1 2.12261e-08 -2.11895e-08 0 2.12261e-08 1 2.10703e-08 0 -2.11895e-08 2.10703e-08 1 0 
0.999998 0.000885201 0.00166804 -0.0209319 -0.000883613 0.999999 -0.000927255 -0.0213227 -0.0016689 0.000925822 0.999998 1.20976 
0.999995 0.00124755 0.00307105 -0.0408712 -0.00124617 0.999999 -0.000439648 -0.0399461 -0.00307164 0.000435861 0.999995 2.42424 
0.999992 0.000437846 0.00407083 -0.0583604 -0.000436941 1 -0.000212706 -0.0600326 -0.00407097 0.000210968 0.999992 3.63277 
0.999989 0.000476085 0.00462441 -0.0739177 -0.000476039 1 -2.03249e-06 -0.0757641 -0.00462446 -1.26894e-07 0.999989 4.84083 
0.999986 0.00059944 0.00526481 -0.0801189 -0.000598861 1 -0.000103438 -0.0914263 -0.00526492 0.000100326 0.999986 6.06296 
0.999983 0.000850864 0.00584659 -0.0901102 -0.000844937 0.999999 -0.00100886 -0.115821 -0.00584749 0.00100395 0.999982 7.26704 
0.999979 0.000581826 0.00646718 -0.0991452 -0.000573034 0.999999 -0.00135459 -0.134606 -0.00646801 0.0013509 0.999978 8.47548 
0.999978 0.000216845 0.00665106 -0.114317 -0.000216756 1 -7.65745e-06 -0.151439 -0.0066511 6.25761e-06 0.999978 9.69144 
0.999986 -0.000321659 0.00536476 -0.128511 0.000316971 1 0.000882577 -0.170954 -0.00536509 -0.000880822 0.999985 10.8895 
0.999994 -0.00153514 0.00297865 -0.147994 0.00153393 0.999999 0.000422677 -0.19154 -0.00297934 -0.000418063 0.999996 12.0941 
0.999998 -0.00140691 0.00114464 -0.176898 0.00140702 0.999999 -5.27053e-05 -0.211741 -0.00114461 5.43579e-05 0.999999 13.3035 
0.999999 -0.00106283 -0.000230335 -0.198943 0.00106282 0.999999 -0.00023142 -0.23205 0.000230538 0.000231218 1 14.5111 
0.999999 0.000449355 -0.000998279 -0.224555 -0.000449687 1 -0.000374565 -0.253131 0.000998068 0.000375056 0.999999 15.727 
0.999999 -6.05992e-05 -0.00138048 -0.254701 6.0039e-05 1 -0.000436529 -0.274094 0.00138046 0.000436488 0.999999 16.9469 
0.999998 -0.000740153 -0.00196307 -0.28002 0.000740428 1 0.000117922 -0.296731 0.00196294 -0.000119333 0.999998 18.163 
0.999997 -0.00114029 -0.00233766 -0.30795 0.00114141 0.999999 0.000461434 -0.320563 0.00233709 -0.000464059 0.999997 19.3759 
0.999995 -0.000957642 -0.00295132 -0.329617 0.000956496 1 -0.000404128 -0.343003 0.00295166 0.000401345 0.999996 20.5892 
0.999994 -0.00114023 -0.0033729 -0.361913 0.00113583 0.999999 -0.00131637 -0.359229 0.00337435 0.00131258 0.999993 21.8076 
0.999991 -0.000725647 -0.00421543 -0.39564 0.000722627 1 -0.000727793 -0.382332 0.00421591 0.000724783 0.999991 23.0094 
0.999988 -0.000741191 -0.00480386 -0.427423 0.000736963 0.999999 -0.000890804 -0.403353 0.00480448 0.000887296 0.999988 24.2212 
0.999984 -0.000791497 -0.00557763 -0.457491 0.000782328 0.999998 -0.00165346 -0.424096 0.00557888 0.00164911 0.999983 25.4371 
0.999977 -0.000598379 -0.00669942 -0.483465 0.00059269 0.999999 -0.00085742 -0.447595 0.00669989 0.000853472 0.999977 26.6461 
0.999971 -0.0018685 -0.00741121 -0.509621 0.00187457 0.999998 0.00080623 -0.467808 0.00740964 -0.000820057 0.999972 27.8548 
0.999961 -0.00212408 -0.00862962 -0.534659 0.00213279 0.999997 0.000995029 -0.488817 0.00862744 -0.00101335 0.999962 29.0657 
0.999951 -0.00294015 -0.00945013 -0.564012 0.00294198 0.999996 0.000175148 -0.510142 0.00944953 -0.000202899 0.999955 30.2696 
0.999941 -0.00349411 -0.0103106 -0.602079 0.00348483 0.999994 -0.000922521 -0.530809 0.0103137 0.000886578 0.999946 31.4908 
0.999934 -0.00303526 -0.0110712 -0.635769 0.00302634 0.999995 -0.000826763 -0.554167 0.0110736 0.000793245 0.999938 32.6969 
0.999923 -0.0039586 -0.0117351 -0.672017 0.00395311 0.999992 -0.000494697 -0.569356 0.0117369 0.000448312 0.999931 33.899 
0.999917 -0.00387685 -0.0123027 -0.710015 0.00387443 0.999993 -0.000223456 -0.58673 0.0123035 0.000175814 0.999924 35.1215 
0.999902 -0.00491835 -0.0131021 -0.741112 0.00491459 0.999988 -0.00032199 -0.610303 0.0131034 0.00025761 0.999914 36.3367 
0.999892 -0.0052948 -0.0136882 -0.783263 0.00529101 0.999986 -0.000315569 -0.632006 0.0136896 0.000243154 0.999906 37.5285 
0.999884 -0.00631702 -0.013886 -0.816813 0.00632176 0.99998 0.000294426 -0.655099 0.0138838 -0.000382133 0.999904 38.7448 
0.999887 -0.00602943 -0.0138046 -0.853684 0.00605068 0.999981 0.00149547 -0.675267 0.0137953 -0.00157878 0.999904 39.9621 
0.99989 -0.00556507 -0.0137408 -0.894696 0.00559787 0.999982 0.00234728 -0.694978 0.0137275 -0.0024239 0.999903 41.1887 
0.999896 -0.00497133 -0.0135598 -0.938165 0.00499668 0.999986 0.00183299 -0.713861 0.0135504 -0.00190051 0.999906 42.4103 
0.999907 -0.00389878 -0.0130346 -0.982173 0.0039219 0.999991 0.00174538 -0.731367 0.0130276 -0.00179629 0.999914 43.6323 
0.999922 -0.00126756 -0.0124411 -1.02284 0.00131137 0.999993 0.00351053 -0.747847 0.0124365 -0.00352653 0.999916 44.8512 
0.99994 -0.00156754 -0.0108479 -1.05773 0.00164053 0.999976 0.00671881 -0.769468 0.0108371 -0.00673617 0.999919 46.0702 
0.999957 -0.00105541 -0.00925979 -1.08502 0.00114234 0.999955 0.00938366 -0.781004 0.00924943 -0.00939379 0.999913 47.3026 
0.999971 -0.00068548 -0.00759059 -1.11601 0.000781645 0.999919 0.0126678 -0.78807 0.00758125 -0.0126733 0.999891 48.5309 
0.999981 -0.00136294 -0.00604088 -1.14717 0.00144705 0.999902 0.0139349 -0.79394 0.00602125 -0.0139434 0.999885 49.7548 
0.999983 -0.00334289 -0.00468371 -1.16992 0.0034003 0.999919 0.0122937 -0.795094 0.00464218 -0.0123094 0.999914 50.9653 
0.99999 -0.00250867 -0.00365192 -1.19516 0.00254755 0.99994 0.0106698 -0.801307 0.00362489 -0.010679 0.999936 52.1718 
0.999993 -0.002227 -0.00304291 -1.21675 0.00225778 0.999946 0.0101355 -0.807457 0.00302013 -0.0101422 0.999944 53.392 
0.999992 -0.00284155 -0.00292796 -1.24237 0.00286978 0.999949 0.00966913 -0.815351 0.00290029 -0.00967741 0.999949 54.6026 
0.999986 -0.00368249 -0.00367768 -1.26905 0.00371457 0.999955 0.00874345 -0.827762 0.00364527 -0.00875695 0.999955 55.8179 
0.99998 -0.00358048 -0.00512578 -1.29885 0.00362653 0.999953 0.00899606 -0.835166 0.00509329 -0.00901443 0.999946 57.0429 
0.999973 -0.00370969 -0.00636086 -1.33001 0.00377512 0.99994 0.0102991 -0.844743 0.00632223 -0.0103228 0.999927 58.2642 
0.999966 -0.00378933 -0.00730953 -1.36455 0.00386752 0.999935 0.0107065 -0.856498 0.00726845 -0.0107344 0.999916 59.4817 
0.999964 -0.0028032 -0.00799192 -1.40049 0.0028855 0.999943 0.0102995 -0.862956 0.00796255 -0.0103221 0.999915 60.6874 
0.999958 -0.0025669 -0.00881775 -1.43013 0.00265648 0.999945 0.0101571 -0.87245 0.00879115 -0.01018 0.99991 61.9021 
0.999956 -0.00339779 -0.00870182 -1.46605 0.00348311 0.999946 0.00980317 -0.884004 0.008668 -0.00983301 0.999914 63.1186 
0.999951 -0.0046048 -0.00872582 -1.49783 0.0046813 0.999951 0.0087624 -0.89386 0.008685 -0.00880278 0.999924 64.3389 
0.999947 -0.00483867 -0.00906483 -1.53138 0.00492958 0.999938 0.0100291 -0.904429 0.00901569 -0.0100732 0.999909 65.5465 
0.999944 -0.00513119 -0.00922778 -1.5644 0.00523721 0.99992 0.0114974 -0.914534 0.009168 -0.0115451 0.999891 66.7552 
0.999948 -0.00463042 -0.00913807 -1.60364 0.00472051 0.99994 0.00985753 -0.923247 0.00909184 -0.00990011 0.99991 67.9661 
0.999956 -0.00276353 -0.00901412 -1.63936 0.00284166 0.999958 0.0086613 -0.932667 0.00898976 -0.00868649 0.999922 69.18 
0.999963 -0.000436862 -0.00864966 -1.68027 0.000514667 0.999959 0.00899012 -0.945162 0.00864534 -0.00899419 0.999922 70.3871 
0.999966 0.00119657 -0.00816932 -1.71895 -0.00112134 0.999957 0.00920253 -0.958222 0.00817994 -0.00919301 0.999924 71.589 
0.999967 0.00263823 -0.00770531 -1.75671 -0.00256399 0.99995 0.00962298 -0.967726 0.00773028 -0.00960287 0.999924 72.7922 
0.999973 0.00315328 -0.00656912 -1.78635 -0.00308225 0.999937 0.0107883 -0.981339 0.00660268 -0.0107677 0.99992 73.9856 
0.999978 0.00493146 -0.00450554 -1.81679 -0.0048791 0.999921 0.0115484 -0.990322 0.00456209 -0.0115261 0.999923 75.1834 
0.999992 0.00366618 -0.0014829 -1.84609 -0.00365211 0.99995 0.00935584 -0.999835 0.00151708 -0.00935031 0.999955 76.3732 
0.999998 0.00101879 0.00145751 -1.86207 -0.00102513 0.99999 0.00439097 -1.01129 -0.00145307 -0.00439242 0.999989 77.5621 
0.99999 0.00193681 0.00411617 -1.88305 -0.0019531 0.99999 0.00396816 -1.02435 -0.00410848 -0.00397611 0.999984 78.7354 
0.999971 0.00209381 0.00733208 -1.90158 -0.00214554 0.999973 0.00705948 -1.03459 -0.00731714 -0.00707496 0.999948 79.9116 
0.999938 0.00305202 0.010676 -1.9112 -0.00313926 0.999962 0.00816831 -1.04477 -0.0106507 -0.00820128 0.99991 81.0894 
0.999882 0.00316687 0.0150333 -1.92012 -0.00326472 0.999974 0.00649192 -1.05811 -0.0150123 -0.00654019 0.999866 82.2638 
0.999819 0.00254148 0.0188346 -1.92387 -0.0026037 0.999991 0.00328224 -1.07127 -0.0188261 -0.00333064 0.999817 83.4237 
0.999741 0.00123982 0.022722 -1.92958 -0.00124 0.999999 -4.45474e-06 -1.09344 -0.022722 -2.368e-05 0.999742 84.6143 
0.999652 0.000673668 0.026372 -1.92345 -0.000649427 0.999999 -0.000926127 -1.11508 -0.0263727 0.00090872 0.999652 85.7879 
0.999542 0.0004004 0.0302686 -1.91171 -0.00042897 1 0.000938825 -1.13934 -0.0302683 -0.000951338 0.999541 86.951 
0.999412 0.00172971 0.0342361 -1.89832 -0.00177634 0.999998 0.00133291 -1.1593 -0.0342338 -0.0013929 0.999413 88.1401 
0.999257 0.00130382 0.0385332 -1.88656 -0.00127525 0.999999 -0.000764741 -1.18001 -0.0385342 0.000715074 0.999257 89.3065 
0.999111 0.00131009 0.0421271 -1.8628 -0.00118324 0.999995 -0.00303468 -1.20055 -0.0421308 0.00298218 0.999108 90.469 
0.998972 0.00125231 0.0453147 -1.83164 -0.00110593 0.999994 -0.00325436 -1.22651 -0.0453185 0.00320094 0.998968 91.6311 
0.998841 -0.000333025 0.0481308 -1.79234 0.00042892 0.999998 -0.00198117 -1.24982 -0.0481301 0.00199956 0.998839 92.795 
0.998718 -0.000811362 0.0506061 -1.74618 0.00083906 1 -0.00052522 -1.26792 -0.0506057 0.000567049 0.998719 93.9673 
0.998578 -0.00151386 0.0532922 -1.70353 0.00144849 0.999998 0.00126611 -1.28883 -0.053294 -0.00118708 0.998578 95.1404 
0.998446 -0.00287278 0.0556481 -1.65423 0.00275368 0.999994 0.00221752 -1.30445 -0.0556541 -0.0020608 0.998448 96.3093 
0.99832 -0.00378729 0.0578265 -1.60175 0.00379502 0.999993 -2.29938e-05 -1.32329 -0.057826 0.000242449 0.998327 97.483 
0.998186 -0.0053364 0.059972 -1.54522 0.0055728 0.999977 -0.00377454 -1.34089 -0.0599506 0.00410195 0.998193 98.6512 
0.998062 -0.00468299 0.0620448 -1.50002 0.00509844 0.999966 -0.00653861 -1.36582 -0.0620121 0.00684231 0.998052 99.8191 
0.997961 -0.0045261 0.0636591 -1.44637 0.00500221 0.999961 -0.007321 -1.39411 -0.0636235 0.00762455 0.997945 101.014 
0.997935 -0.00440486 0.0640841 -1.39663 0.00484298 0.999966 -0.00668219 -1.41955 -0.0640525 0.00697879 0.997922 102.212 
0.99799 -0.00445022 0.0632145 -1.32973 0.00477336 0.999976 -0.00496088 -1.44251 -0.063191 0.0052527 0.997988 103.433 
0.998082 -0.0051963 0.0616835 -1.2684 0.00543955 0.999978 -0.00377562 -1.45674 -0.0616626 0.00410395 0.998089 104.66 
0.998196 -0.00485095 0.059836 -1.21937 0.00503117 0.999983 -0.00286096 -1.4813 -0.0598212 0.00315689 0.998204 105.875 
0.998343 -0.00452405 0.0573589 -1.1693 0.00466945 0.999986 -0.0024004 -1.50169 -0.0573473 0.0026643 0.998351 107.095 
0.998509 -0.00393619 0.0544481 -1.12856 0.00407942 0.999989 -0.00251885 -1.5213 -0.0544376 0.00273725 0.998513 108.335 
0.998706 -0.00239405 0.0508053 -1.08719 0.00255693 0.999992 -0.00314047 -1.54133 -0.0507975 0.00326635 0.998704 109.572 
0.9989 -0.00215055 0.0468379 -1.04674 0.00228543 0.999993 -0.00282533 -1.55822 -0.0468316 0.00292931 0.998899 110.8 
0.999083 -0.00157696 0.0427806 -1.01234 0.00165636 0.999997 -0.00181962 -1.58068 -0.0427777 0.00188886 0.999083 112.043 
0.999252 -0.00111949 0.0386619 -0.989313 0.00116203 0.999999 -0.00107657 -1.60039 -0.0386606 0.00112073 0.999252 113.28 
0.999407 -0.00115961 0.0344188 -0.974637 0.00117368 0.999999 -0.000387398 -1.62582 -0.0344184 0.000427607 0.999407 114.533 
0.999559 -0.000575321 0.0296849 -0.963309 0.000585027 1 -0.000316827 -1.64926 -0.0296848 0.000334095 0.999559 115.784 
0.999692 0.000103456 0.0248083 -0.951837 -9.12671e-05 1 -0.000490732 -1.66581 -0.0248084 0.000488358 0.999692 117.029 
0.999801 0.000527725 0.0199545 -0.960111 -0.000511559 1 -0.000813101 -1.68461 -0.0199549 0.000802772 0.999801 118.308 
0.999881 0.00170366 0.0153276 -0.964662 -0.0016818 0.999998 -0.00143622 -1.70711 -0.01533 0.00141032 0.999882 119.545 
0.999924 0.00350651 0.0118 -0.970145 -0.00348849 0.999993 -0.00154369 -1.72666 -0.0118054 0.00150245 0.999929 120.79 
0.999938 0.00565952 0.00961874 -0.982771 -0.00564498 0.999983 -0.00153302 -1.74809 -0.0096273 0.00147867 0.999953 122.035 
0.999941 0.00684626 0.00841437 -0.986342 -0.00683091 0.999975 -0.00184588 -1.76861 -0.00842683 0.00178834 0.999963 123.298 
0.999933 0.00885091 0.007452 -1.00111 -0.00883782 0.999959 -0.00178167 -1.78646 -0.0074675 0.00171574 0.999971 124.559 
0.999927 0.0102149 0.00653483 -1.01981 -0.0102085 0.999947 -0.000993991 -1.80608 -0.00654468 0.000927249 0.999978 125.815 
0.99993 0.0102014 0.00608053 -1.03854 -0.0101979 0.999948 -0.000595163 -1.82762 -0.00608632 0.000533154 0.999981 127.074 
0.99989 0.0139284 0.00505454 -1.05793 -0.0139351 0.999902 0.00129929 -1.84283 -0.00503599 -0.00136954 0.999986 128.327 
0.99988 0.0148433 0.00447397 -1.08053 -0.0148632 0.99988 0.00444351 -1.85973 -0.00440752 -0.00450943 0.99998 129.606 
0.9999 0.0136259 0.00377709 -1.09999 -0.013641 0.999899 0.0039999 -1.87328 -0.00372225 -0.00405098 0.999985 130.869 
0.999901 0.0136789 0.00326436 -1.12284 -0.0136871 0.999903 0.00251588 -1.88721 -0.00322967 -0.00256027 0.999992 132.134 
0.999936 0.0109852 0.0025579 -1.14566 -0.0109939 0.999934 0.0034622 -1.89907 -0.00251974 -0.00349006 0.999991 133.422 
0.999959 0.00896446 0.00153529 -1.16876 -0.00897251 0.999945 0.00535053 -1.91328 -0.00148728 -0.00536404 0.999985 134.705 
0.999986 0.00521808 0.00103966 -1.1848 -0.0052254 0.99996 0.00720763 -1.92904 -0.00100205 -0.00721292 0.999974 136 
0.999994 0.00342805 0.000705054 -1.20515 -0.0034337 0.99996 0.0082437 -1.94231 -0.000676809 -0.00824603 0.999966 137.272 
1 -0.000639402 0.000727894 -1.2147 0.000634638 0.999978 0.00658446 -1.95683 -0.000732131 -0.00658396 0.999978 138.564 
0.999995 -0.00317363 0.00078117 -1.23296 0.00316926 0.999979 0.0055812 -1.96788 -0.000798909 -0.00557865 0.999984 139.844 
0.999989 -0.00454844 0.000997457 -1.2541 0.00454322 0.999976 0.00521265 -1.97883 -0.00102118 -0.00520802 0.999986 141.135 
0.999988 -0.00465779 0.00162357 -1.27886 0.0046486 0.999973 0.00564203 -1.99404 -0.00164985 -0.00563438 0.999983 142.419 
0.99999 -0.00384961 0.00231848 -1.30346 0.00383189 0.999964 0.0076184 -2.00653 -0.00234777 -0.00760939 0.999968 143.703 
0.999995 -0.00150398 0.0028956 -1.32167 0.00147766 0.999958 0.00908447 -2.01993 -0.00290918 -0.0090801 0.999955 144.996 
0.999992 -0.00161148 0.00365476 -1.34151 0.00158427 0.999971 0.00744888 -2.03509 -0.0036667 -0.00744298 0.999966 146.291 
0.999991 -0.000987618 0.00404049 -1.36167 0.000964876 0.999984 0.00563702 -2.05138 -0.00404603 -0.00563303 0.999976 147.572 
0.999989 -0.00113505 0.00463907 -1.37982 0.00112055 0.999994 0.00313686 -2.06865 -0.00464265 -0.00313158 0.999984 148.867 
0.999985 -0.00238109 0.00495636 -1.39725 0.00238568 0.999997 -0.00091191 -2.08969 -0.00495422 0.000923763 0.999987 150.153 
0.999983 -0.00244823 0.00536667 -1.41474 0.00247164 0.999988 -0.00435334 -2.1159 -0.00535598 0.00436657 0.999976 151.445 
0.999981 -0.00248262 0.00564464 -1.43499 0.00251266 0.999983 -0.00531231 -2.1432 -0.0056314 0.00532644 0.99997 152.732 
0.99998 -0.00269192 0.00580482 -1.45518 0.00272133 0.999984 -0.00505719 -2.17247 -0.00579116 0.00507292 0.99997 154.013 
0.999982 -0.0022081 0.00564892 -1.47057 0.00223365 0.999987 -0.00451335 -2.20236 -0.00563893 0.00452593 0.999974 155.303 
0.999984 -0.00148073 0.00550381 -1.48811 0.00149958 0.999993 -0.00341466 -2.23161 -0.00549876 0.0034229 0.999979 156.588 
0.999987 -0.000960504 0.00492544 -1.4972 0.000975024 0.999995 -0.00293777 -2.2583 -0.00492264 0.00294257 0.999984 157.874 
0.99999 -0.000898525 0.00432375 -1.51899 0.000912733 0.999994 -0.00327514 -2.28367 -0.00432082 0.0032791 0.999985 159.165 
0.999994 -0.000322074 0.0035382 -1.53375 0.000333166 0.999995 -0.00312281 -2.30813 -0.00353722 0.00312401 0.999989 160.45 
0.999996 -0.000910322 0.00280372 -1.54844 0.000915628 0.999998 -0.00187668 -2.33555 -0.00280204 0.00187928 0.999994 161.733 
0.999997 0.000348559 0.00224025 -1.57024 -0.000345077 0.999999 -0.00153579 -2.36385 -0.00224083 0.00153505 0.999996 163.007 
0.999998 0.000792583 0.00162467 -1.59123 -0.000788365 0.999996 -0.00256876 -2.3872 -0.00162674 0.00256752 0.999995 164.3 
0.999999 0.00133781 0.00108729 -1.61596 -0.00133374 0.999992 -0.00369523 -2.41534 -0.00109226 0.00369382 0.999993 165.572 
0.999998 0.00222037 0.000265959 -1.64066 -0.00221931 0.99999 -0.00376886 -2.44222 -0.000274367 0.00376831 0.999993 166.836 
0.999998 0.00174688 -0.000479764 -1.66478 -0.001749 0.999988 -0.00454917 -2.47391 0.000471769 0.00455005 0.99999 168.107 
0.999997 0.00206216 -0.00130237 -1.69125 -0.00206935 0.999982 -0.00558359 -2.50204 0.00129079 0.00558631 0.999984 169.393 
0.999996 0.00228553 -0.00190169 -1.71923 -0.00229564 0.999983 -0.0053517 -2.52975 0.00188938 0.00535608 0.999984 170.686 
0.999995 0.00228012 -0.00239352 -1.75075 -0.00228979 0.999989 -0.00406385 -2.56012 0.00238419 0.00406935 0.999989 171.97 
0.999993 0.00198526 -0.00328276 -1.7769 -0.00199692 0.999992 -0.00356717 -2.5908 0.00327561 0.00357374 0.999988 173.241 
0.999989 0.00248776 -0.00396035 -1.80674 -0.00250073 0.999992 -0.00328496 -2.61706 0.00395211 0.00329487 0.999987 174.529 
0.999985 0.00269772 -0.00469923 -1.83686 -0.00271138 0.999992 -0.0029118 -2.64596 0.0046913 0.00292454 0.999985 175.809 
0.999983 0.00296281 -0.00506268 -1.87017 -0.00298236 0.999988 -0.00386751 -2.67095 0.00505112 0.00388258 0.99998 177.093 
0.999977 0.00374113 -0.00559103 -1.90246 -0.00376422 0.999984 -0.00413319 -2.70212 0.00557544 0.00415419 0.999976 178.376 
0.999975 0.0038637 -0.00588414 -1.93899 -0.00388608 0.999985 -0.00380452 -2.72888 0.00586931 0.00382733 0.999975 179.653 
0.999976 0.00367689 -0.00594451 -1.97157 -0.00370535 0.999982 -0.00478959 -2.76022 0.00592675 0.00481154 0.999971 180.932 
0.999979 0.00234706 -0.00601882 -2.00216 -0.00238541 0.999977 -0.00637951 -2.78684 0.00600366 0.00639377 0.999962 182.204 
0.999979 -0.000848908 -0.00650741 -2.02248 0.000809011 0.999981 -0.00613781 -2.81801 0.00651245 0.00613245 0.99996 183.484 
0.999975 -0.000579628 -0.00701546 -2.05133 0.000562776 0.999997 -0.00240991 -2.84589 0.0070168 0.00240595 0.999973 184.757 
0.999972 -0.00148902 -0.00728316 -2.07774 0.00150323 0.999997 0.00193961 -2.87081 0.00728021 -0.00195047 0.999972 186.029 
0.999973 -0.000512468 -0.00738438 -2.10122 0.000520738 0.999999 0.00111231 -2.89146 0.00738376 -0.00111608 0.999972 187.298 
0.999974 0.000740092 -0.00722645 -2.13738 -0.000755207 0.999998 -0.002095 -2.91421 0.00722484 0.00210044 0.999972 188.537 
0.99997 0.00116651 -0.00768636 -2.16838 -0.00119631 0.999992 -0.00387831 -2.93909 0.00768173 0.00388743 0.999963 189.783 
0.999968 0.000957136 -0.00791509 -2.19736 -0.000985712 0.999993 -0.00361252 -2.96667 0.00791154 0.00362025 0.999962 191.037 
0.999971 0.000603382 -0.00766151 -2.2337 -0.000620053 0.999997 -0.00217922 -2.99968 0.00766013 0.00218395 0.999968 192.287 
0.999972 0.000809538 -0.00740105 -2.26523 -0.0008093 1 2.9479e-05 -3.02718 0.00740103 -2.34462e-05 0.999973 193.538 
0.999978 5.34603e-05 -0.0066225 -2.29118 -4.7829e-05 1 0.000844103 -3.05351 0.0066225 -0.000843725 0.999978 194.811 
0.999989 0.000103564 -0.00473041 -2.3265 -0.000102021 1 0.000317405 -3.0777 0.0047304 -0.000316877 0.999989 196.058 
0.999993 -0.00116753 -0.00345113 -2.34965 0.00116357 0.999999 -0.00116179 -3.10227 0.00345244 0.00115781 0.999993 197.302 
0.999996 -0.00147113 -0.00229698 -2.37224 0.00146527 0.999996 -0.00257153 -3.12772 0.00230071 0.0025682 0.999994 198.536 
0.999997 -0.00221345 -0.000790741 -2.39832 0.00221109 0.999993 -0.00302506 -3.15785 0.000797389 0.00302335 0.999995 199.782 
0.999998 -0.00175201 0.000725551 -2.42451 0.00175381 0.999996 -0.00242751 -3.1788 -0.000721337 0.00242882 0.999997 201.029 
0.999995 -0.00225907 0.00213587 -2.44473 0.00226029 0.999997 -0.000544653 -3.2043 -0.00213467 0.00054952 0.999998 202.274 
0.999994 -0.00135934 0.0033477 -2.46907 0.00135991 0.999999 -0.000155737 -3.23171 -0.00334752 0.000160331 0.999994 203.498 
0.999989 -0.00133442 0.00452829 -2.4873 0.0013351 0.999999 -0.000137286 -3.25445 -0.00452815 0.000143373 0.99999 204.723 
0.999985 -0.000926312 0.00536202 -2.5003 0.00092644 1 -1.34529e-05 -3.27698 -0.00536205 1.84623e-05 0.999986 205.944 
0.999979 -0.00113344 0.00637173 -2.5118 0.00113145 0.999999 0.00032331 -3.30403 -0.00637214 -0.000316052 0.99998 207.16 
0.999974 -0.000765193 0.00718082 -2.52354 0.000764193 1 0.000147954 -3.32636 -0.00718097 -0.000142421 0.999974 208.363 
0.999969 -0.000950352 0.00781791 -2.53523 0.000948449 1 0.000252611 -3.35003 -0.00781819 -0.000245146 0.999969 209.556 
0.999964 -0.00196325 0.00825582 -2.53302 0.00196139 0.999998 0.000238142 -3.3707 -0.00825631 -0.000221899 0.999966 210.765 
0.999963 -0.00216549 0.00833482 -2.53977 0.00215761 0.999997 0.000959491 -3.3914 -0.00833691 -0.00094143 0.999965 211.94 
0.999966 -0.00252041 0.00783694 -2.54248 0.00250511 0.999995 0.00196736 -3.41336 -0.00784191 -0.00194762 0.999967 213.098 
0.999972 -0.00225643 0.00709263 -2.55207 0.0022418 0.999995 0.00207583 -3.44059 -0.00709732 -0.00205983 0.999973 214.224 
0.999976 -0.00178172 0.00667062 -2.56512 0.0017736 0.999998 0.00123001 -3.46304 -0.00667284 -0.00121811 0.999977 215.336 
0.999978 -0.00186922 0.00630391 -2.58385 0.00186566 0.999998 0.000577819 -3.48807 -0.00630502 -0.000566003 0.99998 216.442 
0.999982 -0.00183888 0.00568243 -2.59711 0.00183595 0.999998 0.000528263 -3.51063 -0.00568343 -0.000517779 0.999984 217.523 
0.999989 -0.00239132 0.00416109 -2.60969 0.00238899 0.999997 0.000574031 -3.53384 -0.00416249 -0.000564042 0.999991 218.589 
0.999993 -0.00321279 0.00209456 -2.61564 0.00321012 0.999994 0.00129714 -3.55455 -0.00209875 -0.00129036 0.999997 219.658 
0.99999 -0.00456776 -8.14483e-05 -2.63303 0.00456802 0.999985 0.00299291 -3.57726 6.77339e-05 -0.00299321 0.999996 220.709 
0.999987 -0.00449085 -0.00262623 -2.64585 0.00450318 0.999979 0.00469491 -3.59795 0.00260505 -0.00470663 0.999986 221.751 
0.999979 -0.00415958 -0.00501493 -2.66758 0.00418394 0.99998 0.00484771 -3.61783 0.00499462 -0.00486854 0.999976 222.784 
0.999962 -0.00400786 -0.00775743 -2.69019 0.00404255 0.999982 0.00445583 -3.6369 0.00773939 -0.00448698 0.99996 223.792 
0.999934 -0.00406336 -0.0107624 -2.71364 0.00411393 0.999981 0.00467744 -3.6547 0.0107431 -0.00472136 0.999931 224.779 
0.999899 -0.00357725 -0.0137597 -2.74053 0.00365012 0.999979 0.00527154 -3.67519 0.0137405 -0.00532119 0.999891 225.746 
0.999853 -0.00341952 -0.0168003 -2.77083 0.00350627 0.999981 0.00513427 -3.69555 0.0167824 -0.00519238 0.999846 226.684 
0.999791 -0.00361311 -0.0201254 -2.80132 0.00370923 0.999982 0.00473895 -3.71298 0.0201079 -0.00481257 0.999786 227.602 
0.999715 -0.00360607 -0.0236013 -2.83568 0.00370678 0.999984 0.00422306 -3.73181 0.0235857 -0.0043093 0.999713 228.488 
0.999631 -0.00255621 -0.0270268 -2.87239 0.00266576 0.999988 0.00401648 -3.74964 0.0270162 -0.00408701 0.999627 229.359 
0.999539 -0.00220316 -0.0302926 -2.90644 0.00230511 0.999992 0.0033295 -3.76557 0.030285 -0.00339775 0.999536 230.213 
0.999458 -0.000526904 -0.0329298 -2.94674 0.000638752 0.999994 0.00338487 -3.78372 0.0329278 -0.00340402 0.999452 231.04 
0.999433 0.000153191 -0.0336714 -2.98725 -2.27153e-05 0.999993 0.00387409 -3.79892 0.0336717 -0.00387108 0.999425 231.846 
0.999448 0.000438426 -0.0332113 -3.02987 -0.000280099 0.999989 0.00477049 -3.81206 0.033213 -0.00475851 0.999437 232.632 
0.999464 0.00045515 -0.032745 -3.06779 -0.000271609 0.999984 0.0056081 -3.8277 0.032747 -0.00559615 0.999448 233.402 
0.999479 0.00049487 -0.0322773 -3.10667 -0.000329617 0.999987 0.00512362 -3.84067 0.0322794 -0.00511026 0.999466 234.152 
0.999494 0.000915571 -0.0317997 -3.14518 -0.000813728 0.999995 0.00321412 -3.85521 0.0318024 -0.00318658 0.999489 234.894 
0.999528 0.000923704 -0.0307244 -3.18188 -0.000889247 0.999999 0.00113379 -3.8685 0.0307254 -0.00110589 0.999527 235.63 
0.99956 0.000898055 -0.0296626 -3.21498 -0.000905239 1 -0.000230167 -3.88331 0.0296624 0.00025696 0.99956 236.358 
0.999592 0.00154088 -0.0285289 -3.24587 -0.00156217 0.999999 -0.000725409 -3.89643 0.0285277 0.000769723 0.999593 237.091 
0.999641 0.00107392 -0.0267758 -3.27501 -0.00109783 0.999999 -0.000879949 -3.91047 0.0267748 0.000909072 0.999641 237.818 
0.999688 0.00111528 -0.0249725 -3.30526 -0.00114038 0.999999 -0.000992673 -3.92189 0.0249713 0.00102088 0.999688 238.54 
0.999737 0.00119702 -0.0228943 -3.33742 -0.00122188 0.999999 -0.00107334 -3.93651 0.0228929 0.00110107 0.999737 239.265 
0.999777 0.000914628 -0.0210869 -3.35472 -0.000945351 0.999999 -0.00144905 -3.94955 0.0210855 0.0014687 0.999777 239.993 
0.999833 0.00103892 -0.0182321 -3.37767 -0.00106135 0.999999 -0.00122309 -3.96033 0.0182308 0.00124228 0.999833 240.719 
0.999888 6.8859e-05 -0.0149669 -3.3992 -7.79997e-05 1 -0.00061296 -3.97386 0.0149669 0.000614101 0.999888 241.439 
0.999926 -0.00102941 -0.0121058 -3.4166 0.00102747 1 -0.000170063 -3.98913 0.012106 0.000157654 0.999927 242.152 
0.999958 -0.00127726 -0.0091217 -3.42923 0.00127626 0.999999 -0.000120777 -4.00288 0.0091218 0.000109173 0.999958 242.861 
0.99998 -0.00169213 -0.00604003 -3.44306 0.00168961 0.999999 -0.000428816 -4.01616 0.0060407 0.000418644 0.999982 243.556 
0.999994 -0.00185704 -0.00291804 -3.45728 0.00185528 0.999998 -0.000622574 -4.02897 0.00291915 0.000617199 0.999996 244.255 
1 -0.000841215 5.96771e-05 -3.46885 0.000841355 0.999998 -0.00164409 -4.04003 -5.83363e-05 0.00164418 0.999999 244.956 
0.999995 -0.000646805 0.00313317 -3.48127 0.000653819 0.999997 -0.00222479 -4.05298 -0.00313176 0.00222687 0.999993 245.65 
0.999982 -0.00045834 0.00594468 -3.48711 0.000465336 0.999999 -0.00116822 -4.06638 -0.00594418 0.00117101 0.999982 246.355 
0.999962 -0.000290126 0.0086819 -3.4934 0.000295262 1 -0.00058539 -4.08005 -0.00868177 0.000587973 0.999962 247.062 
0.999937 -0.000427638 0.0111774 -3.49841 0.00043625 1 -0.000764273 -4.09273 -0.0111771 0.000769143 0.999937 247.765 
0.999907 -0.000506767 0.0136324 -3.50277 0.000538911 0.999997 -0.00235122 -4.10624 -0.0136312 0.00235839 0.999904 248.469 
0.999884 -0.000348801 0.0152087 -3.50171 0.000422762 0.999988 -0.00485731 -4.11855 -0.0152069 0.00486322 0.999873 249.181 
0.999866 -0.00150869 0.0162739 -3.49986 0.00161228 0.999979 -0.00635143 -4.13237 -0.016264 0.00637687 0.999847 249.897 
0.999865 -0.00169179 0.0163477 -3.49915 0.00180281 0.999975 -0.00677582 -4.14761 -0.0163358 0.00680442 0.999843 250.617 
0.99986 -0.00263416 0.0165007 -3.49729 0.00275379 0.99997 -0.00722881 -4.16519 -0.0164812 0.00727328 0.999838 251.343 
0.999858 -0.00146648 0.0167907 -3.5002 0.00159338 0.99997 -0.00754438 -4.18185 -0.0167792 0.00757011 0.999831 252.076 
0.999851 -0.000669499 0.0172391 -3.50331 0.000810565 0.999966 -0.00817474 -4.19566 -0.017233 0.00818754 0.999818 252.819 
0.999841 -0.00150435 0.0177968 -3.51291 0.00168015 0.99995 -0.00986493 -4.21819 -0.0177811 0.0098933 0.999793 253.584 
0.999816 -0.00533265 0.0184184 -3.51671 0.00555489 0.999912 -0.0120339 -4.23327 -0.0183527 0.0121341 0.999758 254.348 
0.999774 -0.0085808 0.0194744 -3.51645 0.00883015 0.99988 -0.012752 -4.25109 -0.0193627 0.0129212 0.999729 255.11 
0.99977 -0.00620193 0.0205487 -3.52927 0.00638428 0.999941 -0.00881803 -4.27253 -0.0204928 0.00894722 0.99975 255.903 
0.999768 -0.00254642 0.0214022 -3.53861 0.00260503 0.999993 -0.00270885 -4.29016 -0.0213952 0.00276402 0.999767 256.696 
0.999746 -0.00308695 0.0223266 -3.53285 0.00306902 0.999995 0.000838893 -4.30725 -0.0223291 -0.000770118 0.99975 257.488 
0.999689 -0.00417283 0.0245848 -3.52123 0.00420342 0.99999 -0.00119084 -4.32072 -0.0245797 0.00129385 0.999697 258.278 
0.999576 -0.00297008 0.0289774 -3.5192 0.00318693 0.999967 -0.00743851 -4.33191 -0.0289544 0.00752775 0.999552 259.065 
0.999458 -0.000797893 0.0329203 -3.51307 0.00116319 0.999938 -0.0110775 -4.34601 -0.0329095 0.0111099 0.999397 259.87 
0.999349 0.000626441 0.0360753 -3.49833 -0.000237527 0.999942 -0.0107827 -4.36605 -0.03608 0.0107672 0.999291 260.693 
0.999217 -0.00101299 0.0395458 -3.48117 0.00134494 0.999964 -0.00836719 -4.38621 -0.0395359 0.00841387 0.999183 261.529 
0.999079 -0.00416933 0.0427065 -3.45628 0.00439421 0.999977 -0.00517216 -4.40396 -0.042684 0.0053551 0.999074 262.371 
0.998932 -0.00631921 0.045781 -3.43332 0.00649756 0.999972 -0.00374698 -4.41673 -0.0457561 0.00404048 0.998945 263.211 
0.998796 -0.00583388 0.0487124 -3.4035 0.00600492 0.999976 -0.0033646 -4.4312 -0.0486917 0.0036531 0.998807 264.055 
0.998674 -0.00352346 0.0513692 -3.37551 0.00381234 0.999978 -0.00552586 -4.44792 -0.0513486 0.00571441 0.998664 264.909 
0.998557 -0.00265274 0.0536406 -3.34377 0.00307887 0.999964 -0.00786231 -4.46408 -0.0536179 0.00801615 0.998529 265.747 
0.998416 -0.00216072 0.0562224 -3.31186 0.00261247 0.999965 -0.00796215 -4.48097 -0.0562032 0.00809646 0.998387 266.592 
0.99824 -0.00100669 0.0593 -3.27803 0.00137038 0.999981 -0.00609192 -4.4969 -0.0592928 0.0061625 0.998222 267.446 
0.99804 0.000530248 0.0625708 -3.24197 -0.000248425 0.99999 -0.00451107 -4.51647 -0.0625726 0.00448672 0.99803 268.301 
0.99784 0.00118152 0.065687 -3.20791 -0.00087554 0.999989 -0.00468601 -4.53398 -0.0656918 0.00461841 0.997829 269.154 
0.997648 0.0011407 0.0685338 -3.16934 -0.00079106 0.999987 -0.00512804 -4.55164 -0.0685387 0.0050618 0.997636 270.002 
0.997454 -0.000572516 0.0713117 -3.1223 0.00097125 0.999984 -0.00555625 -4.56955 -0.0713074 0.00561141 0.997439 270.85 
0.997288 -0.00369751 0.0735066 -3.07647 0.00406466 0.99998 -0.00484519 -4.58527 -0.0734872 0.00513087 0.997283 271.708 
0.997199 -0.00464942 0.0746565 -3.02734 0.00503106 0.999975 -0.00492416 -4.60649 -0.0746318 0.00528601 0.997197 272.567 
0.997119 -0.00555329 0.0756445 -2.98366 0.00594093 0.99997 -0.00489983 -4.6255 -0.0756151 0.00533516 0.997123 273.423 
0.997076 -0.00590946 0.0761918 -2.93413 0.00629208 0.999969 -0.00478224 -4.64357 -0.0761612 0.0052477 0.997082 274.28 
0.997086 -0.00587583 0.0760624 -2.88227 0.00621492 0.999972 -0.00422142 -4.66383 -0.0760355 0.00468188 0.997094 275.149 
0.997108 -0.00537825 0.0758116 -2.84001 0.00568675 0.999976 -0.00385344 -4.68041 -0.0757892 0.00427346 0.997115 276.004 
0.997194 -0.00562794 0.0746536 -2.78963 0.00599455 0.999971 -0.0046871 -4.70091 -0.0746251 0.0051215 0.997199 276.863 
0.997318 -0.00544103 0.0729844 -2.74542 0.00586698 0.999967 -0.00562251 -4.71882 -0.0729514 0.00603567 0.997317 277.724 
0.997441 -0.00459926 0.0713435 -2.69999 0.00506676 0.999967 -0.00637266 -4.73762 -0.0713119 0.00671787 0.997431 278.58 
0.997546 -0.00327238 0.0699347 -2.66094 0.00374791 0.999971 -0.00666887 -4.76045 -0.0699108 0.00691466 0.997529 279.435 
0.997669 -0.00201648 0.0682056 -2.62 0.00248409 0.999974 -0.00677108 -4.78251 -0.0681902 0.00692477 0.997648 280.29 
0.997798 -0.0015104 0.0663157 -2.58702 0.00193468 0.999978 -0.00633354 -4.80122 -0.0663048 0.00644793 0.997779 281.148 
0.997974 -0.00190137 0.0635997 -2.55144 0.00220739 0.999986 -0.00474101 -4.82359 -0.0635899 0.00487183 0.997964 282.003 
0.998208 -0.00324116 0.0597582 -2.52064 0.00338896 0.999991 -0.00237142 -4.8449 -0.0597501 0.00256973 0.99821 282.856 
0.998461 -0.00430692 0.0552962 -2.49087 0.00434891 0.99999 -0.000638361 -4.86525 -0.0552929 0.000877897 0.99847 283.703 
0.998699 -0.00510887 0.0507297 -2.46778 0.00507592 0.999987 0.000779225 -4.88208 -0.0507331 -0.000520671 0.998712 284.539 
0.998924 -0.00514986 0.0460919 -2.44555 0.0050927 0.999986 0.00135832 -4.90085 -0.0460982 -0.00112209 0.998936 285.373 
0.999125 -0.0057637 0.0414263 -2.42841 0.00568971 0.999982 0.00190478 -4.91689 -0.0414366 -0.00166736 0.99914 286.187 
0.999301 -0.00694399 0.0367445 -2.41306 0.00687064 0.999974 0.00212334 -4.93141 -0.0367583 -0.00186935 0.999322 287 
0.999436 -0.00692192 0.0328626 -2.40983 0.0068646 0.999975 0.00185805 -4.94966 -0.0328747 -0.00163137 0.999458 287.795 
0.999548 -0.00649268 0.0293653 -2.41372 0.00644528 0.999978 0.00170996 -4.96047 -0.0293758 -0.00151987 0.999567 288.566 
0.99965 -0.0064346 0.0256437 -2.41 0.00639377 0.999978 0.00167549 -4.97766 -0.0256539 -0.00151091 0.99967 289.323 
0.999737 -0.00679709 0.0218882 -2.41327 0.00675784 0.999975 0.00186869 -5.00365 -0.0219004 -0.00172024 0.999759 290.09 
0.999814 -0.00757159 0.0177248 -2.41519 0.00755218 0.999971 0.00116434 -5.0183 -0.0177332 -0.00103022 0.999842 290.821 
0.9999 -0.00604913 0.0128093 -2.42268 0.00605317 0.999982 -0.00027355 -5.0381 -0.0128075 0.000351102 0.999918 291.528 
0.999968 -0.0047357 0.00640671 -2.4403 0.00474981 0.999986 -0.00218161 -5.05443 -0.00639633 0.00221202 0.999977 292.212 
0.999991 -0.00380544 -0.00183946 -2.47011 0.0037983 0.999985 -0.00388906 -5.07077 0.00185419 0.00388208 0.999991 292.886 
0.999915 -0.00402259 -0.0124266 -2.49409 0.00396137 0.99998 -0.00495092 -5.08968 0.0124463 0.00490131 0.999911 293.557 
0.999664 -0.00366443 -0.0256788 -2.53454 0.00353179 0.99998 -0.00521033 -5.10764 0.0256973 0.00511793 0.999657 294.202 
0.999099 -0.00253773 -0.042375 -2.589 0.00234372 0.999987 -0.00462849 -5.12519 0.0423861 0.00452505 0.999091 294.832 
0.99806 -9.31935e-05 -0.062258 -2.65561 -0.000148407 0.999993 -0.00387665 -5.14314 0.0622578 0.00387842 0.998053 295.471 
0.996398 0.00143085 -0.0847894 -2.74535 -0.00177555 0.999991 -0.0039906 -5.15693 0.0847828 0.00412682 0.996391 296.087 
0.9939 0.00275057 -0.110248 -2.83912 -0.00324227 0.999986 -0.00428124 -5.16602 0.110235 0.00461262 0.993895 296.696 
0.990363 0.00382846 -0.13844 -2.94869 -0.00441655 0.999983 -0.00394134 -5.18014 0.138423 0.00451483 0.990363 297.295 
0.985561 0.00486826 -0.169249 -3.07655 -0.00542656 0.999981 -0.00283649 -5.18931 0.169232 0.00371402 0.985569 297.86 
0.979042 0.00466531 -0.203604 -3.21204 -0.00498655 0.999987 -0.00106499 -5.20018 0.203597 0.002058 0.979053 298.427 
0.970719 0.00458755 -0.240175 -3.36741 -0.00456128 0.999989 0.000665107 -5.2113 0.240176 0.000449923 0.970729 298.977 
0.9604 0.00580157 -0.278565 -3.53498 -0.0051363 0.999982 0.00311787 -5.22243 0.278578 -0.00156356 0.960412 299.518 
0.947984 0.00716627 -0.318236 -3.72712 -0.00563978 0.999968 0.00571774 -5.23631 0.318267 -0.0036255 0.947994 300.042 
0.933318 0.00778702 -0.358967 -3.93599 -0.0052816 0.999954 0.00795958 -5.25882 0.359012 -0.00553286 0.933317 300.555 
0.916169 0.00770846 -0.400718 -4.15694 -0.0041666 0.999944 0.00970928 -5.26631 0.400771 -0.00722566 0.91615 301.058 
0.896231 0.00725498 -0.443528 -4.4013 -0.00252625 0.999934 0.0112515 -5.28031 0.44358 -0.00896347 0.89619 301.546 
0.873232 0.00645341 -0.487263 -4.65407 -0.000710535 0.999928 0.0119698 -5.28153 0.487305 -0.0101062 0.873173 301.998 
0.847294 0.00573934 -0.531093 -4.94044 0.00143729 0.999913 0.0130987 -5.28555 0.531122 -0.0118617 0.847212 302.44 
0.818275 0.00603621 -0.574796 -5.24735 0.00301725 0.999886 0.0147956 -5.29202 0.57482 -0.0138411 0.818163 302.853 
0.78584 0.00738455 -0.618386 -5.57333 0.00259915 0.99988 0.0152432 -5.29378 0.618425 -0.0135859 0.785727 303.251 
0.750307 0.00650138 -0.661057 -5.92294 0.00487705 0.99987 0.015369 -5.29991 0.661071 -0.0147554 0.750178 303.621 
0.711745 0.0055439 -0.702417 -6.29719 0.00911418 0.999812 0.0171263 -5.30128 0.702379 -0.0185915 0.71156 303.924 
0.668862 0.00472482 -0.743372 -6.68537 0.0153518 0.999679 0.0201669 -5.29581 0.743228 -0.0249009 0.668574 304.199 
0.621691 0.00531277 -0.783245 -7.08935 0.0195407 0.999561 0.0222902 -5.29383 0.783019 -0.0291627 0.621314 304.439 
0.570855 0.00901318 -0.821002 -7.51076 0.0188171 0.999534 0.0240569 -5.28877 0.820836 -0.0291818 0.570419 304.665 
0.517874 0.0151063 -0.855324 -7.92917 0.0142832 0.999552 0.0263017 -5.28312 0.855338 -0.0258377 0.517426 304.849 
0.462002 0.0189873 -0.886676 -8.34037 0.0116837 0.999554 0.0274922 -5.27728 0.886802 -0.0230611 0.461574 305.025 
0.404361 0.0213122 -0.914351 -8.7604 0.0110774 0.999541 0.0281967 -5.27189 0.914532 -0.0215302 0.403939 305.163 
0.345204 0.0231974 -0.938241 -9.16872 0.012984 0.999481 0.0294887 -5.2642 0.938438 -0.0223617 0.344724 305.284 
0.285141 0.0265343 -0.958118 -9.58056 0.0151928 0.999366 0.0321981 -5.25913 0.958365 -0.0237374 0.284558 305.386 
0.223992 0.0300944 -0.974126 -9.999 0.0174235 0.99924 0.0348767 -5.2455 0.974435 -0.0247847 0.223298 305.463 
0.15998 0.0335101 -0.986551 -10.4259 0.0198914 0.999111 0.0371623 -5.24025 0.98692 -0.0255691 0.159172 305.512 
0.0945692 0.0373469 -0.994818 -10.8696 0.0204353 0.999013 0.039447 -5.22716 0.995309 -0.0240598 0.0937127 305.522 
0.0280352 0.0429715 -0.998683 -11.3221 0.0222916 0.9988 0.0436024 -5.21361 0.999358 -0.0234846 0.0270437 305.505 
-0.0400471 0.0499001 -0.997951 -11.79 0.0241312 0.998509 0.0489596 -5.20045 0.998906 -0.0221211 -0.0411915 305.455 
-0.108203 0.0564751 -0.992523 -12.2675 0.0264174 0.998196 0.0539179 -5.17787 0.993778 -0.0203858 -0.109499 305.368 
-0.176111 0.0626829 -0.982373 -12.7482 0.0286654 0.997874 0.0585331 -5.15855 0.983953 -0.0178518 -0.177533 305.248 
-0.242815 0.0684307 -0.967656 -13.2308 0.0325836 0.997521 0.0623665 -5.13313 0.969525 -0.0163862 -0.244443 305.091 
-0.307818 0.0725053 -0.948679 -13.7171 0.0365777 0.997257 0.0643497 -5.10549 0.950742 -0.0148925 -0.309626 304.9 
-0.369849 0.0744567 -0.926104 -14.1962 0.0400022 0.997136 0.0641922 -5.0728 0.928231 -0.0133047 -0.371768 304.667 
-0.429213 0.0751558 -0.900071 -14.6726 0.0434712 0.997096 0.0625274 -5.04333 0.902157 -0.0122896 -0.431233 304.401 
-0.484995 0.075096 -0.871287 -15.1451 0.0458238 0.99712 0.0604341 -5.00873 0.873316 -0.0106155 -0.487039 304.095 
-0.536321 0.075051 -0.840671 -15.6146 0.0476983 0.997142 0.0585901 -4.97322 0.842665 -0.00867541 -0.538368 303.751 
-0.582457 0.0749161 -0.809402 -16.0824 0.0490989 0.997168 0.056963 -4.93733 0.811377 -0.00656224 -0.584486 303.372 
-0.622993 0.0755467 -0.778571 -16.5482 0.0501422 0.997135 0.056632 -4.9037 0.780619 -0.00375788 -0.624996 302.96 
-0.659879 0.0790705 -0.7472 -17.0063 0.0545095 0.996865 0.0573514 -4.8699 0.749392 -0.00288452 -0.66212 302.516 
-0.695628 0.0864986 -0.713176 -17.4476 0.0629021 0.996246 0.0594767 -4.84351 0.715643 -0.00348658 -0.698458 302.042 
-0.73042 0.0920751 -0.676763 -17.8929 0.0689849 0.99575 0.0610195 -4.81041 0.679506 -0.00211653 -0.733667 301.525 
-0.762519 0.0937234 -0.640141 -18.3258 0.0718749 0.995598 0.0601505 -4.77613 0.642961 -0.000144157 -0.765899 300.965 
-0.792144 0.0900929 -0.603649 -18.7443 0.071101 0.995933 0.0553373 -4.74084 0.606179 0.000915062 -0.795328 300.367 
-0.818511 0.0875262 -0.567784 -19.1341 0.0721769 0.996162 0.049513 -4.71109 0.569939 -0.000453933 -0.821687 299.734 
-0.842998 0.0825553 -0.531544 -19.5268 0.0705412 0.996586 0.0429076 -4.67543 0.533271 -0.00132469 -0.845943 299.054 
-0.865077 0.0799918 -0.495221 -19.9037 0.0705604 0.996793 0.0377511 -4.64604 0.496652 -0.00228541 -0.867947 298.342 
-0.885129 0.0785113 -0.458676 -20.2599 0.069676 0.996913 0.0361842 -4.62203 0.460101 6.89919e-05 -0.887867 297.592 
-0.90387 0.0745262 -0.421266 -20.5943 0.0665213 0.997216 0.0336891 -4.59703 0.422604 0.00242739 -0.906311 296.804 
-0.920639 0.0740214 -0.383333 -20.9024 0.0671755 0.997252 0.0312355 -4.573 0.384592 0.00300609 -0.923082 295.983 
-0.935898 0.0763724 -0.343894 -21.1936 0.0702166 0.99707 0.0303382 -4.55106 0.345204 0.00424636 -0.938518 295.131 
-0.949008 0.0799448 -0.304948 -21.4542 0.0744419 0.996785 0.0296503 -4.53682 0.306338 0.00543749 -0.951907 294.247 
-0.960277 0.0812517 -0.266959 -21.6754 0.0757959 0.996651 0.0306957 -4.51801 0.268559 0.00924201 -0.963219 293.334 
-0.969715 0.0841576 -0.229282 -21.8739 0.0792113 0.996385 0.0307086 -4.4986 0.231037 0.0116169 -0.972876 292.391 
-0.977658 0.0838681 -0.192744 -22.0398 0.0796789 0.996387 0.0293984 -4.48402 0.194513 0.013384 -0.980809 291.422 
-0.983874 0.0823466 -0.15878 -22.1695 0.079389 0.996533 0.0248918 -4.46503 0.16028 0.011885 -0.987 290.419 
