1 2.12261e-08 -2.11895e-08 0 2.12261e-08 1 2.10703e-08 0 -2.11895e-08 2.10703e-08 1 0 
0.999979 0.000524446 -0.00648524 -0.00920974 -0.000522501 1 0.000294994 -0.000586025 0.00648535 -0.000291557 0.999979 0.0945803 
0.999909 0.00111894 -0.0134652 -0.0212474 -0.00111629 0.999999 0.000200562 -0.00190262 0.0134654 -0.00018547 0.999909 0.193004 
0.999778 0.00129813 -0.02104 -0.0333749 -0.00130682 0.999999 -0.000401112 -0.00341031 0.0210394 0.000428561 0.999779 0.295065 
0.999539 0.00189845 -0.0303169 -0.0481385 -0.00195293 0.999997 -0.00176884 -0.00418846 0.0303134 0.00182727 0.999539 0.403841 
0.999122 0.00208092 -0.0418419 -0.0662186 -0.00221817 0.999992 -0.0032352 -0.0057608 0.0418348 0.00332522 0.999119 0.521476 
0.99846 0.00194189 -0.0554385 -0.0901222 -0.00217904 0.999989 -0.00421827 -0.00429455 0.0554296 0.00433262 0.998453 0.651105 
0.997423 0.00201318 -0.0717223 -0.120122 -0.00231895 0.999989 -0.00418082 -0.00543027 0.071713 0.00433641 0.997416 0.794824 
0.995915 0.000507866 -0.0902991 -0.153858 -0.00088571 0.999991 -0.00414479 -0.00677835 0.0902961 0.00420788 0.995906 0.949964 
0.993894 -0.000626054 -0.110341 -0.192702 0.000154902 0.999991 -0.00427883 -0.00935632 0.110343 0.00423566 0.993885 1.11537 
0.991169 -0.000816437 -0.132605 -0.240873 0.000223754 0.99999 -0.00448468 -0.0145033 0.132607 0.00441544 0.991159 1.28993 
0.987664 0.00282416 -0.156565 -0.304234 -0.00379535 0.999975 -0.00590474 -0.0190687 0.156545 0.00642617 0.98765 1.46754 
0.983254 0.0071823 -0.182099 -0.373791 -0.00867616 0.999935 -0.00740848 -0.0247584 0.182034 0.00886438 0.983252 1.65115 
0.977834 0.00999295 -0.209145 -0.451069 -0.0119674 0.999895 -0.00817729 -0.0328763 0.209041 0.010499 0.97785 1.84173 
0.971069 0.0108531 -0.238552 -0.532547 -0.0132255 0.999878 -0.00834667 -0.0355702 0.238432 0.0112602 0.971094 2.03874 
0.963005 0.0126941 -0.269186 -0.62921 -0.0153752 0.999851 -0.00785406 -0.037877 0.269046 0.0117023 0.963056 2.24293 
0.953491 0.0145452 -0.30107 -0.736282 -0.0174254 0.999825 -0.00688344 -0.0383306 0.300917 0.0118096 0.953577 2.44819 
0.942105 0.0164082 -0.334916 -0.847319 -0.0195145 0.999792 -0.00591169 -0.0373958 0.33475 0.0121052 0.942229 2.65571 
0.929512 0.0187345 -0.368317 -0.969433 -0.0222886 0.999737 -0.00539741 -0.0399447 0.368119 0.0132263 0.929685 2.8596 
0.91539 0.0214163 -0.401997 -1.09861 -0.0254425 0.999665 -0.00467842 -0.0397377 0.401762 0.0145104 0.915629 3.06205 
0.899087 0.0218187 -0.437226 -1.23377 -0.0262713 0.999646 -0.00413808 -0.0368211 0.436981 0.0152071 0.899342 3.26596 
0.880314 0.0171491 -0.474082 -1.3733 -0.022074 0.999745 -0.00482479 -0.0345162 0.473878 0.0147122 0.880467 3.47179 
0.858671 0.0120705 -0.512385 -1.52468 -0.0171857 0.999839 -0.00524677 -0.0348025 0.512239 0.013311 0.85874 3.67597 
0.833125 0.0134493 -0.552921 -1.69876 -0.017556 0.999844 -0.00213262 -0.0375063 0.552806 0.0114839 0.833231 3.88044 
0.803398 0.0188061 -0.595146 -1.8924 -0.0222111 0.999752 0.00160812 -0.0414139 0.595028 0.0119269 0.803616 4.0719 
0.769986 0.0218221 -0.637688 -2.09654 -0.0253765 0.999672 0.0035682 -0.0455663 0.637556 0.0134349 0.770287 4.25648 
0.733153 0.0209466 -0.679741 -2.31648 -0.0246039 0.999688 0.00426873 -0.0455227 0.679618 0.0135947 0.73344 4.44106 
0.692653 0.0169023 -0.721073 -2.5481 -0.0185667 0.999812 0.00560116 -0.0459869 0.721032 0.00950831 0.692837 4.62086 
0.649397 0.013303 -0.760333 -2.80156 -0.0129861 0.999895 0.00640306 -0.0466811 0.760339 0.00571566 0.649502 4.79054 
0.604095 0.0128844 -0.796808 -3.0768 -0.0101951 0.999912 0.00843916 -0.0451251 0.796847 0.00302556 0.604174 4.94701 
0.555643 0.0134237 -0.831313 -3.36988 -0.00785558 0.99991 0.0108955 -0.0395885 0.831384 0.000476476 0.555698 5.08828 
0.504421 0.0141453 -0.863342 -3.67894 -0.0061025 0.999899 0.0128172 -0.0379698 0.863437 -0.00119667 0.504456 5.21282 
0.451589 0.0156447 -0.892089 -4.00033 -0.00543292 0.999876 0.0147848 -0.032384 0.89221 -0.00182994 0.451618 5.31688 
0.397025 0.0176453 -0.917638 -4.34119 -0.00411539 0.999839 0.0174454 -0.0271247 0.917799 -0.00314977 0.397034 5.41082 
0.341522 0.0196222 -0.939669 -4.71051 -0.00376501 0.999803 0.0195096 -0.0205261 0.939866 -0.00312504 0.341529 5.49027 
0.286386 0.0226968 -0.957845 -5.09785 -0.00158394 0.999729 0.0232157 -0.0176688 0.958113 -0.00513144 0.286345 5.55906 
0.232657 0.0245641 -0.972249 -5.49306 0.0029186 0.999659 0.025955 -0.0140544 0.972555 -0.00887615 0.232505 5.61035 
0.181623 0.0250653 -0.983049 -5.90436 0.00548308 0.999634 0.0265012 -0.00936943 0.983353 -0.0102033 0.181419 5.64485 
0.134412 0.0258503 -0.990588 -6.33258 0.00325427 0.999643 0.0265282 -0.00104484 0.99092 -0.00678929 0.134279 5.65044 
0.0918603 0.0261204 -0.995429 -6.77681 0.00131757 0.999652 0.0263528 0.00791542 0.995771 -0.00373228 0.0917939 5.64829 
0.0538132 0.0246291 -0.998247 -7.23478 7.35521e-05 0.999696 0.0246688 0.0174592 0.998551 -0.00140089 0.0537951 5.63676 
0.0192375 0.0219963 -0.999573 -7.70505 0.000933694 0.999757 0.0220183 0.0242507 0.999815 -0.00135683 0.0192122 5.61421 
-0.0123606 0.019204 -0.999739 -8.19609 0.00145529 0.999815 0.0191874 0.0313327 0.999923 -0.0012177 -0.0123862 5.58279 
-0.0388496 0.017348 -0.999095 -8.68886 0.000595999 0.99985 0.017338 0.0355764 0.999245 7.81538e-05 -0.038854 5.53213 
-0.0598282 0.0149584 -0.998097 -9.19792 0.000232731 0.999888 0.0149713 0.0429104 0.998209 0.000663457 -0.0598249 5.47782 
-0.0762449 0.0141065 -0.996989 -9.72581 0.000534285 0.9999 0.0141068 0.0536744 0.997089 0.000542938 -0.0762449 5.41675 
-0.0892498 0.0145869 -0.995902 -10.2742 0.00169805 0.999894 0.0144932 0.0594631 0.996008 -0.000397539 -0.0892651 5.34739 
-0.0987253 0.015611 -0.994992 -10.8376 0.000644976 0.999878 0.0156237 0.064424 0.995115 0.000900746 -0.0987233 5.26815 
-0.10562 0.0169045 -0.994263 -11.4139 -0.00098324 0.999853 0.017104 0.0635539 0.994406 0.00278418 -0.105588 5.19077 
-0.110256 0.0179474 -0.993741 -12.0024 -0.000955686 0.999835 0.0181635 0.0677248 0.993903 0.00295238 -0.11022 5.11263 
-0.111726 0.0186084 -0.993565 -12.6142 0.00147376 0.999827 0.0185599 0.0785614 0.993738 0.00060939 -0.111734 5.03432 
-0.110967 0.020794 -0.993607 -13.2347 0.00354886 0.999783 0.0205269 0.0869427 0.993818 -0.00124832 -0.111017 4.95822 
-0.109679 0.0232487 -0.993695 -13.8753 0.00275151 0.99973 0.0230862 0.0914369 0.993963 -0.00020206 -0.109713 4.87804 
-0.108088 0.023092 -0.993873 -14.5275 0.000544481 0.999731 0.0231689 0.0967467 0.994141 0.00196317 -0.108071 4.79325 
-0.106723 0.0204803 -0.994078 -15.1935 -0.0012173 0.999784 0.0207285 0.10456 0.994288 0.00342234 -0.106675 4.71084 
-0.105556 0.0203064 -0.994206 -15.8731 -0.00140378 0.999787 0.0205694 0.115821 0.994412 0.00356691 -0.105505 4.62932 
-0.103768 0.0228724 -0.994339 -16.5776 -0.000903731 0.999733 0.0230908 0.130814 0.994601 0.00329474 -0.10372 4.54226 
-0.101976 0.0263093 -0.994439 -17.2953 -0.00183298 0.999644 0.026635 0.141694 0.994785 0.00453895 -0.101891 4.45635 
-0.100181 0.0284169 -0.994563 -18.0309 -0.00219539 0.999583 0.0287815 0.150422 0.994967 0.00506684 -0.100077 4.36698 
-0.0984864 0.0276627 -0.994754 -18.7705 -0.00394785 0.999595 0.0281882 0.162973 0.995131 0.00670333 -0.0983373 4.27977 
-0.096654 0.0245604 -0.995015 -19.5218 -0.00606857 0.999662 0.0252647 0.176745 0.9953 0.00848029 -0.0964724 4.18816 
-0.0952684 0.0239478 -0.995164 -20.2859 -0.00659531 0.999673 0.0246878 0.188495 0.99543 0.00891541 -0.0950793 4.09999 
-0.0937801 0.0264254 -0.995242 -21.0705 -0.00399247 0.99963 0.0269181 0.199801 0.995585 0.0064979 -0.0936399 4.0145 
-0.0929205 0.0286597 -0.995261 -21.8538 -0.00168565 0.99958 0.0289415 0.21177 0.995672 0.00436696 -0.0928332 3.93857 
-0.09164 0.0303539 -0.99533 -22.6544 -0.000584092 0.999534 0.0305359 0.223185 0.995792 0.00337971 -0.0915795 3.84994 
-0.0912093 0.0259417 -0.995494 -23.4468 -0.000298257 0.99966 0.0260776 0.228441 0.995832 0.00267547 -0.0911706 3.76741 
-0.0909392 0.0189866 -0.995675 -24.2529 0.00126524 0.99982 0.0189501 0.234802 0.995856 0.00046358 -0.0909469 3.68143 
-0.0911843 0.0145788 -0.995727 -25.0652 0.00438436 0.999889 0.0142383 0.243852 0.995824 -0.00306728 -0.0912381 3.5987 
-0.0917065 0.0153576 -0.995668 -25.8925 0.00563967 0.999873 0.014903 0.250896 0.99577 -0.00424849 -0.0917815 3.50913 
-0.0918829 0.0227849 -0.995509 -26.7344 0.00528541 0.999735 0.0223938 0.254622 0.995756 -0.00320402 -0.091979 3.41657 
-0.0922974 0.0298031 -0.995285 -27.5826 0.00398102 0.999555 0.0295617 0.265033 0.995724 -0.00123374 -0.092375 3.32091 
-0.0926637 0.0350832 -0.995079 -28.4275 0.0020047 0.999384 0.0350483 0.274366 0.995695 0.00125291 -0.0926769 3.22366 
-0.0931719 0.0353437 -0.995023 -29.2734 0.000633856 0.999372 0.0354389 0.287928 0.99565 0.00267124 -0.0931357 3.12693 
-0.093501 0.0318928 -0.995108 -30.1079 0.000450598 0.999488 0.0319909 0.299848 0.995619 0.00254282 -0.0934675 3.03265 
-0.0940611 0.0291344 -0.99514 -30.9418 0.000403104 0.999573 0.029226 0.314533 0.995566 0.00234793 -0.0940326 2.9404 
-0.0943209 0.0303365 -0.99508 -31.7816 -0.00103564 0.999532 0.0305704 0.327108 0.995541 0.00391401 -0.0942454 2.84587 
-0.0942099 0.0326851 -0.995016 -32.624 -0.00166003 0.999454 0.0329881 0.336367 0.995551 0.0047596 -0.0941043 2.74839 
-0.0941954 0.0309589 -0.995072 -33.4585 -0.00220878 0.999507 0.031306 0.346855 0.995551 0.00514682 -0.0940807 2.6525 
-0.093749 0.0257599 -0.995263 -34.2938 -0.00282851 0.999654 0.02614 0.358299 0.995592 0.00526575 -0.0936437 2.55197 
-0.0934953 0.0214609 -0.995388 -35.1274 -0.00393572 0.999752 0.0219247 0.36984 0.995612 0.00596747 -0.0933877 2.45132 
-0.0929843 0.0222175 -0.99542 -35.9656 -0.00339723 0.999738 0.0226312 0.375969 0.995662 0.00548606 -0.0928845 2.35618 
-0.0925809 0.0246678 -0.9954 -36.8079 -0.00218777 0.999686 0.0249775 0.382798 0.995703 0.00449019 -0.0924979 2.26383 
-0.0920455 0.0296086 -0.995315 -37.652 -0.00193136 0.999551 0.0299132 0.390742 0.995753 0.00467573 -0.0919469 2.16644 
-0.0916016 0.0352541 -0.995172 -38.4924 -0.000952383 0.99937 0.0354905 0.402549 0.995795 0.00419881 -0.0915103 2.07623 
-0.091654 0.0383797 -0.995051 -39.3327 -0.00106303 0.999253 0.0386397 0.416704 0.99579 0.0045993 -0.0915447 1.97974 
-0.0913527 0.0381263 -0.995089 -40.1614 -0.000625971 0.999264 0.0383438 0.43421 0.995818 0.00412574 -0.0912617 1.88912 
-0.0914395 0.0336453 -0.995242 -40.9894 -0.000410858 0.999428 0.0338245 0.452628 0.995811 0.00350184 -0.0913733 1.79904 
-0.0911156 0.0293395 -0.995408 -41.8158 -0.00147381 0.999561 0.0295969 0.463792 0.995839 0.00416382 -0.0910324 1.70627 
-0.0909946 0.026344 -0.995503 -42.6447 -0.00527268 0.999623 0.026935 0.475489 0.995837 0.00769995 -0.0908214 1.6067 
-0.0914545 0.0244167 -0.99551 -43.4761 -0.00849563 0.999644 0.0252986 0.486019 0.995773 0.0107712 -0.0912145 1.50761 
-0.0921547 0.0226993 -0.995486 -44.3077 -0.00622535 0.999708 0.0233719 0.489039 0.995725 0.00835112 -0.0919864 1.41379 
-0.0934289 0.0191288 -0.995442 -45.1306 -0.00275673 0.999807 0.0194714 0.49384 0.995622 0.00456339 -0.0933581 1.32735 
-0.0941294 0.0177271 -0.995402 -45.9509 0.00143252 0.999843 0.0176707 0.499464 0.995559 0.000237436 -0.09414 1.2349 
-0.0964455 0.0210313 -0.995116 -46.7786 0.00200351 0.999779 0.0209356 0.505991 0.995336 2.54657e-05 -0.0964663 1.14412 
-0.0982725 0.0273982 -0.994782 -47.6072 0.0044154 0.999623 0.0270954 0.508089 0.99515 -0.00172959 -0.0983565 1.0497 
-0.100332 0.0311344 -0.994467 -48.426 0.00623358 0.99951 0.0306634 0.514116 0.994935 -0.00312254 -0.100477 0.957499 
-0.101921 0.030257 -0.994332 -49.2359 0.00627557 0.999537 0.0297721 0.522559 0.994773 -0.00320557 -0.102064 0.859907 
-0.102949 0.0262853 -0.994339 -50.0342 0.00315483 0.999654 0.0260991 0.527492 0.994682 -0.000450046 -0.102997 0.755223 
-0.104297 0.0224317 -0.994293 -50.8289 -0.00160095 0.999741 0.0227225 0.534957 0.994545 0.00396174 -0.104234 0.649586 
-0.105764 0.0208156 -0.994173 -51.6262 -0.00569306 0.999752 0.021538 0.539819 0.994375 0.00793788 -0.105619 0.541754 
-0.106865 0.0219762 -0.994031 -52.4198 -0.00715608 0.999713 0.0228711 0.542225 0.994248 0.00955752 -0.106677 0.437959 
-0.10798 0.0235789 -0.993873 -53.2055 -0.00683403 0.999678 0.0244591 0.544627 0.99413 0.00943329 -0.107784 0.338609 
-0.109031 0.0229633 -0.993773 -53.989 -0.00871672 0.999673 0.024056 0.549403 0.994 0.0112853 -0.108795 0.234734 
-0.109613 0.0228739 -0.993711 -54.7694 -0.00936079 0.999667 0.0240435 0.552264 0.99393 0.0119374 -0.109362 0.130833 
-0.110219 0.0246024 -0.993603 -55.5486 -0.00751519 0.999644 0.0255857 0.559983 0.993879 0.0102872 -0.109995 0.0291642 
-0.110598 0.0275677 -0.993483 -56.3222 -0.00660327 0.999573 0.0284718 0.565791 0.993843 0.00970919 -0.110368 -0.0699817 
-0.110812 0.0317052 -0.993336 -57.0888 -0.00685221 0.999443 0.0326645 0.573135 0.993818 0.0104262 -0.110533 -0.169959 
-0.111484 0.0338227 -0.99319 -57.8568 -0.00661188 0.999373 0.0347755 0.580672 0.993744 0.0104438 -0.111191 -0.27221 
-0.112231 0.0337632 -0.993108 -58.6203 -0.00615043 0.99938 0.0346715 0.59128 0.993663 0.00999929 -0.111954 -0.375105 
-0.112785 0.0317896 -0.993111 -59.3685 -0.00513039 0.999456 0.0325754 0.601489 0.993606 0.00876911 -0.112561 -0.472209 
-0.113309 0.0284169 -0.993153 -60.1046 -0.00471841 0.999564 0.0291386 0.607681 0.993549 0.00798781 -0.113125 -0.565638 
-0.113359 0.0254171 -0.993229 -60.8315 -0.00483419 0.999647 0.026133 0.615769 0.993542 0.00776391 -0.113196 -0.660978 
-0.112378 0.0230423 -0.993398 -61.5432 -0.00532196 0.999703 0.0237906 0.622289 0.993651 0.00796041 -0.112222 -0.754252 
-0.110222 0.0221325 -0.993661 -62.2486 -0.00731865 0.999707 0.023079 0.62611 0.99388 0.0098161 -0.110027 -0.851273 
-0.106341 0.0230352 -0.994063 -62.9318 -0.00768606 0.999683 0.0239876 0.627596 0.9943 0.0101913 -0.10613 -0.936341 
-0.10076 0.0245821 -0.994607 -63.6019 -0.00685114 0.999654 0.0254009 0.631253 0.994887 0.00937363 -0.100557 -1.01276 
-0.0935913 0.0261384 -0.995268 -64.258 -0.00579856 0.999624 0.0267981 0.63487 0.995594 0.00827923 -0.0934045 -1.08509 
-0.0849235 0.0274848 -0.996008 -64.8956 -0.00669821 0.999581 0.0281545 0.636133 0.996365 0.00906249 -0.0847039 -1.14959 
-0.0732253 0.0290714 -0.996892 -65.5183 -0.00883013 0.999517 0.0297966 0.639658 0.997276 0.0109846 -0.0729333 -1.2058 
-0.0584352 0.0304901 -0.997826 -66.1241 -0.0117876 0.999443 0.0312298 0.645533 0.998222 0.0135869 -0.0580432 -1.24926 
-0.040051 0.0316617 -0.998696 -66.715 -0.0132744 0.999393 0.0322161 0.652266 0.99911 0.0145474 -0.0396063 -1.27689 
-0.0178681 0.0324571 -0.999313 -67.2819 -0.0141256 0.999365 0.0327113 0.656432 0.999741 0.0147004 -0.0173982 -1.28602 
0.00748178 0.0327787 -0.999435 -67.8243 -0.0134834 0.999375 0.0326758 0.662022 0.999881 0.0132314 0.00791907 -1.27237 
0.0366918 0.0324738 -0.998799 -68.3412 -0.0119735 0.999414 0.032054 0.666067 0.999255 0.010783 0.0370591 -1.23715 
0.0708301 0.0324243 -0.996961 -68.8362 -0.0108726 0.999437 0.0317324 0.67306 0.997429 0.00859199 0.0711428 -1.18511 
0.108433 0.0326841 -0.993566 -69.3112 -0.0101661 0.999444 0.0317679 0.678277 0.994052 0.00665602 0.108705 -1.11078 
0.149264 0.0323568 -0.988268 -69.7687 -0.00992468 0.999463 0.0312244 0.683872 0.988748 0.00514761 0.149505 -1.01738 
0.194661 0.0332909 -0.980305 -70.2162 -0.00881088 0.999443 0.0321912 0.689059 0.980831 0.00237103 0.194846 -0.906997 
0.243405 0.0320841 -0.969394 -70.6394 -0.00545783 0.999482 0.0317095 0.68899 0.969909 -0.00242742 0.243454 -0.772729 
0.293848 0.0274677 -0.955457 -71.0417 0.00207151 0.999566 0.0293728 0.690307 0.95585 -0.0106103 0.293664 -0.612241 
0.3457 0.0224189 -0.938077 -71.4318 0.00727688 0.99962 0.0265714 0.691457 0.938317 -0.016012 0.345406 -0.435005 
0.398642 0.0176954 -0.916936 -71.8089 0.0122114 0.999623 0.0246 0.698952 0.917026 -0.0210036 0.398275 -0.237763 
0.450459 0.0173547 -0.892628 -72.1816 0.011781 0.999609 0.0253798 0.705849 0.892719 -0.0219486 0.450079 -0.0230671 
0.499425 0.0160861 -0.866208 -72.5453 0.013094 0.999573 0.0261123 0.714076 0.866258 -0.0243832 0.499001 0.214296 
0.545114 0.0119945 -0.838276 -72.8861 0.0206284 0.999403 0.0277142 0.719564 0.838108 -0.0323997 0.544541 0.477106 
0.589532 0.00570292 -0.807725 -73.2048 0.030861 0.999086 0.0295785 0.7227 0.807155 -0.0423646 0.588817 0.765363 
0.632872 0.000743941 -0.774256 -73.5153 0.03207 0.999116 0.0271738 0.725384 0.773592 -0.0420279 0.632289 1.05558 
0.675043 -0.00398154 -0.737768 -73.8126 0.0285505 0.999377 0.0207297 0.729698 0.737226 -0.035057 0.674737 1.35223 
0.716456 -0.0106337 -0.697551 -74.0964 0.0245818 0.999648 0.0100091 0.735006 0.697199 -0.0243181 0.716465 1.67016 
0.756655 -0.013708 -0.653671 -74.3704 0.0198166 0.999802 0.00197194 0.741132 0.653514 -0.0144456 0.756777 2.01257 
0.794576 -0.0146459 -0.606989 -74.628 0.0180931 0.999836 -0.000440144 0.740405 0.606896 -0.0106325 0.79471 2.38345 
0.829445 -0.0157593 -0.558366 -74.8817 0.0178543 0.999839 -0.00169722 0.737001 0.558303 -0.00856144 0.829593 2.79041 
0.860843 -0.0144116 -0.508667 -75.1181 0.0146069 0.999887 -0.00360909 0.734443 0.508661 -0.00432312 0.860956 3.2159 
0.887521 -0.012769 -0.460591 -75.3404 0.0134469 0.999908 -0.00180954 0.728203 0.460572 -0.00458748 0.887611 3.67787 
0.909301 -0.00639008 -0.41609 -75.548 0.00677592 0.999977 -0.000549428 0.722418 0.416084 -0.00231975 0.909323 4.15638 
0.927283 -0.0020787 -0.374356 -75.7446 0.00144623 0.999997 -0.00197048 0.720601 0.374359 0.00128583 0.927283 4.64992 
0.941142 0.00304414 -0.337999 -75.9286 -0.00336569 0.999994 -0.000365383 0.716 0.337996 0.00148152 0.941146 5.17493 
0.951475 0.00378175 -0.307701 -76.1034 -0.0033669 0.999993 0.00187897 0.708593 0.307706 -0.00075175 0.951481 5.73135 
0.959044 0.00305714 -0.283242 -76.2649 -0.00215868 0.999992 0.00348397 0.704124 0.28325 -0.00272981 0.959042 6.30128 
0.965041 0.00318624 -0.262079 -76.4234 -0.00179154 0.999983 0.00556029 0.702933 0.262093 -0.00489634 0.96503 6.88923 
0.969825 0.00569053 -0.243738 -76.5821 -0.0038021 0.999959 0.0082174 0.701037 0.243774 -0.00704267 0.969806 7.49548 
0.973515 0.0107 -0.228372 -76.7386 -0.00869069 0.999914 0.00980188 0.700199 0.228458 -0.00755752 0.973525 8.11982 
0.976537 0.0143311 -0.214874 -76.8969 -0.0122434 0.999864 0.0110438 0.700348 0.215003 -0.00815385 0.976579 8.76074 
0.979329 0.01303 -0.201854 -77.0358 -0.0110629 0.99988 0.0108702 0.698846 0.201972 -0.00841235 0.979355 9.41822 
0.982055 0.0130934 -0.188142 -77.1679 -0.0113226 0.999881 0.010484 0.698966 0.188257 -0.00816553 0.982086 10.092 
0.98474 0.0133529 -0.173519 -77.2985 -0.011599 0.999871 0.0111178 0.702157 0.173645 -0.0089354 0.984768 10.7807 
0.987084 0.0148426 -0.159513 -77.4205 -0.0131522 0.999846 0.011648 0.70155 0.159661 -0.00939954 0.987127 11.4825 
0.989066 0.0150156 -0.146709 -77.5386 -0.0138548 0.999864 0.0089311 0.696989 0.146823 -0.00680078 0.989139 12.1938 
0.990629 0.0156526 -0.135678 -77.6475 -0.0153006 0.999876 0.00363616 0.691185 0.135718 -0.00152609 0.990746 12.915 
0.991923 0.0140802 -0.126059 -77.7519 -0.0145121 0.999892 -0.00250891 0.689694 0.12601 0.00431807 0.99202 13.6471 
0.992926 0.0139913 -0.11791 -77.8502 -0.014419 0.999892 -0.00277541 0.687983 0.117859 0.00445597 0.99302 14.3975 
0.993679 0.0160827 -0.111104 -77.9505 -0.0157863 0.999869 0.00354695 0.6782 0.111146 -0.00177057 0.993803 15.1569 
0.994129 0.020505 -0.106238 -78.0502 -0.0193729 0.999744 0.0116762 0.668199 0.10645 -0.00954949 0.994272 15.9299 
0.994555 0.0212305 -0.10203 -78.1419 -0.0197533 0.999685 0.0154661 0.662572 0.102326 -0.0133664 0.994661 16.6996 
0.994925 0.0199153 -0.0986251 -78.2287 -0.0185886 0.999724 0.0143523 0.660599 0.0988837 -0.0124461 0.995021 17.46 
0.995232 0.0198958 -0.0954829 -78.3158 -0.0187023 0.999736 0.0133784 0.659621 0.0957238 -0.0115288 0.995341 18.2227 
0.995537 0.0186814 -0.0924998 -78.3994 -0.0173071 0.999728 0.0156368 0.656557 0.0927667 -0.0139661 0.99559 18.9911 
0.995795 0.0166149 -0.0900953 -78.477 -0.0150462 0.999724 0.0180617 0.655176 0.0903704 -0.0166301 0.995769 19.7594 
0.996084 0.0144811 -0.0872156 -78.5515 -0.0127924 0.99972 0.0198902 0.651777 0.0874792 -0.0186966 0.995991 20.5237 
0.996329 0.0137317 -0.0844944 -78.6293 -0.0124015 0.999791 0.0162472 0.64835 0.0846998 -0.0151397 0.996292 21.2821 
0.996431 0.016243 -0.0828289 -78.709 -0.0155524 0.999839 0.00897562 0.643641 0.0829613 -0.00765536 0.996523 22.0323 
0.996559 0.01681 -0.0811622 -78.7833 -0.0167577 0.999859 0.00132463 0.636545 0.081173 4.00672e-05 0.9967 22.7766 
0.996643 0.0176961 -0.0799314 -78.8573 -0.0179726 0.999835 -0.00274148 0.626027 0.0798696 0.0041689 0.996797 23.5247 
0.996791 0.0194986 -0.0776343 -78.9369 -0.0196327 0.999807 -0.000965754 0.612602 0.0776005 0.00248687 0.996981 24.2831 
0.996905 0.0227596 -0.0752465 -79.0149 -0.0226022 0.99974 0.00294152 0.59854 0.0752938 -0.00123163 0.997161 25.041 
0.996974 0.0261325 -0.0732054 -79.0899 -0.0256101 0.99964 0.00806579 0.584951 0.0733897 -0.00616654 0.997284 25.8027 
0.997223 0.023553 -0.0706565 -79.156 -0.0229034 0.999688 0.0099896 0.578106 0.0708697 -0.00834354 0.997451 26.5593 
0.997371 0.0206222 -0.0694708 -79.2192 -0.0199852 0.999752 0.00985157 0.570963 0.0696567 -0.00843724 0.997535 27.313 
0.997475 0.0187768 -0.068497 -79.2796 -0.018136 0.999786 0.00996471 0.561429 0.0686694 -0.00869723 0.997602 28.0637 
0.99756 0.0182758 -0.0673838 -79.3471 -0.0177725 0.99981 0.00806095 0.557973 0.0675183 -0.00684365 0.997695 28.8165 
0.997651 0.0160888 -0.0665937 -79.4083 -0.0156635 0.999854 0.0069034 0.551109 0.0666949 -0.00584405 0.997756 29.5727 
0.997702 0.0151055 -0.0660449 -79.4696 -0.0146749 0.999868 0.00699925 0.543985 0.0661418 -0.00601392 0.997792 30.335 
0.997701 0.0181735 -0.0652829 -79.5402 -0.0176933 0.999812 0.00792624 0.53906 0.0654146 -0.00675291 0.997835 31.1007 
0.997711 0.0175173 -0.0653154 -79.6074 -0.0170883 0.999829 0.00712108 0.531352 0.0654289 -0.00598861 0.997839 31.8741 
0.997615 0.0171041 -0.0668758 -79.6744 -0.0166748 0.999837 0.0069718 0.525631 0.0669841 -0.00583999 0.997737 32.6535 
0.997504 0.0148386 -0.0690376 -79.7385 -0.0143557 0.999869 0.00748474 0.521097 0.0691395 -0.00647493 0.997586 33.4355 
0.997256 0.0166318 -0.0721385 -79.8098 -0.0161455 0.999843 0.00731924 0.515258 0.0722488 -0.0061344 0.997368 34.2309 
0.996986 0.0200809 -0.0749323 -79.8913 -0.0196106 0.999783 0.00700609 0.507266 0.0750566 -0.00551547 0.997164 35.0213 
0.996784 0.020531 -0.0774552 -79.976 -0.0204223 0.999789 0.00219487 0.496661 0.0774839 -0.000605959 0.996993 35.8089 
0.996565 0.0212311 -0.0800443 -80.0566 -0.0214037 0.99977 -0.0012993 0.49066 0.0799983 0.00300813 0.996791 36.6107 
0.99643 0.0201051 -0.0819925 -80.1419 -0.0204108 0.999788 -0.00289311 0.482335 0.0819169 0.00455636 0.996629 37.4253 
0.996254 0.0204332 -0.0840234 -80.229 -0.0206145 0.999787 -0.00129076 0.468914 0.0839791 0.00301807 0.996463 38.2473 
0.996079 0.018995 -0.0864039 -80.3132 -0.0191035 0.999817 -0.000429306 0.456146 0.0863799 0.00207828 0.99626 39.0774 
0.99594 0.0181202 -0.0881802 -80.401 -0.018088 0.999836 0.00116441 0.448924 0.0881868 0.000435362 0.996104 39.9138 
0.995837 0.0177985 -0.0893969 -80.4944 -0.0174358 0.999836 0.00483687 0.439971 0.0894684 -0.00325798 0.995984 40.754 
0.995758 0.0173767 -0.0903546 -80.5841 -0.0165745 0.999816 0.00962051 0.432654 0.0905052 -0.00808207 0.995863 41.6088 
0.995815 0.0174802 -0.0897025 -80.6759 -0.0164777 0.999793 0.0119039 0.424879 0.089892 -0.0103759 0.995898 42.4595 
0.995933 0.0202791 -0.0877909 -80.7699 -0.0193106 0.999743 0.0118661 0.422591 0.0880089 -0.0101225 0.996068 43.318 
0.996086 0.0205501 -0.0859661 -80.8609 -0.0197182 0.99975 0.010515 0.421475 0.0861607 -0.00877869 0.996243 44.1815 
0.996267 0.0179116 -0.0844523 -80.9468 -0.0172772 0.999817 0.00823713 0.417401 0.0845844 -0.00674724 0.996394 45.0464 
0.996475 0.0141957 -0.0826763 -81.028 -0.0136893 0.999884 0.006688 0.411326 0.0827616 -0.0055326 0.996554 45.9234 
0.996648 0.0130435 -0.0807679 -81.1136 -0.0125605 0.9999 0.00648418 0.405759 0.0808443 -0.00544791 0.996712 46.7932 
0.996747 0.0107723 -0.0798698 -81.1966 -0.0100866 0.999909 0.00898388 0.397373 0.0799592 -0.008149 0.996765 47.6667 
0.996847 0.00806713 -0.078941 -81.2775 -0.00717054 0.999907 0.011634 0.38823 0.0790275 -0.0110312 0.996811 48.5399 
0.996903 0.00759514 -0.0782702 -81.3603 -0.00668601 0.999907 0.0118702 0.382195 0.0783531 -0.0113101 0.996862 49.4121 
0.99698 0.00921779 -0.0771108 -81.4466 -0.00857562 0.999926 0.00865436 0.374217 0.0771848 -0.0079669 0.996985 50.2733 
0.997001 0.0115741 -0.0765144 -81.533 -0.0113935 0.999931 0.00279542 0.364646 0.0765414 -0.00191522 0.997065 51.1355 
0.997082 0.0134312 -0.0751465 -81.627 -0.0136683 0.999903 -0.00264208 0.352938 0.0751037 0.00366154 0.997169 51.9929 
0.997074 0.0180438 -0.0742837 -81.7137 -0.0187243 0.999789 -0.00847422 0.333961 0.0741151 0.00984038 0.997201 52.8415 
0.997158 0.0180566 -0.073138 -81.7939 -0.0187892 0.99978 -0.00934202 0.314566 0.0729531 0.0106897 0.997278 53.6963 
0.997213 0.0152097 -0.0730456 -81.8689 -0.0154961 0.999874 -0.00335635 0.300451 0.0729854 0.00447896 0.997323 54.5537 
0.997172 0.0144605 -0.0737459 -81.9443 -0.0140812 0.999885 0.00565943 0.284403 0.0738192 -0.00460494 0.997261 55.4143 
0.997086 0.0133754 -0.0751091 -82.0209 -0.0123945 0.999832 0.0135102 0.268963 0.0752771 -0.0125399 0.997084 56.2733 
0.99693 0.0112815 -0.07748 -82.1005 -0.0104397 0.999882 0.0112612 0.263202 0.0775978 -0.0104177 0.99693 57.1187 
0.99682 0.0060769 -0.0794492 -82.1738 -0.00547296 0.999955 0.00781672 0.255817 0.0794931 -0.007357 0.996808 57.9525 
0.996629 0.00475523 -0.0819 -82.2571 -0.00425686 0.999971 0.00625804 0.247194 0.0819273 -0.00588827 0.996621 58.7819 
0.996392 0.00696463 -0.0845842 -82.3482 -0.00666209 0.99997 0.003858 0.234164 0.0846085 -0.00328053 0.996409 59.6099 
0.996101 0.00851246 -0.0878141 -82.4411 -0.00850157 0.999964 0.000497557 0.221987 0.0878151 0.000250985 0.996137 60.4288 
0.995747 0.00903506 -0.0916847 -82.5351 -0.00934231 0.999952 -0.00292288 0.208067 0.0916538 0.00376704 0.995784 61.2413 
0.995431 0.0110178 -0.0948422 -82.6316 -0.0117211 0.999908 -0.00686183 0.190072 0.0947578 0.00794218 0.995469 62.0491 
0.995056 0.015464 -0.0981059 -82.7353 -0.0162116 0.999845 -0.00682877 0.170348 0.0979851 0.00838551 0.995153 62.859 
0.994664 0.0188467 -0.101429 -82.8424 -0.0194787 0.999797 -0.00524447 0.155898 0.101309 0.00719223 0.994829 63.6651 
0.994195 0.0219695 -0.105327 -82.9481 -0.0220348 0.999757 0.000543429 0.13972 0.105313 0.00178062 0.994438 64.4688 
0.993744 0.0225392 -0.109384 -83.0555 -0.0219852 0.999739 0.00626733 0.124276 0.109497 -0.00382324 0.99398 65.2675 
0.993196 0.0218947 -0.114377 -83.1633 -0.0209042 0.999733 0.00985181 0.114439 0.114562 -0.00739379 0.993389 66.061 
0.992449 0.0215733 -0.120748 -83.2763 -0.0204004 0.999732 0.0109412 0.10831 0.120952 -0.00839519 0.992623 66.8469 
0.991754 0.0194375 -0.126671 -83.3887 -0.0177391 0.999737 0.0145217 0.103675 0.12692 -0.0121548 0.991838 67.6301 
0.990886 0.0193099 -0.133314 -83.5074 -0.0175523 0.999743 0.0143461 0.0965571 0.133556 -0.0118754 0.99097 68.405 
0.989965 0.0241232 -0.13924 -83.6412 -0.0224795 0.999658 0.0133659 0.0908976 0.139514 -0.0101017 0.990169 69.1768 
0.989051 0.0258642 -0.145293 -83.777 -0.0247441 0.999649 0.00951088 0.0873929 0.145487 -0.00581157 0.989343 69.9515 
0.988188 0.0243905 -0.151295 -83.911 -0.0236444 0.999698 0.00672819 0.0822237 0.151413 -0.0030714 0.988466 70.7205 
0.987334 0.0254641 -0.1566 -84.052 -0.0249077 0.999675 0.00551479 0.0748488 0.156689 -0.00154436 0.987647 71.4899 
0.986549 0.0274434 -0.161145 -84.2009 -0.02609 0.999604 0.0105087 0.0707024 0.161369 -0.00616304 0.986875 72.2563 
0.985572 0.027686 -0.166977 -84.355 -0.0255469 0.999562 0.0149457 0.0574711 0.167317 -0.0104643 0.985848 73.0106 
0.9845 0.0270384 -0.17329 -84.5039 -0.0244336 0.999554 0.0171476 0.0499826 0.173677 -0.0126477 0.984722 73.7677 
0.983323 0.0245902 -0.180196 -84.6599 -0.0225816 0.999658 0.0131902 0.0482611 0.180458 -0.00890105 0.983542 74.5161 
0.981803 0.0229795 -0.188505 -84.8204 -0.022241 0.999734 0.00603222 0.046732 0.188594 -0.00172986 0.982054 75.257 
0.980124 0.0205576 -0.19732 -84.9904 -0.0201411 0.999789 0.00411744 0.0413365 0.197363 -6.13182e-05 0.980331 75.9968 
0.977921 0.0200604 -0.20801 -85.1666 -0.0190075 0.999794 0.00705944 0.0329494 0.208108 -0.00294978 0.978101 76.7356 
0.975523 0.0198583 -0.219 -85.3497 -0.017403 0.999762 0.0131348 0.0316862 0.219209 -0.00900201 0.975637 77.4739 
0.972762 0.0217134 -0.230787 -85.5478 -0.0173944 0.999634 0.0207327 0.0305263 0.231153 -0.0161536 0.972783 78.2088 
0.970035 0.0224191 -0.241928 -85.75 -0.0170653 0.999561 0.0242024 0.0266016 0.242364 -0.0193486 0.969992 78.9321 
0.96708 0.0255576 -0.253186 -85.9651 -0.0212501 0.999579 0.0197337 0.0226156 0.253584 -0.0137038 0.967216 79.6432 
0.963912 0.0248187 -0.265064 -86.1831 -0.0228226 0.999683 0.0106083 0.0205635 0.265243 -0.00417602 0.964173 80.3487 
0.960515 0.0223391 -0.27733 -86.408 -0.0216353 0.99975 0.00559767 0.0238979 0.277385 0.000623515 0.960759 81.0559 
0.95697 0.0211398 -0.289416 -86.6429 -0.0189384 0.999767 0.0104052 0.0254349 0.289568 -0.0044763 0.957147 81.771 
0.953445 0.0223775 -0.300737 -86.8893 -0.0178323 0.999682 0.0178506 0.0204617 0.301041 -0.0116566 0.95354 82.4875 
0.949605 0.0223558 -0.312651 -87.1455 -0.0158887 0.999604 0.0232172 0.0198703 0.313047 -0.0170795 0.949584 83.2009 
0.945472 0.0198972 -0.325095 -87.4086 -0.0137677 0.999682 0.0211442 0.0239925 0.325412 -0.0155154 0.945445 83.9062 
0.941535 0.0180584 -0.33643 -87.6754 -0.0132773 0.999776 0.0165064 0.025626 0.336652 -0.0110745 0.941564 84.6088 
0.938283 0.0138944 -0.34559 -87.9503 -0.0111859 0.999889 0.00983044 0.0207182 0.345689 -0.00535796 0.938334 85.3066 
0.935559 0.00987936 -0.353032 -88.2354 -0.00911575 0.999951 0.00382549 0.0180865 0.353053 -0.000360767 0.935603 86.0081 
0.93275 0.00989836 -0.360389 -88.5227 -0.00987257 0.999949 0.00191235 0.0122698 0.36039 0.00177427 0.9328 86.7134 
0.929681 0.014867 -0.368067 -88.827 -0.0153108 0.999881 0.00171428 0.00333625 0.368048 0.00404173 0.929798 87.4093 
0.926591 0.0147064 -0.375784 -89.1336 -0.0143003 0.99989 0.00386985 -0.00434595 0.3758 0.00178812 0.926699 88.1081 
0.923306 0.0154736 -0.383754 -89.4415 -0.0124604 0.999869 0.0103368 -0.00421189 0.383863 -0.00476225 0.923378 88.8165 
0.920442 0.0171136 -0.390504 -89.7558 -0.0107686 0.999772 0.018432 -0.00508325 0.390731 -0.0127604 0.920417 89.5221 
0.917768 0.0269783 -0.3962 -90.0882 -0.0184478 0.999509 0.0253264 -0.0110329 0.396688 -0.0159347 0.917815 90.2178 
0.915067 0.0336714 -0.401894 -90.4227 -0.0270238 0.999388 0.0222003 -0.0105091 0.402396 -0.00945403 0.915417 90.9011 
0.912668 0.0302201 -0.407584 -90.7482 -0.026599 0.99954 0.0145495 -0.0070369 0.407836 -0.00243751 0.913052 91.5844 
0.910648 0.0222866 -0.412582 -91.0687 -0.0213344 0.999749 0.00691453 -0.0026101 0.412632 0.00250553 0.910894 92.2706 
0.908987 0.0229581 -0.416193 -91.4085 -0.0223794 0.99973 0.00626938 -0.00364943 0.416224 0.00361542 0.909255 92.9601 
0.90671 0.0289879 -0.420757 -91.7595 -0.0266192 0.99958 0.0115025 -0.00868713 0.420913 0.000770863 0.907101 93.6577 
0.904064 0.0313306 -0.426248 -92.1045 -0.0270946 0.999505 0.0159997 -0.014601 0.426538 -0.00291567 0.904465 94.3543 
0.901833 0.0278683 -0.431184 -92.4503 -0.0241073 0.999609 0.0141855 -0.0228129 0.431411 -0.00239822 0.902152 95.0437 
0.899434 0.0260124 -0.436281 -92.8018 -0.0251082 0.999654 0.00783943 -0.0270245 0.436334 0.00390321 0.899776 95.727 
0.897138 0.0234406 -0.441128 -93.1575 -0.0255012 0.999674 0.00125784 -0.0300887 0.441014 0.0101209 0.897443 96.413 
0.894784 0.0242771 -0.445839 -93.5218 -0.0271348 0.999632 -2.61412e-05 -0.0376158 0.445674 0.0121212 0.895113 97.0974 
0.892751 0.0272472 -0.449726 -93.8912 -0.0283145 0.99959 0.00435429 -0.0503737 0.44966 0.00884653 0.893156 97.7864 
0.890672 0.0288615 -0.453729 -94.2612 -0.0290692 0.999556 0.00651838 -0.0598004 0.453716 0.00738382 0.891116 98.467 
0.888291 0.0299817 -0.458302 -94.6315 -0.0299222 0.999525 0.00739214 -0.0709753 0.458305 0.00714705 0.888766 99.143 
0.885991 0.0279977 -0.462857 -95.0024 -0.0281544 0.999582 0.00657108 -0.0785114 0.462848 0.00720959 0.886409 99.821 
0.883794 0.0260132 -0.467152 -95.3721 -0.0263391 0.999636 0.00583386 -0.0856464 0.467134 0.00714849 0.884158 100.495 
0.881573 0.0254783 -0.471359 -95.7465 -0.0254995 0.999655 0.00634278 -0.0934754 0.471358 0.00642786 0.881919 101.162 
0.879173 0.0267608 -0.475751 -96.1245 -0.0266527 0.99962 0.00697494 -0.102812 0.475757 0.00654791 0.879552 101.825 
0.876858 0.0272707 -0.479976 -96.5047 -0.0272389 0.999604 0.00703212 -0.113297 0.479978 0.0069079 0.877253 102.482 
0.874425 0.0241951 -0.484556 -96.8793 -0.0259914 0.999658 0.00301145 -0.124527 0.484463 0.00996106 0.874755 103.131 
0.872113 0.0209048 -0.488857 -97.2548 -0.0247994 0.999691 -0.00149233 -0.135721 0.488675 0.0134249 0.872363 103.768 
0.869951 0.0192365 -0.492762 -97.6314 -0.0244286 0.999693 -0.00410173 -0.146445 0.492532 0.0156059 0.870154 104.408 
0.868022 0.0208372 -0.496089 -98.012 -0.0242895 0.999705 -0.000509574 -0.154051 0.495932 0.0124921 0.868271 105.041 
0.866058 0.024816 -0.499328 -98.3929 -0.0238853 0.999681 0.00825519 -0.16382 0.499373 0.00477718 0.866374 105.675 
0.864558 0.0268877 -0.501813 -98.7728 -0.0208232 0.999627 0.0176855 -0.170985 0.502101 -0.00484074 0.864796 106.305 
0.862976 0.0264174 -0.504554 -99.1434 -0.0175286 0.999596 0.0223563 -0.176265 0.504941 -0.0104488 0.863091 106.919 
0.861419 0.023386 -0.507356 -99.5082 -0.0143845 0.999662 0.0216555 -0.174299 0.507691 -0.0113563 0.861464 107.511 
0.859745 0.0215076 -0.51027 -99.8692 -0.0142739 0.999735 0.0180883 -0.17331 0.510523 -0.00826771 0.859824 108.088 
0.858087 0.0196275 -0.513129 -100.22 -0.0137524 0.999789 0.0152449 -0.175385 0.51332 -0.00602461 0.858176 108.648 
0.856616 0.0178081 -0.515647 -100.566 -0.0123245 0.999825 0.0140554 -0.177864 0.515807 -0.00568491 0.856686 109.195 
0.855456 0.0163002 -0.517619 -100.901 -0.0107784 0.999848 0.0136727 -0.180549 0.517764 -0.00611724 0.855502 109.725 
0.854202 0.0160608 -0.519693 -101.236 -0.0104401 0.999851 0.0137397 -0.163178 0.519837 -0.00631073 0.854242 110.236 
0.852939 0.015744 -0.521773 -101.553 -0.00911773 0.999842 0.0152645 -0.16941 0.521931 -0.00826225 0.852948 110.732 
0.851592 0.0145368 -0.524003 -101.861 -0.00728505 0.999847 0.0158981 -0.173967 0.524154 -0.00972124 0.851568 111.209 
0.850113 0.0130058 -0.52644 -102.151 -0.00538803 0.999858 0.0160008 -0.176737 0.526573 -0.010766 0.850062 111.673 
0.848922 0.0117666 -0.528388 -102.435 -0.00455973 0.999878 0.0149404 -0.181438 0.528499 -0.0102738 0.848872 112.109 
0.847699 0.0118186 -0.530347 -102.712 -0.00673441 0.999911 0.0115185 -0.190089 0.530436 -0.00619257 0.847703 112.521 
0.846161 0.00913985 -0.53285 -102.978 -0.00616327 0.999954 0.00736471 -0.193543 0.532892 -0.00294759 0.846178 112.917 
0.84391 0.00532869 -0.536458 -103.227 -0.00299995 0.999982 0.0052136 -0.197286 0.536477 -0.00279041 0.843911 113.295 
0.841216 0.0011706 -0.540699 -103.469 0.00212141 0.999983 0.00546536 -0.197684 0.540696 -0.00574454 0.841199 113.668 
0.837612 0.00198273 -0.546262 -103.705 0.00196008 0.999976 0.00663499 -0.198884 0.546262 -0.00662821 0.837588 114.022 
0.833693 0.00551192 -0.552201 -103.938 -0.00106618 0.999964 0.00837166 -0.204104 0.552227 -0.0063906 0.833669 114.354 
0.829965 0.0113776 -0.5577 -104.166 -0.00514068 0.999906 0.0127487 -0.207314 0.557792 -0.00771393 0.829945 114.666 
0.825885 0.0166925 -0.563592 -104.383 -0.00695977 0.999787 0.0194129 -0.207344 0.563796 -0.0121103 0.825825 114.963 
0.821109 0.0182989 -0.570478 -104.589 -0.00592642 0.999705 0.0235369 -0.210736 0.570741 -0.0159454 0.820975 115.245 
0.815403 0.0154871 -0.578687 -104.773 -0.00151855 0.999696 0.0246146 -0.210251 0.578892 -0.019192 0.815178 115.509 
0.808237 0.0133363 -0.588707 -104.952 0.00198172 0.999676 0.0253668 -0.209793 0.588854 -0.021669 0.807949 115.755 
0.79945 0.0119261 -0.600615 -105.133 0.0049575 0.999638 0.026448 -0.209618 0.600713 -0.0241213 0.799101 115.982 
0.789144 0.0125604 -0.61408 -105.31 0.00537085 0.999612 0.0273481 -0.213586 0.614185 -0.0248796 0.78877 116.187 
0.776975 0.013841 -0.62938 -105.492 0.0038165 0.999636 0.0266949 -0.212623 0.62952 -0.0231432 0.776639 116.377 
0.762807 0.0124036 -0.646508 -105.661 0.00405437 0.999705 0.0239636 -0.215521 0.646614 -0.0209007 0.762531 116.553 
0.747946 0.00996471 -0.663684 -105.831 0.00328519 0.99982 0.0187138 -0.21815 0.663751 -0.0161772 0.747779 116.715 
0.732883 0.00630186 -0.680326 -105.995 0.00362507 0.999907 0.0131672 -0.217324 0.680346 -0.0121162 0.732791 116.862 
0.717238 0.00639133 -0.696799 -106.158 -0.000274986 0.99996 0.00888897 -0.215022 0.696829 -0.00618384 0.717211 117.003 
0.701248 0.00985575 -0.712849 -106.331 -0.00758568 0.999951 0.00636291 -0.211234 0.712877 0.000945519 0.701289 117.137 
0.683738 0.0116612 -0.729634 -106.505 -0.0101288 0.999928 0.00648936 -0.210651 0.729657 0.00295337 0.683807 117.272 
0.664793 0.0102429 -0.746958 -106.678 -0.00703504 0.999948 0.00745089 -0.206069 0.746995 0.000301632 0.66483 117.407 
0.644391 0.00900843 -0.764643 -106.855 -0.00394483 0.999957 0.00845623 -0.199291 0.764686 -0.00243268 0.644398 117.541 
0.62216 0.0106948 -0.782817 -107.044 -0.00389835 0.999937 0.0105628 -0.19664 0.78288 -0.00352 0.622163 117.661 
0.598019 0.0149089 -0.801343 -107.24 -0.0074404 0.999887 0.0130503 -0.188776 0.801448 -0.00184193 0.598062 117.769 
0.573386 0.0189688 -0.819066 -107.439 -0.00965538 0.999819 0.0163957 -0.185475 0.819229 -0.00149259 0.573465 117.872 
0.547725 0.0218015 -0.836374 -107.639 -0.0113503 0.999762 0.0186274 -0.182482 0.836581 -0.000709529 0.547842 117.971 
0.521535 0.0247027 -0.852873 -107.842 -0.014552 0.999693 0.0200566 -0.177643 0.853106 0.00195089 0.521734 118.062 
0.494904 0.0287914 -0.868471 -108.054 -0.0186213 0.999573 0.0225262 -0.175114 0.868748 0.00502376 0.495229 118.138 
0.466771 0.0317968 -0.883806 -108.26 -0.0207252 0.999472 0.0250123 -0.176521 0.884135 0.00664212 0.467184 118.215 
0.436977 0.0311111 -0.898934 -108.473 -0.0195522 0.999494 0.0250869 -0.175267 0.89926 0.00661383 0.437364 118.287 
0.404587 0.0279236 -0.914073 -108.7 -0.0194997 0.99957 0.0219044 -0.172309 0.914292 0.00896202 0.404957 118.355 
0.3701 0.0232706 -0.928701 -108.945 -0.0189606 0.999667 0.0174927 -0.164518 0.928799 0.0111347 0.370418 118.416 
0.331091 0.0208543 -0.943368 -109.209 -0.0186293 0.999705 0.0155614 -0.157614 0.943415 0.0124221 0.331382 118.471 
0.289532 0.0196959 -0.956966 -109.494 -0.0180457 0.999723 0.0151162 -0.149613 0.956998 0.0128926 0.289807 118.521 
0.246166 0.0176217 -0.969067 -109.795 -0.0172933 0.999755 0.0137868 -0.140224 0.969073 0.0133646 0.246411 118.555 
0.199056 0.0148973 -0.979875 -110.114 -0.015902 0.999802 0.0119698 -0.132595 0.979859 0.0131994 0.199253 118.581 
0.15018 0.0125802 -0.988579 -110.446 -0.0155011 0.999826 0.0103684 -0.121272 0.988537 0.013767 0.150349 118.589 
0.0999851 0.0122869 -0.994913 -110.797 -0.0148897 0.99983 0.0108512 -0.115388 0.994878 0.0137291 0.100151 118.582 
0.0476971 0.0136791 -0.998768 -111.165 -0.0138064 0.99982 0.0130341 -0.110202 0.998766 0.0131678 0.0478774 118.561 
-0.0058012 0.0155534 -0.999862 -111.55 -0.0108538 0.999819 0.0156157 -0.0990252 0.999924 0.0109429 -0.00563134 118.525 
-0.059376 0.0176914 -0.998079 -111.933 -0.00707985 0.99981 0.0181433 -0.0953162 0.998211 0.00814357 -0.0592395 118.462 
-0.113094 0.0192068 -0.993399 -112.327 -0.00319894 0.999801 0.0196947 -0.0873126 0.993579 0.00540522 -0.11301 118.381 
-0.16602 0.0209514 -0.9859 -112.736 -0.000349538 0.999773 0.0213051 -0.080961 0.986122 0.00388171 -0.165975 118.272 
-0.217266 0.0224739 -0.975854 -113.151 0.00172276 0.999742 0.0226405 -0.0730332 0.976111 0.00323789 -0.217249 118.137 
-0.266632 0.0236347 -0.963509 -113.57 0.00477957 0.999719 0.0232003 -0.0627706 0.963787 0.00158081 -0.26667 117.98 
-0.314755 0.0253479 -0.948834 -113.999 0.00978025 0.999677 0.0234618 -0.0558191 0.949123 -0.00189509 -0.314901 117.801 
-0.361259 0.0269219 -0.932077 -114.433 0.0145316 0.999624 0.0232407 -0.0496692 0.932352 -0.00514865 -0.361514 117.595 
-0.405249 0.0288907 -0.91375 -114.87 0.0191417 0.99955 0.0231141 -0.0425171 0.914006 -0.00812374 -0.405619 117.36 
