1 2.12261e-08 -2.11895e-08 0 2.12261e-08 1 2.10703e-08 0 -2.11895e-08 2.10703e-08 1 0 
0.999998 0.000779353 0.00166854 -0.00571206 -0.00077777 0.999999 -0.000923928 -0.00598787 -0.0016693 0.000922671 0.999998 0.453595 
0.999991 0.00218765 0.00355618 -0.0140151 -0.00218077 0.999996 -0.00192543 -0.0115573 -0.00356042 0.0019177 0.999992 0.917386 
0.99998 0.0034352 0.00533685 -0.0228646 -0.00342124 0.999991 -0.0026151 -0.0169703 -0.00534583 0.00259683 0.999982 1.39485 
0.999971 0.00346431 0.00679799 -0.0283463 -0.00344572 0.99999 -0.00273783 -0.0229669 -0.00680745 0.00271437 0.999973 1.88233 
0.999959 0.00307375 0.00847269 -0.0333986 -0.0030525 0.999992 -0.00251473 -0.0303942 -0.00848039 0.00248881 0.999961 2.3829 
0.999943 0.00259279 0.0103776 -0.0351192 -0.0025797 0.999996 -0.00127048 -0.039525 -0.0103809 0.00124367 0.999945 2.89215 
0.999925 0.00253377 0.0119766 -0.0373797 -0.00253688 0.999997 0.000247746 -0.0462624 -0.0119759 -0.000278069 0.999928 3.40688 
0.999914 0.00288116 0.0127932 -0.0401383 -0.00289842 0.999995 0.00133412 -0.0542669 -0.0127894 -0.00137104 0.999917 3.92012 
0.999903 0.00365638 0.0134441 -0.0429007 -0.00367332 0.999993 0.00123888 -0.0619526 -0.0134395 -0.0012881 0.999909 4.43672 
0.999887 0.00422664 0.0144257 -0.0462867 -0.00424003 0.999991 0.000900777 -0.0706641 -0.0144218 -0.000961798 0.999896 4.95383 
0.999874 0.00447442 0.0152228 -0.0487993 -0.00448538 0.99999 0.00068849 -0.0774094 -0.0152196 -0.000756642 0.999884 5.47454 
0.999861 0.00554531 0.0157091 -0.0495929 -0.00554591 0.999985 -2.25304e-06 -0.085239 -0.0157089 -8.48268e-05 0.999877 6.00058 
0.999844 0.00617803 0.0165296 -0.0500292 -0.00616945 0.999981 -0.000567555 -0.094254 -0.0165328 0.00046553 0.999863 6.53296 
0.999822 0.00700288 0.0175238 -0.0511432 -0.00699068 0.999975 -0.000754643 -0.102812 -0.0175287 0.000632047 0.999846 7.07001 
0.999805 0.007806 0.0181405 -0.0497077 -0.00778454 0.999969 -0.00125076 -0.112579 -0.0181498 0.00110934 0.999835 7.61102 
0.999769 0.008815 0.0195981 -0.0554135 -0.00878181 0.99996 -0.00177664 -0.118396 -0.019613 0.00160416 0.999806 8.17062 
0.999699 0.0100773 0.0223649 -0.0524802 -0.010038 0.999948 -0.00186802 -0.126378 -0.0223826 0.00164301 0.999748 8.73044 
0.999607 0.0104338 0.026023 -0.0451755 -0.0103809 0.999944 -0.00216281 -0.135376 -0.0260442 0.00189186 0.999659 9.29498 
0.999486 0.010928 0.030142 -0.0371698 -0.010856 0.999938 -0.00254804 -0.14542 -0.030168 0.00221955 0.999542 9.86446 
0.999328 0.0107668 0.0350303 -0.0226581 -0.0106644 0.999938 -0.00310903 -0.155421 -0.0350616 0.00273341 0.999381 10.4386 
0.9991 0.0110363 0.0409494 -0.00576621 -0.0109167 0.999936 -0.00314209 -0.165204 -0.0409815 0.00269227 0.999156 11.0259 
0.998843 0.0104205 0.0469558 0.0144415 -0.0103071 0.999943 -0.00265392 -0.174161 -0.0469808 0.00216691 0.998893 11.6242 
0.998537 0.0107779 0.0529833 0.0394006 -0.0106209 0.999938 -0.00324197 -0.186287 -0.053015 0.00267454 0.99859 12.225 
0.998196 0.00867824 0.0594061 0.0690128 -0.00844609 0.999956 -0.00415702 -0.196851 -0.0594396 0.00364781 0.998225 12.8319 
0.997821 0.00785717 0.0655109 0.102631 -0.00756501 0.99996 -0.00470595 -0.203833 -0.0655453 0.00420015 0.997841 13.4595 
0.997367 0.0104958 0.0717538 0.13924 -0.0100509 0.999928 -0.00655742 -0.217272 -0.0718175 0.005819 0.997401 14.0926 
0.996842 0.0144704 0.0780834 0.173134 -0.0137497 0.999858 -0.00975997 -0.229046 -0.0782135 0.00865557 0.996899 14.7434 
0.996424 0.0114612 0.0837189 0.225418 -0.0106762 0.999895 -0.00981807 -0.240771 -0.0838227 0.00888919 0.996441 15.4112 
0.996074 0.00409956 0.0884293 0.289242 -0.00348287 0.999969 -0.00712652 -0.248616 -0.0884557 0.0067906 0.996057 16.0987 
0.995643 -0.00171718 0.0932349 0.355627 0.00205487 0.999992 -0.00352554 -0.259359 -0.0932281 0.0037018 0.995638 16.7976 
0.995238 -0.00079337 0.0974751 0.411924 0.000800619 1 -3.48058e-05 -0.272027 -0.097475 0.00011272 0.995238 17.5128 
0.995047 -0.00218472 0.0993851 0.477759 0.00219111 0.999998 4.53387e-05 -0.282217 -0.099385 0.000172689 0.995049 18.2459 
0.995023 -0.00611901 0.0994546 0.546875 0.0063174 0.999979 -0.00167949 -0.290257 -0.0994422 0.00229947 0.995041 18.9627 
0.995154 -0.0124081 0.0975406 0.620529 0.0128202 0.999911 -0.00359903 -0.29599 -0.0974873 0.00483212 0.995225 19.7248 
0.995583 -0.0149019 0.0926917 0.678903 0.0153447 0.999874 -0.00406571 -0.306574 -0.0926195 0.00547012 0.995687 20.4947 
0.996249 -0.0144053 0.0853277 0.726217 0.0148157 0.999882 -0.00417743 -0.317682 -0.0852574 0.00542598 0.996344 21.2767 
0.996992 -0.0138709 0.0762542 0.768138 0.0140948 0.999898 -0.00239837 -0.329128 -0.0762132 0.00346598 0.997086 22.0715 
0.997681 -0.0142451 0.0665588 0.804618 0.0142952 0.999898 -0.000276728 -0.339116 -0.0665481 0.0012276 0.997783 22.8881 
0.998262 -0.0131935 0.057443 0.830324 0.0130586 0.999911 0.00272493 -0.349076 -0.0574739 -0.00197002 0.998345 23.7209 
0.998698 -0.0125778 0.0494399 0.8531 0.0123511 0.999912 0.00489032 -0.359012 -0.0494971 -0.00427328 0.998765 24.5578 
0.999031 -0.0110559 0.0425941 0.866814 0.0108178 0.999925 0.00581764 -0.366902 -0.0426552 -0.00535119 0.999076 25.4017 
0.999263 -0.0100805 0.0370269 0.877565 0.00985368 0.999932 0.00630395 -0.374987 -0.037088 -0.00593441 0.999294 26.236 
0.999453 -0.00890282 0.0318568 0.883509 0.00870699 0.999942 0.00628188 -0.382889 -0.0319109 -0.00600103 0.999473 27.0763 
0.999607 -0.00855662 0.0266978 0.88985 0.00839595 0.999946 0.00612628 -0.39371 -0.0267488 -0.00589967 0.999625 27.9113 
0.999721 -0.00863322 0.0219757 0.889744 0.00850867 0.999947 0.00575678 -0.404085 -0.0220242 -0.00556815 0.999742 28.7476 
0.999817 -0.00752115 0.0176063 0.885823 0.00740743 0.999951 0.00651768 -0.416164 -0.0176545 -0.00638603 0.999824 29.5844 
0.999889 -0.00598304 0.0136527 0.885603 0.00588558 0.999957 0.00717075 -0.424339 -0.013695 -0.00708956 0.999881 30.4176 
0.999932 -0.00368107 0.011052 0.874553 0.0035919 0.999961 0.00808146 -0.434593 -0.0110813 -0.00804117 0.999906 31.2428 
0.999953 -0.00213364 0.00944944 0.865175 0.00205903 0.999967 0.00790296 -0.444319 -0.00946603 -0.00788309 0.999924 32.0693 
0.999962 -0.00116803 0.00863157 0.854046 0.00110257 0.999971 0.00758955 -0.455726 -0.00864022 -0.0075797 0.999934 32.889 
0.999969 0.000725572 0.00785337 0.841495 -0.000775446 0.99998 0.00635484 -0.468659 -0.00784864 -0.00636069 0.999949 33.698 
0.999969 0.00317828 0.00717475 0.828043 -0.00322223 0.999976 0.00612823 -0.478915 -0.00715515 -0.00615112 0.999956 34.5041 
0.999967 0.00479574 0.00650956 0.814435 -0.00483912 0.999966 0.0066708 -0.489261 -0.00647739 -0.00670204 0.999957 35.2992 
0.999961 0.00664818 0.00590175 0.80107 -0.006691 0.999951 0.00727228 -0.503169 -0.00585316 -0.00731144 0.999956 36.0783 
0.999956 0.0077188 0.00535087 0.789885 -0.00775839 0.999942 0.00742649 -0.5157 -0.00529328 -0.00746764 0.999958 36.847 
0.999939 0.00994662 0.00478571 0.775204 -0.00998159 0.999923 0.00734921 -0.526174 -0.00471228 -0.00739649 0.999962 37.6045 
0.999918 0.0118932 0.00470549 0.762459 -0.0119294 0.999899 0.00773489 -0.536104 -0.00461306 -0.00779035 0.999959 38.3473 
0.999881 0.0145571 0.00511516 0.746604 -0.014596 0.999864 0.00766741 -0.544521 -0.00500289 -0.00774112 0.999958 39.0766 
0.999819 0.0177666 0.00685986 0.726383 -0.0178184 0.999813 0.00756778 -0.551913 -0.00672417 -0.0076886 0.999948 39.7851 
0.999757 0.0198634 0.00954191 0.721798 -0.0199233 0.999782 0.00621976 -0.561233 -0.00941633 -0.00640831 0.999935 40.4878 
0.999684 0.0212326 0.0134383 0.715744 -0.0213062 0.999759 0.00536191 -0.573106 -0.0133212 -0.00564649 0.999895 41.1746 
0.99961 0.0208557 0.0185536 0.716819 -0.0209632 0.999764 0.00562235 -0.584531 -0.018432 -0.00600906 0.999812 41.8562 
0.999475 0.0219498 0.0238259 0.723191 -0.022098 0.999738 0.00597753 -0.595796 -0.0236885 -0.00650086 0.999698 42.5246 
0.999304 0.0221948 0.0299667 0.734572 -0.0223935 0.999729 0.00631158 -0.603109 -0.0298186 -0.00697821 0.999531 43.1737 
0.999063 0.0216186 0.0375042 0.746699 -0.0218935 0.999736 0.00693579 -0.614638 -0.0373444 -0.00775035 0.999272 43.8071 
0.998694 0.0218447 0.0461824 0.766803 -0.0221831 0.999731 0.00682735 -0.623339 -0.0460209 -0.00784286 0.99891 44.4277 
0.998149 0.02242 0.0565328 0.794761 -0.0228343 0.999717 0.006693 -0.633812 -0.0563668 -0.00797146 0.998378 45.0341 
0.997395 0.0221293 0.0686529 0.828854 -0.0226353 0.999722 0.00660108 -0.64338 -0.0684878 -0.00813782 0.997619 45.6321 
0.996476 0.0210354 0.0812033 0.87402 -0.0216362 0.999745 0.00652587 -0.649279 -0.0810453 -0.00825976 0.996676 46.2192 
0.995346 0.0204538 0.0941705 0.928216 -0.0211184 0.999759 0.00606632 -0.658011 -0.0940238 -0.00802677 0.995538 46.7903 
0.993828 0.0202463 0.109067 0.98688 -0.0210298 0.999761 0.0060384 -0.666282 -0.108919 -0.00829476 0.994016 47.3529 
0.991866 0.0200719 0.125692 1.05034 -0.0210463 0.999758 0.00642937 -0.67579 -0.125533 -0.00902239 0.992049 47.9002 
0.989444 0.0226455 0.143136 1.12467 -0.023714 0.999702 0.00576322 -0.683483 -0.142963 -0.00909668 0.989686 48.4399 
0.986257 0.0210596 0.16387 1.21672 -0.0221887 0.999741 0.0050627 -0.692997 -0.163721 -0.00862914 0.986469 48.9647 
0.982072 0.0245649 0.186897 1.31683 -0.0257951 0.999659 0.00415322 -0.703937 -0.186731 -0.00889974 0.982371 49.4789 
0.976939 0.0234353 0.212228 1.43318 -0.0243928 0.999701 0.0018945 -0.715213 -0.21212 -0.00702761 0.977218 49.9797 
0.970821 0.0225815 0.238739 1.5613 -0.0230163 0.999735 -0.000966509 -0.723153 -0.238697 -0.00455655 0.971083 50.4618 
0.963517 0.0215869 0.266777 1.70203 -0.0214057 0.999764 -0.00358713 -0.733172 -0.266791 -0.00225426 0.963752 50.9251 
0.954861 0.0192071 0.296432 1.85585 -0.0187115 0.999815 -0.00450909 -0.745112 -0.296464 -0.0012411 0.955043 51.3764 
0.944719 0.0216661 0.327164 2.01736 -0.0204786 0.999765 -0.00707434 -0.751845 -0.327241 -1.65585e-05 0.944941 51.81 
0.933125 0.0222584 0.358862 2.18121 -0.0212586 0.999751 -0.00673209 -0.765924 -0.358923 -0.00134698 0.933366 52.2247 
0.92009 0.0216011 0.391111 2.36261 -0.0211587 0.999761 -0.00544098 -0.778684 -0.391136 -0.00326918 0.920327 52.6265 
0.905015 0.020685 0.424876 2.55729 -0.0206894 0.999775 -0.00460397 -0.794733 -0.424876 -0.00462372 0.90524 53.0113 
0.887846 0.0201707 0.459699 2.75639 -0.0201687 0.999785 -0.00491539 -0.806955 -0.459699 -0.0049074 0.888061 53.3732 
0.868546 0.0197853 0.495214 2.96494 -0.0194031 0.999794 -0.00591408 -0.821183 -0.495229 -0.00447201 0.868751 53.7141 
0.847231 0.0189265 0.530887 3.1828 -0.017544 0.999817 -0.00764607 -0.831961 -0.530934 -0.00283587 0.847408 54.0336 
0.823944 0.0176875 0.566396 3.41552 -0.0151208 0.999843 -0.00922679 -0.842045 -0.56647 -0.000961953 0.824082 54.3389 
0.798571 0.0147117 0.60172 3.66061 -0.0113598 0.999892 -0.00937048 -0.854797 -0.601793 0.000647591 0.798652 54.6293 
0.77052 0.0108555 0.637323 3.91991 -0.00832199 0.999941 -0.00697068 -0.867972 -0.637361 6.72748e-05 0.770565 54.91 
0.740713 0.00621007 0.671793 4.19108 -0.00563848 0.99998 -0.00302681 -0.877682 -0.671798 -0.00154588 0.740733 55.178 
0.708501 0.002635 0.705705 4.46906 -0.00424241 0.999991 0.000525465 -0.884064 -0.705697 -0.00336616 0.708506 55.4311 
0.673361 0.000273529 0.739314 4.75534 -0.00515035 0.999977 0.004321 -0.888492 -0.739296 -0.0067173 0.673347 55.666 
0.635725 -0.00334724 0.771908 5.05103 -0.00361594 0.999967 0.00731424 -0.895693 -0.771907 -0.007441 0.635692 55.8828 
0.596722 -0.0070115 0.802418 5.35701 -0.000849062 0.999956 0.00936905 -0.902149 -0.802448 -0.006272 0.59669 56.0737 
0.554527 -0.00910797 0.832116 5.67335 0.00264667 0.999954 0.00918137 -0.904212 -0.832161 -0.00288897 0.554526 56.2504 
0.509816 -0.00800871 0.860246 6.00439 0.00390709 0.999968 0.00699405 -0.907959 -0.860275 -0.000204606 0.509831 56.417 
0.462908 -0.00564749 0.886388 6.3517 0.0024543 0.999984 0.00508957 -0.912049 -0.886403 -0.00018053 0.462915 56.577 
0.413721 -0.00269629 0.9104 6.71322 -0.00131378 0.999993 0.00355872 -0.913315 -0.910403 -0.00266838 0.413715 56.7223 
0.363732 -0.000121054 0.931504 7.08844 -0.00638829 0.999976 0.00262449 -0.915084 -0.931482 -0.00690531 0.363723 56.849 
0.313781 0.000342406 0.949495 7.48694 -0.00864495 0.99996 0.00249636 -0.918028 -0.949456 -0.00899164 0.313771 56.9601 
0.265404 0.00019539 0.964137 7.90751 -0.00686097 0.999975 0.00168606 -0.920026 -0.964113 -0.0070624 0.265399 57.0521 
0.22035 -0.000709084 0.975421 8.33767 -0.00564159 0.999982 0.00200143 -0.924747 -0.975405 -0.00594393 0.220342 57.1225 
0.178562 -0.0026282 0.983925 8.7931 -0.00563066 0.999977 0.00369297 -0.925502 -0.983913 -0.00619957 0.178543 57.189 
0.139777 -0.00500248 0.99017 9.26985 -0.00585136 0.999966 0.00587802 -0.928164 -0.990166 -0.00661545 0.139743 57.2403 
0.103337 -0.00679165 0.994623 9.76722 -0.00678074 0.999949 0.00753254 -0.9312 -0.994623 -0.00752266 0.103285 57.2809 
0.0706543 -0.00806006 0.997468 10.2839 -0.00580022 0.999947 0.00849098 -0.933476 -0.997484 -0.00638546 0.0706038 57.3054 
0.0413299 -0.00870381 0.999108 10.8195 -0.00547832 0.999945 0.00893777 -0.935816 -0.999131 -0.00584283 0.04128 57.314 
0.0149426 -0.00642625 0.999868 11.3763 -0.00793899 0.999947 0.00654545 -0.933588 -0.999857 -0.00803575 0.0148908 57.3188 
-0.00762793 -0.0040351 0.999963 11.9523 -0.0120777 0.999919 0.00394284 -0.933015 -0.999898 -0.0120472 -0.00767605 57.3174 
-0.0271935 -0.00325474 0.999625 12.549 -0.0121321 0.999922 0.00292571 -0.933925 -0.999557 -0.012048 -0.0272309 57.3002 
-0.044327 -0.00261927 0.999014 13.1644 -0.00820893 0.999964 0.00225757 -0.935617 -0.998983 -0.00810077 -0.0443469 57.2666 
-0.0601135 -0.00290343 0.998187 13.8007 -0.00586162 0.99998 0.00255568 -0.938519 -0.998174 -0.00569737 -0.0601293 57.2267 
-0.0755312 -0.00400811 0.997135 14.4555 -0.00665823 0.999972 0.0035152 -0.942445 -0.997121 -0.00637365 -0.0755557 57.1828 
-0.0902073 -0.00300791 0.995919 15.131 -0.00577046 0.99998 0.00249755 -0.9471 -0.995906 -0.00552162 -0.0902228 57.1278 
-0.102451 -0.00122392 0.994737 15.8259 -0.00393389 0.999992 0.000825263 -0.951508 -0.99473 -0.00382864 -0.102455 57.0591 
-0.112173 0.00135291 0.993688 16.5334 0.00315539 0.999995 -0.00100526 -0.956742 -0.993684 0.0030227 -0.112176 56.9803 
-0.118003 0.00405948 0.993005 17.2559 0.0107136 0.999939 -0.00281464 -0.963023 -0.992955 0.0103065 -0.118039 56.8914 
-0.120151 0.0039532 0.992748 18.0008 0.0154441 0.999879 -0.00211238 -0.973092 -0.992636 0.0150783 -0.120197 56.8024 
-0.120181 0.00249431 0.992749 18.7666 0.0163365 0.999866 -0.000534472 -0.978297 -0.992618 0.0161538 -0.120206 56.7261 
-0.117347 0.00175015 0.993089 19.5448 0.0198702 0.999802 0.000586001 -0.983707 -0.992892 0.0198017 -0.117359 56.6458 
-0.112968 0.000630734 0.993599 20.3368 0.0216369 0.999764 0.00182542 -0.995641 -0.993363 0.0217046 -0.112955 56.5691 
-0.108576 0.00147041 0.994087 21.1349 0.0201541 0.999797 0.000722466 -1.00412 -0.993884 0.0201134 -0.108584 56.4989 
-0.104431 0.00238002 0.994529 21.9403 0.0198136 0.999804 -0.000312082 -1.01491 -0.994335 0.0196726 -0.104457 56.4332 
-0.0999201 0.00171502 0.994994 22.7471 0.024628 0.999696 0.000750128 -1.02529 -0.994691 0.0245796 -0.099932 56.3622 
-0.0961324 -0.000440548 0.995369 23.5581 0.0303256 0.999534 0.00337127 -1.0376 -0.994907 0.0305092 -0.0960743 56.2897 
-0.0924433 -0.00385336 0.995711 24.3725 0.0328242 0.999437 0.00691527 -1.04632 -0.995177 0.0333227 -0.0922648 56.2257 
-0.0880394 -0.00754858 0.996088 25.187 0.0356542 0.999307 0.0107243 -1.05491 -0.995479 0.0364589 -0.0877092 56.1696 
-0.0826687 -0.0104359 0.996522 25.9979 0.0364005 0.999246 0.0134842 -1.06227 -0.995912 0.0373887 -0.0822265 56.1178 
-0.0784465 -0.0118596 0.996848 26.8075 0.0341864 0.999309 0.0145792 -1.06672 -0.996332 0.0352223 -0.0779868 56.0724 
-0.0744962 -0.0134504 0.997131 27.6156 0.027634 0.999497 0.0155469 -1.06816 -0.996838 0.0287129 -0.0740871 56.0372 
-0.0702438 -0.0168608 0.997387 28.43 0.0216882 0.999595 0.0184256 -1.06778 -0.997294 0.0229259 -0.0698497 56.0078 
-0.0659082 -0.0183428 0.997657 29.2429 0.0193019 0.999621 0.0196541 -1.06899 -0.997639 0.020552 -0.0655291 55.9767 
-0.0618574 -0.0145087 0.99798 30.0537 0.0201903 0.999672 0.0157848 -1.07405 -0.997881 0.0211259 -0.0615442 55.9442 
-0.0584023 -0.00669715 0.998271 30.8638 0.0213326 0.999741 0.00795508 -1.07532 -0.998065 0.0217603 -0.0582443 55.9107 
-0.0558634 -0.000552588 0.998438 31.6853 0.0198007 0.999803 0.00166125 -1.07712 -0.998242 0.0198626 -0.0558414 55.8848 
-0.0537629 -0.00119963 0.998553 32.5114 0.0191706 0.999814 0.00223335 -1.08326 -0.99837 0.0192629 -0.0537298 55.8519 
-0.0524335 -0.00505404 0.998612 33.3434 0.0220416 0.999738 0.00621711 -1.09417 -0.998381 0.022337 -0.0523084 55.8187 
-0.0514537 -0.00520885 0.998662 34.1769 0.0227751 0.99972 0.00638784 -1.10377 -0.998416 0.0230733 -0.0513207 55.788 
-0.0514103 -0.0028185 0.998674 35.0089 0.0204211 0.999784 0.00387292 -1.11659 -0.998469 0.0205931 -0.0513416 55.762 
-0.0514428 -0.0016701 0.998675 35.8428 0.0132835 0.999909 0.00235645 -1.12681 -0.998588 0.0133871 -0.0514159 55.743 
-0.0525926 -0.00256547 0.998613 36.6906 0.0115932 0.999928 0.00317945 -1.13334 -0.998549 0.0117443 -0.0525591 55.7166 
-0.0537299 -0.00351441 0.998549 37.5448 0.0118024 0.999922 0.00415434 -1.14499 -0.998486 0.0120085 -0.0536842 55.6847 
-0.0553314 0.00033077 0.998468 38.3952 0.0114175 0.999935 0.000301502 -1.15645 -0.998403 0.0114167 -0.0553315 55.6539 
-0.056725 0.00444405 0.99838 39.2531 0.0120056 0.999921 -0.00376875 -1.16589 -0.998318 0.0117724 -0.0567739 55.6211 
-0.0572916 0.00727179 0.998331 40.1233 0.0134756 0.999888 -0.00650976 -1.17662 -0.998267 0.0130802 -0.0573832 55.5824 
-0.0583605 0.00829312 0.998261 41.0051 0.0163023 0.99984 -0.00735314 -1.19593 -0.998162 0.0158448 -0.0584864 55.5407 
-0.0592281 0.00964366 0.998198 41.9009 0.0165623 0.999825 -0.00867661 -1.21235 -0.998107 0.0160186 -0.0593774 55.5015 
-0.0605725 0.00947475 0.998119 42.809 0.0153334 0.999846 -0.00856057 -1.22565 -0.998046 0.014786 -0.0607084 55.4634 
-0.0619675 0.00472049 0.998067 43.7205 0.0134227 0.999902 -0.00389574 -1.24487 -0.997988 0.0131554 -0.0620248 55.4306 
-0.0634513 0.00304492 0.99798 44.6541 0.013328 0.999909 -0.00220337 -1.26477 -0.997896 0.0131613 -0.0634861 55.3874 
-0.0646494 0.00627767 0.997888 45.5838 0.0137998 0.99989 -0.00539619 -1.28279 -0.997813 0.0134218 -0.064729 55.3428 
-0.0652124 0.00980718 0.997823 46.5168 0.0147574 0.999852 -0.00886261 -1.29867 -0.997762 0.0141474 -0.0653475 55.2954 
-0.065002 0.0109776 0.997825 47.4628 0.0178002 0.999793 -0.00983961 -1.31853 -0.997726 0.0171219 -0.065184 55.2452 
-0.0650391 0.00769687 0.997853 48.4277 0.0223444 0.999731 -0.00625493 -1.33641 -0.997633 0.0218897 -0.0651936 55.1923 
-0.0652751 0.00210124 0.997865 49.4042 0.0242174 0.999707 -0.000520907 -1.34812 -0.997573 0.0241317 -0.0653068 55.1388 
-0.0644706 -0.000895358 0.997919 50.3883 0.0255953 0.999669 0.00255055 -1.36405 -0.997591 0.0257064 -0.0644264 55.0884 
-0.0629055 0.000549507 0.998019 51.3795 0.0245706 0.999698 0.0009983 -1.37488 -0.997717 0.0245847 -0.0629 55.0463 
-0.0621457 0.00349878 0.998061 52.376 0.0243713 0.999701 -0.00198697 -1.38646 -0.99777 0.0242005 -0.0622124 55.0044 
-0.0619371 0.00541382 0.998065 53.3787 0.0184781 0.99982 -0.0042766 -1.40554 -0.997909 0.0181775 -0.0620259 54.9672 
-0.0625851 0.00520755 0.998026 54.3913 0.0154757 0.999871 -0.00424668 -1.41886 -0.99792 0.0151793 -0.0626577 54.932 
-0.063044 0.000486649 0.998011 55.4187 0.0153116 0.999883 0.00047971 -1.433 -0.997893 0.0153114 -0.063044 54.8842 
-0.063725 -0.00547637 0.997953 56.455 0.0133945 0.99989 0.00634236 -1.44767 -0.997878 0.0137712 -0.0636447 54.8397 
-0.0643521 -0.00495865 0.997915 57.4927 0.0151543 0.999868 0.00594564 -1.45751 -0.997812 0.0155053 -0.0642685 54.7875 
-0.0647072 -0.00160307 0.997903 58.526 0.0179392 0.999835 0.00276944 -1.46618 -0.997743 0.0180807 -0.0646677 54.7342 
-0.065623 0.00135667 0.997844 59.5701 0.020304 0.999794 -2.39954e-05 -1.47672 -0.997638 0.0202587 -0.065637 54.6754 
-0.0680655 -0.00167555 0.997679 60.6303 0.020393 0.999787 0.00307042 -1.48997 -0.997472 0.0205546 -0.0680168 54.6241 
-0.0706294 -0.00673705 0.99748 61.7073 0.0219971 0.999724 0.00830981 -1.50062 -0.99726 0.0225285 -0.0704617 54.5639 
-0.0739546 -0.00969687 0.997215 62.782 0.0234918 0.999658 0.0114628 -1.50932 -0.996985 0.0242741 -0.0737015 54.5046 
-0.0775643 -0.00872042 0.996949 63.8513 0.0275719 0.999561 0.0108884 -1.51087 -0.996606 0.0283323 -0.0772897 54.4334 
-0.0809893 -0.00978258 0.996667 64.9153 0.0308115 0.999449 0.0123137 -1.51787 -0.996239 0.0317061 -0.0806432 54.3611 
-0.0845885 -0.0117767 0.996346 65.9838 0.0344494 0.999298 0.0147363 -1.52389 -0.99582 0.03557 -0.0841234 54.2837 
-0.0875167 -0.0115054 0.996097 67.0552 0.0379122 0.99917 0.0148719 -1.52909 -0.995441 0.0390657 -0.0870079 54.2079 
-0.0898076 -0.00779525 0.995929 68.1155 0.0418317 0.999057 0.0115919 -1.53533 -0.99508 0.0427025 -0.0893969 54.1252 
-0.0915062 -0.0032192 0.995799 69.1809 0.0441797 0.998997 0.00728934 -1.54085 -0.994824 0.0446611 -0.0912722 54.0405 
-0.0927617 -0.000439075 0.995688 70.2523 0.0478552 0.998842 0.00489887 -1.5513 -0.994538 0.0481033 -0.0926333 53.9535 
-0.0922479 -0.00115648 0.995735 71.3214 0.0467263 0.998893 0.00548905 -1.5632 -0.994639 0.0470334 -0.0920917 53.878 
-0.089449 -0.00354895 0.995985 72.3923 0.0477953 0.998826 0.0078516 -1.57418 -0.994844 0.0483057 -0.0891744 53.8013 
-0.0848201 -0.00683837 0.996373 73.4688 0.0511119 0.99863 0.011205 -1.5816 -0.995085 0.0518769 -0.0843544 53.7224 
-0.0796085 -0.00985266 0.996778 74.5414 0.0514443 0.998578 0.0139791 -1.588 -0.995498 0.0523914 -0.0789884 53.6582 
-0.0747182 -0.0131457 0.997118 75.6207 0.0528455 0.998456 0.0171233 -1.59011 -0.995804 0.0539726 -0.0739082 53.5991 
-0.0697625 -0.0142609 0.997462 76.6906 0.05425 0.998364 0.018068 -1.59088 -0.996087 0.0553727 -0.0688747 53.5356 
-0.0661887 -0.0102016 0.997755 77.7626 0.0545759 0.998414 0.0138288 -1.59521 -0.996314 0.0553686 -0.065527 53.4886 
-0.0639831 -0.00543655 0.997936 78.8346 0.0538431 0.99851 0.00889189 -1.59878 -0.996497 0.0543009 -0.063595 53.4373 
-0.0625727 -0.00578197 0.998024 79.9087 0.054437 0.998475 0.00919764 -1.60599 -0.996555 0.0549049 -0.0621625 53.3879 
-0.0610571 -0.00776407 0.998104 80.9896 0.0552069 0.998413 0.0111437 -1.61428 -0.996606 0.0557827 -0.0605315 53.34 
-0.0591086 -0.00482156 0.99824 82.0616 0.0555692 0.998422 0.00811289 -1.62285 -0.996704 0.0559509 -0.0587474 53.2931 
-0.0570763 0.00103695 0.998369 83.1379 0.0558274 0.998438 0.00215465 -1.63463 -0.996808 0.0558593 -0.0570451 53.2505 
-0.05514 0.00421338 0.99847 84.2196 0.0549411 0.998489 -0.00117932 -1.64926 -0.996966 0.054792 -0.0552882 53.2164 
-0.0527931 0.00352192 0.998599 85.3019 0.0555489 0.998456 -0.000584663 -1.66915 -0.997059 0.0554402 -0.0529072 53.1777 
-0.0491558 0.000304033 0.998791 86.3933 0.053512 0.998565 0.00232968 -1.68674 -0.997357 0.0535618 -0.0491015 53.1474 
-0.0448682 -0.00395193 0.998985 87.4759 0.0533084 0.998558 0.00634456 -1.70264 -0.99757 0.0535389 -0.0445929 53.1204 
-0.0402339 -0.00638962 0.99917 88.5622 0.0519151 0.998616 0.0084766 -1.71479 -0.997841 0.0522131 -0.0398465 53.0983 
-0.0368386 -0.00241102 0.999318 89.6505 0.0482163 0.998828 0.00418731 -1.7287 -0.998157 0.0483377 -0.0366792 53.0842 
-0.035098 0.00696417 0.99936 90.7397 0.0448377 0.99898 -0.00538676 -1.74611 -0.998378 0.0446199 -0.0353744 53.0732 
-0.0342723 0.0149649 0.999301 91.8286 0.0392215 0.999138 -0.0136173 -1.76923 -0.998643 0.0387274 -0.0348297 53.0675 
-0.0338412 0.0145085 0.999322 92.9202 0.0386173 0.999167 -0.0131985 -1.79879 -0.998681 0.0381444 -0.0343733 53.0537 
-0.0329511 0.00814927 0.999424 94.0208 0.0385668 0.999232 -0.00687611 -1.83024 -0.998713 0.038318 -0.0332401 53.0344 
-0.0341826 0.00213955 0.999413 95.1278 0.0402644 0.999189 -0.000761877 -1.84993 -0.998604 0.0402148 -0.034241 53.0116 
-0.036248 -0.00366348 0.999336 96.2247 0.0385961 0.999242 0.00506313 -1.86372 -0.998597 0.038754 -0.0360791 52.9914 
-0.0382138 -0.00853424 0.999233 97.3258 0.0382002 0.99922 0.00999506 -1.88055 -0.998539 0.0385529 -0.037858 52.9665 
-0.0403659 -0.00793089 0.999154 98.4213 0.0385802 0.99921 0.00949003 -1.89015 -0.99844 0.0389306 -0.0400281 52.9398 
-0.0423025 -0.00767512 0.999075 99.5044 0.0381484 0.999229 0.00929161 -1.90165 -0.998376 0.0385062 -0.0419771 52.9107 
-0.0438967 -0.00895066 0.998996 100.59 0.0391549 0.999176 0.0106728 -1.91148 -0.998269 0.0395841 -0.0435101 52.879 
-0.0445621 -0.00733262 0.99898 101.67 0.0401348 0.999153 0.00912425 -1.9257 -0.9982 0.0405004 -0.0442301 52.8439 
-0.0449239 0.000940622 0.99899 102.738 0.0406507 0.999173 0.00088728 -1.9405 -0.998163 0.0406495 -0.0449249 52.8092 
-0.0453389 0.00875331 0.998933 103.805 0.0377715 0.999262 -0.0070418 -1.95952 -0.998257 0.0374119 -0.0456361 52.7801 
-0.0464058 0.00918708 0.99888 104.878 0.0355035 0.999341 -0.00754186 -1.98034 -0.998292 0.0351138 -0.0467014 52.7507 
-0.0485851 0.00310528 0.998814 105.947 0.0307878 0.999525 -0.00160984 -2.00728 -0.998344 0.0306731 -0.0486576 52.7221 
-0.0515848 -0.00445789 0.998659 107.014 0.024619 0.999681 0.00573416 -2.02491 -0.998365 0.0248818 -0.0514586 52.6956 
-0.0536101 -0.0127755 0.99848 108.071 0.0228456 0.999641 0.014017 -2.03569 -0.998301 0.0235623 -0.053299 52.6637 
-0.0552476 -0.0191703 0.998289 109.124 0.0260944 0.999446 0.0206367 -2.04117 -0.998132 0.0271899 -0.0547168 52.6166 
-0.0572113 -0.0194444 0.998173 110.164 0.024983 0.999469 0.0209016 -2.0421 -0.998049 0.0261332 -0.0566952 52.5767 
-0.0578911 -0.0118775 0.998252 111.197 0.028856 0.999492 0.0135657 -2.04937 -0.997906 0.0295909 -0.0575189 52.5298 
-0.0582853 0.00280475 0.998296 112.224 0.0377251 0.999288 -0.000604928 -2.05863 -0.997587 0.0376255 -0.0583496 52.4694 
-0.0594499 0.0140031 0.998133 113.244 0.0427259 0.999021 -0.0114707 -2.07334 -0.997317 0.0419642 -0.05999 52.4198 
-0.0597386 0.010864 0.998155 114.276 0.0430677 0.999038 -0.00829604 -2.09579 -0.997285 0.0424926 -0.060149 52.3727 
-0.0593239 0.00022042 0.998239 115.315 0.0456402 0.998955 0.00249179 -2.11776 -0.997195 0.0457076 -0.0592719 52.322 
-0.0590533 -0.00958135 0.998209 116.344 0.0458669 0.998872 0.0123012 -2.13008 -0.997201 0.0465111 -0.0585472 52.2791 
-0.0587555 -0.0151434 0.998158 117.363 0.0444505 0.998854 0.0177706 -2.13984 -0.997282 0.0454127 -0.058015 52.2361 
-0.0587967 -0.0203958 0.998062 118.379 0.0421967 0.998847 0.0228978 -2.13838 -0.997378 0.0434612 -0.0578682 52.1979 
-0.058408 -0.0238 0.998009 119.395 0.0394251 0.998881 0.0261281 -2.13913 -0.997514 0.0408727 -0.0574043 52.1575 
-0.0582574 -0.0216264 0.998067 120.399 0.0382882 0.998981 0.0238811 -2.13683 -0.997567 0.0396054 -0.0573701 52.1154 
-0.0575079 -0.0146001 0.998238 121.397 0.0359134 0.999216 0.0166833 -2.13401 -0.997699 0.0368096 -0.0569385 52.0741 
-0.0572734 -0.00848257 0.998323 122.386 0.0360826 0.999293 0.0105609 -2.13629 -0.997706 0.0366269 -0.0569268 52.0334 
-0.0568402 -0.00338765 0.998378 123.372 0.0367463 0.99931 0.00548291 -2.14509 -0.997707 0.0369983 -0.0566765 51.9895 
-0.0567424 0.00128415 0.998388 124.342 0.0381238 0.999273 0.00088148 -2.15877 -0.997661 0.0381124 -0.0567501 51.9478 
-0.0563721 0.00555224 0.998394 125.308 0.0384125 0.999256 -0.00338812 -2.17843 -0.997671 0.0381598 -0.0565435 51.9104 
-0.0564272 0.0048132 0.998395 126.271 0.0400167 0.999196 -0.00255536 -2.19554 -0.997604 0.0398082 -0.0565744 51.8722 
-0.0563607 -0.00169315 0.998409 127.229 0.0383716 0.999256 0.00386072 -2.21525 -0.997673 0.0385281 -0.0562538 51.8374 
-0.0570819 -0.011485 0.998303 128.186 0.0363672 0.999246 0.0135753 -2.22897 -0.997707 0.0370804 -0.0566212 51.8045 
-0.0578452 -0.0191688 0.998142 129.131 0.0309516 0.999301 0.0209849 -2.23489 -0.997846 0.0321079 -0.0572114 51.7702 
-0.0600178 -0.0224036 0.997946 130.052 0.0262543 0.999367 0.0240145 -2.23926 -0.997852 0.0276416 -0.0593916 51.7376 
-0.0620507 -0.0199519 0.997874 130.951 0.0213455 0.999545 0.0213127 -2.24265 -0.997845 0.0226226 -0.0615966 51.7059 
-0.0631865 -0.0129693 0.997918 131.829 0.0182922 0.999733 0.0141512 -2.24918 -0.997834 0.0191482 -0.0629323 51.6706 
-0.063954 -0.00581511 0.997936 132.691 0.0203508 0.999768 0.00713003 -2.25564 -0.997745 0.0207648 -0.0638208 51.6306 
-0.0626648 5.41743e-06 0.998035 133.534 0.0246386 0.999695 0.00154163 -2.26896 -0.99773 0.0246868 -0.0626458 51.585 
-0.0596934 0.00217867 0.998214 134.358 0.0284209 0.999596 -0.00048207 -2.28769 -0.997812 0.0283414 -0.0597312 51.5456 
-0.0551663 0.00179103 0.998476 135.167 0.0322011 0.999481 -1.3663e-05 -2.30298 -0.997958 0.0321513 -0.0551954 51.513 
-0.0501997 -0.00311575 0.998734 135.961 0.0352418 0.999367 0.00488913 -2.31589 -0.998117 0.0354426 -0.0500581 51.482 
-0.046204 -0.00732133 0.998905 136.729 0.0360463 0.99931 0.00899165 -2.33381 -0.998281 0.0364223 -0.0459082 51.4595 
-0.0419849 -0.00710942 0.999093 137.467 0.0367033 0.999289 0.00865324 -2.35039 -0.998444 0.0370333 -0.0416941 51.4416 
-0.0375937 -0.00258996 0.99929 138.173 0.0377855 0.999278 0.00401147 -2.36551 -0.998579 0.0379094 -0.0374686 51.4278 
-0.0331325 0.00149117 0.99945 138.856 0.0381603 0.999272 -0.000225817 -2.37676 -0.998722 0.0381318 -0.0331653 51.418 
-0.0287257 0.00228308 0.999585 139.515 0.0395325 0.999218 -0.00114613 -2.3865 -0.998805 0.0394832 -0.0287935 51.4138 
-0.0246018 0.00199568 0.999695 140.142 0.0366523 0.999328 -0.00109291 -2.40261 -0.999025 0.0366143 -0.0246584 51.4161 
-0.0208198 0.000943625 0.999783 140.733 0.0316832 0.999498 -0.000283533 -2.42079 -0.999281 0.0316704 -0.0208392 51.424 
-0.0171558 0.00131385 0.999852 141.301 0.0271663 0.999631 -0.000847388 -2.4357 -0.999484 0.0271477 -0.0171851 51.4306 
-0.0139794 0.00462514 0.999892 141.858 0.0253721 0.999669 -0.00426934 -2.44762 -0.99958 0.0253096 -0.0140921 51.4266 
-0.012686 0.00851398 0.999883 142.388 0.0245917 0.999664 -0.00820007 -2.46316 -0.999617 0.0244848 -0.0128911 51.4262 
-0.0130787 0.00958262 0.999869 142.919 0.0212804 0.99973 -0.0093029 -2.47945 -0.999688 0.0211559 -0.0132791 51.4312 
-0.0148591 0.00764927 0.99986 143.447 0.0154839 0.999853 -0.00741906 -2.4941 -0.99977 0.0153715 -0.0149753 51.4395 
-0.0172305 0.00336694 0.999846 143.976 0.00990697 0.999946 -0.00319651 -2.50556 -0.999803 0.00985036 -0.0172629 51.4481 
-0.0195604 -0.00184896 0.999807 144.502 0.00894719 0.999958 0.00202432 -2.5162 -0.999769 0.00898506 -0.019543 51.4483 
-0.0216386 -0.00477269 0.999755 145.025 0.0123871 0.999911 0.00504158 -2.52694 -0.999689 0.0124932 -0.0215776 51.4348 
-0.0241462 -0.00275106 0.999705 145.535 0.0145387 0.99989 0.00310277 -2.54172 -0.999603 0.0146093 -0.0241035 51.4244 
-0.0272543 0.000482226 0.999628 146.038 0.0141386 0.9999 -9.6835e-05 -2.55214 -0.999529 0.0141307 -0.0272584 51.4199 
-0.0298201 0.00223006 0.999553 146.54 0.0102607 0.999946 -0.00192479 -2.55822 -0.999503 0.0101987 -0.0298414 51.4172 
-0.0320705 0.00390822 0.999478 147.037 0.00945501 0.999949 -0.00360663 -2.56367 -0.999441 0.0093344 -0.0321058 51.4116 
-0.0340443 0.00534934 0.999406 147.534 0.0107448 0.99993 -0.00498609 -2.57028 -0.999363 0.0105686 -0.0340994 51.3999 
-0.0368187 0.00265207 0.999318 148.035 0.0116068 0.99993 -0.00222601 -2.58239 -0.999255 0.0115169 -0.036847 51.3855 
-0.039186 -0.00256219 0.999229 148.536 0.0109303 0.999936 0.00299269 -2.59257 -0.999172 0.0110392 -0.0391555 51.371 
-0.0415404 -0.00580019 0.99912 149.031 0.0102441 0.999928 0.00623085 -2.59821 -0.999084 0.0104939 -0.041478 51.3582 
-0.0442463 -0.00676301 0.998998 149.526 0.00782088 0.999944 0.00711585 -2.60316 -0.99899 0.0081279 -0.0441909 51.3468 
-0.0463207 -0.00843634 0.998891 150.017 0.00642617 0.999941 0.00874325 -2.61312 -0.998906 0.00682404 -0.0462637 51.3349 
-0.0474013 -0.0100954 0.998825 150.507 0.00592496 0.999929 0.0103878 -2.62182 -0.998858 0.00641039 -0.0473381 51.3197 
-0.048398 -0.0102688 0.998775 150.992 0.00535585 0.99993 0.0105403 -2.62563 -0.998814 0.00585942 -0.0483396 51.3065 
-0.0474132 -0.00843565 0.99884 151.474 0.00835014 0.999926 0.00884123 -2.62622 -0.998841 0.00875964 -0.0473392 51.2901 
-0.0425429 -0.00568169 0.999079 151.946 0.0106413 0.999925 0.00613968 -2.63016 -0.999038 0.0108927 -0.0424792 51.2772 
-0.0352115 -0.00388697 0.999372 152.416 0.0109764 0.999931 0.00427592 -2.63648 -0.99932 0.01112 -0.0351663 51.2725 
-0.0251355 -0.00405048 0.999676 152.882 0.00898423 0.999951 0.00427753 -2.64195 -0.999644 0.00908884 -0.0250978 51.279 
-0.0096656 -0.00508857 0.99994 153.342 0.0107084 0.999929 0.00519206 -2.64551 -0.999896 0.0107579 -0.00961042 51.2908 
0.0128665 -0.00487294 0.999905 153.792 0.0166767 0.99985 0.00465812 -2.64766 -0.999778 0.0166152 0.0129458 51.3043 
0.0427309 -0.00421994 0.999078 154.235 0.0235396 0.999718 0.00321589 -2.65003 -0.998809 0.0233805 0.0428182 51.3354 
0.078855 -0.00496474 0.996874 154.674 0.025131 0.99968 0.00299084 -2.65621 -0.996569 0.0248166 0.0789546 51.3976 
0.119481 -0.00511121 0.992823 155.1 0.0220893 0.999753 0.00248861 -2.66668 -0.992591 0.0216334 0.119564 51.488 
0.161413 -0.00196432 0.986885 155.517 0.0177555 0.999842 -0.000913902 -2.67456 -0.986727 0.0176702 0.161423 51.5959 
0.203008 0.00251724 0.979174 155.925 0.017542 0.999827 -0.00620719 -2.68111 -0.97902 0.0184367 0.202928 51.7183 
0.245168 0.00687911 0.969456 156.327 0.0185319 0.999759 -0.0117807 -2.68512 -0.969304 0.0208541 0.244981 51.8529 
0.287623 0.00899335 0.957702 156.73 0.0199365 0.999683 -0.015375 -2.69564 -0.957536 0.0235155 0.287352 52.0065 
0.328944 0.0109322 0.944286 157.117 0.0167514 0.999708 -0.0174091 -2.7038 -0.944201 0.0215447 0.328665 52.1851 
0.369291 0.0151041 0.929191 157.483 0.00887446 0.999765 -0.0197782 -2.70975 -0.929272 0.01555 0.36907 52.3802 
0.409068 0.0199905 0.912285 157.839 0.000738883 0.999752 -0.0222384 -2.72165 -0.912504 0.00977108 0.408952 52.591 
0.448339 0.0259909 0.893486 158.196 -0.00384471 0.999624 -0.0271491 -2.73379 -0.893855 0.00873681 0.448271 52.818 
0.486507 0.0295914 0.873175 158.54 -0.00497391 0.999504 -0.0311012 -2.74945 -0.873662 0.0107879 0.486413 53.052 
0.524114 0.0286057 0.851168 158.886 -0.00305214 0.999492 -0.0317111 -2.76328 -0.851643 0.0140224 0.523935 53.3024 
0.559893 0.0271069 0.828121 159.23 -0.00451873 0.99955 -0.0296631 -2.77664 -0.828553 0.0128661 0.559763 53.5789 
0.59341 0.0277862 0.804421 159.566 -0.00877194 0.999568 -0.028056 -2.79297 -0.804853 0.00959237 0.593397 53.8804 
0.624987 0.031916 0.779982 159.888 -0.0159071 0.999477 -0.0281513 -2.81164 -0.780473 0.00518696 0.625168 54.2022 
0.65497 0.0353732 0.754826 160.212 -0.0212219 0.999371 -0.0284187 -2.83094 -0.755357 0.00259457 0.655309 54.5391 
0.682783 0.0364241 0.729712 160.536 -0.0213015 0.999324 -0.0299503 -2.84674 -0.73031 0.00490563 0.683098 54.889 
0.707865 0.0344741 0.705506 160.863 -0.0163651 0.999341 -0.0324122 -2.86016 -0.706158 0.0113978 0.707962 55.2516 
0.730342 0.035734 0.682146 161.179 -0.0175378 0.999283 -0.0335702 -2.87262 -0.682856 0.0125544 0.730445 55.6392 
0.750109 0.0398125 0.660115 161.492 -0.0243381 0.999172 -0.0326053 -2.89084 -0.660866 0.00839159 0.750457 56.0517 
0.766453 0.0422696 0.640908 161.804 -0.0317257 0.999106 -0.0279533 -2.91167 -0.641516 0.00109168 0.767109 56.4863 
0.779552 0.0402841 0.625041 162.123 -0.0327122 0.999186 -0.0235991 -2.93149 -0.625483 -0.00204971 0.780236 56.9257 
0.790316 0.0351092 0.611693 162.451 -0.0285824 0.999383 -0.0204324 -2.94673 -0.612033 -0.00133556 0.790831 57.373 
0.799538 0.0274591 0.599988 162.787 -0.0222057 0.999623 -0.0161576 -2.9642 -0.600205 -0.000404518 0.799846 57.8307 
0.806908 0.0206084 0.590318 163.127 -0.0172349 0.999787 -0.0113448 -2.98241 -0.590426 -0.00101984 0.807091 58.3103 
0.813514 0.0173489 0.581286 163.466 -0.0155617 0.999846 -0.00806231 -2.99728 -0.581337 -0.00248697 0.813659 58.8075 
0.820522 0.0143924 0.571433 163.806 -0.0132524 0.999893 -0.00615443 -3.00777 -0.571461 -0.00252302 0.820625 59.3214 
0.827708 0.0100255 0.56107 164.148 -0.00780547 0.999949 -0.00635268 -3.01693 -0.561105 0.000878772 0.827744 59.8525 
0.834211 0.0109798 0.551336 164.488 -0.00672874 0.99993 -0.00973226 -3.03775 -0.551405 0.00440898 0.834226 60.3856 
0.839864 0.0150033 0.542589 164.825 -0.00822154 0.999855 -0.0149212 -3.05448 -0.542734 0.00807089 0.839866 60.9457 
0.84421 0.0201255 0.535635 165.168 -0.0112526 0.99974 -0.0198281 -3.06968 -0.535895 0.0107118 0.844217 61.5231 
0.84635 0.0247292 0.532053 165.518 -0.0142174 0.999615 -0.0238448 -3.08479 -0.532437 0.0126166 0.846375 62.1158 
0.846261 0.0295793 0.531947 165.875 -0.0195187 0.999509 -0.0245265 -3.10665 -0.532411 0.0103729 0.846423 62.7237 
0.844489 0.0298893 0.534738 166.25 -0.0222038 0.999537 -0.0208037 -3.12944 -0.535113 0.00569527 0.844762 63.3533 
0.842016 0.0312761 0.538545 166.634 -0.0245474 0.999505 -0.0196664 -3.15306 -0.538894 0.00333958 0.842367 63.9907 
0.8393 0.0328677 0.542675 167.028 -0.0269532 0.999459 -0.0188476 -3.1748 -0.543001 0.00119204 0.839731 64.6299 
0.836237 0.0330212 0.547374 167.436 -0.028314 0.999454 -0.0170376 -3.19458 -0.547637 -0.00125082 0.836715 65.2861 
0.832976 0.0306531 0.55246 167.86 -0.0255259 0.99953 -0.0169718 -3.21124 -0.55272 3.50648e-05 0.833367 65.9474 
0.829598 0.0275649 0.557681 168.295 -0.0234822 0.999619 -0.0144772 -3.23422 -0.557868 -0.0010853 0.829929 66.6137 
0.825687 0.028249 0.56342 168.734 -0.0248278 0.999597 -0.0137333 -3.25594 -0.563581 -0.00264909 0.826056 67.2863 
0.822295 0.030371 0.568251 169.186 -0.0261371 0.999537 -0.0155995 -3.27588 -0.568461 -0.00202501 0.822708 67.9654 
0.819312 0.0311915 0.572499 169.652 -0.0249485 0.999513 -0.0187522 -3.30184 -0.572805 0.00108096 0.819691 68.6489 
0.816412 0.0333924 0.576504 170.122 -0.0252645 0.999436 -0.0221114 -3.32654 -0.576918 0.00348687 0.816795 69.3433 
0.813608 0.0326375 0.580497 170.606 -0.0245357 0.999461 -0.0218045 -3.34994 -0.580895 0.00349742 0.813971 70.0447 
0.811123 0.0298077 0.584115 171.098 -0.0259344 0.999551 -0.014994 -3.37389 -0.5843 -0.00298672 0.811532 70.7615 
0.808661 0.0261659 0.587693 171.589 -0.0258575 0.999626 -0.00892663 -3.40268 -0.587707 -0.00797762 0.809035 71.4749 
0.806711 0.0247915 0.590425 172.087 -0.0216739 0.999689 -0.0123625 -3.43194 -0.590548 -0.00282378 0.806998 72.1737 
0.805298 0.0300398 0.592109 172.578 -0.0202954 0.999527 -0.0231066 -3.46072 -0.592523 0.0065906 0.805527 72.864 
0.803847 0.0323622 0.593955 173.074 -0.0179579 0.999384 -0.0301484 -3.48941 -0.594565 0.0135685 0.803933 73.5583 
0.803048 0.0288928 0.595214 173.581 -0.0139491 0.999462 -0.0296958 -3.52728 -0.595752 0.0155444 0.803018 74.2547 
0.802308 0.0232233 0.596459 174.087 -0.0115159 0.999659 -0.0234317 -3.56886 -0.5968 0.0119307 0.802302 74.96 
0.801843 0.0190584 0.597231 174.594 -0.00854298 0.999755 -0.0204335 -3.60408 -0.597474 0.0112823 0.801809 75.6583 
0.802087 0.0144353 0.597032 175.098 -0.00425615 0.999821 -0.0184561 -3.63483 -0.597192 0.0122624 0.802005 76.3539 
0.802398 0.0101494 0.596703 175.603 0.000972075 0.999832 -0.0183134 -3.66556 -0.596788 0.0152747 0.802253 77.0451 
0.803022 0.0084209 0.59589 176.098 0.003363 0.99982 -0.018661 -3.70016 -0.59594 0.0169892 0.80285 77.7358 
0.803785 0.0107357 0.594823 176.587 0.00389584 0.999721 -0.0233078 -3.73322 -0.594907 0.0210519 0.803519 78.4172 
0.804375 0.0105594 0.594028 177.077 0.00699792 0.999604 -0.0272447 -3.76889 -0.59408 0.0260719 0.803983 79.0983 
0.80457 0.00767309 0.593808 177.564 0.00937428 0.999628 -0.0256185 -3.80169 -0.593784 0.0261784 0.804199 79.7799 
0.804257 0.00610722 0.59425 178.045 0.0068007 0.999787 -0.019479 -3.83678 -0.594243 0.0197074 0.804044 80.466 
0.803754 0.000319318 0.594961 178.531 0.00739078 0.999917 -0.0105211 -3.86802 -0.594915 0.0128536 0.803686 81.1477 
0.803437 -0.00458644 0.595372 179.013 0.00978883 0.999937 -0.00550664 -3.89339 -0.595309 0.0102523 0.803431 81.8102 
0.802703 -0.00733805 0.596334 179.483 0.0125411 0.999911 -0.00457691 -3.91426 -0.596247 0.0111526 0.802723 82.4563 
0.801745 -0.0037095 0.597655 179.932 0.0103012 0.999918 -0.0076126 -3.94151 -0.597577 0.01226 0.801718 83.0895 
0.800591 0.0040484 0.599198 180.37 0.00721118 0.99984 -0.0163901 -3.96886 -0.599168 0.0174427 0.800433 83.7054 
0.799135 0.00852522 0.601091 180.803 0.00732282 0.999687 -0.0239139 -3.9965 -0.601107 0.0235121 0.798823 84.2997 
