1 2.12261e-08 -2.11895e-08 -2.30111e-15 2.12261e-08 1 2.10703e-08 -4.44089e-16 -2.11895e-08 2.10703e-08 1 -2.32592e-14 
0.999997 0.0026094 0.0001508 -0.0144713 -0.00260959 0.999995 0.00157182 -0.0181547 -0.000146741 -0.00157217 0.999999 0.786415 
0.999987 0.0050746 -7.91149e-05 -0.0196034 -0.00507437 0.999985 0.00211926 -0.0384866 8.98255e-05 -0.00211879 0.999998 1.56196 
0.99998 0.00630819 0.000296897 -0.0322678 -0.00630868 0.999978 0.00182777 -0.0546595 -0.000285403 -0.00182956 0.999998 2.31971 
0.999965 0.00832528 0.00037929 -0.0479383 -0.00832579 0.999964 0.00146569 -0.0685433 -0.000367117 -0.00146876 0.999999 3.0533 
0.999965 0.0083355 0.000705348 -0.0604072 -0.00833636 0.999964 0.00129174 -0.083764 -0.000694598 -0.00129753 0.999999 3.76875 
0.999965 0.00833872 0.000710279 -0.0684662 -0.00834035 0.999962 0.0023846 -0.100128 -0.00069041 -0.00239039 0.999997 4.47316 
0.999958 0.00911986 0.00105484 -0.0740346 -0.00912499 0.999946 0.00500974 -0.110377 -0.00100914 -0.00501912 0.999987 5.16616 
0.999959 0.00879291 0.00235157 -0.0813701 -0.00881398 0.99992 0.00912538 -0.11962 -0.00227119 -0.00914568 0.999956 5.84286 
0.99996 0.00818052 0.00368736 -0.0890119 -0.00822671 0.999886 0.0127015 -0.129609 -0.00358307 -0.0127313 0.999913 6.48428 
0.999962 0.0073984 0.00451309 -0.0909334 -0.00746515 0.99986 0.0149671 -0.137265 -0.00440177 -0.0150002 0.999878 7.10431 
0.999954 0.0080181 0.00532449 -0.0893592 -0.00809578 0.999859 0.0147385 -0.143428 -0.0052056 -0.0147809 0.999877 7.69749 
0.999942 0.00883449 0.00624228 -0.0931467 -0.00890989 0.999886 0.0121634 -0.151089 -0.00613416 -0.0122183 0.999907 8.26154 
0.999934 0.00896632 0.00713136 -0.0959541 -0.0090319 0.999917 0.00922369 -0.153925 -0.0070481 -0.00928745 0.999932 8.79957 
0.999936 0.00727446 0.00864807 -0.0952685 -0.00734176 0.999943 0.00778103 -0.159282 -0.00859102 -0.00784398 0.999932 9.31112 
0.999938 0.00360968 0.0105096 -0.0912306 -0.00366761 0.999978 0.00550259 -0.164381 -0.0104895 -0.00554075 0.99993 9.79191 
0.999925 0.0017234 0.0121213 -0.0846623 -0.0017763 0.999989 0.00435839 -0.173313 -0.0121136 -0.00437955 0.999917 10.241 
0.999884 0.00591233 0.0140596 -0.0892015 -0.00594613 0.99998 0.00236648 -0.183032 -0.0140453 -0.00244976 0.999898 10.6582 
0.999802 0.0101978 0.0170787 -0.0935999 -0.0102277 0.999946 0.00166722 -0.193897 -0.0170608 -0.00184152 0.999853 11.0465 
0.999736 0.0107804 0.0202872 -0.0883798 -0.0108344 0.999938 0.00255644 -0.198309 -0.0202584 -0.00277552 0.999791 11.4027 
0.999707 0.00664586 0.0232968 -0.0749502 -0.00671914 0.999973 0.00307029 -0.203155 -0.0232758 -0.00322588 0.999724 11.7311 
0.999663 0.00209785 0.0258716 -0.0619811 -0.00216551 0.999994 0.00258924 -0.203264 -0.0258661 -0.00264436 0.999662 12.0203 
0.999596 -0.00125044 0.0283981 -0.052624 0.00113743 0.999991 0.00399699 -0.209943 -0.0284029 -0.00396304 0.999589 12.2827 
0.999519 -0.00166577 0.0309658 -0.0457508 0.00150925 0.999986 0.00507842 -0.216174 -0.0309739 -0.0050292 0.999508 12.5173 
0.999451 -0.000917771 0.0331183 -0.0417802 0.000779319 0.999991 0.00419447 -0.221184 -0.0331219 -0.00416631 0.999443 12.7239 
0.999379 8.22356e-05 0.0352259 -0.0363928 -0.000177307 0.999996 0.00269702 -0.223975 -0.0352256 -0.00270155 0.999376 12.9133 
0.999283 0.00229889 0.037789 -0.0347118 -0.00237374 0.999995 0.00193721 -0.229829 -0.0377844 -0.00202549 0.999284 13.0855 
0.999214 0.00467738 0.0393668 -0.0336445 -0.0047389 0.999988 0.00147076 -0.240228 -0.0393595 -0.00165612 0.999224 13.2479 
0.999151 0.00584125 0.0407776 -0.030328 -0.00584769 0.999983 3.9877e-05 -0.245946 -0.0407767 -0.000278257 0.999168 13.4072 
0.999082 0.00501534 0.0425366 -0.0205632 -0.00494652 0.999986 -0.00172202 -0.249087 -0.0425447 0.00151007 0.999093 13.5589 
0.999025 0.00360832 0.044008 -0.0121016 -0.00347387 0.999989 -0.00313036 -0.252432 -0.0440188 0.00297447 0.999026 13.7081 
0.998983 0.0029012 0.0449929 -0.000222317 -0.00271644 0.999988 -0.00416602 -0.254629 -0.0450045 0.00403961 0.998979 13.8511 
0.998908 0.00344137 0.0465855 0.00388173 -0.00318708 0.99998 -0.00553078 -0.258132 -0.0466036 0.00537631 0.998899 13.9842 
0.998847 0.00446131 0.0478074 0.00821227 -0.00410599 0.999963 -0.00752699 -0.262533 -0.0478393 0.00732206 0.998828 14.1115 
0.998807 0.00449885 0.0486281 0.0132563 -0.00402869 0.999944 -0.00976128 -0.264761 -0.0486693 0.00955377 0.998769 14.236 
0.998782 0.0036855 0.0492139 0.022995 -0.00309578 0.999923 -0.0120528 -0.268271 -0.0492545 0.0118858 0.998716 14.3624 
0.998811 0.00256205 0.0486816 0.0289678 -0.00188243 0.9999 -0.0140002 -0.27083 -0.0487126 0.013892 0.998716 14.4891 
0.99891 0.00216975 0.0466195 0.0328088 -0.00146659 0.999885 -0.0151109 -0.274984 -0.0466469 0.0150261 0.998798 14.6169 
0.999046 0.00227035 0.0436191 0.0315338 -0.00157318 0.999871 -0.0160098 -0.278372 -0.0436498 0.0159259 0.99892 14.741 
0.999214 0.00258132 0.0395647 0.0293971 -0.00190354 0.999851 -0.0171581 -0.283912 -0.0396031 0.0170693 0.99907 14.8677 
0.999426 0.00277685 0.0337622 0.0263113 -0.00215555 0.999828 -0.0184235 -0.284211 -0.0338076 0.0183402 0.99926 14.9948 
0.99963 0.00271126 0.0270546 0.0249957 -0.0021951 0.999815 -0.0190884 -0.287369 -0.0271014 0.019022 0.999452 15.128 
0.999799 0.00263835 0.0199012 0.0174246 -0.00224306 0.9998 -0.0198565 -0.290558 -0.0199497 0.0198079 0.999605 15.254 
0.999926 0.00268407 0.0118455 0.00805835 -0.0024361 0.999779 -0.0208954 -0.292327 -0.011899 0.0208651 0.999712 15.3851 
0.999997 0.00145635 0.00177389 -0.00219083 -0.00141691 0.999757 -0.0220087 -0.296756 -0.00180556 0.0220061 0.999756 15.5251 
0.999935 -0.000216318 -0.0113755 -0.0125738 -5.37425e-05 0.999718 -0.0237387 -0.298254 0.0113774 0.0237378 0.999654 15.6762 
0.999616 -0.00107443 -0.0277006 -0.0328248 0.00036628 0.999673 -0.0255583 -0.303183 0.0277189 0.0255383 0.99929 15.8374 
0.998899 -0.000687073 -0.0469164 -0.0645708 -0.000555983 0.999649 -0.0264778 -0.308256 0.0469181 0.0264748 0.998548 16.013 
0.99763 9.07417e-05 -0.0688047 -0.102195 -0.00189003 0.999658 -0.0260866 -0.313581 0.0687788 0.0261548 0.997289 16.2084 
0.995703 0.000529152 -0.0926033 -0.148467 -0.00283508 0.999689 -0.0247718 -0.317913 0.0925613 0.024928 0.995395 16.4233 
0.992854 0.00143279 -0.119329 -0.207273 -0.00423396 0.999721 -0.0232245 -0.324981 0.119262 0.0235638 0.992583 16.653 
0.988754 0.00243288 -0.149534 -0.279825 -0.00566795 0.999759 -0.0212123 -0.33153 0.149446 0.0218214 0.988529 16.8987 
0.983158 0.00262167 -0.182739 -0.362349 -0.00597328 0.999824 -0.0177932 -0.336608 0.182661 0.0185851 0.983 17.1552 
0.975572 0.00352759 -0.219651 -0.462201 -0.00674767 0.999881 -0.0139116 -0.340567 0.219576 0.015054 0.975479 17.433 
0.96569 0.005273 -0.259646 -0.574559 -0.00774703 0.999934 -0.00850622 -0.345229 0.259584 0.0102259 0.965667 17.7138 
0.953462 0.00934111 -0.30137 -0.711486 -0.0110103 0.999932 -0.00384078 -0.347362 0.301314 0.00698027 0.9535 18.007 
0.938927 0.0128507 -0.343877 -0.858093 -0.0134892 0.999909 0.000535212 -0.351351 0.343853 0.00413616 0.939015 18.3005 
0.921738 0.0153273 -0.38751 -1.02463 -0.0139901 0.999883 0.00627147 -0.355291 0.387561 -0.000359315 0.921844 18.6056 
0.901907 0.0186553 -0.431528 -1.20718 -0.0140129 0.999805 0.0139349 -0.358728 0.431703 -0.006521 0.901992 18.9117 
0.879401 0.0225462 -0.475548 -1.41345 -0.0145828 0.999685 0.0204289 -0.359217 0.475859 -0.0110303 0.879452 19.2214 
0.853694 0.0275324 -0.520047 -1.6348 -0.0170415 0.999544 0.024943 -0.358102 0.520497 -0.0124312 0.853773 19.526 
0.824776 0.0305036 -0.564637 -1.87642 -0.0177766 0.999449 0.028027 -0.352694 0.565181 -0.0130787 0.824864 19.824 
0.79287 0.0337418 -0.608456 -2.13977 -0.0199553 0.999368 0.0294162 -0.343841 0.609064 -0.0111813 0.793042 20.1159 
0.757915 0.0362885 -0.651344 -2.42824 -0.0201758 0.999278 0.0321962 -0.335899 0.652042 -0.0112605 0.758099 20.4051 
0.719955 0.0398359 -0.692877 -2.74907 -0.0209879 0.999144 0.0356361 -0.319432 0.693704 -0.0111143 0.720175 20.6899 
0.680143 0.0409707 -0.731933 -3.09882 -0.0186248 0.999081 0.0386176 -0.306683 0.732842 -0.0126333 0.680281 20.9641 
0.638483 0.0406994 -0.768559 -3.47573 -0.0157641 0.999083 0.0398108 -0.292181 0.769475 -0.0133028 0.638539 21.2334 
0.595182 0.0395068 -0.802619 -3.87435 -0.0102662 0.999083 0.0415643 -0.278344 0.803525 -0.0164985 0.595042 21.486 
0.549923 0.0396844 -0.834272 -4.29922 -0.00561859 0.999024 0.0438177 -0.262291 0.835196 -0.0194089 0.549609 21.7256 
0.502797 0.0410402 -0.86343 -4.75105 -0.00338976 0.998958 0.0455082 -0.245121 0.864398 -0.0199545 0.502412 21.9411 
0.452795 0.0404884 -0.890695 -5.22837 -0.00215044 0.999015 0.0443192 -0.222386 0.891612 -0.018152 0.452436 22.1341 
0.400185 0.0394305 -0.915586 -5.72779 0.00291171 0.999014 0.044296 -0.202065 0.91643 -0.0203925 0.399675 22.3087 
0.346324 0.0386556 -0.937318 -6.25489 0.00808685 0.998991 0.0441869 -0.182558 0.93808 -0.0228829 0.345662 22.4645 
0.291884 0.0376395 -0.955713 -6.8166 0.0105076 0.999039 0.042555 -0.157409 0.956396 -0.0224633 0.291208 22.6027 
0.23794 0.0433619 -0.970311 -7.39542 0.0114472 0.998808 0.0474424 -0.130786 0.971212 -0.0223958 0.237161 22.706 
0.186284 0.0483098 -0.981308 -7.99466 0.0137298 0.998565 0.0517657 -0.103223 0.9824 -0.0231162 0.185353 22.7783 
0.137755 0.049824 -0.989212 -8.61442 0.0192314 0.998411 0.0529654 -0.0796606 0.99028 -0.0263202 0.136578 22.8341 
0.0931926 0.0513103 -0.994325 -9.24843 0.0219019 0.998324 0.0535694 -0.0608232 0.995407 -0.0267698 0.0919126 22.862 
0.0527064 0.049539 -0.997381 -9.89985 0.0215829 0.998479 0.0507341 -0.0336757 0.998377 -0.0242003 0.051557 22.8626 
0.0171803 0.0451146 -0.998834 -10.5607 0.0184472 0.998797 0.0454302 -0.00173993 0.999682 -0.0192062 0.0163274 22.8343 
-0.0114365 0.0449711 -0.998923 -11.2487 0.0161412 0.998866 0.0447837 0.030557 0.999804 -0.0156116 -0.0121494 22.7944 
-0.0324571 0.0491065 -0.998266 -11.9586 0.0149178 0.998705 0.0486431 0.0590007 0.999362 -0.013313 -0.0331477 22.7444 
-0.0453852 0.0549899 -0.997455 -12.6915 0.0162084 0.998393 0.0543041 0.0895077 0.998838 -0.0137025 -0.0462035 22.6921 
-0.0533784 0.0576411 -0.996909 -13.4387 0.0158688 0.998256 0.0568693 0.118822 0.998448 -0.0127841 -0.0541999 22.6312 
-0.0570792 0.0549683 -0.996855 -14.2132 0.0171057 0.99839 0.0540735 0.150543 0.998223 -0.0139654 -0.0579276 22.5686 
-0.0565269 0.0513089 -0.997082 -15.005 0.0246587 0.998446 0.0499811 0.185756 0.998097 -0.0217614 -0.0577042 22.5213 
-0.0524316 0.0500306 -0.997371 -15.8101 0.0364978 0.998173 0.0481522 0.226544 0.997957 -0.0338771 -0.0541618 22.4877 
-0.047016 0.0500805 -0.997638 -16.6454 0.036885 0.998148 0.0483678 0.262262 0.998213 -0.0345238 -0.0487761 22.4414 
-0.0419903 0.0486495 -0.997933 -17.4943 0.0353406 0.998261 0.0471785 0.288013 0.998493 -0.0332865 -0.0436366 22.3908 
-0.0387088 0.0422404 -0.998357 -18.354 0.0388538 0.998414 0.0407363 0.326558 0.998495 -0.0372131 -0.0402886 22.3486 
-0.0365377 0.0314036 -0.998839 -19.2245 0.0367042 0.998874 0.030062 0.35319 0.998658 -0.0355631 -0.0376492 22.3014 
-0.03589 0.0228643 -0.999094 -20.1252 0.0290495 0.99934 0.0218264 0.374637 0.998933 -0.0282398 -0.0365305 22.2382 
-0.0371227 0.0197894 -0.999115 -21.0566 0.0233913 0.999547 0.0189288 0.399767 0.999037 -0.0226679 -0.0375688 22.1765 
-0.0408274 0.0256285 -0.998838 -22.0062 0.0144636 0.999581 0.0250564 0.412669 0.999062 -0.0134237 -0.041181 22.1086 
-0.0457218 0.033521 -0.998392 -22.9995 0.00944447 0.999407 0.0331225 0.438396 0.99891 -0.00791482 -0.0460113 22.0254 
-0.0503571 0.0429099 -0.997809 -24.0174 0.00786916 0.999063 0.0425667 0.472242 0.9987 -0.00570835 -0.0506475 21.9519 
-0.052184 0.0529092 -0.997235 -25.0422 0.00689971 0.998591 0.0526201 0.5111 0.998614 -0.00413466 -0.0524755 21.883 
-0.0533174 0.0606773 -0.996732 -26.0648 0.00866079 0.998143 0.0602999 0.553881 0.99854 -0.00541742 -0.0537439 21.8137 
-0.0547968 0.0613739 -0.99661 -27.0937 0.00988308 0.998094 0.0609219 0.604947 0.998449 -0.00651121 -0.0552989 21.7398 
-0.0565722 0.0586721 -0.996673 -28.1126 0.00888702 0.998262 0.0582612 0.649241 0.998359 -0.00556146 -0.0569953 21.6638 
-0.0591928 0.0537619 -0.996798 -29.1249 0.00852639 0.99854 0.0533495 0.689947 0.99821 -0.00534114 -0.0595648 21.5801 
-0.0639373 0.0486086 -0.996769 -30.1423 0.00864979 0.998803 0.0481529 0.728509 0.997916 -0.00554304 -0.0642812 21.495 
-0.0695679 0.04401 -0.996606 -31.1539 0.00902366 0.999013 0.0434864 0.762716 0.997536 -0.00596774 -0.0698963 21.4084 
-0.0767029 0.0420081 -0.996169 -32.1863 0.0082367 0.999105 0.0414977 0.796814 0.99702 -0.0050221 -0.0769802 21.3067 
-0.0833441 0.0446074 -0.995522 -33.2475 0.00865917 0.998992 0.0440379 0.829132 0.996483 -0.00495005 -0.0836464 21.1962 
-0.0897484 0.0493903 -0.994739 -34.3207 0.00741521 0.998775 0.0489216 0.865823 0.995937 -0.00298552 -0.0900047 21.0767 
-0.0958502 0.0522158 -0.994025 -35.4003 0.00477149 0.998636 0.0519978 0.903322 0.995384 0.000241055 -0.0959686 20.9455 
-0.100464 0.0542753 -0.993459 -36.4759 0.00169773 0.998519 0.0543801 0.948988 0.994939 0.00377664 -0.100407 20.8099 
-0.103225 0.0554981 -0.993109 -37.5514 -0.00280564 0.998422 0.0560866 0.991882 0.994654 0.00857588 -0.102906 20.6729 
-0.104949 0.0566993 -0.99286 -38.6361 -0.00677512 0.998309 0.0577266 1.0361 0.994455 0.0127851 -0.104387 20.5305 
-0.106423 0.0562401 -0.992729 -39.7282 -0.00811217 0.998317 0.0574263 1.08155 0.994288 0.0141647 -0.105787 20.3895 
-0.10786 0.0552074 -0.992632 -40.8186 -0.00852694 0.998369 0.056453 1.13183 0.99413 0.0145532 -0.107214 20.2499 
-0.109097 0.0544858 -0.992537 -41.9024 -0.00995211 0.998387 0.0559008 1.17799 0.993981 0.0159765 -0.108378 20.1084 
-0.109753 0.053477 -0.992519 -42.999 -0.0122923 0.998402 0.0551532 1.22364 0.993883 0.0182536 -0.10892 19.9574 
-0.110345 0.0508239 -0.992593 -44.1041 -0.0167612 0.998455 0.0529874 1.26911 0.993752 0.022484 -0.109323 19.8078 
-0.110532 0.0458787 -0.992813 -45.194 -0.0221448 0.998572 0.0486102 1.30748 0.993626 0.0273587 -0.109358 19.652 
-0.109809 0.0451933 -0.992925 -46.2966 -0.0236893 0.998563 0.0480698 1.3496 0.99367 0.0288003 -0.108581 19.5066 
-0.108522 0.0494574 -0.992863 -47.4041 -0.0243027 0.998331 0.0523861 1.38842 0.993797 0.0298143 -0.107139 19.3695 
-0.106901 0.0527067 -0.992872 -48.5159 -0.0240576 0.998165 0.0555779 1.42779 0.993979 0.0298275 -0.105437 19.2345 
-0.105386 0.0524817 -0.993046 -49.6305 -0.022268 0.998231 0.055119 1.47629 0.994182 0.027922 -0.104031 19.0983 
-0.10291 0.0516699 -0.993348 -50.7491 -0.0220384 0.998286 0.0542099 1.52243 0.994446 0.0274706 -0.101595 18.9612 
-0.0991423 0.0521796 -0.993704 -51.8809 -0.0262742 0.998139 0.0550339 1.56763 0.994726 0.031565 -0.0975868 18.8247 
-0.0935785 0.0531013 -0.994195 -53.0069 -0.0311432 0.997932 0.0562323 1.61086 0.995125 0.0362246 -0.0917312 18.6932 
-0.0880045 0.0524752 -0.994737 -54.1334 -0.0350174 0.997831 0.0557364 1.65913 0.995504 0.0397382 -0.0859761 18.5704 
-0.0825076 0.0518746 -0.995239 -55.2669 -0.0362221 0.997828 0.0550124 1.70451 0.995932 0.0405886 -0.0804494 18.4582 
-0.0769543 0.0509907 -0.99573 -56.3997 -0.0357663 0.997907 0.0538663 1.75251 0.996393 0.0397588 -0.0749696 18.3536 
-0.0718998 0.0510185 -0.996106 -57.5443 -0.0339043 0.997989 0.0535622 1.79648 0.996835 0.0376235 -0.0700255 18.2563 
-0.0665299 0.0516688 -0.996446 -58.681 -0.0330656 0.997996 0.0539569 1.8417 0.997236 0.0365378 -0.0646881 18.1638 
-0.0613182 0.0533942 -0.996689 -59.8352 -0.0317648 0.997958 0.0554164 1.88714 0.997613 0.0350577 -0.059497 18.0789 
-0.05594 0.0545799 -0.996941 -60.9824 -0.0327061 0.997869 0.0564658 1.93506 0.997898 0.0357648 -0.0540357 17.9964 
-0.0510318 0.0540303 -0.997234 -62.1372 -0.0319498 0.997936 0.0557033 1.9806 0.998186 0.0347041 -0.0492002 17.9232 
-0.0461433 0.0495973 -0.997703 -63.2829 -0.0321854 0.998174 0.0511093 2.02448 0.998416 0.0344699 -0.0444627 17.8498 
-0.0419081 0.0445437 -0.998128 -64.4312 -0.0319303 0.998436 0.045898 2.0628 0.998611 0.0337941 -0.0404202 17.7849 
-0.0379898 0.0438232 -0.998317 -65.5897 -0.0318927 0.998476 0.0450438 2.10656 0.998769 0.0335503 -0.0365343 17.7167 
-0.0347489 0.0462086 -0.998327 -66.7537 -0.0312668 0.998391 0.0472999 2.14215 0.998907 0.0328581 -0.0332482 17.6553 
-0.0327529 0.0456828 -0.998419 -67.9216 -0.031485 0.998412 0.0467153 2.18351 0.998967 0.0329653 -0.0312626 17.5977 
-0.0316771 0.0453899 -0.998467 -69.0887 -0.033291 0.998366 0.0464415 2.2238 0.998944 0.0347112 -0.0301143 17.5365 
-0.0308451 0.0462194 -0.998455 -70.2712 -0.034542 0.998284 0.0472786 2.26239 0.998927 0.0359469 -0.0291956 17.481 
-0.0297726 0.0458313 -0.998505 -71.4518 -0.0354098 0.998273 0.0468765 2.30097 0.998929 0.0367526 -0.0280983 17.4233 
-0.0286356 0.0439052 -0.998625 -72.63 -0.0357309 0.998352 0.0449178 2.33638 0.998951 0.0369681 -0.0270196 17.3683 
-0.028058 0.0423564 -0.998709 -73.8101 -0.0339364 0.998486 0.0433004 2.37728 0.99903 0.0351075 -0.0265781 17.3157 
-0.0276529 0.0424426 -0.998716 -75.0027 -0.0308686 0.998586 0.0432918 2.41048 0.999141 0.0320262 -0.0263036 17.2661 
-0.0273389 0.0433733 -0.998685 -76.1881 -0.02846 0.99862 0.0441496 2.442 0.999221 0.0296296 -0.0260668 17.2164 
-0.0274008 0.0462312 -0.998555 -77.377 -0.02832 0.998493 0.0470055 2.4769 0.999223 0.0295671 -0.0260503 17.1642 
-0.0270167 0.0497769 -0.998395 -78.5605 -0.0308891 0.998241 0.0506051 2.5129 0.999158 0.0322067 -0.0254316 17.1085 
-0.026498 0.0496911 -0.998413 -79.7375 -0.0333066 0.998165 0.0505628 2.55161 0.999094 0.0345936 -0.0247944 17.0532 
-0.0263862 0.0478055 -0.998508 -80.9092 -0.0342995 0.998224 0.0486983 2.5886 0.999063 0.0355333 -0.0246996 17.0025 
-0.0261225 0.0453661 -0.998629 -82.0873 -0.034165 0.998346 0.0462469 2.62571 0.999075 0.0353263 -0.0245294 16.9527 
-0.026281 0.0447624 -0.998652 -83.2693 -0.0318967 0.998451 0.0455928 2.66032 0.999146 0.033052 -0.0248125 16.9052 
-0.0263203 0.0464815 -0.998572 -84.4455 -0.0305217 0.998415 0.0472787 2.69345 0.999188 0.0317226 -0.0248598 16.8571 
-0.0260408 0.0492024 -0.998449 -85.632 -0.0299693 0.998301 0.0499767 2.7329 0.999212 0.0312243 -0.024522 16.8089 
-0.0254818 0.0515404 -0.998346 -86.7984 -0.030238 0.998173 0.0523033 2.77069 0.999218 0.0315208 -0.0238768 16.7568 
-0.0254722 0.0518968 -0.998328 -87.9624 -0.0317382 0.998106 0.0526951 2.80484 0.999172 0.0330274 -0.0237768 16.7048 
-0.0253276 0.0497505 -0.998441 -89.1346 -0.0314142 0.998228 0.0505368 2.84751 0.999186 0.0326452 -0.0237199 16.6585 
-0.0251745 0.04852 -0.998505 -90.306 -0.0299807 0.998336 0.0492676 2.88748 0.999233 0.0311762 -0.0236779 16.6134 
-0.0254022 0.0495619 -0.998448 -91.4764 -0.0285812 0.998326 0.050283 2.9265 0.999269 0.0298142 -0.0239431 16.5692 
-0.025404 0.052667 -0.998289 -92.6499 -0.0262626 0.998231 0.0533322 2.96426 0.999332 0.0275726 -0.0239759 16.528 
-0.0253591 0.0552412 -0.998151 -93.8297 -0.0249545 0.998126 0.0558739 3.00986 0.999367 0.0263253 -0.0239331 16.4798 
-0.0248023 0.0571573 -0.998057 -95.0022 -0.0255054 0.998003 0.057788 3.05251 0.999367 0.0268891 -0.0232949 16.4275 
-0.024579 0.0589397 -0.997959 -96.1772 -0.0282153 0.997822 0.0596266 3.10201 0.9993 0.0296234 -0.0228625 16.3743 
-0.0242995 0.0581557 -0.998012 -97.33 -0.0303793 0.997803 0.0588832 3.14527 0.999243 0.0317498 -0.0224794 16.323 
-0.0243847 0.0541582 -0.998235 -98.4911 -0.032698 0.997954 0.0549417 3.19135 0.999168 0.03398 -0.022564 16.2694 
-0.0240483 0.0522542 -0.998344 -99.6532 -0.0338358 0.998018 0.0530521 3.2384 0.999138 0.0350557 -0.0222326 16.22 
-0.0241505 0.0507064 -0.998422 -100.816 -0.0336718 0.998105 0.0515048 3.27993 0.999141 0.0348625 -0.0223974 16.177 
-0.0239894 0.0511215 -0.998404 -101.972 -0.0325412 0.998123 0.051889 3.32328 0.999182 0.0337341 -0.0222808 16.1318 
-0.0243053 0.0531557 -0.99829 -103.127 -0.0323642 0.99802 0.0539292 3.36692 0.999181 0.0336197 -0.0225368 16.0854 
-0.0243355 0.0553252 -0.998172 -104.297 -0.0312836 0.997936 0.0560748 3.41276 0.999214 0.0325911 -0.0225545 16.0376 
-0.0250576 0.0542223 -0.998214 -105.462 -0.0345648 0.997884 0.055072 3.46064 0.999088 0.0358831 -0.0231304 15.987 
-0.0252439 0.0553257 -0.998149 -106.629 -0.0387888 0.997661 0.0562797 3.5093 0.998929 0.0401377 -0.0230388 15.9306 
-0.0257076 0.0541099 -0.998204 -107.8 -0.0418726 0.997599 0.0551555 3.5611 0.998792 0.0432154 -0.0233801 15.8781 
-0.0261116 0.0503176 -0.998392 -108.974 -0.0427051 0.997765 0.0514029 3.60456 0.998746 0.0439787 -0.0239044 15.8262 
-0.0269014 0.0462037 -0.99857 -110.159 -0.0427041 0.997966 0.0473262 3.65257 0.998726 0.0439162 -0.0248736 15.7747 
-0.0279048 0.0453506 -0.998581 -111.354 -0.0391219 0.998155 0.0464245 3.69509 0.998845 0.0403619 -0.0260792 15.7231 
-0.0284018 0.0447035 -0.998597 -112.585 -0.0346021 0.998357 0.0456769 3.73883 0.998998 0.0358509 -0.0268083 15.6732 
-0.0291805 0.0467523 -0.99848 -113.796 -0.0338548 0.998286 0.0477326 3.77879 0.999001 0.0351962 -0.0275477 15.6217 
-0.0301137 0.0507543 -0.998257 -115.029 -0.0329633 0.998116 0.0517416 3.82336 0.999003 0.034464 -0.0283839 15.563 
-0.0308935 0.0508343 -0.998229 -116.268 -0.0314572 0.998162 0.0518045 3.87318 0.999028 0.0330019 -0.0292376 15.5085 
-0.0314839 0.0463099 -0.998431 -117.506 -0.0314674 0.998385 0.0473001 3.92357 0.999009 0.0329072 -0.0299758 15.4446 
-0.0323158 0.042574 -0.998571 -118.763 -0.0317278 0.998545 0.0435997 3.96925 0.998974 0.0330914 -0.030918 15.383 
-0.0332531 0.0411118 -0.998601 -120.017 -0.0309056 0.998634 0.0421423 4.0093 0.998969 0.0322638 -0.0319371 15.3197 
-0.0341177 0.0421656 -0.998528 -121.277 -0.032506 0.998534 0.0432765 4.05188 0.998889 0.0339347 -0.0326971 15.2548 
-0.0344013 0.0465792 -0.998322 -122.538 -0.0372693 0.998159 0.0478558 4.09446 0.998713 0.0388531 -0.032602 15.1765 
-0.0348838 0.049618 -0.998159 -123.799 -0.0425115 0.997789 0.0510853 4.13887 0.998487 0.0442154 -0.0326973 15.1038 
-0.0352855 0.0491845 -0.998166 -125.068 -0.0496707 0.997468 0.0509059 4.18656 0.998142 0.0513759 -0.0327531 15.0295 
-0.0354727 0.0470045 -0.998265 -126.336 -0.052665 0.997417 0.048836 4.23271 0.997982 0.054306 -0.0329056 14.9593 
-0.0358774 0.0457659 -0.998308 -127.626 -0.0548173 0.997357 0.0476923 4.27679 0.997852 0.0564356 -0.0332738 14.883 
-0.0367429 0.0451202 -0.998306 -128.889 -0.0548325 0.997384 0.0470966 4.31464 0.997819 0.0564701 -0.0341727 14.8175 
-0.0372543 0.0443196 -0.998323 -130.173 -0.0525357 0.997548 0.0462457 4.35833 0.997924 0.0541705 -0.0348346 14.7484 
-0.0372946 0.0448603 -0.998297 -131.455 -0.0525546 0.997521 0.0467888 4.40201 0.997921 0.0542101 -0.0348446 14.6636 
-0.0382765 0.0499378 -0.998019 -132.721 -0.0519045 0.997303 0.0518927 4.44541 0.997918 0.053788 -0.0355813 14.5969 
-0.0389843 0.0539199 -0.997784 -134.001 -0.0505277 0.997159 0.0558603 4.49519 0.997962 0.0525935 -0.0361491 14.5255 
-0.0392415 0.0523675 -0.997857 -135.256 -0.0507093 0.997235 0.054329 4.54724 0.997942 0.0527326 -0.0364775 14.4568 
-0.0387111 0.0508972 -0.997953 -136.512 -0.050407 0.997331 0.0528207 4.59828 0.997978 0.0523486 -0.0360422 14.3887 
-0.037602 0.0505126 -0.998015 -137.772 -0.0494894 0.997402 0.0523461 4.64028 0.998067 0.0513596 -0.0350045 14.3201 
-0.0368514 0.0498933 -0.998075 -139.023 -0.0498981 0.997415 0.0517027 4.68413 0.998074 0.0517074 -0.0342666 14.2528 
-0.0362589 0.0518674 -0.997996 -140.288 -0.0498357 0.997316 0.0536427 4.73208 0.998099 0.0516809 -0.0335767 14.1867 
-0.0356332 0.0556648 -0.997814 -141.551 -0.0509036 0.99705 0.0574401 4.78031 0.998068 0.0528391 -0.0326945 14.1192 
-0.0343286 0.0566538 -0.997804 -142.813 -0.0526882 0.996901 0.0584152 4.83197 0.998021 0.0545778 -0.0312372 14.0497 
-0.0335926 0.0538061 -0.997986 -144.065 -0.0544173 0.99697 0.0555831 4.88249 0.997953 0.056175 -0.0305628 13.9837 
-0.0338593 0.0508414 -0.998133 -145.31 -0.05323 0.997196 0.0525994 4.93095 0.998008 0.0549116 -0.031058 13.9242 
-0.0338783 0.0492974 -0.998209 -146.571 -0.0503133 0.997432 0.0509666 4.97688 0.998159 0.0519499 -0.0313109 13.8657 
-0.0343507 0.0489156 -0.998212 -147.817 -0.0489384 0.997521 0.0505658 5.01971 0.998211 0.0505879 -0.0318717 13.8065 
-0.0348088 0.049335 -0.998176 -149.066 -0.046263 0.997631 0.0509214 5.06189 0.998323 0.0479512 -0.0324439 13.7482 
-0.0355582 0.0478796 -0.99822 -150.31 -0.0440725 0.997805 0.0494296 5.1055 0.998395 0.0457517 -0.0333699 13.6932 
-0.0358088 0.0481679 -0.998197 -151.558 -0.0434548 0.997818 0.0497085 5.1475 0.998413 0.0451565 -0.0336375 13.6297 
-0.0366185 0.050616 -0.998047 -152.826 -0.0409652 0.997801 0.0521066 5.19874 0.998489 0.0427933 -0.0344645 13.5769 
-0.0370656 0.0520993 -0.997954 -154.06 -0.0384227 0.997827 0.0535198 5.24157 0.998574 0.0403279 -0.0349832 13.5168 
-0.0373377 0.0507649 -0.998012 -155.297 -0.0362404 0.997983 0.0521192 5.28791 0.998645 0.0381144 -0.0354226 13.4533 
-0.0384864 0.0507986 -0.997967 -156.528 -0.0373264 0.997937 0.0522366 5.33411 0.998562 0.039261 -0.0365109 13.3881 
-0.0386589 0.0552891 -0.997722 -157.775 -0.0380246 0.997664 0.0567592 5.38388 0.998529 0.0401322 -0.0364662 13.3166 
-0.0384012 0.0616789 -0.997357 -159.013 -0.0430284 0.997065 0.0633176 5.43447 0.998336 0.0453462 -0.0356345 13.2461 
-0.0376106 0.0615227 -0.997397 -160.242 -0.0478005 0.99685 0.0632915 5.49289 0.998149 0.0500566 -0.0345512 13.1689 
-0.0363535 0.0574554 -0.997686 -161.48 -0.0513472 0.99692 0.0592822 5.55085 0.998019 0.0533835 -0.0332913 13.0943 
-0.0345146 0.0519762 -0.998052 -162.724 -0.0534919 0.997119 0.0537775 5.60465 0.997972 0.0552438 -0.0316349 13.0162 
-0.0336242 0.050153 -0.998175 -163.966 -0.0560071 0.997076 0.0519844 5.65411 0.997864 0.0576529 -0.030717 12.9414 
-0.0323459 0.0473561 -0.998354 -165.191 -0.0506162 0.997518 0.0489563 5.6961 0.998194 0.0521165 -0.0298686 12.8829 
-0.0322778 0.0430388 -0.998552 -166.414 -0.0475712 0.997874 0.0445473 5.73551 0.998346 0.0489403 -0.0301618 12.8239 
-0.0327658 0.0400442 -0.998661 -167.636 -0.0414788 0.998282 0.0413899 5.77153 0.998602 0.0427795 -0.0310486 12.7703 
-0.033869 0.0428836 -0.998506 -168.876 -0.0391958 0.998253 0.0442023 5.81052 0.998657 0.0406344 -0.032129 12.7108 
-0.0333475 0.0492924 -0.998228 -170.113 -0.0396455 0.997932 0.0506023 5.84841 0.998657 0.0412627 -0.0313243 12.6495 
-0.0319914 0.0523215 -0.998118 -171.35 -0.0413147 0.997706 0.0536242 5.8949 0.998634 0.0429525 -0.0297564 12.5882 
-0.0301514 0.0489844 -0.998344 -172.574 -0.0425554 0.99783 0.0502444 5.94167 0.998639 0.0439999 -0.0280015 12.5259 
-0.0298554 0.0488492 -0.99836 -173.803 -0.0449422 0.997729 0.0501623 5.9878 0.998543 0.0463661 -0.0275922 12.4701 
-0.0291131 0.0500636 -0.998322 -175.024 -0.043044 0.997756 0.0512905 6.02658 0.998649 0.0444651 -0.0268928 12.4205 
-0.0286192 0.0481557 -0.99843 -176.227 -0.043333 0.99784 0.0493694 6.06717 0.998651 0.0446779 -0.0264706 12.3656 
-0.0269681 0.0466379 -0.998548 -177.41 -0.0433726 0.997916 0.0477797 6.1037 0.998695 0.0445982 -0.0248891 12.311 
-0.025445 0.0485511 -0.998497 -178.572 -0.0449848 0.997753 0.0496613 6.1359 0.998664 0.0461808 -0.0232038 12.2602 
-0.024025 0.050583 -0.998431 -179.707 -0.0446658 0.997668 0.0516191 6.16586 0.998713 0.0458359 -0.0217096 12.2104 
-0.023636 0.0518816 -0.998374 -180.807 -0.0455075 0.997562 0.0529168 6.19672 0.998684 0.0466843 -0.0212174 12.1637 
-0.0235418 0.0530968 -0.998312 -181.892 -0.0459557 0.997476 0.054136 6.22796 0.998666 0.0471526 -0.0210422 12.1161 
-0.0238297 0.054265 -0.998242 -182.948 -0.0452475 0.997444 0.0553017 6.25749 0.998692 0.0464858 -0.0213134 12.0722 
-0.023432 0.0532654 -0.998305 -183.988 -0.0449692 0.997513 0.0542786 6.29276 0.998714 0.0461649 -0.0209784 12.0272 
-0.0222763 0.053153 -0.998338 -184.979 -0.0457596 0.997485 0.0541287 6.32245 0.998704 0.0468894 -0.0197881 11.9918 
-0.0209954 0.053983 -0.998321 -185.936 -0.0462286 0.997421 0.0549065 6.34985 0.99871 0.0473038 -0.0184457 11.9545 
-0.0222475 0.0526066 -0.998368 -186.881 -0.0446364 0.997567 0.0535591 6.37505 0.998756 0.0457552 -0.0198452 11.9262 
-0.025648 0.0498243 -0.998429 -187.816 -0.0424968 0.9978 0.0508846 6.40084 0.998767 0.0437351 -0.0234742 11.8924 
-0.0306802 0.0463047 -0.998456 -188.759 -0.0422702 0.997973 0.0475812 6.43048 0.998635 0.0436648 -0.0286607 11.8436 
-0.0360592 0.0429751 -0.998425 -189.712 -0.0439391 0.998041 0.0445454 6.46536 0.998383 0.0454762 -0.0341003 11.7991 
-0.0405031 0.0421988 -0.998288 -190.644 -0.0458888 0.997975 0.0440474 6.4913 0.998125 0.0475944 -0.0384846 11.7508 
-0.0437193 0.0428163 -0.998126 -191.574 -0.04755 0.99786 0.0448877 6.51625 0.997912 0.0494234 -0.0415898 11.6931 
-0.0460151 0.0445922 -0.997945 -192.507 -0.0460743 0.997845 0.0467122 6.54277 0.997878 0.0481291 -0.0438614 11.6394 
-0.0479768 0.0463299 -0.997773 -193.433 -0.0428843 0.997907 0.0483981 6.56724 0.997927 0.0451109 -0.0458896 11.5895 
-0.0497349 0.0467293 -0.997669 -194.36 -0.0413713 0.997951 0.0488049 6.59863 0.997905 0.0437022 -0.0476997 11.5326 
-0.0508716 0.0456398 -0.997662 -195.274 -0.0418741 0.997979 0.0477896 6.62562 0.997827 0.0442074 -0.0488577 11.4705 
-0.0518581 0.0442849 -0.997672 -196.187 -0.0437061 0.997958 0.0465694 6.65338 0.997698 0.0460194 -0.0498167 11.4059 
-0.0518853 0.0434268 -0.997708 -197.094 -0.0472061 0.997831 0.0458871 6.68193 0.997537 0.0494789 -0.0497228 11.3366 
-0.0511467 0.0413643 -0.997834 -198.006 -0.0499138 0.997787 0.0439208 6.71166 0.997443 0.0520522 -0.0489689 11.2704 
-0.0502848 0.0387636 -0.997982 -198.915 -0.0502082 0.997885 0.0412896 6.73707 0.997472 0.0521832 -0.0482322 11.207 
-0.0498494 0.035973 -0.998109 -199.829 -0.049947 0.998011 0.038464 6.76403 0.997507 0.05177 -0.0479535 11.1441 
-0.0493762 0.0353828 -0.998153 -200.757 -0.0500495 0.998029 0.0378542 6.79173 0.997526 0.0518262 -0.047508 11.082 
-0.048799 0.03817 -0.998079 -201.689 -0.0475084 0.99805 0.0404917 6.81669 0.997678 0.0493932 -0.0468905 11.0198 
-0.0490685 0.0394759 -0.998015 -202.628 -0.046983 0.998021 0.0417862 6.84 0.99769 0.0489402 -0.0471167 10.9605 
-0.0483099 0.0359117 -0.998187 -203.573 -0.042333 0.998382 0.0379675 6.86405 0.997935 0.0440905 -0.0467115 10.9022 
-0.0481052 0.0327812 -0.998304 -204.512 -0.0407752 0.998564 0.0347545 6.89118 0.99801 0.0423779 -0.0466994 10.8441 
-0.0476069 0.0329292 -0.998323 -205.451 -0.0450051 0.998371 0.035077 6.91652 0.997852 0.0465996 -0.0460473 10.7745 
-0.0463701 0.0370146 -0.998238 -206.416 -0.0466443 0.998143 0.0391777 6.93711 0.997835 0.0483789 -0.0445575 10.7085 
-0.0445829 0.0364268 -0.998341 -207.38 -0.0442436 0.998283 0.0384005 6.96617 0.998026 0.0458823 -0.0428947 10.6523 
-0.0425452 0.037608 -0.998387 -208.35 -0.0430816 0.998293 0.0394404 6.99831 0.998165 0.0446901 -0.0408524 10.5959 
-0.0406884 0.0424773 -0.998269 -209.338 -0.0440425 0.998049 0.0442631 7.02689 0.998201 0.0457672 -0.0387382 10.5308 
-0.0387292 0.0465918 -0.998163 -210.335 -0.0411691 0.99799 0.0481811 7.05872 0.998401 0.0429595 -0.0367332 10.4732 
-0.0375954 0.0469802 -0.998188 -211.34 -0.0407877 0.99799 0.0485071 7.09637 0.99846 0.0425375 -0.0356036 10.4203 
-0.0353649 0.0474165 -0.998249 -212.346 -0.0443156 0.997817 0.0489659 7.13537 0.998391 0.0459698 -0.0331864 10.3592 
-0.0324914 0.0490673 -0.998267 -213.371 -0.0472782 0.997601 0.0505734 7.17503 0.998353 0.0488395 -0.0300937 10.3003 
-0.0290935 0.049279 -0.998361 -214.396 -0.0486725 0.997529 0.0506563 7.21131 0.998391 0.0500666 -0.0266231 10.2516 
-0.0260417 0.0463195 -0.998587 -215.421 -0.0516375 0.99753 0.0476171 7.25322 0.998326 0.0528046 -0.0235855 10.2 
-0.0233141 0.0430259 -0.998802 -216.449 -0.0516461 0.997688 0.0441834 7.29058 0.998393 0.0526144 -0.021038 10.1566 
-0.0217898 0.042183 -0.998872 -217.489 -0.0508388 0.99777 0.0432455 7.325 0.998469 0.0517238 -0.0195966 10.1188 
-0.0203569 0.0441563 -0.998817 -218.542 -0.0512247 0.997666 0.0451494 7.35963 0.99848 0.0520833 -0.0180475 10.0811 
-0.019044 0.0475698 -0.998686 -219.607 -0.0531031 0.99741 0.0485216 7.39443 0.998407 0.0539574 -0.0164686 10.0416 
-0.0175728 0.0471414 -0.998734 -220.67 -0.0531293 0.997433 0.0480148 7.43095 0.998433 0.0539058 -0.0150231 10.0026 
-0.0166605 0.0445117 -0.99887 -221.728 -0.051922 0.997622 0.0453222 7.46634 0.998512 0.0526185 -0.0143097 9.96599 
-0.016819 0.0416389 -0.998991 -222.813 -0.0491523 0.99789 0.0424206 7.50174 0.99865 0.0498163 -0.0147369 9.93595 
-0.0169169 0.0407114 -0.999028 -223.896 -0.0478452 0.997993 0.0414794 7.53408 0.998712 0.0485004 -0.0149351 9.89916 
-0.0164852 0.0396924 -0.999076 -224.997 -0.0481738 0.99802 0.0404453 7.56672 0.998703 0.0487961 -0.0145404 9.85795 
-0.0162392 0.0397594 -0.999077 -226.106 -0.0482412 0.998014 0.0405012 7.59865 0.998704 0.0488544 -0.0142889 9.82215 
-0.0165699 0.0404938 -0.999042 -227.214 -0.0504256 0.997874 0.0412828 7.63331 0.99859 0.0510614 -0.0144928 9.78249 
-0.0168777 0.0426691 -0.998947 -228.341 -0.0510934 0.997747 0.0434811 7.66931 0.998551 0.0517735 -0.0146595 9.7414 
-0.0176631 0.0439854 -0.998876 -229.495 -0.0511498 0.997684 0.0448374 7.71399 0.998535 0.0518843 -0.0153723 9.69375 
-0.0183701 0.0457905 -0.998782 -230.646 -0.0522439 0.997542 0.0466945 7.7524 0.998465 0.0530381 -0.0159327 9.65331 
-0.0192334 0.0466729 -0.998725 -231.802 -0.0547952 0.997359 0.0476643 7.79338 0.998312 0.0556421 -0.0166252 9.60744 
-0.0203113 0.0455222 -0.998757 -232.962 -0.0568429 0.997295 0.0466115 7.8313 0.998177 0.057719 -0.0176687 9.5557 
-0.0214349 0.0409038 -0.998933 -234.121 -0.0552509 0.997587 0.0420343 7.87268 0.998242 0.056093 -0.0191232 9.50885 
-0.0227561 0.0348148 -0.999135 -235.295 -0.0523428 0.997981 0.0359667 7.9074 0.99837 0.053116 -0.0208878 9.46274 
-0.0248831 0.0304427 -0.999227 -236.477 -0.0475695 0.998368 0.0316012 7.93731 0.998558 0.0483191 -0.0233943 9.41908 
-0.0270083 0.0307477 -0.999162 -237.665 -0.0413163 0.998638 0.0318484 7.96398 0.998781 0.0421419 -0.0257011 9.37201 
-0.0292994 0.0349226 -0.99896 -238.853 -0.0369674 0.998668 0.0359967 7.9883 0.998887 0.0379837 -0.0279694 9.31939 
-0.0316475 0.0373768 -0.9988 -240.046 -0.0345999 0.998661 0.0384679 8.01568 0.9989 0.0357759 -0.0303119 9.26499 
-0.033601 0.0369643 -0.998752 -241.245 -0.0329178 0.998733 0.0380711 8.04463 0.998893 0.034156 -0.0323416 9.20312 
-0.0360311 0.0375503 -0.998645 -242.463 -0.0327148 0.998714 0.0387332 8.07831 0.998815 0.0340661 -0.0347563 9.1413 
-0.0379437 0.039009 -0.998518 -243.691 -0.0316653 0.998689 0.0402189 8.11268 0.998778 0.0331445 -0.0366587 9.06939 
-0.0402053 0.0387154 -0.998441 -244.914 -0.0309037 0.998723 0.0399708 8.14424 0.998713 0.0324626 -0.0389575 8.99846 
-0.0426239 0.0373781 -0.998392 -246.136 -0.0306552 0.998781 0.0387014 8.17613 0.998621 0.0322556 -0.0414261 8.92644 
-0.0449101 0.036974 -0.998307 -247.374 -0.0305376 0.998797 0.0383659 8.20908 0.998524 0.032209 -0.0437269 8.84874 
-0.0471 0.0380269 -0.998166 -248.614 -0.0311803 0.998732 0.0395198 8.241 0.998403 0.0329846 -0.0458546 8.76309 
-0.0495389 0.0384142 -0.998033 -249.865 -0.0315786 0.9987 0.0400073 8.2718 0.998273 0.0334984 -0.0482615 8.68114 
-0.0520506 0.039413 -0.997866 -251.119 -0.0328263 0.998613 0.0411548 8.3041 0.998105 0.0348984 -0.0506846 8.59152 
-0.0543536 0.0409794 -0.997681 -252.377 -0.0348167 0.998472 0.0429088 8.34034 0.997915 0.0370682 -0.0528438 8.49841 
-0.0558042 0.0417717 -0.997568 -253.641 -0.0363766 0.998376 0.0438405 8.37518 0.997779 0.0387346 -0.054194 8.40331 
-0.0567205 0.041977 -0.997507 -254.909 -0.0390436 0.998258 0.0442287 8.41373 0.997626 0.041455 -0.0549828 8.3021 
-0.0568717 0.0419754 -0.997499 -256.179 -0.0394412 0.998241 0.0442554 8.45046 0.997602 0.0418594 -0.0551162 8.20649 
-0.0570811 0.0408604 -0.997533 -257.458 -0.0383316 0.998336 0.0430867 8.48733 0.997633 0.0406965 -0.0554199 8.11226 
-0.0568708 0.0400454 -0.997578 -258.715 -0.0358597 0.998469 0.0421255 8.5202 0.997737 0.0381686 -0.0553476 8.01954 
-0.0569949 0.0397808 -0.997582 -259.982 -0.0347882 0.99852 0.0418058 8.55625 0.997768 0.0370868 -0.0555267 7.92164 
-0.0569123 0.0401542 -0.997571 -261.249 -0.034812 0.998504 0.0421778 8.58983 0.997772 0.037128 -0.0554292 7.82533 
-0.0567601 0.0400721 -0.997583 -262.513 -0.0337271 0.998547 0.0420298 8.62295 0.997818 0.0360313 -0.0553261 7.73021 
-0.0566756 0.0408558 -0.997556 -263.792 -0.0334422 0.998524 0.0427954 8.65558 0.997832 0.0357859 -0.0552256 7.64172 
-0.0569673 0.0418151 -0.9975 -265.073 -0.0308688 0.998571 0.0436229 8.693 0.997899 0.0332767 -0.0555951 7.55533 
-0.0571962 0.0443019 -0.99738 -266.334 -0.0266453 0.998591 0.0458838 8.72939 0.998007 0.0291999 -0.0559352 7.47222 
-0.0576776 0.0480069 -0.99718 -267.587 -0.0233151 0.998506 0.0494193 8.76487 0.998063 0.0260998 -0.0564722 7.38918 
-0.0579944 0.0504547 -0.997041 -268.845 -0.0209658 0.99844 0.051745 8.80548 0.998097 0.0239047 -0.0568461 7.30674 
-0.0580085 0.0488699 -0.997119 -270.084 -0.0214282 0.99851 0.0501847 8.84457 0.998086 0.0242777 -0.0568749 7.21822 
-0.0579725 0.0471077 -0.997206 -271.315 -0.0239621 0.998533 0.0485634 8.88844 0.998031 0.0267106 -0.0567586 7.12105 
-0.0584967 0.0499946 -0.997035 -272.547 -0.0297525 0.998214 0.0517993 8.93024 0.997844 0.0326944 -0.0569047 7.02005 
-0.0586096 0.0557367 -0.996724 -273.787 -0.0348327 0.997718 0.0578405 8.97439 0.997673 0.0381087 -0.0565344 6.91944 
-0.0584258 0.0550101 -0.996775 -275.017 -0.0388984 0.997597 0.0573355 9.02255 0.997534 0.0421228 -0.0561456 6.8177 
-0.0582303 0.048272 -0.997135 -276.246 -0.0386561 0.997972 0.0505699 9.06973 0.997555 0.0414901 -0.0562462 6.7212 
-0.0588561 0.0428571 -0.997346 -277.474 -0.0355353 0.998355 0.0449974 9.11179 0.997634 0.0380894 -0.0572363 6.63371 
-0.0586591 0.0421436 -0.997388 -278.717 -0.0298514 0.998588 0.0439499 9.15002 0.997832 0.0323516 -0.0573182 6.53898 
-0.0579505 0.0438778 -0.997355 -279.949 -0.0265354 0.998613 0.045475 9.18357 0.997967 0.0291005 -0.0567058 6.45345 
-0.0561131 0.0459152 -0.997368 -281.21 -0.0257078 0.998544 0.0474157 9.22053 0.998093 0.0283009 -0.054851 6.35212 
-0.0548917 0.0482256 -0.997327 -282.449 -0.0270615 0.998394 0.0497666 9.25982 0.998126 0.0297209 -0.0534985 6.25784 
-0.0539632 0.0495007 -0.997315 -283.675 -0.0281897 0.998297 0.0510747 9.30083 0.998145 0.0308702 -0.0524759 6.16813 
-0.0532571 0.0506109 -0.997297 -284.906 -0.0290269 0.998214 0.0522075 9.34031 0.998159 0.0317289 -0.0516929 6.07798 
-0.0524439 0.05002 -0.99737 -286.132 -0.0288115 0.998253 0.0515793 9.38092 0.998208 0.0314407 -0.0509111 5.98727 
-0.052221 0.0482619 -0.997469 -287.36 -0.029348 0.998326 0.0498399 9.42402 0.998204 0.0318764 -0.0507172 5.89853 
-0.0520011 0.0471642 -0.997533 -288.592 -0.0292371 0.998384 0.0487286 9.46379 0.998219 0.0316989 -0.0505381 5.81585 
-0.0519807 0.0468347 -0.997549 -289.826 -0.0296433 0.998387 0.0484187 9.50351 0.998208 0.0320875 -0.0505086 5.73113 
-0.0516495 0.046802 -0.997568 -291.05 -0.0301165 0.998374 0.0483992 9.54054 0.998211 0.0325431 -0.050156 5.64346 
-0.0517444 0.0470868 -0.99755 -292.281 -0.0308005 0.998337 0.0487216 9.58007 0.998185 0.0332461 -0.0502081 5.56011 
-0.0515105 0.0472866 -0.997552 -293.514 -0.0300694 0.998352 0.0488772 9.61789 0.99822 0.0325135 -0.0500037 5.47848 
-0.0514752 0.0455879 -0.997633 -294.744 -0.0297265 0.998445 0.0471588 9.65574 0.998232 0.0320837 -0.05004 5.39133 
-0.0516007 0.0431034 -0.997737 -295.975 -0.0291608 0.998577 0.0446478 9.68913 0.998242 0.0313987 -0.0502704 5.30671 
-0.0520997 0.040277 -0.997829 -297.201 -0.0300766 0.99867 0.0418813 9.7233 0.998189 0.0321934 -0.050819 5.22055 
-0.05245 0.0389255 -0.997865 -298.43 -0.0320007 0.998661 0.0406386 9.75583 0.998111 0.0340639 -0.0511342 5.13088 
-0.0527051 0.0389731 -0.997849 -299.669 -0.0349934 0.998552 0.0408488 9.78702 0.997997 0.0370711 -0.051265 5.03267 
-0.0529561 0.0398326 -0.997802 -300.912 -0.0382895 0.998388 0.0418882 9.82288 0.997863 0.0404237 -0.0513455 4.93889 
-0.0533955 0.0406121 -0.997747 -302.156 -0.0417888 0.998206 0.0428672 9.85649 0.997699 0.0439837 -0.0516026 4.84403 
-0.0535878 0.040693 -0.997734 -303.398 -0.0434808 0.998127 0.0430443 9.88856 0.997616 0.0456889 -0.051718 4.75086 
-0.0544163 0.0385555 -0.997774 -304.63 -0.0431219 0.998231 0.040925 9.92084 0.997587 0.045253 -0.0526575 4.66853 
-0.0551261 0.0363915 -0.997816 -305.882 -0.0407118 0.998423 0.0386628 9.95505 0.997649 0.0427542 -0.0535576 4.58209 
-0.0561467 0.0361847 -0.997767 -307.131 -0.0378225 0.998549 0.0383414 9.9845 0.997706 0.0398908 -0.0546966 4.49194 
-0.0573354 0.0384621 -0.997614 -308.377 -0.0356254 0.998542 0.0405454 10.0118 0.997719 0.0378651 -0.0558816 4.40698 
