1 2.12261e-08 -2.11895e-08 0 2.12261e-08 1 2.10703e-08 0 -2.11895e-08 2.10703e-08 1 0 
0.999933 -0.00288801 0.0112307 0.0146728 0.00287578 0.999995 0.00110893 -0.00531259 -0.0112339 -0.00107652 0.999936 0.289894 
0.999829 -0.00506966 0.0177595 0.0255912 0.0050503 0.999987 0.00113723 -0.00884491 -0.0177651 -0.0010473 0.999842 0.5882 
0.999778 -0.00794011 0.0195417 0.0368655 0.00794375 0.999968 -0.000106548 -0.0119233 -0.0195403 0.0002618 0.999809 0.891968 
0.999812 -0.00947626 0.0169139 0.0457361 0.00950484 0.999954 -0.00160759 -0.0152882 -0.0168979 0.00176809 0.999856 1.20279 
0.999877 -0.0122174 0.0098749 0.0471434 0.0122492 0.99992 -0.00315665 -0.0160612 -0.00983558 0.00327726 0.999946 1.52719 
0.9999 -0.0138885 -0.00267722 0.0409913 0.0138749 0.999891 -0.00505508 -0.0197475 0.00274709 0.00501747 0.999984 1.86262 
0.999724 -0.013135 -0.0194897 0.0200128 0.013037 0.999902 -0.00514792 -0.0276828 0.0195553 0.00489245 0.999797 2.2005 
0.999196 -0.0086137 -0.0391568 -0.0137623 0.00840505 0.99995 -0.00549121 -0.0293292 0.0392021 0.00515772 0.999218 2.55582 
0.998239 -0.0052098 -0.059097 -0.0582695 0.00482289 0.999966 -0.00668852 -0.0355893 0.0591298 0.00639177 0.99823 2.9196 
0.996803 -0.00501382 -0.079743 -0.103155 0.00446512 0.999965 -0.00705809 -0.0398013 0.0797756 0.00667951 0.996791 3.29375 
0.994863 -0.00639507 -0.101028 -0.157398 0.00574737 0.999961 -0.00670126 -0.0397597 0.101067 0.00608623 0.994861 3.68109 
0.992644 -0.00776843 -0.120822 -0.221569 0.00711459 0.999958 -0.00584233 -0.0454502 0.120863 0.00493979 0.992657 4.07525 
0.990351 -0.00662767 -0.138425 -0.301287 0.00593249 0.999968 -0.00543436 -0.0496635 0.138456 0.00456076 0.990358 4.48001 
0.988049 -0.00541645 -0.154045 -0.38768 0.0047222 0.999977 -0.0048726 -0.0538251 0.154067 0.00408699 0.988052 4.89564 
0.985789 -0.00470999 -0.16792 -0.474119 0.00390428 0.999979 -0.00512825 -0.0585118 0.167941 0.00439981 0.985787 5.32862 
0.983614 -0.00612134 -0.180184 -0.567689 0.00508819 0.999968 -0.00619568 -0.0631419 0.180216 0.00517739 0.983613 5.76857 
0.981764 -0.00966983 -0.189857 -0.664334 0.00823745 0.999931 -0.00833243 -0.0705734 0.189925 0.00661658 0.981776 6.22042 
0.980226 -0.00878109 -0.197689 -0.773245 0.00689904 0.999924 -0.0102072 -0.0775396 0.197763 0.00864156 0.980212 6.68053 
0.978657 -0.00853787 -0.205321 -0.885619 0.00619672 0.999908 -0.0120429 -0.0840688 0.205405 0.0105136 0.978621 7.15318 
0.976961 -0.00943323 -0.21321 -1.0102 0.00646564 0.999872 -0.0146118 -0.097563 0.21332 0.0128967 0.976897 7.6188 
0.97519 -0.0131759 -0.220976 -1.13084 0.00976832 0.999816 -0.0165063 -0.106824 0.221153 0.0139383 0.97514 8.12219 
0.97328 -0.0193628 -0.228805 -1.25389 0.0157398 0.99972 -0.0176493 -0.119728 0.229083 0.0135764 0.973312 8.63315 
0.971177 -0.0196891 -0.237545 -1.39332 0.0153276 0.999679 -0.0201942 -0.132645 0.237866 0.0159712 0.971167 9.15712 
0.969095 -0.0156698 -0.246189 -1.55593 0.00988158 0.999645 -0.0247293 -0.144234 0.24649 0.0215324 0.968906 9.6888 
0.96684 -0.0126472 -0.255069 -1.71881 0.00580517 0.999603 -0.0275594 -0.16704 0.255317 0.0251648 0.96653 10.2372 
0.964559 -0.0149441 -0.263443 -1.8848 0.00747352 0.999542 -0.0293372 -0.188573 0.263761 0.0263286 0.964229 10.7953 
0.962183 -0.0176506 -0.271833 -2.05527 0.00936518 0.999452 -0.0317472 -0.208346 0.272244 0.0280009 0.961821 11.3633 
0.959994 -0.0168461 -0.279514 -2.24307 0.00756243 0.999384 -0.0342589 -0.233576 0.27992 0.0307746 0.95953 11.9328 
0.957616 -0.0160142 -0.287602 -2.43778 0.00536219 0.999271 -0.0377872 -0.260179 0.287997 0.0346435 0.957004 12.5234 
0.955314 -0.0168598 -0.295113 -2.63992 0.00434641 0.999065 -0.0430071 -0.28966 0.295562 0.0398026 0.954494 13.1217 
0.95353 -0.0185807 -0.300725 -2.84796 0.00357727 0.998725 -0.050365 -0.326099 0.301278 0.0469488 0.95238 13.7301 
0.952213 -0.019127 -0.304836 -3.0649 0.0013332 0.998288 -0.0584734 -0.364631 0.305433 0.0552727 0.950608 14.3472 
0.950922 -0.0193722 -0.308823 -3.28838 -0.00150387 0.997737 -0.067218 -0.40795 0.309427 0.0643836 0.948741 14.9737 
0.949645 -0.0185056 -0.312781 -3.52366 -0.00571488 0.997065 -0.0763424 -0.456946 0.313276 0.0742858 0.946752 15.6095 
0.948332 -0.0181341 -0.316762 -3.76495 -0.00874242 0.996493 -0.083221 -0.513154 0.31716 0.0816905 0.944847 16.255 
0.946715 -0.0166111 -0.321643 -4.01163 -0.0130254 0.995877 -0.0897703 -0.576801 0.321808 0.0891765 0.942596 16.9181 
0.945115 -0.0155814 -0.326366 -4.26456 -0.0165316 0.995303 -0.0953915 -0.647875 0.326319 0.0955513 0.940418 17.5721 
0.943499 -0.0136899 -0.331093 -4.52507 -0.0209744 0.994676 -0.100897 -0.717259 0.330711 0.102141 0.938188 18.2363 
0.941784 -0.0109045 -0.336042 -4.79738 -0.0256257 0.994239 -0.104081 -0.79375 0.335241 0.106633 0.936078 18.921 
0.940018 -0.00989851 -0.34098 -5.07619 -0.0278099 0.994028 -0.105523 -0.872671 0.339988 0.108676 0.934129 19.6184 
0.937772 -0.00918715 -0.34713 -5.35851 -0.0290212 0.994079 -0.10471 -0.955429 0.346037 0.108269 0.931953 20.3318 
0.935466 -0.00913764 -0.3533 -5.65026 -0.0292698 0.994228 -0.103215 -1.03883 0.352204 0.106895 0.929799 21.0498 
0.932911 -0.00937672 -0.359985 -5.95203 -0.0291114 0.994425 -0.101345 -1.12296 0.358928 0.105026 0.927437 21.7739 
0.929769 -0.00803899 -0.368055 -6.26634 -0.0303428 0.994687 -0.098377 -1.20452 0.36689 0.102636 0.924585 22.5088 
0.926455 -0.0059774 -0.376358 -6.59137 -0.0312788 0.995193 -0.092803 -1.28546 0.375103 0.0977499 0.921815 23.2466 
0.922979 -0.00254478 -0.384842 -6.93083 -0.0338779 0.995559 -0.0878337 -1.36325 0.383356 0.0941063 0.918794 23.9947 
0.919387 0.00125727 -0.393352 -7.28327 -0.0372355 0.995783 -0.0838483 -1.43979 0.391588 0.0917358 0.915557 24.7524 
0.915485 0.00210529 -0.402348 -7.63363 -0.0382597 0.995911 -0.0818435 -1.51847 0.40053 0.0903202 0.911821 25.5029 
0.911585 0.00219868 -0.411105 -8.00333 -0.0391091 0.995914 -0.0813944 -1.58858 0.409246 0.0902759 0.907947 26.2618 
0.907694 0.00193008 -0.419629 -8.38013 -0.039176 0.996012 -0.0801601 -1.65987 0.4178 0.0892003 0.904149 27.0279 
0.903742 0.0030141 -0.428067 -8.7703 -0.0404711 0.996098 -0.0784295 -1.73218 0.42616 0.0882044 0.900337 27.8008 
0.900024 0.00230594 -0.435833 -9.17052 -0.0394189 0.996318 -0.0761313 -1.80474 0.434053 0.0857001 0.896802 28.5706 
0.896183 0.00273143 -0.443676 -9.58366 -0.0387928 0.996634 -0.0722222 -1.87158 0.441985 0.0819358 0.893273 29.3506 
0.892436 0.00491591 -0.451147 -10.0093 -0.03913 0.997016 -0.0665411 -1.93735 0.449474 0.0770371 0.889965 30.146 
0.888648 0.00515959 -0.458562 -10.4397 -0.0379494 0.997334 -0.0623205 -2.00611 0.457018 0.0727831 0.886475 30.9376 
0.884992 0.00423121 -0.465587 -10.881 -0.0366127 0.997495 -0.0605286 -2.06918 0.464165 0.0706138 0.88293 31.7352 
0.881684 0.00337006 -0.471829 -11.3455 -0.0356034 0.997599 -0.059405 -2.12735 0.470495 0.0691752 0.879687 32.5565 
0.878689 0.0042839 -0.477376 -11.8387 -0.0362091 0.997677 -0.0576959 -2.18541 0.47602 0.0679821 0.876803 33.3876 
0.875655 0.00256321 -0.48293 -12.3131 -0.0339962 0.997832 -0.0563464 -2.24706 0.481738 0.0657579 0.873844 34.2213 
0.87314 0.0018287 -0.487465 -12.841 -0.0335182 0.997851 -0.0562939 -2.30843 0.486315 0.0654915 0.871326 35.0863 
0.871216 0.00178122 -0.490897 -13.3417 -0.0340668 0.997802 -0.0568393 -2.36897 0.489717 0.0662426 0.869362 35.9197 
0.869854 0.00165328 -0.493306 -13.8529 -0.0343597 0.997769 -0.0572431 -2.42922 0.49211 0.0667431 0.86797 36.7757 
0.86939 0.00168686 -0.494124 -14.3682 -0.0339688 0.997833 -0.0563603 -2.49021 0.492958 0.0657839 0.867563 37.6311 
0.869258 0.0026426 -0.494352 -14.8985 -0.0342548 0.997904 -0.0548985 -2.55133 0.493171 0.064655 0.867527 38.5145 
0.868975 0.0011985 -0.494854 -15.4282 -0.0323071 0.998001 -0.054315 -2.61608 0.4938 0.0631857 0.867277 39.3997 
0.868279 -0.000850041 -0.496075 -15.9526 -0.0304513 0.998021 -0.0550092 -2.68098 0.49514 0.0628695 0.866536 40.2852 
0.867241 -0.00288083 -0.49788 -16.4961 -0.0284239 0.998066 -0.0552858 -2.7506 0.497076 0.0620979 0.865482 41.1836 
0.865649 -0.00351566 -0.500639 -17.0438 -0.0267699 0.99822 -0.0532974 -2.81613 0.499935 0.0595389 0.864014 42.1026 
0.863657 -0.00234871 -0.504075 -17.6075 -0.0262595 0.998422 -0.0496439 -2.87819 0.503396 0.0561121 0.862232 43.0211 
0.860863 -0.0028618 -0.508829 -18.1636 -0.0235345 0.99869 -0.0454339 -2.94209 0.508292 0.0510875 0.859668 43.9182 
0.856912 -0.00296247 -0.515455 -18.7391 -0.0227539 0.998791 -0.0435674 -3.00073 0.514961 0.0490621 0.855808 44.8297 
0.852001 -0.00646016 -0.5235 -19.2954 -0.0203837 0.998756 -0.0454996 -3.06289 0.523143 0.0494366 0.85081 45.6403 
0.845978 -0.00997191 -0.533125 -19.8734 -0.0188902 0.998637 -0.0486547 -3.12258 0.532883 0.0512317 0.844636 46.5199 
0.83977 -0.0103139 -0.542844 -20.4692 -0.0187137 0.998676 -0.0479244 -3.18482 0.54262 0.0504042 0.838465 47.4048 
0.834003 -0.00723137 -0.551713 -21.0845 -0.0195471 0.998899 -0.0426414 -3.24591 0.551414 0.0463475 0.832943 48.2907 
0.828901 -0.0025154 -0.55939 -21.7138 -0.0227254 0.999013 -0.0381666 -3.30439 0.558934 0.0443488 0.828025 49.1675 
0.824802 -0.00269295 -0.565415 -22.3398 -0.0238952 0.998929 -0.0396149 -3.36071 0.564916 0.0461852 0.823855 50.0395 
0.821511 -0.00504504 -0.57017 -22.9674 -0.0241886 0.998752 -0.0436886 -3.41855 0.569679 0.0496823 0.820364 50.9027 
0.818441 -0.0070477 -0.574548 -23.6084 -0.0270083 0.998348 -0.0507194 -3.47801 0.573956 0.0570284 0.816898 51.771 
0.815319 -0.00824941 -0.578953 -24.2527 -0.0270231 0.998267 -0.0522799 -3.53956 0.578381 0.0582699 0.813683 52.6411 
0.812028 -0.00646061 -0.583583 -24.9014 -0.0267324 0.998478 -0.0482505 -3.6032 0.583007 0.0547814 0.810618 53.5002 
0.808966 -0.00383754 -0.587843 -25.5489 -0.0264474 0.998729 -0.0429158 -3.6678 0.58726 0.0502644 0.807836 54.3456 
0.805868 -0.00251541 -0.59209 -26.2008 -0.0261384 0.998865 -0.0398194 -3.72662 0.591518 0.0475655 0.804888 55.1974 
0.802796 -0.00241848 -0.596248 -26.8596 -0.0269044 0.998826 -0.0402758 -3.77995 0.595646 0.048375 0.801789 56.0444 
0.799232 -0.00370148 -0.601011 -27.5195 -0.0268998 0.998759 -0.0419229 -3.83652 0.60042 0.0496732 0.798141 56.8902 
0.795267 -0.00649079 -0.606225 -28.1845 -0.0257541 0.998678 -0.0444779 -3.89607 0.605712 0.0509846 0.794049 57.7262 
0.791089 -0.0076029 -0.611654 -28.8631 -0.0250578 0.998681 -0.0448225 -3.95478 0.611187 0.0507853 0.789855 58.5643 
0.786582 -0.00811223 -0.617432 -29.5531 -0.0241353 0.998746 -0.0438696 -4.01439 0.617014 0.049409 0.7854 59.4067 
0.781721 -0.00759505 -0.623582 -30.2452 -0.0245428 0.998777 -0.0429317 -4.07774 0.623145 0.0488651 0.780578 60.2329 
0.776566 -0.0089899 -0.629972 -30.9473 -0.0239933 0.998751 -0.043829 -4.13989 0.629579 0.0491513 0.77538 61.0546 
0.771132 -0.0102222 -0.636593 -31.6576 -0.0236441 0.998722 -0.0446783 -4.1997 0.636236 0.0495045 0.769904 61.8824 
0.765528 -0.0119251 -0.643292 -32.3807 -0.0225427 0.998717 -0.0453401 -4.26343 0.643008 0.0492107 0.764277 62.7165 
0.759915 -0.0134912 -0.649883 -33.1061 -0.0218004 0.998693 -0.0462236 -4.32904 0.649657 0.0492938 0.758627 63.5258 
0.753584 -0.0157499 -0.657163 -33.8604 -0.0205608 0.998659 -0.047512 -4.38307 0.65703 0.0493161 0.752249 64.3766 
0.747192 -0.0175993 -0.664375 -34.6219 -0.0186694 0.998699 -0.0474523 -4.44335 0.664346 0.0478595 0.745892 65.2149 
0.740875 -0.0175309 -0.671414 -35.3762 -0.0177504 0.998799 -0.0456659 -4.50816 0.671408 0.0457507 0.739674 66.0156 
0.734361 -0.0179377 -0.678522 -36.1444 -0.0171571 0.998841 -0.0449748 -4.57295 0.678542 0.0446693 0.733202 66.8199 
0.72811 -0.0198509 -0.685173 -36.9345 -0.0157583 0.998832 -0.0456841 -4.6389 0.685279 0.0440603 0.726947 67.6033 
0.721896 -0.0210145 -0.691683 -37.7399 -0.0163525 0.998742 -0.0474103 -4.70278 0.691809 0.0455361 0.720644 68.4016 
0.715798 -0.0206425 -0.698003 -38.548 -0.0170503 0.998748 -0.0470217 -4.77035 0.6981 0.0455593 0.71455 69.1943 
0.710588 -0.0199444 -0.703326 -39.3637 -0.0175015 0.998788 -0.0460052 -4.83646 0.703391 0.045 0.709377 69.9776 
0.705872 -0.0190773 -0.708082 -40.1855 -0.019108 0.998761 -0.0459572 -4.90081 0.708082 0.04597 0.704633 70.7488 
0.701183 -0.0202699 -0.712693 -41.0132 -0.0190357 0.998707 -0.0471328 -4.96201 0.712727 0.0466154 0.699891 71.5258 
0.695929 -0.0216774 -0.717784 -41.8534 -0.0201841 0.998559 -0.0497266 -5.03099 0.717827 0.049094 0.694488 72.3115 
0.690999 -0.0241213 -0.722453 -42.7019 -0.0195849 0.998451 -0.0520686 -5.10479 0.72259 0.0501286 0.689457 73.0855 
0.685962 -0.0245681 -0.727223 -43.5686 -0.0202383 0.998399 -0.0528195 -5.17336 0.727356 0.05095 0.684366 73.8704 
0.681082 -0.0239574 -0.731815 -44.4247 -0.0200392 0.99848 -0.0513371 -5.24707 0.731933 0.0496298 0.679567 74.64 
0.67614 -0.0236622 -0.736393 -45.2984 -0.019913 0.998532 -0.0503692 -5.31804 0.736504 0.0487205 0.674677 75.4051 
0.671089 -0.0248245 -0.740961 -46.1889 -0.0191989 0.998522 -0.050842 -5.38899 0.741129 0.0483452 0.66962 76.1795 
0.666314 -0.0258359 -0.745224 -47.0798 -0.0182383 0.998536 -0.050925 -5.4609 0.745448 0.0475237 0.664867 76.95 
0.661935 -0.0265462 -0.749091 -47.9821 -0.0172817 0.998567 -0.0506581 -5.53085 0.749362 0.046478 0.660527 77.7207 
0.657902 -0.0274775 -0.752602 -48.8921 -0.0161129 0.998592 -0.0505441 -5.60247 0.752931 0.0453797 0.656533 78.4887 
0.653987 -0.0301431 -0.755905 -49.8039 -0.0136714 0.998572 -0.051648 -5.67523 0.756383 0.0441114 0.652641 79.2514 
0.6498 -0.0349137 -0.759303 -50.7194 -0.0103837 0.998444 -0.0547959 -5.74898 0.760034 0.0434908 0.648426 80.0109 
0.64503 -0.039227 -0.76315 -51.6387 -0.00602125 0.99839 -0.0564079 -5.82389 0.764133 0.04098 0.643755 80.7682 
0.638517 -0.0424889 -0.768434 -52.5752 -0.00138454 0.99841 -0.0563554 -5.90422 0.769607 0.0370478 0.637442 81.5215 
0.630254 -0.0464785 -0.774996 -53.5255 0.00367444 0.998374 -0.0568869 -5.98125 0.77638 0.0330055 0.6294 82.2753 
0.621162 -0.0476331 -0.782234 -54.4877 0.00668882 0.998437 -0.0554871 -6.06038 0.783654 0.0292343 0.620509 83.0226 
0.612368 -0.0462077 -0.789222 -55.4716 0.00712685 0.998573 -0.052935 -6.13936 0.790541 0.0267911 0.611823 83.762 
0.603306 -0.0460606 -0.796178 -56.4576 0.00657453 0.998584 -0.0527884 -6.21701 0.797483 0.0266131 0.602755 84.483 
0.593968 -0.0473944 -0.803091 -57.4632 0.00550763 0.998479 -0.0548518 -6.29049 0.804469 0.0281572 0.593326 85.193 
0.583948 -0.049526 -0.810279 -58.4757 0.00608622 0.998376 -0.0566367 -6.37249 0.811768 0.0281414 0.583301 85.8978 
0.574193 -0.0512251 -0.817116 -59.5151 0.00669101 0.998301 -0.0578818 -6.45616 0.818693 0.027768 0.57356 86.603 
0.564025 -0.0520359 -0.824117 -60.56 0.00969412 0.998361 -0.0564033 -6.53882 0.825701 0.0238238 0.563605 87.3004 
0.553891 -0.0520953 -0.830958 -61.6216 0.0110376 0.998412 -0.0552362 -6.62244 0.832516 0.0214231 0.553587 87.9876 
0.543537 -0.0528682 -0.837719 -62.6819 0.0112984 0.998385 -0.0556771 -6.70266 0.839309 0.0207978 0.543257 88.6548 
0.533616 -0.0539867 -0.844002 -63.761 0.0104191 0.998304 -0.0572692 -6.7829 0.845663 0.0217661 0.533274 89.309 
0.523621 -0.0542376 -0.850223 -64.8442 0.0087181 0.99826 -0.0583121 -6.86897 0.851907 0.0231212 0.523183 89.948 
0.513952 -0.0550798 -0.856049 -65.9327 0.0072763 0.998181 -0.0598563 -6.95585 0.857788 0.0245344 0.513417 90.5736 
0.504223 -0.0550818 -0.861815 -67.0398 0.0064315 0.998176 -0.0600342 -7.03919 0.86355 0.0247279 0.503657 91.1981 
0.495673 -0.0529737 -0.866892 -68.1575 0.00533963 0.998305 -0.057951 -7.12506 0.868493 0.0240959 0.495116 91.8067 
0.487754 -0.0515071 -0.871461 -69.2757 0.00620142 0.998437 -0.0555411 -7.21251 0.872959 0.0216861 0.487311 92.4083 
0.480097 -0.0518302 -0.875683 -70.4046 0.00611616 0.998427 -0.0557419 -7.29527 0.877194 0.0214058 0.479659 93.0015 
0.47245 -0.0550708 -0.879636 -71.5429 0.00821254 0.998278 -0.0580877 -7.3803 0.881319 0.0202195 0.472088 93.5926 
0.465469 -0.0585164 -0.883127 -72.683 0.0104777 0.998106 -0.0606125 -7.46516 0.885002 0.0189601 0.465201 94.1788 
0.459368 -0.0612334 -0.886133 -73.834 0.0113157 0.997943 -0.0630937 -7.55964 0.888174 0.0189561 0.459116 94.7507 
0.453951 -0.0648552 -0.888663 -74.9837 0.0134829 0.997733 -0.0659278 -7.65758 0.890925 0.0179463 0.453796 95.3164 
0.448901 -0.0659658 -0.891144 -76.1375 0.0166267 0.997715 -0.0654792 -7.75857 0.893427 0.0145769 0.448972 95.8905 
0.444549 -0.0634929 -0.893501 -77.2782 0.0186153 0.997924 -0.0616516 -7.86111 0.895561 0.0107745 0.444809 96.4367 
0.440479 -0.0618008 -0.895633 -78.4275 0.0216419 0.998069 -0.0582254 -7.95209 0.897502 0.00626397 0.440966 96.9895 
0.437046 -0.0614037 -0.897341 -79.5837 0.023424 0.998106 -0.0568903 -8.04329 0.899134 0.00384446 0.437656 97.5326 
0.43416 -0.0613541 -0.898744 -80.7227 0.0249798 0.998114 -0.0560706 -8.13146 0.900489 0.0018932 0.434874 98.0605 
0.431622 -0.0606982 -0.90001 -81.8594 0.0270522 0.998156 -0.0543438 -8.2176 0.901649 -0.000891166 0.432468 98.588 
0.429113 -0.0597956 -0.901269 -82.9918 0.0287063 0.998205 -0.0525593 -8.30464 0.902795 -0.00331819 0.430059 99.1138 
0.426711 -0.0609289 -0.902333 -84.1392 0.0315152 0.998124 -0.0524936 -8.39159 0.903839 -0.00603759 0.427831 99.6385 
0.424198 -0.061522 -0.903477 -85.274 0.0344001 0.998064 -0.0518115 -8.47315 0.904916 -0.00910136 0.425493 100.161 
0.421936 -0.0608792 -0.904579 -86.3789 0.0379515 0.998054 -0.0494679 -8.55505 0.905831 -0.0134578 0.423425 100.664 
0.419775 -0.0603226 -0.905622 -87.485 0.0401234 0.998047 -0.0478809 -8.63627 0.906741 -0.0162374 0.421375 101.161 
0.417885 -0.0613905 -0.906424 -88.5784 0.0424007 0.997945 -0.0480413 -8.71941 0.90751 -0.0183572 0.419629 101.651 
0.4166 -0.0629125 -0.90691 -89.668 0.0442314 0.997824 -0.048901 -8.79585 0.908013 -0.0197417 0.418476 102.136 
0.41592 -0.0640864 -0.90714 -90.7333 0.044005 0.997764 -0.0503125 -8.87408 0.908336 -0.0189927 0.41781 102.614 
0.416161 -0.0649939 -0.906965 -91.7963 0.0433249 0.997727 -0.0516184 -8.95345 0.908258 -0.0178126 0.418031 103.082 
0.418572 -0.064659 -0.905879 -92.844 0.041146 0.997788 -0.0522073 -9.03454 0.907251 -0.0154208 0.420307 103.542 
0.422542 -0.065076 -0.904004 -93.8744 0.0390238 0.9978 -0.0535879 -9.10979 0.905503 -0.0126345 0.424152 104.008 
0.427731 -0.0657511 -0.901512 -94.9056 0.037892 0.997778 -0.054794 -9.18758 0.903112 -0.010723 0.429272 104.475 
0.433183 -0.0658399 -0.898898 -95.9102 0.0374433 0.997782 -0.0550386 -9.26846 0.900528 -0.00981584 0.434688 104.947 
0.439979 -0.0649179 -0.895659 -96.9242 0.0366417 0.997851 -0.0543252 -9.34569 0.89726 -0.00891654 0.441412 105.428 
0.448381 -0.0630326 -0.891617 -97.9321 0.034498 0.997988 -0.0532039 -9.42961 0.893177 -0.00690329 0.449653 105.905 
0.456783 -0.0627462 -0.887362 -98.9237 0.0342747 0.99801 -0.0529268 -9.50299 0.888918 -0.00623793 0.458025 106.401 
0.466462 -0.0621464 -0.882355 -99.9115 0.0331826 0.998056 -0.0527533 -9.57892 0.883919 -0.00467139 0.467617 106.899 
0.475941 -0.0631619 -0.877206 -100.883 0.0327017 0.997999 -0.0541166 -9.65631 0.878869 -0.00292976 0.477054 107.411 
0.486305 -0.0643617 -0.871416 -101.852 0.0307309 0.997926 -0.0565559 -9.73424 0.873249 0.000724102 0.487275 107.926 
0.497357 -0.0652882 -0.865086 -102.806 0.0294781 0.99786 -0.0583611 -9.81492 0.867045 0.00352529 0.498218 108.461 
0.509488 -0.0636169 -0.858123 -103.754 0.0274234 0.997957 -0.0577016 -9.89342 0.860041 0.00586566 0.510192 108.999 
0.52181 -0.0616801 -0.850829 -104.7 0.0263193 0.998072 -0.0562128 -9.96395 0.852655 0.0069393 0.522428 109.562 
0.53397 -0.0595908 -0.843401 -105.631 0.0258201 0.998197 -0.0541809 -10.0409 0.845109 0.00715433 0.534546 110.132 
0.545539 -0.0593784 -0.835979 -106.535 0.0262252 0.998208 -0.0537874 -10.1169 0.837675 0.0074194 0.546119 110.701 
0.556654 -0.0600297 -0.828572 -107.433 0.0265833 0.998162 -0.0544571 -10.1921 0.830319 0.00828762 0.557227 111.297 
0.567344 -0.0610679 -0.821214 -108.303 0.026857 0.998088 -0.0556664 -10.2675 0.823043 0.00952666 0.567899 111.885 
0.578317 -0.0627129 -0.813398 -109.169 0.0291453 0.997993 -0.0562231 -10.3451 0.815291 0.00880807 0.578984 112.483 
0.588698 -0.06232 -0.805948 -110.021 0.0293162 0.998014 -0.0557578 -10.4217 0.807822 0.00919727 0.589355 113.098 
0.598968 -0.0596516 -0.798548 -110.858 0.0281636 0.998174 -0.053439 -10.5001 0.800277 0.00951835 0.599555 113.716 
0.608577 -0.0574567 -0.791412 -111.68 0.0291111 0.99832 -0.0500926 -10.5676 0.79296 0.00744642 0.609228 114.335 
0.618255 -0.0560203 -0.783979 -112.49 0.0280691 0.998394 -0.0492061 -10.6345 0.785476 0.00841639 0.618835 114.964 
0.62816 -0.0555736 -0.776097 -113.282 0.026228 0.998392 -0.0502628 -10.7016 0.777642 0.0112176 0.628607 115.587 
0.637159 -0.0557667 -0.768713 -114.051 0.0250821 0.998351 -0.0516363 -10.7633 0.770324 0.0136197 0.637507 116.217 
0.646279 -0.0555125 -0.761079 -114.812 0.025358 0.998362 -0.0512867 -10.8317 0.762679 0.0138461 0.646628 116.848 
0.655327 -0.0534916 -0.753449 -115.571 0.0250254 0.998479 -0.0491215 -10.8977 0.75493 0.0133354 0.655669 117.492 
0.663476 -0.0519161 -0.746394 -116.309 0.0254077 0.998578 -0.0468719 -10.9612 0.747766 0.0121343 0.663851 118.149 
0.671251 -0.0515598 -0.739435 -117.02 0.0259825 0.998601 -0.0460445 -11.0239 0.740775 0.011695 0.671651 118.789 
0.678732 -0.0509024 -0.73262 -117.731 0.0251191 0.99862 -0.0461127 -11.0814 0.733956 0.0128955 0.679075 119.437 
0.685684 -0.0501558 -0.726169 -118.426 0.0246648 0.998651 -0.0456863 -11.1395 0.727481 0.0134156 0.685997 120.09 
0.692468 -0.0478171 -0.719862 -119.112 0.0243867 0.998782 -0.0428858 -11.1984 0.721036 0.012142 0.692791 120.745 
0.699555 -0.045212 -0.713147 -119.786 0.0235685 0.998913 -0.0402097 -11.2533 0.71419 0.0113212 0.69986 121.401 
0.70686 -0.0437288 -0.706001 -120.443 0.0227118 0.998976 -0.039136 -11.3076 0.706989 0.0116291 0.707129 122.046 
0.714273 -0.0430636 -0.698541 -121.095 0.0222887 0.998999 -0.0387956 -11.3603 0.699512 0.0121411 0.714518 122.699 
0.721773 -0.0402088 -0.690961 -121.725 0.0197428 0.999101 -0.037517 -11.4102 0.691848 0.0134373 0.721918 123.361 
0.730822 -0.0375933 -0.681532 -122.336 0.0191822 0.999219 -0.0345475 -11.4581 0.682299 0.0121748 0.730972 123.994 
0.740341 -0.0339387 -0.671374 -122.944 0.0175496 0.99936 -0.0311665 -11.504 0.672002 0.0112916 0.740463 124.651 
0.750369 -0.0317861 -0.660254 -123.524 0.0158874 0.999422 -0.0300585 -11.5495 0.660828 0.0120653 0.75044 125.297 
0.760187 -0.0308433 -0.648972 -124.092 0.0142201 0.999423 -0.0308419 -11.5908 0.649549 0.0142172 0.760187 125.967 
0.769911 -0.0321414 -0.637342 -124.649 0.014561 0.999356 -0.0328083 -11.6238 0.637985 0.0159792 0.769883 126.657 
0.779932 -0.0312955 -0.625081 -125.19 0.0142926 0.999379 -0.032202 -11.6632 0.625701 0.0161814 0.779895 127.323 
0.790304 -0.0296433 -0.611998 -125.735 0.0138593 0.999438 -0.0305125 -11.7018 0.612558 0.0156323 0.790271 128.004 
0.800563 -0.0274043 -0.598622 -126.262 0.0135733 0.999527 -0.0276053 -11.7356 0.599095 0.0139745 0.800556 128.679 
0.810392 -0.0262994 -0.585298 -126.773 0.0142074 0.99958 -0.0252434 -11.7676 0.585716 0.0121415 0.810425 129.364 
0.819609 -0.0248962 -0.572382 -127.278 0.0147783 0.999642 -0.0223188 -11.7983 0.572732 0.00983395 0.819683 130.07 
0.827798 -0.0241566 -0.560507 -127.776 0.0155172 0.999676 -0.0201668 -11.8335 0.560812 0.00799661 0.827904 130.788 
0.835124 -0.0243665 -0.549521 -128.265 0.0171049 0.999686 -0.0183327 -11.8792 0.549795 0.00591062 0.835279 131.507 
0.841716 -0.0242389 -0.539377 -128.733 0.0173143 0.99969 -0.0179054 -11.9092 0.539643 0.0057324 0.841874 132.238 
0.848441 -0.0235199 -0.528767 -129.202 0.016675 0.999704 -0.0177113 -11.9347 0.529027 0.00620986 0.848582 132.984 
0.855062 -0.0214447 -0.518083 -129.643 0.0149848 0.999749 -0.0166507 -11.9604 0.51831 0.0064741 0.855168 133.698 
0.861504 -0.0201099 -0.507353 -130.086 0.0138939 0.999775 -0.0160358 -11.9905 0.507561 0.00676583 0.861589 134.425 
0.86731 -0.0204623 -0.497347 -130.511 0.014484 0.999769 -0.0158752 -12.0193 0.497557 0.00656514 0.867407 135.166 
0.872242 -0.0219291 -0.488583 -130.942 0.0157287 0.999735 -0.0167917 -12.042 0.488822 0.00696167 0.872356 135.945 
0.876483 -0.0224964 -0.480906 -131.362 0.0162456 0.999721 -0.0171575 -12.0698 0.481158 0.00722566 0.876604 136.703 
0.879904 -0.0216924 -0.474656 -131.782 0.0158484 0.999741 -0.01631 -12.0953 0.474887 0.00682877 0.88002 137.469 
0.883099 -0.0198154 -0.468767 -132.207 0.0155966 0.999795 -0.0128807 -12.119 0.468927 0.00406385 0.883228 138.252 
0.886277 -0.0154668 -0.462897 -132.644 0.0129972 0.999879 -0.00852441 -12.1429 0.462973 0.0015387 0.886371 139.058 
0.889607 -0.0128386 -0.456547 -133.075 0.0115271 0.999918 -0.00565766 -12.1614 0.456582 -0.000229507 0.889682 139.875 
0.892918 -0.0101526 -0.450105 -133.505 0.0096114 0.999948 -0.0034878 -12.1733 0.450116 -0.00121177 0.892969 140.695 
0.896155 -0.00873024 -0.443655 -133.93 0.00909676 0.999958 -0.00130234 -12.1806 0.443648 -0.00286867 0.896197 141.541 
0.899495 -0.00730446 -0.436871 -134.372 0.00886454 0.99996 0.00153229 -12.1871 0.436842 -0.00525089 0.899523 142.409 
0.903011 -0.00740557 -0.429554 -134.797 0.00994374 0.999944 0.00366454 -12.1966 0.429503 -0.00758045 0.903034 143.272 
0.906572 -0.00742946 -0.421986 -135.239 0.0104524 0.999934 0.00485052 -12.2108 0.421922 -0.00880806 0.906589 144.188 
0.910252 -0.00819144 -0.413974 -135.654 0.0112797 0.999924 0.00501608 -12.2166 0.413901 -0.00923535 0.910275 145.08 
0.91415 -0.0106335 -0.405237 -136.072 0.0136727 0.999896 0.00460592 -12.2236 0.405146 -0.00975115 0.9142 146.002 
0.91813 -0.0121945 -0.396091 -136.47 0.0148444 0.999883 0.00362522 -12.2282 0.396001 -0.00920809 0.918204 146.917 
0.922713 -0.0129422 -0.385271 -136.88 0.0147934 0.999889 0.00184112 -12.243 0.385204 -0.00739825 0.922802 147.873 
0.928114 -0.0108727 -0.372138 -137.319 0.0122614 0.999924 0.00136544 -12.262 0.372094 -0.00583017 0.928177 148.876 
0.934144 -0.00816921 -0.356803 -137.704 0.00967048 0.99995 0.00242371 -12.2637 0.356765 -0.0057145 0.934177 149.853 
0.940809 -0.00459899 -0.338905 -138.067 0.00690217 0.999961 0.0055909 -12.2746 0.338866 -0.0075991 0.940804 150.815 
0.947557 -0.00145491 -0.319583 -138.421 0.00403067 0.999965 0.00739839 -12.2777 0.319561 -0.00829848 0.947529 151.823 
0.954271 7.35333e-06 -0.298942 -138.759 0.00263205 0.999961 0.00842642 -12.2856 0.29893 -0.00882788 0.954234 152.858 
0.960586 0.00156698 -0.277978 -139.078 0.00132396 0.999947 0.0102117 -12.2894 0.277979 -0.0101772 0.960533 153.91 
0.966503 0.00240766 -0.256642 -139.376 0.0009697 0.999915 0.0130323 -12.29 0.256652 -0.0128446 0.966419 154.973 
0.972004 0.00479382 -0.234914 -139.655 -0.000851219 0.999857 0.0168815 -12.2904 0.234962 -0.0162089 0.971869 156.069 
0.977034 0.0061783 -0.212995 -139.915 -0.00177398 0.999781 0.0208629 -12.2736 0.213077 -0.0200058 0.976831 157.179 
0.981632 0.0084804 -0.190596 -140.177 -0.00388688 0.999693 0.0244616 -12.2714 0.190745 -0.0232714 0.981364 158.354 
0.985564 0.00977019 -0.169021 -140.384 -0.00571351 0.999684 0.0244706 -12.2566 0.169207 -0.0231516 0.985309 159.498 
0.989048 0.00898656 -0.147322 -140.561 -0.00568059 0.999723 0.0228455 -12.2601 0.147487 -0.0217584 0.988825 160.673 
0.991896 0.00932266 -0.126712 -140.719 -0.00655267 0.999731 0.0222595 -12.249 0.126886 -0.0212487 0.99169 161.804 
0.994288 0.00799339 -0.10643 -140.905 -0.00544303 0.999692 0.0242314 -12.2246 0.106591 -0.0235136 0.994025 163.119 
0.996194 0.00855198 -0.0867489 -141.024 -0.00630886 0.99964 0.0260985 -12.211 0.0869408 -0.0254518 0.995888 164.318 
0.997746 0.00896898 -0.0665046 -141.137 -0.00716803 0.999602 0.0272688 -12.1895 0.0667227 -0.0267306 0.997413 165.547 
0.998878 0.0105484 -0.0461723 -141.237 -0.00926437 0.999567 0.0279349 -12.1623 0.0464469 -0.0274758 0.998543 166.83 
0.999611 0.0109189 -0.0256676 -141.293 -0.0101756 0.99953 0.028911 -12.1474 0.0259711 -0.0286385 0.999252 168.063 
0.999899 0.0132392 -0.00519194 -141.329 -0.013085 0.999503 0.0286871 -12.1347 0.00556911 -0.0286162 0.999575 169.386 
0.999789 0.0143114 0.0147363 -141.337 -0.014715 0.999509 0.0276557 -12.1134 -0.0143333 -0.0278666 0.999509 170.666 
0.999321 0.014296 0.0339539 -141.284 -0.015174 0.999553 0.0257449 -12.1169 -0.0335708 -0.0262426 0.999092 171.999 
0.998468 0.0161859 0.0529035 -141.244 -0.0174445 0.999574 0.0234177 -12.1081 -0.052502 -0.0243047 0.998325 173.354 
0.997281 0.016302 0.0718609 -141.176 -0.0179197 0.999599 0.0219248 -12.0953 -0.0714747 -0.0231529 0.997174 174.67 
0.995757 0.0162756 0.0905719 -141.065 -0.0180618 0.999658 0.0189368 -12.0809 -0.0902327 -0.0204923 0.99571 176.074 
0.993906 0.0172242 0.108879 -140.923 -0.0188594 0.999724 0.0140075 -12.0844 -0.108607 -0.0159755 0.993956 177.463 
0.991713 0.0189731 0.127063 -140.789 -0.0200962 0.999769 0.00756327 -12.0912 -0.12689 -0.010054 0.991866 178.866 
0.989235 0.0211363 0.144803 -140.631 -0.0217733 0.999759 0.00281608 -12.1068 -0.144708 -0.00593856 0.989457 180.273 
0.986564 0.0233876 0.161692 -140.331 -0.0235539 0.999722 -0.000888083 -12.1542 -0.161668 -0.0029323 0.986841 181.758 
0.983439 0.0255886 0.179426 -140.099 -0.0254096 0.999672 -0.00329546 -12.1932 -0.179451 -0.00131823 0.983766 183.21 
0.980184 0.0247443 0.196538 -139.853 -0.0246585 0.999692 -0.00288368 -12.2142 -0.196549 -0.00201976 0.980492 184.579 
0.97672 0.0237836 0.213196 -139.49 -0.0236224 0.999716 -0.00330352 -12.2608 -0.213214 -0.00180954 0.977004 186.107 
0.973106 0.0234732 0.229157 -139.05 -0.0221997 0.999721 -0.00813365 -12.3069 -0.229284 0.00282772 0.973356 187.627 
0.969115 0.0245836 0.245381 -138.705 -0.0222567 0.999677 -0.0122516 -12.3398 -0.245603 0.00641184 0.969349 189.069 
0.964872 0.0266689 0.261365 -138.24 -0.0242938 0.999629 -0.0123146 -12.3745 -0.261597 0.00553248 0.965161 190.6 
0.959979 0.0288844 0.278579 -137.816 -0.0263873 0.999571 -0.0127097 -12.4173 -0.278827 0.00485016 0.960329 192.094 
0.954564 0.0324681 0.296231 -137.392 -0.0291625 0.999453 -0.0155719 -12.4641 -0.296574 0.00622559 0.95499 193.575 
0.949087 0.0330353 0.313277 -136.89 -0.0284395 0.999411 -0.0192298 -12.5252 -0.313728 0.00934135 0.949467 195.1 
0.943289 0.0338483 0.330243 -136.36 -0.0283762 0.999369 -0.0213782 -12.5878 -0.330758 0.0107948 0.943654 196.61 
0.937081 0.0339463 0.347457 -135.826 -0.0264828 0.999306 -0.026208 -12.6641 -0.348105 0.0153574 0.93733 198.111 
0.929762 0.0369325 0.366303 -135.249 -0.0269974 0.999116 -0.03221 -12.7303 -0.367169 0.0200585 0.929938 199.647 
0.920899 0.0402175 0.387722 -134.612 -0.0287693 0.998963 -0.0352885 -12.8363 -0.388739 0.0213426 0.921101 201.231 
0.910534 0.0431147 0.411181 -133.921 -0.030967 0.998866 -0.0361625 -12.9483 -0.412273 0.0201942 0.910836 202.776 
0.898486 0.0480446 0.436365 -133.265 -0.034609 0.998652 -0.0386925 -13.0286 -0.437636 0.0196625 0.898937 204.233 
0.885449 0.0524759 0.461765 -132.554 -0.0372367 0.998421 -0.0420601 -13.1036 -0.463243 0.0200475 0.886005 205.726 
0.871735 0.0561957 0.486744 -131.804 -0.0392213 0.998217 -0.0450028 -13.2106 -0.488405 0.0201398 0.872385 207.205 
0.857762 0.0577154 0.510798 -131.017 -0.0389772 0.998119 -0.0473252 -13.2974 -0.512568 0.0206843 0.858398 208.627 
0.843174 0.059544 0.534333 -130.142 -0.038956 0.998002 -0.0497412 -13.4029 -0.536227 0.021125 0.843809 210.087 
0.827781 0.0614404 0.557677 -129.283 -0.0374855 0.997821 -0.0542907 -13.5353 -0.559797 0.024036 0.828281 211.499 
0.812036 0.0637171 0.580119 -128.39 -0.0357173 0.997585 -0.0595729 -13.6519 -0.582513 0.0276551 0.812351 212.912 
0.796743 0.0656578 0.600741 -127.433 -0.0348545 0.997418 -0.0627861 -13.7766 -0.603312 0.0290859 0.796974 214.273 
0.781354 0.0670707 0.620474 -126.449 -0.0332819 0.997272 -0.0658894 -13.9059 -0.6232 0.0308324 0.781454 215.605 
0.766578 0.0672953 0.638616 -125.455 -0.0314128 0.997233 -0.0673781 -14.0391 -0.641383 0.0315899 0.76657 216.848 
0.752254 0.0680114 0.655353 -124.446 -0.0301319 0.997169 -0.068897 -14.1697 -0.658184 0.032081 0.752174 218.051 
0.738224 0.068175 0.671101 -123.369 -0.0273774 0.997088 -0.0711753 -14.3164 -0.674 0.0341704 0.737941 219.259 
0.724264 0.0693694 0.686025 -122.291 -0.0251165 0.99692 -0.0742899 -14.4613 -0.689066 0.0365749 0.723775 220.444 
0.71036 0.0712511 0.700223 -121.194 -0.0226525 0.996662 -0.0784347 -14.6075 -0.703474 0.039855 0.709602 221.589 
0.696183 0.0727962 0.714164 -120.065 -0.0210488 0.996487 -0.0810551 -14.7539 -0.717556 0.0413969 0.695269 222.737 
0.681779 0.0734778 0.727859 -118.912 -0.0201539 0.996452 -0.0817143 -14.9101 -0.731281 0.0410419 0.680841 223.843 
0.666233 0.0747716 0.741985 -117.753 -0.0208932 0.996442 -0.0816536 -15.06 -0.745451 0.038898 0.665425 224.925 
0.649853 0.0758904 0.756262 -116.573 -0.023391 0.996528 -0.0799011 -15.2136 -0.7597 0.0342342 0.649372 225.985 
0.633128 0.0767278 0.770235 -115.4 -0.0254155 0.996599 -0.0783858 -15.3618 -0.77363 0.0300523 0.632925 226.993 
0.616478 0.0786091 0.783438 -114.227 -0.028352 0.996575 -0.077685 -15.5131 -0.786862 0.0256791 0.616595 227.942 
0.599432 0.0816172 0.796254 -113.027 -0.0293976 0.996362 -0.0799975 -15.6679 -0.799886 0.0245451 0.59965 228.884 
0.582156 0.0853158 0.808589 -111.825 -0.0320467 0.996115 -0.0820295 -15.8196 -0.812445 0.0218414 0.582628 229.799 
0.563612 0.0853257 0.821621 -110.596 -0.0320947 0.996162 -0.0814356 -15.9735 -0.825416 0.0195283 0.564187 230.696 
0.543727 0.0843821 0.835009 -109.345 -0.0329777 0.996312 -0.0792087 -16.1241 -0.838614 0.0155313 0.544505 231.563 
0.523395 0.0823425 0.848102 -108.088 -0.0330274 0.996532 -0.0763712 -16.2772 -0.85145 0.0119617 0.5243 232.387 
0.502647 0.0811484 0.860675 -106.816 -0.0334918 0.996665 -0.0744104 -16.417 -0.863843 0.00857667 0.503689 233.184 
0.481858 0.0801868 0.872572 -105.55 -0.0331638 0.99676 -0.0732852 -16.5585 -0.875621 0.0063753 0.482956 233.932 
0.461436 0.0796377 0.883592 -104.276 -0.0320153 0.996809 -0.0731225 -16.6951 -0.886596 0.00545286 0.462513 234.638 
0.441256 0.0787081 0.893923 -102.973 -0.0302774 0.996885 -0.0728281 -16.8498 -0.896871 0.00507015 0.442264 235.319 
0.421102 0.0789066 0.903575 -101.677 -0.0281367 0.996866 -0.0739405 -16.9918 -0.906577 0.00571283 0.422002 235.956 
0.401065 0.0779941 0.912723 -100.334 -0.0243237 0.996924 -0.0745009 -17.1347 -0.915727 0.00767889 0.401728 236.577 
0.380833 0.0760943 0.921507 -99.0496 -0.0229161 0.997079 -0.0728641 -17.2702 -0.92436 0.00663174 0.381464 237.132 
0.361128 0.0758753 0.929424 -97.7448 -0.02208 0.997101 -0.0728209 -17.4019 -0.932255 0.00577598 0.361756 237.652 
0.341644 0.08068 0.93636 -96.42 -0.0225832 0.996726 -0.0776414 -17.5361 -0.939558 0.00537974 0.342348 238.172 
0.322696 0.0898575 0.942228 -95.0948 -0.0236728 0.995938 -0.0868722 -17.68 -0.946207 0.00572818 0.323513 238.659 
0.303676 0.0977825 0.947745 -93.7902 -0.0258534 0.995199 -0.0943946 -17.8244 -0.952425 0.00416289 0.304746 239.115 
0.284506 0.10177 0.953257 -92.4905 -0.0282069 0.994808 -0.0977875 -17.98 -0.958259 0.000932697 0.2859 239.545 
0.264976 0.103309 0.958705 -91.1823 -0.0307992 0.994644 -0.0986686 -18.1316 -0.963763 -0.00338256 0.266738 239.95 
0.24511 0.103602 0.963944 -89.9121 -0.0346758 0.994575 -0.0980773 -18.2846 -0.968875 -0.00938583 0.247372 240.324 
0.22577 0.104051 0.968608 -88.6362 -0.0362987 0.994488 -0.0983701 -18.4327 -0.973504 -0.0129502 0.228302 240.677 
0.207113 0.102467 0.972936 -87.391 -0.0365412 0.994616 -0.0969716 -18.5816 -0.977634 -0.0154682 0.209742 240.974 
0.188812 0.10259 0.97664 -86.1508 -0.0365886 0.994573 -0.0973998 -18.7237 -0.981331 -0.0173436 0.191541 241.244 
0.170641 0.10331 0.979902 -84.9176 -0.0360017 0.994478 -0.0985777 -18.8676 -0.984675 -0.0184567 0.173418 241.491 
0.151823 0.10689 0.982611 -83.6951 -0.0397201 0.993992 -0.101991 -19.0096 -0.987609 -0.0235448 0.155157 241.721 
0.133442 0.108759 0.985071 -82.4472 -0.0398141 0.993746 -0.104323 -19.1564 -0.990257 -0.0252986 0.136938 241.928 
0.116568 0.106053 0.987504 -81.2091 -0.0402015 0.993972 -0.102002 -19.3023 -0.992369 -0.027809 0.120129 242.109 
0.101143 0.101496 0.989681 -79.9824 -0.0376619 0.99446 -0.0981372 -19.4503 -0.994159 -0.0273473 0.104405 242.263 
0.0872119 0.0973626 0.991421 -78.7784 -0.0376035 0.994825 -0.094389 -19.5907 -0.99548 -0.0290491 0.0904218 242.392 
0.0744355 0.0937996 0.992805 -77.5812 -0.0353546 0.995189 -0.0913741 -19.7321 -0.996599 -0.0282988 0.0773936 242.511 
0.0638301 0.0937724 0.993545 -76.4077 -0.0347975 0.995179 -0.091691 -19.8682 -0.997354 -0.0287203 0.0667854 242.617 
0.055122 0.0960812 0.993846 -75.2511 -0.0354701 0.99492 -0.0942177 -19.9987 -0.997849 -0.0300584 0.05825 242.71 
0.0482009 0.0977603 0.994042 -74.1054 -0.0365685 0.994704 -0.0960522 -20.1281 -0.998168 -0.0317209 0.0515206 242.794 
0.0424149 0.101794 0.993901 -72.9848 -0.0370092 0.994273 -0.100253 -20.2641 -0.998414 -0.0325313 0.0459393 242.867 
0.0369788 0.110481 0.99319 -71.8789 -0.0363938 0.993359 -0.109145 -20.3986 -0.998653 -0.0321099 0.040754 242.935 
0.0319312 0.113232 0.993055 -70.7832 -0.0382944 0.992971 -0.111991 -20.5288 -0.998756 -0.0344525 0.0360429 243.001 
0.0281872 0.105056 0.994067 -69.6741 -0.0374164 0.993876 -0.103974 -20.6596 -0.998902 -0.0342637 0.0319454 243.056 
0.0258346 0.0951265 0.99513 -68.5754 -0.0360368 0.994904 -0.0941693 -20.7896 -0.999017 -0.0334285 0.029131 243.108 
0.0244242 0.0914379 0.995511 -67.4868 -0.035597 0.995256 -0.0905411 -20.9095 -0.999068 -0.0332259 0.0275632 243.158 
0.0241915 0.093586 0.995317 -66.4128 -0.0364374 0.99503 -0.0926733 -21.0252 -0.999043 -0.0340249 0.0274813 243.217 
0.0245332 0.0965805 0.995023 -65.3486 -0.0360849 0.994759 -0.0956651 -21.1441 -0.999048 -0.0335583 0.0278897 243.266 
0.026065 0.0990164 0.994744 -64.3017 -0.0384074 0.994447 -0.0979804 -21.2626 -0.998922 -0.0356517 0.0297232 243.321 
0.0281105 0.0998925 0.994601 -63.2626 -0.0405929 0.994288 -0.0987137 -21.378 -0.99878 -0.0375988 0.0320049 243.374 
0.031112 0.10154 0.994345 -62.2337 -0.0414174 0.994103 -0.10022 -21.4935 -0.998657 -0.0380651 0.0351341 243.433 
0.0347509 0.102636 0.994112 -61.2048 -0.0436153 0.993921 -0.101092 -21.6103 -0.998444 -0.0398455 0.0390161 243.495 
0.0391152 0.103832 0.993825 -60.1929 -0.0449426 0.993763 -0.102057 -21.7252 -0.998224 -0.0406731 0.0435378 243.57 
0.0455141 0.102841 0.993656 -59.1738 -0.0459601 0.993849 -0.100756 -21.8408 -0.997906 -0.0410827 0.0499607 243.638 
0.0515728 0.101664 0.993481 -58.1612 -0.0447702 0.99404 -0.0993968 -21.9523 -0.997665 -0.0393522 0.0558169 243.722 
0.0589138 0.100603 0.993181 -57.1606 -0.0424599 0.994261 -0.0981941 -22.0705 -0.99736 -0.0363854 0.0628473 243.797 
0.0660166 0.101495 0.992643 -56.1645 -0.0414839 0.994232 -0.0988989 -22.1824 -0.996956 -0.0346498 0.0698462 243.89 
0.0728014 0.101471 0.992171 -55.1668 -0.0425021 0.994223 -0.0985617 -22.2933 -0.99644 -0.0349939 0.0766935 243.983 
0.0790054 0.100611 0.991784 -54.1806 -0.0435999 0.994291 -0.0973922 -22.3987 -0.99592 -0.0355472 0.0829409 244.097 
0.0854263 0.0986156 0.991452 -53.1952 -0.0444579 0.994476 -0.0950857 -22.507 -0.995352 -0.035955 0.0893387 244.21 
0.0921038 0.0969578 0.991018 -52.2069 -0.0442681 0.994663 -0.0932001 -22.617 -0.994765 -0.0352864 0.0959043 244.325 
0.0987471 0.0977248 0.990302 -51.2276 -0.0445984 0.994601 -0.0937018 -22.7208 -0.994113 -0.0349132 0.102572 244.447 
0.105447 0.0998609 0.989398 -50.2598 -0.0441874 0.994433 -0.0956596 -22.8264 -0.993443 -0.0336319 0.109273 244.573 
0.111725 0.101465 0.988546 -49.289 -0.0442118 0.994296 -0.0970589 -22.9282 -0.992755 -0.0328615 0.115574 244.709 
0.117904 0.10351 0.987616 -48.3277 -0.0464496 0.994039 -0.0986381 -23.0343 -0.991938 -0.0342445 0.122009 244.851 
0.124094 0.104313 0.986772 -47.365 -0.0485228 0.993907 -0.0989652 -23.139 -0.991083 -0.0356 0.128399 245.003 
0.130638 0.103851 0.985976 -46.4064 -0.0492041 0.993952 -0.0981717 -23.2483 -0.990208 -0.0356891 0.134958 245.16 
0.136886 0.101799 0.985342 -45.4405 -0.0503881 0.994133 -0.0957071 -23.3536 -0.989304 -0.0365485 0.141213 245.32 
0.143205 0.100249 0.984603 -44.4863 -0.0505329 0.9943 -0.0938868 -23.4593 -0.988402 -0.0363097 0.147455 245.484 
0.149672 0.0995017 0.983716 -43.5359 -0.0503784 0.994399 -0.0929171 -23.5642 -0.987451 -0.0356509 0.153847 245.652 
0.156633 0.100664 0.982514 -42.5963 -0.0503257 0.994314 -0.0938497 -23.6671 -0.986374 -0.0347457 0.160808 245.824 
0.163861 0.101072 0.981292 -41.652 -0.0479603 0.994377 -0.0944112 -23.7668 -0.985317 -0.0315928 0.167787 246.001 
