1 2.12261e-08 -2.11895e-08 0 2.12261e-08 1 2.10703e-08 0 -2.11895e-08 2.10703e-08 1 0 
0.999875 0.0015719 0.015763 0.0138219 -0.00155733 0.999998 -0.000934111 -0.00457201 -0.0157645 0.000909487 0.999875 0.121234 
0.999298 0.00440728 0.0371931 0.0291329 -0.00439066 0.99999 -0.000527599 -0.00568555 -0.0371951 0.000363968 0.999308 0.258683 
0.997902 0.00623602 0.0644366 0.0541865 -0.00629728 0.99998 0.000748215 -0.00390029 -0.0644307 -0.00115238 0.997922 0.418993 
0.995123 0.00580391 0.0984721 0.101457 -0.00612757 0.999977 0.00298513 -0.00373654 -0.0984525 -0.00357393 0.995135 0.583295 
0.990656 0.0026173 0.13636 0.176288 -0.00333307 0.999982 0.00502141 -0.00516496 -0.136344 -0.00542895 0.990647 0.753877 
0.984402 -0.000234988 0.175935 0.246058 -0.00072419 0.999985 0.00538792 -0.00258948 -0.175934 -0.00543125 0.984387 0.930968 
0.975652 -3.5115e-05 0.219323 0.345683 -0.00141093 0.999978 0.00643679 0.00371856 -0.219319 -0.00658948 0.975631 1.12528 
0.963568 0.000453426 0.267462 0.429384 -0.00301361 0.999954 0.0091619 0.0118544 -0.267445 -0.00963411 0.963525 1.30345 
0.949158 -0.00314687 0.314785 0.52255 -0.00209564 0.999865 0.0163146 0.0165364 -0.314794 -0.0161448 0.949023 1.46703 
0.932122 -0.012628 0.361925 0.64437 0.00409392 0.999695 0.0243371 0.00860554 -0.362122 -0.0212034 0.93189 1.65519 
0.910719 -0.0179315 0.412637 0.789506 0.0067235 0.999568 0.028598 0.00904082 -0.412972 -0.0232704 0.910447 1.85496 
0.885206 -0.0189708 0.464812 0.914394 0.00439317 0.999465 0.0324256 0.0131936 -0.465178 -0.0266613 0.884816 2.03698 
0.856674 -0.0211269 0.515425 1.0742 0.00242096 0.999315 0.0369374 0.0167487 -0.515852 -0.0303955 0.856138 2.23098 
0.824032 -0.0261997 0.565938 1.24705 0.00343453 0.999143 0.0412539 0.0137437 -0.566533 -0.0320508 0.823415 2.42408 
0.787721 -0.0312469 0.61524 1.44525 0.00505975 0.999007 0.0442596 0.0258395 -0.616012 -0.0317512 0.787097 2.60833 
0.749243 -0.0354688 0.661345 1.66138 0.00578552 0.998877 0.0470167 0.0247529 -0.66227 -0.0314007 0.748607 2.79781 
0.708692 -0.0385949 0.704462 1.89393 0.00670453 0.998826 0.0479773 0.0341595 -0.705486 -0.029278 0.708119 2.99183 
0.666039 -0.0401783 0.744834 2.15742 0.00554419 0.998787 0.0489195 0.0485239 -0.745897 -0.0284528 0.665454 3.19759 
0.622539 -0.0402957 0.781551 2.44592 0.000654826 0.9987 0.0509701 0.0605637 -0.782589 -0.0312191 0.621756 3.4135 
0.580201 -0.0410204 0.81344 2.76994 -0.00246531 0.998638 0.0521181 0.0700888 -0.81447 -0.0322443 0.57931 3.62021 
0.539256 -0.0424022 0.841074 3.13079 -0.00418267 0.998584 0.0530248 0.0858193 -0.842132 -0.0321119 0.538315 3.83949 
0.500029 -0.0445364 0.864863 3.50788 -0.00588681 0.998479 0.0548207 0.100586 -0.865989 -0.0325032 0.499006 4.04213 
0.462148 -0.0442068 0.885701 3.91266 -0.00908241 0.998468 0.0545744 0.117875 -0.886757 -0.0332657 0.461038 4.24142 
0.425286 -0.0435227 0.904012 4.35808 -0.0100005 0.998556 0.0527792 0.13681 -0.905004 -0.0314868 0.424237 4.43622 
0.391367 -0.041998 0.919276 4.8301 -0.00856935 0.998748 0.0492771 0.163591 -0.920195 -0.027163 0.390517 4.62156 
0.361449 -0.0401314 0.931528 5.33557 -0.00649093 0.998941 0.0455543 0.187099 -0.932369 -0.022512 0.360806 4.80258 
0.335837 -0.0381723 0.941146 5.873 -0.00520812 0.999088 0.0423808 0.212838 -0.941906 -0.0191346 0.335332 4.98556 
0.31544 -0.0376817 0.948197 6.43593 -0.00397748 0.99915 0.0410298 0.233747 -0.948937 -0.0167139 0.315022 5.17208 
0.300641 -0.0381353 0.952975 7.03901 -0.00302797 0.999157 0.0409387 0.258866 -0.953733 -0.0151934 0.300272 5.36315 
0.289014 -0.0394926 0.95651 7.66169 -0.00191742 0.999123 0.0418314 0.284403 -0.957323 -0.0139239 0.288685 5.55654 
0.277953 -0.0414615 0.9597 8.29838 -0.00306267 0.999025 0.0440475 0.30328 -0.96059 -0.0151824 0.277555 5.75335 
0.267334 -0.0433056 0.96263 8.9734 -0.00444345 0.998924 0.0461723 0.326116 -0.963594 -0.0166208 0.266853 5.9508 
0.257165 -0.0448052 0.965328 9.66832 -0.00532396 0.998844 0.0477791 0.357774 -0.966353 -0.0174265 0.256629 6.14525 
0.246993 -0.046715 0.967891 10.3945 -0.00627293 0.998739 0.0498047 0.38768 -0.968997 -0.0183729 0.246389 6.33971 
0.236634 -0.0480364 0.970411 11.1468 -0.00611133 0.998684 0.0509262 0.423309 -0.97158 -0.0179814 0.236029 6.52841 
0.226087 -0.049283 0.97286 11.9096 -0.0063058 0.998624 0.0520537 0.456632 -0.974087 -0.0179033 0.225465 6.71974 
0.215541 -0.052205 0.975098 12.691 -0.0076317 0.998449 0.0551421 0.489325 -0.976465 -0.019327 0.214808 6.90128 
0.20421 -0.0556509 0.977344 13.4798 -0.00928031 0.998228 0.0587792 0.527411 -0.978883 -0.0210734 0.203332 7.07497 
0.191833 -0.0595533 0.979619 14.2721 -0.00982167 0.997991 0.0625936 0.564326 -0.981378 -0.021629 0.190863 7.246 
0.178668 -0.061721 0.981972 15.0703 -0.0109201 0.997845 0.0647057 0.599802 -0.983849 -0.022284 0.177609 7.40387 
0.164513 -0.0622335 0.98441 15.8777 -0.0111755 0.997826 0.0649493 0.639747 -0.986312 -0.0216863 0.16346 7.55044 
0.150032 -0.0613338 0.986777 16.6873 -0.0125631 0.997875 0.0639337 0.675117 -0.988601 -0.021989 0.148943 7.68293 
0.13343 -0.060167 0.98923 17.4978 -0.0131579 0.99796 0.0624728 0.712991 -0.990971 -0.0213519 0.132366 7.80021 
0.112688 -0.0585678 0.991903 18.3244 -0.0158845 0.998028 0.0607341 0.749284 -0.993503 -0.0225999 0.111536 7.91109 
0.0868609 -0.0571988 0.994577 19.1591 -0.0202961 0.998042 0.0591706 0.784976 -0.996014 -0.0253257 0.0855299 7.99695 
0.0561806 -0.0566436 0.996813 20.0016 -0.0243513 0.998015 0.0580844 0.819366 -0.998124 -0.0275369 0.0546897 8.05521 
0.0228258 -0.0565023 0.998142 20.838 -0.0275401 0.997987 0.0571234 0.851699 -0.99936 -0.0287928 0.0212238 8.08014 
-0.0118467 -0.0557879 0.998372 21.6755 -0.0289571 0.998043 0.0554259 0.880953 -0.99951 -0.0282534 -0.013439 8.07785 
-0.0456775 -0.0543273 0.997478 22.5159 -0.0297856 0.99815 0.053 0.913584 -0.998512 -0.0272896 -0.0472112 8.04156 
-0.0786489 -0.0523026 0.995529 23.3507 -0.0317949 0.998246 0.0499335 0.939509 -0.996395 -0.0277255 -0.0801739 7.98124 
-0.111098 -0.0496137 0.99257 24.1899 -0.0341358 0.998354 0.046082 0.959567 -0.993223 -0.0287626 -0.112609 7.89702 
-0.143565 -0.0451011 0.988613 25.019 -0.0311347 0.998672 0.0410387 0.979025 -0.989151 -0.0248884 -0.144779 7.77602 
-0.175265 -0.0392225 0.98374 25.8625 -0.0263447 0.999035 0.0351387 0.998117 -0.984169 -0.0197577 -0.176129 7.63212 
-0.205653 -0.032705 0.978078 26.6531 -0.0190634 0.999386 0.0294092 1.00097 -0.978439 -0.0125974 -0.20615 7.47288 
-0.234512 -0.02721 0.971732 27.4525 -0.0132938 0.999605 0.0247823 1.00086 -0.972022 -0.00710632 -0.234781 7.27573 
-0.262415 -0.0210849 0.964725 28.2441 -0.00453282 0.999777 0.020618 0.998007 -0.964944 0.00103756 -0.262452 7.0677 
-0.288596 -0.0109793 0.957388 29.0444 0.000964935 0.99993 0.0117581 0.992173 -0.957451 0.00431716 -0.288565 6.82158 
-0.314318 0.00427312 0.949308 29.7617 0.00520421 0.999983 -0.00277806 0.979213 -0.949304 0.00406721 -0.314334 6.60809 
-0.338776 0.0219233 0.940612 30.5319 0.00700153 0.99976 -0.0207801 0.956134 -0.940841 -0.000454075 -0.338848 6.33337 
-0.363854 0.0368052 0.930729 31.2824 0.00753135 0.999303 -0.0365726 0.923202 -0.931426 -0.00629743 -0.363877 6.05115 
-0.388095 0.0472394 0.920408 32.0418 0.0112885 0.998854 -0.0465057 0.881272 -0.92155 -0.00765858 -0.388184 5.72663 
-0.411188 0.0512792 0.910107 32.7954 0.014559 0.998659 -0.0496907 0.825635 -0.911435 -0.00718196 -0.411383 5.38203 
-0.433811 0.0510624 0.899556 33.5286 0.0183234 0.998686 -0.0478529 0.773445 -0.900818 -0.00427619 -0.434177 5.03579 
-0.453831 0.046716 0.889863 34.2538 0.0213776 0.998908 -0.041538 0.724684 -0.890831 0.000171864 -0.454334 4.67004 
-0.471236 0.045636 0.880826 34.9711 0.0293658 0.998919 -0.0360439 0.674856 -0.881518 0.008881 -0.472066 4.274 
-0.484977 0.0461619 0.873308 35.6786 0.031498 0.99888 -0.0353076 0.627255 -0.873959 0.0103841 -0.485888 3.8827 
-0.495983 0.0502167 0.866879 36.3786 0.0353492 0.998667 -0.037626 0.580836 -0.867612 0.0119816 -0.497097 3.48676 
-0.505826 0.0526983 0.861024 37.0638 0.0362231 0.99855 -0.0398354 0.533265 -0.861875 0.0110392 -0.507001 3.09406 
-0.516666 0.0519165 0.854611 37.7479 0.0303298 0.998643 -0.0423299 0.479689 -0.855649 0.00404976 -0.51754 2.70428 
-0.527575 0.0505006 0.848006 38.4388 0.0296977 0.998718 -0.0409998 0.431141 -0.848989 0.00355336 -0.528398 2.28474 
-0.536337 0.0518361 0.842411 39.1143 0.0316286 0.998646 -0.0413127 0.385774 -0.843411 0.00448668 -0.53725 1.86909 
-0.543604 0.0547648 0.837554 39.7981 0.0348668 0.998481 -0.0426574 0.332699 -0.838618 0.00601403 -0.544688 1.4347 
-0.547123 0.05767 0.835064 40.4845 0.0358865 0.998323 -0.0454323 0.290589 -0.836283 0.00511047 -0.548274 1.00278 
-0.546859 0.0599247 0.835077 41.1942 0.0357892 0.998197 -0.048193 0.246023 -0.836459 0.00353198 -0.548018 0.552478 
-0.543806 0.060062 0.837059 41.9163 0.0375618 0.998178 -0.0472204 0.199729 -0.83837 0.0057627 -0.545071 0.10539 
-0.537894 0.058897 0.840953 42.6656 0.0355942 0.998254 -0.0471468 0.148549 -0.842261 0.00457309 -0.539051 -0.359826 
-0.531125 0.0575703 0.845335 43.4272 0.033149 0.998337 -0.0471627 0.103033 -0.846645 0.0029727 -0.53215 -0.80978 
-0.524071 0.0571584 0.849754 44.2075 0.031613 0.998363 -0.0476578 0.0491165 -0.851087 0.00188722 -0.525021 -1.26707 
-0.517763 0.0557033 0.853709 45.007 0.0286372 0.998447 -0.0477792 -0.00189332 -0.855045 -0.000290502 -0.518554 -1.72756 
-0.514035 0.0533619 0.856108 45.8008 0.0240584 0.998567 -0.047796 -0.0488193 -0.857432 -0.00397226 -0.514583 -2.15807 
-0.512686 0.0506829 0.857079 46.632 0.0199038 0.998689 -0.0471509 -0.103675 -0.858345 -0.00711451 -0.513023 -2.62945 
-0.513154 0.0480292 0.856952 47.4823 0.0165957 0.998802 -0.0460417 -0.159759 -0.858136 -0.00940475 -0.513336 -3.11334 
-0.514564 0.046966 0.856165 48.3417 0.0152967 0.998843 -0.0455993 -0.213878 -0.857315 -0.0103673 -0.514687 -3.59919 
-0.515266 0.0462116 0.855783 49.1936 0.014945 0.998878 -0.0449403 -0.264899 -0.8569 -0.0103666 -0.515379 -4.08513 
-0.515632 0.045851 0.855582 50.0594 0.0149325 0.998896 -0.0445319 -0.318948 -0.85668 -0.0101862 -0.515748 -4.58134 
-0.51597 0.0449887 0.855424 50.9371 0.0153312 0.998945 -0.0432894 -0.377598 -0.856469 -0.00922133 -0.516116 -5.08582 
-0.516493 0.0446361 0.855127 51.8216 0.0145037 0.998953 -0.0433833 -0.42833 -0.856169 -0.0100046 -0.5166 -5.58804 
-0.516989 0.0427801 0.854922 52.744 0.0126256 0.999023 -0.0423559 -0.496744 -0.855899 -0.0111036 -0.517024 -6.10905 
-0.517271 0.0421428 0.854783 53.6127 0.0123035 0.99905 -0.04181 -0.557072 -0.855733 -0.0111103 -0.517298 -6.60551 
-0.517124 0.041181 0.854919 54.4903 0.0103484 0.99907 -0.041865 -0.615091 -0.855848 -0.0128024 -0.517069 -7.10311 
-0.516071 0.0396296 0.855629 55.3763 0.0100093 0.99914 -0.0402393 -0.674786 -0.856487 -0.0122021 -0.516024 -7.60887 
-0.514611 0.0374961 0.856603 56.2536 0.0102428 0.999241 -0.0375864 -0.736467 -0.857363 -0.0105683 -0.514605 -8.10072 
-0.512658 0.0359692 0.857839 57.14 0.0101512 0.999306 -0.0358344 -0.793231 -0.858533 -0.00966267 -0.512668 -8.59792 
-0.510583 0.035604 0.859091 58.0476 0.0100436 0.999321 -0.0354464 -0.853441 -0.85977 -0.00947 -0.510594 -9.10121 
-0.508923 0.0357347 0.86007 58.932 0.0101458 0.999318 -0.0355166 -0.910841 -0.860752 -0.0093491 -0.508938 -9.59806 
-0.508407 0.0364592 0.860345 59.8409 0.0102562 0.999289 -0.0362865 -0.962715 -0.861056 -0.00962451 -0.508419 -10.0965 
-0.509801 0.0377829 0.859462 60.7381 0.0093187 0.999219 -0.0383992 -1.01858 -0.860242 -0.0115669 -0.509755 -10.5851 
-0.512972 0.0394696 0.857498 61.6148 0.00781104 0.999116 -0.0413154 -1.07631 -0.85837 -0.0144957 -0.512827 -11.0853 
-0.517517 0.0399581 0.854739 62.495 0.00660099 0.999066 -0.0427084 -1.13641 -0.855647 -0.0164602 -0.517297 -11.5937 
-0.523086 0.0385926 0.851406 63.3647 0.00750564 0.999144 -0.0406779 -1.19238 -0.852247 -0.0148877 -0.522928 -12.1051 
-0.528586 0.036472 0.848096 64.2281 0.00890833 0.99926 -0.0374205 -1.24894 -0.848833 -0.0122248 -0.52852 -12.6236 
-0.533915 0.0340444 0.844853 65.0954 0.00620571 0.99932 -0.036347 -1.30547 -0.845516 -0.0141633 -0.533763 -13.1434 
-0.539017 0.0374158 0.841463 65.9449 0.00821571 0.999199 -0.0391667 -1.35975 -0.842255 -0.0141983 -0.538893 -13.6668 
-0.544213 0.0388404 0.838048 66.7817 0.00847938 0.999131 -0.0407996 -1.41661 -0.838905 -0.0150976 -0.544069 -14.1897 
-0.548931 0.0396997 0.834924 67.6128 0.00714373 0.999058 -0.0428073 -1.47348 -0.835837 -0.0175338 -0.548698 -14.7098 
-0.552763 0.0397812 0.832389 68.4393 0.00575794 0.999018 -0.043921 -1.53335 -0.833319 -0.019485 -0.552449 -15.2341 
-0.556093 0.0389803 0.830206 69.2551 0.00644869 0.999072 -0.0425895 -1.59131 -0.831095 -0.01833 -0.555828 -15.761 
-0.558533 0.0321035 0.828861 70.0755 0.00697172 0.999397 -0.0340108 -1.64361 -0.829453 -0.0132176 -0.55842 -16.2936 
-0.560626 0.0233924 0.827739 70.8915 0.00639594 0.999693 -0.02392 -1.69635 -0.828045 -0.00811597 -0.560603 -16.8294 
-0.562055 0.0223904 0.826797 71.6973 0.00801289 0.999734 -0.0216265 -1.74068 -0.827061 -0.00553027 -0.562085 -17.3568 
-0.563309 0.0265503 0.82582 72.4952 0.00732906 0.999605 -0.0271382 -1.78001 -0.826214 -0.00923472 -0.563281 -17.8796 
-0.564444 0.0331014 0.824808 73.2902 0.00935651 0.999388 -0.0337047 -1.82497 -0.825418 -0.0113071 -0.564408 -18.4081 
-0.564739 0.0368779 0.824445 74.0813 0.0147888 0.999293 -0.0345688 -1.87277 -0.825137 -0.00732983 -0.564885 -18.9427 
-0.564502 0.0383703 0.824539 74.8741 0.0183969 0.999256 -0.0339058 -1.92258 -0.825227 -0.00397091 -0.564788 -19.4835 
-0.564239 0.0346811 0.824883 75.6662 0.01683 0.999393 -0.030506 -1.97205 -0.82544 -0.0033299 -0.564481 -20.0039 
-0.563426 0.0301711 0.825615 76.4611 0.0157915 0.999544 -0.0257505 -2.01291 -0.826016 -0.00147075 -0.563645 -20.5306 
-0.562716 0.0235234 0.826316 77.2558 0.0124234 0.999723 -0.0199996 -2.0527 -0.826557 -0.000988439 -0.562852 -21.0472 
-0.562351 0.0178341 0.826706 78.0524 0.00380051 0.999813 -0.0189831 -2.08969 -0.82689 -0.00753328 -0.562314 -21.5522 
-0.560782 0.012596 0.827868 78.8516 -0.00375191 0.999835 -0.0177539 -2.12041 -0.827955 -0.0130622 -0.560642 -22.0569 
-0.558566 0.0134521 0.829351 79.6431 -0.000260896 0.999866 -0.0163936 -2.15652 -0.82946 -0.00937327 -0.558487 -22.5793 
-0.555542 0.0164676 0.831326 80.4289 0.00363894 0.999842 -0.017374 -2.19547 -0.831481 -0.00662682 -0.555514 -23.0914 
-0.550375 0.0199804 0.834679 81.2164 0.00585686 0.999781 -0.0200707 -2.22348 -0.834897 -0.00615781 -0.550371 -23.5915 
-0.542522 0.0222551 0.839747 82.0077 0.01105 0.999752 -0.0193566 -2.2582 -0.839969 -0.00122215 -0.542633 -24.0949 
-0.534531 0.0257938 0.844756 82.8066 0.0187794 0.99965 -0.0186403 -2.29693 -0.844941 0.0059002 -0.534828 -24.5917 
-0.524723 0.0248333 0.850911 83.6092 0.0161366 0.999685 -0.0192243 -2.32788 -0.85112 0.00364338 -0.524958 -25.0693 
-0.513841 0.0224681 0.857591 84.4165 0.0139834 0.999744 -0.0178139 -2.35997 -0.857771 0.00283851 -0.514023 -25.5313 
-0.502133 0.0192223 0.864577 85.2331 0.0142283 0.999801 -0.0139652 -2.39276 -0.864673 0.00528901 -0.502307 -25.9908 
-0.491329 0.0185494 0.870777 86.0491 0.0137785 0.999814 -0.0135237 -2.42468 -0.870865 0.00535334 -0.491493 -26.4293 
-0.47968 0.0179029 0.877261 86.873 0.0144838 0.999817 -0.0124843 -2.4507 -0.877324 0.00671761 -0.479852 -26.8573 
-0.467795 0.0190001 0.883633 87.6982 0.0159324 0.999788 -0.013063 -2.48136 -0.883694 0.00796756 -0.467998 -27.2767 
-0.455873 0.0227938 0.889753 88.527 0.0157322 0.999722 -0.0175504 -2.51918 -0.889906 0.00599699 -0.456105 -27.6831 
-0.444663 0.0318506 0.895132 89.3496 0.018317 0.999482 -0.0264645 -2.55211 -0.895511 0.00462834 -0.445016 -28.0728 
-0.432005 0.0364609 0.901134 90.1825 0.0179664 0.999332 -0.031821 -2.58708 -0.901692 0.0024433 -0.432372 -28.4551 
-0.420801 0.0330728 0.90655 91.0268 0.0159353 0.999451 -0.0290652 -2.62839 -0.907013 0.00221547 -0.421097 -28.8242 
-0.40916 0.0293486 0.911991 91.8697 0.0146383 0.999565 -0.0255994 -2.6727 -0.912345 0.00287569 -0.409412 -29.1849 
-0.399538 0.0299789 0.916226 92.7082 0.0121015 0.999551 -0.0274281 -2.7181 -0.916637 0.000129106 -0.399721 -29.5272 
-0.392747 0.0342879 0.919007 93.5487 0.0071905 0.999389 -0.0342139 -2.76446 -0.919619 -0.00682928 -0.392753 -29.8615 
-0.388026 0.0390485 0.920821 94.3846 0.00128019 0.999124 -0.0418295 -2.80859 -0.921648 -0.0150521 -0.387736 -30.1861 
-0.384649 0.0410448 0.92215 95.2151 -0.000930069 0.998993 -0.044853 -2.86054 -0.923063 -0.0181103 -0.384223 -30.5095 
-0.381232 0.040545 0.92359 96.0555 -0.00273578 0.998984 -0.044984 -2.91583 -0.924476 -0.0196761 -0.380733 -30.8303 
-0.376159 0.040687 0.925662 96.8909 -0.00308486 0.998975 -0.045163 -2.97087 -0.92655 -0.019844 -0.375648 -31.1528 
-0.3704 0.0361052 0.92817 97.7442 -0.00639727 0.999121 -0.0414181 -3.02554 -0.92885 -0.021279 -0.369844 -31.4734 
-0.36524 0.0326054 0.930342 98.5888 -0.00658636 0.999271 -0.0376068 -3.07705 -0.93089 -0.0198631 -0.364759 -31.7835 
-0.359444 0.0295561 0.932699 99.4368 -0.00825817 0.999358 -0.034851 -3.1286 -0.93313 -0.0202294 -0.358969 -32.0903 
-0.353998 0.0278955 0.93483 100.288 -0.0167204 0.999207 -0.0361481 -3.17311 -0.935097 -0.0284272 -0.353251 -32.3794 
-0.347984 0.0280972 0.937079 101.14 -0.0238973 0.99896 -0.0388269 -3.22031 -0.937196 -0.0359048 -0.346951 -32.6621 
-0.341513 0.032247 0.939324 101.982 -0.0224159 0.998848 -0.0424403 -3.26998 -0.93961 -0.0355497 -0.340397 -32.9493 
-0.334598 0.0356816 0.941685 102.829 -0.0206049 0.998767 -0.0451658 -3.31982 -0.942136 -0.0345157 -0.333451 -33.2321 
-0.328206 0.0338197 0.944001 103.682 -0.0220698 0.998812 -0.0434564 -3.36843 -0.944348 -0.0350966 -0.327069 -33.5089 
-0.321387 0.0290429 0.946502 104.545 -0.0222523 0.999022 -0.0382102 -3.42103 -0.946686 -0.0333421 -0.320427 -33.7801 
-0.314533 0.0263849 0.94888 105.407 -0.0240013 0.999073 -0.0357365 -3.47114 -0.948943 -0.0340147 -0.313608 -34.0444 
-0.308575 0.0294591 0.950744 106.276 -0.0265365 0.998865 -0.0395628 -3.51756 -0.95083 -0.0374375 -0.307443 -34.2966 
-0.302103 0.0324738 0.952722 107.119 -0.0250855 0.998803 -0.0419989 -3.56391 -0.952945 -0.0365875 -0.300926 -34.5499 
-0.295455 0.0327713 0.954795 107.976 -0.0281823 0.998678 -0.0429983 -3.61583 -0.954941 -0.0396124 -0.294141 -34.791 
-0.288824 0.0321329 0.956843 108.835 -0.028539 0.998704 -0.0421531 -3.66828 -0.956957 -0.0394821 -0.287532 -35.0281 
-0.280663 0.0318209 0.959279 109.683 -0.0243809 0.998891 -0.0402682 -3.72109 -0.959497 -0.0346899 -0.279576 -35.2629 
-0.272874 0.0330491 0.961482 110.538 -0.0217611 0.998942 -0.0405126 -3.76992 -0.961804 -0.0319777 -0.271866 -35.4966 
-0.266508 0.0333312 0.963256 111.401 -0.0212731 0.998955 -0.0404522 -3.82055 -0.963598 -0.0312723 -0.26552 -35.7151 
-0.259867 0.0320603 0.965112 112.268 -0.0276014 0.998794 -0.0406111 -3.87146 -0.96525 -0.037192 -0.258668 -35.9204 
-0.254 0.0300144 0.966738 113.139 -0.0317049 0.998723 -0.0393375 -3.92302 -0.966684 -0.040642 -0.252724 -36.117 
-0.249416 0.0302916 0.967923 114.011 -0.0286932 0.998841 -0.0386528 -3.97125 -0.967971 -0.0374134 -0.248257 -36.326 
-0.244848 0.0307634 0.969073 114.882 -0.0272018 0.998885 -0.0385826 -4.01893 -0.96918 -0.0358074 -0.243738 -36.5303 
-0.24025 0.0321994 0.970177 115.752 -0.026433 0.998862 -0.0396972 -4.0644 -0.970351 -0.0351819 -0.239126 -36.7265 
-0.234174 0.0313296 0.97169 116.628 -0.0199439 0.999116 -0.0370203 -4.11193 -0.97199 -0.0280485 -0.233342 -36.927 
-0.228729 0.0304934 0.973012 117.501 -0.0125856 0.999333 -0.0342768 -4.15535 -0.973409 -0.020086 -0.228193 -37.128 
-0.223675 0.0294675 0.974218 118.373 -0.0107604 0.999407 -0.0326999 -4.20524 -0.974604 -0.0177971 -0.223225 -37.3166 
-0.219791 0.0311953 0.975048 119.246 -0.012709 0.999312 -0.0348364 -4.24714 -0.975464 -0.0200486 -0.219243 -37.4906 
-0.216105 0.0330934 0.975809 120.12 -0.0140599 0.999216 -0.0370009 -4.29166 -0.976269 -0.0217159 -0.215471 -37.667 
-0.214604 0.032406 0.976163 120.994 -0.016576 0.999185 -0.0368144 -4.34096 -0.97656 -0.0240814 -0.213892 -37.8352 
-0.21372 0.031226 0.976396 121.871 -0.017267 0.999212 -0.0357351 -4.38572 -0.976742 -0.0244967 -0.213012 -38.0069 
-0.212821 0.0269877 0.976719 122.746 -0.0158136 0.999392 -0.0310598 -4.42709 -0.976963 -0.0220556 -0.212265 -38.1809 
-0.211717 0.0217827 0.977088 123.62 -0.0168046 0.999523 -0.0259241 -4.47022 -0.977187 -0.0219082 -0.21125 -38.3519 
-0.211038 0.0199808 0.977274 124.487 -0.0162685 0.999581 -0.0239499 -4.50923 -0.977342 -0.0209531 -0.210625 -38.5206 
-0.209777 0.0246866 0.977438 125.336 -0.0162516 0.999455 -0.0287306 -4.55023 -0.977614 -0.021912 -0.209261 -38.6882 
-0.209517 0.0285087 0.977389 126.186 -0.0159648 0.999342 -0.0325713 -4.58913 -0.977675 -0.0224281 -0.208924 -38.8554 
-0.209649 0.0276676 0.977385 127.048 -0.0192328 0.99929 -0.0324131 -4.62826 -0.977587 -0.0255932 -0.208968 -39.0221 
-0.208991 0.0265854 0.977556 127.896 -0.0208342 0.999283 -0.0316303 -4.67658 -0.977696 -0.0269771 -0.208287 -39.184 
-0.20837 0.0274482 0.977665 128.74 -0.0163243 0.999369 -0.0315367 -4.71864 -0.977914 -0.022531 -0.207791 -39.3541 
-0.207608 0.0299336 0.977754 129.575 -0.0179539 0.999247 -0.0344037 -4.75914 -0.978047 -0.024697 -0.206914 -39.5136 
-0.20808 0.0309062 0.977623 130.411 -0.0259975 0.998973 -0.0371145 -4.80363 -0.977766 -0.0331385 -0.207063 -39.6612 
-0.207647 0.0322544 0.977672 131.244 -0.0317667 0.998707 -0.0396952 -4.85107 -0.977688 -0.0393 -0.206354 -39.8129 
-0.207326 0.0358881 0.977613 132.071 -0.0280495 0.998698 -0.0426106 -4.90027 -0.97787 -0.0362559 -0.206049 -39.9734 
-0.20677 0.0367658 0.977699 132.891 -0.0262958 0.998724 -0.0431176 -4.95177 -0.978036 -0.0346248 -0.20554 -40.1304 
-0.20516 0.0379812 0.977991 133.712 -0.027101 0.998643 -0.0444683 -5.00025 -0.978353 -0.0356277 -0.203852 -40.285 
-0.203073 0.0375983 0.978442 134.532 -0.0186497 0.998933 -0.0422564 -5.04671 -0.978986 -0.0268288 -0.202155 -40.4518 
-0.199899 0.0342447 0.979218 135.352 -0.0140145 0.999187 -0.037804 -5.09796 -0.979716 -0.0212802 -0.199256 -40.6112 
-0.197654 0.0294757 0.979829 136.155 -0.0094016 0.999445 -0.0319623 -5.1479 -0.980227 -0.0155294 -0.197268 -40.7674 
-0.194067 0.0289633 0.980561 136.963 -0.00807558 0.999483 -0.0311204 -5.19176 -0.980955 -0.0139581 -0.193733 -40.9138 
-0.189291 0.0338198 0.981339 137.758 -0.00719857 0.999332 -0.0358284 -5.24166 -0.981895 -0.0138462 -0.188921 -41.0526 
-0.182423 0.0371467 0.982518 138.554 -0.00552694 0.999232 -0.0388048 -5.28199 -0.983205 -0.0125092 -0.182078 -41.1897 
-0.174353 0.0379403 0.983952 139.35 -0.006236 0.999195 -0.039633 -5.31867 -0.984664 -0.0130461 -0.173976 -41.3121 
-0.164878 0.0335295 0.985744 140.149 -0.0041501 0.99939 -0.0346877 -5.36434 -0.986305 -0.00981017 -0.164638 -41.4296 
-0.152834 0.0321562 0.987729 140.945 0.000333286 0.999472 -0.0324869 -5.41125 -0.988252 -0.00463592 -0.152764 -41.5436 
-0.139005 0.0350458 0.989671 141.757 0.00387063 0.999385 -0.034846 -5.44362 -0.990284 -0.00101312 -0.139055 -41.6536 
-0.124799 0.0361701 0.991523 142.545 0.00377752 0.999345 -0.03598 -5.48413 -0.992175 -0.000744778 -0.124854 -41.7387 
-0.111094 0.0361314 0.993153 143.337 0.00477981 0.999347 -0.035822 -5.52563 -0.993798 0.00076747 -0.111194 -41.8103 
-0.0975552 0.0380082 0.994504 144.123 0.00529675 0.999276 -0.037671 -5.56857 -0.995216 0.00159264 -0.097686 -41.8729 
-0.0838811 0.0444352 0.995485 144.898 0.00176572 0.99901 -0.0444438 -5.61584 -0.996474 -0.00197025 -0.0838766 -41.9173 
-0.071034 0.0534416 0.996041 145.662 -0.00493421 0.998533 -0.0539271 -5.66653 -0.997462 -0.00874534 -0.0706661 -41.9458 
-0.0574819 0.061301 0.996463 146.421 -0.0091019 0.998039 -0.061923 -5.71613 -0.998305 -0.0126292 -0.0568113 -41.9652 
-0.0443584 0.0619591 0.997093 147.184 -0.00981192 0.998 -0.062452 -5.76897 -0.998968 -0.0125537 -0.0436618 -41.9805 
-0.0324286 0.0579573 0.997792 147.957 -0.0130688 0.998207 -0.0584062 -5.82728 -0.999389 -0.014934 -0.031613 -41.9854 
-0.021665 0.0557675 0.998209 148.724 -0.0176705 0.998266 -0.0561541 -5.88387 -0.999609 -0.0188555 -0.020642 -41.979 
-0.0124909 0.0620576 0.997994 149.476 -0.021197 0.997832 -0.0623127 -5.94573 -0.999697 -0.0219328 -0.0111484 -41.9673 
-0.00614786 0.0696284 0.997554 150.218 -0.0244332 0.997265 -0.0697587 -6.00575 -0.999683 -0.0248023 -0.0044298 -41.9494 
-0.00299063 0.0726835 0.997351 150.972 -0.0272183 0.99698 -0.072738 -6.06002 -0.999625 -0.0273637 -0.00100328 -41.9343 
-0.00316891 0.0684641 0.997649 151.734 -0.0297282 0.997206 -0.0685281 -6.11971 -0.999553 -0.0298754 -0.00112474 -41.9184 
-0.0049926 0.0638848 0.997945 152.484 -0.030772 0.997475 -0.0640086 -6.18851 -0.999514 -0.0310283 -0.00301413 -41.9047 
-0.00767753 0.0607244 0.998125 153.232 -0.0292987 0.997712 -0.0609246 -6.248 -0.999541 -0.0297115 -0.00588082 -41.9011 
-0.010529 0.0611392 0.998074 153.975 -0.0273508 0.997738 -0.0614071 -6.30033 -0.99957 -0.0279447 -0.008833 -41.8968 
-0.0142256 0.0610109 0.998036 154.719 -0.0258383 0.997781 -0.0613636 -6.36045 -0.999565 -0.0266605 -0.0126176 -41.8976 
-0.0186534 0.0595542 0.998051 155.457 -0.0266003 0.997842 -0.0600388 -6.4198 -0.999472 -0.0276684 -0.017029 -41.8979 
-0.02415 0.059865 0.997914 156.194 -0.0272531 0.997795 -0.0605173 -6.4714 -0.999337 -0.0286578 -0.0224653 -41.902 
-0.0301958 0.0579771 0.997861 156.929 -0.028398 0.997864 -0.0588366 -6.52549 -0.999141 -0.0301139 -0.0284849 -41.9087 
-0.0358688 0.05508 0.997838 157.669 -0.0257925 0.998096 -0.0560214 -6.58537 -0.999024 -0.0277461 -0.0343799 -41.9281 
-0.0410372 0.0551934 0.997632 158.401 -0.0262275 0.99807 -0.0562965 -6.63741 -0.998813 -0.0284756 -0.0395104 -41.9492 
-0.046416 0.0564584 0.997325 159.124 -0.0273632 0.997955 -0.0577675 -6.68806 -0.998547 -0.0299714 -0.0447762 -41.9665 
-0.0502876 0.0587002 0.997008 159.848 -0.0280972 0.997793 -0.0601636 -6.74399 -0.99834 -0.0310386 -0.0485273 -41.9905 
-0.0531256 0.0610786 0.996718 160.566 -0.0277266 0.997653 -0.0626137 -6.79917 -0.998203 -0.030962 -0.0513074 -42.0141 
-0.0547384 0.0623025 0.996555 161.285 -0.0250195 0.997653 -0.0637453 -6.85544 -0.998187 -0.0284226 -0.0530511 -42.0419 
-0.0536168 0.0608524 0.996706 162.003 -0.0216644 0.997836 -0.0620867 -6.91014 -0.998327 -0.0249219 -0.0521825 -42.0757 
-0.0496144 0.057078 0.997136 162.716 -0.0189269 0.998133 -0.0580768 -6.96815 -0.998589 -0.0217541 -0.0484414 -42.1043 
-0.0423083 0.0569206 0.997482 163.411 -0.0179548 0.998171 -0.0577215 -7.02423 -0.998943 -0.0203517 -0.041209 -42.1176 
-0.030863 0.0576646 0.997859 164.11 -0.015161 0.998193 -0.0581528 -7.07758 -0.999409 -0.0169233 -0.029933 -42.1283 
-0.0163168 0.0575224 0.998211 164.801 -0.0125903 0.998253 -0.0577306 -7.13041 -0.999788 -0.0135098 -0.0155641 -42.1279 
-0.00113717 0.0554049 0.998463 165.49 -0.0138269 0.998368 -0.0554153 -7.17647 -0.999904 -0.0138687 -0.000369233 -42.1101 
0.0148517 0.0507178 0.998603 166.176 -0.0189573 0.998548 -0.050433 -7.22417 -0.99971 -0.0181818 0.0157916 -42.0746 
0.0311007 0.044216 0.998538 166.859 -0.0207075 0.998835 -0.0435842 -7.26827 -0.999302 -0.0193218 0.0319801 -42.0312 
0.0484626 0.0372057 0.998132 167.54 -0.0210955 0.999121 -0.0362183 -7.30507 -0.998602 -0.0193008 0.0492048 -41.9825 
0.0659086 0.0296743 0.997384 168.213 -0.0215667 0.999367 -0.028308 -7.34097 -0.997593 -0.0196446 0.0665068 -41.9177 
0.0828195 0.0237232 0.996282 168.878 -0.0232686 0.99949 -0.0218653 -7.37447 -0.996293 -0.0213712 0.0833292 -41.8393 
0.100893 0.0213866 0.994667 169.535 -0.0241221 0.999528 -0.0190443 -7.40446 -0.994605 -0.0220721 0.101361 -41.7522 
0.119024 0.0199896 0.99269 170.183 -0.0225961 0.999593 -0.0174193 -7.42854 -0.992634 -0.0203576 0.119427 -41.6584 
0.136293 0.0194266 0.990478 170.826 -0.0240027 0.999579 -0.0163023 -7.45068 -0.990378 -0.0215522 0.136702 -41.5475 
0.152339 0.018308 0.988159 171.46 -0.0285537 0.999493 -0.014116 -7.47055 -0.987916 -0.0260652 0.152784 -41.4225 
0.166815 0.0147386 0.985878 172.089 -0.0309603 0.999474 -0.00970313 -7.49212 -0.985502 -0.0289045 0.167184 -41.2909 
0.17899 0.0109497 0.98379 172.713 -0.0276474 0.999599 -0.00609547 -7.50898 -0.983462 -0.0261082 0.179221 -41.1621 
0.189815 0.0100582 0.981768 173.331 -0.0259883 0.999649 -0.00521677 -7.52434 -0.981476 -0.0245243 0.19001 -41.033 
0.199877 0.0136326 0.979726 173.935 -0.0300115 0.999519 -0.00778524 -7.5434 -0.979361 -0.027847 0.20019 -40.8881 
0.208964 0.0207059 0.977704 174.531 -0.0338366 0.99933 -0.013932 -7.56344 -0.977338 -0.0301709 0.209524 -40.7369 
0.217778 0.03047 0.975523 175.098 -0.0337347 0.99915 -0.023677 -7.58493 -0.975415 -0.0277527 0.218621 -40.5826 
0.226095 0.0360368 0.973439 175.689 -0.0276162 0.999151 -0.0305744 -7.60446 -0.973714 -0.01997 0.226898 -40.4382 
0.232759 0.0342041 0.971933 176.29 -0.0271208 0.999221 -0.0286695 -7.6211 -0.972156 -0.0196865 0.233505 -40.2846 
0.238593 0.0268398 0.970749 176.896 -0.0297963 0.99935 -0.0203072 -7.64086 -0.970662 -0.0240796 0.239238 -40.1141 
0.242909 0.0163232 0.969912 177.511 -0.0342984 0.999378 -0.00822926 -7.66225 -0.969443 -0.0312675 0.243318 -39.9377 
0.244846 0.00814982 0.969528 178.123 -0.0345411 0.999403 0.000322152 -7.68368 -0.968947 -0.0335674 0.244982 -39.7627 
0.245936 0.00743652 0.969258 178.726 -0.0310083 0.999519 0.000199301 -7.70068 -0.96879 -0.0301041 0.246048 -39.6028 
0.247244 0.00943074 0.968907 179.33 -0.0275892 0.999616 -0.00268942 -7.71248 -0.96856 -0.0260664 0.247409 -39.4425 
0.24907 0.00885295 0.968445 179.935 -0.0240961 0.999705 -0.0029415 -7.71893 -0.968186 -0.0226031 0.24921 -39.2815 
0.251 0.00692796 0.967962 180.554 -0.0261311 0.999658 -0.000378785 -7.7221 -0.967634 -0.0251988 0.251095 -39.1105 
0.25384 0.00306213 0.967241 181.169 -0.0264967 0.999642 0.00378908 -7.73331 -0.966883 -0.0265905 0.25383 -38.9341 
0.256913 -0.00221557 0.966432 181.788 -0.0258204 0.999625 0.00915572 -7.74409 -0.96609 -0.0273059 0.25676 -38.7578 
0.261452 -0.00510583 0.965203 182.407 -0.0244444 0.99963 0.0119094 -7.75068 -0.964907 -0.0267076 0.26123 -38.5796 
0.267783 -0.00744329 0.963451 183.029 -0.0222377 0.999656 0.0139038 -7.74994 -0.963223 -0.0251481 0.267525 -38.3949 
0.275704 -0.0108401 0.961182 183.653 -0.0203968 0.999645 0.0171246 -7.75313 -0.961026 -0.0243264 0.275385 -38.203 
0.285546 -0.0126802 0.958281 184.278 -0.0179699 0.999666 0.0185825 -7.75522 -0.958197 -0.0225264 0.285222 -38.0041 
0.296586 -0.0106714 0.954946 184.897 -0.0193877 0.999664 0.0171926 -7.75835 -0.954809 -0.0236133 0.29628 -37.7906 
0.308318 -0.00701445 0.951257 185.517 -0.0202936 0.999697 0.0139492 -7.75905 -0.951067 -0.0236052 0.308082 -37.5696 
0.320211 -0.0038992 0.947338 186.145 -0.0213568 0.999708 0.0113336 -7.75798 -0.947106 -0.0238613 0.320034 -37.3375 
0.331872 -0.00360959 0.943318 186.768 -0.0201041 0.999739 0.0108984 -7.75847 -0.94311 -0.0225815 0.331712 -37.1027 
0.343121 -0.00669413 0.939267 187.395 -0.0194313 0.99971 0.0142233 -7.75945 -0.93909 -0.0231315 0.342891 -36.8529 
0.354092 -0.00812242 0.935175 188.02 -0.0205538 0.999653 0.0164649 -7.7619 -0.934985 -0.0250515 0.353802 -36.5911 
0.365408 -0.00871832 0.930807 188.651 -0.0220773 0.999594 0.0180295 -7.76036 -0.930586 -0.0271378 0.365067 -36.3194 
0.375104 -0.0100875 0.926928 189.286 -0.025701 0.999443 0.0212773 -7.75564 -0.926627 -0.0318042 0.374635 -36.0389 
0.382284 -0.0088981 0.924002 189.919 -0.0294432 0.999329 0.021805 -7.75083 -0.923576 -0.0355413 0.381765 -35.7558 
0.386655 -0.0118319 0.922148 190.56 -0.0294368 0.99925 0.025164 -7.74521 -0.921754 -0.0368749 0.386017 -35.468 
0.38874 -0.0156884 0.921214 191.213 -0.0264538 0.999253 0.0281807 -7.73741 -0.920968 -0.0353246 0.388035 -35.1793 
0.388812 -0.0148565 0.921197 191.866 -0.0221301 0.999431 0.0254587 -7.7273 -0.921051 -0.0302848 0.388262 -34.8932 
0.387867 -0.0145841 0.9216 192.528 -0.0204918 0.999491 0.024441 -7.72105 -0.921488 -0.0283651 0.387371 -34.6064 
0.387462 -0.0134566 0.921788 193.199 -0.0169799 0.99962 0.0217301 -7.71121 -0.921729 -0.0240714 0.387086 -34.3167 
0.387139 -0.0153653 0.921893 193.878 -0.0139109 0.99965 0.0225031 -7.70213 -0.921916 -0.0215362 0.38679 -34.0269 
0.386297 -0.021119 0.922133 194.561 -0.0104616 0.999573 0.0272751 -7.69254 -0.922315 -0.0201833 0.385911 -33.7337 
0.385159 -0.0242054 0.922533 195.25 -0.0100165 0.999487 0.0304066 -7.6862 -0.922796 -0.0209519 0.384719 -33.4362 
0.383434 -0.0266814 0.923183 195.934 -0.00929517 0.999421 0.0327455 -7.67855 -0.923522 -0.0211369 0.382964 -33.1404 
0.382318 -0.0270213 0.923636 196.619 -0.00993543 0.999394 0.0333502 -7.66442 -0.923977 -0.0219271 0.381818 -32.8462 
0.380201 -0.0271156 0.924507 197.306 -0.0115583 0.999353 0.0340641 -7.64967 -0.924832 -0.0236369 0.379641 -32.5466 
0.378671 -0.0259921 0.925166 197.998 -0.0124651 0.999372 0.0331789 -7.6429 -0.925447 -0.0240962 0.378109 -32.2515 
0.377595 -0.0222748 0.925703 198.691 -0.0121316 0.999506 0.0289992 -7.63543 -0.925891 -0.0221801 0.377138 -31.9614 
0.376953 -0.0160728 0.926093 199.377 -0.0126047 0.999668 0.0224804 -7.62216 -0.926146 -0.0201472 0.376626 -31.673 
0.375707 -0.0131374 0.926645 200.059 -0.0150424 0.999681 0.0202718 -7.61558 -0.926617 -0.0215553 0.375389 -31.3797 
0.374222 -0.0158859 0.927203 200.749 -0.0162208 0.999588 0.0236729 -7.61029 -0.927197 -0.0238988 0.37381 -31.0857 
0.373193 -0.0191654 0.927556 201.43 -0.0170773 0.999475 0.0275223 -7.60222 -0.927597 -0.0261113 0.37267 -30.8015 
0.37053 -0.0182644 0.928641 202.123 -0.0214541 0.999372 0.0282158 -7.59881 -0.928573 -0.030378 0.369905 -30.5036 
0.365892 -0.0180629 0.930482 202.814 -0.0234746 0.999314 0.02863 -7.58428 -0.930361 -0.0323181 0.365217 -30.2177 
0.359289 -0.0192987 0.933027 203.503 -0.0230074 0.999299 0.0295292 -7.57169 -0.932943 -0.032076 0.358593 -29.9447 
0.350518 -0.0197914 0.936347 204.202 -0.0226024 0.999307 0.0295833 -7.56754 -0.936283 -0.0315332 0.349828 -29.6761 
0.340494 -0.0188916 0.940057 204.893 -0.0195702 0.999439 0.0271735 -7.56457 -0.940043 -0.0276494 0.339933 -29.4199 
0.329757 -0.0155202 0.943938 205.58 -0.0205471 0.99951 0.023612 -7.55645 -0.943842 -0.0271814 0.329276 -29.172 
0.318114 -0.0154561 0.947927 206.28 -0.0234527 0.999433 0.0241664 -7.54397 -0.947762 -0.0299191 0.317571 -28.9225 
0.307133 -0.0234331 0.951378 206.989 -0.0184234 0.999363 0.0305627 -7.5348 -0.951488 -0.0269145 0.306506 -28.6898 
0.298696 -0.0320853 0.953809 207.7 -0.0142711 0.999173 0.0380804 -7.52721 -0.954242 -0.0249863 0.297991 -28.469 
0.291622 -0.0375749 0.955795 208.412 -0.0140253 0.998953 0.0435509 -7.51254 -0.956431 -0.0261057 0.29079 -28.2425 
0.287403 -0.0382552 0.957045 209.119 -0.0197376 0.998753 0.0458497 -7.49135 -0.957606 -0.0320671 0.28629 -28.0124 
0.284966 -0.0402525 0.957692 209.829 -0.0185943 0.998698 0.0475088 -7.47137 -0.958357 -0.031346 0.283846 -27.794 
0.283397 -0.0412007 0.958117 210.543 -0.0173157 0.998694 0.0480674 -7.44898 -0.958846 -0.0302125 0.282313 -27.572 
0.282614 -0.0394105 0.958424 211.257 -0.0173797 0.998781 0.0461949 -7.42664 -0.959076 -0.0297125 0.281585 -27.3472 
0.281988 -0.0372386 0.958695 211.975 -0.0207316 0.998777 0.0448934 -7.40269 -0.959194 -0.0325346 0.280871 -27.1147 
0.282451 -0.0378223 0.958536 212.697 -0.0218541 0.998709 0.0458472 -7.37986 -0.959033 -0.0338975 0.281259 -26.887 
0.284437 -0.0392282 0.957892 213.417 -0.0222444 0.998623 0.0475016 -7.36007 -0.958437 -0.0348189 0.283172 -26.6672 
0.28575 -0.0412532 0.957416 214.145 -0.0206827 0.998575 0.0491997 -7.33861 -0.958081 -0.0338607 0.28449 -26.435 
0.287536 -0.0422218 0.956839 214.875 -0.0173069 0.998636 0.049267 -7.31522 -0.957614 -0.030726 0.286413 -26.2097 
0.290612 -0.0436933 0.955843 215.61 -0.0160644 0.998593 0.0505317 -7.28688 -0.956706 -0.0300402 0.289501 -25.9739 
0.294675 -0.0450061 0.954537 216.345 -0.0176762 0.998463 0.052534 -7.25857 -0.955434 -0.0323531 0.293426 -25.7301 
0.300174 -0.0491543 0.952617 217.085 -0.0191748 0.998159 0.0575464 -7.23232 -0.953692 -0.0355401 0.298679 -25.482 
0.305061 -0.0527781 0.950869 217.828 -0.0195233 0.997907 0.0616525 -7.19841 -0.952133 -0.0373719 0.303392 -25.2261 
0.309471 -0.0530867 0.949426 218.569 -0.0203723 0.997841 0.0624343 -7.16942 -0.950691 -0.0386636 0.307722 -24.97 
0.313722 -0.0482977 0.948286 219.309 -0.0257617 0.997905 0.0593477 -7.13753 -0.949165 -0.0430482 0.311821 -24.7039 
0.318233 -0.042257 0.94707 220.039 -0.0303062 0.998042 0.0547148 -7.10048 -0.947528 -0.0461141 0.316329 -24.4328 
0.322772 -0.039101 0.945669 220.774 -0.0341857 0.998013 0.0529335 -7.06559 -0.945859 -0.0494138 0.320794 -24.1572 
0.327061 -0.0392914 0.944186 221.515 -0.0360483 0.997889 0.0540132 -7.03849 -0.944316 -0.0517019 0.324954 -23.8798 
0.331064 -0.0369426 0.942885 222.254 -0.0376885 0.997918 0.052332 -7.01149 -0.942855 -0.0528611 0.328982 -23.6018 
0.335112 -0.0340852 0.941562 222.996 -0.0380533 0.99804 0.0496734 -6.98151 -0.94141 -0.0524757 0.333158 -23.3237 
0.339666 -0.0337346 0.939941 223.734 -0.0381234 0.998042 0.0495966 -6.95385 -0.939773 -0.05268 0.337715 -23.0395 
0.344437 -0.0351004 0.938153 224.478 -0.0379518 0.997963 0.051272 -6.92794 -0.938042 -0.0532646 0.342403 -22.7548 
0.348691 -0.0357366 0.936556 225.217 -0.0337003 0.998149 0.0506339 -6.90463 -0.936632 -0.0492178 0.346841 -22.4648 
0.352883 -0.0355176 0.934993 225.953 -0.0306166 0.998306 0.0494779 -6.87874 -0.935167 -0.0460862 0.351198 -22.1733 
0.356957 -0.033464 0.933521 226.687 -0.0317491 0.998346 0.0479279 -6.85435 -0.933581 -0.0467466 0.355305 -21.8754 
0.361459 -0.0336368 0.931781 227.421 -0.0364439 0.998076 0.0501675 -6.82706 -0.931676 -0.0520912 0.359538 -21.5671 
0.366106 -0.033943 0.929954 228.158 -0.0393853 0.997874 0.0519274 -6.80098 -0.929739 -0.0556374 0.363991 -21.2545 
0.370269 -0.0313043 0.928397 228.896 -0.0370366 0.99814 0.0484272 -6.77875 -0.928186 -0.0523157 0.368421 -20.9501 
0.374249 -0.0247061 0.926999 229.62 -0.0363947 0.998484 0.0413046 -6.75929 -0.926614 -0.0491961 0.372782 -20.6442 
0.377398 -0.017919 0.925878 230.341 -0.0426085 0.998418 0.0366907 -6.731 -0.92507 -0.0532973 0.376038 -20.322 
0.380514 -0.0188535 0.924583 231.07 -0.0489541 0.99798 0.0404973 -6.70585 -0.923479 -0.0606719 0.378822 -19.9963 
0.383042 -0.029212 0.923269 231.804 -0.0480366 0.997518 0.0514906 -6.6842 -0.922481 -0.0640738 0.380688 -19.6762 
0.384887 -0.0416186 0.922025 232.54 -0.0442195 0.997004 0.0634619 -6.652 -0.921904 -0.0651971 0.381893 -19.3588 
0.38659 -0.0495109 0.920922 233.276 -0.0453002 0.996333 0.0725816 -6.61794 -0.921139 -0.0697772 0.382929 -19.0323 
0.38892 -0.0514162 0.919836 234.004 -0.0467463 0.996054 0.0754417 -6.58349 -0.920085 -0.0723396 0.384981 -18.7094 
0.391441 -0.0467113 0.919017 234.728 -0.0465152 0.99643 0.0704585 -6.5416 -0.919027 -0.0703286 0.387871 -18.3828 
0.395665 -0.0410639 0.917477 235.45 -0.0449596 0.996936 0.0640093 -6.49798 -0.917294 -0.0665756 0.392606 -18.0614 
0.400244 -0.0366057 0.915677 236.175 -0.0448889 0.997219 0.0594866 -6.45869 -0.915309 -0.0649129 0.397488 -17.7306 
0.404099 -0.0345939 0.914061 236.895 -0.0433088 0.99744 0.056896 -6.42532 -0.913689 -0.0625785 0.401567 -17.3952 
0.408143 -0.0324264 0.912342 237.609 -0.0425202 0.997609 0.0544787 -6.39076 -0.911927 -0.0610281 0.405788 -17.0585 
0.412321 -0.0337846 0.910412 238.338 -0.0414529 0.997582 0.0557933 -6.35538 -0.910095 -0.060744 0.409924 -16.7183 
0.415447 -0.0388671 0.908787 239.06 -0.0399201 0.997345 0.0609038 -6.32452 -0.908741 -0.0615812 0.412793 -16.3676 
0.418563 -0.0450883 0.907068 239.786 -0.0374026 0.997064 0.0668212 -6.2882 -0.907417 -0.0618956 0.415647 -16.0231 
0.421188 -0.0504732 0.905568 240.519 -0.036227 0.996717 0.0724031 -6.24814 -0.90625 -0.0633014 0.417977 -15.6742 
0.423183 -0.0557735 0.904326 241.246 -0.0342372 0.996406 0.077474 -6.20103 -0.905397 -0.0637473 0.419753 -15.3178 
0.424726 -0.0623787 0.90317 241.981 -0.0328557 0.995904 0.0842344 -6.15023 -0.904725 -0.0654509 0.420937 -14.9605 
0.426536 -0.0627199 0.902293 242.713 -0.0334667 0.995815 0.0850413 -6.09908 -0.903851 -0.06647 0.422652 -14.6014 
0.428311 -0.0513347 0.902172 243.43 -0.0421331 0.996165 0.076686 -6.05793 -0.902649 -0.0708568 0.424505 -14.232 
0.4291 -0.0376613 0.902471 244.143 -0.0440786 0.997067 0.062567 -6.01115 -0.902181 -0.0666272 0.426182 -13.8744 
0.429972 -0.0298743 0.902348 244.862 -0.0440501 0.997568 0.0540169 -5.96495 -0.901767 -0.0629743 0.42761 -13.5166 
0.429803 -0.0327104 0.90233 245.596 -0.0432531 0.99745 0.0567613 -5.92983 -0.901886 -0.0634247 0.427292 -13.1524 
