1 -4.23778e-08 4.22719e-08 0 -4.23778e-08 1 -4.19404e-08 0 4.22719e-08 -4.19404e-08 1 0 
0.999991 -0.00279928 -0.00330929 -0.0083049 0.00279238 0.999994 -0.0020621 -0.00539741 0.00331512 0.00205276 0.999992 0.678202 
0.999969 -0.0016432 -0.0076548 -0.0232196 0.00161587 0.999992 -0.00356443 -0.0082311 0.00766068 0.00355187 0.999964 1.37583 
0.999934 -0.0015564 -0.0113813 -0.0455533 0.00149564 0.999985 -0.00533774 -0.0072748 0.0113895 0.00532028 0.999921 2.09443 
0.999867 -9.82772e-05 -0.0162852 -0.0708876 -5.65352e-07 0.999982 -0.00606419 -0.0115442 0.0162855 0.00606332 0.999849 2.82159 
0.99978 -0.0014258 -0.0209312 -0.09318 0.00129884 0.999981 -0.00607354 -0.0209903 0.0209395 0.00604493 0.999762 3.57152 
0.999677 0.000343174 -0.0254123 -0.12859 -0.000520175 0.999976 -0.00695558 -0.0359361 0.0254093 0.00696647 0.999653 4.32663 
0.999536 0.00277964 -0.0303439 -0.165795 -0.00300755 0.999968 -0.0074649 -0.0462949 0.0303223 0.00755261 0.999512 5.09705 
0.999397 0.00301475 -0.0345959 -0.213062 -0.00321716 0.999978 -0.00579411 -0.0541075 0.0345778 0.00590183 0.999384 5.89554 
0.999223 0.00214505 -0.0393446 -0.25173 -0.00227365 0.999992 -0.00322204 -0.0580749 0.0393375 0.00330891 0.99922 6.70819 
0.999068 0.00143268 -0.0431287 -0.292964 -0.00144879 0.999999 -0.000340409 -0.0691112 0.0431282 0.000402491 0.999069 7.52746 
0.998948 0.00289974 -0.0457594 -0.34704 -0.00294444 0.999995 -0.00090762 -0.078001 0.0457566 0.00104132 0.998952 8.35693 
0.998852 0.00257747 -0.0478378 -0.403716 -0.00264574 0.999995 -0.00136202 -0.0806404 0.0478342 0.00148694 0.998854 9.18362 
0.998771 -0.000319855 -0.0495558 -0.453842 0.000232579 0.999998 -0.00176524 -0.0898153 0.0495564 0.00175146 0.99877 10.0194 
0.998676 -0.000249575 -0.0514308 -0.512424 0.000199329 0.999999 -0.000980488 -0.0966096 0.0514311 0.000968853 0.998676 10.8583 
0.998596 -0.00160612 -0.05294 -0.569058 0.00153279 0.999998 -0.00142421 -0.10259 0.0529423 0.00134098 0.998597 11.7142 
0.998496 0.000588093 -0.0548137 -0.628789 -0.00081845 0.999991 -0.00417867 -0.106862 0.0548109 0.00421716 0.998488 12.5752 
0.998434 0.000840322 -0.0559366 -0.696057 -0.00122625 0.999976 -0.00686396 -0.116191 0.0559296 0.00692172 0.998411 13.4424 
0.998319 0.00449613 -0.0577889 -0.761743 -0.00497896 0.999954 -0.0082125 -0.13082 0.0577494 0.00848633 0.998295 14.3252 
0.998269 0.00549209 -0.0585492 -0.831967 -0.00595759 0.999952 -0.00777757 -0.14504 0.0585038 0.00811284 0.998254 15.2115 
0.998204 0.00456152 -0.0597277 -0.901172 -0.0049402 0.999969 -0.00619249 -0.160689 0.0596977 0.00647635 0.998195 16.1017 
0.998111 0.00545629 -0.0611945 -0.96914 -0.00575617 0.999972 -0.00472398 -0.17232 0.0611671 0.00506721 0.998115 17.0048 
0.998049 0.00499301 -0.0622296 -1.03534 -0.00527772 0.999976 -0.00441019 -0.188078 0.0622062 0.00472993 0.998052 17.911 
0.997938 0.00501747 -0.0639941 -1.10297 -0.00537496 0.999971 -0.00541408 -0.199506 0.0639652 0.0057468 0.997936 18.8173 
0.997868 0.00350935 -0.0651707 -1.17261 -0.00391043 0.999974 -0.00602649 -0.213687 0.065148 0.0062684 0.997856 19.7362 
0.997826 0.00343988 -0.0658195 -1.24199 -0.00374351 0.999983 -0.00448891 -0.22111 0.065803 0.00472546 0.997821 20.6582 
0.997814 0.00435468 -0.0659331 -1.31468 -0.00442181 0.99999 -0.000871064 -0.236086 0.0659287 0.00116062 0.997824 21.5904 
0.997862 0.00528911 -0.0651352 -1.38759 -0.0051385 0.999984 0.00248081 -0.240265 0.0651473 -0.0021409 0.997873 22.5265 
0.997979 0.00409726 -0.0634122 -1.46055 -0.00375883 0.999978 0.00545674 -0.246829 0.0634333 -0.00520745 0.997972 23.4721 
0.998061 0.00407472 -0.0621131 -1.52536 -0.00370272 0.999974 0.00610441 -0.250211 0.0621365 -0.00586267 0.99805 24.4161 
0.998157 0.00456047 -0.0605191 -1.59856 -0.00439627 0.999986 0.00284739 -0.249536 0.0605313 -0.00257616 0.998163 25.3659 
0.998209 0.00555104 -0.0595673 -1.6723 -0.00568498 0.999982 -0.00207802 -0.255129 0.0595548 0.00241285 0.998222 26.3142 
0.998277 0.00429802 -0.058521 -1.73825 -0.00460793 0.999976 -0.00516032 -0.262106 0.0584975 0.005421 0.998273 27.2732 
0.99833 0.0017743 -0.0577345 -1.80724 -0.00201942 0.999989 -0.00418618 -0.272733 0.0577265 0.0042957 0.998323 28.2473 
0.998316 -0.000388851 -0.0580075 -1.87418 0.000455788 0.999999 0.00114213 -0.288634 0.0580071 -0.00116673 0.998315 29.2092 
0.998256 -0.00445323 -0.0588587 -1.94103 0.00473957 0.999978 0.00472757 -0.302684 0.0588364 -0.00499838 0.998255 30.1844 
0.998131 -0.0115505 -0.0600141 -2.00428 0.0118064 0.999923 0.00391299 -0.306011 0.0599644 -0.00461431 0.99819 31.1682 
0.997997 -0.0140741 -0.06168 -2.0626 0.0140907 0.999901 -0.000163422 -0.305351 0.0616762 -0.000706109 0.998096 32.1781 
0.997914 -0.0135139 -0.0631298 -2.13613 0.0132579 0.999902 -0.00447226 -0.31219 0.0631841 0.00362588 0.997995 33.1454 
0.997812 -0.0117966 -0.0650574 -2.21674 0.0114919 0.999921 -0.00505474 -0.327792 0.065112 0.00429595 0.997869 34.1304 
0.997764 -0.011784 -0.0657859 -2.29092 0.0115562 0.999926 -0.00384145 -0.336866 0.0658264 0.00307253 0.997826 35.13 
0.997705 -0.00870076 -0.0671553 -2.37692 0.00864448 0.999962 -0.00112738 -0.350557 0.0671626 0.000544183 0.997742 36.1478 
0.997617 -0.00858428 -0.068455 -2.45246 0.00860404 0.999963 -4.92187e-06 -0.359761 0.0684526 -0.000584167 0.997654 37.1477 
0.997562 -0.00733191 -0.0694003 -2.54059 0.00752486 0.999968 0.00252041 -0.371776 0.0693797 -0.00303658 0.997586 38.1418 
0.997584 -0.00695252 -0.0691274 -2.62354 0.00733982 0.999959 0.00535155 -0.380355 0.0690875 -0.00584609 0.997593 39.1393 
0.997563 -0.00115701 -0.0697567 -2.71712 0.00169226 0.999969 0.00761565 -0.386862 0.0697458 -0.00771523 0.997535 40.1397 
0.997554 -0.00145396 -0.0698835 -2.80223 0.00193738 0.999975 0.00685132 -0.392195 0.0698718 -0.00697004 0.997532 41.1447 
0.997579 -0.00141255 -0.069531 -2.89037 0.00176757 0.999986 0.00504578 -0.397993 0.0695229 -0.00515655 0.997567 42.1403 
0.997599 0.000789417 -0.0692532 -2.98544 -0.000586468 0.999995 0.00295198 -0.407097 0.0692553 -0.00290437 0.997595 43.1358 
0.997555 0.000563414 -0.0698824 -3.07367 -0.000340761 0.999995 0.00319915 -0.422473 0.0698839 -0.0031676 0.99755 44.114 
0.997435 -0.00141838 -0.0715563 -3.14627 0.00174639 0.999988 0.00452282 -0.432015 0.0715491 -0.00463627 0.997426 45.1028 
0.997391 -0.000533439 -0.0721901 -3.23275 0.000921692 0.999985 0.00534613 -0.440116 0.0721863 -0.0053988 0.997376 46.0903 
0.997382 0.00137434 -0.072299 -3.32081 -0.00124836 0.999998 0.00178881 -0.454201 0.0723013 -0.00169396 0.997381 47.056 
0.99732 0.00172974 -0.0731354 -3.40949 -0.00189525 0.999996 -0.00219259 -0.466363 0.0731314 0.00232523 0.99732 48.0183 
0.997267 0.0026345 -0.0738376 -3.49375 -0.00289461 0.99999 -0.00341471 -0.479557 0.073828 0.00361903 0.997264 48.9842 
0.997265 0.00133944 -0.0738991 -3.57745 -0.00134243 0.999999 1.03009e-05 -0.49355 0.0738991 8.88451e-05 0.997266 49.9637 
0.997256 -0.000299424 -0.0740303 -3.65778 0.000537726 0.999995 0.00320016 -0.506892 0.074029 -0.00323127 0.997251 50.9374 
0.997233 -0.00208599 -0.074305 -3.73841 0.00238189 0.999989 0.003895 -0.519989 0.0742962 -0.0040613 0.997228 51.8994 
0.997215 -0.00561938 -0.0743619 -3.82203 0.00585709 0.999978 0.0029801 -0.534734 0.0743436 -0.00340743 0.997227 52.853 
0.997143 -0.00855662 -0.0750437 -3.89533 0.0086996 0.999961 0.0015798 -0.545395 0.0750274 -0.00222823 0.997179 53.8103 
0.997061 -0.0097441 -0.0759837 -3.98172 0.00998929 0.999946 0.00284854 -0.557221 0.075952 -0.00359929 0.997105 54.7645 
0.996938 -0.0129573 -0.077108 -4.06611 0.0135211 0.999885 0.00679532 -0.563991 0.0770112 -0.00781719 0.997 55.7091 
0.996921 -0.013844 -0.0771758 -4.1669 0.0147741 0.999825 0.0114948 -0.565323 0.0770032 -0.0125997 0.996951 56.6752 
0.996896 -0.0123042 -0.0777665 -4.25306 0.0133972 0.999818 0.01355 -0.567085 0.0775858 -0.0145499 0.996879 57.6365 
0.996819 -0.0109724 -0.0789368 -4.34356 0.0117627 0.999885 0.00955484 -0.574066 0.0788229 -0.010453 0.996834 58.5674 
0.996726 -0.00928875 -0.0803141 -4.43004 0.00946818 0.999953 0.00185451 -0.580932 0.0802932 -0.00260895 0.996768 59.4904 
0.996685 -0.00793236 -0.0809661 -4.52234 0.00769807 0.999965 -0.0032044 -0.588055 0.0809888 0.0025704 0.996712 60.4014 
0.996634 -0.00306427 -0.0819274 -4.6169 0.00288517 0.999993 -0.00230341 -0.602623 0.081934 0.00205919 0.996636 61.3069 
0.996504 -0.000331395 -0.0835381 -4.70732 0.000342448 1 0.00011895 -0.618716 0.0835382 -0.000147228 0.996504 62.206 
0.996467 0.0018547 -0.0839631 -4.80729 -0.00169686 0.999997 0.00195217 -0.637761 0.0839665 -0.00180289 0.996467 63.0891 
0.996357 0.0024448 -0.0852392 -4.89386 -0.00230342 0.999996 0.00175794 -0.650007 0.0852432 -0.00155528 0.996359 63.9547 
0.996203 0.00350817 -0.08699 -4.98213 -0.00328704 0.999991 0.00268609 -0.665533 0.0869988 -0.00239004 0.996205 64.8048 
0.996082 0.00443045 -0.088318 -5.07191 -0.00416681 0.999986 0.00317025 -0.678065 0.0883309 -0.00278991 0.996087 65.6417 
0.995939 0.00405697 -0.0899334 -5.15272 -0.00371815 0.999985 0.00393563 -0.697009 0.0899482 -0.00358535 0.99594 66.4601 
0.99581 0.00371422 -0.091367 -5.23375 -0.00328925 0.999983 0.00480223 -0.702476 0.0913833 -0.00448166 0.995806 67.2692 
0.995675 0.00651767 -0.0926718 -5.32777 -0.00585506 0.999955 0.00742098 -0.709746 0.0927161 -0.00684637 0.995669 68.0688 
0.995545 0.00791528 -0.0939495 -5.41202 -0.00687483 0.999911 0.0113939 -0.717442 0.0940315 -0.0106974 0.995512 68.8498 
0.99536 0.0112761 -0.0955564 -5.50262 -0.0100757 0.999864 0.0130367 -0.721924 0.0956905 -0.0120135 0.995339 69.6239 
0.995146 0.0140364 -0.0974065 -5.57869 -0.0132238 0.999872 0.00898338 -0.728765 0.0975202 -0.00765177 0.995204 70.3827 
0.994964 0.0134373 -0.0993263 -5.65381 -0.0133284 0.99991 0.00176091 -0.737845 0.099341 -0.000428269 0.995053 71.1129 
0.994827 0.0124826 -0.10081 -5.73422 -0.0129581 0.999908 -0.00406256 -0.743561 0.10075 0.00534776 0.994897 71.8193 
0.994784 0.0133709 -0.101127 -5.82065 -0.0139908 0.999887 -0.00542297 -0.749656 0.101043 0.00680945 0.994859 72.5135 
0.994652 0.0158862 -0.102058 -5.90451 -0.0162228 0.999865 -0.00246779 -0.748748 0.102005 0.00411017 0.994775 73.1922 
0.994494 0.0159916 -0.103566 -5.98444 -0.0160789 0.999871 -6.58593e-06 -0.7675 0.103552 0.00167168 0.994623 73.8547 
0.994443 0.0129054 -0.104478 -6.0611 -0.0133435 0.999905 -0.00349421 -0.778464 0.104423 0.0048688 0.994521 74.4941 
0.994525 0.00481871 -0.104385 -6.12853 -0.00574207 0.999947 -0.00854621 -0.793033 0.104338 0.00909872 0.9945 75.1123 
0.994648 0.000692508 -0.103316 -6.19668 -0.00210735 0.999905 -0.0135851 -0.80035 0.103297 0.01373 0.994556 75.7087 
0.994996 0.00308142 -0.099864 -6.27436 -0.00443515 0.999901 -0.0133357 -0.825484 0.0998131 0.0137118 0.994912 76.2933 
0.995389 0.00817287 -0.0955744 -6.35002 -0.00920335 0.999904 -0.0103453 -0.840047 0.0954808 0.0111771 0.995368 76.8641 
0.995826 0.00644485 -0.0910439 -6.40355 -0.00712757 0.999949 -0.00717478 -0.854039 0.0909931 0.00779367 0.995821 77.4232 
0.996327 0.00276315 -0.0855901 -6.44216 -0.00302624 0.999991 -0.00294321 -0.866479 0.0855813 0.00319132 0.996326 77.9715 
0.996985 -0.00137602 -0.0775822 -6.4778 0.00141745 0.999999 0.000480063 -0.878105 0.0775816 -0.000588672 0.996986 78.5002 
0.997764 0.00202115 -0.0668065 -6.51975 -0.00199893 0.999998 0.000400673 -0.889307 0.0668073 -0.000266323 0.997766 79.0195 
0.998642 0.00736824 -0.0515636 -6.55506 -0.00738274 0.999973 -8.90656e-05 -0.898784 0.0515617 0.00046954 0.99867 79.523 
0.999363 0.0125194 -0.0334033 -6.57798 -0.0125212 0.999922 0.000158878 -0.901518 0.0334028 0.000259386 0.999442 80.017 
0.999875 0.0109679 -0.0114032 -6.57128 -0.0109611 0.99994 0.000668875 -0.905331 0.0114099 -0.000543883 0.999935 80.4971 
0.999853 0.00778285 0.0152755 -6.55416 -0.00780993 0.999968 0.00170841 -0.914378 -0.0152616 -0.00182754 0.999882 80.9628 
0.998966 0.00666545 0.0449695 -6.51743 -0.00681662 0.999972 0.00320712 -0.920006 -0.0449468 -0.00351042 0.998983 81.4165 
0.996935 0.00648952 0.0779638 -6.46464 -0.00688544 0.999965 0.00480937 -0.928779 -0.0779297 -0.00533152 0.996945 81.8616 
0.993271 0.00630639 0.11564 -6.39645 -0.00697102 0.999961 0.0053431 -0.934115 -0.115602 -0.00611335 0.993277 82.2939 
0.987506 0.00659323 0.157441 -6.30805 -0.00757156 0.999955 0.00561437 -0.943115 -0.157396 -0.00673637 0.987512 82.7183 
0.979265 0.00622643 0.202487 -6.19587 -0.0074979 0.999957 0.00551235 -0.945714 -0.202444 -0.00691635 0.979269 83.1297 
0.967764 0.00840268 0.251719 -6.07001 -0.00961378 0.999947 0.00358155 -0.955842 -0.251676 -0.00588614 0.967794 83.5245 
0.95243 0.00951875 0.30461 -5.91593 -0.0102858 0.999947 0.000913192 -0.966081 -0.304585 -0.00400297 0.952477 83.9016 
0.93271 0.00986243 0.360492 -5.74135 -0.0101071 0.999948 -0.00120686 -0.969459 -0.360486 -0.00251794 0.932761 84.2658 
0.908638 0.010166 0.41746 -5.54565 -0.00992479 0.999947 -0.00274884 -0.979221 -0.417466 -0.00164557 0.908691 84.6027 
0.879639 0.0106804 0.475521 -5.33265 -0.00951778 0.999943 -0.00485285 -0.981868 -0.475546 -0.000257211 0.879691 84.9245 
0.846159 0.00919153 0.532851 -5.09955 -0.00653464 0.999955 -0.00687223 -0.989064 -0.53289 0.00233295 0.846181 85.2221 
0.809261 0.00864201 0.587385 -4.84914 -0.00530012 0.999958 -0.00741008 -1.0027 -0.587425 0.00288343 0.809273 85.5011 
0.769039 0.00753897 0.639157 -4.5874 -0.00437864 0.999969 -0.00652655 -1.00943 -0.639187 0.00222049 0.769048 85.766 
0.725744 0.00729609 0.687926 -4.30769 -0.00610902 0.999973 -0.00416093 -1.0166 -0.687937 -0.00118282 0.725769 86.0187 
0.679703 0.00655863 0.733458 -4.01458 -0.00535072 0.999978 -0.00398345 -1.02081 -0.733468 -0.00121701 0.679723 86.2505 
0.632501 0.00515989 0.774542 -3.70741 -0.0018842 0.999985 -0.00512323 -1.02725 -0.774557 0.00178102 0.632501 86.4539 
0.585009 0.0024768 0.811023 -3.3856 0.00350471 0.999978 -0.00558201 -1.03807 -0.811019 0.0061079 0.584988 86.6356 
0.537675 0.00456411 0.84314 -3.06227 0.00193503 0.999976 -0.00664721 -1.04446 -0.84315 0.00520551 0.537654 86.8054 
0.489535 0.00766251 0.87195 -2.73521 -0.00193252 0.999968 -0.00770266 -1.05116 -0.871982 0.00208563 0.489534 86.9666 
0.443623 0.00970223 0.896161 -2.4009 -0.00285066 0.999952 -0.00941488 -1.06301 -0.896209 0.00162199 0.44363 87.104 
0.400887 0.00728955 0.916098 -2.05057 0.00414299 0.999944 -0.00976981 -1.06773 -0.916118 0.00771196 0.400834 87.2177 
0.361091 -0.000259781 0.93253 -1.69227 0.0190179 0.999794 -0.00708565 -1.07058 -0.932336 0.0202934 0.361022 87.3046 
0.325736 -0.00371261 0.945453 -1.33036 0.0233156 0.99972 -0.00410729 -1.0717 -0.945173 0.0233817 0.325732 87.3941 
0.292465 0.000493017 0.956276 -0.961916 0.0212998 0.999748 -0.00702982 -1.07392 -0.956039 0.0224245 0.292381 87.4921 
0.261081 0.00829799 0.965281 -0.600833 0.0104965 0.999879 -0.0114345 -1.08824 -0.96526 0.0131174 0.260962 87.5927 
0.232836 0.0125199 0.972435 -0.22155 0.00592481 0.99988 -0.014292 -1.10738 -0.972498 0.00908918 0.232734 87.6756 
0.207151 0.0143138 0.978204 0.168708 0.00725332 0.999843 -0.0161665 -1.11939 -0.978282 0.0104441 0.207014 87.7401 
0.183528 0.0156841 0.982889 0.571757 0.0144501 0.999722 -0.018651 -1.13065 -0.982908 0.0176258 0.18325 87.7937 
0.163426 0.022164 0.986307 0.977532 0.0216724 0.999426 -0.0260499 -1.12873 -0.986317 0.0256329 0.162852 87.8372 
0.143846 0.0289563 0.989176 1.40023 0.0238513 0.99918 -0.0327177 -1.12832 -0.989313 0.0282995 0.143037 87.8868 
0.125862 0.0297325 0.991602 1.83514 0.020046 0.99927 -0.0325069 -1.14591 -0.991845 0.023969 0.125174 87.945 
0.110585 0.0250558 0.993551 2.2554 0.0183451 0.99946 -0.0272468 -1.17255 -0.993697 0.0212399 0.110065 87.9835 
0.0958509 0.0220375 0.995152 2.72847 0.0196221 0.999519 -0.0240243 -1.18713 -0.995202 0.0218297 0.0953723 88.0306 
0.0823885 0.0195744 0.996408 3.21314 0.0218583 0.999531 -0.0214432 -1.20302 -0.99636 0.0235464 0.081922 88.0703 
0.0707692 0.0188049 0.997315 3.69883 0.0258109 0.999453 -0.0206768 -1.21616 -0.997159 0.0272049 0.0702451 88.0952 
0.0606888 0.0194815 0.997967 4.21971 0.0288687 0.999357 -0.0212643 -1.23047 -0.997739 0.0301005 0.0600873 88.1198 
0.0528211 0.0199683 0.998404 4.75109 0.0310157 0.999285 -0.0216269 -1.2458 -0.998122 0.0321086 0.052164 88.1477 
0.0473341 0.020432 0.99867 5.29812 0.03267 0.999224 -0.0219918 -1.25839 -0.998345 0.0336675 0.0466298 88.1707 
0.0418162 0.0214735 0.998894 5.86019 0.0342599 0.99915 -0.0229133 -1.27653 -0.998538 0.0351802 0.041045 88.1948 
0.0357441 0.02212 0.999116 6.44172 0.034661 0.999126 -0.0233603 -1.29125 -0.99876 0.0354653 0.0349462 88.2204 
0.0313654 0.0221064 0.999263 7.04405 0.0369517 0.999046 -0.0232616 -1.30975 -0.998825 0.0376541 0.0305186 88.2388 
0.0285358 0.0219385 0.999352 7.66348 0.0386787 0.998986 -0.023035 -1.32868 -0.998844 0.0393109 0.0276583 88.2577 
0.0254169 0.0215925 0.999444 8.30104 0.039277 0.998973 -0.0225813 -1.34714 -0.998905 0.0398291 0.0245427 88.2799 
0.0229127 0.0209119 0.999519 8.95402 0.0417733 0.998888 -0.0218564 -1.37022 -0.998864 0.042254 0.0220136 88.3062 
0.0222728 0.0205746 0.99954 9.63377 0.0462725 0.998695 -0.0215884 -1.38816 -0.99868 0.046732 0.0212917 88.3222 
0.0234254 0.0202262 0.999521 10.321 0.0497815 0.998531 -0.021373 -1.40793 -0.998485 0.0502583 0.0223841 88.3394 
0.0259229 0.0202624 0.999458 11.0202 0.0514281 0.998444 -0.0215758 -1.42502 -0.99834 0.0519596 0.0248405 88.3623 
0.0295936 0.0201902 0.999358 11.7423 0.0537989 0.998315 -0.0217624 -1.44519 -0.998113 0.0544084 0.0284575 88.3955 
0.0340788 0.0199406 0.99922 12.487 0.054196 0.998293 -0.0217706 -1.46017 -0.997949 0.0548956 0.0329399 88.4253 
0.0380852 0.0182467 0.999108 13.2448 0.0555551 0.998248 -0.0203488 -1.48131 -0.997729 0.0562805 0.0370048 88.4639 
0.042106 0.0166705 0.998974 14.0102 0.055482 0.998279 -0.0189975 -1.50317 -0.997571 0.056225 0.0411086 88.5106 
0.0460101 0.0149065 0.99883 14.7937 0.052495 0.998471 -0.0173193 -1.5188 -0.997561 0.0532305 0.0451572 88.5684 
0.0501682 0.0138609 0.998645 15.5952 0.0517047 0.998527 -0.0164568 -1.5379 -0.997401 0.0524603 0.0493776 88.622 
0.0543722 0.0148035 0.998411 16.4007 0.0487818 0.998657 -0.0174638 -1.56002 -0.997328 0.0496538 0.053577 88.679 
0.0574651 0.0187548 0.998171 17.2055 0.0470984 0.998659 -0.0214755 -1.58697 -0.997236 0.0482463 0.0565047 88.7422 
0.0589799 0.0242191 0.997965 18.0115 0.0413761 0.998787 -0.0266844 -1.61022 -0.997401 0.0428658 0.0579063 88.808 
0.0586088 0.0274753 0.997903 18.8325 0.0388306 0.998802 -0.0297808 -1.63704 -0.997525 0.0404946 0.0574717 88.874 
0.058475 0.0271126 0.997921 19.6479 0.0361778 0.998917 -0.0292597 -1.66775 -0.997633 0.0378135 0.0574308 88.9421 
0.0587088 0.0253292 0.997954 20.4702 0.0338843 0.999051 -0.0273506 -1.70337 -0.9977 0.0354207 0.0577949 89.0038 
0.0584391 0.0242378 0.997997 21.2928 0.0348226 0.999047 -0.0263025 -1.73206 -0.997683 0.03629 0.0575394 89.0652 
0.0587958 0.0238305 0.997985 22.1117 0.0320118 0.999156 -0.0257444 -1.76408 -0.997757 0.033461 0.0579833 89.1288 
0.0592061 0.0239085 0.997959 22.9352 0.0303856 0.999207 -0.0257412 -1.80055 -0.997783 0.0318476 0.0584327 89.19 
0.0590816 0.0245879 0.99795 23.7517 0.0275681 0.999275 -0.0262528 -1.83186 -0.997872 0.0290626 0.0583609 89.2569 
0.0577634 0.0259551 0.997993 24.5662 0.02483 0.999315 -0.0274267 -1.86596 -0.998021 0.0263644 0.0570794 89.3209 
0.0555521 0.0255689 0.998128 25.3895 0.0222335 0.999392 -0.0268388 -1.89903 -0.998208 0.0236828 0.0549499 89.3738 
0.0519055 0.0241849 0.998359 26.2029 0.019519 0.999491 -0.0252272 -1.93196 -0.998461 0.0207964 0.0514071 89.4263 
0.0473117 0.0216808 0.998645 27.0214 0.0180455 0.999583 -0.0225561 -1.96398 -0.998717 0.0190882 0.0469007 89.4737 
0.0409982 0.0198388 0.998962 27.8336 0.0158237 0.999664 -0.0205022 -1.99222 -0.999034 0.0166478 0.0406705 89.5165 
0.0337301 0.0201655 0.999227 28.6438 0.0155079 0.999665 -0.0206979 -2.0195 -0.999311 0.0161941 0.0334061 89.5535 
0.0249254 0.0212498 0.999463 29.4459 0.0152202 0.99965 -0.0216335 -2.04304 -0.999573 0.0157512 0.0245933 89.5861 
0.0150602 0.0218364 0.999648 30.2514 0.0157916 0.999632 -0.022074 -2.0683 -0.999762 0.0161185 0.0147099 89.6037 
0.00495011 0.0211542 0.999764 31.053 0.0174795 0.999622 -0.0212378 -2.09427 -0.999835 0.0175805 0.00457847 89.6119 
-0.00566172 0.0200219 0.999783 31.8372 0.0164381 0.999666 -0.0199266 -2.12557 -0.999849 0.0163217 -0.00598895 89.6132 
-0.0166912 0.0192768 0.999675 32.6216 0.0176057 0.999665 -0.0189827 -2.15076 -0.999706 0.0172831 -0.017025 89.6037 
-0.0275719 0.0195714 0.999428 33.4067 0.0179546 0.999657 -0.0190806 -2.17931 -0.999458 0.0174183 -0.0279139 89.5851 
-0.0387496 0.0203207 0.999042 34.185 0.0184828 0.999637 -0.019616 -2.20353 -0.999078 0.017705 -0.0391111 89.5619 
-0.0492738 0.0212898 0.998558 34.9543 0.0178907 0.999631 -0.0204299 -2.2331 -0.998625 0.0168583 -0.0496365 89.531 
-0.0594813 0.0225504 0.997975 35.7267 0.0191439 0.999587 -0.0214458 -2.25596 -0.998046 0.0178295 -0.0598884 89.4852 
-0.0688015 0.0231831 0.997361 36.4906 0.0196632 0.999567 -0.0218781 -2.28482 -0.997436 0.0181061 -0.0692276 89.435 
-0.0783924 0.0235101 0.996645 37.2413 0.0199518 0.999559 -0.0220095 -2.31315 -0.996723 0.0181595 -0.0788269 89.3825 
-0.0876614 0.0238618 0.995864 37.9815 0.0204634 0.999545 -0.0221488 -2.33902 -0.99594 0.0184371 -0.0881099 89.3235 
-0.0964859 0.0233288 0.995061 38.7155 0.0215803 0.999539 -0.0213413 -2.36355 -0.9951 0.0194145 -0.0969449 89.2604 
-0.103855 0.0223257 0.994342 39.4391 0.0231293 0.999532 -0.0200265 -2.38847 -0.994323 0.0209185 -0.104323 89.1871 
-0.10907 0.0206855 0.993819 40.1605 0.0260323 0.9995 -0.0179469 -2.41414 -0.993693 0.023914 -0.109554 89.1091 
-0.112858 0.0186996 0.993435 40.8699 0.028739 0.999466 -0.0155483 -2.44447 -0.993195 0.0267956 -0.113335 89.0342 
-0.115098 0.0181048 0.993189 41.5705 0.0302609 0.999434 -0.0147119 -2.45922 -0.992893 0.0283615 -0.115581 88.9489 
-0.116894 0.017226 0.992995 42.2627 0.0304223 0.999442 -0.0137567 -2.48072 -0.992678 0.0286012 -0.117353 88.8736 
-0.117695 0.0176709 0.992892 42.9389 0.0310296 0.999419 -0.014109 -2.50366 -0.992565 0.0291485 -0.118175 88.8006 
-0.116902 0.0186598 0.992968 43.5964 0.0319401 0.999377 -0.01502 -2.52451 -0.99263 0.0299596 -0.117425 88.7338 
-0.114141 0.0202754 0.993258 44.2569 0.0333055 0.999308 -0.0165716 -2.54613 -0.992906 0.0311895 -0.114738 88.6782 
-0.109117 0.0208543 0.99381 44.8813 0.0331554 0.9993 -0.0173292 -2.56786 -0.993476 0.0310592 -0.109732 88.6214 
-0.10097 0.0212622 0.994662 45.4829 0.0321675 0.999319 -0.0180964 -2.59444 -0.994369 0.0301686 -0.101585 88.5702 
-0.0899087 0.0213559 0.995721 46.0717 0.0309992 0.999346 -0.0186346 -2.61446 -0.995467 0.0291911 -0.0905119 88.5311 
-0.0758388 0.0217411 0.996883 46.6424 0.0308408 0.999335 -0.0194484 -2.63325 -0.996643 0.0292697 -0.0764589 88.4944 
-0.0585571 0.0228067 0.998023 47.1877 0.029951 0.999329 -0.0210793 -2.6619 -0.997835 0.0286575 -0.0592009 88.4796 
-0.0373035 0.0252749 0.998984 47.7269 0.0283267 0.999305 -0.0242253 -2.68734 -0.998902 0.0273942 -0.0379935 88.477 
-0.0124576 0.0283643 0.99952 48.2556 0.0260907 0.999266 -0.028032 -2.70865 -0.999582 0.025729 -0.0131885 88.4911 
0.0162322 0.0300956 0.999415 48.7832 0.024494 0.999235 -0.0304881 -2.7298 -0.999568 0.0249745 0.0154826 88.5193 
0.0496523 0.0296719 0.998326 49.3132 0.0225637 0.99927 -0.0308223 -2.75043 -0.998512 0.0240564 0.0489466 88.5671 
0.088068 0.0271669 0.995744 49.8374 0.0215854 0.999341 -0.0291743 -2.77231 -0.99588 0.0240628 0.0874236 88.6368 
0.130754 0.0231383 0.991145 50.3429 0.0189319 0.999487 -0.0258307 -2.80076 -0.991234 0.0221417 0.130249 88.7255 
0.176962 0.0189652 0.984035 50.8503 0.0169875 0.999606 -0.0223203 -2.81722 -0.984071 0.0206661 0.17657 88.8335 
0.226379 0.0158503 0.97391 51.3509 0.0127396 0.999734 -0.0192319 -2.83659 -0.973956 0.0167609 0.226117 88.9735 
0.278936 0.0143049 0.960203 51.828 0.00921825 0.999803 -0.0175728 -2.85287 -0.960265 0.0137531 0.278749 89.1356 
0.335144 0.0139815 0.942063 52.2974 0.00880013 0.9998 -0.0179692 -2.86672 -0.942126 0.0143126 0.334954 89.3226 
0.394617 0.0141373 0.918737 52.7486 0.0107523 0.999742 -0.0200022 -2.88735 -0.918783 0.0177717 0.394363 89.5323 
0.455092 0.0175313 0.890272 53.1736 0.0112702 0.999613 -0.0254458 -2.90561 -0.890373 0.0216137 0.454719 89.78 
0.514474 0.0204872 0.857261 53.5704 0.0125519 0.999427 -0.0314178 -2.92415 -0.857414 0.0269239 0.513923 90.0614 
0.572449 0.0247771 0.819566 53.938 0.00828956 0.999317 -0.0360016 -2.93724 -0.819898 0.0274029 0.571853 90.3749 
0.628385 0.0276684 0.77741 54.2965 0.00414046 0.999234 -0.03891 -2.95239 -0.777892 0.0276693 0.627789 90.7172 
0.680729 0.0289531 0.731963 54.6106 0.00202691 0.99914 -0.0414066 -2.96632 -0.732532 0.0296702 0.680085 91.0709 
0.729301 0.0269523 0.683662 54.8942 0.00128664 0.999168 -0.0407632 -2.98726 -0.684192 0.0306082 0.728659 91.4365 
0.774157 0.0236455 0.632552 55.1491 -0.00127922 0.999358 -0.0357917 -3.00815 -0.632992 0.0268991 0.773691 91.8183 
0.815055 0.0189759 0.579073 55.3824 -0.00266724 0.999576 -0.0290015 -3.0282 -0.579378 0.0220932 0.81476 92.2283 
0.85122 0.0166578 0.524544 55.5879 -0.00540014 0.999721 -0.0229848 -3.04207 -0.524781 0.0167325 0.851073 92.6521 
0.882038 0.0132808 0.47099 55.7666 -0.00645015 0.999849 -0.0161141 -3.05524 -0.471133 0.0111752 0.881991 93.086 
0.907301 0.014369 0.420236 55.9159 -0.0107519 0.999882 -0.0109752 -3.07086 -0.420344 0.00543941 0.907349 93.5261 
0.927071 0.0167001 0.374514 56.0488 -0.014913 0.999859 -0.00766973 -3.08618 -0.37459 0.00152519 0.927189 93.9763 
0.942095 0.0227861 0.334571 56.1633 -0.0223011 0.999737 -0.00529167 -3.09484 -0.334604 -0.00247612 0.942356 94.4366 
0.95383 0.0269767 0.299134 56.2736 -0.0262731 0.999634 -0.0063746 -3.09996 -0.299197 -0.00177899 0.95419 94.8985 
0.962904 0.0291485 0.268266 56.3766 -0.0284826 0.999574 -0.0063746 -3.10519 -0.268337 -0.00150286 0.963324 95.3662 
0.968934 0.0235275 0.246199 56.483 -0.0227319 0.999723 -0.00607402 -3.11327 -0.246274 0.000288677 0.9692 95.8438 
0.972852 0.0206198 0.230509 56.5846 -0.0199293 0.999787 -0.00532425 -3.12746 -0.23057 0.000585757 0.973056 96.3226 
0.975656 0.0249053 0.217887 56.6743 -0.0241682 0.99969 -0.00604804 -3.13196 -0.21797 0.000634808 0.975955 96.8145 
0.977624 0.0300567 0.208201 56.7602 -0.0295516 0.999548 -0.00553691 -3.13489 -0.208273 -0.000739743 0.97807 97.3261 
0.978611 0.0380344 0.202172 56.8439 -0.0374197 0.999276 -0.00686335 -3.14083 -0.202287 -0.000848741 0.979326 97.8458 
0.978965 0.0435666 0.199324 56.9278 -0.0423071 0.999049 -0.0105763 -3.14785 -0.199595 0.00192097 0.979876 98.3618 
0.979042 0.0451069 0.198598 57.0262 -0.0434122 0.998974 -0.0128818 -3.16498 -0.198975 0.0039902 0.979996 98.8933 
0.978673 0.0434585 0.200773 57.1398 -0.040998 0.999025 -0.0163995 -3.17721 -0.201289 0.00781839 0.979501 99.4266 
0.97795 0.041875 0.204598 57.2538 -0.0379757 0.999015 -0.02295 -3.18506 -0.205358 0.0146742 0.978577 99.9721 
0.97712 0.0421677 0.208465 57.3735 -0.0372021 0.998924 -0.0276858 -3.19462 -0.209408 0.0192969 0.977638 100.533 
0.975946 0.046961 0.212895 57.4849 -0.0420649 0.998737 -0.0274725 -3.21038 -0.213916 0.0178563 0.976689 101.113 
0.974552 0.050035 0.218505 57.6025 -0.0459746 0.998663 -0.0236311 -3.22495 -0.219395 0.012984 0.97555 101.708 
0.97366 0.0469575 0.223117 57.7393 -0.043863 0.99886 -0.0188085 -3.24592 -0.223746 0.00852646 0.97461 102.313 
0.972982 0.0425796 0.22692 57.8813 -0.0406259 0.999086 -0.0132756 -3.26143 -0.227278 0.00369796 0.973823 102.931 
0.97222 0.0400023 0.230624 58.0249 -0.038998 0.999199 -0.00891366 -3.27313 -0.230796 -0.000327912 0.973002 103.563 
0.971655 0.0355871 0.233709 58.1732 -0.0346303 0.999366 -0.00819821 -3.28582 -0.233853 -0.000127666 0.972272 104.2 
0.97178 0.0316227 0.23376 58.3284 -0.0298173 0.999492 -0.0112544 -3.29975 -0.233997 0.00396662 0.972229 104.846 
0.97192 0.030716 0.233298 58.4797 -0.0272192 0.999464 -0.0181944 -3.31597 -0.233732 0.0113332 0.972235 105.494 
0.972032 0.0329349 0.232526 58.6261 -0.0278956 0.9993 -0.0249282 -3.33074 -0.233184 0.0177445 0.972271 106.158 
0.972609 0.0358259 0.22967 58.7729 -0.030007 0.999135 -0.0287803 -3.34369 -0.230502 0.0211002 0.972843 106.837 
0.973158 0.0338128 0.227641 58.9108 -0.0290256 0.999282 -0.0243459 -3.36826 -0.228301 0.0170849 0.973441 107.546 
0.973633 0.0296743 0.226183 59.0736 -0.0265685 0.999506 -0.0167644 -3.38993 -0.226569 0.010313 0.97394 108.261 
0.97416 0.0298545 0.223879 59.2241 -0.0281097 0.999544 -0.0109777 -3.41247 -0.224105 0.00440079 0.974555 108.991 
0.974488 0.0334252 0.221937 59.3736 -0.031639 0.999432 -0.0116002 -3.43189 -0.222198 0.00428233 0.974992 109.718 
0.974837 0.0388346 0.219511 59.5255 -0.0361256 0.999214 -0.0163437 -3.44578 -0.219973 0.00800241 0.975473 110.462 
0.975756 0.0392691 0.215311 59.6789 -0.0354345 0.999138 -0.0216425 -3.46103 -0.215975 0.0134883 0.976306 111.204 
0.976677 0.0380068 0.211322 59.8354 -0.0335532 0.999133 -0.0246227 -3.48008 -0.212075 0.0169578 0.977106 111.969 
0.977613 0.0356357 0.207372 59.993 -0.0315354 0.999237 -0.0230466 -3.50368 -0.208035 0.015991 0.977991 112.741 
0.978515 0.0315492 0.203748 60.1522 -0.0278347 0.99939 -0.0210722 -3.52657 -0.204289 0.0149481 0.978796 113.529 
0.978953 0.0306429 0.201773 60.3081 -0.0275288 0.999455 -0.0182229 -3.55122 -0.202222 0.0122847 0.979263 114.321 
0.979347 0.0272556 0.200339 60.4669 -0.0245536 0.999571 -0.0159604 -3.56964 -0.200688 0.0107117 0.979596 115.132 
0.979507 0.0220002 0.200204 60.6246 -0.0194748 0.999704 -0.0145754 -3.59399 -0.200466 0.0103777 0.979646 115.949 
0.979606 0.0223437 0.19968 60.7711 -0.0201297 0.999711 -0.0131116 -3.6105 -0.199915 0.00882463 0.979773 116.763 
0.979402 0.0280463 0.199962 60.9206 -0.0256165 0.999563 -0.0147292 -3.63889 -0.200287 0.00930341 0.979693 117.577 
0.979096 0.0337592 0.200579 61.0654 -0.0307519 0.999363 -0.0180912 -3.66038 -0.201062 0.0115447 0.97951 118.395 
0.978552 0.042746 0.201515 61.2133 -0.0395679 0.999021 -0.0197753 -3.6815 -0.202163 0.0113775 0.979286 119.231 
0.977715 0.0486763 0.204217 61.3689 -0.0457482 0.998771 -0.0190381 -3.70773 -0.204892 0.00927124 0.978741 120.068 
0.976944 0.0514211 0.20721 61.5249 -0.0489337 0.998655 -0.0171156 -3.733 -0.207812 0.00658137 0.978147 120.912 
0.976352 0.0520443 0.209827 61.6913 -0.0493906 0.99862 -0.0178715 -3.75813 -0.210467 0.00708537 0.977575 121.758 
0.976062 0.0503297 0.211587 61.8606 -0.0470392 0.998681 -0.0205604 -3.7797 -0.212342 0.0101153 0.977143 122.607 
0.976086 0.0441947 0.212844 62.0438 -0.0410128 0.998971 -0.019344 -3.80526 -0.21348 0.010152 0.976895 123.449 
0.976351 0.0375497 0.212907 62.2257 -0.0339508 0.999212 -0.0205363 -3.83502 -0.213511 0.0128222 0.976857 124.289 
0.97614 0.0366337 0.21403 62.4035 -0.0329733 0.999243 -0.0206488 -3.86568 -0.214625 0.0130987 0.976609 125.131 
0.975597 0.0394353 0.215996 62.5736 -0.036458 0.999177 -0.0177532 -3.89056 -0.216518 0.00944516 0.976233 125.981 
0.975225 0.0414193 0.217305 62.7423 -0.0397324 0.999137 -0.0121287 -3.9161 -0.21762 0.00319406 0.976028 126.813 
0.974889 0.0447933 0.218138 62.9117 -0.0441484 0.998994 -0.00783243 -3.94077 -0.218269 -0.00199476 0.975886 127.654 
0.974647 0.0444138 0.219296 63.0826 -0.0422751 0.999002 -0.0144381 -3.96535 -0.219718 0.00480125 0.975551 128.482 
0.974923 0.0399888 0.218922 63.262 -0.0345671 0.998995 -0.0285422 -3.99306 -0.219843 0.0202589 0.975325 129.293 
0.975189 0.0375353 0.21817 63.4426 -0.0300568 0.998844 -0.0374982 -4.02451 -0.219326 0.0300102 0.97519 130.1 
0.975462 0.0342323 0.217492 63.6131 -0.028654 0.999176 -0.0287519 -4.04761 -0.218297 0.0218143 0.975638 130.936 
0.975861 0.0278024 0.216616 63.7899 -0.0267214 0.999611 -0.00791878 -4.07619 -0.216752 0.00193927 0.976225 131.785 
0.976206 0.0243265 0.215477 63.9687 -0.0265671 0.999619 0.0075076 -4.10801 -0.215212 -0.0130536 0.97648 132.625 
0.976192 0.0289276 0.214968 64.129 -0.0299908 0.999549 0.00168451 -4.12409 -0.214823 -0.00809155 0.976619 133.443 
0.976406 0.0371165 0.212731 64.2851 -0.0348579 0.999289 -0.0143597 -4.13641 -0.213112 0.00660548 0.977005 134.251 
0.97666 0.0372441 0.211539 64.4469 -0.033293 0.999199 -0.0222106 -4.15224 -0.212197 0.0146494 0.977117 135.064 
0.977289 0.0332444 0.209287 64.619 -0.0290835 0.999314 -0.0229291 -4.18138 -0.209906 0.0163215 0.977585 135.87 
0.977922 0.0328146 0.206378 64.7803 -0.0290363 0.999351 -0.0213113 -4.21576 -0.206943 0.0148482 0.97824 136.697 
0.97865 0.0323219 0.202974 64.9325 -0.0283586 0.999347 -0.0224051 -4.24601 -0.203566 0.0161706 0.978928 137.511 
0.979684 0.0332837 0.197767 65.0854 -0.0290993 0.999288 -0.024028 -4.27125 -0.198426 0.0177849 0.979954 138.317 
0.980124 0.0378914 0.194732 65.2307 -0.0338216 0.999135 -0.0241837 -4.30481 -0.195479 0.0171168 0.980558 139.137 
0.980304 0.0439549 0.192542 65.367 -0.0399613 0.998899 -0.0245788 -4.33213 -0.19341 0.0164004 0.980981 139.944 
0.980633 0.0452067 0.190566 65.5077 -0.0416926 0.998879 -0.0224121 -4.36551 -0.191365 0.0140328 0.981419 140.749 
0.980977 0.0427993 0.189346 65.6498 -0.0402024 0.999038 -0.017537 -4.39357 -0.189914 0.00959115 0.981754 141.547 
0.98138 0.0411731 0.187612 65.7934 -0.0385787 0.999103 -0.0174609 -4.42091 -0.188162 0.00989785 0.982088 142.353 
0.981895 0.0398119 0.185197 65.9318 -0.036634 0.999117 -0.0205516 -4.44823 -0.185851 0.013395 0.982486 143.152 
0.983008 0.0350069 0.180195 66.0739 -0.0311722 0.999224 -0.0240703 -4.4777 -0.180898 0.0180441 0.983336 143.94 
0.984311 0.0319622 0.173522 66.2113 -0.0280342 0.999293 -0.0250419 -4.50448 -0.174199 0.0197844 0.984512 144.734 
0.985473 0.030014 0.167156 66.3318 -0.0270981 0.999439 -0.019699 -4.52946 -0.167653 0.0148832 0.985734 145.531 
0.986546 0.0270851 0.161224 66.4454 -0.025615 0.999609 -0.0111905 -4.55235 -0.161464 0.00691012 0.986854 146.343 
0.987169 0.0242131 0.157833 66.5609 -0.024216 0.999705 -0.00190552 -4.57081 -0.157833 -0.00194109 0.987464 147.151 
0.987624 0.0309366 0.153761 66.6559 -0.0314011 0.999507 0.000591819 -4.58516 -0.153667 -0.00541283 0.988108 147.954 
0.988261 0.0336194 0.149028 66.7575 -0.0333769 0.999434 -0.00412932 -4.59965 -0.149082 -0.00089332 0.988824 148.758 
0.989407 0.0339955 0.141132 66.8618 -0.0322908 0.999375 -0.0143525 -4.61428 -0.141532 0.00964318 0.989887 149.552 
0.990396 0.0304931 0.134857 66.957 -0.0280665 0.999409 -0.0198592 -4.62478 -0.135383 0.0158834 0.990666 150.363 
0.991348 0.0294278 0.127922 67.0497 -0.0272113 0.999448 -0.0190413 -4.64013 -0.128411 0.0153956 0.991601 151.174 
0.992102 0.0360487 0.120141 67.1287 -0.0344217 0.999286 -0.0155915 -4.66554 -0.120617 0.0113329 0.992634 151.988 
0.992794 0.0414748 0.112428 67.1919 -0.0398022 0.999061 -0.0170827 -4.68927 -0.113031 0.0124847 0.993513 152.798 
0.993787 0.0440305 0.102217 67.2574 -0.0418754 0.998855 -0.0231366 -4.70824 -0.103119 0.0187124 0.994493 153.605 
0.994707 0.0426403 0.0934854 67.3245 -0.0404354 0.99886 -0.0253562 -4.73126 -0.0944599 0.0214418 0.995298 154.42 
0.995415 0.0427007 0.0855838 67.3785 -0.0408804 0.998901 -0.0229127 -4.753 -0.0864681 0.0193089 0.996067 155.24 
0.995943 0.0453827 0.077709 67.4222 -0.0442962 0.998896 -0.0156515 -4.78152 -0.0783334 0.0121457 0.996853 156.064 
0.996417 0.0483898 0.0693576 67.4598 -0.0478292 0.998808 -0.00972381 -4.80511 -0.0697454 0.00637158 0.997544 156.888 
0.996964 0.0473846 0.0617867 67.4966 -0.0470829 0.998871 -0.00633296 -4.82234 -0.0620169 0.00340456 0.998069 157.712 
0.997302 0.0481593 0.0554014 67.5271 -0.0479948 0.998838 -0.00429832 -4.83516 -0.055544 0.00162766 0.998455 158.539 
0.99758 0.0470852 0.0511652 67.5578 -0.0468346 0.998884 -0.00608899 -4.85317 -0.0513947 0.00367787 0.998672 159.361 
0.997576 0.0517833 0.0464867 67.5777 -0.0512956 0.998616 -0.0116244 -4.87037 -0.0470242 0.00921156 0.998851 160.176 
0.997427 0.0577228 0.0425209 67.5929 -0.0569844 0.998206 -0.0183817 -4.88903 -0.0435056 0.0159113 0.998926 160.99 
0.997494 0.0588081 0.0393221 67.6093 -0.0580265 0.9981 -0.0207351 -4.90633 -0.0404667 0.0184013 0.999011 161.811 
0.997481 0.0609967 0.0362072 67.6265 -0.0604998 0.99806 -0.0146677 -4.92723 -0.0370315 0.0124401 0.999237 162.639 
0.997395 0.0633757 0.0344364 67.6331 -0.0632608 0.997987 -0.00442118 -4.94333 -0.0346472 0.00223111 0.999397 163.476 
0.997448 0.0642229 0.0311813 67.6456 -0.0643548 0.997922 0.00324336 -4.96312 -0.0309081 -0.00524184 0.999508 164.309 
0.997819 0.0607352 0.0258671 67.6572 -0.060756 0.998153 1.34676e-05 -4.97646 -0.0258184 -0.0015851 0.999665 165.131 
0.998625 0.048499 0.0198825 67.6781 -0.0483158 0.998786 -0.00959699 -4.98969 -0.0203237 0.00862308 0.999756 165.938 
0.998875 0.0458296 0.012164 67.6888 -0.0456516 0.998852 -0.0145306 -4.99478 -0.0128159 0.0139588 0.99982 166.76 
0.998753 0.0496257 0.00536605 67.6704 -0.0495506 0.998682 -0.0133419 -5.00896 -0.006021 0.0130593 0.999897 167.595 
0.998861 0.0476648 -0.00199226 67.6548 -0.0476779 0.998838 -0.00706718 -5.02927 0.00165318 0.00715404 0.999973 168.431 
0.999066 0.042149 -0.00952661 67.6402 -0.0421849 0.999103 -0.00359759 -5.0391 0.00936652 0.00399602 0.999948 169.269 
0.999323 0.0334963 -0.015204 67.6208 -0.0334874 0.999439 0.000840272 -5.05156 0.0152237 -0.000330643 0.999884 170.113 
0.999342 0.0291357 -0.0215845 67.5948 -0.0291237 0.999575 0.000877612 -5.06358 0.021601 -0.000248498 0.999767 170.95 
0.99928 0.0257427 -0.0278559 67.5557 -0.0259211 0.999646 -0.00605817 -5.07834 0.0276902 0.00677578 0.999594 171.784 
0.999238 0.0164478 -0.0353956 67.5219 -0.0170259 0.999725 -0.0160914 -5.09252 0.0351213 0.0166817 0.999244 172.609 
0.9991 0.00623649 -0.0419432 67.4906 -0.0070881 0.999771 -0.0201839 -5.1057 0.0418078 0.0204629 0.998916 173.449 
0.998786 0.00983504 -0.0482721 67.4349 -0.0104747 0.99986 -0.0130152 -5.12097 0.0481375 0.0135049 0.998749 174.288 
0.998346 0.0205048 -0.0537139 67.3689 -0.0205227 0.999789 0.000220941 -5.13878 0.0537072 0.000881692 0.998556 175.131 
0.997966 0.0253981 -0.0584697 67.2992 -0.024968 0.999656 0.0080766 -5.15482 0.0586548 -0.00660039 0.998256 175.983 
0.997751 0.0255657 -0.0619554 67.2283 -0.0253113 0.999668 0.00488865 -5.16266 0.0620599 -0.00330957 0.998067 176.82 
0.997576 0.0264405 -0.0643605 67.1643 -0.0268859 0.99962 -0.00606274 -5.16973 0.0641759 0.00777836 0.997908 177.652 
0.997048 0.0372287 -0.0671482 67.0766 -0.0383427 0.999146 -0.0153769 -5.18155 0.0665185 0.0179061 0.997624 178.484 
0.996944 0.0353239 -0.0696734 67.0078 -0.0367276 0.999145 -0.0189686 -5.19976 0.0689439 0.0214695 0.997389 179.323 
0.996928 0.0300138 -0.0723378 66.9515 -0.0310975 0.99942 -0.0139002 -5.22173 0.0718787 0.016107 0.997283 180.178 
0.996959 0.0302305 -0.0718248 66.8767 -0.0306808 0.999516 -0.00517185 -5.23758 0.0716338 0.00735968 0.997404 181.038 
0.996923 0.0323978 -0.0713706 66.7944 -0.0324389 0.999473 0.000585055 -5.25884 0.071352 0.00173184 0.99745 181.891 
0.996832 0.0326668 -0.0725162 66.7094 -0.0327616 0.999463 -0.000117095 -5.27523 0.0724735 0.00249239 0.997367 182.748 
0.996725 0.0285766 -0.0756474 66.6494 -0.0293491 0.999528 -0.00911833 -5.29338 0.0753512 0.0113086 0.997093 183.59 
0.996791 0.018011 -0.077992 66.5856 -0.0196617 0.999597 -0.0204492 -5.31236 0.0775924 0.0219169 0.996744 184.439 
0.996772 0.00752748 -0.0799328 66.5197 -0.00950195 0.999658 -0.0243489 -5.33515 0.0797223 0.0250297 0.996503 185.291 
0.996663 0.0100014 -0.081012 66.4386 -0.0116713 0.999728 -0.0201658 -5.35376 0.0807884 0.0210439 0.996509 186.147 
0.996502 0.0157544 -0.0820665 66.3478 -0.0165844 0.999818 -0.00944094 -5.37936 0.0819029 0.0107689 0.996582 187.005 
0.996324 0.0168272 -0.0839965 66.2678 -0.0173624 0.999833 -0.0056438 -5.40639 0.0838877 0.00708134 0.99645 187.853 
0.996277 0.0154896 -0.0848034 66.1854 -0.016374 0.999818 -0.0097419 -5.42122 0.0846372 0.0110941 0.99635 188.701 
0.996238 0.0149356 -0.0853593 66.1111 -0.016375 0.999735 -0.0161859 -5.43449 0.085095 0.0175227 0.996219 189.534 
0.996087 0.0216085 -0.0856941 66.0178 -0.0231245 0.999592 -0.0167367 -5.45484 0.0852976 0.0186527 0.996181 190.366 
0.995984 0.0247428 -0.0860427 65.9284 -0.0260073 0.999569 -0.0136049 -5.47916 0.0856691 0.0157879 0.996198 191.204 
0.995811 0.0288369 -0.0867732 65.8401 -0.029866 0.999498 -0.0105837 -5.50237 0.0864245 0.0131309 0.996172 192.038 
0.995678 0.0324844 -0.0870085 65.7558 -0.033275 0.999417 -0.00764936 -5.52325 0.0867094 0.0105114 0.996178 192.864 
