1 -4.23778e-08 4.22719e-08 0 -4.23778e-08 1 -4.19404e-08 0 4.22719e-08 -4.19404e-08 1 0 
0.999991 -0.00279928 -0.00330929 -0.0083049 0.00279238 0.999994 -0.0020621 -0.00539741 0.00331512 0.00205276 0.999992 0.678202 
0.999969 -0.0016432 -0.0076548 -0.0232196 0.00161587 0.999992 -0.00356443 -0.0082311 0.00766068 0.00355187 0.999964 1.37583 
0.999934 -0.0015564 -0.0113813 -0.0455533 0.00149564 0.999985 -0.00533774 -0.0072748 0.0113895 0.00532028 0.999921 2.09443 
0.999867 -9.82772e-05 -0.0162852 -0.0708876 -5.65352e-07 0.999982 -0.00606419 -0.0115442 0.0162855 0.00606332 0.999849 2.82159 
0.999776 -0.0017098 -0.0210779 -0.088652 0.00158374 0.999981 -0.00599192 -0.0236732 0.0210879 0.00595711 0.99976 3.56832 
0.999673 5.90374e-05 -0.0255588 -0.12417 -0.000234919 0.999976 -0.00687524 -0.0385629 0.0255578 0.00687891 0.99965 4.32343 
0.999529 0.00258323 -0.0305655 -0.161637 -0.0028152 0.999967 -0.0075457 -0.0453682 0.0305451 0.00762812 0.999504 5.09672 
0.99939 0.00281871 -0.0348178 -0.209081 -0.00302516 0.999978 -0.00587573 -0.0532499 0.0348006 0.00597739 0.999376 5.8952 
0.999215 0.00194958 -0.039567 -0.24793 -0.00208204 0.999992 -0.00330458 -0.0572857 0.0395604 0.00338428 0.999211 6.70784 
0.999059 0.00123786 -0.0433516 -0.289345 -0.00125749 0.999999 -0.000423674 -0.0683915 0.0433511 0.000477704 0.99906 7.5271 
0.998939 0.00270478 -0.0459822 -0.343604 -0.00275336 0.999996 -0.000991388 -0.077354 0.0459794 0.00111686 0.998942 8.35655 
0.998842 0.00238241 -0.0480605 -0.400464 -0.00245483 0.999996 -0.00144619 -0.0800664 0.0480569 0.00156241 0.998843 9.18324 
0.99876 -0.000514977 -0.0497784 -0.450775 0.000423341 0.999998 -0.00184974 -0.0893136 0.0497793 0.00182628 0.998758 10.019 
0.998665 -0.000444522 -0.0516535 -0.509543 0.000389932 0.999999 -0.00106534 -0.0961822 0.051654 0.00104369 0.998664 10.8579 
0.998584 -0.00180115 -0.0531626 -0.566367 0.00172326 0.999997 -0.00150935 -0.102237 0.0531653 0.00141551 0.998585 11.7138 
0.998484 0.000392423 -0.0550358 -0.626289 -0.000628135 0.999991 -0.00426416 -0.106586 0.0550337 0.00429218 0.998475 12.5748 
0.998413 0.000664048 -0.0563071 -0.690441 -0.00104485 0.999977 -0.00673222 -0.11897 0.0563014 0.00678029 0.998391 13.4409 
0.998298 0.00431927 -0.058159 -0.756453 -0.00479732 0.999956 -0.0080811 -0.133486 0.0581216 0.00834627 0.998275 14.3237 
0.998249 0.00531538 -0.0589194 -0.827005 -0.00577585 0.999954 -0.00764631 -0.147592 0.0588762 0.00797315 0.998233 15.2099 
0.998183 0.00438541 -0.0600982 -0.896538 -0.00475829 0.99997 -0.00606144 -0.163128 0.0600699 0.00633631 0.998174 16.1001 
0.998089 0.0052807 -0.0615652 -0.964841 -0.00557408 0.999974 -0.0045932 -0.174642 0.0615394 0.0049275 0.998092 17.0032 
0.998027 0.00481755 -0.0626003 -1.03137 -0.00509549 0.999978 -0.0042796 -0.190284 0.0625784 0.00459005 0.998029 17.9094 
0.997915 0.00484163 -0.0643647 -1.09935 -0.0051925 0.999972 -0.00528381 -0.201595 0.0643374 0.00560692 0.997912 18.8156 
0.997844 0.00333332 -0.0655411 -1.16933 -0.00372781 0.999976 -0.00589643 -0.215658 0.0655199 0.00612796 0.997832 19.7345 
0.997802 0.00326443 -0.0661901 -1.23904 -0.00356081 0.999984 -0.00435897 -0.222962 0.0661749 0.004585 0.997797 20.6565 
0.997791 0.00418054 -0.0663043 -1.31208 -0.00423909 0.999991 -0.000741149 -0.237818 0.0663007 0.0010205 0.997799 21.5887 
0.997841 0.00510206 -0.0654694 -1.3871 -0.00493291 0.999984 0.00274632 -0.245305 0.0654825 -0.00241752 0.997851 22.5268 
0.997958 0.00391124 -0.0637471 -1.46037 -0.00355369 0.999977 0.0057226 -0.251619 0.0637681 -0.00548447 0.99795 23.4723 
0.998041 0.00388892 -0.0624481 -1.52549 -0.00349792 0.999974 0.00637053 -0.254751 0.0624713 -0.00613969 0.998028 24.4163 
0.998136 0.00438619 -0.0608701 -1.59835 -0.00419005 0.999986 0.00335099 -0.259624 0.060884 -0.00308978 0.99814 25.3662 
0.998189 0.00537501 -0.0599175 -1.67243 -0.00547925 0.999984 -0.00157422 -0.264741 0.0599082 0.00189958 0.998202 26.3144 
0.998257 0.00412094 -0.0588707 -1.73871 -0.00440273 0.999979 -0.00465631 -0.271236 0.0588504 0.0049073 0.998255 27.2735 
0.99831 0.00159761 -0.0580844 -1.80804 -0.00181461 0.999991 -0.00368201 -0.281374 0.0580781 0.0037811 0.998305 28.2475 
0.998305 -9.66744e-05 -0.0581979 -1.87409 0.000198563 0.999998 0.00174636 -0.299294 0.0581977 -0.00175505 0.998303 29.2006 
0.998246 -0.00416033 -0.0590481 -1.94112 0.00448285 0.999976 0.00533201 -0.31275 0.0590246 -0.00558745 0.998241 30.1758 
0.998123 -0.0112577 -0.0602037 -2.00457 0.0115504 0.999923 0.00451773 -0.31548 0.0601483 -0.00520472 0.998176 31.1596 
0.99802 -0.0132097 -0.0614921 -2.06978 0.0132655 0.999912 0.000500949 -0.320593 0.0614801 -0.00131577 0.998107 32.1351 
0.997937 -0.0126487 -0.0629456 -2.14313 0.0124336 0.999915 -0.0038067 -0.326776 0.0629885 0.00301612 0.99801 33.1024 
0.997834 -0.0109313 -0.0648737 -2.22357 0.0106689 0.999933 -0.00438758 -0.341705 0.0649175 0.00368586 0.997884 34.0874 
0.997783 -0.0109547 -0.0656373 -2.29637 0.0107712 0.999937 -0.00314906 -0.349881 0.0656677 0.002435 0.997838 35.0854 
0.997722 -0.00787182 -0.0670044 -2.38222 0.00786033 0.999969 -0.00043391 -0.36285 0.0670058 -9.38424e-05 0.997752 36.1032 
0.997634 -0.00775551 -0.0683032 -2.45763 0.00782079 0.999969 0.000689569 -0.371352 0.0682958 -0.00122221 0.997664 37.1032 
0.997578 -0.00650351 -0.0692464 -2.54561 0.00674225 0.999972 0.00321564 -0.382659 0.0692237 -0.00367482 0.997594 38.0973 
0.9976 -0.00612455 -0.0689712 -2.62841 0.006557 0.99996 0.00604656 -0.390532 0.0689315 -0.00648438 0.9976 39.0948 
0.997575 -0.000329328 -0.0695986 -2.72185 0.000909886 0.999965 0.00831114 -0.396322 0.0695935 -0.0083544 0.99754 40.0951 
0.997566 -0.000626158 -0.069726 -2.80681 0.00115509 0.999971 0.00754691 -0.400942 0.0697193 -0.00760917 0.997538 41.1002 
0.997592 -0.000468549 -0.0693533 -2.89609 0.000877417 0.999982 0.00586627 -0.410026 0.0693494 -0.00591309 0.997575 42.1007 
0.99761 0.00173382 -0.0690775 -2.99099 -0.00147684 0.999992 0.00377224 -0.418286 0.0690836 -0.00366129 0.997604 43.0962 
0.997566 0.00150777 -0.0697064 -3.07906 -0.00123061 0.999991 0.00401997 -0.432839 0.0697119 -0.00392449 0.997559 44.0745 
0.997449 -0.000474284 -0.0713791 -3.1515 0.000857914 0.999985 0.00534512 -0.441564 0.0713756 -0.00539281 0.997435 45.0633 
0.997404 0.00041052 -0.0720122 -3.23782 3.37368e-05 0.999981 0.006169 -0.448835 0.0720134 -0.00615549 0.997385 46.0508 
0.997394 0.00234781 -0.0721049 -3.32932 -0.00216907 0.999994 0.00255828 -0.461721 0.0721106 -0.0023953 0.997394 47.0253 
0.997332 0.00270398 -0.0729452 -3.41783 -0.00281532 0.999995 -0.00142235 -0.473122 0.0729411 0.00162383 0.997335 47.9876 
0.997278 0.00360899 -0.0736486 -3.50192 -0.00381413 0.999989 -0.00264383 -0.485557 0.0736384 0.00291745 0.997281 48.9535 
0.997277 0.00231326 -0.0737068 -3.58544 -0.00226191 0.999997 0.000781244 -0.498782 0.0737085 -0.000612486 0.99728 49.9331 
0.99727 0.000673747 -0.0738349 -3.66559 -0.000381651 0.999992 0.00397122 -0.511364 0.0738371 -0.00393228 0.997262 50.9068 
0.997249 -0.00111298 -0.0741089 -3.74606 0.00146272 0.999988 0.00466631 -0.523707 0.0741029 -0.00476196 0.997239 51.8688 
0.997235 -0.00464625 -0.0741667 -3.82951 0.00493797 0.999981 0.00375146 -0.537703 0.0741479 -0.00410741 0.997239 52.8224 
0.997166 -0.00758328 -0.0748499 -3.90263 0.00778103 0.999967 0.0023518 -0.547622 0.0748297 -0.00292763 0.997192 53.7798 
0.997085 -0.00877104 -0.0757887 -3.98885 0.00907144 0.999952 0.0036214 -0.558695 0.0757534 -0.00429845 0.997117 54.734 
0.996955 -0.011841 -0.0770684 -4.06813 0.0124567 0.999894 0.00751477 -0.563298 0.0769714 -0.008452 0.996997 55.6855 
0.996922 -0.0127918 -0.0773463 -4.15996 0.0138037 0.999826 0.0125633 -0.57016 0.0771722 -0.0135923 0.996925 56.6393 
0.996895 -0.0112517 -0.0779349 -4.2463 0.0124274 0.999816 0.0146191 -0.570879 0.0777561 -0.0155423 0.996851 57.6005 
0.996816 -0.00992054 -0.0791093 -4.33698 0.0107942 0.999885 0.0106251 -0.576843 0.0789949 -0.0114452 0.996809 58.5315 
0.996721 -0.00823826 -0.0804947 -4.42363 0.00850126 0.999959 0.00292611 -0.582704 0.0804675 -0.00360091 0.996751 59.4544 
0.996678 -0.0068828 -0.081152 -4.5161 0.00673189 0.999975 -0.00213216 -0.588828 0.0811647 0.00157868 0.996699 60.3654 
0.996621 -0.0020146 -0.0821124 -4.61085 0.00191998 0.999997 -0.00123024 -0.602399 0.0821147 0.00106834 0.996622 61.2709 
0.996489 0.000718688 -0.0837205 -4.70145 -0.000621013 0.999999 0.00119368 -0.617507 0.0837214 -0.00113758 0.996488 62.17 
0.996449 0.00290509 -0.0841435 -4.8016 -0.00265986 0.999992 0.00302731 -0.635573 0.0841517 -0.00279283 0.996449 63.0531 
0.996339 0.00349514 -0.0854198 -4.88834 -0.00326503 0.999991 0.00283431 -0.64687 0.085429 -0.00254512 0.996341 63.9187 
0.996183 0.00455865 -0.0871697 -4.97678 -0.00424675 0.999984 0.00376414 -0.661462 0.0871855 -0.00337968 0.996186 64.7688 
0.996061 0.005481 -0.0884971 -5.06673 -0.00512507 0.999978 0.00424958 -0.67307 0.0885185 -0.00377938 0.996067 65.6057 
0.995918 0.00510767 -0.0901117 -5.14771 -0.00467466 0.999976 0.00501651 -0.691119 0.0901353 -0.00457488 0.995919 66.4241 
0.99579 0.00476507 -0.0915443 -5.22889 -0.00424421 0.999974 0.00588448 -0.6957 0.09157 -0.00547126 0.995784 67.2332 
0.995629 0.00725562 -0.093108 -5.32019 -0.00650007 0.999943 0.0084163 -0.698826 0.0931639 -0.00777439 0.99562 68.0438 
0.995505 0.00851653 -0.0943229 -5.40993 -0.00737188 0.999895 0.0124781 -0.706698 0.0944194 -0.0117267 0.995463 68.8303 
0.995317 0.0118778 -0.0959287 -5.50084 -0.0105709 0.999844 0.0141217 -0.710326 0.0960816 -0.0130416 0.995288 69.6044 
0.995137 0.0148038 -0.0973823 -5.58726 -0.0138918 0.999853 0.0100372 -0.717272 0.0975167 -0.00863563 0.995196 70.3558 
0.994955 0.0142048 -0.0993076 -5.66238 -0.0139944 0.999898 0.00281603 -0.725576 0.0993376 -0.00141216 0.995053 71.086 
0.994808 0.0133684 -0.100891 -5.74143 -0.0137544 0.9999 -0.00313028 -0.728599 0.100839 0.00450163 0.994892 71.7972 
0.994763 0.0142566 -0.101209 -5.82792 -0.0147869 0.999881 -0.00449044 -0.73403 0.101133 0.0059634 0.994855 72.4914 
0.994629 0.0167721 -0.102138 -5.91183 -0.0170179 0.999854 -0.00153451 -0.732472 0.102097 0.00326435 0.994769 73.1701 
0.994471 0.0168778 -0.103643 -5.99183 -0.0168725 0.999857 0.000927908 -0.750592 0.103644 0.000825862 0.994614 73.8326 
0.994423 0.0137913 -0.104558 -6.06855 -0.0141363 0.999897 -0.00255899 -0.760947 0.104512 0.00402271 0.994515 74.472 
0.994512 0.00570432 -0.10447 -6.13604 -0.00653511 0.99995 -0.00761109 -0.774932 0.104422 0.00825196 0.994499 75.0903 
0.994627 0.00156281 -0.103511 -6.20146 -0.00288616 0.999916 -0.0126353 -0.78233 0.103482 0.0128661 0.994548 75.6881 
0.994974 0.00395172 -0.100059 -6.27927 -0.00521727 0.99991 -0.0123887 -0.80689 0.100001 0.0128484 0.994904 76.2727 
0.995363 0.00904364 -0.0957669 -6.35505 -0.00998955 0.999906 -0.00940158 -0.820894 0.095673 0.0103146 0.995359 76.8435 
0.995803 0.00731628 -0.0912337 -6.4087 -0.00791804 0.999949 -0.00623466 -0.834356 0.0911836 0.0069308 0.99581 77.4026 
0.996313 0.0036081 -0.0857175 -6.44847 -0.00379836 0.999991 -0.00205561 -0.845815 0.0857094 0.00237353 0.996317 77.953 
0.99698 -0.000520715 -0.077657 -6.48544 0.000626793 0.999999 0.00134266 -0.856395 0.0776563 -0.00138736 0.996979 78.4806 
0.997759 0.00282564 -0.066851 -6.52768 -0.00274356 0.999995 0.00132085 -0.868366 0.0668545 -0.00113456 0.997762 78.9978 
0.998634 0.00817267 -0.0516086 -6.56302 -0.00814131 0.999966 0.00081963 -0.877377 0.0516136 -0.000398435 0.998667 79.5013 
0.999352 0.0133238 -0.0334481 -6.58596 -0.0132961 0.999911 0.00105364 -0.879664 0.0334592 -0.000608309 0.99944 79.9953 
0.999864 0.0117845 -0.011516 -6.5776 -0.0117674 0.999929 0.00155518 -0.883631 0.0115336 -0.00141954 0.999932 80.4754 
0.999848 0.00863841 0.0151161 -6.55897 -0.00867799 0.999959 0.00254915 -0.891785 -0.0150934 -0.00268002 0.999882 80.9416 
0.998967 0.00752128 0.0448116 -6.52232 -0.00770926 0.999962 0.00402169 -0.897057 -0.0447796 -0.00436308 0.998987 81.3953 
0.996941 0.00734564 0.0778076 -6.46962 -0.00780451 0.999954 0.00559398 -0.905495 -0.0777628 -0.0061842 0.996953 81.8404 
0.993283 0.00716262 0.115485 -6.40149 -0.00791912 0.99995 0.00609236 -0.91052 -0.115436 -0.00696606 0.99329 82.2727 
0.987525 0.00744949 0.157286 -6.31317 -0.00855034 0.999943 0.00632294 -0.919234 -0.15723 -0.00758899 0.987533 82.6971 
0.979291 0.00708272 0.202334 -6.20106 -0.0085081 0.999945 0.00617536 -0.921577 -0.202279 -0.00776903 0.979297 83.1086 
0.967796 0.00925879 0.251566 -6.07527 -0.0106562 0.999934 0.00419268 -0.931476 -0.251511 -0.00673846 0.967831 83.5034 
0.95247 0.0103746 0.304457 -5.92126 -0.0113603 0.999934 0.00146601 -0.941525 -0.304422 -0.00485512 0.952525 83.8805 
0.932759 0.010718 0.360341 -5.74675 -0.0112124 0.999937 -0.000718652 -0.944741 -0.360326 -0.00337002 0.93282 84.2447 
0.908697 0.0110214 0.417311 -5.5511 -0.0110582 0.999936 -0.00232989 -0.954382 -0.41731 -0.00249761 0.90876 84.5817 
0.879707 0.0115356 0.475376 -5.33816 -0.010676 0.999933 -0.00450832 -0.956937 -0.475396 -0.00110916 0.879771 84.9035 
0.846239 0.0100463 0.532709 -5.10511 -0.00771318 0.999948 -0.00660533 -0.964077 -0.532748 0.00148075 0.846273 85.2012 
0.809351 0.00949672 0.587249 -4.85476 -0.00649368 0.999953 -0.00722132 -0.977694 -0.587289 0.00203113 0.809374 85.4802 
0.769138 0.0083938 0.639028 -4.59307 -0.005582 0.999964 -0.00641641 -0.984418 -0.639058 0.001368 0.769157 85.7452 
0.72585 0.00815147 0.687805 -4.31341 -0.00731699 0.999965 -0.00412944 -0.991609 -0.687814 -0.00203535 0.725884 85.9979 
0.679816 0.00741402 0.733345 -4.02033 -0.00655819 0.99997 -0.00403021 -0.995872 -0.733353 -0.00206965 0.679845 86.2298 
0.632601 0.00602444 0.774454 -3.71329 -0.00307316 0.999981 -0.00526867 -1.00218 -0.774472 0.000952913 0.632608 86.4336 
0.585119 0.00334077 0.81094 -3.3915 0.00232659 0.99998 -0.00579838 -1.01313 -0.810944 0.00527943 0.5851 86.6153 
0.537788 0.00542821 0.843063 -3.06821 0.000771204 0.999976 -0.00693059 -1.01966 -0.84308 0.00437733 0.537771 86.7852 
0.489648 0.00852701 0.871878 -2.74117 -0.00307862 0.999963 -0.00805084 -1.02651 -0.871915 0.00125787 0.489656 86.9464 
0.443739 0.0105668 0.896094 -2.40688 -0.00397714 0.999944 -0.00982204 -1.03854 -0.896147 0.000794509 0.443756 87.0839 
0.401012 0.00815328 0.916037 -2.05658 0.00303695 0.999943 -0.0102297 -1.04347 -0.916068 0.00688416 0.400964 87.1976 
0.361231 0.000602163 0.932476 -1.69829 0.0179329 0.99981 -0.00759274 -1.04655 -0.932304 0.0194647 0.361151 87.2846 
0.325881 -0.00285114 0.945406 -1.3364 0.0222504 0.999742 -0.00465481 -1.04791 -0.945149 0.0225526 0.32586 87.3741 
0.292633 0.00130866 0.956224 -0.972323 0.0198492 0.999775 -0.0074428 -1.05266 -0.956019 0.0211583 0.292541 87.469 
0.261241 0.00911521 0.96523 -0.611267 0.00905986 0.999888 -0.0118947 -1.06715 -0.965231 0.0118522 0.261129 87.5697 
0.232994 0.0133378 0.972387 -0.232013 0.00450217 0.99988 -0.0147938 -1.08649 -0.972468 0.0078247 0.232906 87.6527 
0.20731 0.0151314 0.978158 0.158225 0.00584439 0.999843 -0.0167056 -1.09875 -0.978258 0.00917998 0.207189 87.7173 
0.183694 0.0165005 0.982845 0.561256 0.0130547 0.99973 -0.019224 -1.11027 -0.982897 0.016362 0.183429 87.7709 
0.163598 0.0229788 0.986259 0.967026 0.0202891 0.999439 -0.0266515 -1.10862 -0.986318 0.0243705 0.16304 87.8145 
0.144021 0.0297705 0.989127 1.38972 0.0224803 0.999191 -0.0333468 -1.10849 -0.989319 0.0270385 0.143235 87.8642 
0.126034 0.0305475 0.991555 1.8246 0.0186864 0.999275 -0.0331606 -1.12637 -0.99185 0.022708 0.125372 87.9225 
0.11072 0.0259952 0.993512 2.26481 0.0173239 0.999455 -0.0280815 -1.14818 -0.993701 0.0203207 0.110209 87.9651 
0.0959877 0.022977 0.995117 2.73786 0.0186133 0.999517 -0.0248741 -1.16316 -0.995208 0.0209101 0.0955137 88.0124 
0.0825276 0.0205136 0.996378 3.22252 0.0208612 0.999533 -0.0223065 -1.17947 -0.99637 0.0226265 0.0820611 88.0521 
0.0709121 0.0197436 0.997287 3.70819 0.0248241 0.999459 -0.0215518 -1.19305 -0.997174 0.026285 0.0703837 88.0771 
0.0608346 0.0204198 0.997939 4.22905 0.0278908 0.999365 -0.0221493 -1.20782 -0.997758 0.0291807 0.0602265 88.1018 
0.0529691 0.0209063 0.998377 4.76042 0.0300448 0.999295 -0.0225196 -1.22363 -0.998144 0.0311889 0.0523036 88.1298 
0.0474836 0.0213697 0.998643 5.30742 0.0317041 0.999235 -0.0228899 -1.23671 -0.998369 0.032748 0.0467698 88.1529 
0.0419673 0.022411 0.998868 5.86948 0.033299 0.999162 -0.0238167 -1.25536 -0.998564 0.0342609 0.0411858 88.177 
0.0358956 0.0230575 0.999089 6.45099 0.0337056 0.999137 -0.0242696 -1.2706 -0.998787 0.0345461 0.0350875 88.2027 
0.0315191 0.0230435 0.999237 7.0533 0.0360004 0.999059 -0.0241751 -1.28966 -0.998855 0.036735 0.0306598 88.2212 
0.0286911 0.0228754 0.999326 7.67271 0.03773 0.999001 -0.0239512 -1.30916 -0.998876 0.0383918 0.0277993 88.2402 
0.0255727 0.0225293 0.999419 8.31025 0.0383312 0.998989 -0.0235005 -1.32819 -0.998938 0.0389099 0.0246833 88.2624 
0.0230709 0.0218483 0.999495 8.9632 0.0408299 0.998906 -0.022778 -1.35187 -0.9989 0.0413348 0.0221536 88.2889 
0.0224352 0.0215103 0.999517 9.64293 0.0453299 0.998718 -0.0225107 -1.37043 -0.99872 0.045813 0.0214314 88.305 
0.0235911 0.0211614 0.999498 10.3301 0.048838 0.998558 -0.0222943 -1.39083 -0.998528 0.0493394 0.0225236 88.3222 
0.0260901 0.0211973 0.999435 11.0294 0.0504824 0.998472 -0.0224948 -1.40856 -0.998384 0.0510408 0.0249802 88.3453 
0.0297631 0.0211247 0.999334 11.7514 0.0528499 0.998345 -0.0226779 -1.42938 -0.998159 0.0534897 0.0285974 88.3786 
0.0342486 0.020875 0.999195 12.4961 0.0532429 0.998324 -0.0226818 -1.44503 -0.997994 0.0539769 0.0330797 88.4085 
0.0382562 0.0191809 0.999084 13.2539 0.0545984 0.998282 -0.0212562 -1.46686 -0.997775 0.0553616 0.0371433 88.4472 
0.0422769 0.0176047 0.998951 14.0193 0.0545217 0.998314 -0.019901 -1.48939 -0.997617 0.0553059 0.0412458 88.494 
0.0461782 0.0158412 0.998808 14.8028 0.0515311 0.998505 -0.0182189 -1.50571 -0.997603 0.0523109 0.0452929 88.5519 
0.0503356 0.0147957 0.998623 15.6042 0.050737 0.998561 -0.0173523 -1.52552 -0.997443 0.0515406 0.0495124 88.6056 
0.0545368 0.0157388 0.998388 16.4097 0.0478102 0.998688 -0.0183553 -1.54834 -0.997366 0.0487341 0.0537127 88.6627 
0.0576281 0.0196903 0.998144 17.2144 0.0461239 0.998685 -0.022364 -1.57599 -0.997272 0.0473271 0.0566441 88.7261 
0.0591375 0.0251553 0.997933 18.0203 0.0404001 0.998803 -0.0275714 -1.59994 -0.997432 0.0419471 0.0580505 88.7919 
0.058764 0.0284119 0.997867 18.8414 0.0378548 0.998812 -0.0306681 -1.62747 -0.997554 0.0395763 0.0576187 88.8581 
0.0586278 0.0280496 0.997886 19.6567 0.035202 0.998925 -0.0301471 -1.65888 -0.997659 0.0368951 0.0575774 88.9264 
0.0588594 0.0262666 0.997921 20.479 0.0329082 0.999059 -0.0282377 -1.69522 -0.997724 0.0345019 0.0579397 88.9881 
0.0585905 0.0251751 0.997965 21.3016 0.0338469 0.999057 -0.0271899 -1.72463 -0.997708 0.035371 0.0576832 89.0497 
0.0589447 0.0247682 0.997954 22.1205 0.0310356 0.999163 -0.0266314 -1.75736 -0.997779 0.0325419 0.0581267 89.1134 
0.0593534 0.0248464 0.997928 22.9439 0.029409 0.999213 -0.0266277 -1.79456 -0.997804 0.0309285 0.058576 89.1748 
0.0592263 0.0255263 0.997918 23.7603 0.0265916 0.999278 -0.0271393 -1.82657 -0.99789 0.0281436 0.0585047 89.2418 
0.0579055 0.0268938 0.99796 24.5748 0.0238546 0.999314 -0.0283145 -1.86138 -0.998037 0.0254455 0.0572243 89.3059 
0.0556918 0.026508 0.998096 25.398 0.02126 0.999389 -0.0277287 -1.89518 -0.998222 0.0227637 0.0550943 89.3589 
0.0520427 0.0251244 0.998329 26.2114 0.0185487 0.999487 -0.0261206 -1.92882 -0.998472 0.0198771 0.05155 89.4115 
0.0474475 0.0226206 0.998617 27.0299 0.0170793 0.999579 -0.023454 -1.96157 -0.998728 0.0181685 0.0470412 89.4591 
0.041132 0.020779 0.998938 27.8421 0.0148631 0.99966 -0.0214061 -1.99054 -0.999043 0.0157278 0.0408092 89.502 
0.0338636 0.0211057 0.999204 28.6522 0.014554 0.99966 -0.0216087 -2.01855 -0.99932 0.0152741 0.0335449 89.5392 
0.0250587 0.0221901 0.99944 29.4543 0.0142743 0.999644 -0.0225526 -2.04282 -0.999584 0.0148314 0.024733 89.5718 
0.0151941 0.0227766 0.999625 30.2598 0.0148548 0.999625 -0.0230025 -2.06882 -0.999774 0.0151987 0.01485 89.5896 
0.00508554 0.0220942 0.999743 31.0614 0.0165522 0.999617 -0.0221757 -2.09553 -0.99985 0.0166607 0.00471788 89.5979 
-0.00552727 0.0209622 0.999765 31.8455 0.0155207 0.999662 -0.0208743 -2.12757 -0.999864 0.0154017 -0.00585075 89.5993 
-0.0165557 0.0202169 0.999658 32.6299 0.0166989 0.999662 -0.0199405 -2.15352 -0.999723 0.016363 -0.0168877 89.5899 
-0.0274361 0.0205115 0.999413 33.4149 0.0170583 0.999653 -0.0200482 -2.18282 -0.999478 0.0164982 -0.0277765 89.5714 
-0.0386133 0.0212608 0.999028 34.1933 0.0175973 0.999633 -0.0205936 -2.20779 -0.999099 0.016785 -0.0389733 89.5484 
-0.0491381 0.02223 0.998544 34.9625 0.0170156 0.999626 -0.0214168 -2.23812 -0.998647 0.0159385 -0.049498 89.5176 
-0.0593445 0.0234903 0.997961 35.7349 0.0182789 0.999581 -0.0224416 -2.26175 -0.99807 0.0169099 -0.059749 89.4719 
-0.0686643 0.0241231 0.997348 36.4988 0.0188076 0.999561 -0.0228818 -2.29137 -0.997462 0.0171865 -0.0690879 89.4219 
-0.078255 0.02445 0.996633 37.2495 0.0191059 0.999552 -0.0230215 -2.32045 -0.99675 0.01724 -0.0786871 89.3694 
-0.0875236 0.0248017 0.995854 37.9897 0.0196269 0.999539 -0.0231686 -2.34708 -0.995969 0.0175177 -0.08797 89.3106 
-0.0963471 0.0242685 0.995052 38.7236 0.0207529 0.999534 -0.0223685 -2.37236 -0.995131 0.0184951 -0.0968059 89.2475 
-0.103715 0.0232652 0.994335 39.4472 0.0223095 0.999529 -0.0210598 -2.39803 -0.994357 0.0199989 -0.104185 89.1743 
-0.108928 0.0216247 0.993814 40.1686 0.0252181 0.999502 -0.0189845 -2.42445 -0.99373 0.0229942 -0.109419 89.0965 
-0.112713 0.0196384 0.993433 40.878 0.0279288 0.999472 -0.0165891 -2.45551 -0.993235 0.0258756 -0.113202 89.0217 
-0.114952 0.0190434 0.993188 41.5786 0.0294531 0.999442 -0.0157545 -2.47101 -0.992934 0.0274414 -0.115448 88.9365 
-0.116748 0.0181646 0.992995 42.2708 0.0296164 0.999452 -0.0148008 -2.49323 -0.99272 0.027681 -0.117221 88.8613 
-0.117547 0.0186094 0.992893 42.9469 0.0302246 0.999428 -0.0151537 -2.51687 -0.992607 0.0282285 -0.118043 88.7884 
-0.116754 0.0195981 0.992967 43.6044 0.0311342 0.999386 -0.0160641 -2.5384 -0.992673 0.0290397 -0.117292 88.7217 
-0.113992 0.0212135 0.993255 44.2649 0.0324968 0.999317 -0.0176136 -2.5607 -0.99295 0.0302698 -0.114603 88.6662 
-0.108968 0.0217924 0.993806 44.8893 0.0323414 0.999308 -0.018367 -2.58307 -0.993519 0.0301397 -0.109597 88.6095 
-0.100821 0.0222004 0.994657 45.4909 0.031345 0.999326 -0.0191275 -2.61026 -0.994411 0.0292491 -0.101449 88.5584 
-0.089761 0.0222943 0.995714 46.0797 0.0301653 0.999352 -0.0196565 -2.63087 -0.995506 0.0282716 -0.0903753 88.5194 
-0.0756911 0.0226795 0.996873 46.6504 0.0299925 0.999341 -0.0204584 -2.65023 -0.99668 0.0283502 -0.0763214 88.4828 
-0.0584102 0.0237451 0.99801 47.1957 0.0290853 0.999333 -0.0220744 -2.67941 -0.997869 0.0277381 -0.0590619 88.4681 
-0.0371579 0.0262135 0.998965 47.7348 0.02744 0.999306 -0.0252018 -2.70537 -0.998933 0.0264752 -0.0378515 88.4655 
-0.012314 0.029303 0.999495 48.2635 0.02518 0.999263 -0.028986 -2.72716 -0.999607 0.0248103 -0.0130428 88.4797 
0.0163742 0.0310344 0.999384 48.7911 0.0235563 0.999229 -0.0314156 -2.74879 -0.999588 0.0240562 0.0156305 88.508 
0.0497924 0.0306108 0.99829 49.321 0.0215955 0.999263 -0.0317179 -2.76986 -0.998526 0.0231379 0.0490946 88.5558 
0.0882068 0.0281059 0.995706 49.8452 0.0205834 0.999337 -0.030032 -2.79218 -0.995889 0.023144 0.0875698 88.6257 
0.13089 0.0240777 0.991104 50.3506 0.0178939 0.999485 -0.0266445 -2.82103 -0.991235 0.0212222 0.130392 88.7144 
0.177095 0.0199049 0.983992 50.8581 0.0159126 0.999607 -0.0230847 -2.83786 -0.984065 0.019746 0.176708 88.8225 
0.226507 0.0167906 0.973865 51.3586 0.0116274 0.999733 -0.019941 -2.85757 -0.97394 0.0158403 0.226251 88.9626 
0.279059 0.0152456 0.960153 51.8357 0.00806924 0.999801 -0.0182204 -2.87415 -0.96024 0.0128323 0.27888 89.1248 
0.335265 0.0149222 0.942006 52.305 0.00761489 0.999799 -0.0185479 -2.88827 -0.942093 0.0133917 0.335084 89.3119 
0.394736 0.0150774 0.918671 52.7562 0.00953256 0.999744 -0.0205041 -2.90914 -0.918745 0.016851 0.394492 89.5216 
0.455209 0.0184709 0.890193 53.1812 0.0100197 0.999615 -0.0258651 -2.92757 -0.890328 0.0206934 0.454849 89.7694 
0.514588 0.021426 0.85717 53.5778 0.0112758 0.999432 -0.0317514 -2.94622 -0.857363 0.0260041 0.514054 90.0508 
0.572554 0.0257157 0.819463 53.9455 0.00699348 0.999318 -0.0362462 -2.95936 -0.819837 0.0264838 0.571984 90.3644 
0.628481 0.0286068 0.777299 54.3038 0.00283043 0.999233 -0.0390633 -2.97454 -0.77782 0.0267506 0.627918 90.7068 
0.680818 0.0298912 0.731842 54.618 0.000709408 0.999139 -0.0414687 -2.98844 -0.732452 0.0287518 0.680211 91.0605 
0.729383 0.0278903 0.683537 54.9015 -3.20194e-05 0.99917 -0.0407351 -3.00931 -0.684106 0.0296895 0.728778 91.4262 
0.774231 0.0245841 0.632426 55.1563 -0.0025929 0.99936 -0.0356738 -3.03009 -0.632898 0.0259799 0.773799 91.808 
0.815121 0.0199153 0.578949 55.3896 -0.00396999 0.999577 -0.0287953 -3.04998 -0.579277 0.0211732 0.814855 92.2181 
0.851277 0.017598 0.524421 55.5949 -0.00668659 0.99972 -0.0226937 -3.06365 -0.524673 0.015812 0.851157 92.6419 
0.882088 0.0142218 0.47087 55.7737 -0.00771613 0.999846 -0.015744 -3.07659 -0.471021 0.0102543 0.882062 93.0758 
0.907341 0.0153107 0.420117 55.9229 -0.0119948 0.999872 -0.0105339 -3.09194 -0.420225 0.00451854 0.907409 93.5159 
0.927101 0.0176422 0.374397 56.0557 -0.0161323 0.999844 -0.00716704 -3.10697 -0.374465 0.000604633 0.927241 93.9662 
0.942113 0.0237286 0.334454 56.1701 -0.0234977 0.999713 -0.00473735 -3.11532 -0.33447 -0.00339584 0.9424 94.4265 
0.95384 0.0279191 0.299015 56.2803 -0.0274481 0.999606 -0.00577596 -3.12011 -0.299058 -0.00269811 0.954231 94.8884 
0.962908 0.0300907 0.268145 56.3833 -0.0296377 0.999544 -0.00573845 -3.12501 -0.268196 -0.00242167 0.963361 95.3561 
0.968941 0.0244697 0.246078 56.4896 -0.0238722 0.9997 -0.00541165 -3.13275 -0.246137 -0.000630939 0.969235 95.8338 
0.972882 0.0218783 0.230263 56.5938 -0.0214294 0.99976 -0.00445065 -3.15047 -0.230305 -0.000604518 0.973118 96.2885 
0.975678 0.0261636 0.217639 56.6834 -0.0256568 0.999657 -0.00515509 -3.15448 -0.2177 -0.000554291 0.976016 96.7804 
0.977637 0.0313152 0.207954 56.7692 -0.0310311 0.999508 -0.00462923 -3.15692 -0.207996 -0.0019274 0.978128 97.2921 
0.978613 0.0392925 0.201923 56.8527 -0.0388933 0.999226 -0.00594658 -3.16234 -0.202 -0.0020341 0.979383 97.8119 
0.97896 0.0445456 0.199129 56.9349 -0.0434702 0.999007 -0.00977191 -3.16756 -0.199366 0.000910071 0.979925 98.3387 
0.979037 0.0460854 0.1984 57.0332 -0.0445748 0.998933 -0.0120766 -3.18425 -0.198745 0.00297967 0.980047 98.8702 
0.978671 0.0444364 0.200572 57.1467 -0.0421626 0.998989 -0.0155969 -3.19604 -0.201062 0.00680749 0.979555 99.4035 
0.977951 0.0428517 0.204391 57.2606 -0.0391438 0.998988 -0.0221521 -3.20345 -0.205133 0.013663 0.978639 99.9491 
0.977123 0.0431434 0.208253 57.3801 -0.0383735 0.998901 -0.0268926 -3.21255 -0.209184 0.0182859 0.977705 100.51 
0.975945 0.0479367 0.212683 57.4914 -0.0432397 0.998708 -0.0266847 -3.22784 -0.213688 0.0168463 0.976757 101.09 
0.974548 0.0510115 0.218298 57.6089 -0.0471536 0.998626 -0.0228499 -3.24191 -0.219163 0.0119747 0.975615 101.685 
0.973659 0.0479351 0.222914 57.7456 -0.0450456 0.998822 -0.0180328 -3.26239 -0.223516 0.00751639 0.974671 102.29 
0.972985 0.0435583 0.226724 57.8875 -0.0418114 0.999047 -0.0125044 -3.27741 -0.227052 0.00268684 0.973879 102.908 
0.972225 0.0409819 0.230432 58.0309 -0.0401864 0.999159 -0.00814694 -3.28861 -0.230572 -0.00133963 0.973054 103.54 
0.971665 0.0365669 0.233518 58.1791 -0.0358212 0.99933 -0.00743526 -3.3008 -0.233633 -0.0011404 0.972324 104.177 
0.971794 0.0326018 0.233566 58.3342 -0.0310085 0.999464 -0.0104915 -3.31422 -0.233783 0.00295301 0.972284 104.823 
0.971937 0.0316937 0.233096 58.4853 -0.0284103 0.999444 -0.0174311 -3.32992 -0.233519 0.0103195 0.972297 105.471 
0.972049 0.0339112 0.232318 58.6316 -0.0290863 0.999285 -0.0241641 -3.34416 -0.232971 0.0167313 0.97234 106.136 
0.972623 0.0368014 0.229458 58.7783 -0.0311955 0.999121 -0.0280128 -3.35656 -0.230287 0.0200877 0.972915 106.814 
0.973172 0.0347892 0.227434 58.916 -0.0302124 0.999265 -0.0235757 -3.38055 -0.228087 0.0160719 0.973508 107.523 
0.973649 0.0306523 0.225983 59.0787 -0.027754 0.999487 -0.0159924 -3.40165 -0.226357 0.00929899 0.974 108.239 
0.974174 0.0308336 0.223684 59.2289 -0.0292932 0.999519 -0.0102028 -3.42359 -0.223891 0.00338679 0.974608 108.968 
0.974498 0.0344042 0.221741 59.3783 -0.0328208 0.999403 -0.0108229 -3.44241 -0.221981 0.00326912 0.975045 109.696 
0.974842 0.0398127 0.219311 59.5301 -0.0373055 0.999183 -0.0155636 -3.45569 -0.219751 0.00699045 0.975531 110.44 
0.975761 0.040246 0.215106 59.6833 -0.0366112 0.999112 -0.0208574 -3.47033 -0.215754 0.0124765 0.976368 111.181 
0.976684 0.0389831 0.211114 59.8397 -0.0347268 0.999113 -0.0238328 -3.48876 -0.211855 0.0159458 0.977171 111.947 
0.977621 0.0366123 0.207165 59.9971 -0.0327059 0.999217 -0.022252 -3.51172 -0.207817 0.0149784 0.978053 112.719 
0.978526 0.0325262 0.203543 60.1561 -0.0290022 0.999374 -0.0202732 -3.53397 -0.204075 0.0139346 0.978856 113.507 
0.978963 0.0316204 0.201571 60.3118 -0.0286947 0.999436 -0.0174215 -3.55797 -0.202008 0.0112709 0.979319 114.299 
0.979361 0.0282335 0.200139 60.4705 -0.0257182 0.999554 -0.0151573 -3.57571 -0.200477 0.00969716 0.97965 115.11 
0.979525 0.0229783 0.200005 60.6279 -0.0206394 0.999692 -0.0137721 -3.59938 -0.20026 0.00936204 0.979698 115.927 
0.979624 0.0233221 0.199482 60.7743 -0.0212939 0.999697 -0.0123076 -3.6152 -0.199709 0.00780903 0.979824 116.741 
0.979414 0.0290245 0.199762 60.9237 -0.0267808 0.999544 -0.0139256 -3.64291 -0.200075 0.00828904 0.979745 117.555 
0.979103 0.0347367 0.200376 61.0682 -0.0319167 0.999341 -0.0172883 -3.66371 -0.200844 0.0105316 0.979566 118.373 
0.978551 0.0437233 0.201311 61.2159 -0.0407333 0.99899 -0.0189736 -3.68412 -0.201937 0.0103665 0.979343 119.209 
0.977708 0.0496537 0.204013 61.3714 -0.0469155 0.998732 -0.0182396 -3.70965 -0.20466 0.0082616 0.978798 120.046 
0.976935 0.0523989 0.207009 61.5272 -0.0501033 0.998611 -0.0163207 -3.73421 -0.207576 0.00557237 0.978203 120.89 
0.976343 0.053022 0.209624 61.6934 -0.0505623 0.998575 -0.0170797 -3.75864 -0.210231 0.00607652 0.977633 121.736 
0.976056 0.0513069 0.211382 61.8626 -0.0482125 0.998641 -0.0197707 -3.77951 -0.212109 0.00910603 0.977203 122.585 
0.976086 0.0451721 0.212641 62.0456 -0.0421874 0.998937 -0.0185558 -3.80439 -0.213253 0.00914128 0.976954 123.427 
0.976357 0.0385268 0.212703 62.2273 -0.0351256 0.999188 -0.0197483 -3.83347 -0.213291 0.01181 0.976917 124.267 
0.976147 0.0376108 0.213826 62.4049 -0.0341491 0.999219 -0.0198621 -3.86344 -0.214406 0.0120863 0.97667 125.11 
0.975602 0.040413 0.215794 62.5748 -0.0376351 0.999147 -0.0169689 -3.88762 -0.216296 0.00843335 0.976291 125.96 
0.975226 0.0423982 0.217109 62.7433 -0.0409103 0.999098 -0.0113458 -3.91248 -0.217394 0.00218267 0.976081 126.791 
0.974887 0.0457731 0.217946 62.9126 -0.0453266 0.998947 -0.00705053 -3.93646 -0.218039 -0.00300536 0.975935 127.633 
0.974646 0.0453923 0.219098 63.0833 -0.0434546 0.998962 -0.0136577 -3.96036 -0.21949 0.00379056 0.975607 128.461 
0.97493 0.0409644 0.218709 63.2625 -0.0357469 0.998975 -0.0277616 -3.98742 -0.219622 0.0192474 0.975395 129.272 
0.9752 0.0385089 0.217949 63.4429 -0.0312364 0.998837 -0.036717 -4.01822 -0.21911 0.0289984 0.975269 130.079 
0.975474 0.0352078 0.21728 63.6132 -0.0298329 0.999163 -0.0279696 -4.04064 -0.218083 0.0208015 0.975709 130.915 
0.975875 0.028782 0.216424 63.7898 -0.0278991 0.999585 -0.00713504 -4.06853 -0.216539 0.000924815 0.976273 131.764 
0.976227 0.0252495 0.215274 63.9688 -0.0276715 0.999583 0.00824374 -4.09864 -0.214976 -0.0140048 0.976519 132.604 
0.976211 0.0298495 0.21476 64.1289 -0.0310948 0.999513 0.00242126 -4.11408 -0.214583 -0.00904166 0.976664 133.421 
0.976419 0.038035 0.212508 64.2849 -0.0359605 0.99926 -0.0136205 -4.12577 -0.212868 0.00565739 0.977064 134.23 
0.976674 0.0381608 0.211308 64.4465 -0.034395 0.999178 -0.0214702 -4.14097 -0.211954 0.0137014 0.977184 135.043 
0.977307 0.0341608 0.209056 64.6184 -0.0301838 0.999298 -0.0221862 -4.1695 -0.209667 0.0153725 0.977652 135.849 
0.977939 0.0337314 0.206148 64.7795 -0.0301343 0.999334 -0.020565 -4.20323 -0.206704 0.0138991 0.978305 136.676 
0.978668 0.0332384 0.202743 64.9315 -0.0294541 0.999331 -0.0216551 -4.23285 -0.203327 0.0152214 0.978992 137.49 
0.979699 0.0341997 0.197534 65.0841 -0.0301908 0.999273 -0.0232722 -4.25745 -0.198186 0.0168359 0.98002 138.296 
0.980135 0.0388075 0.194498 65.2293 -0.0349107 0.999116 -0.0234245 -4.29037 -0.195235 0.016169 0.980623 139.116 
0.980308 0.0448709 0.192308 65.3654 -0.0410486 0.998873 -0.0238172 -4.31704 -0.19316 0.0154542 0.981045 139.924 
0.980635 0.0461232 0.190334 65.5059 -0.0427782 0.99885 -0.0216483 -4.34977 -0.191113 0.0130868 0.981481 140.728 
0.980981 0.0437169 0.189118 65.6478 -0.041287 0.999006 -0.0167717 -4.37721 -0.189664 0.00864452 0.981811 141.526 
0.981384 0.0420907 0.187385 65.7912 -0.039662 0.999074 -0.0166937 -4.40391 -0.187914 0.0089508 0.982145 142.332 
0.9819 0.0407287 0.184967 65.9294 -0.0377155 0.999093 -0.0197819 -4.43059 -0.185604 0.0124476 0.982546 143.131 
0.983017 0.0359229 0.179962 66.0713 -0.03225 0.999208 -0.0232951 -4.45943 -0.180656 0.0170957 0.983398 143.919 
0.984322 0.0328779 0.173287 66.2085 -0.0291068 0.999282 -0.0242594 -4.48559 -0.17396 0.0188351 0.984572 144.714 
0.985484 0.0309308 0.166926 66.3288 -0.0281655 0.999424 -0.0189095 -4.50991 -0.167415 0.0139334 0.985788 145.51 
0.986557 0.0280038 0.161002 66.4422 -0.0266775 0.99959 -0.0103945 -4.53213 -0.161227 0.00595956 0.986899 146.323 
0.98718 0.0251338 0.157619 66.5575 -0.0252756 0.99968 -0.00110581 -4.54992 -0.157596 -0.00289236 0.987499 147.131 
0.987627 0.0318579 0.153549 66.6523 -0.0324571 0.999472 0.0013959 -4.56359 -0.153424 -0.00636246 0.98814 147.934 
0.988262 0.0345396 0.148812 66.7538 -0.0344291 0.999402 -0.00332019 -4.57741 -0.148837 -0.0018423 0.98886 148.738 
0.989407 0.0349134 0.140906 66.8578 -0.0333368 0.999352 -0.0135351 -4.59137 -0.141287 0.00869432 0.98993 149.532 
0.990387 0.0316507 0.134658 66.9526 -0.029356 0.999388 -0.0189941 -4.60285 -0.135176 0.0148584 0.99071 150.335 
0.991338 0.0305856 0.127723 67.0451 -0.0284947 0.999429 -0.0181672 -4.61748 -0.128206 0.0143704 0.991643 151.146 
0.992083 0.037207 0.119946 67.124 -0.0356979 0.999254 -0.0147073 -4.64213 -0.120404 0.010309 0.992671 151.96 
0.992767 0.0426326 0.112231 67.187 -0.0410713 0.999025 -0.0161887 -4.66511 -0.112812 0.011462 0.99355 152.77 
0.993756 0.045187 0.102013 67.2524 -0.0431355 0.998822 -0.0222297 -4.68332 -0.102897 0.0176904 0.994535 153.577 
0.994676 0.0437963 0.0932789 67.3192 -0.0416876 0.998832 -0.0244383 -4.70557 -0.0942401 0.0204196 0.99534 154.393 
0.995383 0.0438572 0.08538 67.3731 -0.0421252 0.99887 -0.0219849 -4.72653 -0.0862476 0.0182866 0.996106 155.213 
0.995904 0.0465404 0.0775135 67.4166 -0.0455332 0.998854 -0.0147137 -4.75425 -0.0781094 0.0111239 0.996883 156.036 
0.996374 0.0495485 0.0691688 67.454 -0.0490579 0.998757 -0.0087756 -4.77704 -0.0695176 0.00535042 0.997566 156.86 
0.99692 0.0485439 0.0616018 67.4906 -0.0483043 0.998818 -0.00537543 -4.79346 -0.0617898 0.00238316 0.998086 157.685 
0.997249 0.0493934 0.0552663 67.5204 -0.049282 0.998779 -0.00337877 -4.80469 -0.0553656 0.000645765 0.998466 158.51 
0.997528 0.0483191 0.0510278 67.551 -0.048118 0.998828 -0.00516399 -4.82192 -0.0512175 0.00269578 0.998684 159.331 
0.997518 0.0530161 0.0463425 67.5708 -0.0525747 0.99856 -0.0106934 -4.83834 -0.0468426 0.00823035 0.998868 160.147 
0.997361 0.0589543 0.0423683 67.5859 -0.0582598 0.998149 -0.0174458 -4.85621 -0.0433183 0.0149313 0.99895 160.961 
0.997427 0.0600391 0.0391666 67.6022 -0.059299 0.998044 -0.0197951 -4.87272 -0.0402784 0.0174215 0.999037 161.782 
0.99741 0.0622284 0.0360591 67.6192 -0.0617689 0.997996 -0.0137236 -4.89283 -0.0368408 0.0114607 0.999255 162.61 
0.997321 0.0646086 0.034301 67.6257 -0.0645274 0.99791 -0.00347479 -4.9081 -0.0344537 0.00125205 0.999405 163.447 
0.997372 0.0654567 0.0310554 67.6381 -0.0656178 0.997836 0.00419387 -4.92709 -0.0307136 -0.00622072 0.999509 164.279 
0.997746 0.0619688 0.0257371 67.6495 -0.0620144 0.998075 0.000970703 -4.93962 -0.0256273 -0.00256467 0.999668 165.102 
0.998567 0.0497321 0.0197406 67.6703 -0.0495698 0.998733 -0.00863226 -4.95208 -0.0201448 0.00764127 0.999768 165.909 
0.99882 0.047062 0.0120161 67.6809 -0.0468985 0.998808 -0.0135562 -4.95637 -0.0126397 0.0129766 0.999836 166.731 
0.998693 0.0508495 0.00521793 67.6658 -0.0507825 0.998634 -0.0122641 -4.97196 -0.00583435 0.011983 0.999911 167.568 
0.998802 0.0488895 -0.00213269 67.6501 -0.0489016 0.998786 -0.00598024 -4.99135 0.00183781 0.00607728 0.99998 168.404 
0.999012 0.0433744 -0.00966276 67.6354 -0.0434006 0.999055 -0.00250144 -5.00025 0.00954522 0.00291825 0.99995 169.243 
0.999279 0.0347227 -0.0153347 67.6159 -0.034697 0.999396 0.00194331 -5.01177 0.015393 -0.00140993 0.99988 170.087 
0.999303 0.0303623 -0.0217152 67.5898 -0.0303264 0.999538 0.00198836 -5.02285 0.0217656 -0.00132851 0.999762 170.923 
0.999244 0.0269685 -0.027995 67.5504 -0.0271171 0.99962 -0.00493991 -5.03666 0.0278512 0.00569524 0.999596 171.757 
0.999212 0.0176723 -0.035547 67.5165 -0.0182138 0.999722 -0.0149643 -5.0499 0.0352727 0.0155998 0.999256 172.583 
0.999085 0.00746064 -0.0420996 67.4851 -0.00826863 0.999784 -0.019049 -5.06213 0.0419485 0.0193796 0.998932 173.423 
0.998766 0.0110602 -0.0484196 67.4293 -0.011648 0.999862 -0.0118727 -5.07642 0.0482817 0.012422 0.998756 174.261 
0.998313 0.0217316 -0.0538452 67.3632 -0.0216894 0.999764 0.0013698 -5.09324 0.0538623 -0.000199703 0.998548 175.104 
0.997927 0.0266257 -0.0585913 67.2934 -0.0261288 0.999616 0.00923096 -5.10827 0.0588146 -0.00768098 0.998239 175.956 
0.997711 0.0267928 -0.0620809 67.2224 -0.0264682 0.999631 0.00604708 -5.11512 0.0622201 -0.00439016 0.998053 176.793 
0.997546 0.0278088 -0.0642574 67.1573 -0.0281817 0.999591 -0.00490211 -5.1216 0.0640949 0.00670087 0.997921 177.616 
0.997002 0.0385974 -0.0670579 67.0696 -0.0396352 0.999113 -0.0142128 -5.1324 0.0664499 0.0168279 0.997648 178.449 
0.996901 0.036693 -0.069588 67.0009 -0.0380173 0.999118 -0.0178012 -5.14961 0.0688736 0.0203915 0.997417 179.288 
0.996893 0.0313828 -0.0722455 66.9446 -0.0323841 0.999394 -0.0127293 -5.17059 0.0718023 0.0150293 0.997306 180.143 
0.996995 0.0317059 -0.0706818 66.8514 -0.0320446 0.99948 -0.00366186 -5.18846 0.0705291 0.00591574 0.997492 181.008 
0.996956 0.0338666 -0.0702191 66.7701 -0.0338031 0.999426 0.00209444 -5.2084 0.0702498 0.000285477 0.997529 181.861 
0.996831 0.0342474 -0.071804 66.6938 -0.0342381 0.999413 0.0013609 -5.22373 0.0718086 0.00110177 0.997418 182.715 
0.996741 0.0303758 -0.0747349 66.6302 -0.0310381 0.999488 -0.00771605 -5.23856 0.0744624 0.0100104 0.997173 183.56 
0.996827 0.0197356 -0.0771141 66.5684 -0.021266 0.999592 -0.0190737 -5.25572 0.0767063 0.020653 0.99684 184.407 
0.996827 0.00925515 -0.0790617 66.5032 -0.0111035 0.999674 -0.0229704 -5.27734 0.0788235 0.0237752 0.996605 185.26 
0.996715 0.0117255 -0.0801337 66.4229 -0.0132714 0.999735 -0.0187854 -5.29475 0.0798924 0.0197871 0.996607 186.115 
0.996547 0.0174693 -0.0811699 66.3328 -0.0181828 0.999802 -0.00805869 -5.31912 0.0810131 0.00950667 0.996668 186.973 
0.996369 0.0185387 -0.0830936 66.2535 -0.018958 0.999811 -0.00425843 -5.34496 0.0829991 0.00581817 0.996533 187.822 
0.996325 0.0172048 -0.0839076 66.1719 -0.0179686 0.999804 -0.00835527 -5.35859 0.0837474 0.00983218 0.996438 188.67 
0.996286 0.0166566 -0.0844745 66.0983 -0.0179689 0.999729 -0.0147985 -5.37069 0.0842052 0.0162613 0.996316 189.503 
0.996124 0.0233302 -0.0848103 66.0058 -0.0247179 0.999577 -0.0153487 -5.38985 0.0844164 0.0173855 0.996279 190.335 
0.996016 0.0264618 -0.0851536 65.9171 -0.0276001 0.999544 -0.0122163 -5.41297 0.0847916 0.0145178 0.996293 191.173 
0.995837 0.0305534 -0.0858789 65.8295 -0.0314576 0.999463 -0.00919395 -5.43499 0.085552 0.0118571 0.996263 192.007 
0.995698 0.0341984 -0.0861092 65.7459 -0.0348659 0.999372 -0.00625918 -5.4547 0.0858412 0.00923445 0.996266 192.833 
