1 -4.23778e-08 4.22719e-08 0 -4.23778e-08 1 -4.19404e-08 0 4.22719e-08 -4.19404e-08 1 0 
0.999072 -0.000713821 0.0430688 0.0656114 0.000815143 0.999997 -0.00233704 -0.0338123 -0.0430669 0.00236989 0.999069 1.04827 
0.996071 -0.00556323 0.0883857 0.139801 0.00623672 0.999953 -0.0073465 -0.0526749 -0.0883407 0.00786879 0.996059 2.08311 
0.991098 -0.00500191 0.13304 0.293493 0.00651695 0.999919 -0.0109555 -0.0826412 -0.132974 0.0117249 0.99105 3.14356 
0.98389 -0.00222622 0.178763 0.480651 0.00464131 0.999903 -0.0130935 -0.104917 -0.178716 0.0137122 0.983805 4.17763 
0.974656 -0.0049956 0.223651 0.802192 0.00805698 0.999886 -0.0127781 -0.161224 -0.223562 0.0142562 0.974585 5.26667 
0.963116 -0.0057894 0.269024 1.06547 0.00993023 0.999852 -0.0140341 -0.190638 -0.268903 0.0161879 0.963031 6.27245 
0.949918 -0.00901173 0.312368 1.38629 0.0149672 0.999749 -0.0166736 -0.222854 -0.312139 0.0205137 0.949815 7.2288 
0.93499 -0.0112514 0.354497 1.7497 0.0189963 0.999651 -0.0183751 -0.255308 -0.354166 0.0239146 0.934877 8.16705 
0.917975 -0.0109999 0.396486 2.16772 0.0201076 0.999621 -0.0188221 -0.306753 -0.396128 0.0252505 0.917848 9.08097 
0.89853 -0.0116443 0.438757 2.62781 0.02159 0.99961 -0.0176853 -0.336602 -0.43838 0.0253635 0.898432 10.0542 
0.87686 -0.0112426 0.480614 3.09459 0.0217053 0.999633 -0.016217 -0.382962 -0.480256 0.0246518 0.876782 10.9192 
0.852864 -0.0112129 0.522013 3.62364 0.0224728 0.999631 -0.0152439 -0.404134 -0.52165 0.024732 0.852801 11.8311 
0.827201 -0.0114334 0.56179 4.16783 0.0238928 0.999604 -0.0148372 -0.435743 -0.561398 0.0256961 0.827147 12.674 
0.800364 -0.0133869 0.599364 4.84461 0.0274811 0.999519 -0.0143728 -0.461197 -0.598884 0.0279746 0.800347 13.5041 
0.771531 -0.0119897 0.636078 5.4628 0.0279194 0.999497 -0.0150251 -0.487985 -0.635578 0.0293512 0.771478 14.2997 
0.740924 -0.0151665 0.671418 6.14218 0.032587 0.999379 -0.0133859 -0.516449 -0.670798 0.0317974 0.740958 15.0789 
0.708794 -0.0142898 0.70527 6.84558 0.0326788 0.999386 -0.0125931 -0.546269 -0.704658 0.0319733 0.708827 15.8054 
0.674675 -0.0129186 0.738002 7.58411 0.0338462 0.999336 -0.0134489 -0.571466 -0.737338 0.0340522 0.674665 16.503 
0.639579 -0.0144475 0.768589 8.35988 0.0382718 0.999182 -0.0130658 -0.607117 -0.767772 0.0377719 0.639609 17.1048 
0.602798 -0.01253 0.797795 9.14465 0.0380936 0.999188 -0.0130898 -0.633479 -0.796984 0.0382814 0.602786 17.7252 
0.56477 -0.0114177 0.825169 9.96076 0.0408411 0.999066 -0.014129 -0.661987 -0.824237 0.0416804 0.564709 18.3056 
0.525655 -0.00989677 0.85064 10.8377 0.0457275 0.998815 -0.0166368 -0.68052 -0.849468 0.0476429 0.525485 18.8742 
0.486658 -0.00865326 0.87355 11.7769 0.0472427 0.998748 -0.0164257 -0.693064 -0.872314 0.0492625 0.486458 19.418 
0.44827 -0.0104535 0.893837 12.7477 0.0520966 0.998537 -0.0144492 -0.723933 -0.892379 0.053043 0.448159 19.9024 
0.411366 -0.0113568 0.9114 13.6719 0.0559907 0.998349 -0.0128316 -0.750936 -0.909749 0.0563084 0.411322 20.3142 
0.376951 -0.00914441 0.926188 14.6631 0.0577727 0.998236 -0.0136574 -0.759563 -0.92443 0.0586565 0.376815 20.6741 
0.34419 -0.00987034 0.938848 15.6537 0.0588542 0.998205 -0.0110822 -0.772202 -0.937054 0.0590695 0.344153 21.0273 
0.31095 -0.0116165 0.950355 16.6272 0.0607441 0.998124 -0.00767473 -0.797578 -0.948483 0.0601149 0.311072 21.3396 
0.27824 -0.0118169 0.960439 17.6829 0.0619108 0.998066 -0.00565589 -0.818236 -0.958514 0.0610352 0.278433 21.6569 
0.246128 -0.00900495 0.969196 18.6804 0.0601695 0.99817 -0.006006 -0.826517 -0.967368 0.0597942 0.246219 21.9355 
0.215945 -0.00744954 0.976377 19.7419 0.0609936 0.998121 -0.00587459 -0.826374 -0.974498 0.0608213 0.215994 22.1542 
0.185664 -0.00750487 0.982585 20.7679 0.0630538 0.998001 -0.00429181 -0.849295 -0.980588 0.0627526 0.185766 22.3433 
0.155452 -0.00825027 0.987809 21.82 0.065571 0.997846 -0.00198493 -0.870358 -0.985665 0.0650802 0.155658 22.5131 
0.125427 -0.00889421 0.992063 22.864 0.0639373 0.997953 0.000863291 -0.878712 -0.99004 0.0633216 0.125739 22.6536 
0.0959854 -0.0090965 0.995341 24.0541 0.0646451 0.997904 0.0028858 -0.883879 -0.993281 0.0640669 0.0963723 22.8136 
0.068549 -0.00874642 0.997609 25.2442 0.0671399 0.997735 0.00413404 -0.877971 -0.995386 0.066696 0.068981 22.9304 
0.0435079 -0.0084997 0.999017 26.4001 0.0712127 0.997447 0.00538489 -0.879032 -0.996512 0.0709084 0.0440021 22.9857 
0.0212691 -0.00784157 0.999743 27.5931 0.0760141 0.997087 0.00620349 -0.871649 -0.99688 0.0758626 0.0218032 23.0232 
0.000884365 -0.0078801 0.999968 28.8419 0.0819333 0.996607 0.00778107 -0.858759 -0.996637 0.0819238 0.001527 23.0385 
-0.0169653 -0.00883839 0.999817 30.0051 0.0864007 0.996207 0.0102725 -0.863634 -0.996116 0.0865592 -0.0161373 23.0191 
-0.032581 -0.00874109 0.999431 31.3344 0.089614 0.995909 0.0116316 -0.856213 -0.995443 0.089942 -0.0316643 22.9924 
-0.0481349 -0.0093859 0.998797 32.5357 0.0907737 0.995777 0.0137321 -0.852372 -0.994708 0.0913254 -0.0470796 22.9662 
-0.0615668 -0.0104884 0.998048 33.718 0.0907118 0.995748 0.0160599 -0.848451 -0.993972 0.0915235 -0.0603536 22.9067 
-0.0745511 -0.0106426 0.99716 34.9423 0.0904022 0.995753 0.0173863 -0.837018 -0.993111 0.0914416 -0.0732724 22.8445 
-0.0865331 -0.00795121 0.996217 36.2656 0.0899382 0.995823 0.0157602 -0.837444 -0.992181 0.0909618 -0.0854565 22.7863 
-0.0967167 -0.00473306 0.995301 37.5378 0.0908253 0.995774 0.013561 -0.832069 -0.991159 0.0917101 -0.0958782 22.6746 
-0.1064 -0.00265653 0.99432 38.8385 0.0920238 0.995678 0.0125073 -0.840876 -0.990056 0.0928318 -0.105696 22.563 
-0.113519 -0.00160308 0.993534 40.1468 0.0926163 0.995627 0.0121886 -0.823906 -0.989209 0.0934012 -0.112875 22.4254 
-0.119246 -0.00103455 0.992864 41.5091 0.0925524 0.995634 0.0121532 -0.826932 -0.988541 0.0933412 -0.11863 22.26 
-0.12431 0.000293937 0.992243 42.9021 0.0941038 0.995496 0.0114946 -0.826491 -0.987771 0.0948028 -0.123778 22.0912 
-0.129007 0.00189327 0.991642 44.3089 0.0925613 0.995655 0.0101406 -0.807338 -0.987314 0.0930959 -0.128621 21.9166 
-0.133225 0.00277877 0.991082 45.6881 0.0934356 0.995577 0.00976851 -0.795717 -0.986672 0.0939037 -0.132895 21.7622 
-0.136363 0.00173494 0.990657 47.1662 0.0925123 0.995651 0.0109904 -0.782247 -0.98633 0.0931467 -0.13593 21.5536 
-0.138721 -0.000498252 0.990331 48.5926 0.0937264 0.995505 0.0136296 -0.789032 -0.985886 0.0947109 -0.138051 21.3718 
-0.141137 -0.00134489 0.989989 50.0245 0.094008 0.995462 0.0147544 -0.764043 -0.985517 0.0951493 -0.14037 21.1931 
-0.142895 -0.000790311 0.989737 51.5074 0.0977237 0.995102 0.0149036 -0.770006 -0.984901 0.0988505 -0.142118 20.9566 
-0.144669 -0.00116729 0.989479 52.9399 0.097544 0.995111 0.0154354 -0.766015 -0.98466 0.0987508 -0.143848 20.7987 
-0.145441 0.000238448 0.989367 54.38 0.099346 0.994949 0.0143644 -0.748669 -0.984366 0.100379 -0.14473 20.602 
-0.145459 0.000264804 0.989364 55.9053 0.0986195 0.995023 0.0142329 -0.733092 -0.984437 0.0996409 -0.144761 20.4048 
-0.145323 0.00154844 0.989383 57.4418 0.0985644 0.995047 0.01292 -0.708885 -0.984462 0.0993955 -0.144756 20.2127 
-0.144191 0.00130612 0.989549 58.9783 0.0989674 0.995004 0.0131075 -0.700704 -0.984588 0.0998231 -0.1436 19.9945 
-0.142801 0.000493405 0.989751 60.537 0.0983653 0.995056 0.013696 -0.68157 -0.984851 0.099313 -0.142144 19.8033 
-0.142244 0.00116126 0.989831 62.1539 0.099638 0.994937 0.0131512 -0.67084 -0.984804 0.100495 -0.141639 19.6187 
-0.141546 0.00153381 0.98993 63.7324 0.0991943 0.994988 0.0126416 -0.664129 -0.984949 0.0999848 -0.140989 19.42 
-0.140709 0.00150488 0.99005 65.372 0.100652 0.994839 0.0127927 -0.686046 -0.984921 0.10145 -0.140134 19.2199 
-0.139644 0.00146084 0.990201 67.0336 0.100638 0.994842 0.0127248 -0.664898 -0.985074 0.101428 -0.139071 18.9904 
-0.139262 -0.000306428 0.990255 68.7263 0.101793 0.994698 0.0146231 -0.659736 -0.98501 0.102837 -0.138493 18.783 
-0.138279 -0.00225865 0.990391 70.4355 0.104199 0.994414 0.016816 -0.644385 -0.984897 0.105523 -0.137271 18.5561 
-0.137525 -0.00115332 0.990498 72.1646 0.105336 0.994311 0.015783 -0.625529 -0.984881 0.106506 -0.136621 18.3294 
-0.137197 0.000284429 0.990544 73.7801 0.107739 0.994071 0.0146371 -0.63776 -0.984667 0.108729 -0.136415 18.1402 
-0.136855 -0.000472968 0.990591 75.4406 0.106643 0.994181 0.0152079 -0.644314 -0.984834 0.107721 -0.136009 17.9602 
-0.136647 -0.000633048 0.99062 77.1585 0.10689 0.994152 0.0153797 -0.633221 -0.984836 0.107989 -0.13578 17.7502 
-0.136323 -0.00195975 0.990662 78.9164 0.106928 0.994127 0.0166807 -0.621786 -0.984877 0.108204 -0.135313 17.5129 
-0.135479 -0.00161396 0.990779 80.6683 0.109399 0.99386 0.0165782 -0.601207 -0.984722 0.110636 -0.134471 17.2821 
-0.135419 -0.00165712 0.990787 82.442 0.110175 0.993772 0.0167206 -0.575849 -0.984644 0.111424 -0.134393 17.0559 
-0.135141 -0.000739119 0.990826 84.2028 0.110914 0.993703 0.015869 -0.557986 -0.984599 0.112041 -0.134208 16.8309 
-0.135178 0.000141783 0.990821 86.0201 0.11122 0.993682 0.0150315 -0.540629 -0.984559 0.112231 -0.13434 16.5786 
-0.135975 0.000870608 0.990712 87.8405 0.110709 0.99375 0.0143215 -0.531167 -0.984507 0.111628 -0.135222 16.3606 
-0.137345 0.00117555 0.990523 89.6497 0.109539 0.993884 0.014009 -0.52149 -0.984448 0.110425 -0.136633 16.1379 
-0.138536 0.000216486 0.990357 91.4389 0.108861 0.993944 0.0150106 -0.518043 -0.984356 0.10989 -0.137721 15.925 
-0.139632 -0.000301613 0.990203 93.1968 0.109017 0.993916 0.0156755 -0.512617 -0.984184 0.110138 -0.138749 15.6897 
-0.140274 -0.00179411 0.990111 94.9616 0.10684 0.994132 0.0169379 -0.527836 -0.984331 0.10816 -0.139259 15.4726 
-0.143746 -0.00132541 0.989614 96.6965 0.107337 0.994079 0.0169225 -0.533545 -0.983776 0.108655 -0.142752 15.3084 
-0.146327 -0.000623418 0.989236 98.5658 0.106457 0.994182 0.0163735 -0.519564 -0.983491 0.107707 -0.145409 15.063 
-0.150647 -0.000189329 0.988588 100.392 0.106795 0.994145 0.0164644 -0.523608 -0.982802 0.108057 -0.149744 14.8142 
-0.154855 -0.0012152 0.987936 102.222 0.105137 0.9943 0.0177026 -0.512152 -0.982327 0.10661 -0.153844 14.5378 
-0.159449 -0.00169307 0.987205 104.133 0.104084 0.994396 0.0185164 -0.486866 -0.981704 0.105704 -0.158379 14.2597 
-0.163821 -0.000893344 0.98649 106.033 0.102894 0.99453 0.0179877 -0.467256 -0.981109 0.104451 -0.162833 13.965 
-0.168451 0.00095338 0.98571 107.937 0.103815 0.994455 0.0167793 -0.442329 -0.980228 0.105158 -0.167616 13.6658 
-0.172767 0.00268305 0.984959 109.886 0.103162 0.994545 0.015386 -0.423936 -0.979545 0.104269 -0.172101 13.3329 
-0.17768 0.00278275 0.984084 111.816 0.101809 0.994682 0.0155692 -0.411232 -0.978808 0.102955 -0.177019 12.9919 
-0.182635 0.00232501 0.983178 113.746 0.099722 0.994884 0.0161716 -0.393733 -0.97811 0.100998 -0.181933 12.6829 
-0.188051 0.00171912 0.982158 115.716 0.0987247 0.994967 0.0171609 -0.374196 -0.977185 0.10019 -0.187274 12.3377 
-0.193448 0.00131158 0.98111 117.69 0.0978555 0.995038 0.0179642 -0.350384 -0.976218 0.0994822 -0.192617 11.9741 
-0.198569 0.00135188 0.980086 119.661 0.0989666 0.994915 0.0186786 -0.33335 -0.975077 0.100705 -0.197693 11.5983 
-0.20525 0.00238571 0.978707 121.624 0.0993904 0.994878 0.0184185 -0.323587 -0.97365 0.101054 -0.204435 11.2247 
-0.210649 0.00343915 0.977556 123.601 0.0990045 0.994927 0.0178337 -0.301539 -0.972535 0.100539 -0.209921 10.8293 
-0.215856 0.00354666 0.976419 125.578 0.100388 0.994775 0.0185793 -0.276851 -0.971251 0.102032 -0.215084 10.412 
-0.221204 0.0038258 0.97522 127.575 0.0996691 0.994845 0.0187045 -0.25298 -0.970121 0.101337 -0.220445 9.98225 
-0.226612 0.0043128 0.973976 129.582 0.0990655 0.994906 0.0186437 -0.239839 -0.968934 0.100712 -0.225884 9.55153 
-0.231551 0.00501231 0.97281 131.57 0.0986505 0.994953 0.0183546 -0.214187 -0.967808 0.100218 -0.230877 9.10459 
-0.236425 0.00456464 0.971639 133.58 0.0991051 0.994887 0.0194409 -0.182967 -0.966582 0.100891 -0.235668 8.65707 
-0.240324 0.00517827 0.970679 135.614 0.102513 0.994529 0.0200749 -0.152404 -0.965264 0.104331 -0.23954 8.17174 
-0.243172 0.00639109 0.969962 137.653 0.104352 0.994347 0.0196094 -0.109482 -0.964354 0.105985 -0.242464 7.66018 
-0.246395 0.00683422 0.969145 139.697 0.104583 0.994323 0.0195772 -0.087879 -0.96351 0.10618 -0.245711 7.16976 
-0.249118 0.00644759 0.968452 141.708 0.10384 0.994391 0.0200907 -0.0647448 -0.96289 0.105569 -0.24839 6.65908 
-0.253286 0.00689277 0.967367 143.846 0.101329 0.994663 0.0194436 -0.0402729 -0.96207 0.102947 -0.252633 6.13767 
-0.257585 0.00745172 0.966227 145.87 0.0997193 0.994836 0.0189116 -0.0186185 -0.961096 0.101223 -0.256998 5.62363 
-0.261392 0.00704895 0.965207 147.872 0.0993824 0.994855 0.0196486 -0.00307097 -0.960103 0.101061 -0.260748 5.10026 
-0.266676 0.0075289 0.963757 149.914 0.099293 0.994863 0.0197028 0.0151892 -0.958658 0.100949 -0.266053 4.62156 
-0.271165 0.00786517 0.962501 151.95 0.0982332 0.994971 0.0195446 0.0294224 -0.957507 0.0998494 -0.270574 4.07709 
-0.274776 0.00776943 0.961477 153.86 0.0979857 0.994987 0.0199626 0.0519191 -0.956502 0.0996963 -0.27416 3.50656 
-0.279137 0.00711027 0.960225 155.843 0.0979973 0.994962 0.0211202 0.0595814 -0.955238 0.0999949 -0.278427 2.9705 
-0.283064 0.00706388 0.959075 157.883 0.098604 0.994888 0.0217745 0.0738513 -0.954019 0.100732 -0.282314 2.39454 
-0.287403 0.0074844 0.95778 159.905 0.100029 0.994736 0.0222425 0.0794561 -0.952572 0.102198 -0.286639 1.83979 
-0.290789 0.00885845 0.956746 161.907 0.100299 0.99473 0.0212743 0.10327 -0.951515 0.102147 -0.290145 1.25959 
-0.294262 0.0101146 0.955671 163.906 0.100856 0.994689 0.0205272 0.1042 -0.950388 0.102426 -0.29372 0.679384 
-0.298398 0.0106123 0.954382 165.676 0.100765 0.9947 0.0204446 0.106243 -0.949107 0.102269 -0.297886 0.242956 
-0.30165 0.0113283 0.953351 167.718 0.100651 0.99472 0.020027 0.114318 -0.948091 0.101997 -0.301198 -0.368332 
-0.305289 0.0109141 0.952197 169.797 0.100584 0.99471 0.0208473 0.128788 -0.946933 0.10214 -0.304772 -0.993287 
-0.309021 0.0114009 0.950987 171.879 0.100952 0.994672 0.0208796 0.161906 -0.945682 0.102457 -0.308525 -1.65378 
-0.312932 0.0120888 0.949698 173.923 0.10301 0.994452 0.021284 0.1709 -0.944173 0.104489 -0.312442 -2.28832 
-0.316321 0.0122936 0.948573 175.952 0.10449 0.994283 0.0219584 0.194587 -0.94288 0.106063 -0.315797 -2.92168 
-0.319079 0.0116392 0.947656 178.076 0.105218 0.994178 0.0232165 0.211862 -0.941869 0.107118 -0.318446 -3.59495 
-0.322007 0.0113058 0.94667 180.193 0.104839 0.994205 0.0237873 0.232966 -0.940914 0.106908 -0.321327 -4.28403 
-0.325 0.0116681 0.945642 182.274 0.102697 0.994446 0.0230247 0.263569 -0.940121 0.104597 -0.324394 -4.95955 
-0.327931 0.0131813 0.94461 184.291 0.101499 0.994606 0.0213573 0.269235 -0.939233 0.10288 -0.3275 -5.63506 
-0.33086 0.0150316 0.94356 186.462 0.101087 0.994684 0.0196 0.292294 -0.93825 0.101866 -0.330621 -6.3659 
-0.334005 0.0156796 0.942441 188.554 0.0991339 0.994901 0.018581 0.304273 -0.937344 0.099634 -0.333856 -7.08407 
-0.337345 0.0165593 0.941235 190.68 0.0978625 0.995045 0.0175685 0.318906 -0.93628 0.0980383 -0.337294 -7.79575 
-0.341411 0.01681 0.939764 192.822 0.098832 0.994939 0.0181081 0.336968 -0.934704 0.0990611 -0.341344 -8.53427 
-0.345403 0.0161994 0.938314 194.948 0.0982787 0.994977 0.0189998 0.358093 -0.933294 0.098779 -0.345261 -9.26321 
-0.349129 0.0154227 0.936948 197.055 0.0975802 0.995027 0.019982 0.372117 -0.93198 0.0984039 -0.348898 -10.0036 
-0.353365 0.0149201 0.935366 199.12 0.0971589 0.995051 0.0208327 0.380726 -0.930426 0.0982407 -0.353066 -10.7425 
-0.356611 0.0150319 0.934132 201.275 0.0960776 0.995159 0.0206643 0.402582 -0.9293 0.0971183 -0.356329 -11.5501 
-0.360526 0.015579 0.932619 203.427 0.0953079 0.995242 0.0202184 0.424056 -0.927867 0.0961752 -0.360296 -12.3284 
-0.363736 0.0161871 0.931361 205.561 0.0948983 0.995291 0.0197636 0.43762 -0.926655 0.0955733 -0.363559 -13.1245 
-0.366179 0.0169153 0.930391 207.687 0.0956817 0.99522 0.019564 0.452401 -0.925612 0.0961852 -0.366047 -13.9424 
-0.368506 0.0168188 0.929473 209.793 0.0975884 0.995012 0.0206859 0.460841 -0.924489 0.0983287 -0.36831 -14.75 
-0.371507 0.0158462 0.928295 211.88 0.0975101 0.99499 0.0220391 0.479072 -0.923295 0.0987058 -0.371191 -15.5413 
-0.374288 0.0160313 0.927174 213.902 0.0978192 0.994955 0.022285 0.469506 -0.922139 0.0990364 -0.373968 -16.2937 
-0.376863 0.0169627 0.926113 215.981 0.0978215 0.99497 0.0215825 0.481739 -0.921089 0.0987275 -0.376627 -17.1145 
-0.379313 0.0165872 0.92512 217.988 0.0971109 0.995031 0.0219762 0.468131 -0.920158 0.098175 -0.379039 -17.9034 
-0.383008 0.0172975 0.923583 220.088 0.0954974 0.995209 0.0209636 0.476367 -0.918795 0.096229 -0.382825 -18.7115 
-0.386353 0.0184293 0.922167 222.151 0.0954617 0.99523 0.0201053 0.48299 -0.917398 0.0957993 -0.386269 -19.5085 
-0.388606 0.0179984 0.921228 224.115 0.0931178 0.995457 0.0198316 0.472518 -0.916687 0.0934895 -0.388517 -20.2849 
-0.392378 0.0181746 0.919625 226.139 0.0931219 0.995453 0.0200592 0.453429 -0.915078 0.093508 -0.392286 -21.0782 
-0.395059 0.0174536 0.91849 228.248 0.0948264 0.995253 0.0218742 0.442559 -0.913748 0.0957388 -0.394839 -21.933 
-0.398009 0.0168381 0.917227 230.275 0.0958392 0.995124 0.023319 0.462735 -0.912362 0.0971875 -0.397682 -22.7593 
-0.401076 0.0163822 0.915898 232.246 0.0945911 0.995236 0.0236205 0.477865 -0.911148 0.0961095 -0.400715 -23.5859 
-0.403769 0.01578 0.914725 234.21 0.0923894 0.995443 0.0236091 0.470146 -0.910184 0.0940435 -0.403387 -24.456 
-0.407775 0.0153109 0.912954 236.346 0.0906739 0.995596 0.023803 0.496328 -0.908569 0.0924874 -0.407367 -25.3561 
-0.411386 0.0147272 0.911342 238.488 0.0895991 0.99568 0.0243555 0.518484 -0.907047 0.091675 -0.410928 -26.2377 
-0.415337 0.0146723 0.909549 240.571 0.0889465 0.995734 0.024554 0.527999 -0.905309 0.0910994 -0.41487 -27.124 
-0.419244 0.0140659 0.907765 242.469 0.0881996 0.995781 0.0253045 0.527468 -0.903579 0.0906733 -0.418716 -27.9712 
-0.423591 0.0131431 0.905758 244.392 0.0873959 0.995823 0.026422 0.5098 -0.901628 0.0903517 -0.422971 -28.7729 
-0.426946 0.0130773 0.904182 246.432 0.0870633 0.995845 0.0267074 0.536207 -0.900076 0.0901237 -0.426311 -29.7018 
-0.430547 0.0141913 0.902457 248.64 0.0874178 0.995831 0.0260458 0.581479 -0.898325 0.0901048 -0.429992 -30.7313 
-0.434334 0.014854 0.900629 250.819 0.0875321 0.995828 0.0257888 0.620064 -0.896489 0.0900349 -0.433822 -31.7369 
-0.437943 0.0146163 0.898884 252.938 0.0871396 0.99585 0.026262 0.648474 -0.894769 0.0898296 -0.437399 -32.7306 
-0.441509 0.0154271 0.897124 255.019 0.0860442 0.995972 0.0252186 0.694372 -0.893122 0.0883266 -0.441058 -33.6925 
-0.445197 0.0152336 0.895303 257.093 0.0862677 0.995934 0.0259515 0.712674 -0.891267 0.0887893 -0.444701 -34.6865 
-0.448486 0.0161676 0.893644 259.292 0.0876741 0.99581 0.0259843 0.752274 -0.889479 0.090003 -0.448024 -35.7597 
-0.451978 0.0171913 0.891863 261.456 0.0889047 0.995704 0.0258622 0.779206 -0.887588 0.09098 -0.451565 -36.8102 
-0.455227 0.0196178 0.890159 263.512 0.0909972 0.995547 0.0245955 0.815167 -0.885713 0.0921986 -0.454985 -37.8149 
-0.45817 0.0201702 0.888635 265.603 0.092204 0.995428 0.0249451 0.839494 -0.884069 0.0933649 -0.457935 -38.8377 
-0.461365 0.0225859 0.886923 267.666 0.0939119 0.995303 0.0235057 0.886858 -0.882226 0.0941373 -0.461319 -39.8216 
-0.463823 0.0252733 0.885567 269.833 0.095496 0.995195 0.0216147 0.930409 -0.880766 0.0945936 -0.464007 -40.9185 
-0.466692 0.0257238 0.884045 271.877 0.0968554 0.995051 0.0221766 0.935544 -0.8791 0.0959742 -0.466874 -41.928 
-0.469508 0.0269328 0.882517 273.993 0.0978213 0.994968 0.0216773 0.963423 -0.877492 0.0965067 -0.46978 -43.0108 
-0.472388 0.0266383 0.880988 276.107 0.0966624 0.99508 0.0217425 1.00036 -0.876074 0.0954294 -0.472639 -44.1555 
-0.47626 0.027473 0.878875 278.261 0.0970086 0.995052 0.021464 1.0119 -0.873937 0.0954809 -0.476568 -45.2595 
-0.480328 0.0281389 0.876637 280.391 0.0975313 0.995 0.0215012 1.0065 -0.871649 0.0958273 -0.480671 -46.2621 
-0.483732 0.0272612 0.874792 282.487 0.0947491 0.995272 0.0213774 1.02685 -0.870072 0.0932266 -0.484027 -47.3293 
-0.485897 0.0282375 0.87356 284.686 0.0964007 0.995111 0.0214539 1.07183 -0.868683 0.0946362 -0.486244 -48.5032 
-0.488701 0.0284979 0.871986 286.74 0.0981682 0.994915 0.0225025 1.08994 -0.866911 0.0965983 -0.489013 -49.5351 
-0.491612 0.0289015 0.870335 288.849 0.100352 0.994671 0.0236537 1.09525 -0.865013 0.0989682 -0.491892 -50.6167 
-0.493629 0.0290595 0.869187 291.103 0.100442 0.994658 0.0237888 1.13473 -0.863853 0.0990461 -0.493911 -51.7943 
-0.495623 0.0279029 0.868089 293.234 0.0998036 0.994693 0.0250091 1.159 -0.862784 0.0990336 -0.495778 -52.9902 
-0.497769 0.0273413 0.866879 295.527 0.100673 0.994568 0.0264387 1.17649 -0.861447 0.100432 -0.497817 -54.2667 
-0.500983 0.0272066 0.865029 297.671 0.101945 0.994402 0.0277661 1.18183 -0.859432 0.102096 -0.500952 -55.3486 
-0.502661 0.0283574 0.864018 299.892 0.100989 0.994545 0.026111 1.2496 -0.858564 0.100381 -0.502783 -56.5869 
-0.505218 0.030679 0.862446 302.012 0.101102 0.99459 0.0238453 1.27881 -0.857049 0.099242 -0.505586 -57.7703 
-0.50804 0.0330798 0.860698 304.089 0.102542 0.994478 0.0223053 1.24889 -0.855208 0.0995895 -0.508627 -58.8756 
-0.512024 0.0318444 0.85838 306.245 0.100162 0.994709 0.0228447 1.30761 -0.853111 0.0976742 -0.512505 -60.1311 
-0.515738 0.0304245 0.856206 308.405 0.0980991 0.994893 0.0237375 1.36488 -0.851111 0.0962354 -0.516089 -61.4281 
-0.51944 0.0289983 0.854015 310.559 0.0960319 0.995074 0.0246217 1.42439 -0.849093 0.0948022 -0.519666 -62.7342 
-0.52313 0.0275659 0.851807 312.708 0.0939607 0.995249 0.0254971 1.48612 -0.847058 0.0933747 -0.523235 -64.0493 
-0.527042 0.0289041 0.849347 314.921 0.0962714 0.995019 0.0258773 1.52829 -0.844369 0.0954063 -0.527199 -65.3848 
-0.53146 0.031844 0.846484 317.154 0.101138 0.99453 0.0260858 1.58968 -0.841024 0.0994757 -0.531774 -66.6856 
-0.535849 0.0348051 0.843596 319.38 0.106002 0.994017 0.0263206 1.65125 -0.837633 0.103527 -0.536332 -67.9983 
-0.539954 0.0329631 0.841048 321.63 0.105369 0.994019 0.0286886 1.69373 -0.835073 0.104111 -0.540198 -69.3833 
-0.54401 0.0311001 0.838502 323.845 0.103113 0.994216 0.0300226 1.7408 -0.832719 0.102793 -0.54407 -70.7594 
-0.547985 0.0299957 0.83595 326.042 0.100774 0.994445 0.0303765 1.7749 -0.830396 0.100888 -0.547964 -72.1581 
-0.552143 0.0296783 0.833221 328.257 0.0998846 0.994523 0.0307659 1.82321 -0.827745 0.100213 -0.552083 -73.562 
-0.555656 0.0294066 0.830892 330.435 0.100098 0.994471 0.0317445 1.88361 -0.825365 0.10081 -0.555527 -75.0004 
-0.55951 0.0292308 0.828308 332.684 0.101551 0.994266 0.0335088 1.90879 -0.822579 0.102864 -0.55927 -76.4957 
-0.562998 0.0277105 0.825994 334.838 0.0992333 0.994474 0.0342747 1.9557 -0.820479 0.101263 -0.562636 -77.9201 
-0.566687 0.0279411 0.823459 337.059 0.09886 0.99451 0.0342883 2.0481 -0.81798 0.100838 -0.566339 -79.3789 
-0.570366 0.0281698 0.820907 339.273 0.0984867 0.994547 0.0343001 2.14055 -0.815465 0.100412 -0.57003 -80.8476 
-0.574033 0.0283965 0.81834 341.481 0.0981133 0.994584 0.0343103 2.23304 -0.812933 0.0999853 -0.57371 -82.3262 
-0.577688 0.0286214 0.815755 343.682 0.0977399 0.99462 0.0343188 2.32558 -0.810384 0.0995575 -0.577378 -83.8147 
-0.580822 0.027591 0.813562 345.822 0.0942279 0.994986 0.0335278 2.37513 -0.808558 0.096134 -0.58051 -85.3062 
-0.583177 0.0250061 0.81196 348.045 0.0917228 0.995161 0.0352302 2.44471 -0.80715 0.0950207 -0.582649 -86.8621 
-0.586489 0.0246815 0.809581 350.237 0.0920725 0.995088 0.0363635 2.51736 -0.804707 0.095867 -0.585881 -88.3918 
-0.589691 0.0253404 0.807231 352.28 0.0924461 0.995056 0.0362963 2.57452 -0.80232 0.096029 -0.589118 -89.7714 
-0.593075 0.0246489 0.80477 354.457 0.0902654 0.995265 0.0360375 2.65349 -0.800071 0.0940159 -0.592492 -91.3263 
-0.596508 0.0207949 0.802338 356.619 0.0874982 0.995391 0.0392531 2.72337 -0.797823 0.0936179 -0.595578 -92.8622 
-0.599515 0.0190708 0.800136 358.729 0.0858136 0.995485 0.0405703 2.80218 -0.79575 0.0929851 -0.598444 -94.3846 
-0.603163 0.0171795 0.797432 360.831 0.0835077 0.995634 0.0417142 2.85762 -0.793234 0.0917522 -0.601964 -95.9039 
-0.606338 0.0167055 0.795031 362.978 0.0817922 0.995787 0.0414557 2.93738 -0.790989 0.0901636 -0.60515 -97.4785 
-0.608332 0.0162864 0.793515 365.122 0.0816734 0.995766 0.0421757 3.01671 -0.789469 0.090466 -0.607087 -99.0793 
-0.610222 0.0160728 0.792067 367.259 0.0816882 0.995742 0.0427281 3.09766 -0.788008 0.0907762 -0.608936 -100.705 
-0.611497 0.0159803 0.791085 369.389 0.0833942 0.995529 0.0443522 3.16595 -0.78684 0.0930932 -0.610096 -102.357 
-0.613478 0.0124075 0.789614 371.593 0.0735483 0.996428 0.0414849 3.25731 -0.786279 0.0835249 -0.6122 -104.045 
-0.616921 0.0159675 0.786863 373.538 0.0667858 0.99725 0.0321249 3.3635 -0.784186 0.0723698 -0.616291 -105.505 
-0.620024 0.0194917 0.78434 375.332 0.0602053 0.997926 0.022793 3.49148 -0.782269 0.0613537 -0.619912 -106.96 
-0.621068 0.0204563 0.783489 377.398 0.0679151 0.997304 0.0277971 3.50788 -0.780808 0.0704747 -0.620783 -108.551 
-0.622952 0.0108612 0.782185 379.459 0.0668973 0.99698 0.0394349 3.54579 -0.779395 0.0768921 -0.621797 -110.154 
-0.624168 -8.80565e-05 0.78129 381.54 0.0605605 0.996986 0.0484936 3.62587 -0.77894 0.0775835 -0.622281 -111.923 
-0.627485 -0.00573881 0.778607 383.664 0.0546722 0.99718 0.0514105 3.76734 -0.776707 0.0748275 -0.625402 -113.566 
-0.630174 -0.00596928 0.776431 385.772 0.0538073 0.997231 0.0513384 3.86976 -0.774587 0.0741298 -0.628108 -115.202 
-0.633577 -0.000834655 0.773679 387.708 0.0584417 0.997091 0.0489344 3.95438 -0.771469 0.0762189 -0.631685 -116.596 
-0.637369 0.00426147 0.770547 389.679 0.0624685 0.996979 0.046158 4.0871 -0.768022 0.0775546 -0.63571 -117.917 
-0.63998 0.00698776 0.76836 391.799 0.0631215 0.997057 0.0435073 4.16772 -0.765794 0.0763438 -0.638538 -119.621 
-0.642271 0.0102241 0.766409 393.876 0.064587 0.997077 0.0408243 4.23028 -0.763751 0.0757203 -0.641054 -121.309 
-0.644818 0.0102183 0.764268 395.846 0.0662949 0.99689 0.0426049 4.28601 -0.761456 0.0781395 -0.64349 -122.856 
-0.647003 0.010337 0.762417 397.938 0.0676844 0.996739 0.0439243 4.39764 -0.759477 0.080023 -0.645593 -124.573 
-0.648481 0.00998632 0.761165 400.031 0.0667813 0.996805 0.0438169 4.49365 -0.758296 0.0792461 -0.647076 -126.312 
-0.649868 0.00940733 0.759989 402.223 0.0648841 0.99696 0.0431418 4.59102 -0.757272 0.0773477 -0.648503 -128.154 
-0.651252 0.00882487 0.75881 404.412 0.0629878 0.99711 0.0424632 4.68649 -0.756243 0.07545 -0.649926 -129.999 
-0.652633 0.00823895 0.757629 406.598 0.0610925 0.997257 0.041781 4.78005 -0.755207 0.0735531 -0.651346 -131.848 
-0.654011 0.00764958 0.756447 408.781 0.0591981 0.9974 0.0410953 4.87168 -0.754166 0.071657 -0.652763 -133.702 
-0.655761 0.00697241 0.754936 410.565 0.0610206 0.997175 0.0437946 4.8889 -0.752498 0.0747855 -0.654334 -135.184 
-0.657456 0.00584495 0.75347 412.304 0.0626948 0.996927 0.0469721 4.89408 -0.75088 0.0781208 -0.655802 -136.648 
-0.659221 0.00591241 0.751926 413.881 0.0580099 0.997389 0.0430153 4.98806 -0.749709 0.0719758 -0.657842 -137.953 
-0.660966 0.00457292 0.750401 415.456 0.0548656 0.9976 0.0422471 4.9982 -0.748407 0.0690952 -0.659631 -139.285 
-0.662266 0.00330762 0.749261 416.748 0.0517463 0.997804 0.0413333 5.01071 -0.747479 0.0661452 -0.660984 -140.432 
-0.66301 0.00247217 0.748606 418.694 0.0501433 0.997895 0.0411144 5.06828 -0.746929 0.0647969 -0.661739 -142.08 
-0.66423 0.00113743 0.747527 420.524 0.04697 0.998086 0.0402174 5.13567 -0.746051 0.0618249 -0.663012 -143.586 
-0.664423 0.000790084 0.747356 422.525 0.0459103 0.998154 0.0397605 5.2094 -0.745945 0.0607292 -0.663233 -145.335 
-0.663699 -0.000804854 0.747999 424.427 0.0462696 0.99804 0.0421288 5.27197 -0.746567 0.0625705 -0.662361 -147.051 
-0.663472 -0.00153176 0.748199 426.417 0.0495224 0.997715 0.045957 5.35143 -0.74656 0.0675438 -0.66188 -148.794 
-0.662589 -0.0032331 0.748976 428.528 0.0533968 0.997242 0.0515428 5.44932 -0.747077 0.0741447 -0.660589 -150.629 
-0.661631 -0.00347747 0.749821 430.555 0.0575117 0.996808 0.0553703 5.57066 -0.747621 0.0797582 -0.659319 -152.371 
-0.661026 -0.00575767 0.750341 432.579 0.0524238 0.997173 0.0538353 5.67054 -0.74853 0.0749223 -0.658855 -153.99 
-0.660446 -0.00685835 0.750842 434.613 0.0441315 0.997875 0.0479332 5.78318 -0.749575 0.0647931 -0.65874 -155.697 
-0.65868 -0.00951642 0.752362 436.511 0.0387945 0.99816 0.0465893 5.85341 -0.751422 0.059875 -0.6571 -157.334 
-0.655774 -0.00984609 0.754893 438.528 0.0370271 0.998292 0.045186 5.94596 -0.754049 0.0575833 -0.654289 -159.052 
-0.652023 -0.00890955 0.758147 440.521 0.0401878 0.998119 0.046292 6.0289 -0.757133 0.0606517 -0.650439 -160.809 
-0.648317 -0.00930503 0.761314 442.549 0.0404214 0.998094 0.0466208 6.11433 -0.760297 0.0609984 -0.646705 -162.518 
-0.64527 -0.00847987 0.763907 444.614 0.0381444 0.998333 0.0433025 6.20827 -0.763002 0.0570806 -0.643871 -164.229 
-0.643318 -0.0134793 0.76548 446.706 0.0312517 0.998549 0.0438476 6.28892 -0.764961 0.0521306 -0.641963 -165.955 
-0.642328 -0.0200454 0.766168 448.773 0.0220733 0.998759 0.0446362 6.37266 -0.766112 0.0455829 -0.641088 -167.642 
-0.641915 -0.0232459 0.766423 450.841 0.0150883 0.998964 0.042936 6.4604 -0.766627 0.0391253 -0.640899 -169.299 
-0.640821 -0.0240223 0.767314 452.718 0.0133172 0.999012 0.0423979 6.51922 -0.767574 0.037388 -0.639868 -170.853 
-0.639817 -0.0239573 0.768153 454.722 0.015134 0.998927 0.0437601 6.61017 -0.768378 0.0396237 -0.638768 -172.41 
-0.637605 -0.0248186 0.769963 456.81 0.0175304 0.998755 0.0467103 6.70054 -0.770164 0.0432805 -0.636376 -174.151 
-0.637255 -0.0272572 0.770171 458.748 0.0155447 0.998716 0.0482076 6.78854 -0.770497 0.0426927 -0.636013 -175.666 
-0.636605 -0.0276176 0.770695 460.693 0.0131714 0.998823 0.0466722 6.85756 -0.771077 0.0398629 -0.635493 -177.247 
-0.635051 -0.0258148 0.772038 462.739 0.0132378 0.998931 0.0442903 6.98076 -0.772357 0.0383467 -0.634031 -178.999 
-0.634209 -0.0240268 0.772788 464.83 0.0141961 0.998987 0.0427099 7.07443 -0.773031 0.0380576 -0.633225 -180.666 
-0.632683 -0.023713 0.774048 466.94 0.0167931 0.998876 0.0443267 7.15975 -0.774229 0.0410434 -0.631573 -182.376 
-0.630938 -0.0235523 0.775475 469.064 0.0184174 0.998803 0.0453196 7.26804 -0.775614 0.0428761 -0.629749 -184.099 
-0.630303 -0.023678 0.775988 471.147 0.0185864 0.998788 0.0455733 7.36044 -0.776126 0.0431478 -0.629099 -185.759 
-0.629609 -0.0245044 0.776525 472.789 0.0176041 0.998796 0.0457919 7.43191 -0.776713 0.0425011 -0.62842 -186.893 
-0.629262 -0.023755 0.77683 474.53 0.0186414 0.998784 0.0456423 7.55462 -0.77697 0.0432022 -0.628054 -188.018 
-0.628574 -0.0250113 0.777348 476.3 0.0176917 0.998764 0.0464411 7.59924 -0.777549 0.0429443 -0.627355 -189.265 
-0.627699 -0.0249351 0.778056 478.525 0.0161564 0.998854 0.0450455 7.7115 -0.778288 0.0408456 -0.626577 -191 
-0.626543 -0.0235649 0.77903 480.569 0.0162116 0.998932 0.043255 7.79614 -0.779218 0.0397304 -0.625492 -192.617 
-0.626035 -0.0241386 0.779421 482.658 0.0161616 0.998904 0.043917 7.88328 -0.779628 0.0400903 -0.624959 -194.233 
-0.62581 -0.0262644 0.779533 484.709 0.0134593 0.99892 0.0444611 7.9547 -0.77986 0.0383162 -0.62478 -195.808 
-0.625052 -0.0281439 0.780075 486.684 0.0101655 0.998971 0.0441867 8.05202 -0.780517 0.0355489 -0.624123 -197.368 
-0.624828 -0.029274 0.780213 488.536 0.0092705 0.998948 0.0449051 8.08622 -0.780707 0.035291 -0.6239 -198.868 
-0.625057 -0.0285121 0.780058 489.956 0.0109266 0.998915 0.045267 8.06457 -0.780502 0.0368179 -0.624068 -200.081 
-0.624129 -0.0279542 0.780821 491.707 0.0135377 0.998823 0.0465799 8.05513 -0.781204 0.0396424 -0.623016 -201.544 
-0.623625 -0.0294745 0.781168 493.062 0.0129292 0.998763 0.0480062 8.13418 -0.781617 0.0400378 -0.622472 -202.594 
-0.622747 -0.0302974 0.781836 494.389 0.0119528 0.998765 0.0482243 8.30715 -0.782332 0.0393767 -0.621616 -203.511 
-0.621867 -0.0311197 0.782504 495.718 0.0109765 0.998766 0.0484434 8.48059 -0.783046 0.0387146 -0.620758 -204.427 
-0.620986 -0.0319411 0.78317 497.047 0.0100006 0.998765 0.0486636 8.65448 -0.783757 0.0380516 -0.6199 -205.342 
-0.620104 -0.0327619 0.783835 498.377 0.00902482 0.998764 0.0488848 8.82884 -0.784468 0.0373877 -0.619042 -206.256 
-0.619006 -0.0320525 0.784732 500.109 0.0101258 0.998758 0.0487818 8.89609 -0.785321 0.0381423 -0.617913 -207.552 
-0.618332 -0.0327013 0.785236 502.206 0.00939978 0.998755 0.0489951 8.98978 -0.785861 0.0376763 -0.617255 -209.171 
-0.6188 -0.0323263 0.784883 504.194 0.00948859 0.998772 0.0486163 9.08368 -0.785491 0.0375312 -0.617734 -210.585 
-0.619381 -0.0321926 0.78443 506.405 0.00937386 0.998784 0.048391 9.22878 -0.785035 0.0373256 -0.618326 -212.056 
-0.618989 -0.0331265 0.784701 508.331 0.00897495 0.998746 0.0492421 9.28828 -0.785349 0.037523 -0.617915 -213.576 
-0.61768 -0.0342412 0.785683 510.22 0.00761152 0.998745 0.0495106 9.37882 -0.786392 0.036562 -0.616644 -215.064 
-0.616801 -0.0354206 0.786321 512.487 0.00814183 0.998646 0.0513714 9.5019 -0.787077 0.0380881 -0.615678 -216.793 
-0.616042 -0.0340624 0.786977 514.963 0.00888266 0.998701 0.0501796 9.66475 -0.787663 0.0379032 -0.614939 -218.595 
-0.614667 -0.0328621 0.788102 517.544 0.009265 0.998762 0.0488721 9.85137 -0.788733 0.0373418 -0.613601 -220.474 
-0.613289 -0.0316607 0.789224 520.128 0.00964506 0.998822 0.0475639 10.0338 -0.7898 0.0367826 -0.612261 -222.349 
-0.612453 -0.0322252 0.78985 522.22 0.00915831 0.998812 0.047852 10.1913 -0.790454 0.0365408 -0.611431 -223.997 
-0.612135 -0.0329991 0.790064 523.851 0.00858246 0.998793 0.0483668 10.2072 -0.790706 0.0363877 -0.611113 -225.247 
-0.612493 -0.0326938 0.7898 525.858 0.00850767 0.998814 0.0479436 10.2926 -0.79043 0.0360845 -0.611488 -226.791 
-0.612252 -0.033567 0.78995 527.849 0.00890095 0.998742 0.0493378 10.3789 -0.790612 0.0372385 -0.611183 -228.344 
-0.612646 -0.0345638 0.789601 529.907 0.00931141 0.998658 0.0509396 10.4798 -0.790302 0.0385602 -0.611502 -229.883 
-0.612738 -0.0358013 0.789474 531.737 0.00829475 0.998627 0.0517237 10.5351 -0.790242 0.0382416 -0.6116 -231.326 
-0.612461 -0.0383569 0.789569 533.212 0.00658463 0.99854 0.0536161 10.5099 -0.790473 0.0380368 -0.611314 -232.576 
-0.61218 -0.0409122 0.78966 534.686 0.00487518 0.998446 0.0555088 10.4884 -0.790704 0.0378311 -0.611029 -233.825 
-0.611893 -0.0434671 0.789745 536.162 0.0031664 0.998346 0.0574017 10.4703 -0.790934 0.0376244 -0.610744 -235.074 
-0.610631 -0.0454293 0.790611 537.196 0.00363154 0.998182 0.0601612 10.5456 -0.791907 0.0396075 -0.609356 -236.183 
-0.608231 -0.0475086 0.792337 538.069 0.00471843 0.997973 0.0634606 10.5892 -0.793746 0.0423373 -0.606774 -237.231 
-0.605827 -0.0495958 0.794049 538.944 0.00581531 0.997752 0.0667558 10.6375 -0.795575 0.0450601 -0.604177 -238.276 
-0.60342 -0.0516909 0.795746 539.823 0.00692214 0.99752 0.0700469 10.6906 -0.797393 0.047776 -0.601566 -239.318 
-0.60101 -0.0537937 0.797429 540.705 0.0080389 0.997275 0.0733338 10.7483 -0.799201 0.0504848 -0.59894 -240.358 
-0.598596 -0.0559042 0.799098 541.589 0.00916557 0.997018 0.0766163 10.8108 -0.800998 0.0531865 -0.596299 -241.395 
-0.59618 -0.0580224 0.800752 542.477 0.0103021 0.99675 0.0798945 10.878 -0.802785 0.055881 -0.593644 -242.429 
-0.59376 -0.0601482 0.802391 543.368 0.0114486 0.99647 0.0831683 10.9499 -0.804561 0.0585682 -0.590975 -243.46 
-0.591337 -0.0622817 0.804016 544.261 0.0126048 0.996177 0.0864376 11.0265 -0.806326 0.0612482 -0.588291 -244.488 
-0.591724 -0.0623497 0.803725 545.168 0.0126578 0.996163 0.0865972 11.0871 -0.806041 0.0614151 -0.588665 -245.132 
-0.592079 -0.0632221 0.803396 546.706 0.0130398 0.996036 0.0879915 11.1843 -0.805774 0.0625741 -0.588908 -246.179 
-0.592034 -0.0645803 0.803322 548.19 0.0114899 0.996006 0.0885383 11.2871 -0.805831 0.0616477 -0.588927 -247.207 
-0.59066 -0.0664025 0.804184 549.929 0.00977538 0.995946 0.0894164 11.3965 -0.806862 0.0606759 -0.587616 -248.568 
-0.588523 -0.0678379 0.805629 551.777 0.00640527 0.996051 0.0885514 11.5115 -0.808455 0.0572748 -0.585764 -250.003 
-0.586628 -0.0665109 0.80712 553.907 0.00822595 0.996081 0.0880609 11.7189 -0.809814 0.0582984 -0.583782 -251.582 
-0.586388 -0.065893 0.807346 556.133 0.00874742 0.996113 0.0876529 11.9287 -0.809983 0.0584608 -0.583532 -253.117 
-0.587228 -0.0669209 0.80665 557.861 0.00954412 0.995935 0.0895721 11.9868 -0.809365 0.0602981 -0.584202 -254.088 
-0.58653 -0.0683317 0.80704 559.465 0.00899734 0.995823 0.0908548 12.1308 -0.809878 0.0605503 -0.583465 -255.264 
-0.585984 -0.0674748 0.807508 560.968 0.00911415 0.995915 0.0898318 12.2063 -0.810271 0.0599998 -0.582976 -256.434 
-0.585836 -0.0682578 0.80755 562.657 0.00757755 0.995942 0.0896785 12.3369 -0.810394 0.0586562 -0.582941 -257.439 
-0.584316 -0.0681707 0.808658 564.782 0.00749354 0.99597 0.0893759 12.5478 -0.811491 0.0582835 -0.58145 -259.017 
-0.582538 -0.0678533 0.809966 566.836 0.00851532 0.995945 0.0895576 12.7002 -0.812759 0.0590678 -0.579598 -260.577 
-0.58228 -0.0679225 0.810146 568.996 0.00856738 0.995936 0.0896567 12.9093 -0.812943 0.0591461 -0.579331 -262.082 
-0.58195 -0.0683377 0.810348 571.364 0.010557 0.995744 0.0915539 13.0977 -0.813156 0.0618346 -0.578752 -263.726 
-0.580781 -0.0691415 0.811118 573.49 0.00890022 0.995788 0.0912559 13.3094 -0.814011 0.0602189 -0.57772 -265.186 
-0.579202 -0.0706257 0.812119 575.659 0.00449958 0.995948 0.0898213 13.5451 -0.815171 0.0556789 -0.576537 -266.646 
-0.579188 -0.0710135 0.812095 577.698 0.00512721 0.995861 0.0907396 13.7135 -0.815178 0.0567191 -0.576427 -268.033 
-0.579324 -0.0722217 0.811891 579.495 0.00523532 0.995717 0.0923094 13.8541 -0.815081 0.0577276 -0.576464 -269.344 
-0.579735 -0.0736178 0.811473 581.015 0.00400274 0.995641 0.0931853 14.0007 -0.814795 0.0572709 -0.576913 -270.324 
-0.58177 -0.072584 0.810108 582.341 0.00253827 0.995843 0.0910482 14.1566 -0.81335 0.0550254 -0.579167 -270.759 
-0.582121 -0.0704143 0.810048 583.496 0.00361033 0.996009 0.0891737 14.2233 -0.813094 0.0548344 -0.579544 -271.533 
-0.583951 -0.0686763 0.808878 584.812 0.00400783 0.996159 0.0874703 14.3908 -0.811779 0.0543202 -0.581433 -272.009 
-0.585698 -0.0688742 0.807597 585.683 0.00334941 0.996169 0.0873852 14.4664 -0.810522 0.0538864 -0.583224 -272.377 
-0.586522 -0.069024 0.806987 586.573 7.5822e-05 0.996357 0.0852765 14.5584 -0.809933 0.0500778 -0.58438 -272.759 
-0.587344 -0.0691778 0.806375 587.464 -0.00319561 0.996531 0.0831633 14.649 -0.809331 0.0462686 -0.585528 -273.142 
-0.588166 -0.0693354 0.805763 588.353 -0.00646485 0.996689 0.0810454 14.7384 -0.808715 0.042459 -0.586667 -273.527 
-0.588985 -0.0694969 0.80515 589.243 -0.00973182 0.996833 0.078923 14.8264 -0.808085 0.038649 -0.587797 -273.912 
-0.589804 -0.0696623 0.804536 590.131 -0.0129965 0.996962 0.0767961 14.9131 -0.807442 0.0348386 -0.588918 -274.299 
-0.590621 -0.0698317 0.803922 591.02 -0.0162588 0.997076 0.0746648 14.9985 -0.806785 0.0310278 -0.59003 -274.687 
-0.591205 -0.0698287 0.803493 591.659 -0.0156451 0.99705 0.0751385 15.0651 -0.80637 0.0318515 -0.590553 -275.06 
-0.591663 -0.0696108 0.803174 592.135 -0.0127081 0.996947 0.0770434 15.0935 -0.806085 0.0353769 -0.590741 -275.367 
-0.592354 -0.069919 0.802638 592.854 -0.0132425 0.996938 0.0770716 15.1562 -0.805569 0.0350248 -0.591466 -275.741 
-0.592071 -0.069647 0.80287 593.347 -0.0128203 0.996946 0.0770283 15.2032 -0.805784 0.0353132 -0.591156 -276.117 
-0.591789 -0.069375 0.803102 593.841 -0.0123981 0.996955 0.0769848 15.2501 -0.805998 0.0356018 -0.590847 -276.494 
-0.592616 -0.0696313 0.80247 594.858 -0.0115573 0.996889 0.0779663 15.3353 -0.805402 0.0369297 -0.591577 -276.942 
-0.594122 -0.0699386 0.801329 595.752 -0.0120069 0.996873 0.0781031 15.4187 -0.804285 0.0367813 -0.593104 -277.322 
-0.596832 -0.0699132 0.799315 596.786 -0.0134352 0.996928 0.0771659 15.5273 -0.802254 0.0353161 -0.595937 -277.712 
-0.599534 -0.0698928 0.797291 597.817 -0.0148602 0.99698 0.0762236 15.6352 -0.800211 0.0338508 -0.598762 -278.105 
-0.599822 -0.0693887 0.797119 599.104 -0.0129672 0.996945 0.0770256 15.6891 -0.800028 0.0358653 -0.598889 -278.78 
-0.600082 -0.0693932 0.796923 600.555 -0.0100804 0.996807 0.0792078 15.664 -0.799875 0.0394979 -0.598866 -279.527 
