1 -4.23778e-08 4.22719e-08 0 -4.23778e-08 1 -4.19404e-08 0 4.22719e-08 -4.19404e-08 1 0 
0.999072 -0.000713821 0.0430688 0.0656114 0.000815143 0.999997 -0.00233704 -0.0338123 -0.0430669 0.00236989 0.999069 1.04827 
0.996071 -0.00556323 0.0883857 0.139801 0.00623672 0.999953 -0.0073465 -0.0526749 -0.0883407 0.00786879 0.996059 2.08311 
0.991098 -0.00500191 0.13304 0.293493 0.00651695 0.999919 -0.0109555 -0.0826412 -0.132974 0.0117249 0.99105 3.14356 
0.98389 -0.00222622 0.178763 0.480651 0.00464131 0.999903 -0.0130935 -0.104917 -0.178716 0.0137122 0.983805 4.17763 
0.974656 -0.0049956 0.223651 0.802192 0.00805698 0.999886 -0.0127781 -0.161224 -0.223562 0.0142562 0.974585 5.26667 
0.963116 -0.0057894 0.269024 1.06547 0.00993023 0.999852 -0.0140341 -0.190638 -0.268903 0.0161879 0.963031 6.27245 
0.949918 -0.00901173 0.312368 1.38629 0.0149672 0.999749 -0.0166736 -0.222854 -0.312139 0.0205137 0.949815 7.2288 
0.93499 -0.0112514 0.354497 1.7497 0.0189963 0.999651 -0.0183751 -0.255308 -0.354166 0.0239146 0.934877 8.16705 
0.917975 -0.0109999 0.396486 2.16772 0.0201076 0.999621 -0.0188221 -0.306753 -0.396128 0.0252505 0.917848 9.08097 
0.89853 -0.0116443 0.438757 2.62781 0.02159 0.99961 -0.0176853 -0.336602 -0.43838 0.0253635 0.898432 10.0542 
0.87686 -0.0112426 0.480614 3.09459 0.0217053 0.999633 -0.016217 -0.382962 -0.480256 0.0246518 0.876782 10.9192 
0.852864 -0.0112129 0.522013 3.62364 0.0224728 0.999631 -0.0152439 -0.404134 -0.52165 0.024732 0.852801 11.8311 
0.827201 -0.0114334 0.56179 4.16783 0.0238928 0.999604 -0.0148372 -0.435743 -0.561398 0.0256961 0.827147 12.674 
0.800364 -0.0133869 0.599364 4.84461 0.0274811 0.999519 -0.0143728 -0.461197 -0.598884 0.0279746 0.800347 13.5041 
0.771531 -0.0119897 0.636078 5.4628 0.0279194 0.999497 -0.0150251 -0.487985 -0.635578 0.0293512 0.771478 14.2997 
0.740924 -0.0151665 0.671418 6.14218 0.032587 0.999379 -0.0133859 -0.516449 -0.670798 0.0317974 0.740958 15.0789 
0.708794 -0.0142898 0.70527 6.84558 0.0326788 0.999386 -0.0125931 -0.546269 -0.704658 0.0319733 0.708827 15.8054 
0.674675 -0.0129186 0.738002 7.58411 0.0338462 0.999336 -0.0134489 -0.571466 -0.737338 0.0340522 0.674665 16.503 
0.639579 -0.0144475 0.768589 8.35988 0.0382718 0.999182 -0.0130658 -0.607117 -0.767772 0.0377719 0.639609 17.1048 
0.602798 -0.01253 0.797795 9.14465 0.0380936 0.999188 -0.0130898 -0.633479 -0.796984 0.0382814 0.602786 17.7252 
0.56477 -0.0114177 0.825169 9.96076 0.0408411 0.999066 -0.014129 -0.661987 -0.824237 0.0416804 0.564709 18.3056 
0.525655 -0.00989677 0.85064 10.8377 0.0457275 0.998815 -0.0166368 -0.68052 -0.849468 0.0476429 0.525485 18.8742 
0.486658 -0.00865326 0.87355 11.7769 0.0472427 0.998748 -0.0164257 -0.693064 -0.872314 0.0492625 0.486458 19.418 
0.44827 -0.0104535 0.893837 12.7477 0.0520966 0.998537 -0.0144492 -0.723933 -0.892379 0.053043 0.448159 19.9024 
0.411366 -0.0113568 0.9114 13.6719 0.0559907 0.998349 -0.0128316 -0.750936 -0.909749 0.0563084 0.411322 20.3142 
0.376951 -0.00914441 0.926188 14.6631 0.0577727 0.998236 -0.0136574 -0.759563 -0.92443 0.0586565 0.376815 20.6741 
0.34419 -0.00987034 0.938848 15.6537 0.0588542 0.998205 -0.0110822 -0.772202 -0.937054 0.0590695 0.344153 21.0273 
0.31095 -0.0116165 0.950355 16.6272 0.0607441 0.998124 -0.00767473 -0.797578 -0.948483 0.0601149 0.311072 21.3396 
0.27824 -0.0118169 0.960439 17.6829 0.0619108 0.998066 -0.00565589 -0.818236 -0.958514 0.0610352 0.278433 21.6569 
0.246128 -0.00900495 0.969196 18.6804 0.0601695 0.99817 -0.006006 -0.826517 -0.967368 0.0597942 0.246219 21.9355 
0.215945 -0.00744954 0.976377 19.7419 0.0609936 0.998121 -0.00587459 -0.826374 -0.974498 0.0608213 0.215994 22.1542 
0.185664 -0.00750487 0.982585 20.7679 0.0630538 0.998001 -0.00429181 -0.849295 -0.980588 0.0627526 0.185766 22.3433 
0.155452 -0.00825027 0.987809 21.82 0.065571 0.997846 -0.00198493 -0.870358 -0.985665 0.0650802 0.155658 22.5131 
0.125427 -0.00889421 0.992063 22.864 0.0639373 0.997953 0.000863291 -0.878712 -0.99004 0.0633216 0.125739 22.6536 
0.0959854 -0.0090965 0.995341 24.0541 0.0646451 0.997904 0.0028858 -0.883879 -0.993281 0.0640669 0.0963723 22.8136 
0.068549 -0.00874642 0.997609 25.2442 0.0671399 0.997735 0.00413404 -0.877971 -0.995386 0.066696 0.068981 22.9304 
0.0435079 -0.0084997 0.999017 26.4001 0.0712127 0.997447 0.00538489 -0.879032 -0.996512 0.0709084 0.0440021 22.9857 
0.0212691 -0.00784157 0.999743 27.5931 0.0760141 0.997087 0.00620349 -0.871649 -0.99688 0.0758626 0.0218032 23.0232 
0.000584492 -0.00800705 0.999968 28.7533 0.0816936 0.996626 0.00793246 -0.866394 -0.996657 0.0816864 0.00123664 23.0378 
-0.0172657 -0.00896394 0.999811 29.9164 0.0861585 0.996227 0.0104196 -0.871098 -0.996132 0.0863221 -0.0164282 23.0181 
-0.0328817 -0.00886562 0.99942 31.2458 0.0893696 0.995929 0.0117749 -0.863483 -0.995456 0.089705 -0.0319555 22.991 
-0.0484355 -0.00951 0.998781 32.447 0.0905271 0.995797 0.0138716 -0.859467 -0.994715 0.0910886 -0.047371 22.9644 
-0.0618672 -0.0106125 0.998028 33.6293 0.0904634 0.995768 0.0161961 -0.855382 -0.993976 0.091287 -0.0606454 22.9046 
-0.0748513 -0.0107667 0.997136 34.8536 0.090152 0.995774 0.0175192 -0.843779 -0.993111 0.0912052 -0.0735643 22.842 
-0.0868329 -0.00807543 0.99619 36.1769 0.0896865 0.995843 0.0158901 -0.844019 -0.992178 0.0907245 -0.0857477 22.7834 
-0.0970164 -0.00485706 0.995271 37.449 0.0905723 0.995796 0.0136883 -0.838478 -0.991153 0.091472 -0.0961686 22.6714 
-0.106699 -0.00278019 0.994287 38.7497 0.0917695 0.9957 0.0126321 -0.847116 -0.990047 0.0925931 -0.105985 22.5595 
-0.113819 -0.00172657 0.9935 40.0579 0.0923612 0.995649 0.0123115 -0.829982 -0.989199 0.0931621 -0.113164 22.4214 
-0.119545 -0.00115805 0.992828 41.4202 0.0922966 0.995656 0.0122746 -0.832842 -0.988529 0.093102 -0.118919 22.2557 
-0.12461 0.000170877 0.992206 42.8132 0.0938474 0.995519 0.0116146 -0.832231 -0.987758 0.0945632 -0.124067 22.0864 
-0.129305 0.0017697 0.991603 44.2199 0.0923043 0.995678 0.0102595 -0.812907 -0.987299 0.0928559 -0.12891 21.9114 
-0.133524 0.00265544 0.991042 45.5991 0.0931781 0.9956 0.00988621 -0.801115 -0.986656 0.0936635 -0.133184 21.7566 
-0.136661 0.00161138 0.990616 47.0771 0.0922544 0.995673 0.0111073 -0.787473 -0.986313 0.0929067 -0.136218 21.5476 
-0.13902 -0.00062134 0.990289 48.5035 0.0934683 0.995527 0.0137459 -0.794086 -0.985869 0.0944716 -0.13834 21.3654 
-0.141435 -0.00146785 0.989946 49.9353 0.0937496 0.995485 0.0148701 -0.768923 -0.985498 0.0949103 -0.140659 21.1863 
-0.143194 -0.000912145 0.989694 51.4181 0.0974652 0.995126 0.0150188 -0.77472 -0.984884 0.0986113 -0.142407 20.9494 
-0.144967 -0.00128915 0.989436 52.8506 0.0972853 0.995135 0.0155503 -0.77055 -0.984642 0.0985118 -0.144137 20.791 
-0.14574 0.000117078 0.989323 54.2907 0.0990872 0.994973 0.014479 -0.753034 -0.984348 0.100139 -0.145019 20.5939 
-0.145758 0.00014321 0.98932 55.8158 0.0983607 0.995047 0.0143475 -0.737274 -0.984418 0.0994015 -0.14505 20.3963 
-0.145622 0.00142678 0.989339 57.3523 0.0983056 0.995071 0.0130346 -0.712881 -0.984444 0.0991558 -0.145045 20.2037 
-0.14449 0.00118458 0.989506 58.8888 0.0987088 0.995028 0.0132224 -0.70452 -0.984571 0.0995834 -0.143888 19.985 
-0.1431 0.000371712 0.989708 60.4474 0.0981068 0.99508 0.0138113 -0.685197 -0.984834 0.0990735 -0.142432 19.7935 
-0.142543 0.00103992 0.989788 62.0643 0.0993796 0.994961 0.0132666 -0.674267 -0.984787 0.100256 -0.141928 19.6083 
-0.141845 0.00141232 0.989888 63.6427 0.098936 0.995012 0.0127572 -0.667365 -0.984932 0.0997451 -0.141277 19.4092 
-0.141008 0.00138384 0.990007 65.2823 0.100394 0.994864 0.0129085 -0.689084 -0.984905 0.101211 -0.140423 19.2087 
-0.139944 0.00133979 0.990158 66.9438 0.10038 0.994866 0.0128409 -0.66774 -0.985058 0.101189 -0.13936 18.9786 
-0.139562 -0.00042705 0.990213 68.6364 0.101535 0.994723 0.0147393 -0.662371 -0.984994 0.102598 -0.138782 18.7707 
-0.138579 -0.00237845 0.990349 70.3455 0.103941 0.994439 0.0169326 -0.646817 -0.984882 0.105284 -0.137561 18.5433 
-0.137825 -0.00127283 0.990456 72.0746 0.105079 0.994337 0.0158997 -0.627754 -0.984867 0.106267 -0.13691 18.3162 
-0.137498 0.000165601 0.990502 73.69 0.107482 0.994097 0.0147539 -0.639787 -0.984653 0.108489 -0.136704 18.1265 
-0.137155 -0.000592104 0.990549 75.3505 0.106386 0.994207 0.0153248 -0.646134 -0.98482 0.107482 -0.136298 17.946 
-0.136947 -0.000752102 0.990578 77.0683 0.106633 0.994178 0.0154967 -0.634832 -0.984822 0.10775 -0.13607 17.7355 
-0.136623 -0.00207874 0.990621 78.8262 0.106671 0.994152 0.0167978 -0.623189 -0.984863 0.107965 -0.135603 17.4977 
-0.13578 -0.0017322 0.990737 80.578 0.109142 0.993886 0.0166954 -0.6024 -0.984709 0.110398 -0.134761 17.2664 
-0.13572 -0.00177513 0.990746 82.3516 0.109917 0.993798 0.0168379 -0.576829 -0.984631 0.111185 -0.134683 17.0397 
-0.135441 -0.000856937 0.990785 84.1123 0.110657 0.99373 0.0159863 -0.558754 -0.984586 0.111802 -0.134497 16.8142 
-0.135479 2.40237e-05 0.99078 85.9295 0.110963 0.993709 0.0151488 -0.541184 -0.984547 0.111992 -0.134629 16.5614 
-0.136567 0.000668051 0.990631 87.6416 0.110392 0.993782 0.0145482 -0.536665 -0.984461 0.111344 -0.135791 16.3555 
-0.137935 0.000972275 0.990441 89.4507 0.109221 0.993915 0.0142351 -0.526568 -0.984401 0.110141 -0.137202 16.1319 
-0.139127 1.28856e-05 0.990274 91.2398 0.108542 0.993975 0.0152365 -0.522703 -0.984308 0.109606 -0.13829 15.9179 
-0.140222 -0.000505065 0.99012 92.9976 0.108698 0.993948 0.0159009 -0.516873 -0.984135 0.109854 -0.139319 15.6816 
-0.140864 -0.00199875 0.990027 94.7622 0.106522 0.994162 0.0171632 -0.531681 -0.984282 0.107877 -0.139828 15.4636 
-0.144336 -0.00152975 0.989528 96.497 0.107018 0.994109 0.0171467 -0.536973 -0.983725 0.108372 -0.143322 15.2983 
-0.146917 -0.000828328 0.989148 98.3662 0.106137 0.994213 0.0165968 -0.522561 -0.983438 0.107423 -0.145978 15.0518 
-0.151236 -0.000394029 0.988498 100.193 0.106474 0.994175 0.0166863 -0.526188 -0.982747 0.107773 -0.150313 14.802 
-0.155443 -0.00142077 0.987844 102.022 0.104814 0.99433 0.0179232 -0.51432 -0.982268 0.106326 -0.154413 14.5246 
-0.160037 -0.00189918 0.987109 103.933 0.10376 0.994426 0.0187355 -0.488603 -0.981642 0.105421 -0.158948 14.2453 
-0.164408 -0.0011002 0.986392 105.832 0.10257 0.994559 0.0182053 -0.468568 -0.981045 0.104167 -0.163401 13.9495 
-0.169038 0.000746942 0.985609 107.737 0.10349 0.994485 0.0169954 -0.443216 -0.980161 0.104873 -0.168183 13.6493 
-0.173353 0.00247608 0.984856 109.685 0.102836 0.994576 0.0156005 -0.424397 -0.979476 0.103983 -0.172668 13.3152 
-0.178266 0.002575 0.983979 111.616 0.101482 0.994712 0.0157822 -0.411273 -0.978735 0.102669 -0.177585 12.9731 
-0.18322 0.00211608 0.98307 113.545 0.0993935 0.994913 0.0163828 -0.393346 -0.978034 0.100712 -0.182498 12.663 
-0.188635 0.00150971 0.982046 115.515 0.0983951 0.994996 0.0173704 -0.373381 -0.977105 0.0999052 -0.18784 12.3167 
-0.194031 0.00110174 0.980995 117.488 0.0975248 0.995067 0.0181719 -0.349144 -0.976136 0.0991972 -0.193182 11.952 
-0.199152 0.00114278 0.979968 119.46 0.0986348 0.994944 0.0188845 -0.331689 -0.974992 0.10042 -0.198257 11.5751 
-0.205832 0.00217681 0.978585 121.422 0.0990572 0.994907 0.0186221 -0.321508 -0.973561 0.100769 -0.204999 11.2004 
-0.21123 0.00322995 0.977431 123.399 0.0986702 0.994957 0.0180355 -0.299043 -0.972443 0.100253 -0.210484 10.8038 
-0.216436 0.00333835 0.976291 125.376 0.100053 0.994805 0.0187793 -0.273945 -0.971156 0.101745 -0.215646 10.3854 
-0.221784 0.00361708 0.975089 127.372 0.0993327 0.994875 0.0189027 -0.249662 -0.970023 0.101051 -0.221007 9.95448 
-0.227191 0.0041037 0.973842 129.379 0.0987279 0.994936 0.0188399 -0.236107 -0.968833 0.100426 -0.226445 9.52261 
-0.23213 0.00480292 0.972673 131.367 0.0983119 0.994983 0.0185491 -0.21005 -0.967704 0.0999311 -0.231437 9.07453 
-0.237002 0.00435565 0.971499 133.376 0.0987656 0.994917 0.0196337 -0.17842 -0.966476 0.100604 -0.236228 8.62586 
-0.240902 0.00497134 0.970537 135.411 0.102172 0.99456 0.0202663 -0.147451 -0.965156 0.104044 -0.2401 8.13935 
-0.24375 0.00618515 0.969818 137.449 0.104011 0.994379 0.0197998 -0.104129 -0.964245 0.105698 -0.243023 7.62662 
-0.246972 0.0066284 0.969 139.493 0.104241 0.994355 0.0197665 -0.0821191 -0.963399 0.105892 -0.246269 7.13503 
-0.249695 0.0062414 0.968304 141.503 0.103498 0.994423 0.020279 -0.0585925 -0.962778 0.105281 -0.248948 6.62319 
-0.253862 0.00668501 0.967217 143.641 0.100986 0.994694 0.0196304 -0.0336971 -0.961954 0.102659 -0.25319 6.10056 
-0.25816 0.00724294 0.966075 145.665 0.0993757 0.994867 0.0190968 -0.0116475 -0.960978 0.100934 -0.257554 5.58535 
-0.261966 0.00684007 0.965053 147.666 0.0990381 0.994886 0.0198326 0.00428638 -0.959982 0.100772 -0.261304 5.06083 
-0.267249 0.00731995 0.9636 149.709 0.0989476 0.994894 0.0198848 0.0229566 -0.958534 0.10066 -0.266609 4.58097 
-0.271737 0.00765557 0.962341 151.744 0.097887 0.995002 0.019725 0.0375794 -0.95738 0.0995607 -0.271129 4.03533 
-0.275348 0.00755973 0.961315 153.653 0.0976388 0.995018 0.0201417 0.0604243 -0.956373 0.0994077 -0.274715 3.4637 
-0.279708 0.00690075 0.96006 155.637 0.0976496 0.994993 0.0212977 0.0684645 -0.955106 0.0997066 -0.278981 2.92651 
-0.283635 0.0068548 0.958908 157.676 0.0982556 0.994919 0.0219507 0.083116 -0.953885 0.100444 -0.282867 2.34938 
-0.287973 0.0072762 0.957611 159.697 0.0996794 0.994767 0.022417 0.0891036 -0.952437 0.10191 -0.287191 1.79348 
-0.291359 0.00865022 0.956575 161.699 0.0999494 0.994761 0.0214476 0.113287 -0.951378 0.101858 -0.290697 1.21213 
-0.294825 0.00990098 0.9555 163.697 0.100495 0.994722 0.0207009 0.114428 -0.950252 0.102126 -0.294264 0.631181 
-0.29896 0.0103987 0.954209 165.467 0.100403 0.994733 0.0206167 0.116825 -0.948969 0.101969 -0.29843 0.193755 
-0.302212 0.0111145 0.953176 167.508 0.100288 0.994753 0.0201978 0.125276 -0.947951 0.101696 -0.301741 -0.418686 
-0.30585 0.0107004 0.95202 169.587 0.100221 0.994743 0.0210168 0.140128 -0.94679 0.10184 -0.305314 -1.04482 
-0.309581 0.0111873 0.950807 171.668 0.100589 0.994705 0.0210476 0.173618 -0.945538 0.102156 -0.309068 -1.7065 
-0.313492 0.0118764 0.949516 173.712 0.102646 0.994487 0.0214505 0.182982 -0.944027 0.104188 -0.312983 -2.34219 
-0.316811 0.0120818 0.948412 175.731 0.104304 0.994298 0.0221759 0.205924 -0.942736 0.105949 -0.316265 -2.98369 
-0.319569 0.0114279 0.947494 177.855 0.105031 0.994193 0.0234335 0.22369 -0.941724 0.107005 -0.318914 -3.658 
-0.322497 0.0110944 0.946505 179.971 0.104652 0.994219 0.0240037 0.245281 -0.940767 0.106795 -0.321794 -4.34813 
-0.325489 0.0114555 0.945476 182.052 0.102509 0.99446 0.0232405 0.276363 -0.939973 0.104484 -0.32486 -5.02467 
-0.328419 0.0129679 0.944443 184.069 0.10131 0.994621 0.0215725 0.282491 -0.939083 0.102766 -0.327966 -5.70117 
-0.331347 0.0148176 0.943392 186.239 0.100897 0.994699 0.0198146 0.306047 -0.938098 0.101751 -0.331086 -6.43308 
-0.334491 0.0154645 0.942272 188.331 0.0989439 0.994915 0.0187949 0.318503 -0.93719 0.0995188 -0.33432 -7.15228 
-0.337831 0.0163434 0.941065 190.457 0.0976717 0.99506 0.0177818 0.333623 -0.936125 0.0979226 -0.337758 -7.865 
-0.341896 0.0165946 0.939591 192.598 0.0986403 0.994954 0.0183205 0.352173 -0.934547 0.0989453 -0.341808 -8.60458 
-0.345888 0.0159838 0.93814 194.724 0.0980861 0.994992 0.0192114 0.373784 -0.933135 0.0986635 -0.345723 -9.33456 
-0.349612 0.0152069 0.936771 196.831 0.0973867 0.995042 0.0201928 0.388286 -0.931819 0.0982887 -0.34936 -10.076 
-0.353848 0.0147043 0.935187 198.895 0.0969644 0.995065 0.0210427 0.397364 -0.930263 0.0981258 -0.353527 -10.8159 
-0.357093 0.0148154 0.933951 201.05 0.0958824 0.995174 0.0208736 0.419703 -0.929135 0.0970033 -0.35679 -11.6245 
-0.361007 0.0153621 0.932437 203.202 0.0951118 0.995257 0.0204268 0.441665 -0.9277 0.09606 -0.360756 -12.4039 
-0.364216 0.0159698 0.931178 205.335 0.0947015 0.995305 0.0199713 0.455709 -0.926487 0.0954578 -0.364018 -13.201 
-0.366659 0.0166984 0.930206 207.461 0.0954843 0.995234 0.0197712 0.470965 -0.925443 0.0960693 -0.366506 -14.0201 
-0.368986 0.016603 0.929287 209.566 0.0973906 0.995027 0.0208927 0.479877 -0.924318 0.0982129 -0.368768 -14.8287 
-0.371986 0.0156306 0.928107 211.653 0.0973116 0.995005 0.0222452 0.498576 -0.923123 0.0985905 -0.371649 -15.621 
-0.374767 0.0158159 0.926984 213.674 0.0976201 0.99497 0.0224906 0.489465 -0.921965 0.098921 -0.374426 -16.3744 
-0.377341 0.0167471 0.925923 215.753 0.0976218 0.994985 0.0217875 0.502161 -0.920914 0.0986116 -0.377084 -17.1962 
-0.37979 0.0163713 0.924928 217.759 0.0969106 0.995046 0.0221806 0.488999 -0.919982 0.0980593 -0.379495 -17.9861 
-0.383485 0.0170807 0.923389 219.859 0.0952964 0.995224 0.0211672 0.497705 -0.918617 0.0961129 -0.383281 -18.7952 
-0.386829 0.0182122 0.921972 221.922 0.0952599 0.995245 0.0203082 0.50479 -0.917218 0.0956827 -0.386724 -19.5933 
-0.38908 0.0177801 0.921032 223.885 0.0929155 0.995472 0.020034 0.494755 -0.916506 0.093373 -0.388971 -20.3706 
-0.392851 0.0179564 0.919427 225.909 0.0929188 0.995467 0.0202607 0.476117 -0.914895 0.0933915 -0.392739 -21.1649 
-0.395533 0.0172364 0.91829 228.017 0.0946227 0.995268 0.0220752 0.465714 -0.913565 0.0956226 -0.395292 -22.0207 
-0.398542 0.016368 0.917004 230.068 0.0955572 0.99514 0.0237677 0.468285 -0.912158 0.0970988 -0.398169 -22.8581 
-0.401607 0.0159114 0.915674 232.038 0.0943076 0.995252 0.0240683 0.484381 -0.910943 0.096021 -0.401201 -23.6858 
-0.404299 0.015308 0.914499 234.002 0.0921045 0.995459 0.024056 0.477622 -0.909977 0.0939553 -0.403873 -24.557 
-0.408303 0.014838 0.912726 236.138 0.0903871 0.995611 0.0242487 0.504851 -0.90836 0.0923994 -0.407852 -25.4581 
-0.411913 0.0142538 0.911112 238.279 0.0893105 0.995695 0.0248001 0.528058 -0.906836 0.0915873 -0.411413 -26.3409 
-0.415863 0.0141986 0.909317 240.361 0.088656 0.995749 0.0249973 0.538594 -0.905096 0.0910118 -0.415353 -27.2283 
-0.419768 0.0135919 0.907529 242.259 0.0879072 0.995796 0.0257466 0.53899 -0.903364 0.0905859 -0.419198 -28.0765 
-0.424114 0.0126689 0.90552 244.182 0.0871014 0.995837 0.0268626 0.522264 -0.90141 0.0902649 -0.423452 -28.8792 
-0.427468 0.012603 0.903942 246.221 0.0867671 0.995859 0.027147 0.549666 -0.899857 0.0900369 -0.426792 -29.8092 
-0.431068 0.013717 0.902215 248.428 0.0871198 0.995846 0.0264842 0.596012 -0.898104 0.0900173 -0.430472 -30.8399 
-0.434855 0.0143797 0.900386 250.606 0.0872323 0.995843 0.0262259 0.635658 -0.896266 0.0899472 -0.434301 -31.8466 
-0.438462 0.0141419 0.898638 252.725 0.086838 0.995865 0.0266979 0.665098 -0.894545 0.089742 -0.437877 -32.8415 
-0.442026 0.0149518 0.896877 254.806 0.0857409 0.995987 0.0256533 0.71201 -0.892895 0.0882386 -0.441535 -33.8044 
-0.445714 0.0147586 0.895054 256.879 0.0859627 0.995949 0.0263849 0.731319 -0.891038 0.0887013 -0.445177 -34.7995 
-0.449002 0.0156933 0.893393 259.078 0.0873674 0.995826 0.0264166 0.771985 -0.889249 0.0899145 -0.448499 -35.8739 
-0.452494 0.0167175 0.891611 261.241 0.0885964 0.99572 0.0262932 0.799967 -0.887355 0.090891 -0.452039 -36.9256 
-0.455743 0.0191447 0.889905 263.296 0.0906873 0.995565 0.0250254 0.836924 -0.88548 0.0921083 -0.455458 -37.9314 
-0.458686 0.0196978 0.88838 265.387 0.0918927 0.995445 0.025374 0.862265 -0.883834 0.0932743 -0.458408 -38.9552 
-0.461881 0.0221141 0.886666 267.449 0.0935991 0.995322 0.0239334 0.910631 -0.881989 0.0940455 -0.46179 -39.9402 
-0.464339 0.0248017 0.88531 269.615 0.095182 0.995216 0.0220415 0.955229 -0.880528 0.0945004 -0.464478 -41.0383 
-0.467208 0.025253 0.883786 271.659 0.09654 0.995072 0.0226023 0.961355 -0.878861 0.0958808 -0.467344 -42.0489 
-0.470024 0.0264624 0.882257 273.774 0.0975046 0.99499 0.022102 0.990256 -0.877252 0.0964126 -0.470249 -43.1328 
-0.472902 0.0261672 0.880726 275.888 0.0963443 0.995101 0.0221662 1.02821 -0.875832 0.0953354 -0.473107 -44.2786 
-0.476773 0.027002 0.878611 278.042 0.0966886 0.995074 0.0218863 1.04079 -0.873693 0.0953866 -0.477035 -45.3837 
-0.48084 0.0276681 0.876371 280.171 0.0972094 0.995022 0.021922 1.03642 -0.871403 0.0957326 -0.481136 -46.3875 
-0.484242 0.0267889 0.874524 282.266 0.0944255 0.995293 0.0217969 1.05778 -0.869824 0.0931323 -0.484492 -47.4558 
-0.486407 0.027766 0.873291 284.465 0.0960761 0.995134 0.0218726 1.10382 -0.868434 0.0945414 -0.486708 -48.6309 
-0.489211 0.0280275 0.871715 286.518 0.0978423 0.994938 0.0229202 1.12293 -0.86666 0.0965034 -0.489477 -49.6639 
-0.492122 0.0284325 0.870062 288.626 0.100025 0.994694 0.0240702 1.12925 -0.864761 0.0988731 -0.492355 -50.7465 
-0.494138 0.0285906 0.868913 290.88 0.100114 0.994681 0.0242046 1.16982 -0.8636 0.098951 -0.494373 -51.9253 
-0.496132 0.0274339 0.867813 293.01 0.0994744 0.994715 0.0254242 1.19511 -0.86253 0.098939 -0.496239 -53.1224 
-0.498277 0.0268731 0.866601 295.303 0.100343 0.99459 0.0268529 1.21371 -0.861192 0.100337 -0.498278 -54.4001 
-0.501491 0.0267394 0.864749 297.446 0.101613 0.994425 0.0281792 1.22008 -0.859175 0.102002 -0.501413 -55.4832 
-0.503169 0.0278892 0.863738 299.666 0.100656 0.994568 0.0265234 1.28891 -0.858306 0.100286 -0.503242 -56.7227 
-0.505724 0.0302102 0.862166 301.786 0.100768 0.994614 0.0242566 1.31914 -0.85679 0.0991459 -0.506045 -57.9071 
-0.509165 0.0298261 0.860152 303.8 0.0992421 0.994768 0.0242522 1.36216 -0.854928 0.0977116 -0.509461 -59.0462 
-0.51314 0.0285882 0.857829 305.955 0.0968529 0.99499 0.0247765 1.42579 -0.852823 0.095797 -0.513338 -60.3038 
-0.516845 0.0271664 0.855648 308.113 0.0947811 0.995167 0.0256554 1.4879 -0.850816 0.0943592 -0.516922 -61.6029 
-0.520538 0.0257383 0.853451 310.266 0.0927053 0.99534 0.0265255 1.55222 -0.848791 0.092927 -0.520498 -62.9111 
-0.524218 0.0243039 0.851237 312.413 0.0906255 0.995508 0.0273869 1.61872 -0.846748 0.0915005 -0.524066 -64.2282 
-0.528136 0.0256448 0.848772 314.625 0.0929281 0.995286 0.0277515 1.66586 -0.84406 0.0935313 -0.528029 -65.5659 
-0.532568 0.02859 0.845904 316.857 0.0977864 0.994815 0.0279417 1.73233 -0.84072 0.0975988 -0.532602 -66.8688 
-0.536969 0.0315565 0.843011 319.081 0.102641 0.99432 0.0281584 1.79894 -0.837334 0.101648 -0.537158 -68.1838 
-0.54107 0.0297151 0.840452 321.33 0.102 0.994316 0.0305106 1.84641 -0.834769 0.102234 -0.541026 -69.5709 
-0.545116 0.0278502 0.837898 323.543 0.0997339 0.994505 0.0318288 1.89836 -0.832407 0.100917 -0.544898 -70.9491 
-0.549081 0.0267433 0.835341 325.738 0.0973858 0.994727 0.0321669 1.93724 -0.830076 0.0990126 -0.54879 -72.3498 
-0.553234 0.026425 0.832607 327.952 0.0964878 0.994802 0.0325395 1.99038 -0.827419 0.0983384 -0.552908 -73.7559 
-0.556745 0.026154 0.830272 330.129 0.0966943 0.99475 0.0335038 2.05543 -0.825037 0.0989356 -0.556351 -75.1964 
-0.560602 0.0259808 0.827678 332.376 0.0981391 0.994548 0.0352525 2.08538 -0.822249 0.10099 -0.560095 -76.6938 
-0.56408 0.0244584 0.825358 334.529 0.0958135 0.994748 0.0360043 2.1369 -0.820143 0.0993897 -0.56346 -78.1203 
-0.567766 0.0246884 0.82282 336.748 0.0954325 0.994785 0.0360025 2.23404 -0.81764 0.0989647 -0.567161 -79.5813 
-0.57144 0.0249166 0.820265 338.961 0.0950515 0.994821 0.0359989 2.3312 -0.81512 0.0985387 -0.57085 -81.0522 
-0.575104 0.0251429 0.817694 341.167 0.0946705 0.994858 0.0359936 2.42836 -0.812584 0.0981116 -0.574527 -82.533 
-0.578756 0.0253672 0.815106 343.366 0.0942895 0.994894 0.0359866 2.52553 -0.810032 0.0976835 -0.578193 -84.0238 
-0.581876 0.0243324 0.812913 345.505 0.0907704 0.99525 0.0351824 2.5795 -0.808196 0.0942603 -0.581321 -85.5173 
-0.584221 0.0217459 0.811303 347.726 0.0882601 0.995415 0.0368754 2.65365 -0.806781 0.0931491 -0.583462 -87.0754 
-0.587532 0.0214223 0.808917 349.916 0.0886031 0.995342 0.0379947 2.73083 -0.804336 0.0939957 -0.586693 -88.6072 
-0.590733 0.0220815 0.806564 351.958 0.0889704 0.995312 0.0379136 2.79229 -0.801946 0.0941572 -0.589929 -89.9888 
-0.594108 0.0213875 0.804101 354.133 0.0867826 0.995516 0.0376403 2.87569 -0.79969 0.0921443 -0.5933 -91.5459 
-0.597529 0.0175327 0.801655 356.294 0.084008 0.995628 0.0408419 2.94998 -0.797434 0.0917497 -0.59639 -93.0839 
-0.600528 0.0158077 0.799447 358.402 0.0823172 0.995715 0.0421464 3.03305 -0.795355 0.0911183 -0.599256 -94.6083 
-0.604167 0.0139148 0.796736 360.503 0.0800037 0.995855 0.0432746 3.09273 -0.792831 0.0898869 -0.602776 -96.1297 
-0.607334 0.0134388 0.794333 362.647 0.0782817 0.996003 0.0430021 3.17677 -0.79058 0.0882984 -0.605959 -97.7064 
-0.609326 0.0130201 0.792813 364.79 0.078159 0.995982 0.0437134 3.26033 -0.789058 0.0886012 -0.607896 -99.3094 
-0.611215 0.0128068 0.791361 366.925 0.0781702 0.995957 0.0442575 3.34544 -0.787595 0.0889117 -0.609745 -100.937 
-0.612494 0.0127172 0.790373 369.053 0.079874 0.995749 0.0458761 3.41781 -0.786429 0.0912291 -0.610906 -102.591 
-0.614442 0.00913266 0.788909 371.256 0.0700227 0.996618 0.043 3.51344 -0.785848 0.0816625 -0.613004 -104.281 
-0.61786 0.0126797 0.786186 373.199 0.0632525 0.997431 0.0336232 3.62345 -0.78374 0.0705027 -0.617075 -105.743 
-0.62094 0.0161914 0.783691 374.991 0.0566652 0.998098 0.0242761 3.75476 -0.781808 0.0594821 -0.620676 -107.2 
-0.622008 0.0171665 0.782822 377.055 0.0643742 0.997496 0.0292757 3.77514 -0.78036 0.0686033 -0.621556 -108.793 
-0.623887 0.00757842 0.781478 379.115 0.0633527 0.997152 0.0409071 3.81699 -0.778943 0.0750302 -0.62259 -110.399 
-0.625081 -0.00337016 0.780553 381.194 0.0570126 0.997122 0.0499619 3.90078 -0.778475 0.0757316 -0.62309 -112.169 
-0.628376 -0.00902406 0.777857 383.316 0.0511174 0.997292 0.0528639 4.04633 -0.776228 0.0729805 -0.626214 -113.815 
-0.631061 -0.00925534 0.775678 385.422 0.0502474 0.997341 0.0527795 4.15279 -0.774104 0.0722829 -0.628918 -115.453 
-0.634477 -0.00411836 0.772931 387.357 0.0548761 0.997222 0.0503596 4.24133 -0.770991 0.0743675 -0.632488 -116.848 
-0.638279 0.000979336 0.769804 389.326 0.0588966 0.99713 0.0475651 4.37821 -0.767549 0.0756987 -0.636505 -118.172 
-0.64089 0.00370423 0.767624 391.444 0.0595449 0.997215 0.0449019 4.46279 -0.76532 0.0744853 -0.639326 -119.878 
-0.643184 0.00693988 0.76568 393.519 0.0610065 0.997244 0.0422077 4.52919 -0.763277 0.0738588 -0.641835 -121.568 
-0.645734 0.00693697 0.763531 395.487 0.0627101 0.997062 0.0439765 4.58866 -0.760983 0.0762783 -0.644272 -123.116 
-0.647922 0.00705793 0.761674 397.578 0.064096 0.996916 0.0452858 4.70413 -0.759005 0.0781619 -0.646376 -124.835 
-0.649189 0.00689747 0.760596 399.625 0.0640597 0.996902 0.0456362 4.77854 -0.757925 0.0783501 -0.647619 -126.546 
-0.650851 0.00651203 0.759178 401.673 0.0644032 0.996832 0.0466629 4.82316 -0.756469 0.0792641 -0.649208 -128.22 
-0.652509 0.0061286 0.757756 403.716 0.0647444 0.996762 0.0476902 4.87048 -0.75501 0.0801788 -0.650793 -129.899 
-0.654165 0.00574716 0.75633 405.756 0.0650834 0.99669 0.0487183 4.9205 -0.753546 0.0810943 -0.652374 -131.582 
-0.655818 0.00536774 0.7549 407.792 0.06542 0.996617 0.049747 4.97323 -0.752079 0.0820106 -0.653951 -133.27 
-0.65757 0.00469804 0.753379 409.573 0.0672208 0.996358 0.0524588 5.01026 -0.750389 0.085138 -0.655491 -134.755 
-0.659265 0.00357856 0.751902 411.309 0.0688739 0.996072 0.0556477 5.03496 -0.74875 0.088473 -0.656922 -136.223 
-0.661016 0.00363132 0.750363 412.883 0.0641727 0.996598 0.0517085 5.14639 -0.747623 0.082333 -0.659 -137.53 
-0.662751 0.00228495 0.748836 414.455 0.0610107 0.996836 0.0509552 5.17427 -0.74635 0.0794577 -0.660793 -138.865 
-0.664041 0.00101264 0.747695 415.745 0.0578788 0.997068 0.0500527 5.20189 -0.745452 0.0765128 -0.662153 -140.015 
-0.66478 0.000173991 0.747039 417.686 0.0562683 0.997171 0.04984 5.28139 -0.744917 0.0751673 -0.662909 -141.666 
-0.66599 -0.00116778 0.74596 419.513 0.053083 0.997389 0.0489536 5.36895 -0.74407 0.0722004 -0.664189 -143.176 
-0.66618 -0.00151771 0.745789 421.51 0.0520219 0.997468 0.0484986 5.46581 -0.743974 0.0711062 -0.664414 -144.929 
-0.665458 -0.00310829 0.746428 423.408 0.0523894 0.997331 0.0508594 5.5509 -0.744594 0.0729498 -0.663519 -146.647 
-0.665239 -0.00382341 0.74662 425.394 0.0556425 0.996952 0.0546828 5.65339 -0.744554 0.077921 -0.662999 -148.394 
-0.664367 -0.005509 0.747386 427.5 0.0595242 0.996406 0.0602568 5.77557 -0.745033 0.0845202 -0.661652 -150.233 
-0.66342 -0.0057399 0.748225 429.523 0.0636469 0.995913 0.064073 5.92002 -0.745535 0.0901295 -0.660344 -151.978 
-0.662804 -0.00803167 0.748749 431.544 0.0585702 0.996323 0.0625345 6.04172 -0.746498 0.0853026 -0.659897 -153.6 
-0.662207 -0.00915644 0.749265 433.573 0.0502907 0.997128 0.0566328 6.17712 -0.747631 0.0751837 -0.659845 -155.31 
-0.660432 -0.0118261 0.750792 435.468 0.0449775 0.997457 0.0552757 6.26906 -0.749537 0.0702747 -0.658221 -156.95 
-0.657527 -0.0121611 0.753333 437.481 0.0432447 0.997612 0.0538495 6.38445 -0.752189 0.0679852 -0.655431 -158.672 
-0.653791 -0.0112174 0.756592 439.47 0.0464465 0.99741 0.0549234 6.49056 -0.755248 0.0710495 -0.651576 -160.432 
-0.650092 -0.011612 0.759767 441.494 0.0467222 0.99738 0.0552213 6.59876 -0.758418 0.0713969 -0.647846 -162.144 
-0.647046 -0.0107961 0.762375 443.554 0.044481 0.997662 0.0518801 6.71559 -0.761152 0.06748 -0.645053 -163.86 
-0.645081 -0.015807 0.76395 445.643 0.0376139 0.997917 0.0524092 6.81935 -0.763188 0.0625434 -0.643143 -165.589 
-0.644071 -0.0223881 0.764638 447.706 0.0284504 0.998179 0.0531903 6.92572 -0.764436 0.0560126 -0.642261 -167.28 
-0.643642 -0.0256032 0.764898 449.77 0.0214722 0.998443 0.0514889 7.03579 -0.765025 0.0495645 -0.64209 -168.94 
-0.642547 -0.0263836 0.765792 451.643 0.0197137 0.998507 0.0509423 7.11539 -0.765993 0.0478295 -0.641067 -170.497 
-0.641549 -0.0263135 0.766631 453.643 0.0215412 0.998399 0.0522951 7.22747 -0.76678 0.050064 -0.639955 -172.058 
-0.639347 -0.0271663 0.768438 455.728 0.0239616 0.998186 0.0552246 7.3411 -0.768545 0.0537207 -0.637536 -173.802 
-0.638992 -0.0296061 0.768644 457.662 0.0219803 0.998148 0.0567187 7.44962 -0.768899 0.0531378 -0.637158 -175.321 
-0.638338 -0.029973 0.769172 459.604 0.0196147 0.998284 0.0551792 7.53987 -0.769506 0.0503101 -0.636654 -176.905 
-0.636787 -0.0281738 0.770525 461.645 0.0196983 0.998411 0.0527855 7.68634 -0.770788 0.0487911 -0.63522 -178.66 
-0.635949 -0.0263866 0.77128 463.732 0.0206656 0.998475 0.0511987 7.80249 -0.771455 0.0484987 -0.634433 -180.33 
-0.634431 -0.0260659 0.77254 465.838 0.0232787 0.998334 0.0528014 7.91079 -0.772629 0.0514826 -0.632767 -182.044 
-0.632694 -0.025901 0.773969 467.958 0.0249216 0.998242 0.0537788 8.04224 -0.774001 0.0533141 -0.630936 -183.77 
-0.63206 -0.026026 0.774482 470.037 0.0250975 0.998224 0.0540269 8.15703 -0.774512 0.0535858 -0.630285 -185.434 
-0.631365 -0.0268539 0.775021 471.676 0.0241231 0.998236 0.0542398 8.24435 -0.77511 0.0529411 -0.629604 -186.571 
-0.631021 -0.0261029 0.775327 473.414 0.0251639 0.998219 0.0540872 8.38304 -0.775358 0.0536404 -0.62924 -187.698 
-0.630332 -0.0273597 0.775844 475.181 0.0242219 0.998199 0.0548799 8.44499 -0.775948 0.053385 -0.628534 -188.948 
-0.629455 -0.0272884 0.776557 477.403 0.0226966 0.998311 0.0534781 8.58078 -0.776705 0.0512873 -0.627773 -190.687 
-0.628301 -0.0259209 0.777538 479.442 0.0227643 0.998404 0.0516788 8.68727 -0.777637 0.0501699 -0.626708 -192.308 
-0.627794 -0.0264937 0.777929 481.528 0.0227198 0.998371 0.0523362 8.79637 -0.778048 0.0505307 -0.626169 -193.927 
-0.627562 -0.0286234 0.77804 483.576 0.0200206 0.9984 0.0528787 8.88922 -0.778309 0.0487616 -0.625985 -195.506 
-0.626798 -0.0305092 0.778584 485.546 0.0167357 0.998475 0.0525988 9.00763 -0.779002 0.045999 -0.625332 -197.069 
-0.626573 -0.0316397 0.77872 487.395 0.0158433 0.998452 0.0533152 9.062 -0.779202 0.0457434 -0.625101 -198.573 
-0.626805 -0.0308744 0.778564 488.813 0.0174966 0.998405 0.0536785 9.05646 -0.778979 0.0472682 -0.625265 -199.789 
-0.625885 -0.0303101 0.779326 490.56 0.0201171 0.998285 0.0549822 9.06656 -0.779656 0.0500904 -0.624202 -201.256 
-0.62538 -0.0318293 0.779671 491.913 0.0195142 0.998217 0.0564037 9.15985 -0.780076 0.0504884 -0.623644 -202.307 
-0.624501 -0.0326537 0.780341 493.238 0.0185474 0.998224 0.0566145 9.34564 -0.780803 0.0498291 -0.622787 -203.226 
-0.623621 -0.0334774 0.781009 494.564 0.0175808 0.998229 0.0568263 9.53187 -0.781529 0.0491689 -0.621928 -204.143 
-0.622739 -0.0343004 0.781677 495.891 0.0166145 0.998234 0.0570392 9.71855 -0.782253 0.0485077 -0.62107 -205.059 
-0.621856 -0.0351225 0.782343 497.218 0.0156484 0.998237 0.0572531 9.90567 -0.782975 0.0478456 -0.62021 -205.974 
-0.620763 -0.0344115 0.783243 498.947 0.0167609 0.998225 0.0571406 9.99068 -0.783819 0.0485986 -0.619085 -207.273 
-0.620088 -0.0350613 0.783748 501.04 0.0160422 0.998225 0.0573483 10.1064 -0.784368 0.0481341 -0.618425 -208.895 
-0.620556 -0.0346867 0.783395 503.025 0.016126 0.998245 0.0569736 10.2199 -0.783996 0.0479883 -0.618908 -210.313 
-0.621135 -0.0345535 0.782942 505.232 0.0160051 0.99826 0.0567534 10.3857 -0.78354 0.0477826 -0.619501 -211.787 
-0.620743 -0.0354869 0.783211 507.155 0.0156104 0.998218 0.0576009 10.4658 -0.783859 0.0479816 -0.619082 -213.31 
-0.619433 -0.0366037 0.784195 509.04 0.0142611 0.998223 0.0578585 10.5764 -0.78492 0.047023 -0.61781 -214.801 
-0.618557 -0.0377794 0.784831 511.303 0.0148007 0.998106 0.0597108 10.7231 -0.7856 0.0485506 -0.616826 -216.535 
-0.617801 -0.0364218 0.785491 513.775 0.0155495 0.998165 0.0585129 10.9108 -0.786181 0.0483633 -0.616101 -218.34 
-0.616429 -0.0352229 0.786622 516.351 0.0159463 0.998236 0.0571944 11.1233 -0.787249 0.0478 -0.614779 -220.222 
-0.615054 -0.0340229 0.78775 518.931 0.0163408 0.998304 0.0558751 11.3315 -0.788315 0.0472388 -0.613455 -222.101 
-0.614219 -0.0345878 0.788377 521.019 0.015863 0.998296 0.0561561 11.5114 -0.788976 0.0469982 -0.612624 -223.752 
-0.6139 -0.0353621 0.788591 522.647 0.0152906 0.998276 0.0566681 11.5443 -0.789235 0.0468466 -0.612301 -225.005 
-0.614257 -0.0350575 0.788327 524.65 0.015212 0.998301 0.0562482 11.6506 -0.788959 0.0465429 -0.61268 -226.553 
-0.614018 -0.035928 0.788474 526.637 0.0156078 0.998215 0.0576395 11.758 -0.789138 0.047698 -0.612361 -228.109 
-0.614412 -0.0369216 0.788121 528.692 0.016014 0.998115 0.0592436 11.88 -0.788823 0.049021 -0.612663 -229.651 
-0.614501 -0.0381597 0.787992 530.519 0.0149966 0.998084 0.0600284 11.9548 -0.788773 0.0487048 -0.612752 -231.098 
-0.614221 -0.0407155 0.788083 531.99 0.0132896 0.997993 0.061918 11.9463 -0.789022 0.0485046 -0.612447 -232.351 
-0.613935 -0.043271 0.788169 533.462 0.0115834 0.997895 0.0638078 11.9414 -0.789271 0.0483035 -0.612142 -233.603 
-0.613646 -0.0458262 0.788251 534.935 0.00987778 0.997791 0.0656978 11.9399 -0.78952 0.0481014 -0.611837 -234.855 
-0.612386 -0.0477835 0.789113 535.967 0.0103561 0.997601 0.0684449 12.0293 -0.790491 0.0500869 -0.610422 -235.966 
-0.609993 -0.0498563 0.790837 536.837 0.011468 0.997359 0.0717215 12.0859 -0.792324 0.0528189 -0.60781 -237.015 
-0.607596 -0.051937 0.792546 537.71 0.0125898 0.997104 0.0749938 12.1473 -0.794146 0.0555439 -0.605183 -238.062 
-0.605196 -0.0540254 0.794241 538.586 0.0137214 0.996838 0.0782617 12.2134 -0.795958 0.0582618 -0.602541 -239.106 
-0.602792 -0.0561216 0.795922 539.465 0.0148628 0.99656 0.0815253 12.2841 -0.79776 0.0609725 -0.599885 -240.147 
-0.600385 -0.0582256 0.797588 540.348 0.0160141 0.996271 0.0847843 12.3595 -0.79955 0.0636759 -0.597214 -241.185 
-0.597975 -0.0603371 0.79924 541.233 0.0171751 0.995969 0.0880388 12.4397 -0.80133 0.0663721 -0.594529 -242.22 
-0.595562 -0.0624563 0.800877 542.121 0.0183459 0.995655 0.0912887 12.5245 -0.8031 0.069061 -0.591829 -243.252 
-0.593146 -0.0645831 0.8025 543.012 0.0195264 0.99533 0.0945339 12.614 -0.804858 0.0717424 -0.589115 -244.281 
-0.593533 -0.0646508 0.802208 543.917 0.0195755 0.995314 0.0946967 12.6835 -0.804571 0.0719093 -0.589486 -244.927 
-0.593889 -0.0655202 0.801875 545.453 0.0199538 0.995172 0.0960926 12.7953 -0.8043 0.0730688 -0.589714 -245.976 
-0.593839 -0.0668804 0.801799 546.934 0.0184047 0.995149 0.0966394 12.9125 -0.804373 0.0721451 -0.589728 -247.006 
-0.592463 -0.0687047 0.802662 548.67 0.0167044 0.995095 0.0975059 13.0403 -0.805424 0.0711767 -0.588409 -248.37 
-0.590322 -0.0701478 0.804114 550.515 0.0133563 0.995231 0.0966253 13.1748 -0.807057 0.0677801 -0.58657 -249.808 
-0.588435 -0.0688186 0.805611 552.641 0.0151957 0.995254 0.0961179 13.4039 -0.808402 0.0688009 -0.584596 -251.389 
-0.588196 -0.0682004 0.805837 554.862 0.0157195 0.995285 0.0957079 13.6351 -0.808565 0.0689624 -0.584351 -252.926 
-0.589037 -0.0692239 0.805136 556.588 0.0165077 0.995086 0.0976323 13.7076 -0.807938 0.0707999 -0.584999 -253.9 
-0.588338 -0.0706338 0.805524 558.19 0.015968 0.994968 0.0989082 13.8678 -0.808457 0.071054 -0.58425 -255.078 
-0.587794 -0.0697784 0.805996 559.689 0.0160902 0.995068 0.0978813 13.9591 -0.808851 0.0705027 -0.583772 -256.251 
-0.587642 -0.0705644 0.806038 561.376 0.0145553 0.995107 0.0977278 14.1044 -0.80899 0.0691611 -0.583739 -257.258 
-0.586124 -0.0704782 0.80715 563.497 0.0144865 0.995139 0.0974124 14.3369 -0.810091 0.0687886 -0.582254 -258.838 
-0.584351 -0.070159 0.808462 565.547 0.0155258 0.995107 0.097578 14.5106 -0.811352 0.0695719 -0.580403 -260.401 
-0.584094 -0.070228 0.808642 567.703 0.0155804 0.995096 0.0976748 14.7406 -0.811537 0.0696502 -0.580136 -261.909 
-0.58377 -0.0706368 0.808841 570.068 0.0175729 0.994876 0.0995664 14.9519 -0.811729 0.0723375 -0.579537 -263.555 
-0.582599 -0.0714443 0.809614 572.19 0.015928 0.994934 0.0992596 15.1841 -0.812604 0.0707241 -0.578509 -265.018 
-0.581011 -0.0729388 0.810621 574.355 0.0115436 0.995138 0.0978153 15.4404 -0.813814 0.0661892 -0.577344 -266.48 
-0.580998 -0.0733241 0.810595 576.39 0.0121713 0.99504 0.0987323 15.6282 -0.813814 0.0672293 -0.577224 -267.87 
-0.581135 -0.0745298 0.810387 578.184 0.012278 0.994881 0.100302 15.7868 -0.813715 0.0682389 -0.577245 -269.183 
-0.581542 -0.0759267 0.809965 579.701 0.0110415 0.994807 0.101181 15.9473 -0.813442 0.0677845 -0.577683 -270.165 
-0.58357 -0.0748983 0.808601 581.026 0.0095571 0.995035 0.0990644 16.1111 -0.812007 0.0655389 -0.579957 -270.601 
-0.583923 -0.0727295 0.808544 582.18 0.0106256 0.995209 0.0971938 16.1886 -0.811739 0.065345 -0.580352 -271.377 
-0.585752 -0.070993 0.807375 583.493 0.0110049 0.995368 0.0955072 16.3643 -0.810416 0.0648286 -0.582257 -271.854 
-0.587494 -0.0711919 0.806091 584.364 0.0103291 0.995382 0.0954376 16.4459 -0.809162 0.0643953 -0.584046 -272.224 
-0.588309 -0.0713506 0.805482 585.253 0.00704755 0.995609 0.0933396 16.5441 -0.808606 0.0605892 -0.585223 -272.606 
-0.589122 -0.0715132 0.804873 586.142 0.003768 0.995822 0.0912369 16.6409 -0.808035 0.0567824 -0.586391 -272.99 
-0.589934 -0.0716796 0.804264 587.031 0.000490526 0.99602 0.0891295 16.7364 -0.807452 0.052975 -0.58755 -273.376 
-0.590744 -0.0718499 0.803653 587.919 -0.00278483 0.996203 0.0870174 16.8306 -0.806854 0.049167 -0.588701 -273.762 
-0.591553 -0.072024 0.803042 588.807 -0.00605802 0.996371 0.0849008 16.9236 -0.806243 0.0453585 -0.589843 -274.15 
-0.592361 -0.0722021 0.802431 589.694 -0.00932897 0.996524 0.0827796 17.0152 -0.805619 0.0415496 -0.590976 -274.539 
-0.592945 -0.0721972 0.802 590.332 -0.00872107 0.99649 0.0832577 17.0872 -0.805196 0.042373 -0.591493 -274.913 
-0.59341 -0.0719713 0.801676 590.808 -0.0057884 0.99635 0.0851636 17.1199 -0.804879 0.0458966 -0.591661 -275.22 
-0.594098 -0.0722802 0.801138 591.526 -0.00632976 0.996344 0.0851981 17.1884 -0.804368 0.045545 -0.592384 -275.595 
-0.593817 -0.0720076 0.801371 592.018 -0.00590465 0.99635 0.0851521 17.2404 -0.804578 0.045833 -0.592075 -275.973 
-0.593536 -0.071735 0.801604 592.511 -0.00547957 0.996357 0.085106 17.2925 -0.804789 0.0461211 -0.591767 -276.35 
-0.594364 -0.0719882 0.800967 593.527 -0.00464708 0.996276 0.0860934 17.3849 -0.804183 0.0474487 -0.592485 -276.799 
-0.595866 -0.0722958 0.799823 594.42 -0.00511195 0.996261 0.0862433 17.4744 -0.803067 0.0473009 -0.594008 -277.18 
-0.598568 -0.0722738 0.797805 595.452 -0.00656796 0.996331 0.0853306 17.5896 -0.801045 0.0458363 -0.596847 -277.571 
-0.601263 -0.0722567 0.795777 596.483 -0.00802086 0.996398 0.0844128 17.7042 -0.799011 0.0443715 -0.599677 -277.966 
-0.601555 -0.071748 0.795603 597.767 -0.00613057 0.996344 0.0852156 17.7682 -0.798808 0.0463844 -0.599795 -278.642 
-0.601822 -0.0717442 0.795401 599.217 -0.00324613 0.996168 0.0873969 17.7545 -0.798624 0.0500154 -0.599749 -279.393 
