1 -4.23778e-08 4.22719e-08 0 -4.23778e-08 1 -4.19404e-08 0 4.22719e-08 -4.19404e-08 1 0 
0.999996 -0.00239601 -0.00163902 -0.0143266 0.0024014 0.999991 0.00334516 -0.0293974 0.00163108 -0.00334916 0.999993 1.52062 
0.999991 -0.0027241 -0.00309979 -0.0403467 0.0027364 0.999988 0.00399706 -0.0467025 0.00308895 -0.00400559 0.999987 3.0447 
0.999989 -0.00147028 -0.00452255 -0.0767589 0.00148571 0.999993 0.00342916 -0.0574604 0.00451756 -0.00343593 0.999984 4.54338 
0.999981 -0.000994389 -0.00603573 -0.11321 0.00101452 0.999994 0.00334712 -0.0702344 0.00603245 -0.00335327 0.999976 6.03344 
0.999972 -0.000593237 -0.0074336 -0.153461 0.000619701 0.999993 0.00356961 -0.0868527 0.00743152 -0.0035742 0.999966 7.5514 
0.999963 -0.000947684 -0.00859104 -0.21057 0.000983027 0.999991 0.00412044 -0.112585 0.00858714 -0.00412882 0.999955 9.04651 
0.999938 -0.00290388 -0.0107526 -0.232227 0.00293965 0.99999 0.00332065 -0.125872 0.0107429 -0.00335214 0.999937 10.5459 
0.999916 -0.0040844 -0.0122876 -0.265149 0.00412763 0.999985 0.00350138 -0.140157 0.0122732 -0.00355189 0.999918 12.0808 
0.999899 -0.0036844 -0.0137205 -0.299337 0.00373257 0.999987 0.00349261 -0.158704 0.0137075 -0.00354355 0.9999 13.5821 
0.999879 -0.00340737 -0.0151955 -0.330952 0.00346508 0.999987 0.00377862 -0.18097 0.0151825 -0.0038309 0.999877 15.0777 
0.99987 -0.00188204 -0.0159795 -0.367839 0.00195665 0.999987 0.00466044 -0.205465 0.0159706 -0.00469119 0.999861 16.5726 
0.999858 9.87918e-05 -0.0168337 -0.409789 -1.27326e-05 0.999987 0.00511732 -0.215047 0.0168341 -0.00511646 0.999845 18.0498 
0.999847 0.000984741 -0.0174595 -0.456012 -0.000882046 0.999982 0.00589344 -0.22473 0.0174651 -0.00587722 0.99983 19.5451 
0.999838 0.000978854 -0.0179852 -0.500442 -0.000872931 0.999982 0.005901 -0.242338 0.0179907 -0.00588442 0.999821 21.0006 
0.999817 0.00152602 -0.0190905 -0.535509 -0.00141013 0.99998 0.00608691 -0.256032 0.0190995 -0.00605896 0.999799 22.4843 
0.999806 0.00187036 -0.0196134 -0.579672 -0.00173674 0.999975 0.00683199 -0.271254 0.0196258 -0.00679669 0.999784 23.9237 
0.999802 0.00246627 -0.0197394 -0.622728 -0.00231171 0.999966 0.00785357 -0.280103 0.0197582 -0.00780647 0.999774 25.3867 
0.999799 0.00241889 -0.0198945 -0.665109 -0.00228728 0.999975 0.00663978 -0.29372 0.0199101 -0.00659303 0.99978 26.8418 
0.999789 0.00267451 -0.0203452 -0.70509 -0.00257903 0.999985 0.00472187 -0.305956 0.0203576 -0.00466849 0.999782 28.2574 
0.999797 0.00044911 -0.0201402 -0.751 -0.000362503 0.999991 0.00430778 -0.318912 0.020142 -0.00429969 0.999788 29.6779 
0.999794 -0.000537837 -0.020284 -0.789274 0.00067452 0.999977 0.00673632 -0.327836 0.02028 -0.0067487 0.999771 31.0993 
0.99979 -0.00171426 -0.0204233 -0.830339 0.00187455 0.999967 0.00783579 -0.339176 0.0204093 -0.00787251 0.999761 32.508 
0.999786 -0.00270528 -0.0205162 -0.878074 0.00285903 0.999968 0.00747242 -0.358809 0.0204954 -0.00752956 0.999762 33.8809 
0.999768 -0.00305666 -0.0213346 -0.902697 0.00317839 0.999979 0.00567813 -0.369696 0.0213169 -0.0057447 0.999756 35.2492 
0.99978 -0.00201611 -0.0208669 -0.948947 0.00212067 0.999985 0.00499391 -0.386454 0.0208566 -0.00503715 0.99977 36.6256 
0.999804 -0.00126715 -0.0197712 -0.999618 0.00135065 0.99999 0.00421519 -0.404759 0.0197657 -0.00424115 0.999796 37.9772 
0.999825 -0.000826506 -0.0186908 -1.03744 0.000915989 0.999988 0.00478395 -0.415241 0.0186867 -0.00480032 0.999814 39.3168 
0.999854 -8.19985e-07 -0.0171115 -1.0862 0.000113764 0.999978 0.00660441 -0.430576 0.0171112 -0.00660547 0.999832 40.6291 
0.999874 -0.000906236 -0.0158197 -1.1215 0.00103651 0.999965 0.00823392 -0.454259 0.0158118 -0.00824937 0.999841 41.9399 
0.999908 0.000432813 -0.0135547 -1.15634 -0.000310802 0.999959 0.0090083 -0.472132 0.0135582 -0.00900334 0.999867 43.1944 
0.999948 0.000102244 -0.0101938 -1.19304 -1.58719e-05 0.999964 0.00848098 -0.488248 0.0101944 -0.00848047 0.999912 44.4503 
0.999976 -0.00043537 -0.00692788 -1.21125 0.00048237 0.999977 0.00679606 -0.500856 0.00692484 -0.00679932 0.999953 45.6863 
0.999993 -0.000159509 -0.00359463 -1.23499 0.000176269 0.999989 0.00468598 -0.505887 0.00359392 -0.00468666 0.999982 46.9158 
1 -0.000147285 5.32851e-05 -1.24601 0.000146912 0.999985 0.0053729 -0.527224 -5.39909e-05 -0.00537298 0.999985 48.1161 
0.999987 0.00027948 0.00511633 -1.2525 -0.000306186 0.999986 0.00520314 -0.539669 -0.00511472 -0.00520473 0.999973 49.3293 
0.999935 0.00188541 0.0112216 -1.25309 -0.00193505 0.999988 0.00440732 -0.555075 -0.0112131 -0.00442883 0.999927 50.5392 
0.999823 0.00279603 0.0186053 -1.25357 -0.00288165 0.999985 0.00457243 -0.569134 -0.0185921 -0.00462532 0.999816 51.733 
0.999626 0.004286 0.0270102 -1.23668 -0.00443215 0.999976 0.00535021 -0.578452 -0.0269865 -0.005468 0.999621 52.9443 
0.999277 0.0065331 0.0374615 -1.21719 -0.00675875 0.99996 0.00589786 -0.591127 -0.0374214 -0.00614687 0.999281 54.1082 
0.998695 0.00901744 0.0502731 -1.18167 -0.00931441 0.99994 0.00567416 -0.60171 -0.0502189 -0.0061351 0.998719 55.2643 
0.997828 0.0111373 0.0649273 -1.12491 -0.0115629 0.999914 0.00618238 -0.614138 -0.0648528 -0.00691978 0.997871 56.4179 
0.99663 0.0132413 0.0809557 -1.05187 -0.0139062 0.999874 0.00765405 -0.627284 -0.0808441 -0.00875412 0.996688 57.5453 
0.99502 0.0128868 0.0988419 -0.964109 -0.0137613 0.999872 0.00816965 -0.639657 -0.0987239 -0.00948924 0.99507 58.6636 
0.992984 0.0120588 0.117635 -0.846434 -0.0130171 0.999888 0.00738047 -0.648397 -0.117533 -0.00886003 0.993029 59.7681 
0.990401 0.0112892 0.13776 -0.713218 -0.0123034 0.999903 0.00651186 -0.661171 -0.137673 -0.00814435 0.990444 60.8262 
0.987259 0.00882007 0.158874 -0.556894 -0.00993186 0.999931 0.00620476 -0.668014 -0.158808 -0.0077037 0.987279 61.8891 
0.983633 0.00346919 0.180148 -0.371052 -0.00507558 0.999951 0.00845635 -0.682223 -0.18011 -0.00923238 0.983603 62.9351 
0.979093 -0.00198542 0.203404 -0.160897 -1.33355e-05 0.999952 0.00982424 -0.690401 -0.203414 -0.00962163 0.979046 63.9934 
0.973858 -0.00707563 0.227046 0.072999 0.00506405 0.999943 0.00944065 -0.702065 -0.2271 -0.00804415 0.973838 65.0024 
0.96764 -0.0134675 0.251973 0.334451 0.0118975 0.999899 0.00775289 -0.708826 -0.252052 -0.00450422 0.967703 66.0065 
0.960464 -0.0170534 0.27788 0.618926 0.0152921 0.999847 0.00850438 -0.71483 -0.277983 -0.00391885 0.960578 66.9779 
0.952163 -0.0198487 0.304944 0.922875 0.0173936 0.999791 0.0107657 -0.719734 -0.305093 -0.00494675 0.952309 67.9416 
0.942815 -0.0243219 0.332428 1.25275 0.0209847 0.999687 0.0136255 -0.722213 -0.332656 -0.00587046 0.94303 68.8813 
0.932145 -0.0278035 0.361017 1.60911 0.0246782 0.999607 0.0132649 -0.726435 -0.361244 -0.00345559 0.932465 69.8096 
0.920354 -0.0271049 0.390145 1.97932 0.0254398 0.999632 0.00943531 -0.732284 -0.390257 0.00124133 0.920705 70.7092 
0.9076 -0.0283058 0.418879 2.38456 0.0292941 0.999562 0.00407272 -0.733702 -0.418811 0.00857424 0.908033 71.5877 
0.893552 -0.0302712 0.447939 2.80418 0.0328118 0.999459 0.00208875 -0.745012 -0.44776 0.0128312 0.894062 72.4439 
0.87822 -0.031086 0.477245 3.25714 0.0326084 0.999455 0.00509521 -0.754967 -0.477143 0.0110874 0.878756 73.2868 
0.860794 -0.0299489 0.508072 3.7369 0.0283941 0.999538 0.0108126 -0.760444 -0.508161 0.00511874 0.861247 74.13 
0.841528 -0.0302374 0.539367 4.24102 0.026602 0.99954 0.0145301 -0.766673 -0.539558 0.00212068 0.841945 74.9387 
0.820658 -0.0239424 0.570918 4.76183 0.0222422 0.999703 0.00995239 -0.776676 -0.570986 0.0045309 0.820947 75.7133 
0.799075 -0.0170204 0.60099 5.30954 0.0193185 0.99981 0.00262922 -0.776284 -0.600921 0.00950923 0.799252 76.4608 
0.776855 -0.0150216 0.6295 5.88176 0.0188171 0.999823 0.000636537 -0.782151 -0.629398 0.0113508 0.777 77.1799 
0.753966 -0.0172304 0.656688 6.49114 0.0195081 0.999802 0.00383512 -0.79029 -0.656624 0.00991911 0.754153 77.8783 
0.729826 -0.0173103 0.683413 7.11025 0.0195477 0.999799 0.00444869 -0.800313 -0.683353 0.0101124 0.730018 78.548 
0.705218 -0.0159099 0.708812 7.76537 0.0210195 0.999778 0.0015279 -0.808388 -0.708679 0.0138213 0.705396 79.1847 
0.679284 -0.0132543 0.733755 8.4216 0.0206343 0.999786 -0.0010428 -0.81604 -0.733585 0.0158488 0.679413 79.8014 
0.65265 -0.0109664 0.75758 9.09226 0.0192252 0.999813 -0.00208969 -0.825007 -0.757415 0.0159284 0.652739 80.3883 
0.62524 -0.00959909 0.780374 9.80186 0.0193297 0.999808 -0.00318893 -0.835218 -0.780193 0.0170782 0.625305 80.9546 
0.596826 -0.00315782 0.802364 10.5149 0.01797 0.999794 -0.00943199 -0.8534 -0.802169 0.0200477 0.59676 81.4938 
0.566852 0.00617737 0.823797 11.242 0.0165574 0.999684 -0.0188895 -0.871214 -0.823653 0.0243475 0.566571 82.0127 
0.536045 0.0144305 0.844066 12.0005 0.0153975 0.99952 -0.0268669 -0.897269 -0.844049 0.0273984 0.535566 82.5096 
0.504893 0.0194403 0.862963 12.7916 0.0129074 0.999464 -0.0300672 -0.924799 -0.863086 0.0263193 0.504371 82.98 
0.472286 0.0190148 0.88124 13.5931 0.0107608 0.999568 -0.0273352 -0.960055 -0.88138 0.0223928 0.471877 83.4311 
0.439127 0.0178566 0.898248 14.4222 0.00636766 0.999715 -0.0229867 -0.98868 -0.898402 0.0158138 0.438888 83.8535 
0.405281 0.0192885 0.913989 15.271 0.00210106 0.999755 -0.0220303 -1.0166 -0.91419 0.0108488 0.405141 84.2368 
0.370257 0.0224366 0.928658 16.1385 -0.00533302 0.999743 -0.0220278 -1.04755 -0.928914 0.00320338 0.370282 84.6038 
0.334677 0.0243819 0.942017 17.0078 -0.0104433 0.9997 -0.0221647 -1.07159 -0.942275 -0.00241979 0.334831 84.9355 
0.299227 0.0239158 0.953882 17.9059 -0.013052 0.999695 -0.0209702 -1.09755 -0.954093 -0.00617524 0.299448 85.2228 
0.263262 0.0234462 0.964439 18.8191 -0.0136395 0.999695 -0.0205802 -1.12751 -0.964628 -0.00773647 0.263501 85.4819 
0.22727 0.0229379 0.973562 19.7469 -0.012888 0.999706 -0.0205454 -1.15674 -0.973746 -0.00787791 0.227499 85.7143 
0.191774 0.0219879 0.981193 20.6929 -0.0110036 0.999734 -0.0202528 -1.17899 -0.981377 -0.00691269 0.191965 85.9077 
0.157325 0.0205952 0.987332 21.6724 -0.00268399 0.999788 -0.0204274 -1.21402 -0.987543 0.000563753 0.157347 86.0685 
0.123319 0.0240026 0.992077 22.6437 -0.000470744 0.999709 -0.0241288 -1.24328 -0.992367 0.00250852 0.123294 86.1991 
0.0904135 0.0292398 0.995475 23.5929 0.00026975 0.999568 -0.0293846 -1.27247 -0.995904 0.00292529 0.0903666 86.2993 
0.0613053 0.032713 0.997583 24.5444 0.00738297 0.99942 -0.033227 -1.31076 -0.998092 0.00940212 0.0610282 86.3608 
0.0355989 0.031023 0.998884 25.5248 0.00889098 0.999469 -0.031358 -1.34662 -0.999327 0.00999737 0.0353041 86.4042 
0.0131351 0.027696 0.99953 26.5091 0.0106897 0.999555 -0.0278372 -1.38767 -0.999857 0.0110503 0.0128332 86.4284 
-0.00567392 0.0255957 0.999656 27.5049 0.0109477 0.999614 -0.0255325 -1.42001 -0.999924 0.0107991 -0.00595195 86.4329 
-0.0224053 0.028657 0.999338 28.5007 0.01222 0.999522 -0.0283884 -1.45636 -0.999674 0.0115759 -0.0227447 86.4175 
-0.0370899 0.0334207 0.998753 29.4799 0.0146048 0.999352 -0.0328985 -1.48841 -0.999205 0.0133664 -0.037554 86.3892 
-0.0489244 0.0384703 0.998061 30.4732 0.0196043 0.999102 -0.0375495 -1.53225 -0.99861 0.0177293 -0.0496347 86.3418 
-0.0578675 0.041694 0.997453 31.467 0.0250827 0.998873 -0.0402982 -1.57954 -0.998009 0.0226869 -0.0588481 86.2877 
-0.0636353 0.0471691 0.996858 32.4835 0.0289489 0.998549 -0.0454013 -1.62538 -0.997553 0.0259688 -0.0649085 86.2199 
-0.0669886 0.0518158 0.996407 33.4985 0.0315327 0.998262 -0.0497924 -1.68457 -0.997255 0.0280839 -0.0685061 86.1533 
-0.0698171 0.0557921 0.995998 34.5087 0.0338055 0.997994 -0.0535343 -1.74172 -0.996987 0.0299326 -0.071563 86.0903 
-0.0721969 0.058768 0.995657 35.5045 0.0344601 0.997813 -0.0563965 -1.80321 -0.996795 0.0302388 -0.0740642 86.0238 
-0.0744804 0.062255 0.995277 36.5269 0.0355918 0.997579 -0.0597356 -1.87098 -0.996587 0.0309746 -0.0765159 85.9525 
-0.0760806 0.0656165 0.99494 37.5292 0.0369279 0.997333 -0.0629506 -1.94275 -0.996418 0.0319517 -0.0783008 85.8806 
-0.0782807 0.0672132 0.994663 38.5392 0.0395403 0.997149 -0.0642694 -2.01341 -0.996147 0.0342982 -0.0807151 85.8078 
-0.0799523 0.0658936 0.994618 39.5597 0.0396522 0.997233 -0.0628795 -2.08777 -0.99601 0.0344114 -0.0823439 85.7289 
-0.0817719 0.0653406 0.994507 40.5901 0.0391992 0.997287 -0.0623003 -2.167 -0.99588 0.0338895 -0.0841114 85.6463 
-0.0839993 0.0664996 0.994244 41.6188 0.0394804 0.997209 -0.0633625 -2.24221 -0.995683 0.0339308 -0.0863903 85.573 
-0.0863742 0.0685668 0.9939 42.6347 0.038322 0.997119 -0.0654586 -2.3179 -0.995525 0.0324343 -0.088753 85.4991 
-0.0883028 0.0706321 0.993586 43.6704 0.0373934 0.997015 -0.0675526 -2.4015 -0.995391 0.0311885 -0.0906804 85.4102 
-0.0909267 0.0743772 0.993076 44.7013 0.0346012 0.996841 -0.0714911 -2.47686 -0.995256 0.0278612 -0.093213 85.3351 
-0.093099 0.0781026 0.992589 45.7331 0.0315253 0.99665 -0.0754653 -2.5658 -0.995158 0.0242659 -0.0952493 85.2504 
-0.0959242 0.0807434 0.992108 46.7721 0.0290907 0.996506 -0.0782887 -2.64589 -0.994963 0.0213514 -0.097938 85.166 
-0.0988118 0.0797764 0.991903 47.8181 0.0269669 0.99663 -0.0774702 -2.72573 -0.994741 0.0190936 -0.10063 85.0785 
-0.101901 0.0752796 0.991942 48.863 0.0240415 0.997028 -0.0731959 -2.81574 -0.994504 0.0163891 -0.103408 84.9964 
-0.10337 0.0737826 0.991903 49.9155 0.0244209 0.997132 -0.0716267 -2.89754 -0.994343 0.0168191 -0.104875 84.8868 
-0.105539 0.074384 0.991629 50.9634 0.0237023 0.997103 -0.072272 -2.97873 -0.994133 0.0158764 -0.106996 84.7935 
-0.106865 0.0773028 0.991264 52.0239 0.0250999 0.996865 -0.0750337 -3.06042 -0.993957 0.0168622 -0.10847 84.6885 
-0.107657 0.0798354 0.990977 53.0791 0.0254692 0.996665 -0.0775268 -3.14666 -0.993862 0.0168931 -0.109331 84.5868 
-0.107545 0.0803646 0.990947 54.1181 0.0243528 0.996641 -0.0781836 -3.2382 -0.993902 0.0157241 -0.10914 84.4752 
-0.107154 0.0793703 0.991069 55.1911 0.0213541 0.996762 -0.0775175 -3.32381 -0.994013 0.0128571 -0.108502 84.3721 
-0.107179 0.0786116 0.991127 56.2624 0.0179738 0.99686 -0.0771227 -3.41789 -0.994077 0.00954836 -0.108256 84.2694 
-0.10738 0.0796625 0.991021 57.3369 0.0143027 0.996805 -0.0785777 -3.51033 -0.994115 0.00573662 -0.108176 84.1745 
-0.107774 0.0799529 0.990955 58.4062 0.00977769 0.996798 -0.079361 -3.60079 -0.994127 0.0011362 -0.108211 84.0833 
-0.108414 0.0795219 0.99092 59.4917 0.00691615 0.996832 -0.0792397 -3.689 -0.994082 -0.00173733 -0.108621 83.9899 
-0.108733 0.0741755 0.9913 60.6079 0.00747403 0.997245 -0.0738006 -3.78165 -0.994043 -0.00061555 -0.108988 83.8716 
-0.109279 0.065468 0.991853 61.7094 0.0103694 0.997849 -0.0647214 -3.86706 -0.993957 0.00321218 -0.109723 83.7651 
-0.10953 0.0601955 0.992159 62.8098 0.0153217 0.998148 -0.0588675 -3.94235 -0.993865 0.00875385 -0.110249 83.6622 
-0.109649 0.0620369 0.992032 63.893 0.0234777 0.997934 -0.059811 -4.0245 -0.993693 0.0167324 -0.110879 83.5712 
-0.10832 0.0676291 0.991813 64.9774 0.0286204 0.997482 -0.06489 -4.09517 -0.993704 0.0213573 -0.109982 83.4536 
-0.107624 0.0733118 0.991485 66.0738 0.0323425 0.997008 -0.0702095 -4.1738 -0.993665 0.0245109 -0.109673 83.353 
-0.106658 0.0776837 0.991256 67.1826 0.0331279 0.996667 -0.0745433 -4.25854 -0.993744 0.0248876 -0.108876 83.2349 
-0.106672 0.074912 0.991468 68.3156 0.0304671 0.996936 -0.0720473 -4.34691 -0.993827 0.0225218 -0.108627 83.1364 
-0.106377 0.0700031 0.991859 69.4664 0.0295354 0.997301 -0.0672196 -4.44263 -0.993887 0.0221443 -0.108157 83.0228 
-0.106231 0.0679092 0.99202 70.5939 0.0272682 0.997489 -0.0653636 -4.52456 -0.993967 0.020107 -0.107816 82.9179 
-0.106067 0.0685793 0.991991 71.7396 0.0253504 0.997481 -0.0662484 -4.60169 -0.994036 0.0181206 -0.107538 82.8132 
-0.105627 0.0735874 0.991679 72.8637 0.0261561 0.997119 -0.0712051 -4.68564 -0.994062 0.0184173 -0.107247 82.7057 
-0.104805 0.0765788 0.99154 74.0034 0.0262016 0.996897 -0.0742231 -4.76391 -0.994148 0.018201 -0.106486 82.5984 
-0.104446 0.0756824 0.991647 75.1634 0.0262125 0.996963 -0.0733274 -4.84752 -0.994185 0.0183348 -0.106113 82.4913 
-0.103352 0.0686414 0.992273 76.3251 0.0280825 0.997419 -0.0660725 -4.93827 -0.994248 0.0210369 -0.105012 82.3768 
-0.103656 0.0667873 0.992368 77.4686 0.0276541 0.997551 -0.0642476 -5.02644 -0.994229 0.0207834 -0.105249 82.2684 
-0.103101 0.0698965 0.992212 78.614 0.0258717 0.997379 -0.0675722 -5.10912 -0.994334 0.0187035 -0.104639 82.163 
-0.102524 0.0726996 0.99207 79.7855 0.0255524 0.997189 -0.0704341 -5.19839 -0.994402 0.0181285 -0.104094 82.0478 
-0.10333 0.0718951 0.992045 80.9554 0.0247726 0.997261 -0.0696929 -5.28684 -0.994338 0.0173741 -0.104828 81.9659 
-0.103067 0.0687085 0.992298 82.1407 0.0242537 0.997488 -0.0665488 -5.37061 -0.994379 0.0172079 -0.104475 81.8537 
-0.102236 0.0674433 0.992471 83.326 0.0252743 0.997553 -0.0651851 -5.45648 -0.994439 0.0184197 -0.103691 81.7494 
-0.100986 0.0681164 0.992553 84.5146 0.0268939 0.997476 -0.065718 -5.53582 -0.994524 0.0200571 -0.102563 81.6413 
-0.0995548 0.0683498 0.992682 85.7088 0.0296706 0.997398 -0.065699 -5.61551 -0.99459 0.0229129 -0.101324 81.5238 
-0.0984794 0.0679125 0.992819 86.9115 0.0299493 0.997419 -0.0652565 -5.70004 -0.994688 0.0233078 -0.100259 81.4117 
-0.0974474 0.0685138 0.992879 88.1114 0.0312296 0.997347 -0.065757 -5.78481 -0.994751 0.0245994 -0.0993285 81.3101 
-0.0961287 0.0668201 0.993123 89.3101 0.0316672 0.997444 -0.0640457 -5.8675 -0.994865 0.0252929 -0.097999 81.201 
-0.0946234 0.065949 0.993326 90.5264 0.0301904 0.997534 -0.0633525 -5.95423 -0.995055 0.0239943 -0.0963811 81.093 
-0.093558 0.065076 0.993485 91.7429 0.0312344 0.997562 -0.0624018 -6.03711 -0.995124 0.0251927 -0.0953625 80.9904 
-0.0916009 0.0658321 0.993617 92.9726 0.0293644 0.997557 -0.0633862 -6.12462 -0.995363 0.0233708 -0.0933103 80.8882 
-0.0898285 0.0685761 0.993593 94.1954 0.0299491 0.997361 -0.0661286 -6.20787 -0.995507 0.023817 -0.0916453 80.7842 
-0.0885761 0.0673777 0.993788 95.4308 0.0277317 0.99749 -0.065157 -6.29292 -0.995683 0.0217881 -0.0902223 80.6867 
-0.0878633 0.065846 0.993954 96.665 0.0241557 0.99766 -0.0639563 -6.38496 -0.99584 0.0183903 -0.0892482 80.5898 
-0.0877684 0.0672715 0.993867 97.8947 0.0203081 0.99763 -0.065733 -6.46349 -0.995934 0.0144143 -0.0889266 80.5037 
-0.0885975 0.067163 0.993801 99.1569 0.0178526 0.997671 -0.0658331 -6.54333 -0.995907 0.0119093 -0.0895902 80.4239 
-0.0900254 0.0649908 0.993817 100.409 0.0149952 0.997844 -0.0638959 -6.62945 -0.995826 0.0091502 -0.0908059 80.3356 
-0.0919839 0.0633759 0.993742 101.662 0.012454 0.997968 -0.0624927 -6.72012 -0.995683 0.00662777 -0.0925862 80.247 
-0.0936608 0.0628512 0.993618 102.917 0.0102196 0.998013 -0.0621659 -6.80528 -0.995552 0.00433184 -0.0941171 80.1508 
-0.0951599 0.0628629 0.993475 104.174 0.010474 0.998012 -0.0621468 -6.89246 -0.995407 0.00449178 -0.0956291 80.0457 
-0.0973295 0.0612493 0.993366 105.434 0.010179 0.998113 -0.0605448 -6.98262 -0.9952 0.00421866 -0.0977693 79.939 
-0.0997717 0.0568332 0.993386 106.699 0.00722101 0.998382 -0.0563939 -7.06614 -0.994984 0.00154675 -0.100021 79.8155 
-0.104184 0.0567595 0.992937 107.952 0.00674043 0.998387 -0.0563639 -7.14686 -0.994535 0.000820638 -0.104398 79.7017 
-0.109852 0.0625826 0.991976 109.173 0.00171527 0.998026 -0.0627745 -7.23338 -0.993946 -0.00519439 -0.109743 79.5949 
-0.117307 0.0664014 0.990873 110.397 0.00312906 0.997782 -0.066494 -7.31029 -0.993091 -0.00469967 -0.117254 79.473 
-0.126488 0.0624302 0.990002 111.667 0.00476064 0.998044 -0.0623292 -7.40422 -0.991957 -0.00317085 -0.126538 79.3357 
-0.137053 0.0603729 0.988722 112.911 0.00687349 0.998175 -0.0599974 -7.49193 -0.99054 -0.00142683 -0.137218 79.179 
-0.149646 0.0611175 0.986849 114.14 0.00733131 0.998129 -0.0607045 -7.57864 -0.988712 -0.00184931 -0.149815 79.0029 
-0.163732 0.0614518 0.984589 115.359 0.0090974 0.998109 -0.0607829 -7.65996 -0.986463 -0.000994912 -0.163982 78.8171 
-0.177914 0.0589498 0.982279 116.575 0.00998981 0.998261 -0.0580996 -7.7486 -0.983995 -0.00052393 -0.178193 78.6112 
-0.193184 0.0614786 0.979234 117.768 0.0144115 0.998105 -0.0598203 -7.83148 -0.981057 0.00255597 -0.193704 78.382 
-0.208057 0.0647349 0.975972 118.966 0.0152021 0.997901 -0.0629487 -7.91601 -0.977998 0.0017399 -0.208605 78.1373 
-0.223074 0.0687932 0.972371 120.153 0.0154744 0.997631 -0.0670303 -7.9992 -0.974679 9.41379e-05 -0.22361 77.8836 
-0.239461 0.0668238 0.968603 121.336 0.0120955 0.997756 -0.0658449 -8.08535 -0.97083 -0.00405155 -0.239732 77.6225 
-0.255159 0.0612508 0.964957 122.505 0.00668112 0.998079 -0.0615866 -8.17543 -0.966876 -0.00926736 -0.255078 77.3399 
-0.271179 0.0573738 0.960817 123.66 0.00193969 0.998252 -0.0590618 -8.25588 -0.962527 -0.0141526 -0.270817 77.0478 
-0.286603 0.0587455 0.956247 124.84 2.26885e-05 0.998119 -0.0613111 -8.34058 -0.958049 -0.0175502 -0.286065 76.7295 
-0.301135 0.0601013 0.951686 125.982 -0.00120459 0.997987 -0.0634066 -8.42875 -0.953581 -0.0202403 -0.300456 76.3911 
-0.31588 0.0623251 0.94675 127.122 0.000310655 0.997847 -0.0655853 -8.51706 -0.948799 -0.020423 -0.31522 76.06 
-0.330316 0.0621855 0.941819 128.257 0.00254855 0.997882 -0.0649934 -8.60912 -0.943867 -0.0190681 -0.329775 75.6825 
-0.34452 0.0600306 0.936858 129.402 0.00203366 0.997999 -0.0632005 -8.69701 -0.938777 -0.0198686 -0.343953 75.2861 
-0.359 0.0588678 0.931479 130.529 0.00189258 0.998053 -0.0623458 -8.78554 -0.933335 -0.0206193 -0.358413 74.8692 
-0.37387 0.0601597 0.925528 131.643 0.000230229 0.9979 -0.064771 -8.87117 -0.927481 -0.0240029 -0.373099 74.4405 
-0.388632 0.0624759 0.919272 132.748 0.00117943 0.997731 -0.0673096 -8.95557 -0.921392 -0.0250745 -0.387824 73.9957 
-0.403033 0.064397 0.912917 133.85 0.00246698 0.997594 -0.0692811 -9.04136 -0.915182 -0.0256704 -0.402222 73.524 
-0.417528 0.0667982 0.906205 134.939 0.0054727 0.997461 -0.0710034 -9.14112 -0.908647 -0.0246865 -0.416834 73.0335 
-0.431884 0.0706624 0.899157 136.023 0.00553107 0.997115 -0.075704 -9.22906 -0.901912 -0.0277221 -0.431029 72.5265 
-0.447022 0.073074 0.891533 137.1 0.00643654 0.996895 -0.0784826 -9.32049 -0.8945 -0.029345 -0.446104 72.0083 
-0.462531 0.0705951 0.883788 138.183 0.00519419 0.997024 -0.0769218 -9.41814 -0.886588 -0.0309881 -0.461521 71.4663 
-0.478616 0.0661876 0.875526 139.26 0.00223695 0.997243 -0.0741663 -9.52072 -0.878022 -0.0335386 -0.477444 70.9014 
-0.494506 0.0665207 0.866625 140.324 0.002285 0.997163 -0.0752368 -9.62142 -0.869171 -0.0352248 -0.493255 70.3148 
-0.510656 0.0658091 0.857263 141.41 0.000993728 0.997111 -0.0759529 -9.71615 -0.859784 -0.0379339 -0.509246 69.7089 
-0.526429 0.0648894 0.847739 142.462 0.000304811 0.997098 -0.0761327 -9.81353 -0.850219 -0.03982 -0.52492 69.0756 
-0.542393 0.0642961 0.837661 143.513 -0.00119288 0.997007 -0.0772994 -9.91528 -0.840124 -0.0429259 -0.540693 68.4314 
-0.558008 0.0637963 0.82738 144.551 -0.00175362 0.996948 -0.0780538 -10.0107 -0.829834 -0.0450055 -0.556193 67.7642 
-0.573506 0.0612608 0.816908 145.583 -0.00244855 0.997067 -0.0764902 -10.1065 -0.819198 -0.0458678 -0.571674 67.0726 
-0.588887 0.0574315 0.806172 146.607 -0.00268918 0.997327 -0.0730137 -10.208 -0.808211 -0.0451647 -0.587158 66.3538 
-0.60413 0.0559391 0.79492 147.617 -0.00181535 0.997434 -0.0715699 -10.3056 -0.796884 -0.0446805 -0.602478 65.6173 
-0.619066 0.0545173 0.783444 148.611 -0.00235298 0.997454 -0.0712689 -10.4005 -0.785336 -0.0459636 -0.617362 64.8683 
-0.633547 0.0557998 0.771689 149.601 -0.0036432 0.99717 -0.0750951 -10.5019 -0.773695 -0.0503877 -0.631551 64.0647 
-0.649261 0.0552849 0.758553 150.572 -0.00609411 0.996944 -0.0778754 -10.5972 -0.760541 -0.0551842 -0.646941 63.2833 
-0.665463 0.0520099 0.744617 151.552 -0.00805306 0.997011 -0.0768361 -10.699 -0.746388 -0.057128 -0.663055 62.4661 
-0.682513 0.0442648 0.729531 152.517 -0.012093 0.997344 -0.0718281 -10.8055 -0.730773 -0.0578458 -0.680165 61.6353 
-0.699644 0.0418955 0.713262 153.454 -0.0129809 0.997369 -0.0713164 -10.9044 -0.714374 -0.0591549 -0.697259 60.762 
-0.716883 0.0398311 0.696054 154.345 -0.0137471 0.997365 -0.071232 -11.0052 -0.697058 -0.0606338 -0.714447 59.8634 
-0.734818 0.0361338 0.677301 155.24 -0.0169695 0.997288 -0.0716156 -11.1092 -0.678052 -0.0641179 -0.732212 58.9606 
-0.75155 0.033891 0.658805 156.114 -0.0168716 0.997365 -0.0705544 -11.2139 -0.65946 -0.0641402 -0.748998 58.003 
-0.768094 0.0355592 0.639348 156.962 -0.0152957 0.997153 -0.0738353 -11.3174 -0.640154 -0.0664918 -0.765364 57.0427 
-0.783214 0.0346893 0.620783 157.773 -0.0123478 0.997378 -0.0713121 -11.4243 -0.621629 -0.0635179 -0.780732 56.0448 
-0.798097 0.0366038 0.601416 158.564 -0.00759405 0.997463 -0.0707859 -11.5268 -0.602481 -0.0610611 -0.795794 55.0308 
-0.812871 0.0376488 0.581225 159.33 -0.00616419 0.997297 -0.0732207 -11.6294 -0.582411 -0.0631018 -0.810442 54.0006 
-0.826644 0.0394555 0.56134 160.07 -0.00514234 0.996968 -0.0776477 -11.7298 -0.562702 -0.0670735 -0.823934 52.9431 
-0.839979 0.039939 0.541147 160.796 -0.00264336 0.996974 -0.0776842 -11.834 -0.542613 -0.0666835 -0.837332 51.8612 
-0.852036 0.0378821 0.522111 161.497 -0.00145908 0.997202 -0.0747339 -11.9503 -0.523481 -0.0644377 -0.849597 50.7877 
-0.863102 0.0393519 0.503495 162.168 0.000716635 0.997054 -0.0766988 -12.0543 -0.50503 -0.065838 -0.860587 49.7126 
-0.872857 0.0420248 0.486163 162.804 0.00335291 0.996778 -0.0801435 -12.1614 -0.487964 -0.0683237 -0.870185 48.6355 
-0.882257 0.0397206 0.469089 163.464 0.00151795 0.996669 -0.0815391 -12.2804 -0.470765 -0.0712264 -0.879378 47.472 
-0.891033 0.0361402 0.452497 164.093 -0.000580278 0.996734 -0.0807503 -12.4 -0.453938 -0.0722138 -0.888102 46.3415 
-0.898461 0.0343327 0.437708 164.691 -0.00137582 0.996713 -0.0810037 -12.5108 -0.43905 -0.0733809 -0.895461 45.1914 
-0.905358 0.0320685 0.423437 165.265 -0.00254249 0.996717 -0.0809215 -12.6133 -0.424642 -0.0743395 -0.902304 43.9988 
-0.91199 0.0293668 0.409159 165.827 -0.00394871 0.996759 -0.0803425 -12.72 -0.410193 -0.0748872 -0.908919 42.8378 
-0.918085 0.023425 0.395691 166.381 -0.00767625 0.997014 -0.0768338 -12.829 -0.39631 -0.0735774 -0.915164 41.6669 
-0.923279 0.0207108 0.383571 166.901 -0.00817877 0.997259 -0.0735336 -12.9339 -0.384043 -0.0710292 -0.920579 40.4668 
-0.927843 0.0209853 0.372381 167.412 -0.00568885 0.997503 -0.0703883 -13.0375 -0.372928 -0.0674277 -0.925407 39.2718 
-0.931111 0.0247917 0.363892 167.894 -0.00158416 0.997403 -0.0720059 -13.1407 -0.364732 -0.067622 -0.928654 38.0816 
-0.933783 0.0300482 0.356577 168.377 0.00379111 0.997243 -0.0741085 -13.2347 -0.35782 -0.0678494 -0.931322 36.9179 
-0.935984 0.0327322 0.350517 168.85 0.0060956 0.997026 -0.0768279 -13.3322 -0.351989 -0.0697731 -0.9334 35.734 
-0.937932 0.029762 0.34554 169.326 0.00380841 0.997135 -0.0755476 -13.442 -0.346799 -0.0695425 -0.935358 34.5284 
-0.939869 0.0224821 0.340793 169.797 -0.00221829 0.997408 -0.0719166 -13.5459 -0.341527 -0.0683482 -0.937383 33.3213 
-0.941689 0.0161474 0.336097 170.258 -0.00802488 0.997486 -0.0704076 -13.6463 -0.336389 -0.0689991 -0.939192 32.1214 
-0.943466 0.00943807 0.331333 170.714 -0.0150994 0.997333 -0.0714045 -13.7521 -0.331124 -0.0723707 -0.940808 30.9202 
-0.945108 0.0066748 0.32669 171.173 -0.0187273 0.997041 -0.0745489 -13.8499 -0.326222 -0.0765747 -0.942187 29.7174 
-0.945689 0.00613974 0.325014 171.611 -0.0199232 0.996847 -0.0768015 -13.9573 -0.324461 -0.0791056 -0.942586 28.4892 
-0.945854 0.00700063 0.324518 172.043 -0.0198013 0.996661 -0.079214 -14.056 -0.323989 -0.0813507 -0.942557 27.2817 
-0.945782 0.00973332 0.324657 172.477 -0.0174888 0.996575 -0.0808257 -14.169 -0.324332 -0.0821213 -0.942372 26.0598 
-0.945548 0.0100048 0.325328 172.922 -0.0178722 0.996423 -0.0825875 -14.2765 -0.324991 -0.0839048 -0.941988 24.8503 
-0.945454 0.0100297 0.325602 173.372 -0.0185408 0.996249 -0.0845254 -14.3938 -0.325228 -0.0859518 -0.941721 23.652 
-0.944853 0.0115543 0.327291 173.808 -0.0170159 0.996295 -0.0842948 -14.5073 -0.327053 -0.0852153 -0.941156 22.4387 
-0.944112 0.0104041 0.329461 174.25 -0.018734 0.996192 -0.0851437 -14.6218 -0.329093 -0.0865573 -0.940322 21.2414 
-0.943244 0.00830773 0.331996 174.709 -0.0211974 0.996142 -0.0851517 -14.747 -0.331423 -0.0873563 -0.939429 20.0787 
-0.941307 0.00700532 0.337478 175.158 -0.02271 0.996205 -0.0840229 -14.8467 -0.336786 -0.0867555 -0.937576 18.847 
-0.939462 0.00385177 0.34263 175.63 -0.0257281 0.996321 -0.0817448 -14.9581 -0.341685 -0.0856113 -0.935907 17.6535 
-0.93689 0.00117358 0.349621 176.094 -0.0283285 0.996451 -0.0792577 -15.0662 -0.348474 -0.08416 -0.933533 16.4644 
-0.934216 0.00347001 0.356691 176.559 -0.0266034 0.99649 -0.0793715 -15.1731 -0.355715 -0.0836393 -0.930844 15.2931 
-0.931332 0.00316331 0.364157 177.036 -0.0279763 0.996386 -0.0802049 -15.2758 -0.363094 -0.0848852 -0.927878 14.1519 
-0.92749 0.00657167 0.373789 177.517 -0.0261056 0.996266 -0.0822918 -15.3883 -0.372935 -0.0860828 -0.923856 12.9811 
-0.923607 0.00699294 0.383276 178.006 -0.0264633 0.996285 -0.0819479 -15.4924 -0.382426 -0.0858304 -0.919991 11.8623 
-0.918799 0.00833736 0.394637 178.53 -0.0266087 0.996194 -0.0829969 -15.6136 -0.393827 -0.0867583 -0.915081 10.7028 
-0.913262 0.0106995 0.407231 179.06 -0.0258466 0.996119 -0.0841361 -15.7199 -0.406551 -0.0873639 -0.909442 9.55655 
-0.907296 0.0122354 0.420314 179.629 -0.0256634 0.996102 -0.0843941 -15.8348 -0.419708 -0.0873571 -0.903446 8.38214 
-0.900857 0.0121967 0.433945 180.186 -0.0258714 0.99632 -0.0817115 -15.9469 -0.433345 -0.0848371 -0.897226 7.23746 
-0.894551 0.0147306 0.446722 180.764 -0.0242996 0.996376 -0.0815148 -16.0692 -0.446304 -0.0837743 -0.890952 6.10896 
-0.88834 0.0161903 0.4589 181.358 -0.0234155 0.996481 -0.0804843 -16.1757 -0.458589 -0.0822428 -0.884835 5.01911 
-0.880546 0.0178397 0.473625 181.973 -0.0223826 0.996611 -0.0791517 -16.2811 -0.473432 -0.0802976 -0.877163 3.86362 
-0.872744 0.0196567 0.487782 182.59 -0.0200037 0.99691 -0.0759645 -16.3905 -0.487768 -0.076055 -0.869654 2.77702 
-0.865028 0.0216171 0.501258 183.186 -0.017544 0.997157 -0.073279 -16.5101 -0.501417 -0.0721825 -0.862189 1.76601 
-0.85638 0.0241825 0.515779 183.831 -0.0153536 0.997268 -0.0722498 -16.6123 -0.516117 -0.0697924 -0.85367 0.715751 
-0.845987 0.0271513 0.532512 184.505 -0.0121916 0.997457 -0.070226 -16.7187 -0.533065 -0.0659024 -0.843504 -0.337067 
-0.835139 0.0302866 0.549204 185.176 -0.0087282 0.997627 -0.0682879 -16.821 -0.549969 -0.0618234 -0.832893 -1.34987 
-0.823501 0.0321711 0.566402 185.862 -0.00685478 0.997754 -0.0666378 -16.9226 -0.567274 -0.0587588 -0.82143 -2.35804 
-0.812135 0.0343744 0.582456 186.588 -0.00563836 0.997754 -0.0667454 -17.0108 -0.583442 -0.0574904 -0.810117 -3.34686 
-0.79939 0.0371769 0.599661 187.334 -0.0035764 0.997772 -0.066626 -17.097 -0.600802 -0.0554048 -0.797476 -4.3293 
-0.787202 0.0377407 0.615539 188.111 -0.00210473 0.997955 -0.0638796 -17.192 -0.616691 -0.0515817 -0.785513 -5.2445 
-0.772115 0.0394529 0.634257 188.887 -2.46994e-05 0.998069 -0.0621134 -17.2811 -0.635483 -0.0479743 -0.770623 -6.19055 
-0.755548 0.042638 0.653704 189.726 0.00173382 0.998006 -0.0630913 -17.3638 -0.65509 -0.0465351 -0.754116 -7.13683 
-0.738127 0.0457991 0.673105 190.507 0.00345528 0.997937 -0.0641121 -17.4607 -0.674652 -0.0449971 -0.736763 -8.00473 
-0.720722 0.0464858 0.691664 191.344 0.00275145 0.997933 -0.0642028 -17.5502 -0.693219 -0.0443692 -0.71936 -8.85884 
-0.701522 0.0463548 0.711139 192.197 0.00243506 0.998032 -0.0626535 -17.6509 -0.712644 -0.0422211 -0.700254 -9.69238 
-0.681751 0.0453619 0.730177 193.02 0.00143917 0.998157 -0.0606664 -17.7516 -0.731583 -0.0403085 -0.680559 -10.4674 
-0.661992 0.0453438 0.748138 193.911 -0.000909197 0.998119 -0.0612993 -17.839 -0.749511 -0.0412598 -0.660705 -11.2231 
-0.642509 0.0451316 0.764948 194.837 -0.00282791 0.998118 -0.0612638 -17.9239 -0.766273 -0.0415257 -0.641171 -11.9636 
-0.62191 0.045445 0.781769 195.775 -0.0048944 0.99807 -0.0619124 -17.9928 -0.783073 -0.0423302 -0.620487 -12.6779 
-0.599717 0.0458849 0.798895 196.727 -0.00513618 0.998113 -0.0611828 -18.0616 -0.800195 -0.0407956 -0.59835 -13.3707 
-0.576182 0.046438 0.816001 197.699 -0.00615956 0.998109 -0.061151 -18.1409 -0.817298 -0.0402603 -0.574807 -14.0333 
-0.551428 0.049601 0.832747 198.68 -0.00453115 0.998038 -0.0624468 -18.2185 -0.83421 -0.0382082 -0.550121 -14.662 
-0.525141 0.0504334 0.849519 199.679 -0.00524052 0.998032 -0.0624897 -18.2959 -0.850999 -0.0372678 -0.523843 -15.2721 
-0.498104 0.0492572 0.865717 200.7 -0.00635391 0.998151 -0.0604483 -18.3795 -0.867094 -0.0356102 -0.49687 -15.8345 
-0.470987 0.0475271 0.880859 201.681 -0.00976268 0.998206 -0.0590787 -18.4553 -0.882086 -0.0364248 -0.469678 -16.353 
-0.441417 0.0492788 0.895948 202.744 -0.0099028 0.998162 -0.0597798 -18.5256 -0.897248 -0.0352602 -0.440118 -16.8652 
-0.410946 0.0520044 0.910175 203.81 -0.0118424 0.997983 -0.0623684 -18.5946 -0.911583 -0.0364086 -0.409501 -17.3268 
-0.37994 0.0536882 0.923452 204.837 -0.0101036 0.998014 -0.0621802 -18.6645 -0.924956 -0.0329549 -0.378643 -17.7416 
-0.348378 0.0541537 0.935788 205.914 -0.00888013 0.998094 -0.0610653 -18.7449 -0.937312 -0.0295837 -0.347233 -18.1385 
-0.318505 0.0554679 0.946297 207 -0.0110326 0.998002 -0.0622121 -18.801 -0.947857 -0.0302549 -0.317256 -18.4324 
-0.285549 0.053997 0.956842 208.053 -0.00980502 0.998195 -0.0592568 -18.8882 -0.958314 -0.0263026 -0.284504 -18.7377 
-0.251983 0.0531936 0.966269 209.139 -0.0112351 0.99826 -0.0578847 -18.9558 -0.967666 -0.0254421 -0.250947 -19.0113 
-0.217859 0.0516501 0.974613 210.212 -0.00972977 0.998434 -0.0550875 -19.0409 -0.975932 -0.0214841 -0.217015 -19.2559 
-0.183319 0.0509808 0.981731 211.305 -0.00944879 0.998517 -0.0536169 -19.1206 -0.983008 -0.0191052 -0.182565 -19.4664 
-0.148993 0.050494 0.987548 212.428 -0.00948421 0.998576 -0.0524889 -19.1963 -0.988793 -0.0171866 -0.148302 -19.6186 
-0.112499 0.0508727 0.992349 213.564 -0.00897635 0.998596 -0.0522107 -19.2606 -0.993611 -0.0147813 -0.111884 -19.7545 
-0.0778848 0.0517396 0.995619 214.718 -0.011404 0.998541 -0.0527837 -19.3289 -0.996897 -0.015465 -0.0771811 -19.8323 
-0.0429332 0.0511435 0.997768 215.848 -0.0119414 0.998591 -0.0516996 -19.4035 -0.999006 -0.0141344 -0.042262 -19.8923 
-0.00935131 0.0505451 0.998678 217.032 -0.0130892 0.99863 -0.0506653 -19.4671 -0.999871 -0.0135456 -0.0086769 -19.8931 
0.0235829 0.0506517 0.998438 218.17 -0.014131 0.998633 -0.0503279 -19.5414 -0.999622 -0.0129221 0.0242664 -19.8524 
0.0561071 0.0504229 0.997151 219.284 -0.0138905 0.998667 -0.049718 -19.613 -0.998328 -0.0110614 0.0567327 -19.7852 
0.0875166 0.0486072 0.994976 220.445 -0.0133568 0.998776 -0.0476181 -19.6761 -0.996073 -0.00912229 0.0880588 -19.6686 
0.118892 0.0474832 0.991771 221.612 -0.0115896 0.998854 -0.0464331 -19.7379 -0.992839 -0.00597365 0.119306 -19.5287 
0.149266 0.0478266 0.98764 222.75 -0.0104436 0.99885 -0.0467912 -19.7964 -0.988742 -0.0033302 0.149593 -19.3507 
0.180028 0.047666 0.982506 223.897 -0.00838748 0.998863 -0.0469228 -19.8563 -0.983626 0.000206682 0.180224 -19.1467 
0.209285 0.0468068 0.976734 225.004 -0.00560954 0.998895 -0.0466669 -19.9185 -0.977838 0.00428767 0.209317 -18.8854 
0.239988 0.0447568 0.969743 226.147 -0.0027234 0.998964 -0.0454315 -19.9855 -0.970772 0.00826202 0.239861 -18.6109 
0.269765 0.0435597 0.96194 227.272 -0.000390374 0.998981 -0.0451276 -20.044 -0.962926 0.0117984 0.269508 -18.2861 
0.299362 0.0429716 0.953171 228.39 0.00279659 0.998941 -0.0459135 -20.1059 -0.954135 0.0164104 0.298925 -17.9278 
0.328252 0.0421726 0.943648 229.495 0.00383519 0.998935 -0.0459777 -20.1696 -0.944582 0.0187113 0.327741 -17.5461 
0.355951 0.0411278 0.933599 230.559 0.0036067 0.998963 -0.0453825 -20.2289 -0.934498 0.0195211 0.355434 -17.1248 
0.384057 0.0407372 0.92241 231.635 0.00304646 0.998965 -0.0453867 -20.289 -0.923304 0.0202411 0.383535 -16.668 
0.412234 0.0419437 0.910112 232.683 0.00445294 0.998835 -0.0480496 -20.3569 -0.911067 0.0238604 0.411567 -16.1816 
0.440812 0.0428375 0.896577 233.753 0.00615917 0.998693 -0.0507448 -20.4249 -0.897578 0.0278911 0.439971 -15.6548 
0.468074 0.0418937 0.882696 234.803 0.00678704 0.998676 -0.0509974 -20.4871 -0.883663 0.0298614 0.46717 -15.0848 
0.494781 0.0398987 0.868101 235.809 0.00765424 0.998707 -0.0502641 -20.5461 -0.868984 0.0315144 0.493836 -14.4976 
0.520424 0.0373837 0.853089 236.823 0.00736148 0.998808 -0.0482603 -20.6247 -0.853876 0.0313958 0.519528 -13.8824 
0.543638 0.0372781 0.838492 237.817 0.00620552 0.998807 -0.0484289 -20.698 -0.839297 0.0315311 0.542758 -13.2234 
0.564936 0.0375272 0.824281 238.802 0.00499681 0.998791 -0.048897 -20.7613 -0.82512 0.0317424 0.564065 -12.5401 
0.58479 0.0365403 0.810361 239.761 0.00408965 0.998839 -0.0479904 -20.8273 -0.811174 0.0313784 0.583962 -11.8324 
0.603825 0.0337099 0.796404 240.729 0.00397059 0.998966 -0.0452944 -20.8981 -0.797107 0.0305121 0.603067 -11.0968 
0.621384 0.0305612 0.78291 241.68 0.00531617 0.999051 -0.0432178 -20.9617 -0.783488 0.0310169 0.620632 -10.3341 
0.63861 0.0276219 0.769035 242.633 0.0069938 0.999106 -0.0416933 -21.0261 -0.769499 0.0320042 0.637846 -9.55231 
0.653457 0.0260969 0.756514 243.498 0.00819611 0.999103 -0.0415451 -21.0833 -0.756919 0.0333484 0.652657 -8.74647 
0.668805 0.0261114 0.742979 244.402 0.00774657 0.999084 -0.0420853 -21.141 -0.743397 0.0339024 0.66799 -7.91874 
0.683875 0.0244889 0.729188 245.283 0.00878861 0.999087 -0.0417958 -21.2047 -0.729546 0.0349916 0.683035 -7.06596 
0.698582 0.022797 0.715167 246.158 0.00805212 0.999178 -0.0397159 -21.2553 -0.715485 0.0335034 0.697825 -6.1926 
0.713316 0.0198111 0.700563 247.011 0.00903747 0.999257 -0.03746 -21.3165 -0.700784 0.0330521 0.712607 -5.30937 
0.727384 0.0182508 0.685987 247.828 0.00961192 0.999277 -0.0367781 -21.3705 -0.686163 0.0333454 0.726683 -4.41655 
0.741101 0.0182687 0.671145 248.644 0.0103848 0.999198 -0.0386658 -21.424 -0.671313 0.0356249 0.740317 -3.49391 
0.754128 0.0173908 0.656497 249.467 0.0111391 0.999167 -0.039264 -21.4809 -0.656633 0.0369229 0.753306 -2.54607 
0.766336 0.0162019 0.642236 250.269 0.0113233 0.999186 -0.0387183 -21.5385 -0.64234 0.0369434 0.765529 -1.57547 
0.777655 0.0142228 0.62853 251.052 0.0115434 0.999252 -0.0368941 -21.5912 -0.628585 0.0359462 0.77691 -0.588576 
0.788328 0.0116385 0.615144 251.816 0.0132702 0.999267 -0.0359124 -21.6479 -0.615111 0.0364738 0.787596 0.423161 
0.797878 0.0119473 0.6027 252.546 0.0126202 0.999253 -0.0365155 -21.7009 -0.602686 0.036741 0.797132 1.43955 
0.806968 0.00943063 0.590519 253.285 0.0167088 0.999108 -0.0387892 -21.7537 -0.590358 0.0411685 0.806091 2.47258 
0.815727 0.00711555 0.578394 254.016 0.0181439 0.999117 -0.0378806 -21.8064 -0.578153 0.0413945 0.814878 3.50973 
0.823878 0.00384911 0.566755 254.744 0.0209193 0.999089 -0.0371954 -21.8664 -0.566381 0.0425005 0.823047 4.5761 
0.830448 0.00224245 0.557091 255.446 0.0223027 0.999056 -0.037268 -21.9184 -0.556649 0.0433738 0.829615 5.66856 
0.835445 0.000945567 0.549574 256.139 0.023085 0.999055 -0.0368122 -21.9701 -0.54909 0.0434414 0.834634 6.77531 
0.839025 0.00154366 0.54409 256.837 0.0212872 0.999137 -0.0356612 -22.0271 -0.543676 0.0415028 0.838268 7.899 
0.841698 0.000645535 0.539949 257.533 0.0213719 0.999176 -0.0345103 -22.0829 -0.539526 0.0405869 0.84099 9.01505 
0.844224 4.19305e-05 0.535991 258.233 0.0219378 0.999159 -0.034632 -22.1332 -0.535542 0.0409956 0.843513 10.1416 
0.846376 -0.000502205 0.532585 258.922 0.0222367 0.999161 -0.0343963 -22.1806 -0.532121 0.0409551 0.845677 11.2705 
0.848525 -0.00315611 0.529145 259.634 0.0238863 0.999191 -0.032344 -22.2367 -0.528615 0.0400839 0.847915 12.4341 
0.850584 -0.00442729 0.52582 260.278 0.0245105 0.999211 -0.031236 -22.2961 -0.525267 0.0394569 0.850022 13.5204 
0.852583 -0.00502336 0.522567 260.943 0.0253564 0.999174 -0.031765 -22.3427 -0.521975 0.0403327 0.852006 14.6579 
0.855164 -0.00721467 0.518307 261.674 0.0272771 0.999144 -0.0310975 -22.3958 -0.517638 0.0407313 0.854629 15.8534 
0.857535 -0.00723132 0.514374 262.369 0.0268431 0.999168 -0.0307047 -22.4527 -0.513724 0.0401377 0.857016 17.0153 
0.860258 -0.00897136 0.509781 263.138 0.0279148 0.999174 -0.0295227 -22.5307 -0.509095 0.0396275 0.859798 18.2442 
0.862994 -0.00961064 0.505123 263.901 0.0282927 0.999169 -0.0293273 -22.5985 -0.504422 0.0396005 0.862549 19.4735 
