1 -4.23778e-08 4.22719e-08 0 -4.23778e-08 1 -4.19404e-08 0 4.22719e-08 -4.19404e-08 1 0 
0.999996 -0.00239601 -0.00163902 -0.0143266 0.0024014 0.999991 0.00334516 -0.0293974 0.00163108 -0.00334916 0.999993 1.52062 
0.999991 -0.0027241 -0.00309979 -0.0403467 0.0027364 0.999988 0.00399706 -0.0467025 0.00308895 -0.00400559 0.999987 3.0447 
0.999989 -0.00147028 -0.00452255 -0.0767589 0.00148571 0.999993 0.00342916 -0.0574604 0.00451756 -0.00343593 0.999984 4.54338 
0.999983 -0.00102665 -0.00571786 -0.126407 0.00104602 0.999994 0.00340067 -0.0726741 0.00571442 -0.00340668 0.999978 6.0384 
0.999974 -0.000749326 -0.00716463 -0.162037 0.000775397 0.999993 0.00364842 -0.0896735 0.00716193 -0.00365397 0.999968 7.56454 
0.999965 -0.00110392 -0.00832215 -0.21874 0.00113881 0.99999 0.00419908 -0.115295 0.00831752 -0.00420849 0.999956 9.05967 
0.99994 -0.00305991 -0.0104836 -0.239991 0.00309561 0.999989 0.00339895 -0.128465 0.0104732 -0.00343128 0.999939 10.559 
0.999919 -0.00424048 -0.0120187 -0.272497 0.0042837 0.999984 0.00357943 -0.142633 0.0120034 -0.00363071 0.999921 12.094 
0.999902 -0.00384048 -0.0134515 -0.306276 0.00388875 0.999986 0.00357044 -0.161065 0.0134377 -0.00362248 0.999903 13.5953 
0.999882 -0.00356352 -0.0149265 -0.337485 0.00362138 0.999986 0.00385623 -0.183216 0.0149127 -0.00390991 0.999881 15.0909 
0.999874 -0.00203842 -0.0157107 -0.373966 0.00211301 0.999986 0.00473792 -0.207597 0.015701 -0.00477061 0.999865 16.5858 
0.999863 -5.77122e-05 -0.016565 -0.415516 0.000143697 0.999986 0.00519466 -0.217068 0.0165646 -0.00519641 0.999849 18.063 
0.999852 0.000818897 -0.0171617 -0.460197 -0.000716843 0.999982 0.00595679 -0.226922 0.0171664 -0.00594369 0.999835 19.5597 
0.999843 0.000813008 -0.0176874 -0.504189 -0.000707696 0.999982 0.00596426 -0.244441 0.017692 -0.00595089 0.999826 21.0153 
0.999822 0.00136012 -0.0187927 -0.53881 -0.00124482 0.99998 0.00614999 -0.258042 0.0188008 -0.00612559 0.999804 22.499 
0.999812 0.00170424 -0.0193158 -0.582541 -0.0015714 0.999975 0.00689498 -0.273176 0.0193271 -0.00686342 0.99979 23.9384 
0.999808 0.00229985 -0.0194419 -0.625158 -0.00214636 0.999966 0.00791654 -0.281935 0.0194595 -0.00787338 0.99978 25.4014 
0.999805 0.00225283 -0.0195968 -0.667102 -0.00212192 0.999975 0.00670272 -0.295463 0.0196115 -0.00665992 0.999785 26.8565 
0.999796 0.00250903 -0.0200472 -0.706658 -0.00241364 0.999986 0.00478474 -0.307612 0.020059 -0.00473546 0.999787 28.2722 
0.999803 0.000283735 -0.0198421 -0.752141 -0.000197132 0.99999 0.00437069 -0.320481 0.0198433 -0.004366 0.999793 29.6926 
0.9998 -0.000703941 -0.0199863 -0.789989 0.0008399 0.999976 0.0067992 -0.329317 0.0199812 -0.00681471 0.999777 31.114 
0.999796 -0.0018807 -0.0201259 -0.830631 0.00203994 0.999967 0.00789864 -0.340571 0.0201104 -0.00793817 0.999766 32.5227 
0.999791 -0.00287162 -0.0202186 -0.877953 0.00302442 0.999967 0.00753526 -0.36012 0.0201964 -0.00759492 0.999767 33.8957 
0.999773 -0.00322246 -0.0210368 -0.902166 0.00334383 0.999978 0.00574083 -0.370921 0.0210179 -0.00580996 0.999762 35.2639 
0.999786 -0.0021817 -0.0205689 -0.948001 0.00228608 0.999985 0.00505669 -0.387595 0.0205577 -0.00510272 0.999776 36.6404 
0.999809 -0.0014325 -0.0194731 -0.998265 0.001516 0.99999 0.00427816 -0.405819 0.0194668 -0.00430695 0.999801 37.992 
0.99983 -0.00104828 -0.0183985 -1.03612 0.00113866 0.999987 0.00490733 -0.416434 0.0183932 -0.00492753 0.999819 39.3426 
0.999858 -0.000223117 -0.0168196 -1.0845 0.00033624 0.999977 0.00672813 -0.431613 0.0168178 -0.00673291 0.999836 40.6549 
0.99988 -0.0013583 -0.0154151 -1.12374 0.00148623 0.999964 0.00829613 -0.458649 0.0154033 -0.00831814 0.999847 41.9552 
0.999913 -1.95538e-05 -0.0131504 -1.15806 0.000138775 0.999959 0.00907153 -0.476451 0.0131497 -0.00907265 0.999872 43.2098 
0.999953 -0.000289678 -0.00963326 -1.19474 0.000370935 0.999964 0.0084431 -0.490909 0.00963055 -0.00844637 0.999918 44.4709 
0.999979 -0.000826349 -0.00636667 -1.21224 0.000869299 0.999977 0.00675944 -0.503567 0.00636102 -0.00676492 0.999957 45.7069 
0.999995 -0.000549302 -0.00303259 -1.2353 0.000563318 0.999989 0.00465064 -0.508648 0.00303008 -0.00465242 0.999985 46.9364 
1 -0.000537463 0.000615059 -1.24562 0.000534088 0.999986 0.00533898 -0.53003 -0.000617835 -0.00533874 0.999985 48.1367 
0.999984 -0.000110604 0.00567816 -1.25143 8.11562e-05 0.999987 0.00517119 -0.542519 -0.00567857 -0.00517073 0.99997 49.35 
0.999928 0.00132214 0.0118833 -1.25113 -0.00137445 0.999989 0.00438764 -0.55918 -0.0118773 -0.00440374 0.99992 50.5516 
0.999812 0.00223263 0.0192668 -1.25082 -0.00232092 0.999987 0.0045569 -0.573271 -0.0192563 -0.00460084 0.999804 51.7454 
0.99961 0.00372205 0.0276711 -1.23311 -0.00387131 0.999978 0.00533939 -0.582611 -0.0276506 -0.00544451 0.999603 52.9567 
0.999255 0.0059687 0.0381219 -1.21285 -0.00619784 0.999963 0.0058929 -0.595305 -0.0380853 -0.00612487 0.999256 54.1206 
0.998666 0.00845307 0.0509332 -1.17655 -0.00875349 0.999945 0.0056764 -0.605898 -0.0508824 -0.00611476 0.998686 55.2766 
0.997791 0.0105724 0.0655866 -1.11901 -0.0110021 0.99992 0.00619286 -0.618324 -0.0655158 -0.00690085 0.997828 56.4302 
0.99658 0.0125421 0.0816776 -1.0446 -0.0132168 0.999883 0.00772471 -0.631566 -0.081571 -0.00877789 0.996629 57.5526 
0.994957 0.0121871 0.0995622 -0.956015 -0.0130733 0.99988 0.00825269 -0.643861 -0.0994497 -0.00951276 0.994997 58.6708 
0.992906 0.0113595 0.118355 -0.837528 -0.0123308 0.999896 0.00747649 -0.652504 -0.118257 -0.00888294 0.992943 59.7752 
0.990309 0.0105905 0.138478 -0.703532 -0.0116192 0.99991 0.0066218 -0.66517 -0.138395 -0.0081667 0.990343 60.8332 
0.98715 0.0082197 0.159584 -0.548142 -0.00935055 0.999936 0.00633605 -0.671605 -0.159522 -0.00774691 0.987164 61.8898 
0.983506 0.00286771 0.180854 -0.361536 -0.00449722 0.999953 0.00860016 -0.685666 -0.180821 -0.00927172 0.983472 62.9356 
0.978893 -0.00192118 0.204364 -0.157934 -7.91738e-05 0.999952 0.00977915 -0.692536 -0.204373 -0.00958899 0.978846 63.9849 
0.973636 -0.00700985 0.228001 0.0769493 0.00499933 0.999943 0.00939398 -0.704248 -0.228054 -0.00800653 0.973616 64.9936 
0.967394 -0.0133983 0.252922 0.339384 0.011834 0.9999 0.00770457 -0.711059 -0.253 -0.00446034 0.967456 65.9974 
0.960193 -0.0169836 0.278822 0.62481 0.0152299 0.999848 0.00845437 -0.717114 -0.278923 -0.00387146 0.960306 66.9686 
0.951865 -0.0197799 0.305877 0.929703 0.0173328 0.999792 0.010714 -0.72207 -0.306026 -0.00489662 0.952011 67.9319 
0.94249 -0.024254 0.333353 1.26049 0.0209255 0.999689 0.013572 -0.724603 -0.333578 -0.00581595 0.942704 68.8713 
0.931792 -0.0277332 0.361931 1.61777 0.0246206 0.99961 0.0132096 -0.72888 -0.362156 -0.00339768 0.932111 69.7993 
0.919973 -0.02703 0.391047 1.98886 0.0253841 0.999634 0.00937826 -0.734783 -0.391158 0.00129856 0.920323 70.6986 
0.907192 -0.0282238 0.419769 2.39496 0.0292402 0.999564 0.00401395 -0.736258 -0.419699 0.00863264 0.907622 71.5767 
0.893115 -0.0301849 0.448815 2.81541 0.0327598 0.999461 0.00202827 -0.747625 -0.448634 0.0128915 0.893623 72.4325 
0.877755 -0.0310015 0.478106 3.2692 0.0325584 0.999457 0.00503304 -0.75764 -0.478002 0.0111485 0.878288 73.2749 
0.860425 -0.0301197 0.508685 3.76797 0.0286034 0.999532 0.0108013 -0.763087 -0.508773 0.00525632 0.860885 74.1246 
0.8411 -0.0303472 0.540027 4.26334 0.026662 0.999537 0.0146431 -0.771789 -0.540221 0.00208183 0.84152 74.9191 
0.820206 -0.0240504 0.571562 4.78476 0.0222979 0.999701 0.0100675 -0.781685 -0.571633 0.00448709 0.820497 75.6933 
0.7986 -0.0171244 0.601618 5.33306 0.0193699 0.999809 0.00274637 -0.781185 -0.60155 0.00945997 0.798779 76.4403 
0.776358 -0.0151242 0.63011 5.90584 0.0188642 0.999822 0.000755464 -0.786943 -0.630009 0.0113 0.776505 77.1589 
0.753447 -0.0173341 0.65728 6.51578 0.0195509 0.999801 0.00395564 -0.794971 -0.657218 0.00987002 0.753636 77.8568 
0.729287 -0.0174139 0.683987 7.13541 0.0195862 0.999798 0.00457068 -0.804882 -0.683928 0.0100633 0.72948 78.5261 
0.704658 -0.0160106 0.709366 7.79103 0.0210536 0.999777 0.00165118 -0.812844 -0.709234 0.0137712 0.704838 79.1623 
0.678705 -0.0133534 0.734289 8.44775 0.020664 0.999786 -0.00091837 -0.820385 -0.73412 0.0157966 0.678836 79.7784 
0.652053 -0.0110654 0.758093 9.11887 0.0192504 0.999813 -0.00196428 -0.82924 -0.757929 0.0158744 0.652143 80.3649 
0.624624 -0.00969717 0.780865 9.82892 0.0193505 0.999808 -0.0030627 -0.839337 -0.780686 0.0170231 0.624692 80.9306 
0.596193 -0.00325357 0.802834 10.5423 0.0179862 0.999795 -0.0093051 -0.857405 -0.802639 0.0199876 0.596129 81.4692 
0.566202 0.00608501 0.824244 11.2699 0.016569 0.999687 -0.0187621 -0.875105 -0.8241 0.02428 0.565924 81.9876 
0.535231 0.0142092 0.844586 12.0213 0.0154354 0.999527 -0.0265977 -0.905648 -0.844565 0.0272724 0.534758 82.4877 
0.504061 0.019218 0.863454 12.8129 0.0129354 0.999472 -0.0297968 -0.93293 -0.863571 0.0261885 0.503546 82.9574 
0.471437 0.0187887 0.881699 13.6148 0.0107787 0.999576 -0.0270639 -0.967936 -0.881834 0.0222625 0.471034 83.4078 
0.438263 0.0176241 0.898674 14.4443 0.00637544 0.999722 -0.022715 -0.996308 -0.898824 0.0156846 0.438028 83.8294 
0.404403 0.0190513 0.914383 15.2935 0.00209868 0.999761 -0.0217585 -1.02398 -0.914579 0.0107182 0.404266 84.2119 
0.369367 0.022192 0.929019 16.1613 -0.00534572 0.999749 -0.0217563 -1.05467 -0.929268 0.00306974 0.369393 84.578 
0.334393 0.0240361 0.942127 17.0478 -0.00974699 0.999709 -0.0220458 -1.07697 -0.942383 -0.00181098 0.33453 84.8911 
0.29894 0.0235689 0.953981 17.946 -0.0123606 0.999707 -0.0208253 -1.10279 -0.954192 -0.00556629 0.299144 85.1781 
0.262972 0.0230987 0.964527 18.8592 -0.012954 0.999708 -0.0204095 -1.13259 -0.964716 -0.00712738 0.263194 85.4368 
0.226977 0.0225904 0.973638 19.7872 -0.0122093 0.999718 -0.0203494 -1.16164 -0.973824 -0.00726865 0.227189 85.669 
0.191478 0.0216407 0.981258 20.7332 -0.0103325 0.999746 -0.0200323 -1.18369 -0.981442 -0.00630313 0.191653 85.862 
0.157025 0.0202502 0.987387 21.7128 -0.002021 0.999794 -0.0201834 -1.21848 -0.987593 0.00117377 0.157033 86.0225 
0.123016 0.0236582 0.992123 22.6842 0.000183473 0.999715 -0.0238621 -1.24749 -0.992405 0.00311745 0.122977 86.1528 
0.0901092 0.0288957 0.995513 23.6333 0.000914783 0.999576 -0.0290965 -1.27641 -0.995931 0.00353254 0.0900446 86.2527 
0.0609978 0.0323708 0.997613 24.5849 0.0080193 0.999426 -0.0329201 -1.31441 -0.998106 0.0100082 0.0607032 86.3139 
0.0352906 0.030681 0.998906 25.5653 0.00951919 0.999473 -0.0310348 -1.34996 -0.999332 0.010604 0.0349799 86.357 
0.012826 0.0273543 0.999543 26.5496 0.0113105 0.999558 -0.0274999 -1.39068 -0.999854 0.011658 0.012511 86.3808 
-0.00598314 0.0252539 0.999663 27.5455 0.0115621 0.999616 -0.0251836 -1.42268 -0.999915 0.0114075 -0.00627283 86.3851 
-0.0227148 0.0283155 0.999341 28.5413 0.0128284 0.999525 -0.0280292 -1.45868 -0.99966 0.0121833 -0.0230673 86.3693 
-0.0374001 0.0330798 0.998753 29.5205 0.0152079 0.999355 -0.0325304 -1.49037 -0.999185 0.0139723 -0.0378791 86.3406 
-0.0492362 0.0381308 0.998059 30.5138 0.0202029 0.999104 -0.0371742 -1.53384 -0.998583 0.0183334 -0.0499625 86.2929 
-0.058181 0.0413561 0.997449 31.5076 0.0256778 0.998873 -0.0399174 -1.58076 -0.997976 0.0232899 -0.0591774 86.2385 
-0.06395 0.0468324 0.996854 32.5241 0.0295417 0.998549 -0.045017 -1.6262 -0.997516 0.02657 -0.0652407 86.1703 
-0.0673344 0.0515744 0.996396 33.5397 0.0324945 0.998247 -0.0494743 -1.68141 -0.997201 0.0290461 -0.0688922 86.1023 
-0.0701633 0.0555514 0.995987 34.5499 0.0347663 0.997978 -0.0532133 -1.73825 -0.996929 0.0308932 -0.0719527 86.0389 
-0.0725433 0.0585274 0.995646 35.5457 0.0354202 0.997798 -0.0560732 -1.79942 -0.996736 0.0311983 -0.0744566 85.972 
-0.074827 0.0620147 0.995266 36.5681 0.0365511 0.997564 -0.05941 -1.86686 -0.996526 0.0319326 -0.0769114 85.9003 
-0.0764275 0.0653766 0.994929 37.5704 0.0378866 0.997318 -0.0626233 -1.93831 -0.996355 0.0329084 -0.0786994 85.828 
-0.0786281 0.0669742 0.994652 38.5803 0.0404982 0.997132 -0.0639398 -2.00864 -0.996081 0.0352542 -0.0811149 85.7547 
-0.0802996 0.0656546 0.994606 39.6008 0.0406095 0.997215 -0.0625483 -2.08267 -0.995943 0.0353679 -0.0827422 85.6755 
-0.0821191 0.0651014 0.994494 40.6312 0.040156 0.99727 -0.0619674 -2.16156 -0.995813 0.0348462 -0.0845091 85.5924 
-0.0843465 0.0662605 0.994231 41.6599 0.0404364 0.997192 -0.0630274 -2.23643 -0.995616 0.034887 -0.0867891 85.5187 
-0.0867211 0.0683271 0.993887 42.6758 0.0392773 0.997104 -0.0651213 -2.3118 -0.995458 0.0333898 -0.0891537 85.4444 
-0.0886494 0.070392 0.993572 43.7115 0.038348 0.997001 -0.0672135 -2.39505 -0.995324 0.0321431 -0.091083 85.3551 
-0.0913992 0.0741923 0.993047 44.7486 0.0355743 0.996827 -0.0712006 -2.46873 -0.995179 0.0288192 -0.0937486 85.2802 
-0.0932936 0.0777355 0.992599 45.7855 0.0326915 0.996649 -0.0749801 -2.55979 -0.995102 0.0254544 -0.0955223 85.1896 
-0.0961179 0.0803758 0.992119 46.8245 0.0302556 0.99651 -0.0778004 -2.63939 -0.99491 0.0225392 -0.0982142 85.1048 
-0.0990046 0.0794083 0.991913 47.8704 0.0281305 0.996636 -0.0769787 -2.71874 -0.994689 0.0202818 -0.100905 85.0171 
-0.102093 0.0749109 0.99195 48.9154 0.0252037 0.997035 -0.072701 -2.80826 -0.994455 0.0175785 -0.103678 84.9347 
-0.103562 0.073414 0.99191 49.9679 0.0255823 0.997139 -0.0711301 -2.88953 -0.994294 0.018009 -0.105143 84.8248 
-0.10573 0.0740152 0.991636 51.0158 0.0248626 0.997111 -0.071773 -2.97022 -0.994084 0.0170661 -0.107265 84.7312 
-0.107057 0.0769342 0.991272 52.0763 0.0262596 0.996873 -0.074533 -3.05139 -0.993906 0.0180511 -0.108742 84.6259 
-0.107849 0.079467 0.990986 53.1315 0.0266284 0.996673 -0.0770252 -3.13711 -0.993811 0.0180813 -0.109606 84.5239 
-0.107736 0.0799959 0.990956 54.1705 0.0255121 0.996652 -0.0776822 -3.22812 -0.993852 0.0169122 -0.109416 84.412 
-0.107344 0.0790011 0.991078 55.2435 0.0225136 0.996775 -0.0770168 -3.31321 -0.993967 0.0140455 -0.108777 84.3087 
-0.107369 0.0782417 0.991136 56.3149 0.0191334 0.996877 -0.0766223 -3.40677 -0.994035 0.010737 -0.10853 84.2056 
-0.107568 0.0792919 0.991031 57.3894 0.0154623 0.996827 -0.0780775 -3.49869 -0.994077 0.00692501 -0.108453 84.1104 
-0.10796 0.0795815 0.990965 58.4588 0.0109372 0.996826 -0.0788607 -3.58865 -0.994095 0.00232453 -0.108488 84.0189 
-0.108599 0.0791499 0.99093 59.5443 0.00807535 0.996862 -0.0787389 -3.67633 -0.994053 -0.000548878 -0.108898 83.9252 
-0.108918 0.0738036 0.991307 60.6604 0.00863306 0.997273 -0.0732993 -3.76843 -0.994013 0.000574381 -0.109259 83.8066 
-0.109466 0.0650966 0.991857 61.762 0.0115281 0.997869 -0.064219 -3.8533 -0.993924 0.00440443 -0.109983 83.6998 
-0.109718 0.059825 0.992161 62.8624 0.0164802 0.998159 -0.0583643 -3.92806 -0.993826 0.00994743 -0.110502 83.5966 
-0.109841 0.0616679 0.992034 63.9456 0.024636 0.997936 -0.0593071 -4.00969 -0.993644 0.0179254 -0.111133 83.5053 
-0.108513 0.0672612 0.991817 65.03 0.0297792 0.99748 -0.0643873 -4.07981 -0.993649 0.0225487 -0.110242 83.3874 
-0.107818 0.0729446 0.991491 66.1264 0.0335014 0.997005 -0.0697073 -4.15792 -0.993606 0.0257007 -0.109939 83.2865 
-0.106853 0.0773167 0.991264 67.2352 0.0342873 0.996665 -0.0740421 -4.2421 -0.993683 0.0260762 -0.109147 83.1681 
-0.106866 0.0745445 0.991475 68.3682 0.0316266 0.996936 -0.0715463 -4.32992 -0.99377 0.0237112 -0.108896 83.0693 
-0.106571 0.0696353 0.991864 69.5191 0.0306951 0.997299 -0.066719 -4.42508 -0.993831 0.0233351 -0.10842 82.9553 
-0.106424 0.067541 0.992024 70.6466 0.0284281 0.997489 -0.0648634 -4.50646 -0.993914 0.0212983 -0.108076 82.8501 
-0.106259 0.0682108 0.991996 71.7923 0.0265104 0.997484 -0.0657485 -4.58304 -0.993985 0.0193118 -0.1078 82.7452 
-0.105819 0.073219 0.991686 72.9163 0.0273163 0.997123 -0.0707057 -4.66644 -0.99401 0.0196071 -0.107515 82.6373 
-0.104997 0.0762105 0.991548 74.0561 0.0273622 0.996903 -0.0737247 -4.74416 -0.994096 0.01939 -0.106757 82.5297 
-0.104638 0.0753141 0.991654 75.2161 0.0273733 0.996969 -0.0728294 -4.8272 -0.994133 0.0195241 -0.106383 82.4223 
-0.103545 0.0682734 0.992279 76.3778 0.0292438 0.997419 -0.0655755 -4.91738 -0.994195 0.022228 -0.105274 82.3075 
-0.103849 0.0664193 0.992373 77.5213 0.0288152 0.99755 -0.0637504 -5.00499 -0.994175 0.021975 -0.105509 82.1988 
-0.103293 0.0695281 0.992218 78.6667 0.0270332 0.997382 -0.0670758 -5.08711 -0.994283 0.0198943 -0.104903 82.093 
-0.102717 0.0723312 0.992077 79.8382 0.0267141 0.997193 -0.0699384 -5.17582 -0.994352 0.0193187 -0.104361 81.9775 
-0.103522 0.0715265 0.992052 81.0081 0.0259339 0.997266 -0.0691963 -5.26373 -0.994289 0.0185645 -0.105094 81.8953 
-0.103259 0.0683398 0.992304 82.1935 0.0254152 0.997492 -0.0660525 -5.34692 -0.99433 0.0183991 -0.104737 81.7828 
-0.102429 0.0670747 0.992476 83.3788 0.0264362 0.997555 -0.0646897 -5.43223 -0.994389 0.0196112 -0.103951 81.6781 
-0.101178 0.0677482 0.992559 84.5674 0.0280564 0.997476 -0.0652239 -5.51098 -0.994473 0.0212484 -0.102824 81.5697 
-0.0997486 0.0679822 0.992687 85.7616 0.0308337 0.997395 -0.0652064 -5.59009 -0.994535 0.024104 -0.101585 81.452 
-0.0986734 0.0675449 0.992825 86.9643 0.0311129 0.997415 -0.0647651 -5.67403 -0.994633 0.0244991 -0.10052 81.3395 
-0.0976418 0.0681465 0.992886 88.1642 0.0323937 0.997342 -0.0652668 -5.75823 -0.994694 0.0257904 -0.0995898 81.2376 
-0.0963233 0.0664529 0.993129 89.363 0.032832 0.997438 -0.0635569 -5.84035 -0.994808 0.0264844 -0.0982583 81.1282 
-0.0948175 0.0655815 0.993332 90.5793 0.0313559 0.997529 -0.0628656 -5.92649 -0.995001 0.025186 -0.0966396 81.0199 
-0.0937525 0.0647087 0.99349 91.7957 0.0324004 0.997555 -0.0619161 -6.0088 -0.995068 0.0263847 -0.0956199 80.917 
-0.0917948 0.0654645 0.993624 93.0255 0.0305314 0.997552 -0.0629029 -6.09573 -0.99531 0.0245626 -0.0935688 80.8144 
-0.0900226 0.0682086 0.993601 94.2482 0.0311169 0.997358 -0.0656473 -6.17839 -0.995453 0.0250081 -0.0919071 80.71 
-0.0887694 0.0670098 0.993795 95.4837 0.0289002 0.997488 -0.0646774 -6.26286 -0.995633 0.0229795 -0.090483 80.6123 
-0.0880553 0.0654775 0.993961 96.7179 0.0253247 0.997662 -0.0634778 -6.35433 -0.995794 0.0195822 -0.0895076 80.515 
-0.087959 0.0669023 0.993875 97.9477 0.0214772 0.997637 -0.0652549 -6.4323 -0.995892 0.0156059 -0.089188 80.4286 
-0.0887871 0.0667933 0.993808 99.2098 0.0190214 0.997681 -0.0653542 -6.51157 -0.995869 0.013101 -0.0898517 80.3484 
-0.090214 0.0646205 0.993824 100.462 0.0161633 0.997856 -0.0634155 -6.59711 -0.995791 0.0103425 -0.0910651 80.2598 
-0.0921715 0.0630051 0.993748 101.715 0.0136213 0.997982 -0.0620103 -6.68721 -0.99565 0.00782054 -0.0928437 80.1709 
-0.0938476 0.0624799 0.993624 102.97 0.011386 0.998031 -0.0616817 -6.77178 -0.995521 0.00552477 -0.0943742 80.0744 
-0.0953467 0.0624916 0.993481 104.227 0.0116397 0.998029 -0.0616607 -6.85836 -0.995376 0.00568471 -0.0958862 79.9689 
-0.0975162 0.060878 0.99337 105.487 0.0113437 0.99813 -0.0600562 -6.94793 -0.995169 0.005412 -0.0980244 79.8619 
-0.0999572 0.0564613 0.993388 106.752 0.00838452 0.998401 -0.0559026 -7.03083 -0.994956 0.00274123 -0.100271 79.738 
-0.104369 0.0563874 0.992939 108.005 0.00790175 0.998407 -0.0558675 -7.11094 -0.994507 0.00201514 -0.104648 79.624 
-0.110035 0.0622096 0.991979 109.226 0.00287377 0.998055 -0.0622719 -7.19688 -0.993923 -0.00400139 -0.11 79.5168 
-0.11749 0.0660286 0.990876 110.45 0.00428375 0.997811 -0.0659828 -7.27318 -0.993065 -0.00350766 -0.117516 79.3946 
-0.126672 0.0620575 0.990001 111.72 0.00591053 0.998071 -0.0618072 -7.36648 -0.991927 -0.0019778 -0.126794 79.2569 
-0.137237 0.0600005 0.988719 112.964 0.00801773 0.998198 -0.059463 -7.45353 -0.990506 -0.00023325 -0.137471 79.0999 
-0.149806 0.0607288 0.986849 114.18 0.00858043 0.998154 -0.060122 -7.53981 -0.988678 -0.000539043 -0.150051 78.9232 
-0.163892 0.0610632 0.984586 115.399 0.0103381 0.998134 -0.0601826 -7.62042 -0.986424 0.000315279 -0.164217 78.7371 
-0.178074 0.0585612 0.982273 116.615 0.0112217 0.998283 -0.0574814 -7.70831 -0.983953 0.000786856 -0.178425 78.5309 
-0.193345 0.0610905 0.979227 117.808 0.0156336 0.998125 -0.0591828 -7.79042 -0.981006 0.00386615 -0.193937 78.3014 
-0.208218 0.0643468 0.975963 119.006 0.0164143 0.997923 -0.0622927 -7.87416 -0.977945 0.00304929 -0.208842 78.0564 
-0.223235 0.0684049 0.972361 120.193 0.0166764 0.997657 -0.066356 -7.95655 -0.974622 0.00140254 -0.223852 77.8025 
-0.23962 0.0664349 0.968591 121.376 0.013286 0.997787 -0.0651507 -8.04189 -0.970776 -0.00274267 -0.239972 77.5411 
-0.255314 0.0608609 0.964941 122.545 0.00786028 0.998114 -0.0608735 -8.13115 -0.966826 -0.00795717 -0.255311 77.2582 
-0.271333 0.0569831 0.960797 123.7 0.00310687 0.998292 -0.0583295 -8.21076 -0.962481 -0.0128416 -0.271046 76.9658 
-0.286754 0.0583542 0.956225 124.88 0.00117795 0.998164 -0.0605604 -8.29458 -0.958003 -0.0162396 -0.286297 76.6472 
-0.301286 0.0597097 0.951663 126.021 -6.08956e-05 0.998036 -0.0626386 -8.38186 -0.953534 -0.0189301 -0.30069 76.3084 
-0.316031 0.0619335 0.946725 127.162 0.00144228 0.997897 -0.0647997 -8.46928 -0.948748 -0.0191132 -0.315455 75.977 
-0.330467 0.0617941 0.941792 128.297 0.00366803 0.997931 -0.0641905 -8.5604 -0.94381 -0.0177583 -0.33001 75.5993 
-0.34467 0.059639 0.936828 129.441 0.00314088 0.998047 -0.0623808 -8.64733 -0.938719 -0.0185583 -0.344184 75.2025 
-0.359149 0.0584761 0.931446 130.569 0.00298696 0.998102 -0.0615091 -8.73486 -0.933275 -0.0193087 -0.358642 74.7854 
-0.374017 0.0597676 0.925494 131.682 0.00131108 0.997954 -0.0639172 -8.81949 -0.927421 -0.0226927 -0.373331 74.3564 
-0.388779 0.0620836 0.919237 132.787 0.00224648 0.997788 -0.0664388 -8.90288 -0.921328 -0.0237649 -0.388058 73.9113 
-0.403179 0.0640047 0.91288 133.889 0.00352021 0.997652 -0.0683936 -8.98761 -0.915114 -0.0243613 -0.402458 73.4393 
-0.417674 0.0664061 0.906167 134.978 0.00651165 0.997519 -0.0700992 -9.0863 -0.908573 -0.023378 -0.41707 72.9485 
-0.432029 0.0702699 0.899118 136.062 0.00655552 0.997178 -0.0747839 -9.17314 -0.901836 -0.0264146 -0.431271 72.4412 
-0.447166 0.0726813 0.891493 137.139 0.00744529 0.996961 -0.0775454 -9.26347 -0.89442 -0.0280382 -0.446348 71.9227 
-0.462674 0.0702021 0.883745 138.222 0.00618644 0.997091 -0.0759673 -9.35999 -0.886507 -0.0296808 -0.461762 71.3805 
-0.478756 0.0657941 0.875479 139.299 0.00321161 0.997312 -0.0731939 -9.4614 -0.877942 -0.0322303 -0.47768 70.8152 
-0.494644 0.066127 0.866576 140.363 0.00324178 0.997235 -0.074247 -9.5609 -0.869089 -0.0339166 -0.493491 70.2283 
-0.510793 0.065415 0.857211 141.449 0.0019318 0.997186 -0.0749456 -9.65441 -0.859702 -0.0366257 -0.509482 69.6222 
-0.526563 0.064495 0.847686 142.501 0.0012241 0.997175 -0.0751084 -9.75054 -0.850135 -0.0385116 -0.525154 68.9885 
-0.542526 0.0639012 0.837605 143.552 -0.000293155 0.997088 -0.0762582 -9.85104 -0.840039 -0.0416176 -0.540927 68.3441 
-0.558138 0.0634011 0.827322 144.59 -0.000873584 0.997031 -0.0769961 -9.94515 -0.829747 -0.0436972 -0.556426 67.6765 
-0.573634 0.0608655 0.816847 145.622 -0.00158861 0.997151 -0.0754161 -10.0397 -0.81911 -0.0445589 -0.571903 66.9847 
-0.589014 0.0570362 0.806108 146.646 -0.00184977 0.997408 -0.0719233 -10.1399 -0.808121 -0.0438549 -0.587382 66.2656 
-0.604255 0.0555439 0.794853 147.656 -0.000996846 0.997514 -0.0704636 -10.2361 -0.79679 -0.0433703 -0.602697 65.5288 
-0.619189 0.0541219 0.783374 148.649 -0.00155556 0.997535 -0.0701474 -10.3296 -0.78524 -0.0446531 -0.617579 64.7795 
-0.633668 0.0554037 0.771618 149.639 -0.00286681 0.997257 -0.0739594 -10.4296 -0.773599 -0.0490778 -0.631771 63.9756 
-0.649379 0.0548881 0.758481 150.61 -0.00534123 0.997038 -0.0767245 -10.5234 -0.760446 -0.0538745 -0.647163 63.1939 
-0.665578 0.0516128 0.744542 151.591 -0.0073252 0.997106 -0.0756693 -10.6238 -0.746293 -0.0558177 -0.663273 62.3764 
-0.682624 0.0438675 0.729452 152.555 -0.0113924 0.997436 -0.0706445 -10.7287 -0.730681 -0.0565339 -0.680375 61.5453 
-0.699752 0.0414979 0.71318 153.492 -0.0123087 0.997463 -0.0701166 -10.8261 -0.71428 -0.0578425 -0.697466 60.6718 
-0.717069 0.0392167 0.695898 154.396 -0.013604 0.997438 -0.0702277 -10.9263 -0.696869 -0.0598251 -0.714698 59.7696 
-0.734996 0.0355185 0.67714 155.291 -0.0168528 0.997362 -0.070608 -11.0289 -0.677862 -0.0633083 -0.732458 58.8665 
-0.751723 0.0332756 0.658638 156.164 -0.0167802 0.997438 -0.0695441 -11.1324 -0.659265 -0.0633299 -0.749239 57.9086 
-0.768263 0.0349432 0.63918 157.012 -0.0152301 0.997228 -0.0728232 -11.2345 -0.639953 -0.0656821 -0.765602 56.948 
-0.78338 0.0340741 0.620609 157.824 -0.0123064 0.99745 -0.0702985 -11.3402 -0.621422 -0.0627079 -0.780963 55.9497 
-0.798296 0.0356945 0.601207 158.617 -0.00795029 0.997531 -0.0697815 -11.4407 -0.602213 -0.060486 -0.796041 54.9318 
-0.813065 0.0367389 0.581013 159.382 -0.00654541 0.997367 -0.0722257 -11.542 -0.582136 -0.0625271 -0.810683 53.9012 
-0.826831 0.0385446 0.561127 160.122 -0.00554744 0.997042 -0.0766624 -11.6411 -0.562422 -0.0664997 -0.824172 52.8434 
-0.840162 0.0390282 0.54093 160.847 -0.00307216 0.997049 -0.076709 -11.744 -0.542327 -0.0661098 -0.837562 51.7612 
-0.852213 0.0369719 0.521886 161.548 -0.00190989 0.997273 -0.0737684 -11.859 -0.523191 -0.0638632 -0.849819 50.6874 
-0.863275 0.0384413 0.503268 162.219 0.0002451 0.997127 -0.0757435 -11.9619 -0.504734 -0.065264 -0.860804 49.612 
-0.873027 0.0411136 0.485936 162.855 0.00286264 0.996855 -0.079198 -12.0677 -0.487664 -0.0677509 -0.870399 48.5346 
-0.882419 0.0388086 0.468861 163.515 0.00100917 0.996746 -0.0806034 -12.1855 -0.470463 -0.0706528 -0.879587 47.3708 
-0.891188 0.0352278 0.452265 164.143 -0.00110678 0.996808 -0.0798242 -12.3038 -0.453634 -0.0716389 -0.888304 46.2401 
-0.89861 0.0334198 0.437473 164.741 -0.0019177 0.996786 -0.0800864 -12.4134 -0.438744 -0.0728054 -0.895658 45.0897 
-0.9055 0.0311553 0.4232 165.315 -0.003099 0.996789 -0.080013 -12.5147 -0.424334 -0.0737633 -0.902496 43.8969 
-0.912127 0.0284534 0.408919 165.877 -0.00451964 0.996829 -0.0794428 -12.6202 -0.409883 -0.07431 -0.909106 42.7356 
-0.918213 0.0225118 0.395446 166.43 -0.00826078 0.997078 -0.0759424 -12.728 -0.396 -0.072998 -0.915344 41.5644 
-0.923403 0.0197983 0.383321 166.95 -0.00877515 0.997319 -0.0726498 -12.8318 -0.383732 -0.0704487 -0.920753 40.3641 
-0.927965 0.0200738 0.372127 167.46 -0.00629584 0.997561 -0.0695116 -12.9342 -0.372615 -0.0668472 -0.925575 39.1689 
-0.931234 0.0238802 0.363638 167.942 -0.00219889 0.997464 -0.0711349 -13.0362 -0.364414 -0.0670428 -0.92882 37.9784 
-0.933908 0.0291368 0.356324 168.425 0.00316993 0.997309 -0.0732424 -13.1292 -0.357499 -0.0672721 -0.931487 36.8145 
-0.93611 0.0318203 0.350266 168.898 0.00546902 0.997095 -0.075966 -13.2256 -0.351666 -0.0691969 -0.933565 35.6304 
-0.938053 0.0288501 0.345287 169.373 0.00317704 0.997202 -0.0746889 -13.3342 -0.346476 -0.0689652 -0.93552 34.4245 
-0.939984 0.0215703 0.340536 169.844 -0.00285449 0.997468 -0.0710611 -13.437 -0.341207 -0.0677683 -0.937542 33.2172 
-0.941796 0.0152354 0.335839 170.305 -0.00866572 0.99754 -0.0695551 -13.5363 -0.336072 -0.068417 -0.939348 32.0172 
-0.943566 0.00852502 0.331075 170.76 -0.0157449 0.997384 -0.0705553 -13.641 -0.33081 -0.0717863 -0.940963 30.8157 
-0.945202 0.00576057 0.326434 171.219 -0.0193772 0.997092 -0.073703 -13.7376 -0.32591 -0.0759896 -0.942342 29.6127 
-0.945782 0.00522482 0.324759 171.657 -0.0205746 0.996899 -0.0759569 -13.8439 -0.324149 -0.0785205 -0.942742 28.3842 
-0.945946 0.00608511 0.324266 172.088 -0.0204531 0.996714 -0.0783699 -13.9416 -0.323677 -0.080766 -0.942714 27.1766 
-0.945877 0.0088176 0.324406 172.522 -0.0181404 0.996631 -0.0799815 -14.0534 -0.324019 -0.0815375 -0.94253 25.9544 
-0.945643 0.00908859 0.325079 172.967 -0.0185232 0.996481 -0.081743 -14.1598 -0.324678 -0.0833212 -0.942147 24.7448 
-0.945548 0.00911301 0.325355 173.416 -0.0191916 0.996308 -0.0836808 -14.276 -0.324916 -0.0853683 -0.941882 23.5462 
-0.944949 0.0106377 0.327044 173.852 -0.017665 0.996355 -0.083449 -14.3884 -0.32674 -0.0846323 -0.941317 22.3327 
-0.944207 0.00948726 0.329215 174.293 -0.0193813 0.996252 -0.0842965 -14.5018 -0.328781 -0.0859739 -0.940485 21.1351 
-0.943338 0.00739061 0.33175 174.753 -0.0218425 0.996201 -0.0843027 -14.6259 -0.331113 -0.0867723 -0.939593 19.9722 
-0.941402 0.00608836 0.337231 175.201 -0.0233503 0.996262 -0.0831701 -14.7244 -0.336477 -0.086171 -0.937741 18.7404 
-0.939556 0.00293509 0.342383 175.673 -0.0263639 0.996374 -0.0808884 -14.8348 -0.341379 -0.0850257 -0.936072 17.5466 
-0.936984 0.000257287 0.349372 176.137 -0.028958 0.996502 -0.0783965 -14.9418 -0.34817 -0.0835734 -0.933699 16.3572 
-0.934313 0.00255386 0.356443 176.602 -0.0272261 0.996542 -0.0785056 -15.0476 -0.355411 -0.0830534 -0.931013 15.1858 
-0.931431 0.00224682 0.363911 177.078 -0.0285922 0.996438 -0.0793341 -15.1491 -0.362793 -0.0842992 -0.928049 14.0444 
-0.927594 0.00565488 0.373546 177.559 -0.0267122 0.996322 -0.0814148 -15.2605 -0.372633 -0.0854982 -0.924032 12.8733 
-0.923714 0.00607622 0.383034 178.048 -0.0270609 0.996341 -0.0810647 -15.3635 -0.382125 -0.0852459 -0.92017 11.7543 
-0.91891 0.0074204 0.394398 178.571 -0.0271953 0.996252 -0.0821065 -15.4836 -0.393529 -0.0861742 -0.915264 10.5946 
-0.913378 0.00978244 0.406994 179.101 -0.0264208 0.996179 -0.0832378 -15.5887 -0.406254 -0.0867807 -0.90963 9.44805 
-0.907417 0.0113183 0.420079 179.669 -0.0262245 0.996164 -0.0834876 -15.7024 -0.419413 -0.0867745 -0.903639 8.27337 
-0.900982 0.0112803 0.43371 180.226 -0.0264188 0.99638 -0.0807966 -15.8134 -0.433052 -0.0842543 -0.897423 7.12844 
-0.894682 0.0138145 0.446489 180.804 -0.0248337 0.996438 -0.0805922 -15.9345 -0.446012 -0.0831923 -0.891152 5.99967 
-0.888476 0.0152747 0.458669 181.398 -0.0239368 0.996543 -0.0795545 -16.0398 -0.458299 -0.0816613 -0.885039 4.90956 
-0.880688 0.0169246 0.473395 182.012 -0.0228882 0.996674 -0.0782132 -16.144 -0.473144 -0.0797166 -0.877371 3.75379 
-0.872893 0.0187428 0.487552 182.629 -0.020494 0.996971 -0.0750178 -16.2522 -0.487482 -0.0754744 -0.869865 2.66692 
-0.865183 0.0207043 0.501028 183.224 -0.0180194 0.997218 -0.0723248 -16.3707 -0.501132 -0.0716024 -0.862403 1.65563 
-0.856543 0.0232704 0.515551 183.87 -0.0158126 0.99733 -0.0712877 -16.4717 -0.515834 -0.0692131 -0.853888 0.605095 
-0.846158 0.0262403 0.532286 184.543 -0.0126314 0.997519 -0.0692549 -16.5769 -0.532782 -0.0653241 -0.843727 -0.448015 
-0.835319 0.0293768 0.54898 185.214 -0.00914835 0.99769 -0.0673082 -16.678 -0.549689 -0.0612461 -0.833121 -1.46111 
-0.823688 0.0312623 0.56618 185.9 -0.00725438 0.997816 -0.0656495 -16.7784 -0.566996 -0.058182 -0.821663 -2.46958 
-0.812329 0.033466 0.582238 186.626 -0.00601832 0.997818 -0.0657495 -16.8653 -0.583168 -0.0569143 -0.810355 -3.4587 
-0.799592 0.0362693 0.599447 187.371 -0.00393478 0.997837 -0.0656222 -16.9503 -0.60053 -0.0548297 -0.79772 -4.44144 
-0.787411 0.0368342 0.615327 188.148 -0.00244291 0.998019 -0.0628687 -17.0441 -0.616423 -0.0510067 -0.785761 -5.35695 
-0.772332 0.0385476 0.634048 188.923 -0.000338366 0.998132 -0.0610946 -17.1319 -0.635219 -0.0473998 -0.770876 -6.30333 
-0.755774 0.0417332 0.653501 189.762 0.00144646 0.998071 -0.0620649 -17.2133 -0.654831 -0.0459618 -0.754376 -7.24995 
-0.738361 0.0448948 0.672909 190.544 0.00319495 0.998003 -0.0630786 -17.309 -0.674398 -0.0444249 -0.73703 -8.11817 
-0.720961 0.0455818 0.691475 191.38 0.00251756 0.998 -0.063163 -17.3972 -0.692971 -0.0437972 -0.719634 -8.97261 
-0.701767 0.0454514 0.710955 192.233 0.00222971 0.998098 -0.0616076 -17.4967 -0.712403 -0.041649 -0.700534 -9.80651 
-0.682002 0.0444591 0.729998 193.056 0.00126259 0.998221 -0.0596152 -17.5962 -0.731349 -0.039736 -0.680844 -10.5818 
-0.662247 0.0444406 0.747966 193.946 -0.00105762 0.998183 -0.0602438 -17.6824 -0.749285 -0.0406873 -0.660997 -11.338 
-0.642768 0.0442284 0.764783 194.872 -0.00294911 0.998182 -0.0602048 -17.766 -0.766055 -0.0409531 -0.641469 -12.0788 
-0.622174 0.0445415 0.781611 195.811 -0.00498735 0.998134 -0.0608506 -17.8337 -0.782863 -0.0417578 -0.620791 -12.7935 
-0.599986 0.0449819 0.798744 196.762 -0.00519928 0.998178 -0.0601187 -17.9012 -0.799993 -0.0402233 -0.598659 -13.4866 
-0.576456 0.0455352 0.815858 197.733 -0.00619162 0.998174 -0.0600856 -17.9792 -0.817105 -0.0396882 -0.575121 -14.1496 
-0.551709 0.048699 0.832614 198.715 -0.0045312 0.998104 -0.061381 -18.0556 -0.834024 -0.0376372 -0.550442 -14.7786 
-0.525427 0.0495318 0.849395 199.713 -0.00520727 0.998098 -0.0614245 -18.1317 -0.850823 -0.0366971 -0.52417 -15.3892 
-0.498395 0.048356 0.8656 200.735 -0.0062871 0.998215 -0.0593845 -18.2141 -0.866927 -0.035039 -0.497201 -15.952 
-0.47128 0.0466256 0.88075 201.715 -0.00966288 0.998269 -0.0580174 -18.2887 -0.881931 -0.035853 -0.470014 -16.4708 
-0.441715 0.0483777 0.89585 202.778 -0.00976773 0.998226 -0.0587224 -18.3577 -0.897102 -0.034689 -0.440459 -16.9835 
-0.411247 0.0511031 0.91009 203.844 -0.0116717 0.99805 -0.0613164 -18.4255 -0.911449 -0.0358385 -0.409848 -17.4455 
-0.380247 0.052788 0.923377 204.871 -0.00989746 0.99808 -0.0611345 -18.4943 -0.924832 -0.0323853 -0.378995 -17.8606 
-0.348691 0.0532546 0.935724 205.948 -0.00863858 0.998159 -0.0600272 -18.5735 -0.937198 -0.0290142 -0.347589 -18.258 
-0.318819 0.0545687 0.946243 207.034 -0.0107582 0.998069 -0.0611822 -18.6285 -0.947754 -0.0296859 -0.317616 -18.5522 
-0.285868 0.0530989 0.956797 208.087 -0.00949514 0.998258 -0.0582369 -18.7146 -0.958222 -0.025733 -0.284866 -18.858 
-0.252304 0.0522958 0.966234 209.173 -0.0108898 0.998322 -0.0568761 -18.781 -0.967587 -0.0248721 -0.251311 -19.132 
-0.218184 0.0507535 0.974587 210.246 -0.00934921 0.998492 -0.0540915 -18.865 -0.975863 -0.0209135 -0.217381 -19.377 
-0.183647 0.0500849 0.981715 211.339 -0.0090333 0.998573 -0.0526348 -18.9437 -0.982951 -0.0185343 -0.182932 -19.5879 
-0.149323 0.0495987 0.987544 212.462 -0.00903473 0.998631 -0.0515217 -19.0182 -0.988747 -0.0166155 -0.14867 -19.7405 
-0.112831 0.0499782 0.992356 213.598 -0.00849152 0.998649 -0.0512607 -19.0814 -0.993578 -0.0142104 -0.112254 -19.8769 
-0.0782158 0.050845 0.995639 214.752 -0.0108864 0.998595 -0.0518512 -19.1487 -0.996877 -0.0148945 -0.0775524 -19.9551 
-0.0432644 0.0502492 0.997799 215.882 -0.0113914 0.998645 -0.0507858 -19.2223 -0.998999 -0.0135635 -0.0426334 -20.0155 
-0.00968183 0.049651 0.99872 217.066 -0.0125088 0.998682 -0.0497705 -19.2847 -0.999875 -0.0129746 -0.009048 -20.0168 
0.0232534 0.0497578 0.99849 218.204 -0.0135214 0.998685 -0.0494527 -19.3581 -0.999638 -0.0123511 0.0238956 -19.9765 
0.0557778 0.0495296 0.997214 219.318 -0.0132527 0.998717 -0.0488631 -19.4287 -0.998355 -0.0104903 0.0563627 -19.9097 
0.0871876 0.0477145 0.995048 220.479 -0.0126923 0.998824 -0.0467835 -19.4909 -0.996111 -0.0085505 0.0876907 -19.7936 
0.118563 0.0465915 0.991853 221.646 -0.010899 0.998899 -0.0456198 -19.5517 -0.992887 -0.00540144 0.11894 -19.6541 
0.148936 0.0469358 0.987732 222.785 -0.00972844 0.998894 -0.0459994 -19.6093 -0.988799 -0.00275811 0.149228 -19.4765 
0.179699 0.0467764 0.982609 223.932 -0.00764793 0.998905 -0.0461536 -19.6683 -0.983692 0.000778835 0.17986 -19.2729 
0.208956 0.0459186 0.976846 225.039 -0.00484734 0.998933 -0.04592 -19.7296 -0.977913 0.00486014 0.208955 -19.0121 
0.239658 0.0438698 0.969866 226.182 -0.001938 0.998998 -0.0447088 -19.7958 -0.970855 0.00883523 0.239503 -18.738 
0.269436 0.042674 0.962072 227.308 0.000416926 0.999012 -0.0444293 -19.8535 -0.963018 0.012372 0.269152 -18.4136 
0.299033 0.0420875 0.953314 228.425 0.00362507 0.998969 -0.0452403 -19.9146 -0.954236 0.0169842 0.298573 -18.0557 
0.327925 0.0412893 0.943801 229.531 0.00468379 0.998961 -0.04533 -19.9776 -0.944692 0.0192854 0.327391 -17.6745 
0.355628 0.0402447 0.933761 230.594 0.00447404 0.998988 -0.04476 -20.0361 -0.934617 0.0200956 0.355088 -17.2536 
0.383738 0.0398544 0.922582 231.67 0.00393224 0.998989 -0.0447907 -20.0955 -0.923434 0.0208157 0.383193 -16.7971 
0.411918 0.0410622 0.910295 232.719 0.00535662 0.998858 -0.0474812 -20.1628 -0.911205 0.0244345 0.411228 -16.3111 
0.440499 0.0419576 0.896772 233.789 0.00708037 0.998714 -0.0502051 -20.2302 -0.897725 0.0284648 0.439635 -15.7847 
0.467765 0.0410144 0.882901 234.84 0.00772433 0.998695 -0.0504861 -20.2918 -0.883819 0.0304354 0.466838 -15.2151 
0.494477 0.0390199 0.868315 235.846 0.00860668 0.998723 -0.0497815 -20.3502 -0.869148 0.0320891 0.493509 -14.6283 
0.520125 0.0365048 0.85331 236.86 0.00832786 0.998822 -0.0478062 -20.4283 -0.85405 0.0319714 0.519208 -14.0135 
0.543345 0.0363992 0.83872 237.855 0.007184 0.998821 -0.0480015 -20.5011 -0.839479 0.0321067 0.542443 -13.3549 
0.564649 0.0366485 0.824517 238.84 0.00598592 0.998805 -0.0484948 -20.5639 -0.825309 0.032318 0.563755 -12.672 
0.584508 0.0356614 0.810604 239.799 0.00508824 0.998853 -0.0476123 -20.6295 -0.811372 0.0319543 0.583656 -11.9646 
0.603548 0.0328306 0.79665 240.767 0.00497785 0.998977 -0.04494 -20.6998 -0.797311 0.031089 0.602768 -11.2294 
0.621111 0.029682 0.78316 241.718 0.00633105 0.99906 -0.0428858 -20.763 -0.783697 0.031595 0.620339 -10.4671 
0.63834 0.026743 0.76929 242.672 0.00801579 0.999111 -0.0413838 -20.827 -0.769713 0.0325833 0.637558 -9.68566 
0.65319 0.0252185 0.756774 243.538 0.00922392 0.999106 -0.0412554 -20.884 -0.757138 0.033928 0.652374 -8.88015 
0.668543 0.0252331 0.743245 244.441 0.00878009 0.999087 -0.0418167 -20.9414 -0.743621 0.034482 0.667711 -8.05276 
0.683617 0.0236111 0.729459 245.323 0.0098274 0.999088 -0.0415484 -21.0047 -0.729775 0.0355718 0.682761 -7.20032 
0.69833 0.0219186 0.715441 246.199 0.00909573 0.999178 -0.0394896 -21.0551 -0.715718 0.0340842 0.697557 -6.32729 
0.713068 0.0189325 0.70084 247.051 0.0100856 0.999255 -0.0372555 -21.116 -0.701023 0.033634 0.712345 -5.44438 
0.727141 0.0173722 0.686269 247.869 0.0106639 0.999273 -0.0365948 -21.1699 -0.686405 0.0339279 0.726427 -4.55188 
0.740862 0.017391 0.671432 248.685 0.0114402 0.999193 -0.0385038 -21.2232 -0.67156 0.0362073 0.740065 -3.62954 
0.753893 0.0165135 0.656789 249.509 0.0121976 0.99916 -0.0391227 -21.2799 -0.656884 0.0375055 0.753058 -2.68202 
0.766106 0.0153246 0.642532 250.311 0.0123842 0.999178 -0.0385969 -21.3374 -0.642595 0.0375265 0.765286 -1.71173 
0.77743 0.0133451 0.628828 251.094 0.0126063 0.999243 -0.0367916 -21.39 -0.628843 0.03653 0.776673 -0.725135 
0.788106 0.010761 0.615446 251.859 0.0143346 0.999255 -0.0358281 -21.4465 -0.615373 0.0370585 0.787365 0.286308 
0.79766 0.0110699 0.603005 252.589 0.0136858 0.999242 -0.0364479 -21.4995 -0.602952 0.0373256 0.796904 1.30242 
0.806751 0.00855486 0.590829 253.329 0.0177753 0.999091 -0.0387378 -21.5522 -0.590624 0.0417538 0.805866 2.33516 
0.815512 0.00623985 0.578706 254.06 0.019211 0.999099 -0.0378451 -21.6049 -0.578421 0.0419806 0.814658 3.37203 
0.823665 0.00297381 0.567069 254.789 0.0219867 0.999067 -0.0371751 -21.6649 -0.56665 0.0430877 0.822831 4.43812 
0.830238 0.00136748 0.557408 255.491 0.0233703 0.999032 -0.0372602 -21.7169 -0.556919 0.0439615 0.829402 5.5303 
0.835236 7.06202e-05 0.549892 256.184 0.0241526 0.99903 -0.036814 -21.7687 -0.549361 0.0440297 0.834424 6.63679 
0.83882 0.000667972 0.544409 256.882 0.0223548 0.999113 -0.0356701 -21.8256 -0.54395 0.0420909 0.838061 7.76021 
0.841494 -0.000230495 0.540267 257.579 0.0224394 0.999152 -0.0345244 -21.8815 -0.539801 0.0411753 0.840785 8.87599 
0.84402 -0.000833945 0.53631 258.28 0.0230052 0.999135 -0.0346511 -21.9319 -0.535817 0.0415841 0.843309 10.0022 
0.846174 -0.0013781 0.532905 258.969 0.023304 0.999136 -0.0344198 -21.9793 -0.532397 0.0415439 0.845475 11.1309 
0.848323 -0.00403232 0.529464 259.681 0.0249534 0.999164 -0.0323718 -22.0354 -0.528891 0.0406736 0.847715 12.2943 
0.850382 -0.00530374 0.526139 260.325 0.0255775 0.999184 -0.0312681 -22.0949 -0.525543 0.0400471 0.849824 13.3802 
0.852382 -0.00589948 0.522886 260.991 0.0264233 0.999145 -0.0318011 -22.1416 -0.522252 0.040923 0.851809 14.5175 
0.854963 -0.00809062 0.518626 261.723 0.0283437 0.999113 -0.031139 -22.1947 -0.517914 0.0413224 0.854434 15.7127 
0.857335 -0.0081075 0.514694 262.418 0.0279095 0.999137 -0.0307511 -22.2517 -0.514001 0.0407288 0.856822 16.8743 
0.860058 -0.00984771 0.510101 263.188 0.0289809 0.999142 -0.0295748 -22.3297 -0.509372 0.0402192 0.859606 18.1029 
0.862796 -0.010487 0.505444 263.951 0.0293585 0.999137 -0.0293852 -22.3976 -0.5047 0.0401924 0.862359 19.332 
0.864005 -0.00941035 0.503395 264.612 0.0279443 0.99918 -0.0292841 -22.4469 -0.502706 0.0393686 0.86356 20.4865 
