1 2.12261e-08 -2.11895e-08 0 2.12261e-08 1 2.10703e-08 0 -2.11895e-08 2.10703e-08 1 0 
1 -0.000293371 7.29394e-05 -0.0238631 0.000293327 0.999999 0.00118575 -0.0133667 -7.33296e-05 -0.00118569 0.999999 1.34128 
0.999999 -0.00169976 -0.000413729 -0.0391583 0.00170047 0.999997 0.00162262 -0.038145 0.000410928 -0.00162328 0.999999 2.67805 
0.999996 -0.00269144 0.000211359 -0.0757275 0.00269141 0.999996 0.000340526 -0.0503595 -0.000212317 -0.000339914 1 4.01854 
0.999994 -0.00327508 0.000734366 -0.108324 0.00327478 0.999995 0.000470267 -0.0678249 -0.000735944 -0.000467817 1 5.34709 
0.99999 -0.00416061 0.00171882 -0.17421 0.00415809 0.99999 0.00149049 -0.0867303 -0.00172504 -0.00148329 0.999997 6.73288 
0.99998 -0.0058757 0.00245674 -0.198318 0.00586918 0.999979 0.00266667 -0.103942 -0.0024724 -0.00265216 0.999993 8.05716 
0.999983 -0.00526577 0.00253063 -0.223076 0.00525771 0.999981 0.00319751 -0.122693 -0.00254747 -0.00318411 0.999992 9.3834 
0.999987 -0.00429966 0.00274404 -0.255221 0.00429633 0.99999 0.00123343 -0.139294 -0.00274935 -0.00122158 0.999996 10.738 
0.999995 -0.00133975 0.00287725 -0.278014 0.0013432 0.999998 -0.0011834 -0.154061 -0.0028757 0.0011873 0.999995 12.0992 
0.999992 0.00177897 0.00359104 -0.308986 -0.00177136 0.999996 -0.00210894 -0.176536 -0.00359482 0.00210261 0.999991 13.4688 
0.999979 0.00489615 0.00436214 -0.344818 -0.00488528 0.999985 -0.00248896 -0.194899 -0.00437431 0.00246764 0.999987 14.8485 
0.999968 0.00609074 0.0052344 -0.371224 -0.00608094 0.99998 -0.00187779 -0.213182 -0.00524577 0.00184594 0.999985 16.2097 
0.999975 0.00356501 0.00605337 -0.394187 -0.00357389 0.999993 0.00146314 -0.244382 -0.00604815 -0.00148469 0.999981 17.5611 
0.99998 -0.000274893 0.00636051 -0.411857 0.000255451 0.999995 0.0030639 -0.261056 -0.00636136 -0.00306217 0.999975 18.9234 
0.999978 -0.00225799 0.00625709 -0.421963 0.00225339 0.999997 0.000749572 -0.279976 -0.00625881 -0.000735414 0.99998 20.2968 
0.999975 -0.00322333 0.00637031 -0.435336 0.00323084 0.999994 -0.00116204 -0.302004 -0.00636657 0.00118263 0.999979 21.6571 
0.999975 -0.000827553 0.00701127 -0.454633 0.000846892 0.999996 -0.00274964 -0.323634 -0.00700901 0.00275555 0.999972 23.0177 
0.999966 0.00165607 0.00812956 -0.475189 -0.00165055 0.999998 -0.000680278 -0.346193 -0.00813071 0.000666878 0.999967 24.3919 
0.999959 0.00251476 0.0087514 -0.494331 -0.00254 0.999993 0.00287909 -0.364652 -0.00874413 -0.00290115 0.999958 25.7729 
0.999958 0.000400356 0.0091629 -0.504521 -0.000444241 0.999988 0.00479262 -0.383424 -0.00916092 -0.00479645 0.999947 27.135 
0.999957 -0.00338109 0.00858484 -0.505926 0.00335476 0.99999 0.00308452 -0.399214 -0.00859522 -0.00305555 0.999958 28.5139 
0.999957 -0.00368331 0.00848752 -0.519621 0.00367591 0.999993 0.000892389 -0.420711 -0.00849079 -0.000861109 0.999964 29.8849 
0.999951 -0.00361414 0.00919483 -0.529555 0.00362822 0.999992 -0.0015104 -0.445494 -0.00918934 0.00154372 0.999957 31.263 
0.999948 -0.000195319 0.0101757 -0.555076 0.00021754 0.999998 -0.00217852 -0.475714 -0.0101753 0.00218066 0.999946 32.6302 
0.999943 0.00120357 0.0105749 -0.572335 -0.00115189 0.999987 -0.00488735 -0.491677 -0.0105807 0.00487493 0.999932 34.027 
0.999937 0.00211293 0.01103 -0.588696 -0.00206747 0.999989 -0.00412746 -0.521221 -0.0110386 0.00410444 0.999931 35.4038 
0.999934 0.00201313 0.0112722 -0.604043 -0.00198186 0.999994 -0.00278061 -0.549837 -0.0112778 0.00275813 0.999933 36.8077 
0.999933 0.00293884 0.0111834 -0.615385 -0.00292176 0.999995 -0.0015392 -0.57002 -0.0111879 0.00150646 0.999936 38.2046 
0.999922 0.0055882 0.0111687 -0.632522 -0.00557317 0.999984 -0.00137204 -0.584746 -0.0111762 0.00130973 0.999937 39.6548 
0.999898 0.00760154 0.0120699 -0.662458 -0.00758418 0.99997 -0.00148006 -0.607304 -0.0120808 0.00138841 0.999926 41.0808 
0.999867 0.0104679 0.01251 -0.673343 -0.0104502 0.999944 -0.00147148 -0.628623 -0.0125248 0.00134059 0.999921 42.4998 
0.999855 0.0112461 0.0127915 -0.697206 -0.0112298 0.999936 -0.00133902 -0.650309 -0.0128058 0.00119522 0.999917 43.9188 
0.999876 0.00976716 0.0123415 -0.70774 -0.00975174 0.999952 -0.00130552 -0.669424 -0.0123537 0.00118505 0.999923 45.3574 
0.999897 0.00832868 0.0117285 -0.719443 -0.00831151 0.999964 -0.00150828 -0.688251 -0.0117407 0.00141068 0.99993 46.7982 
0.999913 0.00712571 0.0110931 -0.736329 -0.00711125 0.999974 -0.00133794 -0.710211 -0.0111024 0.00125898 0.999938 48.2144 
0.999928 0.00674947 0.00990642 -0.741104 -0.00675161 0.999977 0.000187315 -0.741737 -0.00990498 -0.000254144 0.999951 49.6901 
0.999934 0.00716932 0.00896649 -0.751214 -0.00716907 0.999974 -5.47162e-05 -0.762172 -0.00896669 -9.52702e-06 0.99996 51.1147 
0.999936 0.00779679 0.00822388 -0.774093 -0.00779948 0.99997 0.000300651 -0.782872 -0.00822133 -0.000364732 0.999966 52.5626 
0.999944 0.00771412 0.00722219 -0.793603 -0.00771956 0.99997 0.000731733 -0.801405 -0.00721637 -0.000787402 0.999974 54.0086 
0.999957 0.0055737 0.00736343 -0.824359 -0.00558886 0.999982 0.00204605 -0.827252 -0.00735194 -0.00208708 0.999971 55.46 
0.999966 0.00419358 0.00714023 -0.840378 -0.00420822 0.999989 0.00204244 -0.846752 -0.00713163 -0.00207237 0.999972 56.9065 
0.999976 0.00166171 0.00668241 -0.849879 -0.00167306 0.999997 0.00169996 -0.872438 -0.00667961 -0.00171106 0.999976 58.3554 
0.999976 0.000878499 0.00684859 -0.873483 -0.000892 0.999998 0.00197488 -0.896458 -0.00684688 -0.0019809 0.999975 59.8082 
0.999973 -0.000260144 0.00738102 -0.896993 0.000240165 0.999996 0.00271328 -0.918098 -0.00738175 -0.00271139 0.999969 61.2416 
0.999968 -0.00129626 0.00794385 -0.90926 0.00126786 0.999993 0.00358546 -0.940669 -0.00794849 -0.00357523 0.999962 62.6805 
0.999958 -0.0033156 0.00849389 -0.921383 0.00328802 0.999989 0.00326471 -0.964248 -0.00850466 -0.0032366 0.999959 64.1212 
0.999948 -0.00421332 0.00934074 -0.933981 0.00419332 0.999989 0.00216475 -0.987451 -0.0093498 -0.00212542 0.999954 65.5527 
0.999947 -0.0037629 0.00959567 -0.944427 0.00374632 0.999991 0.00174944 -1.00885 -0.00960221 -0.00171336 0.999952 67.0085 
0.999941 -0.00271752 0.0105106 -0.952026 0.00270463 0.999996 0.00124483 -1.03053 -0.0105139 -0.00121628 0.999944 68.4517 
0.999934 0.000852086 0.0114209 -0.972971 -0.000881618 0.999996 0.00258472 -1.05768 -0.0114187 -0.00259457 0.999931 69.8807 
0.999899 0.00528349 0.0131953 -1.03625 -0.00532766 0.99998 0.00331807 -1.07167 -0.0131775 -0.00338799 0.999907 71.3211 
0.999873 0.00867349 0.0133565 -1.04339 -0.0087263 0.999954 0.00390408 -1.09265 -0.0133221 -0.0040201 0.999903 72.7218 
0.99983 0.0121263 0.0139168 -1.06007 -0.0121774 0.999919 0.00359478 -1.1089 -0.0138722 -0.0037636 0.999897 74.1722 
0.999775 0.0153992 0.0146071 -1.07754 -0.0154415 0.999877 0.00279339 -1.12478 -0.0145623 -0.00301828 0.999889 75.5977 
0.999723 0.0175068 0.0157165 -1.09252 -0.0175513 0.999842 0.00269863 -1.14229 -0.0156669 -0.00297369 0.999873 76.9996 
0.999715 0.0176229 0.0161116 -1.10309 -0.0176746 0.999839 0.00307206 -1.17008 -0.0160549 -0.00335591 0.999866 78.3949 
0.999732 0.0165169 0.0162128 -1.10981 -0.0165671 0.999858 0.00296903 -1.19034 -0.0161615 -0.00323679 0.999864 79.8271 
0.999727 0.0159707 0.0170306 -1.13647 -0.0160044 0.99987 0.00184812 -1.21335 -0.0169989 -0.00212014 0.999853 81.2241 
0.999744 0.0151646 0.0167681 -1.13733 -0.0152068 0.999882 0.0023942 -1.24831 -0.0167299 -0.00264854 0.999857 82.6296 
0.999749 0.0148523 0.0167796 -1.15407 -0.0148969 0.999886 0.00253536 -1.26685 -0.0167401 -0.00278465 0.999856 84.0604 
0.999765 0.0138897 0.0166276 -1.15508 -0.0139294 0.9999 0.00227772 -1.27812 -0.0165943 -0.00250876 0.999859 85.4697 
0.999766 0.0145677 0.0159787 -1.16507 -0.0146089 0.99989 0.00246537 -1.29964 -0.0159411 -0.00269818 0.999869 86.8697 
0.999757 0.0147887 0.016368 -1.21975 -0.0148446 0.999884 0.00330461 -1.33084 -0.0163173 -0.00354675 0.999861 88.2122 
0.999803 0.0122911 0.0155657 -1.22139 -0.0123595 0.999914 0.00430888 -1.34837 -0.0155115 -0.00450037 0.99987 89.5821 
0.99985 0.0096391 0.0144057 -1.23177 -0.00971483 0.999939 0.00519939 -1.37348 -0.0143548 -0.00533852 0.999883 90.9635 
0.999868 0.00768309 0.0143133 -1.26988 -0.0077604 0.999956 0.005357 -1.39818 -0.0142715 -0.00546733 0.999883 92.3902 
0.999879 0.00630668 0.0141962 -1.28028 -0.00637484 0.999968 0.00476379 -1.41229 -0.0141658 -0.00485368 0.999888 93.7525 
0.999888 0.00494909 0.0141563 -1.28718 -0.00500931 0.999979 0.00422439 -1.42913 -0.0141351 -0.00429479 0.999891 95.1529 
0.999886 0.0055863 0.0140428 -1.30087 -0.00563725 0.999978 0.00359454 -1.44322 -0.0140224 -0.00367325 0.999895 96.5066 
0.999887 0.00487979 0.0142387 -1.31204 -0.00492599 0.999983 0.00321471 -1.46549 -0.0142228 -0.00328445 0.999893 97.8599 
0.99989 0.00464871 0.0141005 -1.31413 -0.00468833 0.999985 0.00278094 -1.4874 -0.0140874 -0.0028467 0.999897 99.2576 
0.999875 0.00607083 0.0145835 -1.32871 -0.00611539 0.999977 0.00301577 -1.51003 -0.0145649 -0.00310454 0.999889 100.615 
0.999855 0.00744314 0.0153228 -1.34316 -0.00750664 0.999963 0.00409332 -1.52806 -0.0152918 -0.00420771 0.999874 101.944 
0.999845 0.00839484 0.0155078 -1.35973 -0.00848539 0.999947 0.00578547 -1.55442 -0.0154585 -0.00591612 0.999863 103.308 
0.999847 0.00731064 0.0159068 -1.35997 -0.00738439 0.999962 0.00458537 -1.57314 -0.0158727 -0.00470209 0.999863 104.663 
0.999844 0.00731389 0.0160956 -1.3624 -0.00735063 0.999971 0.00222774 -1.59281 -0.0160788 -0.00234567 0.999868 106.019 
0.999843 0.00690603 0.0163052 -1.37144 -0.00692216 0.999976 0.000935202 -1.61375 -0.0162983 -0.00104788 0.999867 107.353 
0.999846 0.00492169 0.0168648 -1.38723 -0.00496132 0.999985 0.00231105 -1.6365 -0.0168532 -0.00239432 0.999855 108.689 
0.999844 0.0020188 0.0175441 -1.38396 -0.00210242 0.999987 0.00475164 -1.66119 -0.0175343 -0.00478775 0.999835 110.029 
0.999818 0.000783928 0.0190438 -1.39592 -0.000880816 0.999987 0.00508203 -1.67769 -0.0190396 -0.00509783 0.999806 111.375 
0.999809 -0.000480469 0.0195413 -1.38747 0.000407492 0.999993 0.00374051 -1.69648 -0.019543 -0.00373179 0.999802 112.712 
0.999799 0.00152434 0.0200008 -1.37526 -0.00155191 0.999998 0.00136513 -1.71382 -0.0199987 -0.00139585 0.999799 114.056 
0.999763 0.00367478 0.0214366 -1.38211 -0.0036584 0.999993 -0.000801551 -1.73325 -0.0214394 0.00072298 0.99977 115.384 
0.999702 0.00717268 0.0233277 -1.39053 -0.00715595 0.999974 -0.000798639 -1.76086 -0.0233328 0.000631511 0.999728 116.708 
0.999658 0.00823143 0.0248382 -1.38374 -0.00826539 0.999965 0.00126684 -1.78313 -0.024827 -0.00147166 0.999691 118.063 
0.999611 0.00821199 0.0266442 -1.38441 -0.00830369 0.99996 0.00333472 -1.80559 -0.0266158 -0.00355463 0.999639 119.403 
0.999584 0.00796904 0.027725 -1.37368 -0.00807562 0.99996 0.00373578 -1.82421 -0.0276942 -0.00395808 0.999609 120.754 
0.999537 0.00833051 0.0292569 -1.36882 -0.00842323 0.99996 0.00304869 -1.83932 -0.0292304 -0.00329368 0.999567 122.102 
0.99948 0.00992061 0.0306959 -1.35786 -0.0100153 0.999946 0.00293277 -1.86684 -0.0306652 -0.00323863 0.999525 123.468 
0.99941 0.0119538 0.0321877 -1.35067 -0.0120407 0.999924 0.00251052 -1.88353 -0.0321553 -0.00289656 0.999479 124.819 
0.999378 0.0120054 0.0331556 -1.33223 -0.0120749 0.999925 0.00189736 -1.90722 -0.0331303 -0.00229649 0.999448 126.146 
0.999315 0.0140757 0.0342172 -1.31642 -0.0141069 0.9999 0.000671151 -1.92035 -0.0342043 -0.00115335 0.999414 127.526 
0.999289 0.0126748 0.0355161 -1.30093 -0.0126921 0.999919 0.000263851 -1.93653 -0.0355099 -0.000714395 0.999369 128.904 
0.999246 0.0120032 0.0369283 -1.28897 -0.012065 0.999926 0.00145455 -1.95673 -0.0369082 -0.00189895 0.999317 130.256 
0.999203 0.0111421 0.0383373 -1.27131 -0.0112378 0.999934 0.00228265 -1.97791 -0.0383094 -0.00271161 0.999262 131.644 
0.999162 0.0106353 0.0395176 -1.25582 -0.0107494 0.999939 0.0026788 -1.9965 -0.0394867 -0.00310131 0.999215 133.027 
0.999163 0.00840931 0.0400422 -1.23657 -0.00853635 0.999959 0.00300373 -2.0202 -0.0400153 -0.00334298 0.999194 134.389 
0.999167 0.00635287 0.0403028 -1.21691 -0.00650957 0.999972 0.0037593 -2.04456 -0.0402779 -0.00401848 0.99918 135.743 
0.999183 0.00516002 0.0400827 -1.19496 -0.00530356 0.99998 0.00347673 -2.06068 -0.040064 -0.00368643 0.99919 137.129 
0.999215 0.00356465 0.0394588 -1.17613 -0.00369397 0.999988 0.00320599 -2.07379 -0.0394469 -0.00334919 0.999216 138.482 
0.999228 0.00255039 0.0392138 -1.17231 -0.00272203 0.999987 0.0043254 -2.09677 -0.0392023 -0.00442876 0.999222 139.805 
0.999255 0.00101505 0.0385932 -1.16434 -0.00119047 0.999989 0.00452368 -2.11535 -0.0385882 -0.00456621 0.999245 141.132 
0.999301 0.000599946 0.0373821 -1.14333 -0.000772368 0.999989 0.0045993 -2.13343 -0.037379 -0.00462491 0.999291 142.477 
0.999338 0.000809568 0.0363606 -1.12078 -0.000946912 0.999993 0.00376142 -2.14767 -0.0363573 -0.00379332 0.999332 143.832 
0.999371 0.000959093 0.0354563 -1.09692 -0.0010842 0.999993 0.00351051 -2.16722 -0.0354528 -0.0035467 0.999365 145.179 
0.999391 -0.00150092 0.0348681 -1.08364 0.00144942 0.999998 0.00150355 -2.19152 -0.0348703 -0.00145205 0.999391 146.508 
0.999398 -0.00657398 0.0340582 -1.064 0.00653799 0.999978 0.00116941 -2.21139 -0.0340651 -0.00094599 0.999419 147.853 
0.999357 -0.0140872 0.0329807 -1.02582 0.0139732 0.999896 0.0036845 -2.23316 -0.0330292 -0.00322124 0.999449 149.212 
0.9993 -0.0210743 0.0309068 -0.988063 0.0209095 0.999765 0.00564567 -2.25629 -0.0310185 -0.00499543 0.999506 150.569 
0.999251 -0.024614 0.0298611 -0.968875 0.0245571 0.999696 0.00227185 -2.27331 -0.029908 -0.00153681 0.999552 151.903 
0.999275 -0.0234665 0.029971 -0.94872 0.0235082 0.999723 -0.00104043 -2.29004 -0.0299383 0.00174428 0.99955 153.242 
0.99932 -0.0198235 0.0310997 -0.937482 0.0199423 0.999795 -0.00351073 -2.30816 -0.0310237 0.00412858 0.99951 154.595 
0.999298 -0.019621 0.0319226 -0.919713 0.0197424 0.999799 -0.00349308 -2.33346 -0.0318477 0.0041209 0.999484 155.937 
0.999202 -0.0228281 0.0327821 -0.899834 0.0228437 0.999739 -9.92982e-05 -2.35409 -0.0327713 0.000848125 0.999463 157.291 
0.999042 -0.0282778 0.0333906 -0.878414 0.0282021 0.999599 0.00273899 -2.37442 -0.0334547 -0.00179464 0.999439 158.638 
0.998917 -0.032026 0.0337415 -0.854892 0.0319029 0.999482 0.00418193 -2.39477 -0.033858 -0.00310091 0.999422 159.988 
0.998878 -0.0332506 0.0337184 -0.826937 0.0331289 0.999442 0.00416304 -2.41117 -0.0338381 -0.00304127 0.999423 161.345 
0.998891 -0.031748 0.0347631 -0.801009 0.0315922 0.999488 0.00502401 -2.4331 -0.0349049 -0.00392015 0.999383 162.721 
0.998959 -0.0273502 0.0365181 -0.789719 0.027213 0.999621 0.00424841 -2.45235 -0.0366205 -0.00325018 0.999324 164.072 
0.999033 -0.0234088 0.0372148 -0.768266 0.0233527 0.999725 0.00194175 -2.47212 -0.0372501 -0.00107076 0.999305 165.428 
0.999056 -0.0202883 0.0384121 -0.749717 0.02026 0.999794 0.00112847 -2.48808 -0.0384271 -0.000349135 0.999261 166.784 
0.9991 -0.0182754 0.0382821 -0.710549 0.0182074 0.999832 0.00212549 -2.50839 -0.0383146 -0.00142652 0.999265 168.167 
0.999118 -0.0165541 0.0385986 -0.692114 0.0164899 0.999862 0.00198255 -2.53442 -0.0386262 -0.00134427 0.999253 169.538 
0.999157 -0.0145839 0.0383661 -0.667205 0.0146147 0.999893 -0.000520487 -2.55813 -0.0383545 0.0010808 0.999264 170.902 
0.999215 -0.0100713 0.0383259 -0.655884 0.0102038 0.999943 -0.00326334 -2.58167 -0.0382909 0.00365189 0.99926 172.255 
0.999246 -0.0050384 0.0384959 -0.636259 0.00521888 0.999976 -0.00458809 -2.61415 -0.0384719 0.00478558 0.999248 173.622 
0.999247 -0.000310422 0.0387886 -0.614199 0.000449611 0.999994 -0.00357862 -2.63445 -0.0387872 0.00359341 0.999241 175.02 
0.999215 0.00280945 0.0395133 -0.594772 -0.0027524 0.999995 -0.00149706 -2.66814 -0.0395174 0.00138717 0.999218 176.394 
0.999211 0.00385843 0.0395321 -0.561799 -0.00386996 0.999993 0.000216137 -2.68266 -0.039531 -0.000368913 0.999218 177.793 
0.999236 0.00142331 0.0390626 -0.53509 -0.00145854 0.999999 0.000874691 -2.69807 -0.0390613 -0.000930955 0.999236 179.178 
0.999292 -0.000720761 0.0376156 -0.511399 0.000683779 0.999999 0.000997149 -2.72187 -0.0376163 -0.000970681 0.999292 180.567 
0.999364 -0.00149687 0.0356271 -0.478781 0.00160968 0.999994 -0.00313656 -2.74463 -0.0356223 0.00319196 0.99936 181.977 
0.999409 0.000445442 0.0343633 -0.458778 -0.000199039 0.999974 -0.00717234 -2.77789 -0.0343656 0.00716131 0.999384 183.375 
0.999425 0.00453692 0.0336137 -0.441773 -0.00428158 0.999962 -0.0076631 -2.81191 -0.0336472 0.00751482 0.999406 184.791 
0.999399 0.00799106 0.033747 -0.432223 -0.00776473 0.999947 -0.00683098 -2.84287 -0.0337998 0.00656488 0.999407 186.236 
0.999387 0.00934078 0.0337274 -0.412067 -0.0092373 0.999952 -0.0032213 -2.87143 -0.0337559 0.00290782 0.999426 187.7 
0.999368 0.00965492 0.0342002 -0.397236 -0.00961326 0.999953 -0.0013809 -2.88833 -0.0342119 0.0010513 0.999414 189.181 
0.999362 0.00890239 0.0345991 -0.384111 -0.00888953 0.99996 -0.000524094 -2.90903 -0.0346025 0.00021623 0.999401 190.632 
0.999383 0.00694047 0.0344364 -0.354933 -0.00695621 0.999976 0.000338569 -2.93148 -0.0344333 -0.000577865 0.999407 192.085 
0.999391 0.00458058 0.0346064 -0.325325 -0.00461018 0.999989 0.000776611 -2.95502 -0.0346025 -0.000935638 0.999401 193.51 
0.9994 0.00150202 0.034592 -0.289567 -0.00153739 0.999998 0.000997325 -2.97816 -0.0345905 -0.00104987 0.999401 194.953 
0.999376 -0.00187419 0.0352815 -0.264603 0.00179135 0.999996 0.00238073 -3.00528 -0.0352858 -0.00231601 0.999375 196.4 
0.999347 -0.00582319 0.035654 -0.232439 0.00568969 0.999976 0.00384566 -3.02089 -0.0356756 -0.00364025 0.999357 197.859 
0.999307 -0.00866469 0.0362103 -0.206705 0.00853335 0.999956 0.00378135 -3.04089 -0.0362415 -0.00346969 0.999337 199.318 
0.999313 -0.0060986 0.0365439 -0.178203 0.00613328 0.999981 -0.000835846 -3.06179 -0.0365382 0.00105945 0.999332 200.753 
0.999307 0.00144935 0.0371931 -0.170294 -0.00121833 0.99998 -0.00623206 -3.07679 -0.0372014 0.00618247 0.999289 202.193 
0.999211 0.0100608 0.0384265 -0.150609 -0.0098414 0.999934 -0.00589371 -3.11181 -0.0384833 0.00551093 0.999244 203.639 
0.999059 0.0178655 0.0395256 -0.135083 -0.0177859 0.999839 -0.00236485 -3.13968 -0.0395615 0.00165967 0.999216 205.098 
0.998988 0.0190503 0.0407442 -0.116668 -0.0190537 0.999818 -0.000304353 -3.16277 -0.0407426 -0.000472241 0.99917 206.56 
0.999034 0.017484 0.0403069 -0.0792424 -0.0174977 0.999847 -1.20858e-05 -3.18036 -0.040301 -0.000693162 0.999187 208.009 
0.999123 0.0144131 0.0393031 -0.0483176 -0.0144137 0.999896 -0.000269036 -3.19826 -0.0393029 -0.000297659 0.999227 209.474 
0.999191 0.0121657 0.0383351 -0.0143187 -0.0121516 0.999926 -0.000600002 -3.22474 -0.0383396 0.000133726 0.999265 210.937 
0.999222 0.0119403 0.037594 0.0243335 -0.0119245 0.999929 -0.000643527 -3.25797 -0.037599 0.000194779 0.999293 212.397 
0.9992 0.013718 0.0375725 0.04824 -0.0137023 0.999906 -0.000673861 -3.27982 -0.0375783 0.000158535 0.999294 213.868 
0.999194 0.014118 0.0375738 0.0719758 -0.0141426 0.9999 0.000390415 -3.30554 -0.0375646 -0.000921452 0.999294 215.336 
0.999204 0.0134467 0.0375679 0.0974549 -0.0134564 0.99991 6.1127e-06 -3.33262 -0.0375644 -0.000511596 0.999294 216.806 
0.999211 0.0126215 0.037656 0.119546 -0.0126033 0.99992 -0.000720576 -3.36167 -0.0376621 0.00024546 0.999291 218.273 
0.99921 0.0116418 0.0380113 0.124197 -0.0116265 0.999932 -0.000622096 -3.39195 -0.038016 0.000179707 0.999277 219.736 
0.999214 0.0114084 0.0379565 0.138971 -0.0113844 0.999935 -0.000846203 -3.40341 -0.0379637 0.000413468 0.999279 221.285 
0.999197 0.0116555 0.0383348 0.156611 -0.0116275 0.999932 -0.000950862 -3.42925 -0.0383433 0.000504401 0.999265 222.774 
0.999186 0.0119909 0.0385286 0.178227 -0.01195 0.999928 -0.00128955 -3.44999 -0.0385413 0.00082812 0.999257 224.26 
0.999181 0.0131097 0.0382851 0.197573 -0.0130529 0.999913 -0.00173282 -3.46917 -0.0383045 0.00123171 0.999265 225.782 
0.999178 0.0129077 0.0384371 0.220037 -0.0128646 0.999916 -0.00136671 -3.5025 -0.0384515 0.000871154 0.99926 227.289 
0.999167 0.0131808 0.0386232 0.238104 -0.0131357 0.999913 -0.00142118 -3.52636 -0.0386386 0.000912699 0.999253 228.792 
0.999181 0.0122613 0.0385641 0.279575 -0.0122316 0.999925 -0.00100624 -3.55749 -0.0385736 0.000533753 0.999256 230.291 
0.999174 0.011125 0.0390941 0.299822 -0.0110807 0.999938 -0.00134784 -3.57739 -0.0391067 0.00091358 0.999235 231.786 
0.999181 0.00991908 0.0392364 0.32847 -0.00989422 0.999951 -0.000826616 -3.60794 -0.0392427 0.000437765 0.99923 233.286 
0.999169 0.0094661 0.0396564 0.357891 -0.00945675 0.999955 -0.000422315 -3.62711 -0.0396587 4.69842e-05 0.999213 234.795 
0.999161 0.00919666 0.0398976 0.386292 -0.00919397 0.999958 -0.000249815 -3.65166 -0.0398983 -0.000117171 0.999204 236.327 
0.999164 0.00965691 0.039722 0.420656 -0.0096424 0.999953 -0.000555776 -3.67753 -0.0397255 0.000172338 0.999211 237.827 
0.999131 0.0110515 0.0402012 0.448775 -0.0110196 0.999939 -0.00101321 -3.70763 -0.0402099 0.000569369 0.999191 239.324 
0.999102 0.011827 0.040679 0.48114 -0.0118217 0.99993 -0.000370286 -3.72924 -0.0406806 -0.0001109 0.999172 240.806 
0.999075 0.0118388 0.0413372 0.516481 -0.0119369 0.999927 0.00212702 -3.75821 -0.0413091 -0.00261845 0.999143 242.347 
0.999035 0.0118389 0.0423069 0.53886 -0.0119544 0.999926 0.0024787 -3.7794 -0.0422745 -0.00298202 0.999102 243.878 
0.998997 0.0126107 0.042955 0.578531 -0.0126595 0.99992 0.000864704 -3.80075 -0.0429407 -0.00140758 0.999077 245.401 
0.998997 0.0124796 0.0429944 0.639315 -0.0124918 0.999922 1.45236e-05 -3.83385 -0.0429909 -0.000551544 0.999075 246.934 
0.998963 0.0133462 0.0435337 0.666919 -0.0133694 0.999911 0.000241277 -3.8517 -0.0435266 -0.000823004 0.999052 248.492 
0.998955 0.0134223 0.0436965 0.694422 -0.0134866 0.999908 0.0011786 -3.87249 -0.0436768 -0.00176665 0.999044 250.014 
0.998972 0.0131618 0.0433697 0.737855 -0.0132559 0.99991 0.0018834 -3.90262 -0.0433411 -0.00245633 0.999057 251.534 
0.998993 0.0131222 0.0429021 0.784279 -0.0132167 0.999911 0.001921 -3.9237 -0.0428732 -0.00248605 0.999077 253.088 
0.998944 0.0153279 0.0433046 0.820012 -0.0154254 0.999879 0.00192116 -3.9417 -0.04327 -0.00258708 0.99906 254.632 
0.998908 0.0163125 0.0437769 0.851689 -0.0164159 0.999863 0.00200418 -3.95924 -0.0437382 -0.00272059 0.999039 256.183 
0.998904 0.0160016 0.0439931 0.889501 -0.016117 0.999868 0.00227139 -3.97965 -0.0439509 -0.00297789 0.999029 257.762 
0.998912 0.0144703 0.0443302 0.923504 -0.0146006 0.99989 0.00261797 -4.00648 -0.0442875 -0.00326233 0.999014 259.295 
0.998951 0.012573 0.0440396 0.968092 -0.0127383 0.999913 0.0034755 -4.02656 -0.0439921 -0.0040328 0.999024 260.846 
0.998932 0.0102227 0.0450495 0.987746 -0.0104222 0.999937 0.00419864 -4.04587 -0.0450038 -0.00466363 0.998976 262.389 
0.998973 0.00812966 0.0445772 1.03398 -0.00830471 0.999959 0.0037441 -4.06752 -0.044545 -0.00411042 0.998999 263.903 
0.998975 0.0072614 0.0446724 1.0737 -0.00737447 0.99997 0.00236787 -4.08162 -0.0446539 -0.00269484 0.998999 265.44 
0.998948 0.00508258 0.0455681 1.10979 -0.00529942 0.999975 0.00463994 -4.11004 -0.0455435 -0.0048765 0.99895 267.003 
0.998954 0.0032171 0.0456031 1.16184 -0.00348865 0.999977 0.00587725 -4.121 -0.0455832 -0.00603016 0.998942 268.546 
0.998959 0.00235528 0.0455599 1.20819 -0.00259769 0.999983 0.00526313 -4.14232 -0.0455467 -0.00537596 0.998948 270.107 
0.998939 0.00274921 0.0459765 1.25959 -0.00294062 0.999987 0.00409692 -4.15535 -0.0459647 -0.00422773 0.998934 271.693 
0.998894 0.00428253 0.0468251 1.2927 -0.00446748 0.999983 0.00384681 -4.17896 -0.0468078 -0.0040517 0.998896 273.219 
0.998838 0.00522797 0.0479099 1.34649 -0.00544381 0.999976 0.00437659 -4.20589 -0.0478859 -0.00463228 0.998842 274.766 
0.998778 0.00671955 0.0489566 1.38992 -0.00692767 0.999968 0.00408339 -4.22827 -0.0489276 -0.00441752 0.998793 276.315 
0.998696 0.00904949 0.0502395 1.42741 -0.00923749 0.999951 0.00351206 -4.25035 -0.0502054 -0.00397153 0.998731 277.858 
0.998616 0.00988019 0.0516528 1.4695 -0.0100514 0.999945 0.00305641 -4.27269 -0.0516198 -0.00357132 0.99866 279.4 
0.998574 0.00980742 0.0524849 1.52773 -0.00993363 0.999948 0.0021451 -4.2856 -0.0524612 -0.00266337 0.998619 280.979 
0.998523 0.00886813 0.053597 1.57638 -0.00895782 0.999959 0.00143426 -4.30308 -0.0535821 -0.00191222 0.998562 282.588 
0.99847 0.00787155 0.0547288 1.62125 -0.00798918 0.999966 0.00193161 -4.3287 -0.0547118 -0.00236585 0.998499 284.177 
0.998443 0.00632232 0.0554261 1.68286 -0.00648744 0.999975 0.00280041 -4.33867 -0.055407 -0.00315558 0.998459 285.741 
0.998434 0.0049748 0.0557139 1.7465 -0.00517334 0.999981 0.00342069 -4.36306 -0.0556959 -0.00370352 0.998441 287.297 
0.998419 0.00489155 0.0560039 1.80289 -0.00495436 0.999987 0.000983482 -4.38587 -0.0559985 -0.00125935 0.99843 288.888 
0.998407 0.00365412 0.0562969 1.85773 -0.00358462 0.999993 -0.00133482 -4.40666 -0.0563014 0.00113093 0.998413 290.48 
0.998472 0.00382726 0.0551336 1.92927 -0.00376659 0.999992 -0.00120346 -4.43159 -0.0551378 0.000993999 0.998478 292.06 
0.998511 0.00197427 0.0545208 1.97209 -0.00192357 0.999998 -0.00098152 -4.45393 -0.0545226 0.000875224 0.998512 293.615 
0.998566 0.00110722 0.0535217 2.03016 -0.00103212 0.999998 -0.00143005 -4.47606 -0.0535232 0.0013728 0.998566 295.152 
0.998581 0.0019431 0.0532148 2.08372 -0.00186775 0.999997 -0.00146477 -4.49993 -0.0532176 0.00136334 0.998582 296.727 
0.99863 0.00131769 0.0523042 2.1419 -0.00127025 0.999999 -0.000939367 -4.53052 -0.0523054 0.000871682 0.998631 298.307 
0.998672 0.000656524 0.0515185 2.18933 -0.000656698 1 -1.27079e-05 -4.57094 -0.0515186 -2.11e-05 0.998672 299.839 
0.998743 -0.00106047 0.050108 2.25583 0.00098581 0.999998 0.00151563 -4.5945 -0.0501095 -0.00146428 0.998743 301.474 
0.998788 0.000866643 0.0492053 2.31512 -0.00100194 0.999996 0.00272602 -4.61283 -0.0492028 -0.00277198 0.998785 303.074 
0.998743 0.00139204 0.0501061 2.3581 -0.00152484 0.999995 0.00261322 -4.62909 -0.0501022 -0.0026863 0.998741 304.676 
0.99871 0.00153462 0.0507552 2.41208 -0.00167921 0.999995 0.00280718 -4.65843 -0.0507507 -0.00288875 0.998707 306.261 
0.998697 -6.29809e-05 0.0510366 2.46534 -8.67456e-05 0.999996 0.00293234 -4.68058 -0.0510366 -0.0029329 0.998693 307.863 
0.998687 -0.00171632 0.0512009 2.5342 0.00163274 0.999997 0.00167498 -4.69118 -0.0512037 -0.00158914 0.998687 309.499 
0.99864 -0.0035662 0.0520222 2.5733 0.00358037 0.999994 -0.000178443 -4.71207 -0.0520213 0.0003645 0.998646 311.069 
0.998653 -0.00392084 0.0517443 2.62333 0.0039747 0.999992 -0.000937147 -4.74205 -0.0517403 0.00114159 0.99866 312.674 
0.998776 -0.00313743 0.0493666 2.67839 0.00322757 0.999993 -0.00174542 -4.77435 -0.0493608 0.00190266 0.998779 314.266 
0.998871 -0.00220003 0.0474467 2.71932 0.00225223 0.999997 -0.00104584 -4.79886 -0.0474443 0.00115156 0.998873 315.892 
0.998893 -0.00106806 0.0470298 2.75888 0.000971052 0.999997 0.0020864 -4.81893 -0.047032 -0.00203838 0.998891 317.548 
0.998866 -0.00294291 0.0475215 2.81176 0.00270346 0.999983 0.00510299 -4.83892 -0.0475357 -0.00496869 0.998857 319.16 
0.998865 -0.00434928 0.0474289 2.86021 0.00406674 0.999973 0.00605289 -4.86237 -0.047454 -0.0058531 0.998856 320.781 
0.998837 -0.00527955 0.0479238 2.90678 0.00505366 0.999976 0.0048345 -4.8789 -0.0479482 -0.00458664 0.998839 322.422 
0.998811 -0.00620167 0.0483591 2.9561 0.00598098 0.999971 0.00470785 -4.89736 -0.048387 -0.00441297 0.998819 324.054 
0.998778 -0.0067481 0.0489655 2.99189 0.00650441 0.999966 0.00513532 -4.91721 -0.0489985 -0.00481051 0.998787 325.69 
0.998742 -0.00662731 0.0497084 3.03585 0.00638598 0.999967 0.0050131 -4.93012 -0.04974 -0.00468931 0.998751 327.317 
0.99872 -0.00526678 0.0503124 3.07613 0.00508458 0.99998 0.0037495 -4.94748 -0.0503312 -0.00348884 0.998727 328.951 
0.998681 -0.00418649 0.0511785 3.12518 0.00401933 0.999986 0.00336948 -4.97346 -0.0511919 -0.0031593 0.998684 330.538 
0.998636 -0.00585749 0.0518911 3.18501 0.00557126 0.999969 0.00565983 -5.00596 -0.0519226 -0.00536297 0.998637 332.181 
0.998604 -0.00677776 0.0523831 3.23184 0.00644949 0.999959 0.00643401 -5.02797 -0.0524246 -0.00608714 0.998606 333.845 
0.998581 -0.00733857 0.0527452 3.28413 0.00707984 0.999962 0.00509136 -5.04541 -0.0527806 -0.00471066 0.998595 335.48 
0.998572 -0.00621363 0.0530687 3.33168 0.00592633 0.999967 0.00557015 -5.07089 -0.0531016 -0.00524765 0.998575 337.095 
0.998577 -0.00443318 0.0531475 3.38236 0.00424715 0.999984 0.00361343 -5.09668 -0.0531628 -0.00338252 0.99858 338.702 
0.998577 -0.00277385 0.0532619 3.4115 0.0027408 0.999996 0.000694343 -5.12147 -0.0532637 -0.000547333 0.99858 340.314 
0.998585 -0.0017587 0.0531483 3.44833 0.00169805 0.999998 0.00118721 -5.13837 -0.0531503 -0.00109524 0.998586 341.967 
0.998625 -0.000990329 0.0524206 3.49472 0.000767783 0.999991 0.00426618 -5.15184 -0.0524244 -0.00422002 0.998616 343.594 
0.998671 -0.000754082 0.0515261 3.54144 0.000363915 0.999971 0.00758203 -5.18095 -0.0515303 -0.00755316 0.998643 345.214 
0.998672 0.000341896 0.0515174 3.55214 -0.0006379 0.999983 0.00573023 -5.18795 -0.0515146 -0.00575544 0.998656 346.907 
0.998739 -0.000756627 0.0502031 3.58501 0.000525805 0.999989 0.00461166 -5.20657 -0.0502061 -0.00457941 0.998728 348.536 
0.998819 -0.0018205 0.0485591 3.63681 0.00153005 0.999981 0.00601876 -5.22658 -0.0485692 -0.00593731 0.998802 350.185 
0.99887 -0.00401752 0.0473595 3.69919 0.00370383 0.999971 0.00671057 -5.24674 -0.0473851 -0.00652754 0.998855 351.82 
0.998872 -0.00445354 0.0472806 3.74309 0.00418169 0.999974 0.00584782 -5.2651 -0.0473055 -0.00564347 0.998865 353.437 
0.99888 -0.00525288 0.0470294 3.78757 0.00502149 0.999975 0.00503778 -5.28488 -0.0470548 -0.00479594 0.998881 355.058 
0.99887 -0.00524974 0.0472464 3.83208 0.00503452 0.999976 0.00467388 -5.2977 -0.0472698 -0.0044307 0.998872 356.674 
0.998853 -0.00578106 0.0475266 3.87773 0.00556041 0.999973 0.00477449 -5.32086 -0.047553 -0.00450471 0.998859 358.283 
0.998841 -0.00688391 0.0476428 3.92012 0.00669304 0.999969 0.00416553 -5.34107 -0.0476701 -0.00384179 0.998856 359.893 
0.998837 -0.0068709 0.0477212 3.97315 0.00671344 0.999972 0.00345998 -5.3583 -0.0477436 -0.00313554 0.998855 361.539 
0.998838 -0.00847791 0.0474457 4.02781 0.00830259 0.999958 0.00389209 -5.38168 -0.0474767 -0.0034936 0.998866 363.151 
0.998834 -0.00829837 0.0475564 4.07698 0.00816308 0.999962 0.00303924 -5.40206 -0.0475799 -0.00264745 0.998864 364.754 
0.998818 -0.0108474 0.0473731 4.12885 0.0107573 0.99994 0.0021556 -5.43135 -0.0473937 -0.0016434 0.998875 366.352 
0.998797 -0.0123538 0.0474494 4.17925 0.0121639 0.999917 0.00429018 -5.45897 -0.0474985 -0.00370781 0.998864 367.937 
0.998776 -0.014003 0.0474309 4.22781 0.0137777 0.999892 0.00507454 -5.4786 -0.0474969 -0.0044148 0.998862 369.551 
0.998772 -0.0148719 0.047266 4.27919 0.014694 0.999884 0.00411131 -5.49556 -0.0473217 -0.0034117 0.998874 371.159 
0.998797 -0.0149111 0.0467251 4.34304 0.0147397 0.999883 0.0040116 -5.53548 -0.0467795 -0.00331801 0.9989 372.764 
0.998777 -0.0137676 0.0474797 4.38262 0.0135446 0.999896 0.00501512 -5.56391 -0.0475439 -0.00436585 0.99886 374.351 
0.99879 -0.0114826 0.0478183 4.45282 0.0112323 0.999922 0.0055012 -5.57282 -0.0478778 -0.00495739 0.998841 376.004 
0.998761 -0.0125064 0.0481751 4.49538 0.0122625 0.999911 0.00535576 -5.5979 -0.0482378 -0.00475833 0.998825 377.614 
0.998753 -0.0125876 0.0483027 4.54826 0.0123772 0.999913 0.00465177 -5.61844 -0.048357 -0.00404808 0.998822 379.198 
0.998747 -0.0130304 0.0483091 4.59557 0.0128169 0.999907 0.00472723 -5.64156 -0.0483662 -0.0041021 0.998821 380.836 
0.998693 -0.0127538 0.0494889 4.63481 0.0125801 0.999914 0.00382131 -5.63912 -0.0495334 -0.0031937 0.998767 382.436 
0.998665 -0.011398 0.0503824 4.66695 0.0112122 0.999929 0.00396858 -5.66263 -0.0504241 -0.00339835 0.998722 384.07 
0.998681 -0.00968871 0.0504295 4.72531 0.00948777 0.999946 0.0042233 -5.67811 -0.0504677 -0.00373922 0.998719 385.75 
0.998674 -0.00775632 0.0509017 4.77512 0.00759656 0.999966 0.00333228 -5.69626 -0.0509258 -0.00294115 0.998698 387.395 
0.99868 -0.00659003 0.0509368 4.83434 0.00645948 0.999975 0.00272804 -5.72268 -0.0509535 -0.00239538 0.998698 389.028 
0.998694 -0.00596255 0.0507398 4.89548 0.00583625 0.99998 0.00263788 -5.7427 -0.0507546 -0.00233827 0.998708 390.654 
0.998662 -0.00519929 0.0514607 4.94293 0.00503961 0.999982 0.00323316 -5.75778 -0.0514766 -0.00296945 0.99867 392.281 
0.998631 -0.00426807 0.0521413 4.98925 0.00411217 0.999987 0.0030976 -5.7735 -0.0521539 -0.0028789 0.998635 393.931 
0.99861 -0.00364156 0.052575 5.0477 0.00350589 0.99999 0.00267336 -5.79622 -0.0525842 -0.00248528 0.998613 395.573 
0.998595 -0.0029717 0.0529055 5.09938 0.00284252 0.999993 0.00251762 -5.81254 -0.0529126 -0.00236366 0.998596 397.221 
0.998569 -0.00341537 0.0533617 5.15633 0.00324474 0.999989 0.00328471 -5.84068 -0.0533724 -0.00310683 0.99857 398.83 
0.998549 -0.00329737 0.053756 5.20702 0.00318444 0.999993 0.002187 -5.85866 -0.0537629 -0.00201261 0.998552 400.535 
0.998536 -0.00346776 0.0539863 5.2692 0.00341218 0.999994 0.00112241 -5.8846 -0.0539899 -0.000936509 0.998541 402.143 
0.99852 -0.005177 0.054142 5.33219 0.00513458 0.999986 0.000923376 -5.89845 -0.0541461 -0.000643972 0.998533 403.792 
0.998515 -0.00628727 0.0541151 5.39432 0.00617362 0.999978 0.00226772 -5.92638 -0.0541282 -0.00193023 0.998532 405.413 
0.998466 -0.00749222 0.0548546 5.44312 0.00731032 0.999967 0.00351689 -5.94333 -0.0548792 -0.00311045 0.998488 407.065 
0.998424 -0.0093069 0.0553386 5.50619 0.00917031 0.999954 0.00272253 -5.96244 -0.0553615 -0.00221072 0.998464 408.722 
0.998379 -0.0114983 0.0557446 5.5708 0.011388 0.999933 0.00229676 -5.98693 -0.0557673 -0.00165817 0.998442 410.407 
