1 2.12261e-08 -2.11895e-08 0 2.12261e-08 1 2.10703e-08 0 -2.11895e-08 2.10703e-08 1 0 
1 -0.000293371 7.29394e-05 -0.0238631 0.000293327 0.999999 0.00118575 -0.0133667 -7.33296e-05 -0.00118569 0.999999 1.34128 
0.999998 -0.00174981 -0.000229891 -0.048334 0.00175023 0.999997 0.00166535 -0.0407518 0.000226934 -0.0016657 0.999999 2.67073 
0.999996 -0.00274126 0.000395262 -0.084656 0.00274115 0.999996 0.000383286 -0.0529108 -0.000396353 -0.000382159 1 4.01122 
0.999994 -0.00332492 0.000918262 -0.117007 0.00332449 0.999994 0.000513052 -0.070321 -0.000920005 -0.000509954 0.999999 5.33978 
0.999989 -0.00421064 0.00190266 -0.182638 0.00420776 0.99999 0.00153333 -0.0891704 -0.00190914 -0.00152526 0.999997 6.72559 
0.999979 -0.00592593 0.00264053 -0.206501 0.00591882 0.999979 0.00270954 -0.106327 -0.00265657 -0.00269382 0.999993 8.04987 
0.999982 -0.00531611 0.00271439 -0.231014 0.00530735 0.999981 0.00324039 -0.125023 -0.00273161 -0.00322588 0.999991 9.37612 
0.999986 -0.00434964 0.00292789 -0.26291 0.00434596 0.99999 0.00127631 -0.141567 -0.00293346 -0.00126353 0.999995 10.7307 
0.999994 -0.00138928 0.00306123 -0.285451 0.00139282 0.999998 -0.00114051 -0.156276 -0.00305968 0.00114481 0.999995 12.0919 
0.999991 0.0017296 0.00377506 -0.31617 -0.00172177 0.999996 -0.00206602 -0.178695 -0.00377866 0.00205954 0.999991 13.4616 
0.999978 0.00484686 0.00454618 -0.351747 -0.00483573 0.999985 -0.00244599 -0.197001 -0.00455801 0.002424 0.999987 14.8412 
0.999967 0.00604132 0.00541841 -0.377902 -0.00603142 0.99998 -0.00183478 -0.215227 -0.00542943 0.00180208 0.999984 16.2024 
0.999974 0.00351499 0.00623721 -0.400615 -0.0035244 0.999993 0.00150619 -0.246371 -0.00623192 -0.00152809 0.999979 17.5538 
0.999979 -0.000325208 0.00654427 -0.418033 0.000304923 0.999995 0.00310696 -0.262987 -0.00654529 -0.00310486 0.999974 18.9161 
0.999977 -0.00230788 0.00644097 -0.427887 0.00230286 0.999997 0.000792631 -0.281848 -0.00644282 -0.000777738 0.999979 20.2895 
0.999973 -0.00327287 0.00655429 -0.441008 0.00328031 0.999994 -0.00111897 -0.303819 -0.00655063 0.00114049 0.999978 21.6499 
0.999974 -0.000876798 0.00719532 -0.460053 0.000896335 0.999996 -0.00270654 -0.325392 -0.00719296 0.00271296 0.99997 23.0105 
0.999964 0.00160644 0.0083135 -0.480356 -0.00160115 0.999999 -0.000637126 -0.347893 -0.00831456 0.000623834 0.999965 24.3847 
0.999957 0.00246447 0.00893517 -0.499243 -0.00249063 0.999993 0.00292227 -0.366294 -0.00892794 -0.00294436 0.999956 25.7657 
0.999956 0.000349722 0.00934657 -0.509181 -0.000394891 0.999988 0.00483582 -0.385009 -0.00934481 -0.00483926 0.999945 27.1278 
0.999956 -0.00343141 0.0087686 -0.510332 0.00340414 0.999989 0.0031277 -0.400739 -0.00877928 -0.00309767 0.999957 28.5066 
0.999955 -0.00373322 0.00867139 -0.523774 0.00372529 0.999993 0.000935558 -0.422179 -0.00867486 -0.000903171 0.999962 29.8777 
0.999949 -0.00366361 0.00937882 -0.533453 0.00367757 0.999992 -0.00146719 -0.446904 -0.00937341 0.00150165 0.999955 31.2558 
0.999946 -0.00024467 0.0103597 -0.558721 0.000266847 0.999998 -0.00213526 -0.477066 -0.0103592 0.00213796 0.999944 32.623 
0.999941 0.00115471 0.0107591 -0.575722 -0.0011026 0.999988 -0.00484407 -0.492971 -0.0107646 0.00483197 0.99993 34.0198 
0.999931 0.00259088 0.011435 -0.594236 -0.00254399 0.999988 -0.00410936 -0.52439 -0.0114455 0.00408002 0.999926 35.3634 
0.999929 0.00249053 0.0116778 -0.609025 -0.00245838 0.999993 -0.00276262 -0.552966 -0.0116847 0.00273375 0.999928 36.7674 
0.999927 0.00341573 0.0115896 -0.619808 -0.00339828 0.999993 -0.00152116 -0.573111 -0.0115948 0.00148171 0.999932 38.1643 
0.999915 0.006065 0.011575 -0.636362 -0.00604969 0.999981 -0.00135399 -0.587795 -0.011583 0.0012839 0.999932 39.6145 
0.99989 0.00807837 0.0124761 -0.665729 -0.0080607 0.999966 -0.00146245 -0.610305 -0.0124875 0.00136176 0.999921 41.0405 
0.999857 0.0109447 0.0129163 -0.676046 -0.0109268 0.999939 -0.00145408 -0.631586 -0.0129314 0.00131278 0.999916 42.4594 
0.999844 0.0117228 0.0131978 -0.699342 -0.0117063 0.999931 -0.00132175 -0.653227 -0.0132125 0.00116709 0.999912 43.8785 
0.999866 0.0102439 0.0127478 -0.7093 -0.0102283 0.999947 -0.00128804 -0.672304 -0.0127604 0.00115752 0.999918 45.3171 
0.999888 0.00880551 0.0121348 -0.720426 -0.00878802 0.99996 -0.00149051 -0.691091 -0.0121475 0.00138374 0.999925 46.7579 
0.999905 0.00760248 0.0114994 -0.736745 -0.00758776 0.99997 -0.00131986 -0.713011 -0.0115091 0.00123252 0.999933 48.1741 
0.999921 0.00722563 0.0103135 -0.740934 -0.0072281 0.999974 0.000205957 -0.744499 -0.0103118 -0.000280446 0.999947 49.6499 
0.999927 0.00764558 0.00937342 -0.750474 -0.00764554 0.999971 -3.56264e-05 -0.764897 -0.00937346 -3.59993e-05 0.999956 51.0744 
0.999929 0.0082729 0.00863099 -0.772775 -0.00827593 0.999966 0.000320095 -0.785552 -0.00862809 -0.000391459 0.999963 52.5223 
0.999937 0.00819007 0.00762951 -0.791704 -0.00819599 0.999966 0.000751654 -0.804041 -0.00762313 -0.000814096 0.999971 53.9684 
0.999952 0.00604912 0.00777137 -0.821882 -0.0060653 0.99998 0.00206591 -0.829841 -0.00775876 -0.0021129 0.999968 55.4198 
0.999961 0.00466901 0.00754817 -0.837322 -0.00468466 0.999987 0.0020624 -0.849299 -0.00753848 -0.00209763 0.999969 56.8662 
0.999973 0.00213729 0.00709018 -0.846245 -0.0021495 0.999996 0.00172014 -0.874946 -0.00708652 -0.00173529 0.999973 58.3151 
0.999973 0.00135397 0.00725649 -0.86927 -0.00136844 0.999997 0.00199497 -0.898922 -0.00725381 -0.00200481 0.999972 59.7679 
0.99997 0.000215031 0.00778928 -0.892207 -0.000236284 0.999996 0.00273312 -0.920516 -0.00778871 -0.00273484 0.999966 61.2013 
0.999965 -0.000821442 0.00835252 -0.903899 0.000791395 0.999993 0.00360503 -0.943048 -0.00835547 -0.00359826 0.999959 62.6403 
0.999956 -0.00284064 0.0089024 -0.915446 0.00281155 0.999991 0.00328402 -0.966588 -0.00891169 -0.00325881 0.999955 64.081 
0.999946 -0.00373791 0.00974873 -0.927473 0.00371683 0.999991 0.00218366 -0.989752 -0.00975685 -0.00214726 0.99995 65.5125 
0.999945 -0.00328732 0.0100035 -0.937337 0.00326983 0.999993 0.00176823 -1.01111 -0.0100092 -0.00173538 0.999948 66.9683 
0.999938 -0.00224174 0.0109181 -0.944359 0.00222812 0.999997 0.00126318 -1.03276 -0.0109209 -0.00123873 0.99994 68.4115 
0.999929 0.00132731 0.0118291 -0.964736 -0.00135814 0.999996 0.00260264 -1.05986 -0.0118256 -0.00261848 0.999927 69.8405 
0.999891 0.00575838 0.0136038 -1.02743 -0.00580421 0.999978 0.00333514 -1.07379 -0.0135843 -0.0034137 0.999902 71.2809 
0.999863 0.00914811 0.0137653 -1.03402 -0.00920284 0.99995 0.00392108 -1.09473 -0.0137288 -0.00404718 0.999898 72.6817 
0.999818 0.012601 0.0143255 -1.05011 -0.0126539 0.999913 0.00361151 -1.11094 -0.0142788 -0.00379209 0.999891 74.1321 
0.999761 0.0158742 0.0150154 -1.06701 -0.015918 0.999869 0.00280979 -1.12678 -0.0149689 -0.0030481 0.999883 75.5575 
0.999708 0.0179818 0.0161247 -1.08143 -0.0180278 0.999834 0.00271451 -1.14425 -0.0160733 -0.00300437 0.999866 76.9595 
0.9997 0.0180977 0.01652 -1.09144 -0.0181511 0.999831 0.00308774 -1.172 -0.0164614 -0.00338663 0.999859 78.3548 
0.999718 0.0169918 0.0166211 -1.09759 -0.0170436 0.99985 0.00298467 -1.19222 -0.016568 -0.00326707 0.999857 79.787 
0.999713 0.016446 0.0174384 -1.1237 -0.0164809 0.999862 0.00186337 -1.21519 -0.0174054 -0.0021502 0.999846 81.184 
0.99973 0.0156397 0.0171762 -1.124 -0.0156833 0.999874 0.00240957 -1.25011 -0.0171364 -0.00267826 0.99985 82.5895 
0.999735 0.0153274 0.0171877 -1.14016 -0.0153734 0.999879 0.00255073 -1.26861 -0.0171466 -0.00281425 0.999849 84.0203 
0.999752 0.0143649 0.0170356 -1.1406 -0.014406 0.999894 0.00229316 -1.27985 -0.0170009 -0.00253796 0.999852 85.4296 
0.999753 0.0150429 0.0163868 -1.15004 -0.0150855 0.999883 0.00248111 -1.30134 -0.0163476 -0.00272766 0.999863 86.8296 
0.999743 0.0152635 0.0167765 -1.20419 -0.0153212 0.999877 0.00332018 -1.33247 -0.0167238 -0.00357632 0.999854 88.1722 
0.999791 0.0127655 0.0159747 -1.20528 -0.0128361 0.999908 0.00432482 -1.34997 -0.0159181 -0.00452893 0.999863 89.542 
0.999839 0.0101132 0.0148151 -1.21511 -0.0101914 0.999935 0.00521589 -1.37505 -0.0147615 -0.005366 0.999877 90.9235 
0.999858 0.00815712 0.0147228 -1.25265 -0.00823696 0.999952 0.00537354 -1.3997 -0.0146782 -0.00549401 0.999877 92.3501 
0.99987 0.00678097 0.0146054 -1.26249 -0.0068514 0.999965 0.00478039 -1.41376 -0.0145725 -0.0048798 0.999882 93.7125 
0.999879 0.00542361 0.0145652 -1.26883 -0.00548587 0.999976 0.00424101 -1.43057 -0.0145419 -0.00432036 0.999885 95.1128 
0.999877 0.00606107 0.0144514 -1.28198 -0.00611381 0.999975 0.00361121 -1.44462 -0.0144292 -0.00369907 0.999889 96.4666 
0.999878 0.00535472 0.0146471 -1.29262 -0.00540256 0.99998 0.00323129 -1.46686 -0.0146296 -0.00330999 0.999888 97.8199 
0.999882 0.00512383 0.0145088 -1.29414 -0.0051649 0.999983 0.00279759 -1.48873 -0.0144942 -0.00287215 0.999891 99.2175 
0.999866 0.00654583 0.0149919 -1.30818 -0.00659196 0.999974 0.00303218 -1.51132 -0.0149717 -0.00313056 0.999883 100.575 
0.999845 0.00791769 0.0157317 -1.3221 -0.00798321 0.99996 0.00410938 -1.52931 -0.0156985 -0.00423429 0.999868 101.904 
0.999834 0.00886868 0.0159175 -1.33813 -0.00896197 0.999943 0.00580145 -1.55564 -0.0158652 -0.00594309 0.999857 103.268 
0.999837 0.00778498 0.0163159 -1.33782 -0.00786098 0.999959 0.00460115 -1.57432 -0.0162794 -0.00472862 0.999856 104.623 
0.999834 0.0077892 0.0165035 -1.33971 -0.00782722 0.999967 0.00224344 -1.59396 -0.0164856 -0.0023722 0.999861 105.979 
0.999833 0.00738187 0.0167125 -1.34822 -0.00739875 0.999972 0.000950795 -1.61486 -0.0167051 -0.00107425 0.99986 107.313 
0.999836 0.00539699 0.0172728 -1.36348 -0.00543793 0.999983 0.00232637 -1.63757 -0.01726 -0.00241988 0.999848 108.649 
0.999836 0.00249313 0.0179533 -1.35967 -0.00257905 0.999985 0.00476664 -1.66224 -0.0179412 -0.00481212 0.999828 109.989 
0.99981 0.00125813 0.0194531 -1.37109 -0.00135746 0.999986 0.00509631 -1.6787 -0.0194465 -0.00512171 0.999798 111.335 
0.999801 -5.71145e-06 0.01995 -1.3621 -6.91629e-05 0.999993 0.00375456 -1.69747 -0.0199499 -0.00375515 0.999794 112.672 
0.99979 0.00200005 0.0204083 -1.34936 -0.00202857 0.999997 0.00137896 -1.71477 -0.0204056 -0.00142003 0.999791 114.015 
0.999753 0.00415135 0.0218431 -1.35567 -0.00413507 0.999991 -0.000788405 -1.73417 -0.0218462 0.000697929 0.999761 115.344 
0.999689 0.0076492 0.0237342 -1.36357 -0.00763264 0.999971 -0.000786395 -1.76175 -0.0237395 0.000605037 0.999718 116.668 
0.999643 0.00870709 0.0252457 -1.35624 -0.0087421 0.999961 0.00127836 -1.78399 -0.0252336 -0.00149856 0.999681 118.023 
0.999596 0.0086868 0.0270526 -1.35637 -0.00878042 0.999956 0.00334538 -1.80642 -0.0270224 -0.00358153 0.999628 119.363 
0.999569 0.00844369 0.0281336 -1.3451 -0.00855235 0.999956 0.00374592 -1.82501 -0.0281008 -0.00398487 0.999597 120.714 
0.999521 0.00880543 0.0296652 -1.33971 -0.00889998 0.999956 0.00305811 -1.8401 -0.029637 -0.00332062 0.999555 122.062 
0.999462 0.0103955 0.0311041 -1.3282 -0.010492 0.999941 0.0029415 -1.86758 -0.0310717 -0.00326622 0.999512 123.428 
0.999391 0.0124288 0.0325956 -1.32047 -0.0125175 0.999919 0.00251854 -1.88425 -0.0325617 -0.00292498 0.999465 124.779 
0.999359 0.0124807 0.0335632 -1.3015 -0.0125517 0.999919 0.00190492 -1.90792 -0.0335368 -0.00232493 0.999435 126.106 
0.999295 0.0145514 0.0346242 -1.28514 -0.0145836 0.999893 0.000678202 -1.92102 -0.0346107 -0.00118263 0.9994 127.486 
0.999268 0.0131507 0.0359229 -1.26909 -0.0131689 0.999913 0.000270282 -1.93718 -0.0359163 -0.000743107 0.999355 128.864 
0.999225 0.0124786 0.0373357 -1.25659 -0.0125418 0.99992 0.00146031 -1.95735 -0.0373145 -0.00192739 0.999302 130.216 
0.999182 0.0116172 0.0387451 -1.23838 -0.0117146 0.999929 0.00228773 -1.97851 -0.0387158 -0.0027397 0.999247 131.604 
0.999133 0.0108802 0.0401901 -1.22858 -0.0109938 0.999936 0.00260594 -1.99356 -0.0401592 -0.00304548 0.999189 132.968 
0.999133 0.00865413 0.0407148 -1.20842 -0.00878065 0.999957 0.00293074 -2.01736 -0.0406877 -0.00328566 0.999167 134.33 
0.999138 0.00659723 0.0409756 -1.18785 -0.00675386 0.99997 0.00368625 -2.0418 -0.0409501 -0.00395977 0.999153 135.685 
0.999155 0.00540461 0.0407554 -1.16498 -0.00554786 0.999979 0.00340373 -2.05802 -0.0407362 -0.00362692 0.999163 137.07 
0.999187 0.00380947 0.0401314 -1.14524 -0.00393832 0.999987 0.00313314 -2.07122 -0.040119 -0.0032886 0.99919 138.423 
0.999216 0.00231096 0.0395317 -1.12418 -0.00249419 0.999986 0.00458744 -2.10528 -0.0395206 -0.0046824 0.999208 139.744 
0.999242 0.000775576 0.038911 -1.11579 -0.000962465 0.999988 0.00478557 -2.12352 -0.0389069 -0.00481936 0.999231 141.071 
0.999289 0.000360452 0.0376999 -1.09434 -0.000544047 0.999988 0.00486091 -2.14126 -0.0376978 -0.00487793 0.999277 142.416 
0.999327 0.000570337 0.0366786 -1.07136 -0.000718324 0.999992 0.0040228 -2.15515 -0.036676 -0.0040464 0.999319 143.771 
0.99936 0.000719941 0.0357744 -1.04707 -0.00085537 0.999993 0.00377168 -2.17435 -0.0357715 -0.00379983 0.999353 145.119 
0.999379 -0.0017394 0.0351866 -1.03336 0.00167839 0.999997 0.00176459 -2.19832 -0.0351896 -0.0017044 0.999379 146.447 
0.999386 -0.0068123 0.0343768 -1.01328 0.00676717 0.999976 0.00143027 -2.21784 -0.0343858 -0.00119671 0.999408 147.792 
0.999343 -0.0143262 0.0332988 -0.974661 0.0142026 0.999891 0.00394511 -2.23926 -0.0333517 -0.00346955 0.999438 149.152 
0.999285 -0.0213138 0.0312244 -0.936466 0.0211394 0.999759 0.0059058 -2.26204 -0.0313428 -0.00524147 0.999495 150.508 
0.999236 -0.0248524 0.0301796 -0.916848 0.0247873 0.99969 0.00253175 -2.27872 -0.0302332 -0.0017817 0.999541 151.842 
0.99926 -0.0237039 0.0302902 -0.896261 0.0237384 0.999718 -0.000780513 -2.29511 -0.0302632 0.00149902 0.999541 153.181 
0.999306 -0.0201596 0.0313082 -0.877278 0.0202773 0.999789 -0.00344459 -2.31048 -0.0312322 0.00407709 0.999504 154.543 
0.999284 -0.019957 0.0321312 -0.859222 0.0200774 0.999793 -0.00342666 -2.3357 -0.0320561 0.00406936 0.999478 155.885 
0.999187 -0.0231648 0.0329895 -0.839054 0.0231786 0.999731 -3.25943e-05 -2.35625 -0.0329799 0.000797258 0.999456 157.239 
0.999026 -0.028615 0.033597 -0.817348 0.0285368 0.999589 0.0028059 -2.3765 -0.0336635 -0.00184437 0.999432 158.586 
0.9989 -0.0323634 0.0339475 -0.79354 0.0322376 0.999471 0.00424895 -2.39677 -0.0340671 -0.00314985 0.999415 159.936 
0.99886 -0.033588 0.0339244 -0.765297 0.0334636 0.999431 0.00423006 -2.41308 -0.0340472 -0.00308996 0.999415 161.294 
0.998873 -0.0320856 0.0349688 -0.739077 0.0319268 0.999477 0.00509137 -2.43492 -0.0351139 -0.00396915 0.999375 162.669 
0.998942 -0.0276877 0.036724 -0.727499 0.0275476 0.999611 0.00431637 -2.45409 -0.0368293 -0.0033001 0.999316 164.02 
0.999017 -0.0237459 0.0374215 -0.705759 0.0236873 0.999717 0.00200994 -2.47378 -0.0374587 -0.00112151 0.999298 165.376 
0.999041 -0.0206253 0.038619 -0.686923 0.0205945 0.999787 0.00119706 -2.48966 -0.0386356 -0.000400532 0.999253 166.732 
0.999086 -0.0186126 0.0384887 -0.647461 0.018542 0.999826 0.00219404 -2.50988 -0.0385229 -0.00147833 0.999257 168.115 
0.999104 -0.0168913 0.0388053 -0.628732 0.0168244 0.999856 0.0020512 -2.53583 -0.0388344 -0.00139645 0.999245 169.486 
0.999144 -0.0149206 0.0385736 -0.603532 0.0149492 0.999888 -0.000451913 -2.55946 -0.0385626 0.00102821 0.999256 170.85 
0.999203 -0.0104075 0.0385344 -0.591923 0.0105384 0.999939 -0.00319478 -2.58292 -0.0384988 0.00359837 0.999252 172.204 
0.999238 -0.00539959 0.0386671 -0.567452 0.00557958 0.999974 -0.00454735 -2.61135 -0.0386415 0.00475967 0.999242 173.571 
0.999241 -0.000671826 0.0389594 -0.545147 0.000810309 0.999993 -0.00353778 -2.63161 -0.0389568 0.0035667 0.999235 174.969 
0.999209 0.00244767 0.0396834 -0.525475 -0.00239173 0.999996 -0.00145595 -2.66526 -0.0396868 0.00135993 0.999211 176.343 
0.999206 0.00349636 0.0397015 -0.492259 -0.00350929 0.999994 0.000257251 -2.67972 -0.0397004 -0.00039633 0.999212 177.742 
0.99923 0.00106113 0.0392318 -0.465309 -0.00109786 0.999999 0.000915634 -2.69509 -0.0392308 -0.000957958 0.99923 179.128 
0.99929 -0.00114044 0.0376496 -0.431451 0.00109926 0.999999 0.00111572 -2.72104 -0.0376509 -0.0010735 0.99929 180.504 
0.999362 -0.00193107 0.0356544 -0.398353 0.0020399 0.999993 -0.00301497 -2.744 -0.0356484 0.00308582 0.99936 181.914 
0.999408 1.13565e-05 0.0343923 -0.378299 0.000231334 0.999975 -0.0070513 -2.7771 -0.0343915 0.00705512 0.999384 183.312 
0.999426 0.00410285 0.0336429 -0.361242 -0.00385113 0.999964 -0.00754238 -2.81096 -0.0336727 0.00740853 0.999405 184.728 
0.999401 0.00755697 0.0337758 -0.351641 -0.0073343 0.999951 -0.0067102 -2.84176 -0.0338249 0.0064585 0.999407 186.174 
0.99939 0.00884644 0.0337885 -0.334195 -0.0087343 0.999956 -0.00346368 -2.86024 -0.0338177 0.00316649 0.999423 187.633 
0.999371 0.00916046 0.0342604 -0.319267 -0.00911015 0.999957 -0.00162305 -2.87752 -0.0342739 0.00130995 0.999412 189.114 
0.999364 0.00840788 0.034659 -0.306046 -0.00838632 0.999965 -0.000766041 -2.89859 -0.0346642 0.000474934 0.999399 190.565 
0.999384 0.0064459 0.0344958 -0.27677 -0.00645303 0.999979 9.65393e-05 -2.9214 -0.0344945 -0.000319041 0.999405 192.018 
0.999391 0.00408599 0.0346656 -0.247065 -0.00410695 0.999991 0.000534667 -2.94529 -0.0346632 -0.00067667 0.999399 193.443 
0.999399 0.00100741 0.0346511 -0.21121 -0.00103417 0.999999 0.000755374 -2.96879 -0.0346503 -0.000790713 0.999399 194.886 
0.999373 -0.00236886 0.0353399 -0.186146 0.00229474 0.999995 0.00213913 -2.99628 -0.0353448 -0.00205665 0.999373 196.333 
0.999342 -0.00631793 0.0357117 -0.153887 0.00619317 0.999974 0.00360424 -3.01225 -0.0357336 -0.00338066 0.999356 197.792 
0.9993 -0.00915941 0.036268 -0.128057 0.00903695 0.999953 0.00354021 -3.03262 -0.0362988 -0.00320994 0.999336 199.251 
0.999308 -0.00659307 0.0366039 -0.0994584 0.00663697 0.999977 -0.00107681 -3.05387 -0.036596 0.00131905 0.999329 200.686 
0.999305 0.000955186 0.0372557 -0.0914563 -0.000714474 0.999979 -0.00647269 -3.06924 -0.0372612 0.00644162 0.999285 202.126 
0.999213 0.00956664 0.038489 -0.0716674 -0.00933726 0.999938 -0.00613373 -3.10463 -0.0385453 0.00576956 0.99924 203.572 
0.999065 0.0173712 0.0395863 -0.0560415 -0.0172815 0.999847 -0.00260431 -3.13287 -0.0396256 0.0019178 0.999213 205.031 
0.998995 0.0185558 0.0408039 -0.037528 -0.0185491 0.999828 -0.000543201 -3.15633 -0.040807 -0.000214178 0.999167 206.493 
0.999041 0.0169895 0.0403664 -6.83236e-06 -0.0169932 0.999856 -0.000251155 -3.17427 -0.0403649 -0.000434998 0.999185 207.942 
0.999128 0.0139186 0.0393628 0.0310142 -0.0139093 0.999903 -0.000508612 -3.19254 -0.0393661 -3.93004e-05 0.999225 209.407 
0.999195 0.0116712 0.038395 0.0651134 -0.0116475 0.999932 -0.000840066 -3.21938 -0.0384022 0.000392226 0.999262 210.87 
0.999225 0.0114458 0.0376539 0.103869 -0.0114206 0.999934 -0.000883965 -3.25297 -0.0376615 0.000453294 0.99929 212.33 
0.999204 0.0132235 0.0376324 0.127874 -0.0131984 0.999913 -0.00091431 -3.27519 -0.0376413 0.000416937 0.999291 213.801 
0.999199 0.0136235 0.0376332 0.15171 -0.0136387 0.999907 0.000149966 -3.30127 -0.0376277 -0.000663074 0.999292 215.269 
0.999208 0.0129522 0.0376275 0.17729 -0.0129525 0.999916 -0.000234339 -3.32873 -0.0376274 -0.000253177 0.999292 216.739 
0.999215 0.012127 0.0377159 0.199483 -0.0120993 0.999926 -0.000960983 -3.35814 -0.0377248 0.000503932 0.999288 218.206 
0.999213 0.0111473 0.0380712 0.204236 -0.0111225 0.999938 -0.000862324 -3.3888 -0.0380785 0.00043824 0.999275 219.669 
0.999218 0.0109139 0.0380165 0.219108 -0.0108804 0.99994 -0.00108646 -3.40066 -0.0380261 0.000672016 0.999277 221.217 
0.9992 0.011161 0.0383948 0.23685 -0.0111234 0.999937 -0.00119093 -3.42687 -0.0384057 0.000762933 0.999262 222.706 
0.999189 0.0114964 0.0385888 0.258564 -0.0114459 0.999933 -0.00152951 -3.44799 -0.0386038 0.00108663 0.999254 224.192 
0.999185 0.0126153 0.0383455 0.278011 -0.0125488 0.999919 -0.00197291 -3.46756 -0.0383674 0.00149015 0.999263 225.715 
0.999182 0.0124132 0.0384973 0.300581 -0.0123605 0.999922 -0.00160673 -3.50126 -0.0385143 0.00112961 0.999257 227.222 
0.999171 0.0126864 0.0386835 0.31875 -0.0126315 0.999919 -0.0016611 -3.5255 -0.0387014 0.00117114 0.99925 228.725 
0.999186 0.0119484 0.0385237 0.357513 -0.0119056 0.999928 -0.0013374 -3.55672 -0.0385369 0.000877707 0.999257 230.229 
0.999179 0.010812 0.0390538 0.377705 -0.0107546 0.999941 -0.00167884 -3.57713 -0.0390697 0.00125749 0.999236 231.724 
0.999185 0.00960612 0.0391959 0.406301 -0.00956806 0.999954 -0.00115756 -3.60818 -0.0392053 0.000781633 0.999231 233.224 
0.999173 0.00915316 0.0396158 0.435668 -0.00913045 0.999958 -0.000753126 -3.62786 -0.039621 0.000390835 0.999215 234.733 
0.999166 0.00888372 0.0398569 0.464013 -0.00886758 0.999961 -0.000580547 -3.65293 -0.0398605 0.000226669 0.999205 236.264 
0.999169 0.00934396 0.0396814 0.498325 -0.00931607 0.999956 -0.000886566 -3.6793 -0.0396879 0.000516195 0.999212 237.765 
0.999136 0.0107385 0.0401607 0.526392 -0.0106931 0.999942 -0.00134384 -3.70991 -0.0401728 0.000913279 0.999192 239.262 
0.999108 0.0115141 0.0406384 0.558703 -0.011495 0.999934 -0.000700763 -3.73202 -0.0406438 0.000233038 0.999174 240.744 
0.999081 0.011526 0.0412958 0.59399 -0.01161 0.999931 0.00179676 -3.7615 -0.0412723 -0.00227451 0.999145 242.284 
0.99904 0.0115261 0.0422654 0.616313 -0.0116273 0.99993 0.00214876 -3.78322 -0.0422377 -0.00263808 0.999104 243.816 
0.999003 0.0122978 0.042914 0.655929 -0.0123321 0.999924 0.000534972 -3.80508 -0.0429042 -0.00106362 0.999079 245.339 
0.999003 0.0121667 0.0429536 0.716661 -0.0121644 0.999926 -0.000315195 -3.83868 -0.0429543 -0.000207582 0.999077 246.872 
0.998969 0.0130333 0.0434928 0.744206 -0.0130418 0.999915 -8.8265e-05 -3.85706 -0.0434903 -0.00047901 0.999054 248.43 
0.998961 0.0131094 0.0436554 0.771654 -0.013159 0.999913 0.000849112 -3.87836 -0.0436405 -0.00142265 0.999046 249.951 
0.998978 0.012849 0.0433284 0.815034 -0.0129284 0.999915 0.00155381 -3.909 -0.0433048 -0.00211235 0.99906 251.471 
0.998999 0.0128094 0.0428608 0.861401 -0.0128893 0.999916 0.00159125 -3.9306 -0.0428368 -0.00214206 0.99908 253.025 
0.998951 0.0150151 0.0432632 0.897078 -0.015098 0.999885 0.00159154 -3.94912 -0.0432344 -0.00224302 0.999062 254.569 
0.998915 0.0159997 0.0437355 0.928696 -0.0160883 0.999869 0.00167472 -3.96718 -0.043703 -0.00237649 0.999042 256.12 
0.998911 0.0156888 0.0439516 0.96645 -0.0157893 0.999873 0.00194199 -3.98813 -0.0439156 -0.0026338 0.999032 257.699 
0.998918 0.0141575 0.0442887 1.0004 -0.0142728 0.999896 0.00228869 -4.01547 -0.0442517 -0.0029183 0.999016 259.232 
0.998952 0.0123197 0.0440709 1.04171 -0.0124723 0.999917 0.00319025 -4.0368 -0.044028 -0.00373654 0.999023 260.778 
0.998934 0.00998361 0.0450747 1.06168 -0.0101703 0.999941 0.0039155 -4.05639 -0.045033 -0.00436971 0.998976 262.323 
0.998974 0.00789063 0.0446025 1.10796 -0.00805291 0.999962 0.00346085 -4.07847 -0.0445735 -0.00381644 0.998999 263.836 
0.998982 0.00672962 0.0446047 1.14957 -0.00683305 0.999974 0.00216761 -4.09505 -0.044589 -0.00247015 0.999002 265.377 
0.998954 0.00455095 0.0454992 1.18556 -0.00475781 0.999979 0.00444016 -4.12379 -0.0454781 -0.00465195 0.998955 266.94 
0.998959 0.00268554 0.0455336 1.23752 -0.00294703 0.99998 0.0056775 -4.13507 -0.0455174 -0.00580574 0.998947 268.483 
0.998963 0.00182368 0.0454907 1.28377 -0.00205608 0.999985 0.00506335 -4.15672 -0.0454808 -0.00515159 0.998952 270.045 
0.998943 0.00221753 0.0459079 1.33508 -0.00239892 0.99999 0.00389737 -4.17008 -0.0458988 -0.00400334 0.998938 271.631 
0.998899 0.00375084 0.0467566 1.3681 -0.00392562 0.999986 0.00364771 -4.19401 -0.0467423 -0.0038272 0.9989 273.156 
0.998844 0.00469632 0.0478411 1.4218 -0.00490173 0.999979 0.00417809 -4.22126 -0.0478206 -0.00440772 0.998846 274.703 
0.998785 0.00618789 0.048888 1.46514 -0.00638539 0.999972 0.00388546 -4.24396 -0.0488626 -0.00419286 0.998797 276.252 
0.998704 0.0085178 0.0501713 1.50253 -0.00869497 0.999957 0.00331482 -4.26637 -0.0501409 -0.00374672 0.998735 277.795 
0.998625 0.00934849 0.0515847 1.54454 -0.00950859 0.999951 0.00285993 -4.28904 -0.0515555 -0.00334646 0.998665 279.337 
0.998582 0.00927565 0.0524174 1.60266 -0.00939066 0.999954 0.00194908 -4.30226 -0.0523969 -0.00243851 0.998623 280.916 
0.998531 0.00833631 0.0535299 1.65121 -0.00841463 0.999964 0.00123885 -4.32008 -0.0535176 -0.00168742 0.998566 282.525 
0.998478 0.00733976 0.0546614 1.69599 -0.00744577 0.999971 0.00173681 -4.34603 -0.0546471 -0.00214112 0.998503 284.115 
0.99845 0.00579057 0.0553582 1.7575 -0.00594388 0.999979 0.00260599 -4.35632 -0.055342 -0.00293095 0.998463 285.678 
0.998441 0.00444308 0.0556457 1.82106 -0.00462973 0.999984 0.00322642 -4.38102 -0.0556306 -0.00347897 0.998445 287.234 
0.998425 0.00435967 0.055937 1.87735 -0.00441069 0.99999 0.000789375 -4.40416 -0.0559331 -0.00103481 0.998434 288.825 
0.998413 0.00312208 0.0562312 1.9321 -0.00304088 0.999994 -0.00152876 -4.42528 -0.0562357 0.00135539 0.998417 290.418 
0.998477 0.00329522 0.0550679 2.00354 -0.00322308 0.999994 -0.00139804 -4.45053 -0.0550722 0.00121847 0.998482 291.997 
0.998515 0.00144224 0.0544549 2.04627 -0.00138018 0.999998 -0.00117643 -4.4732 -0.0544566 0.00109957 0.998516 293.553 
0.99857 0.00057516 0.0534561 2.10426 -0.000488922 0.999999 -0.00162551 -4.49564 -0.053457 0.00159709 0.998569 295.09 
0.998586 0.00141104 0.0531492 2.15772 -0.00132462 0.999998 -0.00166039 -4.51983 -0.0531515 0.00158768 0.998585 296.664 
0.998634 0.000785659 0.0522383 2.21582 -0.000727292 0.999999 -0.00113549 -4.55074 -0.0522392 0.00109598 0.998634 298.244 
0.998675 0.000124553 0.0514521 2.26316 -0.000113894 1 -0.000209255 -4.59148 -0.0514522 0.000203159 0.998675 299.777 
0.998746 -0.00159235 0.0500408 2.32957 0.00152834 0.999998 0.00131831 -4.61538 -0.0500428 -0.00124014 0.998746 301.412 
0.998792 0.000334857 0.0491375 2.38876 -0.000459598 0.999997 0.00252822 -4.63403 -0.0491365 -0.00254771 0.998789 303.012 
0.998747 0.000860246 0.0500383 2.43164 -0.000982318 0.999997 0.0024159 -4.65063 -0.0500361 -0.00246199 0.998744 304.613 
0.998714 0.00100284 0.0506873 2.48553 -0.00113656 0.999996 0.00261022 -4.6803 -0.0506846 -0.00266443 0.998711 306.199 
0.9987 -0.000594756 0.0509687 2.5387 0.000455963 0.999996 0.00273553 -4.70278 -0.0509701 -0.00270869 0.998697 307.8 
0.998689 -0.00224818 0.0511337 2.60746 0.00217548 0.999997 0.00147826 -4.7137 -0.0511368 -0.00136504 0.998691 309.437 
0.998641 -0.00409819 0.0519559 2.64647 0.00412327 0.999991 -0.000374717 -4.73493 -0.0519539 0.000588477 0.998649 311.006 
0.998654 -0.00445288 0.0516784 2.6964 0.00451754 0.999989 -0.00113357 -4.76524 -0.0516728 0.00136555 0.998663 312.612 
0.998777 -0.00366952 0.0493011 2.75137 0.00376994 0.999991 -0.00194314 -4.79787 -0.0492936 0.00212666 0.998782 314.203 
0.998873 -0.00273208 0.0473809 2.79221 0.00279423 0.999995 -0.0012446 -4.82272 -0.0473773 0.00137563 0.998876 315.829 
0.998895 -0.00159989 0.0469623 2.83167 0.00151297 0.999997 0.00188741 -4.84314 -0.0469652 -0.00181423 0.998895 317.485 
0.998868 -0.00347454 0.0474523 2.88445 0.00324548 0.999983 0.00490427 -4.86347 -0.0474686 -0.00474467 0.998862 319.098 
0.998866 -0.00488085 0.0473592 2.9328 0.00460874 0.999972 0.00585413 -4.88726 -0.0473865 -0.00562918 0.998861 320.718 
0.998837 -0.00581121 0.0478548 2.97928 0.00559575 0.999974 0.004636 -4.90413 -0.0478805 -0.00436279 0.998844 322.36 
0.998811 -0.00673333 0.0482902 3.0285 0.00652315 0.999969 0.00450959 -4.92293 -0.0483191 -0.00418918 0.998823 323.992 
0.998777 -0.00727973 0.0488963 3.06419 0.0070467 0.999963 0.00493739 -4.94313 -0.0489305 -0.00458675 0.998792 325.627 
0.998742 -0.00715895 0.0496393 3.10805 0.00692842 0.999964 0.00481557 -4.95637 -0.0496721 -0.00446554 0.998756 327.254 
0.99872 -0.00579851 0.050244 3.14823 0.00562714 0.999978 0.00355229 -4.97408 -0.0502636 -0.00326498 0.998731 328.888 
0.998682 -0.00471824 0.0511103 3.19719 0.00456206 0.999985 0.00317275 -5.00039 -0.0511245 -0.00293536 0.998688 330.476 
0.998636 -0.00638909 0.0518217 3.25693 0.00611413 0.999966 0.00546349 -5.03323 -0.0518549 -0.00513915 0.998641 332.118 
0.998604 -0.00730931 0.0523133 3.30365 0.00699246 0.999956 0.00623794 -5.05558 -0.0523566 -0.00586339 0.998611 333.783 
0.998581 -0.00787021 0.0526761 3.35584 0.00762287 0.999959 0.00489548 -5.07336 -0.0527125 -0.00448694 0.9986 335.417 
0.998572 -0.00674523 0.0529993 3.4033 0.00646944 0.999965 0.00537444 -5.09918 -0.0530338 -0.00502385 0.99858 337.033 
0.998578 -0.00496492 0.0530792 3.45389 0.00479027 0.999983 0.00341777 -5.12531 -0.0530953 -0.00315861 0.998584 338.64 
0.998579 -0.00330579 0.0531952 3.48293 0.00328395 0.999995 0.000498743 -5.15044 -0.0531966 -0.000323303 0.998584 340.252 
0.998588 -0.0022906 0.0530813 3.51966 0.00224117 0.999997 0.000991545 -5.16769 -0.0530834 -0.000871139 0.99859 341.905 
0.998628 -0.00152202 0.0523519 3.56595 0.00131076 0.999991 0.00407013 -5.1815 -0.0523577 -0.00399588 0.99862 343.531 
0.998674 -0.00128554 0.0514556 3.61259 0.000906721 0.999972 0.00738549 -5.21095 -0.0514637 -0.00732901 0.998648 345.152 
0.998676 -0.000189685 0.0514479 3.62317 -9.50969e-05 0.999985 0.00553368 -5.21832 -0.0514482 -0.00553121 0.99866 346.845 
0.998742 -0.00128829 0.0501342 3.65594 0.00106835 0.99999 0.0044144 -5.23729 -0.0501395 -0.00435525 0.998733 348.474 
0.998821 -0.00235207 0.0484895 3.70765 0.00207227 0.999981 0.00582061 -5.25765 -0.0485023 -0.00571322 0.998807 350.123 
0.998846 -0.00452176 0.0478117 3.75331 0.00420859 0.999969 0.00664971 -5.28086 -0.0478403 -0.00644078 0.998834 351.733 
0.998848 -0.00495737 0.0477332 3.79795 0.00468645 0.999972 0.00578692 -5.29933 -0.0477606 -0.00555651 0.998843 353.35 
0.998856 -0.00575633 0.0474825 3.84318 0.00552623 0.999972 0.00497675 -5.31923 -0.0475098 -0.00470862 0.99886 354.971 
0.998845 -0.00575302 0.0476996 3.88843 0.00553927 0.999974 0.00461296 -5.33217 -0.0477249 -0.00434337 0.998851 356.587 
0.998829 -0.00628437 0.0479798 3.93484 0.00606517 0.999971 0.00471371 -5.35543 -0.048008 -0.00441714 0.998837 358.196 
0.998815 -0.00738692 0.0480963 3.97796 0.00719781 0.999966 0.00410481 -5.37576 -0.048125 -0.00375372 0.998834 359.806 
0.998812 -0.00737359 0.048175 4.03176 0.00721822 0.999968 0.0033993 -5.39311 -0.0481986 -0.00304748 0.998833 361.452 
0.998812 -0.00898076 0.0478992 4.08716 0.00880734 0.999954 0.00383127 -5.4166 -0.0479315 -0.00340481 0.998845 363.064 
0.998808 -0.00880083 0.0480104 4.13707 0.00866783 0.999958 0.00297848 -5.43709 -0.0480347 -0.00255874 0.998842 364.667 
0.998791 -0.0113493 0.0478275 4.18969 0.0112621 0.999934 0.00209474 -5.46649 -0.0478482 -0.00155353 0.998853 366.265 
0.998769 -0.0128567 0.0479028 4.24082 0.0126686 0.999911 0.00422936 -5.49421 -0.0479529 -0.00361725 0.998843 367.85 
0.998743 -0.0143773 0.0480105 4.28584 0.014164 0.999888 0.00478276 -5.51052 -0.048074 -0.00409669 0.998835 369.454 
0.998738 -0.0152456 0.047846 4.33815 0.0150801 0.999879 0.00381947 -5.52796 -0.0478984 -0.00309309 0.998847 371.062 
0.998764 -0.0152847 0.0473051 4.40295 0.0151257 0.999879 0.00371954 -5.56835 -0.0473563 -0.00299938 0.998874 372.667 
0.998744 -0.0141419 0.0480594 4.44347 0.0139309 0.999892 0.00472336 -5.59726 -0.048121 -0.00404788 0.998833 374.254 
0.998758 -0.0118572 0.0483978 4.51464 0.0116186 0.999919 0.00520957 -5.60665 -0.0484557 -0.00464074 0.998815 375.907 
0.998728 -0.0128809 0.0487545 4.55814 0.0126489 0.999907 0.00506427 -5.63222 -0.0488153 -0.00444109 0.998798 377.518 
0.99872 -0.0129617 0.0488824 4.61196 0.0127637 0.999909 0.00436033 -5.65322 -0.0489345 -0.00373079 0.998795 379.101 
0.998714 -0.0134046 0.0488888 4.66022 0.0132034 0.999903 0.00443579 -5.67683 -0.0489435 -0.00378455 0.998794 380.739 
0.99866 -0.0131274 0.0500689 4.7004 0.0129669 0.99991 0.00353032 -5.67487 -0.0501108 -0.00287631 0.99874 382.34 
0.998631 -0.0117717 0.0509623 4.7335 0.0115993 0.999926 0.00367795 -5.69888 -0.0510019 -0.00308175 0.998694 383.973 
0.998648 -0.0100626 0.0510093 4.79284 0.00987486 0.999944 0.00393268 -5.71486 -0.0510461 -0.00342361 0.99869 385.653 
0.998641 -0.0081298 0.0514818 4.84361 0.0079838 0.999964 0.00304185 -5.7335 -0.0515047 -0.00262665 0.998669 387.298 
0.998648 -0.00696319 0.0515171 4.90379 0.00684672 0.999974 0.00243762 -5.7604 -0.0515328 -0.00208156 0.998669 388.931 
0.998662 -0.00633568 0.0513203 4.96589 0.00622344 0.999978 0.00234738 -5.78091 -0.051334 -0.00202481 0.99868 390.558 
0.998629 -0.00557279 0.0520409 5.01429 0.00542701 0.999981 0.00294294 -5.79648 -0.0520563 -0.00265644 0.998641 392.184 
0.998599 -0.00464151 0.0527215 5.06158 0.00449977 0.999986 0.00280765 -5.81268 -0.0527338 -0.00256643 0.998605 393.834 
0.998578 -0.00401478 0.0531553 5.12099 0.00389362 0.99999 0.00238357 -5.83589 -0.0531644 -0.00217318 0.998583 395.476 
0.998563 -0.00334485 0.0534859 5.17364 0.00323034 0.999992 0.00222796 -5.8527 -0.053493 -0.00205194 0.998566 397.124 
0.998537 -0.00378895 0.0539418 5.23153 0.0036327 0.999989 0.00299523 -5.88132 -0.0539526 -0.00279485 0.99854 398.733 
0.998516 -0.00367031 0.0543365 5.28322 0.00357251 0.999992 0.00189767 -5.89981 -0.0543431 -0.0017007 0.998521 400.438 
0.998503 -0.00384008 0.0545672 5.34635 0.00380032 0.999992 0.000833166 -5.92623 -0.05457 -0.000624505 0.99851 402.046 
0.998486 -0.00554915 0.0547229 5.41031 0.00552276 0.999985 0.000634197 -5.94057 -0.0547257 -0.000330974 0.998501 403.695 
0.998481 -0.00666015 0.0546955 5.47339 0.00656179 0.999977 0.00197853 -5.96897 -0.0547075 -0.00161658 0.998501 405.315 
0.998431 -0.0078658 0.0554345 5.52316 0.0076987 0.999965 0.00322799 -5.98641 -0.055458 -0.00279611 0.998457 406.968 
0.998388 -0.00967995 0.0559189 5.5872 0.00955883 0.999951 0.00243381 -6.00602 -0.0559397 -0.00189533 0.998432 408.624 
0.998342 -0.011871 0.056325 5.65279 0.0117767 0.999929 0.0020082 -6.031 -0.0563448 -0.00134151 0.998411 410.309 
