1 2.12261e-08 -2.11895e-08 0 2.12261e-08 1 2.10703e-08 0 -2.11895e-08 2.10703e-08 1 0 
0.999998 -0.00151088 -0.00143352 -0.00606638 0.00150998 0.999999 -0.000658743 -0.0145551 0.00143447 0.000656619 0.999999 0.577259 
0.999995 -0.00213657 -0.00225863 -0.0293266 0.00213122 0.999995 -0.00238731 -0.0249514 0.00226368 0.00238253 0.999995 1.15109 
0.99999 -0.00233644 -0.00383274 -0.049273 0.00232295 0.999991 -0.00353076 -0.0396727 0.00384091 0.00352186 0.999986 1.71333 
0.999975 -0.00418935 -0.00566791 -0.0647135 0.00415925 0.999977 -0.00531879 -0.0471749 0.00569002 0.00529513 0.99997 2.28199 
0.999952 -0.00654887 -0.00722944 -0.0757744 0.00649605 0.999952 -0.00731101 -0.0572735 0.00727693 0.00726374 0.999947 2.85096 
0.999931 -0.00777416 -0.00878128 -0.0886457 0.00770202 0.999937 -0.0082236 -0.0654312 0.00884461 0.00815544 0.999928 3.42838 
0.99992 -0.00792845 -0.00989881 -0.107462 0.00785557 0.999942 -0.00738443 -0.0833443 0.00995674 0.00730611 0.999924 4.0141 
0.999905 -0.00855448 -0.0108192 -0.134122 0.00847023 0.999934 -0.00781277 -0.0983982 0.0108853 0.00772043 0.999911 4.60533 
0.9999 -0.00770294 -0.0119045 -0.157061 0.00757896 0.999917 -0.0104284 -0.114359 0.0119838 0.0103372 0.999875 5.20844 
0.999901 -0.00562295 -0.0128862 -0.1824 0.00543749 0.999882 -0.0143856 -0.129393 0.0129656 0.0143142 0.999814 5.81849 
0.99989 -0.00443005 -0.0141423 -0.204867 0.00417651 0.999831 -0.01791 -0.146477 0.0142192 0.017849 0.99974 6.43715 
0.999881 -0.00266457 -0.015204 -0.230937 0.0023894 0.999834 -0.0180906 -0.156933 0.0152496 0.0180522 0.999721 7.07519 
0.999865 0.000157916 -0.016454 -0.254135 -0.00034265 0.999937 -0.0112276 -0.168411 0.0164512 0.0112318 0.999802 7.72641 
0.999854 0.000867424 -0.0170681 -0.282768 -0.000881395 0.999999 -0.000813518 -0.18024 0.0170674 0.000828485 0.999854 8.39824 
0.999835 0.00174926 -0.0180825 -0.31017 -0.00164356 0.999982 0.00585622 -0.194956 0.0180924 -0.00582549 0.999819 9.07895 
0.999815 0.00402026 -0.0188352 -0.349128 -0.00392632 0.99998 0.00501952 -0.21004 0.018855 -0.0049446 0.99981 9.77233 
0.999791 0.00622654 -0.0194887 -0.385806 -0.00627452 0.999977 -0.00240361 -0.212216 0.0194733 0.00252543 0.999807 10.4782 
0.999764 0.00587386 -0.020901 -0.410101 -0.00605379 0.999945 -0.00855806 -0.211578 0.0208496 0.00868261 0.999745 11.1971 
0.999749 0.00368491 -0.0220846 -0.440581 -0.00383018 0.999971 -0.00654124 -0.221043 0.0220598 0.00662423 0.999735 11.9422 
0.999744 0.00279858 -0.0224758 -0.472822 -0.00274499 0.999993 0.00241293 -0.223 0.0224823 -0.00235057 0.999745 12.7099 
0.999739 0.00238551 -0.0227011 -0.508875 -0.00216561 0.999951 0.00970422 -0.228905 0.0227231 -0.00965248 0.999695 13.4943 
0.999725 0.00138083 -0.023401 -0.540367 -0.00109806 0.999926 0.0120905 -0.232235 0.023416 -0.0120614 0.999653 14.2916 
0.99972 -0.00081795 -0.0236371 -0.569396 0.00108089 0.999938 0.0111118 -0.230822 0.0236265 -0.0111342 0.999659 15.1018 
0.999736 -0.000902596 -0.0229569 -0.598696 0.00110018 0.999963 0.00859368 -0.230632 0.0229483 -0.00861662 0.9997 15.9348 
0.999747 0.00143256 -0.0224654 -0.638891 -0.00132032 0.999987 0.00500799 -0.229485 0.0224723 -0.00497702 0.999735 16.7745 
0.999772 -0.00170596 -0.0212659 -0.676773 0.00170264 0.999999 -0.000176265 -0.240379 0.0212661 0.000140059 0.999774 17.6311 
0.999783 -0.00378829 -0.0204736 -0.704597 0.00365422 0.999972 -0.00658382 -0.248998 0.0204979 0.00650762 0.999769 18.5013 
0.999806 -0.00271949 -0.0195317 -0.73497 0.00248181 0.999923 -0.0121851 -0.256465 0.0195633 0.0121343 0.999735 19.387 
0.999809 -0.0011845 -0.019493 -0.77085 0.000931688 0.999915 -0.0129757 -0.275939 0.0195067 0.0129551 0.999726 20.297 
0.999807 -0.00098549 -0.0196015 -0.807355 0.000742818 0.999923 -0.0123859 -0.297085 0.0196122 0.012369 0.999731 21.2278 
0.9998 0.000413661 -0.0199887 -0.839949 -0.000684082 0.999908 -0.0135258 -0.322117 0.0199813 0.0135368 0.999709 22.1664 
0.9998 0.00368323 -0.0196575 -0.885592 -0.00398958 0.999871 -0.0155699 -0.347799 0.0195976 0.0156453 0.999686 23.1307 
0.999774 0.00717513 -0.0200017 -0.926259 -0.00750845 0.999833 -0.0166417 -0.367954 0.0198789 0.0167882 0.999661 24.091 
0.999765 0.00902869 -0.0197114 -0.971559 -0.00935521 0.99982 -0.0165387 -0.400017 0.0195585 0.0167192 0.999669 25.071 
0.999761 0.0098789 -0.0195201 -1.02618 -0.0102031 0.999811 -0.0165806 -0.42995 0.0193526 0.0167758 0.999672 26.0764 
0.999762 0.00988828 -0.0194388 -1.0727 -0.0102108 0.999811 -0.0165642 -0.456274 0.0192713 0.0167588 0.999674 27.0811 
0.999742 0.0109359 -0.019934 -1.11003 -0.0112435 0.999818 -0.0153906 -0.487147 0.019762 0.0156108 0.999683 28.0872 
0.999723 0.0116236 -0.020465 -1.14696 -0.0119008 0.999838 -0.0134764 -0.516688 0.020305 0.0137162 0.9997 29.1013 
0.999706 0.0121081 -0.0210269 -1.18394 -0.0123671 0.999849 -0.0122324 -0.543329 0.0208755 0.0124888 0.999704 30.1216 
0.999697 0.0122263 -0.0213514 -1.22316 -0.0125088 0.999835 -0.0131518 -0.572192 0.021187 0.0134149 0.999686 31.1462 
0.999671 0.0134669 -0.0218257 -1.26364 -0.0137743 0.999807 -0.0139975 -0.601612 0.021633 0.0142935 0.999664 32.1778 
0.999664 0.0131408 -0.0223292 -1.30437 -0.013425 0.99983 -0.0126313 -0.6345 0.0221594 0.0129269 0.999671 33.2052 
0.99967 0.0120751 -0.0226965 -1.34654 -0.0123032 0.999875 -0.00994027 -0.661349 0.0225736 0.0102163 0.999693 34.26 
0.999659 0.0124327 -0.0229577 -1.39149 -0.0125859 0.999899 -0.00654026 -0.682687 0.0228741 0.00682702 0.999715 35.32 
0.999644 0.0129424 -0.0233338 -1.43989 -0.0130433 0.999906 -0.00417851 -0.705884 0.0232774 0.00448141 0.999719 36.3829 
0.999637 0.012489 -0.0238694 -1.48229 -0.0125705 0.999916 -0.00327 -0.731567 0.0238265 0.0035689 0.99971 37.4579 
0.999633 0.0120295 -0.0242554 -1.52941 -0.0121448 0.999916 -0.00461331 -0.75396 0.0241979 0.00490624 0.999695 38.5423 
0.999614 0.0126399 -0.0247504 -1.58401 -0.0127751 0.999904 -0.00531437 -0.770939 0.0246808 0.00562855 0.99968 39.6353 
0.999597 0.0125423 -0.025487 -1.63202 -0.0126534 0.999911 -0.00420682 -0.791434 0.025432 0.00452767 0.999666 40.7242 
0.999585 0.0126236 -0.0259071 -1.68593 -0.0126845 0.999917 -0.0021912 -0.812325 0.0258772 0.00251895 0.999662 41.8147 
0.999561 0.0135839 -0.0263431 -1.73761 -0.0135897 0.999908 -4.22125e-05 -0.830243 0.0263401 0.000400231 0.999653 42.896 
0.999541 0.0146654 -0.0265137 -1.79201 -0.014681 0.999892 -0.000395126 -0.848924 0.026505 0.000784234 0.999648 43.9829 
0.999527 0.0158672 -0.0263555 -1.85222 -0.015971 0.999866 -0.00373346 -0.877845 0.0262926 0.00415265 0.999646 45.0549 
0.99952 0.0168747 -0.0259727 -1.90662 -0.0170807 0.999824 -0.00772938 -0.900793 0.0258376 0.00816935 0.999633 46.1267 
0.999519 0.0174691 -0.0256412 -1.95922 -0.0176852 0.99981 -0.00822547 -0.921284 0.0254926 0.00867502 0.999637 47.2175 
0.99951 0.0183859 -0.0253458 -2.01387 -0.0185322 0.999813 -0.00554812 -0.948445 0.025239 0.00601515 0.999663 48.2982 
0.999509 0.0188552 -0.0250301 -2.06414 -0.0189429 0.999815 -0.00327024 -0.976567 0.0249638 0.00374282 0.999681 49.3911 
0.999537 0.0171837 -0.0251134 -2.10921 -0.0172381 0.99985 -0.00195219 -0.997561 0.025076 0.00238423 0.999683 50.483 
0.999545 0.017306 -0.0247234 -2.15471 -0.0173825 0.999845 -0.00288352 -1.02027 0.0246697 0.003312 0.99969 51.5758 
0.999562 0.016575 -0.0245265 -2.2019 -0.0166924 0.99985 -0.00459337 -1.04402 0.0244467 0.0050008 0.999689 52.6779 
0.99956 0.0168291 -0.0244254 -2.24179 -0.0170014 0.999832 -0.00686663 -1.06648 0.0243057 0.00727892 0.999678 53.7739 
0.999578 0.01592 -0.0243064 -2.28717 -0.0161426 0.999829 -0.00899131 -1.09713 0.0241591 0.00937992 0.999664 54.8798 
0.999598 0.0142874 -0.0245038 -2.32545 -0.0145905 0.999819 -0.0122369 -1.12976 0.0243245 0.0125896 0.999625 55.9638 
0.999628 0.0124711 -0.0242608 -2.36898 -0.0128153 0.999819 -0.0140889 -1.15531 0.0240807 0.0143946 0.999606 57.0583 
0.999641 0.0107096 -0.0245498 -2.40627 -0.0110038 0.999869 -0.0118794 -1.18462 0.0244193 0.0121453 0.999628 58.1553 
0.999661 0.00901948 -0.0244446 -2.44866 -0.00916591 0.999941 -0.00588657 -1.21348 0.0243901 0.00610867 0.999684 59.2491 
0.999671 0.00764964 -0.0244926 -2.49095 -0.00764343 0.999971 0.000345206 -1.23854 0.0244945 -0.000157843 0.9997 60.3522 
0.999674 0.00588283 -0.0248327 -2.53079 -0.00585586 0.999982 0.00115697 -1.25793 0.024839 -0.00101113 0.999691 61.4602 
0.99969 0.00211439 -0.0248262 -2.56764 -0.00216068 0.999996 -0.00183942 -1.27623 0.0248222 0.00189254 0.99969 62.5524 
0.999681 0.000294871 -0.0252429 -2.60721 -0.000424071 0.999987 -0.00511477 -1.29278 0.025241 0.00512389 0.999668 63.6452 
0.999675 0.00209115 -0.0254057 -2.66047 -0.00232263 0.999956 -0.00908724 -1.32154 0.0253855 0.00914334 0.999636 64.7453 
0.999672 0.00215185 -0.0255267 -2.7005 -0.00249544 0.999907 -0.0134375 -1.34698 0.0254953 0.0134968 0.999584 65.8356 
0.999681 0.00542584 -0.0246843 -2.76627 -0.00577266 0.999885 -0.0140023 -1.37965 0.0246054 0.0141404 0.999597 66.9585 
0.999671 0.00938152 -0.0238689 -2.81599 -0.00962865 0.999901 -0.0102617 -1.41235 0.0237702 0.0104882 0.999662 68.0636 
0.999655 0.0108817 -0.0239216 -2.86545 -0.0110813 0.999905 -0.00822661 -1.43994 0.0238297 0.00848889 0.99968 69.166 
0.999659 0.010105 -0.0240859 -2.90383 -0.0102872 0.999919 -0.00745611 -1.46708 0.0240086 0.00770138 0.999682 70.2659 
0.999669 0.00816851 -0.0243974 -2.94125 -0.0083319 0.999944 -0.00660447 -1.49511 0.024342 0.00680561 0.999681 71.3661 
0.999668 0.00670631 -0.0248716 -2.98464 -0.00684222 0.999962 -0.00538505 -1.51894 0.0248345 0.00555348 0.999676 72.4606 
0.999666 0.00499344 -0.0253577 -3.02517 -0.00508812 0.99998 -0.00367227 -1.53725 0.0253389 0.00380011 0.999672 73.5572 
0.999641 0.00382305 -0.0265307 -3.0655 -0.00387842 0.99999 -0.00203737 -1.56267 0.0265226 0.00213958 0.999646 74.6545 
0.999621 0.00305618 -0.0273738 -3.11223 -0.00313928 0.999991 -0.00299472 -1.59192 0.0273643 0.00307956 0.999621 75.7518 
0.9996 0.003476 -0.0280543 -3.16022 -0.00367234 0.999969 -0.00695136 -1.61409 0.0280292 0.00705165 0.999582 76.8351 
0.999568 0.00414466 -0.0290971 -3.20863 -0.00441068 0.999949 -0.00908577 -1.63847 0.029058 0.00921023 0.999535 77.9182 
0.999537 0.00604178 -0.0298163 -3.26743 -0.00626158 0.999954 -0.00728554 -1.66468 0.0297709 0.00746891 0.999529 79.0074 
0.999514 0.00663542 -0.0304498 -3.32454 -0.00673373 0.999972 -0.00312844 -1.69163 0.0304282 0.003332 0.999531 80.1117 
0.999487 0.00841869 -0.0309131 -3.3848 -0.00839679 0.999964 0.000836828 -1.71297 0.030919 -0.000576785 0.999522 81.2077 
0.999457 0.00920466 -0.0316342 -3.43954 -0.0091652 0.999957 0.00139096 -1.73276 0.0316456 -0.00110023 0.999499 82.2859 
0.999428 0.00916633 -0.0325674 -3.48773 -0.00920008 0.999957 -0.000887804 -1.74849 0.0325578 0.00118696 0.999469 83.3748 
0.999407 0.00924434 -0.0331572 -3.54182 -0.00931005 0.999955 -0.00182906 -1.76755 0.0331388 0.00213672 0.999449 84.4452 
0.999387 0.00853366 -0.0339461 -3.5887 -0.00860543 0.999961 -0.00197014 -1.79185 0.0339279 0.0022611 0.999422 85.5005 
0.999384 0.00793646 -0.0341812 -3.65509 -0.00800171 0.999966 -0.0017739 -1.81465 0.034166 0.00204636 0.999414 86.5335 
0.999378 0.00653578 -0.0346461 -3.70347 -0.0065521 0.999979 -0.000358705 -1.83585 0.034643 0.00058553 0.9994 87.5555 
0.999359 0.00685603 -0.0351346 -3.75983 -0.00676938 0.999974 0.0025835 -1.86262 0.0351514 -0.00234397 0.999379 88.5588 
0.999334 0.00606939 -0.0359861 -3.80996 -0.00595036 0.999977 0.00341269 -1.88552 0.036006 -0.00319624 0.999347 89.5491 
0.99926 0.00503685 -0.0381374 -3.86255 -0.00489867 0.999981 0.00371477 -1.90615 0.0381553 -0.00352516 0.999266 90.5088 
0.999132 0.00434717 -0.0414187 -3.92388 -0.00424125 0.999988 0.00264381 -1.92184 0.0414296 -0.0024658 0.999138 91.4308 
0.99901 0.00457274 -0.04426 -3.99003 -0.00450246 0.999988 0.00168663 -1.94027 0.0442671 -0.00148563 0.999019 92.3426 
0.998873 0.00460233 -0.0472483 -4.05226 -0.00451404 0.999988 0.0019743 -1.9576 0.0472568 -0.00175875 0.998881 93.2325 
0.9987 0.00558992 -0.0506573 -4.10746 -0.00544414 0.999981 0.00301442 -1.9772 0.0506731 -0.00273467 0.998712 94.1061 
0.998546 0.00667616 -0.0534914 -4.17271 -0.00646023 0.99997 0.00420785 -1.99717 0.0535179 -0.00385612 0.998559 94.9513 
0.998389 0.00744786 -0.056243 -4.23996 -0.00714263 0.999959 0.00562536 -2.0131 0.0562826 -0.00521454 0.998401 95.769 
0.998231 0.00943911 -0.0587098 -4.30691 -0.0090906 0.99994 0.00619964 -2.0244 0.0587647 -0.00565492 0.998256 96.5657 
0.998091 0.011521 -0.0606806 -4.38687 -0.0111373 0.999916 0.00665618 -2.04055 0.0607522 -0.00596761 0.998135 97.3366 
0.997904 0.0134166 -0.063306 -4.45418 -0.0130965 0.999899 0.00546863 -2.05412 0.0633729 -0.00462803 0.997979 98.0782 
0.99773 0.0148323 -0.0656946 -4.5201 -0.0147456 0.99989 0.00180387 -2.07208 0.0657141 -0.000831028 0.997838 98.7777 
0.997533 0.0171173 -0.0680805 -4.58602 -0.0172919 0.999849 -0.00197609 -2.08567 0.0680364 0.0031485 0.997678 99.4651 
0.997377 0.0186724 -0.0699362 -4.64673 -0.019041 0.999808 -0.00460811 -2.10034 0.0698367 0.00592771 0.997541 100.107 
0.997318 0.0209554 -0.0701246 -4.72262 -0.0213935 0.999756 -0.00550214 -2.11787 0.0699922 0.00698763 0.997523 100.731 
0.997336 0.0231807 -0.0691627 -4.78431 -0.0235898 0.999709 -0.00510518 -2.13287 0.0690242 0.00672316 0.997592 101.333 
0.997431 0.0267364 -0.0664603 -4.83219 -0.0270499 0.999627 -0.00382212 -2.14615 0.0663332 0.00561009 0.997782 101.905 
0.997696 0.0293704 -0.0611581 -4.87092 -0.0295618 0.999561 -0.00222752 -2.16424 0.0610658 0.00403037 0.998126 102.456 
0.998086 0.0301055 -0.0540172 -4.9011 -0.0301657 0.999545 -0.000298838 -2.17729 0.0539836 0.00192777 0.99854 102.985 
0.998577 0.0298958 -0.044152 -4.93077 -0.0298283 0.999553 0.00218612 -2.19027 0.0441976 -0.000865991 0.999022 103.486 
0.999023 0.0296323 -0.0327978 -4.93766 -0.029537 0.999558 0.00338503 -2.1995 0.0328836 -0.00241293 0.999456 103.961 
0.999399 0.0288464 -0.0192394 -4.9483 -0.0287842 0.99958 0.00349901 -2.21189 0.0193322 -0.00294307 0.999809 104.423 
0.999584 0.0285638 -0.0041145 -4.94755 -0.0285525 0.999589 0.00276128 -2.22284 0.00419164 -0.00264261 0.999988 104.859 
0.999517 0.0274893 0.014471 -4.94707 -0.027488 0.999622 -0.000292013 -2.2357 -0.0144736 -0.000105865 0.999895 105.276 
0.999012 0.0268338 0.0354322 -4.91917 -0.026673 0.999632 -0.00500101 -2.24836 -0.0355534 0.00405103 0.99936 105.69 
0.99789 0.0249456 0.0599504 -4.8831 -0.0243893 0.999653 -0.00999103 -2.25868 -0.0601789 0.00850783 0.998151 106.094 
0.995957 0.0227129 0.0869102 -4.82862 -0.0216949 0.999685 -0.0126401 -2.27066 -0.0871699 0.0107036 0.996136 106.484 
0.992816 0.0199581 0.117972 -4.78342 -0.0184755 0.999736 -0.013647 -2.28714 -0.118213 0.0113695 0.992923 106.87 
0.988424 0.0179281 0.150654 -4.70581 -0.0157424 0.999753 -0.0156886 -2.29887 -0.150898 0.0131353 0.988462 107.241 
0.982345 0.0153069 0.186452 -4.61183 -0.0122818 0.999774 -0.0173688 -2.31495 -0.186676 0.0147723 0.982311 107.607 
0.974267 0.0118902 0.225083 -4.50632 -0.00808791 0.999809 -0.017807 -2.33175 -0.225251 0.0155284 0.974177 107.953 
0.96408 0.0098019 0.265431 -4.38743 -0.00496915 0.99981 -0.0188724 -2.34436 -0.265566 0.0168756 0.963945 108.293 
0.951541 0.0107345 0.307336 -4.26 -0.00486593 0.999791 -0.0198548 -2.36427 -0.307485 0.0173972 0.951394 108.619 
0.935971 0.012274 0.351863 -4.12403 -0.00547873 0.999779 -0.0203013 -2.38206 -0.352035 0.0170737 0.935831 108.931 
0.917774 0.0123693 0.396909 -3.96769 -0.00518064 0.999803 -0.0191786 -2.39519 -0.397068 0.0155454 0.917657 109.24 
0.897179 0.011754 0.441511 -3.79453 -0.00422964 0.999829 -0.0180226 -2.40961 -0.441648 0.0143021 0.897075 109.532 
0.873532 0.0104863 0.486654 -3.61214 -0.00161251 0.999825 -0.0186495 -2.42416 -0.486765 0.0155063 0.873396 109.813 
0.847836 0.0108899 0.530147 -3.41265 7.24909e-05 0.999787 -0.0206527 -2.44243 -0.530259 0.0175486 0.847654 110.082 
0.819728 0.0129419 0.572607 -3.20217 0.00110309 0.999707 -0.0241742 -2.45896 -0.572753 0.0204479 0.819473 110.336 
0.788182 0.0178488 0.615183 -2.98045 -0.000228497 0.999588 -0.028709 -2.47377 -0.615442 0.0224874 0.787862 110.594 
0.75356 0.0239324 0.656943 -2.74083 -0.00297349 0.999451 -0.032999 -2.48394 -0.657372 0.0229134 0.753218 110.845 
0.715247 0.0287715 0.69828 -2.48445 -0.0051489 0.999342 -0.0359022 -2.49571 -0.698853 0.0220836 0.714924 111.086 
0.674906 0.0291443 0.737328 -2.20744 -0.00291682 0.999317 -0.03683 -2.51147 -0.737898 0.0227062 0.674531 111.308 
0.632619 0.026629 0.774005 -1.90746 0.00176847 0.999356 -0.0358274 -2.52066 -0.774461 0.0240339 0.632165 111.521 
0.587668 0.0247925 0.808722 -1.59293 0.00305274 0.999455 -0.0328579 -2.5355 -0.809096 0.0217784 0.587272 111.714 
0.54047 0.0230683 0.841047 -1.31016 0.0038185 0.999547 -0.0298695 -2.55563 -0.841355 0.0193551 0.540137 111.871 
0.491607 0.0206348 0.870572 -0.975568 0.00536236 0.999629 -0.0267217 -2.57319 -0.8708 0.0178049 0.491314 112.03 
0.439974 0.016742 0.897855 -0.622872 0.0078976 0.999715 -0.0225114 -2.59195 -0.897976 0.0169953 0.439716 112.17 
0.387651 0.0170797 0.921648 -0.250038 0.00557937 0.999767 -0.0208741 -2.60702 -0.921789 0.0132341 0.387465 112.304 
0.335544 0.0219091 0.94177 0.116384 0.00194686 0.999711 -0.0239506 -2.62305 -0.942023 0.00986999 0.335405 112.421 
0.284354 0.027279 0.958331 0.492819 0.00129929 0.999583 -0.0288387 -2.63274 -0.958718 0.00944555 0.2842 112.513 
0.237294 0.0292808 0.970997 0.881527 0.00284907 0.99952 -0.0308371 -2.6504 -0.971434 0.0100839 0.237097 112.583 
0.195587 0.0287884 0.980264 1.29172 0.0103404 0.999453 -0.0314151 -2.66901 -0.980632 0.0162807 0.195182 112.637 
0.160444 0.0289247 0.986621 1.72085 0.0181438 0.999315 -0.0322473 -2.68282 -0.986878 0.0230749 0.159809 112.674 
0.130016 0.0302328 0.991051 2.16499 0.02255 0.999186 -0.0334393 -2.69315 -0.991255 0.0266959 0.129228 112.711 
0.101718 0.0288123 0.994396 2.62361 0.0203008 0.999312 -0.0310312 -2.71239 -0.994606 0.0233435 0.101063 112.749 
0.0762789 0.0252947 0.996766 3.10316 0.0142215 0.999549 -0.0264536 -2.72852 -0.996985 0.0161934 0.0758847 112.787 
0.0519206 0.0212396 0.998425 3.61663 0.00897599 0.999724 -0.0217339 -2.749 -0.998611 0.0100903 0.0517156 112.827 
0.0292155 0.018805 0.999396 4.13947 0.0128736 0.999733 -0.0191876 -2.7703 -0.99949 0.0134264 0.0289656 112.836 
0.00880595 0.0197689 0.999766 4.67559 0.0204709 0.999592 -0.0199457 -2.78624 -0.999752 0.0206417 0.00839766 112.828 
-0.00856637 0.0219777 0.999722 5.22286 0.0255481 0.999437 -0.0217525 -2.80877 -0.999637 0.0253546 -0.00912303 112.814 
-0.0229065 0.0276105 0.999356 5.79853 0.0259318 0.999299 -0.0270145 -2.82169 -0.999401 0.0252963 -0.0236064 112.802 
-0.0341376 0.0321302 0.998901 6.39929 0.0227138 0.99925 -0.0313652 -2.84001 -0.999159 0.0216181 -0.0348418 112.797 
-0.0406697 0.0320548 0.998658 7.02776 0.0255743 0.999191 -0.0310303 -2.85394 -0.998845 0.024278 -0.0414566 112.786 
-0.0433011 0.02884 0.998646 7.66419 0.0321174 0.999107 -0.0274607 -2.87761 -0.998546 0.0308848 -0.0441887 112.757 
-0.0426626 0.0273792 0.998714 8.32735 0.0341457 0.99908 -0.0259306 -2.89831 -0.998506 0.0329955 -0.0435582 112.738 
-0.0407371 0.0270331 0.998804 9.01455 0.0327782 0.999132 -0.0257051 -2.92214 -0.998632 0.0316918 -0.0415878 112.722 
-0.0392683 0.0271386 0.99886 9.70793 0.0291477 0.999237 -0.026003 -2.95059 -0.998804 0.0280934 -0.0400293 112.714 
-0.0380564 0.0286745 0.998864 10.427 0.0283677 0.999216 -0.0276037 -2.96643 -0.998873 0.027285 -0.03884 112.707 
-0.0371835 0.0294724 0.998874 11.1526 0.02823 0.999197 -0.028431 -2.99422 -0.99891 0.027141 -0.0379857 112.697 
-0.0362157 0.0289753 0.998924 11.9056 0.0277245 0.999224 -0.0279788 -3.0209 -0.998959 0.0266814 -0.0369909 112.683 
-0.0357591 0.0275976 0.998979 12.6607 0.0268662 0.999284 -0.0266442 -3.05407 -0.998999 0.025886 -0.0364749 112.677 
-0.0349175 0.02633 0.999043 13.4348 0.0281034 0.999283 -0.025354 -3.08001 -0.998995 0.0271912 -0.0356324 112.659 
-0.0356805 0.0241335 0.999072 14.2178 0.0283951 0.999329 -0.0231256 -3.1119 -0.99896 0.0275436 -0.0363419 112.644 
-0.0368205 0.0224691 0.999069 15.0208 0.0254741 0.999443 -0.0215386 -3.13918 -0.998997 0.0246573 -0.0373724 112.632 
-0.0379795 0.0214108 0.999049 15.8169 0.0246323 0.999487 -0.0204837 -3.16652 -0.998975 0.023831 -0.0384874 112.617 
-0.0388371 0.0189439 0.999066 16.635 0.0269387 0.999477 -0.0179045 -3.18957 -0.998882 0.0262182 -0.0393271 112.59 
-0.0401201 0.0174018 0.999043 17.4466 0.0281639 0.999471 -0.0162781 -3.21484 -0.998798 0.0274838 -0.040589 112.569 
-0.04202 0.0165723 0.998979 18.2859 0.0255602 0.999553 -0.0155066 -3.24479 -0.99879 0.0248825 -0.0424248 112.556 
-0.0430898 0.0212502 0.998845 19.1123 0.0225457 0.99954 -0.0202924 -3.26838 -0.998817 0.0216453 -0.043549 112.537 
-0.0438199 0.0260129 0.998701 19.9427 0.0238688 0.999403 -0.0249839 -3.29609 -0.998754 0.022743 -0.0444146 112.515 
-0.0448551 0.0273604 0.998619 20.7937 0.0242932 0.999359 -0.0262894 -3.3319 -0.998698 0.0230804 -0.045491 112.488 
-0.0464257 0.0253093 0.998601 21.6465 0.0210257 0.999482 -0.0243541 -3.36073 -0.9987 0.0198656 -0.0469338 112.469 
-0.0477864 0.0213789 0.998629 22.5031 0.0179672 0.999628 -0.0205404 -3.38885 -0.998696 0.016961 -0.0481527 112.454 
-0.0476895 0.0158377 0.998737 23.358 0.0168991 0.999744 -0.0150467 -3.42575 -0.998719 0.0161602 -0.0479449 112.423 
-0.0478407 0.0101951 0.998803 24.2191 0.0131965 0.999867 -0.00957383 -3.45076 -0.998768 0.0127227 -0.0479689 112.4 
-0.0476383 0.00926379 0.998822 25.073 0.0105539 0.999906 -0.00877044 -3.47595 -0.998809 0.0101237 -0.0477316 112.372 
-0.0466272 0.0159255 0.998785 25.9163 0.0133134 0.999794 -0.01532 -3.50959 -0.998824 0.0125829 -0.0468296 112.347 
-0.0457539 0.0269488 0.998589 26.7533 0.0152477 0.999538 -0.0262757 -3.53857 -0.998836 0.014024 -0.0461437 112.321 
-0.0454184 0.0323193 0.998445 27.6039 0.0170475 0.999356 -0.0315733 -3.5652 -0.998823 0.015587 -0.0459401 112.303 
-0.043708 0.026809 0.998685 28.4371 0.0186162 0.999488 -0.0260158 -3.60193 -0.998871 0.0174546 -0.0441847 112.269 
-0.0423982 0.018951 0.998921 29.2801 0.0218297 0.999599 -0.0180373 -3.63696 -0.998862 0.0210414 -0.0427949 112.235 
-0.0417476 0.0160553 0.998999 30.1153 0.0230509 0.99962 -0.0151019 -3.66916 -0.998862 0.0223973 -0.0421018 112.211 
-0.0417644 0.0167077 0.998988 30.9327 0.0224996 0.999622 -0.0157776 -3.69918 -0.998874 0.0218179 -0.0421245 112.194 
-0.0426636 0.0176951 0.998933 31.7422 0.0198733 0.99966 -0.0168592 -3.72655 -0.998892 0.0191328 -0.0430008 112.181 
-0.044911 0.017484 0.998838 32.5602 0.0173997 0.999709 -0.0167168 -3.75785 -0.998839 0.0166287 -0.0452022 112.169 
-0.0470296 0.017671 0.998737 33.3735 0.017279 0.999708 -0.0168745 -3.78368 -0.998744 0.0164635 -0.0473212 112.143 
-0.0489521 0.0182054 0.998635 34.1832 0.0167679 0.999708 -0.0174029 -3.81494 -0.99866 0.0158932 -0.0492431 112.118 
-0.0508193 0.0183212 0.99854 34.9831 0.014838 0.999735 -0.0175879 -3.84407 -0.998598 0.0139225 -0.0510777 112.094 
-0.0527265 0.0177721 0.998451 35.7826 0.0134273 0.999764 -0.0170864 -3.87131 -0.998519 0.0125056 -0.0529526 112.068 
-0.0547932 0.0165097 0.998361 36.5778 0.0140889 0.999777 -0.0157598 -3.90191 -0.998398 0.0132023 -0.0550135 112.039 
-0.0566977 0.0167414 0.998251 37.3645 0.0141961 0.999772 -0.0159605 -3.93148 -0.998291 0.0132664 -0.0569224 112.01 
-0.0583509 0.0179863 0.998134 38.1539 0.0146565 0.999745 -0.0171585 -3.9585 -0.998189 0.0136279 -0.0585997 111.978 
-0.0590274 0.0181524 0.998091 38.9401 0.0147527 0.999741 -0.0173099 -3.9872 -0.998147 0.0137028 -0.0592799 111.942 
-0.0599601 0.0169037 0.998058 39.7238 0.0166816 0.999734 -0.0159298 -4.01762 -0.998061 0.015694 -0.0602262 111.902 
-0.0615597 0.0162987 0.99797 40.4989 0.016981 0.999739 -0.0152801 -4.0455 -0.997959 0.0160059 -0.0618204 111.869 
-0.0627888 0.0155614 0.997906 41.2656 0.0154128 0.999774 -0.0146207 -4.07576 -0.997908 0.0144625 -0.0630145 111.837 
-0.0642481 0.0145898 0.997827 42.0224 0.0135574 0.999814 -0.0137459 -4.10468 -0.997842 0.0126448 -0.064434 111.81 
-0.0649903 0.013299 0.997797 42.7643 0.0123206 0.999846 -0.0125238 -4.13062 -0.99781 0.0114795 -0.0651442 111.778 
-0.0656963 0.0130888 0.997754 43.4865 0.012559 0.999846 -0.0122893 -4.15509 -0.997761 0.0117234 -0.0658506 111.747 
-0.0657567 0.0155282 0.997715 44.1921 0.0129237 0.999808 -0.0147089 -4.18308 -0.997752 0.011927 -0.0659448 111.711 
-0.0659555 0.0180383 0.99766 44.8948 0.012364 0.999775 -0.0172592 -4.20934 -0.997746 0.0111967 -0.0661636 111.68 
-0.0658243 0.0199066 0.997633 45.5923 0.0108015 0.999757 -0.0192362 -4.2354 -0.997773 0.00950975 -0.0660233 111.646 
-0.0655687 0.020869 0.99763 46.2893 0.0112114 0.999734 -0.0201761 -4.26062 -0.997785 0.00986186 -0.0657852 111.61 
-0.065518 0.0208349 0.997634 46.9971 0.0132472 0.999712 -0.0200082 -4.28608 -0.997763 0.011905 -0.0657751 111.574 
-0.0657428 0.020596 0.997624 47.6956 0.0143114 0.999704 -0.0196958 -4.30756 -0.997734 0.0129825 -0.066018 111.539 
-0.0658628 0.0209304 0.997609 48.3813 0.0111142 0.999733 -0.0202411 -4.33369 -0.997767 0.00975447 -0.0660779 111.512 
-0.0654564 0.0210794 0.997633 49.065 0.0087135 0.999751 -0.0205524 -4.3637 -0.997817 0.00734758 -0.0656238 111.483 
-0.0654968 0.0198402 0.997656 49.7548 0.010478 0.999761 -0.0191942 -4.38793 -0.997798 0.00919626 -0.065689 111.449 
-0.0661898 0.019174 0.997623 50.4369 0.0108497 0.99977 -0.0184954 -4.416 -0.997748 0.00959971 -0.0663826 111.411 
-0.0699192 0.0187697 0.997376 51.1197 0.00814791 0.9998 -0.0182441 -4.44257 -0.997519 0.00685091 -0.0700582 111.383 
-0.0750516 0.0183619 0.997011 51.7975 0.00422549 0.999827 -0.0180956 -4.46999 -0.997171 0.00285475 -0.0751163 111.349 
-0.0809147 0.0224369 0.996469 52.4737 0.00821042 0.999728 -0.0218435 -4.49082 -0.996687 0.00641396 -0.0810769 111.304 
-0.0870494 0.0251026 0.995888 53.1428 0.0106375 0.999649 -0.0242675 -4.51603 -0.996147 0.00848129 -0.0872858 111.242 
-0.0943348 0.0268767 0.995178 53.8127 0.00987438 0.999612 -0.0260604 -4.53778 -0.995492 0.00736835 -0.0945635 111.189 
-0.10066 0.0259572 0.994582 54.4939 0.00609332 0.999657 -0.0254729 -4.56622 -0.994902 0.00349621 -0.100783 111.139 
-0.105748 0.0248981 0.994081 55.1837 0.00584363 0.999685 -0.0244168 -4.59341 -0.994376 0.00322702 -0.10586 111.074 
-0.110422 0.0252734 0.993563 55.8763 0.00325186 0.999681 -0.0250676 -4.62179 -0.99388 0.000462915 -0.110469 111.011 
-0.114164 0.0251168 0.993144 56.5817 0.00151862 0.999684 -0.0251075 -4.64259 -0.993461 -0.00135817 -0.114166 110.944 
-0.116829 0.0218304 0.992912 57.2913 0.00193281 0.999762 -0.0217535 -4.66576 -0.99315 -0.000622321 -0.116843 110.875 
-0.118193 0.0188331 0.992812 58.0003 0.00411565 0.999821 -0.018476 -4.69034 -0.992982 0.00190233 -0.118249 110.795 
-0.119688 0.0161875 0.99268 58.725 0.00417464 0.999866 -0.0158014 -4.71412 -0.992803 0.00225284 -0.11974 110.725 
-0.12077 0.0161591 0.992549 59.4509 0.00358714 0.999868 -0.0158418 -4.73706 -0.992674 0.00164721 -0.120812 110.647 
-0.120835 0.0202467 0.992466 60.1795 0.00563275 0.99979 -0.0197102 -4.75682 -0.992657 0.00320862 -0.120924 110.567 
-0.120769 0.0240424 0.992389 60.9135 0.0110535 0.999677 -0.0228738 -4.78101 -0.992619 0.00820689 -0.120996 110.484 
-0.120992 0.0287145 0.992238 61.6585 0.0183863 0.999475 -0.0266819 -4.81247 -0.992483 0.0150153 -0.121456 110.391 
-0.12144 0.0299248 0.992148 62.3998 0.0187896 0.999436 -0.0278447 -4.84008 -0.992421 0.0152606 -0.121933 110.31 
-0.121395 0.0276566 0.992219 63.1531 0.017241 0.99952 -0.0257506 -4.87244 -0.992455 0.0139808 -0.121814 110.231 
-0.121255 0.0226371 0.992363 63.9084 0.0172344 0.999637 -0.0206971 -4.90306 -0.992472 0.0145931 -0.121602 110.153 
-0.120803 0.0205271 0.992464 64.659 0.0196907 0.999639 -0.0182787 -4.93434 -0.992481 0.0173342 -0.121163 110.064 
-0.121646 0.0204149 0.992364 65.4109 0.0197124 0.999641 -0.0181482 -4.95925 -0.992378 0.0173542 -0.122004 109.98 
-0.123507 0.021018 0.992121 66.1531 0.018426 0.999652 -0.0188837 -4.99041 -0.992173 0.0159486 -0.123852 109.906 
-0.125571 0.0218198 0.991845 66.8938 0.0177918 0.999647 -0.0197389 -5.01694 -0.991925 0.0151681 -0.125914 109.827 
-0.127632 0.0220953 0.991575 67.6422 0.0192033 0.99962 -0.0198027 -5.04315 -0.991636 0.0165141 -0.128008 109.74 
-0.129312 0.0220669 0.991358 68.3764 0.0197831 0.999611 -0.01967 -5.07439 -0.991407 0.0170686 -0.129699 109.653 
-0.131429 0.0215347 0.991092 69.1302 0.0192496 0.999631 -0.0191675 -5.10278 -0.991139 0.0165589 -0.131795 109.568 
-0.132806 0.0218216 0.990902 69.8821 0.0166339 0.999666 -0.0197852 -5.12846 -0.991002 0.0138549 -0.133125 109.479 
-0.133789 0.0232481 0.990737 70.6327 0.0172485 0.999628 -0.0211275 -5.15875 -0.99086 0.0142621 -0.13414 109.393 
-0.134717 0.0239476 0.990595 71.4031 0.0165005 0.999624 -0.0219218 -5.18285 -0.990747 0.0133921 -0.135061 109.309 
-0.136243 0.0246516 0.990369 72.1716 0.0163553 0.99961 -0.0226317 -5.20351 -0.99054 0.0131144 -0.136593 109.226 
-0.137373 0.0230357 0.990252 72.9584 0.0169867 0.999637 -0.0208975 -5.23203 -0.990374 0.0139503 -0.137714 109.136 
-0.138674 0.0206613 0.990123 73.7488 0.0145081 0.999717 -0.0188296 -5.25811 -0.990232 0.0117536 -0.138934 109.048 
-0.140451 0.0187965 0.989909 74.5439 0.0118544 0.99978 -0.017302 -5.28044 -0.990017 0.00930467 -0.140643 108.961 
-0.142455 0.018307 0.989632 75.3385 0.0136626 0.99977 -0.0165278 -5.30569 -0.989707 0.0111665 -0.142672 108.861 
-0.144189 0.0187503 0.989373 76.1344 0.0150028 0.999747 -0.0167604 -5.33774 -0.989437 0.0124267 -0.144433 108.757 
-0.146803 0.0199529 0.988965 76.9395 0.0139682 0.999739 -0.0180968 -5.36179 -0.989067 0.0111574 -0.147044 108.661 
-0.148319 0.0236358 0.988657 77.753 0.0159291 0.999642 -0.0215087 -5.39091 -0.988811 0.0125583 -0.148642 108.556 
-0.148462 0.0274751 0.988536 78.5636 0.0176936 0.999528 -0.0251232 -5.42417 -0.98876 0.0137609 -0.148878 108.44 
-0.149721 0.0317436 0.988219 79.3823 0.0190324 0.999392 -0.0292189 -5.45177 -0.988545 0.0144335 -0.150234 108.336 
-0.149511 0.0327482 0.988218 80.2045 0.0211302 0.999329 -0.0299195 -5.48722 -0.988534 0.0164079 -0.150102 108.225 
-0.148956 0.0323721 0.988314 81.0421 0.0249337 0.999269 -0.028973 -5.51926 -0.988529 0.0203266 -0.149655 108.109 
-0.148848 0.0304014 0.988393 81.8886 0.025913 0.999304 -0.0268346 -5.55631 -0.98852 0.0216179 -0.149533 107.998 
-0.148274 0.0289851 0.988522 82.7308 0.0254961 0.99935 -0.0254783 -5.59056 -0.988618 0.0214256 -0.148917 107.89 
-0.146533 0.0263935 0.988854 83.582 0.0241925 0.999441 -0.0230911 -5.62838 -0.98891 0.0205393 -0.147089 107.782 
-0.145081 0.0233462 0.989144 84.4428 0.0249743 0.99949 -0.0199273 -5.65978 -0.989105 0.0218121 -0.14559 107.677 
-0.143462 0.0201796 0.98945 85.2996 0.0254337 0.999537 -0.0166976 -5.68825 -0.989329 0.0227699 -0.143909 107.571 
-0.142092 0.0199779 0.989652 86.1632 0.0235229 0.999582 -0.016801 -5.71885 -0.989574 0.0208922 -0.142503 107.473 
-0.140774 0.0241484 0.989747 87.02 0.0241919 0.999488 -0.0209451 -5.75101 -0.989746 0.0209954 -0.141286 107.369 
-0.138885 0.0302887 0.989845 87.8717 0.0250113 0.999321 -0.0270693 -5.78514 -0.989993 0.0209978 -0.139548 107.266 
-0.137406 0.0336414 0.989943 88.7295 0.0230577 0.999261 -0.0307575 -5.82628 -0.990246 0.0185995 -0.13808 107.163 
-0.135974 0.031634 0.990207 89.5949 0.0217496 0.999345 -0.0289392 -5.85546 -0.990474 0.0176016 -0.136573 107.062 
-0.1346 0.0290771 0.990473 90.4507 0.0222761 0.999406 -0.0263121 -5.89478 -0.99065 0.0185222 -0.135168 106.96 
-0.134004 0.0274475 0.990601 91.3211 0.0229797 0.999434 -0.0245836 -5.93101 -0.990714 0.0194694 -0.134559 106.861 
-0.13281 0.0272522 0.990767 92.1841 0.0226901 0.999444 -0.0244493 -5.96611 -0.990882 0.0192335 -0.133354 106.754 
-0.132368 0.0270867 0.99083 93.0519 0.0220679 0.999459 -0.0243744 -6.00579 -0.990955 0.0186392 -0.132895 106.658 
-0.131449 0.0253109 0.991 93.9186 0.0246957 0.999447 -0.0222509 -6.04021 -0.991015 0.0215486 -0.132001 106.554 
-0.130115 0.0246026 0.991194 94.7909 0.0274351 0.999399 -0.0212048 -6.07661 -0.991119 0.0244344 -0.130712 106.45 
-0.128881 0.026128 0.991316 95.6678 0.0298009 0.999303 -0.0224641 -6.11005 -0.991212 0.0266469 -0.12957 106.337 
-0.127886 0.0282847 0.991385 96.5382 0.0304808 0.999233 -0.0245766 -6.14313 -0.99132 0.0270752 -0.12865 106.239 
-0.126712 0.029753 0.991493 97.4055 0.0275191 0.999271 -0.0264694 -6.17802 -0.991558 0.023931 -0.127439 106.138 
-0.125759 0.0258288 0.991725 98.2646 0.0227304 0.999474 -0.0231482 -6.21008 -0.9918 0.0196312 -0.12628 106.043 
-0.125777 0.0238732 0.991771 99.1253 0.0184636 0.999594 -0.0217199 -6.2478 -0.991887 0.0155798 -0.126167 105.959 
-0.126902 0.0240003 0.991625 99.9725 0.0150736 0.999639 -0.0222652 -6.28848 -0.991801 0.0121219 -0.127218 105.873 
-0.12812 0.0285695 0.991347 100.816 0.0119495 0.999557 -0.0272617 -6.32476 -0.991687 0.00835338 -0.128404 105.785 
-0.128757 0.0309449 0.991193 101.656 0.011434 0.999493 -0.0297186 -6.36378 -0.99161 0.00750681 -0.129046 105.691 
-0.128926 0.0312125 0.991163 102.497 0.01223 0.999479 -0.0298835 -6.40451 -0.991579 0.00826913 -0.12924 105.592 
-0.129059 0.0306345 0.991164 103.331 0.0137664 0.999482 -0.0290991 -6.4471 -0.991541 0.00988926 -0.129413 105.492 
-0.129535 0.0313218 0.99108 104.162 0.0149592 0.999449 -0.029631 -6.4854 -0.991462 0.0109875 -0.129932 105.396 
-0.129504 0.0342653 0.990987 104.976 0.0166493 0.999337 -0.0323782 -6.53041 -0.991439 0.0123061 -0.129989 105.297 
-0.129917 0.0356347 0.990884 105.793 0.0160752 0.999298 -0.0338296 -6.57317 -0.991395 0.0115336 -0.130399 105.201 
-0.131279 0.0360869 0.990688 106.611 0.0146524 0.999299 -0.0344588 -6.61168 -0.991237 0.00999229 -0.131716 105.117 
-0.1333 0.0349878 0.990458 107.414 0.0128217 0.999354 -0.0335764 -6.65402 -0.990993 0.00822364 -0.133663 105.02 
-0.136722 0.0361876 0.989948 108.219 0.0129482 0.999312 -0.0347415 -6.69788 -0.990525 0.00806814 -0.137096 104.933 
-0.140249 0.0389832 0.989349 109.014 0.0124455 0.999215 -0.0376076 -6.74039 -0.990038 0.00703849 -0.140624 104.843 
-0.143576 0.0403891 0.988815 109.803 0.0112944 0.999169 -0.039172 -6.78153 -0.989575 0.00554396 -0.143913 104.746 
-0.146624 0.0403775 0.988368 110.581 0.0114318 0.999169 -0.0391229 -6.82585 -0.989126 0.00556248 -0.146964 104.641 
-0.149587 0.03902 0.987978 111.366 0.0128343 0.999213 -0.0375205 -6.87 -0.988665 0.00706748 -0.14997 104.539 
-0.151799 0.0397977 0.98761 112.14 0.0143842 0.999172 -0.0380527 -6.91413 -0.988307 0.00842965 -0.152246 104.429 
-0.153719 0.0443634 0.987118 112.913 0.0100137 0.99901 -0.0433384 -6.96029 -0.988064 0.00322276 -0.154011 104.331 
-0.155112 0.0509292 0.986583 113.674 0.0075795 0.998702 -0.0503631 -7.01282 -0.987868 -0.000334112 -0.155297 104.226 
-0.157691 0.0540774 0.986007 114.435 0.0118213 0.998531 -0.0528737 -7.05649 -0.987418 0.00331815 -0.158098 104.113 
-0.160174 0.0524768 0.985693 115.208 0.0139627 0.998606 -0.0508953 -7.09916 -0.98699 0.00561089 -0.160683 103.995 
-0.163289 0.0444498 0.985576 115.981 0.01268 0.998997 -0.0429542 -7.15573 -0.986497 0.00548309 -0.163689 103.884 
-0.165567 0.0423443 0.985289 116.751 0.0119031 0.999091 -0.0409372 -7.20569 -0.986127 0.00495011 -0.16592 103.77 
-0.166897 0.0453231 0.984932 117.509 0.0114651 0.998965 -0.0440261 -7.25121 -0.985908 0.00394456 -0.167243 103.649 
-0.16977 0.0490305 0.984263 118.267 0.00910464 0.998797 -0.048184 -7.29151 -0.985442 0.000781139 -0.170012 103.536 
-0.172329 0.0515288 0.983691 119.015 0.0087518 0.998672 -0.0507803 -7.34148 -0.985001 -0.000141849 -0.172551 103.42 
-0.173939 0.0555994 0.983186 119.763 0.0128305 0.998448 -0.0541926 -7.39637 -0.984673 0.00318854 -0.174382 103.296 
-0.175782 0.0603675 0.982576 120.505 0.0130434 0.998173 -0.0589923 -7.44432 -0.984343 0.00244633 -0.176248 103.175 
-0.179058 0.0628023 0.981832 121.264 0.0121014 0.998026 -0.0616311 -7.49488 -0.983764 0.000845978 -0.179464 103.064 
-0.181784 0.0608963 0.981451 122.013 0.0137667 0.99814 -0.059382 -7.54152 -0.983242 0.00271667 -0.182284 102.95 
-0.185744 0.0575048 0.980914 122.762 0.0176141 0.998321 -0.0551899 -7.59733 -0.98244 0.00702676 -0.186445 102.818 
-0.191591 0.0563052 0.979859 123.505 0.0198528 0.998371 -0.0534872 -7.64745 -0.981274 0.00920525 -0.192397 102.684 
-0.197778 0.055415 0.978679 124.241 0.0187083 0.998432 -0.0527528 -7.69517 -0.980068 0.00787608 -0.198505 102.551 
-0.205707 0.0558367 0.977019 124.969 0.0177108 0.99842 -0.0533308 -7.74608 -0.978453 0.00633324 -0.206371 102.406 
-0.216629 0.056401 0.974624 125.687 0.0174222 0.998394 -0.0539042 -7.7952 -0.976099 0.00530286 -0.217263 102.265 
-0.228305 0.0576788 0.97188 126.409 0.0179085 0.998324 -0.0550412 -7.84229 -0.973425 0.00483867 -0.228955 102.102 
-0.241252 0.0582599 0.968712 127.12 0.0190843 0.998288 -0.0552858 -7.89472 -0.970275 0.00514939 -0.241951 101.94 
-0.253164 0.0585227 0.965652 127.825 0.0221064 0.998258 -0.0547032 -7.94263 -0.967171 0.00749821 -0.254016 101.761 
-0.263834 0.0591663 0.962752 128.524 0.0254608 0.998196 -0.0543672 -7.98744 -0.964232 0.0101685 -0.264865 101.567 
-0.274562 0.0590418 0.959755 129.227 0.0298906 0.998155 -0.052853 -8.03906 -0.961105 0.0141762 -0.27582 101.382 
-0.283482 0.0597179 0.957117 129.922 0.0358469 0.998022 -0.0516529 -8.08962 -0.958308 0.019667 -0.285061 101.178 
-0.291182 0.0597249 0.954802 130.61 0.0415274 0.997898 -0.0497562 -8.14144 -0.955766 0.0251623 -0.29305 100.972 
-0.297532 0.05996 0.952827 131.297 0.0415003 0.997895 -0.049837 -8.1881 -0.953809 0.0247144 -0.299394 100.768 
-0.301899 0.057676 0.951594 131.976 0.0452566 0.99791 -0.0461253 -8.23816 -0.952265 0.0291407 -0.303878 100.555 
-0.3035 0.0555871 0.951209 132.655 0.0516654 0.997788 -0.0418243 -8.27445 -0.95143 0.0364509 -0.305701 100.334 
-0.304318 0.0545495 0.951007 133.329 0.0582866 0.997555 -0.038568 -8.31606 -0.950786 0.0436941 -0.306753 100.114 
-0.305075 0.053333 0.950834 134.007 0.0606493 0.997492 -0.0364907 -8.35645 -0.950395 0.046535 -0.307545 99.9008 
-0.304809 0.0585983 0.950609 134.66 0.063801 0.99712 -0.0410077 -8.40065 -0.950274 0.0481503 -0.30767 99.6965 
-0.303459 0.0620805 0.95082 135.316 0.0636592 0.996967 -0.0447763 -8.4371 -0.950716 0.0469406 -0.30649 99.4963 
-0.302643 0.0617718 0.9511 135.975 0.0658821 0.996867 -0.0437803 -8.48054 -0.950824 0.0494106 -0.305764 99.2958 
-0.300821 0.0607269 0.951745 136.634 0.0665616 0.996874 -0.042568 -8.51486 -0.951355 0.0505444 -0.303922 99.0948 
-0.298564 0.0578369 0.952636 137.287 0.0682415 0.996901 -0.0391369 -8.56194 -0.951947 0.0533244 -0.301585 98.8933 
-0.297267 0.0584068 0.953006 137.928 0.0686786 0.99685 -0.0396712 -8.60359 -0.952321 0.0536582 -0.300342 98.7022 
-0.294867 0.0607797 0.953603 138.561 0.0699052 0.996673 -0.0419092 -8.64345 -0.952978 0.0543041 -0.298135 98.5194 
-0.290325 0.0620155 0.954917 139.198 0.0714829 0.996515 -0.042984 -8.68701 -0.954255 0.0557808 -0.293746 98.3304 
-0.285014 0.0613322 0.956559 139.836 0.0719753 0.996503 -0.0424477 -8.7243 -0.955817 0.0567505 -0.288431 98.1514 
-0.27973 0.0595464 0.95823 140.467 0.0735452 0.996471 -0.0404531 -8.76521 -0.957258 0.0591573 -0.283122 97.9778 
-0.275182 0.0578193 0.959652 141.101 0.0737115 0.996521 -0.0389037 -8.80179 -0.958562 0.0600318 -0.278486 97.8133 
-0.270966 0.0561882 0.960948 141.701 0.0731522 0.99661 -0.0376461 -8.84854 -0.959805 0.0600946 -0.274157 97.6471 
-0.267194 0.0548489 0.962081 142.316 0.0740147 0.996598 -0.0362609 -8.88406 -0.960796 0.0615193 -0.270345 97.4848 
-0.263831 0.0534827 0.963085 142.938 0.0762549 0.996493 -0.0344484 -8.91296 -0.96155 0.0643514 -0.266984 97.3308 
-0.259927 0.0519049 0.964232 143.544 0.0785921 0.996379 -0.0324493 -8.94894 -0.962425 0.0673466 -0.263065 97.1695 
-0.25642 0.050427 0.965249 144.14 0.0770981 0.996523 -0.0315796 -8.9857 -0.963486 0.0663213 -0.259417 97.0209 
-0.253184 0.051212 0.966062 144.725 0.0747419 0.996649 -0.0332452 -9.02778 -0.964527 0.0637882 -0.256163 96.8903 
-0.248642 0.0541229 0.967082 145.316 0.0759737 0.996451 -0.0362332 -9.06865 -0.965611 0.0644637 -0.251872 96.7515 
-0.242827 0.0574993 0.968364 145.905 0.0777879 0.996181 -0.0396449 -9.10164 -0.966946 0.0657001 -0.246372 96.6109 
-0.236463 0.0581473 0.969899 146.489 0.0770489 0.996187 -0.0409386 -9.13926 -0.968581 0.0650492 -0.240042 96.4864 
-0.227791 0.0567362 0.972056 147.074 0.0740282 0.996421 -0.0408106 -9.17328 -0.970892 0.0626633 -0.231176 96.3656 
