1 2.12261e-08 -2.11895e-08 0 2.12261e-08 1 2.10703e-08 0 -2.11895e-08 2.10703e-08 1 0 
0.999998 -0.00151088 -0.00143352 -0.00606638 0.00150998 0.999999 -0.000658743 -0.0145551 0.00143447 0.000656619 0.999999 0.577259 
0.999995 -0.00213657 -0.00225863 -0.0293266 0.00213122 0.999995 -0.00238731 -0.0249514 0.00226368 0.00238253 0.999995 1.15109 
0.99999 -0.00233644 -0.00383274 -0.049273 0.00232295 0.999991 -0.00353076 -0.0396727 0.00384091 0.00352186 0.999986 1.71333 
0.999974 -0.00420066 -0.00587017 -0.0577079 0.00417028 0.999978 -0.0051841 -0.0504411 0.00589177 0.00515953 0.999969 2.2905 
0.999951 -0.00656057 -0.00743166 -0.0688837 0.0065073 0.999953 -0.00717634 -0.0604632 0.00747835 0.00712767 0.999947 2.85946 
0.999929 -0.00778604 -0.0089835 -0.0818717 0.00771348 0.999938 -0.00808895 -0.0685432 0.00904587 0.00801912 0.999927 3.43689 
0.999917 -0.00805214 -0.0100598 -0.104036 0.00797874 0.999941 -0.00731941 -0.0853421 0.0101181 0.00723858 0.999923 4.02594 
0.999902 -0.00853482 -0.0111401 -0.123912 0.00844795 0.999934 -0.0078252 -0.0989616 0.0112061 0.00773036 0.999907 4.62444 
0.999893 -0.00784588 -0.012356 -0.143092 0.00771856 0.999917 -0.0103223 -0.115206 0.0124359 0.0102259 0.99987 5.22538 
0.999894 -0.00576769 -0.0133371 -0.168706 0.0055772 0.999883 -0.0142797 -0.130178 0.0134178 0.0142038 0.999809 5.83542 
0.999883 -0.00457638 -0.0145926 -0.19145 0.00431635 0.999832 -0.0178042 -0.147199 0.0146716 0.0177392 0.999735 6.45407 
0.999874 -0.00281099 -0.0156543 -0.217808 0.00252935 0.999835 -0.017985 -0.15759 0.0157022 0.0179432 0.999716 7.0921 
0.999857 1.45656e-05 -0.0169053 -0.241299 -0.000202575 0.999938 -0.0111222 -0.169 0.0169041 0.0111241 0.999795 7.74331 
0.999846 0.000728777 -0.0175209 -0.270235 -0.000741256 1 -0.000708147 -0.180761 0.0175203 0.000721068 0.999846 8.41513 
0.999827 0.00161363 -0.0185362 -0.297944 -0.00150331 0.999981 0.00596144 -0.195408 0.0185454 -0.0059325 0.99981 9.09583 
0.999806 0.00388423 -0.0192888 -0.337213 -0.00378599 0.99998 0.00512464 -0.210422 0.0193082 -0.00505058 0.999801 9.78919 
0.999783 0.00608713 -0.0199412 -0.374211 -0.00613413 0.999979 -0.00229857 -0.212527 0.0199268 0.00242044 0.999799 10.4951 
0.999756 0.00573166 -0.0213527 -0.398831 -0.00591326 0.999947 -0.00845323 -0.211815 0.0213031 0.00857747 0.999736 11.2139 
0.99974 0.00354364 -0.0225365 -0.429647 -0.00368952 0.999973 -0.00643657 -0.221204 0.0225131 0.00651809 0.999725 11.959 
0.999734 0.00266137 -0.0229289 -0.462236 -0.00260428 0.999993 0.00251754 -0.223083 0.0229354 -0.00245711 0.999734 12.7267 
0.999729 0.00225161 -0.0231553 -0.498643 -0.00202488 0.99995 0.00980879 -0.228908 0.0231762 -0.00975921 0.999684 13.5111 
0.999715 0.00124803 -0.0238555 -0.530496 -0.000957252 0.999925 0.012195 -0.232157 0.0238689 -0.0121686 0.999641 14.3084 
0.999709 -0.00095117 -0.0240915 -0.559892 0.00122172 0.999936 0.0112162 -0.23066 0.0240792 -0.0112423 0.999647 15.1186 
0.999725 -0.00103696 -0.0234109 -0.589569 0.00124094 0.999961 0.00869822 -0.230385 0.023401 -0.00872484 0.999688 15.9516 
0.999737 0.00129654 -0.0229189 -0.630145 -0.00117962 0.999986 0.0051126 -0.229153 0.0229252 -0.00508417 0.999724 16.7912 
0.999762 -0.00184429 -0.0217187 -0.668414 0.00184322 0.999998 -7.14838e-05 -0.23996 0.0217188 3.14771e-05 0.999764 17.6478 
0.999773 -0.0039295 -0.0209255 -0.696631 0.00379472 0.999972 -0.00647892 -0.248489 0.0209504 0.00639809 0.99976 18.518 
0.999796 -0.00286325 -0.0199829 -0.727403 0.00262221 0.999924 -0.0120801 -0.255865 0.0200159 0.0120253 0.999727 19.4037 
0.9998 -0.00132863 -0.0199441 -0.763693 0.00107208 0.999917 -0.0128707 -0.275246 0.0199595 0.0128468 0.999718 20.3137 
0.999798 -0.00112935 -0.0200526 -0.800616 0.000883225 0.999924 -0.0122809 -0.296296 0.0200649 0.0122607 0.999724 21.2444 
0.999791 0.00026927 -0.0204397 -0.833632 -0.000543636 0.99991 -0.0134209 -0.321231 0.0204342 0.0134292 0.999701 22.1831 
0.999792 0.00353789 -0.0201082 -0.879708 -0.00384917 0.999873 -0.0154649 -0.346816 0.0200509 0.0155392 0.999678 23.1473 
0.999766 0.00702928 -0.0204522 -0.920808 -0.00736802 0.999836 -0.0165367 -0.366873 0.0203325 0.0166836 0.999654 24.1077 
0.999757 0.00888287 -0.0201619 -0.966547 -0.00921482 0.999823 -0.0164337 -0.398837 0.0200123 0.0166155 0.999662 25.0876 
0.999753 0.00969156 -0.0200212 -1.02125 -0.0100226 0.999814 -0.0165038 -0.427531 0.0198575 0.0167004 0.999663 26.0844 
0.999754 0.00905132 -0.0202413 -1.05468 -0.00938515 0.999821 -0.0164609 -0.450651 0.0200887 0.0166469 0.99966 27.0792 
0.999734 0.0100998 -0.0207375 -1.09281 -0.0104179 0.999829 -0.0152877 -0.481435 0.0205795 0.0154997 0.999668 28.0853 
0.999716 0.0107891 -0.0212701 -1.13054 -0.0110751 0.999849 -0.0133739 -0.510885 0.0211226 0.0136057 0.999684 29.0994 
0.999698 0.0112746 -0.021833 -1.16833 -0.0115413 0.99986 -0.0121304 -0.537435 0.0216931 0.0123788 0.999688 30.1197 
0.99969 0.011392 -0.0221567 -1.20836 -0.011683 0.999847 -0.0130501 -0.566208 0.0220046 0.0133049 0.999669 31.1442 
0.999657 0.0129381 -0.0227653 -1.24705 -0.0132549 0.999817 -0.0138222 -0.595371 0.0225822 0.0141193 0.999645 32.173 
0.999649 0.0128374 -0.0231863 -1.29339 -0.0131297 0.999836 -0.0125008 -0.623677 0.023022 0.0128009 0.999653 33.2033 
0.999653 0.011774 -0.0235543 -1.33646 -0.0120078 0.99988 -0.00980985 -0.650394 0.023436 0.0100893 0.999674 34.258 
0.999643 0.0121346 -0.0238166 -1.38231 -0.0122904 0.999904 -0.00640992 -0.671599 0.0237365 0.00670039 0.999696 35.318 
0.999627 0.0126462 -0.0241933 -1.43163 -0.0127478 0.999911 -0.00404827 -0.694665 0.0241399 0.00435521 0.999699 36.3809 
0.99962 0.0121936 -0.0247292 -1.47494 -0.0122749 0.99992 -0.00313992 -0.720213 0.0246889 0.00344232 0.999689 37.4559 
0.999616 0.011733 -0.0251149 -1.52299 -0.0118492 0.99992 -0.00448334 -0.742471 0.0250602 0.00477925 0.999675 38.5402 
0.999596 0.0123427 -0.0256096 -1.57853 -0.0124794 0.999909 -0.00518456 -0.759316 0.0255432 0.0055021 0.999659 39.6331 
0.999578 0.0122461 -0.0263466 -1.62747 -0.0123577 0.999915 -0.00407722 -0.779676 0.0262944 0.00440113 0.999645 40.722 
0.999566 0.0123291 -0.0267672 -1.68231 -0.0123887 0.999921 -0.00206172 -0.800433 0.0267396 0.00239248 0.99964 41.8125 
0.999542 0.0132913 -0.0272038 -1.73491 -0.0132938 0.999912 8.71331e-05 -0.818218 0.0272025 0.000274591 0.99963 42.8937 
0.999522 0.0143725 -0.0273743 -1.79025 -0.0143851 0.999897 -0.00026583 -0.836766 0.0273676 0.000659527 0.999625 43.9807 
0.999508 0.0155714 -0.0272151 -1.85137 -0.0156751 0.999871 -0.00360411 -0.865557 0.0271554 0.00402898 0.999623 45.0525 
0.999503 0.0165755 -0.0268311 -1.90669 -0.0167849 0.99983 -0.00759993 -0.888374 0.0267006 0.00804655 0.999611 46.1243 
0.999501 0.0171694 -0.0264995 -1.96022 -0.0173894 0.999816 -0.00809592 -0.908732 0.0263556 0.00855274 0.999616 47.2151 
0.999493 0.0180885 -0.0262049 -2.01579 -0.0182365 0.999819 -0.00541848 -0.93576 0.0261021 0.00589366 0.999642 48.2957 
0.999493 0.0185598 -0.0258899 -2.06699 -0.0186472 0.999821 -0.0031405 -0.963747 0.0258269 0.00362173 0.99966 49.3886 
0.99952 0.0168894 -0.0259736 -2.113 -0.0169424 0.999855 -0.00182248 -0.984605 0.025939 0.0022617 0.999661 50.4804 
0.999528 0.0170109 -0.0255834 -2.15943 -0.0170868 0.99985 -0.0027537 -1.00718 0.0255326 0.00318958 0.999669 51.5732 
0.999545 0.0162784 -0.0253859 -2.20756 -0.0163968 0.999856 -0.00446348 -1.03079 0.0253096 0.00487774 0.999668 52.6753 
0.999544 0.0165306 -0.0252841 -2.24839 -0.0167058 0.999838 -0.00673672 -1.05311 0.0251686 0.00715608 0.999658 53.7713 
0.999567 0.0153471 -0.0250984 -2.29479 -0.0155786 0.999838 -0.0090553 -1.08059 0.0249553 0.00944242 0.999644 54.8681 
0.999586 0.0137119 -0.0252939 -2.33392 -0.0140264 0.999826 -0.012301 -1.11329 0.0251208 0.0126508 0.999604 55.952 
0.999615 0.0118941 -0.0250499 -2.3783 -0.0122512 0.999825 -0.0141529 -1.13892 0.0248771 0.0144544 0.999586 57.0464 
0.999628 0.0101345 -0.0253402 -2.41645 -0.0104397 0.999874 -0.0119435 -1.16831 0.0252159 0.0122036 0.999608 58.1435 
0.999646 0.0084491 -0.0252384 -2.45969 -0.00860182 0.999945 -0.00595064 -1.19725 0.0251867 0.00616567 0.999664 59.2372 
0.999655 0.00708423 -0.0252899 -2.50285 -0.00707934 0.999975 0.00028111 -1.22239 0.0252912 -0.000101935 0.99968 60.3403 
0.999657 0.0053181 -0.0256305 -2.54356 -0.00529178 0.999985 0.00109268 -1.24186 0.0256359 -0.000956634 0.999671 61.4482 
0.999671 0.00154734 -0.0256222 -2.58127 -0.00159659 0.999997 -0.00190371 -1.26023 0.0256192 0.00194403 0.99967 62.5404 
0.999661 -0.000274756 -0.0260371 -2.6217 0.000139988 0.999987 -0.00517929 -1.27686 0.0260381 0.00517393 0.999648 63.6331 
0.999656 0.00151833 -0.0261976 -2.67583 -0.00175859 0.999957 -0.00915185 -1.30571 0.0261825 0.00919481 0.999615 64.7332 
0.999652 0.00157559 -0.0263161 -2.71671 -0.0019314 0.999907 -0.0135021 -1.33122 0.0262923 0.0135483 0.999563 65.8235 
0.999664 0.00484908 -0.0254734 -2.78336 -0.00520857 0.999888 -0.0140665 -1.36399 0.0254023 0.0141945 0.999577 66.9463 
0.999657 0.00880766 -0.0246601 -2.83394 -0.00906452 0.999906 -0.0103255 -1.39677 0.0245668 0.0105455 0.999643 68.0514 
0.999641 0.0103094 -0.024714 -2.88426 -0.0105171 0.99991 -0.00829038 -1.42444 0.0246263 0.00854737 0.99966 69.1538 
0.999645 0.00953336 -0.0248788 -2.92351 -0.00972313 0.999924 -0.00751997 -1.45166 0.0248052 0.00775924 0.999662 70.2536 
0.999654 0.00759757 -0.0251907 -2.96178 -0.0077678 0.999948 -0.00666851 -1.47976 0.0251387 0.00686192 0.99966 71.3538 
0.999652 0.00613635 -0.0256656 -3.00603 -0.00627815 0.999965 -0.00544936 -1.50367 0.0256312 0.00560864 0.999656 72.4483 
0.999648 0.00442487 -0.0261527 -3.04743 -0.00452407 0.999983 -0.00373685 -1.52206 0.0261357 0.0038539 0.999651 73.5448 
0.999621 0.0032558 -0.0273266 -3.08862 -0.00331445 0.999992 -0.00210261 -1.54756 0.0273195 0.00219243 0.999624 74.642 
0.9996 0.00248818 -0.0281691 -3.13621 -0.00257536 0.999992 -0.00306044 -1.57689 0.0281612 0.0031318 0.999599 75.7393 
0.99958 0.00290485 -0.0288474 -3.18505 -0.00310846 0.999971 -0.00701746 -1.59915 0.0288261 0.00710423 0.999559 76.8226 
0.999547 0.00357179 -0.029889 -3.23431 -0.00384688 0.999951 -0.00915246 -1.6236 0.0298548 0.00926334 0.999511 77.9056 
0.999517 0.0054703 -0.0306092 -3.29396 -0.00569783 0.999957 -0.00735264 -1.6499 0.0305676 0.00752353 0.999504 78.9948 
0.999493 0.00606723 -0.031245 -3.35194 -0.00617002 0.999976 -0.0031959 -1.67694 0.0312248 0.0033871 0.999507 80.099 
0.999466 0.00785362 -0.0317106 -3.41306 -0.00783313 0.999969 0.00076911 -1.69837 0.0317156 -0.000520264 0.999497 81.195 
0.999437 0.00864001 -0.0324319 -3.46865 -0.00860159 0.999962 0.00132284 -1.71825 0.0324421 -0.00104309 0.999473 82.2731 
0.999406 0.00859986 -0.0333638 -3.5177 -0.00863653 0.999962 -0.000956454 -1.73405 0.0333542 0.00124408 0.999443 83.362 
0.999386 0.00867711 -0.0339531 -3.57264 -0.00874654 0.99996 -0.00189805 -1.7532 0.0339352 0.00219389 0.999422 84.4324 
0.999365 0.00796632 -0.0347419 -3.62033 -0.00804198 0.999966 -0.00203957 -1.77758 0.0347244 0.00231771 0.999394 85.4876 
0.999361 0.00736929 -0.0349771 -3.68754 -0.00743827 0.999971 -0.00184346 -1.80048 0.0349625 0.0021025 0.999386 86.5206 
0.999354 0.00596978 -0.0354428 -3.73673 -0.00598868 0.999982 -0.000428528 -1.82175 0.0354396 0.000640549 0.999372 87.5425 
0.999334 0.00629236 -0.0359329 -3.79387 -0.006206 0.999978 0.00251341 -1.84861 0.0359479 -0.00228869 0.999351 88.5458 
0.999308 0.0055064 -0.0367849 -3.84478 -0.00538704 0.99998 0.00334211 -1.87158 0.0368025 -0.00314159 0.999318 89.536 
0.999232 0.00447412 -0.0389362 -3.89812 -0.0043355 0.999984 0.00364298 -1.89229 0.0389519 -0.00347133 0.999235 90.4957 
0.999101 0.00378359 -0.0422168 -3.96018 -0.00367831 0.99999 0.00257017 -1.90806 0.0422261 -0.00241253 0.999105 91.4176 
0.998976 0.00400838 -0.0450575 -4.02704 -0.00393973 0.999991 0.00161139 -1.92658 0.0450635 -0.00143218 0.998983 92.3294 
0.998837 0.00403819 -0.0480459 -4.08997 -0.00395154 0.99999 0.00189737 -1.94398 0.048053 -0.00170527 0.998843 93.2193 
0.998663 0.00502656 -0.0514553 -4.14585 -0.00488191 0.999984 0.00293558 -1.96366 0.0514692 -0.00268041 0.998671 94.0928 
0.998507 0.0061137 -0.05429 -4.21177 -0.00589824 0.999974 0.00412741 -1.98371 0.0543138 -0.00380099 0.998517 94.938 
0.998348 0.00688649 -0.0570423 -4.27966 -0.00658086 0.999963 0.00554338 -1.99972 0.0570783 -0.00515879 0.998356 95.7556 
0.998188 0.0088781 -0.0595093 -4.34724 -0.00852905 0.999945 0.00611626 -2.0111 0.0595602 -0.00559758 0.998209 96.5523 
0.998048 0.0109602 -0.0614802 -4.42781 -0.010576 0.999923 0.0065717 -2.02733 0.0615475 -0.00590861 0.998087 97.3231 
0.99786 0.0128548 -0.0641048 -4.4957 -0.0125354 0.999907 0.00538267 -2.04097 0.064168 -0.00456753 0.997929 98.0647 
0.997685 0.0142675 -0.0664912 -4.56217 -0.0141847 0.999898 0.00171657 -2.05901 0.0665089 -0.000769396 0.997786 98.764 
0.997488 0.0165494 -0.0688749 -4.62863 -0.0167312 0.999858 -0.00206473 -2.07266 0.0688309 0.00321195 0.997623 99.4514 
0.997331 0.0181022 -0.0707289 -4.68984 -0.0184804 0.999818 -0.00469779 -2.0874 0.070631 0.0059924 0.997485 100.093 
0.997274 0.0203844 -0.0709168 -4.76622 -0.020833 0.999767 -0.00559193 -2.10501 0.0707863 0.00705414 0.997467 100.718 
0.997271 0.0225457 -0.0703014 -4.81915 -0.0229665 0.999723 -0.00518482 -2.12045 0.0701649 0.00678529 0.997512 101.318 
0.997371 0.0261027 -0.0675999 -4.86768 -0.0264264 0.999643 -0.00390008 -2.13377 0.0674739 0.00567629 0.997705 101.891 
0.997644 0.0287385 -0.0622992 -4.90703 -0.028938 0.999579 -0.00230216 -2.15191 0.0622067 0.00409959 0.998055 102.441 
0.998042 0.0294761 -0.05516 -4.9378 -0.0295413 0.999564 -0.000369012 -2.165 0.055125 0.00199783 0.998478 102.971 
0.998545 0.0292696 -0.0452969 -4.96804 -0.0292034 0.999571 0.00212212 -2.17802 0.0453395 -0.000796171 0.998971 103.471 
0.999003 0.0290077 -0.0339439 -4.97547 -0.0289113 0.999576 0.00332814 -2.18727 0.0340261 -0.00234341 0.999418 103.946 
0.999394 0.0282225 -0.020386 -4.98663 -0.0281578 0.999598 0.00345061 -2.19968 0.0204751 -0.00287445 0.999786 104.408 
0.999596 0.0279395 -0.00526086 -4.98637 -0.0279255 0.999606 0.00272237 -2.21064 0.00533481 -0.00257431 0.999982 104.844 
0.999555 0.0267687 0.013167 -4.98351 -0.0267668 0.999642 -0.000316308 -2.22366 -0.0131708 -3.62298e-05 0.999913 105.264 
0.999076 0.0261077 0.0341323 -4.95614 -0.0259515 0.999651 -0.00501017 -2.23632 -0.0342512 0.0041198 0.999405 105.679 
0.99799 0.0240537 0.0586343 -4.92063 -0.0235083 0.999674 -0.00997336 -2.24757 -0.0588551 0.00857496 0.99823 106.081 
0.996091 0.0218181 0.085599 -4.86667 -0.0208146 0.999704 -0.0125986 -2.25951 -0.0858486 0.0107677 0.99625 106.47 
0.992988 0.0190623 0.116666 -4.82196 -0.0175969 0.999753 -0.0135781 -2.27597 -0.116896 0.01143 0.993078 106.856 
0.988637 0.0170301 0.149356 -4.74483 -0.0148664 0.999768 -0.0155907 -2.28764 -0.149587 0.0131931 0.988661 107.228 
0.982602 0.0144067 0.185163 -4.65132 -0.01141 0.999786 -0.0172392 -2.30366 -0.185372 0.0148266 0.982557 107.594 
0.974572 0.0109889 0.223805 -4.54626 -0.00722185 0.999818 -0.017643 -2.32037 -0.223958 0.0155782 0.974474 107.94 
0.964436 0.00889881 0.264168 -4.42781 -0.00411064 0.999817 -0.0186725 -2.33289 -0.264286 0.0169226 0.964296 108.28 
0.951952 0.00983074 0.30609 -4.3008 -0.00401699 0.9998 -0.0196176 -2.3527 -0.306222 0.0174455 0.9518 108.606 
0.936442 0.0113707 0.350639 -4.16522 -0.00464193 0.999789 -0.0200244 -2.37038 -0.350792 0.017124 0.936297 108.918 
0.918305 0.011468 0.395708 -4.00928 -0.00435828 0.999813 -0.0188613 -2.38338 -0.39585 0.0155958 0.918183 109.227 
0.897768 0.0108543 0.440336 -3.83649 -0.00342385 0.999838 -0.0176653 -2.39766 -0.440456 0.0143517 0.897659 109.52 
0.874178 0.00958505 0.485511 -3.65447 -0.000825963 0.999833 -0.0182516 -2.41206 -0.485605 0.0155542 0.87404 109.801 
0.848539 0.00998594 0.529039 -3.45531 0.000837934 0.999795 -0.0202156 -2.43016 -0.529133 0.0175971 0.848356 110.07 
0.820486 0.0120342 0.57154 -3.24516 0.00184527 0.999717 -0.0236987 -2.44652 -0.571664 0.0204991 0.820232 110.325 
0.788998 0.0169384 0.614162 -3.02377 0.000487402 0.999602 -0.0281949 -2.46115 -0.614395 0.0225451 0.788676 110.583 
0.754435 0.0230216 0.655971 -2.78447 -0.00228661 0.999471 -0.0324469 -2.47111 -0.656371 0.0229791 0.754088 110.834 
0.716178 0.0278619 0.697362 -2.5284 -0.0044943 0.999366 -0.0353124 -2.48266 -0.697904 0.0221558 0.715849 111.076 
0.675887 0.0282339 0.736464 -2.25167 -0.00229638 0.999342 -0.0362043 -2.49819 -0.737001 0.0227789 0.675507 111.298 
0.633644 0.0257168 0.773197 -1.95197 0.00235295 0.999379 -0.0351679 -2.50712 -0.773621 0.0241033 0.63319 111.511 
0.588739 0.0238832 0.807971 -1.63769 0.00359884 0.999476 -0.0321662 -2.52169 -0.808316 0.0218453 0.588344 111.705 
0.541583 0.0221622 0.840355 -1.3551 0.00432417 0.999566 -0.0291477 -2.54157 -0.840637 0.0194197 0.541252 111.862 
0.492758 0.0197306 0.869943 -1.02071 0.00582602 0.999646 -0.0259722 -2.55885 -0.870147 0.0178663 0.492468 112.021 
0.441158 0.0158389 0.89729 -0.668182 0.00831674 0.999729 -0.021736 -2.5773 -0.897391 0.0170516 0.440907 112.162 
0.388869 0.0161815 0.921151 -0.295514 0.00595327 0.999781 -0.0200759 -2.59204 -0.921274 0.0132908 0.388688 112.296 
0.336733 0.0210269 0.941365 0.0718704 0.00224664 0.99973 -0.0231342 -2.60778 -0.941597 0.00990496 0.336595 112.416 
0.285596 0.0263908 0.957987 0.452087 0.00171559 0.999605 -0.0280488 -2.61711 -0.958349 0.00965415 0.285438 112.509 
0.238551 0.0283919 0.970715 0.84072 0.00322638 0.999544 -0.0300279 -2.63444 -0.971125 0.0102951 0.238351 112.579 
0.196849 0.0278915 0.980037 1.25086 0.0106828 0.999475 -0.0305904 -2.6527 -0.980376 0.0164912 0.196448 112.634 
0.161708 0.0280191 0.986441 1.67995 0.0184564 0.999336 -0.0314109 -2.66614 -0.986666 0.0232856 0.161083 112.672 
0.131282 0.0293226 0.990911 2.12406 0.0228368 0.999208 -0.0325937 -2.67609 -0.991082 0.0269082 0.130508 112.709 
0.10299 0.0279064 0.994291 2.58264 0.0205634 0.999333 -0.0301778 -2.69493 -0.99447 0.023554 0.102347 112.748 
0.0775595 0.0243979 0.996689 3.06215 0.0144622 0.999568 -0.0255937 -2.71065 -0.996883 0.0163994 0.0771731 112.787 
0.053208 0.0203505 0.998376 3.57559 0.00919565 0.99974 -0.0208683 -2.73069 -0.998541 0.0102911 0.0530071 112.827 
0.0305006 0.0179116 0.999374 4.09843 0.0130735 0.999747 -0.0183172 -2.75153 -0.999449 0.013624 0.0302588 112.836 
0.0100848 0.0188663 0.999771 4.63458 0.020653 0.999605 -0.0190714 -2.767 -0.999736 0.0208406 0.00969116 112.829 
-0.0072921 0.0210691 0.999751 5.18189 0.0257149 0.999451 -0.0208752 -2.78904 -0.999643 0.0255563 -0.00782989 112.816 
-0.0216329 0.0267021 0.999409 5.75758 0.026086 0.999318 -0.0261349 -2.80146 -0.999426 0.0255052 -0.0223147 112.805 
-0.0328615 0.0312266 0.998972 6.35837 0.0228582 0.999274 -0.0304841 -2.81925 -0.999199 0.0218329 -0.0335514 112.801 
-0.0393965 0.0311478 0.998738 6.98686 0.0257129 0.999215 -0.0301483 -2.83263 -0.998893 0.0244927 -0.0401664 112.79 
-0.042034 0.0279245 0.998726 7.62335 0.0322536 0.999126 -0.0265782 -2.85574 -0.998595 0.0310954 -0.0428979 112.763 
-0.0413973 0.026461 0.998792 8.28655 0.0342824 0.999098 -0.0250481 -2.87586 -0.998554 0.0332041 -0.0422671 112.744 
-0.0394704 0.0261166 0.998879 8.97379 0.0329167 0.99915 -0.0248229 -2.89908 -0.998678 0.0319 -0.0402965 112.729 
-0.0379857 0.0262186 0.998934 9.66654 0.0292933 0.999255 -0.025113 -2.92673 -0.998849 0.0283082 -0.0387255 112.721 
-0.036773 0.0277555 0.998938 10.3856 0.0285144 0.999236 -0.026714 -2.94194 -0.998917 0.0275017 -0.0375364 112.715 
-0.0359064 0.0285665 0.998947 11.1155 0.0284678 0.999215 -0.0275509 -2.9686 -0.99895 0.0274486 -0.0366914 112.708 
-0.0349381 0.02807 0.998995 11.8685 0.0279632 0.999242 -0.0270989 -2.99461 -0.998998 0.0269883 -0.0356965 112.694 
-0.0344768 0.026639 0.99905 12.6244 0.0269609 0.999306 -0.0257154 -3.02684 -0.999042 0.0260487 -0.0351711 112.688 
-0.0336364 0.0253697 0.999112 13.3985 0.0281989 0.999304 -0.0244252 -3.05206 -0.999036 0.0273522 -0.0343284 112.671 
-0.0343997 0.0231727 0.99914 14.1815 0.0284899 0.999348 -0.0221966 -3.08322 -0.999002 0.0277018 -0.0350375 112.657 
-0.035537 0.021512 0.999137 14.9846 0.0255678 0.999461 -0.0206096 -3.10976 -0.999041 0.0248133 -0.0360678 112.646 
-0.0366952 0.0204548 0.999117 15.7807 0.024725 0.999503 -0.0195546 -3.13636 -0.999021 0.0239856 -0.0371827 112.632 
-0.037555 0.0179848 0.999133 16.5989 0.0270306 0.999491 -0.0169752 -3.15865 -0.998929 0.0263696 -0.038022 112.606 
-0.0388393 0.016441 0.99911 17.4105 0.0282545 0.999483 -0.0153487 -3.18316 -0.998846 0.0276332 -0.0392837 112.587 
-0.0407368 0.0156148 0.999048 18.2498 0.025649 0.999565 -0.014577 -3.21234 -0.998841 0.0250308 -0.0411195 112.575 
-0.0418037 0.020297 0.99892 19.0763 0.0226336 0.999556 -0.0193627 -3.23516 -0.998869 0.0217997 -0.0422446 112.557 
-0.0425351 0.0250584 0.998781 19.9067 0.023956 0.999424 -0.0240542 -3.2621 -0.998808 0.0229037 -0.0431109 112.536 
-0.0435708 0.0264054 0.998701 20.7578 0.0243794 0.999381 -0.0253598 -3.29712 -0.998753 0.0232428 -0.0441876 112.51 
-0.0451384 0.0243584 0.998684 21.6107 0.0211105 0.999503 -0.0234242 -3.32515 -0.998758 0.0200254 -0.0456302 112.492 
-0.0464963 0.0204317 0.99871 22.4674 0.0180507 0.999645 -0.0196104 -3.35248 -0.998755 0.0171156 -0.0468486 112.478 
-0.0463984 0.0148915 0.998812 23.3223 0.0169827 0.999756 -0.0141166 -3.38859 -0.998779 0.0163076 -0.0466399 112.448 
-0.0465461 0.00925326 0.998873 24.1834 0.01328 0.999874 -0.00864367 -3.4128 -0.998828 0.0128627 -0.0466631 112.426 
-0.0463412 0.00832533 0.998891 25.0374 0.0106376 0.999913 -0.00784029 -3.4372 -0.998869 0.0102625 -0.0464257 112.399 
-0.0453326 0.0149839 0.99886 25.8808 0.0133981 0.999807 -0.01439 -3.47005 -0.998882 0.0127305 -0.0455246 112.375 
-0.0444611 0.0260055 0.998673 26.7178 0.0153332 0.999561 -0.025346 -3.49825 -0.998893 0.0141859 -0.0448403 112.351 
-0.0441272 0.0313741 0.998533 27.5685 0.0171333 0.999384 -0.0306437 -3.52409 -0.998879 0.0157559 -0.0446376 112.333 
-0.0424183 0.0258613 0.998765 28.4018 0.0187035 0.99951 -0.0250862 -3.56005 -0.998925 0.0176163 -0.0428812 112.301 
-0.0411115 0.0179985 0.998992 29.2448 0.0219183 0.999613 -0.0171077 -3.5943 -0.998914 0.0211929 -0.0414901 112.268 
-0.040462 0.015101 0.999067 30.0801 0.02314 0.999632 -0.0141723 -3.62573 -0.998913 0.022545 -0.0407965 112.245 
-0.0404782 0.0157542 0.999056 30.8975 0.0225887 0.999635 -0.014848 -3.65499 -0.998925 0.0219664 -0.0408193 112.229 
-0.041375 0.016745 0.999003 31.7071 0.0199616 0.999674 -0.0159295 -3.6816 -0.998944 0.0192827 -0.0416958 112.217 
-0.0436202 0.0165372 0.998911 32.5251 0.0174859 0.999723 -0.015787 -3.71215 -0.998895 0.0167783 -0.0438973 112.206 
-0.0457388 0.0167244 0.998813 33.3385 0.0173632 0.999722 -0.0159445 -3.73722 -0.998803 0.0166133 -0.0460165 112.181 
-0.0475048 0.0173391 0.998721 34.1582 0.0169662 0.999719 -0.0165494 -3.76685 -0.998727 0.0161583 -0.0477857 112.15 
-0.0493704 0.0174578 0.998628 34.9583 0.0150347 0.999747 -0.016734 -3.79529 -0.998667 0.0141879 -0.0496204 112.128 
-0.0512765 0.0169108 0.998541 35.7578 0.0136223 0.999775 -0.0162321 -3.82185 -0.998592 0.0127701 -0.0514954 112.103 
-0.053344 0.0156473 0.998454 36.5531 0.0142822 0.999787 -0.0149052 -3.85178 -0.998474 0.013465 -0.0535561 112.075 
-0.0552487 0.015879 0.998346 37.3399 0.0143878 0.999782 -0.0151055 -3.88067 -0.998369 0.0135294 -0.0554652 112.047 
-0.0569025 0.0171234 0.998233 38.1293 0.0148467 0.999757 -0.0163032 -3.90702 -0.998269 0.0138928 -0.0571429 112.016 
-0.0575792 0.0172893 0.998191 38.9156 0.0149424 0.999753 -0.0164544 -3.93505 -0.998229 0.0139679 -0.0578233 111.981 
-0.0585136 0.0160377 0.998158 39.6993 0.0168704 0.999744 -0.0150742 -3.96481 -0.998144 0.0159573 -0.0587692 111.942 
-0.0601136 0.0154323 0.998072 40.4745 0.0171685 0.999749 -0.0144241 -3.99202 -0.998044 0.0162683 -0.0603634 111.911 
-0.0613415 0.0146972 0.998009 41.2413 0.0155992 0.999784 -0.0137646 -4.02162 -0.997995 0.0147238 -0.0615575 111.879 
-0.0627993 0.0137282 0.997932 41.9982 0.0137426 0.999823 -0.0128894 -4.0499 -0.997932 0.0129048 -0.0629768 111.854 
-0.0635405 0.0124391 0.997902 42.7401 0.0125051 0.999854 -0.0116672 -4.07521 -0.997901 0.0117376 -0.0636868 111.823 
-0.0642459 0.0122076 0.997859 43.4626 0.0119282 0.999863 -0.0114641 -4.09608 -0.997863 0.0111662 -0.0643827 111.792 
-0.0643066 0.0146466 0.997823 44.1682 0.0122929 0.999828 -0.0138838 -4.12348 -0.997855 0.0113734 -0.0644756 111.757 
-0.0645048 0.0171579 0.99777 44.871 0.011733 0.999796 -0.0164342 -4.14915 -0.997848 0.0106467 -0.064693 111.727 
-0.0643723 0.0190286 0.997745 45.5686 0.0101707 0.999779 -0.0184112 -4.17463 -0.997874 0.00896255 -0.0645515 111.694 
-0.064117 0.0199906 0.997742 46.2656 0.0105807 0.999757 -0.0193509 -4.19927 -0.997886 0.00931608 -0.0643129 111.659 
-0.0640681 0.0199535 0.997746 46.9735 0.0126166 0.999736 -0.0191831 -4.22414 -0.997866 0.0113592 -0.064303 111.624 
-0.0642938 0.019713 0.997736 47.672 0.0136806 0.999728 -0.0188707 -4.24503 -0.997837 0.0124364 -0.0645461 111.59 
-0.0644111 0.0200521 0.997722 48.3579 0.0104833 0.999757 -0.0194162 -4.27058 -0.997868 0.00920878 -0.0646057 111.564 
-0.0640026 0.0202047 0.997745 49.0416 0.00808292 0.999773 -0.0197272 -4.30001 -0.997917 0.0068021 -0.0641513 111.536 
-0.0640444 0.0189628 0.997767 49.7314 0.00984738 0.999783 -0.018369 -4.32367 -0.997899 0.00864896 -0.0642173 111.503 
-0.0647379 0.0182959 0.997735 50.4136 0.0102185 0.999792 -0.0176706 -4.35117 -0.99785 0.00905143 -0.0649114 111.466 
-0.0684653 0.0178957 0.997493 51.0965 0.00751364 0.99982 -0.0174216 -4.37717 -0.997625 0.00630202 -0.0685874 111.439 
-0.0735948 0.0174936 0.997135 51.7744 0.00358698 0.999844 -0.0172764 -4.40402 -0.997282 0.00230525 -0.0736461 111.406 
-0.079462 0.0215635 0.996605 52.4507 0.00756712 0.99975 -0.0210281 -4.42429 -0.996809 0.00587048 -0.0796053 111.362 
-0.0855996 0.0242262 0.996035 53.1199 0.00998921 0.999675 -0.0234562 -4.44896 -0.99628 0.00794175 -0.0858138 111.301 
-0.0928853 0.026002 0.995337 53.7898 0.00922016 0.999639 -0.0252539 -4.47016 -0.995634 0.00683144 -0.0930914 111.25 
-0.0992078 0.0250881 0.99475 54.4712 0.00543396 0.999681 -0.0246705 -4.49804 -0.995052 0.00295793 -0.0993125 111.2 
-0.104296 0.0240294 0.994256 55.1611 0.00518018 0.999708 -0.0236178 -4.52467 -0.994533 0.00268717 -0.10439 111.136 
-0.108969 0.0244088 0.993745 55.8538 0.00258465 0.999702 -0.0242716 -4.55249 -0.994042 -7.6375e-05 -0.109 111.074 
-0.112844 0.0242505 0.993317 56.5567 0.000891967 0.999704 -0.0243051 -4.57336 -0.993612 -0.00185668 -0.112832 111.012 
-0.115509 0.0209631 0.993085 57.2664 0.00130401 0.99978 -0.0209527 -4.59595 -0.993306 -0.00112524 -0.115511 110.943 
-0.116875 0.0179624 0.992984 57.9756 0.00348575 0.999838 -0.0176761 -4.61995 -0.993141 0.00139539 -0.116919 110.865 
-0.118371 0.0153164 0.992851 58.7004 0.00354354 0.999881 -0.0150023 -4.64314 -0.992963 0.00174236 -0.118412 110.796 
-0.119452 0.0152888 0.992722 59.4264 0.00295517 0.999883 -0.0150434 -4.66549 -0.992836 0.00113669 -0.119483 110.719 
-0.11952 0.0193743 0.992643 60.1552 0.00500072 0.999809 -0.018912 -4.68466 -0.992819 0.00270357 -0.119594 110.64 
-0.119458 0.0231634 0.992569 60.8893 0.0104215 0.999702 -0.0220756 -4.70825 -0.992785 0.00770695 -0.119664 110.558 
-0.119688 0.0278267 0.992422 61.6344 0.0177543 0.999507 -0.0258842 -4.73912 -0.992653 0.0145217 -0.120123 110.466 
-0.120136 0.0290367 0.992333 62.3759 0.0181572 0.999469 -0.0270473 -4.76612 -0.992591 0.0147686 -0.120599 110.386 
-0.12009 0.0267701 0.992402 63.1293 0.0166086 0.999551 -0.0249531 -4.79788 -0.992624 0.0134858 -0.120481 110.307 
-0.11995 0.0217497 0.992542 63.8847 0.0166021 0.999664 -0.0198993 -4.82788 -0.992641 0.0140913 -0.120271 110.231 
-0.1195 0.0196361 0.99264 64.6355 0.0190588 0.999666 -0.0174806 -4.85856 -0.992651 0.0168296 -0.119834 110.143 
-0.120343 0.0195238 0.99254 65.3874 0.0190798 0.999667 -0.0173506 -4.88286 -0.992549 0.0168495 -0.120675 110.06 
-0.122204 0.0201288 0.992301 66.1298 0.0177919 0.999678 -0.0180873 -4.91341 -0.992346 0.0154446 -0.122522 109.987 
-0.124267 0.0209316 0.992028 66.8706 0.0171561 0.999673 -0.0189438 -4.93933 -0.992101 0.0146652 -0.124585 109.909 
-0.12633 0.0212054 0.991762 67.6192 0.018566 0.999647 -0.019009 -4.96495 -0.991815 0.0160116 -0.126679 109.822 
-0.128011 0.0211762 0.991547 68.3535 0.0191444 0.999639 -0.0188774 -4.99559 -0.991588 0.016566 -0.12837 109.737 
-0.130127 0.0206447 0.991282 69.1074 0.0186091 0.999658 -0.0183762 -5.02337 -0.991323 0.0160557 -0.130467 109.653 
-0.131503 0.0209352 0.991095 69.8595 0.0159923 0.999692 -0.0189948 -5.04845 -0.991187 0.013352 -0.131797 109.565 
-0.132486 0.0223612 0.990933 70.6103 0.0166062 0.999655 -0.0203378 -5.07813 -0.991046 0.0137611 -0.132812 109.479 
-0.133413 0.0230618 0.990792 71.3808 0.0158575 0.999651 -0.0211327 -5.1016 -0.990934 0.0128921 -0.133732 109.397 
-0.13494 0.0237662 0.990569 72.1494 0.015711 0.999638 -0.0218436 -5.12164 -0.990729 0.0126153 -0.135264 109.315 
-0.13607 0.0221492 0.990452 72.9364 0.0163415 0.999664 -0.0201101 -5.14952 -0.990564 0.013449 -0.136386 109.226 
-0.137228 0.0196909 0.990344 73.7391 0.0141115 0.99974 -0.0179223 -5.17931 -0.990439 0.0115158 -0.13747 109.133 
-0.139003 0.0178297 0.990132 74.5343 0.0114562 0.9998 -0.0163954 -5.20091 -0.990226 0.00906414 -0.139179 109.047 
-0.141008 0.0173374 0.989857 75.3291 0.0132626 0.99979 -0.015622 -5.22543 -0.98992 0.0109252 -0.141209 108.949 
-0.142744 0.0177788 0.9896 76.1252 0.0146012 0.999768 -0.0158553 -5.25674 -0.989652 0.0121861 -0.14297 108.846 
-0.145358 0.0189833 0.989197 76.9305 0.0135642 0.99976 -0.0171928 -5.28005 -0.989286 0.0109186 -0.145581 108.75 
-0.146876 0.0226643 0.988895 77.7442 0.0155237 0.999667 -0.0206055 -5.30842 -0.989033 0.0123249 -0.147179 108.647 
-0.147021 0.0265019 0.988778 78.5549 0.0172882 0.999557 -0.0242202 -5.34094 -0.988982 0.0135333 -0.147414 108.532 
-0.148282 0.0307695 0.988466 79.3737 0.0186258 0.999426 -0.0283165 -5.36778 -0.98877 0.0142121 -0.14877 108.43 
-0.148073 0.0317713 0.988466 80.1962 0.0207238 0.999364 -0.0290171 -5.40248 -0.988759 0.0161881 -0.148638 108.32 
-0.147483 0.0314651 0.988564 81.036 0.0243477 0.999306 -0.0281746 -5.43162 -0.988765 0.0199139 -0.148147 108.202 
-0.147376 0.0294925 0.988641 81.8827 0.0253271 0.99934 -0.0260361 -5.46798 -0.988756 0.0212023 -0.148026 108.092 
-0.146801 0.0280764 0.988768 82.7251 0.0249106 0.999385 -0.0246794 -5.50154 -0.988852 0.0210078 -0.14741 107.985 
-0.145058 0.0254861 0.989095 83.5765 0.0236084 0.999473 -0.0222911 -5.53866 -0.989141 0.0201175 -0.145584 107.879 
-0.143606 0.0224368 0.989381 84.4375 0.0243914 0.99952 -0.0191263 -5.56936 -0.989334 0.0213857 -0.144085 107.776 
-0.141988 0.0192688 0.989681 85.2945 0.0248522 0.999565 -0.0158957 -5.59712 -0.989556 0.0223387 -0.142405 107.67 
-0.140616 0.0190698 0.989881 86.1582 0.0229424 0.999609 -0.0159981 -5.62701 -0.989798 0.0204607 -0.140999 107.574 
-0.139298 0.0232402 0.989978 87.0153 0.0236125 0.999518 -0.0201416 -5.65847 -0.989969 0.0205702 -0.13978 107.471 
-0.137409 0.0293806 0.990079 87.8671 0.0244334 0.999356 -0.0262649 -5.69189 -0.990213 0.020582 -0.138039 107.37 
-0.135928 0.032737 0.990178 88.7251 0.022481 0.999299 -0.0299524 -5.73233 -0.990464 0.0181888 -0.136569 107.268 
-0.134495 0.0307311 0.990438 89.5907 0.0211741 0.99938 -0.0281332 -5.76079 -0.990688 0.0171878 -0.135063 107.169 
-0.133121 0.0281727 0.990699 90.4467 0.0217016 0.999439 -0.0255051 -5.79942 -0.990862 0.0181045 -0.133658 107.067 
-0.132526 0.0265417 0.990824 91.3172 0.0224058 0.999466 -0.0237763 -5.83493 -0.990926 0.0190492 -0.13305 106.97 
-0.131331 0.0263467 0.990988 92.1805 0.0221171 0.999476 -0.0236413 -5.86931 -0.991092 0.018813 -0.131845 106.864 
-0.130889 0.0261821 0.991051 93.0485 0.0214953 0.999491 -0.0235661 -5.90827 -0.991164 0.0182184 -0.131385 106.769 
-0.129971 0.0244019 0.991217 93.9153 0.0241239 0.999479 -0.0214421 -5.94199 -0.991224 0.0211252 -0.130492 106.667 
-0.12864 0.0236893 0.991408 94.7878 0.0268644 0.999431 -0.0203952 -5.97767 -0.991327 0.0240099 -0.129204 106.564 
-0.127408 0.0252114 0.99153 95.6649 0.0292313 0.999338 -0.0216538 -6.01039 -0.99142 0.0262248 -0.128061 106.453 
-0.126414 0.0273675 0.9916 96.5355 0.0299119 0.99927 -0.0237659 -6.04276 -0.991527 0.0266563 -0.12714 106.356 
-0.125237 0.0288406 0.991708 97.4029 0.0269511 0.999307 -0.025658 -6.07693 -0.991761 0.0235143 -0.125927 106.256 
-0.124279 0.0249227 0.991934 98.2622 0.0221632 0.999505 -0.0223361 -6.10828 -0.992 0.0192086 -0.12477 106.162 
-0.124293 0.0229731 0.99198 99.1231 0.0178963 0.999621 -0.0209077 -6.14528 -0.992084 0.0151541 -0.124657 106.08 
-0.125415 0.0231054 0.991835 99.9704 0.0145054 0.999665 -0.0214536 -6.18526 -0.991998 0.0116964 -0.125708 105.995 
-0.12663 0.0276804 0.991564 100.814 0.0113803 0.999585 -0.0264509 -6.22084 -0.991885 0.00793485 -0.126893 105.908 
-0.127268 0.0300571 0.991413 101.654 0.0108643 0.999523 -0.0289083 -6.25916 -0.991809 0.0070919 -0.127533 105.816 
-0.127436 0.0303236 0.991383 102.496 0.0116601 0.999509 -0.0290732 -6.2992 -0.991778 0.00785463 -0.127728 105.718 
-0.127571 0.0297432 0.991383 103.33 0.0131964 0.999513 -0.0282889 -6.34111 -0.991742 0.00947389 -0.127901 105.619 
-0.128365 0.0300764 0.991271 104.153 0.0146395 0.999489 -0.02843 -6.38333 -0.991619 0.0108623 -0.128739 105.529 
-0.128336 0.0330185 0.991181 104.967 0.0163297 0.999381 -0.0311773 -6.42736 -0.991596 0.0121845 -0.128796 105.431 
-0.128748 0.0343889 0.991081 105.784 0.015755 0.999343 -0.0326289 -6.46913 -0.991552 0.0114136 -0.129206 105.336 
-0.130108 0.0348429 0.990887 106.602 0.0143306 0.999344 -0.0332586 -6.50664 -0.991396 0.00987283 -0.130522 105.253 
-0.132128 0.0337459 0.990658 107.405 0.0124975 0.999398 -0.0323767 -6.54801 -0.991154 0.00810286 -0.13247 105.157 
-0.13555 0.0349459 0.990154 108.21 0.0126198 0.999358 -0.0335431 -6.59089 -0.99069 0.0079488 -0.135904 105.071 
-0.139077 0.0377429 0.989562 109.006 0.0121128 0.999264 -0.0364105 -6.63244 -0.990208 0.00692252 -0.139432 104.982 
-0.142403 0.0391506 0.989034 109.794 0.0109577 0.999219 -0.037976 -6.67262 -0.989748 0.00542968 -0.142721 104.886 
-0.145452 0.0391391 0.988591 110.572 0.0110914 0.999219 -0.0379279 -6.71599 -0.989303 0.00544819 -0.145772 104.782 
-0.148417 0.0377797 0.988203 111.358 0.0124904 0.999262 -0.0363265 -6.75919 -0.988846 0.00695156 -0.14878 104.68 
-0.150631 0.0385558 0.987838 112.133 0.0140376 0.999222 -0.0368595 -6.80238 -0.98849 0.00831466 -0.151056 104.571 
-0.152547 0.0431279 0.987355 112.905 0.00966475 0.999065 -0.0421462 -6.84761 -0.988249 0.00311327 -0.152821 104.475 
-0.153937 0.0496983 0.98683 113.667 0.00722887 0.998764 -0.0491717 -6.89922 -0.988054 -0.000435673 -0.154106 104.371 
-0.156521 0.0528424 0.98626 114.428 0.0114675 0.998598 -0.0516835 -6.94197 -0.987608 0.00322039 -0.156908 104.259 
-0.159007 0.0512389 0.985947 115.201 0.013606 0.998671 -0.0497058 -6.9837 -0.987184 0.00551119 -0.159493 104.141 
-0.162122 0.0432116 0.985824 115.974 0.0123195 0.999052 -0.0417654 -7.03934 -0.986694 0.00537371 -0.162501 104.031 
-0.164399 0.0411066 0.985537 116.744 0.0115398 0.999143 -0.0397491 -7.08837 -0.986326 0.00483819 -0.164732 103.918 
-0.165729 0.0440869 0.985186 117.503 0.0111003 0.99902 -0.0428386 -7.13297 -0.986109 0.00383623 -0.166056 103.798 
-0.1686 0.0477982 0.984525 118.261 0.00873632 0.998857 -0.0469979 -7.17236 -0.985646 0.000677286 -0.168825 103.687 
-0.171158 0.0502978 0.983959 119.009 0.0083804 0.998734 -0.0495953 -7.22143 -0.985208 -0.000242686 -0.171363 103.571 
-0.173106 0.054196 0.983411 119.758 0.0121796 0.998526 -0.052885 -7.27867 -0.984828 0.00282288 -0.173511 103.453 
-0.17495 0.058965 0.98281 120.501 0.0123901 0.998258 -0.0576863 -7.32563 -0.984499 0.0020849 -0.175376 103.332 
-0.177929 0.0612568 0.982135 121.252 0.011289 0.998122 -0.0602087 -7.37692 -0.983979 0.000374467 -0.178287 103.215 
-0.180658 0.0593485 0.981754 122.001 0.0129504 0.998235 -0.0579617 -7.42247 -0.983461 0.00224288 -0.181108 103.102 
-0.184625 0.0559517 0.981215 122.75 0.0167921 0.998412 -0.0537727 -7.47718 -0.982666 0.00654891 -0.185272 102.971 
-0.190477 0.0547495 0.980164 123.494 0.0190224 0.998462 -0.0520749 -7.52622 -0.981507 0.00872597 -0.191226 102.838 
-0.196664 0.0538607 0.978991 124.23 0.017869 0.998521 -0.0513456 -7.57288 -0.980308 0.00739574 -0.197335 102.706 
-0.204593 0.0542843 0.977341 124.958 0.0168601 0.998508 -0.0519305 -7.62275 -0.978702 0.0058534 -0.205203 102.561 
-0.215517 0.0548498 0.974958 125.677 0.0165558 0.998483 -0.0525135 -7.67083 -0.97636 0.00482369 -0.216098 102.421 
-0.227197 0.0561282 0.97223 126.399 0.0170255 0.998414 -0.0536612 -7.71689 -0.9737 0.00436102 -0.227793 102.259 
-0.24015 0.056709 0.969078 127.11 0.018183 0.99838 -0.0539177 -7.7683 -0.970566 0.00467244 -0.240792 102.098 
-0.25207 0.0569692 0.966031 127.815 0.0211884 0.998351 -0.0533464 -7.81522 -0.967477 0.00702158 -0.252861 101.92 
-0.262749 0.0576097 0.963143 128.514 0.0245279 0.998292 -0.0530208 -7.85905 -0.964552 0.00969267 -0.263713 101.727 
-0.273487 0.0574805 0.960157 129.218 0.0289427 0.998253 -0.0515172 -7.90969 -0.96144 0.0137002 -0.274673 101.543 
-0.282419 0.0581505 0.957527 129.913 0.0348867 0.998123 -0.0503262 -7.95928 -0.958657 0.0191919 -0.283918 101.339 
-0.290132 0.0581513 0.955218 130.602 0.0405566 0.998003 -0.0484374 -8.01015 -0.956127 0.0246872 -0.29191 101.134 
-0.296484 0.0583869 0.953251 131.289 0.0405208 0.998 -0.0485247 -8.05586 -0.954178 0.0242397 -0.298257 100.931 
-0.300858 0.0560977 0.952018 131.969 0.0442711 0.998014 -0.0448174 -8.10498 -0.952641 0.0286633 -0.302744 100.718 
-0.30247 0.0540005 0.951628 132.648 0.050678 0.997893 -0.040518 -8.14034 -0.951811 0.0359711 -0.304569 100.499 
-0.303299 0.0529548 0.951423 133.322 0.0572982 0.997662 -0.0372626 -8.18102 -0.951171 0.0432132 -0.305624 100.28 
-0.30406 0.0517351 0.951247 134 0.05966 0.997598 -0.035186 -8.22048 -0.950783 0.0460527 -0.306417 100.067 
-0.303799 0.0569991 0.95103 134.653 0.0628122 0.997235 -0.0397034 -8.26378 -0.950663 0.0476744 -0.30654 99.8635 
-0.302448 0.0604829 0.951245 135.309 0.0626722 0.997087 -0.0434711 -8.29933 -0.951103 0.0464688 -0.305358 99.6642 
-0.301636 0.0601715 0.951523 135.969 0.0648963 0.996988 -0.0424742 -8.34186 -0.951212 0.0489385 -0.304632 99.4645 
-0.299814 0.0591253 0.952164 136.629 0.0655784 0.996994 -0.0412599 -8.37527 -0.951741 0.050071 -0.30279 99.2642 
-0.297559 0.056232 0.953046 137.282 0.0672614 0.997018 -0.0378261 -8.42144 -0.952331 0.0528477 -0.300454 99.0635 
-0.296263 0.0568016 0.953416 137.923 0.0677003 0.996968 -0.0383592 -8.4622 -0.952704 0.0531822 -0.29921 98.8731 
-0.293864 0.059174 0.954014 138.557 0.0689302 0.996795 -0.0405951 -8.50118 -0.953359 0.0538309 -0.297001 98.6911 
-0.289322 0.0604083 0.955324 139.193 0.0705142 0.99664 -0.0416654 -8.54386 -0.954631 0.0553092 -0.29261 98.5029 
-0.28401 0.0597239 0.956959 139.832 0.0710141 0.996627 -0.0411237 -8.58027 -0.956188 0.056278 -0.287293 98.3246 
-0.278727 0.0579353 0.958621 140.463 0.0725913 0.996594 -0.0391236 -8.62029 -0.957623 0.0586828 -0.281984 98.1518 
-0.274178 0.0562071 0.960035 141.097 0.072764 0.996641 -0.0375695 -8.65598 -0.958922 0.0595553 -0.277347 97.9881 
-0.269959 0.0545758 0.961324 141.698 0.0722105 0.996728 -0.0363076 -8.70188 -0.96016 0.0596161 -0.273017 97.8226 
-0.266188 0.0532349 0.96245 142.312 0.0730783 0.996715 -0.0349186 -8.73655 -0.961147 0.0610393 -0.269204 97.661 
-0.262827 0.0518656 0.963448 142.935 0.0753233 0.99661 -0.0331026 -8.76457 -0.961898 0.0638698 -0.265843 97.5078 
-0.258926 0.0502845 0.964587 143.541 0.0776661 0.996494 -0.0310997 -8.79969 -0.96277 0.0668632 -0.261924 97.3472 
-0.255416 0.0488075 0.965599 144.137 0.076177 0.996636 -0.0302263 -8.83561 -0.963826 0.0658361 -0.258275 97.1993 
-0.252174 0.0495953 0.96641 144.723 0.0738252 0.996761 -0.031889 -8.87686 -0.964862 0.0633039 -0.255019 97.0694 
-0.247634 0.0525056 0.96743 145.313 0.0750634 0.996569 -0.034873 -8.91688 -0.965942 0.0639829 -0.250725 96.9313 
-0.241819 0.055881 0.968711 145.903 0.0768859 0.996305 -0.0382798 -8.94905 -0.96727 0.0652234 -0.245222 96.7914 
-0.235453 0.0565298 0.97024 146.487 0.0761559 0.996311 -0.0395676 -8.98583 -0.968897 0.0645732 -0.238889 96.6676 
-0.226773 0.0551211 0.972387 147.073 0.0731473 0.996541 -0.0394314 -9.01901 -0.971197 0.0621855 -0.230021 96.5475 
