1 2.12261e-08 -2.11895e-08 0 2.12261e-08 1 2.10703e-08 0 -2.11895e-08 2.10703e-08 1 0 
0.999997 0.00128816 0.0019376 -0.0215867 -0.00128633 0.999999 -0.000926515 -0.020781 -0.00193884 0.000924062 0.999998 1.21539 
0.999994 0.0017599 0.00303287 -0.0361244 -0.00175851 0.999998 -0.000446946 -0.0416707 -0.0030337 0.000441652 0.999995 2.41935 
0.999989 0.00146038 0.00449296 -0.0632552 -0.00145956 0.999999 -0.000176523 -0.060422 -0.00449325 0.000170005 0.99999 3.62947 
0.999987 0.000570847 0.00498579 -0.0762689 -0.000571054 1 4.84826e-05 -0.0885974 -0.0049858 -5.12871e-05 0.999988 4.82638 
0.999984 0.000157547 0.00563361 -0.0816897 -0.000157316 1 -3.37845e-05 -0.106794 -0.00563366 3.29397e-05 0.999984 6.04935 
0.999982 0.000567761 0.00595923 -0.0891124 -0.000561071 0.999999 -0.00111708 -0.128313 -0.0059599 0.00111376 0.999982 7.25879 
0.99998 -0.000196909 0.00637891 -0.100692 0.000205789 0.999999 -0.00138477 -0.153818 -0.00637868 0.00138609 0.999979 8.45785 
0.99998 -0.000766071 0.00621633 -0.111473 0.00076637 1 -3.89181e-05 -0.169803 -0.00621634 4.37233e-05 0.999981 9.6673 
0.999985 -0.00176473 0.0051575 -0.134066 0.00176083 0.999998 0.00076765 -0.189992 -0.00515888 -0.000758515 0.999986 10.8837 
0.999992 -0.00259024 0.00320413 -0.15586 0.00258945 0.999997 0.00026334 -0.20802 -0.00320485 -0.000254999 0.999995 12.0939 
0.999997 -0.00224129 0.00133119 -0.181802 0.00224187 0.999997 -0.000403271 -0.226023 -0.00133033 0.000406296 0.999999 13.2973 
0.999998 -0.00189597 -1.21094e-05 -0.197294 0.00189601 0.999998 -0.000194898 -0.252108 1.24366e-05 0.000194917 1 14.5236 
0.999999 -0.000586365 -0.00108012 -0.215564 0.000585844 1 -0.000521774 -0.272482 0.00108038 0.000521183 0.999999 15.7321 
0.999999 -0.000233409 -0.00153539 -0.241462 0.000232798 1 -0.000425591 -0.292555 0.00153545 0.000425275 0.999999 16.9449 
0.999998 -0.000917216 -0.00179876 -0.276073 0.000916667 1 -0.000329428 -0.304738 0.00179902 0.000327821 0.999998 18.171 
0.999996 -0.00115501 -0.00263043 -0.296903 0.00115435 0.999999 -0.000271063 -0.322875 0.00263069 0.000268067 0.999997 19.3817 
0.999994 -0.00105785 -0.00334456 -0.321316 0.00105465 0.999999 -0.000970162 -0.348471 0.00334554 0.000966671 0.999994 20.6016 
0.999991 -0.00115525 -0.00412026 -0.342624 0.0011473 0.999998 -0.00194071 -0.368664 0.00412245 0.001936 0.99999 21.7997 
0.999987 -0.000127065 -0.0051085 -0.36883 0.000119544 0.999999 -0.00148082 -0.384011 0.00510864 0.00148024 0.999986 23.0106 
0.999983 -0.0001447 -0.00583392 -0.396704 0.000133788 0.999998 -0.00187805 -0.400037 0.00583414 0.00187728 0.999981 24.2259 
0.999976 -0.000386139 -0.00686122 -0.42284 0.000369624 0.999997 -0.00241426 -0.427729 0.00686208 0.00241171 0.999974 25.449 
0.999972 0.000236497 -0.00745123 -0.458792 -0.000247485 0.999999 -0.00147944 -0.454666 0.00745083 0.00148128 0.999971 26.6368 
0.999967 -0.000862534 -0.00812483 -0.488209 0.000865829 1 0.000396796 -0.47569 0.00812444 -0.000403775 0.999967 27.8463 
0.999956 -0.00123495 -0.00935193 -0.516026 0.00123958 0.999999 0.00048456 -0.493978 0.00935128 -0.000496088 0.999956 29.0585 
0.999939 -0.00212356 -0.0108074 -0.540557 0.00212368 0.999998 -4.43186e-06 -0.524547 0.0108074 -1.84775e-05 0.999942 30.2652 
0.999924 -0.00253763 -0.012041 -0.56014 0.00252523 0.999996 -0.00104861 -0.541142 0.0120436 0.00101817 0.999927 31.492 
0.999919 -0.00142901 -0.012666 -0.593625 0.00141507 0.999998 -0.00111275 -0.56242 0.0126676 0.00109478 0.999919 32.7192 
0.999911 -0.00228834 -0.0131545 -0.62715 0.00227874 0.999997 -0.000748572 -0.575535 0.0131562 0.000718572 0.999913 33.9346 
0.999897 -0.00328331 -0.0139805 -0.660088 0.00327626 0.999995 -0.00053002 -0.600871 0.0139821 0.000484204 0.999902 35.1412 
0.999885 -0.00362367 -0.0147159 -0.698266 0.00361914 0.999993 -0.000337362 -0.629834 0.014717 0.000284107 0.999892 36.3313 
0.999873 -0.00372021 -0.0155121 -0.728235 0.0037119 0.999993 -0.000567196 -0.645463 0.0155141 0.000509587 0.99988 37.5507 
0.999862 -0.00496671 -0.0158293 -0.764953 0.00496982 0.999988 0.000154421 -0.674986 0.0158282 -0.000233026 0.999875 38.7539 
0.999862 -0.00453387 -0.0160098 -0.803775 0.0045566 0.999989 0.00138132 -0.696421 0.0160033 -0.00145403 0.999871 39.9544 
0.999863 -0.00448532 -0.0159385 -0.84792 0.00452906 0.999986 0.00270671 -0.728918 0.0159261 -0.00277848 0.999869 41.1842 
0.999871 -0.00377822 -0.0156407 -0.903303 0.00380811 0.999991 0.00187959 -0.737092 0.0156334 -0.00193887 0.999876 42.3972 
0.999875 -0.00363029 -0.0154209 -0.938287 0.00366711 0.999991 0.00235787 -0.773594 0.0154121 -0.00241408 0.999878 43.6477 
0.999891 -0.00068243 -0.014748 -0.983019 0.000741576 0.999992 0.00400255 -0.786584 0.0147451 -0.00401301 0.999883 44.8585 
0.99991 -0.000634915 -0.0133771 -1.01813 0.000726084 0.999977 0.00680836 -0.797601 0.0133724 -0.00681742 0.999887 46.072 
0.999933 -8.02691e-05 -0.0115809 -1.05705 0.00019078 0.999955 0.00953808 -0.810455 0.0115796 -0.00953961 0.999887 47.2843 
0.999951 0.000476046 -0.0099028 -1.09173 -0.000349546 0.999918 0.0127677 -0.816343 0.00990803 -0.0127636 0.999869 48.5005 
0.999965 -0.000478608 -0.00836959 -1.12303 0.00059699 0.9999 0.0141426 -0.824905 0.00836194 -0.014147 0.999865 49.7262 
0.999973 -0.00241537 -0.00700809 -1.15039 0.00250281 0.999919 0.0124892 -0.825807 0.00697731 -0.0125063 0.999897 50.9349 
0.999978 -0.00194764 -0.0062796 -1.1744 0.00201662 0.999938 0.0109905 -0.835672 0.00625776 -0.0110029 0.99992 52.143 
0.999985 -0.00112345 -0.00530045 -1.20999 0.00117775 0.999947 0.010246 -0.837522 0.00528862 -0.010252 0.999934 53.3623 
0.999986 -0.00156831 -0.00511836 -1.23694 0.00161691 0.999954 0.00949784 -0.842488 0.00510318 -0.00950594 0.999942 54.5653 
0.99998 -0.00229613 -0.00590202 -1.26512 0.00234584 0.999962 0.00842284 -0.851968 0.00588241 -0.00843647 0.999947 55.79 
0.999971 -0.00215445 -0.00736994 -1.29773 0.00221896 0.999959 0.00875052 -0.860551 0.00735074 -0.00876657 0.999935 57.0072 
0.99996 -0.00233709 -0.00864826 -1.33138 0.00242547 0.999945 0.0102172 -0.876378 0.00862386 -0.0102378 0.99991 58.223 
0.999953 -0.00232154 -0.0094313 -1.37343 0.00242218 0.99994 0.0106684 -0.887507 0.00940593 -0.0106907 0.999899 59.4378 
0.999945 -0.00109562 -0.0104201 -1.4052 0.00120198 0.999947 0.0102023 -0.894272 0.0104084 -0.0102142 0.999894 60.648 
0.999942 -0.000927873 -0.010714 -1.44476 0.00103712 0.999948 0.0101914 -0.904077 0.010704 -0.0102018 0.999891 61.8579 
0.999941 -0.00171393 -0.0107241 -1.4749 0.0018159 0.999953 0.00950225 -0.908885 0.0107073 -0.00952113 0.999897 63.094 
0.999936 -0.00284614 -0.0109491 -1.50495 0.00293929 0.99996 0.00849682 -0.920001 0.0109244 -0.00852841 0.999904 64.3126 
0.99993 -0.00266726 -0.0114981 -1.53838 0.00278037 0.999948 0.00982931 -0.928269 0.0114713 -0.00986055 0.999886 65.5261 
0.999926 -0.00299456 -0.0118319 -1.57364 0.00313193 0.999928 0.0116047 -0.944223 0.0117963 -0.0116409 0.999863 66.7275 
0.999927 -0.00253268 -0.0118056 -1.61831 0.00264912 0.999948 0.00985469 -0.949232 0.01178 -0.0098852 0.999882 67.9319 
0.999938 -0.000860495 -0.0111434 -1.66793 0.000958505 0.999961 0.00878921 -0.962911 0.0111354 -0.0087993 0.999899 69.1269 
0.999939 0.00129552 -0.0109898 -1.71103 -0.00119527 0.999958 0.00912068 -0.974982 0.0110011 -0.00910695 0.999898 70.3267 
0.999939 0.00335223 -0.0105659 -1.75481 -0.00325451 0.999952 0.00924864 -0.984956 0.0105964 -0.00921364 0.999901 71.5318 
0.999933 0.00527839 -0.0103183 -1.79433 -0.0051812 0.999942 0.0094189 -0.991354 0.0103673 -0.00936477 0.999902 72.7295 
0.999938 0.00587572 -0.00947407 -1.82339 -0.00577867 0.999931 0.0102339 -1.00014 0.0095335 -0.0101785 0.999903 73.9241 
0.999942 0.00790004 -0.00729485 -1.85784 -0.00782014 0.99991 0.0109119 -1.0072 0.00738035 -0.0108542 0.999914 75.1164 
0.999966 0.00705491 -0.00434268 -1.88606 -0.00701762 0.999939 0.00853367 -1.01495 0.00440258 -0.00850286 0.999954 76.3134 
0.99999 0.00430462 -0.00148792 -1.91277 -0.00429902 0.999984 0.00372114 -1.02964 0.00150387 -0.00371466 0.999992 77.4855 
0.999985 0.0053044 0.000975414 -1.93374 -0.00530767 0.99998 0.00343415 -1.04769 -0.000957221 -0.00343924 0.999994 78.6652 
0.999985 0.00374464 0.00401383 -1.95559 -0.00377259 0.999969 0.0069891 -1.06666 -0.00398758 -0.0070041 0.999968 79.8372 
0.999949 0.00547787 0.00850391 -1.98637 -0.00554611 0.999952 0.00802728 -1.08423 -0.00845958 -0.00807399 0.999932 80.9865 
0.999896 0.005718 0.0132719 -2.00188 -0.00580081 0.999964 0.00621236 -1.0934 -0.013236 -0.00628866 0.999893 82.1499 
0.999841 0.00535949 0.0170245 -2.0104 -0.0054151 0.99998 0.00322486 -1.11387 -0.0170069 -0.0033165 0.99985 83.3407 
0.999773 0.00376219 0.0209641 -2.01115 -0.00376181 0.999993 -5.54354e-05 -1.13368 -0.0209642 -2.33984e-05 0.99978 84.4912 
0.999686 0.00336273 0.0248505 -2.0128 -0.0033367 0.999994 -0.00108712 -1.15582 -0.024854 0.0010039 0.999691 85.6733 
0.999578 0.00335118 0.0288732 -2.01176 -0.00337346 0.999994 0.0007243 -1.18076 -0.0288707 -0.000821355 0.999583 86.8514 
0.999434 0.00486177 0.0333007 -2.01502 -0.00489491 0.999988 0.000915231 -1.19834 -0.0332959 -0.00107768 0.999445 88.0174 
0.999286 0.00426335 0.0375338 -1.99478 -0.00422685 0.999991 -0.00105085 -1.22465 -0.0375379 0.000891491 0.999295 89.1894 
0.99915 0.00423294 0.0409956 -1.96926 -0.00410196 0.999986 -0.00327762 -1.24833 -0.041009 0.00310671 0.999154 90.3456 
0.999012 0.00436349 0.044219 -1.9403 -0.00420904 0.999985 -0.00358441 -1.27389 -0.0442341 0.00339479 0.999015 91.5029 
0.998877 0.00273723 0.047297 -1.90812 -0.00262413 0.999994 -0.00245239 -1.29547 -0.0473034 0.00232556 0.998878 92.6669 
0.998773 0.0024302 0.0494607 -1.86148 -0.00238367 0.999997 -0.00099895 -1.3128 -0.0494631 0.000879867 0.998776 93.836 
0.998623 0.00177001 0.0524328 -1.83246 -0.00181818 0.999998 0.000871846 -1.33428 -0.0524312 -0.000965937 0.998624 94.9984 
0.998491 0.00151907 0.0549012 -1.79649 -0.00160666 0.999998 0.00155226 -1.34213 -0.0548987 -0.00163808 0.998491 96.1598 
0.998354 0.000740304 0.0573464 -1.75362 -0.000692799 0.999999 -0.000847512 -1.35923 -0.057347 0.000806428 0.998354 97.3305 
0.998232 -0.000990796 0.0594374 -1.69862 0.00125003 0.99999 -0.00432364 -1.38331 -0.0594326 0.00439033 0.998223 98.4926 
0.998089 0.000472736 0.0617938 -1.65452 -2.56162e-05 0.999974 -0.00723555 -1.40754 -0.0617957 0.00722018 0.998063 99.6533 
0.997977 0.000372296 0.0635806 -1.61027 0.000126961 0.999969 -0.00784743 -1.44274 -0.0635816 0.00783966 0.997946 100.824 
0.997915 0.000984693 0.0645412 -1.58062 -0.000503686 0.999972 -0.00746788 -1.46687 -0.0645468 0.00741984 0.997887 102.002 
0.997949 0.00128362 0.0640025 -1.53154 -0.000898671 0.999981 -0.00604241 -1.48336 -0.0640091 0.00597254 0.997931 103.216 
0.998012 0.00104582 0.0630225 -1.49196 -0.000751776 0.999989 -0.00468848 -1.50931 -0.0630268 0.00463182 0.998001 104.406 
0.998111 0.00161473 0.0614154 -1.44989 -0.00137295 0.999991 -0.00397815 -1.53157 -0.0614214 0.00388636 0.998104 105.65 
0.998239 0.00204153 0.0592939 -1.41004 -0.00184715 0.999993 -0.00333209 -1.55883 -0.0593003 0.00321674 0.998235 106.85 
0.998393 0.00293325 0.0566015 -1.37729 -0.00275118 0.999991 -0.00329353 -1.58729 -0.0566107 0.00313255 0.998391 108.098 
0.998578 0.0040168 0.0531675 -1.35472 -0.00383231 0.999986 -0.00357071 -1.61416 -0.0531812 0.00336192 0.998579 109.282 
0.998766 0.00446411 0.0494686 -1.31578 -0.00430771 0.999985 -0.00326693 -1.63302 -0.0494825 0.00304984 0.99877 110.495 
0.998942 0.00520896 0.0456926 -1.28045 -0.00511038 0.999984 -0.00227306 -1.65871 -0.0457038 0.00203719 0.998953 111.727 
0.999123 0.00531445 0.0415407 -1.24198 -0.00527434 0.999986 -0.00107395 -1.68647 -0.0415459 0.000853953 0.999136 112.956 
0.999285 0.00538738 0.0374364 -1.22636 -0.00537864 0.999986 -0.000332961 -1.71433 -0.0374377 0.000131407 0.999299 114.229 
0.999433 0.0063082 0.0330676 -1.22468 -0.00630328 0.99998 -0.000251683 -1.7343 -0.0330686 4.31475e-05 0.999453 115.468 
0.999566 0.00711264 0.0285976 -1.22569 -0.00710578 0.999975 -0.000339775 -1.75621 -0.0285994 0.000136461 0.999591 116.714 
0.999686 0.00704067 0.0240338 -1.23167 -0.00702801 0.999975 -0.000609314 -1.77398 -0.0240376 0.000440255 0.999711 117.983 
0.999772 0.00852333 0.0195984 -1.23556 -0.00849766 0.999963 -0.00139051 -1.79342 -0.0196096 0.00122369 0.999807 119.237 
0.999803 0.0106073 0.0168084 -1.25977 -0.0105811 0.999943 -0.00164091 -1.81178 -0.0168248 0.00146278 0.999857 120.493 
0.999802 0.0133601 0.0147318 -1.26882 -0.0133392 0.99991 -0.00151267 -1.83686 -0.0147508 0.00131591 0.99989 121.73 
0.999789 0.0147825 0.0142681 -1.29061 -0.0147559 0.999889 -0.00196762 -1.85719 -0.0142956 0.00175671 0.999896 123.004 
0.999767 0.0171176 0.0131316 -1.29084 -0.0170954 0.999852 -0.00179402 -1.87563 -0.0131604 0.00156915 0.999912 124.269 
0.999754 0.0182103 0.0126578 -1.30335 -0.0182003 0.999834 -0.000896559 -1.89869 -0.0126721 0.000666004 0.99992 125.52 
0.99976 0.0181569 0.0122643 -1.31247 -0.0181495 0.999835 -0.000706609 -1.91706 -0.0122752 0.000483889 0.999925 126.785 
0.999684 0.0223016 0.0115721 -1.32824 -0.0223194 0.99975 0.00141934 -1.93741 -0.0115376 -0.00167713 0.999932 128.046 
0.99967 0.0232213 0.0110065 -1.34224 -0.0232731 0.999719 0.00460516 -1.95203 -0.0108965 -0.00485975 0.999929 129.307 
0.99971 0.0217667 0.0102981 -1.34859 -0.0218106 0.999753 0.00417267 -1.9648 -0.0102048 -0.00439603 0.999938 130.568 
0.999719 0.0215639 0.00984051 -1.36256 -0.0215906 0.999763 0.00262202 -1.97791 -0.00978168 -0.0028337 0.999948 131.854 
0.999789 0.0183566 0.00924236 -1.37687 -0.0183922 0.999824 0.00379434 -1.99547 -0.00917112 -0.00396348 0.99995 133.139 
0.999833 0.0163602 0.00811226 -1.38729 -0.0164077 0.999848 0.00582941 -2.00833 -0.0080157 -0.0059615 0.99995 134.419 
0.999903 0.0115356 0.00780429 -1.39199 -0.011593 0.999906 0.00735869 -2.01526 -0.00771871 -0.00744841 0.999943 135.719 
0.999925 0.00985638 0.00731815 -1.40513 -0.00991786 0.999915 0.00841911 -2.03043 -0.00723459 -0.00849102 0.999938 137.003 
0.999952 0.00607866 0.00767394 -1.41456 -0.00612991 0.999959 0.00667806 -2.0429 -0.00763307 -0.00672474 0.999948 138.286 
0.999963 0.00323056 0.00796227 -1.42416 -0.00327507 0.999979 0.00558863 -2.05307 -0.00794409 -0.00561446 0.999953 139.557 
0.999967 0.0018566 0.0079346 -1.43036 -0.00189789 0.999985 0.0052049 -2.06906 -0.00792486 -0.00521974 0.999955 140.836 
0.999966 0.00187056 0.00808862 -1.43828 -0.00191719 0.999982 0.00576583 -2.08681 -0.00807772 -0.00578109 0.999951 142.106 
0.999962 0.00180893 0.00854184 -1.45076 -0.00187667 0.999967 0.00793405 -2.10164 -0.00852725 -0.00794973 0.999932 143.385 
0.999944 0.00476074 0.00942926 -1.47069 -0.00484789 0.999946 0.00924621 -2.11668 -0.00938477 -0.00929136 0.999913 144.666 
0.999938 0.00460988 0.0100928 -1.48323 -0.0046893 0.999958 0.00786438 -2.13544 -0.0100561 -0.00791118 0.999918 145.953 
0.999928 0.00499631 0.0109269 -1.49853 -0.00505757 0.999972 0.00558977 -2.141 -0.0108987 -0.00564459 0.999925 147.248 
0.99992 0.00501468 0.0115858 -1.5058 -0.00504872 0.999983 0.00291492 -2.15589 -0.0115711 -0.00297314 0.999929 148.542 
0.999919 0.00402079 0.0120687 -1.51755 -0.00400706 0.999991 -0.00115798 -2.17676 -0.0120733 0.00110957 0.999927 149.831 
0.999908 0.00426806 0.012897 -1.54083 -0.00420572 0.999979 -0.00485363 -2.20309 -0.0129175 0.00479898 0.999905 151.126 
0.999901 0.00412827 0.0134323 -1.55582 -0.00405227 0.999976 -0.00567726 -2.22903 -0.0134554 0.00562231 0.999894 152.425 
0.999903 0.00377094 0.0133831 -1.56429 -0.00369886 0.999979 -0.00540371 -2.25713 -0.0134033 0.00535373 0.999896 153.721 
0.9999 0.00483782 0.0133259 -1.57308 -0.00477295 0.999977 -0.00489172 -2.28668 -0.0133492 0.00482766 0.999899 155.006 
0.999902 0.00524551 0.0129823 -1.57353 -0.0051945 0.999979 -0.00395704 -2.31691 -0.0130028 0.00388926 0.999908 156.308 
0.999902 0.00592491 0.012665 -1.57676 -0.00588166 0.999977 -0.00344583 -2.34125 -0.0126852 0.00337104 0.999914 157.584 
0.999909 0.00603727 0.0120979 -1.58734 -0.00599483 0.999976 -0.00353722 -2.37373 -0.012119 0.00346441 0.999921 158.882 
0.999915 0.00636567 0.0113589 -1.59246 -0.00632861 0.999975 -0.00329209 -2.40388 -0.0113796 0.00321996 0.99993 160.148 
0.99993 0.00548954 0.0105302 -1.59898 -0.00546804 0.999983 -0.00206509 -2.42507 -0.0105414 0.0020074 0.999942 161.442 
0.999927 0.00630058 0.0102826 -1.6189 -0.00628569 0.999979 -0.00147582 -2.46028 -0.0102917 0.00141112 0.999946 162.716 
0.999923 0.00753038 0.00990129 -1.63237 -0.00750628 0.999969 -0.00246487 -2.48529 -0.00991959 0.00239039 0.999948 164 
0.999922 0.00795431 0.00958338 -1.64484 -0.00791918 0.999962 -0.00369405 -2.50957 -0.00961244 0.00361791 0.999947 165.279 
0.999919 0.00898513 0.00901031 -1.66362 -0.00895108 0.999953 -0.00380795 -2.53393 -0.00904414 0.00372703 0.999952 166.553 
0.999928 0.00861324 0.00831646 -1.67591 -0.00857494 0.999953 -0.00462456 -2.56118 -0.00835594 0.00455296 0.999955 167.825 
0.999929 0.00926456 0.00750822 -1.68839 -0.00922092 0.999941 -0.00582105 -2.58699 -0.00756175 0.00575145 0.999955 169.098 
0.999932 0.00956289 0.00671022 -1.69639 -0.00952543 0.999939 -0.00558675 -2.61352 -0.00676328 0.00552249 0.999962 170.401 
0.999931 0.0101119 0.00597527 -1.71177 -0.0100868 0.99994 -0.0042076 -2.64144 -0.0060175 0.00414708 0.999973 171.677 
0.999939 0.00992511 0.00484689 -1.72639 -0.0099061 0.999943 -0.00392118 -2.66895 -0.00488558 0.00387297 0.999981 172.948 
0.99994 0.0101723 0.00408004 -1.74203 -0.0101568 0.999941 -0.00379858 -2.69195 -0.00411848 0.00375695 0.999985 174.233 
0.99994 0.0104123 0.00329972 -1.7644 -0.0104012 0.99994 -0.00334749 -2.72374 -0.00333442 0.00331301 0.999989 175.504 
0.999942 0.0104722 0.00263181 -1.78451 -0.0104612 0.999937 -0.0041512 -2.75175 -0.00267515 0.00412346 0.999988 176.768 
0.999932 0.0114985 0.00196719 -1.80552 -0.0114894 0.999924 -0.00456549 -2.78021 -0.00201958 0.00454262 0.999988 178.056 
0.999924 0.0122384 0.0017392 -1.83291 -0.0122302 0.999914 -0.00465582 -2.7974 -0.00179608 0.00463424 0.999988 179.336 
0.999924 0.0122122 0.00186867 -1.86517 -0.0122015 0.99991 -0.00560848 -2.8308 -0.00193704 0.00558529 0.999983 180.605 
0.999939 0.0109254 0.00175397 -1.88509 -0.0109126 0.999915 -0.00716111 -2.85856 -0.0018321 0.00714158 0.999973 181.866 
0.999968 0.00788865 0.00157675 -1.90384 -0.00787745 0.999945 -0.00696568 -2.89048 -0.00163165 0.00695308 0.999975 183.132 
0.999965 0.00831302 0.00117329 -1.92145 -0.00830901 0.99996 -0.00334424 -2.91794 -0.00120109 0.00333442 0.999994 184.414 
0.999973 0.00729015 0.00123314 -1.94256 -0.00729144 0.999973 0.00107472 -2.94277 -0.00122531 -0.00108364 0.999999 185.693 
0.999962 0.00861326 0.00125118 -1.96244 -0.00861376 0.999963 0.000428438 -2.96463 -0.00124749 -0.000439157 0.999999 186.95 
0.999931 0.0117356 0.000991022 -1.98281 -0.0117328 0.999927 -0.00277856 -2.98182 -0.0010236 0.00276678 0.999996 188.197 
0.999934 0.0114717 0.000350344 -1.99447 -0.0114698 0.999922 -0.00485196 -3.00651 -0.000406019 0.00484766 0.999988 189.451 
0.999931 0.0117475 0.000138734 -2.01581 -0.0117467 0.99992 -0.0046811 -3.03126 -0.000193757 0.00467919 0.999989 190.683 
0.999936 0.0112913 0.000710581 -2.05206 -0.011289 0.999932 -0.00309093 -3.0649 -0.000745476 0.00308276 0.999995 191.907 
0.999933 0.0115076 0.00137632 -2.07863 -0.0115061 0.999933 -0.00105299 -3.08868 -0.00138839 0.00103713 0.999999 193.164 
0.999938 0.0108668 0.00225774 -2.0995 -0.0108662 0.999941 -0.000262016 -3.11116 -0.0022605 0.000237508 0.999997 194.427 
0.999935 0.0107967 0.00376804 -2.10914 -0.0107928 0.999941 -0.00105308 -3.13289 -0.00377923 0.00101239 0.999992 195.7 
0.999941 0.00962809 0.00502179 -2.12052 -0.00961563 0.999951 -0.00249185 -3.15836 -0.00504558 0.00244345 0.999984 196.929 
0.999944 0.00890388 0.00576135 -2.12997 -0.00888087 0.999953 -0.00400022 -3.18738 -0.00579674 0.00394887 0.999975 198.17 
0.999937 0.00873672 0.0071221 -2.1423 -0.00870384 0.999951 -0.00462863 -3.21199 -0.00716223 0.00456639 0.999964 199.408 
0.99992 0.00900112 0.00884232 -2.16331 -0.00896715 0.999952 -0.00386898 -3.2436 -0.00887676 0.00378943 0.999953 200.673 
0.999918 0.00837265 0.00971677 -2.15827 -0.00835225 0.999963 -0.00213426 -3.26894 -0.00973432 0.00205297 0.999951 201.904 
0.999904 0.00881506 0.0107289 -2.1669 -0.00879606 0.99996 -0.00181294 -3.29869 -0.0107445 0.00171844 0.999941 203.132 
0.999895 0.00854434 0.0116885 -2.17572 -0.00852249 0.999962 -0.00191427 -3.31884 -0.0117045 0.0018145 0.99993 204.347 
0.999884 0.00864024 0.0125189 -2.18628 -0.00861891 0.999961 -0.00175309 -3.34504 -0.0125336 0.00164503 0.99992 205.559 
0.999869 0.00855756 0.013724 -2.19516 -0.00853872 0.999963 -0.00142784 -3.36916 -0.0137357 0.00131051 0.999905 206.767 
0.999853 0.00878372 0.0147065 -2.20555 -0.00876097 0.99996 -0.00160741 -3.39432 -0.0147201 0.00147837 0.999891 207.969 
0.999838 0.00866547 0.0157526 -2.21332 -0.00864139 0.999961 -0.00159343 -3.41999 -0.0157659 0.00145709 0.999875 209.158 
0.999838 0.00751765 0.0163774 -2.21752 -0.00749311 0.999971 -0.00155649 -3.44731 -0.0163887 0.00143356 0.999865 210.337 
0.999838 0.00737148 0.0164522 -2.21477 -0.00735805 0.999973 -0.000873811 -3.46976 -0.0164582 0.000752655 0.999864 211.513 
0.999846 0.00699696 0.0160707 -2.2166 -0.00700142 0.999976 0.000224103 -3.49944 -0.0160688 -0.000336545 0.999871 212.66 
0.999854 0.0071687 0.0155047 -2.21964 -0.00716792 0.999974 -0.00010285 -3.51871 -0.015505 -8.25958e-06 0.99988 213.784 
0.999848 0.00792375 0.0155022 -2.23006 -0.00791038 0.999968 -0.000920382 -3.54472 -0.0155091 0.000797656 0.999879 214.889 
0.999851 0.00802505 0.0153014 -2.23759 -0.00800366 0.999967 -0.00145529 -3.57094 -0.0153126 0.00133265 0.999882 215.984 
0.999853 0.00832211 0.0150109 -2.24061 -0.00829796 0.999964 -0.00166778 -3.59484 -0.0150243 0.00154302 0.999886 217.091 
0.999876 0.00780576 0.0136781 -2.24613 -0.00778105 0.999968 -0.00185564 -3.61738 -0.0136922 0.00174902 0.999905 218.159 
0.999912 0.00680722 0.0114124 -2.24197 -0.00679498 0.999976 -0.0011072 -3.64031 -0.0114197 0.0010296 0.999934 219.205 
0.999942 0.0058096 0.00906161 -2.24019 -0.00581213 0.999983 0.000257565 -3.65512 -0.00906 -0.000310176 0.999959 220.26 
0.999962 0.00590277 0.00644812 -2.2487 -0.00591702 0.99998 0.00220032 -3.68043 -0.00643504 -0.00223835 0.999977 221.31 
0.999972 0.00620478 0.00414393 -2.26502 -0.00621413 0.999978 0.00225871 -3.7025 -0.00412987 -0.00228436 0.999989 222.335 
0.999979 0.00627708 0.00158299 -2.27996 -0.00628002 0.999979 0.00188153 -3.72257 -0.00157119 -0.00189139 0.999997 223.347 
0.999979 0.00646156 -0.000978674 -2.30255 -0.00645957 0.999977 0.00198028 -3.73794 0.000991405 -0.00197387 0.999998 224.331 
0.999968 0.00699015 -0.00381112 -2.32312 -0.00698073 0.999973 0.00246907 -3.75873 0.00382823 -0.00244235 0.99999 225.297 
0.999951 0.00718457 -0.00683372 -2.34193 -0.00716827 0.999971 0.00240049 -3.78112 0.00685073 -0.00235134 0.999974 226.245 
0.99992 0.00705315 -0.0104706 -2.35743 -0.00703388 0.999974 0.00187159 -3.79951 0.0104835 -0.00179775 0.999943 227.162 
0.999878 0.00706722 -0.0139211 -2.3845 -0.00704765 0.999974 0.00145192 -3.8194 0.0139309 -0.00135359 0.999902 228.052 
0.999817 0.00802948 -0.0173579 -2.41586 -0.00800942 0.999967 0.00122229 -3.83957 0.0173671 -0.001083 0.999849 228.925 
0.999748 0.00865228 -0.0207299 -2.43681 -0.00864227 0.999963 0.000570619 -3.85893 0.020734 -0.00039128 0.999785 229.782 
0.999681 0.0105839 -0.0229139 -2.4787 -0.0105769 0.999944 0.000425517 -3.87458 0.022917 -0.000182981 0.999737 230.608 
0.999667 0.0113731 -0.0231716 -2.52118 -0.0113549 0.999935 0.000915447 -3.89269 0.0231805 -0.000651988 0.999731 231.411 
0.999676 0.0113403 -0.022768 -2.5549 -0.0112937 0.999934 0.00216957 -3.91175 0.0227911 -0.00191169 0.999738 232.202 
0.999689 0.0117512 -0.0219818 -2.58974 -0.0116939 0.999928 0.00273328 -3.92561 0.0220122 -0.00247534 0.999755 232.97 
0.9997 0.0118078 -0.0214736 -2.62134 -0.011759 0.999928 0.00239704 -3.94275 0.0215003 -0.00214377 0.999767 233.72 
0.999701 0.0122081 -0.0212046 -2.65131 -0.012197 0.999925 0.000652418 -3.95966 0.021211 -0.000393548 0.999775 234.457 
0.999722 0.011597 -0.0205319 -2.67427 -0.0116319 0.999931 -0.00158109 -3.97629 0.0205121 0.00181952 0.999788 235.193 
0.999734 0.0120464 -0.0196686 -2.69567 -0.0121095 0.999922 -0.00309405 -3.98947 0.0196297 0.00333145 0.999802 235.928 
0.99975 0.0124188 -0.018622 -2.72229 -0.0124884 0.999915 -0.00362955 -4.00463 0.0185753 0.00386124 0.99982 236.65 
0.999786 0.0117985 -0.0169701 -2.74521 -0.0118643 0.999923 -0.00378191 -4.02147 0.0169241 0.00398248 0.999849 237.381 
0.999815 0.0117367 -0.0152416 -2.76422 -0.0117951 0.999923 -0.00375101 -4.0379 0.0151964 0.00393014 0.999877 238.11 
0.99984 0.0118044 -0.0134256 -2.78415 -0.0118575 0.999922 -0.00388217 -4.05537 0.0133787 0.00404078 0.999902 238.832 
0.999871 0.0115362 -0.0111512 -2.80697 -0.0115844 0.999924 -0.00427177 -4.07096 0.011101 0.00440044 0.999929 239.558 
0.999899 0.0115552 -0.0082784 -2.82517 -0.0115868 0.999926 -0.00379015 -4.09066 0.00823394 0.00388573 0.999959 240.291 
0.999937 0.0101753 -0.00484508 -2.84414 -0.0101893 0.999944 -0.00288825 -4.111 0.00481538 0.00293748 0.999984 241.011 
0.999955 0.00929086 -0.00186503 -2.85599 -0.00929554 0.999954 -0.00254395 -4.1277 0.00184126 0.00256121 0.999995 241.733 
0.999957 0.0090948 0.00156128 -2.87456 -0.00909051 0.999955 -0.00270784 -4.14047 -0.00158587 0.00269358 0.999995 242.446 
0.999953 0.00866149 0.00445313 -2.87975 -0.00864864 0.999958 -0.00288613 -4.15813 -0.00447798 0.00284753 0.999986 243.149 
0.999934 0.00860181 0.00767192 -2.88922 -0.0085777 0.999958 -0.00316496 -4.17174 -0.00769886 0.00309898 0.999966 243.849 
0.999899 0.00925517 0.0108213 -2.89341 -0.00921136 0.999949 -0.00408723 -4.18506 -0.0108587 0.00398718 0.999933 244.577 
0.999855 0.00957722 0.0140746 -2.8992 -0.00951322 0.999944 -0.00460402 -4.19923 -0.0141179 0.0044695 0.99989 245.278 
0.999802 0.00997082 0.0172353 -2.90189 -0.00990693 0.999944 -0.0037859 -4.21005 -0.0172721 0.00361444 0.999844 245.98 
0.999753 0.00966704 0.0200082 -2.90076 -0.00960241 0.999948 -0.00332123 -4.22566 -0.0200393 0.00312832 0.999794 246.689 
0.999699 0.00939296 0.0226842 -2.89661 -0.00931414 0.99995 -0.00357575 -4.24037 -0.0227167 0.00336343 0.999736 247.4 
0.999646 0.00872856 0.0251419 -2.89045 -0.00860586 0.999951 -0.00498268 -4.25754 -0.0251842 0.00476459 0.999672 248.109 
0.999595 0.00934455 0.0268818 -2.88295 -0.00914894 0.999931 -0.00738874 -4.27088 -0.0269491 0.00713984 0.999611 248.818 
0.999596 0.00709362 0.0275101 -2.87545 -0.0068538 0.999938 -0.00880053 -4.28996 -0.0275709 0.00860847 0.999583 249.526 
0.999574 0.00721246 0.0282867 -2.86907 -0.00695532 0.999934 -0.00917673 -4.30733 -0.028351 0.00897612 0.999558 250.242 
0.999561 0.00702485 0.028797 -2.86294 -0.00674519 0.999929 -0.00979565 -4.32339 -0.0288638 0.00959714 0.999537 250.961 
0.999553 0.00799986 0.0288097 -2.85635 -0.00770814 0.999918 -0.0102211 -4.34217 -0.0288892 0.00999454 0.999533 251.72 
0.99953 0.00884117 0.0293378 -2.85091 -0.00852276 0.999904 -0.0109591 -4.35692 -0.0294319 0.0107039 0.99951 252.472 
0.999527 0.00785338 0.0297309 -2.84302 -0.00748065 0.999892 -0.0126258 -4.37846 -0.0298269 0.0123974 0.999478 253.213 
0.99953 0.00400773 0.0303827 -2.83427 -0.00355757 0.999883 -0.0148545 -4.39322 -0.0304387 0.0147395 0.999428 253.977 
0.999505 0.000838203 0.0314637 -2.82611 -0.000346798 0.999878 -0.015619 -4.4174 -0.031473 0.0156004 0.999383 254.757 
0.99947 0.00342538 0.0323586 -2.82209 -0.00304625 0.999926 -0.011757 -4.43247 -0.0323966 0.0116522 0.999407 255.524 
0.999421 0.00724533 0.033233 -2.81758 -0.00706584 0.99996 -0.0055142 -4.45893 -0.0332716 0.00527623 0.999432 256.324 
0.999398 0.00671627 0.0340257 -2.80619 -0.00665306 0.999976 -0.00196921 -4.47848 -0.0340381 0.0017417 0.999419 257.118 
0.999316 0.0057672 0.0365168 -2.79085 -0.00562064 0.999976 -0.00411373 -4.49225 -0.0365396 0.00390571 0.999325 257.898 
0.999145 0.00701264 0.0407366 -2.77725 -0.00660035 0.999926 -0.0102455 -4.50936 -0.0408055 0.00996794 0.999117 258.69 
0.998942 0.00925245 0.0450378 -2.77702 -0.00864351 0.999869 -0.0136958 -4.52875 -0.0451586 0.0132921 0.998891 259.493 
0.998769 0.010711 0.0484244 -2.75466 -0.010065 0.999857 -0.0135626 -4.5505 -0.0485629 0.0130585 0.998735 260.321 
0.998588 0.00906759 0.0523426 -2.73054 -0.00847472 0.999898 -0.0115368 -4.56696 -0.0524419 0.011077 0.998563 261.155 
0.998444 0.0056985 0.0554669 -2.69397 -0.00524261 0.999951 -0.00836049 -4.58774 -0.0555119 0.00805673 0.998426 261.992 
0.998301 0.00334841 0.058169 -2.65022 -0.00297167 0.999974 -0.00656131 -4.60753 -0.0581895 0.00637735 0.998285 262.834 
0.998125 0.00338654 0.0611217 -2.61201 -0.0030104 0.999976 -0.00624438 -4.62631 -0.0611414 0.00604871 0.998111 263.669 
0.997966 0.00568438 0.0635 -2.57104 -0.00517259 0.999953 -0.00822054 -4.64817 -0.0635438 0.0078754 0.997948 264.519 
0.997808 0.00645809 0.0658622 -2.53027 -0.0057819 0.999929 -0.0104516 -4.67008 -0.065925 0.010048 0.997774 265.363 
0.997632 0.00660757 0.0684543 -2.49139 -0.00591549 0.999929 -0.0103073 -4.69454 -0.0685176 0.00987798 0.997601 266.202 
0.997411 0.00731085 0.0715357 -2.44588 -0.00673143 0.999943 -0.00833682 -4.71803 -0.0715926 0.00783375 0.997403 267.059 
0.99713 0.00911107 0.0751543 -2.4116 -0.00860591 0.999938 -0.00704219 -4.72988 -0.0752139 0.00637525 0.997147 267.903 
0.996845 0.0099818 0.0787415 -2.3709 -0.00943395 0.999929 -0.00732602 -4.75058 -0.078809 0.0065601 0.996868 268.757 
0.996653 0.0104892 0.0810679 -2.30797 -0.00987337 0.999919 -0.00799326 -4.7664 -0.0811452 0.00716613 0.996677 269.61 
0.996442 0.00832233 0.0838716 -2.24876 -0.00765006 0.999936 -0.00833313 -4.79115 -0.0839356 0.00766189 0.996442 270.459 
0.996251 0.00527668 0.0863439 -2.1948 -0.00463934 0.999961 -0.00757983 -4.81165 -0.0863806 0.00715088 0.996237 271.324 
0.996175 0.004152 0.0872818 -2.13589 -0.00349863 0.999965 -0.00763694 -4.83121 -0.0873104 0.00730241 0.996154 272.172 
0.996098 0.00394495 0.0881626 -2.07638 -0.00324308 0.999962 -0.00810246 -4.84424 -0.0881912 0.00778497 0.996073 273.032 
0.99602 0.00403364 0.089044 -2.02081 -0.00334408 0.999963 -0.00789139 -4.86092 -0.0890726 0.00756224 0.995996 273.885 
0.99602 0.00444583 0.0890237 -1.96374 -0.00380377 0.999966 -0.00738001 -4.88201 -0.0890535 0.00701205 0.996002 274.747 
0.99604 0.00545155 0.0887338 -1.90984 -0.00482374 0.999962 -0.00728765 -4.89782 -0.0887702 0.00683081 0.996029 275.603 
0.996157 0.0049095 0.0874455 -1.85388 -0.00423139 0.99996 -0.00793781 -4.92235 -0.087481 0.00753733 0.996138 276.449 
0.996297 0.00450076 0.0858603 -1.79743 -0.0037734 0.999956 -0.00863137 -4.94652 -0.0858954 0.00827547 0.99627 277.314 
0.996436 0.00543983 0.0841814 -1.74129 -0.00464333 0.999943 -0.00965407 -4.96595 -0.0842292 0.00922882 0.996404 278.169 
0.996553 0.00716601 0.0826489 -1.6877 -0.00636936 0.999931 -0.00989814 -4.98767 -0.0827141 0.00933764 0.99653 279.026 
0.996702 0.00802706 0.080749 -1.62906 -0.00724535 0.999924 -0.00996847 -5.01231 -0.080823 0.00935058 0.996685 279.886 
0.996863 0.00870681 0.0786693 -1.58245 -0.00796136 0.99992 -0.00978394 -5.03011 -0.0787483 0.00912697 0.996853 280.747 
0.997047 0.00850712 0.0763216 -1.54237 -0.00789826 0.999935 -0.0082752 -5.05294 -0.0763871 0.00764799 0.997049 281.61 
0.997322 0.00706546 0.0727943 -1.50825 -0.00665459 0.999961 -0.00588463 -5.07712 -0.072833 0.00538449 0.99733 282.458 
0.997646 0.00625705 0.068292 -1.46979 -0.00598514 0.999973 -0.00418489 -5.09748 -0.0683164 0.00376634 0.997657 283.305 
0.997915 0.00593577 0.0642643 -1.44355 -0.00574703 0.999979 -0.00312073 -5.10925 -0.0642815 0.00274493 0.997928 284.138 
0.998219 0.00616385 0.0593372 -1.40709 -0.00602787 0.999979 -0.00246973 -5.12621 -0.0593512 0.00210769 0.998235 284.957 
0.998469 0.00587252 0.054998 -1.3898 -0.00576589 0.999981 -0.00209654 -5.14319 -0.0550093 0.00177626 0.998484 285.769 
0.998717 0.00511575 0.050376 -1.36525 -0.00503426 0.999986 -0.0017437 -5.16258 -0.0503842 0.0014879 0.998729 286.568 
0.998906 0.00437061 0.0465516 -1.35083 -0.00429668 0.999989 -0.00168712 -5.18881 -0.0465586 0.0014853 0.998915 287.344 
0.999067 0.00512919 0.0428885 -1.34036 -0.00503871 0.999985 -0.00221636 -5.20057 -0.0428993 0.00199823 0.999077 288.128 
0.999196 0.00527171 0.0397465 -1.33939 -0.00519009 0.999984 -0.00215531 -5.21743 -0.0397572 0.00194733 0.999208 288.883 
0.999337 0.00470388 0.0361158 -1.33053 -0.00463668 0.999987 -0.00194304 -5.24035 -0.0361245 0.00177434 0.999346 289.622 
0.999481 0.00410077 0.0319461 -1.31968 -0.00401063 0.999988 -0.00288397 -5.25237 -0.0319575 0.00275439 0.999485 290.344 
0.999616 0.00552897 0.027172 -1.3218 -0.00541543 0.999976 -0.00424897 -5.2709 -0.0271949 0.00410023 0.999622 291.049 
0.999754 0.00726606 0.020981 -1.33115 -0.00714084 0.999956 -0.00603498 -5.29317 -0.021024 0.00588371 0.999762 291.698 
0.999878 0.00837245 0.0131697 -1.36269 -0.00827001 0.999935 -0.00781047 -5.30742 -0.0132343 0.00770065 0.999883 292.387 
0.999963 0.00831985 0.00236604 -1.36978 -0.00829937 0.999929 -0.00852091 -5.33154 -0.00243681 0.008501 0.999961 293.043 
0.999902 0.00884824 -0.0108361 -1.40495 -0.00894177 0.999923 -0.00861787 -5.34954 0.010759 0.00871397 0.999904 293.702 
0.999572 0.00991172 -0.0275273 -1.44914 -0.0101357 0.999917 -0.0080097 -5.36233 0.0274456 0.00828532 0.999589 294.338 
0.998793 0.0124798 -0.0475053 -1.50864 -0.0128218 0.999894 -0.00690185 -5.38544 0.047414 0.00750266 0.998847 294.959 
0.997437 0.0138118 -0.0702028 -1.57923 -0.0143277 0.999874 -0.00685176 -5.39934 0.0700993 0.00784009 0.997509 295.584 
0.99528 0.0151085 -0.095858 -1.66737 -0.0158344 0.999851 -0.00681735 -5.40837 0.0957407 0.00830308 0.995372 296.193 
0.992126 0.0165375 -0.124145 -1.76506 -0.0174029 0.999831 -0.00589061 -5.43079 0.124026 0.00800475 0.992247 296.794 
0.987763 0.0173843 -0.15499 -1.88111 -0.0182732 0.999824 -0.00431238 -5.44205 0.154888 0.00709183 0.987907 297.356 
0.98179 0.0170458 -0.189204 -2.0145 -0.0177804 0.99984 -0.00218589 -5.44997 0.189136 0.00551024 0.981935 297.907 
0.973965 0.016875 -0.226068 -2.15503 -0.0173033 0.99985 8.7206e-05 -5.46322 0.226036 0.00382683 0.974112 298.465 
0.964307 0.0182809 -0.264156 -2.3217 -0.0181408 0.999831 0.00296963 -5.46661 0.264166 0.00192841 0.964475 298.992 
0.952539 0.0194682 -0.303793 -2.51237 -0.0186195 0.99981 0.00569012 -5.46888 0.303846 0.000236468 0.952721 299.513 
0.938506 0.0199702 -0.344686 -2.70809 -0.0182666 0.9998 0.00818956 -5.473 0.34478 -0.00138967 0.938682 300.01 
0.922005 0.0199879 -0.386661 -2.91761 -0.0171475 0.999795 0.010794 -5.48501 0.386798 -0.0033218 0.922159 300.505 
0.902741 0.0195073 -0.429743 -3.14726 -0.0155657 0.999798 0.0126855 -5.48931 0.429904 -0.00476245 0.902862 300.996 
0.880464 0.0184748 -0.473753 -3.4054 -0.0135833 0.999813 0.0137449 -5.48294 0.473918 -0.00566674 0.880551 301.461 
0.854847 0.0175157 -0.518585 -3.67039 -0.011012 0.999817 0.0156172 -5.48532 0.518764 -0.00763961 0.854883 301.919 
0.826356 0.0176537 -0.562872 -3.97297 -0.0091054 0.999797 0.0179895 -5.49193 0.563075 -0.00974051 0.826349 302.345 
0.794248 0.0190741 -0.607295 -4.29131 -0.00933654 0.999772 0.0191903 -5.49348 0.607522 -0.00957177 0.794245 302.763 
0.759686 0.018188 -0.650036 -4.64564 -0.00677657 0.999776 0.020054 -5.4966 0.650255 -0.0108297 0.759639 303.121 
0.721726 0.0173169 -0.691962 -5.01575 -0.00253924 0.999747 0.022371 -5.49501 0.692174 -0.0143886 0.721587 303.434 
0.679817 0.0164257 -0.733198 -5.39636 0.00391341 0.999654 0.0260236 -5.48755 0.733371 -0.0205605 0.679517 303.704 
0.633482 0.0171153 -0.773568 -5.80221 0.00805918 0.999555 0.028715 -5.47891 0.773715 -0.0244247 0.633062 303.947 
0.583741 0.0208266 -0.811673 -6.2173 0.00774822 0.999483 0.0312179 -5.46876 0.811903 -0.0245122 0.583278 304.152 
0.531466 0.0271372 -0.846645 -6.63547 0.00364243 0.999404 0.0343199 -5.4655 0.847072 -0.0213237 0.53105 304.337 
0.476612 0.0311573 -0.878561 -7.05022 0.00135887 0.999344 0.036178 -5.45397 0.879113 -0.0184367 0.476258 304.499 
0.419976 0.033532 -0.906916 -7.47488 0.00139901 0.999292 0.0375954 -5.44733 0.907534 -0.0170579 0.419632 304.629 
0.36145 0.035642 -0.93171 -7.88951 0.00371268 0.999206 0.0396643 -5.43646 0.932384 -0.0177958 0.361031 304.758 
0.30218 0.0386271 -0.952468 -8.30371 0.00683401 0.999065 0.042685 -5.42341 0.953226 -0.0194077 0.301634 304.86 
0.241243 0.0427193 -0.969524 -8.71951 0.00963408 0.998876 0.0464099 -5.4148 0.970417 -0.0205365 0.24056 304.944 
0.177537 0.0455682 -0.983059 -9.14626 0.0128713 0.998734 0.0486193 -5.39339 0.98403 -0.0212849 0.176726 304.997 
0.112176 0.0497243 -0.992444 -9.58202 0.014159 0.998566 0.0516314 -5.38087 0.993588 -0.0198438 0.111311 305.018 
0.0456148 0.0554836 -0.997417 -10.0351 0.0170168 0.998268 0.0563091 -5.36299 0.998814 -0.0195413 0.0445917 305.012 
-0.022252 0.0623899 -0.997804 -10.506 0.0199533 0.99788 0.0619497 -5.3426 0.999553 -0.0185309 -0.0234497 304.965 
-0.0905289 0.0691003 -0.993494 -10.9787 0.0229479 0.99747 0.0672859 -5.31619 0.995629 -0.0167072 -0.0918856 304.889 
-0.158885 0.0752744 -0.984423 -11.4636 0.0263582 0.997057 0.0719863 -5.28764 0.986945 -0.01451 -0.160402 304.781 
-0.226141 0.0813111 -0.970695 -11.9538 0.0312361 0.996603 0.0762042 -5.25934 0.973594 -0.0130878 -0.227913 304.638 
-0.291385 0.0856538 -0.952764 -12.4422 0.036472 0.996254 0.0784093 -5.22651 0.95591 -0.0119019 -0.293417 304.455 
-0.353652 0.0873701 -0.931288 -12.9217 0.0408314 0.996121 0.077947 -5.18231 0.934485 -0.0104596 -0.355848 304.229 
-0.412974 0.0875661 -0.906524 -13.3971 0.0448596 0.996115 0.075784 -5.1386 0.909637 -0.00936945 -0.415297 303.966 
-0.469188 0.0869233 -0.87881 -13.876 0.0476384 0.996186 0.0730993 -5.09166 0.881813 -0.00756781 -0.471539 303.665 
-0.520927 0.0869745 -0.849159 -14.3468 0.0503146 0.996195 0.0711685 -5.04974 0.852117 -0.00565144 -0.523321 303.329 
-0.567425 0.0870973 -0.818806 -14.8156 0.0526372 0.996193 0.069489 -5.01069 0.821741 -0.00366983 -0.569849 302.958 
-0.608343 0.0875221 -0.788834 -15.2807 0.0540543 0.996162 0.0688392 -4.96948 0.791831 -0.000761989 -0.610739 302.555 
-0.64586 0.0911504 -0.757995 -15.7485 0.0589944 0.995837 0.0694844 -4.92807 0.761173 0.000159797 -0.648549 302.12 
-0.681559 0.0993068 -0.724994 -16.174 0.0686658 0.995057 0.0717471 -4.90161 0.728535 -0.000882345 -0.685009 301.661 
-0.717135 0.104433 -0.689066 -16.6325 0.0751701 0.994532 0.0724972 -4.85489 0.692869 0.000193124 -0.721063 301.153 
-0.749689 0.106006 -0.653246 -17.063 0.0783871 0.994363 0.0714012 -4.81425 0.657132 0.00232261 -0.753772 300.604 
-0.779755 0.102918 -0.617568 -17.4829 0.0785628 0.994684 0.0665694 -4.77733 0.621137 0.00338992 -0.783695 300.017 
-0.806794 0.100102 -0.582291 -17.8859 0.0801375 0.994976 0.0600114 -4.73574 0.585373 0.00175345 -0.810762 299.39 
-0.832042 0.0951426 -0.546492 -18.2973 0.0788766 0.995463 0.0532163 -4.69417 0.549076 0.00117274 -0.835772 298.711 
-0.854749 0.0927153 -0.510693 -18.6795 0.079409 0.995693 0.0478588 -4.66072 0.512931 0.00035369 -0.85843 298.008 
-0.875492 0.0911595 -0.474557 -19.0513 0.0789188 0.995833 0.0456993 -4.62678 0.476745 0.00255795 -0.879038 297.262 
-0.894898 0.0879336 -0.437521 -19.3978 0.0767957 0.996114 0.0431237 -4.5989 0.439613 0.00499166 -0.898174 296.479 
-0.912232 0.0880519 -0.4001 -19.7176 0.0784654 0.996101 0.0403147 -4.57042 0.40209 0.00538234 -0.915584 295.663 
-0.928169 0.0902542 -0.361048 -20.019 0.0816793 0.995896 0.0389745 -4.54244 0.363084 0.00668479 -0.931732 294.809 
-0.942003 0.0936331 -0.322279 -20.3043 0.0860683 0.995577 0.0376767 -4.51905 0.324381 0.00775351 -0.945895 293.919 
-0.95408 0.0946152 -0.284216 -20.5506 0.0873535 0.995447 0.0381478 -4.49108 0.286531 0.0115688 -0.958001 292.997 
-0.964089 0.0979517 -0.246858 -20.7621 0.0914083 0.995094 0.0378577 -4.47115 0.249355 0.0139334 -0.968312 292.061 
-0.972793 0.0970317 -0.210376 -20.9541 0.0915569 0.995162 0.0356327 -4.43981 0.212815 0.0154019 -0.976971 291.074 
-0.979773 0.0955431 -0.175831 -21.1114 0.0915369 0.995326 0.0307748 -4.41821 0.177949 0.0140573 -0.983939 290.074 
-0.985327 0.0936533 -0.14269 -21.2309 0.0908613 0.995525 0.0259732 -4.3904 0.144484 0.0126271 -0.989427 289.054 
-0.989475 0.0927109 -0.111104 -21.3221 0.0905549 0.995595 0.0243072 -4.37155 0.112868 0.0139903 -0.993511 288.011 
