1 2.12261e-08 -2.11895e-08 0 2.12261e-08 1 2.10703e-08 0 -2.11895e-08 2.10703e-08 1 0 
0.999997 0.00128816 0.0019376 -0.0215867 -0.00128633 0.999999 -0.000926515 -0.020781 -0.00193884 0.000924062 0.999998 1.21539 
0.999994 0.0017599 0.00303287 -0.0361244 -0.00175851 0.999998 -0.000446946 -0.0416707 -0.0030337 0.000441652 0.999995 2.41935 
0.999989 0.00146038 0.00449296 -0.0632552 -0.00145956 0.999999 -0.000176523 -0.060422 -0.00449325 0.000170005 0.99999 3.62947 
0.999987 0.000570847 0.00498579 -0.0762689 -0.000571054 1 4.84826e-05 -0.0885974 -0.0049858 -5.12871e-05 0.999988 4.82638 
0.999984 0.000157547 0.00563361 -0.0816897 -0.000157316 1 -3.37845e-05 -0.106794 -0.00563366 3.29397e-05 0.999984 6.04935 
0.999982 0.000567761 0.00595923 -0.0891124 -0.000561071 0.999999 -0.00111708 -0.128313 -0.0059599 0.00111376 0.999982 7.25879 
0.99998 -0.000196909 0.00637891 -0.100692 0.000205789 0.999999 -0.00138477 -0.153818 -0.00637868 0.00138609 0.999979 8.45785 
0.99998 -0.000766071 0.00621633 -0.111473 0.00076637 1 -3.89181e-05 -0.169803 -0.00621634 4.37233e-05 0.999981 9.6673 
0.999985 -0.00176473 0.0051575 -0.134066 0.00176083 0.999998 0.00076765 -0.189992 -0.00515888 -0.000758515 0.999986 10.8837 
0.999992 -0.00259024 0.00320413 -0.15586 0.00258945 0.999997 0.00026334 -0.20802 -0.00320485 -0.000254999 0.999995 12.0939 
0.999997 -0.00224129 0.00133119 -0.181802 0.00224187 0.999997 -0.000403271 -0.226023 -0.00133033 0.000406296 0.999999 13.2973 
0.999998 -0.00189597 -1.21094e-05 -0.197294 0.00189601 0.999998 -0.000194898 -0.252108 1.24366e-05 0.000194917 1 14.5236 
0.999999 -0.000586365 -0.00108012 -0.215564 0.000585844 1 -0.000521774 -0.272482 0.00108038 0.000521183 0.999999 15.7321 
0.999999 -0.000233409 -0.00153539 -0.241462 0.000232798 1 -0.000425591 -0.292555 0.00153545 0.000425275 0.999999 16.9449 
0.999998 -0.000917216 -0.00179876 -0.276073 0.000916667 1 -0.000329428 -0.304738 0.00179902 0.000327821 0.999998 18.171 
0.999996 -0.00134009 -0.00242929 -0.297716 0.00133942 0.999999 -0.000294351 -0.325284 0.00242964 0.000291138 0.999997 19.4001 
0.999994 -0.00118895 -0.0032182 -0.319711 0.00118537 0.999999 -0.0011272 -0.350058 0.0032195 0.00112342 0.999994 20.6242 
0.999991 -0.00128623 -0.00399378 -0.340865 0.0012779 0.999997 -0.00209785 -0.370441 0.00399642 0.00209277 0.99999 21.8224 
0.999988 -0.000258104 -0.00498208 -0.366916 0.000249988 0.999999 -0.00163809 -0.385981 0.00498245 0.00163687 0.999986 23.0332 
0.999984 -0.000275689 -0.00570745 -0.394635 0.000264118 0.999998 -0.00203541 -0.402201 0.00570795 0.00203391 0.999982 24.2486 
0.999977 -0.00051706 -0.00673467 -0.420612 0.000499792 0.999997 -0.00257176 -0.430088 0.00673593 0.00256837 0.999974 25.4716 
0.999973 0.000105457 -0.00732481 -0.456411 -0.000117409 0.999999 -0.00163701 -0.457215 0.00732459 0.00163787 0.999972 26.6595 
0.999968 -0.000993812 -0.00799865 -0.485673 0.000995798 1 0.000239133 -0.478433 0.00799837 -0.000247048 0.999968 27.8689 
0.999957 -0.00136624 -0.00922576 -0.513334 0.00136935 0.999999 0.000326738 -0.496914 0.00922526 -0.000339314 0.999957 29.0812 
0.99994 -0.00225479 -0.0106812 -0.537709 0.00225322 0.999997 -0.000162443 -0.527676 0.0106815 0.000138408 0.999943 30.2879 
0.999925 -0.00266873 -0.0119147 -0.557135 0.00265458 0.999996 -0.00120678 -0.544466 0.0119178 0.0011751 0.999928 31.5146 
0.99992 -0.0015601 -0.0125397 -0.590462 0.00154432 0.999998 -0.001271 -0.56594 0.0125416 0.00125158 0.999921 32.7419 
0.999912 -0.00241948 -0.0130282 -0.623832 0.00240791 0.999997 -0.000906886 -0.579249 0.0130303 0.000875478 0.999915 33.9573 
0.999898 -0.00341447 -0.0138542 -0.656614 0.00340531 0.999994 -0.000688441 -0.604779 0.0138564 0.000641236 0.999904 35.1638 
0.999887 -0.00375486 -0.0145896 -0.694638 0.00374807 0.999993 -0.000495878 -0.633933 0.0145913 0.000441181 0.999893 36.354 
0.999874 -0.00385137 -0.0153858 -0.724451 0.0038407 0.999992 -0.000725815 -0.649757 0.0153885 0.000666674 0.999881 37.5733 
0.999864 -0.00509797 -0.0157031 -0.761014 0.00509857 0.999987 -4.23863e-06 -0.679474 0.0157028 -7.57825e-05 0.999877 38.7766 
0.999863 -0.00466528 -0.0158838 -0.799681 0.00468533 0.999988 0.00122264 -0.701101 0.0158778 -0.00129685 0.999873 39.9771 
0.999864 -0.00461689 -0.0158127 -0.843667 0.00465779 0.999986 0.00254804 -0.733797 0.0158006 -0.0026213 0.999872 41.2069 
0.999868 -0.00408984 -0.0157543 -0.886636 0.00412054 0.99999 0.00191424 -0.751927 0.0157463 -0.00197886 0.999874 42.4321 
0.999881 -0.00324057 -0.0151086 -0.936937 0.0032739 0.999992 0.00217963 -0.776865 0.0151014 -0.00222879 0.999884 43.6567 
0.999896 -0.000293206 -0.0144351 -0.981296 0.000348483 0.999993 0.00382404 -0.79006 0.0144338 -0.00382863 0.999889 44.8675 
0.999915 -0.000246571 -0.0130631 -1.01603 0.000333235 0.999978 0.00662931 -0.801287 0.0130611 -0.00663306 0.999893 46.0811 
0.999937 0.000307219 -0.0112658 -1.05458 -0.000201747 0.999956 0.00935833 -0.814349 0.0112682 -0.00935542 0.999893 47.2933 
0.999954 0.000862516 -0.00958645 -1.08889 -0.000741772 0.999921 0.0125873 -0.820448 0.0095965 -0.0125796 0.999875 48.5095 
0.999964 -7.67221e-05 -0.00846765 -1.10375 0.000192609 0.999906 0.0136809 -0.825256 0.00846576 -0.013682 0.999871 49.7583 
0.999973 -0.00201365 -0.00710681 -1.13124 0.00209907 0.999926 0.012027 -0.82671 0.00708202 -0.0120416 0.999902 50.9669 
0.999979 -0.00154607 -0.00637893 -1.15538 0.00161322 0.999943 0.0105281 -0.837127 0.00636225 -0.0105381 0.999924 52.1751 
0.999985 -0.000721946 -0.00540008 -1.1911 0.000774794 0.999952 0.00978308 -0.83953 0.00539271 -0.00978708 0.999938 53.3943 
0.999986 -0.00116688 -0.00521828 -1.21818 0.00121404 0.999958 0.00903489 -0.845044 0.00520748 -0.00904105 0.999946 54.5973 
0.99998 -0.00189481 -0.00600237 -1.24648 0.00194261 0.999966 0.00796019 -0.855083 0.00598705 -0.00797165 0.99995 55.822 
0.999971 -0.0017531 -0.00747016 -1.27922 0.00181505 0.999964 0.00828847 -0.864218 0.00745532 -0.00830174 0.999938 57.0392 
0.99996 -0.0019356 -0.00874789 -1.313 0.00202097 0.99995 0.0097557 -0.880597 0.00872853 -0.00977294 0.999914 58.255 
0.999953 -0.00192 -0.00953076 -1.35519 0.00201731 0.999946 0.0102072 -0.892275 0.0095106 -0.0102259 0.999903 59.4698 
0.999944 -0.000694128 -0.0105198 -1.38709 0.000796659 0.999952 0.00974148 -0.89959 0.0105125 -0.00974928 0.999897 60.68 
0.999941 -0.000526378 -0.0108137 -1.42678 0.000631656 0.999952 0.00973067 -0.909942 0.010808 -0.00973689 0.999894 61.8899 
0.999941 -0.0013125 -0.010824 -1.45705 0.00141044 0.999958 0.00904156 -0.915312 0.0108117 -0.00905625 0.999901 63.126 
0.999936 -0.00244482 -0.0110494 -1.48722 0.00253373 0.999965 0.00803621 -0.926983 0.0110293 -0.00806365 0.999907 64.3445 
0.99993 -0.0022658 -0.0115979 -1.52078 0.00237456 0.999953 0.00936893 -0.935802 0.0115761 -0.00939578 0.999889 65.558 
0.999926 -0.00259292 -0.011931 -1.55617 0.00272596 0.999934 0.0111445 -0.952301 0.0119013 -0.0111762 0.999867 66.7594 
0.999927 -0.00213121 -0.0119054 -1.60098 0.00224317 0.999953 0.00939443 -0.957852 0.0118848 -0.00942041 0.999885 67.9639 
0.999937 -0.000459139 -0.0112437 -1.65072 0.000552845 0.999965 0.00832869 -0.972067 0.0112394 -0.00833434 0.999902 69.1589 
0.999937 0.00169691 -0.0110898 -1.69396 -0.00160086 0.999961 0.0086601 -0.984678 0.0111041 -0.00864176 0.999901 70.3586 
0.999934 0.00375696 -0.0108708 -1.72867 -0.00366078 0.999954 0.0088502 -0.996913 0.0109035 -0.00880978 0.999902 71.558 
0.999927 0.00568316 -0.010623 -1.76856 -0.00558738 0.999944 0.00902036 -1.00378 0.0106736 -0.00896031 0.999903 72.7558 
0.999935 0.00590237 -0.0097481 -1.79916 -0.00580551 0.999934 0.00993009 -1.01631 0.00980602 -0.00987281 0.999903 73.9471 
0.99994 0.00792687 -0.00756887 -1.83393 -0.00784632 0.999913 0.010608 -1.02373 0.00765226 -0.010548 0.999915 75.1394 
0.999964 0.0070811 -0.00461677 -1.86248 -0.0070429 0.999941 0.00822971 -1.03184 0.00467473 -0.00819686 0.999956 76.3364 
0.999989 0.0043295 -0.00176214 -1.88951 -0.00432342 0.999985 0.0034171 -1.04689 0.00177686 -0.00340941 0.999993 77.5085 
0.999986 0.0053292 0.000701192 -1.9108 -0.00533133 0.999981 0.00313005 -1.06529 -0.000684541 -0.0031337 0.999995 78.6881 
0.999986 0.00377042 0.0037397 -1.93298 -0.00379532 0.99997 0.00668494 -1.08462 -0.00371443 -0.006699 0.999971 79.8602 
0.999951 0.00550394 0.00822982 -1.96408 -0.00556748 0.999955 0.00772302 -1.10253 -0.00818698 -0.00776842 0.999936 81.0094 
0.999899 0.00574358 0.0129978 -1.9799 -0.00582072 0.999966 0.005908 -1.11206 -0.0129635 -0.00598302 0.999898 82.1728 
0.999845 0.00538426 0.0167503 -1.98875 -0.00543387 0.999981 0.00292043 -1.13289 -0.0167343 -0.00301095 0.999855 83.3636 
0.999779 0.00378605 0.0206898 -1.98982 -0.00377937 0.999993 -0.000359947 -1.15306 -0.0206911 0.000281714 0.999786 84.5141 
0.999692 0.00338632 0.0245762 -1.99179 -0.00335308 0.999993 -0.0013917 -1.17556 -0.0245808 0.00130891 0.999697 85.6962 
0.999585 0.00337527 0.028599 -1.99107 -0.00338861 0.999994 0.000419659 -1.20085 -0.0285975 -0.000516354 0.999591 86.8743 
0.999443 0.00488592 0.0330266 -1.99466 -0.00490872 0.999988 0.000610526 -1.21879 -0.0330233 -0.000772263 0.999454 88.0403 
0.999296 0.00428697 0.0372596 -1.97473 -0.00423936 0.99999 -0.00135561 -1.24546 -0.0372651 0.00119674 0.999305 89.2123 
0.999162 0.00425595 0.0407215 -1.94954 -0.00411341 0.999985 -0.00358242 -1.26949 -0.0407361 0.00341195 0.999164 90.3686 
0.999024 0.00438642 0.0439449 -1.92089 -0.00421951 0.999984 -0.00388924 -1.2954 -0.0439613 0.00370006 0.999026 91.5258 
0.99889 0.00276045 0.0470229 -1.88903 -0.00263366 0.999993 -0.00275726 -1.31734 -0.0470302 0.00263039 0.99889 92.6898 
0.998787 0.00245382 0.0491867 -1.84271 -0.00239254 0.999996 -0.00130384 -1.33502 -0.0491898 0.00118462 0.998789 93.859 
0.998637 0.00179413 0.0521589 -1.81402 -0.00182614 0.999998 0.000566933 -1.35685 -0.0521578 -0.000661369 0.998639 95.0213 
0.998506 0.00154338 0.0546273 -1.77836 -0.00161388 0.999998 0.00124733 -1.36505 -0.0546253 -0.00133359 0.998506 96.1827 
0.998376 0.000722149 0.0569724 -1.72925 -0.000656898 0.999999 -0.00116326 -1.38239 -0.0569732 0.00112398 0.998375 97.3463 
0.998254 -0.00101029 0.0590635 -1.67469 0.00128659 0.999988 -0.00463931 -1.40683 -0.0590582 0.00470724 0.998243 98.5084 
0.998112 0.000452178 0.06142 -1.63102 1.16911e-05 0.999972 -0.00755112 -1.43143 -0.0614217 0.00753763 0.998083 99.6691 
0.998 0.000351506 0.0632069 -1.58721 0.000164833 0.999967 -0.00816293 -1.46701 -0.0632077 0.00815707 0.997967 100.84 
0.997952 0.000723764 0.0639713 -1.5511 -0.000228028 0.99997 -0.00775562 -1.49027 -0.063975 0.00772518 0.997922 102.02 
0.997986 0.00102352 0.0634322 -1.50271 -0.000623168 0.99998 -0.0063303 -1.50712 -0.0634375 0.00627806 0.997966 103.234 
0.998048 0.000786482 0.0624519 -1.4638 -0.000476558 0.999988 -0.00497664 -1.53342 -0.062455 0.00493721 0.998036 104.424 
0.998146 0.00135583 0.0608445 -1.42243 -0.0010982 0.99999 -0.00426676 -1.55605 -0.0608498 0.00419207 0.998138 105.668 
0.998273 0.001783 0.0587228 -1.38327 -0.00157301 0.999992 -0.00362128 -1.58366 -0.0587288 0.0035227 0.998268 106.868 
0.998426 0.00267477 0.0560303 -1.35123 -0.00247782 0.999991 -0.00358346 -1.61249 -0.0560394 0.00343902 0.998423 108.116 
0.998609 0.0037582 0.0525962 -1.32933 -0.00355995 0.999986 -0.00386158 -1.63971 -0.0526101 0.00366901 0.998608 109.3 
0.998795 0.00420568 0.0488972 -1.29108 -0.00403642 0.999986 -0.0035588 -1.65894 -0.0489115 0.00335718 0.998798 110.513 
0.998969 0.00495111 0.0451208 -1.25645 -0.0048402 0.999985 -0.00256596 -1.68499 -0.0451329 0.00234496 0.998978 111.745 
0.999148 0.00505728 0.0409685 -1.21868 -0.00500539 0.999987 -0.00136797 -1.71312 -0.0409749 0.00116179 0.99916 112.974 
0.999305 0.00517273 0.0369132 -1.2153 -0.00515447 0.999987 -0.000588487 -1.74572 -0.0369158 0.000397851 0.999318 114.28 
0.999459 0.00599981 0.0323254 -1.2066 -0.00598262 0.999982 -0.000627164 -1.76038 -0.0323287 0.000433475 0.999477 115.516 
0.999589 0.00680418 0.0278554 -1.20853 -0.0067868 0.999977 -0.000716686 -1.78278 -0.0278597 0.000527384 0.999612 116.762 
0.999706 0.00673198 0.0232916 -1.21545 -0.00671075 0.999977 -0.000987677 -1.80104 -0.0232977 0.000831124 0.999728 118.031 
0.999789 0.00821407 0.0188563 -1.22026 -0.00818209 0.999965 -0.00177027 -1.82096 -0.0188702 0.00161566 0.999821 119.286 
0.999818 0.0102978 0.0160663 -1.2454 -0.0102666 0.999945 -0.00202156 -1.83982 -0.0160863 0.00185628 0.999869 120.542 
0.999817 0.0130508 0.0139897 -1.25536 -0.0130255 0.999913 -0.00189397 -1.86538 -0.0140133 0.00171144 0.9999 121.779 
0.999804 0.0144729 0.0135261 -1.27809 -0.0144423 0.999893 -0.00234906 -1.8862 -0.0135587 0.00215329 0.999906 123.052 
0.999782 0.0168081 0.0123896 -1.27926 -0.0167823 0.999857 -0.00217582 -1.90514 -0.0124244 0.00196746 0.999921 124.318 
0.999769 0.0179015 0.0119155 -1.29269 -0.0178874 0.999839 -0.00127851 -1.92868 -0.0119365 0.00106511 0.999928 125.568 
0.999774 0.0178482 0.0115219 -1.30274 -0.0178368 0.99984 -0.00108868 -1.94754 -0.0115396 0.000882961 0.999933 126.833 
0.999699 0.0219945 0.0108291 -1.31944 -0.022007 0.999757 0.00103705 -1.96839 -0.0108037 -0.00127501 0.999941 128.094 
0.999682 0.023023 0.0103257 -1.33569 -0.0230658 0.999726 0.00405668 -1.97596 -0.0102295 -0.00429352 0.999939 129.35 
0.999721 0.021568 0.00961745 -1.34289 -0.0216037 0.99976 0.00362405 -1.98942 -0.00953702 -0.00383077 0.999947 130.611 
0.99973 0.0213642 0.00916012 -1.35773 -0.021384 0.999769 0.0020733 -2.00325 -0.00911375 -0.00226857 0.999956 131.897 
0.999799 0.0181576 0.00856174 -1.37292 -0.0181859 0.999829 0.0032455 -2.02151 -0.00850139 -0.0034005 0.999958 133.182 
0.999842 0.0161626 0.00743122 -1.3842 -0.016202 0.999855 0.00528034 -2.03508 -0.00734484 -0.00539986 0.999958 134.462 
0.99991 0.011339 0.00712295 -1.38978 -0.0113875 0.999912 0.00680957 -2.04273 -0.00704515 -0.00689003 0.999951 135.762 
0.999931 0.00966048 0.0066366 -1.4038 -0.00971258 0.999922 0.00786989 -2.05861 -0.0065601 -0.00793377 0.999947 137.046 
0.999958 0.00588155 0.00699273 -1.41409 -0.0059244 0.999964 0.0061289 -2.07179 -0.00695647 -0.00617003 0.999957 138.329 
0.999969 0.0030327 0.00728128 -1.42455 -0.00306939 0.999983 0.00503953 -2.08266 -0.00726591 -0.00506168 0.999961 139.6 
0.999972 0.00165846 0.00725369 -1.43163 -0.00169222 0.999988 0.00465579 -2.09936 -0.00724592 -0.00466789 0.999963 140.879 
0.999971 0.00167281 0.00740759 -1.44041 -0.00171144 0.999985 0.00521675 -2.1178 -0.0073988 -0.00522923 0.999959 142.149 
0.999968 0.00161266 0.0078604 -1.45375 -0.00167067 0.999971 0.00738507 -2.13334 -0.0078483 -0.00739792 0.999942 143.428 
0.999951 0.00456538 0.00874756 -1.47455 -0.00464142 0.999951 0.00869742 -2.14909 -0.00870747 -0.00873756 0.999924 144.709 
0.999946 0.00441358 0.00941136 -1.48796 -0.00448247 0.999963 0.00731573 -2.16857 -0.00937876 -0.00735748 0.999929 145.996 
0.99994 0.00468836 0.00991954 -1.49934 -0.00473988 0.999975 0.00518108 -2.1772 -0.00989504 -0.00522775 0.999937 147.298 
0.999933 0.00470404 0.0105793 -1.50791 -0.00473076 0.999986 0.00250643 -2.19262 -0.0105674 -0.00255627 0.999941 148.592 
0.999932 0.00370604 0.0110634 -1.52094 -0.00368889 0.999992 -0.00156631 -2.21403 -0.0110692 0.00152543 0.999938 149.881 
0.999922 0.0039496 0.0118929 -1.54552 -0.00388721 0.999979 -0.00526169 -2.2409 -0.0119135 0.00521509 0.999915 151.176 
0.999916 0.003809 0.0124285 -1.5618 -0.00373354 0.999975 -0.00608515 -2.26738 -0.0124514 0.00603828 0.999904 152.475 
0.999917 0.00345193 0.0123792 -1.57157 -0.00338015 0.999977 -0.00581162 -2.29601 -0.0123991 0.00576933 0.999907 153.771 
0.999917 0.00445183 0.0120819 -1.57917 -0.00438798 0.999976 -0.00530235 -2.32623 -0.0121053 0.00524894 0.999913 155.052 
0.999919 0.00486069 0.011738 -1.58123 -0.00480967 0.999979 -0.00436781 -2.357 -0.011759 0.00431105 0.999922 156.354 
0.999919 0.00554074 0.0114205 -1.58604 -0.00549696 0.999977 -0.00385672 -2.38187 -0.0114417 0.00379367 0.999927 157.63 
0.999928 0.00557731 0.0105869 -1.58682 -0.00553544 0.999977 -0.00397609 -2.4128 -0.0106088 0.00391724 0.999936 158.901 
0.999934 0.00590609 0.00984775 -1.59384 -0.00586954 0.999976 -0.0037313 -2.44352 -0.00986959 0.00367329 0.999945 160.166 
0.999947 0.00503178 0.00901841 -1.6023 -0.00500934 0.999984 -0.00250468 -2.46528 -0.00903092 0.00245941 0.999956 161.46 
0.999945 0.00584373 0.00877059 -1.62414 -0.0058271 0.999981 -0.00191552 -2.50106 -0.00878167 0.00186435 0.99996 162.734 
0.99994 0.00707205 0.00838971 -1.63954 -0.00704786 0.999971 -0.00290475 -2.52666 -0.00841005 0.00284548 0.999961 164.019 
0.999939 0.00749413 0.00807236 -1.65394 -0.0074609 0.999964 -0.00413407 -2.55151 -0.00810309 0.00407364 0.999959 165.298 
0.999936 0.00852478 0.00749933 -1.67463 -0.00849304 0.999955 -0.00424824 -2.57644 -0.00753525 0.00418431 0.999963 166.571 
0.999944 0.00815164 0.00680586 -1.68883 -0.00811721 0.999954 -0.00506517 -2.60426 -0.00684688 0.00500968 0.999964 167.843 
0.999943 0.00880116 0.00599816 -1.70322 -0.00876354 0.999942 -0.00626202 -2.63065 -0.00605297 0.00620915 0.999962 169.117 
0.999945 0.00909984 0.00520005 -1.71318 -0.00906841 0.999941 -0.00602808 -2.65776 -0.00525463 0.00598064 0.999968 170.419 
0.999944 0.00965095 0.00446445 -1.73048 -0.00963014 0.999943 -0.00464927 -2.68625 -0.0045091 0.00460606 0.999979 171.696 
0.99995 0.00946454 0.00333593 -1.74701 -0.00944991 0.999946 -0.00436337 -2.71433 -0.00337709 0.00433167 0.999985 172.966 
0.99995 0.00971191 0.00256902 -1.76459 -0.00970091 0.999944 -0.00424112 -2.73791 -0.00261011 0.00421603 0.999988 174.251 
0.999949 0.00995258 0.00178849 -1.78886 -0.00994571 0.999943 -0.00379039 -2.77028 -0.00182616 0.00377245 0.999991 175.522 
0.999949 0.0100113 0.00112094 -1.81087 -0.010006 0.999939 -0.00459439 -2.79886 -0.00116691 0.00458299 0.999989 176.787 
0.999939 0.011037 0.000456513 -1.83382 -0.0110345 0.999927 -0.00500899 -2.8279 -0.000511806 0.00500369 0.999987 178.074 
0.999931 0.0117767 0.000228568 -1.86314 -0.0117754 0.999918 -0.00509943 -2.84567 -0.000288646 0.00509642 0.999987 179.354 
0.999931 0.0117491 0.000358476 -1.8973 -0.0117466 0.999913 -0.00605202 -2.87965 -0.000429593 0.00604744 0.999982 180.623 
0.999945 0.0104512 0.00042156 -1.92226 -0.0104476 0.999916 -0.00769231 -2.90723 -0.00050196 0.00768752 0.99997 181.884 
0.999973 0.00741461 0.000244243 -1.94268 -0.00741253 0.999944 -0.00749696 -2.93984 -0.000299859 0.00749498 0.999972 183.15 
0.999969 0.0078438 -0.000160922 -1.96199 -0.00784433 0.999962 -0.00387571 -2.96798 0.000130473 0.0038769 0.999993 184.431 
0.999977 0.00682684 -0.000103135 -1.9848 -0.00682674 0.999977 0.000543274 -2.99351 0.000106799 -0.000542515 1 185.711 
0.999967 0.00814909 -8.47922e-05 -2.00635 -0.00814905 0.999967 -0.000103005 -3.01604 8.39075e-05 0.000103734 1 186.968 
0.99995 0.00998846 -0.000165622 -2.02924 -0.00998891 0.999945 -0.00333247 -3.03769 0.000132284 0.003334 0.999994 188.213 
0.999952 0.00972214 -0.000802674 -2.04231 -0.00972629 0.999938 -0.00540698 -3.0631 0.000750014 0.00541457 0.999985 189.467 
0.99995 0.00999816 -0.00101458 -2.06504 -0.0100033 0.999936 -0.0052365 -3.08857 0.000962119 0.00524642 0.999986 190.699 
0.999954 0.00954373 -0.000445516 -2.10265 -0.00954524 0.999948 -0.00364534 -3.12295 0.00041066 0.00364946 0.999993 191.924 
0.999952 0.0097624 0.00021666 -2.13064 -0.009762 0.999951 -0.00160624 -3.14748 -0.000232373 0.00160409 0.999999 193.18 
0.999958 0.00912256 0.0010967 -2.15294 -0.00912163 0.999958 -0.000813726 -3.17069 -0.00110412 0.00080373 0.999999 194.444 
0.999956 0.00905158 0.00260838 -2.16402 -0.00904737 0.999958 -0.00160215 -3.19315 -0.00262282 0.00157853 0.999995 195.716 
0.999962 0.00788125 0.00386465 -2.17679 -0.00786949 0.999964 -0.00303873 -3.21932 -0.00388851 0.00300824 0.999988 196.945 
0.999964 0.00715529 0.00460685 -2.18763 -0.00713431 0.999964 -0.0045458 -3.24905 -0.00463926 0.00451281 0.999979 198.186 
0.999958 0.00698742 0.00596871 -2.20135 -0.00695654 0.999962 -0.00517183 -3.27437 -0.00600466 0.00513014 0.999969 199.425 
0.999944 0.00725272 0.00768761 -2.22378 -0.00721893 0.999964 -0.00440918 -3.30672 -0.00771935 0.00435348 0.999961 200.689 
0.999945 0.00610169 0.00850179 -2.21939 -0.00607909 0.999978 -0.00267715 -3.33494 -0.00851798 0.00262536 0.99996 201.911 
0.999933 0.00654451 0.00951316 -2.22946 -0.00652236 0.999976 -0.00235353 -3.3654 -0.00952837 0.00229137 0.999952 203.139 
0.999926 0.00627367 0.0104731 -2.23971 -0.00624827 0.999978 -0.00245268 -3.38626 -0.0104883 0.0023871 0.999942 204.354 
0.999916 0.00636978 0.0113031 -2.25168 -0.00634424 0.999977 -0.00228961 -3.41317 -0.0113174 0.00221775 0.999934 205.566 
0.999902 0.0062875 0.0125074 -2.26199 -0.0062634 0.999979 -0.00196162 -3.43799 -0.0125195 0.00188313 0.99992 206.774 
0.999888 0.00651346 0.0134904 -2.27378 -0.00648514 0.999977 -0.00213895 -3.46385 -0.013504 0.00205126 0.999907 207.976 
0.999874 0.00639524 0.0145365 -2.28295 -0.006365 0.999978 -0.00212259 -3.49022 -0.0145498 0.00202984 0.999892 209.165 
0.999871 0.00524742 0.0151612 -2.28853 -0.00521637 0.999984 -0.00208423 -3.51821 -0.0151719 0.00200491 0.999883 210.344 
0.999871 0.00510208 0.0152344 -2.28715 -0.00508128 0.999986 -0.00140138 -3.54131 -0.0152414 0.00132383 0.999883 211.52 
0.999879 0.00472889 0.0148505 -2.29032 -0.00472485 0.999989 -0.000304337 -3.57165 -0.0148518 0.000234176 0.99989 212.667 
0.999886 0.00490023 0.0142851 -2.29468 -0.00489165 0.999988 -0.000632579 -3.59155 -0.0142881 0.00056267 0.999898 213.791 
0.999882 0.0056543 0.0142846 -2.3064 -0.00563412 0.999983 -0.00145011 -3.61821 -0.0142926 0.0013695 0.999897 214.895 
0.999884 0.00575495 0.0140849 -2.3152 -0.0057275 0.999982 -0.00198548 -3.64508 -0.0140962 0.00190462 0.999899 215.991 
0.999887 0.00605177 0.0137949 -2.31952 -0.00602195 0.999979 -0.00219863 -3.6696 -0.013808 0.00211535 0.999902 217.097 
0.999907 0.00553516 0.0124625 -2.32629 -0.00550575 0.999982 -0.00238952 -3.69277 -0.0124755 0.00232072 0.99992 218.166 
0.999938 0.00453748 0.0101951 -2.32336 -0.00452089 0.999988 -0.00164624 -3.71627 -0.0102025 0.00160009 0.999947 219.212 
0.999963 0.00354149 0.0078412 -2.32282 -0.0035393 0.999994 -0.000286821 -3.73168 -0.00784221 0.0002591 0.999969 220.266 
0.99998 0.00363701 0.00522328 -2.33256 -0.00364563 0.999992 0.00164999 -3.75759 -0.00521728 -0.00166896 0.999985 221.317 
0.999988 0.00393908 0.00291896 -2.35008 -0.00394402 0.999991 0.00170315 -3.78028 -0.00291227 -0.0017146 0.999994 222.341 
0.999992 0.0040109 0.000358867 -2.36621 -0.00401133 0.999991 0.00132016 -3.80096 -0.000353611 -0.00132155 0.999999 223.354 
0.999989 0.00419548 -0.00220301 -2.38996 -0.00419233 0.99999 0.0014131 -3.81693 0.00220888 -0.0014038 0.999997 224.337 
0.999976 0.00472465 -0.00503655 -2.41167 -0.00471511 0.999987 0.00189547 -3.83832 0.0050454 -0.00187163 0.999986 225.304 
0.999955 0.00491896 -0.00805896 -2.43158 -0.00490441 0.999986 0.00182004 -3.86129 0.00806776 -0.00178039 0.999966 226.251 
0.99992 0.00478686 -0.0116946 -2.44816 -0.00477214 0.999988 0.00128291 -3.88023 0.0117005 -0.00122696 0.999931 227.168 
0.999874 0.00480039 -0.015144 -2.47627 -0.00478795 0.999988 0.000855438 -3.90068 0.0151479 -0.000782779 0.999885 228.059 
0.999811 0.00576233 -0.0185803 -2.50865 -0.0057518 0.999983 0.000618053 -3.92142 0.0185835 -0.000511024 0.999827 228.931 
0.999739 0.0063843 -0.0219507 -2.5306 -0.0063867 0.99998 -4.12314e-05 -3.94131 0.0219499 0.000181456 0.999759 229.789 
0.999674 0.00831571 -0.0241343 -2.57346 -0.00832271 0.999965 -0.00019126 -3.95752 0.0241318 0.000392102 0.999709 230.614 
0.999661 0.00910549 -0.0243931 -2.61688 -0.00910089 0.999959 0.000298088 -3.97618 0.0243948 -7.59455e-05 0.999702 231.417 
0.999671 0.0090742 -0.0239924 -2.65153 -0.00903949 0.999958 0.00155312 -3.99576 0.0240054 -0.00133569 0.999711 232.209 
0.999686 0.00948583 -0.0232074 -2.68727 -0.00943915 0.999953 0.00211861 -4.01014 0.0232264 -0.00189884 0.999728 232.976 
0.999697 0.00954204 -0.0226986 -2.71974 -0.00950395 0.999953 0.00178351 -4.02777 0.0227145 -0.0015672 0.999741 233.726 
0.999699 0.0099402 -0.0224256 -2.75058 -0.00994177 0.999951 3.94959e-05 -4.04517 0.0224248 0.000183508 0.999749 234.463 
0.99972 0.00932643 -0.0217478 -2.77439 -0.00937626 0.999954 -0.00219249 -4.06227 0.0217263 0.00239583 0.999761 235.199 
0.999734 0.00977395 -0.0208811 -2.79666 -0.00985331 0.999945 -0.00370349 -4.07591 0.0208437 0.0039083 0.999775 235.934 
0.999752 0.0101457 -0.0198333 -2.82413 -0.0102316 0.999939 -0.00423663 -4.09154 0.0197891 0.00443854 0.999794 236.656 
0.999789 0.00952527 -0.0181811 -2.8479 -0.00960645 0.999944 -0.00438526 -4.10885 0.0181383 0.00455903 0.999825 237.387 
0.99982 0.00946351 -0.0164527 -2.86776 -0.00953625 0.999945 -0.00435046 -4.12573 0.0164106 0.00450661 0.999855 238.116 
0.999847 0.00953112 -0.0146365 -2.88853 -0.00959754 0.999944 -0.00447751 -4.14365 0.014593 0.00461734 0.999883 238.838 
0.999881 0.00926243 -0.0123612 -2.9122 -0.00932309 0.999945 -0.00486196 -4.1597 0.0123154 0.00497667 0.999912 239.564 
0.999912 0.00928204 -0.00948957 -2.93125 -0.00932384 0.999947 -0.00437385 -4.17986 0.00944843 0.00446198 0.999945 240.296 
0.99995 0.0079033 -0.00605834 -2.95105 -0.00792434 0.999963 -0.00346418 -4.20065 0.0060307 0.00351206 0.999976 241.017 
0.999971 0.00701929 -0.0030791 -2.96375 -0.00702883 0.99997 -0.00311312 -4.21778 0.00305711 0.00313472 0.99999 241.739 
0.999977 0.00682307 0.000347568 -2.98316 -0.00682186 0.999971 -0.00326925 -4.231 -0.000369907 0.00326684 0.999995 242.452 
0.999974 0.00638956 0.00323983 -2.98916 -0.00637837 0.999974 -0.00344098 -4.24907 -0.00326177 0.00342027 0.999989 243.155 
0.999959 0.00632958 0.00645926 -2.99946 -0.00630565 0.999973 -0.00371249 -4.26309 -0.00648263 0.00367165 0.999972 243.854 
0.999929 0.00698188 0.00961081 -3.00451 -0.00693761 0.999965 -0.0046276 -4.27684 -0.00964283 0.00456064 0.999943 244.582 
0.999891 0.00730335 0.0128653 -3.01112 -0.00723772 0.999961 -0.00513698 -4.29141 -0.0129023 0.00504335 0.999904 245.284 
0.999842 0.00769799 0.0160241 -3.01464 -0.00762976 0.999962 -0.00431167 -4.30264 -0.0160568 0.00418877 0.999862 245.986 
0.999796 0.00739479 0.0187961 -3.01434 -0.0073238 0.999966 -0.00384068 -4.31864 -0.0188239 0.00370228 0.999816 246.694 
0.999744 0.00711968 0.0214721 -3.011 -0.0070334 0.999967 -0.00408881 -4.33375 -0.0215006 0.00393678 0.999761 247.406 
0.999693 0.00645357 0.0239331 -3.00567 -0.00632385 0.999965 -0.00549012 -4.35131 -0.0239677 0.00533713 0.999699 248.114 
0.999645 0.0070667 0.0256785 -2.999 -0.00686604 0.999945 -0.00789219 -4.36503 -0.0257329 0.00771312 0.999639 248.824 
0.999642 0.00481397 0.02631 -2.99232 -0.00457055 0.999946 -0.00930254 -4.38449 -0.0263534 0.009179 0.999611 249.532 
0.999621 0.00493237 0.0270875 -2.98679 -0.00467169 0.999942 -0.00967696 -4.40225 -0.0271337 0.00954679 0.999586 250.248 
0.999608 0.00474402 0.0275992 -2.9815 -0.0044613 0.999937 -0.0102947 -4.4187 -0.0276464 0.0101676 0.999566 250.966 
0.999602 0.00571856 0.0276129 -2.97579 -0.00542425 0.999928 -0.0107202 -4.43789 -0.0276723 0.0105662 0.999561 251.726 
0.999582 0.00655903 0.0281427 -2.97123 -0.00623861 0.999915 -0.0114569 -4.45306 -0.0282155 0.0112766 0.999538 252.478 
0.999577 0.0055692 0.0285396 -2.9642 -0.00519629 0.9999 -0.0131227 -4.475 -0.0286099 0.0129689 0.999507 253.219 
0.999572 0.00172074 0.0291965 -2.95634 -0.00127287 0.999881 -0.0153499 -4.49017 -0.0292195 0.0153062 0.999456 253.982 
0.99954 -0.00144982 0.0302793 -2.94908 0.00193842 0.999868 -0.0161119 -4.51478 -0.030252 0.0161632 0.999412 254.763 
0.999514 0.00114205 0.0311655 -2.94596 -0.00076058 0.999925 -0.0122479 -4.53027 -0.0311772 0.0122183 0.999439 255.529 
0.999475 0.0049697 0.0320256 -2.94237 -0.00477977 0.999971 -0.00600315 -4.55717 -0.0320545 0.00584697 0.999469 256.33 
0.999452 0.00444492 0.0328103 -2.9319 -0.00436662 0.999987 -0.00245637 -4.57714 -0.0328208 0.00231179 0.999459 257.124 
0.999374 0.00379131 0.035182 -2.91265 -0.00362971 0.999983 -0.00465465 -4.58856 -0.0351991 0.00452408 0.99937 257.911 
0.99921 0.0050287 0.0394142 -2.90008 -0.00460715 0.999931 -0.010778 -4.60613 -0.0394657 0.0105879 0.999165 258.702 
0.999017 0.00726415 0.0437224 -2.90089 -0.00664803 0.999877 -0.0142196 -4.62601 -0.0438204 0.013915 0.998943 259.505 
0.998852 0.00872299 0.0471091 -2.87959 -0.00806778 0.999868 -0.0140797 -4.64823 -0.0472257 0.0136835 0.998791 260.333 
0.998672 0.00708221 0.0510235 -2.85657 -0.00647547 0.999907 -0.0120461 -4.66515 -0.051104 0.0116997 0.998625 261.168 
0.998526 0.00371708 0.0541416 -2.82108 -0.00324176 0.999956 -0.00886352 -4.68637 -0.0541722 0.00867498 0.998494 262.005 
0.998382 0.00136921 0.0568404 -2.77842 -0.000969471 0.999975 -0.00705894 -4.70659 -0.0568486 0.00699245 0.998358 262.847 
0.99821 0.00140778 0.0597927 -2.74129 -0.00100674 0.999977 -0.00673609 -4.72581 -0.0598008 0.00666387 0.998188 263.681 
0.998051 0.00314408 0.0623265 -2.70702 -0.00262549 0.999961 -0.00839994 -4.75538 -0.0623506 0.00821997 0.998021 264.526 
0.997865 0.00455339 0.0651515 -2.69006 -0.00385757 0.999934 -0.010801 -4.7675 -0.0651964 0.0105267 0.997817 265.335 
0.997692 0.00470299 0.0677435 -2.65174 -0.00399027 0.999935 -0.0106517 -4.79228 -0.0677892 0.0103568 0.997646 266.173 
0.997474 0.00540773 0.0708213 -2.60681 -0.00480516 0.999951 -0.0086753 -4.81609 -0.0708647 0.00831313 0.997451 267.03 
0.9972 0.00720903 0.0744376 -2.57313 -0.00667845 0.999951 -0.00737368 -4.82828 -0.0744871 0.00685594 0.997198 267.875 
0.996919 0.00807964 0.0780255 -2.53301 -0.00750532 0.999943 -0.00765057 -4.84931 -0.0780829 0.00704143 0.996922 268.729 
0.996729 0.00858663 0.0803533 -2.47069 -0.00794399 0.999934 -0.00831331 -4.86541 -0.0804195 0.00764783 0.996732 269.582 
0.996516 0.00641936 0.0831579 -2.41205 -0.00571977 0.999946 -0.00864775 -4.89046 -0.083209 0.00814201 0.996499 270.431 
0.996321 0.00337403 0.0856289 -2.35868 -0.00270825 0.999965 -0.00788966 -4.91126 -0.0856526 0.00762878 0.996296 271.296 
0.996213 0.00227468 0.086914 -2.30767 -0.00158925 0.999967 -0.00795417 -4.92993 -0.0869293 0.00778596 0.996184 272.137 
0.996136 0.00206746 0.0877957 -2.24846 -0.00133343 0.999964 -0.008418 -4.94326 -0.08781 0.00826844 0.996103 272.997 
0.996058 0.00215622 0.0886768 -2.19319 -0.00143414 0.999965 -0.00820523 -4.96025 -0.0886914 0.00804575 0.996027 273.85 
0.996059 0.00256862 0.0886556 -2.13641 -0.00189385 0.999969 -0.0076939 -4.98164 -0.0886726 0.00749572 0.996033 274.712 
0.996082 0.00357442 0.0883655 -2.08281 -0.00291391 0.999967 -0.0076021 -4.99776 -0.0883898 0.00731486 0.996059 275.568 
0.996197 0.0030321 0.0870784 -2.02713 -0.00232197 0.999963 -0.00825472 -5.0226 -0.0871002 0.00802117 0.996167 276.415 
0.996335 0.00262309 0.0854944 -1.97096 -0.00186448 0.999958 -0.00895132 -5.04707 -0.0855144 0.00875915 0.996298 277.279 
0.996475 0.00356181 0.0838174 -1.91511 -0.00273495 0.999947 -0.00997722 -5.06681 -0.0838485 0.00971285 0.996431 278.134 
0.996595 0.00528797 0.0822852 -1.86182 -0.00446149 0.999938 -0.0102242 -5.08885 -0.0823342 0.00982233 0.996556 278.992 
0.996745 0.00614902 0.0803855 -1.80345 -0.00533812 0.999933 -0.0102982 -5.11379 -0.0804434 0.0098356 0.996711 279.851 
0.996906 0.00682887 0.0783053 -1.75714 -0.00605482 0.999931 -0.0101176 -5.13192 -0.078369 0.00961225 0.996878 280.713 
0.997082 0.00662605 0.0760459 -1.71932 -0.00598292 0.999944 -0.00868126 -5.15327 -0.0760993 0.008201 0.997067 281.571 
0.997354 0.005185 0.072514 -1.68541 -0.00474069 0.999969 -0.00629748 -5.17785 -0.0725445 0.00593709 0.997348 282.42 
0.997675 0.00437705 0.0680085 -1.64716 -0.00407312 0.999981 -0.00460638 -5.19861 -0.0680274 0.0043187 0.997674 283.266 
0.997943 0.00405605 0.0639787 -1.62114 -0.00383673 0.999986 -0.00354994 -5.21079 -0.0639923 0.00329721 0.997945 284.099 
0.998246 0.00428433 0.0590503 -1.58488 -0.00411972 0.999987 -0.00290837 -5.22813 -0.0590621 0.00266003 0.998251 284.918 
0.998494 0.00399309 0.0547103 -1.5678 -0.00385966 0.999989 -0.00254347 -5.24552 -0.0547199 0.00232852 0.998499 285.73 
0.99874 0.0032364 0.0500876 -1.54344 -0.00313011 0.999993 -0.00219945 -5.26531 -0.0500944 0.00203994 0.998742 286.529 
0.998926 0.00249125 0.0462631 -1.5292 -0.00239429 0.999995 -0.00215015 -5.29194 -0.0462682 0.00203712 0.998927 287.305 
0.999087 0.00324968 0.0426009 -1.51894 -0.00313804 0.999992 -0.00268636 -5.30411 -0.0426093 0.00255027 0.999089 288.089 
0.999215 0.00339222 0.0394587 -1.51816 -0.0032909 0.999991 -0.00263129 -5.32138 -0.0394673 0.00249941 0.999218 288.844 
0.999354 0.00282444 0.0358276 -1.50947 -0.00273923 0.999993 -0.00242592 -5.34469 -0.0358343 0.00232626 0.999355 289.583 
0.999496 0.00222104 0.0316596 -1.49881 -0.0021152 0.999992 -0.00337475 -5.3571 -0.0316669 0.00330613 0.999493 290.305 
0.999632 0.00364887 0.0268881 -1.5011 -0.00352237 0.999983 -0.0047488 -5.37601 -0.026905 0.00465238 0.999627 291.01 
0.999773 0.00538342 0.0206173 -1.50961 -0.00524919 0.999965 -0.00655711 -5.39782 -0.020652 0.00644744 0.999766 291.672 
0.999897 0.00648916 0.0128093 -1.54138 -0.00638249 0.999945 -0.00834736 -5.41252 -0.0128628 0.00826478 0.999883 292.362 
0.999977 0.00643628 0.002007 -1.54868 -0.00641776 0.999938 -0.00907815 -5.43701 -0.00206534 0.00906511 0.999957 293.017 
0.999913 0.0069646 -0.0111949 -1.58405 -0.00706769 0.999933 -0.00919991 -5.45545 0.0111301 0.00927827 0.999895 293.676 
0.999579 0.00802824 -0.0278871 -1.62846 -0.00827158 0.999929 -0.00862294 -5.46869 0.0278159 0.00885002 0.999574 294.313 
0.998798 0.0105966 -0.0478668 -1.68815 -0.0109704 0.999911 -0.00755224 -5.49225 0.0477825 0.00806832 0.998825 294.933 
0.997436 0.0119285 -0.070564 -1.75895 -0.0124916 0.999894 -0.00754408 -5.50663 0.0704664 0.00840623 0.997479 295.559 
0.995272 0.0132251 -0.0962184 -1.84731 -0.0140168 0.999873 -0.00755671 -5.51617 0.0961062 0.0088697 0.995332 296.168 
0.992111 0.0146542 -0.124506 -1.94517 -0.0156071 0.999856 -0.0066814 -5.53911 0.12439 0.0085719 0.992196 296.768 
0.987738 0.0155015 -0.155352 -2.06142 -0.0165029 0.999851 -0.00515874 -5.55091 0.155249 0.00765929 0.987846 297.33 
0.981751 0.0151635 -0.189568 -2.195 -0.0160405 0.999867 -0.00309323 -5.55939 0.189495 0.00607759 0.981863 297.882 
0.97396 0.0150014 -0.226221 -2.34117 -0.0156264 0.999877 -0.00097225 -5.57059 0.226179 0.004482 0.974076 298.431 
0.964298 0.0164076 -0.264313 -2.50792 -0.016507 0.999862 0.00184512 -5.57463 0.264306 0.0025838 0.964435 298.957 
0.952517 0.0176499 -0.303972 -2.69852 -0.017073 0.999844 0.0045559 -5.57883 0.304005 0.000850179 0.95267 299.478 
0.938476 0.0181522 -0.344867 -2.89431 -0.0167705 0.999835 0.00698955 -5.5836 0.344937 -0.000775875 0.938626 299.974 
0.921966 0.0181703 -0.386844 -3.1039 -0.0157071 0.999831 0.00952775 -5.5963 0.386952 -0.002708 0.922096 300.47 
0.902691 0.01769 -0.429926 -3.33363 -0.0141867 0.999835 0.0113527 -5.60131 0.430055 -0.00414874 0.902793 300.961 
0.880403 0.0166576 -0.473934 -3.59187 -0.0122717 0.999849 0.0123457 -5.5957 0.474067 -0.0050532 0.880474 301.425 
0.854773 0.0156988 -0.518765 -3.85693 -0.00977433 0.999852 0.0141521 -5.59884 0.51891 -0.00702624 0.8548 301.883 
0.826271 0.0158373 -0.56305 -4.15958 -0.00794659 0.999833 0.0164613 -5.60626 0.563217 -0.00912713 0.826259 302.309 
0.794155 0.0172576 -0.60747 -4.47799 -0.00826326 0.999811 0.0176009 -5.60864 0.607659 -0.00895815 0.794148 302.727 
0.759581 0.0163718 -0.650206 -4.83238 -0.00579223 0.999814 0.018408 -5.61262 0.650387 -0.0102162 0.759535 303.085 
0.721606 0.0155014 -0.69213 -5.20254 -0.00164954 0.999785 0.020672 -5.6119 0.692302 -0.0137753 0.721477 303.398 
0.679679 0.0146115 -0.733365 -5.58322 0.00470173 0.999694 0.0242753 -5.60529 0.733495 -0.0199474 0.679402 303.668 
0.633329 0.0153019 -0.773731 -5.98912 0.0087386 0.999599 0.0269217 -5.59754 0.773833 -0.0238116 0.632942 303.911 
0.583582 0.0190133 -0.811832 -6.40427 0.00831388 0.999534 0.0293858 -5.58828 0.812012 -0.0238984 0.583151 304.116 
0.531308 0.0253235 -0.8468 -6.82248 0.00409156 0.999465 0.032456 -5.58588 0.847169 -0.0207088 0.53092 304.301 
0.476453 0.0293432 -0.87871 -7.23727 0.0016887 0.999411 0.0342895 -5.57521 0.879198 -0.0178211 0.476122 304.463 
0.419811 0.0317178 -0.907057 -7.66197 0.00160849 0.999362 0.0356899 -5.56943 0.90761 -0.016442 0.419492 304.593 
0.361277 0.033828 -0.931845 -8.07664 0.00380055 0.99928 0.0377495 -5.55939 0.932451 -0.0171795 0.360889 304.722 
0.301998 0.0368137 -0.952597 -8.49088 0.00680137 0.999146 0.0407688 -5.54715 0.953284 -0.018791 0.30149 304.823 
0.241053 0.0409065 -0.96965 -8.90671 0.00948013 0.998964 0.0444999 -5.53934 0.970466 -0.0199192 0.240415 304.908 
0.177339 0.0437557 -0.983177 -9.33351 0.0125932 0.998829 0.0467237 -5.51875 0.984069 -0.0206672 0.17658 304.96 
0.111973 0.0479118 -0.992556 -9.76929 0.0137562 0.998667 0.0497587 -5.50703 0.993616 -0.0192254 0.111165 304.981 
0.0454063 0.0536716 -0.997526 -10.2224 0.0164898 0.998379 0.0544681 -5.48997 0.998833 -0.0189221 0.0444477 304.975 
-0.0224658 0.0605785 -0.997911 -10.6933 0.0193024 0.998003 0.0601495 -5.4704 0.999561 -0.0179107 -0.0235903 304.929 
-0.0907474 0.0672893 -0.993598 -11.1661 0.0221752 0.997604 0.0655353 -5.44481 0.995627 -0.016086 -0.0920221 304.852 
-0.159109 0.0734637 -0.984524 -11.651 0.0254665 0.997201 0.070294 -5.41708 0.986933 -0.013888 -0.160534 304.744 
-0.226371 0.0795009 -0.970791 -12.1412 0.0302303 0.996757 0.0745782 -5.38958 0.973572 -0.012465 -0.22804 304.601 
-0.29162 0.0838441 -0.952852 -12.6297 0.0353583 0.996415 0.0768559 -5.35753 0.95588 -0.0112785 -0.29354 304.418 
-0.353892 0.0855604 -0.931365 -13.1092 0.0396176 0.996284 0.0764707 -5.31406 0.934447 -0.00983603 -0.355967 304.191 
-0.413216 0.0857562 -0.906586 -13.5846 0.0435531 0.996278 0.0743891 -5.27106 0.909591 -0.00874581 -0.415413 303.929 
-0.46943 0.0851129 -0.878858 -14.0635 0.0462467 0.996347 0.0717891 -5.2248 0.881758 -0.00694425 -0.471652 303.628 
-0.521169 0.0851638 -0.849194 -14.5344 0.0488469 0.996354 0.0699438 -5.18353 0.852055 -0.00502787 -0.523429 303.292 
-0.567666 0.0852862 -0.81883 -15.0031 0.0511035 0.996352 0.068348 -5.14511 0.821672 -0.00304623 -0.569953 302.921 
-0.608581 0.0857106 -0.788849 -15.4683 0.0524645 0.99632 0.0677776 -5.1045 0.791755 -0.000138336 -0.610838 302.517 
-0.646102 0.0893393 -0.758005 -15.9361 0.057355 0.996001 0.068502 -5.06367 0.761093 0.000783899 -0.648642 302.083 
-0.681812 0.0974973 -0.725001 -16.3615 0.0669814 0.995236 0.0708469 -5.03771 0.728454 -0.00025726 -0.685094 301.624 
-0.717393 0.102625 -0.689068 -16.8201 0.0734428 0.99472 0.0716844 -4.99151 0.692787 0.000818805 -0.721142 301.116 
-0.749947 0.104197 -0.65324 -17.2505 0.0766225 0.994552 0.0706735 -4.95132 0.657046 0.00294847 -0.753845 300.567 
-0.780006 0.101108 -0.617549 -17.6703 0.0767654 0.994867 0.0659249 -4.9148 0.621045 0.00401542 -0.783765 299.979 
-0.807042 0.0982917 -0.582256 -18.0733 0.0783128 0.995155 0.0594475 -4.87357 0.585278 0.00237862 -0.81083 299.352 
-0.832282 0.093332 -0.54644 -18.4847 0.0770282 0.995633 0.0527328 -4.83233 0.548975 0.00179732 -0.835837 298.674 
-0.854984 0.0909044 -0.510627 -18.8669 0.0775414 0.995859 0.0474543 -4.79914 0.512826 0.000977984 -0.858492 297.97 
-0.875719 0.089348 -0.474483 -19.2386 0.0770355 0.995995 0.0453731 -4.76542 0.476637 0.00318205 -0.879095 297.224 
-0.895115 0.0861211 -0.437439 -19.585 0.0748998 0.996269 0.0428766 -4.73769 0.439499 0.00561535 -0.898225 296.441 
-0.912639 0.0859722 -0.399624 -19.9135 0.0762944 0.996279 0.0400953 -4.70742 0.401584 0.00610346 -0.915802 295.626 
-0.928559 0.0881741 -0.360559 -20.2144 0.0795012 0.996078 0.0388473 -4.67949 0.36257 0.00740712 -0.931927 294.772 
-0.942469 0.0917023 -0.321469 -20.5122 0.0840281 0.99575 0.0376979 -4.65635 0.323559 0.0085167 -0.94617 293.867 
-0.954514 0.0926811 -0.283395 -20.7576 0.0853157 0.99562 0.0382507 -4.62823 0.285699 0.0123328 -0.95824 292.945 
-0.964496 0.0960161 -0.246026 -20.9683 0.0893765 0.995271 0.0380398 -4.60807 0.248515 0.0147003 -0.968516 292.009 
-0.973167 0.0950945 -0.209532 -21.1594 0.0895332 0.995337 0.0358911 -4.57643 0.211968 0.0161679 -0.977143 291.022 
-0.980114 0.0936069 -0.174972 -21.3159 0.0895235 0.995499 0.0311047 -4.55445 0.177096 0.0148221 -0.984082 290.022 
-0.985635 0.0917181 -0.141817 -21.4344 0.0888599 0.995695 0.0263709 -4.52618 0.143625 0.0133903 -0.989542 289.001 
