1 2.12261e-08 -2.11895e-08 0 2.12261e-08 1 2.10703e-08 0 -2.11895e-08 2.10703e-08 1 0 
0.99998 0.000569044 -0.00637054 -0.0108646 -0.000567151 1 0.000292382 -4.55843e-05 0.00637067 -0.000288721 0.99998 0.0953449 
0.99991 0.00103272 -0.0133659 -0.0233695 -0.00102903 0.999999 0.000280187 -0.00261267 0.0133662 -0.000266366 0.999911 0.190589 
0.999781 0.00162323 -0.0208811 -0.036124 -0.00163029 0.999999 -0.00032323 -0.00326936 0.0208805 0.000357244 0.999782 0.292879 
0.999541 0.00226459 -0.0302188 -0.0514735 -0.00231771 0.999996 -0.00172425 -0.00411681 0.0302148 0.00179354 0.999542 0.396206 
0.999121 0.00233706 -0.0418605 -0.0674513 -0.00248678 0.999991 -0.00352604 -0.000861592 0.0418518 0.00362709 0.999117 0.517862 
0.998455 0.00216518 -0.0555305 -0.089943 -0.00240788 0.999988 -0.00430475 -0.00343311 0.0555205 0.00443186 0.998448 0.648779 
0.997424 0.00210737 -0.0716942 -0.12204 -0.00242603 0.999988 -0.00435856 -0.0027966 0.0716841 0.00452132 0.997417 0.79045 
0.995901 0.000699394 -0.0904465 -0.154188 -0.00110106 0.99999 -0.00439154 -0.00280421 0.0904424 0.00447317 0.995892 0.947388 
0.99389 -0.000453669 -0.110376 -0.193431 -2.29012e-05 0.999991 -0.00431674 -0.00860409 0.110377 0.00429294 0.993881 1.10964 
0.991212 -0.000432823 -0.132286 -0.247135 -0.000196639 0.999989 -0.00474556 -0.00956417 0.132286 0.00472991 0.9912 1.28276 
0.987643 0.00300764 -0.156689 -0.303645 -0.00400992 0.999974 -0.00608116 -0.0162969 0.156667 0.00663437 0.987629 1.46183 
0.983238 0.00736069 -0.182176 -0.374804 -0.00887453 0.999933 -0.00749618 -0.0231243 0.182109 0.0089873 0.983237 1.64634 
0.97782 0.0102535 -0.209198 -0.452804 -0.0122845 0.999889 -0.00841172 -0.0284691 0.209089 0.0107951 0.977837 1.83366 
0.971029 0.0110268 -0.238709 -0.533254 -0.0134259 0.999874 -0.00842656 -0.0340481 0.238586 0.0113874 0.971055 2.03191 
0.962895 0.0130715 -0.269561 -0.626759 -0.0157845 0.999844 -0.00789913 -0.0378667 0.269416 0.011861 0.962951 2.23664 
0.953378 0.0147723 -0.301417 -0.734151 -0.0176495 0.999821 -0.00682441 -0.0387317 0.301262 0.0118261 0.953468 2.438 
0.941948 0.0167515 -0.33534 -0.843106 -0.0198341 0.999787 -0.00576956 -0.0400742 0.335172 0.0120858 0.94208 2.6444 
0.929198 0.0190829 -0.36909 -0.959962 -0.0225904 0.999731 -0.00518342 -0.0425309 0.368892 0.0131543 0.929379 2.84465 
0.915063 0.0216606 -0.402729 -1.08863 -0.0256804 0.99966 -0.00458378 -0.0408415 0.402493 0.0145368 0.915308 3.046 
0.898743 0.0221879 -0.437914 -1.22777 -0.0266392 0.999637 -0.00402343 -0.0391274 0.437666 0.0152818 0.899008 3.25436 
0.879848 0.0173959 -0.474937 -1.36529 -0.0223192 0.99974 -0.00472936 -0.0362078 0.474731 0.0147614 0.880007 3.45698 
0.858215 0.0122242 -0.513145 -1.51893 -0.0172703 0.999838 -0.00506571 -0.0368692 0.513 0.0132097 0.858287 3.66397 
0.832656 0.0139998 -0.553614 -1.68682 -0.0179746 0.999837 -0.00175057 -0.0423567 0.553499 0.0114086 0.832772 3.85593 
0.802867 0.0192895 -0.595847 -1.87735 -0.0224868 0.999745 0.00206533 -0.0467235 0.595734 0.0117405 0.803096 4.04319 
0.769501 0.0221999 -0.63826 -2.08219 -0.0256946 0.999663 0.00379214 -0.0487813 0.638129 0.0134818 0.769812 4.22225 
0.732755 0.0216337 -0.680148 -2.3013 -0.0249994 0.999676 0.0048639 -0.052008 0.680033 0.0134393 0.733058 4.40106 
0.692218 0.0174062 -0.721479 -2.53226 -0.0189148 0.999803 0.00597318 -0.049761 0.721441 0.00951196 0.692411 4.57785 
0.648901 0.0137054 -0.760749 -2.78471 -0.0132376 0.99989 0.00672237 -0.0481981 0.760757 0.00570837 0.649011 4.7441 
0.603417 0.0133098 -0.797315 -3.05759 -0.0105252 0.999907 0.00872605 -0.0467504 0.797357 0.00312653 0.6035 4.89991 
0.554785 0.013943 -0.831877 -3.34958 -0.00816971 0.999903 0.0113108 -0.0438154 0.831954 0.000521202 0.554845 5.0442 
0.503494 0.0147297 -0.863873 -3.65762 -0.00678545 0.999891 0.0130941 -0.0393855 0.863972 -0.000730995 0.50354 5.16598 
0.450701 0.0164285 -0.892524 -3.98381 -0.00561854 0.999863 0.015567 -0.038455 0.892657 -0.00200134 0.450731 5.27277 
0.396061 0.0184113 -0.91804 -4.32608 -0.00460353 0.999826 0.0180655 -0.0321395 0.918213 -0.00292878 0.396077 5.3648 
0.340716 0.0202138 -0.939949 -4.68738 -0.00442201 0.999792 0.0198978 -0.0222819 0.940156 -0.00262298 0.340735 5.43818 
0.285604 0.0233001 -0.958065 -5.07074 -0.00160492 0.999715 0.0238346 -0.0219411 0.958347 -0.00526958 0.28556 5.50226 
0.232061 0.0250569 -0.972379 -5.48238 0.00141506 0.999658 0.0260976 -0.00996135 0.9727 -0.00743215 0.231946 5.55973 
0.180942 0.0256328 -0.98316 -5.89532 0.00437787 0.999629 0.0268679 -0.00865784 0.983484 -0.00916564 0.180763 5.59649 
0.133433 0.0265146 -0.990703 -6.33136 0.00189622 0.999633 0.027009 0.000320225 0.991056 -0.00548243 0.133334 5.6082 
0.0912405 0.026612 -0.995473 -6.77973 -0.000624047 0.999644 0.0266663 0.0123164 0.995829 -0.00181178 0.0912247 5.60024 
0.0532599 0.0252315 -0.998262 -7.23196 -0.00163299 0.999682 0.0251803 0.0194281 0.998579 0.000289094 0.0532842 5.58486 
0.0187238 0.0226352 -0.999568 -7.70076 -0.00127276 0.999743 0.0226153 0.028472 0.999824 0.000848807 0.0187478 5.56079 
-0.0127415 0.0201635 -0.999716 -8.18645 -0.00128912 0.999796 0.0201815 0.0339615 0.999918 0.00154594 -0.0127129 5.52502 
-0.0392795 0.0183278 -0.99906 -8.68685 -0.00188842 0.999829 0.0184161 0.0398405 0.999227 0.00261006 -0.0392381 5.47764 
-0.0601838 0.0158416 -0.998062 -9.19826 -0.0023772 0.999869 0.0160136 0.0493804 0.998185 0.0033364 -0.0601383 5.42055 
-0.0766262 0.0148503 -0.996949 -9.73223 -0.00145558 0.999886 0.0150059 0.0635109 0.997059 0.00260103 -0.0765959 5.35731 
-0.0897406 0.0154639 -0.995845 -10.2681 -0.000636864 0.999878 0.0155839 0.0650592 0.995965 0.00203277 -0.0897198 5.29199 
-0.0994923 0.0165353 -0.994901 -10.8226 -0.000954558 0.99986 0.0167132 0.0685676 0.995038 0.00261256 -0.0994625 5.22008 
-0.106296 0.0178927 -0.994174 -11.3995 -0.00334849 0.999826 0.0183524 0.066435 0.994329 0.00527982 -0.106218 5.13771 
-0.111027 0.0187947 -0.99364 -11.9878 -0.00297906 0.99981 0.0192442 0.0748229 0.993813 0.00509678 -0.11095 5.06153 
-0.112336 0.0194798 -0.993479 -12.5951 -0.000466593 0.999807 0.0196566 0.0856475 0.99367 0.00267175 -0.112306 4.98055 
-0.111552 0.0218955 -0.993517 -13.2163 0.00158996 0.99976 0.0218545 0.0906974 0.993757 0.000858307 -0.11156 4.904 
-0.110414 0.0243827 -0.993587 -13.8535 0.00129624 0.999702 0.0243888 0.0973094 0.993885 0.00140498 -0.110413 4.82612 
-0.108866 0.0241373 -0.993763 -14.5102 -0.00082323 0.999703 0.0243718 0.105092 0.994056 0.00347139 -0.108814 4.73855 
-0.10757 0.0213192 -0.993969 -15.1723 -0.00217809 0.999763 0.0216792 0.118434 0.994195 0.00449701 -0.107498 4.65662 
-0.106635 0.0211336 -0.994074 -15.849 -0.00246508 0.999765 0.021519 0.131154 0.994295 0.0047452 -0.106558 4.58051 
-0.104884 0.0236903 -0.994202 -16.5497 -0.0019419 0.999709 0.0240264 0.146745 0.994483 0.00445066 -0.104807 4.49624 
-0.102725 0.0271853 -0.994338 -17.2725 -0.00300955 0.999613 0.0276405 0.154926 0.994705 0.00583192 -0.102603 4.40128 
-0.101064 0.029206 -0.994451 -18.0038 -0.00328641 0.999554 0.0296899 0.162651 0.994875 0.00626879 -0.100923 4.31493 
-0.0994693 0.028481 -0.994633 -18.7458 -0.00499906 0.999563 0.0291221 0.175108 0.995028 0.00786903 -0.0992835 4.22831 
-0.0978461 0.025553 -0.994873 -19.4958 -0.0070445 0.999628 0.026368 0.188981 0.995177 0.00958843 -0.0976296 4.13706 
-0.0964889 0.0247712 -0.995026 -20.2643 -0.00783885 0.99964 0.0256462 0.203943 0.995303 0.0102745 -0.09626 4.04876 
-0.0953239 0.0273105 -0.995072 -21.0441 -0.0049074 0.999599 0.0279048 0.214932 0.995434 0.00754325 -0.0951516 3.96746 
-0.0943224 0.0291319 -0.995115 -21.8337 -0.00255697 0.999561 0.0295044 0.233712 0.995538 0.00532745 -0.0942066 3.88477 
-0.0931318 0.0308109 -0.995177 -22.6327 -0.00137961 0.999516 0.0310743 0.245617 0.995653 0.00426701 -0.0930443 3.79685 
-0.0926038 0.0264029 -0.995353 -23.4309 -0.000656173 0.999647 0.0265778 0.248909 0.995703 0.00311437 -0.0925538 3.70852 
-0.0922058 0.019442 -0.99555 -24.2346 0.000774923 0.999811 0.0194534 0.25758 0.99574 0.00102228 -0.0922034 3.61924 
-0.09238 0.0147693 -0.995614 -25.0479 0.00391437 0.999888 0.0144695 0.269854 0.995716 -0.00256046 -0.0924274 3.53321 
-0.0927912 0.0156874 -0.995562 -25.8753 0.00479952 0.999871 0.015308 0.276365 0.995674 -0.00335773 -0.0928545 3.44241 
-0.0931277 0.0229861 -0.995389 -26.7192 0.00442678 0.999733 0.0226722 0.281494 0.995644 -0.00229492 -0.0932046 3.34973 
-0.0932142 0.0300759 -0.995192 -27.5684 0.00275365 0.999548 0.0299496 0.290561 0.995642 5.13647e-05 -0.0932549 3.24869 
-0.0936327 0.0351317 -0.994987 -28.4156 0.000697786 0.999379 0.0352211 0.303366 0.995607 0.0026036 -0.0935991 3.14952 
-0.0940561 0.0353682 -0.994938 -29.2572 -0.000803226 0.999366 0.0356015 0.316222 0.995567 0.00414774 -0.0939681 3.05226 
-0.0946037 0.0319204 -0.995003 -30.0939 -0.000341925 0.999485 0.0320967 0.330176 0.995515 0.00337673 -0.094544 2.96185 
-0.0952224 0.0292751 -0.995025 -30.9303 -0.000596602 0.999566 0.0294658 0.343122 0.995456 0.00339948 -0.0951636 2.86888 
-0.095555 0.0305935 -0.994954 -31.7677 -0.00193547 0.99952 0.0309198 0.355023 0.995422 0.00488028 -0.0954499 2.77544 
-0.0950638 0.0327798 -0.994931 -32.6119 -0.00256804 0.999446 0.0331739 0.366918 0.995468 0.0057087 -0.094927 2.66892 
-0.0949896 0.0310876 -0.994993 -33.4499 -0.00347344 0.999496 0.0315599 0.375141 0.995472 0.00645395 -0.0948337 2.56705 
-0.0944838 0.0258512 -0.995191 -34.2814 -0.00426024 0.999643 0.0263713 0.38735 0.995517 0.00673145 -0.0943399 2.46713 
-0.0941899 0.0215634 -0.995321 -35.111 -0.0054972 0.999739 0.0221793 0.399456 0.995539 0.00756058 -0.0940468 2.36559 
-0.0937896 0.0223477 -0.995341 -35.9424 -0.00483858 0.999726 0.0229021 0.40634 0.99558 0.00696405 -0.0936558 2.27171 
-0.0935101 0.0248848 -0.995307 -36.7759 -0.00357443 0.999673 0.0253298 0.409737 0.995612 0.00592629 -0.0933906 2.18265 
-0.0929057 0.0298499 -0.995227 -37.6094 -0.00324747 0.999536 0.0302823 0.418524 0.99567 0.00604541 -0.0927656 2.0884 
-0.0927384 0.0352378 -0.995067 -38.4405 -0.0021639 0.999364 0.0355916 0.433441 0.995688 0.00545397 -0.0926031 2.00383 
-0.0928978 0.0386515 -0.994925 -39.2763 -0.00216197 0.999236 0.0390209 0.445006 0.995673 0.00577599 -0.0927433 1.90598 
-0.0926289 0.0382408 -0.994966 -40.1045 -0.0017918 0.999254 0.0385724 0.463719 0.995699 0.00535574 -0.0924913 1.81548 
-0.0923107 0.0339146 -0.995153 -40.9385 -0.00181156 0.999412 0.0342278 0.479093 0.995729 0.00496241 -0.092195 1.71349 
-0.0923286 0.0295576 -0.99529 -41.7601 -0.00258985 0.999549 0.0299243 0.490489 0.995725 0.00534056 -0.0922104 1.62627 
-0.0923662 0.0266445 -0.995369 -42.5866 -0.00645935 0.999605 0.0273573 0.50074 0.995704 0.00895636 -0.0921576 1.52903 
-0.0930179 0.0246716 -0.995359 -43.4157 -0.00957184 0.999625 0.0256719 0.511686 0.995618 0.0119154 -0.0927468 1.432 
-0.0938267 0.0226686 -0.99533 -44.2446 -0.00713319 0.9997 0.0234406 0.517702 0.995563 0.00929928 -0.0936368 1.34004 
-0.0951459 0.0192687 -0.995277 -45.0693 -0.0038971 0.999798 0.0197287 0.51932 0.995456 0.00575585 -0.0950516 1.25162 
-0.0960416 0.0176857 -0.99522 -45.8893 0.000562195 0.999843 0.0177136 0.528939 0.995377 0.00114177 -0.0960365 1.16206 
-0.0980229 0.0211328 -0.99496 -46.7147 0.00121571 0.999776 0.0211154 0.53329 0.995183 0.000860252 -0.0980267 1.06415 
-0.100053 0.027506 -0.994602 -47.5438 0.00365072 0.999621 0.0272776 0.534495 0.994975 -0.000901783 -0.100115 0.970725 
-0.102132 0.0311806 -0.994282 -48.3673 0.00563991 0.999511 0.0307652 0.541949 0.994755 -0.00246549 -0.102258 0.876296 
-0.103785 0.0304108 -0.994135 -49.17 0.00582614 0.999534 0.0299677 0.54806 0.994583 -0.00268172 -0.103914 0.780995 
-0.104652 0.026316 -0.994161 -49.9712 0.00218365 0.999654 0.0262315 0.55307 0.994507 0.000574333 -0.104674 0.67231 
-0.106075 0.0225139 -0.994103 -50.7604 -0.0025807 0.999734 0.0229168 0.559348 0.994355 0.00499642 -0.105989 0.568107 
-0.107772 0.0209205 -0.993956 -51.5568 -0.00687624 0.999739 0.0217878 0.564039 0.994152 0.00918284 -0.1076 0.461284 
-0.108861 0.0220025 -0.993813 -52.3491 -0.00828358 0.9997 0.0230402 0.566031 0.994023 0.0107406 -0.108646 0.35631 
-0.109912 0.0235629 -0.993662 -53.1343 -0.00809983 0.999665 0.0246012 0.569454 0.993908 0.0107525 -0.109684 0.256025 
-0.111014 0.0230474 -0.993552 -53.9169 -0.0101422 0.999653 0.0243222 0.572993 0.993767 0.0127769 -0.110741 0.151894 
-0.111877 0.0230305 -0.993455 -54.693 -0.0103887 0.99965 0.024344 0.574611 0.993668 0.0130443 -0.111598 0.0530692 
-0.112541 0.0248181 -0.993337 -55.4674 -0.00864012 0.999626 0.0259541 0.58151 0.99361 0.0115035 -0.112284 -0.0466528 
-0.112988 0.0277179 -0.99321 -56.2436 -0.00723286 0.999561 0.028718 0.588826 0.99357 0.0104286 -0.112738 -0.146201 
-0.113262 0.031931 -0.993052 -57.0085 -0.00756285 0.999427 0.0329985 0.596854 0.993536 0.0112478 -0.112956 -0.248825 
-0.113842 0.0341613 -0.992911 -57.7641 -0.0077607 0.999348 0.0352726 0.602918 0.993469 0.0117212 -0.113503 -0.351924 
-0.114702 0.0339723 -0.992819 -58.5258 -0.00683041 0.999365 0.0349854 0.616743 0.993377 0.0107943 -0.114397 -0.454503 
-0.115334 0.0318907 -0.992815 -59.2709 -0.00582771 0.999446 0.0327807 0.627909 0.99331 0.00956661 -0.115084 -0.547521 
-0.115728 0.0281823 -0.992881 -60.0055 -0.00527744 0.999566 0.0289872 0.638569 0.993267 0.00859453 -0.115529 -0.645705 
-0.115773 0.0254548 -0.99295 -60.7299 -0.00547343 0.99964 0.0262645 0.643816 0.993261 0.00847559 -0.115592 -0.740667 
-0.114879 0.0231653 -0.993109 -61.4474 -0.0060612 0.999693 0.02402 0.647655 0.993361 0.00877886 -0.114703 -0.836078 
-0.112794 0.0222167 -0.99337 -62.1425 -0.00808374 0.999696 0.0232761 0.652485 0.993586 0.0106556 -0.11258 -0.929019 
-0.109227 0.0232283 -0.993745 -62.821 -0.0084185 0.999669 0.0242921 0.653051 0.993981 0.0110192 -0.108995 -1.01036 
-0.103401 0.0246654 -0.994334 -63.4932 -0.00736829 0.999646 0.0255634 0.658452 0.994613 0.00996985 -0.103182 -1.09529 
-0.0963589 0.0261877 -0.995002 -64.1491 -0.00643341 0.999617 0.0269322 0.661628 0.995326 0.00899645 -0.0961534 -1.16823 
-0.087497 0.0274859 -0.995786 -64.7863 -0.0073611 0.999574 0.0282373 0.664584 0.996138 0.00980079 -0.0872574 -1.23629 
-0.0758049 0.0290177 -0.9967 -65.4068 -0.00935996 0.999512 0.0298114 0.667878 0.997079 0.011589 -0.0754963 -1.2934 
-0.0611747 0.0304213 -0.997663 -66.0107 -0.012687 0.999431 0.0312531 0.674343 0.998046 0.0145693 -0.0607539 -1.33521 
-0.0430859 0.0315062 -0.998575 -66.5947 -0.0144279 0.999379 0.0321541 0.680956 0.998967 0.0157928 -0.0426045 -1.35928 
-0.0209507 0.0323804 -0.999256 -67.1605 -0.0151025 0.999351 0.0327001 0.683771 0.999666 0.0157764 -0.0204481 -1.36857 
0.00441426 0.0328081 -0.999452 -67.6994 -0.0143549 0.999361 0.0327417 0.686964 0.999887 0.0142025 0.0048824 -1.35634 
0.0337578 0.0323932 -0.998905 -68.2148 -0.0127395 0.999407 0.031979 0.69271 0.999349 0.0116461 0.0341505 -1.32659 
0.0679492 0.0322756 -0.997167 -68.7105 -0.0113052 0.999437 0.0315787 0.698565 0.997625 0.00912745 0.0682759 -1.27615 
0.105701 0.032586 -0.993864 -69.1825 -0.0106756 0.999443 0.0316335 0.705141 0.994341 0.00726648 0.10599 -1.20641 
0.146646 0.0324014 -0.988658 -69.6413 -0.0104881 0.999458 0.0311997 0.706917 0.989133 0.0057939 0.146907 -1.11462 
0.191836 0.0332677 -0.980863 -70.0841 -0.00920568 0.999442 0.0320974 0.711074 0.981384 0.00287214 0.192035 -1.00011 
0.240626 0.0319948 -0.97009 -70.5084 -0.00599292 0.999487 0.0314778 0.713556 0.970599 -0.00176067 0.240695 -0.868659 
0.291123 0.0274179 -0.956293 -70.917 0.00172332 0.999573 0.0291834 0.71194 0.956684 -0.0101439 0.290951 -0.706787 
0.343202 0.0225608 -0.938991 -71.3038 0.00686966 0.999624 0.0265284 0.709337 0.939236 -0.0155551 0.342918 -0.534895 
0.396533 0.0179221 -0.917846 -71.6868 0.0118499 0.999626 0.0246384 0.718256 0.917944 -0.0206462 0.396172 -0.342169 
0.448683 0.0173683 -0.893522 -72.0607 0.0114962 0.999616 0.0252033 0.725807 0.893617 -0.0215804 0.448311 -0.133625 
0.497645 0.0162445 -0.867229 -72.4186 0.0128391 0.999577 0.0260911 0.732176 0.867286 -0.0241185 0.497226 0.100919 
0.543307 0.0116179 -0.839454 -72.7616 0.0207379 0.999413 0.0272536 0.742967 0.839278 -0.0322155 0.542747 0.366554 
0.58775 0.00534729 -0.809025 -73.0776 0.0311319 0.999088 0.0292205 0.744022 0.808444 -0.0423608 0.587047 0.655228 
0.63129 0.000722335 -0.775546 -73.39 0.0319013 0.999129 0.0268981 0.745972 0.77489 -0.0417214 0.630718 0.942772 
0.673622 -0.0039841 -0.739065 -73.6896 0.0284429 0.999384 0.0205369 0.749977 0.738528 -0.0348552 0.673321 1.23881 
0.715261 -0.0105709 -0.698777 -73.9656 0.0244711 0.999651 0.00992587 0.753182 0.698429 -0.0241994 0.715271 1.54678 
0.755651 -0.0136573 -0.654832 -74.245 0.0196152 0.999806 0.00178294 0.761008 0.654681 -0.0141919 0.755772 1.88813 
0.793728 -0.0149242 -0.608089 -74.5061 0.018037 0.999837 -0.000995404 0.765628 0.608005 -0.010178 0.793868 2.2591 
0.828613 -0.0162333 -0.559587 -74.7488 0.0180424 0.999835 -0.00228835 0.763494 0.559532 -0.00820006 0.828768 2.65849 
0.8601 -0.0148522 -0.509909 -74.9796 0.0147459 0.999882 -0.0042508 0.761445 0.509912 -0.0038629 0.860218 3.08014 
0.886761 -0.0132989 -0.462037 -75.1941 0.0138999 0.999901 -0.00210319 0.751566 0.462019 -0.00455719 0.886858 3.53903 
0.908586 -0.00680872 -0.417643 -75.396 0.00703689 0.999975 -0.000993583 0.747385 0.417639 -0.0020361 0.908611 4.01876 
0.926682 -0.00253338 -0.375839 -75.5965 0.00180039 0.999996 -0.00230156 0.743361 0.375843 0.0014562 0.926682 4.51059 
0.940584 0.00252854 -0.339553 -75.7806 -0.00293696 0.999995 -0.000689052 0.738637 0.339549 0.00164541 0.940587 5.03496 
0.951012 0.00298938 -0.309139 -75.9543 -0.0027452 0.999996 0.00122473 0.732724 0.309141 -0.000316037 0.951016 5.58714 
0.958579 0.0023725 -0.284816 -76.1164 -0.00151704 0.999994 0.003224 0.722442 0.284822 -0.00265833 0.958577 6.15818 
0.964688 0.00260659 -0.263383 -76.2826 -0.00129131 0.999986 0.00516664 0.721246 0.263393 -0.00464404 0.964678 6.75014 
0.969496 0.00505749 -0.245055 -76.4417 -0.00326172 0.999965 0.00773319 0.719574 0.245085 -0.00669795 0.969478 7.34952 
0.973221 0.00983125 -0.229659 -76.5963 -0.00785084 0.999924 0.00953526 0.714606 0.229735 -0.00747685 0.973224 7.97076 
0.976213 0.0138996 -0.216369 -76.7464 -0.0118876 0.999873 0.0105978 0.715279 0.216489 -0.00777358 0.976254 8.60939 
0.979003 0.0122626 -0.203479 -76.8835 -0.0103752 0.999893 0.0103396 0.711471 0.203584 -0.00801134 0.979025 9.26353 
0.981778 0.0125457 -0.189617 -77.0179 -0.0108154 0.99989 0.0101573 0.709334 0.189723 -0.00792143 0.981806 9.93844 
0.984452 0.0129873 -0.175172 -77.1458 -0.0112749 0.999879 0.0107668 0.713247 0.17529 -0.00862431 0.984479 10.6276 
0.986839 0.0143173 -0.161069 -77.2683 -0.0126184 0.999854 0.0115658 0.709509 0.161211 -0.00938108 0.986875 11.3276 
0.988786 0.0141993 -0.148663 -77.3784 -0.0130562 0.999877 0.00866168 0.705998 0.148768 -0.00662353 0.98885 12.0523 
0.990383 0.0142987 -0.137615 -77.4919 -0.0139279 0.999896 0.00365697 0.69784 0.137653 -0.00170507 0.990479 12.7756 
0.991689 0.012817 -0.128016 -77.5984 -0.013253 0.999909 -0.00255488 0.694784 0.127971 0.00423028 0.991769 13.5074 
0.992697 0.0125199 -0.119986 -77.6961 -0.0129306 0.999913 -0.0026448 0.689439 0.119943 0.00417702 0.992772 14.2532 
0.993457 0.0147438 -0.113254 -77.7983 -0.0144279 0.999889 0.00360815 0.679601 0.113294 -0.00195049 0.99356 15.0167 
0.993949 0.0192418 -0.108141 -77.9035 -0.0180967 0.999769 0.01156 0.67551 0.108339 -0.009533 0.994068 15.7911 
0.994421 0.0193497 -0.103697 -78.0054 -0.0178422 0.999722 0.0154455 0.666446 0.103967 -0.0135091 0.994489 16.5796 
0.994822 0.0180933 -0.100014 -78.0985 -0.0167795 0.999762 0.0139619 0.669243 0.100243 -0.0122113 0.994888 17.3415 
0.995116 0.0177521 -0.0971081 -78.1825 -0.0165506 0.999776 0.0131645 0.66519 0.09732 -0.011493 0.995187 18.1019 
0.995444 0.0160539 -0.0939895 -78.269 -0.0146791 0.999775 0.0152995 0.664457 0.0942139 -0.0138501 0.995456 18.8655 
0.995691 0.0136902 -0.0917163 -78.3465 -0.012096 0.999766 0.0179154 0.660813 0.0919401 -0.0167288 0.995624 19.6314 
0.995973 0.0117915 -0.0888768 -78.4212 -0.0100701 0.999753 0.0197919 0.655643 0.0890882 -0.0188172 0.995846 20.3975 
0.996222 0.0110856 -0.0861386 -78.4994 -0.00971958 0.999821 0.0162618 0.652483 0.0863034 -0.015363 0.99615 21.155 
0.996312 0.0141802 -0.0846205 -78.5788 -0.0134568 0.999868 0.0091132 0.646619 0.0847385 -0.00794083 0.996372 21.9003 
0.996458 0.0144114 -0.0828533 -78.6575 -0.0143542 0.999896 0.00128609 0.641056 0.0828631 -9.21965e-05 0.996561 22.6462 
0.996528 0.0152507 -0.0818561 -78.726 -0.0155179 0.999876 -0.00262979 0.628107 0.0818058 0.00389093 0.996641 23.3923 
0.996668 0.0169764 -0.0797799 -78.8052 -0.017098 0.999854 -0.000841223 0.614002 0.0797539 0.00220254 0.996812 24.1543 
0.996798 0.0199138 -0.0774419 -78.8836 -0.0197232 0.9998 0.00322445 0.596714 0.0774906 -0.00168668 0.996992 24.9093 
0.996888 0.0234211 -0.0752724 -78.9631 -0.0228486 0.999703 0.00845749 0.582515 0.0754481 -0.00671126 0.997127 25.6737 
0.997119 0.0208484 -0.0729327 -79.0279 -0.020145 0.999743 0.0103658 0.576285 0.0731301 -0.00886662 0.997283 26.4282 
0.997257 0.0177759 -0.0718475 -79.0919 -0.0170965 0.999803 0.0100596 0.57182 0.0720122 -0.00880366 0.997365 27.1801 
0.997355 0.0162563 -0.0708504 -79.1545 -0.0155586 0.999825 0.0103877 0.56017 0.0710068 -0.00925788 0.997433 27.9299 
0.997458 0.015494 -0.0695502 -79.228 -0.0149461 0.999853 0.00839062 0.555751 0.06967 -0.00732974 0.997543 28.6853 
0.997536 0.0137996 -0.0687872 -79.2912 -0.0133386 0.999885 0.00715584 0.55287 0.068878 -0.00622064 0.997606 29.441 
0.997565 0.0123002 -0.0686533 -79.3518 -0.0118185 0.999903 0.00741776 0.545037 0.0687378 -0.00658827 0.997613 30.2061 
0.997588 0.0153284 -0.0676929 -79.4259 -0.0147944 0.999855 0.00838142 0.540611 0.0678115 -0.00735968 0.997671 30.9787 
0.997584 0.0153207 -0.0677584 -79.4964 -0.0148428 0.999861 0.00754979 0.537426 0.0678646 -0.00652578 0.997673 31.757 
0.99748 0.0146531 -0.0694166 -79.5634 -0.0141628 0.999871 0.00755003 0.529077 0.0695183 -0.00654783 0.997559 32.5307 
0.997363 0.0122762 -0.071531 -79.6287 -0.0117278 0.999899 0.00808105 0.522999 0.0716229 -0.00722079 0.997406 33.3154 
0.997118 0.0137895 -0.0745987 -79.7078 -0.0132395 0.999881 0.00786206 0.518151 0.0746982 -0.00685171 0.997183 34.1018 
0.996857 0.0176416 -0.0772325 -79.7944 -0.01712 0.999826 0.00741017 0.512815 0.0773498 -0.00606462 0.996986 34.894 
0.996642 0.0176904 -0.0799474 -79.879 -0.0175494 0.999843 0.00246576 0.505248 0.0799784 -0.0010544 0.996796 35.6843 
0.996436 0.0183002 -0.082341 -79.9648 -0.0184268 0.99983 -0.000777887 0.494609 0.0823128 0.00229244 0.996604 36.4886 
0.996316 0.0176956 -0.0839125 -80.0565 -0.0179796 0.999835 -0.00263016 0.490025 0.0838521 0.00412922 0.99647 37.3008 
0.996132 0.0179383 -0.0860245 -80.1449 -0.0181003 0.999836 -0.00110416 0.476196 0.0859905 0.002657 0.996292 38.1247 
0.995944 0.0162942 -0.0884929 -80.2279 -0.0163562 0.999866 2.33526e-05 0.458791 0.0884814 0.0014242 0.996077 38.9538 
0.995818 0.0152403 -0.0900792 -80.3229 -0.0151576 0.999884 0.00160165 0.453522 0.0900931 -0.000229517 0.995933 39.7794 
0.995704 0.0152732 -0.0913278 -80.4195 -0.0148373 0.999875 0.00544927 0.443264 0.0913996 -0.00407075 0.995806 40.6182 
0.995624 0.0151926 -0.0922018 -80.5129 -0.0143245 0.999847 0.0100694 0.437858 0.0923406 -0.00870454 0.995689 41.4696 
0.995679 0.0153186 -0.0915894 -80.6055 -0.0142385 0.999821 0.0124343 0.430548 0.0917635 -0.0110764 0.995719 42.322 
0.995791 0.0182764 -0.0898126 -80.7016 -0.0172267 0.999774 0.0124486 0.427476 0.0900198 -0.010849 0.995881 43.1805 
0.995968 0.0182538 -0.0878351 -80.7986 -0.0173481 0.999788 0.0110628 0.425272 0.0880184 -0.00949434 0.996074 44.0433 
0.996124 0.0154344 -0.0866011 -80.8819 -0.0147073 0.999851 0.00902796 0.418907 0.0867275 -0.00771926 0.996202 44.9075 
0.996342 0.0118187 -0.0846362 -80.9675 -0.0112131 0.999908 0.00762691 0.411335 0.0847185 -0.00664994 0.996383 45.7807 
0.996512 0.0105296 -0.0827817 -81.0555 -0.00994048 0.999922 0.00752507 0.405051 0.0828544 -0.00667589 0.996539 46.6471 
0.996598 0.0079531 -0.0820284 -81.1413 -0.00716982 0.999926 0.00983851 0.397544 0.0821005 -0.00921687 0.996581 47.5235 
0.99668 0.00564884 -0.0812179 -81.2219 -0.00466141 0.999913 0.0123419 0.391785 0.0812805 -0.0119223 0.99662 48.3972 
0.996758 0.00508967 -0.0802964 -81.313 -0.00406334 0.999908 0.0129394 0.378647 0.0803549 -0.0125711 0.996687 49.264 
0.996887 0.00625799 -0.0785976 -81.4148 -0.00549798 0.999936 0.00988185 0.368484 0.0786544 -0.00941892 0.996857 50.129 
0.996897 0.00851103 -0.0782512 -81.5008 -0.00821292 0.999958 0.00413021 0.35738 0.078283 -0.00347468 0.996925 50.9879 
0.996973 0.0104043 -0.0770487 -81.5895 -0.0105267 0.999944 -0.00118298 0.344089 0.077032 0.00199051 0.997027 51.8468 
0.996993 0.015077 -0.076005 -81.681 -0.0156521 0.999853 -0.00697649 0.327591 0.0758886 0.00814519 0.997083 52.6944 
0.997075 0.0149256 -0.0749523 -81.763 -0.0155595 0.999848 -0.00788059 0.309716 0.0748233 0.0090238 0.997156 53.5463 
0.997155 0.012206 -0.0743892 -81.8469 -0.0123844 0.999921 -0.00193842 0.296222 0.0743597 0.00285421 0.997227 54.3877 
0.997097 0.0120724 -0.0751765 -81.9254 -0.0115615 0.999907 0.00722821 0.279768 0.0752567 -0.00633804 0.997144 55.2438 
0.997034 0.0113198 -0.0761273 -82.0093 -0.010213 0.999837 0.0149129 0.267472 0.0762836 -0.0140912 0.996987 56.1007 
0.996851 0.00929725 -0.0787551 -82.0855 -0.0083336 0.999886 0.0125554 0.26121 0.0788628 -0.0118595 0.996815 56.9352 
0.99674 0.00391024 -0.0805886 -82.164 -0.00316284 0.999951 0.00939939 0.253171 0.0806213 -0.00911382 0.996703 57.7737 
0.996515 0.00251678 -0.0833758 -82.2425 -0.00185721 0.999966 0.00798701 0.243584 0.083393 -0.00780428 0.996486 58.6047 
0.996289 0.00461386 -0.0859432 -82.3333 -0.00413692 0.999975 0.00572624 0.229973 0.0859674 -0.00534941 0.996284 59.4289 
0.99598 0.00649956 -0.0893378 -82.4264 -0.00632042 0.999977 0.00228747 0.218902 0.0893506 -0.00171358 0.995999 60.2512 
0.99565 0.00708731 -0.0929013 -82.5233 -0.00724492 0.999973 -0.00135977 0.207994 0.0928891 0.00202697 0.995674 61.0641 
0.995339 0.00897364 -0.0960232 -82.6225 -0.00951394 0.999941 -0.0051708 0.190064 0.0959711 0.0060603 0.995366 61.8747 
0.99498 0.0132704 -0.0991874 -82.7309 -0.0138753 0.999889 -0.00541147 0.174645 0.0991045 0.0067606 0.995054 62.6775 
0.994594 0.0167671 -0.10248 -82.8398 -0.0172612 0.999843 -0.00393692 0.16384 0.102398 0.00568461 0.994727 63.4822 
0.994137 0.0201198 -0.106236 -82.9484 -0.0199997 0.999798 0.00219533 0.146124 0.106259 -5.77313e-05 0.994339 64.282 
0.993648 0.0215486 -0.110453 -83.0552 -0.0208431 0.999754 0.00753812 0.137063 0.110588 -0.00518802 0.993853 65.0854 
0.993093 0.0210323 -0.115427 -83.1637 -0.0198903 0.999741 0.0110363 0.129448 0.115629 -0.00866414 0.993255 65.8793 
0.992343 0.0214203 -0.121641 -83.2808 -0.0201034 0.999725 0.0120428 0.12584 0.121865 -0.00950512 0.992501 66.6589 
0.991651 0.0185169 -0.127616 -83.3943 -0.0166431 0.999738 0.0157336 0.120721 0.127874 -0.0134783 0.991699 67.4464 
0.990794 0.0192727 -0.134002 -83.5165 -0.0173402 0.999728 0.0155737 0.115978 0.134265 -0.0131067 0.990859 68.2181 
0.989847 0.0240869 -0.14008 -83.6497 -0.0222448 0.999644 0.0147014 0.107718 0.140384 -0.011436 0.990031 68.9861 
0.98896 0.0261344 -0.145861 -83.7884 -0.0248235 0.999634 0.0107999 0.104932 0.146089 -0.00705984 0.989246 69.7506 
0.988073 0.0247221 -0.151992 -83.9194 -0.0238076 0.999686 0.00783385 0.103143 0.152138 -0.00412181 0.988351 70.5135 
0.987141 0.0262314 -0.157685 -84.0561 -0.0255351 0.999653 0.00644046 0.0992779 0.157799 -0.0023311 0.987468 71.2818 
0.986359 0.0279813 -0.162212 -84.2045 -0.0265335 0.999587 0.0110852 0.0989741 0.162455 -0.00662988 0.986694 72.0521 
0.985357 0.0281984 -0.168156 -84.3553 -0.0260333 0.999548 0.0150661 0.0970541 0.168504 -0.0104678 0.985645 72.8076 
0.984329 0.0277447 -0.174144 -84.5104 -0.0250669 0.999532 0.0175572 0.0865339 0.174549 -0.0129168 0.984564 73.5732 
0.983092 0.0251932 -0.181371 -84.6608 -0.0230526 0.999638 0.0139009 0.0811315 0.181656 -0.0094847 0.983316 74.3177 
0.981549 0.0232099 -0.189799 -84.8199 -0.0223439 0.999728 0.00670141 0.0825542 0.189903 -0.00233686 0.9818 75.0574 
0.979873 0.021144 -0.198501 -84.9938 -0.020583 0.999776 0.00488955 0.0777957 0.19856 -0.00070535 0.980089 75.798 
0.97759 0.0203749 -0.20953 -85.1674 -0.019192 0.999786 0.00767766 0.0709387 0.209641 -0.00348428 0.977772 76.536 
0.975247 0.0207483 -0.220144 -85.3578 -0.0181689 0.999741 0.0137352 0.0701696 0.220372 -0.0093954 0.975371 77.2759 
0.972469 0.0227502 -0.231918 -85.5575 -0.018315 0.999606 0.0212595 0.0728501 0.23231 -0.0164266 0.972503 78.0112 
0.969849 0.02262 -0.242653 -85.7673 -0.0171161 0.999547 0.0247667 0.0671928 0.243103 -0.0198667 0.969797 78.7263 
0.966907 0.0262557 -0.253776 -85.9851 -0.0218392 0.999557 0.020205 0.0669847 0.254195 -0.013994 0.967052 79.4385 
0.963779 0.0251773 -0.26551 -86.2071 -0.0230827 0.999673 0.0110066 0.0658177 0.2657 -0.00447915 0.964045 80.1379 
0.960379 0.0231332 -0.277736 -86.4317 -0.0224266 0.999732 0.00572077 0.0738323 0.277794 0.000734625 0.96064 80.8419 
0.956803 0.0213873 -0.289949 -86.6641 -0.019174 0.999761 0.0104722 0.073714 0.290104 -0.00446033 0.956985 81.5549 
0.953263 0.0228862 -0.301274 -86.9124 -0.0183528 0.999672 0.0178694 0.0702701 0.301584 -0.011505 0.95337 82.2734 
0.949588 0.0227261 -0.312675 -87.1734 -0.0162386 0.999596 0.023337 0.0668082 0.313079 -0.0170831 0.949574 82.9825 
0.945298 0.0198701 -0.325604 -87.4321 -0.0138426 0.999687 0.0208181 0.0741065 0.325916 -0.0151721 0.945277 83.6901 
0.941442 0.018055 -0.336691 -87.7037 -0.0132357 0.999775 0.0166033 0.0724994 0.336915 -0.0111746 0.941469 84.3924 
0.938164 0.0139137 -0.345912 -87.9768 -0.0112381 0.999889 0.0097394 0.0690961 0.346009 -0.00524971 0.938216 85.0864 
0.935342 0.00961052 -0.353615 -88.2588 -0.0087679 0.999954 0.00398471 0.0628554 0.353637 -0.000626555 0.935383 85.7873 
0.932526 0.00926467 -0.360985 -88.5479 -0.0092315 0.999956 0.00181617 0.0591963 0.360986 0.00163886 0.93257 86.4884 
0.929383 0.0138813 -0.368855 -88.8481 -0.014357 0.999896 0.00145503 0.052092 0.368837 0.00394341 0.929486 87.1817 
0.926249 0.0139005 -0.376656 -89.1525 -0.0134243 0.999902 0.00388896 0.0428426 0.376673 0.00145426 0.926345 87.8842 
0.922898 0.0149156 -0.384756 -89.4597 -0.0117766 0.999875 0.0105132 0.0384 0.384865 -0.00517145 0.922959 88.5909 
0.92011 0.0168301 -0.391298 -89.7773 -0.0103341 0.999772 0.0187011 0.0356701 0.391524 -0.0131633 0.920074 89.2932 
0.917389 0.0267207 -0.397093 -90.1084 -0.0180005 0.999508 0.0256717 0.0282775 0.397584 -0.016403 0.917419 89.9837 
0.914908 0.0330384 -0.402307 -90.4538 -0.0263212 0.999407 0.022215 0.033011 0.402803 -0.00973538 0.915235 90.6654 
0.912492 0.0297203 -0.408014 -90.7771 -0.025951 0.999554 0.0147713 0.033236 0.408271 -0.00289024 0.912856 91.3461 
0.910443 0.0222305 -0.413036 -91.0988 -0.0211355 0.999751 0.00722052 0.0379007 0.413094 0.00215589 0.910686 92.0375 
0.908633 0.0226866 -0.41698 -91.4303 -0.0220131 0.999737 0.00642437 0.0366121 0.417016 0.00334165 0.908893 92.7304 
0.906261 0.0286365 -0.421748 -91.7759 -0.0261284 0.99959 0.0117263 0.0312917 0.42191 0.000392504 0.906638 93.4241 
0.903555 0.0311286 -0.427341 -92.1217 -0.0267834 0.99951 0.016177 0.0252532 0.427635 -0.0031711 0.903946 94.1243 
0.901199 0.0271426 -0.432555 -92.4642 -0.0234067 0.999629 0.0139599 0.0233759 0.432774 -0.0024559 0.901499 94.8126 
0.898757 0.0259906 -0.437675 -92.8177 -0.0248547 0.999656 0.00832409 0.00871341 0.437741 0.00339701 0.899095 95.4998 
0.89654 0.0236297 -0.442332 -93.1764 -0.02528 0.999678 0.00216473 0.00299165 0.442241 0.00924146 0.896849 96.1822 
0.894295 0.02406 -0.44683 -93.5488 -0.0266731 0.999644 0.00044265 0.00182712 0.446682 0.0115225 0.894619 96.8691 
0.892284 0.0269606 -0.450668 -93.9201 -0.0278387 0.999602 0.00468157 -0.00846843 0.450615 0.00836876 0.892679 97.559 
0.890002 0.028596 -0.45506 -94.2869 -0.0286092 0.999567 0.00685921 -0.0179704 0.455059 0.00691425 0.890435 98.245 
0.887449 0.0293854 -0.459969 -94.657 -0.0293305 0.999543 0.00726717 -0.0242329 0.459973 0.00704193 0.887905 98.9236 
0.885275 0.0273229 -0.464265 -95.0295 -0.0273595 0.999604 0.00665866 -0.0352338 0.464263 0.00680735 0.885671 99.5946 
0.883023 0.0256063 -0.46863 -95.3987 -0.0258226 0.999649 0.00596484 -0.0408291 0.468618 0.0068342 0.883374 100.267 
0.880833 0.025153 -0.472759 -95.7743 -0.0251618 0.999664 0.00630587 -0.0453706 0.472758 0.0063411 0.88117 100.934 
0.878586 0.0265081 -0.476848 -96.1571 -0.0264613 0.999627 0.00681498 -0.0532034 0.47685 0.0066305 0.878959 101.591 
0.876125 0.0267758 -0.481341 -96.5361 -0.0268231 0.999617 0.00678339 -0.0623618 0.481338 0.00696802 0.876507 102.249 
0.873618 0.0237094 -0.486035 -96.9101 -0.0255263 0.99967 0.00288307 -0.0762753 0.485943 0.00988804 0.873935 102.9 
0.87139 0.0205152 -0.490162 -97.2875 -0.0243087 0.999704 -0.00137362 -0.0910518 0.489989 0.0131122 0.87163 103.535 
0.869544 0.018716 -0.493501 -97.6745 -0.0240139 0.999702 -0.00439869 -0.0947779 0.493271 0.0156758 0.869734 104.167 
0.867494 0.0206718 -0.497018 -98.0537 -0.0242338 0.999706 -0.000718218 -0.103719 0.496857 0.0126677 0.86774 104.801 
0.865549 0.0246892 -0.500216 -98.4353 -0.0237732 0.999684 0.00820548 -0.113897 0.50026 0.00478953 0.865862 105.432 
0.864018 0.0269074 -0.502741 -98.8109 -0.0208684 0.999627 0.0176366 -0.121616 0.503028 -0.00474688 0.864257 106.059 
0.862617 0.0264456 -0.505166 -99.1899 -0.017788 0.999601 0.0219548 -0.122597 0.505545 -0.00995267 0.862743 106.672 
0.861091 0.0231422 -0.507924 -99.5533 -0.0144746 0.999675 0.0210085 -0.116927 0.508245 -0.0107382 0.861145 107.265 
0.859231 0.0215176 -0.511135 -99.9105 -0.0144181 0.999737 0.0178494 -0.121266 0.511384 -0.00796716 0.859315 107.84 
0.857648 0.0195039 -0.513867 -100.267 -0.0138658 0.999794 0.0148052 -0.119608 0.51405 -0.0055724 0.857742 108.4 
0.856182 0.0178596 -0.516366 -100.612 -0.0126846 0.999828 0.0135488 -0.120839 0.516519 -0.00505031 0.856261 108.943 
0.854892 0.0164989 -0.518544 -100.947 -0.0113838 0.99985 0.0130453 -0.121812 0.518682 -0.00524929 0.854951 109.477 
0.853348 0.0166496 -0.521076 -101.274 -0.0109914 0.999842 0.013947 -0.125081 0.521226 -0.00617425 0.853396 109.996 
0.851921 0.0167802 -0.523402 -101.59 -0.0102898 0.99983 0.0153062 -0.126566 0.523569 -0.00765391 0.851949 110.499 
0.850547 0.0150835 -0.525682 -101.9 -0.00808474 0.999846 0.0156078 -0.125398 0.525837 -0.00902509 0.850538 110.976 
0.849761 0.0135211 -0.526995 -102.204 -0.00621151 0.999858 0.0156375 -0.128595 0.527132 -0.0100146 0.849725 111.412 
0.84862 0.0127343 -0.528849 -102.487 -0.00587269 0.999875 0.0146526 -0.13361 0.52897 -0.00932864 0.848589 111.843 
0.847323 0.0126613 -0.530927 -102.761 -0.00766884 0.999903 0.0116062 -0.146778 0.531022 -0.00576258 0.847338 112.257 
0.845805 0.0101002 -0.533397 -103.026 -0.00734692 0.999947 0.00728466 -0.145566 0.533442 -0.00224253 0.845834 112.653 
0.843469 0.00580224 -0.537147 -103.274 -0.00375239 0.999981 0.00490941 -0.145252 0.537165 -0.0021253 0.843474 113.034 
0.840783 0.00172189 -0.541369 -103.516 0.00105588 0.999988 0.00482038 -0.141603 0.541371 -0.00462447 0.840771 113.402 
0.837434 0.00267302 -0.546532 -103.757 0.000786342 0.999981 0.00609561 -0.141901 0.546538 -0.00553438 0.837416 113.746 
0.833476 0.00630388 -0.55252 -103.989 -0.00244007 0.999967 0.00772807 -0.145445 0.55255 -0.00509292 0.833464 114.078 
0.829665 0.0120184 -0.558132 -104.215 -0.00623301 0.999905 0.0122658 -0.150978 0.558226 -0.00669765 0.829662 114.39 
0.825654 0.0172246 -0.563914 -104.431 -0.00777619 0.999786 0.0191527 -0.154313 0.564123 -0.0114284 0.825612 114.686 
0.820556 0.0191019 -0.571247 -104.629 -0.00690967 0.9997 0.0235037 -0.160114 0.571524 -0.0153389 0.820442 114.968 
0.81487 0.0159171 -0.579425 -104.821 -0.00228422 0.999703 0.0242499 -0.154423 0.579639 -0.0184369 0.814665 115.239 
0.807991 0.0138719 -0.589031 -105.01 0.00099889 0.999689 0.0249131 -0.151795 0.589194 -0.0207179 0.807726 115.48 
0.799091 0.0122433 -0.601086 -105.192 0.00392494 0.999665 0.0255797 -0.146397 0.601197 -0.0227996 0.798775 115.712 
0.788668 0.0127073 -0.614688 -105.373 0.00433828 0.999647 0.0262316 -0.145947 0.614804 -0.0233546 0.788334 115.922 
0.776465 0.0143481 -0.629997 -105.551 0.00249465 0.999663 0.0258418 -0.148195 0.630155 -0.0216368 0.776167 116.108 
0.762336 0.0128301 -0.647054 -105.723 0.00282764 0.999728 0.0231544 -0.151211 0.647175 -0.019481 0.762092 116.284 
0.747556 0.0101367 -0.664121 -105.892 0.00220732 0.99984 0.0177455 -0.151475 0.664195 -0.0147316 0.747415 116.442 
0.732314 0.00653205 -0.680936 -106.053 0.00244172 0.999922 0.0122179 -0.151189 0.680963 -0.01061 0.732241 116.593 
0.717011 0.00645808 -0.697033 -106.223 -0.00129841 0.999968 0.00792916 -0.148185 0.697061 -0.0047802 0.716996 116.73 
0.701448 0.00960704 -0.712656 -106.405 -0.00851701 0.999951 0.00509686 -0.140158 0.71267 0.00249457 0.701495 116.856 
0.683982 0.0116771 -0.729406 -106.574 -0.0113145 0.999921 0.00539783 -0.14159 0.729412 0.00456091 0.68406 116.987 
0.665042 0.00996398 -0.746739 -106.75 -0.00829307 0.999948 0.00595683 -0.131637 0.74676 0.00223126 0.66509 117.123 
0.644798 0.00922003 -0.764297 -106.925 -0.0051971 0.999957 0.00767834 -0.131975 0.764335 -0.000978798 0.644818 117.251 
0.622656 0.010747 -0.782422 -107.111 -0.0051041 0.99994 0.00967287 -0.127221 0.782479 -0.00202926 0.622673 117.366 
0.59843 0.0154643 -0.801026 -107.304 -0.00898186 0.99988 0.0125931 -0.123312 0.801125 -0.000341361 0.598497 117.476 
0.573635 0.0189202 -0.818892 -107.501 -0.0109579 0.999821 0.0154244 -0.113868 0.819038 0.000125372 0.57374 117.58 
0.547832 0.0217661 -0.836305 -107.701 -0.0127347 0.999763 0.0176782 -0.110073 0.836492 0.000965493 0.547979 117.679 
0.521947 0.0248184 -0.852617 -107.905 -0.0158111 0.999686 0.0194202 -0.10964 0.852832 0.0033446 0.522175 117.763 
0.495369 0.0291998 -0.868192 -108.114 -0.0201211 0.999552 0.0221372 -0.10731 0.86845 0.00650294 0.495735 117.835 
0.467986 0.0318938 -0.88316 -108.329 -0.0224378 0.999455 0.0242038 -0.101866 0.883451 0.00848912 0.468447 117.902 
0.437946 0.0312731 -0.898457 -108.537 -0.0211099 0.999477 0.0244995 -0.103665 0.898753 0.00823695 0.438377 117.975 
0.405524 0.0282401 -0.913648 -108.762 -0.0212451 0.999544 0.0214653 -0.101206 0.913838 0.0107059 0.405939 118.042 
0.370559 0.0238635 -0.928502 -109.005 -0.0203915 0.999638 0.0175537 -0.0982818 0.928585 0.012429 0.370911 118.108 
0.331268 0.0213698 -0.943295 -109.266 -0.0201097 0.999676 0.015585 -0.0875233 0.943322 0.0138066 0.331591 118.167 
0.289626 0.0199627 -0.956932 -109.554 -0.0196577 0.999696 0.0149051 -0.0752695 0.956938 0.0144942 0.289931 118.218 
0.245578 0.0182025 -0.969206 -109.854 -0.0188303 0.999725 0.0140044 -0.069048 0.969194 0.0148113 0.245853 118.26 
0.198465 0.0156518 -0.979983 -110.17 -0.0175951 0.999768 0.0124045 -0.0615917 0.97995 0.0147811 0.198694 118.286 
0.149272 0.0139242 -0.988698 -110.502 -0.0167123 0.999794 0.0115572 -0.0590294 0.988655 0.0147983 0.149474 118.294 
0.0991479 0.0129637 -0.994988 -110.845 -0.0166195 0.999797 0.0113703 -0.0436239 0.994934 0.015409 0.0993432 118.287 
0.0477702 0.0138192 -0.998763 -111.206 -0.0157654 0.99979 0.0130794 -0.0313332 0.998734 0.0151211 0.047978 118.253 
-0.00547954 0.0162954 -0.999852 -111.576 -0.0120139 0.999794 0.0163603 -0.0272378 0.999913 0.0121018 -0.00528264 118.212 
-0.0593723 0.0183877 -0.998067 -111.96 -0.0081526 0.999788 0.0189044 -0.0208801 0.998203 0.00925928 -0.0592098 118.153 
-0.112604 0.0197437 -0.993444 -112.346 -0.00408465 0.999785 0.0203327 -0.0104162 0.993632 0.00634745 -0.112499 118.061 
-0.165217 0.0214206 -0.986025 -112.748 -0.00146552 0.999758 0.0219645 -0.0019101 0.986256 0.00507397 -0.165145 117.948 
-0.21639 0.0228391 -0.97604 -113.161 0.000232099 0.999728 0.023342 0.00760768 0.976307 0.00482446 -0.216336 117.812 
-0.265882 0.0238601 -0.96371 -113.584 0.00326281 0.99971 0.0238512 0.0200625 0.964 0.00319722 -0.265882 117.656 
-0.314074 0.0258466 -0.949047 -114.013 0.00841875 0.999666 0.0244391 0.025835 0.949361 -0.000314047 -0.314187 117.475 
-0.360679 0.0268366 -0.932304 -114.449 0.0128508 0.999634 0.0238032 0.039283 0.932602 -0.00339552 -0.360891 117.27 
-0.404483 0.0287473 -0.914094 -114.882 0.0175221 0.999566 0.0236818 0.0470084 0.914378 -0.00643795 -0.404811 117.03 
