1 2.12261e-08 -2.11895e-08 0 2.12261e-08 1 2.10703e-08 0 -2.11895e-08 2.10703e-08 1 0 
0.999978 0.000231821 -0.00667299 -0.00674993 -0.000231799 1 -2.30857e-06 0.00385132 0.00667295 3.89759e-06 0.999978 0.0935033 
0.999906 0.000695494 -0.0136684 -0.0192827 -0.000695747 1 -1.68422e-05 0.00125216 0.0136683 2.63928e-05 0.999907 0.188743 
0.999775 0.00128581 -0.0211833 -0.0320679 -0.00129925 0.999999 -0.000622756 0.00056124 0.0211824 0.00065018 0.999775 0.291029 
0.999532 0.00192674 -0.0305205 -0.0474484 -0.00198948 0.999996 -0.00202685 -0.000321616 0.0305164 0.00208667 0.999532 0.394351 
0.999109 0.00199865 -0.0421614 -0.063464 -0.0021621 0.99999 -0.00383245 0.00289263 0.0421533 0.00392024 0.999104 0.516003 
0.998439 0.00182654 -0.0558309 -0.0859944 -0.00208742 0.999987 -0.00461557 0.00027523 0.0558218 0.00472495 0.99843 0.646912 
0.997404 0.0017687 -0.0719943 -0.118134 -0.00211065 0.999987 -0.00467453 0.000859468 0.0719851 0.0048144 0.997394 0.788574 
0.995866 0.000463057 -0.0908342 -0.147383 -0.000900754 0.999988 -0.00477815 0.00230349 0.0908309 0.00484026 0.995855 0.94871 
0.993847 -0.000689936 -0.110763 -0.186688 0.000169618 0.999989 -0.00470729 -0.00356511 0.110765 0.00465958 0.993836 1.11094 
0.99116 -0.00066926 -0.132671 -0.240459 -1.27868e-05 0.999987 -0.00514026 -0.00460131 0.132673 0.00509656 0.991147 1.28404 
0.987583 0.00277046 -0.157073 -0.297038 -0.00383585 0.999972 -0.00648026 -0.011413 0.157051 0.00700235 0.987566 1.46309 
0.983169 0.00712261 -0.182558 -0.368267 -0.00871083 0.999931 -0.00789965 -0.0183248 0.182489 0.00935697 0.983163 1.64757 
0.977741 0.0100147 -0.209578 -0.44634 -0.0121319 0.999888 -0.00881955 -0.0237566 0.209466 0.0111659 0.977752 1.83485 
0.970938 0.0107878 -0.239086 -0.526866 -0.0132858 0.999873 -0.00883882 -0.0294272 0.23896 0.0117584 0.970958 2.03307 
0.962793 0.0128324 -0.269935 -0.620449 -0.0156576 0.999843 -0.00831565 -0.0333429 0.269786 0.0122328 0.962843 2.23776 
0.953264 0.0145331 -0.301788 -0.72792 -0.0175365 0.99982 -0.00724492 -0.0343069 0.301628 0.0121987 0.953348 2.43908 
0.941822 0.0165123 -0.335706 -0.836955 -0.0197362 0.999786 -0.00619384 -0.0357507 0.335532 0.0124591 0.941946 2.64544 
0.929059 0.0188433 -0.369451 -0.953889 -0.0225079 0.999731 -0.00561095 -0.0383083 0.369246 0.0135285 0.929233 2.84564 
0.914912 0.0214204 -0.403085 -1.08263 -0.0256136 0.999659 -0.00501404 -0.0367229 0.40284 0.0149119 0.915149 3.04695 
0.898578 0.0219475 -0.438264 -1.22186 -0.026589 0.999637 -0.00445596 -0.0351178 0.438007 0.0156571 0.898835 3.25525 
0.879668 0.0171556 -0.475279 -1.35946 -0.0222871 0.999738 -0.00516359 -0.0323048 0.475066 0.0151349 0.87982 3.45781 
0.858019 0.0119845 -0.513479 -1.51318 -0.0172573 0.999836 -0.00550094 -0.0330782 0.513329 0.0135812 0.858085 3.66475 
0.832444 0.0137608 -0.553938 -1.68114 -0.0179824 0.999836 -0.00218592 -0.0386755 0.553817 0.0117809 0.832555 3.85664 
0.802639 0.0190503 -0.59616 -1.87174 -0.0225171 0.999745 0.00163097 -0.0431556 0.59604 0.0121148 0.802864 4.04383 
0.769258 0.0219601 -0.638561 -2.07665 -0.0257484 0.999663 0.00336005 -0.0453272 0.63842 0.0138572 0.769564 4.2228 
0.732496 0.0213939 -0.680436 -2.29583 -0.0250771 0.999676 0.00443547 -0.0486709 0.68031 0.0138144 0.732795 4.40152 
0.691941 0.0171679 -0.72175 -2.52686 -0.0190173 0.999804 0.00554998 -0.0465429 0.721704 0.0098855 0.692131 4.57823 
0.648607 0.0134686 -0.761004 -2.77938 -0.0133646 0.999891 0.00630588 -0.0451002 0.761006 0.0060805 0.648717 4.74438 
0.603108 0.013074 -0.797553 -3.05232 -0.0106763 0.999908 0.00831768 -0.0437737 0.797588 0.00349851 0.603192 4.90008 
0.554462 0.0137082 -0.832096 -3.34436 -0.00834489 0.999906 0.0109122 -0.0409601 0.832167 0.000893431 0.554524 5.04426 
0.503159 0.0144954 -0.864073 -3.65245 -0.0069844 0.999895 0.0127068 -0.036647 0.864166 -0.000358463 0.503207 5.16592 
0.450354 0.0161947 -0.892703 -3.97869 -0.0058404 0.999868 0.0151924 -0.0358322 0.892831 -0.00162815 0.450389 5.27258 
0.395704 0.0181779 -0.918198 -4.32099 -0.00484757 0.999832 0.0177049 -0.0296307 0.918365 -0.00255483 0.395725 5.36448 
0.34035 0.0199802 -0.940087 -4.68232 -0.00468708 0.999798 0.0195524 -0.0198847 0.940287 -0.00224835 0.340375 5.43772 
0.28523 0.0230676 -0.958182 -5.0657 -0.00188959 0.999722 0.0235052 -0.0196573 0.958457 -0.00489376 0.285194 5.50165 
0.231681 0.0248253 -0.972475 -5.47738 0.00111257 0.999667 0.0257845 -0.00779516 0.972791 -0.00705567 0.231576 5.55897 
0.180566 0.025385 -0.983235 -5.88651 0.00397484 0.99964 0.0265385 -0.00638034 0.983555 -0.00870012 0.1804 5.59327 
0.133054 0.0262654 -0.990761 -6.32255 0.0014778 0.999642 0.0266993 0.00248285 0.991108 -0.00501657 0.132968 5.60482 
0.0908611 0.0263614 -0.995515 -6.77092 -0.00105524 0.999652 0.0263747 0.01437 0.995863 -0.00134588 0.0908572 5.5967 
0.0528797 0.0249801 -0.998288 -7.22315 -0.00207498 0.999688 0.0249052 0.0213751 0.998599 0.000754491 0.052915 5.58115 
0.018343 0.0223835 -0.999581 -7.69194 -0.00172399 0.999749 0.0223556 0.0303122 0.99983 0.00131324 0.018377 5.5569 
-0.0131223 0.0199115 -0.999716 -8.17763 -0.0017483 0.9998 0.0199362 0.035696 0.999912 0.00200945 -0.0130848 5.52095 
-0.0396599 0.0180755 -0.99905 -8.67801 -0.00235395 0.999832 0.0181831 0.0414709 0.999211 0.00307289 -0.0396107 5.47338 
-0.0605637 0.0155889 -0.998043 -9.18939 -0.00284751 0.999871 0.0157903 0.0509084 0.99816 0.0037983 -0.0605115 5.4161 
-0.0770059 0.0145979 -0.996924 -9.72334 -0.00192951 0.999889 0.0147904 0.0649336 0.997029 0.00306256 -0.0769692 5.35266 
-0.0901201 0.0152117 -0.995815 -10.2592 -0.00111359 0.999881 0.0153746 0.066377 0.99593 0.00249453 -0.0900924 5.28714 
-0.0998713 0.0162829 -0.994867 -10.8137 -0.00143331 0.999863 0.0165086 0.0697789 0.994999 0.00307472 -0.0998343 5.21502 
-0.106675 0.0176393 -0.994138 -11.3906 -0.00382862 0.999828 0.0181511 0.0675389 0.994287 0.00574248 -0.106589 5.13243 
-0.111405 0.0185414 -0.993602 -11.9788 -0.00346015 0.999813 0.0190452 0.0758139 0.993769 0.00555978 -0.11132 5.05603 
-0.112715 0.0192274 -0.993441 -12.5861 -0.000947944 0.99981 0.0194583 0.0865228 0.993627 0.00313501 -0.112676 4.97482 
-0.111931 0.0216438 -0.99348 -13.2072 0.00110876 0.999765 0.0216558 0.0914516 0.993715 0.00132247 -0.111929 4.89804 
-0.110794 0.0241309 -0.99355 -13.8444 0.000815275 0.999707 0.0241895 0.0979389 0.993843 0.00187006 -0.110781 4.81992 
-0.109245 0.0238847 -0.993728 -14.5011 -0.00130389 0.999707 0.0241717 0.105597 0.994014 0.00393638 -0.109181 4.7321 
-0.107948 0.0210661 -0.993933 -15.1632 -0.00265848 0.999766 0.0214785 0.11881 0.994153 0.00496095 -0.107867 4.64992 
-0.107108 0.0208981 -0.994028 -15.839 -0.00292908 0.999768 0.0213343 0.131027 0.994243 0.0051967 -0.107022 4.57621 
-0.105357 0.023455 -0.994158 -16.5397 -0.00240557 0.999713 0.023841 0.146491 0.994432 0.00490336 -0.10527 4.49161 
-0.103198 0.0269494 -0.994296 -17.2625 -0.00347282 0.999617 0.027454 0.154545 0.994655 0.00628624 -0.103065 4.39631 
-0.101537 0.0289698 -0.99441 -17.9936 -0.00374936 0.999558 0.0295027 0.162138 0.994825 0.00672404 -0.101383 4.30961 
-0.0999417 0.028244 -0.994592 -18.7356 -0.00546171 0.999566 0.0289341 0.174461 0.994978 0.00832394 -0.0997441 4.22265 
-0.0983181 0.0253152 -0.994833 -19.4856 -0.00750683 0.999629 0.0261792 0.188198 0.995127 0.010042 -0.0980916 4.13105 
-0.0969608 0.0245331 -0.994986 -20.2541 -0.00830093 0.999642 0.0254568 0.203021 0.995254 0.0107277 -0.0967224 4.04239 
-0.0957965 0.0270737 -0.995033 -21.0338 -0.00536926 0.999601 0.0277149 0.213864 0.995387 0.00799762 -0.0956129 3.96072 
-0.0947957 0.0288961 -0.995077 -21.8234 -0.00301865 0.999566 0.029314 0.232496 0.995492 0.00578267 -0.0946673 3.87766 
-0.0936054 0.0305757 -0.99514 -22.6224 -0.00184106 0.999521 0.0308835 0.244254 0.995608 0.00472301 -0.0935043 3.78937 
-0.0930776 0.0261682 -0.995315 -23.4206 -0.00111752 0.999651 0.0263867 0.247399 0.995658 0.00356833 -0.0930159 3.70066 
-0.0926799 0.0192083 -0.995511 -24.2241 0.000313654 0.999814 0.0192621 0.255922 0.995696 0.001473 -0.0926687 3.611 
-0.0928548 0.0145373 -0.995574 -25.0375 0.00345307 0.999892 0.0142783 0.268044 0.995674 -0.00211194 -0.092895 3.52459 
-0.0932662 0.0154557 -0.995521 -25.8647 0.00433814 0.999876 0.0151169 0.274403 0.995632 -0.00290877 -0.0933217 3.4334 
-0.0936026 0.0227539 -0.99535 -26.7087 0.00396534 0.999739 0.0224814 0.279376 0.995602 -0.00184255 -0.0936684 3.34032 
-0.0936888 0.0298427 -0.995154 -27.5578 0.00229219 0.999555 0.0297588 0.28829 0.995599 0.000507029 -0.0937154 3.23888 
-0.0941067 0.0348973 -0.99495 -28.405 0.000236243 0.999386 0.0350305 0.30094 0.995562 0.0030616 -0.0940572 3.13931 
-0.0945298 0.035133 -0.994902 -29.2465 -0.00126485 0.999372 0.0354111 0.313644 0.995521 0.00460584 -0.094426 3.04166 
-0.0950774 0.0316857 -0.994966 -30.0832 -0.000803653 0.999491 0.0319066 0.327442 0.99547 0.00383324 -0.0950035 2.95085 
-0.095696 0.0290403 -0.994987 -30.9195 -0.00105845 0.999571 0.0292759 0.340235 0.99541 0.00385477 -0.0956242 2.85749 
-0.0960283 0.030358 -0.994916 -31.7569 -0.00239738 0.999525 0.03073 0.351982 0.995376 0.00533618 -0.0959099 2.76365 
-0.095537 0.0325439 -0.994894 -32.6011 -0.00302986 0.999451 0.0329839 0.363727 0.995421 0.00616561 -0.095386 2.65674 
-0.0954625 0.0308514 -0.994955 -33.439 -0.00393524 0.9995 0.0313699 0.3718 0.995425 0.00691007 -0.0952934 2.55447 
-0.0949566 0.0256148 -0.995152 -34.2704 -0.00472194 0.999646 0.026181 0.383859 0.99547 0.00718514 -0.094802 2.45417 
-0.0946624 0.0213265 -0.995281 -35.1001 -0.00595884 0.999741 0.0219888 0.395817 0.995492 0.00801228 -0.0945108 2.35224 
-0.0942623 0.0221111 -0.995302 -35.9314 -0.00530014 0.999728 0.0227114 0.402548 0.995533 0.00741611 -0.0941195 2.25796 
-0.0939831 0.0246488 -0.995269 -36.7648 -0.00403594 0.999676 0.0251391 0.40579 0.995566 0.00637953 -0.0938532 2.16851 
-0.0933788 0.0296138 -0.99519 -37.5983 -0.00370887 0.99954 0.0300913 0.414424 0.995624 0.00650096 -0.093226 2.07386 
-0.0932117 0.035002 -0.995031 -38.4294 -0.00262527 0.99937 0.0354006 0.429185 0.995643 0.00591201 -0.0930611 1.98891 
-0.0933712 0.0384157 -0.99489 -39.2651 -0.00262337 0.999242 0.0388299 0.440598 0.995628 0.0062356 -0.0931997 1.89066 
-0.0931023 0.0380051 -0.994931 -40.0932 -0.00225315 0.999261 0.0383813 0.459158 0.995654 0.00581516 -0.0929479 1.79978 
-0.0927842 0.0336791 -0.995117 -40.9273 -0.00227285 0.999418 0.0340366 0.474383 0.995684 0.00541984 -0.0926537 1.6974 
-0.0928019 0.0293219 -0.995253 -41.7487 -0.00305114 0.999553 0.0297331 0.485626 0.99568 0.00579598 -0.092671 1.60979 
-0.0928386 0.026407 -0.995331 -42.5752 -0.00692063 0.999607 0.027166 0.495727 0.995657 0.00941041 -0.0926193 1.51216 
-0.0934895 0.0244327 -0.99532 -43.4043 -0.0100332 0.999625 0.0254808 0.506523 0.99557 0.0123685 -0.0932093 1.41475 
-0.0942989 0.022431 -0.995291 -44.2332 -0.00759476 0.999701 0.0232499 0.512387 0.995515 0.00975148 -0.0941003 1.32239 
-0.0956188 0.0190327 -0.995236 -45.0578 -0.00435893 0.9998 0.0195387 0.513851 0.995409 0.00620648 -0.0955166 1.23358 
-0.0965155 0.0174519 -0.995179 -45.8778 0.000100192 0.999846 0.017524 0.523319 0.995332 0.00159167 -0.0965024 1.14364 
-0.0984969 0.0208992 -0.994918 -46.7031 0.000753327 0.999781 0.0209267 0.52752 0.995137 0.00131176 -0.098491 1.04533 
-0.100527 0.0272732 -0.99456 -47.5322 0.00318796 0.999628 0.0270899 0.528573 0.994929 -0.000447309 -0.100577 0.951513 
-0.102607 0.0309486 -0.99424 -48.3556 0.00517676 0.999519 0.0305786 0.535877 0.994709 -0.00200932 -0.102718 0.856696 
-0.10426 0.0301789 -0.994092 -49.1582 0.00536268 0.999542 0.0297819 0.541843 0.994536 -0.0022259 -0.104374 0.761015 
-0.105126 0.0260825 -0.994117 -49.9594 0.00172003 0.999659 0.026046 0.546714 0.994457 0.00102825 -0.105135 0.651951 
-0.106548 0.0222783 -0.994058 -50.7486 -0.00304459 0.999737 0.0227319 0.552854 0.994303 0.00544857 -0.106452 0.547375 
-0.108244 0.0206829 -0.993909 -51.5449 -0.00734044 0.99974 0.0216036 0.557407 0.994097 0.00963422 -0.108064 0.440175 
-0.109332 0.0217641 -0.993767 -52.3372 -0.00874798 0.999701 0.0228565 0.559261 0.993967 0.0111924 -0.109109 0.334825 
-0.110517 0.0230869 -0.993606 -53.1271 -0.00867457 0.99967 0.0241926 0.563821 0.993836 0.0112928 -0.11028 0.235854 
-0.111618 0.0225702 -0.993495 -53.9096 -0.0107174 0.999657 0.0239142 0.567048 0.993693 0.0133169 -0.111338 0.131245 
-0.112481 0.022553 -0.993398 -54.6856 -0.0109642 0.999653 0.0239365 0.568354 0.993593 0.0135843 -0.112195 0.0319453 
-0.113146 0.0243416 -0.99328 -55.46 -0.00921594 0.999631 0.0255471 0.574941 0.993536 0.0120446 -0.11288 -0.0682479 
-0.113594 0.0272421 -0.993154 -56.2361 -0.00780886 0.999569 0.0283112 0.581946 0.993497 0.0109714 -0.113332 -0.168268 
-0.113867 0.0314547 -0.992998 -57.001 -0.00813897 0.999436 0.0325919 0.589669 0.993463 0.0117932 -0.113547 -0.271357 
-0.114447 0.0336848 -0.992858 -57.7565 -0.00833705 0.999357 0.0348663 0.595433 0.993394 0.0122679 -0.114093 -0.374916 
-0.115307 0.0334964 -0.992765 -58.5181 -0.00740711 0.999375 0.0345797 0.608954 0.993302 0.0113408 -0.114987 -0.477955 
-0.115971 0.0315508 -0.992751 -59.2688 -0.00645368 0.99945 0.0325176 0.614883 0.993232 0.010178 -0.115704 -0.570762 
-0.116365 0.027843 -0.992816 -60.0033 -0.00590351 0.99957 0.0287244 0.625356 0.993189 0.00920365 -0.11615 -0.669412 
-0.11641 0.0251156 -0.992884 -60.7277 -0.00609952 0.999643 0.0260017 0.630417 0.993183 0.009083 -0.116215 -0.764837 
-0.115515 0.0228258 -0.993043 -61.4452 -0.00668705 0.999695 0.0237566 0.634073 0.993283 0.00938482 -0.115328 -0.860707 
-0.11343 0.021876 -0.993305 -62.1402 -0.00870902 0.999697 0.0230113 0.638726 0.993508 0.0112609 -0.113205 -0.954093 
-0.109863 0.0228874 -0.993683 -62.8187 -0.00904283 0.99967 0.0240251 0.639114 0.993906 0.0116252 -0.10962 -1.03587 
-0.104038 0.0243252 -0.994276 -63.4908 -0.00799105 0.999648 0.0252928 0.644341 0.994541 0.0105767 -0.103807 -1.12123 
-0.0969968 0.0258482 -0.994949 -64.1467 -0.00705424 0.99962 0.0266572 0.647341 0.99526 0.00960431 -0.0967776 -1.19459 
-0.0881351 0.0271458 -0.995739 -64.7838 -0.00797946 0.999577 0.0279568 0.650125 0.996077 0.0104095 -0.0878812 -1.26305 
-0.0764429 0.0286765 -0.996662 -65.4043 -0.00997497 0.999514 0.0295236 0.653246 0.997024 0.0121986 -0.0761198 -1.32056 
-0.0618122 0.0300782 -0.997635 -66.0082 -0.0132977 0.999432 0.0309563 0.659534 0.997999 0.0151798 -0.0613772 -1.36276 
-0.0437235 0.0311623 -0.998558 -66.5921 -0.0150331 0.99938 0.0318462 0.665966 0.998931 0.0164039 -0.0432279 -1.3872 
-0.0215885 0.0320365 -0.999254 -67.1579 -0.0157007 0.999352 0.0323789 0.668599 0.999644 0.016388 -0.0210715 -1.39685 
0.00366662 0.0325573 -0.999463 -67.6948 -0.0148794 0.999361 0.0324993 0.669254 0.999883 0.0147523 0.00414871 -1.38268 
0.0330102 0.0321444 -0.998938 -68.2102 -0.0132567 0.999409 0.0317214 0.674861 0.999367 0.0121956 0.0334168 -1.35331 
0.0672025 0.0320286 -0.997225 -68.7059 -0.0118133 0.99944 0.0313036 0.68057 0.997669 0.00967689 0.0675433 -1.30324 
0.104956 0.0323404 -0.993951 -69.178 -0.011173 0.999446 0.0313394 0.686997 0.994414 0.00781615 0.10526 -1.23386 
0.145906 0.0321569 -0.988776 -69.6368 -0.0109729 0.999463 0.0308853 0.688614 0.989238 0.00634345 0.14618 -1.14241 
0.191101 0.0330254 -0.981015 -70.0797 -0.00967554 0.999449 0.0317611 0.692605 0.981523 0.00342233 0.191315 -1.02823 
0.239899 0.031756 -0.970278 -70.5041 -0.00644541 0.999495 0.0311186 0.694916 0.970777 -0.00121142 0.239982 -0.897096 
0.290404 0.0271853 -0.956518 -70.9128 0.00129026 0.999584 0.028801 0.693117 0.956903 -0.00959803 0.290248 -0.735531 
0.342495 0.0223322 -0.939254 -71.2997 0.00645826 0.999638 0.0261229 0.690331 0.939498 -0.0150129 0.342227 -0.563932 
0.39584 0.0176974 -0.918149 -71.6829 0.0114624 0.999641 0.0242099 0.699057 0.918248 -0.0201074 0.395495 -0.371489 
0.448008 0.0171443 -0.893865 -72.0569 0.0111341 0.999632 0.0247533 0.706409 0.89396 -0.0210421 0.447653 -0.163222 
0.49699 0.0160224 -0.867608 -72.415 0.0125026 0.999594 0.0256217 0.712568 0.867666 -0.023581 0.496588 0.0710568 
0.542671 0.011402 -0.839868 -72.7583 0.020427 0.999433 0.0267669 0.723137 0.839697 -0.0316816 0.542131 0.336439 
0.587135 0.00513905 -0.809473 -73.0745 0.0308479 0.999111 0.0287179 0.723964 0.808901 -0.0418317 0.586455 0.624877 
0.630701 0.000513609 -0.776026 -73.3871 0.0316454 0.999151 0.0263805 0.725689 0.775381 -0.0411958 0.630149 0.912186 
0.673061 -0.00419805 -0.739575 -73.6869 0.0282163 0.999402 0.0200057 0.729467 0.739049 -0.034333 0.672776 1.208 
0.714731 -0.0107929 -0.699317 -73.9631 0.0242755 0.999661 0.00938225 0.732443 0.698978 -0.023682 0.714751 1.51576 
0.755154 -0.0138869 -0.6554 -74.2428 0.0194523 0.99981 0.00122857 0.740023 0.655259 -0.0136767 0.755281 1.85691 
0.793267 -0.0151568 -0.608685 -74.5042 0.0179078 0.999838 -0.00155858 0.744385 0.60861 -0.00966379 0.79341 2.22769 
0.828188 -0.0164674 -0.560209 -74.7472 0.017947 0.999835 -0.00285824 0.741982 0.560164 -0.00768686 0.828346 2.62689 
0.859751 -0.0150261 -0.510492 -74.9806 0.0146325 0.999882 -0.00478762 0.739296 0.510504 -0.00335356 0.859869 3.05048 
0.886445 -0.0134724 -0.462638 -75.1955 0.0138161 0.999901 -0.00264542 0.729141 0.462628 -0.00404678 0.886543 3.50922 
0.908301 -0.0069839 -0.418259 -75.3977 0.00697999 0.999974 -0.00153929 0.724675 0.418259 -0.00152126 0.908326 3.98881 
0.926388 -0.00282445 -0.376559 -75.597 0.00188332 0.999994 -0.00286747 0.720089 0.376565 0.00194726 0.926388 4.4824 
0.94032 0.00223732 -0.340284 -75.7815 -0.0028321 0.999995 -0.00125132 0.715053 0.34028 0.00214041 0.940322 5.00662 
0.950772 0.00269969 -0.309879 -75.9556 -0.00262232 0.999996 0.000666127 0.708817 0.30988 0.000179315 0.950776 5.55866 
0.958358 0.00208463 -0.285563 -76.1181 -0.00137997 0.999996 0.00266871 0.698206 0.285567 -0.00216346 0.958356 6.12957 
0.964468 0.00230823 -0.264189 -76.2835 -0.00112725 0.999989 0.00462156 0.696573 0.264197 -0.0041595 0.96446 6.72104 
0.969292 0.00476085 -0.245866 -76.4431 -0.00308737 0.999969 0.00719133 0.694564 0.245893 -0.00621137 0.969277 7.32029 
0.973062 0.00946319 -0.230349 -76.6028 -0.00758639 0.99993 0.00903178 0.688632 0.230419 -0.00704091 0.973066 7.94094 
0.976074 0.0132926 -0.21703 -76.7547 -0.0113404 0.999883 0.0102383 0.685099 0.217141 -0.00753214 0.976111 8.57854 
0.978872 0.0116558 -0.204142 -76.8923 -0.0098233 0.999902 0.00998739 0.681055 0.204238 -0.00777099 0.97889 9.23259 
0.981657 0.0119388 -0.190282 -77.0271 -0.0102585 0.999899 0.00981295 0.678679 0.19038 -0.0076809 0.981681 9.90741 
0.984341 0.0123809 -0.175839 -77.1555 -0.0107131 0.999888 0.0104306 0.682354 0.175948 -0.00838348 0.984364 10.5965 
0.986739 0.0137114 -0.161738 -77.2784 -0.0120518 0.999864 0.0112377 0.678378 0.16187 -0.00913936 0.98677 11.2964 
0.988694 0.0135915 -0.149332 -77.3891 -0.0124856 0.999887 0.00834072 0.674631 0.149428 -0.00638188 0.988752 12.021 
0.990298 0.0136876 -0.138282 -77.503 -0.0133537 0.999905 0.0033424 0.666235 0.138315 -0.00146335 0.990387 12.7442 
0.991611 0.0122019 -0.128679 -77.61 -0.0126757 0.999916 -0.00286388 0.662944 0.128633 0.004471 0.991682 13.476 
0.992624 0.0119049 -0.120651 -77.7083 -0.0123508 0.999919 -0.00294912 0.657366 0.120606 0.00441754 0.992691 14.2217 
0.993389 0.0141329 -0.113922 -77.8109 -0.0138461 0.999899 0.00330777 0.647288 0.113957 -0.00170848 0.993484 14.9851 
0.993887 0.018636 -0.108815 -77.9166 -0.0175135 0.999783 0.0112626 0.642952 0.109002 -0.009288 0.993998 15.7595 
0.994362 0.0187467 -0.104373 -78.0191 -0.0172577 0.999736 0.0151508 0.633642 0.10463 -0.0132641 0.994423 16.5479 
0.994764 0.0174894 -0.10069 -78.1127 -0.0161938 0.999775 0.0136693 0.636205 0.100906 -0.0119671 0.994824 17.3098 
0.99506 0.0171477 -0.0977836 -78.1972 -0.0159641 0.99979 0.0128736 0.631924 0.0979838 -0.011249 0.995124 18.0701 
0.995389 0.015451 -0.0946665 -78.2842 -0.0140917 0.999788 0.0150104 0.630961 0.0948784 -0.0136072 0.995396 18.8336 
0.995636 0.0130893 -0.0923951 -78.3622 -0.0115078 0.999778 0.0176278 0.62709 0.0926053 -0.0164875 0.995566 19.5995 
0.995919 0.011192 -0.0895569 -78.4374 -0.00948111 0.999765 0.0195059 0.621697 0.0897541 -0.0185772 0.995791 20.3655 
0.996169 0.0104838 -0.0868168 -78.5161 -0.00912984 0.999831 0.0159774 0.618312 0.0869695 -0.0151235 0.996096 21.123 
0.996263 0.0135734 -0.0852944 -78.596 -0.0128666 0.999878 0.00882969 0.612227 0.0854038 -0.0076992 0.996317 21.8682 
0.99641 0.0137993 -0.0835225 -78.6752 -0.0137635 0.999905 0.00100362 0.606443 0.0835283 0.000149592 0.996505 22.6141 
0.996482 0.0146359 -0.082523 -78.7442 -0.0149269 0.999884 -0.00291166 0.593278 0.0824708 0.00413328 0.996585 23.3601 
0.996625 0.0163628 -0.080448 -78.8239 -0.0165064 0.999863 -0.00112187 0.578947 0.0804186 0.00244604 0.996758 24.122 
0.996758 0.0193027 -0.0781126 -78.9028 -0.019131 0.999813 0.00294519 0.561436 0.0781548 -0.00144122 0.99694 24.877 
0.996851 0.0228135 -0.0759464 -78.9828 -0.0222559 0.999719 0.00817953 0.54701 0.0761116 -0.00646347 0.997078 25.6413 
0.997082 0.0202422 -0.073608 -79.0481 -0.0195517 0.999758 0.0100892 0.540565 0.0737944 -0.00862055 0.997236 26.3957 
0.997219 0.0171108 -0.0725422 -79.1122 -0.0164453 0.999817 0.00976144 0.536331 0.0726959 -0.00854127 0.997318 27.1471 
0.997302 0.0153483 -0.0717804 -79.1707 -0.0146602 0.999842 0.0101029 0.52452 0.071924 -0.00902326 0.997369 27.8927 
0.997407 0.0145842 -0.0704785 -79.2448 -0.0140473 0.999869 0.00810692 0.519867 0.0705874 -0.00709582 0.99748 28.648 
0.997484 0.0128887 -0.0697143 -79.3087 -0.0124395 0.999899 0.00687283 0.516762 0.0697958 -0.00598828 0.997543 29.4037 
0.997511 0.0113896 -0.0695807 -79.37 -0.0109193 0.999915 0.00713486 0.508704 0.069656 -0.00635729 0.997551 30.1687 
0.997539 0.0144186 -0.0686212 -79.4448 -0.0138951 0.999871 0.00809939 0.504039 0.0687291 -0.00712591 0.99761 30.9413 
0.997534 0.0144101 -0.068686 -79.516 -0.0139434 0.999876 0.0072677 0.500619 0.0687822 -0.00629202 0.997612 31.7195 
0.997428 0.0137425 -0.0703441 -79.5837 -0.0132639 0.999886 0.00726645 0.492038 0.0704359 -0.00631468 0.997496 32.4931 
0.997307 0.0113663 -0.0724588 -79.6498 -0.0108295 0.999911 0.00779556 0.485727 0.0725409 -0.00698983 0.997341 33.2778 
0.997061 0.0128792 -0.0755261 -79.7295 -0.0123421 0.999895 0.00757381 0.480632 0.0756157 -0.00661935 0.997115 34.0641 
0.996801 0.0167306 -0.0781594 -79.8169 -0.0162234 0.999843 0.00711955 0.475042 0.0782662 -0.00582872 0.996915 34.8563 
0.996584 0.0167748 -0.0808695 -79.9023 -0.0166536 0.999859 0.00217269 0.467224 0.0808945 -0.000818458 0.996722 35.6465 
0.996376 0.0173815 -0.08326 -79.9888 -0.0175317 0.999846 -0.0010731 0.456328 0.0832284 0.00252894 0.996527 36.4507 
0.996254 0.0167752 -0.0848296 -80.0812 -0.0170849 0.99985 -0.00292678 0.451482 0.0847677 0.00436517 0.996391 37.2628 
0.996068 0.0170193 -0.0869429 -80.1704 -0.0172063 0.999851 -0.00140268 0.43739 0.086906 0.00289317 0.996212 38.0866 
0.995876 0.0153763 -0.0894121 -80.2541 -0.0154629 0.99988 -0.000277384 0.419726 0.0893971 0.00165886 0.995995 38.9156 
0.995748 0.0143239 -0.0909997 -80.3499 -0.0142648 0.999897 0.00129949 0.414188 0.091009 4.17476e-06 0.99585 39.7411 
0.995632 0.0143604 -0.0922518 -80.4472 -0.0139449 0.99989 0.00514599 0.403657 0.0923154 -0.00383703 0.995722 40.5798 
0.995552 0.014284 -0.0931298 -80.5415 -0.0134323 0.999862 0.00976533 0.397977 0.0932564 -0.0084709 0.995606 41.4312 
0.995607 0.0144123 -0.0925196 -80.6348 -0.0133462 0.999837 0.0121307 0.390395 0.0926794 -0.0108426 0.995637 42.2834 
0.995723 0.0173699 -0.090743 -80.7317 -0.0163339 0.999793 0.0121467 0.387045 0.0909351 -0.0106125 0.9958 43.1419 
0.995902 0.017346 -0.0887644 -80.8294 -0.0164547 0.999807 0.0107626 0.384562 0.0889339 -0.00925788 0.995995 44.0046 
0.996056 0.0145249 -0.0875287 -80.9136 -0.0138134 0.999867 0.00872893 0.37793 0.0876437 -0.00748539 0.996124 44.8687 
0.996273 0.0109082 -0.0855626 -80.9999 -0.0103186 0.99992 0.00732964 0.370087 0.0856357 -0.00641939 0.996306 45.7418 
0.996444 0.00961911 -0.0837082 -81.0888 -0.00904542 0.999933 0.00722946 0.363532 0.0837721 -0.00644653 0.996464 46.6081 
0.996528 0.00704494 -0.0829571 -81.1754 -0.00627452 0.999935 0.00954358 0.355753 0.0830188 -0.00898989 0.996507 47.4844 
0.996609 0.0047432 -0.0821489 -81.2568 -0.00376585 0.99992 0.0120477 0.349727 0.0821994 -0.0116974 0.996547 48.358 
0.996687 0.00418462 -0.081228 -81.3487 -0.00316751 0.999915 0.012646 0.336315 0.081274 -0.0123468 0.996615 49.2247 
0.996818 0.00535001 -0.0795266 -81.4512 -0.00460165 0.999943 0.00959001 0.325867 0.0795734 -0.0091935 0.996787 50.0897 
0.996832 0.00759754 -0.0791749 -81.538 -0.0073165 0.999966 0.00383867 0.314496 0.0792014 -0.00324718 0.996853 50.9485 
0.996911 0.00948579 -0.0779677 -81.6275 -0.00962993 0.999953 -0.00147344 0.300934 0.07795 0.00221975 0.996955 51.8073 
0.996937 0.0141529 -0.0769187 -81.7198 -0.0147551 0.999865 -0.007266 0.284165 0.0768054 0.00837872 0.997011 52.6549 
0.99702 0.0140007 -0.0758653 -81.8026 -0.0146621 0.999859 -0.00816915 0.266027 0.0757402 0.00925719 0.997085 53.5067 
0.997097 0.0112867 -0.0753077 -81.8872 -0.0114869 0.999932 -0.00222648 0.25227 0.0752774 0.00308511 0.997158 54.348 
0.997038 0.0111616 -0.0761033 -81.9665 -0.0106642 0.999919 0.00693944 0.235556 0.0761745 -0.00610726 0.997076 55.204 
0.996972 0.0104163 -0.077061 -82.0511 -0.00931597 0.99985 0.0146233 0.222994 0.0772017 -0.0138611 0.996919 56.0608 
0.996785 0.00839157 -0.0796865 -82.1281 -0.00743735 0.999897 0.0122634 0.216478 0.0797811 -0.0116313 0.996745 56.8952 
0.996667 0.00300197 -0.0815169 -82.2074 -0.00226708 0.999956 0.00910576 0.208182 0.0815407 -0.00889056 0.99663 57.7337 
0.996442 0.00146317 -0.0842683 -82.2885 -0.000818513 0.99997 0.00768364 0.198996 0.084277 -0.00758729 0.996414 58.5653 
0.996217 0.00355806 -0.0868332 -82.38 -0.00309902 0.999981 0.0054202 0.185112 0.0868507 -0.00513055 0.996208 59.3894 
0.995907 0.00544053 -0.0902239 -82.4739 -0.00528358 0.999984 0.00197789 0.173764 0.0902332 -0.00149305 0.99592 60.2117 
0.995574 0.00602497 -0.0937832 -82.5715 -0.00620919 0.999979 -0.00167306 0.162578 0.0937711 0.00224802 0.995591 61.0244 
0.995263 0.00790775 -0.0969008 -82.6714 -0.0084792 0.999949 -0.00548732 0.144368 0.0968524 0.00628301 0.995279 61.8349 
0.994906 0.012204 -0.100064 -82.7805 -0.0128416 0.999901 -0.00573128 0.128661 0.0999846 0.00698712 0.994964 62.6377 
0.99452 0.0157016 -0.103358 -82.8901 -0.0162286 0.999859 -0.00426016 0.117567 0.103276 0.00591422 0.994635 63.4423 
0.994063 0.0190594 -0.107121 -82.9994 -0.0189684 0.999818 0.0018682 0.0995629 0.107137 0.000174847 0.994244 64.242 
0.993571 0.0204929 -0.111342 -83.1069 -0.0198133 0.999778 0.00720662 0.0902157 0.111465 -0.00495418 0.993756 65.0453 
0.993011 0.0199797 -0.11632 -83.2161 -0.0188622 0.999765 0.0106996 0.0823145 0.116507 -0.00843076 0.993154 65.8391 
0.992255 0.0203685 -0.122534 -83.3339 -0.0190775 0.99975 0.0116997 0.0784137 0.122742 -0.0092714 0.992395 66.6186 
0.991554 0.0174686 -0.128513 -83.4481 -0.0156192 0.99976 0.0153844 0.0730048 0.128751 -0.0132471 0.991589 67.4059 
0.990692 0.0182241 -0.134897 -83.571 -0.0163185 0.999751 0.0152179 0.0679661 0.135141 -0.0128749 0.990743 68.1775 
0.989745 0.0230369 -0.140973 -83.7048 -0.0212255 0.999672 0.0143393 0.0593993 0.141258 -0.0112 0.98991 68.9454 
0.988856 0.0250804 -0.14675 -83.8442 -0.0238064 0.999662 0.0104318 0.056301 0.146962 -0.00682195 0.989119 69.7098 
0.987962 0.0236655 -0.152877 -83.9758 -0.0227927 0.999712 0.00745948 0.0542082 0.153009 -0.00388517 0.988217 70.4726 
0.987027 0.0251733 -0.158568 -84.1133 -0.0245224 0.999681 0.00606025 0.0500325 0.15867 -0.00209313 0.98733 71.2407 
0.986242 0.026927 -0.163099 -84.2624 -0.0255226 0.999617 0.0107003 0.0494052 0.163325 -0.00639037 0.986552 72.011 
0.985234 0.0271475 -0.169046 -84.4138 -0.0250248 0.999579 0.0146751 0.0471625 0.169373 -0.0102281 0.985499 72.7663 
0.9842 0.026696 -0.175036 -84.5696 -0.0240608 0.999563 0.0171602 0.0363126 0.175418 -0.0126775 0.984413 73.5318 
0.982954 0.0241414 -0.182258 -84.7207 -0.0220493 0.999666 0.0134964 0.0305901 0.182523 -0.00924765 0.983158 74.2761 
0.981403 0.0221517 -0.190677 -84.8804 -0.021344 0.999752 0.00628837 0.0316846 0.190769 -0.00210155 0.981633 75.0157 
0.979717 0.0200843 -0.199375 -85.055 -0.0195868 0.999798 0.00446765 0.0265818 0.199425 -0.000471867 0.979913 75.7561 
0.977423 0.0193177 -0.210405 -85.2292 -0.0182006 0.999808 0.00724456 0.0193816 0.210505 -0.00325147 0.977587 76.4939 
0.975082 0.0200264 -0.220937 -85.4208 -0.0175016 0.999757 0.013379 0.0172883 0.221151 -0.00917883 0.975196 77.2333 
0.972296 0.022034 -0.232714 -85.6211 -0.0176522 0.999626 0.0208953 0.0196756 0.233087 -0.0162085 0.972321 77.9684 
0.969666 0.0219066 -0.24345 -85.8314 -0.0164573 0.999567 0.0243952 0.0137219 0.243879 -0.0196487 0.969607 78.6833 
0.966718 0.0255375 -0.254567 -86.0498 -0.0211848 0.999579 0.0198259 0.0132121 0.254967 -0.013773 0.966852 79.3953 
0.963582 0.0244514 -0.266292 -86.2723 -0.0224329 0.999692 0.0106195 0.0117428 0.266469 -0.00425904 0.963834 80.0945 
0.960172 0.0224031 -0.278511 -86.4975 -0.0217817 0.999749 0.0053255 0.0194525 0.278561 0.000953101 0.960418 80.7984 
0.956584 0.0206614 -0.290725 -86.7305 -0.0185342 0.999778 0.0100688 0.0190216 0.290868 -0.00424325 0.956754 81.5111 
0.953034 0.022166 -0.302052 -86.9793 -0.0177179 0.999691 0.0174584 0.0152524 0.302346 -0.0112867 0.953132 82.2295 
0.949348 0.0220104 -0.313454 -87.2409 -0.0156086 0.999616 0.0229185 0.011458 0.313838 -0.016865 0.949327 82.9384 
0.945045 0.0191528 -0.326378 -87.5002 -0.0132183 0.999705 0.020391 0.0184257 0.326672 -0.0149562 0.94502 83.6457 
0.941181 0.0173344 -0.337459 -87.7724 -0.0126165 0.99979 0.0161689 0.0164795 0.337668 -0.0109602 0.941202 84.3478 
0.937894 0.0131883 -0.346672 -88.046 -0.0106231 0.9999 0.0092989 0.0127378 0.34676 -0.0050386 0.93794 85.0416 
0.935064 0.00888136 -0.354369 -88.3285 -0.00815646 0.999961 0.00353916 0.00615089 0.354386 -0.000418894 0.935099 85.7422 
0.932242 0.00853369 -0.361735 -88.6182 -0.00862358 0.999962 0.0013658 0.00214023 0.361733 0.00184624 0.93228 86.4431 
0.929097 0.0131485 -0.369602 -88.9189 -0.0137529 0.999905 0.000999538 -0.00532209 0.36958 0.00415448 0.92919 87.1362 
0.925956 0.0131697 -0.377402 -89.2239 -0.0128241 0.999912 0.00342841 -0.0149344 0.377414 0.00166535 0.926043 87.8384 
0.922597 0.0141901 -0.385504 -89.5317 -0.0111805 0.999887 0.0100474 -0.0197429 0.385603 -0.00495954 0.922651 88.5449 
0.919803 0.0161111 -0.39205 -89.8499 -0.00974134 0.999786 0.0182312 -0.0228453 0.39226 -0.0129499 0.919763 89.247 
0.917083 0.0260046 -0.397848 -90.1815 -0.017411 0.999531 0.025198 -0.0306179 0.398317 -0.0161817 0.917105 89.9372 
0.914604 0.0323169 -0.403058 -90.5274 -0.0257345 0.999432 0.0217379 -0.0262731 0.403532 -0.00950901 0.914916 90.6186 
0.912182 0.0289932 -0.408758 -90.8513 -0.0253672 0.999576 0.0142906 -0.0264204 0.408999 -0.00266651 0.912531 91.2991 
0.910126 0.0214993 -0.413773 -91.1736 -0.0205541 0.999766 0.00673657 -0.0221291 0.413821 0.00237364 0.910355 91.9902 
0.908313 0.0219544 -0.417714 -91.5056 -0.0214338 0.999753 0.0059379 -0.0237985 0.417741 0.00355977 0.908559 92.6828 
0.905941 0.0279067 -0.422484 -91.8518 -0.0255518 0.99961 0.0112368 -0.0295102 0.422633 0.00061537 0.906301 93.3762 
0.90323 0.0304018 -0.428078 -92.1982 -0.02621 0.999533 0.0156839 -0.0359414 0.428355 -0.00294625 0.903606 94.0762 
0.900868 0.0264151 -0.433289 -92.5412 -0.022836 0.999649 0.0134635 -0.0382065 0.433492 -0.00223422 0.901154 94.7642 
0.898424 0.0252584 -0.438403 -92.8952 -0.0242868 0.999674 0.00782448 -0.0532647 0.438458 0.00361776 0.898745 95.4511 
0.896203 0.0228928 -0.443054 -93.2545 -0.0247147 0.999693 0.00166218 -0.059385 0.442956 0.00946032 0.896494 96.1332 
0.893955 0.0233213 -0.447549 -93.6274 -0.0261102 0.999659 -6.27329e-05 -0.060959 0.447395 0.0117417 0.89426 96.8198 
0.891942 0.0262245 -0.451388 -93.9993 -0.0272781 0.999619 0.00417378 -0.0716638 0.451326 0.00859028 0.892318 97.5094 
0.889657 0.0278611 -0.455779 -94.3666 -0.0280512 0.999586 0.00634866 -0.0815709 0.455768 0.00713708 0.89007 98.1952 
0.8871 0.0286504 -0.460687 -94.7373 -0.0287753 0.999563 0.00675355 -0.0882395 0.460679 0.00726538 0.887537 98.8734 
0.884922 0.026588 -0.464981 -95.1103 -0.0268067 0.999622 0.00614235 -0.0996466 0.464968 0.00702917 0.8853 99.5441 
0.882665 0.0248713 -0.469343 -95.48 -0.0252724 0.999666 0.00544581 -0.105646 0.469322 0.00705464 0.882999 100.216 
0.880471 0.0244185 -0.47347 -95.8561 -0.024614 0.99968 0.00578426 -0.110595 0.47346 0.00656118 0.880791 100.883 
0.878222 0.0257734 -0.477558 -96.2395 -0.0259159 0.999644 0.00629084 -0.118839 0.477551 0.00685166 0.878578 101.539 
0.875757 0.0260408 -0.482049 -96.619 -0.0262805 0.999635 0.00625646 -0.128406 0.482036 0.00718939 0.876122 102.197 
0.873246 0.022972 -0.486738 -96.9935 -0.0249865 0.999685 0.00235323 -0.142723 0.486639 0.010107 0.873545 102.848 
0.871014 0.0197751 -0.490861 -97.3714 -0.0237712 0.999716 -0.001906 -0.157902 0.490684 0.0133286 0.871236 103.483 
0.869165 0.0179739 -0.494195 -97.7589 -0.0234785 0.999712 -0.00493313 -0.162037 0.493964 0.0158907 0.869337 104.114 
0.867112 0.0199321 -0.497714 -98.1386 -0.0237006 0.999718 -0.00125482 -0.171382 0.497549 0.0128842 0.86734 104.748 
0.865164 0.0239559 -0.500917 -98.5207 -0.023242 0.999701 0.00766692 -0.181965 0.50095 0.00500924 0.865462 105.378 
0.863629 0.0261818 -0.503447 -98.8969 -0.0203389 0.999647 0.0170965 -0.190084 0.503717 -0.00452539 0.863857 106.006 
0.862223 0.0257242 -0.505875 -99.2763 -0.01726 0.999622 0.0214133 -0.191464 0.506234 -0.00973156 0.862341 106.618 
0.860693 0.0224214 -0.508631 -99.6402 -0.0139483 0.999693 0.0204652 -0.186178 0.508934 -0.0105197 0.860742 107.211 
0.858831 0.0207945 -0.511838 -99.9979 -0.0138938 0.999754 0.0173042 -0.190894 0.512071 -0.00774998 0.858908 107.785 
0.857245 0.0187788 -0.514567 -100.355 -0.0133432 0.999809 0.0142583 -0.189608 0.514736 -0.00535683 0.857332 108.345 
0.855776 0.0171341 -0.517063 -100.7 -0.0121636 0.999842 0.0130004 -0.191199 0.517203 -0.00483605 0.855849 108.888 
0.854483 0.0157736 -0.51924 -101.036 -0.0108641 0.999863 0.0124955 -0.192524 0.519366 -0.00503612 0.854537 109.422 
0.852937 0.015925 -0.521771 -101.363 -0.0104734 0.999855 0.0133957 -0.196135 0.521909 -0.00596096 0.85298 109.94 
0.851508 0.0160568 -0.524096 -101.68 -0.00977326 0.999843 0.0147535 -0.197952 0.524251 -0.00744052 0.851531 110.443 
0.85013 0.0143612 -0.526376 -101.99 -0.00756968 0.999858 0.0150537 -0.197105 0.526518 -0.00881305 0.850118 110.92 
0.849342 0.0127996 -0.527688 -102.294 -0.00569729 0.99987 0.0150826 -0.200612 0.527813 -0.00980384 0.849304 111.356 
0.848199 0.0120122 -0.529541 -102.577 -0.00535967 0.999886 0.0140966 -0.205919 0.52965 -0.00911848 0.848167 111.787 
0.846902 0.0119363 -0.531615 -102.851 -0.00715718 0.999913 0.011049 -0.21937 0.531701 -0.00555248 0.846914 112.201 
0.845382 0.00937239 -0.534081 -103.117 -0.00683686 0.999954 0.00672591 -0.218431 0.534119 -0.00203448 0.845407 112.596 
0.84304 0.00507426 -0.537827 -103.365 -0.00324477 0.999985 0.0043484 -0.218375 0.537842 -0.00192069 0.843044 112.977 
0.840347 0.000995919 -0.542048 -103.607 0.00156069 0.99999 0.00425683 -0.214976 0.542046 -0.00442313 0.840337 113.345 
0.836994 0.00194778 -0.547209 -103.849 0.00128767 0.999984 0.00552896 -0.215518 0.547211 -0.00533228 0.836978 113.689 
0.833034 0.0055783 -0.553194 -104.082 -0.00194283 0.999973 0.00715784 -0.219299 0.553219 -0.00488791 0.833022 114.02 
0.829221 0.0112942 -0.558806 -104.308 -0.00573969 0.999915 0.0116923 -0.225059 0.558891 -0.00648806 0.829216 114.332 
0.825206 0.0165043 -0.56459 -104.524 -0.00728698 0.999801 0.0185758 -0.228611 0.564784 -0.0112146 0.825162 114.627 
0.820102 0.0183848 -0.571922 -104.722 -0.00642566 0.999717 0.0229224 -0.234612 0.572182 -0.0151237 0.819987 114.91 
0.814406 0.0152024 -0.580097 -104.914 -0.00180598 0.999718 0.0236638 -0.229116 0.580293 -0.0182243 0.814204 115.18 
0.807517 0.013159 -0.589698 -105.104 0.00147019 0.999703 0.0243214 -0.226675 0.589843 -0.0205069 0.807258 115.421 
0.798605 0.0115322 -0.601745 -105.286 0.00438734 0.999678 0.024981 -0.221456 0.60184 -0.0225899 0.798297 115.653 
0.788171 0.0119966 -0.61534 -105.467 0.00479034 0.99966 0.025625 -0.22118 0.615438 -0.0231445 0.787845 115.863 
0.775957 0.013636 -0.630639 -105.645 0.00293473 0.999677 0.0252266 -0.223596 0.630779 -0.0214254 0.775666 116.049 
0.761814 0.0121162 -0.647683 -105.817 0.003254 0.999741 0.0225295 -0.226772 0.647788 -0.0192708 0.761577 116.225 
0.747021 0.00941894 -0.664734 -105.986 0.00261949 0.99985 0.0171111 -0.227191 0.664795 -0.0145236 0.746885 116.382 
0.731765 0.00581093 -0.681532 -106.147 0.00283941 0.999929 0.0115743 -0.227052 0.681551 -0.0104048 0.731697 116.533 
0.716451 0.00573225 -0.697614 -106.318 -0.000915115 0.999973 0.00727686 -0.224201 0.697636 -0.00457507 0.716437 116.67 
0.700882 0.00887537 -0.713222 -106.499 -0.00814819 0.999957 0.00443627 -0.216331 0.713231 0.00270222 0.700924 116.797 
0.683404 0.0109438 -0.729959 -106.669 -0.0109618 0.999929 0.00472852 -0.217913 0.729958 0.00477022 0.683475 116.928 
0.664448 0.00923253 -0.747277 -106.845 -0.00795765 0.999954 0.00527868 -0.208115 0.747292 0.00243921 0.664492 117.063 
0.644188 0.00849115 -0.76482 -107.02 -0.00487998 0.999964 0.00699145 -0.208607 0.764852 -0.00077145 0.644206 117.191 
0.622031 0.010019 -0.782929 -107.206 -0.00480676 0.999948 0.0089772 -0.204011 0.782978 -0.00182069 0.622047 117.306 
0.597793 0.014735 -0.801515 -107.399 -0.00870594 0.999891 0.0118887 -0.200265 0.801603 -0.000129014 0.597856 117.415 
0.572985 0.0181905 -0.819364 -107.596 -0.0107036 0.999835 0.014712 -0.190985 0.819496 0.000340482 0.573085 117.519 
0.547169 0.0210357 -0.836758 -107.796 -0.0125028 0.999778 0.0169582 -0.187356 0.836929 0.00118288 0.547311 117.618 
0.521273 0.0240862 -0.85305 -108 -0.0156014 0.999704 0.0186935 -0.187089 0.853247 0.00356442 0.521494 117.702 
0.494686 0.0284652 -0.868605 -108.209 -0.0199339 0.999572 0.0214044 -0.184927 0.868843 0.00672625 0.495042 117.774 
0.467293 0.0311577 -0.883553 -108.425 -0.0222735 0.999477 0.0234656 -0.179653 0.883822 0.00871458 0.467742 117.841 
0.43724 0.0305372 -0.898827 -108.632 -0.0209706 0.999498 0.0237561 -0.181618 0.899101 0.00846191 0.43766 117.914 
0.404806 0.0275021 -0.913989 -108.857 -0.0211325 0.999562 0.0207174 -0.179336 0.914159 0.0109284 0.405209 117.98 
0.369828 0.0231241 -0.928812 -109.1 -0.0203074 0.999653 0.0168019 -0.176603 0.928878 0.012648 0.370169 118.046 
0.330525 0.0206293 -0.943572 -109.362 -0.0200572 0.999689 0.0148303 -0.166047 0.943584 0.0140237 0.330836 118.105 
0.288872 0.0192215 -0.957175 -109.65 -0.0196383 0.999707 0.0141489 -0.154013 0.957166 0.0147101 0.289165 118.155 
0.244813 0.0174611 -0.969413 -109.95 -0.0188455 0.999735 0.013248 -0.148019 0.969387 0.0150258 0.245077 118.197 
0.197691 0.0149104 -0.980151 -110.266 -0.0176469 0.999776 0.0116497 -0.140798 0.980106 0.0149936 0.19791 118.224 
0.14849 0.0131827 -0.988826 -110.598 -0.0168016 0.9998 0.010806 -0.13848 0.988771 0.0150094 0.148682 118.231 
0.0983612 0.0122218 -0.995076 -110.941 -0.0167467 0.999803 0.0106245 -0.123323 0.99501 0.0156193 0.0985465 118.223 
0.0469798 0.0130775 -0.99881 -111.302 -0.0159308 0.999797 0.0123411 -0.111289 0.998769 0.0153321 0.0471786 118.189 
-0.00627357 0.0155561 -0.999859 -111.672 -0.0122184 0.999803 0.0156319 -0.107455 0.999906 0.0123148 -0.00608227 118.148 
-0.0601678 0.0176507 -0.998032 -112.055 -0.00839609 0.999799 0.0181882 -0.101366 0.998153 0.00947395 -0.0600075 118.089 
-0.113399 0.019009 -0.993368 -112.442 -0.00436606 0.999798 0.0196305 -0.0911652 0.99354 0.00656322 -0.113293 117.997 
-0.166007 0.020687 -0.985908 -112.843 -0.00178384 0.999772 0.0212782 -0.0829296 0.986123 0.00529108 -0.165933 117.883 
-0.217174 0.0221058 -0.975883 -113.256 -0.000121552 0.999743 0.0226733 -0.0736859 0.976133 0.0050427 -0.217115 117.747 
-0.266658 0.023128 -0.963514 -113.679 0.00287552 0.999727 0.0232014 -0.0615082 0.963787 0.00341628 -0.266651 117.59 
-0.314842 0.0251174 -0.948812 -114.109 0.00799924 0.999685 0.0238098 -0.056013 0.94911 -9.34051e-05 -0.314944 117.409 
-0.361436 0.0261099 -0.932031 -114.544 0.0124006 0.999654 0.0231954 -0.0428417 0.932314 -0.00317408 -0.361635 117.203 
-0.40523 0.0280231 -0.913785 -114.977 0.0170437 0.999588 0.0230961 -0.035384 0.914056 -0.006215 -0.40554 116.964 
