1 2.12261e-08 -2.11895e-08 0 2.12261e-08 1 2.10703e-08 0 -2.11895e-08 2.10703e-08 1 0 
0.999998 0.000615891 0.0019252 -0.0137703 -0.000614239 1 -0.000836356 -0.00506075 -0.00192575 0.000835214 0.999998 0.448712 
0.999991 0.00209877 0.003619 -0.0197845 -0.00209208 0.999996 -0.00183912 -0.0115441 -0.00362289 0.00183157 0.999992 0.909053 
0.999979 0.00338968 0.00546169 -0.0296346 -0.00337708 0.999992 -0.00230622 -0.0178534 -0.00546951 0.00228777 0.999982 1.38853 
0.999969 0.00346538 0.00705349 -0.0354172 -0.00344778 0.999991 -0.00250075 -0.0233321 -0.00706213 0.0024764 0.999972 1.87436 
0.999958 0.00294666 0.0087179 -0.0394902 -0.00292671 0.999993 -0.00229525 -0.0297182 -0.00872465 0.00226968 0.999959 2.37563 
0.999938 0.00250948 0.010828 -0.0436881 -0.00249866 0.999996 -0.00100861 -0.0384873 -0.0108306 0.000981531 0.999941 2.88292 
0.999921 0.00244335 0.0123416 -0.0443426 -0.00244986 0.999997 0.000515381 -0.0457816 -0.0123404 -0.000545533 0.999924 3.39859 
0.999902 0.00344221 0.0136082 -0.0508582 -0.00346416 0.999993 0.00159319 -0.0516954 -0.0136027 -0.00164013 0.999906 3.91315 
0.999887 0.00478698 0.0142268 -0.0523924 -0.00480761 0.999987 0.00141922 -0.0578079 -0.0142199 -0.00148742 0.999898 4.42796 
0.99987 0.00551696 0.0151707 -0.0543066 -0.00553227 0.999984 0.000969824 -0.0646198 -0.0151651 -0.00105358 0.999884 4.94584 
0.99986 0.00552152 0.0157988 -0.0521646 -0.00553621 0.999984 0.000889355 -0.0730096 -0.0157936 -0.000976654 0.999875 5.46872 
0.999841 0.00693776 0.01645 -0.0528043 -0.00693992 0.999976 7.64438e-05 -0.0793559 -0.0164491 -0.000190552 0.999865 5.9957 
0.999816 0.00796059 0.0174309 -0.0576019 -0.00795054 0.999968 -0.000643181 -0.0853011 -0.0174355 0.000504519 0.999848 6.51679 
0.999783 0.00950848 0.018517 -0.0422389 -0.00949808 0.999955 -0.000647257 -0.101013 -0.0185223 0.000471282 0.999828 7.02489 
0.999767 0.00983455 0.019207 -0.041791 -0.00981041 0.999951 -0.0013482 -0.109443 -0.0192193 0.0011595 0.999815 7.56324 
0.999732 0.0108877 0.0204404 -0.0380796 -0.0108525 0.999939 -0.00183168 -0.117606 -0.0204591 0.0016094 0.999789 8.11376 
0.999655 0.0122683 0.0232467 -0.0379284 -0.0122269 0.999923 -0.00192303 -0.125131 -0.0232686 0.00163817 0.999728 8.67255 
0.999544 0.0130125 0.0272615 -0.0345133 -0.0129516 0.999913 -0.00240582 -0.131965 -0.0272905 0.00205169 0.999625 9.23411 
0.999422 0.01319 0.0313326 -0.028265 -0.0131051 0.99991 -0.0029127 -0.138251 -0.0313683 0.00250044 0.999505 9.80795 
0.999265 0.0127715 0.0361325 -0.00873831 -0.0126481 0.999913 -0.00363949 -0.145697 -0.0361759 0.00317985 0.99934 10.3865 
0.999041 0.0127441 0.0418945 0.00941872 -0.0126052 0.999914 -0.00357606 -0.157922 -0.0419365 0.00304458 0.999116 10.9674 
0.998774 0.0124105 0.0479252 0.029816 -0.0122709 0.99992 -0.00320343 -0.168572 -0.0479612 0.00261146 0.998846 11.5636 
0.998465 0.0126273 0.0539325 0.0556245 -0.0124418 0.999916 -0.00377374 -0.182606 -0.0539756 0.00309697 0.998537 12.1549 
0.998127 0.0107271 0.0602359 0.0867476 -0.010469 0.999935 -0.0045992 -0.193738 -0.0602813 0.00396001 0.998174 12.7667 
0.997779 0.00996427 0.065868 0.137589 -0.00963607 0.99994 -0.0052979 -0.196321 -0.0659169 0.00465146 0.997814 13.4076 
0.997315 0.0126507 0.0721307 0.172264 -0.012146 0.999899 -0.00743078 -0.206024 -0.0722174 0.00653476 0.997368 14.0404 
0.996794 0.0169639 0.0781876 0.217168 -0.0161858 0.999813 -0.0105744 -0.219304 -0.0783524 0.009275 0.996883 14.6831 
0.996374 0.0139701 0.0839214 0.269894 -0.0131091 0.999856 -0.0108008 -0.230256 -0.0840602 0.00966158 0.996414 15.3567 
0.996052 0.00716229 0.0884774 0.335786 -0.00643939 0.999944 -0.00845264 -0.232485 -0.0885329 0.00784957 0.996042 16.0408 
0.995652 0.00161411 0.0931405 0.407025 -0.00115636 0.999987 -0.00496794 -0.243635 -0.0931473 0.00483868 0.995641 16.7388 
0.995238 0.00185457 0.0974583 0.461599 -0.00171759 0.999997 -0.00148897 -0.255652 -0.0974609 0.00131453 0.995239 17.4494 
0.994997 0.000978552 0.0999045 0.513596 -0.000831849 0.999999 -0.00150963 -0.262097 -0.0999058 0.00141901 0.994996 18.1776 
0.994972 -0.00319239 0.100098 0.577189 0.00352004 0.999989 -0.00309636 -0.276329 -0.100087 0.00343318 0.994973 18.8998 
0.995092 -0.00893573 0.0985478 0.642949 0.00951153 0.99994 -0.00537405 -0.277293 -0.098494 0.00628506 0.995118 19.6575 
0.995522 -0.0104082 0.0939522 0.695738 0.0110395 0.99992 -0.00620254 -0.281628 -0.0938802 0.00721199 0.995557 20.4213 
0.996198 -0.0101899 0.0865232 0.746946 0.0107739 0.999922 -0.00628427 -0.29429 -0.0864525 0.00719261 0.99623 21.2108 
0.996957 -0.0100704 0.0773069 0.790331 0.0104317 0.999937 -0.00427068 -0.308854 -0.077259 0.00506417 0.996998 22.0236 
0.997653 -0.0103647 0.067691 0.824191 0.0105338 0.999942 -0.00214109 -0.319433 -0.067665 0.00284914 0.997704 22.8273 
0.998244 -0.0091142 0.0585308 0.851225 0.00908689 0.999958 0.00073352 -0.328549 -0.0585351 -0.000200328 0.998285 23.6622 
0.998681 -0.00875786 0.0505842 0.87493 0.00862217 0.999959 0.00290093 -0.34117 -0.0506076 -0.00246092 0.998716 24.4955 
0.999012 -0.00744742 0.0438237 0.888774 0.00729563 0.999967 0.00362338 -0.347537 -0.0438493 -0.00330004 0.999033 25.3395 
0.999248 -0.00664407 0.0381977 0.901908 0.00648387 0.99997 0.00431735 -0.359784 -0.0382253 -0.0040664 0.999261 26.1762 
0.999439 -0.00497126 0.0331305 0.907402 0.00482875 0.999979 0.00438114 -0.370709 -0.0331516 -0.00421866 0.999441 27.0157 
0.99959 -0.00438853 0.028298 0.909339 0.00427604 0.999983 0.00403587 -0.382067 -0.0283153 -0.00391317 0.999591 27.8515 
0.999718 -0.004565 0.0232899 0.917523 0.00448138 0.999983 0.00364335 -0.395629 -0.0233061 -0.00353791 0.999722 28.6938 
0.99981 -0.00345127 0.019165 0.909464 0.00337033 0.999985 0.00425612 -0.407103 -0.0191794 -0.00419068 0.999807 29.5274 
0.999879 -0.00198679 0.0154517 0.906309 0.0019092 0.999986 0.00503738 -0.418353 -0.0154615 -0.00500722 0.999868 30.3616 
0.999922 0.000553305 0.0125172 0.90247 -0.000628651 0.999982 0.00601967 -0.430615 -0.0125137 -0.00602702 0.999904 31.1914 
0.999944 0.000530423 0.0106079 0.900283 -0.000590799 0.999984 0.0056933 -0.432909 -0.0106047 -0.0056992 0.999928 31.997 
0.999951 0.00164982 0.00973057 0.890171 -0.00170218 0.999984 0.00538013 -0.445157 -0.00972159 -0.00539639 0.999938 32.8153 
0.999953 0.00376179 0.00897119 0.877432 -0.00379837 0.999985 0.00406864 -0.45895 -0.00895578 -0.00410248 0.999952 33.6238 
0.999944 0.00646505 0.00842498 0.862019 -0.00649725 0.999972 0.00380599 -0.469663 -0.00840018 -0.00386047 0.999957 34.4294 
0.99994 0.0079433 0.00759203 0.851372 -0.00797699 0.999958 0.00442395 -0.484834 -0.00755662 -0.0044842 0.999961 35.2245 
0.999926 0.00977677 0.00721203 0.837475 -0.00981338 0.999939 0.00506398 -0.498717 -0.00716212 -0.00513434 0.999961 36.0006 
0.999921 0.0106544 0.0067075 0.826398 -0.0106896 0.999929 0.00524043 -0.5141 -0.00665123 -0.00531167 0.999964 36.7678 
0.9999 0.012715 0.00614684 0.812343 -0.0127467 0.999906 0.00515602 -0.525161 -0.00608075 -0.00523382 0.999968 37.5199 
0.999875 0.01455 0.00616967 0.797554 -0.0145829 0.99988 0.00531671 -0.533721 -0.00609161 -0.00540598 0.999967 38.2634 
0.999827 0.0174496 0.00651682 0.786495 -0.0174847 0.999833 0.00537441 -0.545762 -0.006422 -0.00548738 0.999964 38.9918 
0.999757 0.0205094 0.00813457 0.769865 -0.0205529 0.999775 0.00531317 -0.560063 -0.00802381 -0.00547903 0.999953 39.696 
0.999688 0.0224644 0.0109075 0.761416 -0.0225119 0.999738 0.00425836 -0.573869 -0.010809 -0.00450254 0.999931 40.3952 
0.999596 0.0242655 0.0148223 0.75482 -0.0243231 0.999697 0.00371955 -0.593376 -0.0147276 -0.00407853 0.999883 41.0719 
0.999513 0.0239472 0.0200119 0.752388 -0.0240283 0.999704 0.00382466 -0.603993 -0.0199144 -0.00430361 0.999792 41.7496 
0.999367 0.0249027 0.0253979 0.754665 -0.0250114 0.999679 0.00397241 -0.612744 -0.0252908 -0.00460509 0.99967 42.4087 
0.999187 0.0251849 0.0314773 0.770093 -0.025341 0.999668 0.00457267 -0.627123 -0.0313518 -0.00536658 0.999494 43.0632 
0.998924 0.0247976 0.0392025 0.779405 -0.0250136 0.999675 0.00502807 -0.63749 -0.0390651 -0.00600321 0.999219 43.6949 
0.998536 0.0248206 0.0480634 0.798177 -0.0250766 0.999674 0.00473278 -0.645394 -0.0479303 -0.00593108 0.998833 44.3192 
0.997966 0.0256364 0.0583653 0.825988 -0.0259565 0.999652 0.00473332 -0.657361 -0.0582237 -0.00623861 0.998284 44.9297 
0.997227 0.0247906 0.0701632 0.865627 -0.0251679 0.999673 0.00449955 -0.667599 -0.0700288 -0.00625289 0.997525 45.5237 
0.99629 0.0237554 0.0827117 0.911431 -0.0241977 0.999698 0.00434931 -0.674696 -0.0825834 -0.00633456 0.996564 46.1132 
0.995104 0.0232034 0.096068 0.956091 -0.0236835 0.999712 0.00386087 -0.683596 -0.0959508 -0.00611716 0.995367 46.6856 
0.993562 0.0227808 0.110972 1.01658 -0.0233452 0.99972 0.0037896 -0.694048 -0.110855 -0.00635584 0.993816 47.2464 
0.991577 0.0227004 0.127517 1.08469 -0.0234275 0.999717 0.00420527 -0.704263 -0.127385 -0.00715721 0.991828 47.7988 
0.98913 0.0250845 0.144891 1.15921 -0.0258441 0.99966 0.00336242 -0.712843 -0.144758 -0.00707041 0.989442 48.3333 
0.985916 0.0234731 0.165587 1.25481 -0.0242378 0.999703 0.00259872 -0.723332 -0.165477 -0.00657556 0.986192 48.8622 
0.98169 0.026747 0.1886 1.35581 -0.0275041 0.999621 0.00139773 -0.732434 -0.188491 -0.00655936 0.982053 49.3761 
0.976455 0.0259058 0.214159 1.46708 -0.0262873 0.999654 -0.00106648 -0.741221 -0.214113 -0.00458827 0.976798 49.8754 
0.970348 0.0249036 0.240428 1.59975 -0.0247223 0.999687 -0.00377089 -0.755594 -0.240447 -0.00228481 0.97066 50.3533 
0.962906 0.0235258 0.268811 1.73268 -0.0226854 0.999723 -0.00623218 -0.769194 -0.268883 -9.70597e-05 0.963173 50.8129 
0.954232 0.0219086 0.298263 1.88787 -0.0206183 0.99976 -0.00747216 -0.773058 -0.298355 0.000980554 0.954455 51.256 
0.943959 0.0240598 0.329184 2.04097 -0.0220803 0.999709 -0.00975079 -0.787422 -0.329323 0.00193589 0.944215 51.6832 
0.932362 0.0245367 0.360692 2.20758 -0.0226327 0.999699 -0.00950218 -0.802396 -0.360816 0.000696062 0.932637 52.0957 
0.919229 0.0239581 0.392994 2.39035 -0.0225502 0.999712 -0.00819945 -0.818319 -0.393078 -0.00132491 0.919504 52.5006 
0.90405 0.0231589 0.426799 2.58538 -0.0220249 0.999729 -0.00759377 -0.831864 -0.426859 -0.00253501 0.904315 52.8871 
0.886834 0.0225171 0.46154 2.78549 -0.0213362 0.999742 -0.00777731 -0.848465 -0.461596 -0.0029503 0.887086 53.2435 
0.867572 0.0221311 0.496819 2.99531 -0.0204751 0.999752 -0.00877973 -0.863974 -0.49689 -0.00255536 0.86781 53.5804 
0.846355 0.0212756 0.532195 3.21966 -0.0184543 0.999773 -0.0106199 -0.875979 -0.5323 -0.000833092 0.846555 53.9004 
0.822729 0.0200451 0.56808 3.44914 -0.0159579 0.999799 -0.0121672 -0.888721 -0.568209 0.000944985 0.822883 54.2083 
0.797259 0.016989 0.603399 3.69977 -0.0118777 0.999852 -0.0124575 -0.901468 -0.603521 0.00276489 0.797343 54.5021 
0.76947 0.0132107 0.638546 3.96103 -0.00869776 0.99991 -0.0102056 -0.915066 -0.638624 0.00229902 0.769516 54.7761 
0.739761 0.008627 0.672815 4.2292 -0.00595045 0.999963 -0.00627916 -0.924904 -0.672844 0.00064155 0.739784 55.0371 
0.707612 0.00500456 0.706584 4.50981 -0.00428433 0.999987 -0.00279203 -0.931409 -0.706589 -0.00105154 0.707624 55.2889 
0.672208 0.00273939 0.740357 4.79427 -0.00552079 0.999984 0.00131264 -0.93983 -0.740341 -0.0049697 0.672213 55.5271 
0.634382 -0.000788466 0.773019 5.08953 -0.00359728 0.999986 0.00397216 -0.944724 -0.773011 -0.00530062 0.63437 55.7464 
0.595411 -0.00434059 0.80341 5.39208 -0.000446997 0.999984 0.00573396 -0.948988 -0.803421 -0.00377317 0.595399 55.9304 
0.553379 -0.00646949 0.832905 5.7104 0.00226413 0.999978 0.006263 -0.960513 -0.832927 -0.00157999 0.553381 56.1034 
0.50863 -0.00531222 0.860969 6.03991 0.00407187 0.999985 0.00376449 -0.961013 -0.860976 0.00159103 0.508644 56.267 
0.461553 -0.0029126 0.887108 6.38816 0.00236379 0.999995 0.00205344 -0.969085 -0.88711 0.00114918 0.461558 56.4291 
0.412401 -8.57848e-05 0.911002 6.75268 -0.0015167 0.999999 0.000780815 -0.974717 -0.911001 -0.00170372 0.412401 56.5741 
0.362248 0.00246525 0.932079 7.13615 -0.00592278 0.999982 -0.000342943 -0.976215 -0.932063 -0.00539625 0.362256 56.71 
0.31202 0.00286906 0.950071 7.51367 -0.00854356 0.999964 -0.000213814 -0.984747 -0.950037 -0.00805027 0.312034 56.8218 
0.263643 0.00273144 0.964616 7.92376 -0.00631021 0.99998 -0.00110686 -0.986841 -0.9646 -0.00579511 0.263655 56.9091 
0.218628 0.00202161 0.975806 8.36083 -0.00496632 0.999987 -0.000958961 -0.9909 -0.975796 -0.00463651 0.218636 56.9813 
0.176589 -2.13814e-05 0.984285 8.81905 -0.00476725 0.999988 0.000877054 -0.994695 -0.984273 -0.00484721 0.176587 57.0489 
0.137993 -0.00235289 0.99043 9.29734 -0.00477799 0.999984 0.00304133 -0.997651 -0.990422 -0.00515195 0.137979 57.0955 
0.101607 -0.00412124 0.994816 9.79356 -0.005517 0.999974 0.00470614 -1.00144 -0.994809 -0.00596657 0.101582 57.1335 
0.0689509 -0.00524656 0.997606 10.3107 -0.00450795 0.999974 0.00557063 -1.00427 -0.99761 -0.00488126 0.0689255 57.155 
0.0395058 -0.00576415 0.999203 10.8491 -0.00430081 0.999973 0.00593868 -1.00674 -0.99921 -0.00453199 0.03948 57.1652 
0.0130724 -0.00353049 0.999908 11.4085 -0.00659729 0.999972 0.00361701 -1.00548 -0.999893 -0.00664397 0.0130487 57.1681 
-0.00948946 -0.00104598 0.999954 11.9827 -0.010705 0.999942 0.000944419 -1.00437 -0.999898 -0.0106955 -0.0095001 57.1654 
-0.0291908 -0.000330675 0.999574 12.5775 -0.0107023 0.999943 1.82987e-05 -1.00804 -0.999517 -0.0106972 -0.0291926 57.1465 
-0.0462886 0.000208565 0.998928 13.192 -0.00666409 0.999978 -0.000517545 -1.01313 -0.998906 -0.0066809 -0.0462862 57.1124 
-0.0621429 -8.73359e-05 0.998067 13.8267 -0.00433338 0.999991 -0.000182265 -1.01668 -0.998058 -0.00433634 -0.0621427 57.0734 
-0.0776032 -0.000927538 0.996984 14.4845 -0.00471819 0.999989 0.00056312 -1.01864 -0.996973 -0.00466026 -0.0776067 57.0279 
-0.0921407 0.000331325 0.995746 15.1622 -0.00357328 0.999993 -0.000663349 -1.02219 -0.99574 -0.00361921 -0.0921389 56.9682 
-0.104284 0.00212602 0.994545 15.8572 -0.00184 0.999996 -0.00233056 -1.0304 -0.994546 -0.002073 -0.10428 56.8988 
-0.113884 0.00492711 0.993482 16.5691 0.00552764 0.999975 -0.00432564 -1.03353 -0.993479 0.00499899 -0.113908 56.8158 
-0.11964 0.00768079 0.992788 17.2891 0.0132078 0.999894 -0.00614406 -1.04285 -0.992729 0.0123775 -0.119729 56.7259 
-0.122051 0.00765681 0.992494 18.0309 0.0178656 0.999825 -0.00551633 -1.05408 -0.992363 0.0170582 -0.122166 56.6386 
-0.121869 0.00621043 0.992527 18.7898 0.0186947 0.999817 -0.00396055 -1.06377 -0.99237 0.0180724 -0.121963 56.5576 
-0.119209 0.0056802 0.992853 19.5657 0.0225006 0.999742 -0.003018 -1.06931 -0.992614 0.0219801 -0.119306 56.4763 
-0.114655 0.00466118 0.993394 20.352 0.0240347 0.999709 -0.00191675 -1.08016 -0.993115 0.0236562 -0.114734 56.3971 
-0.110298 0.00538245 0.993884 21.1489 0.0227182 0.999738 -0.00289292 -1.09544 -0.993639 0.0222601 -0.110392 56.3291 
-0.106061 0.00643929 0.994339 21.949 0.0222235 0.999745 -0.0041038 -1.10804 -0.994111 0.0216625 -0.106177 56.2612 
-0.101795 0.00577816 0.994789 22.7621 0.0270879 0.999628 -0.00303438 -1.12222 -0.994437 0.0266379 -0.101913 56.1916 
-0.0981214 0.00394875 0.995167 23.5742 0.0328526 0.99946 -0.000726549 -1.13356 -0.994632 0.0326225 -0.0981981 56.1186 
-0.0941748 0.000546017 0.995556 24.3899 0.0352446 0.999375 0.0027859 -1.14721 -0.994932 0.0353503 -0.0941352 56.0527 
-0.0894929 -0.00270977 0.995984 25.1995 0.0383302 0.999246 0.0061628 -1.15646 -0.99525 0.0387278 -0.0893216 55.9908 
-0.0840456 -0.00544547 0.996447 26.013 0.0390875 0.999197 0.00875739 -1.1646 -0.995695 0.0396846 -0.0837653 55.9385 
-0.0798146 -0.00666312 0.996788 26.8245 0.0367115 0.99928 0.00961937 -1.17079 -0.996134 0.0373613 -0.0795125 55.8937 
-0.0758089 -0.00851238 0.997086 27.628 0.0303393 0.999481 0.0108396 -1.18032 -0.996661 0.0310726 -0.0755112 55.857 
-0.0716413 -0.0117361 0.997361 28.4406 0.0243154 0.999613 0.0135093 -1.18156 -0.997134 0.0252191 -0.0713282 55.8267 
-0.0671296 -0.0132498 0.997656 29.2528 0.0215644 0.999659 0.0147274 -1.18722 -0.997511 0.0225025 -0.0668209 55.7937 
-0.0632352 -0.00922615 0.997956 30.064 0.0222048 0.999697 0.0106493 -1.1954 -0.997752 0.0228329 -0.0630111 55.7606 
-0.0599238 -0.00150618 0.998202 30.8732 0.0230957 0.999729 0.002895 -1.20164 -0.997936 0.0232277 -0.0598728 55.7284 
-0.0573798 0.00488569 0.998341 31.6876 0.0218555 0.999755 -0.00363643 -1.20628 -0.998113 0.0216106 -0.0574725 55.7022 
-0.0552956 0.00421701 0.998461 32.5136 0.0211729 0.999771 -0.00304993 -1.21595 -0.998246 0.0209716 -0.0553722 55.6683 
-0.0537139 0.00066501 0.998556 33.3441 0.023983 0.999712 0.000624345 -1.2286 -0.998268 0.0239819 -0.0537144 55.632 
-0.0526938 0.000261609 0.998611 34.171 0.0251577 0.999683 0.00106565 -1.24669 -0.998294 0.0251789 -0.0526836 55.5975 
-0.0532096 0.00286657 0.998579 34.9894 0.0225002 0.999745 -0.00167094 -1.25643 -0.99833 0.0223793 -0.0532606 55.5801 
-0.0530769 0.00415414 0.998582 35.8326 0.0156871 0.999871 -0.00332566 -1.26871 -0.998467 0.0154883 -0.0531352 55.5576 
-0.0543275 0.00347826 0.998517 36.6736 0.0139703 0.999899 -0.00272293 -1.2781 -0.998425 0.0138017 -0.0543706 55.5363 
-0.0557179 0.00228736 0.998444 37.5258 0.0141649 0.999899 -0.00150019 -1.29666 -0.998346 0.0140592 -0.0557446 55.5038 
-0.0572029 0.00603352 0.998344 38.3729 0.0135343 0.999895 -0.00526737 -1.31481 -0.998271 0.0132105 -0.0572786 55.4721 
-0.0587159 0.0100511 0.998224 39.2381 0.013821 0.999862 -0.00925459 -1.3288 -0.998179 0.013253 -0.0588467 55.4411 
-0.0592666 0.0126644 0.998162 40.1081 0.0153835 0.999812 -0.0117719 -1.34866 -0.998124 0.0146576 -0.0594503 55.4 
-0.0602944 0.0139556 0.998083 40.9924 0.0175776 0.999762 -0.0129171 -1.36794 -0.998026 0.016765 -0.0605254 55.3582 
-0.0610925 0.0152749 0.998015 41.8804 0.017981 0.999738 -0.0142005 -1.38884 -0.99797 0.0170777 -0.0613511 55.3139 
-0.0622232 0.0150114 0.997949 42.7753 0.0169333 0.999759 -0.0139828 -1.40925 -0.997919 0.0160285 -0.0624624 55.2728 
-0.063305 0.0101143 0.997943 43.6913 0.0154707 0.999838 -0.00915208 -1.4352 -0.997874 0.0148595 -0.0634512 55.2317 
-0.0646514 0.00854274 0.997871 44.6206 0.0154577 0.999852 -0.00755816 -1.45884 -0.997788 0.0149362 -0.0647739 55.1874 
-0.0661865 0.0119925 0.997735 45.5489 0.0158449 0.999814 -0.0109663 -1.4785 -0.997681 0.0150832 -0.0663643 55.1463 
-0.0667245 0.0156574 0.997649 46.4829 0.0168836 0.999751 -0.0145611 -1.4991 -0.997629 0.0158723 -0.0669723 55.0966 
-0.0666256 0.0169908 0.997633 47.421 0.0199568 0.999678 -0.0156928 -1.52336 -0.997578 0.0188641 -0.0669432 55.0482 
-0.0663147 0.0137676 0.997704 48.3845 0.0241545 0.999634 -0.0121887 -1.54546 -0.997506 0.0232908 -0.066623 54.9908 
-0.0664666 0.00817392 0.997755 49.3652 0.0262307 0.999635 -0.0064419 -1.56239 -0.997444 0.0257436 -0.0666567 54.9334 
-0.065869 0.00513045 0.997815 50.3463 0.0277333 0.99961 -0.00330888 -1.58655 -0.997443 0.0274547 -0.0659856 54.8864 
-0.0641689 0.00682973 0.997916 51.3395 0.0270132 0.999622 -0.00510434 -1.59999 -0.997573 0.0266294 -0.0643292 54.8415 
-0.0634529 0.00970609 0.997938 52.3299 0.0269247 0.999605 -0.0080103 -1.61738 -0.997622 0.0263609 -0.0636892 54.7975 
-0.0632695 0.011234 0.997933 53.3262 0.0210988 0.999728 -0.00991644 -1.64789 -0.997773 0.0204278 -0.0634893 54.7596 
-0.0640597 0.0112454 0.997883 54.3385 0.0183313 0.999781 -0.01009 -1.66746 -0.997778 0.0176461 -0.0642518 54.7243 
-0.0646451 0.00637932 0.997888 55.3578 0.0177756 0.999828 -0.00524015 -1.69038 -0.99775 0.0173993 -0.0647474 54.6782 
-0.0651534 0.000667108 0.997875 56.4011 0.0157545 0.999876 0.000360239 -1.70739 -0.997751 0.0157445 -0.0651558 54.6289 
-0.0659118 0.0013295 0.997825 57.4355 0.0171694 0.999853 -0.000198035 -1.72348 -0.997678 0.017119 -0.0659249 54.5766 
-0.0662182 0.00459749 0.997795 58.4724 0.0197335 0.9998 -0.00329708 -1.74108 -0.99761 0.0194716 -0.0662957 54.5225 
-0.0674537 0.00753404 0.997694 59.523 0.0223333 0.999732 -0.00603945 -1.75973 -0.997472 0.0218744 -0.0676039 54.4739 
-0.0698025 0.00470693 0.99755 60.5871 0.0229112 0.999733 -0.003114 -1.77357 -0.997298 0.0226377 -0.0698917 54.4191 
-0.0724872 -0.000652772 0.997369 61.6607 0.0241024 0.999707 0.00240607 -1.7962 -0.997078 0.0242134 -0.0724502 54.355 
-0.0753739 -0.00327794 0.99715 62.7292 0.0254804 0.999662 0.00521228 -1.8074 -0.99683 0.0258007 -0.0752649 54.2866 
-0.0794141 -0.00227455 0.996839 63.7993 0.030247 0.999531 0.00469039 -1.81553 -0.996383 0.0305239 -0.0793081 54.2201 
-0.0827411 -0.00340851 0.996565 64.8683 0.0329895 0.999437 0.00615736 -1.82654 -0.996025 0.0333856 -0.0825821 54.1416 
-0.086307 -0.00511954 0.996255 65.9354 0.0372174 0.999272 0.00835928 -1.83725 -0.995573 0.0377995 -0.0860536 54.0587 
-0.0893218 -0.00459468 0.995992 67.0051 0.040476 0.999147 0.00823921 -1.84769 -0.99518 0.0410498 -0.0890595 53.9803 
-0.0914512 -0.000883948 0.995809 68.0606 0.0447209 0.998987 0.0049938 -1.86054 -0.994805 0.0449902 -0.091319 53.8938 
-0.0931343 0.0035909 0.995647 69.1275 0.0475977 0.998866 0.000849897 -1.87864 -0.994515 0.0474697 -0.0931996 53.8094 
-0.094245 0.00651008 0.995528 70.1937 0.0512035 0.998687 -0.00168335 -1.89113 -0.994231 0.0508159 -0.0944546 53.7221 
-0.0935993 0.00573504 0.995593 71.2385 0.0505145 0.998723 -0.00100398 -1.91425 -0.994328 0.0501979 -0.0937694 53.6433 
-0.0912039 0.00312656 0.995827 72.3163 0.0513569 0.998679 0.00156811 -1.93534 -0.994507 0.0512856 -0.091244 53.5728 
-0.0864896 -0.00021922 0.996253 73.3803 0.0547713 0.998487 0.00497472 -1.94903 -0.994746 0.0549963 -0.0863467 53.4924 
-0.0812395 -0.00297226 0.99669 74.4722 0.0549927 0.998459 0.00745999 -1.95867 -0.995176 0.0554168 -0.0809508 53.4256 
-0.0763179 -0.00639799 0.997063 75.5483 0.0562233 0.998361 0.0107098 -1.97226 -0.995497 0.0568755 -0.075833 53.3612 
-0.0717313 -0.00770154 0.997394 76.6142 0.0572695 0.998289 0.0118272 -1.98767 -0.995779 0.0579686 -0.0711674 53.3028 
-0.0680673 -0.0037623 0.997674 77.6862 0.0570889 0.99834 0.0076598 -2.00251 -0.996046 0.0574775 -0.0677395 53.2524 
-0.0657025 0.00113364 0.997839 78.7696 0.0558142 0.998438 0.0025408 -2.01147 -0.996277 0.0558605 -0.0656632 53.1996 
-0.0646019 0.000911883 0.997911 79.8302 0.0560963 0.998422 0.0027192 -2.02708 -0.996333 0.0561548 -0.0645511 53.1565 
-0.0628831 -0.00107661 0.99802 80.9021 0.056578 0.998387 0.0046419 -2.04484 -0.996416 0.0567579 -0.0627208 53.1003 
-0.0614291 0.00160632 0.99811 81.9985 0.0561739 0.998419 0.00185046 -2.07081 -0.996529 0.0561814 -0.0614222 53.0658 
-0.0595565 0.00723472 0.998199 83.0787 0.0564692 0.998397 -0.00386694 -2.08841 -0.996626 0.0561371 -0.0598695 53.0263 
-0.0573298 0.0104504 0.998301 84.145 0.0556635 0.998423 -0.00725506 -2.10911 -0.996802 0.055153 -0.0578211 52.9837 
-0.0548462 0.0099649 0.998445 85.2204 0.0565254 0.998378 -0.00685915 -2.13302 -0.996894 0.0560613 -0.0553204 52.9381 
-0.0515624 0.00672384 0.998647 86.3035 0.0539748 0.998535 -0.00393621 -2.15971 -0.99721 0.0536988 -0.0518498 52.91 
-0.0472853 0.00265052 0.998878 87.3978 0.0537666 0.998554 -0.000104397 -2.17736 -0.997433 0.0537013 -0.0473594 52.8783 
-0.0428672 -3.42068e-05 0.999081 88.5044 0.051811 0.998654 0.00225727 -2.20549 -0.997736 0.0518602 -0.0428077 52.8616 
-0.0394162 0.0041311 0.999214 89.5937 0.048366 0.998827 -0.00222155 -2.22368 -0.998052 0.0482405 -0.0395697 52.8461 
-0.0377976 0.0135165 0.999194 90.6794 0.0443727 0.998945 -0.0118346 -2.25052 -0.9983 0.0438897 -0.0383575 52.8326 
-0.0369656 0.0214566 0.999086 91.7493 0.0390892 0.999035 -0.0200092 -2.2831 -0.998552 0.0383138 -0.0377687 52.8201 
-0.0368262 0.0211506 0.999098 92.8303 0.0383536 0.999069 -0.0197362 -2.31202 -0.998585 0.0375922 -0.0376032 52.8112 
-0.0361132 0.0148085 0.999238 93.9278 0.0378181 0.999194 -0.013441 -2.35389 -0.998632 0.0373039 -0.0366442 52.7901 
-0.0375235 0.00893447 0.999256 95.0349 0.0396481 0.999186 -0.00744496 -2.38018 -0.998509 0.0393393 -0.0378472 52.7657 
-0.0393199 0.00286321 0.999223 96.1269 0.0380267 0.999276 -0.00136696 -2.40462 -0.998503 0.0379434 -0.0394003 52.7366 
-0.0415557 -0.00207657 0.999134 97.2218 0.0375145 0.99929 0.00363723 -2.42865 -0.998432 0.0376332 -0.0414483 52.7105 
-0.0436277 -0.00156208 0.999047 98.3144 0.0381725 0.999266 0.00322943 -2.44869 -0.998318 0.038277 -0.043536 52.6774 
-0.0453687 -0.00112364 0.99897 99.3892 0.0379189 0.999277 0.00284613 -2.46197 -0.99825 0.0380089 -0.0452932 52.6459 
-0.0467812 -0.00242304 0.998902 100.466 0.0391008 0.999226 0.00425506 -2.4789 -0.99814 0.0392569 -0.0466503 52.6069 
-0.0476702 -0.0007734 0.998863 101.541 0.0397342 0.999207 0.00267 -2.50191 -0.998073 0.0398163 -0.0476017 52.5697 
-0.0481771 0.00752241 0.998811 102.608 0.0407065 0.999156 -0.00556151 -2.523 -0.998009 0.0403901 -0.0484426 52.5326 
-0.0487483 0.0151627 0.998696 103.662 0.0375166 0.999207 -0.0133391 -2.55101 -0.998106 0.0368174 -0.0492785 52.5016 
-0.0500789 0.0156112 0.998623 104.726 0.0352678 0.999282 -0.0138528 -2.57793 -0.998122 0.0345255 -0.0505935 52.4688 
-0.0526858 0.00960146 0.998565 105.799 0.0307466 0.999495 -0.00798813 -2.61314 -0.998138 0.0302816 -0.0529544 52.4443 
-0.055611 0.00186854 0.998451 106.861 0.0245591 0.999698 -0.000502965 -2.63886 -0.99815 0.0244931 -0.0556401 52.4138 
-0.0576614 -0.00623616 0.998317 107.926 0.0233786 0.999698 0.00759514 -2.65585 -0.998062 0.0237772 -0.0574982 52.3756 
-0.0593273 -0.0127248 0.998158 108.98 0.0265699 0.999544 0.0143218 -2.66966 -0.997885 0.0273707 -0.0589621 52.3264 
-0.0610797 -0.0129809 0.998049 110.02 0.0250033 0.999582 0.014531 -2.67636 -0.99782 0.0258421 -0.0607296 52.2808 
-0.0616304 -0.00549931 0.998084 111.053 0.0289 0.999556 0.007292 -2.69094 -0.997681 0.0292941 -0.0614441 52.2267 
-0.061892 0.00904445 0.998042 112.07 0.0379204 0.999258 -0.00670385 -2.71164 -0.997362 0.0374312 -0.0621891 52.1629 
-0.0629202 0.0201043 0.997816 113.084 0.0427928 0.998932 -0.0174283 -2.73559 -0.997101 0.0416028 -0.0637133 52.1078 
-0.0634119 0.0172866 0.997838 114.118 0.0429176 0.998972 -0.0145788 -2.75896 -0.997064 0.0419004 -0.0640887 52.0677 
-0.0631608 0.00686554 0.99798 115.162 0.0451707 0.998971 -0.00401353 -2.78403 -0.996981 0.0448259 -0.0634059 52.0147 
-0.0625992 -0.0030354 0.998034 116.188 0.0455608 0.998944 0.00589589 -2.80407 -0.996998 0.0458403 -0.0623948 51.9639 
-0.0624662 -0.00851708 0.998011 117.21 0.0437477 0.998979 0.0112636 -2.81626 -0.997088 0.0443643 -0.0620298 51.9201 
-0.0630934 -0.0138413 0.997912 118.224 0.0404919 0.999045 0.0164172 -2.82106 -0.997186 0.0414432 -0.0624726 51.8862 
-0.0628122 -0.0171125 0.997879 119.235 0.0377343 0.999097 0.0195086 -2.8251 -0.997312 0.0388797 -0.0621097 51.8407 
-0.0626055 -0.0150135 0.997925 120.241 0.0369339 0.999167 0.0173493 -2.83195 -0.997355 0.0379434 -0.0619989 51.7952 
-0.0619437 -0.00796736 0.998048 121.245 0.0344702 0.999355 0.0101172 -2.83335 -0.997484 0.0350296 -0.0616291 51.7503 
-0.0615729 -0.00211416 0.9981 122.229 0.0345215 0.999395 0.00424658 -2.84458 -0.997505 0.0347174 -0.0614627 51.7058 
-0.0615384 0.00297658 0.9981 123.197 0.0346358 0.9994 -0.000844924 -2.86275 -0.997504 0.034518 -0.0616045 51.6629 
-0.0613389 0.00736592 0.99809 124.167 0.0363917 0.999324 -0.00513849 -2.88654 -0.997453 0.036007 -0.0615655 51.6164 
-0.0613246 0.0115 0.998052 125.133 0.035276 0.999334 -0.00934722 -2.92412 -0.997494 0.0346341 -0.0616894 51.5803 
-0.0612371 0.0108886 0.998064 126.098 0.0365457 0.999295 -0.00865972 -2.94602 -0.997454 0.0359446 -0.0615918 51.5348 
-0.0613306 0.0046757 0.998107 127.066 0.0354304 0.999369 -0.00250448 -2.96789 -0.997489 0.0352097 -0.0614575 51.4951 
-0.0620554 -0.00501368 0.99806 128.022 0.0332245 0.999423 0.00708633 -2.98732 -0.99752 0.0335998 -0.061853 51.4574 
-0.0630146 -0.0132382 0.997925 128.967 0.0278941 0.999498 0.0150205 -3.00299 -0.997623 0.0287828 -0.0626137 51.4191 
-0.0654985 -0.0162628 0.99772 129.888 0.0229726 0.999578 0.0178012 -3.0102 -0.997588 0.0240861 -0.0650973 51.3849 
-0.0671477 -0.0138471 0.997647 130.783 0.0183953 0.999717 0.0151139 -3.01903 -0.997573 0.0193669 -0.066874 51.346 
-0.0682162 -0.00697417 0.997646 131.658 0.015851 0.999842 0.00807341 -3.03055 -0.997545 0.0163645 -0.0680949 51.306 
-0.0689045 0.00053556 0.997623 132.519 0.0175109 0.999846 0.000672741 -3.04246 -0.99747 0.0175156 -0.0689033 51.2606 
-0.0675484 0.00628709 0.997696 133.36 0.0222378 0.999741 -0.00479434 -3.0613 -0.997468 0.0218628 -0.0676707 51.2129 
-0.0648029 0.00889115 0.997859 134.18 0.0252672 0.999654 -0.00726621 -3.08119 -0.997578 0.0247422 -0.0650052 51.1709 
-0.0602413 0.00835212 0.998149 134.989 0.0297132 0.999537 -0.00657041 -3.10137 -0.997742 0.0292624 -0.0604615 51.1328 
-0.0552645 0.00311867 0.998467 135.781 0.0323831 0.999475 -0.00132939 -3.12406 -0.997947 0.03226 -0.0553365 51.0988 
-0.0511708 -0.000916972 0.99869 136.552 0.0335042 0.999435 0.00263439 -3.14406 -0.998128 0.0335951 -0.0511112 51.0706 
-0.0468474 -0.000354416 0.998902 137.294 0.0337792 0.999427 0.00193885 -3.16319 -0.998331 0.0338329 -0.0468086 51.0504 
-0.0423936 0.00392997 0.999093 138.001 0.035287 0.999374 -0.00243374 -3.18287 -0.998478 0.0351518 -0.0425057 51.0347 
-0.0381275 0.00784494 0.999242 138.689 0.0354643 0.99935 -0.00649256 -3.19962 -0.998643 0.0351898 -0.0383809 51.028 
-0.0336484 0.00843067 0.999398 139.346 0.0369367 0.999292 -0.00718612 -3.21637 -0.998751 0.0366727 -0.0339359 51.0152 
-0.0295677 0.0079281 0.999531 139.968 0.0340396 0.999397 -0.00692005 -3.23878 -0.998983 0.033819 -0.0298197 51.0133 
-0.0257096 0.00698054 0.999645 140.565 0.0290451 0.999559 -0.00623289 -3.26119 -0.999247 0.0288746 -0.025901 51.016 
-0.0219116 0.00723726 0.999734 141.124 0.0242688 0.999683 -0.00670494 -3.28293 -0.999465 0.0241154 -0.0220803 51.0177 
-0.0190139 0.0105023 0.999764 141.666 0.0228424 0.999688 -0.0100671 -3.29875 -0.999558 0.0226456 -0.0192478 51.0187 
-0.0178575 0.0145775 0.999734 142.206 0.0213944 0.99967 -0.0141944 -3.3162 -0.999612 0.0211352 -0.0181635 51.0131 
-0.0182914 0.015858 0.999707 142.745 0.0180464 0.999717 -0.0155279 -3.32838 -0.99967 0.0177571 -0.0185724 51.0154 
-0.0198894 0.014003 0.999704 143.277 0.0120827 0.999832 -0.0137643 -3.34617 -0.999729 0.0118054 -0.0200553 51.0196 
-0.0216979 0.00979128 0.999717 143.82 0.00707991 0.999929 -0.00963965 -3.35923 -0.99974 0.00686875 -0.0217656 51.0168 
-0.0237782 0.00466701 0.999706 144.354 0.00596839 0.999972 -0.00452625 -3.37119 -0.999699 0.00585901 -0.0238054 51.0103 
-0.0258538 0.00152179 0.999665 144.88 0.00933373 0.999956 -0.0012808 -3.38686 -0.999622 0.00929748 -0.0258669 50.996 
-0.0280744 0.00358155 0.999599 145.39 0.0117908 0.999925 -0.00325153 -3.40558 -0.999536 0.0116948 -0.0281146 50.9823 
-0.0310604 0.00690675 0.999494 145.902 0.0114537 0.999913 -0.00655367 -3.41729 -0.999452 0.0112443 -0.0311368 50.9722 
-0.0339388 0.00860974 0.999387 146.403 0.00759355 0.999936 -0.00835655 -3.42785 -0.999395 0.00730528 -0.034002 50.9711 
-0.0363202 0.0103119 0.999287 146.896 0.0069402 0.999925 -0.0100661 -3.43567 -0.999316 0.00656965 -0.0363891 50.9664 
-0.0380853 0.0117697 0.999205 147.394 0.00862743 0.999897 -0.0114489 -3.44482 -0.999237 0.00818454 -0.0381829 50.9493 
-0.0411143 0.00910138 0.999113 147.889 0.00882278 0.999923 -0.00874565 -3.46074 -0.999116 0.00845538 -0.0411914 50.9376 
-0.0437408 0.00386431 0.999035 148.393 0.00828274 0.99996 -0.0035052 -3.47203 -0.999009 0.00812142 -0.043771 50.9267 
-0.0463381 0.000797657 0.998926 148.88 0.00730569 0.999973 -0.000459556 -3.47903 -0.998899 0.00727654 -0.0463427 50.9148 
-0.0489496 -0.000365138 0.998801 149.371 0.0049824 0.999987 0.000609792 -3.48924 -0.998789 0.00500627 -0.0489472 50.9012 
-0.0511606 -0.00187814 0.998689 149.859 0.00369093 0.999991 0.00206971 -3.50144 -0.998684 0.00379198 -0.0511532 50.89 
-0.0524896 -0.00372243 0.998615 150.349 0.00326727 0.999987 0.00389932 -3.51631 -0.998616 0.00346741 -0.0524767 50.8773 
-0.0536376 -0.00362599 0.998554 150.834 0.00243253 0.99999 0.00376191 -3.52173 -0.998558 0.00263079 -0.0536283 50.8657 
-0.0528675 -0.00167642 0.9986 151.316 0.00532422 0.999984 0.00196066 -3.52354 -0.998587 0.00542042 -0.0528577 50.8521 
-0.0477106 0.000719674 0.998861 151.789 0.00769284 0.99997 -0.000352984 -3.53502 -0.998832 0.00766723 -0.0477147 50.8311 
-0.0402886 0.0024926 0.999185 152.259 0.00799275 0.999966 -0.00217222 -3.54462 -0.999156 0.00789872 -0.0403071 50.823 
-0.0307188 0.0025202 0.999525 152.72 0.0057608 0.999981 -0.00234426 -3.5513 -0.999512 0.00568605 -0.0307327 50.8363 
-0.0154019 0.00165772 0.99988 153.178 0.00744683 0.999971 -0.00154312 -3.55546 -0.999854 0.00742217 -0.0154138 50.8506 
0.00679252 0.00200298 0.999975 153.628 0.0128796 0.999915 -0.0020903 -3.56048 -0.999894 0.0128935 0.00676614 50.8688 
0.0363481 0.00274557 0.999335 154.071 0.0195325 0.999803 -0.00345726 -3.56505 -0.999148 0.0196452 0.0362873 50.9033 
0.0725587 0.00197948 0.997362 154.506 0.0210895 0.999771 -0.00351849 -3.57439 -0.997141 0.0212892 0.0725003 50.9614 
0.113233 0.00167102 0.993567 154.936 0.0177302 0.999836 -0.00370216 -3.5885 -0.99341 0.0180354 0.113185 51.0469 
0.154992 0.00474226 0.987904 155.35 0.0131491 0.99989 -0.0068627 -3.60075 -0.987828 0.0140537 0.154912 51.1556 
0.196743 0.00950113 0.980409 155.762 0.0124448 0.999848 -0.0121868 -3.60682 -0.980376 0.0145987 0.196595 51.2726 
0.239122 0.0133904 0.970897 156.164 0.0136241 0.99976 -0.0171439 -3.61833 -0.970894 0.0173271 0.238882 51.4021 
0.281445 0.0160946 0.959442 156.56 0.0145502 0.999673 -0.0210376 -3.62431 -0.959467 0.019881 0.281119 51.5555 
0.322992 0.0182745 0.946225 156.946 0.0110081 0.999673 -0.0230643 -3.63182 -0.946338 0.0178658 0.322685 51.7296 
0.363488 0.0215543 0.93135 157.307 0.00357866 0.999693 -0.0245326 -3.64831 -0.931592 0.0122503 0.363299 51.9192 
0.403 0.0268847 0.914805 157.653 -0.00519164 0.99962 -0.0270901 -3.65638 -0.915185 0.00616801 0.402987 52.1282 
0.44253 0.0326677 0.896159 158.012 -0.00974219 0.999452 -0.0316222 -3.67404 -0.896701 0.00526322 0.442606 52.3484 
0.480848 0.0362978 0.876053 158.363 -0.010857 0.999313 -0.0354457 -3.69103 -0.876737 0.00753265 0.480911 52.5855 
0.518672 0.0356561 0.85423 158.718 -0.00966235 0.999311 -0.035845 -3.70391 -0.854919 0.0103379 0.518659 52.8412 
0.554657 0.0339773 0.831385 159.061 -0.0110905 0.999379 -0.0334439 -3.72159 -0.832006 0.00932944 0.554689 53.1142 
0.58811 0.0348214 0.808031 159.393 -0.0155961 0.999375 -0.0317159 -3.73814 -0.808631 0.00605032 0.588286 53.4147 
0.620044 0.0388652 0.783604 159.722 -0.0226125 0.999243 -0.0316677 -3.75712 -0.784241 0.00191615 0.620453 53.7319 
0.649994 0.0424959 0.75875 160.045 -0.0282032 0.999096 -0.0317964 -3.77441 -0.759416 -0.000731731 0.650605 54.0711 
0.677979 0.0435511 0.73379 160.374 -0.0285975 0.99905 -0.032872 -3.7974 -0.734525 0.00130195 0.678581 54.4201 
0.703368 0.0417832 0.709597 160.703 -0.0236984 0.999094 -0.0353392 -3.8075 -0.710431 0.00804016 0.703721 54.7792 
0.725946 0.0429908 0.686407 161.02 -0.0248903 0.999033 -0.036247 -3.82301 -0.687301 0.0092285 0.726314 55.1639 
0.745752 0.0468185 0.664577 161.336 -0.0315667 0.998891 -0.0349479 -3.84485 -0.665475 0.00508403 0.746402 55.5744 
0.762256 0.0492923 0.645396 161.647 -0.0391404 0.998782 -0.0300547 -3.86863 -0.646091 -0.00235166 0.763257 56.0019 
0.775444 0.0474132 0.629634 161.964 -0.040223 0.998861 -0.0256792 -3.88902 -0.630134 -0.00541293 0.776468 56.4405 
0.786378 0.042073 0.616311 162.294 -0.0359461 0.999104 -0.0223394 -3.90599 -0.616699 -0.00458679 0.787186 56.8853 
0.795733 0.0345073 0.604664 162.636 -0.0298269 0.999397 -0.0177821 -3.92466 -0.604913 -0.00388541 0.796282 57.3431 
0.803157 0.0275484 0.595131 162.976 -0.0246711 0.999611 -0.0129768 -3.94265 -0.595257 -0.00426013 0.803524 57.8196 
0.80977 0.0241766 0.586249 163.313 -0.0229143 0.999692 -0.00957573 -3.95876 -0.5863 -0.00567929 0.810074 58.3109 
0.816867 0.0211588 0.576438 163.653 -0.0206274 0.999759 -0.00746611 -3.97226 -0.576457 -0.00579157 0.817107 58.8201 
0.824183 0.0166559 0.566079 163.999 -0.0150383 0.999859 -0.00752397 -3.98411 -0.566124 -0.00231171 0.824317 59.3449 
0.830783 0.017276 0.556328 164.344 -0.0134012 0.999849 -0.0110365 -3.99685 -0.556435 0.00171355 0.83089 59.8873 
0.836376 0.0214889 0.547735 164.677 -0.0150638 0.999755 -0.0162207 -4.01319 -0.547949 0.0053157 0.836495 60.4384 
0.840727 0.0268437 0.540794 165.025 -0.0182894 0.999608 -0.0211851 -4.0301 -0.541151 0.00792007 0.840888 61.0147 
0.842868 0.0312933 0.53721 165.374 -0.021186 0.999463 -0.0249799 -4.04682 -0.537704 0.00967346 0.843078 61.6065 
0.842658 0.0360588 0.53724 165.734 -0.0264039 0.999322 -0.0256586 -4.06776 -0.537801 0.00743618 0.843039 62.2212 
0.840838 0.0363312 0.540066 166.11 -0.0290513 0.999336 -0.0219966 -4.09001 -0.540506 0.00280596 0.841335 62.8417 
0.838434 0.0374846 0.543713 166.501 -0.031183 0.999297 -0.0208076 -4.11808 -0.54411 0.000491285 0.839014 63.4703 
0.835743 0.038901 0.547742 166.905 -0.0333112 0.999242 -0.0201406 -4.14129 -0.54811 -0.00141352 0.836405 64.1061 
0.832548 0.0391028 0.552571 167.317 -0.0346832 0.999228 -0.018454 -4.15924 -0.552866 -0.00380107 0.833262 64.7644 
0.829379 0.0367764 0.557474 167.742 -0.0317956 0.999321 -0.0186211 -4.17342 -0.557781 -0.00228123 0.829985 65.4172 
0.826008 0.0340726 0.562628 168.181 -0.0303409 0.999412 -0.0159798 -4.19762 -0.562842 -0.00387115 0.826556 66.0732 
0.822148 0.0348648 0.568205 168.633 -0.0315822 0.999379 -0.0156243 -4.21479 -0.568397 -0.00509965 0.822739 66.751 
0.818679 0.0368585 0.573067 169.088 -0.0328496 0.99931 -0.0173448 -4.23882 -0.57331 -0.00462517 0.819325 67.4268 
0.815672 0.0378813 0.577273 169.554 -0.0316589 0.999281 -0.0208407 -4.26044 -0.577647 -0.00127663 0.816285 68.1028 
0.812761 0.0396091 0.581249 170.027 -0.0314652 0.999214 -0.0240934 -4.29043 -0.581747 0.00129308 0.813369 68.7929 
0.809791 0.0391954 0.585407 170.51 -0.031083 0.999231 -0.0239055 -4.31214 -0.585894 0.00116222 0.810387 69.4924 
0.807325 0.0359759 0.589009 171.008 -0.0320251 0.99934 -0.0171432 -4.33867 -0.589237 -0.0050229 0.807945 70.2078 
0.804921 0.032565 0.592488 171.51 -0.0322509 0.999418 -0.0111168 -4.3675 -0.592505 -0.0101601 0.805502 70.9184 
0.803201 0.0312396 0.594888 172.015 -0.0282235 0.999498 -0.0143804 -4.39999 -0.595039 -0.00523943 0.80368 71.6122 
0.801989 0.0363735 0.59623 172.514 -0.0266855 0.99933 -0.0250702 -4.43406 -0.596742 0.00419539 0.802422 72.2932 
0.800606 0.0389408 0.597924 173.017 -0.0245548 0.99918 -0.0321948 -4.46256 -0.598687 0.0110935 0.800906 72.9795 
0.799842 0.0353583 0.599168 173.526 -0.0203745 0.999288 -0.0317717 -4.50104 -0.599865 0.0132046 0.799993 73.6806 
0.799033 0.0295083 0.600562 174.036 -0.0176252 0.999515 -0.0256607 -4.53992 -0.601029 0.00991872 0.799166 74.3873 
0.79867 0.0252111 0.601241 174.551 -0.0144162 0.999637 -0.0227664 -4.5779 -0.601596 0.0095152 0.798744 75.0869 
0.799166 0.020299 0.600768 175.065 -0.0100477 0.999741 -0.0204137 -4.61566 -0.601026 0.0102776 0.799163 75.7725 
0.799458 0.016131 0.600505 175.575 -0.00479363 0.999779 -0.0204746 -4.6468 -0.600703 0.01349 0.799359 76.4662 
0.800317 0.0140238 0.599413 176.075 -0.00196066 0.999782 -0.020773 -4.68332 -0.599573 0.0154498 0.800171 77.1457 
0.801087 0.0165285 0.598319 176.571 -0.0015585 0.999673 -0.0255291 -4.71669 -0.598546 0.0195186 0.800851 77.8327 
0.80162 0.0165724 0.597604 177.064 0.0013686 0.999562 -0.029555 -4.75252 -0.597832 0.0245098 0.801247 78.5152 
0.801877 0.0138892 0.597328 177.555 0.00361369 0.999599 -0.028094 -4.78683 -0.597478 0.0246865 0.801505 79.1921 
0.801577 0.0120677 0.597769 178.046 0.00144241 0.999754 -0.0221171 -4.81778 -0.597889 0.0185908 0.801363 79.8821 
0.801076 0.00612577 0.598532 178.536 0.00194531 0.999916 -0.0128373 -4.8561 -0.59856 0.011448 0.800996 80.5601 
0.800783 0.00148609 0.598953 179.022 0.00408249 0.99996 -0.00793913 -4.88503 -0.598941 0.00880276 0.800745 81.2236 
0.800031 -0.00162547 0.599957 179.495 0.00712923 0.999952 -0.00679743 -4.91165 -0.599917 0.00971541 0.800004 81.8708 
0.799153 0.00223954 0.601123 179.954 0.00479122 0.999938 -0.0100949 -4.93536 -0.601108 0.0109475 0.799093 82.5038 
0.798092 0.0100217 0.602452 180.401 0.00175617 0.999819 -0.0189582 -4.96362 -0.602533 0.0161884 0.79793 83.1191 
0.796587 0.0141556 0.604358 180.831 0.00215447 0.999653 -0.0262542 -4.99877 -0.60452 0.0222158 0.79628 83.713 
0.794358 0.0140081 0.607289 181.255 0.0053951 0.999532 -0.0301127 -5.0282 -0.607426 0.0271967 0.79391 84.2877 
