1 2.12261e-08 -2.11895e-08 -2.64372e-15 2.12261e-08 1 2.10703e-08 -2.22045e-16 -2.11895e-08 2.10703e-08 1 -1.86517e-14 
0.999997 0.00246583 0.000447542 -0.0271052 -0.00246649 0.999996 0.00158527 -0.0174848 -0.000443674 -0.00158633 0.999999 0.771463 
0.999987 0.00506106 0.000667627 -0.0527732 -0.00506229 0.999985 0.00190906 -0.0296435 -0.000657998 -0.00191237 0.999998 1.54449 
0.999979 0.00635401 0.00106578 -0.0699514 -0.00635574 0.999978 0.00165993 -0.0460461 -0.00105525 -0.00166663 0.999998 2.28593 
0.999964 0.0084177 0.00131567 -0.0895747 -0.00841981 0.999963 0.00163785 -0.065587 -0.00130188 -0.00164883 0.999998 3.02348 
0.999964 0.00832199 0.00157065 -0.103359 -0.00832402 0.999965 0.00132157 -0.0777972 -0.00155964 -0.00133455 0.999998 3.74771 
0.999965 0.00827918 0.00123632 -0.103792 -0.00828247 0.999962 0.00271517 -0.102605 -0.00121383 -0.00272527 0.999996 4.44835 
0.999957 0.0089659 0.00219941 -0.120919 -0.00897705 0.999947 0.00513337 -0.110158 -0.00215331 -0.00515286 0.999984 5.14581 
0.999958 0.00857385 0.00317582 -0.123142 -0.00860232 0.999922 0.0090773 -0.11929 -0.00309779 -0.0091042 0.999954 5.81425 
0.99996 0.00770705 0.00456518 -0.131654 -0.00776463 0.999889 0.0127412 -0.131695 -0.00446652 -0.0127761 0.999908 6.45199 
0.999966 0.00651034 0.00512586 -0.131715 -0.00658556 0.999869 0.0148059 -0.139667 -0.00502884 -0.0148391 0.999877 7.07211 
0.999955 0.00727176 0.00612597 -0.135968 -0.00736178 0.999863 0.0148107 -0.149891 -0.00601748 -0.0148551 0.999872 7.66513 
0.999944 0.00788169 0.0070953 -0.14086 -0.00796849 0.999893 0.0122966 -0.159024 -0.00699766 -0.0123524 0.999899 8.22005 
0.999937 0.00794467 0.00793353 -0.144863 -0.00801961 0.999923 0.00946463 -0.164108 -0.00785777 -0.00952762 0.999924 8.7538 
0.999936 0.00630885 0.00936818 -0.142699 -0.00638468 0.999947 0.0080919 -0.169406 -0.00931667 -0.00815115 0.999923 9.26045 
0.999937 0.00255447 0.0109082 -0.130729 -0.00261872 0.999979 0.00588395 -0.176055 -0.010893 -0.0059121 0.999923 9.74383 
0.999918 0.000667345 0.0128041 -0.128455 -0.000726525 0.999989 0.00462122 -0.181899 -0.0128009 -0.0046301 0.999907 10.1886 
0.999877 0.00471399 0.0149858 -0.13417 -0.00475581 0.999985 0.00275922 -0.194061 -0.0149726 -0.00283011 0.999884 10.5995 
0.999804 0.00874653 0.0177594 -0.134188 -0.00878583 0.999959 0.0021381 -0.206051 -0.01774 -0.00229367 0.99984 10.9937 
0.999732 0.00923103 0.0212113 -0.132797 -0.00929473 0.999953 0.00290865 -0.205717 -0.0211835 -0.00310499 0.999771 11.3531 
0.999685 0.0052945 0.0245509 -0.124499 -0.00538023 0.99998 0.00342891 -0.211735 -0.0245323 -0.00355988 0.999693 11.6665 
0.999638 0.00076049 0.0269109 -0.110718 -0.000855029 0.999994 0.00350328 -0.21804 -0.0269082 -0.00352498 0.999632 11.9475 
0.999567 -0.00286139 0.0292722 -0.0977235 0.00272181 0.999985 0.00480833 -0.223568 -0.0292855 -0.00472654 0.99956 12.2143 
0.999485 -0.00308429 0.0319359 -0.0954279 0.00290166 0.999979 0.00576474 -0.228567 -0.0319531 -0.00566906 0.999473 12.4434 
0.999418 -0.00246378 0.0340297 -0.091153 0.00229694 0.999985 0.00494233 -0.235828 -0.0340414 -0.00486124 0.999409 12.6435 
0.999345 -0.00128284 0.0361586 -0.0873174 0.0011655 0.999994 0.00326728 -0.237028 -0.0361626 -0.00322296 0.999341 12.8283 
0.999262 0.000864631 0.038401 -0.0788652 -0.000971499 0.999996 0.00276551 -0.245326 -0.0383985 -0.00280073 0.999259 13.0076 
0.999191 0.0035802 0.0400654 -0.0778058 -0.00367101 0.999991 0.00219419 -0.252642 -0.0400572 -0.00233945 0.999195 13.1737 
0.99914 0.00502914 0.0411595 -0.0713032 -0.00506169 0.999987 0.00068778 -0.257177 -0.0411555 -0.000895484 0.999152 13.3321 
0.999062 0.00415686 0.0430923 -0.0648621 -0.00412377 0.999991 -0.000855846 -0.261693 -0.0430955 0.000677382 0.999071 13.4824 
0.999002 0.00267309 0.0445946 -0.0577346 -0.00257309 0.999994 -0.00229869 -0.264637 -0.0446005 0.00218169 0.999003 13.6308 
0.998953 0.00188986 0.0457171 -0.0487237 -0.00174675 0.999993 -0.00316903 -0.269746 -0.0457228 0.0030859 0.998949 13.7728 
0.998884 0.00297061 0.0471298 -0.0439991 -0.00275482 0.999985 -0.004642 -0.269785 -0.047143 0.00450702 0.998878 13.9012 
0.998821 0.00397199 0.0483738 -0.0391154 -0.00364587 0.99997 -0.00682715 -0.272539 -0.0483995 0.00664278 0.998806 14.0307 
0.998784 0.00355223 0.0491764 -0.0352711 -0.00311849 0.999956 -0.00889322 -0.274449 -0.0492059 0.00872909 0.998751 14.1598 
0.998749 0.0027641 0.0499276 -0.0309719 -0.0022161 0.999937 -0.0110272 -0.280339 -0.049955 0.0109028 0.998692 14.2794 
0.998774 0.00195688 0.0494605 -0.0257594 -0.00131998 0.999916 -0.0129054 -0.281949 -0.0494816 0.0128243 0.998693 14.406 
0.998875 0.00156367 0.0473905 -0.0218407 -0.000904798 0.999903 -0.0139204 -0.286078 -0.0474077 0.0138619 0.998779 14.5345 
0.99901 0.00150267 0.0444661 -0.0213596 -0.000840281 0.999889 -0.0149105 -0.2894 -0.0444836 0.0148584 0.9989 14.6615 
0.999185 0.00205209 0.0403168 -0.0236106 -0.00141365 0.999873 -0.0158565 -0.296615 -0.0403443 0.0157867 0.999061 14.7814 
0.999397 0.00252412 0.0346386 -0.0267848 -0.00193064 0.999851 -0.0171549 -0.296372 -0.0346768 0.0170778 0.999253 14.9097 
0.999615 0.00225675 0.027646 -0.0246935 -0.00176815 0.999842 -0.0176837 -0.302398 -0.0276816 0.017628 0.999461 15.0413 
0.999788 0.00234374 0.0204456 -0.0291469 -0.00196499 0.999827 -0.0185229 -0.305605 -0.0204855 0.0184788 0.999619 15.1708 
0.999921 0.0021438 0.012421 -0.042014 -0.00190401 0.999812 -0.0192815 -0.311677 -0.0124601 0.0192563 0.999737 15.3016 
0.999997 0.00107112 0.00229779 -0.0506767 -0.00102361 0.999788 -0.0205597 -0.311966 -0.00231937 0.0205573 0.999786 15.4454 
0.999943 -0.000125839 -0.0107015 -0.0678028 -0.00011165 0.999754 -0.0221927 -0.314266 0.0107016 0.0221927 0.999696 15.5897 
0.999638 -0.000636865 -0.0269072 -0.0911412 -9.26658e-06 0.999712 -0.0240079 -0.319401 0.0269147 0.0239995 0.99935 15.7523 
0.998929 -0.000408038 -0.0462611 -0.12004 -0.000747896 0.999688 -0.024968 -0.324615 0.0462568 0.0249759 0.998617 15.9291 
0.997677 0.000384729 -0.0681277 -0.158899 -0.00207205 0.999693 -0.0246988 -0.328038 0.0680972 0.0247826 0.997371 16.1244 
0.995757 0.00128589 -0.0920107 -0.204415 -0.00344081 0.999723 -0.0232659 -0.331952 0.0919553 0.0234839 0.995486 16.3381 
0.992905 0.00175222 -0.1189 -0.258649 -0.00437323 0.999753 -0.0217868 -0.339493 0.118833 0.0221522 0.992667 16.5738 
0.988782 0.00311386 -0.149336 -0.327139 -0.00612246 0.999787 -0.0196913 -0.343633 0.149243 0.0203847 0.98859 16.8176 
0.983243 0.00304611 -0.182276 -0.417379 -0.00613825 0.999847 -0.0164025 -0.347807 0.182198 0.0172465 0.983111 17.0817 
0.9757 0.00426728 -0.219071 -0.517479 -0.00717985 0.999896 -0.0125009 -0.351699 0.218995 0.01377 0.975629 17.351 
0.965819 0.00635346 -0.259141 -0.6328 -0.00849904 0.999938 -0.00716019 -0.352451 0.25908 0.00911795 0.965813 17.643 
0.953514 0.00976462 -0.30119 -0.759765 -0.0110547 0.999936 -0.00257941 -0.353231 0.301145 0.00578913 0.953561 17.9308 
0.938889 0.0128962 -0.343979 -0.906006 -0.0131085 0.999913 0.00170842 -0.35534 0.343971 0.00290507 0.938976 18.2319 
0.921626 0.0157325 -0.38776 -1.06799 -0.0138971 0.999875 0.00753714 -0.362992 0.38783 -0.00155764 0.92173 18.5316 
0.901726 0.0188145 -0.431899 -1.24611 -0.0135764 0.999792 0.0152081 -0.367319 0.432096 -0.00784984 0.901794 18.8328 
0.87913 0.022834 -0.476036 -1.44817 -0.0142478 0.999664 0.0216383 -0.364558 0.47637 -0.0122404 0.87916 19.1483 
0.853477 0.0276047 -0.520399 -1.67457 -0.0164257 0.999525 0.0260811 -0.362752 0.520872 -0.0137117 0.853525 19.4477 
0.824583 0.0306078 -0.564912 -1.91707 -0.0171477 0.999429 0.0291206 -0.355824 0.565481 -0.0143254 0.824637 19.7421 
0.792861 0.0339937 -0.608453 -2.19071 -0.019383 0.999345 0.0305749 -0.349921 0.609094 -0.0124479 0.793001 20.0268 
0.758098 0.0361685 -0.651137 -2.48382 -0.0193259 0.999268 0.0330054 -0.337917 0.651854 -0.0124375 0.758243 20.3172 
0.719676 0.0395953 -0.693181 -2.79963 -0.0198337 0.999138 0.0364801 -0.323686 0.694027 -0.0125054 0.71984 20.6083 
0.679757 0.0406251 -0.732312 -3.14957 -0.0175692 0.99908 0.0391157 -0.306572 0.733227 -0.013723 0.679845 20.8822 
0.638034 0.0405228 -0.768942 -3.52618 -0.0147757 0.999075 0.0403905 -0.294102 0.769867 -0.0144088 0.638042 21.1492 
0.59448 0.0394845 -0.80314 -3.92763 -0.00928927 0.999064 0.0422407 -0.281475 0.804057 -0.0176506 0.594291 21.4079 
0.548853 0.0395973 -0.83498 -4.35128 -0.00436772 0.999 0.0445046 -0.265658 0.835907 -0.0207795 0.548477 21.652 
0.501364 0.0410062 -0.864264 -4.80601 -0.00230278 0.998936 0.04606 -0.247123 0.865233 -0.0211026 0.500925 21.8735 
0.451292 0.040469 -0.891458 -5.27842 -0.00136829 0.999001 0.0446583 -0.223395 0.892375 -0.0189341 0.450897 22.0627 
0.398806 0.0394444 -0.916187 -5.77193 0.00363689 0.998999 0.0445927 -0.203522 0.917028 -0.0211159 0.398263 22.2327 
0.34469 0.038839 -0.937913 -6.2982 0.00860871 0.998971 0.0445312 -0.1847 0.938677 -0.0234236 0.344001 22.3897 
0.290774 0.0377028 -0.956049 -6.8428 0.0111792 0.999021 0.0427976 -0.160988 0.956726 -0.0231323 0.290068 22.5091 
0.236438 0.0434929 -0.970673 -7.42024 0.0119746 0.998791 0.0476696 -0.133276 0.971573 -0.0228942 0.235631 22.6152 
0.184743 0.0484855 -0.98159 -8.01996 0.0144777 0.99854 0.0520475 -0.106621 0.98268 -0.0238265 0.183771 22.6863 
0.136244 0.0496064 -0.989433 -8.63979 0.019726 0.998412 0.0527728 -0.078549 0.990479 -0.0267075 0.135049 22.741 
0.0916281 0.0509224 -0.99449 -9.27497 0.0220923 0.998342 0.0531551 -0.057554 0.995548 -0.0268411 0.0903512 22.7673 
0.0512699 0.048978 -0.997483 -9.9221 0.0216928 0.998506 0.0501432 -0.0304959 0.998449 -0.024209 0.0501309 22.7634 
0.0157891 0.0444428 -0.998887 -10.5872 0.0189986 0.998818 0.04474 0.00297466 0.999695 -0.0196838 0.0149261 22.7361 
-0.0128843 0.0442258 -0.998939 -11.2705 0.0166486 0.998892 0.044009 0.0340032 0.999778 -0.0160639 -0.0136063 22.6952 
-0.0338073 0.0482177 -0.998265 -11.9843 0.0151281 0.998746 0.0477286 0.0634543 0.999314 -0.0134883 -0.0344944 22.6438 
-0.0467537 0.0540616 -0.997442 -12.7094 0.0166257 0.998438 0.0533363 0.092581 0.998768 -0.0140894 -0.0475795 22.5882 
-0.0551117 0.0565168 -0.996879 -13.4615 0.0165419 0.998311 0.0556835 0.127337 0.998343 -0.0134214 -0.0559535 22.5329 
-0.0586409 0.0538972 -0.996823 -14.2248 0.0176751 0.998441 0.0529449 0.15518 0.998123 -0.0145142 -0.0595021 22.4695 
-0.0577907 0.0501672 -0.997067 -15.0052 0.0248827 0.998499 0.048797 0.189278 0.998019 -0.0219897 -0.0589523 22.4143 
-0.0537361 0.0487576 -0.997364 -15.8009 0.0367564 0.998227 0.0468194 0.229829 0.997878 -0.0341436 -0.055433 22.3773 
-0.0480726 0.0491065 -0.997636 -16.6352 0.0374036 0.998179 0.0473309 0.25439 0.998143 -0.0350398 -0.0498218 22.3186 
-0.0427958 0.0476976 -0.997945 -17.4922 0.0358112 0.998291 0.0461784 0.27889 0.998442 -0.0337614 -0.0444307 22.2614 
-0.0396292 0.0416288 -0.998347 -18.3498 0.0391888 0.998428 0.0400765 0.308675 0.998446 -0.0375358 -0.0411983 22.2212 
-0.0375946 0.0307714 -0.998819 -19.2018 0.0369601 0.998885 0.0293823 0.333462 0.998609 -0.0358118 -0.03869 22.177 
-0.0372944 0.0221489 -0.999059 -20.1064 0.0295471 0.999342 0.0210521 0.358306 0.998867 -0.0287341 -0.0379243 22.1208 
-0.0379636 0.0190975 -0.999097 -21.0252 0.0237269 0.999553 0.0182047 0.381555 0.998997 -0.0230143 -0.0383998 22.046 
-0.0415037 0.0249143 -0.998828 -21.9744 0.014792 0.999595 0.0243188 0.3927 0.999029 -0.0137653 -0.0418554 21.9744 
-0.0470671 0.0329242 -0.998349 -22.9627 0.0101877 0.999421 0.0324793 0.41207 0.99884 -0.00864212 -0.0473752 21.9063 
-0.0520451 0.0422861 -0.997749 -23.9809 0.00870304 0.999084 0.0418887 0.445101 0.998607 -0.00650331 -0.0523654 21.8348 
-0.0539461 0.0520991 -0.997184 -25.0208 0.00787534 0.998629 0.0517486 0.487507 0.998513 -0.00506148 -0.0542825 21.7676 
-0.0551633 0.0600215 -0.996672 -26.0487 0.00958845 0.998177 0.0595815 0.52661 0.998431 -0.00626978 -0.0556383 21.6951 
-0.0566316 0.0609741 -0.996532 -27.0673 0.0105552 0.998114 0.0604711 0.574733 0.998339 -0.00709394 -0.0571684 21.6157 
-0.0582683 0.0581463 -0.996606 -28.0878 0.00908219 0.998292 0.0577137 0.621084 0.99826 -0.00568845 -0.0586969 21.5314 
-0.0609426 0.0534008 -0.996712 -29.1033 0.00855184 0.998559 0.0529769 0.660963 0.998105 -0.00529513 -0.0613115 21.4466 
-0.0656616 0.0480693 -0.996683 -30.1271 0.00888392 0.998828 0.0475875 0.698744 0.997802 -0.00572974 -0.0660117 21.3609 
-0.0712736 0.0435887 -0.996504 -31.1313 0.00944276 0.999029 0.0430238 0.730775 0.997412 -0.00634325 -0.071616 21.274 
-0.0782192 0.0416044 -0.996068 -32.1655 0.0086658 0.99912 0.0410513 0.761614 0.996899 -0.00542068 -0.0785109 21.1647 
-0.0851014 0.0443125 -0.995386 -33.223 0.00882923 0.999005 0.0437187 0.791734 0.996333 -0.00506793 -0.085408 21.0591 
-0.0911352 0.0492465 -0.99462 -34.2996 0.00755615 0.998782 0.0487602 0.827203 0.99581 -0.00307168 -0.0913963 20.9262 
-0.0976632 0.0516425 -0.993879 -35.3724 0.00507949 0.998666 0.0513921 0.869708 0.995207 -2.92434e-05 -0.0977952 20.7997 
-0.102165 0.0542199 -0.993289 -36.4437 0.00153341 0.998521 0.0543478 0.909005 0.994766 0.00402937 -0.102097 20.6607 
-0.104794 0.0550727 -0.992968 -37.5254 -0.00284715 0.998445 0.0556769 0.955649 0.99449 0.00866179 -0.104475 20.5175 
-0.106698 0.0560404 -0.992711 -38.5999 -0.00641937 0.998351 0.0570488 1.00182 0.994271 0.0124596 -0.106162 20.3788 
-0.107905 0.0554987 -0.992611 -39.6804 -0.00793803 0.998361 0.0566831 1.04958 0.99413 0.0139958 -0.107287 20.2196 
-0.108725 0.0543757 -0.992584 -40.7885 -0.00826778 0.998419 0.055601 1.10275 0.994038 0.0142517 -0.108104 20.0596 
-0.109518 0.0537569 -0.99253 -41.8808 -0.00967352 0.998432 0.0551439 1.14685 0.993938 0.0156405 -0.108826 19.9086 
-0.110123 0.0527502 -0.992517 -42.9726 -0.0120705 0.998446 0.0544046 1.19157 0.993845 0.0179713 -0.109315 19.7578 
-0.110559 0.0500012 -0.992611 -44.0555 -0.016464 0.998505 0.0521318 1.23576 0.993733 0.022106 -0.10957 19.6048 
-0.110882 0.0450048 -0.992814 -45.1406 -0.0214221 0.998634 0.0476611 1.27707 0.993603 0.026553 -0.109767 19.4514 
-0.110588 0.0447746 -0.992857 -46.2443 -0.0228185 0.998607 0.0475755 1.31086 0.993604 0.0279169 -0.109413 19.3133 
-0.109466 0.0483226 -0.992815 -47.3538 -0.0231269 0.998423 0.0511455 1.36004 0.993722 0.0285595 -0.108175 19.1761 
-0.107226 0.0513719 -0.992907 -48.4636 -0.0235835 0.998252 0.0541953 1.40222 0.993955 0.0292274 -0.105827 19.0288 
-0.105578 0.0512541 -0.993089 -49.5707 -0.0220469 0.998305 0.0538671 1.4462 0.994167 0.0275818 -0.104269 18.8899 
-0.103302 0.0503583 -0.993374 -50.6766 -0.021303 0.998376 0.0528271 1.49187 0.994422 0.026619 -0.102061 18.7563 
-0.0993086 0.0505857 -0.99377 -51.8224 -0.0256841 0.998244 0.0533801 1.54145 0.994725 0.0308253 -0.097835 18.616 
-0.0936297 0.0515346 -0.994272 -52.9615 -0.0308771 0.998029 0.054637 1.58431 0.995128 0.0358159 -0.0918539 18.4812 
-0.0879535 0.0508781 -0.994824 -54.0921 -0.0350141 0.99792 0.0541321 1.63188 0.995509 0.0395941 -0.0859891 18.3556 
-0.0823522 0.0503513 -0.995331 -55.2088 -0.0364261 0.997904 0.0534953 1.6735 0.995937 0.0406615 -0.0803455 18.2405 
-0.0767671 0.0498426 -0.995802 -56.3435 -0.0357727 0.997969 0.0527088 1.71546 0.996407 0.0396688 -0.0748281 18.1362 
-0.0717456 0.0499833 -0.99617 -57.4843 -0.0338241 0.998047 0.0525136 1.75559 0.996849 0.0374622 -0.0699149 18.0388 
-0.0666894 0.0503535 -0.996502 -58.6336 -0.0328141 0.998075 0.052629 1.80463 0.997234 0.0362092 -0.0649087 17.9515 
-0.061935 0.0523075 -0.996709 -59.7858 -0.0322414 0.998 0.0543787 1.84797 0.997559 0.0355033 -0.0601247 17.8662 
-0.0566287 0.0537958 -0.996945 -60.937 -0.0327249 0.997911 0.0557068 1.89122 0.997859 0.0357796 -0.05475 17.7846 
-0.051906 0.0529468 -0.997247 -62.0937 -0.0323523 0.99798 0.0546696 1.93955 0.998128 0.035101 -0.0500882 17.7132 
-0.0474743 0.0487484 -0.997682 -63.2393 -0.0316821 0.998232 0.0502828 1.982 0.99837 0.0339958 -0.0458459 17.6419 
-0.0434357 0.0434395 -0.998111 -64.3911 -0.0312355 0.998507 0.044816 2.02213 0.998568 0.0331232 -0.042014 17.5799 
-0.0394305 0.0426163 -0.998313 -65.5512 -0.0318657 0.998528 0.043884 2.06421 0.998714 0.0335423 -0.0380144 17.5073 
-0.0363567 0.0450619 -0.998322 -66.7221 -0.0310098 0.998451 0.046197 2.09745 0.998858 0.0326374 -0.0349031 17.4502 
-0.0339037 0.0444909 -0.998434 -67.892 -0.031575 0.998462 0.0455643 2.1385 0.998926 0.0330704 -0.0324468 17.38 
-0.0320246 0.0440443 -0.998516 -69.0708 -0.0336369 0.998415 0.0451187 2.18057 0.998921 0.0350319 -0.0304924 17.3047 
-0.0310011 0.0451184 -0.998501 -70.2435 -0.0346998 0.99833 0.046188 2.21357 0.998917 0.0360797 -0.0293837 17.2444 
-0.0299898 0.0444198 -0.998563 -71.4221 -0.0354928 0.998335 0.0454756 2.25454 0.99892 0.0368057 -0.0283632 17.1875 
-0.0283543 0.0420758 -0.998712 -72.5981 -0.0364394 0.998406 0.0430975 2.29587 0.998934 0.0376145 -0.0267759 17.1218 
-0.0278013 0.0406155 -0.998788 -73.7953 -0.0344531 0.998542 0.0415645 2.33399 0.99902 0.0355669 -0.0263614 17.0698 
-0.0277205 0.0404702 -0.998796 -74.9713 -0.0309569 0.998666 0.0413241 2.36659 0.999136 0.0320652 -0.0264307 17.0251 
-0.0274634 0.0413967 -0.998765 -76.1546 -0.0285397 0.998702 0.0421789 2.39793 0.999215 0.0296628 -0.0262464 16.9757 
-0.0272082 0.0443046 -0.998648 -77.3353 -0.0286231 0.998573 0.0450811 2.42838 0.99922 0.029811 -0.0259012 16.9218 
-0.0265918 0.0474172 -0.998521 -78.5265 -0.0315031 0.998339 0.0482474 2.46957 0.99915 0.0327396 -0.0250539 16.8667 
-0.0261777 0.0473871 -0.998534 -79.7004 -0.0337456 0.998265 0.048259 2.50495 0.999088 0.0349595 -0.0245332 16.8124 
-0.0259372 0.045157 -0.998643 -80.8651 -0.0354674 0.998309 0.046063 2.54109 0.999034 0.036614 -0.0242917 16.7559 
-0.0256174 0.0428246 -0.998754 -82.0356 -0.0344568 0.998451 0.0436954 2.57261 0.999078 0.0355333 -0.0241021 16.7064 
-0.0260272 0.0423426 -0.998764 -83.2227 -0.0311045 0.998585 0.0431455 2.60141 0.999177 0.0321891 -0.0246733 16.6667 
-0.0263899 0.043627 -0.998699 -84.3973 -0.0292876 0.998585 0.0443959 2.63905 0.999223 0.0304212 -0.0250748 16.6239 
-0.025945 0.0466522 -0.998574 -85.5701 -0.0293425 0.998445 0.0474085 2.66775 0.999233 0.0305307 -0.0245357 16.5696 
-0.0253429 0.0488966 -0.998482 -86.741 -0.0298578 0.998321 0.0496465 2.7047 0.999233 0.0310707 -0.0238404 16.5185 
-0.025625 0.0492117 -0.99846 -87.9426 -0.0310484 0.998267 0.049999 2.74278 0.999189 0.0322818 -0.0240526 16.4701 
-0.0251543 0.0471643 -0.99857 -89.1029 -0.030155 0.998396 0.0479157 2.77567 0.999229 0.0313172 -0.0236917 16.4186 
-0.0249058 0.045628 -0.998648 -90.2729 -0.0282743 0.998526 0.0463276 2.8134 0.99929 0.0293899 -0.023579 16.3718 
-0.0247579 0.0466814 -0.998603 -91.4449 -0.0271277 0.99851 0.0473496 2.84938 0.999325 0.0282621 -0.0234546 16.3206 
-0.0246865 0.0494501 -0.998472 -92.624 -0.0245232 0.998445 0.0500551 2.8933 0.999394 0.0257215 -0.0234355 16.2774 
-0.0250104 0.0523053 -0.998318 -93.8007 -0.0234665 0.998324 0.0528935 2.92455 0.999412 0.0247499 -0.0237411 16.2391 
-0.0243643 0.0540864 -0.998239 -94.9869 -0.0241593 0.998212 0.0546746 2.96754 0.999411 0.0254489 -0.023014 16.1897 
-0.0242887 0.0556323 -0.998156 -96.1509 -0.0266676 0.998059 0.0562758 3.0174 0.999349 0.0279853 -0.0227579 16.1398 
-0.0238809 0.0548377 -0.99821 -97.3139 -0.0283841 0.998055 0.0555082 3.05686 0.999312 0.0296589 -0.0222779 16.0897 
-0.0243912 0.0508454 -0.998409 -98.4757 -0.0307732 0.998194 0.0515863 3.10002 0.999229 0.0319825 -0.0227825 16.0428 
-0.0246359 0.0489968 -0.998495 -99.6316 -0.0316458 0.998259 0.049766 3.13983 0.999196 0.0328243 -0.0230425 16.0022 
-0.0247754 0.0472839 -0.998574 -100.798 -0.0312566 0.998356 0.048049 3.18098 0.999204 0.0324025 -0.0232568 15.9616 
-0.0247981 0.0477003 -0.998554 -101.956 -0.0298848 0.998379 0.0484341 3.22237 0.999246 0.0310427 -0.0233324 15.9162 
-0.025265 0.0497796 -0.998441 -103.104 -0.0297582 0.998279 0.0505246 3.2619 0.999238 0.0309884 -0.0237402 15.8706 
-0.0257335 0.0521291 -0.998309 -104.266 -0.0284276 0.998197 0.052856 3.29951 0.999265 0.0297397 -0.0242052 15.8272 
-0.0266118 0.050885 -0.99835 -105.433 -0.0320471 0.998147 0.0517289 3.34648 0.999132 0.0333709 -0.0249317 15.7791 
-0.0270661 0.0517621 -0.998293 -106.612 -0.0358137 0.997967 0.0527162 3.39388 0.998992 0.0371795 -0.0251573 15.7246 
-0.0275595 0.0509272 -0.998322 -107.781 -0.0388231 0.997893 0.0519771 3.43612 0.998866 0.0401905 -0.0255243 15.6678 
-0.0281459 0.0471304 -0.998492 -108.943 -0.039605 0.998051 0.048226 3.47351 0.998819 0.0409027 -0.0262244 15.6178 
-0.028972 0.0430241 -0.998654 -110.114 -0.0393879 0.998248 0.0441493 3.51375 0.998804 0.040614 -0.0272267 15.5611 
-0.0303576 0.041892 -0.998661 -111.302 -0.0357888 0.998435 0.0429704 3.55412 0.998898 0.0370453 -0.0288108 15.5146 
-0.0307277 0.041269 -0.998676 -112.52 -0.0311388 0.998623 0.0422249 3.59304 0.999043 0.0323951 -0.0294003 15.4566 
-0.0314557 0.0432708 -0.998568 -113.734 -0.0304737 0.998557 0.0442302 3.62758 0.999041 0.0318214 -0.0300917 15.4029 
-0.0324671 0.0473828 -0.998349 -114.962 -0.0296943 0.998389 0.0483503 3.6659 0.999032 0.0312151 -0.0310078 15.3463 
-0.0330228 0.0476405 -0.998319 -116.21 -0.0285107 0.998412 0.0485881 3.71032 0.999048 0.0300673 -0.0316121 15.2849 
-0.0335587 0.0433466 -0.998496 -117.451 -0.0287926 0.998602 0.0443189 3.75404 0.999022 0.0302366 -0.0322637 15.2185 
-0.0344134 0.0394417 -0.998629 -118.698 -0.0290325 0.99876 0.0404473 3.79808 0.998986 0.0303847 -0.0332256 15.1455 
-0.0352453 0.0376995 -0.998667 -119.961 -0.028001 0.998859 0.0386949 3.83984 0.998986 0.0293275 -0.0341495 15.076 
-0.035811 0.0387704 -0.998606 -121.214 -0.0301102 0.998752 0.0398559 3.87931 0.998905 0.0314956 -0.0345989 15.0043 
-0.0365059 0.043233 -0.998398 -122.478 -0.0350755 0.998393 0.0445153 3.91417 0.998718 0.0366444 -0.0349308 14.9299 
-0.036979 0.0464857 -0.998234 -123.745 -0.0402791 0.998036 0.0479686 3.95079 0.998504 0.0419818 -0.035034 14.8541 
-0.0372858 0.0463883 -0.998227 -125 -0.0481067 0.997681 0.0481598 3.98591 0.998146 0.0498171 -0.0349677 14.7731 
-0.0370702 0.0441526 -0.998337 -126.272 -0.0512494 0.997625 0.0460241 4.03057 0.997998 0.0528703 -0.0347194 14.6944 
-0.0379669 0.0429107 -0.998357 -127.529 -0.053159 0.997576 0.0448987 4.06769 0.997864 0.0547764 -0.0355938 14.6245 
-0.0391184 0.0424684 -0.998332 -128.793 -0.0529862 0.997603 0.0445135 4.10108 0.997829 0.0546392 -0.0367744 14.5563 
-0.0400157 0.0419168 -0.998319 -130.055 -0.0505434 0.997756 0.0439191 4.13264 0.99792 0.052216 -0.0378072 14.4925 
-0.0406753 0.04239 -0.998273 -131.328 -0.0507573 0.997722 0.0444348 4.17244 0.997882 0.0524771 -0.038431 14.4223 
-0.0419669 0.0476044 -0.997984 -132.619 -0.0504832 0.997487 0.0497036 4.21316 0.997843 0.0524673 -0.0394582 14.3578 
-0.0430345 0.0518722 -0.997726 -133.891 -0.0493483 0.997322 0.0539797 4.25436 0.997854 0.0515591 -0.0403595 14.2943 
-0.0436989 0.0504955 -0.997768 -135.13 -0.0488846 0.997417 0.0526187 4.29722 0.997848 0.0510749 -0.0411176 14.228 
-0.0429712 0.0488483 -0.997881 -136.394 -0.0485721 0.997521 0.0509223 4.34991 0.997895 0.0506574 -0.040492 14.1482 
-0.0421422 0.0483089 -0.997943 -137.651 -0.047369 0.997611 0.0502931 4.39071 0.997988 0.0493911 -0.0397532 14.0795 
-0.0416518 0.0474087 -0.998007 -138.906 -0.0473605 0.997657 0.0493686 4.43368 0.998009 0.0493225 -0.0393089 14.0073 
-0.0411665 0.0498858 -0.997906 -140.161 -0.047688 0.997517 0.0518336 4.46897 0.998014 0.049722 -0.0386853 13.9333 
-0.0407951 0.0535642 -0.997731 -141.423 -0.0483249 0.997288 0.0555164 4.51509 0.997998 0.0504801 -0.038096 13.8656 
-0.0392842 0.0544821 -0.997742 -142.687 -0.0499867 0.997155 0.0564182 4.56433 0.997977 0.0520902 -0.0364491 13.7856 
-0.0386352 0.05192 -0.997904 -143.932 -0.0517183 0.997207 0.053886 4.6092 0.997914 0.0536918 -0.035842 13.7143 
-0.0388246 0.0487707 -0.998055 -145.179 -0.0504525 0.997439 0.0507031 4.65638 0.997972 0.0523229 -0.0362645 13.6471 
-0.0387097 0.0471882 -0.998136 -146.43 -0.0479938 0.997644 0.0490262 4.70198 0.998097 0.0498022 -0.0363537 13.5788 
-0.0390035 0.0466418 -0.99815 -147.673 -0.0463975 0.997748 0.048436 4.74188 0.998161 0.0482009 -0.0367516 13.5073 
-0.0398119 0.0471636 -0.998094 -148.915 -0.0438584 0.99784 0.048901 4.78152 0.998244 0.0457217 -0.0376574 13.4458 
-0.0405672 0.0460484 -0.998115 -150.16 -0.0415727 0.997995 0.0477325 4.81943 0.998312 0.0434308 -0.0385715 13.3839 
-0.0413055 0.0464023 -0.998069 -151.404 -0.0407341 0.998012 0.0480855 4.85733 0.998316 0.0426417 -0.0393332 13.3207 
-0.0420585 0.0492453 -0.997901 -152.66 -0.0381653 0.997976 0.0508576 4.90071 0.998386 0.0402242 -0.040094 13.2564 
-0.0423093 0.0506924 -0.997818 -153.902 -0.0356274 0.998 0.0522123 4.94566 0.998469 0.0377588 -0.0404187 13.1855 
-0.0423613 0.0494497 -0.997878 -155.134 -0.0333664 0.998147 0.0508795 4.98679 0.998545 0.035451 -0.0406328 13.1085 
-0.0437172 0.0495762 -0.997813 -156.349 -0.0343391 0.998103 0.0510952 5.03025 0.998454 0.0364978 -0.0419318 13.0402 
-0.0442967 0.0539821 -0.997559 -157.597 -0.0349964 0.997842 0.0555514 5.07815 0.998405 0.0373717 -0.0423119 12.9701 
-0.043857 0.0602186 -0.997221 -158.839 -0.0399884 0.997276 0.0619806 5.12985 0.998237 0.0425956 -0.0413295 12.8884 
-0.0438024 0.0602775 -0.99722 -160.059 -0.0444467 0.997072 0.0622209 5.18012 0.998051 0.0470486 -0.040995 12.8135 
-0.0429664 0.0562447 -0.997492 -161.282 -0.0480424 0.997143 0.0582944 5.23472 0.997921 0.0504266 -0.0401415 12.7397 
-0.0415354 0.0506477 -0.997853 -162.515 -0.0501772 0.997348 0.0527107 5.28644 0.997876 0.0522589 -0.0388839 12.6651 
-0.0411684 0.0486022 -0.997969 -163.756 -0.0523375 0.99734 0.0507306 5.3348 0.997781 0.0543198 -0.0385152 12.5941 
-0.0407297 0.0456936 -0.998125 -164.962 -0.0467375 0.997773 0.0475847 5.3736 0.998077 0.048588 -0.0385034 12.5396 
-0.0405942 0.0415695 -0.998311 -166.172 -0.0446919 0.998059 0.0433763 5.40863 0.998176 0.0463773 -0.0386576 12.4678 
-0.0421253 0.0385453 -0.998369 -167.382 -0.0381089 0.998466 0.0401571 5.43979 0.998385 0.0397384 -0.0405918 12.4172 
-0.0426825 0.0410614 -0.998245 -168.624 -0.0353587 0.998467 0.0425824 5.48421 0.998463 0.0371142 -0.0411651 12.3348 
-0.042741 0.0477386 -0.997945 -169.867 -0.0358134 0.998143 0.0492819 5.51661 0.998444 0.0378462 -0.0409519 12.2722 
-0.0409405 0.0506412 -0.997877 -171.092 -0.0376362 0.997928 0.0521879 5.56247 0.998453 0.0396929 -0.0389497 12.19 
-0.0394586 0.0476416 -0.998085 -172.307 -0.0389103 0.998032 0.0491774 5.60217 0.998463 0.0407763 -0.0375272 12.1212 
-0.0394547 0.0472609 -0.998103 -173.537 -0.0413275 0.997949 0.0488873 5.65146 0.998366 0.043178 -0.0374206 12.0589 
-0.0384858 0.0490113 -0.998057 -174.753 -0.0396471 0.997935 0.0505342 5.68229 0.998472 0.0415149 -0.0364631 11.9926 
-0.0383559 0.0471542 -0.998151 -175.957 -0.039838 0.99802 0.0486788 5.71814 0.99847 0.0416315 -0.0364014 11.9269 
-0.0363483 0.0460857 -0.998276 -177.131 -0.0410627 0.998024 0.0475692 5.74949 0.998495 0.042721 -0.0343841 11.8535 
-0.0351337 0.0475773 -0.99825 -178.291 -0.0423831 0.997897 0.0490521 5.78362 0.998484 0.0440323 -0.0330433 11.7968 
-0.0336396 0.0497625 -0.998194 -179.418 -0.0425382 0.997783 0.0511755 5.80852 0.998528 0.044183 -0.0314483 11.735 
-0.0335072 0.0512336 -0.998124 -180.521 -0.0429109 0.997691 0.0526519 5.83584 0.998517 0.0445946 -0.0312313 11.6824 
-0.0338085 0.0527369 -0.998036 -181.595 -0.043633 0.997577 0.0541907 5.86215 0.998475 0.0453794 -0.0314255 11.6295 
-0.0344385 0.0538291 -0.997956 -182.647 -0.0431689 0.997536 0.0552962 5.89182 0.998474 0.044985 -0.0320299 11.5742 
-0.0343226 0.0529296 -0.998008 -183.674 -0.0425939 0.997612 0.0543734 5.92601 0.998503 0.0443754 -0.0319862 11.5268 
-0.0334927 0.0530552 -0.99803 -184.675 -0.0440161 0.997543 0.0545065 5.95438 0.998469 0.045755 -0.0310751 11.4793 
-0.0326859 0.0539074 -0.998011 -185.638 -0.0442458 0.997487 0.0553282 5.98335 0.998486 0.0459663 -0.0302185 11.4405 
-0.0337705 0.0523263 -0.998059 -186.586 -0.0423731 0.997656 0.0537389 6.01118 0.998531 0.0441056 -0.0314741 11.3953 
-0.0372131 0.0494754 -0.998082 -187.53 -0.0400969 0.997895 0.0509611 6.03773 0.998503 0.0419164 -0.035151 11.3464 
-0.0423558 0.046013 -0.998043 -188.467 -0.0400875 0.998056 0.0477149 6.06773 0.998298 0.0420301 -0.0404289 11.2895 
-0.0478235 0.0429249 -0.997933 -189.414 -0.0417685 0.998116 0.0449345 6.0967 0.997982 0.0438311 -0.0459405 11.2315 
-0.05231 0.0420193 -0.997747 -190.332 -0.0438316 0.998055 0.0443303 6.12461 0.997669 0.0460518 -0.0503665 11.1649 
-0.0554439 0.0425618 -0.997554 -191.258 -0.0453963 0.99795 0.0451019 6.15302 0.997429 0.0477859 -0.0533981 11.0939 
-0.0581404 0.0446413 -0.99731 -192.194 -0.044194 0.997905 0.0472443 6.1777 0.99733 0.046822 -0.0560457 11.0275 
-0.060494 0.0461479 -0.997101 -193.124 -0.0414811 0.997952 0.0487039 6.20944 0.997306 0.0443072 -0.0584558 10.9684 
-0.062455 0.0468942 -0.996946 -194.049 -0.0398291 0.997983 0.0494381 6.23618 0.997253 0.0427952 -0.0604613 10.9047 
-0.0635512 0.0456335 -0.996935 -194.959 -0.0403399 0.99802 0.0482547 6.26549 0.997163 0.0432829 -0.0615845 10.83 
-0.0648432 0.0443823 -0.996908 -195.87 -0.0420336 0.998002 0.047165 6.29364 0.99701 0.044962 -0.0628481 10.7589 
-0.0645538 0.0432905 -0.996975 -196.779 -0.0457086 0.997882 0.0462895 6.32436 0.996867 0.0485585 -0.0624383 10.6743 
-0.0639579 0.0412525 -0.9971 -197.684 -0.0484292 0.99784 0.0443896 6.35388 0.996777 0.0511279 -0.0618219 10.5987 
-0.063484 0.0388282 -0.997227 -198.597 -0.0489726 0.997918 0.0419727 6.37715 0.996781 0.0515015 -0.0614503 10.527 
-0.063169 0.0361682 -0.997347 -199.515 -0.0488819 0.998032 0.039289 6.40342 0.996805 0.0512341 -0.0612767 10.4515 
-0.0630088 0.0355883 -0.997378 -200.438 -0.0496801 0.998013 0.0387495 6.43079 0.996776 0.0519914 -0.0611156 10.3797 
-0.0624527 0.0381305 -0.997319 -201.378 -0.0472857 0.998035 0.0411189 6.46043 0.996927 0.0497269 -0.0605269 10.3054 
-0.0625498 0.039384 -0.997265 -202.317 -0.0467126 0.998011 0.0423433 6.48558 0.996948 0.0492334 -0.0605856 10.2294 
-0.0617605 0.0357147 -0.997452 -203.251 -0.0417537 0.998392 0.0383337 6.51051 0.997217 0.0440149 -0.06017 10.1594 
-0.0616288 0.0324515 -0.997571 -204.195 -0.040717 0.998558 0.034999 6.54056 0.997268 0.0427751 -0.0602186 10.0866 
-0.061629 0.0323694 -0.997574 -205.14 -0.0452425 0.998356 0.0351898 6.56906 0.997073 0.0473015 -0.0600632 10.0092 
-0.0601274 0.0360211 -0.997541 -206.103 -0.0461645 0.998179 0.0388268 6.59449 0.997123 0.0483856 -0.058355 9.92977 
-0.057973 0.0354258 -0.997689 -207.08 -0.0439691 0.99831 0.0380028 6.6245 0.997349 0.0460706 -0.0563174 9.85055 
-0.0559035 0.0368724 -0.997755 -208.051 -0.0429271 0.998305 0.0392979 6.65183 0.997513 0.0450277 -0.0542259 9.78186 
-0.054324 0.0415769 -0.997657 -209.046 -0.0433374 0.998093 0.0439548 6.68277 0.997583 0.0456238 -0.0524185 9.70575 
-0.0526663 0.0458525 -0.997559 -210.045 -0.0406647 0.998018 0.0480205 6.71222 0.997784 0.0430945 -0.0506974 9.63714 
-0.0511959 0.0462268 -0.997618 -211.045 -0.0402213 0.998022 0.0483096 6.74789 0.997878 0.0425988 -0.0492353 9.5676 
-0.0489152 0.0466792 -0.997712 -212.047 -0.0438661 0.997843 0.048836 6.78635 0.997839 0.0461546 -0.0467621 9.49188 
-0.0459616 0.0481586 -0.997782 -213.06 -0.0462122 0.997665 0.0502817 6.82408 0.997874 0.0484207 -0.0436288 9.42135 
-0.0426634 0.0478434 -0.997943 -214.085 -0.0477359 0.997614 0.0498684 6.86584 0.997948 0.0497653 -0.0402777 9.36114 
-0.0396619 0.0450405 -0.998198 -215.122 -0.0506188 0.99761 0.0470253 6.90536 0.99793 0.0523927 -0.0372873 9.29987 
-0.0367081 0.0421302 -0.998438 -216.151 -0.0508633 0.997737 0.0439706 6.9383 0.998031 0.0523979 -0.0344822 9.23974 
-0.0351663 0.0413021 -0.998528 -217.196 -0.0498115 0.997831 0.0430275 6.96938 0.998139 0.0512513 -0.0330327 9.18451 
-0.0338791 0.0434858 -0.998479 -218.248 -0.0508191 0.997686 0.0451756 7.00593 0.998133 0.0522724 -0.0315908 9.13084 
-0.0324928 0.0468197 -0.998375 -219.31 -0.052499 0.997443 0.0484847 7.03699 0.998092 0.0539891 -0.0299517 9.0681 
-0.0314963 0.0468047 -0.998407 -220.372 -0.0525346 0.997445 0.0484169 7.06874 0.998122 0.0539759 -0.0289569 9.02187 
-0.0307467 0.0440694 -0.998555 -221.441 -0.0515509 0.997628 0.0456158 7.10618 0.998197 0.052879 -0.028402 8.96787 
-0.031406 0.0413721 -0.99865 -222.525 -0.0486794 0.997894 0.0428716 7.13897 0.998321 0.0499602 -0.0293258 8.93351 
-0.0314444 0.0400973 -0.998701 -223.619 -0.0474081 0.998011 0.0415623 7.17936 0.998381 0.0486535 -0.0294809 8.8823 
-0.031446 0.0394354 -0.998727 -224.71 -0.0473685 0.99804 0.0408997 7.20335 0.998382 0.0485944 -0.0295163 8.82462 
-0.0311179 0.0389086 -0.998758 -225.803 -0.0468364 0.998088 0.0403417 7.23986 0.998418 0.0480336 -0.0292361 8.77424 
-0.0311832 0.0396826 -0.998726 -226.916 -0.0491133 0.997944 0.041185 7.27189 0.998306 0.050335 -0.0291702 8.71051 
-0.0312363 0.041914 -0.998633 -228.031 -0.0497334 0.997818 0.0434354 7.30629 0.998274 0.0510222 -0.0290837 8.64775 
-0.0320502 0.0439352 -0.99852 -229.163 -0.0509673 0.997662 0.0455333 7.33944 0.998186 0.0523512 -0.029736 8.58106 
-0.0333064 0.0449949 -0.998432 -230.322 -0.0515605 0.997579 0.0466765 7.39008 0.998114 0.0530344 -0.0309058 8.53967 
-0.034244 0.0462158 -0.998344 -231.461 -0.053811 0.997396 0.0480176 7.42432 0.997964 0.0553662 -0.0316679 8.47708 
-0.0351295 0.0447097 -0.998382 -232.621 -0.055492 0.99737 0.0466169 7.46721 0.997841 0.0570399 -0.0325561 8.40361 
-0.0362558 0.0401555 -0.998535 -233.776 -0.0539748 0.997655 0.0420799 7.50926 0.997884 0.0554215 -0.0340034 8.33901 
-0.0374671 0.0346173 -0.998698 -234.94 -0.0508845 0.998037 0.0365034 7.53666 0.998002 0.0521859 -0.035632 8.26932 
-0.0400338 0.0302301 -0.998741 -236.124 -0.0459952 0.998427 0.0320643 7.56958 0.998139 0.047221 -0.0385804 8.21457 
-0.0421641 0.0308439 -0.998635 -237.322 -0.039265 0.9987 0.0325038 7.59088 0.998339 0.0405819 -0.0408982 8.1495 
-0.0443682 0.0353101 -0.998391 -238.53 -0.0348749 0.998711 0.0368713 7.61337 0.998406 0.0364547 -0.0430796 8.07821 
-0.0464511 0.0379346 -0.9982 -239.742 -0.032672 0.998686 0.0394734 7.64082 0.998386 0.0344468 -0.0451507 7.99572 
-0.0487227 0.0378382 -0.998095 -240.953 -0.0302557 0.998768 0.0393406 7.66367 0.998354 0.0321149 -0.0475179 7.92148 
-0.0503981 0.0386985 -0.997979 -242.167 -0.0305029 0.998723 0.0402678 7.69396 0.998263 0.0324707 -0.0491534 7.825 
-0.0520207 0.0401518 -0.997839 -243.394 -0.0304309 0.998664 0.0417715 7.73464 0.998182 0.0325381 -0.0507293 7.73212 
-0.0544262 0.0398914 -0.997721 -244.617 -0.0296512 0.998696 0.0415479 7.76844 0.998077 0.0318449 -0.0531724 7.64675 
-0.0570259 0.0388079 -0.997618 -245.835 -0.0298412 0.998732 0.040557 7.79558 0.997927 0.032083 -0.0557955 7.55397 
-0.0593436 0.0384739 -0.997496 -247.054 -0.0294697 0.998754 0.0402757 7.82753 0.997803 0.0317861 -0.0581359 7.46027 
-0.0615948 0.0392557 -0.997329 -248.301 -0.0293265 0.998724 0.0411218 7.86359 0.99767 0.0317811 -0.0603649 7.36211 
-0.064109 0.0397319 -0.997152 -249.548 -0.0298354 0.998684 0.0417112 7.89321 0.997497 0.0324245 -0.0628393 7.2628 
-0.066512 0.0405351 -0.996962 -250.799 -0.0307439 0.998617 0.0426534 7.93012 0.997312 0.0334875 -0.0651738 7.15254 
-0.0691613 0.042245 -0.996711 -252.055 -0.0323443 0.998483 0.0445644 7.96422 0.997081 0.0353201 -0.06769 7.04762 
-0.0705852 0.0429807 -0.996579 -253.309 -0.0338594 0.998392 0.0454571 8.00235 0.996931 0.0369522 -0.0690164 6.93476 
-0.0716819 0.0430459 -0.996498 -254.564 -0.0364856 0.998287 0.0457477 8.04243 0.99676 0.0396372 -0.0699885 6.8199 
-0.071957 0.0430187 -0.99648 -255.849 -0.0370668 0.998264 0.0457724 8.08571 0.996719 0.04023 -0.0702375 6.70754 
-0.0722195 0.0418198 -0.996512 -257.125 -0.0362059 0.998352 0.044521 8.1249 0.996731 0.0392949 -0.0705863 6.59161 
-0.0723079 0.0411071 -0.996535 -258.388 -0.033312 0.998493 0.0436049 8.15913 0.996826 0.0363496 -0.0708296 6.48211 
-0.072242 0.0409135 -0.996548 -259.651 -0.0321854 0.998542 0.0433286 8.19517 0.996868 0.0352045 -0.0708199 6.36116 
-0.0722258 0.0412146 -0.996536 -260.918 -0.0319526 0.998537 0.0436132 8.23195 0.996876 0.0349919 -0.0708032 6.24878 
-0.0724592 0.0411894 -0.996521 -262.175 -0.031119 0.998567 0.0435368 8.26528 0.996886 0.0341654 -0.0710736 6.14083 
-0.0719915 0.0419229 -0.996524 -263.442 -0.030807 0.998546 0.0442335 8.30459 0.996929 0.0338844 -0.0705953 6.0169 
-0.0724046 0.0430405 -0.996446 -264.719 -0.0281155 0.998583 0.0451758 8.34124 0.996979 0.0312866 -0.0710919 5.9091 
-0.0726789 0.0456621 -0.99631 -265.972 -0.0237499 0.998589 0.0474991 8.37815 0.997073 0.0271144 -0.0714918 5.80404 
-0.0729007 0.0493656 -0.996117 -267.222 -0.0207628 0.998483 0.0510024 8.41524 0.997123 0.0244003 -0.0717651 5.68774 
-0.0731112 0.0522225 -0.995956 -268.474 -0.0181349 0.998393 0.0536816 8.45289 0.997159 0.0219863 -0.0720467 5.58193 
-0.0732068 0.0502405 -0.996051 -269.703 -0.018365 0.998493 0.0517135 8.49938 0.997148 0.0220783 -0.0721738 5.47577 
-0.0731446 0.0484667 -0.996143 -270.945 -0.0204086 0.998537 0.0500817 8.54356 0.997113 0.0239931 -0.0720484 5.35667 
-0.0735995 0.0511982 -0.995973 -272.168 -0.0261914 0.998238 0.0532501 8.58453 0.996944 0.0300051 -0.0721289 5.23233 
-0.0738136 0.057047 -0.995639 -273.401 -0.0319033 0.997717 0.0595312 8.62949 0.996762 0.0361584 -0.0718251 5.11139 
-0.0740639 0.0563454 -0.99566 -274.631 -0.0353492 0.997627 0.0590862 8.67815 0.996627 0.039572 -0.0718964 4.99882 
-0.0739414 0.0495687 -0.99603 -275.842 -0.0347485 0.998029 0.0522478 8.72594 0.996657 0.0384738 -0.0720733 4.88454 
-0.0742852 0.0441946 -0.996257 -277.066 -0.0318091 0.998404 0.0466616 8.76873 0.99673 0.0351564 -0.0727609 4.76569 
-0.0740781 0.0434122 -0.996307 -278.298 -0.0260149 0.998628 0.0454476 8.8082 0.996913 0.0292855 -0.0728471 4.64951 
-0.0732037 0.0454212 -0.996282 -279.518 -0.022526 0.998632 0.0471835 8.84159 0.997063 0.0258963 -0.0720804 4.53961 
-0.0718263 0.0471966 -0.9963 -280.749 -0.0214359 0.998576 0.0488498 8.88496 0.997187 0.0248654 -0.0707123 4.43149 
-0.0708826 0.0494256 -0.996259 -281.956 -0.0222837 0.998444 0.0511194 8.9236 0.997236 0.0258238 -0.0696709 4.32662 
-0.0698253 0.0506329 -0.996273 -283.174 -0.0236036 0.998348 0.0523926 8.96778 0.99728 0.027174 -0.0685148 4.21125 
-0.0689403 0.0516625 -0.996282 -284.386 -0.0250639 0.998253 0.053499 9.01111 0.997306 0.028659 -0.0675251 4.09973 
-0.0683598 0.0510406 -0.996354 -285.613 -0.0247929 0.998295 0.0528411 9.05251 0.997353 0.0283147 -0.0669778 3.99213 
-0.0681148 0.0495265 -0.996447 -286.839 -0.0256103 0.998351 0.0513718 9.09559 0.997349 0.0290185 -0.0667341 3.87937 
-0.0678387 0.0484352 -0.99652 -288.059 -0.0254079 0.998413 0.0502569 9.13488 0.997373 0.0287288 -0.0665004 3.76985 
-0.0683094 0.0482376 -0.996497 -289.291 -0.0256646 0.998415 0.0500897 9.17601 0.997334 0.0289963 -0.0669631 3.67535 
-0.0680355 0.0478768 -0.996534 -290.512 -0.0262737 0.998416 0.049761 9.21971 0.997337 0.0295681 -0.0666698 3.56692 
-0.0681929 0.0482356 -0.996505 -291.722 -0.0266266 0.998387 0.0501488 9.25828 0.997317 0.0299534 -0.0667985 3.45784 
-0.0678398 0.0482446 -0.996529 -292.957 -0.0257851 0.998412 0.0500911 9.30411 0.997363 0.0290938 -0.0664881 3.35008 
-0.0684629 0.046822 -0.996554 -294.175 -0.0243346 0.998523 0.0485862 9.32693 0.997357 0.0275772 -0.0672224 3.26025 
-0.0688852 0.0445615 -0.996629 -295.416 -0.0237261 0.998646 0.0462916 9.3593 0.997342 0.0268349 -0.0677347 3.16105 
-0.0690347 0.0418646 -0.996735 -296.644 -0.0249641 0.998734 0.0436776 9.39554 0.997302 0.0278979 -0.0679021 3.0448 
-0.0696969 0.0402149 -0.996757 -297.883 -0.0266745 0.998755 0.0421606 9.43378 0.997212 0.0295265 -0.0685374 2.94188 
-0.0702297 0.0403425 -0.996715 -299.107 -0.0298231 0.99865 0.0425222 9.46515 0.997085 0.0327115 -0.0689318 2.82523 
-0.0705482 0.0411768 -0.996658 -300.351 -0.0331134 0.9985 0.0435968 9.50281 0.996959 0.0360785 -0.0690789 2.70151 
-0.0708554 0.0419589 -0.996604 -301.596 -0.0368223 0.998324 0.0446492 9.54059 0.996807 0.039861 -0.0691916 2.57936 
-0.0707719 0.0416563 -0.996622 -302.834 -0.0381423 0.998284 0.0444343 9.58079 0.996763 0.0411582 -0.0690616 2.45442 
-0.0706604 0.0396986 -0.99671 -304.056 -0.037644 0.99839 0.0424342 9.61011 0.99679 0.0405186 -0.0690522 2.3219 
-0.0710643 0.0378291 -0.996754 -305.308 -0.0359158 0.998536 0.0404574 9.64387 0.996825 0.0386743 -0.0696016 2.21141 
-0.0723499 0.0374251 -0.996677 -306.561 -0.0328611 0.998664 0.0398851 9.67774 0.996838 0.0356376 -0.0710234 2.1032 
-0.0734994 0.0396412 -0.996507 -307.827 -0.0306051 0.998649 0.0419838 9.70766 0.996826 0.0335841 -0.0721869 1.99792 
