1 2.12261e-08 -2.11895e-08 0 2.12261e-08 1 2.10703e-08 0 -2.11895e-08 2.10703e-08 1 0 
0.999935 -0.00311352 0.0109421 0.0183544 0.00309884 0.999994 0.00136266 -0.0102876 -0.0109464 -0.00132862 0.999939 0.28624 
0.999834 -0.00518071 0.0174967 0.0279781 0.00515722 0.999986 0.00138998 -0.0141862 -0.0175037 -0.00129947 0.999846 0.585101 
0.999783 -0.00792217 0.0192739 0.0377601 0.00792316 0.999969 2.69608e-05 -0.0164676 -0.0192736 0.000125797 0.999814 0.885597 
0.999822 -0.0093313 0.0163991 0.0494712 0.00934944 0.999956 -0.00102722 -0.0244932 -0.0163888 0.0011804 0.999865 1.19193 
0.999879 -0.0121611 0.00966658 0.0420436 0.0121888 0.999922 -0.00280328 -0.0215398 -0.00963177 0.0029208 0.999949 1.51101 
0.9999 -0.0137724 -0.00323788 0.0403478 0.0137582 0.999896 -0.00436735 -0.0294951 0.00329765 0.00432241 0.999985 1.83678 
0.999722 -0.0130468 -0.0196593 0.0136213 0.0129582 0.999905 -0.0046277 -0.0353653 0.0197177 0.00437171 0.999796 2.182 
0.999192 -0.00857592 -0.0392658 -0.0239556 0.00839636 0.999954 -0.00473664 -0.0386003 0.0393046 0.00440316 0.999218 2.53154 
0.998231 -0.00526487 -0.0592293 -0.0681685 0.00492124 0.99997 -0.00594681 -0.0445092 0.0592588 0.00564485 0.998227 2.88909 
0.996793 -0.00481199 -0.0798821 -0.111561 0.00431509 0.99997 -0.00639233 -0.0475576 0.0799104 0.00602717 0.996784 3.2599 
0.994825 -0.00648556 -0.101394 -0.163809 0.00595188 0.999967 -0.00556541 -0.0539983 0.101426 0.00493317 0.994831 3.63793 
0.992613 -0.00760066 -0.121086 -0.2285 0.00705167 0.999963 -0.00496212 -0.0570395 0.121119 0.00407165 0.99263 4.02612 
0.99023 -0.00685552 -0.139273 -0.302879 0.0062976 0.99997 -0.00444651 -0.0630037 0.139299 0.00352603 0.990244 4.4272 
0.987904 -0.00569344 -0.154963 -0.38786 0.00512363 0.999979 -0.0040765 -0.0655156 0.154983 0.00323327 0.987912 4.84045 
0.985679 -0.00542334 -0.168546 -0.478666 0.00481019 0.99998 -0.00404618 -0.0759884 0.168565 0.00317754 0.985685 5.26073 
0.983521 -0.00697768 -0.18066 -0.576769 0.00623258 0.99997 -0.00469185 -0.0842189 0.180687 0.0034886 0.983534 5.68747 
0.981673 -0.0100857 -0.190307 -0.672894 0.00887233 0.999935 -0.00722681 -0.0892274 0.190367 0.00540594 0.981698 6.13344 
0.980045 -0.00954117 -0.198549 -0.776596 0.00785399 0.999926 -0.00928357 -0.0934968 0.198623 0.00753896 0.980047 6.59703 
0.97854 -0.00930453 -0.205847 -0.893718 0.00718152 0.999913 -0.0110585 -0.100947 0.205932 0.00934292 0.978522 7.07146 
0.976823 -0.0096476 -0.21383 -1.01395 0.00677592 0.999877 -0.0141588 -0.107528 0.21394 0.0123818 0.976768 7.54911 
0.975009 -0.0138902 -0.22173 -1.13402 0.0106933 0.999821 -0.0156122 -0.121369 0.221908 0.012851 0.974983 8.04968 
0.973113 -0.0197158 -0.229481 -1.26187 0.0162647 0.999725 -0.0169209 -0.133636 0.229752 0.0127336 0.973166 8.55396 
0.97114 -0.0200675 -0.237666 -1.40803 0.0158295 0.99968 -0.0197269 -0.148868 0.237985 0.0153955 0.971147 9.05469 
0.969084 -0.0157525 -0.246226 -1.5752 0.0101914 0.999664 -0.0238434 -0.162439 0.246519 0.0205969 0.968919 9.57858 
0.966973 -0.0126046 -0.254566 -1.74812 0.00582232 0.999608 -0.0273786 -0.174628 0.254812 0.0249923 0.966668 10.1209 
0.964776 -0.0141965 -0.26269 -1.91294 0.0067776 0.999553 -0.029127 -0.198874 0.262986 0.0263207 0.964441 10.6702 
0.962296 -0.017218 -0.271459 -2.07943 0.0089661 0.99946 -0.0316097 -0.215774 0.271856 0.027984 0.961931 11.2396 
0.960149 -0.0160003 -0.27903 -2.26952 0.00679768 0.999402 -0.0339175 -0.243827 0.279406 0.0306691 0.959683 11.8004 
0.957764 -0.0144674 -0.287191 -2.46626 0.00380907 0.999284 -0.0376365 -0.271708 0.28753 0.034953 0.957134 12.3899 
0.955468 -0.0155417 -0.294685 -2.67014 0.00293554 0.999063 -0.0431728 -0.297387 0.29508 0.0403852 0.954619 12.9948 
0.953663 -0.0167906 -0.30041 -2.87588 0.0015513 0.998703 -0.0508952 -0.330221 0.300875 0.0480709 0.952451 13.5967 
0.952274 -0.0173475 -0.304752 -3.09259 -0.000715522 0.998254 -0.0590599 -0.36837 0.305244 0.0564593 0.950599 14.211 
0.95099 -0.0177853 -0.308711 -3.31724 -0.00336026 0.997691 -0.0678301 -0.411605 0.309204 0.0655431 0.948734 14.8417 
0.949635 -0.016684 -0.312913 -3.5451 -0.00784852 0.997002 -0.0769775 -0.460017 0.313259 0.0755565 0.946657 15.4746 
0.948436 -0.0156315 -0.316584 -3.79138 -0.0115668 0.996411 -0.083851 -0.518488 0.316758 0.0831892 0.944851 16.1245 
0.946868 -0.0138453 -0.321326 -4.03876 -0.0160736 0.995787 -0.0902718 -0.58518 0.321222 0.0906403 0.942656 16.7729 
0.945161 -0.0126901 -0.326358 -4.29117 -0.0197907 0.995183 -0.0960125 -0.653355 0.326004 0.0972061 0.940358 17.4418 
0.943749 -0.0104178 -0.3305 -4.56038 -0.0245133 0.994549 -0.101348 -0.726987 0.329754 0.103749 0.938349 18.082 
0.941921 -0.00749147 -0.335751 -4.83384 -0.0293637 0.994085 -0.104558 -0.800148 0.334549 0.108344 0.93613 18.7751 
0.940184 -0.00600168 -0.340614 -5.11272 -0.0321186 0.993829 -0.106167 -0.878922 0.339149 0.110757 0.93419 19.4739 
0.938118 -0.00568019 -0.346268 -5.3923 -0.0328198 0.993907 -0.10522 -0.963907 0.344756 0.110073 0.932216 20.1675 
0.935807 -0.00557041 -0.35247 -5.68926 -0.0332096 0.994035 -0.103881 -1.04612 0.350946 0.108918 0.93004 20.8867 
0.933306 -0.00543312 -0.359041 -5.98506 -0.0335543 0.994191 -0.102267 -1.12777 0.357511 0.107494 0.927702 21.6021 
0.930291 -0.00395342 -0.366801 -6.29897 -0.0349746 0.994431 -0.0994215 -1.20906 0.365152 0.10532 0.924971 22.3231 
0.926902 -0.00265765 -0.375293 -6.60856 -0.0348552 0.995043 -0.0931324 -1.29717 0.37368 0.0994056 0.922216 23.0553 
0.923291 0.000907832 -0.3841 -6.94394 -0.0375784 0.995413 -0.0879774 -1.37818 0.382258 0.0956627 0.91909 23.8044 
0.919708 0.00390805 -0.392583 -7.28603 -0.0397719 0.995734 -0.0832618 -1.4601 0.390583 0.0921904 0.91594 24.5466 
0.915952 0.00478498 -0.40126 -7.64821 -0.0407589 0.995867 -0.0811643 -1.53554 0.399214 0.0906976 0.912361 25.298 
0.912082 0.00454345 -0.409982 -8.01251 -0.04121 0.995891 -0.0806428 -1.60934 0.407931 0.0904483 0.908521 26.0467 
0.908265 0.00518408 -0.418363 -8.39332 -0.0422626 0.995946 -0.079411 -1.67724 0.416255 0.0898074 0.904802 26.8067 
0.904379 0.00665546 -0.426678 -8.77999 -0.0439863 0.996006 -0.0776965 -1.75264 0.424457 0.0890351 0.90106 27.5711 
0.900464 0.00510846 -0.434901 -9.17072 -0.0418297 0.996313 -0.0749058 -1.82819 0.432914 0.0856418 0.897358 28.3508 
0.896696 0.00601684 -0.442606 -9.59658 -0.0418159 0.996587 -0.071169 -1.89228 0.440667 0.082325 0.893887 29.1526 
0.893022 0.00871841 -0.449929 -10.027 -0.0428146 0.996923 -0.0656612 -1.95754 0.447972 0.0779004 0.890648 29.9416 
0.889371 0.00888193 -0.4571 -10.4598 -0.0415793 0.997239 -0.0615227 -2.02319 0.455292 0.0737224 0.887285 30.7267 
0.885812 0.00857067 -0.463965 -10.902 -0.0409716 0.997369 -0.0597998 -2.08704 0.462232 0.0719808 0.883833 31.5231 
0.882742 0.00786331 -0.469793 -11.3596 -0.0401365 0.997467 -0.0587212 -2.14644 0.468141 0.0706915 0.880822 32.33 
0.879512 0.00819222 -0.475806 -11.8253 -0.0399926 0.997587 -0.0567492 -2.20466 0.474193 0.0689404 0.877718 33.1484 
0.876777 0.00857083 -0.48082 -12.3299 -0.0403587 0.997625 -0.0558112 -2.26555 0.4792 0.0683393 0.875041 33.9932 
0.874362 0.00831494 -0.485204 -12.838 -0.0404177 0.997627 -0.0557385 -2.32885 0.483589 0.0683465 0.872623 34.846 
0.87255 0.00673471 -0.488478 -13.3845 -0.0394257 0.997614 -0.0566704 -2.37808 0.486931 0.0687064 0.870734 35.7225 
0.871485 0.00646036 -0.49038 -13.9574 -0.0398969 0.997533 -0.0577618 -2.41779 0.488797 0.0699032 0.869593 36.6327 
0.870967 0.00673712 -0.491296 -14.4684 -0.0397747 0.997591 -0.0568325 -2.48235 0.48973 0.0690404 0.869137 37.4903 
0.870726 0.00746316 -0.491712 -14.986 -0.0398518 0.997667 -0.0554273 -2.54364 0.490151 0.0678576 0.868992 38.3722 
0.870543 0.00565512 -0.49206 -15.5059 -0.0375357 0.997784 -0.0549403 -2.61158 0.490659 0.0662977 0.868826 39.2366 
0.869953 0.00379485 -0.49312 -16.0374 -0.0359015 0.997804 -0.055658 -2.67731 0.491826 0.0661236 0.868179 40.1377 
0.868779 0.00141559 -0.495199 -16.5787 -0.033655 0.997853 -0.0561921 -2.74271 0.494056 0.0654845 0.866961 41.0511 
0.867257 0.000668316 -0.497861 -17.1298 -0.0317566 0.998037 -0.0539792 -2.80991 0.496848 0.0626243 0.865575 41.9742 
0.865515 0.00213423 -0.500879 -17.7046 -0.0316001 0.998232 -0.0503513 -2.87054 0.499886 0.0594077 0.864051 42.8788 
0.862868 0.00224836 -0.505425 -18.2666 -0.0297082 0.998487 -0.0462765 -2.93678 0.504556 0.0549458 0.861629 43.7806 
0.85939 0.00245604 -0.511315 -18.8504 -0.029428 0.998569 -0.0446645 -2.99852 0.510474 0.0534312 0.858232 44.6804 
0.854307 -0.00118194 -0.519767 -19.4225 -0.0270417 0.998542 -0.0467173 -3.06614 0.519065 0.0539664 0.85303 45.5688 
0.848466 -0.00539351 -0.529222 -19.9925 -0.0247938 0.998445 -0.0499258 -3.13106 0.528668 0.0554818 0.847013 46.429 
0.842356 -0.00540362 -0.538895 -20.5766 -0.0250964 0.998472 -0.0492405 -3.19252 0.538337 0.0550024 0.840933 47.3077 
0.836587 -0.0022861 -0.54783 -21.1893 -0.0260088 0.998698 -0.0438855 -3.25653 0.547217 0.0509624 0.835438 48.2003 
0.831127 0.00210029 -0.556078 -21.7944 -0.0286747 0.998824 -0.0390854 -3.32083 0.555343 0.0484304 0.83021 49.0764 
0.827278 0.00243602 -0.561788 -22.4116 -0.030416 0.998718 -0.0404593 -3.38117 0.56097 0.0505585 0.826291 49.9258 
0.82387 0.000180401 -0.566778 -23.0347 -0.0308264 0.998534 -0.0444916 -3.44308 0.565939 0.0541271 0.822668 50.8028 
0.82118 -0.00268407 -0.570663 -23.6601 -0.0323334 0.998164 -0.0512223 -3.51092 0.569752 0.0605143 0.819585 51.6406 
0.817944 -0.00463148 -0.575279 -24.2929 -0.0316876 0.998087 -0.0530896 -3.57127 0.574425 0.0616536 0.816232 52.5183 
0.815111 -0.00222822 -0.5793 -24.9279 -0.031912 0.998302 -0.0487421 -3.64323 0.578425 0.0582169 0.813656 53.3291 
0.812359 -0.000342204 -0.583158 -25.5786 -0.0308791 0.998572 -0.0436017 -3.70768 0.58234 0.0534277 0.811188 54.1678 
0.809319 0.00109174 -0.587369 -26.2274 -0.0305865 0.99872 -0.040288 -3.76836 0.586573 0.0505715 0.808316 55.0211 
0.806471 0.00183713 -0.59127 -26.8919 -0.0321217 0.998655 -0.0407099 -3.8239 0.5904 0.051824 0.805445 55.8732 
0.802923 0.000385999 -0.596083 -27.5578 -0.032051 0.998581 -0.042526 -3.88 0.595221 0.0532502 0.801796 56.7268 
0.798718 -0.00249106 -0.601701 -28.2221 -0.0309918 0.998494 -0.0452734 -3.93744 0.600907 0.0548085 0.797437 57.5864 
0.794706 -0.00320726 -0.606986 -28.897 -0.0304512 0.998516 -0.0451449 -4.00067 0.60623 0.0543604 0.79343 58.4262 
0.790153 -0.00379981 -0.612898 -29.5828 -0.0296609 0.998572 -0.04443 -4.05856 0.612192 0.0532856 0.788912 59.2765 
0.785395 -0.00377979 -0.618983 -30.2736 -0.0296598 0.998603 -0.0437317 -4.11473 0.618284 0.0527056 0.784186 60.1061 
0.780057 -0.00477873 -0.62569 -30.9769 -0.0294709 0.99858 -0.0443685 -4.17976 0.625014 0.0530497 0.778809 60.952 
0.774969 -0.00611666 -0.631969 -31.6882 -0.0289763 0.998558 -0.0451977 -4.24002 0.631334 0.053339 0.773674 61.7743 
0.769662 -0.00754784 -0.638407 -32.4001 -0.0285013 0.998527 -0.0461667 -4.30189 0.637815 0.0537282 0.768313 62.5916 
0.763413 -0.00998354 -0.645834 -33.1361 -0.0267408 0.998535 -0.0470449 -4.36102 0.645358 0.0531848 0.762027 63.4639 
0.757355 -0.0120301 -0.652893 -33.8689 -0.0253559 0.998535 -0.0478117 -4.423 0.652511 0.0527652 0.75594 64.2859 
0.75118 -0.0130741 -0.659968 -34.6069 -0.0247928 0.99854 -0.0480007 -4.48537 0.659632 0.0524196 0.749759 65.106 
0.745129 -0.0118711 -0.666815 -35.3538 -0.0255771 0.998597 -0.0463587 -4.55344 0.66643 0.0515984 0.74378 65.9064 
0.738753 -0.0126456 -0.673858 -36.1399 -0.0244262 0.998665 -0.0455195 -4.61623 0.673534 0.0500875 0.737458 66.7322 
0.732494 -0.0146633 -0.680615 -36.9785 -0.0231495 0.998653 -0.0464291 -4.67224 0.68038 0.049765 0.731168 67.5635 
0.726452 -0.0162742 -0.687025 -37.7625 -0.0228356 0.998596 -0.0478009 -4.74612 0.686838 0.0504137 0.72506 68.3467 
0.720953 -0.0147366 -0.692827 -38.606 -0.0253864 0.998541 -0.0476562 -4.8104 0.692519 0.0519463 0.719527 69.143 
0.715865 -0.0133752 -0.698111 -39.3931 -0.0271316 0.998529 -0.0469527 -4.86418 0.697711 0.0525527 0.714449 69.8955 
0.711013 -0.0128264 -0.703062 -40.2033 -0.0282588 0.998505 -0.0467948 -4.93197 0.702611 0.0531395 0.709587 70.6755 
0.7066 -0.0137343 -0.70748 -41.0188 -0.028475 0.99845 -0.0478225 -4.99725 0.70704 0.0539369 0.705114 71.4491 
0.701379 -0.0155655 -0.712619 -41.8776 -0.0289975 0.998311 -0.050346 -5.06493 0.712199 0.0559758 0.699742 72.2542 
0.696338 -0.0183851 -0.717478 -42.7249 -0.0282802 0.998193 -0.0530253 -5.13007 0.717156 0.057214 0.69456 73.0512 
0.691479 -0.0189332 -0.722148 -43.5876 -0.0289365 0.998128 -0.0538764 -5.19528 0.721817 0.0581509 0.689637 73.8358 
0.686372 -0.0182857 -0.727021 -44.4744 -0.0287148 0.998223 -0.0522162 -5.27 0.726683 0.0567161 0.684627 74.6536 
0.681378 -0.0182536 -0.731704 -45.3434 -0.0280645 0.998302 -0.0510386 -5.3441 0.731393 0.0553115 0.679709 75.4266 
0.676717 -0.0195406 -0.735984 -46.245 -0.0277422 0.998261 -0.0520123 -5.40652 0.73572 0.0556155 0.674998 76.1978 
0.672423 -0.0206839 -0.739878 -47.1707 -0.026488 0.998297 -0.0519813 -5.4839 0.739693 0.0545514 0.67073 76.9822 
0.668115 -0.020756 -0.743768 -48.0744 -0.0264361 0.998318 -0.0516067 -5.55797 0.743588 0.0541416 0.666443 77.7634 
0.664581 -0.0211789 -0.746916 -48.9789 -0.0262181 0.998322 -0.0516355 -5.6306 0.746756 0.0538987 0.66291 78.5162 
0.660947 -0.0239057 -0.750052 -49.8839 -0.0236537 0.998332 -0.0526626 -5.70921 0.75006 0.0525487 0.659279 79.2814 
0.656664 -0.0284698 -0.753646 -50.7839 -0.020513 0.998243 -0.0555831 -5.7883 0.753904 0.051959 0.654926 80.0447 
0.652243 -0.0328239 -0.757299 -51.7113 -0.0160222 0.998242 -0.0570668 -5.86179 0.75784 0.0493551 0.650571 80.8046 
0.645806 -0.0359703 -0.762654 -52.6316 -0.0118177 0.998299 -0.0570915 -5.94254 0.76341 0.0458829 0.644282 81.5572 
0.637583 -0.039827 -0.769351 -53.5723 -0.00680334 0.998333 -0.0573188 -6.02425 0.770351 0.0417797 0.636249 82.3156 
0.628863 -0.0411716 -0.776425 -54.5354 -0.00368737 0.998428 -0.0559304 -6.09988 0.777508 0.0380356 0.627722 83.0662 
0.620295 -0.039804 -0.783358 -55.5224 -0.00366888 0.998553 -0.0536437 -6.17523 0.78436 0.036149 0.619252 83.818 
0.61158 -0.0392126 -0.790211 -56.5241 -0.00471036 0.998573 -0.0531978 -6.25926 0.791169 0.0362569 0.610522 84.5525 
0.602143 -0.040564 -0.797357 -57.5187 -0.00583251 0.998458 -0.0551993 -6.33408 0.798367 0.0378885 0.600978 85.278 
0.592096 -0.0429191 -0.804724 -58.5316 -0.00510269 0.998361 -0.057001 -6.41665 0.805852 0.0378564 0.590906 85.9963 
0.582173 -0.0447159 -0.811834 -59.5706 -0.00436533 0.9983 -0.0581169 -6.4983 0.813053 0.0373781 0.580988 86.7205 
0.57211 -0.0456331 -0.818907 -60.6001 -0.00139837 0.998395 -0.056612 -6.57973 0.820176 0.0335334 0.571128 87.4221 
0.562146 -0.0452735 -0.825798 -61.6374 -0.000240505 0.998492 -0.054905 -6.66986 0.827038 0.0310633 0.561287 88.1007 
0.551435 -0.04633 -0.832931 -62.6736 0.000217395 0.998465 -0.0553935 -6.74817 0.834218 0.0303649 0.550598 88.7817 
0.5412 -0.0476869 -0.839541 -63.7349 0.000193642 0.998398 -0.0565853 -6.83078 0.840894 0.0304614 0.540342 89.4378 
0.531271 -0.0480447 -0.845838 -64.805 -0.00158229 0.998333 -0.0577004 -6.91237 0.8472 0.031993 0.53031 90.0801 
0.521512 -0.0490134 -0.851835 -65.895 -0.00280574 0.998245 -0.0591553 -6.99852 0.853239 0.0332403 0.520459 90.7167 
0.511881 -0.0487462 -0.857672 -66.9856 -0.003589 0.998259 -0.0588785 -7.08596 0.859049 0.033217 0.510815 91.343 
0.502807 -0.0469698 -0.863122 -68.0891 -0.00393203 0.998388 -0.0566213 -7.17391 0.86439 0.0318635 0.501811 91.9581 
0.495054 -0.0453951 -0.867676 -69.2263 -0.00316607 0.998533 -0.0540477 -7.26091 0.868857 0.0295037 0.494184 92.5718 
0.487399 -0.0458421 -0.871975 -70.3463 -0.00296023 0.998528 -0.0541501 -7.34456 0.873174 0.028974 0.486546 93.1739 
0.480226 -0.0486721 -0.875793 -71.4424 -0.00121279 0.998422 -0.0561521 -7.42887 0.877144 0.0280279 0.479409 93.7446 
0.473505 -0.0519115 -0.87926 -72.5704 0.000997921 0.998293 -0.0584018 -7.51174 0.880791 0.0267762 0.472748 94.323 
0.467799 -0.054207 -0.882171 -73.7278 0.00217272 0.998185 -0.0601836 -7.617 0.883832 0.0262372 0.467068 94.8979 
0.462312 -0.0574017 -0.884857 -74.8779 0.00294082 0.997996 -0.0632047 -7.70487 0.886712 0.0266181 0.461555 95.4791 
0.45721 -0.0584962 -0.887433 -76.0298 0.00585695 0.998011 -0.0627676 -7.80037 0.889339 0.0235004 0.456643 96.0634 
0.452839 -0.0561104 -0.889825 -77.1516 0.0085166 0.998244 -0.0586129 -7.90235 0.891552 0.018964 0.452522 96.6164 
0.448881 -0.0541407 -0.89195 -78.2916 0.0119067 0.998437 -0.0546122 -7.9967 0.893512 0.0138942 0.448824 97.1698 
0.445348 -0.0538118 -0.893739 -79.4225 0.0139071 0.998488 -0.0531888 -8.08704 0.89525 0.0112582 0.445423 97.7147 
0.442711 -0.0535575 -0.895063 -80.5613 0.015405 0.998522 -0.0521286 -8.17469 0.896532 0.00928953 0.442882 98.2625 
0.439989 -0.0531804 -0.896427 -81.7 0.0174877 0.998563 -0.0506562 -8.25088 0.897833 0.0066118 0.440287 98.8062 
0.437696 -0.0523071 -0.8976 -82.8154 0.0199649 0.998626 -0.0484588 -8.33906 0.898901 0.0032898 0.438139 99.3273 
0.4352 -0.0533995 -0.898749 -83.9412 0.0233333 0.998573 -0.0480319 -8.42327 0.900032 -6.72112e-05 0.435825 99.8596 
0.432395 -0.0540371 -0.900064 -85.047 0.0255008 0.998536 -0.0476984 -8.49752 0.901324 -0.00232773 0.43314 100.38 
0.429302 -0.0536166 -0.901568 -86.1563 0.0294979 0.998536 -0.0453372 -8.57547 0.902679 -0.00713091 0.430256 100.909 
0.42752 -0.0532416 -0.902437 -87.2619 0.0319198 0.998531 -0.0437893 -8.6477 0.903442 -0.0100847 0.428592 101.414 
0.425655 -0.0545035 -0.903242 -88.3794 0.0343475 0.998438 -0.0440615 -8.72657 0.904233 -0.012269 0.426863 101.918 
0.424344 -0.0565671 -0.903733 -89.4614 0.0361999 0.998309 -0.0454894 -8.78993 0.904777 -0.0134118 0.425674 102.413 
0.423781 -0.057935 -0.90391 -90.5451 0.0359898 0.998241 -0.047108 -8.86186 0.90505 -0.012568 0.42512 102.896 
0.424121 -0.058713 -0.9037 -91.6112 0.035869 0.998202 -0.0480189 -8.94063 0.904895 -0.0120489 0.425465 103.377 
0.426326 -0.058239 -0.902693 -92.6585 0.0331314 0.998261 -0.0487574 -9.01596 0.903963 -0.00912086 0.427514 103.85 
0.430416 -0.0585002 -0.900733 -93.687 0.0311526 0.998266 -0.0499484 -9.09133 0.902093 -0.00656153 0.431492 104.324 
0.43558 -0.0594866 -0.898182 -94.715 0.0304748 0.998217 -0.0513329 -9.16638 0.899634 -0.00501228 0.436616 104.798 
0.441597 -0.0595435 -0.895235 -95.7396 0.0295827 0.998219 -0.0518008 -9.24058 0.896726 -0.0036083 0.442572 105.273 
0.448165 -0.0586433 -0.892025 -96.7378 0.0287924 0.998275 -0.0511627 -9.3142 0.893487 -0.00275423 0.44908 105.753 
0.456291 -0.0573984 -0.887977 -97.7414 0.0269803 0.998351 -0.050669 -9.38731 0.889422 -0.000838077 0.457087 106.243 
0.465185 -0.0569237 -0.883382 -98.7337 0.0268051 0.998379 -0.0502185 -9.45863 0.884808 -0.000318156 0.465956 106.74 
0.474033 -0.0570821 -0.878655 -99.7147 0.0270762 0.99837 -0.0502518 -9.53121 0.880091 3.04207e-05 0.474806 107.256 
0.483413 -0.0583907 -0.873443 -100.671 0.026766 0.998292 -0.0519232 -9.60229 0.874983 0.00172179 0.48415 107.775 
0.493293 -0.0603305 -0.867769 -101.637 0.0261664 0.99817 -0.0545218 -9.67888 0.86947 0.00418883 0.493968 108.314 
0.504179 -0.0609308 -0.861447 -102.591 0.024138 0.998113 -0.05647 -9.75496 0.863262 0.00767747 0.504698 108.866 
0.516449 -0.0595133 -0.854247 -103.531 0.0227142 0.998183 -0.0558088 -9.83043 0.856016 0.00941893 0.516863 109.405 
0.529297 -0.0567724 -0.846535 -104.465 0.0207299 0.998326 -0.0539907 -9.90204 0.848183 0.0110286 0.529588 109.96 
0.541471 -0.0539584 -0.838986 -105.397 0.0199118 0.998481 -0.0513653 -9.98538 0.840484 0.0111071 0.541723 110.545 
0.552781 -0.0531292 -0.831631 -106.305 0.0195632 0.998518 -0.0507873 -10.0587 0.833097 0.011805 0.553001 111.133 
0.564096 -0.053901 -0.823948 -107.192 0.0202645 0.99847 -0.0514443 -10.1318 0.82546 0.0123227 0.564325 111.716 
0.575103 -0.0548161 -0.816242 -108.068 0.02048 0.998405 -0.0526199 -10.2069 0.817824 0.0135452 0.575309 112.309 
0.586358 -0.0559034 -0.80812 -108.925 0.0222304 0.998351 -0.052933 -10.2844 0.809747 0.0130729 0.586634 112.904 
0.596636 -0.0557988 -0.80057 -109.757 0.0225644 0.998352 -0.0527676 -10.3596 0.802194 0.0134188 0.596912 113.506 
0.606978 -0.0534686 -0.792918 -110.586 0.0214206 0.998472 -0.0509322 -10.4293 0.79443 0.01393 0.607196 114.128 
0.616107 -0.0509347 -0.786014 -111.403 0.0221706 0.998633 -0.0473346 -10.5023 0.78735 0.0117368 0.616394 114.77 
0.625897 -0.0483671 -0.778405 -112.201 0.0203016 0.998747 -0.0457344 -10.5763 0.779642 0.0128222 0.626095 115.392 
0.635949 -0.0480341 -0.770235 -112.988 0.018627 0.998726 -0.046904 -10.6417 0.771506 0.0154814 0.636033 116.013 
0.645154 -0.0479748 -0.762545 -113.756 0.0172692 0.998687 -0.0482208 -10.7009 0.763858 0.0179413 0.645135 116.649 
0.653963 -0.048072 -0.754998 -114.506 0.0178216 0.998681 -0.048151 -10.7644 0.756317 0.0180338 0.653957 117.292 
0.662358 -0.0462946 -0.747755 -115.243 0.0174193 0.998771 -0.0464054 -10.8233 0.748985 0.0177117 0.662351 117.931 
0.670846 -0.0440992 -0.740284 -115.964 0.0171652 0.998886 -0.0439492 -10.8889 0.741398 0.016776 0.670856 118.567 
0.678862 -0.0435031 -0.732976 -116.677 0.0174691 0.998918 -0.0431077 -10.9501 0.734058 0.0164598 0.678888 119.208 
0.686098 -0.0430058 -0.726237 -117.385 0.0163639 0.998911 -0.0436933 -11.0015 0.727325 0.0180939 0.686054 119.883 
0.693284 -0.0418595 -0.719447 -118.06 0.0158405 0.998956 -0.0428577 -11.0642 0.72049 0.0183162 0.693223 120.526 
0.700315 -0.0399085 -0.712717 -118.747 0.0158993 0.99906 -0.0403197 -11.1156 0.713657 0.0169049 0.700292 121.183 
0.707442 -0.0377002 -0.705765 -119.42 0.0156289 0.999167 -0.037707 -11.1727 0.706598 0.0156452 0.707442 121.841 
0.714647 -0.0363931 -0.698538 -120.066 0.0147938 0.999209 -0.0369228 -11.2216 0.699328 0.0160528 0.71462 122.483 
0.721993 -0.035354 -0.690997 -120.698 0.0139646 0.999235 -0.0365337 -11.2741 0.691759 0.0167277 0.721934 123.131 
0.729552 -0.0320741 -0.683173 -121.312 0.0110554 0.999322 -0.035111 -11.3217 0.683836 0.0180626 0.729412 123.78 
0.738423 -0.0294413 -0.673694 -121.918 0.0102832 0.999422 -0.0324048 -11.3679 0.674259 0.0170008 0.738299 124.428 
0.748022 -0.0254482 -0.663186 -122.517 0.00813315 0.999541 -0.0291816 -11.4095 0.663624 0.0164347 0.747886 125.079 
0.758173 -0.0233355 -0.651636 -123.095 0.0065721 0.999582 -0.0281492 -11.4518 0.652021 0.0170594 0.758009 125.724 
0.768301 -0.0223304 -0.639699 -123.661 0.00468973 0.999561 -0.0292598 -11.4822 0.640071 0.0194804 0.768069 126.365 
0.778183 -0.0238568 -0.627584 -124.238 0.00538209 0.999495 -0.0313209 -11.5188 0.628015 0.0209957 0.777918 127.042 
0.787967 -0.0227796 -0.615296 -124.746 0.00490263 0.999516 -0.0307258 -11.5585 0.615698 0.0211944 0.787697 127.691 
0.797934 -0.0215787 -0.602359 -125.258 0.00488653 0.999558 -0.0293347 -11.592 0.602726 0.0204638 0.797686 128.365 
0.808105 -0.0188826 -0.588736 -125.757 0.00411035 0.999643 -0.0264198 -11.6193 0.589025 0.0189301 0.807893 129.019 
0.817591 -0.0173722 -0.575537 -126.237 0.00422927 0.999699 -0.0241673 -11.6541 0.575784 0.0173249 0.817418 129.705 
0.826564 -0.0164713 -0.562602 -126.718 0.00507517 0.999749 -0.0218134 -11.6684 0.56282 0.0151749 0.82644 130.4 
0.834668 -0.0165813 -0.550504 -127.198 0.00654079 0.999775 -0.0201964 -11.691 0.550714 0.0132566 0.834588 131.113 
0.841805 -0.0167912 -0.539521 -127.664 0.00790259 0.999792 -0.0187858 -11.7197 0.539725 0.0115504 0.841762 131.827 
0.848352 -0.0167332 -0.529168 -128.117 0.00821939 0.999796 -0.0184382 -11.7556 0.529369 0.0112927 0.848317 132.549 
0.854969 -0.0157699 -0.518439 -128.566 0.0071505 0.999801 -0.01862 -11.7781 0.51863 0.0122124 0.854912 133.272 
0.861596 -0.0135337 -0.507415 -129.004 0.00540592 0.999832 -0.0174882 -11.8127 0.507566 0.0123248 0.861525 133.994 
0.867787 -0.0124242 -0.496781 -129.435 0.00455684 0.999844 -0.0170456 -11.8388 0.496916 0.0125282 0.867708 134.735 
0.873604 -0.0133319 -0.486454 -129.856 0.00567448 0.999836 -0.0172113 -11.8645 0.486604 0.0122756 0.873536 135.479 
0.878445 -0.0144943 -0.477625 -130.269 0.00670041 0.999815 -0.0180176 -11.8942 0.477797 0.0126273 0.878379 136.243 
0.882696 -0.0157305 -0.46968 -130.687 0.00777638 0.999792 -0.0188704 -11.9135 0.469879 0.0130045 0.882635 137.013 
0.886085 -0.0151151 -0.463276 -131.102 0.0075758 0.999807 -0.0181305 -11.9402 0.46346 0.0125555 0.886029 137.787 
0.888985 -0.012952 -0.457754 -131.502 0.00703981 0.999868 -0.0146194 -11.9638 0.457883 0.00977396 0.888959 138.556 
0.892118 -0.00891855 -0.451714 -131.925 0.00463687 0.999933 -0.0105849 -11.9885 0.451778 0.00734851 0.8921 139.369 
0.895457 -0.00663735 -0.445098 -132.337 0.0035006 0.999963 -0.00786905 -12.004 0.445134 0.00548834 0.895447 140.175 
0.898648 -0.0038874 -0.438654 -132.753 0.0015546 0.999983 -0.0056772 -12.0218 0.438668 0.00441992 0.898638 140.997 
0.901693 -0.00293836 -0.432367 -133.167 0.00146814 0.999992 -0.00373424 -12.0272 0.432374 0.00273242 0.90169 141.848 
0.904917 -0.000940746 -0.425588 -133.604 0.000755244 1 -0.000604679 -12.0572 0.425588 0.00022581 0.904917 142.741 
0.908299 -0.00112787 -0.418319 -134.03 0.00180683 0.999998 0.00122692 -12.0659 0.418317 -0.0018702 0.908299 143.629 
0.911866 -0.00155266 -0.410486 -134.462 0.00280781 0.999993 0.00245481 -12.075 0.41048 -0.00339097 0.911864 144.537 
0.915362 -0.00197951 -0.402627 -134.859 0.00329283 0.999991 0.00256966 -12.0828 0.402618 -0.0036779 0.915361 145.447 
0.919191 -0.00414207 -0.39379 -135.269 0.00551601 0.999982 0.00235719 -12.0975 0.393773 -0.00433881 0.919197 146.371 
0.923134 -0.00547849 -0.38444 -135.698 0.00649164 0.999978 0.00133767 -12.1138 0.384424 -0.00373044 0.923149 147.336 
0.927595 -0.00605425 -0.373538 -136.089 0.00627991 0.99998 -0.000612912 -12.1326 0.373534 -0.0017772 0.927615 148.293 
0.932697 -0.0042774 -0.360635 -136.495 0.0040894 0.999991 -0.00128445 -12.1425 0.360637 -0.000276728 0.932706 149.272 
0.938495 -0.00108863 -0.345291 -136.814 0.00114784 0.999999 -3.30665e-05 -12.162 0.345291 -0.000365259 0.938496 150.182 
0.944976 0.00295073 -0.327126 -137.162 -0.00206007 0.999993 0.00306905 -12.1804 0.327132 -0.00222623 0.944976 151.162 
0.951273 0.00492598 -0.308311 -137.443 -0.00382935 0.999984 0.00416172 -12.1869 0.308327 -0.00277825 0.951277 152.067 
0.957781 0.00642788 -0.287427 -137.77 -0.00523775 0.999974 0.00490927 -12.1891 0.287451 -0.00319649 0.95779 153.101 
0.963825 0.00784881 -0.266421 -138.071 -0.00631412 0.999958 0.00661635 -12.1992 0.266462 -0.00469475 0.963834 154.155 
0.969496 0.00872913 -0.244952 -138.352 -0.00671291 0.999936 0.00906461 -12.2015 0.245016 -0.00714371 0.969493 155.211 
0.974811 0.0114293 -0.222739 -138.657 -0.00879809 0.999879 0.0128017 -12.2084 0.222858 -0.0105195 0.974794 156.349 
0.979554 0.0134766 -0.20073 -138.903 -0.0102774 0.999803 0.0169711 -12.2078 0.200919 -0.0145611 0.9795 157.445 
0.983788 0.0155246 -0.17866 -139.122 -0.0120907 0.999721 0.0202934 -12.2016 0.178925 -0.0178043 0.983702 158.549 
0.987417 0.0168716 -0.157235 -139.291 -0.0138454 0.999698 0.0203217 -12.2029 0.15753 -0.017889 0.987352 159.718 
0.990711 0.0163527 -0.135001 -139.507 -0.0139914 0.999732 0.0184211 -12.1972 0.135266 -0.0163611 0.990674 160.904 
0.993296 0.0165592 -0.114403 -139.652 -0.0146336 0.999737 0.0176508 -12.192 0.114665 -0.0158584 0.993278 162.04 
0.995411 0.0152046 -0.0944776 -139.765 -0.0134142 0.999719 0.0195562 -12.1797 0.0947483 -0.018199 0.995335 163.257 
0.99708 0.0159867 -0.0746662 -139.863 -0.0144353 0.99967 0.0212717 -12.1785 0.0749815 -0.0201318 0.996982 164.464 
0.998358 0.0163332 -0.0549002 -139.918 -0.0151217 0.999635 0.0224104 -12.1819 0.0552461 -0.0215434 0.99824 165.633 
0.999226 0.0178971 -0.035044 -139.971 -0.0170981 0.99959 0.0229664 -12.1682 0.0354406 -0.0223494 0.999122 166.945 
0.999719 0.0182297 -0.0151567 -139.991 -0.017865 0.999556 0.0238567 -12.1665 0.0155848 -0.0235792 0.999601 168.161 
0.99977 0.0208754 0.00493617 -139.998 -0.0209857 0.999505 0.0234512 -12.1571 -0.00444422 -0.0235493 0.999713 169.452 
0.999457 0.0218704 0.0246381 -139.973 -0.0224256 0.999496 0.0224873 -12.1618 -0.0241339 -0.0230275 0.999444 170.769 
0.998782 0.0220435 0.0441411 -139.939 -0.022957 0.99953 0.0202976 -12.1545 -0.0436729 -0.0212861 0.998819 172.093 
0.997747 0.0240531 0.0626357 -139.847 -0.0252252 0.99952 0.0179895 -12.1591 -0.062173 -0.019529 0.997874 173.448 
0.996378 0.0241401 0.0815347 -139.739 -0.025556 0.999539 0.0163662 -12.1596 -0.0811021 -0.0183906 0.996536 174.799 
0.994706 0.0241305 0.0998934 -139.625 -0.0256087 0.99958 0.0135422 -12.1563 -0.0995247 -0.0160286 0.994906 176.106 
0.992766 0.0247877 0.117477 -139.465 -0.0259219 0.999631 0.00813728 -12.1512 -0.117232 -0.0111236 0.993042 177.356 
0.990477 0.0265334 0.135095 -139.305 -0.027014 0.999634 0.00172548 -12.1647 -0.134999 -0.00535846 0.990831 178.681 
0.987927 0.0284986 0.152278 -139.114 -0.0283414 0.999593 -0.0032031 -12.1889 -0.152307 -0.00115129 0.988333 180.036 
0.98502 0.0306161 0.169698 -138.883 -0.0297671 0.999528 -0.0075453 -12.2035 -0.169849 0.00238089 0.985467 181.45 
0.981839 0.0327294 0.186873 -138.651 -0.0313848 0.999456 -0.01015 -12.2414 -0.187103 0.0041007 0.982332 182.78 
0.978348 0.0321765 0.204448 -138.357 -0.0308169 0.999477 -0.00983142 -12.2691 -0.204658 0.00331814 0.978828 184.254 
0.974683 0.0311631 0.221407 -138.068 -0.0296319 0.999509 -0.0102345 -12.306 -0.221617 0.00341473 0.975128 185.668 
0.970756 0.0310106 0.238057 -137.75 -0.0282437 0.999488 -0.0150256 -12.3557 -0.238401 0.00786265 0.971135 187.05 
0.966588 0.0322318 0.254299 -137.414 -0.028285 0.999416 -0.0191625 -12.3982 -0.254768 0.0113294 0.966936 188.448 
0.962092 0.0344952 0.270534 -136.978 -0.0304697 0.999354 -0.0190669 -12.4594 -0.271017 0.0101011 0.962522 189.957 
0.957012 0.0367074 0.287715 -136.561 -0.0324381 0.999282 -0.0195936 -12.5091 -0.288228 0.00941836 0.957516 191.412 
0.9514 0.0404824 0.305285 -136.135 -0.035372 0.999126 -0.0222547 -12.5952 -0.305919 0.0103747 0.952001 192.847 
0.94608 0.0407625 0.321359 -135.562 -0.0341632 0.999074 -0.0261504 -12.6459 -0.322127 0.0137617 0.946596 194.319 
0.939997 0.0420951 0.338576 -135.061 -0.0345988 0.999005 -0.0281485 -12.7366 -0.339424 0.0147452 0.940518 195.778 
0.933449 0.0425561 0.356178 -134.542 -0.0329016 0.99891 -0.033123 -12.8125 -0.357199 0.0191998 0.933831 197.248 
0.925796 0.0458945 0.375229 -133.951 -0.0335614 0.998662 -0.0393415 -12.8828 -0.376532 0.023829 0.926097 198.799 
0.916486 0.0492902 0.39702 -133.368 -0.0352936 0.998473 -0.0424886 -12.9917 -0.398508 0.024928 0.916826 200.296 
0.905667 0.0525416 0.420723 -132.722 -0.037682 0.99834 -0.0435608 -13.0924 -0.422313 0.0235979 0.906143 201.752 
0.893742 0.0568181 0.444968 -131.941 -0.0407139 0.998126 -0.0456748 -13.244 -0.44673 0.0227052 0.894381 203.235 
0.880581 0.0607459 0.469985 -131.214 -0.0426243 0.997883 -0.0491146 -13.3512 -0.471974 0.0232166 0.881307 204.699 
0.866662 0.064673 0.494686 -130.483 -0.0446302 0.997637 -0.0522368 -13.4512 -0.496896 0.0231937 0.8675 206.107 
0.852512 0.0659887 0.518526 -129.674 -0.0442217 0.997548 -0.0542447 -13.5801 -0.520834 0.0233142 0.85334 207.517 
0.837243 0.0676559 0.54263 -128.871 -0.0439722 0.997433 -0.0565151 -13.6924 -0.54506 0.0234562 0.838069 208.948 
0.821588 0.0700464 0.565762 -128.046 -0.0426852 0.997196 -0.061475 -13.803 -0.568482 0.0263575 0.822274 210.278 
0.805946 0.0722182 0.587568 -127.147 -0.0408533 0.99695 -0.0664984 -13.9344 -0.590578 0.02959 0.806438 211.6 
0.790246 0.0744073 0.608256 -126.156 -0.0404155 0.996768 -0.0694257 -14.1088 -0.611456 0.0302804 0.790699 212.962 
0.77511 0.0755936 0.627288 -125.165 -0.0388489 0.996641 -0.0720999 -14.2716 -0.630631 0.0315159 0.775442 214.215 
0.760588 0.075828 0.644791 -124.115 -0.0371547 0.996612 -0.0733751 -14.436 -0.648171 0.0318513 0.760829 215.457 
0.745638 0.0764921 0.661946 -123.089 -0.0356695 0.996547 -0.0749779 -14.5864 -0.665396 0.0322951 0.745792 216.706 
0.731353 0.0767414 0.677668 -122.032 -0.0329184 0.996463 -0.0773165 -14.742 -0.681204 0.0342379 0.731292 217.893 
0.716931 0.0779762 0.692769 -120.945 -0.0306505 0.99629 -0.0804201 -14.8952 -0.69647 0.036422 0.716661 219.1 
0.702656 0.0797306 0.707048 -119.839 -0.0280042 0.996031 -0.0844875 -15.0597 -0.710978 0.0395654 0.7021 220.254 
0.688549 0.0814692 0.720599 -118.7 -0.0269194 0.995856 -0.0868668 -15.2297 -0.72469 0.040414 0.687889 221.346 
0.673739 0.0820925 0.734395 -117.518 -0.0260988 0.995834 -0.0873735 -15.4163 -0.738508 0.0397002 0.673075 222.488 
0.658046 0.0833085 0.748355 -116.367 -0.0264572 0.995805 -0.0875907 -15.5692 -0.752513 0.0378393 0.657489 223.54 
0.64188 0.0835014 0.762245 -115.187 -0.0273478 0.995914 -0.0860696 -15.7391 -0.766318 0.0344006 0.64154 224.571 
0.624649 0.0846005 0.776309 -113.998 -0.0298378 0.995974 -0.0845304 -15.9025 -0.780335 0.0296385 0.624659 225.585 
0.607273 0.0864584 0.789775 -112.774 -0.0325497 0.995934 -0.083999 -16.0602 -0.793826 0.0253034 0.607618 226.594 
0.589998 0.0892164 0.802461 -111.572 -0.0332874 0.995719 -0.0862285 -16.2304 -0.806719 0.0241628 0.590442 227.53 
0.572585 0.0928148 0.814575 -110.325 -0.0355982 0.995449 -0.0884012 -16.3978 -0.819072 0.0216198 0.573283 228.444 
0.553568 0.0929535 0.8276 -109.072 -0.0361253 0.995496 -0.0876474 -16.5771 -0.83202 0.0186214 0.554433 229.359 
0.533734 0.0911737 0.840723 -107.859 -0.0360982 0.995721 -0.0850657 -16.7485 -0.844881 0.0150539 0.534742 230.166 
0.513171 0.0895354 0.853604 -106.594 -0.0366808 0.995923 -0.0824116 -16.91 -0.857502 0.0109804 0.514363 230.968 
0.492038 0.0882157 0.866093 -105.365 -0.0367254 0.996071 -0.0805903 -17.0559 -0.869799 0.0078459 0.493344 231.736 
0.471685 0.0863085 0.877533 -104.113 -0.0349018 0.996246 -0.0792241 -17.2213 -0.881076 0.00674138 0.472927 232.442 
0.450532 0.0858385 0.888624 -102.858 -0.0341602 0.996296 -0.07892 -17.3688 -0.892107 0.0052004 0.451795 233.136 
0.430586 0.084488 0.898586 -101.603 -0.0308445 0.996405 -0.078905 -17.5147 -0.902022 0.0062589 0.431644 233.765 
0.410402 0.084441 0.907987 -100.328 -0.0282684 0.996403 -0.0798864 -17.6634 -0.911466 0.0071182 0.411313 234.369 
0.390198 0.0833799 0.916948 -99.0402 -0.0243274 0.996477 -0.0802594 -17.818 -0.920409 0.00901014 0.390852 234.946 
0.369519 0.0814498 0.925647 -97.7743 -0.0228274 0.996646 -0.0785844 -17.9623 -0.928943 0.00790838 0.370139 235.486 
0.349383 0.0811858 0.933456 -96.4634 -0.0223303 0.996678 -0.0783263 -18.1062 -0.936714 0.0065216 0.350036 236 
0.329419 0.0859635 0.940262 -95.1546 -0.0226151 0.996279 -0.0831616 -18.2462 -0.943913 0.00613093 0.330138 236.505 
0.309951 0.0952683 0.945968 -93.8396 -0.0238295 0.995433 -0.092442 -18.3929 -0.950454 0.00611057 0.310805 236.989 
0.290857 0.102866 0.951221 -92.544 -0.026253 0.994687 -0.0995386 -18.5516 -0.956406 0.00397915 0.292013 237.424 
0.271125 0.106936 0.956586 -91.2553 -0.0287804 0.994266 -0.102991 -18.7111 -0.962114 0.000392622 0.272648 237.845 
0.251257 0.10801 0.961875 -89.9467 -0.03044 0.994145 -0.103682 -18.8745 -0.967442 -0.00322865 0.253074 238.242 
0.231041 0.108392 0.966887 -88.6699 -0.0348497 0.994059 -0.103111 -19.039 -0.97232 -0.00987286 0.233446 238.598 
0.211486 0.108556 0.971334 -87.3859 -0.0364219 0.993998 -0.103159 -19.1985 -0.976702 -0.0135611 0.214171 238.934 
0.19239 0.107258 0.975439 -86.117 -0.0366652 0.9941 -0.102078 -19.3493 -0.980633 -0.0161258 0.195188 239.221 
0.173829 0.107211 0.978923 -84.8724 -0.0365971 0.994073 -0.102372 -19.5028 -0.984096 -0.0180305 0.176722 239.478 
0.155582 0.107821 0.981921 -83.6335 -0.0357879 0.993988 -0.103476 -19.6551 -0.987175 -0.0190419 0.158505 239.71 
0.136555 0.111228 0.984368 -82.4099 -0.0398861 0.993488 -0.106726 -19.8048 -0.989829 -0.0246887 0.140102 239.919 
0.118098 0.113149 0.986534 -81.1808 -0.0401789 0.993218 -0.109106 -19.9557 -0.992189 -0.0267527 0.121843 240.106 
0.101187 0.110427 0.98872 -79.9312 -0.0401968 0.993463 -0.106843 -20.1048 -0.994055 -0.0289322 0.104965 240.269 
0.0856576 0.105553 0.990718 -78.6874 -0.0377018 0.994004 -0.102643 -20.2806 -0.995611 -0.0285597 0.0891234 240.404 
0.0714063 0.101383 0.992282 -77.4731 -0.0369683 0.994407 -0.0989394 -20.4265 -0.996762 -0.0296181 0.0747548 240.52 
0.0589872 0.0980111 0.993436 -76.2882 -0.0347779 0.994766 -0.0960773 -20.5708 -0.997653 -0.0288823 0.0620871 240.606 
0.0485344 0.0978961 0.994013 -75.1158 -0.0346563 0.994751 -0.0962766 -20.7151 -0.99822 -0.029776 0.0516724 240.684 
0.0401484 0.100145 0.994163 -73.962 -0.035178 0.99449 -0.0987575 -20.8531 -0.998574 -0.0310077 0.04345 240.752 
0.0332695 0.101849 0.994243 -72.821 -0.0362973 0.994261 -0.100636 -20.9872 -0.998787 -0.0327403 0.0367754 240.822 
0.0271646 0.106233 0.99397 -71.6955 -0.0369297 0.993765 -0.105202 -21.1215 -0.998949 -0.0338493 0.0309184 240.886 
0.0214694 0.114622 0.993177 -70.5908 -0.0361398 0.992846 -0.113802 -21.2673 -0.999116 -0.0334499 0.0254582 240.943 
0.0162544 0.117189 0.992977 -69.4893 -0.0375385 0.992479 -0.116516 -21.4072 -0.999163 -0.035381 0.0205312 241.001 
0.0128449 0.108648 0.993997 -68.3886 -0.0361631 0.993479 -0.108124 -21.5512 -0.999263 -0.0345572 0.0166902 241.036 
0.0101002 0.0989326 0.995043 -67.2832 -0.0353156 0.994508 -0.0985209 -21.685 -0.999325 -0.0341455 0.0135386 241.077 
0.0085646 0.095129 0.995428 -66.219 -0.0346963 0.994894 -0.0947793 -21.8091 -0.999361 -0.0337259 0.0118215 241.119 
0.0089272 0.0972589 0.995219 -65.1447 -0.0355213 0.994661 -0.0968858 -21.9317 -0.999329 -0.0344865 0.0123343 241.144 
0.00884851 0.10014 0.994934 -64.0885 -0.0349735 0.994395 -0.0997745 -22.0564 -0.999349 -0.0339134 0.0123011 241.186 
0.0102323 0.102521 0.994678 -63.0352 -0.0376291 0.994065 -0.102071 -22.1835 -0.999239 -0.0363844 0.0140293 241.226 
0.0120363 0.103334 0.994574 -61.9871 -0.0396759 0.993912 -0.102785 -22.3052 -0.99914 -0.0382235 0.0160628 241.269 
0.0146282 0.105152 0.994349 -60.9403 -0.0406736 0.993695 -0.104484 -22.4251 -0.999065 -0.0389153 0.0188128 241.321 
0.0182359 0.106089 0.994189 -59.9245 -0.0431489 0.993512 -0.105225 -22.5466 -0.998902 -0.0409793 0.0226951 241.368 
0.0223105 0.107335 0.993973 -58.9057 -0.0443294 0.993348 -0.106273 -22.6661 -0.998768 -0.0416912 0.0269202 241.421 
0.0284554 0.106438 0.993912 -57.8995 -0.0451887 0.993435 -0.105093 -22.7846 -0.998573 -0.0419231 0.0330784 241.479 
0.0350577 0.104764 0.993879 -56.8894 -0.0436716 0.993701 -0.103204 -22.9052 -0.998431 -0.0397862 0.039412 241.537 
0.0422034 0.10423 0.993657 -55.893 -0.0420541 0.993847 -0.102464 -23.0215 -0.998224 -0.037463 0.0463271 241.595 
0.0493876 0.104996 0.993246 -54.9045 -0.0409694 0.993835 -0.103021 -23.1377 -0.997939 -0.0356047 0.0533848 241.67 
0.0561534 0.104559 0.992932 -53.914 -0.0412589 0.993895 -0.102327 -23.2574 -0.997569 -0.0352212 0.0601246 241.752 
0.0623559 0.103836 0.992638 -52.9231 -0.0426416 0.993942 -0.101293 -23.3673 -0.997143 -0.0360114 0.0664058 241.852 
0.0688287 0.101688 0.992432 -51.916 -0.0428412 0.994175 -0.0988955 -23.4806 -0.996708 -0.0357101 0.0727842 241.954 
0.0751787 0.100024 0.992141 -50.929 -0.0427227 0.994366 -0.0970109 -23.5918 -0.996254 -0.0350938 0.0790285 242.058 
0.081657 0.100732 0.991557 -49.9479 -0.0433777 0.994296 -0.0974381 -23.7006 -0.995716 -0.035055 0.0855608 242.171 
0.0881819 0.102923 0.990773 -48.9766 -0.0433848 0.994101 -0.0994077 -23.8109 -0.995159 -0.0342185 0.0921269 242.283 
0.0944785 0.104239 0.990055 -48.0061 -0.0430612 0.994 -0.100545 -23.923 -0.994595 -0.0331336 0.0984003 242.401 
0.100533 0.105802 0.989292 -47.0293 -0.0450457 0.993794 -0.101706 -24.0381 -0.993914 -0.0343385 0.104675 242.537 
0.10662 0.106773 0.98855 -46.0748 -0.0471731 0.993641 -0.102235 -24.1456 -0.99318 -0.0357326 0.110979 242.67 
0.113139 0.106292 0.987877 -45.1153 -0.0481024 0.993681 -0.101408 -24.2549 -0.992414 -0.0360461 0.117537 242.811 
0.119173 0.104364 0.987373 -44.1491 -0.0488118 0.993874 -0.0991601 -24.3594 -0.991673 -0.0363782 0.123537 242.955 
0.125155 0.102738 0.986804 -43.1911 -0.0487748 0.994059 -0.0973076 -24.4695 -0.990938 -0.0359527 0.129422 243.109 
0.131472 0.102194 0.986038 -42.2364 -0.048225 0.994154 -0.0966048 -24.5769 -0.990146 -0.0348509 0.135631 243.261 
0.138625 0.102895 0.984985 -41.3009 -0.0473707 0.994138 -0.0971846 -24.6872 -0.989211 -0.0331872 0.142687 243.418 
0.145453 0.103238 0.983964 -40.3832 -0.0456199 0.994183 -0.0975669 -24.7902 -0.988313 -0.030697 0.149316 243.584 
0.154149 0.104993 0.982453 -39.437 -0.0444925 0.994067 -0.0992534 -24.8934 -0.987045 -0.028412 0.157906 243.752 
