1 2.12261e-08 -2.11895e-08 0 2.12261e-08 1 2.10703e-08 0 -2.11895e-08 2.10703e-08 1 0 
0.999935 -0.00311352 0.0109421 0.0183544 0.00309884 0.999994 0.00136266 -0.0102876 -0.0109464 -0.00132862 0.999939 0.28624 
0.999834 -0.00518071 0.0174967 0.0279781 0.00515722 0.999986 0.00138998 -0.0141862 -0.0175037 -0.00129947 0.999846 0.585101 
0.999783 -0.00792217 0.0192739 0.0377601 0.00792316 0.999969 2.69608e-05 -0.0164676 -0.0192736 0.000125797 0.999814 0.885597 
0.999824 -0.00945214 0.0162071 0.0503851 0.00946755 0.999955 -0.000871941 -0.0285609 -0.0161982 0.00102527 0.999868 1.18381 
0.99988 -0.0122823 0.00947477 0.0428959 0.0123079 0.999921 -0.0026488 -0.0255595 -0.00944152 0.00276514 0.999952 1.50289 
0.999898 -0.0138938 -0.00342951 0.0411383 0.0138794 0.999895 -0.00421442 -0.0334651 0.00348766 0.00416643 0.999985 1.82866 
0.999717 -0.0131527 -0.019821 0.0144893 0.013068 0.999905 -0.00439498 -0.0402834 0.0198769 0.00413476 0.999794 2.17434 
0.999185 -0.00868182 -0.0394274 -0.023144 0.00851073 0.999954 -0.00450611 -0.0434403 0.0394647 0.00416692 0.999212 2.52388 
0.99822 -0.00537097 -0.0593906 -0.0674143 0.00504019 0.999971 -0.00571862 -0.0492698 0.0594196 0.00540915 0.998218 2.88142 
0.996779 -0.00491815 -0.0800432 -0.110867 0.00443875 0.999971 -0.00616665 -0.0522358 0.0800711 0.00579154 0.996772 3.25223 
0.994808 -0.00659154 -0.101555 -0.163176 0.00608038 0.999967 -0.00534246 -0.0585931 0.101586 0.00469727 0.994816 3.63025 
0.992593 -0.00770651 -0.121247 -0.227929 0.00718456 0.999963 -0.00474175 -0.06155 0.121279 0.00383557 0.992611 4.01843 
0.990207 -0.00696128 -0.139433 -0.302373 0.00643451 0.99997 -0.00422862 -0.0674278 0.139459 0.00329006 0.990222 4.4195 
0.987878 -0.00579915 -0.155123 -0.387421 0.00526397 0.999979 -0.00386081 -0.0698516 0.155142 0.00299749 0.987888 4.83273 
0.985651 -0.00552904 -0.168706 -0.478293 0.0049535 0.99998 -0.00383244 -0.0802352 0.168724 0.00294181 0.985659 5.253 
0.983507 -0.00699847 -0.180735 -0.577036 0.00626888 0.99997 -0.0046079 -0.086741 0.180762 0.00339894 0.983521 5.68233 
0.981658 -0.0101066 -0.190382 -0.673195 0.00890946 0.999935 -0.00714322 -0.0917118 0.190442 0.00531604 0.981684 6.12829 
0.980029 -0.00956227 -0.198624 -0.776933 0.00789181 0.999927 -0.0092003 -0.095942 0.198697 0.0074491 0.980033 6.59187 
0.978524 -0.00932577 -0.205922 -0.894092 0.00721997 0.999914 -0.0109755 -0.103353 0.206006 0.00925308 0.978507 7.06629 
0.976807 -0.00966907 -0.213905 -1.01436 0.00681504 0.999878 -0.0140761 -0.109893 0.214015 0.0122919 0.976753 7.54394 
0.974992 -0.0139117 -0.221805 -1.13447 0.0107331 0.999822 -0.0155298 -0.123692 0.221982 0.0127609 0.974967 8.04449 
0.973095 -0.0197373 -0.229556 -1.26236 0.0163051 0.999725 -0.0168389 -0.135916 0.229825 0.0126429 0.97315 8.54877 
0.971121 -0.0200892 -0.23774 -1.40856 0.0158707 0.999681 -0.0196452 -0.151107 0.238059 0.0153048 0.97113 9.04949 
0.969065 -0.0157746 -0.2463 -1.57576 0.0102333 0.999665 -0.023762 -0.164635 0.246592 0.0205066 0.968902 9.57336 
0.966953 -0.0126271 -0.25464 -1.74872 0.00586489 0.99961 -0.0272977 -0.176779 0.254886 0.0249022 0.966651 10.1157 
0.964756 -0.0142191 -0.262763 -1.91358 0.00682085 0.999555 -0.0290465 -0.200979 0.263059 0.0262305 0.964423 10.6649 
0.962275 -0.0172407 -0.271532 -2.08012 0.00901009 0.999462 -0.0315295 -0.217832 0.271929 0.0278936 0.961913 11.2343 
0.960127 -0.0160232 -0.279104 -2.27026 0.00684229 0.999404 -0.0338377 -0.245839 0.279479 0.0305788 0.959665 11.7952 
0.957742 -0.0144906 -0.287264 -2.46704 0.00385436 0.999287 -0.0375571 -0.273672 0.287603 0.0348629 0.957115 12.3847 
0.955445 -0.0155653 -0.294758 -2.67096 0.00298145 0.999067 -0.0430937 -0.299301 0.295153 0.0402949 0.9546 12.9895 
0.953639 -0.0168148 -0.300482 -2.87675 0.0015977 0.998707 -0.0508165 -0.332085 0.300948 0.0479806 0.952433 13.5914 
0.95225 -0.0173723 -0.304824 -3.09351 -0.000668764 0.998259 -0.0589815 -0.370184 0.305318 0.056369 0.950581 14.2057 
0.950966 -0.0178108 -0.308782 -3.3182 -0.00331318 0.997697 -0.0677518 -0.413367 0.309278 0.0654528 0.948717 14.8364 
0.949612 -0.0167103 -0.312984 -3.54611 -0.0078011 0.997008 -0.0768996 -0.461728 0.313332 0.0754664 0.94664 15.4693 
0.948412 -0.0156583 -0.316654 -3.79244 -0.0115191 0.996418 -0.0837733 -0.520145 0.316832 0.0830992 0.944834 16.1191 
0.946843 -0.0138727 -0.321396 -4.03987 -0.0160256 0.995795 -0.0901943 -0.586785 0.321296 0.0905505 0.94264 16.7675 
0.945137 -0.012718 -0.326428 -4.29233 -0.0197422 0.995192 -0.0959354 -0.654906 0.326078 0.0971165 0.940341 17.4364 
0.943724 -0.0104462 -0.33057 -4.56158 -0.0244646 0.994558 -0.101271 -0.728486 0.329829 0.103659 0.938333 18.0766 
0.941896 -0.0075202 -0.335821 -4.8351 -0.0293146 0.994095 -0.104482 -0.801591 0.334624 0.108255 0.936113 18.7697 
0.940159 -0.00603059 -0.340683 -5.11403 -0.032069 0.993839 -0.106091 -0.880309 0.339224 0.110668 0.934173 19.4684 
0.938093 -0.00570905 -0.346338 -5.39366 -0.0327698 0.993917 -0.105144 -0.965237 0.344831 0.109984 0.932199 20.1621 
0.93578 -0.00559918 -0.352539 -5.69068 -0.0331591 0.994045 -0.103805 -1.04739 0.351021 0.108829 0.930022 20.8813 
0.933279 -0.00546179 -0.35911 -5.98653 -0.0335033 0.9942 -0.102192 -1.12899 0.357586 0.107405 0.927683 21.5967 
0.930264 -0.00398192 -0.366871 -6.30049 -0.0349229 0.99444 -0.0993466 -1.21022 0.365226 0.105231 0.924952 22.3176 
0.926874 -0.00268572 -0.375362 -6.61014 -0.0348029 0.995052 -0.0930579 -1.29827 0.373755 0.0993167 0.922195 23.0498 
0.923263 0.000880051 -0.384169 -6.94557 -0.0375253 0.995422 -0.0879034 -1.37922 0.382333 0.095574 0.919069 23.7989 
0.919679 0.00388053 -0.392652 -7.28772 -0.0397182 0.995742 -0.0831882 -1.46108 0.390657 0.0921019 0.915917 24.541 
0.915922 0.00475757 -0.401329 -7.64995 -0.0407045 0.995875 -0.0810912 -1.53646 0.399288 0.0906092 0.912337 25.2924 
0.912052 0.00451606 -0.410051 -8.01431 -0.0411549 0.995899 -0.0805702 -1.6102 0.408005 0.0903598 0.908497 26.0412 
0.908234 0.00515674 -0.418431 -8.39518 -0.0422069 0.995954 -0.079339 -1.67804 0.416329 0.089719 0.904777 26.8011 
0.904347 0.00662818 -0.426746 -8.7819 -0.0439299 0.996014 -0.077625 -1.75338 0.42453 0.0889469 0.901034 27.5655 
0.900432 0.00508143 -0.434968 -9.17269 -0.0417727 0.996321 -0.0748347 -1.82886 0.432987 0.0855534 0.897331 28.3452 
0.896663 0.00599006 -0.442673 -9.59862 -0.0417582 0.996595 -0.0710985 -1.8929 0.44074 0.0822366 0.89386 29.147 
0.892989 0.00869196 -0.449996 -10.0291 -0.0427563 0.99693 -0.065591 -1.95809 0.448044 0.0778123 0.890619 29.9359 
0.889337 0.0088558 -0.457167 -10.462 -0.0415204 0.997246 -0.061453 -2.02368 0.455364 0.0736342 0.887255 30.721 
0.885777 0.00854467 -0.464032 -10.9042 -0.0409122 0.997376 -0.0597306 -2.08747 0.462304 0.0718926 0.883802 31.5173 
0.882707 0.0078374 -0.469859 -11.3619 -0.0400766 0.997474 -0.0586524 -2.14681 0.468212 0.0706032 0.880791 32.3242 
0.879477 0.00816645 -0.475872 -11.8277 -0.0399323 0.997593 -0.0566807 -2.20497 0.474264 0.0688521 0.877686 33.1426 
0.876741 0.00854511 -0.480886 -12.3323 -0.040298 0.997632 -0.0557431 -2.2658 0.479271 0.0682511 0.875009 33.9873 
0.874325 0.00828921 -0.48527 -12.8405 -0.0403567 0.997633 -0.0556707 -2.32902 0.48366 0.0682582 0.872591 34.8402 
0.872514 0.00670895 -0.488544 -13.387 -0.0393644 0.99762 -0.0566029 -2.37819 0.487002 0.068618 0.870701 35.7166 
0.871448 0.00643451 -0.490445 -13.96 -0.0398355 0.997539 -0.0576943 -2.41783 0.488867 0.0698148 0.86956 36.6268 
0.87093 0.00671134 -0.491362 -14.4711 -0.0397132 0.997597 -0.0567651 -2.48232 0.4898 0.068952 0.869104 37.4843 
0.870689 0.00743747 -0.491778 -14.9888 -0.0397902 0.997673 -0.0553599 -2.54355 0.490222 0.0677693 0.868959 38.3662 
0.870506 0.00562954 -0.492126 -15.5087 -0.0374741 0.99779 -0.0548729 -2.61141 0.490729 0.0662092 0.868793 39.2305 
0.869916 0.00376929 -0.493186 -16.0402 -0.0358398 0.99781 -0.0555908 -2.67708 0.491896 0.066035 0.868146 40.1316 
0.868741 0.00139008 -0.495264 -16.5817 -0.0335932 0.997858 -0.056125 -2.74241 0.494126 0.0653957 0.866928 41.0449 
0.867219 0.000643019 -0.497927 -17.1328 -0.0316945 0.998043 -0.0539123 -2.80954 0.496917 0.0625354 0.865542 41.968 
0.865477 0.00210918 -0.500944 -17.7076 -0.0315378 0.998237 -0.0502846 -2.8701 0.499955 0.0593188 0.864017 42.8726 
0.86283 0.00222364 -0.50549 -18.2698 -0.0296455 0.998492 -0.0462101 -2.93627 0.504625 0.0548569 0.861594 43.7743 
0.859351 0.00243144 -0.51138 -18.8537 -0.0293649 0.998573 -0.0445985 -2.99794 0.510542 0.0533424 0.858197 44.6741 
0.854268 -0.00120658 -0.519832 -19.4258 -0.0269779 0.998547 -0.046652 -3.06549 0.519133 0.0538773 0.852994 45.5624 
0.848426 -0.00541826 -0.529286 -19.9959 -0.0247292 0.99845 -0.0498612 -3.13035 0.528736 0.0553924 0.846977 46.4227 
0.842315 -0.00542834 -0.538958 -20.58 -0.0250311 0.998476 -0.0491766 -3.19175 0.538404 0.0549129 0.840896 47.3013 
0.836545 -0.00231051 -0.547893 -21.1927 -0.0259428 0.998702 -0.0438222 -3.25568 0.547283 0.0508732 0.8354 48.1938 
0.831085 0.00207607 -0.556141 -21.798 -0.0286082 0.998829 -0.0390228 -3.31992 0.555409 0.0483415 0.830171 49.0699 
0.827235 0.00241164 -0.561851 -22.4152 -0.030349 0.998723 -0.0403972 -3.38019 0.561036 0.0504696 0.826252 49.9193 
0.823828 0.000155747 -0.566841 -23.0384 -0.0307591 0.998539 -0.0444299 -3.44205 0.566005 0.0540381 0.822629 50.7962 
0.821137 -0.00270921 -0.570725 -23.6638 -0.0322657 0.998169 -0.051161 -3.50982 0.569818 0.0604251 0.819546 51.634 
0.8179 -0.0046567 -0.575341 -24.2967 -0.0316196 0.998092 -0.0530286 -3.5701 0.57449 0.0615643 0.816193 52.5116 
0.815068 -0.00225318 -0.579362 -24.9317 -0.0318437 0.998307 -0.0486815 -3.642 0.57849 0.0581277 0.813616 53.3224 
0.812315 -0.000366805 -0.58322 -25.5825 -0.0308106 0.998576 -0.0435414 -3.70639 0.582405 0.0533386 0.811147 54.161 
0.809274 0.00106736 -0.58743 -26.2314 -0.0305176 0.998724 -0.040228 -3.76701 0.586638 0.0504825 0.808275 55.0144 
0.806427 0.00181265 -0.591331 -26.8959 -0.0320525 0.998659 -0.0406503 -3.82249 0.590465 0.0517352 0.805404 55.8663 
0.802878 0.000361411 -0.596144 -27.5619 -0.0319814 0.998586 -0.0424668 -3.87852 0.595285 0.0531612 0.801754 56.72 
0.798672 -0.00251576 -0.601761 -28.2263 -0.0309219 0.998499 -0.0452147 -3.93591 0.600972 0.0547193 0.797395 57.5795 
0.794661 -0.00323193 -0.607046 -28.9013 -0.0303808 0.998521 -0.0450866 -3.99907 0.606293 0.0542711 0.793387 58.4192 
0.790106 -0.0038244 -0.612958 -29.5871 -0.0295901 0.998577 -0.0443722 -4.0569 0.612255 0.0531963 0.788868 59.2695 
0.785348 -0.00380434 -0.619043 -30.278 -0.0295885 0.998608 -0.0436745 -4.11301 0.618347 0.0526163 0.784142 60.0991 
0.78001 -0.0048033 -0.625749 -30.9813 -0.0293991 0.998585 -0.044312 -4.17798 0.625076 0.0529603 0.778765 60.9449 
0.774921 -0.00614125 -0.632028 -31.6927 -0.0289041 0.998562 -0.0451417 -4.23818 0.631397 0.0532495 0.77363 61.7672 
0.769614 -0.00757246 -0.638465 -32.4046 -0.0284287 0.998532 -0.0461113 -4.3 0.637877 0.0536387 0.768268 62.5844 
0.763363 -0.0100081 -0.645892 -33.1407 -0.0266676 0.998539 -0.0469902 -4.35906 0.645419 0.053095 0.761982 63.4566 
0.757305 -0.0120547 -0.65295 -33.8736 -0.0252822 0.998539 -0.0477578 -4.42098 0.652572 0.0526752 0.755894 64.2786 
0.75113 -0.0130987 -0.660025 -34.6117 -0.0247185 0.998544 -0.0479474 -4.4833 0.659692 0.0523296 0.749712 65.0986 
0.745078 -0.0118955 -0.666871 -35.3587 -0.0255024 0.998602 -0.0463061 -4.55131 0.66649 0.0515085 0.743733 65.899 
0.738702 -0.01267 -0.673914 -36.1448 -0.024351 0.998669 -0.0454676 -4.61404 0.673593 0.0499975 0.73741 66.7247 
0.732442 -0.0146876 -0.680671 -36.9834 -0.0230738 0.998657 -0.0463779 -4.67 0.680438 0.0496748 0.73112 67.5559 
0.726399 -0.0162986 -0.687079 -37.7675 -0.0227595 0.9986 -0.0477503 -4.74382 0.686896 0.0503234 0.725012 68.3391 
0.720901 -0.0147611 -0.692881 -38.6111 -0.0253099 0.998546 -0.0476063 -4.80805 0.692576 0.0518562 0.719478 69.1354 
0.715812 -0.0133998 -0.698165 -39.3982 -0.0270548 0.998533 -0.0469033 -4.86178 0.697769 0.0524627 0.714399 69.8878 
0.710959 -0.012851 -0.703116 -40.2085 -0.0281816 0.998509 -0.046746 -4.92952 0.702668 0.0530495 0.709537 70.6677 
0.706546 -0.0137589 -0.707533 -41.024 -0.0283975 0.998454 -0.0477742 -4.99474 0.707097 0.0538469 0.705064 71.4413 
0.701324 -0.0155903 -0.712672 -41.8829 -0.0289197 0.998315 -0.0502982 -5.06236 0.712255 0.0558857 0.699692 72.2463 
0.696284 -0.01841 -0.717531 -42.7302 -0.028202 0.998197 -0.0529781 -5.12746 0.717212 0.0571237 0.694509 73.0433 
0.691424 -0.0189581 -0.7222 -43.593 -0.0288579 0.998133 -0.0538297 -5.19261 0.721872 0.0580604 0.689586 73.8278 
0.686317 -0.0183105 -0.727072 -44.4798 -0.0286359 0.998228 -0.0521701 -5.26728 0.726739 0.0566257 0.684576 74.6456 
0.681323 -0.0182783 -0.731755 -45.349 -0.0279853 0.998307 -0.050993 -5.34133 0.731448 0.0552211 0.679658 75.4184 
0.676661 -0.0195653 -0.736035 -46.2505 -0.0276627 0.998266 -0.0519673 -5.4037 0.735775 0.055525 0.674946 76.1897 
0.672367 -0.0207086 -0.739928 -47.1763 -0.0264083 0.998301 -0.0519367 -5.48102 0.739747 0.0544608 0.670678 76.9739 
0.668059 -0.0207807 -0.743818 -48.0801 -0.0263561 0.998322 -0.0515626 -5.55504 0.743642 0.054051 0.66639 77.7551 
0.664333 -0.0210387 -0.74714 -48.9893 -0.026324 0.998325 -0.0515183 -5.62661 0.746973 0.0538931 0.662667 78.5231 
0.660699 -0.023765 -0.750275 -49.8946 -0.0237591 0.998336 -0.0525449 -5.70507 0.750275 0.0525422 0.659035 79.2879 
0.656415 -0.028329 -0.753868 -50.7949 -0.0206177 0.998248 -0.0554648 -5.78403 0.754118 0.051951 0.654681 80.051 
0.651994 -0.0326823 -0.75752 -51.7225 -0.0161262 0.998247 -0.0569479 -5.85736 0.758053 0.0493457 0.650323 80.8106 
0.645555 -0.0358275 -0.762873 -52.6431 -0.0119207 0.998305 -0.0569718 -5.93797 0.763621 0.0458725 0.644033 81.5628 
0.637331 -0.0396829 -0.769568 -53.5841 -0.00690508 0.998339 -0.0571981 -6.01953 0.770559 0.0417681 0.635998 82.3209 
0.628609 -0.0410262 -0.776639 -54.5474 -0.00378774 0.998434 -0.0558085 -6.09502 0.777713 0.0380235 0.627469 83.0712 
0.620039 -0.039658 -0.783568 -55.5346 -0.0037679 0.99856 -0.0535207 -6.17021 0.784562 0.0361374 0.618996 83.8227 
0.611321 -0.0390667 -0.790418 -56.5366 -0.00480802 0.998579 -0.0530737 -6.25408 0.791368 0.0362455 0.610264 84.5569 
0.601882 -0.0404186 -0.797562 -57.5315 -0.00592868 0.998465 -0.055074 -6.32874 0.798563 0.0378766 0.600718 85.282 
0.591832 -0.0427737 -0.804926 -58.5446 -0.00519729 0.998368 -0.0568746 -6.41116 0.806045 0.0378437 0.590644 86.0001 
0.581907 -0.0445703 -0.812033 -59.5838 -0.00445837 0.998307 -0.0579893 -6.49264 0.813243 0.0373648 0.580724 86.7239 
0.571842 -0.0454863 -0.819102 -60.6136 -0.00148983 0.998402 -0.0564833 -6.57391 0.820362 0.0335199 0.570861 87.4252 
0.561876 -0.0451258 -0.825989 -61.6511 -0.000330395 0.998499 -0.0547752 -6.66388 0.827221 0.0310498 0.561018 88.1034 
0.551163 -0.0461821 -0.833119 -62.6876 0.000129188 0.998472 -0.0552626 -6.74203 0.834398 0.0303511 0.550326 88.7841 
0.540925 -0.047539 -0.839726 -63.7491 0.000107044 0.998405 -0.0564533 -6.82446 0.841071 0.0304472 0.540068 89.4398 
0.530995 -0.0478973 -0.84602 -64.8194 -0.00166732 0.99834 -0.0575674 -6.90589 0.847373 0.0319786 0.530034 90.0818 
0.521233 -0.0488664 -0.852014 -65.9096 -0.00288924 0.998253 -0.0590214 -6.99187 0.853409 0.0332256 0.520181 90.718 
0.5116 -0.0485993 -0.857848 -67.0005 -0.00367098 0.998266 -0.0587436 -7.07913 0.859216 0.0332024 0.510535 91.344 
0.502524 -0.0468224 -0.863294 -68.1042 -0.00401259 0.998395 -0.0564856 -7.16691 0.864554 0.0318495 0.50153 91.9587 
0.49477 -0.0452469 -0.867845 -69.2416 -0.00324542 0.99854 -0.0539112 -7.25374 0.869018 0.0294902 0.493901 92.572 
0.487114 -0.0456938 -0.872142 -70.3618 -0.00303837 0.998536 -0.0540129 -7.33721 0.873333 0.0289604 0.486262 93.1738 
0.47994 -0.0485234 -0.875958 -71.4581 -0.0012898 0.998429 -0.0560143 -7.42135 0.8773 0.0280134 0.479124 93.7441 
0.473218 -0.0517625 -0.879423 -72.5863 0.000921971 0.998301 -0.0582635 -7.50404 0.880945 0.0267606 0.472462 94.3221 
0.467511 -0.0540578 -0.882333 -73.7439 0.00209766 0.998194 -0.0600448 -7.60912 0.883985 0.0262208 0.46678 94.8967 
0.462024 -0.0572526 -0.885018 -74.8942 0.00286663 0.998005 -0.0630654 -7.6968 0.886863 0.0266007 0.461266 95.4775 
0.456921 -0.0583461 -0.887592 -76.0463 0.00578357 0.99802 -0.0626279 -7.79212 0.889489 0.0234826 0.456354 96.0614 
0.45255 -0.0559588 -0.889982 -77.1683 0.0084439 0.998253 -0.0584729 -7.89393 0.891699 0.018947 0.452232 96.614 
0.448591 -0.0539874 -0.892105 -78.3085 0.0118346 0.998445 -0.0544718 -7.9881 0.893659 0.0138779 0.448533 97.1671 
0.445058 -0.0536576 -0.893893 -79.4396 0.0138356 0.998496 -0.0530481 -8.07826 0.895395 0.011242 0.445131 97.7116 
0.442421 -0.0534027 -0.895216 -80.5786 0.0153339 0.99853 -0.0519877 -8.16573 0.896676 0.00927338 0.44259 98.259 
0.439699 -0.0530247 -0.896579 -81.7175 0.017417 0.998571 -0.0505151 -8.24174 0.897976 0.00659578 0.439995 98.8023 
0.437406 -0.0521503 -0.897751 -82.833 0.0198946 0.998634 -0.0483175 -8.32975 0.899044 0.00327407 0.437846 99.3231 
0.43491 -0.0532416 -0.898899 -83.9591 0.0232634 0.998582 -0.0478905 -8.41378 0.900173 -8.33015e-05 0.435532 99.855 
0.432105 -0.0538785 -0.900213 -85.065 0.0254313 0.998545 -0.0475567 -8.48785 0.901465 -0.00234403 0.432846 100.375 
0.429013 -0.0534565 -0.901715 -86.1745 0.0294289 0.998545 -0.0451953 -8.56563 0.902819 -0.00714707 0.429962 100.904 
0.427231 -0.0530805 -0.902583 -87.2803 0.0318511 0.998539 -0.0436472 -8.63769 0.903581 -0.0101008 0.428297 101.408 
0.425366 -0.0543417 -0.903389 -88.3979 0.034279 0.998447 -0.0439193 -8.71638 0.904372 -0.0122855 0.426568 101.912 
0.424054 -0.0564049 -0.903879 -89.4801 0.0361316 0.998318 -0.0453471 -8.77957 0.904916 -0.0134289 0.425379 102.406 
0.423491 -0.0577732 -0.904056 -90.564 0.0359216 0.99825 -0.0469657 -8.85133 0.905188 -0.0125856 0.424825 102.889 
0.423832 -0.0585513 -0.903847 -91.6303 0.0358008 0.998212 -0.0478766 -8.92993 0.905033 -0.0120667 0.42517 103.37 
0.426037 -0.0580783 -0.90284 -92.6777 0.0330629 0.99827 -0.0486153 -9.00509 0.904102 -0.00913853 0.42722 103.842 
0.430127 -0.0583403 -0.900882 -93.7064 0.0310834 0.998275 -0.0498066 -9.0803 0.902233 -0.00657929 0.431198 104.317 
0.435291 -0.0593272 -0.898333 -94.7345 0.0304048 0.998226 -0.0511915 -9.15519 0.899776 -0.00503035 0.436323 104.79 
0.44131 -0.0593846 -0.895388 -95.7593 0.0295117 0.998229 -0.0516599 -9.22924 0.89687 -0.0036264 0.44228 105.265 
0.447878 -0.0584847 -0.89218 -96.7578 0.0287205 0.998285 -0.0510223 -9.30269 0.893633 -0.00277203 0.448789 105.744 
0.456005 -0.0572404 -0.888134 -97.7615 0.0269071 0.99836 -0.0505292 -9.37565 0.88957 -0.000855472 0.456798 106.234 
0.4649 -0.0567658 -0.883541 -98.754 0.0267304 0.998388 -0.0500795 -9.44681 0.884959 -0.000335396 0.465668 106.73 
0.47375 -0.0569243 -0.878818 -99.7351 0.0270002 0.998379 -0.0501136 -9.51924 0.880245 1.31292e-05 0.474519 107.246 
0.483132 -0.0582335 -0.873609 -100.692 0.0266885 0.998302 -0.0517857 -9.59017 0.875141 0.00170407 0.483865 107.765 
0.493013 -0.0601741 -0.867938 -101.658 0.0260874 0.998179 -0.0543853 -9.6666 0.869631 0.00417048 0.493685 108.304 
0.503902 -0.0607755 -0.86162 -102.612 0.0240572 0.998122 -0.0563345 -9.74253 0.863426 0.00765892 0.504417 108.855 
0.516174 -0.0593586 -0.854424 -103.552 0.0226315 0.998192 -0.0556744 -9.81786 0.856185 0.00940084 0.516584 109.394 
0.529024 -0.0566182 -0.846716 -104.486 0.0206452 0.998335 -0.0538576 -9.88932 0.848356 0.0110114 0.529312 109.948 
0.5412 -0.0538042 -0.839171 -105.419 0.0198252 0.99849 -0.0512334 -9.97251 0.84066 0.0110908 0.541449 110.534 
0.552513 -0.0529753 -0.831819 -106.327 0.0194748 0.998526 -0.0506566 -10.0457 0.833277 0.011789 0.55273 111.122 
0.56383 -0.0537473 -0.82414 -107.214 0.0201743 0.998479 -0.0513148 -10.1187 0.825644 0.0123064 0.564057 111.704 
0.57484 -0.0546628 -0.816438 -108.09 0.0203881 0.998413 -0.0524916 -10.1936 0.818012 0.0135287 0.575042 112.297 
0.586098 -0.0557499 -0.80832 -108.947 0.0221367 0.998359 -0.052806 -10.271 0.809938 0.013056 0.58637 112.892 
0.596378 -0.0556454 -0.800772 -109.779 0.0224691 0.998361 -0.0526419 -10.346 0.802389 0.0134019 0.596651 113.493 
0.606722 -0.0533153 -0.793124 -110.609 0.0213236 0.998481 -0.0508077 -10.4156 0.794628 0.0139139 0.606937 114.115 
0.615854 -0.0507808 -0.786222 -111.426 0.0220723 0.998641 -0.0472112 -10.4885 0.787551 0.0117216 0.616138 114.756 
0.625646 -0.0482135 -0.778616 -112.224 0.0202017 0.998755 -0.0456121 -10.5624 0.779846 0.0128077 0.625841 115.379 
0.6357 -0.0478813 -0.77045 -113.011 0.0185255 0.998733 -0.0467831 -10.6277 0.771714 0.0154671 0.635782 115.999 
0.644907 -0.0478228 -0.762763 -113.779 0.0171663 0.998695 -0.0481011 -10.6867 0.764068 0.017927 0.644886 116.635 
0.653719 -0.04792 -0.755219 -114.53 0.0177173 0.998689 -0.0480325 -10.7501 0.75653 0.0180194 0.653711 117.277 
0.662117 -0.0461425 -0.747979 -115.267 0.0173136 0.998778 -0.0462881 -10.8089 0.749201 0.017698 0.662107 117.916 
0.670607 -0.0439468 -0.74051 -115.989 0.0170583 0.998893 -0.043833 -10.8743 0.741617 0.016763 0.670614 118.552 
0.678626 -0.0433506 -0.733204 -116.702 0.0173609 0.998925 -0.0429928 -10.9355 0.734279 0.016447 0.678648 119.193 
0.685863 -0.0428538 -0.726468 -117.409 0.0162546 0.998918 -0.0435794 -10.9867 0.727549 0.0180812 0.685818 119.868 
0.693052 -0.0417076 -0.71968 -118.085 0.01573 0.998962 -0.0427449 -11.0493 0.720716 0.0183039 0.692989 120.51 
0.700085 -0.0397561 -0.712952 -118.773 0.0157877 0.999067 -0.0402079 -11.1006 0.713885 0.0168932 0.700059 121.167 
0.707214 -0.0375474 -0.706002 -119.446 0.0155162 0.999173 -0.0375963 -11.1576 0.706829 0.0156343 0.707212 121.824 
0.714422 -0.0362404 -0.698776 -120.092 0.01468 0.999214 -0.0368133 -11.2064 0.699561 0.0160423 0.714392 122.467 
0.72177 -0.0352016 -0.691238 -120.724 0.0138496 0.99924 -0.0364255 -11.2588 0.691995 0.0167175 0.721709 123.114 
0.729331 -0.031922 -0.683416 -121.338 0.0109393 0.999327 -0.0350039 -11.3063 0.684074 0.0180534 0.729189 123.763 
0.738205 -0.0292889 -0.67394 -121.944 0.0101656 0.999427 -0.0322992 -11.3524 0.6745 0.0169925 0.73808 124.411 
0.747807 -0.0252956 -0.663435 -122.544 0.00801409 0.999545 -0.0290777 -11.394 0.663868 0.0164277 0.747669 125.062 
0.757961 -0.0231831 -0.651888 -123.122 0.00645146 0.999586 -0.0280472 -11.4361 0.652268 0.0170531 0.757797 125.707 
0.768093 -0.0221787 -0.639954 -123.688 0.00456749 0.999564 -0.0291597 -11.4664 0.640322 0.0194744 0.76786 126.348 
0.777979 -0.0237057 -0.627843 -124.266 0.00525832 0.999499 -0.0312227 -11.503 0.628268 0.0209893 0.777714 127.024 
0.787767 -0.0226285 -0.615558 -124.773 0.00477732 0.999519 -0.0306296 -11.5425 0.615955 0.0211883 0.787497 127.673 
0.797738 -0.0214274 -0.602624 -125.286 0.00475967 0.999561 -0.0292406 -11.576 0.602986 0.0204581 0.79749 128.347 
0.807913 -0.0187308 -0.589004 -125.785 0.00398189 0.999645 -0.0263278 -11.6032 0.589288 0.0189253 0.807701 129.001 
0.817404 -0.0172199 -0.575808 -126.265 0.00409933 0.999702 -0.0240774 -11.6379 0.576051 0.0173206 0.817231 129.687 
0.826381 -0.0163182 -0.562875 -126.746 0.00494383 0.999752 -0.0217255 -11.6522 0.56309 0.0151708 0.826257 130.381 
0.83449 -0.0164276 -0.550779 -127.227 0.00640818 0.999777 -0.0201104 -11.6747 0.550987 0.0132525 0.834409 131.095 
0.84163 -0.016637 -0.539799 -127.692 0.00776887 0.999795 -0.0187016 -11.7033 0.539999 0.0115463 0.841586 131.808 
0.848181 -0.0165789 -0.529447 -128.146 0.00808465 0.999799 -0.0183557 -11.7392 0.529645 0.0112886 0.848144 132.53 
0.854801 -0.0156159 -0.518721 -128.595 0.00701473 0.999804 -0.0185391 -11.7616 0.518908 0.0122086 0.854743 133.253 
0.861431 -0.0133797 -0.507698 -129.033 0.00526912 0.999835 -0.0174091 -11.7961 0.507847 0.0123217 0.861359 133.974 
0.867625 -0.0122703 -0.497067 -129.465 0.00441907 0.999846 -0.0169682 -11.8221 0.497199 0.0125255 0.867546 134.715 
0.873446 -0.0131779 -0.486742 -129.886 0.0055358 0.999838 -0.0171355 -11.8478 0.486889 0.0122725 0.873378 135.459 
0.87829 -0.0143404 -0.477914 -130.299 0.00656098 0.999818 -0.0179433 -11.8774 0.478084 0.0126239 0.878224 136.223 
0.882544 -0.0155767 -0.469971 -130.718 0.00763628 0.999794 -0.0187973 -11.8967 0.470167 0.0130007 0.882482 136.993 
0.886197 -0.0148072 -0.463072 -131.137 0.00722254 0.999809 -0.018148 -11.9212 0.463252 0.0127382 0.886135 137.76 
0.889095 -0.0126448 -0.457549 -131.537 0.00668667 0.999871 -0.0146391 -11.9448 0.457675 0.00995611 0.889064 138.529 
0.892226 -0.00861185 -0.451507 -131.96 0.00428387 0.999935 -0.010607 -11.9695 0.451568 0.00752972 0.892205 139.342 
0.895563 -0.00633108 -0.444889 -132.371 0.00314777 0.999964 -0.00789378 -11.985 0.444923 0.00566902 0.895551 140.148 
0.898752 -0.00358137 -0.438443 -132.787 0.00120195 0.999983 -0.00570446 -12.0028 0.438456 0.00459996 0.898741 140.97 
0.901795 -0.00263273 -0.432155 -133.201 0.00111569 0.999992 -0.00376397 -12.0083 0.432162 0.00291223 0.901791 141.821 
0.904915 -0.0012331 -0.42559 -133.631 0.00089942 0.999999 -0.000985064 -12.0247 0.425591 0.000508664 0.904916 142.72 
0.908298 -0.00142022 -0.418322 -134.057 0.00195405 0.999998 0.000847705 -12.0337 0.41832 -0.00158734 0.908299 143.608 
0.911864 -0.001845 -0.410489 -134.489 0.00295829 0.999994 0.00207687 -12.0433 0.410483 -0.00310812 0.911863 144.515 
0.91536 -0.00227185 -0.40263 -134.887 0.00344656 0.999992 0.00219303 -12.0514 0.402622 -0.00339505 0.91536 145.426 
0.919188 -0.00443441 -0.393793 -135.296 0.00567336 0.999982 0.00198206 -12.0665 0.393777 -0.00405597 0.919197 146.349 
0.923131 -0.00577083 -0.384442 -135.725 0.00665279 0.999977 0.000964159 -12.0832 0.384428 -0.00344761 0.923149 147.315 
0.927486 -0.00708595 -0.373792 -136.117 0.00721371 0.999973 -0.00105724 -12.0936 0.373789 -0.0017158 0.927512 148.277 
0.932594 -0.00530952 -0.36089 -136.523 0.00502928 0.999986 -0.00171578 -12.1039 0.360894 -0.000214838 0.932607 149.256 
0.938399 -0.00212074 -0.345549 -136.842 0.00209468 0.999998 -0.000448926 -12.1238 0.345549 -0.000302494 0.938401 150.166 
0.944888 0.00191914 -0.327388 -137.19 -0.00110539 0.999996 0.00267153 -12.1427 0.327391 -0.00216236 0.944886 151.146 
0.951192 0.00389454 -0.308576 -137.472 -0.00286698 0.999989 0.00378322 -12.1494 0.308587 -0.00271384 0.951192 152.051 
0.957707 0.00539656 -0.287694 -137.799 -0.00426734 0.999981 0.00455191 -12.1521 0.287713 -0.00313166 0.957712 153.084 
0.963732 0.00655091 -0.266792 -138.083 -0.00512087 0.999969 0.00605535 -12.1571 0.266824 -0.00446948 0.963735 154.121 
0.969411 0.00743218 -0.245329 -138.365 -0.00550751 0.999948 0.00853024 -12.16 0.24538 -0.00691811 0.969402 155.177 
0.974738 0.0101337 -0.223123 -138.669 -0.00758084 0.999896 0.012295 -12.1676 0.223224 -0.0102929 0.974713 156.315 
0.979491 0.0121826 -0.201121 -138.916 -0.00904912 0.999823 0.016492 -12.1676 0.201286 -0.0143337 0.979428 157.41 
0.983736 0.014232 -0.179057 -139.135 -0.010852 0.999744 0.019842 -12.1619 0.179293 -0.0175762 0.983639 158.514 
0.987375 0.015579 -0.157633 -139.305 -0.0125972 0.999723 0.0198974 -12.1637 0.1579 -0.0176604 0.987297 159.684 
0.990677 0.0150594 -0.135398 -139.522 -0.0127339 0.999756 0.0180249 -12.1585 0.135637 -0.0161326 0.990627 160.869 
0.993271 0.0152658 -0.1148 -139.667 -0.0133682 0.999761 0.0172808 -12.1538 0.115036 -0.0156298 0.993238 162.005 
0.995392 0.0139121 -0.0948779 -139.78 -0.0121417 0.999742 0.0192116 -12.1419 0.0951206 -0.017971 0.995304 163.222 
0.99707 0.014695 -0.0750694 -139.878 -0.0131561 0.999694 0.0209525 -12.141 0.0753542 -0.0199035 0.996958 164.429 
0.998356 0.015042 -0.0553053 -139.934 -0.0138365 0.99966 0.0221166 -12.1447 0.0556191 -0.021315 0.998225 165.598 
0.999234 0.0166063 -0.0354502 -139.988 -0.0158074 0.999617 0.0226982 -12.1314 0.0358135 -0.0221204 0.999114 166.91 
0.999735 0.0169394 -0.0155643 -140.008 -0.0165692 0.999584 0.0236143 -12.13 0.0159578 -0.0233501 0.9996 168.126 
0.999801 0.019458 0.00448439 -140.011 -0.0195576 0.999536 0.0233618 -12.1295 -0.00402778 -0.0234448 0.999717 169.429 
0.999498 0.0204528 0.0241878 -139.987 -0.0209961 0.999528 0.0224261 -12.1343 -0.0237177 -0.0229226 0.999456 170.747 
0.998827 0.0208068 0.0437312 -139.949 -0.0217155 0.999556 0.0204095 -12.1344 -0.0432871 -0.0213351 0.998835 172.113 
0.997801 0.0228158 0.062229 -139.859 -0.023986 0.999548 0.0181244 -12.1387 -0.0617874 -0.0195772 0.997897 173.468 
0.99644 0.0229023 0.0811306 -139.75 -0.0243196 0.999568 0.0165246 -12.139 -0.0807171 -0.0184388 0.996567 174.819 
0.994775 0.0228917 0.0994934 -139.638 -0.0243755 0.999609 0.0137234 -12.1355 -0.0991403 -0.0160768 0.994944 176.126 
0.992843 0.0235469 0.117085 -139.477 -0.0246921 0.99966 0.00834021 -12.1301 -0.116849 -0.0111716 0.993087 177.376 
0.990562 0.0252905 0.134711 -139.318 -0.0257881 0.999666 0.00195023 -12.1433 -0.134617 -0.00540572 0.990883 178.701 
0.98802 0.0272541 0.151901 -139.128 -0.0271196 0.999628 -0.00295709 -12.1672 -0.151925 -0.00119779 0.988391 180.057 
0.985122 0.0293703 0.169328 -138.897 -0.02855 0.999566 -0.00727775 -12.1815 -0.169468 0.00233521 0.985533 181.471 
0.981949 0.031483 0.186507 -138.666 -0.0301726 0.999496 -0.00986119 -12.219 -0.186724 0.00405583 0.982404 182.801 
0.97841 0.03104 0.204331 -138.385 -0.0297023 0.999513 -0.0096107 -12.2378 -0.20453 0.00333412 0.978855 184.292 
0.974745 0.0300265 0.221291 -138.096 -0.0285213 0.999543 -0.00999447 -12.2743 -0.22149 0.00343058 0.975157 185.705 
0.970819 0.0298734 0.237947 -137.778 -0.0271373 0.999523 -0.0147666 -12.3237 -0.238275 0.00787849 0.971166 187.088 
0.966639 0.0313752 0.254214 -137.451 -0.0274827 0.999445 -0.0188497 -12.3648 -0.254664 0.0112344 0.966964 188.436 
0.962146 0.0336389 0.270449 -137.016 -0.0296729 0.999384 -0.0187407 -12.4255 -0.270913 0.0100063 0.962552 189.946 
0.95707 0.0358512 0.287632 -136.598 -0.0316474 0.999314 -0.0192531 -12.4746 -0.288125 0.00932385 0.957548 191.401 
0.951462 0.0396262 0.305204 -136.173 -0.0345878 0.999162 -0.0218998 -12.5602 -0.305816 0.0102806 0.952035 192.836 
0.946142 0.039906 0.321282 -135.6 -0.0333851 0.99911 -0.0257822 -12.6103 -0.322025 0.0136676 0.946633 194.308 
0.940062 0.0412386 0.338501 -135.099 -0.0338277 0.999042 -0.0277662 -12.7005 -0.339322 0.0146513 0.940556 195.766 
0.933514 0.0416992 0.356108 -134.58 -0.0321378 0.998948 -0.0327263 -12.7758 -0.357098 0.019106 0.933872 197.237 
0.925863 0.0450373 0.375165 -133.989 -0.0328061 0.998703 -0.0389292 -12.8454 -0.376432 0.0237355 0.92614 198.788 
0.916557 0.048433 0.39696 -133.406 -0.0345484 0.998518 -0.0420587 -12.9537 -0.398409 0.0248349 0.916872 200.285 
0.905743 0.0516847 0.420665 -132.76 -0.0369484 0.998387 -0.0431115 -13.0537 -0.422214 0.0235051 0.906191 201.741 
0.893824 0.0559615 0.444913 -131.979 -0.0399929 0.998177 -0.045206 -13.2045 -0.446632 0.0226129 0.894432 203.224 
0.880763 0.0598597 0.469759 -131.258 -0.0418676 0.997937 -0.0486647 -13.3018 -0.471703 0.0231944 0.881452 204.648 
0.866853 0.063787 0.494467 -130.527 -0.0438869 0.997695 -0.0517657 -13.401 -0.496629 0.0231727 0.867654 206.057 
0.852712 0.0655095 0.518258 -129.704 -0.0438511 0.997581 -0.0539472 -13.514 -0.520538 0.0232753 0.853521 207.464 
0.837451 0.0671767 0.542368 -128.902 -0.0436103 0.997466 -0.0562072 -13.6258 -0.544769 0.023418 0.838259 208.895 
0.821878 0.0691207 0.565455 -128.022 -0.0420124 0.997263 -0.0608403 -13.7674 -0.568113 0.0262472 0.822532 210.297 
0.806243 0.0712913 0.587273 -127.124 -0.0401979 0.99702 -0.0658459 -13.8978 -0.590217 0.0294808 0.806706 211.62 
0.790112 0.073498 0.60854 -126.21 -0.0396752 0.996836 -0.0688821 -14.0472 -0.611677 0.0302806 0.790528 212.933 
0.774969 0.0746848 0.627571 -125.218 -0.0381222 0.996709 -0.0715385 -14.2091 -0.630848 0.0315158 0.775266 214.185 
0.760442 0.0749193 0.64507 -124.168 -0.036441 0.996681 -0.0727973 -14.3726 -0.648383 0.0318511 0.760648 215.427 
0.745485 0.0755836 0.662223 -123.142 -0.0349692 0.996616 -0.074384 -14.522 -0.665604 0.0322947 0.745606 216.676 
0.731193 0.0758335 0.677943 -122.084 -0.032231 0.996533 -0.0767078 -14.6767 -0.681409 0.0342375 0.731102 217.863 
0.716765 0.0770692 0.693043 -120.996 -0.029976 0.99636 -0.0797972 -14.8289 -0.69667 0.0364212 0.716467 219.069 
0.702484 0.0788246 0.707321 -119.89 -0.0273425 0.996103 -0.0838511 -14.9924 -0.711175 0.0395641 0.701901 220.223 
0.688371 0.0805636 0.720871 -118.751 -0.0262704 0.99593 -0.0862177 -15.1614 -0.724883 0.0404122 0.687686 221.315 
0.673557 0.0811868 0.734663 -117.568 -0.0254632 0.995908 -0.0867113 -15.3469 -0.738696 0.0396982 0.672868 222.457 
0.65786 0.0824023 0.748619 -116.417 -0.0258358 0.995881 -0.0869153 -15.4988 -0.752697 0.037837 0.657279 223.508 
0.641691 0.0825941 0.762503 -115.237 -0.026741 0.995989 -0.0853811 -15.6676 -0.766497 0.0343982 0.641326 224.538 
0.624459 0.0836918 0.776561 -114.047 -0.0292465 0.996051 -0.0838286 -15.8299 -0.78051 0.0296358 0.624441 225.552 
0.607081 0.0855485 0.790021 -112.822 -0.0319741 0.996013 -0.0832844 -15.9865 -0.793996 0.0253002 0.607396 226.561 
0.589852 0.0883993 0.802658 -111.621 -0.0328272 0.995793 -0.085546 -16.1531 -0.806844 0.0241104 0.590272 227.494 
0.572439 0.0919974 0.81477 -110.373 -0.0351529 0.995526 -0.0877092 -16.3195 -0.819194 0.0215666 0.573111 228.408 
0.553735 0.092046 0.82759 -109.147 -0.035627 0.99558 -0.0868924 -16.496 -0.83193 0.0186309 0.554568 229.269 
0.533904 0.0902666 0.840713 -107.934 -0.035618 0.995804 -0.084299 -16.6663 -0.844795 0.0150631 0.534879 230.076 
0.513343 0.0886288 0.853594 -106.669 -0.0362193 0.996004 -0.0816333 -16.8267 -0.857419 0.0109893 0.514502 230.878 
0.492212 0.0873095 0.866085 -105.441 -0.0362832 0.99615 -0.0798007 -16.9715 -0.869719 0.00785457 0.493485 231.647 
0.47186 0.0854023 0.877528 -104.188 -0.0344781 0.996324 -0.0784242 -17.1357 -0.880999 0.00674975 0.47307 232.353 
0.450708 0.0849325 0.888622 -102.933 -0.0337558 0.996373 -0.0781102 -17.2821 -0.892033 0.00520869 0.45194 233.046 
0.43076 0.0835817 0.898588 -101.679 -0.0304583 0.996481 -0.0780862 -17.4268 -0.901952 0.00626697 0.43179 233.676 
0.410576 0.0835346 0.907992 -100.403 -0.0279006 0.996479 -0.0790592 -17.5744 -0.9114 0.00712626 0.411461 234.28 
0.39037 0.0824732 0.916957 -99.1156 -0.023978 0.996553 -0.0794241 -17.7278 -0.920346 0.00901802 0.391002 234.857 
0.369691 0.080543 0.925658 -97.8496 -0.0224968 0.99672 -0.0777414 -17.8709 -0.928883 0.00791595 0.37029 235.398 
0.349556 0.0802792 0.93347 -96.5387 -0.022018 0.996751 -0.0774763 -18.0136 -0.936657 0.00652913 0.350188 235.912 
0.329593 0.0850573 0.940284 -95.2299 -0.022321 0.996357 -0.0823056 -18.1525 -0.943859 0.00613923 0.330291 236.417 
0.310126 0.0943629 0.946001 -93.9148 -0.0235531 0.995519 -0.0915809 -18.2979 -0.950404 0.00612039 0.310959 236.901 
0.291037 0.101961 0.951263 -92.6191 -0.025994 0.99478 -0.0986727 -18.4555 -0.956359 0.00399021 0.292168 237.336 
0.271307 0.106033 0.956634 -91.3303 -0.0285394 0.994363 -0.102121 -18.6138 -0.96207 0.000404347 0.272804 237.757 
0.251442 0.107107 0.961928 -90.0217 -0.030217 0.994242 -0.102807 -18.7761 -0.967401 -0.00321675 0.25323 238.155 
0.231231 0.107491 0.966943 -88.7448 -0.0346452 0.994157 -0.102231 -18.9393 -0.972282 -0.0098609 0.233604 238.511 
0.211678 0.107655 0.971392 -87.4607 -0.0362352 0.994096 -0.102275 -19.0977 -0.976668 -0.0135491 0.214329 238.847 
0.192583 0.106357 0.9755 -86.1917 -0.0364958 0.994197 -0.101191 -19.2474 -0.980602 -0.016114 0.195347 239.134 
0.174022 0.106311 0.978986 -84.947 -0.0364446 0.99417 -0.101482 -19.3997 -0.984067 -0.0180187 0.176882 239.391 
0.155775 0.106921 0.981989 -83.708 -0.035652 0.994085 -0.102583 -19.5509 -0.987149 -0.0190301 0.158666 239.623 
0.136751 0.11033 0.984442 -82.4843 -0.0397675 0.993589 -0.105831 -19.6995 -0.989807 -0.0246763 0.140262 239.833 
0.118296 0.112251 0.986613 -81.2552 -0.0400771 0.99332 -0.108209 -19.8493 -0.992169 -0.0267399 0.122004 240.02 
0.101385 0.109529 0.9888 -80.0054 -0.0401104 0.993563 -0.105944 -19.9972 -0.994038 -0.0289199 0.105126 240.184 
0.0858535 0.104654 0.990796 -78.7615 -0.0376295 0.994099 -0.101742 -20.1719 -0.995597 -0.0285482 0.089285 240.319 
0.0716017 0.100484 0.992359 -77.5471 -0.0369089 0.994498 -0.0980375 -20.3167 -0.99675 -0.0296073 0.0749165 240.435 
0.0591809 0.097112 0.993512 -76.362 -0.0347298 0.994855 -0.0951744 -20.4599 -0.997643 -0.028872 0.062249 240.521 
0.048728 0.0969971 0.994091 -75.1895 -0.0346177 0.99484 -0.0953732 -20.6031 -0.998212 -0.0297658 0.0518344 240.6 
0.0403425 0.0992467 0.994245 -74.0356 -0.035147 0.99458 -0.097854 -20.7401 -0.998568 -0.0309971 0.0436121 240.667 
0.0334647 0.100951 0.994328 -72.8945 -0.0362726 0.994353 -0.0997328 -20.8732 -0.998782 -0.0327294 0.0369375 240.737 
0.0273524 0.10524 0.994071 -71.771 -0.0366381 0.99388 -0.104212 -21.0094 -0.998954 -0.0335704 0.0310408 240.803 
0.0216563 0.11363 0.993287 -70.6662 -0.0358539 0.992969 -0.112812 -21.1541 -0.999122 -0.0331701 0.0255782 240.86 
0.0161804 0.11597 0.993121 -69.564 -0.0373724 0.992627 -0.115303 -21.2958 -0.99917 -0.0352497 0.0203952 240.923 
0.0127692 0.107428 0.994131 -68.4632 -0.0360012 0.993617 -0.10691 -21.4385 -0.99927 -0.0344248 0.0165552 240.957 
0.0100235 0.0977111 0.995164 -67.3575 -0.0351571 0.994634 -0.0973048 -21.5709 -0.999332 -0.0340117 0.0134049 240.998 
0.00848712 0.0939071 0.995545 -66.2932 -0.0345396 0.995014 -0.0935625 -21.6937 -0.999367 -0.0335916 0.0116883 241.04 
0.00861442 0.0960072 0.995343 -65.2203 -0.0354441 0.994784 -0.0956464 -21.8152 -0.999335 -0.0344551 0.0119724 241.07 
0.00853504 0.0988885 0.995062 -64.164 -0.0348964 0.994522 -0.0985355 -21.9386 -0.999355 -0.0338831 0.0119391 241.111 
0.00992215 0.101269 0.99481 -63.1105 -0.0375503 0.994195 -0.100832 -22.0643 -0.999246 -0.0363549 0.0136672 241.151 
0.0117287 0.102082 0.994707 -62.0623 -0.0395948 0.994043 -0.101546 -22.1848 -0.999147 -0.0381943 0.0157008 241.194 
0.0143219 0.1039 0.994485 -61.0153 -0.0405893 0.993827 -0.103246 -22.3033 -0.999073 -0.0388868 0.0184507 241.245 
0.0179327 0.104836 0.994328 -59.9993 -0.0430601 0.993646 -0.103987 -22.4236 -0.998912 -0.0409511 0.022333 241.292 
0.0220089 0.106082 0.994114 -58.9804 -0.0442356 0.993484 -0.105036 -22.5418 -0.998779 -0.0416635 0.0265581 241.345 
0.0281549 0.105185 0.994054 -57.9739 -0.0450872 0.99357 -0.103857 -22.6591 -0.998586 -0.0418951 0.0327164 241.402 
0.0347553 0.103511 0.994021 -56.9637 -0.0435619 0.993833 -0.101969 -22.7784 -0.998446 -0.0397575 0.0390502 241.46 
0.0418992 0.102978 0.993801 -55.9671 -0.0419355 0.993979 -0.101228 -22.8935 -0.998241 -0.0374342 0.0459653 241.518 
0.0490821 0.103745 0.993392 -54.9785 -0.0408419 0.993967 -0.101787 -23.0085 -0.997959 -0.0355761 0.0530231 241.593 
0.0557574 0.103219 0.993095 -53.9912 -0.0410704 0.994037 -0.101011 -23.128 -0.997599 -0.0351547 0.0596642 241.677 
0.0619619 0.102495 0.992802 -53.0001 -0.0424449 0.994084 -0.099978 -23.2365 -0.997176 -0.0359445 0.0659457 241.776 
0.0684352 0.100347 0.992596 -51.9928 -0.0426359 0.994314 -0.0975811 -23.3485 -0.996744 -0.0356422 0.0723245 241.878 
0.0747852 0.0986828 0.992305 -51.0056 -0.042509 0.994502 -0.0956976 -23.4584 -0.996293 -0.0350251 0.078569 241.981 
0.0812646 0.0993912 0.991725 -50.0244 -0.0431554 0.994433 -0.0961263 -23.5659 -0.995758 -0.0349866 0.0851015 242.094 
0.0877897 0.101583 0.990946 -49.0528 -0.0431538 0.994241 -0.0980977 -23.6749 -0.995204 -0.0341512 0.0916678 242.205 
0.0940862 0.102899 0.990232 -48.0822 -0.0428219 0.994142 -0.0992367 -23.7857 -0.994643 -0.0330669 0.0979414 242.323 
0.10019 0.104415 0.989474 -47.1169 -0.0445641 0.993951 -0.100375 -23.8984 -0.99397 -0.0340384 0.104237 242.452 
0.106281 0.105385 0.988736 -46.1621 -0.0466833 0.9938 -0.100907 -24.0047 -0.99324 -0.035433 0.110542 242.585 
0.112801 0.104904 0.988064 -45.2024 -0.0476038 0.99384 -0.100083 -24.1127 -0.992477 -0.0357462 0.1171 242.725 
0.118837 0.102976 0.98756 -44.236 -0.0483052 0.994029 -0.0978378 -24.2159 -0.991738 -0.0360775 0.123102 242.869 
0.124818 0.10135 0.98699 -43.2778 -0.0482602 0.994212 -0.0959881 -24.3248 -0.991005 -0.0356512 0.128987 243.022 
0.131135 0.100805 0.986226 -42.3229 -0.0477019 0.994306 -0.0952885 -24.4309 -0.990216 -0.0345492 0.135197 243.174 
0.138288 0.101508 0.985177 -41.3872 -0.0468381 0.994291 -0.0958723 -24.54 -0.989284 -0.0328858 0.142253 243.331 
0.145113 0.101852 0.984159 -40.4692 -0.0450781 0.994335 -0.0962582 -24.6417 -0.988388 -0.0303957 0.148882 243.496 
0.153743 0.103994 0.982623 -39.5155 -0.044761 0.994159 -0.0982109 -24.7375 -0.987097 -0.028884 0.1575 243.662 
