1 2.12261e-08 -2.11895e-08 0 2.12261e-08 1 2.10703e-08 0 -2.11895e-08 2.10703e-08 1 0 
0.999875 0.00150725 0.0157302 0.0086147 -0.00149259 0.999998 -0.000940996 -0.000952223 -0.0157316 0.000917442 0.999876 0.118896 
0.999295 0.00473103 0.0372426 0.020765 -0.00470967 0.999989 -0.000660229 -0.00146826 -0.0372453 0.000484404 0.999306 0.270079 
0.997898 0.00640143 0.0644917 0.0473109 -0.00645535 0.999979 0.00062839 -0.00466749 -0.0644864 -0.00104335 0.997918 0.435435 
0.995106 0.00623196 0.0986147 0.0889888 -0.00654899 0.999974 0.00289198 -0.00306587 -0.0985942 -0.00352361 0.995122 0.591171 
0.990614 0.00271711 0.136663 0.155656 -0.00338412 0.999984 0.00464887 -4.52755e-05 -0.136648 -0.00506769 0.990607 0.768527 
0.984341 -0.00010473 0.176272 0.230336 -0.000785194 0.999987 0.00497908 -0.00143361 -0.176271 -0.00503948 0.984329 0.954375 
0.975489 -2.68068e-05 0.220049 0.308376 -0.00136463 0.99998 0.00617151 0.00355897 -0.220044 -0.00632049 0.975469 1.14154 
0.963468 0.000485086 0.267822 0.41205 -0.00296377 0.999956 0.00885096 0.00532799 -0.267806 -0.00932135 0.963428 1.34071 
0.948995 -0.00318981 0.315277 0.539081 -0.00197696 0.999869 0.016067 0.0042802 -0.315286 -0.0158708 0.948864 1.53545 
0.931956 -0.0131622 0.362331 0.638094 0.00457002 0.999688 0.0245606 -0.017913 -0.362542 -0.0212335 0.931726 1.69712 
0.910477 -0.0186501 0.413138 0.770212 0.00729976 0.999552 0.0290352 -0.0225117 -0.413495 -0.02342 0.910205 1.88783 
0.884991 -0.0203119 0.465164 0.906489 0.00566053 0.999444 0.0328726 -0.0238452 -0.465573 -0.0264589 0.884614 2.08152 
0.856215 -0.0222885 0.516138 1.07098 0.00353174 0.999298 0.0372942 -0.0188679 -0.516607 -0.030109 0.855693 2.28749 
0.823619 -0.0271904 0.566491 1.24041 0.00435794 0.999124 0.04162 -0.0214605 -0.567127 -0.0318103 0.823016 2.46677 
0.787132 -0.0326875 0.615918 1.43389 0.00617081 0.998962 0.0451299 -0.0274197 -0.616754 -0.0317225 0.786516 2.6461 
0.748283 -0.0367512 0.66236 1.64278 0.00682692 0.998838 0.0477082 -0.0234545 -0.663344 -0.0311773 0.747665 2.83976 
0.707902 -0.039809 0.705188 1.88709 0.00752176 0.998779 0.048832 -0.0229715 -0.706271 -0.0292639 0.707337 3.02773 
0.664885 -0.0416475 0.745783 2.13156 0.00644957 0.998727 0.050023 -0.0120151 -0.746918 -0.0284496 0.664308 3.23349 
0.62146 -0.0415461 0.782344 2.42401 0.00122288 0.998643 0.0520613 0.00178268 -0.783445 -0.0313973 0.620668 3.44999 
0.578981 -0.0424891 0.814233 2.74839 -0.00187919 0.998569 0.0534446 0.0112058 -0.815339 -0.0324735 0.578073 3.65605 
0.538197 -0.0435277 0.841695 3.09618 -0.00335357 0.998547 0.0537837 0.035555 -0.842813 -0.0317689 0.537269 3.8541 
0.499284 -0.0461014 0.865211 3.47493 -0.00520618 0.998406 0.0562028 0.0352793 -0.866423 -0.0325656 0.498248 4.04449 
0.46136 -0.0456462 0.886038 3.87755 -0.00864579 0.998397 0.0559366 0.0563373 -0.887171 -0.0334674 0.460226 4.2405 
0.424542 -0.0449863 0.90429 4.31912 -0.00979665 0.998478 0.0542713 0.0723325 -0.905355 -0.0318994 0.423455 4.43053 
0.39052 -0.0435436 0.919564 4.78533 -0.00844483 0.998669 0.0508758 0.0925211 -0.920556 -0.0276335 0.389632 4.61803 
0.36047 -0.0417777 0.931835 5.28126 -0.00668755 0.998855 0.0473696 0.116862 -0.932747 -0.023307 0.359778 4.79729 
0.334769 -0.03981 0.941459 5.81505 -0.0053847 0.99901 0.0441583 0.142597 -0.942285 -0.0198523 0.334223 4.97902 
0.314727 -0.0393424 0.948367 6.38091 -0.00394684 0.999078 0.042756 0.16494 -0.949174 -0.0171995 0.314281 5.15362 
0.300527 -0.039461 0.952957 6.97682 -0.00292017 0.999101 0.0422928 0.200203 -0.953769 -0.0154929 0.300142 5.32132 
0.288729 -0.0410825 0.956529 7.59779 -0.00201343 0.999051 0.0435166 0.218066 -0.957409 -0.0144904 0.288373 5.5182 
0.277843 -0.0427496 0.959675 8.24819 -0.00335326 0.99896 0.0454705 0.247562 -0.960621 -0.0158517 0.277411 5.71324 
0.267101 -0.0445093 0.96264 8.91616 -0.00483681 0.998858 0.0475261 0.278193 -0.963656 -0.0173504 0.266581 5.91183 
0.257241 -0.0460142 0.965251 9.61113 -0.00537838 0.998782 0.0490461 0.31144 -0.966332 -0.0178082 0.256681 6.09947 
0.247065 -0.0477466 0.967822 10.3348 -0.00585864 0.998693 0.0507653 0.348206 -0.968981 -0.0182125 0.246463 6.29055 
0.237031 -0.0496728 0.970231 11.0735 -0.0059323 0.998599 0.0525745 0.372907 -0.971484 -0.0182175 0.236405 6.46587 
0.227126 -0.0511257 0.972523 11.8356 -0.00578147 0.998533 0.0538433 0.406278 -0.973848 -0.0178518 0.226497 6.64121 
0.216319 -0.0540813 0.974824 12.6047 -0.00745682 0.998344 0.0570409 0.432505 -0.976294 -0.0196081 0.215557 6.82593 
0.204633 -0.0574445 0.977152 13.3964 -0.00906789 0.998122 0.0605764 0.473445 -0.978797 -0.0212566 0.203728 7.00818 
0.191845 -0.0615534 0.979493 14.1941 -0.0099061 0.997859 0.0646478 0.509921 -0.981375 -0.0221053 0.190824 7.18588 
0.179126 -0.0635527 0.981771 14.9926 -0.01068 0.997727 0.0665342 0.550642 -0.983768 -0.0224033 0.17804 7.33459 
0.165284 -0.0642552 0.984151 15.791 -0.0110475 0.997692 0.0669948 0.5847 -0.986184 -0.0219456 0.164192 7.47582 
0.150957 -0.063132 0.986522 16.5922 -0.0123023 0.997761 0.0657338 0.624758 -0.988464 -0.0220594 0.149842 7.60399 
0.134361 -0.0624957 0.98896 17.4021 -0.0132596 0.997807 0.0648563 0.656388 -0.990844 -0.0218274 0.133238 7.72336 
0.113694 -0.0608633 0.99165 18.2251 -0.0162018 0.997876 0.063103 0.693951 -0.993384 -0.023241 0.112467 7.83142 
0.0877918 -0.0598399 0.99434 19.0532 -0.0200357 0.997886 0.0618224 0.727926 -0.995937 -0.0253498 0.0864072 7.91636 
0.0573119 -0.0595244 0.99658 19.8855 -0.0243316 0.997841 0.060999 0.759218 -0.99806 -0.0277444 0.0557399 7.97858 
0.0241308 -0.058987 0.997967 20.7286 -0.0274787 0.997841 0.0596441 0.799192 -0.999331 -0.0288621 0.0224578 8.00438 
-0.0104476 -0.0585009 0.998233 21.5794 -0.0294889 0.997871 0.0581711 0.831037 -0.999511 -0.028829 -0.0121505 8.00065 
-0.044642 -0.0573299 0.997357 22.4182 -0.0300339 0.997978 0.0560214 0.861229 -0.998552 -0.0274536 -0.0462735 7.9689 
-0.0775122 -0.0554128 0.99545 23.2584 -0.0320817 0.998076 0.0530609 0.888782 -0.996475 -0.0278229 -0.0791408 7.90902 
-0.10985 -0.0525207 0.99256 24.1002 -0.0347801 0.998195 0.0489697 0.915076 -0.99334 -0.0291421 -0.111478 7.81739 
-0.14229 -0.047944 0.988663 24.9328 -0.0317546 0.998533 0.0438525 0.940246 -0.989316 -0.0251548 -0.143603 7.69648 
-0.173998 -0.0417062 0.983862 25.7582 -0.0256619 0.998956 0.0378076 0.961363 -0.984412 -0.0186693 -0.174887 7.54993 
-0.20414 -0.0351221 0.978311 26.5699 -0.0186357 0.999315 0.0319875 0.972646 -0.978764 -0.0117016 -0.204655 7.37516 
-0.232773 -0.0296041 0.972081 27.3905 -0.0130193 0.999542 0.0273228 0.98233 -0.972444 -0.00629576 -0.233052 7.16928 
-0.260783 -0.023802 0.965104 28.1736 -0.00376032 0.999714 0.0236395 0.965475 -0.96539 0.00253568 -0.260798 6.97149 
-0.287012 -0.0132641 0.957835 28.982 0.00229293 0.999892 0.0145336 0.95726 -0.957924 0.00636758 -0.286951 6.7219 
-0.312304 0.00222083 0.94998 29.7708 0.00659112 0.999978 -0.000170862 0.947351 -0.949959 0.00620807 -0.312312 6.46294 
-0.33737 0.0193114 0.941174 30.5612 0.00742125 0.999813 -0.0178543 0.921563 -0.941343 0.000961163 -0.33745 6.20517 
-0.362462 0.0341363 0.931373 31.3443 0.00771372 0.999405 -0.0336278 0.893442 -0.931967 -0.00500446 -0.36251 5.89649 
-0.38654 0.0449163 0.921178 32.1125 0.011537 0.998971 -0.0438683 0.859658 -0.922201 -0.00632925 -0.38666 5.57072 
-0.410359 0.0485864 0.910629 32.8356 0.0140735 0.998798 -0.0469487 0.804927 -0.911815 -0.00645012 -0.41055 5.26394 
-0.4328 0.0485247 0.900183 33.5815 0.018058 0.998817 -0.0451594 0.752945 -0.901309 -0.00328947 -0.433164 4.90142 
-0.452975 0.0440265 0.890436 34.299 0.0211974 0.999029 -0.0386124 0.705596 -0.891271 0.00138445 -0.453468 4.55193 
-0.470471 0.0429377 0.88137 35.0284 0.0291608 0.999026 -0.0331036 0.660585 -0.881934 0.0101271 -0.471265 4.15382 
-0.484356 0.0433622 0.873796 35.7373 0.0302886 0.999003 -0.0327862 0.622547 -0.874346 0.0105858 -0.485187 3.76268 
-0.495626 0.0474965 0.867237 36.414 0.0351239 0.998783 -0.0346276 0.566729 -0.867826 0.0132984 -0.496691 3.40055 
-0.505962 0.0498917 0.861112 37.0838 0.0361174 0.998676 -0.0366405 0.51926 -0.861799 0.0125624 -0.507094 3.04122 
-0.516899 0.0491414 0.854635 37.7501 0.0302349 0.998776 -0.0391428 0.47107 -0.855513 0.0056069 -0.517752 2.66525 
-0.527708 0.0478986 0.848075 38.4253 0.0300147 0.998837 -0.0377371 0.424564 -0.848896 0.00554057 -0.528531 2.25504 
-0.53663 0.0492146 0.842381 39.0841 0.0317791 0.998768 -0.0381067 0.385734 -0.843219 0.00632092 -0.537533 1.85891 
-0.544298 0.0521385 0.83727 39.7628 0.0348714 0.99861 -0.0395161 0.343128 -0.838167 0.00768822 -0.54536 1.44115 
-0.54781 0.0550581 0.834789 40.4566 0.0361389 0.998458 -0.0421375 0.293657 -0.835822 0.00708506 -0.548955 1.0006 
-0.54725 0.0571864 0.835013 41.1595 0.0363936 0.998345 -0.0445207 0.24476 -0.836178 0.00602519 -0.548426 0.551043 
-0.544471 0.0575625 0.836802 41.8803 0.038656 0.998304 -0.0435202 0.204006 -0.837888 0.00865195 -0.545773 0.12165 
-0.539275 0.0561315 0.840257 42.5854 0.0364729 0.998397 -0.0432875 0.153757 -0.84134 0.00730276 -0.540458 -0.285241 
-0.532174 0.0548899 0.844854 43.3522 0.0339897 0.998477 -0.0434606 0.111633 -0.845952 0.00558771 -0.53323 -0.751454 
-0.525057 0.0545763 0.849315 44.1221 0.0336615 0.998493 -0.0433523 0.0571419 -0.850401 0.00582677 -0.526103 -1.20049 
-0.518764 0.0531802 0.853262 44.9251 0.0307629 0.998578 -0.043534 0.0068062 -0.854364 0.00366495 -0.519663 -1.66792 
-0.514956 0.050618 0.855721 45.728 0.0256308 0.998718 -0.0436525 -0.0381998 -0.856834 -0.000546332 -0.515593 -2.11015 
-0.514257 0.047497 0.85632 46.5353 0.021218 0.998864 -0.042661 -0.101037 -0.857374 -0.00376934 -0.514681 -2.53542 
-0.515451 0.0445995 0.855758 47.3197 0.0185056 0.998991 -0.0409178 -0.168606 -0.85672 -0.00525483 -0.515756 -2.9462 
-0.51715 0.0433572 0.854796 48.1308 0.0167407 0.999037 -0.0405453 -0.215317 -0.855731 -0.00665815 -0.517378 -3.38573 
-0.518391 0.0424584 0.854089 48.9684 0.0171133 0.999082 -0.0392792 -0.272116 -0.854973 -0.00574572 -0.518641 -3.83622 
-0.519149 0.0419706 0.853653 49.8243 0.0165538 0.9991 -0.0390544 -0.325284 -0.854524 -0.00614383 -0.519376 -4.33178 
-0.520011 0.0410991 0.85317 50.7052 0.0167635 0.99914 -0.0379134 -0.37173 -0.853995 -0.00541331 -0.520253 -4.82217 
-0.520693 0.0406679 0.852775 51.6108 0.0158645 0.999153 -0.0379618 -0.426515 -0.853597 -0.00623757 -0.520897 -5.32908 
-0.521376 0.0389732 0.852436 52.4962 0.0138676 0.999212 -0.0372019 -0.477864 -0.853214 -0.00757493 -0.521506 -5.838 
-0.521496 0.0381493 0.852401 53.3823 0.0128776 0.999238 -0.0368425 -0.533691 -0.853157 -0.00823632 -0.52159 -6.35845 
-0.521305 0.0369665 0.85257 54.2318 0.0117439 0.999278 -0.0361468 -0.598642 -0.85329 -0.008831 -0.521362 -6.83616 
-0.520952 0.0350296 0.852867 55.0969 0.0104818 0.999345 -0.0346432 -0.65503 -0.853522 -0.00910791 -0.520978 -7.31242 
-0.518987 0.0330115 0.854145 55.9655 0.0111207 0.99943 -0.0318695 -0.713553 -0.85471 -0.00704119 -0.519058 -7.8191 
-0.517519 0.0315369 0.85509 56.8332 0.0107261 0.999481 -0.0303705 -0.761962 -0.855604 -0.00654557 -0.517589 -8.29173 
-0.516338 0.0311884 0.855817 57.7278 0.0107783 0.999494 -0.0299215 -0.818256 -0.856317 -0.00622535 -0.516413 -8.76477 
-0.514998 0.0315104 0.856612 58.6164 0.0103885 0.99948 -0.0305201 -0.862755 -0.857129 -0.00681894 -0.515057 -9.26072 
-0.514945 0.0322328 0.856617 59.5392 0.0103922 0.999454 -0.0313603 -0.909616 -0.85716 -0.00724674 -0.514999 -9.74554 
-0.516759 0.0334264 0.855478 60.4163 0.00891862 0.999394 -0.0336622 -0.961396 -0.856085 -0.00976558 -0.516744 -10.2236 
-0.520518 0.0348339 0.85314 61.2865 0.00692382 0.999307 -0.0365775 -1.02041 -0.853822 -0.0131323 -0.520399 -10.7061 
-0.525628 0.0353745 0.849979 62.1639 0.00578337 0.999261 -0.0380109 -1.07578 -0.850695 -0.0150639 -0.525444 -11.2077 
-0.531299 0.0341483 0.846496 63.0339 0.00722037 0.999334 -0.035782 -1.12624 -0.847153 -0.0128989 -0.531192 -11.7258 
-0.537369 0.0319656 0.842741 63.9026 0.0083384 0.999434 -0.0325921 -1.17795 -0.843306 -0.0104869 -0.537331 -12.2413 
-0.542681 0.0297662 0.839411 64.7576 0.00543817 0.999475 -0.0319264 -1.22352 -0.839921 -0.012761 -0.542559 -12.7725 
-0.54793 0.0326735 0.835886 65.6035 0.00719505 0.999384 -0.034348 -1.28187 -0.836493 -0.0128061 -0.547828 -13.3013 
-0.553153 0.0340886 0.832382 66.4207 0.00723662 0.999321 -0.0361163 -1.33441 -0.833048 -0.0139542 -0.553024 -13.8265 
-0.557681 0.0347563 0.829327 67.2387 0.00546759 0.999255 -0.0382011 -1.38727 -0.830037 -0.0167696 -0.557456 -14.3517 
-0.561594 0.0349134 0.826676 68.0551 0.0042805 0.999219 -0.0392926 -1.44041 -0.827402 -0.0185279 -0.561304 -14.8813 
-0.564244 0.0345968 0.824883 68.8635 0.00551863 0.999257 -0.0381353 -1.49173 -0.82559 -0.0169654 -0.564015 -15.4287 
-0.56689 0.0276462 0.82333 69.6821 0.00610441 0.99955 -0.0293603 -1.54183 -0.823771 -0.0116181 -0.566803 -15.9678 
-0.568562 0.0191048 0.822419 70.488 0.00617973 0.999801 -0.0189532 -1.59514 -0.822617 -0.00569373 -0.568567 -16.5152 
-0.570385 0.0178466 0.821184 71.2836 0.00673031 0.999832 -0.0170543 -1.62812 -0.82135 -0.00420071 -0.570409 -17.0353 
-0.571456 0.0221048 0.820335 72.0715 0.00643239 0.999727 -0.0224578 -1.66326 -0.820607 -0.00755696 -0.571442 -17.5643 
-0.572646 0.0284095 0.81931 72.8608 0.00796925 0.999545 -0.0290891 -1.70217 -0.819764 -0.0101285 -0.572612 -18.1008 
-0.572655 0.0325017 0.819152 73.6568 0.0130534 0.999449 -0.03053 -1.73707 -0.819693 -0.00679047 -0.572763 -18.6604 
-0.572329 0.0339019 0.819323 74.4451 0.0167256 0.99942 -0.0296703 -1.78435 -0.819853 -0.00327753 -0.572564 -19.2084 
-0.572095 0.0306162 0.819615 75.2326 0.015146 0.999527 -0.0267647 -1.82794 -0.820047 -0.00289802 -0.572289 -19.7329 
-0.57132 0.0256281 0.820327 76.0155 0.0134609 0.999671 -0.0218561 -1.86404 -0.820617 -0.00144452 -0.571477 -20.2618 
-0.571026 0.0190263 0.820711 76.8066 0.0103455 0.999819 -0.0159804 -1.9018 -0.820867 -0.000634606 -0.57112 -20.7755 
-0.570746 0.0134977 0.821016 77.6022 0.00181948 0.999883 -0.0151735 -1.93278 -0.821125 -0.00716639 -0.570703 -21.2895 
-0.569233 0.00809403 0.822137 78.3952 -0.0060898 0.999883 -0.0140604 -1.95864 -0.822154 -0.0130103 -0.569116 -21.8014 
-0.567138 0.00903565 0.823573 79.1802 -0.00227894 0.999919 -0.0125397 -1.99208 -0.82362 -0.00898863 -0.567072 -22.3266 
-0.564265 0.0121891 0.825504 79.961 0.00125303 0.999903 -0.0139077 -2.0247 -0.825593 -0.00681327 -0.564225 -22.8446 
-0.558996 0.0153958 0.829028 80.7416 0.00295889 0.999858 -0.0165732 -2.04683 -0.829165 -0.00681135 -0.558962 -23.3508 
-0.551459 0.0177704 0.834012 81.5316 0.0081258 0.99984 -0.0159308 -2.07758 -0.834162 -0.00200818 -0.551516 -23.857 
-0.54362 0.0215998 0.839053 82.3272 0.0156176 0.999756 -0.0156182 -2.10974 -0.839186 0.00461368 -0.543825 -24.3625 
-0.534326 0.0206406 0.845027 83.1267 0.0121733 0.999786 -0.0167233 -2.13263 -0.845191 0.00135106 -0.534463 -24.8431 
-0.522899 0.0185629 0.852192 83.9342 0.0107536 0.999827 -0.0151804 -2.16141 -0.852327 0.00122631 -0.523008 -25.3255 
-0.511412 0.015297 0.859199 84.7391 0.0114169 0.999874 -0.0110059 -2.19565 -0.85926 0.00418078 -0.511523 -25.7877 
-0.50072 0.0149427 0.86548 85.5557 0.0106055 0.999882 -0.0111274 -2.22066 -0.865544 0.00360716 -0.500819 -26.2359 
-0.488914 0.013905 0.872221 86.3632 0.0111795 0.999891 -0.00967374 -2.24772 -0.87226 0.00502137 -0.489016 -26.6722 
-0.477332 0.0152354 0.878591 87.1798 0.0126254 0.999865 -0.0104791 -2.27327 -0.878632 0.00609053 -0.47746 -27.094 
-0.465376 0.019043 0.884908 88.0058 0.0121945 0.999812 -0.0151026 -2.30698 -0.885029 0.00376261 -0.46552 -27.5138 
-0.45408 0.028433 0.890507 88.8194 0.0152969 0.999592 -0.0241158 -2.33793 -0.89083 0.00267145 -0.45433 -27.9127 
-0.442416 0.0328697 0.896208 89.6494 0.0144058 0.99946 -0.0295451 -2.36829 -0.896694 -0.000160681 -0.44265 -28.2923 
-0.431205 0.0292927 0.901778 90.4959 0.0128209 0.999571 -0.0263388 -2.41204 -0.902163 0.000204187 -0.431396 -28.6773 
-0.419309 0.0256571 0.907481 91.3344 0.0116741 0.99967 -0.0228694 -2.45138 -0.907768 0.0010047 -0.41947 -29.0501 
-0.409816 0.0264238 0.911786 92.1738 0.00866436 0.999648 -0.0250757 -2.49182 -0.912127 -0.00237638 -0.4099 -29.4041 
-0.403228 0.0302856 0.914599 93.008 0.00308467 0.999492 -0.0317367 -2.53593 -0.915095 -0.00997588 -0.403116 -29.7469 
-0.399018 0.0355507 0.916254 93.8365 -0.00202621 0.999212 -0.0396519 -2.57431 -0.916941 -0.0176784 -0.398632 -30.0707 
-0.395998 0.0368042 0.917514 94.6677 -0.0059154 0.999074 -0.0426289 -2.62941 -0.918233 -0.0223084 -0.395413 -30.3968 
-0.392385 0.0364428 0.919079 95.5045 -0.00793402 0.999044 -0.0430007 -2.68183 -0.919767 -0.0241649 -0.391721 -30.7319 
-0.387566 0.0360572 0.921137 96.3387 -0.00954411 0.999024 -0.0431216 -2.74041 -0.921793 -0.0255039 -0.386844 -31.0588 
-0.381553 0.0314504 0.923812 97.1854 -0.0127606 0.999147 -0.0392855 -2.79247 -0.924259 -0.0267779 -0.380826 -31.3893 
-0.376843 0.0281363 0.92585 98.0271 -0.0130277 0.999279 -0.0356704 -2.83912 -0.926186 -0.0255038 -0.376205 -31.702 
-0.371267 0.0250191 0.928189 98.8726 -0.0161087 0.999313 -0.0333795 -2.88727 -0.928386 -0.0273447 -0.370609 -32.0124 
-0.365251 0.0230312 0.930624 99.7234 -0.0246175 0.999105 -0.0343878 -2.93446 -0.930584 -0.0354698 -0.364357 -32.3195 
-0.359563 0.0229781 0.932838 100.561 -0.0318211 0.998813 -0.0368686 -2.98166 -0.932578 -0.0429405 -0.358405 -32.6063 
-0.353053 0.0271078 0.93521 101.398 -0.0307069 0.998706 -0.0405404 -3.02825 -0.935099 -0.0430303 -0.351764 -32.9018 
-0.346043 0.0304013 0.937726 102.24 -0.0284805 0.998674 -0.0428871 -3.07747 -0.937786 -0.0415477 -0.344719 -33.1961 
-0.339974 0.0285815 0.940001 103.097 -0.030445 0.99868 -0.0413768 -3.123 -0.939942 -0.0426853 -0.338654 -33.4786 
-0.333357 0.0231631 0.942516 103.96 -0.0312055 0.998879 -0.0355853 -3.18123 -0.942284 -0.0412743 -0.33226 -33.7559 
-0.326761 0.0208295 0.944878 104.82 -0.0327311 0.998908 -0.0333397 -3.22523 -0.94454 -0.0418209 -0.325722 -34.0269 
-0.320696 0.0236171 0.946888 105.674 -0.0351014 0.998706 -0.0367978 -3.27212 -0.946531 -0.045038 -0.319452 -34.2906 
-0.314512 0.0264798 0.948884 106.533 -0.0346647 0.998624 -0.0393575 -3.31709 -0.94862 -0.0452712 -0.313161 -34.5535 
-0.308061 0.0264865 0.950998 107.388 -0.0382248 0.998461 -0.0401907 -3.36855 -0.950598 -0.0487329 -0.306575 -34.8007 
-0.301612 0.0255597 0.953088 108.228 -0.0389378 0.998476 -0.0390991 -3.42511 -0.952635 -0.0489039 -0.300157 -35.048 
-0.293368 0.0252024 0.955667 109.066 -0.0349567 0.998701 -0.0370681 -3.47626 -0.95536 -0.0442816 -0.292106 -35.2958 
-0.286312 0.0266592 0.957765 109.927 -0.0312887 0.99882 -0.0371553 -3.52002 -0.957625 -0.0406052 -0.28514 -35.5287 
-0.280453 0.0262438 0.959509 110.79 -0.0329225 0.998775 -0.0369407 -3.5742 -0.959303 -0.0419496 -0.279246 -35.745 
-0.273866 0.0250931 0.96144 111.661 -0.0388938 0.998553 -0.0371406 -3.61776 -0.960981 -0.0475656 -0.272494 -35.9643 
-0.268114 0.0228522 0.963116 112.526 -0.0434914 0.998412 -0.0357968 -3.66818 -0.962405 -0.0514849 -0.266694 -36.1728 
-0.263639 0.0227665 0.964353 113.385 -0.0408115 0.998563 -0.0347313 -3.71717 -0.963758 -0.0485132 -0.262331 -36.3903 
-0.259423 0.0231994 0.965485 114.254 -0.0394184 0.998624 -0.0345873 -3.76031 -0.964959 -0.0470306 -0.258151 -36.6015 
-0.254942 0.0243592 0.96665 115.121 -0.0388212 0.998619 -0.0354034 -3.80348 -0.966177 -0.0465523 -0.253644 -36.8074 
-0.24876 0.0234414 0.968282 115.996 -0.0324946 0.998942 -0.0325318 -3.84985 -0.96802 -0.0395565 -0.247735 -37.0254 
-0.243579 0.022354 0.969623 116.864 -0.0252926 0.999248 -0.0293907 -3.89169 -0.969551 -0.0316833 -0.242831 -37.2354 
-0.238834 0.0218556 0.970815 117.737 -0.0234471 0.999325 -0.0282658 -3.93017 -0.970777 -0.0295136 -0.23816 -37.434 
-0.234901 0.0238335 0.971727 118.61 -0.0251733 0.999215 -0.0305929 -3.96647 -0.971693 -0.0316479 -0.234116 -37.6226 
-0.23169 0.0257397 0.972449 119.488 -0.0270339 0.999093 -0.0328858 -4.00188 -0.972414 -0.0339084 -0.230784 -37.8074 
-0.229908 0.0250448 0.97289 120.354 -0.0294784 0.999031 -0.0326839 -4.04568 -0.972766 -0.0361935 -0.228947 -37.9924 
-0.22848 0.023991 0.973253 121.217 -0.0293564 0.999072 -0.0315191 -4.08937 -0.973106 -0.0357727 -0.227563 -38.1763 
-0.227403 0.0196131 0.973603 122.087 -0.0279996 0.999252 -0.0266696 -4.12902 -0.973398 -0.0333253 -0.226684 -38.3671 
-0.22614 0.0146972 0.973984 122.954 -0.0286923 0.999352 -0.0217417 -4.16582 -0.973672 -0.0328625 -0.225571 -38.5515 
-0.22519 0.0126323 0.974233 123.815 -0.0284416 0.999405 -0.0195328 -4.20473 -0.9739 -0.0321074 -0.224696 -38.7358 
-0.22426 0.0170053 0.974381 124.664 -0.0284464 0.999308 -0.0239874 -4.24251 -0.974114 -0.033097 -0.223621 -38.9099 
-0.223938 0.0208285 0.974381 125.509 -0.0278138 0.999228 -0.0277519 -4.27915 -0.974207 -0.0333159 -0.223186 -39.0882 
-0.223771 0.020349 0.974429 126.363 -0.0303343 0.999152 -0.0278313 -4.31503 -0.97417 -0.0357864 -0.222964 -39.2654 
-0.223019 0.0190519 0.974628 127.198 -0.0322711 0.999117 -0.026915 -4.35997 -0.97428 -0.0374548 -0.222207 -39.4345 
-0.221875 0.0202575 0.974865 128.05 -0.0280156 0.999239 -0.0271402 -4.3926 -0.974673 -0.0333332 -0.221138 -39.6256 
-0.220652 0.0224515 0.975094 128.878 -0.0289985 0.999142 -0.0295671 -4.43749 -0.974921 -0.0348003 -0.219812 -39.7994 
-0.220888 0.023037 0.975027 129.71 -0.0372106 0.998794 -0.0320284 -4.48078 -0.974589 -0.043356 -0.219764 -39.958 
-0.219921 0.0248724 0.975201 130.546 -0.0431448 0.998449 -0.035195 -4.51807 -0.974563 -0.0498149 -0.218507 -40.1284 
-0.219999 0.028607 0.975081 131.362 -0.0401942 0.998455 -0.0383614 -4.56088 -0.974672 -0.047632 -0.218509 -40.293 
-0.218584 0.029461 0.975373 132.197 -0.0385128 0.998505 -0.0387905 -4.6108 -0.975058 -0.0460433 -0.217123 -40.4734 
-0.217174 0.0307318 0.975649 133.011 -0.0403421 0.998368 -0.0404273 -4.6514 -0.975299 -0.0481395 -0.21558 -40.6352 
-0.214835 0.0305694 0.976172 133.831 -0.0313188 0.99878 -0.03817 -4.69576 -0.976148 -0.0387728 -0.213616 -40.8134 
-0.21144 0.027541 0.977003 134.636 -0.0253574 0.999112 -0.0336519 -4.73758 -0.977062 -0.0318896 -0.210554 -40.9834 
-0.209754 0.0226462 0.977492 135.449 -0.0229639 0.999342 -0.0280801 -4.7813 -0.977485 -0.028337 -0.209096 -41.1442 
-0.207032 0.0213037 0.978102 136.217 -0.0222775 0.999401 -0.026483 -4.84037 -0.978081 -0.0272725 -0.206433 -41.2767 
-0.201948 0.026391 0.979041 137.032 -0.0210072 0.99929 -0.03127 -4.88522 -0.979171 -0.0268819 -0.201251 -41.4359 
-0.195606 0.0298546 0.980228 137.82 -0.0197192 0.999215 -0.0343678 -4.9169 -0.980484 -0.0260518 -0.194864 -41.5764 
-0.186907 0.0303234 0.981909 138.627 -0.0195491 0.999211 -0.0345789 -4.95715 -0.982183 -0.0256585 -0.186167 -41.7213 
-0.177449 0.026358 0.983777 139.434 -0.0170878 0.999408 -0.029859 -4.9959 -0.983982 -0.022109 -0.176894 -41.8531 
-0.165513 0.025068 0.985889 140.222 -0.0141437 0.999514 -0.0277889 -5.03512 -0.986106 -0.0185436 -0.165078 -41.9732 
-0.151452 0.027393 0.988085 141.005 -0.00894772 0.999537 -0.029082 -5.07566 -0.988424 -0.0132456 -0.151137 -42.0894 
-0.137768 0.0291456 0.990036 141.807 -0.0103219 0.99947 -0.0308597 -5.10209 -0.990411 -0.0144706 -0.137394 -42.179 
-0.1242 0.0291276 0.99183 142.589 -0.00902813 0.999495 -0.0304831 -5.13848 -0.992216 -0.0127404 -0.123874 -42.2554 
-0.110835 0.0307017 0.993365 143.369 -0.0090227 0.99945 -0.0318965 -5.17745 -0.993798 -0.0124981 -0.110497 -42.3276 
-0.0973683 0.0368713 0.994565 144.14 -0.0106346 0.999218 -0.0380849 -5.22715 -0.995192 -0.0142851 -0.0969 -42.3811 
-0.0842693 0.0455813 0.9954 144.924 -0.017396 0.998734 -0.0472067 -5.26966 -0.996291 -0.0212941 -0.0833697 -42.4294 
-0.07039 0.0534584 0.996086 145.681 -0.0208422 0.998266 -0.0550482 -5.32044 -0.997302 -0.0246355 -0.0691537 -42.4561 
-0.0576692 0.0543175 0.996857 146.466 -0.0225094 0.998194 -0.0556925 -5.36436 -0.998082 -0.0256504 -0.0563424 -42.4742 
-0.046113 0.0505651 0.997656 147.245 -0.026702 0.998299 -0.0518319 -5.41665 -0.998579 -0.0290295 -0.0446843 -42.4854 
-0.0362536 0.0479727 0.998191 148.002 -0.0317096 0.998289 -0.049129 -5.4697 -0.998839 -0.0334333 -0.0346704 -42.4757 
-0.0278518 0.0542495 0.998139 148.748 -0.0356218 0.997838 -0.0552271 -5.52773 -0.998977 -0.0370937 -0.0258592 -42.4659 
-0.0206246 0.0620889 0.997858 149.499 -0.0385985 0.997276 -0.0628505 -5.57795 -0.999042 -0.039812 -0.0181719 -42.4655 
-0.0177327 0.0652158 0.997714 150.246 -0.0418475 0.996948 -0.0659094 -5.62298 -0.998967 -0.0429206 -0.0149494 -42.455 
-0.0176737 0.0606373 0.998003 151.002 -0.0431936 0.997181 -0.0613522 -5.67843 -0.99891 -0.0441916 -0.0150047 -42.4504 
-0.0197357 0.0563257 0.998217 151.753 -0.0451646 0.997342 -0.0571692 -5.73756 -0.998785 -0.0462124 -0.0171394 -42.4446 
-0.022565 0.0531507 0.998332 152.501 -0.0427658 0.99762 -0.0540794 -5.79365 -0.99883 -0.0439147 -0.0202383 -42.4471 
-0.0255377 0.0530842 0.998263 153.249 -0.0414199 0.997675 -0.0541125 -5.84326 -0.998815 -0.0427299 -0.0232796 -42.4536 
-0.0290984 0.0528283 0.99818 153.992 -0.0401946 0.997733 -0.0539763 -5.90006 -0.998768 -0.0416921 -0.0269091 -42.4633 
-0.0329255 0.0517322 0.998118 154.739 -0.0403046 0.997779 -0.0530441 -5.94586 -0.998645 -0.0419753 -0.0307673 -42.4808 
-0.0385185 0.0520713 0.9979 155.475 -0.041544 0.997695 -0.0536641 -5.9907 -0.998394 -0.0435238 -0.0362665 -42.4948 
-0.0443224 0.0500423 0.997763 156.204 -0.0428448 0.997731 -0.0519439 -6.04079 -0.998098 -0.0450512 -0.0420778 -42.5111 
-0.050091 0.0477158 0.997604 156.944 -0.0405306 0.997938 -0.0497668 -6.09377 -0.997922 -0.0429264 -0.0480538 -42.5398 
-0.0555985 0.0476393 0.997316 157.663 -0.0407995 0.997918 -0.0499425 -6.13818 -0.997619 -0.0434667 -0.0535391 -42.5666 
-0.061382 0.048693 0.996926 158.378 -0.0433895 0.997735 -0.0514041 -6.18869 -0.997171 -0.0464114 -0.0591302 -42.5908 
-0.0653143 0.0509104 0.996565 159.094 -0.0430035 0.997626 -0.053783 -6.24159 -0.996938 -0.0463685 -0.0629699 -42.6262 
-0.0676868 0.0533622 0.996279 159.817 -0.0429448 0.997487 -0.0563445 -6.29001 -0.996782 -0.0465987 -0.0652251 -42.6619 
-0.0690594 0.0550214 0.996094 160.54 -0.0388393 0.997573 -0.0577958 -6.33508 -0.996856 -0.0426789 -0.0667548 -42.7033 
-0.0681055 0.0535555 0.99624 161.249 -0.0353723 0.997801 -0.0560575 -6.38393 -0.997051 -0.0390572 -0.0660614 -42.746 
-0.0643508 0.0496666 0.996691 161.948 -0.033084 0.998106 -0.0518731 -6.43864 -0.997379 -0.0363126 -0.0625858 -42.7746 
-0.0570314 0.0499675 0.997121 162.651 -0.0327138 0.998117 -0.0518885 -6.48745 -0.997836 -0.0355789 -0.0552894 -42.8 
-0.045842 0.0504672 0.997673 163.346 -0.0292193 0.998228 -0.0518378 -6.5373 -0.998521 -0.0315277 -0.0442861 -42.8173 
-0.0314969 0.0508673 0.998209 164.022 -0.0282966 0.998258 -0.0517627 -6.58177 -0.999103 -0.0298763 -0.0300027 -42.8271 
-0.0166093 0.0485982 0.99868 164.705 -0.0290837 0.998372 -0.0490668 -6.62337 -0.999439 -0.0298603 -0.0151689 -42.8136 
-0.000805805 0.0435317 0.999052 165.387 -0.0340433 0.998472 -0.0435339 -6.66835 -0.99942 -0.0340461 0.000677387 -42.7853 
0.0155391 0.0371439 0.999189 166.074 -0.0353818 0.998704 -0.0365755 -6.70741 -0.999253 -0.0347848 0.0168332 -42.7521 
0.0329862 0.02985 0.99901 166.755 -0.0354978 0.998958 -0.0286763 -6.74141 -0.998825 -0.0345167 0.0340115 -42.7148 
0.0504713 0.0220402 0.998482 167.427 -0.0359395 0.999149 -0.0202382 -6.77607 -0.998079 -0.0348635 0.0512205 -42.6605 
0.067722 0.0160379 0.997575 168.098 -0.0372415 0.999215 -0.013536 -6.80332 -0.997009 -0.0362345 0.0682661 -42.5912 
0.0856716 0.0137002 0.996229 168.751 -0.0375978 0.999238 -0.0105083 -6.82734 -0.995614 -0.0365558 0.0861214 -42.5147 
0.103471 0.0120948 0.994559 169.389 -0.0370895 0.999278 -0.00829344 -6.85025 -0.993941 -0.0360296 0.103845 -42.4284 
0.120595 0.0117377 0.992632 170.029 -0.0372078 0.999281 -0.00729592 -6.85795 -0.992004 -0.0360538 0.120945 -42.3213 
0.137027 0.0105852 0.990511 170.667 -0.041826 0.999113 -0.00489084 -6.87036 -0.989684 -0.0407589 0.137348 -42.2089 
0.151193 0.00686805 0.98848 171.285 -0.043301 0.999062 -0.000318418 -6.88149 -0.987555 -0.042754 0.151349 -42.0896 
0.163726 0.00276988 0.986502 171.917 -0.0387822 0.999241 0.00363095 -6.89384 -0.985743 -0.0388532 0.163709 -41.9752 
0.174309 0.002016 0.984689 172.506 -0.0378682 0.999272 0.0046576 -6.90093 -0.983963 -0.0381002 0.174259 -41.8525 
0.18396 0.00567936 0.982917 173.1 -0.0410371 0.999156 0.00190724 -6.90814 -0.982077 -0.0406869 0.184038 -41.7137 
0.193125 0.0127542 0.981091 173.704 -0.0450639 0.998976 -0.004116 -6.92048 -0.980139 -0.0434168 0.193502 -41.5671 
0.202129 0.0229182 0.979091 174.295 -0.0452727 0.998876 -0.014035 -6.93245 -0.978312 -0.0414892 0.20294 -41.4278 
0.210385 0.0287079 0.977197 174.897 -0.0398854 0.998989 -0.020761 -6.94232 -0.976805 -0.0346081 0.211317 -41.2865 
0.217016 0.0268219 0.9758 175.494 -0.0391218 0.999058 -0.0187605 -6.95513 -0.975384 -0.0341037 0.21786 -41.1456 
0.223078 0.0192761 0.97461 176.11 -0.0412772 0.999095 -0.0103124 -6.96477 -0.973926 -0.0379286 0.223672 -40.9854 
0.227511 0.00850156 0.973738 176.721 -0.0459086 0.998944 0.00200483 -6.98323 -0.972693 -0.0451591 0.227661 -40.8208 
0.229185 0.000426051 0.973383 177.329 -0.0458627 0.998894 0.0103613 -6.99338 -0.972302 -0.0470166 0.228951 -40.6549 
0.230157 -0.000435868 0.973154 177.929 -0.0422599 0.999052 0.0104422 -7.00614 -0.972236 -0.0435287 0.22992 -40.5072 
0.231436 0.00208772 0.972848 178.54 -0.0392168 0.999205 0.00718526 -7.00214 -0.972059 -0.0398149 0.231334 -40.3629 
0.233391 0.00174379 0.972381 179.151 -0.0359588 0.99933 0.00683875 -7.00318 -0.971718 -0.0365617 0.233297 -40.2109 
0.23508 -0.00027311 0.971976 179.759 -0.0380186 0.999232 0.00947592 -7.00004 -0.971232 -0.0391807 0.234889 -40.0468 
0.23786 -0.00396768 0.971291 180.376 -0.0383553 0.999173 0.0134745 -7.00056 -0.970542 -0.0404592 0.237511 -39.8765 
0.24096 -0.00894983 0.970494 181.001 -0.0369817 0.999147 0.0183961 -6.99972 -0.96983 -0.0403232 0.240423 -39.7093 
0.245889 -0.011841 0.969226 181.626 -0.0351733 0.999158 0.0211301 -6.99803 -0.96866 -0.0392865 0.245266 -39.5456 
0.25236 -0.0140117 0.967532 182.246 -0.0331501 0.999183 0.0231166 -6.99029 -0.967065 -0.0379074 0.251689 -39.372 
0.260675 -0.0174305 0.965269 182.892 -0.0310567 0.999168 0.0264297 -6.98767 -0.964927 -0.0368676 0.259917 -39.1976 
0.270803 -0.0193487 0.96244 183.522 -0.0285235 0.999198 0.0281134 -6.9844 -0.962212 -0.0350654 0.270034 -39.012 
0.281705 -0.017701 0.959338 184.155 -0.0294124 0.999201 0.0270734 -6.98374 -0.95905 -0.0358431 0.280959 -38.7981 
0.293324 -0.0138344 0.955913 184.774 -0.0305056 0.999251 0.0238224 -6.97516 -0.955526 -0.0361484 0.292682 -38.5895 
0.305199 -0.0107865 0.952228 185.397 -0.0312724 0.999283 0.0213427 -6.96866 -0.951775 -0.0362922 0.304642 -38.371 
0.316632 -0.0105899 0.948489 186.022 -0.0296445 0.999339 0.0210538 -6.95905 -0.948085 -0.0347838 0.316109 -38.141 
0.327955 -0.0141353 0.944588 186.649 -0.0284941 0.999285 0.0248469 -6.95693 -0.944264 -0.0350639 0.327318 -37.9031 
0.3389 -0.0156313 0.940693 187.29 -0.0293975 0.999198 0.0271945 -6.95057 -0.940363 -0.0368702 0.338168 -37.6417 
0.350025 -0.016219 0.9366 187.927 -0.0308261 0.999109 0.0288218 -6.94042 -0.936233 -0.0389601 0.349214 -37.3748 
0.359356 -0.0172982 0.93304 188.569 -0.0342939 0.998908 0.0317276 -6.92171 -0.93257 -0.043399 0.35837 -37.0971 
0.367311 -0.0160773 0.929959 189.231 -0.0381018 0.998751 0.0323159 -6.91095 -0.929317 -0.0473031 0.36624 -36.8376 
0.371845 -0.0193165 0.928094 189.882 -0.0382202 0.998617 0.0360975 -6.90148 -0.927508 -0.0488946 0.370593 -36.5625 
0.374361 -0.0231946 0.926993 190.543 -0.0349424 0.998624 0.0390983 -6.88841 -0.926624 -0.0470282 0.373036 -36.2901 
0.374509 -0.022658 0.926947 191.197 -0.0304056 0.998864 0.0367005 -6.87501 -0.926725 -0.041929 0.373394 -36.0204 
0.373946 -0.0224578 0.927179 191.874 -0.0290561 0.998932 0.0359147 -6.86431 -0.926995 -0.0403704 0.372894 -35.7454 
0.373594 -0.0211272 0.927352 192.553 -0.0250864 0.999145 0.0328692 -6.84321 -0.927253 -0.0355436 0.372745 -35.4703 
0.372986 -0.0227713 0.927557 193.24 -0.0222423 0.999192 0.0334739 -6.82013 -0.92757 -0.0331163 0.372178 -35.1794 
0.372451 -0.0287381 0.927607 193.935 -0.0185161 0.999091 0.0383874 -6.80476 -0.927867 -0.0314731 0.37158 -34.9013 
0.371162 -0.0317599 0.928025 194.626 -0.0184218 0.998966 0.0415555 -6.79035 -0.928385 -0.0325197 0.370193 -34.6118 
0.369109 -0.0341303 0.928759 195.318 -0.0170002 0.99891 0.0434645 -6.77093 -0.929231 -0.0318322 0.368127 -34.3233 
0.36777 -0.0342139 0.929287 196.003 -0.0176767 0.998885 0.043772 -6.74867 -0.929749 -0.0325247 0.366755 -34.0373 
0.366385 -0.0348935 0.929809 196.715 -0.0187512 0.998817 0.044872 -6.72888 -0.930274 -0.0338754 0.365297 -33.7532 
0.364532 -0.0334473 0.93059 197.409 -0.0198264 0.998849 0.0436672 -6.71059 -0.93098 -0.0343683 0.36345 -33.4681 
0.363063 -0.0294926 0.931298 198.103 -0.0198708 0.999027 0.0393841 -6.69372 -0.931553 -0.0328045 0.362124 -33.1833 
0.362488 -0.0237857 0.931685 198.788 -0.0194294 0.999264 0.0330704 -6.67511 -0.931786 -0.0300897 0.361759 -32.9073 
0.361403 -0.0207016 0.93218 199.472 -0.0224818 0.999269 0.0309077 -6.65985 -0.932139 -0.0321272 0.360674 -32.6302 
0.359968 -0.0239198 0.932658 200.166 -0.0223208 0.999164 0.0342405 -6.64808 -0.932697 -0.0331432 0.359134 -32.3477 
0.358576 -0.0276202 0.933092 200.855 -0.0219013 0.999038 0.0379887 -6.63074 -0.933243 -0.0340577 0.357627 -32.068 
0.356334 -0.0272479 0.933961 201.55 -0.0246293 0.998953 0.0385408 -6.60792 -0.934034 -0.0367362 0.35529 -31.7865 
0.351587 -0.0268876 0.935769 202.222 -0.0275745 0.998856 0.0390606 -6.59122 -0.935749 -0.0395366 0.350444 -31.5249 
0.344905 -0.0282311 0.938213 202.924 -0.0264663 0.998858 0.0397855 -6.5689 -0.938264 -0.0385532 0.343764 -31.2535 
0.335987 -0.0288835 0.941424 203.623 -0.0259502 0.998866 0.0399073 -6.55713 -0.941509 -0.0378385 0.334856 -30.9952 
0.325651 -0.0275613 0.945088 204.319 -0.0235846 0.999027 0.037261 -6.54524 -0.945196 -0.0344236 0.324685 -30.7455 
0.314845 -0.024324 0.948831 205.011 -0.0248652 0.999117 0.0338641 -6.53355 -0.948817 -0.0342548 0.313962 -30.5077 
0.303074 -0.0242401 0.952659 205.721 -0.0273327 0.999044 0.0341159 -6.50911 -0.952575 -0.0363784 0.302122 -30.2669 
0.291891 -0.0321902 0.95591 206.441 -0.0222953 0.998933 0.040447 -6.49307 -0.956192 -0.0331184 0.290862 -30.0436 
0.283797 -0.0414526 0.957988 207.201 -0.0169673 0.998692 0.0482403 -6.48394 -0.958734 -0.0299449 0.282722 -29.842 
0.276645 -0.0477205 0.959787 207.918 -0.0152413 0.998423 0.0540346 -6.47408 -0.960851 -0.0295768 0.275481 -29.6312 
0.272618 -0.0487141 0.960888 208.626 -0.021017 0.998178 0.0565675 -6.4471 -0.961893 -0.0356163 0.271098 -29.4108 
0.269923 -0.0504176 0.961561 209.338 -0.0198475 0.998125 0.0579063 -6.41745 -0.962677 -0.0347148 0.268417 -29.2035 
0.267879 -0.051404 0.96208 210.07 -0.0178277 0.99814 0.0582947 -6.38225 -0.963288 -0.0327676 0.266464 -28.9796 
0.267119 -0.0494189 0.962396 210.787 -0.0181322 0.99825 0.0562927 -6.3533 -0.963493 -0.0324872 0.265755 -28.7688 
0.266409 -0.0476565 0.962681 211.512 -0.0216816 0.998228 0.0554164 -6.32565 -0.963616 -0.0356359 0.264904 -28.5456 
0.267088 -0.0483276 0.96246 212.242 -0.0214703 0.998195 0.0560801 -6.28952 -0.963433 -0.0356426 0.265569 -28.329 
0.268296 -0.0497497 0.962051 212.947 -0.0219074 0.998092 0.0577231 -6.2613 -0.963087 -0.0365629 0.266695 -28.1089 
0.26939 -0.0514085 0.961658 213.694 -0.0207294 0.998033 0.0591601 -6.23136 -0.962808 -0.0358717 0.267794 -27.8819 
0.271159 -0.0524741 0.961103 214.425 -0.0172224 0.998089 0.0593525 -6.20209 -0.962381 -0.0326464 0.269737 -27.6679 
0.274444 -0.0535625 0.96011 215.154 -0.0168715 0.998026 0.0605004 -6.16445 -0.961455 -0.0328025 0.272998 -27.4487 
0.278547 -0.0551277 0.958839 215.895 -0.0183417 0.997864 0.0626998 -6.13295 -0.960247 -0.0350516 0.276941 -27.2174 
0.283365 -0.0592345 0.957181 216.626 -0.0196781 0.997521 0.0675565 -6.09715 -0.95881 -0.0379786 0.281497 -26.9718 
0.288432 -0.0623629 0.955467 217.369 -0.0212475 0.997214 0.0715019 -6.05323 -0.957265 -0.0409247 0.286304 -26.7328 
0.292857 -0.0624986 0.954112 218.104 -0.0216628 0.997172 0.0719685 -6.01516 -0.955911 -0.0417452 0.290674 -26.4898 
0.297343 -0.0580629 0.953004 218.858 -0.0271 0.997234 0.0692131 -5.97787 -0.954386 -0.0464065 0.294947 -26.2304 
0.301758 -0.051654 0.951984 219.593 -0.0328015 0.997378 0.0645144 -5.92888 -0.95282 -0.0506942 0.299272 -25.971 
0.306286 -0.0485126 0.950703 220.328 -0.0365819 0.997363 0.0626792 -5.88679 -0.951236 -0.0539763 0.303704 -25.7068 
0.310296 -0.0491591 0.949368 221.068 -0.0382073 0.99721 0.0641243 -5.85676 -0.949872 -0.0561703 0.307552 -25.4383 
0.314527 -0.0462842 0.94812 221.815 -0.0405115 0.997246 0.0621216 -5.81777 -0.948384 -0.0579487 0.311786 -25.1748 
0.318326 -0.0435527 0.94698 222.554 -0.0406261 0.9974 0.059528 -5.78388 -0.94711 -0.0574214 0.315729 -24.9081 
0.322952 -0.0429322 0.945441 223.3 -0.0418377 0.997346 0.0595805 -5.7473 -0.94549 -0.0587967 0.320299 -24.6358 
0.327374 -0.0445625 0.943844 224.046 -0.0416959 0.997233 0.0615455 -5.71708 -0.943975 -0.0595028 0.32461 -24.3571 
0.331445 -0.0447202 0.942414 224.779 -0.0378863 0.99744 0.0606559 -5.68093 -0.942713 -0.0558087 0.328903 -24.0858 
0.335583 -0.0448098 0.940944 225.516 -0.0345738 0.997609 0.0598389 -5.65299 -0.941376 -0.052613 0.333232 -23.8105 
0.339756 -0.0427906 0.93954 226.256 -0.0352147 0.997685 0.0581732 -5.61962 -0.939854 -0.0528503 0.337463 -23.5267 
0.344325 -0.0429612 0.937867 226.994 -0.0402309 0.99736 0.0604566 -5.58212 -0.937988 -0.0585479 0.341687 -23.2309 
0.348999 -0.0433681 0.936119 227.738 -0.0426541 0.997158 0.062098 -5.54912 -0.936152 -0.0616015 0.346158 -22.9333 
0.353129 -0.0408563 0.934682 228.476 -0.040103 0.997467 0.058752 -5.52136 -0.934715 -0.0582306 0.350596 -22.6429 
0.356997 -0.0340595 0.933485 229.208 -0.0392187 0.997907 0.0514087 -5.48991 -0.933282 -0.0549628 0.354914 -22.3494 
0.360191 -0.0273518 0.932477 229.927 -0.0458507 0.997843 0.04698 -5.45476 -0.931751 -0.0596765 0.35816 -22.0411 
0.363488 -0.028731 0.931156 230.662 -0.0514992 0.997376 0.0508776 -5.42466 -0.930174 -0.0664472 0.361055 -21.7316 
0.365924 -0.0390968 0.929823 231.396 -0.0510071 0.996773 0.0619854 -5.39413 -0.929246 -0.0701095 0.362749 -21.4212 
0.367565 -0.051475 0.928572 232.142 -0.0471525 0.996151 0.0738861 -5.35244 -0.928802 -0.0709424 0.363723 -21.1142 
0.369564 -0.0594039 0.927305 232.878 -0.0484713 0.995363 0.0830813 -5.30788 -0.92794 -0.0756515 0.364971 -20.806 
0.371639 -0.0611679 0.92636 233.606 -0.0500934 0.995052 0.0858003 -5.26283 -0.927025 -0.0782912 0.366736 -20.4924 
0.37458 -0.0568234 0.925452 234.329 -0.0494041 0.995479 0.0811197 -5.21712 -0.925877 -0.0761069 0.37008 -20.1856 
0.378605 -0.0506811 0.92417 235.052 -0.0487339 0.996023 0.0745865 -5.1641 -0.924274 -0.0732772 0.37463 -19.8768 
0.382954 -0.0462833 0.922607 235.771 -0.0486608 0.996347 0.0701806 -5.11851 -0.922485 -0.0717708 0.379303 -19.5605 
0.387034 -0.0441024 0.92101 236.499 -0.0469628 0.996616 0.0674579 -5.073 -0.920869 -0.0693617 0.383653 -19.2409 
0.391202 -0.0420075 0.919346 237.217 -0.0460331 0.996814 0.0651355 -5.03015 -0.919153 -0.0678015 0.388022 -18.9162 
0.394983 -0.0434313 0.917661 237.93 -0.0449812 0.99677 0.0665364 -4.99204 -0.917586 -0.0675583 0.391754 -18.5903 
0.398404 -0.0487656 0.915913 238.67 -0.0431281 0.996485 0.0718153 -4.95173 -0.916196 -0.0681131 0.3949 -18.2587 
0.401502 -0.0550933 0.9142 239.37 -0.0411349 0.996097 0.0780946 -4.91731 -0.914934 -0.0689606 0.397669 -17.9346 
0.403776 -0.0606824 0.912843 240.105 -0.039712 0.995695 0.0837558 -4.86791 -0.913996 -0.0700693 0.399628 -17.5955 
0.405705 -0.0659909 0.911619 240.827 -0.0378269 0.995323 0.0888847 -4.81271 -0.913221 -0.0705447 0.401312 -17.2563 
0.407225 -0.073297 0.910382 241.56 -0.035771 0.99473 0.0960889 -4.76245 -0.912627 -0.0716951 0.402457 -16.9132 
0.409002 -0.073586 0.909562 242.296 -0.0359508 0.99467 0.0966376 -4.69776 -0.911825 -0.0722244 0.404177 -16.5694 
0.410708 -0.0621803 0.909644 243.01 -0.0449463 0.995078 0.0883138 -4.64713 -0.910658 -0.0771563 0.405892 -16.2146 
0.411324 -0.0485604 0.910195 243.73 -0.046799 0.996138 0.0742945 -4.59446 -0.910287 -0.0731553 0.407463 -15.8693 
0.412187 -0.0407514 0.910187 244.453 -0.0467612 0.996736 0.0658028 -4.54114 -0.909898 -0.0696845 0.408936 -15.5292 
0.412146 -0.0433049 0.910088 245.193 -0.0461959 0.996592 0.0683415 -4.49115 -0.909946 -0.070209 0.40874 -15.183 
