1 2.12261e-08 -2.11895e-08 0 2.12261e-08 1 2.10703e-08 0 -2.11895e-08 2.10703e-08 1 0 
0.999875 0.00150725 0.0157302 0.0086147 -0.00149259 0.999998 -0.000940996 -0.000952223 -0.0157316 0.000917442 0.999876 0.118896 
0.999295 0.00473103 0.0372426 0.020765 -0.00470967 0.999989 -0.000660229 -0.00146826 -0.0372453 0.000484404 0.999306 0.270079 
0.997898 0.00640143 0.0644917 0.0473109 -0.00645535 0.999979 0.00062839 -0.00466749 -0.0644864 -0.00104335 0.997918 0.435435 
0.995106 0.00623196 0.0986147 0.0889888 -0.00654899 0.999974 0.00289198 -0.00306587 -0.0985942 -0.00352361 0.995122 0.591171 
0.990629 0.00269778 0.136551 0.161174 -0.00334833 0.999984 0.00453507 0.0066873 -0.136536 -0.00494975 0.990623 0.761121 
0.984361 -0.000124071 0.176161 0.235833 -0.000744871 0.999988 0.00486679 0.00527858 -0.176159 -0.00492186 0.984349 0.946977 
0.975514 -4.60019e-05 0.219938 0.313851 -0.00131933 0.999981 0.00606114 0.0102507 -0.219934 -0.00620286 0.975495 1.13415 
0.963499 0.000466232 0.267713 0.417503 -0.0029131 0.999958 0.00874296 0.0119984 -0.267697 -0.00920366 0.963459 1.33334 
0.94903 -0.00320792 0.315168 0.544512 -0.00192098 0.999871 0.0159617 0.0109302 -0.315179 -0.0157535 0.948902 1.52808 
0.931997 -0.0131797 0.362225 0.643507 0.00463122 0.99969 0.0244582 -0.01128 -0.362435 -0.0211174 0.93177 1.68977 
0.910524 -0.0186674 0.413035 0.775603 0.00736651 0.999554 0.0289363 -0.0158985 -0.413391 -0.0233046 0.910256 1.88049 
0.885044 -0.0203288 0.465063 0.911858 0.00573291 0.999446 0.0327778 -0.0172522 -0.465472 -0.0263436 0.88467 2.07419 
0.856274 -0.022305 0.51604 1.07632 0.00360955 0.999301 0.0372038 -0.0122958 -0.516509 -0.029994 0.855756 2.28018 
0.823684 -0.0272067 0.566397 1.24574 0.00444105 0.999127 0.0415345 -0.0149061 -0.567032 -0.0316958 0.823085 2.45949 
0.787202 -0.0327037 0.615828 1.43919 0.00625902 0.998965 0.0450497 -0.0208825 -0.616664 -0.0316087 0.786592 2.63884 
0.748359 -0.0367675 0.662275 1.64806 0.00691984 0.998841 0.0476334 -0.016936 -0.663258 -0.031064 0.747746 2.83252 
0.707982 -0.0398255 0.705107 1.89235 0.00761893 0.998781 0.0487628 -0.0164702 -0.70619 -0.029151 0.707422 3.02052 
0.66497 -0.0416642 0.745707 2.1368 0.00655067 0.99873 0.0499597 -0.00553316 -0.746841 -0.0283368 0.664398 3.2263 
0.621549 -0.0415624 0.782272 2.42923 0.0013274 0.998646 0.0520038 0.00824496 -0.783374 -0.0312845 0.620763 3.44284 
0.579074 -0.0425053 0.814166 2.75357 -0.00177176 0.998572 0.0533928 0.0176503 -0.815273 -0.0323609 0.578172 3.64894 
0.538292 -0.043544 0.841633 3.10134 -0.00324372 0.99855 0.0537372 0.0419831 -0.842752 -0.0316563 0.537371 3.84703 
0.499382 -0.0461176 0.865154 3.48007 -0.00509432 0.998409 0.0561614 0.0416926 -0.866367 -0.0324534 0.498352 4.03746 
0.461461 -0.0456623 0.885984 3.88267 -0.00853225 0.9984 0.0559001 0.0627355 -0.887119 -0.0333551 0.460333 4.23352 
0.424645 -0.0450026 0.904241 4.32422 -0.0096817 0.998481 0.0542394 0.0787172 -0.905308 -0.0317871 0.423564 4.4236 
0.390624 -0.0435603 0.919519 4.79041 -0.00832877 0.998672 0.0508482 0.0988929 -0.920513 -0.027521 0.389743 4.61116 
0.360576 -0.041795 0.931793 5.28631 -0.00657066 0.998857 0.0473458 0.123223 -0.932707 -0.0231943 0.35989 4.79048 
0.334876 -0.0398276 0.94142 5.82009 -0.0052672 0.999012 0.0441377 0.148947 -0.942248 -0.0197393 0.334335 4.97227 
0.314835 -0.0393604 0.94833 6.38593 -0.00382892 0.999079 0.0427379 0.171281 -0.949139 -0.0170864 0.314394 5.14694 
0.300636 -0.0394792 0.952922 6.98182 -0.00280199 0.999102 0.0422764 0.206536 -0.953735 -0.0153799 0.300255 5.31471 
0.288838 -0.0411008 0.956495 7.60276 -0.00189506 0.999052 0.0435017 0.224387 -0.957376 -0.0143776 0.288486 5.51167 
0.277952 -0.0427677 0.959642 8.25314 -0.00323473 0.998961 0.0454569 0.253874 -0.96059 -0.015739 0.277525 5.70679 
0.267211 -0.0445273 0.962609 8.92108 -0.00471814 0.998859 0.0475139 0.284495 -0.963627 -0.0172379 0.266696 5.90546 
0.257351 -0.0460321 0.965221 9.61604 -0.00525959 0.998783 0.0490351 0.317733 -0.966304 -0.0176959 0.256796 6.09317 
0.247176 -0.0477644 0.967793 10.3397 -0.00573974 0.998695 0.0507556 0.354492 -0.968954 -0.0181004 0.246579 6.28434 
0.237142 -0.0496906 0.970203 11.0784 -0.0058133 0.998601 0.052566 0.379186 -0.971458 -0.0181057 0.236521 6.45974 
0.227237 -0.0511435 0.972496 11.8405 -0.00566239 0.998534 0.053836 0.412552 -0.973823 -0.0177402 0.226614 6.63517 
0.21643 -0.0540989 0.974798 12.6096 -0.00733767 0.998345 0.0570349 0.438772 -0.976271 -0.0194968 0.215675 6.81999 
0.204745 -0.057462 0.977127 13.4012 -0.00894868 0.998124 0.0605718 0.479707 -0.978775 -0.0211457 0.203846 7.00233 
0.191956 -0.0615708 0.97947 14.1989 -0.00978684 0.99786 0.0646449 0.516178 -0.981355 -0.0219949 0.190943 7.18012 
0.179238 -0.0635701 0.98175 14.9974 -0.0105607 0.997728 0.0665328 0.556898 -0.983749 -0.0222931 0.17816 7.32893 
0.165396 -0.0642726 0.984131 15.7957 -0.0109282 0.997694 0.0669951 0.590954 -0.986167 -0.0218355 0.164312 7.47026 
0.151069 -0.0631494 0.986504 16.5969 -0.012183 0.997763 0.0657358 0.631014 -0.988448 -0.0219492 0.149962 7.59853 
0.134474 -0.0625131 0.988943 17.4069 -0.0131404 0.997808 0.0648603 0.662646 -0.99083 -0.0217171 0.133358 7.71799 
0.113807 -0.0608806 0.991636 18.2298 -0.0160827 0.997877 0.0631095 0.700213 -0.993373 -0.0231305 0.112587 7.82615 
0.0879052 -0.0598569 0.994329 19.0579 -0.0199168 0.997888 0.061832 0.734194 -0.99593 -0.0252392 0.0865274 7.91118 
0.0574257 -0.0595411 0.996573 19.8902 -0.0242131 0.997843 0.0610123 0.765495 -0.998056 -0.0276337 0.0558602 7.97351 
0.0242448 -0.0590036 0.997963 20.7332 -0.0273606 0.997844 0.0596613 0.805483 -0.999332 -0.0287514 0.0225781 7.99941 
-0.0103335 -0.0585175 0.998233 21.5841 -0.0293715 0.997873 0.0581924 0.837345 -0.999515 -0.0287183 -0.0120303 7.99577 
-0.044528 -0.0573467 0.997361 22.4229 -0.0299173 0.99798 0.0560467 0.867558 -0.99856 -0.0273427 -0.0461537 7.96412 
-0.0773985 -0.0554296 0.995458 23.2631 -0.031966 0.998078 0.0530901 0.895135 -0.996488 -0.0277118 -0.0790216 7.90434 
-0.109736 -0.0525373 0.992571 24.1049 -0.0346655 0.998197 0.0490026 0.921456 -0.993356 -0.0290306 -0.111359 7.81281 
-0.142177 -0.047961 0.988679 24.9376 -0.031641 0.998535 0.0438891 0.946657 -0.989335 -0.0250428 -0.143486 7.692 
-0.173886 -0.0417239 0.983882 25.7629 -0.0255496 0.998957 0.0378478 0.967808 -0.984434 -0.0185566 -0.17477 7.54554 
-0.204028 -0.0351406 0.978334 26.5746 -0.0185246 0.999315 0.032031 0.979127 -0.97879 -0.011588 -0.20454 7.37087 
-0.232662 -0.0296232 0.972106 27.3953 -0.0129095 0.999542 0.0273696 0.988852 -0.972472 -0.00618154 -0.232938 7.16508 
-0.260673 -0.0238221 0.965133 28.1784 -0.00365194 0.999713 0.0236894 0.972035 -0.96542 0.00265057 -0.260686 6.96738 
-0.286904 -0.0132848 0.957867 28.9868 0.00239991 0.999891 0.0145864 0.963866 -0.957956 0.00648369 -0.28684 6.71788 
-0.312197 0.00220022 0.950015 29.7757 0.00669666 0.999978 -0.000115219 0.954003 -0.949994 0.00632595 -0.312204 6.45901 
-0.337263 0.0192914 0.941213 30.5661 0.00752527 0.999813 -0.0177959 0.928261 -0.94138 0.00108097 -0.337346 6.20132 
-0.362356 0.034117 0.931415 31.3493 0.00781614 0.999406 -0.0335666 0.900192 -0.932007 -0.00488302 -0.362408 5.89273 
-0.386435 0.0448971 0.921223 32.1174 0.0116378 0.998972 -0.0438045 0.866462 -0.922243 -0.00620664 -0.386561 5.56704 
-0.410256 0.0485672 0.910676 32.8406 0.0141726 0.9988 -0.0468822 0.811781 -0.91186 -0.00632711 -0.410452 5.26034 
-0.432698 0.0485052 0.900233 33.5865 0.0181554 0.998818 -0.0450905 0.759856 -0.901356 -0.00316646 -0.433067 4.8979 
-0.452874 0.0440065 0.890488 34.3041 0.0212932 0.99903 -0.0385413 0.712563 -0.89132 0.00150696 -0.453372 4.54849 
-0.470371 0.0429166 0.881424 35.0335 0.0292552 0.999026 -0.0330306 0.667614 -0.881984 0.0102495 -0.471169 4.15045 
-0.484542 0.0431513 0.873703 35.7479 0.0295794 0.99902 -0.0329362 0.63051 -0.874268 0.00988457 -0.485344 3.76859 
-0.495811 0.0472862 0.867142 36.4246 0.0344168 0.998802 -0.034787 0.574585 -0.867748 0.0125965 -0.496845 3.40637 
-0.506146 0.0496813 0.861015 37.0943 0.0354123 0.998695 -0.0368084 0.527009 -0.86172 0.0118601 -0.507245 3.04693 
-0.517081 0.0489295 0.854537 37.7606 0.0295318 0.99879 -0.0393195 0.4787 -0.855427 0.00490467 -0.5179 2.67085 
-0.527888 0.0476867 0.847974 38.4357 0.0293139 0.998851 -0.0379226 0.432055 -0.848808 0.00483855 -0.528679 2.26054 
-0.536809 0.0490029 0.842279 39.0944 0.0310803 0.998783 -0.0382996 0.393091 -0.843131 0.00561868 -0.537679 1.8643 
-0.544477 0.0519271 0.837167 39.773 0.0341745 0.998626 -0.0397156 0.350339 -0.838079 0.00698548 -0.545504 1.44643 
-0.547989 0.0548466 0.834686 40.4668 0.0354429 0.998474 -0.04234 0.300711 -0.835734 0.00638183 -0.549097 1.00577 
-0.547429 0.0569747 0.83491 41.1696 0.0356975 0.998361 -0.0447228 0.251652 -0.83609 0.0053216 -0.548566 0.556105 
-0.544652 0.0573513 0.836699 41.8903 0.0379593 0.998322 -0.04372 0.210754 -0.837803 0.00794831 -0.545915 0.126592 
-0.539455 0.0559201 0.840155 42.5953 0.0357749 0.998413 -0.0434829 0.160373 -0.841254 0.00659935 -0.5406 -0.280408 
-0.532355 0.0546781 0.844753 43.362 0.03329 0.998492 -0.04365 0.11809 -0.845866 0.0048845 -0.533373 -0.74675 
-0.525239 0.0543645 0.849216 44.1319 0.0329602 0.998508 -0.0435359 0.0634518 -0.850316 0.00512361 -0.526247 -1.1959 
-0.518946 0.052968 0.853164 44.9348 0.0300603 0.998592 -0.0437123 0.0129633 -0.854278 0.00296203 -0.519807 -1.66347 
-0.515137 0.0504049 0.855625 45.7376 0.0249272 0.998728 -0.0438274 -0.0321781 -0.856745 -0.00124883 -0.515738 -2.10583 
-0.514437 0.0472832 0.856224 46.5448 0.0205142 0.998872 -0.0428352 -0.0951381 -0.857283 -0.0044713 -0.514827 -2.53122 
-0.51563 0.0443853 0.855661 47.3292 0.017802 0.998997 -0.0410928 -0.162825 -0.856626 -0.00595628 -0.515903 -2.94211 
-0.517329 0.0431427 0.854698 48.1402 0.0160374 0.999042 -0.0407217 -0.209667 -0.855636 -0.00735937 -0.517526 -3.38178 
-0.51857 0.0422441 0.853991 48.9777 0.0164103 0.999087 -0.0394566 -0.2666 -0.854878 -0.0064468 -0.518789 -3.8324 
-0.519328 0.0417562 0.853555 49.8335 0.0158509 0.999104 -0.0392324 -0.319928 -0.854428 -0.00684482 -0.519524 -4.3281 
-0.52019 0.0408849 0.853072 50.7143 0.0160608 0.999145 -0.0380921 -0.366526 -0.8539 -0.00611414 -0.520402 -4.81864 
-0.520871 0.0404535 0.852676 51.6198 0.015162 0.999157 -0.038141 -0.42147 -0.853501 -0.00693832 -0.521045 -5.32569 
-0.521554 0.0387585 0.852337 52.5051 0.0131652 0.999214 -0.0373816 -0.472983 -0.853117 -0.00827537 -0.521655 -5.83476 
-0.521673 0.0379344 0.852302 53.3911 0.0121752 0.99924 -0.0370223 -0.528982 -0.853058 -0.00893662 -0.521739 -6.35536 
-0.521482 0.0367516 0.85247 54.2406 0.0110414 0.999279 -0.0363264 -0.594083 -0.853191 -0.00953108 -0.521512 -6.83319 
-0.521129 0.0348146 0.852767 55.1056 0.00977922 0.999346 -0.0348225 -0.650617 -0.853422 -0.00980764 -0.521129 -7.30959 
-0.519164 0.0327969 0.854045 55.9741 0.0104177 0.999432 -0.0320472 -0.709305 -0.854611 -0.00774056 -0.519211 -7.81642 
-0.517697 0.0313224 0.85499 56.8417 0.0100228 0.999483 -0.030547 -0.757857 -0.855505 -0.00724468 -0.517744 -8.28919 
-0.516516 0.0309739 0.855717 57.7362 0.0100748 0.999496 -0.030097 -0.814288 -0.856218 -0.00692439 -0.516568 -8.76237 
-0.515176 0.0312958 0.856513 58.6247 0.00968466 0.999482 -0.0306945 -0.858941 -0.85703 -0.00751804 -0.515212 -9.25847 
-0.515123 0.0320181 0.856518 59.5474 0.00968835 0.999456 -0.0315346 -0.905942 -0.857061 -0.00794597 -0.515153 -9.74345 
-0.516936 0.0332112 0.855379 60.4244 0.00821518 0.999394 -0.033838 -0.957867 -0.855984 -0.010465 -0.516896 -10.2217 
-0.520695 0.034618 0.853041 61.2945 0.00622115 0.999305 -0.0367563 -1.01703 -0.85372 -0.013832 -0.520548 -10.7043 
-0.525804 0.0351583 0.849879 62.1718 0.00508178 0.999257 -0.0381939 -1.07256 -0.85059 -0.0157636 -0.525592 -11.206 
-0.531475 0.0339325 0.846394 63.0417 0.00652002 0.999332 -0.0359697 -1.12319 -0.847049 -0.0135985 -0.531341 -11.7243 
-0.537543 0.0317503 0.842638 63.9103 0.00763942 0.999433 -0.0327848 -1.17507 -0.843201 -0.011186 -0.537481 -12.2399 
-0.542855 0.0295504 0.839307 64.7652 0.00474041 0.999473 -0.0321235 -1.22083 -0.839813 -0.0134597 -0.542709 -12.7713 
-0.548103 0.0324578 0.835781 65.611 0.00649854 0.999382 -0.0345495 -1.27937 -0.836385 -0.0135053 -0.547975 -13.3002 
-0.553325 0.0338726 0.832276 66.4282 0.00654139 0.999319 -0.0363221 -1.3321 -0.83294 -0.0146537 -0.55317 -13.8255 
-0.557852 0.0345397 0.829221 67.2461 0.00477348 0.999251 -0.0384107 -1.38514 -0.829926 -0.0174692 -0.557599 -14.3508 
-0.561764 0.0346965 0.826569 68.0624 0.00358739 0.999213 -0.0395054 -1.43848 -0.82729 -0.0192275 -0.561447 -14.8806 
-0.564414 0.0343802 0.824776 68.8707 0.0048262 0.999253 -0.0383504 -1.49001 -0.825478 -0.017665 -0.564158 -15.4282 
-0.56706 0.0274306 0.82322 69.6891 0.00541268 0.999548 -0.0295776 -1.54031 -0.823659 -0.0123164 -0.566952 -15.9673 
-0.568732 0.0188904 0.822306 70.495 0.00548844 0.999801 -0.0191719 -1.59382 -0.822505 -0.00639051 -0.568723 -16.5149 
-0.570555 0.0176325 0.82107 71.2904 0.00603951 0.999833 -0.0172746 -1.627 -0.821237 -0.00489725 -0.570566 -17.0351 
-0.571626 0.0218901 0.820222 72.0782 0.00574188 0.999726 -0.022679 -1.66233 -0.820494 -0.00825431 -0.571595 -17.5642 
-0.572816 0.0281942 0.819199 72.8675 0.00727907 0.999544 -0.0293113 -1.70145 -0.819652 -0.010827 -0.57276 -18.1009 
-0.572826 0.0322872 0.819041 73.6633 0.0123632 0.999451 -0.0307524 -1.73657 -0.819584 -0.00748975 -0.57291 -18.6607 
-0.572501 0.033688 0.819212 74.4516 0.0160354 0.999425 -0.0298925 -1.78406 -0.819747 -0.00397708 -0.572712 -19.2088 
-0.572267 0.0304024 0.819504 75.239 0.0144558 0.999531 -0.0269866 -1.82784 -0.81994 -0.00359697 -0.572438 -19.7334 
-0.571491 0.0254146 0.820215 76.0217 0.0127704 0.999675 -0.0220773 -1.86414 -0.820509 -0.00214255 -0.57163 -20.2625 
-0.571197 0.018813 0.820598 76.8127 0.00965487 0.999822 -0.0162013 -1.90208 -0.820756 -0.00133138 -0.571277 -20.7763 
-0.570914 0.013283 0.820902 77.6082 0.00112876 0.999881 -0.015394 -1.93325 -0.821009 -0.00786207 -0.570861 -21.2904 
-0.5694 0.0078781 0.822023 78.4011 -0.00678091 0.999875 -0.0142796 -1.9593 -0.822033 -0.0137049 -0.569275 -21.8025 
-0.567307 0.00882055 0.823459 79.1861 -0.00297062 0.999914 -0.0127572 -1.99294 -0.823501 -0.00968342 -0.567232 -22.3278 
-0.564435 0.0119745 0.825391 79.9668 0.000560598 0.9999 -0.0141228 -2.02575 -0.825478 -0.0075087 -0.564385 -22.8459 
-0.559167 0.0151812 0.828916 80.7472 0.0022651 0.999857 -0.0167839 -2.04807 -0.829052 -0.0075074 -0.559121 -23.3522 
-0.551632 0.0175567 0.833903 81.5372 0.00743016 0.999842 -0.0161353 -2.079 -0.834054 -0.00270471 -0.551676 -23.8586 
-0.543796 0.0213876 0.838945 82.3327 0.0149202 0.999764 -0.0158162 -2.11134 -0.839085 0.00391642 -0.543986 -24.3642 
-0.534502 0.0204277 0.844921 83.1321 0.0114737 0.999791 -0.0169136 -2.1344 -0.84509 0.00065398 -0.534624 -24.845 
-0.523076 0.0183499 0.852088 83.9395 0.0100514 0.999832 -0.0153612 -2.16333 -0.852227 0.000529622 -0.523173 -25.3275 
-0.511591 0.0150846 0.859097 84.7443 0.0107124 0.99988 -0.0111773 -2.19772 -0.859162 0.00348473 -0.511691 -25.7899 
-0.5009 0.0147302 0.86538 85.5608 0.00989895 0.999887 -0.01129 -2.22287 -0.865449 0.00291118 -0.500989 -26.2382 
-0.489095 0.0136928 0.872123 86.3682 0.0104708 0.999897 -0.00982674 -2.25006 -0.872168 0.0043256 -0.489188 -26.6747 
-0.477515 0.0150234 0.878495 87.1847 0.0119147 0.999873 -0.0106227 -2.27573 -0.878543 0.0053945 -0.477633 -27.0966 
-0.46556 0.0188305 0.884816 88.0106 0.0114819 0.999818 -0.0152366 -2.30955 -0.884942 0.00306584 -0.465692 -27.5166 
-0.454266 0.0282203 0.890419 88.8242 0.0145827 0.9996 -0.0242409 -2.3406 -0.890747 0.0019729 -0.454496 -27.9156 
-0.442603 0.0326565 0.896123 89.6541 0.01369 0.999466 -0.0296608 -2.37105 -0.896613 -0.000860049 -0.442814 -28.2953 
-0.431393 0.0290796 0.901695 90.5006 0.0121037 0.999577 -0.0264455 -2.41489 -0.902083 -0.000494523 -0.431562 -28.6806 
-0.419498 0.0254441 0.9074 91.339 0.0109556 0.999676 -0.0229667 -2.45431 -0.90769 0.000306671 -0.419641 -29.0535 
-0.410005 0.0262101 0.911707 92.1783 0.00794488 0.999652 -0.0251654 -2.49481 -0.912049 -0.00307455 -0.41007 -29.4076 
-0.403416 0.0300704 0.914523 93.0125 0.00236453 0.999491 -0.0318211 -2.53899 -0.915014 -0.0106747 -0.403282 -29.7505 
-0.399206 0.035334 0.91618 93.8409 -0.00274673 0.999207 -0.0397328 -2.57741 -0.916857 -0.0183781 -0.398792 -30.0745 
-0.396185 0.0365866 0.917442 94.6721 -0.00663617 0.999066 -0.0427073 -2.63256 -0.918147 -0.0230083 -0.395572 -30.4008 
-0.392572 0.0362247 0.919008 95.5088 -0.00865509 0.999034 -0.0430763 -2.68504 -0.91968 -0.0248647 -0.39188 -30.736 
-0.387753 0.0358389 0.921066 96.3429 -0.0102655 0.999014 -0.0431934 -2.74366 -0.921706 -0.0262036 -0.387003 -31.063 
-0.38174 0.0312318 0.923742 97.1895 -0.0134825 0.999134 -0.0393525 -2.79577 -0.924172 -0.0274767 -0.380988 -31.3936 
-0.37703 0.027918 0.92578 98.0312 -0.0137499 0.999267 -0.0357337 -2.84246 -0.926099 -0.0262021 -0.37637 -31.7065 
-0.371454 0.0248004 0.92812 98.8767 -0.0168312 0.999299 -0.0334386 -2.89064 -0.928299 -0.0280423 -0.370777 -32.017 
-0.365437 0.0228108 0.930557 99.7274 -0.0253402 0.999085 -0.0344419 -2.93786 -0.930491 -0.0361669 -0.364524 -32.3243 
-0.359747 0.0227562 0.932772 100.565 -0.032544 0.998788 -0.0369182 -2.98509 -0.932482 -0.0436374 -0.358571 -32.6112 
-0.353239 0.0268859 0.935147 101.402 -0.0314302 0.998682 -0.0405849 -3.0317 -0.935005 -0.043728 -0.351928 -32.9068 
-0.34623 0.0301797 0.937664 102.243 -0.0292041 0.998651 -0.0429262 -3.08095 -0.937695 -0.042246 -0.344881 -33.2012 
-0.34016 0.0283597 0.93994 103.101 -0.0311688 0.998656 -0.0414111 -3.12649 -0.939851 -0.0433832 -0.338819 -33.4839 
-0.333543 0.0229416 0.942456 103.964 -0.0319296 0.998855 -0.0356146 -3.18473 -0.942194 -0.0419713 -0.332429 -33.7614 
-0.326947 0.0206078 0.944818 104.824 -0.0334553 0.998883 -0.033364 -3.22874 -0.94445 -0.0425174 -0.325893 -34.0325 
-0.320883 0.0233949 0.94683 105.678 -0.0358257 0.99868 -0.0368174 -3.27562 -0.946441 -0.0457349 -0.319621 -34.2964 
-0.314699 0.0262575 0.948828 106.536 -0.0353891 0.998598 -0.0393723 -3.32059 -0.948532 -0.0459687 -0.313329 -34.5594 
-0.308248 0.0262636 0.950943 107.392 -0.0389492 0.998432 -0.0402005 -3.37204 -0.950508 -0.0494302 -0.306742 -34.8067 
-0.301799 0.0253368 0.953035 108.231 -0.0396623 0.998448 -0.039104 -3.42859 -0.952546 -0.0496011 -0.300326 -35.0542 
-0.293556 0.0249803 0.955615 109.069 -0.0356813 0.998676 -0.0370669 -3.47974 -0.955276 -0.0449788 -0.292276 -35.3021 
-0.286502 0.0264378 0.957715 109.93 -0.0320134 0.998797 -0.0371487 -3.52347 -0.957545 -0.0413029 -0.285311 -35.5351 
-0.280643 0.0260222 0.959459 110.793 -0.0336471 0.998751 -0.0369297 -3.57762 -0.959222 -0.0426471 -0.279417 -35.7516 
-0.274055 0.0248704 0.961392 111.664 -0.0396182 0.998525 -0.0371245 -3.62115 -0.960898 -0.0482628 -0.272665 -35.971 
-0.268302 0.0226286 0.963069 112.529 -0.0442155 0.998381 -0.0357763 -3.67152 -0.96232 -0.0521814 -0.266867 -36.1796 
-0.263828 0.0225435 0.964306 113.388 -0.0415356 0.998534 -0.0347075 -3.72048 -0.963675 -0.0492099 -0.262505 -36.3973 
-0.259612 0.0229768 0.96544 114.257 -0.0401424 0.998596 -0.0345604 -3.76358 -0.964878 -0.0477273 -0.258325 -36.6087 
-0.255132 0.0241366 0.966605 115.124 -0.0395452 0.998592 -0.0353731 -3.80671 -0.966097 -0.0472494 -0.253818 -36.8147 
-0.248952 0.0232202 0.968238 115.999 -0.0332185 0.99892 -0.0324971 -3.85305 -0.967946 -0.0402536 -0.247911 -37.0328 
-0.243773 0.0221344 0.96958 116.867 -0.0260164 0.999231 -0.0293523 -3.89485 -0.969483 -0.0323803 -0.243009 -37.243 
-0.239028 0.0216365 0.970772 117.74 -0.0241707 0.999309 -0.0282239 -3.93328 -0.970712 -0.0302106 -0.23834 -37.4418 
-0.235095 0.0236139 0.971686 118.613 -0.0258968 0.999198 -0.030548 -3.96953 -0.971627 -0.0323452 -0.234295 -37.6306 
-0.231884 0.0255196 0.972409 119.491 -0.0277572 0.999075 -0.0328385 -4.00487 -0.972347 -0.0346061 -0.230961 -37.8155 
-0.230102 0.0248243 0.97285 120.357 -0.0302015 0.999011 -0.0326352 -4.04861 -0.972698 -0.036891 -0.229124 -38.0006 
-0.228673 0.0237706 0.973213 121.22 -0.0300795 0.999052 -0.0314693 -4.09225 -0.973039 -0.03647 -0.227741 -38.1847 
-0.227597 0.0193932 0.973562 122.09 -0.0287227 0.999233 -0.0266192 -4.13185 -0.973332 -0.0340218 -0.226865 -38.3756 
-0.226333 0.0144773 0.973942 122.957 -0.0294153 0.999332 -0.0216904 -4.16859 -0.973606 -0.0335581 -0.225756 -38.5602 
-0.225384 0.0124125 0.974191 123.818 -0.0291646 0.999385 -0.0194809 -4.20745 -0.973834 -0.0328025 -0.224883 -38.7446 
-0.224454 0.0167854 0.97434 124.667 -0.0291693 0.999288 -0.0239347 -4.24517 -0.974048 -0.033793 -0.223804 -38.9189 
-0.224132 0.0206086 0.974341 125.511 -0.0285366 0.999209 -0.0276989 -4.28175 -0.974141 -0.0340126 -0.223366 -39.0973 
-0.223964 0.0201286 0.97439 126.365 -0.0310571 0.999132 -0.0277782 -4.31757 -0.974102 -0.036483 -0.223145 -39.2747 
-0.223212 0.0188311 0.974588 127.201 -0.0329938 0.999095 -0.0268612 -4.36245 -0.974212 -0.0381511 -0.222388 -39.4439 
-0.222069 0.0200375 0.974825 128.052 -0.0287384 0.99922 -0.0270856 -4.39503 -0.974607 -0.0340298 -0.22132 -39.6351 
-0.220846 0.0222312 0.975055 128.881 -0.0297212 0.999123 -0.0295116 -4.43987 -0.974856 -0.0354973 -0.219992 -39.8091 
-0.22108 0.0228151 0.974989 129.713 -0.0379331 0.998769 -0.0319728 -4.48309 -0.974518 -0.0440529 -0.219942 -39.9678 
-0.220112 0.0246492 0.975163 130.549 -0.0438671 0.998419 -0.0351386 -4.52031 -0.974488 -0.050512 -0.218682 -40.1383 
-0.22019 0.0283843 0.975044 131.365 -0.0409166 0.998428 -0.038305 -4.56307 -0.974599 -0.0483298 -0.218683 -40.3031 
-0.218776 0.0292386 0.975337 132.2 -0.0392351 0.998479 -0.038733 -4.61293 -0.974986 -0.0467413 -0.217296 -40.4836 
-0.217366 0.030509 0.975613 133.013 -0.0410643 0.998341 -0.0403688 -4.65348 -0.975226 -0.0488377 -0.215752 -40.6456 
-0.215029 0.0303485 0.976136 133.834 -0.0320411 0.99876 -0.03811 -4.69778 -0.976082 -0.0394712 -0.21379 -40.8239 
-0.211635 0.0273213 0.976967 134.639 -0.0260796 0.999095 -0.0335896 -4.73955 -0.977001 -0.0325876 -0.210731 -40.994 
-0.20995 0.0224272 0.977455 135.452 -0.0236861 0.999327 -0.0280166 -4.78321 -0.977425 -0.0290341 -0.209277 -41.155 
-0.207228 0.0210849 0.978065 136.219 -0.0229994 0.999386 -0.0264175 -4.8422 -0.978022 -0.0279694 -0.206616 -41.2876 
-0.202145 0.0261724 0.979006 137.034 -0.0217289 0.999277 -0.0312008 -4.88699 -0.979115 -0.0275798 -0.20143 -41.4469 
-0.195803 0.0296361 0.980195 137.822 -0.0204404 0.999203 -0.0342939 -4.9186 -0.98043 -0.0267504 -0.195041 -41.5876 
-0.187105 0.0301051 0.981879 138.629 -0.0202696 0.999199 -0.0344986 -4.95878 -0.982131 -0.0263571 -0.186345 -41.7326 
-0.177648 0.0261403 0.983747 139.437 -0.0178075 0.999398 -0.0297719 -4.99745 -0.983933 -0.022807 -0.177075 -41.8646 
-0.165713 0.024851 0.985861 140.225 -0.0148624 0.999506 -0.0276932 -5.03658 -0.986062 -0.0192414 -0.165261 -41.9848 
-0.151653 0.0271771 0.98806 141.008 -0.00966501 0.999533 -0.0289761 -5.07704 -0.988387 -0.0139439 -0.151319 -42.1011 
-0.137969 0.0289295 0.990014 141.809 -0.0110377 0.999466 -0.0307439 -5.10336 -0.990375 -0.0151692 -0.137576 -42.1909 
-0.124401 0.0289118 0.991811 142.592 -0.00974224 0.999492 -0.0303576 -5.13964 -0.992184 -0.013439 -0.124056 -42.2674 
-0.111037 0.030486 0.993349 143.372 -0.00973506 0.999448 -0.0317613 -5.17849 -0.993769 -0.013197 -0.110679 -42.3398 
-0.0975702 0.0366553 0.994553 144.142 -0.0113451 0.999216 -0.03794 -5.22807 -0.995164 -0.0149851 -0.0970778 -42.3933 
-0.08447 0.045364 0.995393 144.927 -0.0181044 0.998728 -0.0470523 -5.27044 -0.996262 -0.0219955 -0.0835413 -42.4418 
-0.0705901 0.0532405 0.996084 145.683 -0.0215484 0.99826 -0.0548839 -5.32108 -0.997273 -0.0253382 -0.0693201 -42.4686 
-0.0578691 0.0540994 0.996857 146.468 -0.0232134 0.998188 -0.0555191 -5.36484 -0.998054 -0.0263533 -0.0565084 -42.4868 
-0.0463121 0.0503463 0.997658 147.247 -0.0274039 0.998289 -0.0516502 -5.41697 -0.998551 -0.0297317 -0.0448532 -42.4981 
-0.0364518 0.0477529 0.998194 148.005 -0.0324095 0.998276 -0.0489403 -5.46985 -0.99881 -0.0341349 -0.0348413 -42.4886 
-0.0280492 0.0540291 0.998145 148.75 -0.0363201 0.997824 -0.0550322 -5.52772 -0.998947 -0.0377963 -0.0260258 -42.479 
-0.0208214 0.061868 0.997867 149.501 -0.0392952 0.997262 -0.0626504 -5.57778 -0.999011 -0.0405159 -0.0183333 -42.4786 
-0.0179287 0.0649943 0.997725 150.249 -0.0425436 0.996932 -0.0657071 -5.62264 -0.998934 -0.0436248 -0.0151086 -42.4682 
-0.0178694 0.0604156 0.998013 151.004 -0.0438896 0.997163 -0.0611499 -5.67793 -0.998877 -0.0448951 -0.0151671 -42.4637 
-0.019931 0.0561035 0.998226 151.755 -0.045861 0.997322 -0.0569683 -5.73689 -0.998749 -0.0469151 -0.0173047 -42.4581 
-0.0227608 0.0529289 0.998339 152.504 -0.0434628 0.997601 -0.0538806 -5.79282 -0.998796 -0.044617 -0.0204058 -42.4607 
-0.0257338 0.0528626 0.99827 153.252 -0.0421176 0.997657 -0.0539158 -5.84228 -0.998781 -0.0434322 -0.023447 -42.4674 
-0.0292948 0.0526069 0.998186 153.994 -0.040893 0.997715 -0.0537822 -5.89893 -0.998734 -0.0423943 -0.0270766 -42.4771 
-0.0331218 0.0515107 0.998123 154.741 -0.0410037 0.99776 -0.0528526 -5.94458 -0.99861 -0.0426773 -0.0309355 -42.4948 
-0.0387145 0.0518496 0.997904 155.477 -0.0422441 0.997675 -0.0534766 -5.98928 -0.998357 -0.0442259 -0.0364342 -42.5088 
-0.044518 0.0498203 0.997766 156.207 -0.0435459 0.99771 -0.0517604 -6.03922 -0.998059 -0.0457529 -0.0422466 -42.5253 
-0.0502871 0.0474941 0.997605 156.946 -0.0412328 0.997918 -0.0495875 -6.09206 -0.997883 -0.0436277 -0.0482241 -42.5541 
-0.0557945 0.0474175 0.997316 157.666 -0.0415027 0.997898 -0.0497671 -6.13633 -0.997579 -0.0441681 -0.0537093 -42.581 
-0.0615774 0.0484707 0.996925 158.38 -0.0440937 0.997713 -0.0512325 -6.18671 -0.997128 -0.0471128 -0.0592993 -42.6054 
-0.0655097 0.0506881 0.996564 159.097 -0.0437083 0.997605 -0.0536142 -6.23949 -0.996894 -0.0470703 -0.0631373 -42.6409 
-0.0678822 0.0531399 0.996277 159.82 -0.04365 0.997466 -0.0561774 -6.28777 -0.996738 -0.0473009 -0.0653906 -42.6766 
-0.0692557 0.0547999 0.996093 160.543 -0.0395448 0.997555 -0.0576298 -6.33272 -0.996815 -0.0433815 -0.0669192 -42.7181 
-0.0683026 0.0533346 0.996238 161.252 -0.0360778 0.997785 -0.0558909 -6.38144 -0.997012 -0.0397596 -0.0662271 -42.761 
-0.0645484 0.0494463 0.996689 161.951 -0.0337889 0.998091 -0.0517041 -6.43603 -0.997342 -0.0370144 -0.0627544 -42.7897 
-0.0572292 0.0497473 0.997121 162.653 -0.0334175 0.998103 -0.0517142 -6.4847 -0.997802 -0.0362808 -0.0554582 -42.8153 
-0.0460406 0.0502478 0.997675 163.349 -0.0299211 0.998217 -0.0516559 -6.53442 -0.998491 -0.0322298 -0.044455 -42.8326 
-0.0316958 0.0506483 0.998214 164.025 -0.0289958 0.998248 -0.0515707 -6.57875 -0.999077 -0.0305785 -0.0301717 -42.8425 
-0.0168082 0.0483791 0.998688 164.708 -0.0297799 0.998361 -0.0488645 -6.6202 -0.999415 -0.0305621 -0.0153399 -42.8292 
-0.00100359 0.0433118 0.999061 165.39 -0.0347361 0.998457 -0.0433205 -6.66501 -0.999396 -0.0347469 0.000502434 -42.8009 
0.0153417 0.0369237 0.9992 166.077 -0.036071 0.998688 -0.0363509 -6.7039 -0.999232 -0.0354845 0.0166534 -42.7679 
0.0327889 0.0296299 0.999023 166.758 -0.036183 0.99894 -0.0284398 -6.73773 -0.998807 -0.0352151 0.0338262 -42.7307 
0.0502742 0.0218199 0.998497 167.43 -0.0366204 0.999129 -0.0199899 -6.77221 -0.998064 -0.0355604 0.0510295 -42.6765 
0.0675254 0.0158174 0.997592 168.101 -0.037918 0.999193 -0.0132761 -6.79927 -0.996997 -0.0369302 0.0680706 -42.6073 
0.0854754 0.0134796 0.996249 168.754 -0.0382695 0.999215 -0.0102362 -6.8231 -0.995605 -0.037251 0.0859242 -42.5309 
0.103275 0.0118743 0.994582 169.392 -0.0377563 0.999255 -0.00800949 -6.84581 -0.993936 -0.0367245 0.103646 -42.4447 
0.120399 0.0115172 0.992659 170.032 -0.0378695 0.999258 -0.00700053 -6.8533 -0.992003 -0.0367487 0.120746 -42.3377 
0.136833 0.0103637 0.99054 170.67 -0.0424827 0.999087 -0.00458453 -6.8655 -0.989683 -0.0414535 0.137148 -42.2255 
0.151 0.00664619 0.988512 171.287 -0.0439532 0.999034 -2.84411e-06 -6.87641 -0.987556 -0.0434478 0.151146 -42.1063 
0.163532 0.00254878 0.986535 171.92 -0.0394305 0.999215 0.00395467 -6.88855 -0.98575 -0.0395462 0.163504 -41.992 
0.174115 0.00179506 0.984724 172.509 -0.0385129 0.999246 0.00498824 -6.89543 -0.983972 -0.0387931 0.174053 -41.8694 
0.183767 0.00545791 0.982955 173.103 -0.0416785 0.999129 0.00224429 -6.90242 -0.982086 -0.0413805 0.183835 -41.7308 
0.192934 0.0125323 0.981132 173.706 -0.045702 0.998948 -0.00377278 -6.91453 -0.980147 -0.0441117 0.193304 -41.5843 
0.201938 0.0226967 0.979135 174.298 -0.0459076 0.998852 -0.0136856 -6.92627 -0.978322 -0.0421861 0.202748 -41.4451 
0.210193 0.0284878 0.977245 174.9 -0.0405175 0.99897 -0.0204063 -6.93592 -0.97682 -0.0353062 0.211131 -41.3039 
0.216824 0.0266018 0.975848 175.497 -0.0397515 0.99904 -0.0184016 -6.9485 -0.975401 -0.0348015 0.217673 -41.1631 
0.222887 0.0190553 0.974658 176.113 -0.0419046 0.999072 -0.00994967 -6.9579 -0.973943 -0.038625 0.223479 -41.003 
0.227321 0.00827924 0.973785 176.724 -0.0465342 0.998914 0.00237015 -6.97612 -0.972707 -0.045853 0.22746 -40.8386 
0.228996 0.00020336 0.973427 177.332 -0.0464877 0.998861 0.0107275 -6.98602 -0.972317 -0.0477089 0.228744 -40.6728 
0.229966 -0.000657877 0.973198 177.932 -0.0428847 0.999022 0.010809 -6.99855 -0.972253 -0.044221 0.229713 -40.5252 
0.231245 0.00186644 0.972894 178.543 -0.0398411 0.999178 0.00755293 -6.99432 -0.972079 -0.0405078 0.231129 -40.381 
0.233199 0.00152315 0.972428 179.154 -0.0365824 0.999305 0.00720769 -6.99512 -0.971741 -0.0372546 0.233093 -40.2291 
0.234889 -0.000494266 0.972022 179.762 -0.0386416 0.999205 0.00984587 -6.99174 -0.971254 -0.0398731 0.234683 -40.0651 
0.237669 -0.00418909 0.971337 180.38 -0.0389772 0.999144 0.0138461 -6.99201 -0.970564 -0.0411508 0.237302 -39.895 
0.240717 -0.00929002 0.970551 181.002 -0.0380187 0.999097 0.0189927 -6.99366 -0.96985 -0.041471 0.240146 -39.7275 
0.245646 -0.0121809 0.969283 181.626 -0.0362073 0.999108 0.0217318 -6.99158 -0.968683 -0.0404335 0.244986 -39.564 
0.252117 -0.0143513 0.96759 182.246 -0.0341802 0.999134 0.0237252 -6.98344 -0.967093 -0.0390539 0.251408 -39.3906 
0.260432 -0.0177698 0.965329 182.893 -0.0320816 0.999119 0.027047 -6.98041 -0.964959 -0.0380132 0.259632 -39.2164 
0.270559 -0.0196875 0.962502 183.523 -0.029542 0.99915 0.0287415 -6.97672 -0.96225 -0.0362105 0.269748 -39.0309 
0.281463 -0.01804 0.959403 184.156 -0.0304236 0.999153 0.027713 -6.9756 -0.95909 -0.0369886 0.280675 -38.8172 
0.293083 -0.0141735 0.955982 184.775 -0.0315089 0.999204 0.0244743 -6.96657 -0.955568 -0.037295 0.292403 -38.6088 
0.30494 -0.0110802 0.952307 185.399 -0.0322306 0.99924 0.0219469 -6.9579 -0.951826 -0.0373859 0.304351 -38.3901 
0.316374 -0.0108832 0.948572 186.024 -0.0305954 0.999297 0.0216696 -6.94786 -0.948141 -0.0358776 0.315818 -38.1602 
0.327698 -0.0144286 0.944673 186.651 -0.0294376 0.999242 0.0254738 -6.9453 -0.944324 -0.0361566 0.327024 -37.9226 
0.338644 -0.0159251 0.94078 187.292 -0.0303336 0.999152 0.0278322 -6.93847 -0.940426 -0.0379624 0.337873 -37.6613 
0.349771 -0.0165134 0.93669 187.929 -0.0317546 0.999061 0.0294705 -6.92785 -0.936297 -0.0400521 0.348918 -37.3946 
0.359103 -0.0175938 0.933132 188.571 -0.0352156 0.998855 0.0323853 -6.90865 -0.932633 -0.0444905 0.358073 -37.1171 
0.36706 -0.0163739 0.930053 189.233 -0.0390178 0.998694 0.0329814 -6.89742 -0.929379 -0.0483948 0.365942 -36.8578 
0.371595 -0.0196135 0.928188 189.884 -0.0391329 0.998557 0.0367672 -6.88747 -0.92757 -0.0499852 0.370291 -36.5829 
0.374111 -0.0234911 0.927087 190.545 -0.0358534 0.998565 0.0397704 -6.87391 -0.926691 -0.0481177 0.372732 -36.3107 
0.374257 -0.0229531 0.927041 191.199 -0.0313166 0.998811 0.037373 -6.86003 -0.926796 -0.0430189 0.373093 -36.0411 
0.373693 -0.0227525 0.927273 191.877 -0.0299677 0.998881 0.0365867 -6.84883 -0.927068 -0.0414604 0.372593 -35.7664 
0.37334 -0.0214207 0.927447 192.556 -0.0259983 0.999099 0.0335411 -6.82724 -0.92733 -0.0366342 0.372447 -35.4915 
0.372732 -0.023064 0.927653 193.243 -0.0231547 0.999149 0.0341452 -6.80365 -0.92765 -0.0342065 0.37188 -35.2008 
0.372195 -0.0290304 0.927701 193.938 -0.019429 0.999048 0.039058 -6.78777 -0.927951 -0.0325615 0.371277 -34.923 
0.370906 -0.0320524 0.928117 194.628 -0.0193356 0.998921 0.0422248 -6.77286 -0.928469 -0.0336072 0.369886 -34.6337 
0.368852 -0.0344226 0.92885 195.321 -0.0179155 0.998865 0.0441317 -6.75291 -0.929315 -0.0329189 0.367817 -34.3454 
0.367513 -0.0345064 0.929378 196.006 -0.018593 0.998839 0.0444378 -6.73015 -0.929832 -0.0336114 0.366445 -34.0596 
0.366129 -0.0351864 0.929899 196.718 -0.0196684 0.998769 0.0455364 -6.70985 -0.930356 -0.0349618 0.364986 -33.7757 
0.364276 -0.0337403 0.93068 197.412 -0.0207449 0.998802 0.0443298 -6.69105 -0.93106 -0.0354551 0.363139 -33.4909 
0.362807 -0.0297852 0.931388 198.107 -0.0207904 0.998982 0.0400454 -6.67367 -0.931633 -0.0338927 0.361818 -33.2062 
0.362231 -0.0240777 0.931777 198.791 -0.0203494 0.999224 0.0337315 -6.65456 -0.931866 -0.0311797 0.36146 -32.9304 
0.361147 -0.0209941 0.932272 199.475 -0.0234026 0.999228 0.0315677 -6.6388 -0.932215 -0.0332181 0.360377 -32.6535 
0.359712 -0.0242126 0.932749 200.169 -0.0232426 0.999121 0.0348989 -6.62653 -0.932774 -0.034233 0.358833 -32.3712 
0.35832 -0.0279131 0.933181 200.858 -0.022824 0.998992 0.0386456 -6.60868 -0.93332 -0.0351464 0.357322 -32.0918 
0.356078 -0.0275416 0.93405 201.553 -0.0255535 0.998905 0.0391954 -6.58536 -0.934107 -0.0378249 0.354984 -31.8105 
0.351332 -0.027182 0.935856 202.226 -0.0285019 0.998805 0.0397104 -6.56818 -0.935817 -0.0406252 0.350137 -31.5491 
0.344649 -0.0285253 0.938298 202.927 -0.0273984 0.998807 0.0404286 -6.54536 -0.938332 -0.0396415 0.343456 -31.2779 
0.335729 -0.0291774 0.941507 203.627 -0.0268884 0.998816 0.0405416 -6.53311 -0.941575 -0.0389266 0.334547 -31.0199 
0.325392 -0.0278544 0.945169 204.323 -0.0245298 0.998981 0.0378851 -6.52075 -0.945261 -0.0355123 0.324377 -30.7704 
0.314585 -0.0246171 0.94891 205.015 -0.0258174 0.999072 0.0344775 -6.5086 -0.948878 -0.0353445 0.313658 -30.5327 
0.302814 -0.0245337 0.952734 205.725 -0.0282924 0.998997 0.0347174 -6.4837 -0.95263 -0.037468 0.301816 -30.2922 
0.291481 -0.0323756 0.956029 206.445 -0.0235416 0.998882 0.0410043 -6.46592 -0.956287 -0.0344584 0.290393 -30.0668 
0.283385 -0.0416365 0.958102 207.205 -0.0182185 0.998643 0.048787 -6.45638 -0.958833 -0.0312806 0.282242 -29.8656 
0.276232 -0.0479042 0.959896 207.923 -0.0164965 0.998374 0.0545717 -6.44612 -0.96095 -0.0309094 0.274992 -29.6551 
0.272206 -0.0489004 0.960996 208.631 -0.0222743 0.99812 0.0570988 -6.41872 -0.961981 -0.0369482 0.270605 -29.4351 
0.26951 -0.0506035 0.961667 209.343 -0.0211063 0.998068 0.0584341 -6.38866 -0.962766 -0.0360459 0.267922 -29.2281 
0.267465 -0.0515891 0.962186 210.075 -0.0190878 0.998086 0.05882 -6.35304 -0.963378 -0.0340983 0.265969 -29.0045 
0.266705 -0.0496038 0.962501 210.792 -0.0193926 0.998196 0.0568171 -6.32367 -0.963583 -0.0338188 0.265262 -28.7941 
0.265996 -0.0478428 0.962786 211.517 -0.0229424 0.998171 0.0559396 -6.29561 -0.963701 -0.0369683 0.264412 -28.5713 
0.266675 -0.0485139 0.962565 212.247 -0.0227307 0.998138 0.0566043 -6.25905 -0.963518 -0.0369747 0.265076 -28.355 
0.267883 -0.0499364 0.962156 212.952 -0.0231671 0.998033 0.0582487 -6.23041 -0.963173 -0.0378942 0.2662 -28.1353 
0.268977 -0.0515949 0.961764 213.699 -0.0219885 0.997975 0.0596871 -6.20004 -0.962896 -0.0372022 0.267298 -27.9086 
0.270745 -0.0526591 0.96121 214.431 -0.0184806 0.998034 0.059882 -6.17035 -0.962474 -0.0339765 0.26924 -27.695 
0.27403 -0.0537476 0.960218 215.159 -0.0181279 0.997971 0.0610342 -6.13229 -0.96155 -0.034132 0.2725 -27.4762 
0.278135 -0.0553137 0.958948 215.901 -0.0195958 0.997806 0.0632387 -6.10035 -0.960342 -0.0363802 0.276441 -27.2452 
0.282953 -0.0594217 0.957291 216.632 -0.0209294 0.997459 0.0681013 -6.06409 -0.958905 -0.039305 0.28099 -27 
0.288022 -0.0625513 0.955579 217.374 -0.0224959 0.997147 0.0720529 -6.01973 -0.95736 -0.0422494 0.285793 -26.7614 
0.292447 -0.0626873 0.954225 218.11 -0.0229086 0.997103 0.0725252 -5.9812 -0.956007 -0.0430697 0.290164 -26.5187 
0.296935 -0.0582537 0.953119 218.864 -0.028343 0.99716 0.0697755 -5.94343 -0.954477 -0.047733 0.29444 -26.2598 
0.301352 -0.0518467 0.952103 219.599 -0.0340415 0.997299 0.0650824 -5.89396 -0.952905 -0.0520237 0.298773 -26.0007 
0.305881 -0.0487067 0.950823 220.334 -0.037819 0.997281 0.063253 -5.85138 -0.951318 -0.0553071 0.303207 -25.7369 
0.309892 -0.0493541 0.94949 221.074 -0.0394419 0.997125 0.0647031 -5.82087 -0.949953 -0.0575006 0.307054 -25.4688 
0.314124 -0.04648 0.948244 221.822 -0.0417434 0.997159 0.062706 -5.7814 -0.948464 -0.0592803 0.311291 -25.2056 
0.317923 -0.0437483 0.947107 222.56 -0.0418556 0.997313 0.0601175 -5.74702 -0.947192 -0.0587545 0.315238 -24.9393 
0.322551 -0.0431283 0.945569 223.306 -0.0430642 0.997258 0.0601759 -5.70994 -0.945572 -0.0601299 0.319809 -24.6674 
0.326972 -0.0447589 0.943973 224.053 -0.0429196 0.997144 0.0621465 -5.67922 -0.944059 -0.0608351 0.324117 -24.389 
0.331044 -0.0449151 0.942546 224.785 -0.0391076 0.997355 0.0612624 -5.64257 -0.942805 -0.0571412 0.328412 -24.1181 
0.335149 -0.0449798 0.941091 225.521 -0.0358823 0.997526 0.0604559 -5.61403 -0.941482 -0.0540303 0.332706 -23.8445 
0.339323 -0.0429607 0.939689 226.26 -0.0365204 0.997602 0.058796 -5.58014 -0.939961 -0.0542686 0.33694 -23.561 
0.343893 -0.0431339 0.938018 226.998 -0.0415332 0.997268 0.0610853 -5.54211 -0.93809 -0.0599657 0.341162 -23.2656 
0.348569 -0.0435422 0.936271 227.743 -0.0439531 0.997062 0.0627329 -5.50858 -0.936252 -0.0630188 0.345631 -22.9685 
0.352699 -0.0410289 0.934837 228.481 -0.0413994 0.997376 0.059393 -5.48029 -0.934821 -0.0596495 0.350075 -22.6784 
0.356567 -0.0342306 0.933642 229.214 -0.0405124 0.997822 0.0520558 -5.44831 -0.933391 -0.0563855 0.354404 -22.3853 
0.359763 -0.0275251 0.932638 229.933 -0.0471417 0.997752 0.0476317 -5.41261 -0.931852 -0.0611022 0.357657 -22.0773 
0.362829 -0.0290023 0.931404 230.67 -0.0525382 0.997289 0.0515202 -5.38178 -0.930373 -0.0676274 0.360322 -21.7607 
0.365266 -0.0393706 0.93007 231.404 -0.0520445 0.996679 0.0626297 -5.35071 -0.929447 -0.0712815 0.362004 -21.4508 
0.366906 -0.0517493 0.928817 232.15 -0.048189 0.996054 0.0745313 -5.30848 -0.929009 -0.0721048 0.362965 -21.1444 
0.368906 -0.0596814 0.927549 232.886 -0.0495063 0.995258 0.0837278 -5.26338 -0.928147 -0.0768071 0.364202 -20.8369 
0.370982 -0.0614473 0.926605 233.615 -0.0511268 0.994944 0.0864486 -5.2178 -0.927232 -0.0794452 0.365965 -20.5238 
0.373924 -0.0571012 0.9257 234.338 -0.0504355 0.995374 0.0817719 -5.17155 -0.926087 -0.0772646 0.369315 -20.2176 
0.37795 -0.0509571 0.924422 235.061 -0.0497625 0.995923 0.0752438 -5.118 -0.924488 -0.07444 0.373874 -19.9094 
0.382301 -0.0465582 0.922864 235.78 -0.0496863 0.996249 0.0708433 -5.07187 -0.922701 -0.0729371 0.378553 -19.5936 
0.386381 -0.0443756 0.921271 236.508 -0.0479854 0.996522 0.0681254 -5.02582 -0.92109 -0.0705299 0.382907 -19.2747 
0.39055 -0.0422797 0.91961 237.227 -0.0470527 0.996722 0.0658079 -4.98241 -0.919378 -0.0689714 0.387281 -18.9505 
0.394332 -0.0437033 0.917928 237.94 -0.0459981 0.996678 0.067213 -4.94375 -0.917816 -0.0687272 0.391012 -18.6252 
0.397753 -0.0490379 0.916181 238.68 -0.0441425 0.996391 0.0724953 -4.90288 -0.91643 -0.0692778 0.394153 -18.2942 
0.400852 -0.0553662 0.914468 239.38 -0.0421471 0.996001 0.0787775 -4.86791 -0.915173 -0.0701203 0.396915 -17.9706 
0.403126 -0.0609559 0.913112 240.116 -0.0407225 0.995596 0.0844407 -4.81794 -0.914238 -0.0712245 0.398868 -17.632 
0.405056 -0.0662647 0.911888 240.838 -0.0388361 0.995223 0.0895714 -4.76217 -0.913467 -0.0716956 0.400547 -17.2934 
0.406576 -0.0735715 0.91065 241.571 -0.0367791 0.994626 0.0967767 -4.71133 -0.912876 -0.07284 0.401685 -16.9509 
0.408353 -0.0738609 0.909831 242.307 -0.0369576 0.994566 0.0973272 -4.64607 -0.912076 -0.073369 0.403404 -16.6078 
0.410062 -0.0624588 0.909917 243.022 -0.0459513 0.994971 0.0890055 -4.59484 -0.910899 -0.0783096 0.40513 -16.2535 
0.410679 -0.0488363 0.910471 243.742 -0.0478034 0.996038 0.0749883 -4.54161 -0.910526 -0.0743197 0.406717 -15.9088 
0.411542 -0.0410249 0.910467 244.465 -0.047765 0.996643 0.0664983 -4.48771 -0.910138 -0.0708553 0.408201 -15.5693 
0.4115 -0.0435788 0.910367 245.206 -0.0471997 0.996497 0.0690368 -4.43714 -0.910187 -0.0713777 0.408002 -15.2237 
