1 -4.23778e-08 4.22719e-08 0 -4.23778e-08 1 -4.19404e-08 0 4.22719e-08 -4.19404e-08 1 0 
0.99999 -0.00273052 -0.00344307 -0.0125488 0.0027273 0.999996 -0.000915443 -0.024763 0.00344563 0.00090596 0.999994 0.616729 
0.999976 -0.000307305 -0.00688798 -0.0494332 0.000291572 0.999997 -0.0022727 -0.0348546 0.00688875 0.00227055 0.999974 1.30856 
0.999939 -0.000606393 -0.0109831 -0.0715462 0.000560933 0.999991 -0.00413395 -0.0382596 0.0109856 0.00412746 0.999931 1.9939 
0.999868 0.000824691 -0.0162154 -0.102681 -0.000898016 0.999989 -0.00451003 -0.048704 0.0162116 0.00452391 0.999858 2.71772 
0.999801 -2.52136e-05 -0.0199334 -0.139742 -5.88772e-05 0.999991 -0.00421378 -0.0690323 0.0199334 0.00421403 0.999792 3.44796 
0.999702 0.00230447 -0.0242999 -0.165606 -0.00244405 0.999981 -0.0057126 -0.0792709 0.0242864 0.00577021 0.999688 4.20259 
0.99956 0.00620073 -0.0289908 -0.190104 -0.00638044 0.999961 -0.0061076 -0.089538 0.0289519 0.00628981 0.999561 4.98188 
0.999541 0.00632811 -0.0296187 -0.314183 -0.0065006 0.999962 -0.0057281 -0.0732631 0.0295814 0.00591793 0.999545 5.7096 
0.999439 0.00569578 -0.0329948 -0.368594 -0.00583391 0.999975 -0.00408922 -0.0655128 0.0329707 0.00427933 0.999447 6.51233 
0.999334 0.00574819 -0.0360278 -0.414222 -0.00579927 0.999982 -0.00131099 -0.0752912 0.0360197 0.00151896 0.99935 7.33272 
0.999286 0.00744431 -0.0370442 -0.479804 -0.00752844 0.999969 -0.00213001 -0.0844113 0.0370273 0.00240729 0.999311 8.12979 
0.999246 0.00638606 -0.0382952 -0.543534 -0.00651893 0.999973 -0.00334383 -0.0695474 0.0382729 0.00359087 0.999261 8.91873 
0.999239 0.00305395 -0.0388903 -0.606283 -0.00322568 0.999985 -0.0043518 -0.0694028 0.0388766 0.00447385 0.999234 9.73319 
0.999175 0.00328911 -0.0404651 -0.664636 -0.00344006 0.999987 -0.00365931 -0.0784719 0.0404526 0.00379541 0.999174 10.6137 
0.999173 0.00197141 -0.0406069 -0.752181 -0.00211887 0.999991 -0.00358672 -0.100571 0.0405996 0.00366971 0.999169 11.4711 
0.999116 0.00490665 -0.0417466 -0.811861 -0.00517331 0.999967 -0.00628001 -0.11118 0.0417145 0.00649034 0.999108 12.3287 
0.999069 0.00510409 -0.042834 -0.870126 -0.00551338 0.99994 -0.00944073 -0.113079 0.0427833 0.00966802 0.999038 13.2019 
0.999005 0.00902586 -0.0436742 -0.939287 -0.00953809 0.999888 -0.0115324 -0.116777 0.0435653 0.0119374 0.998979 14.0782 
0.998955 0.0105098 -0.0444685 -0.997124 -0.0110393 0.999871 -0.0116772 -0.124328 0.0443401 0.0121559 0.998942 14.9567 
0.999011 0.0100079 -0.0433244 -1.10353 -0.0104602 0.999893 -0.0102226 -0.138764 0.0432175 0.0106655 0.999009 15.8289 
0.99894 0.0102959 -0.0448574 -1.15417 -0.0107132 0.999901 -0.00907097 -0.152084 0.0447597 0.00954184 0.998952 16.7275 
0.998887 0.0098591 -0.0461247 -1.2036 -0.0103151 0.9999 -0.00965723 -0.161732 0.0460249 0.0101222 0.998889 17.6362 
0.998807 0.0101434 -0.0477673 -1.23776 -0.010589 0.999903 -0.00908334 -0.203926 0.0476706 0.00957823 0.998817 18.5278 
0.998797 0.0099465 -0.0480066 -1.31081 -0.01042 0.999899 -0.00962222 -0.220948 0.0479061 0.0101108 0.998801 19.4717 
0.998802 0.00968445 -0.0479632 -1.38269 -0.0100919 0.999915 -0.00825799 -0.229237 0.0478793 0.00873205 0.998815 20.3989 
0.998845 0.0118664 -0.0465514 -1.47658 -0.0121348 0.999911 -0.00548582 -0.236132 0.0464822 0.00604429 0.998901 21.3028 
0.998862 0.0112396 -0.0463413 -1.52326 -0.0113008 0.999936 -0.0010567 -0.266824 0.0463266 0.00157911 0.998925 22.2272 
0.998958 0.00939728 -0.0446655 -1.5806 -0.00930471 0.999954 0.00228187 -0.2782 0.044685 -0.00186398 0.998999 23.1522 
0.999014 0.0106169 -0.0431159 -1.62859 -0.0104922 0.99994 0.00311926 -0.286245 0.0431465 -0.00266388 0.999065 24.1199 
0.999068 0.00977613 -0.04205 -1.67827 -0.00975609 0.999952 0.000683693 -0.300913 0.0420548 -0.000272897 0.999115 25.052 
0.999115 0.0104093 -0.0407602 -1.74679 -0.0105913 0.999935 -0.00425185 -0.310895 0.0407134 0.00467971 0.99916 25.9716 
0.99921 0.00960031 -0.0385678 -1.81264 -0.00986224 0.999929 -0.00660474 -0.333123 0.0385017 0.0069798 0.999234 26.9279 
0.999273 0.0069536 -0.0374903 -1.86054 -0.00718459 0.999956 -0.00602788 -0.3426 0.0374469 0.00629276 0.999279 27.8733 
0.99925 0.00556047 -0.038308 -1.90301 -0.00559713 0.999984 -0.000847466 -0.349846 0.0383028 0.00106116 0.999266 28.8294 
0.999258 0.00190371 -0.0384676 -1.9723 -0.0018253 0.999996 0.00207567 -0.35143 0.0384715 -0.002004 0.999258 29.797 
0.999214 -0.00539446 -0.0392804 -2.01328 0.00543565 0.999985 0.000943959 -0.349134 0.0392748 -0.00115682 0.999228 30.8023 
0.999178 -0.00759296 -0.0398116 -2.1032 0.0074567 0.999966 -0.00356793 -0.341048 0.0398374 0.00326804 0.999201 31.7876 
0.999125 -0.00631545 -0.0413443 -2.14873 0.00600372 0.999953 -0.00765769 -0.364628 0.0413907 0.00740269 0.999116 32.7633 
0.999068 -0.00521026 -0.0428516 -2.21936 0.00485134 0.999952 -0.00847361 -0.380392 0.0428938 0.00825774 0.999045 33.7544 
0.999088 -0.0045781 -0.0424494 -2.293 0.00424595 0.99996 -0.00790955 -0.386147 0.042484 0.00772201 0.999067 34.7088 
0.999053 -0.00279395 -0.0434183 -2.37273 0.00257134 0.999983 -0.00518014 -0.407598 0.0434322 0.0050635 0.999043 35.7472 
0.999087 -0.00038977 -0.0427069 -2.46506 0.000241044 0.999994 -0.00348562 -0.456222 0.0427081 0.00347206 0.999081 36.6715 
0.999057 0.00230499 -0.0433645 -2.52831 -0.00231617 0.999997 -0.000205573 -0.48906 0.043364 0.000305733 0.999059 37.6309 
0.999041 0.00283907 -0.043684 -2.57486 -0.00274932 0.999994 0.00211641 -0.48784 0.0436898 -0.00199436 0.999043 38.6328 
0.999015 0.00910532 -0.0434261 -2.66311 -0.00891861 0.99995 0.0044933 -0.500755 0.0434649 -0.00410166 0.999046 39.6236 
0.99902 0.00854792 -0.0434169 -2.72198 -0.00836103 0.999955 0.00448637 -0.525517 0.0434534 -0.00411905 0.999047 40.6206 
0.99906 0.00921478 -0.0423445 -2.79168 -0.00909471 0.999954 0.00302936 -0.531788 0.0423706 -0.00264148 0.999098 41.6321 
0.999016 0.0118498 -0.0427376 -2.83991 -0.0118023 0.999929 0.00136592 -0.553109 0.0427509 -0.000860261 0.999085 42.6095 
0.998993 0.013297 -0.0428412 -2.92162 -0.0132553 0.999911 0.0012596 -0.570168 0.0428543 -0.000690541 0.999081 43.5853 
0.998958 0.0112353 -0.044232 -2.97343 -0.0111486 0.999935 0.0022078 -0.586288 0.044254 -0.00171246 0.999019 44.5527 
0.998923 0.0107966 -0.0451268 -3.02963 -0.0106744 0.999939 0.00295063 -0.584061 0.045156 -0.00246584 0.998977 45.5421 
0.99887 0.0143408 -0.0453111 -3.0915 -0.0143831 0.999896 -0.00060406 -0.596763 0.0452978 0.001255 0.998973 46.5146 
0.998801 0.01459 -0.0467274 -3.15019 -0.0148493 0.999876 -0.00520499 -0.601408 0.0466457 0.00589253 0.998894 47.4982 
0.998763 0.0145104 -0.047553 -3.20656 -0.0148408 0.999868 -0.00660041 -0.613915 0.047451 0.00729788 0.998847 48.4573 
0.998817 0.0129549 -0.0468594 -3.27952 -0.0131341 0.999907 -0.0035177 -0.621781 0.0468096 0.00412892 0.998895 49.4294 
0.998806 0.0102116 -0.047767 -3.3231 -0.0102513 0.999947 -0.000584642 -0.63588 0.0477586 0.00107353 0.998858 50.4008 
0.998835 0.0087296 -0.0474587 -3.39238 -0.00874898 0.999962 -0.000198939 -0.648898 0.0474552 0.000613836 0.998873 51.3511 
0.998894 0.00504013 -0.0467399 -3.45712 -0.00508669 0.999987 -0.000875547 -0.671829 0.046735 0.00111224 0.998907 52.3027 
0.998841 0.00209076 -0.04809 -3.49052 -0.00218398 0.999996 -0.00188431 -0.696905 0.048086 0.00198707 0.998841 53.2539 
0.998845 0.00089388 -0.0480288 -3.57525 -0.000940315 0.999999 -0.000942517 -0.701214 0.048028 0.000986506 0.998845 54.1813 
0.99883 -0.0018471 -0.0483207 -3.65025 0.00200836 0.999992 0.00329069 -0.716883 0.0483144 -0.00338397 0.998826 55.1242 
0.998824 -0.00248057 -0.0484212 -3.72271 0.00290403 0.999958 0.00867874 -0.732679 0.0483977 -0.00880924 0.998789 56.0511 
0.998771 -0.0016243 -0.0495377 -3.77388 0.00214868 0.999942 0.0105358 -0.737241 0.0495178 -0.0106294 0.998717 57.0003 
0.998706 -0.000952628 -0.0508432 -3.83578 0.00131991 0.999973 0.0071923 -0.754727 0.0508351 -0.00725018 0.998681 57.9471 
0.998634 0.00165959 -0.0522178 -3.9004 -0.00168712 0.999998 -0.000481545 -0.763913 0.052217 0.0005689 0.998636 58.8651 
0.998617 0.00356723 -0.0524517 -3.9774 -0.00386151 0.999977 -0.00550867 -0.779056 0.0524309 0.00570351 0.998608 59.7688 
0.998638 0.00829019 -0.0515162 -4.07173 -0.00855433 0.999951 -0.00490727 -0.781858 0.0514731 0.00534118 0.99866 60.5936 
0.998517 0.0112158 -0.0532732 -4.13276 -0.0113704 0.999932 -0.00259725 -0.802079 0.0532406 0.00319905 0.998577 61.4957 
0.998464 0.01325 -0.0537953 -4.20758 -0.0132748 0.999912 -0.000102681 -0.831932 0.0537893 0.00081656 0.998552 62.3817 
0.998407 0.014842 -0.0544245 -4.27593 -0.0149211 0.999888 -0.00104486 -0.832723 0.054403 0.00185518 0.998517 63.2191 
0.998322 0.0164623 -0.0555204 -4.33993 -0.0165505 0.999862 -0.00112758 -0.835219 0.0554943 0.00204449 0.998457 64.0515 
0.998256 0.0182604 -0.0561438 -4.40911 -0.0183053 0.999832 -0.000283994 -0.837696 0.0561293 0.00131114 0.998423 64.8488 
0.998194 0.0178472 -0.0573624 -4.47307 -0.0178333 0.999841 0.000755603 -0.866748 0.0573668 0.000268638 0.998353 65.6089 
0.998191 0.0179016 -0.0573933 -4.55669 -0.017858 0.99984 0.00127371 -0.866628 0.057407 -0.000246559 0.998351 66.3853 
0.998004 0.0203824 -0.0597745 -4.59769 -0.0201444 0.999786 0.00458274 -0.890867 0.0598553 -0.00336955 0.998201 67.1814 
0.997874 0.0204889 -0.0618632 -4.66872 -0.0200094 0.999765 0.00836327 -0.896007 0.0620201 -0.00710773 0.99805 68.0098 
0.997715 0.0242205 -0.0630657 -4.73767 -0.0236048 0.999666 0.0104909 -0.914043 0.0632989 -0.00897838 0.997954 68.7631 
0.997591 0.0259905 -0.0643165 -4.79843 -0.0255987 0.999648 0.00690943 -0.935633 0.0644735 -0.00524645 0.997906 69.5209 
0.997528 0.0268754 -0.0649328 -4.86894 -0.0269649 0.999636 -0.000501069 -0.950771 0.0648958 0.00225065 0.997889 70.2226 
0.997461 0.0258613 -0.066354 -4.93936 -0.0263066 0.999637 -0.00584456 -0.962783 0.0661788 0.00757518 0.997779 70.9471 
0.997385 0.0267151 -0.0671548 -4.98818 -0.0272395 0.999605 -0.00690339 -0.969122 0.0669439 0.00871452 0.997719 71.6244 
0.997388 0.0298141 -0.0657844 -5.0772 -0.0300697 0.999544 -0.00289761 -0.999355 0.0656681 0.00486807 0.99783 72.2634 
0.997279 0.0295417 -0.0675434 -5.12623 -0.0295912 0.999562 0.000270279 -1.03517 0.0675219 0.00172906 0.997716 72.9043 
0.997301 0.0264969 -0.0684716 -5.17746 -0.0267513 0.999638 -0.00280002 -1.05014 0.0683727 0.00462408 0.997649 73.5261 
0.997487 0.0189215 -0.0682755 -5.22424 -0.0195073 0.999778 -0.00792276 -1.05846 0.0681105 0.00923464 0.997635 74.1262 
0.997681 0.0148243 -0.0664238 -5.29214 -0.0156656 0.999803 -0.0121614 -1.0815 0.0662306 0.0131736 0.997717 74.7256 
0.997855 0.0176969 -0.0630168 -5.34201 -0.0185056 0.999753 -0.0122701 -1.10506 0.0627842 0.0134098 0.997937 75.3096 
0.997986 0.0223404 -0.0593696 -5.39065 -0.0229559 0.999689 -0.00970397 -1.11222 0.0591345 0.0110472 0.998189 75.9051 
0.998201 0.0208842 -0.056207 -5.39327 -0.0213147 0.999748 -0.00706993 -1.11162 0.0560452 0.00825516 0.998394 76.4645 
0.998605 0.0162331 -0.0502418 -5.43062 -0.0164188 0.99986 -0.00328379 -1.1314 0.0501815 0.00410404 0.998732 77.012 
0.999057 0.0113374 -0.041911 -5.45029 -0.0113114 0.999936 0.000859715 -1.15136 0.0419181 -0.000384918 0.999121 77.5314 
0.999383 0.0151162 -0.031693 -5.45822 -0.0150956 0.999886 0.000891545 -1.16778 0.031703 -0.000412653 0.999497 78.0449 
0.999666 0.0203672 -0.0159335 -5.4833 -0.0203627 0.999792 0.000452042 -1.1767 0.0159395 -0.000127524 0.999873 78.5592 
0.999672 0.0255518 0.00143016 -5.47125 -0.0255519 0.999673 -2.32379e-07 -1.17373 -0.00142961 -3.63937e-05 0.999999 79.0519 
0.999419 0.0240429 0.0241367 -5.46243 -0.024041 0.999711 -0.000374707 -1.17229 -0.0241386 -0.000205862 0.999709 79.5348 
0.998477 0.0206404 0.0511626 -5.43694 -0.0206749 0.999786 0.000141643 -1.17469 -0.0511487 -0.00119929 0.99869 79.9827 
0.996564 0.0193452 0.0805356 -5.38071 -0.0195295 0.999808 0.00150095 -1.19062 -0.0804911 -0.0030687 0.996751 80.4417 
0.993375 0.0193765 0.113269 -5.31201 -0.0198478 0.999798 0.00303351 -1.20352 -0.113187 -0.00526162 0.99356 80.885 
0.98833 0.0191542 0.151119 -5.23834 -0.0198329 0.999799 0.00298469 -1.20853 -0.151031 -0.00594706 0.988511 81.3061 
0.98116 0.0188605 0.192274 -5.12373 -0.0196994 0.999803 0.00245139 -1.21514 -0.19219 -0.00619296 0.981338 81.7168 
0.971316 0.0183902 0.237078 -5.00278 -0.0195976 0.999804 0.00273661 -1.23264 -0.236981 -0.00730435 0.971487 82.1073 
0.957572 0.0212079 0.287414 -4.89411 -0.0220053 0.999758 -0.000456647 -1.23712 -0.287354 -0.00588742 0.957806 82.4974 
0.940518 0.0217861 0.339044 -4.72142 -0.0218613 0.999754 -0.00359799 -1.25284 -0.339039 -0.00402802 0.940764 82.8573 
0.918767 0.0221962 0.394177 -4.53697 -0.0214985 0.99975 -0.00618664 -1.2633 -0.394215 -0.00279018 0.919014 83.2074 
0.892382 0.0232869 0.450679 -4.33399 -0.0212499 0.999728 -0.00958032 -1.25861 -0.450779 -0.00102763 0.892635 83.5405 
0.861723 0.0235564 0.506832 -4.10064 -0.020013 0.999722 -0.0124387 -1.2652 -0.506984 0.000575404 0.861955 83.8415 
0.825823 0.0219952 0.5635 -3.86232 -0.0166322 0.999754 -0.014649 -1.28344 -0.563684 0.00272519 0.825986 84.1324 
0.786169 0.0225863 0.617599 -3.61765 -0.0153809 0.999737 -0.0169828 -1.29608 -0.617821 0.00385207 0.78631 84.4111 
0.743533 0.0207501 0.668377 -3.35614 -0.0138258 0.999782 -0.0156584 -1.31782 -0.668556 0.00240167 0.743658 84.6591 
0.697927 0.0212527 0.715854 -3.0686 -0.0149181 0.999774 -0.0151376 -1.31877 -0.716014 -0.000114314 0.698086 84.9112 
0.649585 0.019656 0.760034 -2.77245 -0.0128619 0.999807 -0.0148643 -1.32853 -0.76018 -0.000119875 0.649713 85.1402 
0.600771 0.0187813 0.7992 -2.46177 -0.00965018 0.999821 -0.0162419 -1.34212 -0.799363 0.0020452 0.600845 85.3259 
0.551787 0.0159927 0.833832 -2.13699 -0.00453295 0.999859 -0.0161775 -1.36807 -0.833973 0.00514682 0.551782 85.4944 
0.504864 0.0180656 0.86301 -1.8028 -0.00428105 0.999821 -0.0184251 -1.37363 -0.863188 0.00560758 0.504851 85.6262 
0.455315 0.0210646 0.890081 -1.46544 -0.00802792 0.999776 -0.0195541 -1.38556 -0.890294 0.00175775 0.455382 85.7834 
0.407222 0.0227102 0.913047 -1.12048 -0.0087611 0.999742 -0.0209592 -1.40675 -0.913287 0.000535722 0.407316 85.9192 
0.364209 0.0200889 0.9311 -0.775138 -0.000214602 0.999769 -0.0214866 -1.41614 -0.931317 0.0076258 0.36413 86.0098 
0.322151 0.013277 0.946595 -0.420748 0.0144372 0.999716 -0.0189355 -1.42374 -0.946578 0.0197662 0.321868 86.1012 
0.286459 0.00942505 0.958046 -0.053987 0.0190519 0.999698 -0.0155315 -1.4328 -0.957903 0.0227017 0.286193 86.1765 
0.253163 0.0132533 0.967333 0.310864 0.0142385 0.999747 -0.0174239 -1.45067 -0.967319 0.0181845 0.25291 86.2603 
0.221159 0.0210581 0.97501 0.676447 0.0040882 0.999738 -0.0225196 -1.46844 -0.975229 0.00896643 0.221015 86.3466 
0.192146 0.0249102 0.98105 1.04933 0.00243596 0.999663 -0.02586 -1.48671 -0.981363 0.00735868 0.19202 86.4147 
0.166044 0.0266462 0.985758 1.46771 0.00594386 0.99959 -0.0280213 -1.49771 -0.9861 0.010512 0.165817 86.4812 
0.142559 0.0281056 0.989387 1.86803 0.0136783 0.999445 -0.0303623 -1.50539 -0.989692 0.0178616 0.142096 86.5102 
0.123264 0.0361207 0.991716 2.25858 0.0211269 0.999015 -0.0390125 -1.48619 -0.992149 0.0257607 0.122379 86.515 
0.102404 0.0416386 0.993871 2.66449 0.0253498 0.99869 -0.0444525 -1.50027 -0.99442 0.0297465 0.101214 86.5735 
0.0861022 0.0418261 0.995408 3.01876 0.024226 0.998735 -0.0440615 -1.53327 -0.995992 0.0279086 0.08498 86.5891 
0.0707482 0.0377943 0.996778 3.41191 0.0243189 0.998919 -0.0396017 -1.54865 -0.997198 0.0270423 0.0697527 86.6112 
0.0549031 0.0344009 0.997899 3.92543 0.024733 0.999053 -0.0358015 -1.56636 -0.998185 0.0266467 0.0540002 86.6644 
0.0418619 0.029591 0.998685 4.3855 0.0261777 0.999186 -0.0307032 -1.61957 -0.99878 0.0274285 0.0410532 86.6711 
0.0304771 0.0298517 0.99909 4.87898 0.030711 0.999054 -0.0307876 -1.63535 -0.999063 0.0316214 0.0295315 86.6772 
0.0181885 0.0313754 0.999342 5.37501 0.0327189 0.998953 -0.0319587 -1.63924 -0.999299 0.0332787 0.0171429 86.7185 
0.0113645 0.0321025 0.99942 5.89337 0.0356236 0.998837 -0.0324889 -1.65436 -0.999301 0.0359721 0.0102077 86.7136 
0.00781103 0.0323145 0.999447 6.42793 0.0376655 0.998759 -0.0325867 -1.68283 -0.99926 0.0378993 0.0065842 86.6823 
0.00139408 0.0328528 0.999459 7.00739 0.03841 0.998721 -0.0328822 -1.70762 -0.999261 0.038435 0.000130422 86.6935 
-0.00466216 0.0340662 0.999409 7.59969 0.0396812 0.998639 -0.0338549 -1.72696 -0.999201 0.0394999 -0.0060076 86.6974 
-0.00837014 0.0344468 0.999371 8.19619 0.0421779 0.998529 -0.0340646 -1.7415 -0.999075 0.0418662 -0.00981072 86.6889 
-0.0110118 0.0342276 0.999353 8.79281 0.0436136 0.998479 -0.0337171 -1.77219 -0.998988 0.0432142 -0.0124878 86.6869 
-0.0146559 0.0333584 0.999336 9.38633 0.0443792 0.99848 -0.0326791 -1.80887 -0.998907 0.0438708 -0.0161141 86.7034 
-0.0174244 0.0323309 0.999325 9.96832 0.0483424 0.998335 -0.031456 -1.85436 -0.998679 0.0477617 -0.0189584 86.724 
-0.0178666 0.0314818 0.999345 10.6521 0.052368 0.998162 -0.0305083 -1.88788 -0.998468 0.0517886 -0.0194824 86.7064 
-0.0173689 0.0319223 0.999339 11.33 0.0539244 0.998065 -0.0309444 -1.90326 -0.998394 0.0533513 -0.0190567 86.7205 
-0.0140174 0.0319805 0.99939 12.0451 0.0554615 0.997974 -0.0311574 -1.9252 -0.998362 0.0549909 -0.0157627 86.6927 
-0.00976444 0.0315587 0.999454 12.7659 0.0587516 0.997793 -0.0309324 -1.96549 -0.998225 0.0584175 -0.011597 86.6875 
-0.00567612 0.0317381 0.99948 13.503 0.0582281 0.997811 -0.0313545 -1.97928 -0.998287 0.0580199 -0.00751175 86.6915 
-0.00112002 0.0302691 0.999541 14.2677 0.0606173 0.997706 -0.0301457 -2.00907 -0.99816 0.0605558 -0.00295228 86.6841 
0.00217074 0.0292376 0.99957 15.0291 0.0591642 0.997818 -0.0293149 -2.0307 -0.998246 0.0592024 0.000436187 86.7149 
0.00538925 0.026342 0.999638 15.8168 0.0563525 0.998056 -0.0266042 -2.07138 -0.998396 0.0564755 0.00389433 86.7552 
0.00897721 0.0258031 0.999627 16.6199 0.0549882 0.998142 -0.0262587 -2.09032 -0.998447 0.0552034 0.00754166 86.7896 
0.0138713 0.0261771 0.999561 17.4232 0.0530568 0.99823 -0.0268786 -2.12529 -0.998495 0.0534063 0.0124578 86.8063 
0.0171455 0.030315 0.999393 18.2239 0.0498088 0.998273 -0.0311356 -2.15659 -0.998612 0.0503124 0.015606 86.8316 
0.0174841 0.0347024 0.999245 18.997 0.0439402 0.998405 -0.0354421 -2.20589 -0.998881 0.0445267 0.0159314 86.8744 
0.017725 0.0370522 0.999156 19.8096 0.0414819 0.998425 -0.0377611 -2.2428 -0.998982 0.0421162 0.0161601 86.894 
0.0191678 0.0363421 0.999155 20.6327 0.0390014 0.998551 -0.0370684 -2.28595 -0.999055 0.039679 0.0177226 86.9039 
0.0185611 0.0341933 0.999243 21.4367 0.0364745 0.998727 -0.0348533 -2.32726 -0.999162 0.0370938 0.0172902 86.9404 
0.0190034 0.0332331 0.999267 22.2707 0.0374769 0.998721 -0.0339278 -2.36489 -0.999117 0.0380942 0.0177336 86.9527 
0.0190501 0.0325791 0.999288 23.0857 0.0352116 0.998827 -0.0332354 -2.40564 -0.999198 0.0358196 0.0178806 86.9892 
0.0190779 0.0333803 0.999261 23.8804 0.0327357 0.998886 -0.0339929 -2.43467 -0.999282 0.0333601 0.0179639 87.0307 
0.0194009 0.0339325 0.999236 24.6865 0.0297638 0.998961 -0.0345012 -2.47616 -0.999369 0.0304104 0.0183708 87.0607 
0.0193624 0.0352404 0.999191 25.5081 0.0272731 0.998988 -0.0357618 -2.51617 -0.99944 0.0279435 0.0183817 87.0716 
0.0164525 0.0352958 0.999241 26.3329 0.0241537 0.999071 -0.0356875 -2.54493 -0.999573 0.0247225 0.0155847 87.1017 
0.0124955 0.0336635 0.999355 27.1376 0.0205324 0.999214 -0.0339156 -2.59132 -0.999711 0.0209429 0.0117945 87.1261 
0.0073918 0.0313592 0.999481 27.9407 0.0189614 0.999324 -0.0314946 -2.62794 -0.999793 0.0191844 0.00679219 87.1449 
0.00192514 0.0289593 0.999579 28.7633 0.0172256 0.999431 -0.0289882 -2.67257 -0.99985 0.0172741 0.00142521 87.1496 
-0.00453901 0.0298693 0.999543 29.5612 0.0191297 0.999373 -0.0297775 -2.70471 -0.999807 0.0189858 -0.00510756 87.1527 
-0.0128026 0.0307011 0.999447 30.3634 0.0194743 0.999347 -0.0304487 -2.74064 -0.999728 0.0190737 -0.0133921 87.1357 
-0.0229014 0.0315834 0.999239 31.1802 0.019866 0.999318 -0.0311307 -2.76969 -0.99954 0.0191379 -0.0235132 87.1286 
-0.0330061 0.0302324 0.998998 31.9732 0.0229616 0.999301 -0.029483 -2.81683 -0.999191 0.0219655 -0.0336772 87.1038 
-0.0426066 0.0299221 0.998644 32.7658 0.0225607 0.999325 -0.0289801 -2.85277 -0.998837 0.0212954 -0.0432529 87.0612 
-0.0540566 0.0294001 0.998105 33.5579 0.0244475 0.999306 -0.0281115 -2.88887 -0.998238 0.0228816 -0.0547378 87.0191 
-0.064517 0.0293208 0.997486 34.3343 0.0261003 0.999276 -0.0276853 -2.93011 -0.997575 0.0242485 -0.0652356 86.9697 
-0.0753236 0.0287858 0.996743 35.1026 0.0259327 0.999302 -0.0269 -2.98019 -0.996822 0.023822 -0.0760174 86.8984 
-0.0855769 0.0295105 0.995894 35.8521 0.0252595 0.999304 -0.027441 -3.01173 -0.996011 0.0228075 -0.0862628 86.8427 
-0.0945188 0.0304698 0.995057 36.6058 0.0264176 0.999256 -0.0280891 -3.03624 -0.995172 0.0236321 -0.0952534 86.758 
-0.103491 0.0318021 0.994122 37.3641 0.0272413 0.999204 -0.0291289 -3.05506 -0.994257 0.0240666 -0.104275 86.6766 
-0.113734 0.0327226 0.992972 38.1061 0.0268271 0.999194 -0.029855 -3.08046 -0.993149 0.023243 -0.11452 86.6139 
-0.123397 0.0332544 0.9918 38.8591 0.0275068 0.999169 -0.0300792 -3.11419 -0.991976 0.0235696 -0.124209 86.5217 
-0.131166 0.0331394 0.990806 39.5793 0.0294467 0.99913 -0.0295197 -3.13644 -0.990923 0.025304 -0.132028 86.4115 
-0.138147 0.0314987 0.989911 40.2909 0.0310526 0.99914 -0.0274589 -3.17229 -0.989925 0.0269459 -0.139007 86.3179 
-0.14238 0.0298143 0.989363 41.0181 0.0333098 0.999124 -0.0253149 -3.19835 -0.989251 0.0293511 -0.143249 86.204 
-0.147023 0.0285247 0.988722 41.754 0.0359568 0.999077 -0.0234768 -3.22028 -0.988479 0.0320996 -0.147913 86.1181 
-0.149927 0.0282975 0.988292 42.4536 0.0362031 0.999077 -0.0231143 -3.23742 -0.988034 0.0323138 -0.150813 86.0139 
-0.151741 0.0265058 0.988065 43.1264 0.0378341 0.999063 -0.0209906 -3.28189 -0.987696 0.0341974 -0.152602 85.9247 
-0.154474 0.0266078 0.987638 43.7423 0.0376271 0.99907 -0.0210307 -3.31786 -0.98728 0.0339133 -0.155332 85.8657 
-0.154336 0.0277351 0.987629 44.3809 0.0377505 0.999041 -0.0221564 -3.34051 -0.987297 0.033864 -0.155235 85.7812 
-0.150638 0.0297863 0.98814 45.0219 0.0397926 0.998919 -0.024045 -3.3595 -0.987788 0.0356985 -0.151661 85.6907 
-0.145876 0.0301803 0.988842 45.6682 0.039409 0.998918 -0.0246742 -3.38534 -0.988518 0.03537 -0.146908 85.6134 
-0.138694 0.0311701 0.989845 46.26 0.0382875 0.998926 -0.0260914 -3.40579 -0.989595 0.03428 -0.139738 85.5559 
-0.127088 0.0308407 0.991412 46.843 0.0375846 0.998948 -0.0262573 -3.43658 -0.991179 0.0339249 -0.128114 85.4888 
-0.113036 0.0316117 0.993088 47.4156 0.0358251 0.998973 -0.0277214 -3.44333 -0.992945 0.0324439 -0.114053 85.4281 
-0.0966862 0.0328188 0.994774 47.9625 0.0346731 0.998961 -0.029587 -3.47627 -0.994711 0.0316313 -0.0977236 85.4016 
-0.0756638 0.0345096 0.996536 48.5057 0.032467 0.998956 -0.0321284 -3.50712 -0.996605 0.0299236 -0.0767053 85.3873 
-0.0520652 0.0374354 0.997942 49.0362 0.0309515 0.998877 -0.0358558 -3.53634 -0.998164 0.0290209 -0.0531655 85.399 
-0.0233554 0.039569 0.998944 49.5494 0.0291947 0.998817 -0.0388815 -3.54849 -0.999301 0.0282558 -0.024483 85.4121 
0.00865047 0.0384763 0.999222 50.0676 0.026156 0.998909 -0.0386907 -3.58281 -0.99962 0.0264703 0.00763465 85.4606 
0.0478693 0.0365678 0.998184 50.5794 0.0255921 0.998957 -0.0378235 -3.5947 -0.998526 0.0273562 0.0468835 85.4997 
0.0904469 0.0323132 0.995377 51.0967 0.0228004 0.999144 -0.0345074 -3.63081 -0.99564 0.0258161 0.0896328 85.5631 
0.136797 0.0282829 0.990195 51.5972 0.0206429 0.999294 -0.0313947 -3.64971 -0.990384 0.0247353 0.136117 85.6496 
0.187278 0.0250375 0.981988 52.0745 0.0167296 0.999449 -0.0286733 -3.66403 -0.982164 0.0217981 0.186756 85.7486 
0.240382 0.0237602 0.970388 52.5583 0.0131053 0.99953 -0.0277203 -3.68677 -0.97059 0.0193806 0.239957 85.8781 
0.296605 0.0242524 0.954692 53.0384 0.0117985 0.999508 -0.0290565 -3.69636 -0.954927 0.0198822 0.296173 86.061 
0.355454 0.024517 0.934372 53.5057 0.0135581 0.999415 -0.0313815 -3.71752 -0.934595 0.023823 0.354914 86.2802 
0.416779 0.0311219 0.908475 53.945 0.0107525 0.999175 -0.0391621 -3.71555 -0.908944 0.0260903 0.416101 86.5183 
0.478619 0.0344294 0.877347 54.362 0.0113995 0.998903 -0.0454185 -3.74013 -0.877949 0.0317394 0.477701 86.7698 
0.539119 0.0383099 0.841358 54.7753 0.00726576 0.998716 -0.0501307 -3.76573 -0.842198 0.0331395 0.538148 87.0598 
0.596192 0.0417832 0.801754 55.1243 0.00165595 0.998579 -0.0532722 -3.78855 -0.80284 0.0330881 0.595275 87.3786 
0.650725 0.0435567 0.758063 55.4627 -0.00171791 0.998435 -0.0558935 -3.80761 -0.759311 0.035069 0.649782 87.7211 
0.700727 0.0426865 0.712152 55.752 -0.00365412 0.99841 -0.0562495 -3.82318 -0.71342 0.0368132 0.699768 88.0927 
0.745709 0.0427477 0.664899 55.9899 -0.0092056 0.998505 -0.0538716 -3.82535 -0.666208 0.0340517 0.744988 88.4834 
0.788994 0.0392923 0.613143 56.241 -0.0125342 0.998775 -0.047876 -3.84024 -0.614273 0.0300885 0.788519 88.8738 
0.827844 0.0338655 0.559935 56.4751 -0.0143794 0.999129 -0.0391692 -3.87555 -0.560774 0.0243744 0.82761 89.2946 
0.861173 0.0299485 0.507428 56.6772 -0.0159427 0.999363 -0.0319259 -3.89218 -0.508061 0.0194039 0.861102 89.7241 
0.888406 0.0317108 0.457962 56.8352 -0.0219118 0.999403 -0.0266954 -3.91082 -0.458535 0.0136816 0.888571 90.1535 
0.909751 0.0322112 0.413904 56.9748 -0.0253696 0.999436 -0.0220174 -3.93559 -0.414379 0.00952969 0.910054 90.5692 
0.926099 0.0402197 0.375131 57.1045 -0.0355298 0.99918 -0.0194137 -3.96011 -0.375604 0.00465064 0.926768 91.0289 
0.939171 0.0459693 0.340359 57.2229 -0.0417744 0.998934 -0.0196471 -3.98511 -0.3409 0.00423364 0.94009 91.466 
0.949367 0.0484054 0.310419 57.3418 -0.044626 0.998818 -0.0192703 -3.99739 -0.310985 0.00444172 0.950404 91.9259 
0.956232 0.0449994 0.289129 57.4634 -0.0412674 0.998967 -0.0189943 -4.01093 -0.289685 0.00623129 0.957102 92.3894 
0.960798 0.0420045 0.27405 57.5753 -0.0383756 0.99909 -0.0185923 -4.02294 -0.274581 0.00734656 0.961536 92.8608 
0.964089 0.0460762 0.261552 57.6859 -0.0427324 0.998916 -0.0184608 -4.03831 -0.262119 0.00662101 0.965013 93.3542 
0.966158 0.0520252 0.25265 57.7878 -0.0488344 0.998628 -0.0188884 -4.03924 -0.253286 0.00591104 0.967373 93.856 
0.967163 0.0598381 0.247011 57.8844 -0.0568035 0.998197 -0.0194002 -4.06304 -0.247727 0.00473202 0.968818 94.3761 
0.967886 0.0653888 0.242737 58.0145 -0.0616214 0.997832 -0.0230899 -4.07796 -0.24372 0.00739052 0.969817 94.8794 
0.96797 0.0668639 0.241996 58.1344 -0.0624657 0.997713 -0.0258112 -4.10007 -0.243169 0.00986795 0.969934 95.4185 
0.967358 0.0667997 0.24445 58.2715 -0.0615625 0.997681 -0.0290119 -4.12663 -0.245821 0.0130159 0.969228 95.946 
0.966436 0.0657856 0.248342 58.402 -0.0589008 0.997648 -0.0350612 -4.1514 -0.250065 0.0192568 0.968038 96.497 
0.965124 0.0666421 0.253167 58.5307 -0.0584811 0.997501 -0.0396342 -4.1753 -0.255176 0.0234464 0.96661 97.0644 
0.963665 0.0713522 0.257407 58.6789 -0.0634189 0.997224 -0.039003 -4.20487 -0.259476 0.0212613 0.965516 97.6534 
0.962008 0.0742199 0.262739 58.8356 -0.0672743 0.997108 -0.0353467 -4.22687 -0.264602 0.0163282 0.964219 98.2288 
0.960963 0.0712048 0.267356 58.9968 -0.0653178 0.997387 -0.0308609 -4.25322 -0.268855 0.012193 0.963103 98.8405 
0.960098 0.0681912 0.271224 59.171 -0.0638445 0.997651 -0.0248286 -4.2846 -0.27228 0.00652168 0.962196 99.4309 
0.959402 0.0649118 0.274472 59.3511 -0.0615781 0.997886 -0.0207547 -4.29858 -0.275239 0.00301061 0.961371 100.042 
0.958898 0.0600762 0.277317 59.5308 -0.0567196 0.998187 -0.0201181 -4.31813 -0.278023 0.00356179 0.960568 100.642 
0.959118 0.0568389 0.27724 59.7194 -0.052774 0.998362 -0.0221088 -4.35493 -0.278043 0.00657376 0.960546 101.264 
0.959295 0.0565581 0.276683 59.8853 -0.0506195 0.998309 -0.0285655 -4.38644 -0.277831 0.0133971 0.960537 101.889 
0.959453 0.0590138 0.27562 60.0615 -0.0513042 0.998066 -0.0351055 -4.40666 -0.277159 0.0195415 0.960625 102.54 
0.960079 0.0628908 0.272566 60.2473 -0.0542794 0.997763 -0.0390278 -4.42119 -0.27441 0.022675 0.961345 103.221 
0.960973 0.0601881 0.270015 60.4267 -0.0524672 0.997983 -0.0357284 -4.43958 -0.271621 0.020167 0.962193 103.918 
0.961563 0.056111 0.268792 60.6189 -0.0504492 0.998336 -0.027931 -4.466 -0.269912 0.013297 0.962793 104.625 
0.962407 0.0558693 0.265804 60.806 -0.051937 0.998412 -0.021806 -4.50571 -0.2666 0.00718114 0.96378 105.323 
0.962663 0.0588495 0.26423 60.9847 -0.0549012 0.998242 -0.0223098 -4.53423 -0.265078 0.0069702 0.964202 106.052 
0.963048 0.0644706 0.261499 61.1691 -0.0593362 0.997859 -0.0274914 -4.55211 -0.262711 0.0109591 0.964812 106.784 
0.964352 0.0648215 0.256559 61.367 -0.0584921 0.997767 -0.0322337 -4.57436 -0.258076 0.0160779 0.965991 107.503 
0.965468 0.063005 0.25279 61.5417 -0.0561437 0.997834 -0.0342722 -4.62865 -0.254402 0.018896 0.966914 108.263 
0.966436 0.0606514 0.249645 61.717 -0.0541305 0.997991 -0.0329105 -4.66358 -0.25114 0.0182924 0.967778 109.039 
0.967576 0.0559256 0.246309 61.9067 -0.0499635 0.998288 -0.0303945 -4.70482 -0.247587 0.0171025 0.968715 109.829 
0.968051 0.0549636 0.244655 62.0888 -0.049669 0.99838 -0.0277637 -4.73513 -0.245784 0.0147249 0.969213 110.614 
0.968633 0.0503702 0.243336 62.2813 -0.0454896 0.998636 -0.0256385 -4.76026 -0.244295 0.0137649 0.969603 111.41 
0.968813 0.0458503 0.243516 62.4688 -0.0412504 0.998861 -0.0239584 -4.79584 -0.244337 0.013166 0.969601 112.217 
0.969062 0.0458599 0.242519 62.6578 -0.0418059 0.998887 -0.0218391 -4.83717 -0.24325 0.0110246 0.969901 113.001 
0.968635 0.0519344 0.243001 62.8388 -0.0475262 0.998582 -0.0239726 -4.85973 -0.243902 0.0116717 0.96973 113.817 
0.968092 0.0576984 0.243862 63.01 -0.0525807 0.998239 -0.0274498 -4.88897 -0.245017 0.0137514 0.969421 114.64 
0.967481 0.0658951 0.244211 63.2057 -0.0606109 0.997737 -0.0290986 -4.91704 -0.245576 0.0133503 0.969285 115.466 
0.966209 0.0728258 0.247257 63.3847 -0.0680157 0.997293 -0.027952 -4.95281 -0.248624 0.01019 0.968546 116.271 
0.965474 0.0753872 0.249353 63.6014 -0.0709532 0.997121 -0.0267361 -4.97643 -0.250651 0.00812052 0.968043 117.106 
0.964782 0.0762797 0.251748 63.7985 -0.0715097 0.997045 -0.0280562 -5.00224 -0.253144 0.00906562 0.967386 117.922 
0.964599 0.0749102 0.252859 64.0163 -0.069424 0.997119 -0.0305633 -5.03869 -0.25442 0.0119268 0.96702 118.754 
0.964895 0.0679302 0.253697 64.24 -0.0624297 0.997608 -0.0296798 -5.07237 -0.255106 0.0127996 0.966828 119.578 
0.965299 0.0610203 0.253919 64.4375 -0.0550095 0.998013 -0.0307128 -5.111 -0.255288 0.015679 0.966738 120.409 
0.964915 0.061519 0.255253 64.649 -0.0555889 0.997991 -0.0303891 -5.15905 -0.25661 0.0151336 0.966396 121.241 
0.964114 0.0645532 0.257522 64.8447 -0.0595693 0.997856 -0.0271172 -5.20322 -0.25872 0.0108036 0.965892 122.086 
0.963623 0.066711 0.258806 65.0477 -0.0634395 0.997765 -0.0209821 -5.24702 -0.259627 0.00380026 0.965701 122.896 
0.963223 0.0690938 0.259667 65.2562 -0.0669502 0.99761 -0.017102 -5.27731 -0.260228 -0.000911809 0.965547 123.734 
0.962969 0.0682306 0.260834 65.4552 -0.0642471 0.997651 -0.0237792 -5.31219 -0.261844 0.00614079 0.965091 124.544 
0.963452 0.0650186 0.259869 65.6781 -0.0573041 0.997665 -0.0371615 -5.35747 -0.261678 0.0209118 0.964929 125.351 
0.963773 0.0630116 0.259172 65.8844 -0.0525145 0.997502 -0.0472359 -5.38928 -0.261501 0.0319143 0.964675 126.171 
0.964075 0.0594814 0.258885 66.0919 -0.0513267 0.997953 -0.038152 -5.42173 -0.260625 0.0234936 0.965154 126.998 
0.964543 0.053061 0.258538 66.3054 -0.0503584 0.998585 -0.0170696 -5.46502 -0.259078 0.00344471 0.96585 127.843 
0.964874 0.0483001 0.258234 66.5123 -0.0495484 0.99877 -0.00167597 -5.50367 -0.257998 -0.0111781 0.966081 128.681 
0.964753 0.0532726 0.257707 66.7002 -0.0530138 0.998562 -0.00795803 -5.52308 -0.25776 -0.00598455 0.96619 129.485 
0.965042 0.0626928 0.254486 66.9032 -0.0586692 0.998004 -0.0233785 -5.55762 -0.255444 0.00763065 0.966794 130.25 
0.965432 0.0621425 0.253138 67.0977 -0.0559481 0.997933 -0.0316033 -5.57589 -0.254578 0.0163482 0.966914 131.043 
0.966432 0.0576376 0.250375 67.2998 -0.0512116 0.998171 -0.0321109 -5.61234 -0.251768 0.0182108 0.967616 131.831 
0.967129 0.0573591 0.247731 67.4991 -0.0514401 0.998216 -0.0303057 -5.658 -0.249028 0.0165661 0.968355 132.641 
0.968097 0.0568383 0.244042 67.6887 -0.0506959 0.998221 -0.0313826 -5.68862 -0.245392 0.0180094 0.969257 133.439 
0.969335 0.0560282 0.239269 67.8576 -0.0496388 0.998233 -0.032652 -5.73882 -0.240676 0.0197736 0.970404 134.232 
0.969701 0.0622467 0.236229 68.0375 -0.056131 0.997893 -0.0325332 -5.78948 -0.237757 0.0182876 0.971152 135.03 
0.969778 0.0684552 0.23419 68.2001 -0.0625755 0.997512 -0.0324551 -5.82919 -0.235829 0.0168196 0.971649 135.826 
0.970301 0.0693969 0.231731 68.3812 -0.0638612 0.997467 -0.0313151 -5.85178 -0.233317 0.0155864 0.972276 136.614 
0.970832 0.0666417 0.230311 68.5571 -0.0623321 0.997718 -0.0259465 -5.90246 -0.231515 0.0108338 0.972771 137.395 
0.971365 0.0647203 0.228608 68.7251 -0.0603126 0.997835 -0.0262228 -5.93207 -0.22981 0.0116839 0.973165 138.176 
0.972233 0.0618526 0.225693 68.9046 -0.0566914 0.997962 -0.029285 -5.96836 -0.227045 0.0156769 0.973758 138.959 
0.973478 0.056327 0.221737 69.0595 -0.0503188 0.998199 -0.0326579 -6.00821 -0.223177 0.0206342 0.974559 139.765 
0.975147 0.0527573 0.215187 69.1998 -0.0464301 0.99833 -0.0343567 -6.02135 -0.21664 0.0235116 0.975968 140.514 
0.976661 0.0521129 0.20837 69.3641 -0.0471023 0.998471 -0.0289405 -6.0473 -0.209559 0.0184503 0.977622 141.295 
0.97817 0.0475954 0.202281 69.5148 -0.0444032 0.998807 -0.0202927 -6.07763 -0.203006 0.0108677 0.979117 142.115 
0.978928 0.0450107 0.199183 69.6519 -0.0436878 0.998984 -0.0110343 -6.09252 -0.199477 0.00209982 0.9799 142.9 
0.979316 0.0522248 0.195481 69.7841 -0.0516987 0.998632 -0.00779708 -6.12651 -0.195621 -0.00247037 0.980676 143.701 
0.980157 0.0539881 0.190728 69.9065 -0.0526241 0.99854 -0.0122136 -6.15214 -0.191109 0.00193428 0.981567 144.469 
0.981453 0.0553138 0.18355 70.0333 -0.0520535 0.99839 -0.0225374 -6.17584 -0.184501 0.0125649 0.982752 145.255 
0.982827 0.0530106 0.176753 70.1733 -0.048854 0.998419 -0.0277894 -6.19363 -0.177947 0.018677 0.983863 146.068 
0.983939 0.0522191 0.170693 70.2826 -0.0484326 0.998481 -0.0262757 -6.22528 -0.171806 0.0175865 0.984974 146.874 
0.984864 0.0583617 0.16321 70.3929 -0.0554345 0.99821 -0.0224368 -6.24965 -0.164228 0.0130496 0.986336 147.68 
0.985783 0.0634477 0.155583 70.4937 -0.0605507 0.997893 -0.0232948 -6.28837 -0.156733 0.0135429 0.987548 148.496 
0.98732 0.0652026 0.144733 70.6 -0.0616012 0.997673 -0.029232 -6.30689 -0.146302 0.0199455 0.989039 149.292 
0.988609 0.0632597 0.13657 70.7012 -0.0595076 0.997734 -0.0313884 -6.33822 -0.138246 0.0229038 0.990133 150.11 
0.989731 0.0639945 0.127819 70.8014 -0.0607438 0.997727 -0.0291751 -6.35832 -0.129395 0.0211112 0.991368 150.911 
0.990359 0.0673695 0.121039 70.863 -0.0652622 0.997641 -0.0212961 -6.3988 -0.122188 0.0131915 0.992419 151.727 
0.990988 0.0718439 0.113056 70.9288 -0.0704833 0.997385 -0.0159922 -6.42308 -0.113909 0.00787951 0.99346 152.554 
0.992018 0.069831 0.104996 71.0112 -0.0689221 0.997547 -0.0122655 -6.44652 -0.105595 0.00493095 0.994397 153.386 
0.99252 0.0705581 0.0996302 71.0602 -0.0699466 0.997504 -0.00962247 -6.47129 -0.10006 0.00258162 0.994978 154.208 
0.992948 0.0700752 0.0956238 71.1229 -0.0692116 0.997526 -0.0123238 -6.48276 -0.0962507 0.0056185 0.995341 155.021 
0.99293 0.0751911 0.0918526 71.153 -0.0738687 0.99711 -0.0177179 -6.50302 -0.0929194 0.0108075 0.995615 155.862 
0.992835 0.0814769 0.0874112 71.2085 -0.0796722 0.996533 -0.023946 -6.52426 -0.0890591 0.0168101 0.995884 156.661 
0.993022 0.0824445 0.0843166 71.2539 -0.080468 0.996403 -0.0265843 -6.54539 -0.0862049 0.019614 0.996084 157.481 
0.993065 0.0842952 0.0819531 71.2914 -0.0829108 0.996353 -0.020159 -6.57303 -0.0833535 0.0132243 0.996432 158.323 
0.992946 0.0870468 0.0805073 71.3369 -0.0865422 0.9962 -0.00974391 -6.5953 -0.0810495 0.00270782 0.996706 159.168 
0.993063 0.0883516 0.0775894 71.3854 -0.0884717 0.996077 -0.00189519 -6.61879 -0.0774524 -0.0049825 0.996984 159.998 
0.99377 0.0843873 0.0728042 71.4264 -0.0842113 0.996433 -0.00549089 -6.62724 -0.0730078 -0.000674336 0.997331 160.824 
0.995045 0.0732101 0.0672666 71.4752 -0.0724414 0.997277 -0.0138025 -6.66996 -0.0680939 0.00886112 0.997639 161.612 
0.995662 0.0716181 0.0593877 71.5248 -0.0706556 0.997335 -0.0181549 -6.68962 -0.0605296 0.01388 0.99807 162.422 
0.995749 0.075724 0.0524446 71.5527 -0.0749671 0.997053 -0.0162574 -6.72052 -0.0535211 0.0122566 0.998491 163.262 
0.996293 0.0732285 0.0451414 71.5764 -0.0728758 0.997297 -0.00941399 -6.74604 -0.0457086 0.0060893 0.998936 164.096 
0.996942 0.0681716 0.0382097 71.5982 -0.0680113 0.997669 -0.0054841 -6.76326 -0.0384944 0.00286856 0.999255 164.939 
0.997786 0.0579699 0.0325858 71.6219 -0.0579703 0.998318 -0.000936274 -6.77887 -0.0325851 -0.000954885 0.999468 165.757 
0.99825 0.0534123 0.0253662 71.6461 -0.0534175 0.998572 -0.000473601 -6.79495 -0.0253552 -0.000882308 0.999678 166.589 
0.998566 0.0501507 0.0187016 71.6474 -0.0500191 0.99872 -0.007445 -6.81114 -0.019051 0.00649881 0.999797 167.398 
0.999042 0.0425521 0.0101944 71.6688 -0.0423742 0.998956 -0.0170866 -6.83141 -0.0109107 0.0166382 0.999802 168.209 
0.999465 0.0324168 0.00429479 71.661 -0.0323208 0.999261 -0.0208106 -6.84893 -0.00496614 0.0206606 0.999774 169.048 
0.999354 0.035851 -0.00227093 71.6482 -0.035877 0.999276 -0.0126479 -6.87472 0.00181593 0.0127211 0.999917 169.898 
0.998933 0.0456775 -0.00687369 71.6103 -0.0456778 0.998956 0.000129004 -6.88156 0.0068725 0.000185027 0.999976 170.744 
0.998664 0.0504099 -0.0113381 71.5755 -0.050322 0.998702 0.00791812 -6.89707 0.0117226 -0.00733707 0.999904 171.603 
0.998713 0.0483305 -0.015355 71.5521 -0.0482576 0.998822 0.00509051 -6.90363 0.015583 -0.00434305 0.999869 172.426 
0.998529 0.0511908 -0.0178405 71.5199 -0.0512809 0.998673 -0.00462096 -6.92603 0.0175804 0.00552896 0.99983 173.249 
0.997885 0.0613537 -0.0214658 71.4818 -0.0616525 0.998006 -0.0135422 -6.94304 0.0205922 0.0148369 0.999678 174.073 
0.997891 0.0605234 -0.0234388 71.4378 -0.0609267 0.997999 -0.0168898 -6.96182 0.0223697 0.0182822 0.999583 174.932 
0.998142 0.0552449 -0.0256912 71.416 -0.055582 0.998375 -0.0125944 -6.97198 0.0249537 0.0139988 0.999591 175.775 
0.998132 0.0558917 -0.024687 71.3746 -0.0560108 0.998421 -0.00415487 -6.98369 0.0244159 0.00552976 0.999687 176.65 
0.998101 0.0570703 -0.0231828 71.3129 -0.0570535 0.99837 0.00139082 -6.99729 0.0232245 -6.55989e-05 0.99973 177.516 
0.998097 0.0568184 -0.0239715 71.27 -0.0568212 0.998384 0.000565766 -7.01298 0.023965 0.000797321 0.999712 178.354 
0.998174 0.0543562 -0.0263263 71.2296 -0.054589 0.998475 -0.00820188 -7.03144 0.0258404 0.00962395 0.99962 179.192 
0.998541 0.0448533 -0.0300546 71.2193 -0.045429 0.998791 -0.018753 -7.06005 0.0291772 0.0200909 0.999372 180.037 
0.998905 0.0345194 -0.0315726 71.1888 -0.035276 0.999096 -0.0237271 -7.06928 0.0307251 0.0248148 0.99922 180.891 
0.998823 0.0358459 -0.0326755 71.1511 -0.0364854 0.99915 -0.0191877 -7.08625 0.03196 0.0203572 0.999282 181.744 
0.998546 0.0426574 -0.0329535 71.0847 -0.0429744 0.999036 -0.00896977 -7.11231 0.0325392 0.0103728 0.999417 182.601 
0.998443 0.0432767 -0.0351948 71.0446 -0.043474 0.999043 -0.0048557 -7.14108 0.0349511 0.00637812 0.999369 183.458 
0.998538 0.0405288 -0.035762 70.9949 -0.0409141 0.999111 -0.0101057 -7.14048 0.0353208 0.0115541 0.999309 184.315 
0.998519 0.040947 -0.0358095 70.951 -0.0415353 0.999011 -0.0158383 -7.1596 0.0351256 0.0173021 0.999233 185.172 
0.998198 0.047879 -0.0361607 70.8997 -0.0484731 0.998701 -0.0157318 -7.1781 0.0353605 0.0174562 0.999222 186.01 
0.997979 0.0524061 -0.0359303 70.8407 -0.0528721 0.998527 -0.0121399 -7.20597 0.0352412 0.014015 0.99928 186.867 
0.997774 0.055799 -0.0365201 70.8001 -0.0561377 0.998388 -0.00831339 -7.23388 0.0359975 0.010345 0.999298 187.705 
0.997516 0.0607027 -0.0357445 70.7482 -0.0609579 0.998122 -0.00608806 -7.24775 0.0353079 0.00825176 0.999342 188.542 
0.997322 0.06352 -0.0362601 70.6965 -0.0637813 0.997945 -0.00609371 -7.26105 0.0357986 0.00839003 0.999324 189.348 
0.997307 0.0636435 -0.0364321 70.6439 -0.0640222 0.997905 -0.0093223 -7.27968 0.0357626 0.0116296 0.999293 190.147 
