1 -4.23778e-08 4.22719e-08 0 -4.23778e-08 1 -4.19404e-08 0 4.22719e-08 -4.19404e-08 1 0 
0.999081 -0.0024525 0.0428001 0.0580298 0.00260863 0.99999 -0.00359436 -0.0439964 -0.0427908 0.00370262 0.999077 0.983883 
0.995838 -0.00751775 0.0908323 -0.0588335 0.0084242 0.999918 -0.00960109 -0.00600323 -0.0907526 0.0103262 0.99582 2.29424 
0.990774 -0.00889705 0.135231 0.159605 0.010751 0.999858 -0.0129861 -0.0684335 -0.135096 0.0143201 0.990729 3.21851 
0.983871 -0.00311002 0.17885 1.316 0.00582903 0.999875 -0.0146797 -0.227203 -0.178782 0.0154854 0.983767 5.09254 
0.975509 -0.00765904 0.219825 1.52542 0.0110235 0.99984 -0.0140829 -0.297146 -0.219682 0.0161611 0.975438 5.56316 
0.964069 -0.00850227 0.265514 1.76937 0.0128772 0.999808 -0.0147413 -0.332731 -0.265338 0.0176306 0.963994 6.52012 
0.950998 -0.0103439 0.309025 2.28442 0.0167294 0.999698 -0.018021 -0.322658 -0.308745 0.0223077 0.950883 7.66543 
0.936673 -0.0128768 0.349969 2.61997 0.0204772 0.999628 -0.018026 -0.382519 -0.349607 0.0240508 0.936588 8.55051 
0.919518 -0.0139385 0.392799 2.93639 0.0228078 0.999579 -0.0179216 -0.449502 -0.392384 0.025438 0.919449 9.26475 
0.900425 -0.0161198 0.434712 3.38361 0.02591 0.999526 -0.0166039 -0.462257 -0.434238 0.0262139 0.900416 10.203 
0.880396 -0.0196138 0.473833 3.8142 0.0305937 0.999412 -0.0154746 -0.547343 -0.473251 0.0281201 0.880478 10.7768 
0.857241 -0.0189563 0.514565 4.25948 0.0306354 0.999429 -0.0142189 -0.556801 -0.514002 0.0279529 0.857333 11.5484 
0.832608 -0.020672 0.553477 4.79118 0.0337349 0.999341 -0.0134236 -0.597601 -0.552834 0.029848 0.832756 12.3221 
0.805602 -0.0232728 0.591999 5.38912 0.0376127 0.999221 -0.0119026 -0.657784 -0.591261 0.0318554 0.805851 13.1315 
0.775865 -0.0207333 0.630558 6.39044 0.0377952 0.999192 -0.0136507 -0.62676 -0.629765 0.0344231 0.776022 14.3142 
0.745714 -0.023849 0.665839 7.05368 0.0420098 0.999054 -0.0112653 -0.65374 -0.66494 0.0363724 0.74601 15.0513 
0.712613 -0.0239971 0.701147 7.64493 0.043211 0.999019 -0.00972588 -0.735764 -0.700226 0.037228 0.71295 15.8177 
0.6783 -0.0241021 0.734389 8.30407 0.0447956 0.998959 -0.00858939 -0.811713 -0.733418 0.0387236 0.678674 16.5197 
0.641802 -0.027445 0.766379 8.79623 0.0509599 0.998677 -0.00691249 -0.877271 -0.765175 0.043491 0.642351 17.0807 
0.603272 -0.0243399 0.797164 9.24505 0.048619 0.998797 -0.00629721 -0.918389 -0.796052 0.0425562 0.60373 17.5806 
0.566256 -0.0238819 0.823883 10.0659 0.0531725 0.998556 -0.00760055 -0.907451 -0.822512 0.0481117 0.566709 18.2155 
0.526508 -0.0235899 0.849843 10.7221 0.0571197 0.998338 -0.00767593 -1.00872 -0.848249 0.0525842 0.52698 18.6718 
0.486732 -0.0225046 0.873261 11.5016 0.0582238 0.998281 -0.00672599 -1.03333 -0.871609 0.0541183 0.487206 19.1899 
0.448518 -0.0248005 0.893429 12.3168 0.0637391 0.997957 -0.00429632 -1.07201 -0.891498 0.0588733 0.449183 19.6164 
0.411962 -0.0260279 0.910829 13.1736 0.064889 0.997892 -0.00083309 -1.17647 -0.908888 0.059446 0.412782 19.8664 
0.375329 -0.0250976 0.926552 14.0012 0.0661692 0.997808 0.000223718 -1.2653 -0.924527 0.0612252 0.376167 20.2598 
0.341442 -0.0256334 0.939553 14.9267 0.0661263 0.997806 0.00319177 -1.26451 -0.937574 0.0610394 0.342387 20.6299 
0.308606 -0.0281831 0.950772 15.9006 0.0681696 0.997646 0.0074457 -1.28475 -0.948744 0.062516 0.3098 20.9292 
0.274888 -0.0285368 0.961053 16.7211 0.0681324 0.997625 0.0101348 -1.30353 -0.959059 0.0626929 0.27618 21.2534 
0.242651 -0.0267406 0.969745 17.636 0.0649946 0.997822 0.0112517 -1.34704 -0.967934 0.060298 0.24386 21.5157 
0.213623 -0.0236282 0.97663 18.7874 0.0649644 0.997838 0.00993127 -1.30576 -0.974754 0.0613247 0.214696 21.6972 
0.182115 -0.0238296 0.982988 20.0072 0.0678295 0.997629 0.0116179 -1.32484 -0.980935 0.0645598 0.1833 22.0215 
0.150349 -0.0237914 0.988347 20.9991 0.0668795 0.997665 0.0138418 -1.32834 -0.986368 0.064019 0.151589 22.2042 
0.119061 -0.0222135 0.992638 22.0403 0.062194 0.997953 0.0148726 -1.26099 -0.990937 0.0599654 0.120199 22.3476 
0.0893946 -0.0230392 0.99573 23.1337 0.0599326 0.998045 0.0177121 -1.25114 -0.994191 0.0580933 0.0906006 22.44 
0.0617437 -0.0234335 0.997817 24.1599 0.0620581 0.99788 0.0195948 -1.26509 -0.996161 0.0607128 0.0630671 22.5361 
0.0365001 -0.0228163 0.999073 25.2104 0.0645814 0.997703 0.0204255 -1.25308 -0.997245 0.063776 0.0378898 22.5979 
0.0128367 -0.0218775 0.999678 26.4561 0.0687631 0.997413 0.0209449 -1.20508 -0.99755 0.0684721 0.0143078 22.6182 
-0.00524637 -0.020981 0.999766 27.9167 0.0744311 0.996998 0.0213134 -1.18359 -0.997212 0.0745255 -0.00366898 22.4309 
-0.0210072 -0.0204276 0.999571 29.6021 0.0778818 0.99672 0.0220061 -1.16736 -0.996741 0.0783107 -0.0193474 22.0409 
-0.0367608 -0.0198145 0.999128 31.2812 0.0813201 0.996428 0.0227529 -1.14863 -0.99601 0.0820856 -0.0350182 21.6245 
-0.0528073 -0.0213144 0.998377 32.4866 0.082909 0.996227 0.0256537 -1.14977 -0.995157 0.0841291 -0.0508409 21.6011 
-0.0700857 -0.0204727 0.997331 33.5847 0.0798196 0.996468 0.0260641 -1.12285 -0.994342 0.0814333 -0.0682041 21.7162 
-0.0827035 -0.0203086 0.996367 34.6799 0.0786738 0.996539 0.0268423 -1.10654 -0.993464 0.0806079 -0.0808195 21.6299 
-0.0945823 -0.01728 0.995367 35.9035 0.0784974 0.996607 0.0247605 -1.07958 -0.992417 0.0804756 -0.0929049 21.5569 
-0.108155 -0.0140979 0.994034 37.102 0.0760998 0.996848 0.0224177 -1.05945 -0.991217 0.0780704 -0.106742 21.517 
-0.118481 -0.0112471 0.992893 38.398 0.0773304 0.996794 0.020519 -1.01858 -0.98994 0.0792119 -0.117232 21.4145 
-0.12744 -0.011329 0.991781 39.6337 0.0763577 0.996855 0.0211986 -1.01388 -0.988903 0.0784317 -0.126174 21.2854 
-0.132518 -0.00937749 0.991136 40.9436 0.0764393 0.99688 0.0196519 -0.97805 -0.988229 0.078366 -0.131387 21.1144 
-0.138638 -0.00831161 0.990308 42.2767 0.0779879 0.996768 0.0192836 -0.968309 -0.987268 0.0799055 -0.137541 20.9627 
-0.145949 -0.00713473 0.989266 43.5872 0.0752759 0.996995 0.018296 -0.994366 -0.986424 0.0771382 -0.144973 20.9196 
-0.15245 -0.00637859 0.988291 45.0937 0.0757195 0.996965 0.0181147 -0.978586 -0.985406 0.0775944 -0.151504 20.9036 
-0.159302 -0.00798025 0.987198 46.2501 0.0715901 0.997241 0.0196137 -0.993184 -0.984631 0.073798 -0.158291 20.9683 
-0.170528 -0.00800043 0.98532 47.3131 0.0671922 0.997545 0.0197285 -0.965671 -0.983059 0.0695702 -0.169572 21.2576 
-0.181733 -0.00806886 0.983315 48.3792 0.0627922 0.99783 0.0197929 -0.936042 -0.981341 0.0653415 -0.180832 21.5348 
-0.192913 -0.00818552 0.981182 49.4484 0.0583905 0.998097 0.0198069 -0.904346 -0.979477 0.0611127 -0.192068 21.7997 
-0.204068 -0.00835041 0.978921 50.5205 0.0539879 0.998346 0.0197704 -0.870634 -0.977467 0.0568844 -0.203279 22.0523 
-0.205116 -0.0074306 0.978709 51.8795 0.0568667 0.998191 0.0194965 -0.916852 -0.977084 0.059655 -0.204323 21.8158 
-0.205865 -0.00694824 0.978556 53.3131 0.0549239 0.998316 0.0186431 -0.884512 -0.977038 0.0575841 -0.205136 21.5614 
-0.207704 -0.00634324 0.978171 54.6532 0.0535775 0.998404 0.017851 -0.956985 -0.976723 0.0561156 -0.207032 21.4668 
-0.209424 -0.0067906 0.977801 56.305 0.0539023 0.998375 0.0184781 -0.975974 -0.976338 0.0565755 -0.208717 21.3482 
-0.209033 -0.00886156 0.977868 57.7655 0.0502458 0.998541 0.0197896 -0.988149 -0.976617 0.0532704 -0.208283 21.0743 
-0.214563 -0.0108197 0.97665 59.2181 0.0474148 0.998644 0.02148 -1.02867 -0.975559 0.0509165 -0.213759 20.9953 
-0.215744 -0.0124742 0.97637 60.2927 0.0467018 0.998642 0.0230782 -1.14171 -0.975332 0.0505772 -0.214869 20.8963 
-0.215697 -0.0115359 0.976392 61.7321 0.0486506 0.998561 0.0225452 -1.13432 -0.975248 0.052365 -0.214825 20.661 
-0.216995 -0.0127175 0.97609 63.1596 0.0461214 0.998665 0.0232649 -1.13713 -0.975082 0.050067 -0.216119 20.4286 
-0.217846 -0.0140172 0.975882 64.8918 0.0471388 0.998579 0.0248659 -1.10048 -0.974844 0.0514189 -0.216876 20.1079 
-0.216873 -0.0158517 0.976071 66.6241 0.0499268 0.998379 0.0273072 -1.08698 -0.974922 0.0546543 -0.215731 19.6703 
-0.218434 -0.0141563 0.975749 68.2396 0.0519312 0.998309 0.026109 -1.06349 -0.974469 0.0563749 -0.21733 19.4714 
-0.217945 -0.0120778 0.975886 69.731 0.053453 0.998275 0.0242925 -1.05035 -0.974496 0.0574584 -0.216923 19.1639 
-0.217034 -0.0119116 0.976091 71.2792 0.0540239 0.998246 0.0241941 -1.02071 -0.974668 0.0579832 -0.21601 18.8316 
-0.217549 -0.0127574 0.975966 72.6769 0.0551758 0.998155 0.0253463 -1.05855 -0.974489 0.0593638 -0.216443 18.6043 
-0.220358 -0.0130458 0.975332 73.773 0.0653981 0.997463 0.0281173 -1.15837 -0.973224 0.0699807 -0.218946 18.6007 
-0.222577 -0.0131462 0.974826 75.227 0.0678274 0.997277 0.0289356 -1.16807 -0.972553 0.0725603 -0.221079 18.4377 
-0.223047 -0.0139541 0.974708 76.8618 0.0712147 0.996992 0.0305694 -1.15387 -0.972203 0.076232 -0.221382 18.1351 
-0.224593 -0.0123302 0.974375 78.4493 0.0722347 0.996958 0.029266 -1.14776 -0.971772 0.0769566 -0.223019 17.8802 
-0.226625 -0.010814 0.973922 80.1261 0.0729593 0.99694 0.0280466 -1.09665 -0.971246 0.0774127 -0.225143 17.614 
-0.226963 -0.0107139 0.973844 81.838 0.0729595 0.996942 0.0279718 -1.06453 -0.971167 0.0773998 -0.225487 17.2498 
-0.227753 -0.00966495 0.973671 83.5871 0.0740291 0.996885 0.0272116 -1.04437 -0.970901 0.0782775 -0.226328 16.8462 
-0.228546 -0.0111916 0.973469 85.3398 0.0729469 0.996926 0.0285873 -1.02483 -0.970796 0.0775451 -0.227028 16.4597 
-0.228509 -0.0117327 0.973471 87.0544 0.0737348 0.996847 0.0293225 -0.978853 -0.970746 0.0784792 -0.226923 16.097 
-0.232184 -0.0146203 0.972562 88.7071 0.0708616 0.996976 0.0319043 -1.01612 -0.970087 0.0763249 -0.230446 15.8544 
-0.234878 -0.0137405 0.971928 90.3471 0.0708217 0.997001 0.0312098 -0.998815 -0.969441 0.0761641 -0.2332 15.5015 
-0.237298 -0.0136893 0.97134 92.2155 0.0697916 0.997077 0.031102 -0.973134 -0.968927 0.0751719 -0.235649 15.0606 
-0.243474 -0.013591 0.969812 94.045 0.0702149 0.997031 0.0316001 -0.951733 -0.967362 0.0757891 -0.241797 14.7059 
-0.248229 -0.0155459 0.968576 95.7876 0.0657136 0.997298 0.0328481 -0.926666 -0.96647 0.0718025 -0.246537 14.2971 
-0.254093 -0.0186052 0.967001 97.6724 0.0668199 0.997088 0.0367419 -1.01154 -0.964869 0.0739508 -0.25211 13.8912 
-0.261396 -0.0180723 0.965062 99.487 0.0679523 0.996999 0.0370758 -1.00419 -0.962837 0.0752697 -0.259383 13.577 
-0.266482 -0.0183218 0.963666 101.346 0.06907 0.996886 0.0380532 -1.00713 -0.961362 0.0767009 -0.264386 13.0916 
-0.271232 -0.0155255 0.962389 103.139 0.0682373 0.997044 0.0353159 -0.926537 -0.960092 0.0752497 -0.269371 12.6577 
-0.274926 -0.0176091 0.961304 104.868 0.0661947 0.997113 0.0371962 -0.933792 -0.959184 0.0738594 -0.272967 12.1622 
-0.279618 -0.0170523 0.95996 106.794 0.0663562 0.997108 0.0370404 -0.88519 -0.957815 0.0740565 -0.277678 11.6283 
-0.285646 -0.0187516 0.958152 108.47 0.0653484 0.9971 0.0389956 -0.876338 -0.956104 0.0737526 -0.283592 11.2206 
-0.292009 -0.0198052 0.95621 110.307 0.0651878 0.997048 0.0405581 -0.821099 -0.954191 0.0741766 -0.289856 10.7278 
-0.2975 -0.0180664 0.954551 112.277 0.0636993 0.997217 0.0387267 -0.705657 -0.952594 0.0723254 -0.295521 10.1579 
-0.30507 -0.0174388 0.95217 113.952 0.0652097 0.997103 0.0391545 -0.674411 -0.950095 0.0740356 -0.303049 9.77604 
-0.310991 -0.0170991 0.950259 115.85 0.0635279 0.997228 0.0387349 -0.606802 -0.948287 0.0724142 -0.309043 9.20384 
-0.316459 -0.018004 0.948435 117.805 0.0633229 0.997189 0.040058 -0.543611 -0.94649 0.0727344 -0.31443 8.57803 
-0.32029 -0.01742 0.947159 119.651 0.064472 0.997112 0.0401404 -0.475828 -0.945123 0.0739219 -0.318242 7.92591 
-0.324094 -0.0156164 0.945896 121.547 0.0639075 0.997218 0.0383604 -0.350743 -0.943864 0.0728822 -0.322194 7.22234 
-0.328887 -0.0148259 0.944253 123.56 0.0641979 0.997213 0.0380178 -0.264345 -0.942184 0.0731226 -0.327019 6.56022 
-0.333294 -0.0152141 0.9427 125.469 0.06555 0.997076 0.0392669 -0.201174 -0.940542 0.0748814 -0.331322 5.8876 
-0.335292 -0.0140997 0.942008 127.345 0.0680555 0.996913 0.0391446 -0.104091 -0.939653 0.0772338 -0.333298 5.1974 
-0.338295 -0.013357 0.940945 129.265 0.0703034 0.996746 0.039425 -0.0368403 -0.93841 0.0794889 -0.336255 4.52816 
-0.340282 -0.0124659 0.940241 130.896 0.0704316 0.996765 0.0387051 0.0280689 -0.937682 0.0793933 -0.338304 3.91922 
-0.342987 -0.0138219 0.939239 132.682 0.0672093 0.996968 0.0392145 0.094779 -0.936933 0.0765756 -0.341018 3.25697 
-0.346306 -0.0132194 0.938028 134.863 0.0637624 0.997257 0.0375942 0.185219 -0.935952 0.07283 -0.344513 2.51469 
-0.350095 -0.0107324 0.936653 136.851 0.0642196 0.997307 0.0354308 0.266842 -0.93451 0.0725556 -0.348463 1.77363 
-0.355544 -0.011583 0.934588 138.574 0.064807 0.997211 0.0370135 0.271921 -0.93241 0.0737278 -0.353802 1.18399 
-0.362394 -0.0113794 0.931955 140.271 0.0660545 0.997097 0.0378602 0.295575 -0.929681 0.0752802 -0.36059 0.743768 
-0.367797 -0.0111995 0.929839 141.853 0.0661915 0.997076 0.0381913 0.348372 -0.927547 0.0755941 -0.36598 0.227094 
-0.373004 -0.0120134 0.927752 143.704 0.064534 0.997159 0.0388581 0.344897 -0.925583 0.0743657 -0.371169 -0.418853 
-0.379708 -0.0148893 0.924986 145.484 0.0628494 0.997145 0.0418506 0.302097 -0.922969 0.0740259 -0.377688 -0.960929 
-0.384372 -0.0170238 0.923021 147.23 0.0592342 0.997315 0.0430607 0.299506 -0.921276 0.0712258 -0.382331 -1.63847 
-0.38826 -0.0148374 0.92143 149.223 0.0637447 0.997043 0.0429148 0.353983 -0.919343 0.0753985 -0.386166 -2.42607 
-0.392918 -0.0141034 0.919465 151.052 0.059506 0.997397 0.0407276 0.443948 -0.917646 0.0707163 -0.391056 -3.09892 
-0.395919 -0.0124764 0.9182 153.042 0.0606766 0.997367 0.0397151 0.499734 -0.916278 0.0714373 -0.39412 -3.97502 
-0.399166 -0.01193 0.916801 154.984 0.061143 0.997343 0.039599 0.532588 -0.914838 0.0718625 -0.397376 -4.77562 
-0.403069 -0.0117645 0.915094 157.104 0.0607507 0.997368 0.0395809 0.565537 -0.913151 0.0715464 -0.401294 -5.66248 
-0.408563 -0.0128551 0.912639 159.416 0.0629313 0.997124 0.0422177 0.560171 -0.910558 0.0746822 -0.406579 -6.63544 
-0.41285 -0.0125883 0.910712 161.241 0.0645123 0.996989 0.043026 0.553837 -0.908511 0.0765154 -0.410795 -7.32283 
-0.416574 -0.0132973 0.909004 163.196 0.0641588 0.99697 0.0439865 0.597453 -0.906835 0.0766443 -0.414459 -8.16489 
-0.419804 -0.0136226 0.907513 165.042 0.0659419 0.996787 0.0454665 0.613896 -0.905216 0.0789301 -0.417557 -8.99729 
-0.423395 -0.012045 0.905865 166.982 0.0668179 0.996773 0.0444839 0.748426 -0.903478 0.0793622 -0.421224 -9.76187 
-0.425852 -0.0121512 0.904711 168.91 0.0664781 0.996787 0.0446794 0.817085 -0.902347 0.0791703 -0.423676 -10.5617 
-0.430757 -0.0122422 0.902385 170.889 0.0640649 0.99697 0.0441069 0.874288 -0.900191 0.0768106 -0.428667 -11.3343 
-0.433677 -0.0110669 0.901 172.586 0.0618788 0.997198 0.0420324 0.923888 -0.898941 0.0739813 -0.431777 -12.0799 
-0.437244 -0.00794192 0.899308 174.157 0.0651537 0.997054 0.0404828 0.918585 -0.89698 0.0762941 -0.435438 -12.6979 
-0.44082 -0.0074141 0.897565 175.92 0.0665845 0.996941 0.0409365 0.970876 -0.895122 0.0778096 -0.438978 -13.5685 
-0.448471 -0.00796953 0.893762 177.271 0.064133 0.997096 0.0410715 0.934158 -0.891494 0.075739 -0.446657 -14.0393 
-0.452421 -0.00741185 0.891774 179.246 0.0667613 0.996878 0.0421552 0.982739 -0.889302 0.0786079 -0.450514 -14.9979 
-0.457114 -0.00957554 0.889357 180.958 0.0650166 0.996907 0.0441509 0.989399 -0.887029 0.078005 -0.455077 -15.8011 
-0.461339 -0.010643 0.88716 182.738 0.0642598 0.996901 0.0453758 1.06061 -0.884894 0.0779424 -0.459225 -16.6527 
-0.463482 -0.010614 0.886043 184.456 0.0638879 0.996926 0.0453615 1.10659 -0.8838 0.0776317 -0.461378 -17.5318 
-0.467731 -0.0115351 0.883796 186.457 0.0598921 0.997203 0.0447119 1.18069 -0.881839 0.0738455 -0.465732 -18.4918 
-0.47255 -0.0112458 0.881232 188.538 0.0572046 0.997418 0.0434038 1.23671 -0.879445 0.070921 -0.470687 -19.515 
-0.476008 -0.0105847 0.879377 190.505 0.0568661 0.997464 0.0427877 1.3294 -0.877601 0.070374 -0.474199 -20.5169 
-0.478573 -0.00881989 0.878003 192.279 0.0574247 0.997494 0.0413207 1.42051 -0.876168 0.0701941 -0.476868 -21.4622 
-0.483476 -0.0109981 0.875289 193.972 0.0580923 0.997314 0.0446193 1.3814 -0.873428 0.0724199 -0.481538 -22.2009 
-0.487467 -0.0110491 0.873071 195.906 0.058476 0.997262 0.0452699 1.44808 -0.871181 0.0731213 -0.485486 -23.2297 
-0.487952 -0.00792365 0.872834 197.565 0.0631381 0.997019 0.0443479 1.50317 -0.870584 0.0767488 -0.485997 -24.23 
-0.491088 -0.00749493 0.871078 199.596 0.0617274 0.99715 0.0433797 1.60404 -0.86892 0.0750727 -0.489226 -25.3043 
-0.494447 -0.0077749 0.869173 201.574 0.0608817 0.997194 0.0435538 1.65971 -0.867073 0.0744518 -0.492586 -26.3311 
-0.497675 -0.00566767 0.867345 203.444 0.0611527 0.997261 0.0416054 1.72483 -0.865205 0.0737465 -0.495965 -27.3519 
-0.500989 -0.00608691 0.865432 205.258 0.0591957 0.997392 0.0412827 1.73342 -0.863427 0.0719121 -0.499322 -28.2991 
-0.504025 -0.00492204 0.863675 207.053 0.0591744 0.997437 0.0402174 1.75263 -0.861659 0.0713781 -0.502442 -29.2387 
-0.506964 -0.00484166 0.861954 208.753 0.0589543 0.997448 0.040277 1.78648 -0.859949 0.0712348 -0.505384 -30.1835 
-0.511219 -0.0061695 0.859428 210.649 0.0593083 0.997337 0.0424382 1.78973 -0.857402 0.0726665 -0.509492 -31.131 
-0.513686 -0.00642364 0.857954 211.97 0.0579373 0.99743 0.0421569 1.96479 -0.85602 0.071363 -0.511994 -32.0697 
-0.517028 -0.0073438 0.855937 213.654 0.0576378 0.997395 0.0433735 1.97186 -0.854025 0.0717596 -0.515258 -33.0331 
-0.519276 -0.00958253 0.854553 215.677 0.0533614 0.997622 0.0436122 1.92398 -0.852939 0.0682469 -0.51753 -34.2254 
-0.524449 -0.0102242 0.851381 217.617 0.0527439 0.997617 0.0444704 1.99016 -0.849807 0.0682276 -0.52266 -35.2409 
-0.528857 -0.0118441 0.848628 219.593 0.0499912 0.997732 0.0450791 2.043 -0.847237 0.0662644 -0.527065 -36.3767 
-0.530523 -0.0130358 0.84757 221.536 0.048707 0.997761 0.045833 2.07385 -0.84627 0.0655981 -0.5287 -37.7423 
-0.534081 -0.0137889 0.845321 223.578 0.048606 0.997712 0.0469843 2.12721 -0.844035 0.0661811 -0.532189 -39.0097 
-0.539277 -0.013807 0.842015 225.59 0.0460139 0.997889 0.045833 2.18776 -0.84087 0.0634611 -0.537503 -40.1385 
-0.542814 -0.0150548 0.839718 227.511 0.0440571 0.997952 0.0463712 2.26439 -0.838696 0.0621665 -0.541039 -41.3726 
-0.547345 -0.0144128 0.836783 229.573 0.0437817 0.997989 0.0458273 2.32732 -0.835761 0.0617191 -0.545613 -42.5627 
-0.550464 -0.0132797 0.834753 231.491 0.0453623 0.997921 0.0457888 2.3981 -0.833626 0.0630714 -0.548717 -43.751 
-0.555734 -0.0141449 0.831239 233.303 0.0436269 0.997981 0.0461495 2.44888 -0.830214 0.0619113 -0.553996 -44.8132 
-0.559304 -0.0135277 0.828852 235.363 0.0426841 0.99807 0.0450923 2.56109 -0.827863 0.0605991 -0.557647 -46.1684 
-0.565245 -0.0143263 0.824799 237.128 0.0420615 0.998048 0.0461607 2.58087 -0.82385 0.0607844 -0.563539 -47.1948 
-0.569074 -0.0135549 0.822175 238.818 0.0437046 0.997952 0.0467032 2.6075 -0.821124 0.0625104 -0.567316 -48.2577 
-0.575057 -0.0137548 0.817997 240.343 0.0434266 0.997936 0.0473096 2.62794 -0.81696 0.0627286 -0.573273 -49.1462 
-0.581293 -0.0145613 0.813564 242.418 0.0428574 0.997904 0.0484823 2.47224 -0.812565 0.0630497 -0.57945 -50.242 
-0.585102 -0.0151675 0.810817 244.049 0.0415848 0.997948 0.0486764 2.48361 -0.809892 0.0621984 -0.583271 -51.2599 
-0.58994 -0.0132681 0.807338 245.925 0.0426091 0.99796 0.0475362 2.56569 -0.806322 0.0624435 -0.588171 -52.4556 
-0.596082 -0.0122127 0.802831 247.934 0.0429897 0.997965 0.0470999 2.57807 -0.801772 0.0625888 -0.594344 -53.4972 
-0.600781 -0.0138172 0.799294 249.763 0.04252 0.997883 0.0492098 2.46875 -0.798282 0.0635503 -0.598922 -54.592 
-0.604959 -0.0131201 0.796148 251.459 0.0411312 0.998014 0.0477005 2.57583 -0.795193 0.0616034 -0.603218 -55.7513 
-0.608775 -0.0147255 0.793206 253.244 0.0394703 0.998027 0.0488208 2.60169 -0.79236 0.061029 -0.606993 -57.0112 
-0.613035 -0.0140229 0.789931 255.054 0.0403358 0.997983 0.0490192 2.65685 -0.789025 0.061913 -0.611233 -58.3282 
-0.619864 -0.011536 0.784624 257.421 0.0403791 0.998098 0.0465746 2.83221 -0.783669 0.0605523 -0.61822 -59.6195 
-0.622826 -0.0110462 0.782282 259.336 0.0395264 0.998179 0.0455642 2.96061 -0.781361 0.0592994 -0.621255 -61.0684 
-0.625604 -0.0114602 0.780057 261.17 0.0412512 0.998007 0.0477455 2.98344 -0.77905 0.062048 -0.623884 -62.4366 
-0.624758 -0.00620422 0.780794 263.369 0.0502362 0.997577 0.0481236 3.11049 -0.779201 0.0692897 -0.622933 -64.2953 
-0.623864 -0.000956319 0.781532 265.571 0.0592175 0.997067 0.0484908 3.23933 -0.779286 0.0765321 -0.621978 -66.1514 
-0.622923 0.00428306 0.782271 267.775 0.0681942 0.996475 0.0488472 3.36992 -0.779305 0.0837744 -0.62102 -68.0048 
-0.621934 0.00951348 0.783012 269.98 0.0771658 0.995804 0.0491926 3.50225 -0.779258 0.0910163 -0.620058 -69.8555 
-0.620897 0.0147345 0.783753 272.188 0.0861314 0.995052 0.0495271 3.63627 -0.779146 0.098257 -0.619094 -71.7036 
-0.619813 0.0199457 0.784496 274.398 0.0950902 0.99422 0.0498507 3.77196 -0.778967 0.105496 -0.618127 -73.549 
-0.618681 0.0251467 0.78524 276.61 0.104042 0.993307 0.0501632 3.90929 -0.778723 0.112733 -0.617157 -75.3917 
-0.617502 0.030337 0.785984 278.825 0.112985 0.992314 0.0504648 4.04822 -0.778412 0.119966 -0.616184 -77.2317 
-0.616275 0.0355163 0.786729 281.041 0.121919 0.991241 0.0507553 4.18873 -0.778036 0.127197 -0.615208 -79.0689 
-0.615002 0.040684 0.787475 283.26 0.130844 0.990088 0.0510347 4.33078 -0.777594 0.134423 -0.61423 -80.9034 
-0.613681 0.0458398 0.788222 285.481 0.139759 0.988856 0.0513031 4.47434 -0.777086 0.141645 -0.613249 -82.7352 
-0.612314 0.0509833 0.788969 287.704 0.148662 0.987543 0.0515603 4.61938 -0.776512 0.148861 -0.612265 -84.5642 
-0.610899 0.0561139 0.789717 289.929 0.157553 0.986151 0.0518064 4.76586 -0.775873 0.156071 -0.611279 -86.3904 
-0.609438 0.0612314 0.790466 292.156 0.166432 0.984678 0.0520414 4.91376 -0.775168 0.163275 -0.610291 -88.2138 
-0.60793 0.0663353 0.791215 294.386 0.175298 0.983127 0.0522652 5.06305 -0.774397 0.170472 -0.609301 -90.0344 
-0.606376 0.0714252 0.791964 296.618 0.18415 0.981496 0.0524778 5.21369 -0.773561 0.177661 -0.608308 -91.8522 
-0.604775 0.0765006 0.792713 298.852 0.192987 0.979786 0.0526792 5.36565 -0.77266 0.184843 -0.607314 -93.6672 
-0.603128 0.0815612 0.793463 301.088 0.201809 0.977997 0.0528694 5.51889 -0.771693 0.192015 -0.606317 -95.4794 
-0.601435 0.0866064 0.794213 303.327 0.210614 0.976129 0.0530483 5.67339 -0.77066 0.199178 -0.605319 -97.2887 
-0.599696 0.0916361 0.794964 305.567 0.219403 0.974182 0.053216 5.82911 -0.769563 0.206331 -0.604318 -99.0951 
-0.597911 0.0966496 0.795714 307.81 0.228174 0.972156 0.0533725 5.98602 -0.7684 0.213473 -0.603316 -100.899 
-0.596081 0.101647 0.796464 310.055 0.236927 0.970052 0.0535176 6.14409 -0.767172 0.220605 -0.602312 -102.699 
-0.594205 0.106627 0.797215 312.303 0.24566 0.96787 0.0536515 6.30328 -0.76588 0.227724 -0.601307 -104.497 
-0.592283 0.11159 0.797965 314.552 0.254374 0.96561 0.0537741 6.46356 -0.764522 0.234831 -0.6003 -106.292 
-0.590317 0.116535 0.798715 316.804 0.263068 0.963271 0.0538853 6.6249 -0.7631 0.241926 -0.599292 -108.084 
-0.588305 0.121462 0.799465 319.058 0.271741 0.960855 0.0539853 6.78726 -0.761613 0.249007 -0.598282 -109.873 
-0.586249 0.12637 0.800214 321.315 0.280391 0.958361 0.0540739 6.95062 -0.760061 0.256074 -0.597271 -111.659 
-0.588524 0.12827 0.798239 323.557 0.283077 0.957528 0.0548405 7.00511 -0.757302 0.258238 -0.599838 -113.361 
-0.590838 0.130943 0.796093 325.98 0.283665 0.957455 0.0530442 7.11575 -0.755278 0.257164 -0.602845 -115.186 
-0.592525 0.131834 0.794691 328.094 0.285933 0.9567 0.0544822 7.25468 -0.753098 0.25951 -0.604564 -116.835 
-0.595697 0.133018 0.792118 330.351 0.285571 0.95683 0.0540808 7.39649 -0.750729 0.258422 -0.607967 -118.392 
-0.601619 0.131867 0.787823 332.354 0.284021 0.957141 0.0566846 7.46356 -0.746583 0.257861 -0.613287 -119.698 
-0.606664 0.127983 0.784588 334.494 0.279751 0.958195 0.0600082 7.58124 -0.744109 0.255894 -0.617106 -121.239 
-0.610928 0.123428 0.782005 336.398 0.276082 0.958979 0.0643225 7.63627 -0.741988 0.255194 -0.619944 -122.707 
-0.613789 0.122772 0.779865 337.714 0.275722 0.958966 0.0660377 7.76247 -0.739757 0.255559 -0.622454 -124.014 
-0.615813 0.122434 0.778321 339.312 0.275209 0.959055 0.066883 7.85812 -0.738264 0.255388 -0.624293 -125.392 
-0.619024 0.123582 0.775588 341.349 0.276895 0.958471 0.0682763 7.99104 -0.734942 0.257021 -0.627536 -126.93 
-0.619291 0.128693 0.774543 343.579 0.284609 0.95618 0.0686879 8.19303 -0.731763 0.26298 -0.628781 -128.777 
-0.623105 0.123421 0.772339 345.58 0.275548 0.958801 0.0690879 8.31092 -0.731992 0.255865 -0.631443 -130.365 
-0.626038 0.117111 0.770948 348.086 0.262547 0.962592 0.0669747 8.61773 -0.734265 0.244339 -0.633366 -132.472 
-0.628883 0.110759 0.76957 350.586 0.2495 0.966202 0.0648293 8.91699 -0.73638 0.232778 -0.635263 -134.585 
-0.631641 0.104366 0.768204 353.081 0.23641 0.969631 0.0626522 9.20859 -0.738336 0.221185 -0.637132 -136.706 
-0.63431 0.0979324 0.76685 355.571 0.223278 0.972879 0.0604436 9.4924 -0.740133 0.209561 -0.638973 -138.834 
-0.636891 0.0914602 0.76551 358.056 0.210108 0.975944 0.0582042 9.7683 -0.741771 0.19791 -0.640786 -140.968 
-0.639382 0.0849505 0.764182 360.536 0.196902 0.978826 0.0559342 10.0362 -0.74325 0.186233 -0.64257 -143.11 
-0.641783 0.0784044 0.762868 363.011 0.183663 0.981525 0.0536341 10.2959 -0.744569 0.174532 -0.644326 -145.258 
-0.644094 0.0718231 0.761567 365.482 0.170392 0.98404 0.0513044 10.5474 -0.745728 0.16281 -0.646052 -147.413 
-0.644461 0.0785636 0.760591 367.771 0.17566 0.983315 0.0472699 10.6813 -0.744187 0.164069 -0.647508 -149.356 
-0.643095 0.0814314 0.761444 369.792 0.179392 0.982682 0.0464179 10.7353 -0.744478 0.166448 -0.646566 -151.031 
-0.641717 0.0842945 0.762295 371.816 0.18312 0.982034 0.0455611 10.7869 -0.744759 0.168829 -0.645624 -152.705 
-0.644705 0.084173 0.759783 373.795 0.183329 0.981938 0.0467772 10.7819 -0.742122 0.169448 -0.648492 -154.262 
-0.649923 0.0802247 0.755754 375.868 0.178013 0.982819 0.0487575 10.8135 -0.738858 0.166223 -0.653038 -155.873 
-0.655096 0.0762533 0.751688 377.931 0.172681 0.983672 0.0507049 10.8509 -0.735548 0.163019 -0.657567 -157.496 
-0.654668 0.07769 0.751914 380.088 0.174517 0.983366 0.0503419 11.0357 -0.735496 0.164179 -0.657336 -159.584 
-0.652102 0.077537 0.754156 381.99 0.177053 0.982824 0.0520464 11.0679 -0.737167 0.167465 -0.654629 -161.707 
-0.649422 0.0792384 0.756289 384.009 0.182805 0.981658 0.0541226 11.1362 -0.738129 0.173402 -0.651995 -163.769 
-0.646726 0.0809189 0.758418 386.034 0.188556 0.980454 0.0561787 11.2118 -0.739048 0.179337 -0.649343 -165.824 
-0.644014 0.0825783 0.760544 388.065 0.194307 0.979212 0.0582146 11.2947 -0.739926 0.18527 -0.646672 -167.873 
-0.641287 0.0842166 0.762666 390.103 0.200056 0.977931 0.0602301 11.3848 -0.740762 0.191201 -0.643982 -169.915 
-0.638544 0.0858337 0.764784 392.148 0.205804 0.976613 0.0622251 11.4822 -0.741557 0.197129 -0.641275 -171.95 
-0.635785 0.0874294 0.766898 394.199 0.21155 0.975256 0.0641996 11.5866 -0.742309 0.203055 -0.638549 -173.978 
-0.633012 0.0890039 0.769009 396.256 0.217295 0.973862 0.0661534 11.6982 -0.74302 0.208977 -0.635806 -176 
-0.630223 0.0905568 0.771115 398.32 0.223036 0.972429 0.0680865 11.8168 -0.743689 0.214896 -0.633045 -178.014 
-0.630325 0.0870811 0.771431 400.233 0.217996 0.973562 0.0682235 11.9635 -0.745096 0.211172 -0.632644 -179.539 
-0.631205 0.0877298 0.770639 402.246 0.218444 0.97347 0.0681003 12.0876 -0.74422 0.211327 -0.633623 -181.17 
-0.632206 0.0878475 0.769804 404.229 0.217887 0.973614 0.067835 12.2272 -0.743533 0.210616 -0.634665 -182.764 
-0.632999 0.0886617 0.769058 406.2 0.221769 0.972553 0.0704129 12.332 -0.741708 0.215125 -0.635288 -184.404 
-0.631989 0.0899944 0.769734 408.113 0.230546 0.970099 0.0758687 12.4671 -0.739891 0.225407 -0.63384 -186.074 
-0.628292 0.0884056 0.772938 409.517 0.236698 0.968144 0.0816703 12.5382 -0.741096 0.234266 -0.629203 -187.301 
-0.626596 0.0848082 0.774716 411.619 0.236825 0.967773 0.0856038 12.7099 -0.74249 0.237112 -0.626488 -189.005 
-0.627091 0.0847898 0.774318 413.425 0.233123 0.968924 0.0826977 12.821 -0.743243 0.23237 -0.62737 -190.139 
-0.62828 0.0835064 0.773492 415.294 0.226632 0.970748 0.0792831 12.9279 -0.744246 0.22511 -0.628827 -191.238 
-0.62946 0.0822121 0.772671 417.161 0.220133 0.972516 0.0758564 13.0295 -0.745199 0.217839 -0.630258 -192.339 
-0.626345 0.0798747 0.775443 419.16 0.216527 0.97342 0.074627 13.1631 -0.748871 0.214647 -0.626992 -193.933 
-0.618762 0.0819356 0.781294 421.274 0.221044 0.972523 0.0730702 13.3582 -0.753839 0.217914 -0.619871 -195.694 
-0.610705 0.0815357 0.787649 422.975 0.222837 0.972183 0.0721392 13.4463 -0.759857 0.219574 -0.611886 -197.192 
-0.607282 0.0802944 0.790418 424.933 0.215843 0.974135 0.0668761 13.5964 -0.764604 0.211219 -0.608906 -198.732 
-0.607053 0.0766296 0.790958 427.026 0.211712 0.974961 0.0680306 13.7196 -0.765941 0.208754 -0.608076 -200.28 
-0.608605 0.0699434 0.790384 429.121 0.200596 0.977313 0.067976 13.8867 -0.767699 0.199919 -0.608828 -201.765 
-0.607472 0.0680174 0.791424 430.953 0.195535 0.978474 0.0659933 14.0278 -0.769899 0.19484 -0.607695 -203.189 
-0.603338 0.0705662 0.794357 432.711 0.197454 0.978281 0.0630673 14.2189 -0.772655 0.1949 -0.604168 -204.719 
-0.597003 0.0752724 0.798699 434.33 0.205001 0.976848 0.0611703 14.5552 -0.775604 0.200253 -0.598613 -206.204 
-0.589502 0.075583 0.804223 436.463 0.207974 0.976249 0.0606964 14.7316 -0.780534 0.203038 -0.591221 -207.977 
-0.58772 0.0730609 0.805759 438.434 0.208312 0.976002 0.0634453 14.8396 -0.781787 0.205138 -0.588835 -209.424 
-0.585108 0.0724024 0.807717 440.418 0.21278 0.974817 0.0667559 14.9867 -0.782543 0.210925 -0.585779 -210.932 
-0.580612 0.074976 0.810721 442.301 0.212979 0.975065 0.0623536 15.1238 -0.785831 0.20887 -0.582102 -212.341 
-0.574172 0.0794651 0.814869 444.467 0.214509 0.975112 0.0560552 15.3241 -0.790134 0.206982 -0.576928 -213.877 
-0.567696 0.0839667 0.818945 446.644 0.21599 0.975127 0.0497449 15.5076 -0.794399 0.205124 -0.571712 -215.4 
-0.563906 0.0824148 0.821716 448.769 0.223043 0.97323 0.0554528 15.5658 -0.795149 0.214548 -0.567192 -216.946 
-0.560297 0.0810264 0.824319 450.696 0.221774 0.973543 0.0550473 15.7137 -0.79805 0.213655 -0.563443 -218.343 
-0.55701 0.0809227 0.826554 452.913 0.220918 0.973822 0.0535343 15.8615 -0.800584 0.212419 -0.560306 -219.8 
-0.553715 0.0808241 0.828775 455.136 0.220055 0.974099 0.0520248 16.0054 -0.803104 0.211183 -0.557159 -221.249 
-0.553049 0.0822286 0.829081 457.267 0.22331 0.973337 0.0524258 16.105 -0.802664 0.214136 -0.556665 -222.712 
-0.552185 0.0836984 0.82951 459.284 0.22529 0.972913 0.0518023 16.2157 -0.802705 0.215485 -0.556085 -224.045 
-0.552544 0.0845947 0.829179 461.523 0.226805 0.972555 0.051915 16.276 -0.802031 0.216748 -0.556567 -225.474 
-0.552739 0.0845657 0.829053 463.718 0.229347 0.971858 0.0537757 16.3262 -0.801174 0.219864 -0.556579 -226.908 
-0.552933 0.0845375 0.828926 465.913 0.231885 0.971151 0.0556364 16.3813 -0.800309 0.222979 -0.556585 -228.341 
-0.553128 0.08451 0.828799 468.107 0.234421 0.970433 0.0574971 16.4412 -0.799435 0.226091 -0.556585 -229.775 
-0.553323 0.0844832 0.828672 470.301 0.236954 0.969706 0.0593578 16.5059 -0.798553 0.229201 -0.556579 -231.209 
-0.553517 0.0844572 0.828544 472.495 0.239484 0.968968 0.0612185 16.5753 -0.797663 0.232309 -0.556567 -232.644 
-0.553712 0.0844319 0.828417 474.688 0.242011 0.968221 0.063079 16.6496 -0.796765 0.235414 -0.556549 -234.079 
-0.553906 0.0844074 0.828289 476.881 0.244536 0.967463 0.0649396 16.7287 -0.795858 0.238517 -0.556525 -235.514 
-0.554101 0.0843836 0.828162 479.074 0.247057 0.966696 0.0668 16.8126 -0.794943 0.241617 -0.556494 -236.949 
-0.551876 0.0847748 0.829606 480.712 0.246885 0.966833 0.0654367 16.911 -0.796543 0.24093 -0.554501 -238.207 
-0.548239 0.0853902 0.831951 482.831 0.244268 0.967747 0.0616397 17.0824 -0.799854 0.237012 -0.551415 -239.613 
-0.549036 0.0851991 0.831445 485.097 0.24374 0.967871 0.0617719 17.1872 -0.799469 0.236571 -0.552162 -241.085 
-0.549969 0.0815989 0.831189 487.677 0.241256 0.968311 0.0645706 17.2631 -0.799581 0.236041 -0.552227 -242.792 
-0.5478 0.0828738 0.832494 489.712 0.245312 0.967254 0.0651323 17.3755 -0.799835 0.239901 -0.550192 -244.163 
-0.546805 0.0860507 0.832826 492.055 0.251658 0.9656 0.065461 17.5313 -0.798544 0.245382 -0.549651 -245.599 
-0.546354 0.0872082 0.833002 493.197 0.251224 0.965833 0.0636594 17.6787 -0.798989 0.24405 -0.549596 -246.51 
-0.544151 0.0867786 0.834487 495.012 0.249051 0.966511 0.061893 17.9731 -0.80117 0.241509 -0.54754 -248 
-0.544143 0.0845669 0.83472 496.471 0.247837 0.96671 0.0636225 17.9186 -0.801552 0.241494 -0.546987 -248.611 
-0.539544 0.0855167 0.837603 497.409 0.249459 0.966397 0.0620234 18.1878 -0.804153 0.242412 -0.542747 -249.712 
-0.535178 0.08702 0.840245 498.417 0.25095 0.966152 0.0597784 18.4592 -0.806603 0.242852 -0.538901 -250.652 
-0.534373 0.0857638 0.840887 499.217 0.250616 0.96618 0.0607207 18.42 -0.80724 0.243187 -0.537794 -251.392 
-0.533633 0.0876087 0.841166 499.67 0.25361 0.965423 0.060339 18.4572 -0.806795 0.245527 -0.537399 -251.945 
-0.530985 0.0883321 0.842764 500.714 0.25416 0.965364 0.0589519 18.6301 -0.808367 0.2455 -0.535044 -252.737 
-0.527198 0.091197 0.844834 501.627 0.257097 0.964744 0.0562941 18.7565 -0.809915 0.246883 -0.532058 -253.397 
-0.523395 0.0940547 0.846883 502.543 0.260021 0.964113 0.0536251 18.8801 -0.811447 0.248275 -0.529068 -254.054 
-0.519574 0.0969052 0.848912 503.461 0.262932 0.963468 0.050945 19.001 -0.812963 0.249676 -0.526073 -254.709 
-0.521479 0.0950624 0.847952 504.884 0.262463 0.963463 0.0533994 18.9255 -0.811894 0.250403 -0.527376 -254.834 
-0.523381 0.0932208 0.846984 506.306 0.261989 0.963453 0.0558527 18.8534 -0.810823 0.251133 -0.528676 -254.961 
-0.52679 0.0948926 0.844682 507.291 0.263231 0.963108 0.0559688 18.7985 -0.808209 0.251831 -0.532335 -255.806 
-0.526012 0.0961198 0.845028 507.75 0.260889 0.963926 0.0527539 18.7982 -0.809474 0.248208 -0.532114 -256.18 
-0.523857 0.0969082 0.846276 508.408 0.261683 0.963772 0.0516227 18.9375 -0.810614 0.248499 -0.530238 -256.753 
-0.526233 0.0953219 0.844981 509.329 0.261201 0.963776 0.0539463 18.9493 -0.80923 0.249098 -0.532069 -257.091 
-0.529242 0.092534 0.84341 510.294 0.261727 0.963365 0.0585398 18.9115 -0.807094 0.251725 -0.534072 -257.332 
-0.530457 0.0935443 0.842535 511.91 0.266851 0.961791 0.0612234 18.9764 -0.804615 0.257308 -0.535151 -257.511 
-0.531665 0.0945631 0.841659 513.526 0.27196 0.960184 0.0639139 19.0415 -0.802104 0.262879 -0.536213 -257.692 
-0.532865 0.0955904 0.840784 515.142 0.277055 0.958542 0.0666112 19.1067 -0.79956 0.268439 -0.537257 -257.876 
-0.534057 0.0966261 0.839908 516.758 0.282136 0.956867 0.0693152 19.172 -0.796983 0.273987 -0.538284 -258.062 
-0.535243 0.0976703 0.839033 518.373 0.287202 0.955158 0.0720258 19.2374 -0.794374 0.279523 -0.539293 -258.25 
-0.53642 0.0987229 0.838157 519.988 0.292253 0.953416 0.0747429 19.303 -0.791733 0.285047 -0.540284 -258.441 
-0.537591 0.0997838 0.837281 521.603 0.297288 0.95164 0.0774664 19.3688 -0.78906 0.290559 -0.541257 -258.634 
-0.540436 0.100988 0.835303 522.527 0.298555 0.951186 0.0781646 19.3866 -0.786635 0.291627 -0.544205 -258.99 
-0.54017 0.0996793 0.835632 523.976 0.297026 0.951638 0.0784867 19.5358 -0.787396 0.290601 -0.543654 -260.048 
-0.543807 0.0988461 0.833369 525.123 0.292375 0.953139 0.0777347 19.5406 -0.786632 0.285929 -0.547224 -260.353 
-0.547703 0.0987301 0.830827 526.194 0.291269 0.953397 0.0787168 19.5393 -0.784336 0.285108 -0.550936 -260.636 
-0.549921 0.0969582 0.82957 527.315 0.288482 0.954161 0.0797143 19.5149 -0.783814 0.283153 -0.552684 -260.917 
-0.550731 0.0970915 0.829016 528.387 0.283854 0.955801 0.0766293 19.5146 -0.784934 0.277521 -0.553949 -261.85 
-0.55341 0.0972087 0.827217 529.393 0.282591 0.95617 0.0766918 19.5201 -0.783505 0.276206 -0.556624 -262.177 
-0.557835 0.0970483 0.824258 530.364 0.284663 0.955269 0.0801782 19.5059 -0.779607 0.279362 -0.560509 -262.427 
-0.559227 0.0980899 0.823191 531.303 0.291198 0.952944 0.084272 19.5208 -0.776188 0.286839 -0.561476 -262.726 
-0.560609 0.099145 0.822124 532.242 0.297707 0.950558 0.0883739 19.5377 -0.772714 0.294295 -0.562408 -263.027 
-0.560472 0.0992807 0.822201 532.861 0.297495 0.950659 0.0880021 19.5766 -0.772896 0.293923 -0.562353 -263.38 
-0.561945 0.0991933 0.821205 533.986 0.295382 0.951391 0.0872093 19.5558 -0.772636 0.291576 -0.56393 -263.887 
-0.564413 0.0986729 0.819574 534.723 0.29601 0.950996 0.0893561 19.5689 -0.770595 0.293036 -0.565962 -264.225 
-0.565691 0.0993157 0.818614 535.669 0.296735 0.950737 0.0897093 19.6214 -0.769377 0.293659 -0.567294 -264.609 
-0.570016 0.0985312 0.815704 536.486 0.293381 0.951745 0.0900515 19.6281 -0.76747 0.290643 -0.571417 -264.857 
-0.575301 0.0988295 0.811949 538.14 0.285782 0.954399 0.0863201 19.6281 -0.766393 0.2817 -0.57731 -265.2 
-0.581258 0.0985406 0.80773 538.982 0.282399 0.955374 0.0866672 19.6174 -0.763144 0.278479 -0.583147 -265.516 
-0.585417 0.0987733 0.804693 539.866 0.282643 0.955145 0.0883827 19.6315 -0.759869 0.279181 -0.587075 -265.927 
-0.587514 0.0988798 0.80315 540.963 0.283705 0.954679 0.089998 19.6477 -0.757852 0.280732 -0.58894 -266.325 
-0.587003 0.0957307 0.803904 541.738 0.280565 0.955503 0.0910825 19.6817 -0.759414 0.279013 -0.587743 -266.817 
-0.589294 0.0973169 0.802036 542.742 0.281971 0.95507 0.0912919 19.6895 -0.757116 0.279949 -0.590257 -267.249 
-0.5922 0.0980331 0.799805 543.575 0.284059 0.95425 0.0933621 19.6092 -0.754062 0.282481 -0.592954 -267.375 
-0.588117 0.101221 0.802417 544.337 0.2868 0.953764 0.0898926 19.6866 -0.756217 0.283 -0.589955 -267.876 
-0.586979 0.100648 0.803322 545.335 0.287339 0.953545 0.0904854 19.6869 -0.756896 0.283938 -0.588631 -268.368 
-0.587886 0.101066 0.802605 546.431 0.282782 0.955245 0.0868439 19.716 -0.757908 0.278017 -0.590155 -268.847 
-0.587519 0.100112 0.802994 546.933 0.283241 0.954987 0.0881747 19.7687 -0.758021 0.279245 -0.589428 -269.173 
-0.589151 0.0986656 0.801976 547.496 0.280241 0.955862 0.0882736 19.8188 -0.75787 0.276753 -0.590797 -269.447 
-0.590827 0.0990354 0.800697 548.681 0.278947 0.956307 0.0875506 19.8534 -0.757041 0.27508 -0.592638 -269.923 
-0.593051 0.0990138 0.799053 549.624 0.277445 0.956761 0.0873614 19.882 -0.755853 0.273503 -0.594879 -270.319 
-0.595606 0.0990791 0.797143 550.941 0.276798 0.956901 0.0878811 19.8738 -0.75408 0.27299 -0.597361 -270.745 
-0.599316 0.0987501 0.794398 552.012 0.275731 0.957101 0.0890438 19.8726 -0.751527 0.272406 -0.600835 -270.892 
-0.601021 0.0957526 0.793476 552.625 0.271186 0.958332 0.0897643 19.8631 -0.751819 0.26913 -0.601945 -271.311 
-0.605354 0.0943964 0.790339 553.075 0.266098 0.959812 0.0891771 19.7836 -0.750159 0.264291 -0.606144 -271.329 
-0.606006 0.0945686 0.789819 553.809 0.266381 0.959706 0.0894765 19.8055 -0.749532 0.264616 -0.606778 -271.724 
-0.605248 0.0945916 0.790397 555.083 0.26569 0.959982 0.0885656 19.8681 -0.750389 0.263604 -0.606159 -272.263 
-0.604772 0.0945266 0.790769 556.596 0.262374 0.961147 0.0857681 19.9594 -0.751938 0.259347 -0.606076 -272.892 
-0.604296 0.0944642 0.79114 558.109 0.259052 0.962293 0.0829709 20.0477 -0.753471 0.255085 -0.605981 -273.519 
-0.601511 0.0941846 0.793293 559.339 0.258316 0.96261 0.0815799 20.1062 -0.755948 0.253991 -0.60335 -274.713 
-0.598018 0.0915051 0.796242 560.85 0.253147 0.96417 0.0793224 20.1904 -0.760454 0.249002 -0.599756 -276.12 
-0.594495 0.0888488 0.799176 562.369 0.247957 0.965699 0.0770896 20.2688 -0.764914 0.243991 -0.596134 -277.52 
-0.590941 0.0862159 0.802094 563.894 0.242748 0.967195 0.0748816 20.3415 -0.769326 0.238958 -0.592484 -278.912 
-0.587357 0.0836066 0.804998 565.426 0.237519 0.968659 0.0726986 20.4085 -0.77369 0.233902 -0.588807 -280.298 
-0.584899 0.0824594 0.806904 566.758 0.237151 0.968733 0.0729058 20.496 -0.775663 0.234 -0.586167 -281.369 
-0.584252 0.0823048 0.807388 567.7 0.237367 0.968672 0.0730205 20.5669 -0.776084 0.23431 -0.585485 -281.872 
-0.584751 0.0826539 0.806991 568.538 0.236571 0.968929 0.072181 20.617 -0.775951 0.233119 -0.586136 -282.288 
