1 2.12261e-08 -2.11895e-08 0 2.12261e-08 1 2.10703e-08 0 -2.11895e-08 2.10703e-08 1 0 
0.999998 -0.00152153 0.00097979 -0.0389973 0.00151916 0.999996 0.00245291 -0.0279714 -0.000983561 -0.00245137 0.999997 1.26816 
0.999995 -0.00285786 0.00111663 -0.073807 0.00285416 0.99999 0.00333396 -0.0589967 -0.00112619 -0.00333072 0.999994 2.55565 
0.999985 -0.00432209 0.00330453 -0.178776 0.00431537 0.999989 0.00205054 -0.0761594 -0.00331339 -0.0020362 0.999992 3.86156 
0.999986 -0.00420099 0.00324527 -0.18771 0.00419472 0.999989 0.00195185 -0.0870468 -0.00325348 -0.00193816 0.999993 5.20647 
0.999981 -0.00497935 0.00373722 -0.249024 0.00496802 0.999983 0.0030486 -0.103595 -0.00375238 -0.00302993 0.999988 6.53495 
0.999962 -0.00760021 0.00431534 -0.268343 0.00758254 0.999963 0.0041058 -0.109195 -0.00434643 -0.00407288 0.999982 7.87693 
0.999959 -0.00778414 0.0046658 -0.320238 0.00775905 0.999955 0.00537914 -0.13185 -0.0047075 -0.00534268 0.999975 9.25863 
0.999969 -0.00726523 0.00299898 -0.287065 0.0072553 0.999968 0.00332602 -0.139887 -0.00302309 -0.00330411 0.99999 10.693 
0.999958 -0.00446834 0.00796737 -0.44022 0.00445729 0.999989 0.00140946 -0.163444 -0.00797362 -0.00137384 0.999967 11.9162 
0.999943 0.00164484 0.0105367 -0.531526 -0.00164477 0.999999 -1.06975e-05 -0.171755 -0.0105368 -6.59175e-06 0.999945 13.1873 
0.999913 0.00462378 0.0123271 -0.583945 -0.00462558 0.999989 0.000120578 -0.196169 -0.0123265 -0.000177545 0.999924 14.4963 
0.99991 0.00592939 0.0120372 -0.599803 -0.00593454 0.999982 0.000395671 -0.203886 -0.0120347 -0.000467029 0.999928 15.9507 
0.999902 0.00382069 0.0134934 -0.632514 -0.00385499 0.999989 0.00251978 -0.213738 -0.0134837 -0.0025715 0.999906 17.3134 
0.999901 -0.000944598 0.0140351 -0.645998 0.000877561 0.999988 0.00478481 -0.236347 -0.0140395 -0.00477198 0.99989 18.6418 
0.999892 -0.00290321 0.0143839 -0.672465 0.00286432 0.999992 0.00272625 -0.263239 -0.0143918 -0.00268471 0.999893 20.0375 
0.999888 -0.00430975 0.0143255 -0.674182 0.00430257 0.999991 0.000535211 -0.283355 -0.0143277 -0.000473472 0.999897 21.3989 
0.999876 -0.00196139 0.0156392 -0.710407 0.00197544 0.999998 -0.000880407 -0.315703 -0.0156374 0.000911233 0.999877 22.7472 
0.999877 0.000771608 0.0156707 -0.714628 -0.000786285 0.999999 0.000933184 -0.334775 -0.01567 -0.000945349 0.999877 24.0985 
0.999869 0.00080279 0.0161787 -0.715263 -0.000864728 0.999992 0.00382439 -0.341037 -0.0161756 -0.00383783 0.999862 25.4475 
0.99983 -0.0010417 0.0183933 -0.774191 0.000933275 0.999982 0.00590459 -0.361422 -0.0183991 -0.00588638 0.999813 26.7637 
0.99983 -0.00450353 0.0178592 -0.770819 0.00444544 0.999985 0.00329308 -0.371206 -0.0178738 -0.00321309 0.999835 28.124 
0.999828 -0.00414617 0.0180747 -0.782643 0.0041265 0.999991 0.00112779 -0.390523 -0.0180792 -0.00105297 0.999836 29.4884 
0.999828 -0.00385146 0.0181654 -0.765526 0.00388399 0.999991 -0.00175324 -0.396752 -0.0181586 0.00182354 0.999833 30.9171 
0.999842 -0.00181426 0.0177018 -0.751309 0.00185769 0.999995 -0.00243477 -0.42138 -0.0176974 0.00246731 0.99984 32.3191 
0.99983 -0.00124238 0.0183934 -0.755684 0.00132423 0.999989 -0.00443595 -0.457208 -0.0183877 0.0044596 0.999821 33.6679 
0.999808 -0.00132452 0.0195735 -0.763165 0.00139272 0.999993 -0.00346871 -0.479315 -0.0195688 0.00349535 0.999802 35.0252 
0.999794 -0.000890443 0.0202846 -0.784882 0.000945297 0.999996 -0.00269271 -0.504236 -0.0202821 0.00271137 0.999791 36.3889 
0.999742 0.00140114 0.022676 -0.829783 -0.00138493 0.999999 -0.000728971 -0.543955 -0.022677 0.00069742 0.999743 37.7273 
0.999719 0.00312867 0.0234979 -0.862291 -0.00312155 0.999995 -0.000337589 -0.550978 -0.0234989 0.000264185 0.999724 39.1772 
0.99962 0.00616047 0.026861 -0.947704 -0.00616673 0.999981 0.000151852 -0.586322 -0.0268596 -0.000317398 0.999639 40.5139 
0.999573 0.00830889 0.0280124 -0.961577 -0.00833584 0.999965 0.000846915 -0.599539 -0.0280044 -0.00108002 0.999607 41.7346 
0.999496 0.00872517 0.0305247 -1.04352 -0.0087715 0.999961 0.00138565 -0.608867 -0.0305115 -0.00165266 0.999533 43.0421 
0.999416 0.00857709 0.0330723 -1.07293 -0.00859107 0.999963 0.000282124 -0.615125 -0.0330687 -0.000566045 0.999453 44.4271 
0.999381 0.00638537 0.034607 -1.09471 -0.00640184 0.999979 0.000366467 -0.639129 -0.034604 -0.000587747 0.999401 45.7281 
0.999464 0.00243383 0.0326465 -1.04546 -0.00250337 0.999995 0.00209066 -0.674212 -0.0326412 -0.00217123 0.999465 47.1706 
0.999428 0.00217663 0.0337362 -1.06009 -0.00226 0.999995 0.0024347 -0.676156 -0.0337307 -0.00250951 0.999428 48.5952 
0.999434 0.0014957 0.033614 -1.05055 -0.001573 0.999996 0.00227451 -0.693813 -0.0336105 -0.00232606 0.999432 50.0102 
0.999396 0.00340865 0.0345725 -1.04798 -0.00352191 0.999989 0.00321691 -0.736651 -0.0345612 -0.00333668 0.999397 51.2513 
0.999383 0.00442741 0.0348571 -1.0894 -0.0045431 0.999984 0.00324181 -0.716597 -0.0348422 -0.00339813 0.999387 52.6408 
0.99929 0.00553228 0.0372669 -1.17105 -0.00565387 0.999979 0.00315903 -0.729487 -0.0372487 -0.00336745 0.9993 53.998 
0.999318 0.00137528 0.0368912 -1.15341 -0.00152707 0.999991 0.0040878 -0.739993 -0.0368853 -0.00414131 0.999311 55.4339 
0.999368 -0.00269326 0.0354529 -1.09606 0.00254521 0.999988 0.0042217 -0.773125 -0.0354639 -0.00412875 0.999362 56.837 
0.999377 -0.00351073 0.0351105 -1.09305 0.00333742 0.999982 0.00499462 -0.795184 -0.0351274 -0.00487429 0.999371 58.2639 
0.999335 -0.00469013 0.0361644 -1.07813 0.00450046 0.999976 0.00532553 -0.804257 -0.0361885 -0.00515919 0.999332 59.6961 
0.999296 -0.00580744 0.0370587 -1.08012 0.00558723 0.999966 0.00604395 -0.821259 -0.0370926 -0.0058326 0.999295 61.0037 
0.99925 -0.00651585 0.0381675 -1.07121 0.00632885 0.999967 0.0050193 -0.829786 -0.038199 -0.00477394 0.999259 62.4435 
0.999222 -0.00744134 0.0387281 -1.0474 0.0072719 0.999963 0.0045153 -0.835067 -0.0387604 -0.00423012 0.99924 63.982 
0.999167 -0.00561411 0.0404269 -1.06035 0.00541237 0.999972 0.00509916 -0.887603 -0.0404544 -0.00487606 0.99917 65.2979 
0.999122 -0.00433981 0.0416824 -1.02981 0.0041275 0.999978 0.00517935 -0.908689 -0.041704 -0.00500271 0.999118 66.7421 
0.999067 -0.00210672 0.0431364 -1.03131 0.0018743 0.999984 0.00542877 -0.903398 -0.0431472 -0.00534281 0.999054 68.1597 
0.999041 0.00188481 0.0437387 -1.01669 -0.00217547 0.999976 0.00659962 -0.91259 -0.0437252 -0.00668841 0.999021 69.5734 
0.998978 0.00652615 0.0447307 -1.01022 -0.00686193 0.999949 0.00735827 -0.930597 -0.0446805 -0.00765764 0.998972 70.8639 
0.998825 0.00839379 0.0477293 -1.07989 -0.0087638 0.999933 0.00754912 -0.918412 -0.0476628 -0.0079585 0.998832 72.1895 
0.998768 0.00968636 0.0486614 -1.06683 -0.0100373 0.999925 0.00697262 -0.923826 -0.0485903 -0.00745242 0.998791 73.5718 
0.998681 0.0095643 0.0504534 -1.06138 -0.00997415 0.999919 0.00787856 -0.952272 -0.050374 -0.00837136 0.998695 74.9721 
0.998741 0.00925689 0.0493062 -1.00208 -0.00969551 0.999915 0.00866483 -0.966585 -0.0492219 -0.00913193 0.998746 76.4272 
0.998634 0.00728517 0.0517378 -1.01882 -0.00771272 0.999938 0.00806983 -0.96699 -0.0516758 -0.00845781 0.998628 77.7261 
0.998633 0.00467011 0.0520604 -0.979476 -0.00512672 0.99995 0.00864155 -0.98775 -0.0520174 -0.0088966 0.998607 79.1237 
0.998611 0.00537272 0.0524226 -0.947866 -0.00573402 0.999961 0.00674489 -0.965543 -0.0523843 -0.00703607 0.998602 80.5131 
0.998538 0.00647549 0.0536733 -0.966306 -0.00683596 0.999955 0.006536 -0.976405 -0.0536286 -0.00689331 0.998537 81.9528 
0.998514 0.0073322 0.0539974 -0.958137 -0.00758984 0.999961 0.00456867 -0.950569 -0.0539618 -0.00497167 0.998531 83.352 
0.998519 0.00779523 0.0538479 -0.930183 -0.00811874 0.99995 0.00579257 -0.99708 -0.0538001 -0.00622113 0.998532 84.6472 
0.998568 0.00249079 0.0534425 -0.916303 -0.00290996 0.999966 0.00776778 -1.00691 -0.0534213 -0.00791213 0.998541 85.9812 
0.9985 0.000383066 0.0547455 -0.937523 -0.000874536 0.99996 0.00895448 -1.01295 -0.0547399 -0.00898889 0.99846 87.3077 
0.998574 -0.00296142 0.0533007 -0.88679 0.00247315 0.999954 0.00922521 -1.02534 -0.0533256 -0.00908019 0.998536 88.6536 
0.998626 -0.00447296 0.0522128 -0.83504 0.00403454 0.999956 0.00849998 -1.0268 -0.0522486 -0.0082776 0.9986 90.0102 
0.998678 -0.00701194 0.0509257 -0.769971 0.00661391 0.999946 0.00798105 -1.02741 -0.050979 -0.00763364 0.998671 91.3918 
0.99861 -0.00857481 0.0520076 -0.755505 0.0081459 0.999931 0.00845427 -1.05063 -0.0520766 -0.00801882 0.998611 92.6669 
0.998588 -0.00940844 0.0522752 -0.731011 0.00901254 0.999929 0.00780489 -1.04971 -0.0523449 -0.0073227 0.998602 94.0008 
0.99853 -0.0113194 0.053012 -0.699024 0.0109045 0.999908 0.00811033 -1.0781 -0.053099 -0.0075203 0.998561 95.288 
0.998523 -0.00918096 0.0535464 -0.669454 0.00879806 0.999934 0.00738296 -1.09893 -0.0536106 -0.00690091 0.998538 96.6188 
0.998355 -0.00805521 0.0567702 -0.719842 0.00759899 0.999937 0.00824832 -1.1154 -0.0568331 -0.00780331 0.998353 97.9018 
0.998346 -0.00772503 0.0569746 -0.692374 0.00716355 0.999924 0.0100533 -1.13285 -0.0570479 -0.00962847 0.998325 99.2023 
0.998311 -0.00471387 0.0579063 -0.665975 0.00404098 0.999923 0.0117327 -1.15819 -0.0579572 -0.0114789 0.998253 100.496 
0.998259 -0.00560995 0.0587079 -0.650205 0.00503561 0.999938 0.00992705 -1.15876 -0.05876 -0.0096141 0.998226 101.82 
0.998146 -0.00577291 0.0605976 -0.644495 0.0052714 0.999951 0.00843333 -1.20173 -0.0606433 -0.00809822 0.998127 102.981 
0.998053 -0.00724192 0.0619531 -0.624389 0.00676438 0.999946 0.00791501 -1.22207 -0.0620071 -0.00748048 0.998048 104.245 
0.998046 -0.0118204 0.0613535 -0.549975 0.0111733 0.999878 0.0108796 -1.26968 -0.0614747 -0.0101728 0.998057 105.592 
0.997934 -0.0135266 0.0628049 -0.50868 0.0127978 0.999846 0.011992 -1.27214 -0.0629575 -0.0111634 0.997954 106.927 
0.997791 -0.0150876 0.0646948 -0.475839 0.0143478 0.999826 0.0118864 -1.26414 -0.064863 -0.0109319 0.997834 108.278 
0.99764 -0.0157668 0.0668273 -0.456547 0.0151175 0.999834 0.0102109 -1.26985 -0.0669772 -0.00917649 0.997712 109.574 
0.997485 -0.0126712 0.069742 -0.433122 0.0121649 0.999897 0.00768033 -1.28249 -0.0698321 -0.00681257 0.997536 110.809 
0.997439 -0.00893647 0.070966 -0.367159 0.0086766 0.999955 0.00396985 -1.26456 -0.0709983 -0.0033439 0.997471 112.171 
0.997393 -0.00527323 0.0719637 -0.298009 0.00501103 0.99998 0.00382412 -1.27789 -0.0719824 -0.0034535 0.9974 113.503 
0.997145 -0.00151193 0.0754973 -0.261927 0.00118063 0.99999 0.00443314 -1.28391 -0.0755032 -0.00433131 0.997136 114.804 
0.996942 -0.00105936 0.078143 -0.217974 0.000492059 0.999973 0.00727924 -1.31382 -0.0781487 -0.00721848 0.996916 116.154 
0.996833 -0.00100288 0.0795227 -0.137695 0.000434612 0.999974 0.00716348 -1.31829 -0.0795279 -0.00710619 0.996807 117.472 
0.996717 -0.000214011 0.0809693 -0.0687232 -0.000274787 0.999982 0.00602618 -1.32325 -0.0809692 -0.00602861 0.996698 118.836 
0.996595 0.00357539 0.0823763 -0.0019328 -0.00396924 0.999981 0.0046184 -1.33614 -0.0823583 -0.00492961 0.996591 120.145 
0.99638 0.00551246 0.0848349 0.0386105 -0.00588221 0.999974 0.00410967 -1.35437 -0.0848101 -0.00459377 0.996387 121.519 
0.996292 0.00520422 0.0858826 0.101795 -0.0055344 0.999978 0.0036074 -1.38851 -0.085862 -0.00406929 0.996299 122.804 
0.995999 0.00703775 0.0890826 0.118027 -0.00736547 0.999967 0.0033511 -1.43205 -0.0890561 -0.00399379 0.996019 124.086 
0.995775 0.00674759 0.0915758 0.162319 -0.00710881 0.999968 0.00361936 -1.45868 -0.0915485 -0.00425503 0.995792 125.456 
0.995649 0.007607 0.0928738 0.250035 -0.00802435 0.999959 0.00412161 -1.46274 -0.0928387 -0.00484888 0.995669 126.837 
0.995369 0.00630821 0.0959239 0.282484 -0.00687045 0.999961 0.00553266 -1.50828 -0.0958853 -0.00616604 0.995373 128.155 
0.995283 0.00566154 0.0968463 0.370349 -0.00622485 0.999965 0.00551587 -1.52205 -0.0968118 -0.00609266 0.995284 129.516 
0.995187 0.004341 0.0978947 0.44176 -0.00483305 0.999977 0.00479025 -1.52556 -0.0978717 -0.00524029 0.995185 130.865 
0.995161 0.00230711 0.0982283 0.527055 -0.0028858 0.999979 0.00575012 -1.5494 -0.098213 -0.00600572 0.995147 132.194 
0.995264 0.000222452 0.0972126 0.646253 -0.000839001 0.99998 0.0063019 -1.58325 -0.0972093 -0.00635358 0.995244 133.56 
0.995315 -0.0015046 0.0966737 0.73171 0.000949242 0.999983 0.00579088 -1.58913 -0.0966808 -0.00567194 0.995299 134.86 
0.995348 -0.00247848 0.0963144 0.828455 0.00177788 0.999971 0.00735965 -1.62021 -0.0963299 -0.00715414 0.995324 136.206 
0.995503 -0.00387531 0.0946516 0.929244 0.00314924 0.999965 0.00781964 -1.64771 -0.0946786 -0.00748635 0.99548 137.461 
0.995373 -0.00240059 0.0960565 0.928006 0.00168363 0.99997 0.00754479 -1.66211 -0.0960718 -0.00734812 0.995347 138.622 
0.995438 -0.0020279 0.0953874 1.01454 0.00133636 0.999972 0.00731362 -1.67682 -0.0953996 -0.00715275 0.995413 139.943 
0.995366 -0.00363944 0.0960915 1.06933 0.00290561 0.999966 0.0077761 -1.68647 -0.0961165 -0.00746082 0.995342 141.25 
0.995262 -0.00396678 0.0971479 1.13363 0.00351646 0.999982 0.00480664 -1.68894 -0.0971653 -0.00444221 0.995258 142.531 
0.995382 -0.00948745 0.0955223 1.24054 0.00909707 0.999948 0.00452194 -1.69766 -0.0955603 -0.00363205 0.995417 143.818 
0.995262 -0.0172928 0.0956795 1.33873 0.0167442 0.999838 0.00653389 -1.70297 -0.0957771 -0.00490081 0.995391 145.183 
0.995271 -0.0235896 0.0942347 1.44727 0.0227873 0.999694 0.00958135 -1.74493 -0.0944319 -0.00738864 0.995504 146.527 
0.995268 -0.027235 0.0932714 1.54866 0.0268405 0.999625 0.00548255 -1.74494 -0.0933858 -0.00295311 0.995626 147.812 
0.995279 -0.0263134 0.0934199 1.66546 0.0262363 0.999654 0.00205437 -1.75289 -0.0934417 0.000406362 0.995625 149.192 
0.995232 -0.0223797 0.0949343 1.74059 0.0223924 0.999749 0.000931977 -1.79597 -0.0949313 0.00119831 0.995483 150.537 
0.99512 -0.0224103 0.0960904 1.85238 0.0224726 0.999747 0.000434473 -1.81056 -0.0960759 0.00172709 0.995373 151.898 
0.995091 -0.0259155 0.0955136 1.96682 0.0256175 0.999662 0.00434516 -1.83818 -0.095594 -0.00187697 0.995419 153.195 
0.994862 -0.0308382 0.0964272 2.06429 0.030307 0.999516 0.00696937 -1.8415 -0.0965955 -0.00401111 0.995316 154.499 
0.994675 -0.0342879 0.0971941 2.16379 0.0336556 0.9994 0.00813915 -1.85704 -0.097415 -0.00482464 0.995232 155.823 
0.994584 -0.0366667 0.0972566 2.26938 0.0359902 0.999314 0.00870133 -1.88341 -0.097509 -0.00515387 0.995221 157.177 
0.994562 -0.0339356 0.0984606 2.37002 0.0332506 0.99941 0.0085907 -1.88627 -0.0986941 -0.00527007 0.995104 158.521 
0.994487 -0.0290004 0.100767 2.464 0.0284409 0.999571 0.0069852 -1.88034 -0.100927 -0.00408074 0.994886 159.867 
0.994291 -0.0287413 0.10276 2.53817 0.0282194 0.99958 0.00653008 -1.91984 -0.102905 -0.00359293 0.994685 161.092 
0.994208 -0.0261858 0.104232 2.64131 0.0256552 0.99965 0.00642843 -1.93081 -0.104364 -0.00371706 0.994532 162.432 
0.994163 -0.0241822 0.105146 2.73835 0.023524 0.999695 0.00749635 -1.9409 -0.105295 -0.00497909 0.994429 163.771 
0.994186 -0.0234455 0.105094 2.84184 0.0227582 0.999711 0.00773535 -1.96674 -0.105245 -0.00529859 0.994432 165.115 
0.994353 -0.0203018 0.104164 2.97747 0.019828 0.999788 0.00558269 -1.97055 -0.104255 -0.00348577 0.994545 166.488 
0.994453 -0.0161521 0.103938 3.07231 0.0158242 0.999867 0.00397885 -1.98898 -0.103989 -0.00231199 0.994576 167.846 
0.994503 -0.00785066 0.104412 3.16572 0.0077196 0.999969 0.00165971 -1.99353 -0.104422 -0.000844529 0.994533 169.206 
0.994428 -0.00424254 0.105335 3.25323 0.00394004 0.999988 0.00308011 -2.03558 -0.105347 -0.00264789 0.994432 170.507 
0.994422 -0.00270771 0.105443 3.38039 0.00215652 0.999983 0.00534143 -2.0564 -0.105456 -0.0050842 0.994411 171.866 
0.994428 -0.00463313 0.10532 3.47822 0.00379076 0.999959 0.00819747 -2.08248 -0.105353 -0.00775251 0.994405 173.175 
0.994231 -0.00706677 0.107026 3.53169 0.00614011 0.999941 0.00898572 -2.09728 -0.107083 -0.00827669 0.994216 174.462 
0.99437 -0.00906465 0.10558 3.65453 0.00811287 0.999923 0.00944122 -2.1153 -0.105657 -0.00853147 0.994366 175.899 
0.994584 -0.0140422 0.102981 3.79239 0.0133423 0.999883 0.00748274 -2.18007 -0.103074 -0.00606816 0.994655 177.261 
0.994846 -0.0125983 0.100612 3.93418 0.0123751 0.999919 0.0028432 -2.16734 -0.10064 -0.00158343 0.994922 178.649 
0.994928 -0.00655688 0.100373 4.03928 0.00656832 0.999978 0.000216891 -2.15915 -0.100372 0.000443533 0.99495 180.038 
0.994648 0.00126011 0.103313 4.0298 -0.00142471 0.999998 0.00151986 -2.20412 -0.103311 -0.00165887 0.994648 181.334 
0.994697 0.00192094 0.102834 4.14443 -0.00256969 0.999978 0.00617708 -2.24944 -0.102819 -0.00640854 0.994679 182.644 
0.994261 0.00274816 0.106946 4.08055 -0.00373772 0.999952 0.00905391 -2.31154 -0.106916 -0.00940165 0.994224 183.892 
0.9943 0.00275218 0.106587 4.21443 -0.00381842 0.999945 0.00980104 -2.33073 -0.106554 -0.0101521 0.994255 185.28 
0.994245 0.00309221 0.107085 4.32208 -0.00411901 0.999948 0.00936917 -2.33513 -0.107051 -0.0097563 0.994206 186.657 
0.994247 -0.00161681 0.107098 4.44403 0.000395316 0.999935 0.0114261 -2.36829 -0.107109 -0.011318 0.994183 188.095 
0.994237 -0.00379289 0.107138 4.59383 0.00259451 0.999933 0.0113229 -2.37338 -0.107174 -0.0109797 0.99418 189.5 
0.994088 -0.00826406 0.108259 4.70099 0.00683327 0.999884 0.013581 -2.42152 -0.108359 -0.012761 0.99403 190.87 
0.993952 -0.0123088 0.10912 4.8224 0.0107996 0.999838 0.0144119 -2.41497 -0.10928 -0.0131462 0.993924 192.277 
0.993836 -0.0146023 0.109897 4.92333 0.0130764 0.999808 0.014593 -2.44127 -0.110089 -0.0130659 0.993836 193.702 
0.993717 -0.0111927 0.111358 5.01993 0.0101848 0.999902 0.00961621 -2.44463 -0.111455 -0.0084216 0.993734 195.106 
0.993714 -0.00435264 0.111867 5.1268 0.00380344 0.99998 0.00512276 -2.4684 -0.111887 -0.00466504 0.99371 196.515 
0.993619 0.0059692 0.112632 5.24513 -0.00656858 0.999966 0.00495153 -2.49524 -0.112599 -0.00565973 0.993624 197.908 
0.993349 0.0134233 0.114361 5.35758 -0.014474 0.99986 0.0083626 -2.50564 -0.114233 -0.0099622 0.993404 199.357 
0.993308 0.0133292 0.114721 5.49117 -0.0146239 0.999838 0.0104518 -2.49716 -0.114563 -0.0120595 0.993343 200.869 
0.993362 0.0115751 0.11445 5.6101 -0.0129549 0.999852 0.01132 -2.50982 -0.114302 -0.0127275 0.993365 202.254 
0.993447 0.00977092 0.113873 5.74241 -0.011074 0.99988 0.0108171 -2.51216 -0.113753 -0.0120072 0.993437 203.736 
0.993484 0.00799528 0.113691 5.86697 -0.00919304 0.999908 0.0100153 -2.51487 -0.1136 -0.0109952 0.993466 205.183 
0.993575 0.00868518 0.112846 6.01242 -0.00988482 0.9999 0.0100761 -2.54029 -0.112747 -0.0111268 0.993561 206.629 
0.993522 0.00828483 0.113337 6.14361 -0.00957334 0.999896 0.0108297 -2.56073 -0.113236 -0.0118445 0.993498 208.104 
0.993486 0.0101947 0.113498 6.29193 -0.0115993 0.999864 0.0117219 -2.56901 -0.113363 -0.012962 0.993469 209.589 
0.993557 0.00937616 0.112941 6.43143 -0.0107902 0.999871 0.011916 -2.60284 -0.112815 -0.0130578 0.99353 211.003 
0.993632 0.0110791 0.112127 6.57135 -0.0122823 0.999874 0.0100465 -2.59867 -0.112002 -0.0113597 0.993643 212.426 
0.993782 0.010898 0.110805 6.7251 -0.0120296 0.999882 0.00954936 -2.61443 -0.110688 -0.0108229 0.993796 213.824 
0.993823 0.0118722 0.110343 6.87703 -0.0129469 0.999875 0.00902895 -2.60943 -0.110222 -0.0104017 0.993853 215.36 
0.993938 0.0114731 0.10934 7.05042 -0.0124429 0.999889 0.00819229 -2.60334 -0.109234 -0.0095031 0.993971 216.854 
0.993814 0.0106821 0.110541 7.1422 -0.0117236 0.999893 0.00877632 -2.61991 -0.110436 -0.0100179 0.993833 218.307 
0.993722 0.0123928 0.111187 7.21618 -0.0135261 0.999864 0.00944447 -2.67056 -0.111055 -0.0108891 0.993755 219.758 
0.993862 0.0116039 0.11002 7.37173 -0.0126749 0.999879 0.00904012 -2.67966 -0.109902 -0.0103791 0.993888 221.279 
0.993549 0.013926 0.112542 7.42326 -0.0148946 0.999859 0.00777098 -2.66506 -0.112418 -0.00939708 0.993617 222.716 
0.993661 0.0131111 0.111655 7.58111 -0.0140954 0.999868 0.00803031 -2.68326 -0.111536 -0.00955319 0.993715 224.155 
0.993586 0.0107418 0.112564 7.71228 -0.0119154 0.999881 0.0097588 -2.72599 -0.112446 -0.0110374 0.993597 225.657 
0.993613 0.0111393 0.11229 7.82471 -0.0123473 0.999873 0.0100683 -2.73381 -0.112163 -0.0113904 0.993625 227.095 
0.99354 0.0100646 0.113038 7.95673 -0.0114412 0.999868 0.0115361 -2.75298 -0.112907 -0.0127549 0.993524 228.603 
0.993553 0.0105213 0.112882 8.0879 -0.0119145 0.999861 0.0116747 -2.7665 -0.112744 -0.0129444 0.99354 230.063 
0.99356 0.0114443 0.11273 8.22098 -0.0127153 0.999863 0.0105628 -2.76428 -0.112594 -0.0119281 0.99357 231.579 
0.993639 0.00931656 0.11223 8.36497 -0.0105473 0.999891 0.0103775 -2.77969 -0.112121 -0.0114952 0.993628 233.087 
0.993558 0.0134713 0.112518 8.51459 -0.0147205 0.999839 0.0102789 -2.78762 -0.112362 -0.011869 0.993597 234.436 
0.993577 0.0151035 0.112148 8.68996 -0.0163294 0.999816 0.0100213 -2.74345 -0.111976 -0.0117882 0.993641 236.015 
0.993485 0.0166483 0.112737 8.84965 -0.0177795 0.999801 0.00903643 -2.72253 -0.112564 -0.0109819 0.993584 237.549 
0.993316 0.0166485 0.114221 8.97439 -0.0177077 0.999809 0.00826571 -2.74885 -0.114062 -0.010233 0.993421 238.972 
0.993152 0.0176757 0.115488 9.08935 -0.0186056 0.999803 0.00697944 -2.76014 -0.115342 -0.00908033 0.993284 240.507 
0.993212 0.0202669 0.114542 9.23984 -0.0211051 0.999759 0.00611001 -2.76199 -0.114391 -0.00848591 0.9934 242.038 
0.993219 0.0195593 0.114602 9.38569 -0.0204831 0.999767 0.0068893 -2.76084 -0.11444 -0.00918995 0.993388 243.517 
0.993323 0.0178253 0.113984 9.53266 -0.0188796 0.999788 0.00817751 -2.7901 -0.113815 -0.0102748 0.993449 245.017 
0.993295 0.0198588 0.113886 9.70071 -0.020718 0.999765 0.00636567 -2.76415 -0.113733 -0.00868244 0.993473 246.576 
0.993313 0.0179315 0.114055 9.8781 -0.0188915 0.999795 0.00734258 -2.78193 -0.1139 -0.0094481 0.993447 248.196 
0.99312 0.0202949 0.115329 9.96873 -0.0213649 0.999739 0.00804966 -2.81422 -0.115135 -0.0104582 0.993295 249.57 
0.993349 0.0205734 0.113292 10.1343 -0.0216151 0.999735 0.00797438 -2.82308 -0.113098 -0.0103701 0.99353 251.079 
0.993271 0.0191849 0.11421 10.2652 -0.02029 0.999758 0.00852204 -2.84959 -0.114019 -0.010782 0.99342 252.578 
0.993007 0.0184947 0.116601 10.3539 -0.0198782 0.999745 0.0107133 -2.90103 -0.116374 -0.0129562 0.993121 253.991 
0.993021 0.0174614 0.116636 10.5065 -0.0189801 0.999749 0.011923 -2.93366 -0.116399 -0.0140535 0.993103 255.434 
0.993184 0.0160092 0.11545 10.6795 -0.0175024 0.999776 0.011932 -2.94175 -0.115233 -0.0138713 0.993242 256.992 
0.993071 0.014193 0.116658 10.8029 -0.0156016 0.999816 0.0111708 -2.95417 -0.116478 -0.0129134 0.993109 258.531 
0.992958 0.0147922 0.117542 10.9565 -0.0161636 0.999812 0.0107229 -2.9288 -0.117361 -0.0125472 0.99301 260.046 
0.992738 0.011133 0.119777 11.0514 -0.0127302 0.99984 0.0125782 -2.93975 -0.119618 -0.0140116 0.992721 261.551 
0.992683 0.0105345 0.120289 11.1892 -0.0120926 0.999852 0.0122309 -2.9672 -0.120142 -0.013596 0.992664 263.083 
0.992627 0.00885434 0.120889 11.3506 -0.0104608 0.999865 0.0126609 -2.99458 -0.120761 -0.0138321 0.992585 264.607 
0.992479 0.0105612 0.121957 11.5051 -0.0120392 0.999863 0.0113889 -2.98425 -0.121821 -0.0127715 0.99247 266.157 
0.992381 0.0127862 0.122539 11.6491 -0.0142231 0.99984 0.0108584 -3.00105 -0.12238 -0.0125185 0.992404 267.637 
0.992289 0.0122132 0.123342 11.8078 -0.0135995 0.999853 0.0104048 -3.00232 -0.123197 -0.012002 0.99231 269.124 
0.991863 0.0132091 0.126619 11.8781 -0.0145524 0.999847 0.0096905 -3.00894 -0.126472 -0.0114542 0.991904 270.637 
0.991723 0.0145193 0.127574 12.0477 -0.015836 0.999831 0.00931318 -3.04257 -0.127417 -0.0112563 0.991785 272.192 
0.991743 0.0135771 0.127523 12.2472 -0.0146201 0.999867 0.00724662 -3.00464 -0.127408 -0.00905115 0.991809 273.732 
0.991493 0.0151733 0.129269 12.3859 -0.0163281 0.999836 0.00787867 -3.07434 -0.129129 -0.00992234 0.991578 275.299 
0.991373 0.0158046 0.130117 12.5567 -0.0168321 0.999835 0.00680114 -3.08437 -0.129988 -0.00893257 0.991475 276.798 
0.991036 0.0158279 0.132652 12.678 -0.0168678 0.999835 0.00671948 -3.08494 -0.132524 -0.00889676 0.99114 278.221 
0.990827 0.0145715 0.134347 12.8153 -0.0156276 0.999855 0.00681005 -3.10544 -0.134229 -0.00884707 0.990911 279.726 
0.990688 0.0168836 0.135098 13.0003 -0.0176731 0.999833 0.00464716 -3.13105 -0.134997 -0.00699145 0.990821 281.151 
0.990789 0.0153825 0.134542 13.1992 -0.0158336 0.999872 0.00228397 -3.17219 -0.13449 -0.00439317 0.990905 282.727 
0.990734 0.0160286 0.134866 13.36 -0.0164803 0.999862 0.00223371 -3.17415 -0.134812 -0.0044356 0.990861 284.265 
0.991049 0.0164076 0.132486 13.5612 -0.0168916 0.999854 0.00252974 -3.2053 -0.132425 -0.00474495 0.991182 285.778 
0.991111 0.016296 0.132033 13.7325 -0.016835 0.999854 0.00296791 -3.24833 -0.131965 -0.00516427 0.991241 287.258 
0.990984 0.0145892 0.133185 13.8783 -0.0150892 0.999882 0.00274599 -3.25981 -0.133129 -0.00473084 0.991087 288.86 
0.991329 0.0109025 0.130952 14.0994 -0.0113826 0.999931 0.00291815 -3.2786 -0.130912 -0.00438338 0.991384 290.402 
0.991182 0.00997438 0.132129 14.2345 -0.0105609 0.999937 0.00373896 -3.30039 -0.132083 -0.00510135 0.991226 292.08 
0.991349 0.011482 0.130746 14.398 -0.0122178 0.999914 0.00482754 -3.33072 -0.130679 -0.00638317 0.991404 293.757 
0.991123 0.0169544 0.131863 14.4985 -0.0177446 0.999831 0.00482042 -3.34646 -0.131759 -0.00711745 0.991256 295.423 
0.990954 0.0183819 0.132938 14.6793 -0.0191082 0.999809 0.00418983 -3.36002 -0.132836 -0.0066921 0.991115 296.865 
0.990307 0.0178454 0.137748 14.6673 -0.0184154 0.999826 0.00286502 -3.32545 -0.137673 -0.00537389 0.990463 298.635 
0.990483 0.0157913 0.13673 14.8989 -0.0163486 0.999862 0.00295429 -3.35127 -0.136665 -0.00516148 0.990604 300.195 
0.990398 0.0133697 0.137599 15.0238 -0.0137774 0.999903 0.00201172 -3.38254 -0.137558 -0.00388812 0.990486 301.572 
0.990527 0.0101818 0.136942 15.2409 -0.0103015 0.999947 0.000166075 -3.42168 -0.136933 -0.00157517 0.990579 303.188 
0.990582 0.00802229 0.136688 15.4541 -0.00810231 0.999967 2.94041e-05 -3.47926 -0.136683 -0.00113657 0.990614 304.799 
0.990928 0.0101094 0.13401 15.6415 -0.0100404 0.999949 -0.00118983 -3.50323 -0.134015 -0.000166445 0.990979 306.344 
0.991138 0.0116878 0.132325 15.8086 -0.0116061 0.999932 -0.00138839 -3.51346 -0.132332 -0.000159646 0.991206 307.983 
0.991147 0.0133691 0.132093 15.9908 -0.0136872 0.999905 0.00150103 -3.53454 -0.13206 -0.00329569 0.991236 309.537 
0.991169 0.0104669 0.13219 16.1985 -0.0110089 0.999934 0.00337047 -3.52299 -0.132146 -0.00479594 0.991219 311.16 
0.991116 0.00978348 0.132639 16.3233 -0.0104294 0.999937 0.0041759 -3.51813 -0.13259 -0.0055221 0.991156 312.692 
0.990897 0.00858829 0.134345 16.4474 -0.00904273 0.999955 0.00277313 -3.53112 -0.134316 -0.0039627 0.990931 314.303 
0.990968 0.00747984 0.133888 16.638 -0.00787239 0.999966 0.00240311 -3.54344 -0.133865 -0.00343538 0.990994 315.884 
0.990775 0.00612506 0.135376 16.7711 -0.00661238 0.999973 0.00315075 -3.56335 -0.135353 -0.0040168 0.990789 317.458 
0.990603 0.00634654 0.136623 16.9627 -0.00677493 0.999974 0.00267117 -3.5591 -0.136602 -0.00357164 0.99062 319.062 
0.990417 0.00894738 0.137816 17.1329 -0.00926046 0.999956 0.00163105 -3.59289 -0.137795 -0.00289162 0.990457 320.714 
0.990151 0.0105281 0.139604 17.2745 -0.0107248 0.999942 0.000657107 -3.59842 -0.139589 -0.00214782 0.990207 322.374 
0.989737 0.0129496 0.142316 17.4033 -0.0131925 0.999913 0.000763602 -3.61185 -0.142293 -0.00263323 0.989821 323.97 
0.989028 0.0139117 0.147075 17.4171 -0.0140434 0.999901 -0.000142675 -3.60751 -0.147062 -0.00192427 0.989125 325.403 
0.988926 0.0122051 0.147904 17.5728 -0.0121728 0.999925 -0.00112317 -3.62726 -0.147907 -0.000689635 0.989001 326.879 
0.988203 0.015549 0.152358 17.58 -0.0154985 0.999879 -0.00151899 -3.67141 -0.152363 -0.000860216 0.988324 328.314 
0.987408 0.0167498 0.157307 17.4996 -0.0165105 0.99986 -0.00282755 -3.72522 -0.157333 0.000194756 0.987546 329.875 
0.987118 0.0216063 0.158529 17.7177 -0.0208176 0.999761 -0.0066334 -3.7658 -0.158635 0.00324778 0.987332 331.587 
0.987091 0.0229766 0.158505 17.9147 -0.0223698 0.999734 -0.00561144 -3.81969 -0.158591 0.00199333 0.987342 333.065 
0.987388 0.0226526 0.15669 18.1626 -0.0226374 0.999742 -0.00188185 -3.84495 -0.156692 -0.00168889 0.987646 334.694 
0.987037 0.0209006 0.159129 18.2714 -0.021266 0.999774 0.000593601 -3.83678 -0.159081 -0.0039699 0.987258 336.29 
0.986901 0.0224827 0.159754 18.4773 -0.0226861 0.999743 -0.00055066 -3.87029 -0.159725 -0.0030807 0.987157 337.903 
0.987039 0.0219604 0.158973 18.6821 -0.0218497 0.999758 -0.00244459 -3.87291 -0.158988 -0.00106056 0.98728 339.47 
0.987375 0.0196994 0.15717 18.9104 -0.0199306 0.999801 -0.000104471 -3.9375 -0.157141 -0.00302931 0.987572 340.919 
0.987658 0.0173623 0.15566 19.1548 -0.0177443 0.999842 0.00106516 -3.98418 -0.155617 -0.00381406 0.98781 342.482 
0.987801 0.0165094 0.154845 19.3712 -0.0168481 0.999858 0.000875366 -4.02522 -0.154809 -0.00347349 0.987938 344.065 
0.987966 0.0160308 0.153839 19.6007 -0.0164981 0.999862 0.00176201 -4.0892 -0.15379 -0.00427883 0.988094 345.671 
0.987931 0.0140298 0.154257 19.8095 -0.0146054 0.99989 0.00259937 -4.12948 -0.154204 -0.00482095 0.988027 347.231 
0.987857 0.0150649 0.154637 20.0323 -0.0156528 0.999874 0.0025852 -4.16806 -0.154579 -0.00497428 0.987968 348.797 
0.987783 0.0136627 0.155235 20.2347 -0.0139242 0.999903 0.000597633 -4.17184 -0.155212 -0.00275182 0.987877 350.394 
0.987479 0.0153621 0.156998 20.3921 -0.0153853 0.999881 -0.00106715 -4.17375 -0.156996 -0.00136164 0.987598 351.9 
0.987111 0.0147777 0.159356 20.5677 -0.0150023 0.999887 0.00020655 -4.22287 -0.159335 -0.00259456 0.987221 353.388 
0.987156 0.0144247 0.159104 20.7949 -0.0145161 0.999895 -0.00058723 -4.24606 -0.159096 -0.00172985 0.987262 354.964 
0.98714 0.00866625 0.159621 21.0027 -0.00841723 0.999962 -0.00223588 -4.24175 -0.159634 0.000863599 0.987176 356.537 
0.987221 0.00892234 0.159109 21.2677 -0.00906834 0.999959 0.000191844 -4.31823 -0.159101 -0.00163221 0.987261 358.136 
0.98695 0.0103268 0.160698 21.4358 -0.0105256 0.999945 0.000385925 -4.31936 -0.160685 -0.00207229 0.987004 359.668 
0.986847 0.0107345 0.161299 21.6756 -0.0107599 0.999942 -0.000715364 -4.35572 -0.161297 -0.00102957 0.986905 361.28 
0.987009 0.0104248 0.160325 21.9099 -0.0106012 0.999944 0.000245427 -4.40879 -0.160313 -0.00194184 0.987064 362.829 
0.986932 0.0111043 0.160753 22.1213 -0.0115166 0.999932 0.0016336 -4.4404 -0.160724 -0.00346355 0.986993 364.409 
0.986783 0.0127565 0.161547 22.3448 -0.0132642 0.99991 0.00206482 -4.46818 -0.161506 -0.00418028 0.986863 365.98 
0.986481 0.0146407 0.163222 22.5572 -0.0150699 0.999886 0.00139196 -4.48642 -0.163183 -0.00383283 0.986588 367.602 
0.98645 0.0148058 0.163394 22.7819 -0.0150676 0.999886 0.000363451 -4.49905 -0.16337 -0.00282044 0.986561 369.231 
0.986171 0.0157913 0.164977 22.9828 -0.0160726 0.999871 0.000370327 -4.52735 -0.16495 -0.00301677 0.986297 370.817 
0.986198 0.0156716 0.164824 23.2334 -0.0158967 0.999874 4.65073e-05 -4.54223 -0.164803 -0.00266599 0.986323 372.405 
0.985972 0.0173519 0.166006 23.4346 -0.0175154 0.999847 -0.000479027 -4.55994 -0.165989 -0.00243531 0.986125 373.97 
0.985809 0.0189473 0.166798 23.6555 -0.0191464 0.999817 -0.000414081 -4.58284 -0.166776 -0.00278534 0.985991 375.547 
0.985523 0.021866 0.168124 23.8704 -0.0219412 0.999758 -0.00141036 -4.60786 -0.168114 -0.00229886 0.985765 377.172 
0.985593 0.0233492 0.167517 24.1326 -0.0234666 0.999724 -0.0012788 -4.6634 -0.167501 -0.00267063 0.985868 378.781 
0.985996 0.0190833 0.165673 24.3805 -0.019266 0.999814 -0.00050382 -4.69046 -0.165652 -0.00269506 0.986181 380.314 
0.985947 0.0174767 0.166145 24.6177 -0.0178592 0.99984 0.000808848 -4.71907 -0.166104 -0.00376465 0.986101 381.895 
0.985193 0.0179922 0.170504 24.7343 -0.0186643 0.999823 0.00233999 -4.78554 -0.170431 -0.00548764 0.985354 383.483 
0.985178 0.0214497 0.170189 24.9923 -0.0218757 0.999761 0.00062854 -4.80067 -0.170134 -0.00434218 0.985411 385.054 
0.985363 0.0162249 0.169696 25.2729 -0.01677 0.999858 0.0017794 -4.83821 -0.169643 -0.00459912 0.985495 386.725 
0.985524 0.00696264 0.169394 25.5448 -0.00778162 0.999961 0.00417164 -4.84349 -0.169359 -0.00542937 0.98554 388.36 
0.985051 0.0134585 0.171734 25.7543 -0.0142182 0.999894 0.00319437 -4.87535 -0.171673 -0.00558833 0.985138 389.969 
0.985471 0.00644695 0.16972 26.0972 -0.00726459 0.999965 0.00419731 -4.9249 -0.169687 -0.00536924 0.985483 391.722 
0.985411 0.00466339 0.170129 26.3594 -0.00532225 0.99998 0.00341713 -4.93969 -0.170109 -0.00427271 0.985416 393.377 
0.985298 0.00421906 0.170793 26.6122 -0.0049129 0.999981 0.00364031 -4.92994 -0.170774 -0.00442584 0.9853 394.952 
0.985221 0.000796129 0.171284 26.8635 -0.00174884 0.999984 0.00541164 -4.94339 -0.171277 -0.00563117 0.985207 396.58 
0.985065 0.00078929 0.172179 27.1092 -0.00140865 0.999993 0.00347529 -4.93952 -0.172175 -0.00366589 0.98506 398.253 
0.985075 -0.000927903 0.172123 27.3685 0.00034047 0.999994 0.00344262 -4.9772 -0.172126 -0.0033326 0.985069 400.01 
