1 2.12261e-08 -2.11895e-08 0 2.12261e-08 1 2.10703e-08 0 -2.11895e-08 2.10703e-08 1 0 
0.999981 -1.9394e-05 -0.00622601 -0.012035 2.05969e-05 1 0.000186339 0.000611847 0.00622596 -0.000186422 0.999981 0.0931043 
0.999907 0.00128351 -0.0135644 -0.0224154 -0.00127951 0.999999 0.00030068 -0.00435371 0.0135647 -0.000283254 0.999908 0.198102 
0.999777 0.00159556 -0.0210633 -0.0377883 -0.00161083 0.999998 -0.000710242 -0.00277745 0.0210621 0.000744055 0.999778 0.300043 
0.999524 0.00182814 -0.0307857 -0.0470665 -0.00187528 0.999997 -0.0015037 -0.0120562 0.0307828 0.00156076 0.999525 0.400876 
0.999118 0.0020039 -0.0419529 -0.0671589 -0.00210264 0.999995 -0.00231062 -0.0194326 0.041948 0.00239683 0.999117 0.516262 
0.998434 0.00192209 -0.0559023 -0.0845134 -0.00209207 0.999993 -0.00298296 -0.025724 0.0558962 0.00309529 0.998432 0.644179 
0.997378 0.00164667 -0.0723456 -0.113445 -0.00191168 0.999992 -0.00359456 -0.0181547 0.072339 0.00372348 0.997373 0.789088 
0.995773 0.000841832 -0.0918433 -0.136953 -0.00119601 0.999992 -0.00380177 -0.0151685 0.0918393 0.00389559 0.995766 0.936999 
0.993695 -0.000237881 -0.112114 -0.165785 -0.000155616 0.999994 -0.00350138 -0.020338 0.112114 0.0034968 0.993689 1.11484 
0.990942 -0.00029087 -0.134292 -0.223193 -0.00016009 0.999994 -0.00334754 -0.025619 0.134292 0.00333876 0.990936 1.28033 
0.987409 0.00256399 -0.15817 -0.288558 -0.00354416 0.999976 -0.00591544 -0.0201719 0.158151 0.00640159 0.987394 1.46656 
0.982811 0.00705577 -0.184478 -0.347321 -0.00846537 0.999941 -0.00685471 -0.032762 0.184419 0.00829861 0.982813 1.64309 
0.977163 0.0103753 -0.21224 -0.412368 -0.0123114 0.999894 -0.00780277 -0.0380851 0.212136 0.0102376 0.977186 1.82971 
0.970383 0.0117025 -0.241289 -0.495025 -0.0139484 0.999874 -0.00760203 -0.0469216 0.24117 0.0107425 0.970423 2.0302 
0.962026 0.01434 -0.27258 -0.578523 -0.0168764 0.999833 -0.00696301 -0.0499084 0.272435 0.0112988 0.962108 2.22616 
0.952562 0.0158741 -0.303929 -0.691448 -0.0183226 0.999819 -0.00520604 -0.0563308 0.303792 0.0105279 0.95268 2.42986 
0.941008 0.0180396 -0.337902 -0.798182 -0.0206607 0.999778 -0.00416194 -0.0542264 0.337752 0.0108978 0.941172 2.62214 
0.928043 0.0202012 -0.371926 -0.904189 -0.0234254 0.999717 -0.00415236 -0.0579266 0.371736 0.0125661 0.928253 2.83086 
0.91346 0.0233916 -0.406256 -1.02762 -0.0268874 0.999634 -0.00289869 -0.0619841 0.406039 0.0135711 0.913755 3.02941 
0.896685 0.0226498 -0.442089 -1.15497 -0.0266733 0.99964 -0.00288627 -0.0536702 0.441865 0.0143801 0.896966 3.24695 
0.877788 0.0195843 -0.478649 -1.29631 -0.0236085 0.999718 -0.00239114 -0.0619215 0.478467 0.0133991 0.878003 3.44462 
0.855673 0.0145869 -0.517311 -1.43704 -0.0184761 0.999827 -0.00236834 -0.0666066 0.517187 0.0115845 0.855794 3.64534 
0.829555 0.0154208 -0.558212 -1.60096 -0.0185812 0.999827 7.10596e-06 -0.0587215 0.558116 0.0103664 0.829698 3.84858 
0.800028 0.0210461 -0.599593 -1.79365 -0.0237824 0.999712 0.00335803 -0.0630686 0.599491 0.0115733 0.800298 4.02603 
0.766578 0.0238536 -0.641708 -2.00528 -0.0262997 0.999638 0.00574123 -0.0722197 0.641613 0.0124757 0.766927 4.20055 
0.729306 0.0229223 -0.683803 -2.2234 -0.0257095 0.999651 0.00608971 -0.067158 0.683704 0.013139 0.729641 4.38445 
0.688409 0.0181821 -0.725095 -2.44783 -0.0181106 0.999805 0.00787623 -0.0737613 0.725097 0.00770988 0.688604 4.55788 
0.645236 0.0151588 -0.763833 -2.69549 -0.0123633 0.999879 0.0093996 -0.0783071 0.763884 0.00337857 0.645345 4.7057 
0.599444 0.0147572 -0.800281 -2.97024 -0.00923369 0.999891 0.0115216 -0.0755684 0.800364 0.000483052 0.599515 4.86218 
0.551023 0.0154599 -0.834347 -3.26093 -0.00769085 0.99988 0.0134478 -0.0676571 0.834454 -0.000993191 0.551076 4.99697 
0.499835 0.0158044 -0.865976 -3.56027 -0.00719871 0.999875 0.0140931 -0.0537363 0.866091 -0.000810256 0.499887 5.10954 
0.446962 0.0168769 -0.894394 -3.88261 -0.00399589 0.99985 0.01687 -0.0538526 0.894544 -0.00396629 0.446963 5.21122 
0.392475 0.0194483 -0.919557 -4.22338 -0.0043679 0.999805 0.0192812 -0.0460587 0.919752 -0.00355081 0.392483 5.29362 
0.336954 0.0211876 -0.941283 -4.56157 -0.00198173 0.999761 0.0217945 -0.049177 0.941519 -0.00547832 0.336915 5.36935 
0.281668 0.0242513 -0.959205 -4.95407 -0.00103149 0.999688 0.0249719 -0.0444776 0.959511 -0.00604433 0.281605 5.43638 
0.226862 0.0275058 -0.973539 -5.33522 0.00318499 0.999575 0.0289836 -0.0566803 0.973922 -0.00967594 0.226678 5.49168 
0.176889 0.0269301 -0.983862 -5.7666 0.00485008 0.99959 0.0282326 -0.0389286 0.984219 -0.00976581 0.176686 5.50988 
0.1302 0.0281328 -0.991089 -6.19005 0.00306098 0.999581 0.0287759 -0.0357788 0.991483 -0.00678027 0.130059 5.50078 
0.0871625 0.0281351 -0.995797 -6.61439 0.000991102 0.999598 0.0283293 -0.0265997 0.996194 -0.00345614 0.0870996 5.50352 
0.0491149 0.0267114 -0.998436 -7.07929 -0.000598889 0.999643 0.0267142 -0.0148524 0.998793 -0.000714069 0.0491133 5.48431 
0.0142432 0.0226763 -0.999641 -7.55305 0.000284027 0.999743 0.0226827 0.00954902 0.999899 -0.000606957 0.0142331 5.46016 
-0.0168039 0.020298 -0.999653 -8.04141 -0.00034653 0.999794 0.0203066 0.0115727 0.999859 0.000687682 -0.0167934 5.41637 
-0.0442312 0.0185721 -0.998849 -8.57127 -0.00117391 0.999826 0.0186422 0.0195321 0.999021 0.00199717 -0.0442017 5.37559 
-0.0654889 0.0160952 -0.997724 -9.09936 -0.00186323 0.999866 0.0162521 0.0336213 0.997852 0.00292336 -0.0654501 5.32866 
-0.0819617 0.0145747 -0.996529 -9.61344 -0.0014584 0.99989 0.0147438 0.0521359 0.996634 0.0026618 -0.0819315 5.2632 
-0.0951181 0.0153647 -0.995347 -10.1762 -0.00117066 0.999879 0.0155465 0.0535835 0.995465 0.002644 -0.0950886 5.19109 
-0.1052 0.0157252 -0.994327 -10.7181 -0.0026194 0.999867 0.0160899 0.0750328 0.994448 0.00429724 -0.105145 5.11482 
-0.111778 0.0166121 -0.993594 -11.2832 -0.00665359 0.999825 0.0174648 0.0754009 0.993711 0.00856318 -0.111648 5.02895 
-0.11658 0.018823 -0.993003 -11.8447 -0.0049993 0.999797 0.0195387 0.0609922 0.993169 0.00724218 -0.116462 4.96974 
-0.118313 0.0189635 -0.992795 -12.4552 -0.00460665 0.999796 0.0196462 0.0835066 0.992966 0.0068979 -0.118202 4.89429 
-0.11813 0.0215398 -0.992765 -13.0637 -0.00177691 0.999759 0.021903 0.0822731 0.992997 0.00435149 -0.118063 4.81996 
-0.117422 0.0245453 -0.992779 -13.7233 -0.0022362 0.999685 0.0249806 0.0836932 0.99308 0.00515337 -0.117331 4.74489 
-0.11647 0.0243469 -0.992896 -14.3612 -0.00442843 0.999677 0.0250327 0.0918288 0.993184 0.00731257 -0.116325 4.67802 
-0.114933 0.0221336 -0.993127 -15.0169 -0.00658282 0.999713 0.0230423 0.0923045 0.993351 0.00918594 -0.114755 4.58795 
-0.113789 0.0218389 -0.993265 -15.6975 -0.00558384 0.999729 0.0226207 0.115421 0.993489 0.00812026 -0.113636 4.50183 
-0.111951 0.0247049 -0.993407 -16.3979 -0.00590852 0.999657 0.0255262 0.129297 0.993696 0.0087273 -0.111767 4.41197 
-0.110154 0.0270144 -0.993547 -17.1192 -0.00548272 0.999599 0.0277868 0.159364 0.993899 0.00850822 -0.109962 4.31279 
-0.108377 0.0300071 -0.993657 -17.8503 -0.00651527 0.999501 0.0308943 0.151389 0.994089 0.00982222 -0.108128 4.22843 
-0.105753 0.0286854 -0.993979 -18.6295 -0.00872933 0.999519 0.0297741 0.174042 0.994354 0.0118255 -0.105452 4.09981 
-0.103505 0.0252926 -0.994307 -19.3891 -0.0114493 0.99958 0.0266186 0.206221 0.994563 0.0141394 -0.103172 4.00907 
-0.103136 0.0241665 -0.994374 -20.2258 -0.0126892 0.999592 0.0256094 0.233207 0.994586 0.0152591 -0.102787 3.96462 
-0.102226 0.0266023 -0.994406 -20.998 -0.00987946 0.999566 0.027756 0.245665 0.994712 0.0126616 -0.101918 3.88423 
-0.0999492 0.0292698 -0.994562 -21.7908 -0.00789129 0.999513 0.0302085 0.239122 0.994961 0.0108677 -0.0996695 3.77647 
-0.098862 0.0313902 -0.994606 -22.5906 -0.0091026 0.999432 0.0324473 0.250416 0.99506 0.0122613 -0.0985201 3.68612 
-0.0981013 0.0265548 -0.994822 -23.3958 -0.00705308 0.9996 0.0273778 0.268109 0.995151 0.0097024 -0.0978748 3.59054 
-0.0984129 0.0203758 -0.994937 -24.189 -0.00579832 0.999762 0.0210481 0.258482 0.995129 0.0078404 -0.0982713 3.51526 
-0.0982495 0.0163564 -0.995027 -24.998 -0.00381911 0.999851 0.0168128 0.2577 0.995155 0.00545201 -0.0981725 3.41419 
-0.0996764 0.0173084 -0.994869 -25.8151 -0.00216802 0.999843 0.0176122 0.264376 0.995018 0.00391246 -0.0996232 3.33526 
-0.100183 0.0241805 -0.994675 -26.6581 -0.00318978 0.999692 0.0246237 0.275391 0.994964 0.0056397 -0.100075 3.23578 
-0.100366 0.0316048 -0.994449 -27.4993 -0.00462318 0.99947 0.032231 0.28168 0.99494 0.00783245 -0.100167 3.1322 
-0.101429 0.0367345 -0.994164 -28.3428 -0.00655515 0.999272 0.037592 0.301696 0.994821 0.0103299 -0.101114 3.03802 
-0.101772 0.0367316 -0.994129 -29.1753 -0.00781028 0.999258 0.0377207 0.31062 0.994777 0.0116034 -0.101409 2.9267 
-0.10181 0.034014 -0.994222 -30.0094 -0.00777764 0.999358 0.0349861 0.311543 0.994773 0.0112947 -0.10148 2.81949 
-0.103149 0.0311857 -0.994177 -30.8384 -0.00771158 0.999453 0.0321513 0.328708 0.994636 0.0109831 -0.102852 2.73583 
-0.102933 0.031418 -0.994192 -31.6887 -0.00822917 0.99944 0.0324359 0.358311 0.994654 0.0115201 -0.102616 2.62685 
-0.101996 0.0338136 -0.99421 -32.5512 -0.00793927 0.999363 0.0348033 0.375232 0.994753 0.0114431 -0.101662 2.49801 
-0.102495 0.0324291 -0.994205 -33.3736 -0.00899166 0.999397 0.0335254 0.379256 0.994693 0.0123758 -0.102142 2.41166 
-0.102322 0.0272701 -0.994377 -34.1979 -0.0115321 0.999525 0.0285979 0.384984 0.994684 0.0143935 -0.101959 2.30922 
-0.102292 0.0239497 -0.994466 -35.0251 -0.0129006 0.999594 0.0254002 0.381458 0.994671 0.0154275 -0.101941 2.21252 
-0.102462 0.0240341 -0.994447 -35.8361 -0.0136897 0.999579 0.0255686 0.394567 0.994643 0.0162335 -0.10209 2.12847 
-0.10333 0.027072 -0.994279 -36.6576 -0.0117962 0.999526 0.0284408 0.396956 0.994577 0.0146675 -0.102961 2.05438 
-0.10377 0.0311335 -0.994114 -37.4849 -0.010636 0.999418 0.0324099 0.417896 0.994544 0.0139367 -0.103379 1.97375 
-0.103655 0.0366688 -0.993937 -38.3194 -0.00967698 0.999236 0.0378735 0.432988 0.994566 0.0135441 -0.103221 1.88546 
-0.103884 0.0392738 -0.993814 -39.1471 -0.0094742 0.999136 0.0404744 0.468007 0.994544 0.0136203 -0.103422 1.78698 
-0.104168 0.0396319 -0.99377 -39.9732 -0.00888919 0.999129 0.0407774 0.4745 0.99452 0.0130815 -0.103724 1.69854 
-0.103152 0.0350225 -0.994049 -40.7936 -0.00895706 0.999307 0.0361373 0.493878 0.994625 0.0126314 -0.102766 1.58985 
-0.103323 0.0317928 -0.99414 -41.6196 -0.0112018 0.999388 0.0331249 0.48749 0.994585 0.0145588 -0.102904 1.49665 
-0.103458 0.0289421 -0.994213 -42.4484 -0.0143555 0.999429 0.0305878 0.503154 0.99453 0.017437 -0.102983 1.39301 
-0.104299 0.0272446 -0.994173 -43.2824 -0.0164007 0.999442 0.0291096 0.513569 0.994411 0.0193413 -0.103794 1.2861 
-0.104651 0.024988 -0.994195 -44.0979 -0.0159476 0.999514 0.0268004 0.519645 0.994381 0.0186597 -0.104202 1.19113 
-0.106196 0.021997 -0.994102 -44.895 -0.0124092 0.999648 0.0234453 0.519361 0.994268 0.0148258 -0.105885 1.10433 
-0.106847 0.0202543 -0.994069 -45.7014 -0.00740671 0.999749 0.0211661 0.531617 0.994248 0.00962437 -0.10667 1.00915 
-0.109076 0.0236212 -0.993753 -46.5311 -0.00602586 0.999684 0.0244236 0.539609 0.994015 0.0086523 -0.1089 0.90211 
-0.111754 0.0294109 -0.993301 -47.3622 -0.00415477 0.999539 0.0300631 0.548932 0.993727 0.00748666 -0.111581 0.8091 
-0.112983 0.0329255 -0.993051 -48.1823 -0.00211208 0.999441 0.0333776 0.559298 0.993595 0.00586853 -0.11285 0.696748 
-0.113645 0.032728 -0.992982 -48.9856 -0.00197414 0.999448 0.033167 0.559197 0.99352 0.00572959 -0.113517 0.58195 
-0.115243 0.0285603 -0.992927 -49.7954 -0.00532341 0.999555 0.0293688 0.568723 0.993323 0.00867033 -0.115039 0.468718 
-0.11574 0.0246676 -0.992973 -50.5805 -0.0117554 0.999588 0.0262021 0.576669 0.99321 0.0147055 -0.115403 0.350651 
-0.11795 0.0234104 -0.992744 -51.3733 -0.0149881 0.999566 0.025352 0.581847 0.992906 0.0178697 -0.117548 0.24534 
-0.119147 0.0246481 -0.992571 -52.1696 -0.0166467 0.999502 0.0268185 0.586829 0.992737 0.0197184 -0.118677 0.130253 
-0.121169 0.0263839 -0.992281 -52.9671 -0.0160251 0.999464 0.0285318 0.590031 0.992503 0.0193586 -0.120682 0.0265009 
-0.121531 0.0255685 -0.992258 -53.7574 -0.0170084 0.999468 0.0278374 0.602078 0.992442 0.0202599 -0.121031 -0.0925071 
-0.122358 0.0256007 -0.992156 -54.5507 -0.0161482 0.999484 0.0277813 0.611245 0.992355 0.0194209 -0.121881 -0.219021 
-0.123053 0.0260637 -0.992058 -55.3067 -0.0149338 0.999493 0.0281114 0.638985 0.992288 0.0182745 -0.122601 -0.329055 
-0.122549 0.0286944 -0.992048 -56.0907 -0.0172075 0.99937 0.0310319 0.6653 0.992313 0.0208737 -0.121978 -0.44173 
-0.123225 0.0329288 -0.991832 -56.843 -0.0182478 0.999205 0.0354407 0.670857 0.992211 0.022466 -0.122527 -0.53456 
-0.124223 0.0355191 -0.991618 -57.6135 -0.0191708 0.999087 0.0381881 0.673632 0.992069 0.023754 -0.123428 -0.639481 
-0.126296 0.0356657 -0.991351 -58.3762 -0.0195454 0.99907 0.0384335 0.680636 0.9918 0.0242304 -0.125482 -0.71184 
-0.127968 0.0328406 -0.991235 -59.1108 -0.0172093 0.999228 0.0353272 0.709339 0.991629 0.0215792 -0.127304 -0.802532 
-0.128119 0.0296134 -0.991317 -59.8456 -0.0171098 0.999339 0.0320644 0.717109 0.991611 0.0210693 -0.127528 -0.912431 
-0.129214 0.026092 -0.991273 -60.5281 -0.0169048 0.999451 0.0285108 0.745877 0.991473 0.0204413 -0.128702 -1.00136 
-0.129898 0.0238354 -0.991241 -61.2273 -0.0166483 0.999518 0.0262162 0.753482 0.991388 0.019908 -0.129439 -1.0679 
-0.127693 0.0227806 -0.991552 -61.9223 -0.0192298 0.999491 0.0254394 0.754485 0.991627 0.0223158 -0.12719 -1.16719 
-0.124377 0.0238262 -0.991949 -62.5892 -0.0186467 0.999479 0.0263451 0.756129 0.99206 0.0217734 -0.123868 -1.25243 
-0.119431 0.0250819 -0.992526 -63.2592 -0.0177043 0.999468 0.0273877 0.766817 0.992685 0.0208429 -0.118924 -1.3397 
-0.112634 0.0262766 -0.993289 -63.8902 -0.0166736 0.99946 0.0283305 0.777071 0.993497 0.0197527 -0.112135 -1.41816 
-0.104304 0.027609 -0.994162 -64.5186 -0.0169992 0.999419 0.0295385 0.781986 0.9944 0.019981 -0.103775 -1.49077 
-0.0927853 0.0284802 -0.995279 -65.1339 -0.0198236 0.99934 0.0304445 0.791491 0.995489 0.0225548 -0.0921595 -1.55735 
-0.0785631 0.0297436 -0.996465 -65.7245 -0.0228879 0.999238 0.0316308 0.802573 0.996646 0.0252921 -0.0778225 -1.60871 
-0.0611111 0.0314325 -0.997636 -66.2847 -0.0234071 0.999184 0.0329151 0.790004 0.997857 0.0253633 -0.0603255 -1.63258 
-0.0374439 0.030987 -0.998818 -66.8669 -0.0233896 0.999218 0.0318763 0.812612 0.999025 0.0245556 -0.0366898 -1.68029 
-0.0113836 0.0320969 -0.99942 -67.4133 -0.0230101 0.999212 0.0323523 0.807268 0.99967 0.0233651 -0.0106361 -1.69181 
0.0175021 0.0326201 -0.999315 -67.9146 -0.0217695 0.999243 0.0322365 0.802089 0.99961 0.0211904 0.018199 -1.65814 
0.0516579 0.0329586 -0.998121 -68.3929 -0.0202491 0.999284 0.031949 0.800311 0.99846 0.0185607 0.0522883 -1.61841 
0.0891198 0.03288 -0.995478 -68.8744 -0.0198218 0.999316 0.0312322 0.815091 0.995824 0.0169488 0.0897106 -1.54948 
0.131316 0.0324271 -0.99081 -69.3121 -0.0190639 0.999363 0.0301804 0.824108 0.991157 0.0149255 0.131851 -1.49252 
0.176341 0.0337903 -0.983749 -69.7523 -0.0179262 0.999355 0.0311129 0.822481 0.984166 0.0121485 0.176833 -1.38339 
0.225778 0.0324247 -0.973639 -70.1555 -0.0148528 0.999444 0.0298398 0.826683 0.974066 0.00772412 0.226134 -1.27764 
0.276781 0.0287325 -0.960503 -70.5359 -0.00638798 0.999586 0.0280608 0.811336 0.960912 -0.00163099 0.27685 -1.144 
0.328932 0.0230248 -0.944073 -70.927 -0.00154827 0.999715 0.0238424 0.826439 0.944352 -0.00638081 0.328874 -0.976243 
0.382513 0.0181311 -0.923772 -71.3154 0.00394677 0.999766 0.021257 0.83363 0.923942 -0.0117769 0.382352 -0.786455 
0.43458 0.0186106 -0.900441 -71.6827 0.00313851 0.999749 0.0221778 0.82971 0.900628 -0.012464 0.434412 -0.582951 
0.484802 0.0173708 -0.874451 -72.0417 0.00449045 0.99974 0.0223491 0.839921 0.874612 -0.0147615 0.484598 -0.363713 
0.529435 0.0129978 -0.848251 -72.3676 0.0125734 0.999653 0.0231654 0.838611 0.848257 -0.02293 0.529088 -0.0951813 
0.575109 0.00766053 -0.818041 -72.7174 0.0224283 0.999433 0.025127 0.839804 0.817769 -0.032798 0.574611 0.18192 
0.618911 0.00184121 -0.785459 -73.0255 0.0247511 0.999455 0.0218457 0.84435 0.785071 -0.0329614 0.618528 0.472831 
0.66172 -0.00388556 -0.749741 -73.3326 0.0227431 0.99963 0.0148923 0.847645 0.749406 -0.0269059 0.661564 0.758588 
0.703503 -0.0107189 -0.710611 -73.6224 0.0189503 0.999814 0.00367943 0.850062 0.710439 -0.0160547 0.703575 1.07241 
0.744405 -0.0115164 -0.667629 -73.8909 0.0127081 0.999915 -0.00307874 0.830962 0.667607 -0.0061924 0.744488 1.39936 
0.783046 -0.0140741 -0.621804 -74.1325 0.0122107 0.999899 -0.00725489 0.844356 0.621844 -0.0019117 0.783139 1.75801 
0.818773 -0.0146248 -0.57393 -74.385 0.0114023 0.999893 -0.00921257 0.845615 0.574004 0.000998954 0.818852 2.15248 
0.851201 -0.0130052 -0.524679 -74.627 0.00828284 0.999901 -0.011347 0.837945 0.524775 0.00531281 0.851225 2.57891 
0.878543 -0.0108386 -0.47754 -74.8427 0.00712596 0.999929 -0.00958537 0.830782 0.47761 0.00501828 0.878558 3.03429 
0.901333 -0.00371274 -0.433111 -75.0678 3.82386e-05 0.999964 -0.00849244 0.81539 0.433127 0.007638 0.901301 3.51901 
0.92022 0.000317925 -0.391401 -75.2704 -0.00457951 0.99994 -0.00995469 0.806104 0.391375 0.010953 0.920166 3.98636 
0.934741 0.00562207 -0.355285 -75.4745 -0.00927955 0.99992 -0.00859139 0.799767 0.355208 0.0113277 0.934719 4.52458 
0.945312 0.00467876 -0.326135 -75.637 -0.00722265 0.999952 -0.00658977 0.781826 0.326088 0.00858499 0.9453 5.0832 
0.95326 0.00396987 -0.302126 -75.8083 -0.00570903 0.999972 -0.00487371 0.758824 0.302098 0.0063708 0.953256 5.65541 
0.959521 0.00446211 -0.2816 -75.9666 -0.00547652 0.999981 -0.00281551 0.751803 0.281582 0.00424378 0.959528 6.2351 
0.964726 0.0073265 -0.263154 -76.1338 -0.00741198 0.999972 0.000667792 0.728128 0.263151 0.0013063 0.964754 6.83251 
0.968769 0.0119024 -0.247678 -76.3103 -0.011668 0.999929 0.00241399 0.720565 0.247689 0.00055135 0.968839 7.45455 
0.971976 0.0156284 -0.234558 -76.473 -0.0151104 0.999878 0.00400542 0.707433 0.234592 -0.000348849 0.972094 8.11332 
0.975039 0.0152838 -0.221508 -76.6202 -0.0147536 0.999883 0.00404776 0.696026 0.221544 -0.000678629 0.97515 8.75323 
0.978047 0.0150813 -0.207838 -76.7626 -0.0145349 0.999886 0.00415565 0.686242 0.207877 -0.00104348 0.978154 9.42299 
0.981016 0.0155858 -0.193298 -76.903 -0.0149961 0.999877 0.00451326 0.684239 0.193345 -0.00152881 0.98113 10.1016 
0.98381 0.016455 -0.178457 -77.0529 -0.0158039 0.999862 0.0050695 0.674092 0.178516 -0.00216707 0.983935 10.8102 
0.986035 0.0161114 -0.16576 -77.1807 -0.0160181 0.99987 0.00189958 0.672004 0.165769 0.000782165 0.986164 11.4703 
0.987933 0.0153115 -0.154123 -77.3142 -0.016013 0.999866 -0.00331128 0.658568 0.154052 0.00573935 0.988046 12.1756 
0.989426 0.0135322 -0.144409 -77.4352 -0.0150487 0.999842 -0.00941422 0.646915 0.144259 0.0114879 0.989473 12.9188 
0.990757 0.0127111 -0.135052 -77.567 -0.0140318 0.999863 -0.00883241 0.623899 0.134921 0.0106458 0.990799 13.6658 
0.991638 0.0164878 -0.127992 -77.6847 -0.0169805 0.999852 -0.00275984 0.613449 0.127927 0.00491018 0.991771 14.3895 
0.99209 0.0192007 -0.124054 -77.783 -0.0185974 0.999809 0.00601937 0.586095 0.124146 -0.00366463 0.992257 15.1674 
0.992778 0.0176722 -0.118656 -77.9046 -0.0166971 0.999818 0.0092068 0.580948 0.118797 -0.00715906 0.992893 15.9399 
0.993197 0.0175199 -0.115122 -77.9996 -0.0166578 0.999826 0.00844599 0.562732 0.11525 -0.00647081 0.993315 16.6866 
0.993531 0.0167863 -0.112312 -78.093 -0.0160465 0.999843 0.00748736 0.559123 0.11242 -0.00563667 0.993645 17.446 
0.993861 0.0159228 -0.109484 -78.1771 -0.0149928 0.999844 0.00931258 0.552274 0.109616 -0.00761389 0.993945 18.1859 
0.994123 0.0132437 -0.107439 -78.2654 -0.0120541 0.999859 0.0117133 0.548171 0.107579 -0.0103494 0.994143 18.951 
0.994519 0.0115032 -0.103922 -78.3734 -0.010137 0.999855 0.0136651 0.538759 0.104064 -0.0125367 0.994492 19.7141 
0.994855 0.0114432 -0.100665 -78.4709 -0.0105264 0.999898 0.0096339 0.53612 0.100765 -0.00852465 0.994874 20.4619 
0.995048 0.0119716 -0.0986752 -78.5663 -0.0117761 0.999927 0.00256251 0.527665 0.0986987 -0.00138777 0.995116 21.2167 
0.995086 0.0130378 -0.098151 -78.6447 -0.0135538 0.999898 -0.00459281 0.506107 0.098081 0.00590061 0.995161 21.9596 
0.995193 0.0147548 -0.0968154 -78.7323 -0.0156705 0.999839 -0.00870499 0.490477 0.0966714 0.0101803 0.995264 22.704 
0.99546 0.0155774 -0.0939023 -78.8304 -0.016345 0.999839 -0.00741147 0.479577 0.0937717 0.0089127 0.995554 23.4497 
0.995483 0.0182555 -0.0931732 -78.8828 -0.0186906 0.999818 -0.00379989 0.472612 0.0930869 0.00552424 0.995643 24.1532 
0.995574 0.0224767 -0.0912588 -78.97 -0.0224384 0.999747 0.00144532 0.454068 0.0912682 0.000608818 0.995826 24.9136 
0.995878 0.0208808 -0.0882665 -79.0752 -0.0207613 0.999782 0.00227121 0.454708 0.0882946 -0.000429275 0.996094 25.6987 
0.996065 0.0174402 -0.0868917 -79.1553 -0.0173538 0.999848 0.00174891 0.446179 0.086909 -0.000234081 0.996216 26.4562 
0.996167 0.0147934 -0.0862091 -79.2258 -0.0147335 0.999891 0.00133072 0.433973 0.0862194 -5.54073e-05 0.996276 27.1967 
0.996215 0.0128213 -0.0859676 -79.2937 -0.0128981 0.999917 -0.000337671 0.421289 0.085956 0.00144525 0.996298 27.9338 
0.996308 0.0113644 -0.0850901 -79.3654 -0.0115076 0.999933 -0.00119288 0.401642 0.0850708 0.00216771 0.996373 28.6857 
0.996393 0.00753552 -0.0845228 -79.4485 -0.00766146 0.99997 -0.00116622 0.388852 0.0845114 0.00180963 0.996421 29.4552 
0.996439 0.0100185 -0.0837229 -79.5396 -0.010056 0.999949 -2.62203e-05 0.371712 0.0837184 0.000868086 0.996489 30.2294 
0.996385 0.00782176 -0.0845867 -79.6088 -0.007975 0.999967 -0.00147445 0.354073 0.0845723 0.00214374 0.996415 30.9867 
0.996258 0.00541987 -0.0862643 -79.692 -0.00555208 0.999984 -0.00129325 0.328204 0.0862559 0.0017674 0.996271 31.7706 
0.996175 0.00495032 -0.0872435 -79.7928 -0.00499405 0.999988 -0.000283386 0.316497 0.087241 0.000718044 0.996187 32.5443 
0.995832 0.00293442 -0.0911588 -79.8707 -0.0029415 0.999996 5.6197e-05 0.282023 0.0911585 0.000212225 0.995836 33.3133 
0.995693 0.00838593 -0.0923323 -79.9856 -0.0084624 0.999964 -0.000437201 0.279059 0.0923253 0.00121672 0.995728 34.0973 
0.995357 0.00900267 -0.0958274 -80.0729 -0.00957394 0.999939 -0.00550378 0.264706 0.0957719 0.00639571 0.995383 34.8736 
0.995238 0.00933641 -0.0970309 -80.1893 -0.0102429 0.999908 -0.00884867 0.249357 0.0969393 0.00980045 0.995242 35.6437 
0.994914 0.00868223 -0.10035 -80.2673 -0.00987811 0.999886 -0.0114266 0.242499 0.10024 0.0123598 0.994887 36.4616 
0.99469 0.00815182 -0.102592 -80.3637 -0.00913005 0.999917 -0.00906965 0.2177 0.102509 0.00995821 0.994682 37.2783 
0.994605 0.0067775 -0.103514 -80.4834 -0.00775815 0.999929 -0.00907433 0.202163 0.103445 0.00982849 0.994587 38.096 
0.994274 0.00446552 -0.106765 -80.5684 -0.00524098 0.999962 -0.00698425 0.17671 0.106729 0.00750385 0.99426 38.9315 
0.994144 0.0043609 -0.107972 -80.6722 -0.00475322 0.999983 -0.00337679 0.164754 0.107956 0.00387027 0.994148 39.762 
0.994087 0.00357827 -0.10853 -80.7982 -0.0034369 0.999993 0.00148925 0.142332 0.108534 -0.00110739 0.994092 40.5673 
0.994052 0.00469274 -0.108809 -80.8846 -0.00430822 0.999984 0.00376829 0.129762 0.108824 -0.00327706 0.994056 41.4417 
0.994246 0.00824312 -0.106804 -80.9932 -0.00785142 0.999961 0.00408702 0.112124 0.106833 -0.0032249 0.994272 42.2891 
0.994531 0.00711333 -0.104201 -81.1048 -0.00679109 0.999971 0.00344657 0.0900007 0.104222 -0.00272003 0.99455 43.1566 
0.994663 0.00333155 -0.10312 -81.2045 -0.00325452 0.999994 0.000914804 0.0789256 0.103123 -0.00057427 0.994669 43.9862 
0.994911 0.000858033 -0.100756 -81.3092 -0.000967368 0.999999 -0.00103669 0.0648899 0.100755 0.00112893 0.994911 44.8623 
0.995027 0.000668877 -0.0996059 -81.4011 -0.000885085 0.999997 -0.00212687 0.0657216 0.0996042 0.00220449 0.995025 45.7538 
0.99513 -0.00155398 -0.0985642 -81.5023 0.00163942 0.999998 0.000785399 0.0429611 0.0985628 -0.000943118 0.99513 46.632 
0.995215 -0.00510153 -0.097581 -81.5956 0.00544303 0.99998 0.00323331 0.0249298 0.0975625 -0.00374893 0.995222 47.5013 
0.995371 -0.00505249 -0.0959708 -81.7147 0.00545018 0.999978 0.00388176 0.00257812 0.0959489 -0.00438681 0.995377 48.3426 
0.995541 -0.00305954 -0.0942757 -81.8361 0.0031688 0.999995 0.00100882 -0.0131969 0.0942721 -0.00130302 0.995546 49.1706 
0.995502 -0.00287027 -0.0947008 -81.9295 0.00252833 0.99999 -0.00373097 -0.0510839 0.0947105 0.0034748 0.995499 50.0325 
0.99566 -0.000133816 -0.0930623 -82.0325 -0.000741362 0.999956 -0.00937002 -0.0636661 0.0930594 0.00939839 0.995616 50.8677 
0.995743 0.00284437 -0.092132 -82.1345 -0.00427496 0.999873 -0.0153345 -0.0843202 0.0920766 0.0156631 0.995629 51.7147 
0.995793 0.00336028 -0.091566 -82.2319 -0.00483948 0.999861 -0.0159376 -0.115861 0.0914997 0.0163138 0.995672 52.5601 
0.995819 0.00058319 -0.0913502 -82.3261 -0.00146769 0.999953 -0.00961605 -0.141869 0.0913403 0.00970996 0.995772 53.4137 
0.995723 0.000287666 -0.092384 -82.4179 -0.000351178 1 -0.000671661 -0.167028 0.0923838 0.000701276 0.995723 54.2545 
0.995612 -0.00147688 -0.0935646 -82.5175 0.00200123 0.999983 0.00551013 -0.164557 0.0935548 -0.00567316 0.995598 55.1104 
0.995397 -0.00334144 -0.0957754 -82.6165 0.00370945 0.999986 0.00366417 -0.180025 0.0957618 -0.00400254 0.995396 55.956 
0.995233 -0.00829585 -0.0971731 -82.7164 0.00833389 0.999965 -1.48202e-05 -0.193237 0.0971698 -0.000795036 0.995268 56.7873 
0.995028 -0.00869061 -0.099219 -82.8306 0.00856089 0.999962 -0.00173351 -0.207571 0.0992302 0.000875531 0.995064 57.5857 
0.994655 -0.00847557 -0.102909 -82.9208 0.00815358 0.999961 -0.00354957 -0.235768 0.102935 0.00269157 0.994685 58.4037 
0.994405 -0.00643813 -0.105438 -83.0337 0.00568688 0.999956 -0.00742451 -0.250496 0.105481 0.0067834 0.994398 59.1992 
0.993987 -0.00561629 -0.109355 -83.1454 0.00453684 0.999939 -0.0101178 -0.28103 0.109405 0.00956084 0.993951 60.0096 
0.993603 -0.0032503 -0.112887 -83.2526 0.00172769 0.999906 -0.0135835 -0.303418 0.112921 0.0133016 0.993515 60.8102 
0.993198 -0.00102836 -0.116431 -83.3679 -0.000574603 0.999906 -0.0137335 -0.337297 0.116434 0.013707 0.993104 61.5929 
0.992787 0.0041219 -0.119824 -83.49 -0.00559242 0.999913 -0.0119389 -0.357181 0.119765 0.012523 0.992723 62.3974 
0.99234 0.00804338 -0.123271 -83.6149 -0.00881727 0.999945 -0.00573403 -0.383466 0.123218 0.00677707 0.992356 63.1889 
0.991841 0.00867275 -0.127187 -83.7414 -0.0088587 0.99996 -0.000896733 -0.398603 0.127174 0.00201617 0.991878 63.981 
0.991177 0.00891846 -0.132246 -83.8584 -0.00865116 0.999959 0.00259541 -0.416837 0.132263 -0.00142839 0.991214 64.7678 
0.990327 0.00978853 -0.138406 -83.9899 -0.00944749 0.999951 0.00312053 -0.425142 0.13843 -0.00178272 0.990371 65.5485 
0.989589 0.00576875 -0.14381 -84.1368 -0.00479952 0.999963 0.00708536 -0.442824 0.143846 -0.00632132 0.98958 66.3092 
0.988679 0.00436304 -0.149981 -84.2796 -0.00352436 0.999977 0.00585704 -0.436125 0.150003 -0.0052621 0.988672 67.1046 
0.98774 0.00861221 -0.155873 -84.435 -0.00789717 0.999955 0.00520572 -0.441591 0.155911 -0.0039109 0.987763 67.874 
0.986653 0.00913666 -0.162582 -84.5743 -0.00900966 0.999958 0.00151818 -0.454167 0.162589 -3.30626e-05 0.986694 68.6227 
0.985868 0.0108785 -0.167171 -84.7555 -0.0114277 0.999932 -0.00232364 -0.453872 0.167135 0.00420123 0.985925 69.3817 
0.984917 0.0127976 -0.172556 -84.904 -0.0136526 0.9999 -0.0037692 -0.468359 0.17249 0.00606822 0.984993 70.1458 
0.983956 0.0133461 -0.17791 -85.0467 -0.0133729 0.99991 0.00104786 -0.478715 0.177908 0.00134818 0.984046 70.8954 
0.982974 0.0138839 -0.18322 -85.2258 -0.0134496 0.999903 0.00361259 -0.476425 0.183252 -0.00108681 0.983065 71.6299 
0.981902 0.0151504 -0.188782 -85.3814 -0.0141868 0.999879 0.0064545 -0.512172 0.188857 -0.00365943 0.981998 72.3421 
0.980617 0.0116313 -0.195588 -85.5362 -0.0111986 0.999932 0.00331799 -0.535482 0.195613 -0.00106333 0.980681 73.0708 
0.978761 0.0102439 -0.204749 -85.6935 -0.0112282 0.99993 -0.00364653 -0.55219 0.204697 0.00586809 0.978808 73.8023 
0.976935 0.0100279 -0.213304 -85.8602 -0.0114359 0.99992 -0.00536813 -0.56719 0.213233 0.00768368 0.976971 74.4465 
0.97461 0.00906593 -0.223727 -86.0521 -0.0100349 0.999945 -0.00319467 -0.575107 0.223685 0.00535868 0.974647 75.1833 
0.972075 0.0103747 -0.234441 -86.255 -0.0100632 0.999946 0.00252497 -0.582351 0.234454 -9.51944e-05 0.972127 75.9199 
0.969054 0.0125928 -0.24653 -86.4557 -0.0101801 0.999887 0.0110588 -0.603814 0.246641 -0.00820679 0.969072 76.6329 
0.966099 0.0142826 -0.257775 -86.6706 -0.0109438 0.999837 0.0143825 -0.61583 0.257938 -0.0110738 0.966098 77.3561 
0.962198 0.0123595 -0.27207 -86.8568 -0.00949863 0.999885 0.0118294 -0.6728 0.272185 -0.00879794 0.962205 78.1239 
0.958996 0.0154171 -0.282999 -87.0971 -0.0156998 0.999876 0.00126881 -0.647116 0.282983 0.00322629 0.95912 78.8341 
0.955265 0.010048 -0.29558 -87.3308 -0.0117619 0.999923 -0.00402077 -0.657885 0.295517 0.00731752 0.955309 79.5258 
0.951451 0.0101177 -0.307635 -87.5851 -0.010722 0.999943 -0.000274388 -0.648099 0.307614 0.00355959 0.951504 80.2553 
0.947488 0.00843084 -0.319681 -87.8387 -0.00649699 0.999954 0.00711521 -0.675081 0.319726 -0.00466456 0.947499 80.9361 
0.943395 0.00823022 -0.331568 -88.108 -0.00457766 0.99992 0.0117954 -0.676075 0.331639 -0.00960989 0.943358 81.6315 
0.939015 0.00502476 -0.343838 -88.3807 -0.00192275 0.999954 0.00936199 -0.678909 0.34387 -0.00812989 0.938982 82.3256 
0.93464 0.00323749 -0.35558 -88.6553 -0.0016173 0.999987 0.00485352 -0.692236 0.355591 -0.00396117 0.934633 83.0261 
0.930841 -0.00182615 -0.36542 -88.9347 0.000690925 0.999995 -0.00323746 -0.693713 0.365424 0.00276113 0.930837 83.7144 
0.927554 -0.00454445 -0.373662 -89.2236 0.00151306 0.999964 -0.00840564 -0.709277 0.373687 0.00723136 0.927527 84.4058 
0.924876 -0.00572044 -0.380227 -89.5319 0.00196825 0.999946 -0.0102565 -0.727392 0.380265 0.00873762 0.924837 85.0999 
0.921936 6.58372e-05 -0.387342 -89.8536 -0.00436776 0.999938 -0.0102261 -0.750426 0.387317 0.0111197 0.92188 85.7669 
0.918662 -0.00114608 -0.395043 -90.1822 -0.0019155 0.999971 -0.00735559 -0.786626 0.39504 0.00751405 0.918633 86.4542 
0.91537 0.00156316 -0.402612 -90.5199 -0.0020625 0.999998 -0.000806797 -0.812356 0.40261 0.00156895 0.915371 87.1728 
0.912459 0.00297621 -0.409157 -90.8497 -0.000173352 0.999976 0.00688717 -0.821801 0.409167 -0.00621328 0.912438 87.86 
0.910059 0.0130847 -0.414272 -91.2016 -0.0083735 0.999878 0.0131863 -0.830339 0.414394 -0.00853134 0.910058 88.543 
0.907664 0.0194004 -0.41925 -91.5571 -0.0172126 0.999811 0.00900046 -0.833409 0.419345 -0.000952965 0.907826 89.208 
0.905277 0.0159248 -0.424524 -91.9009 -0.0166283 0.99986 0.00204786 -0.844805 0.424497 0.00520528 0.905414 89.8739 
0.902413 0.00812651 -0.430796 -92.202 -0.011557 0.999919 -0.00534666 -0.856846 0.430718 0.00980363 0.902433 90.5499 
0.90058 0.00843949 -0.434607 -92.5376 -0.012137 0.99991 -0.0057332 -0.87722 0.43452 0.0104381 0.900602 91.1954 
0.89733 0.0137278 -0.441147 -92.8705 -0.015361 0.999882 -0.000130883 -0.903448 0.441093 0.00689396 0.897435 91.8914 
0.894541 0.0163085 -0.446688 -93.229 -0.0164158 0.999859 0.00363013 -0.904803 0.446684 0.00408549 0.894683 92.5871 
0.891793 0.0114446 -0.452299 -93.5701 -0.012144 0.999925 0.00135693 -0.921764 0.452281 0.0042827 0.891865 93.274 
0.889307 0.0098557 -0.457204 -93.9301 -0.0132486 0.999903 -0.00421543 -0.94686 0.457119 0.00980616 0.889352 93.9404 
0.88674 0.00661483 -0.462221 -94.2973 -0.0128856 0.999863 -0.0104112 -0.967057 0.462088 0.0151881 0.886704 94.6185 
0.884503 0.00736295 -0.466477 -94.6907 -0.0143551 0.999832 -0.0114378 -0.992431 0.466314 0.0168132 0.884459 95.2955 
0.881806 0.0110222 -0.471483 -95.0497 -0.0159269 0.999853 -0.00641367 -1.02566 0.471343 0.0131649 0.881852 95.9733 
0.879555 0.0126269 -0.47563 -95.4258 -0.0169381 0.999845 -0.00477913 -1.03427 0.475496 0.0122598 0.879633 96.6394 
0.876544 0.0148675 -0.481092 -95.8006 -0.0181841 0.999832 -0.0022327 -1.07407 0.480978 0.0107053 0.876667 97.3302 
0.873884 0.0118182 -0.48599 -96.1776 -0.0155454 0.999873 -0.0036383 -1.08552 0.485885 0.0107344 0.873957 97.9915 
0.871512 0.0103949 -0.490264 -96.5612 -0.0141983 0.999891 -0.0040391 -1.10389 0.490169 0.0104811 0.871565 98.6518 
0.868021 0.00860103 -0.496453 -96.9192 -0.0116559 0.999927 -0.00305599 -1.13193 0.496391 0.0084393 0.868058 99.3023 
0.865947 0.010938 -0.500016 -97.3323 -0.0144311 0.999891 -0.00311956 -1.13958 0.499928 0.0099172 0.86601 99.9535 
0.863272 0.012358 -0.504589 -97.7334 -0.0159462 0.999869 -0.00279344 -1.15521 0.504488 0.0104578 0.863356 100.629 
0.86053 0.00824022 -0.509333 -98.1297 -0.0145085 0.99986 -0.00833628 -1.15939 0.509193 0.0145633 0.860529 101.27 
0.858288 0.00531988 -0.513141 -98.5332 -0.0133923 0.999838 -0.0120346 -1.18785 0.512994 0.0172013 0.85822 101.901 
0.85649 0.00356923 -0.516151 -98.9376 -0.0137733 0.999778 -0.0159417 -1.19161 0.515979 0.0207631 0.856349 102.516 
0.854207 0.00425841 -0.519915 -99.3277 -0.0133413 0.999817 -0.0137304 -1.18578 0.519761 0.018665 0.854108 103.141 
0.852707 0.0104248 -0.522285 -99.74 -0.0141173 0.999896 -0.00309074 -1.22471 0.522198 0.0100088 0.852765 103.744 
0.850158 0.0126179 -0.526376 -100.109 -0.0111241 0.99992 0.00600253 -1.23945 0.526409 0.000752428 0.850231 104.364 
0.848506 0.0123694 -0.529042 -100.495 -0.00853197 0.999917 0.00969481 -1.23769 0.529118 -0.00371228 0.84854 104.957 
0.847507 0.0102461 -0.530686 -100.892 -0.00598638 0.999935 0.00974563 -1.25017 0.530751 -0.00508255 0.847513 105.521 
0.845802 0.00756598 -0.533444 -101.266 -0.00557637 0.99997 0.00534117 -1.25206 0.533468 -0.00154284 0.845819 106.082 
0.843577 0.00732482 -0.536959 -101.622 -0.00718879 0.999971 0.00234708 -1.25778 0.536961 0.0018802 0.843605 106.638 
0.842697 0.00622344 -0.538353 -101.996 -0.00734645 0.999973 6.01958e-05 -1.25046 0.538338 0.00390431 0.84272 107.165 
0.840987 0.00669887 -0.541013 -102.337 -0.00830979 0.999965 -0.000535696 -1.24761 0.540991 0.00494627 0.841014 107.694 
0.839812 0.00750014 -0.542826 -102.685 -0.00817913 0.999966 0.00116231 -1.25915 0.542816 0.00346378 0.839844 108.202 
0.838364 0.0078318 -0.545054 -103.016 -0.00825455 0.999965 0.00167171 -1.25863 0.545048 0.00309772 0.838399 108.693 
0.837328 0.00751136 -0.546649 -103.346 -0.00804543 0.999967 0.00141666 -1.25342 0.546642 0.00321187 0.837361 109.152 
0.836191 0.00534108 -0.548412 -103.658 -0.00526701 0.999985 0.00170811 -1.26306 0.548413 0.00146023 0.836207 109.615 
0.835034 0.00483063 -0.550177 -103.945 -0.00622154 0.99998 -0.000662857 -1.25454 0.550163 0.00397651 0.835048 110.034 
0.833088 0.00285356 -0.553133 -104.224 -0.0056353 0.999979 -0.00332872 -1.27705 0.553112 0.00589024 0.833086 110.466 
0.831103 -0.000519058 -0.556118 -104.495 -0.00528198 0.999947 -0.00882713 -1.26125 0.556093 0.0102737 0.831056 110.86 
0.82937 -0.00400127 -0.558685 -104.767 -0.00329248 0.999922 -0.0120491 -1.2522 0.558689 0.0118327 0.829293 111.229 
0.826345 -0.0075662 -0.563114 -105 0.00133076 0.999933 -0.0114827 -1.26535 0.563163 0.00873932 0.826299 111.581 
0.822849 -0.00689457 -0.568218 -105.256 0.00155735 0.99995 -0.00987787 -1.28217 0.568258 0.00724313 0.822819 111.923 
0.819366 -0.00363193 -0.573259 -105.516 -0.00198937 0.999956 -0.00917876 -1.27292 0.573268 0.00866123 0.819323 112.246 
0.815676 0.00311387 -0.578501 -105.75 -0.00646458 0.999972 -0.00373248 -1.29009 0.578473 0.00678432 0.815673 112.542 
0.811054 0.00933052 -0.584897 -105.967 -0.00831091 0.999956 0.00442724 -1.31837 0.584912 0.00127035 0.811096 112.846 
0.806393 0.0113039 -0.591272 -106.185 -0.0077892 0.999934 0.00849356 -1.33282 0.591329 -0.00224356 0.806428 113.108 
0.799866 0.00829086 -0.600121 -106.364 -0.00332859 0.999951 0.0093781 -1.32802 0.600169 -0.00550361 0.799854 113.376 
0.792844 0.0064381 -0.60939 -106.563 3.91241e-05 0.999944 0.0106151 -1.33938 0.609424 -0.00843991 0.792799 113.609 
0.783066 0.00427596 -0.621924 -106.736 0.00363698 0.999928 0.0114542 -1.33884 0.621928 -0.0112312 0.782994 113.828 
0.772858 0.00525914 -0.634557 -106.943 0.00288617 0.999926 0.0118024 -1.33837 0.634573 -0.010953 0.772786 114.032 
0.760323 0.0060832 -0.649517 -107.135 0.00115106 0.999942 0.0107126 -1.33563 0.649544 -0.00889261 0.760272 114.213 
0.746798 0.00328823 -0.665043 -107.332 0.00147499 0.999977 0.00660055 -1.31616 0.66505 -0.00591015 0.746776 114.369 
0.731752 0.00145684 -0.681569 -107.485 -0.000401069 0.999999 0.00170684 -1.32676 0.681571 -0.000975576 0.731752 114.501 
0.716836 -0.00295457 -0.697236 -107.661 0.000300093 0.999992 -0.00392902 -1.32359 0.697242 0.00260727 0.716831 114.634 
0.701141 -0.00553384 -0.713001 -107.821 -0.00312559 0.999936 -0.0108345 -1.28303 0.713016 0.00982508 0.701079 114.761 
0.683982 -0.00166712 -0.729497 -107.979 -0.0104892 0.999872 -0.0121198 -1.2905 0.729424 0.0159416 0.683877 114.897 
0.666957 -0.00114202 -0.745096 -108.175 -0.013163 0.999825 -0.013315 -1.27584 0.74498 0.0186883 0.666825 115.016 
0.647362 -0.00104603 -0.762182 -108.332 -0.0110248 0.999882 -0.0107363 -1.29252 0.762103 0.0153532 0.647274 115.134 
0.628627 -0.00230687 -0.777704 -108.551 -0.00817783 0.999921 -0.00957628 -1.29185 0.777664 0.0123799 0.628558 115.238 
0.606567 -0.000513605 -0.795032 -108.741 -0.00918035 0.999929 -0.0076501 -1.2871 0.79498 0.011939 0.606519 115.333 
0.581537 0.00417974 -0.813509 -108.93 -0.0137538 0.999894 -0.00469457 -1.28527 0.813404 0.013919 0.581533 115.444 
0.556452 0.00893749 -0.830832 -109.124 -0.0168348 0.999858 -0.000519389 -1.29093 0.83071 0.0142759 0.556523 115.538 
0.530611 0.0114195 -0.847538 -109.321 -0.0185392 0.999826 0.00186467 -1.29272 0.847412 0.0147233 0.530731 115.629 
0.504349 0.0141326 -0.863385 -109.522 -0.0217136 0.999757 0.00368081 -1.29016 0.863227 0.0168909 0.504533 115.707 
0.478134 0.0181798 -0.878099 -109.738 -0.0264035 0.999631 0.006319 -1.28795 0.87789 0.0201636 0.478437 115.764 
0.451697 0.0211432 -0.891921 -109.949 -0.0293299 0.999531 0.00884055 -1.28434 0.891689 0.0221667 0.452105 115.809 
0.420745 0.0194957 -0.906969 -110.167 -0.0299828 0.999522 0.00757607 -1.27312 0.906683 0.0240059 0.421129 115.89 
0.388692 0.0167581 -0.921215 -110.406 -0.0293882 0.999551 0.00578324 -1.27756 0.920899 0.024825 0.38901 115.938 
0.35263 0.0122872 -0.935682 -110.646 -0.0302051 0.999542 0.0017424 -1.27394 0.935275 0.027648 0.352839 116.012 
0.313409 0.0104471 -0.949561 -110.896 -0.0302017 0.999543 0.00102879 -1.28236 0.949138 0.0283559 0.313581 116.061 
0.271916 0.0125914 -0.962239 -111.189 -0.0291438 0.999564 0.00484414 -1.31634 0.96188 0.0267262 0.272164 116.1 
0.227067 0.00969688 -0.973831 -111.489 -0.029656 0.999556 0.0030382 -1.30371 0.973428 0.0281901 0.227253 116.149 
0.182039 0.00638068 -0.983271 -111.772 -0.0292937 0.99957 0.00106314 -1.28843 0.982855 0.0286101 0.182147 116.141 
0.132505 0.00290658 -0.991178 -112.111 -0.029274 0.999571 -0.000982283 -1.26404 0.99075 0.0291459 0.132533 116.149 
0.0818143 0.00418487 -0.996639 -112.462 -0.0280135 0.999606 0.00189769 -1.28029 0.996254 0.0277642 0.0818993 116.133 
0.0289776 0.0032132 -0.999575 -112.822 -0.0301107 0.999544 0.00234019 -1.25881 0.999126 0.0300302 0.0290612 116.117 
-0.0218197 0.00653578 -0.999741 -113.177 -0.0275501 0.999595 0.00713612 -1.26163 0.999382 0.0276987 -0.0216308 116.032 
-0.0760566 0.00841407 -0.997068 -113.54 -0.0220628 0.999705 0.0101193 -1.25133 0.996859 0.0227678 -0.0758485 115.975 
-0.129602 0.0131266 -0.991479 -113.901 -0.0170496 0.999735 0.0154646 -1.28598 0.99142 0.0189086 -0.129344 115.894 
-0.182393 0.0144041 -0.98312 -114.304 -0.0146301 0.999742 0.0173619 -1.28217 0.983117 0.0175499 -0.182135 115.775 
-0.23299 0.017388 -0.972324 -114.709 -0.0126315 0.999702 0.0209044 -1.29053 0.972397 0.0171525 -0.232701 115.629 
-0.282442 0.0167816 -0.959138 -115.133 -0.0116492 0.999713 0.0209219 -1.26544 0.959214 0.0170824 -0.282165 115.468 
-0.330233 0.0185194 -0.943718 -115.548 -0.00723283 0.999729 0.0221495 -1.26213 0.943872 0.0141403 -0.330009 115.271 
-0.376507 0.0203114 -0.926191 -115.964 -0.0024762 0.999734 0.0229308 -1.25303 0.92641 0.0109271 -0.376357 115.063 
-0.420498 0.0226436 -0.907011 -116.39 0.00319699 0.999719 0.0234759 -1.24335 0.907288 0.00697188 -0.420452 114.824 
