1 2.12261e-08 -2.11895e-08 -1.40244e-14 2.12261e-08 1 2.10703e-08 -5.32907e-15 -2.11895e-08 2.10703e-08 1 0 
0.999999 0.00133829 -0.000328513 -0.0169556 -0.00133783 0.999998 0.00125672 -0.0153445 0.000330151 -0.00125623 0.999999 0.77085 
0.999985 0.00492172 0.00221546 -0.106468 -0.00492617 0.999986 0.00202944 -0.0479463 -0.00220548 -0.00204028 0.999996 1.49463 
0.999978 0.005216 0.00403891 -0.150388 -0.00522259 0.999985 0.00163227 -0.061527 -0.00403038 -0.00165328 0.999991 2.19327 
0.999964 0.00631126 0.0056748 -0.230962 -0.00631805 0.999979 0.00118706 -0.0819548 -0.00566724 -0.00122283 0.999983 2.88916 
0.999955 0.00741217 0.0058541 -0.243946 -0.00741756 0.999972 0.000907357 -0.0828463 -0.00584726 -0.000950698 0.999982 3.6044 
0.999956 0.00741297 0.00581969 -0.23452 -0.00742211 0.999971 0.00155707 -0.107102 -0.00580802 -0.00160016 0.999982 4.33655 
0.999952 0.00747358 0.00628224 -0.246314 -0.00749802 0.999964 0.00388214 -0.104826 -0.00625304 -0.00392902 0.999973 5.04048 
0.999934 0.00826798 0.00799605 -0.258957 -0.00833147 0.999934 0.00794454 -0.109978 -0.00792988 -0.00801059 0.999937 5.70397 
0.999935 0.00752413 0.00852203 -0.258123 -0.00761968 0.999908 0.01124 -0.113314 -0.00843672 -0.0113041 0.999901 6.34713 
0.999937 0.00606255 0.00950344 -0.261673 -0.00618864 0.999892 0.0132996 -0.122872 -0.00942183 -0.0133575 0.999866 7.00396 
0.999914 0.00706985 0.0110209 -0.271462 -0.00721124 0.999892 0.0128473 -0.122062 -0.0109289 -0.0129257 0.999857 7.60899 
0.999891 0.00860065 0.0120308 -0.278248 -0.0087236 0.99991 0.0102081 -0.127857 -0.011942 -0.0103119 0.999876 8.13788 
0.999898 0.00886305 0.0112457 -0.238043 -0.00895115 0.999929 0.00781131 -0.149342 -0.0111757 -0.00791113 0.999906 8.67054 
0.999878 0.00714049 0.0139305 -0.253337 -0.0072272 0.999955 0.00618662 -0.153454 -0.0138857 -0.0062865 0.999884 9.19973 
0.999878 0.00314178 0.0152759 -0.232839 -0.003208 0.999986 0.0043151 -0.172434 -0.0152621 -0.00436353 0.999874 9.67861 
0.999849 0.00110313 0.0173422 -0.238171 -0.00115599 0.999995 0.00304036 -0.18358 -0.0173388 -0.00305991 0.999845 10.1146 
0.999815 0.00497392 0.0186024 -0.222988 -0.00499816 0.999987 0.00125937 -0.19238 -0.0185959 -0.00135207 0.999826 10.5525 
0.999725 0.00930025 0.0215397 -0.226772 -0.00930963 0.999957 0.000337336 -0.200913 -0.0215357 -0.000537729 0.999768 10.9214 
0.999657 0.00965272 0.0243534 -0.205568 -0.00967515 0.999953 0.000805252 -0.193422 -0.0243446 -0.00104056 0.999703 11.3054 
0.999633 0.00559205 0.0264956 -0.19029 -0.00564479 0.999982 0.00191776 -0.210873 -0.0264845 -0.00206658 0.999647 11.5904 
0.999576 -0.000368756 0.0291312 -0.167779 0.000315498 0.999998 0.00183426 -0.220283 -0.0291318 -0.00182425 0.999574 11.8845 
0.999486 -0.0037835 0.0318379 -0.170177 0.00369205 0.999989 0.00293201 -0.223992 -0.0318487 -0.00281292 0.999489 12.1402 
0.999386 -0.00381605 0.0348332 -0.171695 0.00368321 0.999986 0.00387824 -0.226373 -0.0348475 -0.00374752 0.999386 12.3737 
0.999308 -0.00305381 0.037082 -0.174605 0.00293908 0.999991 0.00314905 -0.230712 -0.0370913 -0.00303784 0.999307 12.5858 
0.999244 -0.0022826 0.0388111 -0.167609 0.00220629 0.999996 0.00200997 -0.240651 -0.0388156 -0.00192278 0.999245 12.7785 
0.999124 5.95515e-05 0.0418392 -0.180368 -0.000103814 0.999999 0.00105678 -0.23984 -0.0418392 -0.00106015 0.999124 12.9546 
0.999059 0.00251521 0.0432974 -0.175169 -0.00254575 0.999997 0.000651302 -0.254414 -0.0432956 -0.000760872 0.999062 13.1127 
0.998988 0.00427263 0.0447701 -0.176806 -0.00426698 0.999991 -0.000220821 -0.266738 -0.0447707 2.96057e-05 0.998997 13.2559 
0.998934 0.00322628 0.0460588 -0.150629 -0.00311149 0.999992 -0.00256281 -0.26106 -0.0460667 0.00241681 0.998935 13.4181 
0.99887 0.00196205 0.0474821 -0.146137 -0.00178261 0.999991 -0.0038202 -0.269883 -0.0474892 0.00373128 0.998865 13.5534 
0.998805 0.000215038 0.0488723 -0.140659 2.38461e-05 0.999988 -0.00488639 -0.279154 -0.0488728 0.00488176 0.998793 13.685 
0.998776 0.00153046 0.0494372 -0.115404 -0.00118366 0.999975 -0.0070426 -0.267552 -0.0494467 0.00697551 0.998752 13.854 
0.998726 0.00215808 0.0504114 -0.0947412 -0.00174074 0.999964 -0.00832018 -0.274756 -0.0504275 0.00822187 0.998694 13.9788 
0.998677 0.00128543 0.0514002 -0.0861878 -0.000758028 0.999947 -0.010278 -0.279795 -0.0514107 0.0102255 0.998625 14.1056 
0.998652 0.000529713 0.0518988 -0.0788657 0.000109928 0.999924 -0.0123203 -0.289082 -0.0519014 0.0123094 0.998576 14.21 
0.998673 -0.000262403 0.0515057 -0.0695543 0.00101345 0.999894 -0.0145554 -0.29043 -0.0514965 0.0145883 0.998567 14.3418 
0.998821 0.000726868 0.0485388 -0.0554981 3.11527e-05 0.999878 -0.0156133 -0.288424 -0.0485443 0.0155965 0.998699 14.4661 
0.998948 0.00207992 0.0458216 -0.0438736 -0.00130569 0.999856 -0.0169191 -0.280129 -0.0458502 0.0168415 0.998806 14.6233 
0.999134 0.0026826 0.0415136 -0.0484425 -0.00196417 0.999848 -0.0173359 -0.295969 -0.0415538 0.0172394 0.998988 14.752 
0.999366 0.00392213 0.0353873 -0.0392599 -0.00326373 0.999821 -0.0186428 -0.287017 -0.0354541 0.0185156 0.9992 14.8985 
0.999567 0.00362115 0.0291857 -0.0590774 -0.00304782 0.999802 -0.0196632 -0.28983 -0.0292512 0.0195658 0.999381 15.0071 
0.999767 0.00431186 0.021144 -0.0445711 -0.00387731 0.999781 -0.0205479 -0.293291 -0.021228 0.0204612 0.999565 15.1578 
0.999906 0.00362198 0.013224 -0.0438656 -0.00333376 0.999758 -0.0217493 -0.292244 -0.0132997 0.0217032 0.999676 15.2988 
0.999993 0.00225875 0.0030869 -0.0588235 -0.00218701 0.999732 -0.0230365 -0.289341 -0.00313815 0.0230296 0.99973 15.4341 
0.999954 0.000538693 -0.00961599 -0.0752175 -0.000775334 0.999696 -0.0246268 -0.293716 0.00959976 0.0246332 0.999651 15.5942 
0.999687 8.18409e-05 -0.0250308 -0.13567 -0.000776401 0.999615 -0.0277415 -0.283482 0.0250188 0.0277523 0.999302 15.7993 
0.999033 -0.000379466 -0.0439711 -0.17215 -0.00087249 0.999595 -0.0284505 -0.285179 0.0439641 0.0284614 0.998628 15.9721 
0.997846 0.000456396 -0.0655942 -0.208124 -0.00232777 0.999592 -0.0284566 -0.291174 0.0655544 0.0285481 0.997441 16.1713 
0.996023 0.000934792 -0.0890942 -0.258685 -0.0033365 0.999635 -0.0268122 -0.302077 0.0890366 0.0270029 0.995662 16.3926 
0.993271 0.00149078 -0.115801 -0.311945 -0.00444847 0.99967 -0.0252873 -0.304157 0.115725 0.0256324 0.992951 16.5966 
0.989249 0.00322403 -0.146207 -0.371083 -0.00670388 0.999706 -0.0233147 -0.314473 0.146089 0.0240442 0.988979 16.8497 
0.983626 0.00275009 -0.180204 -0.428577 -0.0063517 0.999791 -0.0194126 -0.324654 0.180113 0.0202394 0.983438 17.0772 
0.975945 0.00438038 -0.217973 -0.515484 -0.00794601 0.999849 -0.0154844 -0.32187 0.217872 0.016844 0.975832 17.3605 
0.966009 0.00649084 -0.258428 -0.618318 -0.00921416 0.999914 -0.00932837 -0.338819 0.258345 0.0113925 0.965986 17.6369 
0.954113 0.0111232 -0.299239 -0.786192 -0.0127428 0.999913 -0.00346167 -0.34862 0.299174 0.00711601 0.954172 17.937 
0.939254 0.0132852 -0.342966 -0.864713 -0.0142352 0.999899 -0.000252697 -0.341779 0.342928 0.0051196 0.939348 18.1937 
0.922108 0.0162957 -0.386591 -1.04286 -0.0152247 0.999867 0.00583206 -0.351426 0.386634 0.000508005 0.922233 18.5013 
0.901649 0.0195083 -0.432029 -1.2066 -0.0152947 0.999796 0.0132256 -0.34396 0.432198 -0.00531709 0.901763 18.8322 
0.87886 0.0228354 -0.476533 -1.3932 -0.0151146 0.999685 0.0200292 -0.353729 0.47684 -0.0104002 0.878929 19.1244 
0.852811 0.027962 -0.52147 -1.58523 -0.0180753 0.999548 0.0240369 -0.357926 0.521907 -0.0110732 0.852931 19.4178 
0.824319 0.0323082 -0.565203 -1.85 -0.0197193 0.999403 0.0283684 -0.37328 0.565783 -0.0122391 0.824464 19.7142 
0.792444 0.0341702 -0.608987 -2.10713 -0.0202097 0.999352 0.0297756 -0.36034 0.60961 -0.011288 0.792621 19.9883 
0.758074 0.0376107 -0.651083 -2.38612 -0.0210226 0.999226 0.0332445 -0.374617 0.651829 -0.0115143 0.758278 20.2525 
0.720879 0.0414881 -0.691818 -2.71067 -0.0222192 0.999077 0.0367616 -0.353252 0.692705 -0.0111289 0.721135 20.5183 
0.680981 0.0431523 -0.731029 -3.06508 -0.0193335 0.998974 0.0409591 -0.35397 0.732046 -0.013759 0.681116 20.8009 
0.639392 0.0431691 -0.767668 -3.44554 -0.0157388 0.998948 0.0430661 -0.352794 0.76872 -0.0154539 0.639399 21.0721 
0.595463 0.0418394 -0.802292 -3.83373 -0.00915076 0.998931 0.0453024 -0.341791 0.80333 -0.0196343 0.59521 21.3335 
0.550178 0.0415387 -0.834013 -4.26687 -0.0042899 0.998889 0.0469206 -0.313927 0.835036 -0.0222368 0.549746 21.5777 
0.503553 0.0426162 -0.862913 -4.71215 -0.00030586 0.998791 0.0491483 -0.298583 0.863964 -0.0244848 0.502958 21.7792 
0.454052 0.0415434 -0.890006 -5.18555 0.00103964 0.998887 0.0471561 -0.260231 0.890975 -0.0223366 0.453504 21.9515 
0.401167 0.0407399 -0.915099 -5.66047 0.0060657 0.99887 0.0471285 -0.243865 0.915985 -0.0244571 0.400467 22.1238 
0.34795 0.0402529 -0.936648 -6.14324 0.0116467 0.998815 0.0472511 -0.238684 0.937441 -0.0273498 0.347069 22.2475 
0.294692 0.038649 -0.954811 -6.69659 0.0142004 0.998894 0.0448163 -0.208708 0.955487 -0.0267656 0.293817 22.3631 
0.239752 0.0445598 -0.969811 -7.27801 0.0161414 0.998625 0.0498741 -0.188553 0.9707 -0.0276115 0.238703 22.4787 
0.189299 0.0489649 -0.980698 -7.877 0.0189863 0.998387 0.0535129 -0.156313 0.981736 -0.0287497 0.188064 22.5341 
0.140983 0.0512673 -0.988684 -8.47931 0.0246607 0.998167 0.0552756 -0.137147 0.989705 -0.0321746 0.13946 22.588 
0.0964246 0.0519475 -0.993984 -9.10135 0.0267547 0.998141 0.0547602 -0.113424 0.994981 -0.031874 0.0948555 22.62 
0.0561938 0.0506786 -0.997133 -9.7435 0.0274899 0.998254 0.0522848 -0.087232 0.998041 -0.0303492 0.0547025 22.6212 
0.0204244 0.0459275 -0.998736 -10.3854 0.0255226 0.998595 0.046443 -0.0518923 0.999466 -0.0264388 0.0192235 22.6002 
-0.00807114 0.0451077 -0.99895 -11.0665 0.0221709 0.998745 0.0449193 -0.0105712 0.999722 -0.0217851 -0.00906109 22.552 
-0.0293077 0.0491809 -0.99836 -11.7829 0.0214118 0.998591 0.0485637 0.015849 0.999341 -0.0199534 -0.0303195 22.5363 
-0.0425534 0.0546742 -0.997597 -12.5171 0.0223087 0.998305 0.0537614 0.05265 0.998845 -0.0199674 -0.043701 22.4877 
-0.0500695 0.0574483 -0.997092 -13.1549 0.0241881 0.998121 0.056293 0.0708861 0.998453 -0.0212992 -0.051365 22.4157 
-0.0535749 0.0545761 -0.997071 -13.9628 0.025335 0.998258 0.0532797 0.104786 0.998242 -0.0224063 -0.0548643 22.3694 
-0.0522004 0.0509563 -0.997336 -14.7438 0.032981 0.998241 0.0492763 0.13417 0.998092 -0.0303208 -0.0537891 22.3109 
-0.0482551 0.0493744 -0.997614 -15.5438 0.0446764 0.997885 0.0472268 0.18826 0.997835 -0.0422909 -0.0503589 22.283 
-0.0430863 0.0493164 -0.997853 -16.3712 0.0461731 0.997812 0.0473206 0.212574 0.998004 -0.0440351 -0.0452691 22.2421 
-0.0386837 0.0493437 -0.998032 -17.2511 0.044934 0.997856 0.0475933 0.200835 0.998241 -0.0430045 -0.040818 22.2244 
-0.0360712 0.0434768 -0.998403 -18.0983 0.0479901 0.997976 0.0417244 0.2254 0.998196 -0.0464084 -0.0380847 22.1897 
-0.0355658 0.0332785 -0.998813 -19.0364 0.0459453 0.998443 0.0316301 0.238488 0.998311 -0.0447658 -0.0370394 22.1965 
-0.0351315 0.0245085 -0.999082 -19.9369 0.0391143 0.998967 0.0231302 0.264366 0.998617 -0.0382657 -0.0360538 22.1378 
-0.0361637 0.0215528 -0.999113 -20.9149 0.0331867 0.999242 0.0203543 0.289333 0.998795 -0.0324211 -0.0368516 22.0911 
-0.0423041 0.0270369 -0.998739 -21.8737 0.0242717 0.999367 0.0260258 0.304546 0.99881 -0.02314 -0.0429336 22.0767 
-0.0485818 0.0350238 -0.998205 -22.8768 0.0188662 0.999239 0.0341419 0.326126 0.998641 -0.0171736 -0.0492056 22.026 
-0.0537048 0.0441181 -0.997582 -23.895 0.0184944 0.998896 0.0431806 0.358232 0.998386 -0.0161306 -0.0544615 21.9652 
-0.0553602 0.0547459 -0.996964 -24.8885 0.0170324 0.998402 0.053879 0.382275 0.998321 -0.0139979 -0.0562042 21.8842 
-0.0565229 0.0623649 -0.996452 -25.8734 0.0193252 0.997929 0.0613611 0.420148 0.998214 -0.0157883 -0.057611 21.8088 
-0.0580182 0.0627819 -0.996339 -26.8604 0.0209968 0.997877 0.0616561 0.46433 0.998095 -0.0173427 -0.0592132 21.7225 
-0.0598798 0.0606221 -0.996363 -27.8939 0.0197229 0.998031 0.0595382 0.504446 0.998011 -0.016086 -0.0609575 21.6435 
-0.061702 0.0556751 -0.996541 -28.9325 0.0192552 0.998324 0.0545825 0.543004 0.997909 -0.0158207 -0.0626706 21.5378 
-0.0659542 0.050544 -0.996542 -29.9635 0.0193996 0.998592 0.0493641 0.580556 0.997634 -0.0160767 -0.0668419 21.4359 
-0.0714513 0.0455833 -0.996402 -30.9788 0.019822 0.998823 0.0442726 0.6258 0.997247 -0.0165874 -0.0722707 21.3286 
-0.0793899 0.045311 -0.995813 -31.9944 0.0204172 0.998831 0.0438206 0.620551 0.996635 -0.0168528 -0.0802222 21.2433 
-0.0877534 0.0478073 -0.994994 -33.0137 0.0224058 0.99869 0.0460088 0.643992 0.99589 -0.0182562 -0.0887096 21.1626 
-0.0948161 0.0534215 -0.99406 -34.0856 0.0219831 0.998428 0.0515594 0.660147 0.995252 -0.0169639 -0.0958414 21.0613 
-0.100234 0.0557838 -0.993399 -35.1473 0.0191303 0.998351 0.0541316 0.713863 0.99478 -0.0135782 -0.101136 20.9075 
-0.104744 0.0591179 -0.992741 -36.2259 0.0166198 0.998196 0.0576892 0.748438 0.99436 -0.0104565 -0.105538 20.774 
-0.106943 0.0596113 -0.992477 -37.322 0.0120938 0.998205 0.0586522 0.805587 0.994192 -0.00573034 -0.107472 20.6104 
-0.108409 0.0593286 -0.992334 -38.3807 0.00884944 0.998236 0.0587147 0.867436 0.994067 -0.00241635 -0.108743 20.4614 
-0.110909 0.058988 -0.992079 -39.4484 0.00912886 0.998255 0.0583347 0.901199 0.993789 -0.00258669 -0.111254 20.3383 
-0.113567 0.058703 -0.991795 -40.5449 0.00665613 0.998276 0.0583244 0.971363 0.993508 2.22375e-05 -0.113762 20.2195 
-0.112915 0.0585493 -0.991878 -41.6188 0.00447297 0.998282 0.0584181 1.00498 0.993595 0.00215968 -0.112983 20.0241 
-0.113639 0.0581035 -0.991822 -42.6301 0.00236954 0.998301 0.0582117 1.02905 0.993519 0.00426498 -0.113583 19.8777 
-0.113615 0.0546664 -0.99202 -43.7262 -0.00138842 0.998475 0.0551812 1.08423 0.993524 0.00764679 -0.113366 19.7143 
-0.114173 0.049879 -0.992208 -44.7936 -0.00555625 0.998691 0.0508443 1.12215 0.993445 0.0113181 -0.113747 19.5557 
-0.113565 0.0508042 -0.992231 -45.9196 -0.00627382 0.998635 0.0518502 1.11469 0.993511 0.0121135 -0.113091 19.4106 
-0.11224 0.0535188 -0.992239 -47.0759 -0.00762245 0.998473 0.0547173 1.18499 0.993652 0.0137048 -0.11166 19.2578 
-0.112054 0.0570797 -0.992061 -48.1375 -0.0065357 0.998285 0.058176 1.21935 0.993681 0.0130027 -0.111488 19.1616 
-0.108497 0.0573708 -0.99244 -49.2105 -0.00420928 0.998298 0.0581696 1.25123 0.994088 0.0104887 -0.108071 18.9794 
-0.106384 0.0557618 -0.99276 -50.2869 -0.00468092 0.998387 0.0565795 1.29819 0.994314 0.0106662 -0.105951 18.8477 
-0.10098 0.0556903 -0.993329 -51.446 -0.0100278 0.998324 0.0569898 1.35455 0.994838 0.0157157 -0.100252 18.6876 
-0.0932303 0.0568633 -0.994019 -52.5813 -0.013577 0.998202 0.058376 1.39109 0.995552 0.0189382 -0.0922906 18.5246 
-0.0880364 0.0564743 -0.994515 -53.716 -0.0184927 0.998127 0.0583164 1.4466 0.995946 0.0235252 -0.0868271 18.3982 
-0.0832567 0.0558262 -0.994963 -54.8283 -0.0184012 0.998173 0.0575461 1.49607 0.996358 0.0230997 -0.0820773 18.2884 
-0.0759339 0.0560067 -0.995539 -55.9819 -0.0206684 0.998118 0.0577283 1.53938 0.996899 0.0249598 -0.0746335 18.1563 
-0.0714912 0.056103 -0.995862 -57.0955 -0.0187271 0.998165 0.0575772 1.58719 0.997265 0.0227659 -0.0703094 18.0798 
-0.067776 0.057025 -0.99607 -58.2114 -0.0174992 0.998144 0.0583344 1.63889 0.997547 0.0213841 -0.0666523 18.005 
-0.05988 0.0581987 -0.996508 -59.3384 -0.0147592 0.998138 0.0591808 1.68986 0.998097 0.0182515 -0.0589096 17.8847 
-0.0532441 0.0575111 -0.996924 -60.4707 -0.0172418 0.998138 0.058502 1.74999 0.998433 0.0203037 -0.0521534 17.7858 
-0.0480992 0.0586037 -0.997122 -61.5911 -0.0143291 0.998134 0.0593544 1.77174 0.99874 0.0171428 -0.0471697 17.72 
-0.0431169 0.0539383 -0.997613 -62.7299 -0.0169216 0.998359 0.05471 1.82373 0.998927 0.0192401 -0.0421334 17.6414 
-0.0386076 0.0474888 -0.998125 -63.8748 -0.0159926 0.998713 0.0481353 1.88636 0.999127 0.017821 -0.0377984 17.5769 
-0.0339239 0.0485839 -0.998243 -65.0278 -0.0166457 0.998652 0.0491695 1.92113 0.999286 0.0182845 -0.0330695 17.5016 
-0.0342705 0.0507502 -0.998123 -66.2224 -0.0158076 0.998557 0.051315 1.95871 0.999288 0.0175366 -0.0334188 17.5037 
-0.0315621 0.0499029 -0.998255 -67.3891 -0.0180042 0.998562 0.0504875 2.00702 0.99934 0.0195663 -0.0306182 17.4276 
-0.0320874 0.0482945 -0.998318 -68.556 -0.0204161 0.998592 0.0489639 2.06093 0.999277 0.0219529 -0.0310562 17.3875 
-0.032607 0.048499 -0.998291 -69.7362 -0.0200234 0.99859 0.0491675 2.10226 0.999268 0.0215925 -0.0315899 17.3414 
-0.0326272 0.0482833 -0.998301 -70.9119 -0.0210426 0.998578 0.0489845 2.1422 0.999246 0.0226051 -0.0315648 17.2847 
-0.0339835 0.0436205 -0.99847 -72.0904 -0.0209672 0.998796 0.0443484 2.20604 0.999202 0.0224422 -0.033028 17.25 
-0.0341764 0.0409617 -0.998576 -73.2758 -0.0188213 0.998956 0.0416215 2.2607 0.999239 0.020217 -0.0333698 17.2132 
-0.034356 0.0418756 -0.998532 -74.4707 -0.0151414 0.998985 0.0424155 2.27322 0.999295 0.0165764 -0.0336871 17.1511 
-0.0336034 0.041651 -0.998567 -75.6385 -0.0120116 0.999042 0.0420751 2.31946 0.999363 0.0134083 -0.0330709 17.0965 
-0.0329485 0.0434633 -0.998512 -76.8119 -0.00956478 0.998995 0.0437999 2.35284 0.999411 0.0109937 -0.0324996 17.0256 
-0.033836 0.0473939 -0.998303 -78 -0.0118694 0.998786 0.0478191 2.37483 0.999357 0.0134673 -0.0332323 16.9769 
-0.0330157 0.0466696 -0.998365 -79.1026 -0.0150086 0.998773 0.047185 2.39879 0.999342 0.0165419 -0.0322747 16.9019 
-0.032831 0.0439573 -0.998494 -80.2745 -0.0151357 0.998896 0.0444727 2.44744 0.999346 0.016573 -0.0321294 16.8552 
-0.0312558 0.0413702 -0.998655 -81.4665 -0.0159957 0.998994 0.0418849 2.49603 0.999383 0.0172833 -0.0305626 16.7777 
-0.0309793 0.040337 -0.998706 -82.6627 -0.0131351 0.999083 0.0407597 2.53217 0.999434 0.0143808 -0.0304211 16.7332 
-0.0323776 0.0443238 -0.998492 -83.7857 -0.00918239 0.998961 0.0446423 2.53251 0.999434 0.010614 -0.0319369 16.7121 
-0.0312539 0.0484618 -0.998336 -84.9521 -0.00860468 0.998774 0.0487525 2.55181 0.999474 0.0101141 -0.0307986 16.6389 
-0.0288779 0.0491705 -0.998373 -86.1152 -0.0107573 0.998716 0.0494986 2.60488 0.999525 0.0121693 -0.0283118 16.5395 
-0.0287917 0.0486836 -0.998399 -87.3384 -0.0104519 0.998744 0.0490018 2.65905 0.999531 0.0118461 -0.0282467 16.4611 
-0.0295216 0.0476984 -0.998425 -88.5496 -0.00648539 0.998831 0.0479095 2.67993 0.999543 0.00788959 -0.0291778 16.4354 
-0.0306529 0.0483689 -0.998359 -89.6618 -0.00742862 0.99879 0.0486179 2.67649 0.999503 0.00890675 -0.0302565 16.4025 
-0.0321938 0.0497968 -0.99824 -90.7771 -0.00481134 0.998739 0.0499768 2.69847 0.99947 0.00641186 -0.0319136 16.375 
-0.0318758 0.0520563 -0.998135 -91.8923 -0.00247138 0.998636 0.0521613 2.73912 0.999489 0.0041295 -0.0317037 16.326 
-0.0313934 0.0552166 -0.997981 -93.08 -0.00370061 0.99846 0.0553595 2.78721 0.9995 0.0054311 -0.0311407 16.2491 
-0.0322271 0.0578227 -0.997807 -94.2153 -0.00379867 0.998311 0.0579746 2.80879 0.999473 0.00565873 -0.031953 16.2042 
-0.0317839 0.0591153 -0.997745 -95.407 -0.00682914 0.998213 0.0593605 2.87975 0.999471 0.00870049 -0.0313234 16.1333 
-0.0318565 0.0574172 -0.997842 -96.5337 -0.00778396 0.998304 0.0576923 2.91813 0.999462 0.00960507 -0.0313555 16.0768 
-0.0328601 0.0541357 -0.997993 -97.7037 -0.00963905 0.998468 0.0544788 2.95745 0.999414 0.0114099 -0.0322879 16.0322 
-0.0344096 0.0527515 -0.998015 -98.8414 -0.00874864 0.998552 0.0530816 2.99077 0.99937 0.0105578 -0.0338983 15.9931 
-0.0342543 0.0503789 -0.998143 -100.022 -0.00899024 0.998673 0.0507141 3.04816 0.999373 0.0107108 -0.0337559 15.9355 
-0.0348431 0.0505763 -0.998112 -101.183 -0.00818306 0.998671 0.0508903 3.08572 0.999359 0.00994083 -0.0343829 15.908 
-0.0352281 0.0529172 -0.997977 -102.346 -0.00632389 0.998565 0.0531716 3.11656 0.999359 0.00818427 -0.0348429 15.8533 
-0.0364683 0.0564081 -0.997742 -103.454 -0.00490904 0.998384 0.0566238 3.11433 0.999323 0.00696297 -0.0361325 15.8099 
-0.0374547 0.0546771 -0.997801 -104.64 -0.00746995 0.998459 0.0549935 3.17513 0.99927 0.00951333 -0.0369886 15.7355 
-0.0383016 0.0555371 -0.997722 -105.798 -0.0103684 0.998379 0.0559717 3.22117 0.999212 0.0124886 -0.0376637 15.6698 
-0.0387077 0.0549735 -0.997737 -106.987 -0.0133598 0.998368 0.0555266 3.26625 0.999161 0.0154789 -0.0379101 15.5996 
-0.0396942 0.0500941 -0.997955 -108.184 -0.0137344 0.998621 0.0506738 3.32983 0.999118 0.0157178 -0.0389514 15.5268 
-0.04406 0.0470405 -0.997921 -109.314 -0.0135834 0.99877 0.0476803 3.36782 0.998937 0.015656 -0.0433668 15.5516 
-0.0454884 0.046278 -0.997892 -110.48 -0.0100411 0.998855 0.0467803 3.40415 0.998914 0.012148 -0.0449716 15.4782 
-0.0475549 0.045798 -0.997818 -111.653 -0.00567146 0.99892 0.0461189 3.4448 0.998853 0.00785231 -0.0472438 15.4504 
-0.0479437 0.0477133 -0.99771 -112.839 -0.00550158 0.998831 0.0480313 3.47891 0.998835 0.00779182 -0.0476251 15.3829 
-0.0506519 0.0516171 -0.997382 -114.048 -0.00385438 0.998646 0.0518782 3.52108 0.998709 0.00647206 -0.0503843 15.3388 
-0.0517551 0.0519207 -0.997309 -115.291 -0.00272961 0.998637 0.0521315 3.56521 0.998656 0.00542038 -0.0515428 15.2618 
-0.0537648 0.0483026 -0.997385 -116.465 -0.00114814 0.998826 0.0484342 3.59107 0.998553 0.00374924 -0.0536462 15.196 
-0.0551015 0.0447771 -0.997476 -117.697 -0.00177601 0.998988 0.044943 3.63153 0.998479 0.00424799 -0.0549662 15.1028 
-0.0564841 0.044301 -0.99742 -118.919 -0.00136333 0.999011 0.0444488 3.64869 0.998403 0.0038705 -0.0563679 15.0092 
-0.0586691 0.0463032 -0.997203 -120.113 -0.00365719 0.998907 0.0465975 3.68368 0.998271 0.00638084 -0.0584357 14.9426 
-0.0594121 0.0510169 -0.996929 -121.372 -0.0072352 0.998645 0.0515359 3.71599 0.998207 0.0102749 -0.0589625 14.8308 
-0.0602417 0.0541416 -0.996714 -122.621 -0.0132685 0.998396 0.0550349 3.76922 0.998096 0.0165404 -0.0594267 14.7436 
-0.060075 0.0536175 -0.996753 -123.861 -0.0206735 0.998275 0.0549454 3.81633 0.99798 0.0239072 -0.058863 14.6237 
-0.0619365 0.051253 -0.996763 -125.061 -0.0217932 0.998373 0.0526899 3.86231 0.997842 0.0249861 -0.0607188 14.54 
-0.0616625 0.0499486 -0.996847 -126.357 -0.023143 0.998407 0.0514584 3.90161 0.997829 0.0262432 -0.0604083 14.4053 
-0.0625159 0.0491021 -0.996835 -127.623 -0.0231687 0.998449 0.0506345 3.96355 0.997775 0.0262609 -0.0612813 14.3039 
-0.0630664 0.0479768 -0.996856 -128.857 -0.0219569 0.998535 0.0494467 4.01228 0.997768 0.0250064 -0.0619207 14.2147 
-0.062346 0.048622 -0.99687 -130.168 -0.0226587 0.998486 0.050118 4.0566 0.997797 0.0257125 -0.0611499 14.0982 
-0.0619438 0.0547659 -0.996576 -131.464 -0.0239495 0.998124 0.0563397 4.08516 0.997792 0.0273574 -0.060516 13.9623 
-0.0635615 0.0579402 -0.996295 -132.699 -0.0208294 0.998019 0.0593694 4.14099 0.997761 0.0245258 -0.0622287 13.8826 
-0.0642507 0.0572236 -0.996292 -133.947 -0.021808 0.998036 0.0587302 4.17845 0.997696 0.0255006 -0.0628765 13.7939 
-0.0645682 0.0564465 -0.996316 -135.179 -0.0214534 0.99809 0.0579374 4.21361 0.997683 0.0251153 -0.0632339 13.6917 
-0.0647649 0.0549198 -0.996388 -136.428 -0.0193441 0.998228 0.0562786 4.27267 0.997713 0.0229191 -0.0635878 13.602 
-0.0665675 0.0539549 -0.996322 -137.657 -0.0187419 0.998293 0.0553138 4.31296 0.997606 0.0223551 -0.0654427 13.5457 
-0.0656252 0.0553298 -0.996309 -138.924 -0.019599 0.998197 0.0567256 4.38669 0.997652 0.0232493 -0.0644225 13.4438 
-0.0678445 0.057867 -0.996016 -140.184 -0.0190237 0.99806 0.0592815 4.43728 0.997515 0.0229699 -0.0666121 13.3906 
-0.0682199 0.0576508 -0.996003 -141.423 -0.0186729 0.99808 0.05905 4.49532 0.997496 0.0226267 -0.0670125 13.3129 
-0.0677136 0.0555305 -0.996158 -142.668 -0.0210852 0.998147 0.0570746 4.54126 0.997482 0.024869 -0.0664173 13.2243 
-0.0711496 0.0521434 -0.996102 -143.855 -0.0174523 0.998415 0.0535111 4.5849 0.997313 0.0211916 -0.0701268 13.1838 
-0.0721983 0.0514234 -0.996064 -145.016 -0.0144328 0.998512 0.052596 4.61497 0.997286 0.0181733 -0.0713486 13.1029 
-0.0740126 0.0506261 -0.995971 -146.243 -0.0109003 0.99861 0.0515702 4.65508 0.997198 0.0146733 -0.0733579 13.02 
-0.0744506 0.0528264 -0.995825 -147.477 -0.00879968 0.998522 0.0536274 4.67482 0.997186 0.0127556 -0.0738758 12.9171 
-0.079 0.0509611 -0.995571 -148.642 -0.00573878 0.998653 0.0515742 4.72305 0.996858 0.00978777 -0.0786011 12.8855 
-0.080591 0.0511963 -0.995432 -149.848 -0.00481545 0.998648 0.0517516 4.75406 0.996736 0.00896421 -0.0802355 12.783 
-0.0847992 0.056128 -0.994816 -151.02 -0.00265576 0.998396 0.0565564 4.76868 0.996395 0.00743797 -0.0845141 12.7374 
-0.0871674 0.0564853 -0.994591 -152.211 -0.000984929 0.998386 0.0567872 4.8352 0.996193 0.00592963 -0.0869711 12.6487 
-0.0880402 0.0560993 -0.994536 -153.436 -0.000253893 0.998412 0.0563404 4.87226 0.996117 0.00521276 -0.0878861 12.5282 
-0.090224 0.0545359 -0.994427 -154.65 0.000238304 0.998501 0.0547376 4.93654 0.995922 0.00470171 -0.0901017 12.4127 
-0.0912955 0.0589583 -0.994077 -155.886 -0.000941588 0.99824 0.0592917 4.99485 0.995823 0.00634912 -0.0910793 12.2898 
-0.092174 0.0645536 -0.993648 -157.095 -0.00469348 0.997857 0.0652624 5.05307 0.995732 0.0106792 -0.0916734 12.1638 
-0.0934635 0.0632654 -0.993611 -158.334 -0.00774094 0.997903 0.0642669 5.12421 0.995593 0.0136981 -0.0927778 12.0621 
-0.0914428 0.059079 -0.994056 -159.564 -0.0126439 0.998089 0.0604818 5.17772 0.99573 0.0180994 -0.0905211 11.9048 
-0.0896133 0.0552153 -0.994445 -160.764 -0.0163947 0.998245 0.0569037 5.19852 0.995842 0.021403 -0.0885508 11.7558 
-0.0894575 0.0527772 -0.994591 -162 -0.0182856 0.99834 0.0546208 5.25906 0.995823 0.023073 -0.0883439 11.6276 
-0.0888469 0.0499261 -0.994793 -163.22 -0.0111451 0.998631 0.0511141 5.30336 0.995983 0.0156284 -0.0881688 11.503 
-0.0889579 0.0451983 -0.995009 -164.411 -0.00841686 0.9989 0.0461276 5.34833 0.996 0.0124783 -0.0884796 11.3769 
-0.0885032 0.0429057 -0.995151 -165.591 -0.00330146 0.999054 0.0433676 5.37181 0.99607 0.00712366 -0.0882778 11.2243 
-0.0904095 0.0458026 -0.994851 -166.807 0.00105181 0.998946 0.0458956 5.40079 0.995904 0.00310304 -0.0903623 11.1262 
-0.0890104 0.0528715 -0.994626 -168.04 0.000948256 0.998594 0.0529975 5.42481 0.99603 0.00377421 -0.0889354 10.9833 
-0.0897935 0.0571361 -0.99432 -169.225 0.00122537 0.998359 0.0572575 5.44899 0.99596 0.00392298 -0.0897161 10.8901 
-0.0892635 0.0539379 -0.994547 -170.439 0.0010273 0.998537 0.0540621 5.49045 0.996008 0.00380411 -0.0891883 10.7838 
-0.0891524 0.054224 -0.994541 -171.655 -0.00147946 0.998509 0.0545729 5.533 0.996017 0.00633673 -0.0889392 10.6651 
-0.0888677 0.0556434 -0.994488 -172.856 0.000628735 0.998441 0.0558084 5.57364 0.996043 0.00433434 -0.0887642 10.5458 
-0.0877109 0.0537728 -0.994694 -174.047 -6.09375e-05 0.998542 0.0539862 5.61038 0.996146 0.00479583 -0.0875797 10.4129 
-0.0852277 0.0531831 -0.994941 -175.236 -0.00198019 0.998563 0.0535463 5.64659 0.99636 0.00653384 -0.0849999 10.2645 
-0.0829518 0.054283 -0.995074 -176.427 -0.00395562 0.99849 0.0547991 5.70105 0.996546 0.00848186 -0.0826118 10.1424 
-0.0807969 0.0565885 -0.995123 -177.583 -0.00583298 0.998343 0.0572452 5.72649 0.996714 0.0104298 -0.080333 10.0001 
-0.0814308 0.0573142 -0.99503 -178.673 -0.00610961 0.998298 0.0580024 5.7741 0.99666 0.0108025 -0.0809421 9.91278 
-0.0820578 0.0578087 -0.99495 -179.736 -0.00587024 0.998271 0.0584858 5.81493 0.99661 0.0106399 -0.0815766 9.82076 
-0.0855813 0.0576329 -0.994663 -180.75 -0.00349056 0.998302 0.0581441 5.85682 0.996325 0.00844801 -0.0852348 9.77468 
-0.0847455 0.0575581 -0.994739 -181.736 -0.00386578 0.998304 0.0580937 5.87112 0.996395 0.00876865 -0.0843792 9.68442 
-0.0829004 0.0572633 -0.994911 -182.724 -0.00409847 0.99832 0.057801 5.91294 0.996549 0.00886938 -0.0825264 9.56335 
-0.080935 0.0578955 -0.995037 -183.669 -0.00474118 0.998278 0.0584698 5.94644 0.996708 0.00944993 -0.0805211 9.46398 
-0.0829384 0.0565519 -0.994949 -184.588 -0.00281583 0.998371 0.0569811 5.98347 0.996551 0.00752756 -0.0826441 9.38958 
-0.0845924 0.0524046 -0.995037 -185.603 -0.000168175 0.998615 0.0526073 6.03694 0.996416 0.00461756 -0.0844665 9.23954 
-0.0916013 0.0498106 -0.994549 -186.478 -0.000234321 0.998747 0.0500424 6.04063 0.995796 0.00481703 -0.0914748 9.16754 
-0.0953092 0.0471288 -0.994331 -187.409 -0.00370177 0.998855 0.0476981 6.05929 0.995441 0.00822689 -0.0950256 9.04242 
-0.100136 0.0454228 -0.993936 -188.361 -0.00395652 0.998931 0.0460497 6.10998 0.994966 0.00854381 -0.0998494 8.92464 
-0.102769 0.0468108 -0.993603 -189.3 -0.00755695 0.998827 0.0478385 6.13237 0.994677 0.012425 -0.102295 8.77637 
-0.104822 0.0492157 -0.993272 -190.217 -0.00618612 0.998723 0.0501386 6.15657 0.994472 0.0114002 -0.104384 8.66056 
-0.107675 0.0499877 -0.992929 -191.14 -0.0035087 0.99871 0.0506593 6.204 0.99418 0.00893869 -0.107361 8.55465 
-0.110138 0.0506352 -0.992626 -192.031 -0.00263281 0.998683 0.0512364 6.22471 0.993913 0.00825653 -0.10986 8.46265 
-0.111547 0.0498691 -0.992507 -192.94 -0.00321989 0.998717 0.050543 6.25037 0.993754 0.00883373 -0.111244 8.35776 
-0.112688 0.0490677 -0.992418 -193.807 -0.00588805 0.998729 0.0500483 6.26167 0.993613 0.0114833 -0.112256 8.23847 
-0.114229 0.0474776 -0.992319 -194.689 -0.0083394 0.998776 0.0487465 6.30452 0.993419 0.0138437 -0.113694 8.13896 
-0.114019 0.0458293 -0.992421 -195.611 -0.0100222 0.998832 0.0472768 6.31841 0.993428 0.0153367 -0.113427 8.0216 
-0.113667 0.0428197 -0.992596 -196.515 -0.00961943 0.998977 0.0441965 6.35516 0.993472 0.0145719 -0.113139 7.912 
-0.114365 0.0398759 -0.992638 -197.4 -0.00981921 0.9991 0.0412668 6.38091 0.99339 0.0144665 -0.113871 7.79867 
-0.115323 0.0391402 -0.992557 -198.333 -0.0105884 0.999118 0.0406292 6.40739 0.993272 0.0151951 -0.114807 7.6944 
-0.112908 0.041375 -0.992744 -199.282 -0.00842106 0.999057 0.0425959 6.44436 0.99357 0.0131694 -0.112453 7.535 
-0.112168 0.0436501 -0.99273 -200.148 -0.00777575 0.998966 0.0448028 6.44798 0.993659 0.0127447 -0.111712 7.38047 
-0.111079 0.041806 -0.992932 -201.104 -0.000107767 0.999114 0.0420783 6.44563 0.993812 0.00478107 -0.110976 7.2538 
-0.111191 0.038076 -0.993069 -201.999 0.00153258 0.999271 0.0381422 6.48035 0.993798 0.00271915 -0.111168 7.13891 
-0.110316 0.0360982 -0.993241 -202.931 -0.00371072 0.999318 0.0367312 6.52378 0.99389 0.00773772 -0.110107 7.01243 
-0.107078 0.0407724 -0.993414 -203.846 -0.00265095 0.999144 0.0412933 6.54491 0.994247 0.00705511 -0.106878 6.85969 
-0.108891 0.0396836 -0.993261 -204.803 -0.000203406 0.999202 0.0399432 6.57695 0.994054 0.00455151 -0.108796 6.81311 
-0.105416 0.040738 -0.993593 -205.775 0.0018761 0.999167 0.0407675 6.59895 0.994427 0.0024335 -0.105404 6.68293 
-0.103597 0.0466235 -0.993526 -206.732 0.000763752 0.998904 0.0467963 6.63133 0.994619 0.00408916 -0.103519 6.5416 
-0.101267 0.0510484 -0.993549 -207.665 0.00413577 0.998696 0.0508913 6.66041 0.994851 0.00104455 -0.101346 6.41471 
-0.101272 0.051726 -0.993513 -208.677 0.00598573 0.998661 0.0513839 6.70535 0.994841 -0.000743128 -0.101446 6.31854 
-0.100879 0.0508766 -0.993597 -209.666 0.00260257 0.998702 0.0508737 6.76336 0.994895 0.00254622 -0.10088 6.21387 
-0.0977047 0.052927 -0.993807 -210.713 -0.000561633 0.998582 0.0532365 6.79576 0.995215 0.00575965 -0.0975364 6.0846 
-0.0932543 0.0530099 -0.99423 -211.735 0.000828462 0.998585 0.0531644 6.83754 0.995642 0.00413416 -0.0931663 5.96492 
-0.0910289 0.0512501 -0.994529 -212.756 -0.00229757 0.998661 0.0516734 6.87901 0.995846 0.00698881 -0.0907893 5.8459 
-0.089807 0.0473208 -0.994834 -213.764 -0.0026132 0.998856 0.047748 6.92658 0.995956 0.00688785 -0.0895806 5.74617 
-0.0849604 0.0472912 -0.995261 -214.789 0.000189822 0.998874 0.0474466 6.95568 0.996384 0.0038422 -0.0848737 5.57449 
-0.0837278 0.0490369 -0.995281 -215.85 -0.00261438 0.998774 0.0494289 6.99919 0.996485 0.00674066 -0.083497 5.44856 
-0.0829557 0.0512663 -0.995234 -216.924 -0.00466829 0.998645 0.0518311 7.04995 0.996542 0.00894576 -0.0826039 5.35437 
-0.0814973 0.0517127 -0.995331 -217.966 -0.0044076 0.998625 0.0522447 7.07121 0.996664 0.00864486 -0.0811573 5.25241 
-0.0824098 0.0476571 -0.995458 -219.009 -0.00378428 0.998834 0.048132 7.13288 0.996591 0.00773368 -0.0821333 5.16451 
-0.0803345 0.0455757 -0.995726 -220.094 -0.000579606 0.998952 0.0457702 7.17124 0.996768 0.00425409 -0.0802239 5.02713 
-0.0793811 0.042571 -0.995935 -221.162 0.00230654 0.999093 0.0425222 7.23352 0.996842 0.00107833 -0.0794073 4.90951 
-0.0830286 0.038227 -0.995814 -222.177 0.00490525 0.999268 0.0379506 7.31627 0.996535 -0.00173368 -0.0831553 4.86689 
-0.0829786 0.0383384 -0.995814 -223.29 0.00586599 0.999261 0.0379824 7.33613 0.996534 -0.00268967 -0.0831422 4.77242 
-0.0830859 0.0373049 -0.995844 -224.398 0.00329013 0.999304 0.03716 7.38698 0.996537 -0.000188948 -0.0831508 4.64223 
-0.0823799 0.0400542 -0.995796 -225.503 0.00146336 0.999196 0.0400699 7.41461 0.9966 0.00184378 -0.0823722 4.50915 
-0.0844883 0.0430994 -0.995492 -226.62 0.000709302 0.999066 0.0431939 7.41929 0.996424 0.00294331 -0.08444 4.41124 
-0.0873053 0.0445161 -0.995187 -227.748 0.00156185 0.999006 0.0445499 7.45738 0.99618 0.00233515 -0.0872881 4.33723 
-0.0872991 0.0437608 -0.995221 -228.966 -0.00236388 0.999023 0.0441353 7.5139 0.996179 0.0062056 -0.0871103 4.21018 
-0.0880771 0.0428576 -0.995191 -230.081 -0.00382055 0.999052 0.043362 7.53509 0.996106 0.00762141 -0.0878298 4.07967 
-0.0903948 0.037612 -0.995196 -231.259 -0.000517563 0.999285 0.0378135 7.58613 0.995906 0.00393326 -0.0903107 3.98018 
-0.0919664 0.0324406 -0.995234 -232.434 0.00283755 0.999474 0.0323167 7.60672 0.995758 0.000148061 -0.09201 3.85543 
-0.0929185 0.0285543 -0.995264 -233.562 0.00812315 0.999577 0.0279197 7.63006 0.995641 -0.00549038 -0.0931111 3.70801 
-0.0953075 0.0304072 -0.994983 -234.753 0.0129167 0.999487 0.0293076 7.638 0.995364 -0.0100586 -0.0956514 3.57431 
-0.09703 0.0340682 -0.994698 -235.96 0.017025 0.999325 0.0325659 7.67263 0.995136 -0.0137748 -0.0975445 3.42807 
-0.0999199 0.0368074 -0.994314 -237.102 0.0192376 0.9992 0.035055 7.69742 0.99481 -0.0156255 -0.100548 3.29695 
-0.101081 0.0358432 -0.994232 -238.309 0.0213224 0.999199 0.0338545 7.72508 0.99465 -0.0177773 -0.101764 3.11353 
-0.10534 0.0356362 -0.993798 -239.491 0.0277249 0.999075 0.0328866 7.74254 0.99405 -0.0240886 -0.106231 3.01212 
-0.108522 0.0380497 -0.993366 -240.696 0.0297102 0.998945 0.0350177 7.7592 0.99365 -0.0257129 -0.109538 2.87234 
-0.111652 0.0369485 -0.99306 -241.978 0.0318861 0.998927 0.0335818 7.78998 0.993236 -0.0279153 -0.112711 2.7305 
-0.11546 0.0360888 -0.992656 -243.179 0.0326737 0.998937 0.0325168 7.80487 0.992775 -0.0286793 -0.116517 2.59126 
-0.117141 0.0357623 -0.992471 -244.395 0.0333776 0.998929 0.0320554 7.81944 0.992554 -0.0293713 -0.118209 2.40792 
-0.119535 0.0365019 -0.992159 -245.585 0.0345786 0.998871 0.0325829 7.83983 0.992228 -0.0304126 -0.120662 2.24156 
-0.122469 0.0364433 -0.991803 -246.794 0.0337006 0.998902 0.0325428 7.86172 0.9919 -0.0294389 -0.123562 2.07441 
-0.125432 0.0388811 -0.99134 -247.982 0.0339243 0.998816 0.034882 7.84737 0.991522 -0.0292552 -0.126602 1.88058 
-0.12762 0.0409029 -0.990979 -249.166 0.0338458 0.998747 0.0368648 7.85438 0.991245 -0.0288357 -0.128845 1.66573 
-0.129311 0.0399464 -0.990799 -250.486 0.0257065 0.998988 0.0369215 7.96456 0.991271 -0.0206956 -0.130207 1.51181 
-0.130741 0.0397503 -0.990619 -251.737 0.0239523 0.999031 0.0369267 8.00237 0.991127 -0.0188997 -0.131566 1.32198 
-0.131786 0.0403266 -0.990458 -252.986 0.0235046 0.999018 0.0375478 8.01919 0.991 -0.018332 -0.132605 1.13487 
-0.130724 0.0399374 -0.990614 -254.197 0.0249077 0.999005 0.0369888 8.02634 0.991106 -0.0198386 -0.131589 0.940853 
-0.131874 0.0398734 -0.990464 -255.387 0.0282184 0.998937 0.0364574 8.03763 0.990865 -0.0231415 -0.132859 0.802555 
-0.131988 0.0400284 -0.990443 -256.638 0.0300048 0.998888 0.0363712 8.05345 0.990797 -0.0249174 -0.133043 0.608697 
-0.133861 0.0410367 -0.99015 -257.839 0.0309751 0.998827 0.0372087 8.06881 0.990516 -0.0256892 -0.134975 0.459677 
-0.133294 0.0414507 -0.990209 -259.097 0.0318796 0.998787 0.0375184 8.08219 0.990564 -0.0265665 -0.134453 0.255117 
-0.13377 0.0422514 -0.990111 -260.34 0.0322847 0.998746 0.038258 8.11078 0.990486 -0.0268476 -0.134966 0.0770649 
-0.134231 0.0427139 -0.990029 -261.59 0.0349658 0.998653 0.0383452 8.15189 0.990333 -0.02947 -0.135543 -0.101758 
-0.135316 0.0453566 -0.989764 -262.812 0.0404138 0.998373 0.040226 8.18159 0.989978 -0.0345569 -0.136929 -0.282994 
-0.135809 0.0483568 -0.989554 -264.041 0.0445174 0.998097 0.0426646 8.22089 0.989734 -0.0382582 -0.137703 -0.463802 
-0.136534 0.0513734 -0.989302 -265.254 0.0472485 0.997856 0.0452967 8.24197 0.989508 -0.0405584 -0.138669 -0.647983 
-0.136116 0.0496438 -0.989448 -266.481 0.0472833 0.997931 0.0435648 8.27486 0.989564 -0.0408545 -0.138181 -0.84129 
-0.136794 0.0479774 -0.989437 -267.719 0.0445186 0.998115 0.0422433 8.31304 0.989599 -0.0382697 -0.138673 -1.02254 
-0.136531 0.0495268 -0.989397 -268.963 0.038772 0.998251 0.0446197 8.35834 0.989877 -0.0322689 -0.138212 -1.24482 
-0.137379 0.0547358 -0.989005 -270.177 0.0335205 0.998157 0.0505861 8.39019 0.989951 -0.0262024 -0.138961 -1.44121 
-0.136446 0.0535651 -0.989198 -271.411 0.0292163 0.99832 0.0500291 8.42932 0.990217 -0.0220745 -0.137782 -1.67083 
-0.137152 0.0483075 -0.989371 -272.601 0.030615 0.99854 0.0445112 8.43627 0.990077 -0.0241847 -0.13843 -1.85178 
-0.136654 0.0423603 -0.989713 -273.835 0.0339767 0.998698 0.0380535 8.49362 0.990036 -0.028427 -0.137916 -2.07799 
-0.136333 0.0416967 -0.989785 -275.056 0.0397134 0.998541 0.0365954 8.52708 0.989867 -0.0343186 -0.13779 -2.27161 
-0.135827 0.0440114 -0.989755 -276.249 0.0424959 0.998352 0.0385618 8.53861 0.989821 -0.0368227 -0.137474 -2.44376 
-0.133858 0.0460965 -0.989928 -277.457 0.0435479 0.998226 0.0405943 8.55856 0.990043 -0.0376754 -0.135628 -2.63095 
-0.133069 0.049006 -0.989895 -278.637 0.0418775 0.998163 0.0437859 8.56632 0.990222 -0.0356278 -0.134876 -2.81024 
-0.132805 0.0504679 -0.989856 -279.849 0.0410376 0.998126 0.0453837 8.60039 0.990292 -0.0345941 -0.134628 -2.99367 
-0.131808 0.0526152 -0.989878 -281.073 0.0400775 0.998057 0.0477134 8.60875 0.990465 -0.0333828 -0.13366 -3.20556 
-0.130568 0.0521606 -0.990066 -282.248 0.0408301 0.998051 0.0471967 8.62193 0.990598 -0.0342621 -0.132443 -3.40592 
-0.130469 0.0503889 -0.990171 -283.416 0.0394481 0.998181 0.0455986 8.65707 0.990667 -0.0331111 -0.132219 -3.60325 
-0.130637 0.0492048 -0.990208 -284.65 0.038861 0.998254 0.0444777 8.70356 0.990668 -0.03267 -0.132322 -3.78964 
-0.130207 0.0479922 -0.990325 -285.841 0.0410992 0.998231 0.0429716 8.72853 0.990635 -0.0351063 -0.131949 -3.97665 
-0.130089 0.048607 -0.99031 -287.063 0.040957 0.998209 0.0436145 8.74641 0.990656 -0.0348864 -0.131846 -4.15494 
-0.129423 0.0478265 -0.990435 -288.296 0.0387933 0.998316 0.0431378 8.791 0.99083 -0.0328392 -0.13106 -4.36297 
-0.129106 0.0479635 -0.99047 -289.492 0.0383112 0.998325 0.0433501 8.82901 0.990891 -0.0323493 -0.130727 -4.54552 
-0.129442 0.0471308 -0.990466 -290.701 0.0393038 0.998329 0.0423684 8.85004 0.990808 -0.0334447 -0.131078 -4.70887 
-0.129498 0.044031 -0.990602 -291.918 0.0385317 0.998483 0.0393442 8.88966 0.990831 -0.0330745 -0.130998 -4.89418 
-0.130771 0.0415861 -0.99054 -293.094 0.0389482 0.998564 0.0367811 8.90161 0.990647 -0.0337698 -0.132203 -5.05629 
-0.132861 0.0397161 -0.990339 -294.3 0.0397747 0.998606 0.0347116 8.93291 0.990336 -0.0347785 -0.134256 -5.21325 
-0.132413 0.0395894 -0.990404 -295.512 0.0364696 0.99872 0.035046 8.95363 0.990523 -0.031479 -0.133688 -5.42614 
-0.132431 0.0413325 -0.99033 -296.689 0.0319223 0.99879 0.0374168 8.96902 0.990678 -0.0266584 -0.133591 -5.62157 
-0.131003 0.0418864 -0.990497 -297.937 0.0279405 0.998866 0.038545 8.99874 0.990988 -0.0226254 -0.132025 -5.85108 
-0.131062 0.0414474 -0.990507 -299.114 0.0277363 0.998888 0.038128 9.01975 0.990986 -0.0224759 -0.132065 -6.0694 
-0.13081 0.0392561 -0.99063 -300.337 0.0265321 0.998997 0.0360841 9.04436 0.991052 -0.0215633 -0.13172 -6.27868 
-0.132797 0.0374447 -0.990436 -301.579 0.0301903 0.998975 0.0337197 9.07025 0.990683 -0.0254236 -0.133792 -6.43941 
-0.134509 0.0370068 -0.990221 -302.795 0.0330003 0.998915 0.0328491 9.10095 0.990363 -0.0282591 -0.135584 -6.62056 
-0.13681 0.0409622 -0.98975 -304.022 0.0351132 0.998717 0.0364798 9.10414 0.989975 -0.0297624 -0.138073 -6.78456 
