1 2.12261e-08 -2.11895e-08 0 2.12261e-08 1 2.10703e-08 0 -2.11895e-08 2.10703e-08 1 0 
0.999926 -0.00248272 0.0119413 -0.00117691 0.00246366 0.999996 0.00161422 -0.00948047 -0.0119453 -0.00158464 0.999927 0.29938 
0.999836 -0.0045193 0.017518 0.0258018 0.00449899 0.999989 0.00120092 -0.0141887 -0.0175232 -0.00112187 0.999846 0.571336 
0.9998 -0.00766984 0.0184797 0.0460132 0.00766502 0.999971 0.000333963 -0.0279032 -0.0184817 -0.000192207 0.999829 0.865038 
0.999828 -0.00955026 0.0159169 0.0561728 0.00958945 0.999951 -0.00238493 -0.0116516 -0.0158934 0.0025372 0.999871 1.18945 
0.999893 -0.0124084 0.00770512 0.0852462 0.0124368 0.999916 -0.00364034 -0.0172553 -0.00765934 0.00373582 0.999964 1.47983 
0.999885 -0.0144637 -0.00452927 0.0735731 0.0144395 0.999881 -0.00534626 -0.0219397 0.00460602 0.00528028 0.999975 1.79977 
0.999692 -0.0129851 -0.0211293 0.0466337 0.0128633 0.9999 -0.00589151 -0.0270402 0.0212036 0.00561795 0.999759 2.13187 
0.999098 -0.00849207 -0.0416113 0.0321842 0.00823363 0.999946 -0.00637914 -0.0248998 0.0416631 0.00603081 0.999114 2.48373 
0.998033 -0.00482538 -0.0625019 -0.00143774 0.00436624 0.999963 -0.00748116 -0.034386 0.0625357 0.00719359 0.998017 2.85907 
0.996609 -0.00464775 -0.0821498 -0.0518833 0.00411166 0.999969 -0.00669422 -0.0532643 0.0821783 0.00633379 0.996598 3.23653 
0.994654 -0.00627291 -0.103075 -0.120912 0.00562869 0.999963 -0.00654004 -0.0481456 0.103112 0.00592494 0.994652 3.6195 
0.992465 -0.00735123 -0.122307 -0.189429 0.00667205 0.99996 -0.00596204 -0.0564008 0.122345 0.00510113 0.992475 3.9871 
0.989942 -0.00686848 -0.141308 -0.249291 0.00608866 0.999964 -0.00595047 -0.055906 0.141343 0.00503029 0.989948 4.40211 
0.987464 -0.00606667 -0.157731 -0.33076 0.00523602 0.99997 -0.00568148 -0.0538338 0.15776 0.00478442 0.987466 4.81393 
0.985269 -0.0045843 -0.170953 -0.418265 0.00348766 0.999971 -0.00671485 -0.0539914 0.170979 0.00601975 0.985256 5.2342 
0.983126 -0.00558837 -0.182847 -0.524102 0.00403844 0.999953 -0.00884812 -0.0601623 0.182888 0.00796044 0.983102 5.6478 
0.981345 -0.0105053 -0.191968 -0.635793 0.00892658 0.999919 -0.00908731 -0.0821011 0.192048 0.00720421 0.981359 6.11055 
0.979644 -0.00932433 -0.200524 -0.738204 0.00732332 0.999916 -0.0107185 -0.0971033 0.200607 0.0090319 0.97963 6.56895 
0.978107 -0.00986599 -0.207871 -0.855555 0.00742304 0.999894 -0.0125293 -0.106021 0.207972 0.010712 0.978076 7.05179 
0.97619 -0.00942285 -0.216712 -0.969005 0.00630474 0.999867 -0.0150753 -0.113733 0.216825 0.0133501 0.976119 7.53422 
0.974508 -0.0144393 -0.223886 -1.10258 0.0106777 0.999781 -0.0180032 -0.118973 0.224097 0.0151537 0.974449 8.02824 
0.972691 -0.0199571 -0.231243 -1.23998 0.0158827 0.999684 -0.019468 -0.1297 0.231559 0.0152637 0.972701 8.52759 
0.970127 -0.0209689 -0.241689 -1.3684 0.015528 0.999582 -0.0243955 -0.127774 0.242099 0.0199138 0.970047 9.07222 
0.967674 -0.0176298 -0.251586 -1.50027 0.0109936 0.999554 -0.0277587 -0.147371 0.251963 0.0240956 0.967437 9.59936 
0.965231 -0.0147685 -0.260982 -1.67382 0.00665601 0.999468 -0.0319414 -0.161275 0.261315 0.0290938 0.964815 10.1404 
0.96337 -0.014764 -0.267771 -1.87965 0.00573666 0.99939 -0.0344644 -0.167244 0.268116 0.0316658 0.962866 10.6755 
0.960818 -0.021192 -0.276369 -2.07092 0.0114033 0.999251 -0.0369784 -0.171804 0.276946 0.0323781 0.96034 11.2822 
0.958532 -0.0198215 -0.284296 -2.26565 0.00886501 0.999169 -0.0397744 -0.20065 0.284848 0.0356048 0.957911 11.846 
0.955884 -0.0201201 -0.293054 -2.44287 0.00785542 0.999046 -0.0429685 -0.222918 0.293638 0.0387709 0.95513 12.4173 
0.953686 -0.0191197 -0.300197 -2.65308 0.00520004 0.998877 -0.0470992 -0.273936 0.30076 0.0433568 0.952714 12.9762 
0.951803 -0.0248467 -0.305701 -2.84859 0.0082448 0.998426 -0.0554798 -0.296392 0.306598 0.0502854 0.95051 13.5722 
0.950187 -0.0257038 -0.310618 -3.05282 0.00621735 0.997959 -0.0635626 -0.331963 0.311618 0.0584652 0.948407 14.2051 
0.949121 -0.0264504 -0.313799 -3.32345 0.00387465 0.997372 -0.0723501 -0.368335 0.314888 0.0674532 0.946729 14.8502 
0.94771 -0.0237794 -0.318245 -3.60067 -0.00250183 0.996636 -0.0819194 -0.420217 0.319122 0.0784321 0.944462 15.5139 
0.946214 -0.0224818 -0.322759 -3.83491 -0.00641339 0.996084 -0.0881843 -0.483443 0.323477 0.0855113 0.942364 16.1603 
0.944121 -0.0258965 -0.328579 -4.05507 -0.00487128 0.995703 -0.0924718 -0.573606 0.329562 0.0889053 0.939939 16.7909 
0.943019 -0.0249491 -0.331803 -4.32333 -0.00797287 0.995204 -0.0974919 -0.648207 0.332644 0.0945822 0.938298 17.4204 
0.942018 -0.018075 -0.335075 -4.68988 -0.0181665 0.994337 -0.10471 -0.738328 0.33507 0.104726 0.936355 18.1591 
0.940294 -0.0149198 -0.340036 -4.94955 -0.0228879 0.994006 -0.106906 -0.834115 0.339592 0.108305 0.934316 18.7914 
0.938967 -0.0131218 -0.343756 -5.27243 -0.025755 0.993786 -0.108284 -0.907185 0.343041 0.110529 0.932795 19.4648 
0.936901 -0.0124219 -0.349375 -5.62096 -0.027137 0.993769 -0.108105 -0.983089 0.348541 0.110765 0.930726 20.2021 
0.934499 -0.0160462 -0.355604 -5.92588 -0.0231743 0.994122 -0.105759 -1.05439 0.355211 0.107072 0.928634 20.9758 
0.93229 -0.0160274 -0.361356 -6.38029 -0.023616 0.994189 -0.105025 -1.12079 0.36094 0.106447 0.926494 21.8211 
0.929165 -0.0141198 -0.369396 -6.68867 -0.0255015 0.994441 -0.102157 -1.20967 0.368785 0.104341 0.92364 22.5375 
0.926414 -0.00951354 -0.376386 -7.03204 -0.0291883 0.994857 -0.0969885 -1.30451 0.375373 0.100838 0.921372 23.2494 
0.922752 -0.00668002 -0.385338 -7.37327 -0.0308753 0.995355 -0.0911908 -1.38932 0.384157 0.0960439 0.918259 24.0068 
0.918901 -0.00357044 -0.394473 -7.74004 -0.0336519 0.995605 -0.0874015 -1.47105 0.393051 0.0935881 0.914742 24.793 
0.916978 0.00428645 -0.398914 -8.14897 -0.0426737 0.995259 -0.0873993 -1.53484 0.396648 0.0971664 0.912814 25.4007 
0.913046 0.00454361 -0.407831 -8.48096 -0.0436311 0.995288 -0.0865924 -1.61272 0.405516 0.096857 0.908942 26.0317 
0.90926 0.00131767 -0.416226 -8.88723 -0.0405308 0.995523 -0.0853894 -1.67233 0.41425 0.0945112 0.905243 26.8567 
0.904918 0.00118327 -0.425585 -9.22272 -0.0404249 0.995714 -0.0831867 -1.76331 0.423663 0.0924814 0.901087 27.5855 
0.900825 -0.000172651 -0.434183 -9.61201 -0.039023 0.995921 -0.0813593 -1.83688 0.432426 0.0902337 0.897143 28.4175 
0.897631 0.00140036 -0.440746 -10.0625 -0.0399712 0.996133 -0.0782412 -1.89967 0.438932 0.0878489 0.894215 29.1914 
0.89407 0.00339331 -0.447914 -10.5196 -0.0405116 0.996486 -0.0733151 -1.9735 0.446091 0.0836946 0.891066 29.9925 
0.890513 0.00289978 -0.454948 -10.9529 -0.0388427 0.996813 -0.069677 -2.04413 0.453296 0.0797197 0.887788 30.7763 
0.88674 0.00302045 -0.462258 -11.3953 -0.0386013 0.99697 -0.0675338 -2.12877 0.460654 0.0777287 0.88417 31.6064 
0.884598 0.00389542 -0.466339 -11.826 -0.0394544 0.997005 -0.0665129 -2.19511 0.464683 0.0772364 0.882102 32.3675 
0.882161 0.00575751 -0.470912 -12.388 -0.0418939 0.99692 -0.0662914 -2.24855 0.46908 0.0782081 0.879686 33.2578 
0.87905 0.00560184 -0.476696 -12.8648 -0.0416732 0.997006 -0.0651312 -2.31343 0.474904 0.0771191 0.876652 34.095 
0.875868 0.00123542 -0.482549 -13.2202 -0.0361521 0.997354 -0.0630659 -2.40813 0.481194 0.0726827 0.873596 34.8619 
0.87441 0.0033844 -0.485176 -13.6904 -0.0395091 0.997151 -0.0642497 -2.48012 0.483576 0.0753494 0.872053 35.6152 
0.872296 -1.34217e-05 -0.488978 -14.1834 -0.0357633 0.99732 -0.0638261 -2.56293 0.487668 0.0731628 0.869958 36.5201 
0.87175 0.000304747 -0.48995 -14.6969 -0.0363522 0.997284 -0.0640598 -2.61931 0.4886 0.073655 0.869394 37.4084 
0.872274 0.000121339 -0.489017 -15.2815 -0.0343086 0.997551 -0.0609498 -2.70564 0.487812 0.0699424 0.870142 38.3077 
0.871685 -0.000882717 -0.490066 -15.772 -0.0327873 0.997653 -0.0601161 -2.80593 0.488968 0.0684703 0.86961 39.1689 
0.871048 -0.00307712 -0.491189 -16.2682 -0.0306428 0.997692 -0.0605905 -2.86906 0.490242 0.0678287 0.868943 40.0523 
0.870095 -0.00587096 -0.492849 -16.7917 -0.0276954 0.997767 -0.0607803 -2.95928 0.492105 0.0665343 0.86799 40.9634 
0.869556 -0.00773141 -0.493774 -17.5983 -0.0251662 0.997885 -0.0599434 -2.99692 0.493193 0.0645506 0.867522 42.0308 
0.87195 -0.00506463 -0.489568 -18.81 -0.0254817 0.998122 -0.0557101 -3.11961 0.488931 0.0610515 0.870183 43.2807 
0.870391 -0.0035339 -0.492349 -19.3883 -0.0260067 0.998248 -0.0531406 -3.17424 0.491675 0.0590575 0.868774 44.1439 
0.866055 -0.00316697 -0.499939 -19.9379 -0.0256591 0.998381 -0.0507743 -3.24588 0.49929 0.0568013 0.864571 45.0605 
0.861403 -0.00597321 -0.507887 -20.4998 -0.0242015 0.998312 -0.0527882 -3.32541 0.507345 0.0577635 0.859805 45.9422 
0.855676 -0.00912201 -0.517432 -21.061 -0.0238011 0.998093 -0.0569557 -3.37745 0.516965 0.0610511 0.853827 46.8063 
0.849933 -0.0102387 -0.526792 -21.6049 -0.0222647 0.99822 -0.0553235 -3.46362 0.526421 0.0587501 0.848192 47.6336 
0.84504 -0.00710761 -0.534657 -22.2319 -0.0227243 0.998531 -0.0491908 -3.55513 0.534221 0.0537179 0.843637 48.5261 
0.840159 -0.00319984 -0.542331 -22.8091 -0.025219 0.99867 -0.0449607 -3.62572 0.541754 0.0514512 0.838961 49.385 
0.835715 -0.00368282 -0.549152 -23.3898 -0.0254094 0.998647 -0.0453661 -3.70455 0.548576 0.0518668 0.83449 50.2746 
0.831183 -0.00645921 -0.555962 -23.9681 -0.0256184 0.998426 -0.0499002 -3.76864 0.555409 0.0557191 0.829709 51.1411 
0.82762 -0.0085011 -0.561224 -24.5778 -0.0280954 0.998005 -0.0565486 -3.84102 0.560585 0.0625686 0.82573 52.0272 
0.825861 -0.0105225 -0.563776 -25.1694 -0.0263728 0.998011 -0.05726 -3.92461 0.563257 0.0621572 0.823941 52.776 
0.822861 -0.00899778 -0.568171 -25.7676 -0.025345 0.998298 -0.0525157 -3.98978 0.567677 0.0576135 0.821233 53.6091 
0.819354 -0.00596221 -0.573257 -26.4051 -0.0258149 0.998548 -0.0472827 -4.04554 0.572707 0.0535399 0.81801 54.457 
0.816813 -0.00512233 -0.57688 -27.0076 -0.0254527 0.998667 -0.0449064 -4.09643 0.576341 0.0513633 0.815594 55.2542 
0.813244 -0.00438072 -0.581907 -27.6558 -0.0271861 0.998594 -0.0455115 -4.14701 0.581288 0.0528318 0.811981 56.1308 
0.811181 -0.00373686 -0.584784 -28.2835 -0.0294037 0.998454 -0.0471675 -4.21453 0.584056 0.0554562 0.809817 56.926 
0.808035 -0.00520748 -0.589112 -28.943 -0.0301285 0.998287 -0.0501491 -4.27767 0.588364 0.0582713 0.806494 57.7596 
0.803706 -0.00636282 -0.594992 -29.6117 -0.0288306 0.998352 -0.0496203 -4.3531 0.594327 0.0570342 0.802198 58.606 
0.800471 -0.00760558 -0.599324 -30.3126 -0.0269411 0.998452 -0.0486539 -4.41788 0.598766 0.0550925 0.799027 59.4433 
0.795745 -0.0056077 -0.605606 -30.9447 -0.028295 0.998521 -0.0464247 -4.49726 0.60497 0.0540779 0.79441 60.2824 
0.790766 -0.00836824 -0.612061 -31.6417 -0.0259607 0.998548 -0.0471929 -4.557 0.611568 0.0532081 0.789401 61.1105 
0.785574 -0.0104561 -0.618679 -32.3349 -0.0246299 0.998536 -0.0481501 -4.61123 0.618277 0.0530636 0.784167 61.9415 
0.781369 -0.00959538 -0.623996 -33.1403 -0.0275138 0.99838 -0.0498053 -4.66947 0.623463 0.0560848 0.779839 62.8035 
0.776595 -0.0095405 -0.629928 -33.818 -0.029405 0.998247 -0.0513703 -4.73183 0.629313 0.0584171 0.774953 63.5767 
0.772292 -0.00978371 -0.635192 -34.5671 -0.0314063 0.998071 -0.053558 -4.79988 0.634491 0.0613115 0.770495 64.3769 
0.766905 -0.0141674 -0.641605 -35.3777 -0.0276254 0.998101 -0.0550596 -4.82668 0.641166 0.0599501 0.765057 65.2102 
0.760724 -0.0137705 -0.648929 -36.1113 -0.0276077 0.998184 -0.0535456 -4.9077 0.648488 0.0586489 0.758962 66.0303 
0.754552 -0.0157421 -0.656052 -36.8159 -0.0254238 0.998261 -0.0531945 -4.96003 0.655748 0.0568174 0.752839 66.8192 
0.748896 -0.0176735 -0.662452 -37.6563 -0.024597 0.998214 -0.0544379 -5.02079 0.662231 0.0570627 0.747124 67.6601 
0.74261 -0.0180382 -0.669481 -38.3514 -0.0248869 0.998204 -0.0545005 -5.10199 0.669262 0.057134 0.740827 68.4117 
0.73658 -0.0170034 -0.676136 -39.0742 -0.0280583 0.998055 -0.0556657 -5.1645 0.675768 0.0599736 0.734671 69.183 
0.732077 -0.0166215 -0.681019 -39.9372 -0.0279427 0.998128 -0.0543988 -5.25869 0.680649 0.0588537 0.730242 70.0085 
0.727655 -0.0180531 -0.685706 -40.6501 -0.0260186 0.998208 -0.053891 -5.32249 0.68545 0.0570552 0.725881 70.7442 
0.722978 -0.0186968 -0.690618 -41.4132 -0.0260993 0.998181 -0.0543455 -5.39028 0.690378 0.0573153 0.721175 71.5144 
0.717411 -0.0200278 -0.696362 -42.1967 -0.027885 0.99796 -0.0574298 -5.48081 0.696092 0.0606189 0.715389 72.314 
0.713312 -0.0225367 -0.700484 -43.1209 -0.0276845 0.997797 -0.0602936 -5.55151 0.7003 0.0624008 0.711117 73.1226 
0.707618 -0.0261044 -0.706113 -44.0027 -0.0231309 0.997926 -0.0600727 -5.65659 0.706216 0.0588416 0.705547 73.981 
0.701637 -0.0274875 -0.712004 -44.8745 -0.0206361 0.998053 -0.0588664 -5.72431 0.712235 0.0559959 0.699704 74.864 
0.698611 -0.0282527 -0.714944 -45.9092 -0.0195541 0.998093 -0.0585494 -5.78232 0.715234 0.0548834 0.696726 75.6994 
0.69351 -0.029154 -0.719857 -46.7742 -0.0197871 0.998033 -0.059483 -5.86486 0.720175 0.055496 0.691569 76.5037 
0.688893 -0.0305564 -0.724219 -47.6897 -0.0188737 0.998016 -0.0600616 -5.93594 0.724617 0.0550447 0.68695 77.293 
0.684311 -0.0322549 -0.728477 -48.5474 -0.0169519 0.998048 -0.0601149 -5.99782 0.728994 0.0534863 0.682428 78.0702 
0.679998 -0.0338555 -0.732432 -49.4828 -0.0154068 0.998053 -0.0604373 -6.0808 0.733052 0.0523817 0.678153 78.871 
0.677274 -0.0342355 -0.734934 -50.3569 -0.0163615 0.997969 -0.0615664 -6.16903 0.735549 0.053722 0.675339 79.5967 
0.673889 -0.0392795 -0.737788 -51.2518 -0.0121825 0.997859 -0.064253 -6.25174 0.738732 0.0522875 0.671968 80.3697 
0.669631 -0.0432581 -0.741433 -52.198 -0.0078995 0.997831 -0.0653518 -6.34259 0.742652 0.0496186 0.667837 81.1325 
0.665759 -0.0429987 -0.744927 -53.0038 -0.00882681 0.997815 -0.0654847 -6.47177 0.746115 0.0501724 0.663924 81.7685 
0.658933 -0.0457269 -0.750811 -53.9026 -0.00588046 0.997807 -0.0659306 -6.5691 0.752179 0.047859 0.657219 82.4734 
0.650748 -0.0472428 -0.757822 -54.8841 -0.00181801 0.997963 -0.0637744 -6.67128 0.759291 0.0428789 0.649337 83.2698 
0.644489 -0.0442912 -0.76333 -55.7862 -0.00373641 0.998127 -0.0610697 -6.78199 0.764604 0.0422109 0.643116 83.9139 
0.63647 -0.0431247 -0.770095 -56.7141 -0.00511647 0.998178 -0.0601258 -6.88575 0.771284 0.0422085 0.63509 84.616 
0.627687 -0.0433734 -0.777257 -57.6531 -0.00732999 0.998073 -0.0616151 -6.98353 0.778431 0.0443724 0.62616 85.3354 
0.620149 -0.0452299 -0.783179 -58.6919 -0.00758174 0.997944 -0.0636365 -7.05484 0.784447 0.045402 0.618532 86.0549 
0.611465 -0.0465095 -0.789904 -59.7081 -0.00785311 0.997865 -0.0648334 -7.15294 0.791233 0.0458466 0.609794 86.7839 
0.602956 -0.0452974 -0.796487 -60.8167 -0.00770289 0.99801 -0.0625895 -7.25662 0.797737 0.0438741 0.601407 87.5236 
0.592721 -0.047161 -0.804026 -61.8617 -0.00360405 0.998119 -0.0612026 -7.35482 0.8054 0.0391739 0.591436 88.2825 
0.584791 -0.0468408 -0.80983 -62.8778 -0.00541675 0.998084 -0.061641 -7.43861 0.811166 0.0404338 0.583417 88.919 
0.573505 -0.0485848 -0.81776 -63.8943 -0.00609478 0.997959 -0.0635651 -7.52231 0.819179 0.0414391 0.572039 89.6166 
0.563935 -0.0481729 -0.824413 -64.9302 -0.00718975 0.997973 -0.0632326 -7.62566 0.825788 0.0415865 0.562445 90.2733 
0.555527 -0.0496816 -0.830013 -65.9876 -0.00787078 0.997855 -0.0649959 -7.71705 0.831461 0.0426398 0.553944 90.9325 
0.546051 -0.0496459 -0.83628 -67.071 -0.00872752 0.997851 -0.0649363 -7.80284 0.837707 0.0427572 0.544444 91.5804 
0.539451 -0.0476506 -0.840668 -68.168 -0.00975263 0.997977 -0.0628254 -7.89703 0.84196 0.04209 0.537895 92.1988 
0.531817 -0.047962 -0.8455 -69.3482 -0.00794568 0.998068 -0.0616145 -7.97598 0.846822 0.0394858 0.530409 92.8869 
0.524255 -0.0494236 -0.850126 -70.528 -0.00709023 0.998026 -0.0623945 -8.06701 0.851532 0.0387382 0.52287 93.594 
0.516824 -0.0521727 -0.8545 -71.6346 -0.0037347 0.997994 -0.0631928 -8.20328 0.856083 0.0358509 0.515593 94.2321 
0.510673 -0.0546474 -0.858037 -72.7843 -0.00171009 0.997912 -0.0645737 -8.31125 0.859773 0.0344434 0.509513 94.8652 
0.505819 -0.0564345 -0.860792 -73.8903 -0.00376162 0.997704 -0.067621 -8.41737 0.862631 0.037442 0.504445 95.4483 
0.500472 -0.0598391 -0.863683 -74.9771 -0.00336439 0.997467 -0.0710577 -8.50753 0.865746 0.0384682 0.499002 96.0648 
0.497086 -0.0601023 -0.865618 -76.0499 0.000605292 0.997622 -0.0689202 -8.63249 0.867701 0.0337353 0.49594 96.6058 
0.493268 -0.0557545 -0.868089 -77.1863 -0.000916573 0.99791 -0.0646133 -8.73853 0.869877 0.0326674 0.492186 97.2255 
0.489329 -0.0530652 -0.870483 -78.2974 0.000719781 0.998171 -0.0604446 -8.84678 0.872099 0.0289508 0.488473 97.8268 
0.485962 -0.0528271 -0.872382 -79.4358 0.00240692 0.998249 -0.0591082 -8.94463 0.873977 0.0266246 0.485238 98.4404 
0.484465 -0.0527647 -0.873218 -80.5344 0.00374771 0.998295 -0.0582433 -9.0503 0.874803 0.0249443 0.483837 98.9938 
0.480903 -0.0533609 -0.875148 -81.6041 0.00854024 0.998384 -0.0561821 -9.13913 0.876732 0.0195442 0.480582 99.5825 
0.478186 -0.051535 -0.876745 -82.6803 0.0102644 0.998537 -0.0530956 -9.24088 0.878199 0.0163904 0.478015 100.164 
0.473921 -0.0519071 -0.879036 -83.6992 0.0129166 0.998564 -0.0520014 -9.35337 0.880473 0.0132904 0.473911 100.787 
0.471788 -0.0557359 -0.879949 -84.9363 0.0174508 0.998395 -0.053882 -9.38613 0.881539 0.0100651 0.472003 101.354 
0.470267 -0.0564203 -0.880719 -86.0008 0.0207283 0.998385 -0.0528902 -9.45436 0.882281 0.00661674 0.470677 101.891 
0.468549 -0.0538647 -0.881794 -87.0578 0.0203606 0.998533 -0.0501769 -9.55969 0.883203 0.00555655 0.468958 102.423 
0.46588 -0.0573349 -0.882988 -88.1001 0.0248516 0.998353 -0.0517137 -9.60646 0.884499 0.00214874 0.466538 102.967 
0.464763 -0.0580271 -0.883532 -89.1476 0.0268233 0.998315 -0.0514559 -9.70493 0.885029 0.000215598 0.465536 103.495 
0.464816 -0.0600811 -0.883367 -90.241 0.0270498 0.998193 -0.0536576 -9.783 0.884994 0.00104609 0.465601 104.035 
0.465384 -0.0608052 -0.883018 -91.2804 0.0260188 0.998146 -0.0550201 -9.86362 0.884726 0.00263042 0.466103 104.547 
0.46781 -0.0592227 -0.881843 -92.2685 0.0241451 0.998237 -0.0542307 -9.97047 0.883499 0.00407753 0.468415 105.053 
0.47173 -0.0593442 -0.879744 -93.2172 0.022051 0.998215 -0.0555117 -10.0477 0.881467 0.00678733 0.472197 105.55 
0.475665 -0.0582265 -0.877697 -94.2093 0.0208516 0.998273 -0.0549251 -10.1578 0.879379 0.00782461 0.476058 106.057 
0.480903 -0.0594647 -0.874755 -95.2189 0.0199655 0.998181 -0.056879 -10.2139 0.876546 0.00988846 0.481216 106.587 
0.488305 -0.059753 -0.870625 -96.2089 0.0210992 0.99817 -0.0566729 -10.287 0.872418 0.00930416 0.488672 107.091 
0.495302 -0.0591796 -0.866703 -97.1211 0.0208214 0.998199 -0.0562594 -10.3735 0.868471 0.00981947 0.495643 107.614 
0.505604 -0.0605149 -0.860641 -98.1382 0.0221542 0.998119 -0.0571665 -10.4358 0.862481 0.00983685 0.505994 108.133 
0.514512 -0.0599484 -0.855385 -99.1212 0.0207822 0.998132 -0.0574522 -10.5051 0.857231 0.0117832 0.514797 108.691 
0.524352 -0.0606347 -0.84934 -100.048 0.0200552 0.998064 -0.0588708 -10.5859 0.851265 0.0138354 0.524553 109.246 
0.533505 -0.0615712 -0.843553 -100.985 0.0163531 0.997911 -0.0624953 -10.6581 0.845639 0.0195469 0.533397 109.836 
0.54338 -0.0632304 -0.837103 -101.885 0.016847 0.99778 -0.0644314 -10.7514 0.839318 0.0209081 0.543238 110.418 
0.555642 -0.0618596 -0.829118 -102.782 0.0154966 0.997826 -0.0640615 -10.8282 0.831277 0.0227468 0.555392 110.983 
0.569061 -0.05912 -0.820167 -103.686 0.0138428 0.99796 -0.0623312 -10.9245 0.822179 0.0241169 0.568719 111.55 
0.579562 -0.0572052 -0.812918 -104.572 0.0119198 0.998022 -0.0617328 -10.9811 0.814841 0.0260883 0.579097 112.196 
0.590843 -0.0536805 -0.804999 -105.482 0.0095692 0.99818 -0.0595392 -11.0944 0.80673 0.0274752 0.590282 112.833 
0.602384 -0.055137 -0.7963 -106.367 0.010702 0.99808 -0.0610127 -11.1747 0.798135 0.0282311 0.601817 113.475 
0.611811 -0.0558149 -0.789032 -107.18 0.0111233 0.998016 -0.0619731 -11.2508 0.790926 0.0291392 0.611218 114.118 
0.62196 -0.0586981 -0.780846 -107.988 0.0153527 0.997909 -0.0627866 -11.3298 0.782899 0.0270627 0.621561 114.74 
0.632542 -0.0573589 -0.7724 -108.842 0.0156498 0.997997 -0.0612958 -11.4357 0.774368 0.0266843 0.632172 115.396 
0.642635 -0.0553498 -0.764171 -109.678 0.0147182 0.998095 -0.059916 -11.5113 0.766031 0.027257 0.642225 116.066 
0.653501 -0.0436949 -0.755664 -110.453 0.00462364 0.998544 -0.0537405 -11.6704 0.756912 0.0316256 0.652752 116.703 
0.663192 -0.0402026 -0.747369 -111.246 0.000650935 0.998587 -0.0531385 -11.7339 0.748449 0.0347546 0.662281 117.349 
0.673037 -0.0414107 -0.738449 -111.992 0.00114418 0.998488 -0.0549504 -11.8035 0.739608 0.0361388 0.672067 117.995 
0.681693 -0.0348108 -0.73081 -112.675 -0.00447064 0.998651 -0.051739 -11.9301 0.731625 0.0385373 0.680617 118.625 
0.690149 -0.037309 -0.722705 -113.391 -0.00210311 0.998563 -0.0535583 -11.9831 0.723664 0.0384832 0.689078 119.325 
0.697927 -0.0368182 -0.715221 -114.088 -0.000742063 0.99864 -0.0521322 -12.0539 0.716168 0.0369153 0.696951 120.004 
0.707153 -0.0348674 -0.7062 -114.754 -5.43802e-05 0.998781 -0.0493675 -12.1287 0.707061 0.0349488 0.706289 120.598 
0.71491 -0.0376095 -0.698205 -115.402 0.00308113 0.998712 -0.0506418 -12.1535 0.69921 0.0340531 0.714105 121.175 
0.723033 -0.0347996 -0.689936 -116.073 0.000961298 0.99878 -0.0493699 -12.2304 0.690813 0.0350329 0.722184 121.824 
0.729991 -0.0331259 -0.682654 -116.731 -5.02841e-06 0.998825 -0.0484736 -12.2977 0.683457 0.0353887 0.729133 122.504 
0.736366 -0.0290012 -0.675961 -117.352 -0.00286838 0.998938 -0.0459828 -12.3624 0.676577 0.0357992 0.735501 123.179 
0.744189 -0.0270274 -0.667422 -117.966 -0.00388376 0.998989 -0.0447848 -12.3965 0.667958 0.0359205 0.743331 123.829 
0.750901 -0.0256068 -0.659919 -118.576 -0.00493971 0.999002 -0.0443851 -12.4483 0.660397 0.0365887 0.750025 124.48 
0.757991 -0.025171 -0.65178 -119.149 -0.00445043 0.999032 -0.0437573 -12.5132 0.65225 0.0360684 0.757145 125.149 
0.765279 -0.021653 -0.643334 -119.736 -0.0074302 0.99907 -0.0424649 -12.5633 0.643656 0.0372776 0.764407 125.819 
0.773722 -0.0178544 -0.633273 -120.294 -0.00951871 0.999162 -0.0398 -12.6077 0.633453 0.0368222 0.772904 126.486 
0.782821 -0.0140463 -0.622088 -120.855 -0.0114469 0.999251 -0.0369669 -12.648 0.622141 0.0360595 0.782074 127.164 
0.79186 -0.0118671 -0.610587 -121.374 -0.0139725 0.999197 -0.0375407 -12.6678 0.610543 0.0382585 0.791059 127.839 
0.802736 -0.0114101 -0.596226 -121.967 -0.0151797 0.999102 -0.0395574 -12.6953 0.596142 0.0408048 0.801841 128.527 
0.813095 -0.0126772 -0.581994 -122.542 -0.0142663 0.999029 -0.0416926 -12.743 0.581957 0.042203 0.812124 129.208 
0.821698 -0.0119505 -0.569797 -122.967 -0.0140187 0.999054 -0.0411696 -12.8195 0.56975 0.0418169 0.820753 129.843 
0.829854 -0.00976206 -0.557896 -123.242 -0.0146774 0.999119 -0.0393148 -12.8465 0.557788 0.040814 0.828979 130.205 
0.838994 -0.00904601 -0.544065 -123.672 -0.013217 0.999228 -0.0369957 -12.8706 0.54398 0.0382301 0.838227 130.837 
0.847524 -0.00932519 -0.530675 -124.128 -0.0116356 0.999279 -0.0361426 -12.8921 0.530629 0.0368066 0.846805 131.581 
0.856023 -0.00781881 -0.516879 -124.546 -0.0106391 0.999407 -0.0327378 -12.9513 0.516829 0.0335235 0.855432 132.226 
0.862255 -0.00891556 -0.506397 -124.957 -0.00761104 0.999504 -0.0305567 -13.0081 0.506418 0.0302019 0.861759 132.993 
0.868484 -0.0117268 -0.495578 -125.329 -0.00358642 0.999545 -0.0299373 -13.0221 0.495704 0.0277775 0.868048 133.702 
0.87471 -0.0123106 -0.484491 -125.736 -0.00225934 0.999563 -0.0294775 -13.0571 0.484642 0.0268789 0.8743 134.395 
0.881002 -0.0114604 -0.472974 -126.14 -0.00299904 0.999551 -0.0298061 -13.0905 0.473103 0.0276777 0.880572 135.101 
0.887128 -0.0101238 -0.461413 -126.532 -0.00411431 0.999546 -0.0298413 -13.1003 0.461506 0.0283715 0.886683 135.844 
0.89281 -0.00801213 -0.450362 -126.943 -0.00580818 0.999554 -0.0292969 -13.147 0.450396 0.0287724 0.892365 136.612 
0.898344 -0.00874193 -0.439207 -127.324 -0.00478222 0.999548 -0.0296764 -13.1825 0.439268 0.0287601 0.897896 137.349 
0.903343 -0.0111409 -0.428775 -127.718 -0.00272691 0.999493 -0.0317151 -13.1898 0.428911 0.0298189 0.902855 138.123 
0.907356 -0.0108423 -0.420222 -128.081 -0.00312487 0.999466 -0.032535 -13.2185 0.420351 0.0308341 0.906838 138.866 
0.909903 -0.0117068 -0.414656 -128.44 -0.00231952 0.999443 -0.0333068 -13.2312 0.414815 0.0312678 0.909368 139.678 
0.913106 -0.010821 -0.40758 -128.82 -0.0011763 0.999574 -0.0291734 -13.2902 0.407722 0.0271179 0.912704 140.466 
0.915597 -0.0102595 -0.401967 -129.226 -0.000269321 0.999659 -0.026128 -13.2936 0.402098 0.024031 0.915281 141.306 
0.919757 -0.00656976 -0.392433 -129.614 -0.0026864 0.999731 -0.0230329 -13.3439 0.392478 0.022239 0.919492 142.051 
0.922284 -0.00126248 -0.386511 -129.87 -0.00711485 0.99977 -0.020243 -13.3867 0.386448 0.0214198 0.922063 142.749 
0.924864 -0.000690204 -0.380299 -130.203 -0.00716498 0.999789 -0.0192394 -13.3807 0.380232 0.0205187 0.924664 143.583 
0.928033 -0.000647981 -0.372499 -130.614 -0.00627569 0.999829 -0.0173744 -13.3738 0.372446 0.0184618 0.92787 144.445 
0.930948 0.000225194 -0.365152 -130.953 -0.00612811 0.999869 -0.0150069 -13.4045 0.365101 0.0162084 0.930827 145.306 
0.933882 -0.00175142 -0.357578 -131.276 -0.00400529 0.999874 -0.015358 -13.3749 0.35756 0.0157748 0.933757 146.188 
0.936979 -0.00073614 -0.349386 -131.529 -0.00457343 0.999886 -0.0143718 -13.408 0.349356 0.015064 0.936869 146.975 
0.940677 -0.00216445 -0.339298 -131.87 -0.00301778 0.999887 -0.0147452 -13.427 0.339291 0.0148944 0.940564 147.838 
0.944273 -0.00145501 -0.329162 -132.228 -0.00366341 0.999882 -0.0149292 -13.4969 0.329144 0.0153032 0.944156 148.774 
0.948254 -0.00363493 -0.317491 -132.594 -0.00203775 0.999844 -0.0175334 -13.5199 0.317505 0.0172731 0.948099 149.755 
0.952497 -0.0030321 -0.304534 -132.864 -0.00282128 0.99982 -0.018779 -13.5374 0.304536 0.0187462 0.952316 150.678 
0.957624 0.00100367 -0.28802 -133.152 -0.0063775 0.999823 -0.0177203 -13.5574 0.287951 0.0188062 0.95746 151.61 
0.963043 0.00481839 -0.269305 -133.378 -0.00909957 0.999851 -0.0146512 -13.5938 0.269195 0.0165603 0.962943 152.502 
0.968298 0.00405813 -0.249767 -133.65 -0.00811843 0.999851 -0.0152284 -13.5845 0.249668 0.0167734 0.968186 153.53 
0.973513 0.00512361 -0.228574 -133.927 -0.00858204 0.999863 -0.0141392 -13.6106 0.228471 0.0157264 0.973424 154.094 
0.97839 0.00718709 -0.206642 -134.147 -0.0100702 0.999866 -0.012904 -13.6358 0.206521 0.0147062 0.978332 155.085 
0.982684 0.00739984 -0.18514 -134.395 -0.0094598 0.999903 -0.0102458 -13.6475 0.185046 0.0118198 0.982659 156.153 
0.986532 0.0085379 -0.163347 -134.549 -0.00985739 0.999925 -0.00726927 -13.6612 0.163272 0.00878159 0.986542 157.175 
0.990082 0.010844 -0.140073 -134.744 -0.0113718 0.999931 -0.00296848 -13.6674 0.140031 0.00453196 0.990137 158.296 
0.993039 0.0132886 -0.117035 -134.927 -0.0134038 0.99991 -0.00019683 -13.6722 0.117022 0.00176422 0.993128 159.529 
0.995469 0.0154941 -0.0938204 -135.081 -0.0155998 0.999878 -0.000393843 -13.6953 0.0938028 0.00185568 0.995589 160.635 
0.997332 0.0149402 -0.0714613 -135.173 -0.0151244 0.999884 -0.00203834 -13.7258 0.0714225 0.00311375 0.997441 161.799 
0.998543 0.0166659 -0.051326 -135.2 -0.0167354 0.99986 -0.000925669 -13.8055 0.0513033 0.00178332 0.998682 162.654 
0.999378 0.0161954 -0.0313274 -135.249 -0.016142 0.999868 0.00195627 -13.8436 0.0313549 -0.00144933 0.999507 163.831 
0.999781 0.0162461 -0.0131678 -135.18 -0.016185 0.999858 0.00473184 -13.8896 0.0132428 -0.00451765 0.999902 164.827 
0.999794 0.0190165 0.00705016 -135.122 -0.0190658 0.999794 0.0069982 -13.9646 -0.00691566 -0.00713114 0.999951 166.005 
0.999448 0.0213315 0.0254638 -134.931 -0.0215531 0.999732 0.00845876 -14.0168 -0.0252766 -0.00900287 0.99964 166.872 
0.998748 0.0219848 0.0449434 -134.752 -0.0224342 0.999703 0.00952074 -14.0603 -0.0447208 -0.010517 0.998944 167.952 
0.997694 0.02332 0.0637341 -134.646 -0.0239692 0.999668 0.00944081 -14.0859 -0.0634928 -0.0109467 0.997922 169.165 
0.996176 0.0238877 0.0840439 -134.603 -0.0246751 0.999661 0.00834289 -14.0759 -0.0838162 -0.0103847 0.996427 170.46 
0.994588 0.0241982 0.101037 -134.225 -0.0249845 0.999667 0.00652378 -14.1647 -0.100845 -0.00901279 0.994861 171.526 
0.992639 0.025502 0.1184 -134.02 -0.0262116 0.999647 0.00444006 -14.2244 -0.118245 -0.00751078 0.992956 172.565 
0.990246 0.0261565 0.136851 -133.815 -0.0269043 0.999632 0.00361753 -14.2714 -0.136706 -0.00726409 0.990585 173.693 
0.987529 0.0261425 0.155254 -133.68 -0.026884 0.999635 0.00267827 -14.435 -0.155127 -0.00681868 0.987871 174.856 
0.984619 0.027446 0.172547 -133.44 -0.0276142 0.999618 -0.00142572 -14.5174 -0.17252 -0.00336092 0.985 175.812 
0.981215 0.0297216 0.190613 -133.24 -0.0288704 0.999557 -0.00724168 -14.567 -0.190744 0.00160261 0.981639 177.026 
0.977469 0.0316527 0.208694 -133.096 -0.0296567 0.99948 -0.0126867 -14.536 -0.208987 0.00621176 0.977899 178.239 
0.97357 0.0331646 0.225968 -132.824 -0.0302816 0.99941 -0.0162134 -14.5987 -0.226373 0.00894225 0.974 179.426 
0.969297 0.0346369 0.243442 -132.595 -0.031236 0.999353 -0.0178172 -14.7159 -0.243901 0.00966607 0.969752 180.634 
0.964792 0.0335135 0.260872 -132.276 -0.0301141 0.999402 -0.0170184 -14.7815 -0.261286 0.00856337 0.965223 181.802 
0.959899 0.0331066 0.278384 -131.9 -0.0295571 0.99942 -0.0169389 -14.884 -0.278783 0.00803147 0.96032 183.125 
0.954464 0.0328109 0.296516 -131.537 -0.0272729 0.999368 -0.0227951 -14.9238 -0.297076 0.0136703 0.954756 184.527 
0.949376 0.0348109 0.312207 -131.114 -0.0277269 0.999248 -0.027102 -14.9502 -0.312915 0.0170735 0.949628 185.905 
0.943886 0.0360695 0.328296 -130.663 -0.0288723 0.999225 -0.0267723 -15.0216 -0.329007 0.0157914 0.944196 187.221 
0.937989 0.0389701 0.344468 -130.14 -0.0316431 0.999138 -0.0268694 -15.1265 -0.345218 0.0143032 0.938414 188.459 
0.931949 0.0412653 0.360233 -129.572 -0.0326487 0.999017 -0.0299742 -15.2344 -0.361116 0.0161733 0.932381 189.715 
0.925545 0.0418219 0.376322 -128.939 -0.0316667 0.998949 -0.0331339 -15.336 -0.377312 0.0187501 0.925896 191.09 
0.918568 0.0423093 0.392993 -128.417 -0.0311133 0.998909 -0.0348185 -15.4162 -0.394037 0.0197559 0.918882 192.344 
0.911212 0.0423508 0.409754 -127.688 -0.0287188 0.998812 -0.0393687 -15.5522 -0.410935 0.0241057 0.911346 193.943 
0.902617 0.0457433 0.428006 -127.185 -0.0294039 0.998567 -0.0447125 -15.6507 -0.429438 0.0277733 0.902669 195.183 
0.892464 0.0487425 0.448477 -126.507 -0.0307574 0.998407 -0.0473042 -15.7798 -0.450068 0.0284234 0.892542 196.64 
0.879861 0.0519972 0.472377 -125.797 -0.0329505 0.998279 -0.0485117 -15.8659 -0.474087 0.0271185 0.880061 198.209 
0.866307 0.0561922 0.496341 -125.089 -0.0354891 0.998065 -0.0510514 -15.9532 -0.49825 0.0266115 0.866625 199.554 
0.851183 0.0599926 0.521429 -124.386 -0.0372121 0.997844 -0.0540607 -16.0544 -0.523548 0.026612 0.85158 200.937 
0.835937 0.063539 0.545136 -123.628 -0.0384536 0.997616 -0.0573117 -16.1719 -0.547477 0.0269466 0.836387 202.134 
0.820656 0.0649357 0.567722 -122.712 -0.0378877 0.997519 -0.0593279 -16.3145 -0.570166 0.0271781 0.82108 203.459 
0.803614 0.0673864 0.591324 -121.858 -0.0380873 0.997356 -0.0618962 -16.4078 -0.593931 0.0272188 0.804055 204.779 
0.786717 0.06892 0.613455 -121.017 -0.0367764 0.997216 -0.0648711 -16.581 -0.616217 0.0284746 0.787061 205.875 
0.770283 0.0704079 0.633804 -120.083 -0.0335674 0.996985 -0.0699573 -16.7222 -0.636818 0.0326117 0.770324 207.133 
0.751852 0.0718793 0.655402 -119.552 -0.0320982 0.996851 -0.0725049 -16.8346 -0.65855 0.0334758 0.751792 208.098 
0.733575 0.0741527 0.675551 -118.595 -0.0320039 0.996696 -0.0746508 -17.0097 -0.678854 0.0331417 0.733525 209.219 
0.716892 0.07455 0.693187 -117.596 -0.0305059 0.996669 -0.0756393 -17.171 -0.696516 0.0330789 0.716778 210.366 
0.700921 0.0739493 0.709395 -116.521 -0.0275509 0.996676 -0.0766744 -17.289 -0.712706 0.0341983 0.700628 211.509 
0.687544 0.0737047 0.722393 -115.321 -0.025292 0.996662 -0.0776161 -17.5226 -0.725702 0.0350937 0.687113 212.423 
0.672617 0.0750598 0.736174 -114.264 -0.0229632 0.99648 -0.0806197 -17.6862 -0.739634 0.0373213 0.671973 213.413 
0.657408 0.0763608 0.749656 -113.103 -0.0195993 0.996248 -0.0842914 -17.8592 -0.75328 0.0407212 0.656438 214.507 
0.640777 0.0783019 0.763723 -112.003 -0.0188954 0.996092 -0.0862723 -18.0337 -0.767494 0.0408505 0.639753 215.51 
0.625387 0.0780182 0.776405 -110.823 -0.018058 0.99617 -0.085556 -18.2359 -0.780106 0.0394853 0.6244 216.51 
0.607755 0.0793174 0.790154 -109.694 -0.0195427 0.996192 -0.0849684 -18.3854 -0.793884 0.0361982 0.606991 217.467 
0.59204 0.078672 0.80206 -108.413 -0.0213664 0.996406 -0.0819633 -18.583 -0.805626 0.0313884 0.591593 218.32 
0.573976 0.0778758 0.815161 -107.159 -0.0217599 0.996567 -0.0798844 -18.745 -0.818583 0.0281139 0.5737 219.263 
0.555972 0.0788487 0.827453 -105.902 -0.023231 0.996576 -0.0793554 -18.9228 -0.830877 0.0248968 0.555899 220.208 
0.536954 0.0823384 0.839584 -104.566 -0.0259896 0.996368 -0.0810926 -19.082 -0.843211 0.0217226 0.537144 221.109 
0.517645 0.0867056 0.851191 -103.282 -0.030109 0.996082 -0.0831542 -19.2549 -0.855065 0.0174158 0.518228 221.963 
0.497387 0.0866105 0.863194 -101.995 -0.0299351 0.996125 -0.0826993 -19.3945 -0.867012 0.0152938 0.498053 222.789 
0.475538 0.0842702 0.875649 -100.762 -0.0281363 0.996349 -0.080606 -19.5296 -0.879245 0.0136937 0.476173 223.527 
0.455752 0.0818433 0.886336 -99.3979 -0.0271886 0.996579 -0.0780426 -19.6746 -0.889692 0.0114698 0.456418 224.236 
0.433404 0.0797189 0.897667 -98.2121 -0.0267746 0.996779 -0.0755937 -19.8311 -0.900802 0.00872791 0.434142 224.89 
0.411782 0.0779684 0.907941 -96.9886 -0.0257516 0.996931 -0.073931 -19.9758 -0.910918 0.00706255 0.412526 225.479 
0.389573 0.0767971 0.917788 -95.7092 -0.0230067 0.997018 -0.073661 -20.1088 -0.920708 0.00758104 0.390178 226.12 
0.36909 0.0751692 0.926349 -94.3547 -0.0192029 0.997128 -0.0732614 -20.2412 -0.929195 0.00925142 0.369473 226.714 
0.348204 0.0751635 0.934401 -92.9882 -0.0170659 0.997123 -0.0738493 -20.417 -0.937263 0.00976829 0.348485 227.218 
0.32707 0.0741662 0.942085 -91.7344 -0.0129373 0.997174 -0.0740114 -20.5648 -0.944912 0.0120189 0.327105 227.662 
0.306798 0.0724371 0.949014 -90.3958 -0.011795 0.997312 -0.0723105 -20.6919 -0.951701 0.0109912 0.306828 228.114 
0.285644 0.0718671 0.955637 -89.0358 -0.0115824 0.99737 -0.0715435 -20.8339 -0.958266 0.00936746 0.285726 228.55 
0.270841 0.0731222 0.959843 -87.1203 -0.006708 0.99723 -0.0740776 -20.9143 -0.962601 0.0136246 0.270581 228.924 
0.251309 0.0810858 0.964505 -85.7187 -0.00783561 0.996623 -0.0817443 -21.0874 -0.967875 0.0129856 0.251095 229.312 
0.231909 0.089602 0.968602 -84.3554 -0.0117364 0.995934 -0.0893204 -21.2133 -0.972667 0.00934631 0.232017 229.679 
0.2132 0.0941956 0.972457 -82.9941 -0.0134228 0.99553 -0.0934876 -21.3309 -0.976916 0.0068785 0.213512 229.997 
0.19342 0.0956303 0.976444 -81.6794 -0.0161827 0.995414 -0.0942825 -21.4767 -0.980983 0.00243465 0.194081 230.304 
0.173987 0.094998 0.980155 -80.4087 -0.0202287 0.995471 -0.0928916 -21.6333 -0.98454 -0.00366534 0.175121 230.545 
0.154844 0.0946048 0.983399 -79.0919 -0.0213148 0.995493 -0.092412 -21.7786 -0.987709 -0.00665151 0.156162 230.789 
0.135928 0.0927182 0.986371 -77.8874 -0.0220975 0.995647 -0.090545 -21.9218 -0.990472 -0.00948869 0.137386 230.97 
0.115841 0.0935271 0.988855 -76.5587 -0.0219693 0.995555 -0.0915871 -22.0622 -0.993025 -0.0111148 0.117381 231.196 
0.097116 0.0946206 0.990765 -75.2839 -0.0223816 0.995427 -0.0928719 -22.191 -0.995021 -0.0131555 0.0987896 231.355 
0.0767791 0.0977364 0.992246 -74.011 -0.0264954 0.995032 -0.0959606 -22.331 -0.996696 -0.0189222 0.0789873 231.535 
0.0580052 0.0983274 0.993462 -72.7918 -0.0277633 0.994912 -0.0968498 -22.4926 -0.99793 -0.021964 0.0604399 231.641 
0.0414572 0.0950395 0.99461 -71.5015 -0.0288612 0.995164 -0.0938894 -22.6425 -0.998723 -0.0248132 0.0439997 231.688 
0.026051 0.0902479 0.995579 -70.2967 -0.0266136 0.995626 -0.0895558 -22.7763 -0.999306 -0.0241629 0.0283388 231.745 
0.0102798 0.0862627 0.996219 -69.1361 -0.0267774 0.995939 -0.085962 -22.9004 -0.999589 -0.0257925 0.0125479 231.837 
-0.00223144 0.0842776 0.99644 -67.9546 -0.0235794 0.996161 -0.0843067 -22.9902 -0.99972 -0.0236836 -0.000235659 231.87 
-0.0137611 0.0830519 0.99645 -66.8557 -0.0227337 0.996261 -0.08335 -23.139 -0.999647 -0.0238 -0.0118215 231.914 
-0.0220331 0.0858913 0.996061 -65.7013 -0.0226064 0.996005 -0.0863865 -23.2553 -0.999502 -0.0244207 -0.0200034 231.912 
-0.0298013 0.0863642 0.995818 -64.5573 -0.0241461 0.995907 -0.0870945 -23.3863 -0.999264 -0.0266406 -0.027594 231.936 
-0.0345743 0.0900795 0.995334 -63.4348 -0.0251402 0.995536 -0.090971 -23.5208 -0.999086 -0.0281682 -0.0321553 231.899 
-0.039955 0.0977233 0.994411 -62.334 -0.0243898 0.994814 -0.0987428 -23.6634 -0.998904 -0.0281987 -0.0373644 231.889 
-0.0453609 0.100646 0.993888 -61.2189 -0.0270707 0.994423 -0.101935 -23.776 -0.998604 -0.0315292 -0.0423834 231.869 
-0.0489492 0.0909565 0.994651 -60.124 -0.0263955 0.995379 -0.092322 -23.9212 -0.998452 -0.0307734 -0.0463222 231.832 
-0.051107 0.0818178 0.995336 -59.0371 -0.0247881 0.996228 -0.0831638 -24.0283 -0.998386 -0.0289228 -0.0488861 231.787 
-0.0544616 0.0780101 0.995464 -57.975 -0.0244394 0.996541 -0.0794315 -24.1346 -0.998217 -0.0286545 -0.0523667 231.791 
-0.0540855 0.080041 0.995323 -56.9394 -0.0252221 0.996355 -0.0814945 -24.239 -0.998218 -0.0295118 -0.0518696 231.76 
-0.0529516 0.0828681 0.995153 -55.8575 -0.0259105 0.996101 -0.0843258 -24.349 -0.998261 -0.0302501 -0.050598 231.709 
-0.0527198 0.0856647 0.994928 -54.7913 -0.0282497 0.995787 -0.0872355 -24.4456 -0.99821 -0.0327054 -0.0500777 231.698 
-0.0521762 0.0864796 0.994886 -53.7489 -0.0297651 0.995666 -0.0881083 -24.5552 -0.998194 -0.0342101 -0.049376 231.686 
-0.0495613 0.0867784 0.994994 -52.7332 -0.0303949 0.995626 -0.0883475 -24.6838 -0.998309 -0.0346214 -0.0467069 231.671 
-0.0471355 0.0881999 0.994987 -51.6909 -0.033058 0.995411 -0.0898035 -24.775 -0.998341 -0.0371253 -0.0440035 231.66 
-0.0428684 0.0893491 0.995077 -50.6799 -0.0345977 0.995263 -0.0908561 -24.8798 -0.998482 -0.0383222 -0.039574 231.652 
-0.0392074 0.0885254 0.995302 -49.7157 -0.0356823 0.995309 -0.0899316 -24.9666 -0.998594 -0.0390406 -0.0358647 231.7 
-0.0319287 0.0860447 0.99578 -48.6948 -0.0350265 0.995579 -0.0871504 -25.0912 -0.998876 -0.0376613 -0.0287737 231.686 
-0.0258671 0.0850781 0.996038 -47.7034 -0.0325171 0.995773 -0.0858999 -25.2033 -0.999136 -0.0346103 -0.0229913 231.708 
-0.0198901 0.0877863 0.995941 -46.7185 -0.0310145 0.995604 -0.088376 -25.2842 -0.999321 -0.0326464 -0.01708 231.738 
-0.0143742 0.0867001 0.996131 -45.7069 -0.0310277 0.995715 -0.0871116 -25.3923 -0.999415 -0.0321598 -0.0116225 231.773 
-0.00809391 0.086108 0.996253 -44.7054 -0.0322304 0.995746 -0.086326 -25.4918 -0.999448 -0.0328084 -0.00528418 231.798 
-0.00205801 0.0827907 0.996565 -43.783 -0.0327892 0.996026 -0.0828136 -25.606 -0.99946 -0.032847 0.000664815 231.854 
0.00401515 0.0817832 0.996642 -42.7584 -0.0325679 0.996132 -0.0816101 -25.7019 -0.999462 -0.0321309 0.00666312 231.877 
0.00913035 0.0828466 0.996521 -41.7878 -0.0350549 0.995976 -0.0824801 -25.7962 -0.999344 -0.0341799 0.0119978 231.918 
0.0159169 0.0856874 0.996195 -40.8063 -0.0360691 0.995722 -0.0850703 -25.8968 -0.999223 -0.0345778 0.0189394 231.973 
0.0222589 0.0868017 0.995977 -39.8322 -0.0358004 0.995654 -0.0859734 -25.9935 -0.999111 -0.0337427 0.0252697 232.034 
0.0281622 0.0883666 0.99569 -38.8612 -0.0371814 0.995488 -0.087297 -26.0969 -0.998912 -0.0345627 0.0313208 232.097 
0.0329684 0.0898613 0.995409 -37.9331 -0.0393667 0.995294 -0.088547 -26.1826 -0.998681 -0.0362667 0.0363508 232.175 
0.0405207 0.0888161 0.995224 -36.9605 -0.039557 0.995403 -0.0872216 -26.2943 -0.998395 -0.0358338 0.0438478 232.221 
0.0464833 0.0855417 0.99525 -35.999 -0.038225 0.995749 -0.0837993 -26.3871 -0.998187 -0.0341482 0.0495555 232.304 
0.0510167 0.0843681 0.995128 -35.0362 -0.0387044 0.995844 -0.0824445 -26.4822 -0.997948 -0.0343098 0.0540701 232.418 
0.0576167 0.0839478 0.994803 -34.0756 -0.040837 0.995823 -0.0816686 -26.5898 -0.997503 -0.0359193 0.0608042 232.485 
0.0629803 0.0850702 0.994383 -33.1491 -0.0422101 0.995696 -0.0825091 -26.6676 -0.997122 -0.0367765 0.0663 232.617 
