1 -4.23778e-08 4.22719e-08 0 -4.23778e-08 1 -4.19404e-08 0 4.22719e-08 -4.19404e-08 1 0 
0.999992 -0.00231616 -0.0032452 -0.0143865 0.00231084 0.999996 -0.00161472 -0.0129676 0.00324902 0.00160712 0.999993 0.657828 
0.999977 0.000223658 -0.00672518 -0.0501308 -0.00024389 0.999995 -0.00299512 -0.0224257 0.00672456 0.00299661 0.999973 1.35241 
0.999946 -0.00058999 -0.0103317 -0.0907858 0.000537171 0.999987 -0.0051062 -0.0209213 0.0103347 0.00510029 0.999934 2.04904 
0.999879 0.000917829 -0.0155349 -0.121539 -0.0010029 0.999984 -0.00546401 -0.0316419 0.0155297 0.00547885 0.999864 2.7745 
0.999815 0.000102934 -0.0192292 -0.157679 -0.000202691 0.999986 -0.00518153 -0.052285 0.0192285 0.00518438 0.999802 3.5057 
0.999764 0.00282552 -0.0215373 -0.248208 -0.00295315 0.999978 -0.00589284 -0.0782304 0.0215202 0.00595497 0.999751 4.22437 
0.999679 0.00769255 -0.0241527 -0.330842 -0.00783841 0.999952 -0.00594686 -0.121233 0.0241058 0.00613419 0.999691 4.97506 
0.999556 0.00738105 -0.0288652 -0.371154 -0.00750011 0.999964 -0.00401554 -0.13584 0.0288346 0.00423017 0.999575 5.75448 
0.999459 0.00676117 -0.0321843 -0.426547 -0.00683927 0.999974 -0.00231457 -0.127579 0.0321679 0.00253335 0.999479 6.55463 
0.999369 0.00643881 -0.0349222 -0.477973 -0.00645636 0.999979 -0.000387348 -0.112369 0.034919 0.000612488 0.99939 7.36246 
0.999311 0.00794891 -0.0362513 -0.538498 -0.00799448 0.999967 -0.00110993 -0.120701 0.0362414 0.00139889 0.999342 8.17005 
0.999275 0.00709817 -0.0373977 -0.601626 -0.00719315 0.999971 -0.00240369 -0.102693 0.0373796 0.00267087 0.999297 8.96494 
0.999258 0.00376805 -0.0383317 -0.656194 -0.00390799 0.999986 -0.00357439 -0.0988245 0.0383177 0.00372145 0.999259 9.78757 
0.999192 0.00380625 -0.0400052 -0.709844 -0.00392286 0.999988 -0.00283462 -0.108467 0.039994 0.00298918 0.999195 10.6642 
0.999151 0.00148045 -0.0411647 -0.763524 -0.001583 0.999996 -0.00245671 -0.123071 0.041161 0.0025197 0.999149 11.5031 
0.999093 0.00432004 -0.0423553 -0.82312 -0.00454246 0.999976 -0.00515445 -0.133036 0.0423321 0.00534209 0.999089 12.3603 
0.99904 0.00458081 -0.0435541 -0.878873 -0.00495272 0.999952 -0.00843289 -0.132036 0.0435135 0.00864042 0.999015 13.2367 
0.999034 0.00869145 -0.0430721 -0.970418 -0.00912131 0.99991 -0.00979152 -0.142218 0.0429833 0.0101748 0.999024 14.0978 
0.998991 0.0103158 -0.0437049 -1.0295 -0.0107576 0.999893 -0.00988283 -0.148517 0.0435984 0.0103429 0.998996 14.9774 
0.999058 0.00970119 -0.0422923 -1.14483 -0.0100701 0.999913 -0.00851625 -0.159145 0.0422061 0.00893403 0.999069 15.855 
0.999061 0.00899635 -0.0423898 -1.22518 -0.00936315 0.99992 -0.00846059 -0.148687 0.0423104 0.00884945 0.999065 16.7426 
0.999027 0.0085994 -0.0432558 -1.27967 -0.00899763 0.999919 -0.00901812 -0.158404 0.0431748 0.00939846 0.999023 17.6432 
0.998981 0.00884282 -0.044259 -1.32462 -0.00923488 0.99992 -0.00865982 -0.19538 0.044179 0.00905964 0.998982 18.5286 
0.998969 0.00852324 -0.0445792 -1.39344 -0.00893929 0.999918 -0.00913995 -0.212957 0.0444977 0.00952895 0.998964 19.465 
0.998971 0.00831969 -0.0445734 -1.46102 -0.00867838 0.999931 -0.00785787 -0.220529 0.044505 0.00823652 0.998975 20.3913 
0.998994 0.00937067 -0.0438596 -1.53087 -0.00957469 0.999944 -0.00444183 -0.239467 0.0438156 0.00485722 0.999028 21.3198 
0.999006 0.00923059 -0.0436084 -1.5749 -0.00924633 0.999957 -0.000157225 -0.26554 0.0436052 0.000560201 0.999049 22.2481 
0.999077 0.00739993 -0.0423083 -1.62117 -0.00727465 0.999969 0.00311638 -0.275164 0.0423301 -0.00280581 0.9991 23.1807 
0.999134 0.00857612 -0.0407051 -1.66954 -0.00842501 0.999957 0.00388451 -0.281654 0.0407367 -0.00353829 0.999164 24.1433 
0.999206 0.0071366 -0.0391882 -1.73185 -0.0070584 0.999973 0.00213559 -0.306491 0.0392024 -0.00185738 0.999229 25.0582 
0.999257 0.00786972 -0.0377349 -1.79914 -0.00798485 0.999964 -0.00289919 -0.314104 0.0377108 0.00319826 0.999283 25.9782 
0.999354 0.00637247 -0.0353771 -1.86105 -0.00656329 0.999964 -0.00527814 -0.334273 0.0353423 0.00550683 0.99936 26.9297 
0.99941 0.00389469 -0.034117 -1.90564 -0.00405519 0.999981 -0.00463406 -0.342916 0.0340984 0.00476959 0.999407 27.8822 
0.99939 0.00249395 -0.0348289 -1.94693 -0.0024748 0.999997 0.00059556 -0.351804 0.0348304 -0.000509087 0.999393 28.8655 
0.999387 -0.00113009 -0.0349937 -2.01293 0.00125461 0.999993 0.00353881 -0.352166 0.0349895 -0.00358063 0.999381 29.8332 
0.999317 -0.00853021 -0.0359388 -2.04875 0.00862155 0.99996 0.00238946 -0.348706 0.0359171 -0.00269777 0.999351 30.8384 
0.999232 -0.0104877 -0.0377395 -2.09029 0.0104313 0.999944 -0.00168766 -0.356709 0.0377551 0.0012926 0.999286 31.8509 
0.999172 -0.00940464 -0.0395856 -2.1268 0.0091978 0.999943 -0.0054018 -0.386975 0.0396342 0.00503314 0.999201 32.8363 
0.999122 -0.00825781 -0.0410685 -2.19705 0.00800458 0.999948 -0.00632486 -0.398283 0.0411187 0.00599048 0.999136 33.8264 
0.999234 -0.00757565 -0.0383993 -2.3161 0.00731427 0.999949 -0.00694055 -0.376308 0.03845 0.00665428 0.999238 34.7676 
0.999219 -0.0052181 -0.0391708 -2.39605 0.00504083 0.999977 -0.00462103 -0.388333 0.0391941 0.00441988 0.999222 35.7808 
0.999219 -0.0052446 -0.0391618 -2.47484 0.00511889 0.999981 -0.00330744 -0.405489 0.0391785 0.00310431 0.999227 36.7656 
0.999176 -0.0026872 -0.0404966 -2.51772 0.00270278 0.999996 0.000332116 -0.445431 0.0404957 -0.000441381 0.99918 37.7577 
0.999166 -0.00227071 -0.0407604 -2.56387 0.00237862 0.999994 0.00260102 -0.443155 0.0407543 -0.00269589 0.999165 38.7629 
0.999213 0.00387734 -0.0394612 -2.68164 -0.00368497 0.999981 0.00494849 -0.465916 0.0394798 -0.00479927 0.999209 39.7301 
0.999216 0.00331967 -0.0394522 -2.73639 -0.0031272 0.999983 0.0049415 -0.490299 0.039468 -0.00481434 0.999209 40.7273 
0.999256 0.00405953 -0.0383577 -2.80158 -0.00393004 0.999986 0.00345289 -0.495464 0.0383713 -0.00329966 0.999258 41.7404 
0.999228 0.00665789 -0.0387138 -2.8461 -0.00659283 0.999977 0.00181005 -0.517923 0.0387251 -0.00155351 0.999249 42.7208 
0.999219 0.00798266 -0.0387081 -2.92508 -0.00792189 0.999967 0.00172513 -0.534973 0.0387207 -0.00141723 0.999249 43.697 
0.999184 0.00555649 -0.0399941 -2.97597 -0.0054539 0.999981 0.0026759 -0.546394 0.0400083 -0.00245568 0.999196 44.6572 
0.999169 0.0050859 -0.0404298 -3.03504 -0.00495701 0.999982 0.00328953 -0.539432 0.0404459 -0.00308647 0.999177 45.6083 
0.999144 0.00854887 -0.0404798 -3.08933 -0.0085804 0.999963 -0.00060318 -0.54533 0.0404732 0.000949911 0.99918 46.5731 
0.999081 0.00882424 -0.0419311 -3.14181 -0.00905163 0.999945 -0.00523414 -0.549719 0.0418827 0.0056088 0.999107 47.5584 
0.999056 0.00882377 -0.0425398 -3.19769 -0.00911386 0.999936 -0.00662816 -0.563515 0.0424787 0.00700951 0.999073 48.5189 
0.999019 0.00736536 -0.0436563 -3.24088 -0.00753091 0.999965 -0.00362709 -0.569175 0.0436282 0.00395222 0.99904 49.4904 
0.999006 0.0045713 -0.0443475 -3.28708 -0.00460354 0.999989 -0.000623028 -0.585143 0.0443442 0.000826478 0.999016 50.4548 
0.999035 0.00297409 -0.0438252 -3.35814 -0.00298183 0.999995 -0.000109529 -0.599213 0.0438247 0.000240017 0.999039 51.4024 
0.999072 -0.000647527 -0.043063 -3.42127 0.000612119 0.999999 -0.00083349 -0.621475 0.0430636 0.000806271 0.999072 52.3508 
0.999014 -0.00333849 -0.0442584 -3.45464 0.00325672 0.999993 -0.00191765 -0.645761 0.0442646 0.00177154 0.999018 53.3041 
0.999005 -0.00461434 -0.0443508 -3.53272 0.00457702 0.999989 -0.000941114 -0.651946 0.0443548 0.000737098 0.999015 54.2317 
0.998963 -0.00729468 -0.0449351 -3.59787 0.00744982 0.999967 0.00328806 -0.668786 0.0449097 -0.00361949 0.998984 55.1763 
0.998928 -0.0079859 -0.0455918 -3.65735 0.00837781 0.999929 0.00841337 -0.682109 0.0455214 -0.0087864 0.998925 56.1118 
0.998908 -0.00695327 -0.0461979 -3.71673 0.00744231 0.999918 0.0104241 -0.691776 0.0461217 -0.0107566 0.998878 57.0616 
0.998869 -0.00652038 -0.0471058 -3.7869 0.0068885 0.999947 0.00765853 -0.715008 0.0470535 -0.00797444 0.99886 58.0034 
0.998819 -0.00379483 -0.048434 -3.84811 0.00379841 0.999993 -1.64413e-05 -0.723966 0.0484338 -0.000167637 0.998826 58.9215 
0.99882 -0.00156607 -0.0485336 -3.92448 0.0013125 0.999985 -0.00525423 -0.735973 0.0485412 0.00518425 0.998808 59.8237 
0.998831 0.00172111 -0.0483015 -3.99742 -0.00191698 0.99999 -0.00400748 -0.750009 0.0482942 0.0040953 0.998825 60.6967 
0.998731 0.00377513 -0.0502115 -4.05669 -0.00386827 0.999991 -0.00175629 -0.769588 0.0502045 0.00194821 0.998737 61.5929 
0.998686 0.00561939 -0.05094 -4.1228 -0.00558974 0.999984 0.000725974 -0.79673 0.0509433 -0.000440365 0.998701 62.4778 
0.998644 0.00721465 -0.0515616 -4.18876 -0.00723575 0.999974 -0.000220977 -0.797003 0.0515587 0.000593678 0.99867 63.3153 
0.998608 0.00986112 -0.0518156 -4.27341 -0.00986963 0.999951 9.3204e-05 -0.815789 0.0518141 0.000418241 0.998657 64.161 
0.99856 0.0131608 -0.0520057 -4.34609 -0.013103 0.999913 0.00145451 -0.840422 0.0520204 -0.00077107 0.998646 64.9368 
0.998459 0.0127307 -0.0540098 -4.39996 -0.0126644 0.999918 0.00157021 -0.847228 0.0540255 -0.000883869 0.998539 65.7337 
0.99846 0.0127367 -0.0539906 -4.48165 -0.0126395 0.999918 0.00214251 -0.84722 0.0540136 -0.00145688 0.998539 66.5091 
0.998333 0.0154422 -0.0556117 -4.52839 -0.015167 0.99987 0.00536771 -0.86542 0.0556875 -0.00451538 0.998438 67.3062 
0.998169 0.015359 -0.0584953 -4.57571 -0.0148565 0.999849 0.00901723 -0.867196 0.058625 -0.00813177 0.998247 68.1546 
0.998018 0.0187889 -0.0600511 -4.63706 -0.0181597 0.999774 0.0110081 -0.88157 0.0602444 -0.00989589 0.998135 68.9068 
0.997926 0.0207662 -0.0609326 -4.71049 -0.0203547 0.999766 0.0073668 -0.901617 0.0610714 -0.00611134 0.998115 69.6552 
0.997842 0.0217243 -0.0619633 -4.76533 -0.0217603 0.999763 9.55829e-05 -0.921337 0.0619508 0.00125288 0.998078 70.362 
0.997711 0.0208088 -0.0643376 -4.80864 -0.0211899 0.999762 -0.0052459 -0.935627 0.0642132 0.00659711 0.997914 71.0763 
0.997632 0.0217147 -0.065259 -4.85337 -0.0221792 0.999733 -0.00640035 -0.939994 0.0651028 0.0078325 0.997848 71.7572 
0.997603 0.0246337 -0.06467 -4.94463 -0.0248484 0.999688 -0.00251765 -0.966106 0.0645879 0.00411847 0.997903 72.4415 
0.997449 0.0244052 -0.0670838 -4.974 -0.0244089 0.999702 0.000765401 -1.00237 0.0670826 0.000873909 0.997747 73.0904 
0.9975 0.0212971 -0.0673762 -5.03864 -0.0214749 0.999767 -0.00191454 -1.02842 0.0673199 0.00335657 0.997726 73.6829 
0.997622 0.0138426 -0.0675172 -5.08038 -0.0143768 0.999869 -0.00743191 -1.03321 0.0674056 0.00838483 0.99769 74.284 
0.997818 0.00967146 -0.0653185 -5.15663 -0.0104347 0.999881 -0.0113533 -1.0624 0.065201 0.01201 0.9978 74.876 
0.998008 0.0125997 -0.0618203 -5.20746 -0.013332 0.999846 -0.0114453 -1.08624 0.0616667 0.0122466 0.998022 75.4652 
0.998163 0.0173782 -0.0580369 -5.25897 -0.0179414 0.999797 -0.00919624 -1.08474 0.0578654 0.0102205 0.998272 76.0562 
0.998384 0.0160618 -0.054508 -5.26982 -0.0164272 0.999845 -0.00626068 -1.09299 0.0543991 0.00714589 0.998494 76.6094 
0.998755 0.0112878 -0.0485853 -5.30698 -0.0114059 0.999933 -0.00215438 -1.11767 0.0485578 0.00270577 0.998817 77.1559 
0.999171 0.00642649 -0.0402056 -5.32892 -0.0063509 0.999978 0.00200962 -1.13601 0.0402177 -0.0017527 0.999189 77.6794 
0.999503 0.0101875 -0.0298294 -5.33909 -0.0101305 0.999946 0.0020661 -1.15179 0.0298489 -0.00176297 0.999553 78.1924 
0.999777 0.0155963 -0.0142569 -5.35901 -0.0155749 0.999877 0.00161787 -1.15932 0.0142805 -0.00139555 0.999897 78.7034 
0.999779 0.0207742 0.00325656 -5.34991 -0.0207784 0.999783 0.00122285 -1.15536 -0.00323037 -0.00129033 0.999994 79.1974 
0.999477 0.0192758 0.0259731 -5.34082 -0.0193064 0.999813 0.000923882 -1.15295 -0.0259503 -0.00142493 0.999662 79.6801 
0.998498 0.0153226 0.0526077 -5.30811 -0.0154432 0.999879 0.00188518 -1.16043 -0.0525723 -0.00269486 0.998613 80.1275 
0.99654 0.0139887 0.081931 -5.25013 -0.0143142 0.999892 0.00338627 -1.175 -0.0818747 -0.00454741 0.996632 80.5871 
0.993302 0.0141374 0.114678 -5.18112 -0.0148286 0.999877 0.00517611 -1.18751 -0.114591 -0.00684204 0.993389 81.0305 
0.988209 0.0139362 0.152473 -5.10671 -0.0149274 0.999874 0.00535749 -1.19209 -0.152379 -0.00757042 0.988293 81.4494 
0.98098 0.0136221 0.193629 -4.99122 -0.0148839 0.999876 0.00506308 -1.19791 -0.193536 -0.00784881 0.981062 81.8598 
0.971056 0.0132607 0.238483 -4.86507 -0.014978 0.999873 0.0053899 -1.21091 -0.238381 -0.00880597 0.971132 82.2674 
0.957667 0.0155772 0.287456 -4.7523 -0.0170557 0.999851 0.00263929 -1.21846 -0.287372 -0.00743039 0.95779 82.6314 
0.940002 0.0156763 0.34081 -4.60162 -0.0170961 0.999853 0.0011626 -1.24702 -0.340741 -0.00691941 0.940132 83.0041 
0.91803 0.0160702 0.396185 -4.42027 -0.0169919 0.999855 -0.0011836 -1.25499 -0.396146 -0.0056454 0.91817 83.3555 
0.891517 0.0172409 0.452659 -4.21728 -0.0171392 0.999844 -0.00432658 -1.24797 -0.452662 -0.00390102 0.891673 83.6871 
0.860414 0.0176457 0.509291 -3.9923 -0.0161897 0.999842 -0.0072909 -1.24816 -0.509339 -0.00197213 0.860564 83.9922 
0.824507 0.0159475 0.565627 -3.75094 -0.0130951 0.999873 -0.00910238 -1.26608 -0.5657 9.79972e-05 0.824611 84.2803 
0.784721 0.0168167 0.619621 -3.5037 -0.0123609 0.999858 -0.0114821 -1.27367 -0.619726 0.0013511 0.784817 84.5601 
0.741992 0.0148984 0.670243 -3.24097 -0.011125 0.999889 -0.0099102 -1.29343 -0.670316 -0.0001032 0.742076 84.8075 
0.696181 0.0158013 0.717693 -2.95353 -0.0127416 0.999872 -0.00965438 -1.28805 -0.717753 -0.00242341 0.696293 85.0579 
0.647833 0.0141832 0.76165 -2.65337 -0.0112004 0.999896 -0.00909325 -1.29664 -0.7617 -0.0026399 0.647925 85.2863 
0.598828 0.0132284 0.800768 -2.34384 -0.00824135 0.999912 -0.0103553 -1.30827 -0.800835 -0.000398415 0.598885 85.4719 
0.549268 0.0105158 0.83558 -2.01336 -0.00366623 0.999941 -0.0101744 -1.33226 -0.835638 0.00252501 0.549274 85.6528 
0.502261 0.0125798 0.864624 -1.67973 -0.00389252 0.999917 -0.0122872 -1.33687 -0.864707 0.00280578 0.502268 85.7823 
0.452739 0.0157077 0.891504 -1.33803 -0.00722017 0.999877 -0.0139506 -1.34296 -0.891614 -0.000120841 0.452797 85.9381 
0.404581 0.017337 0.914338 -0.992668 -0.00821621 0.999849 -0.015323 -1.36194 -0.914465 -0.00131303 0.404662 86.0729 
0.361796 0.0146889 0.932142 -0.645278 0.00128438 0.999867 -0.0162548 -1.36701 -0.932256 0.00707811 0.361729 86.1593 
0.319638 0.00777837 0.947508 -0.290264 0.0158295 0.999783 -0.0135476 -1.37295 -0.947408 0.0193289 0.319445 86.2501 
0.2838 0.00384114 0.958876 0.0787936 0.0203415 0.999743 -0.0100255 -1.38062 -0.958668 0.0223502 0.283649 86.3258 
0.250974 0.00756992 0.967964 0.422511 0.0168306 0.999784 -0.0121827 -1.39249 -0.967847 0.0193489 0.250792 86.3907 
0.218943 0.0150364 0.975622 0.786631 0.00658536 0.999836 -0.0168875 -1.41014 -0.975715 0.0101222 0.218808 86.4765 
0.189927 0.0188852 0.981616 1.15977 0.00476504 0.999785 -0.0201569 -1.42624 -0.981786 0.00850578 0.189797 86.5438 
0.164213 0.0206464 0.986209 1.55691 0.00566254 0.999745 -0.0218728 -1.44448 -0.986409 0.00917624 0.164054 86.5968 
0.140644 0.0221122 0.989813 1.96175 0.013701 0.999611 -0.024278 -1.44754 -0.989965 0.016976 0.140286 86.6273 
0.121534 0.0287455 0.992171 2.3552 0.0216006 0.999267 -0.0315971 -1.45069 -0.992352 0.0252716 0.120824 86.6315 
0.101145 0.034394 0.994277 2.79662 0.025719 0.998978 -0.0371731 -1.45799 -0.994539 0.0293317 0.100157 86.6846 
0.0846804 0.0348303 0.995799 3.14796 0.0248122 0.999005 -0.0370525 -1.48288 -0.996099 0.0278456 0.0837319 86.7041 
0.0696398 0.0306412 0.997101 3.5745 0.0255987 0.999144 -0.0324919 -1.49744 -0.997244 0.0277872 0.0687958 86.7205 
0.0539442 0.0274435 0.998167 4.08176 0.0264226 0.999233 -0.0289009 -1.5084 -0.998194 0.0279332 0.0531777 86.7693 
0.0408409 0.022642 0.998909 4.54237 0.027789 0.999331 -0.0237878 -1.55814 -0.998779 0.0287302 0.0401843 86.7768 
0.0294266 0.0229847 0.999303 5.04495 0.0327305 0.999177 -0.0239457 -1.56684 -0.999031 0.0334123 0.0286501 86.7845 
0.0173902 0.0243962 0.999551 5.53282 0.0347201 0.999085 -0.024989 -1.57247 -0.999246 0.0351391 0.0165272 86.8144 
0.0103518 0.024983 0.999634 6.05768 0.0381071 0.998952 -0.0253607 -1.58953 -0.99922 0.0383557 0.00938896 86.8102 
0.00704046 0.0253027 0.999655 6.58491 0.0407773 0.998841 -0.0255694 -1.60761 -0.999143 0.0409432 0.00600052 86.7695 
0.00061473 0.0258432 0.999666 7.16448 0.0414535 0.998806 -0.0258466 -1.62846 -0.99914 0.0414555 -0.000457296 86.7803 
-0.00595012 0.0269894 0.999618 7.7447 0.0415105 0.998781 -0.0267198 -1.64058 -0.99912 0.0413357 -0.00706321 86.8007 
-0.00964988 0.0274584 0.999576 8.34126 0.0440303 0.998665 -0.0270084 -1.65025 -0.998984 0.043751 -0.010846 86.7913 
-0.0118993 0.027293 0.999557 8.94072 0.0457076 0.998597 -0.0267228 -1.67643 -0.998884 0.0453694 -0.0131301 86.7719 
-0.0155714 0.0264656 0.999528 9.53393 0.0463671 0.998593 -0.0257186 -1.70845 -0.998803 0.0459448 -0.0167766 86.7885 
-0.018643 0.0252517 0.999507 10.1679 0.0497399 0.998467 -0.0242977 -1.74752 -0.998588 0.0492624 -0.0198705 86.808 
-0.0191052 0.0244 0.99952 10.8503 0.0536871 0.998285 -0.0233437 -1.77601 -0.998375 0.0532153 -0.0203824 86.7898 
-0.0186746 0.0245234 0.999525 11.5368 0.0563394 0.998136 -0.0234368 -1.79759 -0.998237 0.055875 -0.0200214 86.7987 
-0.0154933 0.0243853 0.999582 12.2609 0.0577519 0.998055 -0.023453 -1.81713 -0.998211 0.0573644 -0.0168715 86.7707 
-0.0113424 0.0241168 0.999645 12.9847 0.0611095 0.997857 -0.0233804 -1.85018 -0.998067 0.0608226 -0.0127918 86.7668 
-0.00744577 0.0235953 0.999694 13.7119 0.0612067 0.997858 -0.0230962 -1.87152 -0.998097 0.061016 -0.00887402 86.7781 
-0.00237971 0.0222988 0.999748 14.4924 0.0636865 0.997725 -0.0221021 -1.8901 -0.997967 0.0636178 -0.00379443 86.7606 
0.000738026 0.0213568 0.999772 15.2512 0.0622314 0.997833 -0.0213614 -1.90434 -0.998061 0.062233 -0.000592641 86.7946 
0.00598647 0.0187496 0.999806 16.0597 0.0599138 0.998021 -0.0190749 -1.92253 -0.998186 0.0600164 0.00485127 86.7891 
0.00934787 0.0181872 0.999791 16.8551 0.0592257 0.998069 -0.0187097 -1.93481 -0.998201 0.0593882 0.00825268 86.8437 
0.0142316 0.018414 0.999729 17.6586 0.0572832 0.998173 -0.0192009 -1.96532 -0.998256 0.0575409 0.0131507 86.8609 
0.0174326 0.02266 0.999591 18.4581 0.0543457 0.998244 -0.0235773 -1.98555 -0.99837 0.0547345 0.0161706 86.8904 
0.0181367 0.0276824 0.999452 19.2498 0.0491332 0.998384 -0.0285445 -2.01334 -0.998627 0.049624 0.0167473 86.9275 
0.0181594 0.0297227 0.999393 20.0591 0.0467886 0.998438 -0.0305445 -2.05276 -0.99874 0.0473149 0.0167403 86.9525 
0.0196525 0.0290309 0.999385 20.8816 0.0443904 0.998567 -0.0298802 -2.08999 -0.998821 0.0449503 0.0183357 86.9629 
0.0190333 0.0263343 0.999472 21.6774 0.0424945 0.998728 -0.027124 -2.13547 -0.998915 0.0429883 0.01789 87.0033 
0.0191969 0.0253516 0.999494 22.5044 0.0433947 0.998715 -0.0261654 -2.16637 -0.998873 0.043875 0.0180721 87.0207 
0.0191232 0.0247939 0.99951 23.3182 0.0409934 0.998832 -0.0255615 -2.19852 -0.998976 0.0414622 0.0180845 87.0607 
0.0192841 0.0253933 0.999491 24.1133 0.0385762 0.998914 -0.026123 -2.22511 -0.999069 0.0390603 0.0182836 87.1 
0.0197471 0.0261317 0.999463 24.9281 0.0355717 0.999007 -0.0268227 -2.25676 -0.999172 0.0360823 0.0187979 87.1259 
0.0192821 0.0271817 0.999444 25.755 0.0333581 0.999056 -0.0278148 -2.29407 -0.999257 0.0338759 0.0183571 87.1431 
0.0163317 0.0273598 0.999492 26.5807 0.0301828 0.999156 -0.0278439 -2.31526 -0.999411 0.0306222 0.0154921 87.1737 
0.0123336 0.0258298 0.99959 27.3896 0.0265091 0.999306 -0.0261497 -2.3543 -0.999572 0.0268207 0.0116403 87.1974 
0.00725442 0.0235071 0.999697 28.189 0.0250511 0.999406 -0.0236821 -2.3857 -0.99966 0.0252154 0.00666123 87.2175 
0.00201914 0.0211319 0.999775 29.0077 0.0233479 0.999503 -0.0211734 -2.42204 -0.999725 0.0233854 0.00152475 87.2203 
-0.00492583 0.0209797 0.999768 29.8186 0.0237175 0.999501 -0.0208573 -2.46851 -0.999706 0.0236092 -0.00542096 87.2325 
-0.01338 0.0218724 0.999671 30.6217 0.0240373 0.999479 -0.0215466 -2.49791 -0.999621 0.0237411 -0.0138987 87.2166 
-0.0231153 0.0227675 0.999473 31.4494 0.0247264 0.999448 -0.0221951 -2.51832 -0.999427 0.0242003 -0.0236655 87.2083 
-0.0333371 0.0222451 0.999196 32.2468 0.0267997 0.999413 -0.0213558 -2.54322 -0.999085 0.0260662 -0.0339137 87.1817 
-0.0430941 0.0214584 0.99884 33.0292 0.0252497 0.999473 -0.0203827 -2.56812 -0.998752 0.024342 -0.0436132 87.1449 
-0.054748 0.0213318 0.998272 33.8321 0.0273052 0.99943 -0.0198591 -2.59072 -0.998127 0.0261707 -0.0552993 87.1086 
-0.0651445 0.0213811 0.997647 34.6135 0.0288127 0.999394 -0.0195372 -2.62456 -0.99746 0.0274722 -0.0657211 87.0553 
-0.0757738 0.0209439 0.996905 35.3819 0.0288433 0.999407 -0.0188042 -2.66543 -0.996708 0.0273292 -0.0763329 86.9813 
-0.0859314 0.0216459 0.996066 36.1301 0.0281181 0.999418 -0.019293 -2.69003 -0.995904 0.0263496 -0.0864901 86.9231 
-0.0946294 0.0225783 0.995256 36.8826 0.0290589 0.999379 -0.019909 -2.70916 -0.995088 0.0270371 -0.0952268 86.8306 
-0.10371 0.0229325 0.994343 37.6335 0.0298221 0.999356 -0.0199378 -2.74144 -0.99416 0.0275856 -0.104328 86.7536 
-0.113784 0.0235422 0.993226 38.3747 0.0292873 0.999364 -0.0203326 -2.76291 -0.993074 0.0267755 -0.114401 86.6877 
-0.123471 0.0240174 0.992057 39.1295 0.0300772 0.999338 -0.0204504 -2.79197 -0.991892 0.0273133 -0.124111 86.5949 
-0.131203 0.0239712 0.991066 39.8512 0.0320081 0.999289 -0.0199327 -2.8067 -0.990839 0.0291069 -0.131876 86.4835 
-0.138247 0.0221565 0.99015 40.5635 0.0338881 0.99927 -0.0176292 -2.83951 -0.989818 0.0311171 -0.138897 86.3904 
-0.141965 0.0206732 0.989656 41.2918 0.0362633 0.999219 -0.0156711 -2.85663 -0.989207 0.0336634 -0.142604 86.2673 
-0.146148 0.0193454 0.989073 42.0186 0.039087 0.999141 -0.0137668 -2.87166 -0.98849 0.0366479 -0.146779 86.1718 
-0.149018 0.0191622 0.988649 42.7164 0.0391906 0.999141 -0.0134585 -2.88024 -0.988057 0.0367402 -0.149641 86.068 
-0.150863 0.0173569 0.988402 43.3944 0.0408117 0.999103 -0.0113157 -2.91823 -0.987712 0.0386312 -0.151436 85.9764 
-0.15246 0.0175632 0.988154 44.0552 0.0409225 0.999097 -0.0114439 -2.94265 -0.987462 0.038693 -0.153041 85.8882 
-0.15224 0.0185606 0.988169 44.7163 0.0404418 0.999103 -0.0125355 -2.96213 -0.987516 0.038055 -0.152854 85.7973 
-0.148608 0.0207011 0.988679 45.3574 0.0424615 0.998992 -0.0145347 -2.97379 -0.987984 0.0398208 -0.149337 85.7091 
-0.144139 0.0209441 0.989336 46.0068 0.0428883 0.998969 -0.0148996 -2.99102 -0.988627 0.0402834 -0.144889 85.641 
-0.136986 0.0217604 0.990334 46.6029 0.0415573 0.999005 -0.0162027 -3.00831 -0.989701 0.038936 -0.137754 85.5856 
-0.126625 0.0215094 0.991717 47.1863 0.0411829 0.999017 -0.0164095 -3.03197 -0.991095 0.038764 -0.127386 85.5512 
-0.112396 0.0218958 0.993422 47.7569 0.0389993 0.999084 -0.0176083 -3.04198 -0.992898 0.0367636 -0.113147 85.4877 
-0.0959927 0.0231625 0.995112 48.3043 0.0380839 0.999083 -0.0195813 -3.0692 -0.994653 0.0360181 -0.0967868 85.4611 
-0.075699 0.0245683 0.996828 48.8707 0.0351712 0.99914 -0.0219544 -3.10189 -0.99651 0.0333977 -0.076498 85.4649 
-0.0521353 0.0273158 0.998266 49.3975 0.0337662 0.999102 -0.0255753 -3.12683 -0.998069 0.0323743 -0.0530108 85.4772 
-0.0234402 0.0294818 0.99929 49.911 0.0322082 0.999068 -0.0287198 -3.13338 -0.999206 0.0315122 -0.0243679 85.4908 
0.00865779 0.0284435 0.999558 50.4292 0.0295786 0.999151 -0.0286882 -3.16279 -0.999525 0.0298139 0.00780911 85.5394 
0.0481567 0.0269163 0.998477 50.9419 0.0296415 0.999158 -0.0283644 -3.16552 -0.9984 0.0309623 0.0473183 85.576 
0.091406 0.0223146 0.995564 51.4421 0.0271099 0.999323 -0.024888 -3.20378 -0.995445 0.0292645 0.0907391 85.6269 
0.137249 0.0183514 0.990367 51.9514 0.0252676 0.999438 -0.0220212 -3.21838 -0.990214 0.0280465 0.136708 85.7259 
0.187585 0.015079 0.982133 52.4301 0.0217949 0.999572 -0.0195096 -3.22839 -0.982006 0.0250652 0.187176 85.8283 
0.240715 0.013802 0.970498 52.9142 0.0186603 0.999648 -0.0188451 -3.24674 -0.970416 0.022646 0.240372 85.958 
0.29694 0.0142942 0.954789 53.3942 0.017862 0.99963 -0.0205207 -3.25215 -0.954729 0.0231478 0.296575 86.1411 
0.355939 0.0143757 0.934399 53.8548 0.020014 0.999535 -0.0230018 -3.27273 -0.934295 0.0268882 0.355486 86.3532 
0.418106 0.0211606 0.908152 54.2995 0.0181724 0.999334 -0.0316518 -3.26478 -0.908216 0.029737 0.417443 86.5817 
0.479256 0.0249288 0.877321 54.7062 0.0191539 0.999061 -0.0388513 -3.28172 -0.877466 0.0354238 0.478329 86.843 
0.539699 0.0290863 0.841356 55.1191 0.015331 0.998898 -0.0443671 -3.30273 -0.841719 0.0368436 0.538658 87.134 
0.59687 0.0327262 0.80167 55.4685 0.0101002 0.998782 -0.0482928 -3.32103 -0.802275 0.0369216 0.595812 87.4522 
0.651595 0.0339468 0.757807 55.8095 0.00740626 0.998666 -0.0511047 -3.34231 -0.75853 0.0389121 0.650475 87.7928 
0.701526 0.0333428 0.711863 56.1027 0.00561607 0.998615 -0.0523085 -3.35281 -0.712621 0.0406936 0.700367 88.1671 
0.748008 0.0284261 0.663081 56.3661 0.00297299 0.998929 -0.0461778 -3.39571 -0.663683 0.0365126 0.747122 88.5498 
0.79102 0.025844 0.611245 56.6081 -0.000720222 0.999146 -0.0413129 -3.40445 -0.61179 0.0322391 0.790363 88.9317 
0.829397 0.0226278 0.558201 56.8289 -0.00399 0.999394 -0.0345841 -3.43171 -0.558645 0.0264567 0.828985 89.358 
0.862776 0.019447 0.505212 57.037 -0.00583208 0.999576 -0.0285169 -3.44108 -0.505553 0.0216572 0.862524 89.789 
0.890049 0.0214234 0.455361 57.1997 -0.0117435 0.999641 -0.0240766 -3.45724 -0.455714 0.0160818 0.889981 90.2204 
0.911285 0.0223343 0.41117 57.3363 -0.0154658 0.99968 -0.0200246 -3.48179 -0.411485 0.011889 0.911339 90.6424 
0.927613 0.0298279 0.372349 57.4647 -0.0251677 0.999532 -0.0173712 -3.50971 -0.372692 0.00674256 0.92793 91.1024 
0.940524 0.0357796 0.337837 57.578 -0.0317135 0.999343 -0.0175496 -3.54157 -0.338243 0.00579172 0.941041 91.5507 
0.950629 0.0384374 0.307939 57.6945 -0.0347032 0.999243 -0.0175959 -3.55154 -0.308382 0.00604063 0.951243 92.0094 
0.95738 0.0348453 0.286721 57.8147 -0.031143 0.999362 -0.0174646 -3.56536 -0.287147 0.0077908 0.957855 92.4733 
0.961874 0.0320052 0.271612 57.9251 -0.0283947 0.999448 -0.0172139 -3.57665 -0.272013 0.00884522 0.962253 92.9438 
0.96516 0.0361163 0.259155 58.0343 -0.0327659 0.999314 -0.017238 -3.59161 -0.259599 0.00814593 0.965682 93.4376 
0.967262 0.0420254 0.250276 58.134 -0.038801 0.999088 -0.0178062 -3.59127 -0.250796 0.0075122 0.968011 93.9441 
0.968347 0.0498923 0.244572 58.2298 -0.0468166 0.998734 -0.0183773 -3.61481 -0.24518 0.00634549 0.969457 94.4644 
0.969103 0.0555152 0.240328 58.3584 -0.051703 0.998417 -0.0221443 -3.62936 -0.241177 0.00903431 0.970439 94.9665 
0.969162 0.0570398 0.239733 58.4747 -0.0525968 0.998305 -0.0248962 -3.65056 -0.240747 0.0115192 0.970519 95.5034 
0.968618 0.0563444 0.242084 58.6127 -0.0510013 0.998298 -0.0282869 -3.67198 -0.243265 0.0150525 0.969843 96.036 
0.967692 0.0552927 0.245996 58.7423 -0.0483276 0.998244 -0.0342665 -3.69631 -0.247459 0.021271 0.968665 96.5831 
0.966373 0.0560211 0.250966 58.8672 -0.0477734 0.998103 -0.0388421 -3.71871 -0.252665 0.0255464 0.967216 97.1536 
0.964977 0.060754 0.255203 59.0141 -0.052712 0.997877 -0.0382409 -3.74705 -0.256985 0.0234493 0.966131 97.7429 
0.963363 0.0636443 0.260539 59.169 -0.0565654 0.9978 -0.0345874 -3.76785 -0.262167 0.0185827 0.964843 98.3191 
0.962305 0.0606631 0.265121 59.3277 -0.0546423 0.998054 -0.0300341 -3.79494 -0.266427 0.0144151 0.963747 98.9304 
0.961453 0.0575683 0.268877 59.5029 -0.0530622 0.998303 -0.0240033 -3.82471 -0.269802 0.00881074 0.962875 99.5228 
0.960746 0.0542786 0.272066 59.6818 -0.0507577 0.998511 -0.019968 -3.83692 -0.272745 0.0053747 0.962071 100.134 
0.960257 0.0492747 0.274734 59.863 -0.0457028 0.998767 -0.0193918 -3.85633 -0.275351 0.00606491 0.961325 100.734 
0.960424 0.0460605 0.274709 60.0493 -0.0417765 0.998897 -0.0214286 -3.89139 -0.275393 0.00910407 0.961289 101.356 
0.960649 0.0457371 0.273975 60.2222 -0.0395823 0.998825 -0.0279543 -3.92176 -0.274931 0.0160096 0.96133 101.981 
0.960854 0.0482384 0.272823 60.3987 -0.0403365 0.99859 -0.0345022 -3.94208 -0.274103 0.0221468 0.961445 102.631 
0.961499 0.0521982 0.269807 60.5824 -0.0434201 0.998318 -0.0384058 -3.95667 -0.271358 0.025212 0.962148 103.312 
0.962353 0.0496811 0.267223 60.76 -0.0417989 0.998509 -0.0351083 -3.97379 -0.268569 0.0226169 0.962995 104.01 
0.96289 0.0457693 0.265986 60.9472 -0.0399415 0.998829 -0.0272816 -3.99934 -0.266923 0.0156452 0.963591 104.715 
0.963739 0.0455464 0.262932 61.1325 -0.0414279 0.998917 -0.0211899 -4.03866 -0.263612 0.00952875 0.964582 105.414 
0.964017 0.0486384 0.261353 61.3086 -0.0445039 0.998773 -0.021719 -4.06665 -0.262089 0.00930614 0.964999 106.144 
0.964326 0.0544337 0.25906 61.4743 -0.0491151 0.998429 -0.0269639 -4.08526 -0.260121 0.0132782 0.965485 106.87 
0.965592 0.054885 0.254204 61.6709 -0.0483298 0.99832 -0.0319665 -4.10354 -0.255531 0.0185809 0.966622 107.596 
0.966694 0.0531897 0.250345 61.8481 -0.0460008 0.998346 -0.0344849 -4.14605 -0.251766 0.0218202 0.967542 108.35 
0.96774 0.0508048 0.246775 62.0314 -0.0438524 0.998473 -0.0335917 -4.17203 -0.248105 0.0216863 0.96849 109.119 
0.968792 0.0465492 0.243463 62.2173 -0.0401031 0.998703 -0.0313698 -4.2066 -0.244608 0.0206272 0.969403 109.911 
0.969281 0.0456323 0.241687 62.4024 -0.0398579 0.998792 -0.0287301 -4.2392 -0.242706 0.0182143 0.969929 110.696 
0.969918 0.0415088 0.239867 62.6025 -0.036176 0.998991 -0.026595 -4.26272 -0.240729 0.0171174 0.970441 111.476 
0.970171 0.037078 0.23957 62.7929 -0.0319929 0.999173 -0.0250815 -4.29456 -0.240302 0.0166688 0.970555 112.278 
0.97042 0.0370965 0.238554 62.9789 -0.0325499 0.999206 -0.022972 -4.33687 -0.239217 0.0145275 0.970857 113.063 
0.970078 0.043177 0.238925 63.1597 -0.0382937 0.998953 -0.0250454 -4.36188 -0.239756 0.0151466 0.970715 113.878 
0.969588 0.048963 0.239795 63.3272 -0.0433777 0.998652 -0.0285186 -4.39228 -0.240868 0.0172495 0.970405 114.7 
0.968986 0.0578594 0.240246 63.5155 -0.0522567 0.998194 -0.0296324 -4.4276 -0.241526 0.0161588 0.97026 115.503 
0.967768 0.0651072 0.243281 63.6922 -0.0599776 0.997794 -0.0284413 -4.46513 -0.244596 0.0129331 0.969539 116.304 
0.966962 0.0675791 0.245799 63.8986 -0.0627295 0.997651 -0.0275163 -4.48825 -0.247081 0.0111883 0.96893 117.157 
0.966241 0.0691486 0.248187 64.0996 -0.0640195 0.997536 -0.0286885 -4.51385 -0.249559 0.0118311 0.968287 117.99 
0.966111 0.0674337 0.249164 64.3151 -0.0616008 0.997615 -0.031143 -4.55333 -0.25067 0.0147388 0.96796 118.818 
0.966296 0.0608268 0.250146 64.5356 -0.0549518 0.998026 -0.0304108 -4.58259 -0.251502 0.0156398 0.96773 119.648 
0.966706 0.0540807 0.250108 64.7393 -0.0476859 0.998364 -0.0315624 -4.62029 -0.251406 0.0185849 0.967703 120.486 
0.966346 0.0544124 0.251426 64.948 -0.0480241 0.99835 -0.0314799 -4.66441 -0.252724 0.0183459 0.967364 121.322 
0.965591 0.0573528 0.253662 65.1408 -0.0519031 0.998256 -0.0281307 -4.71004 -0.254833 0.0139968 0.966884 122.169 
0.965129 0.059644 0.25489 65.3411 -0.0559066 0.998196 -0.0218899 -4.75722 -0.255735 0.0068765 0.966722 122.98 
0.964745 0.0619933 0.255781 65.5458 -0.0593726 0.998074 -0.0179633 -4.7887 -0.256402 0.00214354 0.966568 123.818 
0.964477 0.0610924 0.257003 65.7417 -0.0566593 0.99809 -0.0246268 -4.82446 -0.258017 0.00919033 0.966097 124.629 
0.96491 0.0582102 0.256047 65.9626 -0.0503196 0.998038 -0.0372675 -4.88267 -0.257714 0.0230755 0.965946 125.43 
0.965066 0.0560379 0.255942 66.1542 -0.0453054 0.997836 -0.0476436 -4.9096 -0.258058 0.0343836 0.965517 126.27 
0.965354 0.0524852 0.255609 66.3585 -0.0440517 0.998283 -0.0386123 -4.94132 -0.257196 0.0260145 0.966009 127.098 
0.965809 0.0461793 0.255108 66.5693 -0.0431034 0.998915 -0.0176383 -4.98401 -0.255645 0.00603913 0.966752 127.945 
0.966164 0.0412047 0.254616 66.7761 -0.0420257 0.999114 -0.00221729 -5.02262 -0.254481 -0.00855821 0.96704 128.782 
0.966149 0.0459854 0.253853 66.9635 -0.0453574 0.998936 -0.00832965 -5.04715 -0.253966 -0.0034665 0.967207 129.58 
0.966326 0.0552169 0.251326 67.1508 -0.0508268 0.998421 -0.0239312 -5.08001 -0.25225 0.0103512 0.967607 130.374 
0.966684 0.0546557 0.250071 67.3423 -0.0481331 0.998324 -0.0321298 -5.09928 -0.251408 0.0190226 0.967694 131.168 
0.967625 0.0503168 0.247324 67.54 -0.0435746 0.998516 -0.0326631 -5.13586 -0.2486 0.0208285 0.968382 131.956 
0.968247 0.050699 0.244801 67.7227 -0.0444394 0.99853 -0.0310301 -5.17141 -0.246014 0.0191659 0.969077 132.743 
0.969191 0.0500691 0.241166 67.9096 -0.0435903 0.998533 -0.032129 -5.20336 -0.242421 0.0206265 0.969952 133.544 
0.970332 0.0513115 0.236267 68.0934 -0.0445733 0.998435 -0.0337772 -5.2376 -0.23763 0.0222439 0.971101 134.348 
0.970749 0.0576113 0.233083 68.2721 -0.0511767 0.998125 -0.0335659 -5.29097 -0.23458 0.0206555 0.971877 135.145 
0.971034 0.062637 0.230587 68.4427 -0.0564549 0.997849 -0.033318 -5.33361 -0.232178 0.019335 0.972481 135.948 
0.971528 0.0639813 0.228121 68.6203 -0.0581913 0.997792 -0.0320253 -5.35671 -0.229666 0.0178388 0.973106 136.736 
0.971968 0.0609486 0.227078 68.7981 -0.0563226 0.998053 -0.0268027 -5.40541 -0.228269 0.0132616 0.973508 137.528 
0.972511 0.0588905 0.225286 68.9649 -0.0541405 0.998162 -0.0272108 -5.43444 -0.226474 0.0142657 0.973913 138.308 
0.973219 0.0568724 0.222732 69.1389 -0.0514821 0.998225 -0.029938 -5.4724 -0.22404 0.0176695 0.97442 139.093 
0.974398 0.0515618 0.218838 69.2853 -0.0453568 0.998416 -0.0332876 -5.51163 -0.220207 0.0225095 0.975193 139.892 
0.976207 0.047813 0.211503 69.4527 -0.0413489 0.998536 -0.0348838 -5.53279 -0.212861 0.0253084 0.976755 140.659 
0.977707 0.0465909 0.204738 69.6001 -0.041574 0.998722 -0.0287402 -5.57773 -0.205815 0.0195877 0.978395 141.429 
0.979214 0.0425024 0.198325 69.7562 -0.0391594 0.999017 -0.0207502 -5.5905 -0.199012 0.0125525 0.979917 142.24 
0.979928 0.0399487 0.195309 69.8898 -0.0384366 0.999194 -0.0115277 -5.60649 -0.195612 0.00378925 0.980674 143.03 
0.980343 0.0471631 0.191581 70.0194 -0.0464374 0.998887 -0.00827877 -5.64108 -0.191758 -0.000780549 0.981442 143.832 
0.981283 0.0485665 0.186347 70.1469 -0.0471028 0.998815 -0.0122776 -5.6727 -0.186722 0.00327031 0.982407 144.601 
0.982554 0.0498515 0.17917 70.2721 -0.0465364 0.998659 -0.0226611 -5.69591 -0.180059 0.0139278 0.983557 145.388 
0.983863 0.0475355 0.172492 70.4066 -0.0433847 0.998673 -0.0277569 -5.7173 -0.173583 0.0198254 0.98462 146.203 
0.984882 0.0468069 0.166785 70.507 -0.0430112 0.998728 -0.0263006 -5.74911 -0.167804 0.0187293 0.985642 147.012 
0.985812 0.0529673 0.159279 70.6146 -0.0500145 0.998495 -0.022494 -5.77347 -0.16023 0.0142085 0.986977 147.818 
0.986726 0.0580642 0.151658 70.712 -0.0551437 0.998204 -0.0233966 -5.81241 -0.152744 0.014723 0.988156 148.635 
0.988187 0.060533 0.140793 70.8129 -0.0569784 0.99795 -0.0291469 -5.83899 -0.142269 0.0207804 0.98961 149.439 
0.989446 0.0590315 0.132334 70.9031 -0.0554419 0.997991 -0.0306521 -5.87607 -0.133878 0.0229917 0.990731 150.233 
0.990528 0.0598231 0.123597 70.9991 -0.0567184 0.997984 -0.0284908 -5.89527 -0.125052 0.0212106 0.991923 151.033 
0.991198 0.0628229 0.116532 71.06 -0.0608198 0.997935 -0.0206705 -5.93505 -0.11759 0.0134011 0.992972 151.854 
0.991813 0.0673002 0.108523 71.1221 -0.0660232 0.9977 -0.0153225 -5.95968 -0.109304 0.00803192 0.993976 152.682 
0.992748 0.0657722 0.100624 71.1984 -0.0649443 0.997823 -0.0114864 -5.98877 -0.10116 0.00486805 0.994858 153.515 
0.993261 0.0661878 0.0951368 71.2461 -0.0656515 0.997804 -0.00876045 -6.01259 -0.0955077 0.00245546 0.995426 154.335 
0.993677 0.0655485 0.0911551 71.3052 -0.0647788 0.997835 -0.0113815 -6.0242 -0.0917037 0.00540458 0.995772 155.152 
0.993697 0.0703851 0.0872495 71.3347 -0.0691753 0.997463 -0.0168175 -6.04229 -0.0882117 0.0106759 0.996044 155.991 
0.993613 0.076643 0.0828206 71.3871 -0.0749755 0.996919 -0.0230648 -6.0639 -0.0843331 0.0167079 0.996297 156.791 
0.993808 0.0775381 0.0795881 71.4312 -0.0757135 0.996798 -0.025698 -6.08445 -0.0813257 0.0195129 0.996496 157.614 
0.993907 0.0786906 0.0771824 71.4686 -0.0774342 0.996814 -0.0191431 -6.11291 -0.0784427 0.0130498 0.996833 158.448 
0.993797 0.0815064 0.075658 71.5105 -0.0810799 0.99667 -0.00869928 -6.13475 -0.0761149 0.00251091 0.997096 159.294 
0.99391 0.0827749 0.072738 71.5549 -0.0829372 0.996554 -0.000793052 -6.15748 -0.0725529 -0.00524454 0.997351 160.122 
0.994574 0.0787908 0.0679316 71.5918 -0.0786721 0.996891 -0.00442557 -6.16573 -0.068069 -0.000942844 0.99768 160.948 
0.995727 0.0672291 0.0633106 71.6189 -0.0665978 0.997707 -0.0120344 -6.22427 -0.0639744 0.00776655 0.997921 161.733 
0.996307 0.0656202 0.055378 71.6678 -0.0648062 0.997763 -0.016373 -6.24342 -0.0563285 0.0127236 0.998331 162.539 
0.996409 0.0696567 0.0481277 71.6963 -0.0690564 0.997514 -0.0140277 -6.28079 -0.0489851 0.0106538 0.998743 163.375 
0.996904 0.0671343 0.040932 71.7136 -0.0668917 0.997734 -0.00727221 -6.30415 -0.0413274 0.00451161 0.999135 164.209 
0.997478 0.0622781 0.0340423 71.7289 -0.0622071 0.998058 -0.0031446 -6.32101 -0.034172 0.00101892 0.999415 165.05 
0.998281 0.0515311 0.0279325 71.755 -0.0515735 0.998669 0.00079702 -6.32667 -0.0278542 -0.00223631 0.999609 165.868 
0.998669 0.0471145 0.0210036 71.7713 -0.0471571 0.998886 0.0015332 -6.34538 -0.0209079 -0.00252171 0.999778 166.7 
0.998923 0.0439948 0.014718 71.7683 -0.043929 0.999023 -0.00476893 -6.36743 -0.0149134 0.00411717 0.99988 167.519 
0.999315 0.036466 0.00628896 71.7863 -0.0363722 0.999234 -0.014456 -6.38613 -0.00681121 0.0142173 0.999876 168.33 
0.999638 0.0268994 -0.000646477 71.8019 -0.0269068 0.99948 -0.0177631 -6.40881 0.000168409 0.017774 0.999842 169.153 
0.999507 0.0305294 -0.00734438 71.7855 -0.0305997 0.999485 -0.00963559 -6.43242 0.00704652 0.0098555 0.999927 170.002 
0.99912 0.0402066 -0.0119396 71.7449 -0.0401714 0.999188 0.00317934 -6.43697 0.0120578 -0.002697 0.999924 170.845 
0.998842 0.0452801 -0.0162393 71.7035 -0.0451073 0.998923 0.0108585 -6.45 0.0167136 -0.0101135 0.999809 171.703 
0.998851 0.0433164 -0.0205184 71.683 -0.0431612 0.999036 0.00794872 -6.45268 0.020843 -0.00705407 0.999758 172.535 
0.998667 0.0461782 -0.0230355 71.6476 -0.0462306 0.998929 -0.00174361 -6.47313 0.0229304 0.00280615 0.999733 173.358 
0.998041 0.0569823 -0.0258203 71.5985 -0.0572697 0.998303 -0.0105276 -6.48997 0.0251767 0.0119856 0.999611 174.179 
0.998034 0.0561864 -0.0277711 71.5512 -0.0565915 0.998299 -0.0140189 -6.50501 0.0269363 0.0155629 0.999516 175.037 
0.998255 0.0508263 -0.0300683 71.527 -0.0511367 0.998645 -0.00964212 -6.51348 0.0295375 0.0111628 0.999501 175.877 
0.998252 0.0513383 -0.0292814 71.4846 -0.0513951 0.998678 -0.00118732 -6.52325 0.0291818 0.00269009 0.99957 176.75 
0.998227 0.052523 -0.0280124 71.4238 -0.0524216 0.998616 0.00434599 -6.53413 0.028202 -0.00286991 0.999598 177.611 
0.998213 0.0521942 -0.0291031 71.3837 -0.0521191 0.998635 0.00333574 -6.54542 0.0292375 -0.00181303 0.999571 178.443 
0.998275 0.0495149 -0.0315528 71.341 -0.0497162 0.998747 -0.00562207 -6.55982 0.031235 0.00718097 0.999486 179.281 
0.99858 0.0399837 -0.0351954 71.3259 -0.040575 0.999044 -0.0162449 -6.58569 0.0345123 0.0176498 0.999248 180.126 
0.998887 0.0296323 -0.0366939 71.2911 -0.0304245 0.999312 -0.0212217 -6.59291 0.0360399 0.0223144 0.999101 180.98 
0.998806 0.0309711 -0.0377809 71.2491 -0.0316228 0.999359 -0.0167713 -6.60661 0.0372373 0.017946 0.999145 181.833 
0.998564 0.0378431 -0.0379234 71.1766 -0.0381203 0.999251 -0.00661175 -6.63002 0.0376449 0.00804782 0.999259 182.687 
0.998441 0.0387476 -0.0401854 71.1324 -0.0388783 0.999241 -0.00247285 -6.65662 0.0400591 0.00403125 0.999189 183.543 
0.998529 0.0358788 -0.0406451 71.0763 -0.0362267 0.999313 -0.0078525 -6.65308 0.0403356 0.00931331 0.999143 184.401 
0.998447 0.038177 -0.0405719 71.0266 -0.0387579 0.999156 -0.0136261 -6.67048 0.0400175 0.0151773 0.999084 185.262 
0.998158 0.0449631 -0.0407373 70.9696 -0.0455537 0.998868 -0.0136861 -6.68654 0.0400759 0.0155165 0.999076 186.1 
0.99796 0.0495671 -0.0402376 70.9051 -0.050005 0.998699 -0.00994825 -6.71407 0.0396922 0.01194 0.999141 186.958 
0.997768 0.0527927 -0.0408862 70.8622 -0.053074 0.998574 -0.0058226 -6.74244 0.0405205 0.00797952 0.999147 187.797 
0.997527 0.0577064 -0.0401174 70.8067 -0.0578967 0.998316 -0.00359486 -6.75429 0.0398425 0.00590855 0.999188 188.635 
0.997403 0.0591386 -0.0410956 70.763 -0.0593357 0.998232 -0.00359103 -6.76753 0.0408107 0.00602006 0.999149 189.459 
