1 -4.23778e-08 4.22719e-08 0 -4.23778e-08 1 -4.19404e-08 0 4.22719e-08 -4.19404e-08 1 0 
1 -0.000361563 -0.000414903 -0.0508363 0.000362967 0.999993 0.0035929 -0.0385922 0.000413686 -0.00359313 0.999993 1.53585 
0.999996 -0.00274507 -0.00061659 -0.0843359 0.0027477 0.999986 0.00444343 -0.0534491 0.000604469 -0.00444519 0.99999 3.03528 
0.999997 -0.000238952 -0.00230568 -0.126241 0.000248669 0.999991 0.00425142 -0.0759376 0.00230473 -0.00425207 0.999988 4.47818 
0.999999 -0.00124773 0.000816658 -0.346162 0.00124681 0.999999 0.00101562 -0.0112195 -0.00081784 -0.00101469 0.999999 5.91752 
0.999997 -0.00227046 -0.000180275 -0.414087 0.00227066 0.999996 0.00163686 -0.0571953 0.000176642 -0.00163735 0.999999 7.36003 
0.999993 -0.00149831 -0.00333129 -0.397224 0.00150029 0.999999 0.000616078 -0.0360348 0.00333044 -0.000621156 0.999994 8.78493 
0.999982 -0.00232008 -0.00544449 -0.420267 0.00231669 0.999997 -0.000614074 -0.0553809 0.00544599 0.000601366 0.999985 10.2874 
0.999963 -0.00468861 -0.00722224 -0.45179 0.00468812 0.999989 -7.32339e-05 -0.081784 0.00722259 3.92881e-05 0.999974 11.8091 
0.999962 -0.00371544 -0.00785264 -0.508837 0.00372113 0.999993 0.000720233 -0.12398 0.00784999 -0.00074951 0.999969 13.3024 
0.99996 -0.00090701 -0.00890105 -0.551328 0.000902188 0.999999 -0.000536244 -0.139443 0.00890162 0.000528108 0.99996 14.8241 
0.999928 0.00139887 -0.0119463 -0.529085 -0.00138572 0.999998 0.00111564 -0.162531 0.0119479 -0.00109909 0.999928 16.2933 
0.999921 0.00134957 -0.0124823 -0.561276 -0.0013421 0.999999 0.000612918 -0.165579 0.0124832 -0.000596201 0.999922 17.666 
0.999902 0.00180817 -0.0138962 -0.598002 -0.00178141 0.999996 0.00194324 -0.177092 0.0138998 -0.00191838 0.999901 19.175 
0.999894 0.00378037 -0.0140891 -0.63668 -0.00376165 0.999992 0.00136113 -0.213174 0.0140942 -0.00130807 0.9999 20.6509 
0.999891 0.00222474 -0.0145717 -0.659082 -0.00219982 0.999996 0.00173219 -0.233913 0.0145756 -0.00170003 0.999892 22.212 
0.999882 0.00175359 -0.0152421 -0.706715 -0.00171279 0.999995 0.00269493 -0.265597 0.0152468 -0.00266859 0.99988 23.6487 
0.999855 -0.000187437 -0.0170314 -0.676907 0.000253367 0.999992 0.00387395 -0.284886 0.0170306 -0.00387779 0.999847 25.1988 
0.999849 -7.28704e-05 -0.0173788 -0.717556 0.000116548 0.999997 0.00251708 -0.302799 0.0173786 -0.00251881 0.999846 26.6846 
0.999841 0.00135432 -0.0177788 -0.780577 -0.0013454 0.999999 0.000518314 -0.317791 0.0177795 -0.000494397 0.999842 28.0359 
0.999838 -0.00103797 -0.0179569 -0.816518 0.00103423 0.999999 -0.00021256 -0.343441 0.0179571 0.000193869 0.999839 29.4516 
0.99982 -0.00395462 -0.0185736 -0.844074 0.00398714 0.99999 0.00171902 -0.347258 0.0185667 -0.00179285 0.999826 30.8389 
0.99982 -0.00495026 -0.0183065 -0.894067 0.00500831 0.999982 0.00313117 -0.362237 0.0182908 -0.00322238 0.999827 32.2819 
0.999791 -0.00601687 -0.0195351 -0.891444 0.00604297 0.999981 0.00128129 -0.359302 0.0195271 -0.00139916 0.999808 33.7655 
0.999761 -0.00692277 -0.0207248 -0.920732 0.00691773 0.999976 -0.000310807 -0.392308 0.0207265 0.000167279 0.999785 35.1822 
0.99979 -0.00560469 -0.0197273 -0.975835 0.00556279 0.999982 -0.0021739 -0.398877 0.0197392 0.00206362 0.999803 36.5491 
0.999833 -0.00330185 -0.0179922 -1.02441 0.00322977 0.999987 -0.00402919 -0.39045 0.0180053 0.00397032 0.99983 37.9541 
0.999822 -0.00424494 -0.0183764 -1.0508 0.00421932 0.99999 -0.00142819 -0.457813 0.0183824 0.00135031 0.99983 39.1203 
0.999819 -0.00572256 -0.0181657 -1.06731 0.0057244 0.999984 5.41432e-05 -0.476385 0.0181652 -0.000158206 0.999835 40.5256 
0.999827 -0.00699622 -0.0172512 -1.09409 0.00700304 0.999975 0.000340063 -0.483203 0.0172485 -0.0004609 0.999851 41.8974 
0.999837 -0.00732597 -0.0165121 -1.10255 0.00731921 0.999973 -0.000464874 -0.47637 0.0165152 0.000343858 0.999863 43.2621 
0.999861 -0.00783577 -0.0147153 -1.11311 0.00782571 0.999969 -0.00073554 -0.506057 0.0147206 0.000620196 0.999891 44.5 
0.999884 -0.0081623 -0.0128327 -1.11603 0.00813499 0.999964 -0.00217288 -0.524498 0.0128501 0.00206815 0.999915 45.6683 
0.999914 -0.00829926 -0.0101591 -1.14666 0.00825749 0.999957 -0.00413849 -0.538769 0.010193 0.00405416 0.99994 46.8898 
0.999937 -0.00716288 -0.00868167 -1.0887 0.00712991 0.999967 -0.00381259 -0.532218 0.00870877 0.00375037 0.999955 48.1912 
0.999964 -0.00699248 -0.00474789 -1.08634 0.00696815 0.999963 -0.00510405 -0.537622 0.00478349 0.0050707 0.999976 49.3553 
0.999984 -0.00560326 0.000579912 -1.08202 0.00560618 0.99997 -0.00532199 -0.573705 -0.00054999 0.00532507 0.999986 50.5927 
0.999966 -0.00539449 0.00627587 -1.06758 0.00542878 0.99997 -0.00547397 -0.599388 -0.00624607 0.00550777 0.999965 51.7893 
0.999877 -0.0030223 0.0153629 -1.11263 0.0030667 0.999991 -0.00287285 -0.666452 -0.015354 0.00291953 0.999878 52.5848 
0.99969 -0.00158666 0.0248545 -1.08876 0.00163269 0.999997 -0.00183506 -0.700461 -0.0248514 0.00187499 0.999689 53.7433 
0.999247 0.0020383 0.0387445 -1.08819 -0.001929 0.999994 -0.00286035 -0.700854 -0.03875 0.00278338 0.999245 54.9162 
0.998632 0.00292575 0.0522135 -1.03076 -0.00278776 0.999992 -0.00271719 -0.712858 -0.052221 0.00256783 0.998632 56.0384 
0.997632 0.00577277 0.0685381 -0.984881 -0.00567842 0.999983 -0.00157274 -0.733624 -0.0685459 0.00117975 0.997647 57.1215 
0.996217 0.00642438 0.0866647 -0.895435 -0.00627917 0.999978 -0.00194907 -0.722811 -0.0866753 0.00139743 0.996236 58.2487 
0.99441 0.00534385 0.105455 -0.777142 -0.00505277 0.999983 -0.00302804 -0.758552 -0.10547 0.00247819 0.994419 59.349 
0.992265 0.00494846 0.124041 -0.628674 -0.00453084 0.999983 -0.00364936 -0.783634 -0.124056 0.00305905 0.99227 60.3666 
0.989442 0.000967927 0.144922 -0.47336 -0.000605151 0.999996 -0.00254793 -0.828985 -0.144924 0.00243325 0.98944 61.3975 
0.986157 -0.00428623 0.165757 -0.306495 0.0043072 0.999991 0.000232402 -0.865547 -0.165757 0.00048469 0.986166 62.4451 
0.981912 -0.0101005 0.18907 -0.122543 0.0098922 0.999949 0.00204489 -0.887401 -0.189081 -0.000137665 0.981961 63.4761 
0.977099 -0.0153087 0.212233 0.111221 0.0154874 0.99988 0.000820345 -0.890363 -0.21222 0.0024853 0.977219 64.5405 
0.971144 -0.0202528 0.237632 0.355167 0.020559 0.999788 0.00118949 -0.92241 -0.237605 0.00373023 0.971355 65.4958 
0.964458 -0.0248485 0.263065 0.649668 0.0254764 0.999675 0.00102398 -0.931527 -0.263004 0.00571429 0.964778 66.4795 
0.956811 -0.0248402 0.289648 0.937798 0.0243886 0.999689 0.00516876 -0.976077 -0.289687 0.00211852 0.957119 67.411 
0.947684 -0.0289329 0.317895 1.25187 0.0277732 0.999581 0.00818023 -0.980583 -0.317998 0.00107662 0.948091 68.3678 
0.937351 -0.0329682 0.346823 1.58072 0.0320489 0.999451 0.00838746 -1.0005 -0.346909 0.00325323 0.937893 69.2786 
0.926782 -0.0317584 0.374255 1.89264 0.0319389 0.999473 0.00572111 -1.03435 -0.37424 0.00665101 0.927308 70.0453 
0.91424 -0.032393 0.403876 2.21002 0.0349235 0.999389 0.00110106 -1.04316 -0.403665 0.0130981 0.914813 70.8877 
0.901324 -0.0348125 0.431743 2.66956 0.0392858 0.999227 -0.00144467 -1.04498 -0.431359 0.0182634 0.901995 71.7455 
0.886652 -0.0353219 0.461087 3.12626 0.0393093 0.999227 0.000956019 -1.04042 -0.460764 0.0172773 0.887354 72.6198 
0.869784 -0.0346964 0.492211 3.55321 0.0356483 0.999337 0.00745006 -1.06425 -0.492142 0.0110664 0.870444 73.4135 
0.851023 -0.0338026 0.52404 4.03306 0.0333026 0.999391 0.0103822 -1.04861 -0.524072 0.00861637 0.85163 74.2423 
0.830221 -0.0287149 0.556695 4.51278 0.0300602 0.999525 0.00672638 -1.06648 -0.556623 0.0111499 0.83069 75.0152 
0.80896 -0.0215278 0.58747 5.02211 0.0271624 0.999631 -0.00077214 -1.06263 -0.587236 0.0165817 0.809246 75.7604 
0.787882 -0.0200116 0.615501 5.63525 0.0268744 0.999637 -0.00190029 -1.07775 -0.61524 0.0180384 0.788133 76.512 
0.764691 -0.0210306 0.644054 6.20179 0.0267914 0.999641 0.000831914 -1.08339 -0.64384 0.0166189 0.764979 77.2253 
0.741078 -0.0199853 0.671121 6.81612 0.0254686 0.999674 0.00164564 -1.08901 -0.670935 0.0158729 0.741346 77.9135 
0.715478 -0.0176287 0.698413 7.41986 0.0256929 0.999669 -0.0010881 -1.10297 -0.698163 0.0187227 0.715694 78.5641 
0.690053 -0.0149898 0.723603 8.05936 0.0255585 0.999667 -0.00366502 -1.1165 -0.723307 0.0210233 0.690206 79.1924 
0.662577 -0.0119043 0.748899 8.72964 0.0227191 0.999733 -0.0042091 -1.13439 -0.748649 0.0198031 0.662671 79.8097 
0.635722 -0.0116757 0.771829 9.46054 0.0246016 0.999684 -0.00514084 -1.14591 -0.771525 0.0222563 0.635809 80.3954 
0.608907 -0.00492522 0.793226 10.1744 0.0228473 0.999675 -0.0113314 -1.15118 -0.792912 0.0250229 0.608822 80.9321 
0.579583 0.0032761 0.814906 10.8982 0.0224381 0.999549 -0.0199771 -1.18737 -0.814604 0.0298633 0.579248 81.4572 
0.54659 0.0111856 0.837326 11.5814 0.0209188 0.999416 -0.0270064 -1.23711 -0.837139 0.0322772 0.546037 82.0346 
0.515735 0.0162221 0.856594 12.3671 0.0185509 0.999375 -0.0300952 -1.25102 -0.856547 0.0314117 0.515112 82.5053 
0.483359 0.0166815 0.875263 13.1529 0.0185453 0.999399 -0.029289 -1.25784 -0.875226 0.0303891 0.482759 82.9498 
0.449073 0.0157564 0.893356 13.9528 0.0134545 0.999612 -0.0243939 -1.27434 -0.893394 0.0229743 0.448686 83.4023 
0.415569 0.0166704 0.909409 14.7763 0.00866892 0.999714 -0.0222873 -1.33406 -0.90952 0.0171455 0.415305 83.8024 
0.380322 0.02066 0.924623 15.6165 0.00117392 0.999739 -0.0228214 -1.35478 -0.924853 0.0097649 0.380199 84.1764 
0.345501 0.0224989 0.938149 16.4724 -0.00469622 0.999741 -0.0222466 -1.38755 -0.938407 0.00328047 0.345517 84.4932 
0.308602 0.0220078 0.950937 17.3555 -0.00717314 0.999758 -0.0208099 -1.41217 -0.951164 -0.000399247 0.308685 84.8133 
0.272159 0.0208097 0.962027 18.2451 -0.00797823 0.99978 -0.0193694 -1.46374 -0.962219 -0.00240373 0.272265 85.0834 
0.235256 0.0200551 0.971726 19.1578 -0.0065679 0.999797 -0.0190445 -1.48689 -0.971911 -0.00190189 0.23534 85.3377 
0.201274 0.0183178 0.979364 20.1283 -0.00475674 0.999832 -0.0177231 -1.51773 -0.979523 -0.00109138 0.201328 85.5119 
0.167524 0.0177495 0.985708 21.0697 0.00228304 0.999828 -0.0183919 -1.5388 -0.985865 0.00533149 0.167454 85.6581 
0.133409 0.0202657 0.990854 22.0307 0.00395498 0.999772 -0.0209807 -1.5698 -0.991053 0.00671783 0.133299 85.7962 
0.101695 0.0254034 0.994491 23.0165 0.00684987 0.999632 -0.0262353 -1.61787 -0.994792 0.00948014 0.101484 85.8788 
0.073994 0.0297609 0.996814 23.9952 0.0128147 0.999444 -0.0307908 -1.63483 -0.997176 0.0150522 0.0735714 85.9235 
0.0471647 0.027899 0.998497 24.9656 0.0139559 0.999494 -0.0285862 -1.66815 -0.99879 0.0152832 0.0467515 86.0003 
0.0231451 0.0247413 0.999426 25.9462 0.0168522 0.999542 -0.0251345 -1.70801 -0.99959 0.0174242 0.0227176 86.056 
0.00431593 0.0230835 0.999724 26.9539 0.0152624 0.999615 -0.023147 -1.71527 -0.999874 0.0153581 0.00396196 86.0543 
-0.0164955 0.0263905 0.999516 27.8587 0.0158502 0.999533 -0.0261294 -1.73948 -0.999738 0.0154115 -0.0169061 86.1384 
-0.0317859 0.0311142 0.99901 28.8566 0.019032 0.999353 -0.0305194 -1.78274 -0.999313 0.0180431 -0.0323575 86.1261 
-0.043218 0.0360052 0.998417 29.8507 0.0255134 0.999064 -0.0349243 -1.81975 -0.99874 0.0239636 -0.0440961 86.0762 
-0.0510413 0.0403837 0.99788 30.8436 0.0303448 0.998783 -0.0388683 -1.85534 -0.998235 0.0282966 -0.0522047 86.0149 
-0.0565672 0.04594 0.997341 31.8358 0.0333265 0.998471 -0.0441019 -1.89831 -0.997842 0.0307431 -0.0580118 85.9736 
-0.0593007 0.050356 0.996969 32.8764 0.0349489 0.998219 -0.0483404 -1.95325 -0.997628 0.0319763 -0.060955 85.9195 
-0.0639543 0.0536005 0.996512 33.7992 0.0358609 0.998035 -0.051381 -2.02805 -0.997308 0.0324498 -0.0657508 85.893 
-0.0656781 0.0567077 0.996228 34.8118 0.0367176 0.997845 -0.0543791 -2.08578 -0.997165 0.0330076 -0.0676188 85.8044 
-0.0684688 0.0603341 0.995827 35.7905 0.0372787 0.997627 -0.0578801 -2.15443 -0.996956 0.0331602 -0.0705555 85.7521 
-0.0699722 0.0636067 0.995519 36.8736 0.0396832 0.997353 -0.0609347 -2.21957 -0.996759 0.0352417 -0.072311 85.6938 
-0.0720828 0.0645434 0.995308 37.8926 0.0431139 0.997173 -0.061542 -2.30275 -0.996466 0.0384755 -0.0746617 85.6121 
-0.0740931 0.063266 0.995242 38.8981 0.0416219 0.997312 -0.0602991 -2.35515 -0.996382 0.0369561 -0.0765272 85.5381 
-0.0758366 0.0632046 0.995115 39.8657 0.0424611 0.997288 -0.0601068 -2.43712 -0.996216 0.0376954 -0.0783147 85.4681 
-0.0772923 0.0646762 0.994908 40.9141 0.0427252 0.997192 -0.0615055 -2.51156 -0.996093 0.0377537 -0.0798385 85.3775 
-0.0748771 0.0692881 0.994783 42.1021 0.0487353 0.996645 -0.0657496 -2.58774 -0.996001 0.0435579 -0.0780027 85.1294 
-0.0762271 0.07034 0.994606 43.0825 0.0477084 0.996623 -0.0668264 -2.69179 -0.995948 0.0423571 -0.0793255 85.0384 
-0.0795537 0.0740604 0.994075 44.0415 0.0468942 0.99641 -0.0704815 -2.78283 -0.995727 0.0410093 -0.0827411 85.0288 
-0.0797427 0.0790811 0.993674 45.1058 0.0443357 0.996143 -0.0757197 -2.85588 -0.995829 0.0380172 -0.0829412 84.9117 
-0.0830338 0.0815833 0.993202 46.1027 0.0418662 0.996049 -0.0783171 -2.9346 -0.995667 0.0350786 -0.0861213 84.8651 
-0.0858787 0.0790494 0.993165 47.1301 0.0398156 0.996323 -0.0758581 -3.03825 -0.99551 0.0330289 -0.0887103 84.7986 
-0.088642 0.0755551 0.993194 48.1946 0.037236 0.996673 -0.0724966 -3.11863 -0.995367 0.0305563 -0.0911604 84.7176 
-0.09466 0.0735388 0.99279 49.1275 0.0390376 0.996775 -0.0701119 -3.22026 -0.994744 0.0321194 -0.0972255 84.7689 
-0.0982014 0.0741307 0.992402 50.1552 0.0390788 0.99674 -0.0705879 -3.29834 -0.994399 0.0318501 -0.100778 84.738 
-0.102028 0.0750208 0.991949 51.1735 0.0408731 0.996626 -0.0711706 -3.41963 -0.993941 0.0332827 -0.10475 84.706 
-0.103926 0.0785577 0.991478 52.2109 0.039255 0.996423 -0.0748349 -3.48859 -0.99381 0.0311432 -0.106638 84.6444 
-0.103124 0.0791743 0.991512 53.2962 0.0395257 0.996366 -0.075451 -3.59032 -0.993883 0.0314094 -0.105879 84.5125 
-0.101906 0.0777331 0.991752 54.3301 0.0372162 0.996542 -0.0742846 -3.67478 -0.994098 0.0293391 -0.104447 84.4211 
-0.102881 0.0777661 0.991649 55.3876 0.0334181 0.996647 -0.0746911 -3.75708 -0.994132 0.0254548 -0.105134 84.3432 
-0.100967 0.0789605 0.991751 56.4955 0.0296227 0.996642 -0.0763342 -3.84751 -0.994449 0.0216711 -0.102967 84.1999 
-0.10222 0.0785822 0.991653 57.5612 0.025825 0.996748 -0.076324 -3.94337 -0.994427 0.0178076 -0.103917 84.1511 
-0.102644 0.0772821 0.991711 58.5989 0.0215413 0.996916 -0.0754582 -4.06719 -0.994485 0.0136174 -0.103993 84.0523 
-0.104829 0.0721217 0.991872 59.6289 0.0205428 0.997311 -0.0703462 -4.14308 -0.994278 0.0130015 -0.106028 84.0087 
-0.108234 0.063254 0.992111 60.6829 0.0239562 0.99785 -0.0610065 -4.23111 -0.993837 0.0171642 -0.109517 83.9467 
-0.106747 0.0584241 0.992568 61.7584 0.0307613 0.997988 -0.0554349 -4.29318 -0.99381 0.0246152 -0.10833 83.84 
-0.10743 0.0621415 0.992269 62.8386 0.0376779 0.997582 -0.0583951 -4.33889 -0.993498 0.0311132 -0.109511 83.748 
-0.106263 0.0676763 0.992032 63.8728 0.042032 0.997095 -0.0635194 -4.41962 -0.993449 0.0349473 -0.108799 83.6603 
-0.105157 0.0716457 0.991871 65.0422 0.0451357 0.996717 -0.0672106 -4.52528 -0.993431 0.0377011 -0.108045 83.4946 
-0.106352 0.0771957 0.991327 66.1118 0.0468669 0.996263 -0.0725521 -4.58325 -0.993223 0.0387444 -0.109572 83.4505 
-0.104405 0.0744938 0.991741 67.1907 0.044484 0.996543 -0.0701715 -4.67514 -0.993539 0.0367904 -0.107358 83.2562 
-0.105892 0.0692296 0.991965 68.3407 0.041591 0.997009 -0.0651419 -4.76549 -0.993507 0.0343588 -0.108454 83.1817 
-0.104144 0.0682672 0.992216 69.5217 0.0385605 0.997168 -0.0645606 -4.82978 -0.993814 0.0315367 -0.106482 83.0522 
-0.102947 0.0679666 0.992362 70.7593 0.0362796 0.997255 -0.0645382 -4.92449 -0.994025 0.0293585 -0.10513 82.8827 
-0.100677 0.0735317 0.992198 71.8634 0.0383466 0.996811 -0.0699826 -5.01802 -0.99418 0.0310018 -0.103176 82.7493 
-0.100015 0.0744594 0.992196 72.9632 0.0375244 0.996769 -0.0710202 -5.12505 -0.994278 0.0301285 -0.102486 82.6559 
-0.0986238 0.0745702 0.992327 74.1549 0.0386983 0.996721 -0.0710544 -5.20176 -0.994372 0.0313937 -0.101186 82.5145 
-0.0977252 0.0687136 0.992838 75.3118 0.0391903 0.997105 -0.0651514 -5.25815 -0.994441 0.0325427 -0.100135 82.4172 
-0.0993867 0.066574 0.992819 76.4622 0.0380806 0.997283 -0.0630613 -5.34988 -0.99432 0.0315397 -0.101652 82.3432 
-0.100828 0.0699987 0.992438 77.587 0.0362569 0.997118 -0.0666453 -5.43223 -0.994243 0.029263 -0.103076 82.3001 
-0.100077 0.0728523 0.992309 78.7122 0.0363787 0.996917 -0.0695218 -5.5223 -0.994314 0.0291414 -0.102419 82.1887 
-0.101571 0.0728604 0.992157 79.8686 0.0352845 0.996951 -0.0696004 -5.59644 -0.994202 0.0279383 -0.103832 82.101 
-0.101371 0.0691112 0.992445 81.0387 0.0362362 0.997179 -0.0657397 -5.70355 -0.994188 0.0292983 -0.10359 82.0007 
-0.0989842 0.067673 0.992785 82.2079 0.0386968 0.997192 -0.0641152 -5.78859 -0.994336 0.0320712 -0.101325 81.8782 
-0.0994241 0.0688139 0.992663 83.4126 0.0396207 0.997088 -0.0651524 -5.86359 -0.994256 0.0328522 -0.101861 81.7829 
-0.100214 0.068715 0.99259 84.5889 0.0409391 0.997052 -0.0648907 -5.94172 -0.994123 0.0341328 -0.102732 81.7425 
-0.0985024 0.0681537 0.9928 85.7773 0.0394419 0.997135 -0.0645381 -6.01732 -0.994355 0.0328008 -0.100908 81.6308 
-0.0982883 0.0692024 0.992749 86.9799 0.0403909 0.997035 -0.0655023 -6.10067 -0.994338 0.0336599 -0.100792 81.546 
-0.100434 0.0671541 0.992675 88.1723 0.0406286 0.997164 -0.0633472 -6.20367 -0.994114 0.0339688 -0.102878 81.512 
-0.0997263 0.0661253 0.992815 89.3691 0.0389007 0.997285 -0.0625156 -6.28229 -0.994254 0.0323867 -0.102028 81.4101 
-0.0970002 0.0664999 0.99306 90.5468 0.0389056 0.997256 -0.0629807 -6.35705 -0.994524 0.0325265 -0.0993213 81.2703 
-0.0977766 0.0678169 0.992895 91.8505 0.0376333 0.997214 -0.064406 -6.43594 -0.994497 0.0310685 -0.100056 81.2349 
-0.097435 0.0705702 0.992737 93.0893 0.0380683 0.997017 -0.0671382 -6.51403 -0.994513 0.0312502 -0.0998308 81.1446 
-0.0986033 0.0714117 0.992561 94.2986 0.0359903 0.997025 -0.0681576 -6.57141 -0.994476 0.029002 -0.10088 81.1004 
-0.0980075 0.0692671 0.992772 95.4759 0.0283068 0.997365 -0.0667932 -6.67004 -0.994783 0.021556 -0.09971 80.979 
-0.0973007 0.0705272 0.992753 96.7551 0.0302227 0.997235 -0.0678835 -6.78243 -0.994796 0.0233985 -0.0991632 80.8837 
-0.098006 0.0708941 0.992657 97.9525 0.0251574 0.997317 -0.0687432 -6.85744 -0.994868 0.0182355 -0.0995266 80.7797 
-0.0981121 0.0680765 0.992844 99.1797 0.0234421 0.997539 -0.0660819 -6.95506 -0.994899 0.0167909 -0.0994664 80.6621 
-0.100345 0.067068 0.99269 100.545 0.0214761 0.997639 -0.0652316 -7.03542 -0.994721 0.0147734 -0.101548 80.6048 
-0.101038 0.0665024 0.992657 101.83 0.0199785 0.997698 -0.0648067 -7.12639 -0.994682 0.0132838 -0.102134 80.4806 
-0.104498 0.0671715 0.992254 103.064 0.0209864 0.997643 -0.0653263 -7.20616 -0.994304 0.0139974 -0.105661 80.4109 
-0.107452 0.0651932 0.99207 104.287 0.0197898 0.99779 -0.0634257 -7.29849 -0.994013 0.0128177 -0.108504 80.3045 
-0.110999 0.0596468 0.992029 105.53 0.0150448 0.998184 -0.0583336 -7.40094 -0.993707 0.00844994 -0.111694 80.2074 
-0.115482 0.060371 0.991473 106.803 0.0149599 0.998144 -0.0590348 -7.46431 -0.993197 0.00801488 -0.116171 80.0881 
-0.120969 0.0658384 0.99047 107.982 0.0121582 0.997821 -0.0648422 -7.55627 -0.992582 0.00419846 -0.121506 79.961 
-0.130545 0.069012 0.989038 109.226 0.0126255 0.997609 -0.0679437 -7.65065 -0.991362 0.00361746 -0.131104 79.8554 
-0.138547 0.065502 0.988187 110.43 0.0128196 0.997845 -0.0643449 -7.7435 -0.990273 0.00375336 -0.139088 79.6767 
-0.151006 0.0648799 0.986401 111.648 0.0172312 0.997865 -0.0629961 -7.82136 -0.988383 0.00748409 -0.151801 79.5235 
-0.164832 0.0653783 0.984152 112.881 0.0168652 0.997842 -0.0634631 -7.91601 -0.986177 0.00613721 -0.165578 79.3397 
-0.180327 0.0649333 0.981461 114.056 0.0175322 0.997872 -0.0627979 -8.01451 -0.98345 0.00588302 -0.181082 79.1608 
-0.194294 0.0624984 0.97895 115.258 0.0217685 0.997997 -0.0593941 -8.10349 -0.980702 0.00977034 -0.195265 78.9327 
-0.211306 0.067115 0.975113 116.495 0.0265306 0.997666 -0.0629182 -8.15752 -0.97706 0.0125754 -0.212593 78.7277 
-0.225052 0.071069 0.971751 117.618 0.0262483 0.997416 -0.0668672 -8.21506 -0.973993 0.0104582 -0.226336 78.4349 
-0.239359 0.0740481 0.968103 118.705 0.0260612 0.997218 -0.0698316 -8.32178 -0.970581 0.00851508 -0.240623 78.1841 
-0.255307 0.0736479 0.964051 119.901 0.0228036 0.997276 -0.0701471 -8.39874 -0.966591 0.00407476 -0.256291 77.8885 
-0.271235 0.0662641 0.960229 121.055 0.0192182 0.997801 -0.0634284 -8.51423 -0.962321 0.00124988 -0.271913 77.5906 
-0.285419 0.0650976 0.956189 122.275 0.0151814 0.997872 -0.0634039 -8.54262 -0.958282 -0.00358041 -0.2858 77.1929 
-0.299945 0.0669565 0.951604 123.418 0.0152371 0.997743 -0.0654002 -8.60814 -0.953835 -0.00511678 -0.300288 76.8554 
-0.316001 0.0682528 0.946301 124.541 0.0137081 0.997633 -0.0673777 -8.70332 -0.94866 -0.00831942 -0.316189 76.5475 
-0.329279 0.0710143 0.941558 125.672 0.0166032 0.997449 -0.0694233 -8.77838 -0.944087 -0.00722667 -0.329618 76.1674 
-0.345333 0.0704677 0.935831 126.843 0.0175976 0.997488 -0.0686168 -8.87059 -0.938315 -0.00722721 -0.345706 75.7983 
-0.359691 0.0696598 0.930467 128.001 0.0174873 0.997537 -0.067921 -8.94949 -0.932907 -0.00815915 -0.360024 75.354 
-0.373407 0.068554 0.925131 129.116 0.018395 0.997617 -0.0665007 -9.04519 -0.927485 -0.00781394 -0.373778 74.9168 
-0.388406 0.0687294 0.918921 130.163 0.0162302 0.99757 -0.0677518 -9.14874 -0.921345 -0.0114009 -0.388578 74.4758 
-0.406097 0.0704106 0.911113 131.272 0.0154742 0.997414 -0.0701828 -9.23547 -0.913699 -0.0144022 -0.406136 74.0637 
-0.420312 0.0723415 0.904491 132.345 0.0179125 0.997284 -0.0714393 -9.33599 -0.907203 -0.0138251 -0.420467 73.5821 
-0.433271 0.0744988 0.898179 133.376 0.0213347 0.997146 -0.0724159 -9.4404 -0.901011 -0.0122133 -0.433624 73.0532 
-0.446575 0.0778489 0.891353 134.417 0.0226563 0.996872 -0.0757137 -9.56482 -0.894459 -0.0136171 -0.446942 72.5209 
-0.461083 0.0789405 0.883838 135.529 0.024023 0.99678 -0.0764957 -9.6847 -0.887031 -0.0140384 -0.461495 71.9382 
-0.476359 0.0791857 0.875678 136.58 0.0240082 0.996736 -0.0770726 -9.72879 -0.878923 -0.0156908 -0.476705 71.4188 
-0.493758 0.0742839 0.86642 137.769 0.0184167 0.997014 -0.0749853 -9.80922 -0.869404 -0.021068 -0.493652 70.8327 
-0.508138 0.0767275 0.857851 138.844 0.0213688 0.99684 -0.0765014 -9.90181 -0.86101 -0.020542 -0.508172 70.1876 
-0.524882 0.0775062 0.847639 139.905 0.0222725 0.996755 -0.0773493 -9.97615 -0.850883 -0.0217203 -0.524905 69.5554 
-0.541113 0.0765859 0.837455 140.957 0.0219029 0.99679 -0.077005 -10.0715 -0.840665 -0.0233257 -0.541053 68.9383 
-0.556855 0.0766961 0.827061 141.978 0.0211039 0.996713 -0.0782193 -10.1769 -0.830342 -0.0261026 -0.556643 68.2828 
-0.571795 0.0770697 0.816768 143.04 0.0224529 0.996675 -0.078327 -10.2656 -0.820089 -0.0264481 -0.571624 67.5666 
-0.586699 0.0777221 0.806067 144.097 0.0250644 0.996649 -0.0778553 -10.3521 -0.809417 -0.025474 -0.586681 66.8123 
-0.601772 0.0730061 0.795324 145.084 0.0245183 0.997033 -0.0729704 -10.4548 -0.798291 -0.0244115 -0.601776 66.094 
-0.618465 0.0697298 0.782713 146.199 0.0228837 0.997231 -0.070759 -10.5708 -0.785479 -0.0258506 -0.618348 65.3539 
-0.633988 0.0676912 0.770374 147.245 0.0206067 0.997287 -0.0706711 -10.6706 -0.773068 -0.0289297 -0.633663 64.5624 
-0.648026 0.0687629 0.758508 148.157 0.0199106 0.997105 -0.0733826 -10.7916 -0.761358 -0.0324514 -0.647519 63.7565 
-0.662426 0.0692973 0.745915 149.081 0.0188058 0.996937 -0.0759169 -10.884 -0.748891 -0.0362618 -0.6617 62.9307 
-0.677709 0.0663726 0.732328 150.033 0.0177296 0.997103 -0.0739625 -11.004 -0.735116 -0.0371411 -0.676923 62.068 
-0.696543 0.0599321 0.715008 150.964 0.0149466 0.997501 -0.0690501 -11.1077 -0.71736 -0.0374094 -0.695698 61.3791 
-0.713091 0.0575532 0.698705 151.883 0.0146491 0.99763 -0.0672253 -11.2272 -0.700919 -0.0377023 -0.712244 60.4956 
-0.730166 0.0559372 0.680977 152.779 0.0138266 0.997649 -0.0671243 -11.3165 -0.68313 -0.0395963 -0.729222 59.5617 
-0.74779 0.0519094 0.661903 153.63 0.00978774 0.997692 -0.0671858 -11.3935 -0.663863 -0.0437623 -0.746573 58.6911 
-0.763101 0.052687 0.644128 154.414 0.013136 0.99773 -0.0660479 -11.4976 -0.646146 -0.04194 -0.762061 57.7288 
-0.778949 0.0538931 0.624767 155.23 0.0144842 0.997581 -0.0679938 -11.6112 -0.62692 -0.0439145 -0.777845 56.7719 
-0.793787 0.0521195 0.605959 156.047 0.0150665 0.997701 -0.0660772 -11.6644 -0.60801 -0.0433215 -0.792747 55.7418 
-0.807627 0.0547855 0.587143 156.823 0.0214479 0.997745 -0.0635962 -11.785 -0.589304 -0.038769 -0.806981 54.6824 
-0.821757 0.0543891 0.567236 157.573 0.0196504 0.997547 -0.0671817 -11.8491 -0.569498 -0.0440606 -0.820811 53.5887 
-0.835838 0.0561753 0.546095 158.299 0.020575 0.997257 -0.0710936 -11.9297 -0.548591 -0.0481868 -0.834701 52.5709 
-0.848978 0.0572619 0.525316 159.015 0.0242117 0.997282 -0.0695793 -12.0338 -0.527873 -0.0463525 -0.848058 51.5207 
-0.863433 0.0540108 0.501564 159.754 0.023739 0.997501 -0.0665495 -12.1093 -0.503905 -0.0455545 -0.862557 50.6696 
-0.874136 0.0557679 0.482469 160.388 0.0263971 0.997373 -0.0674587 -12.2149 -0.484963 -0.0462323 -0.873312 49.5981 
-0.884452 0.0575461 0.46307 161.026 0.0282892 0.997154 -0.0698856 -12.3178 -0.465773 -0.0487106 -0.883562 48.5788 
-0.89503 0.05526 0.44257 161.65 0.025772 0.997045 -0.0723728 -12.3867 -0.445262 -0.0533699 -0.893809 47.5859 
-0.904244 0.0518892 0.423852 162.286 0.0242393 0.997226 -0.0703713 -12.5145 -0.426328 -0.0533589 -0.902993 46.5046 
-0.913212 0.0504973 0.404343 162.966 0.0232095 0.997127 -0.0721095 -12.5822 -0.406823 -0.0564667 -0.91176 45.4482 
-0.921188 0.0490091 0.386019 163.593 0.0236949 0.997261 -0.0700678 -12.7053 -0.388395 -0.055399 -0.919826 44.3645 
-0.927531 0.0461446 0.370886 164.142 0.0217871 0.997337 -0.0695997 -12.7824 -0.37311 -0.0564753 -0.926067 43.2072 
-0.933513 0.0397639 0.356331 164.65 0.0169075 0.997608 -0.0670314 -12.8544 -0.358144 -0.0565501 -0.931952 42.0787 
-0.938596 0.0363487 0.343098 165.137 0.0156945 0.997904 -0.0627858 -12.9513 -0.344661 -0.0535457 -0.937199 40.8973 
-0.943364 0.0357606 0.329825 165.609 0.016722 0.998035 -0.0603818 -13.0266 -0.331336 -0.0514467 -0.942109 39.7278 
-0.947215 0.0375258 0.318395 166.137 0.0184284 0.997857 -0.0627827 -13.1146 -0.320069 -0.0536012 -0.945877 38.4723 
-0.949172 0.0434186 0.311749 166.558 0.0247115 0.997662 -0.0637103 -13.2039 -0.313786 -0.0527682 -0.948026 37.3011 
-0.951138 0.0455493 0.305388 166.98 0.0262651 0.99741 -0.0669628 -13.2873 -0.307647 -0.0556698 -0.94987 36.0927 
-0.953226 0.0420676 0.299316 167.393 0.0234352 0.997573 -0.0655708 -13.3848 -0.301348 -0.0554893 -0.951898 34.9221 
-0.955258 0.0315403 0.294088 167.789 0.0146742 0.998127 -0.0593823 -13.5302 -0.295411 -0.0524099 -0.953932 33.7315 
-0.956717 0.0264845 0.289813 168.213 0.0105137 0.998346 -0.0565263 -13.6125 -0.290831 -0.0510327 -0.955412 32.4276 
-0.958304 0.0189235 0.285122 168.611 0.00295057 0.998407 -0.0563472 -13.7217 -0.285734 -0.0531565 -0.956833 31.1919 
-0.959392 0.0179345 0.281504 168.965 0.00196214 0.998377 -0.056919 -13.8225 -0.282068 -0.0540553 -0.95787 30.0235 
-0.960491 0.0162251 0.277837 169.343 -0.000746199 0.998145 -0.0608691 -13.8944 -0.27831 -0.0586716 -0.958698 28.8195 
-0.960853 0.0168446 0.276545 169.748 -0.000730621 0.997992 -0.0633271 -13.9668 -0.277057 -0.0610501 -0.958912 27.5247 
-0.960577 0.0166359 0.277516 170.141 -0.00191915 0.997787 -0.066456 -14.0373 -0.278008 -0.0643686 -0.95842 26.2355 
-0.960959 0.01574 0.276244 170.544 -0.00330688 0.997656 -0.0683485 -14.1456 -0.276672 -0.0665936 -0.958654 25.0588 
-0.961727 0.0147167 0.273613 170.917 -0.00504324 0.997437 -0.0713755 -14.2306 -0.273962 -0.0700237 -0.959188 24.0298 
-0.962347 0.00817879 0.271701 171.307 -0.0128121 0.997071 -0.0753938 -14.2794 -0.271522 -0.0760361 -0.959424 23.0062 
-0.963187 0.00114839 0.268831 171.79 -0.0209227 0.996637 -0.079221 -14.3534 -0.268018 -0.0819292 -0.959924 21.9228 
-0.963193 -0.00242741 0.2688 172.199 -0.0250373 0.996422 -0.0807181 -14.4319 -0.267643 -0.0844771 -0.959808 20.8089 
-0.963333 -0.0020392 0.268301 172.88 -0.023248 0.996845 -0.0758954 -14.6037 -0.2673 -0.07935 -0.960341 19.4843 
-0.96248 -0.00775422 0.271243 173.226 -0.0294184 0.996682 -0.0758954 -14.668 -0.269755 -0.0810273 -0.959514 18.435 
-0.961126 -0.0104798 0.275912 173.619 -0.0318435 0.996819 -0.0730636 -14.7864 -0.274268 -0.0790093 -0.958402 17.2945 
-0.959129 -0.00441814 0.282933 173.976 -0.02567 0.997114 -0.0714498 -14.8649 -0.281801 -0.0757925 -0.956475 16.1448 
-0.957562 -0.00576758 0.288169 174.337 -0.0270594 0.997183 -0.069958 -14.983 -0.286954 -0.0747868 -0.955021 15.119 
-0.955419 -0.00913167 0.295113 174.73 -0.0329354 0.99658 -0.07579 -15.0608 -0.293412 -0.0821308 -0.952452 14.0397 
-0.952504 -0.00773456 0.304429 175.274 -0.0323696 0.996585 -0.0759586 -15.1184 -0.302802 -0.0822051 -0.949502 12.7454 
-0.94959 -0.00655985 0.313427 175.816 -0.0328194 0.996367 -0.0785797 -15.217 -0.311773 -0.0849049 -0.946356 11.4831 
-0.946618 -0.0109238 0.322172 176.278 -0.0391382 0.995927 -0.0812288 -15.3545 -0.319973 -0.0895019 -0.94319 10.3895 
-0.941305 -0.00446475 0.337527 176.713 -0.0329014 0.996365 -0.0785767 -15.4796 -0.335949 -0.0850698 -0.93803 9.16926 
-0.936909 -0.00921917 0.349453 177.132 -0.0384964 0.996293 -0.0769278 -15.5909 -0.347448 -0.085527 -0.933791 8.13161 
-0.933708 -0.0113463 0.357855 177.758 -0.0431669 0.995774 -0.081058 -15.6692 -0.355423 -0.0911319 -0.930252 6.98941 
-0.930647 -0.0173529 0.365506 178.261 -0.0519885 0.995012 -0.0851331 -15.7377 -0.362205 -0.098231 -0.926908 6.0275 
-0.926421 -0.0150061 0.37619 178.723 -0.048909 0.995535 -0.0807337 -15.8794 -0.373299 -0.0931925 -0.923019 4.99124 
-0.920946 0.000110816 0.389689 179.204 -0.0279505 0.997406 -0.0663387 -16.1336 -0.388686 -0.0719864 -0.918554 4.00043 
-0.915492 -0.000445589 0.402336 179.582 -0.0290008 0.997471 -0.0648851 -16.2429 -0.401289 -0.0710698 -0.91319 3.02207 
-0.916222 0.00563301 0.400631 180.447 -0.0225045 0.997599 -0.0654932 -16.2646 -0.400038 -0.0690223 -0.913896 2.2294 
-0.914151 -0.0239637 0.404665 181.164 -0.0520807 0.996921 -0.0586156 -16.7807 -0.402015 -0.0746587 -0.912584 1.34071 
-0.90835 -0.0242906 0.417504 181.846 -0.0545131 0.996671 -0.0606156 -16.8123 -0.414642 -0.0778196 -0.906651 0.267203 
-0.901302 -0.0229995 0.432581 182.366 -0.0541016 0.996747 -0.059728 -16.8969 -0.4298 -0.0772362 -0.899615 -0.76581 
-0.892614 -0.0222802 0.450271 182.965 -0.0561313 0.996499 -0.0619658 -16.9559 -0.447314 -0.0805859 -0.890739 -1.87649 
-0.879385 -0.0104917 0.475995 183.573 -0.0422796 0.997528 -0.056123 -17.0324 -0.47423 -0.0694786 -0.877655 -3.15038 
-0.869688 -0.00855883 0.493528 184.252 -0.0390724 0.997906 -0.0515471 -17.1196 -0.492053 -0.0641131 -0.868201 -4.26833 
-0.864174 -0.0119215 0.503052 185.399 -0.0471786 0.997235 -0.0574137 -17.1012 -0.500977 -0.0733487 -0.862347 -5.35474 
-0.852288 -0.00566476 0.523043 185.983 -0.0403038 0.99768 -0.0548691 -17.1758 -0.521518 -0.0678448 -0.850538 -6.30349 
-0.839046 0.000548427 0.54406 186.678 -0.0353157 0.997836 -0.0554696 -17.249 -0.542913 -0.0657554 -0.837211 -7.3595 
-0.825502 0.00245771 0.564393 187.376 -0.0301968 0.998366 -0.0485145 -17.3926 -0.56359 -0.0570917 -0.824079 -8.30272 
-0.810622 0.00140916 0.585567 188.088 -0.0304471 0.998543 -0.0445521 -17.4969 -0.584777 -0.0539438 -0.809398 -9.28061 
-0.792256 -0.0010174 0.610188 188.769 -0.0313329 0.998747 -0.0390168 -17.612 -0.609384 -0.0500303 -0.791295 -10.242 
-0.776362 -0.00555714 0.630262 189.383 -0.0390123 0.998467 -0.0392521 -17.7111 -0.629078 -0.0550618 -0.775389 -11.0114 
-0.759836 -0.00701487 0.650077 190.18 -0.0485762 0.997759 -0.0460111 -17.6987 -0.648298 -0.0665391 -0.758474 -11.8366 
-0.743185 -0.00537655 0.669065 191.014 -0.0521009 0.997396 -0.0498578 -17.6746 -0.667055 -0.0719124 -0.74153 -12.6733 
-0.727525 -0.00633415 0.686052 191.82 -0.049833 0.997804 -0.0436331 -17.7664 -0.684269 -0.0659322 -0.726243 -13.3518 
-0.70723 -0.00279131 0.706978 192.592 -0.0458028 0.998072 -0.0418786 -17.7868 -0.705498 -0.0619994 -0.705995 -14.1058 
-0.687325 0.000404959 0.72635 193.437 -0.0448249 0.99807 -0.0429731 -17.8401 -0.724966 -0.0620951 -0.68598 -14.8204 
-0.661438 -0.00105318 0.749999 194.356 -0.0437846 0.998348 -0.0372126 -18.0433 -0.748721 -0.0574522 -0.660391 -15.7659 
-0.638518 -0.000230668 0.769607 195.313 -0.0332195 0.999076 -0.0272618 -18.1345 -0.76889 -0.0429731 -0.637936 -16.4882 
-0.615961 -0.000244208 0.787777 196.562 -0.0238502 0.999547 -0.0183386 -18.1669 -0.787416 -0.0300845 -0.615688 -17.1691 
-0.591735 0.00322269 0.806126 197.38 -0.0110781 0.999865 -0.0121291 -18.1864 -0.806057 -0.0161075 -0.591619 -17.6862 
-0.570125 0.00362311 0.82155 198.485 -0.0236877 0.999502 -0.0208464 -18.2016 -0.821216 -0.0313457 -0.569755 -18.1245 
-0.542285 0.00774631 0.840159 199.786 -0.0141947 0.99973 -0.0183797 -18.1944 -0.840075 -0.0218928 -0.542029 -18.7399 
-0.514778 0.00672991 0.857297 200.678 -0.0234876 0.999483 -0.0219496 -18.2389 -0.857002 -0.031435 -0.514354 -19.2559 
-0.49213 0.0118192 0.870441 201.632 -0.040928 0.998488 -0.0366978 -18.1078 -0.869559 -0.0536855 -0.490902 -19.6109 
-0.466828 0.0132936 0.884248 202.844 -0.042155 0.998416 -0.0372653 -18.1086 -0.883343 -0.054672 -0.465528 -19.9753 
-0.439055 0.0129282 0.898367 204.066 -0.0425035 0.998478 -0.0351415 -18.1299 -0.897454 -0.0536128 -0.437837 -20.3773 
-0.410935 0.0128031 0.911575 205.252 -0.0400119 0.998685 -0.0320639 -18.1579 -0.910786 -0.04965 -0.409882 -20.7536 
-0.382914 0.0161665 0.923643 206.546 -0.0466425 0.998233 -0.0368086 -18.1217 -0.922606 -0.0571755 -0.381483 -21.0299 
-0.354464 0.0172949 0.93491 207.612 -0.0470936 0.99823 -0.0363215 -18.1496 -0.933883 -0.0569029 -0.353022 -21.3266 
-0.320299 0.019532 0.947115 208.64 -0.0503111 0.998026 -0.0375963 -18.1931 -0.94598 -0.0596925 -0.318683 -21.675 
-0.288509 0.0207502 0.957252 209.72 -0.0533794 0.997862 -0.0377188 -18.2328 -0.955988 -0.0619798 -0.286785 -21.9486 
-0.258209 0.0215692 0.965848 210.837 -0.0556481 0.997759 -0.0371588 -18.245 -0.964485 -0.0633424 -0.25643 -22.1782 
-0.226112 0.0224774 0.973842 211.95 -0.0597073 0.997534 -0.0368875 -18.2699 -0.97227 -0.0664862 -0.224213 -22.377 
-0.201254 0.0236052 0.979254 212.867 -0.0668258 0.99705 -0.0377681 -18.3053 -0.977257 -0.0730405 -0.199083 -22.4134 
-0.17623 0.0230576 0.984079 213.635 -0.0639554 0.997345 -0.0348217 -18.3375 -0.982269 -0.0690738 -0.174287 -22.3379 
-0.145487 0.0225661 0.989103 214.803 -0.06476 0.997379 -0.0322805 -18.3857 -0.987238 -0.0687506 -0.143644 -22.4976 
-0.114977 0.0213117 0.993139 215.927 -0.064286 0.997514 -0.0288482 -18.4575 -0.991286 -0.0671619 -0.113322 -22.6023 
-0.0838213 0.023407 0.996206 217.062 -0.0627473 0.997616 -0.0287198 -18.4658 -0.994503 -0.0649165 -0.0821527 -22.705 
-0.0534129 0.0241425 0.998281 218.137 -0.0590881 0.997879 -0.0272943 -18.4939 -0.996823 -0.0604443 -0.0518731 -22.7393 
-0.026483 0.0246229 0.999346 219.247 -0.0559399 0.998094 -0.0260745 -18.5287 -0.998083 -0.0565938 -0.0250551 -22.6889 
0.00184533 0.0254677 0.999674 220.389 -0.0544267 0.998196 -0.0253297 -18.542 -0.998516 -0.0543622 0.00322813 -22.6282 
0.0303692 0.0248862 0.999229 221.473 -0.0518209 0.998385 -0.0232903 -18.5779 -0.998194 -0.0510736 0.0316098 -22.5217 
0.0626304 0.0267236 0.997679 222.62 -0.0489676 0.99852 -0.0236722 -18.5997 -0.996835 -0.0473714 0.0638463 -22.4529 
0.0921107 0.0274362 0.995371 223.759 -0.0471542 0.998619 -0.0231622 -18.6236 -0.994632 -0.0448024 0.0932772 -22.3271 
0.122627 0.027142 0.992082 224.909 -0.0489027 0.998577 -0.0212752 -18.6627 -0.991247 -0.0459065 0.12378 -22.1982 
0.152074 0.0260545 0.988026 226.072 -0.0476824 0.998682 -0.0189964 -18.7069 -0.987218 -0.0442226 0.153116 -21.9929 
0.181002 0.0279199 0.983086 227.15 -0.0461662 0.998736 -0.0198646 -18.7379 -0.982399 -0.0417898 0.182062 -21.7568 
0.210467 0.0293304 0.977161 228.297 -0.0450965 0.998777 -0.0202662 -18.7888 -0.97656 -0.0398012 0.211532 -21.4723 
0.237891 0.0271019 0.970914 229.436 -0.0419684 0.998964 -0.017602 -18.8359 -0.970385 -0.0365603 0.238782 -21.174 
0.267859 0.0244598 0.963148 230.604 -0.039516 0.999115 -0.0143836 -18.8734 -0.962647 -0.0342069 0.268588 -20.844 
0.296381 0.0241208 0.954765 231.638 -0.0398658 0.999122 -0.0128662 -18.8798 -0.954237 -0.0342492 0.297083 -20.5367 
0.318315 0.0238398 0.947685 232.621 -0.0414556 0.999077 -0.0112083 -18.9033 -0.947078 -0.0357191 0.319009 -20.0664 
0.343438 0.0220437 0.938917 233.786 -0.0405179 0.999141 -0.00863707 -18.9429 -0.938301 -0.0350767 0.344036 -19.6483 
0.363288 0.0249597 0.931342 234.834 -0.0436923 0.998998 -0.00972995 -18.9109 -0.930652 -0.0371578 0.364014 -19.1581 
0.384548 0.0217251 0.922849 235.857 -0.0427967 0.999068 -0.00568628 -18.9333 -0.922112 -0.0373083 0.38512 -18.6988 
0.401272 0.0211914 0.915714 236.626 -0.0446361 0.998997 -0.00355897 -18.9412 -0.91487 -0.0394458 0.401816 -18.2082 
0.41642 0.0191329 0.908971 237.674 -0.0430213 0.999073 -0.00132061 -18.9555 -0.908154 -0.0385552 0.416857 -17.6379 
0.43438 0.0190339 0.900528 238.755 -0.0411074 0.999154 -0.00128997 -18.946 -0.899791 -0.0364581 0.434795 -17.0872 
0.452088 0.018833 0.891774 239.822 -0.0406673 0.999173 -0.000484749 -18.9558 -0.891046 -0.036047 0.45248 -16.5127 
0.469405 0.0173654 0.882812 240.816 -0.0379441 0.99928 0.000518958 -18.9617 -0.882167 -0.0337411 0.469726 -15.9052 
0.485984 0.0163852 0.873814 241.841 -0.0397111 0.999206 0.00334939 -18.9633 -0.873065 -0.0363279 0.486249 -15.2973 
0.502325 0.0111931 0.864606 242.936 -0.0327636 0.999444 0.00609645 -18.9258 -0.864058 -0.0313901 0.502413 -14.6122 
0.521944 0.00836698 0.852938 243.99 -0.0305957 0.999492 0.00891792 -18.9423 -0.852431 -0.030751 0.521935 -13.9886 
0.537672 0.00793562 0.843117 244.977 -0.0281979 0.999566 0.00857409 -18.9592 -0.842682 -0.0283842 0.537662 -13.2877 
0.553939 0.00746006 0.832524 245.975 -0.0268379 0.9996 0.00889992 -18.9627 -0.832124 -0.0272732 0.553918 -12.5856 
0.568617 0.00830161 0.82256 246.969 -0.0279995 0.999565 0.0092673 -18.9356 -0.822126 -0.0283009 0.568602 -11.8637 
0.582095 0.00552593 0.813102 247.967 -0.02776 0.999529 0.0130802 -18.9414 -0.812647 -0.0301857 0.581974 -11.114 
0.595968 0.00374733 0.802999 248.953 -0.026385 0.99954 0.0149177 -18.9472 -0.802574 -0.0300776 0.595793 -10.3439 
0.60951 0.00362103 0.79277 249.973 -0.0247222 0.99959 0.0144415 -18.9314 -0.792392 -0.0284013 0.60935 -9.58247 
0.622226 0.00217379 0.782835 250.997 -0.0197415 0.999722 0.0129151 -18.9235 -0.782589 -0.0234905 0.622095 -8.7736 
0.632513 0.00199573 0.774547 251.971 -0.020263 0.999697 0.0139712 -18.9019 -0.774285 -0.0245317 0.632362 -7.94151 
0.643609 0.00070494 0.765354 252.941 -0.017885 0.99974 0.0141191 -18.8993 -0.765145 -0.0227755 0.643454 -7.13841 
0.652388 -0.00202554 0.757882 253.907 -0.0137058 0.999801 0.01447 -18.8731 -0.757761 -0.0198275 0.652231 -6.23018 
0.659574 -0.00331434 0.751632 254.849 -0.0111421 0.999837 0.0141861 -18.8499 -0.751557 -0.0177316 0.65943 -5.37191 
0.663734 -0.0025603 0.747964 255.89 -0.0148433 0.999752 0.0165938 -18.8385 -0.747821 -0.0221162 0.663531 -4.36449 
0.667996 -0.00379807 0.744155 256.81 -0.0134567 0.999762 0.017182 -18.8123 -0.744043 -0.0214914 0.667785 -3.50977 
0.673488 -0.00711398 0.739164 257.974 -0.009994 0.999775 0.0187281 -18.8138 -0.73913 -0.0200004 0.673265 -2.46042 
0.676558 -0.00107561 0.736389 259.056 -0.0168576 0.999714 0.016948 -18.745 -0.736196 -0.0238801 0.676346 -1.49402 
0.679254 -0.00287108 0.733898 260.059 -0.0164376 0.999682 0.0191244 -18.7305 -0.733719 -0.0250539 0.678991 -0.54761 
0.684402 -0.00481407 0.729089 261.119 -0.0153236 0.999662 0.0209848 -18.7368 -0.728944 -0.0255344 0.684097 0.35663 
0.687044 -0.0059594 0.726592 262.037 -0.0126639 0.999716 0.020174 -18.6992 -0.726506 -0.0230619 0.686773 1.28341 
0.690501 -0.00468293 0.723316 263.083 -0.0163951 0.999621 0.0221229 -18.7063 -0.723146 -0.0271347 0.690162 2.25845 
0.69523 -0.00724542 0.718751 264.202 -0.0150267 0.999584 0.0246112 -18.7359 -0.71863 -0.027911 0.694832 3.26951 
0.700542 -0.00818713 0.713564 265.269 -0.0140254 0.999583 0.0252381 -18.7121 -0.713473 -0.0276885 0.700135 4.24911 
0.70424 -0.00768568 0.70992 266.265 -0.014032 0.999595 0.0247414 -18.682 -0.709823 -0.0273855 0.703848 5.19044 
