1 2.12261e-08 -2.11895e-08 0 2.12261e-08 1 2.10703e-08 0 -2.11895e-08 2.10703e-08 1 0 
0.999998 -0.00155833 0.0011674 -0.0499183 0.00155528 0.999995 0.00264481 -0.0330809 -0.00117156 -0.00264295 0.999996 1.28105 
0.999995 -0.00282979 0.00144633 -0.0914794 0.00282477 0.99999 0.00349501 -0.0633587 -0.00145624 -0.00349087 0.999993 2.5783 
0.999984 -0.00458153 0.00330719 -0.171019 0.00457288 0.999986 0.00263333 -0.103074 -0.00331925 -0.00261812 0.999991 3.78672 
0.999984 -0.00451564 0.00332359 -0.189763 0.0045062 0.999986 0.00285662 -0.123509 -0.00333648 -0.00284156 0.99999 5.16759 
0.999979 -0.00535188 0.00374246 -0.25031 0.00533691 0.999978 0.00401039 -0.14044 -0.00376388 -0.00399029 0.999985 6.49047 
0.999956 -0.00828925 0.00435326 -0.273415 0.00826541 0.999951 0.00547496 -0.14843 -0.00439847 -0.0054387 0.999976 7.85772 
0.999957 -0.00770175 0.00520845 -0.335661 0.00766731 0.999949 0.00660857 -0.173024 -0.00525913 -0.00656831 0.999965 9.14876 
0.999968 -0.00705664 0.00365199 -0.306171 0.00704029 0.999965 0.00448374 -0.180466 -0.00368354 -0.00445784 0.999983 10.5828 
0.999959 -0.00461228 0.00785178 -0.438763 0.00459134 0.999986 0.00268799 -0.199805 -0.00786411 -0.00265178 0.999966 11.8218 
0.999933 0.00174103 0.0114259 -0.564424 -0.00175602 0.999998 0.00130599 -0.209738 -0.0114236 -0.00132593 0.999934 13.0653 
0.999902 0.00458939 0.0132209 -0.613639 -0.00460878 0.999988 0.00143935 -0.230801 -0.0132142 -0.0015001 0.999912 14.3761 
0.999897 0.00557241 0.0132201 -0.619685 -0.00559611 0.999983 0.00175939 -0.231871 -0.0132101 -0.00183314 0.999911 15.7373 
0.999881 0.00375291 0.0149618 -0.656886 -0.00380961 0.999986 0.00376592 -0.238603 -0.0149475 -0.00382243 0.999881 17.0964 
0.999877 -0.000157195 0.015655 -0.67272 6.67557e-05 0.999983 0.00578014 -0.256813 -0.0156557 -0.00577835 0.999861 18.4203 
0.99987 -0.00228672 0.0159324 -0.696358 0.00223704 0.999993 0.00313787 -0.268316 -0.0159395 -0.00310178 0.999868 19.821 
0.999862 -0.00448316 0.0159788 -0.717542 0.00446547 0.999989 0.00114531 -0.286866 -0.0159838 -0.00107376 0.999872 21.1426 
0.999845 -0.00356264 0.0172226 -0.754787 0.00356865 0.999994 -0.000315735 -0.298896 -0.0172215 0.000377189 0.999852 22.5147 
0.999851 -0.000887909 0.017242 -0.756578 0.000861928 0.999999 0.00151669 -0.3178 -0.0172434 -0.00150156 0.99985 23.8664 
0.999839 -0.000392813 0.0179342 -0.762056 0.000317439 0.999991 0.00420786 -0.318309 -0.0179358 -0.00420144 0.99983 25.208 
0.999793 -0.00268922 0.020192 -0.818109 0.00255766 0.999975 0.00654082 -0.342577 -0.0202091 -0.00648777 0.999775 26.5217 
0.999789 -0.00645262 0.0195075 -0.809056 0.00637097 0.999971 0.00424672 -0.355056 -0.0195343 -0.0041215 0.999801 27.8775 
0.99979 -0.00651678 0.0194243 -0.793921 0.00648459 0.999978 0.00172168 -0.371613 -0.0194352 -0.00159532 0.99981 29.2945 
0.999789 -0.00605398 0.0196478 -0.77708 0.00608022 0.999981 -0.00127372 -0.375393 -0.0196398 0.00139296 0.999806 30.722 
0.999803 -0.00375973 0.0195031 -0.767577 0.00379819 0.999991 -0.00193306 -0.400191 -0.0194957 0.0020068 0.999808 32.1304 
0.999805 -0.00443282 0.0192378 -0.749162 0.00451219 0.999982 -0.00408247 -0.426904 -0.0192194 0.00416852 0.999807 33.5504 
0.999801 -0.00543086 0.0191986 -0.740483 0.00547462 0.999983 -0.00222504 -0.455884 -0.0191862 0.00232974 0.999813 34.9429 
0.999787 -0.00505206 0.0200375 -0.764505 0.00508528 0.999986 -0.00160479 -0.477502 -0.0200291 0.00170638 0.999798 36.3106 
0.99975 -0.00499704 0.0217745 -0.78636 0.00496765 0.999987 0.00140566 -0.515048 -0.0217812 -0.00129709 0.999762 37.607 
0.99974 -0.00301585 0.022609 -0.817266 0.00297588 0.999994 0.00180328 -0.52329 -0.0226143 -0.00173549 0.999743 39.054 
0.999704 -0.000192007 0.0243487 -0.86003 0.000143652 0.999998 0.00198941 -0.549566 -0.0243491 -0.00198528 0.999702 40.4471 
0.99969 0.00197636 0.0248299 -0.87257 -0.00202412 0.999996 0.00190039 -0.547624 -0.0248261 -0.00195002 0.99969 41.7524 
0.999614 0.00376237 0.0275439 -0.969463 -0.00384895 0.999988 0.0030923 -0.583004 -0.0275319 -0.00319708 0.999616 43.0468 
0.999555 0.00342147 0.0296442 -0.995022 -0.00348038 0.999992 0.00193743 -0.585008 -0.0296373 -0.0020397 0.999559 44.4405 
0.99953 0.00117854 0.0306356 -1.00964 -0.0012372 0.999997 0.00189743 -0.602457 -0.0306334 -0.0019344 0.999529 45.7664 
0.999587 -0.00253812 0.0286242 -0.965787 0.00244404 0.999992 0.0033226 -0.631846 -0.0286324 -0.00325123 0.999585 47.2072 
0.999556 -0.00293061 0.0296598 -0.985143 0.00281887 0.999989 0.0038101 -0.633883 -0.0296707 -0.00372476 0.999553 48.6323 
0.999556 -0.00351307 0.0295861 -0.980824 0.00340824 0.999988 0.00359434 -0.650128 -0.0295984 -0.00349186 0.999556 50.0486 
0.999483 -0.00455173 0.0318222 -1.06238 0.00444848 0.999985 0.00331593 -0.629886 -0.0318369 -0.00317262 0.999488 51.413 
0.999478 -0.0035333 0.0321069 -1.10775 0.00342775 0.999989 0.00334326 -0.610397 -0.0321184 -0.00323142 0.999479 52.8024 
0.999404 -0.00259434 0.03442 -1.19054 0.00247973 0.999991 0.00337314 -0.623622 -0.0344285 -0.00328573 0.999402 54.1616 
0.999397 -0.00668547 0.0340859 -1.1773 0.00654415 0.99997 0.00425725 -0.633701 -0.0341134 -0.00403157 0.99941 55.5975 
0.999382 -0.0116081 0.0331911 -1.1519 0.0114821 0.999926 0.00398478 -0.645519 -0.0332349 -0.00360117 0.999441 57.0482 
0.999399 -0.0126258 0.0322943 -1.13404 0.0124884 0.999912 0.00445591 -0.661865 -0.0323478 -0.00404989 0.999469 58.4777 
0.999337 -0.0147779 0.0332637 -1.10963 0.0146294 0.999882 0.00470485 -0.663918 -0.0333294 -0.00421506 0.999436 59.8854 
0.999277 -0.0157786 0.0346053 -1.12572 0.0156011 0.999864 0.00539286 -0.680939 -0.0346857 -0.00484904 0.999387 61.288 
0.999224 -0.0165307 0.0357446 -1.11809 0.0163922 0.999857 0.00416682 -0.689415 -0.0358084 -0.00357761 0.999352 62.7323 
0.999176 -0.0177638 0.0364839 -1.09961 0.0176428 0.999838 0.00363899 -0.696847 -0.0365427 -0.00299227 0.999328 64.2775 
0.999114 -0.0175588 0.0382522 -1.14063 0.0174247 0.999841 0.00383771 -0.717936 -0.0383135 -0.00316773 0.999261 65.7042 
0.999071 -0.0166396 0.0397537 -1.14117 0.0165151 0.999858 0.00346034 -0.722095 -0.0398057 -0.00280055 0.999204 67.1977 
0.999049 -0.0144042 0.041159 -1.13823 0.0142889 0.999893 0.00309622 -0.698979 -0.0411992 -0.00250511 0.999148 68.611 
0.999052 -0.00771511 0.0428551 -1.1342 0.00756305 0.999965 0.00371017 -0.710091 -0.0428822 -0.0033825 0.999074 70.0268 
0.999088 -0.00267147 0.0426114 -1.09485 0.00251686 0.99999 0.00368274 -0.715384 -0.0426209 -0.00357209 0.999085 71.3826 
0.998922 0.000354114 0.0464114 -1.17085 -0.00056709 0.999989 0.00457673 -0.752359 -0.0464094 -0.00459807 0.998912 72.6736 
0.998884 0.00135222 0.0472041 -1.15536 -0.001542 0.999991 0.00398527 -0.761081 -0.0471983 -0.00405357 0.998877 74.0686 
0.998721 0.00358567 0.0504393 -1.2105 -0.00381546 0.999983 0.00446096 -0.799165 -0.0504224 -0.00464766 0.998717 75.4631 
0.998762 0.00470968 0.0495257 -1.15399 -0.00495765 0.999976 0.00488622 -0.824874 -0.0495016 -0.00512566 0.998761 76.8808 
0.998685 0.00251814 0.0512075 -1.16875 -0.00275393 0.999986 0.00453534 -0.83114 -0.0511954 -0.00467035 0.998678 78.235 
0.99867 -0.000164322 0.0515509 -1.13159 -0.000101858 0.999987 0.00516162 -0.858392 -0.0515511 -0.00515997 0.998657 79.6282 
0.998651 0.000662916 0.0519212 -1.10336 -0.0008381 0.999994 0.00335317 -0.846935 -0.0519187 -0.00339212 0.998646 81.0212 
0.998585 0.00157726 0.0531551 -1.12537 -0.00174807 0.999993 0.00316802 -0.860726 -0.0531498 -0.00325641 0.998581 82.4692 
0.998494 0.00185877 0.0548327 -1.18956 -0.00189555 0.999998 0.000619522 -0.810299 -0.0548314 -0.000722486 0.998495 83.8709 
0.998482 0.000641763 0.0550712 -1.20796 -0.000698063 0.999999 0.00100388 -0.816702 -0.0550705 -0.00104075 0.998482 85.2914 
0.998503 -0.00405115 0.0545456 -1.19336 0.00389733 0.999988 0.00292693 -0.837253 -0.0545569 -0.00270992 0.998507 86.6299 
0.998459 -0.00680549 0.0550814 -1.20281 0.0065821 0.999969 0.00423676 -0.849021 -0.0551086 -0.00386764 0.998473 88.0385 
0.998505 -0.0108676 0.0535607 -1.14807 0.0106236 0.999932 0.00483827 -0.871158 -0.0536097 -0.00426199 0.998553 89.4028 
0.998545 -0.0123785 0.052479 -1.09587 0.0121799 0.999917 0.00410392 -0.878743 -0.0525255 -0.00345873 0.998614 90.7593 
0.998565 -0.0138845 0.0517232 -1.04012 0.0136812 0.999897 0.00428232 -0.89528 -0.0517773 -0.00356849 0.998652 92.1502 
0.99848 -0.0143049 0.05322 -1.04197 0.0141184 0.999893 0.00387898 -0.911149 -0.0532698 -0.00312167 0.998575 93.522 
0.998455 -0.0152329 0.053439 -1.01527 0.015082 0.999881 0.00322591 -0.917569 -0.0534819 -0.00241492 0.998566 94.8472 
0.998374 -0.0162839 0.0546245 -0.986456 0.0161332 0.999865 0.00319929 -0.951408 -0.0546693 -0.00231278 0.998502 96.1025 
0.998346 -0.0141705 0.0557138 -0.969668 0.0140541 0.999898 0.00248106 -0.980018 -0.0557433 -0.00169392 0.998444 97.4063 
0.998194 -0.0131779 0.058608 -1.02989 0.013029 0.999911 0.0029239 -0.990278 -0.0586414 -0.00215498 0.998277 98.7735 
0.998164 -0.0128649 0.0591845 -1.00675 0.0126033 0.999909 0.00479115 -1.01734 -0.0592408 -0.00403639 0.998236 100.05 
0.998018 -0.0104617 0.0620593 -1.0363 0.0100442 0.999925 0.00703714 -1.05783 -0.0621283 -0.00639982 0.998048 101.245 
0.997966 -0.0123998 0.0625387 -0.99932 0.0120375 0.999909 0.00616751 -1.08313 -0.0626095 -0.00540211 0.998024 102.585 
0.997948 -0.0130178 0.0626995 -0.945461 0.0128139 0.999911 0.00365293 -1.09253 -0.0627415 -0.00284196 0.998026 103.891 
0.997879 -0.014383 0.0634809 -0.903187 0.0142182 0.999894 0.00304773 -1.11653 -0.0635181 -0.00213864 0.997978 105.163 
0.997811 -0.0178922 0.0636691 -0.835677 0.0175783 0.99983 0.00548793 -1.1486 -0.0637565 -0.00435669 0.997956 106.49 
0.99769 -0.0196664 0.0650179 -0.791646 0.0192747 0.999792 0.00664663 -1.15907 -0.0651351 -0.00537804 0.997862 107.816 
0.997621 -0.0207016 0.0657616 -0.729392 0.0203236 0.999773 0.00641264 -1.15492 -0.0658795 -0.00506082 0.997815 109.207 
0.997452 -0.0218062 0.0679212 -0.706577 0.0215239 0.999756 0.00488733 -1.16921 -0.0680112 -0.00341292 0.997679 110.508 
0.997293 -0.0178784 0.0713308 -0.694907 0.0177403 0.999839 0.00257043 -1.19857 -0.0713653 -0.001298 0.997449 111.751 
0.997286 -0.0136795 0.0723375 -0.62654 0.0137813 0.999905 -0.000907575 -1.19188 -0.0723183 0.00190206 0.99738 113.099 
0.997278 -0.00959158 0.0731107 -0.552991 0.00971597 0.999952 -0.00134528 -1.20955 -0.0730943 0.002052 0.997323 114.464 
0.997018 -0.00632916 0.0769053 -0.529493 0.00636257 0.99998 -0.000188855 -1.22934 -0.0769026 0.000677649 0.997038 115.728 
0.996815 -0.00588067 0.079537 -0.48346 0.00568626 0.99998 0.00267102 -1.26579 -0.0795512 -0.0022102 0.996828 117.077 
0.996714 -0.00614039 0.080773 -0.413853 0.00598598 0.99998 0.00215418 -1.25644 -0.0807846 -0.00166356 0.99673 118.419 
0.996575 -0.00512926 0.0825364 -0.347319 0.00505239 0.999987 0.00114072 -1.27636 -0.0825412 -0.000719769 0.996587 119.757 
0.996283 -0.00267925 0.0861037 -0.390799 0.00270672 0.999996 -0.00020175 -1.29494 -0.0861029 0.000434099 0.996286 121.134 
0.99607 -0.000740917 0.0885646 -0.344963 0.000805589 0.999999 -0.000693988 -1.32027 -0.0885641 0.000762648 0.99607 122.507 
0.995924 -0.000865551 0.0901977 -0.288959 0.000988734 0.999999 -0.00132054 -1.35519 -0.0901964 0.00140437 0.995923 123.743 
0.995624 0.000424329 0.0934508 -0.267507 -0.000279346 0.999999 -0.00156404 -1.40718 -0.0934514 0.00153113 0.995623 125.026 
0.995404 0.000159417 0.0957637 -0.20518 -2.5044e-05 0.999999 -0.00140391 -1.43887 -0.0957639 0.0013951 0.995403 126.376 
0.995162 0.000608993 0.0982457 -0.127606 -0.000474131 0.999999 -0.00139558 -1.42193 -0.0982465 0.00134229 0.995161 127.806 
0.994873 -0.000660395 0.101135 -0.0710065 0.000664674 1 -8.1695e-06 -1.47876 -0.101135 7.53893e-05 0.994873 129.13 
0.994767 -0.00174947 0.102154 0.0264332 0.00175263 0.999999 5.92657e-05 -1.50248 -0.102154 0.000120123 0.994769 130.475 
0.994766 -0.0035332 0.102123 0.1717 0.00367515 0.999993 -0.00120148 -1.49659 -0.102118 0.00157054 0.994771 131.916 
0.994743 -0.00542925 0.102263 0.261091 0.00546944 0.999985 -0.00011216 -1.53172 -0.102261 0.000670932 0.994757 133.213 
0.994831 -0.00745117 0.101274 0.386437 0.00745012 0.999972 0.000389049 -1.57365 -0.101274 0.000367503 0.994859 134.578 
0.994857 -0.00913465 0.100878 0.485621 0.00911698 0.999958 0.000636644 -1.60428 -0.10088 0.000286376 0.994899 135.913 
0.994895 -0.0103305 0.10039 0.591014 0.0101718 0.999946 0.00209297 -1.63788 -0.100407 -0.00106109 0.994946 137.271 
0.995033 -0.0116312 0.0988642 0.695261 0.0114383 0.999931 0.00251774 -1.67246 -0.0988868 -0.00137435 0.995098 138.525 
0.994857 -0.0100618 0.100793 0.679815 0.00990637 0.999949 0.00204296 -1.69317 -0.100808 -0.00103392 0.994905 139.626 
0.994922 -0.0106037 0.10009 0.765165 0.010425 0.999943 0.00230914 -1.7263 -0.100109 -0.00125394 0.994976 140.912 
0.994846 -0.0131433 0.10054 0.833452 0.0129425 0.999913 0.00264955 -1.74204 -0.100567 -0.00133462 0.994929 142.166 
0.994816 -0.0134008 0.100808 0.913956 0.013487 0.999909 -0.000172637 -1.74802 -0.100796 0.00153137 0.994906 143.41 
0.994888 -0.0190298 0.0991735 1.02569 0.0191693 0.999816 -0.000453825 -1.76394 -0.0991467 0.00235263 0.99507 144.695 
0.994686 -0.0271723 0.0993005 1.11828 0.0271578 0.99963 0.00149841 -1.76716 -0.0993045 0.00120637 0.995056 146.075 
0.994659 -0.033587 0.0976008 1.23484 0.033335 0.999435 0.0042123 -1.81121 -0.0976872 -0.000936236 0.995217 147.42 
0.994633 -0.0366582 0.0967569 1.34153 0.0368392 0.999321 -8.29333e-05 -1.81391 -0.0966882 0.00364697 0.995308 148.716 
0.994645 -0.036033 0.0968646 1.46323 0.0365315 0.999327 -0.00337644 -1.83356 -0.0966778 0.00689701 0.995292 150.089 
0.9946 -0.0319149 0.0987509 1.53271 0.0325659 0.999457 -0.00498699 -1.8666 -0.0985382 0.00817602 0.9951 151.426 
0.994505 -0.0315232 0.0998318 1.63238 0.0322529 0.999464 -0.00570291 -1.88003 -0.0995985 0.00889147 0.994988 152.741 
0.994436 -0.0345271 0.0995263 1.75173 0.0349244 0.999387 -0.00225182 -1.90892 -0.0993876 0.00571523 0.995032 154.048 
0.994162 -0.0398221 0.100283 1.85401 0.03995 0.999201 0.000733358 -1.92718 -0.100232 0.00327726 0.994959 155.348 
0.993963 -0.0428886 0.100983 1.96753 0.042888 0.999078 0.0021777 -1.95146 -0.100983 0.00216644 0.994886 156.69 
0.993891 -0.0440786 0.101185 2.08126 0.0441335 0.999024 0.00169731 -1.97019 -0.101162 0.00277877 0.994866 158.043 
0.993829 -0.0413301 0.102936 2.17537 0.0413754 0.999142 0.00169639 -1.98283 -0.102918 0.00257315 0.994687 159.393 
0.993784 -0.0364304 0.105198 2.27712 0.0365938 0.99933 0.000377576 -1.99406 -0.105141 0.0034744 0.994451 160.734 
0.99358 -0.0361771 0.107191 2.35691 0.0363947 0.999338 -7.30258e-05 -2.04221 -0.107118 0.00397378 0.994238 161.958 
0.993588 -0.0323415 0.108335 2.4508 0.0325844 0.999469 -0.000471505 -2.05977 -0.108262 0.00399855 0.994114 163.268 
0.993587 -0.0294203 0.109177 2.5529 0.0296095 0.999562 -0.000111237 -2.07354 -0.109126 0.00334324 0.994022 164.608 
0.993641 -0.0287195 0.108871 2.67205 0.0288714 0.999583 0.000181727 -2.11218 -0.108831 0.00296273 0.994056 165.964 
0.993805 -0.0252121 0.108239 2.80488 0.0255871 0.99967 -0.00207704 -2.12576 -0.108151 0.00483373 0.994123 167.326 
0.993923 -0.0209468 0.108064 2.90584 0.0214798 0.999762 -0.00376998 -2.1539 -0.107959 0.0060683 0.994137 168.686 
0.994038 -0.0131955 0.108231 3.0059 0.0139218 0.999885 -0.00595767 -2.17123 -0.10814 0.00742896 0.994108 170.033 
0.993979 -0.00959445 0.109146 3.09865 0.0101496 0.999938 -0.00453155 -2.2235 -0.109096 0.00561209 0.994015 171.334 
0.993991 -0.00902865 0.109091 3.24579 0.00930867 0.999955 -0.00205739 -2.25557 -0.109067 0.00306055 0.99403 172.736 
0.993987 -0.0109638 0.108949 3.34863 0.010942 0.99994 0.00079777 -2.29164 -0.108952 0.000399193 0.994047 174.044 
0.99377 -0.0133753 0.110646 3.40677 0.0132815 0.999911 0.00158543 -2.31665 -0.110657 -0.000105971 0.993859 175.332 
0.993902 -0.0153673 0.109193 3.53504 0.0152273 0.999882 0.002116 -2.34614 -0.109213 -0.00044033 0.994018 176.765 
0.99402 -0.0193065 0.107482 3.65619 0.019405 0.999812 0.000130002 -2.4263 -0.107464 0.0019565 0.994207 178.104 
0.994298 -0.0178423 0.105138 3.80425 0.0184198 0.99982 -0.00452393 -2.42384 -0.105038 0.0064348 0.994447 179.491 
0.994453 -0.0130072 0.104371 3.94361 0.0138079 0.999881 -0.00695266 -2.41455 -0.104268 0.00835528 0.994514 180.865 
0.994234 -0.00677522 0.107015 3.95212 0.00739291 0.999958 -0.00537588 -2.46601 -0.106975 0.00613608 0.994243 182.175 
0.994237 -0.00535366 0.107075 4.06703 0.00546264 0.999985 -0.000724066 -2.51305 -0.107069 0.00130484 0.994251 183.554 
0.993995 -0.00468337 0.109326 4.12021 0.00451451 0.999988 0.0017925 -2.55987 -0.109333 -0.00128814 0.994004 184.95 
0.99395 -0.00388425 0.109761 4.22915 0.00363804 0.99999 0.00244376 -2.60041 -0.10977 -0.00202962 0.993955 186.285 
0.993932 -0.00318054 0.109955 4.3754 0.0029789 0.999994 0.00199849 -2.61577 -0.10996 -0.00165877 0.993935 187.682 
0.993854 -0.00817372 0.110396 4.46457 0.00777737 0.999962 0.00402078 -2.65473 -0.110425 -0.00313744 0.99388 189.179 
0.993829 -0.0103486 0.110437 4.61917 0.00997691 0.999943 0.0039179 -2.67029 -0.110471 -0.00279187 0.993875 190.583 
0.993593 -0.01339 0.112224 4.69985 0.0128578 0.999902 0.00546582 -2.7067 -0.112286 -0.00398781 0.993668 191.963 
0.993407 -0.017679 0.113268 4.81785 0.0170658 0.999834 0.00638127 -2.71545 -0.113362 -0.00440614 0.993544 193.37 
0.993238 -0.020009 0.11436 4.92503 0.0194682 0.999793 0.00584404 -2.71962 -0.114454 -0.00357809 0.993422 194.684 
0.993169 -0.0179787 0.115293 5.03814 0.0179369 0.999838 0.00140058 -2.74769 -0.115299 0.000677017 0.993331 196.028 
0.993202 -0.0104971 0.115933 5.15218 0.010949 0.999935 -0.00326138 -2.78101 -0.115891 0.0045086 0.993252 197.436 
0.993167 -0.000347326 0.116698 5.27549 0.000744833 0.999994 -0.0033623 -2.82138 -0.116697 0.00342629 0.993162 198.823 
0.992951 0.00723144 0.118308 5.40048 -0.00726037 0.999974 -0.000186117 -2.84328 -0.118306 -0.000674117 0.992977 200.282 
0.992907 0.007159 0.118676 5.54022 -0.00743458 0.999971 0.00187989 -2.84752 -0.118659 -0.00274882 0.992931 201.794 
0.992921 0.00557721 0.118646 5.66138 -0.0059358 0.999979 0.00266952 -2.87076 -0.118628 -0.00335484 0.992933 203.182 
0.992772 0.0024481 0.119993 5.76331 -0.00278027 0.999993 0.00260127 -2.89395 -0.119986 -0.00291604 0.992771 204.588 
0.992793 0.00070401 0.119836 5.89589 -0.000923041 0.999998 0.00177263 -2.90829 -0.119835 -0.00187043 0.992792 206.033 
0.992834 0.00113409 0.1195 6.02496 -0.00135088 0.999998 0.00173352 -2.94688 -0.119498 -0.00188249 0.992833 207.427 
0.992821 0.000167612 0.119609 6.16966 -0.000481927 0.999997 0.00259931 -2.98343 -0.119608 -0.00263825 0.992818 208.891 
0.992795 0.00198827 0.119808 6.32893 -0.00242369 0.999991 0.00348911 -3.00285 -0.1198 -0.00375431 0.992791 210.363 
0.992796 0.00141297 0.119805 6.46981 -0.00182001 0.999993 0.00328851 -3.02746 -0.1198 -0.00348283 0.992792 211.859 
0.992892 0.0029918 0.118979 6.61922 -0.00318961 0.999994 0.00147256 -3.03731 -0.118974 -0.00184155 0.992896 213.28 
0.992744 0.00599563 0.120096 6.73611 -0.00618624 0.99998 0.00121472 -3.07809 -0.120086 -0.00194881 0.992762 214.815 
0.992826 0.00729048 0.119342 6.91192 -0.00741957 0.999972 0.000637713 -3.08437 -0.119335 -0.00151857 0.992853 216.368 
0.992916 0.00677001 0.118625 7.09379 -0.00679693 0.999977 -0.00017728 -3.08796 -0.118624 -0.000630223 0.992939 217.872 
0.992915 0.00555905 0.118698 7.23264 -0.00566544 0.999984 0.000559319 -3.12218 -0.118693 -0.00122779 0.99293 219.31 
0.992871 0.00717951 0.118976 7.33476 -0.00735987 0.999972 0.001077 -3.17786 -0.118965 -0.00194493 0.992897 220.744 
0.993015 0.00639459 0.117812 7.50237 -0.00651833 0.999979 0.000665398 -3.19985 -0.117805 -0.00142865 0.993036 222.265 
0.992771 0.00800114 0.119759 7.58996 -0.00800133 0.999968 -0.000478872 -3.20252 -0.119759 -0.000482781 0.992803 223.747 
0.992879 0.00746891 0.118893 7.7579 -0.00748017 0.999972 -0.000351146 -3.2288 -0.118893 -0.000540659 0.992907 225.184 
0.99279 0.0050639 0.119764 7.89962 -0.00526889 0.999985 0.00139541 -3.28461 -0.119755 -0.00201633 0.992802 226.683 
0.992749 0.004577 0.120123 8.01827 -0.00481753 0.999987 0.00171243 -3.30675 -0.120114 -0.00227867 0.992758 228.133 
0.992607 0.0037571 0.121314 8.14129 -0.0041664 0.999986 0.00312084 -3.33471 -0.121301 -0.00360317 0.992609 229.622 
0.99263 0.00404595 0.12112 8.27953 -0.00445723 0.999985 0.0031253 -3.35432 -0.121105 -0.00364209 0.992633 231.111 
0.992654 0.00520525 0.120874 8.43083 -0.00548938 0.999983 0.00201818 -3.36804 -0.120861 -0.00266684 0.992666 232.632 
0.992687 0.0012342 0.120707 8.55438 -0.00144636 0.999998 0.00167043 -3.38554 -0.120705 -0.00183276 0.992687 234.065 
0.992734 0.00571164 0.120196 8.73323 -0.00598887 0.99998 0.00194576 -3.42521 -0.120182 -0.00265142 0.992748 235.403 
0.992751 0.00714916 0.119974 8.91694 -0.00743464 0.999971 0.00193244 -3.40101 -0.119956 -0.00281035 0.992775 236.988 
0.9927 0.00853155 0.120306 9.09376 -0.0087135 0.999962 0.000986827 -3.39271 -0.120293 -0.00202787 0.992736 238.524 
0.992561 0.00865311 0.121441 9.25085 -0.00870336 0.999962 -0.000116296 -3.42112 -0.121438 -0.000941478 0.992599 240.003 
0.992407 0.00968654 0.122618 9.37945 -0.00958223 0.999953 -0.00144006 -3.4452 -0.122626 0.000254212 0.992453 241.538 
0.992256 0.0123994 0.123593 9.52684 -0.0121467 0.999922 -0.00279793 -3.45055 -0.123618 0.00127505 0.992329 243.106 
0.992257 0.0115952 0.123656 9.68278 -0.0114417 0.999933 -0.00195055 -3.46401 -0.123671 0.000520642 0.992323 244.577 
0.992348 0.0100605 0.123059 9.84304 -0.0100551 0.999949 -0.000664327 -3.50667 -0.12306 -0.000578093 0.992399 246.075 
0.992478 0.0110603 0.121921 10.0239 -0.0109298 0.999939 -0.00173836 -3.51336 -0.121933 0.000392746 0.992538 247.583 
0.992477 0.0090122 0.122103 10.2144 -0.00901527 0.999959 -0.000526915 -3.54715 -0.122103 -0.000577806 0.992517 249.199 
0.992313 0.011149 0.123254 10.3211 -0.011247 0.999937 9.98508e-05 -3.59081 -0.123246 -0.00148529 0.992375 250.596 
0.992567 0.0108318 0.121215 10.4988 -0.0109428 0.99994 0.000250035 -3.62034 -0.121205 -0.00157457 0.992626 252.128 
0.99247 0.00943983 0.122127 10.642 -0.00961034 0.999954 0.000807557 -3.65889 -0.122114 -0.00197512 0.992514 253.625 
0.992181 0.00863714 0.124509 10.7422 -0.0091071 0.999953 0.00320621 -3.72464 -0.124475 -0.00431502 0.992213 255.036 
0.992192 0.00744285 0.124494 10.9053 -0.00806309 0.999958 0.00447927 -3.76939 -0.124456 -0.00544806 0.99221 256.468 
0.99236 0.00624664 0.12322 11.0953 -0.00683471 0.999967 0.00435076 -3.78878 -0.123189 -0.00515966 0.99237 258.029 
0.992148 0.00485277 0.124976 11.2237 -0.00533641 0.99998 0.00353576 -3.81725 -0.124957 -0.00417488 0.992153 259.539 
0.991922 0.00539684 0.126737 11.3667 -0.00589961 0.999976 0.00359233 -3.81677 -0.126714 -0.00431097 0.99193 261.046 
0.991641 0.00184382 0.129012 11.4749 -0.00255319 0.999983 0.0053337 -3.83736 -0.129 -0.00561847 0.991629 262.548 
0.991631 0.00140458 0.129097 11.635 -0.00201006 0.999988 0.00456033 -3.86622 -0.129089 -0.00478162 0.991622 264.12 
0.991568 -0.000357661 0.129585 11.8124 -0.000298435 0.999987 0.00504394 -3.90604 -0.129585 -0.00504004 0.991555 265.645 
0.991426 0.00135851 0.130664 11.9805 -0.00186875 0.999991 0.0037828 -3.90792 -0.130658 -0.0039945 0.99142 267.194 
0.991343 0.00358546 0.131249 12.1379 -0.00404809 0.999987 0.00325854 -3.93641 -0.131236 -0.0037616 0.991344 268.672 
0.991238 0.00301691 0.132056 12.3097 -0.00341828 0.99999 0.00281319 -3.94929 -0.132046 -0.00323991 0.991238 270.158 
0.990912 0.0040713 0.13445 12.4278 -0.00442411 0.999988 0.00232571 -3.97464 -0.134439 -0.00289936 0.990918 271.648 
0.990751 0.00485882 0.135608 12.5982 -0.00511397 0.999986 0.00153357 -4.00243 -0.135598 -0.00221284 0.990761 273.224 
0.990758 0.00357891 0.135595 12.8314 -0.0035264 0.999994 -0.000627086 -3.97364 -0.135596 0.000143168 0.990764 274.805 
0.990673 0.00431028 0.13619 13.0469 -0.00428382 0.999991 -0.000486994 -4.02802 -0.136191 -0.000100922 0.990683 276.327 
0.990522 0.00597165 0.137221 13.233 -0.00582118 0.999982 -0.00149754 -4.06261 -0.137228 0.000684596 0.990539 277.798 
0.990182 0.00594781 0.139659 13.3684 -0.00576566 0.999982 -0.00170844 -4.06871 -0.139667 0.000886479 0.990198 279.219 
0.98986 0.00501749 0.141957 13.4935 -0.00479934 0.999987 -0.0018788 -4.09425 -0.141965 0.00117849 0.989871 280.706 
0.989713 0.00766845 0.142859 13.6776 -0.00715236 0.999966 -0.00412545 -4.12771 -0.142886 0.00306127 0.989734 282.188 
0.989776 0.00619784 0.142493 13.8847 -0.00531539 0.999964 -0.00657246 -4.16791 -0.142529 0.00574789 0.989774 283.766 
0.98973 0.00723488 0.142767 14.0615 -0.00639322 0.999959 -0.0063529 -4.19578 -0.142807 0.00537495 0.989736 285.294 
0.990081 0.00696427 0.140325 14.2776 -0.00613139 0.999961 -0.00636651 -4.22355 -0.140364 0.00544301 0.990085 286.809 
0.990292 0.00538522 0.138899 14.4957 -0.00467175 0.999974 -0.00546179 -4.29348 -0.138925 0.0047599 0.990291 288.319 
0.990137 0.00368113 0.140052 14.6528 -0.00291574 0.99998 -0.00566951 -4.31931 -0.14007 0.00520528 0.990128 289.92 
0.990428 0.00361833 0.13798 14.8749 -0.00282093 0.999978 -0.00597388 -4.3422 -0.137999 0.00552751 0.990417 291.467 
0.990262 0.00190182 0.139203 15.023 -0.00124308 0.999988 -0.0048187 -4.38464 -0.139211 0.00459878 0.990252 293.118 
0.990452 0.00342428 0.137816 15.1969 -0.00293339 0.999989 -0.00376455 -4.42939 -0.137827 0.00332438 0.990451 294.804 
0.990276 0.00891123 0.138831 15.3232 -0.00848295 0.999957 -0.00367596 -4.46397 -0.138858 0.00246256 0.990309 296.438 
0.990042 0.0108387 0.140355 15.4978 -0.0103231 0.999937 -0.00440079 -4.49051 -0.140394 0.00290811 0.990092 297.902 
0.98935 0.0104073 0.145181 15.4984 -0.00968032 0.999937 -0.00571259 -4.47218 -0.145231 0.00424639 0.989389 299.673 
0.989549 0.00831828 0.14396 15.7442 -0.00758668 0.999955 -0.00562984 -4.50989 -0.144 0.00447886 0.989568 301.252 
0.989438 0.00590582 0.144835 15.8794 -0.00500767 0.999966 -0.00656468 -4.55358 -0.144868 0.0057701 0.989434 302.628 
0.98956 0.0029316 0.144091 16.1098 -0.00173301 0.999963 -0.00844279 -4.60381 -0.14411 0.00810498 0.989529 304.236 
0.989626 0.000928726 0.143663 16.348 0.000381108 0.999959 -0.00908929 -4.6608 -0.143666 0.00904979 0.989585 305.877 
0.99001 0.00308635 0.140967 16.5477 -0.00165319 0.999946 -0.0102823 -4.70089 -0.140991 0.00994655 0.989961 307.409 
0.990243 0.00464414 0.139277 16.7268 -0.00321382 0.99994 -0.0104925 -4.72694 -0.139317 0.00994252 0.990198 309.043 
0.990292 0.00607637 0.138872 16.925 -0.00506305 0.999958 -0.00764852 -4.76229 -0.138913 0.00687118 0.990281 310.6 
0.990279 0.00348378 0.139055 17.1341 -0.00274863 0.999981 -0.00547816 -4.77186 -0.139071 0.00504273 0.99027 312.222 
0.990279 0.00233713 0.139075 17.3185 -0.00177653 0.99999 -0.00415461 -4.79614 -0.139083 0.00386719 0.990273 313.815 
0.990072 0.00100463 0.14056 17.4804 -0.000263852 0.999986 -0.00528839 -4.82683 -0.140564 0.00519884 0.990058 315.437 
0.99003 -0.00133254 0.140849 17.651 0.00202145 0.999987 -0.00474788 -4.87579 -0.14084 0.0049853 0.99002 316.987 
0.989799 -0.00312575 0.142436 17.8041 0.00368296 0.999987 -0.00364824 -4.91056 -0.142423 0.00413565 0.989797 318.57 
0.98937 -0.00226926 0.145403 17.9495 0.00290122 0.999987 -0.00413406 -4.91971 -0.145392 0.004512 0.989364 320.172 
0.989231 -0.000669985 0.14636 18.151 0.00137523 0.999988 -0.00471713 -4.95517 -0.146355 0.00486765 0.98922 321.804 
0.988946 6.62805e-06 0.148278 18.3125 0.00075057 0.999987 -0.00505036 -4.99444 -0.148276 0.00510586 0.988933 323.263 
0.988562 0.00117232 0.15081 18.4599 -0.000590879 0.999992 -0.00389992 -5.0369 -0.150813 0.00376625 0.988555 324.855 
0.98808 0.000887383 0.153938 18.5437 -0.000326394 0.999993 -0.00366919 -5.0616 -0.15394 0.00357525 0.988074 326.389 
0.987902 -0.00067761 0.15508 18.6964 0.00144115 0.999987 -0.00481087 -5.08208 -0.155075 0.0049762 0.98789 327.852 
0.987657 0.00257637 0.156613 18.8505 -0.00172639 0.999983 -0.00556274 -5.11608 -0.156625 0.00522374 0.987644 329.466 
0.986905 0.00385358 0.16126 18.8292 -0.00279782 0.999973 -0.00677321 -5.17825 -0.161281 0.00623338 0.986889 330.933 
0.987071 0.00533955 0.160198 19.1091 -0.00387756 0.999948 -0.00943714 -5.22446 -0.16024 0.00869398 0.98704 332.631 
0.986658 0.00829183 0.162597 19.2363 -0.00699115 0.999939 -0.00856968 -5.29079 -0.162658 0.00731864 0.986655 334.155 
0.986942 0.00793281 0.160881 19.4811 -0.00725754 0.999962 -0.00478425 -5.3237 -0.160913 0.00355422 0.986962 335.761 
0.986889 0.00669938 0.161262 19.6962 -0.0064931 0.999977 -0.00180589 -5.36204 -0.16127 0.000735166 0.98691 337.364 
0.986926 0.00739647 0.161006 19.9193 -0.00699828 0.999971 -0.00303978 -5.39654 -0.161024 0.00187331 0.986949 338.955 
0.987115 0.00686829 0.159863 20.1434 -0.00615101 0.999969 -0.00498097 -5.40273 -0.159893 0.00393351 0.987127 340.56 
0.98724 0.00717021 0.159081 20.3538 -0.00667587 0.999971 -0.00364136 -5.45902 -0.159102 0.00253293 0.987259 342.071 
0.987465 0.00491641 0.15776 20.5991 -0.00458685 0.999987 -0.00245276 -5.51135 -0.15777 0.00169843 0.987474 343.636 
0.987644 0.00411843 0.156661 20.8265 -0.00374249 0.999989 -0.0026943 -5.5574 -0.15667 0.00207474 0.987649 345.212 
0.987812 0.00360767 0.155608 21.0571 -0.00336436 0.999993 -0.00182664 -5.62642 -0.155614 0.0012809 0.987817 346.8 
0.987744 0.0022145 0.156067 21.2604 -0.00206456 0.999997 -0.00112257 -5.6706 -0.156069 0.000786637 0.987746 348.344 
0.987679 0.00312115 0.15646 21.488 -0.00298344 0.999995 -0.00111473 -5.71635 -0.156463 0.000634244 0.987684 349.913 
0.987572 0.00171911 0.15716 21.6926 -0.00127091 0.999995 -0.00295202 -5.72873 -0.157164 0.00271563 0.987569 351.51 
0.987256 0.00267134 0.159117 21.8447 -0.00205849 0.99999 -0.00401595 -5.75167 -0.159127 0.00363726 0.987252 352.979 
0.986907 0.00253461 0.161271 22.0251 -0.00209714 0.999994 -0.00288251 -5.80879 -0.161277 0.0025066 0.986906 354.507 
0.987003 0.00191686 0.16069 22.2629 -0.00132033 0.999992 -0.00381869 -5.83384 -0.160696 0.00355694 0.986998 356.105 
0.986948 -0.00473941 0.160972 22.4832 0.00568078 0.999969 -0.00538805 -5.83268 -0.160941 0.00623221 0.986944 357.716 
0.987095 -0.00509628 0.160052 22.7544 0.00555013 0.999982 -0.00238843 -5.91981 -0.160037 0.00324596 0.987106 359.302 
0.986843 -0.00369217 0.161638 22.924 0.00409697 0.999989 -0.00217083 -5.92605 -0.161629 0.00280454 0.986848 360.833 
0.986623 -0.00286393 0.162992 23.1478 0.00345219 0.999989 -0.00332569 -5.9649 -0.162981 0.00384392 0.986622 362.43 
0.986751 -0.00323014 0.162211 23.3846 0.00365358 0.999991 -0.00231195 -6.02333 -0.162202 0.00287401 0.986753 363.976 
0.986638 -0.00166121 0.162918 23.5895 0.00195148 0.999997 -0.00162139 -6.04713 -0.162914 0.00191769 0.986638 365.547 
0.986502 9.67537e-06 0.163747 23.8179 0.000158261 1 -0.00101226 -6.08416 -0.163747 0.00102455 0.986502 367.118 
0.986128 0.00196608 0.165976 24.0157 -0.00169993 0.999997 -0.00174534 -6.10399 -0.165979 0.00143902 0.986128 368.73 
0.986032 0.00233111 0.166538 24.2315 -0.00189119 0.999994 -0.00279984 -6.12142 -0.166544 0.00244581 0.986031 370.344 
0.98578 0.00388166 0.167994 24.4352 -0.00347656 0.99999 -0.00270516 -6.16088 -0.168003 0.00208269 0.985784 371.931 
0.985806 0.00357623 0.167852 24.692 -0.00315155 0.999991 -0.00279613 -6.18313 -0.167861 0.00222749 0.985808 373.522 
0.98594 0.00566727 0.167006 24.9924 -0.00533814 0.999983 -0.00241928 -6.23947 -0.167017 0.0014938 0.985953 375.116 
0.985807 0.00658316 0.167754 25.2177 -0.00627687 0.999978 -0.00235572 -6.26568 -0.167766 0.00126935 0.985826 376.698 
0.985633 0.00965323 0.168624 25.4346 -0.00921153 0.999952 -0.00340127 -6.29526 -0.168649 0.00179916 0.985675 378.293 
0.985654 0.0113876 0.168391 25.6961 -0.0109297 0.999934 -0.003646 -6.35052 -0.168422 0.00175327 0.985714 379.91 
0.985841 0.00741016 0.167519 25.943 -0.00666011 0.999965 -0.00503851 -6.35566 -0.167551 0.00385152 0.985856 381.532 
0.98567 0.0067674 0.16855 26.1741 -0.00607409 0.999971 -0.00462835 -6.38877 -0.168577 0.00353828 0.985682 383.112 
0.984897 0.00737202 0.172986 26.2864 -0.0069716 0.999971 -0.00292194 -6.46145 -0.173003 0.00167185 0.98492 384.691 
0.98502 0.00809141 0.172249 26.5492 -0.00755848 0.999964 -0.00374934 -6.4915 -0.172273 0.00239127 0.985046 386.104 
0.985006 0.00981009 0.172243 26.8153 -0.00947584 0.999951 -0.00276245 -6.53309 -0.172262 0.00108892 0.985051 387.761 
0.98511 0.0005452 0.171926 27.0915 -0.000488386 1 -0.000372491 -6.54596 -0.171926 0.000283017 0.98511 389.395 
0.984663 0.00665098 0.17434 27.3109 -0.0065338 0.999978 -0.00124582 -6.58578 -0.174344 8.76495e-05 0.984685 391.033 
0.985041 -0.000360317 0.17232 27.6588 0.000411074 1 -0.000258599 -6.64297 -0.17232 0.000325605 0.985041 392.786 
0.984941 -0.00128653 0.172888 27.919 0.00145354 0.999999 -0.000839117 -6.67193 -0.172887 0.00107782 0.984941 394.456 
0.984626 -0.00182694 0.174668 28.1454 0.00182252 0.999998 0.000185951 -6.69088 -0.174668 0.000135281 0.984627 396.043 
0.984502 -0.00415461 0.175325 28.3981 0.00391451 0.999991 0.00171553 -6.7076 -0.17533 -0.00100259 0.984509 397.663 
0.984531 -0.00463432 0.175152 28.6585 0.00462683 0.999989 0.000451406 -6.72881 -0.175152 0.000366012 0.984541 399.253 
0.984531 -0.00635055 0.175096 28.9234 0.00637583 0.99998 0.000418398 -6.77214 -0.175095 0.000704499 0.984551 401.009 
