1 2.12261e-08 -2.11895e-08 0 2.12261e-08 1 2.10703e-08 0 -2.11895e-08 2.10703e-08 1 0 
0.999997 -0.00195404 -0.0017796 0.00201125 0.00195222 0.999998 -0.00104652 0.00282521 0.0017816 0.00104309 0.999998 0.563428 
0.999995 -0.0022685 -0.00199171 -0.0359953 0.00226296 0.999994 -0.00279955 -0.00474839 0.001998 0.00279507 0.999994 1.13224 
0.999987 -0.00262642 -0.00448498 -0.0389138 0.0026059 0.999986 -0.00458562 -0.00960993 0.00449692 0.00457391 0.999979 1.693 
0.999972 -0.00490219 -0.00574666 -0.0571796 0.00486735 0.99997 -0.00606916 -0.0273603 0.0057762 0.00604106 0.999965 2.26445 
0.999958 -0.0065746 -0.00640805 -0.0885039 0.0065237 0.999947 -0.00793847 -0.0461097 0.00645987 0.00789638 0.999948 2.81899 
0.999945 -0.00777499 -0.00707179 -0.119048 0.00771173 0.99993 -0.00893527 -0.052233 0.00714073 0.00888028 0.999935 3.35273 
0.999938 -0.00786523 -0.00783474 -0.150357 0.00779347 0.999928 -0.00915304 -0.0465075 0.00790613 0.00909146 0.999927 3.92743 
0.999931 -0.00808301 -0.00855469 -0.16192 0.00799815 0.999919 -0.00991306 -0.0529642 0.00863408 0.009844 0.999914 4.52709 
0.999912 -0.00822388 -0.0104405 -0.161415 0.00809407 0.99989 -0.0124195 -0.0691981 0.0105414 0.0123339 0.999868 5.13967 
0.999923 -0.00559726 -0.0110661 -0.193556 0.00541023 0.999843 -0.0168637 -0.086082 0.0111587 0.0168026 0.999797 5.74084 
0.999895 -0.0051758 -0.0135141 -0.185031 0.00490232 0.999784 -0.0201951 -0.113374 0.0136157 0.0201268 0.999705 6.3791 
0.999897 -0.00256648 -0.0141535 -0.22212 0.00226929 0.999777 -0.0209773 -0.108252 0.0142041 0.020943 0.99968 6.9827 
0.999883 -8.51107e-05 -0.0152879 -0.25818 -0.000113691 0.999915 -0.0130053 -0.130885 0.0152877 0.0130055 0.999799 7.6009 
0.999866 -0.000294409 -0.016379 -0.26091 0.000246402 0.999996 -0.00293555 -0.136346 0.0163798 0.00293117 0.999862 8.24789 
0.999856 0.000847064 -0.0169761 -0.301775 -0.000778336 0.999992 0.00405223 -0.159679 0.0169794 -0.00403839 0.999848 8.91948 
0.999817 0.00358912 -0.0187833 -0.312386 -0.00353745 0.99999 0.00278104 -0.172763 0.018793 -0.00271405 0.99982 9.6209 
0.999796 0.00494059 -0.019579 -0.3391 -0.00501694 0.99998 -0.00385455 -0.194554 0.0195595 0.00395203 0.999801 10.3054 
0.999777 0.00439569 -0.0206783 -0.378723 -0.00460062 0.999941 -0.00987542 -0.195303 0.0206336 0.00996839 0.999737 11.012 
0.999778 0.00358002 -0.0207695 -0.428578 -0.00373131 0.999967 -0.00725212 -0.226398 0.0207428 0.00732805 0.999758 11.6609 
0.999776 0.000201899 -0.0211425 -0.465726 -0.000147947 0.999997 0.00255142 -0.23386 0.0211429 -0.00254768 0.999773 12.4345 
0.999748 -0.00111642 -0.0224289 -0.487882 0.00133687 0.999951 0.00981448 -0.248675 0.0224168 -0.00984195 0.9997 13.182 
0.999776 -0.00270398 -0.0210075 -0.564244 0.00298201 0.999908 0.0132129 -0.262931 0.0209698 -0.0132726 0.999692 13.9052 
0.99976 -0.00429321 -0.0214715 -0.581203 0.0045763 0.999903 0.0131508 -0.273874 0.0214129 -0.0132459 0.999683 14.6921 
0.999805 -0.00359994 -0.0194309 -0.642305 0.00380046 0.99994 0.0102903 -0.268262 0.0193927 -0.0103621 0.999758 15.4939 
0.999826 0.000295567 -0.0186403 -0.670739 -0.000173153 0.999978 0.0065662 -0.269174 0.0186418 -0.00656179 0.999805 16.3081 
0.999838 -0.00353107 -0.0176419 -0.70048 0.00355174 0.999993 0.00113807 -0.281507 0.0176377 -0.0012005 0.999844 17.1529 
0.999852 -0.00544835 -0.0162986 -0.756717 0.00538098 0.999977 -0.00417718 -0.302126 0.0163209 0.0040889 0.999858 18.0434 
0.99988 -0.00515754 -0.014581 -0.776393 0.00500911 0.999935 -0.0102008 -0.308409 0.0146326 0.0101266 0.999842 18.9117 
0.99987 -0.00413936 -0.0155713 -0.799828 0.00397683 0.999937 -0.0104572 -0.326349 0.0156136 0.010394 0.999824 19.7786 
0.999884 -0.00241693 -0.0150572 -0.837616 0.00227253 0.999951 -0.00960271 -0.358996 0.0150797 0.00956742 0.999841 20.6775 
0.999877 -0.00076679 -0.015688 -0.861488 0.000594957 0.99994 -0.0109576 -0.374874 0.0156954 0.0109469 0.999817 21.6345 
0.9999 0.00181569 -0.014002 -0.931619 -0.00200863 0.999903 -0.0137805 -0.380726 0.0139756 0.0138073 0.999807 22.6047 
0.999894 0.0060655 -0.0132232 -0.980725 -0.00627403 0.999856 -0.0157893 -0.376752 0.0131255 0.0158706 0.999788 23.5738 
0.999857 0.00638277 -0.0156514 -0.973888 -0.00663778 0.999845 -0.0162982 -0.404335 0.0155449 0.0163998 0.999745 24.5335 
0.999864 0.00688695 -0.0149852 -1.02824 -0.00712638 0.999847 -0.0159865 -0.437455 0.0148728 0.0160912 0.99976 25.5219 
0.999872 0.00735403 -0.0141918 -1.07604 -0.0075905 0.999832 -0.0166847 -0.454325 0.0140666 0.0167903 0.99976 26.5176 
0.999855 0.00791143 -0.0151107 -1.10782 -0.00814756 0.999845 -0.0156324 -0.484496 0.0149846 0.0157533 0.999764 27.5211 
0.999847 0.00874648 -0.0151306 -1.1458 -0.00894562 0.999874 -0.013147 -0.521986 0.0150136 0.0132803 0.999799 28.539 
0.99983 0.00947723 -0.0158188 -1.18069 -0.00966718 0.999882 -0.0119775 -0.55132 0.0157034 0.0121284 0.999803 29.5389 
0.999815 0.00840396 -0.017276 -1.19915 -0.00864228 0.999868 -0.0137692 -0.56654 0.017158 0.013916 0.999756 30.557 
0.999782 0.00958897 -0.0185263 -1.22675 -0.00985748 0.999847 -0.0144589 -0.589757 0.0183848 0.0146384 0.999724 31.5995 
0.999768 0.00822422 -0.0198849 -1.25877 -0.00850993 0.999861 -0.0143285 -0.610773 0.0197643 0.0144944 0.9997 32.6329 
0.999761 0.0078489 -0.0204098 -1.30151 -0.00808501 0.999901 -0.0115138 -0.648072 0.0203174 0.0116761 0.999725 33.6777 
0.999746 0.00733478 -0.0213041 -1.32999 -0.00750588 0.99994 -0.00796428 -0.664731 0.0212444 0.00812221 0.999741 34.7376 
0.999773 0.00734747 -0.0199829 -1.4245 -0.00744635 0.99996 -0.00488046 -0.709877 0.0199462 0.0050282 0.999788 35.7558 
0.999733 0.0093558 -0.0211317 -1.45847 -0.00946195 0.999943 -0.00493107 -0.719905 0.0210843 0.00512974 0.999765 36.8508 
0.999703 0.0081647 -0.0229509 -1.48671 -0.00831111 0.999946 -0.00629284 -0.739003 0.0228982 0.00648176 0.999717 37.9185 
0.999686 0.00806935 -0.0237382 -1.52784 -0.00824005 0.999941 -0.00710371 -0.761346 0.0236794 0.00729712 0.999693 39.0081 
0.999636 0.0079797 -0.0257918 -1.55509 -0.00815414 0.999945 -0.00666689 -0.773379 0.0257372 0.00687481 0.999645 40.0861 
0.999631 0.00850535 -0.0257988 -1.64751 -0.00861846 0.999954 -0.00427778 -0.789468 0.0257612 0.00449859 0.999658 41.2049 
0.999614 0.0114046 -0.0253246 -1.69869 -0.0114587 0.999932 -0.00199347 -0.819361 0.0253001 0.00228293 0.999677 42.2852 
0.999613 0.0110869 -0.0255189 -1.74668 -0.0111357 0.999936 -0.0017726 -0.852276 0.0254976 0.00205613 0.999673 43.3695 
0.999614 0.0139144 -0.024033 -1.85064 -0.0140759 0.999879 -0.006565 -0.86555 0.0239388 0.00690079 0.99969 44.3945 
0.999578 0.0174586 -0.0232228 -1.92909 -0.0177295 0.999777 -0.0115149 -0.888948 0.0230165 0.0119218 0.999664 45.5238 
0.99957 0.0180916 -0.0230635 -1.97753 -0.0183665 0.999762 -0.0117658 -0.922427 0.0228451 0.0121844 0.999665 46.5857 
0.999594 0.0194262 -0.0208649 -2.03935 -0.0196411 0.999756 -0.0101472 -0.934222 0.0206626 0.0105529 0.999731 47.7209 
0.999568 0.0199615 -0.0215906 -2.07861 -0.0201457 0.999762 -0.00834651 -0.963926 0.0214188 0.0087779 0.999732 48.8217 
0.999602 0.0184255 -0.0213487 -2.11852 -0.0185824 0.999802 -0.00717701 -0.988371 0.0212122 0.00757091 0.999746 49.8829 
0.999598 0.0186856 -0.0213111 -2.15886 -0.0188605 0.99979 -0.0080346 -1.02121 0.0211565 0.00843335 0.999741 51.0084 
0.999577 0.018953 -0.0220563 -2.18196 -0.0191592 0.999774 -0.00917786 -1.05919 0.0218773 0.0095966 0.999715 52.108 
0.9996 0.0187517 -0.0211755 -2.23138 -0.0190198 0.999741 -0.0125331 -1.07056 0.020935 0.0129309 0.999697 53.2119 
0.99962 0.0180019 -0.0208773 -2.27773 -0.0183073 0.999727 -0.0145321 -1.1083 0.0206099 0.0149088 0.999676 54.2995 
0.999633 0.0166306 -0.0213714 -2.31032 -0.0170117 0.999697 -0.0177779 -1.14985 0.0210693 0.018135 0.999614 55.3489 
0.999663 0.0153349 -0.0209483 -2.35789 -0.0157663 0.999664 -0.0205892 -1.17637 0.0206255 0.0209126 0.999569 56.4462 
0.99965 0.0141771 -0.0223333 -2.36648 -0.0145488 0.999757 -0.01657 -1.23341 0.0220929 0.0168891 0.999613 57.5156 
0.999631 0.0130737 -0.0238322 -2.37241 -0.0133082 0.999864 -0.00971127 -1.28366 0.0237019 0.0100249 0.999669 58.5675 
0.999661 0.0109223 -0.0236252 -2.42235 -0.0110298 0.999929 -0.00443061 -1.30821 0.0235751 0.00468974 0.999711 59.6757 
0.999677 0.00949613 -0.0235667 -2.4477 -0.00958722 0.999947 -0.00375694 -1.32802 0.0235298 0.00398171 0.999715 60.8169 
0.999658 0.00694866 -0.0252112 -2.44415 -0.00709914 0.999958 -0.00588591 -1.3558 0.0251692 0.00606292 0.999665 61.8858 
0.999686 0.00519685 -0.0245122 -2.52407 -0.0054135 0.999947 -0.00878226 -1.38849 0.0244652 0.00891224 0.999661 63.0256 
0.99969 0.00830452 -0.0234927 -2.62482 -0.008619 0.999874 -0.0133189 -1.40849 0.0233791 0.0135172 0.999635 64.1746 
0.999676 0.00804937 -0.0241467 -2.65409 -0.00848308 0.999804 -0.0179149 -1.42963 0.0239977 0.0181139 0.999548 65.225 
0.999643 0.011717 -0.0239974 -2.69416 -0.0121547 0.999761 -0.0181777 -1.47966 0.0237786 0.018463 0.999547 66.2333 
0.999649 0.0156401 -0.0213722 -2.7881 -0.0159751 0.999751 -0.0155981 -1.49755 0.0211229 0.0159341 0.99965 67.3666 
0.999643 0.0157668 -0.0215819 -2.84012 -0.0160759 0.99977 -0.0142274 -1.5151 0.0213525 0.0145693 0.999666 68.472 
0.999667 0.0144939 -0.0213705 -2.88144 -0.0147819 0.999801 -0.0133829 -1.5494 0.0211722 0.0136944 0.999682 69.5449 
0.999704 0.0124472 -0.0208864 -2.92549 -0.0127009 0.999847 -0.0120604 -1.59915 0.020733 0.0123221 0.999709 70.608 
0.999691 0.0132735 -0.0210112 -2.97568 -0.0134886 0.999858 -0.0101319 -1.64817 0.0208737 0.0104123 0.999728 71.6394 
0.999679 0.0128039 -0.0218813 -3.00237 -0.0129788 0.999885 -0.00787223 -1.68288 0.021778 0.00815373 0.99973 72.7197 
0.999662 0.0107258 -0.0236978 -3.03877 -0.0108501 0.999928 -0.00512549 -1.72559 0.0236411 0.00538092 0.999706 73.8551 
0.999645 0.0105199 -0.0244882 -3.06982 -0.0106874 0.99992 -0.00672058 -1.75052 0.0244155 0.00697995 0.999678 74.9579 
0.999602 0.0112274 -0.0258947 -3.09437 -0.0115013 0.999879 -0.0104525 -1.7807 0.0257742 0.0107462 0.99961 76.0317 
0.999609 0.0119052 -0.0252916 -3.17441 -0.0122243 0.999847 -0.0124988 -1.8098 0.0251389 0.0128031 0.999602 77.1462 
0.999557 0.0142739 -0.0261158 -3.22741 -0.0145695 0.999832 -0.0111672 -1.8332 0.025952 0.0115428 0.999597 78.2351 
0.999524 0.015319 -0.0267922 -3.27974 -0.0155091 0.999856 -0.00690556 -1.85552 0.0266825 0.00731783 0.999617 79.3176 
0.999504 0.0158456 -0.0271991 -3.3486 -0.0159119 0.999871 -0.00222361 -1.89368 0.0271604 0.00265534 0.999628 80.3897 
0.999457 0.0178867 -0.0276809 -3.39781 -0.0179679 0.999835 -0.00269049 -1.91507 0.0276281 0.00318644 0.999613 81.4598 
0.999475 0.0173176 -0.0273906 -3.46396 -0.0174128 0.999843 -0.00324164 -1.96927 0.0273301 0.00371693 0.99962 82.5344 
0.999426 0.0186268 -0.0282873 -3.50944 -0.0187154 0.999821 -0.00287304 -2.01196 0.0282286 0.00340084 0.999596 83.5629 
0.999421 0.018405 -0.0286062 -3.55315 -0.0184817 0.999826 -0.00241987 -2.04463 0.0285566 0.0029472 0.999588 84.565 
0.999409 0.0181134 -0.0292156 -3.59839 -0.0181679 0.999834 -0.00160524 -2.06868 0.0291816 0.00213512 0.999572 85.5803 
0.999415 0.0156135 -0.0304243 -3.63046 -0.0156388 0.999878 -0.000593789 -2.0981 0.0304112 0.00106928 0.999537 86.6664 
0.999401 0.0153199 -0.0310447 -3.68947 -0.0152523 0.999881 0.00241336 -2.1168 0.0310779 -0.00193837 0.999515 87.6987 
0.999379 0.0138279 -0.0324233 -3.73453 -0.0137272 0.9999 0.00332571 -2.13901 0.032466 -0.00287852 0.999469 88.667 
0.999318 0.0131356 -0.034511 -3.7878 -0.0130216 0.999909 0.00352301 -2.14952 0.0345541 -0.00307118 0.999398 89.6393 
0.99922 0.0124053 -0.0375022 -3.84334 -0.0122962 0.99992 0.00313733 -2.17646 0.0375381 -0.00267371 0.999292 90.5634 
0.999083 0.0136823 -0.0405616 -3.90302 -0.0136345 0.999906 0.00145514 -2.21027 0.0405777 -0.000900731 0.999176 91.4787 
0.998974 0.014703 -0.0428414 -3.95707 -0.0146649 0.999892 0.00120314 -2.20782 0.0428544 -0.000573597 0.999081 92.3636 
0.998729 0.0156541 -0.0479191 -3.98451 -0.0155646 0.999876 0.00223895 -2.23026 0.0479482 -0.00149022 0.998849 93.2568 
0.998631 0.0176089 -0.0492599 -4.07128 -0.0174808 0.999843 0.00302901 -2.24641 0.0493054 -0.00216372 0.998781 94.0626 
0.998507 0.0200865 -0.0507918 -4.16552 -0.0198512 0.99979 0.00513399 -2.28565 0.0508842 -0.00411801 0.998696 94.8583 
0.998305 0.0228978 -0.0535079 -4.23425 -0.022622 0.999728 0.00575211 -2.29079 0.053625 -0.00453186 0.998551 95.6406 
0.998196 0.0243499 -0.054873 -4.31121 -0.0240349 0.999691 0.00639258 -2.3149 0.0550116 -0.00506214 0.998473 96.3959 
0.997934 0.0268302 -0.058386 -4.3648 -0.026509 0.999629 0.00626823 -2.33574 0.0585325 -0.00470748 0.998274 97.1378 
0.997716 0.026367 -0.0621831 -4.40495 -0.0262994 0.999652 0.00190439 -2.35206 0.0622116 -0.000264616 0.998063 97.8664 
0.997451 0.0291503 -0.0651275 -4.45774 -0.0292687 0.999571 -0.000865127 -2.37591 0.0650743 0.00276916 0.997877 98.5513 
0.997369 0.030958 -0.0655568 -4.547 -0.0313017 0.999501 -0.00422295 -2.37969 0.0653933 0.00626392 0.99784 99.208 
0.997233 0.0332995 -0.0664708 -4.60161 -0.033741 0.999415 -0.00553059 -2.39634 0.0662477 0.00775812 0.997773 99.855 
0.997267 0.0356204 -0.0647293 -4.67664 -0.0360663 0.999333 -0.00573288 -2.39428 0.0644819 0.0080518 0.997886 100.479 
0.997361 0.0390819 -0.0611882 -4.74431 -0.0394154 0.999214 -0.00425293 -2.40978 0.0609739 0.0066535 0.998117 101.068 
0.997574 0.0417794 -0.0556851 -4.77977 -0.0420188 0.999112 -0.00313662 -2.42685 0.0555046 0.00546888 0.998443 101.62 
0.997954 0.0426896 -0.0475972 -4.82636 -0.0428223 0.999081 -0.00177137 -2.44011 0.0474778 0.00380601 0.998865 102.143 
0.998424 0.0427537 -0.0363577 -4.89194 -0.0427595 0.999085 0.000617428 -2.44579 0.0363507 0.000938223 0.999339 102.653 
0.998772 0.0430039 -0.0245841 -4.89909 -0.0429703 0.999075 0.0018929 -2.46408 0.0246427 -0.000834146 0.999696 103.14 
0.999075 0.0417494 -0.0103534 -4.91817 -0.0417262 0.999126 0.00244371 -2.49587 0.0104463 -0.0020094 0.999943 103.607 
0.999166 0.0405492 0.00477772 -4.9084 -0.0405579 0.999176 0.00176345 -2.5136 -0.00470232 -0.00195572 0.999987 104.03 
0.998957 0.0396312 0.0226913 -4.89731 -0.0395997 0.999214 -0.00183277 -2.5238 -0.0227461 0.000932336 0.999741 104.466 
0.998241 0.0396788 0.0440537 -4.88146 -0.039413 0.999199 -0.00688485 -2.525 -0.0442916 0.00513649 0.999005 104.862 
0.996996 0.037795 0.0676012 -4.82185 -0.0370673 0.999241 -0.011987 -2.5408 -0.068003 0.00944526 0.99764 105.257 
0.994834 0.0354539 0.0951195 -4.7767 -0.034139 0.999298 -0.0154153 -2.54968 -0.0955993 0.0120884 0.995347 105.648 
0.991568 0.0331446 0.125275 -4.7167 -0.0312993 0.999371 -0.0166696 -2.56721 -0.125749 0.0126081 0.991982 106.024 
0.986943 0.0306239 0.158129 -4.63982 -0.0279231 0.999424 -0.0192735 -2.57559 -0.158629 0.0146064 0.98723 106.41 
0.980749 0.0276458 0.193305 -4.53639 -0.0240484 0.999492 -0.0209321 -2.60255 -0.193785 0.0158805 0.980915 106.779 
0.972395 0.0251553 0.231982 -4.4165 -0.0205318 0.99954 -0.0223235 -2.60744 -0.232437 0.0169442 0.972464 107.14 
0.961783 0.0225772 0.272879 -4.30755 -0.0166339 0.999572 -0.0240738 -2.62093 -0.273306 0.0186148 0.961747 107.487 
0.948798 0.0239404 0.314975 -4.19163 -0.0164451 0.999515 -0.026433 -2.63536 -0.315455 0.0198999 0.948732 107.802 
0.933153 0.0242341 0.358661 -4.04622 -0.0157836 0.999525 -0.0264708 -2.66572 -0.359132 0.0190403 0.933092 108.113 
0.91448 0.0246565 0.40388 -3.8845 -0.0153568 0.999538 -0.0262493 -2.67562 -0.40434 0.0178022 0.914435 108.43 
0.893317 0.0229305 0.448843 -3.73309 -0.0133939 0.999612 -0.0244108 -2.71428 -0.449228 0.0157949 0.893277 108.708 
0.869534 0.0217235 0.493395 -3.53782 -0.0106676 0.999625 -0.0252119 -2.72937 -0.493758 0.0166593 0.86944 108.979 
0.84367 0.0226953 0.536382 -3.32389 -0.00878482 0.999556 -0.0284754 -2.73808 -0.53679 0.0193119 0.843495 109.253 
0.814889 0.0248912 0.579082 -3.12622 -0.0075857 0.99945 -0.0322855 -2.75849 -0.579567 0.0219164 0.81463 109.503 
0.783086 0.0304048 0.62117 -2.90733 -0.0086377 0.99924 -0.0380211 -2.76869 -0.621854 0.0244083 0.782753 109.753 
0.747541 0.036771 0.663198 -2.6899 -0.0121772 0.999057 -0.0416669 -2.7895 -0.664105 0.0230719 0.747284 109.995 
0.708987 0.0408394 0.704038 -2.43199 -0.0119186 0.998873 -0.0459395 -2.79749 -0.705121 0.0241793 0.708674 110.231 
0.66755 0.0412271 0.743423 -2.15355 -0.0102015 0.998879 -0.0462332 -2.83536 -0.744495 0.023279 0.667222 110.464 
0.625369 0.0387764 0.779365 -1.85636 -0.00405966 0.998913 -0.0464421 -2.83613 -0.780319 0.0258795 0.624846 110.656 
0.580027 0.0370189 0.813756 -1.56337 -0.00173745 0.999021 -0.0442084 -2.84609 -0.814596 0.0242282 0.579523 110.847 
0.532415 0.035514 0.845738 -1.23885 -0.000707947 0.999138 -0.0415098 -2.8706 -0.846484 0.0215017 0.531981 111.014 
0.483013 0.0329423 0.874993 -0.911324 0.00245876 0.999237 -0.0389771 -2.88501 -0.87561 0.0209779 0.482564 111.176 
0.431584 0.0288761 0.901611 -0.565606 0.00506992 0.999394 -0.0344347 -2.91354 -0.902059 0.0194326 0.431176 111.3 
0.378584 0.029465 0.925098 -0.218313 0.00285064 0.999451 -0.0329997 -2.92834 -0.925563 0.0151303 0.378292 111.42 
0.327074 0.0344175 0.944372 0.139532 0.000691195 0.999328 -0.0366596 -2.94355 -0.944999 0.0126432 0.32683 111.517 
0.275447 0.0397995 0.960492 0.506264 -0.000737037 0.999151 -0.04119 -2.96156 -0.961316 0.0106378 0.275243 111.606 
0.227863 0.0417735 0.972797 0.895182 0.00107375 0.999068 -0.0431531 -2.9849 -0.973693 0.0108775 0.227605 111.679 
0.187454 0.0409495 0.98142 1.27591 0.00831401 0.999029 -0.0432722 -3.01314 -0.982238 0.0162711 0.186931 111.713 
0.152315 0.0412792 0.98747 1.69433 0.0169816 0.998871 -0.0443751 -3.02674 -0.988186 0.0235278 0.151442 111.747 
0.122341 0.0427322 0.991568 2.16201 0.0227216 0.99869 -0.0458425 -3.03642 -0.992228 0.0281384 0.12121 111.784 
0.0934281 0.0409466 0.994784 2.62484 0.021141 0.998847 -0.0430993 -3.06169 -0.995402 0.0250574 0.0924548 111.833 
0.0675922 0.037038 0.997025 3.10741 0.0157268 0.999147 -0.0381829 -3.08851 -0.997589 0.0182609 0.066952 111.868 
0.0435137 0.0328598 0.998512 3.61315 0.0106663 0.999387 -0.0333534 -3.11358 -0.998996 0.0121017 0.0431365 111.898 
0.0201231 0.0315573 0.999299 4.12519 0.0158553 0.999366 -0.0318787 -3.13643 -0.999672 0.0164857 0.01961 111.909 
0.00048874 0.0319093 0.999491 4.65048 0.0229283 0.999228 -0.0319121 -3.17103 -0.999737 0.0229323 -0.000243265 111.879 
-0.0175791 0.03407 0.999265 5.20788 0.0282672 0.999037 -0.0335649 -3.1973 -0.999446 0.0276564 -0.0185253 111.869 
-0.0318108 0.0397058 0.998705 5.78232 0.0288387 0.998831 -0.0387922 -3.21841 -0.999078 0.0275673 -0.0329187 111.858 
-0.0423985 0.0442179 0.998122 6.35928 0.0271836 0.998701 -0.0430888 -3.2359 -0.998731 0.0253056 -0.0435454 111.833 
-0.0490188 0.0432128 0.997863 6.97748 0.0293862 0.998694 -0.0418051 -3.26853 -0.998366 0.0272741 -0.0502246 111.811 
-0.0513335 0.039404 0.997904 7.62944 0.0350341 0.998677 -0.0376323 -3.32022 -0.998067 0.0330289 -0.0526461 111.782 
-0.0511992 0.0385167 0.997945 8.31086 0.036679 0.998654 -0.0366622 -3.34756 -0.998015 0.0347266 -0.0525431 111.771 
-0.0496742 0.0375016 0.998061 8.96971 0.0362162 0.998705 -0.0357233 -3.38525 -0.998109 0.0343715 -0.050968 111.746 
-0.0478174 0.0382708 0.998123 9.65644 0.0334369 0.998767 -0.0366936 -3.41024 -0.998296 0.0316196 -0.0490381 111.731 
-0.0469465 0.0391115 0.998131 10.3569 0.0316879 0.998789 -0.0376468 -3.45138 -0.998395 0.0298613 -0.048129 111.713 
-0.046455 0.0395238 0.998138 11.0949 0.032513 0.998747 -0.0380347 -3.50576 -0.998391 0.0306855 -0.0476818 111.691 
-0.0455455 0.038858 0.998206 11.847 0.0312783 0.998809 -0.0374543 -3.54541 -0.998473 0.0295163 -0.0467067 111.668 
-0.0450483 0.0371677 0.998293 12.5937 0.0307102 0.998887 -0.035804 -3.58906 -0.998513 0.0290449 -0.0461396 111.658 
-0.044863 0.0353475 0.998368 13.3392 0.0300054 0.998971 -0.0340205 -3.63539 -0.998542 0.0284302 -0.0458775 111.651 
-0.045567 0.0332279 0.998409 14.1178 0.030989 0.999013 -0.0318336 -3.67709 -0.998481 0.0294892 -0.0465517 111.622 
-0.0460178 0.0312068 0.998453 14.8559 0.0288672 0.999136 -0.0298976 -3.72112 -0.998523 0.0274467 -0.0468789 111.586 
-0.0479515 0.0301961 0.998393 15.6284 0.0275429 0.999203 -0.0288977 -3.75568 -0.99847 0.026113 -0.048745 111.576 
-0.0482061 0.0267844 0.998478 16.4212 0.0306983 0.999208 -0.0253219 -3.801 -0.998366 0.0294309 -0.0489902 111.542 
-0.049116 0.0244539 0.998494 17.2565 0.0317312 0.999234 -0.0229111 -3.8474 -0.998289 0.0305581 -0.0498543 111.517 
-0.0513546 0.0241822 0.998388 18.1344 0.0299751 0.999294 -0.0226623 -3.88458 -0.998231 0.028763 -0.0520432 111.514 
-0.0523611 0.0282226 0.998229 18.9511 0.0270089 0.999275 -0.0268354 -3.92104 -0.998263 0.0255559 -0.0530854 111.486 
-0.0535556 0.0327348 0.998028 19.7662 0.0286949 0.9991 -0.0312301 -3.96159 -0.998153 0.0269657 -0.0544468 111.458 
-0.0545612 0.0341232 0.997927 20.5902 0.0291187 0.999045 -0.0325693 -4.00021 -0.998086 0.0272813 -0.0555028 111.417 
-0.0568842 0.0316789 0.997878 21.4041 0.0258935 0.999207 -0.030245 -4.0392 -0.998045 0.0241181 -0.0576593 111.411 
-0.0589677 0.0272251 0.997889 22.268 0.0225543 0.999409 -0.0259337 -4.07809 -0.998005 0.0209774 -0.0595469 111.398 
-0.0598729 0.0215473 0.997973 23.1284 0.0205793 0.999581 -0.0203473 -4.11677 -0.997994 0.0193193 -0.0602913 111.382 
-0.0589824 0.0167055 0.998119 23.9929 0.0162138 0.999744 -0.0157745 -4.12963 -0.998127 0.0152529 -0.0592382 111.326 
-0.0584698 0.014833 0.998179 24.8137 0.0142582 0.9998 -0.0140218 -4.1758 -0.998187 0.0134124 -0.0586696 111.286 
-0.0582162 0.0217263 0.998068 25.6514 0.0170218 0.999639 -0.0207676 -4.20279 -0.998159 0.0157799 -0.058565 111.27 
-0.0567028 0.0330861 0.997843 26.4984 0.0193863 0.999299 -0.0320327 -4.23383 -0.998203 0.0175281 -0.0573045 111.228 
-0.0557695 0.0374083 0.997743 27.3193 0.0219591 0.999102 -0.0362319 -4.28216 -0.998202 0.0198889 -0.0565409 111.18 
-0.054344 0.0311056 0.998038 28.1653 0.0231022 0.999286 -0.0298865 -4.33114 -0.998255 0.0214327 -0.0550238 111.142 
-0.0528171 0.023584 0.998326 28.99 0.0265501 0.999401 -0.0222047 -4.36361 -0.998251 0.0253329 -0.0534116 111.101 
-0.0511777 0.0204571 0.99848 29.8034 0.0286034 0.99941 -0.0190101 -4.40844 -0.99828 0.027587 -0.0517327 111.068 
-0.0508172 0.0211066 0.998485 30.6346 0.0279526 0.999415 -0.0197036 -4.44806 -0.998317 0.0269089 -0.0513775 111.031 
-0.0518911 0.0212893 0.998426 31.4448 0.0244655 0.9995 -0.0200406 -4.48568 -0.998353 0.0233871 -0.052386 111.01 
-0.0522125 0.0217973 0.998398 32.242 0.0238449 0.999504 -0.0205744 -4.51385 -0.998351 0.0227325 -0.0527064 110.966 
-0.0548819 0.0217932 0.998255 33.0356 0.0229772 0.999525 -0.0205576 -4.54996 -0.998228 0.0218088 -0.0553566 110.943 
-0.0561311 0.0217452 0.998187 33.8224 0.0210679 0.999566 -0.0205905 -4.57966 -0.998201 0.019874 -0.0565648 110.91 
-0.0587426 0.0222979 0.998024 34.6295 0.0200807 0.999575 -0.0211506 -4.61205 -0.998071 0.0187986 -0.0591653 110.884 
-0.0600995 0.020467 0.997983 35.426 0.0171313 0.999664 -0.0194698 -4.64819 -0.998045 0.0159266 -0.0604299 110.842 
-0.0631917 0.0184634 0.997831 36.2253 0.0175379 0.999695 -0.0173872 -4.67787 -0.997847 0.0164011 -0.0634962 110.827 
-0.0649045 0.019369 0.997704 37.0051 0.0173753 0.999682 -0.018277 -4.7035 -0.99774 0.0161491 -0.0652204 110.78 
-0.0661977 0.021183 0.997582 37.7904 0.0197395 0.999607 -0.0199161 -4.72672 -0.997611 0.0183733 -0.0665899 110.736 
-0.0662739 0.0209878 0.997581 38.5914 0.0201378 0.999603 -0.0196925 -4.7687 -0.997598 0.018784 -0.0666702 110.676 
-0.0673492 0.0201483 0.997526 39.3718 0.0212911 0.999597 -0.0187526 -4.79429 -0.997502 0.0199754 -0.0677511 110.632 
-0.0683553 0.0196121 0.997468 40.1516 0.0217085 0.999599 -0.0181663 -4.82307 -0.997425 0.0204118 -0.0687537 110.581 
-0.0694968 0.0190423 0.9974 40.9121 0.0201897 0.99964 -0.0176782 -4.86116 -0.997378 0.0189087 -0.0698562 110.546 
-0.0701508 0.018687 0.997361 41.6662 0.0193083 0.999663 -0.017372 -4.88223 -0.99735 0.0180387 -0.070488 110.503 
-0.0698827 0.0181282 0.997391 42.3944 0.0193488 0.999671 -0.0168139 -4.90999 -0.997368 0.0181233 -0.0702105 110.455 
-0.0708163 0.0165143 0.997353 43.1085 0.0182244 0.999718 -0.0152594 -4.94631 -0.997323 0.0170955 -0.0710972 110.422 
-0.0701006 0.0197048 0.997345 43.8163 0.0189434 0.999651 -0.0184188 -4.97038 -0.99736 0.0176019 -0.0704494 110.376 
-0.0701719 0.0223506 0.997285 44.5239 0.0185615 0.999605 -0.0210965 -5.00543 -0.997362 0.0170307 -0.070559 110.339 
-0.0696575 0.0242591 0.997276 45.2243 0.0173749 0.999582 -0.0231016 -5.03086 -0.99742 0.0157184 -0.0700499 110.297 
-0.0690322 0.0240488 0.997325 45.8928 0.0180428 0.999576 -0.0228542 -5.06487 -0.997451 0.0164169 -0.0694368 110.242 
-0.0702956 0.024478 0.997226 46.5578 0.0182174 0.999564 -0.0232512 -5.07533 -0.99736 0.0165324 -0.0707108 110.242 
-0.070588 0.0246402 0.997201 47.2431 0.0184529 0.999556 -0.0233921 -5.10752 -0.997335 0.0167501 -0.0710114 110.195 
-0.0702843 0.022963 0.997263 47.8727 0.0137477 0.999662 -0.0220493 -5.1514 -0.997432 0.0121603 -0.0705762 110.161 
-0.0691209 0.0226679 0.997351 48.5674 0.0129247 0.999678 -0.021825 -5.20436 -0.997525 0.0113819 -0.0693916 110.111 
-0.0691097 0.0199484 0.99741 49.229 0.012894 0.999734 -0.0191014 -5.25135 -0.997526 0.0115405 -0.0693486 110.08 
-0.0700848 0.0190667 0.997359 49.8947 0.0134602 0.999744 -0.0181664 -5.27368 -0.99745 0.0121514 -0.0703235 110.044 
-0.0727485 0.0191449 0.997167 50.5311 0.0116835 0.999764 -0.0183423 -5.31157 -0.997282 0.0103161 -0.072955 110.003 
-0.0781355 0.0191962 0.996758 51.2345 0.0081681 0.999793 -0.0186143 -5.32857 -0.996909 0.00668717 -0.0782762 109.969 
-0.0832154 0.0224305 0.996279 51.8878 0.0114718 0.999702 -0.0215493 -5.35686 -0.996466 0.00963586 -0.083448 109.914 
-0.0899484 0.0258784 0.99561 52.5742 0.0140865 0.999595 -0.0247093 -5.37909 -0.995847 0.0118021 -0.0902766 109.852 
-0.0965375 0.0274667 0.99495 53.2349 0.0133296 0.999565 -0.0263007 -5.40633 -0.99524 0.0107233 -0.0968617 109.789 
-0.103769 0.0258601 0.994265 53.9203 0.008428 0.999649 -0.0251205 -5.44101 -0.994566 0.00577293 -0.103951 109.751 
-0.107994 0.0249697 0.993838 54.5964 0.00862788 0.99967 -0.0241786 -5.46312 -0.994114 0.00596357 -0.108174 109.675 
-0.111376 0.0255713 0.993449 55.2555 0.00736882 0.999663 -0.024905 -5.4944 -0.993751 0.00454673 -0.111526 109.595 
-0.114514 0.0249724 0.993108 55.9457 0.00515572 0.999686 -0.0245433 -5.52303 -0.993408 0.00230964 -0.114607 109.519 
-0.11661 0.022441 0.992924 56.6583 0.00713945 0.999738 -0.0217564 -5.53957 -0.993152 0.0045519 -0.11674 109.442 
-0.119217 0.0199569 0.992668 57.369 0.00936883 0.999776 -0.0189746 -5.5512 -0.992824 0.00703804 -0.119377 109.383 
-0.120489 0.0181502 0.992549 58.0914 0.0103358 0.999802 -0.0170281 -5.56758 -0.992661 0.00820705 -0.120653 109.306 
-0.120625 0.0173809 0.992546 58.8028 0.00877132 0.999826 -0.0164423 -5.60212 -0.992659 0.00672258 -0.120757 109.219 
-0.119736 0.0220907 0.99256 59.5091 0.0119499 0.999712 -0.0208083 -5.61579 -0.992734 0.00936949 -0.119965 109.126 
-0.119725 0.025671 0.992475 60.2204 0.0167619 0.999575 -0.0238326 -5.64755 -0.992666 0.0137824 -0.120104 109.046 
-0.12017 0.028661 0.99234 60.9462 0.0225661 0.999404 -0.0261323 -5.69092 -0.992497 0.0192529 -0.120746 108.954 
-0.120505 0.031137 0.992224 61.6757 0.025173 0.999282 -0.0283012 -5.71511 -0.992394 0.0215668 -0.121202 108.888 
-0.119862 0.0286427 0.992377 62.425 0.0236444 0.999383 -0.025989 -5.75023 -0.992509 0.0203491 -0.120466 108.797 
-0.118603 0.0235895 0.992662 63.1644 0.0231421 0.999512 -0.0209872 -5.77478 -0.992672 0.0204831 -0.119091 108.702 
-0.116397 0.023262 0.99293 63.9015 0.0275837 0.999416 -0.0201804 -5.79595 -0.99282 0.0250398 -0.116971 108.599 
-0.11713 0.0226641 0.992858 64.6374 0.0275436 0.999429 -0.0195647 -5.82662 -0.992735 0.0250553 -0.117687 108.528 
-0.11836 0.0240288 0.99268 65.3779 0.0268877 0.999418 -0.020986 -5.85241 -0.992607 0.024207 -0.118937 108.448 
-0.119865 0.0245912 0.992486 66.1065 0.026347 0.99942 -0.021581 -5.88297 -0.992441 0.0235622 -0.120443 108.376 
-0.123039 0.0253013 0.992079 66.8566 0.0281228 0.999362 -0.0219992 -5.91063 -0.992003 0.0251933 -0.123672 108.308 
-0.124369 0.0265166 0.991882 67.6091 0.0278696 0.999342 -0.0232215 -5.93089 -0.991845 0.0247553 -0.125026 108.211 
-0.127021 0.0249785 0.991585 68.3617 0.0268534 0.999403 -0.0217355 -5.96755 -0.991536 0.0238666 -0.127616 108.143 
-0.127146 0.0274438 0.991504 69.0853 0.0280964 0.999316 -0.024057 -5.98981 -0.991486 0.024799 -0.12783 108.046 
-0.127527 0.0303225 0.991372 69.8257 0.0296742 0.999202 -0.0267447 -6.01114 -0.991391 0.0260075 -0.128325 107.971 
-0.128744 0.0306341 0.991205 70.5971 0.028917 0.999214 -0.0271257 -6.04188 -0.991256 0.0251703 -0.129529 107.897 
-0.130699 0.0312632 0.990929 71.3633 0.0269132 0.999246 -0.0279759 -6.05365 -0.991057 0.0230127 -0.131442 107.83 
-0.131782 0.0292654 0.990847 72.1472 0.0281122 0.999272 -0.0257754 -6.09946 -0.99088 0.0244582 -0.132508 107.739 
-0.131923 0.0265465 0.990904 72.8961 0.0250688 0.999411 -0.0234368 -6.1416 -0.990943 0.0217489 -0.132511 107.634 
-0.134337 0.0241798 0.990641 73.6882 0.0217781 0.999533 -0.0214435 -6.17454 -0.990696 0.0186936 -0.134801 107.564 
-0.135839 0.0246354 0.990425 74.4756 0.0238365 0.999483 -0.0215915 -6.19027 -0.990444 0.0206753 -0.136356 107.454 
-0.136813 0.0253961 0.990271 75.2636 0.0250175 0.999441 -0.0221749 -6.2234 -0.990281 0.0217403 -0.137372 107.341 
-0.139376 0.0258674 0.989902 76.0675 0.0251889 0.999428 -0.0225698 -6.26328 -0.989919 0.0217888 -0.139948 107.252 
-0.140266 0.0293677 0.989678 76.8633 0.026229 0.999319 -0.0259363 -6.29293 -0.989766 0.0223203 -0.140941 107.147 
-0.14091 0.0342072 0.989431 77.678 0.0281366 0.999138 -0.0305356 -6.31998 -0.989623 0.0235365 -0.141751 107.041 
-0.142013 0.0380507 0.989133 78.4747 0.0301024 0.998965 -0.034107 -6.35444 -0.989407 0.0249317 -0.143012 106.94 
-0.141795 0.0393543 0.989113 79.3028 0.032852 0.998846 -0.0350319 -6.39163 -0.989351 0.027527 -0.142924 106.844 
-0.14036 0.0398826 0.989297 80.1355 0.0364384 0.99872 -0.0350926 -6.41808 -0.98943 0.0311228 -0.141633 106.72 
-0.140657 0.0378811 0.989333 80.9677 0.0367014 0.99878 -0.0330248 -6.4561 -0.989378 0.0316648 -0.141876 106.622 
-0.139401 0.0369612 0.989546 81.8068 0.0363076 0.998822 -0.0321928 -6.49013 -0.98957 0.0314403 -0.140579 106.505 
-0.138966 0.0345149 0.989696 82.6731 0.0352587 0.998931 -0.0298862 -6.53678 -0.989669 0.0307422 -0.140034 106.422 
-0.136878 0.0310433 0.990101 83.5123 0.0348666 0.999041 -0.0265034 -6.57632 -0.989974 0.0308937 -0.137829 106.312 
-0.136069 0.0276361 0.990314 84.3684 0.0351621 0.999116 -0.0230504 -6.61008 -0.990075 0.031685 -0.13692 106.234 
-0.133908 0.0274279 0.990614 85.235 0.0325463 0.999199 -0.023266 -6.64719 -0.990459 0.0291254 -0.134693 106.128 
-0.132358 0.0309 0.99072 86.0604 0.0338287 0.999073 -0.026641 -6.69915 -0.990625 0.0299887 -0.133281 106.037 
-0.131345 0.037592 0.990624 86.8958 0.035001 0.998834 -0.0332628 -6.72918 -0.990719 0.0303039 -0.132508 105.951 
-0.129452 0.0410493 0.990736 87.7386 0.0335911 0.998751 -0.0369922 -6.77482 -0.991017 0.0284912 -0.130669 105.86 
-0.128792 0.0383077 0.990931 88.5828 0.030242 0.998941 -0.0346867 -6.81522 -0.99121 0.0255004 -0.129814 105.792 
-0.126634 0.0366173 0.991273 89.4221 0.0320402 0.998948 -0.0328077 -6.84931 -0.991432 0.027606 -0.127674 105.693 
-0.126449 0.0358064 0.991327 90.2595 0.0322452 0.998969 -0.0319694 -6.87461 -0.991449 0.027923 -0.127473 105.63 
-0.12559 0.035224 0.991457 91.1179 0.0301908 0.999042 -0.0316692 -6.93035 -0.991623 0.0259555 -0.126533 105.535 
-0.124756 0.0351669 0.991564 91.9716 0.0305651 0.999034 -0.0315862 -6.97381 -0.991717 0.0263667 -0.12571 105.439 
-0.124026 0.0333095 0.99172 92.8466 0.0330586 0.99902 -0.0294203 -7.02527 -0.991728 0.029136 -0.125006 105.329 
-0.123132 0.0333391 0.99183 93.7367 0.036128 0.998924 -0.0290924 -7.05397 -0.991732 0.0322506 -0.124204 105.237 
-0.122293 0.0340946 0.991908 94.5693 0.0382302 0.99883 -0.0296191 -7.1188 -0.991757 0.0342986 -0.123453 105.158 
-0.120696 0.0363821 0.992023 95.4204 0.0383628 0.998753 -0.0319615 -7.15418 -0.991948 0.0341991 -0.121941 105.055 
-0.120268 0.0378012 0.992022 96.3005 0.0350619 0.998813 -0.0338092 -7.19952 -0.992122 0.030716 -0.12145 104.975 
-0.119775 0.0334481 0.992237 97.1733 0.0297015 0.999106 -0.0300943 -7.25189 -0.992357 0.0258664 -0.120662 104.903 
-0.119091 0.0310168 0.992399 98.0437 0.0256551 0.999274 -0.028153 -7.30387 -0.992552 0.0221073 -0.119801 104.805 
-0.120124 0.0313263 0.992265 98.8816 0.0217683 0.999345 -0.0289145 -7.34738 -0.99252 0.0181265 -0.120727 104.729 
-0.122187 0.0370465 0.991815 99.7347 0.019199 0.999204 -0.0349572 -7.37092 -0.992321 0.0147705 -0.122801 104.661 
-0.122256 0.0381139 0.991767 100.558 0.0178904 0.999185 -0.0361936 -7.43914 -0.992337 0.0133182 -0.122838 104.567 
-0.121647 0.0381684 0.991839 101.386 0.0184369 0.999175 -0.0361894 -7.48982 -0.992402 0.0138841 -0.12225 104.458 
-0.122401 0.0369888 0.991791 102.219 0.0192707 0.999205 -0.034887 -7.53974 -0.992294 0.0148423 -0.123017 104.375 
-0.12304 0.0387838 0.991644 103.051 0.0211322 0.999112 -0.0364538 -7.56942 -0.992177 0.0164703 -0.12375 104.293 
-0.123063 0.0412793 0.99154 103.876 0.0229787 0.998985 -0.0387373 -7.6256 -0.992133 0.0180172 -0.123887 104.198 
-0.12478 0.0428539 0.991259 104.693 0.0220971 0.998939 -0.0404043 -7.66412 -0.991938 0.0168623 -0.125594 104.124 
-0.125431 0.0434227 0.991152 105.502 0.0203268 0.998945 -0.0411917 -7.70994 -0.991894 0.0149802 -0.126181 104.035 
-0.129415 0.0411709 0.990735 106.284 0.0157975 0.999097 -0.0394548 -7.78452 -0.991465 0.0105451 -0.129948 103.96 
-0.131685 0.0433502 0.990343 107.072 0.0161423 0.999005 -0.0415829 -7.82165 -0.99116 0.0105106 -0.132254 103.865 
-0.135737 0.0454309 0.989703 107.868 0.0154995 0.998923 -0.0437283 -7.87644 -0.990624 0.00940434 -0.136295 103.786 
-0.138298 0.0472742 0.989262 108.654 0.0148847 0.998847 -0.0456513 -7.92333 -0.990279 0.00841138 -0.138842 103.684 
-0.141806 0.0473784 0.98876 109.431 0.0146278 0.998845 -0.0457638 -7.97289 -0.989786 0.00797381 -0.142335 103.591 
-0.144534 0.0461461 0.988423 110.211 0.0156445 0.998894 -0.0443473 -8.01892 -0.989376 0.00905366 -0.145096 103.488 
-0.146639 0.0460656 0.988117 110.981 0.0168973 0.998886 -0.04406 -8.07821 -0.989046 0.0102356 -0.147254 103.382 
-0.148963 0.0501172 0.987572 111.75 0.0125363 0.99873 -0.0487925 -8.13733 -0.988763 0.00511219 -0.149402 103.29 
-0.149738 0.0576222 0.987045 112.515 0.010065 0.998337 -0.0567544 -8.18523 -0.988675 0.0014363 -0.150069 103.179 
-0.152367 0.0601113 0.986494 113.283 0.0141025 0.998179 -0.0586451 -8.23328 -0.988223 0.00497644 -0.152937 103.069 
-0.154242 0.0586998 0.986288 114.045 0.0166404 0.998246 -0.0568091 -8.28124 -0.987893 0.00764987 -0.154948 102.95 
-0.157604 0.0508899 0.98619 114.814 0.0140451 0.998686 -0.0492901 -8.33507 -0.987403 0.00608289 -0.158111 102.841 
-0.159656 0.0486138 0.985975 115.59 0.0137723 0.998799 -0.047016 -8.38915 -0.987077 0.00607273 -0.160134 102.732 
-0.160997 0.0515919 0.985606 116.339 0.0129283 0.998657 -0.0501632 -8.43766 -0.98687 0.00466602 -0.161448 102.62 
-0.165021 0.054945 0.984758 117.091 0.0101365 0.998489 -0.0540124 -8.49749 -0.986238 0.00106882 -0.165328 102.527 
-0.167417 0.0569529 0.98424 117.836 0.00940932 0.998377 -0.0561704 -8.55456 -0.985841 -0.00014286 -0.167681 102.414 
-0.169948 0.0616509 0.983523 118.577 0.0132056 0.998094 -0.0602824 -8.60608 -0.985365 0.00274315 -0.170438 102.313 
-0.171511 0.0664174 0.982941 119.324 0.0130969 0.997791 -0.0651355 -8.65859 -0.985095 0.00170198 -0.172002 102.194 
-0.174422 0.0689427 0.982254 120.078 0.0124574 0.997621 -0.0678091 -8.71303 -0.984592 0.000408882 -0.174866 102.088 
-0.176917 0.0672925 0.981923 120.796 0.0121428 0.997733 -0.0661882 -8.75762 -0.984151 0.000213531 -0.177333 101.966 
-0.1805 0.0632895 0.981537 121.553 0.0166056 0.997982 -0.0612961 -8.826 -0.983435 0.00523502 -0.181187 101.833 
-0.187004 0.0619375 0.980405 122.283 0.0199254 0.998044 -0.0592513 -8.88262 -0.982157 0.00845473 -0.187872 101.718 
-0.193668 0.0614804 0.979139 123.001 0.0178446 0.99809 -0.0591408 -8.92854 -0.980905 0.00601865 -0.194396 101.594 
-0.203139 0.0621386 0.977176 123.74 0.0176721 0.998054 -0.0597925 -8.98481 -0.97899 0.0051225 -0.203842 101.473 
-0.213811 0.0635159 0.974808 124.466 0.0165994 0.997976 -0.0613845 -9.028 -0.976734 0.00305646 -0.214433 101.325 
-0.227696 0.0648261 0.971572 125.196 0.0178329 0.997892 -0.0624029 -9.07946 -0.973569 0.00311701 -0.228372 101.203 
-0.239216 0.0672501 0.968635 125.921 0.0197635 0.997729 -0.0643892 -9.1222 -0.970765 0.00374066 -0.240001 101.028 
-0.252018 0.066864 0.96541 126.606 0.0225498 0.997745 -0.0632169 -9.17511 -0.96746 0.00583807 -0.252957 100.87 
-0.262941 0.0660447 0.962549 127.323 0.025418 0.997782 -0.0615187 -9.2409 -0.964477 0.00829022 -0.264037 100.686 
-0.2734 0.0668009 0.959578 128.025 0.0300023 0.997693 -0.060906 -9.28646 -0.961432 0.0121378 -0.274773 100.501 
-0.280638 0.067575 0.957432 128.713 0.0343928 0.997586 -0.0603279 -9.33024 -0.959197 0.0159985 -0.282284 100.276 
-0.288913 0.0681043 0.95493 129.416 0.0405754 0.997441 -0.0588601 -9.38572 -0.956495 0.0217412 -0.290937 100.083 
-0.294187 0.066242 0.95345 130.089 0.0421395 0.997524 -0.0563019 -9.47328 -0.954819 0.0236147 -0.29625 99.8683 
-0.298227 0.065969 0.952213 130.765 0.046009 0.997443 -0.0546927 -9.5125 -0.953386 0.0274995 -0.300499 99.6493 
-0.300332 0.0650306 0.951616 131.466 0.0513252 0.99733 -0.0519562 -9.53374 -0.952453 0.0332377 -0.302867 99.4366 
-0.300867 0.0636292 0.951541 132.138 0.058641 0.997118 -0.0481352 -9.58708 -0.951861 0.041317 -0.303731 99.2225 
-0.302094 0.0631125 0.951187 132.832 0.0590369 0.997129 -0.0474109 -9.6188 -0.951448 0.0418325 -0.304953 99.0245 
-0.302475 0.0679259 0.950734 133.47 0.0633261 0.996686 -0.0510618 -9.69033 -0.951051 0.0447614 -0.305774 98.8348 
-0.300192 0.0706901 0.951256 134.129 0.0626291 0.996559 -0.0542925 -9.74306 -0.951821 0.0432781 -0.303586 98.6259 
-0.300204 0.0712634 0.951209 134.791 0.0659553 0.99637 -0.053831 -9.7851 -0.951592 0.0465769 -0.303815 98.4401 
-0.300213 0.0697523 0.951319 135.454 0.0657143 0.996466 -0.0523247 -9.82575 -0.951606 0.0468067 -0.303735 98.26 
-0.296529 0.0661358 0.952731 136.122 0.0674457 0.996559 -0.0481863 -9.88541 -0.952639 0.049969 -0.299969 98.0425 
-0.296355 0.0673783 0.952698 136.77 0.0689449 0.996415 -0.0490234 -9.92722 -0.952586 0.0511554 -0.299938 97.8634 
-0.294214 0.0686783 0.953269 137.383 0.0679181 0.996396 -0.0508234 -9.97993 -0.953323 0.0497912 -0.297818 97.6814 
-0.290119 0.0709089 0.95436 138.008 0.0695869 0.996174 -0.0528617 -10.0224 -0.954457 0.0510748 -0.293944 97.497 
-0.285446 0.0706523 0.955787 138.643 0.0700772 0.996148 -0.0527073 -10.0637 -0.955829 0.0519338 -0.289297 97.3293 
-0.281733 0.0675139 0.957115 139.262 0.0708155 0.996264 -0.0494304 -10.1196 -0.956876 0.0538524 -0.285461 97.1711 
-0.276586 0.0652816 0.958769 139.871 0.0695091 0.996436 -0.0477943 -10.1721 -0.958472 0.053424 -0.280138 97.005 
-0.272771 0.0651321 0.959872 140.505 0.0718867 0.996297 -0.0471752 -10.2139 -0.959389 0.0561339 -0.276443 96.83 
-0.271712 0.0644877 0.960216 141.119 0.0740788 0.996194 -0.0459418 -10.2492 -0.959523 0.0586486 -0.275455 96.6976 
-0.268562 0.0626174 0.961225 141.753 0.0758273 0.996163 -0.0437075 -10.2944 -0.960273 0.0611489 -0.27228 96.5462 
-0.263469 0.0605948 0.962763 142.386 0.0787854 0.996043 -0.041129 -10.3443 -0.961445 0.0650154 -0.2672 96.3523 
-0.260077 0.0608149 0.963671 142.966 0.0784577 0.996046 -0.0416837 -10.3771 -0.962395 0.0647664 -0.26382 96.2214 
-0.257647 0.0618899 0.964255 143.516 0.0750675 0.996212 -0.0438831 -10.4131 -0.963319 0.0610779 -0.261317 96.108 
-0.253822 0.0658274 0.965008 144.115 0.075345 0.995996 -0.0481234 -10.4473 -0.964312 0.0604938 -0.257766 95.9623 
-0.247707 0.0693723 0.966348 144.689 0.079232 0.995543 -0.0511583 -10.4941 -0.96559 0.0638934 -0.2521 95.8253 
-0.240697 0.0696761 0.968096 145.28 0.0781185 0.995575 -0.0522312 -10.5411 -0.967451 0.0630543 -0.245075 95.6901 
-0.231674 0.0678337 0.970426 145.838 0.0738262 0.995915 -0.0519905 -10.5828 -0.969988 0.059598 -0.235736 95.5656 
-0.221685 0.0661854 0.97287 146.418 0.0723691 0.996059 -0.0512724 -10.6241 -0.972429 0.0590394 -0.225601 95.4537 
-0.208669 0.0660304 0.975755 147 0.0734596 0.995958 -0.051688 -10.6543 -0.975224 0.0608929 -0.212676 95.329 
