1 2.12261e-08 -2.11895e-08 0 2.12261e-08 1 2.10703e-08 0 -2.11895e-08 2.10703e-08 1 0 
0.99998 1.02422e-05 -0.00636076 -0.0113204 -9.46846e-06 1 0.000115015 0.00111087 0.00636072 -0.00011491 0.99998 0.0915435 
0.999902 0.00139262 -0.0139311 -0.0180378 -0.00138991 0.999999 0.000201186 -0.00353037 0.0139314 -0.000181761 0.999903 0.196635 
0.999768 0.00181669 -0.0214694 -0.033437 -0.00183206 0.999998 -0.000698144 -0.00575303 0.0214681 0.000737357 0.999769 0.297047 
0.999504 0.00239369 -0.0314102 -0.0405027 -0.00244434 0.999996 -0.00157555 -0.0119103 0.0314062 0.00165159 0.999505 0.397335 
0.999087 0.00257169 -0.0426414 -0.0604916 -0.00267608 0.999994 -0.00239219 -0.0190913 0.042635 0.00250416 0.999088 0.513216 
0.998391 0.00249746 -0.056659 -0.076911 -0.00267441 0.999992 -0.0030481 -0.0255573 0.0566509 0.00319476 0.998389 0.640895 
0.99733 0.00227009 -0.0729946 -0.108701 -0.00254245 0.99999 -0.0036391 -0.0183275 0.0729856 0.00381501 0.997326 0.786193 
0.995742 0.00153592 -0.0921693 -0.137101 -0.00187374 0.999992 -0.0035792 -0.0186871 0.092163 0.00373671 0.995737 0.934779 
0.993664 0.000643688 -0.112389 -0.16621 -0.00102023 0.999994 -0.00329323 -0.0228894 0.112386 0.00338707 0.993659 1.11291 
0.990897 0.000607738 -0.134625 -0.22324 -0.00103094 0.999995 -0.0030742 -0.0286324 0.134622 0.00318505 0.990892 1.27766 
0.987333 0.00339807 -0.158626 -0.287673 -0.00434144 0.999975 -0.00560122 -0.0223587 0.158603 0.00621898 0.987323 1.46336 
0.982743 0.00793723 -0.184806 -0.347321 -0.0093117 0.999935 -0.00657085 -0.0341275 0.184742 0.00817836 0.982753 1.63817 
0.977102 0.011289 -0.212474 -0.414466 -0.0131729 0.999885 -0.00745317 -0.0399522 0.212366 0.0100815 0.977138 1.82355 
0.970343 0.01265 -0.241403 -0.500276 -0.0148599 0.999863 -0.00733589 -0.0469637 0.241277 0.0107056 0.970397 2.02585 
0.962069 0.0151445 -0.272387 -0.589332 -0.0176378 0.999822 -0.00670724 -0.0499578 0.272237 0.0112572 0.962164 2.22221 
0.952608 0.016652 -0.303746 -0.702687 -0.019072 0.999806 -0.00500233 -0.055378 0.303603 0.0105583 0.95274 2.4266 
0.941071 0.0188557 -0.337684 -0.809439 -0.0213983 0.999764 -0.00380863 -0.0546233 0.337533 0.0108101 0.941252 2.61834 
0.92808 0.0210375 -0.371786 -0.914734 -0.0241686 0.999701 -0.00376332 -0.0582826 0.371596 0.0124783 0.928311 2.82877 
0.913521 0.0240926 -0.406078 -1.03915 -0.0275031 0.999618 -0.0025643 -0.0609016 0.405861 0.013511 0.913835 3.02913 
0.896725 0.023538 -0.441962 -1.16274 -0.0273661 0.999623 -0.00228706 -0.0559122 0.441741 0.0141457 0.897031 3.23643 
0.877891 0.0203731 -0.478428 -1.30679 -0.0242 0.999705 -0.00183498 -0.0625576 0.478249 0.0131889 0.878125 3.4367 
0.855912 0.0151995 -0.516898 -1.45174 -0.0192185 0.999812 -0.00242354 -0.0574881 0.516764 0.0120084 0.856044 3.62686 
0.829791 0.0162861 -0.557837 -1.61644 -0.0194928 0.99981 0.000193692 -0.0496135 0.557734 0.0107131 0.829951 3.83732 
0.800234 0.021882 -0.599289 -1.80842 -0.0246875 0.999689 0.00353649 -0.0535578 0.59918 0.011965 0.800525 4.01736 
0.766578 0.0247251 -0.641675 -2.01236 -0.0271762 0.999612 0.00605109 -0.0623787 0.641576 0.0127997 0.766953 4.18982 
0.729006 0.0233504 -0.684109 -2.23402 -0.0262173 0.999637 0.00618233 -0.051131 0.684005 0.0134286 0.729354 4.38934 
0.688179 0.0186537 -0.725301 -2.46071 -0.018721 0.999793 0.00795042 -0.0565878 0.725299 0.0081071 0.688386 4.5605 
0.644966 0.0156553 -0.764051 -2.71162 -0.0129492 0.999871 0.00955621 -0.0620814 0.764102 0.00373047 0.645085 4.71403 
0.59877 0.0157463 -0.800767 -2.94479 -0.0097833 0.999876 0.0123461 -0.0699959 0.800862 0.000441721 0.598849 4.86515 
0.550439 0.0166216 -0.83471 -3.19768 -0.00815454 0.999861 0.0145328 -0.0679426 0.834836 -0.00119271 0.550498 4.9878 
0.499431 0.0169929 -0.866187 -3.4971 -0.00796252 0.999855 0.0150241 -0.0532087 0.866317 -0.000606417 0.499494 5.09638 
0.4466 0.0181166 -0.894551 -3.80894 -0.00452725 0.999828 0.0179884 -0.055881 0.894723 -0.00398373 0.446605 5.19537 
0.391998 0.0207036 -0.919733 -4.14983 -0.00454922 0.999778 0.0205665 -0.049278 0.919955 -0.00387791 0.392005 5.27921 
0.336686 0.0222937 -0.941353 -4.50861 -0.00282043 0.999739 0.0226676 -0.0438836 0.941613 -0.00497681 0.336661 5.35431 
0.28137 0.0253038 -0.959266 -4.9005 -0.00176954 0.999664 0.0258504 -0.0384811 0.959598 -0.00557601 0.28132 5.42121 
0.226349 0.0282358 -0.973637 -5.28129 0.00278689 0.999557 0.0296354 -0.047726 0.974042 -0.00942131 0.22617 5.479 
0.176398 0.0276639 -0.98393 -5.70749 0.00418577 0.999575 0.0288542 -0.0299225 0.98431 -0.00920828 0.176207 5.49399 
0.129519 0.0288619 -0.991157 -6.13194 0.00257688 0.999563 0.0294434 -0.0259612 0.991574 -0.00636753 0.129388 5.49163 
0.0863738 0.028802 -0.995846 -6.55467 0.000683994 0.99958 0.0289693 -0.0165569 0.996263 -0.00318329 0.0863178 5.49482 
0.0482551 0.0273796 -0.99846 -7.01805 -0.00110395 0.999625 0.0273582 -0.00288174 0.998834 -0.000217883 0.0482673 5.47489 
0.0134643 0.0233685 -0.999636 -7.49586 6.34463e-05 0.999727 0.0233715 0.0222181 0.999909 -0.000378061 0.0134591 5.44949 
-0.0175857 0.0210013 -0.999625 -7.98411 -0.000553682 0.999779 0.0210143 0.0244952 0.999845 0.000923067 -0.0175702 5.4053 
-0.0451934 0.0192078 -0.998794 -8.51765 -0.000897456 0.999814 0.019268 0.0326862 0.998978 0.0017672 -0.0451678 5.3726 
-0.0664205 0.0166804 -0.997652 -9.04876 -0.00145921 0.999858 0.0168145 0.046335 0.997791 0.00257265 -0.0663867 5.32549 
-0.0831587 0.015394 -0.996417 -9.54946 -0.00100891 0.999879 0.0155317 0.0592468 0.996536 0.00229693 -0.0831331 5.26515 
-0.0962369 0.016007 -0.99523 -10.1114 -0.000599545 0.99987 0.0161396 0.0625075 0.995358 0.00214995 -0.0962148 5.19157 
-0.106372 0.0163907 -0.994191 -10.6458 -0.00231257 0.999857 0.0167315 0.0852232 0.994324 0.00407893 -0.106319 5.11396 
-0.113309 0.0178379 -0.9934 -11.1986 -0.00467649 0.999818 0.0184865 0.0731582 0.993549 0.00674036 -0.113205 5.03196 
-0.117986 0.019935 -0.992815 -11.7604 -0.00302902 0.999787 0.020435 0.06236 0.993011 0.00541833 -0.1179 4.97243 
-0.119675 0.0201365 -0.992609 -12.3705 -0.00295882 0.999783 0.0206388 0.085898 0.992809 0.00540693 -0.119589 4.89403 
-0.119913 0.02276 -0.992523 -12.9678 0.000446366 0.999738 0.0228715 0.0812881 0.992784 0.00229961 -0.119892 4.8298 
-0.118889 0.0257751 -0.992573 -13.6261 -4.63885e-05 0.999663 0.0259647 0.0847816 0.992908 0.003133 -0.118847 4.74971 
-0.11697 0.0260432 -0.992794 -14.2641 -0.00379462 0.999637 0.0266698 0.0799807 0.993128 0.00688688 -0.116829 4.66167 
-0.115515 0.0237219 -0.993023 -14.9189 -0.00572367 0.999682 0.0245468 0.0836737 0.993289 0.00851928 -0.115342 4.57237 
-0.11502 0.0237049 -0.99308 -15.5836 -0.00488873 0.99969 0.0244289 0.102876 0.993351 0.00766476 -0.114869 4.5052 
-0.113211 0.0263374 -0.993222 -16.2828 -0.00515508 0.99962 0.0270946 0.122551 0.993558 0.00818759 -0.113032 4.41641 
-0.111476 0.028786 -0.99335 -17.0037 -0.00470631 0.999554 0.0294939 0.152563 0.993756 0.00796291 -0.11129 4.31725 
-0.109286 0.0316432 -0.993507 -17.7316 -0.0058346 0.999456 0.0324745 0.149983 0.993993 0.00934577 -0.109042 4.21916 
-0.106596 0.0303042 -0.993841 -18.5107 -0.00807042 0.999476 0.0313417 0.173989 0.99427 0.0113616 -0.106295 4.089 
-0.10411 0.027598 -0.994183 -19.2633 -0.0117655 0.999511 0.028978 0.186548 0.994496 0.014714 -0.103735 3.99247 
-0.10271 0.0270173 -0.994344 -20.0205 -0.0125315 0.999517 0.0284523 0.202176 0.994632 0.015383 -0.102322 3.91054 
-0.101765 0.0295535 -0.994369 -20.7968 -0.00971315 0.999482 0.0306995 0.215416 0.994761 0.0127826 -0.101425 3.82929 
-0.0994189 0.0320767 -0.994529 -21.5949 -0.00764034 0.999426 0.0329984 0.21385 0.995016 0.0108792 -0.0991168 3.71881 
-0.0982652 0.0341873 -0.994573 -22.3961 -0.00886817 0.99934 0.0352274 0.227703 0.995121 0.0122817 -0.0978972 3.6265 
-0.0975599 0.0293755 -0.994796 -23.2017 -0.0068462 0.999521 0.0301864 0.247116 0.995206 0.0097556 -0.0973121 3.5324 
-0.0980671 0.0234852 -0.994903 -23.9922 -0.00567689 0.999692 0.0241578 0.237506 0.995164 0.00801708 -0.0979036 3.45886 
-0.0979856 0.0195853 -0.994995 -24.8016 -0.00370599 0.999792 0.0200447 0.237816 0.995181 0.00565157 -0.0978927 3.35923 
-0.0993625 0.0204907 -0.99484 -25.6192 -0.00187159 0.999782 0.0207794 0.246808 0.99505 0.00392666 -0.0993025 3.27907 
-0.0999534 0.0273643 -0.994616 -26.4596 -0.00284101 0.99961 0.0277872 0.259926 0.994988 0.00560318 -0.0998366 3.18076 
-0.100179 0.0346687 -0.994365 -27.303 -0.00421276 0.999369 0.0352675 0.269964 0.994961 0.00772212 -0.0999695 3.07852 
-0.101104 0.0397959 -0.99408 -28.1499 -0.0061408 0.999156 0.0406237 0.292703 0.994857 0.0102117 -0.100774 2.9802 
-0.101442 0.0397924 -0.994045 -28.983 -0.00738362 0.999142 0.0407499 0.304137 0.994814 0.0114735 -0.101062 2.86928 
-0.101571 0.0371956 -0.994133 -29.8124 -0.00695815 0.99925 0.0380979 0.306267 0.994804 0.010787 -0.101236 2.76509 
-0.102866 0.0341933 -0.994107 -30.6412 -0.00672588 0.999362 0.03507 0.328323 0.994673 0.0102938 -0.102571 2.68131 
-0.102471 0.0348688 -0.994125 -31.4957 -0.0074996 0.99933 0.0358244 0.351716 0.994708 0.0111265 -0.102141 2.56787 
-0.101982 0.0373009 -0.994087 -32.3456 -0.00706438 0.999244 0.0382192 0.372316 0.994761 0.0109203 -0.101642 2.45352 
-0.102661 0.0358759 -0.994069 -33.1604 -0.00848121 0.999282 0.0369399 0.379028 0.99468 0.0122232 -0.102283 2.37273 
-0.102479 0.0307826 -0.994259 -33.9831 -0.0110425 0.999424 0.0320807 0.386159 0.994674 0.0142667 -0.10208 2.27071 
-0.102466 0.0274267 -0.994358 -34.8108 -0.0121902 0.99951 0.028825 0.388188 0.994662 0.0150751 -0.102082 2.17387 
-0.102763 0.0275805 -0.994323 -35.6276 -0.0129374 0.999494 0.029061 0.401878 0.994622 0.0158504 -0.102354 2.09284 
-0.103599 0.0306138 -0.994148 -36.4487 -0.0110644 0.999429 0.0319294 0.407021 0.994558 0.0143076 -0.103201 2.01845 
-0.104012 0.0348255 -0.993966 -37.2696 -0.0096862 0.999304 0.0360261 0.426106 0.994529 0.0133749 -0.103602 1.93791 
-0.104193 0.0403678 -0.993738 -38.0996 -0.00861722 0.999102 0.0414892 0.443557 0.99452 0.0128862 -0.103751 1.85591 
-0.104505 0.0429823 -0.993595 -38.925 -0.00821795 0.998994 0.0440802 0.480019 0.99449 0.012772 -0.104047 1.75687 
-0.10478 0.0431439 -0.993559 -39.7536 -0.00755103 0.998995 0.0441763 0.491704 0.994467 0.0121312 -0.104349 1.66883 
-0.104094 0.0385886 -0.993819 -40.5744 -0.0075952 0.999187 0.0395926 0.511728 0.994539 0.0116696 -0.103716 1.56508 
-0.104269 0.0354041 -0.993919 -41.399 -0.00991256 0.99928 0.0366349 0.507337 0.9945 0.0136722 -0.103842 1.4716 
-0.104348 0.0326325 -0.994005 -42.23 -0.0127522 0.999336 0.0341461 0.526902 0.994459 0.0162389 -0.103863 1.36413 
-0.105217 0.0309838 -0.993967 -43.0652 -0.0148083 0.999355 0.0327194 0.540013 0.994339 0.0181616 -0.10469 1.25613 
-0.105614 0.0284994 -0.993999 -43.8837 -0.0141264 0.999445 0.0301566 0.552344 0.994307 0.0172266 -0.105153 1.15949 
-0.107155 0.0254065 -0.993918 -44.6819 -0.0106039 0.999587 0.0266947 0.556853 0.994186 0.0134 -0.106841 1.07203 
-0.107662 0.0237449 -0.993904 -45.4826 -0.00550015 0.999685 0.0244788 0.56991 0.994172 0.00810211 -0.107498 0.97318 
-0.109694 0.0271167 -0.993595 -46.3164 -0.00421842 0.999606 0.0277465 0.580626 0.993957 0.00723506 -0.109536 0.860608 
-0.112334 0.0328462 -0.993127 -47.1474 -0.00232061 0.999442 0.0333175 0.593403 0.993668 0.00604741 -0.112196 0.766721 
-0.113539 0.0363579 -0.992868 -47.9675 -0.000304897 0.999329 0.0366293 0.606527 0.993533 0.00446163 -0.113452 0.653611 
-0.114259 0.036167 -0.992793 -48.7678 -9.38033e-05 0.999337 0.0364162 0.608464 0.993451 0.00425403 -0.11418 0.53931 
-0.115753 0.0315601 -0.992777 -49.5791 -0.0031225 0.999479 0.0321373 0.626224 0.993273 0.00681997 -0.115594 0.422574 
-0.116032 0.0277943 -0.992857 -50.3614 -0.00925004 0.999535 0.0290622 0.63405 0.993202 0.0125562 -0.115721 0.301697 
-0.11824 0.0265463 -0.99263 -51.1552 -0.0125701 0.999523 0.0282279 0.641263 0.992906 0.0158152 -0.11785 0.196815 
-0.119463 0.0276313 -0.992454 -51.9497 -0.0139014 0.999468 0.0294999 0.651274 0.992741 0.0173207 -0.119015 0.0836849 
-0.121226 0.0294321 -0.992189 -52.7472 -0.013141 0.999425 0.0312523 0.655497 0.992538 0.016827 -0.12077 -0.0222304 
-0.121647 0.0286058 -0.992161 -53.5379 -0.0140363 0.999435 0.0305365 0.669948 0.992474 0.017641 -0.121177 -0.141317 
-0.121993 0.0286143 -0.992118 -54.332 -0.0136421 0.999442 0.030503 0.68032 0.992437 0.0172558 -0.121534 -0.276269 
-0.122784 0.0290989 -0.992007 -55.0939 -0.0121903 0.99945 0.0308261 0.709128 0.992359 0.0158779 -0.122362 -0.384884 
-0.12234 0.0323083 -0.991962 -55.8601 -0.0126045 0.999339 0.0341031 0.721888 0.992408 0.0166754 -0.121852 -0.496531 
-0.122665 0.0365554 -0.991775 -56.6273 -0.0135238 0.999167 0.0385005 0.729099 0.992356 0.0181353 -0.122068 -0.602115 
-0.123491 0.0389297 -0.991582 -57.4018 -0.0141479 0.99906 0.0409853 0.738968 0.992245 0.0190902 -0.122824 -0.714626 
-0.124786 0.0388414 -0.991423 -58.1987 -0.0142229 0.999061 0.0409308 0.756752 0.992082 0.0192085 -0.124117 -0.809945 
-0.126434 0.0362247 -0.991313 -58.932 -0.0116929 0.999209 0.0380046 0.780146 0.991906 0.0163965 -0.125911 -0.902562 
-0.126694 0.0330221 -0.991392 -59.6665 -0.0115792 0.999328 0.0347663 0.788831 0.991874 0.0158842 -0.126227 -1.00893 
-0.127652 0.0306186 -0.991346 -60.3611 -0.0119076 0.999404 0.0324007 0.791966 0.991748 0.0159407 -0.127211 -1.09165 
-0.128239 0.0283664 -0.991338 -61.0619 -0.011669 0.999479 0.0301089 0.803168 0.991675 0.0154291 -0.127841 -1.15893 
-0.12615 0.0272016 -0.991638 -61.7516 -0.0142479 0.999471 0.029229 0.809424 0.991909 0.0178161 -0.125696 -1.25301 
-0.122903 0.0281394 -0.99202 -62.417 -0.0134436 0.999459 0.0300159 0.815301 0.992328 0.0170254 -0.122458 -1.33594 
-0.118301 0.0293851 -0.992543 -63.0802 -0.0126006 0.999437 0.031091 0.82777 0.992898 0.0161848 -0.117864 -1.41183 
-0.112631 0.0310302 -0.993152 -63.7113 -0.0116212 0.999403 0.0325434 0.830984 0.993569 0.0152071 -0.112203 -1.46347 
-0.104681 0.0322272 -0.993984 -64.3382 -0.0118585 0.999363 0.0336505 0.841162 0.994435 0.0153098 -0.104232 -1.52661 
-0.0931744 0.033132 -0.995098 -64.9539 -0.0144904 0.999295 0.0346285 0.854038 0.995544 0.017646 -0.0926286 -1.59215 
-0.0790808 0.0343309 -0.996277 -65.5497 -0.0172266 0.999211 0.0357994 0.866054 0.996719 0.0199935 -0.0784269 -1.64128 
-0.0614192 0.0349523 -0.9975 -66.1244 -0.0171678 0.999202 0.036069 0.870008 0.997964 0.0193402 -0.0607701 -1.66728 
-0.0391395 0.0350043 -0.99862 -66.6893 -0.0171687 0.999215 0.035698 0.8835 0.999086 0.0185423 -0.0385078 -1.68708 
-0.0132435 0.0360728 -0.999261 -67.2389 -0.0168686 0.999199 0.0362941 0.881629 0.99977 0.0173368 -0.0126244 -1.69614 
0.015717 0.0364178 -0.999213 -67.7402 -0.0156054 0.999224 0.0361728 0.880475 0.999755 0.0150246 0.0162731 -1.66494 
0.0495566 0.0367407 -0.998095 -68.2186 -0.0141818 0.999248 0.036079 0.880264 0.998671 0.0123669 0.0500404 -1.61909 
0.08704 0.0368331 -0.995524 -68.7014 -0.0139948 0.999263 0.0357478 0.895236 0.996107 0.0108207 0.0874913 -1.55121 
0.128195 0.0362438 -0.991087 -69.1394 -0.0136003 0.999302 0.034785 0.909774 0.991656 0.00901987 0.128598 -1.46895 
0.1732 0.0377194 -0.984164 -69.5805 -0.0124633 0.99927 0.036105 0.907335 0.984808 0.00601257 0.173544 -1.35925 
0.22232 0.036188 -0.974302 -69.9852 -0.0095468 0.999344 0.0349397 0.915068 0.974927 0.00153371 0.22252 -1.24808 
0.273541 0.0324643 -0.961312 -70.3671 -0.00115433 0.999441 0.0334234 0.902874 0.96186 -0.00803294 0.273425 -1.11683 
0.325722 0.0269077 -0.945083 -70.7552 0.00327427 0.999557 0.0295872 0.918971 0.94546 -0.0127316 0.325489 -0.952323 
0.379432 0.0220686 -0.924956 -71.1446 0.00839617 0.999592 0.0272936 0.928596 0.925181 -0.0181221 0.379092 -0.764345 
0.431631 0.0224978 -0.90177 -71.5124 0.00725886 0.99957 0.0284122 0.92772 0.902021 -0.0188093 0.431282 -0.562883 
0.481926 0.0213554 -0.875952 -71.8726 0.00822058 0.999549 0.0288914 0.939612 0.876173 -0.0211243 0.481533 -0.344426 
0.526668 0.017015 -0.849901 -72.1997 0.0159346 0.999426 0.0298828 0.941475 0.849922 -0.0292811 0.526095 -0.0767546 
0.57244 0.01142 -0.819867 -72.5503 0.0256373 0.999165 0.0318177 0.948167 0.819546 -0.0392329 0.571669 0.199695 
0.616433 0.00593689 -0.787385 -72.8597 0.0271383 0.999217 0.0287803 0.955997 0.78694 -0.0391094 0.615789 0.487202 
0.659447 0.000548534 -0.751751 -73.1682 0.0242132 0.999465 0.0219695 0.960412 0.751361 -0.03269 0.659081 0.77119 
0.701333 -0.00639638 -0.712805 -73.4512 0.0201728 0.999737 0.0108769 0.96619 0.712548 -0.0220076 0.701278 1.08067 
0.742364 -0.00722375 -0.669958 -73.7211 0.0135077 0.9999 0.00418624 0.949946 0.669861 -0.0121573 0.742387 1.40683 
0.781034 -0.00993302 -0.62441 -73.9668 0.0127386 0.999919 2.72999e-05 0.966466 0.624359 -0.00797539 0.781097 1.77035 
0.816902 -0.0104645 -0.576682 -74.2205 0.0114703 0.999932 -0.00189652 0.971008 0.576662 -0.00506539 0.816967 2.16393 
0.849599 -0.00897975 -0.527353 -74.4662 0.00808668 0.999959 -0.00399917 0.965741 0.527367 -0.000866793 0.849637 2.57732 
0.877123 -0.00680832 -0.480217 -74.6845 0.00654398 0.999976 -0.00222466 0.962309 0.480221 -0.00119118 0.877147 3.03169 
0.900005 0.000422269 -0.43588 -74.9091 -0.00100778 0.999999 -0.00111216 0.950873 0.435879 0.00144026 0.900004 3.5079 
0.919039 0.00446199 -0.394142 -75.1167 -0.00596769 0.999979 -0.0025947 0.943921 0.394122 0.00473679 0.919046 3.9813 
0.933637 0.00976847 -0.358088 -75.3232 -0.0109699 0.999939 -0.00132392 0.941927 0.358053 0.0051643 0.933687 4.52042 
0.944312 0.00886109 -0.328932 -75.4876 -0.00916962 0.999958 0.000613182 0.928192 0.328923 0.00243719 0.944354 5.07817 
0.952377 0.00869302 -0.3048 -75.6616 -0.00831795 0.999962 0.002529 0.907216 0.30481 0.000126793 0.952413 5.64907 
0.958694 0.00924794 -0.284289 -75.8232 -0.00829634 0.999955 0.00455112 0.904651 0.284318 -0.00200452 0.958728 6.2299 
0.963954 0.0120398 -0.265796 -75.9924 -0.0102674 0.999915 0.00805674 0.883779 0.26587 -0.00503726 0.963996 6.82575 
0.967918 0.016616 -0.250716 -76.1656 -0.0146676 0.999846 0.00963821 0.881519 0.250837 -0.00565156 0.968013 7.44565 
0.971201 0.0203508 -0.237392 -76.333 -0.0182172 0.999772 0.011178 0.873507 0.237565 -0.00653141 0.97135 8.10369 
0.974632 0.0197882 -0.222936 -76.5049 -0.0178338 0.999783 0.0107764 0.870406 0.223101 -0.0065272 0.974774 8.7238 
0.977593 0.0195192 -0.209598 -76.6441 -0.017619 0.999785 0.0109292 0.863775 0.209766 -0.00699138 0.977727 9.39551 
0.980587 0.0200246 -0.195062 -76.7857 -0.0181803 0.999772 0.0112403 0.866454 0.195242 -0.00747572 0.980727 10.0738 
0.983495 0.0211582 -0.179693 -76.9447 -0.0193651 0.999744 0.011727 0.862155 0.179895 -0.00805365 0.983653 10.7776 
0.985534 0.0213751 -0.168126 -77.0502 -0.020264 0.99976 0.0083214 0.871631 0.168264 -0.00479406 0.98573 11.4811 
0.987406 0.020791 -0.156835 -77.1769 -0.0205906 0.999784 0.00290271 0.864826 0.156862 0.000363225 0.987621 12.191 
0.98893 0.0190316 -0.147157 -77.3001 -0.0197333 0.9998 -0.00331024 0.858657 0.147065 0.00617754 0.989108 12.934 
0.990291 0.018161 -0.13782 -77.4345 -0.0187082 0.999821 -0.00267627 0.83927 0.137746 0.00522868 0.990454 13.6825 
0.991159 0.021895 -0.130863 -77.5531 -0.021632 0.99976 0.00343082 0.833217 0.130907 -0.000569619 0.991395 14.408 
0.99154 0.0253472 -0.127304 -77.6396 -0.0238581 0.999628 0.0132089 0.790595 0.127591 -0.0100599 0.991776 15.1712 
0.992258 0.0238304 -0.121888 -77.7638 -0.0219967 0.999624 0.0163673 0.791199 0.122232 -0.0135594 0.992409 15.9433 
0.992682 0.0234309 -0.118459 -77.8611 -0.0217289 0.999642 0.0156388 0.779365 0.118783 -0.0129503 0.992836 16.6948 
0.99303 0.0232717 -0.115541 -77.9537 -0.0217207 0.999657 0.0146645 0.777209 0.115843 -0.0120526 0.993194 17.4495 
0.993316 0.0224572 -0.113225 -78.0313 -0.0207026 0.999647 0.0166489 0.771935 0.113558 -0.0141935 0.99343 18.1909 
0.993609 0.0193498 -0.111206 -78.1233 -0.0173499 0.99967 0.0189232 0.776832 0.111536 -0.0168728 0.993617 18.9592 
0.993968 0.0178648 -0.108208 -78.2153 -0.0156682 0.999654 0.0211156 0.768707 0.108548 -0.0192927 0.993904 19.705 
0.994308 0.0178852 -0.105032 -78.3158 -0.0161885 0.999725 0.0169843 0.771498 0.105306 -0.0151872 0.994324 20.4519 
0.994504 0.0181483 -0.103118 -78.4143 -0.0172141 0.999802 0.0099414 0.768919 0.103278 -0.00811163 0.994619 21.2065 
0.994578 0.0163884 -0.102697 -78.4982 -0.0162245 0.999865 0.0024309 0.764226 0.102723 -0.000751477 0.99471 21.9569 
0.99469 0.017925 -0.101344 -78.5903 -0.0182026 0.999833 -0.00181597 0.755645 0.101294 0.00365109 0.99485 22.7024 
0.994968 0.0187532 -0.0984277 -78.6918 -0.0188971 0.999821 -0.000529749 0.749987 0.0984001 0.00238712 0.995144 23.4477 
0.995021 0.0217493 -0.0972594 -78.7682 -0.0215156 0.999763 0.00345007 0.741141 0.0973113 -0.00134025 0.995253 24.1976 
0.995088 0.0259413 -0.0955392 -78.8556 -0.0252258 0.999644 0.00868949 0.728082 0.0957306 -0.00623671 0.995388 24.9623 
0.995399 0.0240881 -0.0927425 -78.9557 -0.0233219 0.999684 0.00933614 0.737547 0.0929381 -0.00713021 0.995646 25.7343 
0.995598 0.0204182 -0.0914732 -79.0368 -0.019689 0.999767 0.00886624 0.735153 0.0916328 -0.00702616 0.995768 26.4925 
0.995722 0.018018 -0.0906224 -79.1134 -0.0173441 0.999816 0.0082181 0.728441 0.0907538 -0.00661114 0.995851 27.2325 
0.995789 0.0155893 -0.0903394 -79.1862 -0.0150645 0.999866 0.00648843 0.722763 0.0904284 -0.00510015 0.99589 27.9717 
0.995879 0.0135887 -0.0896656 -79.258 -0.0131348 0.999898 0.00565011 0.706975 0.0897332 -0.00444904 0.995956 28.7217 
0.995966 0.0100214 -0.0891697 -79.3434 -0.00954623 0.999938 0.00575384 0.69963 0.0892218 -0.00487935 0.996 29.4904 
0.996006 0.0125206 -0.0884053 -79.4378 -0.0119622 0.999905 0.00684234 0.688328 0.0884825 -0.00575744 0.996061 30.2639 
0.995974 0.0102631 -0.0890566 -79.5141 -0.00982352 0.999937 0.00537291 0.676096 0.0891061 -0.00447639 0.996012 31.0257 
0.99588 0.0107045 -0.0900434 -79.6091 -0.010265 0.999933 0.00534184 0.671259 0.0900945 -0.00439549 0.995924 31.7972 
0.995835 0.0114402 -0.0904581 -79.7244 -0.0109395 0.999922 0.00602867 0.674321 0.09052 -0.00501394 0.995882 32.5623 
0.99555 0.00823961 -0.0938737 -79.8323 -0.00766002 0.999949 0.00653238 0.643097 0.0939227 -0.00578419 0.995563 33.2448 
0.995399 0.0132972 -0.0948874 -79.9516 -0.0127545 0.999899 0.0063228 0.641029 0.0949618 -0.00508342 0.995468 34.0251 
0.99505 0.0138576 -0.0984068 -80.0412 -0.0137992 0.999904 0.00127316 0.631344 0.098415 9.11174e-05 0.995145 34.8035 
0.994906 0.0144601 -0.0997614 -80.1578 -0.0147287 0.99989 -0.00195598 0.619651 0.099722 0.00341541 0.99501 35.5804 
0.994588 0.013584 -0.103011 -80.2401 -0.014138 0.999889 -0.00465041 0.62154 0.102936 0.00608165 0.994669 36.3967 
0.994369 0.0133599 -0.105126 -80.3412 -0.0137063 0.999903 -0.00257381 0.604841 0.105081 0.00400025 0.994456 37.2144 
0.994279 0.0120252 -0.106136 -80.4628 -0.0123592 0.999921 -0.00249031 0.593808 0.106098 0.00378786 0.994349 38.034 
0.993973 0.00998701 -0.109168 -80.5531 -0.0100912 0.999949 -0.000402624 0.573232 0.109158 0.00150188 0.994023 38.8689 
0.993937 0.00903417 -0.109578 -80.6743 -0.00873132 0.999957 0.00324291 0.561218 0.109603 -0.00226644 0.993973 39.6918 
0.993864 0.00843435 -0.11029 -80.7982 -0.00759977 0.999939 0.00798495 0.546221 0.110351 -0.00709773 0.993867 40.5007 
0.993807 0.00951608 -0.110709 -80.8819 -0.00841762 0.999911 0.0103849 0.53726 0.110797 -0.00938863 0.993799 41.3748 
0.993997 0.0130758 -0.108621 -80.9923 -0.011992 0.999872 0.0106242 0.525624 0.108746 -0.00925784 0.994027 42.2259 
0.994301 0.0120687 -0.105926 -81.1058 -0.0110674 0.999888 0.0100347 0.509897 0.106035 -0.0088051 0.994323 43.0929 
0.994442 0.00816035 -0.104967 -81.2072 -0.00740716 0.999944 0.00756297 0.502397 0.105022 -0.00674339 0.994447 43.9264 
0.994678 0.00572401 -0.102877 -81.3071 -0.00519219 0.999972 0.00543621 0.495674 0.102905 -0.00487308 0.994679 44.8057 
0.994804 0.00549087 -0.101656 -81.4017 -0.00507693 0.999978 0.00432983 0.502804 0.101678 -0.00379119 0.99481 45.6976 
0.994897 0.0026646 -0.100861 -81.5044 -0.00191297 0.99997 0.00754766 0.47991 0.100878 -0.00731615 0.994872 46.5696 
0.995 -0.000903399 -0.0998708 -81.5999 0.00191091 0.999948 0.00999251 0.467701 0.0998566 -0.0101334 0.99495 47.4383 
0.995172 -0.000834995 -0.0981458 -81.7217 0.00188814 0.999942 0.0106376 0.450834 0.0981312 -0.0107715 0.995115 48.2736 
0.995337 0.000664967 -0.0964529 -81.849 0.000104704 0.999968 0.00797407 0.436113 0.0964551 -0.00794694 0.995306 49.0949 
0.995295 0.000880542 -0.0968826 -81.9446 -0.000572468 0.999995 0.00320721 0.405395 0.0968849 -0.00313662 0.995291 49.956 
0.995451 0.00346842 -0.095217 -82.0501 -0.00371231 0.99999 -0.00238486 0.397545 0.0952078 0.00272753 0.995454 50.7869 
0.995503 0.00630092 -0.0945179 -82.1489 -0.00712313 0.99994 -0.00836452 0.381587 0.0944595 0.00900021 0.995488 51.6368 
0.995537 0.00720549 -0.094102 -82.2475 -0.00806065 0.99993 -0.00871101 0.3546 0.0940325 0.0094307 0.995524 52.4769 
0.995584 0.00444853 -0.0937752 -82.3452 -0.00469662 0.999986 -0.00242546 0.335124 0.0937631 0.00285522 0.99559 53.3283 
0.995546 0.00441474 -0.094171 -82.4447 -0.00380695 0.999971 0.00663241 0.313933 0.0941975 -0.00624432 0.995534 54.159 
0.995443 0.00266157 -0.0953258 -82.5459 -0.00144601 0.999917 0.012818 0.322766 0.095352 -0.0126217 0.995364 55.0147 
0.995231 0.000794049 -0.0975438 -82.6464 0.000278377 0.99994 0.0109798 0.313585 0.0975466 -0.0109545 0.995171 55.8601 
0.995101 -0.00416282 -0.0987727 -82.753 0.00488753 0.999963 0.00709596 0.30883 0.0987394 -0.00754391 0.995085 56.6912 
0.994891 -0.00532714 -0.100812 -82.8667 0.00590154 0.999968 0.00539994 0.297721 0.10078 -0.00596726 0.994891 57.5043 
0.994518 -0.00514114 -0.104436 -82.9597 0.00554972 0.999978 0.00362167 0.275056 0.104415 -0.00418136 0.994525 58.3178 
0.994256 -0.00303371 -0.106986 -83.0733 0.00303072 0.999995 -0.000190948 0.265596 0.106986 -0.000134347 0.994261 59.1148 
0.993822 -0.00205869 -0.110965 -83.1848 0.00172639 0.999994 -0.00309098 0.244785 0.110971 0.00288036 0.99382 59.9243 
0.993422 0.000203257 -0.11451 -83.2928 -0.000981603 0.999977 -0.00674121 0.230862 0.114505 0.00680932 0.993399 60.7306 
0.993014 0.00333529 -0.117948 -83.4143 -0.00419502 0.999966 -0.00704188 0.206718 0.117921 0.00748752 0.992995 61.5109 
0.992573 0.0080556 -0.121387 -83.5362 -0.00869193 0.999951 -0.00471386 0.186059 0.121343 0.00573398 0.992594 62.3132 
0.992122 0.0117748 -0.124723 -83.6618 -0.0116686 0.999931 0.00158162 0.162587 0.124733 -0.000113765 0.99219 63.1113 
0.991616 0.0124113 -0.12862 -83.7895 -0.011681 0.999911 0.00643016 0.153393 0.128688 -0.0048738 0.991673 63.9033 
0.991186 0.012217 -0.131912 -83.9407 -0.0108593 0.99988 0.0110073 0.123232 0.13203 -0.00947777 0.9912 64.516 
0.990356 0.0131597 -0.137922 -84.0722 -0.0116494 0.999863 0.0117519 0.120752 0.138058 -0.0100318 0.990373 65.2983 
0.989569 0.0113951 -0.143612 -84.2042 -0.00934066 0.999844 0.0149711 0.124654 0.14376 -0.0134735 0.989521 66.097 
0.988683 0.00980433 -0.149699 -84.3472 -0.00783844 0.999875 0.0137165 0.139851 0.149814 -0.0123878 0.988637 66.8914 
0.987712 0.0139395 -0.155664 -84.5013 -0.012044 0.999842 0.0131129 0.140333 0.155822 -0.0110769 0.987723 67.6584 
0.986622 0.0145456 -0.162376 -84.6448 -0.0131578 0.999867 0.00961903 0.129816 0.162494 -0.00735379 0.986682 68.4234 
0.985837 0.0150205 -0.167033 -84.8189 -0.0141758 0.99988 0.00624845 0.127645 0.167107 -0.00379208 0.985931 69.1467 
0.984926 0.0175538 -0.172086 -84.9761 -0.0169791 0.999844 0.00481069 0.123021 0.172144 -0.00181626 0.98507 69.8916 
0.983987 0.0191267 -0.177214 -85.1244 -0.0177762 0.9998 0.00920516 0.130041 0.177354 -0.00590752 0.984129 70.6443 
0.982992 0.0188252 -0.182683 -85.3023 -0.016898 0.999784 0.0121002 0.131991 0.182872 -0.00880734 0.983097 71.3689 
0.981874 0.019933 -0.188483 -85.4705 -0.017634 0.999748 0.0138659 0.128458 0.188712 -0.0102909 0.981979 72.1143 
0.980594 0.0164417 -0.195358 -85.6261 -0.0146062 0.999835 0.0108324 0.110268 0.195504 -0.00776872 0.980672 72.8453 
0.978756 0.0150331 -0.204479 -85.787 -0.0145408 0.999887 0.0039101 0.0980158 0.204514 -0.000853712 0.978863 73.5834 
0.976945 0.0152304 -0.212948 -85.9647 -0.0152391 0.999883 0.00160032 0.0982156 0.212948 0.00168177 0.977062 74.2716 
0.974721 0.0144073 -0.222963 -86.1625 -0.013891 0.999896 0.00388369 0.0935509 0.222995 -0.000688298 0.974819 75.0083 
0.972141 0.0153974 -0.233891 -86.3594 -0.0134808 0.999861 0.00979058 0.0895184 0.234009 -0.00636474 0.972214 75.7404 
0.969141 0.0180754 -0.245842 -86.5616 -0.0140139 0.999735 0.01826 0.0767077 0.246107 -0.0142513 0.969138 76.446 
0.966233 0.0196523 -0.256919 -86.7777 -0.0146348 0.999663 0.0214272 0.0719454 0.257254 -0.0169437 0.966195 77.1697 
0.962409 0.0180261 -0.271006 -86.9668 -0.0134915 0.999736 0.0185859 0.0302102 0.27127 -0.0142309 0.962398 77.9227 
0.959229 0.0213382 -0.281822 -87.2084 -0.0198638 0.99977 0.00808778 0.0616019 0.28193 -0.00215992 0.959433 78.6323 
0.955627 0.0160303 -0.294144 -87.4446 -0.0159186 0.999869 0.00277383 0.0571111 0.29415 0.00203168 0.955757 79.3222 
0.951836 0.0161007 -0.306185 -87.6975 -0.0147909 0.999869 0.0065975 0.0727536 0.306251 -0.00175094 0.951949 80.0499 
0.947939 0.0152361 -0.318087 -87.9498 -0.0113584 0.999837 0.0140417 0.0551925 0.318249 -0.0096977 0.947958 80.7385 
0.943902 0.0147976 -0.329894 -88.22 -0.00913547 0.999783 0.0187071 0.0604887 0.330099 -0.0146439 0.943833 81.432 
0.939547 0.0119157 -0.342213 -88.4917 -0.00668758 0.999842 0.0164531 0.0612275 0.342355 -0.0131698 0.939479 82.1258 
0.935184 0.00982776 -0.354027 -88.7657 -0.00590303 0.999909 0.0121641 0.050272 0.354114 -0.00928576 0.935156 82.8284 
0.931444 0.00458529 -0.363856 -89.0448 -0.00328193 0.999986 0.00420019 0.0529675 0.36387 -0.00271804 0.931446 83.5157 
0.928178 0.00182141 -0.372132 -89.3328 -0.00233488 0.999997 -0.000929276 0.0427064 0.372129 0.00173147 0.928179 84.207 
0.925518 0.000677121 -0.378704 -89.64 -0.00184986 0.999995 -0.00273299 0.0299391 0.3787 0.00323003 0.925514 84.9013 
0.922566 0.00684378 -0.385778 -89.962 -0.00843966 0.999961 -0.00244353 0.0091176 0.385746 0.0055102 0.922588 85.5712 
0.919322 0.00562577 -0.393466 -90.2896 -0.0059221 0.999982 0.00046083 -0.0210096 0.393461 0.00190654 0.919339 86.2593 
0.916059 0.00829118 -0.400958 -90.6268 -0.00595333 0.999957 0.00707603 -0.0412161 0.401 -0.00409498 0.916069 86.9769 
0.913018 0.00969395 -0.407805 -90.9508 -0.00403942 0.999883 0.0147245 -0.0440409 0.4079 -0.0117964 0.91295 87.6718 
0.910568 0.0198093 -0.412884 -91.3022 -0.0122544 0.999706 0.0209381 -0.0457244 0.413177 -0.0140059 0.910543 88.3555 
0.908435 0.0255636 -0.417244 -91.6716 -0.0206289 0.999654 0.0163326 -0.0334301 0.417517 -0.00622981 0.908648 89.0269 
0.906379 0.0228501 -0.421847 -92.0288 -0.0207516 0.999739 0.00956586 -0.0389154 0.421955 8.37295e-05 0.906617 89.6965 
0.903569 0.0150659 -0.428178 -92.328 -0.0156292 0.999875 0.00219999 -0.0454518 0.428158 0.00470427 0.903692 90.3734 
0.90143 0.0151028 -0.432661 -92.6564 -0.0157414 0.999874 0.0021059 -0.0669669 0.432638 0.00491241 0.901554 91.037 
0.898214 0.0201034 -0.439099 -92.9904 -0.0187699 0.999797 0.00737845 -0.0832376 0.439158 0.00161446 0.898409 91.7352 
0.895597 0.0223582 -0.444303 -93.3576 -0.0193488 0.999749 0.0113071 -0.0829428 0.444444 -0.00152984 0.895805 92.4317 
0.892762 0.0171386 -0.450202 -93.6956 -0.0147049 0.999852 0.00890268 -0.0943216 0.450288 -0.00132774 0.892882 93.125 
0.890427 0.0158736 -0.454849 -94.0574 -0.0160671 0.999865 0.00344044 -0.113371 0.454842 0.00424469 0.890562 93.79 
0.887847 0.0123913 -0.459973 -94.4221 -0.0155034 0.999875 -0.00298927 -0.125749 0.459878 0.00978522 0.887928 94.4693 
0.885706 0.0132328 -0.464058 -94.8182 -0.0169849 0.999848 -0.00390649 -0.147149 0.463936 0.011342 0.885796 95.1462 
0.882975 0.0168837 -0.469116 -95.1751 -0.0185119 0.999828 0.001141 -0.175303 0.469055 0.0076768 0.883136 95.825 
0.880781 0.0183824 -0.473168 -95.5521 -0.0193896 0.999808 0.00274939 -0.179005 0.473127 0.00675296 0.880968 96.4923 
0.877878 0.0209355 -0.478427 -95.9283 -0.020853 0.999768 0.00548517 -0.215613 0.47843 0.00516137 0.87811 97.1846 
0.875232 0.0178376 -0.483375 -96.3026 -0.0181655 0.999827 0.00400406 -0.219905 0.483363 0.00527633 0.875404 97.847 
0.872854 0.0164264 -0.487704 -96.6838 -0.016747 0.999853 0.00370354 -0.233153 0.487693 0.00493499 0.873001 98.5088 
0.869431 0.0146506 -0.493837 -97.0413 -0.0142102 0.999888 0.00464548 -0.254961 0.49385 0.00297866 0.869542 99.1604 
0.867261 0.0170997 -0.497561 -97.4501 -0.0170191 0.999844 0.00469702 -0.257942 0.497564 0.00439454 0.867416 99.8136 
0.864655 0.0185764 -0.502023 -97.8491 -0.018459 0.999816 0.00520353 -0.26964 0.502027 0.00476766 0.864839 100.476 
0.861892 0.0144164 -0.506887 -98.2424 -0.0168574 0.999858 -0.000226671 -0.269665 0.506811 0.0087402 0.862013 101.121 
0.859668 0.0113825 -0.510727 -98.6445 -0.0155955 0.999871 -0.00396675 -0.29074 0.510616 0.0113752 0.859734 101.753 
0.857873 0.00965342 -0.51377 -99.0472 -0.01596 0.999842 -0.00786301 -0.288838 0.513613 0.0149453 0.857892 102.369 
0.856004 0.0108508 -0.516855 -99.4521 -0.0159611 0.999858 -0.00544359 -0.280533 0.516723 0.0129094 0.856055 102.999 
0.854244 0.0167307 -0.519603 -99.8581 -0.0165113 0.999851 0.00504908 -0.311276 0.51961 0.0042662 0.854393 103.607 
0.851678 0.0187989 -0.523729 -100.225 -0.0134428 0.999811 0.0140271 -0.319129 0.523894 -0.00490607 0.85177 104.23 
0.850076 0.0185649 -0.526333 -100.609 -0.0108081 0.999783 0.0178084 -0.312537 0.52655 -0.00944973 0.850092 104.823 
0.849106 0.0164824 -0.527965 -101.005 -0.00838071 0.999808 0.0177344 -0.317558 0.528155 -0.0106336 0.849081 105.39 
0.847309 0.0137556 -0.530922 -101.375 -0.00776879 0.999879 0.0135074 -0.315315 0.531044 -0.00732025 0.847313 105.956 
0.845098 0.0135189 -0.534441 -101.729 -0.00945736 0.999902 0.0103382 -0.313911 0.534529 -0.00368232 0.845142 106.513 
0.844232 0.0124952 -0.535833 -102.099 -0.0096266 0.99992 0.00815014 -0.302745 0.535892 -0.00172231 0.844285 107.033 
0.842511 0.0130518 -0.538521 -102.439 -0.0106744 0.999915 0.00753431 -0.294195 0.538573 -0.000599303 0.842578 107.562 
0.841767 0.0152111 -0.539627 -102.795 -0.0126184 0.999884 0.00850137 -0.284931 0.539694 -0.00034687 0.841861 108.064 
0.840421 0.0154731 -0.541713 -103.126 -0.0126332 0.99988 0.00896047 -0.279586 0.541787 -0.000686953 0.840516 108.555 
0.839534 0.0155304 -0.543085 -103.461 -0.0127687 0.999879 0.00885441 -0.272916 0.543157 -0.000499025 0.839631 109.015 
0.838464 0.0133107 -0.544794 -103.771 -0.0100296 0.999909 0.0089943 -0.275347 0.544864 -0.0020773 0.838522 109.477 
0.837346 0.0130038 -0.546519 -104.056 -0.0112383 0.999915 0.00657321 -0.261475 0.546558 0.000637933 0.837421 109.896 
0.835945 0.0110273 -0.548703 -104.345 -0.0103074 0.999937 0.00439232 -0.288293 0.548717 0.00198404 0.836006 110.309 
0.833995 0.00753716 -0.55172 -104.613 -0.00947906 0.999955 -0.000668263 -0.273011 0.55169 0.00578716 0.834029 110.704 
0.832408 0.0040787 -0.554148 -104.885 -0.00741708 0.999965 -0.0037815 -0.26168 0.554113 0.00725796 0.83241 111.07 
0.828621 0.000103134 -0.55981 -105.098 -0.00238255 0.999992 -0.00334244 -0.269191 0.559804 0.00410344 0.828615 111.444 
0.825355 0.00101235 -0.564613 -105.359 -0.00212152 0.999997 -0.00130831 -0.289194 0.56461 0.00227771 0.825355 111.781 
0.82184 0.0042991 -0.569702 -105.617 -0.00568754 0.999984 -0.000658677 -0.275619 0.56969 0.00378158 0.821851 112.105 
0.818116 0.011158 -0.574945 -105.85 -0.0101155 0.999936 0.00501183 -0.292434 0.574964 0.00171567 0.818177 112.403 
0.813502 0.0172991 -0.581305 -106.066 -0.0119073 0.999843 0.0130909 -0.31626 0.58144 -0.0037276 0.813581 112.708 
0.808781 0.0192768 -0.587794 -106.279 -0.0113351 0.999788 0.0171916 -0.32905 0.588 -0.00724148 0.808828 112.971 
0.802335 0.0161843 -0.596654 -106.459 -0.00680312 0.999815 0.0179717 -0.320174 0.596835 -0.0103602 0.802297 113.24 
0.795332 0.0141779 -0.606008 -106.656 -0.00326588 0.999812 0.0191049 -0.326859 0.606165 -0.0132156 0.795229 113.476 
0.785534 0.0123199 -0.618696 -106.827 0.000318894 0.999794 0.0203134 -0.32749 0.618819 -0.0161541 0.785368 113.696 
0.775373 0.0133822 -0.631361 -107.031 -0.000309051 0.999783 0.0208116 -0.325396 0.631503 -0.0159416 0.77521 113.9 
0.762896 0.0142049 -0.646365 -107.223 -0.00188096 0.999803 0.0197522 -0.320032 0.646519 -0.0138531 0.762772 114.082 
0.749436 0.0114223 -0.661978 -107.419 -0.0013704 0.999876 0.0157012 -0.298183 0.662076 -0.0108598 0.749358 114.238 
0.733078 0.0115202 -0.680047 -107.536 -0.00394758 0.999912 0.0126834 -0.330693 0.680133 -0.0066133 0.733059 114.383 
0.718144 0.00731518 -0.695856 -107.709 -0.00310177 0.999969 0.00731101 -0.3286 0.695888 -0.00309192 0.718144 114.516 
0.702266 0.00524657 -0.711896 -107.863 -0.00644423 0.999979 0.00101262 -0.293498 0.711886 0.00387655 0.702284 114.645 
0.685056 0.00945372 -0.72843 -108.02 -0.0136744 0.999907 0.000116847 -0.302745 0.728362 0.00988082 0.685121 114.781 
0.667951 0.0103419 -0.744133 -108.214 -0.0161711 0.999869 -0.00061951 -0.289931 0.74403 0.0124473 0.668031 114.901 
0.648359 0.010354 -0.761265 -108.371 -0.0136176 0.999905 0.0020018 -0.303279 0.761213 0.00906875 0.648438 115.02 
0.628673 0.00878102 -0.777621 -108.58 -0.0104526 0.999941 0.00284102 -0.295433 0.7776 0.00634213 0.628727 115.152 
0.606318 0.0106071 -0.795152 -108.765 -0.0111023 0.999927 0.00487302 -0.288583 0.795145 0.00587344 0.606391 115.251 
0.581343 0.0151288 -0.813518 -108.956 -0.0152719 0.999854 0.0076806 -0.281554 0.813515 0.00795897 0.581489 115.36 
0.55648 0.0199898 -0.830621 -109.153 -0.0179227 0.999767 0.012053 -0.286418 0.830668 0.00817982 0.556708 115.45 
0.530665 0.0222392 -0.84729 -109.351 -0.0193951 0.999713 0.0140925 -0.2818 0.84736 0.00895492 0.530944 115.541 
0.503598 0.0242127 -0.863599 -109.549 -0.0224721 0.999636 0.0149224 -0.265118 0.863646 0.011892 0.503959 115.631 
0.477378 0.028145 -0.878247 -109.766 -0.0270516 0.999484 0.0173261 -0.258752 0.878282 0.015487 0.477893 115.688 
0.450752 0.0313533 -0.892098 -109.977 -0.0293112 0.999364 0.0203131 -0.255673 0.892168 0.0169923 0.451384 115.734 
0.419963 0.0290896 -0.907075 -110.197 -0.0298422 0.999388 0.0182335 -0.234619 0.90705 0.0194118 0.420574 115.815 
0.388176 0.0264091 -0.921207 -110.438 -0.0289707 0.999445 0.0164444 -0.236116 0.92113 0.0203047 0.388726 115.861 
0.352035 0.0219246 -0.93573 -110.677 -0.0292221 0.999496 0.0124249 -0.230613 0.935531 0.0229701 0.352498 115.936 
0.312677 0.0202657 -0.949643 -110.927 -0.0286274 0.999519 0.0119043 -0.239249 0.949428 0.0234637 0.313106 115.985 
0.27198 0.0227122 -0.962035 -111.202 -0.0274802 0.999497 0.0158276 -0.27549 0.96191 0.0221322 0.272468 116.015 
0.226966 0.0193471 -0.973711 -111.508 -0.0279212 0.999521 0.0133517 -0.253111 0.973502 0.0241568 0.227397 116.066 
0.181804 0.0162332 -0.983201 -111.787 -0.027171 0.999565 0.0114792 -0.236843 0.982959 0.0246276 0.182166 116.058 
0.132021 0.0128227 -0.991164 -112.121 -0.0262886 0.99961 0.00943039 -0.211887 0.990898 0.0248113 0.132306 116.07 
0.081524 0.0141447 -0.996571 -112.468 -0.0246666 0.999622 0.0121701 -0.226211 0.996366 0.0235899 0.0818421 116.052 
0.0279162 0.0127654 -0.999529 -112.829 -0.0262813 0.999582 0.0120321 -0.196342 0.999265 0.0259331 0.02824 116.051 
-0.0233228 0.0157998 -0.999603 -113.182 -0.0234551 0.999591 0.0163469 -0.192031 0.999453 0.0238271 -0.0229426 115.973 
-0.0774266 0.0176274 -0.996842 -113.543 -0.0175822 0.999664 0.0190429 -0.178158 0.996843 0.0190012 -0.0770907 115.915 
-0.130917 0.0223445 -0.991142 -113.904 -0.0120952 0.999636 0.0241337 -0.209772 0.99132 0.0151476 -0.130599 115.834 
-0.18355 0.0236419 -0.982726 -114.306 -0.00918144 0.999626 0.0257633 -0.203318 0.982967 0.0137517 -0.183265 115.713 
-0.23419 0.0265327 -0.971829 -114.712 -0.00687003 0.999557 0.0289453 -0.207868 0.972167 0.0134552 -0.233904 115.568 
-0.283666 0.0256204 -0.958581 -115.136 -0.00560581 0.999582 0.0283751 -0.176346 0.958907 0.0134227 -0.283404 115.407 
-0.331409 0.0274834 -0.943087 -115.551 -0.000736258 0.999568 0.0293881 -0.171837 0.943487 0.0104339 -0.331246 115.209 
-0.377617 0.0292787 -0.925499 -115.967 0.00437133 0.999545 0.0298376 -0.159745 0.925951 0.00722156 -0.377574 115.001 
-0.421457 0.0316976 -0.906295 -116.39 0.0104882 0.999493 0.0300798 -0.147798 0.906788 0.00317199 -0.421575 114.761 
-0.4628 0.0329001 -0.885852 -116.819 0.0138732 0.999458 0.0298715 -0.139771 0.886354 0.00153496 -0.463006 114.491 
