1 2.12261e-08 -2.11895e-08 0 2.12261e-08 1 2.10703e-08 0 -2.11895e-08 2.10703e-08 1 0 
0.999923 -0.00218115 0.0122275 -0.0108821 0.00216576 0.999997 0.00127562 -0.000583015 -0.0122302 -0.001249 0.999924 0.303808 
0.999838 -0.00439417 0.0174813 0.0287005 0.00437707 0.99999 0.00101867 -0.00949305 -0.0174856 -0.000941948 0.999847 0.583817 
0.999798 -0.00756141 0.0186005 0.0474966 0.00755988 0.999971 0.000155077 -0.0227943 -0.0186012 -1.43863e-05 0.999827 0.879676 
0.999827 -0.00945226 0.0160147 0.0578938 0.00949369 0.999952 -0.00251077 -0.00757034 -0.0159902 0.00266242 0.999869 1.20379 
0.999894 -0.0123128 0.00779691 0.0852531 0.0123432 0.999916 -0.00386072 -0.012005 -0.00774877 0.00395659 0.999962 1.49928 
0.999885 -0.0144646 -0.00448549 0.0738408 0.0144402 0.999881 -0.00543662 -0.0173226 0.00456356 0.00537127 0.999975 1.82092 
0.999701 -0.0128558 -0.0207875 0.035689 0.0127327 0.999901 -0.00604485 -0.0198485 0.0208631 0.0057784 0.999766 2.14618 
0.999115 -0.00821609 -0.0412426 0.0173207 0.00796154 0.999948 -0.00633356 -0.0201482 0.0412924 0.00599965 0.999129 2.48885 
0.998063 -0.00471267 -0.06203 -0.0194382 0.00425221 0.999962 -0.0075537 -0.0290047 0.0620632 0.00727535 0.998046 2.85788 
0.996617 -0.00452535 -0.082057 -0.0627574 0.00399709 0.99997 -0.00660138 -0.0493074 0.0820844 0.0062511 0.996606 3.23303 
0.994667 -0.00612056 -0.10296 -0.1319 0.00546734 0.999963 -0.00662578 -0.0432938 0.102997 0.00602757 0.994663 3.61486 
0.992438 -0.00744794 -0.122519 -0.198536 0.00674867 0.999959 -0.00612176 -0.0495807 0.122559 0.00524868 0.992447 3.98997 
0.989925 -0.00688927 -0.141424 -0.260841 0.00607362 0.999962 -0.00619854 -0.0483906 0.141462 0.00527718 0.98993 4.39947 
0.98749 -0.00599499 -0.15757 -0.344044 0.00516557 0.999971 -0.00567307 -0.0477743 0.157599 0.0047882 0.987492 4.81762 
0.985265 -0.00458147 -0.170972 -0.429794 0.00347492 0.999971 -0.00677105 -0.0485956 0.170999 0.00607721 0.985253 5.23599 
0.983735 -0.00329078 -0.179596 -0.601939 0.00156758 0.999951 -0.00973618 -0.0441449 0.179619 0.00929634 0.983692 5.58185 
0.981925 -0.00934188 -0.189041 -0.712125 0.00763638 0.999923 -0.00974841 -0.0749345 0.189118 0.00812866 0.981921 6.01982 
0.980486 -0.00908088 -0.196379 -0.826257 0.00715441 0.999919 -0.0105174 -0.102414 0.196459 0.00890718 0.980472 6.46308 
0.978979 -0.00958995 -0.203734 -0.941571 0.00721546 0.999897 -0.0123947 -0.110555 0.203832 0.0106642 0.978948 6.94644 
0.977129 -0.00957057 -0.212433 -1.05729 0.0066249 0.999872 -0.014574 -0.124775 0.212545 0.0128334 0.977067 7.41831 
0.975466 -0.0140885 -0.219699 -1.18666 0.0104179 0.999786 -0.0178571 -0.124336 0.219904 0.0151303 0.975404 7.91777 
0.974212 -0.0197338 -0.224771 -1.35384 0.0161838 0.999714 -0.017626 -0.152646 0.225054 0.0135338 0.974252 8.3688 
0.971819 -0.0204485 -0.234838 -1.48801 0.0156957 0.999633 -0.02209 -0.156947 0.235204 0.0177815 0.971784 8.88052 
0.969539 -0.0166618 -0.24437 -1.63127 0.010654 0.999608 -0.0258861 -0.172874 0.244705 0.0224941 0.969337 9.41637 
0.966979 -0.0128151 -0.254535 -1.79345 0.00545301 0.999547 -0.0296084 -0.196099 0.254799 0.0272428 0.96661 9.96087 
0.965215 -0.0119188 -0.261185 -1.99274 0.00359233 0.999471 -0.032334 -0.198806 0.261432 0.0302711 0.964747 10.4845 
0.96273 -0.0182582 -0.269847 -2.17891 0.00919928 0.999352 -0.0347974 -0.202043 0.270307 0.0310181 0.962274 11.0902 
0.960456 -0.0169809 -0.277915 -2.36826 0.00674972 0.999265 -0.0377295 -0.228134 0.278352 0.0343617 0.959864 11.6563 
0.957854 -0.0167416 -0.286767 -2.5417 0.00526772 0.999156 -0.0407363 -0.252382 0.287207 0.0375089 0.957134 12.2283 
0.95569 -0.0154591 -0.293969 -2.74604 0.0023032 0.998982 -0.0450465 -0.296816 0.294366 0.0423735 0.954753 12.7997 
0.953986 -0.0209713 -0.299117 -2.94113 0.00513625 0.998548 -0.0536279 -0.316387 0.299807 0.049624 0.952708 13.3936 
0.952568 -0.0214296 -0.303572 -3.14458 0.00275748 0.998085 -0.0618039 -0.35168 0.304314 0.0580353 0.950802 14.0171 
0.951195 -0.0226596 -0.307757 -3.34485 0.00114887 0.997554 -0.0698972 -0.39483 0.308588 0.0661323 0.948894 14.6233 
0.949766 -0.0201082 -0.312314 -3.61896 -0.00500209 0.996831 -0.0793922 -0.444153 0.312921 0.0769663 0.946656 15.2907 
0.948135 -0.0197843 -0.317251 -3.85509 -0.00795426 0.996272 -0.0859012 -0.502033 0.317768 0.0839694 0.944443 15.9625 
0.947069 -0.0184384 -0.320499 -4.15041 -0.0114718 0.995768 -0.0911858 -0.580197 0.320824 0.090036 0.94285 16.6094 
0.94598 -0.0171706 -0.323769 -4.41592 -0.0148922 0.995242 -0.096293 -0.653048 0.323882 0.095913 0.941223 17.2409 
0.944791 -0.014713 -0.327344 -4.69092 -0.0199391 0.994559 -0.102251 -0.730932 0.327067 0.103133 0.939357 17.9168 
0.943095 -0.0115289 -0.332325 -4.94544 -0.0246472 0.994226 -0.104437 -0.824984 0.33161 0.106685 0.937365 18.5513 
0.941789 -0.00971543 -0.336064 -5.26265 -0.0275016 0.994006 -0.105807 -0.896104 0.335077 0.10889 0.935877 19.2276 
0.939767 -0.00832949 -0.341715 -5.57178 -0.0294677 0.994007 -0.10527 -0.981397 0.340544 0.108999 0.933889 19.9192 
0.937449 -0.0116438 -0.347928 -5.87242 -0.025896 0.994339 -0.10305 -1.05131 0.347158 0.105614 0.931841 20.6958 
0.935321 -0.00909208 -0.353684 -6.27405 -0.0292347 0.994265 -0.102871 -1.12873 0.352591 0.106557 0.929691 21.4948 
0.932234 -0.00736104 -0.361782 -6.57454 -0.0309696 0.994502 -0.100037 -1.21405 0.360529 0.104462 0.92688 22.2138 
0.92951 -0.00274414 -0.368788 -6.91233 -0.034673 0.994893 -0.0947943 -1.30726 0.367165 0.100899 0.924667 22.9291 
0.925903 0.000149527 -0.377762 -7.24617 -0.0364251 0.995376 -0.0888847 -1.38896 0.376002 0.0960587 0.921627 23.6931 
0.922159 0.00291964 -0.3868 -7.68775 -0.0391968 0.99553 -0.0859337 -1.44935 0.38482 0.0944059 0.918151 24.6068 
0.919848 0.00897623 -0.392172 -8.09083 -0.0461738 0.995266 -0.0855216 -1.51858 0.389547 0.096775 0.915908 25.2828 
0.915151 0.00779369 -0.403035 -8.40075 -0.0457982 0.99535 -0.0847441 -1.59009 0.4005 0.096012 0.911253 26.0216 
0.911892 0.00755757 -0.410361 -8.69448 -0.0454885 0.995532 -0.0827488 -1.66787 0.407902 0.0941247 0.908161 26.5977 
0.907746 0.00848388 -0.419435 -9.0494 -0.0465074 0.995668 -0.0805126 -1.76295 0.416935 0.0925919 0.904208 27.3466 
0.903549 0.00830188 -0.428405 -9.42598 -0.0465411 0.995799 -0.0788626 -1.8379 0.42595 0.0911947 0.900139 28.1805 
0.900394 0.00985947 -0.434964 -9.87146 -0.0474708 0.996001 -0.07569 -1.89793 0.432478 0.088799 0.897261 28.9575 
0.897034 0.0120261 -0.441799 -10.3535 -0.0483053 0.996309 -0.0709595 -1.96826 0.439315 0.0849943 0.894303 29.7866 
0.893558 0.0115763 -0.448799 -10.7916 -0.0467488 0.996632 -0.0673699 -2.03525 0.446507 0.0811797 0.89109 30.5807 
0.890379 0.0143171 -0.454994 -11.337 -0.0496512 0.996597 -0.0658032 -2.08602 0.452503 0.0811808 0.88806 31.4693 
0.888264 0.0151879 -0.459082 -11.7616 -0.050496 0.996624 -0.0647317 -2.15052 0.456549 0.0806807 0.886032 32.234 
0.885795 0.0186001 -0.463704 -12.2646 -0.0543614 0.996476 -0.063874 -2.22398 0.460882 0.0817869 0.883685 33.0913 
0.882802 0.0181668 -0.469393 -12.7373 -0.0539076 0.996568 -0.0628157 -2.28051 0.466641 0.0807578 0.880752 33.9307 
0.879758 0.013459 -0.475231 -13.0898 -0.0480542 0.996997 -0.0607229 -2.37032 0.472987 0.0762583 0.877763 34.703 
0.877927 0.0117741 -0.478649 -13.6606 -0.0464557 0.997076 -0.0606814 -2.42472 0.476535 0.0755099 0.875907 35.5826 
0.876113 0.00898186 -0.482023 -14.1987 -0.0437517 0.997182 -0.0609408 -2.48487 0.480117 0.0744803 0.874037 36.532 
0.876616 0.00934898 -0.481099 -14.712 -0.0435286 0.997253 -0.0599348 -2.55749 0.479217 0.0734814 0.874615 37.3721 
0.87738 0.0108485 -0.479673 -15.2178 -0.0437512 0.997388 -0.0574689 -2.62364 0.477797 0.0714084 0.875563 38.1616 
0.876819 0.00982884 -0.48072 -15.6994 -0.042226 0.997502 -0.056624 -2.72041 0.478962 0.0699479 0.875044 39.0282 
0.875383 0.00630166 -0.483389 -16.1802 -0.0379228 0.997729 -0.0556686 -2.79023 0.481941 0.0670628 0.873634 39.9632 
0.874599 0.00363894 -0.484834 -16.7369 -0.0351427 0.997817 -0.0559052 -2.86925 0.483573 0.065933 0.872818 40.9113 
0.875376 0.00393116 -0.483428 -17.2747 -0.0347507 0.997892 -0.0548109 -2.99475 0.482193 0.0647796 0.873667 41.7065 
0.873853 0.00555313 -0.486158 -17.7838 -0.0349377 0.998067 -0.0513991 -3.06948 0.484933 0.0619006 0.872358 42.5649 
0.871979 0.00645763 -0.489501 -18.3447 -0.0346903 0.998214 -0.0486275 -3.11964 0.488312 0.0593832 0.870646 43.4343 
0.867844 0.00710849 -0.496786 -18.8883 -0.03479 0.998313 -0.0464904 -3.18134 0.495617 0.0576297 0.866627 44.3357 
0.863365 0.00387305 -0.504565 -19.4522 -0.0326564 0.998303 -0.0482158 -3.25911 0.503522 0.0581051 0.862027 45.2102 
0.857656 0.000709805 -0.514224 -20.0096 -0.0322153 0.998109 -0.0523531 -3.30513 0.513214 0.0614669 0.856057 46.0779 
0.852047 0.000777847 -0.523464 -20.554 -0.0322759 0.998174 -0.0510525 -3.3719 0.522469 0.0603945 0.850517 46.9099 
0.847223 0.00405424 -0.531222 -21.1647 -0.0329233 0.998449 -0.0448879 -3.45587 0.530216 0.0555197 0.846043 47.7861 
0.842391 0.00819773 -0.538805 -21.738 -0.0358046 0.998526 -0.0407863 -3.52337 0.537677 0.0536497 0.841443 48.6459 
0.838016 0.00679171 -0.545604 -22.3145 -0.0350291 0.99853 -0.0413729 -3.5953 0.544521 0.0537832 0.837021 49.5367 
0.833553 0.00416747 -0.552424 -22.8906 -0.0352471 0.998335 -0.045653 -3.65806 0.551314 0.0575255 0.832312 50.4055 
0.830641 0.00232508 -0.556804 -23.5099 -0.0375404 0.99795 -0.0518356 -3.73048 0.555542 0.0639594 0.829025 51.2919 
0.828533 0.000693387 -0.55994 -24.0982 -0.0367291 0.997913 -0.0531117 -3.80796 0.558735 0.0645709 0.826829 52.1278 
0.825963 0.00458252 -0.563705 -24.6752 -0.0388049 0.998057 -0.048745 -3.87717 0.562387 0.0621361 0.824536 52.9334 
0.822319 0.00668062 -0.568988 -25.2511 -0.0372669 0.998417 -0.0421367 -3.9698 0.567806 0.0558543 0.821266 53.7443 
0.819676 0.00799066 -0.572772 -25.8339 -0.0378229 0.998476 -0.0401977 -4.02539 0.571578 0.054613 0.818729 54.5399 
0.816084 0.00878894 -0.577866 -26.4806 -0.0396558 0.998379 -0.0408188 -4.06867 0.576571 0.0562273 0.81511 55.4299 
0.813996 0.00944161 -0.580794 -27.1042 -0.0418366 0.998224 -0.0424075 -4.13138 0.579362 0.0588181 0.812946 56.2286 
0.810849 0.00773542 -0.585205 -27.7634 -0.0422848 0.998074 -0.0453962 -4.1879 0.583727 0.0615548 0.809614 57.0696 
0.806996 0.00660223 -0.59052 -28.4365 -0.0411405 0.998137 -0.0450625 -4.25407 0.589122 0.0606596 0.805764 57.9143 
0.803813 0.00534867 -0.594858 -29.1329 -0.0392267 0.99826 -0.04403 -4.31309 0.593588 0.0587262 0.802624 58.7558 
0.79923 0.00724664 -0.600981 -29.7789 -0.0416274 0.998194 -0.043323 -4.36439 0.599582 0.0596424 0.798088 59.6247 
0.794105 0.00499741 -0.60776 -30.4524 -0.0397256 0.998255 -0.0436976 -4.43069 0.606481 0.0588442 0.792918 60.4639 
0.788822 0.00279803 -0.614616 -31.1389 -0.038243 0.998275 -0.0445379 -4.47975 0.613431 0.0586372 0.787568 61.3028 
0.78496 0.00557483 -0.619521 -31.8514 -0.0438848 0.997948 -0.0466239 -4.53665 0.61799 0.0637856 0.783594 62.0829 
0.780262 0.00486991 -0.625434 -32.5437 -0.0448972 0.997826 -0.0482422 -4.59111 0.623839 0.0657218 0.778784 62.8858 
0.77549 0.00491994 -0.631341 -33.2644 -0.0468588 0.99766 -0.0497831 -4.66996 0.629618 0.0681902 0.773906 63.7101 
0.770207 0.000449631 -0.637794 -34.0643 -0.0428643 0.997775 -0.05106 -4.69371 0.636352 0.0666654 0.768513 64.5405 
0.763902 0.00100683 -0.645331 -34.7867 -0.0430744 0.997848 -0.049432 -4.77106 0.643893 0.0655585 0.762302 65.3616 
0.757905 -0.000620847 -0.652365 -35.4933 -0.041471 0.997931 -0.0491299 -4.81131 0.651046 0.06429 0.756311 66.1524 
0.751628 -0.00304926 -0.659581 -36.3066 -0.0401858 0.99792 -0.0504074 -4.87093 0.658362 0.0643934 0.749942 67.006 
0.745372 -0.00341374 -0.66664 -36.9993 -0.0404371 0.997914 -0.050323 -4.94766 0.665421 0.0644664 0.743679 67.7604 
0.739795 -0.00399846 -0.67282 -37.8305 -0.0416353 0.997794 -0.0517095 -4.98045 0.671543 0.0662676 0.737997 68.5924 
0.735498 -0.00295385 -0.67752 -38.6125 -0.0424679 0.997823 -0.0504523 -5.06529 0.676195 0.0658805 0.733772 69.3612 
0.731504 -0.00251806 -0.681832 -39.3789 -0.043744 0.99776 -0.0506157 -5.13043 0.680432 0.0668517 0.729755 70.1284 
0.727825 -0.00211499 -0.68576 -40.1338 -0.0449582 0.997697 -0.050793 -5.20227 0.684288 0.067799 0.726053 70.8923 
0.722326 -0.00492308 -0.691536 -40.9074 -0.0456605 0.997453 -0.0547945 -5.26485 0.690044 0.0711554 0.720261 71.6939 
0.718251 -0.00753571 -0.695743 -41.8265 -0.045265 0.997317 -0.0575315 -5.32951 0.69431 0.0728149 0.715983 72.5093 
0.712686 -0.0104904 -0.701405 -42.7308 -0.041712 0.997485 -0.0573016 -5.43815 0.700242 0.070095 0.710456 73.3883 
0.707202 -0.0122753 -0.706905 -43.5649 -0.0389322 0.997656 -0.0562729 -5.50309 0.705939 0.0673177 0.705067 74.22 
0.703872 -0.0143591 -0.710182 -44.5784 -0.0365298 0.997741 -0.0563784 -5.54571 0.709387 0.065626 0.701757 75.0653 
0.698826 -0.0152752 -0.715129 -45.4257 -0.0365782 0.997701 -0.0570553 -5.62495 0.714356 0.0660299 0.696661 75.8723 
0.695125 -0.0171617 -0.718684 -46.3327 -0.0360024 0.99763 -0.0586449 -5.66675 0.717987 0.0666399 0.692859 76.6303 
0.690474 -0.0191498 -0.723104 -47.16 -0.0329556 0.997779 -0.0578924 -5.74125 0.722606 0.0638036 0.688309 77.3977 
0.686018 -0.0207882 -0.727287 -48.0317 -0.0308518 0.997862 -0.0576233 -5.82676 0.72693 0.0619688 0.68391 78.1878 
0.683099 -0.0211527 -0.73002 -48.9155 -0.031561 0.997792 -0.0584441 -5.91373 0.729644 0.0629633 0.680923 78.9432 
0.678532 -0.0262373 -0.734103 -49.7458 -0.0274605 0.997757 -0.0610423 -5.99736 0.734058 0.061578 0.676289 79.716 
0.674373 -0.0304211 -0.737764 -50.6893 -0.0229819 0.997802 -0.0621508 -6.08154 0.738033 0.0588682 0.672192 80.4846 
0.668708 -0.0353321 -0.742685 -51.5863 -0.0150377 0.998023 -0.0610193 -6.19169 0.743373 0.0519725 0.666855 81.2597 
0.660533 -0.0387192 -0.749798 -52.4836 -0.0112489 0.998047 -0.0614484 -6.2617 0.750713 0.0490231 0.658807 82.0691 
0.652243 -0.0402334 -0.756941 -53.4615 -0.00712019 0.998221 -0.0591934 -6.35859 0.757977 0.0439981 0.650796 82.8688 
0.645219 -0.0378525 -0.76306 -54.3936 -0.00863865 0.998347 -0.0568287 -6.45519 0.763949 0.0432588 0.643825 83.5768 
0.636971 -0.0368827 -0.770005 -55.3189 -0.00984869 0.998384 -0.0559691 -6.54611 0.770825 0.0432343 0.635578 84.2844 
0.629559 -0.0383974 -0.776003 -56.3107 -0.00974804 0.998309 -0.0573057 -6.64112 0.776891 0.0436419 0.628121 85.0485 
0.622029 -0.0402298 -0.78196 -57.3481 -0.00994974 0.998192 -0.0592692 -6.70574 0.782931 0.0446475 0.620504 85.7688 
0.613549 -0.0411446 -0.788584 -58.3622 -0.0105299 0.998127 -0.0602703 -6.79375 0.789586 0.0452826 0.611967 86.4975 
0.605369 -0.039587 -0.79496 -59.4593 -0.0112619 0.998236 -0.0582857 -6.89419 0.795865 0.0442372 0.603855 87.2314 
0.595231 -0.0414511 -0.802485 -60.5017 -0.00714164 0.998356 -0.0568658 -6.98659 0.803523 0.0395794 0.593956 87.9906 
0.587492 -0.0411173 -0.808185 -61.5168 -0.00908107 0.99831 -0.0573915 -7.06355 0.809179 0.0410563 0.586126 88.6271 
0.576189 -0.042867 -0.816191 -62.5312 -0.00956653 0.998202 -0.0591798 -7.14243 0.81726 0.0419069 0.574743 89.3286 
0.566754 -0.0427924 -0.822775 -63.5646 -0.0100653 0.998216 -0.0588504 -7.24178 0.823825 0.0416353 0.565313 89.9864 
0.558341 -0.0439975 -0.828444 -64.6187 -0.0113238 0.998096 -0.0606394 -7.32579 0.829534 0.0432387 0.55678 90.6487 
0.548337 -0.0432791 -0.835137 -65.6769 -0.0124541 0.998127 -0.0599029 -7.42136 0.836165 0.0432479 0.546771 91.3029 
0.541645 -0.0425661 -0.839529 -66.7811 -0.0142708 0.998108 -0.0598137 -7.47101 0.840486 0.0443786 0.540013 91.9392 
0.533685 -0.0426418 -0.844607 -67.9529 -0.0126858 0.998212 -0.0584127 -7.55134 0.845588 0.0418886 0.53219 92.637 
0.526043 -0.0436165 -0.849339 -69.0476 -0.0123497 0.998187 -0.0589093 -7.63688 0.850368 0.041478 0.524551 93.3019 
0.519937 -0.0460154 -0.852964 -70.101 -0.0109099 0.998109 -0.0604959 -7.74126 0.854135 0.0407598 0.518452 93.8847 
0.513937 -0.0489608 -0.856429 -71.2578 -0.00863396 0.998024 -0.0622367 -7.84173 0.857784 0.0393802 0.512499 94.5286 
0.507927 -0.051146 -0.85988 -72.3772 -0.00972051 0.997832 -0.0650933 -7.94267 0.861345 0.0414212 0.506329 95.1527 
0.502776 -0.0546712 -0.862686 -73.505 -0.00931584 0.997597 -0.0686503 -8.02666 0.864367 0.0425524 0.501058 95.7823 
0.499415 -0.0549464 -0.864619 -74.577 -0.0053368 0.997773 -0.0664909 -8.14833 0.866346 0.0378209 0.49801 96.3258 
0.495791 -0.0506741 -0.866962 -75.7261 -0.00697669 0.998032 -0.0623249 -8.24702 0.868414 0.0369487 0.494461 96.9458 
0.491867 -0.0479944 -0.869346 -76.836 -0.00532994 0.998295 -0.0581289 -8.35222 0.870654 0.0332253 0.490773 97.5498 
0.488327 -0.0478892 -0.871346 -77.9668 -0.00343345 0.99838 -0.0567952 -8.4473 0.872654 0.0307264 0.487371 98.1636 
0.486905 -0.0474109 -0.872167 -79.0655 -0.00310949 0.998425 -0.0560102 -8.54584 0.873449 0.0299837 0.485991 98.7172 
0.485187 -0.0484837 -0.873065 -80.259 0.00168918 0.998512 -0.0545114 -8.62122 0.874409 0.0249735 0.484547 99.2967 
0.482171 -0.0467654 -0.874828 -81.3234 0.00354076 0.99867 -0.0514341 -8.71951 0.87607 0.0217025 0.481696 99.8888 
0.477385 -0.0475148 -0.877409 -82.3236 0.00636387 0.998698 -0.0506206 -8.82216 0.878671 0.0185819 0.477066 100.52 
0.474879 -0.051955 -0.878516 -83.5303 0.0119912 0.998545 -0.0525717 -8.85119 0.87997 0.0144308 0.474811 101.086 
0.472854 -0.0525404 -0.879573 -84.5968 0.0152629 0.998559 -0.0514427 -8.91912 0.881009 0.0109001 0.472975 101.633 
0.471345 -0.050062 -0.880527 -85.6576 0.0146684 0.998695 -0.0489285 -9.02005 0.881827 0.0101464 0.471464 102.166 
0.467634 -0.0534321 -0.882306 -86.7103 0.0196221 0.998553 -0.050072 -9.07344 0.883704 0.00610272 0.468006 102.75 
0.466785 -0.0543199 -0.882701 -87.7565 0.021854 0.998516 -0.0498903 -9.16775 0.884101 0.00399749 0.467279 103.275 
0.466773 -0.0564418 -0.882574 -88.8461 0.0220399 0.998394 -0.0521922 -9.24337 0.884103 0.00491008 0.467267 103.814 
0.467398 -0.0569799 -0.882209 -89.8845 0.0205329 0.998351 -0.0536029 -9.31979 0.883809 0.00693963 0.467797 104.327 
0.469864 -0.0561507 -0.880951 -90.8712 0.0186739 0.998384 -0.0536759 -9.4143 0.882541 0.00876965 0.470153 104.827 
0.473869 -0.0562456 -0.878797 -91.822 0.0165201 0.99835 -0.0549893 -9.49115 0.88044 0.01154 0.474016 105.323 
0.476971 -0.0551981 -0.877184 -92.7958 0.016003 0.998406 -0.0541245 -9.60618 0.878773 0.0117783 0.477094 105.854 
0.483103 -0.0573988 -0.87368 -93.8175 0.0158371 0.998259 -0.0568262 -9.64965 0.87542 0.0136164 0.48317 106.38 
0.490622 -0.057345 -0.869484 -94.8045 0.0165806 0.998266 -0.0564827 -9.72693 0.871215 0.0132952 0.490722 106.884 
0.498491 -0.0579056 -0.864959 -95.7628 0.0167409 0.998224 -0.0571791 -9.7987 0.866733 0.0140231 0.498575 107.407 
0.508928 -0.0588517 -0.858795 -96.7658 0.0177844 0.998166 -0.0578634 -9.86845 0.860626 0.0141752 0.509041 107.917 
0.518418 -0.0589111 -0.853096 -97.7568 0.0167503 0.998132 -0.0587477 -9.9318 0.854963 0.0161663 0.518437 108.484 
0.528021 -0.0596278 -0.847135 -98.6795 0.0157134 0.998047 -0.0604559 -10.0124 0.849086 0.0186107 0.527927 109.045 
0.537146 -0.0605399 -0.841314 -99.6142 0.0120283 0.997869 -0.0641258 -10.0864 0.843404 0.0243253 0.53673 109.638 
0.546215 -0.063214 -0.835256 -100.504 0.0130565 0.99767 -0.0669676 -10.173 0.837543 0.0256732 0.545767 110.23 
0.557872 -0.0592584 -0.827809 -101.377 0.00865979 0.997809 -0.0655919 -10.2658 0.829882 0.0294233 0.557163 110.794 
0.570747 -0.0560598 -0.81921 -102.278 0.00652005 0.997945 -0.0637484 -10.3655 0.8211 0.031043 0.56994 111.38 
0.581344 -0.0543377 -0.811842 -103.175 0.00492873 0.997984 -0.0632672 -10.4255 0.813643 0.0327787 0.58044 112.028 
0.593631 -0.0515073 -0.803088 -104.118 0.00327536 0.998096 -0.0615934 -10.5355 0.804731 0.0339334 0.592669 112.652 
0.604856 -0.0537768 -0.794517 -105.002 0.00538147 0.997971 -0.0634507 -10.6108 0.796317 0.0341029 0.603918 113.302 
0.614763 -0.0551353 -0.786782 -105.826 0.00662104 0.997879 -0.0647549 -10.687 0.788684 0.0345997 0.613825 113.952 
0.625076 -0.058023 -0.778404 -106.635 0.0105777 0.997771 -0.0658807 -10.7683 0.780492 0.0329468 0.624297 114.575 
0.63564 -0.0566768 -0.769903 -107.485 0.0108978 0.997861 -0.0644608 -10.8781 0.771909 0.0325837 0.634898 115.236 
0.645443 -0.0544005 -0.761869 -108.282 0.00999321 0.997977 -0.0627935 -10.9684 0.763743 0.0329162 0.64468 115.899 
0.65675 -0.0482694 -0.752562 -109.183 0.00623428 0.998263 -0.0585881 -11.0705 0.754082 0.0337862 0.65591 116.571 
0.666054 -0.0449956 -0.744545 -109.997 0.00255617 0.998311 -0.058045 -11.1436 0.745899 0.0367579 0.665044 117.273 
0.676648 -0.0444515 -0.734963 -110.741 0.00199833 0.998283 -0.0585377 -11.2412 0.736304 0.0381408 0.675576 117.906 
0.683498 -0.042283 -0.728727 -111.463 -0.00136254 0.998245 -0.0591993 -11.3215 0.729952 0.0414555 0.682241 118.598 
0.692027 -0.0440624 -0.720526 -112.166 0.000650259 0.998173 -0.0604169 -11.3854 0.721872 0.0413417 0.690791 119.26 
0.698877 -0.0446084 -0.713849 -112.854 0.00304733 0.99823 -0.059396 -11.4566 0.715235 0.0393352 0.697776 119.972 
0.707241 -0.0417553 -0.705739 -113.526 0.00302571 0.998424 -0.05604 -11.5497 0.706966 0.0374985 0.706253 120.611 
0.71457 -0.0423152 -0.698283 -114.195 0.00439752 0.998421 -0.0560031 -11.6187 0.69955 0.0369475 0.713628 121.283 
0.721833 -0.0401588 -0.690901 -114.842 0.00297684 0.998486 -0.0549272 -11.6975 0.692061 0.0375916 0.72086 121.938 
0.728811 -0.0385394 -0.68363 -115.499 0.00214053 0.998538 -0.0540102 -11.7713 0.684712 0.0379 0.727828 122.613 
0.735372 -0.0347704 -0.676771 -116.114 -0.000316486 0.998665 -0.0516522 -11.8424 0.677664 0.0381978 0.734379 123.258 
0.743402 -0.0325018 -0.668054 -116.73 -0.00152384 0.998734 -0.0502856 -11.8815 0.668843 0.0384005 0.742412 123.899 
0.750097 -0.032006 -0.660554 -117.335 -0.00140965 0.998749 -0.0499934 -11.9379 0.661327 0.0384311 0.749113 124.548 
0.757621 -0.0314586 -0.651937 -117.915 -0.000910947 0.998786 -0.0492542 -12.0076 0.652694 0.03791 0.756672 125.196 
0.764959 -0.0278321 -0.643478 -118.498 -0.00393626 0.998845 -0.0478822 -12.0631 0.644067 0.0391608 0.763966 125.863 
0.773437 -0.0239973 -0.633418 -119.057 -0.00593092 0.998965 -0.0450881 -12.1123 0.633845 0.0386297 0.772495 126.529 
0.782312 -0.0200475 -0.622564 -119.612 -0.00761802 0.999099 -0.0417454 -12.1536 0.62284 0.0374007 0.781455 127.219 
0.791544 -0.0177226 -0.610855 -120.16 -0.0100132 0.999069 -0.0419608 -12.1893 0.61103 0.0393305 0.79063 127.905 
0.802353 -0.0172025 -0.596601 -120.754 -0.0113404 0.998965 -0.0440557 -12.2133 0.596741 0.042114 0.801328 128.598 
0.813525 -0.0191529 -0.581215 -121.409 -0.00986169 0.998859 -0.0467191 -12.2638 0.581447 0.043739 0.812408 129.297 
0.822334 -0.0180306 -0.568719 -121.844 -0.00965941 0.998911 -0.0456363 -12.3612 0.568923 0.0430218 0.821265 129.906 
0.830672 -0.0166955 -0.556512 -122.289 -0.00913064 0.999007 -0.0435992 -12.4115 0.556688 0.041298 0.829695 130.614 
0.839801 -0.0160194 -0.542658 -122.762 -0.00745311 0.99913 -0.0410287 -12.4522 0.542844 0.0385005 0.838951 131.336 
0.847851 -0.0159515 -0.529995 -123.215 -0.00614694 0.999185 -0.0399065 -12.486 0.530199 0.0370926 0.847062 132.123 
0.856066 -0.0139878 -0.516678 -123.616 -0.00603666 0.999295 -0.0370555 -12.5249 0.516832 0.034841 0.855378 132.796 
0.862722 -0.0134263 -0.5055 -124.036 -0.00482808 0.999383 -0.0347841 -12.5763 0.505655 0.0324496 0.862125 133.543 
0.868895 -0.0161026 -0.494735 -124.408 -0.000875002 0.999419 -0.0340659 -12.5949 0.494996 0.0300327 0.868376 134.253 
0.875044 -0.0166677 -0.483756 -124.813 0.000493776 0.999437 -0.0335424 -12.6301 0.484043 0.0291122 0.87456 134.949 
0.881043 -0.0138795 -0.472833 -125.194 -0.00201699 0.99945 -0.0330962 -12.667 0.473032 0.0301129 0.88053 135.596 
0.887166 -0.0125759 -0.46128 -125.586 -0.0030396 0.999448 -0.033094 -12.6801 0.461441 0.030762 0.886637 136.338 
0.892727 -0.00972593 -0.450493 -125.986 -0.00528549 0.999472 -0.0320523 -12.7396 0.450567 0.0309951 0.892204 137.135 
0.897858 -0.0101906 -0.440167 -126.351 -0.00450515 0.999467 -0.032329 -12.7758 0.440262 0.03101 0.897334 137.885 
0.902747 -0.0127306 -0.429983 -126.739 -0.00211278 0.999419 -0.0340258 -12.7918 0.430166 0.0316252 0.902196 138.657 
0.906549 -0.0105533 -0.421969 -127.073 -0.00425708 0.999408 -0.0341408 -12.8438 0.422079 0.0327467 0.905967 139.386 
0.908498 -0.0186973 -0.417471 -127.269 0.00320311 0.999281 -0.0377843 -12.7562 0.417877 0.0329898 0.907904 140.088 
0.911824 -0.0160151 -0.410269 -127.657 0.00284163 0.999461 -0.032699 -12.8254 0.410572 0.02865 0.911378 140.86 
0.914313 -0.0132157 -0.404792 -128.052 0.00179875 0.99959 -0.0285719 -12.8522 0.405003 0.0253956 0.913962 141.701 
0.918372 -0.00810664 -0.395635 -128.418 -0.00246551 0.999654 -0.0262063 -12.898 0.39571 0.0250426 0.918034 142.429 
0.921446 -0.00499087 -0.388474 -128.801 -0.00496665 0.999684 -0.0246241 -12.9172 0.388475 0.0246192 0.921131 143.28 
0.923972 -0.00478794 -0.38243 -129.055 -0.00451383 0.999716 -0.023422 -12.9184 0.382433 0.0233675 0.923688 144.062 
0.927087 -0.00374184 -0.374828 -129.376 -0.0044465 0.99977 -0.0209784 -12.9381 0.37482 0.0211156 0.926857 144.857 
0.930047 -0.00302696 -0.367428 -129.728 -0.00410577 0.999818 -0.0186295 -12.971 0.367417 0.0188349 0.929865 145.725 
0.933062 -0.00490924 -0.359683 -130.071 -0.00195289 0.999823 -0.0187125 -12.9598 0.359711 0.0181624 0.932887 146.621 
0.93618 -0.00389237 -0.351501 -130.326 -0.00249169 0.99984 -0.0177082 -12.9956 0.351513 0.0174539 0.93602 147.408 
0.939959 -0.00598484 -0.341235 -130.692 -0.000285344 0.999832 -0.0183219 -13.0063 0.341288 0.0173192 0.939799 148.306 
0.943445 -0.00559874 -0.331483 -130.99 -0.000645965 0.999824 -0.0187256 -13.0677 0.33153 0.0178807 0.943275 149.169 
0.947472 -0.00786411 -0.319742 -131.36 0.00113903 0.999774 -0.0212145 -13.0914 0.319837 0.019736 0.947267 150.152 
0.95191 -0.00590552 -0.306322 -131.649 -0.000878383 0.999758 -0.0220038 -13.1255 0.306378 0.0212147 0.951674 151.08 
0.957146 -0.00138605 -0.289604 -131.937 -0.00473309 0.99978 -0.0204281 -13.1576 0.289568 0.0209234 0.956929 152.005 
0.962612 0.00250952 -0.270872 -132.167 -0.00747877 0.999822 -0.0173149 -13.1993 0.270781 0.0186934 0.96246 152.901 
0.968043 0.00149629 -0.25078 -132.482 -0.00625285 0.999815 -0.0181715 -13.1813 0.250706 0.019159 0.967874 153.993 
0.973367 0.00207567 -0.229244 -132.718 -0.00635795 0.999819 -0.0179432 -13.1777 0.229165 0.0189228 0.973204 154.974 
0.97827 0.00414454 -0.207294 -132.94 -0.00775479 0.999832 -0.0166067 -13.2101 0.207191 0.0178534 0.978138 155.967 
0.98239 0.00511384 -0.18677 -133.107 -0.00780932 0.999876 -0.0136994 -13.2224 0.186676 0.0149168 0.982308 156.76 
0.986321 0.00614259 -0.164721 -133.302 -0.00798498 0.999913 -0.0105253 -13.2459 0.164642 0.0116967 0.986284 157.726 
0.989915 0.00817273 -0.141429 -133.511 -0.00916107 0.999938 -0.00633879 -13.252 0.141368 0.00757054 0.989928 158.874 
0.992907 0.0105828 -0.118421 -133.695 -0.011086 0.999932 -0.00359132 -13.2612 0.118375 0.0048787 0.992957 160.094 
0.995246 0.0113307 -0.0967302 -133.727 -0.0117851 0.999922 -0.00412735 -13.2712 0.0966759 0.00524775 0.995302 161.027 
0.997157 0.0107105 -0.0745903 -133.817 -0.0111492 0.999923 -0.00546733 -13.3116 0.074526 0.00628345 0.997199 162.186 
0.998492 0.0119986 -0.0535652 -133.906 -0.0122661 0.999914 -0.00466863 -13.3773 0.0535045 0.00531867 0.998553 163.089 
0.999394 0.00992681 -0.0333512 -133.967 -0.0100257 0.999946 -0.00279958 -13.3982 0.0333215 0.00313229 0.99944 164.276 
0.999836 0.00962771 -0.0153543 -133.896 -0.00963185 0.999954 -0.00019833 -13.4432 0.0153517 0.00034623 0.999882 165.267 
0.999927 0.0108751 0.00531983 -133.884 -0.0108803 0.99994 0.000961641 -13.4764 -0.0053091 -0.00101941 0.999985 166.573 
0.999612 0.0107857 0.0256744 -133.803 -0.0108639 0.999937 0.00290901 -13.5842 -0.0256414 -0.00318676 0.999666 167.993 
0.998875 0.00936903 0.046489 -133.783 -0.0095604 0.999947 0.00389669 -13.5956 -0.0464501 -0.00433672 0.998911 169.172 
0.997805 0.0112857 0.0652594 -133.675 -0.011598 0.999923 0.00440954 -13.6194 -0.0652046 -0.0051567 0.997859 170.283 
0.99629 0.0119475 0.0852246 -133.598 -0.0122976 0.999918 0.00358371 -13.6133 -0.0851748 -0.00461843 0.996355 171.583 
0.994402 0.0118346 0.105 -133.479 -0.0119812 0.999928 0.000766083 -13.6063 -0.104983 -0.00201978 0.994472 172.87 
0.992175 0.0155827 0.123876 -133.302 -0.0157443 0.999876 0.000325863 -13.7418 -0.123856 -0.00227362 0.992298 174.125 
0.989825 0.0160891 0.141376 -133 -0.0162841 0.999867 0.000222767 -13.8456 -0.141354 -0.00252265 0.989956 175.318 
0.987063 0.0127626 0.159824 -132.837 -0.0132122 0.999911 0.00175066 -14.0353 -0.159788 -0.00383959 0.987144 176.81 
0.984036 0.0138356 0.177432 -132.624 -0.0135295 0.999904 -0.00293483 -14.0767 -0.177456 0.00048744 0.984129 177.794 
0.98056 0.0160879 0.195561 -132.409 -0.0147538 0.999857 -0.00827616 -14.1377 -0.195666 0.00523003 0.980657 179.009 
0.976718 0.0179812 0.213772 -132.267 -0.0154846 0.999791 -0.0133474 -14.1522 -0.213967 0.00972653 0.976792 180.263 
0.972732 0.019461 0.231112 -131.985 -0.0160464 0.999733 -0.016645 -14.2163 -0.231374 0.0124826 0.972785 181.448 
0.9683 0.0222563 0.248795 -131.727 -0.0180097 0.999651 -0.0193317 -14.2305 -0.249138 0.0142382 0.968363 182.747 
0.963897 0.0208001 0.26546 -131.352 -0.0163836 0.999688 -0.0188409 -14.2641 -0.265769 0.0138115 0.963938 184.04 
0.958956 0.0201876 0.282837 -130.979 -0.0157309 0.999714 -0.0180194 -14.4073 -0.28312 0.0128306 0.958999 185.346 
0.953342 0.0196521 0.301253 -130.67 -0.0129799 0.999625 -0.0241339 -14.4125 -0.301614 0.0190977 0.953239 186.7 
0.947936 0.0186363 0.317915 -130.403 -0.00974141 0.999516 -0.0295456 -14.4535 -0.318312 0.0249105 0.947659 187.761 
0.942291 0.0199195 0.334202 -129.929 -0.0108665 0.999522 -0.0289363 -14.533 -0.334619 0.0236348 0.942057 189.118 
0.936318 0.0231901 0.350386 -129.4 -0.0140095 0.99949 -0.0287137 -14.6422 -0.350873 0.0219765 0.936165 190.328 
0.930242 0.0253054 0.366074 -128.814 -0.0148314 0.999397 -0.031396 -14.7608 -0.366648 0.0237765 0.930056 191.583 
0.923868 0.0256406 0.381851 -128.127 -0.013641 0.999325 -0.0340991 -14.877 -0.382468 0.0262942 0.923595 192.983 
0.916866 0.0261565 0.398338 -127.546 -0.0130231 0.99928 -0.0356411 -14.9566 -0.398983 0.0274906 0.916546 194.276 
0.908573 0.0261958 0.416905 -127.044 -0.0106276 0.999158 -0.03962 -15.0963 -0.417592 0.031567 0.908086 195.927 
0.899503 0.0259669 0.436143 -126.492 -0.00747311 0.999001 -0.0440653 -15.2199 -0.436852 0.0363775 0.898798 197.882 
0.88921 0.0290007 0.45658 -125.798 -0.00885841 0.998893 -0.0461948 -15.3471 -0.457414 0.0370323 0.888482 199.336 
0.87622 0.0321593 0.480838 -125.187 -0.0111821 0.998859 -0.0464285 -15.4493 -0.481782 0.0353048 0.87558 200.805 
0.862502 0.0367251 0.504719 -124.455 -0.0139638 0.998711 -0.0488071 -15.5412 -0.50586 0.0350485 0.861903 202.15 
0.847262 0.0409637 0.529594 -123.737 -0.016232 0.998553 -0.0512687 -15.6271 -0.530927 0.0348416 0.846701 203.493 
0.831824 0.0441718 0.553278 -122.996 -0.0175211 0.998421 -0.0533684 -15.782 -0.554762 0.0346991 0.831285 204.649 
0.816191 0.0458499 0.57596 -122.092 -0.0173059 0.998339 -0.0549496 -15.9018 -0.577523 0.0348818 0.815629 205.964 
0.79897 0.0482626 0.599431 -121.24 -0.0173845 0.998211 -0.0571985 -15.9737 -0.601119 0.0352791 0.79838 207.262 
0.780611 0.0494299 0.623059 -120.488 -0.0153868 0.998086 -0.0599046 -16.139 -0.624828 0.0371753 0.779877 208.559 
0.763771 0.0514811 0.643431 -119.545 -0.0124796 0.997806 -0.0650209 -16.2268 -0.645367 0.0416314 0.762738 209.823 
0.744404 0.0522569 0.665681 -118.941 -0.010597 0.997732 -0.066473 -16.3981 -0.667645 0.0424286 0.74327 210.997 
0.725823 0.0546139 0.68571 -117.976 -0.0107259 0.997621 -0.0681028 -16.5593 -0.687798 0.0420757 0.724682 212.104 
0.709037 0.0550217 0.703022 -116.955 -0.00945006 0.997603 -0.068546 -16.7121 -0.705108 0.0419581 0.707858 213.244 
0.692902 0.054721 0.718952 -115.869 -0.0066804 0.99756 -0.069488 -16.8082 -0.721001 0.0433455 0.691578 214.388 
0.677338 0.0546375 0.73364 -114.686 -0.00430563 0.997516 -0.0703142 -17.0497 -0.73566 0.0444677 0.67589 215.478 
0.661106 0.0567718 0.748142 -113.579 -0.00372041 0.997369 -0.0723965 -17.2072 -0.750284 0.0450784 0.659578 216.53 
0.645668 0.0583804 0.761383 -112.404 -0.000969384 0.997135 -0.075635 -17.3623 -0.763618 0.0480971 0.643875 217.58 
0.629145 0.0604257 0.774935 -111.199 -0.000184804 0.996985 -0.07759 -17.5172 -0.777288 0.0486722 0.62726 218.628 
0.613551 0.0603382 0.787347 -109.98 0.00117564 0.997006 -0.0773214 -17.6671 -0.789654 0.0483663 0.611643 219.641 
0.59575 0.0612663 0.80083 -108.843 0.000235273 0.997073 -0.0764545 -17.801 -0.80317 0.0457362 0.593992 220.573 
0.578885 0.060961 0.813127 -107.522 -0.00187484 0.997298 -0.0734336 -17.9624 -0.815407 0.0409852 0.577435 221.513 
0.560753 0.0604919 0.82577 -106.244 -0.00247742 0.997446 -0.0713856 -18.1014 -0.827979 0.0379839 0.559471 222.434 
0.543225 0.0615558 0.837328 -105.005 -0.00377466 0.997478 -0.0708803 -18.218 -0.839579 0.0353433 0.542087 223.289 
0.524378 0.0649288 0.849007 -103.625 -0.0062728 0.997356 -0.0723996 -18.3561 -0.851463 0.0326391 0.523398 224.164 
0.504814 0.0687452 0.860487 -102.379 -0.01029 0.997232 -0.0736332 -18.52 -0.863167 0.0283166 0.504124 224.971 
0.484829 0.0685642 0.871917 -101.053 -0.0103028 0.997301 -0.0726949 -18.6473 -0.874548 0.0262614 0.484227 225.773 
0.462583 0.0663012 0.884093 -99.8089 -0.00889215 0.997497 -0.070153 -18.7677 -0.886531 0.0245901 0.462015 226.493 
0.442591 0.0637177 0.894457 -98.4375 -0.00824468 0.997719 -0.0669941 -18.8989 -0.896686 0.0222765 0.442107 227.178 
0.419942 0.062197 0.905417 -97.0616 -0.00890706 0.997883 -0.0644176 -19.0503 -0.907507 0.0189871 0.419607 227.919 
0.398061 0.0604791 0.915363 -95.795 -0.00817907 0.998019 -0.0623833 -19.1788 -0.917322 0.0173456 0.397767 228.507 
0.375919 0.0590947 0.924766 -94.5186 -0.00556817 0.998091 -0.0615167 -19.2982 -0.926636 0.017976 0.37553 229.129 
0.355313 0.0572781 0.932991 -93.1762 -0.00254057 0.998176 -0.0603123 -19.4276 -0.934744 0.0190595 0.354811 229.686 
0.335439 0.0568259 0.940346 -91.8309 -0.00214272 0.998223 -0.059559 -19.6206 -0.942059 0.0179635 0.334965 230.062 
0.314363 0.0555041 0.947679 -90.5916 0.00168135 0.998255 -0.059024 -19.7554 -0.949301 0.0201483 0.313721 230.467 
0.294092 0.0541655 0.954241 -89.2252 0.00278639 0.99834 -0.0575274 -19.8525 -0.955773 0.0195772 0.293452 230.908 
0.271488 0.0543622 0.960905 -87.8681 0.00228004 0.998364 -0.0571256 -19.9438 -0.962439 0.0176998 0.27092 231.389 
0.251736 0.0590143 0.965995 -86.4598 0.00113197 0.998121 -0.0612719 -20.0917 -0.967795 0.0165178 0.251196 231.799 
0.230744 0.0672168 0.97069 -85.2274 -0.000844577 0.997625 -0.0688811 -20.2455 -0.973014 0.0150741 0.230253 232.191 
0.211433 0.0758029 0.974449 -83.843 -0.0051935 0.997061 -0.076435 -20.3564 -0.977379 0.0111001 0.211206 232.522 
0.192682 0.080352 0.977966 -82.4703 -0.0070293 0.996729 -0.0805087 -20.4548 -0.981236 0.00863819 0.192617 232.813 
0.172566 0.0813954 0.981629 -81.2087 -0.0109175 0.996677 -0.0807238 -20.5966 -0.984938 0.00321324 0.172881 233.073 
0.153036 0.0803701 0.984947 -79.9065 -0.014124 0.996764 -0.0791398 -20.7481 -0.98812 -0.00180017 0.153676 233.302 
0.133967 0.0799505 0.987755 -78.6122 -0.0146406 0.996791 -0.0786961 -20.8766 -0.990878 -0.00391863 0.134707 233.516 
0.114956 0.0780161 0.990302 -77.4001 -0.0158203 0.996929 -0.0767016 -21.0028 -0.993245 -0.00684956 0.115837 233.671 
0.0949385 0.0790297 0.992341 -76.1155 -0.01525 0.996842 -0.0779291 -21.1131 -0.995366 -0.00773477 0.0958439 233.852 
0.0764376 0.0799364 0.993865 -74.8537 -0.0160686 0.99675 -0.0789326 -21.2262 -0.996945 -0.00993661 0.0774737 233.963 
0.0556851 0.0830144 0.994991 -73.6489 -0.0210911 0.996413 -0.0819526 -21.345 -0.998226 -0.0164219 0.0572362 234.098 
0.0370259 0.0836435 0.995808 -72.4208 -0.0225853 0.996306 -0.0828456 -21.4943 -0.999059 -0.0194232 0.0387783 234.168 
0.0188226 0.0802594 0.996596 -71.2421 -0.0240951 0.99652 -0.0797981 -21.6083 -0.999533 -0.0225111 0.020691 234.243 
0.00326006 0.075293 0.997156 -70.0196 -0.0216082 0.996934 -0.0752055 -21.7349 -0.999761 -0.0213015 0.00487701 234.278 
-0.0118053 0.0710026 0.997406 -68.8406 -0.0219858 0.997216 -0.0712493 -21.8527 -0.999689 -0.0227699 -0.0102114 234.318 
-0.0251293 0.0688108 0.997313 -67.6608 -0.0188576 0.997418 -0.0692931 -21.9305 -0.999506 -0.0205482 -0.0237668 234.342 
-0.0366203 0.0676928 0.997034 -66.5579 -0.0183047 0.99749 -0.0683961 -22.0606 -0.999162 -0.0207551 -0.0352893 234.359 
-0.0448292 0.0702388 0.996522 -65.4024 -0.0182628 0.997301 -0.0711152 -22.1648 -0.998828 -0.0213874 -0.0434254 234.329 
-0.0524711 0.0708844 0.996104 -64.2559 -0.0199513 0.997204 -0.0720136 -22.2736 -0.998423 -0.0236522 -0.0509102 234.323 
-0.0580589 0.0750956 0.995485 -63.1494 -0.0232109 0.996796 -0.0765482 -22.356 -0.998043 -0.0275504 -0.0561298 234.279 
-0.0631306 0.0828444 0.994561 -62.0533 -0.0222893 0.996183 -0.0843944 -22.4816 -0.997756 -0.0274959 -0.0610431 234.241 
-0.0686935 0.085881 0.993934 -60.943 -0.0249975 0.995827 -0.0877721 -22.5719 -0.997325 -0.0308753 -0.06626 234.202 
-0.0729754 0.0762087 0.994418 -59.8444 -0.0239436 0.996655 -0.0781372 -22.704 -0.997046 -0.029512 -0.0709066 234.158 
-0.0750446 0.0671418 0.994917 -58.7603 -0.0224918 0.997363 -0.0690033 -22.7961 -0.996927 -0.0275558 -0.0733365 234.084 
-0.0777208 0.0632961 0.994964 -57.6847 -0.0224371 0.997619 -0.0652176 -22.8895 -0.996723 -0.0273929 -0.0761156 234.04 
-0.077239 0.0654781 0.99486 -56.6405 -0.0230874 0.997456 -0.0674414 -22.9797 -0.996745 -0.0281779 -0.0755308 233.977 
-0.0757805 0.0683462 0.994779 -55.5645 -0.0229607 0.997264 -0.070266 -23.0812 -0.99686 -0.0281656 -0.0740039 233.9 
-0.0756873 0.0710699 0.994596 -54.4983 -0.0253966 0.996996 -0.073174 -23.1623 -0.996808 -0.0307976 -0.073655 233.867 
-0.0749051 0.0718191 0.994601 -53.4552 -0.0269712 0.996892 -0.0740157 -23.2585 -0.996826 -0.0323698 -0.0727353 233.825 
-0.0724669 0.0719872 0.99477 -52.4371 -0.0273201 0.996874 -0.0741297 -23.3766 -0.996997 -0.0325492 -0.0702737 233.79 
-0.0699799 0.0729589 0.994877 -51.4228 -0.0291495 0.996746 -0.0751464 -23.4612 -0.997122 -0.0342589 -0.0676254 233.766 
-0.0655999 0.0741944 0.995084 -50.4084 -0.0307349 0.996609 -0.0763342 -23.5511 -0.997373 -0.0355913 -0.0630971 233.731 
-0.0601783 0.0733667 0.995488 -49.4382 -0.031529 0.996658 -0.0753589 -23.6215 -0.99769 -0.0359217 -0.057664 233.721 
-0.0542293 0.0703869 0.996045 -48.4207 -0.026412 0.997062 -0.0718967 -23.7615 -0.998179 -0.0302065 -0.0522109 233.711 
-0.0484009 0.0694626 0.99641 -47.4532 -0.0240739 0.997208 -0.0706876 -23.8585 -0.998538 -0.0274088 -0.0465935 233.715 
-0.0421108 0.0718247 0.996528 -46.4774 -0.0222378 0.997098 -0.0728055 -23.929 -0.998865 -0.0252265 -0.0403914 233.711 
-0.0364238 0.0706882 0.996833 -45.4579 -0.0224952 0.997184 -0.071535 -24.0254 -0.999083 -0.0250296 -0.0347311 233.718 
-0.0301511 0.0703847 0.997064 -44.4553 -0.0240546 0.997178 -0.0711201 -24.1034 -0.999256 -0.0261283 -0.028373 233.718 
-0.0241405 0.0670775 0.997456 -43.5308 -0.0245365 0.997406 -0.0676679 -24.2039 -0.999407 -0.0261076 -0.022432 233.753 
-0.0184885 0.0660011 0.997648 -42.4941 -0.0244379 0.997491 -0.0664435 -24.2884 -0.99953 -0.0256089 -0.0168292 233.769 
-0.0134481 0.0669682 0.997665 -41.5268 -0.0272881 0.997359 -0.0673155 -24.3715 -0.999537 -0.0281296 -0.0115852 233.785 
-0.00645669 0.069802 0.99754 -40.5666 -0.0275994 0.997168 -0.0699546 -24.4582 -0.999598 -0.0279832 -0.00451192 233.804 
0.00190657 0.0713395 0.99745 -39.5175 -0.0256411 0.997128 -0.0712674 -24.53 -0.999669 -0.0254398 0.00373032 233.796 
0.00774221 0.0731775 0.997289 -38.5182 -0.0269366 0.996972 -0.0729451 -24.6146 -0.999607 -0.0262988 0.00968992 233.852 
0.0132136 0.0736916 0.997194 -37.5833 -0.0281371 0.996913 -0.073298 -24.6868 -0.999517 -0.0270896 0.0152463 233.909 
0.0202806 0.0721639 0.997187 -36.6086 -0.0274413 0.997056 -0.0715963 -24.7972 -0.999418 -0.0259121 0.0222012 233.947 
0.0263595 0.0686317 0.997294 -35.6782 -0.0262386 0.997344 -0.0679416 -24.8834 -0.999308 -0.0243767 0.0280903 233.999 
0.0309784 0.0672279 0.997257 -34.7045 -0.0259264 0.997454 -0.0664358 -24.9719 -0.999184 -0.0237972 0.0326425 234.089 
0.0374379 0.066582 0.997078 -33.7446 -0.0283825 0.997446 -0.0655408 -25.0719 -0.998896 -0.0258459 0.039232 234.14 
0.0428432 0.0676827 0.996787 -32.8153 -0.0296888 0.997348 -0.0664447 -25.1357 -0.998641 -0.0267467 0.044739 234.251 
