1 -4.23778e-08 4.22719e-08 0 -4.23778e-08 1 -4.19404e-08 0 4.22719e-08 -4.19404e-08 1 0 
0.999991 -0.00252321 -0.00342097 -0.00639566 0.00251566 0.999994 -0.00218388 -0.00338735 0.00342654 0.00217518 0.999992 0.676501 
0.999971 -0.00137652 -0.00749037 -0.0228915 0.00134841 0.999992 -0.00374569 -0.00666985 0.00749555 0.0037354 0.999965 1.37227 
0.999934 -0.00127691 -0.0114144 -0.0443154 0.0012172 0.999986 -0.00522959 -0.0117849 0.011421 0.00521526 0.999921 2.08769 
0.999863 0.000215098 -0.0165586 -0.0656637 -0.000311621 0.999983 -0.00582171 -0.0182645 0.0165572 0.00582599 0.999846 2.82082 
0.999779 -0.000900192 -0.0209889 -0.0906141 0.000772691 0.999981 -0.00607802 -0.0264256 0.0209941 0.00606037 0.999761 3.56546 
0.999673 0.000942751 -0.0255511 -0.121833 -0.00113366 0.999971 -0.00745494 -0.0338913 0.0255435 0.00748139 0.999646 4.32483 
0.999526 0.0035176 -0.0305928 -0.158565 -0.00376492 0.999961 -0.00802764 -0.0434421 0.0305635 0.00813892 0.9995 5.10455 
0.999378 0.00399367 -0.0350279 -0.198758 -0.00422379 0.99997 -0.00649554 -0.0520334 0.035001 0.00663937 0.999365 5.89839 
0.999211 0.00308672 -0.0395939 -0.23998 -0.00324804 0.999987 -0.00400872 -0.0584911 0.0395811 0.00413408 0.999208 6.70373 
0.999061 0.00288665 -0.0432312 -0.283062 -0.00295407 0.999994 -0.00149378 -0.0663158 0.0432267 0.00162 0.999064 7.52046 
0.998927 0.00430737 -0.04612 -0.33319 -0.00440937 0.999988 -0.00210831 -0.0742947 0.0461104 0.00230932 0.998934 8.34802 
0.99881 0.00373717 -0.0486321 -0.382864 -0.00385458 0.99999 -0.00231909 -0.0817741 0.048623 0.0025037 0.998814 9.18263 
0.998738 0.00100031 -0.0502169 -0.433664 -0.00115152 0.999995 -0.00298061 -0.0884623 0.0502138 0.00303459 0.998734 10.0143 
0.998634 0.000902742 -0.052237 -0.488136 -0.00101865 0.999997 -0.0021908 -0.0960615 0.0522349 0.00224094 0.998632 10.8545 
0.998572 -0.000519646 -0.0534192 -0.550774 0.000390315 0.999997 -0.00242991 -0.106292 0.0534204 0.00240551 0.998569 11.7085 
0.998485 0.0018034 -0.0549912 -0.616187 -0.00207507 0.999986 -0.00488206 -0.116722 0.0549817 0.00498869 0.998475 12.5638 
0.998399 0.0022618 -0.0565144 -0.675944 -0.00268923 0.999968 -0.0074868 -0.126766 0.0564957 0.00762671 0.998374 13.4333 
0.998284 0.00603125 -0.0582368 -0.745345 -0.0065725 0.999937 -0.00910535 -0.1394 0.0581783 0.0094724 0.998261 14.3141 
0.998221 0.00709296 -0.0591952 -0.811867 -0.00761726 0.999934 -0.0086349 -0.153263 0.0591302 0.00907036 0.998209 15.208 
0.998138 0.00605167 -0.0606966 -0.876161 -0.00650122 0.999953 -0.00721044 -0.166757 0.0606502 0.00759153 0.99813 16.1046 
0.998041 0.00666576 -0.0622035 -0.942227 -0.00703297 0.999959 -0.00568499 -0.180726 0.0621631 0.00611125 0.998047 17.0055 
0.997981 0.00637927 -0.0631921 -1.00993 -0.00674527 0.999962 -0.00557882 -0.195321 0.0631542 0.00599371 0.997986 17.9086 
0.997875 0.00618505 -0.0648582 -1.08075 -0.00661561 0.999957 -0.0064245 -0.21035 0.0648158 0.00683984 0.997874 18.8116 
0.997807 0.00480186 -0.0660192 -1.15195 -0.00528434 0.999961 -0.00713422 -0.224355 0.0659825 0.00746735 0.997793 19.7271 
0.997772 0.0048266 -0.0665387 -1.22358 -0.00520043 0.999972 -0.00544493 -0.23623 0.0665106 0.00577874 0.997769 20.6523 
0.997763 0.00597086 -0.0665762 -1.30041 -0.00611937 0.999979 -0.00202577 -0.24935 0.0665628 0.00242856 0.997779 21.5818 
0.997814 0.00691258 -0.0657175 -1.37452 -0.00681911 0.999975 0.0016477 -0.259915 0.0657274 -0.00119604 0.997837 22.5202 
0.997925 0.00576021 -0.0641334 -1.44561 -0.0054853 0.999975 0.00446298 -0.264732 0.0641576 -0.00410201 0.997931 23.4581 
0.998022 0.00594358 -0.0625904 -1.51756 -0.00563684 0.999971 0.00507747 -0.268323 0.0626188 -0.0047147 0.998026 24.4051 
0.998108 0.00621053 -0.061167 -1.58858 -0.00608223 0.999979 0.00228491 -0.276089 0.06118 -0.00190865 0.998125 25.3453 
0.998145 0.00698898 -0.0604745 -1.65516 -0.00715807 0.999971 -0.00257849 -0.283673 0.0604548 0.0030065 0.998166 26.2933 
0.998228 0.00625166 -0.0591732 -1.72526 -0.00659362 0.999963 -0.00558397 -0.292341 0.0591361 0.00596416 0.998232 27.2523 
0.99828 0.00379818 -0.0585001 -1.79245 -0.00407479 0.999981 -0.00460831 -0.302175 0.0584816 0.00483868 0.998277 28.2216 
0.998272 0.00176292 -0.0587267 -1.85975 -0.00174109 0.999998 0.000424304 -0.313563 0.0587274 -0.000321409 0.998274 29.2032 
0.998226 -0.00213786 -0.059497 -1.92554 0.00236904 0.99999 0.00381668 -0.324493 0.0594883 -0.00395094 0.998221 30.1816 
0.998113 -0.00953168 -0.0606587 -1.98625 0.00974518 0.999947 0.0032261 -0.332801 0.0606249 -0.00381123 0.998153 31.1621 
0.998004 -0.0116594 -0.0620587 -2.0525 0.0116334 0.999932 -0.000778409 -0.338327 0.0620636 5.48141e-05 0.998072 32.141 
0.997924 -0.0114551 -0.0633749 -2.12948 0.0111775 0.999926 -0.00473088 -0.351186 0.0634245 0.0040126 0.997978 33.117 
0.997806 -0.00967257 -0.065491 -2.21125 0.00932908 0.999941 -0.00554739 -0.363775 0.0655409 0.00492416 0.997838 34.1025 
0.997751 -0.00981174 -0.0663093 -2.28691 0.0095573 0.999946 -0.00415215 -0.37728 0.0663465 0.00350899 0.99779 35.0994 
0.997699 -0.00640169 -0.0674981 -2.37976 0.00630941 0.999979 -0.00157906 -0.390992 0.0675069 0.00114947 0.997718 36.1028 
0.997628 -0.00632353 -0.0685389 -2.46416 0.0063136 0.99998 -0.000360232 -0.404702 0.0685399 -7.34362e-05 0.997648 37.1007 
0.997552 -0.00505808 -0.0697458 -2.54616 0.00522958 0.999984 0.00227773 -0.417557 0.0697332 -0.00263698 0.997562 38.097 
0.997559 -0.00522747 -0.0696292 -2.62259 0.00559622 0.999971 0.00510315 -0.422843 0.0696007 -0.00548044 0.99756 39.1035 
0.997529 0.000566906 -0.0702563 -2.71672 -4.6174e-05 0.999972 0.00741444 -0.431385 0.0702587 -0.00739296 0.997501 40.1026 
0.997517 0.000422709 -0.0704174 -2.8009 6.53739e-05 0.999976 0.00693 -0.440708 0.0704187 -0.00691748 0.997493 41.1066 
0.997518 0.000482053 -0.0704139 -2.88208 -0.000119381 0.999987 0.00515585 -0.446235 0.0704155 -0.00513473 0.997504 42.0985 
0.997511 0.00271337 -0.0704529 -2.97011 -0.00250961 0.999992 0.00298173 -0.455448 0.0704606 -0.00279758 0.997511 43.0967 
0.997452 0.00250109 -0.0712963 -3.05156 -0.00230226 0.999993 0.00287204 -0.463669 0.0713031 -0.00270067 0.997451 44.0894 
0.997358 0.000630571 -0.0726329 -3.13514 -0.000334701 0.999992 0.00408673 -0.473403 0.0726349 -0.00405171 0.99735 45.0797 
0.997308 0.0011804 -0.0733124 -3.22046 -0.000811203 0.999987 0.00506666 -0.483028 0.0733175 -0.00499363 0.997296 46.0677 
0.997289 0.00375758 -0.0734851 -3.30818 -0.00365875 0.999992 0.00148054 -0.496575 0.0734902 -0.00120775 0.997295 47.035 
0.997225 0.00414286 -0.0743299 -3.39651 -0.0043528 0.999987 -0.00266159 -0.506603 0.074318 0.00297766 0.99723 48.0031 
0.997171 0.00498052 -0.0749984 -3.48473 -0.00528426 0.999979 -0.00385093 -0.521047 0.0749777 0.00423626 0.997176 48.9793 
0.997171 0.0038254 -0.0750714 -3.56994 -0.00386756 0.999992 -0.000415098 -0.535462 0.0750693 0.00070418 0.997178 49.9578 
0.997163 0.00188249 -0.075245 -3.65133 -0.00168025 0.999995 0.00275199 -0.549102 0.0752499 -0.00261784 0.997161 50.9299 
0.997143 -2.36333e-06 -0.0755313 -3.73186 0.000267294 0.999994 0.00349853 -0.562329 0.0755309 -0.00350882 0.997137 51.8935 
0.99712 -0.00300626 -0.0757741 -3.81305 0.00318879 0.999992 0.002289 -0.573413 0.0757667 -0.00252412 0.997122 52.8519 
0.997094 -0.00568533 -0.0759657 -3.89934 0.00577256 0.999983 0.0009298 -0.582534 0.0759592 -0.0013657 0.99711 53.8093 
0.996995 -0.00725735 -0.0771195 -3.98122 0.00743724 0.99997 0.00204669 -0.592341 0.0771024 -0.00261418 0.99702 54.7606 
0.996872 -0.0104365 -0.0783369 -4.06184 0.0109575 0.99992 0.00622543 -0.602056 0.0782658 -0.00706443 0.996907 55.7163 
0.996814 -0.0113353 -0.0789561 -4.14769 0.0122499 0.999863 0.0111102 -0.606458 0.0788195 -0.0120421 0.996816 56.669 
0.996788 -0.00955797 -0.0795087 -4.23543 0.0106508 0.999854 0.013333 -0.612783 0.0793698 -0.0141371 0.996745 57.6157 
0.996686 -0.00843118 -0.080908 -4.32345 0.00922291 0.999913 0.00941782 -0.620097 0.0808217 -0.0101329 0.996677 58.5479 
0.996595 -0.00695753 -0.0821618 -4.415 0.00711146 0.999973 0.00158207 -0.625555 0.0821487 -0.00216106 0.996618 59.4661 
0.996537 -0.00536417 -0.0829703 -4.50638 0.00510248 0.999981 -0.00336469 -0.635493 0.0829868 0.0029296 0.996546 60.3773 
0.996473 -0.000309486 -0.0839086 -4.60142 0.000102102 0.999997 -0.00247486 -0.650817 0.0839092 0.00245748 0.99647 61.2816 
0.996361 0.00233588 -0.0852019 -4.69405 -0.00235574 0.999997 -0.000131621 -0.666284 0.0852015 0.000331768 0.996364 62.1772 
0.996273 0.00483119 -0.0861174 -4.78708 -0.00472827 0.999988 0.00139993 -0.68166 0.0861232 -0.000987612 0.996284 63.0718 
0.996168 0.00551839 -0.087283 -4.87641 -0.00544041 0.999984 0.00113221 -0.692512 0.087288 -0.000653102 0.996183 63.9384 
0.99601 0.00713953 -0.0889511 -4.96657 -0.00700616 0.999974 0.00181239 -0.703383 0.0889618 -0.00118204 0.996034 64.7971 
0.995868 0.00800505 -0.0904569 -5.05324 -0.00781376 0.999966 0.00246958 -0.717349 0.0904738 -0.00175266 0.995897 65.6364 
0.995736 0.00802438 -0.0919006 -5.13991 -0.00778671 0.999965 0.00294534 -0.729738 0.0919211 -0.00221727 0.995764 66.4594 
0.995625 0.00783291 -0.0931125 -5.22953 -0.007491 0.999964 0.00402183 -0.738016 0.0931408 -0.00330682 0.995647 67.2684 
0.995462 0.0106464 -0.0945568 -5.31816 -0.0100651 0.999927 0.00662356 -0.745153 0.0946206 -0.00564187 0.995497 68.0653 
0.995309 0.0121462 -0.0959816 -5.4049 -0.0111722 0.99988 0.0106788 -0.754455 0.0960999 -0.00955644 0.995326 68.8552 
0.995111 0.0153413 -0.0975625 -5.49859 -0.0142042 0.999823 0.0123394 -0.760211 0.0977346 -0.0108933 0.995153 69.6319 
0.994941 0.0180068 -0.0988374 -5.59014 -0.0172765 0.999817 0.00824139 -0.76931 0.0989678 -0.00649222 0.995069 70.3843 
0.994805 0.0179826 -0.100195 -5.67602 -0.017978 0.999838 0.000950128 -0.779428 0.100196 0.000856024 0.994967 71.1111 
0.994666 0.0171061 -0.101719 -5.75863 -0.0177016 0.999831 -0.00495302 -0.785452 0.101617 0.0067271 0.994801 71.8211 
0.99461 0.0179735 -0.102114 -5.84164 -0.0187132 0.999805 -0.00629007 -0.791707 0.101981 0.00816696 0.994753 72.5164 
0.994465 0.0207322 -0.103006 -5.92817 -0.0211348 0.999773 -0.00281737 -0.805961 0.102924 0.00497869 0.994677 73.1965 
0.994323 0.0208503 -0.104338 -6.00971 -0.0210211 0.999779 -0.00053688 -0.822344 0.104304 0.00272705 0.994542 73.8582 
0.99428 0.0177164 -0.105323 -6.08481 -0.0182196 0.999827 -0.00381666 -0.837986 0.105237 0.00571369 0.994431 74.4956 
0.99438 0.00958821 -0.105436 -6.1473 -0.0105733 0.999905 -0.00878764 -0.853272 0.105342 0.00985298 0.994387 75.1119 
0.994501 0.0055052 -0.104583 -6.20908 -0.00697035 0.999882 -0.0136483 -0.86671 0.104495 0.0143022 0.994422 75.713 
0.994799 0.00792591 -0.101549 -6.27764 -0.0093974 0.999857 -0.0140196 -0.87775 0.101423 0.0149008 0.994732 76.3001 
0.99516 0.0128366 -0.0974248 -6.34796 -0.0139843 0.99984 -0.0111053 -0.892666 0.0972668 0.0124138 0.995181 76.8728 
0.995603 0.0113043 -0.092989 -6.40033 -0.0121091 0.999894 -0.00809432 -0.903362 0.0928877 0.00918465 0.995634 77.4333 
0.996142 0.00752996 -0.0874269 -6.44262 -0.00789709 0.999961 -0.00385325 -0.917662 0.0873946 0.00452872 0.996163 77.9813 
0.996841 0.00321476 -0.0793612 -6.47918 -0.00325203 0.999995 -0.00033939 -0.932326 0.0793598 0.000596316 0.996846 78.5112 
0.997613 0.00678782 -0.068714 -6.51729 -0.00683721 0.999976 -0.000482484 -0.944293 0.0687092 0.000951058 0.997636 79.0271 
0.998488 0.0120082 -0.0536461 -6.55069 -0.0120824 0.999926 -0.00105861 -0.953338 0.0536295 0.0017051 0.998559 79.5288 
0.999219 0.0170958 -0.0356344 -6.57113 -0.0171348 0.999853 -0.000787194 -0.959117 0.0356158 0.00139708 0.999364 80.0212 
0.999789 0.0154914 -0.0134796 -6.56914 -0.0154978 0.99988 -0.00036185 -0.964006 0.0134724 0.000570593 0.999909 80.5008 
0.999847 0.0119348 0.0127898 -6.5451 -0.0119446 0.999928 0.000690755 -0.974835 -0.0127805 -0.000843501 0.999918 80.9665 
0.99904 0.010912 0.0424187 -6.50976 -0.0110132 0.999937 0.00215277 -0.983255 -0.0423925 -0.00261795 0.999098 81.4213 
0.997097 0.010558 0.0754069 -6.45903 -0.0108525 0.999935 0.00349465 -0.990795 -0.075365 -0.00430293 0.997147 81.8614 
0.993545 0.0105205 0.112946 -6.38802 -0.0110306 0.999932 0.00389125 -0.997286 -0.112897 -0.00511208 0.993593 82.2989 
0.987911 0.0107066 0.154654 -6.29855 -0.0114337 0.999927 0.00381231 -1.00335 -0.154602 -0.00553458 0.987961 82.7255 
0.979779 0.0104736 0.199809 -6.1894 -0.0114579 0.999927 0.00376952 -1.01164 -0.199755 -0.00598276 0.979827 83.1369 
0.968471 0.0126315 0.248807 -6.06137 -0.0134875 0.999907 0.00173555 -1.02403 -0.248762 -0.00503667 0.968552 83.531 
0.953249 0.0134651 0.301887 -5.91062 -0.0137581 0.999905 -0.00115601 -1.035 -0.301874 -0.0030515 0.953343 83.9076 
0.933714 0.0137102 0.357756 -5.73948 -0.0134353 0.999904 -0.00325419 -1.04441 -0.357766 -0.00176815 0.933809 84.2656 
0.909681 0.0144802 0.415054 -5.54792 -0.0134866 0.999895 -0.00532532 -1.04964 -0.415088 -0.000753389 0.909781 84.6062 
0.880896 0.0145383 0.473086 -5.33648 -0.0125972 0.999894 -0.00727142 -1.05763 -0.473142 0.000445719 0.880986 84.9272 
0.84756 0.0130104 0.53054 -5.1054 -0.00959038 0.999912 -0.00919996 -1.06854 -0.530612 0.00270939 0.84761 85.2248 
0.810714 0.0126801 0.585305 -4.85779 -0.00818715 0.999913 -0.0103222 -1.08 -0.585385 0.00357635 0.810748 85.5067 
0.770643 0.0114113 0.637164 -4.59421 -0.0071389 0.999931 -0.00927402 -1.09168 -0.637226 0.00259826 0.770672 85.7736 
0.727523 0.0110254 0.685994 -4.31603 -0.0084902 0.999939 -0.00706712 -1.10085 -0.68603 -0.000682774 0.727573 86.0255 
0.681839 0.0100121 0.731433 -4.02263 -0.00774106 0.999949 -0.00647161 -1.11069 -0.731461 -0.00124951 0.681882 86.2558 
0.634798 0.00880779 0.772628 -3.71657 -0.00440147 0.99996 -0.00778317 -1.11846 -0.772665 0.00154001 0.634812 86.4604 
0.587445 0.00618636 0.80924 -3.39637 0.00131435 0.999962 -0.0085986 -1.12769 -0.809263 0.0061148 0.587415 86.6454 
0.540071 0.00839357 0.841578 -3.07381 -0.00057452 0.999954 -0.00960458 -1.13798 -0.841619 0.00470362 0.54005 86.8194 
0.492257 0.0113691 0.870375 -2.74747 -0.00426469 0.999934 -0.0106495 -1.14781 -0.870439 0.0015304 0.492274 86.9782 
0.446302 0.0136013 0.894779 -2.41312 -0.00507199 0.999907 -0.0126696 -1.15788 -0.894868 0.00111614 0.44633 87.1171 
0.403761 0.0110409 0.914798 -2.0665 0.00233309 0.999911 -0.013098 -1.16432 -0.914861 0.00742276 0.4037 87.2283 
0.364046 0.00353671 0.931374 -1.70657 0.017456 0.999791 -0.0106196 -1.1672 -0.931217 0.0201241 0.363909 87.3163 
0.32859 -0.000153751 0.944473 -1.34625 0.0218536 0.999733 -0.00744041 -1.1722 -0.94422 0.023085 0.328506 87.407 
0.295339 0.00393044 0.955385 -0.985556 0.0193381 0.999762 -0.0100911 -1.18034 -0.955197 0.0214556 0.295192 87.5025 
0.264101 0.0116716 0.964424 -0.623298 0.00861538 0.999858 -0.0144597 -1.19572 -0.964457 0.0121277 0.263963 87.6037 
0.235609 0.0161657 0.971713 -0.246932 0.00386599 0.999838 -0.0175711 -1.21294 -0.97184 0.00789653 0.235508 87.6904 
0.209866 0.017912 0.977566 0.145339 0.00520526 0.999797 -0.0194369 -1.22741 -0.977716 0.0091676 0.20973 87.7596 
0.186486 0.0191889 0.98227 0.547468 0.0125311 0.999681 -0.0219082 -1.23943 -0.982378 0.0163945 0.186187 87.8137 
0.16633 0.0253639 0.985744 0.952708 0.0195174 0.999389 -0.0290084 -1.24106 -0.985877 0.0240641 0.165733 87.8578 
0.14654 0.0321626 0.988682 1.37306 0.02154 0.99913 -0.0356952 -1.24272 -0.98897 0.026527 0.14572 87.9107 
0.128856 0.0329745 0.991115 1.80642 0.0189149 0.999183 -0.0357022 -1.25718 -0.991483 0.0233473 0.128127 87.9673 
0.113468 0.0286198 0.993129 2.26471 0.0173527 0.999375 -0.0307825 -1.27965 -0.99339 0.0207263 0.1129 88.0186 
0.0992039 0.0254439 0.994742 2.72713 0.0179154 0.999465 -0.0273515 -1.29886 -0.994906 0.0205346 0.0986951 88.0542 
0.0859541 0.0229526 0.996035 3.21137 0.0201692 0.99949 -0.0247728 -1.31729 -0.996095 0.0222186 0.0854473 88.0896 
0.0743273 0.0221934 0.996987 3.70607 0.0240808 0.999421 -0.0240429 -1.33234 -0.996943 0.0257953 0.0737498 88.1197 
0.0641915 0.0228219 0.997677 4.21751 0.027609 0.999315 -0.0246359 -1.34711 -0.997556 0.0291263 0.0635174 88.1483 
0.0562881 0.0233074 0.998142 4.74537 0.0296525 0.999247 -0.0250055 -1.36441 -0.997974 0.0310049 0.0555546 88.177 
0.0506661 0.0236498 0.998436 5.29211 0.0311673 0.999195 -0.0252495 -1.38092 -0.998229 0.0323978 0.0498883 88.2052 
0.0451806 0.0247266 0.998673 5.85645 0.0325246 0.999127 -0.0262093 -1.39776 -0.998449 0.0336656 0.0443369 88.2296 
0.0393178 0.0254181 0.998903 6.43311 0.033151 0.999093 -0.0267278 -1.41588 -0.998677 0.0341655 0.0384395 88.2526 
0.0349877 0.0255099 0.999062 7.03537 0.0354313 0.999014 -0.0267496 -1.43361 -0.998759 0.036334 0.0340494 88.2738 
0.0322311 0.025394 0.999158 7.65557 0.0368731 0.998966 -0.0265787 -1.45486 -0.9988 0.0376987 0.0312615 88.2931 
0.0290484 0.0250165 0.999265 8.29261 0.0377482 0.998946 -0.026106 -1.47377 -0.998865 0.0384788 0.0280734 88.3184 
0.0267917 0.0244254 0.999343 8.94838 0.0399341 0.998877 -0.0254847 -1.49461 -0.998843 0.0405906 0.0257862 88.3385 
0.0261801 0.024099 0.999367 9.62162 0.0443915 0.998695 -0.0252458 -1.51412 -0.998671 0.0450244 0.0250761 88.3569 
0.0271664 0.0237452 0.999349 10.3111 0.0478762 0.99854 -0.0250275 -1.53617 -0.998484 0.0485249 0.0259899 88.3805 
0.0296261 0.0236741 0.999281 11.0185 0.0496349 0.998451 -0.0251261 -1.55863 -0.998328 0.0503436 0.0284051 88.4068 
0.033519 0.0236363 0.999158 11.7426 0.0521146 0.998319 -0.0253648 -1.58151 -0.998078 0.052921 0.0322309 88.4382 
0.0378924 0.0231857 0.999013 12.4822 0.0526153 0.998298 -0.0251648 -1.60446 -0.997896 0.0535169 0.036608 88.4759 
0.0419779 0.0215761 0.998885 13.2428 0.0541126 0.99825 -0.0238365 -1.62641 -0.997652 0.0550529 0.0407369 88.5152 
0.0459819 0.0200986 0.99874 14.0116 0.053936 0.998289 -0.0225728 -1.64962 -0.997485 0.054906 0.0448192 88.5622 
0.0502086 0.0181011 0.998575 14.7981 0.0507307 0.998499 -0.0206506 -1.67243 -0.997449 0.0516952 0.0492149 88.6159 
0.0542115 0.0171525 0.998382 15.5971 0.049908 0.998556 -0.0198656 -1.69393 -0.997281 0.0509042 0.0532772 88.6728 
0.0584381 0.0180516 0.998128 16.4042 0.0472901 0.998664 -0.0208301 -1.72044 -0.99717 0.0484188 0.0575063 88.7339 
0.0615383 0.0221977 0.997858 17.2101 0.045358 0.998658 -0.0250128 -1.74779 -0.997073 0.0468 0.0604489 88.7976 
0.0628593 0.0276446 0.997639 18.0184 0.039432 0.998767 -0.0301604 -1.77592 -0.997243 0.0412348 0.0616917 88.87 
0.0626193 0.030713 0.997565 18.833 0.0367942 0.998776 -0.03306 -1.80836 -0.997359 0.0387748 0.0614125 88.9368 
0.0627875 0.0302983 0.997567 19.6501 0.0345298 0.998875 -0.0325114 -1.84131 -0.997429 0.0364871 0.0616707 89.0036 
0.0629266 0.0286344 0.997607 20.4781 0.0318643 0.999021 -0.030685 -1.87758 -0.997509 0.033719 0.0619526 89.069 
0.0626654 0.0273158 0.997661 21.2989 0.0327964 0.999029 -0.0294134 -1.91365 -0.997495 0.0345629 0.0617087 89.1318 
0.0631242 0.0267507 0.997647 22.1213 0.0302819 0.999129 -0.0287066 -1.9495 -0.997546 0.0320228 0.0622591 89.1977 
0.0632144 0.0271274 0.997631 22.94 0.0286568 0.999169 -0.0289851 -1.98464 -0.997588 0.0304211 0.0623845 89.2636 
0.0633864 0.0278162 0.997601 23.7571 0.0258231 0.999231 -0.0295025 -2.02044 -0.997655 0.0276313 0.0626194 89.3288 
0.062187 0.0292423 0.997636 24.5751 0.0229193 0.999265 -0.0307188 -2.05522 -0.997801 0.0247754 0.0614711 89.3938 
0.0594599 0.0288909 0.997812 25.3928 0.0199061 0.999348 -0.0301216 -2.08889 -0.998032 0.0216536 0.058846 89.456 
0.0557604 0.0276998 0.99806 26.2081 0.0177375 0.99943 -0.0287289 -2.12328 -0.998287 0.019305 0.0552373 89.5115 
0.0510933 0.0252891 0.998374 27.0222 0.0158189 0.999533 -0.0261281 -2.15846 -0.998569 0.0171281 0.0506694 89.5636 
0.0448511 0.0232274 0.998724 27.8382 0.0138541 0.999619 -0.0238705 -2.19216 -0.998898 0.014907 0.0445123 89.6103 
0.0375042 0.0235378 0.999019 28.6429 0.0133316 0.999622 -0.0240525 -2.22349 -0.999207 0.0142206 0.0371763 89.648 
0.0288946 0.0244541 0.999283 29.4452 0.0132996 0.999603 -0.0248466 -2.25452 -0.999494 0.014008 0.0285579 89.6798 
0.019012 0.0249202 0.999509 30.2515 0.0138788 0.999586 -0.0251862 -2.28234 -0.999723 0.0143508 0.0186583 89.7009 
0.00864345 0.0238937 0.999677 31.0474 0.0149645 0.999599 -0.0240213 -2.31491 -0.999851 0.0151673 0.00828243 89.7157 
-0.00206899 0.0229538 0.999734 31.8412 0.0140432 0.999639 -0.0229227 -2.34566 -0.999899 0.0139921 -0.00239059 89.7216 
-0.0131666 0.0221774 0.999667 32.6281 0.015453 0.999639 -0.0219734 -2.37495 -0.999794 0.0151586 -0.0135045 89.7152 
-0.0241424 0.0225748 0.999454 33.4119 0.0156413 0.999631 -0.0222011 -2.40452 -0.999586 0.0150968 -0.0244866 89.7021 
-0.0352028 0.0231158 0.999113 34.1888 0.0159278 0.999618 -0.0225664 -2.43469 -0.999253 0.0151193 -0.0355576 89.6792 
-0.0458357 0.024275 0.998654 34.9644 0.0156445 0.999599 -0.02358 -2.46481 -0.998826 0.0145426 -0.0461971 89.6503 
-0.0561916 0.025366 0.998098 35.7328 0.0164558 0.999565 -0.0244769 -2.49159 -0.998284 0.0150491 -0.0565846 89.6134 
-0.0657395 0.0261076 0.997495 36.4951 0.017336 0.999537 -0.0250186 -2.52102 -0.997686 0.0156478 -0.0661616 89.5688 
-0.075276 0.0265927 0.996808 37.2502 0.0179451 0.999518 -0.0253099 -2.55092 -0.997001 0.0159826 -0.075717 89.5128 
-0.0846958 0.0269584 0.996042 37.9926 0.0188094 0.999499 -0.0254527 -2.58041 -0.996229 0.0165792 -0.0851604 89.456 
-0.0933003 0.0264382 0.995287 38.7287 0.0199958 0.999495 -0.0246757 -2.60908 -0.995437 0.0175993 -0.0937818 89.3929 
-0.100622 0.0254305 0.9946 39.454 0.0219681 0.999486 -0.023333 -2.63638 -0.994682 0.0195017 -0.101129 89.3197 
-0.105795 0.0237674 0.994104 40.1766 0.024813 0.999466 -0.021255 -2.66447 -0.994078 0.022418 -0.106328 89.2457 
