1 -4.23778e-08 4.22719e-08 0 -4.23778e-08 1 -4.19404e-08 0 4.22719e-08 -4.19404e-08 1 0 
0.999992 -0.0030825 -0.00265957 -0.0221511 0.00307859 0.999994 -0.00144181 -0.0096658 0.00266409 0.00143352 0.999995 0.649974 
0.999976 -0.0021575 -0.00660823 -0.0525223 0.00213798 0.999993 -0.00294652 -0.0161112 0.00661463 0.00293224 0.999974 1.33567 
0.999963 -0.00301641 -0.00810284 -0.12155 0.00298929 0.99999 -0.00334693 -0.0400473 0.00811294 0.00332249 0.999961 1.99132 
0.999913 -0.00178715 -0.0130816 -0.147119 0.00173779 0.999991 -0.00377709 -0.038995 0.0130884 0.00375394 0.999907 2.73343 
0.999828 -0.00366453 -0.0182025 -0.154798 0.00360286 0.999988 -0.00341535 -0.0501132 0.0182149 0.0033491 0.999828 3.48595 
0.999752 -0.00260624 -0.0221061 -0.213875 0.00250371 0.999986 -0.00466047 -0.0506234 0.022118 0.00460389 0.999745 4.23997 
0.999663 0.00144013 -0.0259273 -0.263926 -0.00160211 0.999979 -0.00622424 -0.0494074 0.0259179 0.0062636 0.999644 4.99142 
0.999517 0.00104119 -0.0310419 -0.289228 -0.00116731 0.999991 -0.00404244 -0.0657726 0.0310375 0.00407664 0.99951 5.75744 
0.999378 0.000655707 -0.0352524 -0.332223 -0.000738956 0.999997 -0.00234617 -0.0537452 0.0352509 0.00237068 0.999376 6.57039 
0.999253 0.00131775 -0.0386134 -0.379653 -0.00131855 0.999999 6.90491e-06 -0.0502856 0.0386135 4.39286e-05 0.999254 7.35548 
0.999167 0.00272386 -0.0407168 -0.445307 -0.00271318 0.999996 0.000319591 -0.0730516 0.0407176 -0.000208938 0.999171 8.17872 
0.999145 0.00253673 -0.0412682 -0.524387 -0.00254589 0.999997 -0.000167423 -0.0769836 0.0412677 0.000272259 0.999148 8.96568 
0.999054 -0.00069845 -0.0434701 -0.556594 0.000625388 0.999998 -0.0016924 -0.0648917 0.0434713 0.00166353 0.999053 9.82115 
0.999059 -0.000599762 -0.0433673 -0.627058 0.00060136 1 2.57029e-05 -0.0876144 0.0433674 -5.18438e-05 0.999059 10.6194 
0.999023 -0.00260835 -0.0441123 -0.694368 0.00261407 0.999996 7.4021e-05 -0.103388 0.044112 -0.000189347 0.999026 11.4872 
0.998876 -0.000592159 -0.0473878 -0.721616 0.000425792 0.999994 -0.00351902 -0.0996732 0.0473896 0.0034948 0.99887 12.3578 
0.998866 0.000265953 -0.0476111 -0.799526 -0.000641535 0.999969 -0.00787169 -0.084946 0.0476076 0.00789322 0.998835 13.2146 
0.998827 0.00407817 -0.0482424 -0.87618 -0.00456289 0.99994 -0.00994003 -0.0948557 0.0481991 0.0101484 0.998786 14.1013 
0.998791 0.00644422 -0.0487343 -0.944596 -0.00699926 0.999912 -0.0112255 -0.0914156 0.0486578 0.0115529 0.998749 14.9779 
0.998747 0.00532912 -0.0497555 -0.992345 -0.00582257 0.999935 -0.00977619 -0.103861 0.0497002 0.0100536 0.998713 15.8754 
0.998703 0.00650024 -0.0504986 -1.05416 -0.00698298 0.999931 -0.00938744 -0.108389 0.0504342 0.00972781 0.99868 16.7794 
0.998664 0.00588839 -0.0513396 -1.12442 -0.00637129 0.999937 -0.00924576 -0.13212 0.051282 0.00956042 0.998638 17.6799 
0.998568 0.00648983 -0.0530958 -1.17506 -0.00704876 0.999922 -0.0103448 -0.146195 0.0530246 0.0107041 0.998536 18.5713 
0.998523 0.00525637 -0.0540683 -1.24464 -0.00589343 0.999915 -0.0116283 -0.157353 0.0540026 0.0119296 0.998469 19.478 
0.998536 0.00517683 -0.0538411 -1.31371 -0.00571338 0.999935 -0.00981475 -0.182993 0.0537869 0.0101079 0.998501 20.4069 
0.998436 0.00755359 -0.0553891 -1.35431 -0.00794279 0.999945 -0.0068084 -0.190272 0.0553347 0.00723761 0.998442 21.3626 
0.998458 0.00693183 -0.0550726 -1.41815 -0.00705183 0.999973 -0.00198342 -0.222335 0.0550575 0.00236864 0.99848 22.2833 
0.998535 0.00508292 -0.0538713 -1.47484 -0.00502821 0.999987 0.00115247 -0.239188 0.0538765 -0.000879995 0.998547 23.2198 
0.998661 0.0050533 -0.0514842 -1.55728 -0.00498798 0.999986 0.00139875 -0.245859 0.0514906 -0.00114016 0.998673 24.1474 
0.998748 0.00531437 -0.0497484 -1.62876 -0.00535448 0.999985 -0.000671347 -0.266319 0.0497442 0.000936798 0.998761 25.0678 
0.998835 0.00520259 -0.0479628 -1.70163 -0.00545279 0.999972 -0.00508548 -0.286038 0.0479351 0.005341 0.998836 26.0172 
0.998884 0.00405443 -0.0470492 -1.75846 -0.00443227 0.999959 -0.00792761 -0.294713 0.0470152 0.00812721 0.998861 26.9561 
0.998935 0.00195937 -0.0461007 -1.81569 -0.00229498 0.999971 -0.00722633 -0.314645 0.0460853 0.00732435 0.998911 27.9273 
0.998982 0.000263054 -0.0451042 -1.88894 -0.000391727 0.999996 -0.00284213 -0.319948 0.0451034 0.00285682 0.998978 28.8782 
0.999002 -0.00333578 -0.0445294 -1.97766 0.00333343 0.999994 -0.000125229 -0.326988 0.0445296 -2.34173e-05 0.999008 29.8569 
0.99888 -0.0102144 -0.0461952 -2.02096 0.0102113 0.999948 -0.000299992 -0.344561 0.0461959 -0.000172145 0.998932 30.8053 
0.998856 -0.0116109 -0.0463833 -2.09589 0.0114001 0.999923 -0.00480652 -0.350393 0.0464357 0.00427216 0.998912 31.7792 
0.998789 -0.0117274 -0.0477744 -2.14859 0.0112942 0.999893 -0.00932666 -0.350543 0.0478787 0.00877571 0.998815 32.7732 
0.998697 -0.00939313 -0.0501623 -2.21488 0.00887833 0.999906 -0.0104739 -0.368312 0.050256 0.0100149 0.998686 33.7697 
0.998733 -0.0095793 -0.0494098 -2.31916 0.00909513 0.999908 -0.0100129 -0.373521 0.0495013 0.00955077 0.998728 34.7347 
0.998724 -0.00610111 -0.0501197 -2.40895 0.00574873 0.999958 -0.00717032 -0.400601 0.0501615 0.00687296 0.998717 35.7373 
0.998715 -0.00601348 -0.050327 -2.49917 0.00571708 0.999965 -0.00602977 -0.415448 0.0503616 0.00573421 0.998715 36.7182 
0.998686 -0.00338187 -0.0511372 -2.5775 0.0032014 0.999988 -0.003609 -0.433063 0.0511489 0.00344046 0.998685 37.7018 
0.998754 -0.0028081 -0.0498153 -2.65344 0.00275738 0.999996 -0.00108513 -0.43896 0.0498182 0.00094633 0.998758 38.6646 
0.998759 0.00284872 -0.0497229 -2.73666 -0.00281038 0.999996 0.000842588 -0.446596 0.0497251 -0.000701888 0.998763 39.6154 
0.998797 0.00224726 -0.0489924 -2.81755 -0.00222874 0.999997 0.00043432 -0.465718 0.0489933 -0.000324692 0.998799 40.6048 
0.998792 0.00241812 -0.0490807 -2.87813 -0.00246101 0.999997 -0.000811853 -0.486127 0.0490787 0.000931575 0.998794 41.6185 
0.998819 0.00536588 -0.0482895 -2.97209 -0.00556864 0.999976 -0.00406356 -0.47497 0.0482666 0.00432759 0.998825 42.5834 
0.998756 0.00705719 -0.0493577 -3.03378 -0.00730661 0.999961 -0.00487296 -0.485004 0.0493215 0.00522745 0.998769 43.5632 
0.998733 0.00758844 -0.0497395 -3.11644 -0.00779568 0.999962 -0.00397225 -0.499455 0.0497075 0.00435489 0.998754 44.5236 
0.998656 0.00768334 -0.0512484 -3.17065 -0.00788513 0.999962 -0.0037347 -0.509375 0.0512178 0.00413369 0.998679 45.5079 
0.998672 0.0106617 -0.0504034 -3.25414 -0.011036 0.999913 -0.00715159 -0.537887 0.0503229 0.00769826 0.998703 46.4662 
0.998665 0.0106565 -0.0505414 -3.3358 -0.0112099 0.99988 -0.0106769 -0.561571 0.0504216 0.0112291 0.998665 47.4263 
0.998628 0.0115958 -0.0510619 -3.40381 -0.0122536 0.999846 -0.0125858 -0.572992 0.0509082 0.0131942 0.998616 48.387 
0.998608 0.0105159 -0.0516751 -3.45487 -0.0110251 0.999893 -0.00957638 -0.586257 0.051569 0.0101327 0.998618 49.3758 
0.998698 0.00958795 -0.0501057 -3.54279 -0.00997558 0.999922 -0.00749025 -0.602165 0.05003 0.00798025 0.998716 50.3356 
0.998623 0.00751087 -0.0519245 -3.578 -0.00788396 0.999944 -0.00698255 -0.620261 0.0518693 0.00738221 0.998627 51.3314 
0.998667 0.0036987 -0.0514854 -3.65376 -0.00410023 0.999962 -0.00769385 -0.648799 0.0514551 0.00789461 0.998644 52.261 
0.998622 0.000973493 -0.0524691 -3.70774 -0.00147556 0.999953 -0.00952935 -0.66753 0.0524575 0.00959356 0.998577 53.2132 
0.998637 -0.00127206 -0.0521704 -3.80614 0.000782059 0.999955 -0.00941011 -0.667858 0.0521801 0.0093564 0.998594 54.1538 
0.998583 -0.00411596 -0.0530612 -3.86436 0.00383978 0.999978 -0.00530424 -0.685478 0.053082 0.0050929 0.998577 55.1133 
0.998576 -0.00447742 -0.0531641 -3.93038 0.0044347 0.99999 -0.000920001 -0.701451 0.0531677 0.000682838 0.998585 56.0588 
0.998531 -0.00302128 -0.0540903 -3.99384 0.00308661 0.999995 0.00112591 -0.715848 0.0540867 -0.0012913 0.998535 57.0117 
0.998522 -0.00175275 -0.0543195 -4.07517 0.00162122 0.999996 -0.00246388 -0.73902 0.0543236 0.00237209 0.99852 57.9524 
0.99846 2.97761e-05 -0.0554762 -4.15175 -0.000537159 0.999958 -0.00912957 -0.769782 0.0554737 0.00914523 0.998418 58.8532 
0.998396 0.00245817 -0.0565586 -4.22517 -0.00330169 0.999885 -0.014824 -0.77793 0.0565157 0.0149869 0.998289 59.7674 
0.998376 0.00928367 -0.0561989 -4.31269 -0.0100986 0.999848 -0.0142335 -0.806127 0.0560583 0.0147778 0.998318 60.6371 
0.998284 0.0110606 -0.0575003 -4.3861 -0.011758 0.999861 -0.0118031 -0.841316 0.0573619 0.0124589 0.998276 61.506 
0.998243 0.0125875 -0.0579057 -4.48132 -0.0131039 0.999878 -0.0085456 -0.88464 0.0577911 0.00928929 0.998285 62.3287 
0.998189 0.0121914 -0.0589042 -4.54011 -0.0127496 0.999877 -0.00910912 -0.907981 0.058786 0.00984354 0.998222 63.1757 
0.998087 0.0151095 -0.0599487 -4.6326 -0.0156637 0.999839 -0.00878397 -0.917652 0.0598064 0.0097061 0.998163 63.9989 
0.998019 0.0170396 -0.060567 -4.70007 -0.0176007 0.999807 -0.00874184 -0.936612 0.0604064 0.00979046 0.998126 64.8325 
0.997919 0.0157974 -0.0625161 -4.76274 -0.0163038 0.999838 -0.00759868 -0.971337 0.062386 0.00860203 0.998015 65.6157 
0.997854 0.0150808 -0.0637099 -4.83119 -0.0155509 0.999855 -0.0068879 -0.986354 0.0635969 0.00786378 0.997945 66.4141 
0.997765 0.0183388 -0.0642515 -4.90892 -0.0185763 0.999823 -0.00309952 -1.03069 0.0641834 0.00428606 0.997929 67.179 
0.997576 0.019095 -0.0669178 -4.93879 -0.0190612 0.999818 0.00114422 -1.05462 0.0669275 0.000134003 0.997758 67.9493 
0.997417 0.0224756 -0.0682271 -5.00467 -0.0222868 0.999745 0.00352903 -1.07071 0.0682891 -0.00199944 0.997663 68.7043 
0.997333 0.024572 -0.0687284 -5.11001 -0.02462 0.999697 0.000149673 -1.11184 0.0687114 0.00154273 0.997635 69.4707 
0.997201 0.0251643 -0.0704064 -5.1631 -0.025717 0.999645 -0.00695325 -1.14099 0.0702065 0.00874434 0.997494 70.175 
0.997147 0.0245058 -0.0713986 -5.23979 -0.0254165 0.999606 -0.0118736 -1.17496 0.0710796 0.0136543 0.997377 70.89 
0.997133 0.0252396 -0.0713398 -5.31182 -0.0261872 0.99958 -0.0123786 -1.18937 0.0709975 0.0142112 0.997375 71.5713 
0.997007 0.02772 -0.0721669 -5.37401 -0.0284118 0.999559 -0.00857553 -1.20904 0.0718975 0.0106002 0.997356 72.2501 
0.996857 0.0272663 -0.0743865 -5.41584 -0.0278695 0.999586 -0.00708295 -1.22873 0.0741627 0.00913372 0.997204 72.914 
0.996895 0.0244747 -0.0748356 -5.4786 -0.0252409 0.999638 -0.00930899 -1.26574 0.0745808 0.0111689 0.997152 73.5323 
0.997004 0.0162279 -0.0756325 -5.51827 -0.0173795 0.999742 -0.0145923 -1.28033 0.0753763 0.0158629 0.997029 74.1454 
0.997143 0.0119288 -0.0745926 -5.56803 -0.0133601 0.999735 -0.0187186 -1.30881 0.0743497 0.0196615 0.997038 74.7534 
0.997353 0.0143438 -0.0712881 -5.61674 -0.0156823 0.99971 -0.0182507 -1.33897 0.0710057 0.0193202 0.997289 75.3426 
0.997528 0.0192937 -0.0675674 -5.66344 -0.020377 0.999674 -0.0153801 -1.35116 0.0672487 0.0167188 0.997596 75.9211 
0.997909 0.0180122 -0.0620792 -5.7279 -0.0188115 0.999747 -0.0123132 -1.36356 0.0618418 0.0134552 0.997995 76.4711 
0.998316 0.0139082 -0.0563099 -5.75757 -0.0144638 0.99985 -0.00946906 -1.36607 0.0561699 0.0102675 0.998368 77.0164 
0.998779 0.00948241 -0.0484839 -5.77316 -0.00978239 0.999934 -0.00595204 -1.38381 0.0484243 0.00641898 0.998806 77.5447 
0.999207 0.0131779 -0.0375618 -5.80714 -0.013416 0.999891 -0.00609288 -1.3973 0.0374776 0.00659189 0.999276 78.0567 
0.999577 0.018605 -0.0223526 -5.8194 -0.0187683 0.999798 -0.00711869 -1.40403 0.0222157 0.00753511 0.999725 78.5561 
0.999709 0.0238347 -0.00378038 -5.83647 -0.0238629 0.999686 -0.00758538 -1.40735 0.00359848 0.0076733 0.999964 79.0335 
0.999587 0.0224764 0.0179288 -5.80539 -0.0223539 0.999725 -0.00700875 -1.41615 -0.0180813 0.006605 0.999815 79.5194 
0.998834 0.0183486 0.0446529 -5.77537 -0.0180424 0.999811 -0.00725478 -1.41923 -0.0447774 0.00644059 0.998976 79.9682 
0.997027 0.0176204 0.075008 -5.74059 -0.0172027 0.999833 -0.00621284 -1.42806 -0.0751048 0.00490395 0.997163 80.4116 
0.994037 0.0166762 0.107759 -5.67148 -0.0162608 0.999856 -0.00473352 -1.44143 -0.107822 0.00295297 0.994166 80.8466 
0.989139 0.0170799 0.145988 -5.6103 -0.0165532 0.999851 -0.00482258 -1.44366 -0.146049 0.00235355 0.989274 81.2705 
0.982179 0.0162804 0.187244 -5.49833 -0.0156637 0.999866 -0.00477327 -1.46454 -0.187296 0.0017552 0.982302 81.6964 
0.972348 0.0161958 0.232973 -5.39399 -0.0155564 0.999868 -0.00458243 -1.47917 -0.233016 0.000831428 0.972472 82.0988 
0.959245 0.0188168 0.281948 -5.2587 -0.0175519 0.999821 -0.00701206 -1.49222 -0.28203 0.0017775 0.959404 82.4888 
0.941786 0.0195306 0.335646 -5.12015 -0.017373 0.999805 -0.00943036 -1.51724 -0.335764 0.00305014 0.941941 82.8566 
0.920469 0.01951 0.390328 -4.93289 -0.0163556 0.999801 -0.0114042 -1.53326 -0.390473 0.00411311 0.920605 83.1933 
0.894338 0.0208577 0.446906 -4.7381 -0.0163849 0.999769 -0.0138716 -1.5427 -0.447092 0.0050833 0.894473 83.5232 
0.863364 0.0215629 0.504121 -4.52974 -0.0154851 0.999748 -0.0162427 -1.55229 -0.504344 0.00621691 0.86348 83.8228 
0.827458 0.0200208 0.56117 -4.30632 -0.0119336 0.999765 -0.0180722 -1.56766 -0.5614 0.00825715 0.827503 84.1072 
0.788647 0.0197294 0.61453 -4.05465 -0.00979311 0.999761 -0.0195295 -1.57951 -0.614768 0.0093837 0.788652 84.3776 
0.746799 0.0173757 0.664823 -3.7925 -0.00797404 0.999821 -0.0171741 -1.61048 -0.665002 0.00752421 0.746804 84.6138 
0.701621 0.0181974 0.712317 -3.50673 -0.00907453 0.999821 -0.0166041 -1.60626 -0.712492 0.00518581 0.701661 84.8602 
0.653295 0.0171432 0.75691 -3.1966 -0.00654193 0.999834 -0.0169989 -1.6052 -0.757075 0.00615362 0.653298 85.1111 
0.605627 0.0164869 0.795578 -2.88038 -0.00277931 0.999823 -0.0186039 -1.61514 -0.795744 0.00905581 0.605565 85.2854 
0.557216 0.0138545 0.830252 -2.55521 0.00363434 0.99981 -0.0191232 -1.63155 -0.83036 0.0136731 0.55706 85.4538 
0.508504 0.0160937 0.860909 -2.2382 0.004423 0.999763 -0.021302 -1.6352 -0.861048 0.01464 0.508313 85.6076 
0.459067 0.0186429 0.888206 -1.89391 0.00246324 0.999749 -0.0222574 -1.64547 -0.888398 0.0124055 0.458906 85.7688 
0.412268 0.0211413 0.910817 -1.5638 0.00144565 0.999714 -0.0238592 -1.65788 -0.911061 0.0111531 0.41212 85.891 
0.367426 0.0185651 0.929867 -1.22093 0.00787503 0.999703 -0.0230713 -1.67235 -0.930019 0.0157997 0.367171 86.0031 
0.326225 0.0112536 0.945225 -0.863617 0.0238035 0.999514 -0.0201153 -1.67886 -0.944992 0.0290617 0.325798 86.0834 
0.289643 0.00721409 0.957107 -0.516028 0.0274749 0.999497 -0.0158483 -1.69644 -0.95674 0.0308868 0.289299 86.1599 
0.255969 0.0105141 0.966628 -0.166888 0.0254981 0.999519 -0.017624 -1.71517 -0.966348 0.0291584 0.255578 86.2345 
0.224409 0.0198862 0.974292 0.202063 0.0182298 0.999531 -0.0246003 -1.71239 -0.974324 0.0232817 0.223942 86.3214 
0.196006 0.0229132 0.980335 0.571905 0.0157476 0.999524 -0.0265104 -1.73724 -0.980476 0.0206341 0.195552 86.3852 
0.169027 0.0244543 0.985308 0.978114 0.0176782 0.999456 -0.0278382 -1.75763 -0.985453 0.0221239 0.168503 86.4477 
0.14702 0.0264407 0.98878 1.36397 0.0273714 0.999151 -0.0307879 -1.76429 -0.988755 0.0315907 0.146172 86.464 
0.125947 0.0338972 0.991458 1.78534 0.0335363 0.998699 -0.0384051 -1.76625 -0.99147 0.0380868 0.124646 86.506 
0.106157 0.0400229 0.993543 2.20352 0.0336023 0.998474 -0.043812 -1.78473 -0.993781 0.0380363 0.104651 86.5376 
0.0882551 0.0406805 0.995267 2.63402 0.0314334 0.998554 -0.0436023 -1.81126 -0.995602 0.0351328 0.0868488 86.5774 
0.0727569 0.036349 0.996687 3.07665 0.0301103 0.9988 -0.0386242 -1.83517 -0.996895 0.0328207 0.0715751 86.6127 
0.0572368 0.0323242 0.997837 3.49045 0.0280361 0.999029 -0.0339711 -1.88382 -0.997967 0.0299199 0.056275 86.647 
0.0439573 0.0301163 0.998579 3.98638 0.0295139 0.99907 -0.0314304 -1.9003 -0.998597 0.0308535 0.0430275 86.6684 
0.0325652 0.0298086 0.999025 4.49135 0.0334514 0.998963 -0.0308972 -1.90685 -0.99891 0.034425 0.0315343 86.6759 
0.0224912 0.0315766 0.999248 5.01222 0.0374584 0.998773 -0.0324047 -1.91895 -0.999045 0.0381591 0.0212808 86.6713 
0.0143934 0.0326357 0.999364 5.57888 0.0392959 0.998677 -0.0331793 -1.93708 -0.999124 0.0397484 0.0130919 86.7004 
0.00828761 0.0323538 0.999442 6.16685 0.0401569 0.998659 -0.0326615 -1.96484 -0.999159 0.0404052 0.00697727 86.7076 
0.00287939 0.0348359 0.999389 6.72259 0.0444011 0.998403 -0.0349295 -1.96988 -0.99901 0.0444745 0.00132804 86.7028 
-0.00372072 0.0341723 0.999409 7.30658 0.0439299 0.998457 -0.0339763 -2.01453 -0.999028 0.0437775 -0.00521617 86.723 
-0.0081043 0.034899 0.999358 7.91656 0.0461035 0.998341 -0.0344897 -2.0326 -0.998904 0.0457944 -0.00969982 86.7238 
-0.0101617 0.0355247 0.999317 8.53578 0.0504178 0.998116 -0.0349694 -2.05637 -0.998676 0.050028 -0.0119336 86.6934 
-0.0122533 0.0359675 0.999278 9.15436 0.0503292 0.998108 -0.0353083 -2.08147 -0.998657 0.0498602 -0.0140403 86.6927 
-0.0154957 0.0342823 0.999292 9.7829 0.0517415 0.9981 -0.0334391 -2.12657 -0.99854 0.0511867 -0.01724 86.717 
-0.0162502 0.033998 0.99929 10.457 0.05628 0.997868 -0.0330345 -2.15207 -0.998283 0.0557032 -0.0181289 86.7182 
-0.0161093 0.0329886 0.999326 11.1337 0.0589877 0.997746 -0.0319856 -2.19581 -0.998129 0.0584327 -0.0180189 86.7325 
-0.0137906 0.0336809 0.999337 11.8432 0.0602786 0.997643 -0.0327921 -2.22061 -0.998086 0.0597864 -0.0157884 86.729 
-0.0103048 0.0336959 0.999379 12.5447 0.0629538 0.997471 -0.0329826 -2.24397 -0.997963 0.0625748 -0.0124 86.7406 
-0.00695041 0.033642 0.99941 13.2825 0.0631343 0.997455 -0.0331372 -2.26678 -0.997981 0.0628667 -0.00905669 86.7645 
-0.00245905 0.0320203 0.999484 14.0487 0.0645567 0.997407 -0.031795 -2.29432 -0.997911 0.0644453 -0.0045198 86.7654 
0.000755617 0.0314233 0.999506 14.8215 0.0634563 0.99749 -0.031408 -2.31435 -0.997984 0.0634487 -0.00124028 86.7926 
0.00483833 0.0277778 0.999602 15.5885 0.0610479 0.997741 -0.0280216 -2.36601 -0.998123 0.0611593 0.00313163 86.8125 
0.0079533 0.0275171 0.99959 16.3758 0.0592602 0.997851 -0.0279408 -2.38658 -0.998211 0.0594581 0.00630554 86.8479 
0.0126141 0.0280463 0.999527 17.1804 0.0572136 0.997949 -0.0287242 -2.42461 -0.998282 0.0575489 0.0109836 86.8631 
0.0157876 0.0319588 0.999364 17.9646 0.0552195 0.997936 -0.0327856 -2.45876 -0.998349 0.055702 0.0139903 86.8763 
0.0175164 0.0371146 0.999157 18.785 0.0498951 0.998033 -0.0379476 -2.49046 -0.998601 0.0505178 0.0156301 86.9115 
0.0164392 0.039834 0.999071 19.6051 0.0474837 0.998048 -0.0405746 -2.5344 -0.998737 0.0481066 0.0145157 86.9602 
0.0162062 0.0391058 0.999104 20.4326 0.0456013 0.998166 -0.0398088 -2.5766 -0.998828 0.0462055 0.0143932 86.9919 
0.0162392 0.0373459 0.99917 21.2422 0.0430606 0.998349 -0.0380151 -2.61559 -0.99894 0.0436422 0.0146043 87.0241 
0.0150593 0.0360911 0.999235 22.074 0.043329 0.998386 -0.0367135 -2.66545 -0.998947 0.0438487 0.0134712 87.0653 
0.0161531 0.0356312 0.999234 22.8777 0.0405818 0.998518 -0.0362618 -2.69557 -0.999046 0.0411365 0.0146832 87.0804 
0.0158158 0.0359644 0.999228 23.6789 0.0386109 0.998585 -0.0365525 -2.73812 -0.999129 0.0391592 0.0144048 87.1292 
0.0157511 0.0379829 0.999154 24.5005 0.0351912 0.998638 -0.0385182 -2.76346 -0.999256 0.0357681 0.014393 87.1604 
0.0138483 0.0388204 0.99915 25.3029 0.0323334 0.998706 -0.0392513 -2.81295 -0.999381 0.0328495 0.0125752 87.1953 
0.0114484 0.0382833 0.999201 26.1157 0.0284154 0.998851 -0.0385955 -2.84937 -0.999531 0.0288345 0.0103474 87.213 
0.0070474 0.0353834 0.999349 26.9412 0.0241635 0.999076 -0.0355442 -2.91624 -0.999683 0.0243982 0.00618591 87.2584 
0.00223404 0.0321738 0.99948 27.762 0.0227251 0.999222 -0.0322164 -2.96459 -0.999739 0.0227853 0.00150115 87.2713 
-0.00421008 0.0301283 0.999537 28.5539 0.0200579 0.999347 -0.0300382 -3.00227 -0.99979 0.0199222 -0.00481165 87.2885 
-0.0088244 0.0305125 0.999495 29.3401 0.0212895 0.999313 -0.0303191 -3.04689 -0.999734 0.0210112 -0.00946794 87.2504 
-0.0176375 0.0309856 0.999364 30.1291 0.0219943 0.99929 -0.0305952 -3.0861 -0.999602 0.0214407 -0.0183065 87.2366 
-0.0285239 0.0312811 0.999103 30.9487 0.0218556 0.999291 -0.0306631 -3.12489 -0.999354 0.0209613 -0.0291873 87.2336 
-0.0379893 0.0297037 0.998836 31.7286 0.0224994 0.99933 -0.0288628 -3.16794 -0.999025 0.0213767 -0.0386322 87.1955 
-0.0492807 0.0291281 0.99836 32.5484 0.0216436 0.999371 -0.0280893 -3.20659 -0.99855 0.0202238 -0.0498801 87.1654 
-0.0605919 0.0279404 0.997771 33.3334 0.0240783 0.999358 -0.0265227 -3.2482 -0.997872 0.0224176 -0.0612257 87.1299 
-0.0715768 0.0282509 0.997035 34.1107 0.0245557 0.999346 -0.0265536 -3.28509 -0.997133 0.0225823 -0.0722237 87.0804 
-0.0822315 0.0290265 0.99619 34.8812 0.0248026 0.999326 -0.0270706 -3.31408 -0.996304 0.0224821 -0.082896 87.0313 
-0.0932876 0.030445 0.995174 35.649 0.0240857 0.999309 -0.0283138 -3.32938 -0.995348 0.0213281 -0.0939564 86.977 
-0.105384 0.0317353 0.993925 36.3258 0.0270285 0.999213 -0.0290385 -3.35644 -0.994064 0.0238041 -0.106159 87.0097 
-0.114483 0.0327217 0.992886 37.0897 0.02567 0.999221 -0.0299707 -3.38125 -0.993093 0.0220562 -0.115234 86.9039 
-0.124704 0.0317192 0.991687 37.8394 0.025918 0.999252 -0.0287021 -3.43624 -0.991855 0.0221233 -0.125433 86.8144 
-0.134264 0.0331496 0.990391 38.6044 0.0274271 0.999182 -0.0297257 -3.46532 -0.990566 0.0231725 -0.135063 86.7159 
-0.141899 0.0321589 0.989359 39.3334 0.030048 0.999151 -0.0281676 -3.50891 -0.989425 0.0257313 -0.142745 86.6002 
-0.150453 0.0319666 0.9881 40.065 0.0308246 0.999143 -0.0276305 -3.52985 -0.988136 0.0263007 -0.151309 86.5111 
-0.155175 0.0310219 0.9874 40.7884 0.0349794 0.999053 -0.0258909 -3.55372 -0.987267 0.0305211 -0.156114 86.3979 
-0.159465 0.0300346 0.986746 41.4699 0.0368424 0.999022 -0.0244544 -3.57231 -0.986516 0.0324545 -0.160416 86.2983 
-0.161647 0.0288735 0.986426 42.1878 0.0391912 0.998971 -0.0228185 -3.60655 -0.98607 0.0349707 -0.162612 86.1762 
-0.16292 0.0286554 0.986223 42.8734 0.0389325 0.998986 -0.0225948 -3.62376 -0.985871 0.034715 -0.163871 86.0635 
-0.164766 0.0284049 0.985924 43.4946 0.0389038 0.998994 -0.02228 -3.66109 -0.985565 0.0346852 -0.165705 85.9903 
-0.164153 0.0291225 0.986005 44.1566 0.0398474 0.998944 -0.0228708 -3.69645 -0.98563 0.0355354 -0.16514 85.8876 
-0.160774 0.0309943 0.986504 44.8052 0.0408048 0.998861 -0.0247325 -3.71808 -0.986147 0.0362778 -0.161856 85.7834 
-0.157085 0.0312429 0.987091 45.4092 0.042031 0.998805 -0.0249249 -3.7452 -0.98669 0.0375731 -0.15821 85.7228 
-0.148916 0.0318346 0.988337 45.994 0.0407945 0.998828 -0.026026 -3.77417 -0.988008 0.036443 -0.15004 85.6464 
-0.137784 0.0318296 0.989951 46.5826 0.0408917 0.998814 -0.0264233 -3.7973 -0.989618 0.0368401 -0.138922 85.5772 
-0.12369 0.0316082 0.991817 47.1391 0.0393519 0.998862 -0.0269252 -3.82556 -0.99154 0.0356995 -0.124793 85.5187 
-0.106784 0.0326269 0.993747 47.6466 0.0383036 0.998854 -0.0286787 -3.85674 -0.993544 0.0350017 -0.107912 85.4617 
-0.0856793 0.0352563 0.995699 48.187 0.0358549 0.998835 -0.0322821 -3.87497 -0.995677 0.0329348 -0.0868437 85.4335 
-0.0610271 0.0384017 0.997397 48.7346 0.0343689 0.998748 -0.0363509 -3.90559 -0.997544 0.0320611 -0.0622705 85.4285 
-0.0317763 0.03948 0.998715 49.2122 0.0314336 0.998765 -0.0384819 -3.94134 -0.999001 0.0301704 -0.0329781 85.404 
0.000879737 0.0385997 0.999254 49.7205 0.0295282 0.998818 -0.038609 -3.97165 -0.999563 0.0295402 -0.000261084 85.4443 
0.0395422 0.0358246 0.998575 50.2369 0.0274791 0.99894 -0.0369259 -4.00294 -0.99884 0.0289001 0.0385159 85.4783 
0.0813286 0.0321708 0.996168 50.7781 0.0255803 0.999082 -0.0343534 -4.02991 -0.996359 0.0282762 0.080431 85.567 
0.127436 0.0278044 0.991457 51.3048 0.0217678 0.999288 -0.030822 -4.05622 -0.991608 0.0255097 0.12674 85.6727 
0.178067 0.0243224 0.983718 51.7763 0.0181852 0.999442 -0.028003 -4.07775 -0.98385 0.0228755 0.177526 85.7654 
0.231001 0.0218124 0.972709 52.2499 0.0126504 0.999597 -0.0254197 -4.11978 -0.972871 0.0181772 0.230632 85.8934 
0.288717 0.0204943 0.957195 52.7097 0.0119546 0.999616 -0.0250085 -4.1553 -0.95734 0.0186633 0.288361 86.0381 
0.349585 0.0210593 0.936668 53.1824 0.0137193 0.999525 -0.027593 -4.16953 -0.936804 0.0224965 0.34913 86.2251 
0.413158 0.0252509 0.910309 53.6351 0.0138834 0.999325 -0.0340214 -4.1836 -0.910554 0.0266944 0.412528 86.4251 
0.472936 0.02796 0.880653 54.0358 0.0146459 0.999109 -0.0395862 -4.2132 -0.880975 0.0316197 0.472105 86.7025 
0.533571 0.0328098 0.845118 54.4195 0.00945262 0.998953 -0.0447501 -4.22963 -0.845702 0.0318659 0.532703 86.9761 
0.591069 0.0372385 0.805761 54.7915 0.00395313 0.998788 -0.0490593 -4.23534 -0.806611 0.0321827 0.590206 87.3048 
0.64403 0.0395384 0.763978 55.0614 0.000209865 0.998654 -0.0518608 -4.24756 -0.765 0.0335602 0.643155 87.6192 
0.69477 0.0396011 0.718141 55.3587 -0.00298528 0.998633 -0.0521805 -4.26464 -0.719226 0.0341096 0.693939 87.978 
0.741593 0.035498 0.66991 55.6289 -0.00545785 0.998885 -0.0468884 -4.2873 -0.670828 0.0311158 0.74096 88.3574 
0.785832 0.0293225 0.617745 55.9062 -0.0057657 0.999179 -0.0400937 -4.30443 -0.618413 0.0279452 0.785356 88.7525 
0.824363 0.0290894 0.565313 56.1216 -0.0108994 0.999309 -0.0355278 -4.30928 -0.565956 0.0231262 0.824111 89.1667 
0.857794 0.0270255 0.513282 56.3341 -0.0133202 0.99945 -0.030363 -4.30563 -0.51382 0.0192081 0.857683 89.5984 
0.88497 0.0296168 0.464705 56.5027 -0.0199691 0.999471 -0.0256704 -4.31776 -0.465219 0.0134377 0.885093 90.0599 
0.907117 0.0320647 0.419654 56.6628 -0.0244264 0.999424 -0.0235639 -4.31709 -0.420168 0.0111245 0.907378 90.5246 
0.924001 0.0369566 0.380599 56.8078 -0.0320137 0.999301 -0.0193121 -4.35436 -0.381047 0.00565998 0.924538 90.9663 
0.937492 0.0422686 0.345431 56.9398 -0.0373398 0.999084 -0.0209134 -4.36033 -0.345999 0.00670776 0.938211 91.4283 
0.948107 0.0441981 0.314864 57.0629 -0.0399037 0.999002 -0.0200755 -4.37284 -0.315437 0.00646943 0.948924 91.8973 
0.954924 0.0397022 0.294182 57.1787 -0.035496 0.999177 -0.019626 -4.3876 -0.294719 0.00829896 0.955548 92.3743 
0.959508 0.0368629 0.27926 57.2938 -0.032973 0.999283 -0.0186162 -4.40959 -0.279746 0.00865425 0.960035 92.8511 
0.962905 0.0413354 0.266657 57.4094 -0.03756 0.999109 -0.0192456 -4.41881 -0.267215 0.008516 0.963599 93.3385 
0.965096 0.0475586 0.257543 57.5108 -0.0439213 0.998837 -0.0198615 -4.41985 -0.258188 0.00785659 0.966063 93.832 
0.966315 0.0543554 0.251556 57.6194 -0.0509658 0.998501 -0.0199755 -4.44258 -0.252265 0.00648176 0.967636 94.3507 
0.966434 0.0607537 0.249627 57.7188 -0.0566646 0.998116 -0.0235419 -4.46153 -0.250587 0.00860666 0.968056 94.8606 
0.966422 0.0612686 0.249548 57.8327 -0.056645 0.998064 -0.0256748 -4.48577 -0.250638 0.010677 0.968022 95.4039 
0.965698 0.062593 0.252012 57.9725 -0.0573637 0.997959 -0.0280519 -4.52951 -0.253253 0.0126333 0.967317 95.9321 
0.964832 0.060444 0.255823 58.1064 -0.0531389 0.99796 -0.0353786 -4.5374 -0.25744 0.0205402 0.966076 96.4766 
0.963713 0.0602651 0.260049 58.2487 -0.0512724 0.997833 -0.0412337 -4.54334 -0.261971 0.026404 0.964714 97.0326 
0.96216 0.0646029 0.264717 58.3874 -0.0555444 0.99759 -0.0415717 -4.56306 -0.266764 0.0252951 0.96343 97.6113 
0.960445 0.0679706 0.270046 58.5419 -0.0599138 0.997481 -0.0379768 -4.591 -0.271947 0.0202951 0.962098 98.1618 
0.959249 0.065318 0.274908 58.7081 -0.0584349 0.99774 -0.0331636 -4.61804 -0.276453 0.0157478 0.960898 98.7598 
0.958108 0.0606538 0.279912 58.8666 -0.0550472 0.998095 -0.0278559 -4.64029 -0.281068 0.0112805 0.959621 99.3716 
0.957236 0.0580087 0.283432 59.0478 -0.0536792 0.998293 -0.0230253 -4.66615 -0.284284 0.00682624 0.958716 99.999 
0.956718 0.0533483 0.286084 59.2313 -0.0489824 0.998548 -0.0224011 -4.68582 -0.286864 0.00741839 0.957943 100.616 
0.956983 0.049946 0.285814 59.4226 -0.0446086 0.998688 -0.0251592 -4.71173 -0.286695 0.0113271 0.957955 101.229 
0.956944 0.0498923 0.285951 59.5966 -0.0424672 0.998582 -0.0321134 -4.73849 -0.287148 0.0185871 0.957706 101.886 
0.957403 0.0508855 0.284235 59.7824 -0.0418337 0.998408 -0.0378309 -4.78463 -0.285707 0.0243287 0.958008 102.534 
0.95818 0.053971 0.281029 59.9657 -0.0439102 0.998153 -0.0419798 -4.79769 -0.282775 0.0278842 0.958781 103.196 
0.958919 0.0518797 0.278894 60.1475 -0.0427865 0.998338 -0.0385981 -4.81566 -0.280433 0.0250795 0.959546 103.875 
0.959408 0.0488186 0.277764 60.3469 -0.0422099 0.998666 -0.0297269 -4.86307 -0.278845 0.0167957 0.960189 104.582 
0.960389 0.0481159 0.274478 60.5507 -0.0428494 0.998765 -0.0251548 -4.87189 -0.27535 0.0123971 0.961264 105.274 
0.960318 0.0523164 0.273955 60.7198 -0.0471407 0.998564 -0.0254469 -4.9068 -0.274893 0.0115226 0.961406 106.002 
0.960701 0.0573146 0.271603 60.8925 -0.050869 0.998233 -0.0307197 -4.92525 -0.272884 0.0156962 0.961919 106.743 
0.961665 0.0586691 0.267877 61.0836 -0.0509733 0.998065 -0.0356 -4.95654 -0.269448 0.0205806 0.962795 107.505 
0.963244 0.0557762 0.262772 61.2851 -0.0472138 0.998131 -0.0387927 -4.98763 -0.264444 0.0249603 0.964078 108.239 
0.964426 0.0534665 0.25889 61.4748 -0.0453636 0.998278 -0.0371767 -5.02145 -0.260432 0.0241099 0.965191 109.002 
0.965506 0.0493268 0.255665 61.6643 -0.0416336 0.998505 -0.0354199 -5.05135 -0.25703 0.0235538 0.966116 109.787 
0.966059 0.0475397 0.253908 61.8541 -0.0406292 0.998649 -0.0323946 -5.08746 -0.255105 0.020979 0.966686 110.577 
0.966623 0.0445746 0.252294 62.0528 -0.0382809 0.998822 -0.0298024 -5.11907 -0.253325 0.0191496 0.967191 111.36 
0.966988 0.0392245 0.251785 62.2588 -0.033063 0.999042 -0.0286572 -5.14688 -0.252668 0.0193863 0.967359 112.162 
0.967434 0.0392742 0.250057 62.4665 -0.0334765 0.999064 -0.0273988 -5.17893 -0.250899 0.0181354 0.967843 112.956 
0.967082 0.0451109 0.250433 62.6445 -0.0389386 0.998804 -0.02955 -5.20284 -0.251466 0.0188257 0.967683 113.763 
0.966507 0.0497452 0.251772 62.8205 -0.04291 0.998548 -0.0325702 -5.24686 -0.253026 0.0206757 0.967238 114.585 
0.965836 0.0579034 0.252602 63.0266 -0.0511258 0.998136 -0.0333193 -5.30686 -0.25406 0.0192665 0.966996 115.42 
0.964887 0.0642493 0.254686 63.2316 -0.0577544 0.997788 -0.0329064 -5.33092 -0.256237 0.0170416 0.966464 116.239 
0.964113 0.0663044 0.25708 63.4381 -0.0604331 0.997701 -0.0306819 -5.37497 -0.258523 0.0140446 0.965903 117.074 
0.963496 0.0675043 0.259074 63.6569 -0.061281 0.997606 -0.0320326 -5.40623 -0.260616 0.0149868 0.965326 117.895 
0.962875 0.0670162 0.261495 63.8556 -0.0599836 0.997593 -0.0347934 -5.44313 -0.263197 0.0178162 0.964578 118.721 
0.96318 0.060088 0.262055 64.0875 -0.0530544 0.998018 -0.0338402 -5.47488 -0.263569 0.018691 0.964459 119.536 
0.963451 0.0534287 0.262501 64.3001 -0.0458381 0.998337 -0.0349602 -5.51822 -0.263932 0.0216498 0.964298 120.355 
0.963027 0.05368 0.264001 64.5045 -0.046126 0.998331 -0.0347346 -5.56554 -0.265425 0.021273 0.963897 121.162 
0.962499 0.0562805 0.265382 64.7284 -0.0495802 0.998261 -0.0318853 -5.60087 -0.266715 0.0175319 0.963616 121.993 
0.96232 0.0573589 0.265802 64.9463 -0.0522707 0.99829 -0.026184 -5.64391 -0.266849 0.0113037 0.963672 122.812 
0.961873 0.0608674 0.266636 65.157 -0.056964 0.998126 -0.0223574 -5.67559 -0.267498 0.0063162 0.963538 123.636 
0.961335 0.0603839 0.268679 65.3534 -0.0545164 0.998084 -0.0292533 -5.70963 -0.269931 0.0134748 0.962785 124.476 
0.9617 0.057847 0.267929 65.5804 -0.0481603 0.997931 -0.0425922 -5.75591 -0.269839 0.0280574 0.962497 125.267 
0.962001 0.0563703 0.267162 65.7928 -0.0440505 0.997681 -0.05189 -5.80154 -0.269467 0.0381496 0.962254 126.063 
0.962586 0.0522027 0.265901 66.0225 -0.0423101 0.998187 -0.0428017 -5.8319 -0.267654 0.0299499 0.963049 126.882 
0.963193 0.0450803 0.265005 66.2449 -0.0406624 0.998928 -0.0221369 -5.87666 -0.265719 0.0105463 0.963993 127.715 
0.963526 0.0417033 0.264347 66.4539 -0.041588 0.999117 -0.00603558 -5.92596 -0.264365 -0.00517829 0.964409 128.55 
0.963455 0.0474634 0.26363 66.6543 -0.0458658 0.998873 -0.0122155 -5.96028 -0.263912 -0.000322611 0.964546 129.342 
0.963619 0.0552264 0.261511 66.8441 -0.0496775 0.998379 -0.0277877 -5.98424 -0.262622 0.0137854 0.9648 130.17 
0.964242 0.0553814 0.259174 67.0568 -0.0477549 0.998223 -0.0356357 -6.01562 -0.260687 0.0219846 0.965173 130.948 
0.964757 0.0515011 0.258052 67.2487 -0.0435023 0.998382 -0.0366152 -6.04883 -0.25952 0.0240989 0.965437 131.757 
0.96574 0.0504724 0.254555 67.461 -0.0428616 0.998455 -0.035361 -6.08631 -0.255946 0.0232389 0.966411 132.555 
0.966737 0.049751 0.250887 67.6581 -0.0419253 0.998456 -0.0364449 -6.13233 -0.252313 0.024714 0.96733 133.363 
0.967875 0.0516898 0.246059 67.8395 -0.0436074 0.998319 -0.0381878 -6.16893 -0.247619 0.0262309 0.968502 134.15 
0.968364 0.0568105 0.24299 68.0261 -0.0489207 0.998065 -0.0383871 -6.21466 -0.2447 0.0252854 0.969269 134.952 
0.968401 0.0629786 0.241317 68.1889 -0.0553682 0.997735 -0.0381963 -6.26584 -0.243176 0.023628 0.969694 135.745 
0.968906 0.0643926 0.238901 68.3849 -0.0573895 0.997697 -0.0361627 -6.30551 -0.240679 0.0213278 0.97037 136.545 
0.969184 0.0628556 0.238184 68.555 -0.0571646 0.997892 -0.030733 -6.35858 -0.239613 0.0161702 0.970734 137.329 
0.969982 0.0603057 0.23558 68.7468 -0.0549226 0.998059 -0.0293524 -6.40825 -0.236892 0.0155326 0.971412 138.104 
0.970776 0.0589945 0.232625 68.9348 -0.0525116 0.998042 -0.0339692 -6.4184 -0.234173 0.0207608 0.971973 138.926 
0.972142 0.0541778 0.228047 69.1074 -0.0468064 0.998195 -0.0376136 -6.4563 -0.229673 0.0258917 0.972923 139.718 
0.973963 0.0515165 0.220774 69.281 -0.0440523 0.998283 -0.0386043 -6.49265 -0.222384 0.0278735 0.974561 140.462 
0.975301 0.0503416 0.215068 69.4225 -0.0441851 0.998467 -0.0333421 -6.52569 -0.216417 0.0230157 0.97603 141.25 
0.977055 0.0459231 0.207975 69.5938 -0.0417843 0.998832 -0.0242527 -6.57664 -0.208846 0.0150061 0.977833 142.033 
0.977708 0.0432903 0.205458 69.7339 -0.0408242 0.999034 -0.0162294 -6.57025 -0.205963 0.0074799 0.978531 142.835 
0.978009 0.0500926 0.202458 69.8562 -0.0484537 0.99874 -0.0130466 -6.60653 -0.202856 0.00294978 0.979204 143.631 
0.978818 0.0521627 0.197978 69.9909 -0.0496482 0.998611 -0.0176476 -6.63718 -0.198623 0.00744445 0.980048 144.429 
0.980312 0.0533996 0.190097 70.1265 -0.0489059 0.998404 -0.0282566 -6.66195 -0.191303 0.0184033 0.981358 145.218 
0.981865 0.0502156 0.182811 70.2808 -0.0449086 0.998444 -0.0330581 -6.69322 -0.184186 0.0242487 0.982592 146.011 
0.982951 0.0493342 0.177126 70.391 -0.0443152 0.998499 -0.0321835 -6.72232 -0.178448 0.0237854 0.983662 146.817 
0.983952 0.0548643 0.169791 70.5147 -0.0506255 0.998291 -0.0291982 -6.7396 -0.171103 0.0201338 0.985047 147.623 
0.984926 0.0594076 0.162454 70.6079 -0.0551735 0.998012 -0.030456 -6.77317 -0.16394 0.0210337 0.986246 148.433 
0.98648 0.0623187 0.15157 70.7175 -0.057564 0.997708 -0.0355622 -6.81343 -0.153439 0.0263563 0.987806 149.242 
0.987733 0.0614865 0.143534 70.8146 -0.0564331 0.997643 -0.0390211 -6.83106 -0.145595 0.0304423 0.988876 150.046 
0.988879 0.0617378 0.135302 70.9124 -0.0573011 0.997691 -0.0364482 -6.86245 -0.137239 0.0282898 0.990134 150.872 
0.989664 0.0637624 0.128453 70.9868 -0.0605409 0.997749 -0.0288339 -6.90312 -0.130002 0.0207592 0.991296 151.669 
0.990533 0.0671921 0.119706 71.0716 -0.0648614 0.997623 -0.023266 -6.93542 -0.120985 0.0152814 0.992537 152.488 
0.991539 0.0654115 0.112126 71.1497 -0.063602 0.997782 -0.0196449 -6.96034 -0.113162 0.0123471 0.9935 153.304 
0.992263 0.0654792 0.105478 71.2339 -0.0640904 0.997807 -0.0165071 -6.99534 -0.106327 0.00961925 0.994285 154.124 
0.992732 0.0637215 0.102086 71.2857 -0.0620559 0.997884 -0.0194137 -7.00541 -0.103107 0.0129374 0.994586 154.961 
0.992901 0.068422 0.0972904 71.3484 -0.0663584 0.9975 -0.0242958 -7.039 -0.0987095 0.0176672 0.994959 155.758 
0.992942 0.0734798 0.0930938 71.3985 -0.0709171 0.997014 -0.0305494 -7.07413 -0.0950605 0.0237318 0.995188 156.562 
0.993022 0.0752706 0.0907866 71.4429 -0.0726523 0.99685 -0.0318134 -7.11528 -0.0928952 0.0249955 0.995362 157.348 
0.993217 0.0756494 0.088296 71.4828 -0.0735652 0.996935 -0.0266301 -7.13102 -0.0900398 0.0199539 0.995738 158.191 
0.993341 0.077113 0.0855945 71.5506 -0.0760241 0.996979 -0.0159151 -7.16047 -0.0865631 0.00930177 0.996203 159.015 
0.993367 0.0790817 0.0834736 71.5941 -0.0785893 0.996865 -0.00917408 -7.1825 -0.0839373 0.00255303 0.996468 159.833 
0.99408 0.075896 0.0777532 71.6558 -0.0751475 0.997094 -0.0125142 -7.20076 -0.0784769 0.00659704 0.996894 160.652 
0.995266 0.0647065 0.0725126 71.7085 -0.0633537 0.997774 -0.0208072 -7.2488 -0.0736974 0.0161147 0.99715 161.454 
0.995979 0.0622729 0.0643961 71.7636 -0.0606885 0.997811 -0.0262776 -7.25356 -0.0658914 0.0222638 0.997578 162.286 
0.996059 0.0670826 0.0580217 71.7834 -0.0657179 0.997522 -0.0251206 -7.27441 -0.059563 0.0212084 0.997999 163.121 
0.996652 0.0641771 0.0506629 71.8065 -0.063345 0.997832 -0.0178661 -7.31408 -0.0516996 0.014597 0.998556 163.93 
0.997416 0.0585334 0.0416519 71.8665 -0.0579829 0.998215 -0.0143068 -7.33982 -0.0424149 0.0118547 0.99903 164.755 
0.998106 0.0497648 0.0361685 71.8877 -0.0494601 0.998733 -0.00927515 -7.36845 -0.0365842 0.0074686 0.999303 165.565 
0.998577 0.0445796 0.0292805 71.9067 -0.0443016 0.998967 -0.0100763 -7.37881 -0.0296994 0.00876466 0.99952 166.403 
0.998874 0.0422376 0.0215938 71.9337 -0.0418753 0.998979 -0.0169698 -7.399 -0.0222884 0.0160464 0.999623 167.224 
0.999311 0.0340989 0.0146303 71.9386 -0.0337097 0.999091 -0.0260803 -7.43744 -0.0155062 0.0255691 0.999553 168.029 
0.999676 0.0240762 0.00830206 71.9429 -0.0238158 0.999261 -0.0301684 -7.46019 -0.00902218 0.0299608 0.99951 168.86 
0.999635 0.0269814 0.00122952 71.9466 -0.0269462 0.999373 -0.0229693 -7.48536 -0.00184841 0.0229277 0.999735 169.681 
0.999251 0.0385457 -0.00340069 71.9133 -0.0385771 0.999209 -0.00968607 -7.51108 0.00302472 0.00980992 0.999947 170.531 
0.999061 0.0426639 -0.0075887 71.879 -0.0426757 0.999088 -0.0013974 -7.54027 0.00752225 0.00171986 0.99997 171.376 
0.999049 0.0420397 -0.0115905 71.8584 -0.0420975 0.999102 -0.00477709 -7.55433 0.0113794 0.00526039 0.999921 172.211 
0.998903 0.0448265 -0.0135493 71.8226 -0.0450325 0.998868 -0.0152958 -7.57405 0.0128484 0.0158891 0.999791 173.028 
0.998342 0.0553793 -0.0157149 71.7597 -0.0557469 0.998156 -0.0239976 -7.601 0.014357 0.0248338 0.999588 173.873 
0.998363 0.0540478 -0.0187258 71.7348 -0.0545584 0.99812 -0.0279161 -7.6254 0.0171819 0.0288919 0.999435 174.729 
0.998572 0.0489724 -0.0213628 71.7339 -0.0494612 0.998512 -0.0229825 -7.6521 0.0202056 0.0240063 0.999508 175.578 
0.998589 0.049071 -0.020308 71.6952 -0.049387 0.998661 -0.0153617 -7.65965 0.019527 0.0163429 0.999676 176.42 
0.998527 0.0507406 -0.0192059 71.6455 -0.0509285 0.998658 -0.00942037 -7.68525 0.0187023 0.0103845 0.999771 177.282 
0.99851 0.0503724 -0.0209637 71.6193 -0.0505952 0.998667 -0.010234 -7.70903 0.0204203 0.0112794 0.999728 178.134 
0.998591 0.0477444 -0.0231694 71.584 -0.0481816 0.998664 -0.0186899 -7.73271 0.0222462 0.0197798 0.999557 178.974 
0.998953 0.0377355 -0.0258615 71.5611 -0.0385288 0.99878 -0.0308918 -7.75669 0.0246643 0.0318557 0.999188 179.816 
0.999241 0.0275025 -0.0275724 71.5314 -0.0284625 0.99898 -0.0350458 -7.78564 0.0265805 0.0358039 0.999005 180.656 
0.999101 0.0294533 -0.0304918 71.5243 -0.0303847 0.999071 -0.0305433 -7.81338 0.029564 0.0314423 0.999068 181.513 
0.998884 0.0358762 -0.0307144 71.4634 -0.0365085 0.999128 -0.0202751 -7.84376 0.0299603 0.0213738 0.999322 182.368 
0.998836 0.0359892 -0.0321234 71.4244 -0.036527 0.999199 -0.0163125 -7.88687 0.0315106 0.0174668 0.999351 183.208 
0.998896 0.0338797 -0.0325264 71.3859 -0.0346194 0.999148 -0.0224521 -7.88303 0.0317381 0.0235533 0.999219 184.048 
0.998873 0.0345062 -0.0325957 71.3475 -0.0354566 0.998949 -0.0290414 -7.90648 0.0315594 0.0301643 0.999047 184.885 
0.998551 0.041995 -0.0336352 71.2988 -0.0429983 0.998634 -0.0296789 -7.93089 0.032343 0.0310821 0.998993 185.715 
0.998403 0.0454084 -0.0336144 71.2402 -0.0463159 0.998569 -0.0267269 -7.96346 0.0323528 0.028241 0.999077 186.582 
0.998117 0.0503335 -0.0350519 71.2003 -0.0511548 0.998427 -0.0229391 -7.99983 0.0338422 0.0246889 0.999122 187.413 
0.998013 0.0528654 -0.0342797 71.1443 -0.0535522 0.998376 -0.0194335 -8.03171 0.0331968 0.0212306 0.999223 188.232 
0.997824 0.0557428 -0.0351999 71.1012 -0.0564525 0.998215 -0.0194967 -8.06189 0.0340503 0.0214414 0.99919 189.062 
0.99788 0.0545488 -0.0354996 71.0571 -0.0554103 0.998181 -0.0237512 -8.08534 0.0341396 0.0256678 0.999087 189.866 
