1 -4.23778e-08 4.22719e-08 0 -4.23778e-08 1 -4.19404e-08 0 4.22719e-08 -4.19404e-08 1 0 
0.998998 0.000520195 0.0447535 -0.025669 -0.000406349 0.999997 -0.00255484 -0.0571694 -0.0447546 0.00253401 0.998995 0.952471 
0.995936 -0.00525614 0.0899125 0.0998031 0.00607003 0.999943 -0.00878198 -0.0283612 -0.0898612 0.00929198 0.995911 1.94564 
0.990773 -0.00144779 0.135526 -0.0982571 0.00326889 0.999907 -0.0132164 0.121065 -0.135494 0.0135374 0.990686 2.48956 
0.983331 0.00112886 0.181823 0.0218821 0.00164251 0.999885 -0.0150913 0.120953 -0.181819 0.0151383 0.983215 3.47515 
0.973759 -0.00196066 0.227572 0.0925287 0.00578311 0.999853 -0.0161315 0.189238 -0.227506 0.0170242 0.973628 4.34485 
0.961501 -0.00765244 0.274694 0.0194511 0.0129858 0.999761 -0.0176027 0.0667504 -0.274493 0.0204921 0.961371 5.05374 
0.946907 -0.0103073 0.321343 0.095168 0.0176949 0.999642 -0.0200777 0.0370644 -0.321021 0.0246978 0.94675 5.95569 
0.93175 -0.011802 0.362909 0.444813 0.0210305 0.999548 -0.0214893 0.00305747 -0.362491 0.0276548 0.931577 6.83401 
0.914287 -0.0115076 0.404904 0.61447 0.0216886 0.999553 -0.0205659 -0.0623008 -0.404486 0.0275849 0.914128 7.44123 
0.895425 -0.0104721 0.44509 0.974705 0.0200177 0.999659 -0.0167516 -0.154448 -0.444763 0.0239094 0.895329 7.94199 
0.873235 -0.0100176 0.487196 1.44833 0.0208498 0.999641 -0.0168163 -0.163157 -0.486853 0.0248424 0.873131 8.83414 
0.848582 -0.000772706 0.529063 2.00983 0.0132469 0.999716 -0.0197872 -0.0894989 -0.528898 0.0237994 0.848352 9.80781 
0.823668 -0.0015229 0.56707 2.60277 0.014854 0.999711 -0.0188909 -0.1877 -0.566877 0.023983 0.823453 10.4361 
0.796275 -0.002749 0.604929 3.13073 0.0170071 0.999696 -0.0178439 -0.252276 -0.604696 0.0244966 0.79608 11.0776 
0.768013 -0.00133191 0.640432 3.78531 0.0178585 0.999653 -0.0193373 -0.278943 -0.640184 0.0262885 0.767771 11.8641 
0.738032 -0.00631539 0.674737 4.4954 0.0249771 0.999527 -0.0179649 -0.325038 -0.674304 0.0301116 0.73784 12.6211 
0.706158 -0.00524793 0.708034 5.25563 0.0252964 0.999521 -0.0178211 -0.363583 -0.707602 0.0304951 0.705953 13.3876 
0.670989 -0.00574371 0.741445 5.89378 0.0284398 0.999433 -0.0179951 -0.45085 -0.740922 0.033161 0.670772 14.044 
0.635221 -0.0078839 0.77229 6.59324 0.0340324 0.999262 -0.0177914 -0.489671 -0.77158 0.0375843 0.635021 14.62 
0.594805 -0.00311011 0.803864 7.1682 0.0323339 0.999276 -0.0200589 -0.389449 -0.803219 0.0379231 0.594475 15.3313 
0.553902 -0.00054633 0.832582 7.81951 0.0352281 0.99912 -0.0227811 -0.416802 -0.831836 0.0419487 0.553433 15.9504 
0.512137 0.000792573 0.858903 8.54358 0.039767 0.998905 -0.0246337 -0.500404 -0.857982 0.0467718 0.511545 16.5793 
0.473834 0.00232166 0.880611 9.58729 0.0444149 0.998661 -0.0265315 -0.498543 -0.879494 0.0516837 0.473096 17.0521 
0.436382 0.000912587 0.899761 10.5865 0.0511867 0.998355 -0.0258381 -0.493021 -0.898304 0.0573311 0.435617 17.4806 
0.399141 3.83675e-05 0.916889 11.385 0.0554325 0.99817 -0.0241728 -0.564825 -0.915212 0.0604738 0.398408 17.8467 
0.360665 0.00281931 0.932691 12.1224 0.0567609 0.998076 -0.0249661 -0.611505 -0.930967 0.0619448 0.359811 18.3076 
0.326148 0.00226523 0.945316 13.0966 0.0582643 0.998048 -0.0224937 -0.632074 -0.943521 0.0624145 0.325379 18.7614 
0.292286 0.00171282 0.956329 14.0918 0.0598353 0.998006 -0.0200752 -0.653939 -0.954457 0.0630899 0.2916 19.0723 
0.259284 0.00100375 0.965801 14.955 0.0605178 0.998017 -0.0172842 -0.739205 -0.963903 0.0629296 0.258709 19.3244 
0.227117 0.00350076 0.973861 15.9844 0.0595864 0.99807 -0.0174842 -0.770251 -0.972043 0.0619999 0.22647 19.5566 
0.197103 0.00526212 0.980369 17.0214 0.0605047 0.998014 -0.0175214 -0.781474 -0.978514 0.0627704 0.196394 19.7636 
0.167539 0.0052572 0.985851 18.0644 0.0636808 0.99784 -0.0161433 -0.801175 -0.983807 0.0654845 0.166842 19.9492 
0.135218 0.0052737 0.990802 18.8054 0.0629698 0.997918 -0.0139054 -0.849073 -0.988813 0.0642709 0.134605 20.0782 
0.104749 0.0053742 0.994484 19.8602 0.0609139 0.998073 -0.0118098 -0.863476 -0.992631 0.061815 0.10422 20.2008 
0.0729234 0.00360596 0.997331 20.8848 0.0608229 0.998116 -0.00805616 -0.919779 -0.995481 0.061248 0.0725667 20.4396 
0.0470553 0.00346099 0.998886 21.9988 0.0654258 0.997836 -0.00653949 -0.955319 -0.996747 0.0656606 0.046727 20.455 
0.0203977 0.00329015 0.999786 22.818 0.0674321 0.997713 -0.00465916 -1.01682 -0.997515 0.0675127 0.0201291 20.4779 
-0.00438056 0.00250544 0.999987 23.8331 0.072476 0.997368 -0.00218146 -1.10298 -0.99736 0.0724656 -0.00455062 20.6186 
-0.0250602 0.0022649 0.999683 24.9235 0.0780057 0.996953 -0.000303341 -1.12773 -0.996638 0.0779734 -0.0251605 20.5986 
-0.0443605 0.00206388 0.999013 26.1808 0.0845117 0.996421 0.00169408 -1.11085 -0.995434 0.0845035 -0.0443761 20.7456 
-0.0593236 0.00222085 0.998236 27.3525 0.0870974 0.996195 0.00295968 -1.13503 -0.994432 0.0871194 -0.0592913 20.6595 
-0.0765811 0.00189856 0.997061 28.4444 0.0897375 0.995953 0.00499592 -1.12642 -0.993017 0.0898564 -0.0764415 20.6632 
-0.0929248 0.00215577 0.995671 29.6264 0.0883938 0.996067 0.00609299 -1.12864 -0.991742 0.0885774 -0.0927499 20.6323 
-0.10674 0.00244986 0.994284 30.9251 0.0875521 0.996136 0.00694458 -1.12855 -0.990425 0.0877929 -0.106543 20.5466 
-0.121784 0.00618828 0.992537 31.9404 0.0849636 0.996375 0.00421276 -1.13955 -0.988913 0.0848426 -0.121869 20.5629 
-0.132707 0.00992017 0.991106 33.1681 0.0833826 0.996517 0.00119036 -1.15084 -0.987642 0.082799 -0.133072 20.4371 
-0.145793 0.0124554 0.989237 34.7531 0.0845033 0.996423 -9.1951e-05 -1.15288 -0.9857 0.0835804 -0.146324 20.4717 
-0.153828 0.012672 0.988016 35.9145 0.0839807 0.996467 0.000294856 -1.1833 -0.984522 0.0830197 -0.154349 20.2991 
-0.161128 0.0146549 0.986825 37.493 0.0802188 0.996776 -0.00170476 -1.16086 -0.983668 0.0788872 -0.161784 20.1678 
-0.1687 0.0157504 0.985541 38.8194 0.0802702 0.996771 -0.00218969 -1.18074 -0.982393 0.0787402 -0.16942 20.0196 
-0.172997 0.0175692 0.984766 40.0079 0.0826169 0.996576 -0.00326638 -1.20303 -0.981451 0.0807932 -0.173856 19.7601 
-0.177639 0.0185403 0.983921 41.4462 0.0819994 0.996624 -0.00397546 -1.24922 -0.980673 0.0799748 -0.178559 19.6227 
-0.184167 0.0136559 0.9828 42.9398 0.0788264 0.996888 0.00091949 -1.49652 -0.979729 0.0776399 -0.18467 19.544 
-0.190513 0.0091053 0.981642 44.5867 0.0787644 0.996875 0.00603963 -1.73783 -0.97852 0.0784691 -0.190635 19.5603 
-0.193868 0.00733458 0.981 45.9403 0.0785037 0.996881 0.00806072 -1.76456 -0.977882 0.0785749 -0.193839 19.3513 
-0.195591 0.00786721 0.980654 47.3517 0.081046 0.996677 0.00816876 -1.74717 -0.977331 0.0810758 -0.195579 19.0692 
-0.197671 0.0065383 0.980247 48.8831 0.0820615 0.996578 0.00990073 -1.73421 -0.976828 0.0823976 -0.197531 18.8412 
-0.199369 0.00707062 0.979899 50.4145 0.0820393 0.996584 0.00950057 -1.83864 -0.976484 0.0822843 -0.199268 18.5852 
-0.199322 0.00855411 0.979897 51.9673 0.0840488 0.996426 0.00839804 -1.82474 -0.976323 0.0840331 -0.199329 18.267 
-0.200311 0.00837123 0.979696 53.3534 0.0834545 0.996475 0.00854863 -1.87671 -0.976171 0.0834725 -0.200304 18.052 
-0.200517 0.00932613 0.979646 54.8416 0.0846049 0.996384 0.00783167 -1.83571 -0.97603 0.0844532 -0.200581 17.8196 
-0.199641 0.00933985 0.979824 56.6294 0.083366 0.996491 0.0074872 -1.80052 -0.976316 0.0831788 -0.199719 17.6325 
-0.199805 0.0103403 0.979781 57.9922 0.081573 0.996649 0.00611664 -1.7819 -0.976434 0.0811458 -0.199979 17.4269 
-0.199852 0.0107552 0.979767 59.4148 0.0810464 0.996695 0.0055906 -1.76456 -0.976468 0.0805239 -0.200063 17.1732 
-0.19801 0.0132754 0.98011 61.0814 0.0858003 0.996305 0.00383925 -1.72852 -0.976437 0.0848539 -0.198418 16.8817 
-0.196253 0.0135651 0.980459 62.796 0.0871154 0.996191 0.00365453 -1.72656 -0.976676 0.0861303 -0.196687 16.4918 
-0.196047 0.0118463 0.980523 64.4309 0.0886845 0.996043 0.0056978 -1.74573 -0.976576 0.0880742 -0.196322 16.1968 
-0.193805 0.0104089 0.980985 66.1376 0.094436 0.995498 0.00809395 -1.77281 -0.976484 0.0942089 -0.193915 15.7961 
-0.191667 0.012026 0.981386 68.0185 0.0963491 0.995325 0.00662035 -1.77239 -0.976719 0.0958246 -0.19193 15.3931 
-0.19366 0.0142803 0.980965 69.6547 0.0961575 0.995356 0.00449332 -1.75797 -0.976345 0.0951973 -0.194134 15.2325 
-0.192882 0.0152681 0.981103 71.2032 0.0979838 0.995181 0.00377606 -1.75389 -0.976317 0.0968605 -0.193449 14.9437 
-0.193571 0.0147562 0.980975 72.8625 0.0982329 0.995154 0.00441427 -1.78252 -0.976156 0.0972186 -0.194083 14.6849 
-0.194348 0.0125477 0.980852 74.5749 0.0966891 0.995294 0.00642562 -1.80691 -0.976156 0.0960866 -0.194646 14.4005 
-0.19507 0.0118091 0.980718 75.9936 0.0990847 0.995049 0.00772673 -1.8725 -0.975771 0.0986814 -0.195275 14.2086 
-0.196684 0.0109059 0.980406 77.2641 0.0978303 0.995166 0.00855601 -1.92571 -0.975574 0.0975962 -0.1968 14.0709 
-0.19547 0.0107332 0.980651 78.8595 0.0977713 0.995172 0.00859622 -1.95739 -0.975824 0.0975598 -0.195575 13.7655 
-0.195957 0.0115217 0.980545 80.6729 0.0999883 0.994954 0.00829107 -1.9926 -0.975501 0.0996677 -0.19612 13.4309 
-0.198327 0.0119071 0.980063 82.4224 0.0992159 0.995034 0.00798841 -2.00741 -0.975101 0.0988222 -0.198524 13.1553 
-0.199179 0.0128646 0.979879 84.2303 0.101935 0.994761 0.00766025 -2.02661 -0.974647 0.10141 -0.199447 12.7858 
-0.200466 0.0120995 0.979626 86.0785 0.100784 0.994873 0.00833599 -2.03377 -0.974503 0.100401 -0.200658 12.4628 
-0.200839 0.0107269 0.979565 87.8031 0.0979235 0.995152 0.00917951 -2.04187 -0.974718 0.0977661 -0.200916 12.1307 
-0.202817 0.00826594 0.979182 89.2596 0.0944039 0.995471 0.0111503 -2.09371 -0.974655 0.0947001 -0.202679 11.8777 
-0.204802 0.00857685 0.978766 90.7899 0.0959033 0.995326 0.0113452 -2.14127 -0.974094 0.0961904 -0.204667 11.6197 
-0.205484 0.0089137 0.97862 92.5673 0.0940523 0.99551 0.0106809 -2.13138 -0.97413 0.0942362 -0.2054 11.2044 
-0.210188 0.00779082 0.97763 94.3932 0.0936537 0.99553 0.0122018 -2.17399 -0.973165 0.0941233 -0.209978 10.8362 
-0.214118 0.00705664 0.976782 96.1896 0.0895594 0.995904 0.0124372 -2.17715 -0.972693 0.0901431 -0.213873 10.4336 
-0.221272 0.00554852 0.975196 97.9705 0.0881605 0.996003 0.0143367 -2.19147 -0.971219 0.0891461 -0.220877 10.1362 
-0.225566 0.00532381 0.974213 99.836 0.0850891 0.996271 0.0142568 -2.21097 -0.970505 0.0861108 -0.225178 9.72535 
-0.229939 0.00629231 0.973185 101.667 0.0873674 0.996075 0.0142024 -2.23854 -0.969275 0.0882903 -0.229587 9.32798 
-0.238358 0.00659101 0.971155 103.425 0.0884715 0.995966 0.0149548 -2.30201 -0.967139 0.0894842 -0.23798 9.08749 
-0.242374 0.00380968 0.970175 105.224 0.0864865 0.996096 0.0176949 -2.36408 -0.96632 0.0881959 -0.241757 8.66499 
-0.248066 0.00154339 0.968742 107.115 0.0884931 0.995854 0.0210738 -2.43052 -0.964693 0.0909547 -0.247174 8.2065 
-0.25418 -0.00037134 0.967157 108.843 0.0879845 0.995844 0.0235056 -2.4579 -0.963146 0.0910694 -0.253091 7.85417 
-0.258396 -0.0013999 0.966038 110.535 0.0850383 0.996084 0.0241894 -2.43565 -0.962289 0.0884007 -0.257265 7.40529 
-0.264534 -0.00198597 0.964374 112.411 0.0849052 0.996067 0.0253412 -2.41527 -0.960632 0.088584 -0.263325 6.95156 
-0.270759 -0.000564684 0.962647 114.316 0.0876149 0.995835 0.0252271 -2.4108 -0.958652 0.0911727 -0.269582 6.4784 
-0.275734 0.001803 0.961232 116.233 0.0905725 0.995598 0.0241136 -2.35913 -0.956957 0.0937101 -0.274684 5.93835 
-0.282549 0.000779569 0.959252 118.115 0.0905893 0.995552 0.0258741 -2.3428 -0.954966 0.0942088 -0.281363 5.43176 
-0.288102 0.000232796 0.9576 120.011 0.0910336 0.995478 0.0271462 -2.30423 -0.953263 0.0949946 -0.28682 4.87824 
-0.291057 0.000639644 0.956705 121.961 0.0920145 0.995383 0.0273279 -2.28304 -0.95227 0.0959848 -0.289772 4.28423 
-0.294397 0.00143355 0.955682 123.831 0.0902063 0.995576 0.0262945 -2.18828 -0.951416 0.0939496 -0.293223 3.6409 
-0.299094 0.00198018 0.954222 125.923 0.0915672 0.995443 0.0266353 -2.08459 -0.94982 0.0953418 -0.297912 3.0531 
-0.302362 0.00285232 0.953189 127.804 0.0943372 0.995175 0.0269467 -2.04057 -0.948513 0.0980688 -0.301172 2.4902 
-0.305345 0.00369331 0.952234 129.685 0.0959611 0.995021 0.0269117 -1.99061 -0.947394 0.0995948 -0.304179 1.90242 
-0.307855 0.00632187 0.951412 131.688 0.100011 0.994653 0.0257519 -1.95823 -0.946162 0.103079 -0.306841 1.3035 
-0.31107 0.00595149 0.950368 133.598 0.0990414 0.994739 0.0261883 -1.91724 -0.945212 0.102272 -0.310023 0.663713 
-0.315461 0.00738296 0.94891 135.515 0.100246 0.994634 0.0255874 -1.88664 -0.943629 0.103196 -0.314508 0.0306512 
-0.321177 0.00603454 0.947 137.66 0.0924279 0.995405 0.025004 -1.84609 -0.942498 0.0955599 -0.320259 -0.613499 
-0.32596 0.00644591 0.945361 139.532 0.0976719 0.994855 0.0268938 -1.85775 -0.940324 0.101102 -0.324913 -1.18878 
-0.328926 0.00811988 0.944321 141.179 0.100657 0.994568 0.0265089 -1.83324 -0.938976 0.103772 -0.327957 -1.87554 
-0.338237 0.00793974 0.941027 143.183 0.100024 0.994603 0.02756 -1.80891 -0.93573 0.103447 -0.337206 -2.25324 
-0.343101 0.00735244 0.93927 145 0.0994828 0.994629 0.0285536 -1.83687 -0.934016 0.103238 -0.341989 -2.82933 
-0.350498 0.00646733 0.936541 146.806 0.0982258 0.994715 0.0298916 -1.86217 -0.931398 0.102469 -0.349281 -3.23247 
-0.355566 0.00616781 0.934631 148.758 0.0999118 0.994499 0.031447 -1.86866 -0.929295 0.104562 -0.354227 -3.86229 
-0.360412 0.00624053 0.932772 150.328 0.101281 0.994327 0.0324814 -1.90458 -0.927278 0.106179 -0.358999 -4.36152 
-0.363956 0.00795726 0.931382 152.122 0.0995971 0.994563 0.0304224 -1.84676 -0.926076 0.103835 -0.362769 -4.99456 
-0.366 0.00895794 0.930572 153.984 0.0992514 0.994626 0.0294617 -1.81294 -0.925307 0.103144 -0.364923 -5.75166 
-0.370609 0.00998725 0.928735 155.834 0.101603 0.994377 0.0298513 -1.82579 -0.923215 0.105426 -0.36954 -6.40283 
-0.372682 0.00931892 0.927912 157.85 0.0994737 0.994589 0.0299635 -1.80905 -0.922612 0.10347 -0.371593 -7.16933 
-0.378661 0.00902535 0.925491 159.723 0.0962321 0.994917 0.0296705 -1.75019 -0.920519 0.100297 -0.377604 -7.82291 
-0.382579 0.010118 0.923867 161.671 0.0977585 0.99477 0.0295877 -1.69906 -0.918737 0.101636 -0.381567 -8.61257 
-0.388238 0.00913828 0.921514 163.72 0.0949453 0.995026 0.0301335 -1.68015 -0.916655 0.0991924 -0.387174 -9.41092 
-0.394021 0.010039 0.919046 166.182 0.0912894 0.995423 0.028265 -1.587 -0.914556 0.0950362 -0.393134 -10.3597 
-0.399792 0.0109134 0.916541 168.638 0.0876439 0.995803 0.0263727 -1.49849 -0.912406 0.0908728 -0.39907 -11.3244 
-0.401563 0.00985386 0.915778 170.312 0.0876965 0.995761 0.0277398 -1.47517 -0.911623 0.0914499 -0.400725 -12.0942 
-0.406268 0.00943552 0.913705 171.812 0.0864628 0.995857 0.0281607 -1.47436 -0.909654 0.0904423 -0.405401 -12.6112 
-0.408724 0.0107993 0.912594 173.718 0.087037 0.995834 0.0271969 -1.45117 -0.908498 0.0905455 -0.407961 -13.4512 
-0.410842 0.0162023 0.911563 175.597 0.0892402 0.995755 0.0225217 -1.35331 -0.907329 0.0906009 -0.410544 -14.2561 
-0.414084 0.0151016 0.910113 177.436 0.0858467 0.996053 0.0225309 -1.34331 -0.906182 0.0874599 -0.413746 -15.0577 
-0.416245 0.0141974 0.909142 179.32 0.0841286 0.99619 0.0229608 -1.34859 -0.905352 0.0860421 -0.415853 -15.9033 
-0.421407 0.0138135 0.906766 180.959 0.0822589 0.996344 0.0230504 -1.35245 -0.903133 0.0843033 -0.421002 -16.6634 
-0.426201 0.0117787 0.904552 182.682 0.0796138 0.996524 0.0245355 -1.34234 -0.901119 0.0824719 -0.425657 -17.3631 
-0.430472 0.0116478 0.902529 184.58 0.079242 0.996543 0.0249342 -1.31197 -0.899119 0.0822517 -0.429907 -18.2155 
-0.436505 0.0122455 0.899618 186.456 0.0803687 0.996441 0.0254324 -1.30085 -0.896105 0.0834025 -0.435936 -18.941 
-0.442006 0.0119414 0.896933 188.514 0.0800157 0.99645 0.0261651 -1.33005 -0.893436 0.0833339 -0.441392 -19.8108 
-0.445622 0.0121737 0.895138 190.554 0.0798437 0.996463 0.0261965 -1.32121 -0.891653 0.0831449 -0.445018 -20.7351 
-0.45012 0.0128983 0.892875 192.507 0.0810544 0.996358 0.0264682 -1.31652 -0.889282 0.0842854 -0.449526 -21.5761 
-0.454809 0.0150255 0.890462 194.474 0.0837973 0.996144 0.0259911 -1.24113 -0.886638 0.0864393 -0.454314 -22.393 
-0.45967 0.01262 0.888 196.053 0.0822045 0.996211 0.028395 -1.33344 -0.884277 0.0860499 -0.458965 -23.0819 
-0.461464 0.013431 0.887057 197.606 0.0858323 0.995871 0.029573 -1.31751 -0.882997 0.0897851 -0.460711 -23.9117 
-0.462423 0.0150082 0.886532 199.237 0.0860516 0.995896 0.0280255 -1.24211 -0.882474 0.0892472 -0.461817 -24.9623 
-0.46484 0.0145515 0.885275 200.993 0.0847122 0.996009 0.0281088 -1.26428 -0.881333 0.0880597 -0.464217 -25.882 
-0.466384 0.0124672 0.884494 202.585 0.0838316 0.996023 0.0301642 -1.359 -0.880601 0.0882167 -0.465574 -26.8615 
-0.470233 0.0124589 0.882455 204.405 0.0833257 0.99606 0.0303387 -1.41708 -0.8786 0.0877974 -0.469418 -27.8201 
-0.474816 0.0125904 0.879995 206.449 0.0824056 0.996141 0.0302111 -1.43143 -0.876218 0.0868613 -0.474022 -28.7499 
-0.479041 0.0126266 0.877702 208.338 0.0800547 0.996358 0.0293594 -1.38689 -0.874135 0.0843286 -0.478307 -29.6233 
-0.481109 0.0138797 0.876551 210.108 0.0826309 0.996141 0.0295799 -1.43235 -0.872758 0.0866613 -0.4804 -30.6462 
-0.487997 0.0131729 0.872746 211.707 0.0848988 0.995861 0.0324401 -1.45728 -0.868706 0.0899258 -0.487096 -31.1605 
-0.491468 0.0101778 0.870836 213.431 0.0811009 0.996121 0.0341283 -1.46996 -0.867111 0.0873985 -0.490388 -32.0395 
-0.499119 0.00870444 0.86649 215.124 0.0803586 0.996105 0.0362819 -1.49179 -0.862799 0.0877389 -0.497875 -32.7142 
-0.506107 0.00637654 0.862447 216.793 0.0777733 0.996236 0.0382737 -1.56618 -0.858957 0.0864459 -0.504698 -33.4784 
-0.517597 0.0039908 0.855615 218.366 0.0778956 0.996056 0.0424764 -1.7407 -0.852071 0.0886343 -0.515867 -33.966 
-0.522849 0.00146403 0.852424 219.848 0.0762826 0.996067 0.0450785 -1.80203 -0.849005 0.0885944 -0.520904 -34.6927 
-0.527588 -0.000126755 0.8495 221.245 0.0770743 0.995868 0.048016 -1.88149 -0.845997 0.0908073 -0.525398 -35.2808 
-0.532311 -0.00170515 0.846547 222.638 0.0778493 0.995662 0.0509574 -1.95673 -0.842961 0.0930283 -0.529869 -35.8767 
-0.53702 -0.00327108 0.843563 224.028 0.0786078 0.995447 0.0539024 -2.02774 -0.839899 0.0952573 -0.534318 -36.4803 
-0.542837 -0.00439316 0.839826 225.576 0.0764815 0.995572 0.054643 -1.99951 -0.836348 0.0938934 -0.540098 -37.2411 
-0.5532 -0.00421459 0.833038 227.541 0.0749493 0.99568 0.0548094 -1.97889 -0.82967 0.0927562 -0.550494 -37.888 
-0.565523 -0.00197008 0.82473 229.474 0.0771438 0.995486 0.0552759 -2.02553 -0.821117 0.0948827 -0.562818 -38.3713 
-0.575248 -0.00130776 0.817978 231.294 0.0758242 0.995608 0.0549155 -1.89537 -0.814457 0.0936126 -0.572622 -39.1296 
-0.579406 -0.00191818 0.815037 233.151 0.0733251 0.995819 0.0544701 -1.7896 -0.811734 0.091323 -0.576843 -40.3188 
-0.583204 -0.001669 0.812324 234.841 0.0737722 0.995757 0.0550102 -1.72641 -0.808969 0.0920091 -0.580606 -41.4651 
-0.586614 -0.00112347 0.809866 236.613 0.0750841 0.995617 0.0557671 -1.67738 -0.806378 0.0935218 -0.583959 -42.708 
-0.592321 -0.0035 0.805694 238.208 0.0700925 0.995975 0.0558563 -1.67236 -0.802647 0.089558 -0.589692 -43.6641 
-0.597119 -0.00163251 0.802151 239.896 0.0706014 0.99601 0.0545825 -1.64247 -0.79904 0.0892252 -0.594621 -44.7656 
-0.601541 -0.0036197 0.798833 241.447 0.0707063 0.995824 0.0577558 -1.69058 -0.795706 0.091225 -0.598773 -45.6992 
-0.605208 -0.00243789 0.796064 243.145 0.0722907 0.995695 0.0580082 -1.65587 -0.792778 0.092655 -0.602426 -46.8958 
-0.610726 -0.0018678 0.79184 244.941 0.0729444 0.995612 0.0586085 -1.64632 -0.788475 0.093554 -0.60791 -47.9424 
-0.616801 -0.00133141 0.787118 246.992 0.0734263 0.995541 0.0592221 -1.58805 -0.783687 0.0943234 -0.613953 -49.0567 
-0.620778 -0.00030852 0.783986 248.87 0.0723388 0.995711 0.0576712 -1.45726 -0.780642 0.0925137 -0.618093 -50.4357 
-0.623 0.000232614 0.782221 250.756 0.0730328 0.995649 0.0578708 -1.33217 -0.778805 0.0931813 -0.620307 -51.9127 
-0.627078 0.00154814 0.778955 252.611 0.0731983 0.99569 0.0569475 -1.2356 -0.77551 0.0927287 -0.624489 -53.3266 
-0.634841 0.00225999 0.772639 254.833 0.0707564 0.995964 0.0552239 -1.11226 -0.769396 0.0897276 -0.632439 -54.5935 
-0.637368 0.00170474 0.770557 256.375 0.0680933 0.99621 0.0541195 -0.999504 -0.767545 0.0869639 -0.635069 -55.9148 
-0.638963 0.00466826 0.769223 257.772 0.072086 0.995944 0.0538348 -0.887983 -0.765852 0.0898487 -0.636709 -57.1189 
-0.643678 0.0025323 0.765293 259.17 0.0710834 0.995869 0.056492 -0.849592 -0.761988 0.0907622 -0.641199 -58.2695 
-0.650263 0.00128902 0.759708 260.397 0.0742403 0.99532 0.0618563 -0.851838 -0.756073 0.0966238 -0.647316 -59.1377 
-0.653136 0.000681336 0.75724 261.34 0.0730855 0.995388 0.0621422 -0.693054 -0.753705 0.0959306 -0.650174 -60.1089 
-0.656322 0.00615686 0.754456 262.222 0.0792902 0.994992 0.0608569 -0.369411 -0.750303 0.0997627 -0.653523 -60.9714 
-0.659459 0.0116484 0.75165 263.102 0.0854977 0.994554 0.0595986 -0.046863 -0.746862 0.103567 -0.656864 -61.8367 
-0.659679 0.00660219 0.751518 263.59 0.0786715 0.995074 0.0603155 0.0655128 -0.747418 0.0989119 -0.656949 -62.8728 
-0.657832 0.00185939 0.753162 264.134 0.0700084 0.995818 0.0586887 0.232268 -0.749904 0.0913351 -0.655211 -64.0353 
-0.658022 -0.000167657 0.752999 264.739 0.0625682 0.99653 0.0548982 0.393782 -0.750395 0.083238 -0.655728 -65.1611 
-0.658191 -0.00569234 0.75283 265.374 0.0561273 0.996817 0.0566086 0.474797 -0.750756 0.0795135 -0.655776 -66.244 
-0.660682 -0.0113802 0.750579 265.931 0.0478615 0.997212 0.0572488 0.570015 -0.749138 0.0737472 -0.658296 -67.0575 
-0.658475 -0.0154157 0.752444 266.407 0.0457537 0.997121 0.0604682 0.633454 -0.75121 0.0742439 -0.655874 -67.9464 
-0.658964 -0.0193144 0.751926 267.021 0.0409003 0.997271 0.0614601 0.699017 -0.751061 0.0712541 -0.656376 -68.867 
-0.658511 -0.0215253 0.752263 267.62 0.0383494 0.997332 0.0621077 0.769744 -0.751593 0.0697475 -0.655929 -69.7331 
-0.654557 -0.0206358 0.755731 268.267 0.0414341 0.997146 0.0631149 0.839566 -0.754876 0.0726254 -0.651834 -70.7979 
-0.651938 -0.0124699 0.75817 268.889 0.0568484 0.996247 0.0652686 0.762788 -0.756138 0.0856518 -0.648782 -71.6452 
-0.649421 -0.0108303 0.760352 269.592 0.0630579 0.995688 0.0680404 0.782349 -0.75781 0.0921331 -0.645937 -72.5552 
-0.649119 -0.0181431 0.760471 270.351 0.0590608 0.995496 0.074163 0.820693 -0.758391 0.0930546 -0.645123 -73.3477 
-0.649085 -0.0176207 0.760512 271.149 0.0624972 0.995117 0.0763968 0.863011 -0.758144 0.0971179 -0.644814 -74.2468 
-0.649702 -0.0193035 0.759944 271.919 0.0580704 0.995496 0.0749331 0.962502 -0.757968 0.0928145 -0.645655 -75.0316 
-0.652055 -0.0143745 0.758035 272.733 0.0651891 0.995055 0.0749442 1.0343 -0.755363 0.0982834 -0.647894 -75.7419 
-0.661761 -0.0195799 0.749459 273.335 0.0587272 0.995233 0.0778559 1.02051 -0.747411 0.0955356 -0.657457 -75.9203 
-0.67318 -0.0206675 0.73919 273.932 0.0588129 0.994946 0.0813791 0.98195 -0.737136 0.0982567 -0.668562 -76.0049 
-0.678727 -0.0226833 0.73404 274.795 0.0559901 0.995015 0.0825188 1.07034 -0.732253 0.0971068 -0.674074 -76.6669 
-0.68079 -0.021781 0.732155 275.637 0.0578534 0.994836 0.0833901 1.16776 -0.730191 0.0991288 -0.676014 -77.5114 
-0.682495 -0.0221558 0.730554 276.481 0.0597505 0.994503 0.0859804 1.23556 -0.728443 0.102332 -0.67742 -78.3627 
-0.6866 -0.0229091 0.726674 277.328 0.0589558 0.994457 0.0870556 1.30051 -0.724641 0.102614 -0.681444 -79.1355 
-0.690644 -0.0284085 0.722636 278.237 0.0510657 0.994818 0.0879135 1.425 -0.721389 0.0976189 -0.685615 -80.0537 
-0.693198 -0.0331871 0.719982 279.198 0.043259 0.995223 0.0875237 1.59306 -0.719448 0.0918171 -0.688451 -81.1633 
-0.695706 -0.0379862 0.717322 280.154 0.0354511 0.995568 0.0871036 1.75941 -0.717452 0.0860284 -0.691276 -82.2769 
-0.701153 -0.0404994 0.711859 281.809 0.0335316 0.995408 0.0896584 1.85473 -0.712222 0.0867341 -0.696575 -83.6371 
-0.704897 -0.0405585 0.708149 283.49 0.0333073 0.99537 0.0901631 1.97925 -0.708527 0.0871423 -0.700283 -85.1301 
-0.708217 -0.0401767 0.70485 285.419 0.0349685 0.995158 0.0918597 2.12846 -0.705128 0.0897042 -0.703383 -86.9352 
-0.711141 -0.0397787 0.701923 287.361 0.0394893 0.994562 0.0963707 2.19391 -0.701939 0.0962516 -0.705703 -88.7765 
-0.714699 -0.0443841 0.698023 289.064 0.0343071 0.994559 0.098366 2.36584 -0.69859 0.0942492 -0.709287 -90.4008 
-0.716702 -0.043674 0.69601 290.596 0.035435 0.994467 0.0988903 2.54449 -0.696478 0.0955381 -0.711189 -92.0551 
-0.722817 -0.0375368 0.690019 292.747 0.039431 0.994656 0.0954142 2.99657 -0.689914 0.0961752 -0.717474 -93.6226 
-0.725385 -0.0385571 0.687263 294.58 0.0393692 0.994472 0.0973451 3.12331 -0.687217 0.0976697 -0.719857 -95.4148 
-0.729329 -0.0425982 0.682836 296.775 0.0367689 0.994177 0.101293 3.32114 -0.683175 0.0989833 -0.723516 -97.6817 
-0.733238 -0.0466306 0.678371 298.956 0.0341461 0.993862 0.105225 3.53154 -0.679114 0.100319 -0.727146 -99.9603 
-0.737114 -0.0506542 0.673868 301.123 0.0315009 0.993527 0.10914 3.75446 -0.675034 0.101676 -0.730747 -102.251 
-0.740185 -0.0500365 0.670539 302.912 0.0231428 0.994741 0.0997755 4.01343 -0.672005 0.0893705 -0.735134 -104.046 
-0.744166 -0.0422181 0.666659 304.692 0.0300024 0.994881 0.0964943 4.17167 -0.66732 0.0918092 -0.739091 -105.856 
-0.745601 -0.0380051 0.665307 306.477 0.0373244 0.994423 0.0986345 4.40161 -0.665346 0.0983742 -0.740025 -107.752 
-0.746693 -0.0470523 0.663503 308.213 0.037625 0.99291 0.112755 4.5532 -0.664104 0.109157 -0.739628 -109.591 
-0.748691 -0.0563652 0.660519 309.801 0.0323881 0.992079 0.12137 4.83597 -0.662128 0.112262 -0.740935 -111.397 
-0.750223 -0.0623791 0.658236 311.258 0.0268458 0.991845 0.124592 5.08796 -0.66064 0.111142 -0.74243 -113.187 
-0.752314 -0.0625575 0.655828 313.135 0.0257293 0.991932 0.124132 5.43311 -0.658302 0.11026 -0.744635 -115.26 
-0.75413 -0.0616709 0.653823 315.016 0.0252293 0.992125 0.122681 5.87912 -0.65624 0.109013 -0.746636 -117.438 
-0.755897 -0.0533491 0.652513 316.535 0.0312718 0.992594 0.11738 6.0861 -0.653943 0.109133 -0.748631 -119.178 
-0.758041 -0.0423093 0.650833 318.088 0.0395903 0.993068 0.110669 6.3594 -0.651004 0.109658 -0.751112 -121.164 
-0.759444 -0.0427664 0.649165 319.784 0.0388154 0.993081 0.110832 6.6383 -0.649413 0.109369 -0.752529 -123.193 
-0.76191 -0.0419804 0.646321 321.43 0.0391447 0.993088 0.110649 6.90348 -0.646499 0.109605 -0.755 -124.903 
-0.762541 -0.041948 0.645579 323.023 0.040694 0.992809 0.112577 7.0453 -0.645659 0.112116 -0.755351 -126.664 
-0.762362 -0.0422683 0.645768 324.413 0.0420513 0.99252 0.114608 7.10931 -0.645783 0.114529 -0.754883 -128.124 
-0.762184 -0.0425893 0.645957 325.803 0.0434091 0.992225 0.116639 7.17728 -0.645903 0.116941 -0.75441 -129.583 
-0.762007 -0.0429108 0.646146 327.194 0.0447671 0.991924 0.118668 7.24922 -0.64602 0.119352 -0.753932 -131.041 
-0.761829 -0.043233 0.646333 328.585 0.0461255 0.991617 0.120697 7.32513 -0.646133 0.121763 -0.753449 -132.499 
-0.761652 -0.0435558 0.64652 329.977 0.0474842 0.991304 0.122724 7.405 -0.646244 0.124173 -0.752961 -133.957 
-0.761476 -0.0438792 0.646706 331.369 0.0488433 0.990985 0.12475 7.48883 -0.64635 0.126581 -0.752468 -135.413 
-0.7613 -0.0442033 0.646892 332.762 0.0502026 0.99066 0.126775 7.57663 -0.646454 0.128989 -0.75197 -136.87 
-0.766193 -0.046788 0.640905 333.748 0.0403265 0.991879 0.12062 7.77462 -0.641344 0.118264 -0.758084 -137.432 
-0.770258 -0.0501873 0.635754 334.895 0.0266871 0.993489 0.11076 8.09865 -0.637173 0.102281 -0.763904 -138.176 
-0.774242 -0.0536908 0.630608 336.036 0.0131016 0.994822 0.100786 8.41508 -0.632754 0.0862948 -0.769529 -138.932 
-0.778142 -0.0572975 0.62547 337.171 -0.000425588 0.995878 0.0907 8.72369 -0.628089 0.0703113 -0.774959 -139.7 
-0.781956 -0.0610061 0.62034 338.3 -0.0138901 0.996657 0.0805053 9.02424 -0.623178 0.0543351 -0.78019 -140.481 
-0.785685 -0.0648155 0.615221 339.423 -0.0272876 0.997159 0.0702055 9.31653 -0.618024 0.0383715 -0.785222 -141.273 
-0.789327 -0.0687245 0.610115 340.54 -0.0406137 0.997384 0.0598038 9.60034 -0.612628 0.0224257 -0.790053 -142.076 
-0.79288 -0.0727317 0.605022 341.65 -0.0538641 0.99733 0.0493035 9.87544 -0.606993 0.00650283 -0.794681 -142.891 
-0.796343 -0.0768358 0.599945 342.755 -0.0670345 0.996999 0.0387082 10.1416 -0.601119 -0.00939199 -0.799105 -143.717 
-0.799716 -0.0810356 0.594884 343.853 -0.0801207 0.996391 0.0280211 10.3987 -0.595008 -0.0252536 -0.803323 -144.555 
-0.802997 -0.0853297 0.589843 344.945 -0.0931184 0.995506 0.0172459 10.6465 -0.588664 -0.0410769 -0.807334 -145.403 
-0.806185 -0.0897166 0.584822 346.031 -0.106023 0.994343 0.00638585 10.8847 -0.582087 -0.0568566 -0.811136 -146.261 
-0.809279 -0.0941951 0.579823 347.111 -0.118832 0.992904 -0.00455538 11.1132 -0.575279 -0.0725879 -0.81473 -147.131 
-0.810826 -0.094712 0.577573 348.039 -0.11858 0.992938 -0.00364406 11.1353 -0.573149 -0.0714433 -0.816331 -148.104 
-0.813491 -0.0978866 0.573281 349.028 -0.124274 0.992224 -0.00692526 11.2071 -0.568145 -0.0768773 -0.81933 -149.04 
-0.812691 -0.0988285 0.574253 349.742 -0.123903 0.992284 -0.00457807 11.0983 -0.569369 -0.0748722 -0.818665 -150.102 
-0.811118 -0.0962633 0.576906 350.47 -0.121018 0.99264 -0.00451515 11.0373 -0.572226 -0.0734782 -0.816798 -151.319 
-0.809529 -0.0937019 0.579554 351.201 -0.118131 0.992988 -0.00446167 10.9766 -0.575072 -0.0720752 -0.814922 -152.533 
-0.807924 -0.0911442 0.582195 351.936 -0.115243 0.993327 -0.00441762 10.9164 -0.577908 -0.0706633 -0.813037 -153.745 
-0.806303 -0.0885903 0.584831 352.675 -0.112355 0.993658 -0.00438301 10.8564 -0.580734 -0.0692424 -0.811143 -154.955 
-0.804666 -0.0860403 0.58746 353.418 -0.109465 0.993981 -0.00435783 10.7969 -0.583549 -0.0678127 -0.809241 -156.162 
-0.803013 -0.0834943 0.590083 354.165 -0.106574 0.994295 -0.00434209 10.7377 -0.586355 -0.0663741 -0.807331 -157.368 
-0.801344 -0.0809522 0.5927 354.915 -0.103682 0.994601 -0.00433579 10.6788 -0.589149 -0.0649268 -0.805411 -158.571 
-0.79966 -0.0784142 0.595311 355.669 -0.100789 0.994898 -0.00433893 10.6202 -0.591934 -0.0634706 -0.803484 -159.771 
-0.799556 -0.0771621 0.595613 357.053 -0.0993185 0.995046 -0.00441722 10.5045 -0.592322 -0.0626872 -0.803259 -161.472 
-0.800135 -0.0769626 0.594862 358.419 -0.0987091 0.995108 -0.00402529 10.4 -0.591642 -0.0619391 -0.803818 -163.076 
-0.800712 -0.0767625 0.59411 359.783 -0.0981 0.99517 -0.00363278 10.2962 -0.590962 -0.061191 -0.804375 -164.681 
-0.800559 -0.0749116 0.594553 361.423 -0.0955963 0.995415 -0.00330071 10.2858 -0.591579 -0.0594795 -0.80405 -166.723 
-0.801992 -0.0709787 0.593103 363.056 -0.0924544 0.9957 -0.00585777 10.3022 -0.590137 -0.0595329 -0.805105 -168.593 
-0.803409 -0.0670447 0.591641 364.686 -0.0893065 0.995969 -0.00840911 10.3117 -0.588692 -0.0595933 -0.806158 -170.466 
-0.800833 -0.0647762 0.595374 365.573 -0.0869618 0.996175 -0.00858882 10.1635 -0.59254 -0.0586529 -0.803403 -171.999 
-0.799153 -0.0593904 0.598187 366.721 -0.082195 0.996557 -0.0108669 10.1008 -0.595482 -0.0578522 -0.801283 -173.688 
-0.796413 -0.0605844 0.60171 368.373 -0.0835049 0.996455 -0.0101956 10.0604 -0.59896 -0.0583657 -0.798649 -175.898 
-0.79311 -0.0586781 0.606245 369.954 -0.0809713 0.996671 -0.00946231 10.0419 -0.603672 -0.0565931 -0.795222 -177.992 
-0.789668 -0.0543422 0.611122 371.504 -0.077558 0.996921 -0.0115693 9.97611 -0.608612 -0.0565333 -0.791451 -180.101 
-0.785839 -0.0503085 0.616381 373.123 -0.0761293 0.996974 -0.015687 9.93897 -0.613727 -0.0592521 -0.787292 -182.292 
-0.78197 -0.0462563 0.621597 374.757 -0.0747267 0.997007 -0.0198139 9.8907 -0.61882 -0.0619438 -0.783087 -184.472 
-0.778062 -0.0421861 0.626769 376.404 -0.0733505 0.997019 -0.0239497 9.83126 -0.62389 -0.0646082 -0.778837 -186.641 
-0.774115 -0.0380981 0.631897 378.066 -0.0720006 0.997009 -0.0280943 9.76064 -0.628937 -0.0672451 -0.774543 -188.798 
-0.77013 -0.0339925 0.636981 379.743 -0.0706771 0.996978 -0.0322472 9.67881 -0.63396 -0.0698545 -0.770205 -190.944 
-0.766105 -0.0298695 0.64202 381.433 -0.0693802 0.996926 -0.0364083 9.58575 -0.638959 -0.0724361 -0.765822 -193.079 
-0.762043 -0.0257296 0.647015 383.137 -0.0681099 0.996852 -0.0405773 9.48142 -0.643934 -0.0749898 -0.761397 -195.202 
-0.762294 -0.0278967 0.64663 384.47 -0.0690633 0.996872 -0.0384101 9.42306 -0.643536 -0.0739382 -0.761836 -196.745 
-0.763152 -0.0277744 0.645621 385.838 -0.0672736 0.997062 -0.0366272 9.35513 -0.642707 -0.0713854 -0.762779 -198.219 
-0.764009 -0.0276487 0.644612 387.205 -0.0654859 0.997245 -0.0348416 9.29062 -0.641873 -0.0688323 -0.763715 -199.695 
-0.764865 -0.0275197 0.643602 388.569 -0.0637 0.997421 -0.0330534 9.22954 -0.641033 -0.0662789 -0.764646 -201.173 
-0.765719 -0.0273872 0.642592 389.932 -0.0619162 0.997592 -0.0312627 9.1719 -0.640188 -0.0637253 -0.765571 -202.653 
-0.766572 -0.0272514 0.64158 391.292 -0.0601342 0.997755 -0.0294695 9.11769 -0.639337 -0.0611714 -0.76649 -204.135 
-0.76664 -0.0272579 0.641499 392.392 -0.0596672 0.9978 -0.0289094 8.91591 -0.639299 -0.0604395 -0.766579 -205.655 
-0.764737 -0.0269442 0.643778 393.845 -0.059899 0.997772 -0.0293934 8.80055 -0.641552 -0.0610399 -0.764647 -207.336 
-0.762568 -0.0262517 0.646375 395.199 -0.0583448 0.997895 -0.0283047 8.652 -0.644271 -0.0592969 -0.762495 -208.722 
-0.761226 -0.0270717 0.647921 396.121 -0.0601773 0.997766 -0.0290118 8.68996 -0.645688 -0.0610747 -0.761155 -209.473 
-0.759811 -0.0267799 0.649592 397.171 -0.0617585 0.997606 -0.0311105 8.76714 -0.647204 -0.0637559 -0.759646 -210.276 
-0.758393 -0.0264821 0.651259 398.223 -0.0633439 0.997439 -0.0332054 8.84204 -0.648712 -0.066436 -0.758129 -211.077 
-0.756972 -0.0261784 0.652923 399.276 -0.0649334 0.997265 -0.0352966 8.91468 -0.650213 -0.069115 -0.756602 -211.876 
-0.755947 -0.0231289 0.654224 400.149 -0.0594705 0.997669 -0.0334466 8.79462 -0.651926 -0.0641908 -0.755561 -212.894 
-0.755675 -0.0277438 0.654358 400.729 -0.0638845 0.99746 -0.0314853 8.65649 -0.651823 -0.065596 -0.755529 -213.355 
-0.75487 -0.0247546 0.655407 401.155 -0.0608666 0.997619 -0.0324239 8.73309 -0.653044 -0.0643682 -0.75458 -214.393 
-0.753279 -0.0241422 0.657258 401.592 -0.0609867 0.997584 -0.0332536 8.61821 -0.654867 -0.0651332 -0.752932 -215.395 
-0.75107 -0.0222765 0.659846 402.527 -0.0615948 0.997436 -0.0364367 8.56732 -0.657343 -0.0680096 -0.750516 -216.609 
-0.751324 -0.0246817 0.659472 403.26 -0.0631239 0.997406 -0.0345865 8.46482 -0.656908 -0.0676141 -0.750933 -217.882 
-0.751609 -0.0269466 0.659059 404.082 -0.0651103 0.997316 -0.0334768 8.34399 -0.656388 -0.0680729 -0.751346 -219.307 
-0.750227 -0.0258505 0.660675 405.505 -0.0645647 0.997324 -0.0342934 8.15087 -0.658021 -0.0683841 -0.749888 -221.065 
-0.752256 -0.0250204 0.658395 406.957 -0.0665773 0.997051 -0.0381786 8.05079 -0.655498 -0.0725542 -0.751703 -222.255 
-0.756098 -0.026025 0.653941 408.855 -0.0708569 0.996591 -0.0422644 7.90743 -0.650611 -0.0782922 -0.755364 -223.567 
-0.75389 -0.0284789 0.656383 410.285 -0.0740242 0.99638 -0.0417901 7.79593 -0.652817 -0.0800934 -0.753269 -225.231 
-0.749976 -0.0329734 0.660642 412.073 -0.0828408 0.995575 -0.0443526 7.73747 -0.656257 -0.0879915 -0.749389 -227.214 
-0.746001 -0.0374212 0.664893 413.872 -0.0916642 0.994687 -0.0468636 7.67257 -0.659606 -0.0959071 -0.745467 -229.186 
-0.74513 -0.0366913 0.665909 415.505 -0.0911678 0.994716 -0.0472054 7.51983 -0.660659 -0.0958836 -0.744538 -231.009 
-0.744406 -0.0375654 0.66667 417.234 -0.0927886 0.994549 -0.0475675 7.37732 -0.661249 -0.0972689 -0.743834 -232.901 
-0.74368 -0.038438 0.66743 418.965 -0.0944095 0.994379 -0.0479279 7.23393 -0.661836 -0.0986547 -0.743128 -234.79 
-0.74539 -0.036401 0.665634 420.51 -0.0909131 0.99473 -0.0474082 7.05905 -0.6604 -0.0958525 -0.744771 -236.542 
-0.747412 -0.0341443 0.663483 422.038 -0.086399 0.995193 -0.0461135 6.88422 -0.658719 -0.09179 -0.746769 -238.268 
-0.749418 -0.0318753 0.661329 423.561 -0.0818865 0.995634 -0.0448053 6.71243 -0.657014 -0.0877319 -0.748756 -239.998 
-0.751408 -0.0295942 0.659174 425.078 -0.0773759 0.996053 -0.0434839 6.5437 -0.655286 -0.0836783 -0.750732 -241.733 
-0.750597 -0.033197 0.659926 426.051 -0.0783008 0.996169 -0.0389477 6.24107 -0.656105 -0.0809067 -0.75032 -243.146 
-0.751052 -0.0325603 0.65944 427.216 -0.077356 0.996244 -0.0389124 6.14439 -0.655696 -0.0802368 -0.75075 -244.157 
-0.755012 -0.0340702 0.654825 428.794 -0.0809721 0.99585 -0.0415472 6.20577 -0.650692 -0.0843912 -0.754638 -244.721 
-0.757274 -0.0333209 0.652247 429.74 -0.0802771 0.995873 -0.0423281 6.18126 -0.648145 -0.0844144 -0.756824 -245.36 
-0.76075 -0.0333016 0.64819 431.27 -0.0802273 0.995849 -0.042996 6.18385 -0.644067 -0.0847117 -0.760264 -246.181 
-0.759954 -0.0332429 0.649126 432.337 -0.0800367 0.995877 -0.0427012 5.94109 -0.64503 -0.0844048 -0.759481 -247.654 
-0.760235 -0.0326422 0.648827 433.315 -0.0773398 0.996182 -0.0405022 5.69072 -0.645028 -0.0809714 -0.759857 -249.001 
-0.759708 -0.0336489 0.649394 434.402 -0.0770339 0.996285 -0.0384965 5.58869 -0.645686 -0.0792714 -0.759477 -250.347 
-0.757152 -0.0320907 0.652449 435.919 -0.0714658 0.996867 -0.0339036 5.41394 -0.649317 -0.072298 -0.757073 -252.092 
-0.75598 -0.0311246 0.653854 437.368 -0.068261 0.997171 -0.0314557 5.24658 -0.651026 -0.0684126 -0.755966 -253.811 
-0.75302 -0.0311568 0.65726 438.778 -0.0680437 0.99721 -0.0306856 5.09487 -0.65447 -0.0678292 -0.753039 -255.586 
-0.749418 -0.0321268 0.661318 440.198 -0.0666704 0.997407 -0.0270982 4.89536 -0.658732 -0.0643981 -0.749616 -257.385 
-0.745794 -0.0331155 0.665352 441.627 -0.065277 0.99759 -0.0235178 4.70421 -0.66297 -0.0609716 -0.746159 -259.177 
-0.742151 -0.0341226 0.669364 443.067 -0.0638635 0.997759 -0.0199446 4.52143 -0.667184 -0.0575498 -0.742667 -260.961 
-0.738486 -0.0351483 0.673352 444.516 -0.06243 0.997915 -0.0163787 4.34699 -0.671372 -0.0541328 -0.739141 -262.739 
-0.734801 -0.0361925 0.677316 445.975 -0.0609765 0.998057 -0.0128204 4.18089 -0.675536 -0.0507208 -0.73558 -264.51 
-0.733941 -0.0360055 0.678258 447.825 -0.0603165 0.998104 -0.0122837 4.11136 -0.67653 -0.0499256 -0.734721 -266.76 
-0.731307 -0.0334494 0.681227 449.713 -0.0559673 0.998371 -0.0110601 4.00675 -0.679748 -0.0462148 -0.731988 -269.186 
-0.72865 -0.0309078 0.684188 451.61 -0.0516121 0.998619 -0.0098542 3.90701 -0.682938 -0.0424926 -0.729239 -271.605 
-0.72597 -0.0283808 0.68714 453.517 -0.0472509 0.998845 -0.00866589 3.81209 -0.686101 -0.0387591 -0.726473 -274.016 
-0.723266 -0.0258687 0.690084 455.433 -0.0428839 0.999052 -0.00749525 3.72194 -0.689236 -0.0350145 -0.72369 -276.419 
-0.72054 -0.0233714 0.693019 457.36 -0.0385113 0.999238 -0.00634233 3.63652 -0.692343 -0.0312589 -0.720891 -278.816 
-0.71779 -0.0208891 0.695946 459.295 -0.0341332 0.999404 -0.00520718 3.55576 -0.695422 -0.0274925 -0.718075 -281.204 
-0.715018 -0.0184218 0.698863 461.241 -0.0297498 0.999549 -0.00408983 3.47962 -0.698473 -0.0237153 -0.715244 -283.585 
-0.711588 -0.0187261 0.702347 463.077 -0.029894 0.999546 -0.00363727 3.43728 -0.70196 -0.0235841 -0.711825 -285.533 
-0.707136 -0.0190124 0.706822 464.784 -0.032552 0.999454 -0.00568275 3.4644 -0.706328 -0.0270269 -0.707369 -287.3 
-0.707872 -0.0173887 0.706126 465.368 -0.0309896 0.999499 -0.0064531 3.49585 -0.70566 -0.0264505 -0.708056 -287.812 
-0.705586 -0.0175629 0.708407 467.1 -0.0312434 0.999492 -0.00633949 3.353 -0.707935 -0.0266061 -0.705776 -289.693 
-0.703804 -0.0183434 0.710157 468.737 -0.0334595 0.999413 -0.00734535 3.28139 -0.709606 -0.0289312 -0.704004 -291.355 
-0.702016 -0.019118 0.711905 470.379 -0.0356779 0.999328 -0.00834568 3.20738 -0.711267 -0.0312581 -0.702226 -293.012 
-0.700222 -0.0198868 0.713648 472.025 -0.0378986 0.999238 -0.00934045 3.131 -0.712919 -0.0335866 -0.700442 -294.665 
-0.69782 -0.0205482 0.715979 473.679 -0.0388217 0.999204 -0.0091605 3.05677 -0.715221 -0.0341879 -0.698062 -296.332 
-0.695814 -0.0235017 0.717838 475.179 -0.0388112 0.999234 -0.00490606 2.92146 -0.717173 -0.0312738 -0.696193 -297.845 
-0.695791 -0.0227748 0.717883 476.442 -0.0380765 0.999261 -0.00520327 2.90534 -0.717234 -0.0309548 -0.696144 -298.828 
-0.696827 -0.021064 0.71693 478.379 -0.036971 0.999295 -0.00657429 2.98423 -0.716286 -0.0310867 -0.697114 -300.45 
-0.695915 -0.0207485 0.717824 479.818 -0.0361731 0.999326 -0.00618385 2.88531 -0.717212 -0.0302694 -0.696197 -301.972 
