1 -4.23778e-08 4.22719e-08 0 -4.23778e-08 1 -4.19404e-08 0 4.22719e-08 -4.19404e-08 1 0 
0.999997 -0.00230199 3.42215e-05 -0.0903258 0.00230174 0.999989 0.00410866 -0.0468007 -4.35946e-05 -0.00410865 0.999991 1.44067 
0.999992 -0.00403819 0.000534456 -0.175642 0.0040356 0.999981 0.00461213 -0.054792 -0.000552986 -0.00461002 0.999989 2.92057 
0.999995 -0.00260022 -0.00184913 -0.220388 0.00260859 0.999986 0.00458265 -0.0653405 0.00183727 -0.00458754 0.999988 4.41925 
0.99999 -0.00227159 -0.00382338 -0.242087 0.0022853 0.999991 0.00360733 -0.070881 0.00381523 -0.00361612 0.999986 5.88654 
0.999985 -0.00161883 -0.00519308 -0.241031 0.00163056 0.999996 0.00227227 -0.0560644 0.00518947 -0.00228079 0.999984 7.35345 
0.999964 -0.000444826 -0.0084112 -0.217326 0.000464964 0.999997 0.0024023 -0.0573812 0.00841019 -0.00240621 0.999962 8.77708 
0.999937 -0.00226203 -0.0109816 -0.245582 0.00228567 0.999995 0.00214838 -0.0871912 0.0109768 -0.00217343 0.999937 10.2785 
0.999909 -0.00426198 -0.0127945 -0.285172 0.00429232 0.999988 0.0023511 -0.107913 0.0127844 -0.00240588 0.999915 11.7438 
0.999905 -0.00384475 -0.0132489 -0.409088 0.00386853 0.999991 0.00177596 -0.10668 0.013242 -0.00182713 0.999911 13.2493 
0.999912 -0.00204056 -0.0131181 -0.512842 0.0020497 0.999998 0.000690159 -0.112754 0.0131167 -0.000717071 0.999914 14.7217 
0.999903 -0.000718425 -0.0138945 -0.55138 0.000742073 0.999998 0.00170296 -0.148496 0.0138933 -0.00171319 0.999902 16.2381 
0.999822 -0.00254685 -0.0186947 -0.38876 0.00257242 0.999996 0.00134816 -0.151611 0.0186913 -0.0013961 0.999824 18.1487 
0.999771 -0.00172964 -0.0213356 -0.406407 0.00178055 0.999996 0.0023715 -0.16803 0.0213315 -0.00240904 0.999769 19.6232 
0.999738 5.77916e-05 -0.0228921 -0.430457 4.05303e-06 0.999996 0.00270517 -0.218223 0.0228922 -0.00270464 0.999734 20.9768 
0.999695 -0.000514639 -0.0246849 -0.46748 0.000592069 0.999995 0.00313291 -0.262081 0.0246832 -0.00314665 0.99969 22.3887 
0.999647 0.000300572 -0.0265757 -0.498673 -0.000190055 0.999991 0.00416413 -0.299429 0.0265768 -0.0041577 0.999638 23.7752 
0.999642 0.000745746 -0.0267414 -0.535664 -0.000611346 0.999987 0.00503685 -0.336311 0.0267449 -0.00501879 0.99963 25.164 
0.999645 -0.000915652 -0.0266395 -0.583962 0.000999446 0.999995 0.00313548 -0.352368 0.0266366 -0.00316108 0.99964 26.6712 
0.999641 -0.000311879 -0.0267879 -0.65383 0.000362806 0.999998 0.00189941 -0.379887 0.0267874 -0.00190853 0.999639 28.0527 
0.999655 -0.0019918 -0.0261975 -0.789502 0.00206719 0.999994 0.00285425 -0.445071 0.0261917 -0.0029075 0.999653 29.0618 
0.999629 -0.00433408 -0.0268983 -0.805257 0.00447559 0.999976 0.00520634 -0.462003 0.0268751 -0.00532488 0.999625 30.4857 
0.999588 -0.00687212 -0.0278501 -0.856096 0.00704877 0.999956 0.00625247 -0.473112 0.027806 -0.00644629 0.999592 31.8353 
0.999574 -0.00701199 -0.0283396 -0.87194 0.00716734 0.99996 0.00538673 -0.473688 0.0283008 -0.00558764 0.999584 33.4329 
0.999569 -0.00693644 -0.0285306 -0.931826 0.00702767 0.99997 0.00310138 -0.48426 0.0285083 -0.00330063 0.999588 34.7829 
0.999562 -0.0070762 -0.0287212 -0.988551 0.00714381 0.999972 0.00225496 -0.500516 0.0287045 -0.00245924 0.999585 36.1612 
0.999543 -0.00995152 -0.0285385 -1.01935 0.00999871 0.999949 0.00151416 -0.540601 0.0285221 -0.00179891 0.999591 37.3043 
0.99956 -0.0108209 -0.0276132 -1.08419 0.0109069 0.999936 0.00297064 -0.588361 0.0275794 -0.00327059 0.999614 38.5596 
0.999491 -0.0155998 -0.0278185 -1.10965 0.0157636 0.99986 0.00568351 -0.626875 0.027726 -0.00611922 0.999597 39.8291 
0.9995 -0.0158861 -0.0273289 -1.13895 0.0160696 0.99985 0.00651329 -0.641783 0.0272214 -0.00694929 0.999605 41.1528 
0.999495 -0.0156928 -0.0276363 -1.16007 0.0159098 0.999844 0.00765521 -0.674281 0.027512 -0.00809112 0.999589 42.3648 
0.999528 -0.0161635 -0.0261057 -1.17899 0.0163526 0.999841 0.00705005 -0.691911 0.0259877 -0.0074737 0.999634 43.5845 
0.999544 -0.0179338 -0.0242755 -1.19049 0.0180588 0.999825 0.0049421 -0.693561 0.0241827 -0.00537832 0.999693 44.8663 
0.999614 -0.0169936 -0.0219685 -1.22528 0.0170636 0.99985 0.00300435 -0.69902 0.0219142 -0.00337814 0.999754 46.089 
0.999639 -0.0168784 -0.0208841 -1.22457 0.0169435 0.999852 0.0029484 -0.712511 0.0208314 -0.00330127 0.999777 47.3015 
0.999705 -0.0179718 -0.0163287 -1.25059 0.0180108 0.999835 0.00224852 -0.715514 0.0162856 -0.00254203 0.999864 48.533 
0.999789 -0.0173298 -0.0109794 -1.28126 0.0173553 0.999847 0.00223899 -0.754719 0.010939 -0.00242915 0.999937 49.6771 
0.999833 -0.0175645 -0.00502788 -1.25459 0.0175766 0.999843 0.00240122 -0.773097 0.004985 -0.00248927 0.999984 50.872 
0.999914 -0.0128026 0.00263735 -1.27533 0.0127916 0.99991 0.00410301 -0.81633 -0.00268956 -0.00406901 0.999988 51.9718 
0.999859 -0.00904764 0.0141204 -1.2953 0.00897277 0.999945 0.00535073 -0.831241 -0.0141679 -0.00522336 0.999886 53.1234 
0.999616 -0.0078506 0.0265551 -1.26887 0.00773771 0.999961 0.00434813 -0.830293 -0.0265881 -0.00414107 0.999638 54.2214 
0.999142 -0.00666589 0.0408771 -1.23184 0.00644537 0.999964 0.00552205 -0.86015 -0.0409124 -0.00525392 0.999149 55.387 
0.998425 -0.00443335 0.0559253 -1.16938 0.00402783 0.999965 0.00736021 -0.892975 -0.0559559 -0.00712344 0.998408 56.4733 
0.99722 -0.00285162 0.0744591 -1.12869 0.00224051 0.999963 0.0082884 -0.887401 -0.0744799 -0.00809861 0.99719 57.5907 
0.995601 -0.00436515 0.0935956 -1.04838 0.00376514 0.999971 0.00658541 -0.875612 -0.0936215 -0.00620412 0.995588 58.6841 
0.993619 -0.00474886 0.11269 -0.927062 0.00404474 0.999971 0.00647534 -0.89211 -0.112717 -0.0059783 0.993609 59.6169 
0.991002 -0.00731748 0.133644 -0.79722 0.00649561 0.999957 0.00658394 -0.903469 -0.133686 -0.00565668 0.991007 60.7185 
0.987523 -0.0122321 0.157001 -0.704656 0.0109396 0.999899 0.00909339 -0.92175 -0.157096 -0.00726248 0.987556 61.7927 
0.983613 -0.0181211 0.17938 -0.515846 0.0164984 0.999808 0.0105334 -0.935694 -0.179536 -0.00740141 0.983723 62.8027 
0.978623 -0.0234129 0.204323 -0.33393 0.0217446 0.999709 0.010406 -0.956766 -0.204507 -0.00574071 0.978848 63.7831 
0.972679 -0.0297312 0.23024 -0.111634 0.0284331 0.999556 0.0089541 -0.940795 -0.230404 -0.00216311 0.973093 64.8238 
0.966043 -0.033701 0.256173 0.148404 0.032435 0.999432 0.00916604 -0.932938 -0.256336 -0.000545896 0.966587 65.7771 
0.958321 -0.0351571 0.283523 0.427152 0.0330359 0.999379 0.0122605 -0.947595 -0.283778 -0.00238309 0.958887 66.7368 
0.949905 -0.0397034 0.310007 0.76045 0.0367122 0.999206 0.0154792 -0.946641 -0.310375 -0.00332281 0.950608 67.6958 
0.939765 -0.0443393 0.338933 1.05582 0.0414029 0.999016 0.0158929 -0.949134 -0.339304 -0.000902874 0.940676 68.5922 
0.928912 -0.04325 0.367767 1.40584 0.041845 0.999054 0.0117972 -0.942414 -0.367929 0.00443057 0.929843 69.4473 
0.916898 -0.044908 0.396586 1.76085 0.0456457 0.998929 0.00758318 -0.96616 -0.396502 0.0111494 0.917966 70.3002 
0.90302 -0.0482691 0.426877 2.09384 0.0506472 0.9987 0.00578791 -0.97458 -0.426601 0.0163935 0.904291 71.1261 
0.888731 -0.0494783 0.455751 2.55268 0.0512412 0.99865 0.00849521 -0.955648 -0.455556 0.0158032 0.890067 71.9861 
0.872059 -0.0485723 0.486984 2.99111 0.0469421 0.998776 0.0155579 -0.971304 -0.487144 0.00929264 0.873272 72.8091 
0.853291 -0.0490335 0.519124 3.46803 0.0454939 0.998773 0.0195593 -0.964974 -0.519446 0.00692708 0.854475 73.6298 
0.832204 -0.0441529 0.552709 3.91635 0.0420589 0.998979 0.0164756 -0.976609 -0.552872 0.0095352 0.833211 74.4003 
0.810769 -0.037527 0.584162 4.39826 0.0388355 0.999193 0.0102881 -0.981769 -0.584076 0.0143448 0.811572 75.1374 
0.789188 -0.0337972 0.61322 4.95466 0.0365398 0.9993 0.00805036 -0.974675 -0.613063 0.0160537 0.789871 75.8823 
0.7668 -0.0368426 0.640828 5.54671 0.0380978 0.999204 0.0118593 -0.975999 -0.640755 0.0153204 0.767593 76.5728 
0.743267 -0.0363164 0.668009 6.15894 0.0376371 0.999214 0.012445 -0.967528 -0.667936 0.0158919 0.744049 77.2658 
0.719178 -0.0346978 0.693959 6.7723 0.0384715 0.999209 0.0100905 -0.975151 -0.693759 0.0194407 0.719944 77.9077 
0.694485 -0.033096 0.718746 7.40976 0.0393006 0.999195 0.00803564 -0.974082 -0.718433 0.0226665 0.695226 78.5211 
0.667389 -0.0302287 0.744096 8.04098 0.0366224 0.999299 0.00774907 -0.974515 -0.743808 0.0220789 0.668028 79.0978 
0.640481 -0.0272569 0.76749 8.76801 0.035358 0.999357 0.00598462 -0.950865 -0.767159 0.0233039 0.641033 79.7102 
0.612445 -0.0212798 0.790227 9.47658 0.033888 0.999425 0.000649042 -0.961168 -0.789787 0.0263817 0.612814 80.2706 
0.582533 -0.0107722 0.812735 10.1786 0.0317941 0.999449 -0.00954187 -0.959018 -0.812185 0.0313987 0.582555 80.81 
0.552478 -0.00394499 0.833518 10.935 0.0311176 0.999389 -0.0158957 -0.985041 -0.832946 0.0347191 0.552263 81.3065 
0.521952 0.000830085 0.852975 11.7079 0.028867 0.999409 -0.018637 -0.986913 -0.852486 0.0343504 0.521619 81.7863 
0.489017 0.0010119 0.872273 12.4992 0.026162 0.999532 -0.0158267 -1.02097 -0.871882 0.03056 0.488762 82.2705 
0.455807 0.000287469 0.890079 13.3368 0.0211001 0.999715 -0.0111283 -1.03621 -0.889829 0.0238531 0.455671 82.7297 
0.423427 0.00181936 0.905928 14.1926 0.0171694 0.999802 -0.0100329 -1.05577 -0.905767 0.0198025 0.423312 83.1056 
0.388923 0.00412872 0.921261 15.0702 0.00893283 0.999926 -0.00825249 -1.08674 -0.921227 0.011439 0.388858 83.4752 
0.355292 0.00539193 0.93474 15.9576 0.00377756 0.999967 -0.00720412 -1.10464 -0.934748 0.00609058 0.35526 83.7956 
0.317707 0.00467455 0.948178 16.8246 0.00208011 0.999982 -0.00562704 -1.12313 -0.948187 0.00376005 0.317691 84.1503 
0.282689 0.0037293 0.959204 17.7286 -0.000151454 0.999993 -0.00384335 -1.14917 -0.959211 0.000941185 0.282688 84.3918 
0.247307 0.00238926 0.968934 18.5925 0.00308695 0.99999 -0.00325384 -1.17005 -0.968932 0.00379573 0.247297 84.6312 
0.210109 -0.000371934 0.977678 19.5812 0.00436808 0.99999 -0.0005584 -1.19988 -0.977668 0.00438789 0.210109 84.8846 
0.174693 -0.00152901 0.984622 20.5132 0.0118324 0.99993 -0.000546637 -1.21395 -0.984552 0.011746 0.174699 85.0615 
0.141521 0.00224832 0.989933 21.4682 0.0136562 0.999898 -0.00422333 -1.21802 -0.989841 0.0141164 0.141476 85.1855 
0.10823 0.00827554 0.994091 22.4168 0.0151258 0.999836 -0.00997023 -1.21548 -0.994011 0.0161155 0.108087 85.2994 
0.0774584 0.0123481 0.996919 23.3418 0.0201053 0.999701 -0.0139448 -1.22338 -0.996793 0.0211235 0.077187 85.429 
0.0491936 0.0111951 0.998726 24.2932 0.020906 0.999706 -0.0122359 -1.23471 -0.99857 0.0214813 0.0489451 85.5528 
0.0248624 0.00848843 0.999655 25.2763 0.0211579 0.999735 -0.00901541 -1.24937 -0.999467 0.0213748 0.0246762 85.6128 
0.00435684 0.00585899 0.999973 26.2676 0.0218929 0.999743 -0.00595311 -1.26205 -0.999751 0.0219183 0.00422744 85.6355 
-0.0131183 0.0108426 0.999855 27.2585 0.0227104 0.999686 -0.0105429 -1.24937 -0.999656 0.0225688 -0.0133604 85.6483 
-0.0280365 0.0141049 0.999507 28.234 0.0256342 0.999582 -0.013387 -1.28449 -0.999278 0.0252463 -0.0283863 85.6561 
-0.0395372 0.0187417 0.999042 29.2157 0.0320619 0.999333 -0.0174783 -1.31622 -0.998704 0.0313402 -0.0401117 85.6141 
-0.0479029 0.0223906 0.998601 30.2896 0.0393713 0.999014 -0.0205113 -1.34527 -0.998076 0.0383336 -0.0487372 85.5341 
-0.0569825 0.027696 0.997991 31.1895 0.0418333 0.998803 -0.0253301 -1.37292 -0.997498 0.0403059 -0.058073 85.5644 
-0.060682 0.0321043 0.997641 32.281 0.0440284 0.998596 -0.0294571 -1.41446 -0.997186 0.0421371 -0.0620103 85.5291 
-0.0644805 0.0359226 0.997272 33.2602 0.0445856 0.998458 -0.0330826 -1.45384 -0.996922 0.0423308 -0.0659827 85.4907 
-0.0651744 0.0373789 0.997173 34.1403 0.0453122 0.998378 -0.0344626 -1.52375 -0.996844 0.0429381 -0.0667624 85.4088 
-0.0656156 0.0408465 0.997009 35.1641 0.0457186 0.998236 -0.037888 -1.58271 -0.996797 0.0430958 -0.0673673 85.2997 
-0.0677392 0.0443464 0.996717 36.1229 0.0465149 0.998066 -0.0412452 -1.63503 -0.996618 0.0435683 -0.0696709 85.2332 
-0.0702133 0.0453488 0.996501 37.119 0.0501137 0.997865 -0.04188 -1.68278 -0.996272 0.0469978 -0.072336 85.1782 
-0.0728462 0.0440741 0.996369 38.1371 0.0510267 0.997879 -0.0404103 -1.74184 -0.996037 0.0478977 -0.0749406 85.1279 
-0.0742802 0.0444178 0.996248 39.1631 0.0514585 0.997847 -0.0406525 -1.78605 -0.995909 0.0482457 -0.076406 85.0396 
-0.0749248 0.0463057 0.996113 40.1646 0.053048 0.997692 -0.0423891 -1.83523 -0.995777 0.0496659 -0.0772083 84.9439 
-0.0759337 0.0493596 0.99589 41.2078 0.0531003 0.997557 -0.0453936 -1.88478 -0.995698 0.0494352 -0.0783692 84.8297 
-0.0784179 0.0505104 0.99564 42.2233 0.0490658 0.997701 -0.0467506 -1.94379 -0.995712 0.0451858 -0.080716 84.7632 
-0.0803018 0.0547072 0.995268 43.2534 0.0490329 0.997501 -0.0508738 -1.99757 -0.995564 0.0447156 -0.0827836 84.6869 
-0.0815282 0.0582711 0.994966 44.2654 0.0466465 0.997418 -0.0545925 -2.07214 -0.995579 0.0419608 -0.0840359 84.6121 
-0.0864917 0.0607051 0.994401 45.2528 0.0439892 0.997401 -0.0570622 -2.13859 -0.995281 0.0388075 -0.0889373 84.5951 
-0.0889695 0.058612 0.994308 46.2586 0.0419284 0.997603 -0.0550545 -2.21144 -0.995151 0.0367916 -0.0912137 84.516 
-0.0922302 0.0547674 0.99423 47.3025 0.0385997 0.997932 -0.0513907 -2.26016 -0.994989 0.0336373 -0.0941535 84.4632 
-0.0932315 0.0526969 0.994249 48.4187 0.040286 0.99798 -0.0491171 -2.32574 -0.994829 0.035475 -0.0951661 84.3492 
-0.0930783 0.0541026 0.994188 49.4935 0.0390668 0.997952 -0.05065 -2.3594 -0.994892 0.0341253 -0.0950013 84.2271 
-0.0943792 0.0557596 0.993973 50.5042 0.0414805 0.997783 -0.0520347 -2.44508 -0.994672 0.0363195 -0.0964829 84.1505 
-0.0981668 0.0587999 0.993431 51.436 0.0407996 0.997651 -0.0550181 -2.51061 -0.994333 0.0351307 -0.100335 84.1559 
-0.0990501 0.0611265 0.993203 52.4976 0.0401977 0.997542 -0.0573848 -2.54674 -0.99427 0.0342406 -0.101264 84.0935 
-0.0991689 0.0590316 0.993318 53.6051 0.0370702 0.997765 -0.055595 -2.634 -0.99438 0.0313092 -0.101136 83.9999 
-0.100427 0.0593766 0.993171 54.6716 0.0331246 0.997864 -0.0563078 -2.68683 -0.994393 0.0272436 -0.102179 83.9275 
-0.101372 0.0596857 0.993056 55.6919 0.0301697 0.997924 -0.0568985 -2.77676 -0.994391 0.0241923 -0.102963 83.8535 
-0.102826 0.0605409 0.992855 56.7351 0.0258041 0.997972 -0.0581806 -2.8357 -0.994364 0.0196373 -0.10418 83.7948 
-0.103708 0.0591275 0.992849 57.7265 0.0214455 0.998132 -0.0572021 -2.92244 -0.994376 0.0153598 -0.104783 83.7462 
-0.106689 0.0546962 0.992787 58.7922 0.0221935 0.998368 -0.0526187 -2.98759 -0.994045 0.0164196 -0.107729 83.7117 
-0.108138 0.0457991 0.99308 59.8315 0.0274593 0.998695 -0.0430681 -3.05632 -0.993757 0.0226121 -0.109254 83.6243 
-0.108683 0.0402432 0.993261 60.928 0.0354418 0.998702 -0.0365856 -3.10982 -0.993444 0.0312268 -0.109968 83.5652 
-0.110953 0.0443204 0.992837 61.9851 0.0431553 0.998278 -0.0397406 -3.14247 -0.992888 0.0384369 -0.112675 83.478 
-0.109485 0.0484697 0.992806 63.0665 0.0492949 0.997846 -0.0432797 -3.21804 -0.992765 0.0442018 -0.111639 83.3742 
-0.108265 0.0552394 0.992586 64.1298 0.053205 0.997346 -0.0497011 -3.26457 -0.992697 0.0474297 -0.110917 83.2476 
-0.107924 0.0591291 0.992399 65.2136 0.0554486 0.997034 -0.0533753 -3.32857 -0.992612 0.0492666 -0.110882 83.1413 
-0.110147 0.0563012 0.992319 66.3207 0.0530507 0.997304 -0.0506955 -3.39465 -0.992498 0.0470593 -0.112837 83.1075 
-0.109582 0.0527995 0.992574 67.4415 0.0520339 0.997524 -0.0473182 -3.44251 -0.992615 0.0464622 -0.112058 83.0068 
-0.111 0.0511538 0.992503 68.5732 0.0485569 0.997761 -0.0459943 -3.49149 -0.992633 0.0430876 -0.113235 82.9322 
-0.107813 0.0509624 0.992864 69.7249 0.0464049 0.997855 -0.0461796 -3.57999 -0.993087 0.041095 -0.109947 82.7256 
-0.107776 0.0565277 0.992567 70.8383 0.0482096 0.997505 -0.0515743 -3.63391 -0.993006 0.0422927 -0.110232 82.6181 
-0.10707 0.0589476 0.992502 71.9613 0.0480661 0.99738 -0.054052 -3.71385 -0.993089 0.0419184 -0.109623 82.5097 
-0.106856 0.0596062 0.992486 73.0802 0.0470589 0.997386 -0.0548339 -3.72735 -0.99316 0.0408459 -0.109382 82.4233 
-0.107193 0.0530558 0.992822 74.1526 0.0497414 0.997611 -0.0479414 -3.79154 -0.992993 0.0442454 -0.109576 82.3747 
-0.107603 0.0518743 0.99284 75.336 0.0487044 0.997714 -0.0468505 -3.83148 -0.993 0.0433144 -0.109884 82.2395 
-0.110107 0.0552423 0.992383 76.4277 0.0468045 0.997635 -0.0503417 -3.89385 -0.992817 0.0409051 -0.112432 82.202 
-0.110896 0.0573248 0.992177 77.5847 0.0462092 0.997553 -0.0524707 -3.96634 -0.992757 0.0400289 -0.113273 82.1089 
-0.111762 0.0567076 0.992116 78.7427 0.0466848 0.997568 -0.0517602 -4.03895 -0.992638 0.0405319 -0.114138 82.0084 
-0.109996 0.0540001 0.992464 79.915 0.0462978 0.997717 -0.0491548 -4.09396 -0.992853 0.0405421 -0.112245 81.8552 
-0.110414 0.0535489 0.992442 81.0621 0.0473157 0.997698 -0.0485685 -4.14878 -0.992759 0.0415955 -0.112693 81.7697 
-0.107034 0.0539821 0.992789 82.3 0.0511748 0.9975 -0.0487211 -4.19816 -0.992937 0.045591 -0.109529 81.6111 
-0.105461 0.0550284 0.9929 83.4601 0.0541087 0.997306 -0.0495255 -4.25002 -0.99295 0.0485015 -0.108155 81.4914 
-0.107356 0.0550155 0.992697 84.6097 0.0519641 0.997414 -0.0496573 -4.30398 -0.992862 0.0462536 -0.109937 81.4493 
-0.11028 0.0572464 0.99225 85.7502 0.0557613 0.997124 -0.0513302 -4.33961 -0.992335 0.0496685 -0.113155 81.4051 
-0.111124 0.0561799 0.992217 86.9722 0.0519735 0.997363 -0.0506505 -4.40293 -0.992447 0.0459406 -0.11375 81.3125 
-0.109667 0.0559726 0.992391 88.1857 0.0503441 0.997444 -0.0506943 -4.45486 -0.992693 0.0444015 -0.112205 81.1913 
-0.109363 0.0566055 0.992389 89.5838 0.0524733 0.997314 -0.0511039 -4.50041 -0.992616 0.046485 -0.112039 81.155 
-0.109915 0.0581304 0.99224 90.806 0.0501283 0.997342 -0.0528765 -4.55591 -0.992676 0.0439273 -0.112537 81.0805 
-0.108926 0.0637819 0.992001 92.0177 0.0511391 0.996977 -0.0584866 -4.5971 -0.992734 0.0443594 -0.111858 80.9681 
-0.107743 0.061229 0.992291 93.2655 0.0504897 0.997151 -0.0560468 -4.69277 -0.992896 0.0440619 -0.110527 80.8459 
-0.108467 0.0607129 0.992244 94.4963 0.0426949 0.997497 -0.0563671 -4.76095 -0.993183 0.0362498 -0.110788 80.7464 
-0.109049 0.0620671 0.992097 95.797 0.042229 0.997437 -0.0577596 -4.83405 -0.993139 0.0355966 -0.111391 80.6632 
-0.11115 0.061838 0.991878 96.9749 0.0382621 0.997588 -0.0579064 -4.90333 -0.993067 0.031515 -0.113248 80.5609 
-0.112251 0.0575847 0.99201 98.2394 0.0342237 0.997951 -0.054057 -5.02785 -0.99309 0.0278823 -0.113992 80.4536 
-0.111671 0.0546348 0.992242 99.454 0.0327611 0.998147 -0.0512729 -5.12561 -0.993205 0.0267812 -0.113254 80.2913 
-0.11396 0.0546803 0.991979 100.721 0.028833 0.998246 -0.0517134 -5.1858 -0.993067 0.0227085 -0.115336 80.1845 
-0.116227 0.0555601 0.991667 101.98 0.0318622 0.998129 -0.0521878 -5.24662 -0.992711 0.0255311 -0.11778 80.0702 
-0.118905 0.0553306 0.991363 103.211 0.0334316 0.998103 -0.0516971 -5.30556 -0.992343 0.0269959 -0.120529 79.9529 
-0.123183 0.0504306 0.991102 104.42 0.0262187 0.998525 -0.0475497 -5.38667 -0.992037 0.0201281 -0.124324 79.843 
-0.125978 0.0499722 0.990774 105.705 0.0263953 0.998546 -0.0470081 -5.44891 -0.991682 0.0202298 -0.127113 79.6651 
-0.132404 0.0581681 0.989488 106.974 0.0203711 0.998225 -0.0559559 -5.48865 -0.990986 0.0127481 -0.133354 79.5562 
-0.140858 0.0624397 0.988059 108.227 0.0222949 0.997956 -0.0598869 -5.55921 -0.989779 0.0135932 -0.141962 79.4271 
-0.148797 0.0570316 0.987222 109.465 0.0228238 0.998268 -0.0542297 -5.65939 -0.988604 0.0144629 -0.14984 79.2345 
-0.161934 0.0580525 0.985092 110.813 0.0274653 0.998146 -0.054307 -5.68463 -0.986419 0.0182617 -0.163228 79.0821 
-0.175949 0.059215 0.982617 112.017 0.0291045 0.998066 -0.0549346 -5.75298 -0.983969 0.018933 -0.177332 78.9081 
-0.190902 0.0594102 0.979809 113.16 0.0304757 0.998044 -0.0545782 -5.82466 -0.981136 0.0194413 -0.192339 78.6984 
-0.202832 0.0588668 0.977442 114.37 0.0352793 0.997983 -0.0527831 -5.87534 -0.978578 0.0237774 -0.204499 78.4286 
-0.218825 0.0623263 0.973772 115.607 0.0389057 0.997722 -0.0551165 -5.95943 -0.974988 0.0258244 -0.220751 78.188 
-0.232884 0.0680719 0.970119 116.791 0.0427603 0.997299 -0.0597143 -5.98718 -0.971564 0.0275761 -0.235166 77.921 
-0.24924 0.0724857 0.965725 117.932 0.0448053 0.99699 -0.0632688 -6.05739 -0.967405 0.0275005 -0.251738 77.6772 
-0.265343 0.0695628 0.961641 119.124 0.0438141 0.997233 -0.060048 -6.1675 -0.963158 0.0262002 -0.267657 77.3595 
-0.280464 0.0635093 0.957761 120.252 0.0391994 0.997734 -0.0546811 -6.25477 -0.959064 0.0222076 -0.282318 77.0486 
-0.296274 0.0587469 0.953295 121.394 0.0321781 0.998154 -0.0515109 -6.32231 -0.954561 0.0154139 -0.297617 76.7466 
-0.312529 0.0597554 0.948027 122.543 0.0307342 0.998133 -0.0527818 -6.39776 -0.949411 0.012641 -0.313782 76.4235 
-0.326568 0.0589756 0.943332 123.664 0.02683 0.998228 -0.0531195 -6.47951 -0.944793 0.00796252 -0.327571 76.073 
-0.341304 0.0606631 0.937993 124.825 0.0287519 0.998122 -0.0540901 -6.56543 -0.939513 0.00850801 -0.342407 75.6707 
-0.355347 0.0624912 0.932643 125.971 0.0311885 0.998 -0.0549873 -6.62253 -0.934214 0.00954812 -0.356586 75.2698 
-0.369225 0.061637 0.927294 127.064 0.0311124 0.998059 -0.0539526 -6.6776 -0.928819 0.00892976 -0.370426 74.8437 
-0.37973 0.0615763 0.923045 128.13 0.0320213 0.998059 -0.0534073 -6.73948 -0.924543 0.00927677 -0.380965 74.3418 
-0.394741 0.0620771 0.916693 129.271 0.0310766 0.998046 -0.0542043 -6.82914 -0.918267 0.00709101 -0.395899 73.8825 
-0.409372 0.0633462 0.910166 130.355 0.031441 0.997974 -0.0553161 -6.91663 -0.911825 0.0059716 -0.410535 73.4205 
-0.420286 0.0665346 0.904949 131.418 0.0340914 0.997762 -0.0575254 -6.9712 -0.906751 0.00667388 -0.421614 72.869 
-0.435273 0.0684179 0.897695 132.506 0.0360442 0.997633 -0.0585577 -7.04946 -0.899577 0.00686812 -0.436709 72.3785 
-0.45196 0.0707179 0.889231 133.514 0.0337908 0.997494 -0.0621534 -7.14055 -0.891398 0.00195702 -0.453217 71.9662 
-0.467197 0.0741163 0.881041 134.573 0.0356041 0.997249 -0.0650121 -7.20192 -0.883436 0.000995255 -0.468551 71.4367 
-0.481438 0.0721928 0.873502 135.653 0.0361629 0.997389 -0.0625004 -7.28575 -0.875734 0.00149834 -0.482792 70.8373 
-0.496173 0.0680699 0.865551 136.722 0.0329363 0.99768 -0.0595805 -7.36302 -0.867599 -0.00105419 -0.497264 70.2195 
-0.513655 0.0687463 0.855238 137.728 0.0335793 0.997632 -0.0600247 -7.44577 -0.85734 -0.00211366 -0.514747 69.679 
-0.529187 0.0683602 0.845747 138.677 0.0325313 0.997651 -0.0602834 -7.52489 -0.847881 -0.00438793 -0.530168 69.0555 
-0.544881 0.0663575 0.835883 139.725 0.0306933 0.997774 -0.0592016 -7.6042 -0.837951 -0.00660177 -0.545705 68.4192 
-0.561405 0.0668218 0.824839 140.81 0.0309281 0.997732 -0.0597779 -7.66606 -0.826963 -0.00804885 -0.562199 67.7446 
-0.576258 0.0685048 0.814392 141.857 0.0319068 0.997607 -0.0613395 -7.715 -0.816645 -0.00936271 -0.577064 67.0229 
-0.59095 0.0668948 0.80393 142.864 0.0310995 0.997704 -0.0601583 -7.77521 -0.806109 -0.0105487 -0.591673 66.2979 
-0.606206 0.0626753 0.792834 143.851 0.0306617 0.997991 -0.0554493 -7.85066 -0.794717 -0.00930399 -0.606909 65.5719 
-0.620775 0.0604545 0.781654 144.771 0.0310571 0.998136 -0.0525326 -7.93289 -0.783373 -0.00833501 -0.621496 64.8337 
-0.635908 0.0599309 0.769434 145.715 0.0307917 0.998157 -0.0522979 -7.98603 -0.77115 -0.0095644 -0.636581 64.083 
-0.649179 0.0607659 0.758204 146.735 0.0300223 0.998074 -0.0542849 -8.08973 -0.760043 -0.0124776 -0.649753 63.0933 
-0.664692 0.0604264 0.744669 147.642 0.0261669 0.997995 -0.0576261 -8.12775 -0.746659 -0.0188179 -0.664941 62.3641 
-0.6798 0.0560756 0.731251 148.586 0.0229285 0.99821 -0.0552321 -8.23894 -0.733039 -0.0207802 -0.679869 61.5037 
-0.696351 0.0481848 0.716081 149.512 0.0186597 0.998622 -0.0490512 -8.3344 -0.717458 -0.020795 -0.696291 60.6656 
-0.7136 0.0450212 0.699106 150.434 0.0167391 0.998744 -0.0472313 -8.4369 -0.700354 -0.0220018 -0.713457 59.7776 
-0.730691 0.0416984 0.681434 151.371 0.0128994 0.998798 -0.0472869 -8.4827 -0.682587 -0.025762 -0.73035 58.7454 
-0.748214 0.0381319 0.662361 152.228 0.00976821 0.998872 -0.0464704 -8.56032 -0.663386 -0.0282997 -0.747742 57.8337 
-0.764882 0.0356249 0.643184 153.033 0.00660125 0.998851 -0.0474744 -8.59726 -0.644137 -0.0320665 -0.764238 56.9167 
-0.780881 0.0377033 0.623541 153.814 0.00889451 0.998747 -0.0492518 -8.70734 -0.624617 -0.0329137 -0.780237 56.0041 
-0.797922 0.0363896 0.601662 154.651 0.00955056 0.998814 -0.0477442 -8.7374 -0.602686 -0.0323499 -0.797323 55.1147 
-0.811801 0.0394029 0.582603 155.434 0.0149703 0.998797 -0.0466914 -8.80802 -0.583742 -0.0291824 -0.811414 54.0095 
-0.827417 0.039906 0.560168 156.15 0.015447 0.998712 -0.0483311 -8.86766 -0.561376 -0.0313371 -0.826967 53.1878 
-0.841221 0.0403596 0.539184 156.87 0.0145684 0.99854 -0.0520148 -8.93062 -0.540496 -0.0359009 -0.84058 52.1445 
-0.855126 0.0411635 0.516784 157.614 0.0172256 0.998548 -0.0510344 -9.00633 -0.518134 -0.0347389 -0.854593 51.1126 
-0.867774 0.038137 0.495493 158.287 0.0166074 0.99872 -0.0477841 -9.07622 -0.496681 -0.0332369 -0.867296 50.1207 
-0.879181 0.0396101 0.474839 158.947 0.0181143 0.998597 -0.0497617 -9.14517 -0.476143 -0.0351481 -0.878665 49.0916 
-0.888641 0.040383 0.456822 159.554 0.0193292 0.998528 -0.0506694 -9.28682 -0.458196 -0.0361968 -0.888114 47.9776 
-0.899234 0.0372606 0.435879 160.271 0.0154839 0.998453 -0.0534078 -9.32919 -0.437195 -0.041277 -0.898419 46.9351 
-0.909598 0.0341151 0.414087 160.963 0.0133133 0.998505 -0.0530185 -9.40013 -0.415277 -0.0427126 -0.908692 45.9721 
-0.917664 0.033096 0.395977 161.602 0.0135836 0.998556 -0.0519803 -9.48981 -0.397125 -0.0423216 -0.916788 44.8265 
-0.926322 0.0282595 0.37567 162.249 0.0101346 0.998691 -0.0501361 -9.61377 -0.376596 -0.0426349 -0.925396 43.7906 
-0.934445 0.0267092 0.355105 162.947 0.00940858 0.998687 -0.0503579 -9.64601 -0.355984 -0.0437157 -0.933469 42.7919 
-0.940177 0.0213456 0.340018 163.433 0.00559896 0.998868 -0.0472253 -9.68795 -0.340641 -0.0424964 -0.939232 41.7462 
-0.945991 0.0182169 0.32368 163.97 0.00427366 0.999034 -0.043736 -9.73982 -0.324164 -0.0399905 -0.945155 40.6046 
-0.950649 0.0188246 0.309697 164.451 0.00677176 0.999179 -0.0399474 -9.81931 -0.310195 -0.0358787 -0.949996 39.4042 
-0.954105 0.0209834 0.298736 164.934 0.00845997 0.999033 -0.0431531 -9.86826 -0.299352 -0.0386453 -0.95336 38.182 
-0.956254 0.0236413 0.291579 165.393 0.0116842 0.99902 -0.0426816 -9.98477 -0.292303 -0.0374076 -0.955594 36.9421 
-0.957977 0.0271552 0.285558 165.785 0.014972 0.998885 -0.0447617 -10.0607 -0.286455 -0.0386053 -0.957315 35.6907 
-0.959257 0.0256654 0.281366 166.145 0.0141478 0.99898 -0.0428901 -10.1332 -0.28218 -0.0371619 -0.958641 34.4754 
-0.961876 0.0183871 0.272867 166.582 0.00767342 0.999159 -0.0402788 -10.187 -0.273378 -0.0366494 -0.961208 33.2977 
-0.963299 0.0107646 0.268214 166.974 0.000245171 0.99923 -0.0392229 -10.2343 -0.26843 -0.0377177 -0.962561 32.0093 
-0.965415 0.0026626 0.260702 167.4 -0.00869142 0.999063 -0.0423892 -10.2671 -0.260571 -0.043189 -0.964488 30.8242 
-0.966371 0.000907974 0.257151 167.735 -0.0105585 0.99901 -0.0432062 -10.3575 -0.256936 -0.0444683 -0.965405 29.5836 
-0.967329 -0.00158343 0.253519 168.096 -0.0144781 0.998694 -0.0490051 -10.3991 -0.25311 -0.0510745 -0.966088 28.3455 
-0.967728 -0.00265434 0.251982 168.454 -0.0157332 0.99863 -0.0499035 -10.4928 -0.251505 -0.0522575 -0.966444 27.1124 
-0.968211 -0.00198895 0.250125 168.861 -0.0161434 0.99838 -0.0545505 -10.5038 -0.249612 -0.0568543 -0.966675 25.8759 
-0.968326 -0.00199934 0.249681 169.222 -0.0165536 0.998282 -0.0562052 -10.597 -0.24914 -0.0585581 -0.966695 24.643 
-0.968397 -0.00411019 0.249381 169.574 -0.0195879 0.998029 -0.0596149 -10.6725 -0.248644 -0.0626157 -0.966569 23.4499 
-0.968245 -0.00322392 0.249984 169.911 -0.0186903 0.998052 -0.0595203 -10.7454 -0.249305 -0.0623025 -0.966419 22.3386 
-0.967908 -0.00281084 0.251288 170.26 -0.0181695 0.998103 -0.0588206 -10.8425 -0.250646 -0.0614987 -0.966123 21.0898 
-0.966711 -0.00202635 0.255864 170.554 -0.0174338 0.998166 -0.0579636 -10.9258 -0.255278 -0.0604947 -0.964973 19.9258 
-0.966807 -0.00663044 0.255422 171.18 -0.0216146 0.998202 -0.0559022 -11.0603 -0.254592 -0.0595675 -0.965212 18.6358 
-0.966256 -0.0127475 0.257269 171.69 -0.0279553 0.998065 -0.0555419 -11.1442 -0.256064 -0.0608597 -0.964742 17.344 
-0.965605 -0.0238941 0.258911 172.254 -0.0396984 0.997642 -0.0559855 -11.2779 -0.256963 -0.0643383 -0.964277 16.0882 
-0.964323 -0.0201789 0.263959 172.76 -0.0357208 0.99789 -0.054213 -11.3717 -0.262309 -0.0617077 -0.963009 14.8035 
-0.963097 -0.0261601 0.26788 173.114 -0.0424757 0.997566 -0.0552928 -11.4488 -0.265781 -0.0646307 -0.961864 13.8547 
-0.962444 -0.0301047 0.269804 173.639 -0.0480587 0.997029 -0.0601868 -11.5312 -0.267191 -0.0708929 -0.961032 12.7605 
-0.959032 -0.031546 0.281534 173.916 -0.0498264 0.997072 -0.0580089 -11.6367 -0.27888 -0.0696602 -0.957796 11.6647 
-0.955974 -0.0298275 0.291932 174.323 -0.0491802 0.997035 -0.059178 -11.7096 -0.289301 -0.0709299 -0.954607 10.4707 
-0.952791 -0.0259734 0.302514 174.76 -0.0468427 0.99698 -0.0619354 -11.7337 -0.299992 -0.0731821 -0.951131 9.32267 
-0.949522 -0.0250679 0.312698 175.224 -0.0470221 0.996914 -0.0628659 -11.7897 -0.310157 -0.0743962 -0.94777 8.21943 
-0.946329 -0.0304875 0.321765 175.7 -0.0530501 0.996691 -0.0615862 -11.8771 -0.318823 -0.0753505 -0.944814 7.14058 
-0.94489 -0.0318209 0.325837 176.669 -0.0560784 0.996287 -0.0653245 -11.97 -0.322549 -0.0799969 -0.943166 5.79909 
-0.942391 -0.0319151 0.332988 177.168 -0.0581459 0.995913 -0.069106 -12.0159 -0.329422 -0.0844868 -0.940395 4.67214 
-0.940536 -0.0341902 0.33797 177.661 -0.0607389 0.995815 -0.0682902 -12.1111 -0.334221 -0.0847572 -0.938676 3.77278 
-0.937877 -0.0291521 0.345742 178.177 -0.0541481 0.996552 -0.0628583 -12.1699 -0.342717 -0.0776746 -0.936222 2.83484 
-0.933487 -0.0282108 0.3575 178.677 -0.0543306 0.996519 -0.0632289 -12.2494 -0.354472 -0.0784465 -0.93177 1.72187 
-0.928835 -0.0286241 0.369386 179.207 -0.0583993 0.995859 -0.0696772 -12.2479 -0.365862 -0.0862905 -0.92666 0.623296 
-0.919665 -0.031844 0.391409 179.602 -0.0606786 0.99626 -0.0615192 -12.516 -0.387986 -0.0803272 -0.918158 -0.513985 
-0.91409 -0.0286406 0.404498 180.168 -0.0590834 0.996264 -0.0629768 -12.5606 -0.401183 -0.0814656 -0.912368 -1.61002 
-0.908334 -0.0257919 0.417448 180.683 -0.0568747 0.996442 -0.06219 -12.6399 -0.414359 -0.0802315 -0.90657 -2.63404 
-0.903924 -0.0308497 0.42658 181.248 -0.0648671 0.995746 -0.0654426 -12.7264 -0.422746 -0.0868261 -0.902079 -3.57409 
-0.893692 -0.0220772 0.448138 181.779 -0.0522387 0.997116 -0.055054 -12.8809 -0.44563 -0.0726114 -0.892268 -4.69459 
-0.877871 -0.00928531 0.478807 182.59 -0.0404442 0.997678 -0.054805 -12.8725 -0.477187 -0.0674767 -0.876208 -6.33605 
-0.863699 -0.00723826 0.503955 183.116 -0.0381146 0.997972 -0.0509887 -12.9717 -0.502564 -0.063247 -0.862223 -7.39168 
-0.848586 -0.000995395 0.529057 183.771 -0.0317896 0.998287 -0.0491111 -13.0602 -0.528102 -0.0584935 -0.847164 -8.62177 
-0.836821 0.00127269 0.547476 184.107 -0.0267299 0.99871 -0.0431785 -13.2581 -0.546824 -0.0507666 -0.835707 -9.17516 
-0.823541 0.00131514 0.567255 184.725 -0.02674 0.998796 -0.0411369 -13.3416 -0.566626 -0.0490463 -0.822514 -10.013 
-0.810033 0.000404756 0.586385 185.484 -0.0302774 0.998637 -0.0425146 -13.3702 -0.585603 -0.0521924 -0.808916 -10.947 
-0.794336 0.0021958 0.607475 186.12 -0.0303922 0.998597 -0.0433505 -13.3895 -0.606718 -0.0528973 -0.793155 -11.7671 
-0.779302 -0.00948243 0.626576 186.529 -0.0588187 0.996578 -0.0580737 -13.4539 -0.623882 -0.0821113 -0.777193 -12.409 
-0.766511 -0.00809574 0.642181 187.365 -0.062997 0.996046 -0.0626369 -13.4577 -0.639134 -0.0884673 -0.76399 -13.1936 
-0.749358 -0.00692634 0.662129 188.208 -0.0695104 0.995243 -0.0682569 -13.4559 -0.658506 -0.0971736 -0.746275 -14.0871 
-0.73324 -0.0040201 0.679958 189.123 -0.0729282 0.994679 -0.0727621 -13.4383 -0.676048 -0.10294 -0.729632 -14.9408 
-0.714067 -0.00258917 0.700073 189.911 -0.0732864 0.994775 -0.0710722 -13.5124 -0.696231 -0.102056 -0.710525 -15.6802 
-0.692682 0.00131372 0.721242 190.767 -0.0730846 0.994723 -0.0720025 -13.5911 -0.717531 -0.102587 -0.688931 -16.5021 
-0.67069 0.00126122 0.741736 191.625 -0.0750695 0.994748 -0.0695706 -13.667 -0.737929 -0.102342 -0.667073 -17.2187 
-0.6468 0.00416306 0.762649 192.565 -0.0733314 0.995012 -0.0676236 -13.6871 -0.759126 -0.099665 -0.643268 -18.0157 
-0.627268 0.00153368 0.778801 194.164 -0.0823398 0.994263 -0.0682768 -13.7358 -0.774438 -0.106954 -0.623543 -18.6739 
-0.600658 0.0024959 0.799502 195.009 -0.0868858 0.993869 -0.0683791 -13.8131 -0.794771 -0.110538 -0.596758 -19.3151 
-0.576319 0.00521893 0.817208 195.657 -0.089798 0.99352 -0.0696732 -13.8974 -0.812276 -0.113538 -0.572116 -19.8357 
-0.553814 0.0071384 0.83261 196.022 -0.088775 0.993757 -0.0675691 -14.0191 -0.827895 -0.111336 -0.549723 -20.2266 
-0.524442 0.00347476 0.851439 197.105 -0.104324 0.992195 -0.0683073 -14.2134 -0.845031 -0.124649 -0.519986 -20.8889 
-0.49869 0.00190326 0.866778 198.314 -0.10435 0.992593 -0.0622162 -14.3368 -0.860476 -0.121475 -0.494797 -21.327 
-0.474331 0.00124412 0.880346 199.742 -0.111905 0.991802 -0.0616962 -14.3763 -0.873205 -0.12778 -0.470303 -21.6952 
-0.449652 0.00462593 0.893192 200.974 -0.10629 0.992604 -0.0586496 -14.3087 -0.886857 -0.121309 -0.445835 -22.0249 
-0.422397 0.00550651 0.906394 202.029 -0.0952727 0.994172 -0.0504388 -14.2939 -0.90139 -0.10766 -0.419411 -22.4014 
-0.39067 0.00702608 0.920504 202.94 -0.099868 0.993745 -0.0499701 -14.3321 -0.915097 -0.111451 -0.387525 -22.7964 
-0.360212 0.00786589 0.932837 203.947 -0.102632 0.99356 -0.048009 -14.3917 -0.927207 -0.113032 -0.357085 -23.1477 
-0.322858 0.012082 0.94637 205.382 -0.100993 0.99377 -0.0471415 -14.3784 -0.941043 -0.110797 -0.319626 -23.5963 
-0.290324 0.0159929 0.956795 206.323 -0.114916 0.992042 -0.0514516 -14.4177 -0.950003 -0.124889 -0.286175 -23.8934 
-0.265111 0.0158811 0.964087 207.387 -0.114662 0.99225 -0.0478755 -14.4596 -0.957376 -0.123236 -0.261236 -24.0632 
-0.241104 0.0185225 0.970322 207.989 -0.123243 0.991139 -0.0495431 -14.4734 -0.962642 -0.13153 -0.236685 -24.0402 
-0.220202 0.0227732 0.975188 208.804 -0.135821 0.989273 -0.0537711 -14.4653 -0.965952 -0.144291 -0.214747 -24.0215 
-0.186828 0.0217392 0.982152 209.948 -0.131058 0.990267 -0.0468492 -14.5523 -0.973611 -0.137472 -0.182161 -24.2451 
-0.155419 0.02181 0.987608 211.125 -0.132276 0.990293 -0.0426856 -14.5898 -0.978952 -0.137271 -0.151025 -24.4163 
-0.124414 0.0239984 0.99194 212.332 -0.132977 0.990286 -0.0406372 -14.6107 -0.983279 -0.136962 -0.120014 -24.5271 
-0.0983845 0.0268435 0.994786 213.34 -0.135038 0.99003 -0.0400705 -14.5924 -0.985944 -0.138276 -0.0937787 -24.5562 
-0.0692454 0.0235539 0.997321 214.435 -0.129827 0.991007 -0.0324189 -14.6829 -0.989116 -0.131724 -0.0655647 -24.5656 
-0.0417319 0.0232969 0.998857 215.549 -0.125266 0.991718 -0.028364 -14.7134 -0.991245 -0.126306 -0.038468 -24.558 
-0.0131011 0.0235007 0.999638 216.584 -0.127073 0.991579 -0.0249768 -14.7438 -0.991807 -0.127354 -0.0100045 -24.521 
0.0151937 0.0247728 0.999578 217.721 -0.124923 0.991907 -0.022684 -14.7442 -0.99205 -0.124526 0.0181655 -24.4326 
0.0433517 0.0246206 0.998756 218.844 -0.121281 0.992432 -0.0192005 -14.7819 -0.991671 -0.120298 0.0460096 -24.3288 
0.0739312 0.0241365 0.996971 220.078 -0.1202 0.992635 -0.0151181 -14.8266 -0.989993 -0.118718 0.0762878 -24.2377 
0.102701 0.0241638 0.994419 221.248 -0.11896 0.992828 -0.0118394 -14.8285 -0.987573 -0.11708 0.104839 -24.0991 
0.131289 0.0254739 0.991017 222.339 -0.120859 0.992624 -0.00950387 -14.8119 -0.983949 -0.118526 0.1334 -23.9204 
0.162961 0.0268643 0.986267 223.536 -0.117583 0.993034 -0.00762046 -14.8421 -0.979601 -0.114726 0.164984 -23.7263 
0.191088 0.0281152 0.98117 224.704 -0.114867 0.993362 -0.00609371 -14.8707 -0.974829 -0.111539 0.193049 -23.4569 
0.21719 0.0274292 0.975744 225.77 -0.112109 0.993691 -0.0029797 -14.8646 -0.96967 -0.108742 0.218895 -23.1228 
0.245591 0.023911 0.969079 226.815 -0.108631 0.994078 0.00300217 -14.9057 -0.963267 -0.106009 0.246734 -22.7882 
0.270572 0.0210586 0.962469 227.855 -0.106761 0.99425 0.00825903 -14.9208 -0.956761 -0.104989 0.271265 -22.4018 
0.295059 0.0200407 0.955269 228.863 -0.107815 0.994093 0.0124461 -14.9623 -0.949377 -0.106665 0.295477 -22.0232 
0.319427 0.0207509 0.947383 229.964 -0.10896 0.993933 0.0149673 -14.9476 -0.941325 -0.108008 0.319751 -21.6289 
0.34295 0.0198231 0.939144 231.063 -0.108778 0.993889 0.0187442 -14.9329 -0.933034 -0.108587 0.343011 -21.2224 
0.365544 0.0172639 0.930634 232.195 -0.106259 0.994065 0.0232969 -14.9032 -0.924709 -0.107404 0.36521 -20.7898 
0.386459 0.0154477 0.922177 233.404 -0.102227 0.994416 0.0261827 -14.8559 -0.916623 -0.10439 0.385881 -20.2956 
0.407958 0.0144621 0.912886 234.575 -0.10185 0.994354 0.0297629 -14.8162 -0.907302 -0.10512 0.407127 -19.8148 
0.424838 0.014801 0.905148 235.61 -0.100038 0.99451 0.0306914 -14.7767 -0.899725 -0.103588 0.423986 -19.2726 
0.437188 0.0161011 0.899226 236.398 -0.102653 0.994199 0.0321063 -14.7566 -0.893492 -0.106345 0.436305 -18.6584 
0.453816 0.0139774 0.890986 237.372 -0.100772 0.994268 0.0357298 -14.7445 -0.885379 -0.106002 0.452623 -18.0692 
0.470327 0.014013 0.882381 238.346 -0.101807 0.99406 0.0384785 -14.6909 -0.8766 -0.10793 0.46896 -17.5046 
0.487418 0.0128043 0.873075 239.433 -0.100026 0.994129 0.0412625 -14.6262 -0.867421 -0.107442 0.485837 -16.8499 
0.505198 0.0104235 0.862941 240.466 -0.0975997 0.994202 0.0451294 -14.5933 -0.857467 -0.107022 0.503286 -16.2171 
0.522192 0.0125988 0.852735 241.528 -0.097338 0.994237 0.0449177 -14.5288 -0.847255 -0.106459 0.520409 -15.5174 
0.539421 0.0116486 0.841955 242.538 -0.095052 0.994355 0.0471404 -14.5081 -0.836654 -0.105458 0.537484 -14.897 
0.555232 0.0115848 0.831615 243.542 -0.0940916 0.994358 0.0489687 -14.4451 -0.826356 -0.105437 0.553189 -14.237 
0.568096 0.00774932 0.822926 244.511 -0.0909486 0.994422 0.0534207 -14.3861 -0.817922 -0.105192 0.565631 -13.4794 
0.582441 0.00378266 0.812864 245.546 -0.084856 0.994809 0.0561724 -14.3266 -0.808431 -0.101694 0.579739 -12.7167 
0.595804 0.00241022 0.803126 246.588 -0.0813156 0.995038 0.0573382 -14.267 -0.799003 -0.099469 0.593044 -11.9294 
0.607166 0.00343183 0.794567 247.593 -0.079221 0.995269 0.0562377 -14.1954 -0.790615 -0.0970921 0.604566 -11.1388 
0.618425 0.00206513 0.785841 248.571 -0.0771785 0.995322 0.0581205 -14.121 -0.782045 -0.0965933 0.615691 -10.3548 
0.627757 -0.00132005 0.778408 249.552 -0.0692782 0.995935 0.0575591 -14.0218 -0.77532 -0.0900598 0.625114 -9.51438 
0.635665 0.000866405 0.771965 250.542 -0.0697241 0.995977 0.0562955 -13.907 -0.76881 -0.0896096 0.633168 -8.55169 
0.643527 0.00333602 0.765416 251.538 -0.0709131 0.995949 0.0552796 -13.7958 -0.762131 -0.089852 0.641157 -7.68771 
0.649745 0.00236574 0.760149 252.432 -0.0712575 0.995781 0.0578089 -13.7555 -0.756805 -0.0917274 0.647172 -6.96403 
0.65455 0.00355306 0.75601 253.409 -0.0740792 0.995478 0.0594588 -13.6814 -0.75238 -0.0949234 0.651854 -6.08112 
0.658579 -0.00148136 0.75251 254.367 -0.067744 0.995821 0.0612481 -13.6247 -0.749456 -0.0913148 0.655726 -5.24009 
0.662154 -0.00119508 0.749367 255.284 -0.0696709 0.995569 0.0631501 -13.5882 -0.746122 -0.0940242 0.659137 -4.43966 
0.664781 -0.00617299 0.747013 256.317 -0.06355 0.995874 0.0647837 -13.485 -0.74433 -0.0905397 0.661645 -3.52144 
0.667192 -0.00482186 0.74487 257.26 -0.0642432 0.99588 0.0639903 -13.4154 -0.74211 -0.0905467 0.664134 -2.63941 
0.671521 -0.00585614 0.740962 258.354 -0.0611564 0.996119 0.0632976 -13.3059 -0.738457 -0.0878203 0.668557 -1.69093 
0.674585 -0.00768456 0.738157 259.345 -0.0593007 0.99615 0.0645638 -13.2395 -0.735811 -0.0873271 0.671533 -0.814519 
0.678479 -0.00764817 0.73458 260.391 -0.0585606 0.9962 0.0644601 -13.158 -0.732282 -0.0867523 0.675453 0.11378 
0.6837 -0.0103191 0.72969 261.541 -0.0563858 0.996164 0.0669194 -13.113 -0.727581 -0.086897 0.680496 1.12328 
0.686804 -0.0109303 0.72676 262.585 -0.051256 0.996669 0.0634276 -12.9741 -0.725033 -0.0808132 0.683957 2.05744 
0.688836 -0.00775852 0.724876 263.39 -0.0569191 0.996277 0.0647524 -12.8945 -0.722679 -0.0858631 0.685829 2.89084 
0.689557 -0.00859211 0.724181 264.397 -0.0580933 0.996051 0.0671334 -12.8516 -0.721898 -0.0883623 0.686335 3.84908 
