1 2.12261e-08 -2.11895e-08 0 2.12261e-08 1 2.10703e-08 0 -2.11895e-08 2.10703e-08 1 0 
0.999999 -0.000441989 0.00124392 -0.092757 0.000439639 0.999998 0.00192338 -0.0187817 -0.00124481 -0.00192279 0.999997 1.2664 
0.999997 -0.00139617 0.00201374 -0.140337 0.00138938 0.999993 0.0033897 -0.0630856 -0.0020185 -0.00338685 0.999992 2.59059 
0.999992 -0.00329137 0.0024742 -0.192788 0.00328625 0.999992 0.00208811 -0.0923488 -0.0024811 -0.00207992 0.999995 3.9019 
0.999992 -0.00305866 0.00265095 -0.217294 0.00305222 0.999992 0.00244593 -0.119226 -0.00265846 -0.00243778 0.999994 5.31207 
0.99999 -0.00287594 0.00330752 -0.305743 0.00286288 0.999988 0.0039594 -0.165191 -0.00331891 -0.00394985 0.999987 6.54217 
0.999987 -0.00300175 0.004246 -0.315998 0.00297966 0.999982 0.00520785 -0.19996 -0.0042616 -0.00519508 0.999977 7.82843 
0.999987 -0.0032472 0.00384283 -0.356543 0.00322601 0.99998 0.00551826 -0.201261 -0.00386072 -0.00550575 0.999977 9.1506 
0.999988 -0.00310893 0.00375683 -0.354977 0.0030939 0.999987 0.00401117 -0.226509 -0.0037693 -0.00399946 0.999985 10.409 
0.999981 -0.000511499 0.00621325 -0.422991 0.000495329 0.999997 0.00261053 -0.257524 -0.00621461 -0.00260736 0.999977 11.6544 
0.99996 0.00529695 0.00721982 -0.453813 -0.0052995 0.999986 0.000340243 -0.247593 -0.00721796 -0.000378449 0.999974 13.0087 
0.999944 0.00623069 0.00860262 -0.487206 -0.00623143 0.999981 6.45183e-05 -0.254372 -0.00860209 -0.00011808 0.999963 14.3081 
0.99994 0.00739505 0.00813534 -0.498198 -0.00739163 0.999973 -0.000445224 -0.246686 -0.00813845 0.000385106 0.999967 15.66 
0.999931 0.00641376 0.00979709 -0.537247 -0.00643296 0.999977 0.00193455 -0.253202 -0.00978451 -0.0019974 0.99995 17.0666 
0.999945 0.00250694 0.010139 -0.538156 -0.00254255 0.999991 0.00350492 -0.276013 -0.0101301 -0.00353047 0.999942 18.3627 
0.999934 0.0017877 0.0113101 -0.558215 -0.00180817 0.999997 0.00180401 -0.291472 -0.0113069 -0.0018243 0.999934 19.6988 
0.999919 0.00154462 0.012675 -0.57983 -0.00153639 0.999999 -0.000655488 -0.308973 -0.012676 0.000636003 0.999919 21.0333 
0.999875 0.00405704 0.015269 -0.629353 -0.00402862 0.99999 -0.00188867 -0.325959 -0.0152766 0.00182696 0.999882 22.378 
0.999848 0.00630144 0.0162859 -0.634043 -0.00629234 0.99998 -0.000607523 -0.34551 -0.0162894 0.000504996 0.999867 23.7087 
0.99983 0.0077918 0.0166928 -0.639461 -0.00782946 0.999967 0.00219447 -0.349544 -0.0166752 -0.00232475 0.999858 25.0671 
0.999839 0.0052843 0.0171528 -0.643663 -0.00536392 0.999975 0.00460145 -0.373809 -0.0171281 -0.00469267 0.999842 26.4188 
0.99985 0.000551505 0.0173129 -0.670698 -0.000613817 0.999993 0.00359656 -0.404587 -0.0173109 -0.00360661 0.999844 27.7303 
0.999817 0.00141654 0.0190888 -0.718613 -0.0014396 0.999998 0.00119678 -0.402889 -0.0190871 -0.001224 0.999817 29.1245 
0.999807 0.00107078 0.0196247 -0.722566 -0.00103872 0.999998 -0.0016416 -0.419013 -0.0196265 0.00162094 0.999806 30.5558 
0.999805 0.00156537 0.0196648 -0.710206 -0.00152362 0.999997 -0.00213521 -0.433369 -0.0196682 0.00210487 0.999804 32.0011 
0.999804 0.00232657 0.0196531 -0.699586 -0.00225652 0.999991 -0.00358315 -0.465469 -0.0196613 0.00353814 0.9998 33.3513 
0.999807 0.00160815 0.0195678 -0.696735 -0.00157662 0.999997 -0.00162436 -0.506057 -0.0195704 0.00159324 0.999807 34.7087 
0.999767 0.00170377 0.0215105 -0.761759 -0.00166981 0.999997 -0.00159469 -0.497822 -0.0215132 0.00155844 0.999767 36.0562 
0.999742 0.00281204 0.022539 -0.805487 -0.0028074 0.999996 -0.00023562 -0.512086 -0.0225396 0.000172325 0.999746 37.3973 
0.999709 0.0036936 0.023823 -0.847976 -0.00373412 0.999992 0.00165879 -0.538755 -0.0238167 -0.00174723 0.999715 38.7001 
0.999669 0.00654702 0.0248814 -0.831669 -0.00656878 0.999978 0.000794312 -0.546496 -0.0248757 -0.000957447 0.99969 40.0976 
0.999663 0.00669963 0.0250975 -0.840973 -0.00674724 0.999976 0.00181456 -0.552733 -0.0250847 -0.00198325 0.999683 41.5293 
0.999636 0.0060249 0.0262921 -0.851267 -0.00612052 0.999975 0.00355961 -0.598942 -0.02627 -0.0037192 0.999648 42.8512 
0.9996 0.00564883 0.0277291 -0.874299 -0.00570812 0.999982 0.00206125 -0.597765 -0.027717 -0.00221867 0.999613 44.2963 
0.999564 0.00478074 0.029141 -0.902969 -0.00483146 0.999987 0.0016716 -0.600871 -0.0291327 -0.00181163 0.999574 45.6634 
0.999561 0.00396846 0.029354 -0.907698 -0.00403551 0.999989 0.0022266 -0.629563 -0.0293449 -0.00234404 0.999567 47.088 
0.999529 0.00435431 0.0303908 -0.963901 -0.00443822 0.999987 0.00269564 -0.605622 -0.0303787 -0.00282921 0.999534 48.4575 
0.999551 0.00299927 0.029817 -0.952556 -0.00310312 0.999989 0.00343857 -0.650949 -0.0298065 -0.00352951 0.99955 49.9053 
0.999557 0.00352255 0.0295428 -0.970202 -0.00364466 0.999985 0.00408177 -0.661613 -0.029528 -0.00418759 0.999555 51.2646 
0.999555 0.003226 0.0296624 -1.01629 -0.00335025 0.999986 0.00414151 -0.635701 -0.0296487 -0.004239 0.999551 52.6532 
0.999572 0.00189837 0.0291979 -1.02423 -0.00207337 0.99998 0.00596588 -0.664722 -0.029186 -0.00602382 0.999556 54.0005 
0.999546 0.0019163 0.0300602 -1.04616 -0.00210008 0.999979 0.00608474 -0.663815 -0.030048 -0.00614507 0.99953 55.48 
0.999511 -0.00491535 0.0308688 -1.13485 0.00481093 0.999982 0.00345732 -0.57993 -0.0308853 -0.00330708 0.999518 57.0346 
0.999534 -0.00591924 0.0299622 -1.11127 0.0058032 0.999975 0.00395974 -0.600727 -0.0299849 -0.00378398 0.999543 58.429 
0.999446 -0.00771316 0.03238 -1.11694 0.00755553 0.999959 0.00498908 -0.621465 -0.0324172 -0.00474162 0.999463 59.8604 
0.999347 -0.0158097 0.0324921 -1.07551 0.0154992 0.999832 0.00978744 -0.715036 -0.0326414 -0.0092774 0.999424 61.2308 
0.999274 -0.0183174 0.0334123 -1.03522 0.018021 0.999796 0.00915077 -0.724308 -0.0335732 -0.00854196 0.9994 62.6541 
0.999218 -0.0202849 0.033943 -1.01646 0.0199861 0.999759 0.00912289 -0.759967 -0.0341199 -0.00843732 0.999382 64.1234 
0.999231 -0.0186749 0.0344751 -1.00589 0.0183753 0.999791 0.0089887 -0.755001 -0.0346358 -0.00834825 0.999365 65.658 
0.999277 -0.0154668 0.0347394 -0.979831 0.015179 0.999848 0.00853422 -0.772666 -0.0348661 -0.00800069 0.99936 67.1017 
0.999265 -0.0133531 0.0359213 -0.971676 0.0130129 0.999868 0.00968757 -0.779601 -0.0360459 -0.00921297 0.999308 68.4569 
0.999345 -0.00799989 0.0353015 -0.932424 0.00763714 0.999917 0.0103998 -0.781421 -0.0353818 -0.0101233 0.999323 69.8772 
0.99932 -0.0048357 0.0365519 -0.921976 0.00445018 0.999934 0.0106222 -0.776075 -0.0366009 -0.0104523 0.999275 71.2318 
0.999329 -0.00268666 0.036534 -0.88443 0.00222387 0.999917 0.0127034 -0.82551 -0.0365651 -0.0126136 0.999252 72.5914 
0.999321 -0.000523414 0.0368476 -0.86222 4.9048e-05 0.999917 0.0128746 -0.84016 -0.0368513 -0.012864 0.999238 73.9461 
0.999237 -0.000327958 0.03906 -0.857282 -0.000155341 0.999924 0.0123707 -0.827614 -0.0390611 -0.0123673 0.99916 75.3197 
0.999165 0.000268275 0.0408558 -0.893919 -0.000765477 0.999926 0.0121556 -0.819314 -0.0408495 -0.0121767 0.999091 76.8255 
0.99912 0.000256225 0.0419529 -0.885859 -0.000756079 0.999929 0.0119002 -0.823101 -0.0419469 -0.0119215 0.999049 78.168 
0.999006 -0.00165444 0.0445393 -0.93171 0.00113991 0.999932 0.0115761 -0.831165 -0.0445554 -0.0115137 0.998941 79.5848 
0.998977 -0.00351976 0.0450835 -0.908892 0.00301023 0.999931 0.0113658 -0.841311 -0.0451204 -0.0112185 0.998919 80.9063 
0.998869 -0.00290653 0.0474534 -0.964472 0.00235892 0.99993 0.0115928 -0.84552 -0.0474838 -0.0114677 0.998806 82.1464 
0.998879 -0.00259395 0.0472763 -0.941998 0.00208805 0.99994 0.0107481 -0.839941 -0.0473014 -0.0106373 0.998824 83.535 
0.998832 -0.0020246 0.0482795 -0.954801 0.00154228 0.999949 0.0100262 -0.805487 -0.0482973 -0.00993997 0.998784 84.9367 
0.998871 -0.000579574 0.0475035 -0.928803 0.000176481 0.999964 0.00849021 -0.800558 -0.0475068 -0.0084722 0.998835 86.2791 
0.998975 -0.00346961 0.0451403 -0.885726 0.00310081 0.999961 0.0082384 -0.778284 -0.0451672 -0.00808994 0.998947 87.6736 
0.998975 -0.00629235 0.0448237 -0.88518 0.0059096 0.999945 0.00866741 -0.788553 -0.0448758 -0.0083936 0.998957 89.0248 
0.998916 -0.00835832 0.0457872 -0.852457 0.00798524 0.999933 0.00832603 -0.789881 -0.0458538 -0.00795135 0.998917 90.3541 
0.998945 -0.00948581 0.0449365 -0.799583 0.00915264 0.999929 0.00761524 -0.794604 -0.0450056 -0.00719588 0.998961 91.6826 
0.998918 -0.0101365 0.0453785 -0.778422 0.00981656 0.999925 0.00726881 -0.804796 -0.0454488 -0.00681544 0.998943 92.9805 
0.998894 -0.0109186 0.0457306 -0.773704 0.0105563 0.999911 0.00815873 -0.837584 -0.0458157 -0.00766692 0.998921 94.2498 
0.998903 -0.0127413 0.0450722 -0.718683 0.0124363 0.999898 0.00704281 -0.833538 -0.0451574 -0.0064745 0.998959 95.632 
0.998902 -0.0120988 0.0452632 -0.691118 0.011801 0.999907 0.00684243 -0.847736 -0.0453418 -0.00630072 0.998952 96.9914 
0.998789 -0.0111978 0.0479032 -0.728049 0.0108606 0.999914 0.00729486 -0.859375 -0.0479808 -0.00676573 0.998825 98.3049 
0.998756 -0.0110424 0.0486368 -0.718132 0.010629 0.999905 0.00875127 -0.877395 -0.0487289 -0.00822337 0.998778 99.6007 
0.998702 -0.00926753 0.050077 -0.720822 0.00881898 0.999919 0.00917161 -0.872095 -0.050158 -0.00871804 0.998703 100.919 
0.998639 -0.01343 0.050392 -0.698902 0.0129617 0.99987 0.00960829 -0.893448 -0.0505145 -0.00894201 0.998683 102.222 
0.998605 -0.0124117 0.0513258 -0.661127 0.0120388 0.999899 0.00756983 -0.91919 -0.0514146 -0.00694133 0.998653 103.49 
0.998487 -0.0138991 0.053197 -0.649361 0.0136026 0.99989 0.0059334 -0.91592 -0.0532737 -0.00520077 0.998566 104.81 
0.998449 -0.0146513 0.0537069 -0.600526 0.0142887 0.999873 0.00713013 -0.920656 -0.0538046 -0.00635162 0.998531 106.148 
0.998305 -0.0158028 0.056011 -0.575361 0.0152837 0.999836 0.0096837 -0.956698 -0.0561549 -0.00881119 0.998383 107.397 
0.998184 -0.0158997 0.0581069 -0.572894 0.0154091 0.999842 0.00888272 -0.932596 -0.0582389 -0.00797117 0.998271 108.749 
0.998095 -0.0178066 0.0590725 -0.535488 0.0173494 0.999816 0.008244 -0.959514 -0.0592084 -0.00720338 0.99822 110.074 
0.998051 -0.01494 0.0605953 -0.48589 0.014492 0.999864 0.00782588 -1.00073 -0.0607041 -0.00693244 0.998132 111.366 
0.998053 -0.0105634 0.0614758 -0.439073 0.0103444 0.999939 0.00387917 -0.991832 -0.0615131 -0.00323564 0.998101 112.692 
0.998004 -0.00909894 0.0624944 -0.384836 0.00883064 0.999951 0.00456863 -1.01267 -0.0625329 -0.00400761 0.998035 114.062 
0.997913 -0.008833 0.0639694 -0.324788 0.00834492 0.999934 0.0078937 -1.06236 -0.064035 -0.00734337 0.997921 115.343 
0.997774 -0.00984404 0.065962 -0.294638 0.00921657 0.999909 0.00981078 -1.05526 -0.0660526 -0.00918095 0.997774 116.647 
0.997578 -0.0100056 0.0688391 -0.280036 0.00929638 0.9999 0.0106154 -1.07669 -0.0689385 -0.00994967 0.997571 117.919 
0.997517 -0.00857638 0.0699012 -0.196919 0.00789049 0.999918 0.0100832 -1.10754 -0.069982 -0.00950658 0.997503 119.276 
0.997415 -0.00509991 0.0716801 -0.139938 0.00443378 0.999946 0.00944977 -1.11894 -0.0717244 -0.00910748 0.997383 120.57 
0.997193 -0.00336755 0.0748047 -0.106282 0.00266159 0.999951 0.00953564 -1.13139 -0.0748332 -0.00930973 0.997153 121.924 
0.997116 -0.00335043 0.0758199 -0.037237 0.00269823 0.999959 0.00870337 -1.14797 -0.0758459 -0.00847365 0.997084 123.295 
0.997001 -0.00161831 0.0773778 0.0412304 0.00098824 0.999966 0.00818094 -1.17371 -0.0773885 -0.00807989 0.996968 124.616 
0.996775 -0.0025507 0.0802095 0.0682055 0.00192546 0.999967 0.00787208 -1.18709 -0.080227 -0.00769221 0.996747 126.005 
0.996479 -0.00178139 0.0838281 0.0377881 0.00102847 0.999959 0.00902466 -1.20286 -0.0838407 -0.00890662 0.996439 127.195 
0.996358 -0.00337212 0.0852079 0.106525 0.00258777 0.999953 0.00931452 -1.20541 -0.0852354 -0.00906005 0.99632 128.666 
0.996371 -0.00515201 0.0849555 0.249079 0.00433188 0.999942 0.00983562 -1.23163 -0.0850013 -0.00943187 0.996336 130.143 
0.99625 -0.00341796 0.0864575 0.322063 0.00268659 0.99996 0.00857465 -1.22062 -0.0864834 -0.00831017 0.996219 131.494 
0.996251 -0.00363231 0.0864291 0.387221 0.00289097 0.999958 0.00870153 -1.22317 -0.0864571 -0.00841901 0.99622 132.817 
0.996243 -0.00509575 0.0864522 0.46596 0.00440471 0.999957 0.00818261 -1.21571 -0.0864903 -0.00777103 0.996222 134.176 
0.996243 -0.00596052 0.0863912 0.538682 0.00538371 0.999962 0.00690862 -1.2122 -0.0864291 -0.00641752 0.996237 135.507 
0.996226 -0.00671145 0.0865398 0.593516 0.00600928 0.999947 0.00837226 -1.24376 -0.0865914 -0.00782058 0.996213 136.828 
0.996222 -0.00784937 0.0864845 0.639725 0.00713711 0.999938 0.00854236 -1.26947 -0.0865462 -0.0078928 0.996217 137.982 
0.996261 -0.00762055 0.0860552 0.686052 0.00690099 0.999939 0.00865653 -1.29499 -0.0861159 -0.00803026 0.996253 139.23 
0.99629 -0.00642123 0.0858145 0.730398 0.00571147 0.999947 0.00851438 -1.32397 -0.0858647 -0.00799263 0.996275 140.532 
0.996231 -0.0107606 0.0860646 0.799236 0.00992434 0.999899 0.010139 -1.3536 -0.0861651 -0.0092466 0.996238 141.791 
0.996257 -0.0127882 0.0854885 0.877366 0.0122048 0.999899 0.00734433 -1.34181 -0.0855738 -0.00627343 0.996312 143.147 
0.996349 -0.016972 0.08367 1.00673 0.0164866 0.999843 0.0064886 -1.33398 -0.083767 -0.00508543 0.996472 144.471 
0.99613 -0.0226381 0.0849322 1.05919 0.0220201 0.999724 0.00820695 -1.33339 -0.0850946 -0.00630493 0.996353 145.84 
0.99624 -0.0281085 0.0819515 1.18319 0.0273878 0.999576 0.00990563 -1.35133 -0.0821952 -0.00762387 0.996587 147.226 
0.996256 -0.0308013 0.0807815 1.29554 0.0304135 0.999519 0.00602727 -1.34189 -0.0809284 -0.00354781 0.996714 148.601 
0.996253 -0.029114 0.0814359 1.38395 0.0289767 0.999576 0.00286783 -1.34564 -0.0814849 -0.000497306 0.996674 149.937 
0.996209 -0.0249667 0.0833361 1.4334 0.0250318 0.999687 0.000263517 -1.35515 -0.0833166 0.00182358 0.996522 151.254 
0.996205 -0.0225348 0.08407 1.53199 0.0226642 0.999743 -0.000584846 -1.37295 -0.0840353 0.00248805 0.99646 152.597 
0.996136 -0.0258367 0.0839432 1.62742 0.025713 0.999666 0.00255545 -1.38785 -0.0839813 -0.000387102 0.996467 153.933 
0.996009 -0.0332151 0.0828439 1.71862 0.0328138 0.999442 0.00620121 -1.41587 -0.0830037 -0.00345799 0.996543 155.231 
0.995908 -0.0350403 0.0833012 1.80026 0.0346362 0.99938 0.00629222 -1.41122 -0.0834701 -0.0033812 0.996505 156.549 
0.995702 -0.0371176 0.0848567 1.8401 0.0366894 0.999305 0.00660112 -1.43221 -0.0850428 -0.00345936 0.996371 157.85 
0.995665 -0.033367 0.0868244 1.91318 0.0329658 0.999438 0.00605107 -1.43745 -0.0869776 -0.00316256 0.996205 159.159 
0.995667 -0.0311022 0.0876304 2.01569 0.0306751 0.99951 0.00621609 -1.47779 -0.0877808 -0.00350104 0.996134 160.519 
0.995591 -0.026389 0.0900103 2.02859 0.0260494 0.999648 0.00494645 -1.51 -0.0901092 -0.00257989 0.995929 161.757 
0.995573 -0.0231502 0.0910922 2.08304 0.0228975 0.999731 0.00381864 -1.51373 -0.0911561 -0.00171592 0.995835 163.044 
0.995556 -0.0196056 0.0921047 2.15484 0.0193642 0.999806 0.00351436 -1.51205 -0.0921558 -0.00171517 0.995743 164.354 
0.995575 -0.0152161 0.0927282 2.23146 0.0150427 0.999884 0.0025691 -1.51381 -0.0927565 -0.0011628 0.995688 165.69 
0.995657 -0.0116133 0.0923678 2.34024 0.0116978 0.999932 -0.000372466 -1.52148 -0.0923572 0.00145139 0.995725 167.049 
0.995713 -0.0123688 0.0916694 2.43611 0.0123476 0.999923 0.000798447 -1.59516 -0.0916723 0.000336915 0.995789 168.38 
0.995591 -0.00185839 0.0937878 2.46368 0.00213368 0.999994 -0.00283465 -1.58226 -0.093782 0.0030223 0.995588 169.733 
0.99554 0.000194265 0.0943416 2.53075 -0.000181756 1 -0.000140716 -1.61961 -0.0943416 0.000122981 0.99554 170.997 
0.995462 0.00228532 0.0951347 2.58417 -0.00248235 0.999995 0.0019532 -1.63823 -0.0951298 -0.00218046 0.995463 172.184 
0.995614 -0.00424874 0.0934608 2.70319 0.00361102 0.999969 0.00699192 -1.69953 -0.0934877 -0.00662372 0.995598 173.418 
0.99552 -0.000347904 0.0945554 2.77846 -0.0002672 0.999979 0.00649296 -1.67443 -0.0945557 -0.00648909 0.995498 174.825 
0.995685 -0.00102906 0.0927912 2.88855 0.000450115 0.99998 0.00626042 -1.6933 -0.0927959 -0.0061916 0.995666 176.174 
0.995822 -0.00365662 0.0912428 2.96711 0.00329565 0.999986 0.0041069 -1.74592 -0.0912566 -0.00378899 0.99582 177.52 
0.99571 -0.00214999 0.0925072 2.97185 0.00226608 0.999997 -0.00114941 -1.71235 -0.0925045 0.00135414 0.995711 178.963 
0.995557 0.00449975 0.0940578 2.9147 -0.00415037 0.999984 -0.00390941 -1.70187 -0.0940739 0.0035017 0.995559 180.545 
0.995389 0.0112551 0.0952543 2.98511 -0.0111405 0.999936 -0.00173415 -1.75094 -0.0952678 0.000665007 0.995452 181.82 
0.995222 0.0117005 0.0969305 3.01586 -0.0118244 0.99993 0.0007043 -1.70405 -0.0969155 -0.00184704 0.995291 183.256 
0.995031 0.0116873 0.0988773 3.07718 -0.0120454 0.999923 0.00302629 -1.72683 -0.0988344 -0.00420223 0.995095 184.636 
0.995049 0.00934655 0.0989447 3.17942 -0.00990013 0.999938 0.00510579 -1.76275 -0.0988909 -0.00606003 0.99508 185.957 
0.994915 0.00878679 0.100333 3.2312 -0.0094061 0.99994 0.00570154 -1.81502 -0.100277 -0.00661625 0.994938 187.252 
0.994876 0.00467854 0.100992 3.31175 -0.00537156 0.999964 0.00659173 -1.81886 -0.100958 -0.00710041 0.994865 188.655 
0.994868 0.000705012 0.101183 3.42942 -0.00145615 0.999972 0.00735031 -1.83983 -0.101175 -0.00745988 0.994841 190.079 
0.994722 -0.00317256 0.102563 3.51047 0.00229194 0.99996 0.00870333 -1.86105 -0.102586 -0.00842228 0.994688 191.507 
0.994536 -0.00839378 0.104059 3.60508 0.00725849 0.99991 0.0112844 -1.89233 -0.104145 -0.0104674 0.994507 192.94 
0.994485 -0.0108476 0.104316 3.71286 0.00963846 0.999881 0.012089 -1.9284 -0.104435 -0.0110168 0.994471 194.355 
0.99435 -0.0068025 0.105929 3.78728 0.00614236 0.99996 0.00655736 -1.91813 -0.105969 -0.00586962 0.994352 195.716 
0.994291 -0.000589565 0.106698 3.88297 0.000215143 0.999994 0.00352106 -1.97379 -0.1067 -0.00347797 0.994285 197.001 
0.99406 0.00950688 0.10842 3.97808 -0.00991744 0.999946 0.00324857 -1.9801 -0.108384 -0.00430449 0.9941 198.375 
0.993671 0.0184193 0.110809 4.04583 -0.0192434 0.999795 0.0063725 -1.98962 -0.110669 -0.00846447 0.993821 199.777 
0.993483 0.0203607 0.112147 4.14927 -0.021567 0.999722 0.00955443 -2.0199 -0.111921 -0.0119108 0.993646 201.183 
0.993393 0.0195476 0.113088 4.25857 -0.0208517 0.999729 0.0103615 -2.02874 -0.112855 -0.0126511 0.993531 202.615 
0.993585 0.0158994 0.111969 4.41455 -0.0171595 0.9998 0.0103003 -2.04565 -0.111783 -0.0121555 0.993658 204.072 
0.993532 0.0136984 0.11272 4.50817 -0.0149362 0.999837 0.0101443 -2.05221 -0.112563 -0.0117622 0.993575 205.541 
0.993631 0.0156446 0.111593 4.65126 -0.0167833 0.999816 0.00927226 -2.04573 -0.111427 -0.0110861 0.993711 206.993 
0.993679 0.0138152 0.111403 4.77009 -0.0150783 0.999831 0.0105041 -2.0672 -0.111239 -0.0121174 0.99372 208.48 
0.993513 0.0179766 0.112292 4.88497 -0.0192537 0.999762 0.0102994 -2.06552 -0.11208 -0.0123945 0.993622 209.925 
0.993558 0.0169848 0.112048 5.00895 -0.0181981 0.999786 0.00981428 -2.08502 -0.111858 -0.0117901 0.993654 211.348 
0.993533 0.0169723 0.112265 5.14773 -0.0180994 0.999795 0.00902867 -2.09276 -0.112089 -0.0110022 0.993637 212.747 
0.993392 0.0172216 0.113475 5.25839 -0.0183761 0.999789 0.00913693 -2.11775 -0.113294 -0.0111617 0.993499 214.198 
0.993358 0.0170306 0.113795 5.39613 -0.0181685 0.999795 0.00897092 -2.12956 -0.113619 -0.0109788 0.993464 215.69 
0.993402 0.0171745 0.113394 5.57999 -0.0183244 0.999791 0.00910613 -2.15311 -0.113214 -0.0111239 0.993508 217.218 
0.993259 0.0164534 0.114742 5.66243 -0.0177124 0.999794 0.00996182 -2.1986 -0.114555 -0.011927 0.993345 218.66 
0.993284 0.0191397 0.114105 5.79549 -0.0202919 0.999754 0.00894509 -2.19306 -0.113906 -0.0112004 0.993428 220.177 
0.993413 0.0185166 0.113081 5.92317 -0.0195962 0.999772 0.00844342 -2.20044 -0.112899 -0.0106037 0.99355 221.626 
0.993227 0.0206696 0.114335 6.0194 -0.0218058 0.999724 0.00869649 -2.20912 -0.114124 -0.0111307 0.993404 223.023 
0.99326 0.0188125 0.114372 6.14508 -0.0199643 0.999761 0.0089341 -2.21307 -0.114177 -0.0111572 0.993398 224.409 
0.993617 0.0147455 0.111835 6.37392 -0.0160966 0.999808 0.0111889 -2.28889 -0.111648 -0.0129176 0.993664 225.962 
0.993718 0.0145789 0.110959 6.47962 -0.0160056 0.9998 0.011978 -2.31751 -0.110763 -0.0136787 0.993753 227.358 
0.99366 0.0148962 0.11144 6.58094 -0.016449 0.99978 0.0130278 -2.3181 -0.111222 -0.0147783 0.993686 228.803 
0.993538 0.0154157 0.112445 6.68149 -0.0169685 0.999773 0.0128656 -2.32286 -0.112221 -0.0146904 0.993575 230.214 
0.993552 0.0161495 0.112224 6.81376 -0.0176397 0.999769 0.0122989 -2.3117 -0.111999 -0.0141992 0.993607 231.81 
0.993403 0.0178677 0.113277 6.91252 -0.0192626 0.999751 0.011232 -2.32292 -0.113049 -0.0133399 0.9935 233.246 
0.993179 0.0173967 0.115298 7.02226 -0.0190073 0.999736 0.0128854 -2.34151 -0.115043 -0.014989 0.993247 234.579 
0.993335 0.0180776 0.113834 7.18309 -0.0198279 0.999702 0.0142621 -2.32628 -0.113543 -0.0164241 0.993397 235.994 
0.993244 0.0187261 0.114523 7.30671 -0.0205757 0.999676 0.0149893 -2.35623 -0.114205 -0.0172444 0.993308 237.448 
0.993115 0.0192913 0.115545 7.4303 -0.0210374 0.999682 0.0139126 -2.37565 -0.11524 -0.0162475 0.993205 238.978 
0.992872 0.0208878 0.117345 7.5379 -0.0226548 0.999649 0.0137451 -2.41167 -0.117017 -0.0163056 0.992996 240.452 
0.992893 0.0238307 0.116599 7.71316 -0.0256315 0.999574 0.0139703 -2.40848 -0.116216 -0.0168596 0.993081 241.987 
0.99278 0.0227253 0.117781 7.8261 -0.0245888 0.999594 0.0143926 -2.4104 -0.117406 -0.0171847 0.992935 243.368 
0.992405 0.0234813 0.120749 7.87743 -0.0255592 0.99955 0.0156889 -2.43635 -0.120327 -0.018656 0.992559 244.901 
0.992625 0.0230279 0.119015 8.07239 -0.025111 0.999556 0.016033 -2.43044 -0.118593 -0.0189033 0.992763 246.479 
0.992684 0.0205865 0.11897 8.27104 -0.0227465 0.9996 0.0168261 -2.42917 -0.118576 -0.0194091 0.992755 248.054 
0.992588 0.0223596 0.11945 8.40897 -0.0245249 0.99956 0.0166886 -2.41717 -0.119024 -0.0194943 0.9927 249.601 
0.99287 0.0212308 0.117295 8.58745 -0.0234743 0.999566 0.017779 -2.43024 -0.116867 -0.0204056 0.992938 251.112 
0.992998 0.0211977 0.116212 8.77745 -0.0233037 0.999587 0.0167938 -2.41746 -0.115808 -0.0193844 0.993083 252.656 
0.993045 0.0190696 0.116184 8.91695 -0.0212421 0.999621 0.0174901 -2.41912 -0.115806 -0.0198364 0.993074 254.189 
0.992768 0.0203434 0.118309 9.01812 -0.0225027 0.999603 0.0169449 -2.4186 -0.117917 -0.0194846 0.992832 255.68 
0.992885 0.0179869 0.117715 9.17827 -0.0199951 0.999674 0.0159021 -2.41042 -0.11739 -0.0181426 0.99292 257.207 
0.99274 0.0167863 0.119105 9.28209 -0.0189509 0.999675 0.0170647 -2.44686 -0.11878 -0.0191979 0.992735 258.64 
0.992746 0.0150228 0.119289 9.45568 -0.0172508 0.999695 0.0176666 -2.41603 -0.118987 -0.0195962 0.992702 260.169 
0.992754 0.0138433 0.119367 9.61456 -0.0160982 0.999709 0.0179472 -2.40438 -0.119084 -0.0197387 0.992688 261.728 
0.992567 0.0136818 0.120928 9.72738 -0.0159017 0.999722 0.0174123 -2.42554 -0.120656 -0.0192058 0.992509 263.253 
0.992526 0.0109634 0.12154 9.86018 -0.0133733 0.999729 0.0190307 -2.48157 -0.121299 -0.0205138 0.992404 264.669 
0.992344 0.0129724 0.122825 10.0061 -0.0152902 0.999722 0.0179471 -2.47894 -0.122558 -0.0196877 0.992266 266.19 
0.991968 0.0160164 0.12547 10.1321 -0.0183459 0.99968 0.0174332 -2.48436 -0.12515 -0.019595 0.991944 267.686 
0.99208 0.014414 0.124781 10.3131 -0.0167881 0.999697 0.0179961 -2.47794 -0.124483 -0.0199483 0.992021 269.33 
0.991807 0.0169185 0.126623 10.4999 -0.0191307 0.999685 0.0162758 -2.44944 -0.126308 -0.0185648 0.991817 270.779 
0.990293 0.0226392 0.137138 10.2697 -0.0249697 0.999571 0.0152974 -2.4884 -0.136733 -0.0185731 0.990434 272.569 
0.990004 0.0244066 0.138913 10.4311 -0.0266208 0.999546 0.0141037 -2.50237 -0.138506 -0.0176606 0.990204 274.121 
0.989813 0.023242 0.140467 10.5734 -0.0254932 0.999573 0.0142484 -2.48109 -0.140076 -0.0176842 0.989983 275.72 
0.9894 0.0244237 0.143151 10.7273 -0.0266406 0.999553 0.0135902 -2.48394 -0.142755 -0.0172597 0.989608 277.296 
0.989128 0.0223645 0.145346 10.9255 -0.0245911 0.999606 0.0135411 -2.48002 -0.144986 -0.0169681 0.989288 278.862 
0.98885 0.0214403 0.147363 11.0201 -0.0236951 0.999627 0.0135627 -2.48075 -0.147017 -0.0169032 0.98899 280.2 
0.988775 0.0215454 0.147853 11.2432 -0.0233185 0.999675 0.0102695 -2.48591 -0.147584 -0.0136019 0.988956 281.611 
0.989069 0.0168281 0.146489 11.5583 -0.0182392 0.999799 0.00829542 -2.49149 -0.14632 -0.0108765 0.989178 283.395 
0.989115 0.0178017 0.146066 11.75 -0.0194044 0.999766 0.00955564 -2.52472 -0.145862 -0.0122859 0.989229 284.888 
0.989689 0.0137676 0.142568 11.9974 -0.0152832 0.999838 0.00954108 -2.52101 -0.142414 -0.0116216 0.989739 286.483 
0.989537 0.0162762 0.143359 12.1549 -0.0175191 0.999819 0.00741249 -2.50675 -0.143212 -0.00984642 0.989643 287.955 
0.98984 0.0125695 0.141629 12.3854 -0.0138402 0.999872 0.0079908 -2.51999 -0.14151 -0.00986975 0.989888 289.573 
0.989753 0.0155175 0.141944 12.5541 -0.0168641 0.999823 0.00828892 -2.53708 -0.14179 -0.0105977 0.98984 291.055 
0.98971 0.0132213 0.142479 12.7357 -0.0147888 0.999841 0.00994894 -2.57018 -0.142325 -0.0119536 0.989748 292.606 
0.989767 0.0126248 0.142131 12.9201 -0.0144956 0.999821 0.0121354 -2.61469 -0.141953 -0.0140715 0.989773 294.148 
0.989852 0.0155657 0.141247 13.1195 -0.0176154 0.999757 0.0132732 -2.62137 -0.141006 -0.0156266 0.989885 295.789 
0.989632 0.0141936 0.142927 13.2903 -0.0164357 0.99976 0.0145191 -2.65837 -0.142686 -0.0167176 0.989627 297.21 
0.989382 0.0157478 0.14448 13.4785 -0.0178093 0.999757 0.0129867 -2.64847 -0.144241 -0.0154219 0.989423 298.824 
0.989485 0.0137572 0.143983 13.6879 -0.015777 0.999792 0.0128956 -2.65521 -0.143776 -0.0150316 0.989496 300.374 
0.989557 0.0117301 0.143666 13.9055 -0.0136333 0.999832 0.0122708 -2.6777 -0.143498 -0.0141013 0.98955 301.897 
0.989541 0.00911838 0.143966 14.0929 -0.0108269 0.99988 0.0110885 -2.70184 -0.143847 -0.0125312 0.989521 303.306 
0.989396 0.0102727 0.144879 14.264 -0.0118639 0.999878 0.0101237 -2.71601 -0.144757 -0.0117351 0.989398 304.808 
0.989823 0.0116753 0.141826 14.487 -0.0130065 0.99988 0.00846309 -2.70335 -0.141711 -0.0102216 0.989855 306.494 
0.989998 0.0110511 0.140649 14.6657 -0.0124678 0.99988 0.00919552 -2.71526 -0.14053 -0.0108571 0.990017 308.117 
0.990222 0.00980965 0.139155 14.8535 -0.0116407 0.999856 0.0123507 -2.7405 -0.139014 -0.0138498 0.990194 309.66 
0.990134 0.0075168 0.13992 15.0388 -0.0097791 0.999832 0.0154883 -2.74455 -0.13978 -0.0167038 0.990042 311.223 
0.989965 0.00566361 0.1412 15.1808 -0.00815452 0.999821 0.0170689 -2.76953 -0.141078 -0.018049 0.989834 312.727 
0.989675 0.00483018 0.143248 15.3634 -0.00723781 0.999841 0.0162915 -2.76296 -0.143146 -0.01716 0.989553 314.338 
0.989274 0.00308114 0.14604 15.4587 -0.00556796 0.999846 0.016623 -2.78823 -0.145966 -0.0172578 0.989139 315.816 
0.989039 0.0022269 0.147636 15.5984 -0.00479023 0.999844 0.0170095 -2.77997 -0.147575 -0.0175303 0.988896 317.406 
0.988905 -0.000121229 0.148551 15.765 -0.00257033 0.999836 0.017927 -2.78891 -0.148528 -0.0181099 0.988742 319.018 
0.98876 0.00258593 0.149487 15.9491 -0.00508365 0.999854 0.0163292 -2.78669 -0.149423 -0.0169056 0.988629 320.569 
0.988237 0.00514266 0.152841 16.0653 -0.00767322 0.999843 0.0159719 -2.80303 -0.152735 -0.0169568 0.988122 321.941 
0.98804 0.00571833 0.154092 16.2394 -0.00850417 0.999812 0.0174262 -2.81058 -0.153964 -0.0185281 0.987903 323.552 
0.987776 0.0103031 0.155541 16.4074 -0.0128226 0.999802 0.0152038 -2.76351 -0.155354 -0.0170124 0.987712 325.052 
0.987511 0.0136086 0.156959 16.5669 -0.0157307 0.999801 0.0122854 -2.73797 -0.156761 -0.014601 0.987529 326.521 
0.987235 0.0163109 0.158435 16.7301 -0.0183477 0.999767 0.0114016 -2.72222 -0.158212 -0.014163 0.987304 327.986 
0.987164 0.0179903 0.158695 16.9368 -0.019752 0.99976 0.00953091 -2.72207 -0.158486 -0.0125431 0.987282 329.656 
0.987106 0.0216444 0.158597 17.1606 -0.0230338 0.999711 0.00692786 -2.76103 -0.158401 -0.0104916 0.987319 331.279 
0.986664 0.0241375 0.160973 17.2474 -0.0256708 0.999643 0.00745259 -2.77584 -0.160736 -0.0114855 0.986931 332.957 
0.986617 0.0249226 0.161137 17.453 -0.0269984 0.999578 0.0107056 -2.78458 -0.160802 -0.0149127 0.986874 334.576 
0.986609 0.0260758 0.161006 17.6524 -0.0287258 0.999487 0.0141532 -2.84472 -0.160555 -0.0185887 0.986852 336.224 
0.986432 0.0275439 0.161844 17.8399 -0.0301572 0.999451 0.0137124 -2.88132 -0.161378 -0.0184071 0.986721 337.674 
0.986429 0.0283307 0.161724 18.0147 -0.0307036 0.999454 0.0121918 -2.90531 -0.16129 -0.0169918 0.986761 339.242 
0.986757 0.0258862 0.160127 18.2415 -0.0283759 0.999509 0.0132808 -2.90543 -0.159705 -0.0176487 0.987007 340.793 
0.986564 0.0250763 0.161442 18.433 -0.0277924 0.999507 0.0145878 -2.93417 -0.160997 -0.0188786 0.986774 342.332 
0.986962 0.0233831 0.159246 18.6802 -0.0260501 0.999553 0.0146806 -2.95176 -0.158831 -0.0186376 0.98713 343.926 
0.986972 0.0245288 0.159011 18.8877 -0.027126 0.999531 0.0141838 -2.94502 -0.158589 -0.0183123 0.987175 345.456 
0.987048 0.0233627 0.158713 19.1132 -0.0259399 0.999563 0.014186 -2.95011 -0.158312 -0.0181192 0.987223 347.046 
0.987065 0.0247744 0.158397 19.315 -0.0273601 0.999525 0.0141644 -2.94509 -0.157971 -0.0183149 0.987274 348.579 
0.986898 0.0245778 0.159464 19.5178 -0.0269363 0.999557 0.0126453 -2.92438 -0.159083 -0.0167749 0.987123 350.181 
0.986634 0.024877 0.161043 19.7372 -0.0270118 0.999574 0.0110802 -2.91634 -0.160699 -0.0152821 0.986885 351.753 
0.986413 0.0253601 0.162314 19.9657 -0.0274263 0.999569 0.0105021 -2.92442 -0.161977 -0.014811 0.986683 353.41 
0.986421 0.0253395 0.162271 20.2021 -0.0272783 0.999581 0.0097313 -2.91953 -0.161956 -0.0140256 0.986698 354.989 
0.986273 0.021198 0.163755 20.4027 -0.0229477 0.999698 0.00880063 -2.91812 -0.163519 -0.0124376 0.986462 356.745 
0.986309 0.0189401 0.163816 20.6575 -0.0211507 0.999707 0.0117605 -2.96445 -0.163545 -0.0150643 0.986421 358.392 
0.985914 0.0199139 0.166065 20.8447 -0.0225419 0.999649 0.0139551 -2.97823 -0.165729 -0.0175019 0.986016 359.948 
0.985896 0.0199118 0.166173 21.078 -0.0223548 0.999668 0.0128445 -2.99319 -0.165862 -0.016378 0.986013 361.525 
0.985919 0.019989 0.166025 21.3203 -0.02235 0.999674 0.0123646 -3.00444 -0.165724 -0.0159011 0.986044 363.06 
0.985868 0.0219259 0.166082 21.5551 -0.0243563 0.999624 0.0126109 -2.99644 -0.165743 -0.0164778 0.986031 364.624 
0.985875 0.0227488 0.16593 21.7696 -0.0253631 0.999585 0.0136532 -3.0097 -0.165551 -0.0176688 0.986043 366.179 
0.986248 0.0221585 0.163782 22.1029 -0.0247102 0.999603 0.013559 -3.02221 -0.163417 -0.0174195 0.986403 367.836 
0.986403 0.0228055 0.162754 22.4137 -0.0249753 0.999624 0.011298 -3.00577 -0.162435 -0.0152091 0.986602 369.57 
0.986033 0.0270943 0.164333 22.641 -0.0291742 0.999522 0.0102559 -2.98915 -0.163976 -0.0149069 0.986352 371.216 
0.985792 0.0279907 0.165621 22.8822 -0.029936 0.999509 0.0092612 -2.98744 -0.16528 -0.0140876 0.986146 372.837 
0.985457 0.0298596 0.167279 23.0529 -0.0316731 0.999465 0.00818359 -2.97926 -0.166945 -0.0133628 0.985876 374.473 
0.985083 0.0330293 0.168882 23.2598 -0.0351633 0.999335 0.00966088 -3.01904 -0.168451 -0.0154552 0.985589 376.072 
0.985101 0.0364063 0.168079 23.5079 -0.0383965 0.999226 0.00860501 -3.01198 -0.167636 -0.0149304 0.985736 377.743 
0.984789 0.0364777 0.169883 23.7353 -0.0385058 0.999221 0.00865781 -3.04154 -0.169435 -0.0150675 0.985426 379.363 
0.984858 0.0367907 0.169416 23.9692 -0.0389677 0.999195 0.0095419 -3.05732 -0.168928 -0.0159991 0.985499 380.937 
0.984829 0.0369063 0.169558 24.2398 -0.0390017 0.999198 0.00904309 -3.05133 -0.169089 -0.0155189 0.985479 382.575 
0.98452 0.0393971 0.170785 24.4883 -0.0417206 0.999079 0.0100363 -3.10722 -0.170232 -0.0170061 0.985257 384.091 
0.983959 0.0410862 0.173598 24.6831 -0.0433176 0.99902 0.00908332 -3.10248 -0.173055 -0.0164574 0.984775 385.653 
0.983721 0.0467388 0.173519 24.9073 -0.0490935 0.998751 0.00930165 -3.10216 -0.172868 -0.0176689 0.984787 387.179 
0.983682 0.0471868 0.173618 25.175 -0.0494746 0.998736 0.00887099 -3.0594 -0.17298 -0.0173159 0.984773 388.694 
0.983545 0.0481205 0.174137 25.3881 -0.0502946 0.998702 0.00809153 -3.08602 -0.173522 -0.0167165 0.984688 390.26 
0.983666 0.0457848 0.174086 25.6493 -0.047451 0.998859 0.0054192 -3.03266 -0.173639 -0.0135912 0.984716 392.069 
0.983657 0.0449372 0.174355 25.9056 -0.0466923 0.998891 0.00597541 -3.06907 -0.173894 -0.0140188 0.984665 393.593 
0.983619 0.0417206 0.175367 26.1637 -0.0435796 0.999027 0.00676115 -3.06831 -0.174915 -0.0142928 0.98448 395.276 
0.983181 0.040414 0.178109 26.3806 -0.0426268 0.999054 0.00861341 -3.08426 -0.177592 -0.0160607 0.983973 396.905 
0.982864 0.041497 0.179603 26.6331 -0.0433691 0.999038 0.0065082 -3.08907 -0.17916 -0.0141859 0.983718 398.592 
0.983563 0.0385309 0.176408 26.9738 -0.0407168 0.999132 0.00878697 -3.15789 -0.175917 -0.0158253 0.984278 400.23 
