1 2.12261e-08 -2.11895e-08 0 2.12261e-08 1 2.10703e-08 0 -2.11895e-08 2.10703e-08 1 0 
0.999996 -0.00116636 -0.00253795 0.0113818 0.00116352 0.999999 -0.00113442 -0.00385853 0.00253923 0.00113151 0.999996 0.61606 
0.999994 -0.00215954 -0.00267594 -0.0276824 0.00215372 0.999995 -0.00219052 -0.0214227 0.00268062 0.00218479 0.999994 1.19866 
0.999978 -0.002491 -0.00614831 -0.015201 0.00246966 0.999991 -0.00348332 -0.0356908 0.00615689 0.0034681 0.999975 1.77018 
0.999958 -0.00452412 -0.0080202 -0.0169088 0.0044869 0.999979 -0.00465711 -0.0494978 0.00804106 0.00462097 0.999957 2.35468 
0.999949 -0.00685315 -0.00742675 -0.0864272 0.00680241 0.999954 -0.0068411 -0.0582824 0.00747324 0.00679027 0.999949 2.90051 
0.999932 -0.00863404 -0.00786024 -0.120125 0.0085809 0.99994 -0.00677398 -0.0852699 0.00791822 0.00670611 0.999946 3.4707 
0.999918 -0.00941286 -0.008704 -0.140256 0.00935223 0.999932 -0.00698495 -0.0809206 0.00876912 0.00690301 0.999938 4.03383 
0.999888 -0.0104332 -0.0107163 -0.137944 0.0103618 0.999924 -0.00670149 -0.111703 0.0107854 0.00658974 0.99992 4.63982 
0.999887 -0.00944206 -0.0116643 -0.154765 0.00932154 0.999903 -0.0103476 -0.106073 0.0117608 0.0102377 0.999878 5.21183 
0.999884 -0.00913018 -0.0122079 -0.193333 0.00894743 0.999848 -0.0149447 -0.117558 0.0123424 0.0148338 0.999814 5.8184 
0.999871 -0.00837268 -0.0137112 -0.207774 0.00813413 0.999816 -0.0173656 -0.156622 0.013854 0.0172519 0.999755 6.45061 
0.999876 -0.00632479 -0.0143926 -0.257745 0.0060685 0.999823 -0.0177846 -0.160035 0.0145025 0.0176951 0.999738 7.03586 
0.999862 -0.00420509 -0.0160771 -0.27038 0.00404292 0.999941 -0.0101087 -0.182831 0.0161187 0.0100424 0.99982 7.67723 
0.999827 -0.00464357 -0.0179988 -0.262982 0.00465649 0.999989 0.000673317 -0.201491 0.0179954 -0.000756969 0.999838 8.33616 
0.999821 -0.00316887 -0.0186468 -0.285535 0.00329682 0.999971 0.00683254 -0.209066 0.0186246 -0.00689275 0.999803 9.03211 
0.999805 -0.00246495 -0.0195809 -0.319713 0.00257129 0.999982 0.00540518 -0.228986 0.0195671 -0.00545444 0.999794 9.69136 
0.999814 0.000794121 -0.0192565 -0.359437 -0.000828666 0.999998 -0.00178822 -0.225317 0.019255 0.00180389 0.999813 10.4055 
0.999791 0.000293914 -0.0204245 -0.404728 -0.000458944 0.999967 -0.00807785 -0.220481 0.0204214 0.00808559 0.999759 11.093 
0.999786 -0.00264735 -0.0204964 -0.466629 0.00251387 0.999976 -0.00653731 -0.229988 0.0205131 0.00648443 0.999769 11.7982 
0.999792 -0.00254586 -0.0202405 -0.495334 0.00260367 0.999993 0.00282835 -0.2466 0.0202331 -0.00288041 0.999791 12.5469 
0.999788 -0.00253564 -0.0204206 -0.537828 0.00273942 0.999947 0.00995528 -0.257412 0.0203943 -0.0100091 0.999742 13.2665 
0.999749 -0.00465765 -0.0218993 -0.549203 0.00494204 0.999904 0.0129481 -0.272776 0.0218369 -0.013053 0.999676 14.0897 
0.99973 -0.00713811 -0.0221075 -0.579597 0.00741381 0.999896 0.012412 -0.277146 0.0220165 -0.0125726 0.999679 14.9028 
0.99974 -0.00690956 -0.0217482 -0.598298 0.00715156 0.999913 0.0110674 -0.292251 0.0216698 -0.01122 0.999702 15.7193 
0.999732 -0.0051011 -0.0225773 -0.604123 0.00524209 0.999967 0.00618794 -0.267809 0.0225449 -0.00630459 0.999726 16.5373 
0.999767 -0.0076289 -0.0201738 -0.651126 0.00763999 0.999971 0.00047057 -0.276365 0.0201696 -0.000624546 0.999796 17.3722 
0.9998 -0.0084333 -0.0181379 -0.703628 0.00833744 0.999951 -0.00535648 -0.289368 0.0181822 0.00520423 0.999821 18.2266 
0.99983 -0.00642916 -0.0172735 -0.734943 0.00624089 0.999921 -0.0109333 -0.296674 0.0173423 0.0108237 0.999791 19.1331 
0.999836 -0.00500732 -0.0174192 -0.760803 0.0048101 0.999924 -0.0113479 -0.315646 0.0174747 0.0112623 0.999784 20.036 
0.99983 -0.004607 -0.0178837 -0.805122 0.00441401 0.999932 -0.010818 -0.338823 0.0179323 0.0107373 0.999782 20.991 
0.999833 -0.00151115 -0.0182229 -0.841272 0.00129194 0.999927 -0.0120376 -0.366545 0.0182397 0.0120121 0.999762 21.9286 
0.999833 -0.000157475 -0.0182706 -0.871533 -0.000113476 0.99989 -0.0148302 -0.377804 0.0182709 0.0148299 0.999723 22.8644 
0.999824 0.00499122 -0.0180869 -0.915464 -0.00525243 0.999882 -0.0144257 -0.412482 0.0180127 0.0145182 0.999732 23.8218 
0.999802 0.00757891 -0.0184163 -0.952891 -0.00785768 0.999855 -0.0151146 -0.431028 0.018299 0.0152563 0.999716 24.8137 
0.999804 0.00804117 -0.0181011 -1.00793 -0.00832205 0.999845 -0.0154982 -0.456474 0.0179736 0.0156459 0.999716 25.7986 
0.999796 0.00786797 -0.0186147 -1.04419 -0.00815187 0.999851 -0.0152275 -0.486929 0.0184921 0.0153762 0.999711 26.7607 
0.999783 0.00847773 -0.0190433 -1.07574 -0.00874513 0.999864 -0.0140046 -0.522679 0.0189219 0.0141681 0.999721 27.744 
0.999744 0.0092416 -0.0206779 -1.08876 -0.00951158 0.99987 -0.0129986 -0.533379 0.0205551 0.013192 0.999702 28.758 
0.999717 0.00931849 -0.0218993 -1.12959 -0.00957231 0.999888 -0.0115164 -0.571127 0.0217895 0.0117228 0.999694 29.7326 
0.999715 0.00791773 -0.0225155 -1.16756 -0.00820847 0.999884 -0.0128517 -0.59079 0.022411 0.0130329 0.999664 30.7619 
0.999713 0.00891545 -0.022254 -1.21501 -0.00922319 0.999863 -0.0137664 -0.615329 0.0221281 0.0139678 0.999658 31.8071 
0.99969 0.00810563 -0.0235547 -1.25337 -0.00843511 0.999868 -0.0139241 -0.632325 0.0234387 0.0141185 0.999626 32.8624 
0.999676 0.0082507 -0.0240683 -1.3034 -0.00853748 0.999894 -0.0118386 -0.643869 0.023968 0.0120403 0.99964 33.9005 
0.999648 0.0091109 -0.024937 -1.33689 -0.00930583 0.999927 -0.00771392 -0.680403 0.0248649 0.0079433 0.999659 34.9336 
0.99968 0.00815823 -0.0239372 -1.41694 -0.00825859 0.999958 -0.0040985 -0.709873 0.0239027 0.00429492 0.999705 36.0091 
0.99965 0.00957869 -0.0246568 -1.45116 -0.00969508 0.999942 -0.00460665 -0.719697 0.0246112 0.00484413 0.999685 37.1029 
0.999654 0.00968146 -0.024462 -1.51492 -0.00983437 0.999933 -0.0061402 -0.739747 0.0244008 0.00637869 0.999682 38.1883 
0.999617 0.0134543 -0.0241751 -1.58528 -0.0136516 0.999875 -0.0080146 -0.746516 0.0240642 0.0083416 0.999676 39.2604 
0.999571 0.0133957 -0.0260567 -1.60619 -0.0135763 0.999885 -0.00676731 -0.7604 0.025963 0.0071182 0.999638 40.3833 
0.999561 0.0142681 -0.0259534 -1.66922 -0.0143918 0.999886 -0.00458826 -0.792551 0.0258849 0.00495981 0.999653 41.4605 
0.999545 0.0131148 -0.0271513 -1.70382 -0.0131733 0.999911 -0.00197963 -0.81329 0.0271229 0.00233645 0.999629 42.551 
0.999519 0.014283 -0.0275403 -1.76176 -0.0143416 0.999895 -0.00193274 -0.841687 0.0275097 0.00232682 0.999619 43.5967 
0.999502 0.0150635 -0.0277459 -1.80937 -0.01523 0.999867 -0.00580063 -0.870991 0.0276548 0.00622035 0.999598 44.679 
0.999542 0.0169961 -0.0250493 -1.91374 -0.0172403 0.999806 -0.00956702 -0.895969 0.0248818 0.00999454 0.99964 45.7529 
0.999532 0.0172232 -0.025273 -1.95719 -0.0174781 0.999798 -0.00990317 -0.930764 0.0250973 0.0103403 0.999632 46.8152 
0.999492 0.0189844 -0.0255921 -2.00174 -0.0191894 0.999786 -0.00779103 -0.946833 0.0254386 0.00827821 0.999642 47.8865 
0.999494 0.0195963 -0.0250663 -2.05969 -0.0197462 0.999789 -0.00574746 -0.981928 0.0249483 0.00623955 0.999669 48.9777 
0.999541 0.0173647 -0.0248388 -2.10125 -0.0174985 0.999833 -0.00518308 -0.995805 0.0247446 0.00561538 0.999678 50.0377 
0.999512 0.0190244 -0.0247606 -2.14032 -0.0191687 0.999801 -0.00560578 -1.03818 0.024649 0.00607771 0.999678 51.1245 
0.99954 0.0193476 -0.023358 -2.20832 -0.0195334 0.999779 -0.00775715 -1.0517 0.0232027 0.00820989 0.999697 52.2307 
0.999565 0.0189969 -0.022562 -2.26027 -0.0192365 0.99976 -0.0104545 -1.07737 0.022358 0.010884 0.999691 53.3315 
0.999569 0.0175563 -0.0235295 -2.31146 -0.0178963 0.999737 -0.0143219 -1.08674 0.0232718 0.0147368 0.999621 54.4515 
0.99958 0.0168473 -0.0235859 -2.3584 -0.0172567 0.999702 -0.017264 -1.13187 0.0232879 0.0176638 0.999573 55.549 
0.999604 0.0172418 -0.0222389 -2.41143 -0.0176696 0.99966 -0.0191904 -1.16367 0.0219004 0.0195758 0.999569 56.6492 
0.999662 0.0141813 -0.0217782 -2.44911 -0.0145469 0.999754 -0.0167203 -1.20709 0.0215357 0.0170315 0.999623 57.7232 
0.999665 0.0127946 -0.0225087 -2.47668 -0.013048 0.999853 -0.0111463 -1.23865 0.0223627 0.0114363 0.999685 58.8197 
0.99968 0.0116449 -0.0224398 -2.51217 -0.0117807 0.999913 -0.00592783 -1.26482 0.0223687 0.00619033 0.999731 59.9203 
0.999684 0.00883611 -0.0235465 -2.52882 -0.00894136 0.999951 -0.00436987 -1.30089 0.0235067 0.00457907 0.999713 61.0421 
0.999707 0.00435479 -0.023829 -2.56219 -0.00456687 0.99995 -0.00885478 -1.29742 0.0237892 0.00896105 0.999677 62.1433 
0.999702 0.00532062 -0.0238123 -2.6036 -0.00561268 0.99991 -0.0122167 -1.32644 0.0237451 0.0123467 0.999642 63.2365 
0.999687 0.00636819 -0.0241851 -2.63325 -0.00675838 0.999848 -0.0160881 -1.35123 0.024079 0.0162465 0.999578 64.2525 
0.999677 0.00642862 -0.0245852 -2.69164 -0.0069447 0.999756 -0.0209656 -1.37601 0.0244443 0.0211296 0.999478 65.3419 
0.999612 0.0114061 -0.0254016 -2.73043 -0.0119582 0.999693 -0.0216944 -1.40967 0.0251463 0.0219898 0.999442 66.4192 
0.999579 0.0182878 -0.0225247 -2.83844 -0.018704 0.999656 -0.0184106 -1.45082 0.0221802 0.0188242 0.999577 67.5822 
0.999529 0.0202638 -0.023049 -2.88007 -0.0206509 0.999648 -0.0166857 -1.48307 0.0227027 0.0171539 0.999595 68.6169 
0.999536 0.0206553 -0.0223992 -2.94329 -0.0210155 0.999652 -0.0159689 -1.52027 0.0220615 0.0164323 0.999622 69.7055 
0.999552 0.0190511 -0.023076 -2.97496 -0.0194005 0.999699 -0.0150167 -1.57095 0.0227829 0.0154577 0.999621 70.8015 
0.999553 0.0170924 -0.0245479 -3.00472 -0.0174178 0.999762 -0.013105 -1.61053 0.024318 0.0135268 0.999613 71.8731 
0.999563 0.0158321 -0.0249523 -3.04005 -0.0161247 0.999803 -0.0115702 -1.64001 0.0247641 0.0119676 0.999622 72.9605 
0.999573 0.0145667 -0.0253435 -3.08772 -0.0148269 0.999839 -0.0101089 -1.67057 0.0251921 0.0104804 0.999628 74.1001 
0.999599 0.0138412 -0.0247019 -3.18554 -0.0141245 0.999836 -0.0113302 -1.70427 0.024541 0.0116746 0.999631 75.2487 
0.999568 0.0145266 -0.0255438 -3.23552 -0.0149004 0.999784 -0.014509 -1.74718 0.0253274 0.0148834 0.999568 76.3278 
0.999533 0.0151171 -0.0265699 -3.29245 -0.0155376 0.999756 -0.0156941 -1.79517 0.0263262 0.0160996 0.999524 77.4096 
0.999453 0.0171973 -0.0282483 -3.33318 -0.0176294 0.99973 -0.0151192 -1.82198 0.0279806 0.0156089 0.999487 78.4983 
0.999429 0.0180494 -0.0285685 -3.39005 -0.0183528 0.999778 -0.0103967 -1.86029 0.0283744 0.0109151 0.999538 79.6206 
0.999402 0.0195473 -0.0285124 -3.47587 -0.0197278 0.999787 -0.00606192 -1.90429 0.0283878 0.00662082 0.999575 80.7233 
0.999352 0.0216608 -0.0287409 -3.53005 -0.0218578 0.99974 -0.00655769 -1.91872 0.0285913 0.00718169 0.999565 81.7879 
0.999315 0.0229527 -0.0290447 -3.58564 -0.0231833 0.999702 -0.00762893 -1.97661 0.0288609 0.00829709 0.999549 82.8369 
0.999356 0.0230397 -0.0275206 -3.69751 -0.0232744 0.999695 -0.00823963 -1.98573 0.0273223 0.00887489 0.999587 83.9339 
0.999348 0.0229098 -0.0279026 -3.75819 -0.0231192 0.999707 -0.00720697 -2.04809 0.0277292 0.0078474 0.999585 84.9616 
0.999341 0.0223917 -0.0285783 -3.79337 -0.0225787 0.999726 -0.00623754 -2.07665 0.0284307 0.00687873 0.999572 85.9921 
0.999369 0.0198297 -0.029468 -3.84988 -0.0199861 0.999788 -0.00502492 -2.10378 0.0293621 0.00561074 0.999553 87.0361 
0.999368 0.0187755 -0.0301718 -3.90918 -0.0188454 0.99982 -0.0020363 -2.14121 0.0301281 0.00260366 0.999543 87.9917 
0.99932 0.0155746 -0.0334278 -3.88732 -0.015608 0.999878 -0.000738297 -2.16708 0.0334122 0.00125958 0.999441 88.9277 
0.999285 0.0146438 -0.0348561 -3.96662 -0.0146831 0.999892 -0.000873821 -2.18547 0.0348394 0.00138503 0.999392 89.8369 
0.999207 0.0147236 -0.0370013 -4.03436 -0.0147906 0.999889 -0.00153799 -2.22507 0.0369746 0.00208409 0.999314 90.7558 
0.999179 0.0159323 -0.0372389 -4.14082 -0.0160784 0.999864 -0.00362745 -2.23215 0.037176 0.00422326 0.9993 91.6666 
0.999136 0.0160937 -0.0383225 -4.25189 -0.0162335 0.999863 -0.00334057 -2.25693 0.0382634 0.00395984 0.99926 92.4902 
0.999014 0.0187977 -0.0402323 -4.33175 -0.018942 0.999815 -0.00321022 -2.26666 0.0401645 0.00396918 0.999185 93.3528 
0.998874 0.022444 -0.0417991 -4.4263 -0.0225372 0.999745 -0.00175855 -2.29473 0.0417489 0.00269864 0.999125 94.1385 
0.998795 0.0234565 -0.0431105 -4.50801 -0.0235092 0.999723 -0.000716291 -2.30886 0.0430817 0.00172896 0.99907 94.9908 
0.998573 0.0255377 -0.0469068 -4.53785 -0.0255463 0.999674 0.000414005 -2.33162 0.046902 0.000784925 0.998899 95.8088 
0.99844 0.0279297 -0.048357 -4.62407 -0.0279267 0.99961 0.000736693 -2.3516 0.0483586 0.000614949 0.99883 96.5315 
0.998252 0.0303214 -0.0507403 -4.6906 -0.0303792 0.999538 -0.000368034 -2.37328 0.0507057 0.00190888 0.998712 97.2276 
0.997989 0.0324846 -0.0544328 -4.73107 -0.0327161 0.999459 -0.003368 -2.40873 0.0542939 0.0051421 0.998512 97.9261 
0.997763 0.0349442 -0.0569845 -4.78538 -0.0354233 0.999345 -0.00741829 -2.42327 0.0566879 0.00942032 0.998348 98.5972 
0.997609 0.0375378 -0.0580323 -4.86096 -0.0382336 0.999209 -0.010927 -2.42786 0.0575761 0.0131197 0.998255 99.2186 
0.997504 0.0399138 -0.0582531 -4.92662 -0.0406735 0.999101 -0.0119153 -2.45226 0.0577252 0.0142549 0.998231 99.8561 
0.997522 0.0426622 -0.0559433 -5.00861 -0.0433942 0.998987 -0.0119362 -2.46465 0.0553773 0.0143343 0.998363 100.446 
0.997608 0.0455493 -0.0520041 -5.07469 -0.0461425 0.998882 -0.0102644 -2.48969 0.0514784 0.0126395 0.998594 101.027 
0.997769 0.0478861 -0.0465183 -5.10386 -0.0483676 0.998787 -0.00928092 -2.5102 0.0460173 0.0115102 0.998874 101.57 
0.998087 0.0484591 -0.0383873 -5.14768 -0.0487624 0.998786 -0.00700481 -2.53249 0.0380012 0.00886331 0.999238 102.091 
0.998415 0.0488269 -0.0279948 -5.19365 -0.0489806 0.998788 -0.00483186 -2.54881 0.0277249 0.00619545 0.999596 102.574 
0.998736 0.0477567 -0.0156838 -5.20736 -0.047817 0.99885 -0.00349301 -2.57048 0.0154989 0.00423858 0.999871 103.073 
0.998857 0.0477738 -0.00179347 -5.21942 -0.0477784 0.998854 -0.00266886 -2.60748 0.00166387 0.00275154 0.999995 103.509 
0.9988 0.0472503 0.0128754 -5.20555 -0.0471997 0.998877 -0.00420437 -2.62334 -0.0130596 0.00359165 0.999908 103.909 
0.998395 0.0471446 0.031382 -5.19697 -0.046891 0.998862 -0.00876898 -2.61709 -0.0317597 0.00728341 0.999469 104.329 
0.997398 0.0474208 0.0543029 -5.20877 -0.0468142 0.998827 -0.0123889 -2.64305 -0.0548268 0.00981452 0.998448 104.732 
0.995958 0.0454428 0.0774755 -5.1485 -0.0441577 0.998858 -0.0182201 -2.65006 -0.0782151 0.0147254 0.996828 105.131 
0.993381 0.0433266 0.106383 -5.13609 -0.0412138 0.998909 -0.0219795 -2.65309 -0.107219 0.0174496 0.994082 105.524 
0.98982 0.0405428 0.136431 -5.0683 -0.0375938 0.999002 -0.0241237 -2.66354 -0.137273 0.0187492 0.990356 105.887 
0.984821 0.0384099 0.169273 -4.99372 -0.0345182 0.999069 -0.0258747 -2.69429 -0.170109 0.019639 0.98523 106.263 
0.978074 0.0355399 0.205203 -4.89726 -0.0302846 0.999129 -0.0286954 -2.70368 -0.206044 0.0218518 0.978299 106.627 
0.969186 0.0317172 0.244281 -4.78728 -0.0250701 0.999227 -0.030273 -2.72267 -0.245052 0.0232161 0.969232 106.996 
0.958328 0.0287237 0.284222 -4.67905 -0.0207671 0.999305 -0.0309687 -2.75417 -0.284914 0.0237758 0.958258 107.312 
0.944607 0.0305695 0.326776 -4.5714 -0.0211784 0.999255 -0.0322589 -2.78718 -0.327519 0.0235515 0.944551 107.639 
0.92835 0.0313171 0.370387 -4.41642 -0.0204446 0.999238 -0.0332448 -2.81591 -0.371146 0.0232905 0.928283 107.95 
0.90937 0.0315194 0.414792 -4.26645 -0.0190084 0.999232 -0.0342568 -2.81644 -0.415554 0.0232676 0.909271 108.244 
0.887581 0.0304999 0.459641 -4.09705 -0.0170319 0.999296 -0.03342 -2.83934 -0.460337 0.0218344 0.887476 108.533 
0.863435 0.0286782 0.503644 -3.88603 -0.0128424 0.999309 -0.0348854 -2.86138 -0.504296 0.0236534 0.863207 108.811 
0.837095 0.0291462 0.546281 -3.69046 -0.00997317 0.999227 -0.0380302 -2.87512 -0.546967 0.0263867 0.836738 109.069 
0.807705 0.0313676 0.588752 -3.48866 -0.00821391 0.999086 -0.0419607 -2.8967 -0.58953 0.029056 0.807224 109.322 
0.775034 0.0364647 0.630867 -3.26664 -0.00774019 0.998807 -0.0482229 -2.90473 -0.631873 0.0324913 0.774391 109.585 
0.739126 0.0431649 0.672183 -3.03209 -0.0103015 0.998552 -0.0527955 -2.91845 -0.673488 0.0320981 0.738501 109.823 
0.699804 0.0475958 0.712748 -2.77447 -0.0110017 0.998378 -0.0558676 -2.93768 -0.714251 0.0312549 0.699192 110.061 
0.658005 0.0480079 0.751481 -2.48932 -0.00734792 0.998328 -0.0573435 -2.96177 -0.752977 0.0322105 0.657258 110.289 
0.614658 0.0453694 0.787488 -2.18214 -0.00135617 0.998404 -0.0564623 -2.9787 -0.788793 0.0336371 0.613738 110.497 
0.569207 0.0428764 0.821075 -1.93676 -0.000415511 0.998654 -0.0518615 -3.01987 -0.822194 0.0291788 0.568459 110.641 
0.520595 0.0415382 0.852793 -1.63997 -0.000104075 0.998819 -0.0485873 -3.04718 -0.853804 0.0252055 0.519984 110.8 
0.471615 0.0390473 0.88094 -1.29538 0.00445568 0.998901 -0.0466612 -3.05355 -0.881794 0.0259313 0.470922 110.941 
0.418982 0.0357333 0.907291 -0.925269 0.00778847 0.999047 -0.0429437 -3.07567 -0.907961 0.0250591 0.418305 111.09 
0.366272 0.035623 0.929826 -0.580953 0.00764745 0.999118 -0.0412901 -3.10087 -0.930476 0.0222342 0.365677 111.199 
0.314359 0.0413576 0.948403 -0.22958 0.00433591 0.998978 -0.0450002 -3.11364 -0.949294 0.0182584 0.313858 111.297 
0.262502 0.0469399 0.963789 0.169041 0.00340598 0.998765 -0.049571 -3.13474 -0.964926 0.0162951 0.262018 111.379 
0.215632 0.0488005 0.975255 0.559721 0.00559564 0.998672 -0.0512094 -3.16665 -0.976459 0.0164996 0.215073 111.436 
0.173866 0.0484883 0.983575 0.949913 0.0135911 0.998574 -0.0516302 -3.19324 -0.984676 0.0223447 0.172959 111.475 
0.139254 0.0489998 0.989044 1.37781 0.0226463 0.998356 -0.0526497 -3.20826 -0.989998 0.0297299 0.137915 111.502 
0.108803 0.0504901 0.99278 1.82098 0.0279 0.998161 -0.0538213 -3.23224 -0.993672 0.0335544 0.107194 111.532 
0.0810945 0.049114 0.995496 2.28313 0.0274641 0.998296 -0.0514894 -3.25532 -0.996328 0.0315159 0.0796074 111.556 
0.054982 0.0452453 0.997462 2.75603 0.0211854 0.998695 -0.046469 -3.28477 -0.998263 0.0236866 0.0539517 111.589 
0.0300434 0.0419334 0.998669 3.31117 0.0158109 0.998975 -0.0424219 -3.30599 -0.999424 0.0170643 0.0293496 111.642 
0.00736144 0.0404202 0.999156 3.83032 0.0207494 0.998961 -0.0405651 -3.32963 -0.999758 0.0210305 0.0065151 111.63 
-0.0111754 0.0409032 0.999101 4.40029 0.0308887 0.9987 -0.0405413 -3.35673 -0.99946 0.0304078 -0.0124244 111.605 
-0.029766 0.0439212 0.998592 4.93347 0.0348162 0.998474 -0.0428782 -3.38633 -0.99895 0.0334909 -0.0312498 111.59 
-0.0449806 0.0500934 0.997731 5.51391 0.033712 0.998249 -0.0485995 -3.40902 -0.998419 0.0314495 -0.0465906 111.587 
-0.0561835 0.0528072 0.997023 6.09187 0.0330308 0.998152 -0.0510056 -3.45803 -0.997874 0.0300668 -0.0578239 111.565 
-0.0637229 0.0532773 0.996545 6.73527 0.0337241 0.998119 -0.0512049 -3.48628 -0.997398 0.0303447 -0.0653998 111.547 
-0.067916 0.0509793 0.996388 7.41492 0.0403172 0.998018 -0.0483146 -3.52358 -0.996876 0.0368902 -0.0698367 111.562 
-0.0682172 0.0499217 0.996421 8.08558 0.0415771 0.998022 -0.0471554 -3.55637 -0.996804 0.0382114 -0.0701578 111.541 
-0.0659621 0.0481921 0.996658 8.74758 0.0406694 0.998133 -0.0455717 -3.61315 -0.996993 0.0375274 -0.0677989 111.498 
-0.0641677 0.0483057 0.996769 9.409 0.0357896 0.998297 -0.0460757 -3.65339 -0.997297 0.0327174 -0.0657873 111.451 
-0.0623622 0.049849 0.996808 10.1523 0.0345193 0.998262 -0.0477621 -3.69422 -0.997456 0.0314305 -0.0639746 111.389 
-0.0606561 0.0503104 0.99689 10.8726 0.0348025 0.998228 -0.0482604 -3.74854 -0.997552 0.0317669 -0.0622995 111.339 
-0.0602539 0.0490586 0.996977 11.6087 0.0338462 0.998318 -0.047079 -3.8163 -0.997609 0.0309072 -0.0618129 111.31 
-0.0603865 0.0482386 0.997009 12.3623 0.0333074 0.998373 -0.0462872 -3.8438 -0.997619 0.0304126 -0.0618949 111.3 
-0.0599794 0.0464305 0.997119 13.1222 0.033877 0.998437 -0.0444541 -3.89165 -0.997625 0.0311131 -0.0614585 111.275 
-0.0596271 0.044362 0.997235 13.9244 0.0339228 0.998525 -0.0423911 -3.93245 -0.997644 0.0313014 -0.0610441 111.223 
-0.0608759 0.0424156 0.997244 14.6995 0.0309069 0.998698 -0.0405907 -3.98714 -0.997667 0.0283507 -0.0621076 111.192 
-0.0617853 0.0423226 0.997192 15.4843 0.0301369 0.998724 -0.0405203 -4.017 -0.997634 0.0275487 -0.0629819 111.149 
-0.0625368 0.0388204 0.997287 16.2555 0.033797 0.998753 -0.0367581 -4.07859 -0.99747 0.0314066 -0.0637708 111.11 
-0.0640761 0.0369022 0.997263 17.0695 0.0349463 0.998786 -0.0347132 -4.12347 -0.997333 0.0326264 -0.065288 111.084 
-0.06447 0.035936 0.997272 17.8907 0.0332062 0.998875 -0.0338471 -4.17046 -0.997367 0.0309335 -0.0655907 111.013 
-0.0655419 0.0400246 0.997047 18.7021 0.0310141 0.998794 -0.038056 -4.22705 -0.997368 0.0284283 -0.0667042 110.98 
-0.065903 0.0441612 0.996848 19.517 0.0321987 0.998594 -0.0421098 -4.2816 -0.997306 0.029322 -0.0672322 110.928 
-0.0679772 0.0474569 0.996558 20.3674 0.0325129 0.998443 -0.0453289 -4.28921 -0.997157 0.0293197 -0.0694144 110.915 
-0.0707639 0.0438379 0.996529 21.15 0.028412 0.998717 -0.0419165 -4.36387 -0.997088 0.0253472 -0.0719187 110.907 
-0.072069 0.039194 0.996629 21.9979 0.0270965 0.998936 -0.0373252 -4.42634 -0.997032 0.0243151 -0.0730543 110.886 
-0.0727598 0.0331593 0.996798 22.8398 0.0242001 0.999212 -0.0314731 -4.48214 -0.997056 0.0218326 -0.0735049 110.839 
-0.0736605 0.0285471 0.996875 23.6935 0.0196003 0.999439 -0.0271722 -4.5037 -0.997091 0.0175375 -0.0741786 110.806 
-0.0723941 0.0264918 0.997024 24.5097 0.0175128 0.999527 -0.0252866 -4.56146 -0.997222 0.0156301 -0.0728238 110.738 
-0.0717128 0.034398 0.996832 25.3564 0.0205346 0.999244 -0.0330039 -4.59035 -0.997214 0.0181027 -0.072365 110.701 
-0.0709784 0.0457121 0.99643 26.2162 0.0221415 0.998775 -0.0442424 -4.61821 -0.997232 0.0189222 -0.0719036 110.666 
-0.0702558 0.0507875 0.996235 27.0349 0.0246999 0.998485 -0.0491603 -4.66288 -0.997223 0.0211531 -0.0714038 110.624 
-0.070264 0.0446984 0.996527 27.9014 0.0249284 0.998762 -0.043041 -4.7228 -0.997217 0.0218176 -0.0712913 110.596 
-0.0694167 0.0378586 0.996869 28.7336 0.0295329 0.99892 -0.03588 -4.76498 -0.997151 0.0269498 -0.0704598 110.551 
-0.0684257 0.0345721 0.997057 29.5603 0.0313909 0.998979 -0.0324844 -4.8169 -0.997162 0.0290757 -0.0694411 110.498 
-0.0696394 0.0355605 0.996938 30.3961 0.0295678 0.998999 -0.0335685 -4.85891 -0.997134 0.0271396 -0.0706211 110.467 
-0.0709134 0.0366325 0.99681 31.1893 0.0272007 0.999025 -0.0347788 -4.89237 -0.997112 0.0246476 -0.0718406 110.437 
-0.0736458 0.037421 0.996582 32.0079 0.0247213 0.999057 -0.035687 -4.92533 -0.996978 0.0220086 -0.0745015 110.408 
-0.0762736 0.0367825 0.996408 32.8102 0.0236015 0.999106 -0.0350753 -4.97953 -0.996808 0.0208414 -0.0770736 110.364 
-0.0758851 0.0380182 0.996392 33.5704 0.0250461 0.99903 -0.0362113 -5.02848 -0.996802 0.0222078 -0.0767637 110.288 
-0.0780082 0.0387502 0.996199 34.3869 0.0232965 0.999042 -0.0370365 -5.06308 -0.996681 0.0203188 -0.0788362 110.25 
-0.0800514 0.0380484 0.996064 35.1546 0.0217709 0.9991 -0.0364147 -5.10734 -0.996553 0.0187702 -0.0808076 110.198 
-0.0819379 0.0368417 0.995956 35.9499 0.0232201 0.999116 -0.0350482 -5.15826 -0.996367 0.0202544 -0.0827209 110.167 
-0.083137 0.0361099 0.995884 36.7343 0.0222909 0.999161 -0.0343678 -5.21837 -0.996289 0.0193419 -0.0838721 110.111 
-0.0841074 0.037132 0.995765 37.4992 0.0228316 0.999115 -0.0353285 -5.26392 -0.996195 0.0197635 -0.0848808 110.046 
-0.0849226 0.0369397 0.995703 38.2848 0.0227831 0.999123 -0.0351234 -5.31735 -0.996127 0.0197024 -0.0856897 109.993 
-0.0860585 0.0356642 0.995652 39.0685 0.024542 0.999132 -0.0336676 -5.35938 -0.995988 0.0215379 -0.086859 109.935 
-0.0873107 0.0359908 0.995531 39.8368 0.0256122 0.999098 -0.0338734 -5.38939 -0.995852 0.0225402 -0.0881537 109.878 
-0.0885904 0.0348629 0.995458 40.5884 0.0234752 0.999183 -0.0329042 -5.43715 -0.995792 0.0204536 -0.0893364 109.83 
-0.0881959 0.0341553 0.995517 41.3305 0.0221216 0.999233 -0.0323229 -5.47515 -0.995858 0.0191717 -0.0888838 109.759 
-0.0898549 0.0330255 0.995407 42.0741 0.02119 0.999287 -0.0312414 -5.51538 -0.995729 0.0182854 -0.0904906 109.719 
-0.0900886 0.0320612 0.995418 42.7879 0.0217318 0.999307 -0.0302196 -5.55941 -0.995697 0.0189098 -0.0907229 109.664 
-0.0903424 0.0361893 0.995253 43.5127 0.0222752 0.999163 -0.0343095 -5.58225 -0.995662 0.0190699 -0.0910729 109.605 
-0.0906041 0.0388253 0.99513 44.2286 0.0219933 0.999074 -0.0369767 -5.62706 -0.995644 0.0185359 -0.0913741 109.558 
-0.0898962 0.0397685 0.995157 44.9335 0.0199287 0.999074 -0.0381247 -5.67187 -0.995752 0.0164049 -0.0906056 109.495 
-0.0907823 0.0403915 0.995051 45.6041 0.0197592 0.999054 -0.0387512 -5.71816 -0.995675 0.0161435 -0.0914945 109.461 
-0.089677 0.0402318 0.995158 46.3026 0.0219894 0.99902 -0.0384064 -5.75725 -0.995728 0.0184387 -0.0904738 109.388 
-0.0905991 0.0404892 0.995064 46.9941 0.0222516 0.999006 -0.0386236 -5.80187 -0.995639 0.0186425 -0.09141 109.341 
-0.0911328 0.0396076 0.995051 47.6459 0.0183738 0.999106 -0.0380862 -5.85065 -0.995669 0.0148119 -0.091779 109.301 
-0.0916362 0.0398605 0.994994 48.3462 0.01567 0.999133 -0.0385831 -5.89728 -0.995669 0.0120559 -0.0921813 109.261 
-0.0898681 0.0388182 0.995197 48.9813 0.0182943 0.999136 -0.0373197 -5.93932 -0.995786 0.0148526 -0.0905006 109.191 
-0.0904857 0.0371708 0.995204 49.6253 0.0188398 0.999188 -0.0356066 -5.99 -0.99572 0.0155275 -0.0911125 109.149 
-0.0926873 0.0377279 0.99498 50.2497 0.0189116 0.999168 -0.036125 -6.02784 -0.995516 0.0154683 -0.0933237 109.089 
-0.0971051 0.0385185 0.994529 50.93 0.0162152 0.999179 -0.0371154 -6.04842 -0.995142 0.0125223 -0.09765 109.035 
-0.102926 0.0422651 0.993791 51.6048 0.0195859 0.998989 -0.0404576 -6.0913 -0.994496 0.0153001 -0.10365 108.965 
-0.109326 0.0446106 0.993004 52.2645 0.021802 0.99886 -0.0424733 -6.13418 -0.993767 0.017006 -0.110174 108.895 
-0.11634 0.0470873 0.992093 52.92 0.0216316 0.998759 -0.0448669 -6.16081 -0.992974 0.0162407 -0.117214 108.824 
-0.122126 0.0464586 0.991427 53.6106 0.0181058 0.998842 -0.0445757 -6.19859 -0.992349 0.0125067 -0.122826 108.744 
-0.125941 0.0461694 0.990963 54.2831 0.0193464 0.998841 -0.0440776 -6.23488 -0.991849 0.0136204 -0.126688 108.649 
-0.131455 0.0468157 0.990216 54.9811 0.0163229 0.998851 -0.045057 -6.2708 -0.991188 0.0102402 -0.132068 108.59 
-0.135278 0.0456145 0.989757 55.655 0.0132672 0.998934 -0.044224 -6.30462 -0.990719 0.00714882 -0.135739 108.508 
-0.13819 0.0432877 0.989459 56.3611 0.0147661 0.999023 -0.0416438 -6.34129 -0.990296 0.00885572 -0.138694 108.427 
-0.140632 0.0407761 0.989222 57.0735 0.0158134 0.999117 -0.0389358 -6.36264 -0.989936 0.0101673 -0.141152 108.343 
-0.141422 0.0375551 0.989237 57.7805 0.0153229 0.999244 -0.0357444 -6.41285 -0.989831 0.0101029 -0.14189 108.253 
-0.141967 0.0381496 0.989136 58.4844 0.0146036 0.999229 -0.0364428 -6.44443 -0.989764 0.00927125 -0.142414 108.16 
-0.14103 0.0424916 0.989093 59.1915 0.0173295 0.999031 -0.0404476 -6.47386 -0.989854 0.0114362 -0.14163 108.057 
-0.141108 0.0463027 0.988911 59.9288 0.0229783 0.99879 -0.0434864 -6.51372 -0.989728 0.0165872 -0.142001 107.945 
-0.14101 0.0517564 0.988654 60.6839 0.0310043 0.998374 -0.0478431 -6.56905 -0.989523 0.0239062 -0.142386 107.813 
-0.14204 0.0542041 0.988376 61.4507 0.0327432 0.99821 -0.0500378 -6.60111 -0.989319 0.0252552 -0.143561 107.713 
-0.140721 0.0517383 0.988697 62.1783 0.031902 0.998352 -0.0477029 -6.65937 -0.989535 0.0248286 -0.14214 107.616 
-0.139345 0.046782 0.989138 62.9134 0.0323125 0.998566 -0.0426758 -6.70324 -0.989717 0.0260149 -0.140657 107.503 
-0.137022 0.0455944 0.989518 63.6241 0.0358815 0.998513 -0.0410402 -6.74994 -0.989918 0.029882 -0.138454 107.386 
-0.137759 0.0444156 0.98947 64.357 0.0347718 0.998595 -0.0399841 -6.80089 -0.989855 0.0288974 -0.139109 107.282 
-0.138083 0.0464289 0.989332 65.0972 0.0354744 0.998492 -0.0419075 -6.84546 -0.989785 0.0293093 -0.139522 107.169 
-0.14014 0.0483769 0.988949 65.844 0.0358712 0.998398 -0.0437559 -6.87181 -0.989482 0.0293428 -0.141651 107.093 
-0.141044 0.0486177 0.988809 66.6286 0.0377509 0.998331 -0.0437011 -6.92596 -0.989283 0.0311646 -0.142644 106.96 
-0.141512 0.0498061 0.988683 67.3733 0.0392544 0.99823 -0.0446685 -6.97283 -0.989158 0.032489 -0.143217 106.848 
-0.142827 0.049487 0.98851 68.1058 0.0398357 0.998227 -0.0442177 -7.02849 -0.988946 0.0330625 -0.144545 106.75 
-0.14556 0.0497383 0.988098 68.8667 0.035501 0.998355 -0.0450248 -7.06565 -0.988712 0.0285247 -0.147087 106.672 
-0.145546 0.0511049 0.988031 69.6192 0.0353014 0.998297 -0.0464357 -7.10881 -0.988721 0.0281203 -0.147103 106.558 
-0.145806 0.0518093 0.987956 70.3524 0.0332031 0.998322 -0.0474526 -7.14726 -0.988756 0.0258843 -0.147281 106.448 
-0.147641 0.0527177 0.987635 71.0894 0.0322439 0.998304 -0.0484671 -7.16724 -0.988515 0.0246894 -0.149091 106.367 
-0.148364 0.0504391 0.987646 71.8515 0.0331144 0.998392 -0.0460134 -7.22863 -0.988378 0.0258785 -0.149796 106.263 
-0.14851 0.0483571 0.987728 72.6227 0.0315905 0.998526 -0.0441359 -7.27841 -0.988406 0.0246482 -0.149819 106.148 
-0.150896 0.0451517 0.987518 73.3727 0.0276181 0.998759 -0.0414455 -7.33694 -0.988164 0.0210194 -0.151956 106.063 
-0.152493 0.0446419 0.987296 74.1427 0.0293583 0.998743 -0.0406249 -7.39213 -0.987868 0.0227903 -0.153612 105.954 
-0.153381 0.0454296 0.987122 74.9234 0.0309443 0.998674 -0.0411529 -7.44335 -0.987683 0.0242337 -0.154583 105.819 
-0.155274 0.0467446 0.986765 75.7086 0.0310312 0.998618 -0.0424231 -7.488 -0.987384 0.0240333 -0.15651 105.709 
-0.157459 0.0516739 0.986173 76.5103 0.0319801 0.998373 -0.047207 -7.52281 -0.987008 0.0241047 -0.158856 105.603 
-0.158099 0.0549642 0.985892 77.3088 0.0344449 0.998149 -0.0501238 -7.58875 -0.986822 0.0260344 -0.1597 105.5 
-0.15891 0.059586 0.985493 78.1289 0.0361479 0.997859 -0.0545048 -7.63242 -0.986631 0.0269622 -0.160723 105.38 
-0.158949 0.0600184 0.985461 78.9631 0.0393919 0.997741 -0.0544126 -7.70481 -0.986501 0.0301703 -0.160954 105.274 
-0.157386 0.0592909 0.985756 79.7641 0.0428309 0.997667 -0.0531689 -7.76395 -0.986608 0.0338528 -0.159558 105.138 
-0.157906 0.0568063 0.985819 80.6013 0.0429564 0.997794 -0.0506157 -7.82405 -0.986519 0.0343546 -0.159998 105.02 
-0.156748 0.0558713 0.986057 81.4511 0.0423927 0.997859 -0.049801 -7.86617 -0.986728 0.0339954 -0.158781 104.889 
-0.154565 0.0539309 0.98651 82.2829 0.0410833 0.997996 -0.0481219 -7.91382 -0.987128 0.0330911 -0.156471 104.756 
-0.153672 0.0506298 0.986824 83.1457 0.0421164 0.998115 -0.0446505 -7.97822 -0.987224 0.0347 -0.155514 104.654 
-0.152996 0.0473222 0.987093 83.9905 0.041481 0.99828 -0.0414291 -8.02826 -0.987356 0.0346071 -0.154696 104.555 
-0.150922 0.0471949 0.987418 84.84 0.0400932 0.99833 -0.0415883 -8.08907 -0.987732 0.0333122 -0.152563 104.44 
-0.150915 0.051354 0.987212 85.672 0.0421316 0.998077 -0.0454785 -8.14748 -0.987649 0.0347295 -0.152788 104.369 
-0.149624 0.0576389 0.987062 86.5832 0.0417613 0.997777 -0.0519342 -8.20614 -0.987861 0.0334503 -0.151698 104.261 
-0.147273 0.0608437 0.987223 87.4068 0.0418975 0.997594 -0.0552327 -8.28507 -0.988208 0.0332279 -0.149468 104.146 
-0.146734 0.0581007 0.987468 88.3255 0.0394405 0.997823 -0.0528492 -8.3685 -0.988389 0.0311914 -0.148706 104.029 
-0.143939 0.0550185 0.988056 89.0841 0.0404929 0.997945 -0.0496701 -8.44293 -0.988758 0.0328598 -0.145871 103.9 
-0.142985 0.0541528 0.988242 89.9222 0.043081 0.997896 -0.0484485 -8.49303 -0.988787 0.035647 -0.145017 103.794 
-0.142174 0.05426 0.988353 90.7918 0.0420142 0.997927 -0.0487419 -8.5436 -0.98895 0.034595 -0.144159 103.695 
-0.140577 0.0546808 0.988559 91.646 0.0427252 0.997879 -0.0491205 -8.60804 -0.989147 0.0353311 -0.142615 103.571 
-0.139783 0.0524862 0.98879 92.5245 0.0451385 0.997894 -0.0465883 -8.6716 -0.989153 0.0381202 -0.141858 103.455 
-0.137408 0.0519156 0.989153 93.3713 0.047917 0.997805 -0.0457133 -8.73344 -0.989355 0.0411159 -0.139594 103.338 
-0.13664 0.0527866 0.989213 94.1895 0.0501864 0.997666 -0.0463053 -8.80165 -0.989349 0.0433179 -0.13897 103.238 
-0.134895 0.0541553 0.989379 95.048 0.0510128 0.997561 -0.0476478 -8.87061 -0.989546 0.0440436 -0.137329 103.119 
-0.133956 0.0555908 0.989427 95.9165 0.0482864 0.997606 -0.0495129 -8.93297 -0.98981 0.0411433 -0.136319 103.016 
-0.132678 0.0521672 0.989785 96.7557 0.0437781 0.997948 -0.046729 -8.97222 -0.990192 0.037131 -0.134689 102.915 
-0.132419 0.0492844 0.989968 97.6277 0.0396451 0.998227 -0.0443926 -9.04926 -0.990401 0.0333689 -0.134138 102.804 
-0.133909 0.0489886 0.989782 98.472 0.0357705 0.998366 -0.044574 -9.12035 -0.990348 0.0294361 -0.135442 102.718 
-0.135633 0.054 0.989287 99.3154 0.0331206 0.998203 -0.0499458 -9.17157 -0.990205 0.0259914 -0.137177 102.633 
-0.13509 0.0558886 0.989256 100.145 0.0328699 0.998111 -0.0519002 -9.24278 -0.990288 0.0255056 -0.136671 102.514 
-0.135362 0.0559034 0.989218 100.984 0.0337688 0.998087 -0.0517838 -9.31151 -0.990221 0.0263952 -0.13699 102.407 
-0.135599 0.0544945 0.989264 101.82 0.0344293 0.998142 -0.0502642 -9.3817 -0.990165 0.0272439 -0.137224 102.298 
-0.136366 0.0563417 0.989055 102.659 0.0362487 0.997997 -0.0518533 -9.42699 -0.989995 0.0287809 -0.138135 102.197 
-0.137611 0.0596692 0.988687 103.485 0.0387525 0.997744 -0.0548219 -9.49345 -0.989728 0.03077 -0.139613 102.118 
-0.138108 0.0615882 0.988501 104.314 0.037635 0.99767 -0.0569013 -9.53951 -0.989702 0.0293437 -0.140104 102.014 
-0.137844 0.060922 0.988579 105.073 0.0363081 0.997747 -0.0564242 -9.61437 -0.989788 0.0281157 -0.139746 101.896 
-0.141991 0.0598652 0.988056 105.896 0.0343316 0.997867 -0.0555259 -9.67995 -0.989272 0.0260374 -0.143743 101.833 
-0.144187 0.0594823 0.987761 106.666 0.0342846 0.997893 -0.0550878 -9.75796 -0.988956 0.025922 -0.145923 101.722 
-0.150322 0.0626361 0.986651 107.482 0.0339665 0.997729 -0.0581643 -9.81686 -0.988053 0.0247697 -0.152109 101.655 
-0.153513 0.0642739 0.986054 108.282 0.0325504 0.99767 -0.0599634 -9.87326 -0.98761 0.0228913 -0.155247 101.553 
-0.157147 0.0650419 0.985431 109.067 0.0329158 0.997619 -0.0605973 -9.92532 -0.987027 0.0229135 -0.158914 101.45 
-0.160883 0.0627772 0.984975 109.841 0.0331671 0.997755 -0.0581743 -9.99653 -0.986416 0.0233095 -0.162604 101.34 
-0.162336 0.0629514 0.984725 110.613 0.035481 0.99769 -0.0579309 -10.0718 -0.986097 0.0255348 -0.164194 101.214 
-0.164756 0.067919 0.983993 111.39 0.0309379 0.997491 -0.0636706 -10.1268 -0.985849 0.0199525 -0.166444 101.107 
-0.166761 0.0740859 0.98321 112.139 0.0272364 0.997139 -0.0705158 -10.1956 -0.985621 0.0150198 -0.168301 100.997 
-0.168541 0.0776467 0.982632 112.906 0.0315934 0.996806 -0.0733478 -10.2495 -0.985188 0.0186825 -0.170456 100.865 
-0.171226 0.0763447 0.982269 113.671 0.0337689 0.996862 -0.0715923 -10.3116 -0.984653 0.0209117 -0.173267 100.74 
-0.173724 0.0688221 0.982387 114.444 0.0312549 0.997438 -0.0643494 -10.3729 -0.984298 0.0195253 -0.17543 100.61 
-0.177346 0.067981 0.981798 115.223 0.0297952 0.997525 -0.0636879 -10.4244 -0.983697 0.0179581 -0.178933 100.51 
-0.177953 0.0711785 0.981461 115.96 0.0298256 0.997312 -0.0669202 -10.4868 -0.983587 0.0173641 -0.179597 100.375 
-0.181089 0.074224 0.980662 116.711 0.0274469 0.997141 -0.0704029 -10.5539 -0.983084 0.014167 -0.182608 100.253 
-0.184331 0.0764828 0.979884 117.449 0.0255605 0.997004 -0.0730106 -10.6171 -0.982532 0.0115882 -0.185734 100.132 
-0.186259 0.0810032 0.979156 118.187 0.0286317 0.99662 -0.0770015 -10.6874 -0.982084 0.0136927 -0.187948 100.003 
-0.187959 0.0854447 0.978453 118.935 0.0293636 0.996252 -0.0813583 -10.7559 -0.981738 0.0134388 -0.189764 99.8744 
-0.191009 0.0883473 0.977604 119.7 0.0278101 0.996029 -0.0845786 -10.818 -0.981194 0.011032 -0.192707 99.7513 
-0.194211 0.0868426 0.977108 120.435 0.028426 0.996154 -0.0828853 -10.8794 -0.980548 0.011678 -0.195933 99.6294 
-0.1974 0.0837936 0.976735 121.174 0.0332198 0.99634 -0.0787617 -10.9428 -0.97976 0.0168994 -0.199461 99.4922 
-0.203812 0.0814872 0.975613 121.911 0.0362153 0.996476 -0.0756641 -11.0316 -0.97834 0.0199108 -0.206045 99.3531 
-0.212077 0.0823484 0.973777 122.644 0.0351342 0.996442 -0.0766132 -11.0689 -0.976621 0.017965 -0.214216 99.2499 
-0.220734 0.0830506 0.971792 123.368 0.0352174 0.996397 -0.0771541 -11.1426 -0.974698 0.0171935 -0.222863 99.0987 
-0.231265 0.083695 0.969284 124.088 0.0356082 0.996353 -0.0775365 -11.2082 -0.972239 0.016583 -0.233402 98.933 
-0.241769 0.0851206 0.966593 124.781 0.0376506 0.996218 -0.0783121 -11.2677 -0.969603 0.0174594 -0.244059 98.7493 
-0.255304 0.087526 0.962891 125.488 0.0398723 0.996 -0.0799637 -11.3246 -0.966038 0.0179776 -0.257773 98.5896 
-0.268636 0.0870551 0.9593 126.175 0.0426989 0.996005 -0.0784289 -11.4042 -0.962295 0.0198923 -0.271279 98.4239 
-0.281579 0.0874496 0.955545 126.895 0.0466368 0.995909 -0.0774007 -11.4665 -0.958404 0.0227691 -0.284505 98.247 
-0.290443 0.0885428 0.952787 127.587 0.0526431 0.99568 -0.0764814 -11.5226 -0.955443 0.0279442 -0.293849 98.0298 
-0.298515 0.0892007 0.950228 128.251 0.0584199 0.995464 -0.0750945 -11.5893 -0.952615 0.0330954 -0.302371 97.8103 
-0.307179 0.0893033 0.947452 128.936 0.0639468 0.995274 -0.0730781 -11.6539 -0.949501 0.0381385 -0.311438 97.6102 
-0.313851 0.0886722 0.945322 129.644 0.0635597 0.995358 -0.0722635 -11.7224 -0.947342 0.0374044 -0.318031 97.3816 
-0.316427 0.0870526 0.944614 130.34 0.0668822 0.99535 -0.069324 -11.7862 -0.946256 0.0412418 -0.320778 97.1292 
-0.319253 0.0841046 0.94393 131.037 0.0733899 0.995257 -0.0638561 -11.8494 -0.944824 0.0488887 -0.323911 96.9108 
-0.318801 0.0830769 0.944174 131.686 0.0806206 0.994918 -0.0603202 -11.909 -0.944387 0.0568898 -0.323878 96.6782 
-0.320513 0.0815989 0.943723 132.341 0.0828123 0.994882 -0.0578971 -11.9713 -0.943617 0.0595951 -0.32563 96.4837 
-0.318762 0.0865898 0.943871 132.998 0.0839632 0.994483 -0.062877 -12.0171 -0.944109 0.0592077 -0.324274 96.2447 
-0.316668 0.0897946 0.944277 133.663 0.0844514 0.994225 -0.0662231 -12.0796 -0.94477 0.0587747 -0.322422 96.0125 
-0.317832 0.0911441 0.943756 134.311 0.0880237 0.993907 -0.0663434 -12.1203 -0.944052 0.0619869 -0.323918 95.8376 
-0.317083 0.0897663 0.94414 134.963 0.0884107 0.993973 -0.0648121 -12.1705 -0.944268 0.0629212 -0.323109 95.628 
-0.316048 0.0864446 0.944797 135.587 0.089381 0.994124 -0.0610586 -12.2398 -0.944524 0.0651494 -0.321917 95.4381 
-0.314891 0.0878914 0.94505 136.223 0.089291 0.99403 -0.0626949 -12.2876 -0.944918 0.0646423 -0.320859 95.2367 
-0.312102 0.0906259 0.945716 136.827 0.0908223 0.993727 -0.0652537 -12.3348 -0.945697 0.0655262 -0.318375 95.0305 
-0.306877 0.0927588 0.947218 137.452 0.0913256 0.993517 -0.0677053 -12.3894 -0.947358 0.0657281 -0.313358 94.8236 
-0.301692 0.0922818 0.948929 138.079 0.0927449 0.993425 -0.0671227 -12.4424 -0.948884 0.067758 -0.308267 94.6404 
-0.298502 0.0897472 0.95018 138.7 0.0931692 0.993554 -0.0645746 -12.5031 -0.949851 0.0692518 -0.304939 94.4767 
-0.295632 0.0872087 0.951313 139.318 0.0900139 0.993937 -0.0631432 -12.5734 -0.951052 0.0669642 -0.30169 94.3179 
-0.289091 0.0881616 0.953234 139.959 0.0967872 0.99334 -0.0625178 -12.6 -0.952396 0.0741875 -0.295698 94.1188 
-0.28476 0.0850346 0.95482 140.557 0.0944286 0.993702 -0.0603355 -12.6714 -0.953936 0.0729811 -0.290997 93.9331 
-0.280757 0.0849661 0.956011 141.17 0.0969977 0.993486 -0.0598109 -12.7111 -0.954865 0.0759385 -0.28717 93.7533 
-0.276487 0.0829837 0.957428 141.751 0.102356 0.993141 -0.0565205 -12.7813 -0.955551 0.0823716 -0.283084 93.5822 
-0.273354 0.0827109 0.958351 142.362 0.102512 0.993128 -0.0564725 -12.8247 -0.956436 0.0828054 -0.279954 93.4244 
-0.269415 0.084441 0.959315 142.913 0.102037 0.993044 -0.0587536 -12.8706 -0.957603 0.0820569 -0.276157 93.2813 
-0.265427 0.0884212 0.960068 143.534 0.103162 0.992674 -0.0629032 -12.9179 -0.958596 0.0823466 -0.272604 93.1161 
-0.258658 0.0912198 0.961652 144.097 0.104792 0.992306 -0.0659413 -12.9707 -0.960268 0.0837172 -0.266227 92.9597 
-0.252167 0.0913929 0.963358 144.667 0.103104 0.992401 -0.0671597 -13.0197 -0.962175 0.0823906 -0.259674 92.8267 
-0.243946 0.0898142 0.965621 145.254 0.0986896 0.992832 -0.0674131 -13.0684 -0.964754 0.0788516 -0.251061 92.699 
-0.233139 0.0881901 0.968436 145.83 0.0980382 0.992937 -0.0668197 -13.122 -0.967489 0.0793654 -0.240139 92.5638 
-0.220808 0.0862762 0.971494 146.408 0.0985412 0.992956 -0.065785 -13.1786 -0.970326 0.0812063 -0.227755 92.4453 
