1 2.12261e-08 -2.11895e-08 0 2.12261e-08 1 2.10703e-08 0 -2.11895e-08 2.10703e-08 1 0 
0.999994 0.00278667 0.0019987 -0.0390333 -0.00278516 0.999996 -0.000740109 -0.0163576 -0.00200079 0.00073458 0.999998 1.18117 
0.999993 0.00236155 0.00307402 -0.0526224 -0.00235575 0.999996 -0.00187779 -0.0116111 -0.00307848 0.00187058 0.999994 2.37901 
0.999993 0.00152053 0.00330842 -0.051145 -0.00151246 0.999996 -0.00242573 -0.0188262 -0.00331214 0.00242075 0.999992 3.60961 
0.999988 0.00260419 0.00422693 -0.0681265 -0.00259851 0.999996 -0.00133845 -0.0539376 -0.00423044 0.00132749 0.99999 4.86136 
0.999982 -0.000210818 0.00596646 -0.096366 0.000218435 0.999999 -0.00126888 -0.0908132 -0.00596623 0.0012702 0.999981 6.07252 
0.999984 0.00183898 0.00536297 -0.0710477 -0.0018284 0.999996 -0.00196978 -0.107406 -0.00536661 0.00195998 0.999984 7.33765 
0.999988 0.000334974 0.00487257 -0.0736069 -0.000318859 0.999995 -0.00329894 -0.126882 -0.00487369 0.00329739 0.999983 8.56649 
0.999993 -0.00089707 0.00374938 -0.0689386 0.000905526 0.999997 -0.00224298 -0.154658 -0.0037474 0.0022464 0.99999 9.71653 
0.999995 -0.00102921 0.00295056 -0.106375 0.00103136 0.999999 -0.000712728 -0.177627 -0.00294987 0.00071581 0.999995 10.9151 
0.999996 -0.00243821 -0.0012386 -0.112214 0.0024355 0.999995 -0.00222218 -0.176229 0.00124397 0.00221919 0.999997 12.102 
0.999977 -0.00316124 -0.00593511 -0.0909063 0.00315779 0.999995 -0.000597029 -0.226085 0.00593692 0.000578316 0.999982 13.2898 
0.999973 -0.00328047 -0.00661786 -0.14947 0.00327129 0.999994 -0.00140362 -0.233394 0.00662238 0.00138198 0.999977 14.4466 
0.999947 -0.00286408 -0.0098669 -0.137432 0.00285061 0.999995 -0.00138343 -0.260131 0.00987077 0.00135527 0.99995 15.6078 
0.999931 -0.00244072 -0.0114934 -0.153555 0.00241449 0.999994 -0.00229949 -0.268071 0.0114989 0.00227162 0.999931 16.8287 
0.999901 -0.00544588 -0.013007 -0.177401 0.00543222 0.999985 -0.00108797 -0.301237 0.0130127 0.00101725 0.999915 18.009 
0.999891 -0.00490964 -0.0138964 -0.189106 0.00490181 0.999988 -0.000600158 -0.34305 0.0138992 0.000532017 0.999903 19.2185 
0.999868 -0.00457425 -0.0156083 -0.205842 0.00456688 0.999989 -0.000510409 -0.388049 0.0156104 0.000439103 0.999878 20.4371 
0.999866 -0.0031164 -0.0160663 -0.261583 0.00309992 0.999995 -0.00105325 -0.388536 0.0160694 0.00100335 0.99987 21.5643 
0.999852 -0.00269545 -0.0169878 -0.308364 0.00266652 0.999995 -0.00172765 -0.388665 0.0169924 0.00168214 0.999854 22.7176 
0.99983 -0.00425054 -0.0179361 -0.355056 0.00420482 0.999988 -0.00258828 -0.424338 0.0179469 0.00251247 0.999836 23.8833 
0.99982 -0.00461293 -0.0184002 -0.407198 0.00456436 0.999986 -0.00268302 -0.455558 0.0184123 0.00259859 0.999827 25.0975 
0.999803 -0.00502361 -0.0191926 -0.464541 0.00499858 0.999987 -0.00135377 -0.481553 0.0191991 0.00125761 0.999815 26.2443 
0.999786 -0.00674931 -0.0195393 -0.530358 0.00676909 0.999977 0.000944236 -0.522698 0.0195324 -0.00107625 0.999809 27.4017 
0.999804 -0.00569263 -0.0189618 -0.606438 0.00569272 0.999984 -5.14069e-05 -0.526905 0.0189617 -5.65046e-05 0.99982 28.5966 
0.999795 -0.00690512 -0.0190313 -0.64907 0.00689442 0.999976 -0.00062993 -0.561357 0.0190352 0.000498633 0.999819 29.7888 
0.999783 -0.00862178 -0.0189851 -0.708137 0.00861701 0.999963 -0.000335578 -0.595526 0.0189873 0.000171953 0.99982 30.9505 
0.999794 -0.00816094 -0.0185744 -0.795386 0.00818968 0.999965 0.00146965 -0.640163 0.0185617 -0.00162142 0.999826 32.1981 
0.999814 -0.00807591 -0.0175334 -0.865157 0.00812519 0.999963 0.00273841 -0.658382 0.0175106 -0.00288032 0.999843 33.3967 
0.999816 -0.00767474 -0.017575 -0.895083 0.00775942 0.999959 0.0047527 -0.705462 0.0175377 -0.00488815 0.999834 34.5412 
0.999793 -0.00764792 -0.0188344 -0.935621 0.00772996 0.999961 0.00428462 -0.701248 0.0188009 -0.00442928 0.999813 35.7438 
0.999759 -0.00893688 -0.0200396 -0.979435 0.00899155 0.999956 0.00263714 -0.683353 0.0200151 -0.00281665 0.999796 37.0627 
0.99969 -0.012571 -0.0214957 -1.01679 0.0127029 0.999901 0.00600907 -0.778437 0.021418 -0.00628022 0.999751 38.2017 
0.999711 -0.0115337 -0.0210874 -1.05165 0.0116494 0.999918 0.00536811 -0.759054 0.0210237 -0.00561217 0.999763 39.4207 
0.999753 -0.0113758 -0.019097 -1.17678 0.0115133 0.999909 0.00710639 -0.791964 0.0190143 -0.00732446 0.999792 40.5701 
0.999763 -0.0111319 -0.0186852 -1.23297 0.0112878 0.999902 0.00825942 -0.825923 0.0185914 -0.00846834 0.999791 41.7227 
0.9998 -0.00964887 -0.0175195 -1.29521 0.00978309 0.999923 0.00758963 -0.826443 0.0174449 -0.00775946 0.999818 42.9008 
0.999811 -0.00574618 -0.0185997 -1.32654 0.00593223 0.999933 0.00996112 -0.848681 0.0185411 -0.0100695 0.999777 44.0989 
0.999777 -0.0082559 -0.0194549 -1.32613 0.00850747 0.999881 0.0128819 -0.869272 0.0193462 -0.0130445 0.999728 45.2945 
0.999826 -0.00634939 -0.0175683 -1.38429 0.00659477 0.999881 0.0139424 -0.859659 0.0174776 -0.0140557 0.999748 46.5155 
0.999859 -0.00544155 -0.0158603 -1.43321 0.00573439 0.999813 0.0184748 -0.866669 0.0157568 -0.0185631 0.999704 47.7136 
0.999853 -0.00789278 -0.0152275 -1.46772 0.008206 0.999754 0.0206153 -0.892305 0.015061 -0.0207372 0.999672 48.8931 
0.999823 -0.0104531 -0.0156253 -1.43323 0.0107553 0.999754 0.0193755 -0.899792 0.0154189 -0.0195401 0.99969 50.1898 
0.99986 -0.00768614 -0.0148698 -1.4634 0.00793781 0.999825 0.016938 -0.880996 0.014737 -0.0170537 0.999746 51.4181 
0.999879 -0.00554745 -0.0145539 -1.49687 0.00578029 0.999855 0.0160025 -0.865571 0.014463 -0.0160846 0.999766 52.612 
0.99987 -0.00662305 -0.0146737 -1.55481 0.00685737 0.999849 0.0159735 -0.887346 0.0145657 -0.016072 0.999765 53.7499 
0.999829 -0.00808487 -0.0166191 -1.57947 0.00832987 0.999857 0.0147236 -0.897357 0.0164977 -0.0148594 0.999754 54.9729 
0.999787 -0.00807051 -0.0189894 -1.63157 0.00835078 0.999857 0.0147242 -0.910909 0.0188679 -0.0148796 0.999711 56.1569 
0.99971 -0.0113487 -0.0212564 -1.67078 0.0116863 0.999807 0.0158237 -0.914364 0.0210727 -0.0160675 0.999649 57.3144 
0.999678 -0.0105944 -0.0230534 -1.72115 0.0109758 0.999804 0.0164828 -0.930329 0.0228742 -0.0167305 0.999598 58.4871 
0.999738 -0.00860707 -0.0212253 -1.80487 0.00893248 0.999843 0.0152824 -0.92314 0.0210904 -0.0154679 0.999658 59.757 
0.999784 -0.00829155 -0.0190617 -1.88849 0.00855151 0.999871 0.0135946 -0.893769 0.0189465 -0.0137547 0.999726 61.0404 
0.999796 -0.0075087 -0.0187752 -1.95107 0.00774871 0.999889 0.0127411 -0.890122 0.0186774 -0.012884 0.999743 62.2595 
0.999758 -0.00985794 -0.0196814 -1.98058 0.0100784 0.999887 0.0111317 -0.899809 0.0195694 -0.0113273 0.999744 63.4871 
0.99976 -0.00752413 -0.0205837 -1.99876 0.00778223 0.999892 0.0124857 -0.884519 0.0204875 -0.0126429 0.99971 64.7234 
0.999773 -0.00794964 -0.0197944 -2.08359 0.0082049 0.999884 0.0128459 -0.870724 0.0196899 -0.0130054 0.999722 65.8705 
0.999776 -0.00682182 -0.0200362 -2.12074 0.00707746 0.999894 0.0127138 -0.891544 0.0199473 -0.0128527 0.999718 66.9991 
0.999793 -0.00609021 -0.0194153 -2.18298 0.00634301 0.999896 0.0129837 -0.919527 0.0193342 -0.0131041 0.999727 68.2154 
0.999824 -0.00521792 -0.0180114 -2.25832 0.00547848 0.999881 0.0144453 -0.971317 0.0179338 -0.0145414 0.999733 69.4502 
0.999852 -0.00299739 -0.0169471 -2.32085 0.00323209 0.999899 0.0138359 -0.96612 0.0169039 -0.0138886 0.999761 70.6194 
0.99983 -0.0031844 -0.018139 -2.35348 0.00344695 0.99989 0.0144591 -0.978103 0.0180909 -0.0145192 0.999731 71.7974 
0.999851 -0.0027151 -0.0170392 -2.38211 0.00297334 0.999881 0.0151463 -0.990148 0.016996 -0.0151947 0.99974 73.0181 
0.999877 -0.00192603 -0.0155653 -2.40536 0.00217053 0.999874 0.0157036 -0.997303 0.015533 -0.0157354 0.999756 74.1904 
0.999907 -0.00400774 -0.0130138 -2.44597 0.00418779 0.999896 0.0138341 -1.00391 0.012957 -0.0138873 0.99982 75.3784 
0.99995 -0.00581312 -0.0080874 -2.49515 0.00589098 0.999936 0.00963212 -1.02176 0.00803085 -0.00967924 0.999921 76.57 
0.999975 -0.00573914 -0.00421799 -2.54658 0.00577279 0.999951 0.00799956 -1.01542 0.00417183 -0.00802367 0.999959 77.7699 
0.999981 -0.00590304 -0.00164253 -2.56852 0.00592143 0.999918 0.0113964 -1.03631 0.00157508 -0.0114058 0.999934 78.9376 
0.999961 -0.00771046 0.00430443 -2.64654 0.00765188 0.99988 0.0134745 -1.0561 -0.00440785 -0.013441 0.9999 79.9573 
0.999928 -0.00756793 0.00929895 -2.65743 0.00746215 0.999908 0.0113625 -1.05993 -0.00938412 -0.0112923 0.999892 81.042 
0.999855 -0.00779456 0.0151339 -2.69001 0.00767186 0.999937 0.00815172 -1.05466 -0.0151965 -0.00803439 0.999852 82.1552 
0.999767 -0.00947072 0.0193871 -2.71246 0.00935733 0.999939 0.0059333 -1.12393 -0.0194422 -0.00575047 0.999794 83.3974 
0.99962 -0.0133927 0.0240863 -2.77504 0.0132644 0.999897 0.00547732 -1.10058 -0.0241573 -0.0051557 0.999695 84.5814 
0.99949 -0.0105068 0.030173 -2.80459 0.0103027 0.999923 0.00691125 -1.13439 -0.0302433 -0.00659681 0.999521 85.7035 
0.999356 -0.0107613 0.0342197 -2.80312 0.0105224 0.999919 0.00715265 -1.14683 -0.034294 -0.00678793 0.999389 86.9161 
0.99916 -0.0104757 0.0396238 -2.8144 0.0102755 0.999933 0.00525397 -1.15899 -0.0396762 -0.00484236 0.999201 88.0503 
0.998992 -0.011144 0.04348 -2.80015 0.0109977 0.999933 0.00360292 -1.18589 -0.0435173 -0.00312106 0.999048 89.2358 
0.99887 -0.00920181 0.0466375 -2.7668 0.00904371 0.999953 0.00360089 -1.20257 -0.0466684 -0.003175 0.998905 90.4876 
0.998716 -0.00842602 0.0499611 -2.75208 0.00821128 0.999956 0.00450277 -1.21716 -0.0499969 -0.00408671 0.998741 91.593 
0.998644 -0.00799591 0.0514477 -2.68573 0.00772901 0.999956 0.00538534 -1.22579 -0.0514885 -0.00498035 0.998661 92.7856 
0.998488 -0.00851471 0.0543034 -2.62717 0.00816882 0.999945 0.00658915 -1.23176 -0.0543565 -0.00613555 0.998503 93.9789 
0.998348 -0.0051656 0.0572213 -2.5843 0.00473307 0.999959 0.00769254 -1.27761 -0.0572587 -0.00740896 0.998332 95.1231 
0.998132 -0.00582823 0.06082 -2.62066 0.00553967 0.999973 0.0049127 -1.25803 -0.060847 -0.00456655 0.998137 96.3903 
0.997875 -0.00648599 0.0648379 -2.60595 0.00644819 0.999979 0.000792869 -1.24652 -0.0648417 -0.000373055 0.997896 97.6956 
0.997876 -0.00878021 0.0645457 -2.46568 0.00883784 0.999961 -0.000606675 -1.31253 -0.0645379 0.00117587 0.997915 98.9006 
0.997636 -0.00506202 0.0685391 -2.51071 0.00525752 0.999983 -0.0026718 -1.29534 -0.0685244 0.00302587 0.997645 100.08 
0.997244 0.00069861 0.0741927 -2.6233 -0.000251289 0.999982 -0.00603774 -1.22023 -0.0741956 0.00600249 0.997226 101.396 
0.997091 0.00137095 0.0762045 -2.68454 -0.00103142 0.999989 -0.00449415 -1.25617 -0.0762099 0.00440251 0.997082 102.473 
0.99706 0.00142171 0.0766158 -2.68075 -0.00115187 0.999993 -0.00356554 -1.27323 -0.0766204 0.00346684 0.997054 103.612 
0.997162 0.00310557 0.075224 -2.63761 -0.00297657 0.999994 -0.00182631 -1.33547 -0.0752292 0.00159726 0.997165 104.786 
0.997145 0.0045629 0.0753741 -2.66697 -0.00439594 0.999988 -0.00238026 -1.33154 -0.0753841 0.00204217 0.997153 105.956 
0.997358 0.00538239 0.0724404 -2.60868 -0.0051738 0.999982 -0.00306611 -1.34884 -0.0724557 0.00268326 0.997368 107.196 
0.997545 0.00685926 0.069689 -2.57202 -0.00661874 0.999971 -0.00368101 -1.372 -0.0697123 0.00321076 0.997562 108.358 
0.997785 0.0074807 0.0661054 -2.51803 -0.00727212 0.999968 -0.00339464 -1.37985 -0.0661287 0.00290643 0.997807 109.64 
0.998021 0.00738863 0.0624478 -2.48065 -0.00724726 0.999971 -0.00248932 -1.41272 -0.0624644 0.00203186 0.998045 110.838 
0.998136 0.00872717 0.060398 -2.51219 -0.00858131 0.99996 -0.00267326 -1.42684 -0.0604189 0.00215003 0.998171 112.021 
0.998328 0.00867701 0.0571544 -2.48039 -0.00860819 0.999962 -0.0014494 -1.45737 -0.0571648 0.000955026 0.998364 113.219 
0.998545 0.00904515 0.0531646 -2.44697 -0.00892972 0.999957 -0.00240747 -1.46426 -0.0531842 0.00192926 0.998583 114.417 
0.99862 0.00964135 0.0516308 -2.51248 -0.00954576 0.999952 -0.00209701 -1.50475 -0.0516486 0.0016013 0.998664 115.561 
0.998645 0.0134802 0.0502628 -2.55409 -0.0133736 0.999908 -0.00245652 -1.54082 -0.0502913 0.00178103 0.998733 116.7 
0.998865 0.0143968 0.0454074 -2.50904 -0.01424 0.999892 -0.00377443 -1.55598 -0.0454568 0.00312359 0.998961 117.978 
0.998971 0.0165352 0.0422297 -2.48964 -0.0163669 0.999857 -0.00432716 -1.56585 -0.0422953 0.00363158 0.999099 119.226 
0.998965 0.016227 0.0424881 -2.53295 -0.0161128 0.999866 -0.0030283 -1.61719 -0.0425316 0.00234061 0.999092 120.404 
0.998894 0.0181436 0.0433762 -2.55752 -0.0179844 0.99983 -0.00405515 -1.62525 -0.0434424 0.00327061 0.999051 121.606 
0.998886 0.0190584 0.0431773 -2.52151 -0.0189404 0.999816 -0.0031401 -1.65861 -0.0432292 0.00231885 0.999063 122.9 
0.998803 0.0222008 0.043595 -2.52413 -0.0221035 0.999752 -0.0027121 -1.66999 -0.0436444 0.0017453 0.999046 124.122 
0.998821 0.0215385 0.0435124 -2.48959 -0.0214925 0.999768 -0.00152202 -1.72063 -0.0435351 0.000585077 0.999052 125.366 
0.998696 0.0251876 0.0444158 -2.51074 -0.0252075 0.999682 -0.000110855 -1.73491 -0.0444045 -0.00100886 0.999013 126.569 
0.998704 0.0254012 0.0441028 -2.49802 -0.0254866 0.999674 0.00137651 -1.71108 -0.0440535 -0.00249872 0.999026 127.874 
0.998772 0.0237672 0.0434703 -2.4517 -0.0238247 0.999716 0.000805762 -1.71576 -0.0434388 -0.0018404 0.999054 129.101 
0.998735 0.0251432 0.0435492 -2.42526 -0.0250966 0.999684 -0.00161746 -1.71008 -0.0435762 0.00052252 0.99905 130.405 
0.998836 0.0218425 0.0430189 -2.40321 -0.021875 0.999761 0.000284091 -1.73415 -0.0430024 -0.00122476 0.999074 131.627 
0.998958 0.019373 0.0413122 -2.37777 -0.0195054 0.999806 0.00280472 -1.76386 -0.0412499 -0.00360757 0.999142 132.91 
0.999071 0.0151578 0.0403329 -2.31715 -0.0153414 0.999873 0.00424614 -1.77493 -0.0402635 -0.00486092 0.999177 134.252 
0.99904 0.0136796 0.0416085 -2.29676 -0.0138413 0.999898 0.00360092 -1.7744 -0.0415551 -0.00417334 0.999128 135.5 
0.999132 0.00894025 0.0406759 -2.24321 -0.00905374 0.999956 0.00260765 -1.80121 -0.0406509 -0.00297362 0.999169 136.742 
0.999119 0.00713913 0.041357 -2.22157 -0.00718474 0.999974 0.000955338 -1.80692 -0.0413491 -0.00125159 0.999144 138.028 
0.999187 0.00490973 0.0400228 -2.16813 -0.00496085 0.999987 0.00117916 -1.84036 -0.0400165 -0.0013767 0.999198 139.34 
0.999157 0.007085 0.0404252 -2.1404 -0.00717993 0.999972 0.00220445 -1.84922 -0.0404085 -0.0024928 0.99918 140.64 
0.999232 0.00276371 0.0390854 -2.06674 -0.00291798 0.999988 0.00389163 -1.88748 -0.0390743 -0.00400265 0.999228 141.991 
0.999205 0.00317401 0.0397436 -2.04711 -0.00338374 0.999981 0.00521203 -1.90543 -0.0397264 -0.00534233 0.999196 143.251 
0.999175 0.00284758 0.0405247 -2.02331 -0.00300034 0.999989 0.00371026 -1.93104 -0.0405137 -0.00382874 0.999172 144.571 
0.999133 0.00275374 0.0415443 -2.00883 -0.00282089 0.999995 0.00155887 -1.94836 -0.0415398 -0.00167467 0.999135 145.847 
0.999114 0.0021425 0.0420441 -1.99948 -0.00214177 0.999998 -6.12834e-05 -1.98305 -0.0420442 -2.87788e-05 0.999116 147.116 
0.99908 0.00228806 0.0428282 -1.97541 -0.00212033 0.99999 -0.00396046 -2.01228 -0.0428369 0.00386605 0.999075 148.362 
0.999105 0.00121555 0.0422872 -1.895 -0.00087002 0.999966 -0.00818743 -2.03879 -0.0422958 0.00814335 0.999072 149.654 
0.999028 0.0013915 0.0440685 -1.86777 -0.00100716 0.999961 -0.00874152 -2.06799 -0.044079 0.00868867 0.99899 150.915 
0.999064 0.0010399 0.043248 -1.83552 -0.000679071 0.999965 -0.00835615 -2.10636 -0.0432552 0.008319 0.999029 152.23 
0.998972 0.00205023 0.045283 -1.82291 -0.00168748 0.999966 -0.00804661 -2.13362 -0.045298 0.00796196 0.998942 153.499 
0.999001 0.00388568 0.0445168 -1.79743 -0.0036028 0.999973 -0.00643188 -2.1734 -0.0445407 0.00626511 0.998988 154.778 
0.999013 0.00452539 0.0441788 -1.76973 -0.00422848 0.999968 -0.00681088 -2.19392 -0.0442082 0.0066174 0.999 156.033 
0.999058 0.00306849 0.0432923 -1.73617 -0.00278154 0.999974 -0.00668586 -2.23184 -0.0433118 0.00655918 0.99904 157.304 
0.999056 0.00259465 0.0433682 -1.71591 -0.00228763 0.999972 -0.00712657 -2.24702 -0.0433855 0.00702067 0.999034 158.593 
0.999085 0.00239699 0.0427042 -1.64675 -0.00215842 0.999982 -0.00563073 -2.2924 -0.0427169 0.00553345 0.999072 159.686 
0.999092 0.00406109 0.0424166 -1.6315 -0.003851 0.99998 -0.00503266 -2.32217 -0.0424362 0.00486479 0.999087 160.966 
0.999172 0.00411723 0.040489 -1.57814 -0.00389311 0.999977 -0.00561145 -2.34939 -0.0405112 0.00544921 0.999164 162.175 
0.999184 0.00738925 0.0397103 -1.55731 -0.00712274 0.999951 -0.00684763 -2.37195 -0.039759 0.00655924 0.999188 163.44 
0.999213 0.00888588 0.0386694 -1.5243 -0.00859225 0.999933 -0.00775184 -2.38175 -0.0387357 0.00741352 0.999222 164.691 
0.999215 0.00992702 0.0383521 -1.51289 -0.00961247 0.999919 -0.00837627 -2.41798 -0.0384321 0.00800108 0.999229 165.959 
0.999329 0.00836266 0.0356631 -1.46455 -0.00803562 0.999924 -0.00930264 -2.45258 -0.0357383 0.00900986 0.999321 167.224 
0.999365 0.00919191 0.034433 -1.44886 -0.00884079 0.999908 -0.0103343 -2.46714 -0.0345249 0.0100233 0.999354 168.465 
0.999419 0.00701183 0.0333565 -1.43819 -0.00673015 0.999941 -0.00854799 -2.5125 -0.0334145 0.00831857 0.999407 169.698 
0.999454 0.00751117 0.0321733 -1.41581 -0.00722506 0.999933 -0.00899836 -2.52586 -0.0322388 0.00876104 0.999442 170.997 
0.999391 0.00980724 0.0334814 -1.45329 -0.00953315 0.99992 -0.00833499 -2.56622 -0.0335605 0.00801077 0.999405 172.238 
0.999384 0.00976341 0.0336994 -1.46352 -0.0094739 0.999917 -0.00873857 -2.59575 -0.0337819 0.00841397 0.999394 173.522 
0.999396 0.00763168 0.0338927 -1.46197 -0.00731 0.999927 -0.00960352 -2.63931 -0.0339635 0.00935001 0.999379 174.772 
0.999397 0.00891152 0.033566 -1.45973 -0.0085766 0.999912 -0.0101075 -2.68221 -0.0336532 0.00981354 0.999385 176.035 
0.999396 0.00866814 0.0336659 -1.45333 -0.00832559 0.999912 -0.0103007 -2.70514 -0.0337523 0.0100142 0.99938 177.31 
0.999355 0.00939598 0.0346633 -1.46074 -0.00896519 0.999881 -0.0125611 -2.72317 -0.0347773 0.0122423 0.99932 178.617 
0.999395 0.00831313 0.033779 -1.42578 -0.00784288 0.999871 -0.0140289 -2.76429 -0.0338913 0.0137555 0.999331 179.887 
0.999397 0.00553096 0.0342724 -1.40885 -0.00504606 0.999886 -0.0142176 -2.79817 -0.0343472 0.0140361 0.999311 181.148 
0.99937 0.0052079 0.0350976 -1.40906 -0.00485165 0.999936 -0.0102267 -2.84397 -0.0351487 0.01005 0.999332 182.432 
0.999354 0.00225573 0.0358727 -1.40598 -0.00204162 0.99998 -0.00600287 -2.8633 -0.0358855 0.00592579 0.999338 183.707 
0.999338 0.0036667 0.0362101 -1.39792 -0.00341111 0.999969 -0.00711675 -2.89264 -0.0362351 0.00698856 0.999319 184.971 
0.999356 0.00213332 0.0358264 -1.38437 -0.00179957 0.999955 -0.00934441 -2.95078 -0.0358447 0.00927396 0.999314 186.193 
0.999409 0.00361257 0.0341846 -1.36284 -0.00320556 0.999923 -0.0119522 -2.98387 -0.0342252 0.0118356 0.999344 187.479 
0.999393 0.00560169 0.0343921 -1.32654 -0.00517641 0.999909 -0.0124408 -2.99575 -0.0344587 0.0122553 0.999331 188.755 
0.999394 0.00358269 0.0346318 -1.30274 -0.00322874 0.999942 -0.0102697 -3.05853 -0.0346666 0.0101517 0.999347 190.051 
0.999379 0.00465834 0.0349361 -1.27343 -0.00434677 0.99995 -0.0089877 -3.07088 -0.0349762 0.00883029 0.999349 191.274 
0.999335 0.00551897 0.0360506 -1.27505 -0.0052508 0.999958 -0.00752788 -3.12297 -0.0360907 0.00733362 0.999322 192.498 
0.999237 0.00620801 0.0385679 -1.26301 -0.00587578 0.999945 -0.00872036 -3.1522 -0.03862 0.00848713 0.999218 193.769 
0.999243 0.00651229 0.0383583 -1.17964 -0.00612929 0.99993 -0.0100927 -3.18823 -0.0384214 0.00984995 0.999213 195.057 
0.999249 0.00351651 0.0385906 -1.14032 -0.00303674 0.999918 -0.0124828 -3.2314 -0.0386314 0.0123563 0.999177 196.327 
0.999148 0.00296462 0.0411649 -1.13375 -0.00244329 0.999916 -0.0127081 -3.27345 -0.0411991 0.0125967 0.999072 197.533 
0.999143 0.00184166 0.0413459 -1.07924 -0.00131764 0.999919 -0.0126966 -3.30636 -0.041366 0.0126313 0.999064 198.745 
0.999062 0.00143775 0.0432706 -1.04932 -0.000992811 0.999946 -0.0103014 -3.34284 -0.0432831 0.0102488 0.99901 199.999 
0.999041 0.00243982 0.0437232 -1.02351 -0.00200406 0.999948 -0.0100065 -3.38015 -0.0437454 0.00990937 0.998994 201.185 
0.999068 0.00165305 0.0431332 -0.9684 -0.00120637 0.999945 -0.0103786 -3.40336 -0.0431481 0.0103169 0.999015 202.367 
0.999065 0.00391571 0.0430467 -0.896616 -0.00351324 0.999949 -0.00942022 -3.43514 -0.0430815 0.00926022 0.999029 203.615 
0.999033 0.0050444 0.0436686 -0.863125 -0.00464572 0.999947 -0.0092253 -3.48095 -0.0437128 0.00901355 0.999004 204.786 
0.999 0.00438009 0.0444923 -0.840001 -0.00399041 0.999953 -0.00884255 -3.52635 -0.044529 0.0086562 0.998971 205.956 
0.998961 0.0040994 0.0453883 -0.811764 -0.00371103 0.999956 -0.00863676 -3.563 -0.0454218 0.00845939 0.998932 207.127 
0.998919 0.00269641 0.0464093 -0.791343 -0.00226908 0.999955 -0.00925722 -3.59162 -0.0464322 0.00914195 0.99888 208.307 
0.998933 0.00399834 0.0460061 -0.752728 -0.0036379 0.999962 -0.00791467 -3.63147 -0.046036 0.0077389 0.99891 209.435 
0.998973 0.00148808 0.045276 -0.693339 -0.00114365 0.99997 -0.00763141 -3.66259 -0.045286 0.00757184 0.998945 210.577 
0.998959 0.00219691 0.0455692 -0.69344 -0.00183716 0.999967 -0.00793402 -3.69077 -0.0455851 0.00784208 0.99893 211.713 
0.998975 0.00304668 0.0451629 -0.665959 -0.00261682 0.999951 -0.00957316 -3.71282 -0.0451899 0.00944521 0.998934 212.805 
0.998954 0.00377842 0.0455754 -0.654772 -0.00328662 0.999936 -0.0108599 -3.73434 -0.0456136 0.0106988 0.998902 213.896 
0.998992 0.00564211 0.0445433 -0.635629 -0.00516757 0.999929 -0.0107604 -3.77378 -0.0446008 0.0105194 0.99895 214.959 
0.999093 0.00494266 0.0422953 -0.593306 -0.00447128 0.999927 -0.0112315 -3.80824 -0.0423478 0.0110322 0.999042 215.993 
0.999111 0.0057136 0.0417787 -0.643484 -0.00530757 0.999938 -0.00982192 -3.84297 -0.0418322 0.00959148 0.999079 216.85 
0.999255 0.00300005 0.0384681 -0.6016 -0.00268831 0.999963 -0.00815204 -3.89091 -0.0384912 0.00804259 0.999227 217.877 
0.999371 0.0037196 0.0352751 -0.571652 -0.00347991 0.999971 -0.00685255 -3.90521 -0.0352996 0.00672552 0.999354 218.903 
0.999461 0.00344945 0.0326456 -0.522111 -0.00324019 0.999974 -0.00645947 -3.94647 -0.032667 0.00635025 0.999446 219.958 
0.999526 0.00437002 0.030469 -0.514584 -0.0041569 0.999967 -0.00705298 -3.98179 -0.0304989 0.00692303 0.999511 220.983 
0.999642 0.00287491 0.0265937 -0.485514 -0.0026663 0.999965 -0.00787489 -3.98993 -0.0266154 0.0078012 0.999615 221.967 
0.999721 0.00345128 0.0233546 -0.464041 -0.00328954 0.99997 -0.00695874 -4.02686 -0.023378 0.00688002 0.999703 222.936 
0.999806 0.00455789 0.0191851 -0.455787 -0.00439809 0.999955 -0.0083615 -4.0382 -0.0192224 0.00827553 0.999781 223.851 
0.999888 0.00351136 0.0145528 -0.433112 -0.00339526 0.999962 -0.00799177 -4.0756 -0.0145804 0.0079415 0.999862 224.767 
0.999914 0.00500796 0.0121102 -0.462278 -0.00491424 0.999958 -0.00775282 -4.11522 -0.0121485 0.00769268 0.999897 225.613 
0.999958 0.00563277 0.00729139 -0.458749 -0.00557005 0.999948 -0.00858772 -4.13325 -0.00733942 0.00854679 0.999937 226.464 
0.999971 0.00599522 0.00468382 -0.477178 -0.00595005 0.999936 -0.00958955 -4.15914 -0.00474106 0.00956144 0.999943 227.297 
0.999961 0.00845409 0.00260486 -0.498424 -0.00843122 0.999927 -0.00865175 -4.1875 -0.00267785 0.00862949 0.999959 228.129 
0.999943 0.0103306 0.00269266 -0.522527 -0.0103016 0.999892 -0.0105273 -4.19114 -0.00280116 0.010499 0.999941 228.938 
0.999954 0.00950511 0.00139711 -0.519637 -0.00949043 0.999904 -0.0101328 -4.21466 -0.00149333 0.0101191 0.999948 229.702 
0.999942 0.0104748 0.00238143 -0.540097 -0.0104503 0.999895 -0.0100772 -4.23023 -0.00248677 0.0100518 0.999946 230.454 
0.999948 0.00994682 0.00222883 -0.546401 -0.0099221 0.999892 -0.0108221 -4.25632 -0.00233628 0.0107994 0.999939 231.191 
0.999936 0.0112361 0.00146754 -0.541774 -0.0112178 0.999867 -0.011881 -4.28495 -0.00160088 0.0118638 0.999928 231.954 
0.99994 0.0107987 0.00179094 -0.539702 -0.0107739 0.999853 -0.0133161 -4.32036 -0.00193452 0.0132961 0.99991 232.687 
0.999935 0.0109745 0.00304274 -0.554669 -0.0109301 0.999839 -0.0142208 -4.35329 -0.00319836 0.0141866 0.999894 233.436 
0.999932 0.0110165 0.00384028 -0.562074 -0.0109585 0.999831 -0.0147879 -4.38183 -0.00400258 0.0147449 0.999883 234.143 
0.999938 0.00959595 0.00557882 -0.561658 -0.00951571 0.999854 -0.0142278 -4.41897 -0.00571457 0.0141738 0.999883 234.876 
0.999927 0.00954877 0.00739531 -0.564817 -0.00943997 0.999849 -0.0146046 -4.44591 -0.00753369 0.0145337 0.999866 235.62 
0.999899 0.00977735 0.0102877 -0.59772 -0.00963286 0.999856 -0.0139978 -4.48954 -0.0104232 0.0138973 0.999849 236.319 
0.999875 0.00914665 0.012862 -0.616722 -0.00895578 0.99985 -0.0148168 -4.50023 -0.0129956 0.0146998 0.999808 237.012 
0.999845 0.0091873 0.015043 -0.603601 -0.00897796 0.999863 -0.0139223 -4.52786 -0.0151689 0.0137851 0.99979 237.718 
0.999797 0.00798187 0.0185093 -0.607053 -0.00773314 0.999879 -0.0134682 -4.54252 -0.0186146 0.0133224 0.999738 238.458 
0.999737 0.00704213 0.0218066 -0.618809 -0.00674356 0.999883 -0.0137333 -4.55556 -0.0219008 0.0135827 0.999668 239.144 
0.999667 0.00591338 0.0251259 -0.620693 -0.00558138 0.999897 -0.0132611 -4.59442 -0.0252017 0.0131164 0.999596 239.831 
0.999609 0.00594885 0.0273077 -0.591312 -0.00555267 0.999879 -0.0145593 -4.60585 -0.0273911 0.0144021 0.999521 240.543 
0.999515 0.00624737 0.0305038 -0.590525 -0.00580946 0.999879 -0.0144219 -4.62302 -0.0305903 0.0142377 0.999431 241.252 
0.999354 0.0074006 0.0351683 -0.601002 -0.00683868 0.999848 -0.0160702 -4.64084 -0.0352819 0.0158194 0.999252 241.937 
0.999206 0.00633099 0.0393463 -0.607424 -0.00572613 0.999864 -0.0154652 -4.67007 -0.0394389 0.0152277 0.999106 242.631 
0.999082 0.00617152 0.042382 -0.605826 -0.00557746 0.999885 -0.0141197 -4.6961 -0.0424643 0.0138704 0.999002 243.306 
0.999012 0.00571769 0.0440703 -0.576605 -0.00512913 0.999896 -0.0134556 -4.72086 -0.0441428 0.0132163 0.998938 244.007 
0.998943 0.00747283 0.0453484 -0.56244 -0.00677724 0.999857 -0.0154723 -4.72691 -0.0454576 0.0151487 0.998851 244.677 
0.998863 0.00760288 0.0470664 -0.536402 -0.00687782 0.999856 -0.0155469 -4.75984 -0.0471779 0.0152055 0.998771 245.383 
0.998829 0.00635194 0.0479562 -0.51658 -0.00556652 0.999849 -0.0164929 -4.79374 -0.0480537 0.0162066 0.998713 246.082 
0.998831 0.00220081 0.0482867 -0.474326 -0.00128618 0.999819 -0.0189637 -4.81829 -0.0483198 0.0188794 0.998654 246.821 
0.99882 0.00243095 0.0484955 -0.447892 -0.0015006 0.999814 -0.0192105 -4.84763 -0.0485332 0.0191151 0.998639 247.536 
0.998818 0.00438564 0.0484176 -0.421838 -0.00337322 0.999774 -0.0209711 -4.8632 -0.0484986 0.020783 0.998607 248.258 
0.998844 0.00789967 0.0474227 -0.388859 -0.00690862 0.999755 -0.0210249 -4.91157 -0.0475772 0.020673 0.998654 248.946 
0.998836 0.00578211 0.0478903 -0.373058 -0.00490674 0.999819 -0.0183751 -5.01028 -0.0479879 0.0181188 0.998684 249.614 
0.998768 0.00820547 0.0489395 -0.363747 -0.00716564 0.999746 -0.021384 -5.0212 -0.0491026 0.0210071 0.998573 250.341 
0.998776 0.00388332 0.0493078 -0.338986 -0.00273385 0.999723 -0.0233574 -5.05823 -0.0493849 0.0231941 0.998511 251.111 
0.998657 0.00295049 0.0517238 -0.339126 -0.00164135 0.999678 -0.0253338 -5.07457 -0.0517819 0.0252149 0.99834 251.748 
0.99863 0.00286488 0.052249 -0.305647 -0.00182556 0.9998 -0.0199278 -5.13718 -0.0522957 0.0198051 0.998435 252.501 
0.99856 0.00635028 0.0532775 -0.298394 -0.00560019 0.999883 -0.0142157 -5.15141 -0.0533616 0.0138969 0.998479 253.219 
0.998591 0.00369837 0.0529451 -0.259731 -0.00309491 0.999929 -0.0114745 -5.1684 -0.0529839 0.0112945 0.998532 254.063 
0.998488 0.00287572 0.0548991 -0.220067 -0.002098 0.999897 -0.0142178 -5.18577 -0.0549344 0.0140812 0.998391 254.838 
0.998274 0.00300749 0.0586592 -0.186466 -0.00187034 0.99981 -0.0194303 -5.22765 -0.0587065 0.0192871 0.998089 255.607 
0.998108 0.00597099 0.0611932 -0.142638 -0.0045867 0.999731 -0.0227365 -5.25773 -0.0613126 0.0224129 0.997867 256.376 
0.99783 0.00712716 0.0654503 -0.123626 -0.00567874 0.999735 -0.0222889 -5.29139 -0.0655919 0.0218689 0.997607 257.196 
0.997573 0.00512669 0.0694342 -0.0928588 -0.00377633 0.999802 -0.0195647 -5.33366 -0.0695208 0.0192551 0.997395 258.006 
0.997426 0.00178023 0.0716789 -0.0267705 -0.000636873 0.999872 -0.0159702 -5.36539 -0.0716982 0.0158835 0.9973 258.839 
0.997399 -0.00194677 0.0720557 0.0769378 0.00304097 0.999882 -0.0150782 -5.38748 -0.0720179 0.0152582 0.997287 259.703 
0.997312 0.00301589 0.0732067 0.197663 -0.0019777 0.999897 -0.0142493 -5.42018 -0.0732421 0.0140663 0.997215 260.675 
0.996954 0.00687361 0.0776864 0.226938 -0.00532636 0.999784 -0.0201058 -5.39451 -0.0778078 0.0196308 0.996775 261.522 
0.996746 0.00481038 0.0804674 0.267251 -0.00302976 0.999748 -0.0222353 -5.44065 -0.0805541 0.0219192 0.996509 262.365 
0.996554 0.00503865 0.0827966 0.324671 -0.00322195 0.999751 -0.0220602 -5.47582 -0.0828872 0.0217174 0.996322 263.197 
0.996265 0.00727971 0.0860421 0.373318 -0.00550334 0.999767 -0.020864 -5.47792 -0.086174 0.0203126 0.996073 264.043 
0.995782 0.00734145 0.0914593 0.384981 -0.00557839 0.999794 -0.0195172 -5.51021 -0.0915838 0.0189248 0.995618 264.892 
0.995521 0.00840023 0.0941656 0.45692 -0.0065825 0.999786 -0.0195971 -5.54818 -0.0943102 0.0188896 0.995364 265.749 
0.995125 0.0069341 0.098374 0.48408 -0.00500967 0.999792 -0.0197955 -5.58436 -0.0984908 0.0192062 0.994953 266.538 
0.994787 0.00592754 0.101801 0.553132 -0.00393031 0.999796 -0.0198078 -5.61789 -0.101898 0.0193045 0.994608 267.374 
0.994482 0.00456367 0.104804 0.618155 -0.00238401 0.999779 -0.0209129 -5.61909 -0.104877 0.0205477 0.994273 268.219 
0.994309 0.00389408 0.106462 0.676356 -0.00170982 0.999786 -0.0205999 -5.65978 -0.10652 0.0203007 0.994103 269.038 
0.994273 0.00238589 0.106846 0.749704 -0.000159895 0.999783 -0.0208369 -5.68086 -0.106873 0.0207006 0.994057 269.869 
0.994079 0.00323502 0.108608 0.799518 -0.00102036 0.999791 -0.0204403 -5.71793 -0.108651 0.0202085 0.993875 270.695 
0.994161 0.00365775 0.107847 0.891238 -0.00143943 0.999786 -0.0206394 -5.7347 -0.1079 0.0203637 0.993953 271.554 
0.994251 0.00609922 0.106901 0.978147 -0.00384642 0.999766 -0.0212668 -5.74024 -0.107006 0.0207334 0.994042 272.389 
0.994369 0.00724328 0.105723 1.05317 -0.00500042 0.999757 -0.0214638 -5.7816 -0.105853 0.0208144 0.994164 273.263 
0.994334 0.00876753 0.105935 1.09607 -0.00622302 0.999685 -0.0243258 -5.78223 -0.106115 0.0235288 0.994075 274.107 
0.994644 0.0112451 0.102747 1.20419 -0.00857102 0.999614 -0.0264298 -5.78737 -0.103004 0.0254076 0.994356 275.04 
0.994805 0.010915 0.101215 1.26323 -0.00822789 0.999604 -0.0269276 -5.82368 -0.101469 0.025955 0.9945 275.787 
0.9948 0.0126364 0.101065 1.29664 -0.00994074 0.999582 -0.0271314 -5.86279 -0.101365 0.0259857 0.99451 276.705 
0.994976 0.0106519 0.0995438 1.35385 -0.00821233 0.999657 -0.0248846 -5.9183 -0.0997747 0.0239421 0.994722 277.507 
0.995256 0.0129432 0.0964267 1.42427 -0.010572 0.99963 -0.0250601 -5.93533 -0.0967154 0.0239218 0.995025 278.334 
0.995842 0.00989988 0.0905558 1.50666 -0.0080062 0.999742 -0.0212507 -5.99728 -0.0907429 0.0204373 0.995665 279.222 
0.996197 0.00852523 0.0867115 1.54454 -0.00687983 0.999791 -0.0192563 -6.03075 -0.0868575 0.0185865 0.996047 280.032 
0.996544 0.0075187 0.082727 1.57911 -0.0060543 0.999821 -0.0179378 -6.05985 -0.0828471 0.017375 0.996411 280.858 
0.996868 0.00741598 0.078736 1.62556 -0.00618735 0.999855 -0.0158364 -6.10972 -0.0788421 0.0152997 0.99677 281.704 
0.997264 0.00831593 0.073456 1.6928 -0.00718374 0.999852 -0.0156634 -6.13564 -0.0735753 0.0150929 0.997175 282.533 
0.997617 0.00686917 0.068647 1.71889 -0.0058244 0.999864 -0.0154074 -6.1599 -0.0687436 0.0149709 0.997522 283.389 
0.997912 0.00641288 0.0642773 1.7657 -0.00541502 0.999862 -0.0156857 -6.19319 -0.0643691 0.015305 0.997809 284.2 
0.998113 0.00721863 0.0609751 1.78588 -0.0062474 0.999851 -0.0161032 -6.22591 -0.0610823 0.0156919 0.998009 284.973 
0.998328 0.00803798 0.0572476 1.80715 -0.00708125 0.999832 -0.0168948 -6.23506 -0.0573738 0.0164612 0.998217 285.757 
0.998524 0.00667801 0.0538925 1.80996 -0.00580775 0.999851 -0.0162878 -6.27293 -0.0539933 0.0159509 0.998414 286.429 
0.998712 0.00741718 0.0501957 1.82497 -0.00653048 0.99982 -0.017805 -6.29704 -0.0503188 0.0174543 0.998581 287.165 
0.998923 0.00769766 0.045751 1.82908 -0.00684892 0.999802 -0.0186782 -6.32947 -0.0458858 0.0183448 0.998778 287.855 
0.999128 0.0111306 0.0402375 1.79704 -0.0102285 0.999693 -0.022556 -6.32167 -0.0404763 0.0221248 0.998936 288.577 
0.999432 0.011848 0.0315611 1.81658 -0.0111144 0.999666 -0.0233181 -6.36182 -0.0318269 0.0229541 0.99923 289.229 
0.999661 0.0131929 0.0224368 1.77335 -0.0126581 0.999636 -0.0238101 -6.39398 -0.0227429 0.0235181 0.999465 289.842 
0.999882 0.0127223 0.00863696 1.76912 -0.0125096 0.999628 -0.0242454 -6.40614 -0.00894224 0.0241345 0.999669 290.482 
0.99988 0.0135347 -0.00756489 1.70685 -0.0137063 0.999639 -0.0231231 -6.43908 0.00724915 0.0232241 0.999704 291.103 
0.999542 0.0158892 -0.025755 1.61474 -0.0164841 0.999598 -0.0230558 -6.44746 0.0253783 0.0234698 0.999402 291.718 
0.998657 0.0168842 -0.048983 1.57871 -0.0179834 0.999594 -0.0220874 -6.49163 0.0485901 0.0229387 0.998555 292.336 
0.997143 0.0187169 -0.0731864 1.46225 -0.0203198 0.999568 -0.0212192 -6.54026 0.0727576 0.0226457 0.997093 292.928 
0.994645 0.0201568 -0.101364 1.37037 -0.0223867 0.999531 -0.0209104 -6.55515 0.100895 0.0230676 0.99463 293.516 
0.990958 0.0209377 -0.132528 1.26201 -0.0238119 0.999514 -0.02014 -6.56365 0.132042 0.0231137 0.990975 294.084 
0.985892 0.0207202 -0.166094 1.1215 -0.02396 0.999559 -0.0175256 -6.58772 0.165658 0.021258 0.985954 294.603 
0.97891 0.0204436 -0.203269 1.03045 -0.0240003 0.999599 -0.015048 -6.61679 0.20288 0.0196092 0.979007 295.117 
0.970118 0.0220567 -0.241629 0.876399 -0.0255917 0.999606 -0.0115013 -6.63125 0.24128 0.0173414 0.970301 295.629 
0.95957 0.0226212 -0.28056 0.686808 -0.0261732 0.999618 -0.00891972 -6.63154 0.28025 0.0159023 0.959795 296.17 
0.946542 0.0240485 -0.321682 0.501329 -0.0272419 0.999614 -0.00542922 -6.64947 0.321427 0.0139023 0.946832 296.641 
0.930868 0.0243035 -0.364545 0.332325 -0.0272345 0.999625 -0.00290055 -6.65666 0.364338 0.0126283 0.931181 297.134 
0.912677 0.0238086 -0.407987 0.0974202 -0.0260822 0.99966 -1.00664e-05 -6.67993 0.407848 0.0106504 0.912988 297.618 
0.893077 0.0230462 -0.449313 -0.196947 -0.024723 0.999692 0.00213569 -6.69124 0.449224 0.00920106 0.893372 297.954 
0.869401 0.0221448 -0.493611 -0.496271 -0.0221311 0.999738 0.00587126 -6.72958 0.493612 0.00581973 0.869663 298.384 
0.842395 0.0226788 -0.538384 -0.798953 -0.0213443 0.999734 0.00871575 -6.75158 0.538438 0.00414937 0.842655 298.812 
0.811691 0.0240912 -0.58359 -1.10487 -0.0221878 0.9997 0.0104086 -6.75374 0.583666 0.0045001 0.811982 299.225 
0.778391 0.0217828 -0.627401 -1.44032 -0.0188823 0.999758 0.0112842 -6.72996 0.627495 0.00306333 0.778614 299.594 
0.742654 0.0201806 -0.669372 -1.80277 -0.0152384 0.999796 0.0132357 -6.71543 0.669502 0.000370633 0.74281 299.874 
0.703202 0.0194419 -0.710724 -2.18805 -0.00921379 0.999791 0.018233 -6.71365 0.71093 -0.00627297 0.703234 300.093 
0.658301 0.0199145 -0.752492 -2.59921 -0.00419163 0.999732 0.0227906 -6.72892 0.752744 -0.0118489 0.658207 300.348 
0.610495 0.0240123 -0.791656 -2.99753 -0.00560437 0.999646 0.0259991 -6.73028 0.792 -0.0114355 0.610414 300.55 
0.558447 0.0296851 -0.829009 -3.382 -0.0102465 0.99953 0.0288887 -6.69962 0.829477 -0.00763836 0.558488 300.769 
0.503982 0.0329878 -0.863084 -3.77918 -0.0117252 0.99944 0.0313528 -6.68117 0.863635 -0.00568136 0.504086 300.961 
0.446726 0.0344179 -0.894009 -4.16743 -0.01116 0.999396 0.0328986 -6.64903 0.894601 -0.00471943 0.44684 301.14 
0.387702 0.0363476 -0.921068 -4.54956 -0.00852561 0.999321 0.035847 -6.65248 0.921745 -0.00604527 0.387749 301.307 
0.328768 0.0386056 -0.943621 -4.93313 -0.00592741 0.999229 0.0388154 -6.62226 0.944392 -0.007168 0.328743 301.421 
0.268005 0.0436278 -0.962429 -5.33941 -0.00363269 0.999013 0.0442746 -6.64077 0.963411 -0.00836957 0.267899 301.524 
0.20464 0.0459485 -0.977758 -5.76959 -0.000466771 0.998902 0.0468444 -6.61022 0.978837 -0.0091298 0.204437 301.59 
0.139374 0.0505798 -0.988947 -6.19886 0.000426385 0.998692 0.0511383 -6.6079 0.99024 -0.00754895 0.13917 301.624 
0.0726052 0.0564867 -0.99576 -6.65408 0.00303848 0.998378 0.0568568 -6.58532 0.997356 -0.00715365 0.0723158 301.637 
0.00564173 0.0625859 -0.998024 -7.13658 0.00617922 0.998018 0.0626205 -6.5529 0.999965 -0.00652025 0.00524382 301.583 
-0.0629979 0.0694761 -0.995592 -7.60236 0.00897174 0.997573 0.0690466 -6.53171 0.997973 -0.00458236 -0.0634684 301.526 
-0.130519 0.0755756 -0.988561 -8.08712 0.0123376 0.997137 0.0746023 -6.49968 0.991369 -0.0024594 -0.131078 301.407 
-0.197457 0.080828 -0.976974 -8.55639 0.0164419 0.996728 0.0791392 -6.46284 0.980174 -0.000436667 -0.19814 301.272 
-0.263027 0.0858771 -0.960959 -9.04067 0.0219454 0.996305 0.0830292 -6.44032 0.964539 0.000750385 -0.26394 301.101 
-0.324805 0.087608 -0.941715 -9.51559 0.026679 0.996153 0.0834706 -6.39566 0.945405 0.00198774 -0.325893 300.87 
-0.385081 0.087424 -0.918733 -9.98835 0.0312109 0.996167 0.0817106 -6.34989 0.922355 0.00279077 -0.386334 300.633 
-0.442081 0.0869371 -0.892752 -10.4685 0.0343334 0.996203 0.0800098 -6.29333 0.896318 0.00471968 -0.443387 300.352 
-0.494572 0.0875149 -0.864719 -10.9356 0.0375116 0.99614 0.0793609 -6.25354 0.868327 0.00681275 -0.495946 300.034 
-0.54073 0.0892877 -0.836444 -11.3457 0.0414341 0.995971 0.0795311 -6.23244 0.840175 0.00834759 -0.542251 299.678 
-0.582188 0.0896558 -0.808096 -11.8136 0.0432449 0.995909 0.0793376 -6.18418 0.811903 0.0112434 -0.583684 299.293 
-0.621141 0.0924405 -0.778228 -12.3122 0.0481988 0.995645 0.0797963 -6.12722 0.782215 0.0120552 -0.622892 298.879 
-0.658183 0.100009 -0.746186 -12.761 0.0578152 0.994925 0.0823507 -6.0895 0.750635 0.0110609 -0.660624 298.43 
-0.694537 0.103797 -0.71193 -13.2252 0.0630249 0.994512 0.0835118 -6.02274 0.716691 0.0131327 -0.697267 297.912 
-0.728345 0.106478 -0.676887 -13.658 0.0686135 0.994221 0.0825669 -5.97631 0.681767 0.0136937 -0.731442 297.39 
-0.760786 0.103361 -0.640719 -14.1764 0.0692807 0.99453 0.078174 -5.93221 0.645294 0.0150843 -0.763785 296.8 
-0.788787 0.100383 -0.606415 -14.5672 0.0709813 0.99485 0.0723547 -5.88435 0.610555 0.0140283 -0.79185 296.199 
-0.813897 0.0949001 -0.573206 -14.9285 0.0696902 0.995393 0.0658441 -5.8351 0.576814 0.0136435 -0.816762 295.545 
-0.838204 0.0926379 -0.537432 -15.3666 0.0707617 0.995611 0.0612517 -5.79685 0.540747 0.0133118 -0.84108 294.855 
-0.859367 0.0915038 -0.503106 -15.7041 0.0714335 0.995694 0.0590775 -5.74745 0.506346 0.0148306 -0.862203 294.14 
-0.880231 0.0884459 -0.46623 -16.1154 0.0690524 0.995893 0.0585559 -5.73958 0.469495 0.0193483 -0.882723 293.358 
-0.898453 0.0880128 -0.430159 -16.4355 0.0707286 0.99592 0.056043 -5.69994 0.433336 0.0199275 -0.901012 292.551 
-0.915999 0.0900373 -0.390946 -16.7833 0.0745083 0.995717 0.0547443 -5.64846 0.3942 0.021017 -0.918784 291.707 
-0.931484 0.092108 -0.351928 -17.1063 0.0784409 0.995513 0.0529319 -5.59724 0.355224 0.0216997 -0.934529 290.817 
-0.944893 0.0934938 -0.313745 -17.4088 0.0804402 0.995278 0.0543274 -5.56171 0.317342 0.0260959 -0.947952 289.891 
-0.955816 0.0988814 -0.276838 -17.654 0.0870597 0.9947 0.0547046 -5.53656 0.28078 0.0281861 -0.959358 288.961 
-0.96567 0.0994954 -0.239962 -17.8779 0.0891059 0.994569 0.0537922 -5.50574 0.244011 0.0305635 -0.969291 288.003 
-0.973518 0.0982162 -0.206438 -18.0479 0.089957 0.994737 0.0490445 -5.46155 0.210169 0.0291751 -0.97723 287.025 
-0.979871 0.0982805 -0.173761 -18.1854 0.0916477 0.994737 0.0458116 -5.44152 0.177349 0.0289647 -0.983722 286.003 
-0.98487 0.0961938 -0.144146 -18.2872 0.0908729 0.994931 0.0430687 -5.38968 0.147558 0.0293181 -0.988619 284.957 
-0.989031 0.0952193 -0.112918 -18.4006 0.0910665 0.994984 0.0413929 -5.35273 0.116293 0.0306558 -0.992742 283.917 
-0.991909 0.0945588 -0.08471 -18.4629 0.0915203 0.995037 0.0390702 -5.32116 0.087984 0.0310014 -0.995639 282.836 
-0.993882 0.0945065 -0.0571677 -18.5245 0.0924291 0.994996 0.0379589 -5.30297 0.060469 0.0324427 -0.997643 281.728 
-0.995204 0.0925494 -0.0316708 -18.5552 0.0913194 0.995085 0.0382994 -5.27491 0.0350598 0.0352235 -0.998764 280.562 
