1 2.12261e-08 -2.11895e-08 0 2.12261e-08 1 2.10703e-08 0 -2.11895e-08 2.10703e-08 1 0 
0.999983 0.000210801 -0.0058283 -0.0182608 -0.000208511 1 0.000386385 -0.00348069 0.00582834 -0.000385121 0.999983 0.0972722 
0.999907 0.000390092 -0.0136318 -0.0137677 -0.000379611 1 0.000768321 -0.00828177 0.0136321 -0.000763033 0.999907 0.194368 
0.999783 0.00108602 -0.0208091 -0.0357977 -0.0010846 0.999999 7.70496e-05 -0.0126807 0.0208091 -5.44207e-05 0.999784 0.306866 
0.999546 0.00131978 -0.0300964 -0.0549191 -0.00136561 0.999998 -0.00150375 -0.00919552 0.0300943 0.00154421 0.999546 0.407692 
0.9992 0.00153064 -0.0399533 -0.0960197 -0.00164421 0.999995 -0.00281086 -0.00916943 0.0399487 0.00287434 0.999198 0.532491 
0.998512 0.00120513 -0.054528 -0.109799 -0.00142689 0.999991 -0.00402888 -0.00595791 0.0545227 0.00410073 0.998504 0.665341 
0.997475 0.00166517 -0.0710011 -0.136719 -0.00197634 0.999989 -0.00431316 -0.00466857 0.0709931 0.00444263 0.997467 0.801988 
0.995937 -0.00013146 -0.0900509 -0.165921 -0.000211439 0.999993 -0.00379874 -0.0137052 0.0900507 0.00380239 0.99593 0.953935 
0.994012 -0.000482612 -0.109268 -0.213795 0.000108022 0.999994 -0.00343443 -0.0191599 0.109269 0.00340211 0.994006 1.12049 
0.99138 -0.000373454 -0.131021 -0.270804 -0.000144476 0.999992 -0.00394379 -0.0174838 0.131022 0.00392877 0.991372 1.29309 
0.987947 0.00263956 -0.154771 -0.336802 -0.00359603 0.999976 -0.00590048 -0.0166249 0.154752 0.00638597 0.987933 1.46905 
0.983372 0.0070161 -0.181466 -0.384533 -0.00827708 0.999947 -0.00619265 -0.0345915 0.181413 0.00759173 0.983378 1.64709 
0.977858 0.00981404 -0.20904 -0.453231 -0.0116964 0.999901 -0.00777074 -0.0329264 0.208943 0.0100437 0.977876 1.83535 
0.971076 0.0110256 -0.238514 -0.532576 -0.0133032 0.99988 -0.00794121 -0.0341212 0.238398 0.0108846 0.971107 2.02909 
0.963214 0.0127135 -0.268434 -0.636343 -0.0152586 0.999856 -0.0073971 -0.0379487 0.268301 0.0112209 0.96327 2.2371 
0.953662 0.0137716 -0.300565 -0.737996 -0.016392 0.999846 -0.00619816 -0.0433849 0.300433 0.0108379 0.953741 2.43235 
0.942096 0.0147373 -0.33502 -0.83267 -0.017706 0.999826 -0.00580856 -0.0315634 0.334876 0.0114041 0.942193 2.63475 
0.928876 0.0167848 -0.37001 -0.932247 -0.0201585 0.999783 -0.00525277 -0.0420711 0.369842 0.0123381 0.929013 2.85131 
0.914571 0.0185149 -0.404001 -1.0578 -0.0223983 0.999737 -0.00488832 -0.0378058 0.403804 0.0135197 0.914746 3.0579 
0.898332 0.0189332 -0.438908 -1.19901 -0.0233388 0.999717 -0.00464386 -0.0355105 0.438696 0.0144154 0.89852 3.27576 
0.879385 0.0150553 -0.475873 -1.33479 -0.0197197 0.999794 -0.00481013 -0.0441585 0.475702 0.0136141 0.879501 3.47168 
0.857703 0.00947605 -0.514058 -1.49575 -0.0143437 0.999882 -0.00550086 -0.0426551 0.513945 0.0120917 0.857738 3.67548 
0.831748 0.0105909 -0.555052 -1.66852 -0.0146429 0.999889 -0.00286375 -0.0445585 0.55496 0.0105095 0.831811 3.89376 
0.802075 0.0161458 -0.597005 -1.86721 -0.0199877 0.9998 0.000185888 -0.0387441 0.596889 0.0117837 0.802237 4.0772 
0.769181 0.01872 -0.638756 -2.08163 -0.02285 0.999737 0.00178349 -0.0396989 0.638622 0.0132238 0.769407 4.24778 
0.732546 0.0176846 -0.680488 -2.29905 -0.0226826 0.999742 0.00156358 -0.0331938 0.68034 0.0142899 0.732757 4.4259 
0.691925 0.0138651 -0.721837 -2.52775 -0.0166302 0.999856 0.0032642 -0.0394688 0.721778 0.00974577 0.692056 4.6048 
0.647688 0.0103897 -0.761835 -2.77136 -0.0118027 0.999924 0.00360248 -0.0285105 0.761814 0.00665843 0.647762 4.77562 
0.602734 0.00947269 -0.797886 -3.0534 -0.00944882 0.999944 0.00473379 -0.0217928 0.797886 0.00468592 0.60279 4.9284 
0.554334 0.0102567 -0.832231 -3.33334 -0.00665427 0.999947 0.00789137 -0.0295119 0.832268 0.00116349 0.554373 5.05759 
0.50346 0.0112105 -0.863946 -3.6131 -0.00611452 0.999937 0.00941185 -0.02581 0.863997 0.000544181 0.503497 5.16245 
0.450539 0.0125794 -0.892668 -3.90212 -0.0028632 0.999916 0.0126456 -0.0335805 0.892752 -0.00314141 0.450537 5.25875 
0.395947 0.0146158 -0.918157 -4.2353 -0.00296995 0.999889 0.014636 -0.0219919 0.918269 -0.00306815 0.395946 5.34538 
0.34043 0.0165129 -0.940125 -4.59549 -0.00262898 0.999859 0.0166101 -0.020617 0.940266 -0.00318297 0.340426 5.42414 
0.285067 0.0191585 -0.958316 -4.98651 -0.00123084 0.999807 0.0196219 -0.012428 0.958507 -0.00441397 0.285036 5.48873 
0.231262 0.0209547 -0.972666 -5.39101 0.00355055 0.999743 0.0223822 -0.0172445 0.972885 -0.0086296 0.231128 5.54484 
0.180953 0.0213316 -0.98326 -5.80834 0.0052222 0.99973 0.02265 -0.0125451 0.983478 -0.00923332 0.180792 5.56296 
0.133767 0.0216815 -0.990776 -6.23829 0.00329154 0.999745 0.0223222 -0.00151541 0.991007 -0.0062471 0.133661 5.57079 
0.0914773 0.0214722 -0.995576 -6.66305 -0.000854604 0.999769 0.0214841 0.010946 0.995807 -0.00111444 0.0914745 5.56142 
0.0532477 0.0202045 -0.998377 -7.11025 -0.00201646 0.999795 0.0201256 0.0158832 0.998579 0.000941589 0.0532776 5.55223 
0.0194867 0.0161816 -0.999679 -7.60657 -0.00145328 0.999868 0.0161564 0.0459281 0.999809 0.00113802 0.0195076 5.52537 
-0.0124012 0.0140323 -0.999825 -8.10035 -0.000833229 0.999901 0.0140437 0.0376535 0.999923 0.00100728 -0.0123882 5.49547 
-0.0398675 0.0126135 -0.999125 -8.59937 -0.00263699 0.999916 0.0127287 0.0373406 0.999202 0.00314218 -0.0398309 5.45314 
-0.0608073 0.010391 -0.998095 -9.12552 -0.00214503 0.999942 0.0105409 0.0396201 0.998147 0.00278195 -0.0607815 5.40213 
-0.0760012 0.00939527 -0.997064 -9.66922 -0.00433889 0.999943 0.00975314 0.0540831 0.997098 0.00506743 -0.0759561 5.31351 
-0.089369 0.00958393 -0.995953 -10.2204 -0.00221898 0.999949 0.00982151 0.0581555 0.995996 0.00308777 -0.0893432 5.24972 
-0.0994889 0.0103274 -0.994985 -10.7543 -0.00400263 0.999934 0.010779 0.0550464 0.995031 0.00505499 -0.099441 5.18843 
-0.106023 0.010909 -0.994304 -11.3134 -0.0051207 0.999921 0.0115167 0.0714721 0.994351 0.00631261 -0.105959 5.11128 
-0.111463 0.0121611 -0.993694 -11.9033 -0.00357273 0.999914 0.012638 0.0694833 0.993762 0.0049589 -0.11141 5.05044 
-0.112734 0.0130405 -0.99354 -12.5056 -0.00271853 0.999906 0.0134325 0.0709828 0.993621 0.00421532 -0.112688 4.97329 
-0.111975 0.0157775 -0.993586 -13.1312 -0.000456597 0.999873 0.0159288 0.0662878 0.993711 0.00223733 -0.111953 4.90155 
-0.110394 0.0180182 -0.993725 -13.7645 -0.000798095 0.999834 0.0182177 0.067244 0.993888 0.00280425 -0.110362 4.81765 
-0.109277 0.0179257 -0.99385 -14.4211 -0.00244989 0.99983 0.0183029 0.0701471 0.994008 0.00443495 -0.109214 4.74176 
-0.10737 0.0149039 -0.994108 -15.0865 -0.00428202 0.999871 0.0154528 0.0750125 0.99421 0.00591599 -0.107292 4.65149 
-0.105711 0.0147022 -0.994288 -15.7679 -0.00328002 0.99988 0.0151336 0.0878134 0.994392 0.00486111 -0.10565 4.56821 
-0.103761 0.0166588 -0.994463 -16.4692 -0.00227687 0.999853 0.0169867 0.110608 0.9946 0.00402686 -0.103708 4.48355 
-0.103048 0.0206537 -0.994462 -17.186 -0.00273849 0.999775 0.0210478 0.115225 0.994673 0.0048923 -0.102968 4.40624 
-0.100401 0.0231364 -0.994678 -17.9279 -0.00387884 0.999713 0.023645 0.111578 0.99494 0.00623221 -0.100282 4.30502 
-0.0993799 0.0222048 -0.994802 -18.665 -0.00487707 0.999728 0.022802 0.130848 0.995038 0.00711782 -0.0992446 4.23033 
-0.0964965 0.0180331 -0.99517 -19.4514 -0.00840131 0.999786 0.0189313 0.155901 0.995298 0.0101876 -0.0963243 4.11437 
-0.0945427 0.0175891 -0.995365 -20.2107 -0.0090446 0.999788 0.0185263 0.15609 0.99548 0.0107543 -0.0943635 4.02359 
-0.0935709 0.0203376 -0.995405 -20.9789 -0.006304 0.999759 0.0210192 0.150931 0.995593 0.00824186 -0.0934202 3.94756 
-0.0924502 0.0218742 -0.995477 -21.8078 -0.00263546 0.99975 0.0222128 0.162934 0.995714 0.00467717 -0.0923694 3.85882 
-0.0918999 0.0235854 -0.995489 -22.6361 -0.000739921 0.999718 0.0237539 0.1763 0.995768 0.0029196 -0.0918565 3.77014 
-0.09231 0.019362 -0.995542 -23.4197 0.000582877 0.999812 0.019391 0.173895 0.99573 0.00120974 -0.0923039 3.69962 
-0.0919298 0.0133581 -0.995676 -24.1862 0.00244759 0.99991 0.0131889 0.15794 0.995763 -0.00122451 -0.0919542 3.61084 
-0.0909618 0.00947492 -0.995809 -24.9979 0.00441495 0.999949 0.00911102 0.144646 0.995845 -0.00356765 -0.090999 3.49961 
-0.0915698 0.00991258 -0.995749 -25.8091 0.00580031 0.999939 0.00942089 0.150659 0.995782 -0.00491295 -0.0916217 3.41149 
-0.0911029 0.0165784 -0.995704 -26.6496 0.00564317 0.999854 0.0161311 0.158092 0.995826 -0.00414929 -0.0911831 3.31584 
-0.0910052 0.0241333 -0.995558 -27.5262 0.00355526 0.999708 0.0239089 0.158879 0.995844 -0.0013636 -0.0910644 3.2084 
-0.0913284 0.0290289 -0.995398 -28.367 0.000403117 0.999576 0.0291138 0.161679 0.995821 0.00225769 -0.0913013 3.1037 
-0.0920594 0.0290008 -0.995331 -29.2186 -0.00100038 0.999573 0.0292169 0.16599 0.995753 0.00368545 -0.0919911 3.00284 
-0.0915283 0.0259229 -0.995465 -30.0517 -0.00192689 0.999655 0.0262091 0.165162 0.995801 0.00431707 -0.0914468 2.90647 
-0.0924279 0.0237809 -0.995435 -30.8837 -0.00286042 0.999704 0.0241485 0.167254 0.995715 0.00507939 -0.0923325 2.82442 
-0.0920163 0.0242018 -0.995463 -31.7214 -0.00382588 0.999689 0.0246582 0.182014 0.99575 0.00607751 -0.091895 2.72222 
-0.0913498 0.0257177 -0.995487 -32.5568 -0.00377007 0.99965 0.0261713 0.199789 0.995812 0.00614383 -0.0912209 2.62293 
-0.0913638 0.0234452 -0.995542 -33.4046 -0.00302418 0.999712 0.023821 0.213929 0.995813 0.00518711 -0.0912666 2.53252 
-0.091483 0.0184287 -0.995636 -34.2255 -0.0050627 0.999807 0.0189711 0.208819 0.995794 0.00677618 -0.0913721 2.44238 
-0.0916945 0.014688 -0.995679 -35.0721 -0.00650141 0.999861 0.0153485 0.192698 0.995766 0.00788072 -0.0915862 2.34846 
-0.0907117 0.0152262 -0.995761 -35.9021 -0.00581741 0.999858 0.0158188 0.197737 0.99586 0.00722774 -0.0906102 2.2426 
-0.0897633 0.0175431 -0.995809 -36.7309 -0.00498956 0.999824 0.0180637 0.200543 0.995951 0.00659014 -0.08966 2.13948 
-0.0897904 0.0223119 -0.995711 -37.5607 -0.00412601 0.999732 0.0227741 0.203371 0.995952 0.00615325 -0.0896742 2.06175 
-0.091696 0.0268314 -0.995426 -38.3413 -0.00347593 0.999622 0.0272648 0.222208 0.995781 0.00596014 -0.0915681 2.01663 
-0.09159 0.0299044 -0.995348 -39.1815 -0.00392452 0.99953 0.0303912 0.235195 0.995789 0.00668983 -0.0914296 1.92065 
-0.0920071 0.0291979 -0.99533 -40.0032 -0.00376717 0.999553 0.02967 0.251619 0.995751 0.00647947 -0.091856 1.8439 
-0.0917844 0.0247935 -0.99547 -40.8347 -0.00357878 0.999675 0.0252282 0.262628 0.995773 0.00587816 -0.0916659 1.74918 
-0.0918909 0.0205919 -0.995556 -41.6604 -0.00489168 0.999765 0.0211304 0.260944 0.995757 0.00681168 -0.0917686 1.65945 
-0.0923019 0.018182 -0.995565 -42.4959 -0.00871934 0.99978 0.0190674 0.257262 0.995693 0.0104407 -0.0921231 1.56638 
-0.0930074 0.0165939 -0.995527 -43.3286 -0.0117127 0.999774 0.0177589 0.253648 0.995597 0.0133121 -0.092792 1.47279 
-0.0941014 0.0140923 -0.995463 -44.1424 -0.00950989 0.999842 0.0150533 0.259934 0.995517 0.0108833 -0.0939525 1.3862 
-0.0951822 0.0109172 -0.9954 -44.9585 -0.00614653 0.999914 0.0115544 0.252226 0.995441 0.00721808 -0.095107 1.29425 
-0.0950591 0.00940825 -0.995427 -45.7762 -0.00246986 0.99995 0.00968686 0.251317 0.995469 0.00337943 -0.0950311 1.18424 
-0.0976485 0.0131426 -0.995134 -46.5913 -0.002093 0.999908 0.0134111 0.238658 0.995219 0.00339242 -0.097612 1.09914 
-0.100224 0.0194164 -0.994775 -47.4113 0.00158813 0.999811 0.0193547 0.237182 0.994964 0.000360018 -0.100236 1.01747 
-0.101177 0.0228901 -0.994605 -48.2306 0.0032868 0.999738 0.0226738 0.23932 0.994863 -0.000974963 -0.101225 0.909045 
-0.10278 0.0217485 -0.994466 -49.0217 0.00302046 0.999763 0.0215522 0.241214 0.9947 -0.000788569 -0.102821 0.810743 
-0.104033 0.017989 -0.994411 -49.8182 0.000145561 0.999837 0.0180719 0.230729 0.994574 0.00173537 -0.104019 0.709936 
-0.104452 0.0140457 -0.994431 -50.6138 -0.00614003 0.999872 0.0147675 0.228062 0.994511 0.00764837 -0.104352 0.596576 
-0.107165 0.0116963 -0.994172 -51.4152 -0.00947369 0.999873 0.0127846 0.232453 0.994196 0.0107886 -0.107041 0.507243 
-0.107954 0.0130549 -0.99407 -52.1993 -0.0101078 0.999848 0.0142284 0.222836 0.994105 0.0115839 -0.107805 0.403798 
-0.1101 0.0142835 -0.993818 -52.9956 -0.00852273 0.999846 0.0153143 0.221014 0.993884 0.0101562 -0.109961 0.311685 
-0.110579 0.0131786 -0.99378 -53.7703 -0.00863514 0.999862 0.0142201 0.219444 0.99383 0.0101539 -0.11045 0.204484 
-0.111966 0.0129189 -0.993628 -54.563 -0.00767218 0.999874 0.0138646 0.22019 0.993682 0.0091757 -0.111853 0.0938251 
-0.113554 0.0143582 -0.993428 -55.3056 -0.00604617 0.999867 0.0151424 0.220813 0.993513 0.00772595 -0.113452 0.0126497 
-0.113628 0.0170405 -0.993377 -56.0774 -0.00653525 0.999818 0.0178986 0.226803 0.993502 0.00852579 -0.113496 -0.096829 
-0.113988 0.0204479 -0.993272 -56.8658 -0.0061341 0.999755 0.0212853 0.248057 0.993463 0.00851915 -0.113835 -0.18846 
-0.114011 0.0220906 -0.993234 -57.6466 -0.00675997 0.999712 0.0230107 0.251486 0.993457 0.00933773 -0.113828 -0.316171 
-0.115379 0.0220586 -0.993077 -58.3326 -0.00688696 0.999712 0.0230061 0.250212 0.993298 0.00949374 -0.115194 -0.397755 
-0.116919 0.0198784 -0.992943 -59.0312 -0.00440021 0.99978 0.0205334 0.263061 0.993132 0.00676994 -0.116806 -0.48501 
-0.117237 0.0169497 -0.992959 -59.7564 -0.00490126 0.999832 0.0176457 0.253101 0.993092 0.00693552 -0.117135 -0.576533 
-0.118843 0.0141905 -0.992812 -60.4569 -0.00497321 0.999877 0.0148868 0.251091 0.992901 0.0067067 -0.118758 -0.637774 
-0.118579 0.0112717 -0.992881 -61.1508 -0.00538244 0.999914 0.0119944 0.257784 0.99293 0.00676644 -0.118508 -0.714761 
-0.116811 0.0111648 -0.993092 -61.8478 -0.00763962 0.999897 0.0121399 0.24375 0.993125 0.00900495 -0.116713 -0.808958 
-0.113082 0.0108984 -0.993526 -62.5184 -0.00701642 0.999906 0.011767 0.25716 0.993561 0.00830167 -0.112995 -0.891202 
-0.10797 0.0118748 -0.994083 -63.1907 -0.00627635 0.999901 0.012626 0.250124 0.994134 0.00760248 -0.107884 -0.969872 
-0.101404 0.0131998 -0.994758 -63.8325 -0.00465799 0.999895 0.0137428 0.249114 0.994834 0.00602719 -0.101332 -1.03659 
-0.0938673 0.0146838 -0.995476 -64.4597 -0.00535165 0.999869 0.0152532 0.24154 0.99557 0.00675926 -0.0937765 -1.08795 
-0.0816563 0.0161449 -0.99653 -65.0851 -0.00730936 0.999832 0.0167974 0.236093 0.996634 0.00865565 -0.0815245 -1.15463 
-0.0676179 0.0166617 -0.997572 -65.6777 -0.00992328 0.9998 0.0173715 0.250147 0.997662 0.0110739 -0.067439 -1.19373 
-0.0505237 0.017913 -0.998562 -66.247 -0.0112046 0.999766 0.0185015 0.247562 0.99866 0.0121233 -0.0503111 -1.1992 
-0.0288218 0.0193396 -0.999398 -66.7891 -0.0123062 0.99973 0.0197009 0.229583 0.999509 0.0128667 -0.028576 -1.21205 
-0.00334697 0.0195144 -0.999804 -67.3251 -0.0105244 0.999754 0.0195487 0.230711 0.999939 0.0105878 -0.00314077 -1.21135 
0.0265181 0.0191643 -0.999465 -67.8358 -0.00846143 0.999785 0.0189459 0.22866 0.999613 0.00795453 0.0266746 -1.19872 
0.0609943 0.0196453 -0.997945 -68.3213 -0.00670449 0.999792 0.0192719 0.217956 0.998116 0.00551528 0.0611133 -1.15808 
0.0978854 0.0199311 -0.994998 -68.7802 -0.00516419 0.999796 0.0195192 0.220412 0.995184 0.00322776 0.0979684 -1.08081 
0.138968 0.0194522 -0.990106 -69.2297 -0.00411901 0.99981 0.0190647 0.219418 0.990288 0.00142891 0.139022 -1.00012 
0.184199 0.0201891 -0.982682 -69.6854 -0.00241392 0.999795 0.0200882 0.220967 0.982886 -0.00132807 0.18421 -0.884399 
0.232403 0.0184417 -0.972445 -70.0757 0.00211925 0.999808 0.0194671 0.223572 0.972617 -0.00658504 0.23232 -0.761149 
0.283095 0.0136367 -0.958995 -70.4585 0.0106535 0.999793 0.0173618 0.215174 0.959033 -0.0151317 0.282891 -0.61621 
0.33555 0.00822229 -0.941987 -70.8292 0.0164994 0.999757 0.0146039 0.223524 0.941878 -0.0204425 0.335333 -0.459247 
0.388798 0.00345072 -0.921317 -71.2067 0.0230774 0.999643 0.0134828 0.224541 0.921034 -0.0265037 0.388579 -0.26966 
0.441182 0.00312263 -0.897412 -71.5809 0.0234902 0.999611 0.0150264 0.227076 0.89711 -0.0277097 0.440937 -0.0706376 
0.48948 0.00122199 -0.872014 -71.9394 0.0260501 0.999532 0.0160232 0.235445 0.871625 -0.030559 0.48922 0.179996 
0.535129 -0.00347036 -0.844763 -72.2926 0.034082 0.999266 0.0174847 0.248599 0.844082 -0.0381478 0.534855 0.440412 
0.580179 -0.0091513 -0.814438 -72.6224 0.0444184 0.998804 0.0204193 0.249529 0.813277 -0.0480228 0.579892 0.724357 
0.623076 -0.0143469 -0.78203 -72.898 0.0463431 0.998752 0.0186007 0.247038 0.780787 -0.0478313 0.622964 1.0062 
0.665714 -0.0200096 -0.745939 -73.1908 0.0441962 0.998943 0.0126466 0.253221 0.744897 -0.0413867 0.665894 1.29081 
0.707734 -0.0262514 -0.705991 -73.4867 0.0403878 0.999179 0.00333435 0.251364 0.705323 -0.0308732 0.708213 1.61328 
0.747894 -0.0274262 -0.663251 -73.7379 0.0345638 0.9994 -0.00235171 0.243967 0.662918 -0.0211656 0.748393 1.93177 
0.786814 -0.0285454 -0.616529 -74.0037 0.0330151 0.999446 -0.00414061 0.24268 0.616306 -0.0170968 0.787321 2.29836 
0.821884 -0.0298958 -0.56887 -74.2453 0.0332416 0.999437 -0.00449716 0.24354 0.568684 -0.0152139 0.822415 2.6971 
0.853757 -0.0272488 -0.519958 -74.4533 0.0289956 0.999568 -0.00477324 0.228204 0.519864 -0.0110013 0.854178 3.1076 
0.880339 -0.026817 -0.473586 -74.6551 0.0292496 0.99957 -0.00222963 0.212332 0.473442 -0.0118893 0.880745 3.56334 
0.90299 -0.0202125 -0.429186 -74.8671 0.0219583 0.999759 -0.00088418 0.212608 0.429101 -0.00862576 0.903216 4.03067 
0.92154 -0.0153763 -0.387978 -75.0632 0.0163308 0.999866 -0.000837158 0.201218 0.387939 -0.00556447 0.921668 4.53886 
0.935888 -0.0110195 -0.352124 -75.2554 0.0122245 0.999925 0.0011987 0.194254 0.352085 -0.00542634 0.935953 5.06913 
0.946319 -0.0119528 -0.323014 -75.4235 0.0138218 0.999898 0.00349288 0.18387 0.322939 -0.00776997 0.946388 5.63186 
0.954529 -0.0139059 -0.297795 -75.605 0.0162109 0.999855 0.00527159 0.183314 0.297678 -0.00985936 0.954615 6.20424 
0.960831 -0.0137297 -0.276795 -75.8227 0.0165015 0.999834 0.00768683 0.188723 0.276644 -0.0119532 0.960898 6.86809 
0.966069 -0.0113974 -0.258032 -75.9863 0.014404 0.999849 0.00976443 0.193843 0.257882 -0.0131498 0.966087 7.47218 
0.970072 -0.00678961 -0.242723 -76.1529 0.00990501 0.999884 0.011617 0.192509 0.242616 -0.0136734 0.970026 8.08769 
0.973383 -0.00411261 -0.229147 -76.3224 0.00736003 0.999884 0.0133188 0.189689 0.229066 -0.0146507 0.973301 8.71504 
0.97655 -0.00554293 -0.215217 -76.486 0.0087174 0.999867 0.0138035 0.184903 0.215112 -0.0153559 0.976469 9.3398 
0.979421 -0.00554493 -0.201753 -76.6284 0.00849356 0.999869 0.0137521 0.184263 0.20165 -0.0151826 0.97934 9.99745 
0.982173 -0.00550158 -0.187901 -76.7514 0.00822265 0.999872 0.0137048 0.196015 0.187801 -0.0150055 0.982092 10.6881 
0.984862 -0.0037592 -0.173299 -76.8952 0.00646625 0.999866 0.0150585 0.191995 0.173219 -0.0159511 0.984754 11.369 
0.986956 -0.0040247 -0.160939 -77.0211 0.00601947 0.999911 0.0119087 0.19794 0.160877 -0.0127221 0.986893 12.0537 
0.98871 -0.00399155 -0.149791 -77.147 0.00516048 0.999959 0.00741563 0.19043 0.149755 -0.00810485 0.98869 12.7652 
0.990129 -0.00658528 -0.140003 -77.2625 0.00701354 0.999972 0.00256548 0.173143 0.139982 -0.00352202 0.990148 13.463 
0.991343 -0.00556324 -0.131177 -77.3775 0.00593983 0.999979 0.00247947 0.172841 0.13116 -0.00323713 0.991356 14.2206 
0.992213 -0.00264621 -0.124528 -77.4882 0.00379553 0.999952 0.00899272 0.172103 0.124499 -0.0093953 0.992175 14.9642 
0.992754 0.00126267 -0.12016 -77.5881 0.000802437 0.999853 0.0171361 0.163185 0.120163 -0.0171083 0.992607 15.7186 
0.993356 0.00180936 -0.115064 -77.6979 0.00062537 0.999777 0.0211198 0.155062 0.115077 -0.0210514 0.993134 16.4764 
0.993779 0.000584511 -0.111369 -77.7952 0.00173148 0.999784 0.0206975 0.154253 0.111357 -0.0207615 0.993564 17.2201 
0.994057 -9.77814e-05 -0.108857 -77.8838 0.00219449 0.999814 0.0191412 0.156076 0.108835 -0.0192663 0.993873 17.9696 
0.99437 -0.000198936 -0.105964 -77.9603 0.00253144 0.999757 0.0218779 0.14851 0.105934 -0.0220229 0.994129 18.7178 
0.994608 -0.00350195 -0.103649 -78.0585 0.00611616 0.999671 0.0249144 0.146821 0.103527 -0.025414 0.994302 19.5142 
0.994822 -0.00534305 -0.101493 -78.1318 0.00817607 0.999588 0.0275175 0.135407 0.101305 -0.0282048 0.994456 20.2664 
0.995213 -0.00422887 -0.0976414 -78.2337 0.00656787 0.999699 0.0236457 0.138638 0.0975119 -0.0241738 0.994941 21.0138 
0.995439 -0.00270864 -0.0953585 -78.3326 0.00424324 0.999865 0.0158934 0.141902 0.0953025 -0.0162255 0.995316 21.7707 
0.995584 -0.00174543 -0.0938593 -78.4148 0.00255624 0.99996 0.00851859 0.136651 0.0938407 -0.00872085 0.995549 22.5191 
0.995677 -0.0020884 -0.0928606 -78.4829 0.00250413 0.999987 0.0043602 0.134095 0.0928502 -0.00457384 0.99567 23.2436 
0.995852 -0.00160365 -0.090973 -78.5581 0.0021616 0.999979 0.00603453 0.132071 0.0909614 -0.00620611 0.995835 23.9604 
0.995993 0.00229678 -0.0894054 -78.6288 -0.00136824 0.999945 0.0104452 0.115265 0.0894244 -0.0102809 0.995941 24.7103 
0.996133 0.00591791 -0.0876608 -78.7083 -0.00448106 0.999853 0.0165782 0.0979264 0.087746 -0.0161213 0.996012 25.4688 
0.996428 0.00339096 -0.0843841 -78.8086 -0.00192828 0.999847 0.0174087 0.112878 0.0844302 -0.0171837 0.996281 26.2432 
0.996556 0.000527472 -0.0829223 -78.8957 0.000906866 0.999851 0.0172583 0.110071 0.082919 -0.017274 0.996407 27.0102 
0.996638 -0.000796661 -0.081931 -78.9666 0.00224894 0.999842 0.0176344 0.0983614 0.081904 -0.0177593 0.996482 27.7598 
0.996702 -0.000443362 -0.0811426 -79.0421 0.001651 0.999889 0.0148159 0.125926 0.081127 -0.014901 0.996592 28.5026 
0.996688 -0.00189751 -0.0813017 -79.1063 0.0029797 0.999909 0.013191 0.127356 0.0812692 -0.0133896 0.996602 29.2492 
0.996745 -0.00465013 -0.0804882 -79.1849 0.00569974 0.999902 0.0128153 0.131305 0.0804206 -0.0132323 0.996673 30.0201 
0.996857 -0.00371369 -0.0791415 -79.2713 0.00475062 0.999905 0.0129174 0.135059 0.079086 -0.0132527 0.99678 30.7944 
0.9968 -0.00276998 -0.0798831 -79.3391 0.00378402 0.999914 0.0125449 0.132599 0.0798414 -0.012807 0.996725 31.5607 
0.996655 -0.000969698 -0.0817153 -79.4135 0.00195494 0.999926 0.0119773 0.141648 0.0816976 -0.012097 0.996584 32.3313 
0.99662 -0.00361207 -0.0820724 -79.5291 0.00458506 0.999921 0.0116694 0.159094 0.0820238 -0.0120062 0.996558 33.099 
0.996411 -0.00188975 -0.0846304 -79.6113 0.00291002 0.999925 0.0119333 0.146445 0.0846015 -0.0121367 0.996341 33.8625 
0.996225 0.00161491 -0.0867941 -79.7202 -0.000604944 0.999932 0.0116609 0.142603 0.0868069 -0.0115643 0.996158 34.6564 
0.995973 7.13254e-05 -0.0896583 -79.8047 0.000622374 0.99997 0.00770871 0.114968 0.0896561 -0.00773342 0.995943 35.4429 
0.995725 0.000387552 -0.0923642 -79.8987 4.65001e-05 0.999989 0.00469672 0.10392 0.092365 -0.00468089 0.995714 36.2434 
0.995559 5.03658e-05 -0.0941451 -79.9875 0.000164747 0.999997 0.0022767 0.106016 0.0941449 -0.00228206 0.995556 37.055 
0.995414 2.58706e-05 -0.0956652 -80.0922 0.000359436 0.999992 0.00401 0.0966002 0.0956645 -0.00402595 0.995406 37.8747 
0.99524 -0.000955998 -0.0974507 -80.1971 0.0013721 0.99999 0.00420249 0.0913336 0.0974457 -0.00431615 0.995232 38.6975 
0.994974 -0.00176964 -0.100117 -80.2855 0.00238538 0.999979 0.00603041 0.0829817 0.100105 -0.00623888 0.994957 39.519 
0.994991 -0.00185561 -0.0999473 -80.4103 0.0028725 0.999946 0.0100309 0.0721197 0.0999232 -0.0102677 0.994942 40.3583 
0.994987 -0.00234652 -0.0999778 -80.5334 0.00379945 0.99989 0.0143442 0.0671035 0.0999331 -0.0146521 0.994886 41.1783 
0.995046 -0.00208586 -0.0993909 -80.6239 0.00370225 0.999864 0.0160809 0.0712294 0.0993437 -0.0163692 0.994919 42.0497 
0.99521 0.00106406 -0.0977506 -80.725 0.000514987 0.99987 0.0161268 0.0703079 0.097755 -0.0160998 0.99508 42.9152 
0.995348 0.000376799 -0.0963396 -80.8157 0.0011204 0.99988 0.0154858 0.0556052 0.0963338 -0.0155217 0.995228 43.7867 
0.995531 -0.00343914 -0.0943737 -80.9209 0.00477412 0.999892 0.0139232 0.0480172 0.0943155 -0.0143115 0.99544 44.619 
0.995782 -0.00660128 -0.0915181 -81.031 0.0077872 0.99989 0.0126068 0.0429966 0.0914248 -0.0132663 0.995724 45.4642 
0.995961 -0.00664815 -0.0895419 -81.1304 0.00774755 0.999899 0.0119357 0.0461938 0.0894534 -0.0125811 0.995912 46.3332 
0.995983 -0.0081261 -0.089173 -81.2155 0.00948884 0.999844 0.0148683 0.038136 0.0890382 -0.0156547 0.995905 47.2019 
0.996016 -0.011136 -0.0884796 -81.3056 0.0127074 0.999771 0.0172162 0.0285392 0.0882676 -0.0182719 0.995929 48.0587 
0.99614 -0.0121187 -0.0869441 -81.4036 0.0136901 0.999753 0.0175003 0.0242092 0.0867105 -0.0186229 0.99606 48.9223 
0.9962 -0.0113057 -0.0863621 -81.4938 0.0126265 0.999811 0.0147625 0.0189458 0.0861788 -0.0157968 0.996154 49.8001 
0.996388 -0.007661 -0.0845708 -81.6036 0.00855563 0.999911 0.0102207 -0.0116842 0.084485 -0.0109073 0.996365 50.6107 
0.996513 -0.00628304 -0.0832006 -81.695 0.00668442 0.999967 0.00454604 -0.0124767 0.0831693 -0.00508629 0.996522 51.4383 
0.996602 -0.00192903 -0.0823425 -81.7999 0.00181151 0.999997 -0.00150241 -0.0192912 0.0823451 0.00134819 0.996603 52.3035 
0.996709 -0.00237099 -0.0810341 -81.8835 0.00223478 0.999996 -0.00177199 -0.0431697 0.0810379 0.00158511 0.99671 53.1316 
0.99674 -0.00381539 -0.0805849 -81.9788 0.00413271 0.999984 0.0037708 -0.0508122 0.0805692 -0.0040915 0.996741 53.9772 
0.996646 -0.00473727 -0.0816986 -82.0624 0.00579392 0.999903 0.0127009 -0.0678962 0.0816305 -0.0131316 0.996576 54.8298 
0.996515 -0.00601882 -0.0831918 -82.1507 0.00774316 0.999762 0.0204197 -0.0752981 0.083049 -0.0209926 0.996324 55.6844 
0.996406 -0.00669052 -0.0844407 -82.2429 0.00826851 0.999797 0.0183512 -0.0828637 0.0843008 -0.0189834 0.99626 56.5322 
0.996207 -0.0113225 -0.0862738 -82.3293 0.0125986 0.999819 0.0142605 -0.0802754 0.0860967 -0.0152933 0.996169 57.3439 
0.996018 -0.0116025 -0.088391 -82.4224 0.0128255 0.99983 0.0132801 -0.099674 0.0882218 -0.0143608 0.995997 58.1587 
0.995821 -0.00964554 -0.0908172 -82.5222 0.0107554 0.999873 0.0117392 -0.119824 0.0906924 -0.0126669 0.995798 58.9664 
0.995649 -0.00818621 -0.0928242 -82.6386 0.00889799 0.999934 0.00725634 -0.119791 0.0927586 -0.00805067 0.995656 59.758 
0.995283 -0.00624344 -0.0968149 -82.7399 0.00665534 0.99997 0.00393173 -0.129929 0.0967874 -0.00455748 0.995295 60.5448 
0.994962 -0.00352071 -0.100188 -82.8379 0.00356153 0.999994 0.000228184 -0.140329 0.100187 -0.000583814 0.994969 61.3574 
0.994668 0.00153588 -0.103116 -82.9508 -0.0015077 0.999999 0.000350784 -0.15561 0.103116 -0.000193402 0.994669 62.1629 
0.994392 0.00499457 -0.105638 -83.0664 -0.00475748 0.999986 0.00249588 -0.176395 0.105648 -0.00197927 0.994402 62.9687 
0.994162 0.0131079 -0.107096 -83.2094 -0.012474 0.999901 0.0065867 -0.159241 0.107172 -0.00521228 0.994227 63.7274 
0.993745 0.0133851 -0.110869 -83.3271 -0.0122857 0.999868 0.0105932 -0.152625 0.110996 -0.00916485 0.993779 64.5203 
0.993229 0.0134407 -0.115396 -83.4407 -0.0118154 0.999821 0.0147573 -0.165938 0.115573 -0.0132939 0.99321 65.3084 
0.992485 0.0133641 -0.121631 -83.559 -0.0114816 0.999803 0.016165 -0.170358 0.121823 -0.014647 0.992444 66.0981 
0.991926 0.0115319 -0.126297 -83.699 -0.0091382 0.999768 0.0195155 -0.178312 0.126492 -0.0182038 0.991801 66.829 
0.991146 0.0105427 -0.132361 -83.8284 -0.00807831 0.999784 0.0191419 -0.18217 0.132534 -0.0179031 0.991017 67.5949 
0.990407 0.0164912 -0.137195 -83.9688 -0.0140282 0.999723 0.0189002 -0.186422 0.137469 -0.0167943 0.990364 68.337 
0.989451 0.0190734 -0.143606 -84.0997 -0.0170585 0.999738 0.0152491 -0.193185 0.14386 -0.0126385 0.989517 69.106 
0.98886 0.021269 -0.14732 -84.2682 -0.0197216 0.999734 0.0119557 -0.191898 0.147535 -0.00891712 0.989017 69.8624 
0.988073 0.0233319 -0.152209 -84.4122 -0.0218845 0.999698 0.0111775 -0.205253 0.152424 -0.00771314 0.988285 70.6168 
0.987316 0.0256254 -0.156684 -84.5584 -0.0235988 0.999612 0.0147814 -0.187661 0.157002 -0.0108963 0.987538 71.3537 
0.986492 0.0262831 -0.161689 -84.7276 -0.023747 0.999563 0.0175974 -0.175339 0.162081 -0.01352 0.986685 72.0611 
0.985532 0.0294825 -0.166903 -84.8992 -0.0266049 0.999457 0.0194512 -0.17219 0.167386 -0.0147293 0.985782 72.8468 
0.984567 0.0282656 -0.17271 -85.0673 -0.0258404 0.999534 0.0162741 -0.181571 0.17309 -0.01156 0.984838 73.6101 
0.983071 0.0272256 -0.181194 -85.2138 -0.0259746 0.99962 0.0092738 -0.186761 0.181377 -0.00441033 0.983404 74.3354 
0.981373 0.0256008 -0.190399 -85.3687 -0.0246209 0.999669 0.00751088 -0.19315 0.190528 -0.00268315 0.981678 75.0775 
0.979265 0.0254908 -0.200975 -85.5432 -0.0239038 0.999661 0.0103196 -0.19127 0.201169 -0.00530153 0.979542 75.8214 
0.976871 0.0263237 -0.212205 -85.7222 -0.0234093 0.999594 0.0162348 -0.190835 0.212546 -0.0108917 0.97709 76.5597 
0.974335 0.0281558 -0.223335 -85.9204 -0.0233373 0.999435 0.0241855 -0.183339 0.22389 -0.0183527 0.974442 77.2957 
0.971583 0.0308145 -0.234686 -86.1211 -0.0250289 0.999306 0.0275922 -0.183337 0.235374 -0.0209341 0.971679 78.0261 
0.968863 0.0342006 -0.245225 -86.3414 -0.0292837 0.999291 0.0236698 -0.185831 0.245861 -0.0157516 0.969177 78.7526 
0.965579 0.0363322 -0.257558 -86.5565 -0.0342867 0.999335 0.0124302 -0.138875 0.257839 -0.00317151 0.966183 79.4597 
0.962516 0.0335953 -0.269138 -86.7818 -0.0326045 0.999435 0.00815186 -0.137091 0.269259 0.000928844 0.963067 80.162 
0.958872 0.0327197 -0.281947 -86.9974 -0.0304401 0.999459 0.0124628 -0.122458 0.282202 -0.00336774 0.959349 80.8824 
0.955913 0.0308807 -0.29202 -87.2553 -0.0260841 0.999454 0.0203057 -0.140645 0.292488 -0.0117933 0.956197 81.5577 
0.952545 0.0314922 -0.302764 -87.5169 -0.0247493 0.999353 0.026083 -0.139647 0.303389 -0.017352 0.952709 82.2609 
0.94852 0.028628 -0.315421 -87.768 -0.0221045 0.999462 0.0242405 -0.140278 0.315945 -0.0160204 0.948642 82.9618 
0.944686 0.0264352 -0.326909 -88.0281 -0.0210488 0.999578 0.0200041 -0.141302 0.3273 -0.0120165 0.944844 83.656 
0.941744 0.0219089 -0.335617 -88.3021 -0.0188387 0.999746 0.0124011 -0.136545 0.335803 -0.005356 0.941917 84.3414 
0.939337 0.0188583 -0.342478 -88.5856 -0.0173927 0.999822 0.00735022 -0.134868 0.342556 -0.000947674 0.939497 85.0347 
0.937319 0.0194786 -0.347927 -88.8918 -0.0191391 0.999807 0.0044129 -0.124636 0.347946 0.00252276 0.937511 85.7275 
0.934276 0.0238847 -0.355751 -89.193 -0.0238019 0.999706 0.00461028 -0.133736 0.355756 0.00416031 0.93457 86.4357 
0.931352 0.0237313 -0.363347 -89.5062 -0.0231626 0.999714 0.00592268 -0.131284 0.363383 0.00290001 0.931635 87.1401 
0.927907 0.022494 -0.372132 -89.7875 -0.0190558 0.999735 0.0129149 -0.143018 0.372324 -0.00489248 0.92809 87.8597 
0.925147 0.0247104 -0.378805 -90.0845 -0.018287 0.999622 0.020546 -0.138842 0.379169 -0.0120808 0.925249 88.5558 
0.922554 0.0349934 -0.384279 -90.4173 -0.0264307 0.999271 0.0275428 -0.139532 0.384963 -0.0152529 0.922806 89.2521 
0.920087 0.0399624 -0.389671 -90.7553 -0.0330958 0.999156 0.0243222 -0.144146 0.390314 -0.00948199 0.920633 89.9327 
0.918344 0.0381714 -0.393937 -91.0976 -0.0338585 0.999266 0.0178955 -0.158323 0.394332 -0.00309602 0.918963 90.6212 
0.916968 0.0319382 -0.397681 -91.4205 -0.0295368 0.99949 0.0121646 -0.178914 0.397866 0.000591721 0.917443 91.2741 
0.915255 0.0316641 -0.401628 -91.7478 -0.0296375 0.999497 0.0112598 -0.180333 0.401783 0.00159772 0.915734 91.974 
0.912988 0.0355473 -0.406434 -92.0845 -0.0324221 0.999368 0.0145749 -0.152965 0.406695 -0.00012922 0.913564 92.6681 
0.910272 0.0395906 -0.412114 -92.4108 -0.034433 0.999208 0.0199358 -0.168007 0.412577 -0.00395667 0.910914 93.3723 
0.90838 0.0363899 -0.41656 -92.7516 -0.0318344 0.999333 0.0178795 -0.172045 0.416933 -0.00298043 0.908932 94.0534 
0.90571 0.0347351 -0.422472 -93.0815 -0.0330847 0.999389 0.0112404 -0.165402 0.422605 0.00379689 0.906306 94.7521 
0.904056 0.0322485 -0.426195 -93.4406 -0.0328199 0.999443 0.00600534 -0.184253 0.426152 0.00855856 0.904611 95.4161 
0.902414 0.0334272 -0.429572 -93.8347 -0.0347949 0.999384 0.00467247 -0.185401 0.429463 0.0107305 0.903021 96.1135 
0.899831 0.0368321 -0.434681 -94.165 -0.0361084 0.999299 0.00992626 -0.210626 0.434742 0.00676372 0.90053 96.8045 
0.897486 0.0373614 -0.439457 -94.513 -0.0357294 0.99929 0.0119878 -0.216924 0.439593 0.00494266 0.898184 97.5062 
0.894243 0.0396208 -0.445825 -94.8528 -0.0368998 0.99921 0.0147862 -0.242758 0.446058 0.00322838 0.894998 98.2054 
0.89216 0.0368282 -0.450216 -95.2139 -0.0345362 0.999315 0.0133072 -0.240965 0.450398 0.00367665 0.892821 98.8883 
0.889639 0.0347064 -0.455344 -95.5623 -0.0330609 0.999386 0.0115797 -0.229622 0.455466 0.00475238 0.89024 99.5575 
0.887244 0.0341527 -0.460035 -95.9162 -0.0318065 0.999411 0.0128521 -0.242069 0.460203 0.00322923 0.887808 100.225 
0.884547 0.0365283 -0.465018 -96.2812 -0.0343139 0.999324 0.013228 -0.244317 0.465187 0.00425585 0.885202 100.888 
0.8818 0.0368443 -0.470183 -96.6451 -0.0346067 0.999311 0.0134048 -0.251175 0.470353 0.00445118 0.882467 101.565 
0.879572 0.0337526 -0.474567 -97.0132 -0.0335334 0.999398 0.00892858 -0.252126 0.474582 0.00806056 0.880174 102.202 
0.877948 0.030677 -0.477772 -97.3863 -0.0325682 0.99946 0.00432681 -0.25703 0.477647 0.0117615 0.878473 102.834 
0.876245 0.0286423 -0.481015 -97.7664 -0.0318362 0.999492 0.00152055 -0.254887 0.480814 0.0139813 0.876711 103.486 
0.873433 0.0314665 -0.485927 -98.1279 -0.0327733 0.999446 0.00581096 -0.269619 0.48584 0.01085 0.87398 104.148 
0.872571 0.0372175 -0.487067 -98.5311 -0.0337439 0.999304 0.0159066 -0.284928 0.48732 0.00255595 0.87322 104.773 
0.871113 0.0386013 -0.489564 -98.9081 -0.0313152 0.999243 0.0230675 -0.262536 0.490084 -0.00476351 0.871662 105.407 
0.869117 0.0377168 -0.493166 -99.2688 -0.0283083 0.999247 0.026533 -0.246196 0.493795 -0.00909956 0.869531 106.063 
0.868141 0.0357739 -0.495027 -99.6238 -0.0251274 0.999288 0.0281485 -0.261449 0.495682 -0.011998 0.868421 106.63 
0.86617 0.033416 -0.498631 -99.9739 -0.0248688 0.999408 0.0237762 -0.256095 0.49913 -0.00819384 0.866488 107.21 
0.864832 0.0332409 -0.500959 -100.315 -0.0263415 0.999436 0.0208423 -0.252761 0.50137 -0.00482899 0.86522 107.766 
0.863829 0.0316997 -0.502787 -100.665 -0.0266165 0.999496 0.0172869 -0.227077 0.503082 -0.0015504 0.864237 108.306 
0.862917 0.0305531 -0.504422 -100.994 -0.0265798 0.999533 0.0150721 -0.198818 0.504647 0.000401464 0.863326 108.842 
0.861418 0.0313088 -0.506932 -101.315 -0.0269601 0.99951 0.0159183 -0.192305 0.507181 -4.53049e-05 0.861839 109.365 
0.860818 0.0322873 -0.507888 -101.63 -0.0283945 0.999478 0.0154127 -0.169569 0.508121 0.00115374 0.861285 109.849 
0.858933 0.0284015 -0.5113 -101.916 -0.0242771 0.999597 0.0147421 -0.161368 0.511513 -0.000249498 0.859276 110.358 
0.858319 0.0245236 -0.51253 -102.228 -0.0206324 0.999699 0.0132811 -0.145727 0.512701 -0.000824673 0.858567 110.807 
0.856701 0.0235122 -0.515278 -102.486 -0.0206156 0.999723 0.0113421 -0.132133 0.515402 0.000906032 0.856948 111.251 
0.855989 0.0228046 -0.516492 -102.769 -0.0208501 0.999737 0.00958611 -0.157526 0.516574 0.00256336 0.856239 111.644 
0.854662 0.020051 -0.518797 -103.03 -0.020396 0.999779 0.00504014 -0.14812 0.518784 0.00627383 0.854882 112.027 
0.852816 0.0170806 -0.521932 -103.276 -0.0176765 0.999836 0.00383764 -0.170033 0.521912 0.00595319 0.852978 112.397 
0.849844 0.0129368 -0.526876 -103.513 -0.0131067 0.999908 0.00341064 -0.160665 0.526872 0.00400714 0.849936 112.777 
0.846751 0.0132787 -0.531824 -103.75 -0.0128759 0.999907 0.00446534 -0.15856 0.531834 0.00306672 0.846843 113.121 
0.842094 0.0178156 -0.539037 -103.965 -0.0169399 0.999835 0.00658139 -0.166506 0.539065 0.00358913 0.842257 113.476 
0.838316 0.023882 -0.544661 -104.186 -0.0208947 0.999714 0.0116747 -0.174226 0.544784 0.00159343 0.838575 113.794 
0.833771 0.028679 -0.551365 -104.392 -0.0223593 0.999585 0.0181812 -0.180373 0.551657 -0.00283076 0.834066 114.11 
0.828722 0.0301656 -0.558847 -104.581 -0.0214835 0.999525 0.0220945 -0.182488 0.559248 -0.00630416 0.828977 114.39 
0.823161 0.0265797 -0.567185 -104.761 -0.017247 0.999613 0.0218134 -0.161062 0.567546 -0.00817367 0.823301 114.654 
0.816087 0.0224431 -0.577493 -104.95 -0.0131383 0.999708 0.0202853 -0.124658 0.57778 -0.00896724 0.816144 114.909 
0.807837 0.0208369 -0.589038 -105.134 -0.00975358 0.999711 0.0219876 -0.132066 0.589326 -0.0120171 0.807806 115.12 
0.797535 0.0195543 -0.602956 -105.307 -0.0084147 0.999738 0.021292 -0.109112 0.603214 -0.0119074 0.79749 115.337 
0.785335 0.0209587 -0.618717 -105.488 -0.0102475 0.99973 0.0208581 -0.109453 0.618987 -0.0100402 0.785337 115.531 
0.772177 0.0193021 -0.635114 -105.668 -0.0111857 0.999797 0.0167856 -0.0885015 0.635309 -0.0058572 0.772236 115.689 
0.75638 0.0162368 -0.653931 -105.814 -0.0126528 0.999868 0.0101912 -0.0652919 0.65401 0.00056565 0.756486 115.878 
0.743318 0.0132616 -0.668807 -106.037 -0.0125162 0.999904 0.00591626 -0.0743235 0.668822 0.0039733 0.743412 116.016 
0.727015 0.0127339 -0.686504 -106.167 -0.0176174 0.999845 -0.000110959 -0.049213 0.686396 0.0121751 0.727126 116.158 
0.710358 0.0162272 -0.703654 -106.32 -0.0243503 0.999702 -0.00152786 -0.0475533 0.703419 0.0182195 0.710541 116.298 
0.693405 0.0158196 -0.720374 -106.493 -0.0253603 0.999675 -0.00245781 -0.0272132 0.720102 0.0199732 0.693581 116.435 
0.674473 0.015265 -0.738142 -106.646 -0.0222429 0.999753 0.000350853 -0.0435317 0.737965 0.0161818 0.674645 116.567 
0.654001 0.0148212 -0.756349 -106.829 -0.0201343 0.999795 0.00218192 -0.0403292 0.756226 0.0138016 0.654165 116.714 
0.632583 0.0170282 -0.774306 -107.013 -0.0201679 0.999781 0.00551021 -0.0486846 0.77423 0.0121305 0.632788 116.814 
0.608877 0.0219269 -0.792961 -107.224 -0.0240262 0.999669 0.00919423 -0.0481166 0.792901 0.0134537 0.609203 116.918 
0.585112 0.0246201 -0.810579 -107.411 -0.0265674 0.999585 0.0111833 -0.0269506 0.810517 0.0149915 0.585523 117.01 
0.560219 0.027663 -0.827883 -107.605 -0.0273211 0.999516 0.0149101 -0.0310796 0.827894 0.0142657 0.560703 117.105 
0.536012 0.030054 -0.843675 -107.821 -0.0302323 0.999408 0.0163941 -0.0141483 0.843669 0.0167189 0.536603 117.169 
0.508704 0.034565 -0.860247 -108.015 -0.0347717 0.999203 0.0195862 -0.0138496 0.860239 0.0199487 0.5095 117.263 
0.48139 0.0377724 -0.875692 -108.232 -0.0375099 0.999044 0.022473 -0.0129096 0.875703 0.0220289 0.482347 117.336 
0.45059 0.0369492 -0.891966 -108.44 -0.0375599 0.999043 0.0224108 -0.00832727 0.891941 0.0234042 0.451546 117.431 
0.420527 0.0343452 -0.90663 -108.667 -0.0384119 0.999061 0.0200299 -0.00452313 0.906467 0.0264023 0.421452 117.473 
0.383212 0.0278231 -0.923241 -108.934 -0.0379566 0.999176 0.0143567 0.0310154 0.92288 0.0295415 0.383952 117.586 
0.345244 0.0271229 -0.938121 -109.189 -0.0374409 0.999185 0.0151095 0.0157225 0.937766 0.0299077 0.345978 117.633 
0.303568 0.0259737 -0.952456 -109.471 -0.0384885 0.999147 0.0149799 0.0326265 0.952032 0.0321112 0.304309 117.69 
0.258863 0.0217244 -0.96567 -109.795 -0.0357288 0.999278 0.0129028 0.0619719 0.965253 0.0311622 0.259453 117.749 
0.213322 0.0190259 -0.976797 -110.114 -0.0355575 0.999299 0.0116988 0.0733927 0.976335 0.0322368 0.213849 117.765 
0.163694 0.0168343 -0.986368 -110.441 -0.0359249 0.999293 0.011093 0.09044 0.985857 0.0336194 0.164183 117.78 
0.114719 0.0167175 -0.993257 -110.76 -0.0341537 0.999334 0.0128751 0.0974524 0.992811 0.0324464 0.115214 117.766 
0.064568 0.0185635 -0.997741 -111.079 -0.033181 0.999314 0.0164455 0.102241 0.997362 0.0320442 0.0651396 117.711 
0.013203 0.018077 -0.999749 -111.444 -0.0335942 0.99928 0.0176249 0.138691 0.999348 0.0333531 0.0138007 117.659 
-0.0400454 0.0194026 -0.99901 -111.822 -0.0329003 0.999244 0.020726 0.150916 0.998656 0.0336977 -0.0393768 117.603 
-0.0939627 0.0231814 -0.995306 -112.215 -0.025584 0.999343 0.0256907 0.140288 0.995247 0.027878 -0.0933078 117.52 
-0.146439 0.0251259 -0.988901 -112.648 -0.0213303 0.999365 0.0285504 0.14467 0.98899 0.0252745 -0.14581 117.407 
-0.198086 0.0259906 -0.97984 -113.047 -0.0191585 0.999355 0.0303813 0.167455 0.979997 0.0247904 -0.19746 117.279 
-0.247562 0.026345 -0.968514 -113.459 -0.0164567 0.999372 0.0313909 0.192554 0.968732 0.0237097 -0.246972 117.126 
-0.296044 0.0270452 -0.954791 -113.887 -0.0118935 0.999417 0.031997 0.215807 0.9551 0.0208283 -0.29555 116.946 
-0.34238 0.0298998 -0.939086 -114.242 -0.00553909 0.999412 0.03384 0.213379 0.939545 0.0167879 -0.342013 116.781 
-0.387295 0.0337202 -0.921339 -114.671 0.00162357 0.999354 0.035893 0.216306 0.921954 0.0124054 -0.3871 116.578 
