1 2.12261e-08 -2.11895e-08 -3.93522e-15 2.12261e-08 1 2.10703e-08 -6.66134e-16 -2.11895e-08 2.10703e-08 1 -4.4964e-15 
0.999992 0.003748 0.0012497 -0.0308874 -0.00374967 0.999992 0.00136878 -0.0357674 -0.0012446 -0.00137342 0.999998 0.626376 
0.99998 0.00578975 0.00261951 -0.0809113 -0.00579518 0.999981 0.00208505 -0.0628567 -0.00260743 -0.00210015 0.999994 1.35616 
0.999967 0.00670085 0.00456101 -0.131196 -0.00671007 0.999975 0.00202013 -0.0900662 -0.0045474 -0.00205062 0.999988 2.06268 
0.999957 0.00841651 0.00390141 -0.114641 -0.00842138 0.999964 0.00124378 -0.102638 -0.00389085 -0.00127654 0.999992 2.74874 
0.999959 0.00817197 0.00400246 -0.122093 -0.0081776 0.999966 0.00140134 -0.124801 -0.00399091 -0.00143397 0.999991 3.46934 
0.999962 0.00783841 0.00378473 -0.131334 -0.00784695 0.999967 0.00225846 -0.13313 -0.00376694 -0.00228803 0.99999 4.19121 
0.999952 0.00895437 0.00405406 -0.134831 -0.00897477 0.999947 0.00505301 -0.146183 -0.00400864 -0.00508911 0.999979 4.88139 
0.999957 0.00763268 0.00518022 -0.13183 -0.00768095 0.999927 0.00937144 -0.16785 -0.00510835 -0.00941079 0.999943 5.53701 
0.999953 0.00699538 0.0067503 -0.158326 -0.00707882 0.999898 0.0124233 -0.164607 -0.00666275 -0.0124705 0.9999 6.19373 
0.99996 0.00637054 0.0062288 -0.14768 -0.00645832 0.999879 0.0141824 -0.162601 -0.00613773 -0.014222 0.99988 6.80002 
0.999948 0.00718194 0.00721845 -0.14877 -0.00727879 0.999883 0.0134864 -0.167166 -0.00712079 -0.0135382 0.999883 7.38363 
0.99993 0.00794969 0.00880877 -0.17181 -0.00805422 0.999897 0.0118997 -0.1919 -0.0087133 -0.0119698 0.99989 7.93371 
0.999913 0.00824764 0.0102912 -0.208575 -0.00834658 0.999919 0.00961276 -0.204199 -0.0102112 -0.00969778 0.999901 8.42432 
0.999909 0.00682477 0.0116485 -0.179863 -0.00692395 0.99994 0.00849931 -0.219744 -0.0115898 -0.00857914 0.999896 8.91866 
0.999904 0.00350365 0.0134017 -0.168469 -0.00358582 0.999975 0.00611569 -0.224429 -0.01338 -0.00616312 0.999892 9.40381 
0.999871 0.00149154 0.015983 -0.18294 -0.0015686 0.999987 0.00481272 -0.234152 -0.0159757 -0.00483713 0.999861 9.83492 
0.999818 0.00665624 0.0178595 -0.189771 -0.00671781 0.999972 0.00339241 -0.248759 -0.0178364 -0.00351173 0.999835 10.262 
0.999696 0.0115475 0.021771 -0.203873 -0.0115995 0.99993 0.00226419 -0.256369 -0.0217434 -0.00251599 0.99976 10.6355 
0.999602 0.0106363 0.026118 -0.220621 -0.0107157 0.999938 0.00290358 -0.256211 -0.0260855 -0.00318226 0.999655 11.0055 
0.999534 0.00698848 0.0297177 -0.222932 -0.00707126 0.999971 0.00268288 -0.256388 -0.0296981 -0.00289173 0.999555 11.3137 
0.999472 0.00226527 0.0324074 -0.197465 -0.00234656 0.999994 0.00247187 -0.257573 -0.0324017 -0.00254657 0.999472 11.6328 
0.999387 -0.000814401 0.0349884 -0.202532 0.000701557 0.999995 0.00323856 -0.247604 -0.0349909 -0.00321199 0.999383 11.8724 
0.999286 -0.000838186 0.0377834 -0.199125 0.000668356 0.99999 0.00450838 -0.255301 -0.0377869 -0.00447987 0.999276 12.1129 
0.999196 0.00060662 0.040093 -0.188864 -0.000745619 0.999994 0.00345313 -0.260013 -0.0400907 -0.0034802 0.99919 12.3217 
0.999126 0.00224381 0.0417299 -0.1726 -0.00233152 0.999995 0.00205435 -0.264683 -0.0417251 -0.00214981 0.999127 12.5288 
0.999009 0.00364881 0.0443613 -0.162716 -0.00374243 0.999991 0.00202858 -0.277008 -0.0443536 -0.00219255 0.999014 12.7113 
0.998898 0.00702694 0.046402 -0.171593 -0.00708767 0.999974 0.00114524 -0.277388 -0.0463928 -0.00147282 0.998922 12.8711 
0.9988 0.00839243 0.0482567 -0.173433 -0.00840869 0.999965 0.000134748 -0.289065 -0.0482539 -0.00054032 0.998835 13.0239 
0.998698 0.00734617 0.0504876 -0.16521 -0.00726239 0.999972 -0.00184186 -0.288611 -0.0504997 0.00147284 0.998723 13.1786 
0.998651 0.00557149 0.0516273 -0.155789 -0.00541096 0.99998 -0.00324784 -0.289698 -0.0516444 0.00296415 0.998661 13.335 
0.998549 0.00444604 0.0536716 -0.161825 -0.00424409 0.999984 -0.00387535 -0.299886 -0.0536879 0.00364198 0.998551 13.4547 
0.998466 0.00575552 0.0550639 -0.164747 -0.00544899 0.999969 -0.00571456 -0.295934 -0.0550951 0.00540579 0.998467 13.5825 
0.998432 0.00604764 0.0556467 -0.146597 -0.00564793 0.999957 -0.00733653 -0.296385 -0.0556887 0.00701078 0.998424 13.7096 
0.998365 0.00655168 0.0567885 -0.101913 -0.00597399 0.999929 -0.0103356 -0.285734 -0.0568522 0.00997952 0.998333 13.9196 
0.998342 0.0055642 0.0572999 -0.0964061 -0.00478778 0.999895 -0.0136778 -0.28206 -0.05737 0.0133808 0.998263 14.0305 
0.998342 0.00431277 0.0574031 -0.100445 -0.00340056 0.999867 -0.0159787 -0.276885 -0.0574644 0.0157571 0.998223 14.1628 
0.998447 0.00490664 0.0554902 -0.104703 -0.00397598 0.99985 -0.0168688 -0.279294 -0.0555646 0.016622 0.998317 14.2864 
0.998602 0.00467988 0.0526531 -0.0963189 -0.00374648 0.999834 -0.0178112 -0.284239 -0.0527278 0.017589 0.998454 14.4159 
0.998818 0.00440895 0.0484061 -0.0970049 -0.00351909 0.999824 -0.0184522 -0.298503 -0.048479 0.0182601 0.998657 14.5315 
0.999078 0.00520083 0.0426137 -0.100495 -0.00435836 0.999794 -0.0198382 -0.292025 -0.0427081 0.0196342 0.998895 14.6581 
0.99933 0.00430155 0.036341 -0.100721 -0.00358181 0.999797 -0.0198459 -0.304135 -0.036419 0.0197025 0.999142 14.7977 
0.999574 0.00446177 0.028829 -0.0934637 -0.00385476 0.999771 -0.0210752 -0.305874 -0.0289164 0.0209551 0.999362 14.9516 
0.999773 0.00472037 0.0207882 -0.121354 -0.00427575 0.999762 -0.0213788 -0.315922 -0.0208842 0.0212851 0.999555 15.0476 
0.999941 0.00331129 0.0103347 -0.115886 -0.00307628 0.999738 -0.0226691 -0.316953 -0.0104071 0.022636 0.99969 15.2027 
0.999995 0.00239583 -0.00205899 -0.13589 -0.00244592 0.999692 -0.0246982 -0.316051 0.00199914 0.0247031 0.999693 15.3341 
0.999837 0.00148676 -0.0180143 -0.159892 -0.00196277 0.999649 -0.026438 -0.318914 0.0179686 0.0264691 0.999488 15.4947 
0.999309 0.00187762 -0.0371129 -0.202418 -0.00288574 0.999628 -0.0271298 -0.332643 0.0370481 0.0272182 0.998943 15.6538 
0.998276 0.00247797 -0.058642 -0.243586 -0.00404775 0.999636 -0.026666 -0.333659 0.0585546 0.0268574 0.997923 15.8418 
0.996486 0.00279601 -0.0837158 -0.251406 -0.00493474 0.999666 -0.025352 -0.338528 0.083617 0.0256761 0.996167 16.0748 
0.993815 0.00216311 -0.111027 -0.295314 -0.0048847 0.999694 -0.024247 -0.349841 0.110941 0.0246395 0.993522 16.2778 
0.989898 0.00337486 -0.141741 -0.357806 -0.00664548 0.999722 -0.0226078 -0.349033 0.141626 0.0233214 0.989646 16.5327 
0.984382 0.00357788 -0.17601 -0.404426 -0.00695662 0.999803 -0.0185833 -0.362793 0.175909 0.0195175 0.984213 16.7601 
0.97683 0.00330616 -0.213989 -0.484852 -0.00662804 0.999868 -0.0148082 -0.361038 0.213912 0.0158835 0.976724 17.03 
0.967112 0.00521283 -0.254296 -0.588148 -0.00800706 0.999918 -0.00995434 -0.360371 0.254224 0.0116632 0.967075 17.3093 
0.954939 0.00940681 -0.296654 -0.711069 -0.0110505 0.999932 -0.0038645 -0.383376 0.296597 0.00696858 0.954977 17.6019 
0.940367 0.0133523 -0.3399 -0.82261 -0.0140946 0.999901 0.000284966 -0.38321 0.33987 0.00452283 0.940461 17.8832 
0.923151 0.014939 -0.384148 -0.981866 -0.013653 0.999888 0.00607439 -0.389559 0.384195 -0.000362762 0.923252 18.186 
0.903517 0.0181513 -0.428167 -1.17115 -0.0139886 0.999819 0.0128667 -0.382157 0.428323 -0.00563577 0.903608 18.4888 
0.880963 0.022707 -0.47264 -1.35403 -0.0153656 0.999694 0.019388 -0.379733 0.472935 -0.00981764 0.881043 18.7737 
0.855327 0.0291355 -0.517268 -1.56199 -0.019251 0.999515 0.024466 -0.381857 0.517731 -0.0109684 0.855473 19.0532 
0.826486 0.0319695 -0.562049 -1.7977 -0.0202017 0.999427 0.0271413 -0.377981 0.562595 -0.0110774 0.826658 19.355 
0.794513 0.0344876 -0.606267 -2.07716 -0.0223886 0.999371 0.0275091 -0.352639 0.606834 -0.00828282 0.794786 19.657 
0.760205 0.0373159 -0.648611 -2.36198 -0.0229325 0.999268 0.0306119 -0.350008 0.649279 -0.00839705 0.760504 19.9263 
0.721271 0.0393761 -0.691533 -2.66392 -0.0231731 0.999196 0.032725 -0.310589 0.692266 -0.00757856 0.721603 20.2199 
0.681239 0.0406067 -0.730934 -3.01826 -0.0205228 0.999127 0.0363786 -0.306281 0.731773 -0.00978172 0.681478 20.5009 
0.639163 0.0408807 -0.767984 -3.40071 -0.019895 0.999131 0.0366271 -0.289277 0.768814 -0.00813161 0.639421 20.7833 
0.595685 0.0391379 -0.802264 -3.80137 -0.0147551 0.999177 0.0377884 -0.266827 0.803082 -0.0106724 0.595772 21.0548 
0.54987 0.0388834 -0.834345 -4.21659 -0.00918689 0.999137 0.0405087 -0.253529 0.8352 -0.0146094 0.549753 21.2854 
0.501958 0.039007 -0.864012 -4.67383 -0.00759441 0.999143 0.0406956 -0.215683 0.864858 -0.0138658 0.501824 21.5148 
0.452584 0.0391384 -0.890863 -5.13631 -0.00756384 0.999169 0.0400539 -0.196848 0.89169 -0.0113894 0.452504 21.6864 
0.39995 0.0385215 -0.915727 -5.62848 -0.000591771 0.999127 0.0417714 -0.19078 0.916537 -0.0161645 0.399623 21.8592 
0.345329 0.0388001 -0.937679 -6.13609 0.00186464 0.999115 0.042029 -0.182295 0.93848 -0.0162622 0.344951 22.0158 
0.289909 0.0367302 -0.956349 -6.66609 0.00468391 0.999197 0.0397957 -0.143258 0.957043 -0.0160165 0.289504 22.1483 
0.235446 0.0425505 -0.970956 -7.2466 0.00579394 0.998962 0.0451828 -0.120816 0.97187 -0.0162637 0.234955 22.2545 
0.1834 0.0465284 -0.981937 -7.85926 0.00752681 0.998784 0.0487325 -0.0798072 0.98301 -0.0163284 0.182827 22.3466 
0.134921 0.0479703 -0.989694 -8.48108 0.0114999 0.998684 0.0499737 -0.0534675 0.99079 -0.0181238 0.134192 22.4006 
0.0917526 0.0499047 -0.994531 -9.10164 0.0149195 0.998562 0.0514835 -0.0452059 0.99567 -0.0195616 0.0908761 22.4137 
0.0511762 0.0467551 -0.997595 -9.73466 0.0128594 0.99879 0.0474708 -0.0027081 0.998607 -0.0152578 0.050513 22.4168 
0.015922 0.0432414 -0.998938 -10.4121 0.011771 0.998987 0.0434311 0.0138983 0.999804 -0.01245 0.0153968 22.3887 
-0.0117187 0.0419613 -0.999051 -11.0157 0.00884269 0.999084 0.041859 0.0464254 0.999892 -0.00834372 -0.012079 22.3302 
-0.0321754 0.0459786 -0.998424 -11.7162 0.00726763 0.998926 0.0457675 0.0717611 0.999456 -0.00578355 -0.032475 22.2791 
-0.0447118 0.0516691 -0.997663 -12.4594 0.00882909 0.998643 0.0513242 0.103835 0.998961 -0.00651361 -0.0451073 22.219 
-0.0526787 0.0539509 -0.997153 -13.1949 0.00900447 0.998525 0.0535494 0.132778 0.998571 -0.00615788 -0.0530868 22.1725 
-0.0569246 0.0518593 -0.997031 -13.9795 0.0109938 0.998622 0.0513144 0.149283 0.998318 -0.00804011 -0.0574163 22.1235 
-0.0564333 0.0486583 -0.99722 -14.7633 0.021286 0.998643 0.0475232 0.167321 0.998179 -0.0185449 -0.0573925 22.074 
-0.0526262 0.0470009 -0.997508 -15.5565 0.0322545 0.998451 0.0453437 0.209371 0.998093 -0.0297878 -0.0540607 22.0434 
-0.046809 0.0480975 -0.997745 -16.3582 0.0325418 0.998383 0.0466016 0.22363 0.998374 -0.030287 -0.0482985 21.9831 
-0.0435291 0.046304 -0.997979 -17.4206 0.0324967 0.998462 0.044909 0.281919 0.998524 -0.0304761 -0.0449669 22.0001 
-0.0393085 0.0394082 -0.99845 -18.2588 0.0369736 0.998595 0.0379583 0.31937 0.998543 -0.0354241 -0.0407104 21.9105 
-0.0372913 0.0291162 -0.99888 -19.1259 0.0344297 0.999019 0.0278349 0.330205 0.998711 -0.0333531 -0.0382572 21.8728 
-0.0367727 0.0209928 -0.999103 -20.0077 0.0262488 0.999455 0.0200341 0.345393 0.998979 -0.0254885 -0.0373036 21.808 
-0.0384984 0.0182018 -0.999093 -20.9206 0.0215737 0.999616 0.01738 0.357489 0.999026 -0.0208849 -0.0388763 21.7555 
-0.0425681 0.0243821 -0.998796 -21.8633 0.0128678 0.999633 0.0238541 0.359552 0.999011 -0.0118368 -0.0428662 21.6909 
-0.0489029 0.0333056 -0.998248 -22.8476 0.00894289 0.999418 0.0329065 0.362884 0.998764 -0.00731796 -0.0491723 21.6314 
-0.0535137 0.0418948 -0.997688 -23.879 0.00782775 0.999106 0.0415345 0.408241 0.998536 -0.00558694 -0.0537938 21.5587 
-0.0550524 0.0513611 -0.997162 -24.9093 0.00670199 0.998673 0.0510689 0.449135 0.998461 -0.00387146 -0.0553236 21.4873 
-0.0562707 0.0583326 -0.99671 -25.9079 0.00890993 0.998281 0.0579215 0.497833 0.998376 -0.00562129 -0.0566937 21.4078 
-0.0578503 0.0582055 -0.996627 -26.9247 0.009591 0.998285 0.0577456 0.544843 0.998279 -0.00621801 -0.0583094 21.338 
-0.0585735 0.0561857 -0.996701 -27.9328 0.00908172 0.998404 0.0557479 0.57732 0.998242 -0.00578637 -0.0589902 21.2578 
-0.0613875 0.0513392 -0.996793 -28.9734 0.0100123 0.998658 0.0508187 0.604571 0.998064 -0.00686049 -0.0618191 21.1666 
-0.0660026 0.0463211 -0.996744 -29.9752 0.00934138 0.998907 0.045803 0.634939 0.997776 -0.0062878 -0.0663632 21.0934 
-0.0720373 0.0418407 -0.996524 -30.9477 0.0110702 0.999092 0.0411482 0.661705 0.997341 -0.00806749 -0.0724351 20.9971 
-0.0782004 0.0403034 -0.996123 -31.9965 0.00880817 0.999171 0.0397353 0.688385 0.996899 -0.00566666 -0.0784906 20.864 
-0.0846981 0.0422434 -0.995511 -33.0575 0.0110532 0.999079 0.0414544 0.727682 0.996345 -0.00749243 -0.085087 20.7619 
-0.0911595 0.0468421 -0.994734 -34.1205 0.0107981 0.998881 0.0460478 0.757248 0.995778 -0.00654353 -0.0915633 20.6343 
-0.0974688 0.0500907 -0.993977 -35.1767 0.00807098 0.99874 0.0495393 0.78213 0.995206 -0.0031938 -0.0977502 20.5169 
-0.102421 0.0519928 -0.993382 -36.2492 0.00702107 0.998646 0.0515444 0.820536 0.994716 -0.00169536 -0.102647 20.3803 
-0.105936 0.0536346 -0.992925 -37.3084 0.00313563 0.998557 0.0536043 0.855837 0.994368 0.00256524 -0.105952 20.2601 
-0.109081 0.0538016 -0.992576 -38.3704 -0.000706612 0.99853 0.054202 0.903725 0.994033 0.00661383 -0.108883 20.1369 
-0.110573 0.0548557 -0.992353 -39.4823 -0.00117098 0.998468 0.0553242 0.933184 0.993867 0.00727942 -0.110339 19.9853 
-0.113072 0.0524469 -0.992202 -40.6103 -6.39144e-05 0.998606 0.0527927 1.01019 0.993587 0.00603284 -0.112911 19.8781 
-0.112813 0.0521925 -0.992245 -41.6426 -0.000391884 0.998617 0.0525723 1.03093 0.993616 0.00631974 -0.112637 19.6863 
-0.111964 0.0514002 -0.992382 -42.75 -0.00289438 0.99864 0.0520509 1.07175 0.993708 0.00870021 -0.111663 19.4769 
-0.111862 0.0491172 -0.992509 -43.8715 -0.00777691 0.998704 0.0503003 1.11375 0.993693 0.0133454 -0.111335 19.2974 
-0.110409 0.0445793 -0.992886 -45 -0.0127929 0.998847 0.0462695 1.15669 0.993804 0.0178105 -0.109711 19.1053 
-0.110899 0.0433242 -0.992887 -46.0895 -0.0136261 0.998889 0.0451081 1.20512 0.993738 0.0185317 -0.110186 18.9716 
-0.11132 0.0474256 -0.992652 -47.2114 -0.0136622 0.998693 0.0492463 1.24104 0.993691 0.019044 -0.110527 18.8564 
-0.11403 0.0509454 -0.99217 -48.227 -0.0121432 0.998538 0.052668 1.26537 0.993403 0.0180539 -0.113245 18.7945 
-0.111213 0.0511159 -0.992481 -49.3979 -0.00868388 0.998588 0.0524035 1.30456 0.993759 0.0144466 -0.110612 18.6179 
-0.108877 0.0509579 -0.992748 -50.5225 -0.00858144 0.9986 0.0521994 1.3288 0.994018 0.0142026 -0.108288 18.4788 
-0.104182 0.0507181 -0.993264 -51.6136 -0.0134007 0.998537 0.052393 1.38307 0.994468 0.0187689 -0.10335 18.3171 
-0.098064 0.0525418 -0.993792 -52.6994 -0.0175685 0.998358 0.0545168 1.4106 0.995025 0.0228056 -0.09698 18.1626 
-0.0923857 0.0528046 -0.994322 -53.8545 -0.0221599 0.998237 0.0550714 1.44782 0.995477 0.0271219 -0.0910526 18.0237 
-0.0883857 0.0524272 -0.994706 -54.9845 -0.0232273 0.998234 0.0546771 1.49135 0.995816 0.027937 -0.0870119 17.9289 
-0.0823491 0.0511393 -0.995291 -56.1048 -0.0233076 0.998311 0.053223 1.54949 0.996331 0.0275808 -0.081018 17.815 
-0.0764076 0.0500822 -0.995818 -57.2387 -0.0207049 0.998443 0.0518029 1.60457 0.996862 0.0245765 -0.0752517 17.7006 
-0.071067 0.0524267 -0.996093 -58.3796 -0.0187722 0.998371 0.0538859 1.63739 0.997295 0.0225285 -0.069967 17.6048 
-0.0654981 0.0541917 -0.99638 -59.4531 -0.0173871 0.998311 0.0554396 1.67515 0.997701 0.0209554 -0.0644452 17.5028 
-0.0597545 0.0536275 -0.996772 -60.5804 -0.0202364 0.998286 0.0549221 1.73592 0.998008 0.023453 -0.0585669 17.4079 
-0.0520882 0.0516118 -0.997308 -61.8575 -0.018929 0.998433 0.0526587 1.82446 0.998463 0.021621 -0.0510296 17.2723 
-0.0465632 0.0475987 -0.997781 -63.0059 -0.0206711 0.998604 0.0486026 1.86535 0.998701 0.0228884 -0.0455143 17.1899 
-0.0426915 0.0413598 -0.998232 -64.15 -0.0192465 0.998923 0.0422116 1.91717 0.998903 0.0210146 -0.0418495 17.1246 
-0.0395613 0.0423766 -0.998318 -65.3273 -0.0202025 0.998862 0.0432002 1.94067 0.999013 0.0218776 -0.0386601 17.0477 
-0.0412546 0.043212 -0.998214 -66.4355 -0.0202738 0.998822 0.0440762 1.9827 0.998943 0.022056 -0.0403299 17.0572 
-0.0403729 0.0435428 -0.998236 -67.5947 -0.0193389 0.998829 0.0443508 2.00189 0.998998 0.0210954 -0.0394836 17.0073 
-0.0401554 0.0426413 -0.998283 -68.7614 -0.0219919 0.998809 0.0435484 2.03452 0.998951 0.0237029 -0.0391699 16.9421 
-0.0410575 0.0435585 -0.998207 -69.9173 -0.0225139 0.998755 0.0445085 2.06328 0.998903 0.0243009 -0.0400257 16.8889 
-0.0410826 0.0428497 -0.998237 -71.093 -0.0248927 0.998726 0.0438952 2.11291 0.998846 0.0266522 -0.0399636 16.8371 
-0.0414454 0.0385584 -0.998397 -72.225 -0.0227921 0.998959 0.0395262 2.16817 0.998881 0.0243938 -0.0405234 16.7907 
-0.0416294 0.0364998 -0.998466 -73.4616 -0.0232623 0.999026 0.0374901 2.22405 0.998862 0.0247874 -0.0407398 16.7214 
-0.0421163 0.0357652 -0.998472 -74.6388 -0.0188879 0.999152 0.0365862 2.24956 0.998934 0.0203999 -0.041405 16.6609 
-0.040324 0.0365262 -0.998519 -75.8261 -0.0180395 0.999142 0.0372775 2.28143 0.999024 0.019516 -0.0396305 16.5768 
-0.0425758 0.0379736 -0.998371 -77.038 -0.0169344 0.999106 0.0387237 2.31238 0.99895 0.0185555 -0.0418947 16.5264 
-0.0407927 0.0428795 -0.998247 -78.2202 -0.0192379 0.99886 0.0436919 2.31688 0.998982 0.0209865 -0.0399213 16.4387 
-0.0407658 0.0430892 -0.998239 -79.4093 -0.0207596 0.998818 0.0439619 2.34506 0.998953 0.0225152 -0.0398231 16.3747 
-0.0399016 0.040077 -0.9984 -80.5838 -0.0220599 0.998916 0.0409794 2.3859 0.99896 0.0236598 -0.0389743 16.3065 
-0.0419455 0.0385522 -0.998376 -81.77 -0.0231231 0.99895 0.0395458 2.40709 0.998852 0.0247443 -0.04101 16.2551 
-0.0435822 0.0370635 -0.998362 -82.959 -0.0217337 0.99904 0.0380374 2.43224 0.998813 0.0233559 -0.0427348 16.2179 
-0.0451588 0.0381752 -0.99825 -84.095 -0.0197401 0.99904 0.0390984 2.46084 0.998785 0.0214713 -0.0443618 16.1764 
-0.0446623 0.0410103 -0.99816 -85.3372 -0.0165155 0.99899 0.0417834 2.50297 0.998866 0.0183513 -0.0439399 16.0817 
-0.0438412 0.043287 -0.9981 -86.4951 -0.0185497 0.998853 0.0441344 2.52667 0.998866 0.0204494 -0.042988 16.0011 
-0.0417285 0.0431572 -0.998197 -87.6884 -0.0184185 0.998864 0.043956 2.5683 0.998959 0.0202195 -0.0408862 15.9147 
-0.0438081 0.0403773 -0.998224 -88.914 -0.0157739 0.99903 0.0411022 2.59345 0.998915 0.0175465 -0.0431287 15.9104 
-0.0443343 0.0389721 -0.998256 -90.1396 -0.00970048 0.999175 0.0394388 2.63512 0.99897 0.0114321 -0.0439197 15.8685 
-0.0419707 0.0398886 -0.998322 -91.444 -0.00910914 0.999146 0.0403044 2.67268 0.999077 0.0107855 -0.0415715 15.718 
-0.0420987 0.0419286 -0.998233 -92.6025 -0.00376105 0.999105 0.0421239 2.72597 0.999106 0.00552781 -0.0419033 15.6627 
-0.043878 0.0447815 -0.998033 -93.7162 -0.00203982 0.998989 0.0449141 2.73371 0.999035 0.00400658 -0.0437422 15.6173 
-0.0447663 0.0465383 -0.997913 -94.8379 -0.00133476 0.998911 0.0466447 2.75915 0.998997 0.00342012 -0.0446554 15.5676 
-0.0450126 0.0485746 -0.997805 -95.9775 -0.00260643 0.998808 0.048741 2.79493 0.998983 0.00479471 -0.0448324 15.4981 
-0.045468 0.0474884 -0.997836 -97.113 -0.00436524 0.998851 0.0477356 2.8147 0.998956 0.00652627 -0.0452084 15.4349 
-0.0469731 0.0440019 -0.997927 -98.2723 -0.00534185 0.999004 0.0443009 2.83767 0.998882 0.00741176 -0.0466912 15.3739 
-0.047945 0.0432172 -0.997915 -99.4327 -0.00595936 0.999033 0.043552 2.84629 0.998832 0.00803507 -0.0476411 15.3151 
-0.0485745 0.0405159 -0.997998 -100.643 -0.00467132 0.999157 0.0407903 2.89457 0.998809 0.00664337 -0.0483443 15.2726 
-0.0496024 0.0411297 -0.997922 -101.795 -0.00385862 0.999136 0.0413716 2.92817 0.998762 0.00590277 -0.0494009 15.2245 
-0.0496716 0.0428472 -0.997846 -102.968 -0.00264632 0.99907 0.0430315 2.95497 0.998762 0.00477811 -0.0495121 15.1574 
-0.0518787 0.0441376 -0.997678 -104.085 -0.00095832 0.99902 0.0442468 2.99983 0.998653 0.0032516 -0.0517856 15.1225 
-0.0521573 0.0436065 -0.997686 -105.232 -0.0042728 0.999027 0.0438885 3.01632 0.99863 0.00655205 -0.0519203 15.0357 
-0.053596 0.0451297 -0.997542 -106.345 -0.00786538 0.998928 0.0456149 3.03694 0.998532 0.0102909 -0.0531836 14.9644 
-0.0537526 0.043154 -0.997621 -107.502 -0.0103266 0.998988 0.0437695 3.08323 0.998501 0.0126548 -0.0532526 14.875 
-0.0556102 0.0389283 -0.997693 -108.657 -0.0111751 0.999153 0.0396081 3.11946 0.99839 0.013352 -0.055128 14.8148 
-0.0555341 0.0354442 -0.997828 -109.834 -0.0125948 0.999265 0.0361963 3.15337 0.998377 0.0145776 -0.0550468 14.7072 
-0.0582036 0.0337925 -0.997733 -110.989 -0.00832036 0.999376 0.0343335 3.19052 0.99827 0.0102999 -0.0578861 14.651 
-0.0600819 0.0335773 -0.997629 -112.12 -0.00299627 0.999424 0.0338182 3.2109 0.998189 0.00502107 -0.0599467 14.5906 
-0.0635011 0.0360587 -0.99733 -113.245 -0.00229972 0.999339 0.0362778 3.22537 0.997979 0.0045973 -0.0633762 14.535 
-0.0639873 0.0406435 -0.997123 -114.463 -0.000566523 0.999169 0.0407633 3.24315 0.997951 0.00317327 -0.063911 14.4381 
-0.0659463 0.0412174 -0.996972 -115.665 -0.000585294 0.999145 0.041346 3.26527 0.997823 0.00331018 -0.0658658 14.3588 
-0.0658633 0.0381629 -0.997099 -116.891 -0.000776508 0.999266 0.0382972 3.28474 0.997828 0.00329667 -0.0657854 14.2308 
-0.0662237 0.0344968 -0.997208 -118.134 -0.000993682 0.999399 0.0346385 3.3066 0.997804 0.00328484 -0.0661497 14.1149 
-0.0676087 0.0311666 -0.997225 -119.348 0.0019559 0.999514 0.0311056 3.35297 0.99771 0.000152577 -0.0676368 14.0116 
-0.0691838 0.0326799 -0.997069 -120.558 0.00213773 0.999466 0.0326102 3.3755 0.997602 0.000124669 -0.0692167 13.9107 
-0.0697921 0.0374284 -0.996859 -121.756 -0.0028917 0.999284 0.0377219 3.38871 0.997557 0.00551534 -0.0696339 13.7801 
-0.0707493 0.0397289 -0.996703 -123.034 -0.00900596 0.99914 0.0404653 3.43062 0.997454 0.0118392 -0.0703307 13.6811 
-0.0721802 0.0398606 -0.996595 -124.255 -0.0155085 0.999035 0.0410814 3.45292 0.997271 0.018421 -0.0714924 13.5715 
-0.0724438 0.0369358 -0.996688 -125.487 -0.0186471 0.999089 0.0383801 3.49847 0.997198 0.0213658 -0.0716891 13.4548 
-0.0734655 0.0347678 -0.996692 -126.774 -0.0196162 0.999148 0.0362994 3.53271 0.997105 0.022218 -0.072721 13.3397 
-0.0742721 0.0346149 -0.996637 -128.039 -0.0197378 0.999151 0.0361731 3.55698 0.997043 0.0223581 -0.0735258 13.2187 
-0.0755976 0.0342251 -0.996551 -129.21 -0.0175051 0.999211 0.0356444 3.56797 0.996985 0.0201394 -0.0749389 13.0904 
-0.075468 0.0339935 -0.996569 -130.455 -0.0170921 0.999228 0.0353786 3.60876 0.997002 0.0197034 -0.0748287 12.9647 
-0.0780973 0.0387454 -0.996193 -131.703 -0.0176287 0.999035 0.040238 3.64683 0.99679 0.0207041 -0.0773389 12.8689 
-0.0793755 0.0442704 -0.995861 -132.954 -0.0166145 0.998816 0.045726 3.64402 0.996706 0.0201753 -0.078546 12.7567 
-0.0788068 0.0432094 -0.995953 -134.212 -0.018119 0.998833 0.0447681 3.67261 0.996725 0.0215738 -0.0779319 12.613 
-0.0794143 0.042513 -0.995935 -135.472 -0.0168391 0.99889 0.0439819 3.6958 0.9967 0.0202635 -0.0786103 12.5295 
-0.0788111 0.0421492 -0.995998 -136.668 -0.0171675 0.9989 0.0436304 3.72732 0.996742 0.0205374 -0.0780008 12.404 
-0.0793789 0.0404963 -0.996022 -137.893 -0.0154044 0.999005 0.0418453 3.76623 0.996726 0.0186648 -0.0786761 12.3135 
-0.0789523 0.0431386 -0.995945 -139.122 -0.0159017 0.998882 0.0445264 3.79707 0.996752 0.0193527 -0.078178 12.1979 
-0.0789352 0.0460454 -0.995816 -140.391 -0.0162965 0.99874 0.0474724 3.84028 0.996747 0.0199756 -0.0780853 12.0764 
-0.0804793 0.0491551 -0.995544 -141.632 -0.0182448 0.998543 0.0507781 3.83635 0.996589 0.0222501 -0.0794653 11.998 
-0.0813028 0.047145 -0.995574 -142.815 -0.0211311 0.998575 0.0490127 3.86243 0.996465 0.0250225 -0.0801907 11.9139 
-0.0820166 0.04302 -0.995702 -144.023 -0.0178656 0.998844 0.0446273 3.90575 0.996471 0.021449 -0.0811532 11.8008 
-0.0831816 0.0426161 -0.995623 -145.192 -0.0147051 0.998924 0.043986 3.92137 0.996426 0.0182996 -0.0824654 11.7154 
-0.0853169 0.0414994 -0.995489 -146.439 -0.0130574 0.999 0.0427648 3.96514 0.996268 0.0166471 -0.0846897 11.6214 
-0.0860514 0.0429594 -0.995364 -147.688 -0.0106367 0.998973 0.0440347 3.98584 0.996234 0.0143767 -0.0855062 11.5033 
-0.0884686 0.0412663 -0.995224 -148.915 -0.00830848 0.999076 0.0421646 4.03046 0.996044 0.0119991 -0.088044 11.4406 
-0.0926796 0.0421035 -0.994805 -150.097 -0.00677099 0.999056 0.0429142 4.03877 0.995673 0.0107131 -0.092307 11.3735 
-0.0947619 0.0464908 -0.994414 -151.306 -0.00445364 0.998879 0.047124 4.05113 0.99549 0.00889436 -0.0944486 11.2616 
-0.0959078 0.0465877 -0.994299 -152.498 -0.0011335 0.998898 0.0469126 4.10318 0.99539 0.00562636 -0.0957493 11.1425 
-0.0981534 0.0467879 -0.994071 -153.697 -0.00112492 0.998888 0.0471258 4.13359 0.995171 0.00574384 -0.0979917 11.025 
-0.0990385 0.0461279 -0.994014 -154.933 -0.0017614 0.998915 0.0465309 4.17901 0.995082 0.00635925 -0.0988498 10.8789 
-0.100307 0.0486529 -0.993766 -156.14 -0.000139014 0.998803 0.0489135 4.23556 0.994957 0.00504454 -0.10018 10.7569 
-0.0993691 0.0549892 -0.99353 -157.362 -0.00625357 0.998418 0.0558852 4.26534 0.995031 0.0117664 -0.098868 10.5879 
-0.0993306 0.0540739 -0.993584 -158.572 -0.00948194 0.998426 0.0552853 4.31822 0.995009 0.0149127 -0.0986615 10.4527 
-0.100045 0.0504526 -0.993703 -159.78 -0.0141468 0.998541 0.0521225 4.35818 0.994882 0.0192724 -0.0991851 10.3264 
-0.0968327 0.0453307 -0.994268 -161.014 -0.0151006 0.99878 0.0470071 4.3943 0.995186 0.0195659 -0.0960301 10.146 
-0.0967898 0.0435398 -0.994352 -162.224 -0.0198306 0.99876 0.0456632 4.4187 0.995107 0.0241384 -0.0958064 10.0061 
-0.096872 0.0402754 -0.994482 -163.454 -0.013562 0.999035 0.0417809 4.46627 0.995204 0.0175346 -0.0962323 9.87657 
-0.0983458 0.0367152 -0.994475 -164.638 -0.0116986 0.999208 0.0380468 4.49059 0.995084 0.0153758 -0.0978383 9.75416 
-0.100267 0.032981 -0.994414 -165.823 -0.00304082 0.999436 0.0334542 4.52446 0.994956 0.00637823 -0.10011 9.65285 
-0.104163 0.036356 -0.993896 -167.051 -0.000514838 0.99933 0.0366087 4.5451 0.99456 0.00432502 -0.104075 9.55863 
-0.103931 0.0435546 -0.99363 -168.27 -0.00155891 0.999032 0.0439545 4.55885 0.994583 0.00611726 -0.103763 9.39628 
-0.104323 0.0471836 -0.993424 -169.48 -0.00169633 0.998864 0.0476201 4.58225 0.994542 0.00665307 -0.104124 9.27195 
-0.102407 0.0435756 -0.993788 -170.693 -0.00214409 0.999028 0.0440264 4.62 0.99474 0.0066394 -0.102214 9.12463 
-0.100655 0.042845 -0.993999 -171.888 -0.00425698 0.999045 0.0434936 4.66429 0.994912 0.0086093 -0.100376 8.95868 
-0.100114 0.0445971 -0.993976 -173.107 -0.00323941 0.998975 0.0451477 4.69589 0.994971 0.00773984 -0.0998667 8.82041 
-0.101701 0.042172 -0.993921 -174.348 -0.00277739 0.999085 0.0426754 4.73543 0.994811 0.00710068 -0.101491 8.71664 
-0.0991483 0.0413185 -0.994215 -175.542 -0.00247666 0.999124 0.0417695 4.75782 0.99507 0.00660375 -0.0989591 8.55071 
-0.100267 0.0411446 -0.99411 -176.655 -0.00492819 0.999112 0.0418487 4.7997 0.994948 0.00909524 -0.0999752 8.44097 
-0.0988414 0.0443563 -0.994114 -177.76 -0.00565523 0.998965 0.045135 4.79594 0.995087 0.0100832 -0.0984883 8.32445 
-0.0993364 0.045322 -0.994021 -178.881 -0.0057987 0.998919 0.0461248 4.83495 0.995037 0.0103459 -0.0989661 8.19548 
-0.0997151 0.0461134 -0.993947 -179.984 -0.00751301 0.998862 0.0470952 4.8621 0.994988 0.0121637 -0.0992552 8.05636 
-0.097043 0.0470067 -0.99417 -181.054 -0.00598206 0.998839 0.0478114 4.8897 0.995262 0.010587 -0.096649 7.88747 
-0.0982645 0.0464556 -0.994075 -182.025 -0.006713 0.998856 0.0473426 4.90322 0.995138 0.0113254 -0.0978402 7.79038 
-0.0965096 0.0461646 -0.994261 -182.995 -0.00724354 0.998865 0.0470815 4.92623 0.995306 0.0117458 -0.0960657 7.67729 
-0.0952546 0.0472898 -0.994329 -183.936 -0.00802786 0.998802 0.0482716 4.94794 0.995421 0.0125805 -0.0947608 7.56547 
-0.0979097 0.0465569 -0.994106 -184.864 -0.00459634 0.998873 0.0472328 4.9606 0.995185 0.00919384 -0.0975854 7.4961 
-0.100052 0.0451719 -0.993956 -185.808 -0.0045248 0.998938 0.0458537 4.96493 0.994972 0.00908526 -0.0997414 7.34734 
-0.106767 0.0411894 -0.993431 -186.686 -0.00400839 0.999116 0.0418559 4.98063 0.994276 0.00845094 -0.106508 7.26786 
-0.112086 0.0381728 -0.992965 -187.657 -0.00659643 0.999211 0.0391576 4.99973 0.993677 0.0109391 -0.111746 7.19144 
-0.113724 0.0363359 -0.992848 -188.609 -0.0109184 0.999225 0.03782 5.03679 0.993452 0.0151414 -0.113239 7.02114 
-0.119495 0.0369939 -0.992145 -189.495 -0.0128853 0.999164 0.0388076 5.06048 0.992751 0.0174214 -0.118918 6.91769 
-0.121154 0.0393204 -0.991855 -190.431 -0.0113407 0.999095 0.0409927 5.07627 0.992569 0.0162148 -0.120599 6.7768 
-0.123149 0.0408117 -0.991549 -191.245 -0.00856762 0.999073 0.0421855 5.09782 0.992351 0.0136903 -0.122685 6.65338 
-0.124524 0.0407985 -0.991377 -192.155 -0.00704557 0.999093 0.042001 5.12515 0.992192 0.012215 -0.124124 6.53403 
-0.126235 0.0410594 -0.99115 -193.06 -0.00839722 0.999063 0.0424567 5.1381 0.991965 0.0136825 -0.125772 6.42576 
-0.127486 0.0391479 -0.991067 -193.975 -0.00933921 0.999129 0.0406677 5.15876 0.991796 0.0144404 -0.12701 6.2966 
-0.128968 0.0376361 -0.990934 -194.878 -0.0124103 0.99914 0.039563 5.19114 0.991571 0.0174002 -0.12839 6.18677 
-0.127467 0.0353778 -0.991212 -195.784 -0.0160724 0.999159 0.0377283 5.20612 0.991713 0.0207403 -0.126792 6.03571 
-0.126464 0.03145 -0.991473 -196.686 -0.0169998 0.999282 0.0338661 5.23625 0.991826 0.0211377 -0.125839 5.89541 
-0.124826 0.0283439 -0.991774 -197.616 -0.016166 0.999401 0.0305966 5.26161 0.992047 0.0198523 -0.124293 5.74621 
-0.125409 0.0279705 -0.991711 -198.505 -0.0154525 0.999426 0.0301422 5.2748 0.991985 0.0191045 -0.124905 5.6234 
-0.125299 0.0330496 -0.991568 -199.392 -0.0120833 0.99932 0.0348349 5.25722 0.992046 0.0163462 -0.124814 5.49425 
-0.125659 0.0355886 -0.991435 -200.297 -0.011191 0.999242 0.0372872 5.24886 0.99201 0.0157806 -0.125165 5.34375 
-0.125395 0.0311546 -0.991618 -201.208 -0.00430164 0.99948 0.0319456 5.26443 0.992098 0.00827142 -0.125195 5.23775 
-0.124492 0.0261452 -0.991876 -202.092 -0.0061152 0.999614 0.0271167 5.29915 0.992202 0.00944138 -0.124284 5.1036 
-0.125355 0.025371 -0.991788 -202.997 -0.0108296 0.999578 0.0269391 5.31441 0.992053 0.0141176 -0.125028 4.99108 
-0.124126 0.0292626 -0.991835 -203.915 -0.00922263 0.999488 0.0306426 5.32624 0.992224 0.0129509 -0.123792 4.87471 
-0.123819 0.028868 -0.991885 -204.889 -0.00775523 0.999518 0.0300583 5.34559 0.992275 0.0114141 -0.123535 4.76011 
-0.120085 0.0301438 -0.992306 -205.832 -0.00658185 0.999493 0.0311586 5.37266 0.992742 0.0102729 -0.119826 4.58392 
-0.119983 0.034643 -0.992171 -206.762 -0.00722034 0.999334 0.0357662 5.39056 0.99275 0.0114552 -0.119653 4.45723 
-0.1176 0.0402412 -0.992245 -207.722 -0.00693694 0.999121 0.0413422 5.38808 0.993037 0.011745 -0.117217 4.30465 
-0.117509 0.0405747 -0.992243 -208.694 -0.00610685 0.999117 0.041579 5.42113 0.993053 0.0109454 -0.117157 4.18209 
-0.116412 0.0410992 -0.99235 -209.701 -0.0113573 0.999023 0.0427078 5.44258 0.993136 0.0162421 -0.115832 4.05008 
-0.113943 0.0443409 -0.992497 -210.732 -0.0147519 0.998818 0.0463169 5.44942 0.993378 0.0199187 -0.113155 3.92181 
-0.110008 0.0445037 -0.992934 -211.781 -0.0156543 0.998796 0.0465008 5.48599 0.993808 0.0206592 -0.109178 3.78676 
-0.107767 0.0427478 -0.993257 -212.799 -0.0173355 0.998842 0.0448691 5.50499 0.994025 0.0220541 -0.106901 3.67294 
-0.106921 0.038674 -0.993515 -213.77 -0.0172282 0.999021 0.0407424 5.53999 0.994118 0.0214727 -0.10615 3.59996 
-0.105354 0.03842 -0.993692 -214.838 -0.0155326 0.999068 0.0402747 5.56828 0.994314 0.0196778 -0.104659 3.47748 
-0.105075 0.0404794 -0.99364 -215.907 -0.0157469 0.998978 0.0423621 5.60114 0.99434 0.020098 -0.10433 3.37586 
-0.103284 0.0433319 -0.993708 -216.955 -0.0171024 0.998826 0.0453327 5.63112 0.994505 0.0216769 -0.102421 3.24398 
-0.101647 0.0429994 -0.993891 -218.001 -0.0177932 0.998827 0.0450327 5.66061 0.994661 0.022262 -0.100762 3.09185 
-0.10227 0.0402832 -0.993941 -219.018 -0.0180172 0.998941 0.0423397 5.68862 0.994594 0.0222382 -0.101435 2.99059 
-0.100638 0.0359341 -0.994274 -220.13 -0.0154966 0.99917 0.0376796 5.75519 0.994802 0.0191999 -0.0999977 2.82295 
-0.0980999 0.0327783 -0.994637 -221.188 -0.0156025 0.999284 0.0344704 5.80829 0.995054 0.0189004 -0.0975182 2.64675 
-0.0985387 0.0326361 -0.994598 -222.287 -0.0141855 0.999315 0.0341962 5.82793 0.995032 0.0174785 -0.0980082 2.51998 
-0.0982636 0.0328578 -0.994618 -223.377 -0.0144343 0.999303 0.0344386 5.84367 0.995056 0.0177407 -0.0977207 2.3916 
-0.0980038 0.0327381 -0.994647 -224.479 -0.0175699 0.999246 0.0346206 5.87421 0.995031 0.0208689 -0.0973547 2.24693 
-0.0987391 0.0344613 -0.994517 -225.593 -0.0181373 0.999172 0.0364234 5.91289 0.994948 0.0216343 -0.0980323 2.12374 
-0.101025 0.0352497 -0.994259 -226.735 -0.0193899 0.999113 0.037392 5.9564 0.994695 0.0230562 -0.100251 2.01367 
-0.102342 0.0369223 -0.994064 -227.845 -0.0189508 0.999057 0.0390589 5.98759 0.994569 0.0228357 -0.101546 1.88069 
-0.102299 0.0367306 -0.994075 -229.006 -0.0217542 0.998997 0.0391512 6.03674 0.994516 0.0256304 -0.101397 1.72635 
-0.102672 0.0364552 -0.994047 -230.1 -0.0234636 0.998961 0.0390589 6.04777 0.994439 0.0273342 -0.10171 1.5663 
-0.102152 0.031279 -0.994277 -231.27 -0.0212709 0.999208 0.0336195 6.09035 0.994541 0.0245835 -0.101406 1.40253 
-0.103219 0.0254625 -0.994333 -232.412 -0.0176715 0.999468 0.0274285 6.11533 0.994502 0.0204025 -0.102714 1.24818 
-0.104813 0.0214683 -0.99426 -233.56 -0.0118187 0.99967 0.022831 6.13387 0.994422 0.0141439 -0.104524 1.11082 
-0.106277 0.0223816 -0.994085 -234.691 -0.00579456 0.999716 0.0231279 6.14151 0.99432 0.00821828 -0.106117 0.948189 
-0.10913 0.026475 -0.993675 -235.83 -0.00087354 0.999642 0.0267299 6.15636 0.994027 0.00378509 -0.109068 0.792647 
-0.11303 0.0292696 -0.99316 -237.01 0.00221208 0.999571 0.0292068 6.17339 0.993589 0.00110435 -0.113047 0.657938 
-0.114138 0.0287082 -0.99305 -238.195 0.00527358 0.999586 0.028291 6.19298 0.993451 -0.00200781 -0.114242 0.504946 
-0.117311 0.0287304 -0.99268 -239.406 0.00447829 0.999587 0.028401 6.21495 0.993085 -0.00111372 -0.117391 0.364616 
-0.119537 0.0310291 -0.992345 -240.568 0.00430593 0.999518 0.0307347 6.20825 0.99282 -0.000598988 -0.119613 0.1917 
-0.122729 0.0304857 -0.991972 -241.767 0.0066616 0.999531 0.0298938 6.23579 0.992418 -0.00293923 -0.122875 0.0345557 
-0.126312 0.0288072 -0.991572 -242.994 0.0086423 0.999572 0.0279387 6.25361 0.991953 -0.00504043 -0.126507 -0.115832 
-0.130913 0.02884 -0.990974 -244.152 0.0112083 0.999556 0.0276091 6.25185 0.991331 -0.00749265 -0.131178 -0.258017 
-0.133471 0.0284606 -0.990644 -245.392 0.0126296 0.999555 0.027015 6.29197 0.990972 -0.00890567 -0.133771 -0.435141 
-0.13572 0.0286022 -0.990334 -246.604 0.0138293 0.999541 0.0269729 6.28501 0.990651 -0.0100348 -0.136053 -0.621697 
-0.137572 0.0302152 -0.990031 -247.902 0.0113732 0.999517 0.0289244 6.29408 0.990427 -0.00728061 -0.137849 -0.84321 
-0.139211 0.0304044 -0.989796 -249.121 0.0106111 0.999517 0.0292106 6.33209 0.990206 -0.00643632 -0.139466 -1.06083 
-0.141203 0.0305794 -0.989508 -250.355 0.00776798 0.999526 0.0297805 6.35453 0.98995 -0.00348133 -0.141374 -1.24932 
-0.142969 0.0313244 -0.989231 -251.565 0.00557107 0.999509 0.0308446 6.37134 0.989712 -0.00110121 -0.143073 -1.45587 
-0.145607 0.0327626 -0.9888 -252.747 0.00562508 0.999463 0.0322876 6.35731 0.989327 -0.000860741 -0.145713 -1.59239 
-0.146282 0.031464 -0.988743 -254.024 0.00665853 0.999503 0.0308213 6.3718 0.989221 -0.00207494 -0.146419 -1.7889 
-0.14699 0.0310009 -0.988652 -255.211 0.00998527 0.999504 0.0298566 6.37733 0.989088 -0.00548331 -0.147226 -1.95518 
-0.147518 0.0307871 -0.98858 -256.448 0.0109524 0.999505 0.029493 6.38974 0.988999 -0.00647656 -0.147782 -2.15173 
-0.147896 0.0309652 -0.988518 -257.661 0.0125165 0.999488 0.0294362 6.40341 0.988924 -0.00801926 -0.148207 -2.34717 
-0.148001 0.0312257 -0.988494 -258.884 0.0138464 0.999469 0.0294993 6.41137 0.98889 -0.00932112 -0.148355 -2.54691 
-0.14808 0.0315877 -0.988471 -260.138 0.0146397 0.99945 0.0297454 6.43503 0.988867 -0.0100662 -0.148461 -2.751 
-0.149032 0.0325625 -0.988296 -261.366 0.0174067 0.999389 0.0303031 6.45583 0.988679 -0.0126868 -0.149508 -2.95054 
-0.149981 0.0351896 -0.988062 -262.558 0.0221802 0.999235 0.0322207 6.4791 0.98844 -0.0170828 -0.150647 -3.153 
-0.151696 0.0383747 -0.987682 -263.835 0.0275895 0.999021 0.0345779 6.50229 0.988042 -0.0220043 -0.152606 -3.32845 
-0.152062 0.0422545 -0.987467 -265.043 0.0289649 0.998847 0.0382811 6.50997 0.987946 -0.0227807 -0.153111 -3.54604 
-0.152196 0.0405115 -0.98752 -266.242 0.0295334 0.9989 0.0364267 6.53609 0.987909 -0.0236208 -0.153225 -3.75757 
-0.152697 0.0393153 -0.987491 -267.438 0.026186 0.999019 0.0357251 6.54839 0.987926 -0.0204033 -0.153577 -3.96197 
-0.154004 0.0415425 -0.987197 -268.654 0.0212616 0.999024 0.0387234 6.57432 0.987841 -0.0150258 -0.154737 -4.16967 
-0.154016 0.0461412 -0.986991 -269.864 0.0142942 0.998909 0.0444678 6.59144 0.987965 -0.00725943 -0.154507 -4.39768 
-0.153263 0.0451403 -0.987154 -271.107 0.00872337 0.998979 0.0443266 6.62728 0.988147 -0.00181766 -0.1535 -4.63084 
-0.154541 0.0389762 -0.987217 -272.283 0.0108209 0.999228 0.0377564 6.64684 0.987927 -0.00484761 -0.154844 -4.80525 
-0.154615 0.0345454 -0.987371 -273.512 0.0147695 0.999358 0.032652 6.64713 0.987864 -0.00953444 -0.155026 -5.02918 
-0.156036 0.0347097 -0.987141 -274.669 0.0206205 0.999279 0.031877 6.66212 0.987536 -0.0153813 -0.156639 -5.20571 
-0.154729 0.0363809 -0.987287 -275.872 0.0245672 0.999154 0.0329681 6.6819 0.987651 -0.0191537 -0.155492 -5.41732 
-0.152888 0.0391856 -0.987466 -277.032 0.0268702 0.999009 0.0354834 6.6973 0.987878 -0.0211084 -0.153789 -5.6257 
-0.151557 0.0400982 -0.987635 -278.259 0.0254636 0.999004 0.0366522 6.74004 0.98812 -0.0195938 -0.152427 -5.8403 
-0.15071 0.0418845 -0.98769 -279.467 0.0251194 0.998942 0.0385287 6.75103 0.988259 -0.0190035 -0.151603 -6.04915 
-0.150104 0.0441154 -0.987685 -280.713 0.0242419 0.998868 0.0409307 6.74705 0.988373 -0.0177995 -0.151004 -6.26293 
-0.149959 0.0445693 -0.987687 -281.916 0.0258452 0.998819 0.0411476 6.74496 0.988354 -0.0193565 -0.150934 -6.46144 
-0.150273 0.0423185 -0.987738 -283.168 0.0263883 0.998899 0.038782 6.79403 0.988292 -0.0202368 -0.151225 -6.65964 
-0.149372 0.0414077 -0.987914 -284.365 0.0248256 0.998965 0.0381173 6.81997 0.988469 -0.0188319 -0.150245 -6.87258 
-0.149733 0.0405139 -0.987896 -285.534 0.0252888 0.99899 0.0371359 6.84685 0.988403 -0.0194223 -0.150606 -7.07481 
-0.149802 0.0412033 -0.987857 -286.781 0.0281598 0.998904 0.0373938 6.85882 0.988315 -0.0222162 -0.150798 -7.29983 
-0.149691 0.039964 -0.987925 -287.993 0.0274771 0.998965 0.0362472 6.92033 0.988351 -0.0217194 -0.150634 -7.516 
-0.148855 0.0393265 -0.988077 -289.186 0.0274372 0.998988 0.0356273 6.94837 0.988478 -0.0218067 -0.149784 -7.7286 
-0.150378 0.0379338 -0.987901 -290.401 0.02592 0.999071 0.0344172 6.98563 0.988289 -0.0204307 -0.151222 -7.90772 
-0.149896 0.0344064 -0.988103 -291.619 0.0254076 0.999198 0.0309384 7.01462 0.988375 -0.0204678 -0.15065 -8.11389 
-0.147894 0.0304801 -0.988534 -292.892 0.0265905 0.999286 0.0268335 7.04699 0.988646 -0.022317 -0.148598 -8.38917 
-0.149249 0.0284918 -0.988389 -294.033 0.0248218 0.999378 0.0250604 7.06518 0.988488 -0.0207934 -0.149863 -8.56522 
-0.149962 0.0288842 -0.98827 -295.333 0.0216814 0.999429 0.0259204 7.06778 0.988454 -0.0175399 -0.150502 -8.74599 
-0.151493 0.0291497 -0.988028 -296.54 0.018953 0.999467 0.0265812 7.087 0.988277 -0.0146992 -0.151965 -8.94292 
-0.15412 0.0296497 -0.987607 -297.72 0.0151298 0.999503 0.0276458 7.09813 0.987936 -0.0106815 -0.154492 -9.12841 
-0.155756 0.0292297 -0.987363 -298.972 0.0144245 0.999523 0.0273142 7.10722 0.98769 -0.00998788 -0.156103 -9.31338 
-0.157062 0.0273916 -0.987209 -300.18 0.0141141 0.999576 0.0254892 7.11669 0.987488 -0.00993016 -0.157382 -9.52135 
-0.157563 0.0250506 -0.987191 -301.454 0.0154105 0.999619 0.0229064 7.1424 0.987389 -0.0116039 -0.157889 -9.75252 
-0.158597 0.0239351 -0.987053 -302.666 0.0178002 0.999613 0.0213796 7.16749 0.987183 -0.014179 -0.158962 -9.98309 
-0.162221 0.0265932 -0.986396 -303.915 0.0184315 0.999544 0.0239164 7.17988 0.986582 -0.014301 -0.162638 -10.1508 
