1 2.12261e-08 -2.11895e-08 0 2.12261e-08 1 2.10703e-08 0 -2.11895e-08 2.10703e-08 1 0 
0.999942 -0.00287524 0.0104258 0.0358637 0.00286564 0.999995 0.000939857 0.000280269 -0.0104285 -0.000909884 0.999945 0.276136 
0.999853 -0.00456208 0.0165473 0.0513035 0.00454893 0.999989 0.000834894 -0.00841194 -0.016551 -0.000759457 0.999863 0.555969 
0.999803 -0.00759542 0.0183535 0.0567317 0.00759151 0.999971 0.000285286 -0.0212836 -0.0183552 -0.000145857 0.999832 0.849077 
0.999836 -0.00875854 0.0158562 0.056988 0.00879723 0.999959 -0.00236889 -0.00676261 -0.0158349 0.00250803 0.999872 1.16957 
0.999888 -0.0121398 0.00877848 0.0628145 0.0121713 0.99992 -0.00354467 -0.0190263 -0.00873479 0.00365116 0.999955 1.48201 
0.999888 -0.0142256 -0.00460824 0.067239 0.014199 0.999883 -0.00575385 -0.0242221 0.00468951 0.00568782 0.999973 1.80192 
0.999656 -0.0127686 -0.0229041 0.0578051 0.0126326 0.999902 -0.00607746 -0.0328427 0.0229795 0.00578607 0.999719 2.09209 
0.999116 -0.00853148 -0.041176 0.00228653 0.00826792 0.999944 -0.00656792 -0.0394275 0.0412297 0.00622172 0.99913 2.46205 
0.997872 -0.00544389 -0.064979 0.00584597 0.0049339 0.999956 -0.00800713 -0.0420315 0.0650197 0.00766953 0.997855 2.83458 
0.996351 -0.00499388 -0.085199 -0.0359769 0.00419776 0.999946 -0.00952128 -0.0352758 0.0852419 0.00912894 0.996319 3.21177 
0.994223 -0.00729749 -0.107089 -0.0921212 0.00638748 0.999941 -0.00883852 -0.039653 0.107147 0.00810347 0.99421 3.60067 
0.992 -0.00824501 -0.125969 -0.166051 0.00731078 0.999942 -0.00787723 -0.0508016 0.126026 0.00689332 0.992003 3.97011 
0.989567 -0.00753696 -0.143877 -0.245359 0.00641714 0.999945 -0.00824594 -0.0494184 0.143931 0.00723668 0.989561 4.38739 
0.986898 -0.00585568 -0.161239 -0.315358 0.00460091 0.999956 -0.00815456 -0.044011 0.161279 0.00730592 0.986882 4.80932 
0.984772 -0.00552337 -0.173764 -0.420906 0.00404993 0.999953 -0.00883323 -0.0543735 0.173804 0.00799503 0.984748 5.21328 
0.982418 -0.00726992 -0.186552 -0.510903 0.00554196 0.999937 -0.00978266 -0.0665938 0.186611 0.00857685 0.982396 5.65105 
0.980762 -0.0103744 -0.19493 -0.630843 0.00770907 0.999866 -0.0144272 -0.0555376 0.195053 0.0126469 0.980711 6.07444 
0.979358 -0.00945451 -0.201914 -0.752162 0.00622231 0.999842 -0.0166367 -0.0664241 0.20204 0.015037 0.979262 6.52763 
0.977795 -0.0107947 -0.209284 -0.870717 0.00729741 0.999821 -0.0174758 -0.0878131 0.209435 0.0155605 0.977699 6.99456 
0.97571 -0.0119152 -0.218743 -0.968986 0.00763585 0.999763 -0.0203987 -0.102896 0.218934 0.018233 0.975569 7.50565 
0.974341 -0.0139286 -0.224644 -1.13203 0.00921918 0.999716 -0.0219997 -0.116299 0.224886 0.0193642 0.974193 7.99085 
0.972421 -0.0198055 -0.23239 -1.27279 0.0148901 0.999627 -0.0228871 -0.137396 0.232757 0.0187956 0.972353 8.46714 
0.970606 -0.0218686 -0.239678 -1.43645 0.0163833 0.999557 -0.024855 -0.16146 0.240115 0.0201978 0.970534 8.95171 
0.968616 -0.017212 -0.247966 -1.60373 0.0103251 0.999525 -0.0290473 -0.175752 0.248348 0.0255755 0.968333 9.49739 
0.965739 -0.0183662 -0.258866 -1.7528 0.0101769 0.999406 -0.0329403 -0.179568 0.259317 0.0291773 0.965351 10.0404 
0.96405 -0.0159984 -0.265239 -1.95016 0.00715794 0.999387 -0.0342637 -0.207363 0.265624 0.0311334 0.963574 10.606 
0.961703 -0.0209794 -0.273288 -2.12799 0.011272 0.99925 -0.037043 -0.213047 0.273861 0.0325439 0.961219 11.1592 
0.959758 -0.0208293 -0.280054 -2.32901 0.0099936 0.999147 -0.0400643 -0.230106 0.28065 0.0356533 0.959148 11.7165 
0.957354 -0.0206288 -0.288181 -2.53428 0.00855085 0.999034 -0.0431073 -0.260512 0.288792 0.0388048 0.956605 12.2805 
0.955432 -0.0201092 -0.294526 -2.73466 0.00585409 0.998772 -0.0492022 -0.288568 0.295154 0.0452852 0.954376 12.8657 
0.953606 -0.0209399 -0.300329 -2.93389 0.00403316 0.998377 -0.0568042 -0.328322 0.301031 0.0529576 0.952143 13.4763 
0.951836 -0.0224766 -0.305783 -3.13955 0.00275902 0.997897 -0.0647624 -0.371118 0.306596 0.0607996 0.949896 14.0973 
0.95027 -0.023726 -0.310524 -3.32988 0.00118499 0.997362 -0.0725786 -0.424986 0.311426 0.0686013 0.947791 14.6907 
0.949058 -0.0215474 -0.314364 -3.55664 -0.00439822 0.996656 -0.0815919 -0.483284 0.315071 0.0788181 0.94579 15.3355 
0.947608 -0.0256716 -0.318404 -3.78078 -0.00281675 0.996055 -0.088691 -0.530419 0.319424 0.0849412 0.943797 15.9437 
0.947118 -0.021034 -0.320197 -4.03906 -0.00980429 0.995487 -0.0943949 -0.620651 0.320737 0.0925424 0.942637 16.4422 
0.945296 -0.0215233 -0.325503 -4.27761 -0.0112463 0.995078 -0.0984584 -0.700133 0.32602 0.0967331 0.940401 17.0961 
0.943482 -0.0186891 -0.330896 -4.54592 -0.0166763 0.994467 -0.103717 -0.781779 0.331003 0.103373 0.93795 17.7748 
0.942099 -0.0181921 -0.33484 -4.8119 -0.0183191 0.994244 -0.10556 -0.88675 0.334833 0.105582 0.936343 18.4066 
0.940545 -0.0146602 -0.339353 -5.10134 -0.0232846 0.993935 -0.107473 -0.963509 0.338871 0.108985 0.934499 19.0838 
0.938306 -0.0132251 -0.345554 -5.37475 -0.0257258 0.99383 -0.107891 -1.04281 0.344849 0.110125 0.932176 19.7599 
0.936325 -0.013617 -0.350871 -5.69433 -0.0262101 0.99375 -0.108511 -1.09797 0.350155 0.110798 0.930116 20.5113 
0.93432 -0.0114461 -0.356252 -6.03007 -0.0283954 0.993917 -0.106405 -1.20896 0.355303 0.109532 0.928312 21.2085 
0.931284 -0.00946425 -0.364172 -6.33386 -0.0298891 0.994307 -0.102275 -1.31231 0.363067 0.106132 0.925699 21.9463 
0.927954 -0.0119623 -0.372502 -6.68348 -0.0260698 0.994953 -0.0968947 -1.36551 0.371781 0.099625 0.922959 22.6864 
0.924012 -0.011478 -0.382192 -7.0115 -0.0251602 0.995558 -0.0907276 -1.44906 0.381536 0.0934495 0.919618 23.4791 
0.92101 -0.00890039 -0.389438 -7.40334 -0.0275668 0.995743 -0.0879518 -1.50513 0.388563 0.0917401 0.916844 24.2691 
0.916413 -0.00655543 -0.40018 -7.68931 -0.0302221 0.995878 -0.0855225 -1.60221 0.399091 0.0904683 0.912437 25.0022 
0.911994 -0.00379278 -0.410187 -8.02691 -0.033706 0.995883 -0.084149 -1.68892 0.408817 0.0905692 0.908111 25.7386 
0.908139 -0.00250916 -0.418662 -8.40391 -0.0349741 0.996032 -0.0818337 -1.80578 0.417206 0.0889587 0.904448 26.5008 
0.904835 -0.000691577 -0.425763 -8.81548 -0.0379653 0.995884 -0.082302 -1.85502 0.424067 0.090634 0.901084 27.2341 
0.901369 -0.00101664 -0.433051 -9.2365 -0.0376915 0.996018 -0.0807909 -1.91772 0.431409 0.0891448 0.897741 28 
0.89771 0.00203144 -0.440581 -9.63395 -0.0392914 0.996374 -0.0754645 -2.02462 0.438831 0.0850563 0.894535 28.7756 
0.893756 0.00594927 -0.448514 -10.0603 -0.0413711 0.996743 -0.0692194 -2.11923 0.446641 0.0804208 0.891092 29.6014 
0.890392 0.00552357 -0.45516 -10.5527 -0.039737 0.997052 -0.0656346 -2.16963 0.453456 0.0765273 0.887987 30.4405 
0.88669 0.00873277 -0.462282 -10.8155 -0.0428573 0.99707 -0.0633681 -2.27913 0.460374 0.0760001 0.884466 31.1249 
0.883189 0.0089256 -0.468932 -11.2998 -0.0436552 0.997043 -0.063243 -2.32708 0.466981 0.0763269 0.880967 31.9872 
0.881804 0.00876841 -0.471534 -11.8383 -0.0437814 0.997032 -0.0633343 -2.36842 0.469579 0.0764929 0.879571 32.8056 
0.879484 0.00810232 -0.475859 -12.368 -0.0434938 0.997039 -0.0634092 -2.41804 0.473936 0.0764643 0.877233 33.6528 
0.876715 0.0078197 -0.480947 -12.906 -0.0426124 0.997199 -0.0614645 -2.51426 0.479119 0.0743812 0.874593 34.5558 
0.874857 0.00675196 -0.484334 -13.4853 -0.0436522 0.996933 -0.0649516 -2.53234 0.48241 0.0779657 0.872469 35.4492 
0.873299 0.0051213 -0.487157 -13.9165 -0.0423277 0.996961 -0.0653979 -2.61566 0.485342 0.0777322 0.870862 36.251 
0.872524 0.00466996 -0.488549 -14.4251 -0.0415775 0.997037 -0.0647248 -2.6851 0.486799 0.0767867 0.870132 37.1419 
0.872564 0.00952692 -0.488407 -14.9212 -0.047437 0.996737 -0.0653063 -2.72639 0.486191 0.0801526 0.870169 37.9529 
0.873277 0.0196918 -0.486826 -15.4357 -0.0620755 0.995537 -0.0710834 -2.67318 0.483253 0.0922955 0.870602 38.6997 
0.87319 0.0187003 -0.487022 -15.9592 -0.0612537 0.995551 -0.0715964 -2.75729 0.483516 0.0923492 0.87045 39.5607 
0.873098 0.016252 -0.487274 -16.5539 -0.0590879 0.995604 -0.0726675 -2.8212 0.483951 0.0922379 0.87022 40.4769 
0.870876 0.0159681 -0.491243 -17.0748 -0.0599305 0.995464 -0.0738869 -2.87347 0.487835 0.0937868 0.867883 41.4125 
0.869145 0.0176759 -0.494241 -17.6098 -0.0602936 0.995694 -0.0704193 -2.95348 0.490868 0.0910042 0.866468 42.297 
0.866368 0.0194354 -0.499028 -18.1668 -0.062041 0.99569 -0.0689315 -3.02769 0.495538 0.0906803 0.86384 43.2426 
0.863355 0.0189096 -0.504243 -18.8102 -0.0609183 0.995895 -0.0669562 -3.09302 0.500907 0.0885246 0.860962 44.1901 
0.858169 0.0170372 -0.513084 -19.3667 -0.0606361 0.995817 -0.0683518 -3.1886 0.509773 0.0897689 0.855613 45.0775 
0.851686 0.013559 -0.523878 -19.9567 -0.0593681 0.995726 -0.0707454 -3.27612 0.520679 0.0913546 0.848851 46.0238 
0.845299 0.0108316 -0.534184 -20.5489 -0.0568082 0.995949 -0.0696992 -3.36115 0.531265 0.0892627 0.84249 46.9186 
0.839783 0.0137065 -0.542749 -21.1454 -0.0585468 0.996138 -0.0654318 -3.43087 0.539756 0.0867248 0.837343 47.7981 
0.834299 0.0173224 -0.55104 -21.7378 -0.0612734 0.996227 -0.0614535 -3.49914 0.547897 0.0850348 0.832213 48.6671 
0.829915 0.0178347 -0.557605 -22.3566 -0.0638579 0.995957 -0.0631882 -3.5808 0.554224 0.0880484 0.827698 49.5627 
0.827565 0.0171259 -0.561109 -22.9825 -0.0658662 0.995593 -0.0667574 -3.6745 0.557492 0.0922042 0.825046 50.3777 
0.825145 0.0156285 -0.564705 -23.5963 -0.0683875 0.995029 -0.0723897 -3.77667 0.560767 0.0983508 0.822112 51.1833 
0.821573 0.0117672 -0.569982 -24.1765 -0.0650854 0.995186 -0.0732687 -3.85583 0.566376 0.0972931 0.818384 52.0103 
0.818626 0.0143538 -0.574147 -24.7901 -0.0649516 0.995588 -0.0677188 -3.96891 0.570642 0.0927282 0.815947 52.8289 
0.815718 0.0177468 -0.578177 -25.4293 -0.0664574 0.995786 -0.0631961 -4.04505 0.574619 0.0899744 0.81346 53.671 
0.813073 0.0171083 -0.581911 -26.0043 -0.0625254 0.996353 -0.0580706 -4.16486 0.578795 0.0835999 0.811177 54.3549 
0.809764 0.0167492 -0.586517 -26.6743 -0.0620664 0.99643 -0.0572357 -4.25929 0.583465 0.0827505 0.807912 55.2939 
0.806797 0.0154066 -0.590628 -27.299 -0.0621776 0.996323 -0.0589453 -4.33436 0.587548 0.0842808 0.804788 56.0669 
0.802273 0.0124967 -0.596827 -27.9758 -0.0609573 0.99627 -0.0610803 -4.40904 0.593837 0.085384 0.800042 56.9297 
0.798097 0.0124951 -0.6024 -28.7315 -0.062178 0.996155 -0.0617148 -4.48304 0.599313 0.0867104 0.795805 57.8164 
0.794111 0.0115774 -0.607663 -29.447 -0.0599054 0.996441 -0.0593017 -4.58107 0.604813 0.0834944 0.791978 58.666 
0.789791 0.0131334 -0.613235 -30.0644 -0.064258 0.996041 -0.0614267 -4.6278 0.61 0.0879196 0.787509 59.4294 
0.785508 0.0121393 -0.618732 -30.8613 -0.0647661 0.99593 -0.0626837 -4.69195 0.615453 0.0893115 0.783097 60.2743 
0.780524 0.0123672 -0.625004 -31.637 -0.0674158 0.995639 -0.0644897 -4.75825 0.62148 0.0924709 0.777953 61.1708 
0.775674 0.0117272 -0.631025 -32.409 -0.0676862 0.995607 -0.0646992 -4.85369 0.627494 0.0928972 0.77306 62.0027 
0.770355 0.0100986 -0.637535 -33.1221 -0.0674306 0.995558 -0.065709 -4.94142 0.63404 0.0936087 0.767614 62.7833 
0.765142 0.00614907 -0.643832 -33.8615 -0.0622507 0.995976 -0.0644677 -5.03636 0.640845 0.089406 0.762446 63.6442 
0.758695 0.0024179 -0.651441 -34.5277 -0.0591552 0.996117 -0.0651973 -5.10249 0.648755 0.0880011 0.755893 64.4086 
0.755025 0.0114752 -0.655596 -35.3486 -0.0690396 0.99568 -0.0620826 -5.22943 0.652051 0.0921361 0.752556 65.1688 
0.748753 0.0112033 -0.662755 -36.0216 -0.0709083 0.995474 -0.0632816 -5.29982 0.659046 0.0943772 0.746158 65.9111 
0.74293 0.00962907 -0.6693 -36.8451 -0.0700205 0.995529 -0.063401 -5.37817 0.665697 0.0939673 0.740282 66.7384 
0.735862 0.00631081 -0.677102 -37.62 -0.0675626 0.995651 -0.0641459 -5.46216 0.673753 0.0929494 0.733088 67.5576 
0.72931 0.00557646 -0.68416 -38.3459 -0.0688554 0.995488 -0.0652854 -5.52452 0.680709 0.0947214 0.726404 68.3438 
0.723916 0.00666845 -0.689856 -39.0295 -0.0712017 0.995336 -0.0650958 -5.6069 0.686204 0.0962429 0.721014 69.0879 
0.721241 0.0059865 -0.692659 -39.9142 -0.0712237 0.995304 -0.0655605 -5.6599 0.689013 0.0966186 0.71828 69.7645 
0.71776 0.00745731 -0.69625 -40.6451 -0.0736531 0.995146 -0.0652699 -5.76967 0.692384 0.0981292 0.714826 70.4726 
0.711754 0.00794067 -0.702384 -41.4001 -0.0761731 0.994912 -0.0659415 -5.89539 0.698287 0.100437 0.708737 71.2384 
0.705539 0.00354892 -0.708662 -42.1317 -0.07208 0.995161 -0.0667786 -5.99551 0.704996 0.0981953 0.702381 71.9808 
0.702065 0.00234009 -0.712109 -43.1114 -0.0711998 0.995214 -0.0669251 -6.08864 0.708545 0.0976878 0.698872 72.7901 
0.698171 0.00224616 -0.715928 -43.9508 -0.0718603 0.995165 -0.0669557 -6.14814 0.712316 0.0981934 0.694956 73.5545 
0.693614 0.00365138 -0.720338 -44.7723 -0.0724887 0.995265 -0.0647545 -6.25196 0.71669 0.097131 0.690594 74.3016 
0.689134 0.000892153 -0.724634 -45.7572 -0.0705223 0.995335 -0.065842 -6.30978 0.721194 0.0964768 0.685982 75.059 
0.685881 -0.00191843 -0.727712 -46.7553 -0.0687144 0.995358 -0.0673885 -6.35085 0.724463 0.0962248 0.682565 75.7619 
0.681344 -0.00508414 -0.731946 -47.8111 -0.0639044 0.995744 -0.066403 -6.42001 0.729169 0.0920179 0.678119 76.6287 
0.678821 -0.00438954 -0.734291 -48.7376 -0.0658403 0.995591 -0.0668181 -6.49955 0.731346 0.0937035 0.675538 77.4024 
0.67551 -0.00740705 -0.737314 -49.5926 -0.0629894 0.995715 -0.0677124 -6.5945 0.734655 0.0921834 0.672149 78.1227 
0.672159 -0.0117865 -0.740313 -50.4666 -0.0606903 0.995632 -0.0709545 -6.67279 0.737916 0.0926225 0.668507 78.8741 
0.668019 -0.0160726 -0.74397 -51.336 -0.0571582 0.995705 -0.0728341 -6.76053 0.741946 0.0911786 0.664231 79.6207 
0.662043 -0.0188307 -0.749229 -52.1399 -0.0531393 0.995989 -0.0719883 -6.88554 0.74758 0.0874729 0.658387 80.2936 
0.654914 -0.0205404 -0.755424 -53.0867 -0.0515136 0.996092 -0.071744 -6.99525 0.753945 0.0859008 0.651297 81.0577 
0.647148 -0.0226015 -0.762029 -54.0329 -0.0484189 0.996324 -0.07067 -7.07824 0.760825 0.0826306 0.643675 81.8275 
0.639033 -0.0208873 -0.768895 -54.976 -0.0477097 0.99663 -0.0667256 -7.18327 0.767698 0.0793237 0.635883 82.5667 
0.632089 -0.0148098 -0.774755 -55.7645 -0.0566067 0.996264 -0.065227 -7.27308 0.772826 0.0850856 0.628889 83.0992 
0.621172 -0.0192386 -0.783438 -56.8631 -0.053252 0.996352 -0.0666895 -7.33405 0.781863 0.0831453 0.617882 83.9697 
0.613972 -0.0199478 -0.789076 -57.9789 -0.0553695 0.99613 -0.0682645 -7.41547 0.787384 0.0856033 0.610491 84.6726 
0.604781 -0.0223249 -0.796079 -58.9778 -0.0522701 0.996339 -0.0676504 -7.51761 0.794675 0.0825249 0.6014 85.3716 
0.594694 -0.0240112 -0.803594 -60.0011 -0.0473632 0.996771 -0.0648341 -7.62732 0.802556 0.0766172 0.591636 86.122 
0.584114 -0.0236617 -0.811327 -61.0665 -0.0494838 0.996678 -0.0646931 -7.69953 0.810162 0.0779357 0.581002 86.8497 
0.574084 -0.024851 -0.818419 -62.0476 -0.0472682 0.996867 -0.0634261 -7.80019 0.817431 0.0750972 0.571111 87.5072 
0.564272 -0.0254151 -0.825198 -63.0987 -0.0493175 0.996703 -0.0644207 -7.8974 0.824115 0.0770476 0.561158 88.1898 
0.555801 -0.0263168 -0.830899 -64.1512 -0.0503595 0.996597 -0.0652512 -7.98566 0.829789 0.0781104 0.552584 88.7968 
0.546947 -0.0263237 -0.836753 -65.1731 -0.0545443 0.996261 -0.0669949 -8.06887 0.835388 0.0822828 0.543467 89.4101 
0.537166 -0.0268086 -0.84305 -66.2081 -0.0548065 0.996273 -0.0666021 -8.15627 0.841694 0.0819811 0.533695 90.0395 
0.528465 -0.022411 -0.848659 -67.3036 -0.0581207 0.996351 -0.0625033 -8.2793 0.846963 0.0823555 0.525234 90.6799 
0.521222 -0.0213878 -0.853153 -68.3204 -0.0579818 0.996489 -0.0604044 -8.35031 0.851449 0.0809515 0.518152 91.2438 
0.514388 -0.0260836 -0.857161 -69.4784 -0.0534458 0.996619 -0.0624005 -8.39929 0.855891 0.0779097 0.511255 91.9048 
0.509159 -0.0275275 -0.860232 -70.6195 -0.0539443 0.996503 -0.063817 -8.50794 0.85898 0.0788977 0.505893 92.4768 
0.502304 -0.0309583 -0.864137 -71.7273 -0.0519759 0.996471 -0.0659117 -8.60697 0.863128 0.0780221 0.498922 93.0775 
0.498873 -0.0317599 -0.866093 -72.8865 -0.0531363 0.996328 -0.0671424 -8.69728 0.865044 0.0795166 0.495354 93.6255 
0.496277 -0.0335603 -0.867515 -74.0043 -0.0540791 0.996117 -0.0694722 -8.80617 0.866478 0.081392 0.492535 94.1222 
0.488732 -0.0348746 -0.871736 -75.0667 -0.0499466 0.996443 -0.0678658 -8.93124 0.871003 0.0767086 0.485252 94.7791 
0.486083 -0.0319725 -0.873328 -76.1754 -0.04685 0.99694 -0.0625741 -9.06554 0.872656 0.0713316 0.483098 95.3272 
0.480497 -0.0301609 -0.876477 -77.2526 -0.0420773 0.997465 -0.0573916 -9.18711 0.875986 0.0644564 0.47801 95.9321 
0.477755 -0.0298349 -0.877986 -78.3679 -0.038888 0.997725 -0.0550646 -9.28577 0.877632 0.0604506 0.475508 96.5066 
0.475836 -0.0299088 -0.879026 -79.488 -0.0399332 0.997656 -0.0555619 -9.35456 0.878627 0.0615408 0.473526 97.0738 
0.472712 -0.0306024 -0.880685 -80.5849 -0.0365442 0.997856 -0.0542892 -9.44456 0.880459 0.0578472 0.470581 97.6577 
0.470564 -0.0304924 -0.881839 -81.7163 -0.0337344 0.99805 -0.052512 -9.52773 0.881721 0.0544586 0.468618 98.2215 
0.471236 -0.0305772 -0.881477 -82.8963 -0.033126 0.99808 -0.0523311 -9.62107 0.881385 0.0538601 0.469318 98.743 
0.470689 -0.0322 -0.881711 -84.065 -0.0313868 0.99809 -0.0532056 -9.67777 0.881741 0.0527174 0.46878 99.2944 
0.467959 -0.0346242 -0.883072 -85.2627 -0.0271661 0.998196 -0.053534 -9.71579 0.883333 0.0490413 0.466174 99.9449 
0.465952 -0.0333929 -0.88418 -86.3844 -0.0256975 0.998355 -0.0512473 -9.78687 0.884437 0.0466001 0.464328 100.507 
0.464318 -0.0361366 -0.884931 -87.4194 -0.0218147 0.998398 -0.0522161 -9.86687 0.8854 0.0435494 0.462786 101.035 
0.463049 -0.0349077 -0.885645 -88.5556 -0.0220994 0.998459 -0.0509086 -9.96728 0.886057 0.0431455 0.461564 101.599 
0.463099 -0.0379988 -0.885492 -89.6238 -0.0201928 0.998369 -0.0534032 -10.0507 0.886077 0.0426116 0.461576 102.112 
0.4698 -0.0391053 -0.881906 -90.7755 -0.0204751 0.998267 -0.0551722 -10.1207 0.882535 0.0439771 0.468185 102.536 
0.472045 -0.0388328 -0.880719 -91.7855 -0.0230468 0.998144 -0.0563629 -10.2047 0.881273 0.0469036 0.470274 103.043 
0.475928 -0.0386439 -0.878635 -92.7848 -0.0256272 0.998001 -0.0577752 -10.2786 0.879111 0.0500139 0.473986 103.554 
0.48024 -0.038516 -0.876291 -93.7786 -0.0244507 0.998059 -0.057268 -10.3901 0.876796 0.0489284 0.478366 104.078 
0.484256 -0.0407688 -0.873976 -94.7571 -0.0240928 0.997914 -0.0598996 -10.4568 0.874595 0.0500633 0.482263 104.644 
0.492117 -0.0399826 -0.86961 -95.7492 -0.0240533 0.997939 -0.0594948 -10.5351 0.870196 0.0501955 0.490141 105.159 
0.500264 -0.0425607 -0.864826 -96.7506 -0.020905 0.997906 -0.0612026 -10.5865 0.86562 0.0486967 0.498327 105.7 
0.508196 -0.0457124 -0.860028 -97.7318 -0.0169898 0.997864 -0.0630781 -10.6498 0.861074 0.0466677 0.506334 106.26 
0.515196 -0.0474383 -0.855759 -98.6763 -0.0170591 0.997702 -0.065577 -10.702 0.856903 0.0483835 0.513203 106.841 
0.526128 -0.0502384 -0.84892 -99.6326 -0.0169349 0.997437 -0.069523 -10.7791 0.850237 0.0509544 0.523928 107.362 
0.535936 -0.0536517 -0.842552 -100.578 -0.0160533 0.997151 -0.0737075 -10.8541 0.844106 0.0530284 0.533548 107.928 
0.545669 -0.0540639 -0.836255 -101.448 -0.0158607 0.997072 -0.0748101 -10.9642 0.83785 0.0540853 0.543214 108.501 
0.554917 -0.0545052 -0.830118 -102.336 -0.0166476 0.996924 -0.0765861 -11.0319 0.831739 0.0563185 0.552302 109.131 
0.567262 -0.0528017 -0.821843 -103.229 -0.0186482 0.996863 -0.0769179 -11.1067 0.823326 0.0589585 0.564498 109.723 
0.579254 -0.0530541 -0.813419 -104.093 -0.0166334 0.996903 -0.0768666 -11.1807 0.814978 0.0580552 0.576577 110.314 
0.591202 -0.0498066 -0.804984 -105.055 -0.0193935 0.996925 -0.0759256 -11.2889 0.806291 0.0604988 0.588418 110.933 
0.601339 -0.0495143 -0.797458 -105.893 -0.0188699 0.99692 -0.0761281 -11.4031 0.798771 0.0608268 0.598552 111.545 
0.612507 -0.0503181 -0.788862 -106.75 -0.0186211 0.996776 -0.0780383 -11.4918 0.790246 0.0624885 0.609595 112.186 
0.623022 -0.0517187 -0.780493 -107.574 -0.0159537 0.996764 -0.0787847 -11.6055 0.782042 0.0615364 0.62018 112.801 
0.631123 -0.0528087 -0.773883 -108.363 -0.013405 0.996788 -0.0789516 -11.7048 0.775567 0.0602021 0.628389 113.505 
0.642788 -0.0491723 -0.764465 -109.133 -0.0153416 0.996911 -0.0770236 -11.8062 0.765891 0.061238 0.640048 114.053 
0.652572 -0.0455198 -0.756358 -109.958 -0.0164713 0.997106 -0.0742199 -11.9068 0.757547 0.0608921 0.649934 114.731 
0.661875 -0.0448862 -0.74827 -110.767 -0.0169326 0.997056 -0.0747876 -11.9709 0.749423 0.0621702 0.659166 115.405 
0.672841 -0.0459869 -0.738357 -111.561 -0.0171965 0.996824 -0.0777556 -12.0361 0.739588 0.0650143 0.669913 116.049 
0.680963 -0.0434692 -0.731026 -112.292 -0.0193731 0.996818 -0.0773204 -12.1425 0.732061 0.0668147 0.677955 116.709 
0.69038 -0.0442952 -0.72209 -113.008 -0.018156 0.996749 -0.0785023 -12.2213 0.723219 0.0673067 0.687331 117.326 
0.698626 -0.0421367 -0.714245 -113.735 -0.0187096 0.996847 -0.0771091 -12.3105 0.715243 0.0672337 0.695635 118.025 
0.707478 -0.0405325 -0.705572 -114.437 -0.0176163 0.997032 -0.0749397 -12.4078 0.706516 0.0654478 0.704665 118.678 
0.715094 -0.039634 -0.697904 -115.077 -0.0170451 0.997106 -0.0740907 -12.5018 0.698821 0.0648777 0.712349 119.283 
0.723239 -0.0370848 -0.689601 -115.736 -0.0183757 0.99717 -0.072897 -12.603 0.690353 0.0653939 0.720511 119.934 
0.730977 -0.0373136 -0.681381 -116.403 -0.0178047 0.997121 -0.0737047 -12.6801 0.68217 0.0660082 0.728208 120.611 
0.737436 -0.0331578 -0.674603 -117.04 -0.0206933 0.997216 -0.0716354 -12.7399 0.6751 0.0667863 0.734697 121.289 
0.74343 -0.0305791 -0.668114 -117.628 -0.0200257 0.997489 -0.0679375 -12.8351 0.668514 0.0638862 0.740951 121.944 
0.749949 -0.0274897 -0.660924 -118.238 -0.0206196 0.997679 -0.0648933 -12.9457 0.661174 0.0622947 0.747642 122.609 
0.757296 -0.0265626 -0.652532 -118.848 -0.0203742 0.997725 -0.0642598 -13.0282 0.652754 0.0619585 0.755032 123.284 
0.76459 -0.0251217 -0.644027 -119.442 -0.021391 0.997701 -0.0643131 -13.0772 0.644162 0.0629496 0.762295 123.965 
0.773754 -0.0229355 -0.633071 -120.013 -0.0231043 0.997658 -0.0643827 -13.1218 0.633065 0.0644431 0.771412 124.628 
0.782537 -0.0175686 -0.622356 -120.58 -0.0259822 0.99781 -0.0608369 -13.1925 0.622061 0.0637773 0.780367 125.309 
0.79321 -0.0150878 -0.608761 -121.139 -0.0285206 0.997676 -0.061889 -13.2452 0.60828 0.0664533 0.790936 125.955 
0.802447 -0.0144574 -0.596548 -121.632 -0.0294054 0.997534 -0.0637301 -13.3068 0.595998 0.0686819 0.800043 126.626 
0.812019 -0.0176611 -0.583364 -122.179 -0.026365 0.997412 -0.0668954 -13.3515 0.583035 0.0697008 0.809451 127.321 
0.820592 -0.0169212 -0.571264 -122.643 -0.0262419 0.997392 -0.0672387 -13.3969 0.570911 0.0701667 0.818008 128.034 
0.830291 -0.0161759 -0.557095 -123.147 -0.0254988 0.997429 -0.0669648 -13.4674 0.556747 0.0698056 0.827744 128.7 
0.839827 -0.0125966 -0.542708 -123.594 -0.0263834 0.997602 -0.0639827 -13.5321 0.542213 0.0680529 0.837481 129.357 
0.847828 -0.0125756 -0.530121 -124.011 -0.0239918 0.997785 -0.0620399 -13.6094 0.529728 0.0653178 0.845649 130.101 
0.856175 -0.0104022 -0.516581 -124.437 -0.0235971 0.997967 -0.0592052 -13.6758 0.516146 0.0628799 0.854189 130.821 
0.862753 -0.010073 -0.505526 -124.822 -0.021804 0.99813 -0.0571002 -13.739 0.505156 0.0602859 0.86092 131.49 
0.869606 -0.0131073 -0.493573 -125.282 -0.0168285 0.99828 -0.0561597 -13.7986 0.49346 0.0571429 0.867889 132.233 
0.875943 -0.012526 -0.482252 -125.7 -0.0166621 0.998281 -0.0561937 -13.8552 0.482126 0.0572579 0.874229 132.914 
0.882336 -0.012479 -0.470455 -126.109 -0.0163493 0.998232 -0.0571416 -13.8947 0.470336 0.0581098 0.880572 133.585 
0.88796 -0.00993334 -0.459814 -126.485 -0.0178945 0.998264 -0.0561221 -13.9581 0.459573 0.0580623 0.88624 134.328 
0.894515 -0.0091284 -0.446945 -126.871 -0.0175938 0.998298 -0.0556014 -14.0275 0.446692 0.0575998 0.892832 135.027 
0.89986 -0.0087154 -0.436092 -127.207 -0.0170081 0.998339 -0.0550477 -14.0923 0.435848 0.0569524 0.898217 135.707 
0.904479 -0.00972446 -0.426408 -127.57 -0.0164106 0.998206 -0.057574 -14.1238 0.426203 0.0590721 0.902697 136.493 
0.908362 -0.0121852 -0.418008 -127.93 -0.0135873 0.998188 -0.058624 -14.1794 0.417965 0.0589314 0.90655 137.25 
0.91152 -0.0116498 -0.41109 -128.295 -0.0140941 0.998127 -0.0595372 -14.2055 0.411013 0.0600633 0.909649 138.042 
0.914768 -0.00934075 -0.403871 -128.67 -0.0145101 0.998328 -0.055955 -14.2732 0.403718 0.0570461 0.913103 138.8 
0.917547 -0.00695452 -0.397567 -129.067 -0.0153721 0.998479 -0.0529435 -14.3096 0.39733 0.0546896 0.916045 139.673 
0.920268 -0.00578427 -0.391246 -129.436 -0.0153868 0.998582 -0.0509554 -14.367 0.390986 0.0529128 0.918874 140.497 
0.923346 -0.00126072 -0.383966 -129.815 -0.018724 0.998657 -0.0483057 -14.4412 0.383512 0.0517923 0.922083 141.312 
0.92621 -0.000307666 -0.377008 -130.178 -0.0185432 0.998752 -0.0463708 -14.4895 0.376552 0.0499401 0.925048 142.166 
0.929736 0.000458264 -0.368226 -130.525 -0.0176102 0.99891 -0.0432211 -14.5417 0.367805 0.0466688 0.928731 142.975 
0.932752 0.00236783 -0.36051 -130.844 -0.0182897 0.999002 -0.0407598 -14.6108 0.360053 0.0446125 0.931864 143.793 
0.935864 0.00152257 -0.352358 -131.231 -0.0166815 0.999061 -0.0399892 -14.6641 0.351966 0.0433024 0.93501 144.757 
0.938859 3.67148e-05 -0.344301 -131.54 -0.0149657 0.999059 -0.0407029 -14.6845 0.343976 0.043367 0.937977 145.642 
0.942534 -0.00174699 -0.334107 -131.888 -0.0124949 0.999103 -0.0404729 -14.7376 0.333878 0.0423218 0.941666 146.531 
0.945559 -0.00253041 -0.32544 -132.127 -0.0115633 0.999077 -0.0413653 -14.7878 0.325244 0.0428766 0.944658 147.352 
0.949289 -0.00478515 -0.314369 -132.448 -0.00958804 0.998979 -0.0441587 -14.8108 0.314259 0.0449336 0.948273 148.307 
0.953792 -0.00248275 -0.300457 -132.782 -0.0116512 0.998908 -0.0452407 -14.8547 0.300242 0.0466509 0.952722 149.218 
0.958753 5.13571e-05 -0.284241 -133.124 -0.0132104 0.998927 -0.0443788 -14.9147 0.283934 0.0463033 0.957725 150.263 
0.964128 0.00250942 -0.265428 -133.324 -0.014306 0.998993 -0.0425199 -14.9343 0.265054 0.0447919 0.963193 150.931 
0.969247 0.00634109 -0.246007 -133.405 -0.0168804 0.999027 -0.0407566 -15.0017 0.245509 0.043656 0.968411 151.72 
0.974164 0.00634558 -0.225752 -133.566 -0.015765 0.999077 -0.0399464 -15.0484 0.22529 0.0424733 0.973366 152.526 
0.978217 0.00832761 -0.207419 -133.426 -0.0163362 0.999184 -0.0369281 -15.2485 0.206942 0.0395121 0.977555 153.18 
0.981469 0.00856104 -0.191429 -133.197 -0.0148791 0.99939 -0.0315919 -15.542 0.191042 0.0338548 0.980998 153.796 
0.985383 0.0097018 -0.170077 -133.376 -0.0147538 0.999486 -0.028466 -15.5851 0.169713 0.0305592 0.98502 154.772 
0.989134 0.011703 -0.146548 -133.555 -0.015557 0.999562 -0.0251799 -15.594 0.14619 0.0271862 0.988883 155.867 
0.991989 0.0141794 -0.125525 -133.678 -0.0171245 0.999602 -0.0224148 -15.6493 0.125157 0.0243849 0.991837 157.003 
0.994532 0.0165013 -0.103122 -133.79 -0.0188464 0.999585 -0.0218083 -15.7051 0.102719 0.0236326 0.99443 158.08 
0.996729 0.0154687 -0.07932 -133.96 -0.0174677 0.999546 -0.0245707 -15.7261 0.0789039 0.0258759 0.996546 159.199 
0.998204 0.0153901 -0.0578953 -134.029 -0.0169091 0.999523 -0.0258396 -15.7708 0.05747 0.0267722 0.997988 160.376 
0.999213 0.0126598 -0.0375846 -134.126 -0.0135517 0.99963 -0.0235732 -15.8234 0.0372722 0.0240641 0.999015 161.244 
0.999705 0.0138536 -0.0199392 -133.93 -0.014249 0.999702 -0.0198284 -15.9534 0.0196585 0.0201067 0.999605 162.096 
0.999893 0.0146057 -0.000679431 -133.905 -0.014616 0.999711 -0.019103 -15.9952 0.00040018 0.0191109 0.999817 163.208 
0.99964 0.0177041 0.0201752 -133.957 -0.0173335 0.999681 -0.0183971 -15.9493 -0.0204945 0.0180408 0.999627 164.116 
0.999105 0.0187182 0.0379412 -133.778 -0.0179473 0.999628 -0.0205564 -15.8186 -0.0383119 0.019857 0.999069 165.749 
0.998252 0.0197644 0.0556929 -133.57 -0.0185226 0.99957 -0.0227261 -15.6915 -0.0561182 0.0216549 0.998189 167.379 
0.997083 0.0208424 0.0734247 -133.333 -0.019059 0.999508 -0.0249057 -15.568 -0.0739078 0.0234337 0.99699 169.006 
0.995432 0.0208809 0.0931606 -133.273 -0.0184637 0.999472 -0.0267328 -15.6751 -0.0936696 0.0248906 0.995292 170.304 
0.993207 0.0229605 0.114072 -133.334 -0.0198094 0.999392 -0.0286805 -15.7596 -0.114661 0.026226 0.993059 171.558 
0.990984 0.023136 0.131967 -133.101 -0.0195363 0.999403 -0.0285071 -15.924 -0.132548 0.025672 0.990844 172.653 
0.988379 0.0236964 0.150152 -133.12 -0.0192184 0.999328 -0.0312042 -15.9295 -0.150791 0.0279559 0.98817 173.438 
0.985839 0.0232461 0.166075 -132.93 -0.0175977 0.999218 -0.0354018 -16.0111 -0.166769 0.031978 0.985477 174.557 
0.982408 0.0243316 0.185154 -132.872 -0.0171658 0.999044 -0.0402069 -16.1336 -0.185955 0.0363213 0.981887 175.614 
0.978792 0.0263842 0.203151 -132.679 -0.0175542 0.998826 -0.0451453 -16.2246 -0.204104 0.0406217 0.978106 176.79 
0.974257 0.0279707 0.223697 -132.53 -0.0177841 0.998717 -0.0474235 -16.3194 -0.224737 0.0422245 0.973504 177.869 
0.969066 0.0238332 0.245649 -132.457 -0.0122297 0.998741 -0.0486537 -16.3286 -0.246499 0.0441445 0.968137 178.589 
0.964535 0.0225854 0.262985 -132.11 -0.0103585 0.998804 -0.0477869 -16.4206 -0.26375 0.0433681 0.963616 179.927 
0.960059 0.0200241 0.279081 -131.72 -0.00667607 0.998791 -0.0486971 -16.5172 -0.279719 0.0448889 0.959032 181.221 
0.955551 0.0198914 0.294154 -131.357 -0.00492048 0.998658 -0.0515475 -16.6713 -0.294785 0.0478089 0.954367 182.294 
0.951434 0.0198912 0.307209 -130.823 -0.00307365 0.998475 -0.0551298 -16.7652 -0.307837 0.0515082 0.950044 183.284 
0.94604 0.0222246 0.323286 -130.371 -0.00477702 0.998493 -0.0546632 -16.8857 -0.324014 0.0501693 0.944721 184.533 
0.940546 0.0250237 0.338743 -129.816 -0.00707428 0.998509 -0.0541197 -17.0218 -0.339592 0.0485057 0.939321 185.684 
0.933914 0.0288211 0.356335 -129.397 -0.00910698 0.99834 -0.0568794 -17.115 -0.357383 0.0498753 0.932625 186.891 
0.927221 0.0296174 0.373341 -128.866 -0.00800724 0.998208 -0.0593017 -17.2677 -0.374428 0.0519964 0.925797 188.246 
0.920078 0.0313116 0.390482 -128.392 -0.00793404 0.998086 -0.0613388 -17.3569 -0.391655 0.0533385 0.918565 189.431 
0.912715 0.0316785 0.407366 -127.819 -0.00555075 0.997859 -0.0651609 -17.5022 -0.408558 0.0572122 0.910937 190.551 
0.903422 0.0349248 0.427327 -127.333 -0.00566277 0.997562 -0.0695575 -17.6722 -0.428714 0.06042 0.901418 191.955 
0.89308 0.0372645 0.448353 -126.605 -0.0053759 0.997377 -0.0721879 -17.8401 -0.449866 0.0620593 0.890937 193.544 
0.880446 0.0407174 0.472395 -125.984 -0.00751503 0.997379 -0.071961 -17.993 -0.474087 0.0598077 0.878444 194.925 
0.866558 0.0432785 0.497196 -125.238 -0.00878498 0.997401 -0.0715077 -18.2648 -0.498998 0.0575978 0.864687 196.274 
0.850616 0.047002 0.523683 -124.701 -0.00990305 0.997252 -0.0734205 -18.4076 -0.525695 0.0572666 0.848744 197.459 
0.835314 0.0502739 0.54747 -123.967 -0.010556 0.997093 -0.0754565 -18.5473 -0.549672 0.0572508 0.833417 198.657 
0.820478 0.051198 0.56938 -123.149 -0.00928693 0.997044 -0.0762704 -18.6987 -0.571602 0.0572904 0.818528 199.739 
0.803855 0.0529662 0.592463 -122.261 -0.00817379 0.996917 -0.0780341 -18.8082 -0.59477 0.0578854 0.801809 201.067 
0.786365 0.0549229 0.615316 -121.357 -0.00644741 0.996715 -0.0807267 -18.9924 -0.617729 0.0595135 0.784136 202.395 
0.769303 0.0567687 0.636357 -120.447 -0.00219748 0.996274 -0.0862199 -19.0831 -0.63888 0.0649309 0.766561 203.632 
0.752827 0.0573362 0.655716 -119.597 -0.000662411 0.996264 -0.0863533 -19.35 -0.658218 0.0645748 0.750053 204.712 
0.73518 0.0589889 0.675301 -118.611 0.00115517 0.996096 -0.0882685 -19.5159 -0.677871 0.0656733 0.732241 205.853 
0.718509 0.0594613 0.692972 -117.66 0.00205602 0.996153 -0.0876078 -19.7326 -0.695515 0.0643718 0.715622 206.955 
0.703914 0.0581809 0.707899 -116.591 0.00551003 0.996162 -0.0873517 -19.9207 -0.710264 0.0653887 0.700892 208.042 
0.687951 0.0590242 0.723353 -115.552 0.00724465 0.996079 -0.0881681 -20.142 -0.725721 0.0658957 0.684826 209.09 
0.671418 0.0621226 0.73847 -114.39 0.00779085 0.995834 -0.0908563 -20.2894 -0.741038 0.0667559 0.668137 210.226 
0.653777 0.0652361 0.75387 -113.104 0.00891201 0.995544 -0.0938779 -20.4337 -0.756635 0.0680937 0.650282 211.518 
0.63814 0.0666867 0.767027 -111.852 0.0114086 0.995313 -0.0960259 -20.6245 -0.769835 0.0700287 0.634389 212.593 
0.621885 0.0662788 0.780299 -110.684 0.012139 0.995476 -0.0942306 -20.8496 -0.783014 0.0680726 0.618268 213.62 
0.602959 0.0672989 0.794929 -109.659 0.0118315 0.995572 -0.0932596 -20.9986 -0.797685 0.0656369 0.599492 214.575 
0.584387 0.0682708 0.808598 -108.445 0.00797284 0.995924 -0.0898489 -21.199 -0.811436 0.0589533 0.58146 215.536 
0.566922 0.0674223 0.821008 -107.146 0.00638718 0.996255 -0.0862242 -21.4023 -0.823747 0.0541263 0.564368 216.465 
0.55009 0.0693156 0.832224 -105.811 0.00397793 0.996321 -0.0856124 -21.5181 -0.835096 0.050405 0.54779 217.294 
0.532807 0.0725083 0.843125 -104.484 0.0027152 0.996171 -0.087386 -21.6375 -0.846233 0.0488491 0.53057 218.112 
0.513663 0.0761857 0.854603 -103.188 -0.000586003 0.996081 -0.0884458 -21.8344 -0.857992 0.0449305 0.511694 218.976 
0.492954 0.0761586 0.866716 -101.886 0.00039118 0.996142 -0.0877537 -21.9899 -0.870055 0.0435976 0.491022 219.803 
0.472275 0.0740412 0.878336 -100.606 0.000493796 0.996443 -0.0842627 -22.1363 -0.881451 0.0402289 0.470559 220.496 
0.451971 0.0714384 0.889167 -99.2392 0.0010123 0.996746 -0.0805961 -22.3006 -0.892032 0.0373272 0.450428 221.206 
0.429995 0.0698673 0.900124 -97.8969 0.000208383 0.996993 -0.0774857 -22.456 -0.902831 0.0335061 0.428688 221.879 
0.408138 0.0684799 0.910348 -96.6752 0.0013445 0.997137 -0.0756112 -22.6215 -0.912919 0.0320838 0.406877 222.478 
0.386012 0.0676353 0.920011 -95.3722 0.00261495 0.997224 -0.0744089 -22.7699 -0.92249 0.0311285 0.384764 223.076 
0.364116 0.0675679 0.9289 -94.0549 0.0040513 0.997241 -0.074127 -22.882 -0.931345 0.0307541 0.362837 223.679 
0.341634 0.0683163 0.937347 -92.761 0.00448445 0.997225 -0.0743148 -23.0452 -0.939823 0.0295919 0.340379 224.219 
0.320643 0.0676486 0.944781 -91.3012 0.0100938 0.997146 -0.0748237 -23.168 -0.947146 0.0335281 0.319045 224.744 
0.299696 0.066581 0.951709 -90.0152 0.00699548 0.997382 -0.0719791 -23.3245 -0.954009 0.0282295 0.298446 225.185 
0.279689 0.06602 0.957818 -88.5672 0.00916576 0.997404 -0.0714249 -23.4525 -0.960047 0.0287559 0.278357 225.612 
0.25942 0.0701901 0.96321 -87.2817 0.00890578 0.997139 -0.075061 -23.5841 -0.965723 0.0280505 0.258053 226.039 
0.239456 0.0786068 0.96772 -85.9479 0.00797953 0.996524 -0.082921 -23.7413 -0.970874 0.0275779 0.237997 226.436 
0.219276 0.0868526 0.971789 -84.6322 0.00459694 0.995927 -0.0900471 -23.8752 -0.975652 0.0242124 0.217984 226.786 
0.19889 0.0903415 0.975849 -83.3236 0.00364364 0.995667 -0.0929187 -24.0252 -0.980015 0.0220362 0.197699 227.103 
0.179401 0.090938 0.979564 -82.0316 -0.00124451 0.995739 -0.0922116 -24.213 -0.983775 0.0153238 0.17875 227.353 
0.159801 0.0909906 0.982947 -80.7517 -0.00258157 0.995778 -0.0917586 -24.3386 -0.987146 0.0121256 0.159362 227.599 
0.140494 0.0905157 0.985935 -79.5035 -0.00526043 0.995866 -0.0906778 -24.4862 -0.990068 0.00755322 0.140389 227.796 
0.12074 0.0884585 0.988735 -78.2111 -0.00569072 0.996067 -0.0884195 -24.6282 -0.992668 0.00504913 0.120768 228.009 
0.1018 0.0883262 0.990876 -76.9637 -0.00467744 0.996082 -0.0883097 -24.7648 -0.994794 0.0043552 0.101815 228.162 
0.0825085 0.0892177 0.992589 -75.711 -0.00508415 0.99601 -0.0891025 -24.8869 -0.996577 0.00230524 0.0826328 228.312 
0.0635304 0.0915852 0.993769 -74.5405 -0.00908867 0.995792 -0.0911906 -25.0318 -0.997939 -0.00323866 0.0640954 228.433 
0.0432515 0.0936891 0.994662 -73.3002 -0.0105188 0.995581 -0.0933182 -25.1568 -0.999009 -0.00642647 0.0440459 228.546 
0.0258608 0.0904522 0.995565 -72.0638 -0.0112583 0.995861 -0.0901866 -25.2897 -0.999602 -0.00887608 0.0267721 228.617 
0.0112513 0.0863938 0.996198 -70.8122 -0.00935098 0.996226 -0.0862906 -25.4124 -0.999893 -0.00834454 0.0120167 228.633 
-0.00582357 0.0822244 0.996597 -69.6599 -0.00865425 0.996572 -0.0822729 -25.536 -0.999946 -0.00910393 -0.00509202 228.784 
-0.0204251 0.0798039 0.996601 -68.4841 -0.00568111 0.996784 -0.0799349 -25.6222 -0.999775 -0.00729449 -0.0199061 228.856 
-0.030722 0.0805487 0.996277 -67.3283 -0.00572363 0.996717 -0.0807608 -25.7357 -0.999512 -0.00818346 -0.0301601 228.831 
-0.0390548 0.082262 0.995845 -66.1561 -0.00565401 0.996571 -0.0825436 -25.8604 -0.999221 -0.00885425 -0.0384558 228.815 
-0.0463629 0.0826819 0.995497 -65.0034 -0.00609202 0.996527 -0.0830511 -26.0044 -0.998906 -0.00991507 -0.0456981 228.801 
-0.052979 0.0869669 0.994802 -63.8993 -0.00842345 0.996126 -0.0875313 -26.1166 -0.99856 -0.013017 -0.0520412 228.771 
-0.0591406 0.0960048 0.993622 -62.7685 -0.00729723 0.995296 -0.0966009 -26.2397 -0.998223 -0.0129637 -0.0581619 228.756 
-0.0648802 0.0981058 0.993059 -61.7104 -0.00949945 0.99505 -0.0989231 -26.3509 -0.997848 -0.0158517 -0.0636271 228.737 
-0.0689927 0.0899865 0.99355 -60.599 -0.00816574 0.995839 -0.0907608 -26.4754 -0.997584 -0.0143749 -0.0679709 228.679 
-0.0713402 0.0811227 0.994148 -59.4603 -0.00756419 0.996615 -0.0818667 -26.5843 -0.997423 -0.0133603 -0.0704851 228.599 
-0.0764116 0.0753819 0.994223 -58.3869 -0.00706114 0.997072 -0.0761406 -26.7125 -0.997051 -0.0128384 -0.0756556 228.61 
-0.0758354 0.0772155 0.994126 -57.3432 -0.00866983 0.996908 -0.078093 -26.8112 -0.997083 -0.0145411 -0.0749315 228.55 
-0.074349 0.0813656 0.993907 -56.2843 -0.00783462 0.996587 -0.082171 -26.909 -0.997202 -0.0138962 -0.0734578 228.462 
-0.0735418 0.0842993 0.993723 -55.2352 -0.0107364 0.996296 -0.0853122 -27.0038 -0.997234 -0.016943 -0.0723643 228.422 
-0.0725945 0.0852067 0.993715 -54.1934 -0.0138282 0.996162 -0.0864267 -27.0968 -0.997266 -0.0200154 -0.0711377 228.382 
-0.0690217 0.0852939 0.993962 -53.1747 -0.0143911 0.99615 -0.0864809 -27.2188 -0.997511 -0.0202733 -0.0675285 228.342 
-0.0662914 0.0862183 0.994068 -52.2027 -0.0152357 0.996056 -0.0874067 -27.3237 -0.997684 -0.0209397 -0.0647164 228.331 
-0.061521 0.0892028 0.994112 -51.2103 -0.0183929 0.995728 -0.090486 -27.3932 -0.997936 -0.0238514 -0.0596175 228.294 
-0.0550133 0.0882505 0.994578 -50.1479 -0.018172 0.995833 -0.089367 -27.4999 -0.99832 -0.0229898 -0.0531804 228.248 
-0.0490534 0.0875085 0.994955 -49.072 -0.0174547 0.995927 -0.0884545 -27.5967 -0.998644 -0.0217057 -0.0473262 228.23 
-0.0415375 0.0877927 0.995272 -47.991 -0.0132212 0.995997 -0.0884084 -27.6888 -0.99905 -0.0168309 -0.0402105 228.215 
-0.0340102 0.0881838 0.995523 -46.9292 -0.0102668 0.996016 -0.0885781 -27.8038 -0.999369 -0.0132334 -0.0329694 228.185 
-0.0269467 0.0888015 0.995685 -45.9347 -0.0115235 0.995953 -0.0891372 -27.8993 -0.99957 -0.0138757 -0.0258143 228.17 
-0.0230251 0.0884867 0.995811 -44.9031 -0.012471 0.995972 -0.0887894 -27.9977 -0.999657 -0.0144631 -0.0218288 228.244 
-0.0169759 0.0856 0.996185 -43.8885 -0.011202 0.99625 -0.0857964 -28.1146 -0.999793 -0.0126157 -0.0159534 228.251 
-0.0120634 0.0843451 0.996364 -42.8944 -0.0113247 0.996361 -0.0844819 -28.2142 -0.999863 -0.0123027 -0.0110643 228.294 
-0.00694849 0.0849607 0.99636 -41.924 -0.0130006 0.996292 -0.0850456 -28.3123 -0.999891 -0.0135443 -0.00581819 228.334 
0.000262158 0.0870079 0.996208 -40.955 -0.0132325 0.996121 -0.0869968 -28.4119 -0.999912 -0.0131595 0.00141247 228.334 
0.00478725 0.088037 0.996106 -40.0164 -0.0134112 0.996033 -0.0879661 -28.5174 -0.999899 -0.0129378 0.00594893 228.378 
0.0117785 0.0894915 0.995918 -39.0473 -0.0150491 0.99589 -0.089311 -28.6248 -0.999817 -0.0139358 0.0130768 228.394 
0.0166943 0.0903825 0.995767 -38.0958 -0.0182805 0.995767 -0.090076 -28.7345 -0.999694 -0.0166993 0.0182759 228.455 
0.0229207 0.089133 0.995756 -37.1072 -0.019608 0.995866 -0.0886915 -28.8486 -0.999545 -0.0174919 0.0245736 228.499 
0.0287878 0.087059 0.995787 -36.097 -0.019712 0.996056 -0.0865125 -28.9402 -0.999391 -0.0171385 0.0303904 228.586 
0.0372312 0.0852588 0.995663 -35.1539 -0.0169734 0.996264 -0.0846756 -29.0538 -0.999163 -0.0137472 0.0385392 228.616 
0.0433533 0.0848622 0.995449 -34.231 -0.0181047 0.996289 -0.0841453 -29.1404 -0.998896 -0.0143744 0.0447288 228.673 
0.048816 0.0855179 0.99514 -33.2927 -0.0151221 0.996277 -0.0848737 -29.2412 -0.998693 -0.0109054 0.0499275 228.79 
0.0544376 0.0863536 0.994776 -32.3486 -0.0132034 0.996229 -0.0857571 -29.3285 -0.99843 -0.00846603 0.0553724 228.877 
