1 2.12261e-08 -2.11895e-08 0 2.12261e-08 1 2.10703e-08 0 -2.11895e-08 2.10703e-08 1 0 
0.99988 0.000632879 0.0154735 0.00875724 -0.000623876 1 -0.000583926 -0.0111606 -0.0154739 0.000574244 0.99988 0.132232 
0.999291 0.00380109 0.0374654 0.029002 -0.00378372 0.999993 -0.000533197 0.00255959 -0.0374672 0.000391102 0.999298 0.268785 
0.997939 0.005095 0.0639668 0.0737873 -0.00511945 0.999987 0.000218975 0.00997976 -0.0639649 -0.000545958 0.997952 0.428728 
0.995067 0.00606402 0.0990168 0.103114 -0.00634312 0.999977 0.0025046 -5.66014e-05 -0.0989994 -0.00312028 0.995083 0.578465 
0.990682 0.00345556 0.136151 0.189058 -0.00407836 0.999982 0.004296 0.00401922 -0.136133 -0.0048112 0.990679 0.737593 
0.984509 0.000928419 0.175329 0.26849 -0.00167179 0.99999 0.00409246 0.0134361 -0.175324 -0.00432214 0.984501 0.93353 
0.975304 0.0018292 0.220861 0.326018 -0.00308028 0.999981 0.00532051 0.00656956 -0.220847 -0.00586939 0.975291 1.14791 
0.963752 0.00122295 0.266796 0.456295 -0.00358835 0.999959 0.00837879 0.00121468 -0.266774 -0.0090324 0.963717 1.25928 
0.949244 -0.00669699 0.314469 0.470125 0.00201874 0.999882 0.0152002 -0.0270433 -0.314534 -0.0137938 0.949146 1.3698 
0.932082 -0.0184775 0.361775 0.5767 0.0102881 0.999646 0.02455 -0.0907572 -0.362101 -0.0191606 0.931942 1.57152 
0.910725 -0.024781 0.41227 0.673631 0.0135074 0.999452 0.0302372 -0.141809 -0.412793 -0.0219691 0.91056 1.70107 
0.884896 -0.0268351 0.465016 0.764865 0.0119831 0.99932 0.0348659 -0.150576 -0.465635 -0.0252803 0.884616 1.8723 
0.856639 -0.0273298 0.515192 0.9609 0.00914985 0.999244 0.0377938 -0.107083 -0.515835 -0.0276617 0.856241 2.06752 
0.824133 -0.0309208 0.565552 1.12936 0.00854814 0.999074 0.0421665 -0.0920179 -0.566333 -0.0299164 0.823634 2.25608 
0.788018 -0.0365775 0.614565 1.21939 0.0103301 0.998879 0.0462054 -0.0867888 -0.615566 -0.0300621 0.787512 2.3483 
0.75068 -0.0410878 0.659387 1.42817 0.010821 0.998695 0.0499117 -0.11042 -0.660577 -0.0303325 0.750145 2.4666 
0.709689 -0.0437906 0.703153 1.66894 0.0115962 0.998657 0.05049 -0.0896945 -0.704419 -0.0276783 0.709244 2.69289 
0.6673 -0.0457414 0.743383 1.92041 0.010554 0.998593 0.051971 -0.0881891 -0.744714 -0.0268345 0.666844 2.87673 
0.622863 -0.0448541 0.781044 2.19582 0.0044284 0.998541 0.0538131 -0.0463748 -0.782319 -0.0300594 0.622153 3.13691 
0.580462 -0.0461037 0.812981 2.54065 0.0024513 0.99849 0.0548737 -0.027729 -0.814284 -0.0298592 0.579699 3.34525 
0.539882 -0.0468122 0.840438 2.87752 0.00110872 0.998491 0.0549036 0.0104035 -0.84174 -0.0287096 0.539119 3.54583 
0.501127 -0.0488349 0.863995 3.29235 -0.000126237 0.998402 0.0565052 0.0329215 -0.865374 -0.0284253 0.50032 3.74092 
0.463813 -0.0474481 0.884662 3.68139 -0.00437931 0.99843 0.055846 0.0756296 -0.885922 -0.0297763 0.462877 3.91143 
0.426292 -0.0474232 0.903342 4.11123 -0.00715334 0.998417 0.0557902 0.0605756 -0.904557 -0.0302448 0.425278 4.1235 
0.392654 -0.0458187 0.918544 4.58395 -0.00377193 0.99867 0.0514279 0.10126 -0.919678 -0.0236581 0.391959 4.29998 
0.363426 -0.0448884 0.930541 5.04227 -0.000901672 0.998821 0.0485343 0.108891 -0.931623 -0.0184776 0.362957 4.44063 
0.33714 -0.0439673 0.940427 5.56413 0.000318646 0.998914 0.0465876 0.103352 -0.941454 -0.0154069 0.336788 4.62377 
0.316799 -0.0433164 0.947503 6.13347 0.00304208 0.998998 0.0446534 0.137047 -0.948488 -0.0112638 0.316613 4.80271 
0.302107 -0.0430758 0.9523 6.7295 0.00202541 0.999005 0.0445459 0.169185 -0.953272 -0.0115288 0.301894 5.01174 
0.291047 -0.0445873 0.955669 7.39298 0.00568512 0.998976 0.0448765 0.18391 -0.956692 -0.00762808 0.291003 5.19996 
0.280045 -0.0463859 0.958865 8.10277 0.00253759 0.998864 0.0475798 0.205879 -0.959983 -0.0108913 0.279845 5.3666 
0.268934 -0.0478278 0.96197 8.76782 0.00177029 0.998789 0.0491635 0.247073 -0.963157 -0.0115188 0.268693 5.54886 
0.259362 -0.0498982 0.96449 9.46022 0.00124589 0.998681 0.0513321 0.284247 -0.965779 -0.012112 0.259082 5.73231 
0.248192 -0.0520544 0.967311 10.1899 -0.000143066 0.998553 0.0537724 0.295452 -0.968711 -0.0134843 0.247826 5.96013 
0.237863 -0.0531565 0.969843 10.9068 0.000578147 0.998509 0.0545859 0.33724 -0.971299 -0.0124232 0.237539 6.14248 
0.227694 -0.0541044 0.972229 11.6752 0.00198313 0.998479 0.0551009 0.384494 -0.973731 -0.0106181 0.227455 6.32265 
0.217065 -0.05634 0.97453 12.4623 0.00028076 0.998337 0.0576538 0.425422 -0.976157 -0.012241 0.21672 6.51009 
0.205569 -0.0600661 0.976798 13.2037 -0.0010841 0.9981 0.0616042 0.466638 -0.978642 -0.0137228 0.205113 6.6789 
0.19321 -0.064445 0.979039 13.9637 -0.00250183 0.997805 0.0661741 0.487676 -0.981154 -0.0152349 0.192625 6.84769 
0.181005 -0.0658932 0.981272 14.7617 -0.00232162 0.997722 0.067426 0.545484 -0.983479 -0.0144826 0.18044 6.97349 
0.167208 -0.0667339 0.983661 15.5793 -0.00337016 0.997662 0.0682567 0.562919 -0.985916 -0.0147282 0.166592 7.11738 
0.152817 -0.0657145 0.986067 16.3609 -0.00470259 0.997727 0.0672204 0.597155 -0.988243 -0.0149095 0.152161 7.2524 
0.135732 -0.0644089 0.98865 17.1706 -0.00530983 0.997823 0.0657355 0.63919 -0.990731 -0.014172 0.135095 7.3843 
0.115508 -0.0631831 0.991295 17.9511 -0.00616366 0.99791 0.0643229 0.672575 -0.993288 -0.0135398 0.114877 7.47837 
0.0903924 -0.0620084 0.993974 18.7742 -0.0111384 0.997934 0.0632684 0.713387 -0.995844 -0.0167902 0.089515 7.56366 
0.0596337 -0.0617435 0.996309 19.6011 -0.0140247 0.997935 0.0626838 0.735677 -0.998122 -0.017711 0.0586446 7.62048 
0.0256448 -0.0622272 0.997733 20.4289 -0.0176972 0.997876 0.0626911 0.770096 -0.999515 -0.0192648 0.0244891 7.65449 
-0.00938681 -0.0611534 0.998084 21.3043 -0.0196688 0.997946 0.0609601 0.817932 -0.999763 -0.0190589 -0.0105703 7.66916 
-0.0435983 -0.0595245 0.997274 22.1296 -0.0206727 0.998064 0.0586679 0.850398 -0.998835 -0.0180585 -0.0447444 7.63158 
-0.0777071 -0.0582988 0.99527 22.9652 -0.0244618 0.9981 0.0565547 0.875861 -0.996676 -0.0199514 -0.0789856 7.58679 
-0.110349 -0.0547616 0.992383 23.8312 -0.0269476 0.998279 0.0520905 0.914435 -0.993528 -0.0209942 -0.111635 7.49995 
-0.143164 -0.0503554 0.988417 24.634 -0.0246166 0.998577 0.0473076 0.936015 -0.989393 -0.0175588 -0.144199 7.37762 
-0.174727 -0.04343 0.983659 25.4455 -0.017883 0.999002 0.0409309 0.969197 -0.984455 -0.0104391 -0.175329 7.22957 
-0.205869 -0.0383688 0.977827 26.2599 -0.0158962 0.99923 0.0358619 0.9944 -0.97845 -0.00816087 -0.206321 7.07458 
-0.233464 -0.0331619 0.9718 27.0362 -0.009439 0.999449 0.0318379 0.999034 -0.97232 -0.00173984 -0.233648 6.84618 
-0.262879 -0.027976 0.964423 27.6179 -0.000906805 0.999586 0.0287488 0.989288 -0.964828 0.00668292 -0.262796 6.78435 
-0.28953 -0.0183605 0.956993 28.3666 0.00190444 0.999803 0.019758 0.993744 -0.957167 0.00754308 -0.289438 6.56972 
-0.314561 -0.0024388 0.949234 29.0906 0.00667829 0.999966 0.00478225 0.986052 -0.949214 0.00784357 -0.314534 6.32413 
-0.340391 0.0136875 0.940185 29.8082 0.00495689 0.999906 -0.0127623 0.968811 -0.940271 0.000316212 -0.340427 6.11739 
-0.364407 0.0299402 0.930758 30.4612 0.0131789 0.999549 -0.0269933 0.894849 -0.931146 0.00242977 -0.364637 5.87542 
-0.39072 0.0398971 0.919645 31.2911 0.015113 0.999204 -0.0369277 0.854042 -0.920386 -0.00052987 -0.391012 5.60932 
-0.416953 0.0443656 0.907845 31.9206 0.020203 0.999014 -0.0395421 0.821932 -0.908704 0.00185397 -0.417438 5.5004 
-0.437731 0.0452294 0.897968 32.5913 0.0272323 0.998943 -0.0370404 0.762374 -0.898694 0.00824 -0.438499 5.08789 
-0.461757 0.0392384 0.886138 33.1564 0.0299588 0.999141 -0.0286309 0.66211 -0.886501 0.0133271 -0.462535 4.98302 
-0.479778 0.0377467 0.876578 33.8903 0.0374554 0.999045 -0.0225198 0.592452 -0.87659 0.0220281 -0.480733 4.63625 
-0.493492 0.0382243 0.86891 34.565 0.0382764 0.99902 -0.0222091 0.564396 -0.868908 0.0222988 -0.494472 4.28347 
-0.505283 0.0417482 0.861943 35.2314 0.0406393 0.998872 -0.024557 0.539699 -0.861996 0.0226205 -0.506409 3.9345 
-0.514618 0.0429459 0.856344 35.9354 0.0406995 0.998843 -0.025634 0.462939 -0.856453 0.021661 -0.51577 3.48099 
-0.526771 0.0429556 0.848921 36.5967 0.0334298 0.998997 -0.0298056 0.44464 -0.84935 0.0126786 -0.527679 3.17916 
-0.539137 0.0410144 0.841219 37.2038 0.0300019 0.999115 -0.0294845 0.42017 -0.841683 0.00934197 -0.539891 2.85404 
-0.548182 0.0420828 0.8353 37.8551 0.0341978 0.999026 -0.0278884 0.330525 -0.83566 0.0132775 -0.549087 2.50687 
-0.557438 0.0440809 0.829048 38.4595 0.0359125 0.998935 -0.0289669 0.287806 -0.829442 0.0136259 -0.558427 2.19569 
-0.56323 0.0467011 0.824979 39.0657 0.0378406 0.998812 -0.030707 0.255307 -0.825433 0.0139226 -0.564328 1.95143 
-0.565333 0.0477044 0.823482 39.6686 0.039301 0.99875 -0.030877 0.170613 -0.823926 0.0149079 -0.566502 1.75169 
-0.56345 0.0478946 0.824761 40.3631 0.0426858 0.998672 -0.0288322 0.11159 -0.825047 0.0189601 -0.564746 1.39534 
-0.558356 0.047556 0.828238 41.0576 0.0415344 0.998706 -0.0293436 0.089883 -0.828561 0.0180162 -0.559608 0.987534 
-0.553081 0.0453705 0.831891 41.7807 0.0373071 0.998863 -0.0296734 0.0615237 -0.832292 0.0146236 -0.554145 0.607391 
-0.546811 0.0452818 0.836031 42.5162 0.0368334 0.998871 -0.0300105 0.0257238 -0.836446 0.0143838 -0.547861 0.184531 
-0.542051 0.0431653 0.839237 43.1764 0.0339348 0.99899 -0.029464 -0.0287641 -0.83966 0.0125083 -0.542968 -0.168493 
-0.538088 0.0398485 0.841946 43.8164 0.0311244 0.99914 -0.0273967 -0.127847 -0.842314 0.0114632 -0.538866 -0.545071 
-0.538048 0.0368404 0.842109 44.5886 0.025617 0.999298 -0.0273496 -0.158463 -0.842525 0.00685685 -0.538614 -0.926675 
-0.5404 0.0313557 0.840824 45.079 0.0171069 0.999508 -0.0262786 -0.249197 -0.841235 0.000182998 -0.54067 -1.25609 
-0.54302 0.0292881 0.839209 45.855 0.01453 0.99957 -0.0254828 -0.324169 -0.839594 -0.00164391 -0.543212 -1.69713 
-0.544486 0.0283039 0.838292 46.6227 0.0139776 0.999598 -0.0246714 -0.376133 -0.838653 -0.00171592 -0.544663 -2.13448 
-0.546829 0.0270601 0.836807 47.3419 0.0153364 0.999634 -0.0223035 -0.447038 -0.837104 0.000637413 -0.547044 -2.47381 
-0.548086 0.0259181 0.836021 48.1764 0.0132079 0.999663 -0.0223322 -0.469792 -0.836318 -0.00119788 -0.548243 -2.99098 
-0.547431 0.02541 0.836465 49.2094 0.0129756 0.999677 -0.021876 -0.563371 -0.836751 -0.00112191 -0.547583 -3.67966 
-0.551058 0.0243239 0.834112 49.998 0.011293 0.999701 -0.0216919 -0.570328 -0.83439 -0.00253395 -0.551168 -4.00883 
-0.553457 0.0237535 0.832539 50.7126 0.0102099 0.999712 -0.0217358 -0.593465 -0.832815 -0.00352974 -0.55354 -4.3971 
-0.554508 0.0218127 0.831893 51.5544 0.00731912 0.999746 -0.0213352 -0.678741 -0.832146 -0.00574181 -0.554527 -4.84977 
-0.55909 0.0175226 0.828922 52.4269 0.00573686 0.999835 -0.017266 -0.812741 -0.829087 -0.00489787 -0.559098 -5.13147 
-0.56121 0.0139786 0.827556 53.1973 0.00489742 0.999896 -0.0135684 -0.888421 -0.827659 -0.00356186 -0.56122 -5.49668 
-0.558869 0.0126264 0.82916 54.1892 0.00440434 0.999915 -0.0122581 -0.936886 -0.829245 -0.00319874 -0.558877 -6.0668 
-0.558615 0.0119821 0.82934 54.9448 0.00668901 0.999928 -0.00994124 -0.997089 -0.8294 -5.87114e-06 -0.558655 -6.46663 
-0.559349 0.0115647 0.828852 55.7693 0.00442933 0.99993 -0.0109626 -1.03093 -0.828921 -0.00246066 -0.559361 -6.91514 
-0.560663 0.0111364 0.827969 56.6207 0.00423434 0.999935 -0.010582 -1.07076 -0.828033 -0.00242706 -0.560674 -7.37949 
-0.56362 0.0123794 0.825941 57.4909 0.00224942 0.999907 -0.0134518 -1.09335 -0.826031 -0.00572384 -0.563595 -7.87965 
-0.567466 0.0142458 0.823274 58.4619 0.00143327 0.999866 -0.0163135 -1.13024 -0.823396 -0.00807739 -0.56741 -8.40904 
-0.575466 0.0132855 0.817718 59.2753 -0.00355725 0.999818 -0.0187475 -1.18137 -0.817818 -0.0136974 -0.575314 -8.83216 
-0.579858 0.0129063 0.814616 60.1447 -0.00151317 0.999856 -0.0169182 -1.2068 -0.814716 -0.0110428 -0.579755 -9.42605 
-0.587906 0.00919041 0.808877 61.1013 -0.00216325 0.999914 -0.0129332 -1.28839 -0.808926 -0.00935333 -0.587836 -9.94074 
-0.593473 0.0067875 0.804825 61.9292 -0.00571042 0.999904 -0.0126435 -1.31709 -0.804834 -0.0120995 -0.593377 -10.5076 
-0.597805 0.00898309 0.801591 62.7379 -0.00356972 0.999898 -0.0138676 -1.38135 -0.801634 -0.0111516 -0.597711 -11.1064 
-0.603234 0.012381 0.797468 63.5508 -0.00166097 0.999858 -0.0167795 -1.38559 -0.797563 -0.0114466 -0.603127 -11.6773 
-0.608103 0.0126732 0.793757 64.3323 -0.00539685 0.999784 -0.0200972 -1.40414 -0.79384 -0.016505 -0.607903 -12.2395 
-0.61116 0.0131413 0.791398 65.1026 -0.00626445 0.999751 -0.0214387 -1.42972 -0.791482 -0.0180602 -0.610925 -12.836 
-0.61452 0.0119682 0.788811 65.8619 -0.00732777 0.999755 -0.0208774 -1.44849 -0.788868 -0.0186098 -0.614281 -13.4132 
-0.617519 0.00552298 0.786537 66.6195 -0.00769228 0.999885 -0.0130604 -1.46643 -0.786519 -0.0141153 -0.617405 -13.9512 
-0.620013 -0.00171679 0.78459 67.3935 -0.00593697 0.999979 -0.00250349 -1.50491 -0.784569 -0.00621029 -0.62001 -14.5198 
-0.622153 -0.0034514 0.782888 68.1592 -0.00400996 0.999991 0.00122186 -1.54861 -0.782885 -0.00237917 -0.622161 -15.0856 
-0.622617 0.00111422 0.782526 68.9095 -0.00335412 0.999986 -0.00409254 -1.57675 -0.782519 -0.00517278 -0.622605 -15.6711 
-0.624254 0.0062062 0.781197 69.666 -0.00211759 0.999951 -0.00963622 -1.61508 -0.781219 -0.00766971 -0.624211 -16.2386 
-0.62559 0.0112686 0.78007 70.442 0.00426039 0.99993 -0.0110279 -1.63637 -0.78014 -0.00357558 -0.625595 -16.8223 
-0.62516 0.0118487 0.780406 71.1916 0.00635496 0.999929 -0.0100908 -1.67292 -0.780471 -0.00134895 -0.625191 -17.4344 
-0.626447 0.00842937 0.779419 71.9432 0.00536608 0.999965 -0.00650162 -1.69906 -0.779446 0.000109491 -0.62647 -17.9616 
-0.626343 0.00454563 0.779534 72.6902 0.00452498 0.999987 -0.00219536 -1.70809 -0.779534 0.00215232 -0.626356 -18.5198 
-0.625026 -0.00217133 0.780601 73.4314 0.00118845 0.999992 0.00373322 -1.73384 -0.780603 0.00326106 -0.625019 -19.0989 
-0.624263 -0.00734807 0.78118 74.1763 -0.00665567 0.99997 0.00408738 -1.74614 -0.781186 -0.00264769 -0.624293 -19.6539 
-0.622398 -0.0134503 0.782585 74.9241 -0.0150493 0.999873 0.00521603 -1.74891 -0.782556 -0.0085309 -0.622522 -20.2275 
-0.621786 -0.0121277 0.783093 75.6505 -0.0100976 0.999921 0.00746805 -1.77529 -0.783122 -0.00326385 -0.62186 -20.7354 
-0.620738 -0.00872101 0.78397 76.3879 -0.0075365 0.999958 0.00515642 -1.77574 -0.783982 -0.00270761 -0.620778 -21.2649 
-0.6154 -0.00483033 0.7882 77.1155 -0.00345011 0.999988 0.00343454 -1.79465 -0.788207 -0.000605766 -0.615409 -21.8225 
-0.609318 -0.00282131 0.792921 77.8575 -0.000268482 0.999994 0.00335182 -1.79395 -0.792926 0.00182943 -0.609315 -22.3563 
-0.602824 0.00147549 0.797873 78.6178 0.00860511 0.999952 0.00465233 -1.82552 -0.797828 0.00967031 -0.602807 -22.8945 
-0.594352 0.000801781 0.804205 79.3689 0.00710953 0.999966 0.00425742 -1.83129 -0.804174 0.00824792 -0.594337 -23.4052 
-0.586061 -0.00249274 0.810263 80.1482 0.00216664 0.999987 0.00464358 -1.83554 -0.810264 0.00447696 -0.586048 -23.9127 
-0.575547 -0.00451366 0.817756 80.9221 0.00549472 0.999941 0.00938652 -1.85762 -0.81775 0.00989572 -0.575488 -24.4025 
-0.564932 -0.00474221 0.825124 81.7241 0.00544035 0.99994 0.00947177 -1.85974 -0.825119 0.00983986 -0.564873 -24.9374 
-0.554083 -0.00542977 0.832444 82.4463 0.00482492 0.999941 0.00973384 -1.84889 -0.832448 0.00940982 -0.554024 -25.3938 
-0.543739 -0.00453008 0.839242 83.2202 0.00491467 0.999951 0.00858177 -1.8578 -0.83924 0.00879083 -0.54369 -25.8614 
-0.531249 -0.00131528 0.847215 83.9982 0.0053886 0.999973 0.00493141 -1.88483 -0.847199 0.0071851 -0.531228 -26.3394 
-0.519986 0.00995211 0.854117 84.8074 0.0128426 0.99991 -0.0038323 -1.89869 -0.854078 0.00897631 -0.520067 -26.8131 
-0.506019 0.0146612 0.862398 85.5876 0.00912161 0.999891 -0.0116464 -1.8934 -0.862474 0.00197314 -0.506098 -27.274 
-0.494399 0.0109653 0.869166 86.3991 0.00891951 0.999932 -0.00754137 -1.92912 -0.869189 0.00402408 -0.494463 -27.7283 
-0.48519 0.00670682 0.874383 87.224 0.00746115 0.999966 -0.00352991 -1.94914 -0.874377 0.00481122 -0.485223 -28.1302 
-0.474966 0.00778028 0.87997 88.0494 0.00616868 0.999966 -0.00551163 -1.97279 -0.879983 0.00281041 -0.474998 -28.5479 
-0.464609 0.0106468 0.885452 88.8774 0.0101864 0.999926 -0.00667823 -1.99364 -0.885457 0.00591683 -0.464683 -28.9342 
-0.459525 0.0150811 0.888037 89.7339 0.00490224 0.999884 -0.0144438 -2.0052 -0.888151 -0.0022839 -0.459545 -29.3396 
-0.457315 0.0151045 0.889177 90.5429 -0.00107351 0.999846 -0.0175365 -2.04665 -0.889304 -0.00897426 -0.457228 -29.7206 
-0.454909 0.0160211 0.890394 91.3869 -0.00262069 0.99981 -0.0193287 -2.05665 -0.890534 -0.0111263 -0.45478 -30.1045 
-0.449778 0.0144436 0.893024 92.1735 -0.00603039 0.999797 -0.0192078 -2.10608 -0.89312 -0.0140245 -0.449599 -30.4924 
-0.444245 0.00969888 0.895853 92.969 -0.00806532 0.999858 -0.0148244 -2.13868 -0.895869 -0.013811 -0.444103 -30.8696 
-0.440571 0.00451366 0.897707 93.7909 -0.010732 0.999889 -0.0102944 -2.17217 -0.897654 -0.0141696 -0.440474 -31.2359 
-0.435744 0.000641641 0.90007 94.5968 -0.0131653 0.999888 -0.00708638 -2.21004 -0.899974 -0.0149375 -0.435687 -31.596 
-0.430963 -0.00196065 0.902368 95.4303 -0.02313 0.999693 -0.00887453 -2.22973 -0.902073 -0.0246964 -0.430876 -31.9482 
-0.424174 -0.0025167 0.905577 96.2528 -0.0316171 0.999428 -0.012032 -2.24715 -0.905029 -0.0337354 -0.424011 -32.3122 
-0.419795 -0.00152697 0.907618 97.0973 -0.0358355 0.999247 -0.0148936 -2.30915 -0.906911 -0.0387773 -0.419534 -32.633 
-0.412836 0.00306047 0.9108 97.9541 -0.0316556 0.999342 -0.0177064 -2.3104 -0.910255 -0.0361417 -0.412467 -33.0018 
-0.40679 0.000212277 0.913522 98.7856 -0.035632 0.999235 -0.0160991 -2.34949 -0.912827 -0.0390996 -0.406471 -33.3369 
-0.400901 -0.00389902 0.916113 99.6053 -0.0346138 0.999341 -0.0108941 -2.37681 -0.915467 -0.0360776 -0.400772 -33.6766 
-0.395297 -0.00672987 0.918529 100.421 -0.0366928 0.999291 -0.00846945 -2.40623 -0.91782 -0.0370514 -0.395263 -34.0017 
-0.391151 -0.00974468 0.920275 101.436 -0.0522375 0.998567 -0.0116291 -2.48658 -0.918843 -0.0526216 -0.3911 -34.2913 
-0.386352 -0.0072715 0.922323 102.284 -0.0530949 0.998486 -0.0143689 -2.50912 -0.920822 -0.0545221 -0.386153 -34.5974 
-0.381135 -0.00775682 0.924487 103.171 -0.0594301 0.998102 -0.0161265 -2.52357 -0.922607 -0.0610887 -0.380872 -34.8847 
-0.374803 -0.00875097 0.927063 103.922 -0.0576986 0.998237 -0.0139042 -2.56877 -0.925307 -0.0587016 -0.374647 -35.1799 
-0.368422 -0.00996551 0.929605 104.873 -0.0581518 0.998231 -0.0123455 -2.58346 -0.927838 -0.0586065 -0.36835 -35.4774 
-0.361065 -0.0116611 0.932468 105.606 -0.0570178 0.998327 -0.00959342 -2.68014 -0.930796 -0.0566311 -0.361126 -35.7358 
-0.353626 -0.0107988 0.935325 106.392 -0.0535706 0.998526 -0.0087253 -2.70677 -0.933852 -0.0531914 -0.353683 -36.0482 
-0.346985 -0.0123564 0.937789 107.167 -0.0583848 0.998258 -0.00844933 -2.73792 -0.936052 -0.0576844 -0.347102 -36.314 
-0.341064 -0.0159496 0.939905 107.997 -0.0649521 0.997866 -0.00663607 -2.7702 -0.937793 -0.0633121 -0.341372 -36.5955 
-0.338628 -0.0156597 0.94079 108.794 -0.0613061 0.998104 -0.00545277 -2.79082 -0.938921 -0.0595226 -0.338946 -36.8161 
-0.335544 -0.0138108 0.941923 109.624 -0.0591936 0.998226 -0.00645033 -2.79808 -0.940163 -0.0579202 -0.335766 -37.066 
-0.333388 -0.01213 0.942712 110.447 -0.058453 0.99826 -0.00782705 -2.80373 -0.940976 -0.0577138 -0.333517 -37.2851 
-0.327306 -0.0132109 0.944826 111.289 -0.0506024 0.998713 -0.00356528 -2.8447 -0.943563 -0.0489774 -0.327553 -37.5775 
-0.321875 -0.0136479 0.946684 112.155 -0.0437972 0.99904 -0.000488478 -2.86232 -0.945769 -0.0416193 -0.322164 -37.8808 
-0.31875 -0.0152673 0.947716 112.958 -0.0447184 0.998999 0.00105309 -2.85451 -0.946783 -0.0420446 -0.319114 -38.0922 
-0.313666 -0.0134651 0.949438 113.804 -0.0466321 0.998911 -0.00123911 -2.87527 -0.948388 -0.0446629 -0.313952 -38.3684 
-0.310486 -0.012574 0.950495 114.668 -0.0483971 0.998825 -0.00259593 -2.89998 -0.949345 -0.0468072 -0.31073 -38.6195 
-0.310867 -0.0139731 0.950351 115.517 -0.0513089 0.998681 -0.00209977 -2.91988 -0.949067 -0.0494142 -0.311174 -38.845 
-0.308665 -0.0140236 0.951068 116.357 -0.051662 0.998663 -0.00204122 -2.92807 -0.949767 -0.0497641 -0.308976 -39.1108 
-0.309621 -0.0182434 0.950685 117.213 -0.0524845 0.99862 0.00207006 -2.92689 -0.949411 -0.0492553 -0.310151 -39.3492 
-0.309168 -0.0224167 0.950743 118.047 -0.0546055 0.998491 0.00578568 -2.91296 -0.949439 -0.0501271 -0.309925 -39.5925 
-0.308579 -0.0254767 0.950857 118.899 -0.0536744 0.998515 0.00933484 -2.95169 -0.949683 -0.0481562 -0.309488 -39.8364 
-0.306914 -0.0211321 0.951503 119.753 -0.0530515 0.998579 0.0050655 -2.97226 -0.950257 -0.048924 -0.307599 -40.0987 
-0.308787 -0.0174614 0.950971 120.544 -0.0529976 0.998594 0.00112721 -2.97794 -0.949654 -0.0500511 -0.309278 -40.2913 
-0.308846 -0.0181567 0.950939 121.393 -0.0491711 0.998786 0.00310045 -3.02652 -0.94984 -0.0458011 -0.309364 -40.5484 
-0.306665 -0.0193399 0.951621 122.209 -0.0518715 0.998647 0.0035798 -3.03847 -0.950403 -0.0482642 -0.307253 -40.8097 
-0.306066 -0.0177369 0.951845 123.048 -0.0440014 0.999022 0.0044674 -3.0785 -0.950993 -0.0405152 -0.306547 -41.0651 
-0.305076 -0.0171163 0.952174 123.859 -0.048783 0.998807 0.00232454 -3.09509 -0.951078 -0.0457408 -0.305547 -41.3118 
-0.307556 -0.016541 0.951386 124.607 -0.0625374 0.998039 -0.00286441 -3.0614 -0.949473 -0.0603782 -0.307987 -41.4815 
-0.305954 -0.0155975 0.951919 125.415 -0.0660489 0.997804 -0.00487917 -3.09722 -0.949753 -0.064366 -0.306312 -41.7281 
-0.309219 -0.0135812 0.950894 126.282 -0.074497 0.997171 -0.00998324 -3.078 -0.948069 -0.0739257 -0.309356 -41.9244 
-0.308343 -0.0103983 0.951219 127.087 -0.0607708 0.998113 -0.00878824 -3.10695 -0.949332 -0.0605161 -0.308393 -42.1655 
-0.309968 -0.0110071 0.950683 127.808 -0.0686276 0.997584 -0.0108257 -3.13373 -0.948267 -0.0685987 -0.309974 -42.3297 
-0.305312 -0.00938554 0.952206 128.681 -0.054407 0.99849 -0.00760307 -3.1539 -0.950697 -0.054128 -0.305361 -42.6589 
-0.299707 -0.0125364 0.953949 129.563 -0.041612 0.999134 5.67562e-05 -3.19655 -0.953124 -0.0396787 -0.299969 -42.9589 
-0.301232 -0.0235889 0.953259 130.176 -0.0551591 0.998451 0.00727683 -3.28179 -0.951954 -0.0503889 -0.302067 -43.1046 
-0.306114 -0.0338223 0.951394 130.939 -0.0699403 0.997467 0.0129568 -3.32585 -0.949422 -0.0625745 -0.307704 -43.1979 
-0.302625 -0.0284653 0.952684 131.79 -0.0711729 0.997438 0.00719411 -3.31395 -0.950448 -0.0656282 -0.303876 -43.4385 
-0.301477 -0.0268118 0.953097 132.457 -0.072244 0.997373 0.00520573 -3.34243 -0.950733 -0.0672861 -0.302622 -43.5709 
-0.292864 -0.0295482 0.955698 133.227 -0.0851593 0.996356 0.00470914 -3.36225 -0.952354 -0.0800074 -0.294313 -43.7867 
-0.286788 -0.0349565 0.957356 134.216 -0.0977315 0.995188 0.00706123 -3.33226 -0.952996 -0.0915388 -0.288824 -43.9713 
-0.275453 -0.0346343 0.96069 135.11 -0.0956055 0.995383 0.00847272 -3.31477 -0.956549 -0.0895134 -0.277493 -44.1864 
-0.263427 -0.0307783 0.964188 135.873 -0.0899628 0.995919 0.00721242 -3.30737 -0.960475 -0.0848411 -0.265121 -44.3774 
-0.250882 -0.0308236 0.967527 136.616 -0.093468 0.995594 0.00748133 -3.32591 -0.963495 -0.0885558 -0.252658 -44.5355 
-0.237853 -0.0307505 0.970814 137.475 -0.0884594 0.996031 0.00987646 -3.32556 -0.967265 -0.0835286 -0.239629 -44.7264 
-0.227943 -0.0300216 0.973211 138.2 -0.0910163 0.995805 0.00940093 -3.33175 -0.969411 -0.0864353 -0.22972 -44.8357 
-0.215784 -0.0241061 0.976144 138.929 -0.0929593 0.995662 0.00403875 -3.35995 -0.972006 -0.0898701 -0.217089 -44.9504 
-0.201296 -0.0130217 0.979444 139.807 -0.0940357 0.99555 -0.00609045 -3.31808 -0.975006 -0.0933287 -0.201625 -45.0936 
-0.189667 -0.00593591 0.981831 140.515 -0.100916 0.994804 -0.0134802 -3.32908 -0.976649 -0.101639 -0.18928 -45.188 
-0.178379 -0.00597038 0.983944 141.193 -0.10419 0.994474 -0.0128543 -3.35291 -0.97843 -0.10481 -0.178015 -45.2658 
-0.164622 -0.00995166 0.986307 141.955 -0.105523 0.994388 -0.00757939 -3.37158 -0.980696 -0.105326 -0.164748 -45.3941 
-0.156498 -0.0129344 0.987594 142.694 -0.114003 0.993468 -0.00505404 -3.38984 -0.981077 -0.11338 -0.15695 -45.4541 
-0.146226 -0.00611787 0.989232 143.428 -0.115864 0.993204 -0.0109843 -3.39717 -0.982443 -0.116223 -0.145941 -45.5553 
-0.140195 -0.00157093 0.990123 144.165 -0.119497 0.992716 -0.015345 -3.4401 -0.982886 -0.120468 -0.139362 -45.6253 
-0.138733 0.00172166 0.990328 144.927 -0.128473 0.991517 -0.0197213 -3.42547 -0.981961 -0.129967 -0.137335 -45.6862 
-0.137906 -0.00314574 0.99044 145.732 -0.129701 0.991441 -0.0149102 -3.43627 -0.981916 -0.130517 -0.137134 -45.7987 
-0.138862 -0.00896104 0.990271 146.483 -0.130268 0.991435 -0.00929541 -3.48921 -0.981706 -0.130292 -0.13884 -45.8879 
-0.142678 -0.0106579 0.989712 147.225 -0.129919 0.991492 -0.00805209 -3.48348 -0.981205 -0.129731 -0.142849 -45.9755 
-0.145696 -0.00996591 0.989279 147.955 -0.129323 0.991561 -0.0090571 -3.49026 -0.980841 -0.129256 -0.145755 -46.063 
-0.150373 -0.0103799 0.988575 148.674 -0.129408 0.991548 -0.00927318 -3.51644 -0.980123 -0.129324 -0.150445 -46.1449 
-0.153696 -0.0124177 0.98804 149.416 -0.131147 0.991331 -0.00794153 -3.53968 -0.979376 -0.130799 -0.153992 -46.2485 
-0.158725 -0.011002 0.987262 150.123 -0.12834 0.991684 -0.00958239 -3.54926 -0.978946 -0.128227 -0.158817 -46.3677 
-0.163804 -0.0144888 0.986386 150.845 -0.137783 0.990427 -0.00833285 -3.57623 -0.976823 -0.137273 -0.164233 -46.4774 
-0.172931 -0.0166923 0.984793 151.579 -0.135426 0.990763 -0.00698746 -3.5907 -0.975579 -0.134575 -0.173594 -46.5418 
-0.17874 -0.0167385 0.983754 152.341 -0.140635 0.990023 -0.00870707 -3.61072 -0.973793 -0.139907 -0.179311 -46.6376 
-0.182813 -0.0165346 0.983009 153.018 -0.140226 0.990075 -0.00942477 -3.62943 -0.973096 -0.139566 -0.183317 -46.7745 
-0.186143 -0.0143922 0.982417 153.833 -0.137742 0.9904 -0.0115894 -3.63573 -0.97282 -0.137477 -0.186338 -46.8833 
-0.188903 -0.0107864 0.981937 154.508 -0.134903 0.990744 -0.0150692 -3.64129 -0.972685 -0.135313 -0.18861 -47.0091 
-0.189052 -0.00958598 0.98192 155.168 -0.13586 0.990591 -0.0164867 -3.67863 -0.972523 -0.13652 -0.188575 -47.158 
-0.189214 -0.0108638 0.981876 155.933 -0.13104 0.991274 -0.0142845 -3.69086 -0.973153 -0.131368 -0.188987 -47.2698 
-0.187174 -0.014712 0.982217 156.672 -0.131791 0.991224 -0.0102675 -3.71658 -0.973446 -0.131369 -0.18747 -47.3633 
-0.178544 -0.0142733 0.983828 157.348 -0.128933 0.991612 -0.00901239 -3.74796 -0.975448 -0.128457 -0.178887 -47.4995 
-0.168214 -0.0133027 0.985661 158.025 -0.125852 0.992016 -0.00808964 -3.76693 -0.977684 -0.125409 -0.168546 -47.5927 
-0.15319 -0.0138367 0.9881 158.744 -0.125836 0.992035 -0.00561715 -3.79112 -0.980152 -0.125199 -0.153711 -47.6735 
-0.139133 -0.0158137 0.990148 159.46 -0.123902 0.992293 -0.00156226 -3.77936 -0.982492 -0.122898 -0.14002 -47.7327 
-0.122653 -0.0225615 0.992193 160.164 -0.125484 0.992071 0.00704665 -3.7951 -0.984485 -0.12364 -0.124512 -47.7905 
-0.108983 -0.0273591 0.993667 160.908 -0.128883 0.991572 0.0131659 -3.77231 -0.985653 -0.126632 -0.111591 -47.7917 
-0.0889134 -0.0367016 0.995363 161.552 -0.126547 0.991639 0.0252602 -3.78637 -0.987968 -0.123714 -0.0928145 -47.8702 
-0.0716021 -0.0408413 0.996597 162.215 -0.124167 0.991754 0.0317219 -3.72459 -0.989675 -0.121473 -0.0760828 -47.8807 
-0.0546226 -0.0471636 0.997393 162.89 -0.12365 0.991515 0.040114 -3.71881 -0.990821 -0.121136 -0.0599909 -47.8995 
-0.0365239 -0.0488428 0.998139 163.445 -0.120508 0.991731 0.0441197 -3.70078 -0.99204 -0.118673 -0.0421079 -47.9741 
-0.0176392 -0.0492381 0.998631 164.169 -0.117266 0.991995 0.0468397 -3.65017 -0.992944 -0.116279 -0.0232719 -47.9847 
-0.00174299 -0.0483554 0.998829 164.832 -0.115531 0.992152 0.0478306 -3.59936 -0.993302 -0.115313 -0.00731589 -47.9427 
0.0152655 -0.0508495 0.99859 165.446 -0.11793 0.991644 0.0522986 -3.55777 -0.992905 -0.118562 0.00914131 -47.9174 
0.0299341 -0.0548215 0.998047 166.075 -0.11865 0.99124 0.0580063 -3.5304 -0.992485 -0.120154 0.0231673 -47.8709 
0.0420186 -0.0582903 0.997415 166.698 -0.112678 0.991651 0.0627003 -3.49035 -0.992743 -0.115021 0.0350998 -47.848 
0.0530705 -0.0589498 0.996849 167.334 -0.107308 0.992139 0.0643842 -3.45948 -0.992808 -0.110387 0.0463275 -47.8118 
0.0630971 -0.054482 0.996519 167.92 -0.113471 0.991642 0.0614002 -3.40851 -0.991536 -0.116951 0.0563876 -47.7509 
0.0715491 -0.0483067 0.996267 168.571 -0.11593 0.991654 0.0564088 -3.38327 -0.990677 -0.119533 0.0653518 -47.6674 
0.0805423 -0.0373392 0.996052 169.147 -0.119061 0.991783 0.0468067 -3.37873 -0.989615 -0.122361 0.0754348 -47.6005 
0.0866663 -0.0282024 0.995838 169.738 -0.115834 0.992534 0.0381898 -3.30238 -0.98948 -0.118662 0.0827524 -47.5003 
0.0939355 -0.0298942 0.995129 170.345 -0.116132 0.992396 0.0407745 -3.27496 -0.988782 -0.119397 0.0897496 -47.4499 
0.0996624 -0.0380381 0.994294 170.98 -0.118436 0.991712 0.0498107 -3.24975 -0.987948 -0.122724 0.0943313 -47.3564 
0.104127 -0.047977 0.993406 171.644 -0.124805 0.99031 0.0609093 -3.19868 -0.986702 -0.130324 0.09713 -47.2836 
0.105858 -0.0554234 0.992836 172.205 -0.125267 0.989748 0.0686073 -3.16063 -0.98646 -0.131632 0.0978298 -47.1762 
0.106422 -0.0566611 0.992705 172.829 -0.121212 0.99019 0.069512 -3.14301 -0.986905 -0.127725 0.09851 -47.0957 
0.10593 -0.053156 0.992952 173.433 -0.118866 0.990733 0.0657181 -3.09737 -0.987244 -0.12499 0.0986297 -47.0093 
0.106861 -0.0530446 0.992858 174.054 -0.11586 0.991109 0.0654212 -3.04844 -0.9875 -0.122024 0.099765 -46.9274 
0.108814 -0.0539188 0.992599 174.685 -0.123217 0.990096 0.0672906 -2.99195 -0.986396 -0.129627 0.101092 -46.8436 
0.112955 -0.0566864 0.991982 175.332 -0.121193 0.990131 0.0703807 -2.94391 -0.986181 -0.128171 0.10497 -46.7773 
0.115978 -0.062095 0.991309 175.954 -0.120002 0.989857 0.0760437 -2.91874 -0.985976 -0.127779 0.10735 -46.6866 
0.119347 -0.0650727 0.990718 176.56 -0.117907 0.98986 0.07922 -2.88554 -0.985827 -0.126267 0.110464 -46.5661 
0.123602 -0.0670415 0.990065 177.185 -0.116483 0.989838 0.0815681 -2.84274 -0.985472 -0.125407 0.114537 -46.4465 
0.131552 -0.0704151 0.988805 177.819 -0.11314 0.98989 0.0855447 -2.80433 -0.984832 -0.123127 0.122255 -46.3478 
0.141332 -0.0705568 0.987445 178.474 -0.112282 0.989878 0.0868016 -2.74436 -0.983574 -0.12314 0.131979 -46.2371 
0.152191 -0.0690883 0.985933 179.161 -0.112165 0.989902 0.0866806 -2.69506 -0.981966 -0.123779 0.142905 -46.084 
0.163052 -0.0647955 0.984487 179.803 -0.114438 0.989864 0.0841027 -2.64658 -0.979958 -0.126376 0.153984 -45.9174 
0.174833 -0.0628039 0.982593 180.43 -0.113381 0.99004 0.0834539 -2.6064 -0.978048 -0.125998 0.16597 -45.7674 
0.184776 -0.0634337 0.980731 181.047 -0.110944 0.990189 0.0849481 -2.57782 -0.976499 -0.124503 0.175925 -45.5685 
0.196048 -0.065885 0.978378 181.64 -0.110353 0.98992 0.0887749 -2.51899 -0.974365 -0.125371 0.186801 -45.4085 
0.207288 -0.0687996 0.975858 182.29 -0.108862 0.989706 0.0929001 -2.48997 -0.972204 -0.125491 0.197665 -45.2591 
0.217828 -0.0695813 0.973504 182.929 -0.109237 0.98945 0.0951637 -2.41981 -0.969855 -0.127072 0.207929 -45.0569 
0.22746 -0.0710259 0.971194 183.562 -0.11334 0.988627 0.098846 -2.36028 -0.967169 -0.132559 0.216824 -44.8885 
0.234836 -0.070742 0.969457 184.335 -0.117984 0.9879 0.100667 -2.3006 -0.964848 -0.138021 0.223648 -44.6829 
0.239643 -0.0738852 0.968045 184.997 -0.118708 0.987389 0.104748 -2.23561 -0.963576 -0.140017 0.22785 -44.5099 
0.241631 -0.0779897 0.967229 185.67 -0.114453 0.987517 0.108218 -2.174 -0.963595 -0.136852 0.229688 -44.3386 
0.240673 -0.0761199 0.967617 186.355 -0.111354 0.988172 0.105434 -2.10713 -0.964198 -0.133123 0.22935 -44.1588 
0.239524 -0.0752964 0.967966 187.017 -0.110432 0.988405 0.104213 -2.04227 -0.96459 -0.131856 0.228432 -43.9965 
0.237434 -0.0739318 0.968586 187.707 -0.107735 0.988944 0.101895 -1.97607 -0.965411 -0.128545 0.226844 -43.7999 
0.237762 -0.0730776 0.968571 188.407 -0.104871 0.989406 0.100393 -1.89122 -0.965646 -0.125444 0.227579 -43.645 
0.235607 -0.078325 0.968687 189.093 -0.10267 0.989163 0.104952 -1.82058 -0.96641 -0.124183 0.225012 -43.4536 
0.234966 -0.0819642 0.968542 189.862 -0.100927 0.988995 0.10818 -1.74943 -0.96675 -0.123171 0.224107 -43.2664 
0.230548 -0.0843453 0.969399 190.578 -0.101839 0.988674 0.110242 -1.67485 -0.967717 -0.124139 0.219347 -43.057 
0.22857 -0.0827902 0.970001 191.322 -0.104163 0.988578 0.108921 -1.58263 -0.967939 -0.125934 0.217335 -42.8637 
0.226698 -0.0838042 0.970353 192.022 -0.10654 0.988179 0.110234 -1.52801 -0.968121 -0.128371 0.21509 -42.7023 
0.225582 -0.0810691 0.970845 192.675 -0.11373 0.987527 0.108888 -1.46547 -0.967563 -0.134977 0.213548 -42.5407 
0.223807 -0.07678 0.971605 193.407 -0.11605 0.987701 0.104784 -1.40477 -0.9677 -0.136206 0.212144 -42.3584 
0.223498 -0.0691152 0.972251 194.106 -0.119596 0.988001 0.0977271 -1.33632 -0.96734 -0.138119 0.21255 -42.1975 
0.223511 -0.066517 0.972429 194.839 -0.123235 0.987734 0.0958893 -1.26455 -0.96688 -0.141269 0.212573 -42.0362 
0.221403 -0.0676217 0.972835 195.575 -0.12366 0.987593 0.0967909 -1.18483 -0.96731 -0.141731 0.210294 -41.8578 
0.219781 -0.0695594 0.973066 196.302 -0.134629 0.985748 0.100874 -1.12773 -0.966215 -0.153173 0.207284 -41.6593 
0.216898 -0.0677993 0.973837 197.027 -0.150474 0.983341 0.101975 -1.10859 -0.964527 -0.168655 0.203083 -41.4595 
0.213403 -0.0691369 0.974515 197.693 -0.152587 0.982893 0.103145 -1.05997 -0.964975 -0.17071 0.199203 -41.3052 
0.206332 -0.0702906 0.975954 198.431 -0.153593 0.982725 0.10325 -1.00714 -0.966352 -0.171204 0.191971 -41.1566 
0.197465 -0.0711158 0.977727 199.13 -0.153049 0.982899 0.102402 -0.9503 -0.968289 -0.169861 0.183204 -41.0202 
0.188857 -0.06977 0.979523 199.824 -0.150877 0.983568 0.0991481 -0.9007 -0.970345 -0.166513 0.175227 -40.9365 
0.178213 -0.0666787 0.98173 200.641 -0.148301 0.984485 0.093787 -0.817551 -0.972752 -0.162306 0.16556 -40.7995 
0.166761 -0.067144 0.983709 201.282 -0.152568 0.983906 0.0930212 -0.769987 -0.974122 -0.165595 0.153833 -40.6915 
0.155492 -0.0758769 0.984919 202.05 -0.147116 0.984148 0.0990432 -0.719591 -0.976821 -0.160298 0.141864 -40.5828 
0.146947 -0.0839002 0.98558 202.781 -0.142435 0.984217 0.105021 -0.664744 -0.978836 -0.155813 0.132677 -40.4761 
0.139549 -0.0889486 0.986212 203.505 -0.142061 0.983856 0.108838 -0.59407 -0.979972 -0.15529 0.12466 -40.3799 
0.135557 -0.0910549 0.986577 204.231 -0.14815 0.98271 0.111054 -0.521654 -0.979631 -0.161215 0.119723 -40.2691 
0.132984 -0.0931754 0.986729 204.909 -0.145902 0.982884 0.112476 -0.462554 -0.98032 -0.158923 0.117114 -40.1692 
0.131159 -0.0925834 0.987029 205.626 -0.147696 0.982693 0.111803 -0.366554 -0.980297 -0.160445 0.115215 -40.0535 
0.132057 -0.0911693 0.987041 206.376 -0.145963 0.983118 0.110336 -0.297124 -0.980436 -0.158642 0.116521 -39.9729 
0.130335 -0.0876576 0.987587 207.086 -0.153083 0.98236 0.107397 -0.21114 -0.979581 -0.165181 0.114617 -39.8435 
0.130268 -0.0889466 0.987481 207.839 -0.15437 0.982002 0.108818 -0.145661 -0.979388 -0.166613 0.114193 -39.7103 
0.131628 -0.0910531 0.987109 208.613 -0.15427 0.981759 0.111131 -0.0703729 -0.979222 -0.166909 0.11518 -39.5914 
0.13262 -0.0927599 0.986817 209.363 -0.156111 0.98123 0.113215 0.00379755 -0.978796 -0.169067 0.115649 -39.4676 
0.133957 -0.0929219 0.986621 210.091 -0.153097 0.981701 0.113245 0.0681637 -0.97909 -0.166219 0.117279 -39.3681 
0.135141 -0.0938913 0.986368 210.846 -0.153761 0.981453 0.11449 0.151099 -0.978823 -0.167137 0.118198 -39.2246 
0.141819 -0.0955331 0.985272 211.538 -0.155247 0.980869 0.117452 0.220224 -0.977643 -0.169617 0.124274 -39.1783 
0.146566 -0.100195 0.984114 212.307 -0.154314 0.980361 0.122796 0.316488 -0.97709 -0.16986 0.128226 -39.05 
0.150038 -0.102811 0.98332 213.116 -0.15453 0.979916 0.126033 0.427733 -0.976529 -0.170862 0.131138 -38.8912 
0.155159 -0.102908 0.982515 213.852 -0.155808 0.979563 0.127204 0.513957 -0.975525 -0.17282 0.135954 -38.7798 
0.158667 -0.0975892 0.982497 214.606 -0.160599 0.9793 0.123207 0.616776 -0.974183 -0.177337 0.13971 -38.6436 
0.163531 -0.0933718 0.98211 215.363 -0.165429 0.97882 0.120605 0.693369 -0.972569 -0.182192 0.144621 -38.4888 
0.167995 -0.0908109 0.981596 216.112 -0.16983 0.978194 0.119562 0.775055 -0.971049 -0.18679 0.148909 -38.3447 
0.173183 -0.0904765 0.980725 216.9 -0.169759 0.978126 0.120214 0.869327 -0.970149 -0.187305 0.154036 -38.2119 
0.17688 -0.0884045 0.980254 217.679 -0.172272 0.977802 0.119269 0.950331 -0.969039 -0.189967 0.157724 -38.0589 
0.181602 -0.0853002 0.979666 218.422 -0.172262 0.978067 0.117094 1.03572 -0.968167 -0.190024 0.162925 -37.9149 
0.186018 -0.0854092 0.978827 219.202 -0.172602 0.977883 0.118128 1.12832 -0.967267 -0.190922 0.167162 -37.7483 
0.191148 -0.0872065 0.97768 219.968 -0.173529 0.977354 0.121105 1.19585 -0.9661 -0.192805 0.171687 -37.586 
0.194151 -0.0855483 0.977234 220.695 -0.171921 0.977805 0.119754 1.30524 -0.965789 -0.191257 0.175134 -37.409 
0.197971 -0.0852096 0.976497 221.436 -0.168713 0.978385 0.119579 1.37428 -0.965579 -0.188421 0.179316 -37.2456 
0.202829 -0.0819769 0.975777 222.194 -0.170442 0.978323 0.11762 1.46476 -0.964267 -0.19017 0.18446 -37.0926 
0.208791 -0.0835874 0.974382 223.01 -0.176593 0.97674 0.12163 1.54665 -0.961884 -0.197464 0.189173 -36.9309 
0.213973 -0.0840989 0.973213 223.786 -0.178316 0.976185 0.123561 1.6371 -0.960427 -0.199978 0.193881 -36.7515 
0.218508 -0.0813063 0.972442 224.54 -0.176931 0.976705 0.121419 1.71278 -0.959661 -0.198586 0.199032 -36.5885 
0.222513 -0.0731173 0.972184 225.328 -0.176386 0.977709 0.113904 1.81715 -0.958841 -0.196824 0.204656 -36.4126 
0.227467 -0.0674174 0.971449 226.08 -0.179123 0.977681 0.109792 1.89031 -0.95717 -0.198983 0.210314 -36.2498 
0.232363 -0.0688773 0.970187 226.841 -0.184778 0.976198 0.113559 1.98476 -0.954916 -0.205656 0.214105 -36.0627 
0.235536 -0.0807812 0.968502 227.665 -0.184091 0.97479 0.126076 2.06075 -0.954271 -0.207988 0.214727 -35.8761 
0.238179 -0.0905753 0.966989 228.395 -0.18271 0.973686 0.136206 2.16881 -0.95388 -0.20912 0.215363 -35.6964 
0.239178 -0.100362 0.965775 229.17 -0.18361 0.972024 0.146484 2.25233 -0.953458 -0.212362 0.214059 -35.4872 
0.240664 -0.103261 0.9651 229.911 -0.182957 0.971674 0.149588 2.34401 -0.953209 -0.212572 0.214955 -35.2825 
0.24408 -0.0998056 0.964605 230.684 -0.18027 0.972683 0.146256 2.43454 -0.952852 -0.209588 0.219421 -35.0916 
0.247122 -0.0935549 0.964457 231.383 -0.179799 0.973616 0.140513 2.52501 -0.952157 -0.208133 0.223781 -34.8827 
0.250994 -0.0880735 0.963974 232.1 -0.179867 0.974266 0.135847 2.638 -0.951131 -0.207484 0.228694 -34.668 
0.25446 -0.0864836 0.963209 232.815 -0.179412 0.974482 0.134893 2.72617 -0.950295 -0.207136 0.23245 -34.4515 
0.258508 -0.0847249 0.962286 233.572 -0.177312 0.97506 0.133483 2.8119 -0.949597 -0.205132 0.237038 -34.2475 
0.262169 -0.08569 0.96121 234.347 -0.176979 0.974887 0.13518 2.9097 -0.948655 -0.205554 0.240419 -34.0284 
0.266416 -0.0913884 0.959516 235.11 -0.173471 0.974693 0.140999 3.01666 -0.948119 -0.204013 0.243821 -33.8369 
0.270083 -0.0960853 0.958031 235.876 -0.174518 0.973642 0.14685 3.11185 -0.946889 -0.206855 0.246195 -33.6217 
0.273017 -0.101269 0.956664 236.642 -0.171835 0.973318 0.152071 3.22593 -0.946538 -0.205906 0.248331 -33.4135 
0.274535 -0.10648 0.955664 237.412 -0.170918 0.97262 0.157469 3.33679 -0.946265 -0.206571 0.248819 -33.1876 
0.276614 -0.113251 0.954284 238.214 -0.169349 0.971746 0.164412 3.45229 -0.945942 -0.207085 0.24962 -32.9745 
0.27823 -0.114255 0.953695 238.977 -0.170218 0.971319 0.166026 3.55858 -0.945312 -0.20853 0.250802 -32.7494 
0.280979 -0.103578 0.954108 239.733 -0.17877 0.97111 0.15807 3.66818 -0.942917 -0.214981 0.254345 -32.5278 
0.282698 -0.0901732 0.954961 240.499 -0.178933 0.973139 0.144859 3.76629 -0.942372 -0.211826 0.258969 -32.3178 
0.282681 -0.0820679 0.955697 241.264 -0.178823 0.974358 0.136564 3.87056 -0.942398 -0.209505 0.260757 -32.0804 
0.282564 -0.0849669 0.955478 242.007 -0.17765 0.974204 0.139169 3.9728 -0.942655 -0.209065 0.26018 -31.8635 
0.280346 -0.0904287 0.95563 242.767 -0.179101 0.973142 0.144628 4.09502 -0.943042 -0.2117 0.256621 -31.5797 
0.281584 -0.0919218 0.955124 243.579 -0.173172 0.974188 0.14481 4.23629 -0.943781 -0.206177 0.258397 -31.3511 
