1 -4.23778e-08 4.22719e-08 0 -4.23778e-08 1 -4.19404e-08 0 4.22719e-08 -4.19404e-08 1 0 
0.999991 -0.00264822 -0.00340634 -0.00700662 0.0026409 0.999994 -0.00212674 -0.00457609 0.00341204 0.00211764 0.999992 0.679619 
0.99997 -0.00129221 -0.00758943 -0.0229121 0.00126379 0.999992 -0.00373786 -0.00761404 0.00759428 0.00372808 0.999964 1.37874 
0.999931 -0.00145991 -0.0116844 -0.0407499 0.00139916 0.999985 -0.00519865 -0.0127279 0.0116919 0.00518186 0.999918 2.09747 
0.999861 7.62015e-05 -0.0166819 -0.0630913 -0.000173564 0.999983 -0.00583 -0.0177636 0.0166812 0.005832 0.999844 2.82878 
0.999774 -0.00116141 -0.0212377 -0.0873786 0.00103495 0.999982 -0.00596078 -0.0277602 0.0212443 0.00593737 0.999757 3.5777 
0.999661 0.000529042 -0.0260354 -0.117378 -0.000720419 0.999973 -0.0073386 -0.0335961 0.0260308 0.00735479 0.999634 4.34459 
0.999512 0.00325618 -0.031058 -0.155019 -0.00350696 0.999962 -0.00802083 -0.0418175 0.0310308 0.00812575 0.999485 5.12228 
0.999363 0.00364075 -0.0355081 -0.197356 -0.00387303 0.999971 -0.00647257 -0.0495228 0.0354836 0.00660589 0.999348 5.91664 
0.999189 0.00259349 -0.0401922 -0.238858 -0.00274486 0.999989 -0.00370934 -0.0592369 0.0401822 0.00381657 0.999185 6.72429 
0.999047 0.00227736 -0.0435824 -0.285431 -0.00232487 0.999997 -0.00103762 -0.0694513 0.0435799 0.00113787 0.999049 7.54132 
0.998917 0.00371924 -0.0463708 -0.337384 -0.00379638 0.999991 -0.00157387 -0.0786086 0.0463646 0.00174812 0.998923 8.36144 
0.998802 0.00307761 -0.0488288 -0.387666 -0.00317209 0.999993 -0.00185589 -0.0854902 0.0488228 0.00200847 0.998805 9.19056 
0.998714 0.000132728 -0.0506995 -0.433911 -0.00025849 0.999997 -0.00247235 -0.0909323 0.0506991 0.00248219 0.998711 10.0259 
0.998612 6.91438e-05 -0.0526592 -0.4927 -0.000153399 0.999999 -0.00159441 -0.101203 0.0526591 0.00160019 0.998611 10.8682 
0.99853 -0.00143543 -0.0541839 -0.547668 0.00133582 0.999997 -0.00187288 -0.110887 0.0541866 0.00179766 0.998529 11.7229 
0.998433 0.000729582 -0.05596 -0.610546 -0.000966457 0.999991 -0.00420452 -0.121707 0.0559565 0.00425193 0.998424 12.5843 
0.998346 0.00104969 -0.057479 -0.671765 -0.0014506 0.999975 -0.00693222 -0.129549 0.0574704 0.00700405 0.998323 13.455 
0.998232 0.00513277 -0.0592144 -0.740868 -0.00564753 0.999948 -0.00852766 -0.142348 0.0591676 0.00884692 0.998209 14.3321 
0.99817 0.00622433 -0.0601473 -0.80687 -0.0067262 0.999944 -0.00814387 -0.158446 0.0600933 0.00853345 0.998156 15.2166 
0.998086 0.00531809 -0.0616056 -0.872835 -0.00573874 0.999961 -0.00665187 -0.172523 0.0615679 0.00699259 0.998078 16.1124 
0.997986 0.00605068 -0.0631416 -0.940897 -0.00638828 0.999966 -0.0051449 -0.187738 0.0631084 0.00553781 0.997991 17.0134 
0.997926 0.00547931 -0.0641304 -1.00971 -0.00581196 0.999971 -0.0050005 -0.201977 0.0641012 0.00536277 0.997929 17.9193 
0.997816 0.0052576 -0.0658476 -1.08066 -0.00565455 0.999967 -0.00584215 -0.215948 0.0658147 0.00620164 0.997813 18.8292 
0.997738 0.00384063 -0.0671102 -1.1509 -0.00428755 0.999969 -0.00651546 -0.228859 0.0670832 0.00678837 0.997724 19.7481 
0.9977 0.0038416 -0.0676678 -1.22452 -0.00419054 0.999979 -0.00501417 -0.239251 0.0676472 0.00528612 0.997695 20.6722 
0.997693 0.00509594 -0.0677017 -1.30244 -0.0052108 0.999985 -0.001519 -0.254521 0.0676931 0.00186819 0.997704 21.6057 
0.997739 0.00603274 -0.0669374 -1.37733 -0.00590159 0.99998 0.00215798 -0.264884 0.0669492 -0.00175815 0.997755 22.5425 
0.997847 0.00494939 -0.0654001 -1.44963 -0.00462858 0.999976 0.00505722 -0.270618 0.0654237 -0.0047437 0.997846 23.4829 
0.997931 0.00519396 -0.0640767 -1.52049 -0.00483736 0.999972 0.00572031 -0.276234 0.0641047 -0.0053986 0.997928 24.4304 
0.998025 0.00528928 -0.0625984 -1.59394 -0.00512354 0.999983 0.0028092 -0.281377 0.0626123 -0.00248301 0.998035 25.3795 
0.998069 0.00605742 -0.0618219 -1.66569 -0.00619221 0.999979 -0.00198761 -0.289603 0.0618086 0.0023665 0.998085 26.33 
0.998146 0.00521931 -0.0606449 -1.73493 -0.00552919 0.999972 -0.00494176 -0.300401 0.0606175 0.00526782 0.998147 27.2883 
0.998197 0.00271586 -0.0599535 -1.803 -0.00295317 0.999988 -0.00386864 -0.312539 0.0599423 0.00403863 0.998194 28.2591 
0.998179 0.000718855 -0.0603184 -1.86997 -0.000654168 0.999999 0.00109352 -0.322709 0.0603193 -0.00105216 0.998178 29.237 
0.998116 -0.00338975 -0.061267 -1.93539 0.00368022 0.999982 0.00463014 -0.334266 0.0612504 -0.00484698 0.998111 30.2196 
0.997996 -0.0105097 -0.0624015 -1.9971 0.0107767 0.999934 0.00394418 -0.341376 0.062356 -0.00460884 0.998043 31.2003 
0.997875 -0.0126358 -0.0639127 -2.06484 0.0126645 0.99992 4.463e-05 -0.347558 0.0639071 -0.000854041 0.997955 32.1797 
0.99779 -0.0124319 -0.0652706 -2.14204 0.0121924 0.999917 -0.00406583 -0.357019 0.0653158 0.00326095 0.997859 33.16 
0.997663 -0.0109093 -0.0674527 -2.22383 0.0106047 0.999932 -0.0048714 -0.369033 0.0675013 0.00414462 0.99771 34.1485 
0.997619 -0.0106713 -0.0681296 -2.30345 0.0104509 0.999939 -0.00358944 -0.381883 0.0681638 0.00286879 0.99767 35.1441 
0.997549 -0.00756885 -0.0695549 -2.38881 0.00752219 0.999971 -0.000931594 -0.39535 0.06956 0.000406019 0.997578 36.1441 
0.997479 -0.00737121 -0.070574 -2.47591 0.0074095 0.999972 0.000281961 -0.408433 0.0705701 -0.000804256 0.997506 37.1454 
0.997392 -0.00592922 -0.071928 -2.55361 0.00614744 0.999977 0.00281397 -0.419172 0.0719098 -0.00324889 0.997406 38.1429 
0.997392 -0.00612916 -0.0719109 -2.63348 0.0065613 0.999962 0.00577583 -0.430253 0.0718728 -0.00623268 0.997394 39.1427 
0.997355 -0.000428368 -0.0726879 -2.72682 0.00101877 0.999967 0.00808667 -0.436361 0.0726821 -0.00813942 0.997322 40.1417 
0.997338 -0.000566704 -0.0729161 -2.81248 0.00110409 0.999972 0.007331 -0.440597 0.0729101 -0.00739207 0.997311 41.1474 
0.997344 -0.000567369 -0.0728269 -2.89549 0.000980244 0.999984 0.00563477 -0.446481 0.0728226 -0.00569129 0.997329 42.1427 
0.997334 0.00159757 -0.0729499 -2.98583 -0.00136097 0.999994 0.00329399 -0.453065 0.0729548 -0.00318602 0.99733 43.1396 
0.99727 0.00106102 -0.0738367 -3.0721 -0.000821028 0.999994 0.00328171 -0.462274 0.0738398 -0.00321221 0.997265 44.1373 
0.99716 -0.000894486 -0.075303 -3.15373 0.00124198 0.999989 0.00456893 -0.471039 0.0752981 -0.00464957 0.99715 45.1325 
0.997105 -0.000331652 -0.0760384 -3.24259 0.000766123 0.999983 0.0056858 -0.483957 0.0760354 -0.00572769 0.997089 46.1171 
0.997094 0.00198998 -0.0761574 -3.33564 -0.00183903 0.999996 0.00205318 -0.496215 0.0761613 -0.00190725 0.997094 47.0915 
0.997013 0.00223574 -0.0771988 -3.42381 -0.00240453 0.999995 -0.00209249 -0.507309 0.0771938 0.00227178 0.997013 48.0568 
0.99694 0.00322505 -0.0781068 -3.51054 -0.00350334 0.999988 -0.00342519 -0.518418 0.0780949 0.00368826 0.996939 49.0277 
0.996931 0.00204018 -0.0782621 -3.59785 -0.00205177 0.999998 -6.6747e-05 -0.531486 0.0782619 0.000227031 0.996933 50.0081 
0.996921 0.000167374 -0.0784107 -3.68233 7.29875e-05 0.999995 0.00306357 -0.544372 0.0784109 -0.00305995 0.996916 50.9803 
0.99689 -0.00170136 -0.0787846 -3.76655 0.00200168 0.999991 0.00373417 -0.555749 0.0787776 -0.00388035 0.996885 51.943 
0.996857 -0.00483833 -0.0790688 -3.85206 0.00505441 0.999984 0.00253389 -0.568254 0.0790553 -0.00292566 0.996866 52.9003 
0.996803 -0.00764587 -0.0795361 -3.93363 0.00776323 0.999969 0.00116748 -0.579581 0.0795248 -0.0017813 0.996831 53.8545 
0.996705 -0.00916509 -0.0805886 -4.0215 0.00938398 0.999953 0.0023389 -0.589633 0.0805635 -0.00308752 0.996745 54.8051 
0.996571 -0.0123023 -0.0818183 -4.10474 0.0128684 0.999897 0.00639629 -0.598826 0.0817313 -0.00742732 0.996627 55.7603 
0.996499 -0.0131964 -0.0825549 -4.19236 0.0141745 0.999836 0.0112736 -0.603374 0.0823927 -0.0124044 0.996523 56.715 
0.996478 -0.0112924 -0.083091 -4.28463 0.0124449 0.999833 0.0133667 -0.607745 0.0829262 -0.0143537 0.996452 57.6618 
0.996369 -0.0103471 -0.0845089 -4.37557 0.0111824 0.999893 0.00941778 -0.613952 0.0844025 -0.0103287 0.996378 58.5956 
0.996264 -0.00886263 -0.0859039 -4.46739 0.00902794 0.999958 0.00153693 -0.618964 0.0858867 -0.00230681 0.996302 59.5167 
0.996208 -0.00717446 -0.0867023 -4.56228 0.00691139 0.99997 -0.00333304 -0.629471 0.0867237 0.00272109 0.996229 60.4293 
0.996145 -0.00218648 -0.0876889 -4.66064 0.00196081 0.999994 -0.00265856 -0.642681 0.0876943 0.00247628 0.996144 61.3358 
0.996025 0.000388884 -0.0890699 -4.75636 -0.000404841 1 -0.000160177 -0.660811 0.0890699 0.000195512 0.996025 62.2355 
0.995936 0.00281642 -0.0900153 -4.85102 -0.0027007 0.999995 0.00140824 -0.676542 0.0900189 -0.0011595 0.995939 63.1242 
0.99582 0.00357341 -0.0912698 -4.94126 -0.003494 0.999993 0.00103076 -0.687077 0.0912729 -0.000707646 0.995826 63.9934 
0.995672 0.0053281 -0.0927846 -5.04071 -0.00517676 0.999985 0.00187252 -0.701882 0.0927933 -0.00138418 0.995684 64.8463 
0.995529 0.00598328 -0.0942647 -5.13155 -0.00576991 0.99998 0.00253679 -0.716401 0.0942781 -0.00198164 0.995544 65.6853 
0.995391 0.00587396 -0.0957236 -5.22069 -0.00561606 0.99998 0.00296422 -0.729227 0.0957392 -0.00241306 0.995403 66.511 
0.995267 0.00575861 -0.0970047 -5.31149 -0.00539647 0.999977 0.00399593 -0.738868 0.0970256 -0.00345363 0.995276 67.3208 
0.995107 0.00864057 -0.0984264 -5.4051 -0.00801978 0.999945 0.00670193 -0.748697 0.098479 -0.00587986 0.995122 68.1176 
0.994957 0.0101371 -0.0997896 -5.49783 -0.00910671 0.9999 0.0107766 -0.756918 0.099889 -0.00981358 0.99495 68.9061 
0.99474 0.0132234 -0.101578 -5.59014 -0.0120271 0.999851 0.0123819 -0.762884 0.101727 -0.0110951 0.99475 69.6816 
0.994568 0.0160979 -0.102839 -5.68342 -0.0153286 0.999848 0.0082679 -0.772383 0.102957 -0.00664669 0.994664 70.4343 
0.994424 0.0161719 -0.104211 -5.77292 -0.0161567 0.999869 0.000990215 -0.783256 0.104214 0.000698934 0.994555 71.1635 
0.994273 0.0151779 -0.105783 -5.85737 -0.0157742 0.999864 -0.00480197 -0.790512 0.105696 0.00644303 0.994378 71.873 
0.994214 0.0160871 -0.106208 -5.94366 -0.0168312 0.99984 -0.00611285 -0.797392 0.106093 0.007865 0.994325 72.5647 
0.994044 0.018839 -0.107337 -6.02627 -0.0192422 0.999811 -0.00272117 -0.80892 0.107265 0.00477027 0.994219 73.2445 
0.993905 0.0190569 -0.108582 -6.11375 -0.0191973 0.999816 -0.000246608 -0.828849 0.108558 0.00232951 0.994087 73.9043 
0.993844 0.0158391 -0.10965 -6.18843 -0.0163374 0.99986 -0.00364734 -0.840625 0.109577 0.00541619 0.993963 74.5393 
0.993928 0.00772153 -0.109759 -6.25462 -0.00873974 0.999923 -0.00879796 -0.852109 0.109682 0.00970372 0.993919 75.1564 
0.994058 0.00365517 -0.108786 -6.32334 -0.00517026 0.999893 -0.0136478 -0.863514 0.108724 0.014129 0.993971 75.7574 
0.994366 0.00606888 -0.105827 -6.39301 -0.00757574 0.999875 -0.013842 -0.87883 0.10573 0.0145657 0.994288 76.3415 
0.994749 0.0110133 -0.101745 -6.46615 -0.0121984 0.999865 -0.0110322 -0.891298 0.10161 0.0122153 0.994749 76.9167 
0.995223 0.00938804 -0.0971733 -6.5226 -0.0102116 0.999916 -0.00798023 -0.903792 0.0970903 0.00893431 0.995235 77.4769 
0.995772 0.00565066 -0.0916811 -6.56561 -0.0060306 0.999974 -0.00386678 -0.914786 0.091657 0.00440324 0.995781 78.0248 
0.996497 0.00133472 -0.0836178 -6.60467 -0.00136575 0.999999 -0.000312929 -0.931013 0.0836174 0.000425947 0.996498 78.5546 
0.997319 0.00508911 -0.0730024 -6.64521 -0.00514092 0.999987 -0.000520673 -0.941912 0.0729989 0.00089449 0.997332 79.0698 
0.99827 0.0103284 -0.0578797 -6.68271 -0.0104065 0.999945 -0.00104652 -0.950916 0.0578658 0.00164695 0.998323 79.5713 
0.999087 0.0153455 -0.0398656 -6.7061 -0.0153886 0.999881 -0.000772774 -0.956569 0.0398491 0.00138546 0.999205 80.0641 
0.999746 0.0138282 -0.0178033 -6.70417 -0.0138337 0.999904 -0.000180495 -0.963303 0.0177992 0.000426651 0.999841 80.5448 
0.999909 0.0104114 0.00856986 -6.6844 -0.0104185 0.999945 0.000777309 -0.972259 -0.00856121 -0.000866607 0.999963 81.0085 
0.999221 0.00939617 0.0383228 -6.65307 -0.00949578 0.999952 0.00241569 -0.982223 -0.0382982 -0.00277779 0.999262 81.4621 
0.997398 0.00912928 0.0715046 -6.6059 -0.00941802 0.999949 0.00370063 -0.988907 -0.0714671 -0.00436452 0.997433 81.9101 
0.993997 0.00903939 0.109029 -6.53638 -0.00955766 0.999945 0.00423108 -0.99619 -0.108985 -0.00524783 0.994029 82.346 
0.98852 0.00933957 0.150803 -6.44989 -0.0100946 0.99994 0.00424153 -1.00177 -0.150754 -0.00571521 0.988555 82.7717 
0.980573 0.00909263 0.195946 -6.34032 -0.0101122 0.99994 0.0042031 -1.00951 -0.195896 -0.00610296 0.980606 83.184 
0.969438 0.0112382 0.245077 -6.21492 -0.0121378 0.999924 0.00216045 -1.02115 -0.245034 -0.0050692 0.969501 83.5809 
0.954428 0.0121058 0.298194 -6.06336 -0.0124738 0.999922 -0.000669407 -1.03174 -0.298179 -0.00308078 0.954505 83.9598 
0.935169 0.0123252 0.353986 -5.88993 -0.0121541 0.999922 -0.00270687 -1.04126 -0.353992 -0.00177107 0.935247 84.3219 
0.911383 0.0130352 0.411352 -5.69946 -0.0122284 0.999915 -0.00459337 -1.04773 -0.411377 -0.00084391 0.911465 84.6629 
0.882885 0.0132657 0.469402 -5.48644 -0.0114816 0.999912 -0.00666328 -1.05289 -0.469449 0.000493391 0.882959 84.9842 
0.849912 0.0116294 0.526797 -5.25501 -0.00841896 0.999928 -0.00849142 -1.06427 -0.526858 0.00278182 0.849949 85.2809 
0.813348 0.0111722 0.58167 -5.0083 -0.00711445 0.999932 -0.00925784 -1.07838 -0.581734 0.00339153 0.813372 85.5613 
0.773527 0.00979501 0.633687 -4.74646 -0.00611724 0.999949 -0.00798937 -1.09077 -0.633734 0.00230353 0.773548 85.8279 
0.730563 0.00942373 0.682781 -4.47139 -0.00764151 0.999955 -0.00562524 -1.10111 -0.682803 -0.00110793 0.730602 86.0813 
0.684969 0.00849659 0.728523 -4.18075 -0.00687479 0.999963 -0.00519869 -1.10859 -0.72854 -0.00144755 0.685002 86.3128 
0.637973 0.00718927 0.770025 -3.87569 -0.0037274 0.999973 -0.00624811 -1.11835 -0.770049 0.0011159 0.637983 86.5212 
0.59073 0.00450629 0.806857 -3.55649 0.00198887 0.999973 -0.00704109 -1.12605 -0.806867 0.00576408 0.590705 86.7066 
0.543537 0.00667466 0.839358 -3.23591 2.21439e-05 0.999968 -0.0079663 -1.13601 -0.839385 0.00434854 0.54352 86.8783 
0.495807 0.00966808 0.868379 -2.90922 -0.00377237 0.999952 -0.0089792 -1.14515 -0.868425 0.00117608 0.49582 87.0397 
0.449957 0.0118986 0.892971 -2.57732 -0.00456462 0.999929 -0.0110239 -1.15376 -0.893038 0.000884187 0.449979 87.178 
0.407419 0.0092902 0.913194 -2.23036 0.00268635 0.999932 -0.0113712 -1.16017 -0.913237 0.00708599 0.407366 87.2909 
0.367511 0.00171882 0.930018 -1.87095 0.0178476 0.999801 -0.00890064 -1.16235 -0.929848 0.0198696 0.367407 87.3841 
0.332036 -0.00182045 0.943265 -1.51012 0.0219473 0.999742 -0.00579626 -1.16592 -0.943011 0.0226266 0.331991 87.4772 
0.298714 0.00230449 0.95434 -1.15178 0.0191927 0.99978 -0.00842176 -1.17388 -0.954149 0.0208321 0.298604 87.5755 
0.267539 0.0101291 0.963494 -0.790846 0.00854372 0.99988 -0.0128842 -1.18778 -0.963509 0.0116788 0.267421 87.6767 
0.239081 0.0145706 0.97089 -0.413917 0.00384729 0.999865 -0.015953 -1.20503 -0.970992 0.00754934 0.238993 87.765 
0.213267 0.0162436 0.976859 -0.0240922 0.00527449 0.999828 -0.0177772 -1.21941 -0.97698 0.00894371 0.213144 87.8343 
0.189871 0.0175061 0.981653 0.376962 0.012633 0.999715 -0.0202717 -1.2305 -0.981728 0.0162503 0.189595 87.8885 
0.169745 0.0238353 0.9852 0.785107 0.0197386 0.999425 -0.0275804 -1.23026 -0.98529 0.0241281 0.169177 87.9356 
0.149952 0.0306207 0.988219 1.20478 0.0217501 0.999176 -0.0342607 -1.23133 -0.988454 0.0266313 0.149162 87.9884 
0.132314 0.0314601 0.990708 1.64107 0.0196736 0.999216 -0.0343578 -1.24405 -0.991012 0.0240369 0.131592 88.0455 
0.116962 0.0270598 0.992768 2.0927 0.0175101 0.999417 -0.0293041 -1.26753 -0.992982 0.020811 0.11642 88.0974 
0.102497 0.0237908 0.994449 2.5572 0.0178245 0.999509 -0.0257492 -1.28853 -0.994573 0.0203648 0.102023 88.1385 
0.0892993 0.0213404 0.995776 3.03202 0.0201419 0.999527 -0.0232271 -1.30567 -0.995801 0.022131 0.0888272 88.1742 
0.0776413 0.0205229 0.99677 3.52691 0.02386 0.999463 -0.022437 -1.32025 -0.996696 0.025525 0.07711 88.2067 
0.0675251 0.0211115 0.997494 4.03657 0.0271464 0.999367 -0.0229889 -1.33444 -0.997348 0.0286307 0.0669093 88.2346 
0.059617 0.0216341 0.997987 4.565 0.0291409 0.999301 -0.0234035 -1.34966 -0.997796 0.0304775 0.0589449 88.2672 
0.0541673 0.0219889 0.99829 5.10962 0.030914 0.999241 -0.0236874 -1.36437 -0.998053 0.0321442 0.0534465 88.2932 
0.0485685 0.0230868 0.998553 5.67088 0.0322279 0.999176 -0.0246688 -1.38134 -0.9983 0.0333793 0.0477844 88.3225 
0.0425726 0.0237401 0.998811 6.25442 0.032633 0.999151 -0.0251392 -1.39774 -0.99856 0.0336644 0.0417618 88.351 
0.0383182 0.0237509 0.998983 6.85417 0.035228 0.999064 -0.0251041 -1.41622 -0.998644 0.0361542 0.0374456 88.3735 
0.0353233 0.0236017 0.999097 7.47853 0.0366955 0.999016 -0.0248972 -1.43811 -0.998702 0.0375418 0.0344225 88.4014 
0.0323013 0.0231707 0.999209 8.11908 0.0376765 0.998992 -0.0243837 -1.45666 -0.998768 0.0384343 0.0313958 88.4256 
0.0299221 0.0225337 0.999298 8.77631 0.039937 0.998921 -0.0237211 -1.47644 -0.998754 0.0406187 0.0289898 88.4481 
0.0292276 0.0221353 0.999328 9.449 0.0444108 0.998739 -0.0234212 -1.49653 -0.998586 0.0450655 0.0282077 88.4702 
0.0305459 0.0218205 0.999295 10.1398 0.0482296 0.998565 -0.0232788 -1.51678 -0.998369 0.0489066 0.0294497 88.49 
0.032953 0.021829 0.999218 10.85 0.0497881 0.998484 -0.023455 -1.53573 -0.998216 0.0505221 0.0318162 88.5193 
0.0369503 0.0217622 0.99908 11.574 0.0522946 0.998351 -0.0236805 -1.55669 -0.997948 0.0531215 0.0357513 88.5504 
0.0415255 0.0213034 0.99891 12.3145 0.0527576 0.998331 -0.0234843 -1.5782 -0.997744 0.0536753 0.0403323 88.5858 
0.0455925 0.0197628 0.998765 13.0741 0.0540943 0.998288 -0.0222228 -1.59585 -0.997494 0.0550407 0.0444454 88.6249 
0.0495861 0.0183555 0.998601 13.8448 0.0538283 0.998329 -0.0210235 -1.6173 -0.997318 0.0547955 0.0485152 88.6743 
0.0537703 0.0162545 0.998421 14.6309 0.0508411 0.998526 -0.0189943 -1.64074 -0.997258 0.0517822 0.0528646 88.7322 
0.0579591 0.0153321 0.998201 15.4309 0.0501391 0.998575 -0.0182492 -1.6595 -0.997059 0.0511066 0.0571078 88.7902 
0.062149 0.0163763 0.997932 16.2333 0.0471994 0.998698 -0.0193284 -1.68319 -0.99695 0.048303 0.0612952 88.8551 
0.0655265 0.0204849 0.99764 17.0408 0.045312 0.998697 -0.0234828 -1.70988 -0.996821 0.0467439 0.0645129 88.9148 
0.0669575 0.0261179 0.997414 17.8487 0.0395235 0.998803 -0.0288076 -1.73361 -0.996973 0.0413502 0.0658451 88.9879 
0.0667599 0.029186 0.997342 18.6615 0.0370097 0.998812 -0.0317064 -1.76399 -0.997082 0.039028 0.0656004 89.0572 
0.0669495 0.0287779 0.997341 19.4796 0.0347529 0.99891 -0.0311561 -1.79675 -0.997151 0.0367464 0.0658764 89.1275 
0.0668212 0.0271315 0.997396 20.3036 0.0319635 0.999059 -0.0293182 -1.83212 -0.997253 0.0338394 0.0658911 89.2033 
0.0666849 0.02578 0.997441 21.1288 0.032969 0.999063 -0.0280261 -1.86834 -0.997229 0.0347536 0.0657725 89.2685 
0.067137 0.0252021 0.997425 21.9512 0.0304779 0.999163 -0.0272976 -1.90296 -0.997278 0.0322321 0.0663127 89.3394 
0.0671377 0.0255166 0.997417 22.7697 0.0288688 0.999205 -0.0275056 -1.93823 -0.997326 0.0306409 0.0663477 89.4107 
0.0671997 0.0263255 0.997392 23.5909 0.0260871 0.999264 -0.0281326 -1.96975 -0.997398 0.0279096 0.0664635 89.4827 
0.0660914 0.0277698 0.997427 24.4029 0.0233562 0.999296 -0.0293695 -2.00448 -0.99754 0.0252372 0.0653963 89.5505 
0.0633713 0.0273143 0.997616 25.2179 0.0203849 0.999381 -0.0286576 -2.0386 -0.997782 0.0221524 0.0627753 89.6168 
0.0595932 0.0261271 0.997881 26.0319 0.0178728 0.999469 -0.0272362 -2.0726 -0.998063 0.019458 0.0590946 89.6772 
0.0550372 0.0237428 0.998202 26.8472 0.0162165 0.999564 -0.0246694 -2.1055 -0.998353 0.0175451 0.0546282 89.7315 
0.0488566 0.0217172 0.99857 27.6618 0.013828 0.999653 -0.0224174 -2.13845 -0.99871 0.0149034 0.0485393 89.7818 
0.0415155 0.0218827 0.998898 28.469 0.0132889 0.99966 -0.0224518 -2.17116 -0.999049 0.0142064 0.0412106 89.8238 
0.0328621 0.0229054 0.999197 29.2715 0.0131719 0.999641 -0.0233488 -2.20024 -0.999373 0.0139286 0.0325486 89.8588 
0.0231021 0.0233488 0.99946 30.075 0.0135526 0.999628 -0.0236661 -2.22759 -0.999641 0.014092 0.022777 89.8815 
0.0129084 0.0224015 0.999666 30.8763 0.0148116 0.999635 -0.0225921 -2.25703 -0.999807 0.0150983 0.0125719 89.8976 
0.00229062 0.0214886 0.999766 31.6723 0.0139585 0.999671 -0.0215186 -2.28647 -0.9999 0.0140046 0.00198992 89.9051 
-0.00876326 0.0206469 0.999748 32.4599 0.0153739 0.999671 -0.0205107 -2.31538 -0.999843 0.0151903 -0.00907781 89.9019 
-0.0195898 0.0210577 0.999586 33.2445 0.0156138 0.999663 -0.0207534 -2.34341 -0.999686 0.0152008 -0.019912 89.8899 
-0.0305625 0.021529 0.999301 34.0252 0.0160866 0.999649 -0.0210446 -2.37269 -0.999403 0.0154322 -0.0308981 89.8692 
-0.0411651 0.0227046 0.998894 34.8011 0.0155828 0.999635 -0.0220793 -2.40034 -0.999031 0.0146567 -0.0415038 89.8427 
-0.0514043 0.0239552 0.99839 35.5731 0.0167832 0.999592 -0.02312 -2.42352 -0.998537 0.0155677 -0.0517854 89.8086 
-0.0608363 0.0245137 0.997847 36.3319 0.0174521 0.999572 -0.0234922 -2.45541 -0.997995 0.0159853 -0.0612381 89.7657 
-0.0705005 0.0250265 0.997198 37.0865 0.0182073 0.999551 -0.0237984 -2.48265 -0.997345 0.0164785 -0.0709245 89.7162 
-0.079749 0.025453 0.99649 37.8324 0.0189616 0.999532 -0.0240132 -2.51183 -0.996635 0.0169801 -0.0801943 89.6609 
-0.0881973 0.0249303 0.995791 38.573 0.0202528 0.999525 -0.0232301 -2.53977 -0.995897 0.0181187 -0.0886603 89.5975 
-0.0955285 0.0237878 0.995142 39.3047 0.0220431 0.99952 -0.0217765 -2.56857 -0.995183 0.0198558 -0.096007 89.5314 
-0.100711 0.0222177 0.994668 40.0273 0.0250246 0.999491 -0.0197918 -2.59382 -0.994601 0.022898 -0.101215 89.4603 
-0.104448 0.0205949 0.994317 40.741 0.0281814 0.999445 -0.0177409 -2.62024 -0.994131 0.0261682 -0.104971 89.3881 
-0.107114 0.0193802 0.994058 41.4445 0.0298604 0.999422 -0.0162672 -2.64524 -0.993798 0.0279405 -0.107631 89.3179 
-0.108927 0.0186297 0.993875 42.1317 0.0301693 0.999426 -0.0154273 -2.66759 -0.993592 0.0283041 -0.109427 89.2497 
-0.109848 0.019146 0.993764 42.808 0.0309442 0.999396 -0.0158341 -2.68912 -0.993467 0.0290119 -0.110374 89.1855 
-0.108865 0.0201967 0.993851 43.4639 0.0318723 0.99935 -0.0168173 -2.71148 -0.993545 0.0298455 -0.109438 89.1189 
-0.105635 0.0217576 0.994167 44.1058 0.0328989 0.99929 -0.0183741 -2.73407 -0.993861 0.0307661 -0.106275 89.0553 
-0.100494 0.0222818 0.994688 44.7346 0.0329704 0.999275 -0.0190536 -2.75677 -0.994391 0.0308805 -0.101156 89.0024 
-0.0924192 0.0231732 0.99545 45.3423 0.0324119 0.999269 -0.020253 -2.77686 -0.995192 0.0303927 -0.0931028 88.9569 
-0.0813236 0.0231277 0.996419 45.9325 0.0311676 0.999301 -0.0206509 -2.80042 -0.9962 0.0293766 -0.0819875 88.9245 
-0.0675979 0.0233861 0.997438 46.4937 0.030386 0.99931 -0.0213708 -2.82457 -0.99725 0.0288635 -0.0682618 88.9032 
-0.050161 0.024728 0.998435 47.0484 0.0293174 0.999299 -0.0232766 -2.84777 -0.998311 0.0281039 -0.0508508 88.8905 
-0.0287936 0.0272118 0.999215 47.5822 0.0276715 0.999268 -0.0264159 -2.8724 -0.999202 0.0268891 -0.0295255 88.8943 
-0.00387619 0.0302297 0.999535 48.1138 0.0259203 0.99921 -0.0301195 -2.89546 -0.999656 0.0257916 -0.00465669 88.9116 
0.0247924 0.0319236 0.999183 48.6428 0.0240814 0.999181 -0.0325212 -2.91952 -0.999402 0.024868 0.0240034 88.9465 
0.0584592 0.0313995 0.997796 49.1682 0.0219366 0.999223 -0.0327297 -2.94125 -0.998049 0.0238016 0.057725 88.998 
0.0971243 0.0291111 0.994846 49.689 0.0209916 0.99929 -0.0312906 -2.96003 -0.995051 0.0239225 0.0964442 89.0669 
0.139804 0.0252338 0.989857 50.2013 0.0186852 0.99943 -0.0281169 -2.98589 -0.990003 0.0224266 0.139253 89.1604 
0.185729 0.0208788 0.982379 50.7034 0.0160356 0.999577 -0.0242761 -3.00925 -0.98247 0.0202618 0.185316 89.2788 
0.234941 0.0177719 0.971847 51.1981 0.0115017 0.999712 -0.0210621 -3.02957 -0.971941 0.0161263 0.234669 89.4207 
0.287359 0.0160766 0.957688 51.6795 0.00776508 0.999787 -0.0191134 -3.0511 -0.957792 0.0129289 0.287173 89.59 
0.343271 0.0155585 0.939107 52.1474 0.00689775 0.999794 -0.0190854 -3.06928 -0.939211 0.0130292 0.343093 89.784 
0.402028 0.0157235 0.915492 52.5998 0.008843 0.999739 -0.0210539 -3.08811 -0.915585 0.0165599 0.401784 90.0065 
0.462286 0.0188263 0.886531 53.0261 0.00958842 0.99961 -0.0262277 -3.10601 -0.886679 0.0206251 0.461925 90.2609 
0.521637 0.0217327 0.852891 53.4221 0.0106955 0.99943 -0.0320083 -3.12578 -0.8531 0.0258188 0.521107 90.5446 
0.579219 0.0257587 0.814764 53.7893 0.00650554 0.999323 -0.0362184 -3.14347 -0.815146 0.0262788 0.57866 90.8611 
0.63443 0.0286108 0.772451 54.1302 0.00236157 0.999238 -0.0389505 -3.15975 -0.772977 0.0265355 0.633879 91.2031 
0.686459 0.0292075 0.726581 54.4367 0.000660612 0.999167 -0.0407894 -3.17912 -0.727168 0.0284802 0.685869 91.5557 
0.734699 0.0276866 0.677828 54.727 -0.000376714 0.999183 -0.0404046 -3.19587 -0.678393 0.0294298 0.73411 91.9322 
0.779141 0.0242739 0.626378 54.9885 -0.00279063 0.999374 -0.0352576 -3.21578 -0.626842 0.0257226 0.778722 92.3302 
0.819693 0.0194204 0.572474 55.2232 -0.0038142 0.999588 -0.0284485 -3.23297 -0.572791 0.0211354 0.819429 92.7454 
0.85531 0.0170381 0.517836 55.4224 -0.00645057 0.999732 -0.0222395 -3.24925 -0.518076 0.0156813 0.855191 93.1689 
0.885638 0.0136242 0.464177 55.6003 -0.00744701 0.999858 -0.0151386 -3.26358 -0.464317 0.00995049 0.885613 93.6123 
0.910462 0.0141769 0.41335 55.7486 -0.0111173 0.99989 -0.00980675 -3.27922 -0.413444 0.00433328 0.910519 94.0623 
0.929921 0.0161807 0.367404 55.8801 -0.0148965 0.999869 -0.0063313 -3.2938 -0.367459 0.000414522 0.93004 94.5204 
0.944617 0.0223539 0.327411 55.9896 -0.0223373 0.999743 -0.00381182 -3.3038 -0.327412 -0.00371285 0.944874 94.9851 
0.955999 0.0267426 0.292148 56.091 -0.0264624 0.999638 -0.00491184 -3.30799 -0.292173 -0.00303529 0.956361 95.4545 
0.964872 0.0287464 0.261144 56.1918 -0.0284757 0.999583 -0.00482144 -3.31352 -0.261173 -0.00278425 0.965288 95.9263 
0.970755 0.0230524 0.238961 56.2961 -0.022606 0.999734 -0.0046095 -3.3207 -0.239004 -0.00092733 0.971018 96.4041 
0.974505 0.0200298 0.223469 56.3922 -0.0196501 0.999799 -0.00392334 -3.33188 -0.223502 -0.000567944 0.974703 96.8903 
0.977263 0.0243004 0.210631 56.4807 -0.023954 0.999704 -0.00419657 -3.34119 -0.210671 -0.000944386 0.977557 97.3819 
0.979167 0.0297064 0.200872 56.5628 -0.0295572 0.999556 -0.00374302 -3.34465 -0.200894 -0.00227224 0.97961 97.8876 
0.98009 0.0375178 0.194977 56.6398 -0.0372273 0.999293 -0.00515631 -3.34813 -0.195033 -0.00220489 0.980794 98.4068 
0.980464 0.0432015 0.191896 56.7249 -0.0422957 0.999066 -0.00881634 -3.35637 -0.192097 0.000527666 0.981376 98.9331 
0.980602 0.0443132 0.190932 56.82 -0.0429434 0.999013 -0.0113083 -3.36952 -0.191244 0.00288961 0.981538 99.4671 
0.980194 0.0427667 0.193369 56.9248 -0.040662 0.999063 -0.0148425 -3.3821 -0.193822 0.00668568 0.981014 100.01 
0.979463 0.0412068 0.19737 57.0318 -0.0377282 0.99906 -0.0213547 -3.39181 -0.198064 0.0134696 0.980096 100.564 
0.978643 0.0413661 0.201362 57.1452 -0.0368556 0.99898 -0.0260996 -3.40151 -0.202236 0.0181208 0.979169 101.127 
0.9775 0.0462181 0.205808 57.252 -0.0418039 0.998794 -0.0257479 -3.41633 -0.20675 0.0165649 0.978253 101.712 
0.976131 0.0493085 0.211511 57.3657 -0.0457005 0.998715 -0.0219162 -3.43095 -0.21232 0.0117268 0.97713 102.31 
0.975269 0.0462865 0.216121 57.4968 -0.0435822 0.998901 -0.0172653 -3.44883 -0.216682 0.00741921 0.976214 102.915 
0.974604 0.0418557 0.219988 57.6348 -0.0402503 0.99912 -0.0117773 -3.46143 -0.220287 0.0026236 0.975432 103.538 
0.973854 0.039361 0.223737 57.7739 -0.0387325 0.999224 -0.00719926 -3.47476 -0.223847 -0.00165493 0.974623 104.17 
0.973377 0.0346197 0.226581 57.9185 -0.0340199 0.9994 -0.00655311 -3.48497 -0.226672 -0.00132968 0.97397 104.808 
0.973427 0.0310489 0.226884 58.0667 -0.0296362 0.999514 -0.00963185 -3.49618 -0.227073 0.00265185 0.973874 105.455 
0.973544 0.0300069 0.22652 58.2121 -0.0269401 0.999499 -0.0166191 -3.51103 -0.226905 0.0100769 0.973865 106.11 
0.97368 0.0319957 0.22566 58.3546 -0.027424 0.999351 -0.0233663 -3.52497 -0.226261 0.0165628 0.973926 106.775 
0.974228 0.034625 0.222893 58.4967 -0.0292823 0.9992 -0.0272319 -3.53731 -0.223657 0.0200032 0.974462 107.455 
0.974846 0.0328588 0.220445 58.6452 -0.0284693 0.999329 -0.023061 -3.55339 -0.221055 0.0162049 0.975127 108.157 
0.975293 0.0286146 0.219053 58.7988 -0.025847 0.999546 -0.0154904 -3.57393 -0.219397 0.00944577 0.97559 108.873 
0.975869 0.0289121 0.216434 58.9485 -0.0274629 0.999576 -0.00970159 -3.59569 -0.216623 0.0035235 0.976249 109.6 
0.976185 0.0319827 0.214568 59.0941 -0.0304568 0.999482 -0.0104155 -3.61256 -0.214789 0.00363231 0.976654 110.331 
0.976473 0.0375335 0.21235 59.2334 -0.0351427 0.999269 -0.015024 -3.62785 -0.212758 0.00720796 0.977078 111.074 
0.977272 0.0383807 0.208485 59.3788 -0.0348836 0.999183 -0.0204266 -3.64198 -0.209098 0.0126896 0.977812 111.825 
0.978173 0.0368591 0.204496 59.528 -0.0327969 0.999192 -0.0232199 -3.6605 -0.205186 0.0160062 0.978592 112.584 
0.979091 0.0344639 0.200483 59.6799 -0.0307061 0.99929 -0.0218246 -3.68096 -0.201093 0.0152121 0.979454 113.358 
0.979941 0.0304506 0.196946 59.8302 -0.0270899 0.999438 -0.0197368 -3.70325 -0.197436 0.0140056 0.980216 114.146 
0.980361 0.0294496 0.195 59.9839 -0.0266418 0.9995 -0.0170074 -3.72582 -0.195404 0.0114782 0.980656 114.949 
0.980714 0.0261319 0.193691 60.1343 -0.023744 0.999611 -0.0146405 -3.74635 -0.193998 0.00975902 0.980953 115.755 
0.980912 0.0211129 0.193304 60.2907 -0.0188774 0.999732 -0.0133999 -3.76431 -0.193535 0.00949497 0.981047 116.566 
0.981004 0.0220026 0.192737 60.4351 -0.0200836 0.999727 -0.0119057 -3.78364 -0.192947 0.00780859 0.981178 117.385 
0.980826 0.0272514 0.192973 60.5796 -0.0250301 0.999589 -0.0139406 -3.8023 -0.193274 0.00884313 0.981105 118.206 
0.98056 0.0328767 0.193444 60.7228 -0.030076 0.999396 -0.0173984 -3.82062 -0.193899 0.0112421 0.980957 119.035 
0.980058 0.0417176 0.194282 60.8675 -0.0387255 0.999066 -0.0191756 -3.83855 -0.1949 0.0112695 0.980758 119.874 
0.979216 0.0474393 0.197195 61.0139 -0.0446594 0.99883 -0.0185239 -3.86317 -0.197843 0.00933225 0.980189 120.714 
0.978491 0.0500824 0.200117 61.165 -0.0477259 0.998723 -0.0165859 -3.88991 -0.200692 0.00667833 0.979632 121.561 
0.977943 0.0505674 0.202656 61.3258 -0.0480459 0.998694 -0.0173459 -3.91351 -0.203269 0.00722639 0.979096 122.409 
0.977643 0.0489651 0.204491 61.4902 -0.0458374 0.998748 -0.0200071 -3.93702 -0.205214 0.0101864 0.978664 123.254 
0.977637 0.0427303 0.20591 61.6634 -0.0397434 0.999036 -0.0186229 -3.96301 -0.206508 0.0100228 0.978394 124.098 
0.977917 0.0357436 0.205913 61.8421 -0.0323253 0.999278 -0.0199424 -3.99239 -0.206478 0.0128457 0.978367 124.937 
0.977653 0.035231 0.20725 62.008 -0.0317691 0.999295 -0.0200101 -4.02196 -0.207809 0.0129787 0.978083 125.787 
0.97716 0.0379152 0.209093 62.1744 -0.0351227 0.999237 -0.017054 -4.04697 -0.20958 0.00932049 0.977747 126.635 
0.976713 0.0401923 0.21075 62.3299 -0.0386166 0.999187 -0.0115891 -4.06676 -0.211044 0.00318068 0.977471 127.484 
0.976414 0.0436545 0.211448 62.4952 -0.0430951 0.999045 -0.00725591 -4.0931 -0.211562 -0.00202766 0.977362 128.324 
0.976194 0.0429292 0.212608 62.6598 -0.0409364 0.999067 -0.0137688 -4.11733 -0.213001 0.00473757 0.97704 129.158 
0.976475 0.0383349 0.212197 62.837 -0.0331439 0.999059 -0.0279684 -4.1449 -0.213069 0.0202773 0.976827 129.973 
0.976683 0.0360757 0.211632 63.0098 -0.0288691 0.998896 -0.0370451 -4.1741 -0.212735 0.0300717 0.976647 130.786 
0.976959 0.0332499 0.210821 63.1781 -0.0279726 0.999217 -0.0279665 -4.20043 -0.211586 0.0214248 0.977125 131.613 
0.977371 0.0269753 0.209803 63.3504 -0.0260662 0.999635 -0.00709805 -4.23139 -0.209918 0.00146859 0.977718 132.459 
0.977655 0.0236813 0.208876 63.5183 -0.0259616 0.999629 0.00818137 -4.25925 -0.208605 -0.0134214 0.977908 133.301 
0.977679 0.0282649 0.208193 63.6765 -0.0293805 0.999566 0.00226683 -4.27356 -0.208038 -0.0083331 0.978085 134.12 
0.977875 0.0360842 0.206053 63.8256 -0.0339668 0.999328 -0.013806 -4.28412 -0.206412 0.0065015 0.978443 134.926 
0.978146 0.0360095 0.204776 63.985 -0.0322284 0.999243 -0.0217714 -4.29783 -0.205405 0.014696 0.978567 135.741 
0.978712 0.031858 0.202753 64.1448 -0.0278754 0.999359 -0.022469 -4.3257 -0.203338 0.0163388 0.978972 136.564 
0.979293 0.0314765 0.199988 64.2983 -0.0279024 0.999397 -0.0206659 -4.36029 -0.200517 0.0146578 0.97958 137.386 
0.980036 0.0310226 0.196386 64.4461 -0.0272113 0.999386 -0.0220771 -4.38408 -0.19695 0.0162923 0.980278 138.196 
0.980981 0.0320209 0.191446 64.5902 -0.0279887 0.999326 -0.0237302 -4.41083 -0.192077 0.0179205 0.981216 139.013 
0.981377 0.036919 0.188512 64.7267 -0.0330252 0.999172 -0.0237565 -4.44378 -0.189233 0.0170883 0.981783 139.824 
0.98153 0.0428415 0.18645 64.8551 -0.0390182 0.998947 -0.0241293 -4.46953 -0.187287 0.0164086 0.982168 140.636 
0.981828 0.0443255 0.184521 64.9902 -0.0409545 0.998918 -0.0220422 -4.49954 -0.185299 0.0140846 0.982581 141.441 
0.982146 0.0420444 0.183362 65.1274 -0.0395415 0.999068 -0.0172874 -4.52788 -0.183918 0.00972826 0.982893 142.247 
0.982556 0.0403654 0.18153 65.2657 -0.0378566 0.999134 -0.0172661 -4.55436 -0.18207 0.0100927 0.983234 143.048 
0.983114 0.0386086 0.178873 65.4015 -0.0355485 0.999162 -0.0202834 -4.58289 -0.179507 0.0135821 0.983663 143.847 
0.984174 0.0335935 0.173993 65.5378 -0.0298684 0.999266 -0.0239853 -4.60895 -0.174671 0.0184088 0.984455 144.639 
0.985404 0.030707 0.167438 65.6652 -0.0269234 0.999329 -0.0248214 -4.63696 -0.168088 0.019951 0.98557 145.432 
0.986552 0.0290474 0.160844 65.7875 -0.0262346 0.999464 -0.0195848 -4.65958 -0.161327 0.0151017 0.986785 146.232 
0.98765 0.0263003 0.154451 65.9043 -0.0248912 0.999629 -0.0110509 -4.68444 -0.154685 0.00706989 0.987938 147.042 
0.988268 0.0234191 0.150921 66.0179 -0.0234039 0.999724 -0.00187774 -4.70097 -0.150923 -0.0016765 0.988544 147.855 
0.988705 0.0300771 0.146827 66.1097 -0.0304959 0.999535 0.000600707 -4.71285 -0.14674 -0.00507162 0.989162 148.658 
0.989289 0.0329046 0.142215 66.2013 -0.0326196 0.999458 -0.0043365 -4.7249 -0.142281 -0.000349026 0.989826 149.459 
0.99038 0.0331297 0.13435 66.3005 -0.0314644 0.9994 -0.0145007 -4.74126 -0.13475 0.0101339 0.990828 150.251 
0.991352 0.0298613 0.127787 66.3948 -0.0275286 0.999421 -0.0199832 -4.75217 -0.12831 0.0162925 0.9916 151.055 
0.992204 0.028976 0.121211 66.4759 -0.0268723 0.999459 -0.0189564 -4.77235 -0.121694 0.0155513 0.992446 151.871 
0.992876 0.0357216 0.113675 66.5427 -0.0341778 0.999295 -0.0155029 -4.79702 -0.114149 0.0115072 0.993397 152.689 
0.993538 0.0412167 0.105755 66.6013 -0.0396082 0.999066 -0.0172666 -4.81833 -0.106367 0.0129662 0.994242 153.505 
0.994485 0.0437908 0.0952958 66.6641 -0.0417661 0.998859 -0.0231399 -4.83978 -0.0962003 0.019032 0.99518 154.315 
0.995344 0.0421915 0.0866604 66.7241 -0.0401313 0.998872 -0.0253819 -4.86369 -0.0876335 0.0217859 0.995914 155.136 
0.996002 0.0423942 0.078629 66.7742 -0.0407294 0.998913 -0.0226577 -4.88688 -0.079504 0.0193646 0.996646 155.96 
0.996477 0.0450003 0.0707725 66.8123 -0.0440043 0.99891 -0.0155722 -4.91155 -0.0713961 0.012403 0.997371 156.79 
0.996869 0.0484808 0.0624619 66.8435 -0.0479558 0.998801 -0.00987924 -4.9324 -0.0628658 0.00685282 0.997998 157.623 
0.997365 0.0475064 0.0548308 66.8741 -0.0472149 0.998863 -0.00660157 -4.94846 -0.055082 0.00399527 0.998474 158.451 
0.997664 0.0481517 0.0484514 66.9011 -0.0479867 0.998837 -0.0045653 -4.96284 -0.0486149 0.00222953 0.998815 159.28 
0.997906 0.0472171 0.0442074 66.9258 -0.046987 0.998876 -0.00623119 -4.9812 -0.0444519 0.00414088 0.999003 160.105 
0.997855 0.0519342 0.0398607 66.9316 -0.0515096 0.998605 -0.0116079 -5.0003 -0.0404079 0.00952976 0.999138 160.924 
0.997687 0.0577403 0.0358653 66.938 -0.0571089 0.998198 -0.0183896 -5.01776 -0.0368624 0.0162987 0.999187 161.739 
0.997731 0.058879 0.0326613 66.9478 -0.058223 0.998089 -0.0206871 -5.03765 -0.0338168 0.0187385 0.999252 162.56 
0.997721 0.0606711 0.0295384 66.9574 -0.0602585 0.998075 -0.0146677 -5.05725 -0.0303714 0.0128542 0.999456 163.393 
0.997634 0.0629191 0.0277044 66.9596 -0.0628259 0.998015 -0.00422587 -5.07597 -0.0279152 0.00247524 0.999607 164.23 
0.997635 0.0641493 0.0246617 66.9626 -0.0642457 0.997929 0.00313131 -5.09178 -0.0244096 -0.00470839 0.999691 165.063 
0.99798 0.0605654 0.0191895 66.9713 -0.0605762 0.998163 -2.28425e-05 -5.1066 -0.0191556 -0.00113971 0.999816 165.881 
0.998766 0.0478552 0.0132805 66.9846 -0.0477278 0.998813 -0.00975863 -5.11894 -0.0137316 0.00911266 0.999864 166.696 
0.998949 0.0454601 0.005855 66.9836 -0.0453722 0.998867 -0.0143741 -5.12858 -0.00650173 0.0140933 0.999879 167.518 
0.998787 0.0492296 -0.00091367 66.9624 -0.0492374 0.998702 -0.0129996 -5.14456 0.000272603 0.0130288 0.999915 168.351 
0.998845 0.0473244 -0.00835354 66.94 -0.0473819 0.998853 -0.00682345 -5.16382 0.00802114 0.00721129 0.999942 169.186 
0.998994 0.0418745 -0.0160193 66.9231 -0.0419288 0.999116 -0.00306223 -5.17872 0.015877 0.00373073 0.999867 170.022 
0.999212 0.0331202 -0.0218741 66.9014 -0.0331064 0.999451 0.00099499 -5.18328 0.0218951 -0.000270116 0.99976 170.866 
0.999188 0.028907 -0.0280719 66.8648 -0.0288907 0.999582 0.000988145 -5.19659 0.0280888 -0.000176408 0.999605 171.708 
0.999087 0.0253986 -0.0343398 66.8207 -0.0256151 0.999655 -0.0058778 -5.21053 0.0341787 0.00675197 0.999393 172.544 
0.998992 0.0160957 -0.0419093 66.7809 -0.016779 0.999731 -0.0160017 -5.22386 0.0416405 0.0166887 0.998993 173.375 
0.998815 0.00585229 -0.048316 66.7439 -0.00683572 0.999772 -0.0202123 -5.23644 0.0481868 0.0205186 0.998627 174.209 
0.998446 0.00963569 -0.0548832 66.682 -0.010358 0.999863 -0.0128898 -5.25214 0.0547516 0.0134382 0.998409 175.053 
0.997989 0.0201149 -0.0601069 66.6038 -0.0201444 0.999797 0.000117529 -5.26729 0.0600971 0.00109344 0.998192 175.901 
0.997579 0.0253379 -0.0647587 66.5271 -0.0248689 0.999658 0.00803927 -5.28434 0.0649404 -0.00640941 0.997868 176.748 
0.997352 0.0247146 -0.0683962 66.4516 -0.0244319 0.999689 0.00496792 -5.29242 0.0684979 -0.00328381 0.997646 177.59 
0.997174 0.0260165 -0.0704785 66.3765 -0.0264912 0.999632 -0.0058082 -5.30247 0.0703015 0.00765876 0.997496 178.419 
0.996645 0.036288 -0.0733601 66.2851 -0.0374938 0.999182 -0.015126 -5.31491 0.0727513 0.0178257 0.997191 179.251 
0.996524 0.034701 -0.0757325 66.2077 -0.0362199 0.999167 -0.0187737 -5.33231 0.0750181 0.0214514 0.996951 180.092 
0.996493 0.0295196 -0.0782969 66.1443 -0.0306822 0.999435 -0.0136858 -5.35376 0.0778488 0.01604 0.996836 180.949 
0.996504 0.029824 -0.0780435 66.0673 -0.0303044 0.999528 -0.00497752 -5.37041 0.0778583 0.00732509 0.996937 181.81 
0.996458 0.0316534 -0.0779004 65.9841 -0.0317114 0.999497 0.000493693 -5.38611 0.0778769 0.0019783 0.996961 182.671 
0.99633 0.0314927 -0.0795938 65.9019 -0.0316194 0.9995 -0.000331456 -5.39984 0.0795436 0.00284686 0.996827 183.523 
0.996241 0.0276852 -0.0820802 65.8249 -0.0285661 0.999546 -0.00957696 -5.41616 0.0817779 0.0118856 0.99658 184.372 
0.996275 0.0167086 -0.0845928 65.7569 -0.0185426 0.999609 -0.0209401 -5.43466 0.08421 0.0224306 0.996195 185.219 
0.996214 0.00617297 -0.0867105 65.6884 -0.00835854 0.999656 -0.024864 -5.45681 0.0865272 0.0254946 0.995923 186.073 
0.996096 0.00864317 -0.0878523 65.6007 -0.010487 0.999734 -0.0205465 -5.47858 0.0876515 0.0213876 0.995921 186.929 
0.99591 0.0145708 -0.0891639 65.5051 -0.0155251 0.999829 -0.0100167 -5.50391 0.0890028 0.0113599 0.995967 187.787 
0.995728 0.0155468 -0.0910103 65.4169 -0.0161989 0.999848 -0.00643 -5.5286 0.0908966 0.00787672 0.995829 188.636 
0.995665 0.0142367 -0.0919163 65.3303 -0.0152329 0.999832 -0.0101449 -5.54919 0.0917565 0.011501 0.995715 189.478 
0.995684 0.014341 -0.0916942 65.2407 -0.0159096 0.999739 -0.0163985 -5.56519 0.0914352 0.0177865 0.995652 190.312 
0.995533 0.0209439 -0.0920607 65.1424 -0.022587 0.999603 -0.0168409 -5.58602 0.0916716 0.018845 0.995611 191.146 
0.99543 0.0236552 -0.0925168 65.0484 -0.0250392 0.999591 -0.0138268 -5.60951 0.092152 0.01608 0.995615 191.981 
0.995271 0.0273489 -0.0932066 64.9537 -0.0284833 0.999535 -0.0108611 -5.63202 0.0928663 0.0134645 0.995587 192.815 
0.995157 0.0311027 -0.0932419 64.8592 -0.0319901 0.999456 -0.00803668 -5.65092 0.0929413 0.0109805 0.995611 193.646 
0.995001 0.0335788 -0.0940443 64.7662 -0.0345111 0.99937 -0.0083041 -5.67201 0.0937063 0.0115081 0.995533 194.468 
