1 -4.23778e-08 4.22719e-08 0 -4.23778e-08 1 -4.19404e-08 0 4.22719e-08 -4.19404e-08 1 0 
0.999036 -0.000317165 0.0438906 0.0305358 0.00042245 0.999997 -0.00239153 -0.0210165 -0.0438897 0.00240768 0.999033 1.01845 
0.996046 -0.00489346 0.0887028 0.13409 0.00555172 0.999959 -0.00717681 -0.0491008 -0.0886639 0.0076408 0.996032 2.09076 
0.990952 -0.00485052 0.13413 0.239216 0.00642956 0.999915 -0.0113424 -0.0639052 -0.134063 0.0121021 0.990899 3.15451 
0.9837 -0.00258082 0.179797 0.41202 0.00510313 0.999895 -0.013568 -0.0930246 -0.179743 0.0142643 0.98361 4.16512 
0.974314 -0.00515929 0.225134 0.707158 0.00841368 0.999873 -0.0134988 -0.128894 -0.225036 0.0150462 0.974234 5.28379 
0.962822 -0.00603177 0.27007 0.9954 0.0103311 0.999841 -0.0145012 -0.16656 -0.26994 0.0167521 0.962731 6.29562 
0.949543 -0.00913396 0.313505 1.33272 0.0152822 0.999736 -0.0171596 -0.194111 -0.313265 0.0210847 0.949432 7.30816 
0.934546 -0.0112111 0.355665 1.71883 0.0191235 0.999641 -0.0187389 -0.225273 -0.355327 0.0243139 0.934426 8.29475 
0.917299 -0.0111944 0.398041 2.11367 0.0205352 0.999604 -0.0192117 -0.260389 -0.397669 0.0257967 0.917166 9.2276 
0.89764 -0.011474 0.44058 2.54973 0.0214429 0.999614 -0.0176553 -0.294308 -0.440207 0.0252953 0.89754 10.1479 
0.875868 -0.0113196 0.482418 3.0231 0.0221138 0.999616 -0.0166943 -0.327352 -0.482043 0.02529 0.875782 11.0263 
0.851989 -0.0115245 0.523433 3.54173 0.0229907 0.999617 -0.0154132 -0.359737 -0.523055 0.0251659 0.851927 11.8869 
0.826279 -0.0115098 0.563143 4.12018 0.0243473 0.999586 -0.015294 -0.39277 -0.562734 0.0263481 0.826218 12.7739 
0.798898 -0.0133075 0.601319 4.716 0.0276467 0.999511 -0.0146112 -0.426613 -0.600831 0.0282973 0.798875 13.5871 
0.770127 -0.0122409 0.637774 5.354 0.0283364 0.999485 -0.0150338 -0.459314 -0.637261 0.0296501 0.770077 14.3801 
0.739404 -0.0154952 0.673084 6.03392 0.0332222 0.999357 -0.0134894 -0.485367 -0.672442 0.0323354 0.739443 15.1417 
0.706925 -0.0139633 0.70715 6.73373 0.0326918 0.999382 -0.0129479 -0.509817 -0.706532 0.0322712 0.706945 15.8758 
0.672773 -0.0127575 0.739739 7.48061 0.0339758 0.999329 -0.0136657 -0.538842 -0.739069 0.0343271 0.672755 16.5709 
0.637207 -0.013986 0.770566 8.24554 0.0383594 0.999172 -0.0135855 -0.567156 -0.769738 0.0382152 0.637215 17.2067 
0.600654 -0.0121567 0.799416 9.10019 0.0386894 0.999155 -0.0138759 -0.582704 -0.798572 0.0392635 0.600617 17.8621 
0.562919 -0.0111018 0.826438 9.96649 0.0415342 0.999026 -0.0148704 -0.611364 -0.825468 0.0426962 0.562832 18.4666 
0.523698 -0.00959806 0.85185 10.8073 0.0462326 0.998783 -0.0171693 -0.639733 -0.850648 0.0483747 0.523505 18.9981 
0.485199 -0.00893613 0.874358 11.6686 0.0481501 0.998704 -0.0165127 -0.665912 -0.873077 0.0501124 0.485 19.4742 
0.447351 -0.0109357 0.894292 12.5473 0.0537144 0.998449 -0.0146602 -0.69174 -0.892744 0.0545946 0.447244 19.9052 
0.410353 -0.0116907 0.911852 13.4482 0.0577113 0.998246 -0.0131732 -0.718221 -0.910099 0.0580298 0.410308 20.3059 
0.375316 -0.00938793 0.926849 14.4059 0.0596155 0.998123 -0.0140308 -0.734008 -0.924977 0.0605206 0.375172 20.6999 
0.342332 -0.0101991 0.939523 15.4128 0.0605229 0.998104 -0.0112176 -0.747629 -0.937627 0.0607028 0.342301 21.0555 
0.308945 -0.0118078 0.951007 16.3917 0.0627736 0.997996 -0.00800158 -0.765474 -0.949006 0.0621701 0.309067 21.3744 
0.275967 -0.0115539 0.961098 17.4628 0.0635332 0.99796 -0.00624576 -0.768505 -0.959065 0.0627853 0.276138 21.7162 
0.243665 -0.00854566 0.969822 18.4661 0.0610074 0.998116 -0.00653309 -0.779399 -0.967939 0.0607582 0.243728 21.9859 
0.212621 -0.0071081 0.977109 19.5157 0.0616238 0.99808 -0.00614888 -0.787851 -0.97519 0.0615205 0.21265 22.2368 
0.182472 -0.00711995 0.983185 20.5859 0.0637721 0.997954 -0.00460885 -0.802845 -0.981141 0.0635407 0.182553 22.4286 
0.152592 -0.0072784 0.988262 21.7367 0.0655937 0.997842 -0.00277911 -0.803843 -0.98611 0.0652479 0.15274 22.5732 
0.122464 -0.00795871 0.992441 22.8156 0.064378 0.997925 5.85346e-05 -0.814726 -0.990383 0.0638842 0.122723 22.7072 
0.093128 -0.00815986 0.995621 23.9741 0.0646529 0.997905 0.00213102 -0.810767 -0.993553 0.0641713 0.0934605 22.8364 
0.0662523 -0.00797297 0.997771 25.2065 0.0674818 0.997714 0.00349163 -0.821963 -0.995518 0.0671 0.0666389 22.9099 
0.0408158 -0.00753758 0.999138 26.3846 0.0720126 0.997393 0.00458254 -0.814841 -0.996568 0.0717635 0.0412522 22.9904 
0.0181633 -0.00715157 0.999809 27.594 0.0764642 0.997056 0.00574268 -0.814532 -0.996907 0.0763454 0.0186567 23.024 
-0.00209939 -0.0071394 0.999972 28.8734 0.0822203 0.996587 0.00728777 -0.800852 -0.996612 0.0822334 -0.00150523 23.0226 
-0.0197613 -0.00798638 0.999773 30.187 0.0863969 0.996214 0.00966557 -0.803013 -0.996065 0.0865682 -0.0189965 23.0042 
-0.0353487 -0.00784495 0.999344 31.4824 0.0896049 0.995917 0.0109875 -0.792899 -0.99535 0.0899345 -0.0345014 22.9743 
-0.0501201 -0.00869133 0.998705 32.7786 0.0921305 0.995658 0.0132883 -0.795535 -0.994485 0.0926772 -0.0491018 22.9424 
-0.0635904 -0.00979599 0.997928 34.0817 0.0920357 0.995633 0.0156381 -0.790177 -0.993723 0.0928394 -0.0624111 22.8811 
-0.0758549 -0.00977187 0.997071 35.3884 0.0916434 0.995651 0.0167299 -0.784678 -0.992898 0.092644 -0.0746295 22.8041 
-0.0871684 -0.00689482 0.99617 36.671 0.0918677 0.995659 0.01493 -0.769201 -0.991949 0.0928173 -0.0861566 22.7122 
-0.0978649 -0.00354601 0.995193 37.9584 0.0921593 0.995664 0.0126103 -0.761077 -0.990923 0.0929505 -0.0971138 22.6305 
-0.106998 -0.00104112 0.994259 39.3051 0.0934063 0.995566 0.0110944 -0.742608 -0.989862 0.0940571 -0.106426 22.4768 
-0.115143 0.000206076 0.993349 40.6522 0.0929514 0.995614 0.0105678 -0.721264 -0.98899 0.09355 -0.114657 22.3676 
-0.121094 0.000896231 0.992641 42.0483 0.0926567 0.995644 0.0104044 -0.715059 -0.988307 0.0932347 -0.12065 22.2106 
-0.126161 0.00220404 0.992007 43.4457 0.0938954 0.995534 0.00972939 -0.712547 -0.987556 0.0943724 -0.125804 22.0323 
-0.131111 0.00393866 0.99136 44.8456 0.0927452 0.995655 0.00831007 -0.700597 -0.98702 0.0930335 -0.130906 21.864 
-0.13524 0.00470291 0.990802 46.2919 0.09338 0.995598 0.00802021 -0.69419 -0.986403 0.0936057 -0.135084 21.689 
-0.139231 0.00384231 0.990252 47.7815 0.093449 0.995581 0.00927604 -0.673003 -0.985841 0.0938296 -0.138975 21.5638 
-0.141659 0.00183893 0.989914 49.2576 0.0942352 0.995482 0.0116359 -0.663218 -0.98542 0.0949331 -0.141192 21.3686 
-0.144223 0.000641591 0.989545 50.7241 0.0939248 0.995494 0.0130437 -0.651621 -0.985078 0.094824 -0.143633 21.1839 
-0.145955 0.00136553 0.98929 52.2321 0.0962028 0.995279 0.0128194 -0.633856 -0.984602 0.0970436 -0.145397 20.9364 
-0.147033 0.00101904 0.989131 53.7319 0.0961894 0.995274 0.013273 -0.624968 -0.984443 0.0970955 -0.146436 20.7219 
-0.14783 0.0022781 0.98901 55.2609 0.0977808 0.995132 0.0123233 -0.611764 -0.984167 0.0985279 -0.147333 20.5053 
-0.147792 0.0025179 0.989015 56.7642 0.0982654 0.995086 0.0121507 -0.589107 -0.984125 0.0989818 -0.147313 20.2967 
-0.147251 0.00407555 0.989091 58.3163 0.0980387 0.995127 0.010495 -0.577254 -0.984228 0.0985146 -0.146933 20.0797 
-0.146335 0.00369876 0.989228 59.8885 0.0987206 0.995056 0.010883 -0.572025 -0.984297 0.0992498 -0.145977 19.8707 
-0.144937 0.0026863 0.989437 61.4573 0.0980906 0.995109 0.0116669 -0.563052 -0.984567 0.0987454 -0.144491 19.6614 
-0.143878 0.00350176 0.989589 63.0443 0.0991164 0.995016 0.0108896 -0.547782 -0.984619 0.0996513 -0.143508 19.4388 
-0.142875 0.00418378 0.989732 64.6577 0.0991707 0.995019 0.0101099 -0.534642 -0.98476 0.0995969 -0.142579 19.2247 
-0.141915 0.00474233 0.989867 66.2789 0.10023 0.994918 0.00960303 -0.522822 -0.984791 0.100577 -0.141669 19.0106 
-0.141077 0.00472245 0.989987 67.945 0.099919 0.99495 0.00949265 -0.510518 -0.984943 0.100258 -0.140837 18.7969 
-0.140107 0.00315526 0.990131 69.6006 0.101932 0.994728 0.0112537 -0.496795 -0.984876 0.102502 -0.13969 18.5679 
-0.139555 0.00118289 0.990214 71.2974 0.103638 0.994525 0.0134179 -0.485503 -0.984776 0.104496 -0.138913 18.3478 
-0.138472 0.00244402 0.990363 73.0185 0.105214 0.994374 0.0122569 -0.470273 -0.984762 0.105897 -0.13795 18.1083 
-0.137685 0.00416994 0.990467 74.7152 0.107529 0.994144 0.0107622 -0.465003 -0.984622 0.107986 -0.137328 17.8821 
-0.136877 0.00383331 0.990581 76.4311 0.106938 0.994205 0.0109291 -0.454908 -0.984799 0.107427 -0.136494 17.6607 
-0.136952 0.00368858 0.990571 78.1613 0.107315 0.994163 0.0111349 -0.453282 -0.984747 0.107828 -0.136548 17.4524 
-0.136556 0.00261823 0.990629 79.9167 0.107245 0.994158 0.0121558 -0.443817 -0.98481 0.1079 -0.136039 17.2261 
-0.136332 0.00279062 0.990659 81.6898 0.108742 0.993995 0.0121648 -0.436261 -0.984677 0.109385 -0.135817 16.9975 
-0.136297 0.00261079 0.990665 83.4849 0.110125 0.993839 0.0125319 -0.428194 -0.984528 0.110805 -0.135745 16.7692 
-0.136218 0.00344837 0.990673 85.3051 0.110489 0.993808 0.011733 -0.423457 -0.984498 0.111057 -0.135756 16.5289 
-0.136832 0.00412644 0.990586 87.0908 0.110104 0.993858 0.0110688 -0.421713 -0.984456 0.110582 -0.136446 16.312 
-0.137723 0.00485378 0.990459 88.9143 0.109912 0.993887 0.0104125 -0.411984 -0.984353 0.110297 -0.137414 16.0807 
-0.138773 0.00554527 0.990309 90.7663 0.109854 0.993899 0.00982851 -0.406743 -0.984212 0.110153 -0.138536 15.8368 
-0.139464 0.00484196 0.990215 92.5907 0.109171 0.993967 0.0105154 -0.400837 -0.984191 0.109569 -0.139151 15.5929 
-0.140619 0.00438499 0.990054 94.4172 0.1091 0.993969 0.0110933 -0.397412 -0.984034 0.109575 -0.14025 15.3606 
-0.140796 0.00333378 0.990033 96.2407 0.10677 0.994213 0.0118361 -0.392247 -0.984264 0.107372 -0.140337 15.1179 
-0.141818 0.00468971 0.989881 98.1099 0.107414 0.994157 0.010679 -0.37342 -0.984048 0.107842 -0.141494 14.8536 
-0.144019 0.00546991 0.98956 100.005 0.106395 0.994274 0.00998853 -0.362134 -0.983839 0.106723 -0.143776 14.5905 
-0.148009 0.00624502 0.988966 101.873 0.106787 0.994234 0.00970348 -0.360628 -0.983204 0.107045 -0.147823 14.3333 
-0.152323 0.0051775 0.988317 103.76 0.105026 0.994409 0.0109774 -0.359116 -0.982735 0.105471 -0.152015 14.0655 
-0.15712 0.0043891 0.98757 105.661 0.103547 0.994551 0.0120538 -0.354591 -0.982136 0.104153 -0.156719 13.7878 
-0.161603 0.0051839 0.986842 107.555 0.102165 0.994701 0.0115051 -0.348517 -0.981553 0.10268 -0.161276 13.506 
-0.166044 0.00696765 0.986094 109.459 0.102934 0.994635 0.0103046 -0.345634 -0.980731 0.103214 -0.16587 13.212 
-0.170455 0.00859257 0.985328 111.409 0.102371 0.994705 0.00903502 -0.345026 -0.980033 0.102409 -0.170432 12.8946 
-0.175461 0.00901092 0.984445 113.323 0.101218 0.994824 0.00893448 -0.344076 -0.979269 0.101212 -0.175465 12.5846 
-0.179902 0.00854934 0.983647 115.251 0.0995042 0.994991 0.00955061 -0.346528 -0.978639 0.0995952 -0.179852 12.251 
-0.185096 0.00787143 0.982689 117.216 0.0976306 0.995168 0.0104179 -0.34011 -0.977859 0.0978688 -0.18497 11.904 
-0.190531 0.00743997 0.981653 119.185 0.0972308 0.995197 0.011329 -0.333912 -0.976854 0.0976055 -0.190339 11.5493 
-0.195754 0.00715047 0.980627 121.153 0.0972566 0.995185 0.0121578 -0.3287 -0.975818 0.0977524 -0.195507 11.1815 
-0.201095 0.00892219 0.979531 123.137 0.0978632 0.995139 0.0110266 -0.318552 -0.974671 0.0980774 -0.20099 10.799 
-0.206385 0.00989001 0.978421 125.117 0.0974217 0.995188 0.0104902 -0.312828 -0.973609 0.0974845 -0.206355 10.4096 
-0.212232 0.0099818 0.977168 127.105 0.097692 0.995155 0.0110522 -0.305263 -0.972324 0.0978071 -0.212179 10.0072 
-0.217723 0.0099212 0.97596 129.094 0.0967711 0.99524 0.011471 -0.301059 -0.971201 0.0969423 -0.217647 9.60387 
-0.222764 0.0105971 0.974815 131.098 0.0962185 0.995297 0.0111679 -0.29392 -0.970113 0.096283 -0.222736 9.17409 
-0.227894 0.0111471 0.973622 133.14 0.0957737 0.995342 0.0110218 -0.288074 -0.968964 0.0957592 -0.2279 8.73665 
-0.23208 0.0104038 0.972641 135.159 0.0969256 0.995213 0.0124819 -0.280325 -0.967856 0.0971706 -0.231977 8.2787 
-0.235773 0.010332 0.971753 137.212 0.0990386 0.994993 0.0134503 -0.26928 -0.966748 0.0994123 -0.235615 7.81216 
-0.239089 0.0110843 0.970934 139.233 0.0999682 0.994902 0.0132588 -0.255854 -0.965838 0.100233 -0.238978 7.33555 
-0.242097 0.0117726 0.97018 141.282 0.100774 0.994823 0.0130754 -0.247186 -0.965004 0.100935 -0.242031 6.84507 
-0.245237 0.0114615 0.969395 143.315 0.100065 0.994889 0.0135513 -0.243347 -0.964285 0.100325 -0.24513 6.35349 
-0.24926 0.0119544 0.968363 145.377 0.0989597 0.995004 0.0131893 -0.242702 -0.963367 0.0991164 -0.249198 5.85216 
-0.253878 0.0130874 0.967148 147.429 0.0975156 0.99516 0.0121314 -0.224669 -0.962308 0.0973919 -0.253925 5.35531 
-0.258459 0.0123246 0.965943 149.416 0.0963097 0.995265 0.013071 -0.232388 -0.961209 0.0964081 -0.258423 4.8715 
-0.262928 0.0130946 0.964726 151.488 0.0970959 0.995191 0.0129545 -0.217899 -0.959917 0.0970771 -0.262935 4.34911 
-0.267371 0.0137038 0.963496 153.515 0.0967886 0.995224 0.0127038 -0.213794 -0.95872 0.0966521 -0.267421 3.81718 
-0.271806 0.0138161 0.962253 155.547 0.0963214 0.995266 0.0129176 -0.211987 -0.957519 0.0961966 -0.27185 3.27482 
-0.275877 0.0130535 0.961104 157.603 0.0961213 0.99527 0.0140733 -0.207604 -0.956374 0.0962651 -0.275827 2.71536 
-0.280008 0.0129927 0.95991 159.654 0.0966702 0.995207 0.0147284 -0.20766 -0.955118 0.0969188 -0.279922 2.15724 
-0.284043 0.0137326 0.958713 161.687 0.0981007 0.995066 0.0148113 -0.20351 -0.95378 0.0982575 -0.283988 1.60559 
-0.287637 0.0152521 0.957618 163.749 0.0982932 0.995063 0.0136755 -0.184777 -0.952682 0.0980609 -0.287716 1.02034 
-0.291177 0.016882 0.95652 165.806 0.0983633 0.995073 0.0123805 -0.179224 -0.951599 0.0976914 -0.291403 0.431017 
-0.294502 0.0179928 0.955481 167.889 0.0989772 0.99502 0.0117698 -0.173928 -0.950511 0.0980371 -0.294816 -0.175543 
-0.297974 0.0186538 0.954392 169.954 0.0985646 0.995066 0.0113243 -0.175606 -0.949472 0.0974436 -0.298342 -0.771323 
-0.301073 0.0187732 0.953416 172.06 0.0990391 0.995015 0.0116825 -0.166288 -0.948444 0.0979428 -0.301431 -1.41762 
-0.304969 0.0190864 0.952171 174.133 0.0987222 0.995046 0.0116736 -0.160372 -0.947232 0.0975605 -0.305343 -2.0419 
-0.308578 0.019865 0.950991 176.216 0.101098 0.994804 0.0120242 -0.159811 -0.945811 0.0998541 -0.308983 -2.68923 
-0.311721 0.020068 0.949962 178.348 0.102702 0.994631 0.0126889 -0.150738 -0.944607 0.101518 -0.312108 -3.36167 
-0.314165 0.0196498 0.949165 180.461 0.103761 0.994507 0.0137555 -0.143447 -0.943681 0.102808 -0.314479 -4.03636 
-0.316769 0.0192035 0.948308 182.579 0.103432 0.994532 0.0144105 -0.131233 -0.942846 0.10265 -0.317024 -4.72688 
-0.31954 0.0196672 0.947369 184.685 0.102225 0.994665 0.0138305 -0.124695 -0.942043 0.101264 -0.319846 -5.40234 
-0.322243 0.0215896 0.946411 186.809 0.101358 0.99478 0.0118183 -0.119543 -0.941215 0.0997344 -0.32275 -6.09462 
-0.3251 0.0236538 0.945384 188.944 0.101161 0.994821 0.0098966 -0.114697 -0.940253 0.0988533 -0.32581 -6.80215 
-0.328079 0.0243789 0.944336 191.052 0.100289 0.994916 0.0091575 -0.121591 -0.939312 0.0977113 -0.328856 -7.49639 
-0.331267 0.0250853 0.943204 193.155 0.0986577 0.995088 0.00818474 -0.133993 -0.938365 0.0957656 -0.332114 -8.20021 
-0.334833 0.0252662 0.941939 195.262 0.0996881 0.99498 0.00874728 -0.141945 -0.936989 0.096829 -0.335671 -8.90842 
-0.338701 0.0246507 0.940571 197.32 0.0989511 0.995046 0.00955392 -0.137671 -0.935676 0.0963065 -0.339462 -9.60479 
-0.34228 0.0237701 0.939297 199.476 0.0982859 0.995101 0.010633 -0.144471 -0.934443 0.0959592 -0.34294 -10.3521 
-0.345925 0.023488 0.937968 201.517 0.0983287 0.995089 0.0113453 -0.146802 -0.933096 0.0961539 -0.346535 -11.0913 
-0.349553 0.0235592 0.93662 203.66 0.0972447 0.995197 0.0112597 -0.149186 -0.931856 0.0950172 -0.350165 -11.854 
-0.352887 0.0240645 0.935356 205.824 0.0963854 0.995286 0.0107574 -0.150824 -0.930688 0.0939509 -0.353543 -12.6394 
-0.356388 0.0245986 0.934014 207.974 0.0963721 0.995289 0.0105598 -0.162595 -0.929355 0.0937764 -0.357079 -13.3905 
-0.359173 0.0252763 0.932928 210.077 0.0970655 0.995224 0.0104057 -0.17492 -0.928209 0.0942926 -0.359911 -14.1711 
-0.361646 0.0249315 0.931982 212.161 0.0985089 0.995068 0.0116062 -0.191276 -0.927096 0.0960058 -0.362319 -14.9406 
-0.364258 0.0241266 0.930985 214.339 0.0992682 0.994975 0.0130548 -0.189171 -0.925992 0.0971726 -0.364823 -15.7641 
-0.366843 0.0250243 0.929946 216.525 0.100729 0.994829 0.012965 -0.183522 -0.924813 0.0984285 -0.367467 -16.604 
-0.36946 0.025696 0.928891 218.643 0.100419 0.994868 0.0124198 -0.191495 -0.923805 0.097867 -0.370144 -17.4091 
-0.371913 0.0258352 0.927908 220.845 0.0997694 0.994935 0.0122869 -0.186715 -0.92289 0.0971465 -0.372607 -18.2653 
-0.374392 0.0272909 0.926869 223.06 0.0995175 0.994976 0.010902 -0.184892 -0.921915 0.0963213 -0.375227 -19.1322 
-0.377161 0.0283312 0.925714 225.142 0.0996643 0.994969 0.0101551 -0.208097 -0.92077 0.0960908 -0.378087 -19.9393 
-0.379472 0.0285563 0.924763 227.252 0.0976711 0.995175 0.00934812 -0.20338 -0.920033 0.0938699 -0.38043 -20.774 
-0.382832 0.0292775 0.923354 229.34 0.0982741 0.995117 0.00919251 -0.233416 -0.918576 0.094261 -0.38384 -21.5863 
-0.385205 0.0290305 0.922374 231.476 0.100108 0.994921 0.0104935 -0.234827 -0.917385 0.0963791 -0.386155 -22.4464 
-0.388121 0.0281351 0.921179 233.53 0.100418 0.994874 0.0119231 -0.236892 -0.916121 0.0971302 -0.388957 -23.2706 
-0.391048 0.0278004 0.91995 235.481 0.0994211 0.994971 0.0121939 -0.246844 -0.914985 0.0962309 -0.391845 -24.0756 
-0.393695 0.0280904 0.918812 237.575 0.098057 0.995113 0.0115925 -0.247249 -0.913996 0.0946598 -0.394526 -24.938 
-0.397101 0.0277912 0.917354 239.702 0.0966654 0.995248 0.0116932 -0.241424 -0.91267 0.0933197 -0.397901 -25.8272 
-0.400277 0.0272129 0.91599 241.854 0.0961408 0.99529 0.0124436 -0.237522 -0.911337 0.0930449 -0.401008 -26.7384 
-0.403385 0.027549 0.914615 244.04 0.0957252 0.995332 0.0122387 -0.238314 -0.910009 0.0924886 -0.40414 -27.6685 
-0.406858 0.027321 0.913082 246.206 0.0953407 0.995364 0.0126996 -0.238279 -0.908502 0.0922209 -0.407577 -28.6074 
-0.410344 0.0267632 0.911538 248.335 0.0944908 0.995437 0.01331 -0.241621 -0.907022 0.0915937 -0.411001 -29.5353 
-0.414227 0.0268546 0.909777 250.49 0.0936484 0.995517 0.0132532 -0.239761 -0.905343 0.090689 -0.414885 -30.4744 
-0.417689 0.0278704 0.908163 252.664 0.0942028 0.995471 0.0127766 -0.22772 -0.903694 0.0908881 -0.418422 -31.4392 
-0.421054 0.0285892 0.906585 254.839 0.0947241 0.995424 0.0126028 -0.227054 -0.902076 0.0911819 -0.421835 -32.4024 
-0.42463 0.0286399 0.904914 256.973 0.0944176 0.99545 0.0127999 -0.219922 -0.90043 0.090875 -0.425402 -33.358 
-0.428261 0.0292026 0.903183 259.103 0.0929932 0.995595 0.0119039 -0.217072 -0.898858 0.0890879 -0.42909 -34.3279 
-0.431915 0.0294056 0.901435 261.276 0.0933758 0.995555 0.0122643 -0.216996 -0.897068 0.0894693 -0.432741 -35.3289 
-0.434953 0.0301352 0.899949 263.429 0.0940518 0.995493 0.0121214 -0.207049 -0.895528 0.0899141 -0.435827 -36.3458 
-0.439156 0.0315253 0.897857 265.56 0.0953388 0.995376 0.0116823 -0.195881 -0.893338 0.090731 -0.440132 -37.2736 
-0.442393 0.0337418 0.896186 267.692 0.0977455 0.995153 0.0107831 -0.195968 -0.891478 0.0923685 -0.443547 -38.2941 
-0.444892 0.0346166 0.894915 269.821 0.0991268 0.995016 0.0107904 -0.19395 -0.890082 0.0935107 -0.446106 -39.3107 
-0.447498 0.0367278 0.89353 271.967 0.100662 0.994875 0.00951986 -0.188122 -0.888602 0.0942044 -0.448902 -40.3504 
-0.450329 0.0393439 0.891995 274.034 0.102458 0.994706 0.00785209 -0.180523 -0.886964 0.0949278 -0.451977 -41.3121 
-0.453246 0.0400246 0.890486 276.144 0.103929 0.994551 0.00819641 -0.203008 -0.885306 0.0962623 -0.454936 -42.3154 
-0.456239 0.0408595 0.888919 278.327 0.103917 0.994557 0.00762037 -0.201467 -0.883769 0.0958505 -0.458002 -43.4039 
-0.459825 0.0408786 0.887068 280.56 0.103027 0.99465 0.00756936 -0.20304 -0.882013 0.0948726 -0.461577 -44.5097 
-0.463209 0.0423021 0.885239 282.722 0.10391 0.994563 0.00684536 -0.207816 -0.880136 0.0951557 -0.465086 -45.6024 
-0.466337 0.0428697 0.883568 284.879 0.103377 0.994622 0.00630296 -0.207225 -0.878546 0.0942796 -0.468261 -46.7093 
-0.468976 0.042625 0.882182 287.029 0.101716 0.994795 0.00600664 -0.215596 -0.877334 0.0925487 -0.470871 -47.8097 
-0.471456 0.0430793 0.880837 289.201 0.10348 0.994609 0.0067425 -0.226826 -0.875797 0.0943276 -0.473372 -48.9185 
-0.474204 0.0431944 0.879355 291.341 0.105238 0.994416 0.00790467 -0.243604 -0.874102 0.0962899 -0.476102 -49.9768 
-0.476436 0.0435813 0.878128 293.463 0.106569 0.994269 0.00847453 -0.250811 -0.872727 0.097619 -0.47835 -51.0768 
-0.478906 0.043229 0.876801 295.618 0.10674 0.994244 0.00928139 -0.269698 -0.871353 0.0980343 -0.480763 -52.1493 
-0.48155 0.0429267 0.875367 297.864 0.107497 0.994151 0.0103836 -0.290739 -0.869801 0.0990993 -0.483348 -53.2881 
-0.484144 0.0434069 0.873911 300.028 0.109423 0.993931 0.0112518 -0.293124 -0.868119 0.101074 -0.485956 -54.4324 
-0.48617 0.0435339 0.872779 302.221 0.109907 0.993874 0.011648 -0.276651 -0.866925 0.101587 -0.487976 -55.6103 
-0.487928 0.0446047 0.871743 304.501 0.109503 0.993932 0.0104337 -0.265664 -0.865988 0.10055 -0.489851 -56.8297 
-0.490261 0.0472485 0.870294 306.733 0.109463 0.993961 0.00770128 -0.256612 -0.864675 0.0990411 -0.492472 -58.0563 
-0.493676 0.0467638 0.868387 308.891 0.108094 0.994109 0.00791687 -0.260632 -0.862902 0.0977756 -0.495823 -59.2249 
-0.498059 0.0447374 0.865988 311.103 0.105569 0.994368 0.00934682 -0.257946 -0.860693 0.0960771 -0.499976 -60.4438 
-0.502779 0.0424377 0.863372 313.391 0.103531 0.994561 0.0114048 -0.253564 -0.858192 0.0951203 -0.504438 -61.7304 
-0.507201 0.0414812 0.860829 315.666 0.102744 0.994628 0.0126083 -0.241183 -0.855681 0.0948401 -0.508738 -63.0289 
-0.511688 0.0413582 0.858175 317.947 0.102644 0.99463 0.0132671 -0.230403 -0.853018 0.094875 -0.513186 -64.3284 
-0.515626 0.0425672 0.855755 320.247 0.104807 0.994398 0.0136867 -0.219211 -0.850379 0.0967463 -0.517199 -65.6871 
-0.51944 0.0434706 0.8534 322.496 0.105968 0.994273 0.0138533 -0.204035 -0.847911 0.0976292 -0.521072 -67.0336 
-0.523038 0.0435578 0.851195 324.753 0.106909 0.994158 0.0148192 -0.187195 -0.845578 0.0987514 -0.52464 -68.3811 
-0.52682 0.0419398 0.848941 327.006 0.106469 0.994171 0.0169558 -0.178436 -0.843282 0.0993185 -0.528215 -69.7371 
-0.530841 0.0403322 0.846511 329.268 0.104942 0.994307 0.0184343 -0.163706 -0.840949 0.0986204 -0.532051 -71.1076 
-0.534566 0.040068 0.844177 331.532 0.103574 0.994452 0.0183864 -0.13859 -0.838756 0.0972635 -0.53575 -72.4909 
-0.538707 0.0399402 0.841546 333.787 0.103718 0.994421 0.0191981 -0.122219 -0.836085 0.0976255 -0.539844 -73.8791 
-0.542571 0.0395494 0.839078 336.019 0.104133 0.994353 0.0204672 -0.102492 -0.83353 0.098481 -0.543625 -75.2819 
-0.546663 0.0388711 0.83645 338.179 0.10423 0.994312 0.0219122 -0.0878612 -0.83084 0.0991614 -0.547605 -76.6688 
-0.550466 0.0375462 0.834013 340.422 0.102305 0.994493 0.0227525 -0.0630913 -0.828566 0.097848 -0.551275 -78.0933 
-0.553778 0.0366144 0.831859 342.629 0.101353 0.994568 0.0236955 -0.0320518 -0.826473 0.0974331 -0.554481 -79.5269 
-0.556269 0.0360221 0.830221 344.831 0.10146 0.99453 0.0248293 0.00113461 -0.824785 0.0980459 -0.55688 -80.9708 
-0.55909 0.0354408 0.828349 347.006 0.0993972 0.994745 0.0245275 0.0359689 -0.823127 0.0960488 -0.559675 -82.3976 
-0.561801 0.0346667 0.826545 349.223 0.0961687 0.995084 0.0236301 0.0663413 -0.821663 0.0927632 -0.562374 -83.8506 
-0.564727 0.0343903 0.824561 351.4 0.0934436 0.995371 0.0224835 0.0986866 -0.81997 0.089747 -0.565326 -85.3043 
-0.567414 0.0317824 0.822819 353.609 0.0908745 0.995568 0.0242117 0.137577 -0.818403 0.0885113 -0.567787 -86.7615 
-0.571065 0.0313205 0.820307 355.794 0.0916143 0.995461 0.0257701 0.178375 -0.815776 0.0898682 -0.571343 -88.2226 
-0.573839 0.0314883 0.818362 357.991 0.0912239 0.9955 0.0256625 0.210831 -0.813871 0.0893803 -0.57413 -89.7206 
-0.576955 0.0304067 0.81621 360.136 0.08907 0.995689 0.025868 0.245231 -0.811905 0.0876245 -0.577176 -91.2007 
-0.57987 0.026957 0.814263 362.335 0.08707 0.995779 0.0290397 0.28497 -0.810043 0.0877372 -0.579769 -92.7135 
-0.582655 0.0244354 0.812352 364.556 0.0843466 0.995968 0.0305385 0.329905 -0.808331 0.0863126 -0.582367 -94.2565 
-0.585732 0.0235421 0.810162 366.739 0.0827064 0.996096 0.03085 0.382684 -0.806274 0.0850755 -0.585393 -95.7823 
-0.588431 0.0239236 0.808193 368.881 0.082463 0.996126 0.0305531 0.429501 -0.804331 0.0846244 -0.588124 -97.3056 
-0.591065 0.0231159 0.806293 371.081 0.0818843 0.996145 0.0314676 0.478521 -0.802457 0.0846221 -0.590679 -98.8611 
-0.593749 0.0227621 0.804328 373.28 0.0815811 0.996152 0.0320319 0.534148 -0.800504 0.0846369 -0.593321 -100.425 
-0.596316 0.0213772 0.802465 375.474 0.0784864 0.996408 0.03178 0.584242 -0.798903 0.0819335 -0.595852 -101.999 
-0.598609 0.0177716 0.800844 377.584 0.0682567 0.997249 0.0288899 0.621303 -0.798128 0.0719568 -0.598176 -103.568 
-0.601784 0.0210256 0.798382 379.765 0.0609482 0.997947 0.0196587 0.66082 -0.79633 0.0604903 -0.60183 -105.162 
-0.604037 0.0310879 0.79635 381.901 0.0712304 0.997346 0.0150944 0.684341 -0.793767 0.0658419 -0.604648 -106.751 
-0.60481 0.0324784 0.795707 384.047 0.0789941 0.996687 0.0193608 0.719633 -0.792442 0.0745658 -0.605372 -108.344 
-0.606742 0.0229843 0.794566 386.213 0.0778148 0.996498 0.0305949 0.76625 -0.791081 0.0803923 -0.606406 -109.971 
-0.609663 0.0129758 0.792555 388.47 0.0723121 0.996607 0.0393085 0.859073 -0.789356 0.0812762 -0.608533 -111.621 
-0.612915 0.00746473 0.790113 390.582 0.0664749 0.996897 0.0421483 0.943718 -0.787347 0.0783561 -0.61151 -113.192 
-0.615773 0.00668466 0.787895 392.728 0.0652046 0.996966 0.0425017 1.01919 -0.785221 0.0775458 -0.614341 -114.799 
-0.618254 0.0116282 0.785892 394.816 0.0704617 0.996684 0.0406843 1.07541 -0.782814 0.0805286 -0.617023 -116.384 
-0.620387 0.0181785 0.784085 396.927 0.0751452 0.99651 0.0363533 1.11864 -0.780687 0.0814734 -0.619588 -117.996 
-0.622884 0.0209691 0.782033 399.069 0.0758857 0.996546 0.0337213 1.1916 -0.778625 0.0803496 -0.622324 -119.655 
-0.625952 0.0213464 0.779569 401.167 0.07632 0.996504 0.0339942 1.23903 -0.776118 0.0807755 -0.625393 -121.285 
-0.628775 0.0203677 0.77732 403.279 0.0765685 0.99642 0.0358276 1.2934 -0.773808 0.0820458 -0.628084 -122.934 
-0.630138 0.0199448 0.776226 405.577 0.0775323 0.99629 0.0373412 1.38357 -0.772602 0.0837128 -0.629347 -124.835 
-0.631829 0.0204861 0.774837 407.727 0.0782361 0.996231 0.0374569 1.46408 -0.771149 0.0842865 -0.631051 -126.542 
-0.633277 0.0206556 0.773649 410.031 0.0784533 0.996208 0.0376209 1.5245 -0.769938 0.0845199 -0.632496 -128.378 
-0.635061 0.0210486 0.772175 412.162 0.0786136 0.9962 0.037499 1.6017 -0.768451 0.0845176 -0.634302 -130.073 
-0.636895 0.0203016 0.770683 414.089 0.0798862 0.99601 0.039781 1.64812 -0.7668 0.0869032 -0.635976 -131.6 
-0.637568 0.0194426 0.770149 416.161 0.0820537 0.995709 0.0427912 1.69271 -0.766012 0.0904758 -0.636427 -133.279 
-0.638509 0.0190618 0.769379 418.313 0.0833632 0.995524 0.0445185 1.79212 -0.765086 0.0925633 -0.63724 -135.037 
-0.639331 0.0184377 0.768711 420.476 0.0847266 0.995314 0.0465935 1.88402 -0.76425 0.094919 -0.637897 -136.832 
-0.640591 0.0184119 0.767661 422.258 0.0807497 0.995785 0.0434999 1.91198 -0.763625 0.0898541 -0.639378 -138.287 
-0.641703 0.0174585 0.766754 424.169 0.0773941 0.996112 0.0420909 1.98139 -0.763038 0.0863521 -0.640559 -139.863 
-0.642834 0.0163429 0.765831 426.259 0.0764862 0.996145 0.0429442 2.04487 -0.762178 0.0861815 -0.641606 -141.544 
-0.643724 0.0146965 0.765117 428.341 0.0737101 0.996357 0.042877 2.12968 -0.7617 0.0839978 -0.642462 -143.241 
-0.644559 0.0139575 0.764427 430.4 0.0712676 0.996577 0.0418959 2.20558 -0.761226 0.0814833 -0.643347 -144.934 
-0.645522 0.0134454 0.763623 432.457 0.0702504 0.996652 0.041837 2.28543 -0.760504 0.0806516 -0.644305 -146.617 
-0.645792 0.0122355 0.763415 434.516 0.0710456 0.996496 0.044128 2.36498 -0.760201 0.0827348 -0.644399 -148.313 
-0.645747 0.0103026 0.763482 436.586 0.0725385 0.996214 0.0479094 2.45243 -0.760098 0.0863192 -0.64405 -150.017 
-0.643893 0.00916428 0.765061 438.672 0.0773478 0.995585 0.0531721 2.55851 -0.761196 0.0934129 -0.641759 -151.753 
-0.642229 0.00833248 0.766467 440.706 0.0813607 0.995033 0.0573555 2.67182 -0.762182 0.0991957 -0.639717 -153.446 
-0.64058 0.00610085 0.767867 442.758 0.0755941 0.995612 0.0551526 2.78751 -0.764162 0.0933759 -0.63823 -155.11 
-0.639437 0.00561248 0.768823 444.828 0.0683004 0.996434 0.0495319 2.89618 -0.765804 0.0841835 -0.63754 -156.783 
-0.637642 0.00345231 0.770325 446.905 0.0633931 0.996833 0.0480066 2.98936 -0.76772 0.0794444 -0.635842 -158.446 
-0.634794 0.00319015 0.772674 448.951 0.0615926 0.997018 0.0464852 3.08162 -0.770222 0.0770996 -0.633098 -160.089 
-0.631742 0.00354119 0.77517 451.026 0.0632947 0.996886 0.0470293 3.16853 -0.77259 0.0787747 -0.629999 -161.752 
-0.62836 0.00347101 0.777915 453.114 0.0638156 0.99685 0.047099 3.26608 -0.775301 0.0792382 -0.626602 -163.432 
-0.6262 0.00406988 0.779651 455.208 0.0608547 0.997191 0.0436718 3.34832 -0.777284 0.0747928 -0.624689 -165.055 
-0.624935 -0.000314798 0.780676 457.31 0.0543311 0.997558 0.0438945 3.42769 -0.778784 0.0698463 -0.623392 -166.684 
-0.623636 -0.00632954 0.781689 459.436 0.045508 0.997977 0.0443874 3.51603 -0.780389 0.0632547 -0.622087 -168.341 
-0.623289 -0.00951635 0.781934 461.558 0.0386781 0.998327 0.0429806 3.59715 -0.781035 0.0570331 -0.621878 -169.97 
-0.622116 -0.0100036 0.782861 463.668 0.0369965 0.998426 0.0421581 3.67767 -0.78205 0.0551904 -0.620766 -171.609 
-0.620863 -0.0101948 0.783853 465.758 0.0387068 0.998297 0.0436421 3.75047 -0.782963 0.0574362 -0.619411 -173.212 
-0.619757 -0.0116972 0.784706 467.894 0.0401198 0.998109 0.0465647 3.82953 -0.783767 0.0603411 -0.618116 -174.847 
-0.61776 -0.0140018 0.786242 469.951 0.0386279 0.998094 0.0481249 3.91536 -0.785417 0.0601006 -0.616042 -176.434 
-0.616975 -0.0142901 0.786853 472.054 0.0362079 0.998261 0.0465202 4.00717 -0.786149 0.0571921 -0.615384 -178.027 
-0.615861 -0.0131309 0.787746 474.153 0.035187 0.998405 0.0441515 4.09458 -0.787069 0.0549096 -0.614416 -179.604 
-0.614585 -0.0117781 0.788762 476.238 0.0360467 0.998425 0.0429956 4.17354 -0.788026 0.0548568 -0.613193 -181.185 
-0.613161 -0.0112231 0.789878 478.346 0.0383553 0.998297 0.0439586 4.24937 -0.789026 0.0572497 -0.611686 -182.75 
-0.610961 -0.0111072 0.791582 480.469 0.0403787 0.998163 0.045171 4.33941 -0.79063 0.0595608 -0.609391 -184.384 
-0.610007 -0.0111552 0.792318 482.588 0.0407768 0.998134 0.0454471 4.42464 -0.791346 0.0600312 -0.608414 -185.968 
-0.608237 -0.0121505 0.793662 484.712 0.040169 0.99813 0.046065 4.50847 -0.792738 0.0598991 -0.606612 -187.577 
-0.607477 -0.0128227 0.794234 486.79 0.0400141 0.998106 0.0467193 4.60402 -0.793329 0.0601614 -0.605813 -189.113 
-0.605823 -0.0136498 0.795482 488.92 0.0398523 0.998077 0.0474768 4.69854 -0.794601 0.0604643 -0.604114 -190.719 
-0.605381 -0.0132065 0.795826 491.003 0.0387044 0.998191 0.0460069 4.77501 -0.794994 0.0586537 -0.603775 -192.225 
-0.604465 -0.0115326 0.796548 493.178 0.0395408 0.998228 0.0444582 4.86896 -0.795649 0.0583696 -0.602939 -193.858 
-0.603801 -0.0118511 0.797047 495.311 0.0402238 0.998163 0.0453128 4.95036 -0.79612 0.0594202 -0.602215 -195.416 
-0.603679 -0.013372 0.797115 497.39 0.0390739 0.998161 0.0463365 5.03084 -0.796269 0.0591188 -0.602047 -196.885 
-0.603812 -0.01473 0.79699 499.552 0.0376998 0.998183 0.0470103 5.12147 -0.796234 0.0584317 -0.60216 -198.469 
-0.603872 -0.0150423 0.796939 501.565 0.0373225 0.998192 0.0471216 5.21805 -0.796207 0.0581992 -0.602218 -199.976 
-0.603664 -0.0141419 0.797113 503.669 0.0382713 0.998176 0.0466923 5.30476 -0.796319 0.0586931 -0.602022 -201.539 
-0.603451 -0.0135819 0.797284 505.77 0.0388978 0.998163 0.0464449 5.39085 -0.796451 0.0590398 -0.601814 -203.092 
-0.602798 -0.0151248 0.79775 507.421 0.038589 0.998098 0.0480819 5.45278 -0.79696 0.0597681 -0.601068 -204.494 
-0.602578 -0.0170301 0.797878 509.525 0.0374618 0.998067 0.049595 5.55112 -0.79718 0.0597748 -0.600775 -206.053 
-0.601692 -0.0173699 0.798539 511.498 0.0370268 0.998082 0.0496097 5.63094 -0.79787 0.0594171 -0.599895 -207.576 
-0.601561 -0.0178536 0.798627 513.583 0.0356913 0.998151 0.0491982 5.7237 -0.798029 0.0580997 -0.599812 -209.13 
-0.601227 -0.0170164 0.798897 515.611 0.0362794 0.998161 0.0485635 5.80697 -0.798254 0.0581812 -0.599504 -210.638 
-0.600918 -0.01661 0.799138 517.722 0.0369869 0.998135 0.0485587 5.89082 -0.798454 0.0587374 -0.599183 -212.178 
-0.599941 -0.0171773 0.79986 519.799 0.0366482 0.99813 0.0489234 5.98957 -0.799204 0.0586646 -0.59819 -213.719 
-0.598942 -0.0168454 0.800615 521.834 0.0362817 0.998181 0.0481446 6.07885 -0.79997 0.0578836 -0.597241 -215.274 
-0.598367 -0.016584 0.80105 523.728 0.0359323 0.998224 0.0475067 6.16247 -0.800416 0.05721 -0.596709 -216.724 
-0.598564 -0.0172812 0.800888 525.861 0.0358435 0.998188 0.048327 6.25639 -0.800273 0.0576335 -0.59686 -218.248 
-0.598632 -0.0186098 0.800808 528.011 0.0353215 0.998144 0.0495996 6.3507 -0.800245 0.0579777 -0.596864 -219.785 
-0.598029 -0.0199427 0.801226 530.136 0.0353892 0.998058 0.0512561 6.44506 -0.800693 0.0590074 -0.596162 -221.338 
-0.598038 -0.0191919 0.801238 532.295 0.0356212 0.998089 0.0504944 6.54204 -0.800675 0.0587386 -0.596212 -222.883 
-0.596988 -0.0178042 0.802053 534.173 0.0371736 0.998066 0.0498245 6.63157 -0.801389 0.0595598 -0.595171 -224.367 
-0.594504 -0.0152267 0.803948 535.581 0.0404881 0.997985 0.0488418 6.70565 -0.803073 0.0615871 -0.59269 -225.745 
-0.592006 -0.0126554 0.805834 536.994 0.0437993 0.997894 0.0478488 6.77869 -0.804742 0.0636217 -0.590205 -227.118 
-0.591565 -0.0131203 0.806151 538.924 0.0430722 0.997925 0.0478484 6.86159 -0.805106 0.0630281 -0.589772 -228.58 
-0.591431 -0.0125515 0.806258 541.093 0.0431385 0.997954 0.04718 6.95024 -0.805201 0.0626845 -0.589679 -230.137 
-0.591793 -0.0141145 0.805966 543.219 0.0425001 0.99791 0.0486822 7.03318 -0.804969 0.0630634 -0.589956 -231.64 
-0.59173 -0.0157551 0.805982 545.397 0.0419018 0.997856 0.0502688 7.13521 -0.805046 0.0635177 -0.589801 -233.206 
-0.591779 -0.0169015 0.805923 547.458 0.0408373 0.997868 0.0509131 7.23431 -0.805065 0.063041 -0.589827 -234.685 
-0.592419 -0.0154315 0.805482 549.627 0.0404073 0.997989 0.0488383 7.33035 -0.804616 0.0614801 -0.590604 -236.234 
-0.592753 -0.0133175 0.805274 551.698 0.0402835 0.998121 0.046159 7.41668 -0.804376 0.0598002 -0.591103 -237.698 
-0.59233 -0.0127838 0.805594 553.728 0.0407885 0.998116 0.0458294 7.49918 -0.804662 0.0600051 -0.590692 -239.188 
-0.591793 -0.0146689 0.805956 555.813 0.0414532 0.997958 0.0486014 7.58378 -0.805023 0.0621714 -0.589976 -240.726 
-0.591909 -0.0160044 0.805846 557.984 0.0420867 0.997825 0.0507306 7.67309 -0.804905 0.0639433 -0.589948 -242.275 
-0.591632 -0.0151138 0.806067 560.142 0.0426719 0.997836 0.0500295 7.77741 -0.805078 0.0639955 -0.589706 -243.833 
-0.591548 -0.0145183 0.806139 562.319 0.0429867 0.997848 0.0495147 7.87469 -0.805123 0.0639436 -0.58965 -245.37 
-0.591352 -0.0135095 0.8063 564.411 0.0438499 0.997842 0.0488788 7.96602 -0.805221 0.0642608 -0.589483 -246.847 
-0.590685 -0.0132516 0.806794 566.571 0.0454668 0.99773 0.0496756 8.06474 -0.80562 0.066025 -0.588741 -248.412 
-0.590465 -0.0142113 0.806938 568.749 0.0460266 0.997625 0.0512487 8.15743 -0.80575 0.0674012 -0.588408 -249.943 
-0.58981 -0.0152004 0.807399 570.976 0.045372 0.99762 0.0519261 8.26975 -0.806266 0.0672598 -0.587716 -251.553 
-0.589915 -0.0148107 0.807329 573.15 0.0458672 0.997603 0.0518164 8.37211 -0.806161 0.0675972 -0.587822 -253.091 
-0.589737 -0.0142453 0.80747 575.305 0.0471795 0.997529 0.0520559 8.47212 -0.806216 0.0687954 -0.587607 -254.618 
-0.589595 -0.0150853 0.807558 577.611 0.0473958 0.997456 0.0532361 8.59887 -0.806307 0.0696626 -0.587381 -256.2 
-0.589484 -0.0161912 0.807618 579.838 0.0458619 0.997515 0.0534731 8.71955 -0.806477 0.0685604 -0.587277 -257.756 
-0.589468 -0.0175432 0.807601 582.075 0.0442195 0.997564 0.0539455 8.83054 -0.80658 0.0675109 -0.587257 -259.313 
-0.589278 -0.0165919 0.80776 584.283 0.0445432 0.997601 0.0529865 8.94064 -0.806701 0.067204 -0.587126 -260.856 
-0.589147 -0.015126 0.807884 586.42 0.0461751 0.997561 0.0523503 9.04632 -0.806705 0.0681462 -0.587012 -262.366 
-0.58817 -0.0141867 0.808613 588.549 0.0471933 0.99754 0.0518289 9.14642 -0.807359 0.0686453 -0.586054 -263.88 
-0.58732 -0.0149363 0.809217 590.621 0.0474467 0.997475 0.0528473 9.23037 -0.807962 0.069433 -0.585129 -265.325 
-0.58711 -0.0159347 0.80935 592.726 0.0476844 0.997389 0.0542275 9.33252 -0.808101 0.0704309 -0.584818 -266.771 
-0.586771 -0.0146137 0.809621 594.865 0.0481705 0.997436 0.0529152 9.43783 -0.808319 0.070049 -0.584562 -268.27 
-0.586111 -0.0150425 0.810091 597.087 0.0474362 0.997475 0.0528426 9.54574 -0.808841 0.0693993 -0.583918 -269.844 
-0.585599 -0.015232 0.810457 599.348 0.0467895 0.997521 0.0525557 9.66237 -0.809249 0.0686975 -0.583435 -271.393 
-0.584774 -0.0158934 0.811041 601.479 0.0463236 0.997522 0.0529477 9.76342 -0.809873 0.0685328 -0.582589 -272.865 
-0.584626 -0.0163711 0.811138 603.388 0.0458365 0.997533 0.0531696 9.84287 -0.810007 0.068264 -0.582433 -274.081 
-0.584283 -0.0176644 0.811358 605.56 0.0442215 0.997585 0.053564 9.94762 -0.810344 0.0671761 -0.582091 -275.594 
-0.583336 -0.0180633 0.81203 607.724 0.0432015 0.997647 0.0532268 10.0566 -0.811081 0.06613 -0.581183 -277.114 
-0.582 -0.018481 0.812978 609.878 0.0423282 0.997698 0.0529822 10.1721 -0.812086 0.0652476 -0.579878 -278.638 
-0.582197 -0.0181586 0.812845 612.048 0.043704 0.997606 0.0535889 10.2762 -0.811872 0.0667239 -0.58001 -280.139 
-0.581802 -0.0193451 0.8131 614.19 0.0440227 0.997502 0.0552322 10.3887 -0.812138 0.0679291 -0.579498 -281.649 
-0.582167 -0.020513 0.81281 616.166 0.0430991 0.997498 0.0560433 10.4628 -0.811926 0.067658 -0.579826 -282.925 
-0.582138 -0.0197905 0.812849 618.332 0.0423291 0.99761 0.0546037 10.5738 -0.811987 0.0661941 -0.579909 -284.431 
-0.582343 -0.0199651 0.812698 620.478 0.0398474 0.997796 0.0530651 10.6711 -0.811966 0.063286 -0.580264 -285.912 
-0.582372 -0.0183628 0.812715 622.683 0.0404212 0.997854 0.0515107 10.7982 -0.811917 0.0628494 -0.58038 -287.471 
-0.582775 -0.0183456 0.812426 624.813 0.0405105 0.997846 0.0515918 10.9047 -0.811623 0.0629782 -0.580777 -288.942 
-0.582296 -0.0190798 0.812753 626.985 0.0409851 0.997764 0.0527867 11.0098 -0.811943 0.0640483 -0.580213 -290.478 
-0.582063 -0.0199051 0.8129 629.159 0.041314 0.997685 0.0540119 11.118 -0.812093 0.0650225 -0.579893 -292.004 
-0.581523 -0.0201886 0.81328 631.329 0.0416608 0.997641 0.054554 11.2304 -0.812463 0.0656063 -0.57931 -293.515 
-0.581787 -0.0195565 0.813106 633.794 0.0416175 0.997685 0.0537737 11.3743 -0.812275 0.0651243 -0.579627 -295.171 
-0.581589 -0.0189001 0.813263 635.988 0.0417416 0.99772 0.0530375 11.4792 -0.812411 0.064793 -0.579474 -296.693 
-0.582059 -0.0189006 0.812927 637.891 0.0417766 0.997714 0.0531091 11.6144 -0.812073 0.064874 -0.579939 -297.814 
-0.5818 -0.0193139 0.813102 640.078 0.0416563 0.997698 0.053505 11.7279 -0.812264 0.0650001 -0.579657 -299.318 
-0.581457 -0.0196654 0.81334 642.223 0.0411512 0.997717 0.0535423 11.8403 -0.812536 0.0646024 -0.57932 -300.811 
-0.580651 -0.0199858 0.813907 644.354 0.0408083 0.997728 0.0536126 11.939 -0.813129 0.0643444 -0.578516 -302.297 
-0.580765 -0.0188522 0.813853 646.51 0.0410351 0.997783 0.0523953 12.0365 -0.813036 0.063826 -0.578704 -303.78 
-0.58013 -0.0192387 0.814297 648.69 0.0408124 0.997779 0.0526497 12.148 -0.813501 0.0637771 -0.578056 -305.287 
-0.578791 -0.0195967 0.81524 650.866 0.0415313 0.997705 0.0534685 12.2558 -0.814418 0.0648051 -0.576649 -306.814 
-0.57826 -0.0195583 0.815618 653.061 0.0419152 0.99768 0.0536413 12.3608 -0.814775 0.0652054 -0.576099 -308.328 
-0.578071 -0.0189863 0.815765 655.146 0.0415753 0.997745 0.0526829 12.4618 -0.814926 0.0643702 -0.575979 -309.76 
-0.578047 -0.0186917 0.815789 657.221 0.0419236 0.997737 0.0525665 12.5357 -0.814926 0.0645868 -0.575955 -311.17 
-0.577268 -0.0187338 0.81634 659.271 0.0427012 0.997676 0.0530909 12.6255 -0.815437 0.0655064 -0.575127 -312.61 
