1 -4.23778e-08 4.22719e-08 0 -4.23778e-08 1 -4.19404e-08 0 4.22719e-08 -4.19404e-08 1 0 
0.999995 -0.00281651 -0.00158285 -0.0149888 0.00282131 0.999991 0.00309231 -0.0231028 0.00157421 -0.00309685 0.999994 1.53338 
0.99999 -0.00337738 -0.00303547 -0.0410091 0.00338933 0.999986 0.00396746 -0.0406705 0.00302211 -0.00397779 0.999987 3.05464 
0.999987 -0.0023831 -0.0045857 -0.0682631 0.00239992 0.99999 0.00368535 -0.0560657 0.00457696 -0.00369639 0.999983 4.56153 
0.999979 -0.00195602 -0.00618242 -0.105718 0.00197757 0.999992 0.00349512 -0.0710102 0.00617562 -0.00350735 0.999975 6.08917 
0.99997 -0.00206831 -0.00745348 -0.143035 0.00209577 0.999991 0.00368858 -0.0831414 0.00744587 -0.00370417 0.999965 7.59029 
0.999952 -0.00254604 -0.00943076 -0.166072 0.00258256 0.999989 0.00387076 -0.0965347 0.00942089 -0.00389502 0.999948 9.11421 
0.999924 -0.00447224 -0.0114465 -0.194061 0.00450922 0.999985 0.00321402 -0.11585 0.0114321 -0.00326548 0.999929 10.621 
0.999899 -0.00572455 -0.0129799 -0.236115 0.0057712 0.999977 0.00356649 -0.133486 0.0129593 -0.00364113 0.999909 12.1352 
0.999881 -0.00541319 -0.0144079 -0.277318 0.00546375 0.999979 0.00347764 -0.147441 0.0143889 -0.00355603 0.99989 13.6396 
0.999863 -0.00504901 -0.0157518 -0.312232 0.00510337 0.999981 0.00341802 -0.162999 0.0157343 -0.00349803 0.99987 15.1166 
0.999855 -0.00376954 -0.0165948 -0.355348 0.00383364 0.999985 0.00383804 -0.176681 0.0165801 -0.00390118 0.999855 16.6122 
0.999848 -0.00207531 -0.0172832 -0.403105 0.0021534 0.999987 0.00450571 -0.191187 0.0172737 -0.00454233 0.99984 18.0991 
0.999837 -0.00134809 -0.0180072 -0.451087 0.00144374 0.999985 0.00530459 -0.206501 0.0179998 -0.0053298 0.999824 19.6008 
0.999823 -0.00178502 -0.0187055 -0.496111 0.00188382 0.999984 0.0052698 -0.223251 0.0186958 -0.00530419 0.999811 21.0569 
0.999808 -0.00118687 -0.0195586 -0.54011 0.00129444 0.999984 0.00549248 -0.237005 0.0195518 -0.00551683 0.999794 22.5278 
0.999804 -0.000729003 -0.0197571 -0.588343 0.000846547 0.999982 0.00594599 -0.24809 0.0197525 -0.00596164 0.999787 24.0005 
0.999803 -4.16156e-05 -0.0198378 -0.635651 0.000183829 0.999974 0.00717127 -0.262718 0.0198371 -0.00717359 0.999777 25.4528 
0.9998 0.000145057 -0.0199884 -0.681805 -2.87993e-05 0.999983 0.00582061 -0.27241 0.0199889 -0.00581896 0.999783 26.931 
0.999797 0.000403711 -0.0201439 -0.731504 -0.000327133 0.999993 0.00380881 -0.287476 0.0201453 -0.00380154 0.99979 28.3574 
0.999803 -0.00131906 -0.0197864 -0.780781 0.00138907 0.999993 0.00352925 -0.299843 0.0197817 -0.00355612 0.999798 29.7888 
0.999797 -0.00229198 -0.0200043 -0.81953 0.00241569 0.999978 0.00616634 -0.311718 0.0199898 -0.0062135 0.999781 31.2274 
0.999787 -0.00378771 -0.0202861 -0.854319 0.00393789 0.999965 0.00737273 -0.322969 0.0202575 -0.00745113 0.999767 32.6792 
0.999786 -0.00441858 -0.0201896 -0.89915 0.00455565 0.999967 0.00675239 -0.33438 0.0201592 -0.00684301 0.999773 34.0888 
0.999792 -0.00421023 -0.0199718 -0.944347 0.00430912 0.999979 0.00491504 -0.348793 0.0199508 -0.00500016 0.999788 35.4757 
0.999803 -0.00311947 -0.0196172 -0.989781 0.00319659 0.999987 0.00390545 -0.35991 0.0196048 -0.00396747 0.9998 36.861 
0.99982 -0.00233378 -0.0188317 -1.03541 0.00239119 0.999992 0.003031 -0.377977 0.0188246 -0.00307557 0.999818 38.2197 
0.999845 -0.00177713 -0.0175218 -1.08321 0.00184933 0.99999 0.00410982 -0.397005 0.0175144 -0.00414167 0.999838 39.5632 
0.999868 -0.00118343 -0.0161735 -1.12319 0.00128161 0.999981 0.00606653 -0.411289 0.0161661 -0.00608654 0.999851 40.8979 
0.999888 -0.0017871 -0.0148206 -1.15387 0.00189064 0.999974 0.00698027 -0.425627 0.0148078 -0.0070076 0.999866 42.2261 
0.999918 -0.0012707 -0.012731 -1.18543 0.00136644 0.999971 0.00752078 -0.437355 0.0127212 -0.00753765 0.999891 43.5259 
0.999953 -0.00171368 -0.0095478 -1.21168 0.00177988 0.999974 0.00693857 -0.453309 0.00953575 -0.00695532 0.99993 44.8024 
0.999979 -0.00236492 -0.00606654 -1.23291 0.00239603 0.999984 0.0051397 -0.465177 0.00605437 -0.00515421 0.999968 46.0662 
0.999992 -0.00268951 -0.00279414 -1.25373 0.00269903 0.99999 0.00343948 -0.48255 0.00278495 -0.00344708 0.99999 47.3016 
0.999996 -0.00246933 0.00130328 -1.26881 0.00246388 0.999988 0.00410613 -0.498852 -0.00131332 -0.00410298 0.999991 48.5323 
0.999977 -0.00202906 0.00646357 -1.27218 0.00200385 0.99999 0.00389038 -0.512722 -0.00647132 -0.00387742 0.999971 49.7519 
0.999919 -0.000365387 0.0127319 -1.27487 0.000327463 0.999995 0.00297395 -0.527406 -0.0127328 -0.00296962 0.999914 50.962 
0.999799 0.00100272 0.0200339 -1.27013 -0.00106294 0.999995 0.00299161 -0.543264 -0.0200307 -0.00301238 0.999795 52.1651 
0.999597 0.00210162 0.0283215 -1.25479 -0.0022121 0.99999 0.0038672 -0.556678 -0.028313 -0.00392837 0.999591 53.3544 
0.999248 0.00436329 0.0385158 -1.22487 -0.0045426 0.999979 0.00456703 -0.571297 -0.038495 -0.00473864 0.999247 54.5582 
0.998654 0.00687624 0.0514 -1.18259 -0.00711282 0.999965 0.00441952 -0.58411 -0.0513677 -0.00477925 0.998668 55.7271 
0.997762 0.00893274 0.066268 -1.12994 -0.00928485 0.999944 0.00500599 -0.598087 -0.0662195 -0.00561016 0.997789 56.8833 
0.996546 0.0111153 0.0822901 -1.05364 -0.0116716 0.999912 0.00628073 -0.61088 -0.082213 -0.00721957 0.996589 58.0216 
0.994933 0.0111716 0.0999189 -0.958006 -0.0119329 0.999904 0.00702299 -0.62276 -0.0998308 -0.00817981 0.994971 59.1402 
0.992863 0.010512 0.118793 -0.840087 -0.0113258 0.999917 0.00617739 -0.634066 -0.118718 -0.00747881 0.9929 60.2421 
0.990256 0.00962061 0.138926 -0.703176 -0.0104466 0.999932 0.00521663 -0.644752 -0.138866 -0.00661718 0.990289 61.3307 
0.987113 0.00666268 0.159883 -0.543086 -0.00756934 0.999958 0.00506183 -0.654824 -0.159842 -0.00620688 0.987123 62.3984 
0.983426 0.00155514 0.181303 -0.356962 -0.00291655 0.999969 0.00724219 -0.666103 -0.181286 -0.00765102 0.9834 63.4537 
0.978887 -0.00393424 0.204366 -0.143835 0.00216929 0.999958 0.00885907 -0.67838 -0.204393 -0.00822877 0.978854 64.503 
0.973613 -0.00919635 0.22802 0.0909267 0.00745294 0.999936 0.00850539 -0.689671 -0.228083 -0.00658161 0.973619 65.5214 
0.967347 -0.0153548 0.252988 0.350021 0.014065 0.999877 0.00690577 -0.698936 -0.253063 -0.00312209 0.967445 66.5204 
0.960053 -0.0190029 0.279172 0.630417 0.0175914 0.999817 0.00756043 -0.706466 -0.279264 -0.00234747 0.960211 67.4968 
0.951666 -0.0214986 0.306382 0.930858 0.0193529 0.999762 0.0100395 -0.714716 -0.306525 -0.0036249 0.951856 68.458 
0.942207 -0.0259571 0.334023 1.26287 0.022923 0.999652 0.0130225 -0.719928 -0.334245 -0.00461313 0.942475 69.4085 
0.931484 -0.0290541 0.362619 1.6182 0.0261759 0.999575 0.0128487 -0.726324 -0.362838 -0.00247654 0.931849 70.3339 
0.919629 -0.0283119 0.391767 1.99189 0.0269447 0.999596 0.00898809 -0.731214 -0.391864 0.00229029 0.92002 71.2339 
0.906772 -0.0293412 0.420599 2.3943 0.0306832 0.999523 0.00357668 -0.734783 -0.420503 0.00966204 0.90724 72.1096 
0.89282 -0.031293 0.449325 2.82191 0.0343674 0.999408 0.00131416 -0.742617 -0.4491 0.0142687 0.893367 72.9621 
0.87738 -0.0317537 0.478744 3.2744 0.0336255 0.999424 0.00466428 -0.750546 -0.478616 0.0120056 0.877942 73.807 
0.859925 -0.0305718 0.509503 3.75051 0.0294012 0.999514 0.0103511 -0.759026 -0.509572 0.00607876 0.860406 74.6367 
0.840554 -0.0306377 0.54086 4.2533 0.0272825 0.999527 0.0142194 -0.767795 -0.54104 0.00280377 0.840992 75.4375 
0.81966 -0.0244308 0.572329 4.77792 0.0232933 0.999685 0.00931358 -0.771026 -0.572376 0.00569743 0.819971 76.2131 
0.797886 -0.0174437 0.602556 5.32827 0.0202121 0.999793 0.00217917 -0.77269 -0.602469 0.0104401 0.798074 76.963 
0.775649 -0.0151404 0.630982 5.9031 0.0192531 0.999815 0.000323164 -0.779356 -0.63087 0.0118976 0.775797 77.682 
0.752494 -0.0175435 0.658365 6.51105 0.020194 0.99979 0.00356017 -0.789202 -0.658289 0.010616 0.75269 78.3848 
0.728161 -0.0177558 0.685176 7.1347 0.020334 0.999784 0.00429875 -0.801908 -0.685104 0.0108021 0.728365 79.058 
0.703206 -0.0159097 0.710808 7.77539 0.02103 0.999778 0.00157244 -0.811692 -0.710675 0.0138425 0.703384 79.6963 
0.677157 -0.0133915 0.735717 8.43043 0.0209748 0.999779 -0.00110747 -0.817417 -0.735539 0.0161814 0.677289 80.3081 
0.650395 -0.0109524 0.759517 9.11109 0.019143 0.999815 -0.00197527 -0.827905 -0.759355 0.0158241 0.650484 80.905 
0.622749 -0.0095779 0.782363 9.81426 0.0192031 0.999811 -0.00304559 -0.841755 -0.782186 0.0169204 0.622816 81.4703 
0.594218 -0.00308728 0.804298 10.5327 0.0176252 0.999802 -0.00918397 -0.859494 -0.804111 0.0196332 0.594155 82.0114 
0.564374 0.00615949 0.825496 11.2734 0.0165476 0.999687 -0.0187726 -0.876495 -0.825353 0.0242548 0.564095 82.5304 
0.533679 0.0144042 0.845564 12.0369 0.0154271 0.999523 -0.0267639 -0.901074 -0.845546 0.0273279 0.533202 83.0226 
0.501969 0.0194008 0.864668 12.8275 0.0129716 0.999467 -0.0299558 -0.927043 -0.864788 0.026253 0.50145 83.4963 
0.469651 0.0191295 0.882645 13.6435 0.0108597 0.999564 -0.027442 -0.95803 -0.882785 0.0224734 0.469239 83.9437 
0.436356 0.0180384 0.899593 14.474 0.00602131 0.999718 -0.0229669 -0.990022 -0.899754 0.0154384 0.436125 84.3666 
0.402124 0.0194281 0.915379 15.324 0.00181466 0.999756 -0.0220162 -1.02003 -0.915583 0.0105143 0.401991 84.7564 
0.367084 0.0225378 0.929915 16.1882 -0.00525 0.999741 -0.0221578 -1.04862 -0.930173 0.00325169 0.367107 85.1171 
0.331496 0.0244613 0.943139 17.0712 -0.0101692 0.999698 -0.022354 -1.07701 -0.943402 -0.00218069 0.331645 85.4468 
0.295462 0.0239709 0.955054 17.9731 -0.0128398 0.999694 -0.0211193 -1.10373 -0.955268 -0.00602281 0.295679 85.7433 
0.259389 0.0234026 0.965489 18.8893 -0.0135607 0.999696 -0.0205886 -1.13411 -0.965678 -0.00775222 0.259627 86.0008 
0.223452 0.022883 0.974446 19.8197 -0.0130571 0.999705 -0.0204821 -1.16298 -0.974627 -0.0081467 0.223685 86.2243 
0.18832 0.0217042 0.981868 20.7636 -0.0106273 0.999742 -0.0200611 -1.1862 -0.98205 -0.0066567 0.188502 86.4089 
0.153941 0.0206264 0.987865 21.7157 -0.00260331 0.999787 -0.0204697 -1.2156 -0.988076 0.000579418 0.153962 86.5561 
0.120361 0.0240877 0.992438 22.6784 -0.000395699 0.999707 -0.0242162 -1.24619 -0.99273 0.00252198 0.120335 86.6744 
0.0875428 0.0289998 0.995738 23.6413 0.000442433 0.999575 -0.0291506 -1.27923 -0.996161 0.00299247 0.0874928 86.7685 
0.0584777 0.0327155 0.997752 24.6034 0.00717099 0.999423 -0.0331907 -1.31445 -0.998263 0.00909579 0.0582094 86.8256 
0.0332505 0.0308587 0.99897 25.5808 0.00884179 0.999475 -0.0311687 -1.35279 -0.999408 0.00986906 0.0329601 86.8589 
0.010777 0.0278687 0.999553 26.5653 0.0105246 0.999553 -0.0279822 -1.39049 -0.999886 0.0108215 0.0104789 86.8794 
-0.00804486 0.0252166 0.99965 27.5553 0.0108077 0.999626 -0.0251291 -1.42817 -0.999909 0.0106017 -0.00831438 86.8794 
-0.0246154 0.0283283 0.999295 28.5424 0.0126088 0.999528 -0.0280244 -1.46294 -0.999617 0.0119101 -0.0249609 86.8617 
-0.0391329 0.0328698 0.998693 29.531 0.0154689 0.999359 -0.0322856 -1.49737 -0.999114 0.0141853 -0.0396163 86.827 
-0.0513285 0.0379338 0.997961 30.5196 0.0197797 0.999121 -0.0369606 -1.5372 -0.998486 0.0178422 -0.0520337 86.7833 
-0.0601129 0.041264 0.997338 31.5163 0.0247764 0.998899 -0.0398353 -1.58222 -0.997884 0.0223159 -0.0610691 86.7255 
-0.0658907 0.0466995 0.996733 32.5196 0.0288205 0.998576 -0.0448807 -1.62982 -0.99741 0.0257691 -0.0671428 86.6582 
-0.069465 0.0515345 0.996252 33.5205 0.0305848 0.998305 -0.0495082 -1.68141 -0.997115 0.0270311 -0.0709234 86.5947 
-0.0721161 0.0553636 0.995858 34.5259 0.0327308 0.998052 -0.0531153 -1.74188 -0.996859 0.0287648 -0.0737877 86.5258 
-0.0747193 0.0583018 0.995499 35.5336 0.0331837 0.997882 -0.0559508 -1.80413 -0.996652 0.0288537 -0.0764957 86.4568 
-0.0770192 0.0616134 0.995124 36.5424 0.0341588 0.997666 -0.0591271 -1.87308 -0.996444 0.0294383 -0.078944 86.3839 
-0.0789475 0.0652911 0.994738 37.5581 0.0354743 0.997405 -0.0626507 -1.93933 -0.996247 0.0303415 -0.0810587 86.3143 
-0.0810668 0.0667463 0.994471 38.5726 0.0380694 0.997234 -0.0638286 -2.00947 -0.995981 0.0326845 -0.0833836 86.2345 
-0.0830997 0.065453 0.994389 39.5912 0.03816 0.997318 -0.0624568 -2.08248 -0.99581 0.0327557 -0.0853745 86.1581 
-0.0851001 0.0651976 0.994237 40.6166 0.0375186 0.997359 -0.0621911 -2.15407 -0.995666 0.03201 -0.0873215 86.0762 
-0.0871079 0.0666687 0.993965 41.648 0.0375493 0.997269 -0.0635997 -2.22277 -0.995491 0.0317827 -0.0893733 85.9909 
-0.0893465 0.0689373 0.993612 42.6738 0.0366758 0.997153 -0.0658852 -2.29583 -0.995325 0.0305549 -0.0916205 85.9077 
-0.0917827 0.0713243 0.993221 43.7133 0.0349988 0.997046 -0.0683649 -2.36904 -0.995164 0.0284868 -0.0940079 85.82 
-0.094004 0.074963 0.992745 44.7584 0.0326207 0.996858 -0.0721847 -2.44802 -0.995037 0.0255985 -0.096154 85.7295 
-0.0962473 0.0791704 0.992204 45.7999 0.0292278 0.996627 -0.0766882 -2.53111 -0.994928 0.0216189 -0.0982366 85.6426 
-0.0987679 0.081675 0.991753 46.8457 0.0269746 0.996479 -0.079378 -2.61521 -0.994745 0.0189121 -0.100623 85.549 
-0.101284 0.0802769 0.991613 47.8998 0.0249739 0.99663 -0.0781323 -2.69904 -0.994544 0.0168509 -0.102947 85.4485 
-0.104293 0.0760365 0.991636 48.9489 0.0218234 0.997008 -0.0741533 -2.78745 -0.994307 0.0139072 -0.10564 85.3573 
-0.106634 0.0744771 0.991505 50.0025 0.021978 0.997124 -0.0725355 -2.87083 -0.994055 0.0140565 -0.107965 85.2558 
-0.108622 0.0750596 0.991245 51.0565 0.021296 0.997092 -0.0731687 -2.9553 -0.993855 0.0131619 -0.109904 85.1559 
-0.109694 0.0778893 0.990909 52.1149 0.0227602 0.99686 -0.0758377 -3.03994 -0.993705 0.0142344 -0.111122 85.0472 
-0.110377 0.080651 0.990612 53.1746 0.023014 0.996642 -0.0785777 -3.12544 -0.993623 0.0141248 -0.111863 84.9382 
-0.110728 0.0812885 0.990521 54.2278 0.0217873 0.996608 -0.0793526 -3.21738 -0.993612 0.0127943 -0.112123 84.837 
-0.110541 0.0801713 0.990633 55.2895 0.0188569 0.996731 -0.0785607 -3.30738 -0.993693 0.00999606 -0.111691 84.7355 
-0.110655 0.0794713 0.990676 56.3558 0.0150705 0.996817 -0.0782807 -3.40009 -0.993745 0.0062678 -0.111501 84.6374 
-0.110641 0.0805662 0.990589 57.4282 0.0111615 0.996747 -0.0798204 -3.49368 -0.993798 0.00222501 -0.111181 84.5361 
-0.110945 0.0808971 0.990528 58.5049 0.00682293 0.99672 -0.0806386 -3.58382 -0.993803 -0.00218815 -0.111133 84.4361 
-0.111109 0.0805142 0.990541 59.59 0.00357672 0.996739 -0.0806168 -3.67598 -0.993802 -0.00541436 -0.111035 84.3325 
-0.111454 0.075325 0.990911 60.6807 0.00379353 0.997148 -0.0753725 -3.7669 -0.993762 -0.0046415 -0.111422 84.2266 
-0.111729 0.066615 0.991503 61.7808 0.00682241 0.997778 -0.0662678 -3.8539 -0.993715 -0.000639576 -0.111935 84.1153 
-0.111695 0.0610533 0.991865 62.8864 0.0122576 0.99812 -0.060058 -3.93537 -0.993667 0.00544969 -0.112233 84.0003 
-0.110879 0.0635249 0.991802 63.9908 0.0204575 0.997889 -0.0616279 -4.00725 -0.993623 0.0134565 -0.111944 83.8778 
-0.109732 0.0690716 0.991558 65.0918 0.0258751 0.997443 -0.0666181 -4.08234 -0.993624 0.0183466 -0.111238 83.7573 
-0.1086 0.0748408 0.991264 66.2039 0.0294405 0.996967 -0.072046 -4.1618 -0.993649 0.0213591 -0.110474 83.6377 
-0.107843 0.0791336 0.991013 67.3146 0.0301691 0.996628 -0.076299 -4.25058 -0.99371 0.0216696 -0.109867 83.5263 
-0.107626 0.0763807 0.991253 68.4389 0.02718 0.996898 -0.0738646 -4.34003 -0.99382 0.0189925 -0.109368 83.4192 
-0.107446 0.0717869 0.991616 69.5773 0.026195 0.997248 -0.0693564 -4.42968 -0.993866 0.0185233 -0.109031 83.3112 
-0.107213 0.0696419 0.991794 70.7047 0.0238134 0.997437 -0.067464 -4.51424 -0.993951 0.016385 -0.108597 83.2032 
-0.107201 0.0704319 0.991739 71.8369 0.0221311 0.997409 -0.0684425 -4.59831 -0.993991 0.0146112 -0.108482 83.0999 
-0.106756 0.0757042 0.991399 72.9783 0.0234167 0.997012 -0.0736114 -4.68407 -0.994009 0.0153569 -0.108209 82.9873 
-0.105833 0.078392 0.991289 74.1182 0.023277 0.99681 -0.0763435 -4.77206 -0.994111 0.0149945 -0.10732 82.8737 
-0.105288 0.0773124 0.991432 75.2688 0.0236806 0.996885 -0.0752229 -4.86238 -0.99416 0.0155576 -0.106791 82.763 
-0.104282 0.070481 0.992047 76.4334 0.0254082 0.997349 -0.0681869 -4.95288 -0.994223 0.0180954 -0.105797 82.6469 
-0.104611 0.0689475 0.99212 77.5878 0.0249966 0.997461 -0.066683 -5.04014 -0.994199 0.0178238 -0.106069 82.5333 
-0.103913 0.0720871 0.99197 78.741 0.0225373 0.997284 -0.0701125 -5.12486 -0.994331 0.0150708 -0.105255 82.4268 
-0.103705 0.0753436 0.99175 79.9063 0.0218369 0.997059 -0.0734635 -5.20999 -0.994368 0.0140383 -0.105045 82.3227 
-0.103457 0.0748265 0.991815 81.0819 0.0211574 0.997106 -0.0730188 -5.30161 -0.994409 0.0134299 -0.104741 82.2104 
-0.103153 0.0712785 0.992108 82.2629 0.0208312 0.997365 -0.0694904 -5.39293 -0.994447 0.0134987 -0.104366 82.1033 
-0.102046 0.0700645 0.992309 83.4525 0.0215879 0.997438 -0.0682067 -5.48439 -0.994545 0.0144617 -0.103297 81.9867 
-0.100811 0.0704695 0.992407 84.6437 0.0230177 0.997386 -0.068485 -5.57285 -0.994639 0.0159389 -0.10217 81.8743 
-0.0996844 0.0707219 0.992503 85.8473 0.0256678 0.997322 -0.0684873 -5.65864 -0.994688 0.0186483 -0.101233 81.7595 
-0.0985372 0.0702019 0.992654 87.0419 0.0252251 0.997364 -0.0680311 -5.74868 -0.994814 0.0183362 -0.100048 81.6552 
-0.097163 0.0707605 0.99275 88.2438 0.026659 0.997296 -0.0684754 -5.83845 -0.994911 0.0198124 -0.0987867 81.5499 
-0.0959502 0.0689583 0.992995 89.4569 0.0269697 0.997411 -0.0666591 -5.9268 -0.995021 0.0203848 -0.0975616 81.4443 
-0.0945613 0.068156 0.993183 90.6743 0.0254485 0.997493 -0.0660289 -6.01533 -0.995194 0.0190313 -0.0960587 81.3396 
-0.0931848 0.0675487 0.993355 91.8963 0.0266192 0.997508 -0.0653341 -6.10064 -0.995293 0.0203542 -0.0947507 81.2366 
-0.0914989 0.0685171 0.993445 93.1216 0.0245372 0.997482 -0.0665357 -6.1889 -0.995503 0.0182885 -0.0929497 81.1387 
-0.0898003 0.0711866 0.993412 94.347 0.0252254 0.997285 -0.0691839 -6.27704 -0.99564 0.0188465 -0.0913522 81.0369 
-0.0887456 0.0701548 0.993581 95.578 0.0229865 0.997395 -0.0683711 -6.36549 -0.995789 0.0167713 -0.090127 80.945 
-0.0882615 0.0687842 0.99372 96.8156 0.0194777 0.997541 -0.0673188 -6.4585 -0.995907 0.0134137 -0.0893842 80.8526 
-0.0880966 0.0700111 0.993648 98.0544 0.0166376 0.997491 -0.0688068 -6.54736 -0.995973 0.0104703 -0.0890404 80.7611 
-0.088265 0.0694826 0.993671 99.298 0.0140644 0.997552 -0.0685047 -6.63766 -0.995998 0.00792887 -0.0890261 80.668 
-0.089313 0.0669834 0.993749 100.547 0.0114661 0.997739 -0.0662219 -6.73103 -0.995938 0.00547991 -0.0898791 80.5738 
-0.0905519 0.0654286 0.99374 101.808 0.0092696 0.997852 -0.0648547 -6.82468 -0.995849 0.00333886 -0.0909639 80.477 
-0.0921609 0.0649036 0.993627 103.069 0.00766726 0.99789 -0.064471 -6.91274 -0.995715 0.00167669 -0.092464 80.3799 
-0.093648 0.0651369 0.993472 104.329 0.00800709 0.997874 -0.0646708 -7.00274 -0.995573 0.00189854 -0.0939705 80.2749 
-0.0959545 0.0637529 0.993342 105.59 0.00750691 0.997965 -0.0633245 -7.09149 -0.995357 0.00138066 -0.0962378 80.1692 
-0.0989709 0.0591837 0.993329 106.851 0.00485608 0.998247 -0.0589929 -7.1785 -0.995078 -0.0010149 -0.0990848 80.0619 
-0.103316 0.0591054 0.992891 108.108 0.00444822 0.99825 -0.0589617 -7.26404 -0.994639 -0.00167506 -0.103398 79.9495 
-0.108831 0.0650466 0.99193 109.339 -0.000584956 0.997852 -0.0654993 -7.35275 -0.99406 -0.00770858 -0.108559 79.8363 
-0.115729 0.0680972 0.990944 110.578 0.000197805 0.997649 -0.068535 -7.4432 -0.993281 -0.00773548 -0.115471 79.7101 
-0.124589 0.0641144 0.990135 111.83 0.0020293 0.997924 -0.0643635 -7.53751 -0.992206 -0.00600969 -0.12446 79.5682 
-0.135218 0.0619941 0.988874 113.084 0.00433831 0.998068 -0.0619773 -7.6309 -0.990806 -0.0040904 -0.135226 79.4073 
-0.148016 0.0629025 0.986982 114.315 0.00506578 0.99801 -0.0628457 -7.71938 -0.988972 -0.00430231 -0.14804 79.2358 
-0.16235 0.0631253 0.984712 115.539 0.00709722 0.998 -0.0628071 -7.80639 -0.986708 -0.003208 -0.162473 79.0539 
-0.176702 0.0607211 0.98239 116.755 0.00773289 0.99815 -0.0603044 -7.89778 -0.984234 -0.00305917 -0.176844 78.8519 
-0.192205 0.0631008 0.979324 117.951 0.0119714 0.998007 -0.0619551 -7.98603 -0.981282 -0.000184246 -0.192578 78.6309 
-0.207345 0.0665978 0.975998 119.131 0.0126485 0.997779 -0.065397 -8.07333 -0.978186 -0.00121485 -0.207727 78.3963 
-0.222507 0.0705479 0.972375 120.307 0.0126528 0.997503 -0.0694757 -8.16341 -0.974849 -0.00315563 -0.222845 78.147 
-0.238478 0.0686494 0.968718 121.489 0.00912039 0.997613 -0.0684518 -8.25411 -0.971105 -0.00748912 -0.238534 77.8774 
-0.254376 0.0631738 0.96504 122.677 0.00394514 0.997924 -0.0642866 -8.34654 -0.967097 -0.0125457 -0.254097 77.5907 
-0.270154 0.0593328 0.960987 123.847 9.65431e-06 0.9981 -0.0616215 -8.43465 -0.962817 -0.016638 -0.269641 77.2899 
-0.28516 0.0609763 0.956538 125.014 -0.00127658 0.997949 -0.0639968 -8.52036 -0.958479 -0.0194704 -0.284497 76.965 
-0.299596 0.063065 0.951979 126.176 -0.00147356 0.997781 -0.066563 -8.60613 -0.954065 -0.0213448 -0.298838 76.6203 
-0.313321 0.0655127 0.947385 127.323 0.000410429 0.997627 -0.0688514 -8.69573 -0.949647 -0.0211837 -0.312604 76.2561 
-0.327274 0.0656727 0.942645 128.465 0.00271912 0.997643 -0.0685604 -8.7863 -0.944926 -0.0198748 -0.326681 75.8713 
-0.341325 0.0637015 0.937784 129.602 0.00235358 0.997756 -0.0669187 -8.87768 -0.939942 -0.0206338 -0.340709 75.4775 
-0.355844 0.0626339 0.932444 130.737 0.00217591 0.997804 -0.0661939 -8.96697 -0.934543 -0.0215258 -0.355199 75.0635 
-0.37053 0.0642095 0.926598 131.849 0.00106441 0.997636 -0.0687065 -9.05735 -0.92882 -0.0244715 -0.369722 74.6387 
-0.385515 0.066434 0.920307 132.953 0.00207058 0.997464 -0.0711365 -9.1484 -0.922699 -0.0255186 -0.384675 74.1963 
-0.400067 0.0681767 0.913946 134.052 0.00330505 0.99733 -0.0729501 -9.24196 -0.91648 -0.0261643 -0.399225 73.7311 
-0.414634 0.0708193 0.907228 135.141 0.00606284 0.99716 -0.0750686 -9.33793 -0.909968 -0.0256256 -0.413886 73.2504 
-0.429389 0.0744027 0.90005 136.231 0.00587247 0.99681 -0.0795999 -9.43576 -0.903101 -0.0288938 -0.428456 72.7496 
-0.444479 0.0767559 0.892494 137.318 0.00690023 0.996586 -0.0822716 -9.53557 -0.895762 -0.0304096 -0.443492 72.2281 
-0.459812 0.0742193 0.884909 138.403 0.00573044 0.996728 -0.0806202 -9.63998 -0.887998 -0.0319992 -0.458733 71.6881 
-0.475954 0.0699501 0.876684 139.492 0.00280228 0.996947 -0.0780245 -9.74318 -0.879466 -0.0346793 -0.474697 71.1259 
-0.492089 0.0700804 0.867719 140.563 0.0023156 0.996856 -0.0791968 -9.84589 -0.870542 -0.0369626 -0.490704 70.5448 
-0.508131 0.0692655 0.85849 141.63 0.000964226 0.996806 -0.0798546 -9.9456 -0.861279 -0.0397488 -0.506575 69.9389 
-0.524025 0.0683363 0.848957 142.688 0.000420594 0.996797 -0.0799771 -10.0492 -0.851703 -0.0415529 -0.522375 69.3113 
-0.539832 0.0679795 0.839023 143.735 -0.000871047 0.996688 -0.0813143 -10.1549 -0.841772 -0.0446269 -0.537985 68.6665 
-0.555354 0.0673525 0.828882 144.777 -0.00121592 0.996648 -0.0817994 -10.262 -0.831613 -0.0464354 -0.553411 67.9976 
-0.57085 0.0647332 0.818498 145.817 -0.00161846 0.996796 -0.0799632 -10.3685 -0.821053 -0.0469717 -0.568917 67.3041 
-0.58638 0.0612644 0.807716 146.849 -0.00150974 0.997051 -0.0767214 -10.474 -0.810034 -0.0462073 -0.584559 66.5914 
-0.601593 0.0597426 0.796566 147.864 -0.000611442 0.997164 -0.0752494 -10.5758 -0.798803 -0.0457565 -0.59985 65.857 
-0.616731 0.0579994 0.785034 148.867 -0.001402 0.997199 -0.0747759 -10.6805 -0.787172 -0.0472172 -0.614923 65.1046 
-0.631837 0.0591882 0.772838 149.858 -0.00269743 0.996906 -0.0785539 -10.7841 -0.775096 -0.051718 -0.629723 64.3263 
-0.647264 0.0585938 0.760011 150.836 -0.00491604 0.9967 -0.0810284 -10.891 -0.76225 -0.056183 -0.64484 63.5301 
-0.663496 0.0554783 0.74612 151.831 -0.0067592 0.996762 -0.0801257 -10.9972 -0.748149 -0.0582063 -0.660973 62.6956 
-0.680031 0.0478293 0.731621 152.8 -0.010713 0.997115 -0.0751434 -11.1029 -0.733105 -0.0589377 -0.677557 61.8324 
-0.697362 0.0454183 0.715279 153.748 -0.0115803 0.997146 -0.0746065 -11.2073 -0.716626 -0.0603108 -0.694845 60.9534 
-0.715096 0.04275 0.697718 154.671 -0.0133964 0.997107 -0.0748241 -11.3096 -0.698898 -0.0628533 -0.712454 60.0476 
-0.7331 0.0388425 0.67901 155.573 -0.0167036 0.997038 -0.0750694 -11.4134 -0.679915 -0.0663754 -0.73028 59.1257 
-0.750076 0.0369675 0.660318 156.441 -0.0164662 0.997083 -0.0745257 -11.5151 -0.661147 -0.0667728 -0.747279 58.1845 
-0.766357 0.0388495 0.64124 157.289 -0.0145203 0.996867 -0.0777488 -11.6233 -0.642251 -0.0688943 -0.763392 57.2158 
-0.78177 0.0383325 0.622388 158.111 -0.0112096 0.997083 -0.07549 -11.73 -0.623466 -0.0659925 -0.77906 56.2167 
-0.796601 0.0394822 0.603214 158.917 -0.00733359 0.99716 -0.0749519 -11.8407 -0.604461 -0.0641305 -0.794049 55.1805 
-0.811574 0.0406961 0.582831 159.69 -0.00550168 0.996994 -0.077276 -11.954 -0.584224 -0.0659217 -0.808911 54.1521 
-0.825491 0.0424466 0.562817 160.434 -0.00443875 0.996649 -0.0816757 -12.0623 -0.564398 -0.0699208 -0.822536 53.105 
-0.838835 0.04285 0.542697 161.153 -0.00185852 0.996666 -0.081567 -12.1739 -0.544383 -0.0694298 -0.835958 52.0315 
-0.850819 0.0408793 0.523867 161.852 -0.000647173 0.996887 -0.078842 -12.2895 -0.525459 -0.0674192 -0.848143 50.9328 
-0.861665 0.0425284 0.505692 162.515 0.00192643 0.996749 -0.0805435 -12.4016 -0.507474 -0.0684273 -0.858946 49.8392 
-0.871381 0.0452963 0.488512 163.153 0.00474745 0.996461 -0.0839267 -12.5148 -0.490585 -0.0708129 -0.868511 48.7329 
-0.880612 0.0432134 0.471862 163.781 0.00323681 0.996358 -0.0852064 -12.6332 -0.473826 -0.0735065 -0.877545 47.6071 
-0.889144 0.0404406 0.455837 164.389 0.00207663 0.996434 -0.0843503 -12.7544 -0.457623 -0.074053 -0.886057 46.4642 
-0.896777 0.0378081 0.440865 165.004 0.000826977 0.996484 -0.0837753 -12.9038 -0.442482 -0.0747631 -0.893655 45.315 
-0.903854 0.0356297 0.426354 165.592 9.6209e-06 0.996528 -0.0832579 -13.0204 -0.42784 -0.0752489 -0.900716 44.1492 
-0.910423 0.0327369 0.412381 166.16 -0.00137587 0.996619 -0.0821542 -13.1452 -0.413676 -0.0753625 -0.9073 42.9702 
-0.916391 0.027821 0.399317 166.703 -0.00390166 0.996913 -0.0784102 -13.2604 -0.400266 -0.0734124 -0.913454 41.7958 
-0.921561 0.0246484 0.38745 167.224 -0.00495327 0.997155 -0.0752174 -13.3666 -0.388202 -0.0712365 -0.918817 40.6107 
-0.926186 0.0246552 0.37626 167.735 -0.00266079 0.997408 -0.0719067 -13.4737 -0.377058 -0.0676001 -0.923719 39.4239 
-0.929356 0.0290359 0.368041 168.216 0.00199769 0.997283 -0.0736344 -13.5775 -0.369179 -0.0676973 -0.926889 38.2265 
-0.931651 0.0341952 0.36174 168.69 0.00736838 0.997135 -0.0752819 -13.6802 -0.363278 -0.067471 -0.929234 37.0292 
-0.933595 0.0374946 0.356362 169.158 0.0103047 0.996908 -0.0778934 -13.781 -0.358181 -0.0690487 -0.931095 35.8365 
-0.93541 0.0347977 0.351848 169.622 0.00826724 0.997026 -0.0766266 -13.8901 -0.353468 -0.0687684 -0.932915 34.6422 
-0.937326 0.0274358 0.347372 170.094 0.00201182 0.997305 -0.0733396 -13.9921 -0.348448 -0.0680442 -0.934855 33.4423 
-0.939253 0.0212469 0.342567 170.563 -0.00357745 0.997422 -0.0716715 -14.0955 -0.343206 -0.0685432 -0.936756 32.2369 
-0.940968 0.0147828 0.338171 171.025 -0.0106236 0.997264 -0.0731548 -14.1971 -0.338327 -0.072429 -0.938237 31.0352 
-0.942324 0.0125438 0.334466 171.481 -0.0137182 0.99701 -0.0760415 -14.2997 -0.33442 -0.076244 -0.939335 29.827 
-0.943082 0.0129549 0.332308 171.925 -0.0139805 0.996813 -0.0785366 -14.4044 -0.332267 -0.0787123 -0.939895 28.6253 
-0.943401 0.0135785 0.331377 172.369 -0.0140674 0.996624 -0.0808863 -14.5102 -0.331357 -0.0809698 -0.940025 27.4247 
-0.943254 0.0162734 0.331672 172.808 -0.0118338 0.996517 -0.0825484 -14.6249 -0.33186 -0.0817891 -0.939776 26.2179 
-0.942887 0.0171605 0.332669 173.25 -0.0115704 0.996382 -0.0841917 -14.7405 -0.332911 -0.0832324 -0.939278 25.0153 
-0.942393 0.0181388 0.334015 173.697 -0.011348 0.99622 -0.0861176 -14.8592 -0.334315 -0.084947 -0.938625 23.7978 
-0.941649 0.0193915 0.336037 174.14 -0.010117 0.996257 -0.0858404 -14.9762 -0.336444 -0.0842312 -0.937929 22.5941 
-0.940781 0.0189867 0.338483 174.588 -0.0109939 0.996197 -0.0864368 -15.0952 -0.338837 -0.0850393 -0.936994 21.4 
-0.939402 0.0177511 0.342357 175.041 -0.0127319 0.996163 -0.0865863 -15.2137 -0.34258 -0.0856982 -0.935572 20.2087 
-0.937674 0.0161559 0.34714 175.499 -0.0141906 0.996305 -0.0846986 -15.3268 -0.347226 -0.0843458 -0.933981 19.0209 
-0.935705 0.0137126 0.352516 175.968 -0.0163697 0.99648 -0.0822133 -15.4399 -0.352403 -0.082698 -0.932187 17.8472 
-0.933031 0.0115967 0.359608 176.439 -0.0182773 0.996662 -0.0795627 -15.5511 -0.35933 -0.0808072 -0.929705 16.6668 
-0.930323 0.0137373 0.366482 176.92 -0.0167505 0.996664 -0.0798807 -15.6598 -0.366357 -0.0804537 -0.926989 15.4944 
-0.927131 0.0135875 0.37449 177.405 -0.0178135 0.996615 -0.0802609 -15.7681 -0.374313 -0.0810834 -0.92375 14.354 
-0.923117 0.0169179 0.384146 177.897 -0.0161 0.996455 -0.0825732 -15.8778 -0.384182 -0.0824095 -0.919572 13.197 
-0.918685 0.018131 0.394575 178.405 -0.015546 0.996512 -0.081986 -15.987 -0.394685 -0.0814533 -0.915199 12.0454 
-0.913432 0.0201778 0.40649 178.931 -0.0149983 0.996423 -0.0831646 -16.1034 -0.406714 -0.0820619 -0.909862 10.8929 
-0.907386 0.0225163 0.419695 179.475 -0.0142759 0.996337 -0.0843174 -16.2198 -0.420056 -0.0824999 -0.90374 9.73637 
-0.901012 0.0251563 0.433064 180.041 -0.0125007 0.996397 -0.0838882 -16.341 -0.433614 -0.0809979 -0.897451 8.57779 
-0.894517 0.024277 0.446375 180.619 -0.0134847 0.996604 -0.0812252 -16.4579 -0.446831 -0.0786766 -0.891152 7.44338 
-0.887637 0.0270464 0.459748 181.213 -0.0119686 0.996582 -0.0817356 -16.5705 -0.460388 -0.0780541 -0.88428 6.31436 
-0.880552 0.0290386 0.47306 181.821 -0.0104544 0.996688 -0.0806412 -16.685 -0.473835 -0.0759543 -0.877332 5.20307 
-0.872855 0.0305723 0.487021 182.445 -0.00902256 0.996854 -0.0787473 -16.7956 -0.487896 -0.0731291 -0.869833 4.09656 
-0.864904 0.0320181 0.500915 183.081 -0.00706401 0.997088 -0.0759302 -16.9071 -0.501887 -0.0692108 -0.862159 3.01486 
-0.85658 0.0345134 0.514859 183.728 -0.00437252 0.997239 -0.0741242 -17.0181 -0.515996 -0.0657445 -0.854064 1.95235 
-0.847094 0.0376216 0.53011 184.393 -0.00124116 0.997348 -0.0727647 -17.1231 -0.531441 -0.0622965 -0.844801 0.896279 
-0.836428 0.0400062 0.546615 185.077 0.0010833 0.997451 -0.0713448 -17.229 -0.548076 -0.0590826 -0.834339 -0.141003 
-0.825137 0.0431073 0.563285 185.778 0.00409258 0.997514 -0.0703432 -17.3305 -0.564918 -0.0557375 -0.823263 -1.16186 
-0.813565 0.0448579 0.579741 186.501 0.0051018 0.997532 -0.0700254 -17.4278 -0.581452 -0.0540125 -0.811786 -2.16247 
-0.801621 0.0469645 0.595985 187.25 0.00628308 0.997516 -0.0701547 -17.5237 -0.5978 -0.0524929 -0.799925 -3.14848 
-0.788429 0.0492885 0.613148 188.01 0.00805666 0.997526 -0.0698274 -17.6222 -0.615073 -0.050114 -0.786876 -4.12113 
-0.774343 0.0500868 0.63078 188.79 0.00935664 0.99766 -0.0677325 -17.7173 -0.632697 -0.0465462 -0.773 -5.07169 
-0.758608 0.051798 0.649485 189.59 0.0112084 0.997725 -0.0664794 -17.8109 -0.651451 -0.0431521 -0.757463 -6.00395 
-0.741551 0.054401 0.668687 190.41 0.0122681 0.99764 -0.067558 -17.9051 -0.670785 -0.0418941 -0.740468 -6.90813 
-0.723879 0.0572743 0.687545 191.24 0.0129026 0.997498 -0.0695097 -18.0006 -0.689806 -0.0414455 -0.722807 -7.78264 
-0.706092 0.0577629 0.70576 192.092 0.0112152 0.997455 -0.0704163 -18.0911 -0.708031 -0.0418052 -0.704943 -8.61312 
-0.687146 0.0578375 0.724213 192.973 0.00926094 0.997442 -0.0708714 -18.182 -0.72646 -0.0419921 -0.685924 -9.4268 
-0.666824 0.0572256 0.743015 193.863 0.00715225 0.997493 -0.0704062 -18.2805 -0.745181 -0.0416343 -0.665561 -10.215 
-0.646074 0.0579585 0.761071 194.766 0.0051762 0.997423 -0.0715635 -18.3721 -0.763257 -0.0422958 -0.644709 -10.9713 
-0.625108 0.0576755 0.778404 195.7 0.00188016 0.997375 -0.0723903 -18.4633 -0.780536 -0.0437882 -0.623576 -11.7021 
-0.603749 0.0581923 0.795047 196.652 -0.000165864 0.997323 -0.0731236 -18.5483 -0.797174 -0.0442802 -0.602123 -12.4068 
-0.580744 0.0581914 0.812003 197.615 -0.000867083 0.997397 -0.0720976 -18.6414 -0.814085 -0.0425743 -0.579182 -13.0846 
-0.5564 0.0590828 0.828811 198.596 -0.00151082 0.997395 -0.0721148 -18.7342 -0.830913 -0.0413768 -0.554861 -13.7315 
-0.530613 0.0623312 0.845319 199.593 -0.000357778 0.997276 -0.0737606 -18.8283 -0.847614 -0.0394408 -0.529145 -14.3518 
-0.503222 0.06315 0.861847 200.613 -0.00108928 0.997279 -0.0737096 -18.9197 -0.864157 -0.0380311 -0.501784 -14.9464 
-0.475676 0.0619436 0.877437 201.654 -0.00284549 0.997404 -0.0719555 -19.0175 -0.879616 -0.0367242 -0.474264 -15.5011 
-0.44714 0.060023 0.892448 202.704 -0.00458987 0.997579 -0.0693935 -19.1106 -0.894452 -0.0351248 -0.445782 -16.0214 
-0.417527 0.0615981 0.906574 203.767 -0.0054879 0.99751 -0.0703044 -19.1946 -0.908648 -0.0343292 -0.41615 -16.4988 
-0.386176 0.0642984 0.920181 204.849 -0.00630226 0.99736 -0.0723364 -19.2832 -0.922403 -0.0337338 -0.384752 -16.9456 
-0.354108 0.0658802 0.932881 205.921 -0.00511998 0.997364 -0.0723776 -19.3779 -0.935191 -0.0304058 -0.352837 -17.3503 
-0.322545 0.0663413 0.944226 206.996 -0.00470164 0.997416 -0.0716845 -19.4682 -0.946542 -0.0275609 -0.3214 -17.7064 
-0.289967 0.0665585 0.954719 208.106 -0.00528617 0.997452 -0.0711433 -19.5564 -0.957022 -0.025676 -0.288876 -18.0307 
-0.256094 0.0654207 0.964435 209.233 -0.00488656 0.997607 -0.0689685 -19.651 -0.966639 -0.0223752 -0.255162 -18.3238 
-0.221073 0.0635537 0.973184 210.383 -0.00532753 0.997781 -0.0663703 -19.743 -0.975243 -0.0198573 -0.220243 -18.5859 
-0.18612 0.0622076 0.980556 211.531 -0.00500235 0.997921 -0.0642589 -19.8341 -0.982514 -0.0168649 -0.185421 -18.8007 
-0.150597 0.0616335 0.986672 212.678 -0.004502 0.998001 -0.0630285 -19.9218 -0.988585 -0.0139339 -0.150019 -18.9759 
-0.115048 0.0612709 0.991468 213.829 -0.00488996 0.998049 -0.0622451 -20.0037 -0.993348 -0.0120094 -0.114524 -19.1058 
-0.0791899 0.0612681 0.994975 214.979 -0.00483569 0.998074 -0.0618439 -20.0864 -0.996848 -0.00970879 -0.0787411 -19.1966 
-0.0438789 0.0618162 0.997122 216.134 -0.0063288 0.998047 -0.0621521 -20.1699 -0.999017 -0.00903776 -0.043402 -19.2403 
-0.00939964 0.0612255 0.99808 217.294 -0.0074018 0.998092 -0.0612961 -20.2519 -0.999928 -0.00796375 -0.00892852 -19.2472 
0.0240365 0.0608754 0.997856 218.454 -0.00958107 0.998112 -0.0606603 -20.329 -0.999665 -0.00810246 0.0245744 -19.2088 
0.0572417 0.0612455 0.99648 219.594 -0.0110075 0.998095 -0.0607125 -20.4126 -0.9983 -0.00749346 0.0578068 -19.137 
0.0900664 0.0616451 0.994026 220.754 -0.01125 0.998082 -0.0608774 -20.4873 -0.995872 -0.00569975 0.0905872 -19.0264 
0.122413 0.0598898 0.990671 221.913 -0.010629 0.998199 -0.0590316 -20.5609 -0.992422 -0.00330357 0.122829 -18.8816 
0.153799 0.0588324 0.986349 223.068 -0.00970539 0.998268 -0.0580301 -20.6383 -0.988054 -0.00064796 0.154103 -18.7016 
0.184193 0.0588105 0.981129 224.223 -0.0086752 0.998267 -0.0582093 -20.7156 -0.982852 0.00221022 0.184383 -18.4821 
0.214323 0.0584736 0.975011 225.37 -0.00709883 0.998273 -0.0583083 -20.7908 -0.976737 0.00557539 0.214368 -18.2262 
0.244447 0.0576154 0.967949 226.5 -0.00481038 0.998293 -0.0582068 -20.8658 -0.969651 0.00957228 0.244307 -17.9373 
0.27475 0.0560039 0.959883 227.635 -0.00260042 0.998342 -0.0575035 -20.942 -0.961512 0.013303 0.27444 -17.6146 
0.305088 0.054697 0.950752 228.766 -0.000957656 0.998366 -0.0571291 -21.0172 -0.952324 0.0165189 0.304642 -17.256 
0.334608 0.0538124 0.94082 229.877 0.00174608 0.998331 -0.057723 -21.0963 -0.942356 0.0209573 0.333956 -16.8602 
0.363398 0.0531501 0.930117 230.977 0.00218806 0.99832 -0.0579024 -21.1733 -0.931631 0.0230767 0.362671 -16.432 
0.391699 0.0512972 0.918662 232.073 0.00276281 0.998374 -0.0569264 -21.2508 -0.920089 0.0248361 0.39092 -15.9673 
0.419869 0.0502406 0.906193 233.16 0.00294692 0.998386 -0.0567174 -21.3257 -0.90758 0.0264843 0.419043 -15.4666 
0.448046 0.0509864 0.892555 234.212 0.004425 0.998234 -0.0592445 -21.404 -0.894 0.0304938 0.447029 -14.9355 
0.476185 0.0521185 0.877799 235.245 0.00534201 0.998052 -0.0621564 -21.4836 -0.879329 0.0342872 0.474979 -14.3811 
0.503382 0.0503561 0.862595 236.276 0.00653118 0.99805 -0.0620751 -21.5671 -0.864039 0.0368813 0.502072 -13.7822 
0.529861 0.0476511 0.846745 237.289 0.00731048 0.998126 -0.0607449 -21.6498 -0.848053 0.0383764 0.52852 -13.1497 
0.554905 0.0458418 0.83065 238.287 0.00660408 0.998206 -0.0595007 -21.7301 -0.831888 0.0385029 0.553607 -12.4811 
0.577834 0.0459672 0.814859 239.259 0.00501121 0.998194 -0.059863 -21.8148 -0.816139 0.0386743 0.57656 -11.785 
0.598492 0.0460786 0.799802 240.218 0.00371924 0.998174 -0.0602906 -21.8926 -0.80112 0.0390581 0.597228 -11.0547 
0.61778 0.0447493 0.785077 241.17 0.00295211 0.99824 -0.0592228 -21.9721 -0.786345 0.0389042 0.616561 -10.2924 
0.635837 0.042094 0.770674 242.111 0.00290355 0.998374 -0.0569265 -22.0533 -0.771817 0.0384337 0.634681 -9.50439 
0.653095 0.0385333 0.756295 243.039 0.00458267 0.998485 -0.0548304 -22.1327 -0.757262 0.0392753 0.651929 -8.70361 
0.669291 0.0359833 0.742128 243.954 0.00548467 0.99856 -0.0533633 -22.208 -0.74298 0.0397859 0.66813 -7.87518 
0.68454 0.0334485 0.728207 244.84 0.00748551 0.998571 -0.0529039 -22.2845 -0.728937 0.0416658 0.683312 -7.03135 
0.699455 0.0328805 0.71392 245.712 0.00722507 0.998565 -0.053069 -22.3609 -0.71464 0.0422775 0.698214 -6.16557 
0.714063 0.0315068 0.699372 246.56 0.00782329 0.998565 -0.0529732 -22.4317 -0.700037 0.0432976 0.712792 -5.28082 
0.72822 0.0293529 0.684715 247.396 0.00728594 0.998694 -0.0505618 -22.5025 -0.685305 0.0418088 0.727055 -4.37354 
0.742299 0.0264211 0.669547 248.212 0.00799982 0.998802 -0.048283 -22.5735 -0.670021 0.0411967 0.741198 -3.45366 
0.755988 0.0245492 0.654125 249.015 0.00854154 0.998841 -0.0473582 -22.6446 -0.654529 0.0413894 0.754903 -2.51068 
0.769036 0.0238352 0.638761 249.79 0.00979125 0.998748 -0.0490565 -22.7137 -0.63913 0.0439804 0.76784 -1.5453 
0.781115 0.0230064 0.623964 250.558 0.0102864 0.998711 -0.0497012 -22.7815 -0.624303 0.0452407 0.779871 -0.561952 
0.792532 0.022317 0.609421 251.315 0.00973153 0.99874 -0.0492295 -22.8521 -0.609752 0.0449465 0.791317 0.443738 
0.803447 0.019939 0.595042 252.064 0.0102112 0.99883 -0.0472571 -22.9182 -0.595288 0.0440446 0.802304 1.46908 
0.813796 0.0173627 0.580891 252.791 0.0116692 0.998864 -0.046204 -22.9875 -0.581033 0.0443791 0.812669 2.50591 
0.823335 0.0167659 0.567308 253.501 0.0118334 0.998839 -0.0466932 -23.0547 -0.567432 0.0451573 0.822181 3.56336 
0.83214 0.0139238 0.554391 254.2 0.0158206 0.998682 -0.0488292 -23.1216 -0.55434 0.0494035 0.830823 4.63277 
0.840272 0.011391 0.542046 254.887 0.0172614 0.99871 -0.0477462 -23.1893 -0.541891 0.0494762 0.838991 5.71349 
0.847638 0.00832239 0.530509 255.56 0.0197214 0.998692 -0.0471778 -23.259 -0.530208 0.050452 0.846365 6.80751 
0.854271 0.00703509 0.51978 256.221 0.0207532 0.99865 -0.047625 -23.3238 -0.519413 0.0514717 0.852971 7.91307 
0.859372 0.00598045 0.511316 256.875 0.0210784 0.998667 -0.0471073 -23.3902 -0.510917 0.0512603 0.8581 9.04235 
0.863086 0.00551959 0.505026 257.517 0.0202576 0.998757 -0.0455361 -23.4589 -0.50465 0.0495321 0.861902 10.1747 
0.865846 0.00453211 0.500291 258.164 0.0203624 0.998811 -0.0442893 -23.5253 -0.499897 0.0485348 0.864724 11.3228 
0.868352 0.00326364 0.495937 258.803 0.0211987 0.99882 -0.0436906 -23.5961 -0.495495 0.048452 0.867258 12.4648 
0.870671 0.00175502 0.491863 259.439 0.0223257 0.998822 -0.0430839 -23.662 -0.491359 0.048493 0.869606 13.616 
0.872691 -0.000247002 0.488273 260.074 0.0232635 0.998885 -0.0410739 -23.7283 -0.487718 0.0472037 0.871724 14.786 
0.874743 -0.00230786 0.484581 260.706 0.024872 0.998884 -0.0401408 -23.7988 -0.483948 0.0471653 0.873825 15.948 
0.876931 -0.00305147 0.480606 261.333 0.0256969 0.998847 -0.0405457 -23.8616 -0.479929 0.0479058 0.875998 17.1189 
0.87909 -0.00422022 0.476636 261.96 0.0264368 0.998853 -0.0399153 -23.9245 -0.475921 0.0476899 0.878194 18.2908 
0.881074 -0.00415917 0.47296 262.574 0.0259541 0.99888 -0.0395658 -23.9908 -0.472266 0.0471356 0.880195 19.4719 
0.882982 -0.00459733 0.469385 263.19 0.026023 0.998894 -0.0391698 -24.0534 -0.468685 0.0468009 0.882124 20.6603 
0.885034 -0.00403381 0.465509 263.805 0.0251683 0.998914 -0.0391947 -24.1141 -0.464846 0.0464047 0.884175 21.8462 
0.886326 -0.00350293 0.463048 264.439 0.024307 0.998945 -0.0389696 -24.1839 -0.462423 0.045795 0.885476 23.0613 
