1 2.12261e-08 -2.11895e-08 0 2.12261e-08 1 2.10703e-08 0 -2.11895e-08 2.10703e-08 1 0 
1 -0.000528838 8.1372e-05 -0.030535 0.000528747 0.999999 0.00162386 -0.0192872 -8.22731e-05 -0.00162378 0.999999 1.35418 
0.999999 -0.00145356 -8.48769e-05 -0.0606714 0.00145373 0.999998 0.00147037 -0.0326574 8.2697e-05 -0.00147045 0.999999 2.70566 
0.999996 -0.00292952 -0.000147289 -0.0810953 0.00292961 0.999996 0.000317283 -0.0499562 0.000146316 -0.000317671 1 4.05849 
0.999995 -0.00308209 -1.38709e-05 -0.105169 0.00308213 0.999995 0.000246247 -0.0648494 1.30696e-05 -0.000246247 1 5.40319 
0.999994 -0.00356508 0.000271095 -0.13717 0.00356485 0.999993 0.000973229 -0.0821317 -0.000274605 -0.000972214 1 6.77077 
0.999988 -0.00482318 0.000719075 -0.159049 0.00482168 0.999986 0.00213194 -0.0998397 -0.00072939 -0.00212841 0.999998 8.12448 
0.999991 -0.00425107 0.000374458 -0.177365 0.00425017 0.999988 0.00247558 -0.116441 -0.000385019 -0.00247393 0.999997 9.47695 
0.999994 -0.00338351 0.000118048 -0.204197 0.00338349 0.999994 0.000534607 -0.134165 -0.000119899 -0.000534163 1 10.8343 
1 -0.000302025 0.000314298 -0.232272 0.000302642 0.999998 -0.00183003 -0.155368 -0.000313787 0.00183016 0.999998 12.1887 
0.999995 0.00316644 0.000814913 -0.264702 -0.00316408 0.999991 -0.00282497 -0.176892 -0.000823893 0.00282242 0.999996 13.5516 
0.999983 0.00572893 0.000926436 -0.289408 -0.00572602 0.999979 -0.00306442 -0.199409 -0.000944015 0.00305911 0.999995 14.9113 
0.999976 0.00684059 0.00137158 -0.315307 -0.00683734 0.999974 -0.00233243 -0.221838 -0.00138755 0.00232304 0.999996 16.2779 
0.999988 0.0044783 0.00204505 -0.337272 -0.00447911 0.99999 0.000411496 -0.242365 -0.00204323 -0.000420609 0.999998 17.6503 
0.999997 0.000600981 0.00228634 -0.360703 -0.000605841 0.999998 0.00214438 -0.263069 -0.00228509 -0.00214572 0.999995 19.0056 
0.999996 -0.00169771 0.00216611 -0.379755 0.00169801 0.999999 -0.000117581 -0.285256 -0.00216595 0.000121301 0.999998 20.3699 
0.999994 -0.00260156 0.00225183 -0.40349 0.00260656 0.999994 -0.00219996 -0.304945 -0.00224613 0.00220585 0.999995 21.7344 
0.999995 -0.000281407 0.0031533 -0.43136 0.000293577 0.999993 -0.00384617 -0.330999 -0.00315224 0.00384712 0.999988 23.1021 
0.999988 0.00290603 0.00406521 -0.452022 -0.00289721 0.999994 -0.00216446 -0.34855 -0.00407151 0.0021527 0.999989 24.491 
0.999985 0.00327652 0.0044655 -0.468836 -0.00328255 0.999994 0.00135527 -0.371275 -0.00446107 -0.00136987 0.999989 25.8821 
0.999987 0.00109137 0.00506448 -0.485928 -0.00110775 0.999994 0.00324238 -0.388849 -0.00506096 -0.0032479 0.999982 27.2567 
0.999985 -0.00288476 0.00459719 -0.497745 0.00287787 0.999995 0.00151419 -0.40668 -0.00460158 -0.0015009 0.999988 28.637 
0.999985 -0.0033111 0.00442086 -0.513078 0.00331429 0.999994 -0.000703625 -0.431168 -0.00441854 0.000718308 0.99999 30.0189 
0.99998 -0.00346524 0.00521698 -0.528694 0.00348171 0.999989 -0.00314238 -0.456543 -0.00520608 0.00316052 0.999981 31.4118 
0.999983 -0.000180116 0.00591315 -0.553302 0.000203436 0.999992 -0.00393617 -0.485188 -0.00591244 0.00393735 0.999975 32.7942 
0.99998 0.000564149 0.0062562 -0.573624 -0.0005265 0.999982 -0.00601098 -0.51254 -0.00625952 0.00600761 0.999962 34.1864 
0.999978 0.00158588 0.00638479 -0.588052 -0.00155049 0.999984 -0.00553793 -0.539402 -0.00639351 0.00552795 0.999964 35.597 
0.999979 0.00164414 0.00630228 -0.606503 -0.00161699 0.999989 -0.00430394 -0.569276 -0.00630933 0.0042937 0.999971 36.995 
0.999979 0.00266263 0.00599567 -0.62429 -0.00264578 0.999993 -0.00280905 -0.59763 -0.00600314 0.00279317 0.999978 38.4002 
0.999965 0.00557456 0.00619476 -0.646524 -0.00555808 0.999981 -0.00266779 -0.623874 -0.00620956 0.0026333 0.999977 39.8058 
0.999944 0.00828731 0.00663025 -0.669563 -0.00826545 0.99996 -0.00331216 -0.644948 -0.00665748 0.00325722 0.999973 41.2282 
0.999924 0.010348 0.00672657 -0.687008 -0.0103285 0.999942 -0.00291341 -0.671183 -0.00675637 0.00284376 0.999973 42.6487 
0.999919 0.010988 0.00643683 -0.703141 -0.0109694 0.999936 -0.00289956 -0.695341 -0.00646832 0.00282876 0.999975 44.0815 
0.999929 0.0102168 0.00620669 -0.729664 -0.0101974 0.999943 -0.00313922 -0.71796 -0.00623846 0.00307575 0.999976 45.5162 
0.999942 0.00919637 0.00554347 -0.743111 -0.00917641 0.999951 -0.00360914 -0.743971 -0.00557643 0.0035581 0.999978 46.9479 
0.999949 0.00869299 0.00505509 -0.770192 -0.00867563 0.999957 -0.00343673 -0.769498 -0.00508479 0.00339274 0.999981 48.3617 
0.999949 0.00923072 0.00410505 -0.791005 -0.00922119 0.999955 -0.00232358 -0.795336 -0.00412636 0.00228565 0.999989 49.7944 
0.999952 0.00927806 0.00309415 -0.813846 -0.00927009 0.999954 -0.00256724 -0.826195 -0.00311787 0.00253847 0.999992 51.2188 
0.999952 0.00962176 0.00199478 -0.83518 -0.00961743 0.999951 -0.00214965 -0.853158 -0.00201541 0.0021304 0.999996 52.6483 
0.999956 0.00933565 0.00109798 -0.864482 -0.00933423 0.999956 -0.00125111 -0.880089 -0.00110965 0.00124085 0.999999 54.1105 
0.999967 0.00810707 0.000638417 -0.893922 -0.00810681 0.999967 -0.000347846 -0.906895 -0.000641259 0.000342701 1 55.5658 
0.999976 0.00697265 0.000222986 -0.916358 -0.00697253 0.999976 -0.000378021 -0.929708 -0.000225659 0.000376499 1 57.0089 
0.99999 0.00455071 -0.0001282 -0.938985 -0.00455079 0.999989 -0.000973181 -0.956291 0.000123727 0.000973797 1 58.4437 
0.999993 0.00375204 -0.000245354 -0.958972 -0.00375219 0.999993 -0.000795899 -0.980252 0.000242323 0.000796856 1 59.8866 
0.999998 0.00220224 0.000216352 -0.984978 -0.00220219 0.999998 -4.20867e-05 -1.008 -0.000216487 4.16523e-05 1 61.3241 
0.999999 0.0011352 0.000691486 -1.00795 -0.00113551 0.999999 0.00049644 -1.0317 -0.000690964 -0.000497183 1 62.7866 
0.999999 -0.000291258 0.00131637 -1.03351 0.000291364 1 -4.75376e-05 -1.05773 -0.0013164 4.79632e-05 0.999999 64.2359 
0.999996 -0.00208244 0.00170011 -1.05033 0.00208385 0.999998 -0.000800455 -1.08653 -0.00169848 0.000804037 0.999998 65.6641 
0.999997 -0.00127842 0.00229796 -1.0733 0.00128118 0.999999 -0.00118047 -1.11468 -0.00229649 0.00118346 0.999997 67.0995 
0.999995 -6.51193e-05 0.00321425 -1.09701 6.94783e-05 0.999999 -0.00134282 -1.14482 -0.0032142 0.00134308 0.999994 68.5291 
0.999986 0.00358176 0.00378264 -1.12349 -0.00358128 0.999994 -0.00012153 -1.17141 -0.0037831 0.000108024 0.999993 69.9571 
0.999967 0.00659839 0.00483991 -1.1526 -0.00660415 0.999978 0.00118507 -1.19929 -0.00483203 -0.00121695 0.999988 71.3747 
0.999926 0.0107558 0.00571214 -1.17747 -0.0107648 0.999941 0.00154892 -1.22309 -0.00569518 -0.00161025 0.999983 72.7969 
0.999861 0.0153074 0.0065954 -1.2075 -0.0153141 0.999882 0.000967509 -1.24688 -0.00657986 -0.00106834 0.999978 74.1928 
0.999811 0.0180601 0.0071515 -1.23355 -0.0180639 0.999837 0.00046608 -1.27468 -0.00714195 -0.000595134 0.999974 75.604 
0.999771 0.0198776 0.00791501 -1.25205 -0.0198812 0.999802 0.000374613 -1.29951 -0.00790604 -0.000531846 0.999969 77.02 
0.99977 0.0197379 0.0083345 -1.30049 -0.0197434 0.999805 0.000576409 -1.31675 -0.00832154 -0.000740786 0.999965 78.5147 
0.999784 0.0189448 0.00852069 -1.31019 -0.0189468 0.999821 0.000153026 -1.34027 -0.0085163 -0.000314391 0.999964 79.9226 
0.999806 0.0177665 0.00850907 -1.32608 -0.0177613 0.999842 -0.000678596 -1.3684 -0.00851982 0.000527374 0.999964 81.3282 
0.999811 0.0176065 0.00824486 -1.34055 -0.0175999 0.999845 -0.000874666 -1.39169 -0.00825902 0.000729434 0.999966 82.739 
0.999817 0.0173449 0.00802649 -1.35365 -0.0173404 0.999849 -0.000623545 -1.42141 -0.00803614 0.000484291 0.999968 84.1252 
0.999826 0.0170467 0.00761374 -1.37471 -0.0170383 0.999854 -0.00115457 -1.44368 -0.00763236 0.00102469 0.99997 85.5399 
0.999828 0.0171501 0.0070121 -1.3927 -0.0171445 0.999853 -0.000857807 -1.46784 -0.00702582 0.000737483 0.999975 86.9387 
0.999849 0.016277 0.00603152 -1.41186 -0.0162772 0.999868 -6.80636e-06 -1.49488 -0.00603088 -9.13293e-05 0.999982 88.3504 
0.99989 0.0139098 0.00516685 -1.42879 -0.0139156 0.999903 0.00109771 -1.51926 -0.00515112 -0.00116945 0.999986 89.7437 
0.999924 0.0117305 0.00379273 -1.44179 -0.0117359 0.99993 0.00141407 -1.54019 -0.00377592 -0.00145843 0.999992 91.1385 
0.999948 0.00973425 0.00309624 -1.46396 -0.0097386 0.999952 0.00140741 -1.56279 -0.00308243 -0.00143745 0.999994 92.5338 
0.999965 0.00795849 0.00252814 -1.47928 -0.00796082 0.999968 0.000928226 -1.58155 -0.00252072 -0.000948277 0.999996 93.9384 
0.999973 0.00690943 0.00243806 -1.49804 -0.00691059 0.999976 0.000482082 -1.606 -0.00243471 -0.000498875 0.999997 95.3062 
0.999971 0.00728757 0.00227677 -1.52087 -0.00728711 0.999973 -0.000192594 -1.63033 -0.00227815 0.00017604 0.999997 96.6705 
0.999971 0.00731924 0.00228989 -1.54227 -0.00731734 0.999973 -0.000817048 -1.65518 -0.00229585 0.00080031 0.999997 98.037 
0.999963 0.00822723 0.00253927 -1.56906 -0.00822324 0.999965 -0.00156151 -1.68144 -0.00255207 0.00154061 0.999996 99.4085 
0.999949 0.00966666 0.0031008 -1.59961 -0.00966261 0.999953 -0.00130543 -1.7086 -0.00311331 0.00127544 0.999994 100.773 
0.999943 0.0101958 0.00332971 -1.62121 -0.0101964 0.999948 0.000181286 -1.73397 -0.00332773 -0.000215184 0.999994 102.143 
0.999933 0.0110667 0.00336154 -1.64172 -0.0110721 0.999937 0.00160945 -1.76294 -0.00334356 -0.00164652 0.999993 103.513 
0.999938 0.0105092 0.00363129 -1.66422 -0.0105094 0.999945 3.68949e-05 -1.78534 -0.00363075 -7.50134e-05 0.999993 104.881 
0.999935 0.0105926 0.00420692 -1.69585 -0.0105825 0.999941 -0.00239291 -1.80906 -0.00423206 0.00234828 0.999988 106.24 
0.999942 0.00997718 0.00403472 -1.71801 -0.00996244 0.999944 -0.00364652 -1.83492 -0.00407092 0.00360616 0.999985 107.591 
0.99996 0.00790728 0.00426461 -1.73511 -0.00789669 0.999966 -0.00248455 -1.86089 -0.00428415 0.00245082 0.999988 108.935 
0.999973 0.00548599 0.00495619 -1.75541 -0.00548223 0.999985 -0.00076337 -1.8836 -0.00496035 0.00073622 0.999987 110.294 
0.999973 0.00416297 0.00612688 -1.77026 -0.00416091 0.999991 -0.000341076 -1.90662 -0.00612828 0.000315615 0.999981 111.652 
0.99997 0.00342086 0.00688821 -1.78147 -0.0034086 0.999993 -0.00178376 -1.93246 -0.0068943 0.00176027 0.999975 112.991 
0.999954 0.00570672 0.00770891 -1.79773 -0.00567255 0.999974 -0.00444259 -1.95521 -0.0077341 0.0043987 0.99996 114.344 
0.999928 0.00791007 0.00904589 -1.81293 -0.00785025 0.999947 -0.00662505 -1.98352 -0.00909786 0.0065536 0.999937 115.684 
0.999881 0.0112646 0.0105475 -1.83054 -0.0111933 0.999914 -0.00678771 -2.01192 -0.0106231 0.00666888 0.999921 117.029 
0.999849 0.0122756 0.0123209 -1.84529 -0.012216 0.999913 -0.00490084 -2.04085 -0.01238 0.00474963 0.999912 118.387 
0.99983 0.0124532 0.0135942 -1.85206 -0.0124155 0.999919 -0.00285382 -2.06802 -0.0136287 0.0026846 0.999904 119.746 
0.999827 0.0117853 0.0144012 -1.85699 -0.0117518 0.999928 -0.00240444 -2.09158 -0.0144285 0.00223482 0.999893 121.105 
0.999801 0.0124065 0.0156284 -1.86307 -0.0123591 0.999919 -0.00312414 -2.11548 -0.0156659 0.0029304 0.999873 122.457 
0.999754 0.0142478 0.0169757 -1.86954 -0.0141854 0.999892 -0.00378913 -2.14207 -0.0170279 0.00354743 0.999849 123.799 
0.999701 0.0162451 0.0182567 -1.87316 -0.0161725 0.999861 -0.00411695 -2.16878 -0.0183211 0.00382051 0.999825 125.157 
0.999672 0.0167591 0.0193715 -1.87598 -0.0166629 0.999848 -0.00511566 -2.19738 -0.0194543 0.00479123 0.999799 126.492 
0.999627 0.0181258 0.0204523 -1.87841 -0.018004 0.999819 -0.0061194 -2.22369 -0.0205596 0.00574893 0.999772 127.857 
0.999617 0.0172761 0.0216297 -1.8736 -0.0171398 0.999832 -0.00646902 -2.25203 -0.0217379 0.00609585 0.999745 129.218 
0.999598 0.0168646 0.0228123 -1.87259 -0.016745 0.999845 -0.00542134 -2.27934 -0.0229003 0.00503721 0.999725 130.583 
0.999585 0.0158163 0.0240858 -1.87349 -0.015707 0.999866 -0.0047177 -2.3041 -0.0241572 0.00433746 0.999699 131.956 
0.999585 0.0149733 0.0245962 -1.8689 -0.0148682 0.99988 -0.00444907 -2.32949 -0.0246599 0.00408157 0.999688 133.317 
0.999607 0.0127661 0.024967 -1.86733 -0.0126643 0.999911 -0.00423107 -2.35815 -0.0250188 0.00391326 0.999679 134.686 
0.999625 0.0111173 0.0250129 -1.86142 -0.0110277 0.999932 -0.00371538 -2.38506 -0.0250525 0.0034382 0.99968 136.041 
0.99965 0.00965793 0.0246268 -1.8545 -0.00956325 0.999946 -0.00395752 -2.4122 -0.0246638 0.00372067 0.999689 137.404 
0.999683 0.0084161 0.0237172 -1.85049 -0.00831944 0.999957 -0.00416948 -2.43827 -0.0237513 0.00397089 0.99971 138.765 
0.999715 0.00703055 0.0228251 -1.84459 -0.00695731 0.99997 -0.0032849 -2.46406 -0.0228475 0.0031252 0.999734 140.128 
0.999746 0.00551503 0.0218417 -1.83826 -0.00544832 0.99998 -0.00311064 -2.49304 -0.0218584 0.00299089 0.999757 141.478 
0.999775 0.00511798 0.0205836 -1.83503 -0.00505604 0.999983 -0.0030579 -2.5219 -0.0205989 0.00295318 0.999784 142.826 
0.999797 0.0048076 0.0195673 -1.8355 -0.00473836 0.999982 -0.00358111 -2.55138 -0.0195842 0.0034877 0.999802 144.177 
0.999815 0.00491906 0.018597 -1.83488 -0.00484535 0.99998 -0.00400421 -2.57846 -0.0186163 0.0039134 0.999819 145.534 
0.999838 0.00262314 0.0178007 -1.83667 -0.00251051 0.999977 -0.00634436 -2.60666 -0.017817 0.00629869 0.999821 146.884 
0.999858 -0.00277345 0.0166057 -1.82747 0.00288334 0.999974 -0.00659491 -2.63941 -0.016587 0.00664189 0.99984 148.238 
0.999822 -0.0104493 0.0157269 -1.81874 0.0105162 0.999936 -0.00417631 -2.66913 -0.0156823 0.00434099 0.999868 149.584 
0.999756 -0.0171652 0.0139109 -1.80724 0.0172045 0.999848 -0.00270705 -2.69643 -0.0138624 0.00294576 0.9999 150.937 
0.999709 -0.0202534 0.0131418 -1.8052 0.0203354 0.999774 -0.00613373 -2.724 -0.0130146 0.00639923 0.999895 152.297 
0.999717 -0.0196134 0.0134818 -1.80831 0.0197403 0.999762 -0.00933958 -2.75553 -0.0132954 0.00960311 0.999866 153.657 
0.999762 -0.0163357 0.0144302 -1.81508 0.0165033 0.999797 -0.0115734 -2.79013 -0.0142383 0.0118089 0.999829 155.016 
0.999749 -0.0164037 0.0152418 -1.81901 0.0165837 0.999793 -0.0117554 -2.82565 -0.0150458 0.0120052 0.999815 156.374 
0.999679 -0.0197183 0.0159356 -1.81661 0.0198508 0.999769 -0.00819454 -2.86323 -0.0157703 0.00850829 0.999839 157.732 
0.999561 -0.024826 0.0161801 -1.80607 0.0249166 0.999675 -0.00542125 -2.89584 -0.0160403 0.00582207 0.999854 159.091 
0.999455 -0.028743 0.0162174 -1.79614 0.0288103 0.999577 -0.00392626 -2.92934 -0.0160977 0.00439139 0.999861 160.465 
0.99941 -0.0301508 0.0164386 -1.79636 0.0302225 0.999535 -0.00413141 -2.95793 -0.0163064 0.00462583 0.999856 161.823 
0.999448 -0.0282253 0.0175166 -1.79875 0.0282876 0.999594 -0.00331419 -2.98997 -0.017416 0.0038079 0.999841 163.178 
0.999528 -0.0243058 0.018768 -1.80336 0.0243898 0.999694 -0.0042557 -3.02014 -0.0186588 0.00471148 0.999815 164.532 
0.999589 -0.0207355 0.0198144 -1.80853 0.0208684 0.999761 -0.00652033 -3.05058 -0.0196745 0.00693118 0.999782 165.883 
0.999632 -0.0177681 0.0205076 -1.80591 0.0179167 0.999814 -0.00708055 -3.08161 -0.020378 0.00744542 0.999765 167.246 
0.999653 -0.0159323 0.020956 -1.79961 0.0160606 0.999853 -0.00596768 -3.11506 -0.0208579 0.00630222 0.999763 168.623 
0.999684 -0.0139598 0.0209173 -1.79556 0.0140953 0.999881 -0.00634594 -3.14769 -0.0208263 0.00663882 0.999761 169.997 
0.999718 -0.0118833 0.0205679 -1.7962 0.0120651 0.999889 -0.00873207 -3.18176 -0.0204619 0.0089778 0.99975 171.362 
0.999761 -0.00778437 0.0204289 -1.80299 0.00802313 0.9999 -0.0116297 -3.21821 -0.0203363 0.0117908 0.999724 172.724 
0.999788 -0.0024155 0.0204585 -1.80986 0.002683 0.999911 -0.0130554 -3.25465 -0.0204252 0.0131076 0.999706 174.1 
0.999782 0.00228123 0.020778 -1.81173 -0.00203259 0.999926 -0.0119774 -3.29325 -0.0208039 0.0119326 0.999712 175.481 
0.999755 0.00530257 0.0215015 -1.8145 -0.00508544 0.999936 -0.0101384 -3.33152 -0.0215539 0.0100266 0.999717 176.865 
0.999749 0.00606975 0.0215882 -1.80916 -0.00589564 0.99995 -0.00811792 -3.3651 -0.0216364 0.00798864 0.999734 178.267 
0.999775 0.00316203 0.020964 -1.80525 -0.00300925 0.999969 -0.00731333 -3.3958 -0.0209865 0.00724864 0.999754 179.65 
0.999812 0.000851455 0.0193637 -1.80011 -0.000712971 0.999974 -0.0071553 -3.43073 -0.0193694 0.0071402 0.999787 181.041 
0.999846 0.000745446 0.0175294 -1.79739 -0.000546574 0.999936 -0.0113447 -3.46638 -0.0175367 0.0113334 0.999782 182.438 
0.999865 0.00268466 0.0162372 -1.80087 -0.00243177 0.999876 -0.0155717 -3.50517 -0.016277 0.0155301 0.999747 183.839 
0.99985 0.00733144 0.01572 -1.8123 -0.00707729 0.999844 -0.0161594 -3.5495 -0.0158361 0.0160458 0.999746 185.24 
0.999817 0.0107358 0.0158144 -1.82185 -0.0104974 0.999831 -0.0150805 -3.59445 -0.0159737 0.0149118 0.999761 186.647 
0.999788 0.0127895 0.0161375 -1.8285 -0.0126011 0.999852 -0.0117193 -3.63328 -0.0162851 0.0115135 0.999801 188.06 
0.99978 0.0133441 0.0162126 -1.82925 -0.0131868 0.999865 -0.00976796 -3.6675 -0.0163408 0.00955206 0.999821 189.501 
0.999785 0.0127959 0.0163241 -1.83402 -0.0126492 0.999879 -0.00905229 -3.69583 -0.016438 0.0088439 0.999826 190.95 
0.999808 0.0109466 0.0162304 -1.83212 -0.0108091 0.999905 -0.00853422 -3.72493 -0.0163223 0.00835719 0.999832 192.405 
0.99983 0.00832339 0.0164691 -1.83413 -0.00819275 0.999935 -0.00798135 -3.75822 -0.0165345 0.00784511 0.999833 193.839 
0.999848 0.00531622 0.0165962 -1.83375 -0.00518468 0.999955 -0.00795629 -3.79142 -0.0166378 0.00786908 0.999831 195.276 
0.999853 0.0022373 0.0170157 -1.83079 -0.00211739 0.999973 -0.00705958 -3.82037 -0.0170311 0.00702255 0.99983 196.722 
0.999848 -0.00187301 0.0173593 -1.82261 0.00197189 0.999982 -0.0056784 -3.84703 -0.0173484 0.00571181 0.999833 198.184 
0.999834 -0.00451228 0.0176439 -1.81579 0.00461452 0.999973 -0.00575595 -3.87874 -0.0176175 0.00583645 0.999828 199.638 
0.999837 -0.00230788 0.0179171 -1.81675 0.00249117 0.999945 -0.0102124 -3.91312 -0.0178926 0.0102554 0.999787 201.073 
0.999819 0.00504703 0.0183533 -1.82643 -0.0047671 0.999872 -0.0152623 -3.95414 -0.0184281 0.015172 0.999715 202.502 
0.999707 0.0140766 0.0197052 -1.8383 -0.013774 0.999786 -0.0154078 -3.99332 -0.0199179 0.0151319 0.999687 203.931 
0.999548 0.0216815 0.0208125 -1.85161 -0.0214369 0.999699 -0.0119042 -4.03539 -0.0210644 0.0114527 0.999713 205.368 
0.999504 0.0226842 0.0218543 -1.85628 -0.0224724 0.999699 -0.00988853 -4.07028 -0.0220721 0.00939254 0.999712 206.835 
0.999559 0.0207089 0.0212786 -1.84603 -0.0205114 0.999745 -0.0094556 -4.10267 -0.021469 0.00901502 0.999729 208.292 
0.99964 0.0177009 0.0201572 -1.83987 -0.0175127 0.999802 -0.00947283 -4.13852 -0.0203209 0.00911646 0.999752 209.751 
0.999693 0.0155667 0.019295 -1.83863 -0.0153748 0.999831 -0.0100553 -4.17476 -0.0194483 0.0097556 0.999763 211.216 
0.999692 0.0162311 0.0187692 -1.83603 -0.0160347 0.999816 -0.0105677 -4.21323 -0.0189373 0.0102635 0.999768 212.69 
0.999669 0.0176168 0.0187351 -1.83749 -0.0174227 0.999793 -0.0104728 -4.25197 -0.0189158 0.010143 0.99977 214.16 
0.999642 0.0188928 0.0189266 -1.84353 -0.0187119 0.999778 -0.00969022 -4.28878 -0.0191055 0.00933264 0.999774 215.637 
0.999656 0.0182636 0.0188135 -1.84384 -0.0180734 0.999784 -0.0102277 -4.32777 -0.0189963 0.00988423 0.999771 217.108 
0.999662 0.0181766 0.0185917 -1.84419 -0.0179676 0.999774 -0.0113426 -4.36455 -0.0187937 0.0110048 0.999763 218.577 
0.999674 0.0176972 0.0184328 -1.84792 -0.0174849 0.99978 -0.0116134 -4.40482 -0.0186343 0.0112874 0.999763 220.054 
0.99967 0.01804 0.0183077 -1.85252 -0.0178258 0.999772 -0.0117951 -4.44327 -0.0185163 0.0114649 0.999763 221.547 
0.999661 0.0185702 0.0182621 -1.8557 -0.0183505 0.999758 -0.0121268 -4.48182 -0.018483 0.0117876 0.99976 223.05 
0.999665 0.018563 0.0180338 -1.85767 -0.0183419 0.999756 -0.012347 -4.5227 -0.0182587 0.0120121 0.999761 224.543 
0.999653 0.0196659 0.0175303 -1.85721 -0.0194436 0.99973 -0.0127652 -4.56375 -0.0177766 0.01242 0.999765 226.045 
0.999657 0.0196105 0.017354 -1.86118 -0.0193874 0.999729 -0.0129273 -4.60443 -0.0176028 0.0125865 0.999766 227.549 
0.999661 0.019724 0.0170046 -1.85898 -0.0195052 0.999726 -0.0129355 -4.64872 -0.0172551 0.0125995 0.999772 229.054 
0.999675 0.0190983 0.0169155 -1.86211 -0.0188798 0.999737 -0.0129862 -4.69059 -0.0171591 0.0126627 0.999773 230.556 
0.999695 0.0177528 0.0171592 -1.86476 -0.0175287 0.99976 -0.0131198 -4.73475 -0.017388 0.0128151 0.999767 232.066 
0.999711 0.016674 0.0173413 -1.86333 -0.0164509 0.999781 -0.0129287 -4.7761 -0.0175532 0.0126397 0.999766 233.585 
0.999724 0.0153992 0.017746 -1.86819 -0.0151842 0.999811 -0.012183 -4.81993 -0.0179303 0.0119102 0.999768 235.103 
0.999723 0.015405 0.0177784 -1.86861 -0.0151936 0.999813 -0.0119637 -4.86269 -0.0179595 0.0116903 0.99977 236.624 
0.999717 0.0155636 0.0179794 -1.86976 -0.0153461 0.999808 -0.0121683 -4.90926 -0.0181654 0.011889 0.999764 238.146 
0.9997 0.0162405 0.0183349 -1.86763 -0.0160081 0.999791 -0.0127495 -4.95394 -0.0185382 0.0124522 0.999751 239.659 
0.999666 0.0176212 0.0188923 -1.87198 -0.0173943 0.999776 -0.0121024 -4.99712 -0.0191013 0.0117697 0.999748 241.18 
0.999644 0.017765 0.0198887 -1.88064 -0.0175685 0.999796 -0.0100081 -5.04004 -0.0200624 0.00965519 0.999752 242.7 
0.99963 0.0177699 0.020592 -1.87966 -0.0175743 0.999799 -0.0096399 -5.07944 -0.0207592 0.00927448 0.999742 244.225 
0.999619 0.0179519 0.0209874 -1.87612 -0.017718 0.99978 -0.0112725 -5.12258 -0.0211852 0.0108964 0.999716 245.743 
0.999603 0.0182591 0.0214651 -1.87463 -0.0179928 0.99976 -0.0125338 -5.16454 -0.0216888 0.0121427 0.999691 247.271 
0.999575 0.0191569 0.0219626 -1.87611 -0.0188932 0.999748 -0.0121503 -5.2075 -0.0221898 0.0117303 0.999685 248.797 
0.999586 0.0186345 0.0219208 -1.87367 -0.0183924 0.999768 -0.0111918 -5.24849 -0.0221243 0.0107841 0.999697 250.342 
0.999586 0.0187356 0.0218392 -1.87306 -0.0185018 0.99977 -0.0108587 -5.28843 -0.0220377 0.0104502 0.999703 251.898 
0.999583 0.0191829 0.0215896 -1.86733 -0.0189494 0.99976 -0.0109692 -5.32344 -0.0217949 0.0105555 0.999707 253.431 
0.999547 0.020769 0.0217967 -1.86397 -0.0205347 0.99973 -0.0109171 -5.3627 -0.0220176 0.0104646 0.999703 254.992 
0.999512 0.022116 0.0220525 -1.85932 -0.0218727 0.999698 -0.0112115 -5.39927 -0.0222938 0.0107237 0.999694 256.539 
0.999492 0.0226449 0.0224062 -1.85953 -0.0223996 0.999687 -0.0111369 -5.43909 -0.0226515 0.0106294 0.999687 258.086 
0.999518 0.0214367 0.0224407 -1.85119 -0.0211912 0.999714 -0.0111193 -5.47998 -0.0226727 0.0106384 0.999686 259.626 
0.999557 0.0196116 0.0223829 -1.84588 -0.0193827 0.999758 -0.0103959 -5.52027 -0.0225814 0.00995753 0.999695 261.167 
0.999604 0.0169278 0.0224752 -1.83606 -0.0167179 0.999815 -0.00948906 -5.56143 -0.0226317 0.0091096 0.999702 262.708 
0.999637 0.0153659 0.0221254 -1.82442 -0.015143 0.999833 -0.0102038 -5.60318 -0.0222786 0.00986511 0.999703 264.25 
0.999653 0.0144736 0.021995 -1.81357 -0.0142267 0.999835 -0.0113347 -5.6429 -0.0221555 0.0110179 0.999694 265.798 
0.999659 0.0129876 0.0226596 -1.80571 -0.0127735 0.999873 -0.00956694 -5.6836 -0.022781 0.00927428 0.999698 267.347 
0.999662 0.0112821 0.0234319 -1.80279 -0.0110977 0.999907 -0.00798361 -5.72351 -0.0235198 0.00772092 0.999694 268.905 
0.999679 0.00981742 0.0233516 -1.79407 -0.00961301 0.999915 -0.00884792 -5.76342 -0.0234365 0.00862065 0.999688 270.459 
0.999667 0.00950209 0.0239771 -1.78654 -0.00926783 0.999908 -0.00986084 -5.80387 -0.0240687 0.00963539 0.999664 272.007 
0.999644 0.0101629 0.0246744 -1.77731 -0.0099137 0.999899 -0.0102008 -5.84431 -0.0247756 0.00995257 0.999644 273.555 
0.9996 0.0120797 0.0255553 -1.76878 -0.0118217 0.999878 -0.0102187 -5.88722 -0.0256756 0.0099126 0.999621 275.104 
0.999555 0.0136913 0.0265014 -1.75892 -0.0134127 0.999853 -0.0106604 -5.92811 -0.0266436 0.0103003 0.999592 276.661 
0.999505 0.0151343 0.0275702 -1.74885 -0.0148306 0.999828 -0.0111838 -5.96967 -0.0277347 0.0107694 0.999557 278.214 
0.999477 0.0155916 0.0283442 -1.73488 -0.0152724 0.999818 -0.0114444 -6.01138 -0.0285175 0.0110055 0.999533 279.77 
0.999467 0.0154541 0.028766 -1.71704 -0.0151066 0.999811 -0.0122581 -6.05308 -0.02895 0.0118171 0.999511 281.336 
0.999443 0.0150552 0.0297982 -1.70117 -0.0146834 0.999812 -0.0126579 -6.10074 -0.0299832 0.0122133 0.999476 282.881 
0.999413 0.0150269 0.0307763 -1.6813 -0.0146524 0.999816 -0.0123574 -6.15029 -0.0309563 0.0118992 0.99945 284.45 
0.999411 0.0136344 0.0314796 -1.66331 -0.0132799 0.999846 -0.0114443 -6.19416 -0.0316309 0.0110195 0.999439 286.025 
0.999417 0.0123931 0.0318046 -1.6439 -0.0120463 0.999866 -0.0110696 -6.23829 -0.0319376 0.0106801 0.999433 287.578 
0.999424 0.0119284 0.0317736 -1.62519 -0.0115079 0.999844 -0.0133827 -6.28562 -0.0319283 0.0130094 0.999406 289.139 
0.999435 0.0108183 0.0318288 -1.60441 -0.0103263 0.999825 -0.0155792 -6.33197 -0.0319918 0.0152418 0.999372 290.7 
0.999454 0.0109541 0.031159 -1.5812 -0.0104763 0.999826 -0.0154555 -6.38503 -0.0313229 0.0151207 0.999395 292.244 
0.999499 0.00988809 0.0300755 -1.56025 -0.00942979 0.999838 -0.0153408 -6.43051 -0.0302223 0.0150496 0.99943 293.789 
0.999534 0.00932329 0.0290778 -1.5444 -0.00886517 0.999835 -0.0158429 -6.48084 -0.0292207 0.0155777 0.999452 295.368 
0.999547 0.00951111 0.0285613 -1.52906 -0.00905079 0.999828 -0.0162017 -6.52745 -0.0287105 0.0159359 0.999461 296.967 
0.999569 0.00914122 0.0278824 -1.51333 -0.00870702 0.99984 -0.0156526 -6.57749 -0.0280211 0.0154031 0.999489 298.543 
0.999601 0.00864955 0.0269013 -1.49961 -0.00823336 0.999845 -0.0155418 -6.62364 -0.0270316 0.0153141 0.999517 300.115 
0.999632 0.00787643 0.0259466 -1.48897 -0.007511 0.999872 -0.0141495 -6.66705 -0.0260547 0.0139494 0.999563 301.719 
0.999628 0.00976002 0.025488 -1.48716 -0.00942988 0.999871 -0.0130395 -6.71062 -0.025612 0.0127943 0.99959 303.332 
0.999606 0.0100391 0.0262298 -1.4797 -0.00969764 0.999867 -0.0131119 -6.75123 -0.026358 0.0128524 0.99957 304.938 
0.999578 0.0105954 0.0270403 -1.46557 -0.0102305 0.999855 -0.0135987 -6.79224 -0.0271806 0.0133164 0.999542 306.546 
0.999581 0.00935761 0.0273825 -1.45274 -0.00898152 0.999864 -0.013824 -6.8387 -0.0275082 0.0135723 0.999529 308.153 
0.999608 0.00727084 0.0270509 -1.41683 -0.00687301 0.999867 -0.0147693 -6.88595 -0.0271547 0.0145776 0.999525 309.767 
0.999604 0.00596545 0.0274975 -1.40678 -0.00550687 0.999845 -0.0167213 -6.93459 -0.027593 0.0165633 0.999482 311.39 
0.999618 0.00530036 0.0271396 -1.38767 -0.00482229 0.999833 -0.0176488 -6.98728 -0.0272287 0.0175112 0.999476 313.005 
0.999674 0.00603408 0.0248076 -1.37473 -0.00557067 0.99981 -0.0187052 -7.0367 -0.0249158 0.0185609 0.999517 314.628 
0.999718 0.00711817 0.0226431 -1.36886 -0.00671016 0.999815 -0.0180423 -7.09033 -0.0227673 0.0178853 0.999581 316.245 
0.999723 0.00794872 0.0221556 -1.36162 -0.00762371 0.999863 -0.0147137 -7.14234 -0.0222696 0.0145407 0.999646 317.882 
0.999725 0.00662657 0.0225106 -1.34079 -0.00635932 0.999909 -0.0119213 -7.18524 -0.0225876 0.0117749 0.999676 319.541 
0.99973 0.00569198 0.0225383 -1.33431 -0.00543766 0.999921 -0.0113272 -7.22576 -0.0226011 0.0112016 0.999682 321.178 
0.999731 0.00459492 0.0227422 -1.3258 -0.00431085 0.999912 -0.0125221 -7.27082 -0.0227978 0.0124207 0.999663 322.823 
0.999723 0.00372691 0.0232532 -1.32257 -0.00343416 0.999915 -0.012615 -7.31469 -0.0232982 0.0125317 0.99965 324.475 
0.999711 0.003556 0.0237901 -1.31981 -0.00326172 0.999918 -0.0123953 -7.36124 -0.0238323 0.0123141 0.99964 326.131 
0.999693 0.003655 0.0244957 -1.31567 -0.00335062 0.999917 -0.0124535 -7.40863 -0.0245392 0.0123676 0.999622 327.786 
0.999677 0.00508583 0.0249211 -1.31096 -0.00475348 0.999899 -0.0133756 -7.45775 -0.0249866 0.0132529 0.9996 329.438 
0.999649 0.00590166 0.0258256 -1.30755 -0.0055414 0.999887 -0.0139978 -7.50652 -0.0259053 0.0138498 0.999568 331.087 
0.999625 0.00456098 0.0270109 -1.30365 -0.00423235 0.999917 -0.0122099 -7.55309 -0.0270644 0.0120911 0.999561 332.721 
0.999621 0.00377985 0.0272619 -1.29594 -0.00346915 0.999929 -0.0114339 -7.60142 -0.0273032 0.011335 0.999563 334.378 
0.999625 0.00244016 0.0272852 -1.28011 -0.00209772 0.999919 -0.0125701 -7.64627 -0.0273137 0.0125082 0.999549 336.008 
0.999612 0.00386968 0.0275929 -1.27038 -0.00352781 0.999917 -0.0124263 -7.69844 -0.0276387 0.0123242 0.999542 337.636 
0.999611 0.00558269 0.0273098 -1.25901 -0.00519063 0.999883 -0.0144042 -7.75159 -0.027387 0.0142569 0.999523 339.26 
0.999606 0.00709293 0.0271583 -1.26139 -0.00661899 0.999825 -0.0174996 -7.79653 -0.0272777 0.017313 0.999478 340.907 
0.999606 0.00851567 0.0267326 -1.25577 -0.00806 0.999821 -0.0171057 -7.84965 -0.0268735 0.0168835 0.999496 342.537 
0.999625 0.00911501 0.0258071 -1.25136 -0.00876183 0.999867 -0.0137637 -7.89914 -0.0259292 0.0135324 0.999572 344.169 
0.999648 0.0100049 0.0245717 -1.23689 -0.0097416 0.999894 -0.0108098 -7.95038 -0.0246773 0.0105667 0.99964 345.812 
0.999659 0.0105016 0.0239308 -1.25067 -0.0102061 0.999871 -0.0124354 -7.98946 -0.0240583 0.0121869 0.999636 347.467 
0.9997 0.0100036 0.0223529 -1.2457 -0.0096948 0.999857 -0.0138793 -8.03565 -0.0224886 0.0136585 0.999654 349.086 
0.999744 0.00879536 0.0208603 -1.24625 -0.00853417 0.999885 -0.0125751 -8.08653 -0.0209685 0.0123939 0.999703 350.714 
0.999766 0.00744631 0.0203119 -1.24884 -0.00719729 0.999898 -0.0123032 -8.13296 -0.0204015 0.0121542 0.999718 352.337 
0.999776 0.00719742 0.019891 -1.24907 -0.0069383 0.999891 -0.0130631 -8.18112 -0.0199828 0.0129222 0.999717 353.962 
0.999784 0.00669419 0.0196967 -1.24705 -0.00642059 0.999883 -0.0139191 -8.23127 -0.0197876 0.0137897 0.999709 355.586 
0.999785 0.00652066 0.0196831 -1.24207 -0.00624207 0.99988 -0.01418 -8.27848 -0.0197732 0.0140541 0.999706 357.198 
0.99978 0.00609978 0.0200917 -1.24646 -0.00580797 0.999877 -0.0145481 -8.32563 -0.020178 0.0144282 0.999692 358.806 
0.999782 0.00547104 0.0201277 -1.24668 -0.00516547 0.999871 -0.0152001 -8.37473 -0.0202083 0.0150929 0.999682 360.415 
0.999786 0.00505655 0.0200825 -1.24409 -0.00473796 0.999863 -0.015878 -8.42628 -0.0201601 0.0157795 0.999672 362.017 
0.999788 0.00422316 0.0201781 -1.24054 -0.00390748 0.99987 -0.0156565 -8.47793 -0.0202417 0.0155744 0.999674 363.63 
0.999783 0.00438783 0.0203811 -1.23913 -0.00405447 0.999858 -0.0163669 -8.53062 -0.0204501 0.0162808 0.999658 365.231 
0.999784 0.00273989 0.020616 -1.24222 -0.00237793 0.999843 -0.0175591 -8.58641 -0.0206609 0.0175063 0.999633 366.84 
0.999785 0.00120944 0.0206815 -1.24262 -0.000881383 0.999874 -0.0158619 -8.63709 -0.0206981 0.0158403 0.99966 368.452 
0.999788 -0.00060407 0.0205876 -1.2354 0.000912842 0.999887 -0.0149897 -8.68979 -0.0205763 0.0150054 0.999676 370.065 
0.999784 -0.001017 0.0207737 -1.23212 0.00135022 0.999871 -0.0160306 -8.73919 -0.0207547 0.0160553 0.999656 371.668 
0.99978 -0.000193692 0.0209985 -1.22849 0.000542806 0.999862 -0.0166191 -8.79332 -0.0209925 0.0166269 0.999641 373.269 
0.999771 0.00123459 0.0213452 -1.22873 -0.000895232 0.999873 -0.0158988 -8.84344 -0.0213621 0.0158761 0.999646 374.892 
0.999758 0.0027784 0.0218439 -1.22959 -0.00244642 0.999881 -0.0152079 -8.89234 -0.0218836 0.0151508 0.999646 376.507 
0.999744 0.00324606 0.0223868 -1.22706 -0.00289635 0.999874 -0.0156345 -8.94193 -0.0224347 0.0155657 0.999627 378.123 
0.999741 0.00318701 0.0225346 -1.222 -0.00281405 0.999859 -0.0165614 -8.9922 -0.0225842 0.0164937 0.999609 379.733 
0.999742 0.00310142 0.022499 -1.20618 -0.0027224 0.999854 -0.0168556 -9.04302 -0.0225481 0.0167901 0.999605 381.374 
0.999733 0.00365797 0.0228019 -1.19059 -0.0032692 0.999849 -0.017062 -9.09808 -0.0228609 0.0169829 0.999594 383.008 
0.999724 0.00492487 0.0229535 -1.19271 -0.00453327 0.999844 -0.0170794 -9.14903 -0.023034 0.0169707 0.999591 384.656 
0.999709 0.00640494 0.0232696 -1.18894 -0.00601794 0.999843 -0.0166613 -9.20299 -0.0233727 0.0165165 0.99959 386.304 
0.999694 0.00778489 0.0234825 -1.17681 -0.0073771 0.999821 -0.0174011 -9.25695 -0.0236138 0.0172226 0.999573 387.943 
0.999686 0.00860598 0.0235499 -1.16319 -0.00817697 0.9998 -0.0182513 -9.30576 -0.0237023 0.018053 0.999556 389.588 
0.999674 0.00940171 0.0237328 -1.15311 -0.00896365 0.999789 -0.0184956 -9.35704 -0.0239017 0.0182768 0.999547 391.219 
0.999662 0.0103166 0.0238647 -1.14625 -0.00989288 0.999793 -0.0178025 -9.40614 -0.0240435 0.0175605 0.999557 392.874 
0.999652 0.0112279 0.0238725 -1.13193 -0.0108103 0.999788 -0.0175487 -9.46 -0.0240645 0.0172846 0.999561 394.515 
0.999631 0.0121155 0.0243322 -1.12672 -0.0116726 0.999765 -0.0182573 -9.51287 -0.0245477 0.0179666 0.999537 396.152 
0.999618 0.0124702 0.0246511 -1.11602 -0.012026 0.999764 -0.0180849 -9.5666 -0.0248709 0.0177816 0.999533 397.791 
0.999614 0.0125512 0.0247953 -1.1053 -0.0121118 0.999768 -0.0177898 -9.61655 -0.0250129 0.0174826 0.999534 399.443 
0.99961 0.0125046 0.0249531 -1.09426 -0.0120367 0.999751 -0.0188143 -9.67365 -0.0251822 0.0185067 0.999512 401.074 
0.999617 0.0117524 0.0250595 -1.07902 -0.0112581 0.999741 -0.0197747 -9.73132 -0.0252854 0.019485 0.99949 402.701 
0.999617 0.0112588 0.0252899 -1.06873 -0.0107583 0.999745 -0.0198349 -9.78872 -0.0255069 0.0195553 0.999483 404.356 
0.999609 0.0112403 0.0256011 -1.05832 -0.0107641 0.999768 -0.0186623 -9.83969 -0.025805 0.0183795 0.999498 406.014 
0.999622 0.00963372 0.0257693 -1.04377 -0.00919059 0.999809 -0.0172579 -9.89614 -0.0259307 0.0170146 0.999519 407.666 
0.999631 0.00805304 0.025941 -1.02367 -0.00758733 0.999809 -0.0179999 -9.95472 -0.0260811 0.0177965 0.999501 409.296 
0.999632 0.00712672 0.0261831 -1.01734 -0.00663601 0.999802 -0.0187791 -10.0135 -0.0263118 0.0185984 0.999481 410.958 
