1 2.12261e-08 -2.11895e-08 0 2.12261e-08 1 2.10703e-08 0 -2.11895e-08 2.10703e-08 1 0 
0.999997 -0.00175017 -0.00163786 -0.00751371 0.00174887 0.999998 -0.000819026 -0.0111352 0.00163925 0.000816201 0.999998 0.574516 
0.999993 -0.00234889 -0.00297865 -0.0139035 0.00234229 0.999995 -0.00223121 -0.0225736 0.00298383 0.00222426 0.999993 1.1487 
0.999984 -0.00264362 -0.00497458 -0.0259946 0.00262562 0.99999 -0.00362903 -0.0341917 0.00498409 0.00361595 0.999981 1.71749 
0.999965 -0.00480925 -0.00690493 -0.0370025 0.00477236 0.999974 -0.00535537 -0.0447337 0.00693046 0.00532227 0.999962 2.28264 
0.999938 -0.00721807 -0.00847137 -0.0497092 0.00715674 0.999948 -0.0072525 -0.0559946 0.00852324 0.00719147 0.999938 2.85626 
0.999913 -0.00844319 -0.0101736 -0.0588445 0.00836011 0.999932 -0.00818514 -0.0634546 0.0102419 0.00809941 0.999915 3.43833 
0.999898 -0.00856122 -0.0114735 -0.0770108 0.00847477 0.999936 -0.00756598 -0.0759632 0.0115375 0.00746801 0.999906 4.02738 
0.999881 -0.0088927 -0.0125771 -0.0962145 0.00879307 0.99993 -0.0079586 -0.091141 0.012647 0.0078471 0.999889 4.62118 
0.999874 -0.00824459 -0.013591 -0.118204 0.0080978 0.999909 -0.0108232 -0.105144 0.0136789 0.0107118 0.999849 5.22315 
0.999869 -0.00649041 -0.0148623 -0.139546 0.00627193 0.999872 -0.0147028 -0.119994 0.0149558 0.0146077 0.999781 5.8287 
0.999859 -0.00511649 -0.0159857 -0.167168 0.00481956 0.999816 -0.0185613 -0.133618 0.0160777 0.0184817 0.9997 6.44856 
0.999848 -0.00327627 -0.0171455 -0.192713 0.00295624 0.999822 -0.01866 -0.144651 0.0172036 0.0186065 0.999679 7.08272 
0.999833 -0.000847282 -0.0182532 -0.22294 0.000633482 0.999931 -0.0117179 -0.157918 0.0182619 0.0117044 0.999765 7.74321 
0.999819 -8.21772e-05 -0.019051 -0.250136 5.6393e-05 0.999999 -0.00135617 -0.169186 0.019051 0.0013549 0.999818 8.41877 
0.999801 0.00105612 -0.0198986 -0.276561 -0.00095265 0.999986 0.00520673 -0.181804 0.0199038 -0.00518669 0.999788 9.10106 
0.999771 0.00320155 -0.0211686 -0.305725 -0.00310944 0.999986 0.0043809 -0.19785 0.0211823 -0.00431404 0.999766 9.78987 
0.999746 0.00538006 -0.0218815 -0.341548 -0.00544796 0.999981 -0.00304664 -0.203121 0.0218647 0.00316512 0.999756 10.4892 
0.99972 0.00495963 -0.0231475 -0.370048 -0.00517185 0.999945 -0.00911932 -0.202844 0.023101 0.00923652 0.999691 11.2052 
0.999698 0.00280354 -0.0244075 -0.396448 -0.00298794 0.999967 -0.00752347 -0.20566 0.0243855 0.00759417 0.999674 11.9478 
0.999684 0.00173485 -0.0250776 -0.422952 -0.00169111 0.999997 0.00176343 -0.214378 0.0250805 -0.00172042 0.999684 12.7153 
0.999678 0.0011922 -0.0253513 -0.459887 -0.00095875 0.999957 0.00921711 -0.223809 0.0253611 -0.00918979 0.999636 13.4991 
0.99966 0.000413487 -0.0260678 -0.49208 -0.000110953 0.999933 0.0116045 -0.226334 0.0260708 -0.0115976 0.999593 14.3006 
0.999657 -0.00159632 -0.0261471 -0.523581 0.00187427 0.999942 0.0106076 -0.226809 0.0261286 -0.0106529 0.999602 15.1134 
0.999665 -0.0019478 -0.0258294 -0.555823 0.0021551 0.999966 0.00799853 -0.225766 0.0258129 -0.00805147 0.999634 15.9398 
0.999679 0.00055379 -0.0253377 -0.595149 -0.000440655 0.99999 0.00446881 -0.226704 0.0253399 -0.00445616 0.999669 16.7772 
0.999698 -0.00277691 -0.0244249 -0.628959 0.00275428 0.999996 -0.000961776 -0.232714 0.0244274 0.000894255 0.999701 17.644 
0.999703 -0.00556239 -0.0237493 -0.658884 0.00539124 0.999959 -0.00726639 -0.243265 0.0237887 0.00713623 0.999692 18.5191 
0.999734 -0.00460037 -0.0225897 -0.694429 0.00431254 0.999909 -0.0127758 -0.254095 0.0226464 0.012675 0.999663 19.4109 
0.999742 -0.00323748 -0.0224885 -0.732031 0.00293008 0.999902 -0.0136903 -0.270107 0.0225305 0.0136209 0.999653 20.3175 
0.99974 -0.00312034 -0.0225971 -0.772717 0.00282629 0.999911 -0.0130351 -0.292722 0.0226357 0.0129679 0.99966 21.2453 
0.999735 -0.00174464 -0.0229459 -0.806787 0.00141349 0.999895 -0.0144421 -0.31614 0.0229687 0.0144059 0.999632 22.1844 
0.999739 0.00114201 -0.0228309 -0.849133 -0.00152106 0.999861 -0.0165935 -0.339694 0.0228087 0.016624 0.999602 23.1399 
0.999718 0.004577 -0.0233159 -0.891701 -0.00498482 0.999835 -0.0174646 -0.364182 0.0232321 0.017576 0.999576 24.1091 
0.999709 0.00616629 -0.0233149 -0.93657 -0.00657171 0.999828 -0.0173547 -0.394198 0.0232038 0.0175029 0.999578 25.0822 
0.999698 0.0069147 -0.0235853 -0.982185 -0.00732632 0.999822 -0.0174126 -0.425002 0.0234607 0.0175802 0.99957 26.0746 
0.999688 0.00719056 -0.0239135 -1.02058 -0.00760485 0.999822 -0.0172808 -0.455288 0.0237849 0.0174573 0.999565 27.0666 
0.999669 0.00801586 -0.024433 -1.06474 -0.00840746 0.999837 -0.0159692 -0.489238 0.0243009 0.0161694 0.999574 28.0771 
0.999655 0.00860366 -0.0248037 -1.10829 -0.00895222 0.999862 -0.0139776 -0.519081 0.02468 0.0141949 0.999595 29.0924 
0.999644 0.00921441 -0.0250469 -1.15569 -0.0095388 0.999872 -0.0128645 -0.547166 0.0249251 0.0130989 0.999604 30.1112 
0.999644 0.00892302 -0.0251614 -1.20125 -0.00927318 0.999861 -0.0138361 -0.576935 0.0250344 0.0140645 0.999588 31.1417 
0.999619 0.0101952 -0.0256668 -1.24495 -0.0105761 0.999835 -0.0147488 -0.604267 0.0255122 0.0150147 0.999562 32.1748 
0.999604 0.0101485 -0.0262389 -1.29042 -0.0105182 0.999847 -0.0139936 -0.630368 0.0260928 0.0142641 0.999558 33.2173 
0.999592 0.00933449 -0.0270094 -1.33396 -0.00964165 0.99989 -0.0112659 -0.658845 0.0269012 0.0115218 0.999572 34.2735 
0.999572 0.00959389 -0.0276263 -1.37972 -0.0098069 0.999923 -0.00758685 -0.684462 0.0275514 0.00785458 0.99959 35.3324 
0.999554 0.00970504 -0.0282538 -1.42651 -0.00985775 0.999938 -0.0052723 -0.708395 0.0282009 0.00554851 0.999587 36.4044 
0.999541 0.0097572 -0.0286836 -1.47628 -0.00990137 0.999939 -0.00489025 -0.731126 0.028634 0.00517205 0.999577 37.4768 
0.999527 0.00934852 -0.029298 -1.52483 -0.00953502 0.999935 -0.00623405 -0.752705 0.0292378 0.0065105 0.999551 38.555 
0.999499 0.0098146 -0.0301076 -1.57817 -0.0100269 0.999926 -0.00691054 -0.772074 0.0300375 0.00720901 0.999523 39.6438 
0.999476 0.00953912 -0.0309342 -1.6288 -0.00972189 0.999936 -0.00576479 -0.794767 0.0308772 0.00606255 0.999505 40.7339 
0.999451 0.00951714 -0.031751 -1.6822 -0.00963963 0.999947 -0.0037085 -0.81908 0.031714 0.00401257 0.999489 41.827 
0.999434 0.00947474 -0.0322758 -1.73634 -0.00952146 0.999954 -0.00129534 -0.840083 0.032262 0.00160196 0.999478 42.9138 
0.999406 0.0105108 -0.0328161 -1.789 -0.0105647 0.999943 -0.00146996 -0.863405 0.0327988 0.00181583 0.99946 44.0012 
0.99938 0.0118351 -0.0331652 -1.8465 -0.0120179 0.999914 -0.0053176 -0.88633 0.0330994 0.00571292 0.999436 45.0798 
0.999363 0.013187 -0.0331737 -1.90374 -0.013505 0.999865 -0.00938087 -0.909984 0.0330455 0.00982294 0.999406 46.1612 
0.999358 0.0134452 -0.0332098 -1.95875 -0.0137709 0.999859 -0.00960058 -0.936482 0.033076 0.0100518 0.999402 47.2466 
0.999357 0.0139507 -0.033031 -2.01584 -0.0141903 0.999875 -0.00703225 -0.962154 0.0329287 0.00749649 0.99943 48.3287 
0.999354 0.0146604 -0.0328247 -2.07415 -0.0148288 0.999878 -0.00489571 -0.989102 0.0327489 0.00537934 0.999449 49.4158 
0.999369 0.0130246 -0.0330612 -2.12352 -0.0131541 0.999907 -0.00370334 -1.01276 0.0330098 0.00413594 0.999447 50.5099 
0.99939 0.0128542 -0.0324681 -2.1802 -0.0130094 0.999905 -0.00457514 -1.038 0.0324062 0.00499478 0.999462 51.5974 
0.999407 0.0120196 -0.0322704 -2.2343 -0.0122309 0.999905 -0.00636015 -1.06289 0.0321908 0.00675112 0.999459 52.7003 
0.999417 0.0119917 -0.0319564 -2.28533 -0.0122648 0.99989 -0.00836329 -1.08921 0.0318525 0.0087504 0.999454 53.7979 
0.999429 0.0106198 -0.0320642 -2.33329 -0.0109687 0.999882 -0.0107293 -1.11824 0.0319464 0.0110749 0.999428 54.8913 
0.999444 0.00891463 -0.0321383 -2.38204 -0.00936439 0.99986 -0.0138726 -1.1522 0.0320101 0.0141659 0.999387 55.9791 
0.999463 0.00739129 -0.0319204 -2.43669 -0.00789073 0.999848 -0.0155502 -1.18567 0.0318006 0.0157938 0.999369 57.0729 
0.999479 0.00576289 -0.031744 -2.48778 -0.00618705 0.999893 -0.0132811 -1.21748 0.0316641 0.0134707 0.999408 58.1671 
0.999486 0.00441962 -0.0317418 -2.53665 -0.0046561 0.999962 -0.00738117 -1.24634 0.0317079 0.00752522 0.999469 59.264 
0.999491 0.00301566 -0.0317542 -2.58597 -0.00306298 0.999994 -0.0014429 -1.26997 0.0317496 0.00153947 0.999495 60.3624 
0.99949 0.00127142 -0.0319125 -2.63556 -0.00129486 0.999999 -0.000715295 -1.29079 0.0319115 0.000756295 0.99949 61.462 
0.999491 -0.00220363 -0.0318274 -2.68226 0.00208322 0.999991 -0.00381717 -1.30907 0.0318355 0.00374897 0.999486 62.5571 
0.999482 -0.0036258 -0.0319743 -2.73379 0.00340432 0.99997 -0.00697976 -1.33131 0.0319986 0.00686733 0.999464 63.6526 
0.999485 -0.00178561 -0.0320391 -2.78999 0.00143725 0.99994 -0.0108937 -1.36231 0.0320566 0.0108421 0.999427 64.7453 
0.999481 -0.00163801 -0.0321628 -2.84138 0.00114762 0.999883 -0.0152612 -1.38994 0.032184 0.0152164 0.999366 65.8413 
0.999497 0.00141655 -0.0316743 -2.89744 -0.00192579 0.999869 -0.016054 -1.41912 0.0316474 0.016107 0.999369 66.9462 
0.999512 0.0054595 -0.0307703 -2.96084 -0.00584008 0.999907 -0.0122936 -1.45436 0.0307003 0.0124673 0.999451 68.0521 
0.999498 0.00680339 -0.0309373 -3.01401 -0.00712562 0.999921 -0.0103189 -1.48429 0.0308646 0.0105342 0.999468 69.1523 
0.999499 0.00611871 -0.0310496 -3.06531 -0.00641515 0.999935 -0.0094578 -1.51349 0.0309897 0.0096523 0.999473 70.255 
0.999507 0.00448227 -0.0310871 -3.11762 -0.00475356 0.999951 -0.00865985 -1.54158 0.0310467 0.00880339 0.999479 71.3558 
0.9995 0.00323793 -0.0314482 -3.16823 -0.0034674 0.999968 -0.0072465 -1.56944 0.0314237 0.00735197 0.999479 72.4569 
0.999487 0.00166716 -0.0319902 -3.21711 -0.00183611 0.999985 -0.00525408 -1.59561 0.0319809 0.00531016 0.999474 73.5577 
0.999459 0.000530649 -0.0328985 -3.27329 -0.000649839 0.999993 -0.00361366 -1.62315 0.0328964 0.00363313 0.999452 74.6671 
0.999441 -0.000356656 -0.0334344 -3.33375 0.000193778 0.999988 -0.00487594 -1.64955 0.0334357 0.00486678 0.999429 75.7659 
0.999415 -0.000207706 -0.0342131 -3.38559 -9.15681e-05 0.999962 -0.00874678 -1.67457 0.0342136 0.00874484 0.999376 76.8539 
0.999385 0.000352276 -0.035072 -3.43963 -0.000732162 0.999941 -0.0108205 -1.70277 0.0350661 0.0108396 0.999326 77.9472 
0.999351 0.00226031 -0.0359533 -3.49918 -0.00259056 0.999955 -0.00914302 -1.73265 0.0359309 0.00923027 0.999312 79.033 
0.999316 0.00306124 -0.0368588 -3.55539 -0.00324615 0.999982 -0.00495914 -1.7588 0.036843 0.00507544 0.999308 80.1196 
0.999281 0.00456411 -0.0376285 -3.61241 -0.00460218 0.999989 -0.000926245 -1.78302 0.0376238 0.0010988 0.999291 81.2021 
0.999253 0.00566581 -0.0382239 -3.67675 -0.00568442 0.999984 -0.000379309 -1.80464 0.0382211 0.00059635 0.999269 82.2868 
0.999226 0.00543693 -0.038959 -3.73344 -0.00553815 0.999982 -0.00249178 -1.82482 0.0389447 0.00270566 0.999238 83.365 
0.999205 0.00541141 -0.0395097 -3.79339 -0.00554865 0.999979 -0.00336589 -1.84582 0.0394906 0.00358248 0.999214 84.4322 
0.999184 0.0045993 -0.0401317 -3.85325 -0.00474277 0.999983 -0.00348165 -1.87157 0.0401149 0.00366918 0.999188 85.4868 
0.999154 0.00345765 -0.040982 -3.91191 -0.00359052 0.999989 -0.00316987 -1.89783 0.0409705 0.00331438 0.999155 86.5289 
0.99912 0.0023315 -0.0418704 -3.96076 -0.00240498 0.999996 -0.00170573 -1.91964 0.0418662 0.00180497 0.999122 87.5648 
0.999097 0.00243972 -0.0424291 -4.02325 -0.0024013 0.999997 0.00095552 -1.94276 0.0424313 -0.000852729 0.999099 88.5666 
0.999066 0.00152805 -0.0431741 -4.08799 -0.00144849 0.999997 0.00187312 -1.96666 0.0431768 -0.00180879 0.999066 89.5525 
0.998971 0.000648715 -0.0453504 -4.14711 -0.000557452 0.999998 0.00202411 -1.98609 0.0453516 -0.0019967 0.998969 90.5158 
0.998821 -2.09332e-05 -0.0485557 -4.20872 7.44317e-05 0.999999 0.00109914 -2.00813 0.0485556 -0.00110141 0.99882 91.4586 
0.998653 -2.31255e-05 -0.0518785 -4.27431 3.6934e-05 1 0.000264415 -2.02954 0.0518784 -0.000265932 0.998653 92.3756 
0.998499 -0.000447225 -0.0547777 -4.34235 0.000475544 1 0.000503187 -2.04939 0.0547774 -0.000528438 0.998498 93.2741 
0.998336 0.000861829 -0.0576569 -4.41321 -0.000770864 0.999998 0.0015992 -2.07015 0.0576581 -0.00155205 0.998335 94.1428 
0.998148 0.00182128 -0.0608076 -4.48123 -0.00165772 0.999995 0.0027395 -2.09066 0.0608122 -0.00263358 0.998146 94.988 
0.997979 0.003134 -0.0634665 -4.55503 -0.00288437 0.999988 0.00402392 -2.10519 0.0634783 -0.00383269 0.997976 95.8088 
0.997804 0.00471894 -0.0660698 -4.62517 -0.00441359 0.999979 0.00476631 -2.11991 0.0660908 -0.00446419 0.997804 96.6037 
0.997633 0.00690554 -0.0684216 -4.69893 -0.00656744 0.999965 0.00516457 -2.13739 0.0684548 -0.00470295 0.997643 97.3657 
0.997421 0.00878481 -0.0712314 -4.76692 -0.00851663 0.999956 0.00406722 -2.15523 0.0712639 -0.00345004 0.997452 98.1011 
0.997225 0.00998898 -0.0737706 -4.83593 -0.00998844 0.99995 0.000375673 -2.17345 0.0737706 0.000362266 0.997275 98.8026 
0.99701 0.0123586 -0.0762789 -4.90699 -0.0126575 0.999914 -0.00343668 -2.18893 0.0762298 0.00439195 0.997081 99.4821 
0.996825 0.014071 -0.078365 -4.96813 -0.0146024 0.999874 -0.00621364 -2.20287 0.0782677 0.00733828 0.996905 100.135 
0.996729 0.0161703 -0.0791781 -5.03171 -0.0167934 0.999833 -0.00721049 -2.219 0.0790483 0.00851661 0.996834 100.752 
0.996742 0.0183906 -0.0785316 -5.08858 -0.0189857 0.999796 -0.00683797 -2.23579 0.0783898 0.00830672 0.996888 101.346 
0.996893 0.0221353 -0.0755999 -5.14707 -0.0226002 0.999731 -0.00529965 -2.25473 0.0754622 0.0069918 0.997124 101.92 
0.997222 0.0248951 -0.0702054 -5.19506 -0.025233 0.999674 -0.00393023 -2.26967 0.0700846 0.00569085 0.997525 102.469 
0.997685 0.0256694 -0.062975 -5.22992 -0.0258464 0.999664 -0.00199678 -2.28391 0.0629025 0.00361987 0.998013 102.998 
0.998247 0.0255956 -0.0533576 -5.25963 -0.0256136 0.999672 0.000344767 -2.2937 0.0533489 0.00102256 0.998575 103.5 
0.998821 0.025051 -0.0415759 -5.2785 -0.0250099 0.999686 0.00150615 -2.3051 0.0416006 -0.000464524 0.999134 103.98 
0.999308 0.0241826 -0.0282459 -5.2882 -0.0241488 0.999707 0.00153558 -2.31625 0.0282747 -0.000852367 0.9996 104.436 
0.999625 0.0240229 -0.0131298 -5.29016 -0.024015 0.999711 0.000750051 -2.32899 0.013144 -0.000434415 0.999914 104.873 
0.99973 0.0227168 0.00495718 -5.28082 -0.0227054 0.999739 -0.0023541 -2.34109 -0.0050094 0.00224095 0.999985 105.3 
0.999405 0.022253 0.0263549 -5.26341 -0.0220759 0.999732 -0.00698863 -2.35248 -0.0265034 0.00640271 0.999628 105.71 
0.998517 0.0200806 0.0505956 -5.22574 -0.0195086 0.99974 -0.0117732 -2.36368 -0.0508189 0.0107688 0.99865 106.112 
0.9968 0.0178298 0.0779263 -5.179 -0.0167605 0.999757 -0.0143547 -2.37725 -0.0781633 0.0130027 0.996856 106.507 
0.99404 0.0150412 0.107977 -5.1172 -0.013435 0.999788 -0.015587 -2.3893 -0.108188 0.0140435 0.994031 106.89 
0.989994 0.0128338 0.140528 -5.04036 -0.0104905 0.999794 -0.0174028 -2.40285 -0.140723 0.0157545 0.989924 107.266 
0.984272 0.0103586 0.176356 -4.94992 -0.00712693 0.999795 -0.0189482 -2.41702 -0.176516 0.0173933 0.984144 107.633 
0.976626 0.00707025 0.214829 -4.844 -0.00300878 0.999811 -0.0192265 -2.43161 -0.214924 0.0181308 0.976463 107.985 
0.966868 0.0049467 0.255228 -4.72723 0.000200451 0.999797 -0.0201367 -2.44554 -0.255276 0.0195207 0.966671 108.33 
0.954738 0.00586124 0.297391 -4.60319 0.000442793 0.999777 -0.0211258 -2.46121 -0.297449 0.0203013 0.954522 108.663 
0.939617 0.00800463 0.342133 -4.4689 -0.000682633 0.999768 -0.0215159 -2.47658 -0.342226 0.0199832 0.939405 108.982 
0.921914 0.00802724 0.387312 -4.31629 -0.000256019 0.999798 -0.0201118 -2.49097 -0.387395 0.0184422 0.92173 109.293 
0.901685 0.0075364 0.432328 -4.1463 0.00066765 0.999823 -0.0188214 -2.50284 -0.432393 0.0172597 0.90152 109.591 
0.878532 0.00605236 0.477644 -3.96482 0.00341497 0.999815 -0.01895 -2.52023 -0.477671 0.0182793 0.878349 109.872 
0.853247 0.00657318 0.521465 -3.76934 0.00500146 0.999771 -0.0207859 -2.53725 -0.521483 0.0203436 0.853019 110.142 
0.825323 0.00873195 0.564594 -3.56307 0.00577694 0.999698 -0.0239059 -2.55372 -0.564632 0.0229917 0.825023 110.407 
0.794395 0.0134864 0.607252 -3.34094 0.00442817 0.999598 -0.0279927 -2.57005 -0.607386 0.0249263 0.794016 110.663 
0.760112 0.0198849 0.649488 -3.1046 0.0011544 0.999489 -0.0319515 -2.58074 -0.649791 0.0250365 0.7597 110.915 
0.722152 0.0246231 0.691296 -2.85084 -0.00110491 0.999406 -0.0344433 -2.59378 -0.691734 0.0241095 0.72175 111.161 
0.68224 0.0249569 0.730702 -2.57299 0.00122417 0.999377 -0.0352763 -2.60711 -0.731127 0.0249614 0.681785 111.386 
0.640441 0.0224332 0.767679 -2.27312 0.00524965 0.999422 -0.0335847 -2.62148 -0.767989 0.0255391 0.639953 111.598 
0.595723 0.0205115 0.802928 -1.95933 0.00679334 0.999509 -0.0305736 -2.63258 -0.803161 0.0236679 0.595291 111.801 
0.548603 0.0192031 0.835862 -1.64534 0.00719928 0.999591 -0.0276897 -2.6462 -0.836052 0.0212083 0.54824 111.981 
0.500044 0.0166269 0.86584 -1.30781 0.00886405 0.999665 -0.0243159 -2.661 -0.865954 0.0198339 0.49973 112.144 
0.448632 0.0129121 0.893623 -0.955207 0.01098 0.999741 -0.0199577 -2.67842 -0.893649 0.0187656 0.448374 112.292 
0.396354 0.013027 0.918006 -0.595041 0.00837484 0.999806 -0.0178036 -2.69577 -0.91806 0.0147447 0.396168 112.424 
0.344764 0.0179773 0.938517 -0.234575 0.00466542 0.999771 -0.0208645 -2.71131 -0.938678 0.0115719 0.344602 112.536 
0.293917 0.0230729 0.955552 0.140151 0.00430953 0.999667 -0.0254636 -2.7225 -0.955821 0.0116022 0.29372 112.627 
0.246896 0.0251842 0.968715 0.530068 0.00531259 0.999612 -0.0273414 -2.73769 -0.969027 0.0118969 0.246667 112.701 
0.205383 0.0247822 0.978368 0.937346 0.0120732 0.999539 -0.0278528 -2.7549 -0.978607 0.0175325 0.204989 112.755 
0.170153 0.0246599 0.985109 1.37069 0.0200881 0.999392 -0.0284871 -2.76657 -0.985213 0.0246361 0.169554 112.8 
0.139587 0.0259781 0.989869 1.81398 0.0241114 0.99927 -0.0296249 -2.77832 -0.989916 0.0280024 0.138858 112.842 
0.111394 0.0246219 0.993471 2.28445 0.0222772 0.99938 -0.0272662 -2.79204 -0.993527 0.025169 0.110776 112.891 
0.085842 0.0212405 0.996082 2.77248 0.0162414 0.99961 -0.0227153 -2.8065 -0.996176 0.0181277 0.0854636 112.936 
0.0618634 0.0172944 0.997935 3.2755 0.0112428 0.999774 -0.0180232 -2.82286 -0.998021 0.0123345 0.061655 112.97 
0.039203 0.0147375 0.999123 3.79417 0.0155729 0.999761 -0.0153579 -2.84168 -0.99911 0.0161613 0.0389641 112.98 
0.0189623 0.0152747 0.999704 4.34163 0.023049 0.999611 -0.0157105 -2.86298 -0.999555 0.0233401 0.0186029 112.98 
0.00171486 0.0176174 0.999843 4.8922 0.0283521 0.999442 -0.0176589 -2.87808 -0.999597 0.0283779 0.00121442 112.969 
-0.0127608 0.0231365 0.999651 5.46292 0.0286068 0.999332 -0.0227639 -2.89028 -0.999509 0.0283064 -0.0134141 112.963 
-0.0235465 0.0278451 0.999335 6.05735 0.0259751 0.999292 -0.0272318 -2.90204 -0.999385 0.0253167 -0.0242531 112.956 
-0.0300104 0.0276145 0.999168 6.68012 0.0285759 0.999233 -0.026758 -2.91748 -0.999141 0.0277491 -0.0307765 112.944 
-0.0325349 0.0242285 0.999177 7.32113 0.0345416 0.999136 -0.0231027 -2.94291 -0.998874 0.0337616 -0.0333437 112.92 
-0.0317661 0.0226669 0.999238 7.9689 0.0363513 0.999108 -0.0215083 -2.96016 -0.998834 0.0356404 -0.0325618 112.899 
-0.0298522 0.0223085 0.999305 8.64994 0.0351287 0.999157 -0.0212557 -2.98072 -0.998937 0.0344698 -0.0306107 112.893 
-0.0283845 0.0227473 0.999338 9.34751 0.0316653 0.99926 -0.021846 -3.00179 -0.999095 0.0310243 -0.0290838 112.893 
-0.0272891 0.0240128 0.999339 10.0619 0.0308675 0.999255 -0.0231679 -3.02133 -0.999151 0.0302149 -0.02801 112.892 
-0.0262801 0.0248038 0.999347 10.7945 0.0305308 0.999246 -0.0239984 -3.04549 -0.999188 0.0298802 -0.0270175 112.885 
-0.0253714 0.0241884 0.999385 11.5392 0.0302206 0.999269 -0.0234184 -3.07324 -0.999221 0.0296078 -0.0260839 112.88 
-0.0246589 0.023021 0.999431 12.3016 0.0291236 0.999327 -0.0223 -3.09689 -0.999272 0.0285571 -0.0253128 112.877 
-0.0242532 0.0218141 0.999468 13.0814 0.0297632 0.999335 -0.0210889 -3.12093 -0.999263 0.0292359 -0.0248864 112.875 
-0.0248268 0.0195529 0.999501 13.868 0.0304699 0.999359 -0.0187932 -3.14721 -0.999227 0.0299882 -0.0254067 112.868 
-0.0262235 0.0178931 0.999496 14.6631 0.0280072 0.999461 -0.0171576 -3.1716 -0.999264 0.0275432 -0.0267104 112.872 
-0.0274403 0.0167612 0.999483 15.4613 0.0270134 0.999507 -0.0160199 -3.19699 -0.999258 0.0265598 -0.0278796 112.866 
-0.0283817 0.0142772 0.999495 16.273 0.029641 0.99947 -0.0134351 -3.21787 -0.999158 0.0292447 -0.0287899 112.851 
-0.0293514 0.0126646 0.999489 17.0982 0.0312064 0.999444 -0.0117475 -3.24044 -0.999082 0.0308457 -0.0297303 112.836 
-0.0310376 0.0117858 0.999449 17.928 0.0283885 0.999538 -0.0109052 -3.26574 -0.999115 0.0280344 -0.0313578 112.826 
-0.0319165 0.0165097 0.999354 18.7563 0.0256422 0.999548 -0.0156939 -3.28629 -0.999162 0.0251247 -0.0323254 112.816 
-0.0325989 0.0211271 0.999245 19.5944 0.0270351 0.999429 -0.020249 -3.31018 -0.999103 0.0263546 -0.0331515 112.8 
-0.0336315 0.0228057 0.999174 20.4404 0.0273635 0.999386 -0.0218894 -3.33522 -0.99906 0.0266047 -0.0342349 112.784 
-0.0351105 0.0206602 0.99917 21.2897 0.0239163 0.999517 -0.019827 -3.36308 -0.999097 0.0232003 -0.0355876 112.775 
-0.0362696 0.0165439 0.999205 22.1434 0.0210642 0.999654 -0.0157867 -3.39204 -0.99912 0.0204749 -0.0366055 112.765 
-0.0366784 0.0112808 0.999263 22.9984 0.0195399 0.999753 -0.0105691 -3.41903 -0.999136 0.0191378 -0.0368897 112.752 
-0.0370135 0.00572998 0.999298 23.8566 0.0159733 0.999859 -0.00514151 -3.44024 -0.999187 0.0157718 -0.0370998 112.742 
-0.0369689 0.00444638 0.999307 24.7117 0.0134473 0.999902 -0.00395152 -3.46583 -0.999226 0.0132918 -0.037025 112.733 
-0.0360008 0.0112675 0.999288 25.5559 0.0164328 0.999808 -0.0106813 -3.49294 -0.999217 0.0160366 -0.036179 112.715 
-0.0350896 0.022371 0.999134 26.3922 0.0186215 0.999591 -0.0217272 -3.51663 -0.999211 0.0178429 -0.0354918 112.7 
-0.0344904 0.0276923 0.999021 27.2298 0.0205752 0.999424 -0.026993 -3.53854 -0.999193 0.019624 -0.0350403 112.683 
-0.0331035 0.0221024 0.999208 28.0708 0.0222113 0.999525 -0.0213735 -3.57159 -0.999205 0.0214862 -0.0335787 112.667 
-0.0321163 0.0143043 0.999382 28.9113 0.0253323 0.999588 -0.0134931 -3.60313 -0.999163 0.0248832 -0.0324654 112.648 
-0.0314209 0.0114634 0.999441 29.7421 0.0267901 0.999585 -0.0106227 -3.62931 -0.999147 0.0264413 -0.031715 112.634 
-0.0316566 0.0119702 0.999427 30.5657 0.0255511 0.999611 -0.011163 -3.6577 -0.999172 0.025183 -0.0319501 112.625 
-0.0324693 0.0128951 0.99939 31.3879 0.0226956 0.999668 -0.0121613 -3.68229 -0.999215 0.0222869 -0.0327512 112.616 
-0.0343761 0.013104 0.999323 32.2036 0.0207497 0.999708 -0.0123953 -3.70608 -0.999194 0.0203096 -0.034638 112.607 
-0.0366003 0.0130842 0.999244 33.0245 0.0205524 0.999713 -0.0123375 -3.7323 -0.999119 0.0200853 -0.0368587 112.595 
-0.0384991 0.013415 0.999169 33.8319 0.0196679 0.999726 -0.0126646 -3.75935 -0.999065 0.019164 -0.0387524 112.577 
-0.0404751 0.0137068 0.999087 34.6391 0.018005 0.999754 -0.0129865 -3.78587 -0.999018 0.0174629 -0.0407119 112.562 
-0.0424058 0.0128766 0.999018 35.4415 0.0162879 0.999793 -0.0121952 -3.80952 -0.998968 0.0157548 -0.0426068 112.545 
-0.0443091 0.0116797 0.99895 36.2355 0.0172522 0.999792 -0.0109243 -3.83981 -0.998869 0.01675 -0.0445014 112.522 
-0.0463457 0.0118513 0.998855 37.0277 0.0170445 0.999793 -0.0110716 -3.86465 -0.99878 0.0165118 -0.0465381 112.503 
-0.048218 0.0129077 0.998753 37.8155 0.0169367 0.999783 -0.0121033 -3.88799 -0.998693 0.016332 -0.0484262 112.481 
-0.0490293 0.0131389 0.998711 38.5965 0.0174638 0.999772 -0.0122955 -3.9119 -0.998645 0.0168384 -0.0492475 112.455 
-0.0501629 0.011919 0.99867 39.3815 0.0192946 0.999754 -0.0109627 -3.93743 -0.998555 0.018719 -0.0503805 112.428 
-0.0517388 0.0110232 0.9986 40.1611 0.0194279 0.999761 -0.0100294 -3.96454 -0.998472 0.0188818 -0.0519406 112.403 
-0.0529095 0.0107187 0.998542 40.9327 0.0184212 0.999783 -0.0097559 -3.98707 -0.998429 0.0178781 -0.0530954 112.378 
-0.0541526 0.00990815 0.998484 41.6888 0.0165954 0.999822 -0.00902134 -4.00844 -0.998395 0.0160817 -0.0543073 112.356 
-0.0549602 0.00872664 0.99845 42.4291 0.0155129 0.999849 -0.0078849 -4.03045 -0.998368 0.0150555 -0.0550872 112.332 
-0.05565 0.00832736 0.998416 43.1458 0.0159631 0.999845 -0.00744948 -4.0535 -0.998323 0.0155232 -0.0557742 112.305 
-0.05583 0.0109192 0.998381 43.8519 0.0161081 0.99982 -0.0100341 -4.07733 -0.99831 0.0155218 -0.0559958 112.279 
-0.0556532 0.0136303 0.998357 44.5539 0.0161071 0.999789 -0.0127519 -4.1006 -0.99832 0.0153709 -0.055861 112.251 
-0.0556295 0.0152657 0.998335 45.2546 0.0143306 0.999792 -0.0144894 -4.1252 -0.998349 0.0135007 -0.0558367 112.226 
-0.0558378 0.0160684 0.998311 45.949 0.014704 0.999775 -0.0152695 -4.14981 -0.998332 0.0138265 -0.0560615 112.2 
-0.0555419 0.0159633 0.998329 46.6428 0.0160658 0.999757 -0.0150923 -4.17213 -0.998327 0.0152007 -0.0557848 112.17 
-0.0555911 0.0156132 0.998332 47.3314 0.0170558 0.999747 -0.0146855 -4.19392 -0.998308 0.016211 -0.0558433 112.141 
-0.0556299 0.0156141 0.998329 48.016 0.0132069 0.999802 -0.0149012 -4.21799 -0.998364 0.0123558 -0.0558251 112.118 
-0.0554001 0.0158173 0.998339 48.7005 0.0107467 0.999826 -0.0152445 -4.24326 -0.998406 0.00988427 -0.0555604 112.099 
-0.05514 0.0143496 0.998376 49.3894 0.0127037 0.999826 -0.0136688 -4.26631 -0.998398 0.0119293 -0.0553127 112.071 
-0.055986 0.013779 0.998337 50.0669 0.0132466 0.999827 -0.0130566 -4.28848 -0.998344 0.0124936 -0.0561589 112.043 
-0.0595286 0.0133401 0.998138 50.7462 0.010192 0.999867 -0.0127553 -4.30931 -0.998175 0.00941374 -0.0596567 112.019 
-0.06471 0.0130122 0.997819 51.4212 0.00629657 0.9999 -0.012631 -4.33269 -0.997884 0.00546548 -0.0647855 111.994 
-0.0704078 0.0168086 0.997377 52.0911 0.0101691 0.999818 -0.0161318 -4.3533 -0.997466 0.00900665 -0.0705659 111.954 
-0.0768773 0.0197273 0.996845 52.7652 0.0125684 0.999744 -0.0188153 -4.37158 -0.996961 0.0110823 -0.0771055 111.906 
-0.0842715 0.0214934 0.996211 53.4414 0.0118427 0.999718 -0.0205672 -4.39226 -0.996372 0.0100646 -0.0845023 111.862 
-0.0904684 0.0207375 0.995683 54.1222 0.00817424 0.999765 -0.0200797 -4.41594 -0.995866 0.00632237 -0.0906166 111.817 
-0.0957629 0.0195773 0.995212 54.8096 0.00782105 0.999791 -0.0189148 -4.4399 -0.995373 0.00597227 -0.0958959 111.763 
-0.100292 0.0201704 0.994754 55.5055 0.00557231 0.99979 -0.0197107 -4.46334 -0.994943 0.00356626 -0.100383 111.707 
-0.104231 0.0196379 0.994359 56.2065 0.00350822 0.999806 -0.0193777 -4.4838 -0.994547 0.00146868 -0.10428 111.65 
-0.106857 0.0164721 0.994138 56.9133 0.00413375 0.999862 -0.0161226 -4.50535 -0.994266 0.00238671 -0.10691 111.588 
-0.108591 0.0134199 0.993996 57.6285 0.00629138 0.999898 -0.0128122 -4.52433 -0.994067 0.00486232 -0.108664 111.52 
-0.109924 0.0106477 0.993883 58.35 0.00612381 0.999931 -0.0100352 -4.54607 -0.993921 0.00498323 -0.109982 111.455 
-0.111239 0.0104944 0.993738 59.077 0.00527648 0.999936 -0.00996917 -4.56444 -0.99378 0.00413448 -0.111287 111.391 
-0.111397 0.0143331 0.993673 59.8065 0.00725781 0.999881 -0.013609 -4.58245 -0.993749 0.00569588 -0.111488 111.319 
-0.111353 0.0182166 0.993614 60.5452 0.0130736 0.999772 -0.0168643 -4.60479 -0.993695 0.0111122 -0.111565 111.241 
-0.111746 0.0229855 0.993471 61.2866 0.0207609 0.999568 -0.0207914 -4.62993 -0.99352 0.018302 -0.112175 111.158 
-0.112235 0.0242237 0.993386 62.0353 0.0213681 0.999531 -0.0219592 -4.65296 -0.993452 0.0187622 -0.1127 111.083 
-0.112457 0.0220565 0.993412 62.7884 0.0194666 0.999611 -0.0199904 -4.67703 -0.993466 0.0170903 -0.112843 111.016 
-0.112154 0.0170886 0.993544 63.5425 0.0198188 0.999692 -0.0149571 -4.70574 -0.993493 0.0180134 -0.112459 110.942 
-0.111949 0.01503 0.9936 64.2962 0.0220475 0.999677 -0.0126378 -4.7312 -0.993469 0.0204916 -0.112244 110.865 
-0.112931 0.0146324 0.993495 65.0433 0.022314 0.999677 -0.0121869 -4.75668 -0.993352 0.0207926 -0.113221 110.793 
-0.114585 0.0154261 0.993294 65.7877 0.0206456 0.9997 -0.0131439 -4.78085 -0.993199 0.0190011 -0.114869 110.723 
-0.116642 0.0161426 0.993043 66.5288 0.0198717 0.999706 -0.0139168 -4.80308 -0.992975 0.0181102 -0.116929 110.65 
-0.118736 0.0162879 0.992792 67.2717 0.0211412 0.99968 -0.0138725 -4.82714 -0.992701 0.0193417 -0.119042 110.574 
-0.120439 0.0165217 0.992583 68.0149 0.0215224 0.99967 -0.0140281 -4.85059 -0.992487 0.0196732 -0.120754 110.493 
-0.122508 0.0160487 0.992338 68.7664 0.0212881 0.999682 -0.0135393 -4.87562 -0.992239 0.0194663 -0.122811 110.417 
-0.124021 0.0164062 0.992144 69.5151 0.0192218 0.999715 -0.0141286 -4.89784 -0.992093 0.0173186 -0.124301 110.339 
-0.125167 0.0178879 0.991975 70.2784 0.0192369 0.999693 -0.0155997 -4.92152 -0.991949 0.01713 -0.125472 110.26 
-0.126019 0.0182535 0.99186 71.0405 0.0179259 0.999709 -0.0161203 -4.94406 -0.991866 0.0157485 -0.12631 110.18 
-0.127484 0.0186873 0.991665 71.8111 0.0178264 0.999704 -0.016547 -4.96552 -0.99168 0.0155683 -0.127779 110.104 
-0.12857 0.0169522 0.991556 72.5954 0.0185188 0.999721 -0.0146906 -4.9911 -0.991528 0.0164736 -0.128848 110.016 
-0.129714 0.0146647 0.991443 73.3828 0.016206 0.999788 -0.0126678 -5.01358 -0.991419 0.0144241 -0.129924 109.934 
-0.131639 0.012923 0.991214 74.1792 0.0135496 0.999845 -0.011236 -5.02989 -0.991205 0.0119514 -0.131794 109.855 
-0.133821 0.0124341 0.990928 74.9716 0.0149888 0.999832 -0.0105216 -5.05138 -0.990892 0.0134448 -0.133985 109.764 
-0.135558 0.0129348 0.990685 75.7636 0.0162752 0.999809 -0.0108269 -5.07498 -0.990636 0.0146559 -0.135743 109.669 
-0.137797 0.0141694 0.990359 76.5685 0.0157252 0.999803 -0.0121165 -5.09701 -0.990336 0.013904 -0.137992 109.576 
-0.139292 0.0177485 0.990092 77.3748 0.0172891 0.999731 -0.0154889 -5.12104 -0.9901 0.0149604 -0.139562 109.476 
-0.139686 0.0217231 0.989958 78.1851 0.0191903 0.999631 -0.0192275 -5.14615 -0.99001 0.0163118 -0.140051 109.373 
-0.140703 0.0256305 0.98972 79.0017 0.0202445 0.99953 -0.0230065 -5.17453 -0.989845 0.0167993 -0.141156 109.272 
-0.140379 0.0267738 0.989736 79.8319 0.0225814 0.999461 -0.023834 -5.20237 -0.98984 0.0190038 -0.140908 109.169 
-0.139893 0.026105 0.989823 80.6678 0.0262596 0.999399 -0.0226462 -5.23377 -0.989818 0.0228243 -0.140494 109.062 
-0.139868 0.0242974 0.989872 81.5113 0.026805 0.999425 -0.0207444 -5.26431 -0.989807 0.0236321 -0.140438 108.96 
-0.139269 0.0226893 0.989995 82.357 0.0261019 0.999474 -0.0192346 -5.29387 -0.989911 0.0231619 -0.139788 108.861 
-0.137454 0.0202024 0.990302 83.2065 0.0250753 0.999543 -0.0169104 -5.32413 -0.990191 0.0225077 -0.137898 108.761 
-0.135777 0.0171365 0.990591 84.0664 0.0257378 0.999574 -0.0137641 -5.35036 -0.990405 0.0236267 -0.136161 108.662 
-0.134201 0.0137818 0.990858 84.9238 0.0262033 0.999603 -0.0103545 -5.3759 -0.990608 0.0245742 -0.134509 108.563 
-0.132569 0.0135261 0.991082 85.7852 0.0244583 0.999647 -0.0103714 -5.40266 -0.990872 0.0228653 -0.132853 108.469 
-0.131247 0.0176862 0.991192 86.6405 0.0254712 0.999571 -0.014463 -5.43097 -0.991022 0.0233487 -0.131641 108.373 
-0.129244 0.024043 0.991321 87.4912 0.0262217 0.999439 -0.0208211 -5.45626 -0.991266 0.0233032 -0.129802 108.278 
-0.127905 0.0275121 0.991405 88.3483 0.02411 0.999406 -0.0246236 -5.48353 -0.991493 0.0207533 -0.128492 108.187 
-0.126581 0.0250452 0.99164 89.2085 0.0226718 0.999493 -0.0223495 -5.51672 -0.991697 0.0196532 -0.127085 108.096 
-0.125235 0.0224421 0.991873 90.0726 0.022982 0.999542 -0.0197138 -5.54906 -0.991861 0.0203264 -0.125693 108.002 
-0.124619 0.0209735 0.991983 90.9456 0.0240911 0.999546 -0.0181069 -5.57643 -0.991912 0.0216415 -0.125068 107.909 
-0.123758 0.0207736 0.992095 91.8225 0.0233256 0.999566 -0.0180202 -5.60572 -0.992038 0.0209111 -0.124188 107.817 
-0.123326 0.0207151 0.99215 92.6897 0.0225711 0.999582 -0.0180646 -5.63783 -0.99211 0.0201661 -0.123742 107.729 
-0.122541 0.019016 0.992281 93.5608 0.0252728 0.999552 -0.0160343 -5.66699 -0.992142 0.0231129 -0.122967 107.635 
-0.121338 0.0180899 0.992446 94.4363 0.0278938 0.999501 -0.0148082 -5.70206 -0.992219 0.0258863 -0.121782 107.54 
-0.120441 0.019429 0.99253 95.3008 0.0300908 0.999421 -0.0159124 -5.73258 -0.992264 0.0279495 -0.120956 107.448 
-0.119359 0.0214458 0.99262 96.1721 0.0307964 0.999366 -0.0178884 -5.76618 -0.992373 0.0284339 -0.119944 107.352 
-0.118441 0.0232912 0.992688 97.0418 0.028258 0.999399 -0.020077 -5.78922 -0.992559 0.0256734 -0.119028 107.265 
-0.117768 0.0191606 0.992856 97.9074 0.0232711 0.999593 -0.0165303 -5.82011 -0.992768 0.0211581 -0.118166 107.184 
-0.117678 0.0170894 0.992905 98.7691 0.0189204 0.999709 -0.0149641 -5.85468 -0.992872 0.0170252 -0.117967 107.103 
-0.118706 0.0175333 0.992775 99.6248 0.0153742 0.999757 -0.0158183 -5.88549 -0.99281 0.0133854 -0.118947 107.02 
-0.119826 0.0222259 0.992546 100.468 0.0123678 0.999705 -0.020893 -5.91544 -0.992718 0.00977204 -0.120066 106.937 
-0.120556 0.0247292 0.992398 101.313 0.011757 0.999655 -0.0234818 -5.94639 -0.992637 0.00883672 -0.120805 106.852 
-0.120964 0.0251054 0.992339 102.149 0.0123327 0.999641 -0.0237868 -5.98153 -0.99258 0.00936089 -0.12123 106.763 
-0.121175 0.0245745 0.992327 102.985 0.013837 0.999638 -0.0230658 -6.01627 -0.992535 0.0109358 -0.121472 106.672 
-0.121623 0.0252419 0.992255 103.81 0.0152313 0.999606 -0.0235619 -6.05352 -0.992459 0.0122477 -0.12196 106.584 
-0.122014 0.0283356 0.992124 104.631 0.0166641 0.99951 -0.0264972 -6.09027 -0.992389 0.0132998 -0.122426 106.497 
-0.122396 0.0296697 0.992038 105.445 0.0162218 0.999479 -0.0278908 -6.12753 -0.992349 0.0126789 -0.122813 106.408 
-0.123267 0.0300942 0.991917 106.255 0.0146955 0.999486 -0.0284976 -6.16224 -0.992265 0.0110639 -0.123646 106.32 
-0.125418 0.0289536 0.991681 107.061 0.0128906 0.999537 -0.0275526 -6.20054 -0.99202 0.00932775 -0.125733 106.235 
-0.128603 0.0301059 0.991239 107.862 0.0128541 0.999506 -0.0286892 -6.24024 -0.991613 0.00905193 -0.128926 106.149 
-0.131812 0.0327547 0.990734 108.658 0.0126279 0.999428 -0.0313621 -6.27741 -0.991194 0.00837696 -0.13215 106.058 
-0.135129 0.0341529 0.990239 109.448 0.0109391 0.999396 -0.0329759 -6.31514 -0.990768 0.00637628 -0.135421 105.968 
-0.138328 0.0342484 0.989794 110.232 0.0114507 0.99939 -0.0329801 -6.35344 -0.99032 0.0067718 -0.138636 105.873 
-0.141229 0.0329402 0.989429 111.015 0.0129217 0.999423 -0.0314284 -6.3933 -0.989893 0.0083465 -0.141573 105.774 
-0.143519 0.0338082 0.98907 111.791 0.014518 0.999381 -0.032054 -6.43285 -0.989541 0.00975893 -0.143921 105.67 
-0.145502 0.0382212 0.988619 112.566 0.00995623 0.99926 -0.0371672 -6.47601 -0.989308 0.00443501 -0.145775 105.579 
-0.147166 0.0451219 0.988082 113.33 0.00771563 0.998981 -0.0444704 -6.52208 -0.989082 0.00107914 -0.147364 105.484 
-0.149756 0.0481307 0.987551 114.098 0.011934 0.99883 -0.0468706 -6.56226 -0.988651 0.00476629 -0.150155 105.375 
-0.152313 0.0462651 0.987249 114.867 0.0140164 0.998904 -0.0446488 -6.60506 -0.988233 0.00703705 -0.152795 105.263 
-0.155524 0.0383407 0.987088 115.644 0.012358 0.999244 -0.0368657 -6.65387 -0.987755 0.00646496 -0.155881 105.159 
-0.15777 0.0361096 0.986815 116.411 0.0112864 0.999332 -0.0347632 -6.70189 -0.987411 0.00565299 -0.158072 105.052 
-0.159327 0.0390998 0.986451 117.172 0.010956 0.999224 -0.0378365 -6.74228 -0.987165 0.00477914 -0.159632 104.94 
-0.161972 0.0424869 0.98588 117.924 0.00853094 0.999096 -0.0416548 -6.78313 -0.986758 0.00166355 -0.162188 104.831 
-0.164543 0.044989 0.985343 118.671 0.00803438 0.998987 -0.0442702 -6.82773 -0.986337 0.000632257 -0.164738 104.722 
-0.166326 0.0492727 0.984839 119.415 0.0120832 0.998778 -0.0479293 -6.87511 -0.985997 0.00392813 -0.166718 104.605 
-0.168108 0.0538296 0.984298 120.155 0.0123719 0.998545 -0.0524957 -6.92062 -0.985691 0.00335268 -0.168529 104.491 
-0.171118 0.0561285 0.983651 120.899 0.0117984 0.998421 -0.0549188 -6.96781 -0.98518 0.00220787 -0.17151 104.382 
-0.173748 0.0537632 0.983322 121.651 0.0126834 0.998548 -0.0523546 -7.01609 -0.984709 0.00337534 -0.174177 104.273 
-0.177615 0.0502357 0.982817 122.393 0.0168296 0.998705 -0.0480064 -7.06851 -0.983956 0.00801373 -0.178231 104.146 
-0.183488 0.04888 0.981806 123.133 0.019109 0.998752 -0.0461523 -7.11573 -0.982836 0.0102929 -0.184193 104.022 
-0.189694 0.0475677 0.98069 123.864 0.0178064 0.998828 -0.0450031 -7.16347 -0.981682 0.00892578 -0.190319 103.895 
-0.198084 0.0478145 0.979018 124.594 0.0168098 0.998828 -0.0453809 -7.21008 -0.980041 0.00746787 -0.198655 103.761 
-0.208704 0.0483795 0.976782 125.32 0.0160165 0.998811 -0.0460484 -7.25479 -0.977848 0.00603418 -0.20923 103.618 
-0.220475 0.0493555 0.974143 126.036 0.016733 0.998763 -0.0468157 -7.29937 -0.975249 0.00597864 -0.221029 103.462 
-0.232846 0.0501604 0.971219 126.748 0.0178695 0.998721 -0.0472966 -7.34506 -0.972349 0.00634236 -0.233445 103.298 
-0.244557 0.0502589 0.968332 127.457 0.0207217 0.998699 -0.0466016 -7.38954 -0.969414 0.00866874 -0.24528 103.124 
-0.255502 0.0502599 0.965501 128.16 0.0241393 0.998668 -0.0455984 -7.43566 -0.966507 0.0116561 -0.256374 102.94 
-0.265578 0.0502252 0.96278 128.86 0.0281344 0.998621 -0.0443342 -7.47994 -0.963679 0.0153131 -0.266625 102.75 
-0.274534 0.0509339 0.960227 129.559 0.0339788 0.998486 -0.0432485 -7.52277 -0.960977 0.0207542 -0.275849 102.553 
-0.282128 0.0509441 0.958023 130.249 0.0391728 0.998368 -0.0415535 -7.56731 -0.958577 0.025805 -0.283663 102.351 
-0.288579 0.0511981 0.956086 130.94 0.0392924 0.998361 -0.0416021 -7.60878 -0.95665 0.0255614 -0.290118 102.152 
-0.293244 0.0492838 0.954767 131.628 0.0430561 0.998338 -0.0383088 -7.64812 -0.955068 0.0298747 -0.294879 101.948 
-0.295143 0.0466108 0.954315 132.315 0.049055 0.998231 -0.0335844 -7.68574 -0.954193 0.0369018 -0.296908 101.734 
-0.296198 0.0453129 0.954051 132.994 0.0555549 0.998 -0.0301525 -7.72202 -0.953509 0.0440711 -0.298123 101.522 
-0.297014 0.0438526 0.953866 133.67 0.0578479 0.997936 -0.027866 -7.75961 -0.953119 0.0469025 -0.298938 101.319 
-0.296708 0.0491527 0.953703 134.333 0.0602101 0.99765 -0.0326856 -7.79442 -0.953068 0.0477245 -0.29897 101.119 
-0.295361 0.0526067 0.953936 134.998 0.0601138 0.997528 -0.036398 -7.82701 -0.953493 0.0465942 -0.297793 100.924 
-0.294606 0.0526392 0.954168 135.656 0.062361 0.997412 -0.0357704 -7.86042 -0.953582 0.0489647 -0.297127 100.73 
-0.29289 0.051028 0.954784 136.317 0.0635695 0.997405 -0.0338052 -7.89589 -0.954031 0.0507939 -0.295374 100.536 
-0.290913 0.0481673 0.955536 136.972 0.0654297 0.997395 -0.0303572 -7.93551 -0.95451 0.0536891 -0.293307 100.343 
-0.289625 0.0487299 0.955899 137.619 0.0661689 0.997333 -0.0307938 -7.97231 -0.95485 0.0543321 -0.292077 100.157 
-0.287207 0.0512237 0.956498 138.258 0.0673866 0.997176 -0.033168 -8.00483 -0.955495 0.0549291 -0.289848 99.9759 
-0.282872 0.0529033 0.957698 138.895 0.069166 0.997003 -0.0346452 -8.03901 -0.956661 0.0564399 -0.285683 99.7959 
-0.277501 0.0520133 0.959316 139.527 0.0701376 0.996966 -0.0337659 -8.07302 -0.958162 0.0579141 -0.280307 99.6239 
-0.272067 0.0502477 0.960966 140.16 0.0717756 0.996914 -0.0318063 -8.10885 -0.959598 0.0603204 -0.274834 99.4542 
-0.267349 0.0481633 0.962395 140.785 0.0715266 0.996987 -0.0300247 -8.14442 -0.960942 0.0608098 -0.269988 99.2906 
-0.263216 0.047301 0.963577 141.403 0.071655 0.996997 -0.0293678 -8.17789 -0.962072 0.061315 -0.265815 99.1329 
-0.259398 0.0458244 0.964683 142.021 0.0722763 0.996994 -0.0279244 -8.20881 -0.963062 0.0624801 -0.26193 98.977 
-0.255489 0.0443983 0.965792 142.635 0.0757086 0.996796 -0.0257957 -8.23717 -0.963843 0.0665282 -0.258032 98.8203 
-0.251801 0.0427326 0.966835 143.245 0.0776748 0.996694 -0.0238228 -8.26531 -0.964657 0.0691001 -0.254288 98.6678 
-0.248513 0.0413961 0.967744 143.848 0.0758842 0.996848 -0.0231543 -8.29549 -0.965652 0.0676823 -0.250871 98.5274 
-0.244819 0.042205 0.96865 144.445 0.0731045 0.997012 -0.0249641 -8.32733 -0.966809 0.064701 -0.247173 98.3919 
-0.240173 0.0456042 0.969658 145.034 0.0738886 0.996857 -0.028582 -8.35551 -0.967914 0.0647821 -0.242788 98.2557 
-0.234374 0.0488416 0.970919 145.616 0.0756804 0.996623 -0.0318658 -8.38288 -0.969196 0.066011 -0.237279 98.1226 
-0.227689 0.049631 0.972468 146.202 0.074696 0.996648 -0.033376 -8.41255 -0.970865 0.0650401 -0.230633 97.9982 
-0.21933 0.04807 0.974466 146.79 0.071415 0.996897 -0.0331026 -8.4444 -0.973034 0.0623311 -0.222082 97.8873 
