1 2.12261e-08 -2.11895e-08 0 2.12261e-08 1 2.10703e-08 0 -2.11895e-08 2.10703e-08 1 0 
0.999998 0.000768866 0.00180027 -0.0229441 -0.00076708 0.999999 -0.000969023 -0.021088 -0.00180106 0.000967682 0.999998 1.21708 
0.999994 0.00109308 0.00335891 -0.0442382 -0.00109114 0.999999 -0.000566609 -0.0395339 -0.00335957 0.000562983 0.999994 2.42862 
0.999991 0.000452167 0.00427359 -0.0557107 -0.000451145 1 -0.000230207 -0.061304 -0.00427373 0.000228319 0.999991 3.64328 
0.999987 0.000160477 0.00512071 -0.0760953 -0.000160982 1 0.000106463 -0.0872608 -0.00512074 -0.000107244 0.999987 4.85111 
0.999983 -4.71389e-05 0.00589206 -0.0885185 4.59811e-05 1 0.000203869 -0.108603 -0.00589211 -0.000203552 0.999983 6.0559 
0.99998 -4.65807e-05 0.006408 -0.0998712 5.18331e-05 1 -0.00081285 -0.131499 -0.006408 0.000813207 0.999979 7.25974 
0.999975 -0.000296349 0.00711987 -0.112002 0.000303503 0.999999 -0.000997686 -0.15463 -0.00711961 0.000999864 0.999974 8.45984 
0.999974 -0.000818369 0.00710658 -0.123067 0.000814569 1 0.000543642 -0.177072 -0.00710706 -0.000537797 0.999975 9.6764 
0.999981 -0.00138471 0.00601823 -0.142968 0.00137692 0.999998 0.00130548 -0.19359 -0.00602007 -0.00129713 0.999981 10.8885 
0.99999 -0.00256736 0.00365626 -0.16344 0.00256413 0.999996 0.000897986 -0.215102 -0.00365859 -0.000888559 0.999993 12.0876 
0.999996 -0.00225673 0.00165925 -0.181615 0.00225589 0.999997 0.000532205 -0.236357 -0.00166049 -0.000528418 0.999999 13.293 
0.999998 -0.00204435 0.000523073 -0.206533 0.00204422 0.999998 0.000328802 -0.257886 -0.000523787 -0.000327689 1 14.5142 
1 -0.000501975 -0.00012461 -0.237276 0.000502027 1 7.71256e-05 -0.278568 0.000124528 -7.7146e-05 1 15.7267 
0.999999 -0.00106028 -0.000466547 -0.266719 0.00106035 0.999999 6.99969e-05 -0.300782 0.00046643 -7.04493e-05 1 16.9443 
0.999998 -0.00165577 -0.000989489 -0.293297 0.00165647 0.999998 0.00066219 -0.324004 0.000988349 -0.000663786 0.999999 18.1611 
0.999997 -0.00214871 -0.00125572 -0.323438 0.00214992 0.999997 0.000934989 -0.347226 0.00125367 -0.000937643 0.999999 19.3813 
0.999997 -0.00189406 -0.00178184 -0.352826 0.00189421 0.999998 5.50474e-05 -0.371128 0.00178169 -5.83802e-05 0.999998 20.599 
0.999994 -0.00234139 -0.00251976 -0.374684 0.00233964 0.999997 -0.000715113 -0.392839 0.00252138 0.000709255 0.999997 21.8029 
0.999993 -0.00102311 -0.00358098 -0.393158 0.00102199 0.999999 -0.000326578 -0.406708 0.00358127 0.000322958 0.999994 23.0237 
0.99999 -0.00112721 -0.00434862 -0.41862 0.00112463 0.999999 -0.000605406 -0.427074 0.00434925 0.000600552 0.99999 24.2469 
0.999986 -0.00109801 -0.00526245 -0.445174 0.00109088 0.999999 -0.00136426 -0.448138 0.00526389 0.00135854 0.999985 25.4619 
0.99998 -0.000461185 -0.00624786 -0.472966 0.00045644 1 -0.000767734 -0.466673 0.00624817 0.00076491 0.99998 26.6721 
0.999974 -0.0019713 -0.00694975 -0.5013 0.00197922 0.999997 0.00112676 -0.492358 0.00694747 -0.00114044 0.999975 27.8916 
0.999964 -0.00224561 -0.00822206 -0.526123 0.00225581 0.999997 0.00122672 -0.513375 0.00821924 -0.00124518 0.999965 29.1105 
0.999955 -0.0028164 -0.00910149 -0.556809 0.00281943 0.999996 0.000316279 -0.532791 0.00910052 -0.000341883 0.999959 30.3167 
0.999943 -0.00330777 -0.0101565 -0.584735 0.00330026 0.999994 -0.000759768 -0.553515 0.0101589 0.000726248 0.999948 31.5309 
0.999935 -0.00299139 -0.0109643 -0.619505 0.00298303 0.999995 -0.000782926 -0.574622 0.0109666 0.000750211 0.99994 32.7401 
0.999926 -0.00373152 -0.0115891 -0.653271 0.00372932 0.999993 -0.00021536 -0.596615 0.0115898 0.000172167 0.999933 33.9551 
0.999912 -0.00423441 -0.0125666 -0.68512 0.00423674 0.999991 0.000155437 -0.618959 0.0125658 -0.000208622 0.999921 35.1576 
0.999899 -0.00498524 -0.0133195 -0.719702 0.00498719 0.999988 0.000110611 -0.644256 0.0133188 -0.000176984 0.999911 36.3569 
0.999891 -0.00532093 -0.0137664 -0.75949 0.0053231 0.999986 0.000117438 -0.666419 0.0137655 -0.000190662 0.999905 37.5755 
0.999885 -0.00607788 -0.0139309 -0.797814 0.00608663 0.999981 0.000583101 -0.684688 0.013927 -0.000667784 0.999903 38.7944 
0.999885 -0.00599367 -0.0139446 -0.836381 0.00602109 0.99998 0.00192257 -0.708436 0.0139328 -0.00200626 0.999901 40.0077 
0.999886 -0.00567294 -0.013991 -0.874636 0.0057109 0.99998 0.00267225 -0.727095 0.0139756 -0.00275181 0.999899 41.2341 
0.999892 -0.00489056 -0.0138303 -0.915056 0.00492183 0.999985 0.00222473 -0.746637 0.0138192 -0.00229252 0.999902 42.4612 
0.999902 -0.00379819 -0.0134772 -0.957783 0.00382821 0.99999 0.00219934 -0.765477 0.0134687 -0.00225068 0.999907 43.6836 
0.999919 -0.0010343 -0.0126989 -1.00425 0.00108497 0.999992 0.00398098 -0.782241 0.0126946 -0.00399439 0.999911 44.9004 
0.99994 -0.00121034 -0.010908 -1.04349 0.00128808 0.999974 0.00711909 -0.801248 0.0108991 -0.00713267 0.999915 46.1133 
0.99996 -0.000617191 -0.00895664 -1.08188 0.000705893 0.999951 0.00989903 -0.813186 0.00895005 -0.00990491 0.999911 47.3235 
0.999971 -0.0002794 -0.00758996 -1.1117 0.000379695 0.999913 0.0132104 -0.821724 0.00758556 -0.0132129 0.999884 48.5387 
0.999979 -0.00125115 -0.00630755 -1.14033 0.00134254 0.999894 0.0144998 -0.828081 0.0062887 -0.014508 0.999875 49.7587 
0.999984 -0.00338962 -0.00463919 -1.16882 0.00344967 0.99991 0.0129884 -0.83033 0.0045947 -0.0130041 0.999905 50.9725 
0.999991 -0.00225295 -0.00358899 -1.19453 0.00229307 0.999935 0.0112035 -0.834539 0.00356347 -0.0112115 0.999931 52.1825 
0.999994 -0.00187412 -0.00275801 -1.22141 0.00190352 0.999941 0.0106798 -0.841019 0.00273779 -0.010685 0.999939 53.3972 
0.999994 -0.00229745 -0.00270996 -1.24555 0.00232486 0.999946 0.0101388 -0.848747 0.00268648 -0.010145 0.999945 54.6112 
0.99999 -0.00300787 -0.00342071 -1.27416 0.00303899 0.999954 0.00911608 -0.858204 0.00339309 -0.00912634 0.999953 55.8315 
0.999984 -0.00283214 -0.00495352 -1.30383 0.00287906 0.999951 0.00948278 -0.867571 0.00492637 -0.00949685 0.999943 57.0549 
0.999977 -0.00285942 -0.00621488 -1.33557 0.00292613 0.999938 0.0107431 -0.877469 0.00618373 -0.010761 0.999923 58.2774 
0.99997 -0.00302134 -0.00712126 -1.36845 0.00309951 0.999935 0.0109855 -0.886631 0.00708756 -0.0110072 0.999914 59.4993 
0.999967 -0.00204653 -0.00791474 -1.40131 0.00213116 0.999941 0.0106928 -0.894881 0.00789234 -0.0107093 0.999912 60.7156 
0.999965 -0.00170578 -0.00818307 -1.439 0.00179301 0.999942 0.0106596 -0.906086 0.00816436 -0.0106739 0.99991 61.93 
0.999962 -0.00259016 -0.00838132 -1.47145 0.00267583 0.999944 0.0102209 -0.9172 0.00835434 -0.0102429 0.999913 63.1367 
0.999955 -0.00361983 -0.00872054 -1.49986 0.00369958 0.999951 0.00914193 -0.925894 0.00868698 -0.00917374 0.99992 64.3529 
0.999949 -0.00410241 -0.00917965 -1.53028 0.00419701 0.999938 0.0103058 -0.934597 0.00913676 -0.0103437 0.999905 65.5651 
0.999948 -0.00428891 -0.00930649 -1.56512 0.00439943 0.99992 0.0118831 -0.946614 0.00925474 -0.0119234 0.999886 66.7706 
0.999949 -0.00354003 -0.0094759 -1.59771 0.00363637 0.999942 0.0101651 -0.955277 0.00943932 -0.010199 0.999903 67.9749 
0.999957 -0.00184285 -0.00912912 -1.63965 0.00192519 0.999958 0.00901439 -0.965577 0.00911208 -0.00903153 0.999918 69.1841 
0.99996 0.000470811 -0.00892631 -1.68072 -0.000386936 0.999956 0.00939112 -0.977576 0.00893029 -0.00938724 0.999916 70.3893 
0.999962 0.00246874 -0.00836186 -1.72447 -0.00238908 0.999952 0.00951875 -0.987953 0.00838492 -0.00949836 0.99992 71.5803 
0.999962 0.00421192 -0.007698 -1.76726 -0.00413516 0.999942 0.0099544 -0.997173 0.00773944 -0.00992214 0.999921 72.7739 
0.999967 0.00505425 -0.00638751 -1.80146 -0.00498524 0.99993 0.0107677 -1.00556 0.00644144 -0.0107354 0.999922 73.9645 
0.999969 0.00665933 -0.00429705 -1.83359 -0.00660937 0.999912 0.0115288 -1.01599 0.0043734 -0.0115 0.999924 75.1573 
0.999985 0.00522985 -0.00150101 -1.86015 -0.00521552 0.999943 0.00936945 -1.0281 0.00154989 -0.00936144 0.999955 76.3495 
0.999997 0.00233841 0.000931513 -1.87243 -0.00234248 0.999987 0.00444591 -1.03984 -0.000921147 -0.00444803 0.99999 77.5379 
0.999989 0.00338573 0.00340404 -1.89071 -0.00339873 0.999987 0.00383216 -1.05224 -0.00339106 -0.00384365 0.999987 78.7159 
0.999977 0.00246326 0.00627772 -1.90506 -0.00251044 0.999969 0.00752435 -1.07157 -0.00625903 -0.0075399 0.999952 79.9001 
0.999949 0.00294107 0.00969368 -1.91691 -0.00302664 0.999956 0.00882935 -1.0852 -0.00966734 -0.0088582 0.999914 81.0805 
0.999894 0.00341948 0.0141495 -1.92528 -0.00351777 0.99997 0.00693044 -1.09629 -0.0141254 -0.00697944 0.999876 82.25 
0.999832 0.002788 0.0181337 -1.92643 -0.00285974 0.999988 0.00393373 -1.11299 -0.0181226 -0.00398489 0.999828 83.4148 
0.999762 0.00135849 0.0217935 -1.92276 -0.00137426 0.999999 0.000710297 -1.1327 -0.0217925 -0.000740036 0.999762 84.5729 
0.999668 0.00111503 0.0257467 -1.91826 -0.00110839 0.999999 -0.000270448 -1.15455 -0.0257471 0.000241863 0.999669 85.7259 
0.999564 0.000750065 0.029528 -1.90433 -0.000796317 0.999999 0.00155611 -1.17555 -0.0295268 -0.0015789 0.999563 86.8849 
0.999429 0.00202167 0.033728 -1.89769 -0.00208828 0.999996 0.00194109 -1.19615 -0.033724 -0.00201037 0.999429 88.0609 
0.999274 0.00165739 0.0380718 -1.8857 -0.00165383 0.999999 -0.000123925 -1.21801 -0.038072 6.09118e-05 0.999275 89.2346 
0.99913 0.0014589 0.0416766 -1.8617 -0.0013583 0.999996 -0.0024411 -1.24042 -0.0416801 0.00238241 0.999128 90.4029 
0.998997 0.00137875 0.0447655 -1.82732 -0.00125611 0.999995 -0.00276678 -1.26192 -0.0447691 0.00270781 0.998994 91.5688 
0.998862 -4.29136e-05 0.0476881 -1.79151 0.000117036 0.999999 -0.00155061 -1.28352 -0.047688 0.00155447 0.998861 92.736 
0.998743 -0.000775511 0.0501282 -1.74621 0.000780071 1 -7.05429e-05 -1.30339 -0.0501281 0.000109599 0.998743 93.9074 
0.99861 -0.00156533 0.0526872 -1.70091 0.00148378 0.999998 0.00158781 -1.32112 -0.0526896 -0.00150739 0.99861 95.0808 
0.998473 -0.00319887 0.055157 -1.66093 0.00305634 0.999992 0.00266906 -1.342 -0.0551651 -0.00249637 0.998474 96.2457 
0.998349 -0.00423396 0.0572823 -1.60521 0.00421448 0.999991 0.000461709 -1.36065 -0.0572838 -0.000219491 0.998358 97.4261 
0.9982 -0.00536475 0.0597317 -1.56093 0.00556168 0.99998 -0.00313037 -1.37856 -0.0597137 0.00345698 0.99821 98.5904 
0.998092 -0.00474425 0.0615623 -1.50567 0.00512823 0.999968 -0.00607989 -1.39927 -0.0615315 0.00638404 0.998085 99.7657 
0.997981 -0.00478594 0.0633365 -1.45619 0.00523381 0.999962 -0.00690662 -1.42585 -0.0633011 0.00722421 0.997968 100.953 
0.997955 -0.00477473 0.063746 -1.40464 0.0051936 0.999966 -0.00640615 -1.44987 -0.0637133 0.00672416 0.997946 102.157 
0.997998 -0.00450682 0.0630901 -1.35577 0.00480945 0.999978 -0.00464512 -1.47537 -0.0630678 0.00493929 0.997997 103.375 
0.998077 -0.00509202 0.0617704 -1.30286 0.00530819 0.99998 -0.00333519 -1.49293 -0.0617522 0.00365671 0.998085 104.589 
0.998194 -0.00472786 0.0598855 -1.25254 0.00488795 0.999985 -0.00252627 -1.51385 -0.0598727 0.00281446 0.998202 105.802 
0.998329 -0.00478771 0.0575944 -1.21791 0.00491245 0.999986 -0.0020237 -1.53504 -0.0575839 0.00230329 0.998338 107.049 
0.998505 -0.00426811 0.0544932 -1.17129 0.00439408 0.999988 -0.00219123 -1.55245 -0.0544833 0.00242744 0.998512 108.286 
0.998702 -0.00289493 0.0508559 -1.1415 0.00303569 0.999992 -0.0026898 -1.57319 -0.0508477 0.00284073 0.998702 109.505 
0.998896 -0.00248034 0.0469087 -1.10225 0.0025997 0.999994 -0.00248275 -1.58962 -0.0469023 0.002602 0.998896 110.744 
0.999081 -0.00200671 0.0428211 -1.06824 0.00207349 0.999997 -0.0015141 -1.60996 -0.0428179 0.00160154 0.999082 111.982 
0.999251 -0.00151193 0.0386773 -1.04343 0.00154741 0.999998 -0.0008865 -1.62894 -0.0386759 0.000945726 0.999251 113.203 
0.9994 -0.00147009 0.0345991 -1.04174 0.00148247 0.999999 -0.000330888 -1.64859 -0.0345986 0.000382023 0.999401 114.447 
0.999553 -0.000757173 0.0298946 -1.02554 0.000768061 1 -0.000351319 -1.66693 -0.0298944 0.000374164 0.999553 115.687 
0.999686 4.92245e-05 0.0250433 -1.02049 -3.72322e-05 1 -0.000477614 -1.69126 -0.0250433 0.000476573 0.999686 116.944 
0.999798 0.000417061 0.0200993 -1.01535 -0.00039854 1 -0.000923339 -1.70911 -0.0200997 0.000915184 0.999798 118.208 
0.999878 0.00139795 0.0155315 -1.02429 -0.00137454 0.999998 -0.00151481 -1.72987 -0.0155337 0.00149332 0.999878 119.466 
0.999918 0.00342706 0.0123508 -1.03877 -0.0034046 0.999993 -0.00183557 -1.74776 -0.012357 0.00179341 0.999922 120.711 
0.999933 0.00537186 0.0102477 -1.0528 -0.00535473 0.999984 -0.00169406 -1.7723 -0.0102567 0.00163912 0.999946 121.984 
0.999935 0.00652325 0.00935703 -1.07257 -0.00650467 0.999977 -0.00201081 -1.79325 -0.00936997 0.00194986 0.999954 123.259 
0.999928 0.00869922 0.00827411 -1.08388 -0.00868373 0.999961 -0.00190089 -1.81429 -0.00829036 0.00182894 0.999964 124.529 
0.999923 0.00997951 0.00743936 -1.10274 -0.00997154 0.99995 -0.00110273 -1.83739 -0.00745004 0.00102851 0.999972 125.797 
0.999926 0.00998617 0.00697011 -1.11776 -0.00998187 0.99995 -0.000645671 -1.86105 -0.00697625 0.00057609 0.999976 127.059 
0.999891 0.0134648 0.00607594 -1.13752 -0.0134733 0.999908 0.001369 -1.88019 -0.006057 -0.00145067 0.999981 128.322 
0.999881 0.0144619 0.00545411 -1.16158 -0.014486 0.999885 0.00440419 -1.89254 -0.00538984 -0.00448263 0.999975 129.604 
0.999901 0.0132396 0.0048291 -1.18152 -0.0132586 0.999904 0.00392742 -1.90565 -0.00477669 -0.00399102 0.999981 130.879 
0.999904 0.0131569 0.00440722 -1.20801 -0.0131678 0.99991 0.00245349 -1.92088 -0.00437459 -0.00251124 0.999987 132.163 
0.99994 0.0102612 0.00371457 -1.23207 -0.0102736 0.999942 0.00335141 -1.93229 -0.00368001 -0.00338933 0.999988 133.447 
0.999966 0.00786482 0.00252473 -1.25391 -0.00787802 0.999955 0.00528045 -1.94984 -0.00248313 -0.00530011 0.999983 134.748 
0.999988 0.00439133 0.0020581 -1.27557 -0.00440549 0.999966 0.00694872 -1.96117 -0.00202755 -0.00695766 0.999974 136.037 
0.999996 0.00231278 0.00163295 -1.29619 -0.00232596 0.999964 0.00814228 -1.97802 -0.0016141 -0.008146 0.999966 137.328 
0.999997 -0.00190555 0.00176107 -1.31141 0.00189453 0.999979 0.00626277 -1.98949 -0.00177301 -0.00625937 0.999979 138.608 
0.999988 -0.00439652 0.00194989 -1.33064 0.00438613 0.999976 0.00532449 -2.00215 -0.0019733 -0.00531583 0.999984 139.887 
0.999981 -0.00587227 0.00213692 -1.34915 0.00586118 0.999969 0.00518081 -2.01763 -0.00216732 -0.00516814 0.999984 141.168 
0.999978 -0.00604144 0.00268437 -1.3717 0.00602675 0.999967 0.00546323 -2.0304 -0.00271733 -0.0054469 0.999982 142.452 
0.999981 -0.00538737 0.00298672 -1.38616 0.0053652 0.999958 0.00739319 -2.04271 -0.00302647 -0.00737698 0.999968 143.741 
0.999988 -0.00298721 0.00379245 -1.41074 0.00295388 0.999957 0.00877505 -2.05448 -0.00381854 -0.00876371 0.999954 145.035 
0.999985 -0.0033085 0.00439036 -1.42743 0.00327717 0.999969 0.00713414 -2.07151 -0.00441388 -0.00711961 0.999965 146.322 
0.999984 -0.00266369 0.00503212 -1.44928 0.00263805 0.999984 0.00510282 -2.08422 -0.00504568 -0.00508942 0.999974 147.62 
0.999979 -0.00297194 0.00571976 -1.47017 0.00295638 0.999992 0.00273323 -2.105 -0.00572788 -0.00271622 0.99998 148.903 
0.999974 -0.00405035 0.00596395 -1.48308 0.00405914 0.999991 -0.0014563 -2.12436 -0.00595804 0.00148051 0.999981 150.196 
0.999971 -0.00401162 0.00643872 -1.49957 0.00404399 0.999979 -0.00501561 -2.14917 -0.0064185 0.00504154 0.999967 151.481 
0.999969 -0.00423632 0.00666151 -1.51698 0.00427603 0.999973 -0.00595155 -2.17864 -0.00663616 0.00597989 0.99996 152.772 
0.999967 -0.00452589 0.00670137 -1.53396 0.00456352 0.999974 -0.00560493 -2.21162 -0.00667587 0.00563538 0.999962 154.059 
0.99997 -0.00405235 0.00660236 -1.5515 0.0040866 0.999978 -0.00517675 -2.24169 -0.00658128 0.00520362 0.999965 155.341 
0.999974 -0.00323017 0.00647949 -1.56853 0.00325717 0.999986 -0.00415308 -2.27133 -0.00646603 0.00417412 0.99997 156.633 
0.999977 -0.00265971 0.00622052 -1.58721 0.00268249 0.99999 -0.00365082 -2.29893 -0.00621079 0.00366746 0.999974 157.921 
0.999982 -0.00259409 0.00537446 -1.5975 0.00261588 0.999988 -0.00404416 -2.32828 -0.00536395 0.00405819 0.999977 159.184 
0.999987 -0.00209792 0.00462817 -1.61332 0.00211525 0.999991 -0.00373261 -2.35536 -0.00462034 0.00374239 0.999982 160.458 
0.999988 -0.00258711 0.00413162 -1.63907 0.00259833 0.999993 -0.0027028 -2.37999 -0.00412464 0.00271355 0.999988 161.774 
0.999992 -0.0018822 0.00347681 -1.6606 0.00189046 0.999995 -0.00236072 -2.40871 -0.00347239 0.00236731 0.999991 163.052 
0.999995 -0.00147538 0.00285703 -1.6815 0.00148496 0.999993 -0.00334078 -2.43594 -0.00285212 0.00334504 0.99999 164.331 
0.999997 -0.00120959 0.0021051 -1.70353 0.00121928 0.999989 -0.00458601 -2.46252 -0.00209957 0.0045886 0.999987 165.597 
0.999999 -0.000453064 0.00141267 -1.72747 0.000459521 0.99999 -0.00454352 -2.49332 -0.00141064 0.0045442 0.999989 166.861 
0.999999 -0.000923613 0.000777123 -1.75126 0.000927812 0.999985 -0.00536454 -2.52423 -0.000772199 0.0053653 0.999985 168.136 
1 -0.0005302 -9.14342e-05 -1.77334 0.000529642 0.999979 -0.00644676 -2.55272 9.48082e-05 0.00644676 0.999979 169.417 
1 -0.000288139 -0.000943552 -1.79785 0.000282318 0.999981 -0.00620811 -2.58062 0.00094528 0.00620789 0.99998 170.708 
0.999998 -0.000114419 -0.00178452 -1.82247 0.000105653 0.999988 -0.00493559 -2.61038 0.00178502 0.00493543 0.999986 171.998 
0.999996 -0.000355199 -0.00279467 -1.84781 0.000342416 0.999989 -0.00458814 -2.63913 0.00279623 0.00458721 0.999986 173.271 
0.999993 -6.07976e-06 -0.00382557 -1.8698 -1.02272e-05 0.999991 -0.00427368 -2.66623 0.00382552 0.00427373 0.999984 174.563 
0.999989 0.000351807 -0.00474367 -1.89926 -0.000371009 0.999992 -0.00405651 -2.69483 0.00474217 0.00405827 0.999981 175.843 
0.999987 0.000610584 -0.00503764 -1.93523 -0.000635453 0.999988 -0.00494487 -2.72261 0.00503451 0.00494805 0.999975 177.122 
0.999983 0.00156552 -0.00564478 -1.96718 -0.00159646 0.999984 -0.00548858 -2.75092 0.00563605 0.00549754 0.999969 178.401 
0.999981 0.00163839 -0.00589331 -2.00291 -0.00166848 0.999986 -0.00511049 -2.78152 0.00588481 0.00512027 0.99997 179.683 
0.999982 0.00168374 -0.00584717 -2.03772 -0.00172032 0.999979 -0.00626381 -2.81053 0.00583646 0.00627379 0.999963 180.963 
0.999981 0.000361031 -0.00609829 -2.0657 -0.000408841 0.999969 -0.00784744 -2.84006 0.00609523 0.00784983 0.999951 182.24 
0.999975 -0.00287812 -0.00650846 -2.09128 0.00282842 0.999967 -0.00763895 -2.87256 0.00653019 0.00762039 0.99995 183.516 
0.999973 -0.00252347 -0.00694656 -2.12151 0.00249698 0.99999 -0.00382665 -2.9041 0.00695611 0.00380924 0.999969 184.788 
0.999971 -0.00336136 -0.00688436 -2.15328 0.00336499 0.999994 0.000509749 -2.9315 0.00688257 -0.000532857 0.999976 186.064 
0.999976 -0.000992271 -0.00685874 -2.18517 0.000991238 1 -0.000160213 -2.95032 0.00685885 0.000153453 0.999977 187.32 
0.999977 0.000353257 -0.00670531 -2.22077 -0.000376534 0.999994 -0.00347689 -2.97388 0.006704 0.00347938 0.999972 188.561 
0.999974 0.000976136 -0.00718318 -2.2514 -0.00101501 0.999985 -0.00541587 -2.99835 0.00717774 0.00542306 0.99996 189.81 
0.999974 0.000556252 -0.00726103 -2.2854 -0.000592933 0.999987 -0.00505645 -3.02845 0.00725808 0.00506066 0.999961 191.059 
0.999975 0.000444231 -0.00701038 -2.3179 -0.000470838 0.999993 -0.0038002 -3.06036 0.00700859 0.00380345 0.999968 192.321 
0.999978 0.000621373 -0.00662185 -2.35138 -0.000632873 0.999998 -0.00174116 -3.08882 0.00662072 0.00174536 0.999977 193.576 
0.999983 -1.28962e-05 -0.00583309 -2.37833 7.66708e-06 1 -0.000903737 -3.11542 0.00583306 0.000903719 0.999983 194.84 
0.999991 -5.60956e-05 -0.00414266 -2.41159 4.99906e-05 0.999999 -0.001484 -3.14329 0.00414269 0.00148382 0.99999 196.089 
0.999995 -0.00120392 -0.00278331 -2.43696 0.00119602 0.999995 -0.00285227 -3.17141 0.00278669 0.00284897 0.999992 197.34 
0.999998 -0.00144688 -0.00150685 -2.46291 0.00144058 0.99999 -0.00420065 -3.20385 0.00151287 0.00419852 0.99999 198.573 
0.999998 -0.00210855 -9.29838e-05 -2.48529 0.00210814 0.999987 -0.00458598 -3.23497 0.00010261 0.00458582 0.99999 199.794 
0.999998 -0.00156297 0.00139227 -2.51135 0.00156856 0.999991 -0.00398978 -3.26232 -0.00138606 0.00399199 0.999991 201.025 
0.999994 -0.00212945 0.00275868 -2.53152 0.00213464 0.999996 -0.00186663 -3.29494 -0.00275474 0.00187255 0.999994 202.246 
0.999993 -0.00107879 0.00363839 -2.54941 0.00108414 0.999998 -0.00145627 -3.32043 -0.00363685 0.00146024 0.999992 203.462 
0.999988 -0.00144039 0.0046536 -2.56464 0.00144718 0.999998 -0.00144659 -3.34609 -0.00465155 0.00145335 0.999988 204.684 
0.999985 -0.000817742 0.00545382 -2.57255 0.000825306 0.999999 -0.00137702 -3.36846 -0.00545273 0.00138154 0.999984 205.915 
0.999978 -0.000988355 0.00658093 -2.59033 0.000996087 0.999999 -0.00116527 -3.39279 -0.00657982 0.00117184 0.999978 207.126 
0.999971 -0.000770495 0.00763414 -2.60938 0.000780035 0.999999 -0.00124117 -3.42077 -0.00763322 0.00124713 0.99997 208.33 
0.999965 -0.00111702 0.00832042 -2.62113 0.00112615 0.999999 -0.00108831 -3.44862 -0.00831924 0.00109768 0.999965 209.523 
0.999959 -0.00215232 0.00882414 -2.63063 0.00216081 0.999997 -0.000947363 -3.4759 -0.00882212 0.000966433 0.999961 210.706 
0.999958 -0.00242111 0.00880637 -2.63552 0.00242272 0.999997 -0.000167199 -3.50211 -0.00880598 0.00018857 0.999961 211.876 
0.999961 -0.00298551 0.0083315 -2.64295 0.00297762 0.999995 0.000963978 -3.52774 -0.00833438 -0.00093909 0.999965 213.018 
0.999968 -0.00279321 0.00754348 -2.65395 0.00278617 0.999996 0.000948985 -3.55411 -0.00754614 -0.000927895 0.999971 214.143 
0.999973 -0.00254778 0.00686079 -2.66327 0.00254676 0.999997 0.000164397 -3.57997 -0.00686123 -0.000146878 0.999976 215.251 
0.999976 -0.00239933 0.00658024 -2.68297 0.00240256 0.999997 -0.000475297 -3.60617 -0.00657913 0.000491137 0.999978 216.367 
0.999978 -0.0024111 0.0061316 -2.70205 0.0024148 0.999997 -0.000589524 -3.6333 -0.0061302 0.000604359 0.999981 217.463 
0.999985 -0.00287362 0.00463071 -2.71434 0.00287619 0.999996 -0.000540783 -3.65738 -0.00462918 0.000554136 0.999989 218.527 
0.999991 -0.00336456 0.00257569 -2.72405 0.00336403 0.999994 0.000224269 -3.68011 -0.00257647 -0.00021556 0.999997 219.581 
0.99999 -0.00455948 0.000165463 -2.73442 0.00455921 0.999988 0.00181407 -3.70078 -0.000173775 -0.00181325 0.999998 220.638 
0.999989 -0.00416575 -0.00211587 -2.75638 0.00417323 0.999985 0.00351845 -3.72185 0.00210114 -0.0035272 0.999992 221.686 
0.999982 -0.00383845 -0.00457095 -2.78097 0.00385475 0.999986 0.00355488 -3.7421 0.0045572 -0.0035724 0.999983 222.717 
0.999966 -0.00367629 -0.00734124 -2.80105 0.00369934 0.999988 0.00312242 -3.76228 0.00732964 -0.00314943 0.999968 223.732 
0.999938 -0.00379365 -0.0104322 -2.82184 0.00382778 0.999987 0.0032494 -3.77995 0.0104197 -0.00328909 0.99994 224.728 
0.999904 -0.00326452 -0.0134526 -2.84847 0.00331501 0.999988 0.00372935 -3.79858 0.0134402 -0.00377354 0.999903 225.697 
0.999855 -0.00313992 -0.0167688 -2.86429 0.00320059 0.999988 0.00358991 -3.82092 0.0167572 -0.00364301 0.999853 226.665 
0.999792 -0.00329125 -0.020139 -2.89495 0.00335577 0.999989 0.00316887 -3.84037 0.0201283 -0.00323575 0.999792 227.587 
0.999713 -0.00354465 -0.0236785 -2.92507 0.00360716 0.99999 0.00259585 -3.85978 0.023669 -0.00268048 0.999716 228.483 
0.999632 -0.00248764 -0.027 -2.96322 0.00255435 0.999994 0.00243503 -3.87932 0.0269937 -0.00250306 0.999633 229.348 
0.999542 -0.00224364 -0.030195 -3.00283 0.00230096 0.999996 0.00186228 -3.89943 0.0301907 -0.00193086 0.999542 230.187 
0.999475 -0.00026178 -0.0324038 -3.04843 0.000323922 0.999998 0.00191122 -3.9178 0.0324032 -0.00192067 0.999473 231.015 
0.999456 0.000474045 -0.0329856 -3.09178 -0.000395454 0.999997 0.00238782 -3.93422 0.0329866 -0.00237343 0.999453 231.825 
0.999462 0.000416497 -0.0327822 -3.13206 -0.000302236 0.999994 0.00348906 -3.95122 0.0327834 -0.00347723 0.999456 232.609 
0.999488 0.000724173 -0.0319862 -3.17541 -0.000587244 0.999991 0.00428879 -3.96692 0.0319889 -0.00426776 0.999479 233.377 
0.999503 0.000706112 -0.0315261 -3.21397 -0.000584848 0.999992 0.00385422 -3.98146 0.0315286 -0.00383382 0.999496 234.125 
0.999512 0.00113248 -0.0312161 -3.25144 -0.00107297 0.999998 0.00192175 -3.99623 0.0312182 -0.00188727 0.999511 234.862 
0.999538 0.00119941 -0.0303763 -3.28718 -0.0012039 0.999999 -0.000130772 -4.01174 0.030376 0.000167325 0.999539 235.594 
0.999574 0.00109875 -0.0291621 -3.32329 -0.00113977 0.999998 -0.00139148 -4.02857 0.0291605 0.00142416 0.999574 236.321 
0.999612 0.00165049 -0.0278199 -3.3573 -0.00170214 0.999997 -0.00183482 -4.04405 0.0278168 0.0018815 0.999611 237.047 
0.999657 0.00113183 -0.0261484 -3.38345 -0.00118419 0.999997 -0.00198879 -4.05786 0.026146 0.00201911 0.999656 237.782 
0.999705 0.000962328 -0.0242847 -3.41136 -0.00101211 0.999997 -0.00203932 -4.07226 0.0242827 0.00206334 0.999703 238.507 
0.999748 0.00103369 -0.0224337 -3.43636 -0.00108482 0.999997 -0.00226868 -4.0875 0.0224312 0.00229248 0.999746 239.231 
0.999792 0.000806597 -0.0203678 -3.46043 -0.000858342 0.999996 -0.00253401 -4.1027 0.0203656 0.00255101 0.999789 239.953 
0.999848 0.00088064 -0.0174282 -3.48554 -0.000917072 0.999997 -0.00208494 -4.11858 0.0174263 0.00210065 0.999846 240.68 
0.999899 -9.07848e-05 -0.0142469 -3.50435 6.82881e-05 0.999999 -0.0015825 -4.1296 0.014247 0.00158141 0.999897 241.404 
0.999937 -0.00103057 -0.0112054 -3.52384 0.00101682 0.999999 -0.00123619 -4.14419 0.0112066 0.00122476 0.999936 242.126 
0.999966 -0.00130192 -0.00818638 -3.53716 0.00129211 0.999998 -0.00120836 -4.15855 0.0081879 0.00119778 0.999966 242.832 
0.999986 -0.00160682 -0.00509903 -3.55342 0.00159886 0.999998 -0.00157331 -4.17163 0.0051015 0.00156518 0.999986 243.535 
0.999997 -0.00167858 -0.00195388 -3.56825 0.00167497 0.999997 -0.00187067 -4.18331 0.00195697 0.00186744 0.999996 244.23 
0.999999 -0.000817634 0.00115208 -3.58132 0.000820785 0.999996 -0.00270015 -4.19724 -0.00114991 0.00270114 0.999996 244.918 
0.999991 -0.000556422 0.00425141 -3.59014 0.000570635 0.999994 -0.0033327 -4.2105 -0.00424957 0.00333513 0.999985 245.622 
0.999974 -0.000528123 0.00722475 -3.59864 0.00054564 0.999997 -0.00241691 -4.22518 -0.00722349 0.00242083 0.999971 246.329 
0.999949 -0.00011036 0.0101329 -3.60512 0.000128807 0.999998 -0.00181563 -4.23854 -0.0101327 0.00181688 0.999947 247.036 
0.99992 -0.000305872 0.0126511 -3.60998 0.000330669 0.999998 -0.00195463 -4.25299 -0.0126505 0.0019587 0.999918 247.739 
0.999885 -5.83407e-05 0.0151475 -3.61279 0.000112451 0.999994 -0.00356856 -4.26635 -0.0151472 0.00356989 0.999879 248.446 
0.999858 0.000350208 0.0168479 -3.61245 -0.000248632 0.999982 -0.00602818 -4.27917 -0.0168497 0.00602317 0.99984 249.156 
0.999839 -0.000801745 0.0179485 -3.61009 0.000937249 0.999971 -0.00754007 -4.29415 -0.017942 0.00755572 0.999811 249.873 
0.999837 -0.000609448 0.0180727 -3.60794 0.000753721 0.999968 -0.00797483 -4.31012 -0.0180673 0.00798719 0.999805 250.594 
0.999833 -0.0015448 0.0182201 -3.60756 0.00169735 0.999964 -0.00835774 -4.32797 -0.0182065 0.00838731 0.999799 251.317 
0.999829 -0.000310673 0.0184701 -3.60677 0.000471493 0.999962 -0.00870104 -4.34569 -0.0184667 0.0087083 0.999792 252.053 
0.999822 0.000522228 0.0188816 -3.60822 -0.000347527 0.999957 -0.00925226 -4.36428 -0.0188857 0.00924409 0.999779 252.785 
0.999811 -0.000403272 0.0194323 -3.61747 0.000621528 0.999937 -0.0112247 -4.37915 -0.0194266 0.0112347 0.999748 253.551 
0.999788 -0.00427166 0.020165 -3.62312 0.00454251 0.9999 -0.0134027 -4.39696 -0.0201058 0.0134915 0.999707 254.322 
0.999752 -0.00743291 0.0210035 -3.61666 0.00773171 0.99987 -0.0141792 -4.41666 -0.0208954 0.0143381 0.999679 255.089 
0.999746 -0.00476134 0.0220281 -3.6261 0.00499251 0.999933 -0.0104492 -4.43037 -0.0219769 0.0105565 0.999703 255.868 
0.999735 -0.000984343 0.0230065 -3.64121 0.00108319 0.99999 -0.0042827 -4.45071 -0.0230021 0.00430653 0.999726 256.648 
0.99971 -0.00170165 0.0240263 -3.63846 0.00172107 0.999998 -0.00078595 -4.46898 -0.024025 0.000827114 0.999711 257.443 
0.999646 -0.00259065 0.026488 -3.6271 0.00266596 0.999993 -0.00280648 -4.48453 -0.0264806 0.00287614 0.999645 258.236 
0.999522 -0.00135505 0.0308963 -3.62094 0.00163644 0.999957 -0.00908265 -4.49677 -0.0308828 0.00912891 0.999481 259.033 
0.999395 0.000786765 0.0347778 -3.61366 -0.000347276 0.99992 -0.0126401 -4.51392 -0.034785 0.0126204 0.999315 259.839 
0.999267 0.00229161 0.0382168 -3.60117 -0.00181347 0.99992 -0.0125403 -4.5326 -0.0382425 0.0124618 0.999191 260.658 
0.999125 0.000542263 0.0418279 -3.58433 -0.00011826 0.999949 -0.0101376 -4.55595 -0.0418313 0.0101238 0.999073 261.49 
0.998983 -0.00272206 0.0450164 -3.55933 0.00303338 0.999972 -0.00684794 -4.57663 -0.0449965 0.00697756 0.998963 262.332 
0.99884 -0.00530708 0.0478637 -3.5275 0.00556263 0.999971 -0.00520663 -4.59574 -0.0478348 0.00546688 0.99884 263.175 
0.998688 -0.00479113 0.0509866 -3.49679 0.00503933 0.999976 -0.00473957 -4.61373 -0.0509627 0.00499033 0.998688 264.03 
0.998569 -0.0021036 0.0534354 -3.46637 0.00248176 0.999972 -0.00701062 -4.62798 -0.0534192 0.00713324 0.998547 264.879 
0.998443 -0.00142273 0.0557603 -3.43494 0.00194126 0.999955 -0.00924535 -4.64788 -0.0557447 0.00933924 0.998401 265.718 
0.998307 -0.00109649 0.0581536 -3.39281 0.00164481 0.999955 -0.00938108 -4.66547 -0.0581407 0.00946089 0.998264 266.575 
0.998113 -0.000203431 0.0614085 -3.36644 0.000653649 0.999973 -0.00731082 -4.68972 -0.0614054 0.00733721 0.998086 267.434 
0.997902 0.00114704 0.064739 -3.32623 -0.000779094 0.999983 -0.00570776 -4.71018 -0.0647445 0.00564538 0.997886 268.291 
0.9977 0.00188784 0.0677641 -3.28654 -0.00148958 0.999981 -0.00592659 -4.72914 -0.0677741 0.00581205 0.997684 269.146 
0.997506 0.00208772 0.0705511 -3.24336 -0.00162458 0.999977 -0.00662075 -4.74525 -0.0705633 0.00648967 0.997486 269.995 
0.997297 0.000725269 0.0734752 -3.19592 -0.000214722 0.999976 -0.00695562 -4.76243 -0.0734785 0.00692108 0.997273 270.849 
0.997152 -0.0022779 0.0753819 -3.14387 0.00276677 0.999976 -0.0063809 -4.77827 -0.0753656 0.00657134 0.997134 271.699 
0.997063 -0.00346971 0.0765132 -3.09496 0.00397858 0.999971 -0.00649878 -4.79756 -0.0764885 0.00678415 0.997047 272.56 
0.996995 -0.00405571 0.0773663 -3.04644 0.00458014 0.999968 -0.00660167 -4.81285 -0.0773371 0.00693621 0.996981 273.415 
0.99694 -0.00390493 0.0780685 -2.99813 0.00444143 0.999968 -0.00669906 -4.8282 -0.0780399 0.00702534 0.996926 274.278 
0.996925 -0.00351114 0.0782787 -2.95332 0.00400552 0.999973 -0.00615904 -4.84632 -0.078255 0.00645369 0.996913 275.138 
0.996966 -0.00346749 0.0777603 -2.90439 0.00392491 0.999976 -0.00572982 -4.86685 -0.0777386 0.00601768 0.996956 275.995 
0.99705 -0.00374129 0.0766606 -2.85591 0.0042481 0.99997 -0.00644849 -4.88877 -0.0766343 0.00675517 0.997036 276.855 
0.997176 -0.00341184 0.0750217 -2.8088 0.00397794 0.999965 -0.0073971 -4.90928 -0.0749938 0.00767468 0.997155 277.717 
0.997289 -0.00260622 0.0735407 -2.76377 0.00320786 0.999962 -0.0080636 -4.93213 -0.0735169 0.00827769 0.99726 278.575 
0.997411 -0.00173824 0.0718886 -2.72127 0.00233706 0.999963 -0.00824595 -4.95546 -0.0718717 0.00839265 0.997379 279.423 
0.997524 -0.000617252 0.0703199 -2.68271 0.00122241 0.999963 -0.00856246 -4.97541 -0.070312 0.00862726 0.997488 280.286 
0.997668 -0.000208419 0.0682507 -2.64382 0.000758211 0.999968 -0.00802903 -4.99662 -0.0682468 0.00806209 0.997636 281.146 
0.997843 -0.000442349 0.0656411 -2.61159 0.000877335 0.999978 -0.00659738 -5.01809 -0.0656368 0.00664078 0.997822 282.002 
0.998091 -0.00178753 0.0617325 -2.57593 0.00204747 0.999989 -0.00414702 -5.0416 -0.0617244 0.00426554 0.998084 282.859 
0.998355 -0.00298729 0.0572504 -2.54884 0.0031306 0.999992 -0.00241288 -5.06158 -0.0572428 0.00258818 0.998357 283.706 
0.99861 -0.00353509 0.0525856 -2.52097 0.00360264 0.999993 -0.00118908 -5.07944 -0.0525811 0.00137692 0.998616 284.549 
0.998839 -0.00381258 0.0480152 -2.50046 0.00384052 0.999993 -0.000488775 -5.098 -0.048013 0.000672652 0.998847 285.373 
0.999048 -0.00441237 0.0434031 -2.48219 0.00442131 0.99999 -0.000108911 -5.11412 -0.0434022 0.000300747 0.999058 286.194 
0.999232 -0.00544359 0.0387948 -2.46669 0.00544475 0.999985 7.67347e-05 -5.12981 -0.0387947 0.000134594 0.999247 287 
0.999379 -0.00574282 0.0347681 -2.45507 0.00575613 0.999983 -0.000281324 -5.14558 -0.034766 0.000481321 0.999395 287.795 
0.999504 -0.00495324 0.0310964 -2.45046 0.00496919 0.999988 -0.00043426 -5.16115 -0.0310939 0.00058861 0.999516 288.566 
0.999618 -0.00483094 0.0272096 -2.44054 0.00484304 0.999988 -0.000377237 -5.1795 -0.0272075 0.000508911 0.99963 289.323 
0.999715 -0.00562497 0.0231938 -2.43202 0.00563314 0.999984 -0.000285386 -5.19678 -0.0231919 0.000416 0.999731 290.061 
0.999797 -0.00654006 0.0190424 -2.4341 0.00656019 0.999978 -0.000992611 -5.21586 -0.0190355 0.00111737 0.999818 290.781 
0.999888 -0.00496872 0.0141544 -2.43911 0.005003 0.999985 -0.00238477 -5.23408 -0.0141424 0.00245536 0.999897 291.477 
0.999965 -0.00334883 0.0076297 -2.44656 0.00338217 0.999985 -0.00435554 -5.24962 -0.00761504 0.00438123 0.999961 292.16 
0.999996 -0.00272607 -0.000700253 -2.46495 0.0027218 0.999978 -0.00608636 -5.26654 0.000716787 0.00608447 0.999981 292.822 
0.999932 -0.00302466 -0.0112695 -2.49116 0.00294363 0.99997 -0.00720367 -5.28314 0.0112909 0.00717005 0.999911 293.471 
0.999694 -0.00263505 -0.0245925 -2.53213 0.00245076 0.999969 -0.00752228 -5.29892 0.0246116 0.00745975 0.999669 294.12 
0.999142 -0.00144776 -0.041399 -2.58097 0.00116502 0.999976 -0.00685394 -5.3188 0.0414078 0.00679987 0.999119 294.748 
0.998111 0.000986046 -0.06143 -2.64537 -0.00136358 0.99998 -0.00610481 -5.33738 0.0614228 0.00617709 0.998093 295.376 
0.996457 0.00248543 -0.0840695 -2.73223 -0.00302807 0.999975 -0.0063282 -5.34824 0.0840517 0.00656039 0.99644 296.004 
0.993965 0.00362308 -0.109637 -2.82607 -0.00436413 0.999969 -0.00652031 -5.36057 0.10961 0.00695948 0.99395 296.611 
0.990459 0.0048098 -0.137728 -2.93761 -0.00571192 0.999965 -0.00615583 -5.37459 0.137693 0.00688383 0.990451 297.205 
0.985623 0.00581047 -0.168861 -3.06128 -0.00673149 0.999965 -0.0048826 -5.38808 0.168827 0.00594913 0.985628 297.797 
0.979161 0.00559774 -0.203009 -3.20431 -0.00637403 0.999975 -0.00317052 -5.39722 0.202986 0.00439848 0.979172 298.37 
0.970816 0.00561303 -0.23976 -3.35441 -0.00614165 0.99998 -0.00145784 -5.40813 0.239747 0.00288786 0.970831 298.927 
0.960534 0.00665025 -0.278082 -3.52872 -0.00664244 0.999978 0.000970125 -5.41504 0.278082 0.000915353 0.960557 299.471 
0.947995 0.00760659 -0.318196 -3.70817 -0.00692929 0.999971 0.00326026 -5.42376 0.318211 -0.000885789 0.948019 300.002 
0.933267 0.00793896 -0.359095 -3.9119 -0.0064137 0.999965 0.00543851 -5.439 0.359125 -0.00277241 0.933285 300.51 
0.916037 0.0078263 -0.401017 -4.12843 -0.0053943 0.99996 0.00719314 -5.44569 0.401057 -0.00442593 0.916043 301.015 
0.896171 0.00730799 -0.443649 -4.37539 -0.00394249 0.999956 0.00850785 -5.45314 0.443691 -0.00587536 0.89616 301.488 
0.87308 0.00659653 -0.487532 -4.63597 -0.00231201 0.999953 0.00938938 -5.45764 0.487571 -0.00707045 0.873055 301.957 
0.846847 0.00568183 -0.531806 -4.91002 -7.91485e-05 0.999944 0.0105573 -5.45991 0.531836 -0.00889831 0.846801 302.405 
0.817462 0.00582263 -0.575954 -5.21229 0.0014126 0.999926 0.0121137 -5.46298 0.575982 -0.010716 0.817392 302.833 
0.78543 0.00735342 -0.618907 -5.55267 0.000736734 0.999918 0.0128152 -5.46824 0.618951 -0.0105214 0.78536 303.208 
0.749756 0.00634972 -0.661684 -5.90377 0.00291242 0.999913 0.0128955 -5.47074 0.661708 -0.0115955 0.749672 303.588 
0.710108 0.00555022 -0.704071 -6.22878 0.00710797 0.999862 0.0150508 -5.48035 0.704057 -0.0156922 0.70997 303.91 
0.666933 0.005029 -0.7451 -6.61637 0.0131408 0.999742 0.0185099 -5.48254 0.745001 -0.022136 0.666696 304.192 
0.619331 0.00552729 -0.785111 -7.01663 0.0171111 0.999643 0.0205356 -5.4767 0.784944 -0.0261524 0.619015 304.441 
0.568543 0.00912141 -0.822603 -7.43362 0.0166531 0.999606 0.0225939 -5.4742 0.822485 -0.0265444 0.568167 304.652 
0.515807 0.0154605 -0.856566 -7.86656 0.0117646 0.999615 0.0251268 -5.47217 0.856624 -0.0230377 0.515426 304.826 
0.459886 0.019372 -0.887767 -8.27872 0.00899999 0.999609 0.0264748 -5.46571 0.887932 -0.0201652 0.459532 304.993 
0.402014 0.0215104 -0.915381 -8.69772 0.00848557 0.999594 0.0272159 -5.45883 0.915594 -0.0187087 0.401668 305.132 
0.342817 0.0233905 -0.939111 -9.10782 0.0104351 0.999534 0.0287047 -5.44989 0.939344 -0.0196401 0.342413 305.252 
0.282982 0.0265773 -0.958757 -9.52733 0.0125532 0.999428 0.0314099 -5.44226 0.959043 -0.0209239 0.282486 305.346 
0.221873 0.0302133 -0.974607 -9.948 0.0147755 0.999301 0.0343425 -5.43094 0.974964 -0.02202 0.221272 305.419 
0.157809 0.0334233 -0.986904 -10.3798 0.0173169 0.99918 0.036608 -5.42127 0.987318 -0.0228671 0.157101 305.467 
0.0922778 0.0371321 -0.995041 -10.8214 0.0177692 0.999084 0.0389308 -5.40632 0.995575 -0.0212735 0.0915335 305.476 
0.0256202 0.0428109 -0.998755 -11.2789 0.0197916 0.998865 0.0433233 -5.3932 0.999476 -0.0208768 0.0247438 305.46 
-0.0426657 0.0492886 -0.997873 -11.7492 0.0217719 0.998591 0.0483932 -5.37303 0.998852 -0.0196608 -0.0436787 305.411 
-0.111033 0.0561532 -0.992229 -12.2236 0.0240929 0.998261 0.0537985 -5.35397 0.993525 -0.0179323 -0.112193 305.327 
-0.179027 0.0623022 -0.98187 -12.7101 0.0265173 0.997936 0.0584867 -5.33288 0.983487 -0.0155658 -0.18031 305.206 
-0.246042 0.0684116 -0.966842 -13.1976 0.0305259 0.997558 0.0628168 -5.31287 0.968779 -0.0140581 -0.247529 305.054 
-0.311286 0.0726013 -0.947539 -13.6906 0.0347945 0.99728 0.0649818 -5.28435 0.949679 -0.0127412 -0.312966 304.863 
-0.373583 0.0748192 -0.924574 -14.1779 0.0384436 0.997134 0.0651575 -5.25393 0.9268 -0.0112022 -0.375389 304.631 
-0.432748 0.0751197 -0.89838 -14.6525 0.0415951 0.997125 0.0633402 -5.2206 0.900555 -0.00995789 -0.434628 304.361 
-0.488539 0.0748282 -0.869328 -15.1252 0.0438458 0.997163 0.0611915 -5.184 0.87144 -0.00822193 -0.490434 304.054 
-0.539984 0.0749071 -0.838336 -15.6017 0.0459896 0.99717 0.0594767 -5.14686 0.840418 -0.00643817 -0.541901 303.71 
-0.586017 0.0747773 -0.806841 -16.0681 0.0475361 0.99719 0.0578928 -5.11116 0.808903 -0.00442789 -0.587925 303.329 
-0.626441 0.075397 -0.775814 -16.5329 0.0485798 0.997152 0.0576813 -5.07724 0.777954 -0.00155498 -0.62832 302.913 
-0.663113 0.0791438 -0.744323 -16.9863 0.0530902 0.996863 0.0586985 -5.04586 0.746634 -0.000592518 -0.665235 302.468 
-0.699047 0.0861017 -0.709873 -17.4402 0.0613147 0.996286 0.0604616 -5.01061 0.712443 -0.00126019 -0.701729 301.989 
-0.733926 0.0914228 -0.673049 -17.8937 0.067408 0.995812 0.0617601 -4.97117 0.675876 -4.14941e-05 -0.737015 301.466 
-0.766006 0.0928307 -0.636096 -18.3294 0.0701354 0.99568 0.0608487 -4.93297 0.638997 0.00199763 -0.769207 300.902 
-0.795423 0.0896057 -0.599393 -18.7422 0.0697415 0.995973 0.0563417 -4.90153 0.602028 0.00301291 -0.798469 300.304 
-0.821862 0.0870038 -0.563003 -19.1435 0.0708407 0.996207 0.0505369 -4.87099 0.565265 0.00165086 -0.824908 299.662 
-0.846059 0.0822359 -0.526708 -19.5265 0.0694754 0.996613 0.0440037 -4.83484 0.528542 0.000636497 -0.848907 298.981 
-0.867803 0.0797536 -0.490466 -19.8934 0.0696273 0.996815 0.0388952 -4.80475 0.492006 -0.000396472 -0.870592 298.267 
-0.887683 0.0782746 -0.453754 -20.2437 0.0688528 0.99693 0.0372776 -4.77953 0.455279 0.00184853 -0.890347 297.513 
-0.906133 0.0745642 -0.416369 -20.5712 0.0659691 0.997207 0.035015 -4.75681 0.417817 0.00426075 -0.908521 296.722 
-0.922777 0.0740798 -0.378146 -20.8805 0.0667062 0.997241 0.0325811 -4.73193 0.379516 0.00484041 -0.925172 295.9 
-0.937752 0.0763018 -0.33882 -21.1626 0.0696412 0.997065 0.0317918 -4.70811 0.340251 0.00621702 -0.940314 295.04 
-0.950588 0.0797019 -0.300052 -21.4122 0.0738078 0.996792 0.0309463 -4.68927 0.301556 0.00727105 -0.953421 294.152 
-0.96173 0.0804876 -0.261911 -21.633 0.0747421 0.996694 0.0318421 -4.66613 0.263608 0.0110477 -0.964567 293.229 
-0.970945 0.083368 -0.22431 -21.8241 0.0781517 0.996426 0.0320493 -4.64845 0.226181 0.0135878 -0.973991 292.282 
-0.978696 0.0829883 -0.187797 -21.9816 0.0786081 0.996434 0.0306661 -4.63045 0.189672 0.0152505 -0.981729 291.309 
-0.984755 0.0814856 -0.153681 -22.104 0.0783838 0.99658 0.0261456 -4.60868 0.155286 0.013701 -0.987775 290.311 
