1 2.12261e-08 -2.11895e-08 0 2.12261e-08 1 2.10703e-08 0 -2.11895e-08 2.10703e-08 1 0 
0.999979 0.000475339 -0.0064812 -0.00980768 -0.000473189 1 0.000326646 -0.00100679 0.00648131 -0.00032353 0.999979 0.094937 
0.999907 0.00102906 -0.0135958 -0.0192119 -0.00102633 0.999999 0.000204159 -0.00171564 0.0135959 -0.000190144 0.999908 0.194315 
0.999775 0.00140644 -0.0211579 -0.0318304 -0.00141692 0.999999 -0.000482677 -0.00300688 0.0211572 0.00051259 0.999776 0.294579 
0.999533 0.001862 -0.0304916 -0.0460061 -0.00191841 0.999997 -0.00182231 -0.00408889 0.030488 0.00188 0.999533 0.401633 
0.999117 0.00194747 -0.0419732 -0.0648744 -0.00209195 0.999992 -0.00339942 -0.00461077 0.0419662 0.00348427 0.999113 0.521254 
0.998455 0.00186587 -0.0555383 -0.0888687 -0.00210665 0.999989 -0.0042779 -0.00505174 0.0555296 0.00438834 0.998447 0.65178 
0.997409 0.00174528 -0.0719209 -0.116961 -0.00206012 0.999989 -0.00430421 -0.00508917 0.0719125 0.00444127 0.997401 0.795386 
0.995887 0.000129891 -0.0906086 -0.149822 -0.000513841 0.999991 -0.00421459 -0.00740206 0.0906072 0.00424386 0.995878 0.953224 
0.993862 -0.00108677 -0.11062 -0.189017 0.000612779 0.999991 -0.00431911 -0.0104048 0.110624 0.00422486 0.993853 1.11806 
0.991138 -0.00119441 -0.13283 -0.238797 0.000583526 0.999989 -0.00463811 -0.0147352 0.132834 0.00451954 0.991128 1.2928 
0.987599 0.00242904 -0.156979 -0.299835 -0.00342121 0.999976 -0.00605072 -0.0200166 0.15696 0.00651278 0.987584 1.4705 
0.983213 0.00669264 -0.18234 -0.371916 -0.00821111 0.999938 -0.00757421 -0.0262847 0.182278 0.00894431 0.983206 1.65548 
0.977784 0.00956562 -0.209397 -0.449349 -0.0115864 0.999897 -0.00842614 -0.0335114 0.209295 0.0106651 0.977795 1.84574 
0.970996 0.010266 -0.238877 -0.531365 -0.0126941 0.999882 -0.00862857 -0.0361955 0.23876 0.0114107 0.971012 2.04628 
0.96288 0.0121581 -0.269654 -0.62651 -0.0148839 0.999857 -0.00806602 -0.0409924 0.269518 0.0117802 0.962923 2.2505 
0.953342 0.0138356 -0.301576 -0.73377 -0.0167684 0.999834 -0.00713813 -0.0424472 0.301427 0.0118621 0.953416 2.45866 
0.941966 0.0160173 -0.335325 -0.84705 -0.0191695 0.999798 -0.00609265 -0.0436301 0.33516 0.0121671 0.942083 2.6674 
0.929298 0.018242 -0.368881 -0.968966 -0.0218799 0.999745 -0.00568097 -0.0455051 0.368683 0.0133504 0.929459 2.87072 
0.915241 0.0209168 -0.402364 -1.10198 -0.0250911 0.999672 -0.00510603 -0.0442509 0.402125 0.014769 0.915466 3.07596 
0.898919 0.0213372 -0.437595 -1.23818 -0.0259054 0.999654 -0.00447234 -0.0424478 0.437348 0.0153564 0.899161 3.28054 
0.880112 0.0166614 -0.474473 -1.37795 -0.0217037 0.999751 -0.00515186 -0.0412492 0.474269 0.0148321 0.880255 3.48757 
0.858421 0.0114278 -0.512819 -1.52745 -0.01671 0.999844 -0.00569067 -0.0414635 0.512674 0.0134543 0.858478 3.69015 
0.832861 0.0129559 -0.553331 -1.69854 -0.0171956 0.999849 -0.00247158 -0.0458059 0.553216 0.0115734 0.832958 3.8868 
0.803041 0.0183122 -0.595642 -1.89069 -0.0218882 0.99976 0.00122673 -0.0502395 0.595521 0.0120525 0.803249 4.07802 
0.769697 0.0211778 -0.638058 -2.09716 -0.0249735 0.999683 0.0030546 -0.0533672 0.637921 0.0135835 0.769982 4.25966 
0.732817 0.0203619 -0.680121 -2.31702 -0.0243183 0.999697 0.00372705 -0.0533208 0.679991 0.0138082 0.73309 4.44352 
0.692162 0.0161469 -0.721561 -2.54951 -0.0181886 0.999822 0.00492618 -0.0535883 0.721513 0.00971452 0.692333 4.62624 
0.648651 0.0127402 -0.760979 -2.80364 -0.0129433 0.9999 0.00570743 -0.0531346 0.760976 0.00614747 0.648751 4.80084 
0.603301 0.0123062 -0.797419 -3.08101 -0.0100882 0.999919 0.00779891 -0.0532994 0.79745 0.00333949 0.603376 4.95694 
0.554593 0.0129573 -0.832021 -3.37384 -0.00749452 0.999916 0.0105763 -0.0513005 0.832088 0.000370086 0.554643 5.10082 
0.503403 0.0136312 -0.863944 -3.68374 -0.00596722 0.999907 0.0122994 -0.046928 0.864031 -0.00103616 0.503437 5.22109 
0.450425 0.0150589 -0.892687 -4.01352 -0.00542455 0.999885 0.0141301 -0.0403328 0.892798 -0.00152209 0.450455 5.32952 
0.395666 0.0170667 -0.918236 -4.36517 -0.00441096 0.999851 0.016683 -0.0344069 0.918384 -0.00255054 0.395683 5.42592 
0.34014 0.0191359 -0.94018 -4.72937 -0.00388803 0.999813 0.0189431 -0.0305915 0.940367 -0.00278779 0.34015 5.50257 
0.285035 0.0221451 -0.958261 -5.11323 -0.00164284 0.999743 0.0226151 -0.0279086 0.958516 -0.00487178 0.284998 5.56532 
0.231359 0.0240003 -0.972572 -5.50947 0.00258074 0.999677 0.0252831 -0.0232223 0.972865 -0.00835938 0.231222 5.61284 
0.180276 0.0244683 -0.983312 -5.92191 0.00520178 0.999653 0.0258286 -0.0200576 0.983602 -0.00977121 0.180086 5.64687 
0.132983 0.0253671 -0.990794 -6.3492 0.0028655 0.999658 0.0259786 -0.0129752 0.991114 -0.0062938 0.132865 5.65272 
0.0905171 0.0255283 -0.995568 -6.79165 0.000925535 0.999669 0.0257176 -0.00379378 0.995895 -0.00324927 0.0904635 5.64687 
0.0524428 0.0239961 -0.998336 -7.25124 -0.00039218 0.999712 0.0240085 0.00646285 0.998624 -0.000867504 0.052437 5.63445 
0.0178489 0.0212145 -0.999616 -7.72008 0.000425104 0.999775 0.0212255 0.0148876 0.999841 -0.00080375 0.0178359 5.61133 
-0.0136385 0.0185576 -0.999735 -8.20512 0.000604226 0.999828 0.018551 0.0202316 0.999907 -0.000351015 -0.0136474 5.57503 
-0.0402571 0.0166894 -0.99905 -8.70494 -5.9045e-05 0.99986 0.0167054 0.0248916 0.999189 0.000731539 -0.0402505 5.5257 
-0.0612006 0.0144018 -0.998022 -9.21459 -0.000405239 0.999896 0.0144537 0.0330286 0.998125 0.00128905 -0.0611883 5.46993 
-0.0776764 0.0135896 -0.996886 -9.73951 1.87722e-05 0.999907 0.0136293 0.0431421 0.996979 0.00104 -0.0776694 5.40928 
-0.0909287 0.0140268 -0.995759 -10.281 0.000939602 0.999902 0.0139993 0.0502682 0.995857 0.000337364 -0.0909329 5.34522 
-0.100549 0.0152174 -0.994816 -10.84 -0.000447284 0.999882 0.0153401 0.0472854 0.994932 0.00198744 -0.100531 5.26961 
-0.107357 0.0164431 -0.994085 -11.4116 -0.00236848 0.999856 0.0167943 0.0476967 0.994218 0.0041575 -0.107303 5.18916 
-0.111941 0.017409 -0.993562 -12.0038 -0.00229369 0.999839 0.0177774 0.0524391 0.993712 0.00426898 -0.111883 5.10746 
-0.113516 0.0181585 -0.99337 -12.5989 0.000143844 0.999833 0.0182602 0.059764 0.993536 0.00192997 -0.1135 5.03739 
-0.112741 0.0203488 -0.993416 -13.2225 0.00222591 0.999793 0.0202268 0.0678854 0.993622 6.9173e-05 -0.112763 4.96078 
-0.111436 0.0228147 -0.99351 -13.8626 0.00152092 0.999739 0.0227872 0.0721669 0.99377 0.0010283 -0.111442 4.87884 
-0.110037 0.0225544 -0.993672 -14.5186 -0.000434563 0.999741 0.0227403 0.0792802 0.993927 0.00293413 -0.109999 4.7935 
-0.108597 0.019922 -0.993886 -15.184 -0.0020917 0.999792 0.020269 0.0878626 0.994084 0.00428011 -0.108533 4.70787 
-0.107471 0.0196646 -0.994014 -15.8681 -0.00237125 0.999797 0.0200354 0.0991229 0.994205 0.00451033 -0.107403 4.62384 
-0.105757 0.0223528 -0.994141 -16.57 -0.00182544 0.999741 0.0226729 0.112851 0.99439 0.00421262 -0.105689 4.53811 
-0.103998 0.0256825 -0.994246 -17.2892 -0.00259818 0.999656 0.026094 0.124478 0.994574 0.00529699 -0.103895 4.45038 
-0.102301 0.0278 -0.994365 -18.0218 -0.0028732 0.999597 0.0282418 0.132061 0.994749 0.00574622 -0.10218 4.36178 
-0.100502 0.0269769 -0.994571 -18.7622 -0.00459596 0.999609 0.027578 0.14507 0.994926 0.0073427 -0.100339 4.27088 
-0.098828 0.0238087 -0.99482 -19.518 -0.0067569 0.999675 0.0245962 0.158432 0.995082 0.00915272 -0.098635 4.17717 
-0.0972749 0.0231357 -0.994989 -20.2854 -0.00759901 0.999683 0.0239877 0.17099 0.995229 0.00989437 -0.0970683 4.08465 
-0.0958097 0.0255437 -0.995072 -21.0689 -0.00496079 0.999646 0.0261388 0.182563 0.995387 0.00744074 -0.0956491 3.99771 
-0.0947765 0.0277733 -0.995111 -21.8656 -0.00269321 0.9996 0.0281551 0.192103 0.995495 0.00534852 -0.0946638 3.91074 
-0.0936184 0.0295679 -0.995169 -22.6656 -0.00144848 0.999554 0.0298344 0.201824 0.995607 0.00423457 -0.0935338 3.82192 
-0.0931005 0.0249122 -0.995345 -23.4668 -0.00113627 0.999684 0.025127 0.210144 0.995656 0.00347036 -0.0930427 3.73292 
-0.0928354 0.0180487 -0.995518 -24.2722 0.000360986 0.999836 0.0180934 0.215298 0.995681 0.00132038 -0.0928267 3.64455 
-0.0930656 0.0135228 -0.995568 -25.0882 0.00362419 0.999906 0.013243 0.22395 0.995653 -0.00237562 -0.0931058 3.55954 
-0.0937115 0.0142922 -0.995497 -25.9158 0.00478177 0.999892 0.0139051 0.230475 0.995588 -0.00345713 -0.0937697 3.47116 
-0.0938435 0.0217752 -0.995349 -26.7561 0.00451937 0.99976 0.0214456 0.232344 0.995577 -0.00248578 -0.0939194 3.37524 
-0.0941611 0.0288183 -0.99514 -27.6 0.00305427 0.999585 0.028658 0.240339 0.995552 -0.000340916 -0.09421 3.27902 
-0.0946573 0.034037 -0.994928 -28.4461 0.00109741 0.999418 0.0340862 0.249907 0.995509 0.0021347 -0.0946396 3.18134 
-0.0951234 0.0342883 -0.994875 -29.2875 -0.000481564 0.999405 0.0344904 0.261629 0.995465 0.00375998 -0.0950503 3.08312 
-0.095554 0.0307706 -0.994949 -30.1239 -0.000390669 0.999521 0.0309495 0.274085 0.995424 0.00334608 -0.0954962 2.98837 
-0.0961686 0.0280177 -0.994971 -30.9608 -0.000637341 0.999602 0.0282097 0.288123 0.995365 0.00334706 -0.0961124 2.89382 
-0.096383 0.0290832 -0.994919 -31.7995 -0.00203703 0.999565 0.0294164 0.301137 0.995342 0.00486196 -0.0962819 2.7969 
-0.0964234 0.0314854 -0.994842 -32.6373 -0.00272703 0.999487 0.0318968 0.309051 0.995337 0.0057886 -0.0962881 2.69969 
-0.0963044 0.0297627 -0.994907 -33.4775 -0.00336904 0.999537 0.0302273 0.317346 0.995346 0.00626294 -0.0961596 2.5982 
-0.0959602 0.0245309 -0.995083 -34.3092 -0.00419166 0.999677 0.0250484 0.32767 0.995376 0.00657474 -0.0958264 2.50062 
-0.0957141 0.0203061 -0.995202 -35.1436 -0.00541278 0.999767 0.0209199 0.33722 0.995394 0.00738917 -0.0955818 2.39885 
-0.0952605 0.0210055 -0.995231 -35.98 -0.00463249 0.999757 0.0215444 0.344496 0.995442 0.00666277 -0.09514 2.30222 
-0.0950078 0.0235886 -0.995197 -36.8188 -0.00343996 0.999706 0.0240239 0.346763 0.995471 0.00570593 -0.0948987 2.20964 
-0.0946124 0.0283731 -0.99511 -37.664 -0.00301558 0.999581 0.0287873 0.357113 0.99551 0.00572451 -0.0944872 2.11315 
-0.094006 0.0339311 -0.994993 -38.5077 -0.00213302 0.99941 0.0342832 0.369116 0.995569 0.00534521 -0.0938782 2.01641 
-0.094288 0.0371755 -0.994851 -39.3471 -0.00229191 0.999292 0.0375587 0.380111 0.995542 0.00582147 -0.094136 1.92184 
-0.0941308 0.0370068 -0.994872 -40.1768 -0.00187389 0.999301 0.0373489 0.395002 0.995558 0.00538 -0.0939956 1.83236 
-0.0941388 0.0324904 -0.995029 -41.0035 -0.0016259 0.999461 0.032789 0.411715 0.995558 0.00470458 -0.0940353 1.7375 
-0.0938518 0.0280989 -0.99519 -41.8331 -0.00273019 0.999591 0.0284806 0.42317 0.995582 0.00539005 -0.0937366 1.64194 
-0.0937811 0.0251405 -0.995275 -42.666 -0.00654814 0.999644 0.0258679 0.434385 0.995571 0.00894316 -0.0935831 1.53992 
-0.0944455 0.0232107 -0.995259 -43.497 -0.00970856 0.999659 0.0242346 0.443658 0.995483 0.0119514 -0.094188 1.4415 
-0.0951732 0.021398 -0.995231 -44.3299 -0.00744234 0.999726 0.0222063 0.44619 0.995433 0.00952033 -0.0949878 1.34563 
-0.0963387 0.0177824 -0.99519 -45.1571 -0.00404652 0.999825 0.018257 0.449945 0.99534 0.00578595 -0.0962499 1.25185 
-0.0972605 0.0163932 -0.995124 -45.9811 0.00047699 0.999865 0.0164247 0.456128 0.995259 0.00112285 -0.0972552 1.16055 
-0.0994836 0.0199135 -0.99484 -46.8074 0.000940283 0.999801 0.0199188 0.457883 0.995039 0.0010462 -0.0994825 1.06534 
-0.101246 0.0261662 -0.994517 -47.6376 0.00347274 0.999657 0.0259479 0.460915 0.994855 -0.000826544 -0.101302 0.967161 
-0.103186 0.0299058 -0.994212 -48.4578 0.00531081 0.99955 0.0295152 0.465335 0.994648 -0.00223447 -0.103299 0.868984 
-0.104912 0.0289582 -0.99406 -49.2634 0.00547847 0.999578 0.0285407 0.472932 0.994466 -0.00245162 -0.105026 0.773064 
-0.105963 0.0250356 -0.994055 -50.0624 0.00211371 0.999686 0.0249521 0.476452 0.994368 0.000542894 -0.105983 0.667328 
-0.10731 0.0212967 -0.993998 -50.8581 -0.00259424 0.999761 0.0217003 0.481524 0.994222 0.00490736 -0.107229 0.559469 
-0.108916 0.0195511 -0.993859 -51.6539 -0.00658418 0.99977 0.020389 0.487738 0.994029 0.00876448 -0.108763 0.450648 
-0.110039 0.0206411 -0.993713 -52.4483 -0.00819135 0.999732 0.0216732 0.488563 0.993894 0.0105248 -0.10984 0.344123 
-0.111196 0.022172 -0.993551 -53.2401 -0.00772064 0.999702 0.0231733 0.492215 0.993769 0.0102477 -0.110991 0.240093 
-0.112248 0.0215862 -0.993446 -54.0205 -0.00985763 0.999691 0.0228357 0.494455 0.993631 0.0123563 -0.112 0.133859 
-0.112908 0.0214259 -0.993374 -54.7955 -0.0104632 0.999686 0.0227513 0.496034 0.99355 0.0129627 -0.112649 0.0296283 
-0.113611 0.0232989 -0.993252 -55.5729 -0.00872103 0.999663 0.0244468 0.500377 0.993487 0.0114396 -0.113369 -0.0706887 
-0.113865 0.0262218 -0.99315 -56.3453 -0.00784224 0.999597 0.0272911 0.50471 0.993465 0.0108961 -0.113614 -0.173785 
-0.114138 0.0303512 -0.993001 -57.1146 -0.00792531 0.999474 0.03146 0.510636 0.993433 0.0114607 -0.113837 -0.277479 
-0.114857 0.0325107 -0.99285 -57.8752 -0.00773056 0.999405 0.0336196 0.51686 0.993352 0.0115368 -0.114537 -0.378626 
-0.115653 0.0324075 -0.992761 -58.6346 -0.00731491 0.999413 0.0334769 0.525845 0.993263 0.0111337 -0.115348 -0.482926 
-0.116096 0.0305163 -0.992769 -59.3775 -0.00641048 0.999484 0.0314724 0.533577 0.993217 0.010018 -0.115841 -0.582015 
-0.116524 0.0270634 -0.992819 -60.1178 -0.00604556 0.999591 0.0279575 0.540446 0.99317 0.00925992 -0.116313 -0.681515 
-0.116472 0.024205 -0.992899 -60.8447 -0.00631156 0.999665 0.0251103 0.544104 0.993174 0.00919144 -0.116281 -0.780696 
-0.115369 0.0217596 -0.993084 -61.5576 -0.00664592 0.999721 0.0226771 0.551055 0.9933 0.00921624 -0.115193 -0.879331 
-0.113192 0.0209109 -0.993353 -62.2534 -0.008785 0.999718 0.0220459 0.553213 0.993534 0.0112221 -0.112976 -0.974303 
-0.109364 0.0219289 -0.99376 -62.936 -0.00898963 0.999694 0.0230492 0.55284 0.993961 0.0114543 -0.109133 -1.06022 
-0.103679 0.0234162 -0.994335 -63.6043 -0.0081384 0.999669 0.0243904 0.555267 0.994578 0.0106211 -0.103455 -1.14025 
-0.0965468 0.0249218 -0.995016 -64.2556 -0.00708492 0.999644 0.0257251 0.557838 0.995303 0.00953333 -0.0963358 -1.21083 
-0.0878814 0.0262912 -0.995784 -64.8916 -0.0080311 0.9996 0.0271007 0.558373 0.996099 0.0103789 -0.0876352 -1.27635 
-0.0762038 0.0279691 -0.9967 -65.5109 -0.0101435 0.999533 0.0288241 0.559815 0.997041 0.0123065 -0.0758845 -1.33309 
-0.0613007 0.0294352 -0.997685 -66.1178 -0.0132256 0.999453 0.0303 0.563776 0.998032 0.0150524 -0.0608779 -1.38092 
-0.0429806 0.0305793 -0.998608 -66.703 -0.0145851 0.999406 0.0312315 0.569938 0.998969 0.0159072 -0.0425091 -1.40898 
-0.0209375 0.0313111 -0.99929 -67.268 -0.0153909 0.999381 0.0316364 0.573926 0.999662 0.0160424 -0.0204427 -1.41806 
0.00441916 0.031756 -0.999486 -67.806 -0.0147581 0.999389 0.0316877 0.576015 0.999881 0.0146105 0.00488512 -1.40672 
0.033736 0.0313506 -0.998939 -68.3243 -0.013208 0.999435 0.03092 0.581091 0.999344 0.0121509 0.034131 -1.37579 
0.0677972 0.0313792 -0.997206 -68.819 -0.0119501 0.999459 0.0306377 0.586836 0.997628 0.00983963 0.0681355 -1.32305 
0.10542 0.031661 -0.993924 -69.2932 -0.0112071 0.999467 0.0306489 0.591237 0.994365 0.00790804 0.105718 -1.25138 
0.146192 0.0313967 -0.988758 -69.7518 -0.01094 0.999486 0.0301198 0.595059 0.989196 0.00641384 0.14646 -1.15775 
0.191532 0.0325062 -0.980948 -70.1991 -0.00983069 0.999465 0.0312003 0.596669 0.981437 0.00366757 0.191749 -1.04736 
0.240343 0.0312724 -0.970184 -70.626 -0.00650844 0.99951 0.0306054 0.59717 0.970666 -0.00104137 0.240429 -0.914476 
0.290899 0.0267043 -0.956381 -71.0308 0.00114183 0.9996 0.0282584 0.596591 0.956753 -0.0093123 0.290752 -0.756902 
0.342803 0.0216731 -0.939157 -71.4205 0.00641127 0.999657 0.0254094 0.596411 0.939385 -0.0147316 0.342547 -0.58041 
0.395922 0.0169552 -0.918128 -71.7993 0.0115454 0.999659 0.0234395 0.602609 0.918212 -0.0198803 0.395591 -0.384197 
0.448061 0.0166373 -0.893848 -72.1737 0.0111221 0.999646 0.0241817 0.60811 0.893934 -0.0207763 0.447718 -0.173966 
0.497192 0.0152661 -0.867506 -72.5377 0.012652 0.999611 0.024842 0.616376 0.867548 -0.0233269 0.496806 0.0617494 
0.542912 0.0112933 -0.839714 -72.8794 0.0202683 0.999442 0.0265457 0.618796 0.839545 -0.0314315 0.54238 0.325865 
0.58752 0.00493162 -0.809195 -73.2008 0.0307141 0.999125 0.0283893 0.621734 0.808627 -0.0415329 0.586855 0.612068 
0.631051 4.73136e-05 -0.775742 -73.5111 0.0319301 0.999151 0.0260354 0.622517 0.775084 -0.0411991 0.630513 0.899739 
0.673233 -0.00487311 -0.739415 -73.8083 0.0286585 0.999399 0.0195068 0.627843 0.738875 -0.034323 0.672968 1.1967 
0.714819 -0.0118976 -0.699209 -74.0945 0.0250956 0.999648 0.00864595 0.632817 0.69886 -0.0237273 0.714865 1.51385 
0.755124 -0.0147294 -0.655416 -74.366 0.020197 0.999796 0.000800686 0.636507 0.65527 -0.013842 0.755268 1.8536 
0.79316 -0.0159469 -0.608805 -74.6297 0.0187098 0.999823 -0.00181382 0.639025 0.608726 -0.00995191 0.793318 2.23121 
0.828047 -0.0172407 -0.560394 -74.8752 0.0187215 0.99982 -0.00309674 0.637324 0.560346 -0.0079271 0.828221 2.6363 
0.859542 -0.0157312 -0.510823 -75.108 0.015378 0.99987 -0.00491589 0.633326 0.510834 -0.00362995 0.859672 3.06125 
0.886286 -0.0141257 -0.462924 -75.3237 0.0144024 0.999892 -0.00293687 0.623623 0.462915 -0.00406427 0.886393 3.51327 
0.908198 -0.00775878 -0.41847 -75.5325 0.0077538 0.999969 -0.00171239 0.616665 0.41847 -0.0016895 0.908229 3.99337 
0.926269 -0.00347118 -0.376848 -75.726 0.00252243 0.999992 -0.00301111 0.611001 0.376856 0.00183858 0.92627 4.4916 
0.940222 0.00175629 -0.340559 -75.911 -0.00237171 0.999996 -0.0013909 0.607724 0.340555 0.0021155 0.940222 5.0152 
0.950625 0.00240342 -0.310333 -76.0841 -0.00227927 0.999997 0.000762532 0.600665 0.310334 -1.74993e-05 0.950628 5.56645 
0.958247 0.0018547 -0.285936 -76.2473 -0.00119892 0.999996 0.00246839 0.595227 0.285939 -0.00202247 0.958246 6.13728 
0.964295 0.0019611 -0.264822 -76.407 -0.000749636 0.999989 0.00467547 0.590049 0.264828 -0.00430997 0.964286 6.72655 
0.969143 0.0045037 -0.246457 -76.5686 -0.00279336 0.99997 0.00728874 0.588321 0.246483 -0.00637534 0.969126 7.3348 
0.972883 0.00918036 -0.231116 -76.7263 -0.00732551 0.999934 0.00888238 0.586969 0.231182 -0.00694843 0.972886 7.9575 
0.975912 0.0129816 -0.217776 -76.8797 -0.0110091 0.999887 0.0102679 0.58256 0.217885 -0.00762303 0.975945 8.5982 
0.97876 0.0115337 -0.204687 -77.0208 -0.00966897 0.999902 0.0101077 0.581417 0.204783 -0.00791386 0.978775 9.25567 
0.981516 0.0115249 -0.191034 -77.1538 -0.00984801 0.999904 0.0097247 0.581044 0.191128 -0.00766359 0.981535 9.93129 
0.984233 0.0119787 -0.176473 -77.2827 -0.0103153 0.999893 0.0103401 0.583304 0.176578 -0.00835663 0.984251 10.6203 
0.986643 0.0135994 -0.162331 -77.4089 -0.0119847 0.999869 0.0109218 0.58131 0.162458 -0.00883041 0.986676 11.3187 
0.988626 0.0135747 -0.149781 -77.5227 -0.0124747 0.999888 0.00828139 0.574962 0.149877 -0.00631868 0.988685 12.0362 
0.990217 0.0141262 -0.13882 -77.6331 -0.0138458 0.9999 0.00298481 0.569739 0.138848 -0.00103349 0.990313 12.763 
0.991528 0.0121779 -0.129323 -77.7369 -0.0126885 0.999915 -0.00312544 0.565546 0.129274 0.00473992 0.991598 13.4968 
0.992566 0.012339 -0.121077 -77.8394 -0.0128361 0.999912 -0.00332672 0.561371 0.121026 0.00485619 0.992638 14.2471 
0.993327 0.0142656 -0.114448 -77.9393 -0.0140257 0.999897 0.00290056 0.552981 0.114478 -0.00127594 0.993425 15.012 
0.993821 0.0186941 -0.109407 -78.0448 -0.0175866 0.999784 0.0110786 0.54222 0.109591 -0.00908599 0.993935 15.7815 
0.994261 0.0194744 -0.105191 -78.1399 -0.0180165 0.999728 0.0147913 0.536596 0.105451 -0.0128112 0.994342 16.5494 
0.994646 0.0182586 -0.101719 -78.2315 -0.0169433 0.999762 0.0137798 0.532967 0.101946 -0.0119825 0.994718 17.3116 
0.994954 0.0179144 -0.0987179 -78.3194 -0.0167309 0.999778 0.0128031 0.531437 0.0989253 -0.0110868 0.995033 18.0756 
0.995261 0.0164709 -0.0958338 -78.4046 -0.0151039 0.999774 0.0149718 0.530045 0.0960586 -0.0134534 0.995285 18.8433 
0.995512 0.0141214 -0.0935806 -78.483 -0.0125442 0.99977 0.01742 0.528009 0.0938049 -0.0161679 0.995459 19.6128 
0.995807 0.0121588 -0.0906716 -78.565 -0.0104572 0.999761 0.0192175 0.524097 0.0908835 -0.0181887 0.995695 20.3755 
0.996069 0.0114703 -0.087835 -78.6474 -0.010139 0.999827 0.0155882 0.520788 0.0879986 -0.0146363 0.996013 21.1369 
0.996194 0.0138636 -0.0860595 -78.7311 -0.0132116 0.99988 0.00813993 0.51796 0.0861619 -0.00697192 0.996257 21.8902 
0.996325 0.0142255 -0.0844668 -78.811 -0.0142356 0.999899 0.000482616 0.511373 0.0844651 0.000721636 0.996426 22.6406 
0.996426 0.0146739 -0.0831833 -78.8883 -0.01503 0.99988 -0.00365639 0.501649 0.0831196 0.00489361 0.996528 23.395 
0.996582 0.0164314 -0.0809538 -78.9682 -0.0166386 0.99986 -0.00188523 0.487682 0.0809114 0.00322578 0.996716 24.1545 
0.996716 0.0198399 -0.0785031 -79.0511 -0.0197402 0.999803 0.00204554 0.472481 0.0785282 -0.000489118 0.996912 24.9127 
0.996812 0.0232603 -0.0763157 -79.1315 -0.0227807 0.999715 0.00714828 0.458348 0.0764602 -0.00538692 0.997058 25.6714 
0.997053 0.0208984 -0.0738181 -79.2 -0.0202897 0.999754 0.00898574 0.451946 0.0739877 -0.00746147 0.997231 26.4285 
0.997188 0.018116 -0.0727239 -79.2654 -0.0175223 0.999808 0.00879369 0.443893 0.0728692 -0.00749462 0.997313 27.1811 
0.997292 0.0163109 -0.0717133 -79.3291 -0.0157112 0.999837 0.00891754 0.434064 0.071847 -0.00776664 0.997385 27.932 
0.99736 0.0159867 -0.0708291 -79.3947 -0.0155094 0.999853 0.00728299 0.425928 0.0709351 -0.00616521 0.997462 28.6802 
0.997441 0.0137441 -0.0701558 -79.4583 -0.0133496 0.999892 0.00608783 0.418996 0.0702319 -0.00513566 0.997518 29.433 
0.997496 0.0128178 -0.0695531 -79.5245 -0.0124147 0.999904 0.00622428 0.41079 0.0696261 -0.00534518 0.997559 30.196 
0.997503 0.0159647 -0.0687914 -79.5975 -0.0155083 0.999854 0.00716226 0.405699 0.0688957 -0.0060775 0.997605 30.9664 
0.997511 0.0161803 -0.0686289 -79.6703 -0.0157883 0.999856 0.00624988 0.400294 0.0687201 -0.00515074 0.997623 31.7432 
0.997407 0.0155565 -0.0702652 -79.7403 -0.0151593 0.999866 0.00618231 0.392651 0.0703519 -0.00510106 0.997509 32.5197 
0.997308 0.0129331 -0.0721706 -79.8141 -0.0124916 0.9999 0.00656536 0.387863 0.0722483 -0.00564612 0.997371 33.298 
0.997061 0.0148381 -0.0751557 -79.894 -0.0144068 0.999877 0.00627713 0.383324 0.0752395 -0.00517589 0.997152 34.0841 
0.996795 0.0183044 -0.0778751 -79.9801 -0.0178909 0.999822 0.00600367 0.373729 0.0779711 -0.00459113 0.996945 34.8793 
0.996578 0.0188144 -0.0804845 -80.0652 -0.0187964 0.999823 0.000981204 0.367408 0.0804886 0.000535015 0.996755 35.6705 
0.996376 0.0193945 -0.0828142 -80.1523 -0.0196746 0.999803 -0.00256829 0.360282 0.082748 0.00418836 0.996562 36.4722 
0.996231 0.0183433 -0.0847823 -80.2413 -0.0187721 0.999815 -0.0042642 0.352495 0.0846883 0.00583972 0.99639 37.2892 
0.996045 0.0184943 -0.086907 -80.33 -0.018794 0.99982 -0.00263225 0.336801 0.0868427 0.00425521 0.996213 38.1125 
0.995873 0.0171742 -0.0891195 -80.4195 -0.0174018 0.999847 -0.00177807 0.323115 0.0890753 0.00332162 0.996019 38.9402 
0.99573 0.0164802 -0.0908283 -80.5116 -0.0165514 0.999863 -3.15802e-05 0.312354 0.0908153 0.00153483 0.995867 39.7731 
0.995625 0.0162764 -0.0920137 -80.6062 -0.016007 0.999865 0.00366437 0.302763 0.0920609 -0.00217543 0.995751 40.6141 
0.995543 0.0159867 -0.0929406 -80.7002 -0.0152702 0.999848 0.00841503 0.293731 0.093061 -0.00695827 0.995636 41.4652 
0.995598 0.0160061 -0.0923449 -80.7936 -0.0150895 0.99983 0.0106159 0.286828 0.0924991 -0.00917567 0.995671 42.3208 
0.995717 0.0189904 -0.0904822 -80.8894 -0.0181074 0.99978 0.0105697 0.283326 0.090663 -0.00888601 0.995842 43.1792 
0.995888 0.0192786 -0.0885206 -80.9854 -0.0185347 0.999786 0.00921781 0.279459 0.0886793 -0.00753915 0.996032 44.0418 
0.996065 0.0166841 -0.0870421 -81.0741 -0.0161372 0.999845 0.00698264 0.27366 0.0871451 -0.0055505 0.99618 44.909 
0.996283 0.0129111 -0.0851684 -81.1585 -0.0124932 0.999907 0.00543737 0.26625 0.0852307 -0.00435309 0.996352 45.7779 
0.996463 0.0116277 -0.083223 -81.2472 -0.011242 0.999924 0.00510162 0.260866 0.0832759 -0.00414794 0.996518 46.6496 
0.99656 0.0092456 -0.0823571 -81.3333 -0.00864136 0.999933 0.00768981 0.249676 0.0824227 -0.00695164 0.996573 47.5238 
0.996645 0.00644684 -0.0815868 -81.4142 -0.00562499 0.999931 0.0102988 0.240407 0.0816476 -0.00980524 0.996613 48.3979 
0.996718 0.00612552 -0.0807224 -81.5034 -0.00528995 0.99993 0.0105605 0.231049 0.0807814 -0.0100988 0.996681 49.2663 
0.996795 0.00734833 -0.0796651 -81.5922 -0.00677987 0.99995 0.00740326 0.219178 0.0797155 -0.00683937 0.996794 50.1287 
0.996825 0.00985786 -0.0790074 -81.6811 -0.00975981 0.999951 0.00162654 0.207737 0.0790195 -0.000850235 0.996873 50.9877 
0.996889 0.0115411 -0.0779735 -81.7688 -0.011883 0.999922 -0.00392312 0.193966 0.0779221 0.00483752 0.996948 51.8422 
0.99688 0.0161241 -0.0772694 -81.8574 -0.0169124 0.999811 -0.00955958 0.172868 0.0771007 0.0108366 0.996964 52.6939 
0.996971 0.0160298 -0.0761095 -81.9403 -0.0168795 0.999802 -0.0105348 0.153203 0.0759255 0.0117877 0.997044 53.5466 
0.997011 0.0129811 -0.0761596 -82.0158 -0.0133637 0.999901 -0.00451716 0.137896 0.0760934 0.00552148 0.997085 54.402 
0.996973 0.0121539 -0.0767937 -82.0953 -0.011829 0.999919 0.00468377 0.118794 0.0768444 -0.00376116 0.997036 55.2607 
0.996887 0.011274 -0.0780322 -82.1773 -0.0103335 0.999869 0.0124461 0.103249 0.0781622 -0.0116009 0.996873 56.1137 
0.996728 0.0092431 -0.0802981 -82.2596 -0.00845988 0.999913 0.0100881 0.0959916 0.0803843 -0.00937578 0.99672 56.9591 
0.996601 0.0041322 -0.0822826 -82.3356 -0.00359082 0.999971 0.00672587 0.0867708 0.082308 -0.0064075 0.996586 57.7939 
0.996382 0.00261441 -0.0849535 -82.4189 -0.00217133 0.999984 0.00530704 0.0747016 0.0849659 -0.00510333 0.996371 58.6243 
0.996144 0.0047902 -0.0876085 -82.5122 -0.00455357 0.999985 0.00290019 0.0613219 0.0876211 -0.00249003 0.996151 59.4484 
0.995831 0.00640505 -0.0909878 -82.6067 -0.00647558 0.999979 -0.000480379 0.0473939 0.0909828 0.00106762 0.995852 60.2704 
0.995467 0.00675109 -0.0948729 -82.7033 -0.00715958 0.999967 -0.00396634 0.0330548 0.0948429 0.00462766 0.995482 61.086 
0.995152 0.00863079 -0.0979732 -82.8031 -0.00944419 0.999925 -0.00784196 0.0121396 0.0978981 0.00872926 0.995158 61.8937 
0.994776 0.0131418 -0.10123 -82.9097 -0.0140099 0.999871 -0.00786951 -0.00773034 0.101113 0.00924667 0.994832 62.7007 
0.994383 0.0167359 -0.104506 -83.0202 -0.0174866 0.999827 -0.00627159 -0.0228866 0.104383 0.00806387 0.994505 63.5043 
0.993917 0.0199973 -0.108304 -83.1306 -0.0201565 0.999797 -0.000375709 -0.0404645 0.108274 0.00255649 0.994118 64.3073 
0.99345 0.0206974 -0.112377 -83.2405 -0.0202385 0.999782 0.00522243 -0.0565552 0.112461 -0.00291384 0.993652 65.1074 
0.992871 0.0198142 -0.11754 -83.3489 -0.0189013 0.999782 0.00887637 -0.0675023 0.11769 -0.00659139 0.993029 65.9006 
0.992098 0.019268 -0.123978 -83.4641 -0.0181777 0.999786 0.0099194 -0.0755559 0.124142 -0.00758735 0.992235 66.685 
0.991379 0.016918 -0.12993 -83.5803 -0.0152725 0.99979 0.01365 -0.082777 0.130134 -0.0115479 0.991429 67.4687 
0.990485 0.0174563 -0.136506 -83.7032 -0.0157802 0.999786 0.0133515 -0.0891976 0.13671 -0.0110704 0.990549 68.2443 
0.989542 0.0221251 -0.142539 -83.8391 -0.0205907 0.999713 0.0122309 -0.0949839 0.142769 -0.00916792 0.989714 69.0156 
0.988596 0.0240765 -0.148656 -83.9763 -0.0230711 0.999698 0.00848374 -0.101038 0.148815 -0.00495729 0.988853 69.7833 
0.987714 0.0232412 -0.154536 -84.1142 -0.0226565 0.999728 0.00554391 -0.104614 0.154623 -0.00197451 0.987972 70.55 
0.986835 0.0244668 -0.159867 -84.2575 -0.0240813 0.999701 0.00434832 -0.113246 0.159925 -0.000441241 0.987129 71.3143 
0.986029 0.0262839 -0.164488 -84.405 -0.0251009 0.999642 0.00926634 -0.118087 0.164673 -0.00500804 0.986336 72.078 
0.984963 0.0271246 -0.170621 -84.5568 -0.0252132 0.999593 0.0133595 -0.123363 0.170914 -0.00885672 0.985246 72.8398 
0.98387 0.026249 -0.176948 -84.7089 -0.0238623 0.999594 0.0156026 -0.133532 0.177286 -0.0111285 0.984097 73.5993 
0.982643 0.0237014 -0.183988 -84.8652 -0.0219174 0.999691 0.0117236 -0.136805 0.184209 -0.00748748 0.982859 74.3466 
0.981087 0.0218471 -0.192329 -85.0271 -0.0213619 0.999761 0.00459599 -0.139128 0.192383 -0.000400511 0.98132 75.0854 
0.979332 0.0192402 -0.201344 -85.1978 -0.0190988 0.999814 0.0026448 -0.146339 0.201357 0.00125533 0.979517 75.8253 
0.977089 0.0188859 -0.211993 -85.3782 -0.0181322 0.999821 0.00549881 -0.155508 0.212059 -0.00152887 0.977256 76.5627 
0.974669 0.018951 -0.22285 -85.5683 -0.0168015 0.999792 0.0115372 -0.158036 0.223022 -0.00750065 0.974785 77.2992 
0.971878 0.0207015 -0.234574 -85.7703 -0.0166686 0.999677 0.0191623 -0.161173 0.234895 -0.0147133 0.971909 78.0326 
0.969122 0.021289 -0.245662 -85.9766 -0.016261 0.999615 0.0224777 -0.164791 0.246046 -0.0177888 0.969095 78.7567 
0.966105 0.0244858 -0.256985 -86.1948 -0.0205605 0.999627 0.0179506 -0.169794 0.257329 -0.0120583 0.966249 79.466 
0.962933 0.0237506 -0.268692 -86.4189 -0.0222062 0.999715 0.00878579 -0.171854 0.268824 -0.00249343 0.963186 80.1677 
0.959505 0.0212792 -0.280886 -86.6469 -0.021064 0.999771 0.00378568 -0.16971 0.280902 0.00228423 0.959734 80.871 
0.955933 0.0199422 -0.292907 -86.8847 -0.0182366 0.999797 0.00855291 -0.169947 0.293018 -0.00283434 0.956103 81.5834 
0.952391 0.0212162 -0.304139 -87.1362 -0.0171943 0.999726 0.0158963 -0.176302 0.304393 -0.00990997 0.952495 82.2978 
0.948505 0.0212289 -0.316049 -87.3946 -0.0153378 0.999659 0.021116 -0.177721 0.31639 -0.0151811 0.948508 83.0109 
0.944265 0.0187724 -0.32865 -87.6591 -0.0132029 0.999729 0.0191699 -0.177187 0.328921 -0.0137623 0.944257 83.7179 
0.940301 0.0168388 -0.339926 -87.932 -0.0126602 0.999815 0.0145066 -0.176658 0.340108 -0.00933695 0.94034 84.4182 
0.936994 0.0126131 -0.349117 -88.2086 -0.0105992 0.999914 0.00767848 -0.182615 0.349184 -0.0034943 0.937048 85.1158 
0.934172 0.00845455 -0.356722 -88.4932 -0.00837175 0.999963 0.00177604 -0.186968 0.356724 0.00132731 0.934209 85.8148 
0.931371 0.0082982 -0.363978 -88.7854 -0.00904714 0.999959 -0.000352807 -0.193209 0.36396 0.0036216 0.931408 86.5129 
0.928311 0.0135419 -0.371558 -89.0933 -0.0147722 0.999891 -0.000465105 -0.204802 0.371511 0.00592055 0.92841 87.2064 
0.925049 0.0134231 -0.379611 -89.3972 -0.0137783 0.999904 0.00178115 -0.21535 0.379598 0.00358278 0.925145 87.9061 
0.921676 0.0141158 -0.387703 -89.7057 -0.0118797 0.999896 0.00816368 -0.217684 0.387778 -0.00291842 0.921748 88.6127 
0.918793 0.0162019 -0.394406 -90.0217 -0.0106525 0.999811 0.0162557 -0.219806 0.394595 -0.0107341 0.918792 89.3151 
0.916026 0.0259311 -0.40028 -90.3545 -0.0182256 0.999568 0.0230457 -0.227429 0.400704 -0.0138151 0.916103 90.0099 
0.913297 0.0325442 -0.405993 -90.691 -0.0267653 0.999444 0.0199054 -0.228712 0.406415 -0.00731292 0.913659 90.6926 
0.91079 0.0289829 -0.411852 -91.0176 -0.0262801 0.99958 0.0122254 -0.226081 0.412033 -0.000311179 0.911169 91.3761 
0.908729 0.0211357 -0.416852 -91.344 -0.0211121 0.999766 0.00466725 -0.224084 0.416853 0.0045594 0.908963 92.065 
0.907089 0.0217403 -0.420377 -91.6872 -0.0219614 0.99975 0.00431503 -0.232577 0.420366 0.00531798 0.907339 92.7507 
0.904776 0.0277113 -0.424986 -92.04 -0.0261907 0.999613 0.00942095 -0.238784 0.425082 0.00260688 0.905151 93.4436 
0.902062 0.0301316 -0.430554 -92.39 -0.0267943 0.999546 0.0138141 -0.245015 0.430774 -0.000924731 0.902459 94.1429 
0.899733 0.0264222 -0.43564 -92.7394 -0.0236639 0.999651 0.0117568 -0.251964 0.435799 -0.000269039 0.900044 94.8339 
0.897326 0.0245226 -0.440687 -93.0953 -0.0246653 0.999681 0.005405 -0.258262 0.440679 0.00601968 0.897645 95.5172 
0.895036 0.0217516 -0.445464 -93.4576 -0.0248924 0.999689 -0.00120053 -0.26368 0.445299 0.0121632 0.895299 96.2003 
0.892638 0.0224891 -0.450213 -93.8246 -0.026423 0.999648 -0.0024544 -0.274174 0.449999 0.0140869 0.892918 96.8842 
0.890542 0.0254019 -0.454191 -94.197 -0.0276019 0.999617 0.00178667 -0.286504 0.454063 0.0109455 0.890902 97.5722 
0.888349 0.026982 -0.458375 -94.5703 -0.0283365 0.999591 0.00392295 -0.297962 0.458294 0.00950385 0.88875 98.255 
0.885948 0.0280988 -0.462932 -94.9448 -0.0292579 0.999561 0.00467761 -0.310248 0.462861 0.00940035 0.886381 98.9304 
0.883562 0.0259817 -0.467593 -95.319 -0.027321 0.999619 0.00391786 -0.320951 0.467517 0.00931351 0.883935 99.6069 
0.881368 0.0241254 -0.471814 -95.6933 -0.0256125 0.999667 0.00327099 -0.330699 0.471736 0.00920144 0.881692 100.279 
0.879072 0.0235152 -0.476108 -96.0698 -0.0247475 0.999687 0.0036819 -0.338729 0.476045 0.00854589 0.879379 100.945 
0.876667 0.0250212 -0.480446 -96.4533 -0.0262478 0.999647 0.00416639 -0.348168 0.48038 0.00895815 0.877015 101.605 
0.874298 0.0253309 -0.484728 -96.8369 -0.0266402 0.999636 0.00418823 -0.361278 0.484658 0.00925155 0.874655 102.26 
0.871776 0.022251 -0.489399 -97.2145 -0.0254407 0.999676 0.000133294 -0.373402 0.489244 0.0123345 0.87206 102.911 
0.869333 0.0187056 -0.493874 -97.5928 -0.0240527 0.999701 -0.00447461 -0.387225 0.493642 0.015769 0.869522 103.552 
0.867227 0.0171383 -0.497618 -97.9745 -0.0238164 0.999691 -0.00707606 -0.40041 0.497344 0.0179881 0.867367 104.186 
0.865156 0.0188924 -0.501147 -98.3566 -0.0237821 0.999712 -0.00336891 -0.412028 0.500939 0.014833 0.865356 104.82 
0.863235 0.0230135 -0.504278 -98.742 -0.0235007 0.999709 0.00539415 -0.424566 0.504256 0.00719454 0.863525 105.448 
0.861694 0.0249788 -0.506813 -99.1237 -0.0202742 0.999685 0.0147999 -0.433935 0.507023 -0.00247775 0.861929 106.075 
0.860064 0.0244969 -0.509597 -99.4959 -0.016866 0.999666 0.0195897 -0.442213 0.509907 -0.00825355 0.86019 106.684 
0.858424 0.0213407 -0.512497 -99.8611 -0.0136373 0.999731 0.018787 -0.440332 0.512759 -0.00913811 0.858484 107.277 
0.856652 0.019346 -0.515532 -100.224 -0.0133168 0.999793 0.0153901 -0.444526 0.515723 -0.00631871 0.856732 107.85 
0.854973 0.0174718 -0.518378 -100.579 -0.012891 0.99984 0.0124378 -0.448482 0.518512 -0.00395149 0.855061 108.411 
0.853462 0.0155898 -0.520922 -100.929 -0.0114609 0.999872 0.0111462 -0.450769 0.521029 -0.00354253 0.853532 108.957 
0.852226 0.0140888 -0.522984 -101.269 -0.00985459 0.999892 0.0108778 -0.457604 0.523081 -0.00411654 0.852273 109.487 
0.850903 0.0146564 -0.525118 -101.605 -0.00987419 0.99988 0.0119072 -0.464837 0.525229 -0.0049467 0.850946 109.997 
0.849779 0.0145568 -0.526939 -101.93 -0.00876397 0.999871 0.0134882 -0.471761 0.527067 -0.00684382 0.849796 110.492 
0.848323 0.0131639 -0.529316 -102.239 -0.00674556 0.999879 0.0140555 -0.477169 0.529437 -0.00835305 0.848308 110.969 
0.846841 0.0115052 -0.531721 -102.531 -0.00465489 0.999888 0.0142216 -0.482896 0.531826 -0.00956831 0.8468 111.426 
0.845598 0.0102529 -0.533722 -102.821 -0.00391914 0.999908 0.0129991 -0.484702 0.533806 -0.00890023 0.84556 111.867 
0.844325 0.0101822 -0.535734 -103.1 -0.00606027 0.999937 0.00945381 -0.4915 0.535797 -0.00473535 0.844334 112.279 
0.842743 0.00732201 -0.538267 -103.368 -0.00540871 0.999972 0.00513431 -0.49314 0.538289 -0.00141553 0.842759 112.679 
0.840415 0.00337696 -0.541933 -103.62 -0.00227052 0.999994 0.00271018 -0.493136 0.541939 -0.00104716 0.840417 113.063 
0.837522 -0.000635902 -0.546404 -103.859 0.00271966 0.999992 0.00300483 -0.496205 0.546397 -0.00400259 0.837517 113.433 
0.83398 0.00038276 -0.551795 -104.1 0.00243637 0.999988 0.00437593 -0.500023 0.55179 -0.00499376 0.833968 113.782 
0.829985 0.0039445 -0.557772 -104.334 -0.000669364 0.999981 0.00607566 -0.506224 0.557786 -0.0046693 0.829972 114.113 
0.826172 0.00995184 -0.56333 -104.564 -0.00488137 0.999933 0.0105059 -0.51102 0.563397 -0.00592981 0.826165 114.423 
0.821928 0.0151391 -0.56939 -104.783 -0.00644469 0.99983 0.0172807 -0.515445 0.569554 -0.0105339 0.821886 114.724 
0.817023 0.0168399 -0.57636 -104.989 -0.00558091 0.999758 0.0212992 -0.517751 0.576579 -0.0141853 0.816918 115.002 
0.811574 0.0138306 -0.584086 -105.187 -0.00111593 0.999755 0.0221227 -0.514654 0.584249 -0.0173024 0.81139 115.265 
0.804349 0.0114191 -0.594048 -105.371 0.00243997 0.999743 0.0225213 -0.509455 0.594153 -0.0195644 0.804114 115.51 
0.795444 0.00991921 -0.605946 -105.554 0.00545484 0.999708 0.0235257 -0.509031 0.606003 -0.0220187 0.795158 115.739 
0.785011 0.0105505 -0.619392 -105.737 0.00578153 0.999687 0.0243557 -0.512153 0.619455 -0.0227005 0.784704 115.946 
0.772493 0.0116995 -0.634915 -105.916 0.00421551 0.999714 0.0235506 -0.509674 0.635009 -0.0208691 0.772223 116.137 
0.758364 0.0101774 -0.651752 -106.094 0.00435146 0.999777 0.0206752 -0.511395 0.651817 -0.0185153 0.75815 116.311 
0.743265 0.00752248 -0.668955 -106.264 0.00355676 0.999878 0.0151956 -0.511827 0.668988 -0.0136736 0.743148 116.474 
0.727808 0.00375698 -0.68577 -106.426 0.00371975 0.999949 0.00942595 -0.507617 0.685771 -0.00941113 0.727757 116.623 
0.712203 0.00361479 -0.701964 -106.596 -0.000167818 0.999988 0.00497918 -0.503629 0.701973 -0.00342833 0.712195 116.762 
0.696102 0.00708369 -0.717908 -106.772 -0.00759483 0.999968 0.00250264 -0.501281 0.717902 0.00371035 0.696134 116.894 
0.678513 0.00880477 -0.734535 -106.946 -0.0102016 0.999945 0.00256263 -0.500278 0.734517 0.00575471 0.678566 117.025 
0.659307 0.00738541 -0.751838 -107.121 -0.00707002 0.999968 0.00362292 -0.497506 0.751841 0.00292694 0.659338 117.161 
0.638751 0.00634032 -0.769387 -107.298 -0.00424997 0.99998 0.00471219 -0.491771 0.769401 0.000260004 0.638766 117.294 
0.616239 0.00803927 -0.787518 -107.487 -0.00431188 0.999967 0.00683393 -0.489861 0.787548 -0.000815599 0.616253 117.411 
0.591835 0.0121771 -0.805967 -107.684 -0.00785541 0.999926 0.00933915 -0.48274 0.806021 0.000804008 0.591887 117.519 
0.566932 0.0160456 -0.823608 -107.884 -0.0101015 0.999871 0.0125261 -0.477266 0.823703 0.00121828 0.567021 117.621 
0.541268 0.0185632 -0.840645 -108.085 -0.0120206 0.999825 0.0143385 -0.470896 0.840764 0.00234413 0.541396 117.715 
0.515157 0.0215899 -0.856824 -108.289 -0.015208 0.999756 0.0160478 -0.469931 0.856961 0.00476352 0.51536 117.8 
0.488234 0.02561 -0.872337 -108.497 -0.0195163 0.99964 0.0184243 -0.466574 0.872495 0.00802949 0.488558 117.875 
0.460162 0.0283231 -0.887383 -108.708 -0.0218227 0.99955 0.0205868 -0.464576 0.887567 0.00989192 0.460573 117.947 
0.430067 0.0278849 -0.902366 -108.918 -0.0207295 0.999564 0.0210089 -0.468237 0.902559 0.00967041 0.430458 118.017 
0.397647 0.024852 -0.917202 -109.145 -0.0206206 0.999623 0.0181453 -0.46879 0.917307 0.0116979 0.398009 118.08 
0.362894 0.0203681 -0.931608 -109.389 -0.0200701 0.9997 0.0140388 -0.464228 0.931614 0.0136029 0.363194 118.14 
0.323504 0.0181074 -0.946053 -109.65 -0.0198098 0.999727 0.0123607 -0.460295 0.946019 0.0147424 0.323775 118.195 
0.281754 0.0166748 -0.959342 -109.932 -0.0194013 0.999744 0.0116789 -0.450894 0.959291 0.015322 0.282005 118.241 
0.237977 0.0147961 -0.971158 -110.23 -0.0185965 0.99977 0.010675 -0.445196 0.971093 0.0155197 0.238198 118.276 
0.190422 0.0119308 -0.98163 -110.546 -0.0177034 0.999805 0.0087175 -0.436319 0.981543 0.0157182 0.190596 118.301 
0.14111 0.00999717 -0.989943 -110.88 -0.0170546 0.999825 0.00766593 -0.431854 0.989847 0.0158014 0.141256 118.308 
0.0908045 0.00956355 -0.995823 -111.228 -0.0165182 0.999831 0.00809582 -0.424917 0.995732 0.0157141 0.0909471 118.297 
0.0384406 0.0107812 -0.999203 -111.598 -0.0158028 0.999823 0.01018 -0.418705 0.999136 0.0153989 0.0386042 118.272 
-0.0148432 0.0129817 -0.999806 -111.973 -0.0128407 0.999831 0.0131726 -0.412467 0.999807 0.0130338 -0.014674 118.227 
-0.0685479 0.0148508 -0.997537 -112.357 -0.00964892 0.999833 0.015548 -0.406071 0.997601 0.010691 -0.0683931 118.162 
-0.122342 0.0167619 -0.992347 -112.75 -0.00556594 0.99983 0.0175745 -0.403135 0.992472 0.00767348 -0.122227 118.076 
-0.175186 0.0186514 -0.984359 -113.155 -0.00259262 0.999808 0.0194056 -0.398555 0.984532 0.0059517 -0.175105 117.962 
-0.226466 0.0202393 -0.973809 -113.571 -0.00059559 0.999781 0.0209176 -0.392431 0.974019 0.00531715 -0.226404 117.823 
-0.275757 0.0215847 -0.960985 -113.992 0.00255436 0.999761 0.0217226 -0.383796 0.961224 0.00353551 -0.275746 117.66 
-0.323804 0.0233516 -0.945836 -114.414 0.00737982 0.999727 0.0221556 -0.378271 0.946095 0.000194027 -0.323888 117.476 
-0.370265 0.0247754 -0.928596 -114.851 0.0119876 0.999689 0.0218923 -0.369958 0.928849 -0.00302561 -0.370447 117.264 
-0.414186 0.0269479 -0.909793 -115.291 0.0165763 0.999619 0.0220621 -0.365052 0.910041 -0.0059432 -0.414475 117.024 
