1 2.12261e-08 -2.11895e-08 0 2.12261e-08 1 2.10703e-08 0 -2.11895e-08 2.10703e-08 1 0 
0.999998 0.000628336 0.00177114 -0.00862137 -0.000626676 0.999999 -0.000913528 -0.00529781 -0.00177176 0.000912459 0.999998 0.45207 
0.999992 0.00203988 0.00357081 -0.015767 -0.00203267 0.999996 -0.00200918 -0.0105355 -0.00357493 0.00200195 0.999992 0.915159 
0.999981 0.00319848 0.0053127 -0.0258492 -0.00318423 0.999991 -0.00267947 -0.0164248 -0.00532127 0.00266255 0.999982 1.39191 
0.999972 0.00331196 0.00669747 -0.0302199 -0.00329355 0.999991 -0.00275041 -0.0228813 -0.00670656 0.00272831 0.999974 1.8824 
0.999961 0.00283531 0.00835808 -0.0341806 -0.00281572 0.999993 -0.00234938 -0.0314971 -0.00836473 0.0023258 0.999962 2.38389 
0.999946 0.00216845 0.0101905 -0.0377223 -0.00215562 0.999997 -0.00126524 -0.0400919 -0.0101933 0.00124325 0.999947 2.89181 
0.999928 0.00214851 0.011794 -0.0415593 -0.00215325 0.999998 0.000393371 -0.0481344 -0.0117932 -0.000418696 0.99993 3.4033 
0.999917 0.00253836 0.0126526 -0.0455325 -0.00255736 0.999996 0.00148916 -0.0562024 -0.0126488 -0.00152135 0.999919 3.91803 
0.999906 0.00357654 0.0132422 -0.0482127 -0.00359585 0.999993 0.0014381 -0.0637944 -0.013237 -0.00148554 0.999911 4.43341 
0.99989 0.00407825 0.0142806 -0.0510931 -0.004093 0.999991 0.00100664 -0.0720371 -0.0142764 -0.00106494 0.999898 4.95292 
0.999877 0.00434842 0.0150444 -0.0529899 -0.00436239 0.99999 0.000898687 -0.0798783 -0.0150404 -0.000964164 0.999886 5.47607 
0.999862 0.00546604 0.015687 -0.0559345 -0.00547222 0.999985 0.000354036 -0.0881213 -0.0156849 -0.000439788 0.999877 6.00189 
0.999843 0.00638879 0.0165503 -0.0574519 -0.00638328 0.99998 -0.000382779 -0.0953518 -0.0165525 0.000277115 0.999863 6.53397 
0.99982 0.0070641 0.0175839 -0.0586317 -0.00705646 0.999975 -0.00049407 -0.104547 -0.017587 0.000369943 0.999845 7.07254 
0.999801 0.0078774 0.0183349 -0.059116 -0.00785749 0.999969 -0.00115537 -0.113628 -0.0183434 0.00101112 0.999831 7.61493 
0.999767 0.00914108 0.019549 -0.0580719 -0.00911362 0.999957 -0.00149123 -0.123342 -0.0195618 0.00131276 0.999808 8.1628 
0.999694 0.0105693 0.0223622 -0.0561124 -0.0105365 0.999943 -0.00157938 -0.132643 -0.0223776 0.00134332 0.999749 8.71813 
0.999596 0.0112255 0.0261285 -0.0517669 -0.0111782 0.999936 -0.00195152 -0.142171 -0.0261487 0.00165871 0.999657 9.28237 
0.999481 0.0112499 0.0301706 -0.0414511 -0.0111844 0.999935 -0.00233728 -0.150672 -0.0301949 0.00199866 0.999542 9.85172 
0.999324 0.0110958 0.0350592 -0.0291084 -0.011005 0.999936 -0.00277936 -0.162633 -0.0350878 0.00239169 0.999381 10.427 
0.999091 0.011585 0.0410281 -0.014176 -0.0114832 0.99993 -0.00271552 -0.172812 -0.0410567 0.00224196 0.999154 11.0149 
0.998828 0.0111164 0.0471143 0.00534905 -0.0110171 0.999937 -0.00236566 -0.182338 -0.0471376 0.00184386 0.998887 11.6091 
0.998516 0.0114699 0.0532297 0.0258055 -0.0113295 0.999932 -0.00293688 -0.195152 -0.0532598 0.0023295 0.998578 12.2098 
0.998178 0.0094499 0.0595996 0.0562908 -0.00923602 0.99995 -0.00386233 -0.206781 -0.0596332 0.00330487 0.998215 12.8244 
0.997811 0.00823002 0.0656207 0.0912526 -0.00797151 0.999959 -0.00419967 -0.217649 -0.0656527 0.00366742 0.997836 13.4461 
0.997351 0.0109164 0.0719126 0.127836 -0.0104993 0.999926 -0.0061748 -0.227596 -0.0719747 0.00540346 0.997392 14.0811 
0.996827 0.0147358 0.0782222 0.160074 -0.0140553 0.999859 -0.00924205 -0.242913 -0.0783473 0.00811332 0.996893 14.7291 
0.9964 0.0117857 0.0839547 0.210664 -0.0110356 0.999895 -0.00939328 -0.251728 -0.0840566 0.00843301 0.996425 15.3978 
0.996054 0.00421721 0.0886521 0.275494 -0.0036319 0.999971 -0.00676208 -0.258141 -0.0886781 0.00641346 0.99604 16.0854 
0.99562 -0.00154426 0.0934779 0.340861 0.00185789 0.999993 -0.00326769 -0.26841 -0.0934722 0.00342709 0.995616 16.7862 
0.995231 -0.00088781 0.0975412 0.400713 0.000863337 1 0.000293561 -0.281157 -0.0975415 -0.00020791 0.995231 17.5002 
0.995011 -0.00212491 0.0997457 0.460918 0.0021134 0.999998 0.000221474 -0.287504 -0.0997459 -9.52673e-06 0.995013 18.2274 
0.99496 -0.00544752 0.100123 0.518967 0.00566227 0.999982 -0.00186028 -0.286722 -0.100112 0.00241787 0.994973 18.9327 
0.995087 -0.0115453 0.0983313 0.589701 0.0119696 0.999921 -0.00372543 -0.293488 -0.0982806 0.00488415 0.995147 19.689 
0.995519 -0.0138639 0.0935395 0.647039 0.0143309 0.999888 -0.00432176 -0.299919 -0.0934691 0.00564293 0.995606 20.4587 
0.996206 -0.0133099 0.0859976 0.700203 0.0137503 0.999895 -0.00453027 -0.310332 -0.0859283 0.00569562 0.996285 21.2517 
0.996959 -0.0132982 0.0767847 0.739149 0.0135421 0.999905 -0.00265592 -0.321886 -0.0767422 0.00368771 0.997044 22.0568 
0.99765 -0.0133883 0.0671972 0.77707 0.0134723 0.999909 -0.000796179 -0.328866 -0.0671805 0.00169965 0.997739 22.8793 
0.998246 -0.0123982 0.0578895 0.805366 0.0122883 0.999922 0.00225489 -0.340473 -0.057913 -0.00153953 0.99832 23.7109 
0.998685 -0.0119841 0.0498538 0.828941 0.0117802 0.999921 0.0043819 -0.350023 -0.0499024 -0.00378881 0.998747 24.5452 
0.999022 -0.0104536 0.042962 0.844132 0.0102362 0.999934 0.00527942 -0.359588 -0.0430144 -0.00483445 0.999063 25.3809 
0.999257 -0.00915223 0.0374356 0.856272 0.00894151 0.999943 0.00579365 -0.368835 -0.0374866 -0.00545458 0.999282 26.2156 
0.999449 -0.00791483 0.0322404 0.862289 0.00772665 0.999952 0.00595865 -0.379552 -0.0322861 -0.00570621 0.999462 27.0541 
0.999604 -0.00768418 0.0270861 0.869467 0.00753291 0.999956 0.00568367 -0.390288 -0.0271286 -0.00547734 0.999617 27.8912 
0.999718 -0.00738367 0.0225627 0.868212 0.00726602 0.99996 0.00529406 -0.40022 -0.0226009 -0.00512858 0.999731 28.7245 
0.999817 -0.00620287 0.0180853 0.865209 0.00609564 0.999964 0.00598029 -0.411111 -0.0181218 -0.00586891 0.999819 29.5614 
0.999884 -0.00482054 0.0144844 0.859012 0.00472349 0.999966 0.00673032 -0.423737 -0.0145164 -0.00666107 0.999872 30.3942 
0.999928 -0.00254099 0.0117589 0.851497 0.00245041 0.999967 0.00771476 -0.434908 -0.0117782 -0.00768535 0.999901 31.223 
0.999949 -0.00117697 0.0100466 0.844448 0.00110151 0.999971 0.00751744 -0.445252 -0.0100552 -0.00750595 0.999921 32.0522 
0.999958 -0.000190378 0.00912851 0.836567 0.000125228 0.999975 0.00714166 -0.456665 -0.00912968 -0.00714018 0.999933 32.8706 
0.999963 0.00179532 0.00838491 0.824059 -0.00184389 0.999982 0.0057933 -0.466421 -0.0083744 -0.0058085 0.999948 33.6796 
0.999961 0.00424391 0.0077637 0.810785 -0.00428681 0.999976 0.0055236 -0.475693 -0.00774011 -0.00555663 0.999955 34.4834 
0.999957 0.00602643 0.00703726 0.797719 -0.00606991 0.999963 0.00617923 -0.488074 -0.0069998 -0.00622164 0.999956 35.2816 
0.999945 0.00812379 0.00658067 0.782889 -0.0081676 0.999944 0.00666391 -0.498594 -0.00652621 -0.00671725 0.999956 36.0611 
0.999939 0.00922985 0.00599593 0.771985 -0.0092708 0.999934 0.00684396 -0.511159 -0.0059324 -0.00689909 0.999959 36.8296 
0.99992 0.0114426 0.00543983 0.758733 -0.0114786 0.999912 0.00664171 -0.521338 -0.0053634 -0.00670358 0.999963 37.5873 
0.999893 0.0136143 0.00536367 0.745053 -0.0136518 0.999882 0.00702732 -0.53267 -0.00526741 -0.00709975 0.999961 38.3288 
0.999852 0.0162283 0.00566233 0.733967 -0.0162683 0.999842 0.00710192 -0.544956 -0.00554622 -0.00719295 0.999959 39.0562 
0.999785 0.0194652 0.00708609 0.723336 -0.0195151 0.999785 0.00704085 -0.556544 -0.00694756 -0.00717759 0.99995 39.769 
0.999723 0.0213547 0.00989866 0.712332 -0.0214124 0.999754 0.00576888 -0.566327 -0.00977308 -0.00597919 0.999934 40.4663 
0.999643 0.0229533 0.0136978 0.708698 -0.023023 0.999723 0.00495822 -0.580697 -0.0135802 -0.00527178 0.999894 41.1531 
0.999571 0.0225083 0.0187409 0.709255 -0.0226076 0.999731 0.00511001 -0.590433 -0.0186209 -0.00553146 0.999811 41.8323 
0.999426 0.0237713 0.0241262 0.713601 -0.023907 0.9997 0.00535407 -0.601037 -0.0239918 -0.00592774 0.999695 42.4983 
0.999257 0.0238377 0.0302775 0.724026 -0.0240275 0.999694 0.00592294 -0.61313 -0.030127 -0.00664599 0.999524 43.1482 
0.999019 0.0233397 0.0376464 0.737833 -0.0235981 0.999701 0.00643307 -0.623375 -0.0374851 -0.0073151 0.99927 43.7785 
0.998654 0.02348 0.0462399 0.758912 -0.023794 0.999697 0.00625385 -0.63366 -0.0460791 -0.00734562 0.998911 44.3978 
0.998102 0.0240992 0.056665 0.7853 -0.0244853 0.999681 0.00613001 -0.644203 -0.0564992 -0.0075058 0.998374 45.0074 
0.997363 0.0235688 0.0686408 0.82241 -0.0240367 0.999693 0.0059994 -0.65396 -0.0684783 -0.00763343 0.997623 45.605 
0.99645 0.0222522 0.0811922 0.867327 -0.022818 0.999721 0.0060486 -0.663868 -0.081035 -0.00787974 0.99668 46.1916 
0.995318 0.0216578 0.0941992 0.920048 -0.0222752 0.999737 0.00550757 -0.671923 -0.0940552 -0.00758005 0.995538 46.7658 
0.993809 0.0215418 0.108992 0.980628 -0.0222677 0.999737 0.00544779 -0.680374 -0.108846 -0.00784103 0.994028 47.3283 
0.991878 0.0213532 0.125391 1.05141 -0.0222642 0.999735 0.00586848 -0.690872 -0.125233 -0.00861251 0.99209 47.8769 
0.989477 0.0239332 0.142695 1.12701 -0.0249217 0.999676 0.00514413 -0.698821 -0.142526 -0.00864615 0.989753 48.4164 
0.986291 0.0224123 0.163483 1.2182 -0.0234512 0.999715 0.00442722 -0.708935 -0.163338 -0.00820037 0.986536 48.9431 
0.982112 0.0257722 0.186527 1.31731 -0.0268848 0.999633 0.00343747 -0.719769 -0.18637 -0.00839067 0.982444 49.4584 
0.977002 0.0247498 0.211788 1.43313 -0.0255661 0.999673 0.00111671 -0.731458 -0.211691 -0.00650559 0.977315 49.9573 
0.970925 0.0238817 0.238192 1.56304 -0.0241559 0.999707 -0.00176778 -0.740794 -0.238164 -0.00403733 0.971217 50.4391 
0.963646 0.0227989 0.266209 1.70607 -0.0224159 0.999739 -0.00447713 -0.749275 -0.266242 -0.00165293 0.963905 50.9069 
0.955028 0.0204362 0.29581 1.86001 -0.0197098 0.999791 -0.00543721 -0.761151 -0.295859 -0.000637648 0.955231 51.3566 
0.94492 0.022447 0.326532 2.01876 -0.0210907 0.999748 -0.00769401 -0.773899 -0.326622 0.000383478 0.945155 51.7885 
0.933456 0.0230219 0.357952 2.19072 -0.0217637 0.999735 -0.00754369 -0.785121 -0.358031 -0.000748616 0.933709 52.2059 
0.920472 0.0225348 0.390157 2.3717 -0.021806 0.999742 -0.00629782 -0.798224 -0.390199 -0.00271076 0.920727 52.6077 
0.905393 0.0213362 0.424039 2.56012 -0.0210985 0.999764 -0.00525596 -0.816531 -0.424051 -0.00418783 0.905629 52.9867 
0.888261 0.0209003 0.458864 2.75985 -0.0206553 0.999771 -0.00555317 -0.830315 -0.458875 -0.00454527 0.888489 53.3478 
0.869002 0.0205725 0.494381 2.9661 -0.0199535 0.99978 -0.00652989 -0.843525 -0.494407 -0.00419015 0.869221 53.6874 
0.847796 0.0195898 0.529961 3.18656 -0.0178915 0.999805 -0.00833584 -0.854888 -0.530021 -0.00241466 0.847981 54.0092 
0.824475 0.018376 0.5656 3.41814 -0.0155212 0.999831 -0.00985859 -0.866672 -0.565686 -0.000650594 0.824621 54.3164 
0.799076 0.0154405 0.601032 3.66354 -0.0117117 0.99988 -0.0101161 -0.877434 -0.601116 0.00104448 0.799161 54.6088 
0.77119 0.0116232 0.636498 3.92219 -0.00859406 0.999932 -0.00784715 -0.889049 -0.636547 0.00058156 0.771238 54.8869 
0.741336 0.00706388 0.671097 4.18941 -0.00588993 0.999975 -0.00401913 -0.899132 -0.671108 -0.000973165 0.741359 55.1541 
0.709138 0.00334251 0.705062 4.46761 -0.00470239 0.999989 -1.10324e-05 -0.909543 -0.705054 -0.00330763 0.709146 55.4091 
0.674014 0.000996835 0.738718 4.75157 -0.0058823 0.999975 0.00401776 -0.917348 -0.738695 -0.00705337 0.674003 55.6437 
0.636479 -0.00275002 0.771289 5.04583 -0.00495863 0.999958 0.00765734 -0.930776 -0.771278 -0.00869825 0.636439 55.858 
0.597408 -0.00637384 0.801912 5.35174 -0.00194266 0.999954 0.00939523 -0.934176 -0.801935 -0.00717061 0.597368 56.0497 
0.555216 -0.00857788 0.831662 5.66813 0.000952645 0.999953 0.00967773 -0.941581 -0.831705 -0.00458094 0.555198 56.2273 
0.510417 -0.00750926 0.859894 5.99936 0.00221395 0.99997 0.00741841 -0.945213 -0.859924 -0.0018827 0.510418 56.3967 
0.463488 -0.00499075 0.886089 6.3477 0.000745022 0.999986 0.00524261 -0.947894 -0.886103 -0.00176972 0.463486 56.5591 
0.414292 -0.0022464 0.910141 6.70869 -0.00309744 0.999988 0.00387815 -0.952109 -0.910139 -0.00442578 0.41428 56.7041 
0.364194 0.000181871 0.931323 7.08809 -0.00819147 0.999962 0.00300805 -0.957172 -0.931287 -0.00872441 0.364181 56.8334 
0.314287 0.000734108 0.949328 7.48756 -0.0101319 0.999945 0.0025811 -0.957942 -0.949274 -0.0104297 0.314278 56.9436 
0.265993 0.000558349 0.963975 7.90007 -0.00854482 0.999962 0.00177866 -0.960829 -0.963937 -0.00871009 0.265988 57.0313 
0.220719 -0.000204945 0.975337 8.32698 -0.00726282 0.999972 0.00185375 -0.964718 -0.97531 -0.00749285 0.220711 57.1058 
0.179044 -0.00235136 0.983838 8.77735 -0.00710874 0.999968 0.00368365 -0.968514 -0.983815 -0.00765338 0.179022 57.1714 
0.140386 -0.00463101 0.990086 9.25338 -0.00733265 0.999957 0.00571693 -0.969792 -0.99007 -0.00806253 0.140346 57.2224 
0.103947 -0.00642943 0.994562 9.74934 -0.00845845 0.999937 0.00734825 -0.973233 -0.994547 -0.00917628 0.103886 57.2627 
0.0712122 -0.00779429 0.997431 10.2688 -0.00755244 0.999937 0.00835312 -0.977013 -0.997433 -0.00812788 0.0711489 57.2873 
0.0418861 -0.00832992 0.999088 10.8049 -0.00728496 0.999936 0.00864245 -0.978589 -0.999096 -0.00764031 0.0418227 57.2958 
0.0154851 -0.0061215 0.999861 11.3621 -0.00982605 0.999932 0.00627416 -0.976705 -0.999832 -0.00992185 0.0154239 57.3008 
-0.00704351 -0.00375487 0.999968 11.9393 -0.0138226 0.999898 0.00365729 -0.976579 -0.99988 -0.0137964 -0.00709469 57.2986 
-0.0265787 -0.00293189 0.999642 12.5384 -0.0138615 0.999901 0.00256413 -0.977344 -0.999551 -0.0137884 -0.0266167 57.2816 
-0.0435763 -0.00222487 0.999048 13.1568 -0.0101438 0.999947 0.00178447 -0.978513 -0.998999 -0.0100563 -0.0435965 57.2471 
-0.0593174 -0.00246814 0.998236 13.7954 -0.007831 0.999967 0.00200713 -0.980809 -0.998208 -0.00769813 -0.0593348 57.2068 
-0.0747431 -0.00357421 0.997196 14.4528 -0.00859133 0.999959 0.00294021 -0.98518 -0.997166 -0.00834748 -0.0747707 57.164 
-0.089297 -0.00252899 0.996002 15.1253 -0.00774282 0.999968 0.00184492 -0.989436 -0.995975 -0.00754712 -0.0893138 57.1072 
-0.101483 -0.00078513 0.994837 15.8164 -0.00619986 0.999981 0.000156782 -0.994935 -0.994818 -0.00615194 -0.101486 57.0393 
-0.111077 0.00184362 0.99381 16.5234 0.001089 0.999998 -0.00173335 -0.999662 -0.993811 0.000889719 -0.111078 56.9576 
-0.116908 0.00457312 0.993132 17.247 0.00877919 0.999955 -0.00357105 -1.00754 -0.993104 0.00830141 -0.116943 56.8706 
-0.119113 0.00456419 0.99287 17.992 0.01349 0.999905 -0.00297811 -1.01763 -0.992789 0.0130391 -0.119164 56.7834 
-0.118896 0.00302191 0.992902 18.7529 0.0144468 0.999895 -0.00131321 -1.02596 -0.992802 0.0141881 -0.118927 56.7022 
-0.116097 0.00217703 0.993236 19.5274 0.0175854 0.999845 -0.000135968 -1.03291 -0.993082 0.0174507 -0.116117 56.6218 
-0.111458 0.00111557 0.993769 20.3155 0.0194277 0.999811 0.00105664 -1.04454 -0.993579 0.0194244 -0.111459 56.5432 
-0.107121 0.0020247 0.994244 21.1137 0.0180432 0.999837 -9.2039e-05 -1.05347 -0.994082 0.0179295 -0.107141 56.4765 
-0.102938 0.00303496 0.994683 21.9206 0.0176088 0.999844 -0.00122836 -1.0623 -0.994532 0.0173888 -0.102976 56.4128 
-0.0985356 0.00238711 0.995131 22.7281 0.0223294 0.999751 -0.000187143 -1.07256 -0.994883 0.0222022 -0.0985643 56.3444 
-0.0948905 0.000298586 0.995488 23.5392 0.0277284 0.999613 0.00234331 -1.08479 -0.995102 0.0278257 -0.094862 56.2764 
-0.0911364 -0.00305766 0.995834 24.3522 0.0303367 0.999523 0.00584537 -1.09425 -0.995376 0.0307431 -0.0910001 56.2127 
-0.0864219 -0.0066729 0.996236 25.1643 0.0332654 0.999401 0.00957986 -1.10378 -0.995703 0.0339681 -0.0861481 56.1517 
-0.0809425 -0.00959261 0.996673 25.975 0.0339805 0.999346 0.012378 -1.11296 -0.996139 0.0348693 -0.0805636 56.0999 
-0.076879 -0.0109779 0.99698 26.7871 0.0317881 0.999404 0.0134558 -1.11736 -0.996534 0.0327265 -0.0764842 56.0589 
-0.0731163 -0.012487 0.997245 27.5967 0.0249722 0.999585 0.0143472 -1.11976 -0.997011 0.0259524 -0.0727741 56.0272 
-0.0688793 -0.015885 0.997499 28.4106 0.0189497 0.999672 0.0172282 -1.12029 -0.997445 0.020089 -0.0685557 55.999 
-0.0645499 -0.0174116 0.997763 29.2246 0.0161317 0.999699 0.0184891 -1.12299 -0.997784 0.0172891 -0.0642496 55.9699 
-0.0604263 -0.0135545 0.998081 30.0343 0.0166352 0.999755 0.0145844 -1.12921 -0.998034 0.0174846 -0.060186 55.9375 
-0.0570798 -0.00577883 0.998353 30.8453 0.0176356 0.999821 0.00679567 -1.13244 -0.998214 0.0179945 -0.0569677 55.9059 
-0.0541967 0.000180386 0.99853 31.6618 0.0159166 0.999873 0.000683309 -1.1359 -0.998403 0.0159302 -0.0541927 55.8772 
-0.0523792 -0.000476698 0.998627 32.4845 0.0152038 0.999884 0.00127479 -1.14363 -0.998512 0.0152497 -0.0523658 55.8496 
-0.0509058 -0.00428796 0.998694 33.3149 0.0181444 0.999822 0.00521771 -1.15468 -0.998539 0.0183863 -0.0508189 55.8166 
-0.0498574 -0.00460088 0.998746 34.1479 0.0192806 0.999799 0.00556827 -1.16828 -0.99857 0.0195341 -0.0497587 55.7881 
-0.0499246 -0.00215532 0.998751 34.9755 0.0169303 0.999852 0.00300403 -1.17885 -0.99861 0.0170591 -0.0498808 55.7658 
-0.0498839 -0.000806428 0.998755 35.8127 0.0101477 0.999948 0.00131427 -1.18727 -0.998704 0.0102007 -0.0498731 55.7473 
-0.0508938 -0.00171286 0.998703 36.6568 0.00831863 0.999963 0.00213898 -1.1947 -0.998669 0.0084167 -0.0508776 55.7226 
-0.0521916 -0.00256806 0.998634 37.5071 0.00874034 0.999957 0.0030283 -1.20581 -0.998599 0.00888645 -0.0521669 55.6938 
-0.0537035 0.00126906 0.998556 38.3636 0.00831068 0.999965 -0.000823857 -1.21759 -0.998522 0.00825443 -0.0537122 55.6626 
-0.0550459 0.00540723 0.998469 39.2267 0.00890874 0.999948 -0.00492406 -1.22698 -0.998444 0.00862405 -0.0550913 55.6306 
-0.0556621 0.00821556 0.998416 40.0987 0.010144 0.999919 -0.00766236 -1.24005 -0.998398 0.00970138 -0.0557409 55.5948 
-0.0567662 0.0092112 0.998345 40.9795 0.0128316 0.999882 -0.00849573 -1.25956 -0.998305 0.0123281 -0.0568777 55.5573 
-0.0575487 0.0105953 0.998287 41.8743 0.0132504 0.999864 -0.00984816 -1.27799 -0.998255 0.0126609 -0.0576813 55.519 
-0.0587647 0.010435 0.998217 42.7779 0.0118618 0.999882 -0.00975405 -1.29136 -0.998201 0.0112675 -0.0588815 55.4814 
-0.0601413 0.00573925 0.998173 43.6976 0.010068 0.999936 -0.00514273 -1.30966 -0.998139 0.00974035 -0.0601953 55.4481 
-0.0616455 0.00425892 0.998089 44.6267 0.00987188 0.999945 -0.00365708 -1.32806 -0.998049 0.00962757 -0.0616842 55.4096 
-0.0630281 0.0074757 0.997984 45.5568 0.0105729 0.999921 -0.00682243 -1.34821 -0.997956 0.0101216 -0.0631021 55.3695 
-0.0635891 0.0113229 0.997912 46.4984 0.0116875 0.999876 -0.0106003 -1.36154 -0.997908 0.0109891 -0.0637135 55.3234 
-0.0634441 0.0126683 0.997905 47.4433 0.0146499 0.999824 -0.0117612 -1.38184 -0.997878 0.0138731 -0.0636184 55.2772 
-0.0633331 0.00932679 0.997949 48.4062 0.0191202 0.999784 -0.00813047 -1.40124 -0.997809 0.018566 -0.0634977 55.224 
-0.0635384 0.00360642 0.997973 49.3862 0.0209528 0.999778 -0.00227889 -1.41633 -0.997759 0.0207656 -0.0635998 55.1708 
-0.062793 0.000696175 0.998026 50.371 0.0222874 0.999751 0.000704924 -1.433 -0.997778 0.0222877 -0.0627929 55.1233 
-0.0610931 0.00229642 0.998129 51.3627 0.0215355 0.999768 -0.000982013 -1.44507 -0.9979 0.0214352 -0.0611283 55.081 
-0.0601917 0.00516992 0.998173 52.3619 0.0212901 0.999766 -0.00389429 -1.45956 -0.99796 0.0210168 -0.0602876 55.0383 
-0.0599678 0.00697299 0.998176 53.3671 0.0158148 0.999857 -0.00603458 -1.48214 -0.998075 0.0154241 -0.0600695 55.0047 
-0.0605569 0.00692798 0.998141 54.3814 0.0130016 0.999897 -0.00615132 -1.49781 -0.99808 0.012605 -0.0606407 54.9701 
-0.0610862 0.00218247 0.99813 55.4108 0.0131106 0.999913 -0.00138395 -1.51311 -0.998046 0.0130016 -0.0611095 54.9273 
-0.0617224 -0.00375146 0.998086 56.4517 0.0111899 0.999928 0.00445042 -1.52878 -0.998031 0.0114432 -0.0616759 54.883 
-0.0622706 -0.00304123 0.998055 57.4905 0.0130978 0.999907 0.00386411 -1.53811 -0.997973 0.0133129 -0.0622249 54.8321 
-0.0623728 0.000339299 0.998053 58.5232 0.0163978 0.999865 0.000684899 -1.54843 -0.997918 0.0164086 -0.0623699 54.778 
-0.0633753 0.00317933 0.997985 59.5692 0.0186177 0.999825 -0.00200287 -1.56416 -0.997816 0.0184532 -0.0634234 54.7235 
-0.0655687 0.000126662 0.997848 60.628 0.018884 0.999821 0.001114 -1.57891 -0.997669 0.0189164 -0.0655594 54.6706 
-0.0682559 -0.00503068 0.997655 61.701 0.0204272 0.999771 0.00643894 -1.59279 -0.997459 0.0208188 -0.0681375 54.6157 
-0.0712042 -0.00797881 0.99743 62.77 0.0219241 0.999714 0.00956224 -1.60376 -0.997221 0.0225486 -0.0710089 54.5516 
-0.0748248 -0.00700349 0.997172 63.8443 0.02616 0.999617 0.00898367 -1.60806 -0.996854 0.0267582 -0.074613 54.4836 
-0.0784724 -0.00797284 0.996884 64.9207 0.0291335 0.999523 0.0102873 -1.61591 -0.996491 0.02985 -0.0782027 54.4172 
-0.0821256 -0.010074 0.996571 65.991 0.0331075 0.999369 0.0128306 -1.62546 -0.996072 0.0340477 -0.0817403 54.3437 
-0.0849997 -0.00958989 0.996335 67.06 0.0369141 0.999237 0.0127671 -1.63042 -0.995697 0.037864 -0.0845809 54.2683 
-0.0871946 -0.0059861 0.996173 68.124 0.0409423 0.999116 0.00958748 -1.63809 -0.99535 0.0416216 -0.0868724 54.1866 
-0.088986 -0.00148279 0.996032 69.1911 0.0431906 0.999053 0.005346 -1.64894 -0.995096 0.043495 -0.0888376 54.1059 
-0.0901672 0.00138974 0.995926 70.2639 0.0468756 0.998897 0.00285009 -1.65915 -0.994823 0.0469416 -0.0901329 54.0231 
-0.0896222 0.000662539 0.995976 71.3423 0.045799 0.998945 0.00345671 -1.67516 -0.994922 0.0459244 -0.0895579 53.9497 
-0.0867701 -0.00168657 0.996227 72.4133 0.0468411 0.998886 0.00577092 -1.68801 -0.995127 0.0471651 -0.0865944 53.8751 
-0.0821238 -0.0049855 0.99661 73.487 0.0502797 0.998693 0.00913917 -1.69834 -0.995353 0.0508598 -0.0817658 53.7999 
-0.0767344 -0.00793788 0.99702 74.5594 0.0505122 0.998653 0.0118385 -1.70484 -0.995771 0.0512701 -0.0762301 53.7334 
-0.0716288 -0.011118 0.997369 75.6362 0.0521236 0.99853 0.0148743 -1.70953 -0.996069 0.0530519 -0.070944 53.6725 
-0.0668025 -0.0124372 0.997689 76.7174 0.0534631 0.998441 0.0160264 -1.71733 -0.996333 0.0544101 -0.0660335 53.6198 
-0.0628604 -0.00834004 0.997988 77.7953 0.0538309 0.998481 0.0117349 -1.72299 -0.99657 0.0544602 -0.0623159 53.5689 
-0.0606455 -0.00361984 0.998153 78.8664 0.0532947 0.998555 0.0068594 -1.72832 -0.996736 0.0536122 -0.060365 53.5229 
-0.0591639 -0.00378292 0.998241 79.9432 0.0535836 0.998539 0.00695989 -1.7359 -0.996809 0.0539011 -0.0588747 53.4762 
-0.0575588 -0.00580777 0.998325 81.0246 0.054346 0.998482 0.00894206 -1.74793 -0.996862 0.0547696 -0.0571558 53.4305 
-0.0557133 -0.00284953 0.998443 82.1029 0.0547043 0.998485 0.0059022 -1.75889 -0.996947 0.0549479 -0.055473 53.3879 
-0.0533884 0.00305809 0.998569 83.1723 0.0548155 0.998497 -0.000127126 -1.77267 -0.997068 0.0547303 -0.0534757 53.3457 
-0.0513628 0.00624061 0.998661 84.2416 0.0537024 0.998551 -0.00347788 -1.79106 -0.997235 0.0534518 -0.0516235 53.3103 
-0.0489702 0.00548328 0.998785 85.3224 0.0542737 0.998522 -0.00282077 -1.8126 -0.997325 0.0540697 -0.0491955 53.2749 
-0.0452317 0.00233346 0.998974 86.4105 0.0523732 0.998628 3.8757e-05 -1.83439 -0.997603 0.0523213 -0.0452919 53.2448 
-0.0408185 -0.00187528 0.999165 87.5013 0.0522841 0.998624 0.00401025 -1.84986 -0.997798 0.0524041 -0.0406643 53.2184 
-0.0359406 -0.00422421 0.999345 88.5876 0.0507656 0.998692 0.00604723 -1.86398 -0.998064 0.0509497 -0.0356792 53.1948 
-0.0325175 -0.000214012 0.999471 89.6789 0.0467655 0.998904 0.00173543 -1.88275 -0.998377 0.0467972 -0.0324719 53.1848 
-0.0307183 0.00908842 0.999487 90.7581 0.0435064 0.999023 -0.00774703 -1.9067 -0.998581 0.0432461 -0.0310837 53.1777 
-0.0297532 0.0171147 0.999411 91.8437 0.0378068 0.999157 -0.0159848 -1.93167 -0.998842 0.0373089 -0.0303752 53.1722 
-0.0291483 0.0167005 0.999436 92.9342 0.0372953 0.999182 -0.0156085 -1.96175 -0.998879 0.0368193 -0.0297473 53.1597 
-0.0284429 0.0105569 0.99954 94.0417 0.0372314 0.999262 -0.00949442 -1.99338 -0.998902 0.0369442 -0.028815 53.1511 
-0.0296285 0.00448491 0.999551 95.1425 0.0389496 0.999236 -0.00332892 -2.01637 -0.998802 0.0388335 -0.0297805 53.1309 
-0.0316613 -0.00147147 0.999498 96.2432 0.0372898 0.999301 0.00265246 -2.03692 -0.998803 0.037355 -0.0315843 53.1145 
-0.0334414 -0.00623886 0.999421 97.3383 0.0369111 0.999291 0.00747316 -2.05346 -0.998759 0.0371397 -0.0331874 53.0908 
-0.0353917 -0.00570602 0.999357 98.4285 0.0373746 0.999277 0.0070292 -2.0694 -0.998674 0.0375994 -0.0351529 53.0664 
-0.0370921 -0.00543989 0.999297 99.5117 0.0368898 0.999296 0.00680921 -2.08002 -0.998631 0.0371165 -0.0368653 53.0407 
-0.0387819 -0.00678341 0.999225 100.591 0.0383556 0.99923 0.00827214 -2.09471 -0.998511 0.0386466 -0.0384919 53.0153 
-0.0395791 -0.00524631 0.999203 101.672 0.0392048 0.999208 0.00679931 -2.11209 -0.998447 0.0394427 -0.0393421 52.9873 
-0.0399468 0.00304486 0.999197 102.744 0.0398993 0.999203 -0.00144971 -2.13082 -0.998405 0.0398093 -0.0400364 52.9594 
-0.040245 0.0109625 0.99913 103.808 0.0371 0.999267 -0.00946961 -2.15125 -0.998501 0.0366866 -0.0406222 52.9344 
-0.0412341 0.0112081 0.999087 104.873 0.0346133 0.999353 -0.00978249 -2.17805 -0.99855 0.0341783 -0.0415954 52.91 
-0.043406 0.0052861 0.999044 105.952 0.0302393 0.999535 -0.00397483 -2.20678 -0.9986 0.0300379 -0.0435456 52.8882 
-0.0461668 -0.00231182 0.998931 107.022 0.0241099 0.999703 0.00342792 -2.22649 -0.998643 0.0242424 -0.0460973 52.8673 
-0.0479492 -0.0104788 0.998795 108.084 0.0228491 0.999672 0.011585 -2.23872 -0.998588 0.023377 -0.0476941 52.8378 
-0.049452 -0.0170301 0.998631 109.15 0.0260569 0.999492 0.0183351 -2.24791 -0.998437 0.026928 -0.0489831 52.7954 
-0.0513759 -0.0173501 0.998529 110.191 0.0249824 0.999514 0.0186526 -2.25245 -0.998367 0.0259039 -0.0509175 52.7618 
-0.0519679 -0.00981828 0.998601 111.222 0.0287503 0.999523 0.0113236 -2.26128 -0.998235 0.0292986 -0.0516608 52.7206 
-0.0524879 0.00466692 0.998611 112.25 0.0374667 0.999294 -0.00270079 -2.27626 -0.997919 0.0372728 -0.0526257 52.6701 
-0.0536658 0.0157628 0.998435 113.271 0.0424375 0.999008 -0.0134908 -2.29572 -0.997657 0.0416471 -0.0542815 52.6297 
-0.0539335 0.0126315 0.998465 114.304 0.0428252 0.999029 -0.0103253 -2.32044 -0.997626 0.0422026 -0.0544221 52.5899 
-0.0536895 0.00196051 0.998556 115.348 0.0454036 0.998969 0.000479941 -2.34465 -0.997525 0.0453638 -0.0537232 52.5477 
-0.0530021 -0.00797566 0.998563 116.384 0.0453968 0.998915 0.0103881 -2.36025 -0.997562 0.0458822 -0.0525826 52.5068 
-0.0528206 -0.0133322 0.998515 117.407 0.0440407 0.998907 0.0156672 -2.36871 -0.997632 0.0448028 -0.0521757 52.4731 
-0.0527377 -0.0187277 0.998433 118.425 0.0415304 0.998918 0.0209305 -2.37082 -0.997744 0.0425692 -0.0519029 52.4401 
-0.0521467 -0.0220306 0.998396 119.445 0.0388692 0.998954 0.0240731 -2.37242 -0.997883 0.0400622 -0.0512358 52.404 
-0.0518508 -0.0199915 0.998455 120.448 0.0377278 0.999047 0.0219627 -2.37454 -0.997942 0.0388083 -0.0510472 52.3667 
-0.0510001 -0.0129921 0.998614 121.443 0.0352515 0.999269 0.014801 -2.37379 -0.998076 0.0359575 -0.0505048 52.3315 
-0.0504717 -0.00689351 0.998702 122.437 0.0352409 0.999341 0.00867894 -2.37753 -0.998104 0.0356332 -0.0501955 52.2932 
-0.0499693 -0.00178571 0.998749 123.419 0.0358073 0.999352 0.00357834 -2.38876 -0.998109 0.0359414 -0.049873 52.2561 
-0.0496221 0.00296564 0.998764 124.396 0.0372824 0.999304 -0.00111489 -2.40303 -0.998072 0.037181 -0.0496981 52.2185 
-0.0492496 0.00727644 0.99876 125.366 0.0377906 0.999271 -0.00541665 -2.42379 -0.998071 0.0374769 -0.0494887 52.1889 
-0.0490724 0.00641763 0.998775 126.33 0.0393413 0.999216 -0.00448749 -2.44334 -0.99802 0.0390729 -0.0492864 52.154 
-0.0488549 0.000168163 0.998806 127.289 0.0379979 0.999276 0.0016904 -2.46357 -0.998083 0.0380351 -0.0488259 52.1218 
-0.0493667 -0.00984864 0.998732 128.245 0.0361498 0.999279 0.0116409 -2.48047 -0.998126 0.0366787 -0.048975 52.0944 
-0.0502203 -0.0177938 0.99858 129.187 0.0309133 0.999335 0.019362 -2.49161 -0.99826 0.0318418 -0.0496369 52.0692 
-0.0524242 -0.0207645 0.998409 130.111 0.0263668 0.999407 0.0221697 -2.49643 -0.998277 0.0274871 -0.0518456 52.0434 
-0.0542343 -0.0183913 0.998359 131.01 0.0214942 0.999577 0.0195814 -2.5025 -0.998297 0.0225209 -0.053816 52.0175 
-0.0553244 -0.0111562 0.998406 131.891 0.0184415 0.999756 0.0121932 -2.50839 -0.998298 0.0190867 -0.0551052 51.9892 
-0.0558274 -0.00419445 0.998432 132.753 0.0206573 0.999772 0.00535518 -2.51797 -0.998227 0.0209239 -0.0557281 51.9549 
-0.0547321 0.0017465 0.9985 133.596 0.0245572 0.999698 -0.000402467 -2.53287 -0.998199 0.0244983 -0.0547585 51.9187 
-0.0516955 0.00397408 0.998655 134.42 0.0283218 0.999596 -0.0025117 -2.55227 -0.998261 0.0281539 -0.0517872 51.8853 
-0.0471855 0.00353147 0.99888 135.23 0.032474 0.999471 -0.00199949 -2.56895 -0.998358 0.0323433 -0.0472752 51.8582 
-0.0421731 -0.00125502 0.99911 136.026 0.0354144 0.999369 0.00275025 -2.58359 -0.998483 0.0354989 -0.0421021 51.835 
-0.0380292 -0.00551152 0.999261 136.793 0.0367996 0.999299 0.00691225 -2.60274 -0.998599 0.0370352 -0.0377997 51.8181 
-0.0338397 -0.00545921 0.999412 137.531 0.0376257 0.999269 0.00673246 -2.62209 -0.998719 0.0378314 -0.0336096 51.8065 
-0.0293299 -0.000997634 0.999569 138.235 0.0390834 0.999234 0.00214414 -2.63988 -0.998805 0.0391294 -0.0292684 51.7977 
-0.0248968 0.00297782 0.999686 138.913 0.0393427 0.999224 -0.00199659 -2.65218 -0.998916 0.0392806 -0.0249946 51.7932 
-0.0203696 0.00360269 0.999786 139.566 0.0405953 0.999172 -0.00277334 -2.66653 -0.998968 0.0405302 -0.020499 51.7913 
-0.0159679 0.00329226 0.999867 140.19 0.0379802 0.999275 -0.00268372 -2.6852 -0.999151 0.0379323 -0.0160814 51.7951 
-0.0121281 0.00232361 0.999924 140.783 0.0331206 0.99945 -0.00192075 -2.70442 -0.999378 0.0330948 -0.0121984 51.8072 
-0.00851194 0.00266099 0.99996 141.349 0.0283874 0.999594 -0.00241833 -2.72249 -0.999561 0.0283657 -0.00858403 51.8214 
-0.0055191 0.00601456 0.999967 141.898 0.0266823 0.999627 -0.0058652 -2.73414 -0.999629 0.026649 -0.00567752 51.8303 
-0.00451833 0.0101218 0.999939 142.431 0.0256829 0.99962 -0.0100025 -2.74845 -0.99966 0.0256362 -0.00477657 51.8384 
-0.00487003 0.0112441 0.999925 142.963 0.0224588 0.999686 -0.011132 -2.76385 -0.999736 0.0224029 -0.00512102 51.8474 
-0.00648616 0.00950645 0.999934 143.495 0.016456 0.99982 -0.00939859 -2.77805 -0.999844 0.016394 -0.00664143 51.8594 
-0.00864223 0.00522836 0.999949 144.026 0.011008 0.999926 -0.00513306 -2.79068 -0.999902 0.010963 -0.00869915 51.8705 
-0.0107649 8.93165e-05 0.999942 144.556 0.0100256 0.99995 1.86558e-05 -2.80099 -0.999892 0.0100252 -0.0107653 51.8724 
-0.012805 -0.00298576 0.999914 145.078 0.0136439 0.999902 0.0031605 -2.81452 -0.999825 0.0136832 -0.012763 51.8641 
-0.0151843 -0.00101943 0.999884 145.587 0.0158211 0.999874 0.00125972 -2.82996 -0.99976 0.0158384 -0.0151663 51.858 
-0.0181617 0.00240297 0.999832 146.092 0.0152219 0.999882 -0.00212655 -2.84021 -0.999719 0.0151807 -0.0181961 51.8564 
-0.0207198 0.0040564 0.999777 146.594 0.0116956 0.999924 -0.00381457 -2.8495 -0.999717 0.011614 -0.0207657 51.8587 
-0.0230657 0.00575643 0.999717 147.094 0.0105464 0.999929 -0.00551427 -2.85608 -0.999678 0.0104162 -0.0231248 51.8571 
-0.0249598 0.00721329 0.999662 147.591 0.012146 0.999902 -0.00691171 -2.86309 -0.999615 0.0119694 -0.025045 51.8491 
-0.0278826 0.00465689 0.9996 148.091 0.0125102 0.999913 -0.00430934 -2.87371 -0.999533 0.012385 -0.0279384 51.8413 
-0.030474 -0.00051075 0.999535 148.591 0.0118837 0.999929 0.000873306 -2.88515 -0.999465 0.0119048 -0.0304658 51.8342 
-0.0330666 -0.00361264 0.999447 149.082 0.0110622 0.999931 0.00398042 -2.89017 -0.999392 0.0111877 -0.0330244 51.8285 
-0.0357795 -0.00474523 0.999348 149.575 0.00873538 0.999949 0.00506088 -2.89768 -0.999322 0.00891076 -0.0357363 51.8217 
-0.0378462 -0.00624169 0.999264 150.068 0.00736655 0.999952 0.00652502 -2.90645 -0.999256 0.00760807 -0.0377984 51.8133 
-0.039151 -0.00781607 0.999203 150.557 0.00663185 0.999945 0.00808177 -2.91492 -0.999211 0.00694297 -0.0390971 51.8056 
-0.0401218 -0.00786019 0.999164 151.043 0.0061983 0.999948 0.00811529 -2.91917 -0.999176 0.00651871 -0.040071 51.7976 
-0.0392804 -0.00609664 0.99921 151.521 0.00901623 0.999939 0.00645557 -2.92122 -0.999188 0.00926268 -0.039223 51.7873 
-0.0343387 -0.00332692 0.999405 151.995 0.0113135 0.999929 0.00371743 -2.92607 -0.999346 0.0114344 -0.0342986 51.7772 
-0.0270678 -0.00158682 0.999632 152.461 0.0116468 0.99993 0.00190271 -2.93477 -0.999566 0.011694 -0.0270474 51.7781 
-0.0169916 -0.00176419 0.999854 152.929 0.00967582 0.999951 0.00192883 -2.94132 -0.999809 0.00970718 -0.0169737 51.7893 
-0.00151647 -0.00262141 0.999995 153.388 0.01141 0.999931 0.00263858 -2.94418 -0.999934 0.011414 -0.00148645 51.8052 
0.0208745 -0.00243056 0.999779 153.838 0.0173593 0.999847 0.00206832 -2.9467 -0.999631 0.0173123 0.0209135 51.8251 
0.0506991 -0.00193573 0.998712 154.279 0.0242311 0.999706 0.000707614 -2.9503 -0.99842 0.0241641 0.0507311 51.8606 
0.0869106 -0.00242072 0.996213 154.716 0.0257536 0.999668 0.000182392 -2.954 -0.995883 0.0256403 0.0869441 51.9243 
0.1276 -0.00275308 0.991822 155.144 0.0226809 0.999743 -0.000142831 -2.96783 -0.991566 0.0225137 0.127629 52.0165 
0.169325 0.000413718 0.98556 155.561 0.0182132 0.999828 -0.0035488 -2.97707 -0.985392 0.0185511 0.169289 52.1313 
0.210908 0.00482775 0.977494 155.969 0.0178807 0.999801 -0.00879589 -2.98591 -0.977342 0.0193334 0.21078 52.2564 
0.2531 0.00921645 0.967396 156.368 0.0188835 0.999717 -0.0144648 -2.98982 -0.967256 0.0219289 0.252854 52.3929 
0.29559 0.0114553 0.955246 156.76 0.0200082 0.999635 -0.0181788 -2.99862 -0.955105 0.0244863 0.295253 52.5445 
0.336794 0.0136612 0.941479 157.139 0.016437 0.999657 -0.0203853 -3.00578 -0.941435 0.0223407 0.336454 52.7226 
0.376983 0.0175371 0.926054 157.499 0.00867438 0.99971 -0.0224631 -3.01657 -0.92618 0.0165012 0.376721 52.9202 
0.416677 0.0227036 0.908771 157.851 0.000185188 0.999686 -0.0250598 -3.02806 -0.909055 0.0106101 0.416542 53.1334 
0.455726 0.0286431 0.889659 158.198 -0.00438836 0.999542 -0.0299329 -3.0415 -0.890109 0.00973708 0.455643 53.36 
0.493873 0.0321993 0.868937 158.548 -0.00559927 0.999411 -0.0338517 -3.05803 -0.869516 0.011853 0.493763 53.6001 
0.531265 0.0313919 0.846624 158.885 -0.00410299 0.999397 -0.0344818 -3.07273 -0.847196 0.0148453 0.531074 53.8474 
0.566904 0.0299639 0.823239 159.229 -0.00573695 0.999458 -0.0324272 -3.08633 -0.823764 0.0136602 0.566769 54.129 
0.60014 0.0307953 0.799302 159.558 -0.0102506 0.999473 -0.0308109 -3.10417 -0.799829 0.0102975 0.600139 54.431 
0.631628 0.0349386 0.774484 159.881 -0.0174569 0.999372 -0.0308468 -3.12409 -0.775075 0.00596364 0.631841 54.756 
0.661348 0.0384198 0.749095 160.201 -0.0228291 0.999256 -0.0310951 -3.14386 -0.749732 0.00346353 0.661733 55.096 
0.688912 0.0394324 0.723772 160.52 -0.0229261 0.999205 -0.0326165 -3.16065 -0.724483 0.00587665 0.689268 55.4478 
0.713845 0.0374076 0.699304 160.84 -0.0181485 0.999225 -0.0349252 -3.17594 -0.700068 0.0122399 0.713971 55.8095 
0.736151 0.0387089 0.67571 161.157 -0.0194414 0.999161 -0.0360578 -3.19013 -0.676538 0.0134073 0.736286 56.1974 
0.755584 0.0427827 0.653653 161.462 -0.0262284 0.999041 -0.0350704 -3.20974 -0.654526 0.00935445 0.755982 56.612 
0.771842 0.0453991 0.634192 161.771 -0.0338239 0.998967 -0.0303464 -3.23302 -0.634914 0.00197183 0.77258 57.0484 
0.784799 0.0433407 0.618233 162.086 -0.0347329 0.99906 -0.0259475 -3.25397 -0.618777 -0.00110944 0.785566 57.4901 
0.79552 0.0381045 0.604728 162.411 -0.0305715 0.999274 -0.0227483 -3.27062 -0.605156 -0.000390684 0.796107 57.9399 
0.804671 0.0303754 0.592944 162.744 -0.0241789 0.999538 -0.0183918 -3.28973 -0.593229 0.00046261 0.805034 58.4031 
0.811949 0.023527 0.583255 163.077 -0.0192189 0.999723 -0.0135715 -3.30953 -0.583413 -0.000190146 0.812176 58.8831 
0.818518 0.0200557 0.574131 163.411 -0.0172979 0.999798 -0.0102642 -3.32611 -0.574221 -0.00152987 0.818699 59.3821 
0.825485 0.0170607 0.564166 163.746 -0.0149057 0.999853 -0.00842597 -3.33746 -0.564227 -0.00145377 0.825619 59.8974 
0.832671 0.0126855 0.553623 164.088 -0.00949574 0.999918 -0.00862973 -3.34762 -0.553687 0.00192868 0.832722 60.4319 
0.839128 0.0130986 0.543777 164.425 -0.00771239 0.999896 -0.0121842 -3.36343 -0.54388 0.0060303 0.839141 60.9774 
0.844712 0.0171125 0.534948 164.759 -0.00922113 0.999806 -0.0174222 -3.38029 -0.535142 0.00978392 0.844705 61.5409 
0.848843 0.0224243 0.528169 165.095 -0.0124516 0.999671 -0.022431 -3.39608 -0.528498 0.0124638 0.848843 62.1274 
0.850958 0.0269177 0.524544 165.441 -0.015385 0.999535 -0.0263336 -3.41483 -0.525009 0.0143387 0.850976 62.7234 
0.850804 0.0318671 0.524516 165.793 -0.0207794 0.999419 -0.0270142 -3.43949 -0.525072 0.0120847 0.850972 63.3435 
0.849024 0.0321942 0.527372 166.159 -0.0234918 0.999455 -0.0231933 -3.46691 -0.527831 0.00730279 0.849318 63.9705 
0.846621 0.0335697 0.531136 166.533 -0.025794 0.999424 -0.0220517 -3.49273 -0.531571 0.00496935 0.846999 64.5973 
0.843814 0.0351088 0.535487 166.922 -0.0280993 0.999379 -0.0212449 -3.51659 -0.5359 0.00288 0.844276 65.2483 
0.84084 0.03505 0.540148 167.324 -0.029122 0.999385 -0.0195159 -3.53717 -0.540501 0.000679514 0.841343 65.907 
0.837651 0.0328233 0.545219 167.741 -0.0265544 0.99946 -0.0193723 -3.55689 -0.54556 0.00174928 0.83807 66.5681 
0.834392 0.0297557 0.550368 168.172 -0.0245578 0.999557 -0.01681 -3.58175 -0.550624 0.000510305 0.834753 67.238 
0.830604 0.0303902 0.556034 168.608 -0.0257522 0.999538 -0.0161613 -3.6047 -0.556268 -0.000895366 0.831003 67.9161 
0.827199 0.0326041 0.560962 169.053 -0.0271858 0.999468 -0.0180025 -3.62694 -0.561251 -0.000358551 0.827646 68.6009 
0.824279 0.0332047 0.565209 169.511 -0.0257092 0.999444 -0.0212216 -3.6544 -0.5656 0.00296151 0.824675 69.288 
0.821546 0.0352179 0.569053 169.979 -0.0258336 0.999365 -0.024553 -3.68186 -0.569556 0.00547076 0.821934 69.9831 
0.818735 0.034622 0.573127 170.454 -0.0252804 0.999386 -0.0242576 -3.70759 -0.573615 0.00537172 0.819107 70.6918 
0.816321 0.0315359 0.576737 170.942 -0.0263329 0.999502 -0.0173806 -3.73516 -0.576998 -0.000998944 0.816745 71.4148 
0.813933 0.0280307 0.580282 171.434 -0.0262302 0.99959 -0.0114936 -3.76418 -0.580366 -0.00586586 0.814334 72.1367 
0.812078 0.0265513 0.582944 171.927 -0.0220556 0.999647 -0.0148059 -3.79615 -0.583131 -0.000833583 0.812377 72.8416 
0.810721 0.0316575 0.584576 172.416 -0.02055 0.99946 -0.0256255 -3.82584 -0.585071 0.00876214 0.810934 73.5402 
0.809313 0.0341231 0.586385 172.909 -0.0185469 0.999298 -0.0325533 -3.85878 -0.587084 0.0154702 0.809378 74.2398 
0.808554 0.0304055 0.587635 173.409 -0.0142292 0.999382 -0.0321314 -3.89786 -0.58825 0.0176184 0.808488 74.9428 
0.807912 0.024712 0.588785 173.913 -0.0116661 0.999595 -0.0259462 -3.93898 -0.589188 0.0140934 0.807873 75.6532 
0.807367 0.0207468 0.589684 174.412 -0.00891176 0.999696 -0.0229705 -3.97732 -0.589982 0.0132906 0.807307 76.363 
0.807678 0.0161129 0.589404 174.909 -0.0046356 0.999769 -0.020979 -4.01071 -0.589606 0.0142121 0.807566 77.0593 
0.808004 0.0115661 0.589063 175.407 0.000846244 0.999784 -0.0207911 -4.04524 -0.589176 0.0172978 0.807819 77.7553 
0.808716 0.00973797 0.588118 175.898 0.00333892 0.999771 -0.0211453 -4.08302 -0.588189 0.0190642 0.808498 78.4484 
0.80947 0.0119258 0.58704 176.381 0.00397151 0.99966 -0.0257844 -4.11846 -0.587148 0.0232032 0.809147 79.1352 
0.810069 0.0116209 0.58622 176.865 0.00718994 0.999532 -0.0297496 -4.15692 -0.586291 0.0283141 0.809606 79.8179 
0.810381 0.00857931 0.58584 177.348 0.00973773 0.999558 -0.0281079 -4.19156 -0.585822 0.0284829 0.809939 80.5028 
0.810065 0.00723908 0.586296 177.822 0.00704068 0.999732 -0.0220716 -4.22825 -0.586298 0.0220074 0.809797 81.1935 
0.809496 0.00137371 0.587124 178.296 0.00774677 0.999885 -0.0130202 -4.26264 -0.587074 0.0150882 0.809393 81.8775 
0.809219 -0.0036438 0.587496 178.772 0.0103609 0.999914 -0.00806933 -4.28857 -0.587416 0.0126169 0.809187 82.5479 
0.808502 -0.00648517 0.588458 179.237 0.0131398 0.999889 -0.00703377 -4.31293 -0.588347 0.0134191 0.808497 83.2017 
0.807633 -0.00273343 0.589679 179.686 0.0107773 0.999891 -0.0101258 -4.34086 -0.589587 0.0145331 0.807574 83.8409 
0.806589 0.00482959 0.591093 180.122 0.00789093 0.99979 -0.0189366 -4.36983 -0.59106 0.0199383 0.806381 84.4612 
0.805104 0.00906657 0.593065 180.553 0.00815397 0.99962 -0.026351 -4.40141 -0.593078 0.0260512 0.804724 85.0722 
