1 2.12261e-08 -2.11895e-08 0 2.12261e-08 1 2.10703e-08 0 -2.11895e-08 2.10703e-08 1 0 
0.999933 -0.00288362 0.0112449 0.012723 0.00287037 0.999995 0.00119882 -0.00674598 -0.0112483 -0.00116642 0.999936 0.290673 
0.99983 -0.00488462 0.0177914 0.0242137 0.00486173 0.999987 0.001332 -0.0109854 -0.0177977 -0.00124523 0.999841 0.58636 
0.999779 -0.00781465 0.0195376 0.0331448 0.00781514 0.99997 5.35165e-05 -0.0149148 -0.0195375 9.92263e-05 0.999809 0.888347 
0.999814 -0.009239 0.0169494 0.0413151 0.00926398 0.999956 -0.00139304 -0.0174156 -0.0169358 0.00154984 0.999855 1.19865 
0.999881 -0.011907 0.00978095 0.0447719 0.0119362 0.999925 -0.00292671 -0.0175244 -0.0097454 0.00304316 0.999948 1.51974 
0.999901 -0.0138013 -0.00281695 0.0375261 0.0137876 0.999893 -0.00480891 -0.0218876 0.00288298 0.00476964 0.999985 1.85064 
0.99972 -0.013128 -0.0197108 0.0178558 0.0130279 0.999902 -0.00520278 -0.0248526 0.0197771 0.00494458 0.999792 2.19317 
0.999184 -0.00873102 -0.0394304 -0.0166772 0.00853251 0.99995 -0.00520095 -0.0310962 0.0394738 0.00486031 0.999209 2.54755 
0.998218 -0.00519452 -0.0594523 -0.0599211 0.00481013 0.999967 -0.00660761 -0.0338455 0.0594845 0.00630991 0.998209 2.9135 
0.996779 -0.00508528 -0.0800416 -0.106384 0.00452417 0.999964 -0.00719046 -0.0363664 0.0800752 0.00680522 0.996766 3.28817 
0.994815 -0.00660115 -0.101488 -0.158659 0.00595204 0.99996 -0.00669782 -0.0379939 0.101528 0.00605907 0.994814 3.67597 
0.992559 -0.00809212 -0.121497 -0.221857 0.00742903 0.999955 -0.00591004 -0.0428514 0.121539 0.00496351 0.992574 4.06959 
0.990195 -0.0071385 -0.139507 -0.298182 0.00648779 0.999966 -0.0051189 -0.0506381 0.139539 0.00416366 0.990208 4.47287 
0.987867 -0.00584543 -0.155191 -0.384788 0.00520175 0.999976 -0.00455372 -0.055 0.155214 0.00369125 0.987874 4.88843 
0.985637 -0.00523442 -0.168795 -0.475868 0.00449187 0.999979 -0.00478093 -0.0620968 0.168817 0.0039541 0.98564 5.3141 
0.983446 -0.0067859 -0.181072 -0.569485 0.00584562 0.999967 -0.00572617 -0.0679302 0.181105 0.00457295 0.983453 5.75281 
0.981586 -0.0103414 -0.190741 -0.66503 0.00897507 0.999928 -0.00802591 -0.0753646 0.19081 0.00616625 0.981608 6.19948 
0.980006 -0.00969325 -0.198732 -0.771846 0.00787328 0.99992 -0.0099463 -0.080921 0.198812 0.00818281 0.980003 6.66461 
0.978463 -0.00926222 -0.206214 -0.886785 0.00699648 0.999907 -0.011714 -0.087941 0.206303 0.010019 0.978437 7.14085 
0.976662 -0.01014 -0.214543 -1.00432 0.00718233 0.999868 -0.014561 -0.0967683 0.214663 0.0126803 0.976606 7.63008 
0.974872 -0.0140095 -0.222324 -1.12857 0.0106291 0.999809 -0.0163944 -0.106045 0.222511 0.0136194 0.974835 8.12841 
0.972923 -0.0203632 -0.230231 -1.25175 0.0167453 0.999704 -0.0176577 -0.118144 0.230522 0.0133243 0.972976 8.64411 
0.970819 -0.0210649 -0.238889 -1.39499 0.0167126 0.999656 -0.0202301 -0.131797 0.239232 0.0156474 0.970836 9.16718 
0.968714 -0.0170329 -0.247594 -1.55227 0.0112913 0.999634 -0.0245914 -0.146419 0.247922 0.0210264 0.968552 9.69341 
0.966506 -0.0140246 -0.256261 -1.72037 0.00718107 0.999593 -0.0276217 -0.164821 0.256544 0.0248564 0.966213 10.235 
0.964159 -0.0166924 -0.264799 -1.88348 0.00922752 0.999525 -0.02941 -0.183992 0.265164 0.0259125 0.963855 10.7942 
0.961747 -0.019544 -0.273241 -2.05428 0.0112713 0.99943 -0.0318134 -0.204009 0.273707 0.0275167 0.96142 11.3586 
0.95945 -0.0192719 -0.281218 -2.2407 0.0100031 0.99936 -0.0343581 -0.227919 0.2817 0.0301519 0.959029 11.9359 
0.957123 -0.0184503 -0.289094 -2.44026 0.00779611 0.999249 -0.0379621 -0.254373 0.289578 0.0340807 0.956548 12.519 
0.954823 -0.0194758 -0.296536 -2.64299 0.00692764 0.999038 -0.0433083 -0.282885 0.297094 0.0392975 0.954039 13.1153 
0.95303 -0.0208411 -0.302159 -2.85226 0.00570234 0.998688 -0.0508982 -0.317517 0.302823 0.0467845 0.951898 13.7222 
0.951694 -0.0216034 -0.306287 -3.0686 0.00371594 0.998259 -0.0588643 -0.35738 0.307025 0.0548827 0.950118 14.335 
0.950419 -0.0217093 -0.310214 -3.29112 0.000715482 0.99771 -0.0676294 -0.39983 0.310972 0.0640543 0.948258 14.9595 
0.949089 -0.0211006 -0.314302 -3.52498 -0.00317869 0.997062 -0.0765361 -0.450563 0.314993 0.0736387 0.946233 15.5984 
0.947703 -0.0206907 -0.318483 -3.76136 -0.00627391 0.996496 -0.0834081 -0.507414 0.319093 0.0810442 0.944252 16.2424 
0.946105 -0.0191147 -0.323296 -4.0087 -0.0105904 0.995897 -0.089874 -0.572156 0.323687 0.0884542 0.94202 16.8916 
0.944473 -0.0180589 -0.328094 -4.26324 -0.0142024 0.995312 -0.0956679 -0.640491 0.328283 0.0950155 0.939788 17.5624 
0.94283 -0.0158989 -0.332896 -4.52688 -0.0189804 0.994679 -0.101262 -0.711242 0.332734 0.101791 0.937511 18.2353 
0.941076 -0.0132418 -0.337937 -4.80055 -0.0235516 0.994241 -0.104544 -0.785143 0.337375 0.106343 0.935344 18.9263 
0.939306 -0.012174 -0.342865 -5.0797 -0.0257431 0.994052 -0.105821 -0.866963 0.342113 0.108225 0.933406 19.6222 
0.937087 -0.0117796 -0.348899 -5.36509 -0.0265313 0.994137 -0.104823 -0.952866 0.348088 0.107485 0.93128 20.3331 
0.934788 -0.0113067 -0.355027 -5.659 -0.0272147 0.994276 -0.103322 -1.03742 0.354163 0.106246 0.929129 21.0517 
0.932199 -0.011408 -0.361768 -5.95739 -0.0272114 0.994466 -0.101478 -1.12218 0.360923 0.104442 0.926729 21.7688 
0.928968 -0.0105541 -0.37001 -6.26938 -0.0279292 0.994746 -0.0984946 -1.20476 0.369105 0.101832 0.923792 22.5011 
0.92564 -0.00846525 -0.378311 -6.59357 -0.0288936 0.99525 -0.0929661 -1.28471 0.377301 0.0969839 0.920998 23.2385 
0.922069 -0.00502581 -0.386993 -6.93186 -0.0314182 0.995644 -0.087789 -1.36608 0.385748 0.0931062 0.917894 23.9862 
0.918502 -0.00140675 -0.395414 -7.29817 -0.0345931 0.995874 -0.083899 -1.44137 0.3939 0.09074 0.914663 24.7511 
0.914699 -0.000541363 -0.404135 -7.6561 -0.0357577 0.995969 -0.0822665 -1.51463 0.402551 0.0897001 0.910992 25.505 
0.910668 -0.000612999 -0.41314 -8.02404 -0.0364602 0.995978 -0.0818458 -1.58662 0.411528 0.0895975 0.906982 26.2655 
0.906792 -0.000796625 -0.421577 -8.40189 -0.0365504 0.996084 -0.0805006 -1.65944 0.41999 0.0884062 0.903212 27.0285 
0.902808 3.45702e-05 -0.430044 -8.79229 -0.0376141 0.996174 -0.0788847 -1.73118 0.428396 0.0873935 0.899355 27.8007 
0.898893 -0.00116584 -0.438167 -9.19077 -0.0360605 0.996407 -0.0766288 -1.80364 0.436682 0.0846816 0.895622 28.5812 
0.895044 -0.000520121 -0.445977 -9.60599 -0.0356295 0.99672 -0.0726683 -1.87317 0.444552 0.0809313 0.892089 29.3664 
0.891288 0.00179903 -0.453433 -10.0317 -0.0361422 0.997092 -0.0670867 -1.9402 0.451994 0.0761818 0.888762 30.1599 
0.887473 0.00186428 -0.460856 -10.4674 -0.0347691 0.997413 -0.0629202 -2.0089 0.459547 0.0718636 0.885242 30.9556 
0.883582 0.000777778 -0.468277 -10.9098 -0.0332918 0.997573 -0.0611607 -2.07305 0.467093 0.0696303 0.881463 31.7628 
0.880316 -0.000126773 -0.474389 -11.3713 -0.0322454 0.997671 -0.060104 -2.13335 0.473291 0.0682074 0.878261 32.5788 
0.877139 -3.4134e-05 -0.480236 -11.8438 -0.0319422 0.997781 -0.0584125 -2.19023 0.479173 0.0665758 0.875192 33.4013 
0.874053 -0.00173555 -0.485828 -12.3246 -0.0298565 0.997912 -0.0572798 -2.25099 0.484913 0.0645708 0.872176 34.2364 
0.87132 -0.00296333 -0.490707 -12.8159 -0.0288786 0.997939 -0.0573046 -2.31287 0.489865 0.0641017 0.869438 35.0764 
0.869293 -0.00368879 -0.494283 -13.3199 -0.0287028 0.997908 -0.0579269 -2.3736 0.493462 0.0645429 0.867369 35.9166 
0.867925 -0.00314019 -0.496686 -13.8324 -0.0298205 0.997847 -0.0584181 -2.43541 0.495799 0.065514 0.865962 36.7682 
0.867385 -0.00332816 -0.497627 -14.3507 -0.0291969 0.997915 -0.0575656 -2.49899 0.496781 0.0644608 0.865479 37.6298 
0.867125 -0.00308552 -0.498082 -14.8808 -0.0286406 0.998017 -0.0560438 -2.56181 0.497267 0.0628623 0.865317 38.5145 
0.866781 -0.00453341 -0.498669 -15.4172 -0.0267473 0.998097 -0.0555656 -2.62628 0.497972 0.0615012 0.86501 39.4084 
0.866151 -0.00655639 -0.499739 -15.9599 -0.0250074 0.998093 -0.0564376 -2.69051 0.499156 0.0613807 0.864335 40.3089 
0.86488 -0.00891354 -0.501899 -16.5019 -0.0226635 0.998129 -0.0567805 -2.7564 0.501467 0.0604832 0.86306 41.2162 
0.863174 -0.0094615 -0.504818 -17.0581 -0.0211214 0.998273 -0.0548249 -2.8225 0.504465 0.0579859 0.861483 42.1389 
0.861034 -0.00914356 -0.508465 -17.6215 -0.0195118 0.998508 -0.0509971 -2.89025 0.508173 0.0538314 0.859571 43.0602 
0.858096 -0.00956009 -0.5134 -18.1881 -0.0169706 0.998753 -0.0469625 -2.95466 0.513209 0.0490111 0.856863 43.9719 
0.853997 -0.00985713 -0.520185 -18.7597 -0.0159655 0.998853 -0.0451385 -3.01927 0.520033 0.0468532 0.85286 44.8738 
0.848638 -0.0134129 -0.528804 -19.3381 -0.0137508 0.998781 -0.0474013 -3.08346 0.528796 0.0474981 0.847419 45.7707 
0.842485 -0.0171794 -0.538446 -19.9258 -0.0120787 0.998638 -0.0507611 -3.14546 0.538585 0.0492692 0.84113 46.6611 
0.836223 -0.0175707 -0.548108 -20.5333 -0.0118074 0.998678 -0.0500286 -3.21123 0.548263 0.0483069 0.83491 47.5442 
0.830403 -0.0141381 -0.556984 -21.1485 -0.0131583 0.998902 -0.044973 -3.27468 0.557008 0.0446747 0.829304 48.4206 
0.825205 -0.00971857 -0.56475 -21.7795 -0.0160652 0.999044 -0.0406664 -3.33464 0.564605 0.042631 0.824259 49.2992 
0.821092 -0.00983931 -0.570711 -22.416 -0.0173256 0.998961 -0.0421492 -3.39258 0.570533 0.0444963 0.820068 50.1751 
0.817662 -0.0121927 -0.575569 -23.0538 -0.0178442 0.998759 -0.0465072 -3.44968 0.575422 0.0482979 0.81643 51.0452 
0.814533 -0.0144568 -0.579938 -23.6957 -0.0204798 0.99835 -0.0536512 -3.51245 0.579756 0.0555777 0.812892 51.9037 
0.811334 -0.0157218 -0.584372 -24.3356 -0.0205414 0.998254 -0.0553762 -3.57607 0.584223 0.0569325 0.809594 52.76 
0.807849 -0.0143095 -0.589216 -24.991 -0.0198255 0.99848 -0.0514307 -3.64472 0.589056 0.0532297 0.806337 53.6235 
0.804563 -0.011615 -0.593754 -25.6482 -0.0197782 0.99873 -0.0463376 -3.70992 0.593538 0.049025 0.803311 54.4837 
0.801479 -0.00989229 -0.597941 -26.3082 -0.019951 0.998864 -0.0432674 -3.77204 0.59769 0.0466075 0.800371 55.3313 
0.798312 -0.00958981 -0.602168 -26.9755 -0.0210167 0.998821 -0.0437692 -3.83106 0.601877 0.0475971 0.797169 56.1754 
0.794741 -0.0109847 -0.60685 -27.6448 -0.0210352 0.998737 -0.0456265 -3.89089 0.606585 0.0490265 0.793506 57.0193 
0.790582 -0.0137636 -0.612202 -28.3201 -0.0200593 0.998629 -0.0483555 -3.95061 0.612028 0.0505094 0.789222 57.8623 
0.786286 -0.01479 -0.617686 -29.0055 -0.0194974 0.998622 -0.0487305 -4.0135 0.617555 0.0503595 0.784914 58.7 
0.781777 -0.0150376 -0.623377 -29.7075 -0.0189194 0.998677 -0.0478178 -4.07768 0.623271 0.0491768 0.780458 59.5422 
0.776824 -0.0147298 -0.629545 -30.4087 -0.0191871 0.998709 -0.0470432 -4.1438 0.629425 0.0486235 0.775538 60.3711 
0.771452 -0.0159921 -0.636086 -31.1182 -0.0189884 0.99866 -0.0481372 -4.20721 0.636004 0.0492138 0.770115 61.1976 
0.76595 -0.0174229 -0.642665 -31.8362 -0.0184385 0.998626 -0.0490487 -4.27234 0.642636 0.0494187 0.764576 62.0231 
0.760323 -0.0191196 -0.649264 -32.5653 -0.0175426 0.998598 -0.0499502 -4.33629 0.649309 0.0493681 0.758921 62.8424 
0.754577 -0.020699 -0.655885 -33.3084 -0.0170772 0.998545 -0.0511598 -4.40035 0.655989 0.0498047 0.753125 63.6659 
0.748309 -0.0226688 -0.662963 -34.0542 -0.0159857 0.998509 -0.0521859 -4.46806 0.663158 0.0496492 0.746831 64.4865 
0.742111 -0.0241951 -0.66984 -34.8112 -0.0146398 0.998525 -0.0522867 -4.53458 0.670117 0.0486089 0.740662 65.2953 
0.735605 -0.0241917 -0.676978 -35.5715 -0.0137167 0.998625 -0.0505903 -4.60413 0.677271 0.0465005 0.734262 66.0989 
0.729203 -0.0246855 -0.683853 -36.3567 -0.0131537 0.998659 -0.0500753 -4.67123 0.684171 0.0455103 0.7279 66.9024 
0.722633 -0.0268299 -0.690711 -37.1584 -0.0115458 0.998639 -0.0508705 -4.74016 0.691135 0.0447355 0.72134 67.7075 
0.716239 -0.0283249 -0.69728 -37.9564 -0.0119132 0.998534 -0.0527996 -4.80975 0.697753 0.046124 0.714852 68.4954 
0.710082 -0.0279676 -0.703563 -38.7662 -0.0126244 0.998545 -0.0524349 -4.87968 0.704006 0.0461152 0.708696 69.2775 
0.704613 -0.0274483 -0.709061 -39.5836 -0.0129211 0.99859 -0.0514962 -4.95256 0.709474 0.0454468 0.703264 70.0621 
0.69958 -0.0270285 -0.714043 -40.4192 -0.0140363 0.998572 -0.0515508 -5.02217 0.714417 0.0460865 0.698201 70.8444 
0.694882 -0.0277977 -0.718586 -41.2537 -0.0144635 0.99851 -0.0526127 -5.09214 0.718978 0.0469529 0.693445 71.6151 
0.689527 -0.0297304 -0.723649 -42.1021 -0.0151046 0.99835 -0.0554086 -5.16214 0.724102 0.0491362 0.68794 72.3959 
0.684487 -0.0324612 -0.728302 -42.9676 -0.0146433 0.998194 -0.058253 -5.23519 0.728878 0.0505382 0.682775 73.1765 
0.679386 -0.0329048 -0.733043 -43.8436 -0.0151711 0.998151 -0.0588656 -5.31331 0.733625 0.0511136 0.67763 73.9517 
0.674545 -0.0324916 -0.737518 -44.72 -0.0148327 0.998233 -0.0575436 -5.39078 0.738085 0.0497552 0.672871 74.719 
0.669533 -0.0327206 -0.742062 -45.6131 -0.0139716 0.998298 -0.0566251 -5.46683 0.742651 0.0482802 0.667936 75.49 
0.664279 -0.0341698 -0.746703 -46.5042 -0.0127734 0.99829 -0.0570461 -5.54583 0.747376 0.0474325 0.662706 76.2557 
0.659571 -0.0355091 -0.750803 -47.4096 -0.0115848 0.998285 -0.0573908 -5.62022 0.751553 0.0465512 0.658028 77.0194 
0.65508 -0.0363629 -0.754684 -48.3229 -0.0106413 0.998298 -0.0573378 -5.69617 0.755485 0.0455917 0.653578 77.7835 
0.651006 -0.0374005 -0.758151 -49.2378 -0.00924406 0.998321 -0.0571861 -5.77676 0.759016 0.0442369 0.649567 78.5368 
0.647092 -0.0403142 -0.761345 -50.1618 -0.00639047 0.998279 -0.0582916 -5.86017 0.762385 0.0425854 0.645721 79.2925 
0.642883 -0.0449628 -0.764644 -51.0911 -0.00325119 0.998106 -0.0614245 -5.94235 0.765958 0.0419748 0.641519 80.0477 
0.638203 -0.0489236 -0.768312 -52.0203 0.000777199 0.998019 -0.062905 -6.02634 0.769868 0.0395491 0.636977 80.7941 
0.631489 -0.0525317 -0.773604 -52.9622 0.00570893 0.99799 -0.0631086 -6.11206 0.775364 0.035436 0.630519 81.5418 
0.623109 -0.0562046 -0.780113 -53.9157 0.0102839 0.997917 -0.0636825 -6.19971 0.782068 0.0316586 0.622389 82.285 
0.614035 -0.0572851 -0.787197 -54.8886 0.0130001 0.997961 -0.0624822 -6.2847 0.789172 0.0281327 0.613528 83.025 
0.605256 -0.0558956 -0.794066 -55.8831 0.0133926 0.998106 -0.0600502 -6.37183 0.795918 0.0257112 0.604858 83.7552 
0.596194 -0.0555993 -0.800913 -56.882 0.012663 0.998126 -0.0598636 -6.45917 0.80274 0.0255484 0.595781 84.4717 
0.586516 -0.057048 -0.807926 -57.8891 0.0117228 0.99801 -0.0619597 -6.54156 0.809853 0.0268693 0.586018 85.1777 
0.576589 -0.0592757 -0.814881 -58.9086 0.0120928 0.997875 -0.0640304 -6.63025 0.816945 0.0270651 0.576081 85.8665 
0.566539 -0.0610602 -0.82177 -59.9493 0.0126754 0.997779 -0.0653997 -6.72115 0.823938 0.0266352 0.566054 86.5646 
0.556459 -0.0617317 -0.828579 -61.0052 0.0152544 0.997827 -0.0640967 -6.8126 0.830735 0.0230278 0.556191 87.2522 
0.546095 -0.0618137 -0.835439 -62.068 0.0163667 0.997871 -0.0631336 -6.90521 0.837563 0.0208036 0.545944 87.9259 
0.535636 -0.0625592 -0.842129 -63.1327 0.0167312 0.997843 -0.0634848 -6.99848 0.844283 0.019915 0.535527 88.5819 
0.525343 -0.0636996 -0.848503 -64.2031 0.0158398 0.997753 -0.0650972 -7.08688 0.850743 0.0207583 0.525172 89.2216 
0.515133 -0.0642627 -0.854698 -65.2907 0.0144275 0.997694 -0.0663188 -7.18193 0.856989 0.0218319 0.514872 89.8515 
0.505153 -0.0654875 -0.860542 -66.3832 0.0134582 0.997593 -0.068017 -7.2775 0.862925 0.0227777 0.504818 90.4698 
0.495602 -0.0652833 -0.866093 -67.486 0.0122291 0.997597 -0.0681979 -7.37584 0.868464 0.0232076 0.495209 91.0715 
0.486874 -0.0632427 -0.87118 -68.6028 0.0114566 0.997752 -0.0660284 -7.47463 0.873397 0.0221668 0.486504 91.6672 
0.478627 -0.0616993 -0.875848 -69.7275 0.0120871 0.997896 -0.0636918 -7.5728 0.877935 0.0198983 0.478366 92.2633 
0.470793 -0.0619836 -0.880064 -70.8558 0.0122097 0.997891 -0.0637507 -7.67031 0.882159 0.0192681 0.470557 92.8432 
0.463054 -0.0651632 -0.883932 -71.9926 0.0139692 0.997706 -0.0662328 -7.7645 0.88622 0.0183216 0.462902 93.4195 
0.455925 -0.0686431 -0.887367 -73.1348 0.016793 0.997507 -0.0685349 -7.8651 0.88986 0.0163452 0.455941 93.9901 
0.449646 -0.0714812 -0.890342 -74.2866 0.0177309 0.997311 -0.0711146 -7.96712 0.893031 0.0161899 0.449704 94.5511 
0.443941 -0.0751705 -0.892897 -75.4448 0.0198417 0.997055 -0.0740741 -8.07281 0.895836 0.0151679 0.444125 95.1145 
0.439001 -0.0762701 -0.895244 -76.5895 0.0227435 0.997015 -0.0737878 -8.18269 0.898199 0.012032 0.439425 95.6589 
0.434529 -0.0736418 -0.897642 -77.7412 0.0243688 0.997248 -0.070017 -8.29305 0.900328 0.00855003 0.435128 96.2018 
0.430371 -0.0717783 -0.899794 -78.8936 0.0275583 0.997414 -0.0663845 -8.39807 0.902231 0.00377324 0.431236 96.7406 
0.426905 -0.0711353 -0.901494 -80.0398 0.0295205 0.997466 -0.0647288 -8.50572 0.903815 0.00102058 0.427923 97.2658 
0.423695 -0.0711285 -0.903008 -81.1892 0.0312976 0.997466 -0.0638839 -8.60534 0.905264 -0.00119462 0.424848 97.793 
0.420944 -0.070357 -0.904354 -82.3395 0.0331521 0.997515 -0.0621736 -8.70094 0.906481 -0.00380961 0.42223 98.3174 
0.418334 -0.0698356 -0.905605 -83.4792 0.0352261 0.997537 -0.0606527 -8.79588 0.90761 -0.00652775 0.419764 98.8307 
0.416072 -0.0708539 -0.906567 -84.6248 0.0378502 0.997445 -0.0605851 -8.89097 0.908544 -0.00910598 0.41769 99.3397 
0.413483 -0.0717421 -0.907681 -85.7515 0.0410364 0.997346 -0.0601355 -8.9812 0.909587 -0.0123829 0.41533 99.8446 
0.411237 -0.0713103 -0.908735 -86.8817 0.0446286 0.997315 -0.0580652 -9.06961 0.910435 -0.016677 0.413315 100.34 
0.409028 -0.0706695 -0.909781 -87.9991 0.046546 0.997315 -0.0565423 -9.1591 0.911334 -0.0192193 0.411219 100.83 
0.407002 -0.0719237 -0.910591 -89.1001 0.0489508 0.99718 -0.0568837 -9.2503 0.912115 -0.0214223 0.409375 101.312 
0.405706 -0.0733057 -0.911059 -90.1917 0.0503025 0.997059 -0.057825 -9.33826 0.912618 -0.0223685 0.4082 101.783 
0.404915 -0.0745212 -0.911312 -91.2687 0.0504387 0.996976 -0.0591153 -9.42809 0.912962 -0.0220287 0.40745 102.248 
0.405247 -0.0754477 -0.911089 -92.335 0.0497195 0.996933 -0.0604415 -9.51672 0.912854 -0.0208051 0.407756 102.705 
0.407359 -0.0754328 -0.910148 -93.3884 0.0480019 0.996974 -0.0611445 -9.6077 0.912006 -0.018781 0.409747 103.159 
0.411475 -0.0757471 -0.908268 -94.4278 0.0461084 0.996995 -0.062258 -9.69763 0.910254 -0.0162611 0.413731 103.616 
0.416485 -0.0762626 -0.905938 -95.4441 0.0449314 0.996984 -0.0632707 -9.78877 0.908031 -0.0143537 0.418656 104.062 
0.422277 -0.0765255 -0.903231 -96.4666 0.0445632 0.996978 -0.063634 -9.87678 0.905371 -0.0133796 0.424411 104.523 
0.429202 -0.0752905 -0.900065 -97.4774 0.0433435 0.997088 -0.0627379 -9.96605 0.902168 -0.0120847 0.431216 104.985 
0.437248 -0.0742793 -0.896268 -98.4775 0.0422976 0.997179 -0.0620073 -10.052 0.898346 -0.0107974 0.439157 105.451 
0.445988 -0.0740615 -0.891969 -99.4768 0.0421875 0.997202 -0.0617053 -10.1359 0.894044 -0.0101101 0.447865 105.933 
0.455299 -0.073771 -0.887277 -100.465 0.04189 0.997233 -0.0614176 -10.2216 0.889353 -0.00920458 0.45713 106.424 
0.464947 -0.0747456 -0.882178 -101.445 0.0412395 0.997177 -0.0627543 -10.3071 0.884378 -0.00720308 0.466716 106.922 
0.475273 -0.076458 -0.87651 -102.396 0.0402111 0.997064 -0.0651701 -10.3953 0.878919 -0.00427177 0.476952 107.416 
0.486595 -0.0775559 -0.870179 -103.352 0.0387069 0.996988 -0.0672135 -10.481 0.87277 -0.000976129 0.488131 107.933 
0.499169 -0.0757835 -0.863184 -104.307 0.0365269 0.997123 -0.0664197 -10.5693 0.865734 0.0016253 0.500501 108.456 
0.511971 -0.0733877 -0.855862 -105.252 0.0352203 0.997299 -0.064447 -10.6563 0.858281 0.00285128 0.513173 108.997 
0.524109 -0.0707818 -0.848705 -106.173 0.0343904 0.997486 -0.0619527 -10.7431 0.850957 0.00328266 0.525225 109.549 
0.53561 -0.0702306 -0.84154 -107.084 0.0349851 0.997526 -0.0609817 -10.832 0.843741 0.0032211 0.536741 110.116 
0.5471 -0.0708396 -0.834065 -107.978 0.0354723 0.99748 -0.0614511 -10.916 0.836316 0.00403376 0.548234 110.681 
0.557973 -0.0716599 -0.826759 -108.86 0.0353425 0.997413 -0.062599 -10.9976 0.829106 0.0057089 0.559062 111.262 
0.568695 -0.0734005 -0.819267 -109.728 0.0378394 0.997291 -0.063084 -11.0824 0.821677 0.0048751 0.569932 111.854 
0.579199 -0.0732316 -0.811891 -110.583 0.0384233 0.997302 -0.0625446 -11.1661 0.814281 0.00503033 0.58045 112.454 
0.589553 -0.0710192 -0.804601 -111.424 0.0377199 0.997461 -0.0604039 -11.2465 0.806848 0.00526187 0.590735 113.055 
0.59921 -0.0681413 -0.797687 -112.253 0.0381541 0.99767 -0.0565639 -11.3303 0.799682 0.00345867 0.600414 113.668 
0.609048 -0.0664091 -0.790349 -113.061 0.0370848 0.997783 -0.055261 -11.407 0.792266 0.00434676 0.61016 114.279 
0.619141 -0.0660271 -0.782499 -113.859 0.0355767 0.997794 -0.0560441 -11.4817 0.784473 0.00686057 0.620125 114.889 
0.628625 -0.0660523 -0.774898 -114.643 0.0341071 0.99777 -0.0573809 -11.5521 0.77696 0.00964164 0.629476 115.5 
0.637584 -0.0655745 -0.767585 -115.405 0.0343066 0.997799 -0.0567453 -11.6267 0.769617 0.00984672 0.63843 116.127 
0.646573 -0.0637911 -0.760181 -116.158 0.0344491 0.997923 -0.0544407 -11.6981 0.762074 0.00901233 0.647427 116.751 
0.654899 -0.0620405 -0.753166 -116.897 0.0346971 0.998042 -0.0520416 -11.7652 0.754919 0.00794938 0.655769 117.393 
0.663037 -0.0615475 -0.746052 -117.62 0.0351692 0.998075 -0.051083 -11.8332 0.74776 0.00763196 0.663925 118.021 
0.670938 -0.0609418 -0.739005 -118.331 0.0343814 0.998102 -0.0510934 -11.8994 0.740716 0.00887251 0.67176 118.647 
0.678178 -0.0600247 -0.732442 -119.026 0.0339231 0.998153 -0.0503904 -11.9623 0.734114 0.009327 0.678962 119.279 
0.685248 -0.0574311 -0.726042 -119.717 0.0332618 0.998314 -0.0475754 -12.0225 0.72755 0.00845152 0.686003 119.921 
0.692409 -0.0547937 -0.719422 -120.396 0.0324417 0.998468 -0.0448234 -12.0828 0.720776 0.0076969 0.693125 120.568 
0.699511 -0.0534549 -0.71262 -121.067 0.031705 0.998538 -0.0437804 -12.1406 0.713918 0.00803134 0.700183 121.216 
0.706835 -0.0526555 -0.705416 -121.71 0.0310934 0.998575 -0.0433823 -12.1948 0.706695 0.00873039 0.707465 121.859 
0.714446 -0.0497929 -0.697917 -122.346 0.0287067 0.998711 -0.0418666 -12.2503 0.699102 0.00987655 0.714954 122.508 
0.723452 -0.0471771 -0.688761 -122.971 0.0281873 0.998849 -0.0388097 -12.302 0.689799 0.00866264 0.723949 123.158 
0.733126 -0.0432043 -0.678719 -123.577 0.0262474 0.999034 -0.0352427 -12.3507 0.679586 0.00802279 0.733552 123.801 
0.743329 -0.0409757 -0.66767 -124.164 0.0244962 0.99912 -0.0340452 -12.3985 0.668477 0.00895141 0.743679 124.44 
0.753484 -0.0404038 -0.656224 -124.746 0.0233205 0.999124 -0.0347395 -12.4412 0.657053 0.0108722 0.753766 125.095 
0.763665 -0.0415156 -0.644276 -125.342 0.023649 0.999059 -0.0363457 -12.4914 0.645179 0.0125195 0.763929 125.759 
0.77384 -0.0408323 -0.632063 -125.909 0.0234981 0.999084 -0.0357735 -12.5271 0.632945 0.0128308 0.774091 126.44 
0.784301 -0.0389985 -0.619154 -126.437 0.0230341 0.999165 -0.0337562 -12.5729 0.619953 0.0122134 0.784544 127.098 
0.794573 -0.0367222 -0.606057 -126.955 0.0228559 0.999271 -0.0305824 -12.6132 0.606739 0.010448 0.794833 127.763 
0.804396 -0.0355403 -0.593029 -127.464 0.0234368 0.99933 -0.0280999 -12.6489 0.59363 0.00870479 0.804691 128.446 
0.813752 -0.0340281 -0.580215 -127.975 0.0239733 0.9994 -0.0249896 -12.6855 0.580717 0.00642577 0.81408 129.149 
0.822065 -0.0331366 -0.568429 -128.465 0.0246402 0.99944 -0.0226276 -12.7203 0.56886 0.00459522 0.822421 129.846 
0.829497 -0.0336631 -0.557496 -128.959 0.0265016 0.99943 -0.0209168 -12.7483 0.557882 0.00257593 0.829916 130.581 
0.836239 -0.0333911 -0.547348 -129.456 0.0265982 0.999439 -0.0203342 -12.7812 0.54772 0.00244585 0.836658 131.327 
0.843235 -0.0325082 -0.536562 -129.945 0.0257493 0.999467 -0.0200875 -12.8174 0.536929 0.00312242 0.843622 132.06 
0.849987 -0.0306623 -0.52591 -130.404 0.0243187 0.999524 -0.0189712 -12.8472 0.526241 0.00333591 0.850329 132.79 
0.856412 -0.0296678 -0.51544 -130.847 0.0236331 0.999554 -0.0182658 -12.8773 0.515752 0.00346163 0.856731 133.512 
0.862513 -0.0301042 -0.505138 -131.286 0.0242964 0.999541 -0.0180831 -12.9057 0.505451 0.00332396 0.862849 134.24 
0.867803 -0.0314452 -0.495912 -131.735 0.0254399 0.999498 -0.0188594 -12.9332 0.496256 0.0037503 0.868168 134.993 
0.872292 -0.0315503 -0.487967 -132.177 0.0255021 0.999494 -0.0190363 -12.9638 0.48832 0.00416108 0.872655 135.757 
0.875596 -0.0304458 -0.482085 -132.586 0.0248402 0.999529 -0.0180082 -12.9943 0.482406 0.00379287 0.87594 136.519 
0.878605 -0.0284645 -0.476701 -133.009 0.0245399 0.999594 -0.0144581 -13.0216 0.476919 0.00100482 0.878947 137.312 
0.881771 -0.0244869 -0.471041 -133.446 0.022353 0.999699 -0.010125 -13.0427 0.471147 -0.00160116 0.882053 138.112 
0.885275 -0.0214813 -0.464572 -133.899 0.0205059 0.999764 -0.0071525 -13.0657 0.464616 -0.00319451 0.885507 138.937 
0.888611 -0.0188178 -0.458276 -134.344 0.0186926 0.999814 -0.00480907 -13.0854 0.458281 -0.00429292 0.888797 139.767 
0.891861 -0.0171603 -0.451984 -134.777 0.0179708 0.999835 -0.00250015 -13.0978 0.451952 -0.00589268 0.892023 140.599 
0.895101 -0.0158265 -0.445583 -135.209 0.0179189 0.999839 0.000482953 -13.1067 0.445504 -0.00841661 0.89524 141.461 
0.898406 -0.0160226 -0.438873 -135.635 0.0190941 0.999814 0.00258529 -13.1136 0.43875 -0.0107025 0.898546 142.33 
0.901942 -0.0160847 -0.431558 -136.068 0.0197199 0.999798 0.00395023 -13.1268 0.431407 -0.0120731 0.902077 143.223 
0.905795 -0.0165486 -0.423393 -136.516 0.0202061 0.999787 0.00415093 -13.1303 0.423234 -0.012315 0.905937 144.138 
0.909735 -0.0191909 -0.414745 -136.936 0.0228332 0.999732 0.00382493 -13.138 0.41456 -0.0129496 0.90993 145.048 
0.913733 -0.0208331 -0.405781 -137.359 0.0240293 0.999707 0.00278296 -13.1455 0.405604 -0.0122935 0.913966 145.989 
0.918346 -0.0219657 -0.395169 -137.764 0.0243461 0.999703 0.0010096 -13.1563 0.39503 -0.0105479 0.918608 146.917 
0.923986 -0.0203919 -0.381883 -138.186 0.0222488 0.999752 0.000447042 -13.1621 0.381779 -0.00890945 0.924211 147.874 
0.93034 -0.0170735 -0.366302 -138.585 0.0190183 0.999818 0.00170096 -13.1637 0.366206 -0.00854887 0.930495 148.863 
0.937344 -0.0133531 -0.348148 -138.975 0.0161384 0.999857 0.00510131 -13.1731 0.34803 -0.0104002 0.937426 149.856 
0.944339 -0.010198 -0.328817 -139.341 0.0132481 0.999888 0.00703694 -13.1801 0.328709 -0.0110014 0.944367 150.874 
0.951283 -0.00908383 -0.308187 -139.686 0.0121343 0.999895 0.00798283 -13.1805 0.308081 -0.0113335 0.951293 151.89 
0.957765 -0.00774351 -0.287447 -140.01 0.0110635 0.99989 0.0099271 -13.1795 0.287338 -0.0126879 0.957745 152.931 
0.963878 -0.00708649 -0.266249 -140.317 0.0109284 0.999856 0.0129509 -13.1788 0.266119 -0.0153928 0.963817 153.989 
0.969623 -0.00463199 -0.244559 -140.62 0.00906474 0.999814 0.0170029 -13.1779 0.244435 -0.0187032 0.969485 155.097 
0.97489 -0.00247612 -0.222675 -140.896 0.00746507 0.99974 0.0215655 -13.1685 0.222564 -0.0226863 0.974654 156.217 
0.979722 -0.00071147 -0.20036 -141.193 0.00583964 0.99967 0.0250048 -13.1458 0.200276 -0.0256677 0.979403 157.399 
0.983914 0.000614608 -0.178644 -141.418 0.00396251 0.999673 0.0252633 -13.1316 0.178601 -0.0255647 0.983589 158.542 
0.98762 -0.000198503 -0.156866 -141.632 0.00393989 0.999715 0.0235401 -13.1095 0.156816 -0.0238666 0.987339 159.718 
0.990742 -0.000233578 -0.135757 -141.868 0.00336658 0.999733 0.0228486 -13.0779 0.135716 -0.0230941 0.990479 160.967 
0.993296 -0.00143897 -0.115594 -142.032 0.0043614 0.999677 0.0250326 -13.0554 0.115521 -0.0253689 0.992981 162.168 
0.995379 -0.000817279 -0.0960252 -142.158 0.00343033 0.999628 0.0270498 -13.037 0.0959674 -0.0272542 0.995011 163.409 
0.99711 -0.000326372 -0.0759772 -142.26 0.00249019 0.999594 0.0283863 -13.0184 0.075937 -0.0284934 0.996705 164.625 
0.998429 0.00119147 -0.0560262 -142.342 0.000456717 0.999568 0.0293954 -12.9967 0.056037 -0.0293748 0.997997 165.865 
0.99936 0.00173141 -0.0357393 -142.39 -0.000639889 0.999534 0.030529 -12.993 0.0357755 -0.0304865 0.998895 167.215 
0.999874 0.00400985 -0.0153299 -142.427 -0.00354074 0.999528 0.0305041 -12.9784 0.0154449 -0.030446 0.999417 168.587 
0.999977 0.00518299 0.00445519 -142.452 -0.00531357 0.999541 0.0298243 -12.9556 -0.00429861 -0.0298472 0.999545 169.879 
0.999699 0.00511987 0.024016 -142.435 -0.00578977 0.999594 0.0279094 -12.9375 -0.0238634 -0.02804 0.999322 171.24 
0.999073 0.00712199 0.0424462 -142.35 -0.00821948 0.999635 0.0257389 -12.9192 -0.0422475 -0.0260639 0.998767 172.623 
0.998064 0.00726303 0.0617661 -142.303 -0.00877519 0.999668 0.0242468 -12.8993 -0.0615695 -0.0247418 0.997796 174.042 
0.996731 0.00739902 0.0804513 -142.189 -0.00916537 0.999725 0.021609 -12.8906 -0.0802693 -0.0222756 0.996524 175.462 
0.995091 0.00841589 0.0986045 -142.027 -0.0101099 0.99981 0.0166927 -12.8882 -0.0984452 -0.0176076 0.994987 176.878 
0.993148 0.00983836 0.116451 -141.881 -0.011114 0.999885 0.0103102 -12.8854 -0.116337 -0.0115337 0.993143 178.264 
0.990912 0.0118035 0.133995 -141.722 -0.0126537 0.999905 0.00549554 -12.8836 -0.133918 -0.0071411 0.990967 179.677 
0.988382 0.0137284 0.151372 -141.529 -0.0141186 0.999899 0.00150395 -12.8863 -0.151336 -0.0036236 0.988476 181.074 
0.985378 0.0158862 0.169638 -141.344 -0.0159785 0.999872 -0.00082111 -12.9172 -0.169629 -0.00190141 0.985506 182.551 
0.982259 0.0151344 0.186916 -141.108 -0.0153647 0.999882 -0.000216328 -12.9367 -0.186897 -0.00265937 0.982376 183.931 
0.978958 0.0142319 0.203564 -140.757 -0.0144022 0.999896 -0.000644934 -12.9581 -0.203552 -0.00230036 0.979062 185.459 
0.975406 0.0139137 0.219976 -140.409 -0.0130266 0.9999 -0.0054825 -12.9841 -0.22003 0.00248216 0.97549 186.908 
0.971527 0.0150005 0.236454 -140.099 -0.0131041 0.999868 -0.00958962 -13.0085 -0.236567 0.00621808 0.971595 188.322 
0.967361 0.0174135 0.252802 -139.677 -0.015541 0.999835 -0.00940208 -13.0435 -0.252924 0.00516647 0.967473 189.879 
0.962719 0.0194908 0.269801 -139.247 -0.0175277 0.9998 -0.00968338 -13.0818 -0.269936 0.00459342 0.962867 191.387 
0.95762 0.0230685 0.28711 -138.798 -0.0203435 0.999715 -0.0124709 -13.1212 -0.287316 0.00610163 0.957817 192.904 
0.952222 0.0237381 0.304483 -138.298 -0.0197079 0.999673 -0.0163029 -13.1617 -0.30477 0.00952329 0.952378 194.494 
0.946547 0.0247056 0.321619 -137.808 -0.0198135 0.999633 -0.0184758 -13.2059 -0.321957 0.0111159 0.946689 195.965 
0.940349 0.0248456 0.339302 -137.293 -0.0180971 0.999571 -0.0230393 -13.2973 -0.339729 0.0155246 0.940395 197.51 
0.932977 0.0282333 0.358826 -136.797 -0.0191367 0.9994 -0.028878 -13.3399 -0.359426 0.0200758 0.932958 199.038 
0.9246 0.0313535 0.379648 -136.115 -0.0207821 0.999275 -0.0319126 -13.4379 -0.380373 0.0216165 0.92458 200.599 
0.914196 0.0346568 0.403788 -135.477 -0.0233513 0.999186 -0.0328907 -13.517 -0.404599 0.0206396 0.914261 202.161 
0.902435 0.0394144 0.429018 -134.766 -0.027003 0.999023 -0.0349808 -13.6293 -0.429978 0.0199831 0.902618 203.726 
0.889781 0.0432295 0.454336 -134.051 -0.0291822 0.998856 -0.0378888 -13.7344 -0.455454 0.0204543 0.890024 205.248 
0.876237 0.0472486 0.479559 -133.269 -0.0316518 0.998676 -0.0405613 -13.8571 -0.480841 0.0203624 0.876572 206.827 
0.862752 0.0484928 0.503296 -132.408 -0.0314909 0.998611 -0.0422347 -13.9813 -0.504646 0.0205889 0.863081 208.303 
0.848114 0.0503436 0.527416 -131.626 -0.0315901 0.998509 -0.0445123 -14.0656 -0.528871 0.0210904 0.84844 209.714 
0.832619 0.0523398 0.551368 -130.791 -0.0300384 0.998327 -0.0494073 -14.1509 -0.553031 0.0245753 0.832798 211.197 
0.817392 0.0545197 0.573496 -129.911 -0.0283602 0.998113 -0.0544648 -14.2529 -0.575383 0.0282546 0.817396 212.552 
0.802078 0.0566552 0.594526 -128.992 -0.0277852 0.997952 -0.0576144 -14.3632 -0.596573 0.0296922 0.802009 213.904 
0.787206 0.058006 0.613956 -128.006 -0.0263528 0.997821 -0.060484 -14.4945 -0.616126 0.031434 0.78702 215.196 
0.772325 0.0582844 0.632548 -127.045 -0.0246446 0.997781 -0.0618473 -14.6136 -0.634749 0.0321774 0.772048 216.454 
0.75802 0.0590767 0.64955 -126.015 -0.0234069 0.997712 -0.0634263 -14.7347 -0.651811 0.0328745 0.757669 217.713 
0.744 0.0592136 0.665551 -124.958 -0.0207056 0.99763 -0.0656123 -14.8703 -0.667859 0.0350349 0.743463 218.936 
0.730111 0.0605774 0.680638 -123.91 -0.0184606 0.997448 -0.0689713 -14.989 -0.683079 0.0377918 0.729366 220.115 
0.716263 0.062195 0.695053 -122.831 -0.0156517 0.997202 -0.0731026 -15.1163 -0.697655 0.041482 0.715232 221.26 
0.702261 0.0636114 0.709072 -121.696 -0.0143956 0.997065 -0.0751901 -15.2757 -0.711774 0.0425955 0.701115 222.412 
0.687839 0.0645681 0.722985 -120.536 -0.014007 0.997031 -0.0757164 -15.427 -0.725728 0.0419539 0.686702 223.541 
0.672493 0.0658276 0.73717 -119.391 -0.0147633 0.997032 -0.0755646 -15.5636 -0.739956 0.0399337 0.671469 224.618 
0.656369 0.0670634 0.751453 -118.207 -0.0173033 0.997118 -0.0738738 -15.7108 -0.754241 0.0354859 0.655638 225.687 
0.639602 0.0678002 0.765711 -117.013 -0.0194997 0.997213 -0.0720105 -15.8556 -0.768459 0.0311269 0.639141 226.741 
0.62261 0.0699682 0.779398 -115.807 -0.0228191 0.997195 -0.0712915 -15.9964 -0.7822 0.0266016 0.62246 227.761 
0.605635 0.0731555 0.792373 -114.621 -0.0240181 0.996992 -0.0736891 -16.1351 -0.79538 0.0255974 0.60557 228.718 
0.588591 0.0767697 0.804778 -113.407 -0.0265146 0.996779 -0.0756931 -16.2793 -0.807996 0.0232139 0.58873 229.655 
0.570124 0.0769261 0.817949 -112.181 -0.0268278 0.996819 -0.0750489 -16.4215 -0.82112 0.0208434 0.570374 230.562 
0.550494 0.07601 0.831372 -110.931 -0.0277251 0.996962 -0.0727911 -16.5588 -0.834379 0.0170212 0.550929 231.434 
0.530293 0.0742781 0.844554 -109.656 -0.0280698 0.997147 -0.0700736 -16.6956 -0.84735 0.0134531 0.530865 232.278 
0.509712 0.0729774 0.857244 -108.409 -0.0288913 0.997286 -0.0677205 -16.8307 -0.85986 0.00975111 0.510437 233.066 
0.489401 0.0719376 0.869087 -107.147 -0.028398 0.997378 -0.0665652 -16.9628 -0.871597 0.00789667 0.49016 233.814 
0.468832 0.0717123 0.880372 -105.86 -0.0281858 0.997406 -0.0662354 -17.0887 -0.882838 0.00623925 0.469637 234.549 
0.449004 0.0707334 0.890726 -104.615 -0.0257773 0.997472 -0.0662162 -17.2097 -0.893158 0.0067708 0.449692 235.204 
0.428837 0.0710078 0.900587 -103.332 -0.0237484 0.997448 -0.0673365 -17.336 -0.90307 0.00748896 0.429429 235.849 
0.40933 0.0701067 0.909689 -102.048 -0.0198794 0.997492 -0.0679283 -17.4545 -0.91217 0.00972104 0.409698 236.436 
0.389071 0.0681561 0.918683 -100.758 -0.0182811 0.997634 -0.0662711 -17.5791 -0.921026 0.0089896 0.389396 237.013 
0.369113 0.0679619 0.926896 -99.4429 -0.0178147 0.997657 -0.0660559 -17.7077 -0.929214 0.00786973 0.369459 237.577 
0.349355 0.0727082 0.934165 -98.1455 -0.0187055 0.997327 -0.0706288 -17.8364 -0.936804 0.00720047 0.349781 238.11 
0.330259 0.0820292 0.940319 -96.8125 -0.0200139 0.996601 -0.0799096 -17.9653 -0.943678 0.00757139 0.330778 238.627 
0.310994 0.0899261 0.946148 -95.5245 -0.0227171 0.995933 -0.0871908 -18.1016 -0.95014 0.00562213 0.311772 239.096 
0.291647 0.0941873 0.951877 -94.2356 -0.0254643 0.995552 -0.0907068 -18.2406 -0.956187 0.00221552 0.292748 239.535 
0.272295 0.0956049 0.957452 -92.9548 -0.0284751 0.995417 -0.0912975 -18.388 -0.961792 -0.00240369 0.273769 239.94 
0.252533 0.0960914 0.962805 -91.6636 -0.0323704 0.995339 -0.090848 -18.5292 -0.967047 -0.00822431 0.254466 240.327 
0.233457 0.0964304 0.967574 -90.411 -0.0341496 0.99527 -0.090951 -18.6708 -0.971767 -0.0118091 0.235646 240.672 
0.214423 0.0949536 0.972115 -89.1523 -0.034416 0.99538 -0.0896347 -18.8089 -0.976135 -0.0142366 0.2167 240.994 
0.195921 0.0951139 0.975996 -87.9135 -0.0345403 0.995337 -0.090065 -18.9411 -0.980011 -0.0160656 0.198293 241.28 
0.17774 0.0958366 0.9794 -86.678 -0.0338432 0.995253 -0.091246 -19.0749 -0.983495 -0.016928 0.180139 241.535 
0.158792 0.0995922 0.982276 -85.4374 -0.0377753 0.994784 -0.0947537 -19.2073 -0.986589 -0.0220596 0.161726 241.782 
0.14019 0.10142 0.984917 -84.1829 -0.0381151 0.994556 -0.0969869 -19.3483 -0.989391 -0.0239436 0.143293 242.01 
0.123321 0.0984782 0.987468 -82.9316 -0.0384897 0.99479 -0.0944015 -19.4938 -0.99162 -0.0263656 0.126469 242.198 
0.107774 0.094059 0.989716 -81.6965 -0.0361324 0.995227 -0.0906482 -19.6289 -0.993519 -0.0259913 0.110659 242.364 
0.0936225 0.0900093 0.991531 -80.4974 -0.0361579 0.995555 -0.0869604 -19.7569 -0.994951 -0.0277103 0.0964609 242.503 
0.0808395 0.0865631 0.992961 -79.2965 -0.0343239 0.995873 -0.0840225 -19.8855 -0.996136 -0.0272899 0.0834771 242.626 
0.0701841 0.0867539 0.993755 -78.1299 -0.0341059 0.995837 -0.0845269 -20.0077 -0.996951 -0.0279605 0.0728508 242.739 
0.061395 0.0891302 0.994126 -76.9638 -0.0343532 0.995604 -0.0871411 -20.1313 -0.997522 -0.0288013 0.064187 242.846 
0.0545258 0.0908743 0.994369 -75.8242 -0.035689 0.995391 -0.0890107 -20.2505 -0.997874 -0.0306347 0.0575177 242.936 
0.0485519 0.0949597 0.994296 -74.7004 -0.0364234 0.994977 -0.0932461 -20.378 -0.998156 -0.0316884 0.0517668 243.017 
0.0429719 0.103588 0.993692 -73.5883 -0.0359261 0.994127 -0.10208 -20.5073 -0.99843 -0.0313129 0.046441 243.093 
0.0378526 0.106308 0.993613 -72.4882 -0.0380699 0.993757 -0.104873 -20.6319 -0.998558 -0.033857 0.0416634 243.169 
0.0341094 0.0978828 0.994613 -71.3829 -0.0369346 0.994636 -0.0966184 -20.7589 -0.998735 -0.0334401 0.0375417 243.232 
0.031539 0.0882113 0.995602 -70.2802 -0.0358806 0.995556 -0.0870705 -20.8773 -0.998858 -0.0329767 0.0345639 243.292 
0.0302057 0.084647 0.995953 -69.1929 -0.0352385 0.995879 -0.0835718 -20.9867 -0.998922 -0.0325716 0.0330641 243.347 
0.0299068 0.0866909 0.995786 -68.1186 -0.0362849 0.995669 -0.0855909 -21.0957 -0.998894 -0.0335722 0.0329229 243.408 
0.0301984 0.0897317 0.995508 -67.0613 -0.0359067 0.995417 -0.0886342 -21.2053 -0.998899 -0.0330688 0.033282 243.465 
0.0316805 0.0922894 0.995228 -66.0071 -0.0382719 0.99511 -0.0910601 -21.3152 -0.998765 -0.0352044 0.0350577 243.529 
0.0334485 0.0932389 0.995082 -64.9616 -0.0405379 0.994946 -0.0918635 -21.4241 -0.998618 -0.0372658 0.0370592 243.593 
0.0363648 0.0948674 0.994826 -63.9321 -0.0415007 0.994769 -0.0933449 -21.5323 -0.998477 -0.0378915 0.0401116 243.658 
0.0399668 0.09587 0.994591 -62.9158 -0.0437384 0.9946 -0.0941132 -21.6435 -0.998243 -0.0397405 0.0439442 243.727 
0.0442735 0.0970141 0.994298 -61.8974 -0.0449738 0.994458 -0.0950272 -21.7528 -0.998007 -0.0405101 0.0483912 243.806 
0.0504885 0.0960749 0.994093 -60.8883 -0.0457038 0.994542 -0.093797 -21.8615 -0.997678 -0.0406982 0.0546039 243.883 
0.0571148 0.0945434 0.993881 -59.8801 -0.0444813 0.994759 -0.0920707 -21.9728 -0.997376 -0.0389505 0.0610209 243.961 
0.0644035 0.0937859 0.993507 -58.8834 -0.0425481 0.994927 -0.0911617 -22.0788 -0.997017 -0.0364007 0.0680672 244.044 
0.0715433 0.0946609 0.992936 -57.8951 -0.0413283 0.994913 -0.0918715 -22.1839 -0.996581 -0.0344635 0.0750915 244.138 
0.0783151 0.0944726 0.992442 -56.9043 -0.0419796 0.994929 -0.0913967 -22.2893 -0.996044 -0.0345046 0.0818839 244.242 
0.0846442 0.0934767 0.992017 -55.9175 -0.0430965 0.995002 -0.0900807 -22.3911 -0.995479 -0.0351276 0.0882496 244.359 
0.0911783 0.0913167 0.991639 -54.9244 -0.0437467 0.995193 -0.0876216 -22.4956 -0.994873 -0.0353917 0.0947348 244.476 
0.0976075 0.0897251 0.991172 -53.944 -0.0437182 0.995353 -0.0857983 -22.596 -0.994264 -0.0349577 0.101077 244.599 
0.104166 0.0902383 0.990458 -52.9706 -0.0439048 0.995322 -0.086064 -22.6957 -0.99359 -0.0345209 0.107641 244.729 
0.110715 0.0924466 0.989543 -52.0023 -0.0434919 0.995161 -0.0881053 -22.7936 -0.9929 -0.0332826 0.1142 244.863 
0.117111 0.0938072 0.988679 -51.0365 -0.0434488 0.99506 -0.089266 -22.8916 -0.992168 -0.0325028 0.120608 245.001 
0.123 0.0956615 0.987785 -50.078 -0.0452807 0.994848 -0.090707 -22.9924 -0.991373 -0.0335707 0.126698 245.154 
0.129404 0.0963717 0.986898 -49.1217 -0.0472874 0.994733 -0.0909364 -23.0903 -0.990464 -0.0349003 0.13328 245.305 
0.135804 0.0960994 0.986064 -48.1548 -0.0480639 0.994752 -0.0903265 -23.1913 -0.989569 -0.0351274 0.13971 245.472 
0.141905 0.0938563 0.985421 -47.1983 -0.0490021 0.99494 -0.0877064 -23.2913 -0.988667 -0.0358416 0.145786 245.636 
0.148144 0.0922447 0.984654 -46.2445 -0.0489734 0.995103 -0.0858553 -23.3893 -0.987753 -0.0355029 0.151936 245.803 
0.154463 0.0914998 0.983753 -45.2978 -0.0488981 0.99519 -0.0848859 -23.4858 -0.986788 -0.0349919 0.158194 245.977 
0.161487 0.092694 0.982512 -44.3534 -0.0488126 0.995111 -0.0858597 -23.5798 -0.985667 -0.0340937 0.165222 246.15 
0.168627 0.09275 0.981307 -43.4154 -0.0463287 0.995209 -0.0861029 -23.6758 -0.984591 -0.0309434 0.172116 246.331 
