1 -4.23778e-08 4.22719e-08 0 -4.23778e-08 1 -4.19404e-08 0 4.22719e-08 -4.19404e-08 1 0 
0.99998 -0.00428616 -0.00467003 0.0163725 0.00427591 0.999988 -0.00218409 -0.00149806 0.00467942 0.002164 0.999987 0.702717 
0.999958 -0.00379584 -0.0083896 -0.0183923 0.00375974 0.999984 -0.00430447 0.000285625 0.00840589 0.00427266 0.999955 1.38773 
0.999921 -0.00457665 -0.0117399 -0.0596537 0.00451091 0.999974 -0.00561339 -0.0137864 0.0117654 0.0055599 0.999915 2.08477 
0.999861 -0.00310476 -0.0163593 -0.0850394 0.00300764 0.999978 -0.00595325 -0.0195695 0.0163775 0.00590313 0.999848 2.81643 
0.999767 -0.00540222 -0.0208771 -0.131196 0.00527128 0.999966 -0.00631785 -0.0271929 0.0209106 0.00620625 0.999762 3.51653 
0.999691 -0.00183805 -0.0247726 -0.168264 0.00163752 0.999966 -0.00810925 -0.030734 0.0247868 0.00806609 0.99966 4.26606 
0.999556 0.0002002 -0.0297903 -0.191458 -0.00041415 0.999974 -0.00717306 -0.0682703 0.0297881 0.00718213 0.99953 5.01981 
0.999373 0.00157509 -0.0353647 -0.226068 -0.00180533 0.999977 -0.0064771 -0.0664665 0.0353537 0.0065368 0.999353 5.77398 
0.999348 -0.00160152 -0.0360767 -0.325555 0.00151747 0.999996 -0.00235473 -0.071007 0.0360804 0.00229836 0.999346 6.55254 
0.999232 0.000654425 -0.0391893 -0.373583 -0.000704102 0.999999 -0.0012517 -0.0590292 0.0391885 0.00127825 0.999231 7.36983 
0.999139 0.00236703 -0.0414302 -0.422125 -0.00242044 0.999996 -0.00123706 -0.0786708 0.0414272 0.00133619 0.999141 8.17667 
0.999043 0.00191689 -0.043688 -0.457713 -0.00198455 0.999997 -0.00150362 -0.0732646 0.0436851 0.00158879 0.999044 9.01018 
0.998982 -7.72765e-05 -0.045104 -0.51716 -3.90961e-05 0.999997 -0.00257737 -0.0700176 0.0451042 0.00257642 0.998979 9.81815 
0.998836 7.77947e-05 -0.0482273 -0.542831 -0.000169718 0.999998 -0.00190024 -0.068879 0.0482272 0.00190613 0.998834 10.671 
0.998859 -0.00203374 -0.0477046 -0.627574 0.0019793 0.999997 -0.00118664 -0.0916817 0.0477069 0.00109078 0.998861 11.5039 
0.998813 0.000113717 -0.0487138 -0.695703 -0.000287429 0.999994 -0.00355728 -0.107129 0.0487132 0.00356697 0.998806 12.3664 
0.998728 0.000641014 -0.0504189 -0.758012 -0.000991276 0.999975 -0.0069207 -0.101627 0.0504133 0.00696179 0.998704 13.2355 
0.998542 0.00465987 -0.0537777 -0.789876 -0.00520172 0.999937 -0.00993857 -0.0979889 0.0537281 0.0102037 0.998503 14.121 
0.998507 0.00584864 -0.0543108 -0.874687 -0.00639087 0.999931 -0.00981389 -0.111824 0.0542498 0.0101462 0.998476 15.0023 
0.998391 0.0048239 -0.0564941 -0.930942 -0.00533424 0.999946 -0.00888459 -0.121438 0.0564483 0.00917157 0.998363 15.923 
0.998313 0.0051021 -0.0578278 -0.999222 -0.00555563 0.999955 -0.00768344 -0.133806 0.0577861 0.00799167 0.998297 16.8214 
0.998414 0.00423346 -0.0561299 -1.11515 -0.00461321 0.999967 -0.00663626 -0.163805 0.0561001 0.00688459 0.998401 17.7038 
0.998289 0.00459638 -0.0582915 -1.16772 -0.00510869 0.99995 -0.00864137 -0.16131 0.0582489 0.00892429 0.998262 18.6287 
0.998324 0.00327056 -0.0577823 -1.26903 -0.00381622 0.999949 -0.00933417 -0.178687 0.0577489 0.00953895 0.998285 19.4922 
0.998224 0.00380618 -0.0594438 -1.31011 -0.00418185 0.999972 -0.00619524 -0.213845 0.0594186 0.00643274 0.998212 20.4034 
0.998259 0.00661132 -0.0586065 -1.40879 -0.00691553 0.999964 -0.00498802 -0.193159 0.0585714 0.00538454 0.998269 21.2634 
0.998274 0.00684033 -0.058319 -1.46301 -0.00684582 0.999976 0.000107075 -0.224753 0.0583184 0.000292265 0.998298 22.1711 
0.998306 0.00414988 -0.0580331 -1.51542 -0.00402421 0.999989 0.00228365 -0.222841 0.058042 -0.00204633 0.998312 23.1157 
0.998334 0.0049037 -0.0574842 -1.57367 -0.00473093 0.999984 0.0031427 -0.235147 0.0574987 -0.0028656 0.998341 24.0376 
0.998471 0.0048456 -0.0550639 -1.65565 -0.0047954 0.999988 0.00104534 -0.2513 0.0550684 -0.000779774 0.998482 24.9551 
0.998552 0.00480363 -0.0535867 -1.73385 -0.00499375 0.999982 -0.00341312 -0.26914 0.0535694 0.00367569 0.998557 25.8993 
0.998626 0.00377857 -0.0522747 -1.79532 -0.00410033 0.999973 -0.00604759 -0.282934 0.0522506 0.00625353 0.998614 26.8323 
0.998664 0.000807877 -0.0516699 -1.85196 -0.00101927 0.999991 -0.00406347 -0.315028 0.0516662 0.00411062 0.998656 27.76 
0.998669 0.000339929 -0.0515716 -1.92306 -0.000315766 1 0.000478294 -0.313632 0.0515718 -0.000461459 0.998669 28.7238 
0.998581 -0.00339827 -0.0531453 -1.96366 0.00355319 0.99999 0.00282249 -0.299687 0.0531353 -0.00300741 0.998583 29.7543 
0.998499 -0.0106221 -0.0537204 -2.04011 0.0107185 0.999941 0.00150712 -0.302693 0.0537013 -0.00208075 0.998555 30.6939 
0.998489 -0.0114391 -0.0537447 -2.12562 0.0113324 0.999933 -0.00228864 -0.333074 0.0537674 0.00167604 0.998552 31.6682 
0.998422 -0.0108426 -0.0551049 -2.18554 0.0104667 0.99992 -0.00710443 -0.34592 0.0551776 0.00651637 0.998455 32.6757 
0.998284 -0.0104047 -0.0576285 -2.25421 0.00999658 0.999923 -0.00736454 -0.363725 0.0577007 0.00677572 0.998311 33.6469 
0.998297 -0.00887279 -0.057664 -2.34275 0.0085288 0.999944 -0.00620745 -0.37328 0.057716 0.00570499 0.998317 34.5984 
0.998209 -0.00493965 -0.0596242 -2.41756 0.00467989 0.999979 -0.00449405 -0.378473 0.0596452 0.00420688 0.998211 35.6219 
0.998117 -0.00495584 -0.0611335 -2.49374 0.00478623 0.999984 -0.00291932 -0.39887 0.0611471 0.00262114 0.998125 36.6008 
0.998096 -0.00248733 -0.0616202 -2.58363 0.00250016 0.999997 0.000132544 -0.429727 0.0616198 -0.000286438 0.9981 37.5959 
0.998156 -0.00255469 -0.0606487 -2.66499 0.00280105 0.999988 0.00397864 -0.448739 0.0606379 -0.00414127 0.998151 38.5608 
0.99816 0.00301271 -0.0605543 -2.76832 -0.00266177 0.999979 0.00587674 -0.457253 0.0605709 -0.00570483 0.998148 39.5207 
0.998154 0.00386861 -0.0606146 -2.84448 -0.00355167 0.999979 0.00533689 -0.463239 0.0606341 -0.00511184 0.998147 40.5179 
0.998226 0.00481144 -0.0593428 -2.93324 -0.00465102 0.999985 0.00284248 -0.467433 0.0593557 -0.00256152 0.998234 41.5108 
0.998191 0.00760038 -0.059646 -3.01085 -0.00754921 0.999971 0.00108449 -0.490106 0.0596526 -0.000632338 0.998219 42.5029 
0.998228 0.00877869 -0.0588481 -3.10543 -0.008778 0.999961 0.000271574 -0.492532 0.0588483 0.00024539 0.998267 43.4717 
0.998211 0.00586288 -0.0594921 -3.20216 -0.0057913 0.999982 0.00137702 -0.509529 0.0594992 -0.00103011 0.998228 44.4622 
0.998201 0.00658282 -0.0595951 -3.27682 -0.00648511 0.999977 0.00183419 -0.500399 0.0596059 -0.0014445 0.998221 45.4429 
0.998216 0.00976216 -0.0589037 -3.37208 -0.00984543 0.999951 -0.00112222 -0.538576 0.0588899 0.00170006 0.998263 46.3829 
0.998217 0.0110301 -0.058664 -3.46214 -0.0113941 0.999918 -0.00587164 -0.544717 0.0585945 0.0065295 0.99826 47.3415 
0.998194 0.0128519 -0.0586756 -3.54636 -0.0133225 0.999882 -0.00763478 -0.566695 0.0585706 0.00840261 0.998248 48.2803 
0.99824 0.0114361 -0.0581871 -3.62473 -0.0116973 0.999923 -0.00414897 -0.587126 0.0581352 0.00482221 0.998297 49.244 
0.998272 0.00884549 -0.0580905 -3.69466 -0.00893221 0.999959 -0.00123187 -0.601652 0.0580773 0.00174854 0.99831 50.1931 
0.998272 0.00799656 -0.0582069 -3.77025 -0.00808415 0.999966 -0.0012682 -0.611846 0.0581949 0.00173648 0.998304 51.1394 
0.998248 0.00515765 -0.0589422 -3.83068 -0.00528862 0.999984 -0.0020648 -0.633425 0.0589307 0.00237282 0.998259 52.1106 
0.998311 0.003215 -0.0580094 -3.92015 -0.00338829 0.99999 -0.00288772 -0.656137 0.0579996 0.0030793 0.998312 53.0111 
0.998257 0.00151351 -0.0589945 -3.99379 -0.00165839 0.999996 -0.00240555 -0.658891 0.0589907 0.00249911 0.998255 53.9569 
0.998193 -0.000382708 -0.0600889 -4.06372 0.000454082 0.999999 0.00117552 -0.666565 0.0600885 -0.00120076 0.998192 54.9116 
0.998177 -0.000652321 -0.0603567 -4.12743 0.000968601 0.999986 0.00521243 -0.66807 0.0603525 -0.00526147 0.998163 55.8465 
0.998061 0.000510562 -0.0622337 -4.18151 -2.58841e-05 0.99997 0.00778991 -0.6865 0.0622358 -0.00777328 0.998031 56.7852 
0.99803 0.00223414 -0.0626948 -4.26945 -0.00199429 0.99999 0.00388937 -0.703776 0.0627029 -0.00375676 0.998025 57.7427 
0.997924 0.00304404 -0.0643299 -4.34014 -0.00323831 0.99999 -0.00291456 -0.733571 0.0643205 0.00311675 0.997924 58.639 
0.997889 0.00515377 -0.0647301 -4.423 -0.00566874 0.999954 -0.00777328 -0.748552 0.0646871 0.00812373 0.997872 59.5366 
0.997891 0.00965207 -0.0641859 -4.51929 -0.0100444 0.999933 -0.00579108 -0.783926 0.0641257 0.00642349 0.997921 60.4217 
0.997751 0.0130775 -0.0657353 -4.59426 -0.0133498 0.999904 -0.0037039 -0.795061 0.0656806 0.00457304 0.99783 61.3118 
0.997714 0.0140533 -0.0660983 -4.68261 -0.0142062 0.999897 -0.00184226 -0.814282 0.0660657 0.00277697 0.997811 62.1717 
0.997669 0.0179268 -0.0658483 -4.73791 -0.0180826 0.999835 -0.00176958 -0.861601 0.0658058 0.00295608 0.997828 62.8938 
0.997511 0.0201954 -0.06756 -4.81598 -0.0202259 0.999795 0.000234451 -0.898476 0.067551 0.00113251 0.997715 63.7459 
0.997417 0.0213495 -0.0685772 -4.88675 -0.0213668 0.999772 0.00048172 -0.90775 0.0685719 0.000984717 0.997646 64.5799 
0.997306 0.0212024 -0.0702243 -4.96102 -0.0211365 0.999775 0.00168205 -0.937052 0.0702442 -0.000193309 0.99753 65.3973 
0.997224 0.0194041 -0.0718792 -5.01659 -0.0193375 0.999812 0.00162331 -0.919893 0.0718973 -0.00022892 0.997412 66.211 
0.997062 0.0218821 -0.0734034 -5.09071 -0.0216367 0.999757 0.00413857 -0.930863 0.0734762 -0.00253829 0.997294 67.0208 
0.996964 0.0234642 -0.0742399 -5.17588 -0.0229685 0.999708 0.00752468 -0.929265 0.0743948 -0.00579674 0.997212 67.8046 
0.99684 0.0278453 -0.0743997 -5.26909 -0.027183 0.999581 0.00990119 -0.954065 0.0746443 -0.00784758 0.997179 68.5005 
0.996747 0.0308329 -0.0744664 -5.36949 -0.0304511 0.999517 0.00625903 -0.987742 0.0746235 -0.00397117 0.997204 69.2536 
0.996547 0.0313068 -0.0769001 -5.42992 -0.0314533 0.999505 -0.000693378 -1.00771 0.0768404 0.00310966 0.997038 69.9635 
0.996514 0.0314914 -0.0772554 -5.52196 -0.0319528 0.999478 -0.00474188 -1.05359 0.0770658 0.00719379 0.997 70.66 
0.996377 0.0327084 -0.0785047 -5.57656 -0.0331879 0.999437 -0.00480901 -1.08527 0.0783033 0.00739691 0.996902 71.334 
0.996229 0.0343157 -0.0796826 -5.63685 -0.0344325 0.999407 -9.05778e-05 -1.1189 0.0796324 0.00283382 0.99682 72.0204 
0.996172 0.0349164 -0.0801364 -5.71077 -0.0348232 0.99939 0.00256159 -1.14819 0.0801771 0.000238733 0.996781 72.6611 
0.996254 0.0306787 -0.0808471 -5.78041 -0.0308524 0.999523 -0.000899008 -1.15795 0.080781 0.00338988 0.996726 73.2882 
0.996496 0.0223005 -0.0806076 -5.85052 -0.0229176 0.999715 -0.00673657 -1.15103 0.0804345 0.00856021 0.996723 73.884 
0.996566 0.0186988 -0.0806637 -5.88086 -0.0196827 0.999741 -0.0114186 -1.16774 0.0804294 0.0129669 0.996676 74.4945 
0.996674 0.0219432 -0.078481 -5.88565 -0.0228151 0.999687 -0.0102284 -1.22681 0.0782321 0.0119848 0.996863 75.0401 
0.997012 0.0273023 -0.0722664 -5.99625 -0.0278716 0.999588 -0.00688034 -1.24678 0.0720488 0.00887387 0.997362 75.6029 
0.997302 0.0255818 -0.0688096 -6.00794 -0.0259546 0.999653 -0.0045276 -1.24703 0.06867 0.00630122 0.997619 76.1647 
0.997698 0.0214407 -0.0643264 -6.02444 -0.0215524 0.999767 -0.00104275 -1.25053 0.0642891 0.00242665 0.997928 76.7007 
0.998282 0.0168677 -0.056115 -6.04449 -0.016837 0.999858 0.0010228 -1.24333 0.0561244 -7.63196e-05 0.998424 77.2369 
0.998773 0.0197567 -0.045414 -6.07031 -0.0197603 0.999805 0.000370449 -1.24771 0.0454125 0.000527317 0.998968 77.7532 
0.999213 0.0254876 -0.0303757 -6.08637 -0.0254989 0.999675 1.95535e-05 -1.26312 0.0303664 0.000754923 0.999538 78.2449 
0.999461 0.0307656 -0.0114326 -6.11403 -0.0307782 0.999526 -0.000921666 -1.25784 0.0113989 0.00127296 0.999934 78.7278 
0.999514 0.029415 0.0103111 -6.09421 -0.0294121 0.999567 -0.000437207 -1.26509 -0.0103194 0.000133641 0.999947 79.1951 
0.998967 0.025877 0.0373633 -6.07571 -0.0258956 0.999665 1.06156e-05 -1.26807 -0.0373504 -0.000978229 0.999302 79.6525 
0.997447 0.0249366 0.0669204 -6.02586 -0.0251004 0.999684 0.00160627 -1.28791 -0.0668591 -0.00328198 0.997757 80.0923 
0.994708 0.0245089 0.0997796 -5.9628 -0.0248452 0.999689 0.00212822 -1.289 -0.0996963 -0.00459608 0.995007 80.5353 
0.990206 0.0245104 0.137447 -5.88794 -0.0249989 0.999686 0.00182834 -1.29873 -0.137359 -0.00524654 0.990507 80.9598 
0.983627 0.024155 0.178587 -5.78655 -0.0247797 0.999692 0.00126726 -1.31366 -0.178502 -0.00567193 0.983923 81.3719 
0.974318 0.0240382 0.22389 -5.69148 -0.024727 0.999694 0.000272287 -1.31802 -0.223815 -0.00580149 0.974614 81.7516 
0.961467 0.0277226 0.273518 -5.56254 -0.0279718 0.999604 -0.00298964 -1.32039 -0.273492 -0.00477642 0.961862 82.1554 
0.94491 0.0285227 0.326084 -5.41311 -0.0280134 0.999588 -0.00625861 -1.33908 -0.326128 -0.00322095 0.94532 82.512 
0.923582 0.0299413 0.382229 -5.24443 -0.0283242 0.99955 -0.00985869 -1.34719 -0.382352 -0.00172107 0.924015 82.8636 
0.898477 0.030487 0.437961 -5.02743 -0.027495 0.999535 -0.013173 -1.34831 -0.438159 -0.000206166 0.898897 83.2033 
0.86802 0.0326124 0.495456 -4.81189 -0.0277086 0.999467 -0.0172438 -1.34442 -0.495755 0.00123949 0.868462 83.5091 
0.8334 0.0303118 0.551838 -4.57486 -0.0231607 0.999533 -0.0199255 -1.36449 -0.552184 0.00382494 0.833713 83.7953 
0.794968 0.0306969 0.605874 -4.31789 -0.0214823 0.999517 -0.0224542 -1.37607 -0.606271 0.00483475 0.795244 84.08 
0.753145 0.0301364 0.657164 -4.06361 -0.0196419 0.999535 -0.0233265 -1.38232 -0.657561 0.00466027 0.753387 84.3242 
0.708641 0.0303205 0.704917 -3.77838 -0.0199553 0.999538 -0.0229324 -1.38863 -0.705286 0.00218401 0.708919 84.5745 
0.660834 0.0288312 0.749978 -3.49058 -0.0184278 0.999584 -0.0221895 -1.41206 -0.750306 0.000843095 0.66109 84.8002 
0.612354 0.0276356 0.7901 -3.18731 -0.0155145 0.999616 -0.0229398 -1.44099 -0.790431 0.00178924 0.612548 84.9879 
0.564208 0.0242354 0.825277 -2.86661 -0.0065002 0.999668 -0.0249129 -1.44953 -0.825607 0.00869156 0.564178 85.1638 
0.516389 0.0269285 0.85593 -2.55364 -0.00735355 0.999608 -0.0270124 -1.46192 -0.856322 0.00765475 0.516385 85.3056 
0.46824 0.0299975 0.883092 -2.21487 -0.00971749 0.999538 -0.0288007 -1.4766 -0.883548 0.00490418 0.468315 85.4574 
0.424993 0.0310961 0.904662 -1.86052 -0.00924533 0.999507 -0.0300131 -1.50396 -0.905149 0.00439143 0.425071 85.556 
0.380506 0.0282085 0.924348 -1.50373 -0.000359815 0.999539 -0.0303551 -1.52213 -0.924778 0.0112177 0.380341 85.677 
0.339845 0.0225479 0.940211 -1.14494 0.0147293 0.999462 -0.0292929 -1.51926 -0.940366 0.0238037 0.33933 85.7647 
0.305559 0.0180697 0.952002 -0.787098 0.0205721 0.999461 -0.0255736 -1.53502 -0.951951 0.0273989 0.305023 85.8353 
0.272253 0.0204474 0.962008 -0.445325 0.0148402 0.999566 -0.0254457 -1.57376 -0.962111 0.0212041 0.271831 85.9149 
0.240187 0.029541 0.970277 -0.066373 0.00387495 0.9995 -0.0313901 -1.58469 -0.970719 0.0112992 0.239952 86.0139 
0.212172 0.0335223 0.976657 0.305873 -0.0010132 0.999418 -0.0340835 -1.61977 -0.977232 0.006242 0.212082 86.0845 
0.184823 0.0359798 0.982113 0.705584 -0.000641468 0.999334 -0.0364901 -1.64553 -0.982772 0.00611419 0.184723 86.1654 
0.16241 0.0367368 0.986039 1.14118 0.00827328 0.999221 -0.0385907 -1.65896 -0.986689 0.0144253 0.16198 86.2204 
0.142438 0.0431139 0.988864 1.53072 0.0169864 0.998797 -0.0459938 -1.66603 -0.989658 0.0233485 0.141534 86.2463 
0.121592 0.0495305 0.991343 1.95768 0.0219214 0.998376 -0.0525707 -1.67506 -0.992338 0.0281238 0.120309 86.2965 
0.104803 0.0502601 0.993222 2.31596 0.0245685 0.998286 -0.0531089 -1.68854 -0.994189 0.029968 0.103389 86.3097 
0.0909197 0.0451299 0.994835 2.76847 0.0235738 0.998595 -0.047455 -1.71755 -0.995579 0.0277667 0.0897281 86.337 
0.0753589 0.0436288 0.996201 3.2439 0.0225578 0.998712 -0.0454452 -1.73612 -0.996901 0.0258968 0.0742777 86.3949 
0.0599434 0.040463 0.997381 3.76704 0.0280664 0.998715 -0.042204 -1.75708 -0.997807 0.0305228 0.0587307 86.4499 
0.0495063 0.0398988 0.997976 4.24675 0.0307308 0.998668 -0.041451 -1.78015 -0.998301 0.0327207 0.0482143 86.4517 
0.0390412 0.043624 0.998285 4.75377 0.0364726 0.998319 -0.0450519 -1.77465 -0.998572 0.038169 0.0373845 86.4709 
0.0311455 0.0430647 0.998587 5.29238 0.0368755 0.998342 -0.0442043 -1.81581 -0.998834 0.0382001 0.0295059 86.4788 
0.0272251 0.0418858 0.998751 5.81913 0.0385801 0.998333 -0.04292 -1.85364 -0.998884 0.0397004 0.0255637 86.4824 
0.0221534 0.0431903 0.998821 6.33854 0.0420548 0.998142 -0.0440938 -1.88835 -0.99887 0.0429821 0.0202959 86.4788 
0.0153606 0.0442355 0.998903 6.90513 0.0406498 0.998167 -0.0448281 -1.90876 -0.999055 0.0412938 0.0135343 86.512 
0.0109682 0.0430219 0.999014 7.51001 0.0417573 0.998183 -0.0434446 -1.94287 -0.999067 0.0421927 0.00915175 86.522 
0.00806616 0.0430663 0.99904 8.07265 0.0440618 0.998086 -0.043381 -1.97982 -0.998996 0.0443694 0.00615315 86.5405 
0.00438577 0.0437601 0.999032 8.72185 0.0418959 0.998157 -0.0439058 -1.98947 -0.999112 0.042048 0.00254431 86.5566 
0.00244737 0.0438157 0.999037 9.37214 0.0464447 0.997956 -0.0438822 -2.00725 -0.998918 0.0465074 0.000407362 86.5417 
0.00101586 0.0430186 0.999074 10.0323 0.0508543 0.997779 -0.0430147 -2.04681 -0.998705 0.0508509 -0.00117407 86.5622 
0.00270142 0.0432327 0.999061 10.7408 0.0536039 0.997622 -0.0433154 -2.07425 -0.998559 0.0536706 0.000377557 86.5505 
0.00437456 0.0438004 0.999031 11.4314 0.0555524 0.997487 -0.0439761 -2.09804 -0.998446 0.0556909 0.00193035 86.5805 
0.0101779 0.0429003 0.999027 12.1522 0.0570904 0.997425 -0.0434132 -2.14488 -0.998317 0.0574767 0.00770248 86.5282 
0.0149646 0.0424757 0.998985 12.8903 0.0567215 0.997452 -0.0432603 -2.1816 -0.998278 0.0573113 0.0125172 86.5383 
0.0180956 0.0417513 0.998964 13.6342 0.0578169 0.997412 -0.0427339 -2.20455 -0.998163 0.0585304 0.0156348 86.5869 
0.0222328 0.0410295 0.99891 14.4128 0.0573439 0.99746 -0.0422464 -2.22656 -0.998107 0.0582207 0.0198236 86.6083 
0.0250574 0.0383496 0.99895 15.1846 0.0538698 0.99776 -0.0396552 -2.28123 -0.998233 0.0548069 0.0229354 86.6689 
0.029099 0.0385471 0.998833 15.9833 0.052902 0.997796 -0.0400484 -2.30524 -0.998176 0.0540056 0.0269957 86.7064 
0.0335612 0.0388247 0.998682 16.7737 0.0509944 0.997877 -0.0405072 -2.34655 -0.998135 0.0522866 0.0315101 86.7429 
0.0375503 0.0416843 0.998425 17.5894 0.0492025 0.997841 -0.0435105 -2.40925 -0.998083 0.0507588 0.0354182 86.7639 
0.0377847 0.0467198 0.998193 18.3996 0.0438818 0.997865 -0.0483656 -2.45418 -0.998322 0.04563 0.0356539 86.8251 
0.035923 0.0481453 0.998194 19.188 0.0413707 0.997911 -0.0496206 -2.52305 -0.998498 0.0430785 0.0338561 86.9004 
0.0364608 0.047731 0.998194 19.9998 0.0403363 0.997974 -0.0491939 -2.56705 -0.998521 0.0420572 0.0344617 86.9401 
0.0377946 0.0450547 0.998269 20.8021 0.0387269 0.998166 -0.0465164 -2.62894 -0.998535 0.0404179 0.0359805 86.9669 
0.0365829 0.0441619 0.998354 21.6119 0.038819 0.998206 -0.0455779 -2.67435 -0.998576 0.0404225 0.034803 87.0349 
0.0357717 0.0437371 0.998402 22.423 0.0363029 0.998326 -0.0450345 -2.71813 -0.9987 0.0378558 0.034124 87.0947 
0.0365323 0.0449024 0.998323 23.2309 0.0342059 0.998348 -0.0461554 -2.75392 -0.998747 0.0358348 0.0349361 87.1252 
0.0358316 0.0445182 0.998366 24.0549 0.0309083 0.99848 -0.0456327 -2.81374 -0.99888 0.0324929 0.0344011 87.1873 
0.034975 0.0436638 0.998434 24.8678 0.0289804 0.998581 -0.0446855 -2.89924 -0.998968 0.0304979 0.03366 87.2339 
0.0325488 0.0436 0.998519 25.661 0.0261272 0.998669 -0.0444584 -2.94214 -0.999129 0.0275355 0.0313664 87.2773 
0.0281198 0.041535 0.998741 26.4507 0.0227249 0.998851 -0.0421795 -2.99974 -0.999346 0.0238823 0.0271437 87.3215 
0.0236012 0.0388667 0.998966 27.264 0.0219754 0.998982 -0.0393866 -3.04929 -0.99948 0.0228822 0.0227231 87.3468 
0.0187982 0.0371941 0.999131 28.0562 0.020369 0.999086 -0.0375758 -3.09586 -0.999616 0.0210576 0.0180234 87.342 
0.0119796 0.0364799 0.999262 28.8712 0.022587 0.999069 -0.0367437 -3.1439 -0.999673 0.0230105 0.0111444 87.3609 
0.00376599 0.0380714 0.999268 29.6561 0.022243 0.999025 -0.038146 -3.17642 -0.999745 0.0223704 0.00291549 87.3574 
-0.00670605 0.0395736 0.999194 30.4648 0.0226249 0.998967 -0.0394129 -3.21164 -0.999721 0.0223424 -0.00759447 87.3658 
-0.0159977 0.037143 0.999182 31.2399 0.0235863 0.999046 -0.0367604 -3.26257 -0.999594 0.0229789 -0.0168585 87.3479 
-0.0256549 0.0367466 0.998995 32.0604 0.0235436 0.999069 -0.0361448 -3.30806 -0.999393 0.0225926 -0.0264961 87.3192 
-0.0372267 0.0366275 0.998635 32.873 0.0253191 0.999042 -0.0356986 -3.34686 -0.998986 0.0239556 -0.0381184 87.2949 
-0.0477966 0.0379471 0.998136 33.6573 0.0259378 0.998988 -0.0367375 -3.37539 -0.99852 0.0241335 -0.0487325 87.255 
-0.0591198 0.0377675 0.997536 34.4203 0.0274691 0.998967 -0.0361938 -3.42259 -0.997873 0.0252616 -0.0600961 87.2189 
-0.0693242 0.0399362 0.996794 35.1863 0.0269536 0.998908 -0.0381464 -3.44646 -0.99723 0.0242227 -0.070325 87.1649 
-0.0800432 0.0405375 0.995967 35.9439 0.0293612 0.998835 -0.0382946 -3.49224 -0.996359 0.0261775 -0.0811402 87.1317 
-0.0892581 0.0423572 0.995107 36.7098 0.0308457 0.998734 -0.0397448 -3.51197 -0.995531 0.0271472 -0.0904516 87.0662 
-0.0993898 0.0426387 0.994135 37.4561 0.0318987 0.998704 -0.0396456 -3.5584 -0.994537 0.0277713 -0.100621 86.9869 
-0.108763 0.0437166 0.993106 38.2201 0.0323562 0.998659 -0.0404176 -3.58765 -0.993541 0.0277372 -0.110032 86.8984 
-0.117131 0.0439007 0.992146 38.9709 0.0315119 0.998684 -0.0404698 -3.61605 -0.992616 0.0265241 -0.11836 86.7968 
-0.124723 0.0420358 0.991301 39.664 0.0344221 0.998684 -0.038018 -3.66408 -0.991594 0.029381 -0.126006 86.717 
-0.12851 0.0416805 0.990832 40.386 0.0377077 0.998599 -0.0371166 -3.69337 -0.990991 0.0325921 -0.129902 86.6086 
-0.130907 0.0399966 0.990587 41.0953 0.0381313 0.99865 -0.0352831 -3.7255 -0.990661 0.0331536 -0.132255 86.4771 
-0.134061 0.0385513 0.990223 41.797 0.0413644 0.99859 -0.033277 -3.77137 -0.990109 0.0364988 -0.135466 86.3941 
-0.136857 0.0380844 0.989858 42.4847 0.0419659 0.998586 -0.0326181 -3.80347 -0.989701 0.0370762 -0.138262 86.3247 
-0.138241 0.0385156 0.989649 43.1223 0.0427183 0.998545 -0.0328947 -3.83232 -0.989477 0.0377287 -0.139685 86.2651 
-0.13784 0.0393952 0.989671 43.7714 0.0416356 0.998556 -0.03395 -3.86677 -0.989579 0.0365258 -0.139281 86.182 
-0.133865 0.0408307 0.990158 44.4412 0.0424469 0.99847 -0.0354349 -3.88994 -0.99009 0.0372857 -0.135393 86.0828 
-0.126933 0.041523 0.991042 45.0494 0.042526 0.998432 -0.036386 -3.91837 -0.990999 0.0375264 -0.1285 85.9905 
-0.120475 0.0420082 0.991827 45.6346 0.0408369 0.998468 -0.0373292 -3.95155 -0.991876 0.0360059 -0.122006 85.9486 
-0.110394 0.0424304 0.992982 46.315 0.0401393 0.998463 -0.0382022 -3.97786 -0.993077 0.0356403 -0.111927 85.9211 
-0.0947549 0.042928 0.994575 46.865 0.038929 0.998465 -0.0393871 -4.00602 -0.994739 0.0349856 -0.0962807 85.8568 
-0.078773 0.0440862 0.995917 47.4116 0.039505 0.998375 -0.0410704 -4.04051 -0.996109 0.0361085 -0.0803866 85.8522 
-0.0573654 0.0473367 0.99723 47.9522 0.0376674 0.998267 -0.0452192 -4.05947 -0.997642 0.0349691 -0.0590491 85.833 
-0.0340782 0.0490748 0.998213 48.4372 0.0354741 0.998224 -0.0478643 -4.10181 -0.998789 0.0337797 -0.0357585 85.8658 
-0.00526544 0.0501663 0.998727 48.9422 0.0325147 0.998221 -0.0499695 -4.14556 -0.999457 0.0322102 -0.00688721 85.8677 
0.0275901 0.0491973 0.998408 49.4636 0.0297549 0.998305 -0.0500145 -4.17695 -0.999176 0.0310875 0.0260795 85.9181 
0.0678587 0.0471464 0.99658 50.0264 0.0279792 0.9984 -0.0491377 -4.20435 -0.997302 0.0312179 0.066431 85.938 
0.110637 0.0426459 0.992945 50.4831 0.0243103 0.998664 -0.0456003 -4.26289 -0.993563 0.0291839 0.109452 86.0091 
0.157355 0.0388854 0.986776 50.9641 0.0209065 0.998869 -0.0426958 -4.28623 -0.987321 0.0273485 0.156364 86.0912 
0.205345 0.0367219 0.978 51.4518 0.0157673 0.999042 -0.0408226 -4.30064 -0.978563 0.0238031 0.204569 86.2424 
0.25812 0.0337127 0.965524 51.9273 0.00844721 0.999274 -0.0371495 -4.35725 -0.966076 0.017745 0.257648 86.3911 
0.314416 0.0330477 0.94871 52.3751 0.00665497 0.999292 -0.0370154 -4.38265 -0.949262 0.0179519 0.313974 86.57 
0.372961 0.0336526 0.927236 52.825 0.00883307 0.999168 -0.0398163 -4.40702 -0.927805 0.0230403 0.372354 86.7898 
0.433693 0.0415932 0.9001 53.2397 0.00635301 0.998768 -0.0492138 -4.3752 -0.901038 0.027062 0.432894 87.0359 
0.494499 0.0472347 0.867894 53.6568 0.0059435 0.998315 -0.0577194 -4.3763 -0.869158 0.0337005 0.493385 87.3064 
0.552372 0.0544323 0.831819 54.024 0.00116003 0.997815 -0.0660651 -4.35515 -0.833597 0.0374574 0.551102 87.6202 
0.611129 0.0566648 0.7895 54.3817 -0.00431867 0.997658 -0.0682622 -4.38466 -0.791519 0.0383074 0.609943 87.9165 
0.664645 0.0583746 0.744875 54.7502 -0.00897595 0.997495 -0.070163 -4.41253 -0.747105 0.0399475 0.663504 88.2943 
0.713934 0.0558981 0.697979 55.0056 -0.0106724 0.997561 -0.0689742 -4.44516 -0.700132 0.0417939 0.712789 88.6487 
0.760489 0.0522182 0.647248 55.2843 -0.0151447 0.997916 -0.062715 -4.47559 -0.649174 0.0378917 0.759695 89.0329 
0.80307 0.0466952 0.594052 55.5416 -0.0172796 0.99833 -0.055114 -4.49286 -0.595634 0.0339954 0.802536 89.4165 
0.839506 0.0455029 0.541441 55.7223 -0.0232745 0.998584 -0.0478343 -4.51864 -0.542851 0.0275554 0.839377 89.8563 
0.871302 0.0424167 0.488911 55.9165 -0.0256248 0.998831 -0.0409896 -4.53677 -0.490078 0.0231859 0.87137 90.2935 
0.897348 0.0419067 0.43933 56.0777 -0.0299121 0.998967 -0.0341928 -4.55616 -0.44031 0.0175414 0.897675 90.7421 
0.918143 0.0468485 0.39347 56.2321 -0.0367524 0.998774 -0.0331593 -4.5441 -0.394541 0.015984 0.918739 91.2135 
0.933257 0.053852 0.355149 56.3335 -0.0461559 0.99848 -0.0301138 -4.56455 -0.356231 0.0117116 0.934324 91.6684 
0.945609 0.0580218 0.320089 56.4415 -0.0513413 0.998252 -0.0292783 -4.59186 -0.321229 0.0112519 0.946935 92.1196 
0.955092 0.0606571 0.290033 56.5483 -0.0547652 0.998095 -0.0283962 -4.60689 -0.291203 0.0112372 0.956595 92.5742 
0.961757 0.0558283 0.268156 56.6679 -0.0503939 0.998361 -0.0271123 -4.62684 -0.26923 0.012562 0.962994 93.0503 
0.966149 0.0519845 0.252694 56.7791 -0.0470384 0.998565 -0.02558 -4.64307 -0.253661 0.0128277 0.967208 93.54 
0.969095 0.0560809 0.240227 56.8801 -0.0512166 0.998337 -0.0264501 -4.65373 -0.24131 0.013329 0.970356 94.0099 
0.970833 0.0619772 0.231609 56.9639 -0.0575544 0.998009 -0.0258116 -4.66817 -0.232748 0.0117285 0.972466 94.5025 
0.971448 0.071129 0.226339 57.045 -0.0666406 0.9974 -0.0274206 -4.68668 -0.227701 0.0115543 0.973663 95.0226 
0.971725 0.0779764 0.222869 57.1541 -0.0730056 0.996866 -0.0304695 -4.71677 -0.224546 0.0133372 0.974372 95.5453 
0.97173 0.0796161 0.222267 57.2615 -0.0741273 0.996704 -0.0329426 -4.74347 -0.224157 0.0155352 0.974429 96.0889 
0.971089 0.0784613 0.225457 57.3769 -0.0723194 0.996754 -0.0353863 -4.78129 -0.227501 0.0180582 0.97361 96.6208 
0.970293 0.0766396 0.229472 57.4995 -0.0686864 0.996734 -0.0424602 -4.80036 -0.231977 0.0254372 0.972388 97.1771 
0.968886 0.0768175 0.235283 57.6035 -0.0674374 0.996584 -0.0476704 -4.82432 -0.238141 0.0303203 0.970757 97.7617 
0.968032 0.0804142 0.237586 57.7699 -0.071039 0.996329 -0.0477766 -4.84329 -0.240555 0.0293714 0.970191 98.2974 
0.966628 0.0830475 0.24235 57.9085 -0.0744333 0.996232 -0.0445037 -4.86951 -0.245133 0.0249796 0.969168 98.8643 
0.965941 0.0803327 0.245977 58.0818 -0.0725617 0.996541 -0.0405103 -4.89135 -0.248381 0.021282 0.968429 99.426 
0.965203 0.0759401 0.250232 58.2396 -0.0695076 0.996986 -0.0344577 -4.92854 -0.252094 0.0158656 0.967573 100.047 
0.964758 0.0731408 0.252771 58.4136 -0.067224 0.997225 -0.0319779 -4.94831 -0.254408 0.0138586 0.966998 100.668 
0.964418 0.0680547 0.255474 58.5834 -0.0619545 0.99757 -0.0318601 -4.9702 -0.257022 0.0148986 0.966291 101.304 
0.964733 0.0653973 0.254976 58.7699 -0.0586633 0.997701 -0.0339353 -5.00851 -0.256609 0.0177807 0.966352 101.949 
0.965074 0.0643491 0.25395 58.9395 -0.0554985 0.99758 -0.0418717 -5.0313 -0.25603 0.0263154 0.966311 102.591 
0.965355 0.0667171 0.252267 59.1112 -0.0561151 0.997221 -0.0489991 -5.05273 -0.254835 0.0331455 0.966416 103.245 
0.966418 0.0670578 0.24807 59.2879 -0.0553535 0.997013 -0.0538676 -5.07841 -0.250941 0.038327 0.967243 103.902 
0.966852 0.0667813 0.246451 59.4377 -0.0562634 0.997189 -0.0494835 -5.11838 -0.249063 0.0339769 0.967891 104.588 
0.96766 0.0626939 0.244342 59.6121 -0.0537802 0.997627 -0.0429899 -5.15153 -0.246458 0.0284587 0.968736 105.286 
0.968275 0.0634044 0.241708 59.7829 -0.0559451 0.997725 -0.0376074 -5.18252 -0.243542 0.0228919 0.96962 106.003 
0.968291 0.0667041 0.240755 59.9247 -0.0592482 0.997516 -0.0380847 -5.21805 -0.242697 0.0226127 0.969838 106.739 
0.968609 0.0728264 0.237682 60.0825 -0.0648787 0.997046 -0.0411025 -5.28314 -0.239973 0.0243917 0.970473 107.444 
0.969719 0.0734347 0.232923 60.2563 -0.0645054 0.996869 -0.0457352 -5.32315 -0.235552 0.0293255 0.971419 108.17 
0.971048 0.0702374 0.228326 60.4192 -0.0608433 0.996996 -0.0479345 -5.36842 -0.231007 0.0326545 0.972404 108.913 
0.972012 0.0664488 0.22534 60.5666 -0.0574394 0.997274 -0.0463123 -5.41923 -0.227803 0.0320727 0.973179 109.749 
0.972854 0.0626575 0.222777 60.7148 -0.0542587 0.997573 -0.04363 -5.46601 -0.22497 0.030358 0.973892 110.523 
0.973648 0.0604646 0.219892 60.8986 -0.0526037 0.997755 -0.0414361 -5.50246 -0.221904 0.0287769 0.974644 111.32 
0.974271 0.056856 0.218088 61.0744 -0.0494876 0.998009 -0.0391059 -5.53926 -0.219877 0.0273071 0.975145 112.108 
0.974436 0.0523763 0.218476 61.2339 -0.0451508 0.998259 -0.0379385 -5.57476 -0.220083 0.0271042 0.975104 112.911 
0.97467 0.0525926 0.217374 61.3856 -0.0458609 0.998302 -0.035902 -5.6226 -0.218894 0.0250236 0.975428 113.681 
0.974464 0.0578438 0.216964 61.5679 -0.0508406 0.997994 -0.0377272 -5.66275 -0.218711 0.0257332 0.97545 114.491 
0.974021 0.0640659 0.217204 61.7273 -0.0565567 0.997573 -0.0406211 -5.70611 -0.219279 0.0272814 0.975281 115.306 
0.973249 0.0732618 0.21776 61.898 -0.065588 0.996951 -0.0422719 -5.75222 -0.220193 0.0268586 0.975086 116.132 
0.972096 0.0793435 0.220759 62.086 -0.071683 0.996521 -0.0425118 -5.79752 -0.223364 0.0255009 0.974401 117 
0.971384 0.0815035 0.223094 62.2623 -0.0740348 0.996385 -0.041654 -5.81528 -0.225682 0.0239452 0.973907 117.836 
0.970703 0.0830191 0.225484 62.4382 -0.0755037 0.99627 -0.0417672 -5.86903 -0.22811 0.0235187 0.973351 118.656 
0.970351 0.0823675 0.227232 62.6253 -0.0738844 0.996223 -0.0456043 -5.89589 -0.23013 0.0274632 0.972772 119.506 
0.970857 0.0757232 0.22738 62.8345 -0.0673692 0.996744 -0.0442908 -5.94134 -0.229994 0.0276816 0.972798 120.33 
0.971306 0.0689116 0.227633 63.0382 -0.0600843 0.997156 -0.045492 -5.99524 -0.23012 0.0305094 0.972684 121.177 
0.970949 0.0691582 0.229076 63.2233 -0.0603604 0.997153 -0.0452014 -6.04862 -0.23155 0.030061 0.972358 122.017 
0.970192 0.072593 0.23121 63.3887 -0.0645882 0.997027 -0.0420151 -6.09922 -0.233572 0.0258293 0.971996 122.846 
0.969589 0.0735596 0.23342 63.5618 -0.0666808 0.997079 -0.0372367 -6.13685 -0.235478 0.0205396 0.971663 123.679 
0.969049 0.077614 0.234349 63.7417 -0.0716593 0.996855 -0.0338325 -6.17451 -0.236238 0.0159921 0.971564 124.524 
0.969323 0.0752357 0.233993 63.946 -0.0677013 0.9969 -0.0400786 -6.22936 -0.236283 0.0230075 0.971412 125.357 
0.969677 0.0727965 0.233297 64.1345 -0.0620243 0.996656 -0.0531923 -6.29395 -0.236389 0.0371092 0.97095 126.167 
0.970137 0.0698163 0.232293 64.3222 -0.0568309 0.996448 -0.0621398 -6.34966 -0.235806 0.0470826 0.970659 126.966 
0.970623 0.0663439 0.231277 64.5132 -0.0555009 0.997046 -0.0530859 -6.39326 -0.234116 0.0386902 0.971438 127.792 
0.971065 0.0607136 0.230968 64.7037 -0.0548431 0.99799 -0.0317593 -6.45016 -0.232432 0.0181733 0.972443 128.629 
0.971388 0.0570095 0.230555 64.8917 -0.0546665 0.998368 -0.0165436 -6.49737 -0.231121 0.00346654 0.972919 129.453 
0.971273 0.0626243 0.229579 65.0704 -0.0590053 0.998002 -0.0226022 -6.53706 -0.230535 0.00840646 0.973028 130.253 
0.971356 0.0698889 0.227117 65.2322 -0.0626482 0.997275 -0.038944 -6.55964 -0.22922 0.0236 0.973088 131.091 
0.97191 0.0692158 0.224944 65.411 -0.0602266 0.997097 -0.0465895 -6.60581 -0.227516 0.0317331 0.973257 131.888 
0.972495 0.0655238 0.223518 65.5679 -0.0562756 0.997284 -0.047505 -6.64957 -0.226024 0.0336197 0.973541 132.69 
0.97285 0.0673784 0.221409 65.7421 -0.0587026 0.997236 -0.045542 -6.70139 -0.223866 0.0313082 0.974117 133.505 
0.973726 0.0670429 0.217629 65.9101 -0.0581345 0.997197 -0.0470894 -6.74686 -0.220176 0.0332004 0.974895 134.307 
0.974826 0.0682861 0.212254 66.0477 -0.0596484 0.99712 -0.0468436 -6.804 -0.214841 0.0330037 0.976091 135.039 
0.975227 0.0739007 0.208498 66.2106 -0.0656596 0.996773 -0.046184 -6.86637 -0.211238 0.0313499 0.976932 135.816 
0.975488 0.0786828 0.205505 66.3694 -0.0707352 0.996445 -0.0457504 -6.91968 -0.208374 0.0300925 0.977586 136.615 
0.975878 0.0797858 0.203213 66.522 -0.0722575 0.996406 -0.0442125 -6.96439 -0.20601 0.0284623 0.978136 137.42 
0.976253 0.0788615 0.20177 66.6887 -0.0724274 0.996607 -0.0390869 -7.01601 -0.204168 0.023545 0.978653 138.217 
0.976839 0.0771149 0.199594 66.8201 -0.0707634 0.996739 -0.0387741 -7.06755 -0.201934 0.023752 0.979111 138.971 
0.977191 0.0772071 0.197828 66.9423 -0.0705592 0.996687 -0.0404472 -7.12753 -0.200296 0.025566 0.979402 139.759 
0.978557 0.0710482 0.193337 67.088 -0.0638168 0.997018 -0.0433857 -7.17095 -0.195843 0.0301172 0.980173 140.572 
0.980195 0.0664245 0.18656 67.2353 -0.0591909 0.997273 -0.0440865 -7.20909 -0.188979 0.0321707 0.981454 141.355 
0.981365 0.0646825 0.18094 67.3416 -0.0584523 0.997506 -0.0395613 -7.22544 -0.183048 0.0282476 0.982698 142.08 
0.982591 0.0622496 0.17504 67.4627 -0.0577391 0.997858 -0.0307496 -7.2678 -0.176579 0.0201076 0.984081 142.83 
0.983204 0.0590932 0.172681 67.5852 -0.0562724 0.99819 -0.0211899 -7.3132 -0.173621 0.0111168 0.98475 143.646 
0.983241 0.0669373 0.169578 67.6801 -0.064743 0.997731 -0.0184432 -7.34783 -0.170428 0.007155 0.985344 144.416 
0.98412 0.0679534 0.163984 67.7982 -0.0654376 0.997642 -0.0207021 -7.41174 -0.165004 0.00964253 0.986246 145.198 
0.985619 0.0689886 0.154261 67.9486 -0.0649612 0.997406 -0.0310047 -7.43397 -0.155999 0.0205378 0.987544 145.98 
0.987076 0.0645565 0.146673 68.0766 -0.0599234 0.997561 -0.0357948 -7.46122 -0.148626 0.0265429 0.988537 146.791 
0.987995 0.0641756 0.140521 68.1678 -0.059947 0.997618 -0.0341267 -7.50271 -0.142377 0.0252931 0.989489 147.604 
0.988583 0.0714394 0.132664 68.2599 -0.0680106 0.997227 -0.0302062 -7.53867 -0.134454 0.0208387 0.990701 148.421 
0.989268 0.0767051 0.124359 68.3333 -0.0733066 0.996806 -0.0316849 -7.57902 -0.126393 0.0222284 0.991731 149.232 
0.990537 0.078909 0.112293 68.429 -0.0751895 0.996483 -0.0369889 -7.61005 -0.114816 0.0281956 0.992986 150.018 
0.991355 0.0777444 0.105693 68.471 -0.0738765 0.996463 -0.0400377 -7.63774 -0.108432 0.0318833 0.993592 150.813 
0.992124 0.0792952 0.0969675 68.5487 -0.0760221 0.996419 -0.0370019 -7.67637 -0.0995543 0.0293387 0.994599 151.602 
0.992611 0.0811744 0.0901893 68.5869 -0.0788219 0.996456 -0.0293533 -7.70899 -0.0922523 0.0220274 0.995492 152.422 
0.992663 0.0880506 0.0828674 68.6086 -0.086305 0.995969 -0.0244239 -7.73955 -0.0846838 0.0170928 0.996261 153.243 
0.993465 0.0861429 0.0748803 68.6594 -0.0849107 0.996198 -0.0194933 -7.78349 -0.0762747 0.0130077 0.997002 154.079 
0.993738 0.0871658 0.0699122 68.6812 -0.0861911 0.996136 -0.0168451 -7.81217 -0.0711103 0.0107137 0.997411 154.885 
0.994156 0.0858395 0.0654687 68.7263 -0.0847089 0.996208 -0.0198598 -7.82479 -0.0669251 0.0141978 0.997657 155.705 
0.993744 0.093379 0.0612646 68.7358 -0.0920326 0.995456 -0.0244501 -7.87524 -0.0632693 0.0186587 0.997822 156.515 
0.993323 0.0998015 0.0578742 68.7477 -0.0981608 0.994702 -0.0305398 -7.91338 -0.0606154 0.0246548 0.997857 157.325 
0.993487 0.099974 0.0546725 68.7653 -0.0982847 0.994619 -0.0327682 -7.93904 -0.0576542 0.0271812 0.997966 158.144 
0.993669 0.0996943 0.0517984 68.7907 -0.0983701 0.994769 -0.0275211 -7.94399 -0.0542711 0.0222514 0.998278 158.983 
0.993431 0.102745 0.0503792 68.8054 -0.10196 0.994627 -0.017933 -7.97159 -0.0519509 0.0126785 0.998569 159.815 
0.99342 0.104015 0.0479282 68.8297 -0.103673 0.994565 -0.00955974 -8.01118 -0.048662 0.00452788 0.998805 160.644 
0.993791 0.102758 0.0426543 68.8445 -0.102329 0.994677 -0.0121256 -8.04432 -0.0436732 0.00768548 0.999016 161.48 
0.995236 0.0901472 0.0371393 68.8708 -0.0893933 0.995764 -0.0214887 -8.07526 -0.0389191 0.0180662 0.999079 162.284 
0.995672 0.0882795 0.0290344 68.9034 -0.0875433 0.995828 -0.0257238 -8.09568 -0.0311841 0.0230707 0.999247 163.096 
0.995512 0.0920236 0.022086 68.8947 -0.0915035 0.995527 -0.0235123 -8.13389 -0.0241508 0.0213857 0.999479 163.93 
0.995797 0.0905323 0.0138894 68.9002 -0.0902859 0.995763 -0.0174535 -8.15036 -0.0154106 0.016126 0.999751 164.745 
0.996381 0.0847489 0.00658076 68.8977 -0.0846542 0.996318 -0.0135419 -8.17315 -0.00770411 0.0129358 0.999887 165.588 
0.997125 0.0757683 0.000699631 68.8925 -0.0757592 0.997086 -0.00888426 -8.19425 -0.00137065 0.00880564 0.99996 166.43 
0.997364 0.0723634 -0.00529511 68.8754 -0.0724052 0.997342 -0.00816154 -8.22007 0.00469053 0.00852334 0.999953 167.253 
0.99743 0.0705041 -0.0127061 68.8757 -0.0706795 0.997402 -0.0139223 -8.25122 0.0116916 0.0147846 0.999822 168.069 
0.997879 0.0621715 -0.0192826 68.8423 -0.0625994 0.997786 -0.0224377 -8.28161 0.017845 0.0235971 0.999562 168.901 
0.998293 0.0517991 -0.0269663 68.8283 -0.0524963 0.998287 -0.0258179 -8.30747 0.0255829 0.0271894 0.999303 169.736 
0.997938 0.055497 -0.0322293 68.7777 -0.0561397 0.998235 -0.019389 -8.31431 0.0310965 0.0211583 0.999292 170.567 
0.997172 0.0650072 -0.0377097 68.7255 -0.0652486 0.997855 -0.00520253 -8.34121 0.0372908 0.00764824 0.999275 171.407 
0.996756 0.068781 -0.0417849 68.6663 -0.0687199 0.997632 0.00290204 -8.36814 0.0418857 -2.12537e-05 0.999122 172.242 
0.99666 0.0679494 -0.0452912 68.6117 -0.0680093 0.997685 0.000220991 -8.37546 0.0452014 0.00285989 0.998974 173.069 
0.996388 0.0703697 -0.0475343 68.5618 -0.070928 0.99743 -0.0101588 -8.38754 0.0466973 0.0134935 0.998818 173.891 
0.995483 0.0799393 -0.0512218 68.4917 -0.0810326 0.996518 -0.0196323 -8.41081 0.0494742 0.0236942 0.998494 174.716 
0.995546 0.0767884 -0.0546914 68.4362 -0.0781673 0.996662 -0.0235312 -8.42291 0.0527021 0.0277014 0.998226 175.575 
0.995944 0.0699441 -0.0565956 68.3816 -0.0711591 0.99727 -0.0197414 -8.42272 0.0550603 0.0236886 0.998202 176.421 
0.995907 0.069322 -0.0579978 68.3347 -0.0701048 0.997472 -0.0115703 -8.43811 0.0570492 0.0155888 0.99825 177.29 
0.995812 0.0716624 -0.0567766 68.2505 -0.0720772 0.997385 -0.00528783 -8.47255 0.0562493 0.00935789 0.998373 178.148 
0.995815 0.0703206 -0.058364 68.1952 -0.0707988 0.997471 -0.00616224 -8.48622 0.0577832 0.0102685 0.998276 178.989 
0.99594 0.0663842 -0.0608037 68.1258 -0.0675178 0.997577 -0.0167786 -8.48728 0.0595426 0.0208158 0.998009 179.846 
0.996429 0.0551272 -0.063956 68.0786 -0.0569498 0.998011 -0.0270314 -8.52618 0.0623388 0.0305771 0.997586 180.689 
0.996771 0.0447701 -0.0666568 68.0335 -0.0468849 0.998434 -0.0305066 -8.54923 0.0651867 0.0335332 0.997309 181.537 
0.996587 0.0469108 -0.0679269 67.9644 -0.0487175 0.998495 -0.0251886 -8.58806 0.0666431 0.0284118 0.997372 182.398 
0.996145 0.0529148 -0.0699581 67.9063 -0.0540788 0.998426 -0.014849 -8.61329 0.0690624 0.0185749 0.997439 183.247 
0.996114 0.0531012 -0.0702626 67.8111 -0.0540089 0.998479 -0.0110806 -8.64458 0.0695674 0.0148323 0.997467 184.093 
0.996061 0.051722 -0.0720213 67.756 -0.0530202 0.998461 -0.0162286 -8.65968 0.0710712 0.0199832 0.997271 184.937 
0.996088 0.0514029 -0.071875 67.6818 -0.0530464 0.998368 -0.0211451 -8.69248 0.0706709 0.024875 0.997189 185.785 
0.995584 0.0605485 -0.071735 67.6094 -0.0621331 0.997866 -0.0200642 -8.73251 0.0703672 0.0244327 0.997222 186.599 
0.995294 0.0647121 -0.0721278 67.5317 -0.0661377 0.997656 -0.0175514 -8.75577 0.0708231 0.0222391 0.997241 187.438 
0.994966 0.0682729 -0.0733581 67.4569 -0.0695448 0.997467 -0.0149217 -8.77767 0.0721537 0.0199482 0.997194 188.268 
0.994745 0.0716893 -0.0730883 67.3825 -0.0728476 0.997254 -0.0133037 -8.794 0.071934 0.018558 0.997237 189.082 
0.994694 0.071446 -0.0740264 67.3102 -0.0726044 0.997275 -0.0130736 -8.82381 0.0728908 0.0183788 0.99717 189.903 
0.994983 0.067325 -0.0739956 67.2306 -0.0686987 0.997506 -0.0161754 -8.85842 0.0727222 0.0211776 0.997127 190.711 
