1 -4.23778e-08 4.22719e-08 0 -4.23778e-08 1 -4.19404e-08 0 4.22719e-08 -4.19404e-08 1 0 
0.999025 -0.000456084 0.0441388 0.0392866 0.000586012 0.999995 -0.00293269 -0.00372348 -0.0441372 0.00295562 0.999021 1.31745 
0.995941 -0.0130219 0.0890571 -0.00183411 0.0139098 0.999859 -0.00935725 -0.113942 -0.0889226 0.010558 0.995982 2.1112 
0.99078 -0.0186429 0.134189 0.389867 0.0213619 0.999594 -0.0188515 0.0174609 -0.133783 0.0215442 0.990776 3.76612 
0.983752 -0.0153724 0.178875 0.893041 0.0194291 0.999592 -0.0209499 0.0125526 -0.17848 0.0240848 0.983649 4.86197 
0.975145 -0.0194513 0.22071 1.13865 0.0243591 0.999512 -0.0195367 -0.0638177 -0.220222 0.0244274 0.975144 5.65547 
0.964146 -0.0213432 0.264512 1.58834 0.0272034 0.999458 -0.0185114 -0.181461 -0.263974 0.0250433 0.964205 6.49969 
0.950694 -0.0235951 0.309232 1.90111 0.0315241 0.999289 -0.0206689 -0.200926 -0.308525 0.029398 0.950762 7.51965 
0.935289 -0.0253074 0.352977 2.25992 0.0355947 0.999109 -0.0226832 -0.222721 -0.352089 0.0337794 0.935357 8.45933 
0.917552 -0.026002 0.396764 2.66422 0.0384795 0.998982 -0.0235193 -0.204764 -0.395748 0.0368474 0.917619 9.65215 
0.899112 -0.027067 0.436882 3.10194 0.0402893 0.998967 -0.0210255 -0.238268 -0.435861 0.0365059 0.899273 10.554 
0.878035 -0.0286375 0.477739 3.68118 0.0433379 0.998865 -0.019775 -0.269865 -0.47663 0.0380673 0.878279 11.5211 
0.85427 -0.0260113 0.519179 3.83229 0.0412941 0.998987 -0.0178964 -0.163983 -0.518187 0.0367273 0.854478 12.0111 
0.827649 -0.0267376 0.560609 4.15586 0.0427743 0.998964 -0.015505 -0.233978 -0.559614 0.0368123 0.827935 12.7675 
0.799622 -0.0274752 0.599874 4.54376 0.0455614 0.998849 -0.0149839 -0.262843 -0.598772 0.0393125 0.799954 13.4605 
0.771196 -0.0271511 0.636019 5.14333 0.0463704 0.998832 -0.0135867 -0.335117 -0.634907 0.0399703 0.771554 14.1734 
0.740971 -0.0318608 0.67078 5.85222 0.0518679 0.998605 -0.00986373 -0.399351 -0.66953 0.0421007 0.74159 14.9065 
0.710403 -0.0343931 0.702954 6.67151 0.0520675 0.998636 -0.00375958 -0.476519 -0.701866 0.0392719 0.711225 15.5978 
0.676104 -0.0303385 0.736182 7.39277 0.0494327 0.998768 -0.00423891 -0.462364 -0.735146 0.0392574 0.676771 16.2992 
0.640949 -0.0313478 0.766943 8.2904 0.0540889 0.998526 -0.00438987 -0.448959 -0.765675 0.0442968 0.6417 16.9395 
0.603262 -0.0286347 0.797029 9.53369 0.0586616 0.998241 -0.00853682 -0.282096 -0.795383 0.0519049 0.603881 17.668 
0.565759 -0.0285404 0.824077 10.2483 0.0618092 0.998057 -0.00786846 -0.391442 -0.822251 0.0553871 0.566423 18.1571 
0.524649 -0.0269093 0.850893 10.9721 0.0673766 0.997677 -0.0099922 -0.402463 -0.848648 0.0625727 0.525243 18.7691 
0.48809 -0.0266157 0.872388 11.9093 0.0699906 0.997509 -0.00872587 -0.406737 -0.869983 0.0653179 0.488737 19.216 
0.450297 -0.0265531 0.892484 12.8259 0.0739591 0.997232 -0.00764604 -0.392151 -0.889811 0.0694503 0.451014 19.6519 
0.415995 -0.028699 0.908914 13.4776 0.0778817 0.996954 -0.00416647 -0.485572 -0.906026 0.072521 0.416963 19.89 
0.378959 -0.0275587 0.925003 14.3232 0.0791842 0.996856 -0.00274128 -0.593058 -0.922019 0.0742845 0.37995 20.4195 
0.34767 -0.0274269 0.937215 15.3648 0.0816487 0.99666 -0.00112204 -0.57078 -0.934055 0.0769125 0.348749 20.7275 
0.315053 -0.0295173 0.948615 16.2485 0.0833274 0.996517 0.0033331 -0.606951 -0.945409 0.0779955 0.316415 21.031 
0.281775 -0.0297139 0.95902 17.2647 0.082879 0.996538 0.00652512 -0.616635 -0.955894 0.077644 0.283262 21.3409 
0.250398 -0.0272177 0.96776 18.2458 0.0791168 0.996837 0.0075647 -0.629193 -0.964905 0.0746719 0.25176 21.5995 
0.219215 -0.0258604 0.975334 19.1051 0.0785547 0.996871 0.00877541 -0.634168 -0.972509 0.0746933 0.220561 21.8817 
0.19018 -0.0253944 0.981421 20.338 0.0817061 0.996607 0.00995425 -0.62206 -0.978343 0.078295 0.191609 21.9968 
0.158533 -0.0263336 0.987002 21.1861 0.0847029 0.996322 0.0129771 -0.683333 -0.983714 0.0815446 0.160181 22.2717 
0.13076 -0.028032 0.991018 22.1578 0.0843138 0.996293 0.0170564 -0.726978 -0.987822 0.0813262 0.132638 22.3224 
0.102036 -0.027842 0.994391 23.343 0.0844473 0.996242 0.0192285 -0.672211 -0.99119 0.0820116 0.104004 22.41 
0.0744949 -0.0280666 0.996826 23.9333 0.0861393 0.996049 0.0216072 -0.670608 -0.993494 0.0842563 0.0766182 22.2948 
0.0494653 -0.0276055 0.998394 25.0774 0.0914147 0.995547 0.0229976 -0.643621 -0.994584 0.0901303 0.0517685 22.3472 
0.0249688 -0.0283014 0.999287 26.1041 0.0951906 0.995124 0.0258049 -0.671913 -0.995146 0.0944784 0.0275411 22.4265 
0.0059256 -0.0276228 0.999601 27.1179 0.0994781 0.994676 0.0268969 -0.648968 -0.995022 0.099279 0.00864191 22.419 
-0.0156267 -0.0287789 0.999464 28.4497 0.104217 0.994094 0.0302537 -0.667302 -0.994432 0.104634 -0.0125351 22.5865 
-0.0317458 -0.0306507 0.999026 29.6518 0.107409 0.993637 0.0338984 -0.647339 -0.993708 0.10838 -0.0282517 22.5756 
-0.0468833 -0.0320844 0.998385 30.8798 0.109271 0.993321 0.0370528 -0.624944 -0.992906 0.110832 -0.0430643 22.5432 
-0.0630438 -0.0321939 0.997491 32.1103 0.108546 0.993329 0.0389199 -0.552825 -0.99209 0.110727 -0.0591287 22.4884 
-0.0799626 -0.0332532 0.996243 33.1128 0.10925 0.99313 0.041918 -0.551145 -0.990793 0.112191 -0.0757803 22.4737 
-0.092251 -0.0307878 0.99526 34.5843 0.109753 0.993117 0.0408944 -0.500641 -0.989669 0.113005 -0.088237 22.4337 
-0.100995 -0.0277524 0.9945 35.815 0.108978 0.993287 0.0387856 -0.480906 -0.9889 0.112296 -0.0972929 22.2974 
-0.1115 -0.0267161 0.993405 37.0184 0.108936 0.993286 0.0389399 -0.479982 -0.987776 0.11256 -0.107841 22.276 
-0.122538 -0.024395 0.992164 38.3251 0.10826 0.993404 0.0377962 -0.384005 -0.986541 0.112043 -0.119089 22.3006 
-0.129719 -0.0232832 0.991277 39.5985 0.108082 0.993435 0.0374775 -0.376847 -0.985642 0.112 -0.126351 22.1457 
-0.136475 -0.0223193 0.990392 40.8825 0.105365 0.993748 0.036914 -0.379737 -0.985024 0.10939 -0.13327 21.9885 
-0.142999 -0.0186224 0.989548 42.4952 0.105766 0.99381 0.0339867 -0.265884 -0.984055 0.109521 -0.140144 21.8794 
-0.150116 -0.0190098 0.988485 44.096 0.102356 0.994144 0.0346627 -0.36315 -0.983356 0.106381 -0.147291 21.815 
-0.156125 -0.020908 0.987516 45.812 0.101534 0.99414 0.0371005 -0.348174 -0.982505 0.106058 -0.153087 21.7001 
-0.157282 -0.0225394 0.987296 47.1929 0.103129 0.993898 0.0391192 -0.313165 -0.982154 0.107972 -0.153998 21.4329 
-0.159101 -0.0217488 0.987023 48.7748 0.115084 0.992533 0.040421 -0.199856 -0.980532 0.120022 -0.15541 21.151 
-0.163204 -0.0213467 0.986361 50.1834 0.11514 0.992522 0.040531 -0.214879 -0.979851 0.120184 -0.159526 21.0078 
-0.166495 -0.0226512 0.985782 51.4988 0.111071 0.992942 0.0415752 -0.196417 -0.979767 0.116414 -0.162804 20.8863 
-0.169435 -0.0223033 0.985289 52.592 0.113523 0.992647 0.0419918 -0.187855 -0.978981 0.118968 -0.165657 20.8188 
-0.171668 -0.0215486 0.984919 53.9095 0.113841 0.992629 0.0415593 -0.136191 -0.978555 0.119258 -0.167949 20.7007 
-0.172524 -0.0211751 0.984778 55.3412 0.113765 0.99265 0.0412748 -0.119958 -0.978413 0.119154 -0.168847 20.5026 
-0.171185 -0.0227505 0.984976 56.6612 0.111113 0.992909 0.0422447 -0.143754 -0.978953 0.116675 -0.167443 20.2879 
-0.167599 -0.0240268 0.985562 58.3193 0.11359 0.992574 0.0435141 -0.108468 -0.979289 0.119243 -0.163626 19.9323 
-0.168085 -0.0256973 0.985437 59.6956 0.114847 0.992342 0.0454665 -0.258059 -0.97906 0.120817 -0.163846 19.7865 
-0.16793 -0.0285987 0.985384 61.111 0.10785 0.993046 0.0472009 -0.255241 -0.979881 0.1142 -0.163678 19.5824 
-0.168936 -0.027622 0.98524 62.7552 0.108294 0.993035 0.0464094 -0.180414 -0.979659 0.114536 -0.164768 19.3774 
-0.168285 -0.0287873 0.985318 64.134 0.107823 0.993038 0.0474282 -0.168702 -0.979824 0.114222 -0.164009 19.205 
-0.168774 -0.0302758 0.98519 65.367 0.110401 0.992658 0.0494182 -0.131469 -0.979452 0.117106 -0.164193 19.124 
-0.169008 -0.031855 0.9851 66.9752 0.108501 0.992802 0.0507188 -0.0605358 -0.979624 0.115456 -0.164335 18.9505 
-0.169959 -0.0316067 0.984944 68.6569 0.110584 0.992561 0.0509331 -0.00790994 -0.979227 0.117576 -0.1652 18.703 
-0.16958 -0.0306142 0.985041 69.8407 0.110193 0.992661 0.0498213 -0.0118802 -0.979336 0.116993 -0.164962 18.5213 
-0.171037 -0.0318588 0.984749 70.934 0.107607 0.992894 0.0508119 -0.023384 -0.979371 0.114656 -0.166393 18.4216 
-0.170941 -0.0330583 0.984726 72.18 0.108484 0.992729 0.0521589 -0.0116404 -0.979291 0.115743 -0.166112 18.2778 
-0.171438 -0.0383009 0.98445 73.3891 0.109537 0.992308 0.0576821 -0.0706485 -0.979086 0.117723 -0.165924 18.1524 
-0.170998 -0.0379958 0.984538 75.028 0.112584 0.991957 0.057836 -0.0251288 -0.978818 0.120733 -0.165345 17.9256 
-0.172722 -0.0381636 0.984231 76.8128 0.113094 0.991872 0.0583065 0.0510346 -0.978456 0.121381 -0.167002 17.628 
-0.175145 -0.0379453 0.983811 78.5071 0.115479 0.991568 0.0588029 0.0866738 -0.977747 0.123909 -0.169287 17.5416 
-0.176139 -0.0382181 0.983623 79.9766 0.120268 0.990924 0.0600383 0.0533058 -0.97699 0.128874 -0.169944 17.3795 
-0.175521 -0.0374044 0.983765 81.8269 0.11438 0.991736 0.0581147 0.189189 -0.977809 0.122723 -0.169792 17.0567 
-0.171342 -0.0360638 0.984551 83.7749 0.102314 0.993275 0.0541891 0.358748 -0.979884 0.110018 -0.1665 16.6959 
-0.173948 -0.0355121 0.984114 85.505 0.0998057 0.993568 0.0534944 0.439778 -0.979684 0.107526 -0.169285 16.4474 
-0.174514 -0.0375328 0.983939 87.0009 0.0982141 0.993626 0.0553218 0.458432 -0.979744 0.106291 -0.169715 16.1652 
-0.175996 -0.0400092 0.983577 88.7057 0.0950544 0.993814 0.057434 0.498402 -0.979791 0.103602 -0.171104 15.9215 
-0.178743 -0.0405956 0.983058 90.3141 0.0971075 0.993542 0.0586849 0.510379 -0.979092 0.105952 -0.173646 15.6419 
-0.182794 -0.0401413 0.982331 92.094 0.0945572 0.993816 0.0582059 0.592449 -0.978593 0.103526 -0.177868 15.4132 
-0.18618 -0.0411579 0.981653 94.0716 0.0980855 0.993352 0.0602512 0.627582 -0.977607 0.107504 -0.180905 15.075 
-0.190783 -0.0432942 0.980677 95.9132 0.0900255 0.994045 0.061398 0.741069 -0.977495 0.0999996 -0.185749 14.7842 
-0.198104 -0.0455367 0.979123 97.8029 0.0861691 0.994244 0.0636743 0.818077 -0.976386 0.0969843 -0.19304 14.4791 
-0.202893 -0.0451489 0.978159 99.7366 0.0862011 0.994235 0.0637709 0.883288 -0.975399 0.0972571 -0.197831 14.0955 
-0.204547 -0.0428211 0.97792 101.7 0.0877762 0.994215 0.0618943 1.03799 -0.974913 0.0984983 -0.199605 13.5934 
-0.209456 -0.0401513 0.976993 103.513 0.0866829 0.99446 0.0594529 1.17271 -0.973968 0.0971414 -0.204816 13.2464 
-0.213768 -0.042149 0.975975 105.193 0.0863763 0.99434 0.0618612 1.19015 -0.973058 0.0975251 -0.208918 12.9237 
-0.218806 -0.0419744 0.974865 106.964 0.0827335 0.994679 0.0613967 1.30434 -0.972255 0.094088 -0.214169 12.5799 
-0.225097 -0.04387 0.973348 108.76 0.0824569 0.994544 0.0638943 1.37021 -0.970841 0.0946416 -0.220251 12.271 
-0.227678 -0.0450044 0.972696 110.883 0.0834809 0.994351 0.0655466 1.4714 -0.970151 0.0961251 -0.222635 11.714 
-0.233329 -0.0467481 0.971273 112.753 0.0863132 0.993905 0.0685723 1.53101 -0.968559 0.0998337 -0.227872 11.3165 
-0.239837 -0.0450027 0.96977 114.671 0.089097 0.993689 0.0681475 1.62953 -0.966716 0.102748 -0.234313 10.8957 
-0.242447 -0.0435268 0.969188 116.642 0.0895489 0.993724 0.0670297 1.74748 -0.966023 0.103041 -0.237027 10.3992 
-0.246607 -0.0434005 0.968143 118.611 0.0952435 0.993075 0.0687786 1.85183 -0.964424 0.109171 -0.240765 9.88719 
-0.249977 -0.043874 0.967257 120.42 0.0970958 0.992801 0.070126 1.91535 -0.963371 0.111447 -0.243918 9.42877 
-0.255809 -0.0414662 0.965838 122.242 0.0945108 0.993221 0.0676736 2.04979 -0.962096 0.108594 -0.250156 8.98731 
-0.259144 -0.0419745 0.964926 124.36 0.0932841 0.993297 0.0682613 2.19923 -0.961323 0.107702 -0.253491 8.42408 
-0.26849 -0.0503903 0.961963 126.459 0.0942624 0.992464 0.0782971 2.13416 -0.958659 0.111699 -0.261717 7.95982 
-0.271212 -0.0505676 0.96119 128.447 0.0992052 0.991832 0.0801716 2.25027 -0.957393 0.117099 -0.26398 7.42038 
-0.271984 -0.0494746 0.961029 130.338 0.0998188 0.99184 0.0793107 2.41796 -0.957111 0.1175 -0.264826 6.82378 
-0.273576 -0.0474596 0.960679 132.562 0.102955 0.991599 0.0783059 2.58618 -0.956324 0.120329 -0.266391 6.26416 
-0.277045 -0.0485724 0.959628 134.376 0.0991286 0.991947 0.0788267 2.70191 -0.95573 0.116965 -0.269999 5.80957 
-0.281968 -0.0467571 0.958284 136.286 0.0987709 0.99209 0.0774692 2.84095 -0.954326 0.116494 -0.275119 5.26522 
-0.285625 -0.0460424 0.957235 138.364 0.0970879 0.992316 0.0766994 2.99583 -0.953411 0.114843 -0.27896 4.67747 
-0.290486 -0.0436251 0.955884 140.413 0.104017 0.991601 0.0768651 3.12649 -0.951209 0.121757 -0.283508 4.04486 
-0.300647 -0.0468207 0.952585 142 0.100965 0.991619 0.080605 3.02328 -0.948376 0.120412 -0.2934 3.9415 
-0.303995 -0.0460896 0.951558 144.106 0.103525 0.991316 0.0810885 3.15552 -0.947032 0.123161 -0.296584 3.27632 
-0.309139 -0.048502 0.949779 146.096 0.0997268 0.991539 0.0830941 3.2115 -0.945773 0.120406 -0.301687 2.72176 
-0.312737 -0.0496056 0.948544 148.142 0.0985118 0.991556 0.0843345 3.35509 -0.944718 0.119817 -0.305209 2.02782 
-0.316623 -0.0503945 0.947212 149.956 0.0991931 0.991353 0.0859001 3.46491 -0.943351 0.121155 -0.308887 1.42157 
-0.319105 -0.0493349 0.946434 152.03 0.100752 0.991219 0.0856395 3.63345 -0.942348 0.122683 -0.311333 0.71149 
-0.321616 -0.0492632 0.945588 153.987 0.102089 0.99102 0.0863529 3.78167 -0.94135 0.124307 -0.313699 0.0533293 
-0.324555 -0.049286 0.944582 155.94 0.0997145 0.991294 0.0859849 3.90089 -0.940596 0.122095 -0.316815 -0.54664 
-0.327933 -0.0468213 0.94354 158.011 0.104079 0.9909 0.0853448 4.05728 -0.93895 0.12619 -0.320076 -1.25117 
-0.33093 -0.0450791 0.942578 160.127 0.104887 0.990912 0.0842153 4.21963 -0.937808 0.126733 -0.323194 -1.93903 
-0.335069 -0.0464039 0.94105 162.027 0.101814 0.991154 0.0851265 4.31468 -0.936676 0.124336 -0.327381 -2.55644 
-0.338164 -0.0457089 0.939976 163.732 0.104276 0.990849 0.0856967 4.42166 -0.935292 0.126996 -0.330303 -3.14744 
-0.342516 -0.0454443 0.938412 165.813 0.101103 0.991246 0.084905 4.53122 -0.934056 0.123958 -0.334923 -3.78178 
-0.346067 -0.0460334 0.93708 167.799 0.10236 0.990981 0.0864832 4.65401 -0.932609 0.125849 -0.338234 -4.47893 
-0.350453 -0.0474798 0.935376 169.706 0.100831 0.990997 0.0880809 4.77306 -0.931137 0.125183 -0.342511 -5.10316 
-0.351936 -0.0463393 0.934876 171.834 0.102855 0.990811 0.0878318 4.97607 -0.930356 0.127068 -0.343936 -5.87237 
-0.354834 -0.0467762 0.933759 173.725 0.101425 0.990927 0.0881821 5.07285 -0.929412 0.125997 -0.34687 -6.5585 
-0.35876 -0.0440135 0.932391 175.734 0.101168 0.99117 0.0857147 5.25168 -0.927931 0.125079 -0.35114 -7.25826 
-0.362663 -0.0422003 0.930964 177.621 0.0989888 0.991578 0.0835096 5.40375 -0.926648 0.122441 -0.355432 -7.92076 
-0.370734 -0.0424237 0.92777 179.349 0.097048 0.991718 0.0841279 5.46097 -0.923655 0.121227 -0.363546 -8.15134 
-0.372778 -0.0404326 0.927039 181.053 0.0942564 0.992233 0.081178 5.6498 -0.923121 0.117641 -0.366071 -8.80942 
-0.374128 -0.0394931 0.926536 182.85 0.0924034 0.992533 0.0796179 5.77622 -0.922762 0.115402 -0.367685 -9.57551 
-0.375479 -0.0385569 0.926029 184.646 0.0905522 0.992828 0.0780545 5.89947 -0.922397 0.113162 -0.369294 -10.3447 
-0.381336 -0.0397932 0.923579 186.679 0.087273 0.993061 0.0788209 6.03701 -0.920308 0.110661 -0.375217 -11.0049 
-0.388026 -0.0390524 0.920821 189.081 0.0865976 0.993137 0.0786107 6.25017 -0.917571 0.110244 -0.381981 -11.7935 
-0.394695 -0.0383146 0.918013 191.477 0.0859236 0.993213 0.0783955 6.46292 -0.914786 0.109821 -0.388724 -12.5996 
-0.398362 -0.0408322 0.916319 193.181 0.0821729 0.993403 0.079991 6.55372 -0.91354 0.107162 -0.392378 -13.3027 
-0.401565 -0.0407497 0.914924 195.481 0.0798659 0.993645 0.0793094 6.77651 -0.912342 0.104919 -0.395758 -14.2384 
-0.403925 -0.041646 0.913844 197.479 0.0770518 0.993864 0.0793501 6.87387 -0.911541 0.102465 -0.398238 -15.0576 
-0.407562 -0.043033 0.912163 199.122 0.0790779 0.993473 0.0822015 6.94168 -0.909747 0.105634 -0.401499 -15.7633 
-0.412359 -0.0436847 0.909973 200.825 0.0833542 0.992851 0.0854357 7.01724 -0.9072 0.11108 -0.40577 -16.4171 
-0.415353 -0.0424982 0.908667 202.769 0.0845072 0.992785 0.0850607 7.1843 -0.905726 0.112119 -0.408765 -17.2306 
-0.418408 -0.0417715 0.907298 204.863 0.0837161 0.992916 0.0843195 7.35463 -0.904393 0.111235 -0.411947 -18.1434 
-0.421194 -0.0415448 0.906019 206.941 0.0814625 0.99318 0.0834121 7.53046 -0.903305 0.108939 -0.414937 -19.081 
-0.422109 -0.038478 0.905728 208.753 0.0835477 0.993196 0.0811307 7.71623 -0.902687 0.109918 -0.416022 -20.0096 
-0.425314 -0.0383101 0.904235 210.074 0.0841556 0.993101 0.0816583 7.7172 -0.901125 0.110827 -0.419155 -20.6123 
-0.429647 -0.0394288 0.902135 211.678 0.0800909 0.993445 0.0815634 7.77428 -0.899438 0.107296 -0.423673 -21.1553 
-0.440844 -0.0420345 0.896599 213.114 0.0794247 0.993158 0.0856132 7.67823 -0.894063 0.108954 -0.434489 -21.56 
-0.443936 -0.0416531 0.89509 214.746 0.0812491 0.992933 0.0865031 7.81388 -0.892367 0.111127 -0.437414 -22.2942 
-0.447781 -0.0427521 0.893121 216.142 0.0826864 0.992596 0.0889699 7.88608 -0.890312 0.113688 -0.44093 -22.8233 
-0.451849 -0.0425752 0.891078 218.095 0.0811528 0.992757 0.0885843 8.07325 -0.888396 0.11234 -0.445121 -23.6145 
-0.453247 -0.0419154 0.890399 220.066 0.0812254 0.992796 0.0880825 8.25841 -0.887676 0.112246 -0.446577 -24.6098 
-0.458923 -0.044485 0.887362 221.938 0.0770853 0.992986 0.0896468 8.34263 -0.885126 0.109544 -0.452275 -25.3751 
-0.463021 -0.0458526 0.88516 223.839 0.0745573 0.993107 0.0904446 8.47415 -0.883206 0.107873 -0.45641 -26.2818 
-0.466394 -0.0455094 0.883406 225.847 0.073146 0.993271 0.0897865 8.63513 -0.881548 0.106493 -0.459927 -27.2825 
-0.470849 -0.0454908 0.88104 227.93 0.0718602 0.993373 0.0896947 8.82647 -0.879282 0.105544 -0.46446 -28.2763 
-0.476477 -0.0460822 0.877978 229.526 0.0721762 0.993204 0.0912998 8.84354 -0.876219 0.106871 -0.469913 -28.9042 
-0.480747 -0.0468717 0.875606 231.61 0.0713455 0.993168 0.0923368 9.02827 -0.873952 0.106861 -0.474118 -29.9756 
-0.48566 -0.0471616 0.872874 233.996 0.071716 0.993028 0.0935556 9.16972 -0.871201 0.108035 -0.478892 -31.0917 
-0.488965 -0.0463483 0.871071 235.961 0.0720268 0.993032 0.0932689 9.35938 -0.869325 0.108346 -0.48222 -32.1791 
-0.498142 -0.0460046 0.865874 237.876 0.0736405 0.992739 0.0951108 9.53307 -0.863963 0.111142 -0.491137 -32.7197 
-0.502418 -0.0453415 0.863435 239.631 0.0720776 0.992952 0.0940834 9.66471 -0.861615 0.109504 -0.495608 -33.5175 
-0.507175 -0.0460838 0.86061 241.657 0.0711911 0.992917 0.0951228 9.79122 -0.858898 0.109512 -0.500301 -34.5733 
-0.511423 -0.0457291 0.858112 243.67 0.0707501 0.992952 0.0950808 10.0322 -0.856412 0.109338 -0.504583 -35.7018 
-0.516955 -0.0457642 0.854788 245.323 0.070291 0.992928 0.0956703 10.1397 -0.853122 0.109541 -0.510082 -36.5078 
-0.527071 -0.0438431 0.848689 246.973 0.0730504 0.992634 0.0966465 10.183 -0.846676 0.112937 -0.519986 -37.0204 
-0.536775 -0.0445385 0.842549 248.58 0.0685341 0.993004 0.0961539 10.2757 -0.840937 0.109356 -0.529968 -37.425 
-0.539527 -0.0408479 0.840977 250.319 0.0727769 0.992822 0.0949131 10.4796 -0.838817 0.112412 -0.532681 -38.4145 
-0.54293 -0.0385169 0.838894 252.239 0.0756931 0.992637 0.0945642 10.64 -0.836359 0.11484 -0.536017 -39.532 
-0.54582 -0.0397457 0.836959 253.98 0.0751446 0.992527 0.0961386 10.7809 -0.834526 0.115367 -0.538755 -40.5966 
-0.550131 -0.0392679 0.834154 256.069 0.0736009 0.992726 0.0952729 11.033 -0.831828 0.113807 -0.54324 -41.9141 
-0.553941 -0.0419255 0.8315 258.026 0.0668682 0.993264 0.0946291 11.197 -0.829866 0.10802 -0.547406 -43.1276 
-0.556394 -0.0400792 0.829951 259.993 0.067722 0.993326 0.093369 11.4468 -0.828154 0.108156 -0.549966 -44.3963 
-0.558767 -0.0406752 0.828327 262.05 0.0655857 0.993501 0.0930283 11.6543 -0.826727 0.106308 -0.552468 -45.7215 
-0.559875 -0.0412704 0.827548 263.822 0.0637274 0.993655 0.0926688 11.8546 -0.826123 0.10462 -0.553693 -47.0588 
-0.564027 -0.0412583 0.824725 265.709 0.0610965 0.993928 0.0915067 12.1079 -0.823493 0.102 -0.558082 -48.28 
-0.566022 -0.038544 0.823488 267.481 0.0662633 0.993547 0.0920496 12.3008 -0.821723 0.106669 -0.559816 -49.3564 
-0.566317 -0.037177 0.823348 268.761 0.0731179 0.992777 0.0951193 12.4364 -0.820938 0.114069 -0.559508 -50.4427 
-0.56531 -0.0313828 0.824281 269.908 0.0897762 0.990999 0.0993007 12.6242 -0.819979 0.130137 -0.557404 -51.5641 
-0.562494 -0.0346929 0.826073 270.548 0.0849257 0.99141 0.0994645 12.863 -0.822428 0.126103 -0.554716 -52.6974 
-0.552646 -0.0399951 0.832456 271.164 0.0819973 0.991392 0.102067 13.1075 -0.829373 0.124666 -0.544609 -54.2908 
-0.542702 -0.0452792 0.838704 271.797 0.0790998 0.991353 0.104703 13.3528 -0.836193 0.123164 -0.534427 -55.8768 
-0.540242 -0.0457746 0.840264 272.704 0.0773856 0.991586 0.103773 13.6065 -0.837944 0.121087 -0.532154 -57.0829 
-0.538867 -0.0448102 0.841198 273.62 0.0754821 0.991999 0.101197 13.9117 -0.839002 0.118027 -0.531173 -58.2671 
-0.539768 -0.0488199 0.840397 274.261 0.069043 0.992386 0.101994 14.0497 -0.838978 0.113077 -0.532287 -58.9799 
-0.538366 -0.0561151 0.840841 274.92 0.0563731 0.993147 0.102374 14.2039 -0.840824 0.102515 -0.531513 -59.8365 
-0.540621 -0.057614 0.839291 275.416 0.0566287 0.992897 0.104635 14.2494 -0.839358 0.104096 -0.533518 -60.2976 
-0.539352 -0.0572494 0.840132 275.991 0.0610188 0.992406 0.106799 14.264 -0.839866 0.108866 -0.531764 -60.9715 
-0.538401 -0.0589124 0.840627 276.802 0.0603935 0.992291 0.108222 14.3967 -0.840522 0.109035 -0.530693 -61.8972 
-0.54162 -0.0728695 0.837459 277.329 0.0404332 0.992824 0.112538 14.46 -0.83965 0.094814 -0.534787 -62.0192 
-0.541497 -0.0678325 0.837961 277.999 0.0515348 0.992187 0.113619 14.4537 -0.839121 0.104709 -0.533771 -62.6173 
-0.543908 -0.0668966 0.836474 278.704 0.0600462 0.991159 0.118312 14.4358 -0.836994 0.114578 -0.535083 -63.1358 
-0.541901 -0.0657785 0.837864 279.505 0.068673 0.990133 0.122148 14.4711 -0.837632 0.123731 -0.532037 -63.8164 
-0.540485 -0.0720649 0.838262 280.176 0.0695244 0.989092 0.129859 14.4367 -0.838476 0.128466 -0.529579 -64.21 
-0.539072 -0.0783552 0.838607 280.847 0.0703885 0.987989 0.13756 14.4082 -0.839313 0.133183 -0.527082 -64.6023 
-0.546032 -0.0793199 0.834001 281.937 0.0677454 0.988067 0.138327 14.5703 -0.835021 0.132031 -0.534143 -65.2751 
-0.550086 -0.0800958 0.831258 283.079 0.0687982 0.98766 0.140693 14.7622 -0.832269 0.134582 -0.537788 -66.0918 
-0.555675 -0.0817984 0.827366 284.312 0.0718186 0.986706 0.145786 14.9311 -0.828292 0.14043 -0.542413 -67.0458 
-0.559258 -0.0829326 0.824835 285.279 0.0711255 0.986514 0.147413 15.0877 -0.825937 0.141109 -0.545817 -67.706 
-0.561007 -0.0734019 0.82455 286.398 0.0887194 0.984993 0.148047 15.2593 -0.823043 0.156209 -0.546076 -68.6464 
-0.565336 -0.075791 0.821371 287.367 0.0876365 0.984615 0.151173 15.4102 -0.820192 0.157446 -0.549997 -69.3057 
-0.567447 -0.0739199 0.820085 288.319 0.0906396 0.984302 0.151439 15.5504 -0.818406 0.160266 -0.551839 -69.9811 
-0.570505 -0.073517 0.817997 289.203 0.0877061 0.984836 0.149681 15.678 -0.816597 0.157137 -0.555407 -70.5394 
-0.576072 -0.0731321 0.814121 290.109 0.0911512 0.98403 0.152894 15.7487 -0.812301 0.162286 -0.560206 -71.1103 
-0.582658 -0.0746006 0.809286 290.943 0.0955381 0.982587 0.15936 15.7647 -0.807083 0.17017 -0.565385 -71.5299 
-0.589215 -0.0760033 0.804394 291.773 0.0998674 0.981081 0.16585 15.7861 -0.801781 0.178054 -0.570477 -71.9559 
-0.595742 -0.0773401 0.799443 292.6 0.104139 0.979513 0.172364 15.8131 -0.796396 0.185938 -0.575483 -72.3882 
-0.602239 -0.0786109 0.794436 293.423 0.108351 0.977883 0.178901 15.8456 -0.790928 0.193819 -0.580402 -72.8267 
-0.608705 -0.0798154 0.789371 294.243 0.112504 0.97619 0.18546 15.8837 -0.785379 0.201699 -0.585232 -73.2714 
-0.615139 -0.0809536 0.784251 295.059 0.116598 0.974436 0.192041 15.9275 -0.779749 0.209574 -0.589974 -73.7221 
-0.62154 -0.0820253 0.779076 295.872 0.120632 0.97262 0.198641 15.9769 -0.774039 0.217445 -0.594627 -74.1789 
-0.627907 -0.0830303 0.773847 296.68 0.124605 0.970743 0.205262 16.032 -0.768249 0.22531 -0.59919 -74.6416 
-0.63424 -0.0839686 0.768563 297.485 0.128516 0.968804 0.211901 16.0928 -0.76238 0.233169 -0.603663 -75.1101 
-0.640537 -0.08484 0.763226 298.286 0.132366 0.966805 0.218558 16.1594 -0.756433 0.24102 -0.608045 -75.5845 
-0.646799 -0.0856444 0.757836 299.084 0.136154 0.964745 0.225232 16.2318 -0.750409 0.248862 -0.612335 -76.0646 
-0.639951 -0.110225 0.760469 299.991 0.108264 0.966853 0.231246 16.2629 -0.760751 0.230318 -0.606804 -76.9744 
-0.627138 -0.133426 0.767395 300.481 0.082676 0.96825 0.235914 16.2109 -0.774508 0.211396 -0.596196 -77.7505 
-0.613567 -0.156281 0.774023 300.987 0.0571162 0.968868 0.240898 16.1555 -0.787574 0.192016 -0.58554 -78.5161 
-0.599253 -0.178765 0.780346 301.509 0.0316119 0.968706 0.246191 16.0971 -0.799936 0.172199 -0.574848 -79.271 
-0.584209 -0.200855 0.786357 302.046 0.00618961 0.967762 0.251789 16.0362 -0.81158 0.151964 -0.564132 -80.0147 
-0.568452 -0.222528 0.79205 302.598 -0.019124 0.96604 0.257685 15.9734 -0.822494 0.131334 -0.553403 -80.7469 
-0.572707 -0.226644 0.787806 303.813 -0.023702 0.965197 0.260446 16.1619 -0.819417 0.130487 -0.558148 -81.3962 
-0.578562 -0.225544 0.783834 304.972 -0.0226332 0.965076 0.260989 16.371 -0.815324 0.133258 -0.563462 -81.971 
-0.584388 -0.224425 0.779823 306.127 -0.0215684 0.964952 0.261539 16.5806 -0.811188 0.136021 -0.568747 -82.5538 
-0.590183 -0.223285 0.775775 307.278 -0.0205076 0.964824 0.262096 16.7907 -0.807009 0.138776 -0.574002 -83.1446 
-0.598789 -0.219175 0.770333 308.041 -0.0163634 0.964974 0.261834 16.8279 -0.800739 0.144178 -0.581403 -82.9407 
-0.606482 -0.214517 0.765612 308.929 -0.0126281 0.965394 0.26049 16.965 -0.794997 0.148314 -0.588203 -82.872 
-0.614106 -0.209818 0.760822 309.818 -0.00887937 0.965789 0.259177 17.0989 -0.789174 0.152406 -0.59496 -82.8116 
-0.621661 -0.205079 0.755963 310.708 -0.0051175 0.96616 0.257893 17.2297 -0.78327 0.156454 -0.601673 -82.7593 
-0.629147 -0.2003 0.751035 311.6 -0.00134292 0.966506 0.256641 17.3573 -0.777285 0.160456 -0.608343 -82.7154 
-0.633024 -0.200748 0.74765 312.603 0.0011555 0.965545 0.260232 17.4753 -0.774131 0.165597 -0.610982 -83.4504 
-0.636134 -0.20254 0.74452 313.281 0.000320273 0.964862 0.262755 17.3577 -0.771578 0.167386 -0.613717 -83.8575 
-0.639232 -0.204323 0.741373 313.957 -0.000525462 0.964173 0.265273 17.2422 -0.769013 0.169182 -0.616438 -84.2675 
-0.642318 -0.206097 0.738209 314.631 -0.00138169 0.963477 0.267786 17.1289 -0.766437 0.170984 -0.619143 -84.6803 
-0.64539 -0.207862 0.735027 315.305 -0.00224838 0.962775 0.270294 17.0177 -0.76385 0.172792 -0.621833 -85.0959 
-0.650768 -0.208721 0.730025 315.32 -0.00794167 0.963293 0.268335 17.0304 -0.759235 0.168826 -0.628538 -85.1527 
-0.654867 -0.210617 0.725803 315.357 -0.0155141 0.963926 0.265719 17.1102 -0.755585 0.162751 -0.63451 -85.359 
-0.660784 -0.211439 0.720179 315.358 -0.0205525 0.964239 0.264236 17.1229 -0.750295 0.159802 -0.641499 -85.3598 
-0.666082 -0.210812 0.715467 315.504 -0.0225591 0.964482 0.263182 17.2184 -0.745537 0.159161 -0.647181 -85.5772 
-0.672762 -0.210871 0.709172 315.601 -0.0253969 0.96454 0.262712 17.2089 -0.739423 0.158732 -0.654261 -85.558 
-0.679381 -0.210935 0.702814 315.698 -0.0282301 0.964596 0.262215 17.1997 -0.733242 0.158303 -0.661284 -85.5398 
-0.68594 -0.211003 0.696393 315.796 -0.0310584 0.964652 0.261691 17.1906 -0.726995 0.157875 -0.668247 -85.5224 
-0.692438 -0.211074 0.689911 315.894 -0.0338817 0.964706 0.26114 17.1817 -0.720681 0.157448 -0.675151 -85.5058 
-0.698874 -0.21115 0.683367 315.992 -0.0366997 0.964759 0.260563 17.173 -0.714303 0.157021 -0.681994 -85.4901 
-0.705248 -0.211229 0.676763 316.09 -0.0395121 0.964811 0.259958 17.1645 -0.707859 0.156595 -0.688777 -85.4753 
-0.711558 -0.211312 0.670098 316.188 -0.0423186 0.964862 0.259328 17.1561 -0.701352 0.156169 -0.695498 -85.4614 
-0.717805 -0.2114 0.663374 316.287 -0.0451191 0.964911 0.25867 17.148 -0.69478 0.155744 -0.702157 -85.4483 
-0.723988 -0.211491 0.656591 316.385 -0.0479132 0.96496 0.257986 17.14 -0.688146 0.15532 -0.708753 -85.4361 
-0.730107 -0.211586 0.64975 316.484 -0.0507007 0.965007 0.257276 17.1322 -0.68145 0.154896 -0.715286 -85.4248 
-0.73616 -0.211685 0.642851 316.583 -0.0534814 0.965053 0.256539 17.1246 -0.674691 0.154473 -0.721755 -85.4143 
-0.742147 -0.211788 0.635895 316.682 -0.0562549 0.965098 0.255776 17.1172 -0.667872 0.154051 -0.728159 -85.4047 
-0.748069 -0.211895 0.628883 316.781 -0.0590212 0.965142 0.254986 17.11 -0.660991 0.15363 -0.734498 -85.396 
-0.753923 -0.212005 0.621815 316.88 -0.0617798 0.965184 0.254171 17.1029 -0.654051 0.153209 -0.740772 -85.3882 
-0.75971 -0.21212 0.614691 316.979 -0.0645306 0.965225 0.253329 17.096 -0.647052 0.15279 -0.74698 -85.3813 
-0.765429 -0.212238 0.607513 317.078 -0.0672733 0.965266 0.252461 17.0893 -0.639994 0.152372 -0.753121 -85.3752 
-0.77108 -0.212361 0.600282 317.177 -0.0700077 0.965305 0.251567 17.0827 -0.632878 0.151954 -0.759194 -85.37 
-0.776662 -0.212487 0.592997 317.277 -0.0727334 0.965342 0.250647 17.0763 -0.625704 0.151538 -0.7652 -85.3657 
-0.782175 -0.212617 0.585659 317.376 -0.0754504 0.965379 0.249702 17.0701 -0.618474 0.151122 -0.771137 -85.3623 
-0.787618 -0.21275 0.57827 317.475 -0.0781582 0.965414 0.24873 17.064 -0.611187 0.150708 -0.777005 -85.3598 
-0.79299 -0.212888 0.570829 317.575 -0.0808568 0.965448 0.247733 17.0581 -0.603845 0.150295 -0.782804 -85.3581 
-0.798291 -0.213029 0.563338 317.674 -0.0835458 0.965481 0.246711 17.0524 -0.596448 0.149883 -0.788533 -85.3573 
-0.803522 -0.213174 0.555796 317.774 -0.0862249 0.965513 0.245663 17.0468 -0.588997 0.149472 -0.794191 -85.3575 
-0.80868 -0.213323 0.548206 317.873 -0.0888941 0.965543 0.24459 17.0413 -0.581493 0.149063 -0.799779 -85.3585 
-0.813766 -0.213475 0.540567 317.973 -0.0915529 0.965572 0.243491 17.036 -0.573936 0.148654 -0.805295 -85.3604 
-0.836891 -0.215899 0.502991 318.486 -0.0976276 0.963066 0.250942 17.0549 -0.538592 0.160905 -0.82706 -85.3408 
-0.857639 -0.221908 0.463909 319.025 -0.112527 0.961224 0.251764 17.1137 -0.50179 0.16372 -0.849354 -85.2638 
-0.876598 -0.227767 0.423907 319.567 -0.127442 0.959322 0.251911 17.1801 -0.464041 0.166801 -0.869968 -85.2103 
-0.893731 -0.233463 0.383066 320.109 -0.14234 0.957365 0.251381 17.2541 -0.425422 0.170141 -0.888858 -85.1803 
-0.909002 -0.238984 0.341469 320.651 -0.157192 0.955355 0.250175 17.3355 -0.386012 0.173734 -0.905986 -85.1739 
-0.92238 -0.24432 0.299202 321.191 -0.171967 0.953297 0.248297 17.4242 -0.345892 0.177571 -0.921318 -85.1912 
-0.933838 -0.24946 0.25635 321.729 -0.186636 0.951196 0.245749 17.5198 -0.305144 0.181646 -0.934822 -85.232 
-0.943353 -0.254392 0.213001 322.264 -0.201167 0.949056 0.242537 17.6224 -0.26385 0.185949 -0.94647 -85.2964 
-0.943177 -0.255878 0.212001 322.386 -0.202552 0.948478 0.243644 17.6558 -0.263421 0.186858 -0.946411 -85.431 
-0.948095 -0.239648 0.20901 322.558 -0.184698 0.950065 0.25152 17.4759 -0.25885 0.199862 -0.945014 -85.4088 
-0.9527 -0.223302 0.206153 322.727 -0.166825 0.951245 0.259425 17.2931 -0.254033 0.212763 -0.943504 -85.39 
-0.95699 -0.206848 0.203431 322.893 -0.14894 0.952018 0.267356 17.1075 -0.248972 0.225557 -0.941879 -85.3746 
-0.957208 -0.20656 0.202696 322.762 -0.148597 0.951823 0.268238 17.1213 -0.248338 0.226639 -0.941787 -85.6018 
-0.95828 -0.206258 0.19788 322.951 -0.14963 0.951858 0.267538 17.1026 -0.243535 0.226767 -0.94301 -85.2894 
-0.959328 -0.205955 0.193058 323.141 -0.150661 0.951894 0.266832 17.0844 -0.238726 0.226894 -0.944208 -84.9779 
-0.960352 -0.205651 0.188231 323.334 -0.151687 0.95193 0.266122 17.0665 -0.233911 0.227019 -0.945382 -84.6673 
-0.961352 -0.205347 0.1834 323.527 -0.15271 0.951966 0.265407 17.0492 -0.229091 0.227142 -0.946533 -84.3576 
-0.962327 -0.205043 0.178563 323.722 -0.15373 0.952002 0.264686 17.0322 -0.224264 0.227264 -0.947658 -84.0489 
-0.963277 -0.204738 0.173721 323.919 -0.154745 0.952039 0.26396 17.0158 -0.219432 0.227384 -0.94876 -83.7411 
-0.964204 -0.204432 0.168875 324.117 -0.155757 0.952077 0.263229 16.9997 -0.214595 0.227503 -0.949838 -83.4342 
-0.965105 -0.204126 0.164024 324.317 -0.156766 0.952114 0.262494 16.9842 -0.209752 0.227621 -0.950891 -83.1283 
-0.965983 -0.203819 0.159169 324.518 -0.15777 0.952152 0.261753 16.969 -0.204903 0.227736 -0.951919 -82.8234 
-0.966671 -0.20008 0.159737 324.402 -0.15363 0.952418 0.263243 17.0353 -0.204806 0.229929 -0.951413 -83.075 
-0.966996 -0.200402 0.157344 324.802 -0.153581 0.951203 0.26763 17.1948 -0.203299 0.234632 -0.950588 -83.8062 
-0.967319 -0.200712 0.154948 325.199 -0.15354 0.949966 0.272011 17.3578 -0.201792 0.239331 -0.949737 -84.5375 
-0.967638 -0.20101 0.152551 325.595 -0.153505 0.948708 0.276387 17.5245 -0.200283 0.244025 -0.948862 -85.2691 
-0.96759 -0.202691 0.150616 326.047 -0.155936 0.948722 0.274972 17.7084 -0.198627 0.242574 -0.949581 -85.9378 
-0.968621 -0.198433 0.14966 326.52 -0.151373 0.948578 0.278002 17.7716 -0.197129 0.246624 -0.94885 -86.4484 
-0.96963 -0.194167 0.148718 326.992 -0.146813 0.948402 0.281033 17.835 -0.195612 0.250664 -0.948105 -86.9598 
-0.970618 -0.189894 0.14779 327.463 -0.142254 0.948194 0.284064 17.8984 -0.194076 0.254694 -0.947347 -87.472 
-0.971584 -0.185612 0.146875 327.933 -0.137697 0.947953 0.287096 17.962 -0.192519 0.258714 -0.946574 -87.9849 
-0.970019 -0.194958 0.145104 328.024 -0.147638 0.946976 0.285375 18.0387 -0.193046 0.255396 -0.947368 -88.6801 
-0.966888 -0.210516 0.144256 328.17 -0.164017 0.945676 0.280704 18.1859 -0.195512 0.247749 -0.948892 -89.6097 
-0.966756 -0.210466 0.145213 328.135 -0.163224 0.945094 0.283118 18.2418 -0.196827 0.250004 -0.948028 -90.6246 
-0.966531 -0.209323 0.148328 328.089 -0.160293 0.944149 0.287904 18.2827 -0.200309 0.254492 -0.946103 -91.8 
-0.966291 -0.208194 0.151447 328.046 -0.157343 0.943178 0.292673 18.3301 -0.203774 0.258979 -0.944143 -92.9754 
-0.966036 -0.207079 0.154569 328.007 -0.154376 0.942181 0.297426 18.3838 -0.207223 0.263463 -0.94215 -94.1505 
-0.965766 -0.205978 0.157696 327.971 -0.151391 0.941158 0.302162 18.4439 -0.210656 0.267944 -0.940122 -95.3255 
-0.96561 -0.207832 0.156217 328.162 -0.15298 0.939995 0.30497 18.7834 -0.210226 0.270584 -0.939462 -96.9332 
-0.966284 -0.206631 0.153618 328.662 -0.152628 0.94018 0.304576 19.0713 -0.207364 0.27086 -0.940019 -97.853 
-0.966929 -0.204844 0.151947 329.11 -0.151225 0.940209 0.305185 19.4024 -0.205377 0.272114 -0.940093 -98.9227 
-0.967779 -0.203937 0.147696 329.77 -0.151691 0.94036 0.304489 19.6924 -0.200984 0.272274 -0.940995 -99.4703 
-0.968609 -0.20303 0.143441 330.429 -0.152153 0.940511 0.30379 19.9822 -0.196586 0.272429 -0.941879 -100.021 
-0.96942 -0.202123 0.139182 331.084 -0.152611 0.940663 0.30309 20.2717 -0.192185 0.27258 -0.942743 -100.575 
-0.968658 -0.207508 0.136536 331.887 -0.158847 0.940057 0.301762 20.7013 -0.190969 0.270616 -0.943556 -101.399 
-0.966847 -0.216422 0.135528 332.699 -0.167943 0.938735 0.300952 21.1301 -0.192357 0.268214 -0.94396 -102.229 
-0.964952 -0.225319 0.134528 333.509 -0.177026 0.937327 0.300133 21.5643 -0.193722 0.265799 -0.944363 -103.059 
-0.962974 -0.2342 0.133536 334.316 -0.186095 0.935834 0.299304 22.0041 -0.195064 0.263371 -0.944767 -103.888 
-0.960911 -0.243061 0.132552 335.121 -0.195148 0.934257 0.298465 22.4493 -0.196383 0.260931 -0.945171 -104.717 
-0.961747 -0.24303 0.126412 335.641 -0.196548 0.933615 0.299552 22.6523 -0.19082 0.263247 -0.945668 -105.349 
-0.962391 -0.243185 0.1211 336.085 -0.197803 0.932806 0.301242 22.8601 -0.186221 0.265959 -0.945826 -106.062 
-0.963009 -0.243324 0.115786 336.525 -0.199066 0.931992 0.302924 23.0697 -0.18162 0.26867 -0.945955 -106.777 
-0.963517 -0.242671 0.112894 336.976 -0.199298 0.932061 0.302559 23.3914 -0.178646 0.269022 -0.946421 -107.709 
-0.964381 -0.240815 0.109437 337.817 -0.198295 0.931992 0.303431 23.8489 -0.175065 0.270922 -0.946548 -108.845 
-0.96523 -0.238953 0.10598 338.653 -0.197294 0.931919 0.304306 24.3067 -0.171479 0.272816 -0.946661 -109.984 
-0.966064 -0.237083 0.102523 339.485 -0.196297 0.931843 0.305183 24.7651 -0.167889 0.274702 -0.946759 -111.125 
-0.966314 -0.236536 0.101428 339.767 -0.195991 0.931748 0.305667 25.0857 -0.166807 0.275492 -0.94672 -111.894 
-0.966152 -0.236781 0.1024 340.194 -0.19601 0.931847 0.305354 25.5455 -0.167724 0.274947 -0.946717 -112.996 
-0.966525 -0.238067 0.0956674 340.665 -0.19967 0.932088 0.302233 25.9789 -0.161122 0.273014 -0.948421 -113.911 
-0.966052 -0.240279 0.0949153 341.102 -0.201805 0.931234 0.303444 26.3706 -0.1613 0.273988 -0.94811 -114.999 
-0.965708 -0.241704 0.0948006 341.673 -0.202766 0.930171 0.306051 26.7106 -0.162155 0.276333 -0.947283 -116.001 
-0.96519 -0.244414 0.0931111 341.646 -0.20603 0.929801 0.304995 26.8489 -0.16112 0.275194 -0.947791 -116.439 
-0.96519 -0.244414 0.0931111 341.655 -0.20603 0.929801 0.304995 27.0385 -0.16112 0.275194 -0.947791 -116.959 
-0.96519 -0.244414 0.0931111 341.664 -0.20603 0.929801 0.304995 27.2281 -0.16112 0.275194 -0.947791 -117.479 
-0.965921 -0.24149 0.0931597 341.611 -0.202589 0.92937 0.308592 27.415 -0.161102 0.279203 -0.946621 -118.798 
-0.966081 -0.239666 0.0961656 341.574 -0.199464 0.929049 0.311578 27.5988 -0.164017 0.281828 -0.945342 -120.019 
-0.966225 -0.237849 0.0991764 341.541 -0.196329 0.928715 0.314552 27.787 -0.166923 0.284457 -0.944045 -121.239 
-0.966355 -0.236039 0.102192 341.512 -0.193183 0.928367 0.317513 27.9793 -0.169817 0.287089 -0.942731 -122.459 
-0.96647 -0.234236 0.105213 341.485 -0.190027 0.928005 0.320462 28.176 -0.172702 0.289723 -0.9414 -123.678 
-0.966551 -0.234002 0.10499 341.553 -0.189826 0.927966 0.320695 28.6067 -0.17247 0.290038 -0.941346 -125.38 
-0.96662 -0.234892 0.102325 342.016 -0.191335 0.9274 0.321433 29.0238 -0.170399 0.291126 -0.941387 -126.588 
-0.965813 -0.239085 0.100216 342.481 -0.196181 0.926769 0.32033 29.5114 -0.169463 0.289718 -0.94199 -127.718 
-0.964982 -0.243276 0.0981111 342.943 -0.201023 0.926116 0.319215 29.9994 -0.16852 0.288315 -0.94259 -128.848 
-0.964128 -0.247465 0.0960114 343.402 -0.205858 0.925441 0.31809 30.4876 -0.167569 0.286915 -0.943186 -129.98 
-0.96325 -0.251651 0.0939167 343.859 -0.210688 0.924744 0.316954 30.976 -0.166611 0.285519 -0.94378 -131.113 
-0.962349 -0.255835 0.0918271 344.312 -0.215512 0.924024 0.315807 31.4647 -0.165645 0.284127 -0.94437 -132.247 
-0.961884 -0.258221 0.0900066 344.605 -0.218265 0.923253 0.316171 31.7652 -0.164741 0.284475 -0.944423 -133.031 
-0.960057 -0.265036 0.0897043 345.281 -0.225136 0.92207 0.314802 32.3873 -0.166148 0.282032 -0.944909 -134.308 
-0.95818 -0.271838 0.0894121 345.956 -0.231996 0.920836 0.313429 33.0113 -0.167536 0.279578 -0.945393 -135.584 
-0.957831 -0.273912 0.0867896 346.649 -0.235097 0.920754 0.311355 33.4341 -0.165196 0.277821 -0.946322 -136.63 
-0.957746 -0.274629 0.0854481 347.368 -0.235784 0.919834 0.313547 33.6243 -0.164707 0.280151 -0.94572 -137.978 
-0.958709 -0.2719 0.0833459 347.693 -0.233736 0.920304 0.3137 34.0731 -0.161999 0.281266 -0.945857 -138.949 
-0.959115 -0.271368 0.0803581 348.059 -0.234358 0.92071 0.312039 34.5543 -0.158664 0.280449 -0.946665 -139.891 
-0.959656 -0.269443 0.080375 348.413 -0.232778 0.921664 0.310403 35.1351 -0.157715 0.279171 -0.947201 -141.425 
-0.960322 -0.266327 0.0827668 348.436 -0.229365 0.923033 0.308873 35.411 -0.158658 0.277634 -0.947495 -142.248 
-0.962027 -0.259163 0.0856642 348.552 -0.221372 0.924406 0.310594 35.6613 -0.159683 0.279836 -0.946675 -143.101 
-0.962178 -0.260136 0.0808803 348.951 -0.223413 0.923396 0.312132 36.0273 -0.155881 0.282257 -0.94659 -143.961 
-0.961959 -0.261192 0.0800865 349.224 -0.224729 0.923231 0.311674 36.3469 -0.155345 0.28182 -0.946808 -144.795 
-0.961912 -0.261083 0.0810025 349.428 -0.224366 0.923326 0.311655 36.8237 -0.15616 0.28161 -0.946736 -146.023 
-0.962014 -0.259839 0.0837436 349.663 -0.222362 0.923757 0.311815 37.3054 -0.15838 0.281349 -0.946445 -147.223 
-0.962107 -0.258592 0.0864843 349.902 -0.220357 0.924185 0.311969 37.7871 -0.1606 0.28109 -0.946148 -148.423 
-0.962192 -0.257344 0.0892247 350.144 -0.21835 0.924611 0.312117 38.2687 -0.16282 0.280834 -0.945844 -149.621 
-0.962267 -0.256095 0.0919647 350.39 -0.216343 0.925035 0.31226 38.7503 -0.165039 0.280582 -0.945535 -150.819 
