1 2.12261e-08 -2.11895e-08 0 2.12261e-08 1 2.10703e-08 0 -2.11895e-08 2.10703e-08 1 0 
0.999997 -0.00232403 -0.000850999 -0.0354102 0.00232304 0.999997 -0.00121077 -0.00386991 0.000853768 0.00120883 0.999999 0.554803 
0.999996 -0.00249937 -0.00122301 -0.068829 0.00249639 0.999994 -0.00246379 -0.0259754 0.00122911 0.00246077 0.999996 1.13135 
0.99999 -0.00291554 -0.00331477 -0.0831144 0.00290593 0.999992 -0.00291446 -0.0568881 0.0033232 0.00290484 0.99999 1.67648 
0.999971 -0.00540434 -0.00541228 -0.0888956 0.00538119 0.999976 -0.00429049 -0.0738982 0.0054353 0.00426128 0.999976 2.24371 
0.999953 -0.00783278 -0.00579818 -0.131568 0.00779667 0.99995 -0.0062315 -0.0725199 0.00584666 0.00618604 0.999964 2.80083 
0.999929 -0.00925319 -0.00755859 -0.129148 0.00920332 0.999936 -0.0066114 -0.0864286 0.00761924 0.0065414 0.99995 3.39412 
0.99993 -0.00958301 -0.00701395 -0.206932 0.00953529 0.999931 -0.00681199 -0.0764152 0.0070787 0.00674467 0.999952 3.96811 
0.999921 -0.00975186 -0.00790807 -0.219312 0.00969407 0.999926 -0.00731918 -0.0932345 0.00797882 0.00724199 0.999942 4.58144 
0.999892 -0.0112719 -0.00940696 -0.248707 0.0111812 0.999891 -0.00964258 -0.131346 0.00951458 0.0095364 0.999909 5.16946 
0.999898 -0.00965428 -0.0105673 -0.261625 0.009508 0.999859 -0.0138103 -0.142851 0.0106991 0.0137084 0.999849 5.76198 
0.999897 -0.00910924 -0.0111192 -0.309455 0.00891408 0.999808 -0.0174806 -0.166308 0.0112762 0.0173797 0.999785 6.32539 
0.999899 -0.00640427 -0.0127099 -0.302499 0.00617787 0.999823 -0.0177764 -0.171882 0.0128214 0.0176961 0.999761 6.94496 
0.999903 -0.00449781 -0.0131972 -0.352932 0.00436854 0.999942 -0.00981115 -0.203551 0.0132406 0.00975259 0.999865 7.57188 
0.999888 -0.0042815 -0.0143525 -0.36168 0.00429 0.999991 0.000558704 -0.220386 0.0143499 -0.000620171 0.999897 8.26996 
0.999898 -0.00231001 -0.014089 -0.417111 0.00241028 0.999972 0.00710115 -0.232336 0.0140721 -0.00713434 0.999876 8.91449 
0.999864 -0.000848137 -0.0164885 -0.405307 0.000945613 0.999982 0.00590232 -0.250199 0.0164831 -0.00591706 0.999847 9.57498 
0.999872 0.00094649 -0.0159826 -0.484486 -0.000964892 0.999999 -0.00114635 -0.2544 0.0159814 0.00116167 0.999872 10.3061 
0.999847 0.00197755 -0.0173855 -0.505779 -0.00207441 0.999982 -0.00555746 -0.284977 0.0173742 0.00559272 0.999833 11.0052 
0.999834 -0.00316669 -0.0179257 -0.554467 0.00310273 0.999989 -0.00359703 -0.294032 0.0179368 0.00354085 0.999833 11.682 
0.999829 -0.0023301 -0.0183441 -0.58766 0.00244661 0.999977 0.00632923 -0.313459 0.0183289 -0.00637299 0.999812 12.4662 
0.999835 -0.00351685 -0.0178036 -0.647196 0.00377632 0.999887 0.0145593 -0.3318 0.0177503 -0.0146241 0.999736 13.2124 
0.999847 -0.0026094 -0.0172801 -0.696615 0.00292728 0.999827 0.0183933 -0.365997 0.0172291 -0.0184411 0.999682 13.9681 
0.999856 -0.00432796 -0.0163824 -0.743969 0.00460774 0.999844 0.0170763 -0.356485 0.0163059 -0.0171493 0.99972 14.7634 
0.999887 -0.00407702 -0.0144559 -0.796192 0.00430347 0.999868 0.0156658 -0.368922 0.0143901 -0.0157262 0.999773 15.5781 
0.999918 0.000150872 -0.0128175 -0.828131 -1.78847e-05 0.999946 0.0103716 -0.34393 0.0128184 -0.0103705 0.999864 16.3819 
0.999923 -0.00336161 -0.0119262 -0.854428 0.00341202 0.999985 0.00420575 -0.338287 0.0119118 -0.00424608 0.99992 17.2199 
0.999918 -0.00607547 -0.0113031 -0.874929 0.00605382 0.99998 -0.00195187 -0.346792 0.0113147 0.00188332 0.999934 18.0874 
0.99992 -0.00663906 -0.010735 -0.884678 0.00655875 0.99995 -0.0075024 -0.353113 0.0107842 0.00743144 0.999914 19.0043 
0.999931 -0.0045573 -0.0108295 -0.915964 0.00447647 0.999962 -0.00748044 -0.377839 0.0108631 0.00743149 0.999913 19.9099 
0.999944 -0.00345209 -0.0100331 -0.963963 0.00338023 0.999969 -0.00717453 -0.397063 0.0100575 0.00714026 0.999924 20.8498 
0.999925 -0.000128155 -0.0122297 -0.96016 1.72018e-05 0.999959 -0.0090756 -0.40762 0.0122303 0.00907476 0.999884 21.7919 
0.999922 0.00142237 -0.0123854 -0.977146 -0.00156632 0.999931 -0.0116235 -0.420441 0.012368 0.011642 0.999856 22.7579 
0.999897 0.00599144 -0.0130111 -0.988889 -0.00615401 0.999903 -0.0124938 -0.436773 0.012935 0.0125726 0.999837 23.7069 
0.999873 0.00674791 -0.0144317 -1.00819 -0.00693043 0.999896 -0.0126376 -0.45569 0.0143449 0.012736 0.999816 24.691 
0.99986 0.00824856 -0.0145776 -1.04953 -0.00843755 0.999881 -0.0129538 -0.481334 0.014469 0.013075 0.99981 25.68 
0.999875 0.00768122 -0.0138022 -1.09268 -0.0078618 0.999884 -0.0130806 -0.503516 0.0137001 0.0131875 0.999819 26.6719 
0.999858 0.00736314 -0.0151702 -1.10711 -0.00755362 0.999893 -0.0125403 -0.53397 0.0150762 0.0126531 0.999806 27.6869 
0.999842 0.00846798 -0.0156438 -1.13408 -0.00864039 0.999902 -0.0109891 -0.555608 0.0155492 0.0111226 0.999817 28.6992 
0.999793 0.00906451 -0.0182359 -1.12119 -0.00922836 0.999918 -0.00892343 -0.598379 0.0181534 0.00908991 0.999794 29.7299 
0.999777 0.0090754 -0.0190565 -1.16721 -0.00929064 0.999894 -0.0112387 -0.600845 0.0189525 0.0114133 0.999755 30.7335 
0.999755 0.0102036 -0.0196244 -1.19571 -0.0104396 0.999874 -0.0119615 -0.62683 0.0194998 0.0121634 0.999736 31.7903 
0.99975 0.00986172 -0.0200916 -1.25473 -0.0100939 0.999883 -0.0114892 -0.63993 0.0199759 0.0116892 0.999732 32.8097 
0.999731 0.0116479 -0.0200588 -1.31598 -0.0117925 0.999905 -0.00710928 -0.685186 0.019974 0.00734395 0.999774 33.8368 
0.999733 0.0119981 -0.0197572 -1.38621 -0.0120917 0.999916 -0.00462642 -0.70955 0.0197 0.00486412 0.999794 34.8989 
0.999764 0.0122045 -0.0179593 -1.54198 -0.0122161 0.999925 -0.000536672 -0.771319 0.0179513 0.000755979 0.999839 35.7704 
0.999763 0.0121356 -0.018095 -1.57844 -0.0121391 0.999926 -9.0493e-05 -0.783735 0.0180925 0.000310171 0.999836 36.8481 
0.999752 0.0141397 -0.017199 -1.63159 -0.0141745 0.999898 -0.0019059 -0.797582 0.0171703 0.00214926 0.99985 37.8612 
0.999723 0.0163731 -0.0169249 -1.69558 -0.016414 0.999863 -0.00228643 -0.82536 0.0168851 0.00256364 0.999854 38.8894 
0.999659 0.0171272 -0.0197009 -1.66661 -0.0171777 0.99985 -0.00239662 -0.838013 0.0196568 0.00273426 0.999803 39.8852 
0.999647 0.017137 -0.0203123 -1.715 -0.0171447 0.999853 -0.000205607 -0.858458 0.0203057 0.000553824 0.999794 40.9728 
0.999663 0.0175015 -0.0191813 -1.76083 -0.0174525 0.999844 0.00271519 -0.866866 0.0192257 -0.00237948 0.999812 42.0451 
0.999643 0.0186943 -0.0191155 -1.79321 -0.0186432 0.999822 0.00284449 -0.899994 0.0191652 -0.00248706 0.999813 43.131 
0.99964 0.0191958 -0.0187641 -1.83698 -0.0191993 0.999816 -8.08365e-06 -0.941527 0.0187604 0.000368381 0.999824 44.1589 
0.9996 0.0223865 -0.0172609 -1.89112 -0.0224794 0.999734 -0.0052077 -0.949759 0.0171397 0.00559368 0.999837 45.2467 
0.999568 0.0230734 -0.0182001 -1.91865 -0.0231859 0.999713 -0.0059985 -0.970008 0.0180564 0.00641793 0.999816 46.3457 
0.999575 0.0243417 -0.0160398 -1.99191 -0.0244067 0.999695 -0.00387386 -0.978157 0.0159406 0.00426373 0.999864 47.4278 
0.999543 0.0255527 -0.0161713 -2.01584 -0.0255994 0.999669 -0.00269046 -0.99359 0.0160972 0.00310325 0.999866 48.5356 
0.999614 0.0225631 -0.0162216 -2.06522 -0.0225773 0.999745 -0.000697826 -1.00818 0.0162017 0.00106384 0.999868 49.622 
0.999623 0.0236121 -0.0139918 -2.1196 -0.0236418 0.999719 -0.00196691 -1.0251 0.0139414 0.002297 0.9999 50.7026 
0.999625 0.0240322 -0.0131013 -2.16162 -0.0240922 0.9997 -0.00443931 -1.04361 0.0129906 0.00475332 0.999904 51.8168 
0.999648 0.0234215 -0.0124545 -2.18619 -0.0235024 0.999703 -0.00638864 -1.06959 0.0123011 0.00667914 0.999902 52.8794 
0.99966 0.0231745 -0.0119453 -2.2191 -0.0232798 0.999691 -0.00876056 -1.08518 0.0117385 0.00903571 0.99989 53.9483 
0.999676 0.0222976 -0.0123053 -2.24599 -0.0224314 0.99969 -0.0108431 -1.14231 0.0120596 0.0111156 0.999866 54.977 
0.999678 0.0218995 -0.0128011 -2.27164 -0.022065 0.999673 -0.0129415 -1.16671 0.0125134 0.0132198 0.999834 56.0594 
0.999708 0.0207303 -0.0124056 -2.30494 -0.0208636 0.999725 -0.0107228 -1.19191 0.0121799 0.0109786 0.999866 57.1589 
0.999775 0.0175958 -0.0118634 -2.3528 -0.0176566 0.999831 -0.00504861 -1.2225 0.0117725 0.00525698 0.999917 58.3142 
0.999799 0.0153836 -0.012824 -2.38089 -0.015365 0.999881 0.00154816 -1.25088 0.0128463 -0.00135076 0.999917 59.4328 
0.999822 0.0150701 -0.0113839 -2.45729 -0.015039 0.999883 0.00280167 -1.27257 0.0114247 -0.00262992 0.999931 60.5472 
0.999861 0.0123164 -0.0112134 -2.49828 -0.0123187 0.999924 -0.000144013 -1.26811 0.0112107 0.00028217 0.999937 61.6355 
0.999886 0.0110652 -0.0102968 -2.55308 -0.0110988 0.999933 -0.00322459 -1.29768 0.0102604 0.00333854 0.999942 62.8312 
0.999863 0.0124734 -0.010856 -2.58424 -0.0125446 0.9999 -0.00652297 -1.32705 0.0107735 0.00665831 0.99992 63.9207 
0.999834 0.014206 -0.0114406 -2.62771 -0.0143343 0.999834 -0.0112135 -1.34927 0.0112793 0.0113756 0.999872 65.0447 
0.99976 0.019317 -0.0103025 -2.66896 -0.0194368 0.999743 -0.0116672 -1.38167 0.0100745 0.0118647 0.999879 66.1364 
0.999738 0.0215087 -0.00777577 -2.77079 -0.0215865 0.999716 -0.0100696 -1.36139 0.00755694 0.0102349 0.999919 67.311 
0.999664 0.0245851 -0.00820331 -2.82432 -0.0246414 0.999673 -0.00683715 -1.4112 0.00803249 0.00703703 0.999943 68.4023 
0.999704 0.0230799 -0.00771939 -2.84104 -0.0231348 0.999707 -0.00710222 -1.39316 0.00755317 0.00727875 0.999945 69.463 
0.999687 0.0233548 -0.00896163 -2.80247 -0.0234063 0.99971 -0.00568133 -1.45303 0.0088263 0.00588936 0.999944 70.427 
0.999697 0.0227765 -0.00936212 -2.82297 -0.0228192 0.99973 -0.00448831 -1.47611 0.00925732 0.00470062 0.999946 71.4825 
0.999719 0.0226327 -0.00708595 -2.91936 -0.0226373 0.999744 -0.000583244 -1.53846 0.00707089 0.000743528 0.999975 72.6188 
0.999767 0.0197355 -0.00873229 -2.95561 -0.0197269 0.999805 0.00106594 -1.56202 0.00875158 -0.000893389 0.999961 73.6889 
0.999741 0.020794 -0.00930337 -2.97417 -0.0207949 0.999784 -5.99348e-06 -1.59923 0.00930119 0.000199496 0.999957 74.8008 
0.999713 0.02113 -0.0113178 -2.98179 -0.0211552 0.999774 -0.00211041 -1.63995 0.0112706 0.00234928 0.999934 75.8615 
0.999678 0.0226225 -0.0115211 -3.01612 -0.022673 0.999734 -0.00427658 -1.66933 0.0114213 0.00453646 0.999925 76.9285 
0.99959 0.0259535 -0.0120944 -3.06658 -0.0259859 0.999659 -0.0025352 -1.69357 0.0120244 0.00284849 0.999924 78.0345 
0.999544 0.0275175 -0.0124601 -3.09705 -0.0274875 0.999619 0.00257044 -1.7371 0.012526 -0.00222673 0.999919 79.1053 
0.999445 0.0295581 -0.0153566 -3.04746 -0.0294615 0.999545 0.00647634 -1.74693 0.015541 -0.00602027 0.999861 80.2386 
0.999378 0.0303354 -0.0179682 -3.04168 -0.0302244 0.999523 0.00641598 -1.76434 0.0181542 -0.00586887 0.999818 81.3333 
0.999402 0.0296862 -0.0177143 -3.08255 -0.0295823 0.999544 0.00609174 -1.79132 0.0178871 -0.00556402 0.999825 82.4177 
0.999342 0.0316593 -0.0176738 -3.12435 -0.0315663 0.999486 0.00551897 -1.81553 0.0178395 -0.0049574 0.999829 83.4576 
0.999356 0.0314055 -0.0173729 -3.20519 -0.0313203 0.999496 0.00515256 -1.83869 0.0175259 -0.00460507 0.999836 84.4639 
0.999395 0.0302227 -0.0172328 -3.28852 -0.0301182 0.999527 0.00629127 -1.87271 0.0174147 -0.0057684 0.999832 85.4942 
0.999421 0.0281954 -0.0190417 -3.33239 -0.0280664 0.999582 0.00700707 -1.86782 0.0192313 -0.00646854 0.999794 86.4752 
0.999485 0.0255932 -0.019348 -3.3694 -0.0253885 0.99962 0.0107468 -1.92157 0.0196157 -0.01025 0.999755 87.4695 
0.999422 0.0260941 -0.0217725 -3.38853 -0.0258814 0.999615 0.00999632 -1.92094 0.0220249 -0.009427 0.999713 88.4411 
0.999441 0.0248966 -0.0223291 -3.46107 -0.0246903 0.99965 0.00946302 -1.91273 0.0225569 -0.00890638 0.999706 89.3848 
0.999389 0.024054 -0.0253532 -3.51346 -0.0238827 0.99969 0.00703271 -1.91981 0.0255145 -0.00642286 0.999654 90.2983 
0.999284 0.0266245 -0.0268674 -3.65003 -0.0264904 0.999635 0.0053317 -1.92782 0.0269995 -0.00461612 0.999625 91.3116 
0.999211 0.0267638 -0.0293565 -3.69967 -0.0266022 0.999629 0.0058808 -1.94293 0.029503 -0.00509517 0.999552 92.1394 
0.999 0.0282681 -0.034648 -3.70925 -0.0280655 0.999586 0.00631822 -1.95575 0.0348123 -0.00533944 0.99938 93.0366 
0.998935 0.0280374 -0.0366467 -3.76276 -0.027843 0.999596 0.00580245 -1.95019 0.0367945 -0.00477588 0.999311 93.8932 
0.998885 0.0276225 -0.0382782 -3.83339 -0.0273253 0.999592 0.00826539 -1.96707 0.0384909 -0.00721017 0.999233 94.6437 
0.998718 0.0297844 -0.0409378 -3.86639 -0.0293616 0.99951 0.0108905 -2.00745 0.0412421 -0.00967452 0.999102 95.4862 
0.998618 0.0315212 -0.0420637 -3.9556 -0.031098 0.999459 0.0106758 -2.01002 0.0423774 -0.00935287 0.999058 96.3095 
0.998405 0.0337254 -0.0452719 -3.99948 -0.0333183 0.999398 0.00971733 -2.02035 0.0455723 -0.00819341 0.998927 97.0314 
0.998241 0.0344303 -0.0482624 -4.04663 -0.0341964 0.999399 0.00566308 -2.03596 0.0484283 -0.00400268 0.998819 97.7839 
0.997994 0.0362608 -0.0518939 -4.06075 -0.036185 0.999342 0.00239991 -2.04821 0.0519467 -0.000517279 0.99865 98.466 
0.997813 0.0402797 -0.0524065 -4.13032 -0.0404582 0.999179 -0.00234954 -2.02968 0.0522688 0.00446471 0.998623 99.0815 
0.997667 0.0414452 -0.0542564 -4.16945 -0.0416539 0.999128 -0.00272234 -2.05248 0.0540963 0.00497602 0.998523 99.6961 
0.997639 0.043908 -0.0528147 -4.23269 -0.0441625 0.999018 -0.00366166 -2.04234 0.052602 0.00598549 0.998598 100.286 
0.997665 0.0475024 -0.0490814 -4.29833 -0.0477012 0.998858 -0.00288809 -2.05431 0.0488881 0.00522263 0.998791 100.848 
0.997844 0.0496412 -0.0429214 -4.35976 -0.0497498 0.998761 -0.00146629 -2.06931 0.0427954 0.0035985 0.999077 101.385 
0.998127 0.04991 -0.0353887 -4.38769 -0.0499548 0.998751 -0.000382647 -2.07725 0.0353254 0.00214981 0.999374 101.917 
0.998455 0.0499727 -0.0242824 -4.43631 -0.0499736 0.99875 0.000569644 -2.06726 0.0242805 0.000644757 0.999705 102.42 
0.998614 0.051097 -0.0126314 -4.45104 -0.0510843 0.998694 0.00132689 -2.07302 0.0126826 -0.000679739 0.999919 102.92 
0.998776 0.0494544 0.00016134 -4.43389 -0.0494545 0.998776 0.000991271 -2.08559 -0.000112163 -0.000997996 1 103.395 
0.998631 0.0497097 0.0162815 -4.44046 -0.0497112 0.998764 -0.0003087 -2.0959 -0.0162767 -0.000501053 0.999867 103.834 
0.998201 0.0498142 0.0333767 -4.41113 -0.0497909 0.998759 -0.00152698 -2.13273 -0.0334113 -0.00013758 0.999442 104.229 
0.997243 0.0503314 0.0545273 -4.36834 -0.0500265 0.998724 -0.00694131 -2.13587 -0.0548071 0.0041944 0.998488 104.68 
0.995795 0.0473124 0.0784496 -4.31696 -0.0464313 0.998837 -0.0130188 -2.1399 -0.0789743 0.00932161 0.996833 105.077 
0.993367 0.0457578 0.105489 -4.26088 -0.044267 0.998885 -0.0164314 -2.15044 -0.106123 0.0116528 0.994285 105.452 
0.989937 0.0423969 0.135012 -4.19214 -0.0403006 0.999021 -0.0182231 -2.1689 -0.135652 0.0125987 0.990676 105.809 
0.985147 0.040081 0.166971 -4.09703 -0.0373025 0.999109 -0.0197447 -2.1983 -0.167614 0.0132231 0.985764 106.183 
0.978708 0.0376026 0.201784 -4.00243 -0.0335185 0.999159 -0.0236201 -2.18957 -0.202502 0.0163537 0.979145 106.52 
0.970394 0.0331625 0.239241 -3.8512 -0.0280016 0.999297 -0.0249392 -2.2106 -0.2399 0.0175017 0.97064 106.9 
0.960012 0.0316053 0.27817 -3.70684 -0.0251513 0.999326 -0.0267406 -2.22873 -0.278828 0.018675 0.96016 107.227 
0.946814 0.0325336 0.320133 -3.58388 -0.0244979 0.999276 -0.0290976 -2.2378 -0.320848 0.0197075 0.946926 107.553 
0.930908 0.0341304 0.363655 -3.45146 -0.0247806 0.999232 -0.0303464 -2.25477 -0.364412 0.0192382 0.931039 107.84 
0.91228 0.0334697 0.408198 -3.31103 -0.0235642 0.999294 -0.0292722 -2.28741 -0.408889 0.0170856 0.912424 108.129 
0.891077 0.0327353 0.45267 -3.14791 -0.0219414 0.999336 -0.0290766 -2.30486 -0.453321 0.0159774 0.891204 108.41 
0.867267 0.0307217 0.496895 -2.96372 -0.0184101 0.999391 -0.0296571 -2.33972 -0.497503 0.0165727 0.867304 108.671 
0.841719 0.0313415 0.539005 -2.76802 -0.0164338 0.999338 -0.032445 -2.36185 -0.539665 0.0184517 0.841678 108.899 
0.813201 0.033479 0.58102 -2.56773 -0.0149395 0.999216 -0.0366664 -2.38169 -0.581792 0.021137 0.813063 109.131 
0.78145 0.0388218 0.622759 -2.34119 -0.0160324 0.998982 -0.0421571 -2.39339 -0.623762 0.0229593 0.781277 109.376 
0.745817 0.0453274 0.664607 -2.1152 -0.0194219 0.998738 -0.0463205 -2.41915 -0.665868 0.0216387 0.745756 109.624 
0.70687 0.0504027 0.705546 -1.8518 -0.0195678 0.99847 -0.0517241 -2.41831 -0.707073 0.0227562 0.706774 109.875 
0.666576 0.0512211 0.743675 -1.56071 -0.0180013 0.998452 -0.0526339 -2.44701 -0.74522 0.0216974 0.666466 110.089 
0.623861 0.0488818 0.780005 -1.25689 -0.0124414 0.998537 -0.0526259 -2.46477 -0.781437 0.0231269 0.623556 110.298 
0.578489 0.0466176 0.814357 -0.945871 -0.00908688 0.998672 -0.0507137 -2.48039 -0.815639 0.0219374 0.578145 110.493 
0.530858 0.0451248 0.846258 -0.601228 -0.00682483 0.998777 -0.0489761 -2.5038 -0.847433 0.0202238 0.530517 110.687 
0.481404 0.043037 0.875441 -0.264895 -0.0025034 0.998857 -0.0477275 -2.51218 -0.876495 0.0207847 0.480962 110.839 
0.428852 0.0390305 0.902531 0.0876335 -0.00133435 0.999093 -0.0425723 -2.54876 -0.903374 0.0170529 0.428515 110.995 
0.376147 0.0386708 0.925753 0.434458 -0.0029564 0.999174 -0.0405365 -2.58279 -0.926555 0.0125108 0.375951 111.11 
0.323811 0.0440138 0.945097 0.804045 -0.00709853 0.999002 -0.044092 -2.61019 -0.946095 0.0075687 0.323801 111.215 
0.273006 0.0476403 0.960832 1.19159 -0.0060081 0.998838 -0.0478176 -2.65435 -0.961994 0.00728173 0.272975 111.295 
0.224232 0.05019 0.973243 1.56491 -0.00498009 0.998719 -0.0503563 -2.6797 -0.974523 0.00644464 0.224194 111.379 
0.18222 0.0511789 0.981925 1.97842 0.00075939 0.998637 -0.0521908 -2.68881 -0.983258 0.0102559 0.181932 111.421 
0.147003 0.0502282 0.98786 2.39894 0.0112381 0.998561 -0.0524445 -2.71613 -0.989072 0.0188112 0.146227 111.463 
0.116492 0.0524637 0.991805 2.87094 0.0174828 0.998341 -0.0548628 -2.72874 -0.993038 0.0237306 0.115381 111.503 
0.089123 0.0510772 0.99471 3.30326 0.0159003 0.998484 -0.0526955 -2.75103 -0.995894 0.0205126 0.0881757 111.504 
0.0631512 0.0484213 0.996829 3.76769 0.0104569 0.998735 -0.0491764 -2.76456 -0.997949 0.0135292 0.062565 111.535 
0.0388504 0.0437258 0.998288 4.2259 0.00277278 0.999034 -0.0438663 -2.81657 -0.999241 0.00447226 0.0386916 111.53 
0.0149907 0.0417694 0.999015 4.72515 0.00783572 0.999092 -0.0418902 -2.84553 -0.999857 0.00845597 0.0146498 111.541 
-0.00286369 0.0420882 0.99911 5.28526 0.0160326 0.998987 -0.0420371 -2.87831 -0.999867 0.0158979 -0.00353557 111.498 
-0.0218824 0.0452555 0.998736 5.80484 0.0193911 0.998806 -0.0448338 -2.90496 -0.999573 0.0183855 -0.0227338 111.509 
-0.0343262 0.0506992 0.998124 6.39211 0.0208687 0.998531 -0.0500022 -2.93409 -0.999193 0.0191131 -0.0353338 111.472 
-0.0447353 0.0547362 0.997498 7.01365 0.0177887 0.998383 -0.053987 -2.96939 -0.998841 0.015329 -0.0456366 111.463 
-0.0533918 0.055575 0.997026 7.62064 0.018891 0.998328 -0.0546359 -2.98956 -0.998395 0.0159177 -0.0543524 111.463 
-0.0561273 0.0524808 0.997043 8.26931 0.0256583 0.998364 -0.0511059 -3.03841 -0.998094 0.022714 -0.0573821 111.437 
-0.0553875 0.0504945 0.997187 8.89045 0.0250648 0.998476 -0.0491675 -3.09434 -0.99815 0.0222711 -0.0565688 111.39 
-0.0544702 0.0502649 0.997249 9.59696 0.0237468 0.998515 -0.0490316 -3.13888 -0.998233 0.0210107 -0.0555829 111.397 
-0.0516627 0.0496806 0.997428 10.2575 0.0196252 0.99862 -0.0487234 -3.19793 -0.998472 0.0170576 -0.0525663 111.359 
-0.0504364 0.0516809 0.997389 10.9952 0.0185054 0.998537 -0.0508046 -3.23243 -0.998556 0.0158947 -0.051319 111.341 
-0.0503816 0.0524473 0.997352 11.7408 0.0191287 0.998488 -0.0515407 -3.27385 -0.998547 0.0164813 -0.0513086 111.344 
-0.0480796 0.051634 0.997508 12.4941 0.0195083 0.998521 -0.0507461 -3.33282 -0.998653 0.0170198 -0.0490158 111.301 
-0.0484293 0.0500209 0.997573 13.2324 0.0177118 0.998631 -0.0492141 -3.37401 -0.99867 0.0152854 -0.049249 111.293 
-0.0467498 0.0477704 0.997764 13.9875 0.0195172 0.998709 -0.0469011 -3.439 -0.998716 0.0172809 -0.0476217 111.243 
-0.0467682 0.044858 0.997898 14.7591 0.0202801 0.998828 -0.0439493 -3.50647 -0.9987 0.018182 -0.0476231 111.199 
-0.0475292 0.0434204 0.997926 15.5339 0.0182767 0.998925 -0.0425933 -3.56282 -0.998703 0.0162144 -0.0482717 111.166 
-0.0481336 0.0420637 0.997955 16.296 0.0170921 0.999001 -0.0412834 -3.60731 -0.998695 0.01507 -0.0488045 111.135 
-0.0485016 0.0387984 0.998069 17.0622 0.0204293 0.999075 -0.0378446 -3.66918 -0.998614 0.0185543 -0.0492494 111.099 
-0.0501028 0.0370731 0.998056 17.8767 0.0218335 0.999113 -0.0360163 -3.71938 -0.998505 0.0199865 -0.0508678 111.085 
-0.0513179 0.0365599 0.998013 18.6721 0.0197914 0.999171 -0.0355846 -3.75198 -0.998486 0.017926 -0.0519989 111.039 
-0.0533062 0.0405847 0.997753 19.4912 0.0164281 0.999074 -0.0397607 -3.80023 -0.998443 0.0142717 -0.0539236 111.041 
-0.0543391 0.0455188 0.997485 20.2975 0.0183647 0.998837 -0.04458 -3.84677 -0.998354 0.015896 -0.0551118 111.018 
-0.0568733 0.0471697 0.997267 21.1368 0.0186359 0.998759 -0.0461775 -3.90252 -0.998207 0.0159587 -0.0576818 111.027 
-0.0580031 0.0455136 0.997278 21.9938 0.0146925 0.998891 -0.0447326 -3.93336 -0.998208 0.0120578 -0.0586075 110.966 
-0.0605218 0.0413597 0.99731 22.864 0.0123162 0.999096 -0.0406863 -3.98038 -0.998091 0.00982063 -0.0609765 110.964 
-0.0606757 0.0356617 0.99752 23.7106 0.0111113 0.999324 -0.0350503 -4.0459 -0.998096 0.00895704 -0.0610309 110.935 
-0.0610961 0.0306267 0.997662 24.5569 0.00684813 0.999519 -0.0302643 -4.07514 -0.998108 0.00498308 -0.0612764 110.904 
-0.0610792 0.0287885 0.997718 25.4061 0.00346262 0.999584 -0.0286303 -4.12952 -0.998127 0.00170599 -0.0611535 110.871 
-0.0607249 0.0368255 0.997475 26.2929 0.00783685 0.999306 -0.0364159 -4.15249 -0.998124 0.00560571 -0.0609714 110.839 
-0.0607862 0.0471037 0.997039 27.1547 0.00845743 0.998874 -0.0466748 -4.2068 -0.998115 0.00559521 -0.0611161 110.818 
-0.0599705 0.052386 0.996825 27.9887 0.0114688 0.998592 -0.0517889 -4.2523 -0.998134 0.00832658 -0.0604869 110.784 
-0.0595337 0.04654 0.997141 28.8421 0.0120946 0.998873 -0.0458987 -4.29573 -0.998153 0.00932747 -0.0600295 110.769 
-0.0562949 0.0393519 0.997638 29.6969 0.0160121 0.99913 -0.0385072 -4.33782 -0.998286 0.0138066 -0.056876 110.683 
-0.0549458 0.036217 0.997832 30.5344 0.0184897 0.999208 -0.0352487 -4.39623 -0.998318 0.0165129 -0.0555719 110.637 
-0.0543775 0.0368904 0.997839 31.359 0.0175175 0.999199 -0.035986 -4.44471 -0.998367 0.0155228 -0.0549802 110.608 
-0.0553919 0.0383304 0.997729 32.1719 0.0155665 0.999175 -0.0375217 -4.48012 -0.998343 0.0134527 -0.0559428 110.589 
-0.0573717 0.0409972 0.997511 33.0137 0.0147539 0.999082 -0.0402132 -4.49944 -0.998244 0.01241 -0.0579239 110.553 
-0.0603958 0.0405253 0.997352 33.8347 0.0140605 0.999111 -0.0397453 -4.55029 -0.998076 0.0116228 -0.0609119 110.533 
-0.0631807 0.0401172 0.997196 34.6126 0.0114646 0.999155 -0.0394696 -4.61379 -0.997936 0.00893873 -0.0635872 110.502 
-0.0620297 0.0403175 0.99726 35.3924 0.0100231 0.999159 -0.0397708 -4.66074 -0.998024 0.00752866 -0.0623816 110.435 
-0.0647125 0.0381402 0.997175 36.1993 0.00639144 0.999265 -0.0378053 -4.71648 -0.997884 0.0039269 -0.0649087 110.411 
-0.0660436 0.0361138 0.997163 36.9408 0.00736422 0.999335 -0.0357047 -4.78098 -0.99779 0.00498526 -0.0662656 110.364 
-0.0677524 0.0373501 0.997003 37.7338 0.00638064 0.999295 -0.0370023 -4.806 -0.997682 0.00385452 -0.0679429 110.322 
-0.0696934 0.0375572 0.996861 38.5384 0.00709318 0.999284 -0.0371525 -4.86879 -0.997543 0.00448163 -0.0699099 110.295 
-0.0695597 0.0375979 0.996869 39.3397 0.00652965 0.999285 -0.0372333 -4.91344 -0.997556 0.00391927 -0.0697555 110.219 
-0.0695834 0.0364249 0.996911 40.1032 0.00808576 0.999321 -0.0359485 -4.95509 -0.997543 0.00555936 -0.0698307 110.163 
-0.070304 0.03595 0.996878 40.8663 0.00893376 0.999333 -0.0354085 -4.99685 -0.997486 0.0064165 -0.0705783 110.11 
-0.0708373 0.0346747 0.996885 41.6002 0.00591932 0.999393 -0.0343413 -5.04696 -0.99747 0.00346824 -0.0709995 110.062 
-0.0720322 0.0359137 0.996756 42.3536 0.00610154 0.999349 -0.0355662 -5.07497 -0.997384 0.00351983 -0.0722044 110.01 
-0.0720824 0.0346798 0.996796 43.1003 0.00484124 0.999396 -0.0344202 -5.11137 -0.997387 0.00234463 -0.0722067 109.969 
-0.0728633 0.035729 0.996702 43.8294 0.00682706 0.999353 -0.0353249 -5.15392 -0.997319 0.00423065 -0.07306 109.929 
-0.0720182 0.0393241 0.996628 44.5286 0.00770768 0.999215 -0.0388691 -5.18342 -0.997374 0.00488241 -0.0722647 109.882 
-0.073744 0.0406777 0.996447 45.2269 0.00517784 0.99917 -0.0404056 -5.22926 -0.997264 0.00217977 -0.0738934 109.863 
-0.0729278 0.0430027 0.99641 45.9255 0.00352655 0.999075 -0.0428596 -5.26909 -0.997331 0.000388231 -0.073012 109.816 
-0.0695211 0.0446849 0.996579 46.5375 0.00515751 0.998999 -0.0444336 -5.30136 -0.997567 0.00205079 -0.069682 109.731 
-0.0677746 0.0451975 0.996676 47.2106 0.00848724 0.998963 -0.044724 -5.34371 -0.997665 0.00542788 -0.0680879 109.666 
-0.067283 0.0453851 0.996701 47.8723 0.0099026 0.998946 -0.0448188 -5.38746 -0.997685 0.00685439 -0.0676616 109.618 
-0.0666294 0.0456108 0.996735 48.5113 0.00911858 0.998941 -0.0451021 -5.45507 -0.997736 0.00608367 -0.0669747 109.575 
-0.0663598 0.0447364 0.996792 49.1869 0.00520272 0.998996 -0.0444889 -5.51054 -0.997782 0.00223376 -0.0665259 109.554 
-0.0653767 0.043023 0.996933 49.7981 0.00694461 0.999066 -0.0426596 -5.5723 -0.997837 0.00413437 -0.0656143 109.521 
-0.0659492 0.0414695 0.996961 50.4873 0.00787991 0.999127 -0.0410383 -5.62649 -0.997792 0.00514952 -0.0662184 109.472 
-0.0683968 0.040709 0.996827 51.0874 0.00495591 0.999169 -0.0404645 -5.68066 -0.997646 0.00217254 -0.0685416 109.45 
-0.072269 0.0410987 0.996538 51.7487 0.00280892 0.999155 -0.0410029 -5.71888 -0.997381 -0.000164042 -0.0723233 109.402 
-0.0782186 0.0439155 0.995969 52.4058 0.00491152 0.999034 -0.0436649 -5.76376 -0.996924 0.00147631 -0.0783587 109.368 
-0.0830901 0.0472775 0.99542 53.0528 0.00874589 0.99887 -0.0467113 -5.79876 -0.996504 0.00482459 -0.0834097 109.29 
-0.0910838 0.0498849 0.994593 53.7611 0.00827827 0.998748 -0.0493351 -5.82781 -0.995809 0.00373987 -0.0913828 109.243 
-0.0972681 0.047926 0.994104 54.4574 0.00460175 0.998851 -0.0477046 -5.88486 -0.995248 -6.55194e-05 -0.0973769 109.185 
-0.102391 0.0457974 0.99369 55.1524 0.00339961 0.99895 -0.0456896 -5.92546 -0.994739 -0.00130002 -0.102439 109.125 
-0.108113 0.0460886 0.99307 55.8282 0.000668095 0.998928 -0.0462877 -5.96398 -0.994138 -0.00434082 -0.108027 109.079 
-0.113102 0.0458133 0.992527 56.566 -0.000555819 0.998933 -0.0461723 -6.01156 -0.993583 -0.00577386 -0.112956 109.028 
-0.115457 0.0441727 0.99233 57.2827 0.00217523 0.99902 -0.0442173 -6.04251 -0.99331 -0.00294667 -0.11544 108.956 
-0.117467 0.0416491 0.992203 57.9691 0.00390891 0.999132 -0.0414771 -6.07365 -0.993069 -0.000993764 -0.117528 108.894 
-0.116882 0.0388659 0.992385 58.6635 0.0053065 0.999244 -0.0385094 -6.12479 -0.993132 0.000765026 -0.117 108.799 
-0.11782 0.0369919 0.992346 59.3588 0.00324948 0.999315 -0.0368658 -6.17145 -0.99303 -0.00111892 -0.117859 108.723 
-0.116177 0.041743 0.992351 60.0727 0.00639272 0.999127 -0.0412795 -6.20096 -0.993208 0.00154808 -0.116343 108.631 
-0.116344 0.0448912 0.992194 60.7781 0.0134744 0.998957 -0.0436172 -6.26101 -0.993118 0.00829468 -0.116827 108.553 
-0.115131 0.0498407 0.992099 61.4786 0.0210873 0.998638 -0.047722 -6.30865 -0.993127 0.0154264 -0.116025 108.458 
-0.115897 0.0513508 0.991933 62.2439 0.0220428 0.99855 -0.0491178 -6.35226 -0.993017 0.0161724 -0.116861 108.39 
-0.115283 0.049473 0.9921 62.9872 0.0221428 0.998639 -0.0472261 -6.4023 -0.993086 0.0165234 -0.116222 108.315 
-0.113877 0.044948 0.992478 63.739 0.022097 0.998844 -0.0427009 -6.43792 -0.993249 0.0170682 -0.114738 108.215 
-0.112134 0.0428046 0.992771 64.4377 0.0243319 0.998891 -0.0403201 -6.494 -0.993395 0.0196348 -0.113051 108.129 
-0.112392 0.0425449 0.992753 65.1447 0.026683 0.998852 -0.0397854 -6.55509 -0.993306 0.0220181 -0.113398 108.068 
-0.112337 0.0440418 0.992694 65.8676 0.0254091 0.998818 -0.0414381 -6.59411 -0.993345 0.0205684 -0.113323 107.987 
-0.114205 0.0457922 0.992401 66.6184 0.0268297 0.998715 -0.042996 -6.63478 -0.993095 0.0217155 -0.115287 107.921 
-0.115853 0.0473324 0.992138 67.3585 0.0287748 0.998605 -0.0442808 -6.66586 -0.99285 0.0234185 -0.117053 107.842 
-0.117528 0.0474235 0.991937 68.0635 0.029378 0.998588 -0.0442607 -6.71246 -0.992635 0.0239393 -0.118755 107.774 
-0.119024 0.046969 0.99178 68.832 0.030261 0.998588 -0.0436597 -6.77488 -0.99243 0.0248157 -0.120277 107.681 
-0.119405 0.04869 0.991651 69.5642 0.0287819 0.998547 -0.0455629 -6.82272 -0.992428 0.0231012 -0.120633 107.598 
-0.119732 0.0505386 0.991519 70.3345 0.0279577 0.998479 -0.0475173 -6.86186 -0.992413 0.0220312 -0.120963 107.516 
-0.119941 0.0532431 0.991352 71.1242 0.0295806 0.998309 -0.0500378 -6.90149 -0.99234 0.0233232 -0.121313 107.421 
-0.120152 0.053431 0.991317 71.8554 0.0299267 0.998292 -0.0501797 -6.95531 -0.992304 0.0236376 -0.121545 107.342 
-0.120649 0.0506417 0.991403 72.633 0.0309977 0.998403 -0.0472269 -7.02626 -0.992211 0.0250333 -0.122026 107.242 
-0.121613 0.0487218 0.991381 73.3938 0.0279138 0.998567 -0.0456508 -7.07906 -0.992185 0.0221215 -0.122799 107.168 
-0.122876 0.0459178 0.991359 74.2044 0.0223338 0.998804 -0.0434944 -7.12326 -0.992171 0.0167964 -0.123754 107.08 
-0.123038 0.0462689 0.991323 74.9776 0.0234238 0.99877 -0.0437092 -7.15221 -0.992126 0.0178427 -0.12397 106.956 
-0.124539 0.047069 0.991098 75.7557 0.024217 0.998721 -0.044388 -7.19612 -0.991919 0.0184734 -0.125519 106.868 
-0.126716 0.0490465 0.990726 76.5361 0.0244509 0.998628 -0.0463104 -7.23225 -0.991638 0.0183559 -0.127742 106.79 
-0.127085 0.0518943 0.990533 77.3261 0.0245392 0.998489 -0.0491627 -7.30657 -0.991588 0.018059 -0.128166 106.674 
-0.127343 0.0561453 0.990268 78.1474 0.0277463 0.998208 -0.0530273 -7.35627 -0.991471 0.0207236 -0.128673 106.573 
-0.128299 0.0596554 0.98994 78.9534 0.0284992 0.997999 -0.0564474 -7.41994 -0.991326 0.0209704 -0.129742 106.49 
-0.128742 0.0619926 0.989739 79.7738 0.0313538 0.9978 -0.0584191 -7.46577 -0.991182 0.0235111 -0.130403 106.407 
-0.127069 0.0625315 0.989921 80.5919 0.0361184 0.997641 -0.0583829 -7.51297 -0.991236 0.0283356 -0.129028 106.294 
-0.127357 0.0590881 0.990095 81.4075 0.0364894 0.997827 -0.0548558 -7.59307 -0.991186 0.0291417 -0.129237 106.214 
-0.126613 0.0574084 0.99029 82.27 0.0351719 0.997956 -0.0533559 -7.6517 -0.991329 0.0280749 -0.128373 106.112 
-0.125093 0.0565774 0.990531 83.1267 0.0348474 0.998007 -0.0526036 -7.69599 -0.991533 0.0279371 -0.126815 106.023 
-0.1241 0.0534326 0.99083 83.983 0.0351504 0.998159 -0.0494253 -7.75162 -0.991647 0.0286944 -0.12575 105.96 
-0.123355 0.0496879 0.991118 84.8517 0.0336186 0.998382 -0.0458678 -7.80139 -0.991793 0.027662 -0.124826 105.867 
-0.122476 0.0505843 0.991182 85.7065 0.0299958 0.998433 -0.0472479 -7.82667 -0.992018 0.0239445 -0.123802 105.771 
-0.120527 0.0541662 0.991231 86.5371 0.0315948 0.998214 -0.050706 -7.88897 -0.992207 0.0252064 -0.122023 105.692 
-0.11863 0.0598034 0.991136 87.391 0.0308663 0.997924 -0.0565185 -7.95854 -0.992459 0.0238879 -0.12023 105.601 
-0.117906 0.0630811 0.991019 88.2645 0.0286703 0.997781 -0.0601004 -8.02226 -0.992611 0.0213266 -0.119453 105.527 
-0.116494 0.0598341 0.991387 89.0922 0.0268848 0.998008 -0.0570745 -8.09077 -0.992827 0.0200044 -0.117871 105.451 
-0.114736 0.057416 0.991735 89.9518 0.0290766 0.998095 -0.0544202 -8.1616 -0.99297 0.0225923 -0.116186 105.363 
-0.115545 0.0554985 0.991751 90.7933 0.0284832 0.998212 -0.0525416 -8.22475 -0.992894 0.0221773 -0.116919 105.302 
-0.116044 0.0551149 0.991714 91.6502 0.0256169 0.998293 -0.052483 -8.29378 -0.992914 0.0193142 -0.117258 105.235 
-0.11507 0.0552685 0.991819 92.5062 0.0274185 0.998247 -0.0524456 -8.358 -0.992979 0.0211592 -0.116384 105.15 
-0.113405 0.0535735 0.992103 93.368 0.0302243 0.998269 -0.0504515 -8.42752 -0.993089 0.0242642 -0.114828 105.047 
-0.111755 0.0525057 0.992348 94.2467 0.0328024 0.998254 -0.0491241 -8.48243 -0.993194 0.0270615 -0.113282 104.949 
-0.110698 0.0536068 0.992407 95.1195 0.0353542 0.998125 -0.049972 -8.55901 -0.993225 0.029554 -0.112385 104.859 
-0.109372 0.055746 0.992437 95.9581 0.0356718 0.998003 -0.0521274 -8.61015 -0.993361 0.0297007 -0.111142 104.78 
-0.106058 0.05806 0.992664 96.7722 0.0337315 0.997929 -0.0547641 -8.66649 -0.993788 0.0276758 -0.107797 104.663 
-0.105605 0.0533944 0.992974 97.6507 0.0297324 0.998281 -0.0505176 -8.74774 -0.993964 0.0241885 -0.107011 104.6 
-0.10472 0.051769 0.993153 98.5231 0.025641 0.998453 -0.0493415 -8.81395 -0.994171 0.0202983 -0.105886 104.496 
-0.105359 0.0527115 0.993036 99.3726 0.0224593 0.998466 -0.0506167 -8.86484 -0.994181 0.01697 -0.106381 104.421 
-0.106323 0.0573125 0.992679 100.229 0.0203717 0.998254 -0.0554524 -8.93151 -0.994123 0.0143267 -0.107305 104.35 
-0.107027 0.059635 0.992466 101.061 0.0201402 0.998125 -0.0578031 -9.00255 -0.994052 0.013802 -0.108028 104.274 
-0.107677 0.0595485 0.992401 101.89 0.0205376 0.998125 -0.0576636 -9.0684 -0.993974 0.0141725 -0.108698 104.192 
-0.108547 0.059761 0.992293 102.73 0.0215779 0.998098 -0.0577501 -9.11743 -0.993857 0.0151429 -0.10963 104.122 
-0.108714 0.0621264 0.99213 103.579 0.0234643 0.997928 -0.0599183 -9.15744 -0.993796 0.0167657 -0.109946 104.049 
-0.10816 0.0660145 0.991939 104.424 0.0245257 0.997666 -0.0637213 -9.21734 -0.993831 0.0174359 -0.109526 103.963 
-0.108775 0.0675668 0.991768 105.268 0.0239769 0.997575 -0.0653327 -9.27461 -0.993777 0.016673 -0.110131 103.885 
-0.110781 0.0683531 0.991492 106.085 0.0223716 0.997551 -0.0662712 -9.33427 -0.993593 0.0148397 -0.112039 103.824 
-0.113446 0.0670583 0.991279 106.887 0.0211417 0.997657 -0.0650702 -9.41575 -0.993319 0.0135753 -0.114598 103.764 
-0.117493 0.0695288 0.990637 107.696 0.0208477 0.997499 -0.0675378 -9.47121 -0.992855 0.0127173 -0.118648 103.701 
-0.121876 0.0707443 0.990021 108.492 0.0187481 0.997443 -0.0689666 -9.56356 -0.992368 0.0101556 -0.122891 103.637 
-0.12528 0.0712927 0.989557 109.287 0.018388 0.99741 -0.0695305 -9.6442 -0.991951 0.00948519 -0.126266 103.553 
-0.12828 0.0728472 0.989059 110.069 0.0179101 0.997306 -0.0711317 -9.69394 -0.991576 0.00858939 -0.129239 103.465 
-0.130897 0.0722625 0.988759 110.842 0.0193216 0.997337 -0.0703314 -9.7531 -0.991208 0.00989818 -0.131945 103.373 
-0.131455 0.0728643 0.988641 111.613 0.0223188 0.99726 -0.0705319 -9.83247 -0.991071 0.0127935 -0.132721 103.248 
-0.133907 0.0777259 0.987941 112.387 0.0179871 0.996946 -0.0759963 -9.89983 -0.990831 0.00759378 -0.134896 103.178 
-0.135762 0.0834366 0.987222 113.147 0.0141947 0.996509 -0.0822694 -9.98639 -0.99064 0.00284422 -0.136472 103.087 
-0.138255 0.0870733 0.986562 113.935 0.0190901 0.996177 -0.0852467 -10.0508 -0.990213 0.00704769 -0.139389 102.989 
-0.142104 0.0847482 0.986217 114.728 0.0195004 0.996374 -0.0828112 -10.1209 -0.98966 0.00746377 -0.143242 102.907 
-0.143257 0.075868 0.986773 115.476 0.0178814 0.997093 -0.0740654 -10.2159 -0.989524 0.00703445 -0.144198 102.788 
-0.147304 0.0736048 0.986349 116.26 0.016689 0.99727 -0.0719274 -10.2916 -0.98895 0.00586595 -0.148131 102.715 
-0.149073 0.0762992 0.985878 117.017 0.0161615 0.997073 -0.0747219 -10.3638 -0.988694 0.00479424 -0.14987 102.607 
-0.152143 0.0797455 0.985136 117.759 0.0120758 0.996815 -0.078826 -10.4378 -0.988285 -9.65597e-05 -0.152621 102.508 
-0.154996 0.0823603 0.984476 118.484 0.0125612 0.996603 -0.0813971 -10.5129 -0.987835 -0.000250023 -0.155504 102.418 
-0.157438 0.086255 0.983755 119.232 0.0156455 0.996271 -0.0848485 -10.5916 -0.987405 0.00203292 -0.158201 102.316 
-0.159925 0.0916302 0.982867 119.996 0.016285 0.995792 -0.0901853 -10.6566 -0.986995 0.00158307 -0.160744 102.219 
-0.16365 0.0941166 0.982019 120.716 0.0162627 0.995561 -0.0927043 -10.7299 -0.986384 0.000799278 -0.164454 102.121 
-0.166018 0.0928141 0.981745 121.476 0.0179189 0.99568 -0.0911013 -10.7993 -0.98596 0.00246727 -0.166964 102.012 
-0.171788 0.0912226 0.980901 122.225 0.0234592 0.9958 -0.0884996 -10.8517 -0.984855 0.00780799 -0.173207 101.937 
-0.176735 0.0898926 0.980145 122.97 0.0267796 0.995891 -0.0865079 -10.9322 -0.983894 0.0109589 -0.178416 101.795 
-0.182276 0.0889271 0.979218 123.707 0.0244791 0.996003 -0.0858948 -11.0087 -0.982943 0.00831379 -0.183725 101.664 
-0.19 0.0895694 0.97769 124.409 0.0255402 0.995944 -0.0862783 -11.0761 -0.981452 0.0085775 -0.191517 101.524 
-0.200875 0.0890483 0.975561 125.113 0.0257149 0.995996 -0.0856186 -11.1703 -0.979279 0.00788775 -0.202361 101.385 
-0.212786 0.090867 0.972865 125.818 0.027302 0.995831 -0.0870405 -11.228 -0.976717 0.00804019 -0.214379 101.241 
-0.226223 0.0909105 0.969824 126.55 0.0300507 0.995813 -0.086337 -11.3155 -0.973612 0.00961253 -0.228008 101.11 
-0.24178 0.0919967 0.96596 127.236 0.0353431 0.99567 -0.0859797 -11.3773 -0.969687 0.0133519 -0.243984 101.01 
-0.252921 0.0924312 0.963061 127.956 0.0394117 0.995584 -0.0852022 -11.442 -0.966684 0.0164064 -0.255447 100.835 
-0.262577 0.0963878 0.960085 128.656 0.044282 0.995154 -0.0877977 -11.4678 -0.963894 0.0194608 -0.265573 100.652 
-0.271448 0.098028 0.957448 129.34 0.0491034 0.994915 -0.0879425 -11.5216 -0.9612 0.0231421 -0.274881 100.466 
-0.278646 0.0976262 0.955419 130.027 0.0568565 0.994752 -0.0850632 -11.6143 -0.95871 0.0306193 -0.282734 100.275 
-0.285151 0.0959028 0.953673 130.699 0.0565308 0.994932 -0.0831491 -11.7014 -0.956814 0.0302019 -0.289127 100.088 
-0.294506 0.0962848 0.950787 131.359 0.0561429 0.994936 -0.0833655 -11.7239 -0.953999 0.0288283 -0.298421 99.9727 
-0.295507 0.0943802 0.950667 132.07 0.0633465 0.994854 -0.0790762 -11.7853 -0.953238 0.0368538 -0.299965 99.7343 
-0.294394 0.0927157 0.951176 132.729 0.0686391 0.994764 -0.0757202 -11.8519 -0.953216 0.0429963 -0.299217 99.5142 
-0.294194 0.0922552 0.951283 133.405 0.0734659 0.994568 -0.0737329 -11.9178 -0.952918 0.048195 -0.299373 99.2863 
-0.292541 0.0975075 0.951269 134.048 0.0768482 0.993967 -0.0782513 -11.9771 -0.95316 0.0502116 -0.298269 99.0823 
-0.288652 0.0993595 0.952265 134.708 0.0770653 0.993785 -0.0803315 -12.0549 -0.954328 0.0501987 -0.294515 98.857 
-0.287297 0.10208 0.952387 135.363 0.0820274 0.993274 -0.0817184 -12.0881 -0.954323 0.0546443 -0.293738 98.6672 
-0.287246 0.100643 0.952555 136.025 0.0780953 0.993615 -0.0814309 -12.1428 -0.954668 0.0509993 -0.293272 98.4933 
-0.285756 0.0979535 0.953283 136.658 0.0817889 0.993626 -0.0775818 -12.2217 -0.954806 0.0557985 -0.291946 98.321 
-0.283165 0.0996765 0.953877 137.297 0.0827855 0.993413 -0.0792323 -12.2803 -0.955492 0.0565314 -0.289552 98.1281 
-0.278872 0.101994 0.954897 137.924 0.091729 0.992627 -0.0792354 -12.3328 -0.955937 0.0654952 -0.286172 97.9325 
-0.275283 0.105104 0.955601 138.555 0.0882252 0.992573 -0.0837557 -12.3891 -0.957307 0.0612516 -0.282511 97.7562 
-0.269643 0.1044 0.957284 139.176 0.0898759 0.992495 -0.0829238 -12.454 -0.958757 0.063677 -0.277002 97.5987 
-0.265861 0.103353 0.958455 139.778 0.0913008 0.992467 -0.0816951 -12.5198 -0.959678 0.0657882 -0.273294 97.4584 
-0.262305 0.101516 0.95963 140.402 0.0878017 0.992837 -0.0810289 -12.5788 -0.960982 0.0630029 -0.269339 97.3099 
-0.258566 0.0993937 0.960867 141.047 0.0899188 0.99285 -0.0785053 -12.6604 -0.9618 0.0661012 -0.265654 97.1451 
-0.253672 0.0966345 0.962451 141.642 0.0896809 0.993061 -0.0760708 -12.7302 -0.963124 0.0670164 -0.260579 96.985 
-0.251432 0.0964783 0.963055 142.246 0.0941687 0.992737 -0.0748665 -12.7731 -0.963283 0.0718658 -0.258691 96.8621 
-0.246812 0.0954209 0.964354 142.853 0.0959738 0.992655 -0.0736581 -12.8226 -0.964299 0.074373 -0.254157 96.7082 
-0.244849 0.093612 0.965031 143.479 0.0952903 0.992833 -0.0721316 -12.9248 -0.964867 0.0742967 -0.252015 96.5987 
-0.240707 0.095655 0.965873 144.046 0.0955719 0.992632 -0.0744874 -12.9835 -0.965881 0.0743806 -0.248075 96.4666 
-0.23546 0.0989738 0.966831 144.613 0.0950575 0.992377 -0.0784388 -13.0402 -0.967224 0.0734354 -0.243073 96.3277 
-0.229725 0.102472 0.967846 145.189 0.0963581 0.991951 -0.0821527 -13.089 -0.968474 0.0743872 -0.23775 96.1958 
-0.224244 0.102936 0.969081 145.771 0.0927007 0.99215 -0.0839355 -13.1395 -0.970114 0.0710125 -0.232026 96.0897 
-0.217274 0.100338 0.97094 146.342 0.0887972 0.99261 -0.0827066 -13.2077 -0.972063 0.0682468 -0.224578 95.9991 
