1 2.12261e-08 -2.11895e-08 0 2.12261e-08 1 2.10703e-08 0 -2.11895e-08 2.10703e-08 1 0 
0.999994 0.00332984 0.00126366 -0.00919868 -0.00332878 0.999994 -0.000804996 -0.0129498 -0.00126638 0.000800827 0.999999 1.23242 
0.999992 0.00367929 0.00179041 -0.0136327 -0.00367803 0.999993 -0.000679268 -0.0286284 -0.00179294 0.00067272 0.999998 2.44352 
0.999997 0.000356302 0.00263657 -0.0299228 -0.000354231 1 -0.000770034 -0.0612566 -0.00263688 0.000769139 0.999996 3.58876 
0.999996 0.00159681 0.0025387 -0.0268193 -0.00159717 0.999999 0.00015876 -0.0852766 -0.00253849 -0.000162772 0.999997 4.78831 
0.999987 0.000965141 0.00504768 -0.064519 -0.000963703 1 -0.000278922 -0.106646 -0.00504799 0.000274096 0.999987 5.98446 
0.99999 0.00183347 0.00400167 0.0109208 -0.00182687 0.999997 -0.00164087 -0.117208 -0.00400471 0.00163359 0.999991 7.28687 
0.999985 0.00224182 0.00498937 0.00187917 -0.00223067 0.999995 -0.00222986 -0.151296 -0.00499439 0.00221874 0.999985 8.51227 
0.999992 -0.00317594 0.00224784 0.0260654 0.00317445 0.999995 0.000685746 -0.202489 -0.00225005 -0.000678563 0.999997 9.67876 
0.999991 -0.00348391 0.00228539 -0.0158399 0.00347961 0.999992 0.00190301 -0.223619 -0.00229204 -0.001895 0.999996 10.8327 
0.999993 -0.00363612 -0.00123195 -0.0244169 0.00363832 0.999992 0.00175421 -0.25384 0.00122552 -0.00175864 0.999998 12.0525 
0.999987 -0.00412594 -0.00289481 -0.0484078 0.00413096 0.99999 0.00171556 -0.275986 0.00288766 -0.00172746 0.999994 13.3227 
0.999981 -0.00545017 -0.00285115 -0.102623 0.00545722 0.999982 0.00245514 -0.317419 0.00283768 -0.00247061 0.999993 14.4817 
0.999991 -0.00327683 -0.00283094 -0.166023 0.00328558 0.99999 0.00307476 -0.342213 0.0028208 -0.00308399 0.999991 15.6286 
0.999979 -0.00471773 -0.00435935 -0.137341 0.00472917 0.999985 0.00260755 -0.370604 0.00434694 -0.00262807 0.999987 16.7793 
0.999963 -0.00635323 -0.00582173 -0.159047 0.00637361 0.999974 0.0034801 -0.400777 0.00579943 -0.00351704 0.999977 17.9623 
0.999972 -0.0053403 -0.00525555 -0.209951 0.00535475 0.999982 0.00273126 -0.413778 0.00524083 -0.00275928 0.999983 19.1433 
0.999959 -0.00385619 -0.00821867 -0.213538 0.00387752 0.999989 0.00257551 -0.454899 0.0082086 -0.00260723 0.999963 20.3022 
0.999935 -0.00686575 -0.00915116 -0.244426 0.0068634 0.999976 -0.000293442 -0.454186 0.00915291 0.000230657 0.999958 21.5498 
0.99994 -0.00539208 -0.00955361 -0.274802 0.00539604 0.999985 0.00038482 -0.459157 0.00955135 -0.000436306 0.999954 22.7473 
0.999918 -0.00759564 -0.0102773 -0.310947 0.00760759 0.99997 0.00111996 -0.500249 0.0102685 -0.00119801 0.999947 23.9886 
0.999907 -0.00838243 -0.0107322 -0.330869 0.00840777 0.999962 0.00231491 -0.545276 0.0107123 -0.00240489 0.99994 25.2339 
0.999906 -0.00992721 -0.00944413 -0.415246 0.00996026 0.999944 0.00345415 -0.572832 0.00940928 -0.00354784 0.999949 26.3577 
0.999906 -0.00951032 -0.00987498 -0.447345 0.00955886 0.999942 0.00487552 -0.587163 0.009828 -0.00496942 0.999939 27.5429 
0.999905 -0.0095349 -0.00992244 -0.477672 0.0095762 0.999946 0.00411872 -0.590617 0.00988259 -0.00421331 0.999942 28.7621 
0.999931 -0.00705577 -0.00941687 -0.534416 0.00708551 0.99997 0.00312401 -0.608545 0.0093945 -0.00319047 0.999951 29.9165 
0.999891 -0.00670838 -0.013184 -0.546174 0.00674652 0.999973 0.00284746 -0.628971 0.0131645 -0.00293605 0.999909 31.0943 
0.999849 -0.00771535 -0.0155745 -0.579165 0.00773288 0.99997 0.00106335 -0.639217 0.0155658 -0.00118358 0.999878 32.337 
0.999854 -0.00921104 -0.0144002 -0.678142 0.00924 0.999955 0.00194261 -0.64179 0.0143816 -0.00207535 0.999894 33.6472 
0.999825 -0.0110963 -0.0150545 -0.745057 0.0110985 0.999938 6.15992e-05 -0.617331 0.0150528 -0.000228628 0.999887 34.8851 
0.999759 -0.0165807 -0.0144165 -0.855416 0.0165569 0.999861 -0.00176879 -0.601311 0.0144438 0.00152971 0.999895 35.9191 
0.999798 -0.015817 -0.0123665 -0.95387 0.0157947 0.999873 -0.00189671 -0.627278 0.0123949 0.00170105 0.999922 37.2587 
0.999782 -0.016561 -0.0127086 -0.974816 0.0165368 0.999861 -0.00200491 -0.632708 0.01274 0.00179436 0.999917 38.4852 
0.99982 -0.0154968 -0.0109929 -1.09824 0.015474 0.999878 -0.00216525 -0.628715 0.011025 0.0019948 0.999937 39.6885 
0.999812 -0.0157048 -0.0113349 -1.14878 0.0156873 0.999876 -0.00163218 -0.663924 0.0113591 0.0014541 0.999934 40.8147 
0.999843 -0.0151682 -0.00916091 -1.24176 0.0151632 0.999885 -0.000620598 -0.721968 0.00916923 0.000481635 0.999958 41.935 
0.999875 -0.0139176 -0.00745318 -1.3015 0.0139109 0.999903 -0.000951509 -0.724386 0.00746566 0.000847752 0.999972 43.1625 
0.999903 -0.0106729 -0.00897563 -1.29394 0.010686 0.999942 0.00140039 -0.774989 0.00896013 -0.00149613 0.999959 44.3355 
0.999912 -0.0118932 -0.00591758 -1.35743 0.0119212 0.999918 0.00470618 -0.810219 0.00586108 -0.00477627 0.999971 45.5781 
0.999951 -0.00907273 -0.00398034 -1.41614 0.00908489 0.999954 0.00303705 -0.753855 0.00395256 -0.00307302 0.999988 46.7304 
0.999936 -0.0107301 -0.00372246 -1.42949 0.0107544 0.999921 0.00657552 -0.792202 0.00365157 -0.00661509 0.999971 47.9345 
0.999905 -0.0132057 -0.00401841 -1.44059 0.0132404 0.999874 0.00872237 -0.819593 0.00390268 -0.00877471 0.999954 49.0835 
0.999917 -0.0125906 -0.00285506 -1.41707 0.0126108 0.999895 0.00714333 -0.821598 0.00276478 -0.00717869 0.99997 50.3267 
0.999943 -0.0106018 -0.00122385 -1.45026 0.0106071 0.999934 0.00440795 -0.814788 0.00117699 -0.00442064 0.99999 51.5429 
0.999961 -0.00882737 0.000812496 -1.48206 0.0088244 0.999954 0.00364776 -0.834456 -0.000844701 -0.0036404 0.999993 52.7238 
0.999956 -0.00934009 0.00021405 -1.49697 0.00933939 0.999951 0.00321396 -0.86338 -0.000244101 -0.00321178 0.999995 53.8828 
0.999932 -0.0115821 -0.00103249 -1.51504 0.0115857 0.999927 0.00350227 -0.902889 0.00099181 -0.00351396 0.999993 55.069 
0.999942 -0.0103977 -0.00264004 -1.54328 0.0104069 0.99994 0.00349856 -0.922686 0.00260346 -0.00352579 0.99999 56.3005 
0.999913 -0.012917 -0.00253393 -1.60518 0.0129293 0.999904 0.00489311 -0.93255 0.00247044 -0.00492541 0.999985 57.4724 
0.999929 -0.0117095 -0.00219567 -1.645 0.0117178 0.999924 0.00377714 -0.939059 0.00215124 -0.00380256 0.99999 58.6984 
0.999927 -0.0116689 -0.00314433 -1.67612 0.0116851 0.999918 0.00517679 -0.991614 0.00308362 -0.00521311 0.999982 59.8837 
0.999919 -0.0116995 -0.0050706 -1.67792 0.0117217 0.999922 0.00436897 -0.998582 0.00501905 -0.00442801 0.999978 61.0728 
0.999938 -0.0105288 -0.00376911 -1.73917 0.0105406 0.99994 0.00310842 -0.9998 0.00373612 -0.00314791 0.999988 62.2728 
0.999957 -0.00876754 -0.003012 -1.767 0.00877056 0.999961 0.000978619 -0.984642 0.00300326 -0.00100495 0.999995 63.5496 
0.999956 -0.00847979 -0.00403567 -1.78649 0.00848758 0.999962 0.00190772 -0.997648 0.0040193 -0.00194184 0.99999 64.7348 
0.999911 -0.0125637 -0.0044704 -1.79428 0.0125672 0.999921 0.000757266 -1.00543 0.00446049 -0.000813336 0.99999 65.9642 
0.999931 -0.0104532 -0.0054235 -1.81796 0.010455 0.999945 0.000298318 -1.03885 0.00542004 -0.000354958 0.999985 67.0965 
0.999927 -0.0101617 -0.00661622 -1.85319 0.0101552 0.999948 -0.00101537 -1.06247 0.00662615 0.000948149 0.999978 68.2899 
0.999965 -0.00611531 -0.00576295 -1.92907 0.00611145 0.999981 -0.000694546 -1.07139 0.00576705 0.000659344 0.999983 69.424 
0.999973 -0.00500665 -0.0054633 -1.96803 0.00500611 0.999988 -0.000119729 -1.1064 0.00546378 9.24181e-05 0.999985 70.6167 
0.999996 -0.00286381 -0.000461212 -2.05921 0.00286223 0.99999 -0.00349555 -1.06225 0.000471176 0.00349425 0.999994 71.9113 
0.999996 -0.00262357 0.00105017 -2.08491 0.00262693 0.999992 -0.00317167 -1.09421 -0.00104189 0.00317446 0.999994 73.0978 
0.999996 -0.00250623 0.00161891 -2.08687 0.00251369 0.999986 -0.0045972 -1.10481 -0.00160741 0.00460129 0.999988 74.2605 
0.999978 -0.00480805 0.00460092 -2.1094 0.00483417 0.999972 -0.00567229 -1.15471 -0.00457356 0.00569445 0.999973 75.4389 
0.999947 -0.00534269 0.00881262 -2.13377 0.00543358 0.999932 -0.0103174 -1.17851 -0.00875694 0.0103648 0.999908 76.5902 
0.999933 -0.0067486 0.00940226 -2.09272 0.00683874 0.999931 -0.00958301 -1.23934 -0.00933698 0.00964671 0.99991 77.8057 
0.999848 -0.00846053 0.015242 -2.23305 0.00856596 0.99994 -0.00686206 -1.27651 -0.0151831 0.00699162 0.99986 79.2501 
0.999644 -0.0124879 0.0235831 -2.47332 0.0125703 0.999915 -0.00334629 -1.34831 -0.0235394 0.00364159 0.999716 80.904 
0.999555 -0.00737183 0.0289095 -2.48692 0.00757124 0.999948 -0.00679288 -1.38042 -0.028858 0.00700878 0.999559 82.1053 
0.999345 -0.00911905 0.035024 -2.50452 0.00936964 0.999932 -0.00699598 -1.4558 -0.0349579 0.0073196 0.999362 83.1856 
0.999105 -0.00412404 0.0420875 -2.52191 0.00469593 0.999898 -0.0134973 -1.47413 -0.0420275 0.0136829 0.999023 84.3764 
0.998773 -0.00857542 0.0487852 -2.51435 0.00912608 0.999897 -0.011075 -1.54616 -0.0486853 0.0115067 0.998748 85.4349 
0.998468 -0.00963842 0.054493 -2.53016 0.0101987 0.999898 -0.0100113 -1.56684 -0.054391 0.0105518 0.998464 86.6863 
0.998211 -0.00824489 0.0592251 -2.51305 0.00887323 0.999907 -0.0103533 -1.60108 -0.0591343 0.0108604 0.998191 87.8187 
0.997928 -0.00726513 0.0639228 -2.46353 0.00804158 0.999897 -0.0118972 -1.6297 -0.0638298 0.0123866 0.997884 89.0146 
0.997627 -0.00537513 0.0686362 -2.42011 0.00635892 0.99988 -0.0141225 -1.66904 -0.0685521 0.0145254 0.997542 90.197 
0.997321 -0.00594608 0.0729013 -2.37918 0.00708274 0.999857 -0.0153424 -1.70055 -0.0727997 0.0158177 0.997221 91.4338 
0.997102 -0.0046208 0.0759382 -2.32326 0.00579807 0.999866 -0.0152893 -1.72308 -0.0758574 0.0156853 0.996995 92.5913 
0.997036 -0.00735041 0.0765839 -2.19709 0.00851569 0.999853 -0.0148997 -1.744 -0.0764632 0.0155077 0.996952 93.7904 
0.996798 -0.00750945 0.0796106 -2.12621 0.00861021 0.999872 -0.0134919 -1.77527 -0.0794991 0.0141342 0.996735 94.9281 
0.996688 -0.00724743 0.0809965 -2.02408 0.0081657 0.999906 -0.0110111 -1.8402 -0.0809092 0.0116361 0.996654 96.0588 
0.996605 -0.00581911 0.0821297 -1.98437 0.00695853 0.999883 -0.0135934 -1.87049 -0.082041 0.0141188 0.996529 97.1213 
0.996477 -0.00713272 0.0835672 -1.88093 0.0085559 0.999824 -0.0166841 -1.90462 -0.0834336 0.0173404 0.996363 98.3491 
0.996249 -0.00470956 0.0864076 -1.80113 0.00641511 0.99979 -0.0194708 -1.94519 -0.0862978 0.0199521 0.99607 99.6979 
0.995995 -0.00297608 0.0893578 -1.75443 0.00489782 0.999761 -0.021294 -1.96871 -0.0892732 0.0216465 0.995772 100.817 
0.995862 -0.00207648 0.0908532 -1.73088 0.00396199 0.99978 -0.0205775 -2.04343 -0.0907906 0.0208523 0.995652 101.853 
0.995861 -0.00325333 0.0908276 -1.69953 0.00492707 0.999822 -0.018209 -2.12521 -0.0907523 0.0185811 0.9957 102.936 
0.995649 -0.00222723 0.0931521 -1.73508 0.00390137 0.999834 -0.0177934 -2.12573 -0.0930971 0.0180794 0.995493 104.046 
0.995573 -0.00253822 0.0939541 -1.76482 0.00425346 0.999828 -0.0180599 -2.13683 -0.0938921 0.0183797 0.995413 105.003 
0.995416 0.000703676 0.0956386 -1.83286 0.000925883 0.999855 -0.0169928 -2.21876 -0.0956368 0.0170035 0.995271 106.095 
0.995698 0.00326731 0.092602 -1.7412 -0.00152818 0.999821 -0.0188449 -2.22163 -0.0926471 0.0186224 0.995525 107.277 
0.995904 0.00393047 0.0903267 -1.71958 -0.00218794 0.99981 -0.0193819 -2.29085 -0.0903857 0.019105 0.995724 108.35 
0.996002 0.00466808 0.0892073 -1.71322 -0.00302751 0.999824 -0.0185165 -2.31654 -0.0892781 0.0181724 0.995841 109.48 
0.996261 0.00610718 0.0861817 -1.66136 -0.00451917 0.999817 -0.0186088 -2.33815 -0.0862796 0.0181498 0.996106 110.717 
0.996314 0.00812738 0.0853904 -1.73422 -0.00659685 0.999813 -0.0181902 -2.38474 -0.0855223 0.0175599 0.996182 111.969 
0.996461 0.00746179 0.0837209 -1.72849 -0.00599737 0.999825 -0.0177291 -2.4366 -0.0838386 0.0171643 0.996332 113.106 
0.996719 0.00990858 0.080337 -1.68205 -0.00845229 0.999794 -0.0184466 -2.45466 -0.0805033 0.0177071 0.996597 114.322 
0.996903 0.0115242 0.0777951 -1.65074 -0.0100346 0.999759 -0.019511 -2.48161 -0.0780013 0.01867 0.996778 115.567 
0.997137 0.0126844 0.074548 -1.62161 -0.0112135 0.999735 -0.0201153 -2.5294 -0.0747835 0.0192218 0.997015 116.766 
0.997456 0.0142644 0.0698446 -1.56257 -0.0128675 0.999709 -0.0204093 -2.58169 -0.0701154 0.0194587 0.997349 117.976 
0.997641 0.0155067 0.0668669 -1.49696 -0.0141842 0.999695 -0.0202065 -2.63384 -0.0671599 0.0192104 0.997557 119.244 
0.99755 0.0198731 0.0670757 -1.495 -0.0184232 0.999585 -0.0221642 -2.63704 -0.0674883 0.0208742 0.997502 120.491 
0.997663 0.0188653 0.0656694 -1.41074 -0.0175257 0.999628 -0.0209155 -2.70637 -0.0660396 0.0197157 0.997622 121.767 
0.997662 0.0196343 0.0654681 -1.38448 -0.0183101 0.999617 -0.0207652 -2.77153 -0.0658508 0.0195179 0.997639 122.946 
0.997886 0.020796 0.0615656 -1.25962 -0.0195954 0.999607 -0.0200407 -2.81486 -0.0619583 0.0187919 0.997902 124.249 
0.997895 0.0205363 0.0615203 -1.23316 -0.0194367 0.999641 -0.0184185 -2.87519 -0.0618765 0.017184 0.997936 125.447 
0.997811 0.0229339 0.0620312 -1.21556 -0.021958 0.999625 -0.0163679 -2.92676 -0.0623833 0.01497 0.99794 126.641 
0.997878 0.0245592 0.0603084 -1.11955 -0.023764 0.999621 -0.0138674 -2.95315 -0.0606262 0.0124049 0.998083 127.927 
0.997887 0.0234664 0.0605811 -1.06702 -0.0226359 0.999641 -0.0143597 -2.97868 -0.0608963 0.012958 0.99806 129.154 
0.997763 0.0247865 0.0620803 -1.04525 -0.0237632 0.99957 -0.0171684 -2.98342 -0.0624792 0.0156548 0.997924 130.412 
0.997956 0.0196312 0.0608113 -0.969267 -0.0187032 0.9997 -0.0157914 -3.05494 -0.0611031 0.0146218 0.998024 131.664 
0.998248 0.0123856 0.057851 -0.859121 -0.0116755 0.999853 -0.0125967 -3.16184 -0.0579985 0.0118992 0.998246 133.079 
0.998364 0.0100227 0.0562982 -0.785218 -0.00949558 0.999909 -0.00962265 -3.21588 -0.0563896 0.00907236 0.998368 134.399 
0.998387 0.00801442 0.0562124 -0.715012 -0.00746371 0.999922 -0.0099994 -3.23931 -0.0562882 0.00956375 0.998369 135.586 
0.998415 0.00288258 0.0562035 -0.657803 -0.00226933 0.999937 -0.0109712 -3.29306 -0.0562316 0.0108264 0.998359 136.896 
0.998487 0.000150643 0.0549862 -0.574972 0.000597771 0.999907 -0.0135934 -3.30924 -0.0549832 0.0136058 0.998395 138.17 
0.998464 -0.00236496 0.0553471 -0.546518 0.00308373 0.999912 -0.0129041 -3.36325 -0.0553118 0.013055 0.998384 139.428 
0.998403 -0.00138676 0.056472 -0.507265 0.00204587 0.99993 -0.0116144 -3.40088 -0.0564521 0.0117115 0.998337 140.698 
0.998367 0.00160435 0.0571067 -0.487059 -0.0010047 0.999944 -0.0105269 -3.42464 -0.0571205 0.0104523 0.998313 141.93 
0.998368 0.00416575 0.0569632 -0.418766 -0.00368635 0.999957 -0.00851779 -3.47717 -0.0569963 0.00829394 0.99834 143.186 
0.998341 0.0036033 0.057459 -0.359783 -0.00305862 0.99995 -0.00956378 -3.54367 -0.0574906 0.00937221 0.998302 144.48 
0.998289 0.00438089 0.0583156 -0.322871 -0.00372965 0.99993 -0.0112709 -3.57895 -0.0583609 0.0110342 0.998235 145.775 
0.998215 0.00371672 0.0596141 -0.264622 -0.00290852 0.999903 -0.0136376 -3.60645 -0.059659 0.0134399 0.998128 147.079 
0.998155 0.00188271 0.0606853 -0.21229 -0.000853384 0.999855 -0.0169825 -3.64138 -0.0607086 0.0168994 0.998013 148.241 
0.998026 0.00184375 0.0627734 -0.188582 -0.000510778 0.999774 -0.0212434 -3.69048 -0.0627984 0.0211695 0.997802 149.513 
0.998042 0.00384118 0.0624276 -0.133511 -0.00246487 0.999753 -0.0221079 -3.73858 -0.0624971 0.0219107 0.997805 150.804 
0.998052 0.00272592 0.0623339 -0.096483 -0.00140359 0.999773 -0.021247 -3.80203 -0.0623778 0.0211181 0.997829 152.057 
0.998003 0.00394615 0.0630381 -0.0394171 -0.00263884 0.99978 -0.0208074 -3.85684 -0.0631064 0.0205996 0.997794 153.312 
0.997998 0.00642666 0.0629137 0.0113532 -0.00521174 0.999797 -0.0194552 -3.90372 -0.063026 0.0190884 0.997829 154.532 
0.998044 0.00793868 0.0620094 0.0708152 -0.00679361 0.999803 -0.0186543 -3.98051 -0.0621454 0.0181966 0.997901 155.743 
0.99811 0.00595829 0.0611688 0.0967622 -0.0047605 0.999794 -0.0197081 -4.00814 -0.0612737 0.0193797 0.997933 156.914 
0.998164 0.0044365 0.0603989 0.163592 -0.00323441 0.999795 -0.019985 -4.04684 -0.0604753 0.019753 0.997974 158.245 
0.998202 0.00112902 0.059936 0.210501 1.59335e-05 0.999818 -0.0190982 -4.07953 -0.0599467 0.0190649 0.99802 159.53 
0.998171 0.00426289 0.0603023 0.210024 -0.00306435 0.999796 -0.0199535 -4.09129 -0.0603751 0.0197322 0.997981 160.822 
0.998291 0.00298367 0.058363 0.29163 -0.00183408 0.999804 -0.0197402 -4.15989 -0.0584105 0.0195994 0.9981 162.038 
0.9983 0.00452229 0.0581114 0.336551 -0.0032756 0.999763 -0.02153 -4.18876 -0.058195 0.0213031 0.998078 163.362 
0.998323 0.00566062 0.0576202 0.377777 -0.0044398 0.999763 -0.0212926 -4.24536 -0.0577272 0.0210011 0.998112 164.626 
0.998378 0.00885695 0.0562366 0.432913 -0.00769678 0.999754 -0.0208126 -4.3087 -0.0564071 0.020346 0.998201 165.787 
0.998465 0.00908303 0.054642 0.480281 -0.00793809 0.999745 -0.0211333 -4.36239 -0.0548201 0.0206671 0.998282 167.01 
0.998507 0.00876504 0.0539105 0.522136 -0.00754962 0.999714 -0.0227066 -4.38875 -0.0540942 0.0222658 0.998288 168.248 
0.998441 0.0124691 0.0544094 0.51436 -0.0115418 0.999783 -0.0173223 -4.47705 -0.0546136 0.0166673 0.998368 169.472 
0.998552 0.0124291 0.0523359 0.594333 -0.0115619 0.999791 -0.0168402 -4.511 -0.0525343 0.0162107 0.998488 170.723 
0.998628 0.0111187 0.0511636 0.659403 -0.0103247 0.999823 -0.0157546 -4.58133 -0.0513298 0.0152047 0.998566 171.963 
0.998594 0.010879 0.0518873 0.675417 -0.0100475 0.999817 -0.0162582 -4.62362 -0.0520547 0.015714 0.998521 173.226 
0.998645 0.0108663 0.0508914 0.7153 -0.0100597 0.99982 -0.016078 -4.70375 -0.051057 0.0155443 0.998575 174.513 
0.998679 0.0118484 0.0499972 0.767619 -0.0110339 0.999802 -0.0165345 -4.74697 -0.0501832 0.015961 0.998613 175.83 
0.998632 0.0121132 0.0508711 0.764768 -0.0113188 0.99981 -0.0158746 -4.77554 -0.0510537 0.0152771 0.998579 177.09 
0.998612 0.0119382 0.0512972 0.805964 -0.0110455 0.999783 -0.017652 -4.81713 -0.0514969 0.0170609 0.998527 178.36 
0.998759 0.00829216 0.0491056 0.879362 -0.00740327 0.999806 -0.0182551 -4.87774 -0.0492475 0.017869 0.998627 179.615 
0.998821 0.00516013 0.0482754 0.932144 -0.00429448 0.999828 -0.0180171 -4.93162 -0.0483602 0.0177886 0.998672 180.849 
0.998901 0.00444366 0.0466602 0.982227 -0.00371734 0.999871 -0.0156404 -4.96544 -0.0467237 0.0154498 0.998788 182.142 
0.998949 0.00115457 0.0458277 1.02342 -0.000700949 0.999951 -0.00991224 -5.00925 -0.0458369 0.00986974 0.9989 183.424 
0.998969 0.00218116 0.0453499 1.05422 -0.00169279 0.99994 -0.0108036 -5.05258 -0.0453708 0.0107157 0.998913 184.652 
0.998971 0.000411544 0.0453595 1.09233 0.000209662 0.999906 -0.0136886 -5.10595 -0.0453609 0.0136841 0.998877 185.888 
0.999022 -0.00154863 0.0441899 1.11086 0.00229728 0.999855 -0.016895 -5.13759 -0.0441573 0.01698 0.99888 187.113 
0.999016 -0.00664831 0.0438583 1.12918 0.00741541 0.999822 -0.0173498 -5.19637 -0.0437352 0.017658 0.998887 188.336 
0.999002 -0.00550156 0.0443338 1.15562 0.00621334 0.999854 -0.0159322 -5.24099 -0.0442397 0.0161918 0.99889 189.596 
0.998965 -0.00470913 0.0452513 1.19173 0.00541894 0.999864 -0.0155751 -5.23654 -0.0451719 0.0158043 0.998854 190.84 
0.99892 -0.0074809 0.0458587 1.23313 0.00815369 0.999862 -0.0145005 -5.28431 -0.0457439 0.0148588 0.998843 192.077 
0.998798 -0.00587438 0.0486684 1.19291 0.0066291 0.99986 -0.0153597 -5.31904 -0.0485714 0.0156639 0.998697 193.247 
0.998727 -0.0122883 0.0489145 1.27639 0.0132234 0.999735 -0.0188388 -5.34683 -0.0486701 0.0194616 0.998625 194.601 
0.998751 -0.0120747 0.0484746 1.35512 0.0130703 0.999709 -0.0202739 -5.39076 -0.0482157 0.0208822 0.998619 195.8 
0.998642 -0.0133093 0.0503763 1.38898 0.0143607 0.999685 -0.0205671 -5.43291 -0.0500867 0.0212626 0.998519 197.014 
0.998589 -0.0126989 0.0515655 1.44014 0.0138082 0.99968 -0.0212135 -5.44483 -0.0512796 0.0218956 0.998444 198.18 
0.998484 -0.0124013 0.0536261 1.447 0.0134401 0.999728 -0.0190545 -5.48548 -0.0533752 0.0197464 0.998379 199.417 
0.998434 -0.0121398 0.0546075 1.48033 0.0132038 0.999729 -0.0191653 -5.5306 -0.05436 0.0198564 0.998324 200.656 
0.998472 -0.0107544 0.0542042 1.58024 0.0118335 0.999737 -0.0196247 -5.56929 -0.0539789 0.0202362 0.998337 201.87 
0.998468 -0.0118737 0.0540414 1.65046 0.0129006 0.999742 -0.0186914 -5.62112 -0.0538056 0.01936 0.998364 203.07 
0.99838 -0.0123236 0.055549 1.66601 0.0133089 0.99976 -0.0174017 -5.73626 -0.0553213 0.0181129 0.998304 204.295 
0.998332 -0.0118296 0.0565078 1.71832 0.0129215 0.999736 -0.018997 -5.74161 -0.0562682 0.0196955 0.998221 205.447 
0.998255 -0.0122128 0.057769 1.75889 0.0132686 0.999751 -0.0179284 -5.79556 -0.0575357 0.0186637 0.998169 206.637 
0.998168 -0.0136034 0.0589538 1.80757 0.0146889 0.99973 -0.0180192 -5.84531 -0.0586928 0.0188522 0.998098 207.828 
0.998147 -0.0114814 0.0597598 1.83724 0.0125545 0.999766 -0.0176131 -5.88424 -0.0595436 0.0183308 0.998057 208.954 
0.998243 -0.0121138 0.0579972 1.92326 0.0130727 0.999784 -0.0161805 -5.92015 -0.0577887 0.0169102 0.998186 210.091 
0.99833 -0.013398 0.0561917 1.96547 0.014361 0.999756 -0.0167686 -5.95487 -0.0559534 0.0175476 0.998279 211.11 
0.998363 -0.0140061 0.055463 2.01643 0.0150359 0.999721 -0.0181936 -6.00123 -0.0551928 0.0189978 0.998295 212.153 
0.998348 -0.0125009 0.0560804 2.03698 0.0135899 0.999726 -0.0190783 -6.04544 -0.0558266 0.019809 0.998244 213.276 
0.998407 -0.013914 0.0546722 2.09131 0.0150155 0.999691 -0.0197878 -6.08849 -0.0543801 0.0205772 0.998308 214.313 
0.998513 -0.0129345 0.0529574 2.13827 0.0139846 0.999712 -0.0195073 -6.12684 -0.0526898 0.020219 0.998406 215.349 
0.998632 -0.0149423 0.0501034 2.19454 0.0159007 0.999697 -0.0187836 -6.18581 -0.0498076 0.0195546 0.998567 216.311 
0.99877 -0.0152302 0.0471946 2.21581 0.016082 0.999714 -0.0177211 -6.21873 -0.0469113 0.0184583 0.998729 217.331 
0.998877 -0.0130976 0.0455284 2.22536 0.0138472 0.999773 -0.0161881 -6.24933 -0.045306 0.0168004 0.998832 218.375 
0.999 -0.0129372 0.0427872 2.26409 0.0136205 0.999784 -0.0157148 -6.30881 -0.0425747 0.0162819 0.998961 219.391 
0.999166 -0.0113863 0.039204 2.29976 0.0120155 0.999802 -0.0158503 -6.35051 -0.0390159 0.0163082 0.999106 220.421 
0.999272 -0.0128607 0.0359275 2.32049 0.0134032 0.999799 -0.0148987 -6.40234 -0.0357287 0.0153694 0.999243 221.391 
0.99937 -0.0112393 0.0336696 2.31687 0.0117261 0.999829 -0.0142955 -6.45361 -0.0335033 0.0146813 0.999331 222.343 
0.999498 -0.00907907 0.0303709 2.33218 0.0095384 0.999842 -0.015012 -6.47673 -0.0302299 0.0152942 0.999426 223.286 
0.99959 -0.0106504 0.0265769 2.36395 0.0110423 0.999832 -0.0146398 -6.53463 -0.0264166 0.0149273 0.99954 224.195 
0.999677 -0.00942116 0.0236048 2.35601 0.00978339 0.999836 -0.0152754 -6.56767 -0.023457 0.0155015 0.999605 225.077 
0.999764 -0.00929773 0.0196165 2.3778 0.00961402 0.999824 -0.0160894 -6.59754 -0.0194635 0.0162742 0.999678 225.942 
0.999842 -0.00992068 0.014727 2.41325 0.0101839 0.999788 -0.0179072 -6.62922 -0.0145463 0.0180544 0.999731 226.817 
0.999888 -0.00706869 0.0132162 2.38626 0.00731525 0.999798 -0.0186983 -6.65025 -0.0130814 0.0187929 0.999738 227.62 
0.999898 -0.00607194 0.0129384 2.37571 0.00630582 0.999816 -0.0181102 -6.68444 -0.0128261 0.01819 0.999752 228.417 
0.999883 -0.00603101 0.0140492 2.36353 0.00627358 0.999831 -0.0172834 -6.71325 -0.0139426 0.0173696 0.999752 229.213 
0.999877 -0.0058249 0.0145976 2.35596 0.00606119 0.999851 -0.0161925 -6.74129 -0.0145011 0.016279 0.999762 229.967 
0.999862 -0.00389821 0.0161454 2.33889 0.00418592 0.999832 -0.0178219 -6.7611 -0.0160733 0.017887 0.999711 230.715 
0.99988 -0.00458156 0.0147832 2.35903 0.00487369 0.999792 -0.0197826 -6.79681 -0.0146895 0.0198523 0.999695 231.446 
0.999828 -0.00911189 0.0161648 2.37133 0.00948429 0.999688 -0.0231095 -6.83935 -0.0159493 0.0232588 0.999602 232.196 
0.9998 -0.0108041 0.0168178 2.37951 0.011226 0.99962 -0.0251966 -6.86574 -0.0165392 0.0253804 0.999541 232.921 
0.999805 -0.00973715 0.0172077 2.38368 0.010167 0.999634 -0.0250686 -6.90446 -0.0169574 0.0252387 0.999538 233.646 
0.999772 -0.00975858 0.018984 2.38683 0.0102363 0.999629 -0.0252274 -6.93713 -0.0187309 0.025416 0.999502 234.38 
0.999722 -0.0114436 0.0206248 2.38758 0.0119826 0.999585 -0.0262009 -6.96952 -0.0203165 0.0264408 0.999444 235.13 
0.999692 -0.011808 0.0218198 2.41221 0.0123589 0.999604 -0.0252823 -7.01572 -0.0215127 0.0255442 0.999442 235.849 
0.999599 -0.0131102 0.0250948 2.3877 0.0137274 0.999604 -0.0245782 -7.07519 -0.0247626 0.0249129 0.999383 236.54 
0.999511 -0.013271 0.0283011 2.37832 0.0139466 0.999619 -0.0238093 -7.10959 -0.0279744 0.0241924 0.999316 237.215 
0.999427 -0.0141629 0.0307469 2.40955 0.0148825 0.999618 -0.0233023 -7.13582 -0.0304051 0.0237465 0.999256 237.955 
0.999331 -0.0159494 0.0329095 2.43174 0.0166685 0.999626 -0.0216915 -7.18548 -0.0325512 0.0222256 0.999223 238.655 
0.999247 -0.0161779 0.0352798 2.45466 0.0169188 0.99964 -0.0208025 -7.23569 -0.0349306 0.0213838 0.999161 239.316 
0.999133 -0.0182439 0.0374302 2.47991 0.0190059 0.999617 -0.0201035 -7.2783 -0.0370492 0.0207975 0.999097 240.024 
0.998995 -0.0175179 0.0412507 2.44977 0.0183193 0.999649 -0.0191283 -7.3145 -0.0409012 0.0198648 0.998966 240.599 
0.998848 -0.0159592 0.0452566 2.45053 0.0169292 0.999633 -0.0211316 -7.32839 -0.0449028 0.0218735 0.998752 241.286 
0.9987 -0.0170266 0.0480366 2.48222 0.0179817 0.999648 -0.0195205 -7.37025 -0.0476873 0.0203589 0.998655 242.002 
0.998552 -0.0144172 0.0518209 2.49841 0.0155863 0.999632 -0.0222257 -7.37143 -0.0514814 0.0230012 0.998409 242.67 
0.998451 -0.0152015 0.0535279 2.5256 0.016371 0.999635 -0.0214769 -7.39686 -0.0531819 0.02232 0.998335 243.35 
0.998355 -0.0123891 0.055983 2.54168 0.0136887 0.999644 -0.0228896 -7.41469 -0.0556796 0.0236183 0.998169 244.017 
0.998183 -0.012004 0.0590402 2.56634 0.0134013 0.999638 -0.0233264 -7.45436 -0.0587388 0.0240753 0.997983 244.728 
0.998124 -0.0128141 0.0598773 2.60812 0.0143812 0.999563 -0.0258134 -7.47763 -0.0595204 0.0266261 0.997872 245.461 
0.997948 -0.00759742 0.0635801 2.61149 0.00945169 0.999537 -0.0289138 -7.48066 -0.063331 0.0294555 0.997558 246.128 
0.997864 -0.00948619 0.0646288 2.64834 0.0114378 0.999488 -0.0298945 -7.51985 -0.0643121 0.0305699 0.997462 246.861 
0.997875 -0.0082635 0.0646301 2.67749 0.010288 0.999465 -0.0310542 -7.54859 -0.064339 0.0316531 0.997426 247.573 
0.997768 -0.00883619 0.0661862 2.69095 0.0108752 0.999475 -0.03051 -7.60042 -0.0658819 0.0311617 0.997341 248.244 
0.997813 -0.00685668 0.065751 2.73486 0.00892197 0.999474 -0.0311681 -7.63368 -0.0655027 0.0316866 0.997349 248.978 
0.997735 -0.00838665 0.0667398 2.77798 0.0105163 0.999445 -0.0316218 -7.69401 -0.0664376 0.0322521 0.997269 249.672 
0.997649 -0.0156022 0.0667374 2.81668 0.0178614 0.999283 -0.0333904 -7.73947 -0.0661686 0.0345039 0.997212 250.459 
0.997375 -0.0176922 0.0702147 2.82754 0.0201495 0.999204 -0.0344432 -7.78085 -0.0695494 0.0357676 0.996937 251.135 
0.997202 -0.013333 0.0735568 2.74829 0.0156998 0.999374 -0.0316919 -7.77604 -0.0730883 0.0327581 0.996787 251.845 
0.99718 -0.0113883 0.0741803 2.79495 0.0133372 0.999577 -0.02583 -7.77595 -0.0738549 0.0267466 0.99691 252.671 
0.997047 -0.0105369 0.0760701 2.76493 0.0123021 0.999665 -0.0227728 -7.80937 -0.0758047 0.0236414 0.996842 253.353 
0.996996 -0.0124678 0.076443 2.88381 0.0143821 0.999595 -0.0245412 -7.84128 -0.0761061 0.025567 0.996772 254.227 
0.996707 -0.0105667 0.080397 2.92959 0.0131213 0.999424 -0.0313122 -7.86324 -0.0800199 0.032264 0.996271 254.975 
0.996315 -0.00914881 0.0852851 2.9524 0.0121528 0.999321 -0.0347703 -7.9076 -0.0849091 0.0356787 0.99575 255.732 
0.995845 -0.00742196 0.090758 2.99069 0.0106633 0.999321 -0.035281 -7.93391 -0.0904345 0.0361022 0.995248 256.53 
0.995593 -0.00974763 0.0932737 3.06687 0.0128742 0.999373 -0.032977 -7.97678 -0.0928938 0.0340325 0.995094 257.345 
0.995212 -0.0122463 0.0969678 3.12202 0.015255 0.999423 -0.0303466 -8.0044 -0.0965402 0.0316806 0.994825 258.164 
0.994744 -0.0125369 0.101626 3.17998 0.0155778 0.999453 -0.0291839 -8.02948 -0.101204 0.0306137 0.994395 259.017 
0.994267 -0.0113002 0.106324 3.23058 0.0144647 0.999474 -0.0290385 -8.058 -0.10594 0.03041 0.993907 259.86 
0.99383 -0.0107538 0.110394 3.26703 0.014307 0.999403 -0.0314446 -8.11178 -0.10999 0.03283 0.99339 260.683 
0.993611 -0.0080108 0.112576 3.35246 0.0119472 0.999339 -0.0343354 -8.12397 -0.112226 0.035461 0.99305 261.526 
0.993194 -0.00759306 0.116227 3.40167 0.0115335 0.99938 -0.0332674 -8.18368 -0.115902 0.0343815 0.992665 262.342 
0.992809 -0.00744017 0.119476 3.4659 0.0112713 0.999443 -0.0314223 -8.20846 -0.119175 0.0325431 0.99234 263.161 
0.992295 -0.00608408 0.123746 3.51395 0.00979988 0.999519 -0.0294409 -8.25458 -0.123507 0.0304268 0.991877 263.96 
0.99195 -0.00672309 0.126451 3.61761 0.0106169 0.999489 -0.0301442 -8.29254 -0.126184 0.0312441 0.991515 264.821 
0.991372 -0.00686131 0.1309 3.67178 0.0109416 0.999476 -0.0304773 -8.32967 -0.130623 0.0316466 0.990927 265.657 
0.990918 -0.00789088 0.134236 3.74832 0.0121658 0.999444 -0.0310557 -8.36644 -0.133917 0.0324068 0.990463 266.461 
0.990775 -0.0100021 0.135145 3.86903 0.0143426 0.999411 -0.031182 -8.38274 -0.134753 0.0328327 0.990335 267.278 
0.990578 -0.00997508 0.136584 3.93929 0.0144071 0.9994 -0.031499 -8.41695 -0.136188 0.0331701 0.990128 268.107 
0.990399 -0.0105155 0.137839 4.03677 0.0150369 0.999381 -0.0318011 -8.45275 -0.13742 0.0335685 0.989944 268.929 
0.990317 -0.0106402 0.138419 4.12217 0.0152161 0.999371 -0.0320422 -8.48899 -0.137991 0.0338381 0.989855 269.733 
0.990281 -0.00991823 0.138727 4.23258 0.0144539 0.999392 -0.0317255 -8.52527 -0.138328 0.0334223 0.989822 270.586 
0.990326 -0.0102309 0.138385 4.32764 0.0148428 0.999367 -0.0323357 -8.56198 -0.137967 0.0340769 0.989851 271.438 
0.990943 -0.0084956 0.134018 4.47359 0.0129083 0.999402 -0.0320911 -8.60603 -0.133665 0.0335304 0.990459 272.269 
0.99135 -0.00988939 0.130868 4.60399 0.0143224 0.999354 -0.0329754 -8.66288 -0.130458 0.0345645 0.990851 273.129 
0.991703 -0.00450174 0.12847 4.69874 0.00913736 0.999327 -0.0355164 -8.66098 -0.128224 0.0363957 0.991077 273.957 
0.991909 -0.00500457 0.126853 4.78922 0.00958179 0.999324 -0.035498 -8.70676 -0.12659 0.0364263 0.991286 274.742 
0.992157 -0.000688234 0.124995 4.87925 0.00529653 0.999318 -0.0365388 -8.7507 -0.124885 0.0369143 0.991484 275.572 
0.992446 -0.000127278 0.122682 4.97537 0.00455145 0.999349 -0.0357823 -8.79966 -0.122597 0.0360704 0.991801 276.402 
0.99274 -0.00207885 0.120261 5.04788 0.00621939 0.9994 -0.0340643 -8.85641 -0.120118 0.034565 0.992158 277.294 
0.993124 -0.00379402 0.117003 5.10264 0.00749189 0.999486 -0.0311808 -8.915 -0.116825 0.0318431 0.992642 278.105 
0.993505 -0.00420798 0.11371 5.1712 0.00761 0.999536 -0.0295004 -8.94414 -0.113534 0.0301742 0.993076 278.97 
0.994026 -0.00641822 0.108952 5.23457 0.00954619 0.999556 -0.028212 -8.99269 -0.108723 0.0290836 0.993647 279.778 
0.994525 -0.00669121 0.104282 5.30686 0.00967181 0.999558 -0.0281023 -9.02087 -0.104048 0.0289571 0.994151 280.61 
0.994955 -0.00631593 0.100128 5.36266 0.00924058 0.999543 -0.0287716 -9.04852 -0.0999011 0.0295518 0.994558 281.446 
0.995359 -0.00735394 0.0959482 5.40695 0.0101618 0.999533 -0.0288077 -9.07845 -0.0956916 0.029649 0.994969 282.256 
0.995789 -0.00942718 0.091193 5.47787 0.01217 0.999489 -0.0295669 -9.11876 -0.0908677 0.0305522 0.995394 283.054 
0.99614 -0.00814616 0.087395 5.51322 0.0107623 0.999507 -0.0295053 -9.15725 -0.0871116 0.030332 0.995737 283.859 
0.996575 -0.009096 0.0821916 5.5859 0.0115669 0.999494 -0.0296359 -9.19568 -0.0818805 0.0304851 0.996176 284.576 
0.996726 -0.00759073 0.0804911 5.56346 0.0100182 0.999506 -0.0297968 -9.20569 -0.0802252 0.0305057 0.99631 285.196 
0.99704 -0.00863674 0.0763955 5.60493 0.0109377 0.999498 -0.0297521 -9.26361 -0.0761001 0.0304997 0.996634 285.955 
0.997167 -0.00527816 0.0750361 5.54712 0.00775341 0.999434 -0.032734 -9.28732 -0.0748209 0.0332231 0.996643 286.537 
0.997626 -0.00423265 0.068733 5.57005 0.00664148 0.99937 -0.0348549 -9.30488 -0.0685422 0.0352287 0.997026 287.257 
0.998188 -0.00389147 0.0600414 5.60203 0.00605224 0.999339 -0.0358473 -9.35786 -0.0598623 0.0361458 0.997552 287.889 
0.998755 -0.00353552 0.0497622 5.60722 0.0053682 0.99931 -0.0367426 -9.40762 -0.049598 0.036964 0.998085 288.548 
0.999342 -0.00361329 0.0360809 5.62929 0.00494315 0.999309 -0.0368355 -9.44029 -0.0359229 0.0369897 0.99867 289.176 
0.999817 -0.00239918 0.0189804 5.63098 0.00308676 0.999337 -0.0362777 -9.46651 -0.0188808 0.0363297 0.999162 289.84 
0.999999 -0.00166335 -0.000500963 5.60184 0.00164418 0.999344 -0.036166 -9.49913 0.000560749 0.0361652 0.999346 290.457 
0.999752 -0.000105033 -0.0222647 5.53135 -0.000683741 0.999372 -0.0354185 -9.55744 0.0222544 0.035425 0.999125 290.994 
0.998904 0.00240171 -0.0467378 5.45013 -0.00408657 0.999344 -0.0359881 -9.58069 0.0466206 0.0361397 0.998259 291.57 
0.9972 0.00284972 -0.0747278 5.35579 -0.00551075 0.999357 -0.0354282 -9.6181 0.0745787 0.0357409 0.996574 292.161 
0.994459 0.00292817 -0.105087 5.2712 -0.00649083 0.999415 -0.0335765 -9.65681 0.104927 0.0340726 0.993896 292.644 
0.990395 0.00263684 -0.138243 5.15991 -0.00721619 0.999441 -0.0326349 -9.68743 0.13808 0.0333191 0.989861 293.194 
0.984358 0.00238449 -0.176161 5.07476 -0.00777324 0.999523 -0.0299064 -9.72655 0.176006 0.030808 0.983907 293.694 
0.976541 0.00310575 -0.215311 4.95661 -0.00917705 0.999588 -0.0272041 -9.76333 0.215137 0.0285419 0.976167 294.247 
0.966763 0.00358095 -0.255651 4.83934 -0.0103183 0.999634 -0.0250176 -9.77546 0.255468 0.026824 0.966445 294.766 
0.954628 0.00426165 -0.297771 4.69537 -0.0114492 0.999684 -0.0223978 -9.8083 0.297581 0.0247909 0.954375 295.337 
0.940865 0.00460996 -0.338751 4.47025 -0.0125167 0.999698 -0.0211601 -9.7963 0.338551 0.0241489 0.940638 295.764 
0.92425 0.00469031 -0.381758 4.24167 -0.0132562 0.999716 -0.0198113 -9.82474 0.381557 0.0233713 0.92405 296.225 
0.904561 0.00334237 -0.426332 3.99742 -0.0120558 0.99977 -0.0177412 -9.85297 0.426175 0.0211879 0.904393 296.664 
0.88187 0.00186688 -0.47149 3.73581 -0.0115213 0.999779 -0.0175908 -9.83072 0.471353 0.020945 0.881696 297.104 
0.856596 0.00220914 -0.515982 3.44334 -0.0119583 0.999807 -0.0155717 -9.84879 0.515848 0.0195089 0.856458 297.511 
0.827909 0.00309186 -0.560853 3.10418 -0.014207 0.99978 -0.0154603 -9.84237 0.560682 0.0207679 0.827771 297.896 
0.795528 0.00143764 -0.605916 2.80128 -0.0122056 0.999832 -0.0136529 -9.87115 0.605795 0.0182568 0.795412 298.263 
0.761872 0.00089595 -0.647727 2.45954 -0.0105812 0.999883 -0.0110628 -9.90499 0.647642 0.0152823 0.761792 298.496 
0.721723 -0.0016429 -0.69218 2.10085 -0.005378 0.999954 -0.00798097 -9.87034 0.692161 0.00948264 0.72168 298.81 
0.681169 -0.00125062 -0.732125 1.65798 -0.00205465 0.999991 -0.00361986 -9.90431 0.732124 0.00397005 0.68116 298.933 
0.631726 0.001767 -0.77519 1.3226 -0.00433836 0.99999 -0.00125607 -9.8874 0.77518 0.00415659 0.631727 299.194 
0.581597 0.00910139 -0.813426 0.91641 -0.0120223 0.999924 0.00259216 -9.9025 0.813388 0.00827173 0.581663 299.403 
0.531998 0.0130636 -0.846645 0.460789 -0.016244 0.999854 0.00522048 -9.89884 0.84659 0.0109757 0.532133 299.502 
0.475271 0.0182598 -0.87965 0.131859 -0.0202051 0.999748 0.00983599 -9.95705 0.879607 0.0130987 0.47552 299.699 
0.418033 0.0202573 -0.908206 -0.255174 -0.0198366 0.999717 0.0131679 -9.96294 0.908215 0.0125111 0.418316 299.847 
0.359186 0.0220706 -0.933005 -0.606689 -0.0177682 0.999701 0.0168079 -9.94488 0.933097 0.0105407 0.35947 299.997 
0.300374 0.0256333 -0.953477 -1.06085 -0.0171208 0.999623 0.0214803 -9.93265 0.953668 0.00987221 0.3007 300.093 
0.23842 0.0291551 -0.970724 -1.49022 -0.015316 0.999538 0.0262587 -9.93796 0.971041 0.00860706 0.238757 300.152 
0.175479 0.0323759 -0.983951 -1.91926 -0.0164207 0.999416 0.0299563 -9.91978 0.984346 0.0109005 0.175908 300.156 
0.108999 0.0380702 -0.993313 -2.39043 -0.0151296 0.999214 0.0366361 -9.90712 0.993927 0.0110352 0.109489 300.184 
0.0406137 0.0448403 -0.998168 -2.86586 -0.0129356 0.998932 0.0443483 -9.89269 0.999091 0.0111108 0.0411504 300.18 
-0.0284697 0.0516939 -0.998257 -3.32631 -0.0122644 0.998569 0.0520598 -9.87443 0.999519 0.0137252 -0.027795 300.144 
-0.097969 0.058566 -0.993465 -3.82051 -0.00926663 0.99817 0.0597572 -9.86197 0.995146 0.0150605 -0.097247 300.085 
-0.166949 0.0647694 -0.983836 -4.31513 -0.00557178 0.997762 0.0666318 -9.84138 0.98595 0.0166059 -0.166215 299.991 
-0.231295 0.0694896 -0.970399 -4.78106 -0.00128662 0.997423 0.0717314 -9.8221 0.972883 0.0178397 -0.230609 299.804 
-0.29366 0.0725056 -0.953156 -5.22726 0.00298567 0.997184 0.0749348 -9.79865 0.955905 0.0191596 -0.29305 299.609 
-0.354813 0.074341 -0.931977 -5.67484 0.00799882 0.997039 0.0764855 -9.77686 0.934903 0.0196833 -0.354356 299.388 
-0.412613 0.0748932 -0.907823 -6.17162 0.0123079 0.996982 0.0766546 -9.73704 0.910823 0.0204553 -0.412289 299.13 
-0.466222 0.0753423 -0.881454 -6.64933 0.0153865 0.996907 0.0770724 -9.6926 0.884534 0.0223704 -0.465939 298.833 
-0.51426 0.0763325 -0.854231 -7.12391 0.0180635 0.996774 0.0781955 -9.66124 0.857444 0.0247824 -0.51398 298.492 
-0.556911 0.0777365 -0.826926 -7.6048 0.0206503 0.996599 0.0797794 -9.61612 0.830315 0.0273538 -0.556622 298.124 
-0.595419 0.083484 -0.799066 -8.09468 0.0278636 0.996134 0.0833107 -9.59763 0.802932 0.0273399 -0.595443 297.703 
-0.634327 0.09324 -0.767421 -8.56492 0.0385819 0.995281 0.0890338 -9.60048 0.772102 0.026868 -0.634931 297.294 
-0.672573 0.099283 -0.733341 -9.09338 0.0470267 0.994691 0.091536 -9.53929 0.738535 0.0270781 -0.673671 296.807 
-0.707965 0.10165 -0.698894 -9.57045 0.0514357 0.994381 0.0925232 -9.49651 0.704372 0.0295551 -0.709215 296.296 
-0.741232 0.0977455 -0.664094 -10.0393 0.0519879 0.994729 0.0883838 -9.44198 0.669233 0.0309881 -0.742407 295.754 
-0.770265 0.0971653 -0.630279 -10.4881 0.0560693 0.994816 0.0848409 -9.41405 0.635255 0.0300106 -0.771719 295.144 
-0.797822 0.0917249 -0.595875 -10.902 0.0558564 0.995354 0.0784312 -9.33791 0.600301 0.0292906 -0.799238 294.507 
-0.822563 0.0899597 -0.561513 -11.3298 0.0588108 0.995571 0.0733477 -9.28152 0.565624 0.0273102 -0.824211 293.83 
-0.844972 0.0892544 -0.52731 -11.7439 0.060151 0.99558 0.0721283 -9.22293 0.531417 0.0292281 -0.846606 293.094 
-0.867131 0.0865476 -0.490504 -12.1433 0.0594371 0.995731 0.070618 -9.18515 0.494522 0.0320809 -0.868573 292.353 
-0.88681 0.0829693 -0.454625 -12.4859 0.0582415 0.995973 0.0681574 -9.10585 0.45845 0.0339646 -0.888071 291.585 
-0.905029 0.0857431 -0.416617 -12.8364 0.0633842 0.995722 0.0672359 -9.04359 0.4206 0.0344435 -0.906592 290.758 
-0.921493 0.0906969 -0.377658 -13.1951 0.0706864 0.995276 0.0665458 -9.00352 0.381909 0.0346262 -0.923551 289.88 
-0.935704 0.0915304 -0.340706 -13.4725 0.0726224 0.995048 0.0678712 -8.94447 0.345231 0.0387645 -0.937717 288.993 
-0.948141 0.096332 -0.3029 -13.7726 0.0792663 0.99452 0.0681691 -8.90694 0.307807 0.0406242 -0.950581 288.066 
-0.959343 0.0958276 -0.265476 -14.0247 0.0810125 0.99451 0.0662311 -8.8389 0.270365 0.0420315 -0.96184 287.121 
-0.967709 0.0951803 -0.233411 -14.189 0.0829341 0.99464 0.0617545 -8.79423 0.238037 0.0404027 -0.970415 286.167 
-0.975815 0.0924834 -0.198072 -14.4078 0.0828794 0.99497 0.0562589 -8.71881 0.202279 0.0384822 -0.978572 285.182 
-0.981408 0.0936422 -0.16754 -14.5366 0.0853074 0.994763 0.0562879 -8.69563 0.171934 0.040949 -0.984257 284.174 
-0.986057 0.0922958 -0.138465 -14.6317 0.0852752 0.994793 0.0558192 -8.66237 0.142896 0.0432333 -0.988793 283.114 
-0.990007 0.0907866 -0.107904 -14.7553 0.0854258 0.994917 0.0533156 -8.61305 0.112196 0.0435651 -0.992731 282.052 
-0.992484 0.0897474 -0.0831889 -14.7817 0.0856672 0.994998 0.051391 -8.55545 0.087385 0.0438782 -0.995208 280.936 
-0.994643 0.0861087 -0.0571923 -14.8157 0.0832124 0.995214 0.0512304 -8.52547 0.0613301 0.0461968 -0.997048 279.884 
-0.995961 0.0831906 -0.0337858 -14.8218 0.0813757 0.995329 0.0519458 -8.48025 0.0379494 0.0489866 -0.998078 278.757 
-0.996516 0.0822336 -0.0139373 -14.8095 0.0814468 0.99543 0.0498489 -8.41927 0.0179729 0.0485401 -0.99866 277.576 
-0.996988 0.0774721 0.00349819 -14.785 0.0775509 0.9959 0.0465661 -8.37251 0.000123762 0.0466971 -0.998909 276.348 
-0.997306 0.0708684 0.0189469 -14.805 0.0716458 0.996455 0.0441006 -8.2939 -0.0157544 0.0453392 -0.998847 275.053 
