1 2.12261e-08 -2.11895e-08 0 2.12261e-08 1 2.10703e-08 0 -2.11895e-08 2.10703e-08 1 0 
0.999995 0.00294928 0.0010146 0.00587102 -0.00294924 0.999996 2.43475e-06 0.0011286 -0.00101463 -5.38498e-06 1 0.452403 
0.999991 0.00362505 0.00200868 0.0075892 -0.00362292 0.999993 -0.00104153 -0.0088458 -0.00201248 0.00103429 0.999997 0.918913 
0.999968 0.00651253 0.00458851 -0.00802101 -0.00650461 0.999977 -0.00173022 -0.0156147 -0.00459972 0.00170036 0.999988 1.38476 
0.999986 0.00402749 0.00349194 -0.00164235 -0.00401905 0.999989 -0.00240895 -0.0287086 -0.00350164 0.00239492 0.999991 1.83909 
0.999958 0.00607756 0.00684089 -0.0304681 -0.0060634 0.999979 -0.00208249 -0.0335155 -0.00685345 0.00204096 0.999974 2.34868 
0.999953 0.00522905 0.00820571 -0.0250256 -0.00521129 0.999984 -0.00217895 -0.026932 -0.00821702 0.00213613 0.999964 2.84632 
0.999936 0.00492377 0.0102358 -0.0425161 -0.00491566 0.999988 -0.000813162 -0.0278825 -0.0102398 0.000762836 0.999947 3.33958 
0.999921 0.00538559 0.0113243 -0.0412857 -0.00539411 0.999985 0.000725627 -0.0445432 -0.0113203 -0.000786612 0.999936 3.86073 
0.999909 0.00514227 0.0125006 -0.0539929 -0.00515356 0.999986 0.000873867 -0.0535326 -0.012496 -0.000938168 0.999922 4.37258 
0.999871 0.00769359 0.0140786 -0.0617442 -0.00768985 0.99997 -0.000316569 -0.0501581 -0.0140807 0.000208307 0.999901 4.8905 
0.9998 0.0120444 0.0159367 -0.0555189 -0.0120232 0.999927 -0.00142212 -0.0394974 -0.0159527 0.00123027 0.999872 5.45779 
0.999749 0.0150222 0.0166218 -0.0526471 -0.0149763 0.999884 -0.0028775 -0.04803 -0.0166631 0.00262789 0.999858 5.98135 
0.999719 0.0157108 0.0177523 -0.0548974 -0.0156419 0.99987 -0.0040142 -0.0489978 -0.0178131 0.00373543 0.999834 6.50917 
0.99973 0.0146902 0.0180267 -0.0513803 -0.0146169 0.999884 -0.00419199 -0.0556399 -0.0180862 0.0039274 0.999829 7.04783 
0.999683 0.0152784 0.0199922 -0.0544347 -0.0151914 0.999875 -0.00449551 -0.0681446 -0.0200585 0.00419042 0.99979 7.54122 
0.999651 0.0159138 0.0211088 -0.0510019 -0.0158121 0.999863 -0.00497239 -0.0752515 -0.0211851 0.00463692 0.999765 8.11375 
0.99957 0.0178064 0.0232885 -0.0436637 -0.0177023 0.999832 -0.00466609 -0.080336 -0.0233678 0.00425187 0.999718 8.66524 
0.999464 0.0180339 0.0273173 -0.0366961 -0.0178864 0.999824 -0.00563513 -0.0795434 -0.0274141 0.00514355 0.999611 9.23355 
0.99937 0.0167799 0.031266 -0.0266191 -0.0165849 0.999841 -0.00648409 -0.0823631 -0.0313698 0.00596151 0.99949 9.78351 
0.999075 0.020822 0.0376278 -0.0234865 -0.0205872 0.999766 -0.00661673 -0.102144 -0.0377568 0.005836 0.99927 10.352 
0.998957 0.0173237 0.0422579 0.00444393 -0.0170528 0.999832 -0.00676312 -0.0968112 -0.042368 0.00603549 0.999084 10.9549 
0.998684 0.0176563 0.0481561 0.0740725 -0.0173648 0.999828 -0.0064626 -0.125214 -0.048262 0.00561792 0.998819 11.4869 
0.998449 0.0184645 0.0525315 0.149136 -0.0181619 0.999816 -0.00623023 -0.149949 -0.0526369 0.00526653 0.9986 12.0397 
0.998075 0.0151786 0.0601379 0.116878 -0.0147715 0.999865 -0.00720816 -0.162233 -0.0602392 0.00630599 0.998164 12.5633 
0.997873 0.0160723 0.0631776 0.23054 -0.0155813 0.999845 -0.00825516 -0.164675 -0.0633005 0.00725325 0.997968 13.243 
0.997556 0.0194172 0.0671211 0.309753 -0.0187093 0.999763 -0.0111592 -0.164233 -0.0673219 0.00987614 0.997682 13.875 
0.997078 0.0229883 0.0728525 0.3492 -0.021961 0.999648 -0.0148704 -0.176233 -0.0731688 0.0132271 0.997232 14.5137 
0.996636 0.0208612 0.0792593 0.385212 -0.0197136 0.99969 -0.0152342 -0.179762 -0.0795526 0.0136205 0.996738 15.19 
0.996265 0.0139206 0.0852168 0.419061 -0.012798 0.999824 -0.0137053 -0.178928 -0.0853927 0.0125635 0.996268 15.8528 
0.995848 0.0090384 0.0905825 0.471939 -0.00806388 0.999906 -0.0111182 -0.167924 -0.0906745 0.0103416 0.995827 16.5476 
0.995545 0.00673521 0.094046 0.539045 -0.00599485 0.999949 -0.00815222 -0.197841 -0.0940961 0.00755215 0.995535 17.2396 
0.995624 0.00496277 0.0933129 0.666494 -0.00422934 0.999959 -0.00805561 -0.210186 -0.0933491 0.00762575 0.995604 17.997 
0.995557 0.00108628 0.0941566 0.727764 -8.94477e-05 0.999944 -0.0105901 -0.214435 -0.0941628 0.0105347 0.995501 18.7136 
0.995616 -0.00407271 0.0934432 0.771369 0.00522215 0.999914 -0.0120592 -0.229752 -0.093386 0.0124943 0.995552 19.4513 
0.996042 -0.00618184 0.0886708 0.838296 0.00730187 0.999898 -0.0123119 -0.247872 -0.0885856 0.0129107 0.995985 20.2295 
0.99657 -0.00381001 0.0826689 0.844102 0.00496121 0.999894 -0.0137239 -0.242642 -0.0826078 0.014087 0.996483 21.0067 
0.997331 -0.00312276 0.072947 0.902872 0.00395061 0.999929 -0.0112064 -0.272484 -0.0729069 0.0114647 0.997273 21.7939 
0.998011 -0.00289331 0.0629741 0.942477 0.00350673 0.999948 -0.00963169 -0.283841 -0.062943 0.0098334 0.997969 22.6163 
0.99847 -0.00140783 0.0552772 0.94534 0.00177789 0.999976 -0.00664521 -0.310509 -0.0552665 0.00673336 0.998449 23.4351 
0.998876 -0.00117044 0.0473908 0.966595 0.00139803 0.999988 -0.00476855 -0.317216 -0.0473847 0.00482948 0.998865 24.2986 
0.999203 0.00100543 0.0399019 0.998007 -0.00083861 0.999991 -0.00419614 -0.323619 -0.0399058 0.00415937 0.999195 25.1323 
0.999384 0.00247504 0.034996 1.0014 -0.00236322 0.999992 -0.00323518 -0.344475 -0.0350038 0.00315053 0.999382 25.9536 
0.999549 0.00267519 0.029907 1.00862 -0.00257769 0.999991 -0.00329687 -0.361654 -0.0299156 0.00321834 0.999547 26.7759 
0.99967 0.00432119 0.0253363 0.985714 -0.00424885 0.999987 -0.0029066 -0.384428 -0.0253485 0.00279803 0.999675 27.5697 
0.999789 0.0044051 0.0200409 1.00156 -0.00432711 0.999983 -0.00393132 -0.392951 -0.0200579 0.00384382 0.999791 28.4007 
0.999839 0.00606741 0.0169093 0.980683 -0.00598715 0.999971 -0.00479048 -0.393639 -0.0169379 0.00468851 0.999846 29.2353 
0.999868 0.00854021 0.0137992 0.964455 -0.00847271 0.999952 -0.00493944 -0.400448 -0.0138407 0.00482192 0.999893 30.0763 
0.999864 0.0116719 0.0116265 0.949107 -0.011615 0.99992 -0.00494654 -0.410299 -0.0116833 0.00481087 0.99992 30.8954 
0.999867 0.0136199 0.00896201 0.956578 -0.0135811 0.999898 -0.00436518 -0.437087 -0.0090206 0.00424293 0.99995 31.7094 
0.999859 0.0152704 0.007018 0.968692 -0.0152301 0.999867 -0.00576703 -0.449181 -0.00710518 0.00565937 0.999959 32.4834 
0.999769 0.0204026 0.00671955 0.946077 -0.0203565 0.999769 -0.00686005 -0.454668 -0.006858 0.00672172 0.999954 33.3327 
0.999756 0.021512 0.00511849 0.944161 -0.0214728 0.999741 -0.00758969 -0.466439 -0.00528048 0.00747797 0.999958 34.1067 
0.999708 0.0237331 0.00460268 0.926491 -0.0237014 0.999696 -0.00681471 -0.493133 -0.00476305 0.00670367 0.999966 34.9074 
0.999628 0.0269449 0.00417355 0.907472 -0.0269172 0.999616 -0.00655399 -0.51225 -0.00434859 0.00643926 0.99997 35.6988 
0.99952 0.0307811 0.0035264 0.883417 -0.030758 0.999506 -0.00642902 -0.536029 -0.0037226 0.00631751 0.999973 36.4763 
0.999447 0.0332049 0.0019205 0.886045 -0.033192 0.999429 -0.00638298 -0.558056 -0.00213139 0.00631574 0.999978 37.2211 
0.999383 0.0349946 0.0030356 0.853521 -0.0349789 0.999375 -0.00507719 -0.584026 -0.00321142 0.00496791 0.999983 37.9356 
0.999287 0.0375774 0.00353885 0.822653 -0.0375587 0.999281 -0.00521796 -0.612865 -0.00373243 0.00508137 0.99998 38.6441 
0.999139 0.0413102 0.00380413 0.834202 -0.0412888 0.999132 -0.00551283 -0.62788 -0.00402861 0.00535105 0.999978 39.3418 
0.999048 0.0431762 0.00623145 0.82419 -0.0431324 0.999045 -0.00698517 -0.657016 -0.00652714 0.00670979 0.999956 40.0058 
0.999059 0.0423322 0.00943884 0.820394 -0.0422612 0.999078 -0.00759529 -0.683003 -0.00975171 0.00718929 0.999927 40.7075 
0.998942 0.0436792 0.0143811 0.813666 -0.0435741 0.999022 -0.00753878 -0.699668 -0.0146963 0.0069042 0.999868 41.3899 
0.99881 0.0449212 0.0189807 0.830024 -0.0447794 0.998966 -0.00782846 -0.713384 -0.0193128 0.00696924 0.999789 42.0536 
0.998664 0.0452409 0.0249765 0.847197 -0.0450957 0.998963 -0.00634545 -0.752253 -0.0252377 0.00521068 0.999668 42.6989 
0.998532 0.0439264 0.0317019 0.865559 -0.0437683 0.999026 -0.00566101 -0.767412 -0.0319197 0.0042652 0.999481 43.3402 
0.998246 0.0445716 0.0389787 0.907989 -0.0443415 0.998994 -0.00674879 -0.783402 -0.0392404 0.00500862 0.999217 43.9834 
0.997675 0.045556 0.0506805 0.925956 -0.0453126 0.998955 -0.00594092 -0.813875 -0.0508982 0.00363068 0.998697 44.6192 
0.996964 0.0451857 0.0634147 0.931818 -0.0448325 0.99897 -0.0069806 -0.815139 -0.0636648 0.00411641 0.997963 45.2026 
0.99612 0.0437724 0.0763525 0.955549 -0.0433219 0.999033 -0.00754666 -0.826765 -0.076609 0.00420968 0.997052 45.7564 
0.995124 0.0417238 0.0893677 0.991244 -0.0411327 0.999118 -0.00844605 -0.846611 -0.0896413 0.00472898 0.995963 46.3057 
0.993701 0.0416104 0.104051 1.04672 -0.0408936 0.999123 -0.00901355 -0.855573 -0.104335 0.00470178 0.994531 46.8429 
0.991762 0.0409087 0.121383 1.07234 -0.0402129 0.999158 -0.00817764 -0.888938 -0.121615 0.00322918 0.992572 47.3981 
0.989347 0.0435523 0.138911 1.14233 -0.0425583 0.999043 -0.0101191 -0.889633 -0.139219 0.00409948 0.990253 47.9237 
0.986224 0.0418604 0.160033 1.23292 -0.0405471 0.999112 -0.011464 -0.911313 -0.16037 0.00481722 0.987045 48.453 
0.981995 0.0449237 0.183489 1.32157 -0.0433219 0.99898 -0.0127312 -0.933032 -0.183874 0.00455295 0.982939 48.9784 
0.976964 0.0442643 0.208764 1.44488 -0.0419875 0.999001 -0.0153269 -0.950221 -0.209234 0.00620843 0.977846 49.479 
0.97089 0.0433971 0.235562 1.5482 -0.0403975 0.99903 -0.0175471 -0.981563 -0.236095 0.00752026 0.971701 49.9309 
0.963659 0.0427196 0.263697 1.68103 -0.0385444 0.999036 -0.0209887 -0.991918 -0.264339 0.010062 0.964377 50.3926 
0.955042 0.0412866 0.293581 1.81359 -0.0359953 0.999078 -0.0234057 -0.98401 -0.294276 0.0117859 0.955648 50.8134 
0.944651 0.0434021 0.325194 1.95412 -0.0367712 0.998972 -0.0265117 -0.998783 -0.32601 0.0130866 0.945276 51.2507 
0.933219 0.0433766 0.356681 2.10586 -0.0362953 0.998989 -0.0265256 -1.02123 -0.357471 0.0118084 0.93385 51.6527 
0.92005 0.0442902 0.389291 2.29045 -0.0366166 0.998962 -0.0271137 -1.01894 -0.390087 0.0106915 0.920716 52.0566 
0.904721 0.0420534 0.423924 2.44911 -0.0342051 0.999074 -0.0261093 -1.05875 -0.42463 0.00912125 0.905321 52.422 
0.887643 0.0421007 0.458603 2.64183 -0.0332578 0.999073 -0.0273452 -1.07081 -0.459329 0.00902065 0.88822 52.7619 
0.868223 0.0407222 0.494501 2.84508 -0.0311891 0.999135 -0.0275184 -1.10874 -0.495194 0.00846909 0.868741 53.109 
0.846854 0.0400625 0.530315 3.04794 -0.02848 0.999144 -0.0300006 -1.12532 -0.531063 0.0103028 0.84727 53.4263 
0.823631 0.0393139 0.565761 3.28974 -0.0252534 0.999147 -0.0326655 -1.13969 -0.566563 0.012617 0.823922 53.7334 
0.797586 0.0371842 0.602057 3.52521 -0.0205757 0.999194 -0.034454 -1.14663 -0.602854 0.0150923 0.797709 54.0301 
0.770012 0.0317702 0.637238 3.78396 -0.014277 0.999367 -0.0325727 -1.16414 -0.63787 0.0159835 0.769979 54.3077 
0.740499 0.0274126 0.671498 4.06077 -0.0110666 0.99953 -0.0286001 -1.1872 -0.671966 0.0137472 0.740454 54.5774 
0.708681 0.0242686 0.705111 4.33345 -0.00809016 0.999622 -0.0262739 -1.19175 -0.705483 0.0129154 0.70861 54.8137 
0.673965 0.0218318 0.738441 4.60775 -0.0080286 0.999721 -0.0222289 -1.21346 -0.73872 0.00905285 0.673952 55.0238 
0.635177 0.0182789 0.77215 4.90193 -0.00350285 0.999778 -0.0207859 -1.21619 -0.772359 0.010498 0.6351 55.2584 
0.595049 0.0145486 0.803558 5.20667 0.00066466 0.999827 -0.0185943 -1.23592 -0.803689 0.0115986 0.594936 55.4794 
0.552062 0.0125035 0.833709 5.51649 0.00268289 0.999856 -0.0167718 -1.2594 -0.833798 0.0114958 0.551949 55.6652 
0.507273 0.013415 0.861681 5.83663 0.00682849 0.999785 -0.0195849 -1.264 -0.861759 0.0158189 0.507072 55.8203 
0.45959 0.0161425 0.887985 6.17397 0.00714081 0.999735 -0.0218698 -1.26814 -0.888103 0.0163921 0.459353 55.9821 
0.410657 0.0194702 0.911582 6.52968 0.00306638 0.999737 -0.0227344 -1.28858 -0.911785 0.0121313 0.410489 56.1123 
0.360682 0.0214002 0.932443 6.90256 -0.000666916 0.999742 -0.0226868 -1.30955 -0.932689 0.00756086 0.360603 56.2373 
0.309557 0.0214419 0.950639 7.29297 -0.00455633 0.999768 -0.0210663 -1.32992 -0.95087 0.00218978 0.309583 56.3617 
0.261547 0.0208315 0.964966 7.7026 0.00043636 0.999764 -0.0217009 -1.34494 -0.965191 0.00609688 0.261476 56.4378 
0.216756 0.0197945 0.976025 8.1182 0.00211316 0.999783 -0.0207456 -1.3612 -0.976223 0.00655924 0.216667 56.5058 
0.175426 0.0183444 0.984322 8.56566 0.00309295 0.999811 -0.0191843 -1.36902 -0.984488 0.00640989 0.175337 56.5644 
0.135647 0.0167151 0.990616 9.04848 0.00411104 0.99984 -0.0174337 -1.37372 -0.990749 0.00643729 0.135557 56.6184 
0.0987127 0.0136611 0.995022 9.54776 0.00288554 0.999898 -0.0140143 -1.4001 -0.995112 0.00425456 0.0986632 56.6726 
0.0648798 0.0124229 0.997816 10.0666 0.0041842 0.99991 -0.012721 -1.4165 -0.997884 0.0050004 0.064822 56.7176 
0.0351159 0.0122984 0.999308 10.5951 0.00543691 0.999907 -0.0124968 -1.42703 -0.999369 0.00587199 0.0350457 56.7273 
0.00906462 0.014499 0.999854 11.1606 0.00371499 0.999888 -0.0145331 -1.43296 -0.999952 0.00384618 0.00900973 56.7276 
-0.012488 0.0164382 0.999787 11.762 -3.90279e-05 0.999865 -0.0164399 -1.44507 -0.999922 -0.000244321 -0.0124857 56.6986 
-0.0321377 0.0178785 0.999324 12.3556 -0.000254674 0.99984 -0.0178959 -1.45415 -0.999483 -0.000829636 -0.032128 56.6788 
-0.0490342 0.0179471 0.998636 12.942 0.00488853 0.999831 -0.0177285 -1.47957 -0.998785 0.00401255 -0.0491137 56.632 
-0.0652619 0.018644 0.997694 13.5717 0.00605139 0.999814 -0.0182878 -1.48431 -0.99785 0.00484394 -0.0653626 56.5952 
-0.0808023 0.0173831 0.996579 14.2109 0.0066212 0.999835 -0.016903 -1.49627 -0.996708 0.00523274 -0.080904 56.5492 
-0.0963224 0.0177257 0.995192 14.8607 0.0062753 0.999832 -0.017201 -1.52892 -0.99533 0.00458829 -0.0964175 56.4975 
-0.108919 0.0197422 0.993855 15.56 0.00768186 0.99979 -0.0190181 -1.54872 -0.994021 0.00556322 -0.109047 56.4291 
-0.118308 0.022835 0.992714 16.2583 0.0165564 0.999642 -0.0210212 -1.55629 -0.992839 0.0139487 -0.118644 56.3525 
-0.123701 0.0260443 0.991978 16.968 0.0258196 0.999402 -0.0230195 -1.57909 -0.991984 0.022765 -0.1243 56.2636 
-0.126586 0.025724 0.991622 17.6983 0.0304107 0.999294 -0.0220409 -1.6137 -0.991489 0.0273658 -0.127279 56.1764 
-0.124964 0.0242804 0.991864 18.4392 0.0317782 0.999286 -0.0204583 -1.63488 -0.991652 0.0289631 -0.125646 56.0685 
-0.1221 0.0232585 0.992245 19.2266 0.036672 0.999149 -0.0189076 -1.67996 -0.99184 0.034079 -0.122849 55.9863 
-0.117366 0.0234487 0.992812 19.9931 0.0387451 0.999068 -0.0190162 -1.69295 -0.992333 0.0362347 -0.118165 55.9047 
-0.112968 0.0247833 0.99329 20.7821 0.0372733 0.999091 -0.0206889 -1.70653 -0.992899 0.034686 -0.113789 55.8269 
-0.10746 0.0246542 0.993904 21.5685 0.0370546 0.999097 -0.0207767 -1.74329 -0.993519 0.034596 -0.108277 55.7259 
-0.10277 0.0247334 0.994398 22.3887 0.0424165 0.998891 -0.0204614 -1.77203 -0.9938 0.040076 -0.103705 55.6529 
-0.0979229 0.023687 0.994912 23.1776 0.0482238 0.998655 -0.0190297 -1.78087 -0.994025 0.046115 -0.0989335 55.5656 
-0.0931047 0.0200813 0.995454 23.9923 0.0517934 0.998541 -0.0152993 -1.81936 -0.994308 0.0501335 -0.0940089 55.4865 
-0.0889027 0.015938 0.995913 24.7834 0.0552083 0.998414 -0.0110496 -1.84661 -0.994509 0.0540003 -0.0896415 55.4378 
-0.0824415 0.013817 0.9965 25.5952 0.0555959 0.998411 -0.00924392 -1.86557 -0.995044 0.0546392 -0.0830786 55.3702 
-0.0787469 0.0129379 0.996811 26.3977 0.0534309 0.998533 -0.00873927 -1.88443 -0.995462 0.0525723 -0.0793227 55.3333 
-0.0748365 0.0112033 0.997133 27.2027 0.0462742 0.998899 -0.00775018 -1.90213 -0.996122 0.0455616 -0.0752725 55.2912 
-0.0706426 0.00793956 0.99747 28.0126 0.0416195 0.999121 -0.00500509 -1.91695 -0.996633 0.0411606 -0.0709109 55.2516 
-0.0657021 0.00676168 0.997816 28.8289 0.0374901 0.999288 -0.00430304 -1.93603 -0.997135 0.0371255 -0.0659088 55.2157 
-0.0623269 0.0102015 0.998004 29.6552 0.0376564 0.99926 -0.00786256 -1.95935 -0.997345 0.0370911 -0.0626649 55.1902 
-0.0585753 0.0175584 0.998129 30.4557 0.0394571 0.999105 -0.01526 -1.98509 -0.997503 0.0384894 -0.0592156 55.1548 
-0.0574862 0.0225267 0.998092 31.2466 0.0370544 0.999105 -0.0204153 -2.01958 -0.997658 0.0358101 -0.0582694 55.1466 
-0.0542164 0.0227539 0.99827 32.0987 0.0351135 0.999165 -0.0208672 -2.03583 -0.997912 0.0339214 -0.0549701 55.1031 
-0.0528765 0.0198886 0.998403 32.8949 0.0389905 0.99908 -0.0178371 -2.05825 -0.99784 0.0379851 -0.0536033 55.0705 
-0.0531675 0.0208387 0.998368 33.7064 0.0382436 0.999091 -0.0188171 -2.07417 -0.997853 0.0371808 -0.0539161 55.0495 
-0.0547893 0.0219411 0.998257 34.54 0.0340384 0.999219 -0.020094 -2.12695 -0.997918 0.0328782 -0.0554933 55.0428 
-0.0538212 0.0236537 0.99827 35.3742 0.0287877 0.999341 -0.022127 -2.15139 -0.998136 0.027547 -0.0544666 55.0107 
-0.0561899 0.0235717 0.998142 36.2095 0.0257258 0.999424 -0.0221537 -2.17514 -0.998089 0.0244332 -0.0567639 55.0036 
-0.057334 0.0229614 0.998091 37.0634 0.0271729 0.999401 -0.0214306 -2.20325 -0.997985 0.0258923 -0.0579236 54.9649 
-0.0586814 0.0245079 0.997976 37.8947 0.0295093 0.999304 -0.0228053 -2.25927 -0.997841 0.0281113 -0.0593637 54.9204 
-0.0612495 0.0304902 0.997657 38.7771 0.0304708 0.999125 -0.0286643 -2.26726 -0.997657 0.0286438 -0.0621249 54.9079 
-0.0626978 0.0328827 0.997491 39.6496 0.0325943 0.998991 -0.0308834 -2.29404 -0.9975 0.0305762 -0.0637063 54.8854 
-0.0647218 0.0336215 0.997337 40.5337 0.0357723 0.998868 -0.0313517 -2.33872 -0.997262 0.0336479 -0.0658513 54.8503 
-0.0654627 0.0349827 0.997242 41.3844 0.0387244 0.998722 -0.0324926 -2.38734 -0.997103 0.0364905 -0.0667337 54.8095 
-0.0663025 0.0353543 0.997173 42.3449 0.0365784 0.998786 -0.0329794 -2.41712 -0.997129 0.0342884 -0.0675152 54.7515 
-0.0670813 0.032012 0.997234 43.2478 0.036269 0.998903 -0.0296258 -2.44817 -0.997088 0.0341813 -0.0681688 54.6937 
-0.0707504 0.0310927 0.997009 44.1504 0.0333478 0.999029 -0.0287892 -2.48166 -0.996937 0.0312112 -0.0717186 54.6851 
-0.0718917 0.0347189 0.996808 45.0728 0.0332909 0.998921 -0.0323915 -2.53415 -0.996857 0.0308559 -0.0729699 54.6341 
-0.0726405 0.0395096 0.996575 46.0011 0.0342467 0.998725 -0.0370986 -2.55323 -0.99677 0.0314345 -0.0739009 54.5866 
-0.0735897 0.0406537 0.99646 46.9385 0.0353985 0.998646 -0.0381286 -2.60679 -0.99666 0.0324673 -0.0749291 54.5413 
-0.0724618 0.0381751 0.99664 47.9044 0.0422831 0.998486 -0.0351715 -2.64029 -0.996475 0.0395924 -0.0739663 54.4688 
-0.0729108 0.0323722 0.996813 48.8856 0.0408779 0.99873 -0.0294445 -2.69277 -0.9965 0.0386008 -0.0741415 54.4103 
-0.0725627 0.0285418 0.996955 49.8592 0.0402352 0.998861 -0.0256678 -2.75265 -0.996552 0.0382501 -0.0736284 54.3561 
-0.0705034 0.0308494 0.997034 50.8576 0.0410794 0.998764 -0.027998 -2.78209 -0.996665 0.0389836 -0.0716835 54.3182 
-0.0707076 0.0339748 0.996918 51.8688 0.0394085 0.998735 -0.0312416 -2.821 -0.996718 0.0370781 -0.071957 54.2885 
-0.07177 0.0354589 0.996791 52.8818 0.0329836 0.998906 -0.0331593 -2.87229 -0.996876 0.0304979 -0.0728611 54.2601 
-0.0719986 0.035385 0.996777 53.8821 0.0321433 0.998934 -0.0331398 -2.9212 -0.996887 0.0296536 -0.0730592 54.2171 
-0.0736388 0.0296545 0.996844 54.9251 0.0299148 0.999174 -0.0275139 -2.97158 -0.996836 0.0277943 -0.0744651 54.1742 
-0.0752822 0.0242669 0.996867 55.9622 0.0268917 0.99939 -0.0222975 -3.00656 -0.9968 0.0251288 -0.0758889 54.1225 
-0.0763843 0.0241141 0.996787 57.0246 0.0280571 0.999364 -0.0220263 -3.06175 -0.996684 0.0262845 -0.0770122 54.0917 
-0.0765858 0.0271285 0.996694 58.0658 0.0316879 0.999191 -0.0247616 -3.10371 -0.996559 0.0296867 -0.0773834 54.0193 
-0.0775665 0.0302962 0.996527 59.1203 0.0325313 0.999083 -0.0278417 -3.15639 -0.996456 0.0302588 -0.0784809 53.9659 
-0.0808122 0.0287085 0.996316 60.1991 0.0342102 0.999076 -0.0260132 -3.1757 -0.996142 0.031982 -0.0817197 53.914 
-0.0854284 0.0225704 0.996089 61.2466 0.0324776 0.999275 -0.0198572 -3.23516 -0.995815 0.0306542 -0.0860995 53.8775 
-0.087143 0.0206167 0.995982 62.3022 0.0361919 0.999191 -0.0175165 -3.25626 -0.995538 0.0345201 -0.0878187 53.7813 
-0.0911854 0.0217887 0.995596 63.351 0.0396931 0.999046 -0.0182288 -3.28985 -0.995043 0.037856 -0.0919632 53.6995 
-0.0940484 0.0208291 0.99535 64.4188 0.0427473 0.998944 -0.0168652 -3.32899 -0.99465 0.0409624 -0.0948395 53.6032 
-0.0987336 0.0193275 0.994926 65.4869 0.0466572 0.998802 -0.0147726 -3.35995 -0.99402 0.0449619 -0.0995171 53.5305 
-0.0996928 0.0190822 0.994835 66.5816 0.0498287 0.998657 -0.0141621 -3.40802 -0.99377 0.0481595 -0.10051 53.4107 
-0.101804 0.0223463 0.994554 67.6436 0.0541868 0.998388 -0.0168857 -3.45966 -0.993328 0.0521727 -0.10285 53.305 
-0.104847 0.0272068 0.994116 68.6802 0.0572624 0.998132 -0.0212774 -3.48704 -0.992838 0.0546947 -0.106209 53.2513 
-0.104577 0.0298607 0.994068 69.6923 0.0595912 0.997941 -0.0237079 -3.54152 -0.99273 0.0567584 -0.106141 53.1245 
-0.106429 0.0279198 0.993928 70.7293 0.057405 0.998111 -0.0218904 -3.61363 -0.992662 0.0547267 -0.107831 53.0706 
-0.105174 0.0258513 0.994118 71.8006 0.0579664 0.998122 -0.0198228 -3.64831 -0.992763 0.0555406 -0.106475 53.0144 
-0.0993183 0.0225111 0.994801 72.8508 0.0623979 0.997917 -0.0163519 -3.68726 -0.993097 0.0604495 -0.100516 52.8927 
-0.0955963 0.0194894 0.995229 73.8975 0.0611671 0.998034 -0.0136689 -3.72327 -0.993539 0.0595686 -0.0966005 52.8251 
-0.0904104 0.0173859 0.995753 74.9209 0.061167 0.998057 -0.0118723 -3.74719 -0.994024 0.0598338 -0.0912982 52.7509 
-0.0857096 0.016402 0.996185 76.0026 0.0622707 0.997998 -0.0110742 -3.78897 -0.994372 0.061084 -0.0865593 52.6765 
-0.080304 0.0201152 0.996567 77.098 0.0647199 0.997792 -0.0149247 -3.82323 -0.994667 0.0632992 -0.0814285 52.5864 
-0.0783976 0.0252647 0.996602 78.2029 0.0642279 0.99773 -0.0202408 -3.85829 -0.994851 0.0624228 -0.0798423 52.5342 
-0.076604 0.0243699 0.996764 79.213 0.064731 0.997714 -0.0194184 -3.90861 -0.994958 0.063034 -0.0780063 52.4642 
-0.0747333 0.0232076 0.996934 80.2823 0.0665856 0.997614 -0.0182319 -3.93624 -0.994978 0.0650189 -0.0761003 52.379 
-0.0745319 0.0273718 0.996843 81.392 0.0715832 0.997191 -0.0220292 -3.95274 -0.994646 0.0697153 -0.0762819 52.37 
-0.0728416 0.0335383 0.996779 82.45 0.0693129 0.997188 -0.0284868 -4.00251 -0.994932 0.0670147 -0.0749615 52.3133 
-0.0716505 0.0369983 0.996743 83.5299 0.0667259 0.997251 -0.0322206 -4.05275 -0.995195 0.0642 -0.0739222 52.2716 
-0.0703977 0.0363671 0.996856 84.5956 0.0645176 0.997409 -0.031831 -4.11477 -0.99543 0.0620739 -0.0725616 52.2324 
-0.0674152 0.0329019 0.997182 85.7006 0.0635245 0.99757 -0.02862 -4.16475 -0.995701 0.0614161 -0.0693414 52.1947 
-0.0632404 0.0286242 0.997588 86.7641 0.0642464 0.997632 -0.0245526 -4.23034 -0.995928 0.0625387 -0.0649297 52.1398 
-0.0583258 0.0264048 0.997948 87.821 0.0627573 0.99777 -0.0227322 -4.26999 -0.996323 0.0613027 -0.0598528 52.0892 
-0.0552811 0.0299839 0.998021 88.8801 0.0595415 0.997869 -0.0266813 -4.33556 -0.996694 0.0579486 -0.0569486 52.0557 
-0.0521022 0.0389971 0.99788 89.9348 0.0574436 0.9977 -0.0359908 -4.38812 -0.996988 0.0554467 -0.0542225 51.9915 
-0.0532158 0.0484986 0.997405 91.0206 0.0512918 0.997634 -0.0457731 -4.42608 -0.997265 0.0487229 -0.0555775 51.993 
-0.0532352 0.0484815 0.997404 92.0837 0.0498638 0.997704 -0.0458346 -4.47274 -0.997336 0.0472943 -0.0555305 51.9664 
-0.0538067 0.041248 0.997699 93.1587 0.0495875 0.998024 -0.0385871 -4.56456 -0.997319 0.0473972 -0.0557458 51.957 
-0.0531358 0.0358098 0.997945 94.2245 0.0513336 0.998133 -0.0330833 -4.60599 -0.997267 0.0494702 -0.0548749 51.8683 
-0.0559068 0.0301381 0.997981 95.3021 0.0513854 0.998307 -0.0272693 -4.64675 -0.997113 0.0497571 -0.0573607 51.8314 
-0.0607214 0.0264111 0.997805 96.3999 0.0496005 0.998495 -0.0234109 -4.68436 -0.996922 0.0480701 -0.06194 51.8354 
-0.062417 0.0264738 0.997699 97.4785 0.0506668 0.998443 -0.0233238 -4.74139 -0.996763 0.0490945 -0.0636611 51.7805 
-0.0641961 0.026646 0.997582 98.5684 0.0485549 0.998543 -0.0235471 -4.79305 -0.996755 0.0469258 -0.0653963 51.7324 
-0.0664943 0.0264663 0.997436 99.6474 0.0509639 0.998433 -0.0230952 -4.82773 -0.996484 0.0492975 -0.0677389 51.6804 
-0.0665878 0.0285493 0.997372 100.72 0.0525199 0.998305 -0.0250696 -4.87718 -0.996397 0.0507125 -0.0679744 51.6063 
-0.0670252 0.0367868 0.997073 101.818 0.0532434 0.998028 -0.0332429 -4.91869 -0.99633 0.0508594 -0.0688517 51.5509 
-0.0673038 0.0454041 0.996699 102.891 0.0520928 0.997761 -0.0419348 -4.96202 -0.996372 0.0490984 -0.0695184 51.4962 
-0.0689514 0.0460629 0.996556 103.931 0.0505786 0.99781 -0.0426213 -5.02039 -0.996337 0.0474656 -0.0711302 51.4444 
-0.0711101 0.0392323 0.996697 104.99 0.0455187 0.998313 -0.0360483 -5.09296 -0.996429 0.0428049 -0.0727759 51.3825 
-0.0727997 0.0313957 0.996852 106.066 0.0398725 0.998797 -0.0285451 -5.14997 -0.996549 0.0376689 -0.073964 51.3126 
-0.0734303 0.0242687 0.997005 107.119 0.0390055 0.999009 -0.0214447 -5.19107 -0.996537 0.037314 -0.0743042 51.2422 
-0.0750073 0.0188688 0.997004 108.173 0.0430411 0.99895 -0.0156675 -5.22141 -0.996254 0.041737 -0.0757407 51.1711 
-0.0762831 0.0182066 0.99692 109.208 0.0425735 0.998981 -0.0149866 -5.26668 -0.996177 0.0412991 -0.0769805 51.0965 
-0.0769833 0.0252759 0.996712 110.229 0.0451931 0.99874 -0.0218366 -5.32221 -0.996008 0.0433635 -0.0780286 51.0277 
-0.0780243 0.040345 0.996135 111.249 0.054417 0.997864 -0.0361527 -5.37283 -0.995465 0.0513859 -0.080053 50.9697 
-0.0802038 0.0517906 0.995432 112.276 0.0581834 0.99719 -0.0471941 -5.42605 -0.995079 0.0541325 -0.0829918 50.912 
-0.0796184 0.0479561 0.995671 113.304 0.0600951 0.997256 -0.043227 -5.4929 -0.995012 0.0563933 -0.0822819 50.8365 
-0.0796529 0.0381894 0.996091 114.312 0.0628997 0.997467 -0.0332123 -5.54093 -0.994836 0.0600083 -0.0818533 50.771 
-0.0805003 0.0266632 0.996398 115.264 0.0619978 0.997841 -0.0216929 -5.6123 -0.994825 0.0600281 -0.0819795 50.7218 
-0.0811574 0.022056 0.996457 116.269 0.0614143 0.997966 -0.0170874 -5.64731 -0.994807 0.05981 -0.0823469 50.662 
-0.0830302 0.0162436 0.996415 117.304 0.0577955 0.998263 -0.0114576 -5.69297 -0.99487 0.056637 -0.0838247 50.6297 
-0.0830119 0.0126583 0.996468 118.304 0.0532525 0.998547 -0.00824838 -5.72072 -0.995125 0.0523797 -0.0835653 50.563 
-0.0849151 0.0142596 0.996286 119.238 0.0511514 0.998642 -0.00993358 -5.76627 -0.995074 0.0501179 -0.0855291 50.5192 
-0.0859727 0.0209878 0.996076 120.225 0.0480809 0.998701 -0.0168931 -5.78657 -0.995137 0.0464399 -0.0868701 50.4929 
-0.0867753 0.0270774 0.99586 121.199 0.0466091 0.998646 -0.0230918 -5.82395 -0.995137 0.0444124 -0.0879199 50.4476 
-0.0860901 0.0316476 0.995785 122.165 0.0483222 0.998452 -0.0275546 -5.87023 -0.995115 0.0457463 -0.0874861 50.371 
-0.0878415 0.036395 0.995469 123.129 0.0507348 0.998199 -0.0320179 -5.92275 -0.994842 0.0476924 -0.0895298 50.3341 
-0.0882367 0.041266 0.995244 124.107 0.0500879 0.998061 -0.036942 -5.9679 -0.994839 0.0465901 -0.0901326 50.2772 
-0.0875497 0.0405979 0.995333 125.084 0.0527403 0.997957 -0.0360659 -6.02184 -0.994763 0.0493365 -0.0895119 50.2001 
-0.0869506 0.0344698 0.995616 126.053 0.0519181 0.9982 -0.030025 -6.06766 -0.994859 0.0490798 -0.0885837 50.1357 
-0.0885187 0.0246443 0.99577 126.98 0.0497395 0.998556 -0.0202917 -6.11138 -0.994832 0.0477329 -0.0896167 50.0836 
-0.091579 0.0164304 0.995662 127.903 0.0456109 0.998884 -0.0122884 -6.16052 -0.994753 0.0442877 -0.0922262 50.0468 
-0.0945873 0.0138255 0.995421 128.802 0.0386176 0.999202 -0.0102084 -6.18527 -0.994767 0.0374752 -0.0950457 49.987 
-0.097178 0.0167674 0.995126 129.691 0.033148 0.999358 -0.0136017 -6.2202 -0.994715 0.0316647 -0.0976714 49.9303 
-0.0980908 0.0224708 0.994924 130.563 0.0310384 0.999328 -0.0195101 -6.26834 -0.994693 0.028967 -0.0987223 49.8656 
-0.0979583 0.0297241 0.994747 131.409 0.0326358 0.999112 -0.0266407 -6.30319 -0.994655 0.0298547 -0.0988414 49.7941 
-0.0972524 0.0357458 0.994618 132.196 0.0363035 0.998817 -0.032347 -6.33862 -0.994597 0.0329623 -0.098435 49.7195 
-0.093794 0.0388814 0.994832 133.027 0.039952 0.998579 -0.0352611 -6.37822 -0.99479 0.0364383 -0.0952141 49.6494 
-0.0886905 0.0387008 0.995307 133.832 0.0458896 0.998343 -0.0347296 -6.42487 -0.995002 0.042594 -0.0903194 49.5768 
-0.0842633 0.034812 0.995835 134.618 0.046323 0.998446 -0.0309836 -6.46197 -0.995366 0.0435193 -0.085745 49.5271 
-0.0821352 0.031852 0.996112 135.396 0.0444696 0.998611 -0.0282651 -6.5047 -0.995629 0.0419752 -0.0834376 49.5017 
-0.0770163 0.0303599 0.996568 136.124 0.0458008 0.998589 -0.0268819 -6.55991 -0.995977 0.0435733 -0.0782982 49.4493 
-0.0727962 0.0370372 0.996659 136.836 0.0462118 0.998362 -0.0337251 -6.58337 -0.996276 0.0436023 -0.0743885 49.4221 
-0.0670615 0.0410141 0.996906 137.487 0.0512763 0.997976 -0.0376087 -6.60527 -0.99643 0.0485955 -0.0690288 49.366 
-0.0629372 0.0414763 0.997155 138.115 0.0534438 0.997843 -0.0381316 -6.64843 -0.996586 0.0508918 -0.0650181 49.3267 
-0.0580726 0.0409745 0.997471 138.672 0.0505341 0.997997 -0.038054 -6.69093 -0.997033 0.0481964 -0.0600269 49.2802 
-0.0538973 0.0382688 0.997813 139.238 0.0419796 0.998469 -0.0360264 -6.76789 -0.997664 0.039946 -0.0554213 49.25 
-0.0510439 0.038555 0.997952 139.775 0.0370947 0.998638 -0.0366841 -6.79476 -0.998007 0.0351462 -0.0524046 49.2411 
-0.0473925 0.0412062 0.998026 140.324 0.0375488 0.998516 -0.0394434 -6.83703 -0.99817 0.0356053 -0.0488694 49.2248 
-0.0459768 0.0456282 0.9979 140.846 0.0356238 0.998396 -0.0440095 -6.8582 -0.998307 0.0335255 -0.0475285 49.2044 
-0.0455626 0.0470905 0.997851 141.368 0.0355873 0.998331 -0.0454881 -6.88941 -0.998327 0.0334382 -0.0471624 49.1791 
-0.0471983 0.0442356 0.997906 141.87 0.0288309 0.998663 -0.0429055 -6.92733 -0.998469 0.0267455 -0.0484106 49.18 
-0.0485122 0.0413049 0.997968 142.423 0.0239524 0.998905 -0.0401793 -6.93526 -0.998535 0.0219545 -0.0494484 49.1512 
-0.0486832 0.0368929 0.998133 142.97 0.0245692 0.99906 -0.0357288 -6.9761 -0.998512 0.0227839 -0.0495439 49.0933 
-0.0507482 0.033697 0.998143 143.523 0.0291933 0.999054 -0.0322435 -7.01934 -0.998285 0.0275027 -0.0516839 49.0646 
-0.0541608 0.0356048 0.997897 144.006 0.0308598 0.998946 -0.0339673 -7.0518 -0.998055 0.0289552 -0.0552025 49.0512 
-0.0576491 0.0382993 0.997602 144.494 0.0298642 0.998883 -0.0366226 -7.08736 -0.99789 0.0276813 -0.0587284 49.0386 
-0.0600234 0.0398217 0.997402 145.016 0.0256115 0.998936 -0.0383416 -7.10553 -0.997868 0.0232436 -0.0609795 49.008 
-0.0621935 0.0421604 0.997173 145.523 0.0227041 0.998909 -0.0408177 -7.11507 -0.997806 0.0201013 -0.0630829 48.9887 
-0.0665417 0.0441299 0.996807 146.007 0.0238414 0.998807 -0.0426268 -7.13609 -0.997499 0.0209289 -0.0675144 49.0073 
-0.0687994 0.0421729 0.996739 146.493 0.0244147 0.998878 -0.0405782 -7.15349 -0.997332 0.0215434 -0.0697518 48.9809 
-0.0711989 0.0363538 0.996799 146.974 0.0222567 0.999145 -0.0348496 -7.19246 -0.997214 0.0197042 -0.0719471 48.9489 
-0.0747261 0.0344862 0.996608 147.462 0.0233968 0.999187 -0.0328211 -7.20822 -0.99693 0.0208649 -0.0754723 48.941 
-0.0785735 0.0327344 0.996371 147.954 0.0217664 0.999279 -0.0311134 -7.24229 -0.996671 0.0192427 -0.0792294 48.9416 
-0.0810522 0.0319656 0.996197 148.415 0.020753 0.999323 -0.0303773 -7.25739 -0.996494 0.018212 -0.0816607 48.9257 
-0.081176 0.0298903 0.996252 148.895 0.0202128 0.999394 -0.0283376 -7.29923 -0.996495 0.0178367 -0.081731 48.8663 
-0.0839699 0.0300977 0.996014 149.378 0.0196962 0.999399 -0.0285394 -7.32775 -0.996274 0.0172212 -0.0845122 48.8745 
-0.0839379 0.0312902 0.99598 149.825 0.0225779 0.99931 -0.029492 -7.35281 -0.996215 0.0200116 -0.0845864 48.8712 
-0.0782373 0.0356464 0.996297 150.325 0.0252176 0.999112 -0.0337668 -7.34605 -0.996616 0.0224824 -0.0790667 48.8263 
-0.0718904 0.0376171 0.996703 150.802 0.0248486 0.999046 -0.0359132 -7.37478 -0.997103 0.0221849 -0.0727565 48.8222 
-0.0623759 0.0372428 0.997358 151.272 0.0228019 0.999096 -0.0358816 -7.39642 -0.997792 0.0205035 -0.0631687 48.8244 
-0.0487478 0.0372688 0.998116 151.711 0.0242842 0.999052 -0.0361177 -7.40037 -0.998516 0.0224777 -0.0496067 48.852 
-0.0261921 0.037864 0.99894 152.151 0.0291612 0.998886 -0.0370974 -7.41527 -0.999232 0.0281586 -0.0272671 48.8541 
0.00349546 0.0383503 0.999258 152.574 0.0347799 0.998655 -0.0384488 -7.44098 -0.999389 0.0348885 0.00215694 48.8731 
0.0406809 0.0378224 0.998456 153.047 0.0348356 0.998622 -0.0392479 -7.46203 -0.998565 0.0363785 0.0393073 48.8985 
0.0810063 0.0375851 0.996005 153.452 0.0302213 0.998737 -0.0401461 -7.49125 -0.996255 0.0333527 0.0797681 48.9678 
0.123072 0.0405208 0.99157 153.887 0.0243953 0.998741 -0.0438417 -7.51811 -0.992098 0.0295854 0.121928 49.0572 
0.163512 0.0462422 0.985457 154.305 0.0212273 0.998505 -0.0503765 -7.52657 -0.986313 0.0291557 0.162286 49.1838 
0.205529 0.0499999 0.977373 154.7 0.0210223 0.998238 -0.0554879 -7.55714 -0.978425 0.0319511 0.204116 49.313 
0.248975 0.0521545 0.967105 155.074 0.0207505 0.998033 -0.0591644 -7.58535 -0.968288 0.0347983 0.247403 49.4417 
0.290163 0.0530374 0.955506 155.464 0.016725 0.99803 -0.0604766 -7.62411 -0.956831 0.0335289 0.288704 49.6061 
0.331773 0.0562171 0.941683 155.853 0.0080384 0.998018 -0.0624122 -7.65153 -0.943325 0.0282763 0.330664 49.7785 
0.3712 0.0618361 0.926492 156.195 -0.00314728 0.997858 -0.0653383 -7.66784 -0.928548 0.0213376 0.370599 49.972 
0.412714 0.0674312 0.908361 156.59 -0.0104033 0.99754 -0.0693244 -7.71095 -0.910801 0.0191612 0.4124 50.1565 
0.451614 0.0723804 0.889273 156.97 -0.0151363 0.997182 -0.0734765 -7.7421 -0.892085 0.0197227 0.451437 50.3947 
0.489857 0.0718968 0.868833 157.33 -0.0157989 0.997162 -0.0736085 -7.7721 -0.87166 0.0223311 0.489602 50.6378 
0.526334 0.0724499 0.847186 157.686 -0.0213513 0.997175 -0.0720117 -7.79186 -0.85001 0.0198137 0.526394 50.9059 
0.560271 0.0742475 0.824975 158.069 -0.0284722 0.997112 -0.0704032 -7.82265 -0.82782 0.015956 0.560767 51.2319 
0.592764 0.0749601 0.80188 158.384 -0.0343621 0.997106 -0.0678089 -7.88497 -0.804643 0.0126404 0.593624 51.5338 
0.622401 0.0789979 0.778702 158.693 -0.0419026 0.99683 -0.0676345 -7.91257 -0.781576 0.00946619 0.623738 51.8688 
0.651675 0.0790935 0.754364 159.025 -0.0424632 0.996793 -0.0678288 -7.94999 -0.757309 0.0121696 0.652943 52.1961 
0.678316 0.0755497 0.730876 159.352 -0.0371306 0.996954 -0.0685933 -7.99944 -0.733831 0.0193901 0.679055 52.521 
0.701533 0.0772803 0.708434 159.688 -0.040333 0.996815 -0.0687985 -8.02778 -0.711495 0.0196911 0.702416 52.9052 
0.722114 0.0803013 0.687098 159.984 -0.0474574 0.99665 -0.0666027 -8.07104 -0.690145 0.0154868 0.723506 53.2759 
0.73835 0.0840223 0.669164 160.312 -0.0568066 0.996431 -0.062435 -8.10069 -0.672022 0.00808595 0.740487 53.6996 
0.752395 0.0815733 0.653641 160.673 -0.0572704 0.996646 -0.0584566 -8.11512 -0.656217 0.00654816 0.754544 54.141 
0.763889 0.0769592 0.640743 161.007 -0.0543912 0.997009 -0.0549052 -8.14728 -0.643052 0.00709067 0.76579 54.564 
0.773786 0.0693371 0.629641 161.339 -0.0490706 0.997566 -0.0495491 -8.19186 -0.631543 0.00744363 0.775305 54.9955 
0.780724 0.0627433 0.621718 161.685 -0.0460127 0.998018 -0.0429384 -8.27385 -0.62318 0.0049161 0.782063 55.4963 
0.787185 0.0591147 0.613877 162.042 -0.0437638 0.998241 -0.0400088 -8.2885 -0.615162 0.00462876 0.788387 55.9998 
0.79462 0.0576645 0.604363 162.396 -0.0428764 0.998324 -0.0388797 -8.30423 -0.605592 0.00498166 0.79576 56.5203 
0.803206 0.0511969 0.593497 162.77 -0.0355862 0.998644 -0.0379856 -8.35595 -0.594637 0.00939002 0.803939 57.0374 
0.809723 0.0515253 0.584546 163.124 -0.0338319 0.99858 -0.041156 -8.39308 -0.585836 0.0135487 0.810316 57.5707 
0.815891 0.055554 0.57553 163.48 -0.0355905 0.998311 -0.0459092 -8.43903 -0.577109 0.0169736 0.816491 58.104 
0.819791 0.059632 0.56955 163.825 -0.0381515 0.998041 -0.0495811 -8.48938 -0.571391 0.018917 0.82046 58.6855 
0.821358 0.0637825 0.566836 164.17 -0.0412699 0.997769 -0.0524717 -8.5585 -0.568918 0.0197048 0.822158 59.2602 
0.82089 0.0669349 0.56715 164.529 -0.045683 0.997622 -0.0516176 -8.62425 -0.569256 0.0164633 0.821995 59.8329 
0.819433 0.0665086 0.569303 164.935 -0.0471017 0.997699 -0.0487593 -8.65482 -0.571236 0.0131399 0.82068 60.4254 
0.817223 0.0681325 0.572281 165.357 -0.0497283 0.99762 -0.0477583 -8.70593 -0.574173 0.0105706 0.818666 61.0566 
0.814972 0.067353 0.575573 165.787 -0.0500044 0.997692 -0.045946 -8.77237 -0.577339 0.00866347 0.816458 61.654 
0.812779 0.0650167 0.578933 166.261 -0.0477838 0.997845 -0.0449773 -8.8331 -0.580609 0.00889305 0.814134 62.2765 
0.810009 0.0622119 0.583108 166.757 -0.0447877 0.998016 -0.0442627 -8.88381 -0.584705 0.00973717 0.811188 62.936 
0.807645 0.0588875 0.586721 167.246 -0.0425461 0.998227 -0.0416228 -8.93845 -0.588132 0.00865381 0.808719 63.5685 
0.804387 0.0588521 0.591183 167.739 -0.0428298 0.998237 -0.041098 -8.98826 -0.592559 0.0077385 0.80549 64.2179 
0.800863 0.0599989 0.595835 168.193 -0.0426536 0.998156 -0.0431807 -9.0321 -0.597327 0.0091674 0.801946 64.8519 
0.797926 0.0613918 0.599621 168.686 -0.0417308 0.998039 -0.0466515 -9.07382 -0.60131 0.0122018 0.798923 65.5159 
0.795072 0.0629936 0.603235 169.172 -0.0408639 0.997895 -0.0503474 -9.12196 -0.605137 0.0153793 0.795973 66.1814 
0.792308 0.0629564 0.606865 169.681 -0.0403191 0.997891 -0.0508818 -9.16581 -0.608788 0.0158458 0.793175 66.8579 
0.78826 0.0619815 0.612213 170.183 -0.0427666 0.998027 -0.0459773 -9.19633 -0.613855 0.0100598 0.789355 67.5872 
0.787454 0.0578779 0.613651 170.744 -0.0419229 0.998305 -0.0403608 -9.25966 -0.614947 0.00605633 0.788546 68.2558 
0.784458 0.0568199 0.617573 171.207 -0.0369198 0.998307 -0.0449527 -9.30113 -0.619082 0.0124629 0.785228 68.9473 
0.783338 0.0634226 0.618353 171.72 -0.0361346 0.997745 -0.0565599 -9.3483 -0.620545 0.0219616 0.783863 69.6127 
0.781805 0.0655285 0.62007 172.232 -0.034012 0.997464 -0.0625276 -9.4134 -0.622595 0.0277947 0.782051 70.2884 
0.781627 0.0612598 0.620731 172.77 -0.028719 0.997645 -0.0622941 -9.48541 -0.623085 0.0308639 0.781545 70.9435 
0.781025 0.0548693 0.622085 173.304 -0.0252853 0.998094 -0.0562886 -9.55508 -0.623988 0.0282332 0.780924 71.6312 
0.780581 0.05127 0.622948 173.827 -0.0229449 0.998309 -0.053412 -9.61636 -0.624633 0.0273989 0.780437 72.3076 
0.781253 0.0462645 0.622498 174.371 -0.0179493 0.998502 -0.0516824 -9.67008 -0.623957 0.0292036 0.780913 73.0041 
0.781778 0.0433588 0.622048 174.888 -0.0141036 0.998554 -0.0518774 -9.73286 -0.623397 0.0317835 0.781259 73.6543 
0.782476 0.0406776 0.62135 175.39 -0.0102815 0.998572 -0.0524251 -9.79475 -0.622596 0.034633 0.781777 74.3152 
0.783284 0.0420514 0.62024 175.934 -0.00903243 0.998374 -0.0562815 -9.8686 -0.621598 0.0384821 0.782391 75.0115 
0.783869 0.0416648 0.619526 176.453 -0.00523899 0.998155 -0.0604998 -9.93634 -0.620904 0.0441783 0.782641 75.6784 
0.783356 0.0398523 0.620295 176.934 -0.00325691 0.998192 -0.0600181 -9.97453 -0.621565 0.0449953 0.782069 76.3419 
0.783077 0.0375359 0.620791 177.433 -0.00592032 0.998582 -0.0529107 -10.0587 -0.621897 0.0377579 0.782188 77.0075 
0.782821 0.0309389 0.621477 177.95 -0.00483019 0.999035 -0.0436506 -10.1227 -0.622228 0.0311688 0.782216 77.6886 
0.782672 0.0259171 0.621895 178.447 -0.00170714 0.999218 -0.0394933 -10.1554 -0.622433 0.0298486 0.782104 78.3312 
0.781526 0.0240173 0.623411 178.923 0.000853753 0.999217 -0.0395656 -10.1962 -0.623873 0.0314538 0.780893 78.9939 
0.780993 0.027283 0.623944 179.404 -0.000944889 0.999096 -0.0425043 -10.2485 -0.62454 0.032606 0.780312 79.561 
0.779306 0.0354093 0.625642 179.857 -0.00462218 0.9987 -0.0507657 -10.3027 -0.626627 0.0366702 0.778456 80.1819 
0.779083 0.0395738 0.625671 180.323 -0.00416633 0.998311 -0.0579553 -10.3525 -0.626907 0.0425453 0.777931 80.6706 
0.77801 0.0391013 0.627033 180.802 -0.00219872 0.998225 -0.0595203 -10.462 -0.628248 0.0449288 0.776715 81.165 
0.775058 0.0361408 0.630856 181.207 -0.000363516 0.998388 -0.0567495 -10.5229 -0.63189 0.0437549 0.773822 81.695 
0.772147 0.0292217 0.634772 181.623 0.00325978 0.998747 -0.0499425 -10.5622 -0.635436 0.0406322 0.771084 82.2412 
0.769952 0.0192023 0.637812 182.009 0.0108344 0.99901 -0.0431556 -10.633 -0.638009 0.0401381 0.768982 82.7411 
0.766876 0.0128156 0.641667 182.386 0.0181393 0.998968 -0.0416304 -10.6452 -0.641539 0.0435648 0.765852 83.2405 
0.76425 0.00839359 0.644865 182.767 0.0224819 0.998961 -0.0396465 -10.6813 -0.644528 0.0447977 0.763267 83.7013 
