1 2.12261e-08 -2.11895e-08 -1.63116e-14 2.12261e-08 1 2.10703e-08 -1.17684e-14 -2.11895e-08 2.10703e-08 1 -6.27276e-15 
0.999985 0.00520347 0.00192335 -0.0608551 -0.00520795 0.999984 0.0023534 -0.046348 -0.00191111 -0.00236334 0.999995 0.633545 
0.999954 0.00826987 0.00477118 -0.162139 -0.00828389 0.999961 0.00293473 -0.0789022 -0.00474677 -0.00297407 0.999984 1.2897 
0.999933 0.00931576 0.00686845 -0.216067 -0.00933206 0.999954 0.0023505 -0.0879226 -0.00684627 -0.0024144 0.999974 2.06839 
0.999869 0.0123982 0.0104435 -0.368349 -0.012398 0.999923 -7.54669e-05 -0.0437788 -0.0104437 -5.39805e-05 0.999946 2.8943 
0.999878 0.0122541 0.00969641 -0.374712 -0.0122568 0.999925 0.000227815 -0.0693734 -0.00969294 -0.000346593 0.999953 3.59269 
0.99986 0.0119867 0.0116418 -0.445475 -0.0119899 0.999928 0.000214545 -0.0831218 -0.0116384 -0.000354057 0.999932 4.28617 
0.999855 0.0120277 0.0120424 -0.457008 -0.0120528 0.999925 0.00201934 -0.0777452 -0.0120173 -0.00216415 0.999925 4.97977 
0.999831 0.0127429 0.0132499 -0.450385 -0.0128321 0.999895 0.00667125 -0.0949752 -0.0131635 -0.0068401 0.99989 5.6168 
0.999832 0.0116645 0.0141421 -0.463618 -0.0118091 0.999878 0.0101899 -0.111358 -0.0140215 -0.0103552 0.999848 6.22029 
0.999809 0.0113305 0.0159233 -0.491247 -0.0115181 0.999865 0.011748 -0.105672 -0.015788 -0.0119291 0.999804 6.81704 
0.999796 0.0111698 0.0168337 -0.493142 -0.011364 0.999869 0.011486 -0.119193 -0.0167033 -0.0116749 0.999792 7.38157 
0.999778 0.0123009 0.0171097 -0.485656 -0.0124586 0.999881 0.00914716 -0.13323 -0.0169952 -0.00935825 0.999812 7.92227 
0.999779 0.0124085 0.0169525 -0.468115 -0.0125168 0.999902 0.00629975 -0.138562 -0.0168727 -0.00651051 0.999836 8.43839 
0.999775 0.0104675 0.0184618 -0.46122 -0.0105693 0.999929 0.005427 -0.146494 -0.0184037 -0.00562086 0.999815 8.96129 
0.99977 0.00724692 0.0201864 -0.438858 -0.00729467 0.999971 0.00229489 -0.143341 -0.0201693 -0.00244157 0.999794 9.45353 
0.999748 0.0041478 0.0220772 -0.44058 -0.00419112 0.999989 0.00191824 -0.161045 -0.022069 -0.00201024 0.999754 9.87704 
0.999699 0.00657929 0.0236188 -0.443695 -0.00661105 0.999977 0.00126855 -0.204976 -0.02361 -0.00142427 0.99972 10.2791 
0.999573 0.0113131 0.0269461 -0.452868 -0.0113315 0.999936 0.000531936 -0.217166 -0.0269384 -0.000837008 0.999637 10.6357 
0.999464 0.0117047 0.0305625 -0.444985 -0.0117454 0.99993 0.00115527 -0.216743 -0.0305469 -0.00151358 0.999532 10.9964 
0.999432 0.00786721 0.0327824 -0.423247 -0.0079134 0.999968 0.00128061 -0.219228 -0.0327713 -0.00153926 0.999462 11.3173 
0.999358 0.00227258 0.0357565 -0.406302 -0.00228372 0.999997 0.000271883 -0.214778 -0.0357558 -0.000353325 0.999361 11.6249 
0.999261 -0.000136376 0.0384505 -0.411842 6.97925e-05 0.999999 0.00173414 -0.219898 -0.0384508 -0.00173013 0.999259 11.8611 
0.999162 -0.00171051 0.0409032 -0.394946 0.00159207 0.999994 0.00292897 -0.23527 -0.040908 -0.00286135 0.999159 12.0873 
0.999058 -0.000652779 0.0433853 -0.400632 0.00053146 0.999996 0.00280879 -0.255732 -0.043387 -0.00278305 0.999055 12.2643 
0.998964 0.000245664 0.0455079 -0.399059 -0.00031454 0.999999 0.00150729 -0.269617 -0.0455075 -0.00152 0.998963 12.4461 
0.998883 0.00139119 0.0472366 -0.384035 -0.00144443 0.999998 0.00109409 -0.282261 -0.047235 -0.00116105 0.998883 12.6038 
0.998795 0.00397687 0.0489258 -0.383898 -0.00403496 0.999991 0.00108964 -0.294188 -0.048921 -0.0012857 0.998802 12.7643 
0.998717 0.00538465 0.0503593 -0.392668 -0.00537022 0.999986 -0.00042108 -0.301243 -0.0503609 0.00015014 0.998731 12.9036 
0.998665 0.00311464 0.0515708 -0.375015 -0.00304934 0.999994 -0.00134388 -0.3218 -0.0515747 0.00118487 0.998668 13.0398 
0.998592 0.00206323 0.0529995 -0.369205 -0.00196384 0.999996 -0.00192647 -0.333903 -0.0530033 0.00181971 0.998593 13.1785 
0.998483 0.000472565 0.0550595 -0.367896 -0.000270497 0.999993 -0.0036766 -0.331185 -0.0550609 0.00365617 0.998476 13.3295 
0.998362 0.00135918 0.0571905 -0.379615 -0.0010862 0.999988 -0.00480321 -0.323708 -0.0571964 0.00473326 0.998352 13.4778 
0.998252 0.00304058 0.0590241 -0.380826 -0.00266502 0.999976 -0.00643971 -0.335435 -0.0590423 0.00627119 0.998236 13.5871 
0.998216 0.00176904 0.0596791 -0.36765 -0.0012844 0.999966 -0.00815752 -0.339584 -0.0596915 0.00806636 0.998184 13.7169 
0.998263 6.86416e-05 0.0589131 -0.346784 0.000530858 0.999948 -0.0101595 -0.339411 -0.0589108 0.0101732 0.998211 13.8587 
0.998229 -0.00223055 0.0594518 -0.331184 0.00292756 0.999928 -0.0116387 -0.341967 -0.0594216 0.0117921 0.998163 14.0106 
0.998387 -0.00167911 0.0567566 -0.322419 0.00243356 0.99991 -0.0132256 -0.335102 -0.0567293 0.0133424 0.9983 14.1302 
0.998542 -0.00600025 0.0536426 -0.333211 0.00673171 0.999887 -0.0134647 -0.370739 -0.0535558 0.0138063 0.998469 14.2099 
0.998797 -0.0060583 0.0486667 -0.323673 0.0068291 0.999854 -0.0156867 -0.368885 -0.0485646 0.0160002 0.998692 14.3221 
0.999059 -0.00580433 0.0429869 -0.318408 0.00653792 0.999835 -0.0169436 -0.356287 -0.0428815 0.0172088 0.998932 14.4747 
0.999352 -0.00497365 0.0356548 -0.315023 0.00563803 0.999812 -0.0185563 -0.332997 -0.0355558 0.0187453 0.999192 14.603 
0.999571 -0.00500016 0.0288665 -0.338939 0.00555353 0.999802 -0.0191201 -0.340037 -0.0287652 0.0192722 0.9994 14.7336 
0.99978 -0.00641342 0.0199781 -0.333357 0.00681777 0.999772 -0.0202354 -0.345887 -0.0198438 0.0203672 0.999596 14.8837 
0.999915 -0.00636483 0.0114155 -0.358642 0.00661374 0.999738 -0.0218968 -0.339147 -0.0112731 0.0219705 0.999695 15.0129 
0.999964 -0.00832249 -0.00178178 -0.370748 0.00827837 0.99969 -0.0235035 -0.344233 0.00197679 0.0234879 0.999722 15.1462 
0.9998 -0.00892483 -0.017926 -0.382608 0.00846912 0.999643 -0.0253407 -0.349631 0.0181457 0.0251838 0.999518 15.3122 
0.999299 -0.00905044 -0.0363288 -0.431454 0.00811399 0.999633 -0.0258434 -0.359248 0.0365493 0.0255305 0.999006 15.4748 
0.998249 -0.00787351 -0.0586275 -0.459523 0.00639535 0.999658 -0.0253585 -0.369669 0.0588071 0.0249392 0.997958 15.673 
0.99658 -0.00694898 -0.0823405 -0.50569 0.00496502 0.999693 -0.0242755 -0.358662 0.0824839 0.0237837 0.996309 15.9098 
0.994018 -0.00648032 -0.109021 -0.569936 0.00397998 0.999724 -0.0231369 -0.365183 0.109141 0.0225647 0.99377 16.1327 
0.990244 -0.004971 -0.139255 -0.651902 0.00202241 0.999771 -0.0213078 -0.370213 0.139329 0.0208183 0.990027 16.3803 
0.98509 -0.00583192 -0.171944 -0.71567 0.00270676 0.999827 -0.0184045 -0.379385 0.172021 0.0176647 0.984935 16.5938 
0.977798 -0.00427993 -0.209507 -0.801134 0.00165702 0.999918 -0.0126935 -0.406116 0.209544 0.0120646 0.977725 16.8749 
0.968236 -0.00189559 -0.250031 -0.904121 0.000287386 0.999979 -0.00646854 -0.426277 0.250038 0.00619127 0.968216 17.1705 
0.956464 0.00233298 -0.291842 -1.04902 -0.00288936 0.999995 -0.0014756 -0.437245 0.291837 0.00225464 0.956465 17.4559 
0.942704 0.00516861 -0.333592 -1.21615 -0.00473311 0.999987 0.00211811 -0.431285 0.333598 -0.000417771 0.942715 17.7518 
0.92563 0.00924828 -0.378317 -1.36191 -0.0063733 0.999941 0.00885073 -0.453607 0.378376 -0.00578132 0.925634 18.0565 
0.905646 0.0112608 -0.423885 -1.52718 -0.00515635 0.999866 0.0155452 -0.453993 0.424004 -0.0118927 0.905582 18.3587 
0.883154 0.0152259 -0.468836 -1.738 -0.00617894 0.999764 0.0208288 -0.43561 0.469042 -0.0154981 0.88304 18.6933 
0.857481 0.0218775 -0.514051 -1.91871 -0.00957218 0.999601 0.0265747 -0.472916 0.514427 -0.0178667 0.857348 18.9762 
0.830361 0.0270463 -0.556569 -2.17236 -0.0117502 0.999449 0.0310374 -0.496814 0.557101 -0.0192324 0.830222 19.2198 
0.799163 0.0290089 -0.600414 -2.42865 -0.0131165 0.999439 0.0308294 -0.463678 0.600971 -0.0167623 0.799095 19.5014 
0.764453 0.0331189 -0.643828 -2.68998 -0.0142083 0.999303 0.0345344 -0.482295 0.644523 -0.0172522 0.764391 19.7679 
0.727099 0.0369808 -0.685536 -2.99628 -0.0157655 0.999184 0.0371791 -0.45875 0.686352 -0.016225 0.727089 20.0379 
0.687663 0.0389939 -0.724983 -3.35224 -0.0127125 0.99905 0.0416768 -0.464068 0.725919 -0.0194431 0.687505 20.3238 
0.646089 0.0381809 -0.762307 -3.71004 -0.00919805 0.999065 0.0422433 -0.454534 0.763207 -0.0202812 0.645836 20.5886 
0.603093 0.0382649 -0.796752 -4.11098 -0.00277211 0.998943 0.045877 -0.465913 0.797666 -0.0254594 0.602562 20.8441 
0.559628 0.0382435 -0.827861 -4.50931 0.000304324 0.998925 0.0463516 -0.444586 0.828744 -0.0261916 0.559015 21.0351 
0.51395 0.0395358 -0.856908 -4.90035 0.00117727 0.998904 0.0467933 -0.423853 0.857819 -0.0250582 0.513341 21.2099 
0.46458 0.0388975 -0.884676 -5.35783 0.00494615 0.998905 0.0465173 -0.405253 0.885517 -0.0259867 0.463879 21.3818 
0.412623 0.0383862 -0.910093 -5.8312 0.00783044 0.998925 0.0456832 -0.393945 0.910868 -0.0259763 0.411879 21.5308 
0.357904 0.037593 -0.933001 -6.36956 0.0120375 0.99892 0.0448667 -0.366207 0.933681 -0.0272889 0.357065 21.7075 
0.305693 0.0367942 -0.951419 -6.9047 0.0132165 0.998993 0.0428805 -0.337305 0.952038 -0.0256826 0.304899 21.8102 
0.254007 0.0415251 -0.966311 -7.47687 0.0115201 0.998877 0.0459528 -0.29071 0.967134 -0.0228043 0.253244 21.8898 
0.203645 0.0455713 -0.977984 -8.07901 0.0130576 0.998701 0.0492556 -0.257474 0.978958 -0.0228007 0.202786 21.9615 
0.156434 0.0464071 -0.986598 -8.69152 0.0176036 0.998606 0.0497632 -0.223322 0.987532 -0.0251523 0.155399 22.0096 
0.112513 0.0475842 -0.99251 -9.28143 0.0194214 0.998557 0.0500758 -0.209088 0.99346 -0.0249101 0.111426 22.0394 
0.0730082 0.0461042 -0.996265 -9.88914 0.0210472 0.998637 0.0477564 -0.192403 0.997109 -0.0244552 0.0719384 22.0306 
0.0380979 0.0409379 -0.998435 -10.538 0.0159193 0.999009 0.0415689 -0.156581 0.999147 -0.0174781 0.0374085 22.0013 
0.0113068 0.0397646 -0.999145 -11.1933 0.0117747 0.999134 0.0398975 -0.120005 0.999867 -0.0122157 0.0108288 21.9437 
-0.0104606 0.0450396 -0.99893 -11.699 0.00950282 0.998945 0.0449407 -0.136042 0.9999 -0.00902251 -0.0108776 21.9646 
-0.0232843 0.0498727 -0.998484 -12.4547 0.010233 0.998715 0.0496456 -0.0999393 0.999677 -0.00906153 -0.0237647 21.9401 
-0.0299383 0.0527617 -0.998158 -13.0543 0.0105872 0.998567 0.0524658 -0.0940126 0.999496 -0.0089969 -0.030454 21.8319 
-0.0342019 0.050226 -0.998152 -13.8515 0.0125314 0.998679 0.0498231 -0.0683631 0.999336 -0.0108042 -0.0347861 21.7966 
-0.0328462 0.0455929 -0.99842 -14.5833 0.0186695 0.998813 0.0449966 -0.0241204 0.999286 -0.017162 -0.0336584 21.7544 
-0.0291691 0.0433041 -0.998636 -15.4267 0.0307629 0.998627 0.0424051 0.026764 0.999101 -0.029484 -0.0304612 21.7656 
-0.0245173 0.0438303 -0.998738 -16.2015 0.0331798 0.998524 0.0430064 0.0486318 0.999149 -0.0320835 -0.0259354 21.738 
-0.0219458 0.0404252 -0.998942 -17.2455 0.0325882 0.99868 0.0396987 0.142807 0.999228 -0.0316824 -0.0232342 21.8227 
-0.0186825 0.0341801 -0.999241 -18.106 0.0375693 0.998734 0.0334603 0.157386 0.999119 -0.0369157 -0.019943 21.7843 
-0.0182409 0.0247672 -0.999527 -18.9792 0.03606 0.999059 0.0240975 0.154373 0.999183 -0.0356033 -0.0191168 21.7923 
-0.0180787 0.015812 -0.999712 -19.8141 0.0290193 0.999462 0.0152833 0.186168 0.999415 -0.0287346 -0.0185279 21.731 
-0.0197086 0.0122726 -0.99973 -20.7639 0.0237701 0.999648 0.011803 0.212362 0.999523 -0.023531 -0.0199934 21.7087 
-0.0243115 0.0175884 -0.99955 -21.6991 0.0141802 0.999751 0.0172471 0.22895 0.999604 -0.0137545 -0.0245549 21.6632 
-0.0294894 0.0266023 -0.999211 -22.644 0.00880632 0.999614 0.0263531 0.231492 0.999526 -0.0080222 -0.0297122 21.5942 
-0.0354168 0.0353544 -0.998747 -23.6437 0.00936257 0.999342 0.0350434 0.259033 0.999329 -0.00810967 -0.0357245 21.553 
-0.0374682 0.0453063 -0.99827 -24.6663 0.00898389 0.998947 0.0449998 0.286931 0.999257 -0.00728225 -0.0378358 21.5031 
-0.0383625 0.0526783 -0.997874 -25.6709 0.0111264 0.99857 0.0522873 0.323199 0.999202 -0.00909683 -0.0388937 21.4498 
-0.0407875 0.0524424 -0.997791 -26.6926 0.0120446 0.998575 0.0519912 0.370975 0.999095 -0.00989737 -0.0413611 21.4036 
-0.0427786 0.0499856 -0.997833 -27.706 0.0111406 0.998709 0.0495519 0.401173 0.999023 -0.00899669 -0.0432803 21.3408 
-0.0468163 0.0462608 -0.997832 -28.7088 0.0111227 0.998889 0.045788 0.407973 0.998842 -0.00895489 -0.0472788 21.2743 
-0.0505896 0.0410533 -0.997875 -29.7251 0.0107493 0.999119 0.0405595 0.442205 0.998662 -0.0086745 -0.0509863 21.2001 
-0.0556343 0.0369557 -0.997767 -30.6482 0.0108429 0.999278 0.0364071 0.452138 0.998392 -0.00879319 -0.0559948 21.0919 
-0.0655767 0.03459 -0.997248 -31.6838 0.0101726 0.99937 0.0339947 0.494914 0.997796 -0.00791526 -0.0658872 21.0835 
-0.0716719 0.0365398 -0.996759 -32.7702 0.0107111 0.999299 0.0358628 0.523218 0.997371 -0.00810596 -0.072013 20.9586 
-0.0777934 0.0432442 -0.996031 -33.8513 0.00808171 0.999053 0.0427442 0.528338 0.996937 -0.00472438 -0.0780692 20.836 
-0.0848942 0.0455972 -0.995346 -34.9133 0.00645086 0.998957 0.0452123 0.575208 0.996369 -0.00258254 -0.0850997 20.7342 
-0.0901876 0.0470395 -0.994813 -35.9399 0.00314137 0.998892 0.0469476 0.613722 0.99592 0.00110905 -0.0902355 20.6309 
-0.093581 0.047777 -0.994465 -37.0004 -0.000487664 0.998846 0.0480334 0.661394 0.995612 0.00498001 -0.0934497 20.5123 
-0.0952102 0.0476321 -0.994317 -38.0637 -0.00290865 0.998837 0.0481272 0.710817 0.995453 0.00747436 -0.0949609 20.3885 
-0.0958338 0.0479488 -0.994242 -39.1263 -0.00449432 0.998808 0.0486022 0.733624 0.995387 0.00912621 -0.0955041 20.2437 
-0.0969965 0.0460122 -0.994221 -40.2119 -0.0055034 0.998891 0.0467653 0.788329 0.99527 0.0100077 -0.0966357 20.1088 
-0.0977234 0.0448816 -0.994201 -41.2607 -0.00733732 0.998923 0.045816 0.827913 0.995187 0.0117721 -0.0972889 19.9726 
-0.0975457 0.0438999 -0.994262 -42.3049 -0.00976237 0.998936 0.0450641 0.857164 0.995183 0.0141022 -0.0970134 19.8256 
-0.0995605 0.0422942 -0.994132 -43.2761 -0.0131887 0.998952 0.04382 0.86313 0.994944 0.0174741 -0.0988984 19.7151 
-0.100369 0.0364487 -0.994283 -44.3425 -0.0174065 0.999112 0.0383828 0.915596 0.994798 0.0211594 -0.0996451 19.6069 
-0.0983782 0.0355446 -0.994514 -45.4878 -0.0199362 0.999091 0.0376803 0.954181 0.994949 0.0235337 -0.0975802 19.4327 
-0.0974043 0.0389695 -0.994482 -46.5808 -0.020088 0.998953 0.0411122 0.989795 0.995042 0.0239817 -0.0965194 19.3114 
-0.0977342 0.0411246 -0.994363 -47.7151 -0.0193037 0.99888 0.0432088 1.03929 0.995025 0.0234179 -0.0968309 19.2444 
-0.095973 0.0397182 -0.994591 -48.8376 -0.0185299 0.998959 0.0416806 1.08637 0.995211 0.0224299 -0.0951372 19.1216 
-0.0946556 0.0379486 -0.994787 -49.9672 -0.0198253 0.999003 0.0399958 1.1214 0.995313 0.0235078 -0.0938089 19.0171 
-0.0906904 0.038193 -0.995147 -51.1006 -0.0229835 0.998918 0.0404323 1.14989 0.995614 0.0265388 -0.0897144 18.9016 
-0.0841526 0.0381734 -0.995721 -52.1583 -0.0287218 0.998758 0.0407172 1.18132 0.996039 0.0320254 -0.0829516 18.756 
-0.0775808 0.0363773 -0.996322 -53.3173 -0.0325933 0.998707 0.0390023 1.23521 0.996453 0.0354993 -0.0762949 18.6326 
-0.0735662 0.0346978 -0.996687 -54.4494 -0.0338798 0.998731 0.0372697 1.2668 0.996715 0.0365094 -0.0722973 18.5441 
-0.0695479 0.03534 -0.996952 -55.569 -0.0362734 0.998622 0.0379296 1.28635 0.996919 0.0388008 -0.0681701 18.4601 
-0.0666605 0.034946 -0.997164 -56.78 -0.0338955 0.99873 0.0372669 1.3178 0.9972 0.0362836 -0.0653914 18.3968 
-0.0620083 0.0370197 -0.997389 -57.9667 -0.0312913 0.998749 0.0390156 1.32487 0.997585 0.0336289 -0.0607723 18.322 
-0.0553646 0.0363462 -0.997804 -59.1077 -0.0298748 0.99883 0.0380412 1.37627 0.998019 0.0319154 -0.054214 18.224 
-0.0478116 0.0367488 -0.99818 -60.2574 -0.0323081 0.998743 0.038317 1.41827 0.998334 0.0340813 -0.0465642 18.1135 
-0.0428056 0.0369579 -0.9984 -61.3972 -0.0313253 0.998775 0.0383148 1.42633 0.998592 0.0329153 -0.0415954 18.0609 
-0.0377793 0.0317377 -0.998782 -62.5488 -0.0295003 0.999025 0.0328613 1.46641 0.998851 0.0307059 -0.0368062 17.993 
-0.0317401 0.0238111 -0.999213 -63.7394 -0.0292325 0.999266 0.024741 1.53157 0.999069 0.0299948 -0.0310208 17.8983 
-0.0271307 0.022779 -0.999372 -64.9233 -0.0265693 0.999371 0.0235003 1.57256 0.999279 0.0271902 -0.0265084 17.8136 
-0.0261217 0.0246797 -0.999354 -66.0921 -0.027357 0.999303 0.0253935 1.59891 0.999284 0.0280027 -0.0254283 17.7849 
-0.0234501 0.0239899 -0.999437 -67.2406 -0.0289506 0.999277 0.0246653 1.59928 0.999306 0.0295128 -0.0227386 17.7194 
-0.0231781 0.0229721 -0.999467 -68.3914 -0.0310264 0.999238 0.0236863 1.61866 0.99925 0.0315589 -0.0224476 17.6628 
-0.02336 0.0274537 -0.99935 -69.5442 -0.0350238 0.998987 0.0282624 1.57098 0.999113 0.0356613 -0.0223748 17.6327 
-0.0229731 0.027396 -0.999361 -70.6455 -0.0349096 0.998993 0.0281884 1.57827 0.999126 0.0355349 -0.0219936 17.5725 
-0.0229848 0.0244583 -0.999437 -71.7929 -0.0343157 0.999092 0.025239 1.59349 0.999147 0.0348766 -0.0221246 17.5291 
-0.0223479 0.0227338 -0.999492 -72.9288 -0.0331474 0.999175 0.0234678 1.6211 0.999201 0.033655 -0.0215759 17.4903 
-0.0224294 0.0220782 -0.999505 -74.1073 -0.0297548 0.999299 0.0227414 1.63909 0.999306 0.0302502 -0.0217568 17.4306 
-0.0239643 0.0229675 -0.999449 -75.3074 -0.026533 0.999369 0.0236018 1.63935 0.999361 0.027084 -0.0233398 17.4023 
-0.0261632 0.0231756 -0.999389 -76.5076 -0.0287546 0.9993 0.0239263 1.67768 0.999244 0.029363 -0.0254785 17.3662 
-0.0259623 0.0262649 -0.999318 -77.7011 -0.0303624 0.999173 0.02705 1.69546 0.999202 0.031044 -0.0251434 17.3224 
-0.0231188 0.0251689 -0.999416 -78.8719 -0.0330741 0.999117 0.0259264 1.70412 0.999186 0.0336543 -0.0222659 17.2481 
-0.0218543 0.0223546 -0.999511 -79.9908 -0.0310905 0.999251 0.0230285 1.72359 0.999278 0.0315786 -0.021143 17.2006 
-0.019692 0.0218567 -0.999567 -81.1518 -0.0321513 0.99923 0.0224827 1.72583 0.999289 0.0325801 -0.0189741 17.1249 
-0.0191943 0.0203325 -0.999609 -82.3523 -0.0285585 0.999374 0.0208761 1.73603 0.999408 0.0289481 -0.0186016 17.0678 
-0.0147252 0.0236031 -0.999613 -83.5517 -0.0308161 0.999236 0.0240481 1.7227 0.999417 0.0311584 -0.0139866 16.9734 
-0.0170339 0.0274411 -0.999478 -84.7167 -0.0288767 0.999193 0.0279254 1.72041 0.999438 0.0293374 -0.0162278 16.9683 
-0.0158467 0.0294272 -0.999441 -85.8546 -0.0301859 0.999097 0.0298957 1.72375 0.999419 0.0306428 -0.0149441 16.9367 
-0.0174873 0.0298078 -0.999403 -87.0132 -0.0328653 0.998998 0.0303708 1.73432 0.999307 0.0333768 -0.0164902 16.8982 
-0.017899 0.0276313 -0.999458 -88.1576 -0.0339104 0.999026 0.0282267 1.73926 0.999265 0.0343972 -0.0169446 16.8642 
-0.0158494 0.0274524 -0.999497 -89.2655 -0.0329312 0.999066 0.0279627 1.73097 0.999332 0.0333578 -0.0149305 16.8033 
-0.0141383 0.027851 -0.999512 -90.436 -0.0328091 0.999061 0.0283025 1.75166 0.999362 0.0331932 -0.0132113 16.7302 
-0.0144061 0.0296184 -0.999458 -91.5938 -0.029893 0.999102 0.0300387 1.77991 0.999449 0.0303095 -0.0135078 16.6978 
-0.014715 0.0339491 -0.999315 -92.7224 -0.0336438 0.998841 0.0344284 1.78295 0.999326 0.0341274 -0.0135558 16.6576 
-0.0140051 0.0348684 -0.999294 -93.9249 -0.0344511 0.998782 0.0353333 1.82167 0.999308 0.0349217 -0.0127868 16.6349 
-0.0144254 0.0377512 -0.999183 -95.0338 -0.0359879 0.99862 0.0382495 1.82871 0.999248 0.0365103 -0.0130469 16.5981 
-0.0154434 0.0369967 -0.999196 -96.1815 -0.0359852 0.998647 0.0375325 1.83568 0.999233 0.036536 -0.0140912 16.5788 
-0.015821 0.03278 -0.999337 -97.4083 -0.0388406 0.998688 0.0333736 1.87477 0.99912 0.0393429 -0.014527 16.563 
-0.0173104 0.0316428 -0.999349 -98.5523 -0.0390234 0.998716 0.0322987 1.88121 0.999088 0.0395571 -0.0160533 16.5517 
-0.0176967 0.0303544 -0.999383 -99.6778 -0.0369598 0.998836 0.0309923 1.8687 0.99916 0.0374854 -0.0165542 16.5184 
-0.0183227 0.0316088 -0.999332 -100.824 -0.0362769 0.998821 0.0322578 1.871 0.999174 0.0368438 -0.0171545 16.4976 
-0.0202213 0.0327233 -0.99926 -101.95 -0.0349379 0.998831 0.0334163 1.89441 0.999185 0.0355878 -0.0190544 16.4839 
-0.0192599 0.0335116 -0.999253 -103.131 -0.0321164 0.998902 0.0341189 1.93089 0.999299 0.0327496 -0.0181625 16.4178 
-0.0216265 0.0330858 -0.999219 -104.244 -0.0361436 0.998773 0.0338533 1.96217 0.999113 0.0368475 -0.0204041 16.4009 
-0.0224576 0.0351216 -0.999131 -105.407 -0.0394771 0.998572 0.0359893 1.96578 0.998968 0.0402511 -0.021039 16.3544 
-0.0241116 0.0342457 -0.999123 -106.562 -0.0433774 0.998436 0.035269 1.98538 0.998768 0.0441898 -0.0225884 16.3227 
-0.0247516 0.0285369 -0.999286 -107.735 -0.0444014 0.998575 0.0296164 2.0359 0.998707 0.0451028 -0.0234493 16.2849 
-0.0319291 0.0239514 -0.999203 -108.751 -0.0420235 0.998797 0.0252845 2.04461 0.998606 0.0427974 -0.0308841 16.3891 
-0.0343874 0.0255882 -0.999081 -109.974 -0.0413268 0.998781 0.0270029 2.04278 0.998554 0.0422174 -0.033288 16.3567 
-0.0366944 0.025412 -0.999003 -111.114 -0.0354605 0.999014 0.0267147 2.03464 0.998697 0.0364055 -0.0357571 16.3223 
-0.0367301 0.0292579 -0.998897 -112.347 -0.0357796 0.998892 0.0305734 2.03011 0.998685 0.0368631 -0.0356425 16.2375 
-0.0418274 0.0316307 -0.998624 -113.705 -0.0351396 0.998834 0.0331092 2.08235 0.998507 0.0364762 -0.0406672 16.2553 
-0.0439898 0.0330484 -0.998485 -114.909 -0.0331913 0.998853 0.0345228 2.08516 0.998481 0.0346597 -0.0428424 16.214 
-0.0460875 0.0308181 -0.998462 -116.083 -0.0349706 0.998862 0.0324447 2.07997 0.998325 0.0364121 -0.0449573 16.1439 
-0.0485183 0.0277087 -0.998438 -117.286 -0.0346492 0.998967 0.0294071 2.09384 0.998221 0.0360219 -0.0475081 16.0836 
-0.0487521 0.0234298 -0.998536 -118.563 -0.0326785 0.999152 0.0250397 2.16577 0.998276 0.0338515 -0.0479451 15.9862 
-0.0495153 0.0243679 -0.998476 -119.76 -0.0321795 0.999144 0.02598 2.17433 0.998255 0.0334169 -0.0486888 15.9089 
-0.0512593 0.0291247 -0.998261 -120.967 -0.0358129 0.998878 0.0309817 2.17411 0.998043 0.0373388 -0.0501588 15.8372 
-0.0532665 0.0345024 -0.997984 -122.203 -0.0430231 0.998396 0.0368129 2.15001 0.997653 0.0448973 -0.0516967 15.7772 
-0.0568007 0.033583 -0.997821 -123.387 -0.0464611 0.998262 0.0362426 2.15972 0.997304 0.0484185 -0.0551417 15.7039 
-0.0589838 0.0313126 -0.997768 -124.589 -0.0478008 0.998273 0.0341542 2.16932 0.997114 0.0497087 -0.0573852 15.627 
-0.0583147 0.030695 -0.997826 -125.842 -0.051399 0.998109 0.0337075 2.18276 0.996974 0.053253 -0.0566268 15.5032 
-0.0591687 0.0291447 -0.997822 -127.095 -0.051393 0.998159 0.0322021 2.21641 0.996924 0.0531865 -0.0575619 15.3927 
-0.0603407 0.0283468 -0.997775 -128.342 -0.0474463 0.998385 0.0312334 2.22704 0.99705 0.0492254 -0.0588983 15.3016 
-0.0605818 0.0295545 -0.997726 -129.583 -0.0474168 0.998348 0.0324521 2.2295 0.997036 0.049275 -0.0590803 15.2045 
-0.0612829 0.0361393 -0.997466 -130.822 -0.047718 0.998096 0.0390938 2.22695 0.996979 0.0499929 -0.0594417 15.0984 
-0.067565 0.0420604 -0.996828 -131.97 -0.0471272 0.997861 0.0452983 2.2166 0.996601 0.0500383 -0.0654383 15.1393 
-0.0691719 0.0422148 -0.996711 -133.216 -0.0476037 0.997827 0.0455657 2.22555 0.996468 0.0505991 -0.0670119 15.0664 
-0.0710726 0.0419322 -0.996589 -134.402 -0.0467151 0.99788 0.0453181 2.23807 0.996377 0.0497767 -0.0689631 14.9978 
-0.07122 0.042356 -0.996561 -135.642 -0.0475474 0.997818 0.0458074 2.2645 0.996327 0.0506463 -0.0690507 14.912 
-0.073838 0.0404577 -0.996449 -136.836 -0.0451385 0.998017 0.0438661 2.30403 0.996248 0.0482172 -0.0718653 14.8456 
-0.0736962 0.0444056 -0.996292 -138.104 -0.045149 0.997835 0.0478141 2.30487 0.996258 0.0485053 -0.0715318 14.7444 
-0.0712672 0.0485953 -0.996273 -139.315 -0.0457452 0.997602 0.0519325 2.32673 0.996408 0.0492758 -0.0688734 14.5944 
-0.0724329 0.0494143 -0.996148 -140.578 -0.0478765 0.997448 0.05296 2.37237 0.996224 0.0515281 -0.0698823 14.5246 
-0.0713198 0.0464695 -0.99637 -141.84 -0.050748 0.997451 0.0501525 2.41782 0.996162 0.0541407 -0.0687798 14.4075 
-0.0729089 0.0442115 -0.996358 -143.07 -0.0506777 0.997562 0.0479733 2.45981 0.99605 0.0539909 -0.0704906 14.3142 
-0.0706603 0.0422437 -0.996606 -144.345 -0.0480924 0.997797 0.045704 2.50091 0.99634 0.0511587 -0.068473 14.1693 
-0.0704537 0.0440797 -0.996541 -145.59 -0.0489592 0.997666 0.0475908 2.51273 0.996313 0.0521428 -0.0681311 14.0526 
-0.0731908 0.0443806 -0.99633 -146.768 -0.0462549 0.997783 0.0478433 2.55777 0.996245 0.0495868 -0.0709758 13.9846 
-0.078089 0.0456798 -0.995899 -147.907 -0.0457447 0.997733 0.0493508 2.55143 0.995896 0.0494109 -0.0758223 13.9592 
-0.0805789 0.0466816 -0.995655 -149.139 -0.0452319 0.997702 0.0504382 2.57281 0.995721 0.0490996 -0.0782822 13.8744 
-0.0812152 0.0501207 -0.995436 -150.353 -0.0429898 0.997629 0.0537386 2.61475 0.995769 0.047158 -0.078868 13.7489 
-0.0825371 0.0506744 -0.995299 -151.528 -0.0394855 0.997756 0.0540739 2.67001 0.995806 0.0437631 -0.080351 13.6608 
-0.0819458 0.0539802 -0.995174 -152.787 -0.0438979 0.997368 0.0577139 2.68073 0.99567 0.0484155 -0.0793605 13.5071 
-0.0864066 0.0538986 -0.994801 -153.939 -0.0446437 0.997323 0.057913 2.72201 0.995259 0.0494157 -0.0837691 13.4539 
-0.0899496 0.0560196 -0.99437 -155.218 -0.0413127 0.997348 0.0599244 2.79686 0.995089 0.0464703 -0.0873967 13.4165 
-0.0916964 0.0615668 -0.993882 -156.436 -0.0463265 0.996742 0.0660181 2.86844 0.994709 0.0520968 -0.0885456 13.3078 
-0.0924581 0.0614243 -0.99382 -157.692 -0.0521992 0.996424 0.0664415 2.92724 0.994347 0.0580197 -0.0889211 13.1876 
-0.0931743 0.0568364 -0.994026 -158.892 -0.0572494 0.996412 0.062339 2.98157 0.994003 0.0627158 -0.0895861 13.0836 
-0.0911855 0.0503261 -0.994561 -160.121 -0.0573377 0.9968 0.0556963 3.03533 0.994182 0.0621046 -0.0880081 12.9391 
-0.0919516 0.0510307 -0.994455 -161.208 -0.0603124 0.996567 0.0567158 3.03034 0.993935 0.0651931 -0.0885581 12.7792 
-0.0911185 0.0484215 -0.994662 -162.411 -0.0604724 0.996705 0.0540606 3.06859 0.994002 0.0650755 -0.0878901 12.6304 
-0.0908319 0.0441786 -0.994886 -163.623 -0.0591905 0.99701 0.049677 3.12944 0.994106 0.0634001 -0.0879454 12.4833 
-0.0931138 0.0414719 -0.994791 -164.727 -0.05276 0.997523 0.0465242 3.14935 0.994257 0.0568173 -0.090695 12.4013 
-0.0951355 0.0450262 -0.994446 -165.916 -0.0514276 0.99742 0.0500808 3.18542 0.994135 0.0559065 -0.0925744 12.2757 
-0.0977911 0.0505464 -0.993923 -167.12 -0.0515203 0.997113 0.0557777 3.24088 0.993873 0.0566618 -0.0949046 12.1883 
-0.099737 0.0544705 -0.993522 -168.305 -0.0519133 0.996856 0.0598647 3.28219 0.993659 0.0575477 -0.0965957 12.1196 
-0.0979864 0.0511639 -0.993872 -169.455 -0.054096 0.996927 0.0566546 3.33829 0.993716 0.0593159 -0.0949176 11.9743 
-0.0949347 0.0509706 -0.994178 -170.708 -0.0578768 0.996716 0.0566274 3.38734 0.9938 0.0629157 -0.091673 11.7959 
-0.0939264 0.0527083 -0.994183 -171.898 -0.0549798 0.996799 0.0580413 3.43471 0.99406 0.0601116 -0.0907278 11.6734 
-0.0947434 0.0498659 -0.994252 -173.073 -0.0563173 0.996877 0.0553641 3.4838 0.993908 0.061239 -0.0916392 11.55 
-0.0916959 0.0488603 -0.994588 -174.16 -0.0574504 0.996872 0.0542691 3.49442 0.994128 0.0621158 -0.0886021 11.4038 
-0.0913289 0.0497771 -0.994576 -175.34 -0.0613046 0.996575 0.0555066 3.55034 0.993932 0.0660414 -0.0879645 11.2867 
-0.0908712 0.0515939 -0.994525 -176.43 -0.0616128 0.996453 0.0573235 3.55084 0.993955 0.0664846 -0.08737 11.1893 
-0.09229 0.052711 -0.994336 -177.543 -0.0628804 0.996296 0.0586512 3.59486 0.993745 0.0679372 -0.0886337 11.0782 
-0.0936403 0.0545725 -0.994109 -178.54 -0.0630591 0.996167 0.0606253 3.62188 0.993607 0.0683647 -0.0898401 10.9891 
-0.094562 0.055482 -0.993972 -179.581 -0.0633296 0.996088 0.061625 3.64645 0.993503 0.0687753 -0.0906784 10.9039 
-0.0950663 0.0550199 -0.993949 -180.628 -0.0612489 0.996256 0.0610057 3.6742 0.993585 0.0666779 -0.0913405 10.7983 
-0.0959423 0.0553569 -0.993846 -181.591 -0.0621389 0.996172 0.0614851 3.69531 0.993445 0.0676556 -0.0921352 10.7115 
-0.0941723 0.0566117 -0.993945 -182.528 -0.0643016 0.995951 0.0628183 3.72174 0.993477 0.069828 -0.0901508 10.5922 
-0.0959086 0.0547867 -0.993881 -183.451 -0.0614928 0.996251 0.0608513 3.75642 0.993489 0.0669528 -0.0921801 10.5138 
-0.101171 0.0512628 -0.993548 -184.309 -0.0572794 0.996715 0.0572589 3.78869 0.993219 0.0627028 -0.097902 10.4687 
-0.109895 0.0493489 -0.992717 -185.273 -0.0583082 0.996727 0.056003 3.8027 0.992232 0.064038 -0.106657 10.4261 
-0.114452 0.0453894 -0.992391 -186.183 -0.0618157 0.996695 0.0527154 3.84317 0.991504 0.0673788 -0.111267 10.3066 
-0.121539 0.0463483 -0.991504 -187.027 -0.0637521 0.996482 0.0543958 3.83863 0.990537 0.0698217 -0.118157 10.2286 
-0.11968 0.0466545 -0.991716 -187.989 -0.0658673 0.996321 0.05482 3.90828 0.990625 0.0718826 -0.116167 10.0223 
-0.119931 0.0489721 -0.991574 -188.897 -0.0659504 0.996183 0.0571765 3.94036 0.990589 0.072252 -0.116244 9.87645 
-0.123732 0.0503628 -0.991037 -189.81 -0.064623 0.996182 0.0586926 3.98239 0.990209 0.0713059 -0.120005 9.77765 
-0.126478 0.052682 -0.990569 -190.698 -0.0651957 0.995988 0.0612945 3.9909 0.989825 0.0723333 -0.122536 9.65335 
-0.129543 0.0504568 -0.990289 -191.634 -0.0621363 0.996329 0.0588928 4.03325 0.989625 0.0691621 -0.125932 9.56091 
-0.130347 0.0514473 -0.990133 -192.524 -0.0679397 0.995842 0.0606879 4.05117 0.989138 0.0751799 -0.12631 9.40435 
-0.131263 0.04967 -0.990103 -193.423 -0.0709475 0.995712 0.0593573 4.09922 0.988806 0.0780368 -0.127176 9.27487 
-0.13062 0.0467022 -0.990332 -194.367 -0.0750727 0.995556 0.0568503 4.16013 0.988586 0.0817727 -0.126534 9.13342 
-0.127228 0.0434832 -0.99092 -195.247 -0.077392 0.995558 0.0536234 4.20578 0.98885 0.0835117 -0.123298 8.97746 
-0.130404 0.0371181 -0.990766 -196.087 -0.0825335 0.995424 0.0481556 4.30021 0.98802 0.0880511 -0.126743 8.8921 
-0.127229 0.0387161 -0.991117 -197.06 -0.0789572 0.995672 0.0490296 4.30034 0.988726 0.0844939 -0.123622 8.74153 
-0.128869 0.0389345 -0.990897 -197.953 -0.0784764 0.995695 0.0493291 4.37601 0.988552 0.0841191 -0.125259 8.62331 
-0.124121 0.0429352 -0.991338 -198.9 -0.0787509 0.995486 0.0529749 4.37486 0.989137 0.084644 -0.12018 8.42957 
-0.118967 0.0404235 -0.992075 -199.829 -0.0749086 0.995958 0.0495645 4.42141 0.990069 0.0802115 -0.115458 8.22633 
-0.120036 0.0380478 -0.99204 -200.706 -0.0733568 0.996194 0.0470831 4.4322 0.990056 0.0784246 -0.116788 8.11905 
-0.120246 0.036666 -0.992067 -201.621 -0.0769934 0.995963 0.0461423 4.48692 0.989754 0.0819311 -0.116938 8.00481 
-0.119918 0.040433 -0.99196 -202.599 -0.0779732 0.9957 0.0500116 4.53275 0.989717 0.0833436 -0.116249 7.8757 
-0.119246 0.0394456 -0.992081 -203.517 -0.0742196 0.996061 0.0485248 4.57452 0.990087 0.0794183 -0.115848 7.78482 
-0.113001 0.0407717 -0.992758 -204.577 -0.0730787 0.996111 0.0492276 4.60283 0.990904 0.0781122 -0.109582 7.56492 
-0.112713 0.0446546 -0.992624 -205.525 -0.0726484 0.995946 0.0530533 4.66031 0.990968 0.0780924 -0.109012 7.47947 
-0.111054 0.0493899 -0.992586 -206.493 -0.0712626 0.995798 0.0575228 4.70355 0.991256 0.0771224 -0.107067 7.32898 
-0.10938 0.0505018 -0.992716 -207.476 -0.071492 0.995722 0.0585318 4.7402 0.991426 0.0773735 -0.105301 7.20099 
-0.108159 0.050007 -0.992875 -208.513 -0.0721974 0.995702 0.0580142 4.79464 0.991509 0.0779579 -0.104084 7.09253 
-0.104552 0.0503842 -0.993242 -209.538 -0.0731823 0.995619 0.0582081 4.85356 0.991823 0.0787736 -0.100406 6.95354 
-0.100621 0.05128 -0.993602 -210.641 -0.0723321 0.995651 0.0587107 4.89464 0.992292 0.0777769 -0.0964741 6.8418 
-0.0987124 0.0472182 -0.993995 -211.71 -0.0749031 0.995687 0.0547371 4.9491 0.992293 0.0798566 -0.0947499 6.72359 
-0.0943469 0.0435768 -0.994585 -212.818 -0.0747221 0.995914 0.0507232 5.02508 0.992731 0.0791031 -0.0907052 6.582 
-0.0914397 0.0420841 -0.994921 -213.943 -0.0717796 0.996229 0.0487364 5.09576 0.99322 0.0758715 -0.0880741 6.45843 
-0.0943214 0.0439364 -0.994572 -214.954 -0.0741407 0.995941 0.0510281 5.1352 0.992777 0.0785513 -0.0906811 6.40405 
-0.0918932 0.0467146 -0.994673 -216.005 -0.077304 0.99555 0.0538975 5.18847 0.992764 0.081845 -0.087873 6.27429 
-0.092949 0.0475819 -0.994533 -217.056 -0.0779042 0.995448 0.0549066 5.20808 0.992619 0.0825819 -0.088819 6.2026 
-0.094836 0.0437597 -0.994531 -218.125 -0.0773132 0.995692 0.0511832 5.2735 0.992486 0.0817444 -0.0910443 6.11609 
-0.0939183 0.0402633 -0.994765 -219.178 -0.0724748 0.996254 0.0471661 5.33923 0.992938 0.0765252 -0.0906484 5.97511 
-0.0945251 0.0379126 -0.9948 -220.283 -0.0696885 0.996571 0.0446018 5.40854 0.99308 0.0735421 -0.0915589 5.86984 
-0.0954168 0.0338236 -0.994863 -221.338 -0.0683009 0.996845 0.0404417 5.48671 0.993091 0.0718089 -0.0928056 5.79939 
-0.0985172 0.0365802 -0.994463 -222.352 -0.0675711 0.996772 0.0433591 5.47048 0.992839 0.0714686 -0.0957274 5.72823 
-0.0983712 0.036635 -0.994475 -223.437 -0.0697559 0.99661 0.0436138 5.50406 0.992702 0.0736609 -0.0954822 5.59971 
-0.0994705 0.0394797 -0.994257 -224.509 -0.0709056 0.996391 0.0466582 5.53815 0.992511 0.0751396 -0.0963122 5.49093 
-0.100684 0.0398394 -0.994121 -225.624 -0.0709526 0.996366 0.0471155 5.58129 0.992385 0.0752792 -0.0974916 5.36705 
-0.102969 0.0427124 -0.993767 -226.701 -0.0720367 0.996134 0.0502782 5.60686 0.992073 0.0767648 -0.0994937 5.26144 
-0.103822 0.0421357 -0.993703 -227.854 -0.0763307 0.995818 0.0502004 5.6743 0.991663 0.081062 -0.100172 5.11817 
-0.104951 0.040529 -0.993651 -229.026 -0.0782945 0.995731 0.0488834 5.72443 0.991391 0.0829278 -0.10133 4.96545 
-0.107691 0.0363202 -0.993521 -230.183 -0.0746529 0.996216 0.0445106 5.76283 0.991378 0.0789627 -0.104572 4.85197 
-0.108322 0.0302152 -0.993657 -231.333 -0.0714267 0.996718 0.0380948 5.80554 0.991547 0.0751002 -0.105808 4.6728 
-0.111504 0.0271904 -0.993392 -232.525 -0.066567 0.997176 0.0347659 5.82755 0.991532 0.0700036 -0.109379 4.53869 
-0.114189 0.0288767 -0.993039 -233.728 -0.0607776 0.997502 0.0359953 5.86292 0.991598 0.0644648 -0.112148 4.39882 
-0.118242 0.0336975 -0.992413 -234.92 -0.0572778 0.997529 0.0406956 5.88616 0.991332 0.0616552 -0.11602 4.27724 
-0.120057 0.0369304 -0.99208 -236.019 -0.0574152 0.997377 0.0440757 5.91838 0.991105 0.0622521 -0.117622 4.1025 
-0.121276 0.0369403 -0.991931 -237.11 -0.055439 0.997495 0.0439257 5.93383 0.991069 0.0603189 -0.118924 3.90075 
-0.124629 0.0378908 -0.99148 -238.311 -0.0540382 0.997528 0.0449146 5.95775 0.990731 0.0591754 -0.122274 3.72681 
-0.126533 0.0399634 -0.991157 -239.424 -0.0577523 0.997197 0.0475798 6.01487 0.99028 0.0632621 -0.123871 3.56763 
-0.129687 0.0388891 -0.990792 -240.507 -0.055797 0.997361 0.0464504 6.07674 0.989984 0.0613072 -0.127175 3.401 
-0.132413 0.0377663 -0.990475 -241.81 -0.0574103 0.997304 0.0457017 6.12138 0.989531 0.0629151 -0.129888 3.2432 
-0.135402 0.0374341 -0.990083 -243.035 -0.0582722 0.997255 0.0456744 6.17686 0.989076 0.0638788 -0.132849 3.05024 
-0.137869 0.0379567 -0.989723 -244.273 -0.0575308 0.997271 0.0462602 6.21372 0.988778 0.0633174 -0.135309 2.87091 
-0.140411 0.0362984 -0.989428 -245.516 -0.0532252 0.997606 0.0441517 6.25729 0.988662 0.0588619 -0.138143 2.68742 
-0.142752 0.0366969 -0.989078 -246.782 -0.0558855 0.997419 0.0450723 6.31851 0.988179 0.0617094 -0.140333 2.48096 
-0.145293 0.0381886 -0.988651 -247.986 -0.0559247 0.99734 0.046743 6.34934 0.987807 0.0620815 -0.142771 2.27465 
-0.147572 0.0397489 -0.988252 -249.22 -0.0586578 0.997082 0.0488632 6.35618 0.98731 0.0651796 -0.14481 2.07794 
-0.149399 0.0384756 -0.988028 -250.453 -0.060489 0.997015 0.0479721 6.41746 0.986925 0.0669318 -0.146626 1.87048 
-0.150069 0.0394229 -0.987889 -251.638 -0.0607338 0.99695 0.0490105 6.44109 0.986808 0.0673533 -0.147217 1.64853 
-0.149053 0.037637 -0.988113 -252.773 -0.0603331 0.997067 0.0470792 6.48063 0.986987 0.0666332 -0.146346 1.42825 
-0.148456 0.0383008 -0.988177 -253.884 -0.0592283 0.997112 0.0475451 6.48161 0.987144 0.0655864 -0.145758 1.21756 
-0.147868 0.0384133 -0.988261 -255.199 -0.0590728 0.997118 0.0475964 6.52261 0.987241 0.0654173 -0.145173 0.983798 
-0.148337 0.0385432 -0.988185 -256.435 -0.0585755 0.997143 0.0476854 6.57601 0.987201 0.0649571 -0.145656 0.798134 
-0.150543 0.0390578 -0.987832 -257.651 -0.0578345 0.99716 0.0482404 6.60489 0.98691 0.064393 -0.147857 0.636628 
-0.152861 0.0395263 -0.987457 -258.913 -0.0566135 0.997209 0.0486806 6.65807 0.986625 0.0633448 -0.150197 0.494125 
-0.152863 0.0403057 -0.987425 -260.211 -0.0546122 0.997297 0.0491632 6.71851 0.986737 0.0614407 -0.150249 0.285704 
-0.152542 0.0436456 -0.987333 -261.446 -0.0496252 0.997426 0.0517589 6.75787 0.98705 0.0568921 -0.149984 0.0619225 
-0.154013 0.0458138 -0.987006 -262.698 -0.0443035 0.9976 0.0532186 6.83097 0.987075 0.0519242 -0.151614 -0.125766 
-0.15384 0.0484992 -0.986905 -263.908 -0.0410348 0.997619 0.0554223 6.87814 0.987243 0.0490236 -0.151484 -0.333878 
-0.152418 0.0475643 -0.987171 -265.026 -0.0433011 0.997561 0.0547506 6.90577 0.987367 0.0510906 -0.149986 -0.581351 
-0.152782 0.0464957 -0.987166 -266.205 -0.045334 0.997511 0.0539992 6.93184 0.98722 0.0530023 -0.150294 -0.796679 
-0.153678 0.0491016 -0.9869 -267.369 -0.0497357 0.997114 0.0573546 6.9698 0.986868 0.0578984 -0.150793 -1.00712 
-0.154977 0.0544718 -0.986415 -268.636 -0.0546919 0.996474 0.06362 7.01545 0.986403 0.0638086 -0.151451 -1.19934 
-0.155583 0.053076 -0.986396 -269.877 -0.0592897 0.996254 0.0629581 7.07646 0.986042 0.0682783 -0.151853 -1.42803 
-0.155877 0.0467474 -0.98667 -271.061 -0.0569325 0.996794 0.0562214 7.11434 0.986134 0.0649372 -0.152716 -1.63555 
-0.15726 0.0439506 -0.986579 -272.276 -0.053567 0.997159 0.0529605 7.1189 0.986103 0.0611767 -0.154459 -1.84532 
-0.158015 0.0428751 -0.986505 -273.452 -0.0479064 0.997548 0.0510285 7.16851 0.986274 0.0553232 -0.155574 -2.02716 
-0.156483 0.0445088 -0.986677 -274.721 -0.0451431 0.997618 0.0521618 7.21783 0.986648 0.0527041 -0.154101 -2.24774 
-0.154302 0.0457917 -0.986962 -275.925 -0.0443869 0.997596 0.0532245 7.28097 0.987026 0.0520209 -0.151898 -2.45827 
-0.155448 0.0488018 -0.986638 -277.108 -0.0468757 0.997289 0.056714 7.30739 0.986731 0.0550654 -0.152739 -2.64895 
-0.153958 0.050418 -0.98679 -278.337 -0.0466407 0.997213 0.0582274 7.35271 0.986976 0.0549892 -0.151177 -2.86762 
-0.153102 0.0497281 -0.986958 -279.552 -0.047768 0.997193 0.0576538 7.44032 0.987055 0.055972 -0.150297 -3.09607 
-0.153138 0.0503395 -0.986922 -280.836 -0.0456315 0.997276 0.0579481 7.4565 0.987151 0.0539088 -0.150423 -3.29165 
-0.151334 0.0485065 -0.987292 -281.98 -0.0461802 0.997358 0.0560796 7.50885 0.987403 0.0540801 -0.148694 -3.51048 
-0.15103 0.0482344 -0.987352 -283.139 -0.0468001 0.99734 0.0558811 7.53176 0.987421 0.0546479 -0.148371 -3.72074 
-0.151403 0.0474117 -0.987335 -284.367 -0.0452394 0.99747 0.0548357 7.58775 0.987436 0.0529687 -0.148875 -3.92859 
-0.152348 0.0474219 -0.987189 -285.616 -0.0457307 0.99744 0.0549718 7.63832 0.987268 0.0535197 -0.149789 -4.12771 
-0.152635 0.0467572 -0.987176 -286.84 -0.0481582 0.997342 0.0546848 7.69847 0.987109 0.0558875 -0.149977 -4.31787 
-0.15218 0.0473407 -0.987218 -288.076 -0.0477471 0.997334 0.0551861 7.74507 0.987199 0.0555351 -0.149514 -4.52585 
-0.153607 0.0465897 -0.987033 -289.302 -0.0461703 0.997459 0.0542671 7.77876 0.987053 0.0539074 -0.151066 -4.69803 
-0.15485 0.0453385 -0.986897 -290.527 -0.047476 0.997451 0.0532726 7.79789 0.986797 0.0551033 -0.152303 -4.87743 
-0.158748 0.0406368 -0.986482 -291.598 -0.0419313 0.997974 0.0478579 7.86192 0.986428 0.0489619 -0.156723 -4.97363 
-0.159699 0.0375669 -0.986451 -292.851 -0.0452229 0.997948 0.045326 7.93622 0.986129 0.0518488 -0.157672 -5.15883 
-0.161037 0.0378284 -0.986223 -294.063 -0.0452774 0.99793 0.0456706 7.96638 0.985909 0.0520083 -0.15899 -5.34824 
-0.161249 0.0387607 -0.986152 -295.244 -0.0458764 0.997854 0.0467221 8.00713 0.985847 0.0527751 -0.159125 -5.57767 
-0.162206 0.040287 -0.985934 -296.42 -0.0501146 0.99754 0.0490061 8.01982 0.985483 0.0573589 -0.159789 -5.80369 
-0.163398 0.0402085 -0.985741 -297.679 -0.0506825 0.997508 0.0490897 8.0595 0.985258 0.057981 -0.160953 -5.96366 
-0.16459 0.0374011 -0.985653 -298.814 -0.0517546 0.997577 0.0464958 8.09707 0.985003 0.0586649 -0.162255 -6.20708 
-0.166893 0.0383271 -0.98523 -300.059 -0.0482264 0.997731 0.0469827 8.10038 0.984795 0.0553552 -0.164666 -6.40383 
-0.169155 0.0378691 -0.984862 -301.264 -0.0448662 0.99793 0.0460775 8.15949 0.984568 0.0519813 -0.167105 -6.61557 
-0.172139 0.0379677 -0.984341 -302.464 -0.0449416 0.997914 0.0463505 8.2357 0.984047 0.0522166 -0.170074 -6.81003 
-0.171492 0.039437 -0.984396 -303.774 -0.0432231 0.997935 0.0475093 8.28532 0.984237 0.0506961 -0.169433 -7.05925 
