1 2.12261e-08 -2.11895e-08 0 2.12261e-08 1 2.10703e-08 0 -2.11895e-08 2.10703e-08 1 0 
0.999875 -0.00145324 0.0157434 -0.00792299 0.00146588 0.999999 -0.000789138 0.0215831 -0.0157423 0.000812159 0.999876 0.175226 
0.999293 0.00216573 0.0375469 0.0093041 -0.00213624 0.999997 -0.000824468 0.029469 -0.0375486 0.000743717 0.999295 0.325714 
0.997944 0.00415154 0.063954 0.0384929 -0.0042332 0.99999 0.00114217 0.0207986 -0.0639487 -0.00141051 0.997952 0.469899 
0.995153 0.00344354 0.0982773 0.0842028 -0.00365848 0.999991 0.00200744 0.0328366 -0.0982696 -0.00235722 0.995157 0.584112 
0.990621 0.00278509 0.136607 0.130805 -0.0033315 0.999987 0.00377172 0.0324711 -0.136595 -0.00419141 0.990618 0.744385 
0.984325 -0.000681282 0.176361 0.215003 -6.82987e-05 0.999991 0.0042444 0.00147091 -0.176363 -0.00418988 0.984316 0.91159 
0.975403 -0.000396862 0.220428 0.300465 -0.000944238 0.999982 0.00597887 0.0126715 -0.220427 -0.00603991 0.975385 1.10964 
0.962796 0.00190891 0.270224 0.343865 -0.00466121 0.999944 0.00954407 -0.00231159 -0.270191 -0.0104485 0.96275 1.27166 
0.948481 -0.00119261 0.31683 0.492774 -0.00454672 0.999839 0.0173751 -0.0234024 -0.3168 -0.0179204 0.948323 1.43891 
0.931682 -0.0139707 0.363007 0.641818 0.00506859 0.999663 0.0254645 -0.0597578 -0.36324 -0.0218848 0.931439 1.64101 
0.910123 -0.0194652 0.413881 0.667873 0.0085127 0.999564 0.0282912 -0.0384185 -0.414251 -0.0222252 0.909891 1.71913 
0.88495 -0.0232645 0.465105 0.771378 0.00887967 0.999413 0.0330953 -0.0641986 -0.465602 -0.0251577 0.884637 1.8403 
0.856406 -0.0247084 0.515711 0.92665 0.0057237 0.999247 0.0383705 -0.0843018 -0.516271 -0.0299089 0.855903 2.00677 
0.822741 -0.0309669 0.567572 1.04494 0.00740223 0.999014 0.0437765 -0.101837 -0.568368 -0.0318154 0.822159 2.16775 
0.78633 -0.0359489 0.616759 1.06957 0.00893469 0.998863 0.0468293 -0.143521 -0.617742 -0.0313127 0.785758 2.22463 
0.748136 -0.0409037 0.662283 1.39872 0.0104275 0.9987 0.0499022 -0.140591 -0.663463 -0.0304276 0.74759 2.46842 
0.707818 -0.0431488 0.705076 1.648 0.0108853 0.99868 0.050189 -0.121359 -0.706311 -0.0278496 0.707354 2.69873 
0.665381 -0.0447161 0.745163 1.9034 0.00892775 0.99861 0.0519532 -0.1268 -0.74645 -0.0279161 0.664855 2.8842 
0.622167 -0.0434511 0.781678 2.21999 0.00338956 0.998599 0.0528113 -0.0780672 -0.782877 -0.0302079 0.621443 3.08887 
0.578159 -0.0438995 0.814742 2.55562 -0.000766391 0.998522 0.0543457 -0.0526186 -0.815924 -0.0320448 0.577271 3.34219 
0.538755 -0.0443041 0.841297 2.86589 -0.0019445 0.998548 0.0538305 -0.0127935 -0.84246 -0.0306374 0.537887 3.47586 
0.498759 -0.0459893 0.86552 3.25358 -0.00214364 0.998523 0.0542917 0.0209404 -0.866738 -0.0289338 0.497923 3.69525 
0.460552 -0.0455411 0.886464 3.67702 -0.0052911 0.998524 0.0540471 0.0470103 -0.887617 -0.0295819 0.459632 3.90902 
0.423746 -0.0443766 0.904693 4.08054 -0.0102038 0.998502 0.0537575 0.0430012 -0.905723 -0.0320108 0.422659 4.10364 
0.391914 -0.0422893 0.919029 4.40807 -0.00106634 0.998921 0.0464203 0.0908109 -0.920001 -0.0191728 0.391446 4.17124 
0.362071 -0.0408804 0.931254 4.94972 -0.000662099 0.999026 0.044113 0.092359 -0.93215 -0.0165886 0.361691 4.32433 
0.334801 -0.0373131 0.94155 5.54407 -0.000275921 0.999212 0.0396964 0.151706 -0.942289 -0.0135502 0.334527 4.59305 
0.314688 -0.0361101 0.948508 6.01646 0.000953223 0.999288 0.0377271 0.188527 -0.949195 -0.0109681 0.314499 4.72368 
0.301216 -0.0368852 0.952842 6.62947 0.00558995 0.999303 0.0369167 0.210743 -0.95354 -0.00579353 0.301212 4.84568 
0.288802 -0.0383249 0.956621 7.26453 0.00665065 0.999255 0.0380252 0.241755 -0.957366 -0.0046196 0.288842 5.0654 
0.278009 -0.0391399 0.959781 7.87519 0.00575353 0.999219 0.0390817 0.300756 -0.960561 -0.00534291 0.278017 5.24909 
0.266926 -0.0413952 0.962828 8.52176 0.00348933 0.999112 0.0419879 0.287252 -0.963711 -0.00784802 0.266833 5.47161 
0.255608 -0.0442568 0.965767 9.22084 0.00337994 0.998987 0.0448846 0.302835 -0.966775 -0.00820861 0.255498 5.66551 
0.245845 -0.0463954 0.968198 9.93497 0.00379885 0.998892 0.0469016 0.321727 -0.969302 -0.0078525 0.245749 5.8394 
0.236135 -0.0470958 0.970578 10.6801 0.00460685 0.998868 0.0473477 0.372399 -0.971709 -0.00670914 0.236085 6.02845 
0.224578 -0.0489834 0.973224 11.452 0.00660409 0.998789 0.0487462 0.38803 -0.974434 -0.00452009 0.22463 6.2406 
0.213797 -0.0506095 0.975566 12.2596 0.00534062 0.998703 0.0506394 0.447701 -0.976864 -0.00561641 0.21379 6.43396 
0.203159 -0.0540023 0.977656 13.0562 0.00490282 0.998522 0.0541361 0.485393 -0.979134 -0.00620494 0.203123 6.59169 
0.191482 -0.0580472 0.979778 13.8404 0.00516958 0.998295 0.058134 0.504349 -0.981483 -0.00606655 0.191455 6.72292 
0.178668 -0.0589781 0.98214 14.6681 0.00801594 0.998256 0.0584877 0.569228 -0.983877 -0.00257709 0.178829 6.90802 
0.164582 -0.0599032 0.984543 15.4384 0.00789803 0.998202 0.059414 0.582806 -0.986332 -0.0020025 0.164759 7.0766 
0.149512 -0.0592484 0.986983 16.2105 0.00614423 0.99824 0.0589934 0.608983 -0.988741 -0.00275599 0.149613 7.21648 
0.1323 -0.0584071 0.989487 17.0253 0.00528889 0.99829 0.0582195 0.631243 -0.991196 -0.00246918 0.132383 7.34844 
0.111367 -0.0562759 0.992185 17.8322 0.00420259 0.998413 0.0561575 0.674101 -0.99377 -0.00208436 0.111427 7.46772 
0.0861607 -0.0540925 0.994812 18.6388 0.000557202 0.998527 0.0542463 0.712261 -0.996281 -0.00411959 0.0860639 7.53921 
0.0548305 -0.0547425 0.996994 19.4642 -0.00460622 0.998472 0.055077 0.718825 -0.998485 -0.00761227 0.0544945 7.59833 
0.0205898 -0.0540608 0.998325 20.3404 -0.00793957 0.998497 0.0542339 0.754662 -0.999757 -0.00904294 0.0201296 7.66807 
-0.0131945 -0.0522393 0.998547 21.2158 -0.0080766 0.998607 0.0521357 0.808038 -0.99988 -0.00737696 -0.013598 7.6635 
-0.0486377 -0.0511151 0.997508 22.1078 -0.0104675 0.998661 0.0506639 0.838447 -0.998762 -0.00797724 -0.0491076 7.68012 
-0.0817026 -0.0498345 0.99541 22.9729 -0.0141137 0.998707 0.0488411 0.853247 -0.996557 -0.0100585 -0.0823003 7.61165 
-0.11414 -0.0473518 0.992336 23.7979 -0.0168933 0.998812 0.0457178 0.866453 -0.993321 -0.0115456 -0.114804 7.526 
-0.147138 -0.0434666 0.98816 24.6522 -0.01305 0.999032 0.0420017 0.874404 -0.98903 -0.00671543 -0.147563 7.40639 
-0.178196 -0.0359906 0.983337 25.549 -0.00532068 0.999352 0.0356126 0.902948 -0.983981 0.00111401 -0.178272 7.25578 
-0.20737 -0.0286269 0.977844 26.3373 0.00374007 0.999541 0.0300553 0.928987 -0.978255 0.00988977 -0.207168 7.06103 
-0.236463 -0.0242735 0.971337 27.1509 0.0103779 0.999568 0.0275054 0.920772 -0.971585 0.0165845 -0.236109 6.86428 
-0.262673 -0.0165068 0.964744 28.1482 0.0186543 0.99958 0.0221819 0.95752 -0.964705 0.0238232 -0.262255 6.53226 
-0.286707 -0.00712239 0.957992 29.3293 0.0232237 0.999627 0.0143823 1.04143 -0.957737 0.0263716 -0.286435 6.02155 
-0.311272 0.00778707 0.950289 30.1013 0.0261137 0.999659 0.000362092 1.03126 -0.949962 0.0249283 -0.311369 5.74493 
-0.33644 0.0268589 0.941322 30.9068 0.0312635 0.999361 -0.0173409 1.04846 -0.941186 0.0235948 -0.337065 5.54779 
-0.365552 0.0386101 0.92999 31.4285 0.0266642 0.999164 -0.031001 1.00527 -0.930409 0.013465 -0.366276 5.5613 
-0.393515 0.0482784 0.91805 32.0608 0.0330843 0.998717 -0.0383392 0.937718 -0.918723 0.0152859 -0.394607 5.51183 
-0.418964 0.0514345 0.906545 32.7239 0.0293138 0.99864 -0.0431121 0.955313 -0.90753 0.00851188 -0.419902 5.29845 
-0.442279 0.0505361 0.895453 33.5007 0.0335166 0.998645 -0.0398055 0.905187 -0.896251 0.0124074 -0.443374 4.93518 
-0.463345 0.045382 0.885015 34.1522 0.0325354 0.998886 -0.0341874 0.902 -0.885581 0.0129538 -0.464305 4.6733 
-0.481628 0.0452805 0.875205 34.8451 0.0399524 0.998761 -0.029687 0.877505 -0.875465 0.0206685 -0.48284 4.31029 
-0.496681 0.0452993 0.86675 35.5624 0.039232 0.998788 -0.0297186 0.848478 -0.867046 0.0192437 -0.497856 3.94181 
-0.509884 0.048137 0.858896 36.2701 0.043331 0.998603 -0.0302435 0.794552 -0.859151 0.0217961 -0.511257 3.66866 
-0.520233 0.0500652 0.852556 36.8384 0.0445523 0.998512 -0.0314503 0.733633 -0.852862 0.0216218 -0.521689 3.36364 
-0.533553 0.0496632 0.844307 37.4043 0.0411052 0.998618 -0.0327638 0.668438 -0.844767 0.0172242 -0.534857 3.15825 
-0.54401 0.0481654 0.837695 38.0259 0.0413942 0.998676 -0.0305395 0.610167 -0.838057 0.0180619 -0.545283 2.76086 
-0.55302 0.048854 0.831734 38.6199 0.0434312 0.998613 -0.0297786 0.520721 -0.832035 0.019655 -0.554375 2.40895 
-0.562358 0.0516562 0.825279 39.1767 0.0441055 0.9985 -0.0324443 0.50982 -0.825717 0.018154 -0.563793 2.12884 
-0.567966 0.0547651 0.821228 39.9295 0.0442943 0.998372 -0.0359441 0.503682 -0.821859 0.0159607 -0.569467 1.76862 
-0.568391 0.0568805 0.82079 40.5699 0.0450023 0.998263 -0.0380155 0.470433 -0.821527 0.0153298 -0.569963 1.35955 
-0.565979 0.0571867 0.822434 41.2784 0.0445831 0.998255 -0.0387311 0.456588 -0.823213 0.0147457 -0.567541 0.953258 
-0.561691 0.05592 0.825455 41.9394 0.0420773 0.998353 -0.0390008 0.432688 -0.826276 0.0128265 -0.563119 0.615623 
-0.556788 0.0544098 0.828871 42.6867 0.0385391 0.99847 -0.0396544 0.401505 -0.82976 0.00986484 -0.558033 0.236111 
-0.549464 0.0548523 0.833715 43.4424 0.0383663 0.998447 -0.0404049 0.363271 -0.834636 0.00978555 -0.550715 -0.233067 
-0.544216 0.0527868 0.837283 44.1701 0.0347756 0.99858 -0.0403524 0.308173 -0.838224 0.00715658 -0.545279 -0.637756 
-0.542679 0.0490235 0.838508 44.6868 0.0358565 0.998737 -0.0351852 0.170257 -0.839174 0.0109717 -0.543752 -0.831017 
-0.541865 0.0464297 0.839182 45.5321 0.0334999 0.998873 -0.0336338 0.105376 -0.839797 0.00988754 -0.54281 -1.29014 
-0.543578 0.0424166 0.838286 46.1859 0.0285927 0.999078 -0.0320118 0.0162815 -0.838872 0.00656795 -0.54429 -1.68034 
-0.547197 0.0399258 0.836051 46.6866 0.0236055 0.999201 -0.0322671 -0.0494342 -0.836671 0.002079 -0.547702 -2.01505 
-0.550571 0.0391226 0.833871 47.5763 0.0256992 0.999222 -0.0299122 -0.134116 -0.834392 0.00496104 -0.551148 -2.35418 
-0.552998 0.0384713 0.832294 48.4247 0.0215369 0.99926 -0.0318794 -0.142399 -0.832904 0.000295792 -0.553417 -2.84983 
-0.553591 0.0382538 0.83191 49.3751 0.0238482 0.999263 -0.0300795 -0.206852 -0.832447 0.00318779 -0.554095 -3.39679 
-0.559539 0.0363138 0.828008 50.4558 0.0256927 0.99932 -0.0264647 -0.418285 -0.828406 0.00646573 -0.560091 -3.58278 
-0.565928 0.0323752 0.823819 51.0678 0.0216807 0.999468 -0.0243842 -0.463455 -0.824169 0.00406127 -0.566329 -3.7273 
-0.566906 0.0304023 0.823222 51.9204 0.0210394 0.999527 -0.0224248 -0.556191 -0.823514 0.00460732 -0.567277 -4.2506 
-0.566113 0.0301954 0.823774 52.6711 0.0186219 0.999542 -0.0238408 -0.583744 -0.824117 0.00184366 -0.566417 -4.78671 
-0.568091 0.0266154 0.822536 53.5004 0.0139876 0.999645 -0.0226856 -0.64822 -0.822847 -0.00138221 -0.568261 -5.22113 
-0.569996 0.0235596 0.82131 54.3153 0.0139677 0.999722 -0.0189837 -0.715699 -0.821529 0.000651199 -0.570166 -5.61351 
-0.570656 0.0211899 0.820916 55.1125 0.0118607 0.999775 -0.0175617 -0.750212 -0.821103 -0.000285069 -0.570779 -6.00207 
-0.571588 0.0204285 0.820286 55.9088 0.0135658 0.999789 -0.015446 -0.812461 -0.820428 0.00229906 -0.571745 -6.40655 
-0.571553 0.0186954 0.820352 56.6856 0.0113988 0.999825 -0.0148438 -0.908461 -0.820486 0.000866984 -0.571666 -6.85603 
-0.574135 0.0178274 0.818566 57.47 0.012336 0.999838 -0.0131229 -0.980303 -0.818667 0.00256346 -0.574262 -7.26312 
-0.57774 0.0172503 0.816039 58.3669 0.00954591 0.999851 -0.0143776 -1.07642 -0.816165 -0.000516701 -0.577819 -7.74197 
-0.581833 0.0177573 0.813115 59.2738 0.00811082 0.999839 -0.0160313 -1.16138 -0.813268 -0.00273251 -0.581883 -8.29504 
-0.588398 0.0171917 0.808388 60.1132 0.00448442 0.999828 -0.0179989 -1.19517 -0.808559 -0.00696539 -0.588374 -8.78204 
-0.594043 0.0156592 0.804281 60.9514 0.00511574 0.999864 -0.0156887 -1.23834 -0.804417 -0.00520526 -0.594042 -9.34977 
-0.600978 0.0120511 0.799174 61.7739 0.00526591 0.999924 -0.0111183 -1.30604 -0.799248 -0.00247347 -0.600996 -9.89512 
-0.606671 0.0086566 0.794906 62.5734 0.00306095 0.999959 -0.00855351 -1.36394 -0.794947 -0.00275601 -0.606672 -10.4603 
-0.612609 0.0115917 0.790301 63.3485 0.00352858 0.999923 -0.0119311 -1.38916 -0.790378 -0.00452045 -0.612603 -11.0128 
-0.617966 0.0130257 0.786097 64.1509 0.003586 0.999899 -0.0137493 -1.42899 -0.786196 -0.00567769 -0.617951 -11.5942 
-0.622493 0.0134061 0.782511 64.9559 0.000982919 0.999866 -0.0163479 -1.43935 -0.782625 -0.00940729 -0.622422 -12.1845 
-0.6263 0.0132131 0.77947 65.7323 -0.000146574 0.999854 -0.0170666 -1.48556 -0.779582 -0.0108031 -0.626207 -12.7821 
-0.631128 0.0124009 0.77558 66.4972 -0.00155937 0.99985 -0.0172557 -1.49185 -0.775677 -0.0121 -0.631014 -13.3194 
-0.633113 0.00612263 0.774035 67.2355 -0.00380351 0.999932 -0.0110205 -1.47127 -0.77405 -0.00992128 -0.633047 -13.9357 
-0.635503 -0.000645689 0.772098 68.0054 -0.00412118 0.999988 -0.00255578 -1.47847 -0.772087 -0.00480617 -0.635498 -14.5124 
-0.638534 -0.00222553 0.76959 68.7896 -0.00379092 0.999993 -0.000253511 -1.50261 -0.769584 -0.00307934 -0.638538 -15.115 
-0.63955 0.00377068 0.76874 69.5317 -0.00241911 0.999973 -0.00691742 -1.5224 -0.768746 -0.00628371 -0.639524 -15.6956 
-0.640738 0.00933915 0.767703 70.2579 -4.49504e-05 0.999926 -0.0122016 -1.55496 -0.76776 -0.00785257 -0.64069 -16.2885 
-0.643242 0.0129489 0.765553 71.0249 0.00497382 0.999907 -0.0127337 -1.58211 -0.765647 -0.00438315 -0.643247 -16.8553 
-0.643195 0.0151302 0.765553 71.7847 0.00807939 0.999883 -0.0129734 -1.6006 -0.76566 -0.00215922 -0.643242 -17.4978 
-0.64266 0.0112375 0.766069 72.5284 0.00608508 0.999936 -0.00956322 -1.63621 -0.766127 -0.00148431 -0.642687 -18.1079 
-0.640616 0.00823799 0.767818 73.2616 0.00511085 0.999966 -0.00646455 -1.63861 -0.767845 -0.000217101 -0.640636 -18.7364 
-0.640688 0.00196801 0.767799 74.007 0.00111046 0.999998 -0.00163653 -1.65107 -0.767801 -0.000195902 -0.640689 -19.318 
-0.639542 -0.00177846 0.768754 74.7394 -0.0026053 0.999997 0.00014605 -1.69585 -0.768752 -0.00190944 -0.639545 -19.8709 
-0.638544 -0.00860348 0.769537 75.4679 -0.0119156 0.999928 0.00129199 -1.70526 -0.769493 -0.00834453 -0.638601 -20.4221 
-0.637751 -0.00736726 0.770207 76.1876 -0.00703019 0.999968 0.00374385 -1.73617 -0.770211 -0.00302707 -0.637783 -20.9713 
-0.635831 -0.00445622 0.771815 76.9059 -0.00448401 0.999988 0.00207966 -1.74219 -0.771815 -0.00213852 -0.635844 -21.5154 
-0.632258 0.000595421 0.774757 77.6288 0.00463438 0.999985 0.0030135 -1.80193 -0.774744 0.00549582 -0.632251 -22.0199 
-0.625988 0.00286794 0.779828 78.3611 0.00935748 0.999949 0.00383405 -1.82721 -0.779777 0.00969728 -0.625982 -22.6012 
-0.620793 0.00583035 0.783953 79.1018 0.0142646 0.999891 0.00385951 -1.83207 -0.783845 0.0135787 -0.620808 -23.0996 
-0.611728 0.00573584 0.791047 79.8114 0.0129428 0.999912 0.00275854 -1.8257 -0.790962 0.0119258 -0.611749 -23.6019 
-0.600745 0.00366245 0.799432 80.5551 0.0104822 0.99994 0.00329601 -1.82346 -0.799372 0.0103599 -0.600747 -24.1652 
-0.591343 0.000488716 0.80642 81.32 0.00921 0.999939 0.00614768 -1.82834 -0.806368 0.0110625 -0.591311 -24.6749 
-0.582039 0.000215914 0.813161 82.0752 0.00881535 0.999943 0.00604432 -1.84693 -0.813113 0.0106863 -0.582008 -25.1668 
-0.57079 0.00017666 0.821096 82.8544 0.00789638 0.999955 0.00527411 -1.83616 -0.821058 0.00949409 -0.570766 -25.7069 
-0.560934 2.91264e-05 0.82786 83.6193 0.00828643 0.99995 0.0055795 -1.86483 -0.827819 0.00998973 -0.560907 -26.1828 
-0.547875 0.00377173 0.836552 84.4159 0.0113641 0.999931 0.00293425 -1.89814 -0.836483 0.0111143 -0.54788 -26.7285 
-0.539448 0.0124808 0.841927 85.1901 0.0147767 0.999877 -0.00535433 -1.9216 -0.84189 0.00955255 -0.539565 -27.1583 
-0.526696 0.0170565 0.849883 85.9708 0.0125174 0.999846 -0.0123088 -1.92132 -0.849962 0.00415535 -0.526828 -27.642 
-0.514933 0.0124267 0.85714 86.7686 0.00845022 0.99992 -0.00942018 -1.93945 -0.857189 0.00239226 -0.514997 -28.1292 
-0.505592 0.00631564 0.862749 87.5968 0.00266585 0.99998 -0.00575793 -1.96334 -0.862768 -0.000611213 -0.505599 -28.5766 
-0.496622 0.00782343 0.867932 88.4051 0.00034973 0.999961 -0.00881338 -1.99093 -0.867967 -0.00407339 -0.496606 -29.0094 
-0.490467 0.00885645 0.871415 89.1181 -0.00539744 0.999898 -0.0132001 -2.07424 -0.871443 -0.0111776 -0.490369 -29.3886 
-0.488209 0.0105118 0.872663 89.9395 -0.0130591 0.999728 -0.0193482 -2.14007 -0.872629 -0.0208422 -0.487939 -29.7621 
-0.484339 0.00845235 0.87484 90.725 -0.0195823 0.999598 -0.0204991 -2.20244 -0.874661 -0.0270598 -0.483979 -30.1881 
-0.480695 0.00750148 0.876856 91.4787 -0.0235968 0.999491 -0.0214864 -2.23567 -0.87657 -0.0310194 -0.480273 -30.587 
-0.478233 0.00652427 0.878209 92.3154 -0.0294651 0.99929 -0.0234691 -2.25681 -0.877739 -0.0371002 -0.477701 -30.9665 
-0.470918 0.00399844 0.882168 93.1067 -0.0286289 0.999394 -0.0198124 -2.2782 -0.881712 -0.0345855 -0.470518 -31.3868 
-0.467979 -0.0031017 0.883734 93.9051 -0.0352073 0.999265 -0.0151367 -2.32989 -0.883038 -0.0381976 -0.467745 -31.736 
-0.462773 -0.00638045 0.886454 94.6932 -0.0356456 0.999299 -0.0114161 -2.37656 -0.88576 -0.0368813 -0.462677 -32.125 
-0.457416 -0.0105494 0.889191 95.4908 -0.0467543 0.998832 -0.012201 -2.40969 -0.888023 -0.0471544 -0.457374 -32.5001 
-0.451108 -0.00974455 0.892416 96.3002 -0.0503914 0.998623 -0.0145681 -2.4293 -0.891045 -0.0515419 -0.450978 -32.8899 
-0.446123 -0.00580906 0.894953 97.0999 -0.0479027 0.998701 -0.0173964 -2.45828 -0.893689 -0.0506316 -0.445821 -33.2535 
-0.439917 -0.00114586 0.898038 98.0124 -0.0486806 0.998559 -0.0225727 -2.45852 -0.896718 -0.0536471 -0.439339 -33.6339 
-0.434147 -0.00313769 0.900837 98.8307 -0.0494185 0.998571 -0.0203385 -2.49429 -0.899485 -0.0533479 -0.433682 -34.0025 
-0.429135 -0.00726174 0.903211 99.627 -0.0522039 0.998496 -0.0167753 -2.52027 -0.901731 -0.0543501 -0.428868 -34.3412 
-0.423846 -0.00997297 0.905679 100.54 -0.054714 0.998395 -0.0146115 -2.54334 -0.90408 -0.0557464 -0.423712 -34.6998 
-0.417448 -0.00763986 0.908669 101.307 -0.0587002 0.998103 -0.0185754 -2.5756 -0.906803 -0.0610933 -0.417104 -35.0612 
-0.413683 -0.00698305 0.910394 102.33 -0.0641118 0.997712 -0.0214796 -2.60701 -0.908161 -0.0672528 -0.413184 -35.4032 
-0.40925 -0.00767459 0.91239 103.353 -0.0676669 0.997466 -0.0219616 -2.62246 -0.90991 -0.0707264 -0.408733 -35.7422 
-0.404219 -0.00825164 0.914625 104.254 -0.0689405 0.99739 -0.0214699 -2.64273 -0.912061 -0.0717333 -0.403732 -36.0775 
-0.399086 -0.00948127 0.916864 105.195 -0.0700025 0.997343 -0.0201567 -2.68451 -0.914237 -0.0722271 -0.39869 -36.3701 
-0.391342 -0.00655384 0.920222 106.056 -0.0640146 0.997746 -0.0201174 -2.70889 -0.918016 -0.0667804 -0.39088 -36.7377 
-0.384317 -0.00704385 0.923175 106.791 -0.0648486 0.997707 -0.0193838 -2.75548 -0.920921 -0.0673161 -0.383892 -37.0666 
-0.381525 -0.0102562 0.924302 107.62 -0.0732187 0.997132 -0.0191581 -2.8055 -0.921454 -0.0749855 -0.381181 -37.278 
-0.375263 -0.0132745 0.926824 108.493 -0.0797877 0.996649 -0.0180307 -2.81698 -0.923478 -0.0807153 -0.375064 -37.6031 
-0.371598 -0.0136995 0.928293 109.366 -0.0792292 0.996711 -0.0170065 -2.84996 -0.925007 -0.0798675 -0.371462 -37.9185 
-0.367563 -0.0122717 0.929918 110.174 -0.0755083 0.997006 -0.0166886 -2.87409 -0.926928 -0.0763506 -0.367389 -38.2244 
-0.364763 -0.0105464 0.931041 110.98 -0.0739939 0.997102 -0.0176946 -2.87793 -0.928156 -0.0753457 -0.364486 -38.4719 
-0.358205 -0.0112906 0.933575 111.795 -0.0657265 0.997751 -0.013152 -2.92428 -0.931326 -0.0660717 -0.358142 -38.7949 
-0.355228 -0.011117 0.934714 112.599 -0.0581289 0.998257 -0.0102185 -2.95066 -0.932971 -0.0579638 -0.355255 -39.0535 
-0.353306 -0.0115686 0.935436 113.383 -0.0568176 0.998343 -0.00911295 -2.95828 -0.933781 -0.0563689 -0.353378 -39.2954 
-0.348795 -0.00923351 0.937153 114.223 -0.0581221 0.99824 -0.0117968 -2.96558 -0.935395 -0.058584 -0.348718 -39.5901 
-0.346484 -0.00831451 0.938019 115.05 -0.0628488 0.99792 -0.0143695 -2.97253 -0.935948 -0.0639322 -0.346286 -39.8604 
-0.343592 -0.00891403 0.939077 115.907 -0.0650431 0.99778 -0.0143269 -2.9967 -0.936864 -0.066003 -0.343409 -40.1638 
-0.343571 -0.00965738 0.939077 116.727 -0.0631787 0.99792 -0.012852 -3.02936 -0.936999 -0.0637452 -0.343466 -40.4094 
-0.342609 -0.0128935 0.93939 117.599 -0.0615131 0.998068 -0.00873575 -3.04593 -0.937462 -0.0607777 -0.34274 -40.7381 
-0.341288 -0.0168647 0.939808 118.436 -0.0603082 0.998172 -0.00398863 -3.06745 -0.938022 -0.0580394 -0.341681 -41.0347 
-0.341792 -0.0172858 0.939617 119.295 -0.0585619 0.998279 -0.00293729 -3.08131 -0.937949 -0.0560297 -0.342216 -41.3158 
-0.33759 -0.0137467 0.941193 120.124 -0.0577764 0.998311 -0.00614241 -3.12702 -0.939519 -0.0564523 -0.337814 -41.6522 
-0.337975 -0.00957847 0.941106 120.963 -0.0581954 0.998247 -0.0107394 -3.14019 -0.939354 -0.0583978 -0.33794 -41.9292 
-0.337447 -0.0112216 0.941278 121.813 -0.0593882 0.998191 -0.00939046 -3.19461 -0.939469 -0.0590695 -0.337503 -42.2483 
-0.333963 -0.011231 0.942519 122.6 -0.0574756 0.998311 -0.00846947 -3.23468 -0.940832 -0.0570004 -0.334044 -42.5331 
-0.333896 -0.0107573 0.942549 123.416 -0.0555157 0.998424 -0.00827128 -3.26459 -0.940974 -0.055088 -0.333966 -42.8113 
-0.330901 -0.00924078 0.94362 124.173 -0.0560187 0.998381 -0.0098671 -3.29662 -0.942001 -0.0561255 -0.330883 -43.0745 
-0.330356 -0.00898209 0.943814 124.94 -0.0594834 0.998165 -0.0113212 -3.34676 -0.94198 -0.0598812 -0.330285 -43.3269 
-0.333691 -0.0112935 0.942615 125.739 -0.0759785 0.996997 -0.0149517 -3.35498 -0.939616 -0.0766077 -0.333547 -43.4993 
-0.335253 -0.00450293 0.942117 126.567 -0.0751743 0.996928 -0.0219859 -3.30397 -0.939124 -0.0781939 -0.334562 -43.7423 
-0.33345 -0.005485 0.942752 127.43 -0.083696 0.996207 -0.0238071 -3.31666 -0.939045 -0.0868431 -0.332644 -44.0323 
-0.332757 -0.0049015 0.943 128.165 -0.0905132 0.995536 -0.0267649 -3.32998 -0.938659 -0.0942601 -0.331715 -44.2447 
-0.333293 -0.00492522 0.942811 128.921 -0.0845356 0.996115 -0.0246804 -3.35319 -0.939026 -0.0879269 -0.332414 -44.4741 
-0.330908 -0.00929179 0.943617 129.628 -0.0852976 0.996153 -0.020103 -3.40518 -0.9398 -0.0871405 -0.330427 -44.6782 
-0.332089 -0.0157062 0.943117 130.412 -0.0853928 0.996256 -0.0134772 -3.47072 -0.939375 -0.085011 -0.332187 -44.8955 
-0.326579 -0.0157091 0.945039 130.978 -0.0702456 0.9975 -0.00769376 -3.56481 -0.942556 -0.0688975 -0.326866 -45.1463 
-0.322675 -0.0113023 0.946442 131.759 -0.0664713 0.99773 -0.0107475 -3.60963 -0.944173 -0.0663792 -0.322694 -45.3943 
-0.31303 -0.00612232 0.949724 132.397 -0.0604137 0.998082 -0.0134783 -3.62676 -0.94782 -0.0615955 -0.3128 -45.6697 
-0.306036 -0.00554478 0.952004 133.05 -0.061505 0.998009 -0.013959 -3.66624 -0.950031 -0.0628249 -0.305768 -45.8663 
-0.296147 -0.00773756 0.955111 133.833 -0.0557326 0.998403 -0.00919244 -3.6693 -0.953515 -0.0559531 -0.296106 -46.104 
-0.284242 -0.00748924 0.958723 134.639 -0.0484903 0.998802 -0.00657404 -3.68813 -0.957526 -0.0483574 -0.284265 -46.3438 
-0.272434 -0.00476217 0.962163 135.341 -0.0530498 0.998541 -0.0100787 -3.68922 -0.960711 -0.0537883 -0.272289 -46.4887 
-0.261654 -0.00459963 0.965151 136.399 -0.0485969 0.998783 -0.00841474 -3.7215 -0.963938 -0.0491051 -0.261559 -46.6463 
-0.246361 -0.00632624 0.969157 137.147 -0.047405 0.99886 -0.00553025 -3.7858 -0.968018 -0.0473053 -0.246381 -46.8488 
-0.23747 0.00300078 0.97139 138.179 -0.0467247 0.998802 -0.0145079 -3.66564 -0.970271 -0.0488331 -0.237045 -47.0032 
-0.224731 0.00595958 0.974403 138.917 -0.048267 0.998686 -0.0172401 -3.7468 -0.973225 -0.0509059 -0.224148 -47.1203 
-0.214094 0.0152013 0.976695 139.625 -0.0554407 0.998078 -0.0276869 -3.72691 -0.975239 -0.0600763 -0.21284 -47.2103 
-0.196476 0.0252279 0.980184 140.388 -0.0614378 0.997388 -0.0379858 -3.72747 -0.978582 -0.0676837 -0.194413 -47.4074 
-0.187439 0.0255375 0.981944 141.034 -0.0594555 0.997534 -0.0372921 -3.76379 -0.980475 -0.065372 -0.185458 -47.4735 
-0.178986 0.0176946 0.983692 141.801 -0.0741717 0.99675 -0.0314252 -3.8257 -0.981052 -0.0785869 -0.177092 -47.5285 
-0.169162 0.0150867 0.985473 142.609 -0.0750648 0.996781 -0.028145 -3.85374 -0.982726 -0.0787354 -0.167485 -47.6231 
-0.160673 0.0216687 0.98677 143.335 -0.0772033 0.99642 -0.0344514 -3.89011 -0.983984 -0.0817173 -0.158425 -47.7088 
-0.153447 0.0280297 0.987759 144.104 -0.081683 0.995817 -0.0409477 -3.93325 -0.984775 -0.0869665 -0.150516 -47.8103 
-0.150568 0.030336 0.988134 144.878 -0.0909595 0.994864 -0.0444026 -3.93699 -0.984406 -0.0965658 -0.147035 -47.9168 
-0.150501 0.0269013 0.988244 145.668 -0.0948461 0.994626 -0.0415192 -3.94359 -0.98405 -0.0999798 -0.147141 -48.0104 
-0.151335 0.0202872 0.988274 146.354 -0.102088 0.994122 -0.03604 -4.01211 -0.983197 -0.106345 -0.148374 -48.1194 
-0.156517 0.0169393 0.98753 147.08 -0.102534 0.994172 -0.0333041 -4.05703 -0.982339 -0.106468 -0.153868 -48.1948 
-0.15583 0.0176147 0.987627 147.811 -0.102587 0.994146 -0.0339174 -4.08577 -0.982442 -0.106603 -0.153111 -48.322 
-0.162747 0.0163819 0.986532 148.507 -0.106714 0.993705 -0.0341054 -4.11348 -0.98088 -0.110827 -0.159975 -48.3832 
-0.166747 0.013044 0.985913 149.278 -0.109452 0.993488 -0.0316558 -4.17611 -0.979906 -0.113189 -0.164234 -48.499 
-0.171623 0.0131926 0.985074 150.001 -0.110034 0.993397 -0.0324745 -4.19206 -0.978999 -0.113965 -0.169038 -48.6256 
-0.180091 0.00918901 0.983607 150.685 -0.116645 0.992701 -0.0306308 -4.24602 -0.976709 -0.120249 -0.177705 -48.7028 
-0.186649 0.00979966 0.982378 151.454 -0.109594 0.993501 -0.0307331 -4.23159 -0.976295 -0.113399 -0.184362 -48.8221 
-0.192711 0.00661742 0.981233 152.173 -0.122287 0.99202 -0.030707 -4.30371 -0.973606 -0.12591 -0.190364 -48.9445 
-0.19887 0.00941884 0.979981 153.001 -0.117588 0.992501 -0.0334016 -4.31199 -0.972946 -0.121876 -0.196272 -49.0627 
-0.202181 0.0103614 0.979293 153.705 -0.115181 0.992753 -0.0342836 -4.34297 -0.972551 -0.119727 -0.199522 -49.2008 
-0.203887 0.0132849 0.978904 154.347 -0.115575 0.992589 -0.0375427 -4.38727 -0.972148 -0.120792 -0.20084 -49.3498 
-0.200964 0.0137738 0.979502 154.953 -0.113535 0.992835 -0.0372552 -4.44637 -0.972997 -0.118695 -0.197961 -49.5459 
-0.200836 0.0125053 0.979545 155.717 -0.107984 0.993543 -0.0348239 -4.47755 -0.973655 -0.112769 -0.198189 -49.6737 
-0.196563 0.0106548 0.980433 156.404 -0.10343 0.994137 -0.0315399 -4.49317 -0.975021 -0.107606 -0.194309 -49.8171 
-0.188554 0.0119333 0.98199 157.019 -0.104596 0.993995 -0.0321629 -4.50123 -0.976477 -0.108777 -0.186173 -49.9679 
-0.178373 0.0117085 0.983893 157.754 -0.101027 0.994427 -0.0301492 -4.55072 -0.978763 -0.104777 -0.176196 -50.0389 
-0.165357 0.0124522 0.986155 158.441 -0.0992621 0.994633 -0.0292033 -4.57209 -0.981226 -0.102717 -0.163234 -50.1254 
-0.150132 0.00905459 0.988625 159.113 -0.100402 0.994649 -0.0243567 -4.61448 -0.983555 -0.102917 -0.14842 -50.2083 
-0.133472 0.00324874 0.991047 159.808 -0.0958761 0.995262 -0.0161749 -4.63236 -0.986404 -0.0971766 -0.132528 -50.2638 
-0.118479 -0.00392196 0.992949 160.442 -0.10197 0.994753 -0.00823795 -4.66404 -0.987707 -0.102227 -0.118258 -50.2908 
-0.0998356 -0.0119934 0.994932 161.064 -0.105459 0.994423 0.00140503 -4.68487 -0.989399 -0.104785 -0.100544 -50.3389 
-0.0821254 -0.0192199 0.996437 161.711 -0.104079 0.994513 0.0106048 -4.67842 -0.991173 -0.102837 -0.0836751 -50.387 
-0.0655712 -0.0249485 0.997536 162.344 -0.103609 0.994454 0.0180609 -4.68092 -0.992454 -0.102169 -0.0677925 -50.3907 
-0.0503094 -0.0267033 0.998377 162.924 -0.102816 0.99447 0.0214178 -4.66238 -0.993427 -0.101571 -0.0527767 -50.3601 
-0.0318365 -0.0271193 0.999125 163.536 -0.099215 0.99478 0.02384 -4.63426 -0.994557 -0.0983693 -0.0343609 -50.3979 
-0.0143446 -0.0275698 0.999517 164.204 -0.0969018 0.994953 0.0260532 -4.61184 -0.995191 -0.0964812 -0.0169437 -50.3756 
0.00289352 -0.0295912 0.999558 164.722 -0.103039 0.994233 0.0297318 -4.63793 -0.994673 -0.103079 -0.000172213 -50.4092 
0.0168182 -0.0325612 0.999328 165.445 -0.102167 0.994182 0.034113 -4.58711 -0.994625 -0.102672 0.0133936 -50.3373 
0.028006 -0.0360551 0.998957 166.056 -0.0968396 0.994551 0.038611 -4.58485 -0.994906 -0.0978199 0.0243618 -50.3091 
0.0395408 -0.035969 0.99857 166.607 -0.0954923 0.994642 0.0396088 -4.57504 -0.994645 -0.096922 0.0358942 -50.3101 
0.0478693 -0.0323854 0.998329 167.242 -0.104524 0.993825 0.0372512 -4.56765 -0.99337 -0.106132 0.0441886 -50.2238 
0.0586597 -0.0261063 0.997937 167.776 -0.109083 0.993504 0.0324024 -4.57769 -0.9923 -0.110758 0.0554309 -50.2053 
0.0691458 -0.0146173 0.9975 168.464 -0.108987 0.993797 0.022118 -4.53416 -0.991635 -0.110244 0.0671238 -50.1413 
0.0774041 -0.00919144 0.996957 169.068 -0.0991895 0.994926 0.0168739 -4.55048 -0.992053 -0.100194 0.0760996 -50.0926 
0.0831089 -0.0105671 0.996484 169.658 -0.101538 0.99465 0.0190162 -4.53165 -0.991354 -0.102761 0.0815913 -50.0062 
0.0913983 -0.0170331 0.995669 170.389 -0.103342 0.994293 0.026496 -4.49325 -0.990438 -0.105317 0.0891165 -49.9548 
0.0947631 -0.0269812 0.995134 171.02 -0.109944 0.993234 0.0373993 -4.4566 -0.98941 -0.112953 0.0911555 -49.8636 
0.0966115 -0.0351608 0.994701 171.652 -0.110665 0.9928 0.0458421 -4.43738 -0.989151 -0.114508 0.0920249 -49.7882 
0.0973037 -0.0340757 0.994671 172.278 -0.109203 0.993014 0.0447017 -4.41318 -0.989246 -0.11297 0.0929027 -49.7176 
0.0950052 -0.0330474 0.994928 172.743 -0.105783 0.993455 0.0430997 -4.43802 -0.98984 -0.109341 0.0908875 -49.5881 
0.0949378 -0.0324724 0.994953 173.405 -0.10524 0.99354 0.0424682 -4.40074 -0.989905 -0.10874 0.0909071 -49.4742 
0.0956812 -0.0379786 0.994687 173.937 -0.104769 0.993337 0.0480051 -4.41813 -0.989883 -0.108805 0.0910647 -49.3817 
0.0973147 -0.0411666 0.994402 174.57 -0.106387 0.992989 0.0515195 -4.38833 -0.989551 -0.110805 0.0922529 -49.2884 
0.0997289 -0.0432125 0.994076 175.172 -0.109464 0.992516 0.0541265 -4.33549 -0.988975 -0.114213 0.0942524 -49.1977 
0.101096 -0.0462645 0.9938 175.659 -0.109706 0.992308 0.0573551 -4.33721 -0.988809 -0.114824 0.0952432 -49.059 
0.107319 -0.0480334 0.993064 176.299 -0.108472 0.992304 0.0597192 -4.3007 -0.98829 -0.114129 0.101283 -48.981 
0.11394 -0.0506852 0.992194 176.964 -0.107063 0.992255 0.0629831 -4.26767 -0.987702 -0.113403 0.107631 -48.8776 
0.124428 -0.0539729 0.99076 177.665 -0.103764 0.992337 0.0670904 -4.24273 -0.986788 -0.111153 0.117874 -48.7707 
0.136103 -0.0522635 0.989315 178.294 -0.105642 0.992148 0.0669467 -4.22173 -0.985046 -0.113625 0.129513 -48.67 
0.147052 -0.0505851 0.987835 178.91 -0.105237 0.992223 0.0664756 -4.20652 -0.983515 -0.113732 0.140584 -48.5399 
0.157746 -0.0486237 0.986282 179.565 -0.105955 0.992187 0.0658614 -4.17895 -0.981779 -0.114891 0.151362 -48.3635 
0.168734 -0.049609 0.984412 180.21 -0.103198 0.992354 0.067698 -4.17125 -0.980244 -0.113013 0.162325 -48.2157 
0.180714 -0.0540638 0.982049 180.917 -0.0999715 0.992307 0.073025 -4.1601 -0.978442 -0.111374 0.173919 -48.0496 
0.189408 -0.0552029 0.980346 181.582 -0.100564 0.992078 0.0752931 -4.09757 -0.976735 -0.112849 0.182356 -47.8494 
0.201798 -0.056657 0.977787 182.257 -0.099182 0.992011 0.0779507 -4.06166 -0.974392 -0.112709 0.194566 -47.6959 
0.212547 -0.0614245 0.975218 182.876 -0.101103 0.991283 0.0844716 -4.0664 -0.971906 -0.116552 0.204484 -47.5447 
0.220517 -0.0607248 0.973491 183.573 -0.104837 0.990803 0.0855526 -4.00863 -0.969733 -0.120923 0.212123 -47.3753 
0.224785 -0.0639671 0.972307 184.291 -0.10495 0.990449 0.0894238 -3.95135 -0.96874 -0.122145 0.215925 -47.1788 
0.225802 -0.0674123 0.971838 184.999 -0.100523 0.990665 0.0920743 -3.89195 -0.968973 -0.118483 0.216918 -46.9828 
0.224945 -0.0646156 0.972227 185.672 -0.09703 0.991354 0.0883367 -3.82668 -0.969528 -0.114206 0.21673 -46.8136 
0.220383 -0.0646273 0.97327 186.277 -0.0955687 0.991571 0.0874827 -3.77739 -0.97072 -0.112294 0.212349 -46.6047 
0.218859 -0.0639486 0.973659 186.948 -0.0934401 0.991891 0.0861495 -3.72453 -0.971272 -0.109833 0.211109 -46.4291 
0.217471 -0.063427 0.974004 187.632 -0.090596 0.992267 0.0848442 -3.65775 -0.971853 -0.106692 0.210043 -46.2488 
0.217236 -0.0691784 0.973665 188.338 -0.0870723 0.992136 0.0899177 -3.6125 -0.972228 -0.104313 0.209504 -46.0953 
0.21556 -0.0724682 0.973798 189.097 -0.088172 0.991724 0.0933201 -3.54862 -0.972502 -0.105978 0.207386 -45.9106 
0.217758 -0.073053 0.973265 189.821 -0.0848583 0.992002 0.0934455 -3.47368 -0.972307 -0.102938 0.209817 -45.7855 
0.217051 -0.0731201 0.973418 190.551 -0.0897027 0.991477 0.0944785 -3.42206 -0.97203 -0.107825 0.208642 -45.6121 
0.214531 -0.0731134 0.973977 191.25 -0.0896712 0.991509 0.0941807 -3.35381 -0.972592 -0.107542 0.206153 -45.4568 
0.211599 -0.0731634 0.974614 191.953 -0.0895124 0.991552 0.0938691 -3.31272 -0.973249 -0.107103 0.203262 -45.2934 
0.210768 -0.0694762 0.975064 192.648 -0.0910967 0.991735 0.0903553 -3.27468 -0.973282 -0.107869 0.202696 -45.1558 
0.209449 -0.0646468 0.97568 193.33 -0.0886781 0.992445 0.0847941 -3.2228 -0.97379 -0.104282 0.202134 -45.0033 
0.20888 -0.0610261 0.976035 194.089 -0.0934769 0.992235 0.0820439 -3.16126 -0.973464 -0.108374 0.201554 -44.8417 
0.209509 -0.0652901 0.975625 194.768 -0.0950384 0.991684 0.0867738 -3.14336 -0.973177 -0.110902 0.201561 -44.7388 
0.207528 -0.0686664 0.975816 195.472 -0.0959364 0.991296 0.0901587 -3.08596 -0.973513 -0.112327 0.199135 -44.5747 
0.205495 -0.0688688 0.976232 196.198 -0.0978141 0.991081 0.090506 -3.01822 -0.973758 -0.114088 0.196925 -44.4093 
0.196579 -0.0683862 0.9781 196.999 -0.105147 0.990342 0.0903746 -2.90399 -0.974834 -0.12061 0.187489 -44.1318 
0.188314 -0.0685768 0.979712 197.739 -0.105345 0.990393 0.0895733 -2.84438 -0.976443 -0.120076 0.17928 -43.9907 
0.179223 -0.0700092 0.981314 198.475 -0.105011 0.990405 0.0898365 -2.8174 -0.978188 -0.11915 0.170151 -43.8678 
0.166768 -0.067525 0.983681 199.158 -0.104776 0.99079 0.0857762 -2.75564 -0.980413 -0.117371 0.158157 -43.7173 
0.155039 -0.0645729 0.985796 199.866 -0.104611 0.991178 0.0813781 -2.71014 -0.982354 -0.115742 0.146916 -43.5756 
0.144511 -0.0640863 0.987426 200.577 -0.108833 0.990817 0.0802343 -2.6537 -0.9835 -0.119059 0.13621 -43.503 
0.130715 -0.0722872 0.988781 201.338 -0.101675 0.991102 0.0858981 -2.59389 -0.986193 -0.111762 0.122202 -43.3955 
0.121866 -0.0786444 0.989426 202.062 -0.0980715 0.991024 0.0908507 -2.52913 -0.98769 -0.108106 0.113059 -43.318 
0.1142 -0.0851676 0.9898 202.758 -0.0992597 0.990355 0.0966676 -2.4718 -0.988487 -0.109287 0.104645 -43.2506 
0.112269 -0.0854225 0.989999 203.591 -0.102431 0.989996 0.0970381 -2.3913 -0.988384 -0.112301 0.102395 -43.2095 
0.113064 -0.0877451 0.989706 204.304 -0.101451 0.989867 0.0993492 -2.34248 -0.988395 -0.111639 0.103017 -43.1609 
0.109595 -0.0869201 0.990169 205.017 -0.106247 0.989438 0.0986157 -2.25548 -0.988282 -0.11601 0.0992029 -43.0492 
0.110844 -0.0852606 0.990174 205.759 -0.102006 0.990076 0.0966711 -2.20178 -0.988589 -0.111719 0.101046 -42.9868 
0.109653 -0.0829806 0.9905 206.464 -0.103753 0.99011 0.094434 -2.15192 -0.98854 -0.113123 0.0999592 -42.8868 
0.109842 -0.0839545 0.990397 207.157 -0.102315 0.990178 0.0952835 -2.10478 -0.988669 -0.111799 0.100174 -42.7884 
0.10932 -0.0841707 0.990437 208.036 -0.10408 0.989962 0.0956182 -2.00674 -0.988543 -0.113537 0.099462 -42.6189 
0.111326 -0.0854657 0.990102 208.791 -0.103588 0.98987 0.097093 -1.94042 -0.98837 -0.113371 0.101345 -42.5158 
0.112535 -0.0850257 0.990003 209.539 -0.100721 0.990224 0.0964938 -1.85671 -0.98853 -0.110573 0.102871 -42.4372 
0.113069 -0.0856975 0.989885 210.334 -0.0992002 0.990322 0.0970665 -1.77293 -0.988623 -0.109172 0.103474 -42.3009 
0.116854 -0.0863459 0.989388 211.112 -0.100802 0.990038 0.0983081 -1.68494 -0.98802 -0.11122 0.106986 -42.2113 
0.120742 -0.0920472 0.988407 211.835 -0.105942 0.98881 0.105026 -1.61865 -0.987015 -0.117395 0.109639 -42.0735 
0.120828 -0.0930992 0.988298 212.474 -0.109957 0.98821 0.106534 -1.47023 -0.986565 -0.121543 0.109166 -41.8146 
0.127238 -0.0929603 0.987506 213.289 -0.112562 0.987813 0.107493 -1.38903 -0.985464 -0.124833 0.115224 -41.7073 
0.133205 -0.0889572 0.987088 214.102 -0.116351 0.987673 0.104711 -1.32916 -0.984235 -0.128797 0.121212 -41.5993 
0.136367 -0.0841097 0.987081 214.872 -0.11666 0.988093 0.100313 -1.26163 -0.983766 -0.128832 0.124931 -41.4526 
0.140597 -0.0816878 0.986691 215.69 -0.123251 0.987394 0.0993084 -1.19927 -0.982365 -0.135573 0.128757 -41.311 
0.145504 -0.0813365 0.986009 216.488 -0.125028 0.987113 0.0998779 -1.10324 -0.981426 -0.137811 0.13346 -41.2028 
0.149594 -0.0806198 0.985455 217.192 -0.125731 0.987028 0.0998348 -1.08049 -0.980721 -0.138837 0.137517 -41.0742 
0.152711 -0.0777012 0.985212 217.926 -0.126976 0.987099 0.0975318 -1.00647 -0.98008 -0.139992 0.140875 -40.9393 
0.157664 -0.0764882 0.984526 218.736 -0.126962 0.987151 0.0970242 -0.931402 -0.979297 -0.140295 0.145927 -40.7975 
0.161871 -0.0773536 0.983775 219.521 -0.125768 0.987176 0.0983151 -0.842485 -0.978765 -0.139642 0.150067 -40.6342 
0.164818 -0.0762071 0.983376 220.282 -0.125289 0.987317 0.0975116 -0.769228 -0.978334 -0.139278 0.15318 -40.4893 
0.169506 -0.0759585 0.982598 221.066 -0.120847 0.987899 0.0972154 -0.709328 -0.978092 -0.135222 0.158276 -40.3551 
0.173223 -0.0731634 0.982161 221.834 -0.122585 0.987881 0.0952096 -0.639105 -0.977224 -0.136891 0.162155 -40.1988 
0.178051 -0.0748812 0.981168 222.542 -0.127373 0.986958 0.0984373 -0.582405 -0.975743 -0.142501 0.166191 -40.032 
0.184672 -0.0770206 0.979778 223.26 -0.126668 0.986744 0.101443 -0.542435 -0.974603 -0.14284 0.172468 -39.8829 
0.188749 -0.0738126 0.979247 224.046 -0.123523 0.987467 0.0982411 -0.470963 -0.974226 -0.139503 0.177266 -39.734 
0.192047 -0.0657698 0.979179 224.818 -0.125831 0.987866 0.0910326 -0.394075 -0.973285 -0.140694 0.181441 -39.5637 
0.195394 -0.0598969 0.978894 225.594 -0.131146 0.987573 0.0866056 -0.324011 -0.971917 -0.1453 0.18511 -39.3962 
0.200692 -0.0615155 0.977721 226.371 -0.137625 0.986359 0.0903087 -0.248786 -0.969939 -0.152683 0.189489 -39.2433 
0.203419 -0.0734873 0.97633 227.146 -0.133024 0.985858 0.10192 -0.202096 -0.970013 -0.150608 0.190767 -39.0768 
0.205641 -0.088301 0.974636 227.902 -0.11873 0.986313 0.11441 -0.171074 -0.971398 -0.139246 0.192343 -38.9006 
0.207833 -0.0975724 0.973286 228.674 -0.119821 0.98498 0.124331 -0.0984981 -0.970798 -0.14246 0.19302 -38.7328 
0.208989 -0.098947 0.972899 229.387 -0.121091 0.984593 0.126148 -0.0156924 -0.970392 -0.144172 0.193788 -38.5417 
0.210386 -0.0936537 0.973122 230.129 -0.123795 0.984836 0.121545 0.0770587 -0.969749 -0.146039 0.195602 -38.3384 
0.214265 -0.0884386 0.972764 230.862 -0.121605 0.98573 0.116403 0.143888 -0.969176 -0.143233 0.200453 -38.1604 
0.219036 -0.08415 0.972081 231.583 -0.120308 0.986342 0.112493 0.214298 -0.968271 -0.141589 0.20592 -37.9729 
0.221825 -0.0821927 0.971616 232.319 -0.117642 0.986907 0.110344 0.284629 -0.967964 -0.13878 0.209251 -37.7653 
0.226678 -0.0796677 0.970706 233.083 -0.116171 0.987323 0.10816 0.369154 -0.967017 -0.137285 0.214549 -37.5845 
0.231459 -0.0806508 0.969496 233.852 -0.115641 0.987211 0.109733 0.438879 -0.965947 -0.137512 0.219172 -37.4034 
0.233267 -0.0835887 0.968813 234.498 -0.115671 0.98684 0.112995 0.533146 -0.965509 -0.138421 0.220528 -37.2253 
0.236457 -0.0898498 0.967479 235.295 -0.114206 0.986243 0.119505 0.603138 -0.964907 -0.13875 0.222942 -37.0321 
0.238866 -0.0966061 0.966235 236.053 -0.114144 0.985347 0.126735 0.670478 -0.964321 -0.140563 0.224339 -36.8261 
0.240671 -0.100851 0.965353 236.814 -0.111808 0.985086 0.130787 0.76477 -0.964145 -0.139411 0.225806 -36.6333 
0.242153 -0.108077 0.9642 237.608 -0.110829 0.984191 0.138152 0.858758 -0.963887 -0.140315 0.226347 -36.4305 
0.243286 -0.109763 0.963724 238.341 -0.110705 0.983942 0.140012 0.938504 -0.963616 -0.140752 0.227228 -36.2213 
0.245755 -0.0989795 0.964265 239.104 -0.119946 0.984023 0.131577 1.03765 -0.961882 -0.147996 0.229956 -35.9959 
0.245687 -0.0857862 0.965546 239.819 -0.118882 0.98589 0.117844 1.11446 -0.962032 -0.143739 0.232022 -35.8055 
0.246595 -0.0757503 0.966154 240.558 -0.119862 0.986902 0.10797 1.22114 -0.961678 -0.14243 0.234285 -35.6068 
0.24701 -0.0784621 0.965831 241.334 -0.120744 0.986456 0.111018 1.29322 -0.961461 -0.14404 0.23419 -35.4261 
0.245492 -0.0833895 0.965805 242.145 -0.121143 0.985844 0.115912 1.40337 -0.9618 -0.145456 0.231915 -35.1507 
