1 -4.23778e-08 4.22719e-08 0 -4.23778e-08 1 -4.19404e-08 0 4.22719e-08 -4.19404e-08 1 0 
0.999986 -0.00439865 -0.00284491 -0.0189314 0.00439512 0.99999 -0.00121365 -0.0167008 0.00285031 0.00120105 0.999995 0.678164 
0.99998 -0.00236052 -0.00590061 -0.0664546 0.00234788 0.999995 -0.00213458 -0.0336496 0.0059057 0.00212059 0.99998 1.34624 
0.999947 -0.00267522 -0.00994956 -0.0801914 0.00263257 0.999987 -0.00428909 -0.0351323 0.00996099 0.00426259 0.999941 2.05677 
0.999892 -0.00199178 -0.0145419 -0.110682 0.00192918 0.999989 -0.00431199 -0.0467593 0.0145504 0.00428339 0.999885 2.78663 
0.999835 -0.00323926 -0.0178733 -0.141354 0.00317373 0.999988 -0.00368887 -0.0586463 0.0178851 0.00363145 0.999833 3.4837 
0.999754 -0.0029784 -0.0219573 -0.169176 0.00288768 0.999987 -0.0041581 -0.0809485 0.0219695 0.00409359 0.99975 4.2181 
0.999648 0.00202252 -0.026464 -0.21387 -0.00214923 0.999986 -0.00475702 -0.0928301 0.0264541 0.00481214 0.999638 4.99098 
0.999507 0.000941261 -0.031379 -0.238101 -0.00106633 0.999991 -0.00396657 -0.0890857 0.031375 0.00399799 0.9995 5.77436 
0.999391 0.000521781 -0.0348817 -0.303294 -0.000575634 0.999999 -0.00153145 -0.0817286 0.034881 0.00155051 0.99939 6.55442 
0.999264 0.000576177 -0.0383462 -0.343571 -0.000591016 1 -0.000373468 -0.0673264 0.038346 0.000395771 0.999264 7.38013 
0.999172 0.00200523 -0.0406344 -0.394407 -0.00205475 0.999997 -0.00117483 -0.0667853 0.040632 0.00125726 0.999173 8.21927 
0.99918 0.00209456 -0.0404299 -0.494589 -0.00209779 0.999998 -3.54093e-05 -0.107424 0.0404298 0.000120108 0.999182 8.97654 
0.999204 -0.0005115 -0.0398947 -0.578476 0.000487481 1 -0.000609693 -0.108089 0.0398951 0.000589674 0.999204 9.78657 
0.999138 -0.000175741 -0.0415015 -0.640092 0.000172624 1 -7.66828e-05 -0.110874 0.0415016 6.93669e-05 0.999138 10.6235 
0.999084 -0.0035954 -0.0426494 -0.694534 0.0036587 0.999992 0.00140808 -0.138079 0.0426441 -0.00156292 0.999089 11.4798 
0.999032 -0.000163819 -0.0439906 -0.752556 7.0788e-05 0.999998 -0.00211445 -0.128898 0.0439909 0.00210921 0.99903 12.3352 
0.998989 0.000288116 -0.0449629 -0.818969 -0.000551215 0.999983 -0.00583733 -0.131323 0.0449605 0.00585612 0.998972 13.1932 
0.998908 0.00448933 -0.0465038 -0.888057 -0.00485144 0.999959 -0.00767486 -0.142502 0.0464675 0.00789201 0.998889 14.0744 
0.998867 0.00495414 -0.0473391 -0.9419 -0.00532707 0.999956 -0.00775315 -0.145233 0.0472987 0.00799645 0.998849 14.9505 
0.998791 0.00411348 -0.0489908 -0.993704 -0.00440661 0.999973 -0.00587524 -0.163044 0.0489654 0.00608393 0.998782 15.8266 
0.998738 0.00467649 -0.0499979 -1.05642 -0.00496885 0.999971 -0.00572315 -0.163093 0.0499698 0.00596428 0.998733 16.7273 
0.998739 0.00390507 -0.0500456 -1.13177 -0.00418413 0.999976 -0.00547097 -0.180227 0.0500232 0.00567338 0.998732 17.6341 
0.99885 0.00321899 -0.0478381 -1.25283 -0.00364953 0.999954 -0.0089135 -0.161921 0.0478073 0.00907775 0.998815 18.5316 
0.998858 0.00185544 -0.0477335 -1.32379 -0.00229855 0.999955 -0.00922802 -0.178905 0.0477143 0.00932712 0.998817 19.4407 
0.998795 0.00231191 -0.0490147 -1.3727 -0.002669 0.99997 -0.00721952 -0.198207 0.0489967 0.00734155 0.998772 20.379 
0.998797 0.00447162 -0.0488251 -1.43045 -0.00464096 0.999984 -0.00335374 -0.203392 0.0488093 0.00357622 0.998802 21.2932 
0.998784 0.00429805 -0.0491044 -1.47001 -0.00428386 0.999991 0.000396007 -0.222579 0.0491057 -0.000185255 0.998793 22.2297 
0.998828 -0.000984947 -0.0483905 -1.50743 0.00121027 0.999988 0.00462891 -0.255266 0.0483855 -0.00468213 0.998818 23.1436 
0.998906 -0.000458991 -0.0467601 -1.56039 0.00072921 0.999983 0.0057637 -0.262111 0.0467567 -0.00579158 0.998889 24.1015 
0.998989 -0.000404884 -0.0449466 -1.62242 0.000565464 0.999993 0.00356188 -0.281197 0.0449449 -0.00358378 0.998983 25.0318 
0.999085 -0.000456053 -0.0427632 -1.70562 0.000440786 1 -0.000364494 -0.29645 0.0427634 0.000345226 0.999085 25.9558 
0.999207 -0.00111812 -0.0398036 -1.77962 0.000950517 0.999991 -0.00422745 -0.292399 0.039808 0.00418617 0.999198 26.8973 
0.999222 -0.00404198 -0.0392343 -1.83296 0.00392499 0.999988 -0.00305621 -0.31425 0.0392462 0.00289975 0.999225 27.8376 
0.99921 -0.00685427 -0.0391464 -1.88379 0.00691804 0.999975 0.00149587 -0.324428 0.0391352 -0.00176559 0.999232 28.8048 
0.999091 -0.0128284 -0.040649 -1.93631 0.0130323 0.999904 0.00475758 -0.334667 0.0405842 -0.00528309 0.999162 29.7998 
0.99896 -0.0192049 -0.0413424 -1.97912 0.0194011 0.999802 0.00435116 -0.347057 0.0412507 -0.00514881 0.999135 30.7732 
0.998882 -0.0215407 -0.0420711 -2.03367 0.0215827 0.999767 0.000547143 -0.351075 0.0420496 -0.00145463 0.999114 31.7454 
0.998884 -0.0203487 -0.0426129 -2.10606 0.0202173 0.999789 -0.00351138 -0.367875 0.0426755 0.00264586 0.999085 32.6715 
0.998955 -0.0189417 -0.0415887 -2.22329 0.0187448 0.999811 -0.00511759 -0.339758 0.0416778 0.00433259 0.999122 33.5627 
0.998919 -0.0192918 -0.0422969 -2.28462 0.0191043 0.999806 -0.00482955 -0.327388 0.0423819 0.00401619 0.999093 34.5374 
0.998926 -0.0177109 -0.0428151 -2.36867 0.0176346 0.999842 -0.00215649 -0.356134 0.0428466 0.00139906 0.999081 35.5269 
0.998981 -0.016725 -0.0419134 -2.46987 0.0167259 0.99986 -0.00032667 -0.388072 0.0419131 -0.00037479 0.999121 36.4861 
0.999002 -0.0146406 -0.0422001 -2.54642 0.0147343 0.99989 0.00191093 -0.389948 0.0421675 -0.0025309 0.999107 37.4597 
0.999029 -0.0148079 -0.0414923 -2.60412 0.0150086 0.999877 0.0045305 -0.397071 0.0414202 -0.00514893 0.999128 38.4323 
0.999118 -0.00809184 -0.0411904 -2.69313 0.00833561 0.999949 0.0057518 -0.393783 0.0411418 -0.00609016 0.999135 39.4033 
0.999194 -0.00692819 -0.0395452 -2.77409 0.00710344 0.999965 0.00429478 -0.39536 0.0395142 -0.00457231 0.999208 40.3818 
0.999206 -0.00776365 -0.0390869 -2.82693 0.0078977 0.999963 0.00327847 -0.420992 0.0390601 -0.00358464 0.99923 41.379 
0.999204 -0.00453648 -0.0396364 -2.87827 0.00454214 0.99999 5.48241e-05 -0.425778 0.0396358 -0.0002349 0.999214 42.3661 
0.999178 -0.00357052 -0.0403753 -2.94316 0.00359689 0.999993 0.000582492 -0.458198 0.0403731 -0.000727325 0.999184 43.365 
0.999131 -0.00457667 -0.0414187 -3.00098 0.00467226 0.999987 0.00221348 -0.47998 0.0414081 -0.00240516 0.999139 44.3395 
0.999146 -0.00317535 -0.0411995 -3.07006 0.00326722 0.999992 0.00216472 -0.479858 0.0411924 -0.00229757 0.999149 45.2871 
0.999155 -0.000843506 -0.0411009 -3.12491 0.000814482 0.999999 -0.000720886 -0.50644 0.0411016 0.000686715 0.999155 46.2608 
0.999104 -0.00011769 -0.042313 -3.17743 -0.000136893 0.999982 -0.00601176 -0.500328 0.0423131 0.00601208 0.999086 47.233 
0.999056 0.000856327 -0.0434276 -3.23059 -0.00120757 0.999967 -0.0080605 -0.505678 0.0434194 0.00810525 0.999024 48.1886 
0.999022 -0.000859882 -0.0441969 -3.27972 0.000622666 0.999985 -0.00537886 -0.515394 0.0442009 0.005346 0.999008 49.1512 
0.998976 -0.00236457 -0.0451829 -3.32122 0.00221314 0.999992 -0.00339921 -0.518691 0.0451907 0.00329565 0.998973 50.1295 
0.998995 -0.00274607 -0.0447304 -3.38374 0.00262083 0.999992 -0.0028565 -0.536122 0.044738 0.00273631 0.998995 51.0937 
0.99898 -0.00698783 -0.0446125 -3.44944 0.0068042 0.999968 -0.00426476 -0.543587 0.0446409 0.00395677 0.998995 52.046 
0.99895 -0.00943542 -0.0448336 -3.50189 0.00917992 0.99994 -0.00589931 -0.556681 0.0448867 0.00548146 0.998977 52.9577 
0.99896 -0.0109652 -0.0442567 -3.6002 0.0107864 0.999933 -0.00427419 -0.577779 0.0443006 0.00379229 0.999011 53.8855 
0.998922 -0.0134892 -0.0444145 -3.66992 0.0134779 0.999909 -0.000551313 -0.594704 0.044418 -4.7984e-05 0.999013 54.823 
0.998912 -0.0138098 -0.0445433 -3.7257 0.0140361 0.99989 0.00477458 -0.615263 0.0444725 -0.00539469 0.998996 55.773 
0.998956 -0.0116308 -0.0441672 -3.80025 0.0119281 0.999908 0.00647566 -0.622767 0.0440879 -0.00699581 0.999003 56.7185 
0.998928 -0.0106586 -0.0450481 -3.86232 0.0107625 0.99994 0.00206562 -0.629695 0.0450234 -0.00254832 0.998983 57.6489 
0.9989 -0.00862349 -0.0460847 -3.92253 0.00836806 0.999948 -0.00573086 -0.649288 0.0461318 0.00533884 0.998921 58.5693 
0.998936 -0.00644533 -0.0456624 -4.00041 0.00596061 0.999924 -0.0107417 -0.65976 0.0457282 0.010458 0.998899 59.491 
0.998892 -0.00191472 -0.0470212 -4.04282 0.00150045 0.99996 -0.00884232 -0.694821 0.0470363 0.00876189 0.998855 60.427 
0.998839 -3.88604e-05 -0.0481733 -4.10472 -0.000312905 0.999973 -0.0072928 -0.704418 0.0481724 0.00729932 0.998812 61.3057 
0.998778 0.00104935 -0.0494073 -4.15839 -0.00127822 0.999989 -0.0045993 -0.739092 0.049402 0.00465675 0.998768 62.1826 
0.998753 0.00321079 -0.0498255 -4.23195 -0.00347877 0.99998 -0.00529084 -0.749709 0.0498076 0.00545748 0.998744 63.0327 
0.998632 0.00419828 -0.0521211 -4.28997 -0.00450449 0.999973 -0.00575734 -0.753933 0.0520956 0.00598416 0.998624 63.9071 
0.998545 0.00415991 -0.0537637 -4.34863 -0.00443262 0.999978 -0.0049526 -0.787267 0.053742 0.00518363 0.998541 64.7413 
0.998437 0.00600068 -0.055561 -4.40184 -0.00623536 0.999972 -0.00404998 -0.823486 0.0555353 0.00439001 0.998447 65.558 
0.998448 0.00557929 -0.0554106 -4.49211 -0.00575567 0.999979 -0.00302258 -0.837187 0.0553927 0.00333673 0.998459 66.3152 
0.998421 0.00868118 -0.0555023 -4.58191 -0.00865082 0.999962 0.000788739 -0.87645 0.0555072 -0.000307438 0.998458 67.0596 
0.998351 0.00979995 -0.0565553 -4.6355 -0.00951229 0.99994 0.00535468 -0.888115 0.0566045 -0.00480797 0.998385 67.8463 
0.998244 0.0126754 -0.0578566 -4.69928 -0.0122578 0.999896 0.00756812 -0.909494 0.0579466 -0.00684572 0.998296 68.6219 
0.998192 0.0145985 -0.0583101 -4.79058 -0.0143949 0.999889 0.00391067 -0.942422 0.0583608 -0.00306431 0.998291 69.3801 
0.998087 0.0145771 -0.0600739 -4.84222 -0.0148273 0.999883 -0.00371955 -0.955387 0.0600128 0.00460308 0.998187 70.1104 
0.997987 0.0141063 -0.0618241 -4.89484 -0.0146573 0.999857 -0.00846657 -0.99087 0.0616959 0.00935561 0.998051 70.8091 
0.997978 0.0144776 -0.0618823 -4.9552 -0.0150453 0.999849 -0.00871593 -1.01355 0.0617469 0.00962926 0.998045 71.4778 
0.997939 0.0173127 -0.0617843 -5.04443 -0.0176476 0.999832 -0.00487875 -1.03875 0.0616895 0.00595896 0.998078 72.1646 
0.998058 0.0165463 -0.0600573 -5.18173 -0.0167013 0.999858 -0.00207708 -1.06651 0.0600145 0.00307599 0.998193 72.7902 
0.998062 0.0139873 -0.0606267 -5.24149 -0.0143152 0.999885 -0.00497526 -1.08818 0.0605503 0.00583342 0.998148 73.4228 
0.998127 0.00712738 -0.0607557 -5.2797 -0.00788074 0.999895 -0.012168 -1.04964 0.0606627 0.0126239 0.998078 74.0471 
0.998309 0.00316481 -0.0580479 -5.35393 -0.00411138 0.99986 -0.0161931 -1.08534 0.0579887 0.0164043 0.998182 74.6467 
0.998462 0.00503015 -0.0552073 -5.38628 -0.00592306 0.999854 -0.0160205 -1.11308 0.0551188 0.0163228 0.998346 75.235 
0.998617 0.00980419 -0.0516524 -5.41951 -0.0105181 0.999853 -0.0135655 -1.11782 0.0515118 0.0140899 0.998573 75.8185 
0.998943 0.00811448 -0.0452375 -5.49412 -0.00860139 0.999907 -0.0105772 -1.13139 0.0451476 0.0109551 0.99892 76.3731 
0.99919 0.00417467 -0.0400338 -5.50779 -0.00447277 0.999963 -0.00735746 -1.1381 0.0400017 0.00753048 0.999171 76.9219 
0.999488 -0.000104724 -0.0320008 -5.51849 7.27349e-06 0.999995 -0.00304275 -1.16276 0.032001 0.00304087 0.999483 77.4345 
0.999778 0.00306597 -0.0208417 -5.53941 -0.00313132 0.99999 -0.00309993 -1.17958 0.0208321 0.00316442 0.999778 77.9393 
0.999948 0.00793086 -0.00646631 -5.53655 -0.00795342 0.999962 -0.00345822 -1.19164 0.00643872 0.00350938 0.999973 78.4351 
0.999847 0.0131004 0.0115804 -5.53666 -0.0130645 0.99991 -0.00317639 -1.19579 -0.0116208 0.00302453 0.999928 78.9302 
0.999387 0.0112796 0.0331485 -5.49856 -0.0111663 0.999931 -0.00360233 -1.18791 -0.0331868 0.0032299 0.999444 79.413 
0.998161 0.00796733 0.0600858 -5.47092 -0.00774082 0.999962 -0.00400292 -1.17582 -0.0601153 0.00353036 0.998185 79.869 
0.995883 0.00687645 0.0903834 -5.4247 -0.00672266 0.999975 -0.00200686 -1.18991 -0.0903949 0.00139091 0.995905 80.3314 
0.992198 0.00641104 0.124505 -5.37598 -0.00642242 0.999979 -0.000310656 -1.20222 -0.124504 -0.000491469 0.992219 80.765 
0.986678 0.00704127 0.162535 -5.29427 -0.0070758 0.999975 -0.00036703 -1.19663 -0.162533 -0.000788001 0.986703 81.1938 
0.979092 0.00690325 0.203298 -5.16642 -0.00688401 0.999976 -0.00080221 -1.20005 -0.203299 -0.000614144 0.979116 81.6157 
0.968723 0.00517997 0.248091 -5.06098 -0.00555083 0.999984 0.000795031 -1.2301 -0.248083 -0.00214735 0.968736 81.9798 
0.954758 0.0083451 0.297266 -4.93103 -0.00840684 0.999964 -0.00107109 -1.24191 -0.297264 -0.00147651 0.954794 82.361 
0.936875 0.00855056 0.349561 -4.78251 -0.00792725 0.999963 -0.00321405 -1.25615 -0.349575 0.00024004 0.936908 82.7043 
0.91471 0.00725046 0.404046 -4.59235 -0.00615682 0.999973 -0.00400612 -1.28159 -0.404064 0.00117674 0.91473 83.0434 
0.887645 0.00878213 0.460445 -4.39174 -0.00683669 0.999959 -0.00589282 -1.28436 -0.460478 0.00208275 0.887669 83.3747 
0.856148 0.00898584 0.516652 -4.16553 -0.00624941 0.999956 -0.00703592 -1.29436 -0.516692 0.00279497 0.856166 83.6802 
0.819373 0.0080903 0.573204 -3.92781 -0.00304891 0.999948 -0.00975531 -1.29245 -0.573253 0.00624554 0.819355 83.9665 
0.779539 0.00859417 0.626295 -3.66857 -0.00197151 0.999934 -0.0112676 -1.30053 -0.62635 0.00754875 0.779505 84.2428 
0.73662 0.00671331 0.676274 -3.40283 -0.00117106 0.999962 -0.00865113 -1.32139 -0.676306 0.0055806 0.7366 84.4851 
0.691529 0.00622417 0.722322 -3.10481 -0.00294638 0.999979 -0.00579607 -1.33306 -0.722343 0.00187988 0.691532 84.7154 
0.643187 0.004211 0.765697 -2.80205 -0.00250251 0.999991 -0.00339753 -1.35534 -0.765705 0.000269048 0.643192 84.9354 
0.594122 0.00392967 0.804365 -2.48989 -0.000185936 0.999989 -0.00474817 -1.35767 -0.804375 0.0026714 0.594116 85.1174 
0.544781 0.00106197 0.838578 -2.159 0.00612238 0.999967 -0.00524387 -1.36544 -0.838556 0.00799082 0.544757 85.2928 
0.497108 0.00474965 0.867676 -1.82664 0.0054885 0.999948 -0.00861829 -1.35456 -0.867671 0.00904643 0.497056 85.4302 
0.447789 0.00710626 0.894111 -1.48561 0.00231488 0.999956 -0.00910695 -1.36845 -0.894136 0.00614773 0.447753 85.571 
0.400915 0.00943987 0.916067 -1.13911 0.00216853 0.999934 -0.0112533 -1.374 -0.916113 0.00649809 0.400868 85.6906 
0.358887 0.00529131 0.933366 -0.785155 0.0103941 0.999899 -0.0096652 -1.38735 -0.933323 0.0131702 0.358796 85.7681 
0.317727 -0.00121491 0.948181 -0.427475 0.0244941 0.999676 -0.00692694 -1.38834 -0.947866 0.0254257 0.317654 85.8439 
0.282395 -0.00507995 0.959285 -0.0701471 0.028333 0.999594 -0.00304737 -1.39287 -0.95888 0.0280399 0.282424 85.9105 
0.247417 0.0002049 0.968909 0.294679 0.0245072 0.999679 -0.00646957 -1.3903 -0.968599 0.025346 0.247332 86.007 
0.215691 0.00881074 0.976422 0.676798 0.0193729 0.999724 -0.0133006 -1.38009 -0.976269 0.0217849 0.215461 86.0928 
0.186534 0.0127577 0.982366 1.0612 0.0165563 0.999733 -0.0161271 -1.39603 -0.982309 0.0192726 0.186273 86.156 
0.160163 0.0138456 0.986993 1.43885 0.0179951 0.999694 -0.016944 -1.41508 -0.986926 0.0204748 0.159865 86.2021 
0.138028 0.015903 0.990301 1.85391 0.0255994 0.99948 -0.0196185 -1.4191 -0.990097 0.028059 0.137549 86.2213 
0.116894 0.0222455 0.992895 2.25663 0.0340984 0.99907 -0.0263983 -1.4158 -0.992559 0.0369419 0.116026 86.2506 
0.096683 0.0289847 0.994893 2.71614 0.0358735 0.998825 -0.0325855 -1.41718 -0.994668 0.0388408 0.0955296 86.3098 
0.0786682 0.0292113 0.996473 3.15248 0.0310673 0.999013 -0.0317385 -1.4352 -0.996417 0.0334545 0.077683 86.3515 
0.0635938 0.0257401 0.997644 3.5891 0.0309322 0.999136 -0.0277505 -1.44434 -0.997496 0.0326241 0.0627426 86.3727 
0.0468027 0.022741 0.998645 4.05025 0.0301191 0.999254 -0.0241665 -1.46268 -0.99845 0.0312094 0.0460829 86.4304 
0.0333902 0.0189478 0.999263 4.5093 0.0315854 0.999301 -0.020004 -1.49524 -0.998943 0.0322301 0.0327683 86.4294 
0.0232069 0.0187142 0.999555 5.11278 0.0337862 0.999239 -0.0194928 -1.50317 -0.99916 0.0342235 0.022557 86.421 
0.0106773 0.0191454 0.99976 5.61359 0.0363227 0.999149 -0.0195217 -1.52169 -0.999283 0.0365224 0.00997279 86.4545 
0.00240747 0.0207404 0.999782 6.16246 0.0387479 0.999032 -0.0208183 -1.52493 -0.999246 0.0387896 0.00160149 86.4679 
-0.00285088 0.0208807 0.999778 6.71981 0.0407805 0.998953 -0.0207473 -1.54398 -0.999164 0.0407123 -0.00369942 86.4638 
-0.00778653 0.0216793 0.999735 7.28518 0.0413174 0.998918 -0.0213399 -1.5619 -0.999116 0.0411403 -0.00867384 86.4496 
-0.0142609 0.0214172 0.999669 7.89524 0.0419242 0.998904 -0.0208028 -1.58668 -0.999019 0.0416137 -0.0151432 86.4561 
-0.0182621 0.022019 0.999591 8.48604 0.0461687 0.99871 -0.0211562 -1.60049 -0.998767 0.0457634 -0.0192551 86.4357 
-0.0215582 0.021492 0.999536 9.08474 0.0469715 0.998687 -0.0204608 -1.6266 -0.998663 0.0465087 -0.0225394 86.4338 
-0.0239865 0.0212603 0.999486 9.76586 0.0454901 0.998761 -0.0201533 -1.6369 -0.998677 0.0449834 -0.0249239 86.3993 
-0.0262918 0.0214728 0.999424 10.4589 0.0486229 0.998613 -0.0201764 -1.64946 -0.998471 0.0480644 -0.0272994 86.3896 
-0.0260485 0.0197493 0.999465 11.0743 0.0530638 0.998422 -0.0183458 -1.69121 -0.998251 0.0525576 -0.0270554 86.3582 
-0.0247959 0.0200781 0.999491 11.7736 0.056281 0.998241 -0.0186568 -1.70969 -0.998107 0.0557897 -0.0258823 86.3387 
-0.0228963 0.0194346 0.999549 12.4674 0.058276 0.998137 -0.0180723 -1.73918 -0.998038 0.0578359 -0.0239862 86.3473 
-0.0188301 0.0200508 0.999622 13.1922 0.0617445 0.997914 -0.0188535 -1.74878 -0.997914 0.0613662 -0.0200289 86.3421 
-0.0143082 0.0190297 0.999716 13.9347 0.0620652 0.997908 -0.0181071 -1.77765 -0.997969 0.0617886 -0.0154594 86.3328 
-0.0102203 0.0173829 0.999797 14.6878 0.0645612 0.997774 -0.0166878 -1.79755 -0.997861 0.0643775 -0.0113198 86.3362 
-0.0068254 0.0167431 0.999836 15.4641 0.0634835 0.99785 -0.0162765 -1.80952 -0.997959 0.063362 -0.00787363 86.3563 
-0.00257284 0.0132648 0.999909 16.25 0.0609376 0.998056 -0.0130835 -1.83942 -0.998138 0.0608984 -0.00337617 86.3588 
0.00163906 0.0128924 0.999915 17.0294 0.0593844 0.998151 -0.0129671 -1.85041 -0.998234 0.0594007 0.000870424 86.3738 
0.00515494 0.0140525 0.999888 17.8159 0.0565264 0.998298 -0.0143217 -1.86872 -0.998388 0.0565939 0.00435183 86.4048 
0.0068321 0.0180308 0.999814 18.5953 0.0544879 0.998345 -0.0183767 -1.88549 -0.998491 0.0546033 0.00583833 86.451 
0.00844134 0.0235581 0.999687 19.418 0.0494466 0.99849 -0.0239475 -1.902 -0.998741 0.0496333 0.00726372 86.4773 
0.00834472 0.0262805 0.99962 20.226 0.0472607 0.998527 -0.0266464 -1.93082 -0.998848 0.0474651 0.00709039 86.5007 
0.00842099 0.0260188 0.999626 21.037 0.0441198 0.998678 -0.0263658 -1.95131 -0.998991 0.0443253 0.00726192 86.5231 
0.00983607 0.0238004 0.999668 21.8383 0.0435526 0.998758 -0.0242073 -1.99697 -0.999003 0.0437763 0.00878728 86.5059 
0.00925515 0.0217545 0.99972 22.6557 0.0437358 0.998798 -0.0221394 -2.03708 -0.999 0.0439285 0.00829257 86.5398 
0.00985635 0.0207769 0.999735 23.4639 0.0414547 0.998916 -0.0211687 -2.07039 -0.999092 0.0416524 0.00898437 86.5583 
0.0093463 0.0221554 0.999711 24.2792 0.0386617 0.998999 -0.0225011 -2.08009 -0.999209 0.0388608 0.00848038 86.5899 
0.00696554 0.0235834 0.999698 25.046 0.0362705 0.999058 -0.0238212 -2.10352 -0.999318 0.0364255 0.00610359 86.655 
0.00485829 0.0245448 0.999687 25.8451 0.0335342 0.999132 -0.0246943 -2.13772 -0.999426 0.0336436 0.00403099 86.6868 
0.00245512 0.0232102 0.999728 26.6608 0.0294963 0.999294 -0.0232726 -2.19205 -0.999562 0.0295454 0.00176877 86.6861 
-0.000954953 0.0228947 0.999737 27.4736 0.0278536 0.999351 -0.0228593 -2.21323 -0.999611 0.0278244 -0.00159203 86.687 
-0.00557108 0.0192799 0.999799 28.2919 0.0270047 0.999452 -0.0191228 -2.25064 -0.99962 0.0268927 -0.00608868 86.6907 
-0.0109275 0.0171566 0.999793 29.1063 0.025124 0.999542 -0.0168777 -2.28063 -0.999625 0.0249343 -0.0113535 86.6853 
-0.0177407 0.0186146 0.999669 29.9213 0.0245528 0.999533 -0.0181765 -2.29114 -0.999541 0.0242222 -0.0181895 86.6864 
-0.0267952 0.0197302 0.999446 30.7147 0.0223439 0.999567 -0.0191336 -2.3131 -0.999391 0.0218188 -0.0272245 86.6759 
-0.038336 0.0207744 0.999049 31.5471 0.0210041 0.99958 -0.0199795 -2.32274 -0.999044 0.0202182 -0.0387563 86.6758 
-0.0482698 0.0193413 0.998647 32.3295 0.0220754 0.999589 -0.0182926 -2.35869 -0.99859 0.0211626 -0.0486769 86.6362 
-0.0585314 0.0195855 0.998093 33.1147 0.0223055 0.999583 -0.0183068 -2.37745 -0.998036 0.0211915 -0.0589438 86.5917 
-0.0701115 0.0188739 0.997361 33.8955 0.0231167 0.999583 -0.017291 -2.40269 -0.997271 0.0218434 -0.0705185 86.5467 
-0.0809075 0.018711 0.996546 34.6843 0.0226625 0.9996 -0.0169285 -2.43694 -0.996464 0.0212146 -0.0812991 86.4832 
-0.0918333 0.018862 0.995596 35.4292 0.0253047 0.999542 -0.0166027 -2.47843 -0.995453 0.0236685 -0.0922685 86.432 
-0.101801 0.0202662 0.994598 36.1808 0.0244835 0.999541 -0.017861 -2.49696 -0.994503 0.022533 -0.10225 86.3496 
-0.112554 0.0214169 0.993415 36.9338 0.0262915 0.999482 -0.0185689 -2.52415 -0.993298 0.0240283 -0.113059 86.2853 
-0.122314 0.0226607 0.992233 37.6974 0.0265829 0.999455 -0.0195488 -2.53824 -0.992135 0.0239854 -0.122849 86.2041 
-0.131117 0.0225755 0.99111 38.4321 0.0261715 0.999471 -0.0193037 -2.57634 -0.991021 0.0234077 -0.131639 86.0897 
-0.141829 0.0240109 0.9896 39.1864 0.0269119 0.99943 -0.0203925 -2.59166 -0.989525 0.0237398 -0.142394 86.0142 
-0.148956 0.0228631 0.988579 39.908 0.0282318 0.999423 -0.0188601 -2.62763 -0.988441 0.0251001 -0.149515 85.886 
-0.1567 0.022266 0.987395 40.6304 0.0299018 0.999394 -0.0177913 -2.64052 -0.987193 0.026737 -0.157271 85.785 
-0.161801 0.0208685 0.986603 41.3408 0.0323167 0.999352 -0.0158383 -2.65307 -0.986294 0.0293211 -0.162371 85.665 
-0.166097 0.019149 0.985923 42.0405 0.0356259 0.999275 -0.0134065 -2.67167 -0.985466 0.0328976 -0.166659 85.5543 
-0.169432 0.0183306 0.985371 42.761 0.0347086 0.999318 -0.0126221 -2.68477 -0.98493 0.0320623 -0.169953 85.4514 
-0.169664 0.0174226 0.985348 43.43 0.036039 0.999285 -0.0114637 -2.7115 -0.984843 0.033566 -0.170171 85.3237 
-0.170935 0.0180698 0.985117 44.0826 0.0364005 0.999265 -0.0120133 -2.73243 -0.98461 0.0338053 -0.171467 85.2327 
-0.170391 0.0187766 0.985198 44.7557 0.0369074 0.999238 -0.0126612 -2.74754 -0.984685 0.0342037 -0.170954 85.1304 
-0.1681 0.0202958 0.985561 45.4282 0.0366085 0.999227 -0.0143333 -2.76042 -0.98509 0.0336705 -0.168713 85.0396 
-0.16225 0.0213628 0.986518 46.0732 0.0369447 0.999196 -0.0155612 -2.76935 -0.986058 0.0339218 -0.162909 84.9211 
-0.154355 0.0209675 0.987793 46.6486 0.0365028 0.999213 -0.0155059 -2.80453 -0.987341 0.0336638 -0.154999 84.8584 
-0.142957 0.0216772 0.989491 47.2306 0.0356043 0.999226 -0.0167466 -2.81232 -0.989088 0.0328361 -0.143618 84.7824 
-0.131169 0.0217037 0.991122 47.7516 0.0340725 0.999268 -0.0173729 -2.82824 -0.990774 0.0314912 -0.131813 84.7636 
-0.113886 0.0239896 0.993204 48.3125 0.0335674 0.99923 -0.0202863 -2.83957 -0.992927 0.031029 -0.114604 84.7125 
-0.0937954 0.0267615 0.995232 48.8506 0.0314684 0.999219 -0.0239031 -2.85106 -0.995094 0.0290764 -0.0945642 84.6983 
-0.0687789 0.0294159 0.997198 49.3858 0.0298014 0.99918 -0.027419 -2.87796 -0.997187 0.0278321 -0.0695992 84.6824 
-0.0410751 0.0311746 0.99867 49.9024 0.0273057 0.999175 -0.0300674 -2.89135 -0.998783 0.0260343 -0.0418925 84.6935 
-0.00704571 0.0297853 0.999531 50.3994 0.0245693 0.99926 -0.0296041 -2.93158 -0.999673 0.0243492 -0.00777229 84.7031 
0.0312563 0.0271589 0.999142 50.9605 0.0231996 0.999342 -0.0278901 -2.95821 -0.999242 0.0240515 0.0306056 84.7413 
0.0747583 0.0224008 0.99695 51.4428 0.0207066 0.999497 -0.0240109 -2.99962 -0.996987 0.0224384 0.0742569 84.7831 
0.12159 0.0183725 0.99241 51.9236 0.0186423 0.99961 -0.0207899 -3.01813 -0.992405 0.0210287 0.121201 84.8638 
0.172307 0.0163908 0.984907 52.4066 0.015029 0.999701 -0.0192663 -3.01844 -0.984929 0.0181219 0.172009 84.9498 
0.225746 0.0145254 0.974078 52.8827 0.0101897 0.999799 -0.0172705 -3.03992 -0.974133 0.0138243 0.225552 85.0835 
0.283217 0.0133108 0.958963 53.3546 0.0099217 0.999809 -0.0168081 -3.07119 -0.959004 0.0142749 0.283031 85.2343 
0.345857 0.0158321 0.938154 53.8159 0.0117367 0.999706 -0.0211977 -3.06366 -0.938214 0.0183422 0.345569 85.3919 
0.410023 0.0213893 0.911824 54.2653 0.0115616 0.999523 -0.0286456 -3.06764 -0.912002 0.0222875 0.40958 85.5857 
0.470718 0.0261977 0.881895 54.6526 0.0117203 0.999285 -0.0359408 -3.07038 -0.882206 0.0272541 0.470075 85.8484 
0.530163 0.030293 0.847354 55.0372 0.00819168 0.999132 -0.0408445 -3.08625 -0.847856 0.0285955 0.529455 86.1407 
0.588757 0.0319838 0.807677 55.4177 0.00437732 0.999076 -0.0427541 -3.1183 -0.808298 0.0287072 0.588073 86.4434 
0.644217 0.0326408 0.764146 55.7668 0.00328309 0.998962 -0.045439 -3.12164 -0.764836 0.0317813 0.643441 86.7915 
0.695056 0.0323934 0.718225 56.0508 0.00041665 0.998966 -0.0454587 -3.14051 -0.718955 0.0318956 0.694324 87.1309 
0.742088 0.0299116 0.669635 56.3189 -0.00374775 0.999173 -0.0404785 -3.16107 -0.670292 0.0275289 0.741587 87.5164 
0.783893 0.0332802 0.620004 56.5301 -0.0107067 0.999138 -0.0400945 -3.11991 -0.620804 0.0247915 0.783574 87.9082 
0.8225 0.0319776 0.567866 56.7419 -0.0156691 0.999313 -0.0335781 -3.14823 -0.568549 0.01872 0.822436 88.3018 
0.856093 0.028385 0.516041 56.9504 -0.0171707 0.999501 -0.0264925 -3.15406 -0.516536 0.0138192 0.856154 88.7352 
0.883591 0.0320744 0.467159 57.1128 -0.0242057 0.999446 -0.0228376 -3.15722 -0.467633 0.00887108 0.883878 89.1751 
0.905664 0.0339535 0.422635 57.2688 -0.028721 0.999412 -0.0187445 -3.17209 -0.423023 0.00483765 0.906106 89.6372 
0.922046 0.0403738 0.384968 57.3876 -0.0376037 0.999184 -0.0147249 -3.20589 -0.385249 -0.000899275 0.922812 90.0553 
0.935568 0.0451158 0.350254 57.5139 -0.0424968 0.998981 -0.0151641 -3.21657 -0.350581 -0.000697647 0.936532 90.5122 
0.946541 0.0466436 0.319194 57.6534 -0.0446028 0.998911 -0.0137048 -3.23846 -0.319486 -0.00126489 0.94759 90.9761 
0.95342 0.0424224 0.298647 57.7682 -0.0403122 0.9991 -0.0132259 -3.25108 -0.298939 0.000570648 0.954272 91.4066 
0.958291 0.0411163 0.28282 57.9048 -0.0387415 0.999151 -0.0139873 -3.25171 -0.283155 0.00244698 0.959071 91.8837 
0.961815 0.0455187 0.269889 58.0282 -0.0434287 0.998962 -0.0137137 -3.26327 -0.270233 0.0014691 0.962794 92.3781 
0.964013 0.0519465 0.260729 58.1328 -0.0501844 0.99865 -0.0134162 -3.26791 -0.261074 -0.000151228 0.965319 92.8763 
0.964615 0.0593827 0.256887 58.2097 -0.0575826 0.998235 -0.0145312 -3.28181 -0.257296 -0.000775239 0.966332 93.4055 
0.965298 0.0649304 0.252948 58.3413 -0.0621205 0.997886 -0.0190883 -3.28192 -0.253653 0.00271257 0.967291 93.9024 
0.965097 0.0663399 0.25335 58.4484 -0.0631671 0.997789 -0.0206473 -3.31373 -0.25416 0.00392316 0.967154 94.4523 
0.964472 0.0642521 0.256252 58.5825 -0.059845 0.997895 -0.024968 -3.31859 -0.257317 0.00874547 0.966287 94.9898 
0.963485 0.0640229 0.259995 58.7225 -0.0579872 0.997841 -0.0308276 -3.35083 -0.261407 0.0146255 0.965118 95.5484 
0.962496 0.0645992 0.263494 58.8779 -0.0570307 0.997713 -0.0362809 -3.35811 -0.265235 0.0198929 0.963978 96.0887 
0.961424 0.0678525 0.266571 59.044 -0.0608902 0.997555 -0.0343073 -3.3948 -0.268246 0.0167522 0.963205 96.6451 
0.959662 0.0714049 0.271936 59.1957 -0.0659816 0.997398 -0.0290476 -3.44034 -0.273303 0.00993303 0.961877 97.2058 
0.95848 0.0681728 0.27689 59.3555 -0.0637202 0.997653 -0.0250582 -3.45416 -0.277948 0.00637426 0.960575 97.8088 
0.95777 0.0632689 0.280489 59.5428 -0.0596836 0.99799 -0.0213151 -3.45445 -0.281273 0.00367426 0.959621 98.4042 
0.95692 0.0601558 0.284053 59.7218 -0.0578842 0.998189 -0.0163927 -3.48141 -0.284524 -0.000755764 0.958668 99.0244 
0.956346 0.0548875 0.287037 59.9023 -0.0523889 0.998492 -0.0163844 -3.48774 -0.287503 0.00063155 0.957779 99.6566 
0.956666 0.0510239 0.286681 60.0967 -0.0473809 0.998684 -0.0196356 -3.5026 -0.287306 0.00520146 0.957825 100.276 
0.956949 0.05049 0.28583 60.2861 -0.0450856 0.998659 -0.0254616 -3.54128 -0.286732 0.0114786 0.957942 100.922 
0.957482 0.0525198 0.283673 60.4834 -0.0453788 0.998467 -0.0316917 -3.56998 -0.284903 0.0174714 0.958397 101.547 
0.958215 0.0551505 0.28068 60.6642 -0.046854 0.998246 -0.0361894 -3.57876 -0.282184 0.0215262 0.959119 102.22 
0.959077 0.0527223 0.278194 60.8561 -0.0456605 0.99845 -0.031808 -3.6066 -0.27944 0.0178038 0.959998 102.915 
0.959634 0.0486728 0.277007 61.053 -0.0433855 0.998741 -0.0251887 -3.61748 -0.277884 0.0121538 0.960538 103.619 
0.960522 0.0485837 0.273928 61.2428 -0.0452032 0.998804 -0.0186435 -3.6552 -0.274506 0.00552498 0.961569 104.306 
0.960648 0.05213 0.272834 61.4221 -0.0486003 0.998624 -0.0196846 -3.67214 -0.273485 0.00565 0.96186 105.033 
0.960876 0.0581726 0.270801 61.5947 -0.0535603 0.998266 -0.0243983 -3.68446 -0.27175 0.00893954 0.962326 105.766 
0.961954 0.0597433 0.266598 61.7953 -0.0538385 0.998116 -0.0294101 -3.70537 -0.267853 0.0139378 0.963359 106.502 
0.963215 0.0576849 0.262466 61.987 -0.0508852 0.998171 -0.0326369 -3.7288 -0.263869 0.0180807 0.964389 107.258 
0.964248 0.0558413 0.259052 62.1779 -0.0491858 0.998273 -0.0321085 -3.74309 -0.260398 0.0182188 0.965329 108.034 
0.965513 0.0516547 0.25518 62.3955 -0.0455798 0.99852 -0.0296673 -3.77562 -0.256334 0.017013 0.966438 108.824 
0.96626 0.0495608 0.252755 62.6025 -0.0441131 0.998657 -0.0271789 -3.80556 -0.253762 0.015112 0.967148 109.612 
0.966989 0.0460608 0.250619 62.7996 -0.0412303 0.998849 -0.024494 -3.83015 -0.251459 0.0133522 0.967776 110.389 
0.967421 0.0403964 0.24993 62.9994 -0.0354082 0.999074 -0.0244248 -3.84361 -0.250685 0.0147794 0.967956 111.173 
0.967546 0.0406365 0.249408 63.1849 -0.0362345 0.999096 -0.0222181 -3.88623 -0.250085 0.0124598 0.968144 111.948 
0.967253 0.04599 0.249614 63.378 -0.0413843 0.998863 -0.0236714 -3.92032 -0.250419 0.012566 0.968056 112.762 
0.966894 0.0512626 0.249974 63.5734 -0.045842 0.998571 -0.0274632 -3.94689 -0.251025 0.0150946 0.967863 113.598 
0.966094 0.0600623 0.251107 63.7632 -0.0546077 0.998097 -0.0286407 -3.98624 -0.252349 0.0139572 0.967536 114.436 
0.964774 0.0661044 0.254638 63.9374 -0.0610506 0.99775 -0.0277086 -4.02949 -0.255896 0.0111867 0.966639 115.248 
0.963945 0.0685698 0.257116 64.1526 -0.0637246 0.997598 -0.0271401 -4.04416 -0.258359 0.00977694 0.965999 116.092 
0.96352 0.0692675 0.258518 64.3856 -0.0643837 0.997551 -0.0273211 -4.0855 -0.259778 0.00968003 0.96562 116.886 
0.963078 0.0677785 0.260551 64.5941 -0.0621439 0.997622 -0.0298136 -4.11838 -0.261952 0.0125211 0.965 117.715 
0.963197 0.0616429 0.261633 64.8283 -0.0559136 0.998006 -0.0292938 -4.14382 -0.262917 0.0135868 0.964723 118.561 
0.963704 0.0544815 0.261353 65.0525 -0.0482495 0.998378 -0.0302082 -4.18991 -0.262575 0.0165015 0.96477 119.399 
0.963507 0.054221 0.262136 65.2696 -0.0478165 0.998382 -0.0307544 -4.21584 -0.263379 0.0170976 0.964541 120.22 
0.962604 0.0579578 0.264639 65.4602 -0.0525731 0.998241 -0.0273915 -4.25763 -0.265761 0.0124542 0.963959 121.048 
0.962242 0.058762 0.265776 65.6702 -0.0548161 0.998249 -0.0222471 -4.29461 -0.266618 0.00683825 0.963778 121.874 
0.961838 0.0620405 0.266495 65.8894 -0.0594112 0.998073 -0.0179255 -4.33013 -0.267093 0.00140861 0.96367 122.716 
0.961429 0.0615779 0.268073 66.0875 -0.0571223 0.998069 -0.0243964 -4.36746 -0.269057 0.00814234 0.96309 123.539 
0.961833 0.0591059 0.267175 66.3126 -0.0506437 0.997976 -0.0384598 -4.405 -0.268908 0.0234611 0.96288 124.342 
0.96184 0.0572626 0.267555 66.5045 -0.046124 0.997794 -0.0477379 -4.44622 -0.269698 0.0335755 0.962359 125.164 
0.962049 0.0538619 0.267508 66.7139 -0.0450936 0.998228 -0.0388188 -4.47842 -0.269125 0.0252827 0.962773 125.986 
0.962599 0.0465262 0.266905 66.9313 -0.0434227 0.998903 -0.0175216 -4.521 -0.267427 0.00527651 0.963564 126.805 
0.96314 0.0418545 0.265723 67.1621 -0.0428138 0.999081 -0.00218431 -4.55779 -0.26557 -0.00927289 0.964047 127.639 
0.963429 0.0463949 0.263916 67.3786 -0.0458491 0.998914 -0.0082307 -4.58041 -0.264011 -0.00417069 0.96451 128.427 
0.963719 0.0550187 0.261185 67.5802 -0.0508596 0.998449 -0.0226625 -4.62291 -0.262026 0.00855649 0.965023 129.22 
0.964112 0.0551774 0.259697 67.7851 -0.0488161 0.99833 -0.0308865 -4.64516 -0.260967 0.0171006 0.965196 130.021 
0.964876 0.0514679 0.257613 67.9944 -0.0446201 0.99848 -0.0323618 -4.6651 -0.258887 0.0197304 0.965706 130.816 
0.965704 0.0508581 0.254617 68.1965 -0.0446499 0.998549 -0.0301076 -4.70795 -0.255778 0.0177063 0.966573 131.61 
0.966719 0.0499921 0.250909 68.386 -0.0436352 0.998571 -0.030839 -4.75045 -0.252092 0.0188641 0.967519 132.402 
0.96796 0.0507702 0.245919 68.579 -0.0441035 0.998497 -0.0325454 -4.7802 -0.247202 0.0206567 0.968744 133.191 
0.968475 0.0554204 0.242867 68.7722 -0.0489581 0.99827 -0.032569 -4.8246 -0.244252 0.0196519 0.969513 134.01 
0.968434 0.0614076 0.241589 68.9321 -0.0553073 0.997958 -0.0319589 -4.87402 -0.243058 0.0175884 0.969852 134.817 
0.969236 0.0613101 0.238376 69.1221 -0.0554945 0.997976 -0.0310388 -4.89731 -0.239796 0.0168553 0.970677 135.605 
0.969641 0.0594879 0.237185 69.309 -0.054973 0.998159 -0.0256104 -4.94527 -0.238272 0.011794 0.971127 136.392 
0.970068 0.0583504 0.235716 69.4914 -0.0537934 0.998221 -0.025723 -4.97994 -0.236798 0.012273 0.971481 137.193 
0.970743 0.0581096 0.232981 69.6723 -0.0529078 0.998192 -0.0285207 -5.01563 -0.234217 0.0153597 0.972063 137.98 
0.972228 0.0523428 0.228109 69.8446 -0.0462 0.998413 -0.0321905 -5.05205 -0.229432 0.0207578 0.973103 138.767 
0.97417 0.0490515 0.220425 70.0328 -0.0427369 0.99853 -0.0333292 -5.08446 -0.221735 0.023048 0.974834 139.511 
0.975524 0.0481355 0.214558 70.1826 -0.0428563 0.998655 -0.0291924 -5.08988 -0.215674 0.0192827 0.976275 140.299 
0.97712 0.0437633 0.208139 70.3477 -0.0406954 0.998991 -0.0190015 -5.15665 -0.20876 0.0100964 0.977915 141.088 
0.978171 0.0415997 0.203595 70.5423 -0.0401998 0.999131 -0.0110089 -5.15657 -0.203876 0.00258401 0.978993 141.879 
0.978828 0.0478625 0.19901 70.6861 -0.0471342 0.998853 -0.00839868 -5.16882 -0.199184 -0.00115941 0.979961 142.678 
0.979676 0.0497139 0.19433 70.8205 -0.0482503 0.99876 -0.012261 -5.20757 -0.194699 0.00263519 0.980859 143.467 
0.981177 0.050277 0.186449 70.9584 -0.0470137 0.998654 -0.021886 -5.24263 -0.187298 0.0127083 0.982221 144.256 
0.982402 0.0484238 0.180393 71.0887 -0.0443301 0.998661 -0.0266589 -5.28151 -0.181443 0.0181928 0.983233 145.052 
0.983475 0.0487024 0.174371 71.2006 -0.0450629 0.998677 -0.0247738 -5.31884 -0.175347 0.0165067 0.984368 145.838 
0.984337 0.0551916 0.167433 71.309 -0.0524762 0.99841 -0.0206029 -5.35563 -0.168304 0.0114939 0.985668 146.654 
0.985276 0.0610113 0.159715 71.4057 -0.0582622 0.998062 -0.021844 -5.39228 -0.160738 0.0122169 0.986921 147.482 
0.986625 0.0639361 0.149942 71.4908 -0.060539 0.997797 -0.0271176 -5.41345 -0.151345 0.0176774 0.988323 148.311 
0.988068 0.0615748 0.141173 71.5956 -0.058013 0.997888 -0.029213 -5.44765 -0.142673 0.0206745 0.989554 149.125 
0.989294 0.0618062 0.132205 71.7034 -0.0588516 0.997924 -0.026145 -5.47491 -0.133546 0.0180845 0.990877 149.936 
0.989874 0.0662208 0.125559 71.7732 -0.0642781 0.997742 -0.019466 -5.50105 -0.126564 0.0111981 0.991895 150.752 
0.990529 0.0697772 0.11825 71.8392 -0.0685999 0.997546 -0.0140031 -5.51907 -0.118937 0.00575852 0.992885 151.57 
0.991468 0.0680374 0.111188 71.9038 -0.067338 0.99768 -0.0100392 -5.55047 -0.111613 0.00246632 0.993749 152.416 
0.992004 0.0698522 0.105115 71.9723 -0.0693657 0.997557 -0.00828233 -5.56237 -0.105436 0.000924689 0.994426 153.238 
0.992397 0.0700863 0.101171 72.0285 -0.0694414 0.997537 -0.00988698 -5.59194 -0.101614 0.00278631 0.99482 154.072 
0.99241 0.0756447 0.0969585 72.0696 -0.0746148 0.997111 -0.0142105 -5.63 -0.0977533 0.00686798 0.995187 154.883 
0.992319 0.0820177 0.0926092 72.1225 -0.0804731 0.99655 -0.0202984 -5.65807 -0.0939545 0.0126899 0.995496 155.695 
0.992489 0.0836518 0.089263 72.1868 -0.0819296 0.996377 -0.0227941 -5.68 -0.0908464 0.0153095 0.995747 156.5 
0.992553 0.0849128 0.0873405 72.2301 -0.0837723 0.996346 -0.0166483 -5.69925 -0.0884349 0.00920756 0.996039 157.327 
0.992526 0.0871399 0.0854283 72.2862 -0.0869368 0.996195 -0.00610274 -5.72508 -0.085635 -0.00136981 0.996326 158.157 
0.992571 0.0891683 0.0827776 72.3341 -0.0896475 0.995971 0.00208181 -5.7571 -0.0822584 -0.00948722 0.996566 158.982 
0.993408 0.0848157 0.0771109 72.3831 -0.084897 0.996387 -0.00223075 -5.74836 -0.0770214 -0.00433051 0.99702 159.786 
0.994678 0.0740748 0.0716153 72.4323 -0.0734396 0.997234 -0.0114676 -5.76824 -0.0722666 0.00614708 0.997366 160.608 
0.995357 0.0716111 0.0643163 72.4767 -0.0706586 0.997356 -0.0169685 -5.7721 -0.0653613 0.0123452 0.997785 161.425 
0.99543 0.076378 0.0573226 72.5035 -0.0756032 0.997016 -0.0155708 -5.79297 -0.0583408 0.0111658 0.998234 162.254 
0.996048 0.07334 0.0500859 72.5294 -0.0730002 0.997295 -0.00858409 -5.81983 -0.0505799 0.00489381 0.998708 163.08 
0.996656 0.0692868 0.0433214 72.5466 -0.0691223 0.997594 -0.00528652 -5.8273 -0.0435834 0.00227428 0.999047 163.909 
0.997542 0.0595048 0.0370017 72.5817 -0.0594782 0.998228 -0.00182241 -5.82231 -0.0370445 -0.00038295 0.999313 164.736 
0.998035 0.054776 0.0304127 72.6029 -0.054766 0.998498 -0.00116498 -5.84294 -0.0304308 -0.000502976 0.999537 165.586 
0.998335 0.0528215 0.0231587 72.6214 -0.0526719 0.998587 -0.00702623 -5.86938 -0.023497 0.00579465 0.999707 166.41 
0.998861 0.0448149 0.0164046 72.6172 -0.044551 0.998877 -0.0161184 -5.89934 -0.0171084 0.0153691 0.999735 167.243 
0.999379 0.0348483 0.00525747 72.6952 -0.0347485 0.999233 -0.0180323 -5.941 -0.00588175 0.0178383 0.999823 168.03 
0.999303 0.0372926 -0.00186618 72.6834 -0.0373106 0.999247 -0.0106761 -5.95057 0.00146672 0.0107382 0.999941 168.882 
0.998794 0.0485371 -0.00733557 72.6522 -0.0485184 0.998819 0.00272087 -5.96619 0.00745906 -0.00236176 0.999969 169.732 
0.998552 0.0522246 -0.0128867 72.638 -0.0520719 0.998572 0.0119253 -5.98889 0.0134912 -0.0112371 0.999846 170.565 
0.998468 0.0528493 -0.0163749 72.6054 -0.0527082 0.99857 0.00893594 -5.98975 0.0168238 -0.00805925 0.999826 171.405 
0.998325 0.0545666 -0.0192107 72.5741 -0.0546049 0.998507 -0.00146753 -5.99888 0.019102 0.00251399 0.999814 172.238 
0.997597 0.0656015 -0.0222853 72.5261 -0.0658603 0.997767 -0.0110814 -6.00457 0.0215087 0.0125224 0.99969 173.064 
0.997605 0.064332 -0.0253975 72.5022 -0.0646977 0.997809 -0.0138439 -6.02803 0.0244514 0.0154538 0.999581 173.889 
0.997902 0.0591998 -0.0261985 72.4495 -0.0594748 0.998181 -0.00984093 -6.03271 0.0255683 0.0113784 0.999608 174.741 
0.997929 0.0593881 -0.0247145 72.4063 -0.0594259 0.998232 -0.00079565 -6.05917 0.0246236 0.0022626 0.999694 175.615 
0.997839 0.0610639 -0.0242731 72.3563 -0.0609726 0.998129 0.00448957 -6.06872 0.0245019 -0.00299996 0.999695 176.498 
0.997858 0.0606872 -0.0244322 72.3014 -0.0606063 0.998153 0.00404301 -6.07456 0.0246326 -0.00255369 0.999693 177.351 
0.997901 0.0586501 -0.0274349 72.2794 -0.0588347 0.99825 -0.00596665 -6.07827 0.027037 0.00756817 0.999606 178.19 
0.998332 0.0488165 -0.0308377 72.2664 -0.049361 0.998634 -0.0171447 -6.09785 0.0299587 0.0186382 0.999377 179.044 
0.998703 0.0381919 -0.0336779 72.2474 -0.0389223 0.999015 -0.0213032 -6.11841 0.0328312 0.0225863 0.999206 179.904 
0.998616 0.0399544 -0.0342069 72.1924 -0.0405181 0.999052 -0.0159433 -6.14494 0.0335376 0.0173072 0.999288 180.741 
0.998393 0.0455776 -0.0336876 72.1238 -0.0457933 0.998935 -0.00565809 -6.16548 0.0333939 0.00719158 0.999416 181.595 
0.998228 0.046873 -0.0366507 72.0948 -0.0469516 0.998896 -0.00128449 -6.19723 0.0365501 0.00300294 0.999327 182.436 
0.998239 0.0453243 -0.0382581 72.0597 -0.0456678 0.998923 -0.00815083 -6.1846 0.0378476 0.00988356 0.999235 183.269 
0.998187 0.0464872 -0.0382333 72.0221 -0.0470647 0.998789 -0.0143424 -6.20476 0.0375203 0.0161158 0.999166 184.094 
0.997846 0.0525271 -0.0392911 71.9741 -0.053131 0.998482 -0.0144823 -6.22265 0.0384708 0.0165386 0.999123 184.932 
0.997673 0.0559129 -0.0390054 71.9214 -0.056397 0.998343 -0.0114192 -6.24624 0.0383023 0.0135924 0.999174 185.778 
0.997343 0.0612027 -0.0395131 71.8706 -0.0615589 0.998072 -0.00785845 -6.27156 0.0389561 0.0102699 0.999188 186.605 
0.997168 0.0641252 -0.0392959 71.8247 -0.0643963 0.997908 -0.00566706 -6.28495 0.0388504 0.00818143 0.999211 187.425 
