1 -4.23778e-08 4.22719e-08 0 -4.23778e-08 1 -4.19404e-08 0 4.22719e-08 -4.19404e-08 1 0 
0.999986 -0.00439865 -0.00284491 -0.0189314 0.00439512 0.99999 -0.00121365 -0.0167008 0.00285031 0.00120105 0.999995 0.678164 
0.99998 -0.00236052 -0.00590061 -0.0664546 0.00234788 0.999995 -0.00213458 -0.0336496 0.0059057 0.00212059 0.99998 1.34624 
0.999947 -0.00267522 -0.00994956 -0.0801914 0.00263257 0.999987 -0.00428909 -0.0351323 0.00996099 0.00426259 0.999941 2.05677 
0.999892 -0.00199178 -0.0145419 -0.110682 0.00192918 0.999989 -0.00431199 -0.0467593 0.0145504 0.00428339 0.999885 2.78663 
0.999835 -0.00323926 -0.0178733 -0.141354 0.00317373 0.999988 -0.00368887 -0.0586463 0.0178851 0.00363145 0.999833 3.4837 
0.999754 -0.0029784 -0.0219573 -0.169176 0.00288768 0.999987 -0.0041581 -0.0809485 0.0219695 0.00409359 0.99975 4.2181 
0.999648 0.00202252 -0.026464 -0.21387 -0.00214923 0.999986 -0.00475702 -0.0928301 0.0264541 0.00481214 0.999638 4.99098 
0.999507 0.000941261 -0.031379 -0.238101 -0.00106633 0.999991 -0.00396657 -0.0890857 0.031375 0.00399799 0.9995 5.77436 
0.999391 0.000521781 -0.0348817 -0.303294 -0.000575634 0.999999 -0.00153145 -0.0817286 0.034881 0.00155051 0.99939 6.55442 
0.999264 0.000576177 -0.0383462 -0.343571 -0.000591016 1 -0.000373468 -0.0673264 0.038346 0.000395771 0.999264 7.38013 
0.999172 0.00200523 -0.0406344 -0.394407 -0.00205475 0.999997 -0.00117483 -0.0667853 0.040632 0.00125726 0.999173 8.21927 
0.99918 0.00209456 -0.0404299 -0.494589 -0.00209779 0.999998 -3.54093e-05 -0.107424 0.0404298 0.000120108 0.999182 8.97654 
0.999204 -0.0005115 -0.0398947 -0.578476 0.000487481 1 -0.000609693 -0.108089 0.0398951 0.000589674 0.999204 9.78657 
0.999138 -0.000175741 -0.0415015 -0.640092 0.000172624 1 -7.66828e-05 -0.110874 0.0415016 6.93669e-05 0.999138 10.6235 
0.999084 -0.0035954 -0.0426494 -0.694534 0.0036587 0.999992 0.00140808 -0.138079 0.0426441 -0.00156292 0.999089 11.4798 
0.999032 -0.000163819 -0.0439906 -0.752556 7.0788e-05 0.999998 -0.00211445 -0.128898 0.0439909 0.00210921 0.99903 12.3352 
0.998989 0.000288116 -0.0449629 -0.818969 -0.000551215 0.999983 -0.00583733 -0.131323 0.0449605 0.00585612 0.998972 13.1932 
0.998908 0.00448933 -0.0465038 -0.888057 -0.00485144 0.999959 -0.00767486 -0.142502 0.0464675 0.00789201 0.998889 14.0744 
0.998867 0.00495414 -0.0473391 -0.9419 -0.00532707 0.999956 -0.00775315 -0.145233 0.0472987 0.00799645 0.998849 14.9505 
0.998791 0.00411348 -0.0489908 -0.993704 -0.00440661 0.999973 -0.00587524 -0.163044 0.0489654 0.00608393 0.998782 15.8266 
0.998738 0.00467649 -0.0499979 -1.05642 -0.00496885 0.999971 -0.00572315 -0.163093 0.0499698 0.00596428 0.998733 16.7273 
0.998739 0.00390507 -0.0500456 -1.13177 -0.00418413 0.999976 -0.00547097 -0.180227 0.0500232 0.00567338 0.998732 17.6341 
0.99885 0.00321899 -0.0478381 -1.25283 -0.00364953 0.999954 -0.0089135 -0.161921 0.0478073 0.00907775 0.998815 18.5316 
0.998858 0.00185544 -0.0477335 -1.32379 -0.00229855 0.999955 -0.00922802 -0.178905 0.0477143 0.00932712 0.998817 19.4407 
0.998795 0.00231191 -0.0490147 -1.3727 -0.002669 0.99997 -0.00721952 -0.198207 0.0489967 0.00734155 0.998772 20.379 
0.998797 0.00447162 -0.0488251 -1.43045 -0.00464096 0.999984 -0.00335374 -0.203392 0.0488093 0.00357622 0.998802 21.2932 
0.998784 0.00429805 -0.0491044 -1.47001 -0.00428386 0.999991 0.000396007 -0.222579 0.0491057 -0.000185255 0.998793 22.2297 
0.998828 -0.000984947 -0.0483905 -1.50743 0.00121027 0.999988 0.00462891 -0.255266 0.0483855 -0.00468213 0.998818 23.1436 
0.998906 -0.000458991 -0.0467601 -1.56039 0.00072921 0.999983 0.0057637 -0.262111 0.0467567 -0.00579158 0.998889 24.1015 
0.998989 -0.000404884 -0.0449466 -1.62242 0.000565464 0.999993 0.00356188 -0.281197 0.0449449 -0.00358378 0.998983 25.0318 
0.999085 -0.000456053 -0.0427632 -1.70562 0.000440786 1 -0.000364494 -0.29645 0.0427634 0.000345226 0.999085 25.9558 
0.999207 -0.00111812 -0.0398036 -1.77962 0.000950517 0.999991 -0.00422745 -0.292399 0.039808 0.00418617 0.999198 26.8973 
0.999222 -0.00404198 -0.0392343 -1.83296 0.00392499 0.999988 -0.00305621 -0.31425 0.0392462 0.00289975 0.999225 27.8376 
0.99921 -0.00685427 -0.0391464 -1.88379 0.00691804 0.999975 0.00149587 -0.324428 0.0391352 -0.00176559 0.999232 28.8048 
0.999091 -0.0128284 -0.040649 -1.93631 0.0130323 0.999904 0.00475758 -0.334667 0.0405842 -0.00528309 0.999162 29.7998 
0.99896 -0.0192049 -0.0413424 -1.97912 0.0194011 0.999802 0.00435116 -0.347057 0.0412507 -0.00514881 0.999135 30.7732 
0.998882 -0.0215407 -0.0420711 -2.03367 0.0215827 0.999767 0.000547143 -0.351075 0.0420496 -0.00145463 0.999114 31.7454 
0.998884 -0.0203487 -0.0426129 -2.10606 0.0202173 0.999789 -0.00351138 -0.367875 0.0426755 0.00264586 0.999085 32.6715 
0.998955 -0.0189417 -0.0415887 -2.22329 0.0187448 0.999811 -0.00511759 -0.339758 0.0416778 0.00433259 0.999122 33.5627 
0.998919 -0.0192918 -0.0422969 -2.28462 0.0191043 0.999806 -0.00482955 -0.327388 0.0423819 0.00401619 0.999093 34.5374 
0.998926 -0.0177109 -0.0428151 -2.36867 0.0176346 0.999842 -0.00215649 -0.356134 0.0428466 0.00139906 0.999081 35.5269 
0.998981 -0.016725 -0.0419134 -2.46987 0.0167259 0.99986 -0.00032667 -0.388072 0.0419131 -0.00037479 0.999121 36.4861 
0.999002 -0.0146406 -0.0422001 -2.54642 0.0147343 0.99989 0.00191093 -0.389948 0.0421675 -0.0025309 0.999107 37.4597 
0.999029 -0.0148079 -0.0414923 -2.60412 0.0150086 0.999877 0.0045305 -0.397071 0.0414202 -0.00514893 0.999128 38.4323 
0.999118 -0.00809184 -0.0411904 -2.69313 0.00833561 0.999949 0.0057518 -0.393783 0.0411418 -0.00609016 0.999135 39.4033 
0.999194 -0.00692819 -0.0395452 -2.77409 0.00710344 0.999965 0.00429478 -0.39536 0.0395142 -0.00457231 0.999208 40.3818 
0.999206 -0.00776365 -0.0390869 -2.82693 0.0078977 0.999963 0.00327847 -0.420992 0.0390601 -0.00358464 0.99923 41.379 
0.999204 -0.00453648 -0.0396364 -2.87827 0.00454214 0.99999 5.48241e-05 -0.425778 0.0396358 -0.0002349 0.999214 42.3661 
0.999178 -0.00357052 -0.0403753 -2.94316 0.00359689 0.999993 0.000582492 -0.458198 0.0403731 -0.000727325 0.999184 43.365 
0.999131 -0.00457667 -0.0414187 -3.00098 0.00467226 0.999987 0.00221348 -0.47998 0.0414081 -0.00240516 0.999139 44.3395 
0.999146 -0.00317535 -0.0411995 -3.07006 0.00326722 0.999992 0.00216472 -0.479858 0.0411924 -0.00229757 0.999149 45.2871 
0.999155 -0.000843506 -0.0411009 -3.12491 0.000814482 0.999999 -0.000720886 -0.50644 0.0411016 0.000686715 0.999155 46.2608 
0.999104 -0.00011769 -0.042313 -3.17743 -0.000136893 0.999982 -0.00601176 -0.500328 0.0423131 0.00601208 0.999086 47.233 
0.999056 0.000856327 -0.0434276 -3.23059 -0.00120757 0.999967 -0.0080605 -0.505678 0.0434194 0.00810525 0.999024 48.1886 
0.999022 -0.000859882 -0.0441969 -3.27972 0.000622666 0.999985 -0.00537886 -0.515394 0.0442009 0.005346 0.999008 49.1512 
0.998976 -0.00236457 -0.0451829 -3.32122 0.00221314 0.999992 -0.00339921 -0.518691 0.0451907 0.00329565 0.998973 50.1295 
0.998995 -0.00274607 -0.0447304 -3.38374 0.00262083 0.999992 -0.0028565 -0.536122 0.044738 0.00273631 0.998995 51.0937 
0.99898 -0.00698783 -0.0446125 -3.44944 0.0068042 0.999968 -0.00426476 -0.543587 0.0446409 0.00395677 0.998995 52.046 
0.99895 -0.00943542 -0.0448336 -3.50189 0.00917992 0.99994 -0.00589931 -0.556681 0.0448867 0.00548146 0.998977 52.9577 
0.99896 -0.0109652 -0.0442567 -3.6002 0.0107864 0.999933 -0.00427419 -0.577779 0.0443006 0.00379229 0.999011 53.8855 
0.998922 -0.0134892 -0.0444145 -3.66992 0.0134779 0.999909 -0.000551313 -0.594704 0.044418 -4.7984e-05 0.999013 54.823 
0.998912 -0.0138098 -0.0445433 -3.7257 0.0140361 0.99989 0.00477458 -0.615263 0.0444725 -0.00539469 0.998996 55.773 
0.998956 -0.0116308 -0.0441672 -3.80025 0.0119281 0.999908 0.00647566 -0.622767 0.0440879 -0.00699581 0.999003 56.7185 
0.998928 -0.0106586 -0.0450481 -3.86232 0.0107625 0.99994 0.00206562 -0.629695 0.0450234 -0.00254832 0.998983 57.6489 
0.9989 -0.00862349 -0.0460847 -3.92253 0.00836806 0.999948 -0.00573086 -0.649288 0.0461318 0.00533884 0.998921 58.5693 
0.998936 -0.00644533 -0.0456624 -4.00041 0.00596061 0.999924 -0.0107417 -0.65976 0.0457282 0.010458 0.998899 59.491 
0.998892 -0.00191472 -0.0470212 -4.04282 0.00150045 0.99996 -0.00884232 -0.694821 0.0470363 0.00876189 0.998855 60.427 
0.998839 -3.88604e-05 -0.0481733 -4.10472 -0.000312905 0.999973 -0.0072928 -0.704418 0.0481724 0.00729932 0.998812 61.3057 
0.998778 0.00104935 -0.0494073 -4.15839 -0.00127822 0.999989 -0.0045993 -0.739092 0.049402 0.00465675 0.998768 62.1826 
0.998753 0.00321079 -0.0498255 -4.23195 -0.00347877 0.99998 -0.00529084 -0.749709 0.0498076 0.00545748 0.998744 63.0327 
0.998632 0.00419828 -0.0521211 -4.28997 -0.00450449 0.999973 -0.00575734 -0.753933 0.0520956 0.00598416 0.998624 63.9071 
0.998545 0.00415991 -0.0537637 -4.34863 -0.00443262 0.999978 -0.0049526 -0.787267 0.053742 0.00518363 0.998541 64.7413 
0.998437 0.00600068 -0.055561 -4.40184 -0.00623536 0.999972 -0.00404998 -0.823486 0.0555353 0.00439001 0.998447 65.558 
0.998448 0.00557929 -0.0554106 -4.49211 -0.00575567 0.999979 -0.00302258 -0.837187 0.0553927 0.00333673 0.998459 66.3152 
0.998421 0.00868118 -0.0555023 -4.58191 -0.00865082 0.999962 0.000788739 -0.87645 0.0555072 -0.000307438 0.998458 67.0596 
0.998351 0.00979995 -0.0565553 -4.6355 -0.00951229 0.99994 0.00535468 -0.888115 0.0566045 -0.00480797 0.998385 67.8463 
0.998244 0.0126754 -0.0578566 -4.69928 -0.0122578 0.999896 0.00756812 -0.909494 0.0579466 -0.00684572 0.998296 68.6219 
0.998192 0.0145985 -0.0583101 -4.79058 -0.0143949 0.999889 0.00391067 -0.942422 0.0583608 -0.00306431 0.998291 69.3801 
0.998087 0.0145771 -0.0600739 -4.84222 -0.0148273 0.999883 -0.00371955 -0.955387 0.0600128 0.00460308 0.998187 70.1104 
0.997987 0.0141063 -0.0618241 -4.89484 -0.0146573 0.999857 -0.00846657 -0.99087 0.0616959 0.00935561 0.998051 70.8091 
0.997978 0.0144776 -0.061882 -4.95521 -0.0150453 0.999849 -0.00871573 -1.01356 0.0617465 0.00962906 0.998045 71.4778 
0.997939 0.0173127 -0.0617839 -5.04444 -0.0176477 0.999832 -0.00487855 -1.03876 0.0616892 0.00595876 0.998078 72.1646 
0.998058 0.0165464 -0.0600569 -5.18174 -0.0167013 0.999858 -0.00207688 -1.06652 0.0600141 0.00307579 0.998193 72.7902 
0.998062 0.0139873 -0.0606264 -5.2415 -0.0143152 0.999885 -0.00497506 -1.08819 0.0605499 0.00583322 0.998148 73.4228 
0.998127 0.0071274 -0.0607554 -5.27971 -0.00788075 0.999895 -0.0121678 -1.04964 0.0606623 0.0126237 0.998078 74.0471 
0.998309 0.00316484 -0.0580476 -5.35394 -0.00411139 0.99986 -0.0161929 -1.08535 0.0579883 0.0164041 0.998182 74.6467 
0.998462 0.00503018 -0.055207 -5.38629 -0.00592307 0.999854 -0.0160203 -1.11308 0.0551184 0.0163226 0.998346 75.235 
0.998592 0.00981597 -0.0521241 -5.40734 -0.0105328 0.999853 -0.0134944 -1.12102 0.0519841 0.0140244 0.998549 75.8151 
0.998922 0.00812774 -0.0457094 -5.48221 -0.0086166 0.999908 -0.0105063 -1.13455 0.0456199 0.0108887 0.998899 76.3697 
0.99917 0.00418955 -0.0405057 -5.49614 -0.00448835 0.999963 -0.00728659 -1.14122 0.0404738 0.00746227 0.999153 76.9185 
0.999473 -8.77251e-05 -0.0324727 -5.50708 -8.87252e-06 0.999995 -0.002972 -1.16585 0.0324729 0.00297064 0.999468 77.4311 
0.999769 0.00301619 -0.0212576 -5.53371 -0.0030688 0.999992 -0.00243844 -1.1916 0.0212502 0.00250303 0.999771 77.9373 
0.999945 0.00788094 -0.00688226 -5.53106 -0.00790043 0.999965 -0.0027959 -1.20332 0.00686007 0.00285004 0.999972 78.4331 
0.999852 0.0130507 0.0111644 -5.53137 -0.0130235 0.999912 -0.00251323 -1.20715 -0.0111961 0.00236738 0.999934 78.9282 
0.999401 0.0112298 0.0327328 -5.49347 -0.0111396 0.999934 -0.00293844 -1.19895 -0.0327636 0.00257197 0.99946 79.411 
0.998187 0.0079174 0.0596706 -5.46602 -0.00773202 0.999964 -0.00333855 -1.18655 -0.0596949 0.00287104 0.998212 79.867 
0.995921 0.00682742 0.089969 -5.41999 -0.00673403 0.999976 -0.00134253 -1.20033 -0.089976 0.000731119 0.995944 80.3295 
0.99225 0.00636279 0.124092 -5.37146 -0.00645657 0.999979 0.000352901 -1.21235 -0.124087 -0.00115145 0.992271 80.7631 
0.986745 0.00699315 0.162124 -5.28992 -0.00713542 0.999974 0.000294725 -1.20648 -0.162118 -0.00144772 0.98677 81.1919 
0.979177 0.00685505 0.202891 -5.16225 -0.00697101 0.999976 -0.000143496 -1.20961 -0.202887 -0.00127392 0.979201 81.6138 
0.968826 0.00513241 0.247688 -5.05696 -0.00566802 0.999983 0.00144905 -1.23942 -0.247676 -0.00280785 0.968839 81.978 
0.954882 0.00829726 0.296869 -4.92717 -0.00855729 0.999963 -0.000423912 -1.25097 -0.296862 -0.00213568 0.954918 82.3592 
0.93702 0.008502 0.349171 -4.77879 -0.00811323 0.999964 -0.00257617 -1.26497 -0.34918 -0.000419044 0.937055 82.7026 
0.914878 0.00720152 0.403666 -4.58876 -0.00638 0.999974 -0.00338029 -1.29018 -0.403679 0.000517105 0.9149 83.0418 
0.887836 0.00873281 0.460076 -4.38829 -0.00709856 0.999961 -0.00528217 -1.29272 -0.460104 0.00142376 0.887864 83.3732 
0.856363 0.00893622 0.516296 -4.16221 -0.00655007 0.999958 -0.00644341 -1.3025 -0.516332 0.00213607 0.856386 83.6788 
0.819611 0.00803925 0.572863 -3.92461 -0.00338884 0.999952 -0.00918444 -1.30039 -0.57291 0.00558628 0.819599 83.9652 
0.7798 0.00854258 0.625971 -3.66549 -0.00234857 0.99994 -0.0107206 -1.30827 -0.626024 0.0068897 0.779773 84.2416 
0.736901 0.00666253 0.675968 -3.39985 -0.00158331 0.999966 -0.00813007 -1.32897 -0.675998 0.00492075 0.736886 84.4841 
0.691829 0.00617493 0.722035 -3.10192 -0.00339133 0.99998 -0.00530263 -1.34046 -0.722053 0.00121982 0.691836 84.7144 
0.643506 0.00416243 0.76543 -2.79925 -0.00297855 0.999991 -0.00293401 -1.36259 -0.765435 -0.00039186 0.643513 84.9346 
0.594457 0.00388011 0.804118 -2.48717 -0.000689999 0.99999 -0.00431528 -1.36478 -0.804127 0.00201037 0.594454 85.1167 
0.54513 0.00101019 0.838351 -2.15635 0.00559326 0.999973 -0.00484203 -1.37242 -0.838333 0.00732862 0.545109 85.2923 
0.497468 0.00469743 0.867469 -1.82405 0.00493777 0.999954 -0.00824663 -1.36143 -0.867468 0.00838578 0.497422 85.4298 
0.448161 0.00705525 0.893925 -1.48307 0.0017442 0.99996 -0.00876667 -1.37521 -0.893951 0.00548805 0.448131 85.5708 
0.401296 0.00938872 0.9159 -1.13662 0.00158101 0.999939 -0.010943 -1.38067 -0.915947 0.0058394 0.401256 85.6905 
0.359275 0.00523738 0.933217 -0.782702 0.00979309 0.999908 -0.00938196 -1.39395 -0.93318 0.0125098 0.35919 85.7682 
0.31812 -0.00127393 0.948049 -0.425053 0.0238814 0.999692 -0.00667025 -1.39487 -0.947749 0.0247627 0.318053 85.8441 
0.282793 -0.00514005 0.959167 -0.0677531 0.0277113 0.999612 -0.00281348 -1.39934 -0.958781 0.0273754 0.282825 85.9109 
0.247819 0.000145913 0.968806 0.297033 0.0238775 0.999695 -0.00625846 -1.39668 -0.968512 0.0246836 0.24774 86.0076 
0.216096 0.00875323 0.976333 0.679116 0.0187365 0.999738 -0.0131102 -1.3864 -0.976192 0.0211261 0.215876 86.0935 
0.186942 0.0127012 0.982289 1.06349 0.0159145 0.999746 -0.0159558 -1.40228 -0.982242 0.0186154 0.186692 86.1569 
0.160573 0.0137887 0.986928 1.44112 0.0173489 0.999708 -0.01679 -1.42128 -0.986871 0.0198181 0.160287 86.2031 
0.138439 0.0158429 0.990244 1.85617 0.02495 0.999499 -0.0194791 -1.42527 -0.990057 0.0274033 0.137975 86.2225 
0.117305 0.0221817 0.992848 2.25888 0.0334463 0.999095 -0.0262731 -1.42193 -0.992532 0.0362891 0.116457 86.252 
0.0970952 0.0289201 0.994855 2.71837 0.0352191 0.998852 -0.0324737 -1.42324 -0.994652 0.0381909 0.0959651 86.3114 
0.0790813 0.0291489 0.996442 3.15469 0.0304109 0.999037 -0.0316384 -1.44122 -0.996404 0.0328047 0.0781187 86.3533 
0.0640074 0.0256781 0.997619 3.59131 0.0302744 0.999159 -0.0276603 -1.45032 -0.99749 0.0319727 0.0631761 86.3746 
0.0472168 0.0226795 0.998627 4.05243 0.0294598 0.999276 -0.0240873 -1.4686 -0.99845 0.0305566 0.0465144 86.4325 
0.0338043 0.0188859 0.99925 4.51149 0.0309251 0.999323 -0.0199336 -1.50114 -0.99895 0.0315758 0.0331974 86.4317 
0.023621 0.0186515 0.999547 5.11496 0.0331252 0.999262 -0.0194291 -1.50904 -0.999172 0.0335691 0.0229858 86.4236 
0.0110914 0.0190818 0.999756 5.61577 0.035661 0.999174 -0.0194664 -1.52752 -0.999302 0.0358682 0.0104017 86.4573 
0.00282141 0.0206759 0.999782 6.16463 0.0380859 0.999059 -0.0207685 -1.53072 -0.99927 0.0381362 0.00203129 86.4709 
-0.00243707 0.0208154 0.99978 6.72198 0.0401183 0.99898 -0.020701 -1.54975 -0.999192 0.040059 -0.00326967 86.4671 
-0.00737277 0.0216138 0.999739 7.28736 0.040655 0.998946 -0.0212969 -1.56765 -0.999146 0.0404874 -0.00824371 86.4532 
-0.0138472 0.0213514 0.999676 7.89742 0.0412615 0.998933 -0.0207641 -1.5924 -0.999052 0.0409606 -0.0147134 86.46 
-0.0178487 0.0219516 0.9996 8.48822 0.0455059 0.998741 -0.0211203 -1.60619 -0.998805 0.0451108 -0.0188251 86.4398 
-0.0211449 0.0214243 0.999547 9.08693 0.0463087 0.998718 -0.020427 -1.63228 -0.998703 0.0458558 -0.0221099 86.4381 
-0.0235731 0.0211932 0.999497 9.76806 0.0448272 0.998792 -0.0201211 -1.64257 -0.998717 0.0443304 -0.0244947 86.4039 
-0.0258787 0.0214044 0.999436 10.4611 0.0479599 0.998646 -0.0201458 -1.65509 -0.998514 0.0474115 -0.0268702 86.3945 
-0.0256357 0.0196791 0.999478 11.0765 0.0524011 0.998458 -0.0183151 -1.69684 -0.998297 0.0519042 -0.0266273 86.3635 
-0.0243833 0.0200065 0.999502 11.7758 0.0556184 0.998278 -0.0186253 -1.7153 -0.998154 0.0551366 -0.025454 86.3443 
-0.0224838 0.0193622 0.99956 12.4696 0.0576135 0.998176 -0.0180395 -1.74475 -0.998086 0.0571826 -0.0235583 86.3532 
-0.0184178 0.0199769 0.999631 13.1945 0.0610824 0.997955 -0.018818 -1.75432 -0.997963 0.0607132 -0.0196004 86.3483 
-0.0138959 0.0189557 0.999724 13.9369 0.0614032 0.997949 -0.0180686 -1.78315 -0.998016 0.0611352 -0.0150314 86.3393 
-0.00980822 0.0173078 0.999802 14.6901 0.0638995 0.997817 -0.0166466 -1.80302 -0.997908 0.0637236 -0.0108928 86.3431 
-0.00641319 0.0166683 0.99984 15.4663 0.0628218 0.997893 -0.016233 -1.81493 -0.998004 0.0627077 -0.00744681 86.3634 
-0.00216044 0.0131911 0.999911 16.2523 0.060276 0.998097 -0.013037 -1.8448 -0.998179 0.0602425 -0.00295143 86.3663 
0.00205158 0.0128193 0.999916 17.0316 0.058723 0.998191 -0.0129178 -1.85573 -0.998272 0.0587446 0.00129508 86.3816 
0.00556766 0.0139806 0.999887 17.8182 0.055865 0.998336 -0.0142701 -1.87399 -0.998423 0.0559382 0.00477737 86.413 
0.00724496 0.0179597 0.999812 18.5974 0.0538266 0.998382 -0.0183241 -1.89069 -0.998524 0.0539493 0.00626653 86.4595 
0.00885455 0.023489 0.999685 19.4202 0.0487852 0.998523 -0.0238939 -1.90714 -0.99877 0.0489814 0.00769556 86.4861 
0.00875808 0.0262123 0.999618 20.2282 0.0465992 0.99856 -0.0265929 -1.93591 -0.998875 0.0468143 0.00752399 86.5099 
0.00883457 0.0259519 0.999624 21.0392 0.0434582 0.998709 -0.0263123 -1.95634 -0.999016 0.0436744 0.00769533 86.5326 
0.0102497 0.0237338 0.999666 21.8405 0.0428911 0.998788 -0.0241528 -2.00197 -0.999027 0.0431243 0.00921928 86.5158 
0.00966874 0.0216879 0.999718 22.6579 0.0430743 0.998828 -0.0220852 -2.04203 -0.999025 0.0432757 0.00872322 86.5501 
0.0102701 0.0207112 0.999733 23.4661 0.0407931 0.998944 -0.021114 -2.07529 -0.999115 0.0409991 0.00941438 86.5689 
0.00976023 0.0220908 0.999708 24.2813 0.038 0.999026 -0.0224468 -2.08492 -0.99923 0.0382081 0.00891127 86.6008 
0.00737963 0.0235199 0.999696 25.0481 0.0356087 0.999083 -0.0237684 -2.10827 -0.999338 0.0357733 0.00653535 86.6663 
0.00527256 0.0244824 0.999686 25.8472 0.0328721 0.999156 -0.0246429 -2.14241 -0.999446 0.0329917 0.00446332 86.6985 
0.00286964 0.0231495 0.999728 26.6629 0.028834 0.999314 -0.0232227 -2.1967 -0.99958 0.0288928 0.00220018 86.6981 
-0.000540333 0.0228347 0.999739 27.4757 0.0271911 0.99937 -0.0228117 -2.21784 -0.99963 0.0271717 -0.00116089 86.6994 
-0.00515642 0.0192203 0.999802 28.294 0.026342 0.999471 -0.0190781 -2.25521 -0.99964 0.0262384 -0.00565999 86.7035 
-0.0105127 0.0170977 0.999798 29.1084 0.024461 0.999559 -0.0168365 -2.28516 -0.999645 0.0242791 -0.0109263 86.6984 
-0.017326 0.0185561 0.999678 29.9234 0.0238896 0.99955 -0.0181398 -2.29563 -0.999564 0.0235676 -0.0177615 86.6999 
-0.0263804 0.0196726 0.999458 30.7168 0.0216803 0.999582 -0.0191029 -2.31756 -0.999417 0.0211646 -0.0267959 86.6897 
-0.0379213 0.0207175 0.999066 31.5492 0.0203402 0.999594 -0.0199565 -2.32716 -0.999074 0.0195644 -0.0383273 86.69 
-0.0478553 0.0192841 0.998668 32.3316 0.0214114 0.999604 -0.0182762 -2.3631 -0.998625 0.0205082 -0.0482492 86.6508 
-0.0581171 0.0195283 0.998119 33.1168 0.0216413 0.999598 -0.0182972 -2.38185 -0.998075 0.0205372 -0.0585164 86.6066 
-0.0696976 0.0188163 0.997391 33.8977 0.0224524 0.999598 -0.0172891 -2.40708 -0.997315 0.0211888 -0.0700921 86.5619 
-0.0804939 0.0186538 0.99658 34.6865 0.0219982 0.999615 -0.0169338 -2.44133 -0.996512 0.0205599 -0.0808732 86.4987 
-0.0914203 0.0188037 0.995635 35.4314 0.0246406 0.999558 -0.0166154 -2.48283 -0.995507 0.023014 -0.0918432 86.4479 
-0.101388 0.0202084 0.994642 36.183 0.0238195 0.999556 -0.0178803 -2.50137 -0.994562 0.0218791 -0.101825 86.3658 
-0.112142 0.0213585 0.993463 36.9361 0.0256278 0.999499 -0.0185954 -2.52857 -0.993362 0.0233749 -0.112633 86.3018 
-0.121902 0.0226023 0.992285 37.6997 0.0259195 0.999472 -0.0195818 -2.54267 -0.992204 0.0233325 -0.122423 86.2209 
-0.130706 0.0225174 0.991165 38.4345 0.0255084 0.999487 -0.0193427 -2.58081 -0.991093 0.0227548 -0.131214 86.1069 
-0.141418 0.0239526 0.98966 39.1888 0.0262493 0.999446 -0.0204386 -2.59614 -0.989602 0.0230875 -0.141969 86.0317 
-0.148546 0.0228042 0.988642 39.9105 0.0275695 0.999441 -0.018911 -2.63217 -0.988521 0.0244473 -0.149091 85.9039 
-0.15629 0.0222065 0.987461 40.6329 0.02924 0.999413 -0.0178474 -2.64509 -0.987278 0.026084 -0.156848 85.8032 
-0.161392 0.0208078 0.986671 41.3433 0.0316553 0.999372 -0.0158978 -2.65768 -0.986382 0.0286675 -0.161949 85.6835 
-0.165689 0.0190869 0.985993 42.0431 0.0349648 0.999298 -0.0134689 -2.67632 -0.985558 0.0322434 -0.16624 85.573 
-0.169024 0.0182688 0.985442 42.7637 0.0340477 0.99934 -0.0126867 -2.68946 -0.985024 0.0314077 -0.169535 85.4705 
-0.169256 0.0173603 0.985419 43.4327 0.0353781 0.999307 -0.0115284 -2.71623 -0.984937 0.032911 -0.169753 85.343 
-0.170527 0.0180073 0.985188 44.0854 0.0357397 0.999288 -0.0120789 -2.7372 -0.984705 0.0331506 -0.171049 85.2523 
-0.169983 0.018714 0.985269 44.7585 0.0362466 0.999262 -0.0127264 -2.75234 -0.98478 0.0335494 -0.170535 85.1503 
-0.167692 0.0202334 0.985632 45.431 0.0359475 0.99925 -0.0143971 -2.76525 -0.985184 0.0330168 -0.168293 85.0599 
-0.161842 0.0213002 0.986587 46.0761 0.0362834 0.999219 -0.015621 -2.77423 -0.986149 0.0332686 -0.162488 84.9416 
-0.153946 0.020905 0.987858 46.6515 0.035841 0.999236 -0.0155605 -2.80942 -0.987429 0.0330104 -0.154578 84.8792 
-0.142548 0.0216151 0.989552 47.2335 0.0349419 0.999248 -0.0167935 -2.81723 -0.989171 0.0321829 -0.143196 84.8034 
-0.130759 0.0216422 0.991178 47.7545 0.0334095 0.99929 -0.0174119 -2.83314 -0.990851 0.030838 -0.131389 84.7849 
-0.113474 0.0239283 0.993253 48.3154 0.0329039 0.999252 -0.0203138 -2.84447 -0.992996 0.0303768 -0.114177 84.734 
-0.0933828 0.026701 0.995272 48.8536 0.0308044 0.999239 -0.0239172 -2.85595 -0.995154 0.0284253 -0.0941343 84.72 
-0.0683654 0.0293559 0.997228 49.3887 0.0291373 0.999199 -0.0274165 -2.88283 -0.997235 0.0271822 -0.069166 84.7044 
-0.0406608 0.0311154 0.998688 49.9053 0.0266418 0.999193 -0.0300465 -2.89619 -0.998818 0.0253852 -0.041457 84.7157 
-0.0066309 0.0297267 0.999536 50.4024 0.0239065 0.999277 -0.0295605 -2.93639 -0.999692 0.0236994 -0.00733677 84.7255 
0.0316709 0.0271004 0.999131 50.9634 0.022539 0.999359 -0.0278212 -2.96297 -0.999244 0.0234005 0.0310398 84.764 
0.0751722 0.022343 0.99692 51.4457 0.0200496 0.999513 -0.0239131 -3.00432 -0.996969 0.0217854 0.0746876 84.806 
0.122003 0.0183153 0.992361 51.9265 0.0179906 0.999625 -0.0206613 -3.02276 -0.992367 0.0203739 0.121627 84.8869 
0.172716 0.0163348 0.984836 52.4095 0.0143847 0.999714 -0.0191044 -3.02299 -0.984866 0.0174662 0.172432 84.9731 
0.22615 0.0144712 0.973985 52.8855 0.00955517 0.999808 -0.0170736 -3.04435 -0.974045 0.0131678 0.225969 85.107 
0.283615 0.0132564 0.958846 53.3574 0.00930002 0.999819 -0.0165738 -3.0755 -0.958893 0.0136179 0.283441 85.258 
0.346247 0.015776 0.938011 53.8186 0.0111318 0.999719 -0.020923 -3.06785 -0.938077 0.0176863 0.345974 85.4159 
0.410402 0.0213316 0.911655 54.2679 0.0109773 0.999538 -0.0283298 -3.07167 -0.911838 0.0216341 0.409979 85.6098 
0.471085 0.0261379 0.881701 54.6551 0.0111587 0.999304 -0.0355863 -3.07422 -0.882017 0.0266028 0.470465 85.8727 
0.530516 0.0302327 0.847136 55.0396 0.00765569 0.999152 -0.0404523 -3.08988 -0.847641 0.027946 0.529834 86.1652 
0.589093 0.0319234 0.807434 55.4199 0.0038704 0.999096 -0.0423251 -3.12171 -0.808056 0.0280585 0.588437 86.468 
0.644535 0.0325792 0.76388 55.7689 0.00280767 0.998984 -0.0449754 -3.1248 -0.764569 0.0311329 0.643789 86.8163 
0.695355 0.0323317 0.717938 56.0528 -2.58911e-05 0.998989 -0.0449636 -3.14344 -0.718666 0.0312471 0.694653 87.1558 
0.742367 0.0298517 0.669328 56.3207 -0.00415575 0.999193 -0.0399544 -3.16373 -0.66998 0.0268793 0.741892 87.5414 
0.784152 0.0332215 0.619679 56.5317 -0.0110799 0.999156 -0.039545 -3.1223 -0.62047 0.0241433 0.783858 87.9333 
0.822737 0.0319213 0.567525 56.7434 -0.0160058 0.999327 -0.0330054 -3.15034 -0.568197 0.0180711 0.822694 88.327 
0.856309 0.0283308 0.515686 56.9517 -0.0174713 0.999512 -0.0259 -3.15588 -0.516168 0.0131687 0.856386 88.7605 
0.883787 0.0320223 0.466793 57.1139 -0.0244725 0.999453 -0.0222291 -3.15874 -0.467249 0.00822213 0.884087 89.2005 
0.905841 0.0339031 0.422259 57.2697 -0.0289571 0.999416 -0.0181235 -3.1733 -0.422627 0.00418951 0.906294 89.6626 
0.922208 0.0403257 0.384585 57.3884 -0.037814 0.999185 -0.0140946 -3.20681 -0.38484 -0.0015446 0.922982 90.0808 
0.935716 0.0450677 0.349865 57.5144 -0.0426835 0.998983 -0.0145265 -3.21719 -0.350163 -0.00134086 0.936688 90.5377 
0.946676 0.0465957 0.3188 57.6538 -0.0447684 0.998912 -0.0130613 -3.23876 -0.319062 -0.00190742 0.947732 91.0017 
0.953546 0.0423738 0.298251 57.7684 -0.0404638 0.999102 -0.012579 -3.25109 -0.298516 -7.37691e-05 0.954405 91.4323 
0.958411 0.0410669 0.282422 57.9047 -0.0388824 0.999155 -0.013338 -3.2514 -0.282731 0.00180199 0.959198 91.9094 
0.961929 0.0454697 0.269489 58.028 -0.0435609 0.998965 -0.0130626 -3.26262 -0.269804 0.000826065 0.962915 92.4039 
0.964124 0.0518982 0.260328 58.1323 -0.0503104 0.998652 -0.0127638 -3.26693 -0.260639 -0.000791384 0.965436 92.9021 
0.964725 0.0593346 0.256485 58.209 -0.0577061 0.998237 -0.0138784 -3.28047 -0.256856 -0.00141203 0.966448 93.4314 
0.965407 0.0648809 0.252547 58.3404 -0.0622416 0.997891 -0.018435 -3.28024 -0.25321 0.00207833 0.967409 93.9284 
0.965206 0.0662899 0.252949 58.4474 -0.0632884 0.997795 -0.019994 -3.31169 -0.253716 0.00328957 0.967273 94.4783 
0.964582 0.0642001 0.255851 58.5812 -0.0599685 0.997904 -0.0243152 -3.31618 -0.256876 0.00811093 0.96641 95.0159 
0.963597 0.0639685 0.259595 58.721 -0.0581134 0.997854 -0.0301754 -3.34805 -0.260968 0.0139909 0.965246 95.5745 
0.962609 0.0645426 0.263095 58.8762 -0.0571595 0.997729 -0.0356293 -3.35496 -0.264797 0.0192587 0.964112 96.1149 
0.961538 0.0677972 0.266171 59.0421 -0.0610211 0.997569 -0.033656 -3.39128 -0.267806 0.0161194 0.963338 96.6715 
0.959779 0.0713524 0.271537 59.1934 -0.0661159 0.997408 -0.0283969 -3.43644 -0.272859 0.00930179 0.962009 97.2322 
0.958599 0.0681218 0.276492 59.353 -0.0638577 0.99766 -0.0244082 -3.44985 -0.277507 0.00574152 0.960706 97.8353 
0.95789 0.063219 0.28009 59.54 -0.0598233 0.997995 -0.0206655 -3.44974 -0.280835 0.00303925 0.959751 98.4308 
0.957041 0.0601077 0.283655 59.7188 -0.0580261 0.998191 -0.0157436 -3.47628 -0.284088 -0.0013922 0.958797 99.0511 
0.956468 0.0548389 0.286639 59.8991 -0.0525328 0.998495 -0.0157358 -3.48218 -0.287071 -7.27843e-06 0.957909 99.6833 
0.956788 0.0509734 0.286283 60.0932 -0.0475246 0.99869 -0.0189869 -3.49662 -0.286876 0.0045609 0.957957 100.303 
0.957071 0.0504368 0.285432 60.2824 -0.045229 0.998668 -0.0248129 -3.53486 -0.286304 0.0108378 0.958078 100.949 
0.957602 0.0524642 0.283276 60.4794 -0.0455209 0.998481 -0.0310428 -3.56313 -0.284474 0.0168316 0.958536 101.574 
0.958335 0.0550932 0.280283 60.6599 -0.0469943 0.998263 -0.0355402 -3.57146 -0.281754 0.0208877 0.959259 102.247 
0.959195 0.0526665 0.277796 60.8515 -0.0457989 0.998465 -0.0311583 -3.59883 -0.279011 0.0171641 0.960135 102.942 
0.959752 0.0486194 0.276609 61.0481 -0.0435228 0.998751 -0.0245387 -3.60923 -0.277456 0.0115122 0.960669 103.646 
0.960639 0.048533 0.273529 61.2377 -0.0453383 0.99881 -0.0179929 -3.64649 -0.274076 0.00488332 0.961695 104.333 
0.960764 0.0520793 0.272435 61.4167 -0.0487347 0.99863 -0.0190339 -3.66294 -0.273053 0.00500994 0.961986 105.06 
0.960992 0.0581205 0.270401 61.589 -0.0536935 0.998275 -0.0237474 -3.67477 -0.271315 0.00830223 0.962455 105.794 
0.962068 0.0596892 0.266198 61.7893 -0.0539692 0.998128 -0.0287587 -3.69517 -0.267417 0.0133012 0.963489 106.529 
0.963327 0.057629 0.262067 61.9806 -0.0510131 0.998186 -0.0319851 -3.7181 -0.263434 0.0174432 0.96452 107.286 
0.964358 0.0557854 0.258652 62.1712 -0.0493113 0.998288 -0.0314562 -3.73186 -0.259964 0.0175805 0.965458 108.062 
0.965622 0.0515992 0.254779 62.3885 -0.0457026 0.998534 -0.0290144 -3.76386 -0.255902 0.0163728 0.966564 108.852 
0.966368 0.0495061 0.252354 62.5952 -0.0442341 0.998669 -0.0265257 -3.79327 -0.253331 0.0144709 0.967271 109.64 
0.967096 0.0460068 0.250217 62.7919 -0.0413498 0.99886 -0.0238405 -3.81733 -0.251029 0.0127095 0.967896 110.417 
0.967527 0.0403419 0.249528 62.9914 -0.0355272 0.999086 -0.0237712 -3.83027 -0.250259 0.0141341 0.968076 111.201 
0.967651 0.0405829 0.249006 63.1765 -0.036353 0.999106 -0.0215644 -3.87236 -0.249658 0.0118146 0.968262 111.977 
0.967359 0.0459364 0.249213 63.3694 -0.0415031 0.998873 -0.0230177 -3.90591 -0.249989 0.0119232 0.968175 112.79 
0.967001 0.0512079 0.249573 63.5644 -0.0459612 0.998583 -0.0268096 -3.93191 -0.250592 0.0144542 0.967985 113.627 
0.966202 0.0600081 0.250705 63.7539 -0.0547278 0.998109 -0.0279873 -3.9707 -0.251911 0.0133208 0.967659 114.464 
0.964884 0.0660513 0.254237 63.9277 -0.0611731 0.99776 -0.0270556 -4.0134 -0.255454 0.010553 0.966763 115.276 
0.964055 0.0685173 0.256715 64.1425 -0.0638488 0.997608 -0.0264875 -4.0275 -0.257916 0.00914439 0.966124 116.121 
0.963631 0.0692151 0.258118 64.3752 -0.0645088 0.997561 -0.0266687 -4.0683 -0.259334 0.00904781 0.965745 116.915 
0.96319 0.067725 0.26015 64.5834 -0.0622706 0.997633 -0.0291615 -4.10062 -0.26151 0.0118882 0.965128 117.745 
0.963309 0.0615889 0.261233 64.8172 -0.0560409 0.998017 -0.0286418 -4.12549 -0.262479 0.0129511 0.964851 118.59 
0.963816 0.0544262 0.260953 65.0411 -0.0483765 0.998392 -0.0295561 -4.17101 -0.262142 0.0158626 0.964899 119.428 
0.963618 0.0541655 0.261736 65.2578 -0.0479441 0.998396 -0.0301025 -4.19639 -0.262946 0.0164586 0.96467 120.249 
0.962717 0.0579042 0.264239 65.4481 -0.0527023 0.998252 -0.0267398 -4.23762 -0.265325 0.0118168 0.964086 121.077 
0.962356 0.0587108 0.265376 65.6578 -0.0549459 0.998256 -0.0215955 -4.27405 -0.266181 0.0062012 0.963903 121.903 
0.961951 0.0619915 0.266094 65.8766 -0.0595413 0.998076 -0.017274 -4.309 -0.266653 0.000773041 0.963792 122.746 
0.961543 0.0615261 0.267673 66.0743 -0.0572538 0.998077 -0.0237451 -4.34577 -0.268619 0.00750657 0.963217 123.569 
0.961948 0.0590478 0.266777 66.2992 -0.050775 0.997994 -0.0378088 -4.38277 -0.268474 0.0228244 0.963016 124.372 
0.961954 0.0572003 0.267157 66.4907 -0.0462558 0.997819 -0.0470872 -4.42344 -0.269267 0.0329381 0.962502 125.194 
0.962163 0.053803 0.267109 66.6997 -0.045225 0.998247 -0.0381678 -4.45508 -0.268695 0.0246436 0.96291 126.017 
0.962712 0.0464756 0.266505 66.9168 -0.043553 0.998909 -0.0168701 -4.4971 -0.266998 0.00463393 0.963686 126.836 
0.963253 0.0418099 0.265322 67.1472 -0.0429428 0.999076 -0.00153254 -4.53333 -0.265141 -0.00991752 0.964159 127.67 
0.963541 0.0463482 0.263515 67.3635 -0.0459771 0.998914 -0.00757871 -4.55542 -0.26358 -0.00481333 0.964625 128.458 
0.963831 0.0549668 0.260784 67.5647 -0.0509862 0.998457 -0.0220103 -4.59738 -0.261592 0.00791774 0.965146 129.251 
0.964223 0.0551219 0.259297 67.7693 -0.0489421 0.998344 -0.0302343 -4.61909 -0.260534 0.016462 0.965324 130.051 
0.964986 0.0514113 0.257213 67.9783 -0.0447447 0.998495 -0.0317094 -4.63849 -0.258456 0.0190901 0.965834 130.847 
0.965812 0.0508024 0.254216 68.1801 -0.0447723 0.998563 -0.0294546 -4.68081 -0.255347 0.0170658 0.966699 131.641 
0.966826 0.0499359 0.250508 68.3692 -0.0437552 0.998586 -0.0301856 -4.72278 -0.251661 0.0182232 0.967644 132.433 
0.968065 0.0507132 0.245518 68.5619 -0.0442201 0.998513 -0.0318915 -4.75199 -0.24677 0.0200161 0.968867 133.222 
0.968579 0.0553639 0.242465 68.7548 -0.0490727 0.998285 -0.0319147 -4.79584 -0.243816 0.0190135 0.969635 134.042 
0.968537 0.061352 0.241187 68.9144 -0.0554211 0.997972 -0.0313045 -4.84472 -0.242619 0.0169526 0.969974 134.848 
0.969338 0.0612547 0.237973 69.104 -0.0556061 0.99799 -0.0303839 -4.86747 -0.239356 0.0162195 0.970796 135.636 
0.969743 0.0594346 0.236783 69.2906 -0.0550836 0.99817 -0.0249553 -4.9149 -0.237832 0.0111573 0.971242 136.423 
0.97017 0.0582969 0.235313 69.4726 -0.053903 0.998231 -0.0250678 -4.94903 -0.236359 0.0116358 0.971596 137.225 
0.970843 0.0580549 0.232578 69.6532 -0.0530156 0.998205 -0.0278652 -4.98419 -0.233778 0.0147224 0.972178 138.012 
0.972325 0.0522857 0.227705 69.8251 -0.0463046 0.998429 -0.0315345 -5.02009 -0.228996 0.0201179 0.973219 138.799 
0.974264 0.0489936 0.220021 70.013 -0.0428363 0.998548 -0.0326725 -5.052 -0.221302 0.0224067 0.974948 139.543 
0.975616 0.0480791 0.214153 70.1625 -0.0429517 0.998669 -0.0285351 -5.05688 -0.21524 0.018641 0.976383 140.331 
0.977208 0.0437107 0.207733 70.3273 -0.0407861 0.998999 -0.0183433 -5.12312 -0.208326 0.00945257 0.978014 141.12 
0.978258 0.0415502 0.203188 70.5216 -0.0402872 0.999134 -0.0103502 -5.12251 -0.203443 0.00193922 0.979085 141.911 
0.978913 0.0478146 0.198603 70.6651 -0.0472185 0.998855 -0.00773961 -5.13422 -0.198745 -0.0018014 0.980049 142.711 
0.979759 0.0496644 0.193923 70.7992 -0.0483316 0.998764 -0.0116015 -5.17244 -0.194259 0.00199403 0.980948 143.499 
0.981257 0.0502233 0.186041 70.9367 -0.04709 0.998665 -0.0212261 -5.20697 -0.186859 0.0120675 0.982313 144.289 
0.982479 0.0483679 0.179985 71.0666 -0.0444025 0.998675 -0.0259985 -5.24532 -0.181004 0.0175512 0.983326 145.085 
0.98355 0.0486472 0.173963 71.1783 -0.0451312 0.99869 -0.0241131 -5.28212 -0.174908 0.0158652 0.984457 145.871 
0.98441 0.0551384 0.167024 71.2863 -0.0525397 0.99842 -0.0199416 -5.31837 -0.16786 0.0108553 0.985751 146.686 
0.985345 0.0609578 0.159306 71.3827 -0.0583207 0.998073 -0.0211822 -5.35447 -0.16029 0.0115809 0.987002 147.515 
0.986691 0.0638804 0.149532 71.4675 -0.0605912 0.997812 -0.0264553 -5.37508 -0.150895 0.0170428 0.988403 148.344 
0.98813 0.0615179 0.140762 71.5719 -0.0580594 0.997905 -0.0285504 -5.40874 -0.142224 0.0200389 0.989632 149.158 
0.989352 0.0617503 0.131794 71.6794 -0.0588919 0.997939 -0.0254819 -5.43545 -0.133096 0.017449 0.99095 149.969 
0.989929 0.0661678 0.125147 71.7488 -0.0643138 0.997752 -0.0188026 -5.46105 -0.12611 0.0105645 0.99196 150.785 
0.990582 0.0697265 0.117837 71.8144 -0.0686304 0.997553 -0.0133394 -5.47853 -0.118479 0.00512651 0.992943 151.603 
0.991517 0.0679881 0.110775 71.8788 -0.0673636 0.997684 -0.00937532 -5.50936 -0.111156 0.0018335 0.993801 152.449 
0.992051 0.0698034 0.104701 71.9469 -0.0693872 0.997561 -0.00761825 -5.52071 -0.104977 0.000292707 0.994474 153.271 
0.992443 0.0700368 0.100757 72.0027 -0.0694604 0.997542 -0.00922283 -5.54973 -0.101155 0.00215443 0.994868 154.105 
0.992454 0.0755935 0.0965451 72.0435 -0.0746312 0.997119 -0.0135463 -5.58725 -0.0972909 0.00623871 0.995236 154.916 
0.992362 0.0819641 0.0921959 72.0961 -0.080487 0.996562 -0.0196343 -5.61478 -0.0934882 0.0120636 0.995547 155.728 
0.992531 0.0835972 0.0888498 72.16 -0.0819414 0.996391 -0.0221299 -5.63617 -0.0903791 0.0146841 0.995799 156.533 
0.992594 0.0848606 0.0869268 72.2029 -0.0837826 0.996356 -0.015984 -5.65487 -0.0879663 0.00858264 0.996086 157.36 
0.992566 0.0870922 0.085014 72.2588 -0.0869452 0.996198 -0.00543837 -5.68015 -0.0851644 -0.0019937 0.996365 158.19 
0.992609 0.089124 0.0823628 72.3063 -0.0896537 0.995969 0.00274621 -5.71162 -0.0817859 -0.0101101 0.996599 159.016 
0.993444 0.0847692 0.0766961 72.355 -0.0848996 0.996388 -0.00156632 -5.70235 -0.0765517 -0.00495549 0.997053 159.819 
0.994711 0.0740239 0.0712008 72.4038 -0.073439 0.997241 -0.0108032 -5.72167 -0.071804 0.00551707 0.997403 160.642 
0.995387 0.0715576 0.0639019 72.4479 -0.0706534 0.997368 -0.0163042 -5.725 -0.0649003 0.011714 0.997823 161.458 
0.995458 0.076325 0.056908 72.4744 -0.0755933 0.997027 -0.0149065 -5.74531 -0.0578764 0.0105369 0.998268 162.288 
0.996073 0.0732896 0.0496707 72.4999 -0.0729851 0.997302 -0.00791986 -5.77162 -0.050117 0.00426346 0.998734 163.114 
0.996677 0.0692375 0.0429059 72.5168 -0.0691026 0.997599 -0.00462239 -5.77854 -0.0431228 0.00164204 0.999068 163.943 
0.99756 0.0594566 0.036586 72.5515 -0.0594541 0.99823 -0.00115841 -5.77301 -0.03659 -0.00101968 0.99933 164.77 
0.998051 0.0547278 0.0299969 72.5724 -0.0547375 0.998501 -0.000501155 -5.79306 -0.0299792 -0.00114185 0.99955 165.62 
0.998348 0.0527707 0.022743 72.5905 -0.0526388 0.998593 -0.00636265 -5.81896 -0.0230467 0.00515489 0.999721 166.444 
0.99887 0.0447601 0.0159893 72.586 -0.0445136 0.998889 -0.0154551 -5.84837 -0.0166632 0.0147259 0.999753 167.277 
0.999383 0.0347925 0.00484228 72.6636 -0.0347037 0.999247 -0.0173695 -5.8895 -0.00544288 0.0171906 0.999837 168.064 
0.999304 0.0372398 -0.00228177 72.6514 -0.0372609 0.999255 -0.0100136 -5.89852 0.00190725 0.0100916 0.999947 168.916 
0.998794 0.0484897 -0.00775182 72.6199 -0.0484647 0.998819 0.00338314 -5.91357 0.0079068 -0.00300345 0.999964 169.766 
0.998549 0.0521809 -0.0133034 72.6054 -0.0520143 0.998567 0.0125872 -5.93571 0.0139412 -0.0118771 0.999832 170.599 
0.998464 0.0528043 -0.0167914 72.5724 -0.0526484 0.998567 0.00959767 -5.93602 0.0172742 -0.00869897 0.999813 171.438 
0.99832 0.0545172 -0.0196267 72.5408 -0.0545436 0.998511 -0.000805943 -5.9446 0.0195536 0.00187502 0.999807 172.272 
0.997591 0.0655479 -0.0227008 72.4924 -0.0657974 0.997779 -0.01042 -5.94975 0.0219675 0.0118885 0.999688 173.097 
0.997598 0.0642772 -0.0258128 72.4682 -0.0646328 0.997822 -0.0131827 -5.97266 0.0249093 0.0148193 0.99958 173.923 
0.997894 0.0591467 -0.026614 72.4151 -0.0594092 0.998191 -0.00917982 -5.97678 0.026023 0.0107415 0.999604 174.775 
0.997921 0.0593388 -0.0251304 72.3716 -0.059361 0.998236 -0.000134412 -6.00267 0.0250782 0.00162582 0.999684 175.649 
0.997831 0.0610168 -0.0246893 72.3213 -0.0609077 0.99813 0.00515083 -6.01163 0.0249575 -0.00363597 0.999682 176.531 
0.99785 0.0606399 -0.0248484 72.266 -0.0605413 0.998155 0.00470426 -6.01691 0.0250879 -0.00318988 0.99968 177.385 
0.997893 0.0585985 -0.0278506 72.2436 -0.0587681 0.998257 -0.00530561 -6.02006 0.0274912 0.00693107 0.999598 178.224 
0.998321 0.0487604 -0.0312527 72.2303 -0.0492925 0.998648 -0.016484 -6.03908 0.0304068 0.0179967 0.999375 179.078 
0.998691 0.0381341 -0.0340927 72.2109 -0.0388519 0.999032 -0.0206427 -6.05907 0.0332726 0.0219402 0.999205 179.938 
0.998604 0.0398988 -0.034622 72.1555 -0.0404472 0.999065 -0.0152828 -6.08505 0.0339799 0.0166618 0.999284 180.775 
0.998381 0.0455262 -0.0341032 72.0866 -0.0457226 0.998942 -0.00499747 -6.10502 0.0338397 0.00654858 0.999406 181.628 
0.998215 0.0468233 -0.0370665 72.0573 -0.0468787 0.9989 -0.000624073 -6.13622 0.0369966 0.00236051 0.999313 182.47 
0.998226 0.0452718 -0.0386735 72.0218 -0.0455941 0.998932 -0.00749055 -6.12304 0.0382932 0.00924046 0.999224 183.303 
0.998173 0.0464321 -0.0386484 71.9839 -0.0469912 0.998802 -0.0136822 -6.14265 0.0379668 0.0154732 0.999159 184.127 
0.997833 0.0524718 -0.0397061 71.9355 -0.0530568 0.998496 -0.0138221 -6.15999 0.0389212 0.0158988 0.999116 184.965 
0.99766 0.0558589 -0.0394206 71.8825 -0.0563229 0.998355 -0.010759 -6.18302 0.0387548 0.0129541 0.999165 185.812 
0.99733 0.0611501 -0.0399285 71.8313 -0.0614845 0.998082 -0.00719827 -6.2078 0.0394119 0.00963395 0.999177 186.639 
0.997155 0.0640735 -0.0397114 71.785 -0.0643219 0.997917 -0.00500685 -6.22064 0.039308 0.00754683 0.999199 187.458 
