1 -4.23778e-08 4.22719e-08 0 -4.23778e-08 1 -4.19404e-08 0 4.22719e-08 -4.19404e-08 1 0 
0.999059 -0.00159072 0.0433394 -0.0205101 0.00169809 0.999995 -0.0024426 -0.0636548 -0.0433353 0.00251382 0.999057 0.857366 
0.996174 -0.00629523 0.0871609 0.0736224 0.00698876 0.999946 -0.00765499 -0.0927488 -0.0871079 0.00823477 0.996165 1.84262 
0.991394 -0.00720029 0.13071 0.109571 0.00870984 0.999902 -0.0109815 -0.129924 -0.130618 0.0120254 0.99136 2.66965 
0.984422 -0.00857137 0.175613 0.352535 0.0111418 0.999845 -0.0136565 -0.199955 -0.175469 0.0154003 0.984364 3.64811 
0.975355 -0.0109818 0.220367 0.572934 0.0142801 0.999808 -0.0133807 -0.247814 -0.220177 0.0161977 0.975325 4.56527 
0.963903 -0.011653 0.265999 0.83812 0.0159462 0.999775 -0.0139859 -0.276584 -0.265776 0.0177227 0.963872 5.64975 
0.950796 -0.0146268 0.309471 1.20108 0.0211549 0.999619 -0.0177494 -0.294854 -0.309093 0.0234228 0.950743 6.66045 
0.935839 -0.0166517 0.352033 1.57103 0.0249216 0.999509 -0.0189732 -0.335823 -0.351544 0.026529 0.935795 7.61893 
0.918899 -0.017042 0.394125 1.92548 0.0267846 0.999456 -0.0192317 -0.380015 -0.393583 0.0282284 0.918856 8.47057 
0.899388 -0.0187252 0.436751 2.36354 0.0297215 0.99939 -0.0183571 -0.400609 -0.43614 0.029491 0.899395 9.39008 
0.877872 -0.0206645 0.478449 2.72695 0.0321142 0.99936 -0.0157614 -0.483202 -0.477817 0.0292014 0.877974 10.0489 
0.854982 -0.0223033 0.518177 3.43096 0.0347376 0.999294 -0.0143052 -0.539933 -0.517492 0.0302308 0.855154 10.9919 
0.829216 -0.022416 0.558478 3.80293 0.0351194 0.999311 -0.0120346 -0.605901 -0.557823 0.0295926 0.829432 11.5981 
0.802573 -0.0259828 0.595988 4.4258 0.0408647 0.999099 -0.0114727 -0.666215 -0.595152 0.0335624 0.802912 12.3963 
0.774513 -0.0262626 0.632012 4.97873 0.0429823 0.999013 -0.0111607 -0.73274 -0.631096 0.0358094 0.774878 13.1629 
0.743707 -0.030482 0.66781 5.57373 0.0483116 0.998798 -0.00821243 -0.788231 -0.666758 0.0383706 0.744286 13.8789 
0.711681 -0.0298019 0.701871 6.23227 0.0487227 0.998788 -0.00699453 -0.800966 -0.700811 0.0391748 0.71227 14.6167 
0.676994 -0.0301634 0.73537 7.01739 0.0507792 0.998693 -0.00578394 -0.864533 -0.734235 0.0412572 0.677641 15.3416 
0.643296 -0.0313598 0.764975 7.98772 0.0552802 0.998455 -0.00555608 -0.849374 -0.763619 0.0458622 0.644036 15.9879 
0.606622 -0.0290595 0.794459 8.77829 0.0545007 0.998501 -0.00509212 -0.858242 -0.79312 0.0463875 0.607297 16.6235 
0.568595 -0.0288156 0.822113 9.4578 0.0583061 0.998284 -0.00533569 -0.895737 -0.820549 0.050968 0.5693 17.1747 
0.529447 -0.0278453 0.847886 10.3143 0.0635005 0.997958 -0.00687809 -0.922502 -0.845963 0.0574827 0.530134 17.7718 
0.489143 -0.0277967 0.87176 11.0703 0.0644138 0.997914 -0.00432342 -0.988966 -0.869822 0.0582681 0.489913 18.2879 
0.450577 -0.0293024 0.892256 11.9855 0.0693673 0.997589 -0.00226802 -0.98794 -0.890038 0.0629153 0.451523 18.7306 
0.415361 -0.030246 0.909153 12.8931 0.0748117 0.997197 -0.001004 -0.990049 -0.906575 0.0684323 0.41646 19.0952 
0.38097 -0.0272529 0.924186 13.8129 0.073845 0.997269 -0.00103259 -1.01733 -0.921634 0.0686398 0.381942 19.4374 
0.34908 -0.0279236 0.936677 14.7242 0.074923 0.997188 0.00180517 -1.01796 -0.934093 0.0695485 0.350191 19.7719 
0.318028 -0.0297549 0.947614 15.562 0.0751453 0.997154 0.00609079 -1.05029 -0.945098 0.0692717 0.319359 20.0676 
0.284962 -0.0305657 0.958051 16.5957 0.0755393 0.997099 0.00934302 -1.07537 -0.955558 0.0697081 0.286444 20.3437 
0.252497 -0.0274435 0.967208 17.5889 0.0715886 0.997388 0.00961097 -1.07878 -0.964946 0.0668143 0.253802 20.5973 
0.22232 -0.0260259 0.974626 18.8665 0.0741578 0.997199 0.00971261 -1.04636 -0.972149 0.0701168 0.223627 20.8143 
0.192091 -0.0262263 0.981027 19.9759 0.0734808 0.997221 0.0122711 -1.02577 -0.978622 0.0697294 0.193484 21.0306 
0.162186 -0.0263677 0.986408 21.0054 0.0750161 0.997079 0.0143187 -1.03736 -0.983904 0.0716742 0.163691 21.1908 
0.130273 -0.0273413 0.991101 22.0252 0.0733826 0.997144 0.0178622 -1.0407 -0.988759 0.0704026 0.131908 21.3741 
0.0994266 -0.0275925 0.994662 22.9868 0.0718769 0.997203 0.020478 -1.06532 -0.992445 0.0694572 0.101132 21.568 
0.0711496 -0.0259795 0.997127 24.0315 0.0742242 0.997027 0.0206806 -1.04602 -0.9947 0.0725395 0.0728664 21.6867 
0.0449553 -0.0232368 0.998719 24.9255 0.0783427 0.996732 0.0196641 -0.982903 -0.995912 0.0773583 0.0466288 21.8018 
0.0210375 -0.0227397 0.99952 26.1118 0.0812884 0.99647 0.0209593 -0.980365 -0.996468 0.0808084 0.0228117 21.8846 
-0.00178859 -0.023286 0.999727 27.0011 0.0854736 0.996067 0.0233536 -1.02605 -0.996339 0.0854921 0.000208777 21.967 
-0.0248099 -0.0235095 0.999416 27.6139 0.089611 0.995647 0.0256453 -1.14979 -0.995668 0.0901949 -0.0225952 22.0969 
-0.0405261 -0.0230596 0.998912 28.8264 0.0894808 0.995633 0.026614 -1.13875 -0.995164 0.090462 -0.0382858 22.0716 
-0.0608184 -0.0247849 0.997841 29.7248 0.0945476 0.995054 0.0304783 -1.1398 -0.993661 0.0961971 -0.0581742 22.3307 
-0.077992 -0.0257173 0.996622 30.4863 0.0948614 0.99494 0.0330973 -1.15292 -0.992431 0.0971223 -0.0751578 22.5558 
-0.0926683 -0.0254979 0.99537 31.6406 0.0948307 0.994902 0.0343145 -1.12634 -0.991171 0.0975716 -0.0897779 22.4637 
-0.103487 -0.0216768 0.994395 32.9655 0.0968259 0.994794 0.0317621 -1.05034 -0.989907 0.0995701 -0.100849 22.373 
-0.112787 -0.0185539 0.993446 34.4165 0.0978161 0.994762 0.0296836 -1.05392 -0.988793 0.100523 -0.110381 22.2276 
-0.122437 -0.0157949 0.99235 35.7074 0.0992582 0.994665 0.0280783 -1.0046 -0.9875 0.101937 -0.120216 22.0604 
-0.130939 -0.0157802 0.991265 36.9418 0.0956555 0.995007 0.0284751 -1.0005 -0.986765 0.0985485 -0.128776 21.9379 
-0.137287 -0.0148567 0.99042 38.3929 0.0962646 0.994954 0.0282684 -0.977032 -0.985842 0.0992232 -0.135164 21.8284 
-0.142846 -0.0132811 0.989656 39.9738 0.0974208 0.994866 0.0274126 -0.974512 -0.984939 0.100329 -0.140819 21.6738 
-0.148096 -0.0124544 0.988895 41.0662 0.0961644 0.995001 0.0269327 -1.01832 -0.984286 0.0990851 -0.146158 21.6002 
-0.152246 -0.011323 0.988278 42.4285 0.0983428 0.994798 0.0265476 -0.991614 -0.983438 0.101232 -0.150341 21.4297 
-0.157861 -0.0135889 0.987368 43.4566 0.0931157 0.995245 0.0285846 -0.973911 -0.983061 0.0964519 -0.155845 21.3632 
-0.163916 -0.0166598 0.986333 44.5368 0.0887185 0.995557 0.0315594 -1.03185 -0.982477 0.0926792 -0.16171 21.3521 
-0.16719 -0.0190007 0.985742 45.7365 0.0870957 0.995621 0.0339631 -1.06704 -0.98207 0.0915322 -0.164803 21.2771 
-0.170174 -0.0172272 0.985263 47.1542 0.0907206 0.995327 0.0330722 -1.02602 -0.981229 0.0950117 -0.167815 21.05 
-0.173388 -0.0120497 0.98478 48.4743 0.0916502 0.995389 0.0283161 -0.934891 -0.98058 0.0951649 -0.171484 20.8693 
-0.174563 -0.0104975 0.98459 49.8259 0.0952951 0.995069 0.0275046 -0.899339 -0.980024 0.0986279 -0.172702 20.6693 
-0.174714 -0.0111924 0.984555 51.2347 0.0928158 0.995295 0.027785 -0.875811 -0.980235 0.0962368 -0.172854 20.4244 
-0.173493 -0.00988285 0.984785 52.7407 0.0942458 0.995194 0.0265909 -0.876199 -0.980315 0.0974253 -0.171728 20.1492 
-0.174311 -0.010617 0.984633 54.0449 0.0934066 0.995254 0.0272674 -0.902741 -0.98025 0.0967243 -0.172492 20.069 
-0.174488 -0.0133067 0.984569 55.55 0.0886878 0.995632 0.0291736 -0.97759 -0.980657 0.0924098 -0.172545 20.0082 
-0.174651 -0.0159969 0.9845 57.0553 0.0839669 0.995984 0.0310793 -1.04864 -0.981044 0.0880935 -0.172607 19.9478 
-0.173972 -0.0158611 0.984623 58.6346 0.0837284 0.996011 0.0308383 -1.04326 -0.981185 0.0878059 -0.17195 19.6482 
-0.173455 -0.0144887 0.984735 60.231 0.0797281 0.996403 0.028704 -0.992601 -0.981609 0.08349 -0.171676 19.4324 
-0.174679 -0.0174523 0.984471 61.1665 0.0816702 0.996141 0.0321501 -1.10256 -0.981233 0.0860179 -0.172579 19.3188 
-0.176279 -0.0209158 0.984118 62.1653 0.0827145 0.995923 0.0359827 -1.26646 -0.980859 0.0877438 -0.17383 19.2768 
-0.173775 -0.0220059 0.984539 63.6289 0.0900212 0.995209 0.0381335 -1.24216 -0.980662 0.0952561 -0.170962 18.9723 
-0.171201 -0.0205524 0.985022 65.4643 0.0901958 0.995257 0.0364423 -1.1583 -0.981099 0.0950838 -0.168535 18.5025 
-0.170171 -0.019253 0.985226 67.0431 0.0942452 0.994908 0.0357204 -1.13213 -0.980897 0.0989314 -0.16749 18.2364 
-0.169711 -0.0180962 0.985328 68.2703 0.0963974 0.994732 0.0348722 -1.10835 -0.980768 0.100901 -0.167073 18.0615 
-0.169899 -0.0181417 0.985294 69.9955 0.0936517 0.995008 0.0344692 -1.04734 -0.981001 0.0981308 -0.167351 17.8185 
-0.167242 -0.0194125 0.985725 71.6734 0.0952432 0.994812 0.0357507 -1.04123 -0.981305 0.0998626 -0.164526 17.4567 
-0.166012 -0.0186529 0.985947 73.2946 0.103343 0.993987 0.0362056 -1.02593 -0.980694 0.107901 -0.163086 17.1927 
-0.16774 -0.0204849 0.985618 75.0306 0.0995573 0.994321 0.037609 -0.988716 -0.980791 0.104434 -0.164748 16.9323 
-0.168083 -0.0187588 0.985594 76.8032 0.0989498 0.994448 0.0358022 -0.911166 -0.980794 0.103542 -0.165294 16.6488 
-0.169226 -0.0173595 0.985424 78.4424 0.102411 0.994123 0.0350996 -0.899707 -0.980242 0.106858 -0.166454 16.3625 
-0.168211 -0.0172226 0.9856 80.2257 0.100712 0.994315 0.0345631 -0.850055 -0.980593 0.105076 -0.16552 16.0488 
-0.169533 -0.0162134 0.985391 82.0896 0.102144 0.994191 0.0339316 -0.798685 -0.980217 0.106404 -0.166892 15.7429 
-0.171237 -0.017229 0.985079 83.8474 0.0979405 0.994597 0.0344204 -0.752557 -0.98035 0.102373 -0.168624 15.5177 
-0.16915 -0.0184732 0.985417 85.5991 0.100337 0.994307 0.035863 -0.709019 -0.98047 0.104941 -0.166333 15.2052 
-0.171718 -0.0197116 0.984949 87.2783 0.0965829 0.994646 0.0367441 -0.693551 -0.9804 0.101439 -0.168895 15.0104 
-0.173197 -0.0193264 0.984697 89.0252 0.096845 0.994628 0.0365551 -0.672551 -0.980114 0.101694 -0.170395 14.7037 
-0.175588 -0.0162543 0.984329 90.99 0.0931506 0.995103 0.0330486 -0.550567 -0.980047 0.0974938 -0.173214 14.398 
-0.180729 -0.0161409 0.9834 92.7552 0.0930283 0.995102 0.0334296 -0.538262 -0.979123 0.0975258 -0.178342 14.1662 
-0.185044 -0.0166131 0.98259 94.5257 0.0902771 0.995342 0.0338298 -0.477905 -0.978575 0.0949653 -0.182682 13.8705 
-0.191515 -0.0179297 0.981326 96.2669 0.0876735 0.995524 0.0352994 -0.431442 -0.977566 0.0927966 -0.189086 13.6355 
-0.195699 -0.0179599 0.980499 97.8906 0.0894863 0.995334 0.0360923 -0.439156 -0.976572 0.0948046 -0.193179 13.3666 
-0.200336 -0.0184362 0.979554 99.7593 0.088657 0.99538 0.0368659 -0.438305 -0.975708 0.0942299 -0.197776 13.0091 
-0.203841 -0.0172199 0.978852 101.486 0.0897696 0.995304 0.0362033 -0.406436 -0.974879 0.0952509 -0.201338 12.6561 
-0.206697 -0.0167605 0.978261 103.39 0.0889836 0.995387 0.0358552 -0.341159 -0.97435 0.0944604 -0.204252 12.2467 
-0.212883 -0.0164773 0.976939 105.302 0.087318 0.995536 0.0358182 -0.271749 -0.973168 0.0929294 -0.210494 11.9039 
-0.220952 -0.016688 0.975142 107.257 0.0858491 0.99564 0.0364908 -0.231219 -0.971499 0.0917778 -0.218556 11.5807 
-0.228723 -0.0183204 0.973319 108.988 0.0862508 0.995509 0.0390064 -0.222445 -0.969663 0.0928712 -0.226116 11.325 
-0.234661 -0.0194794 0.971882 110.918 0.0871264 0.995354 0.0409865 -0.201102 -0.968165 0.0942945 -0.231874 10.9579 
-0.241239 -0.0178818 0.970301 112.858 0.0896393 0.995145 0.0406261 -0.16122 -0.966317 0.0967777 -0.238465 10.5576 
-0.247707 -0.0171068 0.968684 114.793 0.0883504 0.995279 0.0401688 -0.1014 -0.964798 0.0955337 -0.245026 10.1155 
-0.254159 -0.0173568 0.967007 116.813 0.0887793 0.995199 0.0411967 -0.0286779 -0.963079 0.0963207 -0.251398 9.66433 
-0.260065 -0.0161045 0.965457 118.753 0.0882191 0.995283 0.0403656 0.0575813 -0.961553 0.0956694 -0.257418 9.19005 
-0.265769 -0.0149008 0.963922 120.744 0.0897944 0.995151 0.0401412 0.0938162 -0.959846 0.097223 -0.263142 8.71271 
-0.272634 -0.0154498 0.961994 122.758 0.0863833 0.99544 0.0404684 0.180782 -0.958232 0.0941333 -0.270056 8.26479 
-0.277772 -0.0157096 0.960519 124.745 0.0921359 0.994821 0.0429153 0.174737 -0.956218 0.100419 -0.274886 7.6786 
-0.282204 -0.0151964 0.959234 126.686 0.0956976 0.994441 0.0439081 0.260898 -0.954569 0.104187 -0.279181 7.1173 
-0.283268 -0.0135511 0.958945 128.585 0.0997459 0.994061 0.0435117 0.335051 -0.95384 0.107976 -0.280234 6.54637 
-0.286275 -0.012542 0.958065 130.5 0.10114 0.993932 0.0432325 0.420474 -0.952794 0.109275 -0.283269 5.99676 
-0.287735 -0.0127959 0.957625 132.533 0.0982736 0.994238 0.042813 0.513211 -0.952655 0.106428 -0.284819 5.36422 
-0.291839 -0.0123519 0.956388 134.639 0.0967339 0.994408 0.042361 0.570363 -0.951563 0.104878 -0.289013 4.77779 
-0.295435 -0.0113227 0.955296 136.607 0.0967245 0.994437 0.0416996 0.656716 -0.950454 0.10472 -0.292696 4.18625 
-0.300752 -0.012121 0.953625 138.532 0.0987993 0.994143 0.043795 0.70334 -0.948571 0.107389 -0.297793 3.59597 
-0.304524 -0.012193 0.952426 140.408 0.0999725 0.993986 0.0446897 0.680202 -0.947244 0.108826 -0.301474 2.942 
-0.308671 -0.0112251 0.951102 142.168 0.0998938 0.994018 0.0441511 0.75054 -0.945909 0.108637 -0.305704 2.33334 
-0.314451 -0.0122763 0.949194 144.034 0.0962579 0.99435 0.0447488 0.793697 -0.944381 0.105439 -0.311493 1.87857 
-0.320011 -0.0124259 0.947332 145.359 0.0987786 0.994027 0.0464059 0.874571 -0.94225 0.108427 -0.316872 1.56687 
-0.323609 -0.0134581 0.946095 147.362 0.0960727 0.994264 0.0470045 0.955535 -0.941301 0.106105 -0.320459 0.8876 
-0.324853 -0.0120868 0.945687 149.297 0.0990886 0.99398 0.0467419 1.02689 -0.940559 0.108891 -0.3217 0.18099 
-0.330821 -0.0118997 0.943618 151.313 0.0953329 0.994384 0.0459624 1.12452 -0.938866 0.105163 -0.327829 -0.424647 
-0.334246 -0.0100791 0.942432 153.025 0.0939366 0.994607 0.043953 1.23037 -0.937793 0.10322 -0.331497 -0.990797 
-0.336915 -0.00697173 0.941509 154.724 0.0982537 0.994252 0.0425219 1.31938 -0.936394 0.106833 -0.334294 -1.60236 
-0.338878 -0.0049181 0.940817 156.116 0.102965 0.993786 0.0422824 1.323 -0.935179 0.1112 -0.336266 -2.12966 
-0.34213 -0.00570157 0.939635 157.958 0.103388 0.993682 0.0436741 1.35566 -0.933947 0.112089 -0.339379 -2.77729 
-0.344246 -0.00463723 0.938868 159.822 0.107001 0.993279 0.0441391 1.39791 -0.932762 0.115655 -0.341436 -3.53904 
-0.348804 -0.00382115 0.937188 161.641 0.109299 0.993002 0.0447276 1.43899 -0.930801 0.118035 -0.345945 -4.21327 
-0.356559 -0.00660249 0.934249 163.417 0.111272 0.992557 0.049482 1.42007 -0.927623 0.1216 -0.353171 -4.83443 
-0.359362 -0.00621311 0.933177 165.206 0.112206 0.992435 0.0498177 1.52257 -0.926428 0.122611 -0.355947 -5.4688 
-0.361815 -0.00680279 0.932225 167 0.110396 0.992625 0.0500906 1.5951 -0.92569 0.121038 -0.358396 -6.13901 
-0.362925 -0.00693807 0.931792 168.986 0.109382 0.992742 0.0499951 1.64362 -0.925376 0.120066 -0.359532 -6.91243 
-0.366098 -0.00489168 0.930564 171.049 0.110162 0.992727 0.0485576 1.73595 -0.924033 0.120289 -0.362896 -7.70173 
-0.369028 -0.00194454 0.929416 173.035 0.109492 0.992943 0.0455514 1.82382 -0.922946 0.118573 -0.366211 -8.43779 
-0.371645 -0.00416 0.928366 174.93 0.102835 0.993652 0.0456196 1.85244 -0.922662 0.112423 -0.368858 -9.1477 
-0.377388 -0.0030756 0.92605 176.619 0.0998053 0.994035 0.0439744 1.87677 -0.920661 0.10902 -0.37483 -9.66511 
-0.384574 -0.00271881 0.92309 178.379 0.0859166 0.995549 0.0387264 1.9496 -0.919087 0.0942019 -0.382629 -10.1783 
-0.388455 -0.0050404 0.921454 180.177 0.0853266 0.995492 0.0414163 1.93666 -0.917509 0.0947129 -0.386274 -10.8283 
-0.392121 -0.00571443 0.919896 182.051 0.0832145 0.995661 0.0416565 2.03273 -0.916142 0.0928831 -0.389944 -11.5748 
-0.398024 -0.00734381 0.917345 183.669 0.0792189 0.995957 0.0423451 2.04709 -0.913948 0.0895255 -0.395833 -12.1662 
-0.405948 -0.0083016 0.913858 185.671 0.0782604 0.99597 0.0438117 2.02453 -0.910539 0.0893042 -0.403662 -12.7517 
-0.411235 -0.00823926 0.911492 187.652 0.075924 0.996175 0.0432591 2.04468 -0.908362 0.0869939 -0.409037 -13.4784 
-0.416146 -0.00979141 0.909245 189.666 0.0736293 0.996296 0.0444276 2.05739 -0.906312 0.0854355 -0.413883 -14.3263 
-0.417953 -0.00727545 0.908439 191.672 0.077059 0.99608 0.0434304 2.18043 -0.905194 0.0881554 -0.415754 -15.2572 
-0.422044 -0.00800682 0.90654 193.536 0.0782248 0.99591 0.045214 2.2427 -0.903194 0.0899963 -0.419691 -16.045 
-0.423853 -0.00477798 0.905718 195.135 0.0826973 0.995605 0.0439523 2.41298 -0.901948 0.0935298 -0.421595 -16.8447 
-0.425527 -0.00287583 0.904941 196.74 0.0858474 0.995357 0.0435308 2.37731 -0.900865 0.0962104 -0.423304 -17.6556 
-0.430293 -0.0034903 0.902683 199.056 0.0842108 0.995476 0.0439908 2.4095 -0.898753 0.0949445 -0.428052 -18.5684 
-0.432802 -0.00100326 0.901489 201.076 0.0870685 0.995278 0.0429089 2.49688 -0.897275 0.0970623 -0.43067 -19.4952 
-0.437047 -0.00140943 0.899437 202.973 0.0845069 0.995511 0.0426229 2.46785 -0.89546 0.0946369 -0.434966 -20.2825 
-0.442328 -0.000548167 0.896853 205.092 0.0821344 0.995773 0.0411173 2.51228 -0.893084 0.0918498 -0.440413 -21.0734 
-0.447022 -0.00286714 0.894518 207.028 0.0771484 0.996145 0.0417465 2.51176 -0.89119 0.0876722 -0.445077 -21.9212 
-0.44885 -0.00129881 0.893606 208.537 0.0759499 0.996325 0.039597 2.64323 -0.890374 0.0856424 -0.447102 -22.8234 
-0.455268 -0.00056911 0.890354 210.403 0.0772011 0.996208 0.0401123 2.71918 -0.887001 0.0869982 -0.453498 -23.4856 
-0.457215 -0.00142356 0.889355 212.301 0.0771469 0.996166 0.0412554 2.77944 -0.886004 0.0874736 -0.455352 -24.4593 
-0.46162 -0.00210405 0.887075 214.092 0.076851 0.996142 0.0423547 2.81772 -0.883743 0.0877244 -0.459678 -25.3131 
-0.46382 -0.00241311 0.885926 216.013 0.0748799 0.996311 0.0419166 2.85972 -0.882759 0.0857799 -0.461928 -26.2778 
-0.469594 -0.00425525 0.882872 217.908 0.0716256 0.996508 0.0429 2.89754 -0.879972 0.0833819 -0.467649 -27.162 
-0.475117 -0.00607384 0.879902 219.919 0.0692823 0.996613 0.0442895 2.93255 -0.877191 0.0820043 -0.473087 -28.1103 
-0.478736 -0.00568861 0.87794 221.971 0.0671206 0.996815 0.0430593 3.05814 -0.875389 0.079542 -0.47683 -29.276 
-0.485252 -0.00740695 0.874343 223.81 0.0651218 0.996881 0.044587 3.07077 -0.871946 0.0785747 -0.483256 -30.0512 
-0.491523 -0.00790914 0.870828 225.548 0.0651713 0.996821 0.0458381 3.03271 -0.868422 0.0792835 -0.489445 -30.7755 
-0.497708 -0.0095824 0.867292 227.525 0.0620342 0.996985 0.0466145 3.04191 -0.865123 0.0770022 -0.495613 -31.6387 
-0.500412 -0.00933756 0.865737 229.703 0.0623812 0.996954 0.0468103 3.12066 -0.863537 0.0774301 -0.498306 -32.8845 
-0.504174 -0.00835364 0.863561 232.135 0.0641087 0.996832 0.0470715 3.23627 -0.861219 0.079094 -0.502042 -34.2303 
-0.507323 -0.00824133 0.861716 234.252 0.0653532 0.996707 0.0480081 3.32979 -0.859274 0.0806715 -0.505114 -35.4381 
-0.509985 -0.00466945 0.860171 236.365 0.0674525 0.996689 0.0454022 3.44402 -0.857535 0.0811751 -0.507981 -36.6867 
-0.515688 -0.00414697 0.856766 238.45 0.0679369 0.996642 0.0457152 3.5443 -0.854078 0.0817808 -0.513675 -37.8216 
-0.519959 -0.00200612 0.854189 240.272 0.0712309 0.996412 0.0456995 3.58303 -0.851216 0.0846066 -0.517951 -38.797 
-0.526406 -0.00211865 0.85023 241.721 0.0711903 0.996375 0.0465591 3.59525 -0.847247 0.0850372 -0.524348 -39.5547 
-0.530027 -0.00115927 0.84798 243.514 0.0718926 0.996337 0.0462982 3.61863 -0.844928 0.0855028 -0.528002 -40.6358 
-0.532834 -0.00267692 0.846216 245.126 0.0695416 0.996474 0.0469402 3.60981 -0.843358 0.0838586 -0.530769 -41.6568 
-0.538612 -0.0019644 0.842552 247.049 0.0713221 0.996302 0.0479164 3.61139 -0.83953 0.085901 -0.53648 -42.6418 
-0.541938 0.00121928 0.840417 249.118 0.0764715 0.995922 0.0478672 3.63681 -0.836932 0.090209 -0.539821 -43.929 
-0.544516 0.0011592 0.83875 250.865 0.0768776 0.995859 0.0485325 3.70526 -0.83522 0.0909078 -0.54235 -45.0066 
-0.548392 0.00321819 0.836215 252.969 0.0767179 0.995969 0.0464788 3.83137 -0.832695 0.0896413 -0.546428 -46.2882 
-0.552699 0.00223995 0.833378 255.269 0.0753421 0.996036 0.0472899 3.89613 -0.829968 0.0889255 -0.550677 -47.7122 
-0.557651 0.000743663 0.830075 257.287 0.074639 0.995994 0.0492507 3.89986 -0.826713 0.0894208 -0.555472 -48.9874 
-0.561486 0.0012387 0.827485 259.174 0.0735835 0.996112 0.0484386 3.99904 -0.824208 0.0880869 -0.559394 -50.2095 
-0.566981 -0.0011834 0.82373 260.987 0.0704773 0.996262 0.0499414 3.99728 -0.82071 0.0863701 -0.564778 -51.1783 
-0.566981 0.00108659 0.82373 262.566 0.0739949 0.996023 0.0496175 4.13962 -0.8204 0.089084 -0.564807 -52.3729 
-0.567085 4.94205e-05 0.823659 263.689 0.0791992 0.99537 0.0544685 4.0832 -0.819843 0.0961214 -0.564463 -53.4399 
-0.566658 0.0024596 0.82395 264.842 0.0911574 0.994044 0.0597245 4.02504 -0.818895 0.108952 -0.563507 -54.5243 
-0.566201 0.0048629 0.824253 265.995 0.103101 0.992547 0.0649671 3.97804 -0.817794 0.121766 -0.562483 -55.6091 
-0.563189 0.00163115 0.826327 266.732 0.0999865 0.992785 0.0661867 4.12495 -0.820257 0.119897 -0.559288 -56.9588 
-0.557484 -0.000874956 0.830187 267.371 0.0983855 0.992883 0.0671137 4.25973 -0.824337 0.119093 -0.55343 -58.3008 
-0.551747 -0.00337541 0.834005 268.018 0.0967907 0.992975 0.0680519 4.3945 -0.828376 0.118271 -0.547545 -59.6383 
-0.553204 -0.00806192 0.833006 268.489 0.0855388 0.994118 0.0664279 4.54102 -0.828642 0.108003 -0.549261 -60.2056 
-0.551497 -0.0124895 0.834083 269.009 0.0712483 0.995529 0.0620164 4.82238 -0.831129 0.0936289 -0.548141 -60.9347 
-0.553058 -0.0189887 0.832927 269.654 0.0611591 0.996118 0.0633182 4.90108 -0.830895 0.0859597 -0.549749 -61.5544 
-0.553639 -0.0224119 0.832455 270.305 0.0570043 0.996273 0.0647339 4.97356 -0.830803 0.0832927 -0.550298 -62.4548 
-0.555309 -0.0244467 0.831284 271.009 0.056032 0.996197 0.0667266 5.0244 -0.829754 0.0836325 -0.551828 -63.243 
-0.55602 -0.0280196 0.830696 271.728 0.0548061 0.996021 0.0702799 5.03494 -0.82936 0.0846043 -0.552272 -63.9611 
-0.560416 -0.0319361 0.827595 272.269 0.050552 0.996074 0.0726694 5.07216 -0.826667 0.0825617 -0.556601 -64.234 
-0.560341 -0.0349832 0.827523 273.013 0.0472733 0.996128 0.074121 5.14533 -0.826912 0.0806527 -0.556517 -64.9904 
-0.558328 -0.0303225 0.829066 273.719 0.0580285 0.995457 0.075487 5.13555 -0.827588 0.090256 -0.554032 -65.7391 
-0.559199 -0.0326054 0.828392 274.604 0.054769 0.99559 0.0761576 5.25692 -0.827223 0.0879574 -0.554947 -66.6462 
-0.563179 -0.0324387 0.825698 275.465 0.0581285 0.995199 0.0787451 5.30697 -0.824288 0.0923442 -0.558589 -67.3256 
-0.556018 -0.0323361 0.830541 276.502 0.059457 0.995136 0.0785487 5.48885 -0.829041 0.093056 -0.551391 -68.5977 
-0.560474 -0.0347301 0.827443 277.73 0.0555324 0.995295 0.0793905 5.61493 -0.826308 0.0904462 -0.555909 -69.5394 
-0.563404 -0.0346072 0.825456 279.202 0.0556882 0.995259 0.0797353 5.81583 -0.824303 0.0908914 -0.558806 -70.8013 
-0.567208 -0.0350386 0.822829 280.919 0.0551962 0.995231 0.0804288 6.03312 -0.821723 0.0910369 -0.562569 -72.3045 
-0.571 -0.0354693 0.820184 282.628 0.054701 0.995202 0.0811201 6.25185 -0.819126 0.0911844 -0.56632 -73.8155 
-0.574779 -0.0358994 0.817521 284.33 0.0542026 0.995173 0.081809 6.47201 -0.816511 0.0913339 -0.570059 -75.3343 
-0.572585 -0.0324725 0.819202 285.809 0.0594971 0.994935 0.0810241 6.72682 -0.817684 0.0951333 -0.567753 -76.7672 
-0.568015 -0.0246516 0.822649 287.243 0.0687671 0.994634 0.077287 6.99239 -0.82014 0.100471 -0.563272 -78.2133 
-0.572745 -0.0266418 0.8193 288.229 0.0664224 0.994677 0.0787782 7.04295 -0.817038 0.0995398 -0.567927 -78.8611 
-0.577258 -0.0304529 0.815993 289.263 0.0591199 0.995123 0.0789611 7.16954 -0.814419 0.0938224 -0.572643 -79.6692 
-0.576271 -0.0317684 0.816641 290.478 0.0538723 0.995594 0.0767454 7.40116 -0.815481 0.0882205 -0.572021 -80.9183 
-0.575276 -0.0330773 0.81729 291.694 0.0486199 0.996032 0.074534 7.62727 -0.816513 0.0826142 -0.571385 -82.1671 
-0.574273 -0.0343794 0.817941 292.912 0.0433632 0.996438 0.0723269 7.84787 -0.817514 0.077004 -0.570737 -83.4155 
-0.577717 -0.0332078 0.815561 294.855 0.0439399 0.996458 0.0716991 8.00146 -0.815053 0.0772575 -0.574212 -84.7615 
-0.581458 -0.0349407 0.812826 297.078 0.0423558 0.996422 0.0731321 8.11728 -0.812473 0.0769511 -0.577898 -86.202 
-0.58415 -0.0361922 0.810839 299.227 0.0405153 0.99646 0.0736657 8.34396 -0.810634 0.0758832 -0.580615 -87.6815 
-0.586802 -0.0391283 0.808785 301.114 0.0407224 0.996142 0.077738 8.41597 -0.808706 0.0785525 -0.582944 -88.9979 
-0.589487 -0.0420887 0.80668 303.036 0.0366037 0.996224 0.0787266 8.53205 -0.806948 0.0759358 -0.585721 -90.3474 
-0.590779 -0.0424602 0.805715 304.811 0.0356396 0.996266 0.0786342 8.70975 -0.806046 0.0751708 -0.58706 -91.7067 
-0.592132 -0.0440548 0.804636 306.606 0.0319984 0.996432 0.0781035 8.90618 -0.805205 0.0719947 -0.588609 -93.1355 
-0.593477 -0.0456548 0.803555 308.399 0.0283577 0.996584 0.077566 9.10103 -0.804351 0.0688207 -0.590155 -94.5678 
-0.594815 -0.0472602 0.802472 310.189 0.0247175 0.996723 0.0770215 9.29429 -0.803482 0.0656487 -0.591698 -96.0036 
-0.596145 -0.0488708 0.801388 311.977 0.0210779 0.996849 0.0764702 9.48594 -0.8026 0.0624789 -0.593237 -97.4429 
-0.59987 -0.0452682 0.798816 314.188 0.0140203 0.99765 0.0670644 9.64311 -0.799975 0.0514296 -0.597825 -98.9084 
-0.606232 -0.0387405 0.794343 316.105 0.0204196 0.997725 0.0642434 9.6849 -0.795025 0.0551666 -0.604062 -100.22 
-0.613644 -0.032458 0.788915 317.914 0.0232327 0.99798 0.0591305 9.73664 -0.789241 0.0546137 -0.61165 -101.439 
-0.61725 -0.0425359 0.785616 319.95 0.0221586 0.997201 0.0714015 9.84561 -0.786455 0.0614808 -0.61458 -102.932 
-0.619965 -0.0513061 0.78295 321.89 0.0170123 0.996746 0.0787869 10.0582 -0.784445 0.0621649 -0.617075 -104.457 
-0.622541 -0.0578599 0.780445 324.09 0.0075399 0.996773 0.0799122 10.2851 -0.782551 0.0556331 -0.620096 -106.193 
-0.62205 -0.062987 0.780439 326.355 -0.00153982 0.996855 0.0792259 10.5683 -0.782976 0.0480808 -0.620191 -108.059 
-0.621513 -0.0681094 0.780437 328.621 -0.0106199 0.996854 0.0785389 10.849 -0.783332 0.0405248 -0.620282 -109.925 
-0.620929 -0.0732266 0.780439 330.886 -0.0196995 0.99677 0.0778513 11.1273 -0.783619 0.0329659 -0.620366 -111.793 
-0.622837 -0.0708365 0.779138 333.104 -0.020682 0.997035 0.0741139 11.3407 -0.782078 0.0300468 -0.622456 -113.534 
-0.62428 -0.0733361 0.777751 335.376 -0.030032 0.997101 0.0699132 11.6071 -0.780623 0.020288 -0.624672 -115.306 
-0.625695 -0.0758545 0.776371 337.643 -0.0393707 0.997063 0.0656872 11.8616 -0.779073 0.0105339 -0.626844 -117.086 
-0.627084 -0.0783915 0.774997 339.907 -0.0486971 0.996922 0.0614364 12.1042 -0.777428 0.000785641 -0.628971 -118.872 
-0.627969 -0.0766353 0.774456 342.039 -0.0460571 0.997055 0.0613168 12.2531 -0.776874 0.00283582 -0.629649 -120.656 
-0.628623 -0.0769117 0.773898 344.031 -0.0470048 0.997036 0.0609065 12.3815 -0.776288 0.00191034 -0.630375 -122.027 
-0.631586 -0.0777146 0.771401 345.845 -0.0456116 0.996965 0.0630943 12.4571 -0.773963 0.00466462 -0.633213 -123.024 
-0.63454 -0.0785068 0.768892 347.655 -0.0442266 0.996886 0.065287 12.5367 -0.771623 0.0074218 -0.636037 -124.027 
-0.637487 -0.0792882 0.76637 349.461 -0.0428498 0.9968 0.0674846 12.6202 -0.769268 0.0101818 -0.638845 -125.036 
-0.640426 -0.0800589 0.763836 351.262 -0.0414812 0.996706 0.0696871 12.7077 -0.766899 0.0129446 -0.641637 -126.053 
-0.643357 -0.0808188 0.761289 353.06 -0.0401209 0.996605 0.0718943 12.7992 -0.764514 0.0157102 -0.644415 -127.076 
-0.644482 -0.0818034 0.760231 354.37 -0.04257 0.996557 0.0711443 12.7651 -0.763434 0.0134883 -0.645745 -128.188 
-0.644112 -0.082375 0.760483 355.565 -0.0466866 0.996565 0.0684046 12.7904 -0.763505 0.0085559 -0.645745 -129.112 
-0.64374 -0.0829444 0.760736 356.76 -0.0508034 0.996548 0.0656651 12.8119 -0.763556 0.0036233 -0.645731 -130.036 
-0.643365 -0.0835115 0.760991 357.955 -0.0549201 0.996506 0.0629258 12.8296 -0.763587 -0.00130941 -0.645703 -130.96 
-0.642988 -0.0840764 0.761247 359.151 -0.0590367 0.99644 0.0601869 12.8434 -0.763598 -0.00624211 -0.645662 -131.883 
-0.643026 -0.0839481 0.761229 360.84 -0.0591155 0.996449 0.0599519 12.9069 -0.763559 -0.00644978 -0.645706 -133.299 
-0.64627 -0.0874079 0.758086 362.646 -0.0603926 0.996161 0.0633733 12.9719 -0.760715 -0.00482653 -0.649067 -134.462 
-0.646735 -0.0906914 0.757304 364.809 -0.0621365 0.99587 0.0661966 13.0833 -0.760179 -0.00424445 -0.649699 -136.106 
-0.647634 -0.0942317 0.756102 367.046 -0.060582 0.99555 0.0721824 13.247 -0.75954 0.000941534 -0.65046 -137.887 
-0.647359 -0.0950795 0.756232 369.052 -0.0575087 0.995453 0.0759271 13.4467 -0.760013 0.00566218 -0.649883 -139.316 
-0.64712 -0.0958278 0.756341 371.223 -0.0525089 0.995315 0.0811792 13.5954 -0.760577 0.0128181 -0.649121 -140.9 
-0.649677 -0.0932697 0.754467 373.109 -0.0524699 0.99558 0.0778946 13.6816 -0.758398 0.0110195 -0.651699 -142.161 
-0.647369 -0.0961813 0.756084 375.201 -0.0567546 0.995335 0.0780222 13.8471 -0.760061 0.00759792 -0.649808 -143.914 
-0.642339 -0.0980245 0.760126 377.109 -0.0607544 0.995179 0.0769964 13.9957 -0.764009 0.00327677 -0.645197 -145.57 
-0.637184 -0.102199 0.763906 378.934 -0.0724228 0.994723 0.0726702 14.209 -0.767302 -0.00901988 -0.641223 -147.155 
-0.631959 -0.106293 0.767678 380.769 -0.0841069 0.994106 0.0684071 14.4115 -0.770424 -0.0213366 -0.637174 -148.732 
-0.631712 -0.105915 0.767934 382.197 -0.0877452 0.994025 0.0649178 14.5964 -0.770221 -0.0263731 -0.637231 -149.58 
-0.629777 -0.110155 0.768925 384.171 -0.0930229 0.993465 0.0661329 14.7277 -0.771186 -0.0298787 -0.635909 -151.152 
-0.62689 -0.116278 0.770382 386.109 -0.100878 0.992591 0.0677288 14.862 -0.772549 -0.0352557 -0.633975 -152.776 
-0.627345 -0.116454 0.769985 388.2 -0.10323 0.992466 0.0659956 15.0999 -0.771869 -0.0380837 -0.63464 -154.424 
-0.625216 -0.11894 0.771335 390.261 -0.106518 0.992075 0.0666376 15.3181 -0.773149 -0.0404986 -0.632931 -156.136 
-0.622061 -0.119852 0.773742 391.956 -0.105362 0.99204 0.0689588 15.3655 -0.775848 -0.0386261 -0.629737 -157.55 
-0.61993 -0.12205 0.775107 393.862 -0.106374 0.991782 0.0710901 15.4654 -0.777413 -0.0383804 -0.627818 -159.134 
-0.618328 -0.124174 0.776048 395.947 -0.110094 0.991388 0.0709112 15.7009 -0.778171 -0.0415916 -0.626674 -160.764 
-0.617231 -0.123942 0.776958 398.041 -0.112047 0.991296 0.0691216 15.8488 -0.778762 -0.0443915 -0.625746 -162.376 
-0.617065 -0.122384 0.777337 399.983 -0.111177 0.991482 0.0678444 15.9666 -0.779019 -0.0445578 -0.625416 -163.921 
-0.615563 -0.122978 0.778433 402.048 -0.112495 0.991346 0.0676566 16.1111 -0.780017 -0.0459227 -0.624071 -165.496 
-0.612257 -0.122686 0.781082 404.029 -0.110456 0.991472 0.0691508 16.2095 -0.782906 -0.043937 -0.620587 -167.235 
-0.607991 -0.121776 0.78455 405.956 -0.108561 0.991637 0.0697891 16.3599 -0.786487 -0.0427406 -0.616126 -168.87 
-0.605886 -0.122942 0.785994 408.045 -0.109192 0.991488 0.0709129 16.5172 -0.788022 -0.0428592 -0.614153 -170.451 
-0.604886 -0.130024 0.785625 409.742 -0.115085 0.990496 0.0753225 16.5849 -0.787952 -0.0448519 -0.614101 -171.721 
-0.603764 -0.131118 0.786306 411.169 -0.117169 0.990264 0.0751604 16.8994 -0.788505 -0.0467515 -0.613248 -172.473 
-0.602343 -0.132065 0.787236 412.55 -0.117442 0.990148 0.0762462 17.0811 -0.78955 -0.046528 -0.611919 -173.132 
-0.599183 -0.132398 0.789589 413.195 -0.119015 0.990003 0.0756875 16.9685 -0.791717 -0.0486226 -0.60895 -173.929 
-0.595761 -0.131049 0.792398 414.003 -0.118277 0.990157 0.074829 16.9078 -0.794405 -0.0491425 -0.605398 -174.765 
-0.592327 -0.129699 0.79519 414.814 -0.117543 0.990309 0.073967 16.8463 -0.797077 -0.0496563 -0.601832 -175.598 
-0.58888 -0.128346 0.797965 415.628 -0.116812 0.99046 0.0731017 16.7839 -0.799734 -0.050164 -0.598255 -176.427 
-0.587818 -0.126502 0.799041 415.564 -0.114284 0.990778 0.0727842 16.7672 -0.80088 -0.0485338 -0.596855 -176.552 
-0.586115 -0.126086 0.800357 416.161 -0.113603 0.990848 0.0729026 16.7878 -0.802224 -0.0481935 -0.595075 -177.485 
-0.587045 -0.124618 0.799905 416.784 -0.111608 0.991104 0.0724971 16.8326 -0.801824 -0.0467169 -0.595731 -177.871 
-0.58923 -0.123227 0.798513 417.482 -0.109222 0.991378 0.0723943 16.9261 -0.800549 -0.044558 -0.597609 -178.335 
-0.582973 -0.12537 0.80276 417.902 -0.109985 0.991106 0.0749128 17.0298 -0.805013 -0.0446193 -0.591577 -179.286 
-0.580915 -0.123419 0.804553 418.262 -0.106653 0.991457 0.0750837 17.0718 -0.806947 -0.0421903 -0.589116 -179.791 
-0.579579 -0.121556 0.805799 418.591 -0.102492 0.991834 0.0759007 17.0959 -0.808445 -0.0385976 -0.587304 -180.267 
-0.578368 -0.121043 0.806745 419.301 -0.101632 0.991917 0.0759648 17.1884 -0.80942 -0.0380552 -0.585996 -180.674 
-0.577865 -0.118346 0.807506 420.157 -0.100549 0.992216 0.0734612 17.2939 -0.809914 -0.0387434 -0.585267 -181.128 
-0.576614 -0.112953 0.809171 421.022 -0.0952173 0.992939 0.0707538 17.4025 -0.811449 -0.0362494 -0.583298 -181.511 
-0.576077 -0.113886 0.809423 421.302 -0.0967271 0.992786 0.0708433 17.3738 -0.811652 -0.0374819 -0.582937 -181.829 
-0.577259 -0.112008 0.808843 422.007 -0.0995177 0.992814 0.06646 17.4624 -0.810474 -0.0421296 -0.584257 -182.171 
-0.577488 -0.112159 0.808658 422.044 -0.100418 0.992755 0.0659808 17.4303 -0.810199 -0.0431007 -0.584567 -182.242 
-0.577488 -0.112159 0.808658 422.081 -0.100418 0.992755 0.0659808 17.4334 -0.810199 -0.0431007 -0.584567 -182.267 
-0.577488 -0.112159 0.808658 422.118 -0.100418 0.992755 0.0659808 17.4365 -0.810199 -0.0431007 -0.584567 -182.291 
-0.574259 -0.110094 0.811237 422.601 -0.0980542 0.993033 0.0653549 17.5247 -0.81278 -0.0420146 -0.581053 -182.662 
-0.569426 -0.10842 0.814861 423.126 -0.0961022 0.993247 0.0649985 17.6228 -0.816406 -0.0412981 -0.576 -183.019 
-0.564568 -0.10675 0.818454 423.653 -0.0941521 0.993458 0.0646298 17.7206 -0.819999 -0.0405712 -0.570926 -183.373 
-0.565435 -0.109558 0.817484 424.339 -0.0994585 0.992963 0.0642817 17.625 -0.818774 -0.0449586 -0.572352 -183.739 
-0.567404 -0.109433 0.816136 424.68 -0.100419 0.992928 0.0633237 17.6761 -0.817294 -0.0460251 -0.57438 -184.036 
-0.568811 -0.108787 0.815242 425.115 -0.0999819 0.993009 0.0627489 17.749 -0.816368 -0.0458171 -0.575711 -184.374 
-0.569771 -0.106012 0.814937 425.424 -0.0981285 0.993326 0.0606106 17.789 -0.815924 -0.0454344 -0.576371 -185.031 
-0.56911 -0.105006 0.815529 425.909 -0.0960466 0.993512 0.0608981 17.8948 -0.816633 -0.0436711 -0.575503 -185.667 
-0.570426 -0.107517 0.814281 426.757 -0.096259 0.993314 0.0637241 17.8292 -0.815689 -0.042032 -0.576962 -186.383 
-0.570052 -0.112024 0.813936 427.614 -0.0924449 0.993116 0.0719399 17.6894 -0.816391 -0.0342347 -0.576484 -187.276 
-0.569695 -0.11653 0.813553 428.472 -0.0886236 0.992835 0.08015 17.5604 -0.817064 -0.0264389 -0.575941 -188.17 
-0.570459 -0.113913 0.813388 429.76 -0.0910262 0.993003 0.0752271 17.6424 -0.816266 -0.0311257 -0.576837 -188.693 
-0.57134 -0.109885 0.813324 431.009 -0.0947988 0.993199 0.0675936 17.7688 -0.81522 -0.0384832 -0.577871 -189.023 
-0.574513 -0.111275 0.810896 431.869 -0.0932329 0.993164 0.0702321 17.8397 -0.813168 -0.035253 -0.58096 -189.434 
-0.577008 -0.111852 0.809043 433.791 -0.0928471 0.99314 0.0710853 18.1025 -0.811444 -0.0341006 -0.583434 -190.054 
-0.579497 -0.112425 0.807182 435.711 -0.0924638 0.993114 0.0719396 18.3668 -0.809712 -0.0329463 -0.585902 -190.68 
-0.581982 -0.112995 0.805313 437.629 -0.092083 0.993087 0.072795 18.6325 -0.807971 -0.0317903 -0.588363 -191.311 
-0.584461 -0.113561 0.803436 439.545 -0.0917049 0.993059 0.0736516 18.8995 -0.806223 -0.0306326 -0.590818 -191.949 
-0.586935 -0.114123 0.801551 441.459 -0.0913293 0.993029 0.0745092 19.168 -0.804467 -0.0294731 -0.593266 -192.592 
-0.585317 -0.114586 0.802667 442.966 -0.0890497 0.99306 0.0768294 19.164 -0.8059 -0.0265077 -0.591458 -193.879 
-0.582529 -0.115873 0.804508 444.977 -0.0906977 0.992871 0.0773304 19.3204 -0.807734 -0.0279198 -0.588886 -195.367 
-0.58137 -0.116648 0.805234 446.547 -0.0930688 0.992708 0.0766116 19.4255 -0.808299 -0.0304024 -0.587987 -196.55 
-0.579362 -0.11449 0.806989 448.622 -0.0914777 0.992964 0.0752002 19.7344 -0.809921 -0.0302533 -0.585759 -198.074 
-0.577346 -0.112332 0.808735 450.702 -0.08989 0.993215 0.0737841 20.0396 -0.811536 -0.0300983 -0.583526 -199.591 
-0.575322 -0.110173 0.810473 452.787 -0.0883058 0.993461 0.0723633 20.3412 -0.813146 -0.0299372 -0.58129 -201.103 
-0.573291 -0.108015 0.812201 454.877 -0.0867251 0.993703 0.0709378 20.6392 -0.814749 -0.0297702 -0.579049 -202.609 
-0.571252 -0.105856 0.81392 456.971 -0.0851479 0.993941 0.0695077 20.9335 -0.816346 -0.0295971 -0.576804 -204.109 
-0.569205 -0.103697 0.81563 459.07 -0.0835742 0.994174 0.068073 21.2241 -0.817937 -0.0294181 -0.574555 -205.603 
-0.567151 -0.101539 0.817331 461.174 -0.0820041 0.994402 0.0666336 21.5109 -0.819521 -0.0292331 -0.572303 -207.091 
-0.565089 -0.0993804 0.819022 463.282 -0.0804376 0.994626 0.0651897 21.7941 -0.821099 -0.0290422 -0.570046 -208.574 
-0.56302 -0.0972219 0.820705 465.395 -0.0788746 0.994845 0.0637411 22.0736 -0.822671 -0.0288452 -0.567786 -210.05 
-0.558214 -0.0955954 0.824171 467.492 -0.0768959 0.995026 0.0633308 22.2026 -0.826126 -0.0280232 -0.562788 -211.555 
-0.554351 -0.0971184 0.826597 469.44 -0.0792182 0.994816 0.0637556 22.2872 -0.828504 -0.0301385 -0.559172 -212.921 
-0.554162 -0.0970123 0.826736 471.693 -0.0785611 0.994848 0.0640795 22.4106 -0.828693 -0.0294388 -0.558928 -214.334 
-0.556823 -0.098737 0.824742 473.933 -0.0779388 0.99474 0.0664686 22.5134 -0.826967 -0.0272682 -0.561589 -215.737 
-0.557964 -0.100809 0.823719 475.26 -0.0801635 0.9945 0.0674093 22.5479 -0.825984 -0.0284202 -0.562977 -216.333 
-0.560964 -0.102179 0.82151 476.659 -0.08292 0.994298 0.0670481 22.6358 -0.823677 -0.0305081 -0.566238 -216.759 
-0.564007 -0.102969 0.819325 478.033 -0.0851737 0.994157 0.0663087 22.7068 -0.821366 -0.0323865 -0.569482 -217.146 
-0.565686 -0.106613 0.8177 479.413 -0.0869915 0.993789 0.0693913 22.6793 -0.820019 -0.0318793 -0.571447 -217.686 
-0.567355 -0.110255 0.816058 480.791 -0.0888157 0.993408 0.0724686 22.6569 -0.818669 -0.0313634 -0.573408 -218.229 
-0.569015 -0.113895 0.814401 482.169 -0.0906462 0.993014 0.0755405 22.6396 -0.817316 -0.0308387 -0.575364 -218.775 
-0.571293 -0.112482 0.813002 483.455 -0.0887462 0.993222 0.0750545 22.8602 -0.815934 -0.0292727 -0.577404 -219.185 
-0.572529 -0.113468 0.811995 484.659 -0.0897313 0.9931 0.0755068 22.8361 -0.814959 -0.0296315 -0.57876 -219.617 
-0.57467 -0.116063 0.810114 485.956 -0.0933308 0.992729 0.0760203 22.8106 -0.813046 -0.031922 -0.581323 -219.981 
-0.57342 -0.116796 0.810893 487.012 -0.0949736 0.992589 0.0758066 22.887 -0.813738 -0.0335445 -0.580263 -220.415 
-0.574333 -0.115651 0.810411 487.668 -0.0932856 0.992768 0.0755632 22.9723 -0.813289 -0.0322013 -0.580968 -220.925 
-0.575051 -0.118272 0.809523 488.369 -0.0941005 0.99249 0.078158 22.9808 -0.812688 -0.0312317 -0.581862 -221.427 
-0.57813 -0.124301 0.806421 488.51 -0.100842 0.991636 0.0805558 22.8868 -0.809689 -0.0347492 -0.585829 -221.376 
-0.57834 -0.124987 0.806164 488.917 -0.103318 0.991458 0.0795948 22.9598 -0.809227 -0.0372587 -0.586313 -221.529 
-0.579199 -0.125417 0.805481 489.367 -0.105113 0.991336 0.0787717 22.8935 -0.808381 -0.0390417 -0.587364 -221.713 
-0.580486 -0.125274 0.804576 490.465 -0.107218 0.991251 0.0769829 23.0668 -0.807181 -0.0415779 -0.588838 -222.08 
-0.581584 -0.124832 0.803851 491.41 -0.104767 0.99142 0.0781608 23.1742 -0.806712 -0.0387605 -0.589672 -222.52 
-0.585926 -0.124754 0.800704 492.131 -0.105865 0.991395 0.0769957 23.3117 -0.80342 -0.0396531 -0.594091 -222.732 
-0.590242 -0.123569 0.797712 493.246 -0.108176 0.991409 0.0735322 23.592 -0.799945 -0.0428914 -0.598539 -223.144 
-0.592952 -0.123821 0.795661 494.349 -0.107067 0.991457 0.0745003 23.6666 -0.798088 -0.0410141 -0.601143 -223.314 
-0.593812 -0.123526 0.795065 495.441 -0.10935 0.991366 0.0723543 23.7694 -0.797138 -0.0439753 -0.602193 -223.681 
-0.59597 -0.125264 0.793176 496.64 -0.111496 0.991099 0.0727461 23.8173 -0.795228 -0.0450813 -0.604632 -224.018 
-0.594335 -0.126313 0.794236 498.107 -0.109936 0.991078 0.0753517 23.9154 -0.796668 -0.0425311 -0.602919 -225.153 
-0.592211 -0.127938 0.795561 499.431 -0.106753 0.991069 0.0799121 23.9018 -0.79868 -0.0376034 -0.60058 -226.135 
-0.590088 -0.129574 0.796873 500.757 -0.103555 0.991031 0.0844623 23.8958 -0.80067 -0.0326797 -0.598213 -227.115 
-0.590435 -0.124207 0.79747 502.441 -0.0945555 0.991928 0.0844863 24.0226 -0.801527 -0.0255215 -0.597414 -228.419 
-0.593881 -0.115155 0.796269 503.946 -0.0834619 0.993182 0.0813835 24.1445 -0.800212 -0.0181259 -0.599443 -229.514 
