1 -4.23778e-08 4.22719e-08 0 -4.23778e-08 1 -4.19404e-08 0 4.22719e-08 -4.19404e-08 1 0 
0.999993 -0.00315965 -0.00181243 -0.0104246 0.00316696 0.999987 0.00409233 -0.0432608 0.00179956 -0.00409812 0.99999 1.52078 
0.999994 -0.00270212 0.00208465 -0.183073 0.00269222 0.999985 0.00469746 -0.0637936 -0.00209723 -0.0046919 0.999987 2.91856 
0.999998 0.00123122 0.00165302 -0.262828 -0.00123737 0.999992 0.00367078 -0.0568369 -0.00164841 -0.0036729 0.999992 4.51593 
1 -2.08186e-05 -0.000813459 -0.256538 2.29157e-05 0.999996 0.0026821 -0.0515223 0.000813484 -0.00268221 0.999996 6.07415 
0.999997 -0.000469242 -0.00252931 -0.302755 0.00047612 0.999996 0.00275278 -0.088121 0.0025281 -0.00275406 0.999993 7.60475 
0.99999 0.00058484 -0.00446287 -0.349981 -0.000575586 0.999998 0.00209359 -0.08633 0.00446417 -0.00209108 0.999988 9.10387 
0.999981 -0.00143485 -0.00593228 -0.413804 0.00143841 0.999999 0.000610209 -0.0875153 0.00593149 -0.000618815 0.999982 10.5709 
0.999965 -0.00255965 -0.00792036 -0.440364 0.0025662 0.999996 0.000826696 -0.101361 0.0079183 -0.000847077 0.999968 12.0983 
0.99995 -0.00150243 -0.00987124 -0.485896 0.00150794 0.999999 0.000560078 -0.148421 0.00987047 -0.00057502 0.999951 13.6435 
0.999942 -0.00208329 -0.0105677 -0.512003 0.0020839 0.999998 5.42399e-05 -0.145838 0.0105676 -7.63431e-05 0.999944 15.1825 
0.999896 -0.00115571 -0.0143616 -0.483785 0.0011552 0.999999 -3.76809e-05 -0.152419 0.0143618 2.10018e-05 0.999897 16.6496 
0.99991 -0.000898437 -0.0133834 -0.555198 0.000896997 1 -0.00010737 -0.159436 0.0133836 9.52705e-05 0.99991 18.1867 
0.999868 -0.00208653 -0.0161128 -0.549456 0.00211084 0.999997 0.00149665 -0.204425 0.0161097 -0.00153055 0.999869 19.4836 
0.999858 0.000920858 -0.0168475 -0.603852 -0.000905124 0.999999 0.000946514 -0.221771 0.0168485 -0.000931215 0.999858 20.9441 
0.999809 0.000606074 -0.0195196 -0.60692 -0.000566655 0.999998 0.00202923 -0.291551 0.0195209 -0.00201787 0.999807 22.3606 
0.999796 0.000454843 -0.0201877 -0.632658 -0.000412732 0.999998 0.00209425 -0.305517 0.0201887 -0.00208558 0.999794 23.8235 
0.999769 -0.000236987 -0.021494 -0.661661 0.000342732 0.999988 0.00492007 -0.405002 0.0214927 -0.00492638 0.999757 24.7835 
0.999679 -0.00749344 -0.0241786 -0.676021 0.00772656 0.999924 0.00956615 -0.561921 0.0241052 -0.00974999 0.999662 25.5141 
0.999707 -0.00608399 -0.0234104 -0.766138 0.00626808 0.99995 0.00780175 -0.572138 0.0233618 -0.00794629 0.999695 26.9032 
0.99967 -0.00905127 -0.0240439 -0.829273 0.00926841 0.999917 0.00893855 -0.656103 0.0239611 -0.00915853 0.999671 28.0091 
0.999623 -0.0119295 -0.0247367 -0.88559 0.0122462 0.999844 0.0126951 -0.714064 0.0245815 -0.0129933 0.999613 29.312 
0.999602 -0.0130688 -0.0249894 -0.933104 0.0134184 0.999814 0.0138789 -0.709025 0.0248034 -0.0142088 0.999591 30.649 
0.99957 -0.0151225 -0.0251086 -0.967847 0.0154475 0.999799 0.0128041 -0.711465 0.02491 -0.0131866 0.999603 32.0744 
0.999555 -0.0163862 -0.0249179 -1.02259 0.0166654 0.9998 0.0110437 -0.726465 0.0247321 -0.0114542 0.999628 33.4114 
0.999569 -0.0156234 -0.0248402 -1.06789 0.0158803 0.999822 0.0101822 -0.721962 0.0246768 -0.0105724 0.999639 34.8091 
0.999616 -0.0146093 -0.0235575 -1.14123 0.0147903 0.999862 0.00753226 -0.704976 0.0234443 -0.00787787 0.999694 36.1676 
0.999688 -0.0128598 -0.0213959 -1.24786 0.0130355 0.999882 0.00809529 -0.702025 0.0212894 -0.00837176 0.999738 37.375 
0.999741 -0.0106658 -0.0201198 -1.29071 0.0108829 0.999883 0.0107182 -0.71893 0.0200032 -0.0109345 0.99974 38.6721 
0.999731 -0.0121202 -0.0197922 -1.31951 0.0123678 0.999846 0.0124382 -0.751032 0.0196385 -0.0126797 0.999727 39.8646 
0.99976 -0.0107207 -0.0191194 -1.32072 0.0109636 0.99986 0.0126474 -0.752111 0.0189812 -0.012854 0.999737 41.1074 
0.999799 -0.0118351 -0.0161919 -1.36382 0.0120236 0.99986 0.0116026 -0.754987 0.0160524 -0.0117951 0.999801 42.4506 
0.999841 -0.0112737 -0.0138416 -1.39235 0.0114241 0.999876 0.0108363 -0.778712 0.0137178 -0.0109928 0.999845 43.7118 
0.999897 -0.00985149 -0.010398 -1.4611 0.00994917 0.999906 0.0093921 -0.784616 0.0103046 -0.00949467 0.999902 45.0528 
0.999921 -0.0098935 -0.00772727 -1.44839 0.00996818 0.999903 0.00969789 -0.794317 0.00763066 -0.00977424 0.999923 46.3094 
0.999959 -0.00800098 -0.00421073 -1.45891 0.00804763 0.999905 0.0112011 -0.802548 0.00412079 -0.0112346 0.999928 47.5096 
0.999979 -0.00626932 0.00185827 -1.45982 0.00624862 0.999921 0.010899 -0.82494 -0.00192637 -0.0108872 0.999939 48.7503 
0.999958 -0.0048434 0.00776906 -1.43158 0.00475992 0.999931 0.010718 -0.825033 -0.00782035 -0.0106807 0.999912 50.005 
0.999885 -0.00483873 0.0143762 -1.39197 0.0046611 0.999913 0.0123577 -0.874256 -0.0144346 -0.0122894 0.99982 50.8994 
0.999698 -0.00295002 0.0243797 -1.36155 0.00262358 0.999907 0.0134077 -0.888763 -0.0244169 -0.0133398 0.999613 52.0843 
0.999315 0.000801975 0.0369843 -1.33805 -0.00125383 0.999925 0.0121935 -0.885617 -0.0369717 -0.0122316 0.999241 53.2157 
0.998685 0.00254028 0.0512057 -1.29813 -0.00319376 0.999914 0.0126824 -0.892448 -0.051169 -0.0128294 0.998608 54.3377 
0.997818 0.00565283 0.0657761 -1.19405 -0.00660776 0.999876 0.0143081 -0.911986 -0.065687 -0.0147116 0.997732 55.3413 
0.996479 0.00630732 0.0836017 -1.14227 -0.00757492 0.999861 0.0148528 -0.919288 -0.0834963 -0.0154339 0.996388 56.4371 
0.994628 0.00514837 0.103386 -1.08264 -0.00673713 0.999864 0.0150231 -0.948304 -0.103294 -0.015639 0.994528 57.6061 
0.992558 0.003044 0.121737 -0.934703 -0.00485004 0.999882 0.0145413 -0.948254 -0.121678 -0.0150236 0.992456 58.6025 
0.989691 1.29094e-05 0.143221 -0.81709 -0.00225403 0.999877 0.0154852 -0.960397 -0.143203 -0.0156484 0.98957 59.6578 
0.986297 -0.00326708 0.164944 -0.652777 0.000342313 0.999842 0.0177566 -0.988164 -0.164976 -0.0174569 0.986143 60.7012 
0.98192 -0.00913307 0.189073 -0.480044 0.00544862 0.999785 0.0199971 -1.01131 -0.189215 -0.0186054 0.981759 61.735 
0.976929 -0.0134346 0.213139 -0.25527 0.00966311 0.999778 0.0187266 -0.996044 -0.213344 -0.0162351 0.976842 62.7355 
0.971106 -0.0203805 0.237778 -0.00771751 0.0167693 0.999711 0.0172 -0.988269 -0.23806 -0.0127157 0.971167 63.761 
0.964222 -0.0246253 0.26395 0.258609 0.0208436 0.999636 0.0171183 -0.981286 -0.264275 -0.0110042 0.964384 64.7225 
0.956321 -0.0272748 0.291044 0.551444 0.022414 0.999548 0.0200224 -0.981244 -0.291459 -0.0126245 0.9565 65.7044 
0.947504 -0.0319921 0.318139 0.860504 0.0261507 0.999402 0.022616 -0.973372 -0.318672 -0.0131093 0.947774 66.6322 
0.93709 -0.0347718 0.34735 1.19173 0.0289268 0.999339 0.0219999 -0.959414 -0.347886 -0.0105683 0.937477 67.5583 
0.926283 -0.035149 0.375185 1.55754 0.0304538 0.999366 0.0184384 -0.961664 -0.375595 -0.0056534 0.926766 68.4033 
0.914198 -0.038682 0.403418 1.89951 0.0369154 0.999244 0.012158 -0.977533 -0.403583 0.00377745 0.914935 69.2297 
0.90002 -0.04071 0.433943 2.26608 0.040062 0.99914 0.0106427 -0.995249 -0.434003 0.00780592 0.900877 70.1285 
0.884735 -0.0402771 0.46435 2.69977 0.0384156 0.999171 0.0134726 -0.985741 -0.464508 0.0059185 0.885549 71.0088 
0.867596 -0.0388542 0.495749 3.1591 0.0332189 0.999244 0.0201799 -0.987752 -0.496158 -0.0010399 0.868232 71.8496 
0.849348 -0.0385637 0.526423 3.68683 0.0313296 0.999252 0.0226529 -0.976596 -0.526903 -0.00274765 0.849921 72.6655 
0.828481 -0.0351549 0.558912 4.10252 0.028603 0.999381 0.0204611 -1.01189 -0.559286 -0.000965115 0.828974 73.4092 
0.807402 -0.0283504 0.58932 4.63877 0.0252236 0.99959 0.0135293 -0.997842 -0.589462 0.00394109 0.807786 74.1516 
0.785005 -0.0263499 0.618929 5.20792 0.0238312 0.99964 0.0123322 -1.0056 -0.619031 0.00506893 0.78535 74.905 
0.762604 -0.0285448 0.646235 5.81117 0.0239504 0.999587 0.0158893 -1.00365 -0.646422 0.00336029 0.762973 75.6156 
0.738995 -0.028142 0.673123 6.43844 0.0230605 0.999598 0.0164739 -0.997036 -0.673316 0.00334839 0.739347 76.2834 
0.71488 -0.0265808 0.698742 7.06606 0.0239523 0.999622 0.0135209 -0.9954 -0.698837 0.00707064 0.715246 76.9278 
0.689041 -0.0249852 0.724292 7.67314 0.0237469 0.999647 0.0118926 -1.00495 -0.724333 0.00900513 0.689391 77.5586 
0.663489 -0.0237419 0.747809 8.33115 0.0221328 0.999682 0.0121012 -1.02847 -0.747858 0.00852201 0.663803 78.1263 
0.636056 -0.0234241 0.771288 8.99763 0.0240546 0.999655 0.0105225 -1.0234 -0.771268 0.0118601 0.6364 78.6954 
0.607349 -0.0162503 0.794269 9.69542 0.0216122 0.999759 0.00392838 -1.01853 -0.794141 0.0147799 0.607554 79.2592 
0.577581 -0.00741804 0.8163 10.4127 0.0192989 0.999803 -0.00456963 -1.03319 -0.816105 0.018393 0.57761 79.7955 
0.547517 0.00116661 0.836793 11.1834 0.0173904 0.999767 -0.0127725 -1.04028 -0.836613 0.0215453 0.54737 80.3112 
0.516415 0.00522002 0.856323 11.9586 0.0151364 0.999769 -0.0152228 -1.05326 -0.856205 0.0208229 0.516217 80.7969 
0.484633 0.00522609 0.874702 12.7633 0.0137432 0.999813 -0.0135882 -1.06648 -0.87461 0.0186065 0.48447 81.2435 
0.45228 0.00425158 0.891866 13.6125 0.00982924 0.999904 -0.00975129 -1.08499 -0.891822 0.0131766 0.452195 81.6701 
0.418659 0.0048605 0.908131 14.4196 0.00941724 0.999909 -0.00969328 -1.0947 -0.908095 0.0126102 0.418575 82.0397 
0.38464 0.00683501 0.923041 15.344 0.00292047 0.999958 -0.00862167 -1.11397 -0.923062 0.00601194 0.384604 82.4096 
0.349084 0.00912339 0.937047 16.2144 -0.000224209 0.999953 -0.00965244 -1.10627 -0.937091 0.0031594 0.34907 82.7519 
0.313732 0.00880727 0.949471 17.0469 -0.00306242 0.999961 -0.00826381 -1.12034 -0.949507 -0.000315075 0.313746 83.042 
0.27691 0.00857081 0.960858 17.9626 -0.00535749 0.999958 -0.00737571 -1.14575 -0.960881 -0.00310538 0.276945 83.3248 
0.241648 0.0075107 0.970335 18.8793 -0.00441155 0.999968 -0.00664154 -1.1586 -0.970354 -0.00267578 0.241673 83.5684 
0.207031 0.00691579 0.97831 19.8091 -0.00309958 0.999975 -0.0064131 -1.16181 -0.978329 -0.00170466 0.207047 83.7468 
0.172734 0.00627493 0.984948 20.7415 0.00463332 0.999963 -0.00718325 -1.1734 -0.984958 0.00580436 0.172699 83.9127 
0.1399 0.00858728 0.990128 21.6933 0.00594121 0.999937 -0.00951191 -1.203 -0.990148 0.00721328 0.139841 84.0448 
0.107262 0.0134925 0.994139 22.6981 0.00699128 0.999873 -0.0143247 -1.22039 -0.994206 0.0084868 0.107154 84.1359 
0.0769685 0.0182448 0.996867 23.5969 0.0132135 0.999726 -0.0193174 -1.21765 -0.996946 0.0146589 0.0767063 84.2519 
0.0488348 0.0152835 0.99869 24.5658 0.0139953 0.999774 -0.0159845 -1.27143 -0.998709 0.0147576 0.0486099 84.3741 
0.0262769 0.0124583 0.999577 25.5867 0.0149895 0.999805 -0.0128553 -1.28081 -0.999542 0.015321 0.026085 84.4226 
0.0075638 0.00942116 0.999927 26.5713 0.0180111 0.999792 -0.00955621 -1.31302 -0.999809 0.0180821 0.00739254 84.4142 
-0.0102546 0.0149933 0.999835 27.5138 0.0196375 0.999698 -0.0147899 -1.29958 -0.999754 0.0194826 -0.010546 84.4341 
-0.0259162 0.0203312 0.999457 28.489 0.0210412 0.999583 -0.0197882 -1.31195 -0.999443 0.020517 -0.0263332 84.4244 
-0.0376425 0.0237581 0.999009 29.4817 0.0285826 0.999334 -0.022689 -1.35011 -0.998882 0.0277002 -0.0382965 84.3885 
-0.0446915 0.0261935 0.998657 30.4624 0.0332441 0.999141 -0.0247186 -1.38774 -0.998447 0.0320947 -0.0455239 84.3299 
-0.0531633 0.0324211 0.998059 31.4214 0.0358927 0.998889 -0.0305363 -1.4006 -0.99794 0.0341997 -0.0542679 84.3391 
-0.057022 0.0364673 0.997707 32.4252 0.0374758 0.998706 -0.0343621 -1.45934 -0.997669 0.0354305 -0.0583149 84.2954 
-0.0612569 0.0393019 0.997348 33.4255 0.0404271 0.998502 -0.0368645 -1.52122 -0.997303 0.0380617 -0.062754 84.2542 
-0.0641339 0.0434126 0.996996 34.3845 0.0397428 0.998372 -0.040916 -1.55376 -0.99715 0.0369994 -0.0657548 84.195 
-0.0660711 0.0489703 0.996612 35.4257 0.0411838 0.998078 -0.046312 -1.56984 -0.996965 0.0379844 -0.0679609 84.135 
-0.0663006 0.0519901 0.996444 36.4087 0.0426022 0.997878 -0.0492303 -1.62528 -0.99689 0.0391867 -0.0683748 84.0463 
-0.0674907 0.0536454 0.996277 37.5484 0.046148 0.997652 -0.0505934 -1.65878 -0.996652 0.0425616 -0.0698079 83.9307 
-0.0697608 0.0531145 0.996149 38.5226 0.0470089 0.997647 -0.0499024 -1.70943 -0.996455 0.0433466 -0.0720936 83.8847 
-0.0715304 0.0529526 0.996032 39.5563 0.0476361 0.997632 -0.0496167 -1.78385 -0.9963 0.0438979 -0.0738834 83.8012 
-0.0744811 0.055614 0.99567 40.607 0.0501007 0.997391 -0.0519624 -1.83949 -0.995963 0.0460136 -0.0770731 83.7429 
-0.0756422 0.0569168 0.995509 41.5384 0.0489196 0.997379 -0.0533067 -1.90924 -0.995934 0.0446677 -0.0782283 83.6916 
-0.0785691 0.0583538 0.995199 42.498 0.0490187 0.997304 -0.0546074 -2.00084 -0.995703 0.044493 -0.0812177 83.6578 
-0.0797317 0.0639305 0.994764 43.5226 0.0474676 0.997053 -0.060273 -2.04169 -0.995685 0.0424134 -0.0825313 83.5651 
-0.0811418 0.067432 0.994419 44.5338 0.0454726 0.99692 -0.0638913 -2.12713 -0.995665 0.0400346 -0.0839583 83.5034 
-0.0838698 0.066914 0.994227 45.569 0.0448126 0.996987 -0.0633195 -2.25406 -0.995468 0.0392433 -0.0866157 83.425 
-0.0862419 0.0651802 0.99414 46.5605 0.0421878 0.997201 -0.0617212 -2.31521 -0.995381 0.0366176 -0.0887504 83.3597 
-0.0884379 0.0619913 0.994151 47.5985 0.0387824 0.997519 -0.0587514 -2.37249 -0.995326 0.0333597 -0.0906226 83.2984 
-0.0902694 0.0603389 0.994088 48.6723 0.0395497 0.997593 -0.0569603 -2.44464 -0.995132 0.0341741 -0.0924385 83.1826 
-0.0919017 0.0606993 0.993916 49.7774 0.0405735 0.99754 -0.0571691 -2.50858 -0.994941 0.0350727 -0.0941384 83.1155 
-0.0952276 0.0626885 0.99348 50.7506 0.0430936 0.997339 -0.0588014 -2.59335 -0.994522 0.0372131 -0.0976757 83.0799 
-0.0988802 0.066458 0.992878 51.6685 0.0430283 0.99712 -0.0624569 -2.6385 -0.994169 0.0365461 -0.101455 83.0606 
-0.103051 0.0679621 0.992352 52.6679 0.0396411 0.997151 -0.0641743 -2.70961 -0.993886 0.0327247 -0.105451 83.0305 
-0.105396 0.0648474 0.992314 53.5809 0.0363416 0.997456 -0.0613236 -2.81106 -0.993766 0.0295991 -0.107484 83.0269 
-0.105642 0.0642745 0.992325 54.6541 0.0334219 0.997575 -0.0610565 -2.88997 -0.993842 0.0267152 -0.107534 82.9383 
-0.105324 0.0661486 0.992235 55.7944 0.0303016 0.997535 -0.0632855 -2.95525 -0.993976 0.0234008 -0.107069 82.8141 
-0.10415 0.0666091 0.992328 56.9371 0.0292255 0.997529 -0.0638908 -3.03171 -0.994132 0.022347 -0.10584 82.6809 
-0.105763 0.0660241 0.992197 57.9889 0.0273683 0.997609 -0.0634669 -3.10664 -0.994015 0.0204423 -0.107317 82.6228 
-0.104477 0.0614833 0.992625 59.091 0.0278836 0.997876 -0.0588738 -3.17306 -0.994136 0.021527 -0.105969 82.4836 
-0.10714 0.0521753 0.992874 60.1676 0.0330194 0.998258 -0.0488953 -3.25868 -0.993695 0.0275455 -0.108676 82.413 
-0.107324 0.046696 0.993127 61.2361 0.0379667 0.99836 -0.0428392 -3.31818 -0.993499 0.0331081 -0.10892 82.3129 
-0.107168 0.0491103 0.993027 62.3242 0.04578 0.997964 -0.0444139 -3.38517 -0.993186 0.0407011 -0.109198 82.206 
-0.106576 0.0543123 0.99282 63.4599 0.0520948 0.997441 -0.0489729 -3.45191 -0.992939 0.0465014 -0.109133 82.0995 
-0.105208 0.0598145 0.99265 64.583 0.0554239 0.996991 -0.0542019 -3.5048 -0.992904 0.0493141 -0.108207 81.9677 
-0.106034 0.0646985 0.992255 65.6614 0.0570718 0.996632 -0.0588852 -3.5636 -0.992723 0.0503859 -0.10937 81.907 
-0.104797 0.0629121 0.992502 66.803 0.0548252 0.996845 -0.0573986 -3.62193 -0.992981 0.0483989 -0.107916 81.7938 
-0.100369 0.0583884 0.993235 67.887 0.0547574 0.997088 -0.0530815 -3.69249 -0.993442 0.0490593 -0.103274 81.6089 
-0.100336 0.0569481 0.993322 69.0418 0.0527603 0.99726 -0.0518446 -3.75336 -0.993554 0.0472061 -0.103066 81.5119 
-0.100281 0.0566586 0.993344 70.1788 0.0507693 0.997368 -0.0517629 -3.82888 -0.993663 0.0452406 -0.102894 81.4063 
-0.0987797 0.0623373 0.993155 71.2785 0.0540643 0.996898 -0.0571951 -3.91407 -0.99364 0.0480445 -0.101844 81.3061 
-0.0976096 0.0649789 0.993101 72.4052 0.0554776 0.99667 -0.0597597 -3.99101 -0.993677 0.0492618 -0.100889 81.1913 
-0.0978203 0.0652142 0.993065 73.5231 0.0550413 0.996678 -0.0600298 -4.02145 -0.993681 0.0487874 -0.101085 81.1196 
-0.0963088 0.0584722 0.993632 74.7829 0.0558829 0.997016 -0.0532549 -4.07575 -0.993781 0.0503981 -0.099289 80.9704 
-0.0976151 0.0567368 0.993606 75.9437 0.0560813 0.997101 -0.0514269 -4.15984 -0.993643 0.0507026 -0.100514 80.8804 
-0.0972864 0.0612181 0.993372 77.06 0.054678 0.996928 -0.0560824 -4.19212 -0.993753 0.0488595 -0.100335 80.7997 
-0.0978243 0.0662863 0.992994 78.2007 0.0530092 0.99671 -0.0613122 -4.22863 -0.993791 0.04664 -0.101016 80.7277 
-0.100899 0.0702845 0.992411 79.385 0.0505028 0.996577 -0.0654451 -4.21953 -0.993614 0.0435162 -0.104103 80.67 
-0.103249 0.0648715 0.992538 80.5399 0.0506993 0.996917 -0.0598838 -4.34049 -0.993362 0.044138 -0.10622 80.6047 
-0.103007 0.0653067 0.992534 81.7718 0.0538915 0.996743 -0.0599908 -4.38727 -0.99322 0.0473097 -0.106191 80.5091 
-0.10333 0.0654234 0.992493 82.9104 0.0541105 0.996726 -0.060069 -4.46049 -0.993174 0.0474974 -0.106531 80.4413 
-0.101495 0.065337 0.992688 84.0774 0.0574947 0.996558 -0.0597134 -4.54476 -0.993173 0.0510137 -0.104902 80.3297 
-0.100787 0.0655339 0.992747 85.2514 0.0580758 0.996514 -0.0598867 -4.61141 -0.993212 0.0516189 -0.104241 80.2386 
-0.0984668 0.0672984 0.992862 86.5154 0.059073 0.996346 -0.0616761 -4.67682 -0.993385 0.0525783 -0.102083 80.1373 
-0.100354 0.0667125 0.992713 87.7633 0.0600933 0.996334 -0.0608811 -4.75332 -0.993135 0.0535457 -0.103995 80.1071 
-0.100084 0.0654728 0.992822 88.9839 0.0580099 0.996519 -0.0598689 -4.8364 -0.993286 0.0516016 -0.103534 80.0043 
-0.0980909 0.0638406 0.993128 90.194 0.0594895 0.996532 -0.0581838 -4.93529 -0.993398 0.0533733 -0.101549 79.895 
-0.0942987 0.0660335 0.993351 91.3635 0.0565157 0.996544 -0.0608808 -4.99303 -0.993938 0.050399 -0.0977047 79.7402 
-0.0909009 0.0687038 0.993487 92.5718 0.0573198 0.996324 -0.0636555 -5.06659 -0.994209 0.0511601 -0.0945049 79.5975 
-0.0897343 0.0677948 0.993656 93.8104 0.057105 0.996389 -0.0628244 -5.14767 -0.994327 0.0511052 -0.0932818 79.4775 
-0.0887118 0.0642153 0.993985 94.891 0.0453215 0.997146 -0.0603747 -5.26018 -0.995026 0.039693 -0.091369 79.3526 
-0.0863934 0.0662346 0.994057 96.3648 0.0523016 0.996713 -0.0618661 -5.29097 -0.994887 0.0466459 -0.0895736 79.2586 
-0.087012 0.0663769 0.993993 97.5681 0.0508561 0.996773 -0.0621108 -5.35757 -0.994908 0.0451463 -0.0901068 79.1842 
-0.0906912 0.061124 0.994001 98.6738 0.051677 0.997059 -0.0565972 -5.50001 -0.994537 0.0462341 -0.0935832 79.1871 
-0.0900164 0.0568731 0.994315 99.8822 0.048972 0.997413 -0.0526169 -5.63683 -0.994735 0.0439572 -0.0925688 79.08 
-0.0917094 0.0567624 0.994167 101.138 0.0478224 0.997473 -0.0525398 -5.71733 -0.994637 0.0427251 -0.0941922 78.9838 
-0.0937266 0.0565047 0.993993 102.389 0.0480329 0.997482 -0.052174 -5.80022 -0.994439 0.0428543 -0.0962047 78.8782 
-0.0974795 0.0568047 0.993615 103.697 0.0473024 0.997506 -0.0523866 -5.84797 -0.994113 0.0418938 -0.0999233 78.7812 
-0.0999353 0.0512914 0.993671 104.928 0.0422061 0.99799 -0.0472697 -5.92996 -0.994098 0.0372151 -0.101899 78.6786 
-0.107354 0.0528326 0.992816 106.083 0.0406658 0.997985 -0.0487105 -5.96302 -0.993389 0.0351444 -0.109286 78.6334 
-0.114031 0.060934 0.991607 107.326 0.0351444 0.99774 -0.0572695 -6.01706 -0.992855 0.0283189 -0.115915 78.535 
-0.121441 0.0654975 0.990435 108.519 0.03462 0.997493 -0.0617194 -6.06157 -0.991995 0.0267936 -0.123404 78.4314 
-0.129617 0.0600119 0.989746 109.714 0.0350228 0.997821 -0.0559149 -6.16301 -0.990945 0.0274162 -0.131437 78.2743 
-0.143897 0.0588516 0.987841 110.94 0.0359242 0.997883 -0.0542169 -6.24172 -0.98894 0.0276857 -0.145707 78.16 
-0.158828 0.0606428 0.985442 112.237 0.0353287 0.997822 -0.0557106 -6.29915 -0.986674 0.025966 -0.160625 78.018 
-0.174984 0.0614503 0.982652 113.445 0.0381598 0.997724 -0.0555977 -6.36817 -0.983831 0.0277691 -0.17693 77.8503 
-0.189942 0.0595773 0.979986 114.549 0.042928 0.997706 -0.0523343 -6.44828 -0.980856 0.0321284 -0.192064 77.6866 
-0.205795 0.0637552 0.976516 115.729 0.049874 0.997262 -0.054599 -6.51373 -0.977323 0.0374665 -0.208412 77.4514 
-0.219896 0.0681674 0.973139 116.888 0.0478475 0.997108 -0.0590346 -6.5688 -0.974349 0.0335808 -0.222522 77.1598 
-0.234326 0.071393 0.969533 118.067 0.0480214 0.996932 -0.0618044 -6.65277 -0.970971 0.032076 -0.237035 76.8739 
-0.250559 0.0689549 0.965642 119.229 0.0431234 0.997265 -0.0600237 -6.72843 -0.96714 0.0266023 -0.252848 76.5941 
-0.264117 0.0629774 0.962432 120.376 0.0380106 0.99777 -0.0548587 -6.80847 -0.963741 0.0220936 -0.265922 76.2502 
-0.28363 0.0589195 0.957122 121.572 0.0322143 0.998133 -0.0518979 -6.87927 -0.958393 0.0161132 -0.284998 76.0228 
-0.296295 0.0607508 0.953162 122.711 0.0307795 0.998064 -0.0540447 -6.93227 -0.9546 0.0133247 -0.297591 75.6638 
-0.309284 0.0639407 0.948818 123.836 0.0296524 0.9979 -0.0575827 -6.98411 -0.950507 0.0103253 -0.31053 75.3049 
-0.325174 0.0648161 0.94343 124.909 0.0314889 0.997837 -0.0577007 -7.08944 -0.94513 0.0109448 -0.326512 74.9931 
-0.33746 0.0654839 0.939059 126.068 0.0330863 0.997786 -0.0576893 -7.14531 -0.940758 0.0116022 -0.33888 74.562 
-0.350111 0.0625872 0.934615 127.214 0.0336259 0.997962 -0.0542329 -7.22957 -0.936104 0.0124398 -0.351502 74.1058 
-0.365554 0.0596251 0.928878 128.307 0.032373 0.998157 -0.051332 -7.33219 -0.930227 0.011306 -0.36681 73.7003 
-0.380561 0.0616844 0.922696 129.411 0.0306079 0.998066 -0.054099 -7.39896 -0.924249 0.0076538 -0.381713 73.2602 
-0.394267 0.0640469 0.916762 130.477 0.0318095 0.997922 -0.0560369 -7.48684 -0.918445 0.00706829 -0.395485 72.8102 
-0.408988 0.0666295 0.910104 131.584 0.0333669 0.997756 -0.0580521 -7.55814 -0.91193 0.00662479 -0.410293 72.3217 
-0.424782 0.066964 0.902816 132.561 0.0341726 0.997736 -0.0579261 -7.63623 -0.90465 0.00624558 -0.426109 71.9847 
-0.440675 0.0698988 0.894941 133.622 0.032357 0.997553 -0.0619805 -7.71553 -0.897084 0.00164438 -0.441858 71.5515 
-0.456646 0.0721053 0.886721 134.679 0.0347467 0.997395 -0.0632111 -7.80233 -0.888969 0.00194559 -0.457962 71.0512 
-0.470371 0.0704363 0.879653 135.723 0.0349792 0.997514 -0.0611696 -7.88526 -0.881775 0.00199719 -0.471666 70.4414 
-0.487044 0.0642128 0.871014 136.771 0.0288311 0.997932 -0.0574481 -7.96963 -0.872901 -0.00286745 -0.487888 69.8783 
-0.500652 0.0643893 0.863251 137.744 0.0302608 0.997922 -0.0568844 -8.07402 -0.86512 -0.0023566 -0.50156 69.2237 
-0.516361 0.0636584 0.854002 138.798 0.0283391 0.997957 -0.0572542 -8.15184 -0.855902 -0.00536221 -0.51711 68.6336 
-0.533332 0.0622649 0.843611 139.864 0.0275305 0.998037 -0.0562579 -8.23283 -0.845458 -0.00677907 -0.533999 68.0093 
-0.549156 0.0630682 0.833337 140.904 0.0270327 0.997967 -0.0577136 -8.28423 -0.835283 -0.00916641 -0.549744 67.3353 
-0.563662 0.061289 0.823729 141.953 0.0273936 0.998082 -0.0555169 -8.39701 -0.825551 -0.00872786 -0.56426 66.6229 
-0.578501 0.0592979 0.813523 143.001 0.0262798 0.998191 -0.0540708 -8.44443 -0.815258 -0.00990075 -0.579013 65.9072 
-0.593978 0.0563582 0.802504 143.989 0.0273557 0.998381 -0.0498668 -8.50697 -0.804016 -0.0076667 -0.594558 65.1768 
-0.608296 0.0551727 0.79179 144.928 0.0290329 0.99846 -0.0472691 -8.58449 -0.793179 -0.00576558 -0.608961 64.452 
-0.623024 0.0554256 0.780236 145.981 0.0293137 0.99844 -0.0475189 -8.62863 -0.781653 -0.00673373 -0.623677 63.6545 
-0.63794 0.0565827 0.768005 147.117 0.02792 0.998341 -0.050361 -8.69196 -0.76958 -0.0106846 -0.638461 62.6595 
-0.652374 0.0577657 0.755692 148.04 0.0271801 0.998233 -0.0528417 -8.75086 -0.757409 -0.0139328 -0.652792 61.8935 
-0.668942 0.054235 0.741333 149.017 0.0240118 0.998391 -0.0513741 -8.80077 -0.742926 -0.0165656 -0.669168 61.0856 
-0.685228 0.0468662 0.726819 149.946 0.0189432 0.998737 -0.0465406 -8.85236 -0.728082 -0.0181226 -0.68525 60.243 
-0.702083 0.0437732 0.710748 150.864 0.0167301 0.998847 -0.0449904 -8.9294 -0.711898 -0.0196961 -0.702006 59.3844 
-0.719969 0.0407655 0.692808 151.784 0.0142427 0.998931 -0.0439771 -9.00937 -0.69386 -0.0217947 -0.71978 58.4535 
-0.737302 0.039096 0.674431 152.682 0.0118344 0.998918 -0.0449687 -9.04384 -0.675459 -0.025174 -0.736967 57.4979 
-0.753388 0.0386296 0.65644 153.513 0.0129397 0.998951 -0.0439346 -9.12318 -0.657449 -0.0246057 -0.753097 56.5269 
-0.76939 0.0409499 0.637465 154.322 0.0150596 0.998828 -0.0459872 -9.19821 -0.638602 -0.0257821 -0.769105 55.5892 
-0.784384 0.0396929 0.619004 155.121 0.0166348 0.998938 -0.0429766 -9.26089 -0.620052 -0.0234132 -0.784211 54.6196 
-0.797805 0.0416945 0.601472 155.874 0.0211343 0.998927 -0.0412134 -9.34023 -0.602545 -0.0201685 -0.79783 53.5432 
-0.813942 0.0424993 0.579389 156.587 0.0218538 0.998854 -0.0425671 -9.42615 -0.580534 -0.0219853 -0.813939 52.7513 
-0.827072 0.0442687 0.56035 157.27 0.0223997 0.998698 -0.0458373 -9.46902 -0.56165 -0.025359 -0.826986 51.7399 
-0.841745 0.0450517 0.537992 158.024 0.0251295 0.998701 -0.044314 -9.55851 -0.53929 -0.0237816 -0.841784 50.7368 
-0.853466 0.043054 0.519367 158.693 0.0249117 0.998813 -0.0418618 -9.61432 -0.520553 -0.0227893 -0.853525 49.6429 
-0.864574 0.0457409 0.50042 159.37 0.0284298 0.998706 -0.0421688 -9.69089 -0.501701 -0.0222312 -0.864755 48.56 
-0.874942 0.0477436 0.481868 160.01 0.030056 0.998563 -0.0443643 -9.74425 -0.483294 -0.0243331 -0.87512 47.5293 
-0.884854 0.0458328 0.463608 160.632 0.0280198 0.998583 -0.0452417 -9.81198 -0.465025 -0.0270421 -0.884885 46.4782 
-0.89448 0.0440618 0.444931 161.428 0.0276532 0.998679 -0.0433066 -9.9151 -0.446251 -0.0264331 -0.894517 45.3225 
-0.901564 0.0437023 0.430432 162.04 0.0278285 0.998683 -0.0431093 -9.96356 -0.431749 -0.0268875 -0.901593 44.2026 
-0.911148 0.041044 0.41003 162.763 0.0255563 0.99874 -0.043184 -10.0206 -0.411286 -0.0288681 -0.911049 43.1703 
-0.91766 0.0379868 0.395545 163.323 0.0228539 0.998818 -0.0429023 -10.0755 -0.396708 -0.0303299 -0.917444 41.9257 
-0.923286 0.0266488 0.383188 163.557 0.0136212 0.999234 -0.0366718 -10.2345 -0.383872 -0.0286391 -0.922942 41.0198 
-0.928645 0.0242682 0.370175 164.081 0.0130048 0.999374 -0.0328933 -10.2834 -0.370742 -0.0257321 -0.928379 39.8429 
-0.933924 0.0253906 0.356569 164.595 0.0156198 0.99942 -0.0302553 -10.3176 -0.35713 -0.0226866 -0.933779 38.6778 
-0.937525 0.0300273 0.346619 165.091 0.0197533 0.999256 -0.0331366 -10.3547 -0.347356 -0.0242195 -0.937421 37.4942 
-0.939385 0.0348403 0.341089 165.527 0.0250391 0.999138 -0.0330967 -10.4093 -0.341948 -0.02255 -0.939448 36.3051 
-0.941962 0.0367126 0.333706 165.985 0.0257404 0.998975 -0.0372438 -10.4276 -0.334731 -0.0264925 -0.941941 35.2012 
-0.944135 0.034933 0.327703 166.427 0.0251296 0.999102 -0.0341038 -10.5072 -0.3286 -0.0239635 -0.944165 34.0546 
-0.946566 0.0264546 0.321422 166.86 0.0173836 0.999366 -0.0310592 -10.5598 -0.32204 -0.023812 -0.946426 32.9167 
-0.948458 0.02506 0.315909 167.339 0.0161936 0.999399 -0.0306605 -10.5513 -0.316487 -0.0239645 -0.948294 31.731 
-0.950806 0.0202644 0.309122 167.759 0.0117695 0.999501 -0.0293211 -10.6773 -0.309562 -0.0242405 -0.95057 30.7405 
-0.951755 0.0170603 0.306383 168.117 0.00850163 0.999536 -0.0292475 -10.7725 -0.30674 -0.0252317 -0.951459 29.5899 
-0.952824 0.0173012 0.30303 168.543 0.00827876 0.999484 -0.0310335 -10.825 -0.303411 -0.0270607 -0.952475 28.4014 
-0.952991 0.0177236 0.302478 168.955 0.00865524 0.999473 -0.0312945 -10.885 -0.302873 -0.0272054 -0.952642 27.134 
-0.953548 0.0197103 0.300595 169.419 0.00981198 0.99936 -0.0344036 -10.9103 -0.301081 -0.029856 -0.953131 25.9292 
-0.955434 0.0160624 0.294767 169.832 0.0055521 0.99932 -0.0364588 -10.9661 -0.295152 -0.0331974 -0.954873 25.1461 
-0.956913 0.0117819 0.290134 170.262 -0.000287144 0.999138 -0.0415205 -10.9666 -0.290373 -0.0398148 -0.956085 24.1622 
-0.956588 0.0106117 0.291251 170.671 -0.00176121 0.999108 -0.0421869 -11.0138 -0.291439 -0.0408684 -0.955716 22.9372 
-0.956281 0.0114924 0.292223 171.056 -0.00113285 0.999074 -0.0429983 -11.0752 -0.292447 -0.0414495 -0.955383 21.8092 
-0.955495 0.00774822 0.294905 171.437 -0.00572468 0.99898 -0.0447949 -11.094 -0.294951 -0.0444895 -0.954476 20.6777 
-0.954673 0.0069415 0.297574 171.852 -0.00576534 0.999109 -0.0418025 -11.1577 -0.297599 -0.0416233 -0.953783 19.572 
-0.953633 -0.00179351 0.300966 172.257 -0.0159714 0.998875 -0.044654 -11.1587 -0.300547 -0.0473904 -0.952589 18.4983 
-0.951723 -0.0045567 0.306924 172.664 -0.0179455 0.999005 -0.0408145 -11.2514 -0.306433 -0.0443519 -0.950858 17.3407 
-0.949577 -0.00826241 0.313424 173.095 -0.0220621 0.998936 -0.0405075 -11.3293 -0.312756 -0.0453798 -0.948749 16.2245 
-0.946646 -0.0118634 0.322055 173.515 -0.025712 0.998917 -0.0387811 -11.4402 -0.321246 -0.0449926 -0.945926 15.0554 
-0.944218 -0.0126717 0.329078 174.051 -0.0295238 0.998493 -0.0462635 -11.4392 -0.327996 -0.0533984 -0.943169 13.8453 
-0.940637 -0.011692 0.339213 174.429 -0.0277069 0.998716 -0.0424075 -11.5222 -0.338281 -0.0492886 -0.939753 12.7659 
-0.936165 -0.0162129 0.351186 174.841 -0.0340781 0.998417 -0.04475 -11.632 -0.349904 -0.0538611 -0.935236 11.6364 
-0.931782 -0.0182724 0.362558 175.322 -0.0387721 0.998029 -0.049346 -11.6968 -0.360942 -0.0600368 -0.930654 10.5113 
-0.92603 -0.014679 0.377163 175.81 -0.0341967 0.998397 -0.0451044 -11.8123 -0.375897 -0.0546657 -0.925048 9.28883 
-0.921761 -0.0201523 0.387233 176.289 -0.0401609 0.998239 -0.0436482 -11.892 -0.385672 -0.0557848 -0.920948 8.31741 
-0.915822 -0.0154634 0.401287 176.811 -0.0345305 0.99859 -0.0403259 -11.9766 -0.400097 -0.0507879 -0.915064 7.11887 
-0.910828 -0.014781 0.412522 177.344 -0.0338652 0.998666 -0.0389897 -12.0584 -0.411395 -0.0494831 -0.910113 6.02015 
-0.90865 -0.0168572 0.417217 177.922 -0.0364216 0.998576 -0.0389758 -12.1138 -0.415966 -0.0506111 -0.907971 5.1068 
-0.903929 -0.0163135 0.427372 178.473 -0.0346976 0.998775 -0.0352636 -12.2022 -0.426273 -0.0467046 -0.903388 4.15099 
-0.896687 -0.0166642 0.44235 178.979 -0.0372671 0.998585 -0.0379256 -12.1994 -0.441093 -0.0504925 -0.89604 3.05834 
-0.900326 -0.0152496 0.434948 180.183 -0.0363713 0.998526 -0.0402782 -12.2423 -0.433693 -0.0520832 -0.899554 2.23077 
-0.905375 -0.0217192 0.424058 181.413 -0.0450772 0.997964 -0.0451278 -12.353 -0.422214 -0.0599728 -0.90451 1.48512 
-0.906736 -0.020922 0.421179 182.045 -0.0452792 0.997825 -0.0479125 -12.3706 -0.41926 -0.0625146 -0.905711 0.817212 
-0.897835 -0.0130484 0.440138 182.679 -0.0378016 0.998155 -0.0475199 -12.3404 -0.438706 -0.059303 -0.896672 -0.357517 
-0.887796 -0.0100459 0.460128 183.216 -0.0342725 0.998429 -0.0443287 -12.4428 -0.45896 -0.0551246 -0.886745 -1.45962 
-0.881723 -0.006559 0.471722 184.143 -0.0365036 0.997854 -0.0543566 -12.3399 -0.470353 -0.065147 -0.88007 -2.71821 
-0.873206 -0.00558548 0.48732 184.771 -0.0332485 0.998287 -0.0481344 -12.4573 -0.486216 -0.0582339 -0.871896 -3.69585 
-0.857814 -0.000343948 0.51396 185.351 -0.026811 0.998668 -0.0440801 -12.5285 -0.51326 -0.0515923 -0.856681 -4.88401 
-0.845338 0.00183492 0.534229 185.903 -0.0249886 0.998764 -0.0429713 -12.608 -0.533647 -0.0496749 -0.844247 -5.7697 
-0.834196 0.00401765 0.551453 186.471 -0.0265366 0.998523 -0.0474173 -12.622 -0.550829 -0.054189 -0.832857 -6.49541 
-0.822751 0.00306365 0.568393 187.028 -0.0280328 0.99855 -0.0459599 -12.7142 -0.567709 -0.0537472 -0.821473 -7.17154 
-0.808544 0.00285854 0.588429 187.743 -0.0289853 0.998581 -0.0446789 -12.777 -0.587722 -0.0531806 -0.807313 -8.10055 
-0.794675 0.00308895 0.607027 188.342 -0.0331836 0.998271 -0.0485215 -12.8136 -0.606127 -0.0587021 -0.793199 -8.84973 
-0.778615 0.00105156 0.627501 189.161 -0.0368519 0.998196 -0.0473993 -12.9065 -0.626419 -0.0600304 -0.777172 -9.77087 
-0.763063 -0.0010187 0.646323 189.909 -0.0422373 0.99794 -0.0482934 -12.9758 -0.644943 -0.0641498 -0.761534 -10.5943 
-0.743909 0.00137543 0.66828 190.807 -0.0410508 0.998015 -0.0477506 -13.0014 -0.667019 -0.0629555 -0.742376 -11.5571 
-0.725976 -0.00240784 0.687716 191.81 -0.0561361 0.996864 -0.055769 -13.0149 -0.685425 -0.0790926 -0.723835 -12.3813 
-0.706954 -0.00201699 0.707256 192.644 -0.0573862 0.996862 -0.0545188 -13.099 -0.704927 -0.0791291 -0.704852 -13.1479 
-0.686441 0.00144066 0.727184 193.507 -0.055574 0.996969 -0.0544355 -13.1725 -0.725058 -0.0777792 -0.684281 -13.906 
-0.662851 0.0016995 0.74875 194.388 -0.0554128 0.997144 -0.051319 -13.2411 -0.746698 -0.0755072 -0.660863 -14.6614 
-0.642759 0.00153549 0.766067 195.212 -0.0564909 0.99718 -0.0493968 -13.2991 -0.763983 -0.075026 -0.64086 -15.2525 
-0.621091 0.000927982 0.783738 196.167 -0.0546876 0.99751 -0.0445196 -13.3512 -0.781828 -0.0705114 -0.619494 -15.8988 
-0.590833 0.00155981 0.806792 196.96 -0.0431612 0.998505 -0.0335385 -13.4785 -0.805639 -0.0546378 -0.589882 -16.6301 
-0.575059 0.00203529 0.818109 198.04 -0.0588519 0.997303 -0.0438489 -13.4829 -0.815992 -0.073363 -0.573389 -16.9845 
-0.550442 0.00621121 0.83485 198.953 -0.0562795 0.997422 -0.0445276 -13.449 -0.832974 -0.0714948 -0.548673 -17.4122 
-0.526286 0.00553092 0.850289 199.808 -0.0684573 0.996457 -0.0488534 -13.491 -0.847547 -0.0839194 -0.524043 -17.8406 
-0.500925 0.00452625 0.865479 200.429 -0.0655996 0.996911 -0.0431816 -13.5578 -0.863001 -0.0784058 -0.49908 -18.199 
-0.480876 0.00405284 0.876779 200.67 -0.0634567 0.997206 -0.0394129 -13.5367 -0.874489 -0.0745902 -0.479276 -18.2775 
-0.452667 0.00178173 0.891678 201.428 -0.0664762 0.997148 -0.0357396 -13.6114 -0.889198 -0.0754535 -0.451257 -18.6603 
-0.419976 0.000830828 0.907535 202.427 -0.0640745 0.997477 -0.0305647 -13.6674 -0.90527 -0.0709862 -0.418863 -19.1535 
-0.393774 0.00383638 0.919199 203.573 -0.0699479 0.996967 -0.0341259 -13.6377 -0.916542 -0.0777339 -0.392312 -19.4105 
-0.363243 0.00667323 0.93167 204.852 -0.0797695 0.99608 -0.0382355 -13.6379 -0.928273 -0.0882076 -0.361287 -19.7238 
-0.331665 0.00726433 0.943369 205.951 -0.0800234 0.99615 -0.035805 -13.6899 -0.939997 -0.0873669 -0.329806 -20.0717 
-0.299655 0.00472087 0.954036 206.509 -0.0765824 0.996642 -0.0289857 -13.8405 -0.950969 -0.0817481 -0.298287 -20.3653 
-0.266463 0.0061587 0.963825 207.62 -0.0805383 0.99634 -0.0286325 -13.8538 -0.960474 -0.0852543 -0.264992 -20.6805 
-0.232774 0.00688117 0.972506 208.776 -0.0843038 0.996068 -0.0272264 -13.8795 -0.96887 -0.0883236 -0.231278 -20.9593 
-0.205545 0.00967443 0.9786 209.679 -0.0910862 0.995421 -0.0289725 -13.8658 -0.9744 -0.0950921 -0.203722 -21.0451 
-0.174853 0.0118899 0.984523 210.895 -0.0940562 0.995152 -0.028723 -13.8735 -0.980092 -0.0976227 -0.172887 -21.183 
-0.145907 0.0126145 0.989218 212.02 -0.0966085 0.994958 -0.0269373 -13.8832 -0.98457 -0.0994972 -0.143952 -21.313 
-0.115326 0.0117655 0.993258 213.141 -0.0944029 0.995274 -0.0227505 -13.9275 -0.988832 -0.0963901 -0.11367 -21.4406 
-0.0846616 0.0125866 0.99633 214.368 -0.0925493 0.995498 -0.0204404 -13.9696 -0.992102 -0.0939402 -0.0831156 -21.5682 
-0.0531417 0.0136163 0.998494 215.54 -0.0901466 0.995759 -0.0183768 -13.9853 -0.99451 -0.0909874 -0.0516889 -21.6206 
-0.0246289 0.0130382 0.999612 216.6 -0.0867599 0.996114 -0.0151303 -14.0132 -0.995925 -0.0870988 -0.023402 -21.6047 
0.00535562 0.0121381 0.999912 217.642 -0.0847181 0.996337 -0.0116411 -14.0322 -0.99639 -0.0846483 0.00636433 -21.5939 
0.0353724 0.0128251 0.999292 218.78 -0.0843887 0.996385 -0.00980069 -14.0425 -0.995805 -0.0839822 0.0363269 -21.5252 
0.0658548 0.0137426 0.997734 219.968 -0.0817577 0.996617 -0.00833096 -14.0431 -0.994474 -0.0810239 0.0667556 -21.4327 
0.0953799 0.0134975 0.995349 221.089 -0.0812964 0.996673 -0.0057253 -14.0738 -0.992116 -0.0803722 0.0961599 -21.3064 
0.12356 0.0135105 0.992245 222.32 -0.080086 0.996781 -0.00359958 -14.0527 -0.9891 -0.0790202 0.124244 -21.0924 
0.152965 0.0117809 0.988161 223.443 -0.0784484 0.996918 0.000258231 -14.08 -0.985113 -0.0775592 0.153417 -20.9047 
0.182483 0.0139579 0.98311 224.605 -0.0755546 0.997142 -0.000132929 -14.0858 -0.980302 -0.0742543 0.183016 -20.6773 
0.213533 0.0154787 0.976813 225.814 -0.0720464 0.997401 -5.55619e-05 -14.1005 -0.974276 -0.0703641 0.214093 -20.4136 
0.242992 0.0142487 0.969924 226.973 -0.0710408 0.997468 0.00314415 -14.1262 -0.967423 -0.0696681 0.243389 -20.1245 
0.270485 0.0134938 0.96263 228.137 -0.0712889 0.997437 0.00604927 -14.14 -0.960081 -0.0702611 0.270754 -19.7068 
0.298644 0.00693784 0.954339 229.215 -0.0617884 0.998016 0.0120801 -14.1504 -0.952362 -0.0625748 0.29848 -19.3412 
0.321477 0.00632875 0.946896 230.175 -0.0634694 0.997873 0.0148787 -14.1678 -0.944788 -0.0648821 0.321195 -18.9167 
0.344079 0.00586987 0.938922 231.219 -0.0637411 0.99782 0.0171205 -14.1598 -0.936775 -0.0657388 0.343703 -18.465 
0.36434 0.00581447 0.931248 232.216 -0.0656976 0.997649 0.0194742 -14.1364 -0.928946 -0.068276 0.363866 -17.9908 
0.38623 0.00234899 0.922399 233.391 -0.0626062 0.997757 0.0236737 -14.116 -0.920275 -0.0668915 0.385511 -17.5226 
0.405481 -0.000830567 0.914103 234.309 -0.0591484 0.99788 0.0271438 -14.1043 -0.912188 -0.0650741 0.404572 -17.0343 
0.420455 0.000327845 0.907313 235.298 -0.0594559 0.99786 0.0271916 -14.059 -0.905363 -0.065378 0.419575 -16.487 
0.438706 -0.000416022 0.898631 236.352 -0.0558221 0.998056 0.027714 -14.0148 -0.896895 -0.0623218 0.43783 -15.9362 
0.457364 -0.000289397 0.889279 237.475 -0.0538116 0.998158 0.0280005 -13.9739 -0.88765 -0.06066 0.456506 -15.372 
0.476103 -0.00191879 0.879388 238.542 -0.0508456 0.998265 0.029706 -13.9576 -0.877918 -0.0588561 0.475179 -14.7908 
0.490387 -0.00216974 0.871502 239.559 -0.0530736 0.998066 0.0323488 -13.9126 -0.869887 -0.0621172 0.489324 -14.0874 
0.505639 -0.00579888 0.862725 240.545 -0.0484895 0.998206 0.0351289 -13.8671 -0.861381 -0.0595956 0.504451 -13.4516 
0.525287 -0.00661831 0.850899 241.633 -0.0457476 0.998304 0.0360062 -13.8238 -0.849694 -0.0578403 0.524094 -12.8305 
0.539064 -0.00719749 0.842234 242.605 -0.0436897 0.998378 0.0364949 -13.8076 -0.841131 -0.0564701 0.537875 -12.093 
0.554415 -0.00806069 0.832201 243.555 -0.0413767 0.998449 0.0372361 -13.7816 -0.831211 -0.055078 0.553222 -11.4072 
0.568186 -0.00910651 0.82285 244.527 -0.0401506 0.998441 0.038774 -13.7588 -0.82192 -0.0550688 0.566935 -10.6694 
0.583507 -0.011354 0.812029 245.588 -0.0377404 0.998443 0.0410798 -13.6971 -0.811231 -0.0546166 0.58217 -9.93609 
0.593803 -0.012166 0.804519 246.474 -0.0366904 0.998436 0.0421789 -13.6581 -0.803774 -0.0545641 0.592428 -9.14288 
0.60578 -0.00554381 0.795613 247.446 -0.0386488 0.99859 0.0363852 -13.5353 -0.794693 -0.052791 0.604712 -8.35791 
0.616847 -0.00553662 0.787064 248.454 -0.0353108 0.998774 0.0346999 -13.4979 -0.786291 -0.0491964 0.615895 -7.51268 
0.629008 -0.00682768 0.777369 249.46 -0.0331052 0.998819 0.0355596 -13.4456 -0.776694 -0.0481023 0.628039 -6.71101 
0.639643 -0.00969843 0.768611 250.397 -0.0301187 0.998836 0.0376684 -13.4362 -0.768081 -0.0472439 0.638607 -5.92119 
0.648074 -0.0083166 0.761532 251.313 -0.0312769 0.998806 0.0375248 -13.404 -0.760935 -0.0481373 0.64704 -5.11551 
0.654962 -0.00730235 0.755626 252.33 -0.0320748 0.998783 0.0374539 -13.3378 -0.75498 -0.0487675 0.653931 -4.13973 
0.659281 -0.00881857 0.751845 253.322 -0.0306424 0.998785 0.0385847 -13.2782 -0.751272 -0.0484765 0.65821 -3.18475 
0.663451 -0.0128496 0.748109 254.299 -0.0262788 0.998835 0.040461 -13.2127 -0.747758 -0.0465034 0.662341 -2.27272 
0.665895 -0.00961721 0.745984 255.093 -0.0305284 0.998728 0.0401263 -13.1596 -0.745421 -0.0494936 0.664754 -1.45453 
0.670527 -0.00950496 0.741824 256.112 -0.0306952 0.998706 0.0405413 -13.1025 -0.74125 -0.0499545 0.669367 -0.560771 
0.671556 -0.0121271 0.740854 257.078 -0.0295357 0.998633 0.0431196 -13.071 -0.740364 -0.0508389 0.67028 0.363533 
0.676952 -0.0131408 0.735909 258.233 -0.0293368 0.998564 0.0448173 -13.0507 -0.735442 -0.0519285 0.675595 1.34276 
0.679492 -0.0128235 0.733571 259.226 -0.0298613 0.998535 0.0451151 -13.0121 -0.733075 -0.0525608 0.678114 2.29426 
0.68249 -0.0150179 0.730741 260.168 -0.0278394 0.998529 0.0465224 -12.9589 -0.730365 -0.0520944 0.681068 3.16955 
0.685161 -0.0126712 0.728281 261.115 -0.0311166 0.998427 0.0466455 -12.9196 -0.727727 -0.0546213 0.683689 4.07383 
0.688997 -0.0160267 0.724586 262.212 -0.0268687 0.998503 0.0476341 -12.8619 -0.724265 -0.0522885 0.687536 5.10168 
0.691997 -0.0157947 0.721728 263.227 -0.0270802 0.998489 0.047816 -12.8069 -0.721392 -0.0526331 0.690523 6.06305 
0.694558 -0.0133379 0.719313 264.149 -0.0315821 0.998299 0.049006 -12.7597 -0.718743 -0.056755 0.692955 6.99556 
