1 -4.23778e-08 4.22719e-08 0 -4.23778e-08 1 -4.19404e-08 0 4.22719e-08 -4.19404e-08 1 0 
0.999993 -0.00315965 -0.00181243 -0.0104246 0.00316696 0.999987 0.00409233 -0.0432608 0.00179956 -0.00409812 0.99999 1.52078 
0.999994 -0.00270212 0.00208465 -0.183073 0.00269222 0.999985 0.00469746 -0.0637936 -0.00209723 -0.0046919 0.999987 2.91856 
0.999998 0.00123122 0.00165302 -0.262828 -0.00123737 0.999992 0.00367078 -0.0568369 -0.00164841 -0.0036729 0.999992 4.51593 
1 -2.08186e-05 -0.000813459 -0.256538 2.29157e-05 0.999996 0.0026821 -0.0515223 0.000813484 -0.00268221 0.999996 6.07415 
0.999997 -0.000469242 -0.00252931 -0.302755 0.00047612 0.999996 0.00275278 -0.088121 0.0025281 -0.00275406 0.999993 7.60475 
0.99999 0.00058484 -0.00446287 -0.349981 -0.000575586 0.999998 0.00209359 -0.08633 0.00446417 -0.00209108 0.999988 9.10387 
0.999981 -0.00143485 -0.00593228 -0.413804 0.00143841 0.999999 0.000610209 -0.0875153 0.00593149 -0.000618815 0.999982 10.5709 
0.999965 -0.00255965 -0.00792036 -0.440364 0.0025662 0.999996 0.000826696 -0.101361 0.0079183 -0.000847077 0.999968 12.0983 
0.99995 -0.00150243 -0.00987124 -0.485896 0.00150794 0.999999 0.000560078 -0.148421 0.00987047 -0.00057502 0.999951 13.6435 
0.999942 -0.00208329 -0.0105677 -0.512003 0.0020839 0.999998 5.42399e-05 -0.145838 0.0105676 -7.63431e-05 0.999944 15.1825 
0.999896 -0.00115571 -0.0143616 -0.483785 0.0011552 0.999999 -3.76809e-05 -0.152419 0.0143618 2.10018e-05 0.999897 16.6496 
0.99991 -0.000898437 -0.0133834 -0.555198 0.000896997 1 -0.00010737 -0.159436 0.0133836 9.52705e-05 0.99991 18.1867 
0.999868 -0.00208653 -0.0161128 -0.549456 0.00211084 0.999997 0.00149665 -0.204425 0.0161097 -0.00153055 0.999869 19.4836 
0.999858 0.000920858 -0.0168475 -0.603852 -0.000905124 0.999999 0.000946514 -0.221771 0.0168485 -0.000931215 0.999858 20.9441 
0.999809 0.000606074 -0.0195196 -0.60692 -0.000566655 0.999998 0.00202923 -0.291551 0.0195209 -0.00201787 0.999807 22.3606 
0.999796 0.000454843 -0.0201877 -0.632658 -0.000412732 0.999998 0.00209425 -0.305517 0.0201887 -0.00208558 0.999794 23.8235 
0.999769 -0.000236987 -0.021494 -0.661661 0.000342732 0.999988 0.00492007 -0.405002 0.0214927 -0.00492638 0.999757 24.7835 
0.999679 -0.00749344 -0.0241786 -0.676021 0.00772656 0.999924 0.00956615 -0.561921 0.0241052 -0.00974999 0.999662 25.5141 
0.999707 -0.00608399 -0.0234104 -0.766138 0.00626808 0.99995 0.00780175 -0.572138 0.0233618 -0.00794629 0.999695 26.9032 
0.99967 -0.00905127 -0.0240439 -0.829273 0.00926841 0.999917 0.00893855 -0.656103 0.0239611 -0.00915853 0.999671 28.0091 
0.999623 -0.0119295 -0.0247367 -0.88559 0.0122462 0.999844 0.0126951 -0.714064 0.0245815 -0.0129933 0.999613 29.312 
0.999602 -0.0130688 -0.0249894 -0.933104 0.0134184 0.999814 0.0138789 -0.709025 0.0248034 -0.0142088 0.999591 30.649 
0.99957 -0.0151225 -0.0251086 -0.967847 0.0154475 0.999799 0.0128041 -0.711465 0.02491 -0.0131866 0.999603 32.0744 
0.999555 -0.0163862 -0.0249179 -1.02259 0.0166654 0.9998 0.0110437 -0.726465 0.0247321 -0.0114542 0.999628 33.4114 
0.999569 -0.0156234 -0.0248402 -1.06789 0.0158803 0.999822 0.0101822 -0.721962 0.0246768 -0.0105724 0.999639 34.8091 
0.999616 -0.0146093 -0.0235575 -1.14123 0.0147903 0.999862 0.00753226 -0.704976 0.0234443 -0.00787787 0.999694 36.1676 
0.999688 -0.0128598 -0.0213959 -1.24786 0.0130355 0.999882 0.00809529 -0.702025 0.0212894 -0.00837176 0.999738 37.375 
0.999741 -0.0106658 -0.0201198 -1.29071 0.0108829 0.999883 0.0107182 -0.71893 0.0200032 -0.0109345 0.99974 38.6721 
0.999731 -0.0121202 -0.0197922 -1.31951 0.0123678 0.999846 0.0124382 -0.751032 0.0196385 -0.0126797 0.999727 39.8646 
0.99976 -0.0107207 -0.0191194 -1.32072 0.0109636 0.99986 0.0126474 -0.752111 0.0189812 -0.012854 0.999737 41.1074 
0.999799 -0.0118351 -0.0161919 -1.36382 0.0120236 0.99986 0.0116026 -0.754987 0.0160524 -0.0117951 0.999801 42.4506 
0.999841 -0.0112737 -0.0138416 -1.39235 0.0114241 0.999876 0.0108363 -0.778712 0.0137178 -0.0109928 0.999845 43.7118 
0.999897 -0.00985149 -0.010398 -1.4611 0.00994917 0.999906 0.0093921 -0.784616 0.0103046 -0.00949467 0.999902 45.0528 
0.999921 -0.0098935 -0.00772727 -1.44839 0.00996818 0.999903 0.00969789 -0.794317 0.00763066 -0.00977424 0.999923 46.3094 
0.999959 -0.00800098 -0.00421073 -1.45891 0.00804763 0.999905 0.0112011 -0.802548 0.00412079 -0.0112346 0.999928 47.5096 
0.999979 -0.00626932 0.00185827 -1.45982 0.00624862 0.999921 0.010899 -0.82494 -0.00192637 -0.0108872 0.999939 48.7503 
0.999958 -0.0048434 0.00776906 -1.43158 0.00475992 0.999931 0.010718 -0.825033 -0.00782035 -0.0106807 0.999912 50.005 
0.999885 -0.00483873 0.0143762 -1.39197 0.0046611 0.999913 0.0123577 -0.874256 -0.0144346 -0.0122894 0.99982 50.8994 
0.999698 -0.00295002 0.0243797 -1.36155 0.00262358 0.999907 0.0134077 -0.888763 -0.0244169 -0.0133398 0.999613 52.0843 
0.999315 0.000801975 0.0369843 -1.33805 -0.00125383 0.999925 0.0121935 -0.885617 -0.0369717 -0.0122316 0.999241 53.2157 
0.998685 0.00254028 0.0512057 -1.29813 -0.00319376 0.999914 0.0126824 -0.892448 -0.051169 -0.0128294 0.998608 54.3377 
0.997818 0.00565283 0.0657761 -1.19405 -0.00660776 0.999876 0.0143081 -0.911986 -0.065687 -0.0147116 0.997732 55.3413 
0.996479 0.00630732 0.0836017 -1.14227 -0.00757492 0.999861 0.0148528 -0.919288 -0.0834963 -0.0154339 0.996388 56.4371 
0.994628 0.00514837 0.103386 -1.08264 -0.00673713 0.999864 0.0150231 -0.948304 -0.103294 -0.015639 0.994528 57.6061 
0.992558 0.003044 0.121737 -0.934703 -0.00485004 0.999882 0.0145413 -0.948254 -0.121678 -0.0150236 0.992456 58.6025 
0.989691 1.29094e-05 0.143221 -0.81709 -0.00225403 0.999877 0.0154852 -0.960397 -0.143203 -0.0156484 0.98957 59.6578 
0.986297 -0.00326708 0.164944 -0.652777 0.000342313 0.999842 0.0177566 -0.988164 -0.164976 -0.0174569 0.986143 60.7012 
0.98192 -0.00913307 0.189073 -0.480044 0.00544862 0.999785 0.0199971 -1.01131 -0.189215 -0.0186054 0.981759 61.735 
0.976929 -0.0134346 0.213139 -0.25527 0.00966311 0.999778 0.0187266 -0.996044 -0.213344 -0.0162351 0.976842 62.7355 
0.971106 -0.0203805 0.237778 -0.00771751 0.0167693 0.999711 0.0172 -0.988269 -0.23806 -0.0127157 0.971167 63.761 
0.964222 -0.0246253 0.26395 0.258609 0.0208436 0.999636 0.0171183 -0.981286 -0.264275 -0.0110042 0.964384 64.7225 
0.956321 -0.0272748 0.291044 0.551444 0.022414 0.999548 0.0200224 -0.981244 -0.291459 -0.0126245 0.9565 65.7044 
0.947504 -0.0319921 0.318139 0.860504 0.0261507 0.999402 0.022616 -0.973372 -0.318672 -0.0131093 0.947774 66.6322 
0.93709 -0.0347718 0.34735 1.19173 0.0289268 0.999339 0.0219999 -0.959414 -0.347886 -0.0105683 0.937477 67.5583 
0.926283 -0.035149 0.375185 1.55754 0.0304538 0.999366 0.0184384 -0.961664 -0.375595 -0.0056534 0.926766 68.4033 
0.914198 -0.038682 0.403418 1.89951 0.0369154 0.999244 0.012158 -0.977533 -0.403583 0.00377745 0.914935 69.2297 
0.90002 -0.04071 0.433943 2.26608 0.040062 0.99914 0.0106427 -0.995249 -0.434003 0.00780592 0.900877 70.1285 
0.884735 -0.0402771 0.46435 2.69977 0.0384156 0.999171 0.0134726 -0.985741 -0.464508 0.0059185 0.885549 71.0088 
0.867536 -0.0388883 0.495852 3.15503 0.0332359 0.999243 0.0202186 -0.989034 -0.496263 -0.00106036 0.868172 71.8468 
0.849163 -0.0385629 0.526721 3.67469 0.0312847 0.999252 0.022722 -0.979596 -0.527203 -0.00281639 0.849735 72.6559 
0.828285 -0.0351536 0.559203 4.09064 0.0285556 0.999381 0.0205284 -1.01483 -0.559579 -0.00103506 0.828777 73.3994 
0.807195 -0.0283473 0.589603 4.62715 0.0251736 0.999591 0.0135948 -1.00072 -0.589747 0.00386874 0.807578 74.1416 
0.784788 -0.0263465 0.619204 5.19656 0.0237789 0.99964 0.0123958 -1.00841 -0.619308 0.00499587 0.785132 74.8948 
0.762378 -0.0285419 0.646503 5.80007 0.0238959 0.999587 0.015951 -1.00641 -0.646691 0.00328801 0.762745 75.6052 
0.738759 -0.0281391 0.673382 6.42757 0.0230038 0.999599 0.0165336 -0.999744 -0.673577 0.00327597 0.73911 76.2728 
0.714635 -0.0265766 0.698992 7.05542 0.0238936 0.999622 0.0135786 -0.998055 -0.699089 0.00699767 0.715 76.917 
0.688787 -0.0249803 0.724533 7.66272 0.023686 0.999648 0.0119481 -1.00755 -0.724576 0.0089316 0.689136 77.5476 
0.663227 -0.0237373 0.748042 8.32093 0.0220701 0.999682 0.0121546 -1.03103 -0.748093 0.00844804 0.66354 78.115 
0.635785 -0.0234182 0.771511 8.9876 0.02399 0.999656 0.0105735 -1.02591 -0.771493 0.011786 0.636129 78.6839 
0.607071 -0.0162435 0.794482 9.68559 0.0215458 0.99976 0.00397703 -1.021 -0.794355 0.0147033 0.607275 79.2474 
0.577295 -0.0074099 0.816502 10.403 0.0192307 0.999805 -0.00452349 -1.03561 -0.816309 0.0183133 0.577325 79.7835 
0.547224 0.00117585 0.836985 11.174 0.0173206 0.999769 -0.0127289 -1.04267 -0.836807 0.0214626 0.547077 80.299 
0.516115 0.00522901 0.856503 11.9493 0.0150651 0.999771 -0.0151817 -1.05561 -0.856387 0.0207388 0.515918 80.7843 
0.484326 0.0052343 0.874872 12.7542 0.0136704 0.999815 -0.0135498 -1.06879 -0.874781 0.0185224 0.484165 81.2307 
0.451967 0.00425789 0.892024 13.6035 0.00975505 0.999905 -0.0097156 -1.08727 -0.891981 0.0130929 0.451883 81.657 
0.41834 0.00486661 0.908277 14.4107 0.00934177 0.99991 -0.00966039 -1.09695 -0.908242 0.0125262 0.418257 82.0263 
0.384317 0.00683881 0.923176 15.3353 0.00284383 0.999959 -0.0085916 -1.11619 -0.923197 0.00592723 0.384282 82.3959 
0.348756 0.00912619 0.937169 16.2058 -0.000301947 0.999954 -0.00962532 -1.10846 -0.937214 0.00307389 0.348742 82.7379 
0.313399 0.00880886 0.949581 17.0384 -0.00314112 0.999961 -0.00823962 -1.12251 -0.949616 -0.000400473 0.313414 83.0277 
0.276573 0.00857142 0.960954 17.9542 -0.00543706 0.999958 -0.00735457 -1.1479 -0.960977 -0.0031907 0.276608 83.3101 
0.241308 0.00751146 0.97042 18.871 -0.00449184 0.999968 -0.00662331 -1.16073 -0.970438 -0.00276072 0.241334 83.5535 
0.206688 0.00691688 0.978382 19.8008 -0.00318047 0.999974 -0.00639774 -1.16393 -0.978402 -0.00178939 0.206704 83.7315 
0.172389 0.00627866 0.985009 20.7333 0.00455195 0.999964 -0.00717073 -1.1755 -0.985018 0.00571985 0.172354 83.8971 
0.139554 0.0085915 0.990177 21.6851 0.00585947 0.999938 -0.0095021 -1.2051 -0.990197 0.00712796 0.139494 84.0289 
0.106914 0.0134972 0.994177 22.6899 0.00690926 0.999874 -0.0143176 -1.22248 -0.994244 0.00839977 0.106807 84.1196 
0.0766192 0.0182516 0.996893 23.5888 0.0131313 0.999727 -0.0193128 -1.21973 -0.996974 0.0145702 0.0763586 84.2353 
0.0484849 0.0152903 0.998707 24.5577 0.013913 0.999775 -0.0159822 -1.2735 -0.998727 0.0146699 0.0482613 84.3572 
0.0259267 0.0124654 0.999586 25.5787 0.0149072 0.999806 -0.0128549 -1.28288 -0.999553 0.0152343 0.0257358 84.4053 
0.00721353 0.00942918 0.999929 26.5633 0.0179288 0.999794 -0.00955732 -1.3151 -0.999813 0.0179965 0.00704299 84.3965 
-0.0106049 0.0150018 0.999831 27.5058 0.0195553 0.999699 -0.0147925 -1.30165 -0.999752 0.0193951 -0.0108951 84.4162 
-0.0262664 0.0203401 0.999448 28.481 0.020959 0.999584 -0.0197921 -1.31403 -0.999435 0.0204276 -0.0266817 84.4061 
-0.0379924 0.0237695 0.998995 29.4737 0.0285005 0.999336 -0.0226938 -1.35219 -0.998871 0.0276096 -0.0386446 84.3699 
-0.0450412 0.0262064 0.998641 30.4543 0.0331619 0.999144 -0.024724 -1.38983 -0.998434 0.0320033 -0.0458717 84.3109 
-0.0535129 0.0324348 0.99804 31.4134 0.0358107 0.998892 -0.0305425 -1.40269 -0.997925 0.0341061 -0.0546151 84.3198 
-0.0573715 0.0364814 0.997686 32.4171 0.0373938 0.998709 -0.0343686 -1.46143 -0.997652 0.0353355 -0.0586616 84.2757 
-0.0616062 0.0393169 0.997326 33.4175 0.0403451 0.998505 -0.0368713 -1.52332 -0.997285 0.0379657 -0.0631004 84.2342 
-0.0644832 0.0434272 0.996973 34.3764 0.0396609 0.998375 -0.0409231 -1.55587 -0.99713 0.036902 -0.0661007 84.1746 
-0.0664204 0.0489853 0.996588 35.4176 0.0411018 0.998081 -0.0463193 -1.57195 -0.996945 0.0378851 -0.0683063 84.1143 
-0.0666498 0.0520055 0.99642 36.4006 0.0425203 0.997882 -0.0492377 -1.6274 -0.99687 0.0390864 -0.0687198 84.0253 
-0.0678398 0.053662 0.996252 37.5402 0.0460661 0.997656 -0.0506008 -1.66091 -0.996632 0.0424607 -0.0701528 83.9093 
-0.0701099 0.0531313 0.996123 38.5144 0.046927 0.997651 -0.04991 -1.71157 -0.996435 0.0432459 -0.0724385 83.8629 
-0.0718794 0.0529696 0.996006 39.5481 0.0475542 0.997635 -0.0496245 -1.786 -0.996279 0.0437973 -0.0742283 83.7791 
-0.0748299 0.0556318 0.995643 40.5988 0.0500189 0.997395 -0.0519705 -1.84164 -0.995941 0.045912 -0.0774176 83.7204 
-0.075991 0.0569341 0.995482 41.5301 0.0488377 0.997383 -0.0533149 -1.9114 -0.995912 0.0445656 -0.0785727 83.6688 
-0.0789178 0.0583711 0.995171 42.4897 0.0489369 0.997307 -0.0546158 -2.00301 -0.995679 0.0443904 -0.0815618 83.6346 
-0.0800804 0.063947 0.994735 43.5142 0.0473858 0.997056 -0.0602815 -2.04386 -0.995661 0.042309 -0.0828749 83.5416 
-0.0814906 0.0674477 0.994389 44.5254 0.0453908 0.996923 -0.0638999 -2.12931 -0.99564 0.0399289 -0.0843014 83.4796 
-0.0842185 0.0669294 0.994197 45.5607 0.0447308 0.99699 -0.0633284 -2.25625 -0.995443 0.0391378 -0.0869588 83.4008 
-0.0865906 0.0651947 0.994108 46.5521 0.042106 0.997204 -0.0617302 -2.3174 -0.995354 0.0365127 -0.0890936 83.3351 
-0.0887865 0.0620046 0.994119 47.5901 0.0387006 0.997522 -0.0587605 -2.37469 -0.995298 0.0332558 -0.0909661 83.2734 
-0.090618 0.0603525 0.994055 48.6639 0.039468 0.997595 -0.0569696 -2.44685 -0.995103 0.0340709 -0.0927821 83.1574 
-0.0922503 0.0607133 0.993883 49.7689 0.0404917 0.997542 -0.0571786 -2.5108 -0.994912 0.0349693 -0.0944819 83.0898 
-0.095576 0.0627032 0.993445 50.7421 0.0430119 0.997342 -0.0588112 -2.59557 -0.994492 0.037109 -0.0980189 83.0539 
-0.0992285 0.0664725 0.992842 51.66 0.0429466 0.997123 -0.0624669 -2.64073 -0.994137 0.0364407 -0.101798 83.0343 
-0.103399 0.0679752 0.992314 52.6594 0.0395594 0.997154 -0.0641847 -2.71184 -0.993853 0.0326188 -0.105794 83.0039 
-0.105744 0.0648595 0.992276 53.5723 0.03626 0.997458 -0.0613342 -2.8133 -0.993732 0.0294942 -0.107827 82.9999 
-0.10599 0.0642855 0.992287 54.6456 0.0333402 0.997577 -0.0610671 -2.89221 -0.993808 0.0266106 -0.107877 82.9109 
-0.105673 0.0661585 0.992198 55.7858 0.0302199 0.997537 -0.063296 -2.95751 -0.993942 0.0232955 -0.107412 82.7863 
-0.104499 0.0666186 0.992291 56.9285 0.0291438 0.997531 -0.0639013 -3.03398 -0.994098 0.0222416 -0.106182 82.6528 
-0.106111 0.0660329 0.992159 57.9802 0.0272867 0.99761 -0.0634775 -3.10891 -0.99398 0.0203371 -0.10766 82.5943 
-0.104825 0.0614925 0.992588 59.0823 0.0278019 0.997878 -0.0588842 -3.17534 -0.994102 0.0214233 -0.106312 82.4547 
-0.107488 0.0521867 0.992836 60.1589 0.0329378 0.99826 -0.0489059 -3.26098 -0.993661 0.0274451 -0.10902 82.3838 
-0.107672 0.0467093 0.993089 61.2273 0.0378851 0.998363 -0.0428499 -3.32049 -0.993464 0.0330096 -0.109265 82.2833 
-0.107516 0.0491262 0.992989 62.3154 0.0456985 0.997967 -0.0444246 -3.38749 -0.993152 0.0406017 -0.109543 82.176 
-0.106924 0.0543302 0.992782 63.4511 0.0520132 0.997444 -0.0489836 -3.45423 -0.992906 0.0464003 -0.109477 82.0691 
-0.105556 0.0598334 0.992612 64.5741 0.0553424 0.996995 -0.0542125 -3.50714 -0.992872 0.049211 -0.10855 81.937 
-0.106382 0.0647179 0.992217 65.6525 0.0569902 0.996636 -0.0588959 -3.56594 -0.992691 0.0502812 -0.109713 81.8758 
-0.105145 0.0629308 0.992464 66.7941 0.0547437 0.996849 -0.0574092 -3.62429 -0.992949 0.0482948 -0.108259 81.7623 
-0.100717 0.0584072 0.993199 67.878 0.0546758 0.997092 -0.0530917 -3.69486 -0.993412 0.0489568 -0.103618 81.577 
-0.100684 0.0569664 0.993286 69.0327 0.0526786 0.997264 -0.0518548 -3.75575 -0.993523 0.047104 -0.10341 81.4796 
-0.100629 0.0566762 0.993308 70.1697 0.0506877 0.997372 -0.0517731 -3.83128 -0.993632 0.0451386 -0.103238 81.3736 
-0.0991278 0.0623558 0.993119 71.2694 0.0539827 0.996902 -0.0572052 -3.91648 -0.993609 0.0479406 -0.102187 81.273 
-0.0979576 0.0649978 0.993066 72.3961 0.055396 0.996674 -0.0597697 -3.99343 -0.993648 0.049157 -0.101232 81.1578 
-0.0981683 0.065233 0.993029 73.514 0.0549596 0.996682 -0.0600398 -4.02387 -0.993651 0.0486825 -0.101428 81.0858 
-0.0966569 0.0584916 0.993598 74.7737 0.0558012 0.99702 -0.0532648 -4.07819 -0.993752 0.0502955 -0.0996328 80.9362 
-0.0979632 0.0567563 0.99357 75.9344 0.0559996 0.997105 -0.0514369 -4.16229 -0.993613 0.0506007 -0.100858 80.8457 
-0.0976345 0.0612369 0.993336 77.0507 0.0545963 0.996932 -0.0560924 -4.19458 -0.993724 0.048756 -0.100678 80.7646 
-0.0981723 0.0663043 0.992958 78.1913 0.0529275 0.996714 -0.0613223 -4.23109 -0.993761 0.0465347 -0.101359 80.6923 
-0.101247 0.0703015 0.992374 79.3757 0.0504211 0.996581 -0.0654553 -4.222 -0.993583 0.0434095 -0.104445 80.6341 
-0.103597 0.0648886 0.9925 80.5306 0.0506177 0.99692 -0.0598942 -4.34297 -0.99333 0.0440332 -0.106563 80.5684 
-0.103355 0.065325 0.992497 81.7624 0.0538099 0.996747 -0.0600012 -4.38976 -0.993188 0.0472048 -0.106533 80.4724 
-0.103678 0.0654417 0.992456 82.901 0.0540289 0.99673 -0.0600795 -4.46299 -0.993142 0.0473924 -0.106874 80.4042 
-0.101843 0.0653566 0.992651 84.0679 0.0574131 0.996562 -0.0597238 -4.54726 -0.993142 0.0509087 -0.105245 80.2922 
-0.101134 0.0655537 0.992711 85.2419 0.0579943 0.996518 -0.0598969 -4.61393 -0.993181 0.0515139 -0.104584 80.2007 
-0.0988147 0.0673185 0.992826 86.5059 0.0589914 0.996351 -0.0616862 -4.67935 -0.993356 0.0524727 -0.102425 80.099 
-0.100702 0.066733 0.992676 87.7538 0.0600117 0.996339 -0.0608914 -4.75585 -0.993105 0.0534404 -0.104338 80.0683 
-0.100432 0.0654926 0.992786 88.9744 0.0579283 0.996523 -0.0598791 -4.83895 -0.993256 0.0514966 -0.103877 79.9651 
-0.0984389 0.063861 0.993092 90.1844 0.0594079 0.996536 -0.0581939 -4.93785 -0.993368 0.0532689 -0.101892 79.8554 
-0.0946469 0.0660528 0.993317 91.3538 0.056434 0.996548 -0.0608905 -4.99559 -0.99391 0.0502938 -0.0980477 79.7001 
-0.0912491 0.0687234 0.993454 92.5621 0.0572381 0.996328 -0.063665 -5.06917 -0.994182 0.051054 -0.0948477 79.557 
-0.0900826 0.0678144 0.993623 93.8006 0.0570233 0.996394 -0.0628338 -5.15026 -0.9943 0.0509994 -0.0936247 79.4367 
-0.0890603 0.0642309 0.993953 94.8812 0.0452398 0.997149 -0.060384 -5.26279 -0.994998 0.0395884 -0.0917123 79.3114 
-0.0867419 0.0662526 0.994025 96.355 0.0522198 0.996717 -0.0618752 -5.29359 -0.994861 0.0465407 -0.0899168 79.2168 
-0.0873604 0.0663944 0.993962 97.5583 0.0507744 0.996776 -0.0621199 -5.36019 -0.994882 0.045041 -0.09045 79.1421 
-0.0910396 0.0611419 0.993968 98.6639 0.0515952 0.997062 -0.0566066 -5.50264 -0.99451 0.0461306 -0.0939268 79.1445 
-0.0903649 0.0568902 0.994282 99.8723 0.0488903 0.997417 -0.0526262 -5.63947 -0.994708 0.0438552 -0.0929128 79.037 
-0.0920578 0.056779 0.994133 101.128 0.0477407 0.997476 -0.0525492 -5.71998 -0.994608 0.0426231 -0.0945361 78.9404 
-0.0940749 0.0565214 0.993959 102.379 0.0479512 0.997486 -0.0521836 -5.80288 -0.99441 0.0427524 -0.0965486 78.8344 
-0.0978277 0.056821 0.99358 103.687 0.0472207 0.997509 -0.0523965 -5.85064 -0.994082 0.0417918 -0.100267 78.7369 
-0.100284 0.0513061 0.993635 104.918 0.0421244 0.997993 -0.0472798 -5.93264 -0.994067 0.0371149 -0.102243 78.6339 
-0.107701 0.0528466 0.992778 106.073 0.0405842 0.997987 -0.0487212 -5.9657 -0.993354 0.0350437 -0.109629 78.5883 
-0.114379 0.0609456 0.991566 107.316 0.0350629 0.997742 -0.0572808 -6.01975 -0.992818 0.0282155 -0.116258 78.4895 
-0.121789 0.0655086 0.990392 108.509 0.0345386 0.997495 -0.0617312 -6.06427 -0.991955 0.0266886 -0.123746 78.3854 
-0.129964 0.0600232 0.9897 109.703 0.0349415 0.997823 -0.0559275 -6.16573 -0.990903 0.027313 -0.131779 78.2279 
-0.144244 0.0588629 0.98779 110.929 0.035843 0.997885 -0.0542306 -6.24445 -0.988893 0.027583 -0.146048 78.1132 
-0.159174 0.0606535 0.985386 112.226 0.0352478 0.997824 -0.0557255 -6.3019 -0.986621 0.0258626 -0.160966 77.9708 
-0.175328 0.0614618 0.98259 113.435 0.0380791 0.997726 -0.055614 -6.37093 -0.983773 0.0276654 -0.17727 77.8027 
-0.190285 0.0595902 0.979919 114.538 0.0428476 0.997709 -0.0523518 -6.45105 -0.980793 0.0320254 -0.192403 77.6386 
-0.206138 0.06377 0.976443 115.719 0.0497939 0.997265 -0.0546179 -6.51653 -0.977255 0.0373621 -0.208749 77.403 
-0.220237 0.0681808 0.973061 116.877 0.0477677 0.997111 -0.0590546 -6.57162 -0.974276 0.0334749 -0.222858 77.111 
-0.234666 0.0714059 0.96945 118.056 0.0479419 0.996935 -0.0618256 -6.65562 -0.970893 0.0319689 -0.23737 76.8246 
-0.250898 0.0689659 0.965554 119.218 0.0430443 0.997267 -0.0600462 -6.7313 -0.967056 0.0264961 -0.253181 76.5444 
-0.264454 0.0629868 0.962339 120.365 0.0379317 0.997772 -0.0548823 -6.81138 -0.963652 0.0219894 -0.266254 76.2002 
-0.283965 0.0589268 0.957022 121.561 0.0321359 0.998134 -0.051923 -6.88219 -0.958296 0.0160104 -0.285329 75.9723 
-0.296629 0.0607571 0.953058 122.7 0.0307014 0.998065 -0.0540709 -6.93523 -0.954499 0.0132213 -0.29792 75.613 
-0.309616 0.063946 0.948709 123.825 0.0295747 0.997901 -0.0576099 -6.9871 -0.950401 0.0102208 -0.310858 75.2537 
-0.325505 0.0648216 0.943316 124.897 0.0314116 0.997838 -0.0577292 -7.09246 -0.945018 0.01084 -0.326837 74.9414 
-0.33779 0.0654897 0.93894 126.057 0.0330095 0.997787 -0.0577188 -7.14836 -0.940643 0.0114971 -0.339204 74.51 
-0.350439 0.0625932 0.934492 127.203 0.0335495 0.997963 -0.0542634 -7.23266 -0.935984 0.0123357 -0.351825 74.0534 
-0.36588 0.0596308 0.92875 128.295 0.0322971 0.998158 -0.0513638 -7.33532 -0.930102 0.011203 -0.367132 73.6475 
-0.380885 0.0616887 0.922562 129.399 0.0305325 0.998067 -0.0541321 -7.40213 -0.924118 0.00755003 -0.382032 73.2071 
-0.394588 0.0640511 0.916623 130.464 0.0317346 0.997922 -0.056071 -7.49004 -0.91831 0.0069637 -0.395801 72.7567 
-0.409307 0.0666335 0.90996 131.572 0.0332925 0.997756 -0.0580874 -7.56139 -0.911789 0.00651931 -0.410607 72.2678 
-0.425099 0.0669679 0.902666 132.548 0.0340988 0.997736 -0.0579627 -7.63951 -0.904504 0.00613999 -0.42642 71.9304 
-0.440989 0.069901 0.894786 133.61 0.0322839 0.997553 -0.0620184 -7.71884 -0.896932 0.00153777 -0.442166 71.4969 
-0.456958 0.0721077 0.886561 134.666 0.0346743 0.997395 -0.0632503 -7.80569 -0.888812 0.00183823 -0.458268 70.9962 
-0.47068 0.0704387 0.879488 135.71 0.0349075 0.997514 -0.06121 -7.88867 -0.881613 0.0018904 -0.471969 70.3861 
-0.48735 0.0642135 0.870842 136.758 0.0287601 0.997932 -0.0574898 -7.97309 -0.872733 -0.0029721 -0.488189 69.8226 
-0.500955 0.0643902 0.863075 137.731 0.0301904 0.997922 -0.0569271 -8.07753 -0.864947 -0.00246131 -0.501858 69.1677 
-0.516661 0.0636582 0.85382 138.784 0.0282695 0.997957 -0.0572983 -8.15541 -0.855723 -0.00546666 -0.517405 68.5772 
-0.533628 0.0622643 0.843424 139.85 0.0274619 0.998036 -0.0563033 -8.23645 -0.845273 -0.00688304 -0.53429 67.9526 
-0.549448 0.0630666 0.833144 140.89 0.0269649 0.997966 -0.0577603 -8.2879 -0.835092 -0.00927066 -0.550031 67.2782 
-0.563951 0.0612877 0.823531 141.938 0.0273266 0.998081 -0.0555647 -8.40074 -0.825356 -0.00883149 -0.564544 66.5655 
-0.578787 0.0592962 0.81332 142.987 0.0262137 0.99819 -0.0541198 -8.44823 -0.815057 -0.0100037 -0.579294 65.8494 
-0.59426 0.0563572 0.802296 143.974 0.0272905 0.99838 -0.0499171 -8.51083 -0.80381 -0.00776863 -0.594835 65.1187 
-0.608574 0.0551724 0.791577 144.913 0.0289687 0.99846 -0.0473205 -8.58841 -0.792968 -0.00586709 -0.609234 64.3935 
-0.623298 0.0554249 0.780018 145.966 0.0292505 0.998439 -0.0475716 -8.63261 -0.781437 -0.00683534 -0.623946 63.5956 
-0.638209 0.0565806 0.767781 147.101 0.0278578 0.99834 -0.0504149 -8.69603 -0.769359 -0.0107866 -0.638726 62.6002 
-0.65264 0.0577625 0.755463 148.024 0.0271189 0.998232 -0.0528967 -8.75499 -0.757183 -0.0140352 -0.653052 61.8339 
-0.669202 0.0542309 0.741098 149.001 0.0239518 0.998389 -0.0514304 -8.80497 -0.742694 -0.0166667 -0.669423 61.0257 
-0.685483 0.0468615 0.726579 149.929 0.0188844 0.998735 -0.0465983 -8.85664 -0.727843 -0.0182213 -0.685501 60.1828 
-0.702332 0.043768 0.710502 150.847 0.0166727 0.998846 -0.0450494 -8.93375 -0.711654 -0.0197937 -0.702251 59.3239 
-0.720212 0.0407596 0.692556 151.767 0.0141868 0.998929 -0.0440376 -9.0138 -0.693609 -0.0218912 -0.720019 58.3926 
-0.737539 0.0390889 0.674172 152.665 0.01178 0.998916 -0.0450305 -9.04834 -0.675202 -0.0252699 -0.7372 57.4368 
-0.753618 0.0386226 0.656176 153.495 0.0128868 0.998948 -0.0439978 -9.12776 -0.657186 -0.0247015 -0.753324 56.4654 
-0.769614 0.0409426 0.637196 154.304 0.0150084 0.998826 -0.0460516 -9.20287 -0.638333 -0.0258786 -0.769325 55.5275 
-0.784601 0.0396863 0.618729 155.103 0.0165851 0.998936 -0.0430422 -9.26564 -0.619779 -0.0235093 -0.784424 54.5576 
-0.798016 0.0416891 0.601193 155.855 0.0210861 0.998925 -0.0412801 -9.34506 -0.602267 -0.0202653 -0.798037 53.481 
-0.814146 0.0424933 0.579104 156.567 0.0218074 0.998853 -0.0426351 -9.43105 -0.580251 -0.0220824 -0.814138 52.6888 
-0.827268 0.0442615 0.560061 157.25 0.0223549 0.998695 -0.0459063 -9.47401 -0.561362 -0.0254568 -0.827179 51.6772 
-0.841934 0.0450451 0.537697 158.004 0.0250866 0.998699 -0.0443842 -9.56358 -0.538997 -0.0238796 -0.841969 50.6738 
-0.853648 0.0430477 0.519068 158.673 0.0248703 0.998811 -0.0419329 -9.61948 -0.520256 -0.0228866 -0.853704 49.5796 
-0.864749 0.0457348 0.500117 159.35 0.02839 0.998704 -0.0422409 -9.69615 -0.501401 -0.0223294 -0.864927 48.4966 
-0.875111 0.0477368 0.481562 159.989 0.0300177 0.998561 -0.0444372 -9.74959 -0.48299 -0.024432 -0.875285 47.4656 
-0.885017 0.045825 0.463298 160.611 0.027983 0.998581 -0.0453154 -9.81741 -0.464717 -0.0271404 -0.885043 46.4143 
-0.894637 0.0440543 0.444617 161.406 0.027618 0.998677 -0.043381 -9.92062 -0.44594 -0.0265308 -0.894669 45.2583 
-0.901715 0.0436946 0.430116 162.018 0.0277945 0.99868 -0.0431843 -9.96917 -0.431435 -0.026985 -0.90174 44.1382 
-0.911292 0.0410355 0.409711 162.74 0.025524 0.998738 -0.0432597 -10.0263 -0.410969 -0.0289647 -0.911189 43.1056 
-0.917799 0.0379779 0.395224 163.3 0.0228228 0.998815 -0.0429785 -10.0813 -0.396388 -0.0304255 -0.917579 41.8609 
-0.92342 0.0266405 0.382865 163.533 0.0135911 0.999232 -0.0367485 -10.2404 -0.38355 -0.0287307 -0.923073 40.9549 
-0.928775 0.0242609 0.36985 164.057 0.0129758 0.999372 -0.0329703 -10.2894 -0.370418 -0.0258229 -0.928506 39.7779 
-0.934049 0.0253843 0.356241 164.571 0.015592 0.999418 -0.0303328 -10.3237 -0.356804 -0.0227778 -0.933901 38.6126 
-0.937647 0.0300205 0.34629 165.066 0.0197263 0.999253 -0.0332143 -10.3609 -0.347029 -0.0243123 -0.937539 37.4288 
-0.939505 0.0348341 0.34076 165.502 0.0250126 0.999136 -0.0331746 -10.4156 -0.341621 -0.0226444 -0.939565 36.2396 
-0.942079 0.036705 0.333376 165.96 0.0257145 0.998972 -0.0373219 -10.434 -0.334403 -0.0265876 -0.942055 35.1355 
-0.94425 0.0349263 0.327372 166.401 0.0251042 0.9991 -0.0341821 -10.5137 -0.328272 -0.024058 -0.944277 33.9888 
-0.946679 0.026448 0.321091 166.834 0.0173588 0.999364 -0.0311376 -10.5663 -0.32171 -0.0239036 -0.946536 32.8507 
-0.948569 0.0250533 0.315577 167.312 0.0161692 0.999397 -0.0307391 -10.558 -0.316156 -0.0240556 -0.948402 31.6648 
-0.950915 0.0202576 0.308789 167.732 0.0117456 0.999499 -0.0293999 -10.684 -0.30923 -0.0243299 -0.950676 30.6742 
-0.951863 0.0170532 0.30605 168.089 0.00847802 0.999534 -0.0293264 -10.7793 -0.306408 -0.02532 -0.951564 29.5234 
-0.95293 0.0172934 0.302697 168.516 0.00825543 0.999482 -0.0311124 -10.8319 -0.303078 -0.0271491 -0.952579 28.3348 
-0.953097 0.0177158 0.302144 168.927 0.00863195 0.99947 -0.0313734 -10.892 -0.30254 -0.0272938 -0.952746 27.0673 
-0.953653 0.0197016 0.300261 169.39 0.00978883 0.999357 -0.0344825 -10.9174 -0.300748 -0.0299452 -0.953233 25.8623 
-0.955537 0.0160525 0.294433 169.804 0.00552945 0.999317 -0.0365379 -10.9733 -0.294818 -0.0332852 -0.954973 25.079 
-0.957015 0.0117696 0.289799 170.233 -0.000309398 0.999134 -0.0415997 -10.9738 -0.290038 -0.0399012 -0.956183 24.095 
-0.95669 0.010599 0.290916 170.641 -0.00178355 0.999105 -0.0422661 -11.0211 -0.291104 -0.0409544 -0.955814 22.8699 
-0.956383 0.0114796 0.291888 171.026 -0.00115528 0.999071 -0.0430774 -11.0827 -0.292112 -0.0415357 -0.955482 21.7417 
-0.955598 0.00773432 0.29457 171.407 -0.00574731 0.998976 -0.0448739 -11.1016 -0.294616 -0.0445744 -0.954576 20.6101 
-0.954778 0.00692861 0.29724 171.821 -0.00578819 0.999106 -0.0418815 -11.1654 -0.297264 -0.041708 -0.953884 19.5043 
-0.953738 -0.00180842 0.300632 172.226 -0.0159945 0.998871 -0.0447329 -11.1665 -0.300212 -0.047472 -0.95269 18.4304 
-0.95183 -0.00457055 0.306591 172.632 -0.017969 0.999002 -0.0408933 -11.2593 -0.306098 -0.0444326 -0.950962 17.2727 
-0.949687 -0.00827662 0.313092 173.063 -0.0220862 0.998932 -0.0405861 -11.3373 -0.312422 -0.0454591 -0.948855 16.1564 
-0.946759 -0.0118775 0.321724 173.482 -0.0257368 0.998913 -0.0388595 -11.4483 -0.320913 -0.0450707 -0.946036 14.9872 
-0.944332 -0.0126887 0.328748 174.018 -0.0295492 0.998488 -0.0463417 -11.4474 -0.327663 -0.0534762 -0.94328 13.7769 
-0.940755 -0.0117076 0.338883 174.396 -0.0277331 0.998712 -0.0424855 -11.5304 -0.33795 -0.0493667 -0.939869 12.6973 
-0.936288 -0.01623 0.350858 174.808 -0.0341053 0.998412 -0.0448275 -11.6404 -0.349573 -0.0539376 -0.935355 11.5676 
-0.931908 -0.0182918 0.362232 175.288 -0.0388002 0.998024 -0.0494232 -11.7052 -0.360612 -0.0601126 -0.930777 10.4425 
-0.926162 -0.0146965 0.376839 175.776 -0.034226 0.998392 -0.0451812 -11.8208 -0.375569 -0.0547428 -0.925176 9.21979 
-0.921897 -0.0201701 0.38691 176.254 -0.0401911 0.998235 -0.0437246 -11.9006 -0.385346 -0.05586 -0.92108 8.24821 
-0.915962 -0.0154795 0.400966 176.776 -0.0345619 0.998586 -0.0404019 -11.9853 -0.399773 -0.0508647 -0.915202 7.04949 
-0.910972 -0.0147967 0.412203 177.309 -0.0338975 0.998661 -0.0390654 -12.0672 -0.411073 -0.0495601 -0.910254 5.95059 
-0.908796 -0.0168732 0.416899 177.886 -0.0364543 0.998572 -0.0390512 -12.1227 -0.415645 -0.0506874 -0.908113 5.03704 
-0.904078 -0.0163282 0.427055 178.437 -0.0347312 0.998772 -0.0353387 -12.2112 -0.425954 -0.046781 -0.903535 4.08105 
-0.896842 -0.0166802 0.442036 178.943 -0.0373019 0.998581 -0.0380001 -12.2084 -0.440775 -0.0505688 -0.896192 2.98822 
-0.900478 -0.0152662 0.434633 180.146 -0.0364055 0.998522 -0.040353 -12.2514 -0.433374 -0.05216 -0.899703 2.16023 
-0.905523 -0.0217385 0.423741 181.376 -0.0451103 0.997959 -0.0452029 -12.3622 -0.421893 -0.0600474 -0.904655 1.41416 
-0.906883 -0.0209422 0.420862 182.008 -0.0453121 0.99782 -0.0479878 -12.3799 -0.418939 -0.0625894 -0.905855 0.746031 
-0.897989 -0.0130675 0.439823 182.642 -0.0378362 0.99815 -0.0475945 -12.3497 -0.438388 -0.0593806 -0.896822 -0.428922 
-0.887956 -0.0100635 0.459817 183.178 -0.0343088 0.998424 -0.0444025 -12.4522 -0.458646 -0.0552032 -0.886903 -1.53121 
-0.881888 -0.00658013 0.471413 184.105 -0.0365408 0.997849 -0.0544298 -12.3494 -0.470041 -0.0652268 -0.880231 -2.79013 
-0.873376 -0.0056042 0.487014 184.732 -0.033287 0.998282 -0.0482071 -12.4669 -0.485907 -0.0583141 -0.872063 -3.76797 
-0.857994 -0.000360334 0.513659 185.312 -0.0268518 0.998664 -0.0441515 -12.5382 -0.512957 -0.0516744 -0.856857 -4.95633 
-0.845525 0.0018192 0.533933 185.863 -0.0250311 0.99876 -0.0430417 -12.6177 -0.533349 -0.0497578 -0.844431 -5.84221 
-0.834389 0.00400036 0.551161 186.431 -0.0265805 0.998518 -0.0474868 -12.6318 -0.550535 -0.0542726 -0.833046 -6.56812 
-0.82295 0.00304651 0.568105 186.987 -0.0280781 0.998545 -0.0460285 -12.7241 -0.567419 -0.0538305 -0.821668 -7.24444 
-0.80875 0.0028416 0.588146 187.702 -0.0290323 0.998576 -0.0447464 -12.787 -0.587436 -0.0532638 -0.807516 -8.17369 
-0.794888 0.00307008 0.606749 188.301 -0.0332321 0.998266 -0.0485878 -12.8236 -0.605846 -0.0587854 -0.793407 -8.92308 
-0.778835 0.00103222 0.627228 189.12 -0.0369021 0.998191 -0.0474644 -12.9166 -0.626143 -0.0601129 -0.777388 -9.8445 
-0.763289 -0.00103948 0.646056 189.867 -0.0422891 0.997934 -0.0483572 -12.986 -0.644672 -0.0642316 -0.761756 -10.6682 
-0.744142 0.00135506 0.66802 190.766 -0.0411044 0.99801 -0.0478129 -13.0116 -0.666755 -0.0630381 -0.742606 -11.6313 
-0.726216 -0.00243386 0.687462 191.768 -0.0561913 0.996858 -0.0558298 -13.0252 -0.685166 -0.0791738 -0.724071 -12.4559 
-0.707201 -0.00204303 0.707009 192.602 -0.057443 0.996856 -0.0545781 -13.1094 -0.704675 -0.0792104 -0.705095 -13.2227 
-0.686695 0.0014151 0.726944 193.464 -0.0556325 0.996963 -0.0544931 -13.1829 -0.724813 -0.0778618 -0.684531 -13.9811 
-0.663112 0.00167473 0.748518 194.345 -0.0554731 0.997138 -0.0513747 -13.2516 -0.746461 -0.0755898 -0.661121 -14.7368 
-0.643026 0.00151089 0.765842 195.169 -0.0565527 0.997174 -0.0494508 -13.3097 -0.763753 -0.0751086 -0.641124 -15.3282 
-0.621365 0.000904966 0.78352 196.124 -0.0547508 0.997505 -0.044572 -13.3618 -0.781606 -0.0705939 -0.619765 -15.9748 
-0.591115 0.00154236 0.806586 196.916 -0.0432265 0.9985 -0.0335884 -13.4892 -0.805428 -0.0547205 -0.590162 -16.7064 
-0.575345 0.00201127 0.817908 197.996 -0.0589181 0.997297 -0.0438975 -13.4936 -0.815786 -0.0734458 -0.573672 -17.0612 
-0.550734 0.00618784 0.834658 198.91 -0.0563471 0.997416 -0.0445742 -13.4597 -0.832777 -0.0715791 -0.548962 -17.4892 
-0.526583 0.0055032 0.850106 199.764 -0.0685262 0.99645 -0.048898 -13.5018 -0.847357 -0.0840034 -0.524337 -17.9179 
-0.501227 0.00450046 0.865304 200.385 -0.0656698 0.996905 -0.0432242 -13.5687 -0.86282 -0.0784894 -0.49938 -18.2765 
-0.481183 0.00402839 0.876611 200.626 -0.0635278 0.9972 -0.0394539 -13.5476 -0.874315 -0.0746737 -0.47958 -18.3551 
-0.452978 0.00175698 0.89152 201.383 -0.0665486 0.997141 -0.0357783 -13.6223 -0.889034 -0.0755362 -0.451566 -18.7382 
-0.420293 0.000807646 0.907388 202.383 -0.0641483 0.997471 -0.0306007 -13.6783 -0.905118 -0.0710686 -0.419178 -19.2317 
-0.394096 0.00381083 0.919061 203.529 -0.0700227 0.99696 -0.0341598 -13.6486 -0.916398 -0.0778174 -0.392631 -19.4891 
-0.363569 0.00664401 0.931544 204.808 -0.0798453 0.996072 -0.0382668 -13.6489 -0.928139 -0.088292 -0.36161 -19.8029 
-0.331994 0.0072354 0.943254 205.906 -0.0801002 0.996142 -0.0358338 -13.7009 -0.939874 -0.0874514 -0.330134 -20.1511 
-0.299988 0.00469391 0.953931 206.465 -0.0766602 0.996635 -0.0290119 -13.8515 -0.950858 -0.0818318 -0.298619 -20.445 
-0.2668 0.00613051 0.963732 207.576 -0.0806169 0.996333 -0.0286559 -13.8649 -0.960374 -0.0853385 -0.265327 -20.7605 
-0.233113 0.00685191 0.972425 208.731 -0.0843831 0.996061 -0.0272472 -13.8906 -0.968781 -0.088408 -0.231617 -21.0397 
-0.205886 0.0096428 0.978528 209.634 -0.0911661 0.995414 -0.028991 -13.8769 -0.97432 -0.0951774 -0.204063 -21.1259 
-0.175197 0.0118574 0.984462 210.85 -0.0941365 0.995144 -0.0287389 -13.8846 -0.980023 -0.0977088 -0.17323 -21.2641 
-0.146252 0.0125813 0.989167 211.975 -0.0966893 0.99495 -0.0269508 -13.8943 -0.984511 -0.0995835 -0.144297 -21.3946 
-0.115673 0.0117334 0.993218 213.096 -0.0944841 0.995266 -0.0227616 -13.9386 -0.988783 -0.0964762 -0.114017 -21.5225 
-0.0850094 0.0125553 0.996301 214.323 -0.0926308 0.99549 -0.0204489 -13.9807 -0.992065 -0.0940266 -0.083463 -21.6506 
-0.0534903 0.0135861 0.998476 215.495 -0.0902283 0.995751 -0.0183828 -13.9965 -0.994484 -0.0910741 -0.0520372 -21.7033 
-0.024978 0.0130094 0.999603 216.555 -0.0868418 0.996107 -0.015134 -14.0243 -0.995909 -0.0871854 -0.023751 -21.6878 
0.00500638 0.0121102 0.999914 217.597 -0.0848002 0.99633 -0.0116423 -14.0433 -0.996385 -0.0847346 0.00601495 -21.6775 
0.0350234 0.0127973 0.999304 218.735 -0.0844707 0.996378 -0.00979943 -14.0536 -0.99581 -0.0840688 0.0359775 -21.6091 
0.0655063 0.0137159 0.997758 219.923 -0.0818397 0.996611 -0.00832718 -14.0543 -0.99449 -0.0811107 0.0664068 -21.517 
0.0950322 0.0134711 0.995383 221.044 -0.0813782 0.996667 -0.0057191 -14.0849 -0.992142 -0.080459 0.0958117 -21.3911 
0.123213 0.0134845 0.992289 222.275 -0.0801676 0.996775 -0.00359106 -14.0638 -0.989137 -0.0791069 0.123897 -21.1775 
0.152619 0.0117554 0.988215 223.398 -0.0785297 0.996912 0.000269158 -14.0911 -0.98516 -0.0776453 0.153071 -20.9902 
0.182139 0.0139336 0.983174 224.56 -0.0756356 0.997135 -0.000119557 -14.0968 -0.980359 -0.0743412 0.182671 -20.7632 
0.213191 0.0154557 0.976888 225.769 -0.072127 0.997395 -3.96208e-05 -14.1115 -0.974344 -0.0704516 0.213751 -20.5 
0.242653 0.014226 0.970009 226.928 -0.0711208 0.997463 0.00316252 -14.1373 -0.967503 -0.0697552 0.243049 -20.2113 
0.270148 0.0134709 0.962724 228.093 -0.0713684 0.997431 0.0060699 -14.151 -0.96017 -0.0703479 0.270416 -19.794 
0.29831 0.00691761 0.954444 229.171 -0.0618673 0.998011 0.0121031 -14.1614 -0.952462 -0.0626593 0.298145 -19.4287 
0.321146 0.0063077 0.947009 230.131 -0.0635477 0.997867 0.0149035 -14.1787 -0.944895 -0.0649665 0.320862 -19.0046 
0.34375 0.00584852 0.939043 231.175 -0.0638188 0.997814 0.0171471 -14.1707 -0.93689 -0.0658229 0.343372 -18.5533 
0.364014 0.00579224 0.931375 232.172 -0.0657746 0.997644 0.0195026 -14.1473 -0.929068 -0.0683601 0.363538 -18.0794 
0.385908 0.00232725 0.922534 233.347 -0.0626827 0.997752 0.0237038 -14.1268 -0.920405 -0.0669744 0.385186 -17.6116 
0.405161 -0.000851677 0.914245 234.265 -0.0592242 0.997875 0.0271756 -14.1151 -0.912325 -0.0651559 0.40425 -17.1237 
0.420138 0.000306628 0.90746 235.255 -0.0595311 0.997855 0.0272246 -14.0698 -0.905505 -0.0654603 0.419255 -16.5767 
0.438392 -0.000436168 0.898784 236.309 -0.0558967 0.998051 0.0277484 -14.0255 -0.897044 -0.0624038 0.437513 -16.0263 
0.457053 -0.00030896 0.889439 237.432 -0.0538855 0.998153 0.0280365 -13.9846 -0.887806 -0.0607421 0.456192 -15.4625 
0.475795 -0.00193772 0.879554 238.499 -0.0509187 0.99826 0.0297436 -13.9682 -0.878081 -0.0589376 0.474868 -14.8817 
0.490082 -0.00218982 0.871674 239.516 -0.053146 0.998061 0.0323876 -13.9231 -0.870055 -0.0621986 0.489016 -14.1786 
0.505337 -0.00581807 0.862902 240.503 -0.0485612 0.998201 0.0351689 -13.8776 -0.861554 -0.0596758 0.504146 -13.5431 
0.52499 -0.00663689 0.851083 241.591 -0.0458185 0.998299 0.0360479 -13.8343 -0.849874 -0.0579201 0.523793 -12.9225 
0.538769 -0.00721559 0.842423 242.563 -0.0437599 0.998374 0.0365378 -13.818 -0.841316 -0.0565498 0.537577 -12.1852 
0.554124 -0.0080783 0.832395 243.513 -0.041446 0.998445 0.0372802 -13.792 -0.831402 -0.0551574 0.552928 -11.4998 
0.567898 -0.00912411 0.823048 244.486 -0.0402192 0.998436 0.0388193 -13.7691 -0.822116 -0.0551478 0.566643 -10.7623 
0.583223 -0.0113714 0.812233 245.547 -0.0378082 0.998438 0.0411263 -13.7073 -0.811432 -0.0546949 0.581882 -10.0294 
0.593521 -0.0121834 0.804726 246.433 -0.0367576 0.998432 0.0422263 -13.6682 -0.803979 -0.0546421 0.592142 -9.23653 
0.605502 -0.00556061 0.795825 247.405 -0.0387153 0.998586 0.0364337 -13.5454 -0.794902 -0.0528712 0.60443 -8.45191 
0.616571 -0.00555217 0.78728 248.414 -0.0353766 0.99877 0.0347493 -13.5079 -0.786504 -0.0492767 0.615616 -7.60704 
0.628735 -0.00684284 0.777589 249.42 -0.0331703 0.998815 0.03561 -13.4556 -0.776911 -0.0481821 0.627763 -6.80572 
0.639374 -0.00971329 0.768834 250.357 -0.0301831 0.998832 0.0377196 -13.446 -0.768303 -0.0473227 0.638335 -6.01623 
0.647807 -0.00833178 0.761759 251.273 -0.0313407 0.998802 0.0375768 -13.4138 -0.761159 -0.0482166 0.64677 -5.21088 
0.654698 -0.00731774 0.755855 252.291 -0.032138 0.998779 0.0375064 -13.3476 -0.755207 -0.0488471 0.653664 -4.23546 
0.659017 -0.00883386 0.752076 253.284 -0.0307054 0.998781 0.0386376 -13.2879 -0.751501 -0.0485557 0.657943 -3.28083 
0.663189 -0.0128642 0.748341 254.26 -0.0263415 0.998832 0.0405143 -13.2223 -0.747988 -0.0465811 0.662075 -2.36914 
0.665634 -0.00963286 0.746216 255.055 -0.0305909 0.998724 0.0401797 -13.1692 -0.745651 -0.0495724 0.66449 -1.55124 
0.670267 -0.00952077 0.742059 256.074 -0.0307574 0.998702 0.0405951 -13.112 -0.741482 -0.0500334 0.669104 -0.657841 
0.671297 -0.0121432 0.741089 257.041 -0.0295978 0.998629 0.0431735 -13.0803 -0.740597 -0.0509169 0.670017 0.266121 
0.676695 -0.0131573 0.736146 258.196 -0.0293985 0.99856 0.0448717 -13.06 -0.735677 -0.0520061 0.675333 1.24494 
0.679235 -0.0128402 0.733809 259.189 -0.0299228 0.998531 0.0451697 -13.0214 -0.733311 -0.0526385 0.677853 2.19609 
0.682234 -0.0150344 0.730979 260.132 -0.0279007 0.998525 0.0465772 -12.9681 -0.730601 -0.0521714 0.680808 3.07104 
0.684906 -0.0126887 0.728521 261.079 -0.0311777 0.998422 0.0467005 -12.9287 -0.727964 -0.0546991 0.68343 3.97499 
0.688744 -0.0160433 0.724827 262.176 -0.0269295 0.998499 0.0476894 -12.8709 -0.724505 -0.0523651 0.687278 5.00245 
0.691744 -0.0158114 0.72197 263.191 -0.0271408 0.998485 0.0478716 -12.8158 -0.721633 -0.0527098 0.690266 5.96346 
0.694306 -0.0133561 0.719556 264.114 -0.0316425 0.998294 0.0490618 -12.7686 -0.718984 -0.0568325 0.692699 6.89564 
