1 2.12261e-08 -2.11895e-08 0 2.12261e-08 1 2.10703e-08 0 -2.11895e-08 2.10703e-08 1 0 
0.999997 -0.00203629 -0.00117215 -0.0148606 0.0020354 0.999998 -0.000794709 -0.0145357 0.00117372 0.000792363 0.999999 0.579302 
0.999995 -0.00243329 -0.00178651 -0.059822 0.00243071 0.999996 -0.00146968 -0.0317916 0.00179003 0.00146537 0.999997 1.12664 
0.999988 -0.00282939 -0.00407489 -0.0625066 0.00282091 0.999994 -0.002095 -0.060203 0.00408075 0.00208352 0.99999 1.68194 
0.999972 -0.0044158 -0.00602766 -0.0812114 0.0043839 0.999976 -0.00530185 -0.0471424 0.00605089 0.00527532 0.999968 2.2567 
0.999948 -0.00718109 -0.00723866 -0.10277 0.00713301 0.999952 -0.00665226 -0.0677088 0.00728605 0.00660032 0.999952 2.81837 
0.999937 -0.00840385 -0.00749114 -0.139751 0.00834977 0.999939 -0.00722704 -0.0801065 0.00755137 0.00716408 0.999946 3.38733 
0.999933 -0.00796981 -0.00844776 -0.174413 0.00791178 0.999945 -0.0068859 -0.0912466 0.00850214 0.00681864 0.999941 3.93991 
0.999909 -0.00914432 -0.00995421 -0.18057 0.00907255 0.999933 -0.00723521 -0.100278 0.0100197 0.00714428 0.999924 4.54285 
0.999916 -0.00811958 -0.0101516 -0.228008 0.00801659 0.999916 -0.010149 -0.109791 0.0102331 0.0100668 0.999897 5.11197 
0.999932 -0.00349483 -0.0111366 -0.24211 0.00332432 0.999878 -0.015297 -0.088397 0.0111886 0.0152589 0.999821 5.73922 
0.99991 -0.00276457 -0.0131138 -0.238105 0.00252376 0.999829 -0.0183469 -0.117776 0.0131623 0.0183122 0.999746 6.36326 
0.999897 -0.0011332 -0.0143253 -0.245128 0.000870237 0.999831 -0.0183526 -0.132918 0.0143436 0.0183383 0.999729 6.97021 
0.99987 0.000413715 -0.0161295 -0.264859 -0.000585926 0.999943 -0.0106762 -0.16226 0.0161241 0.0106843 0.999813 7.63789 
0.999839 0.00236529 -0.0177925 -0.261578 -0.00237795 0.999997 -0.000692647 -0.159312 0.0177907 0.000734887 0.999842 8.28915 
0.999844 0.00301494 -0.0174094 -0.321161 -0.00291866 0.99998 0.00555078 -0.179962 0.0174257 -0.00549906 0.999833 8.95724 
0.999814 0.00599575 -0.0183477 -0.339872 -0.00590827 0.999971 0.00481582 -0.19856 0.018376 -0.00470647 0.99982 9.64258 
0.999793 0.0069548 -0.0191056 -0.381653 -0.00698369 0.999975 -0.00144814 -0.215968 0.019095 0.00158131 0.999816 10.3406 
0.999728 0.006753 -0.0223056 -0.346385 -0.00692762 0.999946 -0.00776246 -0.204247 0.0222519 0.00791492 0.999721 10.8809 
0.999736 0.0053232 -0.0223636 -0.396719 -0.0054578 0.999967 -0.00596387 -0.209641 0.0223311 0.0060844 0.999732 11.5748 
0.999738 0.0046367 -0.0224051 -0.43674 -0.00453666 0.99998 0.00451196 -0.234075 0.0224255 -0.00440909 0.999739 12.3377 
0.999804 0.0052153 -0.0190923 -0.567797 -0.00499861 0.999923 0.0113776 -0.243171 0.0191501 -0.0112799 0.999753 13.0869 
0.99981 0.00492975 -0.0188443 -0.617903 -0.00468189 0.999902 0.0131724 -0.232743 0.0189073 -0.0130817 0.999736 13.8653 
0.999798 0.00283976 -0.0199158 -0.626884 -0.00259967 0.999924 0.0120686 -0.230028 0.0199485 -0.0120143 0.999729 14.6795 
0.999858 0.00378444 -0.0164276 -0.700078 -0.00362877 0.999948 0.00949319 -0.222219 0.0164627 -0.00943218 0.99982 15.48 
0.999848 0.00625784 -0.0162888 -0.740517 -0.00618167 0.99997 0.00471985 -0.205308 0.0163178 -0.0046184 0.999856 16.3848 
0.999913 0.00319847 -0.0127849 -0.806038 -0.00321067 0.999994 -0.000936984 -0.215751 0.0127818 0.000977993 0.999918 17.2238 
0.999924 0.00242909 -0.0121058 -0.828833 -0.00248769 0.999985 -0.00483149 -0.272918 0.0120938 0.00486128 0.999915 18.0954 
0.999926 0.00412494 -0.0114187 -0.842228 -0.00424714 0.999934 -0.0107021 -0.270161 0.0113737 0.0107498 0.999878 18.9988 
0.999917 0.00264583 -0.0126053 -0.849839 -0.00278567 0.999935 -0.0110921 -0.279467 0.0125751 0.0111263 0.999859 19.8977 
0.999909 0.00255307 -0.0132175 -0.87469 -0.00270052 0.999934 -0.0111536 -0.294782 0.0131881 0.0111884 0.99985 20.8079 
0.999924 0.00454137 -0.0114656 -0.960561 -0.00468781 0.999907 -0.0127814 -0.314708 0.0114064 0.0128342 0.999853 21.8041 
0.999922 0.00666226 -0.0105273 -0.991724 -0.00681771 0.999867 -0.014804 -0.33493 0.0104272 0.0148747 0.999835 22.7124 
0.999892 0.0107636 -0.0100181 -1.045 -0.0109217 0.999814 -0.015875 -0.344001 0.00984534 0.0159827 0.999824 23.6866 
0.999872 0.0101364 -0.0123637 -1.048 -0.010327 0.999827 -0.0154571 -0.388186 0.0122048 0.0155828 0.999804 24.639 
0.999872 0.0113567 -0.0112961 -1.10412 -0.0115284 0.999817 -0.0152521 -0.422541 0.0111207 0.0153804 0.99982 25.6244 
0.99988 0.0119211 -0.0099091 -1.1703 -0.012071 0.999812 -0.0152083 -0.450503 0.00972589 0.0153262 0.999835 26.6274 
0.999861 0.0126825 -0.0108721 -1.19388 -0.0128339 0.99982 -0.0139726 -0.484087 0.0106929 0.0141102 0.999843 27.611 
0.999841 0.0142825 -0.010644 -1.24328 -0.014411 0.999823 -0.0120928 -0.512489 0.0104694 0.0122444 0.99987 28.6223 
0.999804 0.0154758 -0.0123885 -1.25092 -0.0156178 0.999812 -0.0114574 -0.526765 0.0122088 0.0116487 0.999858 29.6167 
0.999804 0.0144231 -0.013556 -1.26741 -0.0145904 0.999818 -0.0123266 -0.558054 0.0133757 0.012522 0.999832 30.629 
0.999768 0.0159385 -0.0145101 -1.30656 -0.0161202 0.999792 -0.0124972 -0.593572 0.0143078 0.0127282 0.999817 31.6693 
0.999725 0.0153975 -0.0177116 -1.30929 -0.0155914 0.999819 -0.0108659 -0.629832 0.017541 0.0111391 0.999784 32.7411 
0.999732 0.0141011 -0.0183877 -1.34944 -0.0142455 0.999869 -0.00775016 -0.664438 0.0182759 0.00801006 0.999801 33.8202 
0.999721 0.0147086 -0.0184639 -1.38131 -0.0147934 0.999881 -0.00447014 -0.676693 0.0183959 0.00474208 0.99982 34.879 
0.999712 0.0145272 -0.0191223 -1.42323 -0.0145649 0.999892 -0.00183674 -0.709663 0.0190936 0.00211476 0.999816 35.9556 
0.999682 0.0157021 -0.0197446 -1.45951 -0.0157322 0.999875 -0.00137076 -0.722071 0.0197206 0.00168099 0.999804 37.0528 
0.999669 0.0158285 -0.0202871 -1.49968 -0.0159023 0.999868 -0.00348262 -0.721729 0.0202292 0.00380412 0.999788 38.1403 
0.999647 0.0163597 -0.0209146 -1.54457 -0.0164587 0.999854 -0.004572 -0.7323 0.0208367 0.00491466 0.999771 39.2005 
0.999609 0.0169143 -0.0222568 -1.58013 -0.0170054 0.999848 -0.0039117 -0.739504 0.0221872 0.0042887 0.999745 40.2741 
0.999607 0.0182224 -0.021316 -1.65338 -0.0182744 0.999831 -0.00225036 -0.7568 0.0212713 0.00263906 0.99977 41.3521 
0.999594 0.0183442 -0.0217829 -1.71219 -0.0183523 0.999832 -0.000174976 -0.762369 0.021776 0.000574713 0.999763 42.4493 
0.999606 0.0181819 -0.0214063 -1.76538 -0.0181952 0.999834 -0.000426583 -0.788583 0.021395 0.000815948 0.999771 43.4828 
0.999566 0.0198335 -0.0217848 -1.79342 -0.0199338 0.999792 -0.00439835 -0.809121 0.021693 0.00483074 0.999753 44.5208 
0.999581 0.020912 -0.0199937 -1.87139 -0.0210927 0.999738 -0.00887538 -0.832163 0.0198028 0.00929342 0.999761 45.616 
0.999584 0.0205059 -0.0202775 -1.91348 -0.0207018 0.999741 -0.00950198 -0.858643 0.0200774 0.00991785 0.999749 46.6769 
0.99958 0.0207276 -0.0202429 -1.95019 -0.0208691 0.999759 -0.00680533 -0.881445 0.0200969 0.00722496 0.999772 47.7699 
0.999571 0.0214226 -0.0199639 -2.01164 -0.0215132 0.999759 -0.00433577 -0.918119 0.0198662 0.00476344 0.999791 48.8571 
0.999636 0.018806 -0.019356 -2.05787 -0.0188819 0.999815 -0.0037438 -0.932366 0.019282 0.00410796 0.999806 49.9361 
0.999603 0.019681 -0.0201619 -2.08402 -0.0197807 0.999793 -0.00475882 -0.963354 0.020064 0.00515579 0.999785 51.021 
0.999634 0.0184831 -0.0197319 -2.11541 -0.0186353 0.999798 -0.00755994 -0.975192 0.0195881 0.00792493 0.999777 52.0906 
0.999626 0.0192908 -0.019407 -2.14153 -0.019487 0.99976 -0.00997772 -1.00916 0.0192098 0.0103522 0.999762 53.1496 
0.999637 0.0188403 -0.0192535 -2.18602 -0.0190944 0.999732 -0.0131011 -1.02399 0.0190014 0.013464 0.999729 54.2183 
0.999672 0.0174014 -0.018796 -2.22946 -0.0177002 0.999718 -0.0158527 -1.07444 0.0185148 0.0161802 0.999698 55.2801 
0.999681 0.0161255 -0.019424 -2.24599 -0.0164645 0.999713 -0.0174209 -1.10261 0.0191375 0.0177352 0.99966 56.3461 
0.999727 0.0137175 -0.0189211 -2.28713 -0.0140012 0.99979 -0.0149441 -1.14005 0.0187121 0.015205 0.999709 57.4416 
0.999736 0.0125048 -0.0192785 -2.3211 -0.012676 0.999881 -0.0087854 -1.1688 0.0191663 0.0090275 0.999776 58.6033 
0.999734 0.0106901 -0.0204179 -2.35043 -0.010761 0.999936 -0.00336916 -1.19294 0.0203805 0.00358802 0.999786 59.7157 
0.99974 0.00879288 -0.0210392 -2.36512 -0.00882776 0.99996 -0.00156727 -1.22317 0.0210246 0.00175264 0.999777 60.7806 
0.999802 0.00603759 -0.0189389 -2.45032 -0.00611787 0.999973 -0.0041862 -1.25709 0.018913 0.00430128 0.999812 61.8859 
0.999813 0.00490905 -0.0186891 -2.52012 -0.00503813 0.999964 -0.00686816 -1.28655 0.0186546 0.00696107 0.999802 62.9562 
0.999804 0.00579412 -0.0189406 -2.56353 -0.00599559 0.999926 -0.0106 -1.31833 0.0188778 0.0107116 0.999764 64.0087 
0.999796 0.00629521 -0.0191836 -2.59796 -0.0065918 0.999859 -0.015439 -1.33889 0.0190836 0.0155623 0.999697 65.0796 
0.999774 0.00959124 -0.01899 -2.63796 -0.00988612 0.999831 -0.0154983 -1.37718 0.0188381 0.0156825 0.9997 66.165 
0.999763 0.0134535 -0.0171057 -2.69605 -0.0136639 0.999832 -0.0122454 -1.39999 0.016938 0.0124762 0.999779 67.2738 
0.999746 0.0132093 -0.0182623 -2.71938 -0.0134213 0.999843 -0.0115405 -1.42273 0.018107 0.0117827 0.999767 68.407 
0.999755 0.0137045 -0.0173802 -2.77591 -0.013892 0.999846 -0.0107159 -1.43676 0.0172306 0.0109547 0.999792 69.4525 
0.999803 0.01038 -0.0169495 -2.82353 -0.0105481 0.999896 -0.00986359 -1.45468 0.0168453 0.0100405 0.999808 70.5482 
0.999796 0.0106338 -0.0171562 -2.8696 -0.0107812 0.999906 -0.00851961 -1.49365 0.0170639 0.00870288 0.999817 71.6329 
0.999801 0.00935449 -0.0176375 -2.88971 -0.00946003 0.999938 -0.00591183 -1.52321 0.017581 0.00607754 0.999827 72.7269 
0.999779 0.00815293 -0.0193913 -2.91121 -0.00822456 0.99996 -0.00361906 -1.56095 0.019361 0.00377779 0.999805 73.8124 
0.999766 0.00825842 -0.020017 -2.946 -0.0083518 0.999955 -0.00458834 -1.59267 0.0199782 0.00475448 0.999789 74.9238 
0.999716 0.0082407 -0.0223466 -2.94456 -0.00841775 0.999934 -0.00784248 -1.62742 0.0222804 0.00802841 0.99972 75.9754 
0.999691 0.00916796 -0.0230912 -2.98985 -0.00937592 0.999916 -0.00891574 -1.67066 0.0230075 0.00912953 0.999694 77.0519 
0.999652 0.0108573 -0.0240445 -3.05635 -0.0110482 0.999908 -0.00782336 -1.69334 0.0239573 0.00808633 0.99968 78.1679 
0.99963 0.011726 -0.0245428 -3.09823 -0.0118101 0.999925 -0.00328826 -1.71755 0.0245023 0.00357694 0.999693 79.2409 
0.999616 0.0130115 -0.0244745 -3.1876 -0.0129763 0.999915 0.00159618 -1.7731 0.0244931 -0.00127794 0.999699 80.3179 
0.99956 0.0164899 -0.0246387 -3.22248 -0.0164269 0.999861 0.00275553 -1.82032 0.0246807 -0.00234954 0.999693 81.3841 
0.999587 0.0173567 -0.0228942 -3.32122 -0.017302 0.999847 0.00258287 -1.8642 0.0229355 -0.00218565 0.999735 82.4231 
0.999563 0.0188686 -0.0227625 -3.36696 -0.0188136 0.99982 0.0026265 -1.90589 0.0228079 -0.00219706 0.999737 83.5058 
0.99957 0.0175296 -0.0235062 -3.40853 -0.0174934 0.999845 0.00174571 -1.90988 0.0235331 -0.00133371 0.999722 84.5989 
0.99959 0.0177428 -0.0224834 -3.49791 -0.0176737 0.999839 0.00326516 -1.95051 0.0225376 -0.00286641 0.999742 85.5745 
0.99962 0.0149893 -0.0231459 -3.55154 -0.0148878 0.999879 0.00454624 -1.97886 0.0232112 -0.00419988 0.999722 86.5626 
0.999558 0.0171116 -0.0242971 -3.57284 -0.0169508 0.999833 0.00680943 -1.98139 0.0244095 -0.00639452 0.999682 87.6098 
0.999572 0.013122 -0.026154 -3.59165 -0.0129363 0.99989 0.00725667 -1.99054 0.0262463 -0.00691519 0.999632 88.5927 
0.999559 0.0124956 -0.026939 -3.65383 -0.0123105 0.9999 0.00702598 -1.98175 0.027024 -0.00669121 0.999612 89.5823 
0.999478 0.0139701 -0.0291361 -3.71849 -0.0138107 0.999889 0.00566421 -2.00123 0.0292119 -0.00525881 0.999559 90.4916 
0.999399 0.0133654 -0.0319808 -3.76159 -0.013228 0.999902 0.00450177 -2.01505 0.0320378 -0.00407598 0.999478 91.3992 
0.999281 0.0152798 -0.0347067 -3.81794 -0.0151336 0.999876 0.00447029 -2.02218 0.0347706 -0.00394179 0.999388 92.2761 
0.999171 0.0157467 -0.0375368 -3.8822 -0.0155711 0.999866 0.00496452 -2.0379 0.03761 -0.00437587 0.999283 93.1526 
0.999091 0.0174455 -0.0388868 -3.95756 -0.0172155 0.999832 0.00624065 -2.05854 0.0389891 -0.00556549 0.999224 93.9832 
0.998942 0.0185474 -0.0420781 -4.006 -0.0182722 0.999809 0.00691514 -2.05497 0.0421982 -0.00613893 0.99909 94.8071 
0.998839 0.0205384 -0.0435769 -4.06322 -0.0201888 0.999761 0.00844647 -2.08298 0.0437399 -0.00755686 0.999014 95.5861 
0.998698 0.0243808 -0.0448005 -4.16704 -0.0240319 0.999677 0.00830974 -2.08431 0.0449886 -0.00722224 0.998961 96.4057 
0.998567 0.0277013 -0.0457816 -4.2493 -0.0273947 0.999598 0.00731067 -2.09864 0.0459657 -0.00604598 0.998925 97.0956 
0.998378 0.0277779 -0.0496897 -4.2798 -0.0277253 0.999614 0.00174526 -2.09739 0.0497189 -0.000364723 0.998763 97.8184 
0.998238 0.0299004 -0.0512572 -4.34249 -0.0300105 0.999549 -0.00138079 -2.12094 0.0511927 0.00291666 0.998685 98.4924 
0.998139 0.0321408 -0.0518307 -4.45497 -0.0323671 0.99947 -0.00353306 -2.1473 0.0516897 0.00520414 0.99865 99.0989 
0.99802 0.0337781 -0.0530528 -4.48484 -0.034091 0.999406 -0.00500468 -2.15738 0.0528523 0.00680344 0.998579 99.7286 
0.997978 0.0358325 -0.0524994 -4.5275 -0.0361309 0.999336 -0.00474665 -2.16474 0.0522944 0.00663394 0.99861 100.312 
0.998028 0.0389157 -0.0492594 -4.56833 -0.0391117 0.99923 -0.00302079 -2.19488 0.0491039 0.0049415 0.998781 100.877 
0.998155 0.0409849 -0.0447948 -4.56962 -0.0411378 0.99915 -0.00249819 -2.19626 0.0446543 0.00433638 0.998993 101.414 
0.998472 0.0408167 -0.0372599 -4.58859 -0.0408673 0.999164 -0.000597271 -2.21315 0.0372043 0.00211911 0.999305 101.959 
0.998773 0.0409768 -0.0278136 -4.60147 -0.0409511 0.99916 0.00149114 -2.22089 0.0278513 -0.000350264 0.999612 102.447 
0.999046 0.0403657 -0.0166706 -4.60343 -0.0403266 0.999183 0.00267195 -2.23284 0.0167648 -0.00199709 0.999858 102.929 
0.999233 0.0390545 -0.00298042 -4.61103 -0.0390472 0.999234 0.00244159 -2.24331 0.00307345 -0.0023233 0.999993 103.391 
0.999166 0.0389854 0.0121345 -4.59464 -0.0390018 0.999239 0.00112601 -2.24928 -0.0120814 -0.0015983 0.999926 103.828 
0.998807 0.0381015 0.0305501 -4.5781 -0.0380339 0.999273 -0.00278831 -2.25633 -0.0306342 0.00162308 0.999529 104.266 
0.997953 0.0372817 0.0519702 -4.56499 -0.0369343 0.999289 -0.00762864 -2.26342 -0.0522177 0.00569358 0.99862 104.647 
0.996416 0.0361576 0.0764689 -4.50907 -0.0352394 0.99929 -0.0133237 -2.26631 -0.0768964 0.0105813 0.996983 105.074 
0.994022 0.0347979 0.103483 -4.4617 -0.0332579 0.999309 -0.0165707 -2.27546 -0.103988 0.0130301 0.994493 105.458 
0.990419 0.0317995 0.134381 -4.39976 -0.0296565 0.9994 -0.017919 -2.29187 -0.13487 0.0137621 0.990768 105.825 
0.985621 0.0295585 0.166367 -4.30803 -0.0263837 0.999426 -0.0212608 -2.29169 -0.1669 0.0165658 0.985835 106.193 
0.978746 0.0271333 0.203272 -4.2435 -0.0229313 0.999473 -0.0229988 -2.30889 -0.203789 0.0178487 0.978852 106.553 
0.969899 0.0235522 0.242365 -4.14233 -0.0185787 0.999568 -0.022786 -2.33812 -0.242797 0.0175973 0.969917 106.898 
0.958635 0.021148 0.283853 -4.06881 -0.0151834 0.999616 -0.0231968 -2.37081 -0.284235 0.0179275 0.958587 107.214 
0.944943 0.022818 0.326438 -3.95932 -0.0152096 0.99955 -0.0258411 -2.37304 -0.326881 0.0194534 0.944865 107.535 
0.928275 0.0230283 0.371182 -3.83553 -0.0142165 0.999549 -0.026459 -2.40336 -0.371624 0.0192844 0.928183 107.839 
0.909589 0.0214599 0.414954 -3.67728 -0.0123777 0.999622 -0.0245643 -2.43868 -0.415324 0.0172073 0.909511 108.117 
0.888419 0.0209609 0.458555 -3.49468 -0.0109927 0.999642 -0.0243969 -2.44732 -0.458902 0.016634 0.888331 108.395 
0.864028 0.0196598 0.50306 -3.29639 -0.00775927 0.999639 -0.0257392 -2.46165 -0.503384 0.0183361 0.863868 108.677 
0.837636 0.020429 0.545847 -3.09124 -0.00578016 0.999576 -0.0285402 -2.47028 -0.546199 0.0207513 0.837399 108.941 
0.808316 0.0226675 0.588312 -2.88428 -0.00469116 0.999475 -0.032064 -2.48886 -0.58873 0.023158 0.807998 109.189 
0.775707 0.0272069 0.630507 -2.66651 -0.00551341 0.999324 -0.0363385 -2.51587 -0.631069 0.0247118 0.775333 109.44 
0.739665 0.0333654 0.672148 -2.46323 -0.00838834 0.99915 -0.0403667 -2.53487 -0.672923 0.0242197 0.739316 109.673 
0.70106 0.0377871 0.712101 -2.2021 -0.00917582 0.99899 -0.0439771 -2.53924 -0.713044 0.0242965 0.700699 109.895 
0.659498 0.0383419 0.750728 -1.901 -0.00806307 0.999002 -0.0439386 -2.57685 -0.751663 0.0229243 0.659149 110.131 
0.617131 0.035725 0.786049 -1.60352 -0.00109757 0.999007 -0.0445419 -2.57525 -0.786859 0.0266255 0.616558 110.317 
0.571586 0.033796 0.819846 -1.31404 0.000124204 0.999148 -0.0412737 -2.5936 -0.820542 0.0236933 0.571095 110.493 
0.52372 0.0324696 0.851272 -0.9828 0.00267842 0.999206 -0.03976 -2.60099 -0.851887 0.0231031 0.523217 110.663 
0.474108 0.0300233 0.879955 -0.647098 0.00699408 0.999259 -0.0378621 -2.60487 -0.880439 0.0241052 0.473547 110.824 
0.421195 0.0257242 0.906605 -0.308152 0.0106563 0.999388 -0.0333075 -2.6261 -0.906907 0.02369 0.420664 110.97 
0.368036 0.0257475 0.929455 0.0257312 0.00840214 0.999484 -0.0310143 -2.65248 -0.929774 0.0192238 0.36763 111.082 
0.316891 0.0312479 0.947947 0.411092 0.00609196 0.99937 -0.0349794 -2.66032 -0.948442 0.0168596 0.316501 111.17 
0.265683 0.0357441 0.963398 0.788173 0.00669776 0.99922 -0.0389202 -2.69147 -0.964037 0.0167931 0.265237 111.251 
0.21812 0.0378315 0.975188 1.17583 0.0076864 0.999151 -0.0404803 -2.71461 -0.975892 0.0163253 0.217644 111.314 
0.177067 0.0379313 0.983468 1.58128 0.0149963 0.999037 -0.0412317 -2.72986 -0.984085 0.0220491 0.176327 111.35 
0.142019 0.0382061 0.989126 2.01087 0.0239489 0.99883 -0.0420194 -2.74458 -0.989574 0.029656 0.140938 111.377 
0.112004 0.0394482 0.992925 2.4575 0.0280065 0.99869 -0.0428364 -2.76587 -0.993313 0.0326061 0.110752 111.399 
0.0824405 0.0380431 0.99587 2.9127 0.0263086 0.99884 -0.0403344 -2.78742 -0.996249 0.0295252 0.081344 111.445 
0.0565744 0.0345822 0.997799 3.38595 0.0203245 0.999153 -0.0357814 -2.81064 -0.998192 0.022304 0.0558236 111.476 
0.0328566 0.0307691 0.998986 3.89788 0.0150165 0.999398 -0.0312756 -2.82873 -0.999347 0.0160289 0.0323747 111.487 
0.00940621 0.029086 0.999533 4.4036 0.0172016 0.999424 -0.0292447 -2.8594 -0.999808 0.0174686 0.00890047 111.502 
-0.0105465 0.0291436 0.99952 4.91512 0.0241079 0.999292 -0.0288825 -2.8988 -0.999654 0.0237917 -0.0112416 111.471 
-0.0284068 0.0318499 0.999089 5.4661 0.0284723 0.999113 -0.0310411 -2.93341 -0.999191 0.0275646 -0.0292884 111.455 
-0.0434188 0.0373531 0.998358 6.0129 0.0289848 0.998927 -0.0361138 -2.94356 -0.998636 0.0273692 -0.0444549 111.439 
-0.0548996 0.0413844 0.997634 6.63123 0.0254087 0.998875 -0.0400376 -2.97714 -0.998169 0.0231505 -0.0558893 111.429 
-0.062572 0.0416918 0.997169 7.26137 0.027867 0.998811 -0.0400117 -2.99599 -0.997651 0.0252845 -0.0636594 111.413 
-0.0638453 0.0382396 0.997227 7.91421 0.0354813 0.998721 -0.0360252 -3.03066 -0.997329 0.0330829 -0.0651204 111.374 
-0.0635721 0.0367002 0.997302 8.55702 0.0370797 0.99872 -0.0343887 -3.06764 -0.997288 0.0347935 -0.0648515 111.343 
-0.0617593 0.0360346 0.99744 9.23894 0.0354164 0.998798 -0.0338907 -3.10454 -0.997463 0.0332327 -0.0629613 111.318 
-0.0602308 0.0361881 0.997528 9.90246 0.0329118 0.998871 -0.0342496 -3.13237 -0.997642 0.0307676 -0.0613538 111.288 
-0.0599845 0.0369598 0.997515 10.5909 0.0326768 0.998851 -0.0350443 -3.17066 -0.997664 0.0304935 -0.0611233 111.269 
-0.0588423 0.0384827 0.997525 11.3098 0.0331093 0.998782 -0.0365781 -3.19441 -0.997718 0.030875 -0.0600448 111.243 
-0.0568686 0.037494 0.997677 12.0711 0.0333369 0.998809 -0.0356362 -3.24863 -0.997825 0.0312329 -0.0580508 111.195 
-0.0568474 0.0362845 0.997723 12.8309 0.0318795 0.998896 -0.0345107 -3.27699 -0.997874 0.0298451 -0.0579414 111.182 
-0.0577046 0.0357858 0.997692 13.6757 0.0336363 0.99886 -0.0338822 -3.28526 -0.997767 0.0316035 -0.0588425 111.209 
-0.0574179 0.0335695 0.997786 14.4673 0.0355419 0.99887 -0.0315607 -3.33495 -0.997717 0.0336511 -0.0585461 111.165 
-0.0590105 0.0323112 0.997734 15.2815 0.0336591 0.998972 -0.0303605 -3.37044 -0.99769 0.0317912 -0.0600374 111.137 
-0.0606049 0.0315814 0.997662 16.075 0.0329775 0.999017 -0.029621 -3.40323 -0.997617 0.0311052 -0.0615868 111.104 
-0.0607431 0.0280696 0.997759 16.8342 0.0360296 0.999015 -0.0259115 -3.45482 -0.997503 0.0343749 -0.0616946 111.049 
-0.0622197 0.0262035 0.997718 17.6552 0.0370197 0.999028 -0.0239292 -3.49451 -0.997376 0.0354464 -0.0631292 111.016 
-0.063512 0.0262033 0.997637 18.4623 0.0358089 0.999071 -0.0239612 -3.52104 -0.997338 0.0342025 -0.0643913 110.973 
-0.0644212 0.0305209 0.997456 19.2675 0.0321796 0.999076 -0.0284921 -3.554 -0.997404 0.0302623 -0.0653438 110.936 
-0.065212 0.0354503 0.997242 20.0919 0.0337471 0.998875 -0.0333016 -3.58693 -0.997301 0.0314824 -0.0663351 110.889 
-0.0658985 0.0371076 0.997136 20.9064 0.0338782 0.998815 -0.0349311 -3.63015 -0.997251 0.0314792 -0.0670776 110.833 
-0.0678412 0.0348105 0.997089 21.7514 0.0303275 0.999001 -0.0328138 -3.67083 -0.997235 0.0280131 -0.0688292 110.804 
-0.0686395 0.0301427 0.997186 22.6047 0.02741 0.999223 -0.0283175 -3.72283 -0.997265 0.0253892 -0.0694124 110.749 
-0.0698085 0.0240656 0.99727 23.4693 0.0252961 0.99943 -0.022347 -3.771 -0.99724 0.023667 -0.0703775 110.718 
-0.070183 0.0199512 0.997335 24.3036 0.0218268 0.999591 -0.0184603 -3.78312 -0.997295 0.020473 -0.0705898 110.68 
-0.0692475 0.0166924 0.99746 25.1372 0.0197984 0.999686 -0.0153552 -3.84811 -0.997403 0.0186848 -0.0695562 110.624 
-0.0682354 0.0238927 0.997383 25.9718 0.0227033 0.999492 -0.0223899 -3.88351 -0.997411 0.0211161 -0.0687431 110.568 
-0.0670143 0.034401 0.997159 26.8053 0.0238533 0.999175 -0.0328675 -3.92086 -0.997467 0.0215829 -0.0677796 110.527 
-0.0675021 0.0398127 0.996925 27.6189 0.026186 0.99893 -0.0381197 -3.94683 -0.997375 0.0235323 -0.0684724 110.509 
-0.0662314 0.0341189 0.997221 28.4751 0.0269564 0.999112 -0.0323932 -3.99217 -0.99744 0.0247361 -0.0670923 110.47 
-0.0645478 0.0269971 0.997549 29.3153 0.031182 0.9992 -0.0250241 -4.02145 -0.997427 0.0294903 -0.065338 110.42 
-0.063706 0.025572 0.997641 30.1654 0.0335278 0.999162 -0.02347 -4.04905 -0.997405 0.0319535 -0.06451 110.371 
-0.0611943 0.0246962 0.99782 30.9319 0.0316133 0.99924 -0.0227925 -4.1018 -0.997625 0.0301496 -0.0619285 110.303 
-0.062946 0.0238109 0.997733 31.7579 0.0278955 0.999367 -0.02209 -4.14675 -0.997627 0.0264418 -0.0635704 110.28 
-0.0636748 0.0244226 0.997672 32.5634 0.0256832 0.99941 -0.0228259 -4.17746 -0.99764 0.02417 -0.0642645 110.228 
-0.0649938 0.0256669 0.997556 33.3639 0.0265186 0.999361 -0.0239855 -4.20135 -0.997533 0.0248948 -0.0656329 110.187 
-0.067186 0.0256249 0.997411 34.1587 0.0267595 0.999357 -0.0238723 -4.24035 -0.997382 0.0250863 -0.0678285 110.144 
-0.0680703 0.0257195 0.997349 34.962 0.0260498 0.999373 -0.0239937 -4.29626 -0.99734 0.0243475 -0.0686976 110.084 
-0.0703047 0.0251309 0.997209 35.7588 0.0252593 0.999407 -0.0234054 -4.32379 -0.997206 0.0235433 -0.0708978 110.056 
-0.0728047 0.0248199 0.997037 36.5123 0.0278485 0.999351 -0.022844 -4.36105 -0.996957 0.0261029 -0.0734487 110.032 
-0.0751285 0.0256407 0.996844 37.3195 0.0288588 0.999307 -0.023529 -4.39323 -0.996756 0.027 -0.0758163 109.988 
-0.0748089 0.0257478 0.996865 38.1122 0.0293309 0.999291 -0.0236093 -4.43616 -0.996766 0.0274728 -0.0755111 109.928 
-0.0756268 0.026011 0.996797 38.9303 0.0289638 0.999295 -0.0238786 -4.47028 -0.996715 0.0270652 -0.0763269 109.88 
-0.0760444 0.0263166 0.996757 39.7066 0.0321814 0.999196 -0.0239257 -4.49478 -0.996585 0.0302576 -0.0768302 109.819 
-0.0787817 0.0256926 0.996561 40.4733 0.0309158 0.99925 -0.0233179 -4.52502 -0.996412 0.0289725 -0.0795169 109.792 
-0.0796452 0.0243839 0.996525 41.2333 0.028637 0.999344 -0.0221641 -4.56994 -0.996412 0.0267722 -0.0802912 109.74 
-0.0812433 0.0246776 0.996389 41.9771 0.0280449 0.999354 -0.0224643 -4.59267 -0.9963 0.0261186 -0.0818829 109.697 
-0.0816804 0.0240531 0.996368 42.7231 0.0279278 0.999371 -0.0218361 -4.62144 -0.996267 0.0260428 -0.0823008 109.65 
-0.0832992 0.0224113 0.996273 43.4455 0.0270111 0.999431 -0.0202238 -4.66753 -0.996158 0.0252258 -0.0838571 109.615 
-0.0829457 0.0266557 0.996198 44.1395 0.0286358 0.999293 -0.0243542 -4.68097 -0.996143 0.0265068 -0.0836503 109.568 
-0.0830574 0.0290352 0.996122 44.8501 0.0276218 0.999259 -0.0268235 -4.71729 -0.996162 0.0252868 -0.0837979 109.521 
-0.0828737 0.0312552 0.99607 45.5489 0.0258556 0.999239 -0.0292034 -4.74833 -0.996225 0.0233338 -0.0836188 109.47 
-0.0832485 0.0320824 0.996012 46.2257 0.0275151 0.999175 -0.0298844 -4.78386 -0.996149 0.0249176 -0.0840625 109.441 
-0.0829458 0.0313465 0.996061 46.9222 0.0270048 0.999209 -0.0291967 -4.81948 -0.996188 0.0244767 -0.0837267 109.378 
-0.0827672 0.0298812 0.996121 47.5505 0.0273933 0.999241 -0.0276986 -4.86933 -0.996192 0.0249945 -0.0835229 109.337 
-0.0824214 0.0311967 0.996109 48.1622 0.0257661 0.999243 -0.0291628 -4.8933 -0.996264 0.0232622 -0.0831628 109.287 
-0.0827775 0.0318309 0.99606 48.8487 0.0224611 0.999296 -0.0300676 -4.92531 -0.996315 0.0198837 -0.0834341 109.264 
-0.0811436 0.0306316 0.996232 49.506 0.0256174 0.999262 -0.0286381 -4.96218 -0.996373 0.0231971 -0.0818684 109.191 
-0.0820548 0.0288583 0.99621 50.1848 0.0249426 0.999327 -0.0268942 -5.00729 -0.996316 0.0226413 -0.0827194 109.152 
-0.0851568 0.0292505 0.995938 50.8492 0.0237061 0.999346 -0.0273235 -5.04546 -0.996086 0.021283 -0.0857945 109.101 
-0.0894461 0.0281893 0.995593 51.5193 0.0191878 0.999463 -0.026575 -5.0846 -0.995807 0.0167262 -0.089939 109.041 
-0.0951262 0.0320386 0.99495 52.1621 0.0232758 0.99928 -0.0299526 -5.1228 -0.995193 0.020309 -0.0958035 108.99 
-0.101973 0.0343022 0.994196 52.824 0.0250516 0.999177 -0.0319045 -5.15789 -0.994472 0.0216528 -0.102748 108.927 
-0.107886 0.0361667 0.993505 53.4845 0.0246336 0.999129 -0.0336963 -5.18734 -0.993858 0.0208383 -0.108683 108.85 
-0.114231 0.0355584 0.992818 54.1733 0.0217879 0.999209 -0.0332804 -5.22428 -0.993215 0.0178298 -0.114916 108.786 
-0.118656 0.0347919 0.992326 54.8535 0.0226679 0.99922 -0.0323231 -5.25771 -0.992677 0.0186586 -0.119352 108.702 
-0.122739 0.0353564 0.991809 55.5216 0.0208297 0.999237 -0.0330434 -5.29066 -0.99222 0.0166033 -0.123382 108.625 
-0.126843 0.0345481 0.991321 56.2186 0.0185133 0.999302 -0.0324573 -5.31795 -0.99175 0.0142357 -0.127394 108.555 
-0.128379 0.0322818 0.9912 56.9321 0.0209564 0.999335 -0.0298325 -5.34413 -0.991504 0.0169421 -0.12897 108.455 
-0.130521 0.0293035 0.991012 57.6412 0.0229198 0.999385 -0.0265324 -5.37949 -0.991181 0.0192508 -0.131112 108.385 
-0.131163 0.0268798 0.990996 58.3486 0.023375 0.999438 -0.024015 -5.40766 -0.991085 0.0200147 -0.131718 108.299 
-0.132482 0.0271692 0.990813 59.0485 0.0238553 0.999422 -0.0242156 -5.43912 -0.990898 0.020428 -0.133054 108.223 
-0.131446 0.0313694 0.990827 59.7726 0.0264806 0.999254 -0.0281232 -5.46642 -0.99097 0.0225411 -0.132178 108.122 
-0.131308 0.035892 0.990692 60.4859 0.0325421 0.998962 -0.0318784 -5.5 -0.990807 0.0280533 -0.13234 108.035 
-0.131588 0.0419478 0.990417 61.2438 0.0406293 0.998493 -0.0368917 -5.51833 -0.990472 0.0353855 -0.133094 107.948 
-0.131612 0.0423899 0.990395 61.9694 0.0409108 0.998466 -0.0372988 -5.56452 -0.990457 0.0356088 -0.133145 107.856 
-0.131185 0.0399452 0.990553 62.7039 0.0372949 0.998679 -0.0353337 -5.59014 -0.990656 0.0323073 -0.132501 107.776 
-0.12947 0.0353146 0.990954 63.4432 0.0407996 0.998709 -0.0302603 -5.64968 -0.990744 0.0365128 -0.130743 107.67 
-0.128497 0.0332685 0.991152 64.1979 0.043554 0.998662 -0.0278741 -5.69035 -0.990753 0.0395868 -0.129774 107.57 
-0.129465 0.0322939 0.991058 64.9537 0.0431553 0.998706 -0.0269055 -5.73231 -0.990644 0.039286 -0.130691 107.478 
-0.130027 0.0333248 0.99095 65.7181 0.0419983 0.998723 -0.0280753 -5.76915 -0.990621 0.0379677 -0.131261 107.371 
-0.131861 0.0341159 0.990681 66.4792 0.0398986 0.99878 -0.0290842 -5.79889 -0.990465 0.0356916 -0.133062 107.285 
-0.13472 0.0350682 0.990263 67.2151 0.0427121 0.99865 -0.0295545 -5.83062 -0.989963 0.0383146 -0.136036 107.225 
-0.135104 0.0346601 0.990225 67.9458 0.0421866 0.998683 -0.0292002 -5.87136 -0.989933 0.0378291 -0.136388 107.12 
-0.137039 0.0351127 0.989943 68.7199 0.0419784 0.99868 -0.0296114 -5.88948 -0.989676 0.0374983 -0.138332 107.035 
-0.138335 0.0363392 0.989719 69.4606 0.040647 0.998693 -0.0309873 -5.91646 -0.989551 0.0359424 -0.139631 106.958 
-0.139397 0.0365105 0.989563 70.2051 0.0397815 0.99872 -0.0312444 -5.97387 -0.989437 0.035011 -0.140671 106.869 
-0.14103 0.0377084 0.989287 70.9697 0.0399147 0.998678 -0.0323762 -6.00565 -0.9892 0.0349211 -0.142349 106.794 
-0.141709 0.0385932 0.989156 71.714 0.039875 0.998651 -0.033251 -6.0293 -0.989105 0.0347306 -0.143057 106.698 
-0.141375 0.0364888 0.989283 72.4661 0.0406417 0.998692 -0.0310278 -6.07911 -0.989122 0.0358196 -0.142673 106.586 
-0.142151 0.034368 0.989248 73.2223 0.0381305 0.998845 -0.0292222 -6.11608 -0.98911 0.0335665 -0.143297 106.488 
-0.145037 0.0307551 0.988948 73.9921 0.0333275 0.999101 -0.0261831 -6.16191 -0.988865 0.0291617 -0.145931 106.41 
-0.146071 0.0312448 0.988781 74.7821 0.0349297 0.999041 -0.0264089 -6.18283 -0.988657 0.0306802 -0.147022 106.293 
-0.147726 0.0325328 0.988493 75.5716 0.03671 0.998951 -0.0273908 -6.21691 -0.988347 0.0322413 -0.148765 106.185 
-0.151324 0.0332947 0.987923 76.3711 0.0366276 0.998935 -0.0280554 -6.25981 -0.987805 0.0319398 -0.152382 106.101 
-0.152094 0.0362876 0.9877 77.1638 0.0381603 0.998796 -0.030819 -6.30616 -0.987629 0.0330035 -0.153296 105.988 
-0.151919 0.0406481 0.987557 77.9602 0.0398339 0.998594 -0.0349745 -6.34191 -0.98759 0.0340249 -0.153325 105.869 
-0.154331 0.0456827 0.986963 78.786 0.0417862 0.998339 -0.0396751 -6.37438 -0.987135 0.0351183 -0.155984 105.782 
-0.153144 0.0466415 0.987103 79.5992 0.0442539 0.998207 -0.0403004 -6.41668 -0.987213 0.0375114 -0.154934 105.649 
-0.152171 0.0467542 0.987248 80.4158 0.0480287 0.99805 -0.0398628 -6.45449 -0.987187 0.0413503 -0.15412 105.518 
-0.152252 0.0456385 0.987287 81.2475 0.0483451 0.998081 -0.038682 -6.48472 -0.987159 0.0418411 -0.154166 105.407 
-0.152025 0.0449334 0.987355 82.0875 0.0487244 0.998092 -0.0379198 -6.52458 -0.987175 0.0423435 -0.153925 105.312 
-0.149433 0.0421272 0.987874 82.9417 0.0473279 0.998252 -0.0354106 -6.57852 -0.987639 0.0414624 -0.151166 105.188 
-0.14843 0.0396184 0.988129 83.8073 0.0479615 0.99831 -0.0328221 -6.62257 -0.987759 0.0425204 -0.150079 105.086 
-0.146599 0.0361255 0.988536 84.6506 0.0472053 0.99845 -0.0294872 -6.65272 -0.988069 0.0423413 -0.148077 104.98 
-0.144081 0.0358247 0.988917 85.4783 0.0453012 0.998536 -0.0295729 -6.69416 -0.988528 0.0405382 -0.145493 104.859 
-0.14411 0.0401588 0.988746 86.3233 0.0465732 0.998344 -0.0337605 -6.73591 -0.988465 0.0411839 -0.145742 104.783 
-0.141071 0.0459716 0.988932 87.1525 0.0483087 0.998051 -0.0395043 -6.78233 -0.98882 0.0422011 -0.143016 104.663 
-0.139531 0.0487065 0.989019 87.9944 0.0477834 0.997957 -0.0424054 -6.84986 -0.989064 0.0413418 -0.141573 104.544 
-0.13867 0.0455108 0.989292 88.8856 0.0451907 0.998194 -0.0395859 -6.90511 -0.989307 0.0392174 -0.140476 104.448 
-0.13652 0.0425847 0.989722 89.7291 0.0457991 0.998279 -0.0366354 -6.97216 -0.989578 0.0403269 -0.138235 104.33 
-0.137456 0.0411686 0.989652 90.5619 0.0480455 0.998237 -0.0348524 -7.02554 -0.989342 0.0427576 -0.139192 104.253 
-0.13568 0.041512 0.989883 91.4911 0.0469305 0.99827 -0.0354311 -7.0561 -0.989641 0.0416484 -0.137393 104.104 
-0.135984 0.0413155 0.989849 92.3885 0.0464913 0.998295 -0.0352811 -7.10573 -0.98962 0.0412217 -0.137673 104.013 
-0.134769 0.0402105 0.990061 93.2482 0.049466 0.998204 -0.0338078 -7.15433 -0.989642 0.0444181 -0.136516 103.893 
-0.13282 0.0389617 0.990374 94.1212 0.0524808 0.998102 -0.0322275 -7.21119 -0.98975 0.0476952 -0.134612 103.782 
-0.131005 0.0408176 0.990541 94.9793 0.0551064 0.997907 -0.033833 -7.25786 -0.989849 0.0501528 -0.13298 103.656 
-0.129138 0.0423603 0.990721 95.8413 0.0556334 0.997823 -0.0354122 -7.31617 -0.990065 0.0505441 -0.131214 103.538 
-0.127896 0.0438147 0.990819 96.701 0.0536796 0.997865 -0.0371972 -7.36844 -0.990334 0.0484294 -0.129975 103.43 
-0.125483 0.0379236 0.991371 97.5612 0.0491158 0.998281 -0.031971 -7.4433 -0.990879 0.0446801 -0.12713 103.313 
-0.125039 0.0360486 0.991497 98.409 0.0444842 0.998538 -0.0306946 -7.49028 -0.991154 0.0402679 -0.12646 103.222 
-0.126717 0.0365394 0.991266 99.2548 0.0409968 0.99866 -0.0315712 -7.53467 -0.991091 0.0366381 -0.128045 103.144 
-0.128775 0.0400042 0.990867 100.104 0.0379805 0.998652 -0.0353825 -7.60405 -0.990946 0.0330772 -0.130121 103.079 
-0.128462 0.0421755 0.990817 100.943 0.0380275 0.99857 -0.0375752 -7.66852 -0.990985 0.0328513 -0.129882 102.96 
-0.12901 0.0428124 0.990719 101.78 0.0388879 0.998518 -0.0380854 -7.71853 -0.990881 0.0336136 -0.130484 102.868 
-0.13 0.0413379 0.990652 102.594 0.0385499 0.998586 -0.0366102 -7.77911 -0.990764 0.0334302 -0.13141 102.782 
-0.129968 0.0415509 0.990647 103.433 0.0407081 0.998503 -0.0365397 -7.83313 -0.990682 0.0355784 -0.131465 102.678 
-0.129829 0.0474238 0.990402 104.258 0.0449961 0.998108 -0.0418944 -7.83508 -0.990515 0.0391252 -0.131717 102.584 
-0.130522 0.0496384 0.990202 105.098 0.0448037 0.998021 -0.0441246 -7.87411 -0.990433 0.0386055 -0.132488 102.494 
-0.131125 0.050871 0.99006 105.909 0.0439016 0.998001 -0.0454646 -7.9061 -0.990393 0.0375036 -0.133096 102.394 
-0.134487 0.0511373 0.989595 106.771 0.0434492 0.998011 -0.0456674 -7.93444 -0.989962 0.0368555 -0.136441 102.337 
-0.13681 0.051465 0.98926 107.547 0.0429061 0.99802 -0.045987 -8.00031 -0.989668 0.0361537 -0.138747 102.228 
-0.141829 0.0537218 0.988432 108.37 0.0425634 0.997934 -0.0481308 -8.06413 -0.988976 0.0352447 -0.143822 102.16 
-0.145033 0.0556326 0.987862 109.146 0.040739 0.997907 -0.0502172 -8.10477 -0.988588 0.0329613 -0.146996 102.061 
-0.148132 0.0559951 0.987381 109.899 0.0404469 0.997904 -0.0505238 -8.15085 -0.98814 0.0324523 -0.150086 101.958 
-0.150857 0.0556701 0.986987 110.672 0.0416083 0.997886 -0.0499251 -8.19404 -0.98768 0.0335353 -0.152854 101.847 
-0.153174 0.0565497 0.98658 111.45 0.0434793 0.99778 -0.0504411 -8.25337 -0.987242 0.0351696 -0.155292 101.729 
-0.156061 0.0611293 0.985854 112.23 0.039751 0.997663 -0.0555689 -8.31386 -0.986947 0.0305165 -0.158127 101.642 
-0.156419 0.0664248 0.985455 112.987 0.0366169 0.99744 -0.0614206 -8.38881 -0.987012 0.026477 -0.158451 101.525 
-0.158769 0.0710856 0.984753 113.755 0.0410521 0.997018 -0.0653521 -8.42435 -0.986462 0.0300503 -0.161213 101.408 
-0.16127 0.0694277 0.984465 114.512 0.0437201 0.997046 -0.0631529 -8.48189 -0.985941 0.0328562 -0.163829 101.291 
-0.16488 0.061651 0.984385 115.286 0.0407478 0.997618 -0.0556547 -8.54069 -0.985472 0.0309352 -0.166999 101.179 
-0.166624 0.0599342 0.984197 116.045 0.0403615 0.997729 -0.053925 -8.60121 -0.985194 0.0307385 -0.168664 101.061 
-0.167977 0.0630111 0.983775 116.784 0.0400874 0.997566 -0.0570495 -8.65837 -0.984976 0.029854 -0.170094 100.946 
-0.172208 0.0661426 0.982838 117.534 0.037104 0.997471 -0.0606262 -8.71776 -0.984362 0.0260269 -0.174227 100.845 
-0.174543 0.0687205 0.982249 118.263 0.0355257 0.997352 -0.0634643 -8.77515 -0.984009 0.0238178 -0.176522 100.721 
-0.176037 0.0727737 0.98169 119.002 0.0392433 0.99699 -0.0668707 -8.84126 -0.983601 0.0267531 -0.178362 100.595 
-0.179244 0.0784815 0.980669 119.764 0.0388635 0.9966 -0.072653 -8.88505 -0.983037 0.0250896 -0.181684 100.491 
-0.182099 0.0809454 0.979943 120.51 0.0385491 0.996427 -0.0751436 -8.94279 -0.982524 0.0240924 -0.184568 100.374 
-0.185473 0.0780383 0.979546 121.271 0.0363275 0.996705 -0.0725268 -9.02688 -0.981978 0.0221327 -0.187697 100.269 
-0.188074 0.0748872 0.979296 122.019 0.0403104 0.996837 -0.068487 -9.09445 -0.981327 0.0265952 -0.190498 100.117 
-0.194158 0.0729603 0.978253 122.747 0.0439275 0.996877 -0.0656308 -9.16842 -0.979986 0.0302295 -0.196757 99.9842 
-0.201723 0.0716377 0.976819 123.49 0.0416504 0.997047 -0.0645199 -9.22619 -0.978557 0.0276698 -0.204111 99.8669 
-0.210575 0.0712073 0.974981 124.217 0.0413795 0.997099 -0.0638856 -9.30266 -0.976701 0.0268915 -0.212911 99.7246 
-0.22272 0.0714795 0.972258 124.93 0.0417117 0.997094 -0.0637502 -9.36277 -0.97399 0.0263561 -0.225054 99.5971 
-0.233788 0.0737619 0.969486 125.634 0.042483 0.996941 -0.0656061 -9.39358 -0.971359 0.0258488 -0.236206 99.4246 
-0.247434 0.0732016 0.966136 126.377 0.0451587 0.99693 -0.0639693 -9.48652 -0.967852 0.0278012 -0.24998 99.2732 
-0.258901 0.073595 0.963096 127.061 0.0483595 0.99683 -0.0631727 -9.53777 -0.964692 0.0302193 -0.26164 99.0925 
-0.269498 0.0742935 0.960131 127.762 0.0521752 0.996682 -0.0624767 -9.58069 -0.961587 0.0332576 -0.27248 98.8931 
-0.279704 0.0740117 0.957229 128.483 0.0570231 0.996545 -0.0603892 -9.64828 -0.958391 0.037693 -0.282958 98.6981 
-0.286666 0.0743029 0.955145 129.142 0.0633146 0.996278 -0.0585001 -9.71224 -0.955936 0.0437046 -0.290303 98.4636 
-0.294629 0.075018 0.952663 129.802 0.0691349 0.995975 -0.0570473 -9.75808 -0.953108 0.0490544 -0.29863 98.2846 
-0.301868 0.0740048 0.950473 130.481 0.0689351 0.996067 -0.0556611 -9.82275 -0.950854 0.0487186 -0.305782 98.0856 
-0.306759 0.072928 0.948989 131.174 0.0718556 0.995989 -0.0533126 -9.86512 -0.949071 0.051836 -0.310769 97.8749 
-0.308483 0.0693419 0.948699 131.858 0.0776009 0.99585 -0.0475552 -9.92071 -0.948059 0.05895 -0.312584 97.6484 
-0.307905 0.0675161 0.949018 132.538 0.0857332 0.99539 -0.0429992 -9.97665 -0.947546 0.0681227 -0.312274 97.4084 
-0.309828 0.0660222 0.948498 133.223 0.0867062 0.995391 -0.0409636 -10.0214 -0.946831 0.0695489 -0.314125 97.2099 
-0.309111 0.0706898 0.948395 133.881 0.0895064 0.99497 -0.0449884 -10.0806 -0.946805 0.070981 -0.313883 96.9943 
-0.309188 0.07563 0.947989 134.547 0.0894275 0.994728 -0.0501918 -10.1062 -0.946787 0.0692575 -0.314321 96.8016 
-0.308894 0.0760677 0.94805 135.204 0.0892307 0.994718 -0.0507389 -10.1374 -0.946901 0.0689222 -0.31405 96.6061 
-0.307645 0.0750104 0.94854 135.848 0.0922171 0.994545 -0.0487392 -10.1807 -0.947022 0.0724772 -0.312885 96.4037 
-0.305309 0.0760093 0.949215 136.495 0.0911887 0.994562 -0.0503102 -10.184 -0.947877 0.0711975 -0.31058 96.209 
-0.304298 0.0766689 0.949486 137.146 0.0933465 0.994358 -0.0503759 -10.2364 -0.947992 0.073302 -0.309738 96.0099 
-0.301421 0.0781325 0.950285 137.769 0.0957809 0.994077 -0.0513523 -10.2861 -0.948668 0.0755404 -0.307119 95.811 
-0.299405 0.0797799 0.950785 138.365 0.0945456 0.994074 -0.0536396 -10.3355 -0.94943 0.0738326 -0.305174 95.6454 
-0.292636 0.078981 0.952957 139.015 0.0974241 0.99386 -0.0524538 -10.385 -0.951248 0.077491 -0.298534 95.4493 
-0.287115 0.0766588 0.954824 139.625 0.100298 0.993719 -0.0496219 -10.4442 -0.952631 0.0815198 -0.293001 95.2608 
-0.283204 0.0744674 0.956164 140.237 0.100221 0.99382 -0.047716 -10.4945 -0.953809 0.0823139 -0.288917 95.0983 
-0.280728 0.0742477 0.956911 140.863 0.099547 0.993879 -0.0479119 -10.5314 -0.954611 0.0818074 -0.286401 94.9455 
-0.276524 0.0755181 0.958035 141.468 0.103791 0.993423 -0.0483496 -10.5518 -0.955386 0.0860658 -0.282544 94.7685 
-0.273185 0.0750459 0.95903 142.104 0.1085 0.992994 -0.0467967 -10.5763 -0.955823 0.0912709 -0.279414 94.609 
-0.26874 0.0738144 0.96038 142.7 0.112785 0.992612 -0.0447315 -10.6244 -0.956587 0.0962951 -0.27508 94.4387 
-0.265862 0.0725141 0.96128 143.294 0.110185 0.992918 -0.0444267 -10.6638 -0.957693 0.0941072 -0.271969 94.2927 
-0.261073 0.0731314 0.962545 143.834 0.107605 0.993117 -0.0462683 -10.7107 -0.959303 0.0914948 -0.267146 94.1377 
-0.257374 0.075587 0.963351 144.392 0.105568 0.993168 -0.0497224 -10.7454 -0.960528 0.0889019 -0.263595 94.0148 
-0.251739 0.0789861 0.964567 144.959 0.10713 0.992813 -0.0533396 -10.7903 -0.961848 0.0899067 -0.258391 93.876 
-0.245169 0.0803511 0.966145 145.556 0.106537 0.992757 -0.0555293 -10.8242 -0.963609 0.0893166 -0.251953 93.7368 
-0.236311 0.0777497 0.968562 146.148 0.102173 0.993256 -0.0548037 -10.8767 -0.966291 0.0860097 -0.242661 93.5987 
-0.22462 0.075622 0.971508 146.735 0.102177 0.993316 -0.0536954 -10.9282 -0.969075 0.0872046 -0.230846 93.4526 
-0.21115 0.0740128 0.974647 147.323 0.102726 0.993288 -0.0531734 -10.97 -0.972041 0.0888939 -0.217336 93.32 
