1 2.12261e-08 -2.11895e-08 0 2.12261e-08 1 2.10703e-08 0 -2.11895e-08 2.10703e-08 1 0 
0.999996 0.000557905 0.00263093 -0.0356903 -0.000554088 0.999999 -0.00143493 -0.00661764 -0.00263177 0.00143351 0.999996 1.22329 
0.999994 0.00142414 0.00323264 -0.0531088 -0.00142253 0.999999 -0.000486728 -0.0399782 -0.00323337 0.000482169 0.999995 2.42903 
0.999989 0.00123181 0.00446811 -0.0701153 -0.001228 0.999999 -0.000846153 -0.0411881 -0.00446919 0.000840699 0.99999 3.65805 
0.999991 0.000449901 0.00433323 -0.0638403 -0.000447225 1 -0.000608683 -0.0634853 -0.00433355 0.000606781 0.99999 4.87084 
0.999991 0.00124687 0.00402789 -0.0635608 -0.00124679 0.999999 -1.12618e-05 -0.086687 -0.00402794 6.28182e-06 0.999992 6.05055 
0.999989 0.000981206 0.00455572 -0.0780611 -0.00097438 0.999998 -0.00149104 -0.106124 -0.00455721 0.00148662 0.999989 7.25298 
0.999985 0.00248219 0.00485437 -0.0669561 -0.00247297 0.999995 -0.0018948 -0.124726 -0.00485909 0.00188281 0.999986 8.47984 
0.999985 0.00151665 0.0051767 -0.0961492 -0.00151312 0.999999 -0.000677477 -0.141069 -0.00517777 0.000669676 0.999986 9.60394 
0.999987 0.00184369 0.00479898 -0.16433 -0.0018539 0.999996 0.00213349 -0.200548 -0.00479507 -0.00214232 0.999986 10.7288 
0.999993 0.00088423 0.00375022 -0.241492 -0.000891769 0.999998 0.00202039 -0.208309 -0.00374847 -0.00202367 0.999991 11.8561 
0.999995 0.00153595 0.00261585 -0.267413 -0.00153882 0.999998 0.00111033 -0.225003 -0.00261419 -0.00111431 0.999996 13.0783 
0.999995 0.00125766 0.00306561 -0.322188 -0.00126336 0.999997 0.00187175 -0.259043 -0.00306329 -0.00187557 0.999994 14.2573 
0.999995 0.00293059 0.000898683 -0.306256 -0.00293113 0.999996 0.000639899 -0.260113 -0.000896846 -0.000642488 0.999999 15.4281 
0.999999 0.00103221 -0.000898381 -0.317749 -0.00103271 0.999999 -0.000600431 -0.267407 0.000897718 0.000601401 0.999999 16.6365 
0.999994 0.000321189 -0.0033253 -0.329683 -0.00031895 1 0.000661151 -0.297199 0.00332547 -0.000660044 0.999994 17.8052 
0.999988 0.000793717 -0.00488076 -0.336456 -0.000789062 0.999999 0.000946888 -0.328179 0.00488147 -0.000942983 0.999988 19.0098 
0.999979 0.00091975 -0.00649215 -0.35484 -0.000925797 0.999999 -0.000934987 -0.323273 0.00649124 0.000941019 0.999979 20.2141 
0.999973 -0.00156929 -0.0071767 -0.402699 0.00155611 0.999997 -0.00184648 -0.359958 0.00717953 0.0018353 0.999973 21.411 
0.99995 3.59157e-05 -0.00998281 -0.414412 -3.99198e-05 1 -0.00040513 -0.401919 0.00998276 0.00040555 0.99995 22.5648 
0.999954 0.00103462 -0.00955542 -0.488688 -0.0010483 0.999998 -0.00143179 -0.414491 0.00955388 0.00144179 0.999953 23.7803 
0.999948 -0.000623716 -0.0102143 -0.553694 0.000613651 0.999999 -0.00099268 -0.475389 0.0102149 0.000986402 0.999947 24.9488 
0.999942 -0.00250508 -0.0105106 -0.599149 0.00250842 0.999997 0.000300549 -0.507448 0.0105098 -0.000326854 0.999945 26.1082 
0.99996 -0.0023051 -0.00862465 -0.669305 0.00231353 0.999997 0.000962985 -0.509093 0.00862236 -0.000982857 0.999962 27.2719 
0.999966 -0.00185537 -0.00806509 -0.732539 0.00186058 0.999998 0.000633761 -0.528094 0.00806386 -0.000648703 0.999967 28.454 
0.999961 -0.00401781 -0.00793247 -0.789684 0.00402311 0.999992 0.000646258 -0.558396 0.00792977 -0.000678104 0.999968 29.6215 
0.999968 -0.00243883 -0.00761476 -0.820503 0.00242207 0.999995 -0.00221485 -0.559485 0.00762007 0.00219638 0.999969 30.832 
0.999936 0.00208191 -0.0111018 -0.847072 -0.00210093 0.999996 -0.00170585 -0.580454 0.0110982 0.00172911 0.999937 32.0475 
0.999952 0.00198233 -0.00955223 -0.909705 -0.0019985 0.999997 -0.0016878 -0.602336 0.00954881 0.00170685 0.999953 33.2384 
0.99996 0.00158135 -0.00875137 -0.971511 -0.00158653 0.999999 -0.000588854 -0.624871 0.00875038 0.000602757 0.999962 34.4136 
0.999955 0.000261746 -0.00946811 -0.997539 -0.000304809 0.99999 -0.00455155 -0.561047 0.00946677 0.00455427 0.999945 35.6276 
0.999911 -0.00248238 -0.0131034 -1.0196 0.00241599 0.999984 -0.00508339 -0.56836 0.0131157 0.00505133 0.999901 36.8454 
0.99989 -0.00311283 -0.0145044 -1.05519 0.00307393 0.999992 -0.00270634 -0.640806 0.0145126 0.0026615 0.999891 38.069 
0.999914 -0.00192031 -0.0129655 -1.11887 0.00186813 0.99999 -0.00403883 -0.611157 0.012973 0.0040143 0.999908 39.3143 
0.999909 -0.00231873 -0.0132665 -1.15754 0.00226042 0.999988 -0.00441198 -0.611468 0.0132765 0.00438163 0.999902 40.4876 
0.999912 -0.00208997 -0.0131366 -1.16619 0.00203773 0.99999 -0.00399178 -0.646974 0.0131447 0.0039647 0.999906 41.738 
0.999915 -0.000528581 -0.0130405 -1.20017 0.00046063 0.999986 -0.00521647 -0.64553 0.0130431 0.00521006 0.999901 42.9739 
0.999917 0.00550698 -0.0116716 -1.25804 -0.00552645 0.999983 -0.00164008 -0.692916 0.0116623 0.00170448 0.999931 44.1642 
0.999904 0.00205983 -0.0137276 -1.23916 -0.00203203 0.999996 0.00203565 -0.736118 0.0137317 -0.00200752 0.999904 45.3796 
0.999915 0.00135959 -0.0130051 -1.24751 -0.00128454 0.999983 0.00577445 -0.787245 0.0130127 -0.00575721 0.999899 46.6139 
0.999936 0.00224625 -0.011063 -1.29606 -0.00215748 0.999966 0.00802511 -0.78289 0.0110806 -0.00800069 0.999907 47.8245 
0.999948 0.00350543 -0.00954038 -1.34083 -0.0034277 0.999961 0.00814721 -0.757749 0.00956853 -0.00811405 0.999921 49.0729 
0.99995 0.00233628 -0.00976206 -1.32369 -0.00227399 0.999977 0.00638319 -0.76798 0.00977671 -0.00636063 0.999932 50.3359 
0.999965 0.00195649 -0.00817526 -1.38086 -0.00192402 0.99999 0.00397221 -0.770086 0.00818291 -0.00395629 0.999959 51.4788 
0.99996 0.00214268 -0.00865737 -1.38067 -0.0021115 0.999991 0.00360417 -0.793917 0.00866498 -0.0035857 0.999956 52.7204 
0.999958 0.00234949 -0.00890671 -1.43376 -0.00231619 0.99999 0.00374154 -0.834059 0.00891537 -0.00372071 0.999953 53.8118 
0.999954 0.00044695 -0.00958355 -1.4696 -0.000410707 0.999993 0.00377899 -0.872776 0.00958512 -0.00377484 0.999947 55.0177 
0.999931 -0.000628961 -0.0117581 -1.51311 0.00068927 0.999987 0.00512223 -0.908148 0.0117547 -0.00512994 0.999918 56.2033 
0.999916 1.76348e-05 -0.0129635 -1.54458 4.65361e-05 0.999988 0.00494656 -0.895618 0.0129634 -0.00494671 0.999904 57.3773 
0.999872 0.000190923 -0.0159882 -1.55834 -0.00010133 0.999984 0.00560169 -0.916071 0.015989 -0.00559931 0.999857 58.5764 
0.999844 0.00140646 -0.0176366 -1.57685 -0.00130428 0.999982 0.00580146 -0.940542 0.0176444 -0.0057775 0.999828 59.8063 
0.999879 0.00312683 -0.0152602 -1.65865 -0.0030739 0.999989 0.00348781 -0.929738 0.0152709 -0.00344043 0.999878 61.0494 
0.999885 0.00219648 -0.014985 -1.69626 -0.00213815 0.99999 0.00390471 -0.957442 0.0149934 -0.00387217 0.99988 62.2927 
0.99989 0.00193292 -0.01471 -1.74643 -0.00189556 0.999995 0.0025501 -0.966924 0.0147149 -0.00252189 0.999889 63.5016 
0.999861 0.00145631 -0.0165915 -1.75032 -0.0013895 0.999991 0.00403506 -0.983746 0.0165972 -0.0040114 0.999854 64.6683 
0.999867 0.0023326 -0.0161335 -1.79409 -0.00224335 0.999982 0.00554546 -1.00205 0.0161461 -0.00550848 0.999855 65.9034 
0.99986 0.00436019 -0.0161478 -1.84217 -0.00429573 0.999983 0.00402133 -1.02437 0.016165 -0.00395136 0.999862 67.0703 
0.99983 0.00473422 -0.0178172 -1.85523 -0.0046785 0.999984 0.00316512 -1.06328 0.0178318 -0.00308119 0.999836 68.2957 
0.999784 0.00687872 -0.019595 -1.88302 -0.00683824 0.999974 0.00212989 -1.05026 0.0196091 -0.00199539 0.999806 69.4746 
0.99979 0.00912968 -0.0183562 -1.96444 -0.00911204 0.999958 0.00104184 -1.04172 0.0183649 -0.000874314 0.999831 70.6023 
0.999813 0.0078705 -0.0176543 -2.00402 -0.00786204 0.999969 0.000545944 -1.05771 0.017658 -0.000407001 0.999844 71.8547 
0.999822 0.00645079 -0.0177193 -2.03431 -0.00645731 0.999979 -0.000312917 -1.06571 0.0177168 0.000427323 0.999843 73.0216 
0.999841 0.00729869 -0.0162902 -2.06873 -0.00728877 0.999973 0.00066536 -1.10213 0.0162945 -0.000546476 0.999867 74.1667 
0.999917 0.00627967 -0.0112336 -2.14901 -0.00630451 0.999978 -0.0021808 -1.11079 0.0112196 0.00225148 0.999935 75.3075 
0.999973 -0.00116151 -0.00730176 -2.21512 0.00114593 0.999997 -0.00214411 -1.22309 0.00730418 0.00213572 0.999971 76.4422 
1 0.000702951 6.62331e-05 -2.33332 -0.000702666 0.999993 -0.0035983 -1.20758 -6.88044e-05 0.0035983 0.999994 77.5089 
0.999991 -0.00185301 0.00384428 -2.40751 0.00184683 0.999997 0.00162237 -1.26507 -0.00384732 -0.00161521 0.999991 78.7006 
0.999956 -6.82098e-05 0.0094265 -2.45851 5.27826e-05 0.999999 0.00164134 -1.27023 -0.00942664 -0.00164073 0.999954 79.6904 
0.999873 0.000766326 0.015915 -2.50354 -0.000761392 1 -0.000313362 -1.28798 -0.0159152 0.000301247 0.999873 80.7857 
0.999773 0.00104195 0.0213043 -2.53957 -0.000958381 0.999992 -0.0039305 -1.29629 -0.0213083 0.00390923 0.999765 81.9579 
0.999656 -0.0011299 0.0262141 -2.56154 0.00130111 0.999978 -0.00651376 -1.34059 -0.0262062 0.00654567 0.999635 83.1341 
0.999489 -0.000862259 0.0319487 -2.53905 0.00106712 0.999979 -0.00639422 -1.38671 -0.0319425 0.00642509 0.999469 84.1468 
0.999336 -0.000727237 0.0364326 -2.54534 0.000883069 0.999991 -0.00426017 -1.43636 -0.0364292 0.00428956 0.999327 85.2775 
0.999184 -0.00029083 0.0403804 -2.53274 0.00050688 0.999986 -0.00533916 -1.4431 -0.0403783 0.00535532 0.99917 86.4237 
0.998978 -0.000901738 0.0451817 -2.5119 0.00122352 0.999974 -0.0070938 -1.47839 -0.0451742 0.00714187 0.998954 87.5821 
0.998897 -0.00143554 0.0469341 -2.45394 0.00188039 0.999954 -0.00943455 -1.50743 -0.0469185 0.00951243 0.998853 88.7308 
0.998628 -0.00118767 0.052351 -2.49397 0.0016595 0.999958 -0.00896951 -1.55368 -0.0523382 0.00904412 0.998589 89.8287 
0.998427 0.000609937 0.0560559 -2.45168 -8.36602e-05 0.999956 -0.0093895 -1.56378 -0.0560592 0.00937009 0.998384 91.0606 
0.998312 0.00122163 0.0580733 -2.41813 -0.000761021 0.999968 -0.00795217 -1.59108 -0.0580812 0.00789459 0.998281 92.1736 
0.998136 0.00163976 0.0610075 -2.36495 -0.00126943 0.999981 -0.00610781 -1.61844 -0.0610163 0.00601902 0.998119 93.313 
0.997978 0.00332526 0.0634716 -2.32198 -0.00298782 0.999981 -0.00540987 -1.64675 -0.0634884 0.00520933 0.997969 94.4951 
0.997881 0.0025694 0.0650226 -2.26675 -0.00208114 0.999969 -0.00757492 -1.68164 -0.0650401 0.00742358 0.997855 95.6105 
0.997802 -0.000931799 0.0662621 -2.19327 0.0016112 0.999947 -0.0101999 -1.71603 -0.0662491 0.0102842 0.99775 96.7857 
0.997591 1.96003e-05 0.0693664 -2.14052 0.000915939 0.999909 -0.0134545 -1.73212 -0.0693604 0.0134856 0.997501 97.859 
0.997401 0.00426259 0.0719198 -2.11387 -0.00321057 0.999886 -0.0147362 -1.76545 -0.0719745 0.0144671 0.997302 99.0057 
0.997372 0.00480828 0.0722977 -2.04723 -0.00380714 0.999895 -0.0139783 -1.80312 -0.0723574 0.0136664 0.997285 100.193 
0.997259 0.00419187 0.0738737 -2.11538 -0.00337457 0.999932 -0.0111843 -1.86426 -0.0739156 0.0109044 0.997205 101.325 
0.997241 0.00370291 0.074145 -2.11126 -0.0029875 0.999948 -0.00975674 -1.89618 -0.0741773 0.00950835 0.9972 102.402 
0.997242 0.00392109 0.0741207 -2.1015 -0.00327955 0.999956 -0.00877447 -1.92979 -0.0741519 0.00850722 0.997211 103.523 
0.997393 0.00478744 0.0719962 -2.06532 -0.00416812 0.999953 -0.00874932 -1.95004 -0.0720347 0.00842646 0.997367 104.704 
0.997621 0.00429628 0.0688021 -1.99451 -0.00372705 0.999958 -0.00839914 -1.97603 -0.0688353 0.00812277 0.997595 105.893 
0.997615 0.00405894 0.0689099 -2.09951 -0.003424 0.999951 -0.00932901 -1.97216 -0.0689444 0.00907085 0.997579 106.994 
0.997663 0.00417013 0.0682001 -2.16452 -0.00370903 0.999969 -0.00688565 -2.09667 -0.0682268 0.00661664 0.997648 108.207 
0.997719 0.00634539 0.0672102 -2.21943 -0.00594233 0.999963 -0.00619457 -2.13011 -0.0672471 0.0057811 0.99772 109.313 
0.997836 0.00660243 0.0654177 -2.27772 -0.00628348 0.999967 -0.00507944 -2.17871 -0.0654491 0.00465744 0.997845 110.584 
0.997943 0.0073728 0.0636854 -2.32557 -0.00707252 0.999963 -0.00493848 -2.199 -0.0637195 0.00447794 0.997958 111.711 
0.998056 0.00847989 0.0617418 -2.37377 -0.00815117 0.999951 -0.00557331 -2.23591 -0.0617861 0.00505925 0.998077 112.852 
0.998275 0.00850263 0.0580863 -2.34287 -0.00821632 0.999953 -0.00516538 -2.26504 -0.0581275 0.00467926 0.998298 114.025 
0.998482 0.0103318 0.0541088 -2.33557 -0.010045 0.999934 -0.00556926 -2.29111 -0.0541629 0.00501732 0.99852 115.289 
0.998699 0.0113696 0.0497156 -2.30574 -0.0110519 0.999917 -0.0066593 -2.30314 -0.0497872 0.00610123 0.998741 116.476 
0.998818 0.0127204 0.0469237 -2.32811 -0.0123967 0.999897 -0.00718193 -2.31812 -0.0470102 0.00659178 0.998873 117.675 
0.998833 0.0154491 0.0457527 -2.32531 -0.0152062 0.999868 -0.00565268 -2.37278 -0.0458341 0.00495041 0.998937 118.852 
0.998762 0.017362 0.0466245 -2.35096 -0.0170907 0.999835 -0.00621011 -2.40287 -0.0467247 0.00540561 0.998893 119.998 
0.998704 0.0176951 0.0477218 -2.37919 -0.0175069 0.999837 -0.00435748 -2.45415 -0.0477912 0.00351641 0.998851 121.243 
0.998644 0.0196947 0.0481956 -2.38038 -0.0195272 0.999802 -0.00394209 -2.47864 -0.0482637 0.00299565 0.99883 122.425 
0.998603 0.0208408 0.0485588 -2.35733 -0.0206394 0.999776 -0.00464518 -2.48705 -0.0486448 0.00363651 0.99881 123.736 
0.998463 0.0230665 0.0503897 -2.38337 -0.0229847 0.999733 -0.00220207 -2.51292 -0.0504271 0.00104053 0.998727 124.94 
0.998343 0.0263493 0.0511619 -2.38966 -0.0262954 0.999653 -0.00172497 -2.48706 -0.0511896 0.000376827 0.998689 126.379 
0.998402 0.0250475 0.0506515 -2.34889 -0.0249357 0.999685 -0.00283754 -2.48868 -0.0507067 0.00157002 0.998712 127.623 
0.998416 0.0258749 0.049969 -2.30691 -0.0256646 0.999659 -0.00484501 -2.50459 -0.0500774 0.00355494 0.998739 128.92 
0.998535 0.0232051 0.0488914 -2.26943 -0.0230561 0.999728 -0.00360877 -2.52679 -0.0489619 0.00247627 0.998798 130.19 
0.998445 0.0252852 0.0496882 -2.2619 -0.0252893 0.99968 -0.000544736 -2.53529 -0.0496861 -0.000712651 0.998765 131.527 
0.998719 0.0195109 0.0466961 -2.16362 -0.0196182 0.999806 0.00184196 -2.57565 -0.0466512 -0.00275565 0.998907 132.747 
0.998768 0.0186359 0.0459886 -2.10032 -0.0187265 0.999824 0.00153998 -2.57367 -0.0459518 -0.00239925 0.998941 133.936 
0.998757 0.0135368 0.047962 -2.09174 -0.01357 0.999908 0.000367053 -2.60344 -0.0479526 -0.0010174 0.998849 135.267 
0.998734 0.0131667 0.0485583 -2.05211 -0.013141 0.999913 -0.000847081 -2.61904 -0.0485653 0.000207945 0.99882 136.557 
0.998836 0.00910623 0.0473636 -1.9928 -0.00903392 0.999958 -0.00173946 -2.65319 -0.0473775 0.0013096 0.998876 137.883 
0.998834 0.00818746 0.0475826 -1.94144 -0.00814888 0.999966 -0.00100383 -2.68005 -0.0475893 0.000614955 0.998867 139.186 
0.998746 0.0102526 0.0490062 -1.96501 -0.0103509 0.999945 0.00175308 -2.72253 -0.0489856 -0.0022581 0.998797 140.357 
0.998688 0.0125844 0.0496408 -1.95275 -0.0127106 0.999917 0.00222748 -2.71953 -0.0496086 -0.00285548 0.998765 141.597 
0.998577 0.0109985 0.0521891 -1.99638 -0.0110974 0.999937 0.0016054 -2.76389 -0.0521682 -0.00218223 0.998636 142.859 
0.998527 0.0122171 0.0528652 -1.97209 -0.012256 0.999925 0.000411467 -2.79501 -0.0528562 -0.00105873 0.998602 144.134 
0.998509 0.012752 0.0530774 -1.91828 -0.0127086 0.999919 -0.00115422 -2.83433 -0.0530879 0.000478002 0.99859 145.307 
0.998503 0.0119035 0.0533937 -1.86224 -0.0116065 0.999915 -0.00586737 -2.84133 -0.0534591 0.00523891 0.998556 146.603 
0.998407 0.0136189 0.0547558 -1.83901 -0.0131362 0.999872 -0.00916534 -2.88642 -0.0548736 0.0084315 0.998458 147.912 
0.99843 0.012233 0.0546664 -1.78307 -0.0117487 0.999889 -0.00917222 -2.92691 -0.0547726 0.0085156 0.998463 149.191 
0.998411 0.0122531 0.0550016 -1.75293 -0.011778 0.999891 -0.00895344 -2.96866 -0.0551053 0.00829145 0.998446 150.402 
0.998407 0.0115927 0.055226 -1.70087 -0.0111109 0.999898 -0.00902195 -2.98755 -0.055325 0.008394 0.998433 151.666 
0.998528 0.0116699 0.0529671 -1.63626 -0.0112587 0.999904 -0.00805378 -3.03248 -0.0530561 0.00744562 0.998564 152.928 
0.998511 0.0143 0.0526516 -1.60029 -0.0139026 0.999872 -0.00790547 -3.05876 -0.0527579 0.00716174 0.998582 154.18 
0.998531 0.0131075 0.0525768 -1.57602 -0.012657 0.99988 -0.00889069 -3.07698 -0.0526871 0.00821221 0.998577 155.468 
0.998469 0.0138527 0.0535576 -1.57545 -0.0134202 0.999874 -0.00842655 -3.12712 -0.0536677 0.00769494 0.998529 156.667 
0.998542 0.0118894 0.0526495 -1.54586 -0.0115501 0.999911 -0.00674269 -3.16264 -0.052725 0.0061248 0.99859 157.895 
0.998636 0.0120889 0.0507898 -1.47361 -0.0117424 0.999906 -0.00711409 -3.17182 -0.0508711 0.00650803 0.998684 159.192 
0.998595 0.0129923 0.0513713 -1.47433 -0.0126134 0.999891 -0.00769253 -3.22247 -0.0514657 0.00703379 0.99865 160.466 
0.998666 0.013045 0.0499565 -1.41082 -0.0125862 0.999876 -0.00948682 -3.2371 -0.0500741 0.00884545 0.998706 161.787 
0.998736 0.0136129 0.0483878 -1.3413 -0.0131581 0.999866 -0.00970336 -3.28131 -0.0485134 0.00905444 0.998782 163.035 
0.998825 0.0145825 0.046225 -1.28869 -0.0141194 0.999847 -0.0103281 -3.30585 -0.0463686 0.00966336 0.998878 164.236 
0.998825 0.0152952 0.0459916 -1.27194 -0.0147985 0.999829 -0.0111197 -3.34449 -0.0461538 0.0104261 0.99888 165.526 
0.998832 0.0151398 0.0458768 -1.22952 -0.0146091 0.999823 -0.0118801 -3.35697 -0.0460486 0.0111961 0.998877 166.873 
0.998851 0.0166449 0.0449315 -1.18876 -0.0162109 0.999819 -0.0100057 -3.4002 -0.0450899 0.00926586 0.99894 168.189 
0.998881 0.0158238 0.0445607 -1.16115 -0.0153532 0.999823 -0.0108823 -3.40976 -0.044725 0.010186 0.998947 169.56 
0.998958 0.015283 0.0430155 -1.11901 -0.0148754 0.999842 -0.00977666 -3.47035 -0.0431581 0.00912663 0.999027 170.801 
0.998997 0.0158182 0.0418876 -1.07261 -0.0154136 0.999832 -0.00996364 -3.50887 -0.0420382 0.00930805 0.999073 172.069 
0.998996 0.0163142 0.0417148 -1.0328 -0.0158762 0.999816 -0.0108091 -3.54598 -0.0418835 0.010136 0.999071 173.344 
0.99899 0.0178552 0.0412224 -1.00885 -0.0174222 0.999789 -0.0108401 -3.58462 -0.0414073 0.010111 0.999091 174.581 
0.998976 0.0177798 0.041606 -0.995698 -0.0173306 0.999788 -0.0111333 -3.60685 -0.0417952 0.0104009 0.999072 175.835 
0.99889 0.0183601 0.0433741 -1.02524 -0.0178678 0.999772 -0.0117102 -3.65788 -0.0435792 0.0109223 0.99899 177.113 
0.998924 0.0173548 0.0430033 -0.998621 -0.0168577 0.999787 -0.0118962 -3.71781 -0.0432006 0.0111586 0.999004 178.348 
0.998974 0.0146341 0.0428533 -0.961299 -0.014137 0.99983 -0.0118784 -3.74829 -0.0430199 0.0112605 0.999011 179.621 
0.998983 0.0147699 0.0425963 -0.932832 -0.01441 0.999858 -0.00874291 -3.77728 -0.0427194 0.00812025 0.999054 180.916 
0.999024 0.0132098 0.0421431 -0.900227 -0.0130211 0.999904 -0.00474689 -3.79667 -0.0422018 0.00419354 0.9991 182.193 
0.999014 0.0132027 0.04238 -0.874026 -0.0129858 0.999901 -0.00538816 -3.83123 -0.042447 0.00483255 0.999087 183.455 
0.999065 0.00917459 0.0422551 -0.868383 -0.00880986 0.999922 -0.00880874 -3.88446 -0.0423327 0.00842828 0.999068 184.676 
0.999119 0.00747911 0.0412883 -0.865985 -0.00702426 0.999913 -0.0111494 -3.92554 -0.0413681 0.0108496 0.999085 185.837 
0.999002 0.0128636 0.0427696 -0.897994 -0.0124674 0.999877 -0.00951736 -3.99027 -0.0428868 0.00897468 0.99904 186.947 
0.99898 0.0113721 0.0437002 -0.871621 -0.0110547 0.999911 -0.0074975 -4.03767 -0.0437816 0.0070068 0.999017 188.211 
0.998914 0.0130961 0.0447232 -0.861537 -0.0128479 0.999901 -0.00582959 -4.07387 -0.0447952 0.0052487 0.998982 189.476 
0.99894 0.0123523 0.0443546 -0.746064 -0.0121596 0.999915 -0.00461135 -4.10316 -0.0444078 0.00406717 0.999005 190.852 
0.998836 0.012392 0.0466154 -0.775644 -0.0121611 0.999912 -0.00523134 -4.13411 -0.0466762 0.0046584 0.998899 192.032 
0.998887 0.00743608 0.0465763 -0.694262 -0.00711467 0.99995 -0.00706176 -4.17367 -0.0466265 0.00672257 0.99889 193.31 
0.998816 0.00887383 0.0478401 -0.671165 -0.00843773 0.999921 -0.00930921 -4.19873 -0.047919 0.00889456 0.998812 194.562 
0.998739 0.00753679 0.0496282 -0.627762 -0.00709119 0.999933 -0.00914793 -4.24735 -0.0496938 0.00878451 0.998726 195.796 
0.99864 0.00864461 0.0514086 -0.600145 -0.00819315 0.999926 -0.00898522 -4.26971 -0.0514825 0.00855184 0.998637 197.015 
0.998558 0.00980003 0.052787 -0.566634 -0.00948091 0.999935 -0.00629164 -4.31021 -0.0528453 0.00578214 0.998586 198.221 
0.998536 0.00738759 0.0535831 -0.579838 -0.00710584 0.99996 -0.00544612 -4.36199 -0.0536212 0.00505744 0.998549 199.285 
0.99853 0.00741174 0.053687 -0.522775 -0.00711514 0.999958 -0.00571293 -4.39347 -0.0537272 0.00532259 0.998542 200.469 
0.998497 0.00714851 0.0543468 -0.471477 -0.0069083 0.999966 -0.00460573 -4.44059 -0.0543779 0.0042234 0.998512 201.646 
0.99846 0.00709276 0.0550233 -0.420809 -0.00678777 0.999961 -0.00572709 -4.45642 -0.0550618 0.00534483 0.998469 202.836 
0.998354 0.00650801 0.0569856 -0.400106 -0.00620456 0.999966 -0.00549964 -4.49307 -0.0570194 0.00513706 0.99836 204.055 
0.998314 0.0062628 0.0577083 -0.342555 -0.00593749 0.999966 -0.005806 -4.50346 -0.0577428 0.0054536 0.998317 205.254 
0.998273 0.00586465 0.0584483 -0.281085 -0.00551939 0.999966 -0.00606599 -4.53049 -0.058482 0.00573296 0.998272 206.443 
0.998301 0.0059309 0.0579698 -0.209718 -0.00561581 0.999969 -0.00559596 -4.5593 -0.0580012 0.00526094 0.998303 207.683 
0.998346 0.0040282 0.057357 -0.172896 -0.0038166 0.999986 -0.00379746 -4.61097 -0.0573715 0.00357231 0.998347 208.751 
0.998361 0.00490692 0.0570153 -0.136168 -0.00468896 0.999981 -0.00395531 -4.64568 -0.0570337 0.00368153 0.998366 209.913 
0.998325 0.00481915 0.0576617 -0.116513 -0.00450528 0.999974 -0.00557116 -4.67167 -0.0576871 0.00530209 0.998321 211.023 
0.998369 0.00533852 0.0568485 -0.0592984 -0.00500509 0.999969 -0.00600524 -4.7084 -0.0568788 0.00571095 0.998365 212.108 
0.998398 0.00536148 0.0563235 -0.0305007 -0.00499852 0.999966 -0.00658247 -4.74168 -0.056357 0.00629043 0.998391 213.174 
0.99852 0.00573504 0.0540879 0.0184233 -0.00541977 0.999968 -0.00597281 -4.77855 -0.0541204 0.00567087 0.998518 214.218 
0.998646 0.00213397 0.0519706 0.0164588 -0.00181274 0.999979 -0.00622647 -4.81823 -0.0519828 0.00612387 0.998629 215.103 
0.998773 0.000488612 0.0495137 0.0465815 -0.000215162 0.999985 -0.00552702 -4.83623 -0.0495157 0.00550962 0.998758 216.138 
0.998862 0.000898614 0.0476918 0.0811042 -0.000677739 0.999989 -0.00464636 -4.84462 -0.0476955 0.00460879 0.998851 217.251 
0.999028 0.00174426 0.0440386 0.150793 -0.0015562 0.99999 -0.00430321 -4.87851 -0.0440457 0.00423054 0.999021 218.278 
0.999126 0.00130194 0.0417764 0.180941 -0.00109842 0.999987 -0.00489334 -4.91287 -0.0417823 0.00484322 0.999115 219.297 
0.99921 0.000728079 0.0397382 0.170364 -0.000549833 0.99999 -0.00449515 -4.94151 -0.0397411 0.00446979 0.9992 220.273 
0.999344 0.00115487 0.0362074 0.197545 -0.00101227 0.999992 -0.00395528 -4.97654 -0.0362117 0.00391608 0.999337 221.221 
0.999412 0.00255365 0.0342054 0.201284 -0.00241708 0.999989 -0.00403206 -4.99623 -0.0342154 0.00394705 0.999407 222.135 
0.999517 0.00410501 0.0308202 0.216641 -0.00400337 0.999986 -0.00335754 -5.01824 -0.0308336 0.00323257 0.999519 223.039 
0.999656 0.00401688 0.0259026 0.243931 -0.00392157 0.999985 -0.00372763 -5.049 -0.0259172 0.00362481 0.999658 223.916 
0.999732 0.00500726 0.0226121 0.236779 -0.00493159 0.999982 -0.00339882 -5.0827 -0.0226288 0.00328644 0.999739 224.759 
0.999795 0.00562699 0.0194602 0.243751 -0.00553434 0.999973 -0.00480971 -5.10341 -0.0194867 0.00470106 0.999799 225.598 
0.999805 0.00749961 0.0182711 0.225932 -0.00741367 0.999961 -0.00476449 -5.12392 -0.0183062 0.00462815 0.999822 226.428 
0.999786 0.00979643 0.0182265 0.210156 -0.00971242 0.999942 -0.00468965 -5.1375 -0.0182715 0.00451167 0.999823 227.235 
0.99978 0.00973744 0.0185797 0.209146 -0.00967061 0.999947 -0.00368097 -5.15737 -0.0186146 0.00350052 0.999821 228.01 
0.999744 0.0123744 0.0189664 0.20737 -0.0123155 0.999919 -0.00321731 -5.16257 -0.0190047 0.00298294 0.999815 228.777 
0.999758 0.011421 0.0188044 0.223631 -0.0113575 0.999929 -0.0034799 -5.19126 -0.0188429 0.00326553 0.999817 229.548 
0.999761 0.0121716 0.0181884 0.254598 -0.0120514 0.999905 -0.00670264 -5.19779 -0.0182683 0.00648188 0.999812 230.335 
0.999764 0.0111954 0.0185944 0.251742 -0.0110297 0.999899 -0.00898566 -5.22489 -0.0186932 0.00877849 0.999787 231.059 
0.999756 0.00974509 0.0198173 0.245211 -0.00952008 0.99989 -0.0114147 -5.23252 -0.0199264 0.0112233 0.999738 231.78 
0.999696 0.0115244 0.0217798 0.241517 -0.0112667 0.999866 -0.0119164 -5.26094 -0.0219143 0.0116675 0.999692 232.531 
0.999671 0.0104061 0.0234621 0.236583 -0.0101033 0.999865 -0.0129868 -5.27427 -0.0235941 0.0127455 0.99964 233.254 
0.999644 0.0091116 0.025062 0.238399 -0.00881899 0.999892 -0.0117597 -5.32969 -0.0251665 0.0115345 0.999617 233.941 
0.999578 0.00965919 0.027403 0.250541 -0.00931498 0.999877 -0.0126595 -5.34241 -0.027522 0.0123989 0.999544 234.703 
0.999527 0.00944372 0.0292781 0.256423 -0.00908795 0.999884 -0.0122592 -5.37883 -0.0293905 0.0119874 0.999496 235.41 
0.999444 0.00932735 0.0320149 0.279504 -0.00894581 0.999888 -0.0120387 -5.39604 -0.0321237 0.0117457 0.999415 236.13 
0.999366 0.00773526 0.0347453 0.303945 -0.00735189 0.999911 -0.0111465 -5.41627 -0.0348285 0.010884 0.999334 236.856 
0.999282 0.00698636 0.0372502 0.326094 -0.00655536 0.99991 -0.0116789 -5.42706 -0.0373285 0.0114264 0.999238 237.586 
0.999116 0.00690224 0.0414679 0.321923 -0.00646106 0.999921 -0.0107626 -5.47457 -0.0415389 0.0104852 0.999082 238.279 
0.999008 0.00615654 0.0441061 0.344276 -0.00567138 0.999922 -0.0111157 -5.49427 -0.0441711 0.0108545 0.998965 238.957 
0.998892 0.00576555 0.0467071 0.362106 -0.00530221 0.999936 -0.0100372 -5.52902 -0.046762 0.00977845 0.998858 239.646 
0.998724 0.00883074 0.0497143 0.392192 -0.00816631 0.999875 -0.0135514 -5.51419 -0.0498278 0.0131281 0.998672 240.371 
0.99859 0.00706679 0.0526158 0.412926 -0.00641971 0.999902 -0.0124562 -5.54911 -0.0526987 0.0121009 0.998537 241.061 
0.998353 0.00673405 0.0569727 0.429221 -0.00610164 0.999918 -0.0112663 -5.57671 -0.0570439 0.0109002 0.998312 241.785 
0.998248 0.00470275 0.0589829 0.46778 -0.00412512 0.999942 -0.00991036 -5.60567 -0.0590261 0.00964972 0.99821 242.494 
0.998037 0.00364484 0.0625208 0.492917 -0.00312293 0.99996 -0.00844274 -5.63697 -0.0625491 0.00823096 0.998008 243.198 
0.997997 0.00327535 0.0631745 0.527604 -0.00266059 0.999948 -0.00981214 -5.65874 -0.0632034 0.00962444 0.997954 243.883 
0.997816 0.00409444 0.065932 0.541123 -0.0033472 0.999929 -0.0114393 -5.67769 -0.0659742 0.0111937 0.997759 244.565 
0.99766 0.00909936 0.0677699 0.567294 -0.00813802 0.999863 -0.0144472 -5.67846 -0.067892 0.013862 0.997596 245.271 
0.997646 0.00800516 0.0681027 0.600794 -0.00702197 0.999868 -0.0146634 -5.69858 -0.0682111 0.0141507 0.997571 245.991 
0.99748 0.0119369 0.0699445 0.618799 -0.0108833 0.999822 -0.0154245 -5.71312 -0.0701162 0.0146244 0.997432 246.696 
0.997476 0.0141389 0.0695839 0.656115 -0.0130934 0.999795 -0.0154585 -5.75531 -0.0697883 0.0145084 0.997456 247.464 
0.997471 0.0168609 0.0690401 0.712142 -0.0158332 0.999756 -0.0154052 -5.79876 -0.069283 0.0142731 0.997495 248.183 
0.997438 0.0178313 0.0692816 0.752128 -0.0165492 0.999682 -0.0190353 -5.79132 -0.0695991 0.01784 0.997416 249.06 
0.997365 0.0141572 0.07115 0.744667 -0.0126896 0.999698 -0.0210362 -5.81291 -0.0714264 0.0200779 0.997244 249.824 
0.997311 0.0123986 0.0722324 0.78 -0.0108174 0.999694 -0.0222401 -5.82499 -0.0724861 0.0213989 0.99714 250.559 
0.996961 0.0133726 0.0767472 0.700191 -0.0120123 0.999763 -0.0181583 -5.84849 -0.0769719 0.0171813 0.996885 251.093 
0.996775 0.0168604 0.078461 0.709872 -0.015913 0.999793 -0.012684 -5.87663 -0.0786586 0.0113946 0.996837 251.849 
0.996794 0.0152972 0.0785343 0.792717 -0.0145622 0.999845 -0.00992285 -5.90147 -0.078674 0.00874745 0.996862 252.661 
0.996586 0.0125377 0.0816026 0.824338 -0.0115634 0.999856 -0.0124 -5.92508 -0.0817463 0.0114141 0.996588 253.442 
0.996259 0.0134442 0.0853664 0.872438 -0.0119283 0.999762 -0.018243 -5.94765 -0.0855914 0.0171565 0.996183 254.199 
0.995961 0.0161669 0.0883204 0.947849 -0.0142257 0.999644 -0.0225641 -5.95903 -0.0886538 0.0212166 0.995837 254.998 
0.995438 0.0191681 0.0934638 0.966706 -0.0170383 0.999578 -0.0235322 -5.97202 -0.0938755 0.0218324 0.995345 255.821 
0.995293 0.0172997 0.0953514 1.05836 -0.0154243 0.999674 -0.0203698 -6.01375 -0.0956727 0.0188032 0.995235 256.65 
0.994843 0.014538 0.100378 1.10229 -0.0129012 0.999773 -0.016936 -6.04001 -0.100602 0.0155537 0.994805 257.499 
0.99463 0.0108487 0.102923 1.18672 -0.00927233 0.999833 -0.015782 -6.06195 -0.103077 0.0147429 0.994564 258.342 
0.994375 0.011703 0.10527 1.27857 -0.0101877 0.999837 -0.0149201 -6.0932 -0.105428 0.0137638 0.994332 259.168 
0.994132 0.0155436 0.107056 1.38271 -0.0136192 0.999733 -0.0186832 -6.09909 -0.107317 0.0171156 0.994078 260.02 
0.993824 0.0115954 0.110364 1.40072 -0.00946599 0.999759 -0.0197985 -6.17313 -0.110567 0.0186315 0.993694 260.791 
0.993453 0.0101795 0.113789 1.45212 -0.00801949 0.999779 -0.0194241 -6.21725 -0.113961 0.0183845 0.993315 261.586 
0.993038 0.0133172 0.117043 1.51422 -0.0111464 0.999754 -0.0191816 -6.20484 -0.117269 0.0177434 0.992942 262.416 
0.992501 0.0102538 0.121808 1.56289 -0.00856229 0.99986 -0.014402 -6.28795 -0.121939 0.0132511 0.992449 263.255 
0.992067 0.0115703 0.125177 1.64915 -0.00978363 0.999841 -0.014878 -6.31402 -0.125329 0.0135353 0.992023 264.103 
0.991632 0.0124926 0.128493 1.72978 -0.0105156 0.999816 -0.0160524 -6.33566 -0.12867 0.014567 0.991581 264.93 
0.991179 0.0108 0.132088 1.81429 -0.00874955 0.999832 -0.0160932 -6.36484 -0.13224 0.0147956 0.991107 265.777 
0.990919 0.00943317 0.134127 1.91743 -0.00726464 0.999835 -0.0166476 -6.37611 -0.134262 0.015522 0.990824 266.596 
0.990871 0.00829612 0.134559 2.01589 -0.00608584 0.99984 -0.0168288 -6.40356 -0.134677 0.0158563 0.990763 267.418 
0.990911 0.00783843 0.13429 2.13175 -0.00566416 0.999847 -0.0165649 -6.42843 -0.1344 0.0156537 0.990804 268.259 
0.990893 0.00962761 0.134309 2.23543 -0.00731302 0.999816 -0.0177157 -6.43619 -0.134455 0.0165722 0.990781 269.096 
0.990843 0.0115966 0.134519 2.34101 -0.00942034 0.999814 -0.0168029 -6.46311 -0.134689 0.0153818 0.990769 269.973 
0.99103 0.0111692 0.133175 2.46902 -0.00900224 0.999817 -0.016862 -6.48032 -0.133339 0.0155119 0.990949 270.836 
0.991099 0.01413 0.132372 2.55685 -0.0118518 0.999768 -0.0179829 -6.49684 -0.132596 0.0162541 0.991037 271.699 
0.991319 0.0148281 0.130638 2.64746 -0.0123048 0.999722 -0.0201008 -6.51207 -0.1309 0.0183189 0.991226 272.547 
0.991509 0.0157158 0.129086 2.73568 -0.0132529 0.999714 -0.0199165 -6.55575 -0.129362 0.0180367 0.991433 273.399 
0.991712 0.0181691 0.127188 2.82622 -0.0157246 0.999672 -0.0201971 -6.58046 -0.127514 0.0180298 0.991673 274.239 
0.991972 0.0203555 0.124812 2.91549 -0.0179047 0.999625 -0.0207257 -6.60932 -0.125187 0.0183247 0.991964 275.053 
0.992032 0.0216731 0.124106 2.98244 -0.0192881 0.999606 -0.0203867 -6.63922 -0.124499 0.0178305 0.99206 275.867 
0.992405 0.0212947 0.121156 3.06813 -0.0191255 0.999636 -0.0190388 -6.66311 -0.121517 0.0165771 0.992451 276.721 
0.992732 0.0202846 0.118624 3.10694 -0.0185654 0.999706 -0.0155799 -6.69583 -0.118906 0.0132644 0.992817 277.523 
0.993145 0.0189141 0.115353 3.16728 -0.0173864 0.999748 -0.0142353 -6.71874 -0.115593 0.0121321 0.993223 278.33 
0.993647 0.0163567 0.111348 3.22689 -0.0149614 0.999799 -0.0133546 -6.74502 -0.111544 0.0116038 0.993692 279.157 
0.994112 0.0171385 0.106996 3.28173 -0.0157716 0.999783 -0.0136086 -6.75788 -0.107206 0.011841 0.994166 279.957 
0.994577 0.0167132 0.102651 3.34924 -0.0154433 0.999794 -0.0131525 -6.78693 -0.10285 0.0114959 0.99463 280.763 
0.9948 0.013221 0.100982 3.32842 -0.0120226 0.99985 -0.0124663 -6.81224 -0.101132 0.0111874 0.99481 281.48 
0.995177 0.0127321 0.0972697 3.38226 -0.0116452 0.999863 -0.0117333 -6.85459 -0.0974058 0.010544 0.995189 282.279 
0.995582 0.0120819 0.0931159 3.44641 -0.0110612 0.999873 -0.0114699 -6.89316 -0.0932427 0.0103893 0.995589 283.059 
0.995891 0.0120432 0.0897606 3.47314 -0.0110312 0.99987 -0.0117623 -6.90971 -0.0898906 0.0107238 0.995894 283.856 
0.996189 0.0130339 0.0862421 3.51653 -0.0120236 0.999853 -0.0122235 -6.92661 -0.0863888 0.01114 0.996199 284.598 
0.996575 0.0123935 0.0817637 3.56069 -0.0114099 0.999857 -0.0124851 -6.95433 -0.0819067 0.0115095 0.996574 285.31 
0.996733 0.0139093 0.0795567 3.52067 -0.0128213 0.999817 -0.0141708 -6.98069 -0.0797394 0.0131046 0.99673 285.923 
0.997265 0.014628 0.0724512 3.55184 -0.0135464 0.99979 -0.0153975 -7.011 -0.0726612 0.0143739 0.997253 286.615 
0.99776 0.015439 0.0650848 3.54526 -0.0143947 0.999761 -0.0164828 -7.03645 -0.0653237 0.015509 0.997744 287.194 
0.99832 0.0154517 0.0558507 3.51679 -0.0145178 0.999749 -0.0170893 -7.06241 -0.0561007 0.0162498 0.998293 287.887 
0.998953 0.0167439 0.0425726 3.54096 -0.0160085 0.999718 -0.0175548 -7.07994 -0.0428545 0.016855 0.998939 288.534 
0.999513 0.0172803 0.0260039 3.52879 -0.0168598 0.999725 -0.0163017 -7.11777 -0.0262785 0.0158554 0.999529 289.098 
0.999763 0.0206091 0.00704908 3.50505 -0.0205008 0.999676 -0.0150981 -7.14712 -0.007358 0.0149501 0.999861 289.718 
0.999653 0.0218174 -0.0147825 3.43852 -0.022038 0.999646 -0.0149344 -7.15511 0.0144514 0.015255 0.999779 290.319 
0.998897 0.0231669 -0.040838 3.39694 -0.0237803 0.999611 -0.0145984 -7.16662 0.0404838 0.0155534 0.999059 290.916 
0.997364 0.0250576 -0.0681028 3.31546 -0.026093 0.999556 -0.0143568 -7.17658 0.0677128 0.016096 0.997575 291.497 
0.994696 0.0252971 -0.0996961 3.22583 -0.026729 0.999558 -0.013054 -7.18511 0.0993217 0.0156496 0.994932 292.091 
0.990714 0.0255846 -0.133531 3.10899 -0.0273506 0.999561 -0.0114079 -7.19396 0.13318 0.0149542 0.990979 292.639 
0.985037 0.0247124 -0.170561 3.00174 -0.0264449 0.999619 -0.00789295 -7.22063 0.170301 0.0122854 0.985316 293.166 
0.977176 0.0251783 -0.210934 2.93053 -0.0268277 0.999628 -0.00496142 -7.22078 0.210731 0.0105071 0.977488 293.698 
0.96765 0.028288 -0.250706 2.75433 -0.0294478 0.999566 -0.000875399 -7.26004 0.250572 0.00822984 0.968063 294.219 
0.955887 0.0288106 -0.292319 2.59074 -0.0291839 0.999569 0.00308443 -7.28762 0.292282 0.00558269 0.956316 294.74 
0.9417 0.0282396 -0.335266 2.41634 -0.0278687 0.999594 0.00591812 -7.29221 0.335297 0.00377038 0.942105 295.239 
0.925288 0.0278407 -0.378242 2.19745 -0.0270475 0.999607 0.00741043 -7.28184 0.378299 0.00337377 0.925677 295.715 
0.905429 0.0271093 -0.42363 1.97897 -0.025538 0.99963 0.00938652 -7.29197 0.423728 0.00231987 0.905787 296.168 
0.883064 0.0263136 -0.468514 1.71517 -0.0237345 0.999653 0.0114091 -7.29292 0.468652 0.00104507 0.883382 296.58 
0.85711 0.0265074 -0.514452 1.43809 -0.0219642 0.999648 0.0149136 -7.3082 0.514666 -0.00148304 0.85739 297.018 
0.828597 0.0277122 -0.55916 1.12055 -0.0227426 0.999616 0.0158401 -7.29223 0.559384 -0.000408297 0.828909 297.401 
0.797707 0.0257091 -0.602496 0.765649 -0.0191536 0.999667 0.0172973 -7.27956 0.60274 -0.00225818 0.797934 297.725 
0.762883 0.0236666 -0.646104 0.393818 -0.0135986 0.999696 0.020562 -7.2835 0.646394 -0.00690027 0.762973 298.038 
0.724003 0.0225712 -0.689427 0.0268717 -0.00823035 0.999676 0.0240853 -7.24067 0.689748 -0.0117636 0.723954 298.317 
0.680289 0.0239377 -0.732553 -0.370012 -0.00401224 0.999573 0.0289372 -7.26779 0.732933 -0.0167464 0.680095 298.586 
0.633218 0.0266492 -0.773514 -0.762393 -0.00435706 0.999514 0.0308685 -7.23326 0.773961 -0.0161762 0.633027 298.812 
0.584098 0.0332574 -0.811002 -1.17698 -0.00941527 0.999371 0.034201 -7.22216 0.811629 -0.0123409 0.584043 298.989 
0.531794 0.0382921 -0.846007 -1.58522 -0.0112456 0.999209 0.0381574 -7.23088 0.846799 -0.010778 0.531804 299.159 
0.477349 0.0404769 -0.877781 -1.98866 -0.0108062 0.999133 0.0401963 -7.22022 0.878647 -0.00970215 0.477373 299.305 
0.418777 0.0411501 -0.907156 -2.37137 -0.00671785 0.999086 0.0422189 -7.19187 0.908064 -0.0115861 0.41867 299.496 
0.361196 0.0442479 -0.931439 -2.78124 -0.0035388 0.998931 0.0460818 -7.17993 0.932483 -0.0133484 0.360967 299.618 
0.301932 0.04914 -0.952062 -3.1895 -0.000871901 0.998685 0.0512698 -7.18641 0.953329 -0.0146498 0.301577 299.722 
0.238947 0.0520745 -0.969635 -3.59066 0.00312857 0.998515 0.0543964 -7.16802 0.971028 -0.0160314 0.238429 299.816 
0.175479 0.0557974 -0.982901 -4.04009 0.00401701 0.998344 0.0573913 -7.14391 0.984475 -0.0140192 0.174964 299.831 
0.109847 0.0612646 -0.992059 -4.5145 0.00702143 0.998026 0.0624106 -7.11432 0.993924 -0.0138212 0.1092 299.838 
0.0417533 0.0689172 -0.996748 -4.9767 0.00956556 0.997545 0.069373 -7.10371 0.999082 -0.012431 0.0409915 299.83 
-0.0288079 0.0754162 -0.996736 -5.48828 0.0138179 0.997085 0.0750432 -7.05733 0.999489 -0.0116109 -0.029766 299.818 
-0.0971054 0.0816135 -0.991922 -5.9762 0.0174763 0.996618 0.080289 -7.02921 0.995121 -0.00953858 -0.0982033 299.732 
-0.165686 0.0865801 -0.982371 -6.4809 0.0221384 0.996214 0.0840664 -6.98252 0.98593 -0.0078194 -0.166976 299.628 
-0.231115 0.0917921 -0.968587 -6.97962 0.0283232 0.995752 0.0876083 -6.95334 0.972514 -0.00718593 -0.232733 299.465 
-0.292156 0.0945424 -0.951686 -7.41007 0.0331585 0.995505 0.0887162 -6.93147 0.955796 -0.00563752 -0.293978 299.25 
-0.352462 0.0951857 -0.930973 -7.88719 0.0385429 0.995446 0.0871856 -6.89009 0.935032 -0.00515278 -0.354525 299.021 
-0.410876 0.0955996 -0.906665 -8.38093 0.0429018 0.995413 0.0855153 -6.84489 0.910681 -0.00376136 -0.413092 298.767 
-0.463152 0.09695 -0.88096 -8.82077 0.0469981 0.995287 0.0848231 -6.81259 0.885032 -0.00211747 -0.465525 298.455 
-0.511703 0.0979591 -0.85356 -9.3026 0.0508956 0.99519 0.0837018 -6.76767 0.857654 -0.000611989 -0.514227 298.126 
-0.553438 0.0999784 -0.826868 -9.76573 0.053842 0.994987 0.0842687 -6.7369 0.831148 0.00211731 -0.556047 297.75 
-0.594104 0.102942 -0.797774 -10.2853 0.0594069 0.994684 0.0841095 -6.67821 0.802192 0.00257644 -0.597061 297.367 
-0.632279 0.109063 -0.767026 -10.7538 0.0685069 0.994034 0.084869 -6.62316 0.771706 0.00111431 -0.635979 296.932 
-0.669356 0.113499 -0.734221 -11.2297 0.0749645 0.993536 0.0852439 -6.55624 0.739151 0.002018 -0.673537 296.443 
-0.704921 0.115361 -0.699842 -11.7026 0.0796433 0.993319 0.0835165 -6.49598 0.7048 0.00313483 -0.709399 295.933 
-0.737626 0.11118 -0.665994 -12.1981 0.0790379 0.993787 0.0783619 -6.45172 0.670568 0.00516297 -0.74183 295.346 
-0.766962 0.109425 -0.632294 -12.6216 0.0814402 0.993984 0.0732344 -6.4263 0.636504 0.00467387 -0.77126 294.765 
-0.794495 0.10473 -0.598172 -13.0615 0.0808791 0.99449 0.0666953 -6.38483 0.601861 0.00460948 -0.798588 294.121 
-0.819132 0.10287 -0.564306 -13.45 0.0828047 0.994689 0.0611291 -6.34062 0.567598 0.00334562 -0.823299 293.475 
-0.842392 0.102686 -0.52899 -13.8753 0.0842328 0.994701 0.0589515 -6.30308 0.53224 0.00510202 -0.846578 292.757 
-0.864767 0.0993514 -0.492247 -14.2884 0.0820989 0.995016 0.0565971 -6.27992 0.495416 0.00853038 -0.868614 292.024 
-0.883144 0.101583 -0.457972 -14.6028 0.0858499 0.994783 0.0551028 -6.26304 0.46118 0.00934683 -0.887257 291.222 
-0.902242 0.103311 -0.418673 -15.0082 0.0896717 0.994603 0.0521844 -6.19688 0.421805 0.00953986 -0.906637 290.378 
-0.918224 0.106659 -0.381429 -15.3207 0.0947274 0.994248 0.0499805 -6.15471 0.384566 0.0097615 -0.923046 289.506 
-0.932433 0.108879 -0.34455 -15.6057 0.0972705 0.993958 0.050858 -6.12644 0.348005 0.0139071 -0.937389 288.618 
-0.945127 0.113243 -0.306448 -15.9214 0.102819 0.993442 0.0500043 -6.10056 0.310101 0.0157518 -0.950573 287.695 
-0.956339 0.113752 -0.269216 -16.1873 0.10441 0.993336 0.0488164 -6.08316 0.272975 0.0185761 -0.961842 286.735 
-0.965142 0.112155 -0.23648 -16.3773 0.105126 0.993565 0.0421679 -6.03888 0.239687 0.0158379 -0.970721 285.753 
-0.972293 0.110012 -0.20626 -16.5324 0.104598 0.993826 0.037007 -5.99557 0.209058 0.0144073 -0.977797 284.724 
-0.978449 0.109129 -0.175297 -16.6967 0.104731 0.993913 0.0341724 -5.96349 0.177959 0.0150768 -0.983922 283.682 
-0.983485 0.10695 -0.14601 -16.8059 0.103462 0.994141 0.0312995 -5.91749 0.148502 0.0156761 -0.988788 282.615 
-0.987364 0.106895 -0.116983 -16.9201 0.104305 0.99415 0.0280574 -5.89361 0.119297 0.015501 -0.992738 281.59 
-0.990335 0.105847 -0.0896332 -17.0174 0.103926 0.994249 0.0258377 -5.87603 0.0918526 0.0162727 -0.99564 280.474 
-0.992393 0.104714 -0.0647369 -17.0438 0.103135 0.994293 0.0272903 -5.89697 0.0672252 0.0204061 -0.997529 279.405 
-0.993773 0.103784 -0.0405412 -17.1001 0.102721 0.99433 0.0274887 -5.88268 0.0431642 0.0231531 -0.9988 278.216 
