1 2.12261e-08 -2.11895e-08 0 2.12261e-08 1 2.10703e-08 0 -2.11895e-08 2.10703e-08 1 0 
0.999977 -0.000280554 -0.00683185 -0.00345966 0.000284323 1 0.000544454 -0.00244195 0.00683166 -0.000546341 0.999977 0.0973821 
0.999901 0.000306503 -0.0140779 -0.0141781 -0.000302596 1 0.000276596 0.00205907 0.014078 -0.000272266 0.999901 0.197704 
0.999766 0.00117957 -0.0215984 -0.0223758 -0.00120013 0.999999 -0.00094116 0.00552177 0.0215973 0.000966903 0.999766 0.301597 
0.999528 0.00140076 -0.0306994 -0.0468293 -0.00146147 0.999997 -0.00195673 0.00206299 0.0306965 0.00200072 0.999527 0.401117 
0.999149 0.00200221 -0.0411971 -0.0793491 -0.00217856 0.999989 -0.00423711 0.0153071 0.0411881 0.0043233 0.999142 0.526775 
0.998527 0.00251637 -0.054204 -0.111893 -0.00281952 0.999981 -0.00551777 0.0200454 0.0541891 0.00566252 0.998515 0.645221 
0.9974 0.00228904 -0.0720267 -0.11447 -0.00266214 0.999984 -0.00508502 0.0159089 0.0720139 0.00526359 0.99739 0.805051 
0.995932 0.00113093 -0.0901037 -0.15808 -0.00155881 0.999988 -0.00467892 0.00954758 0.0900973 0.00480039 0.995921 0.954005 
0.993799 -0.000355144 -0.111193 -0.178618 -0.000110342 0.999991 -0.00418046 0.00338075 0.111194 0.00416685 0.99379 1.12356 
0.991117 0.000303117 -0.132996 -0.234047 -0.000957385 0.999988 -0.00485584 0.00471364 0.132993 0.00494008 0.991105 1.29722 
0.987574 0.00317026 -0.157121 -0.299964 -0.00427615 0.999968 -0.00670115 0.00226001 0.157095 0.0072898 0.987557 1.46791 
0.983094 0.0075221 -0.182949 -0.361696 -0.00905845 0.99993 -0.0075637 -0.00903566 0.182879 0.0090931 0.983093 1.65001 
0.977707 0.0106149 -0.209704 -0.441467 -0.0126983 0.999883 -0.00859117 -0.00966896 0.209588 0.0110626 0.977727 1.83389 
0.970738 0.0115003 -0.239865 -0.51291 -0.0140124 0.999863 -0.0087704 -0.012087 0.239731 0.0118749 0.970767 2.03001 
0.962523 0.0129947 -0.27089 -0.594983 -0.0155842 0.999851 -0.00741049 -0.0200542 0.270753 0.0113544 0.962582 2.22345 
0.952953 0.0148448 -0.302754 -0.696972 -0.0176214 0.999824 -0.00644169 -0.026438 0.302605 0.0114736 0.953047 2.42112 
0.941338 0.0164254 -0.337064 -0.806332 -0.0192832 0.999801 -0.00513243 -0.02798 0.336913 0.0113311 0.941468 2.6312 
0.928481 0.0188057 -0.370904 -0.923557 -0.0225053 0.999731 -0.00564873 -0.016931 0.370697 0.0135921 0.928654 2.84785 
0.914079 0.0203921 -0.405023 -1.0469 -0.0246499 0.999682 -0.00529948 -0.0115421 0.404786 0.014828 0.914291 3.06345 
0.897528 0.0213973 -0.440438 -1.17952 -0.0262005 0.999645 -0.00482702 -0.0106006 0.440179 0.0158721 0.89777 3.27418 
0.878494 0.0163692 -0.477473 -1.32328 -0.0213895 0.999758 -0.00507955 -0.0131907 0.477275 0.0146753 0.878632 3.48672 
0.856568 0.010539 -0.515926 -1.46673 -0.015848 0.999857 -0.00588718 -0.00427228 0.51579 0.0132192 0.856613 3.68 
0.830663 0.0112212 -0.556663 -1.6328 -0.0157354 0.999871 -0.00332537 -0.00176561 0.556553 0.0115216 0.830732 3.88623 
0.800683 0.0166944 -0.598855 -1.83625 -0.020862 0.999782 -2.19443e-05 3.55659e-05 0.598725 0.012511 0.800857 4.08258 
0.7672 0.0198048 -0.641102 -2.03442 -0.0239722 0.99971 0.00219552 -0.00647718 0.64096 0.0136843 0.767453 4.25526 
0.72985 0.0188916 -0.683346 -2.25134 -0.023039 0.99973 0.00303138 -0.0118043 0.683219 0.0135312 0.730088 4.44069 
0.689925 0.0145678 -0.723734 -2.48418 -0.0172194 0.999845 0.00371047 -0.00640302 0.723676 0.00990235 0.690069 4.59924 
0.645786 0.0107414 -0.763443 -2.74145 -0.0120298 0.99992 0.00389274 0.00324435 0.763424 0.00667021 0.645864 4.77987 
0.600038 0.0101038 -0.799908 -3.01789 -0.00825589 0.999945 0.00643742 -0.000224412 0.799929 0.00274131 0.600088 4.93861 
0.55201 0.0115691 -0.833757 -3.2949 -0.00688899 0.999933 0.00931388 -0.00587651 0.833809 0.000602444 0.552053 5.06513 
0.501539 0.0122929 -0.865047 -3.59834 -0.00699815 0.999924 0.0101521 0.00880934 0.865107 0.000962103 0.501587 5.17371 
0.448085 0.0128499 -0.893898 -3.93648 -0.00547026 0.999917 0.0116318 0.0238592 0.893974 -0.000322141 0.448119 5.29283 
0.393502 0.01449 -0.919209 -4.27617 -0.00524055 0.999895 0.0135185 0.0407555 0.919309 -0.000502336 0.393537 5.37475 
0.338143 0.0155539 -0.940966 -4.63131 -0.00502304 0.999879 0.0147226 0.0487519 0.941082 -0.000251775 0.33818 5.45537 
0.283218 0.0193182 -0.958861 -5.02422 -0.00396243 0.999812 0.0189728 0.0459196 0.959048 -0.00157398 0.283241 5.51038 
0.229045 0.0211922 -0.973185 -5.4063 0.00264676 0.999746 0.0223935 0.0422173 0.973412 -0.00770486 0.228931 5.563 
0.178263 0.0214341 -0.983749 -5.8209 0.00410625 0.999738 0.0225266 0.0476415 0.983974 -0.00805514 0.178129 5.58902 
0.131732 0.0215387 -0.991051 -6.27325 -0.000302776 0.999765 0.0216878 0.0630116 0.991285 -0.00255687 0.131708 5.58839 
0.08888 0.0218989 -0.995802 -6.72115 -0.00322827 0.999759 0.0216978 0.071125 0.996037 0.00128626 0.0889293 5.59074 
0.0501407 0.0205275 -0.998531 -7.16414 -0.00462441 0.999783 0.020321 0.0736613 0.998731 0.00359875 0.0502248 5.57466 
0.0161023 0.0167186 -0.999731 -7.63006 -0.00311869 0.999856 0.0166705 0.0869739 0.999866 0.00284946 0.0161521 5.54179 
-0.015913 0.0145086 -0.999768 -8.12808 -0.0028832 0.99989 0.0145562 0.0811887 0.999869 0.00311421 -0.0158694 5.51374 
-0.0429172 0.0125158 -0.999 -8.61558 -0.00470989 0.999908 0.0127295 0.091075 0.999068 0.00525154 -0.0428543 5.46579 
-0.0640939 0.0101388 -0.997892 -9.14518 -0.00393981 0.999938 0.0104126 0.0964456 0.997936 0.00459893 -0.06405 5.41686 
-0.0804873 0.00887364 -0.996716 -9.65788 -0.00495086 0.999945 0.00930217 0.106246 0.996743 0.00568335 -0.0804389 5.35461 
-0.0941563 0.00929993 -0.995514 -10.2201 -0.00290331 0.99995 0.00961597 0.112464 0.995553 0.00379573 -0.0941246 5.28391 
-0.104129 0.00962041 -0.994517 -10.7662 -0.00451836 0.999938 0.0101459 0.117413 0.994554 0.00555011 -0.10408 5.21323 
-0.111198 0.0101744 -0.993746 -11.3223 -0.00503487 0.999929 0.0108011 0.125361 0.993786 0.00620448 -0.111139 5.13597 
-0.116223 0.0112279 -0.99316 -11.935 -0.00553545 0.999913 0.0119521 0.132127 0.993208 0.00688674 -0.116151 5.06856 
-0.117824 0.0119559 -0.992963 -12.5623 -0.00283172 0.999919 0.0123757 0.13711 0.993031 0.00426998 -0.11778 4.99028 
-0.117126 0.0143683 -0.993013 -13.1866 -0.000459616 0.999894 0.0145221 0.139796 0.993117 0.00215736 -0.117107 4.9056 
-0.116434 0.0161515 -0.993067 -13.823 -0.000971224 0.999865 0.0163759 0.145667 0.993198 0.00287125 -0.116403 4.83357 
-0.11495 0.0159577 -0.993243 -14.48 -0.00382553 0.999856 0.0165067 0.148008 0.993364 0.00569716 -0.114872 4.74271 
-0.113186 0.0130844 -0.993488 -15.1432 -0.00539612 0.99989 0.0137835 0.1512 0.993559 0.00692111 -0.113103 4.65235 
-0.112169 0.0133762 -0.993599 -15.8305 -0.00496179 0.999889 0.014021 0.155287 0.993677 0.0065028 -0.112091 4.57581 
-0.109963 0.0161943 -0.993804 -16.5242 -0.00445032 0.999849 0.0167853 0.167381 0.993926 0.00626855 -0.109875 4.48385 
-0.108358 0.0196087 -0.993919 -17.2437 -0.00671031 0.999768 0.0204557 0.16543 0.994089 0.00888609 -0.108202 4.39897 
-0.106378 0.0221192 -0.99408 -17.9848 -0.00828338 0.999698 0.0231307 0.158906 0.994291 0.010695 -0.106162 4.2976 
-0.105293 0.0213455 -0.994212 -18.6879 -0.00929714 0.999705 0.022448 0.178033 0.994398 0.011607 -0.105064 4.2383 
-0.102851 0.0185922 -0.994523 -19.4357 -0.0124137 0.999723 0.0199732 0.185316 0.994619 0.0144 -0.102591 4.13895 
-0.10141 0.0178706 -0.994684 -20.1984 -0.0142098 0.999711 0.0194096 0.196081 0.994743 0.0161026 -0.101127 4.04833 
-0.100066 0.0197963 -0.994784 -20.9679 -0.011685 0.99971 0.0210697 0.209832 0.994912 0.0137325 -0.0998053 3.95946 
-0.0991568 0.022125 -0.994826 -21.7346 -0.00722223 0.99971 0.0229534 0.208743 0.995046 0.00946089 -0.0989683 3.87993 
-0.097983 0.024068 -0.994897 -22.5328 -0.00719005 0.999664 0.0248914 0.208898 0.995162 0.00959234 -0.097777 3.78846 
-0.0975867 0.0196228 -0.995034 -23.3355 -0.00680968 0.999769 0.020384 0.214854 0.995204 0.00876511 -0.0974305 3.69666 
-0.0977102 0.0128958 -0.995131 -24.0836 -0.00543565 0.999894 0.0134912 0.208231 0.9952 0.00672745 -0.0976298 3.62222 
-0.0979954 0.00877603 -0.995148 -24.9123 -0.0020523 0.999957 0.00902054 0.205832 0.995185 0.00292636 -0.0979732 3.5234 
-0.0987813 0.00973133 -0.995062 -25.7474 -0.000241165 0.999952 0.0098031 0.206851 0.995109 0.00120838 -0.0987742 3.4338 
-0.0987348 0.0174033 -0.994962 -26.5639 -0.000658478 0.999846 0.0175541 0.198931 0.995114 0.0023884 -0.0987081 3.33799 
-0.0989347 0.0244376 -0.994794 -27.4001 -0.00154954 0.999693 0.024712 0.198878 0.995093 0.00398639 -0.0988665 3.23907 
-0.09885 0.0294833 -0.994666 -28.2506 -0.00345408 0.999545 0.0299712 0.214561 0.995096 0.00639835 -0.0987032 3.12727 
-0.099467 0.0295747 -0.994601 -29.0768 -0.00527666 0.999529 0.0302489 0.220182 0.995027 0.00825698 -0.099264 3.02996 
-0.0994596 0.0262658 -0.994695 -29.8909 -0.00657157 0.999612 0.0270527 0.220478 0.99502 0.0092274 -0.0992484 2.93539 
-0.10054 0.0231736 -0.994663 -30.7353 -0.00618067 0.999695 0.0239155 0.23481 0.994914 0.00855219 -0.100366 2.84364 
-0.100399 0.023129 -0.994678 -31.5584 -0.00738523 0.999685 0.0239908 0.255772 0.99492 0.00975463 -0.100197 2.73743 
-0.100433 0.0249952 -0.99463 -32.3997 -0.00581011 0.999653 0.0257081 0.27232 0.994927 0.00836088 -0.100252 2.6361 
-0.100786 0.0237047 -0.994626 -33.2283 -0.00682103 0.999676 0.0245163 0.275282 0.994885 0.00925532 -0.100592 2.53902 
-0.100231 0.0193661 -0.994776 -34.0657 -0.00893763 0.999753 0.0203636 0.253564 0.994924 0.010932 -0.100033 2.43659 
-0.0997055 0.0149367 -0.994905 -34.8908 -0.0108277 0.999812 0.0160955 0.264543 0.994958 0.0123773 -0.099525 2.32737 
-0.0996253 0.0156761 -0.994902 -35.7599 -0.0105587 0.999803 0.0168106 0.25059 0.994969 0.0121797 -0.0994402 2.23517 
-0.0996142 0.0176006 -0.99487 -36.611 -0.00938389 0.999783 0.0186271 0.263241 0.994982 0.0111913 -0.0994274 2.14125 
-0.099076 0.0219038 -0.994839 -37.4325 -0.00971705 0.999689 0.0229783 0.277464 0.995032 0.0119435 -0.0988323 2.02627 
-0.0989761 0.0272002 -0.994718 -38.2391 -0.00872429 0.999564 0.0282008 0.285645 0.995052 0.0114695 -0.0986957 1.93021 
-0.100872 0.0301242 -0.994443 -39.0548 -0.00902998 0.999473 0.0311925 0.299542 0.994858 0.0121263 -0.100547 1.86202 
-0.101719 0.0299492 -0.994362 -39.8623 -0.00903771 0.999478 0.0310278 0.304247 0.994772 0.0121429 -0.101395 1.78722 
-0.101049 0.024858 -0.994571 -40.683 -0.00808335 0.999634 0.0258058 0.324826 0.994849 0.0106471 -0.100811 1.67367 
-0.100957 0.0206026 -0.994677 -41.5028 -0.00955722 0.999719 0.0216771 0.325728 0.994845 0.0116948 -0.100732 1.56894 
-0.101416 0.0180944 -0.99468 -42.314 -0.0137348 0.999714 0.0195863 0.320276 0.994749 0.0156482 -0.101138 1.48304 
-0.101798 0.0158133 -0.994679 -43.148 -0.0154989 0.999727 0.0174797 0.326788 0.994684 0.0171959 -0.101525 1.37153 
-0.102468 0.0143594 -0.994633 -43.9633 -0.0133942 0.999785 0.0158137 0.318742 0.994646 0.0149428 -0.102254 1.27435 
-0.103913 0.0107086 -0.994529 -44.7849 -0.0097771 0.999883 0.0117878 0.32466 0.994538 0.0109486 -0.103796 1.18235 
-0.1052 0.00862416 -0.994414 -45.6132 -0.00573473 0.999941 0.00927878 0.333106 0.994435 0.00667886 -0.105145 1.091 
-0.107528 0.0128561 -0.994119 -46.4469 -0.00543928 0.999894 0.0135191 0.316665 0.994187 0.00686102 -0.107447 0.989068 
-0.109129 0.0189665 -0.993847 -47.2656 -0.00323503 0.999806 0.0194355 0.313813 0.994022 0.00533613 -0.109046 0.883358 
-0.110979 0.0233345 -0.993549 -48.0774 -0.0011709 0.999721 0.0236103 0.302467 0.993822 0.00378364 -0.110921 0.777983 
-0.112147 0.0226098 -0.993434 -48.8923 -0.00151772 0.999736 0.0229246 0.303967 0.993691 0.00407871 -0.112083 0.66593 
-0.11343 0.0186205 -0.993372 -49.6952 -0.00377454 0.999809 0.0191722 0.304329 0.993539 0.00592426 -0.113338 0.556178 
-0.113237 0.0144388 -0.993463 -50.4826 -0.00946244 0.999833 0.01561 0.306372 0.993523 0.0111682 -0.113081 0.430486 
-0.115701 0.0124399 -0.993206 -51.2728 -0.0135808 0.999808 0.0141047 0.308955 0.993191 0.0151205 -0.11551 0.324799 
-0.117197 0.0136767 -0.993015 -52.0558 -0.0152417 0.999763 0.0155685 0.303462 0.992992 0.0169598 -0.11696 0.215979 
-0.119108 0.014372 -0.992777 -52.8363 -0.0150596 0.999754 0.0162798 0.308004 0.992767 0.01689 -0.118863 0.11882 
-0.120022 0.0141375 -0.992671 -53.6136 -0.0154232 0.999751 0.0161031 0.305192 0.992651 0.017243 -0.119774 0.00878626 
-0.121332 0.0144666 -0.992507 -54.3821 -0.0168806 0.999719 0.0166353 0.297434 0.992469 0.0187725 -0.121053 -0.0934976 
-0.122183 0.0154125 -0.992388 -55.1464 -0.0143932 0.999747 0.0172988 0.307662 0.992403 0.0163973 -0.12193 -0.200139 
-0.122554 0.0183671 -0.992292 -55.8983 -0.0127936 0.999716 0.0200846 0.306708 0.992379 0.0151564 -0.122284 -0.314115 
-0.123539 0.0213809 -0.992109 -56.6595 -0.012089 0.999661 0.023049 0.327155 0.992266 0.0148411 -0.123238 -0.412413 
-0.124819 0.0229416 -0.991914 -57.4148 -0.0121586 0.999622 0.0246499 0.3295 0.992105 0.0151371 -0.124493 -0.516537 
-0.125897 0.0242831 -0.991746 -58.1091 -0.0116919 0.999595 0.0259595 0.307654 0.991974 0.0148637 -0.125562 -0.616644 
-0.126283 0.0225174 -0.991739 -58.8394 -0.0109272 0.99965 0.0240884 0.305686 0.991934 0.0138789 -0.125993 -0.725843 
-0.12661 0.018686 -0.991777 -59.5682 -0.0102239 0.999745 0.0201413 0.312409 0.9919 0.01269 -0.126387 -0.827623 
-0.128724 0.0151794 -0.991564 -60.2657 -0.00927878 0.999821 0.0165104 0.314505 0.991637 0.0113258 -0.12856 -0.889535 
-0.12888 0.0134978 -0.991568 -60.9596 -0.00942153 0.999846 0.014835 0.301927 0.991616 0.0112541 -0.128732 -0.973018 
-0.127263 0.0116544 -0.991801 -61.6682 -0.00974607 0.999868 0.0129998 0.313309 0.991821 0.0113206 -0.127132 -1.06716 
-0.124137 0.0123292 -0.992189 -62.3288 -0.00971284 0.99986 0.0136397 0.318996 0.992218 0.0113302 -0.124 -1.14555 
-0.118289 0.0128782 -0.992896 -63.0056 -0.00867607 0.999864 0.0140022 0.324846 0.992941 0.0102708 -0.118161 -1.24415 
-0.111187 0.0142597 -0.993697 -63.6397 -0.00729306 0.999858 0.0151642 0.32565 0.993773 0.00893319 -0.111068 -1.3167 
-0.102169 0.0154376 -0.994647 -64.2784 -0.0082343 0.999832 0.0163639 0.318868 0.994733 0.00986214 -0.102024 -1.39406 
-0.0917046 0.0168531 -0.995644 -64.8836 -0.0100516 0.99979 0.0178491 0.316166 0.995736 0.0116447 -0.0915159 -1.43661 
-0.0786096 0.0171753 -0.996758 -65.4917 -0.0126115 0.999754 0.0182215 0.328707 0.996826 0.0140031 -0.0783737 -1.45686 
-0.060772 0.0185807 -0.997979 -66.0762 -0.0142393 0.999709 0.0194801 0.316646 0.99805 0.0153944 -0.0604898 -1.4802 
-0.0392388 0.0187209 -0.999055 -66.6223 -0.0149938 0.999701 0.0193219 0.32669 0.999117 0.0157378 -0.0389463 -1.48676 
-0.0135828 0.0200402 -0.999707 -67.1442 -0.0134091 0.999706 0.0202224 0.309461 0.999818 0.0136799 -0.0133101 -1.49333 
0.0155148 0.0198701 -0.999682 -67.6628 -0.0111863 0.999743 0.0196977 0.303063 0.999817 0.0108772 0.0157331 -1.46433 
0.0502064 0.0199145 -0.99854 -68.148 -0.0094848 0.999766 0.019462 0.299004 0.998694 0.00849388 0.0503836 -1.43118 
0.0879406 0.0203487 -0.995918 -68.6149 -0.00831471 0.999772 0.0196933 0.304972 0.996091 0.00654898 0.0880897 -1.37185 
0.12981 0.020431 -0.991328 -69.0502 -0.00750589 0.999779 0.0196223 0.29261 0.99151 0.00489367 0.129935 -1.31799 
0.175597 0.0212759 -0.984232 -69.4882 -0.00629051 0.99977 0.0204894 0.296903 0.984442 0.00259348 0.17569 -1.22132 
0.22564 0.0205969 -0.973993 -69.9316 -0.00307221 0.999787 0.0204306 0.290969 0.974206 -0.0016176 0.225655 -1.10661 
0.276552 0.0164868 -0.960858 -70.3061 0.00598544 0.999804 0.0188777 0.269994 0.96098 -0.0109718 0.276399 -0.966608 
0.327948 0.010717 -0.944635 -70.7047 0.0104011 0.999834 0.0149542 0.291 0.944639 -0.0147294 0.327782 -0.787114 
0.381255 0.00569198 -0.924452 -71.1071 0.0171142 0.999766 0.0132138 0.29722 0.924312 -0.0208591 0.381068 -0.590236 
0.433056 0.00478613 -0.901354 -71.476 0.017957 0.999742 0.013936 0.304002 0.901188 -0.0222206 0.432858 -0.380004 
0.482747 0.00247246 -0.875756 -71.8458 0.0202705 0.999697 0.0139961 0.31964 0.875525 -0.0245085 0.482551 -0.146485 
0.528845 -0.00173187 -0.848717 -72.1796 0.0290321 0.99945 0.0160507 0.320369 0.848222 -0.0331283 0.528604 0.104212 
0.573343 -0.00708362 -0.819285 -72.4929 0.0385643 0.999088 0.0183494 0.316168 0.818407 -0.0421156 0.573093 0.384229 
0.617454 -0.0101853 -0.786541 -72.7839 0.0388587 0.99909 0.0175673 0.300861 0.785647 -0.041411 0.617288 0.649074 
0.659318 -0.0156149 -0.751703 -73.0612 0.0375766 0.999219 0.0122019 0.29812 0.750925 -0.0362913 0.65939 0.944346 
0.701696 -0.0228813 -0.712109 -73.3356 0.0344322 0.999405 0.00181602 0.302189 0.711644 -0.0257937 0.702067 1.23112 
0.742798 -0.0257378 -0.66902 -73.6358 0.0300332 0.999536 -0.00510788 0.303478 0.668841 -0.0162986 0.743227 1.58672 
0.781833 -0.0278064 -0.622868 -73.905 0.0291674 0.999542 -0.0080108 0.314155 0.622806 -0.0119043 0.782286 1.95706 
0.817302 -0.0290445 -0.575477 -74.1549 0.0295302 0.999528 -0.00850727 0.312883 0.575452 -0.0100408 0.817774 2.36106 
0.849991 -0.0280221 -0.526051 -74.4149 0.026763 0.999592 -0.0100037 0.313583 0.526117 -0.00557562 0.850394 2.79388 
0.877099 -0.0259647 -0.479608 -74.6023 0.026016 0.99964 -0.00654036 0.290912 0.479605 -0.00674088 0.877459 3.22416 
0.900522 -0.0177191 -0.434449 -74.836 0.0175963 0.999836 -0.00430533 0.282913 0.434454 -0.00376759 0.900686 3.69155 
0.919338 -0.0145865 -0.393199 -75.0423 0.0136104 0.999894 -0.00527072 0.282784 0.393234 -0.000505956 0.919438 4.18175 
0.93412 -0.00927449 -0.356839 -75.2488 0.00890507 0.999957 -0.0026783 0.271102 0.356848 -0.000675768 0.934162 4.71211 
0.944938 -0.00855158 -0.327138 -75.4262 0.0090228 0.999959 -7.72703e-05 0.262408 0.327126 -0.00287864 0.944976 5.27289 
0.952704 -0.0100323 -0.303734 -75.581 0.0112355 0.999934 0.00221388 0.248188 0.303691 -0.00552171 0.952754 5.85671 
0.959048 -0.00943545 -0.283088 -75.7502 0.0112174 0.999926 0.00467413 0.24781 0.283023 -0.00765816 0.959083 6.44521 
0.964442 -0.00629848 -0.264219 -75.9282 0.00869646 0.999931 0.00790689 0.242568 0.264151 -0.00992346 0.96443 7.04799 
0.968708 -0.00092953 -0.248202 -76.1115 0.00321964 0.999956 0.00882089 0.2593 0.248183 -0.00934394 0.968668 7.66768 
0.972203 0.00355675 -0.234111 -76.2803 -0.0011017 0.999943 0.0106165 0.242837 0.234135 -0.0100634 0.972152 8.29577 
0.97513 0.00245407 -0.221622 -76.4211 -4.6077e-05 0.999941 0.0108697 0.234524 0.221636 -0.0105891 0.975072 8.9497 
0.978192 0.00348199 -0.207674 -76.571 -0.00130091 0.999943 0.0106379 0.22964 0.207699 -0.0101357 0.97814 9.61289 
0.981285 0.00292486 -0.192537 -76.7207 -0.000829461 0.99994 0.0109626 0.238369 0.192558 -0.0105977 0.981228 10.2948 
0.98416 0.00317129 -0.177254 -76.8971 -0.00106966 0.999928 0.0119507 0.231247 0.177279 -0.0115717 0.984093 10.9597 
0.986411 0.00383771 -0.16425 -77.0241 -0.00235912 0.999955 0.0091959 0.235225 0.164278 -0.00868341 0.986376 11.6674 
0.988224 0.00495898 -0.152931 -77.1523 -0.00437078 0.999982 0.00418188 0.23086 0.152949 -0.00346416 0.988228 12.38 
0.989804 0.00262279 -0.142412 -77.2782 -0.0028748 0.999995 -0.00156418 0.221338 0.142407 0.00195768 0.989806 13.0946 
0.990923 0.00291095 -0.134399 -77.3844 -0.0031183 0.999994 -0.00133258 0.218492 0.134395 0.00173963 0.990926 13.8477 
0.991759 0.00574482 -0.127989 -77.4902 -0.00509565 0.999972 0.00539865 0.205553 0.128017 -0.00470192 0.991761 14.6308 
0.992316 0.00907789 -0.123394 -77.6041 -0.00741001 0.999875 0.0139686 0.197363 0.123505 -0.0129469 0.99226 15.402 
0.992851 0.0092567 -0.119005 -77.7089 -0.00724385 0.999824 0.0173352 0.19393 0.119144 -0.0163491 0.992742 16.1566 
0.993247 0.00750877 -0.115776 -77.8044 -0.00557218 0.999839 0.0170413 0.183397 0.115885 -0.0162811 0.993129 16.9212 
0.993614 0.00656774 -0.11264 -77.9177 -0.00486429 0.99987 0.0153908 0.194655 0.112726 -0.0147445 0.993517 17.7112 
0.993924 0.00557294 -0.109924 -78.0103 -0.00370138 0.999845 0.0172222 0.196891 0.110003 -0.0167107 0.993791 18.4697 
0.994258 0.00256435 -0.10698 -78.1126 -0.000416062 0.999798 0.0200983 0.191068 0.10701 -0.0199383 0.994058 19.2352 
0.994632 0.000121487 -0.103476 -78.212 0.0021152 0.999767 0.0215051 0.194576 0.103455 -0.0216085 0.994399 19.9876 
0.994947 0.000340171 -0.100406 -78.3156 0.00141305 0.999848 0.0173894 0.198877 0.100396 -0.0174433 0.994795 20.754 
0.995057 0.00219958 -0.0992813 -78.3791 -0.00112021 0.99994 0.0109258 0.185203 0.0992993 -0.0107606 0.994999 21.4838 
0.995237 0.00167896 -0.0974717 -78.4722 -0.00132446 0.999992 0.00370117 0.18029 0.0974772 -0.0035544 0.995231 22.2299 
0.995489 0.00327502 -0.0948162 -78.5692 -0.00328632 0.999995 3.65182e-05 0.165152 0.0948158 0.000275287 0.995495 22.982 
0.995618 0.00258473 -0.093479 -78.639 -0.00242678 0.999995 0.00180294 0.160855 0.0934832 -0.00156814 0.99562 23.7218 
0.995762 0.00600767 -0.0917733 -78.7209 -0.00556845 0.999972 0.00504082 0.155003 0.091801 -0.00450838 0.995767 24.4921 
0.995852 0.00873051 -0.0905733 -78.7827 -0.00778084 0.999911 0.0108325 0.139162 0.0906598 -0.0100827 0.995831 25.2164 
0.996119 0.00683615 -0.0877462 -78.869 -0.00577958 0.999908 0.0122892 0.136527 0.0878221 -0.0117343 0.996067 25.9619 
0.996229 0.00256455 -0.0867217 -78.9491 -0.00158292 0.999934 0.0113857 0.142579 0.0867452 -0.0112054 0.996168 26.7281 
0.996321 0.00036269 -0.0856989 -79.0345 0.000643495 0.999931 0.0117125 0.13825 0.0856972 -0.0117246 0.996252 27.4906 
0.9964 0.000530971 -0.0847736 -79.1043 0.000327844 0.999949 0.010116 0.127271 0.0847745 -0.0101073 0.996349 28.2325 
0.99637 -0.00126533 -0.0851214 -79.1703 0.00196567 0.999965 0.0081438 0.126576 0.085108 -0.00828151 0.996337 28.9912 
0.996361 -0.0037512 -0.0851465 -79.2389 0.00450117 0.999953 0.00861716 0.116303 0.0851101 -0.00896902 0.996331 29.7493 
0.996375 -0.00261692 -0.0850339 -79.3058 0.00345127 0.999947 0.00966602 0.101852 0.0850041 -0.00992441 0.996331 30.5525 
0.996297 -0.00253778 -0.0859417 -79.3746 0.00330881 0.999956 0.0088299 0.0960938 0.0859154 -0.00908153 0.996261 31.3038 
0.9962 -0.00235494 -0.0870674 -79.4689 0.00311145 0.999959 0.00855358 0.0929523 0.0870436 -0.00879193 0.996166 32.073 
0.99605 -0.00530178 -0.0886323 -79.5573 0.00612542 0.999941 0.00902286 0.0902097 0.0885791 -0.00953009 0.996024 32.8517 
0.995706 -0.00437268 -0.0924712 -79.6312 0.00527302 0.999941 0.00949401 0.0738709 0.0924242 -0.0099408 0.99567 33.6546 
0.99547 -0.00100601 -0.0950722 -79.741 0.00178231 0.999966 0.00808042 0.0802123 0.0950608 -0.00821322 0.995438 34.4408 
0.995205 -0.000477332 -0.0978152 -79.8375 0.000783455 0.999995 0.00309081 0.0761129 0.0978131 -0.00315258 0.9952 35.204 
0.995002 0.000273 -0.099855 -79.9398 -0.000409959 0.999999 -0.00135146 0.0816665 0.0998545 0.00138569 0.995001 36.0131 
0.994771 -0.00221007 -0.102105 -80.0393 0.00192462 0.999994 -0.00289448 0.0725328 0.102111 0.00268288 0.994769 36.8338 
0.994577 -0.00233277 -0.103977 -80.1461 0.00221369 0.999997 -0.00126095 0.057667 0.10398 0.00102399 0.994579 37.6575 
0.994474 -0.00408064 -0.104907 -80.2569 0.00396015 0.999991 -0.00135717 0.0510631 0.104912 0.000934266 0.994481 38.4784 
0.994272 -0.00395572 -0.106811 -80.3596 0.00403112 0.999992 0.000489621 0.0378853 0.106808 -0.00091734 0.994279 39.3093 
0.994155 -0.00361567 -0.107898 -80.4652 0.00409551 0.999983 0.0042255 0.0250375 0.107881 -0.00464265 0.994153 40.1378 
0.994133 -0.00416234 -0.108081 -80.5913 0.00519462 0.999944 0.00927086 0.0152602 0.108036 -0.00977787 0.994099 40.9626 
0.994211 -0.00369152 -0.107383 -80.6964 0.00487026 0.999931 0.0107165 0.0102226 0.107336 -0.0111774 0.99416 41.8144 
0.994462 -0.00126815 -0.105087 -80.8165 0.00243862 0.999936 0.01101 0.00125228 0.105066 -0.0112053 0.994402 42.6835 
0.994576 -0.00264758 -0.103981 -80.9142 0.00373585 0.99994 0.0102722 -0.0105477 0.103948 -0.0106049 0.994526 43.5665 
0.994754 -0.00671299 -0.102075 -81.0235 0.00761228 0.999936 0.00842269 -0.0173003 0.102012 -0.00915549 0.994741 44.4216 
0.994938 -0.0110784 -0.0998832 -81.1326 0.0118813 0.999902 0.00744692 -0.0420202 0.0997909 -0.00859592 0.994971 45.2842 
0.995178 -0.0121362 -0.0973288 -81.2412 0.0127979 0.999899 0.00617704 -0.0372433 0.0972439 -0.00739282 0.995233 46.1673 
0.995141 -0.01399 -0.0974638 -81.3313 0.0149727 0.999844 0.00935798 -0.0477643 0.0973176 -0.0107718 0.995195 47.0291 
0.995317 -0.0156099 -0.0953948 -81.4371 0.0167861 0.999793 0.0115392 -0.0446943 0.0951948 -0.0130864 0.995373 47.9118 
0.99539 -0.0164939 -0.0944839 -81.5523 0.0177637 0.999763 0.012614 -0.0677546 0.0942534 -0.0142342 0.995447 48.7631 
0.995625 -0.0160339 -0.0920506 -81.6797 0.016983 0.99981 0.00953542 -0.0802555 0.0918802 -0.0110569 0.995709 49.5944 
0.995847 -0.012855 -0.0901278 -81.7999 0.0133115 0.999901 0.00446611 -0.102965 0.0900614 -0.00564726 0.99592 50.4382 
0.995986 -0.0106571 -0.0888715 -81.8952 0.0105513 0.999943 -0.00166166 -0.106005 0.0888841 0.000717325 0.996042 51.2889 
0.995985 -0.00683688 -0.089255 -81.9759 0.00615929 0.99995 -0.00786526 -0.12269 0.0893043 0.00728398 0.995978 52.1539 
0.996128 -0.00565745 -0.0877325 -82.0782 0.00489338 0.999948 -0.00892218 -0.137324 0.0877784 0.00845837 0.996104 52.9899 
0.996142 -0.00825462 -0.0873693 -82.1729 0.00805859 0.999964 -0.00259669 -0.165161 0.0873876 0.00188265 0.996173 53.8283 
0.996064 -0.00939415 -0.0881406 -82.2629 0.00989344 0.999937 0.00522917 -0.170506 0.0880859 -0.00608055 0.996094 54.6889 
0.995918 -0.0102229 -0.0896806 -82.3499 0.011432 0.99985 0.0129784 -0.190869 0.0895345 -0.0139506 0.995886 55.539 
0.995772 -0.0112852 -0.0911688 -82.4581 0.0122944 0.999869 0.0105152 -0.189842 0.0910381 -0.0115916 0.99578 56.3857 
0.995551 -0.0158882 -0.0928729 -82.5455 0.0166006 0.999838 0.00690241 -0.20096 0.0927481 -0.0084134 0.995654 57.2097 
0.995322 -0.0169339 -0.0951215 -82.6416 0.0175735 0.999828 0.00588948 -0.216366 0.0950053 -0.0075335 0.995448 58.0415 
0.995066 -0.0171649 -0.0977154 -82.7421 0.0175172 0.999843 0.00274823 -0.2364 0.0976528 -0.00444633 0.995211 58.8358 
0.994656 -0.0163825 -0.101938 -82.8359 0.016341 0.999866 -0.00124263 -0.244297 0.101944 -0.000429735 0.99479 59.661 
0.994205 -0.0178008 -0.106017 -82.9412 0.0175195 0.99984 -0.00358482 -0.277217 0.106064 0.00170673 0.994358 60.4736 
0.994017 -0.0154166 -0.108132 -83.058 0.014703 0.999865 -0.00739445 -0.294525 0.108231 0.00576039 0.994109 61.2729 
0.993457 -0.014755 -0.11325 -83.1441 0.0140707 0.999878 -0.00683967 -0.340885 0.113337 0.00520144 0.993543 62.1273 
0.99313 -0.0113259 -0.116469 -83.2678 0.0108128 0.999929 -0.00503673 -0.358271 0.116518 0.00374282 0.993182 62.921 
0.992668 -0.00893932 -0.120539 -83.3827 0.00915966 0.999957 0.00127363 -0.386622 0.120522 -0.00236834 0.992708 63.7175 
0.99223 -0.00783543 -0.124172 -83.5127 0.00864905 0.999945 0.00601439 -0.384188 0.124118 -0.00704158 0.992243 64.4695 
0.991534 -0.0103428 -0.129435 -83.6221 0.0117498 0.99988 0.0101115 -0.406656 0.129315 -0.0115467 0.991536 65.273 
0.990866 -0.0101549 -0.134465 -83.7679 0.0117018 0.999874 0.0107182 -0.415759 0.134339 -0.0121937 0.99086 66.0197 
0.990146 -0.0116349 -0.139553 -83.903 0.0138417 0.999794 0.0148529 -0.428053 0.139352 -0.0166381 0.990103 66.8 
0.989365 -0.0101698 -0.145098 -84.0448 0.0122665 0.999833 0.013563 -0.421673 0.144935 -0.0151986 0.989324 67.5746 
0.988478 -0.00602171 -0.151246 -84.1833 0.00814642 0.999877 0.0134321 -0.444027 0.151146 -0.0145094 0.988405 68.3495 
0.987505 -0.0042054 -0.157535 -84.3301 0.00577435 0.999938 0.00950278 -0.446285 0.157485 -0.0102937 0.987468 69.1029 
0.986636 -0.00497735 -0.162867 -84.4749 0.00606599 0.999963 0.00618743 -0.444223 0.16283 -0.00709264 0.986629 69.8576 
0.985871 -0.00197246 -0.167495 -84.6289 0.00258072 0.999991 0.00341373 -0.4244 0.167486 -0.00379771 0.985867 70.601 
0.984861 -0.000645714 -0.173345 -84.7647 0.00202552 0.999968 0.00778289 -0.425467 0.173334 -0.00801613 0.98483 71.3724 
0.983738 0.000351016 -0.17961 -84.9294 0.00166826 0.999937 0.0110912 -0.423476 0.179603 -0.0112104 0.983675 72.1277 
0.982838 0.001096 -0.184468 -85.1036 0.00129235 0.999917 0.0128263 -0.43666 0.184466 -0.0128445 0.982755 72.866 
0.981394 0.000243275 -0.192004 -85.2584 0.00169363 0.999949 0.00992343 -0.459844 0.191997 -0.0100639 0.981344 73.608 
0.979909 -0.00248659 -0.199431 -85.4391 0.00298622 0.999993 0.00220434 -0.460348 0.199424 -0.00275555 0.979909 74.3419 
0.977897 -0.00640445 -0.208991 -85.5993 0.00639658 0.999979 -0.000713707 -0.465025 0.208991 -0.000638849 0.977917 75.0636 
0.975434 -0.00570106 -0.22022 -85.773 0.00639915 0.999977 0.00245654 -0.487058 0.220201 -0.00380537 0.975447 75.7898 
0.972681 -0.00605333 -0.232069 -85.9456 0.0081084 0.999936 0.00790242 -0.496643 0.232006 -0.00956819 0.972667 76.5278 
0.969816 -0.00376553 -0.243808 -86.1489 0.00782334 0.999847 0.0156771 -0.501363 0.243712 -0.0171113 0.969697 77.2513 
0.96683 -0.00345042 -0.255399 -86.3616 0.00843463 0.999795 0.0184226 -0.509451 0.255283 -0.0199656 0.96666 77.9574 
0.963541 -0.00455836 -0.267522 -86.5704 0.00860618 0.999866 0.0139601 -0.539484 0.267423 -0.0157534 0.963451 78.6665 
0.96047 -0.00312105 -0.278367 -86.8068 0.00451959 0.99998 0.00438235 -0.537081 0.278347 -0.00546717 0.960465 79.3545 
0.956563 -0.00674408 -0.291447 -87.0311 0.00641447 0.999977 -0.00208655 -0.523457 0.291454 0.000126484 0.956585 80.0535 
0.952927 -0.00638347 -0.303133 -87.2757 0.00749811 0.999969 0.00251323 -0.526834 0.303107 -0.0046678 0.952945 80.7697 
0.949181 -0.00584995 -0.314677 -87.5225 0.0094102 0.999908 0.00979585 -0.54667 0.314591 -0.0122592 0.949148 81.4547 
0.94524 -0.00584615 -0.326324 -87.7933 0.0112171 0.999831 0.0145796 -0.554386 0.326183 -0.0174416 0.945146 82.1533 
0.941253 -0.00850981 -0.337596 -88.076 0.013455 0.999834 0.0123108 -0.563323 0.337435 -0.0161299 0.941211 82.8484 
0.936982 -0.01054 -0.349219 -88.351 0.0139323 0.999877 0.00720349 -0.569702 0.3491 -0.0116149 0.937014 83.5349 
0.933735 -0.0156697 -0.357622 -88.6481 0.0165631 0.999863 -0.000565036 -0.570764 0.357581 -0.00539568 0.933866 84.228 
0.931415 -0.0188979 -0.363468 -88.9682 0.0183642 0.999819 -0.00492424 -0.598762 0.363496 -0.00208826 0.931594 84.8207 
0.928213 -0.0209511 -0.371458 -89.2472 0.0191633 0.99978 -0.0085041 -0.602171 0.371554 0.000775325 0.928411 85.5249 
0.925357 -0.016083 -0.378755 -89.5634 0.013899 0.999867 -0.0084998 -0.622154 0.378841 0.0026011 0.925458 86.2263 
0.922143 -0.0162642 -0.386507 -89.8833 0.0145607 0.999867 -0.00733516 -0.627667 0.386575 0.00113631 0.922257 86.9046 
0.919275 -0.0121462 -0.393429 -90.1849 0.0135119 0.999909 0.000701411 -0.676232 0.393385 -0.0059607 0.919355 87.572 
0.916461 -0.00800394 -0.400043 -90.5077 0.0129721 0.999869 0.00971269 -0.704453 0.399913 -0.0140907 0.916445 88.2607 
0.914108 0.00141162 -0.405468 -90.859 0.00570057 0.99985 0.0163325 -0.720215 0.40543 -0.017241 0.913963 88.9598 
0.911078 0.0075333 -0.412164 -91.1804 -0.00269155 0.99992 0.0123263 -0.726175 0.412224 -0.0101208 0.911026 89.6254 
0.908091 0.0051768 -0.418741 -91.4919 -0.00316909 0.99998 0.0054899 -0.738146 0.418761 -0.00365825 0.908089 90.299 
0.906016 -0.00276239 -0.423235 -91.8171 0.00228878 0.999996 -0.00162731 -0.755304 0.423237 0.000505726 0.906019 90.9724 
0.904088 -0.00215469 -0.427341 -92.1575 0.000570589 0.999993 -0.00383497 -0.751146 0.427346 0.00322336 0.904082 91.6513 
0.902111 0.00131584 -0.431501 -92.5353 -0.00116035 0.999999 0.000623516 -0.757473 0.431502 -6.17405e-05 0.902112 92.3424 
0.899152 0.00508592 -0.437607 -92.8825 -0.00311307 0.999982 0.00522539 -0.774923 0.437626 -0.00333606 0.899151 93.047 
0.897143 0.00109154 -0.44174 -93.2475 0.000409301 0.999995 0.00330218 -0.796293 0.441741 -0.00314328 0.897137 93.72 
0.894649 0.000280357 -0.446769 -93.5996 -0.00180318 0.999994 -0.00298341 -0.80868 0.446766 0.00347476 0.894644 94.3979 
0.89239 -0.00269974 -0.451257 -93.9611 -0.00171946 0.999955 -0.00938287 -0.825715 0.451261 0.00914915 0.892345 95.0579 
0.890094 -0.00288505 -0.455768 -94.3415 -0.00278348 0.999927 -0.0117657 -0.830142 0.455769 0.0117412 0.890021 95.7399 
0.887728 0.00120113 -0.460368 -94.7056 -0.00488297 0.999965 -0.00680694 -0.863015 0.460343 0.00829072 0.887702 96.4277 
0.885197 0.00295833 -0.465207 -95.0821 -0.00656553 0.99996 -0.00613406 -0.858718 0.46517 0.00848423 0.885181 97.1207 
0.882266 0.00464778 -0.470728 -95.4382 -0.00758194 0.999962 -0.00433734 -0.890674 0.47069 0.00739577 0.882268 97.8001 
0.879975 0.00188064 -0.475017 -95.8156 -0.00578141 0.999961 -0.00675123 -0.894129 0.474986 0.00868723 0.879951 98.4685 
0.877763 -0.000127606 -0.479095 -96.1951 -0.00401253 0.999963 -0.00761788 -0.908394 0.479078 0.00860912 0.87773 99.1285 
0.874849 -0.000981177 -0.484395 -96.5526 -0.00215426 0.99998 -0.00591633 -0.939045 0.484391 0.00621945 0.874829 99.7788 
0.872292 0.000749721 -0.488985 -96.9428 -0.00381771 0.999979 -0.00527723 -0.958259 0.48897 0.00647014 0.872276 100.447 
0.869355 0.000294827 -0.494189 -97.3186 -0.00437851 0.999965 -0.00710597 -0.966894 0.494169 0.00834146 0.869326 101.09 
0.866959 -0.00378528 -0.498365 -97.7012 -0.00220623 0.999932 -0.0114329 -0.986298 0.498374 0.0110114 0.866892 101.721 
0.865006 -0.00571143 -0.50173 -98.0923 -0.00258394 0.999871 -0.0158369 -1.01031 0.501755 0.0149955 0.86488 102.343 
0.862316 -0.00912229 -0.506288 -98.4575 -0.000627397 0.999818 -0.0190834 -1.02523 0.50637 0.0167736 0.862153 102.974 
0.859414 -0.00574622 -0.511248 -98.8347 -0.00273294 0.999871 -0.0158323 -1.03618 0.511273 0.0150038 0.859287 103.626 
0.85786 -0.00121978 -0.513882 -99.2425 -0.00245313 0.999976 -0.00646884 -1.06544 0.513877 0.00681003 0.857837 104.245 
0.85612 0.00212857 -0.516773 -99.6285 -0.00121687 0.999997 0.00210295 -1.07015 0.516776 -0.00117149 0.85612 104.868 
0.85421 0.00196284 -0.519925 -99.9981 0.00243023 0.999967 0.00776779 -1.09818 0.519923 -0.00789881 0.854177 105.482 
0.852021 0.000105798 -0.523507 -100.363 0.00447405 0.999962 0.00748366 -1.10108 0.523488 -0.00871838 0.851988 106.068 
0.850947 -0.00126301 -0.525251 -100.733 0.0043134 0.99998 0.00458345 -1.11491 0.525234 -0.00616584 0.850935 106.611 
0.848416 -0.00142511 -0.529328 -101.076 0.00311311 0.999993 0.00229741 -1.12722 0.52932 -0.00359696 0.848414 107.17 
0.847311 -0.00265204 -0.531091 -101.444 0.0029697 0.999996 -0.000255687 -1.12077 0.531089 -0.00136049 0.847315 107.715 
0.845915 -0.0026291 -0.533311 -101.784 0.00118277 0.999995 -0.00305374 -1.09789 0.533316 0.00195247 0.845914 108.232 
0.845026 -0.0013042 -0.534723 -102.137 -0.000155583 0.999996 -0.00268493 -1.09402 0.534725 0.00235208 0.845023 108.734 
0.841571 9.7931e-05 -0.540146 -102.43 -0.00144887 0.999997 -0.00207614 -1.09758 0.540144 0.00252987 0.841569 109.243 
0.840255 -0.0013146 -0.542189 -102.744 4.51072e-05 0.999997 -0.00235475 -1.09575 0.542191 0.00195418 0.840253 109.714 
0.839389 -0.00309022 -0.543522 -103.064 0.00200548 0.999995 -0.00258841 -1.09847 0.543527 0.00108271 0.839391 110.126 
0.83949 -0.00474012 -0.543354 -103.386 0.00319855 0.999988 -0.00378196 -1.10318 0.543366 0.00143702 0.839495 110.535 
0.838169 -0.00489087 -0.545389 -103.66 0.0020256 0.999981 -0.00585457 -1.13642 0.545407 0.00380243 0.838163 110.937 
0.836596 -0.00901275 -0.547747 -103.929 0.0034944 0.999932 -0.011116 -1.12383 0.54781 0.00738561 0.83657 111.318 
0.835293 -0.0116767 -0.549681 -104.204 0.00650258 0.999914 -0.0113596 -1.16525 0.549766 0.00591432 0.835298 111.669 
0.832729 -0.0165866 -0.553432 -104.458 0.0119939 0.999857 -0.0119194 -1.15647 0.553551 0.00328791 0.832809 112.023 
0.829182 -0.0163456 -0.558739 -104.687 0.0118113 0.999862 -0.0117222 -1.15873 0.558853 0.00312048 0.829261 112.359 
0.825161 -0.0122363 -0.564765 -104.929 0.00818713 0.999919 -0.00970247 -1.16607 0.564838 0.00338235 0.825195 112.699 
0.821593 -0.00678247 -0.570034 -105.176 0.00389069 0.999973 -0.00629041 -1.16442 0.570061 0.00295038 0.821597 113.003 
0.817974 -0.00134604 -0.575253 -105.413 0.00274197 0.999995 0.00155896 -1.1868 0.575248 -0.00285246 0.817974 113.292 
0.81336 0.00119779 -0.58176 -105.623 0.00276152 0.999979 0.0059197 -1.19779 0.581755 -0.00642134 0.813339 113.561 
0.808011 -0.00250191 -0.589162 -105.829 0.00749337 0.999954 0.00603043 -1.18911 0.58912 -0.00928741 0.807992 113.812 
0.800467 -0.00463622 -0.599358 -106.013 0.0106217 0.999923 0.00645091 -1.1861 0.599282 -0.0115299 0.800455 114.055 
0.791819 -0.00656091 -0.610721 -106.196 0.0129444 0.999898 0.00604092 -1.1753 0.610619 -0.0126887 0.791823 114.272 
0.780617 -0.00650335 -0.624976 -106.364 0.0136756 0.999884 0.00667669 -1.18182 0.62486 -0.0137588 0.780615 114.485 
0.768818 -0.00607316 -0.639439 -106.588 0.0120396 0.999915 0.00497868 -1.16923 0.639355 -0.0115262 0.768826 114.663 
0.756172 -0.00775253 -0.654327 -106.801 0.0111238 0.999938 0.00100779 -1.15202 0.654279 -0.00804061 0.756211 114.815 
0.741756 -0.0116715 -0.670569 -106.955 0.0108582 0.999927 -0.00539317 -1.13788 0.670582 -0.0032807 0.741828 114.95 
0.725888 -0.0151256 -0.687647 -107.125 0.0105817 0.999885 -0.0108236 -1.14749 0.687732 0.000580323 0.725965 115.104 
0.710067 -0.0152531 -0.703969 -107.297 0.00477566 0.999847 -0.016847 -1.13272 0.704118 0.00860065 0.710031 115.254 
0.693541 -0.012872 -0.720303 -107.479 -0.00265996 0.999788 -0.0204276 -1.12098 0.720413 0.0160834 0.693359 115.389 
0.676742 -0.0139042 -0.736089 -107.665 -0.00465542 0.999721 -0.0231641 -1.0858 0.736205 0.019103 0.676489 115.51 
0.657446 -0.0146977 -0.753359 -107.833 -0.0032041 0.999746 -0.0223009 -1.0897 0.753495 0.0170755 0.657232 115.638 
0.636554 -0.0147859 -0.77109 -108.013 -0.00103513 0.999799 -0.020026 -1.10543 0.771231 0.0135459 0.636411 115.779 
0.615242 -0.0154427 -0.788187 -108.213 -0.00187568 0.999777 -0.0210525 -1.0748 0.788336 0.0144308 0.615076 115.873 
0.59217 -0.011211 -0.805735 -108.43 -0.00635233 0.999807 -0.0185799 -1.07083 0.805788 0.0161208 0.591985 115.976 
0.566763 -0.00893835 -0.823833 -108.622 -0.00885944 0.999817 -0.0169427 -1.05373 0.823834 0.0169012 0.56658 116.08 
0.542302 -0.00637592 -0.84016 -108.83 -0.0112501 0.999826 -0.0148493 -1.05787 0.840109 0.0175047 0.542136 116.159 
0.516864 -0.00289861 -0.856063 -109.046 -0.0150084 0.99981 -0.0124469 -1.0689 0.855936 0.0192815 0.516722 116.233 
0.491052 -0.000310971 -0.87113 -109.264 -0.0206976 0.999714 -0.012024 -1.04652 0.870884 0.0239347 0.490905 116.298 
0.46438 1.99119e-05 -0.885636 -109.486 -0.0245085 0.999617 -0.0128285 -1.02292 0.885297 0.027663 0.464203 116.352 
0.433336 9.00228e-05 -0.901232 -109.707 -0.0257068 0.999594 -0.0122607 -1.03739 0.900866 0.0284809 0.433163 116.44 
0.402557 -0.00217737 -0.915392 -109.94 -0.0267413 0.999542 -0.0141374 -1.06318 0.915004 0.0301699 0.402315 116.48 
0.367221 -0.00812716 -0.930098 -110.167 -0.0279481 0.999414 -0.0197673 -1.03988 0.929714 0.0332535 0.366778 116.557 
0.330164 -0.00913354 -0.943879 -110.401 -0.0294123 0.999368 -0.0199588 -1.06309 0.943465 0.0343514 0.329687 116.579 
0.286005 -0.00917792 -0.958184 -110.689 -0.0299427 0.99938 -0.01851 -1.06994 0.95776 0.0339847 0.285553 116.665 
0.243539 -0.0118279 -0.969819 -110.958 -0.0289227 0.999392 -0.0194516 -1.07022 0.96946 0.0327871 0.243049 116.686 
0.196436 -0.0152863 -0.980397 -111.273 -0.030303 0.999306 -0.0216528 -1.06231 0.980048 0.0339624 0.195837 116.706 
0.146942 -0.0175834 -0.988989 -111.597 -0.0303648 0.999291 -0.0222781 -1.05638 0.988679 0.0333041 0.146304 116.715 
0.0997388 -0.0176608 -0.994857 -111.907 -0.0313163 0.999291 -0.0208791 -1.06582 0.994521 0.0332378 0.099115 116.671 
0.0475984 -0.0171662 -0.998719 -112.249 -0.0327287 0.999289 -0.0187359 -1.05784 0.99833 0.0335786 0.0470027 116.645 
-0.00539999 -0.0150721 -0.999872 -112.632 -0.0323457 0.999366 -0.0148898 -1.05891 0.999462 0.0322612 -0.00588408 116.595 
-0.0595483 -0.012214 -0.998151 -113.016 -0.028579 0.999536 -0.010526 -1.07445 0.997816 0.0278994 -0.0598697 116.538 
-0.113542 -0.00830024 -0.993499 -113.447 -0.0239294 0.999698 -0.00561725 -1.09638 0.993245 0.023136 -0.113707 116.444 
-0.165611 -0.00753658 -0.986162 -113.814 -0.0220626 0.999749 -0.00393534 -1.0868 0.985944 0.0211056 -0.165735 116.32 
-0.216533 -0.00819104 -0.976241 -114.239 -0.0232289 0.999725 -0.00323583 -1.05563 0.975999 0.0219764 -0.216664 116.186 
-0.265179 -0.00844477 -0.964162 -114.644 -0.0228181 0.999737 -0.00248056 -1.02936 0.963929 0.0213426 -0.265302 116.021 
-0.313802 -0.00873631 -0.949448 -115.08 -0.0206452 0.999784 -0.00237604 -1.01203 0.949264 0.0188559 -0.313914 115.838 
-0.360868 -0.00553675 -0.932601 -115.537 -0.0166241 0.999862 0.000496598 -1.03654 0.932469 0.0156829 -0.36091 115.627 
