1 2.12261e-08 -2.11895e-08 -1.30174e-14 2.12261e-08 1 2.10703e-08 -3.9968e-15 -2.11895e-08 2.10703e-08 1 -6.71685e-15 
0.999995 0.00308119 -0.000492612 -0.00233465 -0.00308052 0.999994 0.00127844 -0.00666117 0.000496505 -0.00127687 0.999999 0.774905 
0.999983 0.0057577 -0.00045758 -0.0291399 -0.005757 0.999982 0.00142791 -0.0220467 0.000465751 -0.00142521 0.999999 1.51774 
0.999982 0.005916 -0.000506326 -0.0174145 -0.005915 0.999981 0.00187361 -0.0530272 0.000517358 -0.00187054 0.999998 2.25483 
0.999967 0.0081466 0.000683222 -0.0727639 -0.00814845 0.999963 0.00281711 -0.0953132 -0.000660289 -0.00282254 0.999996 2.98703 
0.999967 0.00797458 0.00146656 -0.115143 -0.00797889 0.999964 0.00298986 -0.118461 -0.00144271 -0.00300142 0.999994 3.66347 
0.999964 0.00819489 0.00236516 -0.146373 -0.00820257 0.999961 0.00327388 -0.119178 -0.00233828 -0.00329312 0.999992 4.39001 
0.999959 0.00876368 0.00223575 -0.134386 -0.00877415 0.99995 0.00473899 -0.110813 -0.00219415 -0.00475837 0.999986 5.08146 
0.99996 0.00788887 0.00424806 -0.159042 -0.00792524 0.999931 0.00862452 -0.114591 -0.00417978 -0.0086578 0.999954 5.76839 
0.999968 0.00652849 0.00467799 -0.156883 -0.00658251 0.999911 0.011638 -0.120929 -0.00460164 -0.0116683 0.999921 6.40932 
0.99997 0.00544526 0.00545179 -0.162893 -0.00552089 0.999887 0.0139617 -0.134401 -0.00537519 -0.0139913 0.999888 7.04243 
0.999966 0.00571454 0.00592042 -0.159796 -0.00579383 0.999893 0.0134702 -0.132511 -0.00584285 -0.0135041 0.999892 7.64277 
0.999943 0.00718784 0.00794087 -0.184977 -0.00727388 0.999915 0.0108645 -0.143914 -0.00786214 -0.0109216 0.999909 8.20303 
0.999943 0.00696594 0.00813474 -0.180475 -0.00702561 0.999948 0.00733549 -0.142308 -0.00808327 -0.00739218 0.99994 8.71278 
0.999934 0.00509271 0.0102582 -0.186356 -0.00515115 0.999971 0.00568304 -0.145477 -0.010229 -0.00573546 0.999931 9.2421 
0.999933 0.00113376 0.0115665 -0.16681 -0.00117174 0.999994 0.00328083 -0.153449 -0.0115627 -0.00329412 0.999928 9.70279 
0.999904 -0.000793246 0.0138134 -0.1779 0.000753105 0.999996 0.00291393 -0.173632 -0.0138157 -0.00290321 0.9999 10.1407 
0.999861 0.00456185 0.0160613 -0.18393 -0.00457342 0.999989 0.000686437 -0.178706 -0.016058 -0.000759755 0.999871 10.5577 
0.99976 0.00917915 0.019914 -0.211099 -0.00916855 0.999958 -0.000621288 -0.185313 -0.0199189 0.000438597 0.999802 10.9409 
0.999667 0.0106057 0.0235247 -0.214699 -0.0105981 0.999944 -0.000447556 -0.185397 -0.0235282 0.000198132 0.999723 11.2915 
0.999628 0.00545646 0.0267309 -0.219449 -0.00546925 0.999985 0.000406975 -0.198559 -0.0267283 -0.00055298 0.999643 11.5728 
0.999563 0.000172076 0.0295608 -0.200979 -0.000174269 1 7.30461e-05 -0.203065 -0.0295608 -7.81242e-05 0.999563 11.8631 
0.999495 -0.00240066 0.0316801 -0.176629 0.00237861 0.999997 0.000734942 -0.201463 -0.0316818 -0.000659175 0.999498 12.1291 
0.999389 -0.00269483 0.0348573 -0.174542 0.00266623 0.999996 0.000868079 -0.205582 -0.0348596 -0.000774569 0.999392 12.3539 
0.999317 -0.00179136 0.036906 -0.173349 0.00179627 0.999998 -9.85523e-05 -0.211097 -0.0369058 0.000164819 0.999319 12.5514 
0.999264 -0.00082697 0.0383414 -0.158371 0.000867436 0.999999 -0.00103764 -0.219265 -0.0383406 0.00107018 0.999264 12.7482 
0.999171 0.00129859 0.0406964 -0.167143 -0.00123598 0.999998 -0.00156267 -0.226757 -0.0406984 0.00151111 0.99917 12.9071 
0.999085 0.00399295 0.0425801 -0.159393 -0.00393548 0.999991 -0.00143248 -0.239228 -0.0425855 0.00126363 0.999092 13.0814 
0.999 0.00628154 0.0442666 -0.166288 -0.00614645 0.999976 -0.00318615 -0.2415 -0.0442855 0.00291093 0.999015 13.2315 
0.998973 0.00446051 0.0451001 -0.121042 -0.00426447 0.999981 -0.00444113 -0.254399 -0.0451191 0.00424428 0.998973 13.3721 
0.998882 0.00264603 0.0471924 -0.124969 -0.00239408 0.999983 -0.0053936 -0.263342 -0.0472059 0.00527463 0.998871 13.517 
0.998777 0.00169867 0.0494065 -0.129068 -0.00139448 0.99998 -0.00618981 -0.268445 -0.0494161 0.00611339 0.99876 13.6472 
0.998684 0.00289971 0.0512055 -0.124289 -0.00251255 0.999968 -0.00762275 -0.267393 -0.051226 0.0074841 0.998659 13.786 
0.998645 0.00462791 0.0518263 -0.106821 -0.00412102 0.999943 -0.00988225 -0.265589 -0.0518692 0.00965532 0.998607 13.9288 
0.998658 0.00326251 0.0516889 -0.0882411 -0.00267185 0.99993 -0.0114913 -0.270822 -0.0517228 0.0113379 0.998597 14.0647 
0.998605 0.00220374 0.0527555 -0.0833212 -0.00144206 0.999894 -0.0144707 -0.271543 -0.0527819 0.0143745 0.998503 14.1862 
0.998618 0.00243089 0.0524954 -0.0816426 -0.00159583 0.999872 -0.0159425 -0.279062 -0.0525275 0.0158368 0.998494 14.291 
0.998767 0.000816816 0.0496299 -0.0595205 5.00296e-05 0.999848 -0.0174616 -0.280344 -0.0496366 0.0174426 0.998615 14.4182 
0.998927 0.00114572 0.0462978 -0.050563 -0.0003053 0.999835 -0.0181545 -0.286371 -0.046311 0.0181209 0.998763 14.5445 
0.999137 0.000655355 0.0415371 -0.0396958 0.000119879 0.999826 -0.0186573 -0.293815 -0.0415422 0.0186463 0.998963 14.6877 
0.999336 0.00224397 0.0363723 -0.0547144 -0.00150244 0.999791 -0.0204007 -0.28888 -0.0364105 0.0203326 0.99913 14.801 
0.999564 0.0012867 0.029511 -0.04279 -0.00066911 0.999781 -0.0209262 -0.30125 -0.0295315 0.0208974 0.999345 14.9616 
0.999762 0.00271171 0.0216717 -0.0287564 -0.00225433 0.999775 -0.0210996 -0.307089 -0.0217241 0.0210457 0.999543 15.1114 
0.999921 -0.00132025 0.0124726 -0.0198387 0.00159669 0.999753 -0.0221757 -0.31547 -0.0124403 0.022194 0.999676 15.2608 
0.999997 -0.000810009 0.00218583 -0.0245683 0.000861526 0.99972 -0.0236518 -0.307893 -0.0021661 0.0236537 0.999718 15.4213 
0.999947 -0.00102299 -0.0102323 -0.0392731 0.000759169 0.999668 -0.0257583 -0.305354 0.0102552 0.0257492 0.999616 15.572 
0.999637 -0.00228244 -0.0268356 -0.0480351 0.00154602 0.999623 -0.0274325 -0.313018 0.0268881 0.0273811 0.999263 15.7502 
0.998907 -0.00278314 -0.0466683 -0.0658979 0.00148286 0.99961 -0.0278748 -0.320909 0.0467276 0.0277751 0.998521 15.9273 
0.997704 -0.00155354 -0.0677085 -0.130963 -0.000301116 0.999625 -0.0273736 -0.327482 0.0677256 0.0273312 0.99733 16.0993 
0.995742 -0.00135861 -0.0921787 -0.159809 -0.00109209 0.999647 -0.0265312 -0.323063 0.0921822 0.026519 0.995389 16.3335 
0.992865 -0.00011797 -0.119244 -0.214679 -0.00297003 0.999665 -0.0257188 -0.321758 0.119207 0.0258895 0.992532 16.5495 
0.988745 0.00179428 -0.149601 -0.281461 -0.00525524 0.999728 -0.0227428 -0.347347 0.149519 0.0232731 0.988485 16.7788 
0.983183 0.00174774 -0.182614 -0.368463 -0.00546161 0.999788 -0.0198366 -0.345926 0.18254 0.0205004 0.982985 17.0389 
0.97553 0.00215373 -0.219854 -0.455628 -0.00582619 0.999854 -0.0160572 -0.341092 0.219787 0.0169453 0.975401 17.3274 
0.96541 0.00374518 -0.260709 -0.558567 -0.00676121 0.99992 -0.0106728 -0.352369 0.260649 0.0120664 0.965358 17.5984 
0.953259 0.00726346 -0.302067 -0.711601 -0.00950502 0.999937 -0.0059516 -0.352293 0.302004 0.00854461 0.953268 17.9062 
0.938766 0.00929716 -0.344429 -0.881784 -0.0109395 0.999936 -0.00282538 -0.340041 0.344381 0.00642032 0.938808 18.2149 
0.921147 0.0121558 -0.389025 -1.02436 -0.0117001 0.999925 0.00354048 -0.358106 0.389039 0.00129037 0.921221 18.52 
0.900867 0.0163776 -0.433786 -1.18447 -0.0127198 0.999855 0.0113336 -0.367948 0.433909 -0.00469235 0.900945 18.8307 
0.878095 0.0192279 -0.4781 -1.38173 -0.0127404 0.999778 0.0168089 -0.355207 0.478317 -0.00866857 0.878144 19.1385 
0.851849 0.0249641 -0.523192 -1.57082 -0.0156044 0.99963 0.0222905 -0.372161 0.523554 -0.010824 0.851924 19.4214 
0.82337 0.0282012 -0.566804 -1.81162 -0.0166887 0.999536 0.0254888 -0.374319 0.567259 -0.0115274 0.823459 19.6863 
0.791083 0.030599 -0.610944 -2.08726 -0.0183133 0.999485 0.0263461 -0.35448 0.611435 -0.0096535 0.791236 19.9901 
0.756269 0.0330973 -0.653423 -2.36915 -0.0186909 0.999405 0.0289892 -0.352748 0.653993 -0.00971053 0.756438 20.2676 
0.718334 0.037113 -0.694708 -2.69611 -0.0203219 0.999269 0.0323703 -0.332001 0.695402 -0.00913487 0.718563 20.5542 
0.678004 0.0379167 -0.73408 -3.04647 -0.0180225 0.999226 0.0349663 -0.321118 0.734838 -0.0104773 0.678162 20.8222 
0.636789 0.0376029 -0.770121 -3.44876 -0.0155072 0.999233 0.0359673 -0.310536 0.770882 -0.0109611 0.636883 21.0756 
0.593911 0.0362787 -0.803712 -3.84829 -0.00830944 0.999206 0.0389628 -0.310277 0.804488 -0.016462 0.593741 21.3093 
0.547886 0.0360327 -0.835776 -4.2794 -0.00218277 0.99913 0.0416444 -0.296696 0.83655 -0.0209921 0.547488 21.5622 
0.501513 0.0365572 -0.864377 -4.74595 -0.00285277 0.999171 0.0406028 -0.250286 0.865145 -0.0178969 0.501202 21.755 
0.453046 0.0355987 -0.890776 -5.22233 -0.00402515 0.999274 0.0378875 -0.221017 0.891478 -0.0135792 0.452861 21.9128 
0.4011 0.0337313 -0.915413 -5.71922 0.000245387 0.999318 0.0369305 -0.194343 0.916034 -0.0150374 0.400819 22.0798 
0.347274 0.0335708 -0.937163 -6.22226 0.00452071 0.999288 0.0374714 -0.18748 0.937753 -0.0172494 0.346875 22.2191 
0.293478 0.0323505 -0.955418 -6.78057 0.00804419 0.999308 0.0363076 -0.161625 0.955932 -0.018341 0.293015 22.3379 
0.240596 0.037923 -0.969884 -7.35023 0.00783441 0.999128 0.0410099 -0.138701 0.970594 -0.0174653 0.240089 22.416 
0.189036 0.0420134 -0.981071 -7.94806 0.00953773 0.998959 0.0446172 -0.105622 0.981924 -0.0177914 0.188438 22.4947 
0.139572 0.0437762 -0.989244 -8.54702 0.0144747 0.998825 0.0462424 -0.0839336 0.990106 -0.0207731 0.138775 22.5542 
0.0958408 0.0445374 -0.9944 -9.1605 0.0171793 0.998776 0.0463891 -0.0655904 0.995248 -0.021529 0.0949583 22.5661 
0.0559679 0.042581 -0.997524 -9.79161 0.016131 0.998921 0.0435457 -0.0393798 0.998302 -0.0185282 0.0552207 22.5565 
0.0203905 0.0377313 -0.99908 -10.4483 0.0128362 0.999195 0.0379976 -0.00528402 0.99971 -0.0135992 0.0198898 22.5331 
-0.00950251 0.0375469 -0.99925 -11.1578 0.0105498 0.999243 0.0374463 0.0230013 0.999899 -0.010186 -0.00989143 22.5179 
-0.0299508 0.0411196 -0.998705 -11.8724 0.00892345 0.999125 0.0408693 0.054161 0.999512 -0.00768779 -0.0302915 22.4721 
-0.0427803 0.0465598 -0.997999 -12.6218 0.00950703 0.998887 0.0461937 0.08301 0.999039 -0.00751178 -0.0431754 22.4277 
-0.0503543 0.0488989 -0.997534 -13.3203 0.00878737 0.998784 0.0485166 0.104759 0.998693 -0.00632264 -0.0507227 22.3601 
-0.0559197 0.0457062 -0.997389 -14.1236 0.0109723 0.998919 0.0451612 0.157522 0.998375 -0.00841822 -0.0563607 22.3595 
-0.0550638 0.0419372 -0.997602 -14.899 0.0181236 0.998995 0.0409954 0.187687 0.998318 -0.0158227 -0.0557685 22.3041 
-0.051619 0.0401674 -0.997859 -15.7071 0.0296886 0.998811 0.0386699 0.22553 0.998226 -0.0276289 -0.0527502 22.2654 
-0.046226 0.04075 -0.9981 -16.5252 0.0307784 0.998751 0.0393512 0.253772 0.998457 -0.0289008 -0.0474225 22.2211 
-0.0424803 0.0396402 -0.998311 -17.3651 0.0295234 0.998826 0.0384044 0.255729 0.998661 -0.0278421 -0.0436007 22.1906 
-0.0390681 0.0337955 -0.998665 -18.1535 0.0325855 0.998939 0.03253 0.263882 0.998705 -0.0312711 -0.0401279 22.112 
-0.0378152 0.0239356 -0.998998 -19.0583 0.0304179 0.999277 0.0227909 0.272973 0.998822 -0.0295255 -0.0385159 22.0973 
-0.0375384 0.0156001 -0.999173 -19.9704 0.023303 0.99962 0.0147316 0.28499 0.999023 -0.0227307 -0.0378876 22.0477 
-0.0384187 0.01242 -0.999185 -20.9179 0.0179567 0.99977 0.0117368 0.299496 0.9991 -0.0174911 -0.0386329 21.988 
-0.0433997 0.0174932 -0.998905 -21.8961 0.00919416 0.999811 0.0171097 0.315499 0.999016 -0.00844149 -0.0435523 21.9609 
-0.0477622 0.0261825 -0.998516 -22.8485 0.00284261 0.999656 0.0260764 0.311875 0.998855 -0.00159288 -0.0478202 21.8619 
-0.0535997 0.0354683 -0.997932 -23.8099 0.00264034 0.999371 0.0353776 0.336425 0.998559 -0.000738616 -0.0536596 21.7975 
-0.0554737 0.0455933 -0.997419 -24.8244 0.00125111 0.998959 0.0455942 0.364074 0.998459 0.00128144 -0.055473 21.7124 
-0.0563656 0.0535398 -0.996974 -25.832 0.00265463 0.998566 0.0534752 0.400382 0.998407 0.000367602 -0.0564269 21.6328 
-0.0583085 0.0534102 -0.996869 -26.8568 0.00414895 0.998572 0.0532587 0.451126 0.99829 -0.00103048 -0.0584469 21.5693 
-0.0610176 0.0510798 -0.996829 -27.8756 0.00373739 0.998694 0.0509466 0.481704 0.99813 -0.000616855 -0.0611289 21.5069 
-0.0646891 0.0468282 -0.996806 -28.9314 0.00521488 0.998901 0.0465882 0.506417 0.997892 -0.00218444 -0.0648622 21.4327 
-0.0709301 0.0419387 -0.996599 -29.8957 0.00482872 0.999119 0.041701 0.530114 0.99747 -0.00185441 -0.0710701 21.3655 
-0.0761021 0.037308 -0.996402 -30.9402 0.00525162 0.999301 0.0370155 0.559276 0.997086 -0.00241573 -0.0762448 21.258 
-0.0829548 0.0363135 -0.995892 -31.9721 0.00317126 0.99934 0.0361751 0.573292 0.996548 -0.000157285 -0.0830153 21.134 
-0.0901939 0.0390262 -0.995159 -33.0232 0.00448743 0.999238 0.0387794 0.595248 0.995914 -0.000968002 -0.0903002 21.022 
-0.0970638 0.0438181 -0.994313 -34.1004 0.00289048 0.999039 0.0437442 0.632007 0.995274 0.00137198 -0.0970971 20.8959 
-0.104496 0.0471023 -0.993409 -35.1472 0.000278975 0.998879 0.0473323 0.656328 0.994525 0.00466895 -0.104392 20.7998 
-0.109224 0.0488616 -0.992816 -36.1809 -0.000781261 0.998787 0.0492415 0.688604 0.994017 0.00615404 -0.109053 20.6552 
-0.114026 0.0489872 -0.992269 -37.23 -0.0025143 0.998766 0.0495968 0.745825 0.993475 0.00815025 -0.113763 20.5534 
-0.11539 0.0491862 -0.992102 -38.3311 -0.00541823 0.998727 0.0501448 0.79229 0.993306 0.0111617 -0.114977 20.4026 
-0.116284 0.0481693 -0.992047 -39.3783 -0.00528071 0.998779 0.0491151 0.836959 0.993202 0.01095 -0.115887 20.2398 
-0.118325 0.0468244 -0.99187 -40.4778 -0.00581675 0.998838 0.0478473 0.885395 0.992958 0.011431 -0.117915 20.0939 
-0.119357 0.0463 -0.991771 -41.5272 -0.00573297 0.998863 0.047321 0.910864 0.992835 0.0113339 -0.118956 19.9465 
-0.121848 0.0457246 -0.991495 -42.5979 -0.0073081 0.99887 0.0469628 0.938166 0.992522 0.0129683 -0.121376 19.7909 
-0.122526 0.0431452 -0.991527 -43.6871 -0.0107587 0.998938 0.0447972 0.962749 0.992407 0.0161564 -0.121932 19.6256 
-0.123337 0.0365337 -0.991692 -44.7462 -0.0147738 0.999144 0.0386456 1.01348 0.992255 0.0194175 -0.122692 19.4812 
-0.123605 0.0362431 -0.99167 -45.8419 -0.0154906 0.999141 0.0384469 1.04149 0.992211 0.0201139 -0.122937 19.332 
-0.121366 0.0405734 -0.991778 -46.9562 -0.0166568 0.99894 0.0429047 1.06879 0.992468 0.021727 -0.120561 19.1643 
-0.122183 0.0454159 -0.991468 -47.9655 -0.0170077 0.99871 0.0478436 1.06175 0.992362 0.0227084 -0.121253 19.0614 
-0.118589 0.0436157 -0.991985 -49.0462 -0.0149716 0.998843 0.0457071 1.13416 0.992831 0.020272 -0.117799 18.8717 
-0.118081 0.0426747 -0.992087 -50.1611 -0.0144317 0.998897 0.0446853 1.16567 0.992899 0.0195941 -0.117335 18.7565 
-0.113562 0.0423967 -0.992626 -51.3183 -0.019064 0.998812 0.0448419 1.21139 0.993348 0.0240158 -0.112619 18.5983 
-0.108212 0.0427167 -0.99321 -52.3901 -0.0222282 0.998723 0.0453756 1.24343 0.993879 0.0269875 -0.107124 18.4471 
-0.101776 0.0412221 -0.993953 -53.5088 -0.0269011 0.998662 0.0441719 1.28749 0.994444 0.0312341 -0.100531 18.2948 
-0.0975275 0.0408295 -0.994395 -54.6307 -0.0288133 0.998623 0.0438291 1.32517 0.994816 0.0329264 -0.0962168 18.1842 
-0.0914982 0.0402927 -0.99499 -55.7651 -0.0320368 0.998545 0.0433828 1.35434 0.99529 0.0358457 -0.0900742 18.0512 
-0.0871691 0.0407365 -0.99536 -56.8857 -0.0294544 0.998621 0.0434495 1.38012 0.995758 0.0331052 -0.085849 17.9349 
-0.0835108 0.0413178 -0.99565 -58.0098 -0.0276486 0.998659 0.0437617 1.42319 0.996123 0.0311829 -0.0822564 17.8452 
-0.0793461 0.0416828 -0.995975 -59.1483 -0.0266735 0.998679 0.0439209 1.4719 0.99649 0.0300511 -0.0781295 17.7397 
-0.0738915 0.0426737 -0.996353 -60.251 -0.0273138 0.998623 0.0447966 1.49361 0.996892 0.0305243 -0.0726242 17.6288 
-0.0699343 0.0419488 -0.996669 -61.3996 -0.0251265 0.998724 0.0437984 1.51515 0.997235 0.0281059 -0.0687911 17.5506 
-0.0669111 0.0377222 -0.997046 -62.4761 -0.0265667 0.998863 0.0395738 1.52641 0.997405 0.0291362 -0.0658329 17.5003 
-0.0626912 0.0317238 -0.997529 -63.6676 -0.0255528 0.999116 0.0333802 1.5722 0.997706 0.0275823 -0.0618251 17.4068 
-0.0595649 0.0296773 -0.997783 -64.794 -0.0239179 0.999229 0.0311482 1.62259 0.997938 0.0257202 -0.0588091 17.3329 
-0.0560788 0.0328572 -0.997886 -65.9389 -0.0227562 0.999157 0.0341779 1.6313 0.998167 0.0246248 -0.0552838 17.2413 
-0.0542124 0.0332267 -0.997976 -67.0889 -0.0240342 0.999113 0.0345702 1.63758 0.99824 0.0258597 -0.0533657 17.1531 
-0.0536494 0.0333263 -0.998004 -68.2442 -0.0271358 0.999025 0.0348191 1.65493 0.998191 0.0289497 -0.0526928 17.0837 
-0.054509 0.0345849 -0.997914 -69.3802 -0.0282542 0.998946 0.036164 1.66255 0.998113 0.0301666 -0.0534744 17.0047 
-0.0537505 0.0353279 -0.997929 -70.5514 -0.0290671 0.998895 0.0369277 1.67143 0.998131 0.0309919 -0.0526643 16.9239 
-0.0503355 0.0317279 -0.998228 -71.7371 -0.0290667 0.999025 0.033219 1.71894 0.998309 0.0306873 -0.0493642 16.8082 
-0.0508501 0.0307905 -0.998232 -72.9111 -0.0270393 0.999116 0.0321952 1.72785 0.99834 0.0286287 -0.0499726 16.7367 
-0.0499339 0.0313788 -0.99826 -74.1024 -0.0244358 0.999169 0.0326297 1.7417 0.998454 0.0260226 -0.0491256 16.6455 
-0.04859 0.0305256 -0.998352 -75.3058 -0.0234789 0.999222 0.0316949 1.78855 0.998543 0.0249803 -0.0478355 16.5602 
-0.0495262 0.0312395 -0.998284 -76.4908 -0.022953 0.999211 0.0324072 1.82271 0.998509 0.0245186 -0.0487701 16.4933 
-0.0476315 0.035729 -0.998226 -77.722 -0.0278416 0.998924 0.0370825 1.83247 0.998477 0.0295585 -0.0465855 16.3809 
-0.0469193 0.0342065 -0.998313 -78.8945 -0.0312062 0.998876 0.0356924 1.8591 0.998411 0.0328283 -0.0457991 16.3039 
-0.0467712 0.0334409 -0.998346 -80.074 -0.0313635 0.998898 0.0349287 1.86788 0.998413 0.0329453 -0.0456709 16.2295 
-0.044604 0.0317779 -0.998499 -81.3034 -0.0360775 0.998791 0.0333988 1.88964 0.998353 0.0375131 -0.0434035 16.1056 
-0.0469556 0.0307596 -0.998423 -82.4651 -0.0332749 0.998923 0.0323399 1.90385 0.998343 0.034741 -0.0458815 16.0565 
-0.0471423 0.0330298 -0.998342 -83.6855 -0.0326122 0.998869 0.0345872 1.936 0.998356 0.0341886 -0.0460118 15.9866 
-0.047134 0.035411 -0.998261 -84.8503 -0.0324918 0.998788 0.0369638 1.95312 0.99836 0.0341776 -0.0459263 15.9048 
-0.049054 0.0381968 -0.998066 -86.004 -0.0352711 0.998579 0.03995 1.96142 0.998173 0.0371627 -0.0476371 15.8555 
-0.0491182 0.0385047 -0.998051 -87.1394 -0.0362333 0.99853 0.0403064 1.98585 0.998136 0.0381425 -0.0476508 15.768 
-0.0486915 0.0360996 -0.998161 -88.279 -0.03748 0.998577 0.037943 2.01202 0.99811 0.0392586 -0.0472692 15.6893 
-0.0465962 0.0359037 -0.998268 -89.5434 -0.0379121 0.99857 0.0376841 2.03391 0.998194 0.0396024 -0.0451684 15.5651 
-0.046446 0.0398286 -0.998127 -90.7167 -0.0361565 0.998483 0.0415253 2.01379 0.998266 0.0380175 -0.0449354 15.4831 
-0.0449311 0.041144 -0.998142 -91.8868 -0.034954 0.998475 0.0427312 2.06653 0.998378 0.036809 -0.0434245 15.4004 
-0.044436 0.0445396 -0.998019 -92.9918 -0.0343745 0.998346 0.0460847 2.07822 0.998421 0.0363543 -0.0428314 15.3186 
-0.0443241 0.0472903 -0.997897 -94.2031 -0.0338487 0.998234 0.0488097 2.08538 0.998444 0.035941 -0.0426452 15.2519 
-0.0450282 0.0483413 -0.997815 -95.3571 -0.0371333 0.998057 0.0500287 2.14051 0.998295 0.0393049 -0.0431456 15.1917 
-0.0445875 0.0476088 -0.99787 -96.531 -0.0390981 0.998015 0.0493627 2.17045 0.99824 0.0412158 -0.0426376 15.1145 
-0.0452129 0.0435074 -0.99803 -97.6918 -0.0399017 0.998175 0.0453214 2.20707 0.99818 0.0418723 -0.0433944 15.0447 
-0.0454501 0.0428108 -0.998049 -98.9123 -0.0423053 0.998103 0.0447396 2.23027 0.99807 0.0442562 -0.0435527 15.0061 
-0.0460071 0.0412822 -0.998088 -100.008 -0.0401459 0.998262 0.0431399 2.24272 0.998134 0.0420539 -0.0442698 14.9374 
-0.0468933 0.0416086 -0.998033 -101.176 -0.0377135 0.998346 0.0433937 2.25724 0.998188 0.0396742 -0.0452466 14.8852 
-0.0485293 0.0428928 -0.9979 -102.361 -0.0361773 0.998347 0.0446713 2.2911 0.998166 0.0382693 -0.0468973 14.8385 
-0.0498557 0.0460094 -0.997696 -103.44 -0.0357749 0.998215 0.047821 2.31605 0.998116 0.0380767 -0.0481207 14.7696 
-0.0516527 0.0437861 -0.997705 -104.585 -0.0375094 0.998248 0.0457519 2.37408 0.99796 0.0397865 -0.0499198 14.7024 
-0.0527887 0.0449527 -0.997593 -105.737 -0.0411474 0.99804 0.0471502 2.40568 0.997758 0.0435374 -0.0508356 14.6265 
-0.05309 0.0432275 -0.997654 -106.919 -0.0436717 0.998006 0.0455667 2.44884 0.997634 0.0459884 -0.0510964 14.5396 
-0.0551264 0.0386734 -0.99773 -108.094 -0.044092 0.998181 0.0411271 2.48737 0.997505 0.0462591 -0.0533209 14.4845 
-0.0557217 0.0352543 -0.997824 -109.295 -0.0464119 0.998205 0.0378595 2.52868 0.997367 0.0484205 -0.0539855 14.3781 
-0.0571983 0.0346714 -0.997761 -110.451 -0.0433594 0.998368 0.0371781 2.55099 0.997421 0.0453889 -0.0556016 14.3078 
-0.0576109 0.0337868 -0.997767 -111.56 -0.0380599 0.998626 0.0360134 2.57902 0.997613 0.0400498 -0.0562458 14.2225 
-0.0601886 0.0360317 -0.997537 -112.741 -0.036056 0.998618 0.0382463 2.58905 0.997536 0.0382692 -0.0588063 14.2015 
-0.0629008 0.0395679 -0.997235 -113.986 -0.0354465 0.998495 0.0418537 2.63739 0.99739 0.0379812 -0.0614036 14.1365 
-0.0632476 0.0398759 -0.997201 -115.238 -0.0338684 0.99854 0.0420776 2.67209 0.997423 0.0364349 -0.0618048 14.0307 
-0.0631849 0.0365552 -0.997332 -116.437 -0.0344208 0.998655 0.0387843 2.68594 0.997408 0.0367796 -0.0618416 13.9222 
-0.0633413 0.0331131 -0.997442 -117.71 -0.0341444 0.998792 0.0353262 2.72424 0.997408 0.0362947 -0.0621342 13.7998 
-0.0649174 0.0301031 -0.997437 -118.943 -0.0308604 0.999006 0.032159 2.77353 0.997413 0.032869 -0.0639239 13.6999 
-0.065084 0.0313327 -0.997388 -120.205 -0.0325086 0.99891 0.0335019 2.78782 0.99735 0.0346042 -0.0639945 13.5755 
-0.0658571 0.0351762 -0.997209 -121.478 -0.0363185 0.998632 0.037625 2.82149 0.997168 0.038695 -0.0644894 13.4718 
-0.0676583 0.0391328 -0.996941 -122.684 -0.0412732 0.998265 0.0419858 2.82663 0.996855 0.0439877 -0.0659258 13.3729 
-0.0684688 0.0390862 -0.996887 -123.96 -0.0475228 0.99797 0.0423926 2.85932 0.996521 0.0502775 -0.0664723 13.254 
-0.067594 0.0367349 -0.997036 -125.24 -0.0514639 0.997863 0.0402544 2.89651 0.996385 0.0540324 -0.065559 13.1072 
-0.0685189 0.0355235 -0.997017 -126.511 -0.0532016 0.997814 0.0392081 2.91992 0.99623 0.0557294 -0.0664792 13.0031 
-0.0694618 0.0368603 -0.996903 -127.729 -0.055265 0.99764 0.0407382 2.91721 0.996053 0.0579236 -0.0672608 12.9094 
-0.0680671 0.0351788 -0.99706 -129.015 -0.0530078 0.997839 0.038825 2.96634 0.996272 0.0554947 -0.0660552 12.7595 
-0.0675808 0.0354882 -0.997082 -130.277 -0.0532624 0.997814 0.0391242 2.99995 0.996291 0.0557511 -0.0655428 12.6347 
-0.0689648 0.0406391 -0.996791 -131.554 -0.053 0.99761 0.0443394 3.03794 0.99621 0.0558878 -0.0666461 12.5237 
-0.0715198 0.044155 -0.996461 -132.772 -0.0499834 0.997606 0.0477932 3.06756 0.996186 0.0532247 -0.0691415 12.4518 
-0.0721549 0.0442856 -0.99641 -134.016 -0.051377 0.997523 0.0480555 3.08833 0.996069 0.05466 -0.0697008 12.35 
-0.0733011 0.0415134 -0.996446 -135.265 -0.0498147 0.997734 0.0452316 3.15083 0.996065 0.0529532 -0.071067 12.2586 
-0.0728524 0.0420058 -0.996458 -136.496 -0.0502829 0.997687 0.0457338 3.17209 0.996074 0.0534367 -0.0705717 12.1477 
-0.0720201 0.0408204 -0.996568 -137.754 -0.0492635 0.997797 0.044431 3.21189 0.996186 0.0522943 -0.0698505 12.0355 
-0.0729388 0.043626 -0.996382 -139.022 -0.0491994 0.997669 0.0472839 3.24209 0.996122 0.0524703 -0.0706224 11.9675 
-0.0755009 0.0474275 -0.996017 -140.245 -0.0480165 0.997537 0.0511396 3.24677 0.995989 0.0516864 -0.0730376 11.907 
-0.0747295 0.0486074 -0.996019 -141.478 -0.0488476 0.997434 0.0523414 3.28029 0.996007 0.0525646 -0.0721634 11.7935 
-0.0738711 0.0466028 -0.996178 -142.739 -0.0522334 0.997356 0.0505312 3.31209 0.995899 0.0557666 -0.0712415 11.6668 
-0.0750541 0.042652 -0.996267 -143.998 -0.0484374 0.99775 0.0463645 3.36677 0.996002 0.0517364 -0.0728193 11.5675 
-0.076916 0.0416507 -0.996167 -145.171 -0.047388 0.997845 0.0453798 3.3896 0.995911 0.0506968 -0.0747765 11.5111 
-0.0788565 0.0395824 -0.9961 -146.348 -0.0440922 0.998095 0.0431523 3.44605 0.99591 0.0473231 -0.076961 11.4243 
-0.0785342 0.040693 -0.996081 -147.62 -0.0416465 0.99816 0.0440616 3.4755 0.996041 0.0449436 -0.076695 11.2918 
-0.0815088 0.0399476 -0.995872 -148.794 -0.0386943 0.998316 0.0432127 3.49767 0.995921 0.0420568 -0.0798258 11.2424 
-0.0835242 0.0398815 -0.995707 -149.976 -0.0379761 0.998346 0.0431728 3.52187 0.995782 0.0414191 -0.0818714 11.1484 
-0.0884015 0.0457535 -0.995034 -151.139 -0.0365355 0.998123 0.0491415 3.50567 0.995415 0.0406982 -0.086564 11.1245 
-0.0872886 0.0460208 -0.99512 -152.403 -0.0342741 0.998202 0.0491698 3.57526 0.995593 0.0383988 -0.0855543 10.9695 
-0.0871176 0.0460944 -0.995131 -153.643 -0.0332522 0.998238 0.0491493 3.59119 0.995643 0.0373721 -0.0854313 10.8351 
-0.0852189 0.0434878 -0.995413 -154.931 -0.0315231 0.998429 0.0463184 3.67263 0.995864 0.0353257 -0.0837142 10.6467 
-0.0862815 0.0483796 -0.995095 -156.229 -0.0316086 0.998185 0.0512705 3.71255 0.995769 0.0358773 -0.0845956 10.5452 
-0.0882709 0.0550401 -0.994575 -157.369 -0.0372077 0.997593 0.0585094 3.7445 0.995401 0.0421705 -0.0860105 10.4524 
-0.0885629 0.0554941 -0.994524 -158.572 -0.0409965 0.997398 0.0593052 3.78144 0.995227 0.0460243 -0.0860574 10.3398 
-0.0870969 0.051279 -0.994879 -159.823 -0.0461997 0.997392 0.0554531 3.82979 0.995128 0.050793 -0.0845007 10.1757 
-0.085203 0.0464338 -0.995281 -161.058 -0.0460499 0.997663 0.0504871 3.86664 0.995299 0.0501343 -0.0828656 10.05 
-0.084898 0.0445133 -0.995395 -162.339 -0.0505651 0.997522 0.0489212 3.92519 0.995106 0.0544856 -0.0824368 9.91366 
-0.0835573 0.0408182 -0.995667 -163.531 -0.0452826 0.997973 0.0447129 3.97453 0.995474 0.0488225 -0.0815395 9.78954 
-0.0833918 0.0380194 -0.995791 -164.725 -0.0439706 0.998158 0.041792 3.99717 0.995546 0.0472707 -0.0815664 9.66651 
-0.0863491 0.0338585 -0.995689 -165.912 -0.0366205 0.998639 0.0371346 4.03948 0.995592 0.0396692 -0.0849916 9.59286 
-0.0880083 0.0386349 -0.99537 -167.124 -0.0363939 0.998456 0.0419726 4.03846 0.995455 0.0399194 -0.0864663 9.46199 
-0.0872176 0.0441662 -0.99521 -168.383 -0.0358751 0.998229 0.0474442 4.08503 0.995543 0.0398413 -0.0854787 9.33996 
-0.0876481 0.0489439 -0.994948 -169.581 -0.0360458 0.997982 0.0522685 4.09848 0.995499 0.0404449 -0.085707 9.24183 
-0.0866618 0.0451822 -0.995213 -170.796 -0.0356188 0.998192 0.0484191 4.14564 0.995601 0.0396444 -0.0848958 9.12938 
-0.0838841 0.0444192 -0.995485 -172.001 -0.0406726 0.998021 0.0479597 4.19366 0.995645 0.0445121 -0.0819114 8.96235 
-0.0835726 0.045635 -0.995456 -173.204 -0.0382338 0.998068 0.0489647 4.23102 0.995768 0.0421522 -0.0816664 8.84346 
-0.0818238 0.0431689 -0.995711 -174.478 -0.0427109 0.997992 0.0467776 4.29053 0.995731 0.0463553 -0.0798157 8.73091 
-0.0807103 0.0417879 -0.995861 -175.63 -0.0401281 0.998175 0.0451372 4.3176 0.99593 0.0436051 -0.0788861 8.62491 
-0.0798818 0.0438239 -0.995841 -176.805 -0.0422087 0.997988 0.0473042 4.34517 0.99591 0.0458119 -0.0778714 8.51756 
-0.0793534 0.0452004 -0.995821 -177.902 -0.0426216 0.997904 0.0486913 4.37583 0.995935 0.0463074 -0.0772606 8.42986 
-0.0819176 0.0469379 -0.995533 -178.912 -0.0433288 0.997778 0.0506091 4.37063 0.995697 0.047281 -0.0797019 8.36845 
-0.0817683 0.0470782 -0.995539 -179.979 -0.0440089 0.997739 0.0507969 4.41974 0.995679 0.0479662 -0.0795116 8.27385 
-0.0836767 0.0484617 -0.995314 -180.976 -0.0434952 0.997687 0.052234 4.43634 0.995543 0.0476621 -0.0813753 8.20707 
-0.0824385 0.0470159 -0.995487 -181.992 -0.0451834 0.997683 0.0508614 4.46556 0.995571 0.0491725 -0.0801232 8.10736 
-0.0820536 0.0472977 -0.995505 -182.954 -0.0437664 0.997739 0.0510113 4.48828 0.995667 0.0477554 -0.079798 8.02389 
-0.0800629 0.0479054 -0.995638 -183.919 -0.0446084 0.997672 0.0515904 4.52056 0.995791 0.0485443 -0.0777395 7.91595 
-0.082532 0.0472469 -0.995468 -184.808 -0.0420005 0.997823 0.0508409 4.52857 0.995703 0.0460062 -0.080368 7.85323 
-0.0876811 0.0444793 -0.995155 -185.731 -0.0396896 0.998053 0.0481058 4.55302 0.995358 0.0437153 -0.085745 7.78972 
-0.0936809 0.0414532 -0.994739 -186.6 -0.0376625 0.99827 0.0451473 4.55833 0.99489 0.0416939 -0.0919576 7.70567 
-0.0995805 0.0380995 -0.9943 -187.48 -0.0402133 0.998296 0.04228 4.58536 0.994217 0.0441944 -0.0978787 7.62304 
-0.104177 0.0368458 -0.993876 -188.39 -0.0421958 0.99825 0.0414309 4.62459 0.993663 0.0462536 -0.10244 7.50701 
-0.106025 0.0371292 -0.99367 -189.329 -0.0443627 0.998131 0.0420294 4.66024 0.993373 0.0485381 -0.10418 7.3523 
-0.109215 0.0388448 -0.993259 -190.204 -0.0427109 0.99813 0.0437317 4.68283 0.9931 0.0471992 -0.107352 7.26225 
-0.112114 0.0400499 -0.992888 -191.105 -0.042 0.998104 0.0450028 4.71707 0.992807 0.0467468 -0.110219 7.16407 
-0.114604 0.0413559 -0.99255 -192.016 -0.0417387 0.99805 0.0464044 4.72578 0.992534 0.0467459 -0.112654 7.07076 
-0.116665 0.0410345 -0.992323 -192.911 -0.043071 0.997997 0.0463329 4.75151 0.992237 0.0481458 -0.114664 6.95804 
-0.118229 0.0394929 -0.992201 -193.816 -0.0452769 0.997955 0.0451171 4.78021 0.991954 0.050258 -0.116199 6.83949 
-0.121724 0.0401565 -0.991751 -194.696 -0.0483755 0.997754 0.046337 4.78314 0.991384 0.0536168 -0.119508 6.75727 
-0.122268 0.0392735 -0.99172 -195.564 -0.0499085 0.997709 0.0456639 4.79215 0.991242 0.0550785 -0.120028 6.64417 
-0.122492 0.0345945 -0.991866 -196.489 -0.0512743 0.997837 0.041135 4.8441 0.991144 0.055896 -0.120453 6.5311 
-0.11943 0.0299452 -0.992391 -197.334 -0.0517717 0.997997 0.0363448 4.89561 0.991492 0.0557184 -0.11764 6.35437 
-0.120389 0.0299591 -0.992275 -198.262 -0.0509118 0.998043 0.0363102 4.91716 0.99142 0.0548899 -0.118628 6.2549 
-0.12126 0.0360007 -0.991968 -199.181 -0.0487098 0.997922 0.0421712 4.89952 0.991425 0.0534323 -0.119255 6.13596 
-0.122114 0.0352576 -0.99189 -200.102 -0.0476499 0.998008 0.0413413 4.94407 0.991372 0.0523118 -0.12019 6.01513 
-0.118371 0.030198 -0.99251 -200.959 -0.0430936 0.99844 0.0355179 4.97694 0.992034 0.0469752 -0.116885 5.82525 
-0.119701 0.0271443 -0.992439 -201.87 -0.0434841 0.998524 0.0325555 5.00487 0.991857 0.0470523 -0.118344 5.71764 
-0.12085 0.0269548 -0.992305 -202.858 -0.047028 0.998353 0.0328466 5.04315 0.991556 0.0506356 -0.119384 5.5912 
-0.120292 0.0314067 -0.992242 -203.778 -0.0474579 0.998175 0.0373479 5.05867 0.991604 0.0515824 -0.118582 5.47764 
-0.119892 0.0313101 -0.992293 -204.667 -0.0490596 0.998095 0.0374208 5.06141 0.991574 0.053168 -0.118128 5.37958 
-0.115777 0.0322867 -0.99275 -205.649 -0.0472375 0.998162 0.0379716 5.10083 0.992151 0.0512914 -0.114039 5.21758 
-0.115379 0.0349686 -0.992706 -206.564 -0.0444044 0.9982 0.0403231 5.15517 0.992329 0.048733 -0.113619 5.0851 
-0.114878 0.0403006 -0.992562 -207.513 -0.0407654 0.998144 0.0452453 5.15429 0.992543 0.0456599 -0.113022 4.97396 
-0.115058 0.041009 -0.992512 -208.504 -0.0386206 0.998207 0.0457215 5.18094 0.992608 0.043592 -0.113267 4.86993 
-0.109736 0.0403486 -0.993141 -209.53 -0.0429605 0.99805 0.0452949 5.24627 0.993032 0.0476363 -0.107789 4.67055 
-0.107135 0.0414006 -0.993382 -210.517 -0.0460412 0.997854 0.0465525 5.28018 0.993178 0.050724 -0.104999 4.55685 
-0.103789 0.0418348 -0.993719 -211.496 -0.046828 0.997802 0.0468976 5.30726 0.993496 0.0514014 -0.101602 4.43948 
-0.102178 0.0395289 -0.99398 -212.543 -0.0480351 0.997849 0.0446205 5.34354 0.993606 0.0523052 -0.100059 4.32723 
-0.101028 0.0360433 -0.994231 -213.585 -0.0474268 0.998033 0.0410004 5.3795 0.993753 0.0512953 -0.0991197 4.22607 
-0.0994955 0.0354098 -0.994408 -214.573 -0.0471777 0.998075 0.0402607 5.41847 0.993919 0.0509197 -0.0976334 4.10664 
-0.0971798 0.039128 -0.994497 -215.609 -0.0466046 0.997952 0.043818 5.43341 0.994175 0.0506065 -0.0951572 3.97389 
-0.0971706 0.0402739 -0.994453 -216.653 -0.0490913 0.997771 0.0452052 5.49952 0.994056 0.0532116 -0.0949769 3.88594 
-0.0968937 0.039588 -0.994507 -217.718 -0.0490539 0.997804 0.0444985 5.53373 0.994085 0.0530962 -0.0947391 3.77876 
-0.0979875 0.0351073 -0.994568 -218.735 -0.0471938 0.998089 0.0398813 5.58806 0.994068 0.0508454 -0.0961434 3.68491 
-0.0977705 0.0325216 -0.994678 -219.788 -0.0446927 0.998314 0.0370335 5.61997 0.994205 0.0480757 -0.0961522 3.58116 
-0.0959912 0.031432 -0.994886 -220.878 -0.0416552 0.998499 0.0355652 5.64502 0.99451 0.0448561 -0.0945378 3.42263 
-0.0951212 0.0304868 -0.994999 -221.967 -0.0429677 0.998474 0.0347009 5.67797 0.994538 0.0460536 -0.0936661 3.28654 
-0.0954969 0.0307923 -0.994953 -223.019 -0.0439703 0.998415 0.0351197 5.69591 0.994458 0.0471022 -0.0939916 3.17025 
-0.0968225 0.0307428 -0.994827 -224.108 -0.0447076 0.99838 0.0352038 5.7299 0.994297 0.0478849 -0.0952912 3.06227 
-0.0973772 0.0334111 -0.994687 -225.183 -0.0459368 0.99822 0.0380268 5.75105 0.994187 0.0493957 -0.0956691 2.93463 
-0.0993286 0.0353145 -0.994428 -226.268 -0.0461152 0.998133 0.0400523 5.76498 0.993986 0.0498366 -0.0975146 2.83648 
-0.100446 0.0375814 -0.994233 -227.366 -0.0454192 0.998071 0.0423152 5.77997 0.993905 0.0494077 -0.098545 2.69626 
-0.0998826 0.0375746 -0.99429 -228.464 -0.0492516 0.997875 0.0426577 5.82751 0.99378 0.0532311 -0.0978198 2.54922 
-0.102164 0.0363868 -0.994102 -229.579 -0.0512911 0.997809 0.0417937 5.85186 0.993444 0.0552584 -0.100074 2.42698 
-0.101766 0.0311214 -0.994321 -230.769 -0.0490762 0.998137 0.0362636 5.90633 0.993597 0.0524879 -0.100049 2.24663 
-0.101831 0.0265318 -0.994448 -231.935 -0.0461337 0.998443 0.0313625 5.91447 0.993731 0.0490712 -0.100448 2.08389 
-0.102871 0.022912 -0.994431 -233.105 -0.040218 0.998821 0.0271736 5.91773 0.993881 0.0427895 -0.101828 1.94334 
-0.105752 0.0236829 -0.99411 -234.294 -0.0336626 0.999058 0.0273817 5.9367 0.993823 0.03636 -0.104855 1.82016 
-0.107851 0.0269812 -0.993801 -235.484 -0.0299826 0.999089 0.0303786 5.98211 0.993715 0.0330732 -0.106944 1.66376 
-0.110361 0.0310828 -0.993405 -236.619 -0.0275428 0.999031 0.0343187 5.96432 0.99351 0.0311486 -0.109398 1.51654 
-0.112407 0.0303128 -0.9932 -237.761 -0.0259776 0.999103 0.0334331 5.99459 0.993323 0.0295591 -0.111519 1.36047 
-0.115516 0.0307523 -0.99283 -238.95 -0.024075 0.99914 0.0337489 6.01538 0.993014 0.0278009 -0.114676 1.22987 
-0.116168 0.0329978 -0.992681 -240.108 -0.0223315 0.999109 0.0358248 6.0112 0.992979 0.0263298 -0.115327 1.03426 
-0.119429 0.0323603 -0.992315 -241.285 -0.0198821 0.99919 0.0349774 6.03889 0.992644 0.0239066 -0.118689 0.873641 
-0.122234 0.030666 -0.992027 -242.459 -0.0186281 0.999276 0.0331853 6.06114 0.992327 0.022536 -0.121574 0.725879 
-0.124161 0.0310969 -0.991775 -243.66 -0.0187916 0.999256 0.0336841 6.05634 0.992084 0.0228194 -0.123485 0.551073 
-0.12737 0.0309432 -0.991372 -244.9 -0.0158291 0.999323 0.0332251 6.10476 0.991729 0.0199245 -0.126794 0.393099 
-0.130331 0.0313077 -0.990976 -246.151 -0.0157276 0.99931 0.0336394 6.11755 0.991346 0.0199699 -0.129749 0.239016 
-0.133027 0.0323916 -0.990583 -247.355 -0.0184181 0.999212 0.0351471 6.13876 0.990941 0.0229202 -0.132326 0.0494763 
-0.135475 0.0331491 -0.990226 -248.582 -0.0202383 0.999139 0.0362163 6.17793 0.990574 0.024947 -0.134687 -0.134917 
-0.137875 0.0341646 -0.98986 -249.797 -0.0226687 0.999034 0.0376387 6.1939 0.99019 0.0276283 -0.136967 -0.321917 
-0.141171 0.0334784 -0.989419 -251.018 -0.0243506 0.999008 0.0372773 6.2319 0.989686 0.0293554 -0.140216 -0.493733 
-0.142138 0.0333724 -0.989284 -252.287 -0.0225701 0.999062 0.036945 6.26968 0.98959 0.0275795 -0.141252 -0.679674 
-0.142107 0.0334259 -0.989287 -253.574 -0.0240313 0.999019 0.0372067 6.27839 0.98956 0.0290612 -0.141164 -0.88031 
-0.143097 0.0343106 -0.989114 -254.723 -0.0200363 0.999094 0.0375555 6.26264 0.989506 0.0251923 -0.14228 -1.05708 
-0.143895 0.0348312 -0.98898 -255.939 -0.0206111 0.999058 0.0381851 6.2728 0.989378 0.0258786 -0.143041 -1.24618 
-0.145867 0.035166 -0.988679 -257.145 -0.02001 0.999059 0.0384874 6.29829 0.989102 0.0253976 -0.145027 -1.40885 
-0.146691 0.0360811 -0.988524 -258.347 -0.0193292 0.999039 0.0393332 6.30773 0.988994 0.0248772 -0.145852 -1.5865 
-0.14637 0.0359602 -0.988576 -259.606 -0.0191167 0.99905 0.0391716 6.35506 0.989045 0.0246319 -0.145544 -1.79299 
-0.147268 0.0372949 -0.988393 -260.848 -0.0155297 0.999079 0.0400119 6.37683 0.988975 0.021242 -0.146554 -1.98532 
-0.148392 0.0406088 -0.988095 -262.089 -0.0103224 0.999039 0.0426088 6.40319 0.988875 0.0165223 -0.14783 -2.17173 
-0.14959 0.0445576 -0.987744 -263.321 -0.00607116 0.998924 0.0459814 6.43687 0.988729 0.0128752 -0.149159 -2.36126 
-0.150688 0.0468107 -0.987473 -264.531 -0.0033182 0.998849 0.0478563 6.46869 0.988576 0.010488 -0.150359 -2.55567 
-0.14952 0.0464832 -0.987666 -265.665 -0.00363976 0.998862 0.0475611 6.47813 0.988752 0.0107062 -0.14918 -2.79687 
-0.149003 0.0450385 -0.987811 -266.831 -0.00576484 0.998906 0.046414 6.49334 0.98882 0.0126104 -0.14858 -3.00074 
-0.149135 0.0474955 -0.987676 -268.021 -0.0124889 0.998676 0.0499102 6.51996 0.988738 0.0197784 -0.148344 -3.22402 
-0.148899 0.0526493 -0.98745 -269.279 -0.0171462 0.998294 0.0558129 6.57126 0.988704 0.0252415 -0.147742 -3.46571 
-0.148763 0.0517536 -0.987518 -270.477 -0.0209573 0.99824 0.0554726 6.61243 0.988651 0.028948 -0.147416 -3.68688 
-0.147572 0.045981 -0.987982 -271.672 -0.0215754 0.998531 0.0496947 6.6409 0.988816 0.0286497 -0.146364 -3.9079 
-0.146885 0.0398566 -0.98835 -272.916 -0.0189524 0.998891 0.0430983 6.7041 0.988972 0.0250621 -0.145967 -4.14304 
-0.147 0.0385359 -0.988386 -274.137 -0.0128143 0.999083 0.0408588 6.75402 0.989054 0.0186718 -0.146371 -4.33975 
-0.146434 0.0408068 -0.988378 -275.332 -0.00957776 0.999044 0.0426662 6.7817 0.989174 0.0157143 -0.145903 -4.52884 
-0.143981 0.0432931 -0.988633 -276.541 -0.00894749 0.998945 0.0450478 6.80525 0.98954 0.0153319 -0.143442 -4.74424 
-0.143883 0.0454245 -0.988552 -277.742 -0.00963301 0.998834 0.047299 6.84078 0.989548 0.0163283 -0.143277 -4.93601 
-0.141236 0.0470923 -0.988855 -278.941 -0.00954898 0.998757 0.0489277 6.8559 0.98993 0.016353 -0.140611 -5.20898 
-0.142124 0.0476471 -0.988702 -280.136 -0.00836517 0.998747 0.0493337 6.90186 0.989814 0.0152822 -0.141547 -5.38462 
-0.142817 0.0467061 -0.988646 -281.404 -0.00898794 0.998784 0.0484833 6.94965 0.989708 0.0158102 -0.142224 -5.52318 
-0.141639 0.0464768 -0.988827 -282.499 -0.0125987 0.998732 0.048747 6.96196 0.989838 0.0193625 -0.140873 -5.76952 
-0.141205 0.0441143 -0.988997 -283.705 -0.0115676 0.998865 0.046206 7.024 0.989913 0.0179649 -0.140534 -5.97707 
-0.141301 0.0438453 -0.988995 -284.932 -0.0109517 0.998888 0.0458486 7.03725 0.989906 0.0173096 -0.140663 -6.1727 
-0.14138 0.044418 -0.988959 -286.137 -0.0101384 0.998876 0.0463128 7.0642 0.989904 0.0165742 -0.14077 -6.35213 
-0.141629 0.0442595 -0.98893 -287.322 -0.0103781 0.998879 0.046191 7.10119 0.989865 0.0168053 -0.141011 -6.5297 
-0.142253 0.044275 -0.98884 -288.447 -0.0103181 0.998879 0.0462089 7.12874 0.989777 0.0167763 -0.141637 -6.69623 
-0.142982 0.0429655 -0.988792 -289.646 -0.0115621 0.998917 0.0450773 7.17293 0.989658 0.0178778 -0.14233 -6.88043 
-0.14283 0.0386656 -0.988992 -290.882 -0.0107077 0.999118 0.0406079 7.24699 0.989689 0.0163899 -0.14229 -7.10363 
-0.144889 0.0367184 -0.988766 -292.023 -0.0113647 0.999184 0.0387706 7.25906 0.989383 0.0168545 -0.144353 -7.26389 
-0.145652 0.0342299 -0.988744 -293.171 -0.014353 0.999223 0.0367071 7.29863 0.989232 0.0195379 -0.145048 -7.46987 
-0.147529 0.0348773 -0.988443 -294.345 -0.0162997 0.999157 0.0376882 7.30418 0.988923 0.0216715 -0.146836 -7.63343 
-0.148517 0.0361372 -0.988249 -295.528 -0.0184301 0.999057 0.0393021 7.33261 0.988738 0.0240507 -0.147711 -7.82605 
-0.146974 0.0369857 -0.988449 -296.737 -0.022655 0.998913 0.0407458 7.35359 0.988881 0.0283819 -0.145976 -8.09812 
-0.147406 0.0362222 -0.988413 -297.931 -0.0252774 0.998865 0.0403749 7.38682 0.988753 0.030936 -0.146323 -8.32156 
-0.14864 0.0325463 -0.988356 -299.236 -0.024877 0.999019 0.0366388 7.44515 0.988578 0.0300334 -0.147685 -8.48701 
-0.150397 0.0315305 -0.988123 -300.42 -0.0201876 0.999185 0.0349562 7.43702 0.98842 0.0252052 -0.149638 -8.67944 
-0.15231 0.0314987 -0.987831 -301.625 -0.01754 0.999248 0.0345672 7.46517 0.988177 0.0225916 -0.151643 -8.87254 
-0.155811 0.0350771 -0.987164 -302.881 -0.0161882 0.999144 0.0380579 7.48034 0.987654 0.0219103 -0.15511 -9.03134 
-0.156553 0.0367528 -0.986986 -304.145 -0.0151091 0.999101 0.0396005 7.51535 0.987554 0.0211121 -0.155857 -9.25203 
