1 2.12261e-08 -2.11895e-08 0 2.12261e-08 1 2.10703e-08 0 -2.11895e-08 2.10703e-08 1 0 
0.999927 -0.00304104 0.0117097 -0.00833139 0.00303036 0.999995 0.000933236 -0.00369157 -0.0117125 -0.000897641 0.999931 0.327309 
0.999846 -0.00403762 0.0170842 0.0169052 0.00402358 0.999992 0.000858637 -0.0121545 -0.0170876 -0.000789723 0.999854 0.575228 
0.999812 -0.00814748 0.0176148 0.0559475 0.00815682 0.999967 -0.00045566 -0.0165209 -0.0176106 0.000599296 0.999845 0.878608 
0.999819 -0.00969414 0.0163949 0.0300952 0.00975471 0.999946 -0.00361596 0.000854602 -0.016359 0.00377527 0.999859 1.17413 
0.999884 -0.0122364 0.00908935 0.0261251 0.0122687 0.999919 -0.00349913 -0.0169572 -0.00904583 0.00361028 0.999953 1.46572 
0.99988 -0.0149844 -0.00398117 0.0383401 0.0149576 0.999866 -0.0066896 -0.00629216 0.00408083 0.00662929 0.99997 1.80729 
0.999685 -0.0139648 -0.0208717 0.0124363 0.0138339 0.999884 -0.00640517 -0.0228093 0.0209587 0.00611446 0.999762 2.13984 
0.999026 -0.00937849 -0.0431171 0.0181706 0.00907222 0.999932 -0.00729425 -0.0237811 0.0431826 0.00689603 0.999043 2.46598 
0.998056 -0.00671118 -0.0619639 -0.0455408 0.00616269 0.99994 -0.00903932 -0.0246216 0.0620208 0.00863992 0.998037 2.80901 
0.996679 -0.0061947 -0.0811997 -0.106029 0.0054263 0.999938 -0.00968074 -0.0301454 0.0812547 0.00920802 0.996651 3.17311 
0.994658 -0.00778163 -0.102936 -0.156814 0.00691078 0.999937 -0.0088144 -0.0355635 0.102998 0.00805599 0.994649 3.5546 
0.992467 -0.00811732 -0.12224 -0.230891 0.00711307 0.999937 -0.00864991 -0.0418314 0.122303 0.00771529 0.992463 3.9273 
0.990161 -0.00659229 -0.139778 -0.314184 0.00548083 0.99995 -0.00833537 -0.0402658 0.139826 0.0074873 0.990148 4.35963 
0.987878 -0.00622336 -0.15511 -0.401243 0.00501696 0.999954 -0.00816824 -0.0453503 0.155153 0.00729109 0.987864 4.74568 
0.985673 -0.0056067 -0.168575 -0.488827 0.00424281 0.999955 -0.00845004 -0.0540906 0.168615 0.00761379 0.985653 5.17831 
0.983574 -0.00586646 -0.180409 -0.589307 0.00404469 0.999937 -0.0104645 -0.0606189 0.180459 0.00956291 0.983536 5.59433 
0.981695 -0.00991127 -0.190201 -0.682576 0.00785959 0.999903 -0.0115384 -0.0775871 0.190297 0.00983235 0.981677 6.05869 
0.980019 -0.00842589 -0.198725 -0.781258 0.00585532 0.999892 -0.0135196 -0.0913922 0.198817 0.0120859 0.979962 6.52779 
0.978473 -0.0112741 -0.206068 -0.901629 0.00835673 0.999852 -0.0150223 -0.103975 0.206207 0.0129769 0.978422 6.98799 
0.976799 -0.0111904 -0.213865 -1.01887 0.00751995 0.99981 -0.0179684 -0.110128 0.214026 0.0159433 0.976698 7.48652 
0.974999 -0.0179142 -0.221488 -1.15103 0.0143857 0.999743 -0.017534 -0.145833 0.221745 0.0139094 0.975006 7.97889 
0.973425 -0.0213023 -0.228013 -1.30882 0.0171981 0.999653 -0.0199719 -0.156025 0.228359 0.0155198 0.973453 8.47082 
0.971709 -0.0228221 -0.235075 -1.45307 0.0179972 0.999581 -0.0226502 -0.181571 0.235494 0.0177787 0.971713 8.95042 
0.969909 -0.0184199 -0.24277 -1.62795 0.0125009 0.999586 -0.0258994 -0.208706 0.243147 0.0220853 0.969738 9.48079 
0.96759 -0.0156572 -0.252039 -1.77351 0.00874152 0.999555 -0.0285353 -0.242305 0.252374 0.0254073 0.967296 9.98703 
0.965567 -0.0176494 -0.259556 -1.95319 0.0102063 0.999498 -0.0299964 -0.272374 0.259955 0.0263145 0.965262 10.5502 
0.962846 -0.0217367 -0.269176 -2.10595 0.0139116 0.999424 -0.0309447 -0.305262 0.269694 0.0260503 0.962594 11.1021 
0.960843 -0.020885 -0.276305 -2.29493 0.0120288 0.999359 -0.0337086 -0.333946 0.276832 0.029065 0.960479 11.6665 
0.959095 -0.0170517 -0.282569 -2.50065 0.00685248 0.99929 -0.0370437 -0.366658 0.283 0.0335922 0.958531 12.2123 
0.957428 -0.0159485 -0.288232 -2.73138 0.00372703 0.999072 -0.042901 -0.399556 0.288648 0.0400004 0.956599 12.7615 
0.955444 -0.0178766 -0.294632 -2.89934 0.00310502 0.998718 -0.0505274 -0.424556 0.295158 0.0473613 0.954274 13.3615 
0.954246 -0.017022 -0.298538 -3.10792 -0.000771613 0.998235 -0.0593837 -0.465418 0.299022 0.056897 0.952548 13.9785 
0.953332 -0.0177906 -0.301401 -3.35277 -0.00276382 0.997706 -0.0676329 -0.518731 0.301913 0.0653097 0.951096 14.5988 
0.95255 -0.0156731 -0.303978 -3.5827 -0.00796261 0.997049 -0.0763597 -0.579258 0.304278 0.075157 0.949614 15.2007 
0.950345 -0.0142933 -0.310871 -3.76848 -0.0118684 0.996553 -0.0821022 -0.661104 0.310973 0.0817149 0.946899 15.8428 
0.948905 -0.0131845 -0.315286 -3.99625 -0.0147573 0.99618 -0.0860725 -0.745808 0.315216 0.0863274 0.945085 16.477 
0.947172 -0.0137976 -0.320429 -4.22704 -0.0159629 0.995808 -0.0900649 -0.819005 0.320328 0.0904219 0.942981 17.1558 
0.945325 -0.012012 -0.325908 -4.49422 -0.0208143 0.995062 -0.0970487 -0.867917 0.325465 0.0985262 0.940407 17.8278 
0.944824 -0.0103508 -0.327415 -4.83948 -0.0236974 0.994722 -0.0998306 -0.959757 0.32672 0.102081 0.939592 18.5152 
0.94376 -0.00362884 -0.330612 -5.15653 -0.0319329 0.994265 -0.102069 -1.02207 0.329086 0.106886 0.938231 19.1749 
0.941341 -0.00568371 -0.33741 -5.42494 -0.0301638 0.994439 -0.100905 -1.11387 0.336107 0.105164 0.935934 19.8879 
0.940358 0.00145207 -0.340184 -5.81791 -0.0382636 0.994097 -0.101527 -1.19618 0.338029 0.108489 0.934862 20.6003 
0.937072 -0.00431738 -0.349109 -6.05972 -0.0324109 0.99453 -0.0992961 -1.25134 0.347628 0.104363 0.931807 21.3331 
0.934381 -0.00042034 -0.356276 -6.36291 -0.0363582 0.994666 -0.0965279 -1.3434 0.354416 0.103147 0.929381 22.0404 
0.931504 0.00152757 -0.363729 -6.65438 -0.0375044 0.995065 -0.091869 -1.41242 0.361794 0.0992178 0.926963 22.7176 
0.927724 0.00428273 -0.373242 -6.98966 -0.0393501 0.995484 -0.0863853 -1.49371 0.371187 0.0948289 0.923703 23.5078 
0.924233 0.00842621 -0.381736 -7.33734 -0.0428821 0.995722 -0.0818443 -1.56979 0.379413 0.0920129 0.920641 24.239 
0.920005 0.00785 -0.391827 -7.73088 -0.0428083 0.99583 -0.0805626 -1.62184 0.389561 0.0908915 0.916505 25.0885 
0.915459 0.00690859 -0.402352 -8.02559 -0.0418738 0.99606 -0.0781714 -1.70743 0.400226 0.0884107 0.912142 25.7861 
0.91082 0.00853168 -0.412716 -8.32818 -0.0439652 0.996105 -0.0764349 -1.79679 0.410457 0.0877637 0.907647 26.5108 
0.907338 0.009687 -0.420291 -8.73189 -0.0449084 0.996248 -0.073988 -1.87659 0.417997 0.0860068 0.904368 27.2815 
0.903441 0.00705848 -0.428655 -9.11816 -0.042137 0.996485 -0.0724 -1.94832 0.426638 0.0834714 0.900563 28.0977 
0.899756 0.0099655 -0.43628 -9.5284 -0.0447811 0.99657 -0.0695901 -2.00722 0.43409 0.0821512 0.897116 28.8986 
0.895646 0.0132634 -0.44457 -9.92618 -0.0469536 0.996789 -0.0648559 -2.07291 0.442282 0.0789621 0.893393 29.685 
0.892562 0.015312 -0.450664 -10.4622 -0.0475224 0.997052 -0.0602442 -2.15791 0.448413 0.0751884 0.890658 30.5452 
0.888452 0.0117058 -0.458819 -10.9579 -0.0437921 0.997276 -0.0593552 -2.18247 0.456875 0.072827 0.886545 31.4469 
0.886093 0.0104209 -0.46339 -11.4583 -0.0425202 0.997359 -0.0588781 -2.2351 0.461553 0.071875 0.884196 32.2758 
0.883367 0.0102045 -0.468572 -11.9566 -0.0413622 0.997559 -0.0562528 -2.29155 0.466854 0.069073 0.881633 33.0949 
0.880059 0.00944179 -0.474771 -12.4089 -0.0407292 0.997619 -0.055658 -2.34403 0.473115 0.0683194 0.878348 33.9161 
0.87809 0.0105146 -0.478379 -12.9696 -0.0424221 0.997532 -0.0559428 -2.42064 0.476611 0.0694167 0.87637 34.8323 
0.875743 0.00777892 -0.482714 -13.5419 -0.0405431 0.997523 -0.0574785 -2.4443 0.481071 0.0699072 0.87389 35.7281 
0.874958 0.0085285 -0.484123 -14.1045 -0.0419941 0.997414 -0.0583254 -2.48355 0.482374 0.0713627 0.873054 36.6151 
0.874355 0.00908443 -0.485202 -14.6792 -0.0420096 0.997488 -0.0570272 -2.55747 0.483465 0.0702452 0.872541 37.5382 
0.875481 0.01403 -0.483048 -15.2051 -0.0466265 0.997367 -0.055538 -2.62585 0.480997 0.0711454 0.873831 38.2985 
0.875562 0.0131023 -0.482927 -15.724 -0.0456492 0.997403 -0.0557028 -2.69333 0.480943 0.0708166 0.873887 39.173 
0.875551 0.0123229 -0.482969 -16.2358 -0.0444985 0.997482 -0.0552186 -2.78038 0.481072 0.0698381 0.873895 40.0254 
0.873693 0.00959575 -0.486383 -16.6617 -0.0411555 0.997679 -0.054245 -2.87668 0.484734 0.0674108 0.87206 40.9043 
0.873369 0.0107077 -0.486941 -17.3721 -0.0420466 0.997684 -0.0534753 -2.92979 0.48524 0.0671779 0.871797 41.8753 
0.871631 0.0107463 -0.490044 -17.9381 -0.0401281 0.997968 -0.0494904 -2.99511 0.488517 0.062802 0.870292 42.8209 
0.868668 0.0141846 -0.495192 -18.3872 -0.0427169 0.998012 -0.0463464 -3.0557 0.49355 0.0614128 0.867546 43.6579 
0.865106 0.015892 -0.501338 -18.9713 -0.0439708 0.998053 -0.0442383 -3.112 0.499659 0.0603151 0.86412 44.5534 
0.85944 0.00989475 -0.511142 -19.4478 -0.0394479 0.998115 -0.0470066 -3.15543 0.509713 0.0605628 0.85821 45.3902 
0.853291 0.00405397 -0.521419 -19.9973 -0.0350199 0.998158 -0.0495488 -3.22103 0.520257 0.0605396 0.851861 46.3209 
0.846547 0.00268146 -0.532307 -20.5564 -0.0342961 0.998184 -0.049514 -3.26493 0.531208 0.060172 0.845102 47.2026 
0.842619 0.006813 -0.538468 -21.2496 -0.036878 0.998303 -0.0450773 -3.32423 0.537246 0.0578406 0.84144 48.1155 
0.837745 0.012225 -0.545925 -21.8454 -0.0409474 0.998341 -0.0404794 -3.39596 0.544524 0.0562657 0.836856 48.9756 
0.833524 0.0117686 -0.552358 -22.4974 -0.0415056 0.998282 -0.0413637 -3.45454 0.550922 0.0574036 0.83258 49.9172 
0.829766 0.00896492 -0.55804 -23.1248 -0.040996 0.998149 -0.044923 -3.52058 0.556604 0.060153 0.828597 50.816 
0.82654 0.00644612 -0.562842 -23.7622 -0.0426078 0.997782 -0.0511427 -3.59474 0.561264 0.066253 0.824981 51.7153 
0.824689 0.00653511 -0.565549 -24.4441 -0.0446811 0.997561 -0.0536273 -3.63955 0.563819 0.0694952 0.822969 52.5697 
0.821829 0.00867688 -0.569669 -25.0005 -0.0444925 0.997808 -0.0489887 -3.71825 0.567995 0.0656064 0.820413 53.388 
0.81955 0.0143262 -0.572829 -25.6502 -0.0484632 0.997839 -0.0443812 -3.77053 0.570955 0.0641338 0.818473 54.2098 
0.816893 0.0155279 -0.576581 -26.2603 -0.0466742 0.998139 -0.0392465 -3.86516 0.574898 0.0589716 0.816097 55.0507 
0.813436 0.0170972 -0.581403 -26.8576 -0.0478021 0.998152 -0.0375271 -3.94287 0.579687 0.0583182 0.81275 55.829 
0.810382 0.0112754 -0.585793 -27.5497 -0.0427518 0.998288 -0.0399274 -3.99506 0.58434 0.0574002 0.809476 56.7446 
0.806142 0.0092914 -0.591649 -28.1952 -0.0410572 0.998345 -0.0402637 -4.08168 0.590296 0.0567498 0.80519 57.5929 
0.800551 0.00884538 -0.599199 -28.8221 -0.0414698 0.998312 -0.0406681 -4.13689 0.597828 0.0574056 0.799566 58.4804 
0.798533 0.00777572 -0.601901 -29.5116 -0.0416935 0.99823 -0.0424184 -4.15882 0.600506 0.0589679 0.797443 59.2705 
0.7931 0.00749633 -0.609045 -30.1554 -0.0418234 0.998234 -0.042176 -4.20573 0.607654 0.0589222 0.792013 60.1053 
0.788404 0.0055735 -0.615132 -30.8509 -0.0408345 0.998228 -0.0432924 -4.25829 0.613801 0.0592506 0.787234 60.9264 
0.78299 0.00330824 -0.622026 -31.5622 -0.0380962 0.998364 -0.0426447 -4.31869 0.620867 0.0570872 0.781835 61.7738 
0.77801 0.00146197 -0.62825 -32.2955 -0.0375347 0.998319 -0.044159 -4.36255 0.627129 0.0579374 0.776757 62.5723 
0.773265 0.00146248 -0.634081 -33.0897 -0.0392974 0.998186 -0.0456212 -4.41283 0.632864 0.0601951 0.77192 63.4332 
0.767829 0.00143943 -0.640654 -33.6681 -0.0409233 0.998065 -0.0468045 -4.50517 0.639347 0.0621556 0.766402 64.1821 
0.761398 -0.00315764 -0.648278 -34.4375 -0.0350297 0.998327 -0.0460048 -4.5503 0.647338 0.057737 0.760013 65.0318 
0.755026 -0.00224925 -0.655691 -35.0688 -0.0340966 0.998507 -0.0426874 -4.63518 0.654808 0.054587 0.753822 65.755 
0.749311 -0.00293945 -0.662212 -35.8179 -0.0326782 0.998608 -0.041409 -4.69954 0.661412 0.0526682 0.748172 66.5051 
0.743298 -0.00353312 -0.668951 -36.5487 -0.0327216 0.998597 -0.0416324 -4.77617 0.66816 0.0528345 0.74214 67.2899 
0.737679 -0.00333644 -0.675144 -37.3059 -0.0344748 0.998497 -0.0426025 -4.84651 0.674271 0.0547024 0.736455 68.0927 
0.730893 -0.00376267 -0.682482 -38.0358 -0.035911 0.998388 -0.0439627 -4.88714 0.681547 0.0566406 0.729579 68.8746 
0.725756 -0.00158649 -0.687951 -38.8079 -0.0376787 0.998405 -0.0420517 -4.95662 0.68692 0.0564404 0.724538 69.6842 
0.721069 -0.0024666 -0.692859 -39.5585 -0.0363953 0.998478 -0.0414318 -5.03143 0.691906 0.0550921 0.719882 70.4819 
0.715966 -0.00307029 -0.698128 -40.3197 -0.036604 0.99845 -0.0419304 -5.10447 0.697175 0.0555751 0.714744 71.2762 
0.710944 -0.00551637 -0.703227 -41.2319 -0.038367 0.998176 -0.0466181 -5.1317 0.702202 0.0601236 0.709435 72.1183 
0.706491 -0.00875088 -0.707668 -42.047 -0.0360724 0.998179 -0.0483557 -5.20141 0.706802 0.0596902 0.704888 72.8752 
0.702322 -0.00614568 -0.711833 -42.9264 -0.040142 0.99803 -0.0482223 -5.27803 0.710726 0.0624421 0.700692 73.6244 
0.697633 -0.00796517 -0.716411 -43.7831 -0.0374394 0.998167 -0.0475559 -5.32486 0.715476 0.0599986 0.696056 74.4521 
0.692921 -0.010185 -0.720942 -44.7082 -0.0326155 0.998434 -0.0454531 -5.3877 0.720276 0.0550093 0.691503 75.2277 
0.689666 -0.0118633 -0.724031 -45.8565 -0.0320628 0.998385 -0.0468996 -5.40869 0.723418 0.0555596 0.688171 76.0183 
0.684739 -0.0135806 -0.728662 -46.8132 -0.0309086 0.998386 -0.0476531 -5.4716 0.728133 0.0551519 0.683213 76.8676 
0.681479 -0.0153821 -0.731676 -47.7485 -0.0286072 0.998455 -0.0476352 -5.53116 0.731278 0.0533937 0.679986 77.6707 
0.678439 -0.0156437 -0.73449 -48.6303 -0.0283622 0.99847 -0.047464 -5.60353 0.734109 0.0530332 0.676957 78.4096 
0.674534 -0.0194442 -0.737987 -49.5018 -0.0233139 0.998593 -0.04762 -5.68158 0.737875 0.0493268 0.673132 79.191 
0.670772 -0.0248592 -0.741247 -50.4096 -0.0195064 0.998501 -0.0511386 -5.7488 0.741407 0.0487614 0.669282 79.9636 
0.6656 -0.0270669 -0.745818 -51.1256 -0.0161574 0.998585 -0.0506599 -5.8756 0.746134 0.0457698 0.664221 80.657 
0.659685 -0.0304507 -0.750925 -52.0288 -0.0124924 0.998597 -0.0514686 -5.92834 0.751439 0.043334 0.658378 81.4179 
0.652702 -0.0327251 -0.756908 -52.8507 -0.00833727 0.998696 -0.0503684 -6.05778 0.757569 0.0391861 0.651578 82.0349 
0.64542 -0.0316667 -0.763171 -53.7983 -0.00872453 0.998769 -0.048821 -6.13504 0.763778 0.0381684 0.644349 82.7684 
0.638025 -0.0278304 -0.769513 -54.617 -0.0135558 0.998786 -0.0473618 -6.18849 0.769897 0.0406494 0.636873 83.3672 
0.628064 -0.02658 -0.777708 -55.5633 -0.0124396 0.998946 -0.0441874 -6.30154 0.778062 0.037427 0.627071 84.1491 
0.617762 -0.0287998 -0.785838 -56.5959 -0.0127006 0.998833 -0.04659 -6.36003 0.786263 0.0387621 0.616675 84.9722 
0.610742 -0.0308004 -0.79123 -57.678 -0.0116347 0.998786 -0.0478608 -6.44101 0.791744 0.0384364 0.609643 85.6611 
0.601447 -0.0332049 -0.798222 -58.6988 -0.0111575 0.998689 -0.049951 -6.48369 0.798835 0.0389491 0.600289 86.3806 
0.59164 -0.0341313 -0.80548 -59.783 -0.00753764 0.998826 -0.0478607 -6.5695 0.806167 0.0343878 0.590688 87.1576 
0.582782 -0.0341724 -0.81191 -60.8157 -0.00624349 0.998898 -0.046524 -6.63799 0.812605 0.0321826 0.581926 87.8261 
0.573527 -0.03309 -0.818518 -61.8543 -0.0076965 0.998922 -0.0457761 -6.71084 0.81915 0.0325536 0.572654 88.4966 
0.56366 -0.0345973 -0.825282 -62.8834 -0.00868417 0.998819 -0.0478035 -6.77671 0.825962 0.0341119 0.562693 89.1733 
0.555963 -0.0316187 -0.830606 -63.9417 -0.0135968 0.998797 -0.0471222 -6.88728 0.831096 0.0374918 0.554864 89.7871 
0.546439 -0.0343503 -0.836794 -65.0657 -0.0113504 0.998763 -0.0484112 -6.94432 0.837422 0.0359518 0.545373 90.4543 
0.538102 -0.0319479 -0.842274 -66.0506 -0.0121597 0.998883 -0.0456566 -7.07677 0.842792 0.0348098 0.537112 90.9917 
0.530109 -0.0291755 -0.847428 -67.1167 -0.0149182 0.998932 -0.0437236 -7.14566 0.847799 0.0358204 0.529107 91.6244 
0.522374 -0.0278473 -0.852262 -68.2002 -0.0141149 0.999047 -0.0412948 -7.20811 0.8526 0.033601 0.521483 92.2441 
0.516265 -0.0268148 -0.856009 -69.1865 -0.0158027 0.999041 -0.0408261 -7.27978 0.856283 0.0346044 0.515346 92.73 
0.50852 -0.030823 -0.860498 -70.2552 -0.0117745 0.999017 -0.042743 -7.35432 0.86097 0.0318677 0.507657 93.3382 
0.501578 -0.0351328 -0.864399 -71.3907 -0.00840231 0.99893 -0.0454762 -7.41794 0.865072 0.0300729 0.500746 93.9751 
0.494838 -0.0357876 -0.868248 -72.4589 -0.010945 0.998816 -0.0474072 -7.49697 0.868916 0.0329619 0.49386 94.5595 
0.488918 -0.041378 -0.871348 -73.5899 -0.00483677 0.99873 -0.050141 -7.57624 0.872316 0.0287294 0.488097 95.2155 
0.483282 -0.043781 -0.874369 -74.7123 -1.97165e-05 0.998748 -0.0500198 -7.64095 0.875465 0.024191 0.482676 95.831 
0.478439 -0.0396202 -0.877227 -75.8376 0.000474028 0.998993 -0.0448613 -7.73545 0.878121 0.0210476 0.477976 96.4456 
0.473695 -0.0375728 -0.879887 -76.9292 0.00296768 0.999152 -0.041068 -7.80848 0.880684 0.0168425 0.473405 97.0343 
0.471386 -0.0378784 -0.881113 -78.0605 0.00562405 0.999186 -0.0399454 -7.86927 0.881909 0.0138743 0.471215 97.5717 
0.471393 -0.0375659 -0.881123 -79.1666 0.00343316 0.999163 -0.0407617 -7.92262 0.881917 0.0161898 0.471127 98.0757 
0.465769 -0.0410971 -0.883951 -80.1677 0.0119996 0.999122 -0.0401289 -7.95912 0.884825 0.00808375 0.465854 98.6575 
0.462237 -0.0396652 -0.885869 -81.1784 0.0147756 0.999205 -0.0370302 -8.05685 0.886633 0.0040276 0.462456 99.1426 
0.458421 -0.0383949 -0.887906 -82.2167 0.0145998 0.999257 -0.0356721 -8.15893 0.888615 0.0033896 0.458641 99.7074 
0.456123 -0.0410377 -0.88897 -83.382 0.0193601 0.999157 -0.0361907 -8.17992 0.889706 -0.000703115 0.456533 100.267 
0.453769 -0.0418546 -0.890136 -84.3992 0.0215313 0.99912 -0.036003 -8.20839 0.890859 -0.00282871 0.45427 100.779 
0.453603 -0.0411228 -0.890255 -85.5044 0.0227237 0.999144 -0.0345744 -8.28481 0.890914 -0.00454681 0.454149 101.258 
0.447733 -0.0437281 -0.893097 -86.4839 0.02637 0.999015 -0.0356941 -8.32317 0.893778 -0.00756946 0.448445 101.84 
0.446894 -0.044838 -0.893462 -87.5316 0.0298758 0.998934 -0.0351877 -8.41506 0.894088 -0.0109676 0.447757 102.314 
0.445986 -0.0460516 -0.893854 -88.6337 0.0295489 0.998889 -0.0367197 -8.47169 0.894552 -0.0100359 0.446851 102.846 
0.446028 -0.0458164 -0.893846 -89.621 0.0284815 0.99891 -0.0369895 -8.54742 0.894566 -0.00895968 0.446847 103.32 
0.448272 -0.0461278 -0.892706 -90.6654 0.0275814 0.998906 -0.0377654 -8.61544 0.893472 -0.00769291 0.449054 103.828 
0.450975 -0.0458989 -0.891356 -91.5821 0.0254063 0.998932 -0.0385842 -8.67093 0.892175 -0.00524551 0.45166 104.303 
0.453052 -0.0468364 -0.890253 -92.5397 0.0274964 0.998878 -0.0385582 -8.75049 0.89106 -0.00700985 0.453831 104.835 
0.459827 -0.047601 -0.886732 -93.4924 0.0272367 0.998849 -0.0394956 -8.80011 0.887591 -0.00599047 0.460594 105.302 
0.470188 -0.0468231 -0.881323 -94.6373 0.0283504 0.998878 -0.0379435 -8.86826 0.882111 -0.0071452 0.470988 105.776 
0.480372 -0.0495392 -0.875665 -95.698 0.0313761 0.998735 -0.0392894 -8.90511 0.876504 -0.00860141 0.481318 106.26 
0.489253 -0.0495707 -0.870732 -96.6833 0.0317112 0.998734 -0.0390398 -8.96216 0.871565 -0.00851161 0.490206 106.784 
0.499901 -0.0476099 -0.864773 -97.6581 0.0286042 0.998851 -0.0384562 -9.02476 0.86561 -0.00551178 0.500689 107.298 
0.511366 -0.046696 -0.858094 -98.6539 0.0271986 0.998902 -0.0381501 -9.10394 0.858933 -0.00383026 0.512074 107.843 
0.51964 -0.0468453 -0.8531 -99.5773 0.0243477 0.998902 -0.0400209 -9.17216 0.854038 2.55072e-05 0.52021 108.42 
0.531454 -0.0476742 -0.845744 -100.49 0.0244668 0.998862 -0.0409309 -9.23518 0.846734 0.00106031 0.532016 108.948 
0.543509 -0.0478697 -0.838037 -101.374 0.0238745 0.99885 -0.0415718 -9.28624 0.839063 0.00258702 0.544027 109.51 
0.558306 -0.0459712 -0.828361 -102.319 0.0207294 0.998925 -0.0414656 -9.31942 0.829376 0.00597906 0.558658 110.071 
0.569703 -0.0432027 -0.820715 -103.166 0.0192148 0.999045 -0.039252 -9.37811 0.821626 0.0065922 0.569988 110.614 
0.579249 -0.042897 -0.814022 -104.017 0.0207663 0.999067 -0.0378714 -9.45348 0.814886 0.00503276 0.579599 111.247 
0.588697 -0.0418211 -0.807272 -104.875 0.0194799 0.999105 -0.0375536 -9.53302 0.808119 0.00638212 0.588984 111.9 
0.600063 -0.0418609 -0.798857 -105.673 0.0174932 0.999078 -0.0392127 -9.56872 0.799761 0.00955557 0.600242 112.457 
0.610749 -0.0435662 -0.790625 -106.492 0.0191716 0.999006 -0.0402389 -9.63319 0.791592 0.0094184 0.610977 113.06 
0.621716 -0.0372743 -0.782355 -107.394 0.0122072 0.999207 -0.0379052 -9.70668 0.783148 0.014016 0.621678 113.73 
0.633906 -0.0353506 -0.772602 -108.238 0.0118008 0.999281 -0.03604 -9.77041 0.77332 0.0137287 0.633867 114.324 
0.643356 -0.0312152 -0.764931 -109.046 0.00950773 0.999417 -0.0327875 -9.83638 0.765508 0.0138214 0.643278 114.99 
0.651717 -0.030039 -0.757867 -109.788 0.00815273 0.999435 -0.032603 -9.89964 0.758419 0.0150693 0.651593 115.64 
0.66188 -0.0275496 -0.749103 -110.545 0.00340107 0.999425 -0.0337505 -9.96115 0.749602 0.0197911 0.661593 116.266 
0.671778 -0.0286616 -0.740198 -111.193 0.00424638 0.999384 -0.0348439 -9.99162 0.74074 0.0202642 0.671486 116.736 
0.680237 -0.0292455 -0.732409 -111.913 0.0042098 0.999343 -0.0359945 -10.0363 0.732981 0.0214015 0.679913 117.353 
0.685448 -0.0274093 -0.727605 -112.593 0.00422706 0.999424 -0.0336667 -10.0976 0.728109 0.0200012 0.68517 118.143 
0.6941 -0.0252282 -0.719436 -113.267 0.00463281 0.999522 -0.0305802 -10.1537 0.719863 0.0178927 0.693885 118.777 
0.701499 -0.0243761 -0.712253 -113.939 0.00439774 0.999544 -0.029877 -10.2008 0.712657 0.0178265 0.701286 119.428 
0.70884 -0.0240644 -0.704959 -114.629 0.00439284 0.999549 -0.0297036 -10.2483 0.705356 0.0179583 0.708626 120.107 
0.717268 -0.0234823 -0.696401 -115.323 0.00345052 0.999539 -0.0301502 -10.2784 0.696789 0.0192229 0.717019 120.752 
0.724365 -0.0203258 -0.689118 -115.973 0.00191613 0.999621 -0.0274702 -10.3239 0.689415 0.018578 0.724129 121.404 
0.732304 -0.0199281 -0.680686 -116.585 0.00396351 0.99968 -0.025003 -10.3748 0.680966 0.0156119 0.732149 122.042 
0.736956 -0.0185038 -0.675687 -117.21 0.00581183 0.999762 -0.0210398 -10.4549 0.675915 0.0115785 0.736888 122.773 
0.743715 -0.0179974 -0.668255 -117.807 0.0055699 0.99977 -0.0207269 -10.494 0.668474 0.0116928 0.743644 123.447 
0.751701 -0.0149964 -0.659334 -118.422 0.00230375 0.999795 -0.0201137 -10.5046 0.659501 0.0136006 0.751581 124.108 
0.760083 -0.0119772 -0.649716 -119.001 0.00100853 0.999851 -0.017252 -10.5287 0.649826 0.0124577 0.759981 124.765 
0.769657 -0.00960568 -0.638385 -119.531 -0.00109965 0.999865 -0.0163706 -10.5177 0.638456 0.0133018 0.769543 125.381 
0.77887 -0.00566329 -0.62716 -120.073 -0.0051642 0.999867 -0.0154423 -10.547 0.627164 0.0152664 0.778738 126.035 
0.788809 -0.00617122 -0.614607 -120.656 -0.00513265 0.999849 -0.0166269 -10.5527 0.614616 0.01627 0.788658 126.69 
0.797897 -0.0102447 -0.602707 -121.213 -0.00168439 0.999814 -0.0192246 -10.5601 0.602792 0.0163545 0.797731 127.391 
0.805684 -0.00860991 -0.592283 -121.42 -0.00242177 0.999838 -0.0178288 -10.6302 0.592341 0.0157988 0.805533 127.904 
0.81515 -0.00725071 -0.579205 -121.844 -0.003619 0.999838 -0.0176096 -10.6023 0.579239 0.0164507 0.814992 128.458 
0.825092 -0.00551478 -0.564972 -122.326 -0.00399334 0.999871 -0.0155919 -10.5951 0.564985 0.0151209 0.824963 129.103 
0.833132 -0.00577963 -0.553044 -122.716 -0.0023434 0.9999 -0.0139798 -10.6148 0.553069 0.012943 0.833035 129.777 
0.84204 -0.00264999 -0.539408 -123.176 -0.00343839 0.999941 -0.01028 -10.6482 0.539403 0.0105109 0.841982 130.501 
0.848873 -0.00226132 -0.528592 -123.599 -0.00267962 0.99996 -0.00858113 -10.6621 0.52859 0.00870077 0.848833 131.241 
0.855486 -0.00390535 -0.517811 -124.036 0.000121869 0.999973 -0.00734054 -10.6752 0.517826 0.00621668 0.855463 131.979 
0.862174 -0.00396603 -0.506597 -124.47 0.000432008 0.999975 -0.0070934 -10.689 0.506612 0.00589694 0.862154 132.636 
0.868583 -0.0037914 -0.49553 -124.908 -0.000407764 0.999965 -0.00836573 -10.6824 0.495544 0.00746844 0.868551 133.375 
0.87494 -0.00194677 -0.484227 -125.327 -0.00201935 0.999969 -0.00766903 -10.6985 0.484227 0.00768782 0.874909 134.107 
0.880876 -0.00294444 -0.473338 -125.745 -0.00120344 0.999964 -0.00846 -10.6902 0.473345 0.00802189 0.88084 134.859 
0.886571 -0.00433805 -0.462573 -126.133 0.000633761 0.999967 -0.00816316 -10.6962 0.462593 0.0069441 0.886544 135.572 
0.890921 -0.00600336 -0.454119 -126.509 0.00186907 0.999953 -0.00955236 -10.7082 0.454155 0.00766166 0.89089 136.323 
0.894585 -0.00706106 -0.446842 -126.892 0.00315893 0.99995 -0.00947719 -10.7319 0.446887 0.00706666 0.894563 137.084 
0.898099 -0.00835609 -0.439714 -127.26 0.00423307 0.999937 -0.0103565 -10.6933 0.439773 0.00743985 0.898078 137.811 
0.901285 -0.00863498 -0.43314 -127.651 0.00609676 0.999955 -0.00724871 -10.7027 0.433183 0.00389245 0.901298 138.586 
0.904741 -0.00574922 -0.425924 -128.07 0.00481074 0.999983 -0.00327917 -10.7053 0.425936 0.000917839 0.904753 139.397 
0.907915 -0.00349541 -0.419139 -128.511 0.0036338 0.999993 -0.000468202 -10.6873 0.419138 -0.00109793 0.907922 140.274 
0.91065 0.00236024 -0.413171 -128.799 -0.00152756 0.999996 0.00234556 -10.7325 0.413175 -0.00150479 0.910651 140.995 
0.914011 0.00377647 -0.405672 -129.205 -0.00222578 0.999988 0.00429414 -10.7259 0.405683 -0.0030219 0.914009 141.851 
0.917151 0.00661386 -0.398485 -129.53 -0.00357527 0.999959 0.00836793 -10.765 0.398524 -0.00624991 0.917137 142.641 
0.920743 0.00701852 -0.390107 -129.959 -0.00409946 0.999957 0.00831475 -10.729 0.390148 -0.00605647 0.920732 143.507 
0.923475 0.00665104 -0.383602 -130.265 -0.0034572 0.999953 0.00901472 -10.725 0.383644 -0.00699863 0.923455 144.397 
0.926086 0.00618881 -0.377262 -130.453 -0.00293023 0.999953 0.0092107 -10.7275 0.377301 -0.00742438 0.926061 145.172 
0.930338 0.00413676 -0.366681 -130.84 -0.00108117 0.999963 0.008538 -10.7184 0.366702 -0.00754673 0.930308 146.053 
0.933684 0.00098062 -0.358097 -131.15 0.0015938 0.999975 0.00689384 -10.701 0.358095 -0.00700735 0.933659 146.976 
0.938202 -0.000801913 -0.346087 -131.546 0.00256121 0.999986 0.004626 -10.673 0.346079 -0.00522648 0.938191 147.921 
0.942976 -0.00143249 -0.332858 -131.883 0.00274563 0.99999 0.00347463 -10.6415 0.33285 -0.00419035 0.942971 148.852 
0.948357 0.00108771 -0.317202 -132.135 0.000463381 0.999988 0.00481431 -10.6631 0.317203 -0.00471262 0.948346 149.75 
0.954677 0.00252942 -0.297633 -132.496 -0.000766537 0.999982 0.00603946 -10.6215 0.297642 -0.00553754 0.954661 150.733 
0.960461 0.00674433 -0.278334 -132.749 -0.00451851 0.999953 0.00863754 -10.6355 0.278379 -0.00703831 0.960446 151.679 
0.966142 0.00692525 -0.257917 -133.012 -0.00476003 0.999948 0.00901836 -10.6116 0.257966 -0.00748528 0.966125 152.661 
0.971797 0.00734955 -0.235703 -133.277 -0.00541168 0.999946 0.00886738 -10.5516 0.235755 -0.0073417 0.971785 153.308 
0.976712 0.00867983 -0.214378 -133.504 -0.00624945 0.999908 0.0120119 -10.5661 0.214462 -0.0103924 0.976677 154.258 
0.981051 0.00890762 -0.193543 -133.585 -0.00616243 0.999872 0.0147811 -10.5599 0.19365 -0.0133082 0.98098 155.146 
0.985354 0.0113311 -0.170143 -133.808 -0.00807996 0.999772 0.0197886 -10.5775 0.170328 -0.018124 0.985221 156.207 
0.989049 0.0148891 -0.146838 -134.004 -0.0116582 0.999671 0.022839 -10.5747 0.14713 -0.020877 0.988897 157.356 
0.991893 0.0147372 -0.126218 -134.065 -0.0120008 0.999677 0.0224127 -10.5633 0.126508 -0.0207163 0.991749 158.399 
0.99436 0.0137353 -0.105168 -134.132 -0.0116493 0.999724 0.0204235 -10.5863 0.105419 -0.0190832 0.994245 159.367 
0.996335 0.0156632 -0.084094 -134.225 -0.0139888 0.999693 0.0204628 -10.5727 0.0843886 -0.0192113 0.996248 160.366 
0.997876 0.0135344 -0.063719 -134.326 -0.0120766 0.999658 0.023207 -10.6218 0.0640113 -0.0223882 0.997698 161.368 
0.998888 0.0146224 -0.0448261 -134.33 -0.0134462 0.99956 0.0264303 -10.6545 0.0451928 -0.0257981 0.998645 162.451 
0.999595 0.0150355 -0.0241779 -134.373 -0.0144131 0.999565 0.0257135 -10.6192 0.024554 -0.0253546 0.999377 163.628 
0.999861 0.0160203 -0.00453199 -134.358 -0.0158904 0.999499 0.0273599 -10.6352 0.00496799 -0.0272841 0.999615 164.679 
0.999734 0.0160571 0.0165606 -134.325 -0.0165068 0.999489 0.0273846 -10.6028 -0.0161125 -0.0276506 0.999488 165.965 
0.999257 0.0165659 0.0347973 -134.24 -0.0175165 0.999477 0.0271942 -10.6208 -0.0343286 -0.0277835 0.999024 167.021 
0.998316 0.0180485 0.0551319 -134.186 -0.0195211 0.999464 0.0262904 -10.5963 -0.0546279 -0.0273223 0.998133 168.231 
0.997108 0.0168369 0.0741139 -134.089 -0.0186464 0.999543 0.0237918 -10.5889 -0.0736795 -0.0251049 0.996966 169.55 
0.995502 0.0199377 0.092621 -133.985 -0.0221489 0.999492 0.0229072 -10.6104 -0.0921173 -0.0248556 0.995438 170.771 
0.993786 0.0199217 0.109508 -133.753 -0.022497 0.999498 0.0223316 -10.7008 -0.109008 -0.0246564 0.993735 171.808 
0.991592 0.0177619 0.128183 -133.612 -0.0204082 0.999604 0.0193615 -10.6791 -0.127788 -0.0218147 0.991562 173.221 
0.989018 0.0195831 0.146491 -133.469 -0.0220484 0.999641 0.0152245 -10.7226 -0.146141 -0.0182871 0.989095 174.472 
0.986162 0.0212524 0.164415 -133.316 -0.0231033 0.999689 0.00935314 -10.7648 -0.164165 -0.0130222 0.986347 175.6 
0.983035 0.0235549 0.181901 -133.139 -0.0248672 0.999679 0.0049368 -10.7882 -0.181726 -0.00937637 0.983305 176.722 
0.979806 0.0251783 0.198359 -132.812 -0.0259796 0.999661 0.00143782 -10.8567 -0.198256 -0.00656204 0.980128 177.816 
0.975923 0.0273936 0.216389 -132.566 -0.0277606 0.999614 -0.00134359 -10.8776 -0.216342 -0.00469583 0.976306 179.032 
0.972016 0.0265653 0.233409 -132.243 -0.0271215 0.999632 -0.00082672 -10.9124 -0.233345 -0.00552678 0.972378 180.365 
0.967785 0.0267209 0.250357 -131.922 -0.0274566 0.999623 -0.000554042 -10.9782 -0.250277 -0.00633772 0.968154 181.643 
0.963504 0.0266624 0.266363 -131.541 -0.0261638 0.999643 -0.0054207 -11.0093 -0.266412 -0.00174616 0.963858 182.928 
0.958751 0.0280989 0.282853 -131.153 -0.0263757 0.999603 -0.00989911 -11.0199 -0.283019 0.00203038 0.959112 184.268 
0.953592 0.0297457 0.299629 -130.809 -0.0282853 0.999557 -0.00921086 -11.0911 -0.299771 0.000308324 0.954011 185.457 
0.948225 0.0317373 0.316009 -130.408 -0.0305542 0.999495 -0.00869915 -11.1577 -0.316125 -0.00140659 0.948716 186.625 
0.941998 0.0350447 0.333785 -129.991 -0.0330216 0.999386 -0.0117348 -11.2033 -0.333991 3.2062e-05 0.942576 187.958 
0.935604 0.0361744 0.351193 -129.597 -0.0329558 0.999342 -0.0151398 -11.2519 -0.35151 0.00259102 0.936181 189.162 
0.929019 0.037237 0.368155 -129.114 -0.0330999 0.999298 -0.017548 -11.2513 -0.36855 0.00411659 0.929599 190.48 
0.921387 0.0380884 0.386776 -128.682 -0.0319542 0.999241 -0.0222797 -11.3115 -0.387332 0.00816907 0.921904 191.747 
0.912978 0.0416359 0.405878 -128.127 -0.0333306 0.999066 -0.0275126 -11.4068 -0.406644 0.0115902 0.913513 193.121 
0.903802 0.0446479 0.425615 -127.461 -0.0343088 0.998901 -0.0319314 -11.4307 -0.426573 0.0142573 0.904341 194.511 
0.891383 0.04825 0.450676 -126.922 -0.036909 0.998743 -0.0339251 -11.4574 -0.451746 0.0136062 0.892043 195.974 
0.877505 0.054147 0.476502 -126.286 -0.0421773 0.998469 -0.0357886 -11.5764 -0.47771 0.0113071 0.878445 197.244 
0.862486 0.0571355 0.502846 -125.641 -0.0430448 0.998288 -0.0395989 -11.6572 -0.504248 0.0125085 0.863469 198.656 
0.847599 0.0601194 0.527221 -124.927 -0.0446151 0.998117 -0.0420894 -11.7545 -0.528759 0.0121529 0.848685 199.868 
0.832332 0.0607239 0.550941 -124.158 -0.0436594 0.998075 -0.0440479 -11.8612 -0.552555 0.0126087 0.833381 201.097 
0.816469 0.06249 0.573998 -123.369 -0.0441288 0.997972 -0.0458773 -11.9694 -0.5757 0.0121276 0.817571 202.422 
0.800678 0.0639265 0.595675 -122.477 -0.0429128 0.997856 -0.0494063 -12.1037 -0.597556 0.0139965 0.801705 203.645 
0.786242 0.0640018 0.614595 -121.59 -0.0379564 0.997746 -0.0553446 -12.1637 -0.616752 0.0201864 0.786899 204.702 
0.770015 0.0662668 0.634576 -120.712 -0.0376013 0.997576 -0.0585472 -12.2623 -0.636917 0.0212214 0.77064 205.844 
0.752485 0.0686776 0.655018 -119.75 -0.037685 0.997409 -0.061284 -12.4033 -0.65753 0.021431 0.753124 207.067 
0.737787 0.0690427 0.671493 -118.733 -0.0362739 0.997373 -0.0626945 -12.5274 -0.674058 0.0218976 0.738354 208.174 
0.722535 0.0694777 0.687834 -117.753 -0.0359978 0.997369 -0.0629296 -12.7042 -0.690396 0.0207084 0.723135 209.222 
0.705953 0.0700659 0.704785 -116.739 -0.0332698 0.997277 -0.0658189 -12.8202 -0.707477 0.023017 0.706362 210.367 
0.691355 0.0716846 0.718951 -115.565 -0.0321341 0.997132 -0.0685205 -12.99 -0.721801 0.0242691 0.691676 211.453 
0.677209 0.0735571 0.732105 -114.491 -0.0306918 0.996948 -0.0717764 -13.1619 -0.73515 0.026138 0.6774 212.441 
0.662046 0.0747632 0.745725 -113.372 -0.0297381 0.996849 -0.0735387 -13.3122 -0.748873 0.0265095 0.662183 213.498 
0.647598 0.0736304 0.758416 -112.331 -0.0270585 0.996915 -0.0736801 -13.462 -0.761501 0.0271935 0.647593 214.396 
0.630893 0.0760617 0.772132 -111.198 -0.0303184 0.99684 -0.0734247 -13.6097 -0.775277 0.0229134 0.631206 215.363 
0.613356 0.0765921 0.786084 -109.966 -0.0310818 0.996857 -0.0728765 -13.703 -0.789195 0.0202663 0.613808 216.433 
0.594557 0.0780287 0.800259 -108.776 -0.0348488 0.996846 -0.0713056 -13.865 -0.803298 0.0145072 0.595401 217.439 
0.575708 0.08041 0.813692 -107.539 -0.0377489 0.996705 -0.0717872 -13.9861 -0.816784 0.0106125 0.576847 218.429 
0.558178 0.0832335 0.825536 -106.236 -0.0380017 0.996476 -0.0747737 -14.1277 -0.828851 0.0103653 0.559374 219.334 
0.53877 0.0866283 0.837987 -104.948 -0.0407248 0.996214 -0.0768019 -14.2843 -0.841468 0.0072517 0.540258 220.271 
0.5172 0.0858634 0.851547 -103.634 -0.0396827 0.996291 -0.0763563 -14.4151 -0.854944 0.00569985 0.518689 221.348 
0.496774 0.0854266 0.863665 -102.422 -0.0413684 0.996344 -0.0747552 -14.5359 -0.866893 0.00140806 0.498492 222.096 
0.476571 0.0819784 0.875306 -101.078 -0.040069 0.996634 -0.0715256 -14.7194 -0.878223 -0.000985622 0.478251 222.868 
0.454865 0.0807784 0.88689 -99.8113 -0.0397467 0.996727 -0.0703973 -14.8438 -0.889673 -0.00322969 0.456586 223.563 
0.434302 0.0798014 0.897226 -98.5517 -0.0393584 0.996798 -0.0696061 -14.9676 -0.899907 -0.00508333 0.436052 224.211 
0.413938 0.0775752 0.906994 -97.3633 -0.0363931 0.996976 -0.0686621 -15.1564 -0.909577 -0.00458646 0.41551 224.72 
0.392103 0.0762574 0.916755 -96.1037 -0.0334665 0.997081 -0.0686251 -15.2845 -0.919312 -0.00377243 0.393511 225.413 
0.371956 0.0769176 0.925058 -94.8324 -0.033044 0.997027 -0.069615 -15.4209 -0.927662 -0.00467391 0.373392 225.87 
0.351132 0.0757559 0.933256 -93.4832 -0.0297801 0.997121 -0.0697354 -15.5796 -0.935852 -0.00330611 0.352377 226.438 
0.329149 0.0736908 0.941398 -92.3231 -0.0298451 0.997264 -0.0676289 -15.7033 -0.943806 -0.00583613 0.330448 226.9 
0.307971 0.0726312 0.948619 -91.0174 -0.0278561 0.997343 -0.0673181 -15.8212 -0.950988 -0.00569277 0.309176 227.404 
0.28846 0.0771812 0.954376 -89.6899 -0.0286659 0.996995 -0.0719635 -15.9737 -0.957063 -0.00659943 0.289806 227.83 
0.267724 0.0873526 0.959528 -88.3486 -0.031052 0.996147 -0.0820222 -16.1006 -0.962995 -0.00783592 0.269405 228.273 
0.246806 0.0931916 0.964574 -87.1602 -0.0327529 0.995599 -0.0878085 -16.288 -0.968511 -0.00992097 0.248772 228.65 
0.227215 0.0975498 0.968947 -85.8831 -0.0352544 0.995142 -0.09192 -16.4076 -0.973206 -0.013274 0.22955 228.997 
0.20762 0.0985471 0.973233 -84.6398 -0.0406156 0.994923 -0.0920788 -16.5881 -0.977366 -0.0204111 0.210568 229.28 
0.188046 0.0979176 0.977267 -83.3735 -0.0425711 0.994895 -0.0914923 -16.7199 -0.981237 -0.0243986 0.191254 229.58 
0.168433 0.0982214 0.980807 -82.0754 -0.0436294 0.994791 -0.0921293 -16.8582 -0.984747 -0.0272744 0.171841 229.862 
0.149362 0.0960761 0.984104 -80.8866 -0.0455053 0.994882 -0.0902217 -17.011 -0.987735 -0.0313062 0.15297 230.062 
0.129288 0.0956019 0.986988 -79.6433 -0.046796 0.994821 -0.0902306 -17.1713 -0.990502 -0.0345213 0.133093 230.285 
0.110168 0.0974291 0.989126 -78.2709 -0.0451467 0.994647 -0.0929444 -17.2761 -0.992887 -0.0344162 0.113977 230.534 
0.0904373 0.0999592 0.990873 -77.0108 -0.048491 0.994212 -0.0958702 -17.4343 -0.994721 -0.0393782 0.094761 230.711 
0.0722315 0.101312 0.992229 -75.7614 -0.0483056 0.994016 -0.0979776 -17.5958 -0.996217 -0.0408531 0.0766931 230.847 
0.0543082 0.098203 0.993683 -74.5396 -0.0486127 0.994232 -0.0956004 -17.7241 -0.99734 -0.0431137 0.0587689 230.966 
0.039972 0.0933056 0.994835 -73.3392 -0.0476194 0.994677 -0.0913774 -17.8646 -0.998065 -0.0437209 0.0442024 231.009 
0.0254149 0.0880046 0.995796 -72.1449 -0.0456959 0.995179 -0.0867837 -18.0384 -0.998632 -0.0432981 0.0293138 231.081 
0.0134927 0.0858709 0.996215 -71.0272 -0.0436372 0.995407 -0.0852102 -18.1181 -0.998956 -0.0423223 0.0171779 231.108 
0.00316935 0.0856596 0.996319 -69.841 -0.0435708 0.99539 -0.085441 -18.2556 -0.999045 -0.0431397 0.006887 231.141 
-0.00644103 0.0867148 0.996212 -68.7446 -0.0422902 0.995318 -0.0869103 -18.3933 -0.999085 -0.0426898 -0.00274369 231.213 
-0.0136281 0.0878265 0.996043 -67.6131 -0.0435204 0.995139 -0.0883422 -18.5257 -0.99896 -0.0445521 -0.00973964 231.227 
-0.0190971 0.0916419 0.995609 -66.4952 -0.0447612 0.994714 -0.092418 -18.6551 -0.998815 -0.0463296 -0.0148941 231.226 
-0.0264133 0.100896 0.994546 -65.4224 -0.0427183 0.993871 -0.101962 -18.7655 -0.998738 -0.0451784 -0.0219413 231.28 
-0.0321884 0.103295 0.99413 -64.3456 -0.0455368 0.993461 -0.1047 -18.8782 -0.998444 -0.0486396 -0.0272742 231.303 
-0.0364557 0.0949928 0.99481 -63.2436 -0.0448984 0.994311 -0.0965904 -19.008 -0.998326 -0.0481867 -0.0319833 231.289 
-0.0382562 0.08527 0.995623 -62.1831 -0.0436646 0.995258 -0.0869165 -19.1222 -0.998314 -0.0467986 -0.0343515 231.271 
-0.0408797 0.0820172 0.995792 -61.1259 -0.0430755 0.995554 -0.0837659 -19.2261 -0.998235 -0.0463185 -0.037165 231.272 
-0.0416116 0.0826717 0.995708 -60.0401 -0.0436912 0.995467 -0.0844775 -19.3591 -0.998178 -0.0470189 -0.0378109 231.274 
-0.0415935 0.0854191 0.995477 -58.9893 -0.0432826 0.995249 -0.0872081 -19.4722 -0.998197 -0.0467141 -0.0376987 231.26 
-0.0399506 0.0890362 0.995227 -57.9591 -0.0441088 0.994894 -0.090777 -19.5511 -0.998228 -0.0475248 -0.0358193 231.241 
-0.0380255 0.0898231 0.995232 -56.9109 -0.0461544 0.994731 -0.0915413 -19.6563 -0.99821 -0.0494152 -0.0336794 231.238 
-0.0359469 0.0909576 0.995206 -55.9018 -0.04736 0.994575 -0.0926106 -19.7655 -0.998231 -0.050462 -0.0314442 231.263 
-0.0331391 0.0924731 0.995164 -54.8982 -0.0502756 0.994296 -0.0940666 -19.8554 -0.998185 -0.0531497 -0.0283009 231.267 
-0.029689 0.0942577 0.995105 -53.9207 -0.0525595 0.994019 -0.0957229 -19.9514 -0.998176 -0.0551442 -0.0245573 231.291 
-0.0238141 0.0944623 0.995244 -52.9257 -0.0551222 0.993887 -0.0956525 -20.043 -0.998196 -0.0571379 -0.0184616 231.292 
-0.0164652 0.092256 0.995599 -51.9346 -0.0505242 0.994385 -0.092979 -20.155 -0.998587 -0.0518328 -0.0117116 231.289 
-0.0105159 0.0920562 0.995698 -50.916 -0.0482476 0.994547 -0.0924592 -20.2673 -0.99878 -0.0490124 -0.00601711 231.334 
-0.0032812 0.0933513 0.995628 -49.9668 -0.0470306 0.994517 -0.0934022 -20.3676 -0.998888 -0.0471314 0.00112716 231.348 
0.00264979 0.0936389 0.995603 -48.9677 -0.0470894 0.994513 -0.0934111 -20.4636 -0.998887 -0.0466349 0.00704466 231.38 
0.00919707 0.0916212 0.995752 -47.9871 -0.0473064 0.994719 -0.0910892 -20.5891 -0.998838 -0.0462677 0.0134828 231.424 
0.0168147 0.088199 0.995961 -47.0068 -0.0457052 0.995128 -0.0873536 -20.6996 -0.998813 -0.0440517 0.0207639 231.441 
0.0222512 0.0864208 0.99601 -45.963 -0.0440237 0.995375 -0.0853822 -20.7996 -0.998783 -0.0419482 0.0259529 231.499 
0.025237 0.0870343 0.995886 -45.0455 -0.0447575 0.995302 -0.0858491 -20.8867 -0.998679 -0.0424068 0.0290139 231.616 
0.0316498 0.0905988 0.995384 -44.0896 -0.0466323 0.994933 -0.0890749 -20.9759 -0.998411 -0.0435979 0.0357143 231.667 
0.0373226 0.0925211 0.995011 -43.0828 -0.0474532 0.994746 -0.0907164 -21.0731 -0.998176 -0.0438307 0.0415169 231.748 
0.0417087 0.094889 0.994614 -42.0857 -0.0494713 0.994455 -0.0927992 -21.1817 -0.997904 -0.0453343 0.0461717 231.883 
0.0466212 0.0953432 0.994352 -41.1226 -0.0522356 0.994305 -0.0928896 -21.2894 -0.997546 -0.04761 0.051336 231.988 
0.05102 0.0954119 0.99413 -40.1766 -0.0555029 0.994158 -0.0925662 -21.3881 -0.997154 -0.0504543 0.0560176 232.103 
0.0558334 0.0928551 0.994113 -39.2113 -0.054845 0.994448 -0.0898061 -21.4779 -0.996933 -0.0495079 0.0606161 232.217 
0.0597427 0.0918974 0.993975 -38.215 -0.0560689 0.99449 -0.088575 -21.5764 -0.996638 -0.0504394 0.0645661 232.339 
0.0667788 0.0917015 0.993545 -37.2252 -0.0550185 0.994591 -0.0881001 -21.6747 -0.99625 -0.0487802 0.0714628 232.419 
0.073561 0.0914991 0.993084 -36.2484 -0.0527239 0.994747 -0.0877468 -21.7825 -0.995896 -0.0459045 0.0779987 232.53 
