1 2.12261e-08 -2.11895e-08 0 2.12261e-08 1 2.10703e-08 0 -2.11895e-08 2.10703e-08 1 0 
0.999891 0.000509499 0.0147888 0.0390589 -0.000507364 1 -0.000145239 -0.0124401 -0.0147889 0.000137762 0.999891 0.137153 
0.999325 0.00127502 0.0367148 0.0123494 -0.00130157 0.999999 0.000700443 -0.000173613 -0.0367139 -0.000747715 0.999326 0.317667 
0.997882 0.00303951 0.0649774 0.0204449 -0.00312497 0.999994 0.00121432 0.0189619 -0.0649734 -0.00141476 0.997886 0.480487 
0.995 0.00303484 0.099833 0.0511995 -0.00340319 0.999988 0.00352003 0.0118097 -0.0998212 -0.00384214 0.994998 0.636869 
0.990512 -0.00057317 0.137425 0.111429 -0.000314473 0.999979 0.00643766 0.0103276 -0.137425 -0.00641976 0.990491 0.789846 
0.984171 -0.00267713 0.1772 0.197984 0.00159574 0.999979 0.00624516 0.00969142 -0.177213 -0.00586351 0.984155 0.933173 
0.975401 -0.00234967 0.220427 0.284215 0.000394421 0.99996 0.00891409 -0.000844781 -0.220439 -0.00860783 0.975363 1.09551 
0.962946 -0.00279091 0.269678 0.237185 -0.00018269 0.99994 0.0110009 0.0237725 -0.269693 -0.0106425 0.962888 1.16859 
0.948469 -0.00752282 0.316781 0.371597 0.00162594 0.999821 0.0188754 -0.00932032 -0.316867 -0.0173876 0.948311 1.36014 
0.931325 -0.0188651 0.363701 0.446623 0.00953963 0.999579 0.0274201 -0.0430391 -0.364065 -0.0220674 0.931112 1.48028 
0.909856 -0.02559 0.414134 0.538387 0.0135346 0.999396 0.0320187 -0.0642917 -0.414704 -0.0235272 0.909652 1.6139 
0.883902 -0.0257912 0.466961 0.648399 0.0100732 0.999297 0.0361259 -0.0670577 -0.467565 -0.0272279 0.883539 1.79574 
0.855492 -0.0280246 0.517056 0.823064 0.00811034 0.999137 0.0407348 -0.0736464 -0.517752 -0.0306548 0.854981 1.98127 
0.822469 -0.0349439 0.567735 0.93452 0.01097 0.9989 0.04559 -0.0821165 -0.568704 -0.0312683 0.821948 2.12217 
0.785534 -0.0387894 0.617602 1.07604 0.0114881 0.998776 0.0481179 -0.0556818 -0.618713 -0.0307031 0.785017 2.30194 
0.745802 -0.0453711 0.66462 1.19405 0.0143705 0.998542 0.0520409 -0.0641383 -0.666012 -0.0292613 0.745367 2.45789 
0.705111 -0.0464251 0.707576 1.41825 0.013251 0.998543 0.0523112 -0.0327023 -0.708974 -0.027509 0.704698 2.63298 
0.662025 -0.0479284 0.747948 1.66978 0.0116966 0.998492 0.0536304 -0.0204068 -0.749391 -0.0267561 0.661587 2.83497 
0.621487 -0.0464939 0.782044 1.98695 0.00487083 0.998447 0.0554887 0.00529579 -0.78341 -0.0306763 0.620748 2.95205 
0.579371 -0.0484979 0.81362 2.30567 0.00278105 0.99834 0.0575283 -0.00699071 -0.815059 -0.0310675 0.578544 3.14373 
0.538376 -0.0490825 0.841274 2.61044 0.00224835 0.998383 0.0568099 0.0382319 -0.842702 -0.0286936 0.537615 3.31721 
0.498434 -0.0507689 0.86544 3.00081 -0.000160602 0.998278 0.0586541 0.0664885 -0.866928 -0.0293742 0.497568 3.55367 
0.460614 -0.0494476 0.886222 3.39639 -0.000492159 0.998433 0.0559643 0.125489 -0.887601 -0.0262141 0.459868 3.74485 
0.424397 -0.0473893 0.904235 3.83454 -0.00256005 0.998563 0.0535344 0.177476 -0.905473 -0.0250347 0.423666 3.93711 
0.388631 -0.0479989 0.920143 4.28958 -0.000304136 0.998635 0.052222 0.159074 -0.921394 -0.0205749 0.388086 4.15474 
0.359099 -0.0447904 0.932224 4.78802 0.000940315 0.998865 0.0476301 0.209336 -0.933299 -0.0162273 0.358733 4.31384 
0.333072 -0.043398 0.941902 5.31194 0.000555711 0.998949 0.0458299 0.233033 -0.942901 -0.0147412 0.332746 4.49921 
0.312257 -0.0430316 0.949022 5.87068 0.0023917 0.999006 0.0445111 0.23949 -0.949995 -0.0116292 0.31205 4.68871 
0.297521 -0.0431349 0.95374 6.44111 0.0039176 0.999026 0.043961 0.276643 -0.954707 -0.00934291 0.2974 4.88252 
0.286839 -0.0449484 0.956924 7.06149 0.00487932 0.998954 0.0454601 0.27758 -0.957966 -0.00837059 0.286758 5.04063 
0.275058 -0.0469252 0.960282 7.7011 0.00184517 0.998832 0.0482805 0.302023 -0.961426 -0.0115081 0.274824 5.24934 
0.264213 -0.0481002 0.963264 8.37389 0.000370349 0.998761 0.0497712 0.34178 -0.964464 -0.0127934 0.263903 5.44511 
0.255035 -0.0503832 0.965618 9.0439 -0.000686547 0.998632 0.0522872 0.364108 -0.966931 -0.013998 0.254652 5.60221 
0.244339 -0.0527526 0.968254 9.73705 -0.00101088 0.998505 0.0546559 0.381878 -0.969689 -0.0143333 0.24392 5.80076 
0.234746 -0.053979 0.970557 10.4595 -0.00171301 0.998432 0.0559437 0.415217 -0.972055 -0.0147951 0.234286 5.97567 
0.22473 -0.0559148 0.972816 11.2189 -0.000967295 0.998339 0.0576053 0.440316 -0.974421 -0.0138866 0.224302 6.14772 
0.213269 -0.0572188 0.975317 12.0112 -0.00143062 0.998264 0.0588779 0.512926 -0.976993 -0.0139521 0.212817 6.36419 
0.201955 -0.0611953 0.977481 12.7841 -0.00457608 0.997976 0.0634239 0.547838 -0.979384 -0.0172818 0.201266 6.53072 
0.190178 -0.0637081 0.97968 13.5719 -0.00487702 0.997819 0.0658344 0.600085 -0.981738 -0.0172982 0.189452 6.70992 
0.177126 -0.0655758 0.982001 14.3554 -0.00339339 0.997731 0.0672384 0.654409 -0.984182 -0.0152419 0.176501 6.85849 
0.162134 -0.0656158 0.984585 15.1305 -0.00266864 0.997754 0.0669329 0.693656 -0.986765 -0.0134796 0.161594 6.99386 
0.147691 -0.0637635 0.986976 15.9183 -0.00511078 0.997857 0.0652313 0.745655 -0.98902 -0.0146783 0.147049 7.11843 
0.1311 -0.0623587 0.989406 16.7349 -0.00644212 0.997945 0.0637506 0.781637 -0.991348 -0.0147316 0.130429 7.24326 
0.111131 -0.060194 0.991981 17.5503 -0.00847024 0.99807 0.0615125 0.824641 -0.99377 -0.0152383 0.110407 7.33514 
0.0857787 -0.0593887 0.994543 18.3235 -0.0138535 0.998054 0.0607933 0.8446 -0.996218 -0.0189926 0.0847891 7.39924 
0.0545861 -0.0594032 0.996741 19.0921 -0.0163096 0.998043 0.060374 0.864143 -0.998376 -0.0195521 0.0535104 7.46723 
0.0200942 -0.0602572 0.997981 19.9243 -0.020529 0.997947 0.0606686 0.887954 -0.999587 -0.0217066 0.0188159 7.49875 
-0.0142975 -0.058804 0.998167 20.7468 -0.0198238 0.99809 0.0585155 0.932148 -0.999701 -0.0189508 -0.0154359 7.48448 
-0.0490617 -0.0569994 0.997168 21.5855 -0.0208691 0.998211 0.0560323 0.97288 -0.998578 -0.018061 -0.0501635 7.46558 
-0.0820853 -0.0562558 0.995036 22.4246 -0.0263978 0.998178 0.0542558 0.981851 -0.996276 -0.0218131 -0.0834208 7.39898 
-0.115184 -0.0527681 0.991942 23.2616 -0.0272553 0.99838 0.0499458 1.02576 -0.99297 -0.0212828 -0.116435 7.32533 
-0.148265 -0.0483854 0.987763 24.0971 -0.0248619 0.998669 0.0451879 1.04339 -0.988635 -0.0178579 -0.149271 7.21137 
-0.1796 -0.040996 0.982885 24.9041 -0.0159675 0.999121 0.0387555 1.05322 -0.98361 -0.00873374 -0.180097 7.06093 
-0.208599 -0.0340828 0.977407 25.7526 -0.00759154 0.999419 0.0332302 1.07868 -0.977972 -0.000488246 -0.208737 6.85069 
-0.238423 -0.0292183 0.970722 26.5737 -0.00364381 0.999567 0.0291916 1.08303 -0.971155 0.00342281 -0.238426 6.66259 
-0.26512 -0.0236503 0.963925 27.3207 0.00720275 0.999623 0.0265072 1.0489 -0.964189 0.0139705 -0.26485 6.42913 
-0.290839 -0.0111998 0.956706 28.0876 0.02156 0.999601 0.0182563 1.01393 -0.956529 0.0259362 -0.290482 6.20666 
-0.315628 0.00519095 0.948869 28.8631 0.0285067 0.999586 0.00401399 1.00864 -0.948455 0.028316 -0.315645 5.94609 
-0.34066 0.0216183 0.939938 29.5867 0.0270421 0.999547 -0.0131884 0.99881 -0.939798 0.0209251 -0.34109 5.69093 
-0.365416 0.0368428 0.930115 30.3238 0.0274023 0.999209 -0.0288141 0.971762 -0.930441 0.0149582 -0.366136 5.42142 
-0.389046 0.0487555 0.919927 30.8835 0.0399788 0.998551 -0.0360151 0.865902 -0.92035 0.0227661 -0.390432 5.22218 
-0.413518 0.0513782 0.909045 31.5111 0.0397715 0.998473 -0.0383408 0.789499 -0.909627 0.0202994 -0.41493 5.00094 
-0.436334 0.0510745 0.898334 32.221 0.0436074 0.998415 -0.0355838 0.739797 -0.898728 0.0236476 -0.43787 4.69378 
-0.458835 0.045309 0.887365 32.8608 0.0447122 0.998611 -0.0278696 0.70839 -0.887396 0.0268885 -0.460224 4.49482 
-0.477041 0.0451462 0.877721 33.5275 0.0528554 0.998346 -0.0226237 0.683488 -0.87729 0.0355998 -0.478639 4.18883 
-0.491425 0.0451032 0.869751 34.2033 0.0529943 0.998356 -0.0218296 0.655468 -0.869306 0.0353642 -0.493008 3.85484 
-0.503845 0.0472228 0.862502 34.7115 0.0610427 0.997955 -0.0189797 0.456918 -0.861634 0.0430866 -0.505697 3.64286 
-0.513841 0.0485935 0.856508 35.3566 0.0608482 0.997944 -0.0201135 0.405107 -0.855725 0.0417819 -0.515741 3.24533 
-0.52622 0.0467215 0.849064 36.1047 0.0528311 0.998357 -0.0221938 0.344758 -0.848706 0.0331782 -0.527824 2.87132 
-0.537779 0.0455462 0.841854 36.7617 0.0526993 0.998403 -0.0203513 0.306773 -0.841437 0.0334206 -0.539321 2.48897 
-0.547847 0.0458177 0.835323 37.4058 0.0559666 0.99827 -0.0180496 0.214142 -0.834705 0.0368617 -0.549463 2.19215 
-0.556503 0.0486728 0.829419 38.0497 0.0565676 0.998186 -0.0206223 0.229371 -0.828918 0.0354418 -0.558247 1.81324 
-0.560918 0.0516796 0.826257 38.7186 0.05695 0.998094 -0.0237659 0.196145 -0.82591 0.0337246 -0.562792 1.41798 
-0.562615 0.0532365 0.825003 39.369 0.0570014 0.998048 -0.0255305 0.154841 -0.824752 0.0326624 -0.564551 1.07373 
-0.560499 0.0538723 0.826401 40.0505 0.0601807 0.997893 -0.0242346 0.123769 -0.825966 0.0361499 -0.56256 0.68011 
-0.55465 0.0526209 0.830418 40.7603 0.0566846 0.998069 -0.0253838 0.110566 -0.830151 0.0329928 -0.556562 0.22198 
-0.548083 0.0511019 0.834862 41.4881 0.0558634 0.99814 -0.0244221 0.0567512 -0.834557 0.0332529 -0.549918 -0.209503 
-0.542139 0.0503121 0.838781 42.1464 0.0525886 0.998281 -0.025889 0.0300075 -0.838641 0.0300749 -0.543853 -0.568087 
-0.537408 0.0479831 0.841956 42.8951 0.046692 0.998542 -0.0271041 -0.0020042 -0.842029 0.0247466 -0.538864 -0.997269 
-0.532981 0.0456904 0.844893 43.6472 0.0422837 0.998732 -0.0273361 -0.0512813 -0.84507 0.0211556 -0.534237 -1.45794 
-0.532796 0.0418124 0.84521 44.484 0.0380308 0.998953 -0.0254445 -0.122758 -0.845389 0.0185873 -0.533828 -1.9168 
-0.534989 0.0381221 0.843998 45.3147 0.0375436 0.999067 -0.0213284 -0.252843 -0.844024 0.0202763 -0.535922 -2.22713 
-0.53965 0.0350616 0.841159 45.9667 0.0330114 0.999245 -0.0204724 -0.344554 -0.841242 0.0167199 -0.5404 -2.53194 
-0.54175 0.0339621 0.839853 46.7094 0.0300015 0.999328 -0.0210583 -0.371291 -0.840004 0.0137885 -0.542405 -2.94216 
-0.543559 0.0322569 0.838751 47.5396 0.0322847 0.999325 -0.0175099 -0.497194 -0.83875 0.0175612 -0.544234 -3.3374 
-0.544889 0.0309821 0.837936 48.3723 0.0307685 0.999383 -0.0169435 -0.518201 -0.837944 0.0165497 -0.545506 -3.84446 
-0.545635 0.029712 0.837496 49.3003 0.0297388 0.999428 -0.0160818 -0.597115 -0.837495 0.0161313 -0.546207 -4.41138 
-0.548149 0.0276594 0.835923 50.1483 0.0263959 0.999527 -0.0157639 -0.614258 -0.835964 0.0134239 -0.54862 -4.8402 
-0.548178 0.0259804 0.835958 50.9209 0.0263626 0.999558 -0.0137776 -0.689086 -0.835946 0.0144854 -0.54862 -5.34084 
-0.548799 0.0261417 0.835545 51.5755 0.0267582 0.999548 -0.0136976 -0.690101 -0.835526 0.0148404 -0.549251 -5.7666 
-0.554041 0.0258087 0.83209 51.9697 0.0300504 0.999488 -0.010992 -0.784716 -0.831947 0.0189146 -0.554532 -5.87228 
-0.557215 0.0213565 0.830094 52.8359 0.0303595 0.999525 -0.00533624 -0.910482 -0.829813 0.0222278 -0.557599 -6.20061 
-0.559313 0.0188573 0.828742 53.7394 0.0257248 0.999655 -0.00538467 -0.955233 -0.828557 0.0183075 -0.559605 -6.61425 
-0.557703 0.0164591 0.829878 54.336 0.0259194 0.999661 -0.00240777 -1.03885 -0.829636 0.0201671 -0.55794 -7.04263 
-0.558723 0.0119021 0.829269 54.5714 0.0168293 0.999854 -0.00301156 -1.0623 -0.829184 0.0122734 -0.558841 -7.29205 
-0.560293 0.0117263 0.828212 55.3983 0.01691 0.999853 -0.00271668 -1.10037 -0.828122 0.0124829 -0.560409 -7.71717 
-0.563375 0.0126878 0.826104 56.2089 0.0154376 0.999869 -0.00482863 -1.12333 -0.826057 0.0100327 -0.563497 -8.17273 
-0.566911 0.0142132 0.823656 56.971 0.0160184 0.999852 -0.0062284 -1.17312 -0.823623 0.00966268 -0.567055 -8.68142 
-0.572538 0.014267 0.819754 57.7992 0.0123403 0.999885 -0.00878312 -1.17963 -0.819786 0.00508734 -0.572648 -9.20159 
-0.578066 0.0127956 0.81589 58.6202 0.0121354 0.999901 -0.00708336 -1.21294 -0.8159 0.00580653 -0.578164 -9.74721 
-0.584055 0.0103281 0.811648 59.4631 0.0126581 0.999913 -0.00361505 -1.24424 -0.811615 0.00816254 -0.584135 -10.3084 
-0.589302 0.00678814 0.807884 60.2501 0.00831597 0.999963 -0.00233603 -1.26757 -0.80787 0.0053417 -0.589337 -10.853 
-0.59588 0.00901368 0.803023 61.0405 0.00761023 0.999956 -0.00557702 -1.29364 -0.803037 0.00278794 -0.595922 -11.3762 
-0.600457 0.0112411 0.799578 61.8509 0.00894253 0.999933 -0.00734231 -1.31917 -0.799607 0.0027415 -0.600517 -11.9697 
-0.606097 0.0118559 0.795303 62.6557 0.00574409 0.999928 -0.0105288 -1.32922 -0.79537 -0.00181319 -0.606121 -12.4961 
-0.609386 0.0121541 0.79278 63.4455 0.00461282 0.99992 -0.011784 -1.35133 -0.79286 -0.00352407 -0.609394 -13.105 
-0.612796 0.011525 0.790157 64.1886 0.00410922 0.999927 -0.0113978 -1.36338 -0.790231 -0.00373759 -0.612798 -13.6626 
-0.614515 0.00603487 0.788882 64.9818 0.00560837 0.999979 -0.00328096 -1.38072 -0.788885 0.00240813 -0.614536 -14.2769 
-0.617104 -0.00105473 0.786881 65.7017 0.00870034 0.999929 0.00816348 -1.43459 -0.786834 0.0118838 -0.61705 -14.7733 
-0.618794 -0.00174419 0.785551 66.4565 0.0112021 0.999876 0.0110442 -1.45918 -0.785473 0.0156339 -0.618698 -15.322 
-0.620192 0.00288309 0.784445 67.2015 0.0124096 0.999904 0.00613623 -1.48725 -0.784352 0.0135403 -0.620168 -15.876 
-0.623201 0.00894756 0.78201 67.9666 0.0139849 0.999902 -0.000295695 -1.49398 -0.781936 0.0107521 -0.623265 -16.403 
-0.622977 0.0128189 0.782135 68.72 0.0200018 0.9998 -0.000454767 -1.52384 -0.781984 0.0153608 -0.623109 -17.0045 
-0.624128 0.0145618 0.781186 69.4724 0.0226695 0.999743 -0.000523953 -1.53417 -0.780993 0.0173821 -0.624298 -17.5606 
-0.624654 0.0115901 0.780816 70.2217 0.0215355 0.999765 0.00238838 -1.53786 -0.780605 0.0183071 -0.624757 -18.0975 
-0.623674 0.00733569 0.781651 70.9697 0.021517 0.999738 0.00778586 -1.5577 -0.781389 0.0216746 -0.623668 -18.6864 
-0.623378 0.000557808 0.78192 71.7012 0.016357 0.99979 0.0123272 -1.54811 -0.781749 0.0204744 -0.623257 -19.2299 
-0.622651 -0.00494852 0.782484 72.4606 0.00833456 0.999881 0.0129555 -1.56299 -0.782456 0.0145884 -0.622536 -19.8138 
-0.620712 -0.0100249 0.783975 73.2093 0.00129985 0.999904 0.0138153 -1.55448 -0.784038 0.00959435 -0.620639 -20.3742 
-0.620612 -0.0092102 0.784064 73.9328 0.00411253 0.999879 0.0150005 -1.56351 -0.784107 0.012534 -0.620499 -20.8639 
-0.617949 -0.00484381 0.786203 74.6609 0.00779297 0.999894 0.0122856 -1.55614 -0.786179 0.0137187 -0.617846 -21.423 
-0.611857 -0.00113038 0.790968 75.409 0.00986555 0.99991 0.00906056 -1.54795 -0.790907 0.0133471 -0.611791 -22.0059 
-0.605328 0.00134957 0.795975 76.1564 0.0144007 0.999854 0.0092563 -1.55298 -0.795846 0.0170657 -0.605259 -22.5538 
-0.598488 0.00560434 0.801112 76.9069 0.0199699 0.999769 0.0079249 -1.53462 -0.800883 0.0207411 -0.598462 -23.0767 
-0.589398 0.00387939 0.807833 77.6591 0.0187249 0.999785 0.00886059 -1.5539 -0.807625 0.020349 -0.589345 -23.5951 
-0.580185 0.000883967 0.814484 78.4216 0.0127142 0.999887 0.00797161 -1.54025 -0.814386 0.0149805 -0.580131 -24.1023 
-0.568576 -0.00107425 0.82263 79.1743 0.0155275 0.999807 0.0120378 -1.55372 -0.822484 0.0196177 -0.568449 -24.6158 
-0.558893 -0.00375693 0.829232 79.938 0.0106727 0.999874 0.0117234 -1.57152 -0.829171 0.0154022 -0.558782 -25.102 
-0.550188 -0.00404862 0.835031 80.6958 0.0084012 0.999911 0.0103835 -1.53868 -0.834998 0.0127281 -0.550105 -25.54 
-0.538604 -0.00419533 0.842549 81.4697 0.0104738 0.999877 0.0116742 -1.57489 -0.842494 0.0151125 -0.538494 -26.0204 
-0.527697 0.00109159 0.849432 82.2569 0.0118711 0.999911 0.00608977 -1.58914 -0.84935 0.0132972 -0.527663 -26.4764 
-0.517547 0.0100214 0.855596 83.0446 0.0137491 0.9999 -0.00339484 -1.59807 -0.855545 0.0100067 -0.517633 -26.9294 
-0.505235 0.0154842 0.862843 83.8012 0.0146601 0.999849 -0.00935863 -1.60051 -0.862858 0.00792104 -0.505385 -27.3548 
-0.495097 0.0113408 0.868764 84.6194 0.00836484 0.999931 -0.00828598 -1.60536 -0.868798 0.0031647 -0.495157 -27.7842 
-0.484618 0.00870219 0.874683 85.4279 0.00774748 0.999954 -0.00565598 -1.63094 -0.874692 0.00403559 -0.484663 -28.1951 
-0.475506 0.01007 0.879655 86.2286 0.00794184 0.999943 -0.00715397 -1.66349 -0.879677 0.00358432 -0.475559 -28.5962 
-0.470546 0.0128992 0.882281 87.0246 0.00231762 0.999908 -0.0133828 -1.69901 -0.882372 -0.00425246 -0.470533 -28.9649 
-0.464599 0.0169552 0.885359 87.7023 -0.00118781 0.999804 -0.0197701 -1.75455 -0.885521 -0.0102368 -0.464488 -29.3476 
-0.462481 0.018212 0.886442 88.5736 -0.00273365 0.999755 -0.0219662 -1.79166 -0.886625 -0.0125822 -0.462318 -29.7491 
-0.459637 0.0197033 0.887888 89.4239 -0.00421306 0.999694 -0.0243654 -1.79566 -0.888097 -0.01494 -0.459414 -30.1408 
-0.455533 0.0179529 0.890038 90.191 -0.0065649 0.999702 -0.0235249 -1.84856 -0.890195 -0.0165594 -0.45528 -30.5126 
-0.449952 0.0157799 0.892913 90.9492 -0.00100705 0.999834 -0.0181769 -1.89386 -0.893052 -0.00907795 -0.449861 -30.8963 
-0.446136 0.0113236 0.894894 91.7783 -0.00442996 0.99988 -0.0148605 -1.92034 -0.894954 -0.0105942 -0.446032 -31.2685 
-0.440028 0.00815641 0.897947 92.5661 -0.00504936 0.999921 -0.011557 -1.96103 -0.89797 -0.00961947 -0.439952 -31.64 
-0.434908 0.00684524 0.900449 93.4089 -0.0143123 0.999792 -0.0145131 -1.96828 -0.900361 -0.0191993 -0.43472 -32.0116 
-0.430538 0.00464106 0.902561 94.2563 -0.0251108 0.999538 -0.017118 -2.00266 -0.902223 -0.030034 -0.430223 -32.3494 
-0.424453 0.00922193 0.905403 95.0803 -0.024507 0.999465 -0.0216689 -2.02628 -0.905118 -0.0313862 -0.424 -32.7143 
-0.418856 0.0115973 0.907979 95.9192 -0.0254148 0.999377 -0.0244886 -2.06125 -0.907697 -0.0333333 -0.4183 -33.0503 
-0.413465 0.0103828 0.910461 96.82 -0.0288057 0.999285 -0.0244771 -2.08786 -0.910064 -0.0363469 -0.41287 -33.3702 
-0.408113 0.0053475 0.912916 97.6756 -0.0317915 0.999293 -0.0200656 -2.11985 -0.912378 -0.0372121 -0.407655 -33.7029 
-0.401341 0.00249607 0.915926 98.4777 -0.0328467 0.999314 -0.0171161 -2.15791 -0.91534 -0.0369545 -0.400983 -34.0413 
-0.395539 0.001442 0.918448 99.3204 -0.0421517 0.998917 -0.0197213 -2.23485 -0.917482 -0.0465147 -0.395049 -34.3733 
-0.388503 0.00386157 0.921439 100.143 -0.0412011 0.998918 -0.0215577 -2.27182 -0.920526 -0.0463396 -0.387924 -34.7112 
-0.381571 0.00356553 0.924333 100.878 -0.0458666 0.998688 -0.0227864 -2.3075 -0.923201 -0.0510906 -0.380907 -34.996 
-0.376291 0.00232538 0.926499 101.748 -0.0490157 0.998547 -0.0224136 -2.33576 -0.925204 -0.053847 -0.37563 -35.3109 
-0.368257 0.00284874 0.92972 102.576 -0.0438401 0.99883 -0.0204253 -2.37492 -0.92869 -0.0482807 -0.367701 -35.6344 
-0.361891 0.00279441 0.932216 103.446 -0.041549 0.998953 -0.0191239 -2.42907 -0.931294 -0.0456534 -0.361396 -35.9133 
-0.355642 0.00601913 0.934603 104.275 -0.0356579 0.999164 -0.0200037 -2.44165 -0.933942 -0.0404402 -0.35513 -36.2091 
-0.348998 0.00483145 0.937111 105.136 -0.0405973 0.99897 -0.0202696 -2.46211 -0.936244 -0.0451183 -0.348443 -36.4829 
-0.342337 0.00157063 0.939576 105.962 -0.0461249 0.998765 -0.0184753 -2.49622 -0.938444 -0.0496626 -0.341842 -36.778 
-0.341133 0.00147104 0.940014 106.791 -0.0461527 0.998767 -0.0183119 -2.51689 -0.938881 -0.049631 -0.340644 -36.9983 
-0.33591 0.00224463 0.941891 107.686 -0.0423292 0.998951 -0.0174766 -2.56409 -0.940942 -0.0457401 -0.335463 -37.3149 
-0.330262 0.00318728 0.943884 108.542 -0.0412604 0.99899 -0.0178102 -2.59719 -0.942987 -0.044827 -0.329797 -37.6149 
-0.323888 0.00225282 0.946093 109.38 -0.0361931 0.999236 -0.0147698 -2.61649 -0.945403 -0.0390258 -0.323559 -37.9086 
-0.321398 0.00211249 0.946942 110.246 -0.0295587 0.999488 -0.0122621 -2.63755 -0.946483 -0.0319314 -0.321171 -38.1618 
-0.316557 0.000677863 0.948573 111.087 -0.0295709 0.999507 -0.0105826 -2.66071 -0.948112 -0.0314002 -0.316381 -38.4356 
-0.312049 0.00198758 0.950064 111.963 -0.0297702 0.999486 -0.011869 -2.69919 -0.9496 -0.0319873 -0.311829 -38.7133 
-0.307477 0.00497064 0.951542 112.808 -0.0298623 0.999443 -0.0148704 -2.708 -0.951087 -0.0329876 -0.307158 -38.9668 
-0.307018 0.00252812 0.9517 113.643 -0.0320705 0.999401 -0.0130007 -2.75587 -0.951163 -0.0345129 -0.306753 -39.1935 
-0.307255 0.000863589 0.951627 114.475 -0.0301579 0.999489 -0.0106442 -2.80428 -0.951149 -0.0319695 -0.307072 -39.3879 
-0.305283 -0.00245252 0.952259 115.341 -0.0322728 0.999449 -0.00777219 -2.79444 -0.951715 -0.0331048 -0.305194 -39.6741 
-0.305016 -0.00747644 0.952318 116.193 -0.0326771 0.999463 -0.0026195 -2.81563 -0.951786 -0.031918 -0.305097 -39.9196 
-0.30276 -0.00788434 0.953034 117.044 -0.0279945 0.999608 -0.0006236 -2.8459 -0.952656 -0.0268685 -0.302862 -40.1852 
-0.301382 -0.00358293 0.953497 117.899 -0.0299213 0.999536 -0.00570158 -2.85628 -0.953034 -0.0302482 -0.30135 -40.4517 
-0.301412 0.000640422 0.953494 118.718 -0.0303458 0.999487 -0.010264 -2.86662 -0.953011 -0.0320283 -0.301238 -40.6802 
-0.302332 0.000435124 0.953203 119.558 -0.0285354 0.999548 -0.00950696 -2.91412 -0.952776 -0.0300743 -0.302183 -40.9194 
-0.301006 0.000439383 0.953622 120.437 -0.0332801 0.999386 -0.0109651 -2.91268 -0.953041 -0.0350372 -0.300806 -41.1814 
-0.300837 0.000435651 0.953676 121.313 -0.0275867 0.999577 -0.00915881 -2.96298 -0.953277 -0.0290641 -0.300698 -41.4481 
-0.299075 0.0021334 0.954227 122.146 -0.0308666 0.999453 -0.0119087 -2.99415 -0.95373 -0.0330153 -0.298845 -41.7055 
-0.299916 0.0015362 0.953964 122.987 -0.0360526 0.999266 -0.0129437 -3.03316 -0.953284 -0.0382749 -0.29964 -41.9386 
-0.302248 0.00287126 0.953225 123.841 -0.0412914 0.999017 -0.0161018 -3.0741 -0.952335 -0.0442267 -0.301832 -42.1487 
-0.302226 0.00529999 0.953222 124.539 -0.0445943 0.998811 -0.0196924 -3.1145 -0.952193 -0.0484598 -0.30163 -42.3558 
-0.301428 0.00452589 0.953478 125.109 -0.0455591 0.998778 -0.0191437 -3.17501 -0.9524 -0.04921 -0.300853 -42.5747 
-0.303111 0.00347944 0.952949 125.906 -0.0578013 0.998085 -0.0220295 -3.21564 -0.951201 -0.0617591 -0.30233 -42.7452 
-0.302151 0.00341998 0.953254 126.689 -0.0491081 0.99861 -0.0191484 -3.24409 -0.951994 -0.0525982 -0.301563 -42.971 
-0.297948 0.00143732 0.954581 127.52 -0.0477614 0.998724 -0.0164112 -3.25735 -0.953387 -0.0504818 -0.297499 -43.2201 
-0.298644 -0.00330485 0.954359 128.262 -0.0382979 0.99923 -0.00852416 -3.30913 -0.953596 -0.0390957 -0.298541 -43.4168 
-0.296136 -0.00442361 0.955135 129.018 -0.0397574 0.99918 -0.00769901 -3.33442 -0.954318 -0.0402537 -0.296069 -43.6096 
-0.293324 -0.00180812 0.956011 129.843 -0.0447403 0.998929 -0.0118379 -3.3837 -0.954966 -0.0462446 -0.293091 -43.8031 
-0.286624 -0.00280488 0.958039 130.581 -0.0516741 0.998585 -0.0125361 -3.42369 -0.956649 -0.053099 -0.286363 -43.9794 
-0.279082 -0.006064 0.960248 131.151 -0.0628012 0.997955 -0.0119501 -3.47 -0.958211 -0.0636398 -0.278892 -44.1413 
-0.269497 -0.0104046 0.962945 131.881 -0.0587387 0.998257 -0.00565286 -3.5001 -0.961208 -0.0580856 -0.269639 -44.337 
-0.259515 -0.0113665 0.965672 132.691 -0.0569386 0.998371 -0.00355026 -3.51784 -0.964059 -0.0559054 -0.25974 -44.5237 
-0.245564 -0.00788778 0.969348 133.449 -0.0510128 0.998687 -0.00479645 -3.53334 -0.968037 -0.050627 -0.245644 -44.7013 
-0.233939 -0.00723476 0.972224 134.194 -0.0594223 0.998209 -0.00687019 -3.52554 -0.970434 -0.0593791 -0.23395 -44.8345 
-0.219059 -0.00645438 0.97569 135.219 -0.054477 0.998499 -0.0056257 -3.53592 -0.97419 -0.054385 -0.219082 -45.0428 
-0.20594 -0.00444728 0.978555 135.902 -0.0523152 0.99861 -0.00647142 -3.54491 -0.977165 -0.052526 -0.205886 -45.1971 
-0.194213 0.00287564 0.980955 136.628 -0.054638 0.998412 -0.0137442 -3.55845 -0.979437 -0.0562667 -0.193748 -45.293 
-0.180327 0.0116749 0.983538 137.378 -0.0584411 0.998036 -0.0225618 -3.55395 -0.981869 -0.0615475 -0.17929 -45.4038 
-0.167505 0.019179 0.985685 138.038 -0.0621643 0.997616 -0.0299752 -3.59838 -0.983909 -0.0662953 -0.165913 -45.4846 
-0.155445 0.0212371 0.987616 138.785 -0.0653622 0.997357 -0.0317341 -3.59389 -0.98568 -0.0694857 -0.153646 -45.5818 
-0.144349 0.0154154 0.989407 139.527 -0.0697753 0.997231 -0.0257171 -3.64359 -0.987064 -0.0727484 -0.142874 -45.6534 
-0.136073 0.0121836 0.990624 140.331 -0.0774156 0.996736 -0.0228926 -3.67417 -0.987669 -0.0798048 -0.134686 -45.7195 
-0.126042 0.0195724 0.991832 141.046 -0.082389 0.996145 -0.0301275 -3.69117 -0.988598 -0.0855133 -0.123944 -45.7934 
-0.120619 0.0263665 0.992349 141.854 -0.0882661 0.995403 -0.0371763 -3.72119 -0.988767 -0.092075 -0.117738 -45.8541 
-0.118214 0.0299108 0.992538 142.585 -0.0947233 0.994648 -0.0412562 -3.73552 -0.98846 -0.0988935 -0.114748 -45.9153 
-0.119287 0.0269683 0.992494 143.292 -0.0945151 0.994783 -0.0383902 -3.74383 -0.988351 -0.0983851 -0.116116 -45.9845 
-0.121435 0.0190719 0.992416 144.029 -0.0992466 0.994572 -0.0312574 -3.81685 -0.987625 -0.10229 -0.118883 -46.0468 
-0.12496 0.0172562 0.992012 144.731 -0.0998024 0.994559 -0.0298722 -3.84211 -0.987129 -0.102738 -0.122558 -46.1167 
-0.128762 0.0180854 0.991511 145.474 -0.0988593 0.994619 -0.0309803 -3.86147 -0.986736 -0.102009 -0.126281 -46.1908 
-0.131913 0.0181806 0.991095 146.204 -0.0939713 0.9951 -0.0307614 -3.89347 -0.986797 -0.0971923 -0.129558 -46.2967 
-0.137613 0.015396 0.990366 146.877 -0.100716 0.994479 -0.0294547 -3.94476 -0.985352 -0.1038 -0.135303 -46.3652 
-0.143451 0.0161544 0.989526 147.756 -0.100184 0.994493 -0.0307591 -3.94812 -0.984573 -0.103547 -0.141043 -46.4504 
-0.15077 0.0147502 0.988459 148.423 -0.102957 0.994217 -0.0305401 -3.95645 -0.983193 -0.106373 -0.148379 -46.5405 
-0.15855 0.0123054 0.987274 149.216 -0.097572 0.994833 -0.0280691 -3.9771 -0.982518 -0.100781 -0.15653 -46.5934 
-0.166178 0.013349 0.986005 150.245 -0.0986827 0.994664 -0.0300978 -3.9692 -0.981146 -0.102303 -0.163974 -46.6237 
-0.169305 0.0139701 0.985465 150.83 -0.100036 0.994492 -0.0312844 -4.01044 -0.980474 -0.103879 -0.166975 -46.7908 
-0.175536 0.0170788 0.984325 151.668 -0.0935542 0.995035 -0.0339482 -4.00971 -0.980018 -0.0980468 -0.173066 -46.8311 
-0.180386 0.0156189 0.983472 152.345 -0.103363 0.994037 -0.0347452 -4.10652 -0.97815 -0.107922 -0.177696 -46.9164 
-0.181612 0.0179135 0.983207 153.019 -0.102052 0.994092 -0.0369623 -4.1372 -0.978061 -0.107051 -0.178711 -47.052 
-0.183239 0.0158628 0.98294 153.8 -0.095975 0.994805 -0.0339458 -4.15738 -0.978372 -0.100558 -0.180765 -47.1249 
-0.178713 0.0141143 0.9838 154.509 -0.0896106 0.995508 -0.0305605 -4.16527 -0.979812 -0.0936205 -0.176645 -47.2592 
-0.172095 0.0144359 0.984975 155.193 -0.0867209 0.995788 -0.0297462 -4.19831 -0.981256 -0.090537 -0.170118 -47.3655 
-0.161957 0.014709 0.986688 155.85 -0.0848948 0.995974 -0.0287822 -4.23719 -0.983139 -0.0884262 -0.160057 -47.4472 
-0.147412 0.0135753 0.988982 156.534 -0.0777375 0.996654 -0.0252677 -4.28164 -0.986016 -0.0806057 -0.145864 -47.5324 
-0.132849 0.0138512 0.99104 157.132 -0.0809408 0.996411 -0.0247764 -4.24793 -0.987826 -0.0835071 -0.131251 -47.5853 
-0.11695 0.00782073 0.993107 157.78 -0.0804368 0.996609 -0.0173206 -4.27931 -0.989875 -0.081908 -0.115924 -47.6394 
-0.0986365 0.000348315 0.995124 158.441 -0.0841162 0.996418 -0.00868631 -4.32261 -0.991562 -0.0845628 -0.0982539 -47.706 
-0.0768142 -0.00455471 0.997035 159.122 -0.0881541 0.996104 -0.00224112 -4.27795 -0.993141 -0.0880649 -0.0769165 -47.8356 
-0.0607412 -0.0132165 0.998066 159.766 -0.0882783 0.996065 0.00781753 -4.2915 -0.994242 -0.0876327 -0.0616689 -47.8522 
-0.0448952 -0.0184003 0.998822 160.422 -0.0881356 0.996005 0.0143869 -4.28431 -0.995096 -0.0873859 -0.0463375 -47.8321 
-0.0262835 -0.0193537 0.999467 161.059 -0.0907013 0.995735 0.0168963 -4.274 -0.995531 -0.0902089 -0.0279268 -47.836 
-0.00997709 -0.0197674 0.999755 161.711 -0.0902654 0.995741 0.0187872 -4.26477 -0.995868 -0.0900558 -0.0117189 -47.8135 
0.00682416 -0.0207065 0.999762 162.338 -0.0907748 0.995645 0.0212409 -4.24837 -0.995848 -0.0908982 0.00491481 -47.7588 
0.0236069 -0.0224544 0.999469 162.976 -0.0899544 0.995645 0.0244932 -4.22324 -0.995666 -0.0904849 0.0214842 -47.7227 
0.037807 -0.0256813 0.998955 163.588 -0.0941356 0.995133 0.0291457 -4.20708 -0.994841 -0.0951391 0.0352055 -47.6609 
0.0508734 -0.0298222 0.99826 164.195 -0.0859061 0.995719 0.0341243 -4.19629 -0.995004 -0.0874926 0.0480937 -47.6359 
0.0620086 -0.0307268 0.997603 164.807 -0.080616 0.996106 0.0356916 -4.17736 -0.994815 -0.0826359 0.0592901 -47.59 
0.0718758 -0.0279868 0.997021 165.419 -0.0845689 0.995836 0.0340502 -4.17323 -0.993822 -0.0867644 0.0692097 -47.5248 
0.0805077 -0.0204421 0.996544 166.053 -0.0898214 0.995573 0.0276787 -4.14544 -0.992699 -0.0917394 0.0783152 -47.4327 
0.0889288 -0.010418 0.995984 166.685 -0.0919728 0.995587 0.0186259 -4.15133 -0.991783 -0.0932598 0.0875782 -47.3309 
0.0971208 -0.00197009 0.995271 167.292 -0.0854607 0.996288 0.0103116 -4.11155 -0.991597 -0.086058 0.096592 -47.2729 
0.103136 -0.00311655 0.994662 167.914 -0.085446 0.996271 0.0119815 -4.09405 -0.99099 -0.0862256 0.102485 -47.2036 
0.108367 -0.0104129 0.994056 168.584 -0.0888887 0.995838 0.0201218 -4.06699 -0.990129 -0.0905409 0.106991 -47.0896 
0.115453 -0.0214902 0.993081 169.251 -0.0935338 0.995089 0.0324077 -4.05999 -0.988899 -0.0966281 0.112876 -47.0378 
0.117381 -0.0297684 0.992641 169.861 -0.0935531 0.994774 0.0408952 -4.04653 -0.988671 -0.0976649 0.113983 -46.9341 
0.116324 -0.0285239 0.992802 170.472 -0.0927187 0.994911 0.0394481 -4.01731 -0.988874 -0.09664 0.113087 -46.8083 
0.117844 -0.0260246 0.992691 171.108 -0.0888814 0.995368 0.0366461 -3.9964 -0.989046 -0.0925503 0.114985 -46.7276 
0.119958 -0.0250559 0.992463 171.717 -0.0876093 0.995514 0.0357222 -3.95897 -0.988906 -0.0912341 0.117225 -46.6546 
0.1236 -0.0243499 0.992033 172.39 -0.0909845 0.99521 0.0357639 -3.90783 -0.988152 -0.0946801 0.120792 -46.5928 
0.125329 -0.0289268 0.991693 173.014 -0.0905754 0.995067 0.040472 -3.89599 -0.987972 -0.0948953 0.122091 -46.4818 
0.128899 -0.0348528 0.991045 173.667 -0.08701 0.99513 0.0463133 -3.87349 -0.987833 -0.0922006 0.125239 -46.3906 
0.132842 -0.0371838 0.99044 174.3 -0.0869306 0.995008 0.0490148 -3.86385 -0.987318 -0.0926107 0.128946 -46.2807 
0.136669 -0.0379232 0.989891 174.956 -0.0881014 0.994842 0.0502766 -3.81422 -0.986691 -0.094082 0.132623 -46.129 
0.145108 -0.0396383 0.988622 175.679 -0.0863252 0.99488 0.05256 -3.75799 -0.985643 -0.0929698 0.140943 -46.0048 
0.154979 -0.0425129 0.987003 176.351 -0.0818193 0.995089 0.0557085 -3.73394 -0.984524 -0.0893895 0.150739 -45.87 
0.1657 -0.039369 0.98539 176.981 -0.0843187 0.994978 0.0539309 -3.70724 -0.982565 -0.0920232 0.161549 -45.7452 
0.175738 -0.0356637 0.983791 177.576 -0.0866322 0.994906 0.0515421 -3.69195 -0.980618 -0.0942859 0.171753 -45.5672 
0.188115 -0.0321733 0.98162 178.261 -0.0848756 0.995192 0.0488835 -3.62438 -0.978473 -0.0925113 0.18448 -45.4007 
0.199242 -0.0314524 0.979446 178.877 -0.0830853 0.995344 0.0488645 -3.60335 -0.976422 -0.0911134 0.195701 -45.2427 
0.210457 -0.0348407 0.976982 179.54 -0.0826919 0.995149 0.0533017 -3.57808 -0.9741 -0.0920062 0.206555 -45.0636 
0.220649 -0.0355395 0.974706 180.158 -0.0854025 0.994794 0.055605 -3.54624 -0.971607 -0.0955115 0.216465 -44.888 
0.230557 -0.0362743 0.972382 180.774 -0.0875902 0.994474 0.0578666 -3.51392 -0.969109 -0.0985127 0.226106 -44.687 
0.242705 -0.039847 0.969281 181.428 -0.0910917 0.993805 0.0636643 -3.50774 -0.965814 -0.103745 0.237572 -44.5311 
0.249951 -0.0396893 0.967445 182.084 -0.0928151 0.993576 0.0647414 -3.47887 -0.9638 -0.105976 0.244662 -44.3345 
0.252871 -0.0421015 0.966584 182.76 -0.0933531 0.993329 0.0676889 -3.42961 -0.962986 -0.10735 0.247254 -44.1193 
0.255348 -0.0454668 0.965779 183.417 -0.0917492 0.993246 0.0710181 -3.40439 -0.962486 -0.106744 0.249452 -43.9451 
0.254251 -0.0456528 0.96606 184.091 -0.0879717 0.993653 0.0701095 -3.39616 -0.963129 -0.102811 0.248621 -43.748 
0.252314 -0.0453311 0.966583 184.763 -0.0856192 0.993938 0.0689638 -3.3543 -0.96385 -0.100159 0.246903 -43.5517 
0.251938 -0.0431453 0.966781 185.463 -0.0835259 0.994308 0.0661402 -3.30973 -0.964132 -0.0974145 0.2469 -43.3497 
0.25147 -0.0437194 0.966877 186.167 -0.0815048 0.994474 0.0661655 -3.261 -0.964427 -0.0954437 0.246517 -43.1734 
0.249578 -0.0478067 0.967174 186.876 -0.0797499 0.994373 0.0697305 -3.19939 -0.965065 -0.0945352 0.244361 -42.9664 
0.248673 -0.0521151 0.967184 187.585 -0.0801507 0.99402 0.0741687 -3.16776 -0.965266 -0.0959643 0.243009 -42.7682 
0.245927 -0.0540406 0.967781 188.311 -0.0813031 0.993776 0.0761524 -3.12338 -0.965873 -0.0974115 0.240003 -42.5673 
0.244592 -0.0539834 0.968122 189.044 -0.0836001 0.993557 0.0765229 -3.07549 -0.966016 -0.0996519 0.238503 -42.367 
0.241524 -0.0539341 0.968895 189.75 -0.0851302 0.993427 0.0765208 -3.01551 -0.966654 -0.100964 0.235345 -42.1713 
0.23853 -0.0512996 0.969779 190.445 -0.088513 0.993299 0.0743147 -2.97755 -0.967093 -0.103564 0.232391 -41.9682 
0.239508 -0.0486455 0.969675 191.185 -0.0873671 0.993612 0.0714259 -2.94746 -0.966956 -0.101825 0.233728 -41.8026 
0.23881 -0.0425523 0.970134 191.913 -0.0855622 0.994232 0.0646715 -2.88873 -0.96729 -0.0984509 0.233791 -41.6217 
0.239267 -0.0412798 0.970076 192.675 -0.0862204 0.994246 0.0635743 -2.85656 -0.967118 -0.0988515 0.234331 -41.4371 
0.238388 -0.0453651 0.97011 193.412 -0.0810847 0.994491 0.0664305 -2.79765 -0.967779 -0.0944973 0.233397 -41.2553 
0.23643 -0.0479633 0.970464 194.21 -0.0869771 0.993727 0.0703029 -2.76279 -0.967748 -0.10103 0.230775 -41.018 
0.235367 -0.0483114 0.970705 194.927 -0.0932415 0.993035 0.072031 -2.7408 -0.967424 -0.107464 0.229223 -40.8291 
0.23255 -0.0471352 0.971442 195.617 -0.0955616 0.992885 0.0710518 -2.63376 -0.967878 -0.109356 0.226391 -40.7403 
0.226708 -0.0492265 0.972718 196.406 -0.0949217 0.992851 0.0723685 -2.59486 -0.969326 -0.108738 0.220414 -40.591 
0.216663 -0.049994 0.974966 197.117 -0.0955645 0.992805 0.0721458 -2.55445 -0.971558 -0.108803 0.210327 -40.4253 
0.204701 -0.0471354 0.977689 197.61 -0.0945003 0.993222 0.0676701 -2.50188 -0.974252 -0.106244 0.198859 -40.2475 
0.196969 -0.0445702 0.979396 198.334 -0.0927364 0.99364 0.063869 -2.4718 -0.976014 -0.103406 0.191583 -40.1471 
0.186226 -0.0445729 0.981495 199.05 -0.0958466 0.993382 0.0632983 -2.43827 -0.977821 -0.105861 0.180721 -40.0205 
0.175334 -0.0528452 0.98309 199.792 -0.0912074 0.993392 0.0696658 -2.40368 -0.980275 -0.10188 0.169356 -39.8907 
0.165723 -0.060498 0.984315 200.503 -0.0863345 0.993394 0.0755917 -2.36595 -0.982386 -0.0975077 0.159405 -39.7712 
0.158909 -0.0651632 0.98514 201.239 -0.0856211 0.993151 0.0795043 -2.30957 -0.983574 -0.0969828 0.152241 -39.6544 
0.152897 -0.0650091 0.986102 201.972 -0.0941109 0.992341 0.0800125 -2.23605 -0.983751 -0.105037 0.145608 -39.4877 
0.147651 -0.0690831 0.986624 202.65 -0.0945378 0.992004 0.0836077 -2.20082 -0.984511 -0.105618 0.139939 -39.3282 
0.145638 -0.071079 0.986781 203.378 -0.0897858 0.99235 0.0847316 -2.17624 -0.985255 -0.100939 0.138142 -39.2311 
0.147681 -0.06881 0.986638 204.082 -0.0869981 0.992806 0.0822622 -2.13189 -0.985201 -0.0979843 0.140633 -39.1617 
0.147426 -0.0661912 0.986856 204.773 -0.0868259 0.99304 0.079577 -2.06634 -0.985255 -0.0974163 0.140653 -39.0798 
0.147724 -0.0677319 0.986707 205.521 -0.089333 0.992661 0.081515 -2.04235 -0.984986 -0.100187 0.140589 -38.9604 
0.150499 -0.0692467 0.986182 206.24 -0.09114 0.992324 0.0835868 -2.00867 -0.9844 -0.10246 0.143033 -38.8601 
0.151698 -0.0701891 0.985932 206.943 -0.0904851 0.992301 0.0845649 -1.94541 -0.984276 -0.102041 0.144179 -38.7262 
0.153466 -0.0709086 0.985606 207.686 -0.0880112 0.992477 0.085107 -1.90173 -0.984227 -0.0998055 0.146071 -38.6111 
0.156477 -0.0726662 0.985005 208.396 -0.0858405 0.992516 0.0868569 -1.85681 -0.983944 -0.0981444 0.149068 -38.4955 
0.160724 -0.0739352 0.984226 209.187 -0.0880619 0.992139 0.0889102 -1.78337 -0.983063 -0.100963 0.15295 -38.3526 
0.166831 -0.0782124 0.982879 209.953 -0.0893532 0.991548 0.0940688 -1.73264 -0.981929 -0.103517 0.158432 -38.2185 
0.16945 -0.0807093 0.982228 210.726 -0.0893733 0.991276 0.0968712 -1.62697 -0.981478 -0.1042 0.160759 -38.026 
0.174854 -0.0810442 0.981253 211.492 -0.0916793 0.990937 0.0981808 -1.58121 -0.980317 -0.107128 0.165839 -37.8937 
0.178876 -0.0775127 0.980814 212.219 -0.0937573 0.991012 0.0954177 -1.52677 -0.979394 -0.109026 0.170001 -37.7406 
0.183061 -0.0736406 0.98034 212.869 -0.0970204 0.990969 0.0925559 -1.50187 -0.978303 -0.112056 0.174263 -37.5535 
0.186885 -0.0715399 0.979774 213.592 -0.10187 0.990557 0.0917583 -1.45159 -0.977086 -0.116958 0.177832 -37.3743 
0.192342 -0.0718354 0.978695 214.321 -0.101845 0.99047 0.0927152 -1.40167 -0.976029 -0.117508 0.183193 -37.2285 
0.194912 -0.0701824 0.978307 215.066 -0.104767 0.99024 0.0919117 -1.35197 -0.975209 -0.120409 0.185657 -37.0381 
0.198714 -0.0666701 0.977787 215.792 -0.105758 0.990399 0.089023 -1.2878 -0.974335 -0.121099 0.189755 -36.8767 
0.202575 -0.0660192 0.977039 216.581 -0.10391 0.990643 0.0884827 -1.21723 -0.973738 -0.119449 0.193819 -36.6781 
0.207748 -0.068238 0.975799 217.352 -0.104868 0.990261 0.0915758 -1.17514 -0.972545 -0.121355 0.198569 -36.5042 
0.212039 -0.0672981 0.974941 218.143 -0.100494 0.990836 0.0902516 -1.11215 -0.972081 -0.117112 0.203332 -36.3386 
0.217877 -0.0675605 0.973635 218.913 -0.0977449 0.991075 0.0906438 -1.06323 -0.971069 -0.114917 0.209329 -36.1766 
0.222165 -0.0650801 0.972835 219.677 -0.0982252 0.9912 0.0887403 -1.00521 -0.970049 -0.115272 0.213818 -35.9903 
0.226209 -0.0665891 0.9718 220.427 -0.103127 0.990417 0.0918699 -0.941046 -0.968604 -0.121001 0.217174 -35.7831 
0.23205 -0.067137 0.970384 221.176 -0.105517 0.989991 0.0937261 -0.890585 -0.966964 -0.124142 0.222643 -35.584 
0.23635 -0.0639576 0.969561 221.949 -0.103296 0.990523 0.0905208 -0.833029 -0.966162 -0.121546 0.227503 -35.3879 
0.239816 -0.0571881 0.969132 222.671 -0.102084 0.991244 0.0837541 -0.78745 -0.965436 -0.119019 0.231878 -35.1787 
0.243574 -0.0507035 0.968556 223.414 -0.107284 0.991096 0.0788635 -0.72287 -0.96393 -0.12312 0.235966 -34.9773 
0.248005 -0.0525806 0.967331 224.175 -0.113953 0.990011 0.0830287 -0.666958 -0.962033 -0.130821 0.239536 -34.7701 
0.251089 -0.0634734 0.965881 224.976 -0.114395 0.988909 0.0947247 -0.606807 -0.961181 -0.134276 0.241043 -34.5666 
0.253771 -0.0768905 0.964203 225.749 -0.103863 0.988906 0.106196 -0.555992 -0.961672 -0.127095 0.24297 -34.367 
0.255758 -0.0852683 0.962973 226.504 -0.104073 0.987885 0.115115 -0.493805 -0.961123 -0.129661 0.243785 -34.1476 
0.256602 -0.0861841 0.962667 227.299 -0.105897 0.987513 0.116636 -0.39962 -0.960698 -0.131872 0.244271 -33.9105 
0.261329 -0.0826179 0.961708 228.076 -0.104992 0.987986 0.113405 -0.328097 -0.959523 -0.130607 0.249515 -33.7056 
0.263845 -0.0757113 0.961589 228.826 -0.102102 0.989122 0.105894 -0.233975 -0.959146 -0.12612 0.253244 -33.4725 
0.268818 -0.0707327 0.96059 229.564 -0.102578 0.989526 0.101569 -0.161371 -0.957713 -0.125839 0.258747 -33.2512 
0.272743 -0.0693088 0.959587 230.331 -0.0994705 0.990025 0.0997798 -0.100083 -0.956931 -0.122665 0.263129 -33.0345 
0.277115 -0.0666822 0.95852 231.057 -0.0991731 0.990276 0.0975632 -0.0410614 -0.955705 -0.122096 0.267808 -32.8074 
0.281387 -0.0681452 0.957172 231.827 -0.0968107 0.99037 0.0989689 0.0273552 -0.954699 -0.120513 0.27208 -32.5732 
0.285665 -0.0729165 0.955551 232.558 -0.0958638 0.989926 0.104198 0.0893436 -0.953523 -0.121369 0.275798 -32.3633 
0.286777 -0.0790559 0.95473 233.296 -0.0936406 0.989504 0.110063 0.159507 -0.95341 -0.120965 0.276364 -32.1115 
0.288223 -0.0842071 0.953853 234.016 -0.0936405 0.988873 0.115594 0.230974 -0.952974 -0.122636 0.277131 -31.8534 
0.291041 -0.0882597 0.952631 234.795 -0.0942242 0.98825 0.120347 0.326486 -0.952059 -0.124787 0.279305 -31.6303 
0.293032 -0.0957646 0.951294 235.571 -0.0914808 0.987598 0.127599 0.400774 -0.951716 -0.124416 0.280638 -31.3933 
0.292977 -0.0979542 0.951089 236.329 -0.09065 0.987412 0.129619 0.471802 -0.951813 -0.124192 0.280409 -31.1188 
0.29513 -0.0849467 0.951673 237.078 -0.102585 0.987465 0.119955 0.583088 -0.949934 -0.13303 0.282716 -30.8624 
0.29614 -0.0716987 0.95245 237.836 -0.102714 0.989005 0.106387 0.65313 -0.949606 -0.129336 0.28552 -30.6111 
0.29622 -0.063363 0.953016 238.593 -0.102204 0.989965 0.0975872 0.74226 -0.949636 -0.126309 0.286772 -30.358 
0.296043 -0.0659228 0.952897 239.368 -0.101296 0.989823 0.0999477 0.820242 -0.949788 -0.126113 0.286353 -30.1131 
0.292677 -0.0719924 0.953498 240.151 -0.0997297 0.989425 0.105317 0.919016 -0.950997 -0.125916 0.282402 -29.7556 
