1 -4.23778e-08 4.22719e-08 0 -4.23778e-08 1 -4.19404e-08 0 4.22719e-08 -4.19404e-08 1 0 
0.99999 -0.0028055 -0.00345195 -0.0084229 0.00279805 0.999994 -0.00213523 -0.00456778 0.003458 0.00212547 0.999992 0.680407 
0.999968 -0.00175538 -0.00777234 -0.0232137 0.00172595 0.999991 -0.00378038 -0.00671398 0.007779 0.00376676 0.999963 1.38061 
0.999926 -0.00173205 -0.0120247 -0.0382828 0.00166578 0.999983 -0.00551178 -0.00682568 0.0120341 0.00549126 0.999912 2.09914 
0.999858 -0.000347568 -0.0168313 -0.066673 0.000245926 0.999982 -0.00603556 -0.0119332 0.0168331 0.00603048 0.99984 2.82963 
0.999773 -0.00155678 -0.021226 -0.0951785 0.00142319 0.999979 -0.00630322 -0.0186694 0.0212355 0.0062715 0.999755 3.57398 
0.999667 0.000226076 -0.025819 -0.128353 -0.000416996 0.999973 -0.00738618 -0.0305474 0.0258167 0.0073944 0.999639 4.32867 
0.999521 0.0027914 -0.0308286 -0.162998 -0.00304356 0.999962 -0.0081325 -0.0409996 0.0308049 0.00822235 0.999492 5.09303 
0.999369 0.00356434 -0.0353508 -0.203376 -0.00379402 0.999972 -0.00642989 -0.0518553 0.035327 0.00655987 0.999354 5.88192 
0.9992 0.0024468 -0.039903 -0.246158 -0.00260048 0.999989 -0.00379782 -0.0573718 0.0398933 0.00389847 0.999196 6.68559 
0.99906 0.00193722 -0.0433121 -0.297253 -0.00200382 0.999997 -0.00149237 -0.0628874 0.0433092 0.00157767 0.99906 7.49654 
0.998931 0.00345441 -0.0460891 -0.348875 -0.00355494 0.999991 -0.00209769 -0.0713087 0.0460815 0.00225921 0.998935 8.32131 
0.998832 0.00287089 -0.0482294 -0.404736 -0.00298434 0.999993 -0.00227891 -0.0803937 0.0482226 0.00242009 0.998834 9.15095 
0.998749 -0.000293971 -0.0500006 -0.453942 0.000159203 0.999996 -0.00269764 -0.0875923 0.0500013 0.00268622 0.998745 9.98476 
0.998635 -0.000435509 -0.0522303 -0.505254 0.000337732 0.999998 -0.00187927 -0.0968961 0.0522311 0.00185898 0.998633 10.8246 
0.998556 -0.00204896 -0.0536778 -0.562196 0.00193635 0.999996 -0.00214823 -0.106888 0.0536821 0.0020411 0.998556 11.6772 
0.998465 0.000275019 -0.055386 -0.625738 -0.000540456 0.999988 -0.00477608 -0.115465 0.0553841 0.0047986 0.998454 12.5351 
0.998396 0.000638551 -0.0566106 -0.694731 -0.00106198 0.999972 -0.00744845 -0.125847 0.0566043 0.00749654 0.998368 13.403 
0.998296 0.00419464 -0.058203 -0.763369 -0.00472563 0.999948 -0.00898711 -0.137205 0.0581624 0.00924676 0.998264 14.2839 
0.998229 0.00491206 -0.0592861 -0.826947 -0.0054337 0.999948 -0.00863927 -0.15223 0.0592406 0.00894602 0.998204 15.1684 
0.998153 0.00393986 -0.0606143 -0.892707 -0.00437196 0.999966 -0.00699644 -0.168051 0.0605848 0.00724844 0.998137 16.0631 
0.998045 0.00475808 -0.0623165 -0.957626 -0.00510885 0.999972 -0.00546942 -0.182675 0.0622888 0.00577701 0.998041 16.9668 
0.997994 0.00434276 -0.0631569 -1.02856 -0.00469961 0.999974 -0.00550134 -0.19711 0.0631314 0.00578703 0.997988 17.8676 
0.997887 0.00436117 -0.0648259 -1.10023 -0.00478161 0.999968 -0.00633066 -0.211651 0.0647964 0.00662717 0.997876 18.7689 
0.997808 0.0026078 -0.0661275 -1.17065 -0.00306758 0.999972 -0.00685119 -0.226021 0.0661079 0.00703894 0.997788 19.6859 
0.997763 0.00240003 -0.0668096 -1.24052 -0.00276723 0.999981 -0.005403 -0.235559 0.0667955 0.0055757 0.997751 20.6089 
0.997761 0.00358755 -0.0667814 -1.31866 -0.00370658 0.999992 -0.00165733 -0.253383 0.066775 0.00190106 0.997766 21.5261 
0.997838 0.00451199 -0.0655603 -1.40362 -0.00440146 0.999989 0.00183151 -0.262195 0.0655679 -0.00153908 0.997847 22.4611 
0.997941 0.00341694 -0.0640479 -1.47106 -0.00312814 0.999984 0.0046101 -0.266832 0.0640628 -0.00440035 0.997936 23.3966 
0.99803 0.00363419 -0.0626283 -1.54172 -0.00329875 0.99998 0.00545993 -0.273401 0.0626469 -0.00524267 0.998022 24.3366 
0.998129 0.0039726 -0.0610119 -1.61542 -0.00381944 0.999989 0.0026281 -0.279741 0.0610218 -0.00239024 0.998133 25.287 
0.998166 0.00449834 -0.0603597 -1.68336 -0.00464247 0.999987 -0.00224657 -0.285119 0.0603489 0.00252258 0.998174 26.2381 
0.998255 0.00365999 -0.0589357 -1.75712 -0.00397981 0.999978 -0.00530871 -0.29372 0.0589151 0.00553392 0.998248 27.1869 
0.998305 0.00118643 -0.0581852 -1.82462 -0.0014622 0.999988 -0.00469577 -0.301735 0.058179 0.0047728 0.998295 28.1485 
0.998265 -0.000735715 -0.0588834 -1.88178 0.000755933 1 0.00032247 -0.313382 0.0588832 -0.000366508 0.998265 29.1194 
0.998217 -0.00435565 -0.0595328 -1.954 0.00459504 0.999982 0.00388619 -0.327702 0.0595149 -0.0041529 0.998219 30.0946 
0.998088 -0.0113829 -0.0607453 -2.01544 0.0115842 0.999928 0.00296342 -0.330875 0.0607073 -0.00366153 0.998149 31.0768 
0.997982 -0.0136121 -0.0620266 -2.08316 0.0136017 0.999907 -0.000588857 -0.345977 0.062029 -0.000256086 0.998074 32.0466 
0.997899 -0.0131756 -0.0634375 -2.154 0.0129051 0.999906 -0.0046708 -0.361824 0.0634931 0.00384223 0.997975 33.03 
0.997776 -0.0116325 -0.0656316 -2.23299 0.0113044 0.999922 -0.00536648 -0.374782 0.065689 0.00461253 0.997829 34.017 
0.997768 -0.0114013 -0.0657976 -2.31964 0.0111523 0.999929 -0.00414922 -0.386248 0.0658403 0.00340607 0.997824 35.0054 
0.997713 -0.00800255 -0.0671231 -2.40632 0.00791686 0.999967 -0.00154129 -0.398882 0.0671333 0.00100627 0.997743 36.0073 
0.997671 -0.0079957 -0.067731 -2.50082 0.00799387 0.999968 -0.000296734 -0.413032 0.0677313 -0.000245477 0.997703 37.0007 
0.997596 -0.00691741 -0.0689442 -2.57648 0.00708422 0.999972 0.00217647 -0.421586 0.0689273 -0.00265974 0.997618 37.9883 
0.99762 -0.00670633 -0.0686174 -2.65834 0.00707684 0.999962 0.00515911 -0.43294 0.0685803 -0.00563251 0.99763 38.988 
0.997606 -0.000472135 -0.0691535 -2.75014 0.000988007 0.999972 0.00742697 -0.445266 0.0691482 -0.0074776 0.997578 39.9817 
0.997607 -0.000763769 -0.0691385 -2.83584 0.00123698 0.999976 0.00680304 -0.455557 0.0691318 -0.00687237 0.997584 40.9696 
0.99762 -0.000149345 -0.0689436 -2.92027 0.00049791 0.999987 0.00503983 -0.46291 0.068942 -0.00506226 0.997608 41.9562 
0.99761 0.00185637 -0.0690762 -3.00456 -0.00165453 0.999994 0.0029804 -0.473168 0.0690814 -0.00285907 0.997607 42.9475 
0.997563 0.00152489 -0.0697485 -3.0909 -0.00131454 0.999994 0.00306286 -0.48299 0.0697529 -0.0029638 0.99756 43.9404 
0.997442 -0.000495551 -0.0714739 -3.1663 0.000812935 0.99999 0.00441268 -0.493415 0.071471 -0.00445958 0.997433 44.9385 
0.9974 0.000267496 -0.0720688 -3.25282 0.000112792 0.999986 0.00527375 -0.500844 0.0720693 -0.00526825 0.997386 45.9281 
0.99738 0.00234236 -0.0723072 -3.34013 -0.00222268 0.999996 0.00173665 -0.513832 0.0723111 -0.00157147 0.997381 46.8999 
0.997311 0.00275061 -0.073228 -3.42898 -0.00293798 0.999993 -0.00244999 -0.524791 0.0732209 0.00265846 0.997312 47.8688 
0.997254 0.00347652 -0.0739678 -3.5137 -0.00376964 0.999986 -0.00382248 -0.535504 0.0739536 0.00409073 0.997253 48.837 
0.997256 0.00245854 -0.07399 -3.59824 -0.00249524 0.999997 -0.00040238 -0.55011 0.0739888 0.000585811 0.997259 49.8151 
0.997241 0.00073293 -0.0742244 -3.67673 -0.000541173 0.999996 0.00260465 -0.559536 0.0742261 -0.00255738 0.997238 50.7906 
0.997207 -0.00150384 -0.074667 -3.75868 0.00176215 0.999993 0.00339491 -0.574285 0.0746614 -0.00351709 0.997203 51.7469 
0.997194 -0.00432088 -0.0747343 -3.84058 0.00449273 0.999988 0.00213263 -0.584555 0.0747243 -0.00246249 0.997201 52.7057 
0.997147 -0.0073431 -0.0751194 -3.9196 0.00744007 0.999972 0.0010123 -0.598439 0.0751099 -0.00156839 0.997174 53.659 
0.997044 -0.00900439 -0.0762988 -4.00335 0.00919452 0.999955 0.002142 -0.607858 0.0762762 -0.00283729 0.997083 54.6158 
0.996935 -0.0122617 -0.0772611 -4.08836 0.0128005 0.999897 0.00648343 -0.61945 0.0771738 -0.00745263 0.99699 55.5648 
0.996861 -0.0129184 -0.0781101 -4.16606 0.0138671 0.999836 0.0116164 -0.627169 0.0779473 -0.0126632 0.996877 56.5228 
0.996827 -0.0115053 -0.0787657 -4.25398 0.0126114 0.999828 0.0135616 -0.62706 0.0785963 -0.014512 0.996801 57.4735 
0.996733 -0.0105039 -0.0800847 -4.34271 0.0113357 0.999886 0.00993997 -0.637098 0.0799713 -0.0108154 0.996738 58.4067 
0.996628 -0.00914524 -0.0815442 -4.42994 0.00935955 0.999954 0.00224728 -0.643463 0.0815199 -0.003003 0.996667 59.3313 
0.996585 -0.00743476 -0.0822342 -4.5246 0.00723079 0.99997 -0.00277687 -0.651596 0.0822524 0.00217268 0.996609 60.2413 
0.99652 -0.00255034 -0.0833191 -4.6174 0.0024047 0.999995 -0.00184724 -0.665739 0.0833235 0.00164036 0.996521 61.1535 
0.99642 -5.0535e-05 -0.0845439 -4.71063 8.32871e-05 1 0.000384829 -0.681386 0.084544 -0.00039058 0.99642 62.0514 
0.996336 0.0023473 -0.085497 -4.80009 -0.00218483 0.999996 0.00199474 -0.698773 0.0855014 -0.00180072 0.996336 62.9405 
0.996247 0.00312697 -0.0865034 -4.89165 -0.00298594 0.999994 0.00176057 -0.709442 0.0865084 -0.00149576 0.99625 63.812 
0.996108 0.00453811 -0.0880201 -4.98418 -0.00434057 0.999988 0.00243645 -0.721702 0.0880302 -0.002045 0.996116 64.6596 
0.99599 0.0054414 -0.0893014 -5.07492 -0.00517156 0.999981 0.0032536 -0.738462 0.0893175 -0.00277881 0.995999 65.4981 
0.995866 0.00524007 -0.0906794 -5.16183 -0.00492378 0.999981 0.00371218 -0.75127 0.0906973 -0.00325044 0.995873 66.3267 
0.995745 0.00501366 -0.0920137 -5.24666 -0.00460532 0.999978 0.00465041 -0.75885 0.0920351 -0.00420695 0.995747 67.1314 
0.995596 0.00803776 -0.0934019 -5.33628 -0.00739154 0.999946 0.00726353 -0.767571 0.0934553 -0.00654125 0.995602 67.9289 
0.995488 0.00937754 -0.0944196 -5.43469 -0.00833622 0.9999 0.0114178 -0.778309 0.0945173 -0.0105793 0.995467 68.7224 
0.995294 0.0121939 -0.0961284 -5.5259 -0.0109928 0.999855 0.0130149 -0.782002 0.0962732 -0.011897 0.995284 69.5001 
0.995128 0.0151576 -0.0974214 -5.61575 -0.0143597 0.999857 0.00888709 -0.790465 0.0975423 -0.00744493 0.995203 70.2487 
0.995004 0.0152399 -0.0986633 -5.69963 -0.0151289 0.999884 0.00187357 -0.804103 0.0986805 -0.000371624 0.995119 70.9695 
0.994895 0.0144679 -0.0998689 -5.79068 -0.0149467 0.99988 -0.00404699 -0.807477 0.0997984 0.00551896 0.994992 71.6962 
0.994851 0.0153219 -0.100186 -5.87549 -0.0159139 0.99986 -0.00511171 -0.821366 0.100093 0.00667964 0.994956 72.3878 
0.994713 0.0181033 -0.101082 -5.96127 -0.0183904 0.999829 -0.00190811 -0.82682 0.10103 0.00375687 0.994876 73.0674 
0.994579 0.0180741 -0.102397 -6.04049 -0.0181157 0.999836 0.000524506 -0.844385 0.10239 0.00133324 0.994743 73.7262 
0.994542 0.0153117 -0.103207 -6.11767 -0.0156608 0.999874 -0.002573 -0.86204 0.103154 0.00417518 0.994657 74.3577 
0.994625 0.00705883 -0.1033 -6.17663 -0.00789779 0.999939 -0.00771409 -0.872527 0.103239 0.00848837 0.99462 74.9739 
0.994767 0.00268757 -0.102134 -6.24846 -0.00402239 0.999909 -0.0128647 -0.877932 0.10209 0.0132081 0.994687 75.5836 
0.995058 0.00520849 -0.0991565 -6.31048 -0.00652988 0.999894 -0.0130056 -0.894304 0.0990784 0.0135887 0.994987 76.1681 
0.995423 0.0101109 -0.0950342 -6.38237 -0.0111043 0.999889 -0.00992908 -0.90862 0.0949233 0.0109388 0.995424 76.742 
0.995865 0.00856135 -0.0904387 -6.43737 -0.00920916 0.999935 -0.00674713 -0.924708 0.0903752 0.00755201 0.995879 77.2964 
0.996406 0.00495983 -0.0845596 -6.48222 -0.00520504 0.999983 -0.00267866 -0.934392 0.0845449 0.00310908 0.996415 77.8398 
0.997051 0.000569389 -0.0767373 -6.51167 -0.000516654 1 0.00070812 -0.946014 0.0767378 -0.000666472 0.997051 78.3726 
0.997806 0.00419447 -0.0660739 -6.54983 -0.00415307 0.999991 0.000765221 -0.95946 0.0660766 -0.000489218 0.997814 78.886 
0.998653 0.00961912 -0.050993 -6.58084 -0.00962668 0.999954 9.90053e-05 -0.966072 0.0509917 0.000391936 0.998699 79.3928 
0.999351 0.0146732 -0.0329006 -6.6036 -0.0146719 0.999892 0.000283395 -0.969451 0.0329013 0.000199417 0.999459 79.8852 
0.999855 0.013309 -0.010598 -6.60179 -0.0133014 0.999911 0.000793275 -0.975192 0.0106077 -0.000652276 0.999943 80.3632 
0.999826 0.00986926 0.0158097 -6.57841 -0.00989759 0.999949 0.00170884 -0.982129 -0.0157919 -0.0018651 0.999873 80.8306 
0.998928 0.00874146 0.0454563 -6.54104 -0.00890798 0.999954 0.00346019 -0.992191 -0.0454239 -0.00386149 0.99896 81.2856 
0.996853 0.00835761 0.0788351 -6.49369 -0.00875129 0.999951 0.00464842 -0.996484 -0.0787923 -0.00532378 0.996877 81.7326 
0.99316 0.00858156 0.116448 -6.42465 -0.00925144 0.999944 0.00521262 -1.00427 -0.116396 -0.00625435 0.993183 82.1677 
0.987366 0.00873901 0.158214 -6.33478 -0.00965756 0.999941 0.00503731 -1.00825 -0.15816 -0.0065017 0.987392 82.5957 
0.979089 0.00854497 0.203251 -6.22223 -0.00977564 0.999939 0.00505127 -1.01607 -0.203196 -0.00693263 0.979114 83.0086 
0.967603 0.0107737 0.252247 -6.09494 -0.0119215 0.999924 0.00302185 -1.02639 -0.252195 -0.00593117 0.967658 83.4009 
0.952242 0.0119236 0.30511 -5.94075 -0.0125666 0.999921 0.000143197 -1.03516 -0.305084 -0.00397063 0.952317 83.7765 
0.932476 0.0120303 0.361031 -5.76825 -0.0121005 0.999925 -0.00206648 -1.04072 -0.361029 -0.0024418 0.932551 84.1366 
0.908218 0.0126382 0.418307 -5.57773 -0.0122215 0.999918 -0.00367566 -1.05234 -0.418319 -0.00177408 0.908298 84.4761 
0.87934 0.0123825 0.476034 -5.36255 -0.0111353 0.999923 -0.0054406 -1.06015 -0.476065 -0.000516701 0.87941 84.7921 
0.845798 0.0109315 0.533391 -5.13127 -0.00836854 0.999939 -0.00722334 -1.07154 -0.533437 0.00164573 0.845838 85.0862 
0.808815 0.010486 0.587969 -4.88104 -0.0071499 0.999942 -0.00799792 -1.08474 -0.588019 0.00226487 0.808844 85.3659 
0.768719 0.00914999 0.639522 -4.61375 -0.00613573 0.999957 -0.00693182 -1.09482 -0.639558 0.00140464 0.768742 85.6302 
0.725424 0.00902654 0.688243 -4.33574 -0.00780399 0.999958 -0.00488934 -1.10124 -0.688257 -0.00182424 0.725464 85.8808 
0.679446 0.00796751 0.733682 -4.04296 -0.00705232 0.999966 -0.00432839 -1.11033 -0.733691 -0.00223329 0.679479 86.1095 
0.632004 0.00672465 0.774936 -3.73753 -0.00374205 0.999977 -0.00562576 -1.11647 -0.774956 0.000655618 0.632015 86.3171 
0.584596 0.00403742 0.811315 -3.41508 0.00155821 0.99998 -0.00609919 -1.12793 -0.811323 0.00482973 0.584578 86.4987 
0.537159 0.00614068 0.843458 -3.09015 2.56029e-05 0.999973 -0.0072966 -1.13381 -0.843481 0.003941 0.537145 86.6701 
0.489044 0.00933069 0.872209 -2.76325 -0.00412231 0.999956 -0.00838605 -1.14195 -0.872249 0.000505606 0.489061 86.8303 
0.443192 0.0114249 0.896354 -2.42631 -0.00540073 0.999935 -0.0100749 -1.15497 -0.89641 -0.000375867 0.443224 86.9639 
0.400349 0.00864473 0.916322 -2.08303 0.00226414 0.999943 -0.010423 -1.1619 -0.91636 0.00624749 0.400307 87.0755 
0.360687 0.00122867 0.932686 -1.72089 0.0170174 0.999824 -0.00789817 -1.16493 -0.932532 0.0187207 0.360603 87.1626 
0.325083 -0.00249355 0.945682 -1.36309 0.0214915 0.999758 -0.00475176 -1.16908 -0.945441 0.0218688 0.325058 87.2512 
0.291615 0.00166596 0.956534 -1.00326 0.0187189 0.999797 -0.00744815 -1.1759 -0.956353 0.0200772 0.291524 87.3479 
0.260265 0.00944348 0.965491 -0.643684 0.00782077 0.999899 -0.0118883 -1.18973 -0.965506 0.010645 0.260165 87.4456 
0.231868 0.01387 0.972648 -0.270618 0.00345126 0.99988 -0.0150812 -1.2067 -0.972741 0.00685369 0.231792 87.5268 
0.205912 0.0155053 0.978448 0.11772 0.00470609 0.999847 -0.0168349 -1.22385 -0.978559 0.00807117 0.205808 87.5947 
0.18256 0.0167703 0.983052 0.521586 0.0122535 0.999738 -0.0193306 -1.23316 -0.983118 0.0155748 0.182306 87.6473 
0.162573 0.0229683 0.986429 0.928629 0.0193052 0.999464 -0.0264536 -1.23419 -0.986508 0.0233438 0.162042 87.6889 
0.142604 0.0298293 0.98933 1.34955 0.0218877 0.999206 -0.0332821 -1.23235 -0.989538 0.0264003 0.141838 87.7408 
0.124806 0.030551 0.991711 1.78872 0.0186539 0.999277 -0.0331318 -1.24783 -0.992006 0.0226343 0.124146 87.7996 
0.109504 0.0261512 0.993642 2.24269 0.0169312 0.99946 -0.0281703 -1.27034 -0.993842 0.0199084 0.109002 87.845 
0.0952668 0.0229241 0.995188 2.72434 0.0173976 0.999544 -0.02469 -1.28689 -0.9953 0.019666 0.0948245 87.8846 
0.0816753 0.0207846 0.996442 3.20493 0.0198787 0.99955 -0.0224789 -1.2979 -0.996461 0.021644 0.0812253 87.9253 
0.0700565 0.019877 0.997345 3.6947 0.0239108 0.999481 -0.0215993 -1.31179 -0.997256 0.0253605 0.0695448 87.9558 
0.0598507 0.0206774 0.997993 4.21429 0.0272918 0.999378 -0.0223428 -1.3249 -0.997834 0.0285742 0.0592491 87.9821 
0.0522609 0.0211471 0.998409 4.74262 0.0293942 0.99931 -0.0227049 -1.33895 -0.998201 0.030534 0.0516033 88.0068 
0.0466402 0.0213114 0.998684 5.30083 0.0315007 0.999244 -0.0227945 -1.35821 -0.998415 0.0325224 0.0459336 88.0278 
0.0410432 0.0224821 0.998904 5.86555 0.0330037 0.999171 -0.0238442 -1.37229 -0.998612 0.0339462 0.0402671 88.0502 
0.0353159 0.0229977 0.999111 6.45116 0.0335134 0.999146 -0.0241832 -1.39032 -0.998814 0.0343377 0.034515 88.0741 
0.0308026 0.0228748 0.999264 7.0573 0.036018 0.999063 -0.0239806 -1.40921 -0.998876 0.0367302 0.0299499 88.0969 
0.0279368 0.0228457 0.999349 7.67888 0.0374444 0.999013 -0.0238849 -1.42564 -0.998908 0.0380873 0.0270538 88.1155 
0.0249196 0.022511 0.999436 8.31415 0.0380645 0.999 -0.0234504 -1.44386 -0.998964 0.0386274 0.0240378 88.1365 
0.0225679 0.0217623 0.999508 8.96826 0.0403165 0.99893 -0.0226601 -1.46583 -0.998932 0.0408081 0.0216664 88.1558 
0.0221639 0.0213775 0.999526 9.64173 0.0452325 0.998726 -0.0223635 -1.48539 -0.998731 0.0457067 0.0211687 88.1636 
0.0232353 0.021116 0.999507 10.3336 0.0485046 0.998576 -0.022224 -1.50357 -0.998553 0.0489971 0.0221779 88.1811 
0.0255944 0.0209182 0.999453 11.0345 0.0504171 0.998482 -0.0221891 -1.52447 -0.9984 0.0509574 0.0245009 88.2093 
0.029377 0.0210344 0.999347 11.7567 0.0527064 0.998355 -0.022563 -1.54344 -0.998178 0.0533348 0.02822 88.2404 
0.0339638 0.0205004 0.999213 12.495 0.0530448 0.998343 -0.0222857 -1.56497 -0.998014 0.05376 0.0328201 88.2712 
0.0380306 0.0189358 0.999097 13.2565 0.0545714 0.998289 -0.0209979 -1.58485 -0.997785 0.0553207 0.0369322 88.3084 
0.0418965 0.0172803 0.998972 14.0189 0.0545477 0.99832 -0.0195568 -1.60763 -0.997632 0.0553111 0.0408835 88.356 
0.0459234 0.0152216 0.998829 14.8047 0.0513839 0.998524 -0.0175795 -1.62755 -0.997622 0.0521311 0.0450735 88.4102 
0.0497705 0.0144016 0.998657 15.6018 0.050587 0.998576 -0.0169216 -1.64368 -0.997479 0.0513613 0.0489711 88.4716 
0.0539993 0.0155005 0.998421 16.407 0.0478661 0.99869 -0.0180936 -1.66221 -0.997393 0.0487675 0.0531866 88.5302 
0.0571576 0.0196246 0.998172 17.2112 0.0459581 0.998695 -0.0222666 -1.68597 -0.997307 0.0471468 0.0561811 88.588 
0.0585331 0.0250937 0.99797 18.0178 0.0402209 0.998813 -0.0274741 -1.71074 -0.997475 0.0417474 0.0574543 88.6566 
0.0581865 0.0285369 0.997898 18.8316 0.037719 0.998815 -0.0307626 -1.73507 -0.997593 0.0394297 0.0570412 88.7249 
0.0584523 0.0279885 0.997898 19.648 0.0354793 0.998917 -0.0300954 -1.76908 -0.997659 0.0371638 0.057396 88.7849 
0.0586944 0.0262506 0.997931 20.472 0.0328237 0.999063 -0.0282111 -1.8057 -0.997736 0.0344116 0.0577778 88.844 
0.0585398 0.0248466 0.997976 21.2936 0.0340039 0.99906 -0.0268683 -1.84034 -0.997706 0.035508 0.0576399 88.9045 
0.0591053 0.0243176 0.997955 22.1158 0.0313625 0.999164 -0.0262046 -1.87105 -0.997759 0.0328472 0.0582932 88.9666 
0.0595354 0.0245399 0.997924 22.9342 0.0298628 0.999206 -0.0263531 -1.90734 -0.997779 0.0313698 0.0587553 89.0259 
0.0597915 0.0254692 0.997886 23.755 0.0268921 0.99927 -0.027116 -1.93701 -0.997848 0.0284566 0.0590629 89.086 
0.0584477 0.0268506 0.997929 24.5706 0.023997 0.999311 -0.0282934 -1.96892 -0.998002 0.025601 0.0577632 89.1524 
0.0559303 0.0264264 0.998085 25.3889 0.0211199 0.999395 -0.0276447 -2.0034 -0.998211 0.0226256 0.0553383 89.2098 
0.0521905 0.0252316 0.998318 26.2002 0.0188492 0.999478 -0.0262464 -2.03643 -0.998459 0.0201873 0.0516876 89.2626 
0.0474363 0.0226466 0.998617 27.0144 0.0169603 0.99958 -0.0234742 -2.06947 -0.99873 0.0180504 0.0470323 89.3129 
0.0409503 0.0204837 0.998951 27.8233 0.0146729 0.99967 -0.0211 -2.10297 -0.999053 0.0155216 0.0406362 89.3608 
0.0336499 0.0208352 0.999216 28.6309 0.0142544 0.999671 -0.0213248 -2.13103 -0.999332 0.0149608 0.0333419 89.3951 
0.0249123 0.0217648 0.999453 29.4341 0.0143686 0.999652 -0.0221274 -2.15778 -0.999586 0.0149119 0.0245909 89.4244 
0.0151233 0.0224587 0.999633 30.2314 0.0147457 0.999634 -0.0226818 -2.18343 -0.999777 0.0150833 0.0147866 89.4405 
0.00503041 0.0215701 0.999755 31.0335 0.0165947 0.999628 -0.0216509 -2.21066 -0.99985 0.0166995 0.00467059 89.4493 
-0.00560138 0.020704 0.99977 31.8255 0.0155676 0.999666 -0.0206147 -2.2395 -0.999863 0.0154485 -0.00592182 89.4504 
-0.0165981 0.0199308 0.999663 32.6102 0.0170764 0.999661 -0.0196473 -2.26559 -0.999716 0.0167445 -0.0169328 89.4419 
-0.0274384 0.0202307 0.999419 33.3908 0.0174191 0.999653 -0.0197573 -2.29378 -0.999472 0.0168669 -0.0277813 89.4215 
-0.0384351 0.0208319 0.999044 34.171 0.0178449 0.999637 -0.0201579 -2.32292 -0.999102 0.017053 -0.0387929 89.3983 
-0.0489508 0.0218687 0.998562 34.9403 0.0175009 0.999625 -0.0210342 -2.35066 -0.998648 0.0164461 -0.0493152 89.3648 
-0.059052 0.0230064 0.99799 35.7145 0.0184139 0.999589 -0.0219538 -2.37532 -0.998085 0.0170804 -0.0594514 89.3203 
-0.0681028 0.0236726 0.997397 36.4771 0.0193558 0.999562 -0.0224024 -2.40213 -0.99749 0.0177798 -0.0685312 89.261 
-0.0778426 0.0242482 0.996671 37.2333 0.0197634 0.999545 -0.0227746 -2.42795 -0.99677 0.0179247 -0.0782864 89.2059 
-0.0870987 0.0247739 0.995892 37.9737 0.0205683 0.999522 -0.0230655 -2.45236 -0.995987 0.0184748 -0.0875666 89.1476 
-0.0955033 0.0241515 0.995136 38.7103 0.0217927 0.999517 -0.0221664 -2.48139 -0.99519 0.0195698 -0.0959835 89.0754 
-0.103023 0.0233544 0.994405 39.4389 0.0240209 0.999491 -0.0209853 -2.50287 -0.994389 0.0217246 -0.103531 89.0051 
-0.108427 0.0217572 0.993866 40.1591 0.0268298 0.99946 -0.0189527 -2.52828 -0.993742 0.0246103 -0.108952 88.9317 
-0.111982 0.0202667 0.993503 40.8723 0.029943 0.999407 -0.0170122 -2.55157 -0.993259 0.0278435 -0.112522 88.854 
-0.11457 0.0192646 0.993228 41.573 0.0317403 0.999372 -0.0157226 -2.57371 -0.992908 0.029724 -0.115109 88.7772 
-0.116645 0.0184129 0.993003 42.2605 0.0317546 0.999386 -0.0148013 -2.59956 -0.992666 0.029806 -0.117158 88.7108 
-0.117282 0.0187271 0.992922 42.9347 0.0328589 0.999348 -0.0149671 -2.62423 -0.992555 0.030871 -0.117821 88.6374 
-0.116419 0.019863 0.993001 43.5866 0.0339976 0.999294 -0.0160031 -2.64486 -0.992618 0.0318966 -0.117012 88.5709 
-0.113566 0.021315 0.993302 44.2232 0.0349008 0.999238 -0.0174522 -2.66967 -0.992917 0.0326851 -0.114223 88.5076 
-0.108526 0.0217899 0.993855 44.8548 0.034773 0.999231 -0.0181108 -2.69035 -0.993485 0.0325938 -0.1092 88.4506 
-0.100265 0.0218703 0.99472 45.4101 0.0335636 0.999264 -0.0185871 -2.72848 -0.994394 0.0315228 -0.100925 88.3869 
-0.0892729 0.0220118 0.995764 45.9959 0.0321802 0.999297 -0.019205 -2.74764 -0.995487 0.0303294 -0.0899185 88.3498 
-0.0753226 0.0221896 0.996912 46.5561 0.0313563 0.999311 -0.0198739 -2.7705 -0.996666 0.0297625 -0.0759665 88.3161 
-0.058173 0.0234836 0.99803 47.0964 0.0301263 0.999309 -0.0217578 -2.79602 -0.997852 0.0288013 -0.0588402 88.3045 
-0.0370001 0.0258347 0.998981 47.6321 0.0283468 0.999291 -0.0247929 -2.82243 -0.998913 0.0274006 -0.0377062 88.3073 
-0.0121001 0.0288335 0.999511 48.1597 0.0263569 0.999246 -0.0285068 -2.84552 -0.999579 0.0259991 -0.012851 88.3187 
0.0164134 0.0302732 0.999407 48.6841 0.0242163 0.999236 -0.0306659 -2.8726 -0.999572 0.0247053 0.0156677 88.3494 
0.0500664 0.0297614 0.998302 49.2013 0.0219367 0.999282 -0.0308908 -2.89587 -0.998505 0.0234461 0.0493776 88.3945 
0.0885272 0.0272053 0.995702 49.7211 0.0210198 0.999353 -0.029174 -2.91659 -0.995852 0.0235122 0.0878981 88.4621 
0.130828 0.0236049 0.991124 50.2335 0.0188143 0.999477 -0.0262874 -2.93707 -0.991226 0.0220864 0.130315 88.5574 
0.177064 0.0192759 0.984011 50.7392 0.0166693 0.999606 -0.022581 -2.95495 -0.984058 0.0204011 0.176673 88.6678 
0.226711 0.015836 0.973833 51.224 0.0120903 0.999745 -0.0190722 -2.97902 -0.973887 0.0160978 0.226462 88.7998 
0.279426 0.0143324 0.96006 51.7009 0.00848022 0.999813 -0.0173942 -2.9956 -0.96013 0.0130019 0.279253 88.9614 
0.335616 0.0135879 0.941901 52.1666 0.0077742 0.999822 -0.0171936 -3.01448 -0.941967 0.013093 0.33545 89.1496 
0.394578 0.0136841 0.91876 52.6208 0.00981318 0.999769 -0.0191053 -3.03222 -0.91881 0.0165545 0.394353 89.3664 
0.45477 0.017257 0.890442 53.0433 0.0105043 0.999639 -0.0247382 -3.04721 -0.890547 0.0206037 0.454424 89.6146 
0.514036 0.0204127 0.857526 53.4337 0.0116303 0.999459 -0.0307631 -3.06468 -0.85769 0.0257866 0.51352 89.897 
0.571914 0.0246704 0.819943 53.803 0.00722413 0.999357 -0.0351077 -3.08148 -0.820282 0.0260019 0.571368 90.2135 
0.627468 0.0274441 0.778158 54.1451 0.00318025 0.99928 -0.0378072 -3.09796 -0.778635 0.0261975 0.626929 90.5525 
0.680076 0.0283281 0.732594 54.4595 0.00137575 0.999202 -0.0399146 -3.11389 -0.73314 0.0281528 0.679495 90.9039 
0.728661 0.0263305 0.684369 54.7408 0.000696222 0.999232 -0.039186 -3.13533 -0.684875 0.0290298 0.728082 91.2681 
0.773396 0.0234202 0.63349 54.9964 -0.00193317 0.9994 -0.034588 -3.14931 -0.63392 0.0255255 0.772977 91.6609 
0.814523 0.018441 0.579839 55.2364 -0.00293251 0.999613 -0.027672 -3.16708 -0.580124 0.0208391 0.814261 92.0789 
0.850551 0.0164259 0.525635 55.435 -0.00586441 0.999746 -0.0217525 -3.18149 -0.525859 0.015419 0.850432 92.5052 
0.881451 0.0127753 0.472102 55.6168 -0.00671723 0.999872 -0.0145157 -3.19719 -0.472227 0.00962362 0.881424 92.9393 
0.906862 0.0138198 0.421201 55.7746 -0.0108 0.999896 -0.00955443 -3.20782 -0.42129 0.00411551 0.906917 93.3922 
0.926736 0.0160762 0.375368 55.9094 -0.0148191 0.999871 -0.00623602 -3.2216 -0.375419 0.000216477 0.926855 93.8555 
0.941774 0.0222067 0.335511 56.0245 -0.022152 0.999747 -0.00399103 -3.2279 -0.335515 -0.00367366 0.942028 94.324 
0.953403 0.0266133 0.300523 56.1261 -0.0263227 0.999641 -0.00501709 -3.23381 -0.300549 -0.00312733 0.953761 94.7999 
0.962484 0.028976 0.269788 56.2285 -0.0286946 0.999576 -0.00498829 -3.23918 -0.269818 -0.00294037 0.962907 95.2689 
0.96853 0.0235161 0.247784 56.3353 -0.023053 0.999723 -0.00477107 -3.24579 -0.247827 -0.0010913 0.968804 95.7494 
0.9725 0.0206835 0.231981 56.4396 -0.0202479 0.999786 -0.00425925 -3.25531 -0.232019 -0.000555078 0.972711 96.2384 
0.975382 0.0246713 0.219137 56.5299 -0.0242794 0.999695 -0.00448205 -3.26501 -0.219181 -0.000948875 0.975684 96.7407 
0.977296 0.0301817 0.209719 56.612 -0.0299866 0.999542 -0.00411114 -3.26699 -0.209747 -0.00227103 0.977753 97.2482 
0.978331 0.037923 0.203542 56.6973 -0.0375399 0.999279 -0.00574498 -3.26787 -0.203613 -0.00202052 0.979049 97.7657 
0.978613 0.0440005 0.200948 56.7812 -0.0429888 0.999031 -0.00939814 -3.27615 -0.201167 0.000558547 0.979557 98.2874 
0.978688 0.045385 0.200272 56.8752 -0.0439331 0.998966 -0.0116908 -3.29103 -0.200596 0.00264304 0.97967 98.8219 
0.978273 0.0439187 0.202617 56.9845 -0.0416744 0.999014 -0.015332 -3.30476 -0.203091 0.00655488 0.979138 99.3666 
0.977512 0.0426042 0.206532 57.0971 -0.0389213 0.999003 -0.0218647 -3.31391 -0.207258 0.0133344 0.978195 99.9174 
0.976628 0.0426442 0.210664 57.2144 -0.0378834 0.998928 -0.0265853 -3.32221 -0.211572 0.0179832 0.977197 100.48 
0.975371 0.0475252 0.21539 57.3223 -0.0428382 0.998734 -0.02638 -3.33469 -0.216371 0.0165033 0.976172 101.061 
0.973958 0.0504559 0.221044 57.4427 -0.0466089 0.998658 -0.022589 -3.35034 -0.221887 0.0116981 0.975002 101.653 
0.973061 0.0472378 0.225654 57.5784 -0.0442915 0.998855 -0.0181049 -3.36592 -0.226251 0.00762258 0.974039 102.258 
0.972327 0.0427002 0.229689 57.7154 -0.0409082 0.999084 -0.0125605 -3.38051 -0.230015 0.00281669 0.973183 102.872 
0.971553 0.0401441 0.233394 57.8606 -0.0393609 0.999193 -0.0080145 -3.39356 -0.233527 -0.00140017 0.972349 103.505 
0.970995 0.0355515 0.236441 58.01 -0.0347973 0.999367 -0.00736382 -3.4029 -0.236553 -0.00107734 0.971618 104.144 
0.971073 0.0319597 0.236634 58.164 -0.0303796 0.999485 -0.0103219 -3.41463 -0.236842 0.00283444 0.971544 104.787 
0.971178 0.0309702 0.236334 58.3151 -0.0276278 0.999466 -0.0174424 -3.4285 -0.236748 0.0104102 0.971515 105.44 
0.971328 0.0333283 0.235397 58.4657 -0.028454 0.999305 -0.0240748 -3.44539 -0.236036 0.0166864 0.971601 106.099 
0.971901 0.036158 0.232596 58.6142 -0.0305167 0.999147 -0.027808 -3.45979 -0.233403 0.0199285 0.972176 106.776 
0.97254 0.0343778 0.230183 58.7684 -0.0297097 0.999277 -0.0237167 -3.47563 -0.230832 0.0162267 0.972858 107.466 
0.972991 0.0300862 0.228873 58.9278 -0.0271307 0.999503 -0.0160501 -3.49699 -0.229242 0.00940704 0.973324 108.182 
0.973519 0.0303037 0.226588 59.0805 -0.0287522 0.999535 -0.0101455 -3.52051 -0.22679 0.00336184 0.973938 108.912 
0.973865 0.0335276 0.224637 59.2347 -0.0318835 0.999432 -0.0109438 -3.53566 -0.224876 0.00349545 0.974381 109.645 
0.974195 0.0388756 0.222334 59.3846 -0.0362582 0.999217 -0.0158439 -3.54685 -0.222776 0.00737356 0.974842 110.386 
0.975051 0.0397228 0.218399 59.534 -0.0360092 0.999132 -0.0209598 -3.56563 -0.219042 0.0125724 0.975634 111.126 
0.975948 0.0383458 0.214602 59.6864 -0.0340324 0.999138 -0.02376 -3.58682 -0.215328 0.015885 0.976412 111.884 
0.976942 0.035838 0.210475 59.8475 -0.0318567 0.999244 -0.0222777 -3.60809 -0.211114 0.0150589 0.977345 112.653 
0.977818 0.0314749 0.207075 60.0031 -0.0278596 0.999405 -0.0203528 -3.63103 -0.207592 0.0141322 0.978113 113.447 
0.978239 0.0304771 0.205229 60.1592 -0.027475 0.99947 -0.017463 -3.65683 -0.205652 0.0114443 0.978558 114.241 
0.978617 0.0268096 0.203935 60.3205 -0.0241899 0.99959 -0.0153286 -3.67488 -0.204262 0.0100676 0.978864 115.055 
0.978834 0.0216641 0.203504 60.4839 -0.0192089 0.999717 -0.0140328 -3.69544 -0.203751 0.00982657 0.978973 115.871 
0.978913 0.022392 0.203045 60.6319 -0.0202224 0.999714 -0.0127544 -3.70856 -0.203273 0.00837931 0.979086 116.686 
0.978671 0.0276818 0.20356 60.7801 -0.0252301 0.999575 -0.0146302 -3.7317 -0.203878 0.00918229 0.978953 117.508 
0.978365 0.0335421 0.20415 60.9277 -0.030532 0.999374 -0.0178776 -3.75239 -0.204622 0.0112576 0.978776 118.326 
0.977847 0.0422917 0.205002 61.0799 -0.0391185 0.999044 -0.0195096 -3.77416 -0.205631 0.011058 0.978567 119.155 
0.976991 0.0480952 0.207786 61.2394 -0.0451334 0.998801 -0.018975 -3.79682 -0.20845 0.0091602 0.97799 120.008 
0.976277 0.0503593 0.210586 61.3998 -0.0478488 0.99871 -0.0170033 -3.82347 -0.211171 0.0065236 0.977427 120.853 
0.975737 0.0503904 0.213066 61.5742 -0.0477478 0.998705 -0.0175343 -3.85844 -0.213674 0.00693534 0.97688 121.704 
0.975401 0.0490571 0.214909 61.7484 -0.0457184 0.998744 -0.0204825 -3.87611 -0.215643 0.0101533 0.976419 122.549 
0.975459 0.0426713 0.216007 61.9386 -0.0394962 0.999039 -0.018997 -3.90643 -0.21661 0.00999927 0.976207 123.396 
0.975704 0.0356854 0.216166 62.1204 -0.032058 0.99928 -0.0202655 -3.93609 -0.216733 0.0128432 0.976146 124.241 
0.975517 0.0345915 0.217188 62.3007 -0.0309264 0.999316 -0.0202531 -3.96686 -0.21774 0.0130404 0.97592 125.091 
0.975016 0.0371328 0.219008 62.4759 -0.0341159 0.999264 -0.0175424 -3.98791 -0.219498 0.00963242 0.975565 125.939 
0.974658 0.0392377 0.220232 62.6478 -0.0375134 0.999224 -0.0120087 -4.01233 -0.220532 0.00344262 0.975374 126.779 
0.974323 0.0428694 0.221036 62.8213 -0.0422054 0.999079 -0.00772865 -4.03853 -0.221164 -0.0017988 0.975235 127.621 
0.974098 0.042223 0.222148 62.9957 -0.0400558 0.999096 -0.0142549 -4.06225 -0.222549 0.00498723 0.974909 128.45 
0.974398 0.0378923 0.221616 63.1796 -0.0323967 0.999072 -0.0283827 -4.09059 -0.222485 0.0204763 0.974721 129.262 
0.974542 0.0354348 0.221389 63.3567 -0.027839 0.998915 -0.0373381 -4.12225 -0.222471 0.0302242 0.974471 130.076 
0.974844 0.0327013 0.220478 63.5353 -0.0271173 0.999231 -0.0283075 -4.14968 -0.221234 0.0216166 0.974981 130.904 
0.975202 0.0261141 0.219771 63.7095 -0.025082 0.999657 -0.00748617 -4.17924 -0.219892 0.00178814 0.975523 131.755 
0.975502 0.0222162 0.218865 63.8842 -0.0244861 0.999671 0.00766374 -4.20669 -0.218623 -0.0128352 0.975725 132.601 
0.975486 0.0271144 0.218384 64.046 -0.0282102 0.9996 0.00190031 -4.22356 -0.218245 -0.00801445 0.975861 133.416 
0.975738 0.0351079 0.216109 64.2048 -0.0328428 0.999361 -0.0140654 -4.23654 -0.216464 0.00662646 0.976268 134.225 
0.976003 0.035197 0.214895 64.3707 -0.0311883 0.999271 -0.0220182 -4.25005 -0.215513 0.0147875 0.976389 135.036 
0.976608 0.0309645 0.212786 64.5429 -0.026752 0.999385 -0.0226492 -4.28155 -0.213356 0.0164269 0.976836 135.837 
0.977239 0.030528 0.209932 64.7084 -0.0267066 0.999422 -0.021015 -4.31343 -0.210453 0.0149301 0.97749 136.663 
0.978026 0.0296792 0.20636 64.8673 -0.0256141 0.999422 -0.0223441 -4.33896 -0.206904 0.0165673 0.978221 137.477 
0.979066 0.0311107 0.201149 65.0259 -0.0268294 0.999352 -0.023977 -4.36712 -0.201765 0.0180783 0.979267 138.283 
0.979527 0.0358184 0.198102 65.1706 -0.0316701 0.999208 -0.0240702 -4.39988 -0.198807 0.0173034 0.979886 139.093 
0.979709 0.0419222 0.195992 65.3079 -0.0378588 0.998984 -0.0244353 -4.42497 -0.196817 0.0165194 0.980301 139.898 
0.979987 0.0434274 0.194267 65.4495 -0.039779 0.998952 -0.0226444 -4.45056 -0.195047 0.0144634 0.980687 140.709 
0.980269 0.0413366 0.193298 65.5907 -0.0385934 0.999094 -0.0179377 -4.4787 -0.193864 0.0101236 0.980976 141.514 
0.98069 0.0398654 0.191464 65.7392 -0.0371281 0.999151 -0.0178648 -4.50568 -0.192013 0.0104111 0.981337 142.315 
0.981258 0.0380401 0.188908 65.882 -0.0347182 0.999179 -0.0208645 -4.53431 -0.189547 0.0139148 0.981773 143.112 
0.98238 0.0332498 0.183911 66.0299 -0.0292412 0.999273 -0.024467 -4.56294 -0.18459 0.018658 0.982638 143.899 
0.983683 0.0304741 0.17731 66.1692 -0.0263567 0.999326 -0.0255316 -4.59043 -0.177969 0.0204416 0.983824 144.686 
0.984864 0.0287337 0.170927 66.2915 -0.0256759 0.999469 -0.020074 -4.61545 -0.171413 0.0153814 0.985079 145.477 
0.985998 0.0258797 0.164734 66.4133 -0.0242941 0.999637 -0.0116341 -4.63821 -0.164975 0.0074691 0.986269 146.287 
0.986685 0.0226166 0.161062 66.535 -0.0225815 0.999743 -0.00204898 -4.66194 -0.161067 -0.0016154 0.986942 147.094 
0.987168 0.0290552 0.157017 66.6342 -0.0295077 0.999564 0.000550306 -4.67874 -0.156933 -0.00517654 0.987596 147.897 
0.987853 0.0319559 0.152069 66.7419 -0.031716 0.999489 -0.0040045 -4.69604 -0.152119 -0.000867227 0.988362 148.69 
0.989017 0.0320943 0.144275 66.846 -0.0303522 0.999437 -0.0142613 -4.70938 -0.144651 0.00972556 0.989435 149.485 
0.989999 0.0289932 0.138061 66.9434 -0.0265334 0.999455 -0.0196251 -4.72304 -0.138554 0.0157656 0.990229 150.281 
0.990977 0.0278112 0.131115 67.039 -0.025556 0.999496 -0.0188525 -4.73939 -0.131573 0.0153316 0.991188 151.094 
0.991726 0.0344415 0.123669 67.1134 -0.0327677 0.999342 -0.0155448 -4.76205 -0.124123 0.0113637 0.992202 151.913 
0.992454 0.0398219 0.115969 67.1799 -0.0380838 0.999127 -0.0171669 -4.78451 -0.116552 0.0126207 0.993104 152.723 
0.993486 0.0427655 0.105623 67.2489 -0.0405749 0.998916 -0.0228046 -4.80848 -0.106483 0.0183703 0.994145 153.529 
0.99442 0.0412986 0.0970777 67.316 -0.0390123 0.998917 -0.0253341 -4.82916 -0.0980188 0.0214054 0.994954 154.345 
0.995167 0.0412082 0.0891274 67.3731 -0.0393303 0.998968 -0.022727 -4.85005 -0.0899719 0.0191117 0.995761 155.169 
0.995743 0.043602 0.0812088 67.4214 -0.0424766 0.998977 -0.0155362 -4.87524 -0.0818031 0.0120205 0.996576 156.001 
0.996241 0.046616 0.0730172 67.4582 -0.0460287 0.998893 -0.00970786 -4.89866 -0.0733889 0.0063104 0.997283 156.824 
0.996784 0.0457063 0.0658206 67.4909 -0.0453817 0.998949 -0.00641924 -4.91591 -0.0660448 0.00341147 0.997811 157.65 
0.997122 0.0469484 0.0595249 67.5245 -0.0467731 0.998896 -0.00433716 -4.93195 -0.0596628 0.00154044 0.998217 158.474 
0.997417 0.046096 0.0550829 67.56 -0.0458306 0.998931 -0.00607348 -4.95001 -0.0553039 0.00353323 0.998463 159.294 
0.997417 0.0510134 0.0505557 67.5818 -0.0504957 0.998658 -0.0114669 -4.96954 -0.0510727 0.00888439 0.998655 160.111 
0.997256 0.0572703 0.0469053 67.5916 -0.0564701 0.998238 -0.0182136 -4.9898 -0.0478656 0.0155148 0.998733 160.922 
0.997337 0.0583603 0.0437365 67.6118 -0.0575058 0.998134 -0.0205507 -5.00924 -0.0448541 0.0179808 0.998832 161.741 
0.99736 0.0602377 0.0405565 67.6319 -0.0596931 0.998111 -0.0145097 -5.0299 -0.0413538 0.0120503 0.999072 162.572 
0.997307 0.0623878 0.0385457 67.6459 -0.0622693 0.99805 -0.00427042 -5.04492 -0.0387369 0.00185863 0.999248 163.405 
0.997366 0.0633816 0.035272 67.6625 -0.0635313 0.997975 0.00313688 -5.06184 -0.0350017 -0.00536958 0.999373 164.234 
0.997761 0.0597739 0.029993 67.6759 -0.0597951 0.998211 -0.000194246 -5.07382 -0.0299509 -0.0015997 0.99955 165.051 
0.998564 0.0478388 0.0240958 67.6983 -0.0476184 0.998819 -0.00964235 -5.08947 -0.0245285 0.00848102 0.999663 165.866 
0.998825 0.0455304 0.0166201 67.7063 -0.0452904 0.998868 -0.0145464 -5.09581 -0.0172635 0.0137765 0.999756 166.689 
0.998739 0.0492259 0.00985871 67.691 -0.0490942 0.998707 -0.0131882 -5.11028 -0.0104951 0.0126875 0.999864 167.528 
0.998881 0.047253 0.00214847 67.6827 -0.0472372 0.99886 -0.00690886 -5.13141 -0.0024724 0.00679955 0.999974 168.363 
0.999103 0.0420224 -0.00513002 67.6683 -0.0420406 0.99911 -0.0034649 -5.14185 0.00497993 0.00367738 0.999981 169.194 
0.999391 0.03317 -0.010857 67.6548 -0.0331643 0.99945 0.000709981 -5.14904 0.0108747 -0.000349566 0.999941 170.039 
0.999432 0.0289715 -0.0172134 67.6339 -0.0289597 0.99958 0.000940385 -5.16533 0.0172335 -0.00044144 0.999851 170.88 
0.999385 0.0257159 -0.0238279 67.6054 -0.0258682 0.999647 -0.00610063 -5.17901 0.0236627 0.00671318 0.999697 171.714 
0.999392 0.0160411 -0.0309444 67.5682 -0.0165497 0.999731 -0.0162504 -5.19263 0.0306755 0.0167526 0.999389 172.545 
0.999281 0.00574086 -0.0374856 67.5416 -0.0065114 0.999769 -0.0204637 -5.2041 0.0373595 0.020693 0.999088 173.38 
0.998984 0.00938006 -0.0440754 67.4904 -0.00997376 0.999862 -0.0132678 -5.21987 0.0439449 0.0136939 0.99894 174.219 
0.998588 0.019749 -0.0493217 67.4208 -0.0197926 0.999804 -0.000393768 -5.23348 0.0493043 0.00136933 0.998783 175.07 
0.99823 0.0245844 -0.0541498 67.3527 -0.0242046 0.999678 0.00765994 -5.25143 0.0543208 -0.00633579 0.998503 175.923 
0.998058 0.0239548 -0.0575017 67.2839 -0.0237279 0.999708 0.00462645 -5.25995 0.0575958 -0.00325315 0.998335 176.763 
0.997905 0.0256156 -0.0594152 67.2165 -0.0260209 0.999643 -0.00605579 -5.26953 0.059239 0.00758905 0.998215 177.59 
0.997394 0.0360444 -0.0624947 67.136 -0.0370861 0.99919 -0.0155866 -5.28134 0.0618824 0.0178636 0.997923 178.424 
0.997297 0.0344457 -0.0648934 67.0696 -0.0357423 0.999182 -0.0189259 -5.30205 0.0641885 0.0211942 0.997713 179.268 
0.997303 0.0291549 -0.0673559 67.0126 -0.0301514 0.99945 -0.0138239 -5.32373 0.0669159 0.0158174 0.997633 180.124 
0.997311 0.0295161 -0.0670741 66.9491 -0.0299256 0.999539 -0.00510724 -5.34063 0.0668926 0.00710066 0.997735 180.974 
0.997284 0.0315736 -0.0665463 66.8704 -0.0316126 0.9995 0.000468553 -5.35854 0.0665279 0.00163633 0.997783 181.827 
0.997168 0.0314389 -0.068317 66.8016 -0.0315361 0.999502 -0.000342819 -5.371 0.0682724 0.00249621 0.997664 182.678 
0.997095 0.0280658 -0.0708048 66.736 -0.0287929 0.999542 -0.00926781 -5.39006 0.0705123 0.0112795 0.997447 183.522 
0.997159 0.017235 -0.0733243 66.6796 -0.0187898 0.999612 -0.0205667 -5.40958 0.0729414 0.0218859 0.997096 184.362 
0.997121 0.00638958 -0.0755602 66.624 -0.00827057 0.999663 -0.0246062 -5.42954 0.0753776 0.0251602 0.996838 185.219 
0.997036 0.00879672 -0.0764301 66.5431 -0.0103788 0.999739 -0.0203265 -5.45055 0.0762315 0.0210595 0.996868 186.071 
0.996868 0.0149266 -0.0776607 66.4581 -0.0157276 0.999829 -0.00971176 -5.47667 0.0775025 0.0109027 0.996932 186.927 
0.996714 0.0157801 -0.0794479 66.3783 -0.0163054 0.999849 -0.00596647 -5.50354 0.0793419 0.0072422 0.996821 187.782 
0.996665 0.0146455 -0.0802811 66.3005 -0.0154919 0.999831 -0.00992912 -5.52231 0.0801222 0.0111396 0.996723 188.624 
0.996694 0.0147704 -0.0798902 66.2167 -0.0161044 0.999741 -0.0160789 -5.53858 0.0796321 0.0173122 0.996674 189.464 
0.996546 0.0216144 -0.0801832 66.1263 -0.023 0.999601 -0.0163957 -5.56108 0.0797969 0.0181832 0.996645 190.302 
0.996453 0.0240247 -0.0806472 66.0435 -0.0251667 0.999596 -0.0131726 -5.58582 0.0802983 0.0151554 0.996656 191.137 
0.996292 0.027646 -0.0814675 65.961 -0.028581 0.999538 -0.010331 -5.60804 0.0811444 0.0126211 0.996622 191.969 
0.996197 0.031323 -0.0813013 65.8755 -0.0320022 0.999463 -0.0070636 -5.63075 0.0810364 0.00963847 0.996664 192.8 
0.99603 0.0337517 -0.0823698 65.7964 -0.0344889 0.999377 -0.00754306 -5.64875 0.082064 0.0103539 0.996573 193.632 
