1 -4.23778e-08 4.22719e-08 0 -4.23778e-08 1 -4.19404e-08 0 4.22719e-08 -4.19404e-08 1 0 
0.999053 -5.269e-06 0.0435057 0.0725225 9.7428e-05 0.999998 -0.00211819 -0.0670794 -0.0435055 0.00212034 0.999051 1.1299 
0.996102 -0.00448581 0.0880962 0.220426 0.00510281 0.999964 -0.00678075 -0.113247 -0.0880626 0.00720378 0.996089 2.23304 
0.991116 -0.00428327 0.132929 0.347095 0.00574288 0.999927 -0.0105996 -0.14435 -0.132874 0.0112688 0.991069 3.18518 
0.983852 -0.00183448 0.178971 0.517803 0.00419045 0.999909 -0.0127873 -0.167981 -0.178932 0.0133307 0.983771 4.1688 
0.974517 -0.00411942 0.224275 0.782422 0.0071906 0.999891 -0.0128792 -0.176162 -0.224197 0.0141636 0.974441 5.17142 
0.962946 -0.00504695 0.269648 1.04159 0.00917457 0.999859 -0.0140497 -0.199992 -0.269539 0.0160029 0.962856 6.2152 
0.949679 -0.00755686 0.313134 1.35252 0.0133875 0.999775 -0.0164746 -0.234549 -0.312939 0.0198376 0.949566 7.18433 
0.934528 -0.00958293 0.355761 1.73362 0.016977 0.9997 -0.0176678 -0.308141 -0.355485 0.0225508 0.93441 8.22625 
0.917482 -0.00985227 0.397655 2.16692 0.0187171 0.999655 -0.0184177 -0.3388 -0.397336 0.0243408 0.91735 9.1814 
0.89796 -0.010069 0.439961 2.59505 0.0194906 0.999667 -0.0169022 -0.3734 -0.439645 0.0237525 0.897858 10.0918 
0.876037 -0.00991143 0.482142 3.02768 0.0197932 0.999685 -0.0154132 -0.430344 -0.481838 0.0230457 0.875957 10.9351 
0.852223 -0.0103146 0.523077 3.54333 0.0208257 0.999682 -0.0142176 -0.462416 -0.522764 0.0230099 0.852167 11.787 
0.826202 -0.0100138 0.563286 4.10056 0.0216995 0.999666 -0.0140564 -0.495942 -0.562956 0.0238364 0.826143 12.6603 
0.798984 -0.0121785 0.601229 4.69075 0.0252912 0.999591 -0.0133625 -0.534267 -0.60082 0.0258822 0.798965 13.4207 
0.769882 -0.0108591 0.638094 5.30409 0.0257415 0.99957 -0.0140475 -0.565996 -0.637667 0.0272404 0.76983 14.2046 
0.73937 -0.0140248 0.673154 5.95892 0.0303353 0.999462 -0.0124961 -0.599076 -0.672616 0.0296595 0.739397 14.9273 
0.707176 -0.0130128 0.706917 6.68418 0.0305403 0.99946 -0.0121537 -0.622305 -0.706377 0.0301843 0.707192 15.6915 
0.673125 -0.0118299 0.739434 7.45338 0.0317071 0.999414 -0.0128747 -0.65556 -0.738848 0.0321116 0.673106 16.395 
0.637666 -0.0129756 0.770203 8.2441 0.0359718 0.999269 -0.0129472 -0.684182 -0.769472 0.0359616 0.637667 17.0276 
0.601067 -0.0113431 0.799118 9.03176 0.0359452 0.999271 -0.0128526 -0.720322 -0.79839 0.0364497 0.601037 17.6287 
0.563616 -0.0107251 0.825967 9.86076 0.0390865 0.999142 -0.0136978 -0.749833 -0.825111 0.0400045 0.563552 18.1798 
0.524734 -0.00926093 0.851216 10.703 0.0437732 0.998911 -0.0161164 -0.777973 -0.85014 0.0457172 0.524568 18.6966 
0.485582 -0.00799866 0.874154 11.6666 0.0455282 0.998832 -0.016151 -0.777079 -0.873005 0.0476413 0.485379 19.2816 
0.447578 -0.00977193 0.894192 12.5717 0.0508057 0.998603 -0.0145174 -0.796082 -0.892801 0.0519277 0.447449 19.7232 
0.41088 -0.0103323 0.911631 13.5683 0.0549989 0.998395 -0.0134729 -0.809332 -0.910029 0.0556744 0.410789 20.1307 
0.37535 -0.00834742 0.926845 14.5319 0.0576722 0.998232 -0.0143656 -0.826967 -0.925087 0.0588453 0.375168 20.5412 
0.342385 -0.00924843 0.939514 15.5832 0.0583148 0.998233 -0.0114252 -0.858121 -0.937748 0.0586994 0.342319 20.9122 
0.30926 -0.0111298 0.950912 16.591 0.0605198 0.998135 -0.00800019 -0.896191 -0.94905 0.0600232 0.309357 21.2325 
0.27633 -0.0109768 0.961 17.6733 0.0609883 0.99812 -0.00613618 -0.914872 -0.959126 0.0603053 0.27648 21.5559 
0.243912 -0.00776215 0.969766 18.7731 0.0590203 0.998233 -0.00685465 -0.905868 -0.968 0.0589079 0.243939 21.8871 
0.213732 -0.00630814 0.976872 19.9019 0.0595808 0.998202 -0.00659003 -0.923896 -0.975074 0.0596113 0.213724 22.1075 
0.183349 -0.00626232 0.983028 20.9083 0.0612421 0.99811 -0.00506423 -0.947714 -0.981138 0.0611312 0.183386 22.291 
0.153163 -0.00672452 0.988178 21.9637 0.0635428 0.997974 -0.00305775 -0.964722 -0.986156 0.0632599 0.15328 22.4487 
0.121856 -0.00730168 0.992521 23.071 0.061557 0.998103 -0.000214932 -0.990231 -0.990637 0.0611228 0.122074 22.649 
0.0927923 -0.00740381 0.995658 24.2633 0.0623243 0.998055 0.0016131 -0.988677 -0.993733 0.061904 0.0930732 22.7695 
0.0661018 -0.00707534 0.997788 25.5129 0.0649505 0.997885 0.00277308 -0.98208 -0.995697 0.0646235 0.0664215 22.8396 
0.0408804 -0.00633059 0.999144 26.7816 0.0698345 0.997552 0.00346312 -0.962896 -0.996721 0.0696331 0.0412224 22.9142 
0.0177334 -0.00586285 0.999825 28.0111 0.0739893 0.997249 0.00453534 -0.954185 -0.997101 0.073896 0.0181184 22.9755 
-0.00356496 -0.00573906 0.999977 29.2475 0.0791837 0.996842 0.00600328 -0.94214 -0.996854 0.0792033 -0.00309927 23.0187 
-0.0216948 -0.00624598 0.999745 30.4403 0.083505 0.996475 0.00803755 -0.939357 -0.996271 0.0836581 -0.0210967 23.0017 
-0.0381445 -0.00564419 0.999256 31.7255 0.0860846 0.996248 0.00891322 -0.92123 -0.995557 0.0863606 -0.0375155 23.0161 
-0.0526575 -0.00621948 0.998593 33.0062 0.0885378 0.996013 0.0108721 -0.906115 -0.99468 0.0889857 -0.051897 22.9606 
-0.0661043 -0.00753667 0.997784 34.2343 0.0882139 0.996012 0.0133675 -0.902405 -0.993906 0.088902 -0.0651758 22.903 
-0.0791884 -0.00743684 0.996832 35.4703 0.0876928 0.996043 0.0143972 -0.892786 -0.992995 0.088555 -0.0782229 22.8587 
-0.0907559 -0.00441487 0.995863 36.8036 0.0888235 0.995969 0.01251 -0.869997 -0.991904 0.0895914 -0.0899979 22.8098 
-0.101355 -0.00122652 0.99485 38.0424 0.0887991 0.995996 0.0102746 -0.862474 -0.990879 0.0893832 -0.10084 22.7112 
-0.11114 0.0010833 0.993804 39.2836 0.0902456 0.995879 0.00900681 -0.858762 -0.989699 0.0906875 -0.11078 22.5949 
-0.119411 0.00177125 0.992843 40.6202 0.0900857 0.995893 0.00905798 -0.866261 -0.988749 0.0905226 -0.11908 22.4909 
-0.125783 0.00245302 0.992055 41.9161 0.0895365 0.995944 0.00888965 -0.862492 -0.988009 0.0899433 -0.125492 22.351 
-0.131226 0.00423499 0.991343 43.2629 0.0902544 0.995889 0.00769267 -0.846713 -0.987235 0.0904826 -0.131069 22.186 
-0.135684 0.00572084 0.990736 44.6578 0.0898947 0.99593 0.00656046 -0.845661 -0.986665 0.089952 -0.135646 22.0072 
-0.139861 0.00649612 0.99015 46.0657 0.0904829 0.995878 0.00624712 -0.838976 -0.986028 0.0904654 -0.139872 21.837 
-0.143371 0.0051846 0.989655 47.5184 0.0902305 0.99589 0.00785437 -0.853168 -0.985547 0.0904232 -0.14325 21.6752 
-0.145471 0.00340579 0.989357 48.9465 0.0913326 0.99577 0.0100012 -0.84102 -0.985138 0.0918154 -0.145167 21.488 
-0.148146 0.0025111 0.988962 50.5576 0.0907202 0.995815 0.0110612 -0.819958 -0.984796 0.0913575 -0.147754 21.2838 
-0.15082 0.0030393 0.988556 52.0089 0.0926459 0.995637 0.0110735 -0.816443 -0.98421 0.0932559 -0.150444 21.0947 
-0.151813 0.00254988 0.988406 53.545 0.092085 0.995684 0.011575 -0.833033 -0.98411 0.0927746 -0.151393 20.8556 
-0.152684 0.0036098 0.988268 55.1019 0.093954 0.995517 0.0108792 -0.840367 -0.983799 0.0945128 -0.152339 20.6597 
-0.15292 0.00373999 0.988231 56.6537 0.0936635 0.995546 0.0107259 -0.836412 -0.98379 0.0942014 -0.15259 20.4418 
-0.152246 0.00497646 0.98833 58.1657 0.0936 0.995565 0.0094055 -0.828159 -0.9839 0.0939396 -0.152036 20.2175 
-0.15191 0.00490014 0.988382 59.7253 0.0948343 0.995446 0.00964042 -0.814392 -0.983834 0.095197 -0.151683 20.0379 
-0.15026 0.00370926 0.988639 61.2747 0.0941498 0.995502 0.0105744 -0.814765 -0.984153 0.0946691 -0.149933 19.8165 
-0.149304 0.00419325 0.988782 62.8607 0.0955291 0.995374 0.0102034 -0.813388 -0.984166 0.0959809 -0.149014 19.5985 
-0.149334 0.0049091 0.988774 64.4555 0.0951935 0.995414 0.0094349 -0.802967 -0.984194 0.0955339 -0.149117 19.4109 
-0.148457 0.00549991 0.988903 66.0675 0.0958292 0.995358 0.00885031 -0.792498 -0.984265 0.0960797 -0.148295 19.1852 
-0.147922 0.00545179 0.988984 67.7326 0.0967213 0.995271 0.00898002 -0.792444 -0.984258 0.0969842 -0.147749 18.9606 
-0.147374 0.00340662 0.989075 69.3995 0.0989763 0.995025 0.0113204 -0.797365 -0.984116 0.0995634 -0.146978 18.7416 
-0.146766 0.0012429 0.98917 71.0917 0.100337 0.99486 0.0136371 -0.794029 -0.984069 0.101252 -0.146136 18.5073 
-0.146038 0.00238227 0.989276 72.6999 0.102 0.994704 0.0126619 -0.780262 -0.984006 0.102755 -0.145508 18.2772 
-0.145683 0.00407596 0.989323 74.3978 0.103813 0.994534 0.0111894 -0.776427 -0.98387 0.104334 -0.145309 18.0658 
-0.145184 0.00385843 0.989397 76.1126 0.103226 0.994594 0.0112686 -0.763049 -0.984005 0.103767 -0.144798 17.8379 
-0.145288 0.004037 0.989381 77.7972 0.103678 0.994548 0.0111666 -0.751073 -0.983942 0.104199 -0.144914 17.6296 
-0.144792 0.00281911 0.989458 79.5786 0.103181 0.994587 0.0122652 -0.747085 -0.984067 0.10387 -0.144299 17.3556 
-0.144105 0.00308591 0.989557 81.3309 0.105027 0.994395 0.0121936 -0.73586 -0.983973 0.105688 -0.143621 17.1098 
-0.143709 0.00313261 0.989615 83.156 0.106358 0.994252 0.0122976 -0.716815 -0.983888 0.10702 -0.143216 16.8483 
-0.143498 0.00379603 0.989643 84.9483 0.106872 0.994204 0.0116829 -0.717242 -0.983863 0.107442 -0.143072 16.6093 
-0.144386 0.00434929 0.989512 86.7069 0.105992 0.994305 0.0110956 -0.711171 -0.983828 0.106483 -0.144025 16.3926 
-0.145035 0.00542721 0.989412 88.6174 0.104812 0.994443 0.00990925 -0.684006 -0.983859 0.10514 -0.144798 16.1041 
-0.14675 0.00571258 0.989157 90.4675 0.104055 0.994524 0.00969384 -0.688133 -0.983685 0.10435 -0.146541 15.8879 
-0.147108 0.00494951 0.989108 92.2732 0.102519 0.994678 0.0102699 -0.677832 -0.983793 0.102913 -0.146832 15.6254 
-0.148022 0.00438407 0.988974 94.1224 0.103156 0.994604 0.0110306 -0.679818 -0.983589 0.103652 -0.147676 15.3804 
-0.148358 0.00346327 0.988928 95.9399 0.10046 0.994874 0.0115866 -0.672139 -0.983818 0.101066 -0.147945 15.1325 
-0.149868 0.00434225 0.988696 97.7883 0.100043 0.994924 0.010795 -0.661818 -0.983631 0.10053 -0.149541 14.8715 
-0.153073 0.00450852 0.988204 99.6941 0.0980852 0.995121 0.0106533 -0.670774 -0.983335 0.098559 -0.152769 14.6152 
-0.156753 0.00542404 0.987623 101.551 0.0989323 0.995041 0.0102374 -0.665917 -0.98267 0.0993126 -0.156512 14.3241 
-0.160995 0.00455272 0.986945 103.421 0.0968351 0.995237 0.0112051 -0.657333 -0.982193 0.0973749 -0.160669 14.0395 
-0.165709 0.00348132 0.986168 105.32 0.0956222 0.995338 0.012554 -0.655599 -0.981528 0.0963799 -0.16527 13.7447 
-0.17004 0.00414956 0.985428 107.179 0.094732 0.995429 0.0121547 -0.654768 -0.980873 0.0954184 -0.169656 13.4445 
-0.174671 0.00605193 0.984608 109.108 0.0953926 0.995381 0.0108045 -0.644454 -0.979995 0.0958116 -0.174441 13.1214 
-0.17951 0.00760386 0.983727 111.017 0.0953079 0.995401 0.00969762 -0.645878 -0.979128 0.0954977 -0.17941 12.8003 
-0.18424 0.00787934 0.98285 112.935 0.0938266 0.995542 0.00960709 -0.643521 -0.978393 0.0939875 -0.184158 12.4675 
-0.188705 0.00736615 0.982006 114.866 0.0917974 0.995726 0.0101709 -0.646 -0.977734 0.0920649 -0.188574 12.118 
-0.19425 0.00677286 0.980929 116.828 0.0895638 0.995922 0.0108596 -0.640678 -0.976855 0.0899652 -0.194065 11.7649 
-0.200089 0.00691058 0.979753 118.805 0.0894285 0.99593 0.0112387 -0.628109 -0.975688 0.0898666 -0.199893 11.3904 
-0.205574 0.00659028 0.978619 120.788 0.0899901 0.995868 0.0121973 -0.628538 -0.974495 0.0905735 -0.205318 10.9994 
-0.211361 0.00819995 0.977374 122.751 0.0902636 0.995855 0.0111648 -0.620059 -0.973231 0.0905811 -0.211225 10.6109 
-0.216173 0.00948352 0.976309 124.704 0.0898125 0.995906 0.0102123 -0.609302 -0.972215 0.0898924 -0.21614 10.1986 
-0.222082 0.0093982 0.974983 126.714 0.0899575 0.995886 0.0108908 -0.601003 -0.970869 0.0901257 -0.222014 9.77804 
-0.227783 0.00909812 0.973669 128.624 0.0897156 0.995899 0.0116824 -0.613789 -0.96957 0.0900144 -0.227665 9.38308 
-0.23263 0.00972661 0.972517 130.625 0.089444 0.995926 0.0114345 -0.613115 -0.968444 0.0896459 -0.232552 8.93869 
-0.237278 0.010444 0.971386 132.65 0.088618 0.996006 0.0109377 -0.598876 -0.967391 0.0886775 -0.237256 8.46599 
-0.242284 0.0100747 0.970153 134.667 0.0900676 0.995861 0.0121515 -0.587922 -0.966016 0.0903235 -0.242188 8.00843 
-0.246237 0.00990695 0.969159 136.608 0.0930242 0.995573 0.0134579 -0.595706 -0.964735 0.0934691 -0.246069 7.53847 
-0.24919 0.0109762 0.968392 138.604 0.0950271 0.995387 0.0131705 -0.584478 -0.963781 0.0953055 -0.249084 7.02571 
-0.25215 0.0114565 0.96762 140.64 0.0949968 0.995393 0.0129696 -0.574929 -0.963014 0.0951911 -0.252077 6.51317 
-0.254933 0.0108602 0.966898 142.674 0.0939726 0.995482 0.0135955 -0.57029 -0.962382 0.0943279 -0.254801 5.97268 
-0.259131 0.0114939 0.965774 144.74 0.0932589 0.995555 0.0131743 -0.561912 -0.961329 0.0934809 -0.259051 5.44992 
-0.262995 0.0117811 0.964725 146.637 0.0907111 0.995798 0.0125682 -0.576086 -0.960523 0.0908167 -0.262958 4.90812 
-0.266964 0.0111547 0.963642 148.713 0.0895897 0.99589 0.0132916 -0.568459 -0.959533 0.0898808 -0.266866 4.37647 
-0.271625 0.0115118 0.962334 150.799 0.0889391 0.99595 0.0131897 -0.575486 -0.958285 0.0891718 -0.271549 3.83842 
-0.276361 0.0118309 0.960981 152.841 0.0873834 0.996092 0.0128666 -0.575465 -0.957073 0.0875296 -0.276315 3.29462 
-0.280617 0.0117969 0.959747 154.862 0.08698 0.996123 0.0131877 -0.571618 -0.95587 0.0871795 -0.280555 2.7321 
-0.284605 0.011028 0.958581 156.859 0.0868533 0.996118 0.014327 -0.572578 -0.954702 0.0873335 -0.284458 2.16415 
-0.289487 0.0109685 0.957119 158.952 0.0873615 0.996064 0.0150083 -0.567513 -0.953187 0.0879601 -0.289306 1.62585 
-0.293323 0.0118125 0.95594 161.009 0.0884 0.995975 0.0148176 -0.566384 -0.951918 0.0888515 -0.293186 1.043 
-0.297067 0.0131446 0.954766 163.055 0.0888574 0.995947 0.0139356 -0.557699 -0.950713 0.0889779 -0.297031 0.453469 
-0.300536 0.0146987 0.953657 165.068 0.0889502 0.995955 0.0126811 -0.550189 -0.949614 0.0886391 -0.300628 -0.148403 
-0.303663 0.0153293 0.952656 167.103 0.0894741 0.995911 0.0124948 -0.563047 -0.948569 0.0890323 -0.303793 -0.788165 
-0.307058 0.015931 0.951557 169.119 0.0891935 0.995941 0.0121077 -0.566006 -0.947502 0.0885905 -0.307232 -1.39929 
-0.310732 0.0158567 0.950365 171.18 0.0891736 0.995937 0.012539 -0.561679 -0.946305 0.0886438 -0.310883 -2.02834 
-0.314707 0.0154661 0.949063 173.276 0.0879245 0.996043 0.0129238 -0.580951 -0.945108 0.0875131 -0.314822 -2.69706 
-0.31911 0.0159607 0.947583 175.348 0.0891402 0.995931 0.013244 -0.579183 -0.943516 0.0886941 -0.319234 -3.34117 
-0.322876 0.0161937 0.946303 177.369 0.0908213 0.995769 0.0139477 -0.571066 -0.942073 0.0904478 -0.322981 -3.9582 
-0.325191 0.0158851 0.945515 179.439 0.0922816 0.99562 0.0150114 -0.566005 -0.941135 0.0921352 -0.325232 -4.65411 
-0.328177 0.0156381 0.944487 181.537 0.0917898 0.995659 0.0154084 -0.545022 -0.940146 0.091751 -0.328187 -5.33551 
-0.331073 0.0156745 0.943475 183.584 0.0900173 0.995826 0.0150436 -0.544325 -0.939301 0.0899096 -0.331103 -6.01675 
-0.333893 0.0176439 0.942446 185.712 0.0894755 0.995903 0.0130549 -0.536833 -0.938355 0.0886848 -0.334104 -6.73935 
-0.336809 0.0193521 0.941374 187.811 0.0889854 0.995968 0.0113631 -0.542354 -0.937359 0.0875958 -0.337173 -7.45391 
-0.339787 0.0201561 0.940286 189.895 0.0877477 0.996089 0.0103566 -0.541466 -0.9364 0.086027 -0.340227 -8.17619 
-0.342703 0.0209187 0.939211 192.003 0.0867335 0.996187 0.00945986 -0.545385 -0.935431 0.084703 -0.34321 -8.92105 
-0.346208 0.0208238 0.937926 194.09 0.0874855 0.996114 0.0101771 -0.55497 -0.93407 0.0855784 -0.346685 -9.666 
-0.350394 0.0201999 0.936384 196.217 0.0868703 0.996159 0.0110173 -0.550543 -0.932565 0.0852044 -0.350803 -10.3909 
-0.354057 0.0194757 0.935021 198.267 0.0856287 0.996259 0.0116731 -0.548009 -0.931295 0.0841976 -0.3544 -11.1225 
-0.358302 0.0191231 0.93341 200.397 0.0855723 0.996254 0.0124375 -0.565694 -0.929676 0.0843304 -0.358597 -11.8568 
-0.362055 0.0191979 0.931959 202.379 0.0842504 0.99637 0.0122055 -0.559975 -0.928341 0.082937 -0.362358 -12.5964 
-0.365764 0.019439 0.930505 204.495 0.0829505 0.996484 0.0117889 -0.572176 -0.927004 0.0814978 -0.36609 -13.3633 
-0.369149 0.019708 0.929161 206.673 0.0831756 0.996464 0.0119095 -0.590514 -0.925641 0.0816799 -0.369483 -14.1813 
-0.371703 0.0204568 0.928126 208.751 0.083752 0.996419 0.0115796 -0.596983 -0.924566 0.0820366 -0.372086 -14.9873 
-0.374104 0.020248 0.927165 210.871 0.0853991 0.996266 0.0127008 -0.600932 -0.923446 0.0839306 -0.374437 -15.8114 
-0.376741 0.019223 0.926119 212.955 0.0862693 0.996167 0.0144169 -0.607385 -0.922293 0.0853271 -0.376956 -16.6212 
-0.379614 0.0196032 0.924937 215.035 0.086575 0.996141 0.0144198 -0.615964 -0.921085 0.0855504 -0.379846 -17.4268 
-0.382283 0.0207185 0.923813 217.209 0.0868678 0.996127 0.0136064 -0.611304 -0.919953 0.0854511 -0.382602 -18.2964 
-0.384913 0.0205737 0.922724 219.35 0.085733 0.996226 0.0135508 -0.618225 -0.918962 0.0843237 -0.385224 -19.1508 
-0.387542 0.0218786 0.921592 221.326 0.0853359 0.996277 0.0122331 -0.601327 -0.917894 0.0833858 -0.387966 -19.9375 
-0.390677 0.0220588 0.920263 223.175 0.0845682 0.996345 0.012019 -0.662041 -0.916635 0.0825206 -0.391115 -20.7187 
-0.393267 0.0219362 0.919162 225.126 0.0825843 0.996517 0.0115516 -0.678864 -0.915708 0.0804512 -0.393709 -21.4912 
-0.396407 0.0227296 0.917793 227.239 0.0832428 0.996465 0.0112756 -0.690814 -0.914293 0.0808694 -0.396898 -22.3657 
-0.399196 0.0221445 0.916598 229.395 0.0847327 0.996321 0.0128321 -0.696985 -0.912942 0.0827883 -0.399604 -23.2472 
-0.402362 0.0211767 0.915235 231.421 0.0854816 0.996234 0.0145291 -0.720564 -0.911481 0.0840818 -0.402657 -24.0821 
-0.406139 0.0204221 0.913583 233.306 0.0841148 0.996341 0.0151217 -0.748632 -0.909932 0.0829874 -0.406371 -24.8304 
-0.409053 0.0203261 0.912284 235.295 0.0825788 0.996474 0.014825 -0.765439 -0.908766 0.0813995 -0.409289 -25.6614 
-0.412981 0.019604 0.910528 237.388 0.0812 0.996579 0.0153725 -0.774001 -0.907112 0.0802834 -0.413161 -26.5455 
-0.416675 0.0186737 0.908864 239.471 0.0802178 0.996644 0.0162991 -0.780325 -0.905509 0.0796985 -0.416775 -27.3965 
-0.420705 0.0186372 0.907006 241.496 0.0797211 0.996681 0.0164979 -0.804343 -0.903688 0.0792483 -0.420794 -28.263 
-0.424699 0.0181455 0.905153 243.637 0.0789787 0.99673 0.0170755 -0.806918 -0.901883 0.0787398 -0.424744 -29.1795 
-0.428987 0.0173892 0.903143 245.739 0.0777843 0.996812 0.0177543 -0.806874 -0.899955 0.0778667 -0.428972 -30.1203 
-0.432854 0.0175007 0.901294 247.823 0.0775281 0.99683 0.0178777 -0.803761 -0.898124 0.077614 -0.432839 -31.0373 
-0.436574 0.0181425 0.899485 249.943 0.077472 0.996841 0.0174956 -0.792027 -0.896326 0.077323 -0.4366 -32.0232 
-0.43997 0.0186717 0.897818 252.081 0.0778163 0.996816 0.0174028 -0.786351 -0.894634 0.0775216 -0.440022 -33.032 
-0.444159 0.0185174 0.895756 254.174 0.0777699 0.99681 0.0179556 -0.782306 -0.892566 0.077638 -0.444182 -33.9833 
-0.447196 0.0189572 0.894235 256.337 0.0766907 0.996906 0.0172183 -0.779039 -0.891142 0.0762794 -0.447267 -35.0463 
-0.45089 0.0193516 0.892369 258.403 0.077432 0.996844 0.0175071 -0.76311 -0.889214 0.0769917 -0.450966 -36.0337 
-0.454885 0.0198193 0.890329 260.508 0.0775817 0.996833 0.0174477 -0.741927 -0.887164 0.07701 -0.454983 -37.0119 
-0.458186 0.0211925 0.888603 262.662 0.0795011 0.996686 0.0172226 -0.722712 -0.885294 0.0785361 -0.458353 -38.0685 
-0.461795 0.0233528 0.886679 264.74 0.0812451 0.996565 0.0160666 -0.706881 -0.883258 0.0794578 -0.462106 -39.1017 
-0.464923 0.0243703 0.885016 266.812 0.082723 0.996444 0.0160179 -0.687852 -0.881478 0.0806582 -0.465285 -40.1026 
-0.468262 0.0266424 0.883188 268.949 0.0844451 0.996319 0.0147172 -0.674693 -0.879545 0.0814724 -0.468789 -41.1438 
-0.470786 0.029433 0.881756 271.035 0.0867252 0.996147 0.0130528 -0.659966 -0.877974 0.0826156 -0.471525 -42.1968 
-0.473602 0.0299059 0.880231 273.124 0.0874568 0.996081 0.0132135 -0.644859 -0.876386 0.0832402 -0.474361 -43.2839 
-0.476657 0.0306255 0.878556 275.274 0.087419 0.996091 0.0127062 -0.634244 -0.874732 0.082859 -0.477471 -44.387 
-0.48004 0.030697 0.87671 277.426 0.0867078 0.996154 0.0125973 -0.615029 -0.872951 0.0820648 -0.480855 -45.526 
-0.483489 0.0321243 0.874761 279.524 0.0882377 0.996025 0.0121922 -0.604491 -0.870892 0.0830817 -0.484401 -46.6724 
-0.486588 0.0325299 0.873025 281.645 0.0872915 0.996116 0.0115363 -0.591646 -0.869259 0.0818212 -0.487538 -47.8209 
-0.489322 0.0320158 0.871515 283.815 0.0855115 0.996272 0.0114125 -0.590597 -0.867901 0.080109 -0.490236 -48.9977 
-0.493114 0.0320465 0.869374 285.861 0.0865786 0.996168 0.0123876 -0.622052 -0.865646 0.0813777 -0.493999 -49.9931 
-0.495394 0.032319 0.868067 287.942 0.0886433 0.995972 0.0135065 -0.621484 -0.864134 0.0836394 -0.496264 -51.1183 
-0.498268 0.0318547 0.866437 290.018 0.0895629 0.99587 0.0148923 -0.662764 -0.862385 0.085021 -0.499063 -52.1901 
-0.500318 0.0313899 0.865273 292.154 0.0888687 0.995926 0.0152559 -0.652746 -0.861269 0.0845285 -0.501069 -53.3519 
-0.503057 0.030034 0.863731 294.218 0.0875199 0.996029 0.0163392 -0.636809 -0.859811 0.0838133 -0.503687 -54.5002 
-0.506213 0.030206 0.861879 296.366 0.0892829 0.995852 0.0175377 -0.671881 -0.857774 0.085829 -0.50681 -55.6436 
-0.50936 0.0305394 0.860011 298.494 0.0902783 0.995752 0.0181096 -0.656232 -0.855805 0.0868647 -0.509953 -56.748 
-0.511118 0.0310895 0.858948 300.657 0.0890186 0.995886 0.0169246 -0.626595 -0.854889 0.0851129 -0.511782 -58.0023 
-0.513493 0.0332971 0.857448 302.769 0.0890221 0.995922 0.0146375 -0.623781 -0.853464 0.083848 -0.514363 -59.2249 
-0.516864 0.0326023 0.855446 304.854 0.0870865 0.996093 0.0146555 -0.607142 -0.851626 0.0820727 -0.517684 -60.434 
-0.521312 0.030867 0.852807 307.007 0.0847707 0.996276 0.0157596 -0.594048 -0.849145 0.0805088 -0.521987 -61.6763 
-0.525912 0.029247 0.850036 309.189 0.0840597 0.996303 0.0177276 -0.616443 -0.846375 0.0807769 -0.526427 -62.955 
-0.530329 0.0287386 0.847305 311.439 0.0836642 0.996321 0.0185726 -0.576012 -0.843654 0.0807386 -0.530782 -64.2974 
-0.534724 0.0285468 0.844544 313.627 0.084201 0.996255 0.019637 -0.563524 -0.840821 0.0816119 -0.535125 -65.6113 
-0.538725 0.0293807 0.841969 315.821 0.088034 0.995884 0.0215759 -0.580209 -0.83787 0.0857454 -0.539094 -66.9532 
-0.540182 0.0306089 0.840991 317.374 0.0896136 0.995748 0.0213186 -0.496858 -0.836763 0.0868803 -0.540628 -68.2607 
-0.541922 0.0329985 0.839781 318.866 0.0948982 0.995241 0.0221318 -0.438506 -0.835054 0.0916874 -0.542474 -69.469 
-0.545024 0.0309454 0.837849 320.234 0.0932806 0.995352 0.0239167 -0.349192 -0.833215 0.0911902 -0.545378 -70.5899 
-0.549248 0.0278965 0.835194 322.297 0.0895522 0.995652 0.0256361 -0.338206 -0.830847 0.088874 -0.549358 -71.9226 
-0.552635 0.0280916 0.83295 324.517 0.0883941 0.99577 0.0250637 -0.280779 -0.828723 0.0874789 -0.55278 -73.3648 
-0.556356 0.0275718 0.830486 326.639 0.0873942 0.995848 0.0254849 -0.238351 -0.826335 0.0867584 -0.556456 -74.7559 
-0.559882 0.0274736 0.828117 328.767 0.0883095 0.995736 0.0266706 -0.206465 -0.823853 0.088063 -0.559921 -76.1798 
-0.563568 0.0268986 0.825631 330.921 0.0874752 0.995793 0.0272674 -0.165368 -0.821425 0.0875893 -0.563551 -77.6196 
-0.56773 0.0252359 0.822828 333.109 0.0852075 0.995963 0.0282451 -0.1358 -0.818793 0.0861467 -0.567588 -79.0589 
-0.571659 0.0235605 0.820153 335.37 0.0822921 0.996194 0.0287411 -0.0775839 -0.816354 0.0839222 -0.571422 -80.5763 
-0.574397 0.0229049 0.818256 337.455 0.0820496 0.996185 0.0297113 -0.0345425 -0.814455 0.0842037 -0.574085 -81.9913 
-0.576869 0.0230685 0.816511 339.545 0.0835882 0.996021 0.0309154 -0.00371959 -0.812548 0.0860848 -0.576502 -83.4175 
-0.579479 0.022164 0.814686 341.676 0.0801594 0.996333 0.0299107 0.0476949 -0.811036 0.0826374 -0.579131 -84.8782 
-0.582995 0.021678 0.812186 343.78 0.0768802 0.99663 0.0285843 0.0991066 -0.80883 0.0791056 -0.582698 -86.3126 
-0.585366 0.0194655 0.810535 345.941 0.0748179 0.996743 0.0300957 0.166915 -0.80731 0.0782595 -0.584916 -87.8017 
-0.588687 0.0184566 0.80815 348.146 0.0749063 0.996683 0.0318021 0.214247 -0.804883 0.079257 -0.588117 -89.3721 
-0.591618 0.0191619 0.805991 350.298 0.0747295 0.996717 0.031157 0.275072 -0.802748 0.0786644 -0.591108 -90.8888 
-0.594609 0.0181293 0.80381 352.437 0.0722632 0.996905 0.0309714 0.34165 -0.800761 0.0765018 -0.594079 -92.4021 
-0.598033 0.0137724 0.801353 354.621 0.0697383 0.996954 0.0349101 0.37876 -0.798431 0.0767625 -0.597172 -93.9606 
-0.601029 0.0118345 0.799139 356.812 0.0673321 0.997085 0.0358743 0.452668 -0.796385 0.0753692 -0.600075 -95.5371 
-0.603643 0.0110398 0.797178 359.033 0.0666058 0.997107 0.0366269 0.519103 -0.794468 0.0752064 -0.602632 -97.1565 
-0.606702 0.0107634 0.794856 361.117 0.0653511 0.997199 0.0363781 0.579962 -0.792238 0.0740154 -0.605706 -98.6789 
-0.609008 0.00991683 0.793102 363.241 0.0645858 0.997221 0.0371251 0.643269 -0.79053 0.0738326 -0.607956 -100.265 
-0.611908 0.00819789 0.790886 365.461 0.0625428 0.997317 0.0380517 0.708855 -0.788452 0.0727484 -0.610779 -101.906 
-0.614676 0.00635749 0.788754 367.495 0.0588947 0.997546 0.0378562 0.755424 -0.786578 0.0697227 -0.613542 -103.433 
-0.616627 0.00245375 0.787252 369.625 0.0487745 0.998193 0.0350921 0.809524 -0.785743 0.0600366 -0.615632 -105.048 
-0.619876 0.00538673 0.784681 371.529 0.0416384 0.998793 0.0260365 0.827462 -0.783594 0.0488123 -0.619352 -106.438 
-0.623492 0.0157344 0.781671 373.597 0.0520587 0.998414 0.0214268 0.870133 -0.780095 0.0540523 -0.623322 -108.004 
-0.624288 0.0164712 0.78102 375.669 0.0591577 0.997904 0.026241 0.902789 -0.778951 0.0625854 -0.623954 -109.627 
-0.62664 0.00703957 0.779277 377.721 0.0581813 0.997591 0.0377736 0.945204 -0.777134 0.0690098 -0.62554 -111.208 
-0.629765 -0.00376648 0.776777 379.705 0.0516862 0.997569 0.0467411 1.01543 -0.775064 0.0695846 -0.628039 -112.731 
-0.632372 -0.0105049 0.774593 381.797 0.0444819 0.997766 0.0498462 1.12521 -0.773387 0.0659767 -0.630492 -114.427 
-0.634898 -0.010667 0.772523 383.948 0.0439448 0.997787 0.0498934 1.22629 -0.771345 0.0656256 -0.633024 -116.129 
-0.637542 -0.00577876 0.770394 385.973 0.0483872 0.997697 0.0475266 1.31656 -0.768895 0.0675774 -0.635794 -117.755 
-0.639465 0.000779364 0.768819 388.095 0.0530375 0.997662 0.0431025 1.40008 -0.766988 0.0683388 -0.638011 -119.485 
-0.642144 0.0039688 0.766574 390.251 0.0544758 0.997695 0.0404678 1.48522 -0.764646 0.0677459 -0.640879 -121.223 
-0.645281 0.00794041 0.763904 392.559 0.0573258 0.99763 0.038054 1.59719 -0.761792 0.0683469 -0.644207 -123.089 
-0.648395 0.0119143 0.761211 394.86 0.0601855 0.99755 0.0356521 1.70184 -0.758921 0.0689305 -0.647524 -124.966 
-0.650748 0.0109622 0.759214 396.903 0.0605029 0.997465 0.0374567 1.7588 -0.756879 0.0703096 -0.649762 -126.66 
-0.652084 0.0104369 0.758075 398.986 0.0608646 0.997398 0.0386229 1.87174 -0.7557 0.0713253 -0.651023 -128.498 
-0.653418 0.00991335 0.756933 401.066 0.0612242 0.997331 0.0397896 1.98794 -0.754518 0.0723419 -0.65228 -130.34 
-0.654749 0.00939159 0.755788 403.143 0.0615817 0.997261 0.0409569 2.1074 -0.753333 0.0733592 -0.653535 -132.185 
-0.65608 0.00887162 0.754639 405.217 0.0619372 0.997191 0.0421247 2.23012 -0.752146 0.0743774 -0.654786 -134.033 
-0.657483 0.00777056 0.753429 406.939 0.0635925 0.996951 0.045212 2.26249 -0.750781 0.0776386 -0.655972 -135.469 
-0.658778 0.00738931 0.752301 408.724 0.0658659 0.996679 0.047888 2.2949 -0.749449 0.0810986 -0.657077 -136.965 
-0.660483 0.00722554 0.750807 410.599 0.0641212 0.996843 0.0468139 2.34605 -0.748098 0.0790624 -0.658861 -138.542 
-0.662281 0.00824824 0.74921 412.554 0.0612003 0.997194 0.043121 2.44256 -0.746751 0.0744101 -0.660928 -140.182 
-0.662722 0.00750986 0.748828 414.426 0.0584063 0.997422 0.0416872 2.49664 -0.746584 0.0713633 -0.661452 -141.805 
-0.66229 0.00765926 0.749209 416.38 0.056624 0.9976 0.0398562 2.60558 -0.747105 0.0688195 -0.661134 -143.5 
-0.662978 0.00678398 0.748608 418.209 0.0554058 0.997661 0.0400272 2.66167 -0.746586 0.0680144 -0.661803 -145.088 
-0.664176 0.00537117 0.747557 420.282 0.0509185 0.997977 0.0380687 2.75052 -0.74584 0.0633489 -0.663106 -146.869 
-0.6656 0.00499252 0.746291 422.283 0.0501183 0.998019 0.0380228 2.81603 -0.744623 0.0627109 -0.664532 -148.575 
-0.665236 0.00384441 0.746624 424.266 0.0513693 0.997853 0.0406315 2.88101 -0.744864 0.0653831 -0.664005 -150.337 
-0.666046 0.00178652 0.745908 426.262 0.0517816 0.997695 0.0438479 2.96712 -0.744111 0.0678291 -0.664603 -152.028 
-0.664465 0.00119712 0.747318 428.231 0.0569436 0.997173 0.049033 3.05795 -0.745147 0.0751358 -0.662654 -153.759 
-0.663421 0.000272769 0.748246 430.23 0.059771 0.996824 0.0526315 3.17905 -0.745855 0.0796403 -0.66133 -155.463 
-0.661881 -0.00219599 0.749606 432.166 0.0539863 0.997259 0.0505898 3.2789 -0.747662 0.0739529 -0.659948 -157.076 
-0.660745 -0.00266723 0.750606 434.161 0.0467996 0.997902 0.0447428 3.36939 -0.74915 0.0646916 -0.659233 -158.782 
-0.658938 -0.00508299 0.75218 436.128 0.0413667 0.998219 0.0429844 3.44971 -0.751058 0.0594392 -0.657555 -160.467 
-0.656593 -0.00562643 0.754224 438.196 0.0390577 0.998377 0.0414496 3.53509 -0.753233 0.0566738 -0.655307 -162.193 
-0.653951 -0.0047291 0.756522 440.152 0.041956 0.998215 0.0425075 3.59716 -0.755372 0.0595385 -0.652585 -163.862 
-0.650865 -0.00468325 0.759179 442.103 0.0427825 0.998166 0.0428361 3.69173 -0.757987 0.0603601 -0.649471 -165.538 
-0.64804 -0.00369344 0.761597 444.036 0.0409107 0.998376 0.0396524 3.75424 -0.760507 0.0568538 -0.646836 -167.203 
-0.646656 -0.00911105 0.762728 446.041 0.0334115 0.998631 0.0402559 3.8026 -0.76205 0.0515156 -0.645466 -168.863 
-0.645686 -0.0148786 0.763458 448.073 0.0253988 0.998838 0.0409464 3.87338 -0.763181 0.0458294 -0.644558 -170.509 
-0.645028 -0.0178332 0.763951 450.136 0.0192744 0.99903 0.0395946 3.94481 -0.763916 0.0402644 -0.644058 -172.192 
-0.644396 -0.0192151 0.76445 451.943 0.0176621 0.999043 0.0400001 3.96458 -0.764488 0.0392777 -0.643441 -173.773 
-0.644051 -0.0196869 0.764729 453.691 0.0186711 0.998966 0.0414417 4.03061 -0.764755 0.0409689 -0.643018 -175.228 
-0.643101 -0.0207032 0.765501 455.731 0.020864 0.99879 0.0445404 4.0907 -0.765497 0.0446154 -0.641891 -176.868 
-0.641057 -0.0235991 0.76713 457.688 0.018381 0.998768 0.0460851 4.15542 -0.767273 0.0436439 -0.639834 -178.509 
-0.639765 -0.023964 0.768196 459.694 0.0156502 0.9989 0.0441945 4.23595 -0.768411 0.0402965 -0.638687 -180.162 
-0.638963 -0.0222306 0.768916 461.871 0.0156234 0.999001 0.0418656 4.33539 -0.769079 0.0387636 -0.637977 -181.892 
-0.637221 -0.0212135 0.770389 463.891 0.0157055 0.999056 0.0405008 4.40675 -0.770521 0.0379074 -0.636287 -183.604 
-0.635617 -0.0207616 0.771725 466.021 0.0171643 0.999011 0.0410133 4.49895 -0.771813 0.0393149 -0.634632 -185.361 
-0.632797 -0.0204335 0.774048 468.154 0.0176927 0.999009 0.0408361 4.59287 -0.774115 0.039536 -0.631809 -187.153 
-0.631207 -0.0213706 0.77532 470.296 0.0166052 0.999019 0.0410552 4.64982 -0.775437 0.0387887 -0.630232 -188.872 
-0.630422 -0.0227428 0.775919 472.738 0.0133443 0.999105 0.0401265 4.69158 -0.776138 0.0356507 -0.629554 -190.572 
-0.629632 -0.0241118 0.776519 475.182 0.0100823 0.99918 0.0392007 4.7313 -0.776828 0.0325112 -0.628873 -192.27 
-0.629084 -0.0248041 0.776941 477.203 0.00962308 0.999166 0.0396903 4.80147 -0.777277 0.0324451 -0.628321 -193.874 
-0.629108 -0.024964 0.776917 478.89 0.0081127 0.999219 0.0386762 4.78254 -0.777276 0.0306344 -0.628414 -194.939 
-0.628969 -0.0238875 0.777063 480.253 0.0085825 0.999253 0.0376646 4.75554 -0.777383 0.030359 -0.628295 -196.11 
-0.628066 -0.0221758 0.777844 481.465 0.0101533 0.999275 0.0366868 4.74898 -0.778094 0.0309394 -0.627386 -197.179 
-0.627159 -0.0204646 0.778622 482.678 0.011723 0.999293 0.035707 4.74095 -0.778803 0.0315218 -0.626476 -198.246 
-0.627802 -0.021582 0.778074 484.216 0.0104114 0.999293 0.0361187 4.76861 -0.778303 0.0307763 -0.627133 -199.226 
-0.628035 -0.0222474 0.777867 485.803 0.00989187 0.999282 0.0365664 4.81457 -0.778122 0.0306596 -0.627364 -200.543 
-0.628262 -0.0225472 0.777675 487.266 0.0104831 0.999244 0.0374401 4.88577 -0.777931 0.0316746 -0.62755 -201.838 
-0.629153 -0.022049 0.776968 488.926 0.0113011 0.999232 0.0375075 4.88876 -0.777199 0.0323786 -0.628421 -202.881 
-0.628844 -0.0236351 0.777172 490.802 0.0110344 0.999166 0.0393146 4.90377 -0.777453 0.0332984 -0.628059 -204.151 
-0.627777 -0.0253854 0.777979 492.762 0.0102739 0.999111 0.0408912 4.94768 -0.778325 0.0336635 -0.626958 -205.76 
-0.627588 -0.0281855 0.778035 495.02 0.00789623 0.999063 0.0425619 5.01242 -0.778506 0.0328549 -0.626777 -207.456 
-0.627633 -0.0284948 0.777988 497.028 0.00675513 0.999093 0.0420427 5.07596 -0.77848 0.0316428 -0.626871 -209.054 
-0.62778 -0.027836 0.777892 498.793 0.00709029 0.999114 0.0414741 5.09839 -0.778358 0.0315521 -0.627027 -210.248 
-0.627572 -0.0269828 0.778091 500.644 0.00824079 0.999113 0.0412941 5.15267 -0.778515 0.0323271 -0.626793 -211.622 
-0.627572 -0.0269828 0.778091 502.63 0.00824079 0.999113 0.0412941 5.20306 -0.778515 0.0323271 -0.626793 -213.041 
-0.627508 -0.0262547 0.778167 504.802 0.00913863 0.999114 0.0410785 5.29161 -0.778556 0.0328885 -0.626712 -214.723 
-0.626563 -0.0250348 0.778969 507.005 0.0121458 0.999049 0.0418772 5.36939 -0.779276 0.0356999 -0.625663 -216.536 
-0.626142 -0.0254134 0.779295 509.066 0.0124391 0.999016 0.0425731 5.45206 -0.77961 0.0363506 -0.62521 -218.138 
-0.625438 -0.0262966 0.779831 511.151 0.0127439 0.998954 0.0439064 5.51721 -0.78017 0.0373988 -0.624449 -219.798 
-0.624328 -0.0272531 0.780687 513.178 0.0131975 0.998881 0.0454243 5.60529 -0.781051 0.0386628 -0.623269 -221.409 
-0.624313 -0.0265494 0.780722 515.282 0.0132323 0.998919 0.0445508 5.69328 -0.781062 0.0381444 -0.623288 -223.028 
-0.625396 -0.0266425 0.779852 517.416 0.0102568 0.99905 0.0423563 5.79003 -0.78024 0.0344882 -0.624529 -224.627 
-0.626478 -0.0267406 0.77898 519.548 0.00728414 0.999167 0.0401571 5.88117 -0.779405 0.0308317 -0.625761 -226.229 
-0.627557 -0.0268438 0.778107 521.678 0.00431447 0.99927 0.0379532 5.96669 -0.778558 0.027175 -0.626983 -227.834 
-0.627555 -0.0274596 0.778088 523.535 0.00349986 0.999268 0.0380881 6.00336 -0.778564 0.0266256 -0.627 -229.286 
-0.627035 -0.0269415 0.778525 525.565 0.00420094 0.99927 0.037964 6.09836 -0.77898 0.0270753 -0.626464 -230.864 
-0.627151 -0.0287491 0.778367 527.573 0.00322498 0.999214 0.0395045 6.14226 -0.778891 0.0272855 -0.626565 -232.45 
-0.627252 -0.0301514 0.778232 529.35 0.00326474 0.99914 0.0413414 6.16719 -0.778809 0.0284722 -0.626614 -233.911 
-0.62737 -0.0307476 0.778114 531.364 0.0029442 0.999119 0.0418545 6.24087 -0.778716 0.0285492 -0.626727 -235.55 
-0.627107 -0.0325184 0.778254 533.414 0.00142035 0.999079 0.0428897 6.33362 -0.778932 0.0280018 -0.626483 -237.148 
-0.628522 -0.0309106 0.777177 534.881 0.000398726 0.999197 0.0400634 6.35366 -0.777791 0.0254907 -0.628005 -238.167 
-0.629443 -0.0274997 0.77656 536.41 0.00145828 0.99933 0.0365705 6.43668 -0.777045 0.0241515 -0.628981 -239.277 
-0.630359 -0.02409 0.77593 537.939 0.00252197 0.999449 0.0330783 6.51299 -0.776299 0.0228081 -0.629951 -240.39 
-0.632077 -0.0250009 0.774502 539.32 0.00295645 0.999394 0.0346732 6.58457 -0.7749 0.0242059 -0.63162 -241.18 
-0.631903 -0.0243266 0.774666 541.243 0.00349696 0.999408 0.0342365 6.61873 -0.77504 0.0243432 -0.631443 -242.718 
-0.632392 -0.0237884 0.774283 543.307 0.0035812 0.999428 0.0336304 6.67137 -0.77464 0.0240405 -0.631945 -244.345 
-0.633283 -0.0236451 0.773559 545.284 -8.44296e-05 0.999535 0.0304833 6.74839 -0.773921 0.0192392 -0.63299 -245.932 
-0.63289 -0.0236313 0.773881 546.76 0.00085876 0.999512 0.0312235 6.74663 -0.774242 0.0204256 -0.63256 -247.385 
-0.632923 -0.024277 0.773834 548.689 0.00211433 0.99945 0.0330844 6.77598 -0.774212 0.022576 -0.632524 -248.943 
-0.632788 -0.0250773 0.773919 550.838 0.00153132 0.999433 0.0336366 6.83989 -0.774323 0.02247 -0.632391 -250.655 
-0.632339 -0.0248874 0.774292 553.034 0.00175149 0.999435 0.0335543 6.91576 -0.77469 0.0225739 -0.631938 -252.432 
-0.631889 -0.0246976 0.774665 555.23 0.00197162 0.999438 0.0334718 6.9914 -0.775057 0.0226778 -0.631485 -254.209 
-0.631439 -0.0245078 0.775038 557.428 0.0021917 0.99944 0.0333893 7.0668 -0.775423 0.0227819 -0.631031 -255.984 
-0.63075 -0.0257502 0.775559 559.306 0.000695309 0.99943 0.0337486 7.09864 -0.775986 0.0218262 -0.630372 -257.523 
-0.631497 -0.0271375 0.774903 560.896 -0.000753861 0.999408 0.0343853 7.13892 -0.775378 0.0211301 -0.631144 -258.387 
-0.630948 -0.0268544 0.77536 562.331 -0.000729902 0.999421 0.0340206 7.11085 -0.775825 0.0208993 -0.630602 -259.597 
-0.629576 -0.0267744 0.776477 563.712 0.00122713 0.99937 0.0354551 6.89258 -0.776938 0.0232745 -0.629147 -260.829 
-0.631643 -0.0257051 0.774833 565.143 0.0017864 0.999399 0.0346113 6.97677 -0.775257 0.0232462 -0.631218 -261.363 
-0.633139 -0.027011 0.773566 566.647 0.00162722 0.999342 0.0362264 6.93142 -0.774036 0.0241951 -0.632679 -262.09 
-0.634815 -0.0281005 0.772153 568.145 0.000300755 0.999329 0.0366153 6.86985 -0.772664 0.0234762 -0.634381 -262.805 
-0.636487 -0.0291916 0.770735 569.641 -0.00102655 0.999315 0.0370012 6.80943 -0.771287 0.0227596 -0.636081 -263.523 
-0.638154 -0.0302842 0.769313 571.135 -0.00235469 0.999298 0.0373843 6.75015 -0.769905 0.0220454 -0.637777 -264.245 
-0.639816 -0.0313783 0.767887 572.628 -0.00368365 0.99928 0.0377644 6.69202 -0.768519 0.0213336 -0.639471 -264.97 
-0.640144 -0.0326746 0.76756 574.198 -0.00443128 0.999235 0.0388411 6.67309 -0.768242 0.0214626 -0.639799 -265.948 
-0.640827 -0.0332597 0.766964 575.825 -0.00467005 0.999211 0.0394291 6.65324 -0.767671 0.0216855 -0.640477 -267 
-0.639795 -0.0346271 0.767765 577.591 -0.00607694 0.999181 0.0400002 6.66372 -0.768521 0.0209263 -0.639482 -268.551 
-0.639265 -0.0353302 0.768175 579.675 -0.00747958 0.999182 0.0397303 6.74429 -0.76895 0.0196526 -0.639006 -270.174 
-0.639491 -0.0352036 0.767992 581.436 -0.00904544 0.999226 0.038271 6.7862 -0.768745 0.0175272 -0.639315 -271.659 
-0.638887 -0.0349942 0.768504 583.488 -0.00790315 0.999211 0.0389293 6.8497 -0.76926 0.0187978 -0.638659 -273.328 
-0.638743 -0.0359402 0.76858 585.458 -0.00710464 0.999141 0.0408172 6.90774 -0.769387 0.0206112 -0.63845 -274.931 
-0.638934 -0.0370355 0.768369 587.119 -0.00777767 0.9991 0.0416892 6.98679 -0.769222 0.0206606 -0.638647 -276.239 
-0.638862 -0.0366803 0.768446 588.18 -0.00824992 0.999132 0.0408329 6.94212 -0.769277 0.019747 -0.63861 -277.276 
-0.638806 -0.0337131 0.768628 589.266 -0.00426828 0.999179 0.040278 6.88823 -0.769356 0.0224491 -0.638426 -278.32 
-0.637809 -0.0325198 0.769507 591.115 -0.00378635 0.999228 0.0390896 6.98413 -0.770185 0.0220181 -0.63744 -279.893 
-0.63601 -0.0301437 0.771092 592.744 -0.00135447 0.999279 0.0379468 7.09393 -0.77168 0.0230901 -0.635592 -281.413 
-0.634201 -0.0277699 0.772669 594.377 0.00107473 0.999322 0.036798 7.20151 -0.773167 0.0241678 -0.633741 -282.929 
-0.633785 -0.0287098 0.772976 596.373 0.00146258 0.999265 0.0383138 7.26535 -0.773507 0.0254133 -0.633277 -284.532 
-0.633345 -0.0289076 0.77333 598.473 0.00170711 0.999247 0.0387506 7.34868 -0.773868 0.0258627 -0.632819 -286.219 
-0.633848 -0.0284435 0.772934 600.6 0.00144334 0.999278 0.0379564 7.42511 -0.773456 0.0251742 -0.63335 -287.878 
-0.633472 -0.0281837 0.773252 602.496 0.000989749 0.999306 0.0372337 7.47631 -0.773765 0.0243518 -0.633004 -289.406 
-0.633607 -0.0280712 0.773146 604.483 0.00172297 0.999288 0.0376938 7.52305 -0.773653 0.0252152 -0.633107 -290.982 
-0.631927 -0.028502 0.774503 606.33 0.00181555 0.999266 0.0382546 7.54384 -0.775026 0.0255803 -0.631412 -292.539 
-0.631305 -0.0292636 0.774982 608.354 0.00120098 0.99925 0.0387103 7.60398 -0.775534 0.0253687 -0.630796 -294.164 
-0.631925 -0.0291344 0.774481 610.58 0.000853274 0.999266 0.0382865 7.69002 -0.775029 0.0248551 -0.631437 -295.883 
-0.633525 -0.026217 0.773278 612.922 0.00369596 0.999312 0.0369083 7.82133 -0.773714 0.0262403 -0.632992 -297.635 
-0.635113 -0.0232965 0.772068 615.261 0.00654146 0.999347 0.0355355 7.94826 -0.772391 0.0276196 -0.634546 -299.392 
-0.633836 -0.0233794 0.773114 617.156 0.00796665 0.999293 0.0367506 7.96472 -0.773426 0.029453 -0.633201 -300.963 
-0.632484 -0.023436 0.774219 618.894 0.00839101 0.999276 0.0371034 7.99745 -0.774528 0.0299638 -0.631829 -302.462 
-0.631578 -0.0219188 0.775002 621.035 0.00922838 0.999317 0.0357834 8.07331 -0.775257 0.029752 -0.630945 -304.159 
-0.631441 -0.0200254 0.775165 623.088 0.0106013 0.99935 0.0344526 8.10898 -0.775351 0.0299725 -0.630818 -305.759 
