1 -4.23778e-08 4.22719e-08 0 -4.23778e-08 1 -4.19404e-08 0 4.22719e-08 -4.19404e-08 1 0 
0.999995 -0.00261195 -0.00167193 -0.00932265 0.00261721 0.999991 0.00320141 -0.023423 0.00166364 -0.00320585 0.999993 1.5448 
0.99999 -0.00340284 -0.00275829 -0.0438082 0.00341348 0.999987 0.00389268 -0.0389377 0.00274509 -0.00390214 0.999989 3.07233 
0.999991 -0.00139564 -0.00407756 -0.0753606 0.00140946 0.999993 0.00340959 -0.0470052 0.00407286 -0.00341539 0.999986 4.58539 
0.999982 -0.00159069 -0.00581074 -0.100781 0.00161047 0.999993 0.00341467 -0.0672557 0.00580536 -0.00342405 0.999977 6.11537 
0.999973 -0.00160356 -0.00722354 -0.140349 0.0016277 0.999993 0.00334766 -0.0764496 0.0072182 -0.00335941 0.999968 7.64411 
0.999956 -0.00170429 -0.00926917 -0.171346 0.00173995 0.999991 0.00385031 -0.0999764 0.00926261 -0.00386635 0.99995 9.15051 
0.999932 -0.00369203 -0.0110632 -0.204677 0.00372611 0.999988 0.00306878 -0.115757 0.0110518 -0.00310988 0.999934 10.6495 
0.999904 -0.00542616 -0.0127702 -0.232301 0.00547062 0.999979 0.00345561 -0.132834 0.0127513 -0.00352522 0.999912 12.1476 
0.999885 -0.00511708 -0.0142471 -0.266867 0.00516755 0.99998 0.00351324 -0.151634 0.0142289 -0.00358654 0.999892 13.6654 
0.999868 -0.00457703 -0.0155828 -0.301156 0.00463061 0.999983 0.00340956 -0.164953 0.015567 -0.00348135 0.999873 15.1698 
0.999858 -0.00308184 -0.0165572 -0.340441 0.00314684 0.999987 0.00390642 -0.185843 0.016545 -0.00395805 0.999855 16.673 
0.999848 -0.00165254 -0.0173749 -0.392196 0.00173096 0.999988 0.00450424 -0.193982 0.0173673 -0.00453371 0.999839 18.1087 
0.999839 -0.00127474 -0.017916 -0.441623 0.00136928 0.999985 0.00527023 -0.203047 0.0179091 -0.005294 0.999826 19.5955 
0.999827 -0.0015214 -0.0185406 -0.48674 0.00161588 0.999986 0.00508681 -0.218737 0.0185327 -0.00511597 0.999815 21.0562 
0.99981 -0.000809685 -0.0194826 -0.530157 0.000910733 0.999986 0.00518257 -0.231187 0.0194783 -0.00519941 0.999797 22.5371 
0.999797 -0.000303378 -0.0201505 -0.568177 0.000423787 0.999982 0.00597559 -0.249168 0.0201485 -0.005983 0.999779 23.9697 
0.999796 0.00046954 -0.0201747 -0.615059 -0.000325276 0.999974 0.0071576 -0.262312 0.0201776 -0.00714966 0.999771 25.3671 
0.999799 0.000352123 -0.0200659 -0.666334 -0.000233146 0.999982 0.0059355 -0.277857 0.0200677 -0.00592971 0.999781 26.8449 
0.99978 0.000742452 -0.0209386 -0.690086 -0.000659957 0.999992 0.00395052 -0.291592 0.0209415 -0.00393592 0.999773 28.3271 
0.999777 -0.00090547 -0.0210725 -0.734108 0.000989643 0.999991 0.00398836 -0.311112 0.0210688 -0.00400841 0.99977 29.7425 
0.999777 -0.00193071 -0.0210294 -0.778945 0.00207035 0.999976 0.00662434 -0.324047 0.0210162 -0.00666648 0.999757 31.1595 
0.999773 -0.00342083 -0.0210451 -0.824248 0.00358715 0.999962 0.00787419 -0.341854 0.0210175 -0.00794797 0.999747 32.5427 
0.999775 -0.00412187 -0.0207797 -0.87302 0.00427205 0.999965 0.00719215 -0.353233 0.0207494 -0.00727939 0.999758 33.9346 
0.99978 -0.00306152 -0.0207445 -0.918551 0.00317481 0.99998 0.00543486 -0.365421 0.0207275 -0.00549961 0.99977 35.3011 
0.999784 -0.00205415 -0.0206586 -0.95393 0.00215102 0.999987 0.00467174 -0.377188 0.0206488 -0.00471526 0.999776 36.7236 
0.999806 -0.000705196 -0.0196801 -1.00338 0.000771339 0.999994 0.00335779 -0.385796 0.0196777 -0.0033724 0.999801 38.0943 
0.999826 0.000156432 -0.0186358 -1.04678 -7.96879e-05 0.999991 0.00412326 -0.401557 0.0186364 -0.00412114 0.999818 39.4173 
0.999853 7.05377e-05 -0.0171535 -1.08837 3.78227e-05 0.99998 0.00632157 -0.425176 0.0171537 -0.00632137 0.999833 40.7275 
0.999881 -0.000313927 -0.0154128 -1.13162 0.000425714 0.999974 0.00725557 -0.439443 0.0154102 -0.00726136 0.999855 42.051 
0.99991 0.000435018 -0.0134232 -1.15624 -0.000330499 0.999969 0.00779386 -0.45554 0.0134263 -0.0077888 0.999879 43.3455 
0.999946 -5.16334e-05 -0.0103411 -1.18445 0.000128245 0.999972 0.00741599 -0.469741 0.0103406 -0.00741701 0.999919 44.6328 
0.999976 -0.000824086 -0.00691972 -1.20993 0.000863688 0.999983 0.00573426 -0.484516 0.00691497 -0.00574018 0.99996 45.8648 
0.999992 -0.000957529 -0.00373488 -1.22391 0.000972126 0.999992 0.00393104 -0.496576 0.00373117 -0.00393473 0.999985 47.108 
0.999999 -0.000894229 0.000373251 -1.24287 0.000892454 0.999989 0.00450345 -0.51362 -0.00037719 -0.0045032 0.99999 48.3274 
0.999985 -0.000525859 0.00540396 -1.24726 0.000501872 0.99999 0.00442349 -0.531247 -0.00540614 -0.0044208 0.999976 49.5368 
0.999931 0.00129731 0.0116374 -1.25124 -0.00133802 0.999993 0.00348391 -0.546733 -0.0116328 -0.00349932 0.999926 50.7473 
0.999822 0.00257464 0.0186712 -1.24375 -0.0026405 0.99999 0.00349918 -0.561389 -0.018662 -0.00354794 0.999819 51.9459 
0.999636 0.00362035 0.0267294 -1.2292 -0.00374239 0.999983 0.0045136 -0.574948 -0.0267125 -0.00461207 0.999632 53.1108 
0.999292 0.00546674 0.0372241 -1.21941 -0.00566292 0.999971 0.0051643 -0.595395 -0.0371947 -0.00537153 0.999294 54.2569 
0.998713 0.00711911 0.050221 -1.18091 -0.00738455 0.99996 0.0051002 -0.60829 -0.0501825 -0.00546457 0.998725 55.4436 
0.99786 0.00894823 0.0647682 -1.12293 -0.00933011 0.999941 0.0055947 -0.622254 -0.0647142 -0.00618711 0.997885 56.6003 
0.996686 0.0109104 0.0806035 -1.04207 -0.011504 0.99991 0.00690371 -0.635718 -0.0805208 -0.00780818 0.996722 57.7317 
0.995123 0.0105367 0.0980777 -0.943863 -0.0113552 0.999905 0.00778995 -0.651935 -0.0979862 -0.00886573 0.995148 58.8596 
0.993106 0.0100294 0.116786 -0.829727 -0.010923 0.999916 0.00701349 -0.664742 -0.116705 -0.00824086 0.993132 59.9457 
0.990593 0.00874252 0.136562 -0.695197 -0.00968235 0.999934 0.00621872 -0.677951 -0.136499 -0.00748255 0.990612 61.0193 
0.987495 0.00602286 0.157532 -0.539335 -0.00705627 0.999957 0.00600092 -0.686648 -0.157489 -0.00703755 0.987496 62.0691 
0.983922 0.000596771 0.178596 -0.354913 -0.00207547 0.999965 0.00809233 -0.691859 -0.178585 -0.00833297 0.983889 63.1252 
0.979415 -0.00508724 0.201793 -0.147715 0.00320566 0.999948 0.00964955 -0.702879 -0.201832 -0.00880411 0.979381 64.1687 
0.974267 -0.010319 0.225159 0.0903509 0.00840222 0.99992 0.00946903 -0.719992 -0.225238 -0.00733361 0.974276 65.1534 
0.968072 -0.0165211 0.250128 0.346872 0.0150359 0.999856 0.00784749 -0.727483 -0.250221 -0.00383612 0.968181 66.1553 
0.960878 -0.0200983 0.276241 0.627127 0.0184569 0.999793 0.00854035 -0.734032 -0.276356 -0.00310775 0.96105 67.1365 
0.952573 -0.0228169 0.303453 0.926225 0.0204596 0.999731 0.0109455 -0.74068 -0.303621 -0.0042179 0.952783 68.101 
0.943128 -0.0271527 0.331319 1.25247 0.0239166 0.999618 0.013841 -0.743051 -0.331569 -0.00512992 0.943417 69.0555 
0.932454 -0.0303182 0.360015 1.60504 0.0272275 0.999536 0.0136541 -0.747916 -0.360262 -0.00292958 0.932847 69.9796 
0.920686 -0.0298177 0.389163 1.96413 0.0282071 0.999553 0.00985288 -0.758073 -0.389283 0.0019057 0.921116 70.8672 
0.907933 -0.0310365 0.417964 2.37218 0.0320804 0.999475 0.00452983 -0.760336 -0.417885 0.00929559 0.908452 71.7497 
0.894014 -0.0328729 0.446831 2.79444 0.0355403 0.999365 0.0024135 -0.768443 -0.446626 0.0137227 0.894615 72.6066 
0.878581 -0.0339038 0.476387 3.24655 0.0354446 0.999355 0.00575347 -0.776948 -0.476275 0.0118304 0.879217 73.4557 
0.861129 -0.0326428 0.507337 3.71906 0.0309627 0.999451 0.0117514 -0.787043 -0.507442 0.005589 0.861668 74.2854 
0.841938 -0.0328964 0.538571 4.22402 0.0290799 0.999455 0.0155874 -0.793398 -0.53879 0.00253786 0.842436 75.0885 
0.821218 -0.026657 0.569992 4.74847 0.0249261 0.99963 0.0108375 -0.795575 -0.57007 0.00530769 0.821579 75.8687 
0.799632 -0.0197369 0.600166 5.29906 0.0218902 0.999753 0.00371198 -0.796358 -0.600091 0.0101695 0.799867 76.622 
0.777444 -0.0175716 0.628707 5.86585 0.0208006 0.999781 0.00222098 -0.804655 -0.628609 0.0113507 0.777639 77.3396 
0.754646 -0.0199569 0.655828 6.47448 0.0218513 0.999747 0.00527847 -0.808527 -0.655768 0.0103473 0.754891 78.0363 
0.730529 -0.0201653 0.682584 7.08866 0.0220763 0.999739 0.0059078 -0.819797 -0.682525 0.0107531 0.730783 78.6989 
0.705688 -0.0184405 0.708283 7.72893 0.0227543 0.999735 0.00335755 -0.829443 -0.708158 0.0137471 0.70592 79.339 
0.679507 -0.0161761 0.733491 8.381 0.022618 0.999743 0.00109448 -0.837147 -0.73332 0.0158463 0.679699 79.9639 
0.652924 -0.013559 0.757302 9.06236 0.0208214 0.999783 -5.1251e-05 -0.841027 -0.757137 0.0158016 0.653064 80.5549 
0.625458 -0.0123393 0.78016 9.76534 0.0212147 0.999774 -0.00119525 -0.847476 -0.779969 0.0172984 0.625579 81.1203 
0.59697 -0.00608747 0.80224 10.4818 0.0199 0.999776 -0.00722189 -0.865245 -0.802017 0.0202758 0.596957 81.664 
0.567516 0.00334231 0.823355 11.2202 0.0186712 0.999682 -0.0169278 -0.877285 -0.82315 0.0249798 0.567274 82.1724 
0.536892 0.0118627 0.843568 11.9823 0.017258 0.999537 -0.02504 -0.895832 -0.843475 0.028002 0.536439 82.665 
0.505318 0.0167236 0.862771 12.7626 0.0147696 0.999498 -0.0280244 -0.924091 -0.862807 0.026904 0.504818 83.1398 
0.472961 0.0167178 0.880925 13.5749 0.0122657 0.999598 -0.0255554 -0.952375 -0.880998 0.0228918 0.472566 83.5951 
0.440418 0.0153557 0.897661 14.4122 0.00810219 0.999745 -0.0210773 -0.980696 -0.897756 0.0165558 0.440181 84.0009 
0.406201 0.0168056 0.913629 15.2625 0.00349797 0.999795 -0.0199459 -1.0092 -0.913777 0.0112979 0.406059 84.3951 
0.371292 0.0197966 0.928305 16.1236 -0.00355194 0.999796 -0.0199006 -1.03989 -0.928509 0.00409162 0.371286 84.7598 
0.336018 0.02192 0.9416 17.0196 -0.00820935 0.999759 -0.0203445 -1.06284 -0.94182 -0.00089383 0.336117 85.0902 
0.299988 0.0211939 0.953707 17.916 -0.0110353 0.999763 -0.0187463 -1.08949 -0.953879 -0.00490074 0.300151 85.3912 
0.263802 0.0207787 0.964353 18.8335 -0.0118759 0.999762 -0.0182931 -1.11435 -0.964504 -0.00662683 0.263986 85.6573 
0.227846 0.0202796 0.973486 19.7609 -0.0115153 0.999769 -0.0181321 -1.14293 -0.973629 -0.00707869 0.228027 85.8908 
0.192446 0.0189482 0.981125 20.7086 -0.00918738 0.999804 -0.017507 -1.16568 -0.981265 -0.00564483 0.192582 86.0867 
0.15794 0.0181677 0.987282 21.6629 -0.000912281 0.999833 -0.0182528 -1.18728 -0.987448 0.00198216 0.15793 86.2412 
0.124271 0.0213607 0.992018 22.6337 0.0012746 0.999764 -0.0216872 -1.22051 -0.992247 0.0039595 0.124214 86.3661 
0.0913797 0.0264686 0.995464 23.5935 0.00200085 0.99964 -0.0267634 -1.25058 -0.995814 0.0044374 0.0912939 86.4664 
0.0620659 0.0296732 0.997631 24.5578 0.00907253 0.9995 -0.0302933 -1.29046 -0.998031 0.0109312 0.0617657 86.5314 
0.0364388 0.0280812 0.998941 25.5367 0.0103831 0.99954 -0.0284769 -1.32121 -0.999282 0.0114098 0.0361305 86.5778 
0.013686 0.0251342 0.99959 26.5187 0.0118565 0.99961 -0.0252971 -1.35667 -0.999836 0.0121979 0.0133826 86.6073 
-0.00505639 0.0225526 0.999733 27.4996 0.0118879 0.999676 -0.0224913 -1.39156 -0.999916 0.011771 -0.00532286 86.6109 
-0.0217151 0.0259217 0.999428 28.4832 0.0134353 0.999581 -0.0256338 -1.42158 -0.999674 0.012871 -0.0220543 86.5988 
-0.0366231 0.0305436 0.998862 29.4684 0.0158255 0.999425 -0.0299806 -1.45176 -0.999204 0.0147095 -0.0370855 86.5721 
-0.048617 0.0356262 0.998182 30.4642 0.0203679 0.999191 -0.0346703 -1.48867 -0.99861 0.0186453 -0.0493033 86.5286 
-0.0574454 0.0390328 0.997585 31.4876 0.0260616 0.998953 -0.0375856 -1.53109 -0.998008 0.0238395 -0.0584025 86.4722 
-0.0632879 0.0442607 0.997013 32.4761 0.0297004 0.998657 -0.0424485 -1.58149 -0.997553 0.0269252 -0.0645175 86.4094 
-0.066819 0.0489205 0.996565 33.4786 0.0314329 0.998405 -0.0469033 -1.63229 -0.99727 0.0281909 -0.0682501 86.3485 
-0.0696159 0.0528367 0.996174 34.4741 0.0337579 0.998149 -0.0505825 -1.68875 -0.997002 0.0301074 -0.0712708 86.2855 
-0.0723338 0.0557001 0.995824 35.4931 0.0338657 0.998001 -0.053362 -1.74898 -0.996805 0.0298644 -0.0740755 86.2227 
-0.0743591 0.0589547 0.995487 36.4904 0.0355449 0.997773 -0.0564351 -1.81845 -0.996598 0.0311881 -0.0762891 86.1487 
-0.0762425 0.0626038 0.995122 37.5041 0.0367569 0.997525 -0.0599389 -1.88291 -0.996411 0.0320077 -0.0783549 86.0771 
-0.0785863 0.0638752 0.994859 38.5199 0.0392842 0.997368 -0.0609332 -1.95359 -0.996133 0.0342938 -0.0808888 86.0026 
-0.0803846 0.0621672 0.994823 39.5394 0.0394504 0.997469 -0.0591449 -2.02995 -0.995983 0.0344918 -0.0826337 85.9256 
-0.0825589 0.0622012 0.994643 40.5757 0.0391471 0.997482 -0.0591295 -2.09436 -0.995817 0.0340557 -0.084786 85.8446 
-0.0847721 0.0635196 0.994374 41.5936 0.0388294 0.997418 -0.0604039 -2.15939 -0.995643 0.0334904 -0.0870197 85.7745 
-0.0870385 0.0653609 0.994058 42.5968 0.0389026 0.997307 -0.0621683 -2.2406 -0.995445 0.0332604 -0.0893468 85.7045 
-0.0899165 0.067506 0.993659 43.6276 0.0370912 0.997235 -0.0643926 -2.31458 -0.995258 0.031066 -0.0921718 85.6384 
-0.092421 0.0708738 0.993194 44.6649 0.0350931 0.997076 -0.0678853 -2.39564 -0.995101 0.0285802 -0.094638 85.556 
-0.0944114 0.0748707 0.992714 45.7009 0.032088 0.996879 -0.0721332 -2.47874 -0.995016 0.025044 -0.0965192 85.4693 
-0.0968203 0.0772346 0.992301 46.7505 0.0296582 0.996766 -0.0746884 -2.55891 -0.99486 0.0221985 -0.0987978 85.3745 
-0.0997373 0.0757203 0.992128 47.7936 0.0279353 0.99692 -0.0732778 -2.64222 -0.994622 0.0204069 -0.101545 85.2882 
-0.102651 0.0716053 0.992137 48.8491 0.0250951 0.997275 -0.0693797 -2.72452 -0.994401 0.0177758 -0.104169 85.1982 
-0.104863 0.0699776 0.992022 49.8997 0.025643 0.99738 -0.0676451 -2.80703 -0.994156 0.018345 -0.106382 85.1 
-0.107927 0.0707931 0.991635 50.9358 0.024174 0.997353 -0.0685704 -2.88222 -0.993865 0.0165712 -0.109352 85.0309 
-0.109664 0.0732338 0.991267 51.962 0.0248 0.997173 -0.0709266 -2.97254 -0.993659 0.0168054 -0.11117 84.9317 
-0.110643 0.075926 0.990956 53.0163 0.0254275 0.996967 -0.0735477 -3.05454 -0.993535 0.01706 -0.112238 84.8344 
-0.110843 0.0766338 0.990879 54.0911 0.0247226 0.996927 -0.0743361 -3.13763 -0.99353 0.0162575 -0.112397 84.7287 
-0.110556 0.0755009 0.990998 55.1592 0.0215648 0.997058 -0.0735569 -3.22248 -0.993636 0.0132385 -0.111859 84.6266 
-0.110625 0.0748847 0.991037 56.2302 0.0176267 0.997148 -0.0733789 -3.31098 -0.993706 0.0093512 -0.11163 84.5223 
-0.110866 0.0760113 0.990924 57.3003 0.0138678 0.997092 -0.074933 -3.39519 -0.993739 0.0054344 -0.111598 84.4262 
-0.110981 0.0764746 0.990876 58.3777 0.00946555 0.997071 -0.0758926 -3.47969 -0.993777 0.000956523 -0.11138 84.325 
-0.111788 0.0761217 0.990812 59.4474 0.00626931 0.997096 -0.0758972 -3.56567 -0.993712 -0.00227268 -0.111941 84.2368 
-0.11243 0.0709351 0.991124 60.5328 0.00663533 0.99748 -0.0706374 -3.65138 -0.993637 -0.00136528 -0.112617 84.1334 
-0.112657 0.0621354 0.991689 61.6334 0.00975294 0.998064 -0.061427 -3.73553 -0.993586 0.00275168 -0.113045 84.0194 
-0.112332 0.0566522 0.992054 62.7316 0.0150626 0.998356 -0.0553066 -3.81035 -0.993557 0.00873021 -0.113 83.8949 
-0.111949 0.0589567 0.991963 63.8252 0.0233458 0.998119 -0.0566879 -3.88067 -0.99344 0.0168121 -0.113115 83.778 
-0.110466 0.0643198 0.991796 64.9184 0.0290907 0.997685 -0.0614617 -3.95237 -0.993454 0.0220626 -0.112082 83.6549 
-0.109391 0.070124 0.991522 66.0274 0.0328366 0.997219 -0.0669043 -4.02943 -0.993456 0.0252395 -0.111389 83.5359 
-0.108414 0.0743441 0.991322 67.1446 0.0339375 0.996895 -0.0710506 -4.11168 -0.993526 0.0259401 -0.110601 83.4113 
-0.108418 0.0717238 0.991515 68.2654 0.0307374 0.997159 -0.0687712 -4.19393 -0.99363 0.0230205 -0.110315 83.3109 
-0.108143 0.0671397 0.991866 69.3927 0.0297976 0.997487 -0.0642715 -4.27812 -0.993689 0.0226047 -0.109872 83.1996 
-0.107789 0.0648849 0.992054 70.5305 0.0276645 0.997677 -0.0622469 -4.36147 -0.993789 0.0207351 -0.109334 83.0862 
-0.107788 0.0653705 0.992022 71.6701 0.025978 0.99768 -0.0629208 -4.44448 -0.993834 0.0189887 -0.109236 82.9816 
-0.107294 0.0703241 0.991737 72.8044 0.0270652 0.997332 -0.0677928 -4.52564 -0.993859 0.0195677 -0.108911 82.8706 
-0.106302 0.0733368 0.991626 73.9502 0.027512 0.997111 -0.0707933 -4.60382 -0.993953 0.0197562 -0.108013 82.7563 
-0.105934 0.0724292 0.991732 75.0948 0.0280863 0.997164 -0.0698259 -4.68348 -0.993976 0.0204571 -0.107668 82.6499 
-0.104888 0.0653152 0.992337 76.2521 0.029722 0.997601 -0.0625202 -4.7708 -0.99404 0.0229366 -0.106578 82.5344 
-0.104935 0.0637422 0.992434 77.4163 0.0295889 0.997702 -0.060952 -4.84837 -0.994039 0.022969 -0.10658 82.4165 
-0.104472 0.0672503 0.992251 78.573 0.0266009 0.997543 -0.0648083 -4.91746 -0.994172 0.0196241 -0.106005 82.3137 
-0.104123 0.0704716 0.992064 79.7412 0.026181 0.997335 -0.0680982 -4.99737 -0.99422 0.0188826 -0.105691 82.2087 
-0.104389 0.0702212 0.992054 80.916 0.0251836 0.997371 -0.0679477 -5.07316 -0.994218 0.0178906 -0.105883 82.1096 
-0.104187 0.0669025 0.992305 82.1011 0.0247554 0.9976 -0.0646604 -5.15613 -0.994249 0.0178281 -0.105593 81.9975 
-0.103119 0.0655973 0.992504 83.2957 0.0259063 0.997662 -0.0632467 -5.2409 -0.994332 0.0191901 -0.104577 81.8842 
-0.102004 0.0658687 0.992601 84.4934 0.0275557 0.99761 -0.0633694 -5.32381 -0.994402 0.0208879 -0.103576 81.7796 
-0.101173 0.065609 0.992703 85.687 0.0307273 0.997553 -0.062798 -5.40949 -0.994394 0.0241496 -0.102942 81.6762 
-0.10015 0.0655996 0.992807 86.8844 0.0306067 0.997555 -0.062826 -5.48283 -0.994501 0.0240946 -0.101912 81.5725 
-0.0991668 0.0659197 0.992885 88.0863 0.0321758 0.997494 -0.0630122 -5.56813 -0.99455 0.0256982 -0.101039 81.4766 
-0.0976526 0.0638818 0.993168 89.283 0.0322428 0.997617 -0.0609978 -5.6537 -0.994698 0.0260659 -0.0994796 81.3612 
-0.0968524 0.0635075 0.99327 90.5061 0.03087 0.997674 -0.060779 -5.73177 -0.99482 0.0247757 -0.0985876 81.2649 
-0.0955295 0.0625216 0.993461 91.7256 0.0320308 0.997702 -0.0597086 -5.81664 -0.994911 0.0261174 -0.0973126 81.1586 
-0.0936488 0.0632261 0.993596 92.9429 0.0299706 0.997708 -0.0606631 -5.9007 -0.995154 0.0240977 -0.0953291 81.0528 
-0.0922168 0.0659 0.993556 94.1698 0.0304929 0.997526 -0.0633332 -5.97998 -0.995272 0.024456 -0.0939981 80.9535 
-0.0911422 0.065015 0.993713 95.3981 0.027818 0.997643 -0.0627208 -6.05884 -0.995449 0.0219266 -0.092736 80.8572 
-0.0903752 0.0636169 0.993874 96.6317 0.0246762 0.997794 -0.061624 -6.14725 -0.995602 0.0189558 -0.0917457 80.7575 
-0.0900641 0.0651112 0.993805 97.8783 0.0212328 0.997759 -0.0634461 -6.22072 -0.99571 0.0153871 -0.0912448 80.66 
-0.0903088 0.0645362 0.993821 99.1183 0.0188279 0.99783 -0.0630858 -6.305 -0.995736 0.0130144 -0.0913279 80.5658 
-0.0912918 0.0623567 0.99387 100.376 0.016237 0.997998 -0.0611243 -6.38692 -0.995692 0.0105573 -0.0921215 80.4726 
-0.0928037 0.0609486 0.993817 101.631 0.0140667 0.998105 -0.0598981 -6.47231 -0.995585 0.00842092 -0.0934852 80.3776 
-0.0940875 0.0599795 0.993755 102.873 0.0119771 0.998179 -0.0591126 -6.56088 -0.995492 0.00634058 -0.0946346 80.2732 
-0.0954432 0.0601471 0.993616 104.117 0.0127459 0.998165 -0.0591983 -6.64693 -0.995353 0.00701446 -0.0960347 80.1677 
-0.0974805 0.0591948 0.993475 105.389 0.0121766 0.998226 -0.0582831 -6.72338 -0.995163 0.0064157 -0.0980283 80.0515 
-0.100537 0.0547222 0.993427 106.657 0.00986808 0.998492 -0.0540026 -6.80013 -0.994884 0.00437397 -0.100925 79.9438 
-0.104857 0.0546234 0.992986 107.901 0.00944228 0.9985 -0.0539297 -6.87847 -0.994442 0.00372116 -0.105215 79.827 
-0.111075 0.0605118 0.991968 109.137 0.00404102 0.998164 -0.0604374 -6.95873 -0.993804 -0.00270452 -0.111116 79.7236 
-0.117921 0.0637285 0.990976 110.374 0.00520193 0.997964 -0.063559 -7.04054 -0.993009 -0.00233992 -0.118012 79.596 
-0.126766 0.0599148 0.990121 111.617 0.00653453 0.998203 -0.0595673 -7.12505 -0.991911 -0.00108113 -0.12693 79.4511 
-0.137774 0.057521 0.988792 112.87 0.00876138 0.998344 -0.056856 -7.21483 -0.990425 0.000829922 -0.13805 79.2958 
-0.150732 0.0586856 0.986831 114.108 0.00930962 0.998276 -0.0579444 -7.29105 -0.988531 0.000452956 -0.151019 79.1233 
-0.164964 0.0594264 0.984508 115.332 0.0112893 0.998231 -0.0583633 -7.36342 -0.986235 0.00148659 -0.165343 78.9385 
-0.179366 0.0568661 0.982137 116.548 0.0114959 0.998381 -0.0557072 -7.44735 -0.983715 0.00129857 -0.179729 78.7354 
-0.194674 0.0591791 0.979081 117.748 0.0156489 0.998239 -0.0572256 -7.53116 -0.980743 0.00418118 -0.195257 78.5017 
-0.209976 0.0624771 0.975708 118.939 0.0158794 0.998042 -0.06049 -7.61272 -0.977577 0.00279218 -0.210557 78.2676 
-0.225364 0.0662098 0.972022 120.11 0.0156255 0.997805 -0.0643433 -7.70014 -0.974149 0.000687634 -0.225904 78.018 
-0.24153 0.0641112 0.968273 121.285 0.0115718 0.997934 -0.0631887 -7.7811 -0.970324 -0.00405734 -0.241773 77.7507 
-0.257114 0.058382 0.964616 122.448 0.00625344 0.998253 -0.0587511 -7.87127 -0.966361 -0.00907356 -0.25703 77.4595 
-0.272533 0.0545224 0.9606 123.618 0.00179154 0.99842 -0.0561608 -7.95079 -0.962145 -0.0135847 -0.2722 77.1528 
-0.287509 0.0559282 0.956144 124.766 6.57535e-05 0.998295 -0.0583741 -8.03081 -0.957778 -0.0167202 -0.287022 76.8323 
-0.301955 0.0583873 0.951532 125.92 -0.000231787 0.998118 -0.0613195 -8.10329 -0.953322 -0.0187363 -0.301373 76.4882 
-0.316089 0.060988 0.946767 127.08 0.00198979 0.997972 -0.0636222 -8.1856 -0.948727 -0.0182264 -0.315569 76.1286 
-0.330119 0.0608102 0.941979 128.209 0.00406052 0.998005 -0.0630041 -8.27153 -0.943931 -0.0169739 -0.329707 75.7453 
-0.343905 0.0588571 0.937158 129.355 0.00394543 0.998115 -0.0612377 -8.35427 -0.938996 -0.0173624 -0.343489 75.337 
-0.358281 0.0579334 0.931814 130.5 0.00406109 0.99816 -0.0604969 -8.43539 -0.933605 -0.0178907 -0.357857 74.9151 
-0.372885 0.0592271 0.925985 131.612 0.00263632 0.998024 -0.0627733 -8.52166 -0.927874 -0.020966 -0.372304 74.4874 
-0.387827 0.0616903 0.919666 132.723 0.00385287 0.997857 -0.0653107 -8.60105 -0.921724 -0.0217859 -0.387233 74.0398 
-0.402659 0.0633983 0.913152 133.829 0.00487289 0.997733 -0.0671219 -8.68789 -0.915337 -0.0225776 -0.402055 73.571 
-0.417156 0.0665742 0.906393 134.933 0.00822247 0.997549 -0.0694853 -8.77164 -0.908798 -0.0215334 -0.416681 73.077 
-0.432006 0.0701629 0.899137 136.028 0.00804585 0.997229 -0.0739517 -8.86325 -0.901835 -0.0247133 -0.431374 72.5736 
-0.447211 0.0726958 0.89147 137.125 0.00914492 0.997011 -0.0767148 -8.95334 -0.894382 -0.0261552 -0.446539 72.0405 
-0.462913 0.0702087 0.883619 138.212 0.00803669 0.99715 -0.0750192 -9.04954 -0.886367 -0.027626 -0.462158 71.5008 
-0.478607 0.065767 0.875563 139.303 0.00497994 0.997378 -0.0721949 -9.14662 -0.878015 -0.0301927 -0.477679 70.9252 
-0.494801 0.0658887 0.866505 140.387 0.00432432 0.997296 -0.0733647 -9.2394 -0.868996 -0.0325538 -0.493748 70.3325 
-0.510913 0.065162 0.857159 141.454 0.00289193 0.997247 -0.0740879 -9.33235 -0.859627 -0.0353736 -0.509695 69.724 
-0.52683 0.0640021 0.847557 142.507 0.00237447 0.997268 -0.0738314 -9.43601 -0.849967 -0.0368841 -0.525543 69.0968 
-0.542714 0.0634142 0.83752 143.55 0.000837829 0.997186 -0.0749607 -9.53501 -0.839917 -0.0399805 -0.54124 68.4526 
-0.558229 0.0626462 0.827318 144.585 0.000297448 0.99716 -0.0753064 -9.63387 -0.829687 -0.0417921 -0.556662 67.787 
-0.573777 0.059927 0.816816 145.624 -0.000539744 0.997292 -0.0735471 -9.73105 -0.819011 -0.0426405 -0.572191 67.0927 
-0.588664 0.0568728 0.806375 146.654 2.94501e-05 0.997523 -0.0703328 -9.82689 -0.808378 -0.0413786 -0.587208 66.3353 
-0.603686 0.054968 0.795325 147.661 0.000317164 0.997637 -0.0687099 -9.92077 -0.797222 -0.0412269 -0.602276 65.598 
-0.618389 0.0534816 0.78405 148.659 -0.000358694 0.997662 -0.0683355 -10.0143 -0.785872 -0.0425391 -0.616924 64.8375 
-0.633319 0.0544538 0.771972 149.637 -0.00218314 0.997392 -0.0721457 -10.108 -0.773888 -0.0473765 -0.631548 64.0647 
-0.648944 0.0540811 0.758911 150.623 -0.00448501 0.997181 -0.0748957 -10.2032 -0.760823 -0.0520068 -0.646872 63.2609 
-0.665216 0.0506804 0.744928 151.612 -0.00682938 0.997239 -0.0739448 -10.2998 -0.746619 -0.0542767 -0.663034 62.429 
-0.682039 0.0429583 0.730053 152.581 -0.0105988 0.997588 -0.0686025 -10.4064 -0.731239 -0.0545272 -0.679938 61.5816 
-0.699478 0.0404659 0.713507 153.52 -0.011779 0.997607 -0.0681258 -10.5018 -0.714557 -0.0560569 -0.697328 60.7152 
-0.717005 0.0380886 0.696026 154.429 -0.0135786 0.997553 -0.068577 -10.5896 -0.696936 -0.0586212 -0.714734 59.8215 
-0.734787 0.0335963 0.677465 155.325 -0.0177601 0.997477 -0.0687289 -10.6859 -0.678065 -0.062533 -0.732337 58.8979 
-0.751966 0.0314064 0.658453 156.189 -0.0176993 0.997542 -0.067793 -10.7824 -0.658964 -0.0626322 -0.749562 57.9751 
-0.768076 0.0330471 0.639505 157.019 -0.0163093 0.997334 -0.0711266 -10.8828 -0.640151 -0.0650605 -0.765489 57.004 
-0.783636 0.0321206 0.62039 157.857 -0.0134794 0.997548 -0.0686743 -10.9832 -0.621074 -0.0621781 -0.781281 55.999 
-0.798814 0.033401 0.60065 158.665 -0.00955779 0.997627 -0.0681872 -11.0843 -0.601502 -0.0602098 -0.796599 54.9939 
-0.813439 0.0344889 0.580627 159.425 -0.00807622 0.997474 -0.070564 -11.185 -0.581594 -0.0620888 -0.811106 53.9533 
-0.827397 0.0360743 0.560458 160.174 -0.00722175 0.997169 -0.0748449 -11.2879 -0.561571 -0.0659739 -0.824794 52.9037 
-0.840817 0.0365485 0.540084 160.889 -0.00468808 0.997189 -0.0747803 -11.3949 -0.541299 -0.0654085 -0.838282 51.8483 
-0.852863 0.0348415 0.52097 161.586 -0.00311194 0.997414 -0.0717996 -11.5033 -0.522125 -0.0628564 -0.85055 50.7687 
-0.863599 0.0360636 0.502888 162.246 -0.00126354 0.99728 -0.0736879 -11.6044 -0.504178 -0.0642722 -0.861205 49.6667 
-0.873296 0.0390809 0.485621 162.883 0.0018246 0.997033 -0.0769562 -11.7133 -0.487187 -0.0663195 -0.870776 48.5726 
-0.882901 0.0366855 0.468123 163.551 -0.000149983 0.996921 -0.0784087 -11.8271 -0.469559 -0.0692974 -0.880177 47.4389 
-0.891567 0.0338743 0.45162 164.179 -0.00163002 0.996952 -0.0779955 -11.9327 -0.452886 -0.0702743 -0.888795 46.3099 
-0.89913 0.0320542 0.436507 164.785 -0.00211459 0.996985 -0.0775677 -12.0591 -0.437677 -0.0706665 -0.896351 45.1641 
-0.906422 0.0297322 0.421325 165.395 -0.00322696 0.997003 -0.0772992 -12.1672 -0.422361 -0.0714253 -0.903609 43.9812 
-0.912941 0.0270166 0.407196 165.959 -0.00444194 0.997089 -0.0761138 -12.2869 -0.408067 -0.0712962 -0.910164 42.802 
-0.918859 0.0216613 0.39399 166.498 -0.00761206 0.997333 -0.0725854 -12.3908 -0.394512 -0.0696948 -0.916244 41.6232 
-0.924152 0.0183451 0.381583 167.02 -0.00865693 0.997584 -0.0689263 -12.4963 -0.381926 -0.0670017 -0.921761 40.4447 
-0.928566 0.0184679 0.370708 167.516 -0.00644313 0.997809 -0.0658478 -12.5897 -0.371112 -0.0635325 -0.926412 39.2589 
-0.932038 0.0225811 0.361657 168.008 -0.00196037 0.997728 -0.0673482 -12.6899 -0.362356 -0.0634801 -0.929875 38.0685 
-0.934168 0.0283252 0.355708 168.466 0.00416908 0.997643 -0.0684939 -12.7939 -0.35681 -0.0625018 -0.932084 36.8522 
-0.936254 0.0309575 0.349956 168.936 0.00630428 0.99743 -0.0713676 -12.8864 -0.351267 -0.064612 -0.934043 35.6694 
-0.937926 0.0281478 0.345692 169.39 0.00405564 0.997523 -0.0702191 -12.9828 -0.346812 -0.0644583 -0.935717 34.4692 
-0.94002 0.0202485 0.340518 169.864 -0.00272958 0.997758 -0.0668659 -13.0797 -0.341108 -0.0637847 -0.937857 33.2667 
-0.941841 0.014293 0.335756 170.324 -0.0080866 0.997842 -0.0651618 -13.1743 -0.335963 -0.0640872 -0.939692 32.054 
-0.943636 0.00723836 0.330907 170.781 -0.0157987 0.997636 -0.0668754 -13.2664 -0.330609 -0.068334 -0.941291 30.8493 
-0.945137 0.00508114 0.326635 171.242 -0.0187596 0.997385 -0.0697973 -13.3586 -0.326135 -0.0720955 -0.94257 29.6431 
-0.945916 0.00562106 0.324363 171.675 -0.0186627 0.997251 -0.0717066 -13.4621 -0.323874 -0.0738819 -0.943211 28.4453 
-0.946008 0.00590988 0.32409 172.1 -0.0190257 0.997098 -0.0737178 -13.5642 -0.323585 -0.0759037 -0.94315 27.2346 
-0.946092 0.00811063 0.323797 172.538 -0.0174808 0.996951 -0.0760488 -13.6625 -0.323426 -0.0776094 -0.943065 26.0295 
-0.945736 0.00885135 0.324816 172.976 -0.0173762 0.996821 -0.0777565 -13.7657 -0.324471 -0.0791812 -0.942575 24.8162 
-0.945525 0.00870865 0.325434 173.419 -0.0184034 0.996614 -0.0801392 -13.8694 -0.32503 -0.0817626 -0.942162 23.6206 
-0.945028 0.0097185 0.326843 173.859 -0.0172561 0.996683 -0.0795298 -13.9789 -0.326532 -0.080798 -0.941726 22.4117 
-0.944334 0.00847516 0.328879 174.298 -0.0190216 0.996589 -0.0803 -14.0884 -0.328438 -0.0820858 -0.940952 21.225 
-0.943066 0.0067171 0.332539 174.74 -0.0213254 0.996518 -0.0806071 -14.1962 -0.331922 -0.0831093 -0.939638 20.0431 
-0.941543 0.00507793 0.336854 175.188 -0.0227037 0.996657 -0.0784835 -14.3024 -0.336126 -0.0815434 -0.93828 18.8666 
-0.939879 0.00134231 0.341505 175.641 -0.0262968 0.996739 -0.0762908 -14.4106 -0.340494 -0.0806846 -0.936778 17.7137 
-0.937422 -0.000964628 0.348193 176.095 -0.0283506 0.996887 -0.0735651 -14.5167 -0.347038 -0.078833 -0.934532 16.5577 
-0.934968 0.00121278 0.354729 176.562 -0.0265985 0.996939 -0.0735148 -14.6174 -0.353733 -0.0781692 -0.932074 15.3844 
-0.932445 0.00113256 0.361309 177.032 -0.0275965 0.996851 -0.0743442 -14.7114 -0.360256 -0.0792928 -0.929477 14.2779 
-0.928765 0.00399547 0.370647 177.506 -0.0260587 0.996764 -0.0760428 -14.8197 -0.369751 -0.0802844 -0.925656 13.1345 
-0.925004 0.00447558 0.37993 178.014 -0.0260395 0.996833 -0.0751403 -14.9244 -0.379063 -0.0793983 -0.921958 11.9907 
-0.920156 0.0063716 0.391501 178.518 -0.0255359 0.996762 -0.0762398 -15.0365 -0.390719 -0.0801498 -0.917014 10.8466 
-0.914554 0.00901213 0.404362 179.057 -0.0240046 0.99678 -0.0765072 -15.1428 -0.40375 -0.0796766 -0.911393 9.6797 
-0.908926 0.00995732 0.416839 179.61 -0.0244632 0.996719 -0.0771519 -15.2442 -0.416239 -0.0803226 -0.9057 8.55544 
-0.903281 0.00903946 0.428954 180.18 -0.0255504 0.99687 -0.0748108 -15.3434 -0.428288 -0.0785351 -0.900223 7.42718 
-0.897233 0.0109431 0.441422 180.758 -0.0249471 0.99684 -0.0754197 -15.4523 -0.440853 -0.0786812 -0.894124 6.30132 
-0.890747 0.0128708 0.454316 181.339 -0.0233478 0.996983 -0.0740212 -15.5629 -0.453899 -0.0765415 -0.88776 5.19766 
-0.883681 0.0142817 0.467872 181.953 -0.022382 0.997102 -0.0727098 -15.6556 -0.467554 -0.0747241 -0.8808 4.08196 
-0.876426 0.0157575 0.481278 182.584 -0.0202508 0.997374 -0.0695326 -15.7604 -0.48111 -0.0706865 -0.873806 2.99488 
-0.868989 0.0183981 0.49449 183.188 -0.0173375 0.997563 -0.0675836 -15.8603 -0.494528 -0.0673026 -0.866552 1.96052 
-0.861227 0.020955 0.507788 183.828 -0.0146278 0.997713 -0.0659822 -15.9646 -0.50801 -0.0642535 -0.858951 0.946769 
-0.852193 0.0231862 0.522714 184.483 -0.0132364 0.997743 -0.0658369 -16.0433 -0.52306 -0.0630246 -0.849962 -0.0587316 
-0.84204 0.0258695 0.538795 185.145 -0.0104247 0.997882 -0.0642039 -16.1379 -0.539315 -0.059679 -0.839987 -1.06896 
-0.830475 0.0277664 0.556364 185.829 -0.00945243 0.997911 -0.0639121 -16.2223 -0.556976 -0.0583364 -0.828477 -2.10359 
-0.818771 0.029381 0.573367 186.544 -0.00848493 0.997961 -0.0632549 -16.3118 -0.574057 -0.0566563 -0.816853 -3.12265 
-0.806128 0.0322738 0.590861 187.271 -0.00661388 0.997958 -0.0635336 -16.3899 -0.591705 -0.055124 -0.804268 -4.11243 
-0.792437 0.0327491 0.609074 188.006 -0.00486059 0.998187 -0.0599951 -16.491 -0.609934 -0.0505028 -0.790841 -5.08123 
-0.77778 0.0346009 0.627584 188.794 -0.00262785 0.998296 -0.0582963 -16.5709 -0.628532 -0.0469909 -0.776363 -6.03478 
-0.761943 0.0371906 0.646575 189.601 -0.00171733 0.99823 -0.0594414 -16.6477 -0.647642 -0.0464014 -0.760531 -6.94675 
-0.74508 0.0403362 0.665754 190.419 0.000145412 0.998179 -0.0603142 -16.7329 -0.666975 -0.0448421 -0.743729 -7.84677 
-0.728527 0.0409181 0.683794 191.227 -0.00107867 0.998145 -0.060878 -16.8077 -0.685016 -0.0450889 -0.727131 -8.67018 
-0.710846 0.0406851 0.702169 192.07 -0.00151745 0.998234 -0.059376 -16.8996 -0.703346 -0.0432727 -0.70953 -9.47065 
-0.690782 0.0400504 0.721953 192.923 -0.00253976 0.998324 -0.0578123 -16.9917 -0.723059 -0.0417692 -0.689522 -10.2932 
-0.670562 0.040199 0.740764 193.79 -0.00422779 0.998307 -0.0580023 -17.0757 -0.741842 -0.0420259 -0.669257 -11.0707 
-0.650485 0.0397087 0.75848 194.695 -0.00766736 0.998238 -0.0588364 -17.1512 -0.75948 -0.0440878 -0.649035 -11.8267 
-0.630066 0.0398474 0.775518 195.612 -0.00926029 0.998226 -0.058814 -17.2234 -0.776486 -0.0442382 -0.628579 -12.5461 
-0.60793 0.039958 0.792985 196.54 -0.00917555 0.998313 -0.0573387 -17.3015 -0.793938 -0.0421339 -0.606537 -13.2443 
-0.58422 0.0406197 0.810578 197.5 -0.00967804 0.998327 -0.0570036 -17.376 -0.811538 -0.0411474 -0.58285 -13.9239 
-0.55958 0.0436788 0.827624 198.473 -0.00839529 0.99826 -0.0583607 -17.4466 -0.828734 -0.0396056 -0.55824 -14.5663 
-0.53358 0.0441849 0.844595 199.456 -0.00761715 0.998343 -0.0570405 -17.5315 -0.845715 -0.0368691 -0.532359 -15.1757 
-0.507063 0.0432813 0.860821 200.45 -0.00852015 0.998438 -0.0552193 -17.6082 -0.861867 -0.035334 -0.505902 -15.7465 
-0.480051 0.0418595 0.876241 201.475 -0.010619 0.99851 -0.0535182 -17.6706 -0.877176 -0.0349963 -0.478892 -16.2813 
-0.449828 0.0434428 0.892058 202.542 -0.00840449 0.998566 -0.0528677 -17.7416 -0.893076 -0.0312787 -0.448818 -16.8329 
-0.419597 0.0459201 0.906548 203.585 -0.00989743 0.998429 -0.0551553 -17.81 -0.907657 -0.0321155 -0.418483 -17.2929 
-0.388201 0.0479451 0.920327 204.658 -0.00823096 0.998425 -0.0554857 -17.877 -0.921538 -0.0291148 -0.387195 -17.7435 
-0.357077 0.0485868 0.932811 205.681 -0.00461738 0.998542 -0.0537782 -17.9448 -0.934064 -0.02351 -0.356332 -18.1401 
-0.326039 0.0489138 0.94409 206.751 -0.00511787 0.998554 -0.0535031 -18.0134 -0.945342 -0.0222758 -0.325317 -18.4824 
-0.29293 0.0481154 0.954922 207.873 -0.00433521 0.998656 -0.051649 -18.0804 -0.956124 -0.0192693 -0.292328 -18.8154 
-0.259484 0.0468196 0.964612 208.974 -0.0036621 0.998769 -0.0494627 -18.1389 -0.96574 -0.0163673 -0.258993 -19.0983 
-0.225075 0.0459697 0.973256 210.122 -0.0024337 0.998857 -0.0477418 -18.2021 -0.974338 -0.0131141 -0.224705 -19.3524 
-0.191476 0.0448716 0.980471 211.225 -0.00118015 0.998943 -0.0459475 -18.2755 -0.981497 -0.00995494 -0.191221 -19.5479 
-0.157824 0.0431617 0.986523 212.197 -0.000848113 0.999038 -0.043845 -18.3711 -0.987467 -0.00775646 -0.157635 -19.6866 
-0.122668 0.0440312 0.99147 213.332 -0.00144343 0.999006 -0.0445445 -18.4263 -0.992447 -0.00689528 -0.122482 -19.8126 
-0.0868093 0.0450022 0.995208 214.492 -0.0028135 0.998964 -0.0454176 -18.4841 -0.996221 -0.00674268 -0.0865927 -19.9199 
-0.0534451 0.044847 0.997563 215.642 -0.00399328 0.998973 -0.0451244 -18.5429 -0.998563 -0.00639523 -0.0532112 -19.9569 
-0.0201849 0.0440571 0.998825 216.806 -0.00494936 0.999012 -0.0441654 -18.601 -0.999784 -0.00583502 -0.0199469 -19.9653 
0.0124171 0.0449323 0.998913 217.922 -0.0062052 0.998974 -0.044858 -18.6567 -0.999904 -0.00564144 0.0126832 -19.9353 
0.0440502 0.0447712 0.998026 219.054 -0.00626531 0.998988 -0.0445379 -18.7176 -0.99901 -0.00429104 0.0442861 -19.8669 
0.0755656 0.0432098 0.996204 220.197 -0.00597916 0.999062 -0.0428803 -18.7786 -0.997123 -0.00271619 0.0757531 -19.7618 
0.106912 0.0412745 0.993411 221.357 -0.00312757 0.999147 -0.0411763 -18.8405 -0.994264 0.00129526 0.10695 -19.6305 
0.135572 0.0424142 0.989859 222.421 -0.00268559 0.999095 -0.0424423 -18.8817 -0.990764 0.00309563 0.135564 -19.4479 
0.164321 0.0422317 0.985502 223.493 6.26745e-05 0.999083 -0.0428242 -18.9262 -0.986407 0.00709868 0.164168 -19.2238 
0.194175 0.0417484 0.980078 224.63 0.00272984 0.999067 -0.0430982 -18.9792 -0.980963 0.011044 0.19388 -18.9901 
0.224397 0.0396914 0.973689 225.766 0.00582675 0.999098 -0.0420701 -19.0437 -0.97448 0.0151138 0.223963 -18.7241 
0.25428 0.0384997 0.966364 226.899 0.00823387 0.999085 -0.0419699 -19.0994 -0.967095 0.018629 0.253731 -18.4168 
0.283616 0.0383004 0.958173 228.02 0.0109186 0.999008 -0.0431646 -19.1567 -0.958876 0.0227041 0.282917 -18.0768 
0.313089 0.0380093 0.948963 229.155 0.0117836 0.998966 -0.0438999 -19.2137 -0.949651 0.0249268 0.312317 -17.706 
0.341721 0.0355897 0.939127 230.251 0.0135207 0.998993 -0.0427783 -19.2756 -0.939704 0.0273159 0.340896 -17.3117 
0.37019 0.0348718 0.928301 231.333 0.0132264 0.998996 -0.0428021 -19.3338 -0.928862 0.028123 0.369358 -16.875 
0.398884 0.0361054 0.91629 232.411 0.0150393 0.998833 -0.045905 -19.3971 -0.916878 0.0320911 0.397875 -16.4099 
0.427562 0.0373773 0.903213 233.488 0.0167448 0.998646 -0.0492533 -19.4602 -0.903831 0.0361829 0.426357 -15.9028 
0.45547 0.03571 0.889535 234.538 0.018397 0.998604 -0.0495085 -19.5232 -0.890061 0.0389143 0.454177 -15.3692 
0.482855 0.0330047 0.875078 235.587 0.0199285 0.998616 -0.0486605 -19.588 -0.875474 0.0409349 0.481529 -14.7916 
0.509032 0.0300973 0.860221 236.629 0.0205643 0.998678 -0.0471106 -19.6574 -0.860502 0.0416706 0.507741 -14.1851 
0.532506 0.0303424 0.845882 237.628 0.0191773 0.998668 -0.0478956 -19.7276 -0.846209 0.0417264 0.531215 -13.5437 
0.553749 0.0305319 0.832124 238.618 0.0180599 0.998652 -0.0486604 -19.7918 -0.832488 0.0419736 0.552451 -12.8654 
0.573613 0.0289547 0.818614 239.606 0.0175058 0.998713 -0.0475916 -19.8674 -0.818939 0.0416296 0.572368 -12.1552 
0.592611 0.0264794 0.805054 240.59 0.0173779 0.998807 -0.0456445 -19.9332 -0.805301 0.0410395 0.591443 -11.4308 
0.610576 0.0229204 0.791626 241.568 0.0192931 0.998854 -0.0438011 -19.9987 -0.791723 0.0420168 0.609434 -10.6742 
0.627422 0.0202261 0.778416 242.523 0.0205557 0.998884 -0.0425232 -20.0623 -0.778408 0.0426809 0.626306 -9.89981 
0.643458 0.0185154 0.765258 243.466 0.0223168 0.998829 -0.0429316 -20.1196 -0.765156 0.0447028 0.642291 -9.10365 
0.658661 0.017903 0.752227 244.353 0.0221594 0.998822 -0.0431752 -20.1853 -0.752114 0.0451067 0.657488 -8.29055 
0.673616 0.016444 0.738898 245.235 0.0231356 0.998793 -0.0433196 -20.2459 -0.738719 0.0462757 0.672423 -7.45144 
0.688137 0.0147347 0.725431 246.109 0.0223186 0.998891 -0.0414604 -20.3011 -0.725237 0.0447211 0.687045 -6.58269 
0.703082 0.0118487 0.71101 246.984 0.0233789 0.998935 -0.0397652 -20.3592 -0.710725 0.0445808 0.702056 -5.71366 
0.717457 0.00984598 0.696533 247.845 0.0242835 0.998939 -0.0391338 -20.4154 -0.69618 0.044991 0.716456 -4.8159 
0.731003 0.00968013 0.682306 248.669 0.0252943 0.998828 -0.0412704 -20.4746 -0.681905 0.0474272 0.729901 -3.89281 
0.743601 0.00909343 0.668561 249.482 0.0260151 0.998757 -0.0425198 -20.5273 -0.668117 0.0490104 0.74244 -2.95766 
0.755698 0.00900016 0.654859 250.287 0.0251839 0.998767 -0.0427887 -20.5823 -0.654436 0.0488271 0.754539 -2.00318 
0.767289 0.00604219 0.641273 251.095 0.0261255 0.998831 -0.0406707 -20.6463 -0.640769 0.0479597 0.766234 -1.02848 
0.778095 0.00319315 0.628139 251.871 0.0279978 0.998817 -0.0397594 -20.7112 -0.627523 0.048523 0.777085 -0.0369412 
0.788217 0.0024977 0.615392 252.642 0.0283377 0.998784 -0.04035 -20.7731 -0.614744 0.0492433 0.787188 0.973076 
0.797608 0.000358799 0.603176 253.405 0.0321244 0.998555 -0.0430737 -20.8282 -0.60232 0.0537326 0.796444 1.9971 
0.806698 -0.0018879 0.59096 254.159 0.0332532 0.998555 -0.0422029 -20.8872 -0.590027 0.0536963 0.805596 3.0365 
0.814728 -0.00494345 0.579822 254.902 0.035889 0.998476 -0.0419162 -20.9483 -0.578731 0.0549595 0.813664 4.09917 
0.821371 -0.00653712 0.570356 255.618 0.0373986 0.9984 -0.0424148 -21.0053 -0.569166 0.0561688 0.820302 5.17244 
0.826839 -0.00790396 0.562382 256.34 0.0380499 0.998396 -0.041911 -21.0692 -0.561149 0.0560522 0.825814 6.26996 
0.830951 -0.00847466 0.556281 257.056 0.0373864 0.998474 -0.0406353 -21.1294 -0.555088 0.0545633 0.83 7.37582 
0.833649 -0.00935187 0.552215 257.766 0.0373593 0.998521 -0.0394893 -21.1921 -0.551029 0.0535505 0.832766 8.48461 
0.836267 -0.0102633 0.548226 258.48 0.037911 0.998514 -0.0391367 -21.2574 -0.54701 0.0535125 0.835414 9.60623 
0.83881 -0.0120448 0.544291 259.196 0.0395085 0.998466 -0.0387917 -21.3156 -0.542988 0.0540429 0.837999 10.7225 
0.841004 -0.0136398 0.540856 259.918 0.039594 0.998553 -0.0363843 -21.3808 -0.539578 0.052014 0.840328 11.8697 
0.843183 -0.0145123 0.537431 260.62 0.0402746 0.998532 -0.0362242 -21.4301 -0.536116 0.0521883 0.842529 12.9983 
0.844854 -0.014526 0.5348 261.306 0.0408506 0.998464 -0.0374142 -21.4725 -0.533436 0.0534563 0.84415 14.1344 
0.84745 -0.0156361 0.530644 262.013 0.041668 0.998441 -0.0371247 -21.5315 -0.529237 0.0535722 0.846781 15.2754 
0.850206 -0.0161315 0.526203 262.745 0.0418044 0.998443 -0.0369364 -21.5966 -0.524788 0.0534011 0.849556 16.4386 
0.853219 -0.018175 0.521236 263.551 0.0432391 0.998417 -0.0359651 -21.6814 -0.519758 0.0532239 0.852654 17.664 
0.855962 -0.0197464 0.516661 264.336 0.0447318 0.998352 -0.035952 -21.7527 -0.515099 0.0538847 0.855435 18.9011 
