1 2.12261e-08 -2.11895e-08 0 2.12261e-08 1 2.10703e-08 0 -2.11895e-08 2.10703e-08 1 0 
1 -0.000500014 0.000445706 -0.0344984 0.000499351 0.999999 0.00158347 -0.0201096 -0.00044654 -0.0015832 0.999999 1.32177 
0.999998 -0.00182288 0.000349561 -0.0602074 0.00182234 0.999997 0.00166988 -0.035427 -0.000352646 -0.0016692 0.999999 2.66486 
0.999994 -0.00342441 0.000431838 -0.0890176 0.00342423 0.999994 0.000511182 -0.0528679 -0.000433628 -0.000509658 1 4.00779 
0.999993 -0.00382976 0.00055767 -0.114409 0.00382946 0.999993 0.000623169 -0.0693926 -0.000560094 -0.000620986 1 5.35629 
0.999989 -0.00443291 0.0012479 -0.151602 0.00443123 0.999989 0.0013834 -0.0845276 -0.00125406 -0.00137781 0.999998 6.70782 
0.999983 -0.00550599 0.00210161 -0.186096 0.00550097 0.999982 0.00240672 -0.101155 -0.00211487 -0.00239507 0.999995 8.04793 
0.999985 -0.00510515 0.00198386 -0.207028 0.00509939 0.999983 0.00291831 -0.11453 -0.00199877 -0.00290811 0.999994 9.42238 
0.99999 -0.00412781 0.00177106 -0.235895 0.00412639 0.999991 0.000825556 -0.130412 -0.00177449 -0.000818197 0.999998 10.7621 
0.999997 -0.00128304 0.00198432 -0.267052 0.00128575 0.999998 -0.00134229 -0.151897 -0.00198263 0.00134488 0.999997 12.1029 
0.999994 0.00212692 0.00282917 -0.302182 -0.00212073 0.999995 -0.00217322 -0.176829 -0.00283382 0.00216725 0.999994 13.4482 
0.999985 0.00461437 0.00309568 -0.329128 -0.00460795 0.999987 -0.0020649 -0.202709 -0.00310521 0.00205065 0.999993 14.8169 
0.999978 0.00569792 0.0034205 -0.349344 -0.00569336 0.999983 -0.00132909 -0.221902 -0.00342806 0.00130963 0.999993 16.1815 
0.999987 0.00304767 0.00416492 -0.37323 -0.00305374 0.999994 0.00146191 -0.242282 -0.00416048 -0.00147457 0.99999 17.5649 
0.999988 -0.0011624 0.00474586 -0.39416 0.00114657 0.999994 0.00334442 -0.264394 -0.00474976 -0.0033389 0.999983 18.9236 
0.999983 -0.00294892 0.00500358 -0.414793 0.00294483 0.999995 0.000834473 -0.281129 -0.00500606 -0.000819682 0.999987 20.2908 
0.999979 -0.00430827 0.00475213 -0.420437 0.00431437 0.99999 -0.0012665 -0.299724 -0.00474667 0.00128702 0.999988 21.6881 
0.999983 -0.00161155 0.00561052 -0.444335 0.00162734 0.999995 -0.00280306 -0.323778 -0.00560601 0.00281219 0.99998 23.0545 
0.999977 0.00143282 0.00670146 -0.471255 -0.00142531 0.999998 -0.00111875 -0.339681 -0.00670309 0.00110921 0.999977 24.4191 
0.99997 0.00220256 0.00740606 -0.490794 -0.00221945 0.999995 0.00227754 -0.358195 -0.00740104 -0.00229387 0.99997 25.7877 
0.999967 -0.000482109 0.00807412 -0.503462 0.000448613 0.999991 0.00415519 -0.375224 -0.00807609 -0.00415139 0.999959 27.17 
0.999964 -0.00407614 0.00747105 -0.510132 0.00405825 0.999989 0.00241343 -0.393003 -0.00748084 -0.00238298 0.999969 28.5387 
0.999965 -0.00378184 0.00748654 -0.529218 0.00378316 0.999993 -0.000157002 -0.410344 -0.00748593 0.000185362 0.999972 29.9043 
0.999959 -0.00405382 0.00815993 -0.544391 0.00407317 0.999989 -0.00235081 -0.442852 -0.00815035 0.00238399 0.999964 31.2763 
0.999965 -0.00117985 0.00830407 -0.561669 0.00120446 0.999995 -0.00295423 -0.470939 -0.00830059 0.00296417 0.999961 32.6585 
0.999962 -0.000300812 0.00877302 -0.581807 0.00034584 0.999987 -0.00512668 -0.496867 -0.0087714 0.00512956 0.999948 34.0387 
0.999957 0.00140374 0.00920443 -0.606703 -0.00135805 0.999987 -0.00496425 -0.522871 -0.00921132 0.00495158 0.999945 35.4549 
0.999956 0.00148894 0.00921634 -0.623088 -0.00145673 0.999993 -0.00349641 -0.555058 -0.00922152 0.00348287 0.999951 36.8476 
0.999955 0.00265535 0.00910066 -0.638935 -0.00263855 0.999995 -0.00185321 -0.584816 -0.00910558 0.00182915 0.999957 38.2536 
0.999934 0.0059101 0.00980588 -0.666528 -0.00589228 0.999981 -0.00184073 -0.601914 -0.00981662 0.00178288 0.99995 39.7042 
0.999913 0.00803988 0.0104225 -0.691241 -0.00802085 0.999966 -0.00186245 -0.636215 -0.0104371 0.00177873 0.999944 41.0859 
0.999897 0.00968998 0.0106183 -0.705735 -0.0096717 0.999952 -0.00176837 -0.651222 -0.0106349 0.00166553 0.999942 42.5267 
0.99989 0.0104536 0.0105426 -0.730227 -0.0104379 0.999944 -0.00154201 -0.686255 -0.0105582 0.00143184 0.999943 43.9038 
0.999904 0.00905432 0.0105019 -0.748237 -0.00903988 0.999958 -0.00141841 -0.709304 -0.0105143 0.00132338 0.999944 45.3397 
0.999918 0.00814932 0.009871 -0.761883 -0.00813289 0.999966 -0.00169903 -0.734573 -0.00988455 0.00161865 0.99995 46.7563 
0.999923 0.00775179 0.00974577 -0.787689 -0.00773724 0.999969 -0.00152499 -0.755985 -0.00975733 0.0014495 0.999951 48.1649 
0.999924 0.00828133 0.00910443 -0.81045 -0.00827603 0.999966 -0.000615617 -0.775334 -0.00910925 0.000540264 0.999958 49.6135 
0.999928 0.00860968 0.00838681 -0.835778 -0.00860028 0.999962 -0.00115159 -0.782335 -0.00839645 0.00107942 0.999964 51.0098 
0.999933 0.0087743 0.00749469 -0.857687 -0.0087694 0.999961 -0.000680417 -0.804545 -0.00750042 0.000614689 0.999972 52.457 
0.999942 0.00862918 0.00638389 -0.874891 -0.00863183 0.999963 0.00039402 -0.831114 -0.0063803 -0.00044906 0.99998 53.907 
0.999952 0.0075071 0.0063422 -0.903999 -0.007515 0.999971 0.00122984 -0.857022 -0.00633282 -0.0012774 0.999979 55.353 
0.999959 0.00658492 0.0061977 -0.926276 -0.00659178 0.999978 0.00109507 -0.877665 -0.00619039 -0.00113584 0.99998 56.7907 
0.999972 0.00462184 0.00584266 -0.937412 -0.00462319 0.999989 0.000224222 -0.901544 -0.0058416 -0.000251186 0.999983 58.2375 
0.999975 0.0037595 0.0059591 -0.950844 -0.00376392 0.999993 0.000737531 -0.931254 -0.00595632 -0.0007599 0.999982 59.6863 
0.999971 0.00377367 0.00665348 -0.970907 -0.00378181 0.999992 0.00121708 -0.954332 -0.00664888 -0.00124216 0.999977 61.1298 
0.999967 0.00343798 0.00732776 -0.982886 -0.00345124 0.999992 0.00180398 -0.977714 -0.00732154 -0.00182916 0.999972 62.5526 
0.999964 0.00220325 0.00820313 -0.993663 -0.00221229 0.999997 0.00109913 -1.00051 -0.00820072 -0.0011172 0.999966 63.9916 
0.99996 0.00113443 0.00888423 -1.0145 -0.00113294 0.999999 -0.000167504 -1.01688 -0.00888446 0.000157474 0.999961 65.4346 
0.999954 0.00149857 0.00948881 -1.02308 -0.00149324 0.999999 -0.000564847 -1.04406 -0.00948969 0.000550693 0.999955 66.8697 
0.999943 0.00292627 0.0103173 -1.03372 -0.00291824 0.999995 -0.000788836 -1.07232 -0.0103196 0.000758725 0.999947 68.2846 
0.99992 0.00618363 0.011012 -1.05318 -0.00618946 0.999981 0.000499253 -1.0984 -0.0110088 -0.00056733 0.999939 69.7131 
0.999885 0.00976278 0.0116483 -1.06528 -0.00977772 0.999951 0.00122948 -1.10715 -0.0116358 -0.0013432 0.999931 71.1694 
0.999837 0.0132391 0.0122953 -1.08251 -0.0132619 0.999911 0.00177237 -1.13181 -0.0122708 -0.0019351 0.999923 72.5754 
0.999767 0.0172967 0.0128951 -1.09459 -0.0173154 0.999849 0.00134008 -1.15084 -0.01287 -0.00156301 0.999916 74.009 
0.999702 0.0202494 0.0136203 -1.11839 -0.0202597 0.999795 0.00062646 -1.17363 -0.0136048 -0.000902175 0.999907 75.4206 
0.999641 0.0224878 0.0145685 -1.13299 -0.0224971 0.999747 0.000478144 -1.1965 -0.0145541 -0.00080568 0.999894 76.8175 
0.999635 0.0223651 0.0151445 -1.15721 -0.0223852 0.999749 0.0011642 -1.22738 -0.0151147 -0.00150275 0.999885 78.1865 
0.999672 0.0206546 0.0151295 -1.15779 -0.0206739 0.999786 0.00112369 -1.25499 -0.0151031 -0.00143607 0.999885 79.5933 
0.999675 0.0199607 0.0158311 -1.18017 -0.0199653 0.999801 0.000138896 -1.27846 -0.0158252 -0.000454882 0.999875 80.9835 
0.999686 0.0199749 0.0151336 -1.17209 -0.0199714 0.999801 -0.00038027 -1.29586 -0.0151382 7.79537e-05 0.999885 82.3915 
0.999692 0.0195038 0.0153469 -1.1826 -0.0195046 0.99981 -9.26707e-05 -1.3208 -0.0153458 -0.000206651 0.999882 83.7651 
0.999715 0.0188311 0.0146758 -1.18461 -0.0188281 0.999823 -0.000336293 -1.34501 -0.0146796 5.99212e-05 0.999892 85.1607 
0.999718 0.0190476 0.0142145 -1.20179 -0.0190494 0.999819 -2.15035e-06 -1.3746 -0.014212 -0.000268586 0.999899 86.543 
0.999747 0.0181455 0.0133229 -1.21736 -0.0181578 0.999835 0.000804799 -1.39674 -0.0133061 -0.00104647 0.999911 87.9661 
0.999813 0.0151448 0.0120594 -1.22415 -0.0151673 0.999883 0.00177897 -1.40792 -0.0120311 -0.0019615 0.999926 89.3756 
0.999856 0.0129573 0.0109383 -1.2382 -0.0129824 0.999913 0.00223078 -1.42873 -0.0109085 -0.00237242 0.999938 90.7794 
0.999881 0.0113073 0.0105111 -1.25178 -0.0113314 0.999933 0.00223148 -1.44667 -0.0104852 -0.00235028 0.999942 92.1868 
0.999905 0.00938234 0.0101017 -1.25731 -0.0093981 0.999955 0.00151795 -1.46492 -0.010087 -0.0016127 0.999948 93.5813 
0.999921 0.00793897 0.00978652 -1.26756 -0.0079508 0.999968 0.00117553 -1.49325 -0.00977692 -0.00125321 0.999951 94.9659 
0.999915 0.00852518 0.00991105 -1.28101 -0.00853092 0.999964 0.00054175 -1.51758 -0.00990612 -0.000626213 0.999951 96.3271 
0.999912 0.00852706 0.0101752 -1.29891 -0.00852626 0.999964 -0.000117328 -1.53885 -0.0101758 3.06037e-05 0.999948 97.6751 
0.999905 0.00921611 0.0102766 -1.31574 -0.00921065 0.999957 -0.000574779 -1.56737 -0.0102815 0.000480112 0.999947 99.025 
0.99988 0.0108874 0.0110094 -1.33088 -0.010881 0.999941 -0.000635659 -1.58632 -0.0110157 0.000515831 0.999939 100.388 
0.99987 0.0112359 0.011591 -1.35094 -0.0112485 0.999936 0.00103087 -1.61345 -0.0115787 -0.00116108 0.999932 101.764 
0.999854 0.0120478 0.0120857 -1.37345 -0.0120804 0.999924 0.00263499 -1.63904 -0.012053 -0.00278056 0.999924 103.117 
0.999858 0.0113249 0.0124561 -1.38252 -0.0113403 0.999935 0.00117496 -1.66409 -0.012442 -0.00131601 0.999922 104.509 
0.999856 0.0111276 0.0128211 -1.39773 -0.011114 0.999938 -0.00112452 -1.69212 -0.0128328 0.000981905 0.999917 105.868 
0.999859 0.0108162 0.0128729 -1.41098 -0.0107864 0.999939 -0.00237538 -1.71758 -0.0128979 0.00223624 0.999914 107.206 
0.999874 0.00841419 0.0134432 -1.4267 -0.00840157 0.999964 -0.000991688 -1.74631 -0.0134511 0.000878661 0.999909 108.554 
0.999883 0.00630983 0.0139609 -1.4303 -0.00632482 0.99998 0.00103241 -1.77072 -0.0139541 -0.00112055 0.999902 109.93 
0.999876 0.0051359 0.0148659 -1.42759 -0.00515657 0.999986 0.00135501 -1.79016 -0.0148587 -0.00143146 0.999889 111.27 
0.999868 0.00385525 0.015763 -1.43108 -0.00385766 0.999993 0.000124752 -1.81961 -0.0157624 -0.000185502 0.999876 112.611 
0.999847 0.00593199 0.0164834 -1.42692 -0.00589477 0.99998 -0.00230329 -1.84356 -0.0164968 0.00220581 0.999862 113.957 
0.999805 0.00854908 0.0178163 -1.42731 -0.00847093 0.999954 -0.0044546 -1.86774 -0.0178536 0.00430285 0.999831 115.3 
0.999738 0.0120142 0.0194606 -1.43317 -0.0119307 0.999919 -0.00439693 -1.89792 -0.0195119 0.00416364 0.999801 116.637 
0.999698 0.0128812 0.0209283 -1.43344 -0.0128358 0.999915 -0.00230476 -1.92822 -0.0209563 0.00203548 0.999778 117.989 
0.999653 0.0135604 0.0225886 -1.4381 -0.0135505 0.999908 -0.0005895 -1.94646 -0.0225945 0.00028325 0.999745 119.333 
0.999631 0.0132369 0.0237043 -1.43222 -0.0132365 0.999912 -0.000169915 -1.97122 -0.0237046 -0.00014387 0.999719 120.691 
0.999596 0.0138443 0.0248179 -1.42438 -0.0138273 0.999904 -0.000856577 -1.99243 -0.0248274 0.000513109 0.999692 122.051 
0.999541 0.015564 0.0259808 -1.4157 -0.0155359 0.999879 -0.00128383 -2.01654 -0.0259977 0.000879643 0.999662 123.423 
0.999466 0.0178119 0.0273853 -1.40549 -0.0177657 0.99984 -0.00192934 -2.03591 -0.0274154 0.00144183 0.999623 124.772 
0.999422 0.0181455 0.0287584 -1.39571 -0.0180661 0.999832 -0.00301761 -2.05723 -0.0288084 0.00249636 0.999582 126.13 
0.99935 0.0199048 0.030061 -1.38956 -0.0197852 0.999795 -0.00427147 -2.0805 -0.0301399 0.00367397 0.999539 127.504 
0.999332 0.0185857 0.0314787 -1.38144 -0.0184541 0.99982 -0.00446586 -2.10503 -0.0315561 0.003882 0.999494 128.866 
0.999297 0.0179791 0.0328883 -1.37714 -0.0178883 0.999835 -0.00304885 -2.13941 -0.0329378 0.00245843 0.999454 130.225 
0.999267 0.0168487 0.0343635 -1.37302 -0.0167906 0.999857 -0.00197775 -2.1696 -0.034392 0.00139936 0.999407 131.601 
0.999221 0.0162932 0.0359547 -1.37521 -0.0162223 0.999866 -0.0022595 -2.18559 -0.0359867 0.00167451 0.999351 132.97 
0.999246 0.014238 0.0361152 -1.3545 -0.014172 0.999897 -0.00208106 -2.21009 -0.0361412 0.00156771 0.999346 134.336 
0.999257 0.0128963 0.0363164 -1.33447 -0.0128521 0.999916 -0.0014512 -2.23499 -0.0363321 0.000983426 0.999339 135.695 
0.999292 0.0110716 0.0359491 -1.31533 -0.0110209 0.999938 -0.00160638 -2.26167 -0.0359646 0.0012091 0.999352 137.052 
0.999322 0.0103164 0.0353542 -1.30053 -0.0102471 0.999945 -0.00214109 -2.28028 -0.0353744 0.0017774 0.999373 138.4 
0.999377 0.00839163 0.0342692 -1.28288 -0.00835362 0.999964 -0.00125109 -2.30323 -0.0342785 0.00096408 0.999412 139.756 
0.99942 0.00699502 0.0333209 -1.26784 -0.00695188 0.999975 -0.00140901 -2.32249 -0.0333299 0.00117659 0.999444 141.107 
0.999458 0.0065984 0.0322679 -1.26446 -0.00655857 0.999978 -0.00133892 -2.34881 -0.032276 0.0011266 0.999478 142.439 
0.999482 0.00663883 0.0314972 -1.24886 -0.00657988 0.999976 -0.00197339 -2.37411 -0.0315096 0.00176517 0.999502 143.787 
0.999502 0.00700241 0.0307838 -1.24465 -0.00694444 0.999974 -0.00198825 -2.40256 -0.030797 0.00177353 0.999524 145.12 
0.999544 0.00496172 0.029787 -1.22377 -0.00483198 0.999979 -0.00442452 -2.42596 -0.0298083 0.00427861 0.999547 146.461 
0.99958 -0.000138998 0.0289875 -1.20828 0.000276389 0.999989 -0.00473421 -2.45274 -0.0289866 0.00474028 0.999569 147.81 
0.999581 -0.00749125 0.0279724 -1.17747 0.00755392 0.999969 -0.00213384 -2.48177 -0.0279556 0.00234428 0.999606 149.158 
0.99955 -0.014831 0.0260671 -1.1488 0.0148445 0.99989 -0.000321981 -2.51073 -0.0260595 0.00070883 0.99966 150.508 
0.999523 -0.0179315 0.025129 -1.13008 0.0180261 0.999831 -0.00354319 -2.53671 -0.0250613 0.00399452 0.999678 151.858 
0.999524 -0.0170316 0.0257135 -1.12443 0.0172077 0.99983 -0.00663825 -2.56715 -0.0255961 0.0070776 0.999647 153.202 
0.999549 -0.0134287 0.0268515 -1.1188 0.013674 0.999866 -0.00897133 -2.5943 -0.0267275 0.0093345 0.999599 154.559 
0.999529 -0.0135538 0.0275272 -1.10513 0.0137997 0.999866 -0.00876132 -2.63086 -0.0274048 0.0091371 0.999583 155.903 
0.999475 -0.0162922 0.028009 -1.07786 0.0164581 0.999848 -0.00570075 -2.65373 -0.0279119 0.00615877 0.999591 157.269 
0.999358 -0.0213594 0.0287758 -1.06655 0.0214638 0.999764 -0.00332009 -2.67276 -0.0286981 0.00393563 0.99958 158.603 
0.999265 -0.02508 0.0290013 -1.04757 0.0251397 0.999683 -0.00169615 -2.70152 -0.0289496 0.00242403 0.999578 159.96 
0.999209 -0.026787 0.0293926 -1.03102 0.0268496 0.999638 -0.00173402 -2.72884 -0.0293355 0.00252187 0.999566 161.31 
0.999219 -0.0249441 0.0306526 -1.01732 0.0249834 0.999688 -0.0008999 -2.75652 -0.0306206 0.00166505 0.99953 162.668 
0.999263 -0.0207824 0.032262 -1.01073 0.0208511 0.999781 -0.00179191 -2.78415 -0.0322177 0.00246333 0.999478 164.045 
0.999304 -0.0168558 0.0332922 -0.994758 0.0170006 0.999847 -0.00406854 -2.81134 -0.0332186 0.00463173 0.999437 165.402 
0.999326 -0.0132854 0.0342306 -0.980228 0.0134684 0.999896 -0.00512129 -2.83031 -0.0341591 0.00557891 0.999401 166.753 
0.999332 -0.0113453 0.0347523 -0.958222 0.0114885 0.999926 -0.00392102 -2.86023 -0.0347053 0.00431769 0.999388 168.124 
0.999356 -0.00944567 0.0346189 -0.931947 0.00959624 0.999945 -0.00418468 -2.89258 -0.0345775 0.00451423 0.999392 169.498 
0.999396 -0.00783808 0.0338659 -0.909104 0.00805862 0.999947 -0.00637939 -2.92689 -0.0338141 0.00664849 0.999406 170.861 
0.999424 -0.00377788 0.0337335 -0.896274 0.0040913 0.999949 -0.00922578 -2.95756 -0.033697 0.00935852 0.999388 172.232 
0.999422 0.0010384 0.0339692 -0.890637 -0.00068337 0.999945 -0.0104602 -2.99161 -0.0339782 0.010431 0.999368 173.607 
0.99938 0.00529835 0.0348029 -0.903184 -0.00496605 0.999941 -0.00962621 -3.01487 -0.0348519 0.00944746 0.999348 175.008 
0.999361 0.00764222 0.0349116 -0.866463 -0.00739354 0.999946 -0.00724531 -3.0549 -0.0349651 0.0069826 0.999364 176.458 
0.999342 0.00869501 0.0352192 -0.842944 -0.00851701 0.99995 -0.00519959 -3.08121 -0.0352627 0.00489625 0.999366 177.857 
0.999361 0.00569935 0.0352882 -0.858003 -0.00555313 0.999976 -0.00423905 -3.1144 -0.0353115 0.00404042 0.999368 179.271 
0.999427 0.00358112 0.0336585 -0.842538 -0.00345074 0.999986 -0.00392962 -3.14984 -0.0336721 0.00381126 0.999426 180.606 
0.999502 0.00276955 0.031425 -0.808618 -0.00251465 0.999964 -0.00814668 -3.18155 -0.0314464 0.00806364 0.999473 182.018 
0.999497 0.00634338 0.0310804 -0.838136 -0.0059483 0.999901 -0.0127863 -3.20705 -0.0311584 0.012595 0.999435 183.334 
0.999482 0.0108786 0.0302812 -0.820226 -0.0104772 0.999856 -0.0133819 -3.2471 -0.0304225 0.0130578 0.999452 184.745 
0.999457 0.0143105 0.0296928 -0.806462 -0.0139527 0.999828 -0.0122223 -3.28785 -0.0298626 0.0118014 0.999484 186.182 
0.999417 0.0160203 0.0301627 -0.798093 -0.0157636 0.999838 -0.00872704 -3.32543 -0.0302976 0.00824652 0.999507 187.61 
0.999398 0.0165236 0.0305202 -0.782248 -0.0163219 0.999843 -0.00684598 -3.35865 -0.0306286 0.00634375 0.999511 189.079 
0.999402 0.0158663 0.0307103 -0.765224 -0.0156915 0.999859 -0.00592614 -3.38303 -0.0308001 0.00544075 0.999511 190.544 
0.99943 0.0137698 0.0308194 -0.744721 -0.0136096 0.999893 -0.00540038 -3.4067 -0.0308905 0.0049779 0.99951 191.992 
0.999459 0.011177 0.0309267 -0.719653 -0.0110342 0.999928 -0.00478489 -3.43774 -0.030978 0.00444109 0.99951 193.433 
0.999484 0.00854029 0.0309579 -0.6938 -0.00839175 0.999953 -0.00492371 -3.46223 -0.0309985 0.00466142 0.999509 194.87 
0.999482 0.00521962 0.0317566 -0.676432 -0.00510448 0.99998 -0.00370445 -3.49077 -0.0317753 0.00354047 0.999489 196.328 
0.999477 0.00107489 0.0323217 -0.641172 -0.00100676 0.999997 -0.00212257 -3.51814 -0.0323239 0.00208897 0.999475 197.779 
0.999455 -0.0013143 0.0329926 -0.619273 0.00139371 0.999996 -0.00238263 -3.54105 -0.0329894 0.00242736 0.999453 199.232 
0.999452 -5.85304e-05 0.033089 -0.595373 0.000271124 0.999979 -0.00641915 -3.57656 -0.0330879 0.00642464 0.999432 200.662 
0.999419 0.0066637 0.0334152 -0.58224 -0.00629014 0.999917 -0.0112709 -3.61255 -0.0334876 0.0110542 0.999378 202.093 
0.99928 0.0151768 0.0347744 -0.572448 -0.0148001 0.999829 -0.0110611 -3.65343 -0.0349364 0.0105385 0.999334 203.498 
0.999093 0.0226256 0.036087 -0.566418 -0.02237 0.999722 -0.00746952 -3.69164 -0.036246 0.00665552 0.999321 204.947 
0.999025 0.023985 0.0370608 -0.545627 -0.023799 0.999702 -0.00544916 -3.71612 -0.0371805 0.00456187 0.999298 206.428 
0.999096 0.0215736 0.0366375 -0.516252 -0.021407 0.999759 -0.00493258 -3.74489 -0.0367351 0.00414386 0.999316 207.886 
0.999199 0.0186091 0.0354324 -0.486526 -0.0184378 0.999817 -0.00515332 -3.77085 -0.0355218 0.00449594 0.999359 209.355 
0.999262 0.016354 0.0347708 -0.465559 -0.0161827 0.999856 -0.00519956 -3.80758 -0.0348508 0.00463307 0.999382 210.809 
0.999274 0.0170353 0.0340676 -0.43566 -0.0168431 0.999841 -0.00592117 -3.83696 -0.0341631 0.00534311 0.999402 212.282 
0.999263 0.018308 0.0337436 -0.409644 -0.0181272 0.99982 -0.0056546 -3.86823 -0.0338411 0.0050388 0.999415 213.753 
0.999233 0.0195178 0.0339595 -0.394595 -0.0193654 0.999801 -0.00481133 -3.89906 -0.0340467 0.00415004 0.999412 215.223 
0.999254 0.0185401 0.0338836 -0.370044 -0.018374 0.999818 -0.00520448 -3.93055 -0.033974 0.00457806 0.999412 216.701 
0.999243 0.0184047 0.0342756 -0.354881 -0.0182046 0.999815 -0.00614081 -3.96243 -0.0343823 0.00551223 0.999394 218.176 
0.999263 0.0170302 0.0344034 -0.335972 -0.0168288 0.99984 -0.00613458 -3.99342 -0.0345024 0.00555113 0.999389 219.647 
0.999263 0.017678 0.0340722 -0.308626 -0.0174662 0.999826 -0.00650413 -4.02162 -0.0341813 0.00590427 0.999398 221.147 
0.999256 0.018154 0.0340424 -0.292936 -0.0179397 0.999817 -0.00659032 -4.05731 -0.0341559 0.00597474 0.999399 222.621 
0.999263 0.0181128 0.0338333 -0.267594 -0.0178935 0.999817 -0.00677326 -4.08977 -0.0339498 0.00616292 0.999405 224.12 
0.999258 0.0188294 0.0336031 -0.251834 -0.0186091 0.999803 -0.00685664 -4.12459 -0.0337256 0.00622627 0.999412 225.601 
0.999264 0.018944 0.0333428 -0.235718 -0.0187205 0.9998 -0.00700159 -4.15722 -0.0334688 0.00637229 0.999419 227.114 
0.999257 0.0193002 0.0333492 -0.222381 -0.0190785 0.999794 -0.00695263 -4.19102 -0.0334766 0.00631125 0.99942 228.609 
0.999267 0.0187916 0.0333408 -0.202564 -0.0185718 0.999804 -0.00688817 -4.22707 -0.0334637 0.00626396 0.99942 230.122 
0.999285 0.0171873 0.0336752 -0.182792 -0.0169552 0.999831 -0.0071631 -4.25709 -0.0337927 0.00658705 0.999407 231.616 
0.999296 0.0158692 0.0339835 -0.154394 -0.0156428 0.999854 -0.00691741 -4.2922 -0.0340884 0.00638099 0.999398 233.157 
0.99932 0.0147277 0.0338 -0.108663 -0.0145376 0.999877 -0.0058608 -4.33097 -0.0338822 0.00536548 0.999411 234.696 
0.999325 0.0149456 0.033567 -0.0745134 -0.0147374 0.999871 -0.00644021 -4.35335 -0.033659 0.00594121 0.999416 236.231 
0.999303 0.0155073 0.0339627 -0.053952 -0.0152903 0.999861 -0.00663845 -4.38642 -0.0340609 0.00611457 0.999401 237.753 
0.999271 0.016336 0.0345136 -0.0136052 -0.0161144 0.999848 -0.00668944 -4.44167 -0.0346177 0.00612844 0.999382 239.208 
0.999206 0.0180769 0.0354997 -0.0075813 -0.017861 0.99982 -0.0063869 -4.46794 -0.0356088 0.00574781 0.999349 240.748 
0.999165 0.0182625 0.0365574 0.00725087 -0.0181115 0.999826 -0.00445573 -4.49729 -0.0366325 0.00378994 0.999322 242.299 
0.999145 0.0180572 0.0371986 0.0348446 -0.0179207 0.999831 -0.00399907 -4.528 -0.0372646 0.00332906 0.9993 243.812 
0.999125 0.0185335 0.0374902 0.0707211 -0.0183377 0.999816 -0.00555769 -4.56018 -0.0375864 0.00486539 0.999282 245.33 
0.999108 0.0183759 0.0380103 0.103882 -0.0181361 0.999814 -0.00664225 -4.59707 -0.0381253 0.00594701 0.999255 246.851 
0.999075 0.0192463 0.0384579 0.122773 -0.0190321 0.999801 -0.00592664 -4.63193 -0.0385644 0.00518926 0.999243 248.373 
0.999089 0.0189635 0.038244 0.158126 -0.0187859 0.999811 -0.00499607 -4.66264 -0.0383315 0.00427311 0.999256 249.917 
0.999115 0.0185683 0.0377463 0.189892 -0.018422 0.999821 -0.00421863 -4.69827 -0.037818 0.00351958 0.999278 251.448 
0.999135 0.0184552 0.0372726 0.223232 -0.0183259 0.999825 -0.00380709 -4.73449 -0.0373364 0.00312078 0.999298 252.989 
0.999076 0.020428 0.0378112 0.247971 -0.0202994 0.999787 -0.00378045 -4.7641 -0.0378804 0.00300945 0.999278 254.545 
0.999053 0.0213148 0.0379217 0.276999 -0.0211858 0.999768 -0.00379975 -4.79398 -0.0379939 0.0029928 0.999274 256.12 
0.999053 0.0213375 0.0379308 0.312066 -0.0212334 0.99977 -0.00314414 -4.83103 -0.0379892 0.0023358 0.999275 257.665 
0.99906 0.0206085 0.0381344 0.338193 -0.0204997 0.999785 -0.00324144 -4.86158 -0.0381931 0.00245669 0.999267 259.195 
0.999104 0.0184361 0.0380931 0.371622 -0.0183625 0.999829 -0.00227991 -4.89458 -0.0381287 0.00157842 0.999272 260.737 
0.999114 0.0161789 0.0388426 0.389457 -0.0161242 0.999869 -0.00172043 -4.9204 -0.0388653 0.00109264 0.999244 262.289 
0.999148 0.0145353 0.0386191 0.427037 -0.0144562 0.999893 -0.00232461 -4.95171 -0.0386488 0.00176439 0.999251 263.848 
0.999182 0.013286 0.0381906 0.460968 -0.0131661 0.999908 -0.00338971 -4.98252 -0.0382322 0.00288416 0.999265 265.388 
0.999154 0.0128964 0.0390503 0.491132 -0.0127946 0.999914 -0.00285543 -4.9857 -0.0390838 0.00235342 0.999233 266.933 
0.999162 0.0105338 0.0395531 0.519053 -0.0104973 0.999944 -0.0011302 -5.01488 -0.0395628 0.00071409 0.999217 268.453 
0.999173 0.0087751 0.0397038 0.555221 -0.00871399 0.999961 -0.00171096 -5.04462 -0.0397173 0.00136361 0.99921 270.021 
0.999143 0.009399 0.0403049 0.587355 -0.00927417 0.999952 -0.00328189 -5.06851 -0.0403338 0.00290533 0.999182 271.574 
0.999106 0.0105793 0.0409294 0.619467 -0.0104304 0.999938 -0.00384875 -5.09598 -0.0409676 0.00341844 0.999155 273.12 
0.999024 0.0122799 0.0424244 0.642239 -0.0121215 0.999919 -0.00398878 -5.12247 -0.04247 0.00347068 0.999092 274.675 
0.998965 0.0132977 0.0435049 0.67619 -0.0131365 0.999906 -0.00398902 -5.15904 -0.0435539 0.00341343 0.999045 276.226 
0.998896 0.0147746 0.0446006 0.713286 -0.0145908 0.999884 -0.00444396 -5.18895 -0.0446611 0.00378834 0.998995 277.783 
0.998842 0.0151895 0.0456552 0.752955 -0.0149991 0.999877 -0.00451075 -5.23028 -0.0457181 0.00382078 0.998947 279.326 
0.998824 0.0154704 0.045956 0.804912 -0.0152346 0.999869 -0.00547582 -5.26115 -0.0460347 0.00476929 0.998928 280.873 
0.998799 0.0145996 0.0467677 0.853325 -0.0143367 0.99988 -0.00595212 -5.29432 -0.046849 0.00527452 0.998888 282.461 
0.998755 0.0138028 0.0479304 0.890151 -0.0135368 0.999891 -0.00586824 -5.32183 -0.0480062 0.00521215 0.998833 284.069 
0.99872 0.0123688 0.0490471 0.938662 -0.0121667 0.999916 -0.00441691 -5.36223 -0.0490976 0.00381455 0.998787 285.64 
0.998719 0.0115013 0.0492741 0.986291 -0.0113092 0.999927 -0.00417406 -5.3939 -0.0493186 0.0036115 0.998777 287.194 
0.998716 0.011562 0.0493325 1.04028 -0.0112775 0.999918 -0.00604009 -5.44013 -0.0493984 0.00547603 0.998764 288.762 
0.99875 0.0104779 0.0488695 1.09647 -0.0100923 0.999916 -0.00812979 -5.47418 -0.0489506 0.00762646 0.998772 290.346 
0.998781 0.0106506 0.0481972 1.14543 -0.0102658 0.999914 -0.00822363 -5.50607 -0.0482806 0.00771886 0.998804 291.896 
0.998828 0.0094899 0.0474687 1.17809 -0.00911497 0.999926 -0.00810788 -5.53769 -0.0475421 0.00766574 0.99884 293.444 
0.998861 0.00922989 0.0468245 1.20292 -0.00884221 0.999925 -0.00847896 -5.57531 -0.0468993 0.00805531 0.998867 295.048 
0.998902 0.00922176 0.0459426 1.25909 -0.00883576 0.999924 -0.00859676 -5.61618 -0.0460184 0.00818142 0.998907 296.607 
0.998941 0.00815319 0.045286 1.30312 -0.00779978 0.999938 -0.00797434 -5.66035 -0.0453483 0.00761272 0.998942 298.157 
0.998996 0.00737784 0.0441962 1.34289 -0.00704432 0.999946 -0.00769634 -5.69698 -0.0442506 0.00737732 0.998993 299.719 
0.999064 0.00602064 0.0428256 1.39485 -0.00575936 0.999964 -0.00622086 -5.7292 -0.0428615 0.00596843 0.999063 301.324 
0.999068 0.00798621 0.0424125 1.42968 -0.00778885 0.999958 -0.00481556 -5.76828 -0.0424492 0.00448077 0.999089 302.902 
0.999023 0.00831832 0.0434041 1.46106 -0.00811666 0.999955 -0.00481926 -5.79584 -0.0434423 0.0044623 0.999046 304.502 
0.998965 0.00952984 0.044484 1.49791 -0.00930375 0.999943 -0.00528567 -5.82509 -0.0445319 0.00486637 0.998996 306.08 
0.998961 0.00811243 0.0448499 1.54523 -0.00788249 0.999955 -0.00530037 -5.85801 -0.0448909 0.00494137 0.99898 307.664 
0.998961 0.00600828 0.0451812 1.57736 -0.0057393 0.999965 -0.00607986 -5.90069 -0.0452162 0.00581427 0.99896 309.31 
0.998957 0.00443358 0.0454443 1.62427 -0.00407847 0.99996 -0.00790291 -5.93851 -0.0454776 0.00770937 0.998936 310.935 
0.998953 0.0037778 0.0455875 1.65789 -0.00337491 0.999955 -0.00891043 -5.97586 -0.0456191 0.00874729 0.998921 312.536 
0.999059 0.00445887 0.0431414 1.69974 -0.00403752 0.999943 -0.00984795 -6.01474 -0.0431829 0.00966454 0.99902 314.137 
0.99915 0.00529099 0.0408853 1.7369 -0.00492122 0.999946 -0.00913841 -6.04913 -0.0409315 0.00892947 0.999122 315.746 
0.999164 0.00599431 0.0404386 1.77417 -0.00576454 0.999967 -0.00579496 -6.08778 -0.040472 0.00555704 0.999165 317.368 
0.999143 0.00444394 0.0411636 1.8045 -0.00433777 0.999987 -0.00266704 -6.12275 -0.0411749 0.00248623 0.999149 319.007 
0.999143 0.00344564 0.0412384 1.84114 -0.00337429 0.999993 -0.00179877 -6.1546 -0.0412443 0.00165812 0.999148 320.64 
0.999124 0.00256374 0.0417584 1.87415 -0.00244226 0.999993 -0.00295894 -6.18366 -0.0417658 0.0028544 0.999123 322.279 
0.9991 0.00196728 0.0423617 1.90955 -0.00183336 0.999993 -0.00319896 -6.21031 -0.0423677 0.00311846 0.999097 323.939 
0.999079 0.00147356 0.0428874 1.94611 -0.0013495 0.999995 -0.00292045 -6.24006 -0.0428915 0.00285992 0.999076 325.578 
0.99903 0.00202348 0.0439874 1.9565 -0.00187318 0.999992 -0.00345675 -6.25782 -0.0439941 0.00337104 0.999026 327.19 
0.998991 0.00378214 0.0447511 1.98525 -0.00359118 0.999984 -0.00434597 -6.29491 -0.0447669 0.00418092 0.998989 328.795 
0.998958 0.004115 0.0454483 2.02689 -0.0039053 0.999981 -0.00470094 -6.33337 -0.0454668 0.0045186 0.998956 330.429 
0.99892 0.00275931 0.0463883 2.0723 -0.00263986 0.999993 -0.00263497 -6.37363 -0.0463953 0.00250971 0.99892 332.069 
0.998902 0.00113683 0.0468294 2.10985 -0.00106864 0.999998 -0.00148033 -6.41404 -0.0468311 0.0014287 0.998902 333.719 
0.998872 -0.000108269 0.0474872 2.15 0.000217631 0.999997 -0.00229691 -6.45 -0.0474868 0.00230469 0.998869 335.346 
0.998831 0.00102118 0.0483318 2.18758 -0.000916902 0.999997 -0.00217874 -6.48282 -0.0483339 0.00213192 0.998829 336.959 
0.998803 0.00270232 0.0488348 2.20687 -0.00250001 0.999988 -0.00420242 -6.50945 -0.0488456 0.00407535 0.998798 338.627 
0.998802 0.00483655 0.0486913 2.2443 -0.00449569 0.999965 -0.00710668 -6.55349 -0.048724 0.00687931 0.998789 340.245 
0.998813 0.00623576 0.0483052 2.28843 -0.0059171 0.99996 -0.00673604 -6.58696 -0.0483453 0.00644226 0.99881 341.848 
0.998861 0.00629176 0.0473054 2.33658 -0.00615713 0.999977 -0.00299025 -6.62525 -0.0473231 0.00269562 0.998876 343.457 
0.998887 0.00712648 0.0466205 2.36455 -0.00711668 0.999975 -0.000375382 -6.64655 -0.046622 4.32221e-05 0.998913 345.108 
0.998865 0.00727989 0.04707 2.32626 -0.00720109 0.999972 -0.00184255 -6.66482 -0.0470821 0.00150155 0.99889 346.751 
0.998938 0.00689212 0.0455496 2.35959 -0.00676576 0.999973 -0.0029268 -6.70042 -0.0455686 0.00261556 0.998958 348.365 
0.998979 0.00561363 0.0448347 2.3813 -0.00553509 0.999983 -0.00187478 -6.7276 -0.0448445 0.00162474 0.998993 350 
0.999014 0.00383333 0.0442349 2.42031 -0.0037923 0.999992 -0.00101043 -6.76171 -0.0442385 0.000841726 0.999021 351.616 
0.999029 0.0041794 0.0438631 2.45581 -0.00410631 0.99999 -0.00175541 -6.79436 -0.0438701 0.00157363 0.999036 353.201 
0.999023 0.00330578 0.0440628 2.48438 -0.00319001 0.999991 -0.00269646 -6.81842 -0.0440714 0.0025533 0.999025 354.827 
0.99901 0.00342099 0.044358 2.51903 -0.00328955 0.99999 -0.00303495 -6.84565 -0.044368 0.00288607 0.999011 356.431 
0.998999 0.00301506 0.0446274 2.56252 -0.00289209 0.999992 -0.00281876 -6.88292 -0.0446356 0.00268692 0.999 358.056 
0.999016 0.00182766 0.0443254 2.60997 -0.00168652 0.999993 -0.00322034 -6.92045 -0.044331 0.00314246 0.999012 359.67 
0.998997 0.001376 0.044768 2.64395 -0.00120755 0.999992 -0.00378845 -6.95369 -0.0447729 0.00373063 0.99899 361.272 
0.998988 0.00022266 0.0449729 2.69346 -5.8703e-05 0.999993 -0.00364601 -6.9804 -0.0449735 0.00363972 0.998982 362.913 
0.998982 7.55892e-05 0.0451077 2.73785 0.0001144 0.999991 -0.00420834 -7.01855 -0.0451077 0.00420926 0.998973 364.503 
0.99899 -0.00191689 0.0448998 2.79412 0.00215631 0.999984 -0.00528353 -7.05244 -0.044889 0.00537505 0.998978 366.114 
0.999003 -0.00406039 0.0444537 2.84757 0.00421464 0.999985 -0.00337586 -7.08724 -0.0444394 0.0035599 0.999006 367.713 
0.99899 -0.00503403 0.0446403 2.88681 0.00515705 0.999983 -0.00264009 -7.11782 -0.0446263 0.00286767 0.999 369.328 
0.999 -0.00587725 0.0443133 2.93292 0.00605465 0.999974 -0.00386926 -7.14332 -0.0442895 0.00413374 0.99901 370.919 
0.998993 -0.0049687 0.0445873 2.97583 0.00516686 0.999977 -0.00432926 -7.17929 -0.0445648 0.00455532 0.998996 372.522 
0.99898 -0.00319753 0.0450421 3.01869 0.00335851 0.999988 -0.00349777 -7.20936 -0.0450304 0.00364552 0.998979 374.12 
0.998978 -0.00123409 0.0451804 3.06553 0.00136584 0.999995 -0.00288428 -7.23793 -0.0451767 0.00294308 0.998975 375.727 
0.998961 -0.0018747 0.0455368 3.11129 0.00201193 0.999994 -0.00296691 -7.27854 -0.0455309 0.00305548 0.998958 377.327 
0.998962 -0.00235554 0.0454935 3.15636 0.00253048 0.99999 -0.00378729 -7.30846 -0.0454841 0.00389852 0.998957 378.954 
0.99897 -0.00488086 0.0451196 3.21253 0.00503382 0.999982 -0.00327618 -7.36669 -0.0451028 0.00349996 0.998976 380.588 
0.99895 -0.00422835 0.0456136 3.25429 0.0044037 0.999983 -0.00374336 -7.39439 -0.0455971 0.00394034 0.998952 382.184 
0.99896 -0.00240307 0.0455434 3.30662 0.00258848 0.999989 -0.00401158 -7.42373 -0.0455333 0.00412533 0.998954 383.832 
0.998943 0.000157636 0.0459605 3.35027 7.94265e-06 0.999994 -0.00360148 -7.46151 -0.0459608 0.00359808 0.998937 385.447 
0.998924 0.00161771 0.0463592 3.39815 -0.00141099 0.999989 -0.00449064 -7.4867 -0.046366 0.00442043 0.998915 387.098 
0.998908 0.00345223 0.0465963 3.44561 -0.00321827 0.999982 -0.00509411 -7.52127 -0.046613 0.00493863 0.998901 388.736 
0.998894 0.00418852 0.0468353 3.49535 -0.00394902 0.999979 -0.00520399 -7.55506 -0.0468561 0.00501333 0.998889 390.391 
0.998897 0.0051597 0.0466708 3.55027 -0.00495305 0.999977 -0.00454156 -7.58031 -0.0466933 0.00430543 0.9989 392.007 
0.998873 0.00658054 0.0470148 3.59665 -0.00639806 0.999971 -0.0040298 -7.62217 -0.04704 0.00372449 0.998886 393.614 
0.998876 0.00743771 0.0468191 3.65613 -0.00722881 0.999963 -0.00462878 -7.65349 -0.0468518 0.00428517 0.998893 395.248 
0.998858 0.00734598 0.0472188 3.70002 -0.00714416 0.999965 -0.00444043 -7.68718 -0.0472498 0.00409806 0.998875 396.913 
0.998849 0.00797181 0.0472903 3.76507 -0.00779291 0.999962 -0.00396518 -7.71468 -0.0473202 0.00359213 0.998873 398.584 
0.998858 0.00666396 0.0473101 3.81813 -0.0064459 0.999968 -0.00475939 -7.75422 -0.0473403 0.00444904 0.998869 400.211 
0.998844 0.00761495 0.047457 3.86757 -0.00736981 0.999959 -0.00533743 -7.79791 -0.0474957 0.00498155 0.998859 401.834 
0.998847 0.0058784 0.0476481 3.92191 -0.0056482 0.999972 -0.00496366 -7.84099 -0.047676 0.00468885 0.998852 403.454 
0.998831 0.00483564 0.0480888 3.96979 -0.00467241 0.999983 -0.00350532 -7.8741 -0.048105 0.00327658 0.998837 405.119 
0.998826 0.00309935 0.0483417 4.03121 -0.00301226 0.999994 -0.00187349 -7.90419 -0.0483473 0.00172571 0.998829 406.819 
0.998804 0.00124081 0.0488691 4.07895 -0.00110322 0.999995 -0.00284145 -7.93318 -0.0488724 0.00278418 0.998801 408.491 
0.998792 5.37852e-05 0.0491358 4.1242 0.000122679 0.999994 -0.00358745 -7.97204 -0.0491358 0.00358918 0.998786 410.169 
