1 2.12261e-08 -2.11895e-08 0 2.12261e-08 1 2.10703e-08 0 -2.11895e-08 2.10703e-08 1 0 
0.999997 -0.00171552 -0.0015405 -0.0104734 0.00171423 0.999998 -0.000868745 -0.00801557 0.00154194 0.000866144 0.999998 0.578102 
0.999994 -0.00252732 -0.00254074 -0.0279035 0.00252169 0.999994 -0.00223123 -0.0238382 0.00254632 0.00222485 0.999994 1.15224 
0.999987 -0.00270405 -0.00423439 -0.0482198 0.00268874 0.99999 -0.00362639 -0.0348016 0.00424411 0.00361501 0.999985 1.72216 
0.999971 -0.00481879 -0.0059877 -0.0619723 0.00478654 0.999974 -0.00539737 -0.0433339 0.00601351 0.00536859 0.999968 2.28937 
0.999945 -0.007318 -0.00755094 -0.0788696 0.00726257 0.999947 -0.00734785 -0.0529147 0.00760427 0.00729265 0.999945 2.85843 
0.999924 -0.0083322 -0.00909191 -0.0920622 0.00825615 0.999931 -0.00837475 -0.0608727 0.00916102 0.00829909 0.999924 3.44872 
0.999902 -0.00898384 -0.0107194 -0.0984826 0.00890329 0.999932 -0.00754244 -0.0760448 0.0107864 0.00744631 0.999914 4.04517 
0.999887 -0.00929087 -0.0118164 -0.119801 0.00919962 0.999928 -0.0077575 -0.0939141 0.0118875 0.00764796 0.9999 4.6366 
0.999876 -0.00862297 -0.013192 -0.133409 0.00848413 0.999908 -0.0105475 -0.108365 0.0132817 0.0104343 0.999857 5.23559 
0.999875 -0.00670852 -0.0143307 -0.157827 0.0065016 0.999875 -0.0144402 -0.129517 0.0144258 0.0143453 0.999793 5.84615 
0.99987 -0.00527462 -0.0152705 -0.190953 0.00499245 0.999817 -0.0184606 -0.135695 0.015365 0.018382 0.999713 6.46359 
0.999865 -0.00361131 -0.0160202 -0.224781 0.00331535 0.999824 -0.0184649 -0.147141 0.016084 0.0184093 0.999701 7.09484 
0.99985 -0.00115532 -0.0173033 -0.248394 0.000947954 0.999928 -0.0119901 -0.153052 0.0173158 0.011972 0.999778 7.74348 
0.999841 -0.000186899 -0.0178474 -0.275846 0.000164788 0.999999 -0.00124272 -0.169435 0.0178476 0.00123963 0.99984 8.41425 
0.999825 0.000900314 -0.0186717 -0.306041 -0.000806525 0.999987 0.00502768 -0.179231 0.018676 -0.0050117 0.999813 9.09607 
0.999801 0.00303032 -0.0197213 -0.338871 -0.0029422 0.999986 0.00449365 -0.198775 0.0197345 -0.00443469 0.999795 9.77786 
0.999775 0.00534221 -0.0205122 -0.371615 -0.00540693 0.999981 -0.00310337 -0.201382 0.0204951 0.00321362 0.999785 10.4808 
0.999748 0.00485248 -0.0218992 -0.392663 -0.00505825 0.999944 -0.00935278 -0.199894 0.0218526 0.00946124 0.999716 11.1979 
0.999737 0.00278996 -0.022748 -0.428572 -0.00296763 0.999965 -0.00778227 -0.201383 0.0227254 0.00784777 0.999711 11.942 
0.999723 0.00200396 -0.0234431 -0.450813 -0.00197336 0.999997 0.00132688 -0.20887 0.0234456 -0.00128021 0.999724 12.708 
0.999715 0.00135068 -0.023822 -0.486527 -0.0011348 0.999958 0.00907165 -0.21985 0.0238332 -0.00904199 0.999675 13.495 
0.999699 0.000261808 -0.024516 -0.517661 1.97205e-05 0.999934 0.0114808 -0.224274 0.0245174 -0.0114778 0.999634 14.2863 
0.999692 -0.00189375 -0.0247404 -0.549447 0.0021487 0.999945 0.0102808 -0.216615 0.0247195 -0.0103307 0.999641 15.1002 
0.999709 -0.00205473 -0.0240216 -0.581186 0.00223987 0.999968 0.00768101 -0.2179 0.024005 -0.00773254 0.999682 15.9349 
0.999725 0.000166093 -0.0234495 -0.619131 -6.72115e-05 0.999991 0.00421573 -0.21927 0.0234499 -0.00421296 0.999716 16.7585 
0.999746 -0.00290138 -0.02237 -0.654113 0.00287058 0.999995 -0.00141088 -0.225015 0.0223739 0.00134635 0.999749 17.6183 
0.999744 -0.00543588 -0.0219794 -0.677458 0.00526989 0.999957 -0.00760476 -0.239456 0.0220197 0.00748702 0.99973 18.4929 
0.999779 -0.00418621 -0.0206267 -0.715637 0.00391943 0.999908 -0.0129593 -0.253452 0.020679 0.0128756 0.999703 19.3779 
0.999773 -0.00320733 -0.0210589 -0.742665 0.00291608 0.9999 -0.0138486 -0.269072 0.0211012 0.013784 0.999682 20.2931 
0.999773 -0.00321389 -0.0210835 -0.78219 0.00293776 0.99991 -0.013117 -0.293104 0.0211237 0.0130521 0.999692 21.216 
0.999762 -0.00185967 -0.0217224 -0.814714 0.00154484 0.999894 -0.014503 -0.315455 0.021747 0.014466 0.999659 22.1588 
0.999763 0.00139267 -0.021722 -0.854826 -0.00174997 0.999863 -0.0164403 -0.343393 0.0216961 0.0164745 0.999629 23.1115 
0.999751 0.00490665 -0.0217668 -0.900165 -0.00528338 0.999837 -0.0172861 -0.367983 0.0216784 0.0173968 0.999614 24.0741 
0.999733 0.00674396 -0.0220973 -0.941332 -0.00712153 0.999829 -0.0170547 -0.399232 0.0219784 0.0172075 0.99961 25.0498 
0.999729 0.00733779 -0.0221039 -0.989404 -0.00772189 0.99982 -0.017344 -0.426768 0.0219726 0.01751 0.999605 26.0333 
0.999726 0.00712936 -0.0223037 -1.02732 -0.00751705 0.999821 -0.0173491 -0.453166 0.0221759 0.0175121 0.999601 27.0304 
0.999713 0.00804766 -0.0225623 -1.07284 -0.00841099 0.999836 -0.0160566 -0.484905 0.0224294 0.0162418 0.999617 28.0376 
0.999703 0.00898979 -0.0226471 -1.12028 -0.00931353 0.999855 -0.0142323 -0.512985 0.0225158 0.014439 0.999642 29.0475 
0.99969 0.00954688 -0.0229799 -1.16215 -0.00983984 0.999871 -0.0126712 -0.544868 0.0228559 0.0128934 0.999656 30.067 
0.999681 0.00958996 -0.0233632 -1.20086 -0.00991118 0.999857 -0.013674 -0.570622 0.0232287 0.0139013 0.999634 31.0899 
0.999649 0.0110274 -0.0240913 -1.23681 -0.0113788 0.99983 -0.014502 -0.598458 0.0239272 0.014771 0.999605 32.1247 
0.999646 0.0107604 -0.0243523 -1.28607 -0.0110973 0.999844 -0.0137425 -0.622141 0.0242006 0.0140079 0.999609 33.1706 
0.999639 0.00971553 -0.025044 -1.32552 -0.00999812 0.999888 -0.0111849 -0.646659 0.0249325 0.0114313 0.999624 34.2291 
0.999624 0.0103145 -0.0254224 -1.37336 -0.0105078 0.999917 -0.00748233 -0.672517 0.0253431 0.00774669 0.999649 35.286 
0.999616 0.0103098 -0.0257307 -1.42406 -0.0104379 0.999934 -0.00485257 -0.70037 0.0256789 0.00511932 0.999657 36.3534 
0.999609 0.010159 -0.0260421 -1.47559 -0.0102771 0.999938 -0.00440814 -0.723071 0.0259956 0.0046741 0.999651 37.4256 
0.999592 0.00978316 -0.0268316 -1.51817 -0.00993828 0.999935 -0.00565557 -0.746095 0.0267745 0.00591997 0.999624 38.5115 
0.999576 0.0101124 -0.0272924 -1.5731 -0.0102904 0.999927 -0.00638947 -0.764884 0.0272257 0.00666765 0.999607 39.5929 
0.999555 0.0100291 -0.0280963 -1.62313 -0.0101776 0.999935 -0.00514736 -0.786428 0.0280428 0.00543107 0.999592 40.6804 
0.999533 0.0099403 -0.0289007 -1.67294 -0.0100366 0.999945 -0.00319007 -0.809326 0.0288673 0.00347869 0.999577 41.7708 
0.999522 0.010379 -0.0291057 -1.72945 -0.0104112 0.999945 -0.000955581 -0.829408 0.0290941 0.00125819 0.999576 42.8605 
0.999494 0.0112774 -0.0297451 -1.7775 -0.0113059 0.999936 -0.000789455 -0.856084 0.0297342 0.00112539 0.999557 43.95 
0.999474 0.0127227 -0.0298176 -1.83469 -0.0128702 0.999906 -0.00476253 -0.879399 0.0297542 0.00514382 0.999544 45.0291 
0.999469 0.0137556 -0.0295376 -1.89411 -0.0140152 0.999865 -0.00860322 -0.905119 0.0294152 0.00901267 0.999527 46.11 
0.999462 0.0144313 -0.0294378 -1.94751 -0.0147032 0.999851 -0.00904312 -0.929144 0.0293028 0.00947113 0.999526 47.2004 
0.999466 0.014759 -0.0291666 -2.00577 -0.0149479 0.999869 -0.00627175 -0.95746 0.0290701 0.00670442 0.999555 48.2858 
0.999451 0.0156939 -0.0291712 -2.05756 -0.0158108 0.999868 -0.00378423 -0.98814 0.0291079 0.00424342 0.999567 49.3719 
0.999465 0.0144426 -0.0293346 -2.10617 -0.0145284 0.999891 -0.00271462 -1.01 0.0292921 0.00313939 0.999566 50.4606 
0.999476 0.0143783 -0.0289921 -2.15693 -0.014486 0.999889 -0.00351179 -1.03415 0.0289384 0.00392998 0.999574 51.5505 
0.99949 0.0139394 -0.0287432 -2.20896 -0.0141015 0.999886 -0.00544628 -1.05529 0.0286639 0.00584886 0.999572 52.6539 
0.9995 0.0140758 -0.0283193 -2.26081 -0.0142971 0.999869 -0.00762834 -1.08037 0.0282081 0.00802945 0.99957 53.7416 
0.99952 0.0127216 -0.0282485 -2.30834 -0.0130058 0.999866 -0.00989841 -1.10869 0.0281188 0.0102611 0.999552 54.8326 
0.999532 0.0114416 -0.0283778 -2.35338 -0.0118169 0.999844 -0.0130947 -1.14326 0.0282236 0.0134239 0.999512 55.9216 
0.99956 0.00965336 -0.0280591 -2.40103 -0.010072 0.99984 -0.0148183 -1.17246 0.0279115 0.0150944 0.999496 57.0117 
0.999568 0.00765592 -0.0283811 -2.44177 -0.00801396 0.999889 -0.0125246 -1.20369 0.028282 0.0127467 0.999519 58.1079 
0.999579 0.00672677 -0.0282331 -2.48883 -0.00691005 0.999956 -0.0064007 -1.23299 0.0281888 0.00659313 0.999581 59.1971 
0.999584 0.00514444 -0.0283801 -2.534 -0.00514966 0.999987 -0.000112402 -1.25909 0.0283791 0.000258546 0.999597 60.2992 
0.999593 0.00347755 -0.0283259 -2.58391 -0.00346612 0.999994 0.00045097 -1.27659 0.0283273 -0.000352562 0.999599 61.3958 
0.999591 -0.000604293 -0.0285824 -2.62227 0.000533341 0.999997 -0.00249138 -1.29419 0.0285838 0.00247516 0.999588 62.492 
0.999588 -0.00173344 -0.0286456 -2.67717 0.00157228 0.999983 -0.00564927 -1.31774 0.0286549 0.00560195 0.999574 63.592 
0.999581 -0.00025915 -0.0289531 -2.72877 -1.74568e-05 0.999954 -0.0095544 -1.35122 0.0289543 0.00955095 0.999535 64.7016 
0.999589 5.72905e-05 -0.0286594 -2.79368 -0.000456496 0.999903 -0.0139244 -1.37715 0.0286558 0.0139318 0.999492 65.801 
0.9996 0.00279066 -0.028141 -2.84968 -0.00320115 0.999889 -0.0145542 -1.4025 0.0280972 0.0146385 0.999498 66.8967 
0.999599 0.00682339 -0.0274784 -2.90237 -0.00712208 0.999916 -0.0107886 -1.43649 0.0274024 0.01098 0.999564 67.9943 
0.999589 0.00802893 -0.0275124 -2.9505 -0.00827382 0.999927 -0.00880019 -1.46802 0.0274397 0.00902425 0.999583 69.0835 
0.999596 0.00759019 -0.0273963 -2.99911 -0.00780618 0.999939 -0.0077871 -1.49872 0.0273355 0.00799786 0.999594 70.1825 
0.999607 0.00559688 -0.0274845 -3.04288 -0.00579158 0.999959 -0.00701074 -1.52663 0.0274441 0.0071672 0.999598 71.2829 
0.999596 0.00411195 -0.0281229 -3.08422 -0.00427404 0.999975 -0.00570726 -1.55212 0.0280987 0.00582519 0.999588 72.3799 
0.999588 0.00272358 -0.0285789 -3.12812 -0.00282873 0.999989 -0.0036408 -1.57733 0.0285687 0.00372018 0.999585 73.4778 
0.999572 0.00126924 -0.0292399 -3.1869 -0.00133075 0.999997 -0.00208574 -1.60014 0.0292371 0.0021238 0.99957 74.5967 
0.999534 0.000433927 -0.0305089 -3.22691 -0.000531366 0.999995 -0.00318711 -1.62797 0.0305073 0.00320188 0.999529 75.6889 
0.999508 0.000399013 -0.0313694 -3.27343 -0.0006201 0.999975 -0.0070398 -1.65195 0.0313657 0.00705582 0.999483 76.7708 
0.999469 0.000852249 -0.0325682 -3.31434 -0.00113988 0.999961 -0.00881536 -1.68036 0.0325593 0.00884785 0.999431 77.8387 
0.999451 0.00311354 -0.0329766 -3.37858 -0.00337133 0.999964 -0.00776594 -1.69691 0.0329512 0.0078729 0.999426 78.9355 
0.999416 0.00372964 -0.0339611 -3.43749 -0.0038567 0.999986 -0.00367793 -1.7182 0.0339469 0.0038068 0.999416 80.035 
0.999377 0.0055524 -0.0348498 -3.49288 -0.00554035 0.999985 0.000441353 -1.74452 0.0348517 -0.000247955 0.999393 81.1231 
0.999361 0.00639146 -0.0351649 -3.55749 -0.00636643 0.999979 0.000822549 -1.76085 0.0351694 -0.000598106 0.999381 82.2124 
0.999331 0.00615656 -0.0360435 -3.61266 -0.00620849 0.99998 -0.00133034 -1.77879 0.0360345 0.00155327 0.999349 83.2967 
0.999299 0.00601836 -0.0369459 -3.66377 -0.00610233 0.999979 -0.0021615 -1.79955 0.0369321 0.00238549 0.999315 84.3657 
0.999279 0.0053981 -0.0375745 -3.7193 -0.00549022 0.999982 -0.00235 -1.82287 0.0375611 0.00255465 0.999291 85.4241 
0.999273 0.00457852 -0.0378511 -3.78354 -0.00466516 0.999987 -0.00220206 -1.84612 0.0378405 0.00237708 0.999281 86.4691 
0.99925 0.00262807 -0.0386452 -3.8364 -0.00265616 0.999996 -0.000676529 -1.8669 0.0386433 0.000778712 0.999253 87.4831 
0.999218 0.00359556 -0.0393723 -3.89162 -0.00351774 0.999992 0.00204452 -1.8901 0.0393793 -0.00190438 0.999223 88.4912 
0.999174 0.00280151 -0.0405526 -3.93751 -0.0026815 0.999992 0.00301263 -1.91461 0.0405606 -0.00290135 0.999173 89.4936 
0.999099 0.00228388 -0.0423745 -3.99902 -0.00215672 0.999993 0.00304539 -1.93218 0.0423811 -0.00295121 0.999097 90.443 
0.99897 0.00113942 -0.0453687 -4.06171 -0.00103071 0.999997 0.00241846 -1.95667 0.0453712 -0.00236916 0.998967 91.3815 
0.998825 0.00115794 -0.048451 -4.13098 -0.00109476 0.999999 0.00132974 -1.97188 0.0484525 -0.00127509 0.998825 92.2877 
0.99867 0.000745069 -0.0515597 -4.19292 -0.000656262 0.999998 0.00173852 -1.99304 0.0515609 -0.00170233 0.998668 93.1817 
0.998514 0.00200808 -0.0544588 -4.26434 -0.00187282 0.999995 0.00253399 -2.00968 0.0544635 -0.00242819 0.998513 94.0497 
0.998329 0.00264323 -0.057725 -4.32419 -0.00242149 0.999989 0.00391024 -2.03423 0.0577347 -0.00376388 0.998325 94.9073 
0.998153 0.00384892 -0.0606362 -4.39403 -0.00353977 0.99998 0.00520422 -2.04735 0.060655 -0.00497992 0.998146 95.7213 
0.998003 0.0054403 -0.0629308 -4.46863 -0.00507266 0.999969 0.00599953 -2.0624 0.0629614 -0.00566827 0.998 96.5155 
0.997843 0.00778015 -0.0651868 -4.54265 -0.00739792 0.999954 0.00610236 -2.07369 0.0652313 -0.0056069 0.997854 97.2964 
0.997648 0.00955648 -0.0678831 -4.61124 -0.00923177 0.999944 0.00509488 -2.09239 0.067928 -0.00445617 0.99768 98.0298 
0.997455 0.0106073 -0.0705093 -4.67792 -0.0105344 0.999944 0.00140598 -2.10926 0.0705202 -0.000659583 0.99751 98.7401 
0.997279 0.0132222 -0.0725271 -4.75467 -0.0134347 0.999907 -0.00244358 -2.12308 0.072488 0.00341135 0.997363 99.4153 
0.997116 0.0152175 -0.0743454 -4.8207 -0.0156299 0.999866 -0.0049684 -2.14076 0.0742598 0.00611613 0.99722 100.064 
0.997028 0.0173119 -0.0750721 -4.88341 -0.0178068 0.999824 -0.00592763 -2.15654 0.0749562 0.00724684 0.997161 100.68 
0.997055 0.019825 -0.074089 -4.94732 -0.0202834 0.99978 -0.00544051 -2.17623 0.0739648 0.0069273 0.997237 101.283 
0.997179 0.0232564 -0.0713626 -5.0011 -0.0236068 0.999713 -0.00407106 -2.19154 0.0712474 0.00574427 0.997442 101.857 
0.997496 0.0258333 -0.0658365 -5.04729 -0.026068 0.999657 -0.00270903 -2.20633 0.0657439 0.00441852 0.997827 102.398 
0.997933 0.0266527 -0.0584828 -5.08252 -0.0267412 0.999642 -0.000731861 -2.2197 0.0584423 0.00229429 0.998288 102.926 
0.998454 0.0265611 -0.0488251 -5.10836 -0.0265084 0.999647 0.00172603 -2.23165 0.0488536 -0.000429049 0.998806 103.428 
0.998975 0.0259269 -0.0371027 -5.1245 -0.0258371 0.999662 0.00289624 -2.2423 0.0371652 -0.0019346 0.999307 103.906 
0.999403 0.025077 -0.0237508 -5.13144 -0.0250103 0.999682 0.00309997 -2.25527 0.023821 -0.00250406 0.999713 104.361 
0.999654 0.0248148 -0.00876045 -5.12808 -0.0247965 0.99969 0.00218449 -2.26433 0.0088119 -0.00196647 0.999959 104.803 
0.99968 0.0234129 0.00956843 -5.12539 -0.0234079 0.999726 -0.000630403 -2.28119 -0.00958061 0.000406266 0.999954 105.22 
0.999265 0.0226287 0.0309462 -5.1045 -0.0224761 0.999734 -0.00526995 -2.29307 -0.0310573 0.00457057 0.999507 105.633 
0.998272 0.0202511 0.0551712 -5.06509 -0.0197329 0.999756 -0.0099205 -2.3104 -0.0553587 0.00881471 0.998428 106.03 
0.996434 0.0178272 0.0824731 -5.01727 -0.0168545 0.99978 -0.012475 -2.32045 -0.0826774 0.0110405 0.996515 106.42 
0.99357 0.0147546 0.112254 -4.94918 -0.0133255 0.999821 -0.0134703 -2.33888 -0.112432 0.0118879 0.993588 106.806 
0.989356 0.0126477 0.144968 -4.87546 -0.0105246 0.999826 -0.0154023 -2.34824 -0.145138 0.0137127 0.989316 107.181 
0.983463 0.0102377 0.180818 -4.78261 -0.00727379 0.999828 -0.0170471 -2.36114 -0.180961 0.01545 0.983369 107.551 
0.975597 0.00703543 0.219458 -4.67726 -0.00331246 0.999844 -0.0173275 -2.37397 -0.219546 0.0161778 0.975468 107.903 
0.965711 0.00453091 0.259581 -4.55547 0.000199513 0.999835 -0.0181939 -2.38921 -0.259621 0.0176218 0.96555 108.248 
0.953407 0.00559591 0.301637 -4.43251 0.000126463 0.999821 -0.0189481 -2.40571 -0.301689 0.0181034 0.953235 108.576 
0.938144 0.00762805 0.346162 -4.29674 -0.000986218 0.999812 -0.019359 -2.42239 -0.346245 0.0178201 0.937975 108.893 
0.920211 0.00765676 0.391347 -4.14533 -0.000691246 0.999839 -0.0179365 -2.43407 -0.391422 0.0162348 0.920068 109.2 
0.899898 0.00693445 0.436045 -3.97109 0.000377601 0.999861 -0.01668 -2.44666 -0.4361 0.015175 0.89977 109.493 
0.876194 0.00572569 0.481925 -3.79398 0.00273862 0.999854 -0.0168581 -2.46378 -0.481951 0.0160908 0.87605 109.785 
0.850852 0.00624106 0.525368 -3.59708 0.00418527 0.999817 -0.0186553 -2.48082 -0.525389 0.0180718 0.85067 110.047 
0.822829 0.00839193 0.568228 -3.38882 0.00481563 0.999752 -0.0217382 -2.49799 -0.568269 0.0206232 0.822584 110.306 
0.791646 0.0131648 0.610838 -3.1673 0.00357855 0.999651 -0.0261822 -2.50965 -0.610969 0.0229129 0.791323 110.561 
0.757154 0.0193111 0.652951 -2.93168 0.000505717 0.999545 -0.030148 -2.51947 -0.653237 0.0231569 0.7568 110.81 
0.718953 0.0243237 0.694633 -2.67691 -0.00200916 0.999456 -0.032918 -2.53051 -0.695056 0.0222709 0.718611 111.057 
0.678764 0.0246308 0.733944 -2.3989 0.000317339 0.999427 -0.0338338 -2.54313 -0.734357 0.0231981 0.678367 111.283 
0.63679 0.0220204 0.770723 -2.09987 0.00402042 0.999484 -0.031878 -2.55981 -0.771027 0.0233982 0.636373 111.492 
0.591867 0.0201705 0.805783 -1.78882 0.00545578 0.999564 -0.0290286 -2.56989 -0.806017 0.0215773 0.591498 111.692 
0.544746 0.0188067 0.83839 -1.4689 0.00563451 0.999644 -0.0260849 -2.58443 -0.838582 0.0189336 0.544446 111.872 
0.49601 0.0163146 0.868164 -1.13336 0.00727289 0.99971 -0.0229419 -2.59798 -0.868286 0.0176935 0.495748 112.032 
0.444453 0.012497 0.895715 -0.787283 0.00898502 0.99979 -0.0184074 -2.61706 -0.895757 0.0162292 0.444248 112.171 
0.391977 0.0126476 0.919888 -0.425935 0.0063938 0.999844 -0.0164713 -2.63447 -0.919953 0.012338 0.391835 112.305 
0.340141 0.0176594 0.940209 -0.061894 0.00235517 0.999805 -0.0196307 -2.64966 -0.940371 0.00889158 0.340033 112.418 
0.289037 0.0228222 0.957046 0.311502 0.00141707 0.999705 -0.0242674 -2.66057 -0.957317 0.00837038 0.288919 112.51 
0.242288 0.0248676 0.969886 0.702642 0.00304853 0.999647 -0.0263921 -2.67463 -0.9702 0.00935122 0.242126 112.577 
0.200648 0.0243415 0.979361 1.11521 0.0102334 0.999585 -0.0269406 -2.69057 -0.97961 0.0154278 0.200315 112.632 
0.165416 0.0245063 0.985919 1.54558 0.0176561 0.999457 -0.0278051 -2.70184 -0.986066 0.0220069 0.164893 112.676 
0.13488 0.0256642 0.99053 1.98762 0.0218386 0.999345 -0.0288663 -2.71342 -0.990621 0.0255253 0.134231 112.716 
0.10641 0.0243991 0.994023 2.46764 0.0201899 0.99944 -0.0266934 -2.72333 -0.994117 0.0229097 0.105858 112.773 
0.0809156 0.0210174 0.996499 2.95065 0.0136854 0.99966 -0.0221953 -2.73868 -0.996627 0.0154334 0.0806005 112.812 
0.0570615 0.0170555 0.998225 3.44997 0.0089194 0.999806 -0.0175923 -2.75384 -0.998331 0.00990742 0.0568983 112.842 
0.0345383 0.0149079 0.999292 3.9721 0.0127412 0.999801 -0.0153558 -2.77017 -0.999322 0.0132625 0.0343414 112.847 
0.0142966 0.0154419 0.999779 4.51468 0.0207778 0.99966 -0.0157372 -2.78618 -0.999682 0.0209982 0.0139709 112.842 
-0.00294989 0.017892 0.999836 5.06701 0.0258867 0.999506 -0.0178097 -2.80003 -0.999661 0.0258299 -0.0034116 112.828 
-0.0171173 0.0235419 0.999576 5.64164 0.0271686 0.999365 -0.0230716 -2.80791 -0.999484 0.0267622 -0.017746 112.817 
-0.0283474 0.0280618 0.999204 6.22936 0.0240644 0.999335 -0.0273828 -2.82406 -0.999308 0.023269 -0.0290038 112.814 
-0.0346984 0.0278668 0.999009 6.86837 0.027031 0.999272 -0.0269352 -2.83852 -0.999032 0.0260696 -0.0354264 112.798 
-0.0373469 0.0244557 0.999003 7.5141 0.0335338 0.999168 -0.023206 -2.86036 -0.99874 0.0326337 -0.038136 112.777 
-0.0368313 0.0231747 0.999053 8.18242 0.0350181 0.999147 -0.0218858 -2.87705 -0.998708 0.0341788 -0.0376114 112.764 
-0.0351069 0.0227781 0.999124 8.87513 0.0336581 0.9992 -0.0215971 -2.89967 -0.998817 0.0328704 -0.0358455 112.76 
-0.0334594 0.0228368 0.999179 9.58193 0.029714 0.99932 -0.0218449 -2.92579 -0.998998 0.0289587 -0.0341152 112.754 
-0.0321746 0.0242699 0.999188 10.2908 0.0288157 0.999312 -0.023345 -2.94057 -0.999067 0.0280412 -0.0328518 112.744 
-0.0311067 0.0250549 0.999202 11.031 0.0288372 0.999292 -0.0241594 -2.96339 -0.9991 0.0280627 -0.0318072 112.736 
-0.0303191 0.0245049 0.99924 11.7786 0.0283334 0.999319 -0.0236471 -2.99077 -0.999139 0.0275949 -0.0309928 112.73 
-0.0297799 0.023027 0.999291 12.5396 0.0271224 0.999385 -0.0222209 -3.01923 -0.999188 0.0264415 -0.0303862 112.726 
-0.0292633 0.0220739 0.999328 13.3156 0.0279473 0.999383 -0.0212567 -3.03847 -0.999181 0.0273065 -0.0298622 112.716 
-0.0298606 0.0198186 0.999358 14.1018 0.0287046 0.999408 -0.0189619 -3.06443 -0.999142 0.02812 -0.0304119 112.704 
-0.0310208 0.0182603 0.999352 14.9092 0.025864 0.999513 -0.0174603 -3.08898 -0.999184 0.0253056 -0.031478 112.694 
-0.0321665 0.0171772 0.999335 15.7107 0.0248625 0.999557 -0.0163807 -3.11374 -0.999173 0.024319 -0.0325793 112.682 
-0.0332637 0.0145662 0.999341 16.5178 0.0273128 0.999534 -0.0136598 -3.13718 -0.999073 0.0268405 -0.033646 112.664 
-0.034495 0.012932 0.999321 17.3369 0.0286312 0.999519 -0.0119462 -3.16079 -0.998995 0.0281997 -0.0348486 112.645 
-0.0363032 0.01244 0.999263 18.1862 0.0262181 0.99959 -0.0114915 -3.17846 -0.998997 0.0257817 -0.0366145 112.635 
-0.0373836 0.0173453 0.99915 19.012 0.0229178 0.999601 -0.0164956 -3.19532 -0.999038 0.0222816 -0.0377662 112.627 
-0.0383768 0.0219799 0.999022 19.8406 0.024042 0.999489 -0.0210666 -3.22084 -0.998974 0.02321 -0.0388856 112.613 
-0.0394674 0.023549 0.998943 20.6846 0.0244124 0.999447 -0.0225963 -3.24723 -0.998923 0.0234947 -0.0400204 112.592 
-0.0411137 0.0212893 0.998928 21.5419 0.0210465 0.99957 -0.0204367 -3.27659 -0.998933 0.0201837 -0.0415441 112.577 
-0.0420327 0.017105 0.99897 22.4025 0.0183291 0.999698 -0.0163462 -3.30451 -0.998948 0.0176231 -0.0423335 112.559 
-0.0422631 0.0119681 0.999035 23.2713 0.0168163 0.999795 -0.0112658 -3.32947 -0.998965 0.0163239 -0.0424557 112.534 
-0.0424478 0.00609574 0.99908 24.1216 0.0132604 0.999897 -0.00553729 -3.35269 -0.999011 0.0130132 -0.0425243 112.519 
-0.0425913 0.00493771 0.99908 24.9674 0.0106615 0.999933 -0.00448738 -3.37695 -0.999036 0.0104605 -0.0426411 112.507 
-0.0415667 0.0115894 0.999069 25.806 0.0134086 0.999849 -0.0110405 -3.40771 -0.999046 0.0129372 -0.0417158 112.485 
-0.0407281 0.0228215 0.99891 26.6512 0.0154384 0.999634 -0.0222085 -3.43006 -0.999051 0.0145171 -0.0410656 112.463 
-0.0399545 0.0276991 0.998818 27.4795 0.0173951 0.999484 -0.0270217 -3.46077 -0.99905 0.0162948 -0.0404157 112.44 
-0.0383117 0.0220559 0.999022 28.3315 0.0186407 0.999598 -0.0213537 -3.49161 -0.999092 0.0178044 -0.0387074 112.416 
-0.0373888 0.0141863 0.9992 29.1785 0.0218874 0.999671 -0.013374 -3.52371 -0.999061 0.0213699 -0.037687 112.395 
-0.03707 0.0110561 0.999252 30.0155 0.0232332 0.999678 -0.0101989 -3.5543 -0.999043 0.0228378 -0.037315 112.381 
-0.0370498 0.0118166 0.999244 30.8435 0.0219479 0.999699 -0.0110081 -3.57538 -0.999072 0.0215235 -0.0372979 112.367 
-0.0384221 0.0125126 0.999183 31.6675 0.018654 0.999756 -0.0118024 -3.60414 -0.999088 0.0181853 -0.0386462 112.363 
-0.0403608 0.0129233 0.999102 32.4874 0.0170783 0.999779 -0.0122421 -3.62285 -0.999039 0.0165689 -0.0405726 112.35 
-0.0424269 0.0129193 0.999016 33.3073 0.0163404 0.999792 -0.0122354 -3.64908 -0.998966 0.0158052 -0.0426291 112.328 
-0.0444562 0.013455 0.998921 34.1187 0.0156851 0.999795 -0.0127687 -3.67407 -0.998888 0.0151005 -0.0446581 112.307 
-0.0464518 0.0137795 0.998826 34.9209 0.0139773 0.999816 -0.0131431 -3.6982 -0.998823 0.0133504 -0.0466358 112.288 
-0.0490247 0.0130703 0.998712 35.7319 0.0120211 0.99985 -0.012495 -3.72034 -0.998725 0.011393 -0.0491744 112.277 
-0.0507747 0.0114776 0.998644 36.5255 0.0125188 0.999863 -0.010855 -3.74889 -0.998632 0.0119507 -0.0509114 112.246 
-0.0528975 0.011894 0.998529 37.3262 0.0124386 0.999859 -0.0112509 -3.77285 -0.998523 0.0118252 -0.053038 112.223 
-0.0544208 0.0129856 0.998434 38.1099 0.0125017 0.999846 -0.0123225 -3.79606 -0.99844 0.0118115 -0.0545748 112.194 
-0.0553777 0.012985 0.998381 38.8919 0.0127554 0.999843 -0.0122964 -3.82219 -0.998384 0.0120538 -0.0555346 112.167 
-0.0565623 0.0117638 0.99833 39.6789 0.0148237 0.99983 -0.0109416 -3.84856 -0.998289 0.0141801 -0.0567271 112.134 
-0.0579778 0.0108983 0.998258 40.457 0.0150891 0.999836 -0.0100392 -3.87533 -0.998204 0.0144807 -0.0581327 112.102 
-0.0592489 0.0104106 0.998189 41.2263 0.0136167 0.999861 -0.00961979 -3.90132 -0.99815 0.0130221 -0.0593824 112.073 
-0.060384 0.00976743 0.998127 41.9805 0.011777 0.99989 -0.00907215 -3.9209 -0.998106 0.0112071 -0.0604924 112.044 
-0.0611181 0.0083921 0.998095 42.7218 0.0106171 0.999914 -0.00775721 -3.94406 -0.998074 0.0101228 -0.0612019 112.015 
-0.0617829 0.00815831 0.998056 43.4444 0.0110211 0.999911 -0.00749119 -3.96517 -0.998029 0.0105368 -0.0618673 111.988 
-0.0616217 0.0106277 0.998043 44.1456 0.0115846 0.999884 -0.00993196 -3.9898 -0.998032 0.0109499 -0.0617376 111.951 
-0.0612416 0.0126206 0.998043 44.8328 0.0109754 0.999868 -0.0119702 -4.01974 -0.998063 0.0102208 -0.0613721 111.918 
-0.0613843 0.0141133 0.998014 45.5326 0.00899851 0.999867 -0.013586 -4.04312 -0.998074 0.00814667 -0.0615032 111.891 
-0.0611395 0.014916 0.998018 46.2295 0.00954238 0.999851 -0.0143588 -4.06652 -0.998084 0.00864557 -0.0612728 111.857 
-0.0605668 0.0149068 0.998053 46.9241 0.0115204 0.999832 -0.0142342 -4.08906 -0.998098 0.0106358 -0.0607284 111.82 
-0.0605907 0.0144362 0.998058 47.6155 0.0123933 0.999829 -0.0137094 -4.11026 -0.998086 0.0115386 -0.0607593 111.786 
-0.0611002 0.0145271 0.998026 48.3144 0.00854852 0.999865 -0.0140304 -4.13183 -0.998095 0.00767438 -0.0612161 111.768 
-0.0608411 0.0147805 0.998038 48.9971 0.0061428 0.999877 -0.0144332 -4.15764 -0.998129 0.00525261 -0.0609244 111.745 
-0.0610417 0.0133576 0.998046 49.6856 0.00770653 0.999887 -0.0129109 -4.17864 -0.998106 0.00690337 -0.0611377 111.719 
-0.0617943 0.0124503 0.998011 50.3658 0.00820288 0.999895 -0.0119659 -4.20804 -0.998055 0.00744714 -0.0618899 111.686 
-0.0652875 0.0119144 0.997795 51.0465 0.00488125 0.999921 -0.0116204 -4.22872 -0.997855 0.00411182 -0.0653405 111.658 
-0.0703051 0.0112465 0.997462 51.7112 0.000703469 0.999937 -0.0112247 -4.2562 -0.997525 -8.7475e-05 -0.0703085 111.627 
-0.0759518 0.0150271 0.996998 52.3885 0.00429122 0.999882 -0.0147437 -4.27563 -0.997102 0.00315852 -0.0760073 111.581 
-0.0823217 0.0180346 0.996443 53.0593 0.0067666 0.999823 -0.0175367 -4.2919 -0.996583 0.00529888 -0.0824292 111.527 
-0.0897793 0.0198789 0.995763 53.7349 0.00628104 0.999792 -0.019393 -4.30976 -0.995942 0.00451334 -0.0898855 111.481 
-0.0962214 0.0191947 0.995175 54.4186 0.00269794 0.999815 -0.0190233 -4.33207 -0.995356 0.000854479 -0.0962554 111.435 
-0.101303 0.0175773 0.9947 55.0997 0.00181835 0.999846 -0.017483 -4.36027 -0.994854 3.76352e-05 -0.101319 111.375 
-0.10609 0.0183855 0.994187 55.7962 -0.000545266 0.999828 -0.0185479 -4.37907 -0.994356 -0.00250984 -0.106061 111.318 
-0.109611 0.0179838 0.993812 56.4969 -0.00247043 0.999828 -0.0183651 -4.39633 -0.993972 -0.00446817 -0.109548 111.25 
-0.112261 0.0149786 0.993566 57.2034 -0.00175648 0.999882 -0.0152722 -4.41515 -0.993677 -0.00345966 -0.112222 111.186 
-0.113768 0.011826 0.993437 57.9147 0.00029243 0.99993 -0.0118697 -4.43597 -0.993507 -0.00105989 -0.113764 111.113 
-0.115265 0.00920636 0.993292 58.6411 0.00012205 0.999957 -0.00925393 -4.45412 -0.993335 -0.000945425 -0.115261 111.045 
-0.116407 0.00915391 0.99316 59.3706 -0.000726014 0.999957 -0.00930161 -4.47081 -0.993201 -0.00180382 -0.116395 110.972 
-0.116327 0.0129931 0.993126 60.098 0.0011336 0.999916 -0.0129491 -4.48844 -0.99321 -0.000380527 -0.116332 110.894 
-0.116002 0.0169035 0.993105 60.8269 0.00686429 0.999845 -0.0162164 -4.5109 -0.993225 0.00493582 -0.1161 110.808 
-0.116317 0.0218455 0.992972 61.5746 0.0145939 0.999688 -0.0202837 -4.53432 -0.993105 0.012132 -0.1166 110.721 
-0.116963 0.0232725 0.992864 62.3219 0.0152795 0.999649 -0.0216315 -4.55534 -0.993019 0.0126404 -0.117278 110.646 
-0.117095 0.0208498 0.992902 63.0785 0.0134485 0.999721 -0.019407 -4.58396 -0.99303 0.0110805 -0.117343 110.572 
-0.117053 0.0159881 0.992997 63.8276 0.0133996 0.999805 -0.0145182 -4.6075 -0.993035 0.0116064 -0.117244 110.5 
-0.11661 0.0141858 0.993077 64.582 0.0160078 0.999795 -0.012402 -4.63092 -0.993049 0.0144507 -0.116813 110.414 
-0.117652 0.0136772 0.992961 65.3324 0.0161275 0.9998 -0.0118604 -4.65917 -0.992924 0.0146186 -0.117849 110.34 
-0.119048 0.014431 0.992784 66.0811 0.0147173 0.99981 -0.0127683 -4.68284 -0.992779 0.013091 -0.119238 110.263 
-0.12133 0.0153917 0.992493 66.8248 0.0141715 0.999805 -0.0137726 -4.70408 -0.992511 0.0123941 -0.121525 110.188 
-0.123085 0.0155427 0.992274 67.5698 0.0159935 0.999779 -0.0136763 -4.72863 -0.992267 0.0141866 -0.123306 110.099 
-0.124663 0.0154293 0.992079 68.313 0.0156721 0.999785 -0.0135797 -4.75363 -0.992075 0.0138551 -0.124878 110.013 
-0.126546 0.0150978 0.991846 69.0524 0.0160495 0.999784 -0.0131709 -4.77943 -0.991831 0.0142519 -0.126761 109.933 
-0.127809 0.015686 0.991675 69.796 0.0143817 0.999799 -0.013961 -4.80124 -0.991695 0.0124776 -0.128009 109.847 
-0.129086 0.0171543 0.991485 70.5615 0.0145835 0.999775 -0.015399 -4.82395 -0.991526 0.0124715 -0.129307 109.767 
-0.12992 0.0177342 0.991366 71.3219 0.0137265 0.999776 -0.0160857 -4.84359 -0.991429 0.0115182 -0.130135 109.686 
-0.131374 0.0180585 0.991168 72.0955 0.0137541 0.999771 -0.0163922 -4.86415 -0.991238 0.0114791 -0.131592 109.605 
-0.132454 0.0165868 0.99105 72.8781 0.0141135 0.99979 -0.0148468 -4.88291 -0.991089 0.0120207 -0.13266 109.518 
-0.133674 0.0142925 0.990922 73.6621 0.0120633 0.999845 -0.0127938 -4.90552 -0.990952 0.0102436 -0.133826 109.435 
-0.135348 0.012532 0.990719 74.4458 0.00915386 0.999893 -0.0113974 -4.92289 -0.990756 0.00752629 -0.135448 109.348 
-0.13753 0.012253 0.990422 75.2405 0.0110455 0.99988 -0.0108362 -4.93925 -0.990436 0.00944944 -0.137649 109.254 
-0.1391 0.0128908 0.990195 76.0338 0.0127149 0.999856 -0.0112304 -4.96094 -0.990197 0.0110281 -0.139243 109.153 
-0.141449 0.0139234 0.989848 76.8325 0.0119146 0.999853 -0.0123615 -4.98557 -0.989874 0.0100451 -0.141594 109.058 
-0.142849 0.0177403 0.989586 77.6437 0.0134895 0.999781 -0.0159758 -5.00382 -0.989653 0.0110669 -0.143057 108.958 
-0.143466 0.0217736 0.989416 78.4573 0.0156776 0.999683 -0.0197262 -5.0303 -0.989531 0.0126816 -0.143762 108.858 
-0.14466 0.0255899 0.989151 79.2778 0.0168315 0.999585 -0.0233982 -5.06016 -0.989338 0.0132641 -0.145031 108.757 
-0.144186 0.0267531 0.989189 80.1042 0.0191398 0.999523 -0.0242427 -5.08997 -0.989366 0.0154374 -0.144629 108.646 
-0.143633 0.025918 0.989292 80.9403 0.0227356 0.99948 -0.022884 -5.12415 -0.98937 0.0192053 -0.144147 108.535 
-0.14351 0.0243074 0.98935 81.7924 0.0234501 0.999501 -0.0211552 -5.14949 -0.989371 0.0201644 -0.144008 108.427 
-0.142906 0.0226633 0.989477 82.6393 0.0227603 0.999549 -0.0196068 -5.18112 -0.989475 0.0197189 -0.143357 108.324 
-0.140974 0.0202676 0.989806 83.4934 0.0217727 0.999612 -0.0173673 -5.21009 -0.989774 0.0191024 -0.141361 108.219 
-0.139088 0.0173032 0.990129 84.3517 0.0224221 0.999646 -0.0143197 -5.23613 -0.990026 0.0202091 -0.139426 108.113 
-0.137974 0.0140062 0.990337 85.2167 0.022793 0.99968 -0.0109628 -5.25972 -0.990174 0.0210601 -0.138249 108.017 
-0.136459 0.0136096 0.990552 86.0858 0.0206574 0.999727 -0.0108898 -5.28802 -0.99043 0.0189762 -0.136703 107.922 
-0.134991 0.0178378 0.990686 86.9469 0.0216783 0.999652 -0.0150453 -5.31457 -0.99061 0.0194454 -0.135331 107.818 
-0.13324 0.0241709 0.990789 87.8043 0.0225024 0.999519 -0.0213577 -5.33926 -0.990828 0.0194494 -0.13372 107.72 
-0.13167 0.0273859 0.990915 88.6598 0.0202925 0.999483 -0.0249262 -5.37301 -0.991086 0.0168262 -0.132157 107.622 
-0.130515 0.0251375 0.991128 89.5127 0.0190158 0.999558 -0.0228472 -5.40489 -0.991264 0.0158652 -0.130935 107.534 
-0.129298 0.0223839 0.991353 90.3789 0.0191921 0.999614 -0.0200672 -5.43858 -0.99142 0.0164315 -0.129678 107.438 
-0.128474 0.0210862 0.991489 91.2549 0.0206653 0.999614 -0.0185812 -5.46518 -0.991498 0.0181022 -0.12886 107.332 
-0.127697 0.0204881 0.991602 92.114 0.0194835 0.999646 -0.0181452 -5.50044 -0.991622 0.0170028 -0.128051 107.239 
-0.126966 0.0203944 0.991697 92.9744 0.0190133 0.999655 -0.0181238 -5.53333 -0.991725 0.0165543 -0.12731 107.142 
-0.125745 0.0186834 0.991887 93.8442 0.0219282 0.999631 -0.0160493 -5.56384 -0.99182 0.0197321 -0.126108 107.034 
-0.124456 0.0178779 0.992064 94.7148 0.0248449 0.99958 -0.0148965 -5.59554 -0.991914 0.0227938 -0.124848 106.936 
-0.123411 0.0193221 0.992168 95.5805 0.0272608 0.999499 -0.016074 -5.62302 -0.991981 0.0250635 -0.123876 106.835 
-0.122506 0.0213409 0.992238 96.4423 0.0276749 0.999454 -0.0180792 -5.65521 -0.992082 0.0252453 -0.12303 106.742 
-0.121282 0.0228963 0.992354 97.318 0.0252 0.999483 -0.0199809 -5.68593 -0.992298 0.022584 -0.121796 106.648 
-0.120557 0.0184609 0.992535 98.1837 0.0199464 0.99967 -0.0161708 -5.7191 -0.992506 0.017848 -0.120886 106.565 
-0.120691 0.0166139 0.992551 99.0433 0.0153739 0.999771 -0.0148653 -5.74917 -0.992571 0.0134653 -0.120919 106.486 
-0.121374 0.0169836 0.992462 99.8974 0.01199 0.999806 -0.0156429 -5.7818 -0.992534 0.0100009 -0.121554 106.394 
-0.122598 0.0217154 0.992219 100.74 0.00892601 0.999744 -0.0207772 -5.81034 -0.992416 0.00630931 -0.122761 106.313 
-0.123152 0.0242341 0.992092 101.579 0.00834308 0.999692 -0.023384 -5.84285 -0.992353 0.0053973 -0.123316 106.222 
-0.12348 0.0244577 0.992046 102.42 0.00915744 0.999682 -0.0235061 -5.87929 -0.992305 0.00618207 -0.123664 106.13 
-0.123142 0.0238818 0.992102 103.257 0.0110653 0.999681 -0.0226907 -5.91722 -0.992327 0.00818373 -0.123367 106.03 
-0.123626 0.0246029 0.992024 104.085 0.0125527 0.999651 -0.0232277 -5.95173 -0.99225 0.00958106 -0.123891 105.938 
-0.123965 0.027552 0.991904 104.902 0.013975 0.999564 -0.0260182 -5.98988 -0.992188 0.0106365 -0.124296 105.847 
-0.12443 0.0290377 0.991803 105.718 0.0136802 0.999527 -0.0275474 -6.02487 -0.992134 0.0101404 -0.124769 105.757 
-0.125807 0.0294435 0.991618 106.535 0.0120979 0.999531 -0.0281436 -6.05958 -0.991981 0.00845579 -0.126104 105.681 
-0.128034 0.0282789 0.991367 107.349 0.010389 0.999577 -0.0271713 -6.09808 -0.991715 0.00682048 -0.128274 105.597 
-0.130797 0.0296587 0.990965 108.152 0.0105656 0.999537 -0.0285207 -6.13178 -0.991353 0.00673975 -0.13105 105.503 
-0.134131 0.0324173 0.990433 108.946 0.00988362 0.999459 -0.0313742 -6.16961 -0.990914 0.0055808 -0.134379 105.413 
-0.137222 0.0336904 0.989967 109.732 0.0086207 0.999424 -0.0328173 -6.20838 -0.990503 0.00403094 -0.137434 105.317 
-0.140631 0.0336629 0.98949 110.519 0.00910553 0.999424 -0.0327067 -6.24765 -0.99002 0.00441024 -0.140857 105.223 
-0.143539 0.0323872 0.989115 111.303 0.0102924 0.999459 -0.0312323 -6.28461 -0.989591 0.00569733 -0.143794 105.124 
-0.14621 0.0333003 0.988693 112.079 0.0118084 0.999421 -0.0319154 -6.32276 -0.989183 0.00700858 -0.146518 105.024 
-0.148018 0.0376077 0.988269 112.846 0.00705588 0.999291 -0.0369703 -6.36712 -0.98896 0.00150083 -0.148178 104.929 
-0.149758 0.0442329 0.987733 113.613 0.00490175 0.99902 -0.0439952 -6.41336 -0.988711 -0.00174702 -0.149828 104.834 
-0.152168 0.0476387 0.987206 114.383 0.00933721 0.998862 -0.0467619 -6.45001 -0.988311 0.00210208 -0.15244 104.722 
-0.154862 0.0458806 0.98687 115.156 0.0112996 0.998938 -0.0446685 -6.4892 -0.987872 0.00423378 -0.155216 104.61 
-0.158185 0.0378661 0.986683 115.935 0.00942687 0.999277 -0.036838 -6.53908 -0.987364 0.00347409 -0.158428 104.506 
-0.160586 0.0357942 0.986373 116.708 0.00842442 0.999356 -0.0348938 -6.58478 -0.986986 0.00270616 -0.160784 104.397 
-0.161943 0.038635 0.986044 117.468 0.00811985 0.999252 -0.0378189 -6.62736 -0.986767 0.00188202 -0.162135 104.281 
-0.164504 0.0419138 0.985486 118.221 0.00558765 0.99912 -0.041561 -6.66863 -0.986361 -0.00133039 -0.164593 104.17 
-0.166887 0.0443679 0.984977 118.963 0.00506066 0.999012 -0.0441426 -6.71357 -0.985963 -0.00238218 -0.166946 104.057 
-0.168922 0.0484263 0.984439 119.708 0.00859499 0.998827 -0.0476592 -6.76566 -0.985592 0.000410536 -0.169141 103.941 
-0.170405 0.0532033 0.983937 120.446 0.00890136 0.998584 -0.0524537 -6.80737 -0.985334 -0.000180016 -0.170638 103.822 
-0.172968 0.0554172 0.983367 121.184 0.00809274 0.998462 -0.0548444 -6.85697 -0.984894 -0.00152819 -0.17315 103.704 
-0.175608 0.0533113 0.983016 121.934 0.00928469 0.998578 -0.0524966 -6.9015 -0.984416 -9.1823e-05 -0.175853 103.592 
-0.179397 0.0500503 0.982503 122.682 0.0135184 0.998736 -0.0484089 -6.94923 -0.983684 0.00459741 -0.179847 103.466 
-0.184921 0.0491442 0.981524 123.417 0.0159915 0.998767 -0.0469947 -6.99116 -0.982623 0.00700576 -0.185479 103.333 
-0.191492 0.0481936 0.98031 124.152 0.0145912 0.998823 -0.0462535 -7.03548 -0.981386 0.00544678 -0.19197 103.211 
-0.20004 0.0485366 0.978585 124.885 0.0134755 0.998814 -0.0467853 -7.08238 -0.979695 0.00382804 -0.200456 103.081 
-0.210592 0.0487809 0.976356 125.607 0.0126156 0.998807 -0.0471815 -7.1301 -0.977493 0.00238133 -0.210956 102.936 
-0.222523 0.0498175 0.973654 126.321 0.0136087 0.998755 -0.0479915 -7.1754 -0.974833 0.002571 -0.222924 102.783 
-0.235154 0.050416 0.97065 127.031 0.0145303 0.998725 -0.048354 -7.22275 -0.97185 0.00273321 -0.235586 102.621 
-0.247007 0.0505895 0.967692 127.739 0.0173655 0.998707 -0.0477783 -7.26666 -0.968858 0.00500288 -0.247566 102.445 
-0.257692 0.0512716 0.964866 128.441 0.0208146 0.998654 -0.0475079 -7.30633 -0.966003 0.00784093 -0.258412 102.257 
-0.267841 0.0508572 0.96212 129.143 0.0246724 0.99864 -0.0459192 -7.35489 -0.963147 0.0114388 -0.268732 102.065 
-0.276606 0.0513285 0.959612 129.833 0.0303865 0.99854 -0.0446519 -7.40198 -0.960503 0.0168083 -0.277761 101.865 
-0.284267 0.0513432 0.957369 130.525 0.0357906 0.998437 -0.0429185 -7.44602 -0.958077 0.0220645 -0.28566 101.659 
-0.290636 0.0517302 0.955434 131.209 0.035873 0.998425 -0.0431455 -7.48689 -0.956161 0.0217347 -0.292034 101.459 
-0.295211 0.049793 0.954134 131.9 0.0397112 0.998418 -0.0398173 -7.52695 -0.954607 0.0261353 -0.296721 101.252 
-0.297029 0.0472105 0.953701 132.584 0.0456942 0.998336 -0.0351885 -7.56349 -0.953774 0.0331265 -0.298692 101.036 
-0.298311 0.0460771 0.953356 133.262 0.0519858 0.998136 -0.0319747 -7.59805 -0.953052 0.0400226 -0.30015 100.825 
-0.299268 0.0445585 0.953128 133.936 0.0545683 0.998073 -0.029526 -7.63766 -0.952608 0.0431744 -0.301123 100.621 
-0.299015 0.0501181 0.952931 134.594 0.0567126 0.997788 -0.0346817 -7.67182 -0.952562 0.0436729 -0.301196 100.423 
-0.297489 0.0531042 0.953247 135.254 0.0563668 0.997687 -0.0379889 -7.70898 -0.95306 0.0424302 -0.299794 100.224 
-0.296894 0.0530853 0.953434 135.915 0.0580155 0.997612 -0.0374794 -7.74278 -0.953147 0.0441865 -0.299264 100.03 
-0.295166 0.0515565 0.954054 136.571 0.0589981 0.997621 -0.035658 -7.77835 -0.953623 0.0457623 -0.297505 99.8368 
-0.293072 0.0483297 0.954868 137.223 0.0610456 0.99763 -0.0317576 -7.82334 -0.95414 0.0489832 -0.295328 99.64 
-0.291708 0.049015 0.955251 137.874 0.0620702 0.997551 -0.0322309 -7.86046 -0.954491 0.0498906 -0.294036 99.4508 
-0.289095 0.0514094 0.955919 138.509 0.0630021 0.997414 -0.0345874 -7.89379 -0.955225 0.0502258 -0.291586 99.269 
-0.285106 0.0533619 0.957009 139.147 0.0648678 0.997234 -0.0362798 -7.92787 -0.956298 0.0517355 -0.287779 99.0909 
-0.279771 0.052347 0.958639 139.783 0.0655604 0.997223 -0.0353207 -7.96361 -0.957826 0.052967 -0.282426 98.916 
-0.274418 0.0503845 0.96029 140.411 0.0669954 0.997202 -0.0331762 -8.00183 -0.959274 0.0552309 -0.277026 98.7472 
-0.269818 0.0483932 0.961694 141.039 0.0663831 0.997295 -0.0315598 -8.03619 -0.96062 0.0553248 -0.272301 98.582 
-0.26643 0.0476121 0.962678 141.666 0.0665571 0.997304 -0.0309043 -8.07039 -0.961554 0.0558392 -0.26888 98.4286 
-0.262579 0.0465202 0.963789 142.286 0.0675221 0.997274 -0.0297404 -8.09682 -0.962545 0.0572678 -0.265004 98.2742 
-0.259099 0.0449332 0.964805 142.91 0.0706993 0.99712 -0.0274518 -8.12707 -0.96326 0.0610983 -0.26153 98.1226 
-0.255429 0.0431496 0.965865 143.515 0.0710538 0.99714 -0.0257561 -8.1548 -0.964214 0.0620495 -0.257764 97.9724 
-0.251916 0.0416626 0.966852 144.113 0.0699434 0.997244 -0.0247482 -8.18842 -0.965218 0.0613904 -0.254136 97.8271 
-0.248508 0.0426086 0.967692 144.705 0.0672541 0.99738 -0.0266445 -8.22273 -0.966292 0.0584598 -0.250723 97.693 
-0.243745 0.0462795 0.968734 145.297 0.0689618 0.99716 -0.0302858 -8.24951 -0.967384 0.0594236 -0.246245 97.5569 
-0.238222 0.0492836 0.96996 145.877 0.0708267 0.996934 -0.0332591 -8.28262 -0.968625 0.060776 -0.240982 97.4264 
-0.231404 0.0499323 0.971576 146.471 0.0697698 0.996962 -0.0346196 -8.31468 -0.970353 0.0597755 -0.234184 97.2957 
-0.222762 0.048348 0.973673 147.062 0.0666247 0.997189 -0.0342729 -8.34741 -0.972593 0.057236 -0.225358 97.1771 
