1 2.12261e-08 -2.11895e-08 0 2.12261e-08 1 2.10703e-08 0 -2.11895e-08 2.10703e-08 1 0 
0.999996 0.000969528 0.00253528 -0.0378409 -0.00096668 0.999999 -0.00110718 -0.0159751 -0.0025364 0.00110477 0.999996 1.21686 
0.999993 0.0012145 0.00363204 -0.0489656 -0.00121225 0.999999 -0.000611724 -0.0367421 -0.00363282 0.000607359 0.999993 2.42313 
0.999988 0.000815877 0.00477003 -0.0686809 -0.000814844 1 -0.000209676 -0.0578655 -0.00477024 0.000205829 0.999989 3.63146 
0.999987 0.000503269 0.00505781 -0.0768497 -0.000501826 1 -0.000278008 -0.0743283 -0.005058 0.000275508 0.999987 4.8348 
0.999985 0.000177397 0.0055477 -0.0831498 -0.000176811 1 -9.84746e-05 -0.0955799 -0.00554776 9.75342e-05 0.999985 6.04239 
0.999981 0.000715346 0.00609179 -0.0955045 -0.000708828 0.999999 -0.00106504 -0.116923 -0.00609259 0.00106075 0.999981 7.24341 
0.999979 1.96244e-05 0.00653599 -0.103555 -1.09715e-05 0.999999 -0.00131741 -0.14056 -0.00653606 0.00131735 0.999978 8.44863 
0.999979 -0.000646885 0.00642485 -0.112869 0.000648692 1 -0.00027247 -0.15094 -0.00642471 0.000276674 0.999979 9.66385 
0.999985 -0.000867347 0.00532278 -0.137856 0.000863273 0.999999 0.000775681 -0.172541 -0.00532349 -0.000771033 0.999986 10.8751 
0.999992 -0.00206528 0.00332825 -0.164213 0.002065 0.999998 0.000101462 -0.191313 -0.0033285 -9.45466e-05 0.999994 12.0942 
0.999998 -0.00160882 0.00149967 -0.181255 0.00160967 0.999999 -0.000533918 -0.210594 -0.00149885 0.000536373 0.999999 13.3237 
0.999999 -0.00116121 0.000574622 -0.212635 0.00116156 0.999999 -0.000542973 -0.233267 -0.000574033 0.000543682 1 14.5324 
1 6.08033e-05 -0.000420498 -0.235524 -6.11354e-05 1 -0.000890643 -0.254947 0.000420401 0.000890711 1 15.7389 
0.999999 -0.00046824 -0.00115753 -0.254996 0.000467609 1 -0.000582032 -0.284123 0.00115776 0.000581532 0.999999 16.9452 
0.999998 -0.00109049 -0.00171673 -0.276513 0.00109006 0.999999 -0.00027714 -0.303441 0.00171699 0.00027531 0.999999 18.1703 
0.999997 -0.00141962 -0.00221989 -0.300176 0.0014197 0.999999 1.14219e-05 -0.325941 0.00221983 -1.45312e-05 0.999998 19.3972 
0.999994 -0.00114514 -0.00330185 -0.321019 0.00114202 0.999999 -0.000960155 -0.346785 0.00330291 0.000956421 0.999994 20.5941 
0.999992 -0.0013497 -0.00388347 -0.345162 0.0013429 0.999998 -0.00176255 -0.366851 0.00388579 0.00175736 0.999991 21.8028 
0.99999 0.000278529 -0.00448518 -0.380115 -0.000284226 0.999999 -0.00127913 -0.385071 0.00448478 0.00128043 0.999989 23.0094 
0.999987 -1.07246e-05 -0.00519513 -0.406353 3.71129e-06 0.999999 -0.00135814 -0.413315 0.00519509 0.00135815 0.999986 24.2298 
0.999982 -0.000182717 -0.00595027 -0.438744 0.00017033 0.999998 -0.00208931 -0.430931 0.00595059 0.0020883 0.99998 25.4238 
0.999977 -7.52656e-05 -0.00685373 -0.471523 6.59719e-05 0.999999 -0.00136239 -0.456531 0.00685378 0.00136195 0.999976 26.6134 
0.999972 -0.000883748 -0.00741361 -0.500397 0.000886769 1 0.000398394 -0.478747 0.00741321 -0.000404914 0.999972 27.8224 
0.999963 -0.00183423 -0.00838945 -0.537599 0.00183974 0.999998 0.000643305 -0.502173 0.00838821 -0.000658673 0.999965 29.0363 
0.999951 -0.00279886 -0.00950889 -0.562426 0.00279723 0.999996 -0.000188676 -0.525382 0.00950934 0.000162111 0.999955 30.2445 
0.999939 -0.00347384 -0.0105201 -0.596521 0.00346093 0.999993 -0.00124931 -0.546686 0.0105244 0.00121287 0.999944 31.4755 
0.999935 -0.00254375 -0.0110908 -0.6358 0.00253157 0.999996 -0.001116 -0.569855 0.0110935 0.00108789 0.999938 32.6982 
0.99993 -0.00324127 -0.0113416 -0.672055 0.00323411 0.999995 -0.000653221 -0.594236 0.0113436 0.000616538 0.999936 33.9614 
0.999921 -0.00400564 -0.0119308 -0.708295 0.00399963 0.999992 -0.000531804 -0.611562 0.0119328 0.000484086 0.999929 35.1661 
0.999915 -0.00428962 -0.0123193 -0.748828 0.00428362 0.999991 -0.000516674 -0.635592 0.0123214 0.000463901 0.999924 36.3461 
0.999905 -0.00441455 -0.0130484 -0.781025 0.0044119 0.99999 -0.000234721 -0.663281 0.0130493 0.000177173 0.999915 37.567 
0.999895 -0.00560035 -0.0133477 -0.814629 0.0056098 0.999984 0.000667851 -0.693498 0.0133437 -0.000742616 0.999911 38.7524 
0.999901 -0.00532034 -0.0130536 -0.852813 0.00534622 0.999984 0.00194546 -0.71456 0.013043 -0.00201501 0.999913 39.9717 
0.999906 -0.00490739 -0.0127931 -0.894738 0.00494645 0.999983 0.00302003 -0.737059 0.012778 -0.00308298 0.999914 41.1953 
0.999908 -0.00463028 -0.012789 -0.931878 0.00466019 0.999987 0.00230689 -0.75493 0.0127781 -0.00236624 0.999916 42.4342 
0.999917 -0.00400941 -0.0122162 -0.981096 0.00404129 0.999989 0.00258247 -0.780781 0.0122056 -0.00263159 0.999922 43.6513 
0.999931 -0.00145552 -0.0116829 -1.01732 0.00150436 0.99999 0.00416936 -0.795844 0.0116767 -0.0041866 0.999923 44.872 
0.999943 -0.00189323 -0.0105264 -1.04659 0.00196883 0.999972 0.00717252 -0.811805 0.0105125 -0.00719279 0.999919 46.0808 
0.99996 -0.0013093 -0.00881586 -1.08018 0.00139837 0.999948 0.0101 -0.825006 0.00880213 -0.0101119 0.99991 47.2924 
0.999976 -0.000415717 -0.00696123 -1.11376 0.000506336 0.999915 0.0130149 -0.822686 0.00695518 -0.013018 0.999891 48.5216 
0.999982 -0.00121193 -0.00587113 -1.13907 0.00129691 0.999894 0.014486 -0.830944 0.00585291 -0.0144933 0.999878 49.7371 
0.999983 -0.00315968 -0.00496109 -1.14556 0.0032241 0.99991 0.0130222 -0.834723 0.00491946 -0.0130379 0.999903 50.9657 
0.999991 -0.00189114 -0.00392922 -1.17169 0.00193508 0.999935 0.011197 -0.836509 0.00390775 -0.0112045 0.99993 52.1651 
0.999993 -0.00188204 -0.0031647 -1.20008 0.00191642 0.999939 0.0108824 -0.848284 0.00314398 -0.0108884 0.999936 53.3691 
0.999993 -0.00174775 -0.00339963 -1.21774 0.00178391 0.999942 0.0106488 -0.858306 0.00338078 -0.0106548 0.999938 54.5703 
0.999989 -0.00248757 -0.00407414 -1.24893 0.00252628 0.999952 0.00951465 -0.865888 0.00405024 -0.00952479 0.999946 55.7863 
0.999983 -0.00221406 -0.00547949 -1.27998 0.00226727 0.99995 0.00971651 -0.869934 0.00545766 -0.00972872 0.999938 57.0033 
0.999973 -0.00272234 -0.00678681 -1.30947 0.00279999 0.999931 0.0114512 -0.888179 0.00675512 -0.0114699 0.999911 58.2231 
0.999969 -0.00257873 -0.0074445 -1.35015 0.00266703 0.999926 0.0118707 -0.9002 0.00741329 -0.0118901 0.999902 59.4335 
0.999966 -0.00147957 -0.00810558 -1.3869 0.00157259 0.999933 0.0114759 -0.905611 0.00808801 -0.0114882 0.999901 60.6481 
0.999967 -0.0011319 -0.00810701 -1.42894 0.00122215 0.999937 0.0111312 -0.910656 0.00809386 -0.0111407 0.999905 61.8645 
0.999964 -0.00163873 -0.00837555 -1.45586 0.00172813 0.999942 0.0106722 -0.922598 0.00835753 -0.0106862 0.999908 63.0735 
0.999958 -0.00303787 -0.00860831 -1.48305 0.00312387 0.999945 0.00999023 -0.937524 0.00857745 -0.0100167 0.999913 64.2892 
0.999952 -0.00325564 -0.00922108 -1.51017 0.00336163 0.999928 0.0114977 -0.948413 0.00918295 -0.0115281 0.999891 65.501 
0.999947 -0.00372929 -0.00957152 -1.54565 0.00385618 0.999905 0.0132683 -0.962292 0.00952108 -0.0133045 0.999866 66.6926 
0.99995 -0.00306802 -0.00953241 -1.58475 0.00317772 0.999929 0.0115093 -0.966945 0.00949638 -0.011539 0.999888 67.9153 
0.999956 -0.00162096 -0.00923881 -1.6205 0.00171899 0.999942 0.0106084 -0.981483 0.00922104 -0.0106238 0.999901 69.1345 
0.999962 0.000625094 -0.0086899 -1.6675 -0.000528971 0.999939 0.0110545 -0.99009 0.00869623 -0.0110495 0.999901 70.3165 
0.99996 0.00285037 -0.0084461 -1.70524 -0.00275749 0.999936 0.010983 -0.993968 0.00847682 -0.0109593 0.999904 71.5202 
0.999958 0.00436818 -0.0080761 -1.74365 -0.00427493 0.999925 0.0115227 -1.00021 0.00812578 -0.0114877 0.999901 72.722 
0.999962 0.00496694 -0.00716714 -1.77085 -0.0048773 0.99991 0.0124657 -1.01005 0.00722837 -0.0124302 0.999897 73.9119 
0.999963 0.00710587 -0.0048359 -1.80317 -0.00704174 0.999889 0.0131423 -1.01401 0.00492871 -0.0131077 0.999902 75.111 
0.999981 0.00595781 -0.00172112 -1.83388 -0.00593887 0.999924 0.0107833 -1.02019 0.00178519 -0.0107729 0.99994 76.3071 
0.999995 0.00296426 0.00108774 -1.85588 -0.00297089 0.999976 0.0061918 -1.03509 -0.0010694 -0.00619496 0.99998 77.4944 
0.999986 0.00416945 0.00327414 -1.86682 -0.00418742 0.999976 0.00551251 -1.04418 -0.00325112 -0.0055261 0.999979 78.6788 
0.999979 0.00192859 0.00620766 -1.88585 -0.00198687 0.999954 0.00940218 -1.06522 -0.00618929 -0.00941427 0.999937 79.8578 
0.999951 0.00312219 0.00935341 -1.90763 -0.0032191 0.999941 0.0103683 -1.07186 -0.00932053 -0.0103979 0.999903 81.1165 
0.999892 0.00326732 0.014308 -1.92637 -0.00339258 0.999956 0.00874205 -1.08376 -0.0142788 -0.0087896 0.999859 82.2705 
0.999836 0.00252623 0.0179374 -1.93371 -0.00263649 0.999978 0.00612828 -1.11327 -0.0179215 -0.00617452 0.99982 83.4541 
0.99975 0.00163515 0.022283 -1.94457 -0.00169355 0.999995 0.00260424 -1.12968 -0.0222787 -0.00264128 0.999748 84.6253 
0.999665 0.000898817 0.0258645 -1.94486 -0.000946653 0.999998 0.00183896 -1.15027 -0.0258628 -0.00186279 0.999664 85.8262 
0.999554 0.00110574 0.0298309 -1.93919 -0.00122253 0.999992 0.00389844 -1.17862 -0.0298263 -0.00393313 0.999547 86.9869 
0.999416 0.00262535 0.0340845 -1.9315 -0.00276891 0.999988 0.00416642 -1.20155 -0.0340732 -0.00425832 0.99941 88.127 
0.999251 0.00216888 0.0386243 -1.9205 -0.00225329 0.999995 0.00214308 -1.22022 -0.0386195 -0.00222847 0.999252 89.2978 
0.999106 0.00211647 0.0422323 -1.89355 -0.00211591 0.999998 -5.70601e-05 -1.24002 -0.0422324 -3.23094e-05 0.999108 90.4826 
0.998946 0.00227286 0.0458464 -1.86731 -0.00224943 0.999997 -0.000561756 -1.258 -0.0458476 0.000458077 0.998948 91.6402 
0.998808 0.00089393 0.0488128 -1.83024 -0.000940497 0.999999 0.000931924 -1.28214 -0.048812 -0.000976679 0.998808 92.8013 
0.998669 0.000180703 0.0515753 -1.78571 -0.000296636 0.999997 0.00224105 -1.29665 -0.0515748 -0.00225332 0.998667 93.9736 
0.998541 -0.000679685 0.0540039 -1.73896 0.000472523 0.999993 0.00384952 -1.31029 -0.0540062 -0.00381834 0.998533 95.1406 
0.998398 -0.00184002 0.0565576 -1.69638 0.0015786 0.999988 0.00466735 -1.32002 -0.0565655 -0.00457054 0.998388 96.3103 
0.998271 -0.00312833 0.0586928 -1.63829 0.00296738 0.999992 0.0028298 -1.34238 -0.0587012 -0.00265071 0.998272 97.4866 
0.99813 -0.00460317 0.0609595 -1.58722 0.00465563 0.999989 -0.00071784 -1.35526 -0.0609555 0.00100034 0.99814 98.6545 
0.998024 -0.0042177 0.0626894 -1.52566 0.00445099 0.999984 -0.00358147 -1.37817 -0.0626733 0.00385346 0.998027 99.8221 
0.99794 -0.0040729 0.0640185 -1.46422 0.00436398 0.999981 -0.00440701 -1.40193 -0.0639994 0.00467735 0.997939 100.992 
0.99791 -0.00385595 0.0645093 -1.41142 0.0041038 0.999985 -0.00370927 -1.43039 -0.064494 0.00396629 0.99791 102.199 
0.997957 -0.00376679 0.063782 -1.34141 0.00389681 0.999991 -0.00191359 -1.44704 -0.0637742 0.00215827 0.997962 103.424 
0.99802 -0.00432137 0.0627451 -1.31253 0.0043236 0.999991 0.000100951 -1.48633 -0.0627449 0.000170575 0.99803 104.586 
0.998116 -0.00403892 0.0612202 -1.27388 0.00398572 0.999992 0.000991738 -1.50668 -0.0612237 -0.000745822 0.998124 105.796 
0.998269 -0.00407017 0.0586736 -1.21842 0.00397098 0.999991 0.00180775 -1.53174 -0.0586804 -0.00157159 0.998276 107.002 
0.998424 -0.00298529 0.056036 -1.18869 0.00290657 0.999995 0.00148696 -1.54567 -0.0560402 -0.00132171 0.998428 108.232 
0.998634 -0.00190674 0.0522114 -1.14073 0.00185715 0.999998 0.000999168 -1.55996 -0.0522132 -0.000900798 0.998636 109.478 
0.998802 -0.00163642 0.0489174 -1.12141 0.00157824 0.999998 0.00122872 -1.57245 -0.0489194 -0.00115 0.998802 110.729 
0.998965 -0.000579119 0.0454869 -1.10714 0.000490386 0.999998 0.00196283 -1.58637 -0.045488 -0.00193846 0.998963 111.958 
0.999125 -0.000144951 0.041829 -1.1018 2.31634e-05 0.999996 0.00291306 -1.6071 -0.0418292 -0.0029095 0.999121 113.165 
0.999281 -0.000208427 0.037917 -1.08835 7.64094e-05 0.999994 0.00348431 -1.62404 -0.0379176 -0.00347886 0.999275 114.385 
0.999445 0.000515005 0.0333111 -1.07377 -0.000633757 0.999994 0.00355577 -1.64584 -0.0333091 -0.00357486 0.999439 115.647 
0.999594 0.00127923 0.0284803 -1.06715 -0.00137774 0.999993 0.00344129 -1.6606 -0.0284758 -0.00347909 0.999588 116.888 
0.999705 0.00227649 0.0241983 -1.07209 -0.00234982 0.999993 0.00300411 -1.68258 -0.0241914 -0.00306004 0.999703 118.142 
0.999789 0.00346768 0.0202634 -1.09211 -0.00351618 0.999991 0.00236039 -1.69963 -0.0202551 -0.0024311 0.999792 119.399 
0.99983 0.00543143 0.0176367 -1.12416 -0.0054739 0.999982 0.00236279 -1.71935 -0.0176236 -0.00245889 0.999842 120.631 
0.999845 0.00782695 0.0157832 -1.13632 -0.00787072 0.999965 0.00271559 -1.74359 -0.0157614 -0.00283936 0.999872 121.888 
0.999851 0.00876363 0.0148956 -1.14078 -0.00879845 0.999959 0.00227592 -1.75582 -0.014875 -0.0024066 0.999887 123.157 
0.99984 0.0111629 0.0139595 -1.15555 -0.0111967 0.999935 0.00234796 -1.77072 -0.0139324 -0.00250384 0.9999 124.436 
0.999836 0.0122304 0.0133477 -1.16701 -0.0122746 0.999919 0.00323743 -1.78549 -0.0133071 -0.0034007 0.999906 125.688 
0.999853 0.0118376 0.0124381 -1.16146 -0.0118813 0.999924 0.00344679 -1.79433 -0.0123964 -0.00359402 0.999917 126.965 
0.999806 0.0157001 0.0119123 -1.18275 -0.0157626 0.999862 0.00517267 -1.80014 -0.0118294 -0.00535939 0.999916 128.22 
0.999794 0.0166515 0.0115996 -1.20602 -0.0167482 0.999825 0.00829166 -1.80973 -0.0114596 -0.00848419 0.999898 129.493 
0.999823 0.0153569 0.0108864 -1.21326 -0.0154444 0.999849 0.00800263 -1.82377 -0.0107619 -0.00816931 0.999909 130.754 
0.999831 0.0151848 0.010412 -1.2308 -0.0152532 0.999862 0.00652302 -1.82753 -0.0103115 -0.00668069 0.999925 132.05 
0.999874 0.0126103 0.00961611 -1.24052 -0.0126827 0.999891 0.00751062 -1.83587 -0.00952039 -0.00763159 0.999926 133.326 
0.999914 0.0100278 0.00850546 -1.25046 -0.0101097 0.999902 0.00965476 -1.84658 -0.00840785 -0.00973987 0.999917 134.608 
0.999942 0.0072067 0.00806821 -1.26107 -0.00730038 0.999906 0.0116473 -1.85441 -0.00798356 -0.0117054 0.9999 135.899 
0.999958 0.00548663 0.00739289 -1.269 -0.00558254 0.9999 0.0130209 -1.86314 -0.00732075 -0.0130615 0.999888 137.178 
0.99997 0.00151647 0.00756187 -1.27345 -0.00160113 0.999936 0.0112082 -1.87012 -0.00754443 -0.0112199 0.999909 138.446 
0.999971 -0.00107839 0.007528 -1.28218 0.00100195 0.999948 0.0101557 -1.87687 -0.0075386 -0.0101478 0.99992 139.739 
0.999967 -0.0018871 0.00784881 -1.28992 0.00181 0.99995 0.00982412 -1.88368 -0.007867 -0.00980955 0.999921 141.026 
0.999964 -0.00287268 0.0080269 -1.29566 0.00279102 0.999944 0.0101716 -1.89684 -0.00805571 -0.0101488 0.999916 142.303 
0.999962 -0.00208852 0.00846361 -1.3087 0.00198462 0.999923 0.0122711 -1.90552 -0.00848863 -0.0122538 0.999889 143.587 
0.999955 0.00012369 0.00949268 -1.33242 -0.000252945 0.999907 0.0136207 -1.91324 -0.00949016 -0.0136224 0.999862 144.873 
0.99995 0.000330423 0.00995262 -1.34226 -0.000449725 0.999928 0.0119914 -1.92176 -0.00994799 -0.0119952 0.999879 146.155 
0.999945 0.000771368 0.0104349 -1.35099 -0.000877232 0.999948 0.0101485 -1.93109 -0.0104265 -0.0101571 0.999894 147.441 
0.999937 0.000727671 0.011164 -1.36327 -0.000812914 0.999971 0.00763675 -1.94105 -0.0111581 -0.00764531 0.999909 148.723 
0.999936 -0.000362039 0.0113467 -1.36512 0.000323779 0.999994 0.0033773 -1.95241 -0.0113479 -0.00337337 0.99993 150.021 
0.999932 -0.000468622 0.0116579 -1.37378 0.000470177 1 -0.000126933 -1.97379 -0.0116579 0.000132447 0.999932 151.31 
0.999924 -0.000621532 0.0123173 -1.39991 0.000634723 0.999999 -0.00106362 -1.9935 -0.0123166 0.0010714 0.999924 152.612 
0.999924 -0.000679402 0.0123279 -1.41184 0.000689171 0.999999 -0.000784779 -2.01825 -0.0123274 0.000793257 0.999924 153.902 
0.999925 2.92314e-05 0.0122521 -1.41798 -2.59425e-05 1 -0.000265111 -2.04489 -0.0122522 0.000264815 0.999925 155.185 
0.99993 0.00047105 0.0118091 -1.41964 -0.00047875 1 0.000652846 -2.06284 -0.0118088 -0.000658412 0.99993 156.492 
0.999934 0.00121951 0.0114171 -1.42864 -0.00123455 0.999998 0.00131413 -2.09328 -0.0114155 -0.00132809 0.999934 157.775 
0.999937 0.00136594 0.0111099 -1.44735 -0.00137601 0.999999 0.000902368 -2.11489 -0.0111087 -0.000917557 0.999938 159.067 
0.999949 0.00190836 0.00994147 -1.4535 -0.00191829 0.999998 0.000993798 -2.12966 -0.00993959 -0.00101278 0.99995 160.38 
0.999956 0.00150822 0.00930176 -1.46644 -0.0015263 0.999997 0.0019415 -2.14115 -0.00929885 -0.00195556 0.999955 161.705 
0.999956 0.00281272 0.00893369 -1.48558 -0.00283316 0.999993 0.00228098 -2.16348 -0.00892726 -0.00230614 0.999958 162.991 
0.999961 0.00263006 0.00837796 -1.50579 -0.00264346 0.999995 0.00159346 -2.19457 -0.00837377 -0.0016155 0.999964 164.27 
0.999967 0.00305377 0.00750332 -1.51523 -0.00305685 0.999995 0.000404364 -2.21469 -0.0075021 -0.000427246 0.999972 165.542 
0.999972 0.00374788 0.0065015 -1.52323 -0.00375086 0.999993 0.000453337 -2.23347 -0.0064998 -0.000477669 0.999979 166.813 
0.999977 0.00373795 0.0056567 -1.53984 -0.00373632 0.999993 -0.000291814 -2.25593 -0.0056578 0.000270714 0.999984 168.083 
0.999978 0.00427038 0.00504469 -1.55677 -0.00426305 0.99999 -0.00145421 -2.2748 -0.00505089 0.00143272 0.999986 169.367 
0.99998 0.00475519 0.00410321 -1.57085 -0.00474985 0.999988 -0.00130157 -2.29282 -0.00410939 0.00128209 0.999991 170.666 
0.999981 0.00496605 0.00366204 -1.59652 -0.00496547 0.999988 -0.000153716 -2.31451 -0.0036628 0.000135571 0.999993 171.949 
0.999984 0.00468639 0.00304882 -1.62722 -0.00468732 0.999989 0.000310912 -2.34298 -0.00304737 -0.000325156 0.999995 173.229 
0.999984 0.00519079 0.00224542 -1.65083 -0.00519231 0.999986 0.000689364 -2.36296 -0.00224185 -0.00070097 0.999997 174.509 
0.999984 0.00542213 0.0014307 -1.67098 -0.00542335 0.999985 0.000879978 -2.38208 -0.00142595 -0.000887681 0.999999 175.804 
0.999984 0.0056379 0.00112102 -1.6985 -0.00563824 0.999984 0.000334885 -2.41007 -0.00111915 -0.000341158 0.999999 177.084 
0.999975 0.00704638 0.000325747 -1.71246 -0.00704623 0.999975 -0.00034777 -2.42711 -0.000328232 0.000345508 1 178.374 
0.999971 0.00756707 3.11136e-05 -1.73769 -0.00756703 0.999971 6.89029e-05 -2.44901 -3.06339e-05 -6.90944e-05 1 179.662 
0.999973 0.00737719 -0.000540307 -1.75789 -0.00737762 0.999972 -0.000871535 -2.47532 0.00053382 0.000875539 1 180.933 
0.999982 0.00599592 -0.00097163 -1.77401 -0.00599845 0.999979 -0.00266137 -2.4945 0.00095561 0.00266719 0.999996 182.205 
0.999995 0.00289881 -0.0012803 -1.79655 -0.00290156 0.999993 -0.00218939 -2.52422 0.0012739 0.00219314 0.999997 183.472 
0.999993 0.00355121 -0.00115584 -1.8264 -0.00354958 0.999993 0.00137061 -2.54294 0.00116066 -0.00136645 0.999998 184.78 
0.999995 0.00293615 -0.00106572 -1.85332 -0.00292984 0.999979 0.00583351 -2.56346 0.00108279 -0.00583032 0.999982 186.041 
0.99999 0.00433402 -0.000914143 -1.87786 -0.00432913 0.999977 0.0052428 -2.58118 0.000936801 -0.00523875 0.999986 187.307 
0.999986 0.00521022 -0.000891626 -1.89743 -0.00520834 0.999984 0.00205509 -2.59675 0.000902277 -0.00205037 0.999998 188.569 
0.999981 0.00612781 -0.00102029 -1.92793 -0.00612764 0.999981 0.000128597 -2.61478 0.00102101 -0.0001223 1 189.812 
0.999981 0.00598515 -0.00140891 -1.93767 -0.00598456 0.999982 0.000392186 -2.63413 0.00141119 -0.000383705 0.999999 191.093 
0.999984 0.00547639 -0.00109774 -1.96642 -0.00547398 0.999983 0.00214245 -2.67402 0.00110941 -0.00213637 0.999997 192.38 
0.999983 0.00584888 -0.000622809 -2.00085 -0.00584633 0.999975 0.00396534 -2.68478 0.000645944 -0.00396159 0.999992 193.627 
0.999984 0.00558754 0.000277948 -2.02392 -0.00558875 0.999973 0.00476517 -2.70253 -0.000251358 -0.00476661 0.999989 194.889 
0.999982 0.00576447 0.00195607 -2.04355 -0.00577214 0.999976 0.00395812 -2.7168 -0.00193325 -0.00396929 0.99999 196.151 
0.999985 0.00422525 0.00341927 -2.068 -0.00423452 0.999987 0.00272272 -2.74364 -0.00340776 -0.00273712 0.99999 197.372 
0.999983 0.00383553 0.00435571 -2.07669 -0.00384115 0.999992 0.00129206 -2.76424 -0.00435076 -0.00130873 0.99999 198.595 
0.999976 0.00342787 0.0059482 -2.09649 -0.00343267 0.999994 0.000803345 -2.7866 -0.00594545 -0.000823703 0.999982 199.829 
0.999962 0.00395825 0.00777722 -2.11509 -0.00397118 0.999991 0.0016541 -2.81246 -0.00777064 -0.00168488 0.999968 201.067 
0.999946 0.00385753 0.0096472 -2.14106 -0.00388931 0.999987 0.00328169 -2.82078 -0.00963445 -0.00331899 0.999948 202.299 
0.999935 0.00455462 0.0104819 -2.15022 -0.00459295 0.999983 0.00363919 -2.84173 -0.0104652 -0.00368705 0.999938 203.512 
0.999926 0.00426817 0.0113688 -2.14936 -0.00431159 0.999984 0.0038011 -2.86387 -0.0113525 -0.00384979 0.999928 204.725 
0.999916 0.00417542 0.0122665 -2.15773 -0.00422254 0.999984 0.00382128 -2.88372 -0.0122504 -0.00387272 0.999918 205.94 
0.999902 0.00435363 0.0132937 -2.15209 -0.00440506 0.999983 0.00384502 -2.8943 -0.0132768 -0.00390316 0.999904 207.185 
0.999881 0.0048566 0.0146403 -2.16909 -0.00490996 0.999981 0.00361383 -2.91322 -0.0146225 -0.00368524 0.999886 208.393 
0.999867 0.00487971 0.0155739 -2.17351 -0.00493629 0.999981 0.00359973 -2.92932 -0.015556 -0.00367608 0.999872 209.58 
0.999863 0.00399389 0.0160481 -2.17246 -0.00405348 0.999985 0.00368494 -2.94981 -0.0160332 -0.00374944 0.999864 210.762 
0.999868 0.00362253 0.0158601 -2.16692 -0.00369427 0.999983 0.00449925 -2.97176 -0.0158436 -0.00455721 0.999864 211.931 
0.999875 0.00322546 0.0155022 -2.16462 -0.00331286 0.999979 0.00561767 -2.99171 -0.0154838 -0.00566828 0.999864 213.083 
0.99988 0.00355548 0.0151133 -2.17007 -0.00363687 0.999979 0.00536418 -3.00641 -0.0150939 -0.00541845 0.999871 214.209 
0.999884 0.00395969 0.0147332 -2.17535 -0.00402731 0.999982 0.00456605 -3.02921 -0.0147148 -0.00462481 0.999881 215.319 
0.999888 0.00415653 0.0143726 -2.17546 -0.00421148 0.999984 0.00379772 -3.0523 -0.0143566 -0.00385778 0.99989 216.426 
0.999892 0.00421132 0.0141072 -2.18487 -0.00426226 0.999985 0.0035862 -3.07127 -0.0140919 -0.0036459 0.999894 217.52 
0.999912 0.00370927 0.0127237 -2.1948 -0.00375583 0.999986 0.0036414 -3.08867 -0.01271 -0.00368883 0.999912 218.595 
0.999943 0.00240567 0.0104344 -2.17959 -0.00244744 0.999989 0.00399612 -3.1039 -0.0104247 -0.00402139 0.999938 219.674 
0.999967 0.00143848 0.00801429 -2.1805 -0.00148505 0.999982 0.00581238 -3.12498 -0.00800583 -0.00582405 0.999951 220.711 
0.999982 0.00171969 0.00578311 -2.19492 -0.00176316 0.99997 0.00752703 -3.14063 -0.00577003 -0.00753705 0.999955 221.763 
0.999992 0.00197468 0.00351626 -2.20685 -0.00200147 0.999969 0.00764226 -3.15431 -0.0035011 -0.00764919 0.999965 222.792 
0.999997 0.00231053 0.000699548 -2.22138 -0.00231535 0.999973 0.00704299 -3.16849 -0.000683298 -0.00704454 0.999975 223.797 
0.999995 0.00227743 -0.00224832 -2.23369 -0.00226116 0.999972 0.00719287 -3.18022 0.00226459 -0.0071877 0.999972 224.789 
0.999983 0.00298573 -0.00504044 -2.25727 -0.00294667 0.999966 0.00773074 -3.19638 0.00506331 -0.00771572 0.999957 225.754 
0.999965 0.00346521 -0.00765613 -2.28318 -0.00340884 0.999967 0.00735899 -3.2099 0.00768133 -0.00733259 0.999944 226.697 
0.999934 0.00320766 -0.0110069 -2.30272 -0.00313079 0.999971 0.00698972 -3.22549 0.0110289 -0.00695476 0.999915 227.616 
0.999891 0.00320233 -0.0144375 -2.33004 -0.00311219 0.999976 0.00625876 -3.23808 0.0144571 -0.00621311 0.999876 228.504 
0.999831 0.00415583 -0.0179232 -2.36156 -0.00404504 0.999973 0.00621062 -3.25602 0.0179485 -0.00613703 0.99982 229.368 
0.99977 0.00460277 -0.0209578 -2.39561 -0.00448202 0.999973 0.00580283 -3.27444 0.0209839 -0.00570752 0.999764 230.213 
0.999704 0.00616791 -0.0235209 -2.42452 -0.0060369 0.999966 0.00563529 -3.28668 0.0235548 -0.00549159 0.999708 231.057 
0.99968 0.00712933 -0.024254 -2.45481 -0.00698025 0.999956 0.00622394 -3.30001 0.0242973 -0.00605261 0.999686 231.87 
0.999697 0.00702116 -0.023604 -2.49169 -0.00685072 0.99995 0.00729199 -3.31132 0.0236539 -0.00712803 0.999695 232.66 
0.999711 0.00756837 -0.0228156 -2.52662 -0.00738655 0.99994 0.00804134 -3.32311 0.022875 -0.00787045 0.999707 233.424 
0.999726 0.00711572 -0.0223037 -2.55962 -0.00694989 0.999948 0.00750192 -3.33606 0.0223559 -0.00734482 0.999723 234.174 
0.999734 0.00828575 -0.0215472 -2.5948 -0.00816075 0.999949 0.00588109 -3.34858 0.0215948 -0.00570363 0.999751 234.914 
0.99975 0.00769561 -0.0209844 -2.61978 -0.00762087 0.999964 0.00363749 -3.36022 0.0210116 -0.00347662 0.999773 235.645 
0.999776 0.00768613 -0.0197417 -2.6485 -0.00764262 0.999968 0.00227636 -3.37277 0.0197586 -0.00212492 0.999803 236.376 
0.999795 0.00821648 -0.0185238 -2.67412 -0.00818382 0.999965 0.00183635 -3.38495 0.0185382 -0.00168434 0.999827 237.104 
0.99983 0.00757479 -0.0168242 -2.69663 -0.00754757 0.99997 0.00167847 -3.39583 0.0168364 -0.00155116 0.999857 237.84 
0.999859 0.0076923 -0.0149312 -2.72046 -0.00766804 0.999969 0.00167809 -3.40969 0.0149436 -0.00156331 0.999887 238.565 
0.999886 0.00779403 -0.0129575 -2.74191 -0.00777632 0.999969 0.00141353 -3.41961 0.0129681 -0.00131256 0.999915 239.29 
0.999916 0.00746217 -0.0105583 -2.77085 -0.00745027 0.999972 0.00116123 -3.43372 0.0105666 -0.00108243 0.999944 240.023 
0.999941 0.00790991 -0.00745604 -2.79581 -0.00790065 0.999968 0.00126482 -3.44171 0.00746577 -0.00120579 0.999971 240.745 
0.999969 0.00677751 -0.00408448 -2.81196 -0.00676916 0.999975 0.00204385 -3.45474 0.00409819 -0.00201609 0.99999 241.462 
0.999983 0.00579671 -0.00105499 -2.82471 -0.00579386 0.99998 0.00263851 -3.47245 0.00107022 -0.00263231 0.999996 242.183 
0.999981 0.00567608 0.0022074 -2.83379 -0.00568144 0.999981 0.00245032 -3.48206 -0.00219349 -0.00246278 0.999995 242.897 
0.999973 0.00508735 0.00522919 -2.84364 -0.00509933 0.999984 0.00228707 -3.49526 -0.00521751 -0.00231364 0.999984 243.598 
0.99995 0.0054274 0.00845649 -2.84943 -0.00544456 0.999983 0.00201326 -3.50621 -0.00844546 -0.00205916 0.999962 244.3 
0.999915 0.00625275 0.0114875 -2.85666 -0.00626593 0.99998 0.00111473 -3.51819 -0.0114804 -0.00118657 0.999933 245.01 
0.999875 0.00650595 0.0143908 -2.858 -0.00651534 0.999979 0.000608593 -3.53074 -0.0143866 -0.000702237 0.999896 245.718 
0.999819 0.00656181 0.0178534 -2.86398 -0.00659089 0.999977 0.00157236 -3.54122 -0.0178427 -0.0016897 0.999839 246.419 
0.99976 0.00679103 0.0208108 -2.86402 -0.0068358 0.999975 0.00208283 -3.55318 -0.0207962 -0.00222454 0.999781 247.12 
0.999706 0.00642273 0.0233858 -2.85884 -0.00647241 0.999977 0.00205149 -3.56417 -0.0233721 -0.0022022 0.999724 247.832 
0.999641 0.00590112 0.0261202 -2.85154 -0.00592192 0.999982 0.000720503 -3.5793 -0.0261155 -0.000874885 0.999659 248.543 
0.999598 0.00628213 0.0276656 -2.84227 -0.00623486 0.999979 -0.00179313 -3.58954 -0.0276764 0.00161996 0.999616 249.253 
0.999578 0.00510384 0.0285956 -2.83184 -0.00501176 0.999982 -0.00328917 -3.60029 -0.028612 0.00314451 0.999586 249.969 
0.999574 0.00503008 0.028746 -2.82207 -0.00493146 0.999982 -0.00349923 -3.61466 -0.0287631 0.00335603 0.999581 250.689 
0.999572 0.00441815 0.0289342 -2.81252 -0.00430117 0.999982 -0.00410229 -3.62703 -0.0289518 0.00397612 0.999573 251.412 
0.999562 0.00539876 0.0291088 -2.80847 -0.00527688 0.999977 -0.00426072 -3.64852 -0.0291312 0.00410529 0.999567 252.141 
0.999537 0.00658569 0.0296996 -2.81065 -0.00645124 0.999969 -0.00461931 -3.66708 -0.0297291 0.00442561 0.999548 252.905 
0.999527 0.00560082 0.0302318 -2.80414 -0.00540436 0.999964 -0.00657495 -3.68474 -0.0302676 0.0064085 0.999521 253.652 
0.999517 0.0019223 0.0310145 -2.8009 -0.00165006 0.99996 -0.00879963 -3.693 -0.0310302 0.00874425 0.99948 254.424 
0.999486 -0.00127569 0.0320291 -2.78691 0.00158123 0.999954 -0.00951454 -3.71014 -0.0320155 0.00956033 0.999442 255.189 
0.99946 0.00116568 0.0328327 -2.78255 -0.000981516 0.999984 -0.00562345 -3.72362 -0.0328388 0.00558823 0.999445 255.955 
0.999419 0.00522509 0.0336923 -2.77919 -0.00523896 0.999986 0.000324884 -3.73181 -0.0336902 -0.000501167 0.999432 256.751 
0.999384 0.00451464 0.0348002 -2.76691 -0.00463958 0.999983 0.00351157 -3.74429 -0.0347838 -0.00367083 0.999388 257.538 
0.999315 0.00381007 0.0368043 -2.74456 -0.00387253 0.999991 0.00162701 -3.75717 -0.0367978 -0.00176838 0.999321 258.32 
0.999156 0.00521643 0.040739 -2.72176 -0.00503419 0.999977 -0.00457352 -3.7651 -0.040762 0.00436462 0.999159 259.115 
0.998958 0.00740259 0.0450448 -2.71401 -0.0070432 0.999942 -0.00813107 -3.77937 -0.0451024 0.00780538 0.998952 259.926 
0.99878 0.00918175 0.0485114 -2.69352 -0.00879391 0.999928 -0.00820129 -3.79003 -0.0485833 0.00776473 0.998789 260.755 
0.998601 0.00748289 0.0523372 -2.66889 -0.00718128 0.999957 -0.00594772 -3.80549 -0.0523794 0.00556359 0.998612 261.594 
0.998434 0.00423395 0.0557784 -2.6372 -0.00408832 0.999988 -0.00272394 -3.82291 -0.0557893 0.00249167 0.99844 262.438 
0.998279 0.00193897 0.0586049 -2.59766 -0.00187287 0.999998 -0.00118204 -3.8383 -0.0586071 0.00107029 0.998281 263.276 
0.998081 0.0018419 0.0619015 -2.56294 -0.00180419 0.999998 -0.000664333 -3.85317 -0.0619027 0.000551417 0.998082 264.124 
0.997915 0.00407393 0.0644176 -2.5269 -0.00389003 0.999988 -0.00297938 -3.86448 -0.064429 0.00272262 0.997919 264.951 
0.997758 0.00469657 0.0667639 -2.49162 -0.00435747 0.999977 -0.00522312 -3.87757 -0.066787 0.00492053 0.997755 265.787 
0.99757 0.00575294 0.0694325 -2.45241 -0.00538933 0.999971 -0.00542239 -3.88827 -0.0694617 0.00503506 0.997572 266.633 
0.997342 0.00617265 0.0725992 -2.40524 -0.00594487 0.999977 -0.00335252 -3.90971 -0.0726183 0.00291206 0.997356 267.488 
0.997056 0.00786475 0.0762737 -2.36515 -0.00775066 0.999968 -0.00179121 -3.92771 -0.0762854 0.00119481 0.997085 268.352 
0.996795 0.00863333 0.0795356 -2.3184 -0.00849219 0.999962 -0.002112 -3.9414 -0.0795508 0.00142984 0.99683 269.203 
0.996576 0.00898167 0.0821896 -2.26089 -0.00877893 0.999958 -0.00282724 -3.95427 -0.0822116 0.00209607 0.996613 270.051 
0.996337 0.00746637 0.0851839 -2.20684 -0.00720008 0.999968 -0.00343237 -3.96585 -0.0852069 0.00280651 0.996359 270.9 
0.996145 0.00463478 0.0876055 -2.15825 -0.00441721 0.999987 -0.00267671 -3.97703 -0.0876168 0.00227946 0.996152 271.743 
0.996026 0.0036175 0.0889937 -2.10499 -0.00335804 0.99999 -0.00306445 -3.98856 -0.089004 0.00275347 0.996028 272.594 
0.995913 0.00262067 0.0902853 -2.07774 -0.00235718 0.999993 -0.00302448 -4.00143 -0.0902926 0.00279934 0.995911 273.398 
0.995835 0.00290202 0.0911328 -2.01958 -0.00263321 0.999992 -0.00306929 -4.01195 -0.091141 0.00281658 0.995834 274.244 
0.995833 0.00333178 0.0911373 -1.96399 -0.00311789 0.999992 -0.00248876 -4.02387 -0.0911449 0.00219427 0.995835 275.103 
0.995849 0.00401011 0.0909328 -1.90361 -0.00382881 0.99999 -0.00216756 -4.03941 -0.0909406 0.00181044 0.995855 275.962 
0.995948 0.00374204 0.0898491 -1.84575 -0.00346799 0.999989 -0.00320551 -4.05586 -0.0898602 0.00288097 0.99595 276.819 
0.996114 0.00312866 0.0880235 -1.79049 -0.00280694 0.999989 -0.00377804 -4.08015 -0.0880344 0.00351632 0.996111 277.665 
0.996234 0.00457471 0.0865907 -1.73742 -0.00418836 0.99998 -0.00464241 -4.09632 -0.0866103 0.00426229 0.996233 278.522 
0.996341 0.00628896 0.0852326 -1.68551 -0.00588435 0.99997 -0.00499703 -4.1106 -0.0852615 0.00447725 0.996349 279.391 
0.996479 0.00707231 0.0835444 -1.63423 -0.00667203 0.999965 -0.00506887 -4.13159 -0.0835773 0.00449365 0.996491 280.251 
0.996611 0.0081076 0.0818619 -1.5919 -0.00773749 0.999958 -0.00483686 -4.14325 -0.0818978 0.0041871 0.996632 281.106 
0.996805 0.00794027 0.0794772 -1.55359 -0.00770374 0.999965 -0.00328179 -4.15837 -0.0795005 0.00265908 0.996831 281.943 
0.997124 0.0060191 0.0755523 -1.50398 -0.00597492 0.999982 -0.000810149 -4.17636 -0.0755558 0.00035644 0.997142 282.797 
0.997466 0.00456182 0.0709961 -1.46383 -0.00464317 0.999989 0.000981528 -4.19493 -0.0709908 -0.00130865 0.997476 283.641 
0.997771 0.00437906 0.0665815 -1.42847 -0.00452797 0.999988 0.00208647 -4.2055 -0.0665716 -0.00238325 0.997779 284.479 
0.99808 0.0040863 0.0618002 -1.38505 -0.00426834 0.999987 0.0028146 -4.22145 -0.0617879 -0.00307294 0.998085 285.314 
0.99835 0.00371215 0.0572987 -1.35642 -0.0038989 0.999987 0.00314846 -4.23352 -0.0572864 -0.00336663 0.998352 286.13 
0.998607 0.00266643 0.0527004 -1.33452 -0.00285313 0.99999 0.00346862 -4.24188 -0.0526907 -0.00361411 0.998604 286.907 
0.998817 0.00276556 0.0485591 -1.30911 -0.00291921 0.999991 0.00309445 -4.25719 -0.0485501 -0.0032325 0.998816 287.694 
0.998993 0.00358979 0.0447137 -1.29266 -0.00371952 0.999989 0.00281959 -4.26651 -0.0447032 -0.00298302 0.998996 288.469 
0.999141 0.00336841 0.0412985 -1.27816 -0.00349073 0.99999 0.00289115 -4.28529 -0.0412884 -0.00303279 0.999143 289.226 
0.99928 0.00308352 0.0378238 -1.26745 -0.00319277 0.999991 0.0028296 -4.29607 -0.0378148 -0.00294829 0.99928 289.958 
0.999428 0.00223478 0.0337405 -1.26211 -0.00231619 0.999995 0.00237537 -4.31706 -0.0337351 -0.00245212 0.999428 290.67 
0.999584 0.00397856 0.0285776 -1.24634 -0.00400664 0.999992 0.0009269 -4.33056 -0.0285737 -0.00104097 0.999591 291.37 
0.99974 0.00535273 0.0221775 -1.25217 -0.00533064 0.999985 -0.00105336 -4.34512 -0.0221829 0.000934908 0.999754 292.035 
0.999884 0.00603285 0.0139744 -1.26583 -0.00599977 0.999979 -0.00240476 -4.36417 -0.0139887 0.00232068 0.9999 292.684 
0.999976 0.00593323 0.00346372 -1.28741 -0.00592177 0.999977 -0.00329693 -4.38438 -0.00348325 0.00327638 0.999989 293.366 
0.99993 0.00632524 -0.00998543 -1.31364 -0.0063612 0.999973 -0.00357763 -4.39507 0.00996249 0.00364094 0.999944 294.009 
0.999617 0.00740191 -0.0266804 -1.35773 -0.00748644 0.999967 -0.00307109 -4.40769 0.0266567 0.00326969 0.999639 294.639 
0.998868 0.00979735 -0.0465475 -1.41727 -0.00991166 0.999948 -0.00222653 -4.42173 0.0465232 0.00268541 0.998914 295.27 
0.997523 0.0112697 -0.0694261 -1.48373 -0.0114444 0.999932 -0.00212014 -4.43538 0.0693975 0.00290948 0.997585 295.874 
0.995387 0.012475 -0.0951321 -1.56188 -0.0127038 0.999918 -0.00180092 -4.45153 0.0951017 0.0030012 0.995463 296.479 
0.992288 0.0139321 -0.123166 -1.66367 -0.0141867 0.999899 -0.00119032 -4.46143 0.123136 0.00292849 0.992385 297.058 
0.98795 0.014874 -0.154057 -1.78704 -0.0149713 0.999888 0.000528672 -4.48196 0.154048 0.00178418 0.988062 297.638 
0.982004 0.0145575 -0.188296 -1.9179 -0.0143436 0.999894 0.00249853 -4.48408 0.188313 0.000247316 0.982109 298.201 
0.974276 0.0143853 -0.224897 -2.06732 -0.0137075 0.999896 0.00457498 -4.4891 0.224939 -0.00137448 0.974372 298.747 
0.964618 0.0150766 -0.263219 -2.22447 -0.0136641 0.999881 0.00719599 -4.50135 0.263296 -0.00334469 0.964709 299.289 
0.95284 0.0165033 -0.303024 -2.41094 -0.0141679 0.999851 0.00990357 -4.50409 0.303142 -0.00514325 0.952932 299.81 
0.938742 0.0167538 -0.344213 -2.60466 -0.0133766 0.999836 0.0121838 -4.50678 0.344361 -0.006833 0.938813 300.311 
0.922182 0.0165888 -0.386402 -2.80494 -0.0121029 0.999828 0.0140393 -4.50736 0.386568 -0.00827018 0.922224 300.806 
0.902868 0.0163898 -0.429606 -3.03224 -0.0105044 0.999816 0.0160675 -4.52342 0.42979 -0.009994 0.902874 301.285 
0.880674 0.0154906 -0.47347 -3.29399 -0.00843954 0.99982 0.0170133 -4.51504 0.473649 -0.0109872 0.880645 301.738 
0.854962 0.0148056 -0.518479 -3.55328 -0.00589942 0.999805 0.0188221 -4.52382 0.518657 -0.0130334 0.854883 302.199 
0.826399 0.0149838 -0.562885 -3.8423 -0.0038589 0.999773 0.0209481 -4.52869 0.563071 -0.0151393 0.82627 302.623 
0.79466 0.0163857 -0.606833 -4.17046 -0.00396982 0.999755 0.0217967 -4.52703 0.607041 -0.0149119 0.79453 303.026 
0.76003 0.0154762 -0.649704 -4.52304 -0.00145439 0.999754 0.0221131 -4.52498 0.649887 -0.0158616 0.759865 303.391 
0.72056 0.0143804 -0.693243 -4.86084 0.00310746 0.999708 0.0239675 -4.51502 0.693386 -0.0194242 0.720305 303.762 
0.678359 0.0134791 -0.734607 -5.2327 0.0100724 0.999567 0.0276419 -4.51251 0.734662 -0.0261503 0.677929 304.03 
0.631604 0.0137431 -0.77517 -5.63079 0.0146887 0.999451 0.0296877 -4.49716 0.775152 -0.0301371 0.631055 304.278 
0.581793 0.0174522 -0.81315 -6.04593 0.0145836 0.999385 0.0318835 -4.48961 0.813206 -0.0304082 0.58118 304.484 
0.529612 0.0238749 -0.847904 -6.466 0.0100351 0.999358 0.0344075 -4.48535 0.848181 -0.0267314 0.529032 304.658 
0.4751 0.028358 -0.879475 -6.87602 0.00759462 0.999311 0.0363247 -4.48407 0.879899 -0.0239371 0.474557 304.806 
0.417778 0.0304941 -0.908037 -7.29189 0.00776375 0.99928 0.0371302 -4.47254 0.908516 -0.0225619 0.41724 304.951 
0.35835 0.0327246 -0.933014 -7.67912 0.0101483 0.99919 0.0389434 -4.46499 0.933532 -0.0234238 0.357728 305.093 
0.298281 0.0362994 -0.953788 -8.08199 0.0131122 0.999026 0.0421217 -4.46402 0.954388 -0.0250703 0.297515 305.208 
0.237429 0.0404028 -0.970564 -8.49755 0.0157013 0.998845 0.0454211 -4.45627 0.971278 -0.0260234 0.236521 305.289 
0.173791 0.0432814 -0.983831 -8.92578 0.0190072 0.9987 0.0472931 -4.43498 0.984599 -0.026919 0.172743 305.34 
0.10835 0.0473813 -0.992983 -9.36113 0.0202105 0.998552 0.0498523 -4.42354 0.993907 -0.0254702 0.107236 305.359 
0.0419788 0.0527308 -0.997726 -9.8153 0.0228119 0.998295 0.0537207 -4.40005 0.998858 -0.0250151 0.0407044 305.345 
-0.0261746 0.0597772 -0.997869 -10.2892 0.025442 0.997927 0.0591133 -4.38398 0.999334 -0.0238405 -0.0276412 305.303 
-0.0948188 0.0663615 -0.99328 -10.7603 0.0285225 0.997547 0.0639238 -4.35748 0.995086 -0.0222696 -0.0964791 305.231 
-0.162549 0.0725991 -0.984026 -11.2353 0.0315457 0.997162 0.0683573 -4.33389 0.986196 -0.0199303 -0.164378 305.113 
-0.229854 0.0786781 -0.97004 -11.721 0.0363031 0.996726 0.0722404 -4.30975 0.972548 -0.0186107 -0.231958 304.971 
-0.294883 0.0830812 -0.951915 -12.2092 0.0413409 0.996389 0.0741563 -4.27826 0.954639 -0.0174856 -0.297253 304.784 
-0.357584 0.085095 -0.929996 -12.6964 0.0454993 0.996245 0.0736624 -4.24089 0.932772 -0.0159737 -0.360112 304.561 
-0.416904 0.0857753 -0.904895 -13.1695 0.049712 0.996199 0.0715267 -4.20497 0.90759 -0.0151643 -0.419583 304.298 
-0.473313 0.0856923 -0.876717 -13.6442 0.0525811 0.996231 0.0689869 -4.16577 0.879324 -0.0134463 -0.476034 304.005 
-0.524924 0.0857026 -0.846824 -14.1193 0.0549823 0.996254 0.0667436 -4.12632 0.849372 -0.011525 -0.527669 303.665 
-0.571547 0.085912 -0.81606 -14.5922 0.0570245 0.996258 0.0649442 -4.08957 0.818586 -0.00941669 -0.574307 303.293 
-0.612292 0.086256 -0.785913 -15.0566 0.0581419 0.996252 0.0640439 -4.05109 0.788491 -0.00648086 -0.615012 302.886 
-0.649256 0.0900239 -0.755223 -15.5105 0.0630461 0.995923 0.0645158 -4.01488 0.757953 -0.00572658 -0.652285 302.447 
-0.685929 0.0972694 -0.721138 -15.9787 0.0717388 0.995237 0.0660046 -3.97863 0.724124 -0.00645914 -0.68964 301.977 
-0.721344 0.102764 -0.684911 -16.4362 0.0782694 0.994691 0.0668099 -3.93777 0.68814 -0.00541468 -0.725557 301.465 
-0.753575 0.104852 -0.648946 -16.8608 0.0817024 0.994482 0.0658057 -3.90643 0.652265 -0.00343087 -0.757984 300.913 
-0.783434 0.100758 -0.613252 -17.2853 0.0806963 0.994909 0.0603747 -3.86428 0.616213 -0.00218761 -0.787576 300.309 
-0.810361 0.098158 -0.577651 -17.69 0.0820789 0.995164 0.0539595 -3.83114 0.580154 -0.00368623 -0.814499 299.677 
-0.835101 0.0930401 -0.542172 -18.0769 0.0804057 0.995653 0.0470123 -3.79618 0.544189 -0.00433369 -0.838952 299.001 
-0.857546 0.0907714 -0.506336 -18.4654 0.0808482 0.995858 0.0416016 -3.76581 0.508015 -0.005261 -0.861332 298.291 
-0.87806 0.0893775 -0.470131 -18.8227 0.0802925 0.995993 0.0393885 -3.73851 0.471767 -0.00316254 -0.881718 297.548 
-0.8972 0.0854696 -0.433275 -19.1603 0.0772909 0.996341 0.0364928 -3.71275 0.434809 -0.000746821 -0.900523 296.765 
-0.914639 0.0849821 -0.39524 -19.4943 0.0780737 0.996383 0.0335632 -3.68715 0.396662 -0.000159591 -0.917965 295.943 
-0.930231 0.0870088 -0.356511 -19.7827 0.0808776 0.996207 0.0320999 -3.66127 0.357952 0.00102654 -0.93374 295.097 
-0.943816 0.0906247 -0.317801 -20.0538 0.0852623 0.995883 0.0307727 -3.64342 0.319282 0.00194734 -0.947658 294.211 
-0.955708 0.0917317 -0.279658 -20.2943 0.086395 0.995767 0.0313776 -3.62194 0.281352 0.00582683 -0.959587 293.292 
-0.965611 0.0948211 -0.242084 -20.5054 0.0900405 0.995463 0.0307613 -3.60358 0.243903 0.00790607 -0.969767 292.358 
-0.974042 0.0945163 -0.205692 -20.6844 0.0904356 0.995475 0.0291727 -3.59037 0.207518 0.00981357 -0.978182 291.396 
-0.980681 0.0930832 -0.172046 -20.8197 0.090233 0.995623 0.024331 -3.57478 0.173558 0.0083367 -0.984788 290.403 
-0.986068 0.0913866 -0.138991 -20.9318 0.0895392 0.995792 0.0194997 -3.5532 0.140188 0.00678287 -0.990102 289.381 
