1 2.12261e-08 -2.11895e-08 0 2.12261e-08 1 2.10703e-08 0 -2.11895e-08 2.10703e-08 1 0 
0.99998 0.000456757 -0.00637265 -0.0129455 -0.000455436 1 0.000202001 0.000537123 0.0063727 -0.000199052 0.99998 0.0953814 
0.999909 0.000983122 -0.0134629 -0.0232552 -0.000982395 1 5.74682e-05 0.00128045 0.0134629 -4.41947e-05 0.999909 0.192519 
0.99978 0.00156608 -0.0209422 -0.0375182 -0.00157809 0.999999 -0.000558874 -0.000336583 0.0209413 0.000591842 0.999781 0.296117 
0.999543 0.00191998 -0.0301842 -0.0538939 -0.00197804 0.999996 -0.00189504 -0.00117944 0.0301804 0.00195393 0.999543 0.402218 
0.999124 0.00207735 -0.0417953 -0.070834 -0.00223419 0.999991 -0.00370727 0.00347889 0.0417872 0.00379744 0.999119 0.524808 
0.998466 0.00215205 -0.0553334 -0.095161 -0.00241098 0.999986 -0.00461392 0.00259578 0.0553227 0.00474029 0.998457 0.652918 
0.997425 0.00193827 -0.0716892 -0.124919 -0.0022681 0.999987 -0.00452031 0.00161712 0.0716794 0.00467131 0.997417 0.797152 
0.99589 0.000384031 -0.0905654 -0.155115 -0.000797581 0.999989 -0.00453062 0.00036875 0.0905627 0.00458427 0.99588 0.953463 
0.993896 -0.000913983 -0.110318 -0.197722 0.000403682 0.999989 -0.00464832 -0.00196518 0.110321 0.00457545 0.993885 1.11956 
0.991173 -0.000911709 -0.132574 -0.247307 0.000276577 0.999988 -0.0048094 -0.00829966 0.132577 0.00473033 0.991161 1.29058 
0.98764 0.00249416 -0.156721 -0.307923 -0.00351256 0.999975 -0.00622182 -0.0129393 0.156701 0.00669546 0.987623 1.46931 
0.983227 0.00677526 -0.182262 -0.377807 -0.0083153 0.999936 -0.00768691 -0.0210452 0.182198 0.00907358 0.98322 1.65186 
0.977826 0.00971504 -0.209194 -0.456634 -0.0117587 0.999895 -0.00852802 -0.027044 0.209089 0.0107988 0.977837 1.83917 
0.971092 0.0104165 -0.238478 -0.541822 -0.0128561 0.99988 -0.00867685 -0.0315802 0.238358 0.011492 0.971109 2.03936 
0.962953 0.0123858 -0.269384 -0.634773 -0.015128 0.999853 -0.00810588 -0.0354795 0.269244 0.0118809 0.962999 2.23912 
0.953403 0.0142969 -0.30136 -0.740129 -0.017222 0.999827 -0.00705165 -0.0391148 0.301207 0.0119131 0.953484 2.4443 
0.942135 0.0162206 -0.334841 -0.854846 -0.0193647 0.999794 -0.00605347 -0.0393493 0.334674 0.0121873 0.942255 2.64907 
0.929413 0.018777 -0.368563 -0.971409 -0.0223372 0.999736 -0.00539522 -0.042472 0.368365 0.0132471 0.929587 2.84645 
0.915275 0.0213326 -0.402264 -1.09999 -0.0254837 0.999663 -0.00496989 -0.039648 0.402022 0.0148001 0.91551 3.04813 
0.898869 0.0217657 -0.437677 -1.23245 -0.0262921 0.999645 -0.00428449 -0.0381775 0.437428 0.0153587 0.899122 3.25087 
0.880009 0.017329 -0.47464 -1.36995 -0.0223481 0.999738 -0.00493434 -0.0364363 0.47443 0.0149496 0.880166 3.45241 
0.8583 0.0120307 -0.513007 -1.52332 -0.0172809 0.999836 -0.00546479 -0.0344462 0.512857 0.0135557 0.858367 3.65949 
0.832737 0.0135113 -0.553504 -1.69352 -0.0177958 0.999839 -0.00236703 -0.0379021 0.553382 0.0118212 0.832844 3.85554 
0.803001 0.0188999 -0.595678 -1.8878 -0.0224161 0.999748 0.00150239 -0.0429192 0.595556 0.0121464 0.803222 4.04452 
0.769797 0.0214555 -0.637928 -2.09169 -0.025345 0.999674 0.00303788 -0.0403137 0.637785 0.0138298 0.77009 4.22203 
0.732921 0.0207114 -0.679999 -2.30818 -0.0246435 0.999689 0.00388711 -0.0417727 0.679867 0.0139086 0.733203 4.4003 
0.692318 0.01677 -0.721398 -2.53824 -0.0186167 0.999812 0.00537579 -0.042607 0.721352 0.00970837 0.6925 4.57983 
0.648928 0.0130336 -0.760738 -2.79364 -0.0131461 0.999896 0.00591714 -0.0385186 0.760736 0.00616101 0.649032 4.74998 
0.603393 0.0126768 -0.797343 -3.06713 -0.0102969 0.999914 0.00810513 -0.0399145 0.797377 0.00331964 0.603472 4.90825 
0.554747 0.0133345 -0.831912 -3.359 -0.00765641 0.999911 0.0109217 -0.0375483 0.831984 0.000310709 0.5548 5.05093 
0.503656 0.0139092 -0.863792 -3.66073 -0.00670447 0.999903 0.0121917 -0.0300349 0.863878 -0.00034913 0.503701 5.16641 
0.450656 0.0154309 -0.892565 -3.97879 -0.00551727 0.99988 0.0145005 -0.0287045 0.892681 -0.00161017 0.450687 5.27291 
0.395817 0.0174727 -0.918163 -4.32588 -0.00454008 0.999844 0.0170698 -0.0216108 0.918318 -0.00258793 0.395834 5.3692 
0.340467 0.0194301 -0.940056 -4.69155 -0.00413259 0.999808 0.0191684 -0.0170536 0.940247 -0.00264129 0.340482 5.44586 
0.285505 0.0225714 -0.958112 -5.07456 -0.00192222 0.999734 0.0229792 -0.0146476 0.958375 -0.00471892 0.285472 5.51079 
0.231792 0.0244552 -0.972458 -5.47327 0.00221593 0.999668 0.0256676 -0.0111088 0.972763 -0.0081044 0.23166 5.56169 
0.180859 0.0248407 -0.983195 -5.88752 0.00433974 0.999651 0.0260548 -0.00644672 0.9835 -0.008979 0.180688 5.59249 
0.133349 0.02575 -0.990735 -6.32255 0.00206985 0.999653 0.0262604 0.00192184 0.991067 -0.00555242 0.133249 5.60285 
0.0909044 0.0257864 -0.995526 -6.77446 -2.46848e-05 0.999665 0.0258913 0.0138548 0.99586 -0.00232902 0.0908746 5.59991 
0.0527718 0.0242736 -0.998312 -7.24368 -0.00111698 0.999705 0.0242484 0.0239004 0.998606 -0.000164498 0.0527833 5.58979 
0.0183153 0.0217394 -0.999596 -7.71515 -0.000339823 0.999764 0.0217368 0.0292264 0.999832 -5.83883e-05 0.0183184 5.56329 
-0.013289 0.018858 -0.999734 -8.20465 1.88768e-05 0.999822 0.0188594 0.0391506 0.999912 0.000231794 -0.013287 5.52939 
-0.0396893 0.0170166 -0.999067 -8.70537 -0.000517513 0.999855 0.0170506 0.042175 0.999212 0.0011938 -0.0396747 5.47945 
-0.0606512 0.0146637 -0.998051 -9.21668 -0.000999699 0.999891 0.0147515 0.0507035 0.998159 0.00189249 -0.0606299 5.41992 
-0.0772884 0.0136605 -0.996915 -9.74415 -0.000431521 0.999906 0.0137349 0.0612738 0.997009 0.00149178 -0.0772752 5.36242 
-0.0903684 0.0142908 -0.995806 -10.2862 0.000728541 0.999898 0.0142834 0.0658127 0.995908 0.000565327 -0.0903696 5.29645 
-0.100216 0.0155338 -0.994844 -10.8395 -0.00058897 0.999877 0.0156718 0.0599657 0.994966 0.00215654 -0.100195 5.22499 
-0.10714 0.0171785 -0.994096 -11.4111 -0.00267271 0.999842 0.0175658 0.0531472 0.99424 0.00453898 -0.107077 5.14563 
-0.111935 0.017702 -0.993558 -12.0064 -0.00246914 0.999833 0.018092 0.06385 0.993713 0.0044784 -0.111872 5.06967 
-0.113177 0.0184343 -0.993404 -12.6218 0.00016508 0.999828 0.0185347 0.0760105 0.993575 0.00193375 -0.11316 4.98261 
-0.11231 0.0206093 -0.99346 -13.2385 0.00220965 0.999788 0.0204908 0.0838447 0.993671 0.000106158 -0.112331 4.90597 
-0.111088 0.0229244 -0.993546 -13.8759 0.00183908 0.999737 0.0228616 0.0911057 0.993809 0.000712483 -0.111101 4.82606 
-0.109638 0.0227708 -0.993711 -14.5291 -0.000422126 0.999736 0.0229555 0.096449 0.993972 0.00293631 -0.1096 4.74131 
-0.108317 0.0202174 -0.993911 -15.1944 -0.00201827 0.999787 0.0205568 0.103112 0.994114 0.00423267 -0.108253 4.65888 
-0.107105 0.0200912 -0.994045 -15.8739 -0.00213255 0.999789 0.020437 0.114004 0.994245 0.0043088 -0.10704 4.57616 
-0.10519 0.0227583 -0.994192 -16.5792 -0.00155334 0.999733 0.0230495 0.12897 0.994451 0.00396893 -0.105126 4.48907 
-0.103288 0.0260624 -0.99431 -17.2997 -0.00248264 0.999647 0.0264602 0.14116 0.994648 0.00520157 -0.103187 4.39892 
-0.101432 0.0281322 -0.994445 -18.0324 -0.00305824 0.999587 0.0285896 0.146869 0.994838 0.00594119 -0.101304 4.30928 
-0.0996649 0.0273746 -0.994644 -18.7697 -0.00467242 0.999598 0.0279791 0.159356 0.99501 0.00743597 -0.0994968 4.22246 
-0.0981069 0.0244203 -0.994876 -19.5162 -0.0068958 0.999658 0.0252177 0.170081 0.995152 0.00933454 -0.097905 4.13301 
-0.0966888 0.0235781 -0.995035 -20.2849 -0.0076785 0.999672 0.0244341 0.186733 0.995285 0.0100029 -0.096476 4.04242 
-0.0952566 0.026034 -0.995112 -21.0709 -0.00511489 0.999632 0.0266418 0.199976 0.99544 0.00762774 -0.0950883 3.95745 
-0.0942462 0.0281013 -0.995152 -21.8631 -0.00272637 0.999591 0.0284849 0.212968 0.995545 0.00539778 -0.094131 3.87348 
-0.0929486 0.0296401 -0.99523 -22.6633 -0.0020429 0.999549 0.0299596 0.227573 0.995669 0.00481789 -0.0928462 3.78139 
-0.0925299 0.0250851 -0.995394 -23.4582 -0.00181896 0.999677 0.0253622 0.234773 0.995708 0.00415738 -0.0924543 3.69598 
-0.092345 0.0180653 -0.995563 -24.2646 -1.93445e-06 0.999835 0.018143 0.241468 0.995727 0.00167738 -0.0923298 3.60873 
-0.0925828 0.0135937 -0.995612 -25.0744 0.00301273 0.999906 0.0133722 0.2492 0.9957 -0.00176144 -0.092615 3.52518 
-0.0931149 0.0141346 -0.995555 -25.9007 0.00423028 0.999896 0.0138005 0.259651 0.995646 -0.0029264 -0.093165 3.43589 
-0.0931852 0.0215715 -0.995415 -26.7432 0.00413849 0.999765 0.0212783 0.263595 0.99564 -0.00213665 -0.0932526 3.33983 
-0.0936563 0.028556 -0.995195 -27.5919 0.00238093 0.999592 0.0284581 0.271183 0.995602 0.000295831 -0.0936861 3.24617 
-0.0940934 0.033947 -0.994984 -28.4374 0.000612077 0.99942 0.0340405 0.278909 0.995563 0.00259402 -0.0940597 3.14698 
-0.0945522 0.0341124 -0.994935 -29.2736 -0.00103923 0.999409 0.0343645 0.290306 0.995519 0.00428325 -0.0944609 3.05028 
-0.0949747 0.0304403 -0.995014 -30.1078 -0.000546123 0.999531 0.0306306 0.306246 0.99548 0.00345258 -0.0949135 2.95758 
-0.0955476 0.0277026 -0.995039 -30.9435 -0.000585956 0.999611 0.0278861 0.321056 0.995425 0.00324754 -0.0954942 2.86402 
-0.0957734 0.0291353 -0.994977 -31.7825 -0.00193094 0.999564 0.0294555 0.329411 0.995401 0.00474233 -0.0956754 2.76757 
-0.0954372 0.0316205 -0.994933 -32.626 -0.00255548 0.999484 0.0320103 0.332405 0.995432 0.00559754 -0.0953072 2.65924 
-0.095334 0.029949 -0.994995 -33.4612 -0.00340144 0.999532 0.0304115 0.340198 0.99544 0.00628371 -0.0951875 2.56051 
-0.0949002 0.0247264 -0.99518 -34.2953 -0.00437105 0.999672 0.0252548 0.351985 0.995477 0.0067467 -0.094761 2.46301 
-0.0948767 0.0206319 -0.995275 -35.1258 -0.00580356 0.999757 0.021278 0.360268 0.995472 0.00779497 -0.0947338 2.36774 
-0.094305 0.0212599 -0.995316 -35.9607 -0.00497118 0.999749 0.0218256 0.369718 0.995531 0.0070062 -0.0941757 2.26814 
-0.0943043 0.0238721 -0.995257 -36.7905 -0.00364704 0.999698 0.0243241 0.372554 0.995537 0.00592365 -0.0941887 2.18387 
-0.0938198 0.0287707 -0.995173 -37.6303 -0.00304221 0.999569 0.0291846 0.382201 0.995585 0.00576566 -0.0936919 2.08701 
-0.0932894 0.034454 -0.995043 -38.4721 -0.00238503 0.999391 0.0348281 0.391392 0.995636 0.00562234 -0.0931503 1.99209 
-0.0934963 0.0378172 -0.994901 -39.3085 -0.00266535 0.999265 0.0382335 0.401493 0.995616 0.00622649 -0.0933268 1.89969 
-0.0933053 0.0373926 -0.994935 -40.1386 -0.00241982 0.999283 0.0377829 0.419454 0.995635 0.00593295 -0.0931479 1.80953 
-0.0934249 0.0331513 -0.995074 -40.9672 -0.00223936 0.999436 0.0335069 0.432728 0.995624 0.00535875 -0.0932979 1.718 
-0.0932232 0.0286344 -0.995233 -41.7917 -0.00322905 0.999572 0.0290617 0.448239 0.99564 0.00592292 -0.0930909 1.62712 
-0.0934982 0.0256784 -0.995288 -42.6167 -0.00686953 0.999627 0.0264356 0.460809 0.995596 0.00930888 -0.093287 1.53223 
-0.0940074 0.0237897 -0.995287 -43.4459 -0.0100193 0.999641 0.0248401 0.469963 0.995521 0.0123073 -0.0937353 1.43281 
-0.0947603 0.0219333 -0.995259 -44.2732 -0.00817337 0.999706 0.0228096 0.472868 0.995467 0.0102961 -0.0945532 1.33823 
-0.0959491 0.0185075 -0.995214 -45.0938 -0.00459414 0.999808 0.0190358 0.474301 0.995376 0.00639867 -0.0958457 1.2473 
-0.0967224 0.0171021 -0.995164 -45.916 -0.000513982 0.999851 0.0172326 0.480429 0.995311 0.00217831 -0.0966993 1.15587 
-0.0988234 0.0204644 -0.994895 -46.7423 4.24666e-05 0.999789 0.0205609 0.487035 0.995105 0.00198968 -0.0988034 1.05882 
-0.100797 0.0266844 -0.994549 -47.5721 0.00285289 0.999644 0.026532 0.489873 0.994903 -0.000162956 -0.100837 0.964541 
-0.10261 0.0304792 -0.994255 -48.3862 0.00454249 0.999534 0.0301722 0.493574 0.994711 -0.00142038 -0.102701 0.866794 
-0.104463 0.0296759 -0.994086 -49.1894 0.00494195 0.999558 0.0293199 0.501389 0.994516 -0.00184983 -0.104564 0.772889 
-0.105511 0.0255596 -0.99409 -49.9883 0.00140159 0.999672 0.0255544 0.506908 0.994417 0.001303 -0.105512 0.665753 
-0.106751 0.0216995 -0.994049 -50.7815 -0.00327964 0.999749 0.0221761 0.513285 0.99428 0.0056275 -0.106653 0.558617 
-0.108172 0.0201007 -0.993929 -51.576 -0.00735164 0.999752 0.0210186 0.51759 0.994105 0.00958067 -0.107997 0.449352 
-0.109328 0.0212881 -0.993778 -52.3678 -0.00860987 0.999713 0.0223625 0.518522 0.993969 0.0110012 -0.109113 0.345493 
-0.110578 0.0227301 -0.993608 -53.1546 -0.00833149 0.999682 0.0237963 0.521999 0.993833 0.0109096 -0.110354 0.244851 
-0.11144 0.0222656 -0.993522 -53.9362 -0.010361 0.999669 0.0235655 0.522144 0.993717 0.0129201 -0.111173 0.137736 
-0.112102 0.022134 -0.99345 -54.7183 -0.0106577 0.999668 0.0234752 0.527039 0.99364 0.0132195 -0.111829 0.0301926 
-0.112703 0.0239195 -0.993341 -55.4989 -0.00924346 0.999642 0.02512 0.531896 0.993586 0.012013 -0.112442 -0.0720837 
-0.113221 0.0268169 -0.993208 -56.2708 -0.00784856 0.99958 0.0278837 0.539036 0.993539 0.0109523 -0.112963 -0.169679 
-0.113357 0.030924 -0.993073 -57.0551 -0.00829834 0.999451 0.0320699 0.545018 0.99352 0.0118762 -0.113038 -0.284427 
-0.114009 0.0329918 -0.992932 -57.8166 -0.00849729 0.99938 0.0341817 0.552313 0.993443 0.0123343 -0.113657 -0.38576 
-0.114718 0.0329651 -0.992851 -58.5755 -0.00802627 0.999386 0.0341095 0.560906 0.993366 0.0118819 -0.114383 -0.490053 
-0.115319 0.0311322 -0.992841 -59.3228 -0.00727385 0.999456 0.0321845 0.564098 0.993302 0.0109333 -0.11503 -0.585757 
-0.1159 0.0278058 -0.992872 -60.0519 -0.00673758 0.999563 0.0287797 0.568759 0.993238 0.0100252 -0.115662 -0.679284 
-0.115864 0.025032 -0.99295 -60.7751 -0.00703062 0.999637 0.0260209 0.5712 0.99324 0.00999598 -0.115646 -0.773173 
-0.114959 0.0226516 -0.993112 -61.489 -0.00728459 0.999694 0.023645 0.577516 0.993344 0.00995264 -0.114758 -0.867589 
-0.112901 0.0219359 -0.993364 -62.1849 -0.00954554 0.999686 0.0231604 0.578367 0.99356 0.0120971 -0.112656 -0.960558 
-0.108879 0.0226087 -0.993798 -62.8686 -0.00979757 0.999668 0.0238157 0.583142 0.994007 0.0123299 -0.108621 -1.04869 
-0.103445 0.0240794 -0.994344 -63.5407 -0.00867718 0.999647 0.0251106 0.587626 0.994597 0.0112257 -0.1032 -1.12675 
-0.0963052 0.0256645 -0.995021 -64.1971 -0.00769215 0.999619 0.0265276 0.59096 0.995322 0.0102086 -0.096071 -1.20163 
-0.0877544 0.0269301 -0.995778 -64.8287 -0.00849576 0.999578 0.0277815 0.59355 0.996106 0.0108979 -0.0874886 -1.26477 
-0.076067 0.0282276 -0.996703 -65.4517 -0.0104742 0.999521 0.0291068 0.600592 0.997048 0.0126538 -0.075735 -1.32309 
-0.0612957 0.0296573 -0.997679 -66.0555 -0.0135583 0.999442 0.0305427 0.605008 0.998028 0.015399 -0.0608594 -1.36759 
-0.0428537 0.0309442 -0.998602 -66.6444 -0.0151299 0.999386 0.0316178 0.608021 0.998967 0.0164638 -0.0423592 -1.39871 
-0.02079 0.0316178 -0.999284 -67.2071 -0.0158116 0.999364 0.0319493 0.614054 0.999659 0.0164645 -0.0202769 -1.40778 
0.00466017 0.0321531 -0.999472 -67.745 -0.0150395 0.999372 0.0320798 0.615008 0.999876 0.0148821 0.00514081 -1.39585 
0.0337563 0.0316706 -0.998928 -68.2602 -0.0135855 0.99942 0.0312271 0.621307 0.999338 0.0125169 0.034167 -1.35985 
0.0679552 0.0314905 -0.997191 -68.7523 -0.0123077 0.999452 0.0307232 0.629142 0.997612 0.0101854 0.0683056 -1.31153 
0.105636 0.0321222 -0.993886 -69.2258 -0.0116543 0.99945 0.0310633 0.628714 0.994337 0.00830169 0.105952 -1.23907 
0.14664 0.0319415 -0.988674 -69.6818 -0.0114077 0.999467 0.0305982 0.6309 0.989124 0.00679166 0.146926 -1.15116 
0.191845 0.0328376 -0.980876 -70.1204 -0.0102313 0.999453 0.0314585 0.635589 0.981372 0.00400056 0.192076 -1.03744 
0.240965 0.0316001 -0.970019 -70.5445 -0.00684343 0.9995 0.0308605 0.636814 0.97051 -0.000797995 0.241061 -0.911258 
0.291609 0.0271793 -0.956151 -70.9511 0.000704885 0.99959 0.0286291 0.632809 0.956537 -0.00902244 0.291471 -0.752116 
0.343618 0.0221439 -0.938849 -71.3357 0.00603251 0.999649 0.0257858 0.63315 0.93909 -0.014524 0.343363 -0.578605 
0.396791 0.0171782 -0.917748 -71.721 0.0110976 0.999662 0.0235095 0.645195 0.917842 -0.0195131 0.396467 -0.382577 
0.448848 0.0165205 -0.893456 -72.0951 0.010708 0.999658 0.0238636 0.655684 0.893544 -0.0202782 0.448517 -0.173156 
0.497647 0.015343 -0.867244 -72.453 0.0123908 0.999616 0.024795 0.660025 0.867291 -0.0230849 0.497266 0.0651836 
0.543436 0.0110467 -0.839378 -72.7942 0.0201855 0.999452 0.026222 0.666867 0.839208 -0.0311932 0.542915 0.327988 
0.588045 0.00486443 -0.808813 -73.1136 0.0304938 0.999138 0.0281795 0.668359 0.808253 -0.0412345 0.58739 0.611788 
0.63146 -0.000121831 -0.775409 -73.4225 0.0317247 0.999167 0.0256782 0.672255 0.774759 -0.0408143 0.630938 0.899441 
0.673569 -0.0048583 -0.739108 -73.7181 0.0282797 0.999416 0.0192027 0.676031 0.738583 -0.033836 0.673313 1.19841 
0.715261 -0.0118277 -0.698757 -74.0039 0.0247855 0.999657 0.00844999 0.680802 0.698417 -0.0233629 0.715309 1.51424 
0.755509 -0.0146952 -0.654974 -74.2718 0.019953 0.999801 0.000583772 0.683732 0.654835 -0.0135097 0.755651 1.84937 
0.793598 -0.0156853 -0.608241 -74.5311 0.01824 0.999832 -0.00198519 0.686787 0.608169 -0.00951882 0.79375 2.22301 
0.828515 -0.0171065 -0.559706 -74.7813 0.0184357 0.999825 -0.00326821 0.684093 0.559664 -0.00761078 0.828685 2.63054 
0.860023 -0.0158428 -0.51001 -75.0195 0.0153363 0.999869 -0.00519841 0.68237 0.510025 -0.00335084 0.860153 3.05775 
0.886835 -0.0139514 -0.461876 -75.2465 0.0141067 0.999896 -0.00311695 0.671651 0.461871 -0.00375128 0.886939 3.52064 
0.908681 -0.00738104 -0.417427 -75.4526 0.00720293 0.999972 -0.00200203 0.667351 0.41743 -0.00118744 0.908709 4.00319 
0.92671 -0.00318884 -0.375764 -75.6504 0.002114 0.999992 -0.00327276 0.661901 0.375772 0.00223858 0.926709 4.50243 
0.940689 0.001883 -0.339266 -75.8374 -0.00269456 0.999995 -0.00192118 0.663081 0.339261 0.00272145 0.940688 5.03077 
0.951032 0.00262457 -0.309083 -76.0081 -0.00267283 0.999996 0.000267184 0.65453 0.309082 0.000572073 0.951035 5.58507 
0.958579 0.00190179 -0.284821 -76.1694 -0.00140148 0.999997 0.00196027 0.648894 0.284824 -0.00147986 0.958579 6.15755 
0.964602 0.00191477 -0.263703 -76.3309 -0.000818093 0.999991 0.00426835 0.639145 0.263709 -0.00390148 0.964594 6.75115 
0.969458 0.00446622 -0.245218 -76.4906 -0.00287385 0.999972 0.00685099 0.638295 0.245242 -0.00593698 0.969444 7.35307 
0.973155 0.00926959 -0.229963 -76.6437 -0.00752883 0.999936 0.00844587 0.635733 0.230026 -0.00648774 0.973163 7.98234 
0.976167 0.0130031 -0.216629 -76.796 -0.0111701 0.999891 0.00968376 0.632796 0.216731 -0.00703316 0.976206 8.61776 
0.979018 0.0116962 -0.20344 -76.939 -0.00997402 0.999905 0.00948813 0.630478 0.203532 -0.00725988 0.979041 9.26776 
0.981752 0.0116305 -0.189809 -77.0705 -0.010063 0.999907 0.00922006 0.628844 0.189899 -0.00714172 0.981778 9.93927 
0.984477 0.0122914 -0.175081 -77.2008 -0.0107083 0.999893 0.00998379 0.62948 0.175185 -0.00795395 0.984504 10.6295 
0.986855 0.0133451 -0.161058 -77.3245 -0.0117817 0.999874 0.0106584 0.623682 0.16118 -0.00862069 0.986887 11.3316 
0.988842 0.0137149 -0.148336 -77.4412 -0.0126795 0.999888 0.00792309 0.620902 0.148428 -0.00595381 0.988905 12.0431 
0.990416 0.0143266 -0.137371 -77.5524 -0.0141101 0.999897 0.00254949 0.616569 0.137394 -0.000586682 0.990516 12.7639 
0.991742 0.0120663 -0.127683 -77.6608 -0.0125806 0.999916 -0.00322268 0.609445 0.127633 0.00480243 0.99181 13.4965 
0.992771 0.0120269 -0.119421 -77.7626 -0.0125238 0.999916 -0.00341139 0.604755 0.11937 0.00488237 0.992838 14.2414 
0.993521 0.0139715 -0.112784 -77.861 -0.0137329 0.999902 0.00289198 0.594914 0.112813 -0.00132435 0.993615 15.0049 
0.993995 0.0186425 -0.107824 -77.9623 -0.0175764 0.999787 0.0108289 0.58584 0.108003 -0.00886865 0.994111 15.7794 
0.994439 0.0189272 -0.103597 -78.0548 -0.017487 0.999738 0.0147923 0.577541 0.10385 -0.0128984 0.994509 16.5489 
0.994816 0.0180182 -0.10008 -78.1459 -0.0167421 0.999768 0.0135757 0.575944 0.100301 -0.0118297 0.994887 17.3192 
0.995133 0.0178331 -0.0969124 -78.2353 -0.0166885 0.999781 0.012608 0.573611 0.097116 -0.0109293 0.995213 18.0877 
0.995419 0.0160728 -0.0942483 -78.317 -0.0147359 0.999781 0.0148626 0.571305 0.0944665 -0.0134056 0.995438 18.852 
0.995684 0.0143862 -0.0916884 -78.3936 -0.0128479 0.999767 0.0173456 0.568374 0.0919165 -0.0160926 0.995637 19.6143 
0.995988 0.0123549 -0.0886272 -78.4733 -0.0106997 0.99976 0.019127 0.565142 0.0888422 -0.018102 0.995881 20.3786 
0.996244 0.0119096 -0.0857729 -78.5526 -0.010623 0.999824 0.0154406 0.561645 0.0859417 -0.0144714 0.996195 21.1346 
0.996347 0.0144012 -0.0841715 -78.6325 -0.0137657 0.999872 0.00812456 0.558579 0.0842777 -0.00693616 0.996418 21.8857 
0.996463 0.0146702 -0.0827451 -78.7048 -0.014687 0.999892 0.000404924 0.550215 0.082742 0.000811828 0.996571 22.6279 
0.996583 0.0150989 -0.0812047 -78.7846 -0.0154561 0.999873 -0.00377142 0.541381 0.0811375 0.00501368 0.99669 23.3731 
0.996711 0.0163259 -0.0793713 -78.8572 -0.0165202 0.999862 -0.00179344 0.523787 0.079331 0.00309882 0.996844 24.1331 
0.996836 0.0199831 -0.0769285 -78.9348 -0.0198757 0.9998 0.00216075 0.506393 0.0769563 -0.00062486 0.997034 24.8894 
0.996912 0.0229744 -0.0750959 -79.0114 -0.0225011 0.999721 0.00714129 0.494301 0.075239 -0.00542945 0.997151 25.6532 
0.997139 0.0201073 -0.0728715 -79.0763 -0.0194898 0.999768 0.00917408 0.484109 0.0730391 -0.00772753 0.997299 26.3971 
0.99727 0.0172338 -0.0718083 -79.1425 -0.0166212 0.99982 0.00911969 0.476288 0.0719525 -0.00790121 0.997377 27.1538 
0.997336 0.0157164 -0.071237 -79.1991 -0.0150983 0.999844 0.00920665 0.466647 0.0713705 -0.00810652 0.997417 27.8974 
0.997415 0.0148646 -0.0703056 -79.266 -0.0143818 0.999869 0.00736696 0.461574 0.0704059 -0.00633675 0.997498 28.6472 
0.997491 0.0128849 -0.0696061 -79.327 -0.012483 0.999903 0.00620478 0.452452 0.0696793 -0.00532028 0.997555 29.4026 
0.997533 0.0116999 -0.0692148 -79.3926 -0.011286 0.999916 0.00636732 0.446726 0.0692834 -0.00557041 0.997582 30.1636 
0.997566 0.0144817 -0.0682089 -79.471 -0.0140273 0.999876 0.00713578 0.442712 0.0683038 -0.00616159 0.997646 30.9341 
0.997571 0.0142608 -0.0681869 -79.5394 -0.0138674 0.999884 0.00623892 0.436853 0.068268 -0.00527815 0.997653 31.7057 
0.997465 0.0135818 -0.0698518 -79.6079 -0.0131874 0.999894 0.00610282 0.430118 0.0699273 -0.00516614 0.997539 32.4854 
0.99736 0.0115053 -0.0717034 -79.6762 -0.0110631 0.999917 0.0065597 0.425889 0.0717729 -0.00574908 0.997404 33.2693 
0.997118 0.0129932 -0.0747512 -79.7577 -0.0125789 0.999903 0.00600976 0.423638 0.074822 -0.0050521 0.997184 34.05 
0.996857 0.0160933 -0.0775701 -79.8424 -0.0156686 0.999859 0.00607979 0.40723 0.077657 -0.00484522 0.996968 34.8418 
0.996643 0.0168572 -0.0801166 -79.9269 -0.0168351 0.999858 0.000951138 0.403455 0.0801212 0.000400867 0.996785 35.6382 
0.996444 0.0171319 -0.0824992 -80.0139 -0.0174062 0.999845 -0.002607 0.394129 0.0824417 0.00403377 0.996588 36.4438 
0.996295 0.0162601 -0.0844537 -80.1017 -0.0166799 0.999852 -0.00426851 0.38526 0.0843718 0.00566142 0.996418 37.2561 
0.996086 0.016528 -0.0868263 -80.1865 -0.0168194 0.999855 -0.0026255 0.368324 0.0867703 0.00407563 0.99622 38.0775 
0.99592 0.0152546 -0.0889426 -80.2758 -0.0154705 0.999879 -0.00173927 0.355568 0.0889052 0.00310821 0.996035 38.907 
0.995774 0.0144189 -0.0907007 -80.3643 -0.0144948 0.999895 -0.000178423 0.3477 0.0906886 0.0014924 0.995878 39.74 
0.995665 0.0143661 -0.0918931 -80.4613 -0.0140819 0.999894 0.00373961 0.33484 0.091937 -0.00242932 0.995762 40.5819 
0.995574 0.0137301 -0.092977 -80.5527 -0.0130034 0.99988 0.00841716 0.326267 0.0930814 -0.00717084 0.995633 41.4333 
0.995658 0.0139656 -0.0920327 -80.6501 -0.0130377 0.999858 0.0106752 0.316157 0.0921687 -0.00942893 0.995699 42.2858 
0.995787 0.0167954 -0.0901414 -80.7462 -0.0158861 0.999816 0.0107961 0.310996 0.0903061 -0.00931863 0.99587 43.1425 
0.995963 0.0172016 -0.0881057 -80.8394 -0.0164292 0.99982 0.0094842 0.306803 0.088253 -0.00799836 0.996066 44.0065 
0.996132 0.0145132 -0.0866607 -80.9267 -0.0139121 0.999875 0.00753545 0.298278 0.0867591 -0.00630062 0.996209 44.8712 
0.996363 0.0105188 -0.0845599 -81.018 -0.0100579 0.999932 0.00587409 0.293656 0.0846159 -0.00500219 0.996401 45.7439 
0.996525 0.0095735 -0.0827462 -81.1031 -0.0091386 0.999942 0.00563242 0.286582 0.0827953 -0.00485661 0.996555 46.613 
0.99661 0.00730818 -0.0819473 -81.1906 -0.00665642 0.999944 0.0082232 0.275453 0.0820028 -0.0076498 0.996603 47.4879 
0.996711 0.00488266 -0.0808939 -81.2783 -0.00402343 0.999934 0.0107808 0.267171 0.0809412 -0.0104198 0.996664 48.3455 
0.996762 0.00456015 -0.08028 -81.3611 -0.00367385 0.999931 0.0111838 0.255346 0.0803254 -0.0108526 0.99671 49.2102 
0.996883 0.00564058 -0.0786934 -81.4594 -0.00503331 0.999956 0.00791259 0.246075 0.0787345 -0.00749179 0.996868 50.0716 
0.996904 0.00793397 -0.0782304 -81.5458 -0.00778873 0.999967 0.00216099 0.234592 0.078245 -0.00154494 0.996933 50.9358 
0.996982 0.0101869 -0.0769685 -81.6355 -0.0104803 0.999939 -0.00341033 0.221422 0.0769291 0.00420673 0.997028 51.7957 
0.996983 0.0142967 -0.0762908 -81.7226 -0.0150299 0.999846 -0.00904645 0.200328 0.0761497 0.0101658 0.997045 52.65 
0.997068 0.0144884 -0.0751398 -81.8054 -0.0152708 0.999835 -0.00984905 0.179388 0.0749847 0.0109677 0.997124 53.4968 
0.997111 0.0115309 -0.0750826 -81.879 -0.0118698 0.999921 -0.00406919 0.167262 0.0750297 0.00494869 0.997169 54.3519 
0.997064 0.0107004 -0.0758283 -81.9574 -0.0103461 0.999934 0.00506358 0.149981 0.0758774 -0.00426414 0.997108 55.2088 
0.996965 0.00976253 -0.0772361 -82.0372 -0.00878332 0.999877 0.0130072 0.131481 0.0773535 -0.0122893 0.996928 56.0709 
0.996802 0.0076538 -0.0795404 -82.1204 -0.00682621 0.99992 0.0106709 0.125054 0.0796157 -0.0100938 0.996775 56.9073 
0.996692 0.00212659 -0.0812428 -82.2021 -0.00154992 0.999973 0.00716004 0.118493 0.0812558 -0.00701039 0.996669 57.7393 
0.996483 0.00102532 -0.0837927 -82.2857 -0.00053466 0.999983 0.00587737 0.107057 0.0837972 -0.00581185 0.996466 58.5728 
0.996241 0.00298654 -0.0865719 -82.3769 -0.00268778 0.99999 0.00356685 0.0925192 0.0865816 -0.00332071 0.996239 59.3954 
0.995947 0.00479091 -0.0898135 -82.4708 -0.00479778 0.999989 0.000138987 0.0794649 0.0898131 0.000292526 0.995959 60.2074 
0.99558 0.00535377 -0.0937633 -82.5637 -0.00569 0.999978 -0.00331941 0.0643972 0.0937435 0.00383829 0.995589 61.0236 
0.995255 0.00752601 -0.0970069 -82.6603 -0.00823581 0.999942 -0.00691911 0.0426557 0.0969492 0.00768526 0.99526 61.8301 
0.99492 0.012047 -0.0999466 -82.7693 -0.0128073 0.999894 -0.0069691 0.0210116 0.0998519 0.00821378 0.994968 62.6373 
0.994536 0.01549 -0.103243 -82.878 -0.0161297 0.999856 -0.00536378 0.00681768 0.103145 0.00699979 0.994642 63.4455 
0.994055 0.0184857 -0.107299 -82.9872 -0.0185146 0.999828 0.000726989 -0.0133479 0.107294 0.00126396 0.994227 64.2348 
0.993596 0.0196405 -0.111268 -83.099 -0.0190929 0.9998 0.00598424 -0.024814 0.111363 -0.00382145 0.993772 65.0313 
0.993012 0.0186936 -0.116522 -83.2066 -0.0176895 0.999797 0.00964575 -0.0346777 0.116679 -0.00751709 0.993141 65.8284 
0.99227 0.0186269 -0.122688 -83.3236 -0.0174515 0.999791 0.0106483 -0.0409794 0.122861 -0.00842483 0.992388 66.6118 
0.991558 0.0165523 -0.128602 -83.4386 -0.014868 0.999791 0.0140458 -0.0442734 0.128808 -0.0120151 0.991597 67.3983 
0.990702 0.0171376 -0.134968 -83.5591 -0.0154158 0.999786 0.0137919 -0.0511512 0.135176 -0.011583 0.990754 68.1709 
0.989776 0.0226553 -0.140818 -83.6978 -0.0210935 0.999698 0.0125733 -0.0524084 0.14106 -0.00947436 0.989956 68.9195 
0.98888 0.0246873 -0.14665 -83.8393 -0.0236273 0.999681 0.00896571 -0.0588715 0.146825 -0.00540102 0.989148 69.6904 
0.988003 0.023255 -0.152675 -83.9734 -0.0225914 0.999726 0.00607963 -0.0631446 0.152775 -0.0025575 0.988258 70.4541 
0.987095 0.0242635 -0.158289 -84.1118 -0.0238077 0.999705 0.00477512 -0.0724572 0.158358 -0.000944961 0.987381 71.2193 
0.986258 0.0263425 -0.163098 -84.2562 -0.0250973 0.999638 0.00969042 -0.0758676 0.163294 -0.00546389 0.986562 71.9929 
0.985261 0.0271125 -0.168895 -84.4092 -0.0251516 0.999589 0.0137387 -0.0789971 0.169198 -0.00928822 0.985538 72.7461 
0.984182 0.0267309 -0.175133 -84.5592 -0.0243068 0.999577 0.015972 -0.0860798 0.175486 -0.0114624 0.984415 73.5074 
0.98299 0.0241443 -0.182066 -84.7156 -0.0223263 0.999678 0.0120287 -0.089847 0.182297 -0.00775924 0.983213 74.2528 
0.981421 0.0219063 -0.190613 -84.873 -0.0213905 0.99976 0.00476291 -0.089463 0.190672 -0.000597059 0.981654 74.9897 
0.979703 0.0197591 -0.199479 -85.0418 -0.0195386 0.999804 0.00307373 -0.0984433 0.1995 0.000886248 0.979897 75.7243 
0.977489 0.0193737 -0.210094 -85.2217 -0.0185555 0.999811 0.00586468 -0.105758 0.210167 -0.00183422 0.977664 76.4672 
0.975034 0.0197019 -0.221182 -85.4079 -0.0175061 0.999776 0.0118834 -0.106797 0.221367 -0.00771465 0.97516 77.2021 
0.97233 0.0213225 -0.232635 -85.6118 -0.0173078 0.999664 0.0192851 -0.106368 0.232968 -0.014725 0.972373 77.936 
0.969626 0.0220253 -0.243599 -85.8182 -0.017027 0.9996 0.0226053 -0.109021 0.243999 -0.0177709 0.969613 78.6579 
0.966688 0.0254056 -0.254696 -86.0369 -0.0215907 0.999609 0.0177629 -0.109019 0.255047 -0.0116721 0.966858 79.3707 
0.963518 0.0247431 -0.266496 -86.2573 -0.0232535 0.999691 0.0087438 -0.112778 0.266631 -0.00222778 0.963796 80.0659 
0.960148 0.0220857 -0.278619 -86.4858 -0.0218997 0.999753 0.00378054 -0.111148 0.278634 0.00247184 0.960394 80.7663 
0.956644 0.020911 -0.290509 -86.7246 -0.0192582 0.999778 0.0085474 -0.112348 0.290624 -0.00258208 0.956834 81.4659 
0.953032 0.0222194 -0.302055 -86.9707 -0.0182429 0.999706 0.0159799 -0.118219 0.302321 -0.0097189 0.953157 82.1884 
0.949134 0.0221741 -0.314091 -87.2266 -0.0162806 0.999639 0.0213749 -0.120955 0.314452 -0.015174 0.949152 82.8975 
0.94489 0.0195761 -0.326803 -87.4859 -0.0140659 0.999716 0.0192159 -0.117845 0.327086 -0.0135601 0.944897 83.6027 
0.941083 0.0178823 -0.337703 -87.7607 -0.0136574 0.999796 0.0148825 -0.1205 0.337901 -0.00939351 0.941135 84.3016 
0.937887 0.0132726 -0.346688 -88.0412 -0.0112312 0.999906 0.00789701 -0.124817 0.34676 -0.00351274 0.937947 85.0054 
0.935043 0.0092527 -0.354414 -88.3238 -0.00913436 0.999956 0.00200681 -0.129031 0.354417 0.00136093 0.935087 85.703 
0.932186 0.00884863 -0.361871 -88.6121 -0.00948791 0.999955 1.02081e-05 -0.137104 0.361854 0.00342393 0.932228 86.4048 
0.929067 0.0137432 -0.369657 -88.916 -0.0149281 0.999889 -0.000345098 -0.146719 0.369611 0.00583893 0.929168 87.0992 
0.925965 0.0135621 -0.377366 -89.2213 -0.0137923 0.999903 0.00209232 -0.158431 0.377358 0.00326739 0.926062 87.7951 
0.92258 0.014482 -0.385535 -89.5279 -0.0121175 0.99989 0.00856214 -0.16108 0.385616 -0.0032275 0.922654 88.5027 
0.91963 0.0163093 -0.392447 -89.8444 -0.010574 0.999803 0.0167715 -0.163973 0.392644 -0.0112738 0.919622 89.21 
0.917066 0.0260817 -0.397883 -90.1811 -0.0181403 0.999554 0.023711 -0.173017 0.398324 -0.0145268 0.91713 89.9021 
0.914334 0.0325088 -0.403654 -90.5173 -0.0264526 0.999438 0.0205721 -0.173898 0.404096 -0.00813205 0.914681 90.5902 
0.912051 0.0289005 -0.409057 -90.8509 -0.0260417 0.999582 0.0125582 -0.165461 0.409249 -0.0008011 0.912422 91.2727 
0.909998 0.0213372 -0.414063 -91.1749 -0.0210908 0.999764 0.00516736 -0.167038 0.414076 0.00403067 0.910234 91.9644 
0.908176 0.0219067 -0.418015 -91.5087 -0.0219787 0.999748 0.0046425 -0.173835 0.418011 0.00497125 0.908428 92.6549 
0.906073 0.0283982 -0.422167 -91.8663 -0.0267522 0.999594 0.00982356 -0.181637 0.422275 0.00239311 0.906465 93.3448 
0.903585 0.0307363 -0.427304 -92.2219 -0.0272231 0.999527 0.0143303 -0.189159 0.427542 -0.00131609 0.903994 94.0455 
0.901271 0.0272479 -0.432399 -92.5651 -0.0242267 0.999628 0.0124953 -0.198082 0.432579 -0.000785994 0.901596 94.7306 
0.898789 0.0253595 -0.437648 -92.9154 -0.0252967 0.999662 0.00597407 -0.203291 0.437652 0.00570167 0.899127 95.4166 
0.896588 0.0226066 -0.442288 -93.2739 -0.0254985 0.999675 -0.000593303 -0.207435 0.442131 0.0118097 0.896873 96.0974 
0.894247 0.0237497 -0.446944 -93.6382 -0.0273253 0.999625 -0.00155445 -0.220234 0.446739 0.013603 0.894561 96.7794 
0.892096 0.026368 -0.451076 -94.0049 -0.0282382 0.999598 0.00258538 -0.232056 0.450963 0.0104312 0.892482 97.4685 
0.889941 0.0280734 -0.45521 -94.3747 -0.0289549 0.999568 0.00503748 -0.246449 0.455155 0.00869752 0.89037 98.1519 
0.887551 0.0292418 -0.45978 -94.7482 -0.0298792 0.999536 0.00589189 -0.257406 0.459739 0.00850853 0.888013 98.8326 
0.88512 0.0272705 -0.464563 -95.1156 -0.0281468 0.999591 0.00505005 -0.265744 0.46451 0.00860609 0.885526 99.5094 
0.882989 0.025374 -0.468708 -95.4871 -0.0263069 0.999644 0.00455787 -0.276225 0.468657 0.00830575 0.883341 100.181 
0.880825 0.0249646 -0.472783 -95.865 -0.0256031 0.999659 0.00508508 -0.283872 0.472749 0.00762571 0.881164 100.847 
0.878503 0.0261737 -0.47702 -96.2453 -0.0267231 0.999627 0.00563418 -0.294089 0.476989 0.00779784 0.878875 101.503 
0.876077 0.0267454 -0.481429 -96.6232 -0.0271858 0.999612 0.00606136 -0.308402 0.481404 0.00777785 0.876464 102.162 
0.873601 0.0238858 -0.486056 -97.0002 -0.0263301 0.999652 0.00180108 -0.317467 0.485929 0.0112245 0.873926 102.813 
0.871413 0.020578 -0.490118 -97.3791 -0.0250807 0.999682 -0.0026201 -0.331905 0.489908 0.0145757 0.871652 103.454 
0.869357 0.0187931 -0.493827 -97.7584 -0.0245181 0.999686 -0.00511888 -0.344174 0.493576 0.0165579 0.869545 104.087 
0.867495 0.0206823 -0.497016 -98.1387 -0.0246702 0.999695 -0.00145932 -0.35243 0.496834 0.0135275 0.86774 104.717 
0.865561 0.0248915 -0.500184 -98.5231 -0.0246118 0.999671 0.00715792 -0.361365 0.500198 0.00611487 0.86589 105.35 
0.864215 0.0270214 -0.502397 -98.9036 -0.0215242 0.999628 0.0167394 -0.372705 0.502663 -0.00365267 0.864475 105.977 
0.862489 0.0266795 -0.505373 -99.2734 -0.0185116 0.999604 0.0211782 -0.375311 0.505738 -0.00891068 0.862641 106.595 
0.86081 0.0236288 -0.508377 -99.6359 -0.0155334 0.999676 0.0201618 -0.36903 0.508689 -0.00945864 0.860899 107.191 
0.859211 0.0217041 -0.511161 -100.001 -0.0151876 0.999742 0.0169206 -0.374466 0.511396 -0.00677501 0.859319 107.765 
0.857431 0.0199482 -0.514212 -100.352 -0.0148458 0.999791 0.0140306 -0.374584 0.514384 -0.00439636 0.857549 108.327 
0.855865 0.0181653 -0.51688 -100.695 -0.0135558 0.999828 0.0126918 -0.375683 0.517022 -0.00385568 0.855964 108.875 
0.854592 0.016366 -0.519041 -101.033 -0.01171 0.999856 0.0122463 -0.378174 0.519167 -0.00438756 0.854661 109.409 
0.853293 0.0168586 -0.52116 -101.364 -0.0117491 0.999845 0.0131064 -0.382219 0.5213 -0.00506043 0.853358 109.917 
0.852081 0.0167348 -0.523143 -101.684 -0.0106756 0.999837 0.0145956 -0.388659 0.523302 -0.00685168 0.85212 110.413 
0.850628 0.0150697 -0.525551 -101.991 -0.00835816 0.99985 0.0151417 -0.392122 0.525701 -0.00848726 0.850627 110.894 
0.849399 0.0135828 -0.527576 -102.287 -0.00671099 0.999866 0.0149374 -0.392436 0.527708 -0.00914721 0.849376 111.353 
0.848169 0.0125031 -0.529578 -102.57 -0.00590918 0.999883 0.0141426 -0.399893 0.529693 -0.00886586 0.848143 111.788 
0.846735 0.0120894 -0.531878 -102.846 -0.00766441 0.999915 0.0105262 -0.404331 0.53196 -0.00483633 0.846755 112.21 
0.845405 0.00980829 -0.534036 -103.115 -0.00751933 0.999951 0.00646193 -0.409327 0.534073 -0.0014473 0.845437 112.594 
0.84316 0.00552372 -0.537635 -103.368 -0.00397662 0.999984 0.00403745 -0.409132 0.537648 -0.0012662 0.843168 112.981 
0.840175 0.00125282 -0.542314 -103.603 0.00105079 0.999992 0.003938 -0.405673 0.542314 -0.00387842 0.840167 113.356 
0.836611 0.00173658 -0.547795 -103.841 0.00124707 0.999986 0.0050746 -0.405056 0.547796 -0.00492855 0.836597 113.703 
0.832942 0.00575107 -0.553331 -104.08 -0.00221015 0.999973 0.00706622 -0.414261 0.553356 -0.00466276 0.832932 114.028 
0.829142 0.0113026 -0.558924 -104.307 -0.0060199 0.999918 0.0112901 -0.415404 0.559006 -0.00599641 0.829142 114.343 
0.824892 0.0163406 -0.565054 -104.522 -0.00756102 0.999812 0.0178752 -0.416453 0.565239 -0.0104727 0.824861 114.645 
0.819764 0.0185443 -0.572402 -104.716 -0.0069801 0.999725 0.0223919 -0.423777 0.57266 -0.0143606 0.819668 114.921 
0.814269 0.015546 -0.580279 -104.913 -0.00245496 0.999725 0.0233383 -0.42069 0.580482 -0.017579 0.814083 115.187 
0.807273 0.0133477 -0.590027 -105.102 0.00103315 0.999711 0.0240291 -0.420544 0.590177 -0.0200076 0.807026 115.433 
0.798615 0.011684 -0.601729 -105.287 0.00402488 0.999686 0.0247531 -0.415217 0.601829 -0.02219 0.798317 115.659 
0.788154 0.0122761 -0.615356 -105.464 0.0045833 0.999656 0.025813 -0.418737 0.615461 -0.0231649 0.787827 115.867 
0.775909 0.0136778 -0.630697 -105.642 0.00283591 0.999679 0.0251686 -0.41926 0.630839 -0.0213171 0.775621 116.053 
0.761692 0.0121294 -0.647825 -105.811 0.00290903 0.999751 0.0221389 -0.417683 0.647932 -0.0187475 0.761467 116.226 
0.746826 0.00990082 -0.664946 -105.981 0.00167939 0.999858 0.0167737 -0.417804 0.665017 -0.0136437 0.746704 116.388 
0.731517 0.00610879 -0.681796 -106.14 0.00233147 0.999932 0.0114607 -0.419469 0.681819 -0.00997323 0.731453 116.537 
0.716226 0.00572707 -0.697845 -106.315 -0.00181437 0.999978 0.00634442 -0.40569 0.697866 -0.00327784 0.716221 116.676 
0.700235 0.00923382 -0.713852 -106.485 -0.00907808 0.999951 0.00402961 -0.404314 0.713854 0.00365878 0.700285 116.806 
0.68294 0.0109066 -0.730393 -106.662 -0.0117271 0.999923 0.00396608 -0.401294 0.730381 0.00585685 0.683015 116.935 
0.663908 0.00938424 -0.747755 -106.832 -0.00886329 0.99995 0.00467979 -0.394108 0.747762 0.00352067 0.663958 117.072 
0.643617 0.00865886 -0.765299 -107.011 -0.00582633 0.999962 0.00641396 -0.395529 0.765326 0.000330805 0.643643 117.201 
0.621239 0.0103863 -0.783552 -107.193 -0.00585584 0.999946 0.00861186 -0.392981 0.783599 -0.000761611 0.621266 117.319 
0.596877 0.0149839 -0.802193 -107.387 -0.00941313 0.999888 0.0116727 -0.392774 0.802277 0.000584056 0.596951 117.43 
0.571932 0.0192242 -0.820076 -107.581 -0.0118859 0.999815 0.0151482 -0.390471 0.820215 0.00108368 0.572055 117.534 
0.54646 0.0215394 -0.837208 -107.785 -0.0134239 0.999766 0.0169597 -0.382335 0.837377 0.00197083 0.546622 117.628 
0.520412 0.0239619 -0.853579 -107.988 -0.0163043 0.999703 0.0181235 -0.373857 0.853759 0.00448534 0.520648 117.715 
0.49335 0.028444 -0.869366 -108.193 -0.0204037 0.999569 0.0211253 -0.376711 0.869592 0.00731615 0.493718 117.796 
0.46606 0.0313426 -0.884198 -108.406 -0.0226629 0.999467 0.023483 -0.375617 0.884463 0.00909402 0.466522 117.861 
0.436032 0.0311466 -0.899392 -108.617 -0.0216046 0.999475 0.0241385 -0.38097 0.899672 0.00890588 0.436476 117.932 
0.403464 0.0278064 -0.914573 -108.844 -0.021584 0.999549 0.0208682 -0.377067 0.914741 0.0113207 0.403882 118.003 
0.368998 0.0234023 -0.929136 -109.092 -0.0209943 0.999638 0.0168403 -0.371156 0.929193 0.0132925 0.369355 118.063 
0.330024 0.0207594 -0.943744 -109.357 -0.0211122 0.99967 0.0146067 -0.359549 0.943736 0.015104 0.330354 118.117 
0.28799 0.0191398 -0.957442 -109.645 -0.0206176 0.999692 0.0137828 -0.346249 0.957412 0.0157709 0.288296 118.174 
0.24448 0.0173533 -0.969499 -109.95 -0.0199661 0.999718 0.0128593 -0.338733 0.969449 0.0162133 0.244758 118.212 
0.197082 0.0148312 -0.980275 -110.263 -0.0185944 0.999762 0.0113877 -0.333726 0.980211 0.0159834 0.197311 118.239 
0.148307 0.0124863 -0.988863 -110.595 -0.0185204 0.99978 0.00984651 -0.323 0.988768 0.0168539 0.148506 118.243 
0.0983626 0.0122698 -0.995075 -110.942 -0.0176542 0.999788 0.0105828 -0.319365 0.994994 0.0165263 0.0985584 118.232 
0.04634 0.014296 -0.998823 -111.307 -0.0161454 0.999778 0.0135606 -0.323149 0.998795 0.015498 0.0465605 118.204 
-0.0065769 0.0165395 -0.999842 -111.677 -0.0131694 0.999775 0.016625 -0.315583 0.999892 0.0132767 -0.0063576 118.158 
-0.060313 0.0181172 -0.998015 -112.063 -0.00970933 0.999777 0.018736 -0.30479 0.998132 0.0108201 -0.0601237 118.1 
-0.113145 0.0203313 -0.99337 -112.448 -0.00533234 0.999764 0.0210695 -0.304583 0.993564 0.00768094 -0.11301 118.005 
-0.166121 0.0223685 -0.985852 -112.855 -0.00222533 0.999732 0.0230584 -0.300468 0.986103 0.00602437 -0.166026 117.897 
-0.217316 0.0235639 -0.975817 -113.263 -0.000535355 0.999706 0.02426 -0.288069 0.976101 0.00579451 -0.217239 117.761 
-0.266997 0.0244976 -0.963386 -113.693 0.00244598 0.999691 0.0247429 -0.274323 0.963694 0.00424989 -0.266974 117.604 
-0.31521 0.0262014 -0.94866 -114.124 0.00756728 0.999656 0.0250955 -0.266804 0.948992 0.00073162 -0.3153 117.425 
-0.361883 0.0279925 -0.931803 -114.561 0.0127603 0.999604 0.0250736 -0.259063 0.932136 -0.00281634 -0.362097 117.222 
-0.405852 0.0297439 -0.913455 -115.006 0.017374 0.999541 0.0248277 -0.247598 0.913774 -0.005794 -0.406182 116.984 
