1 2.12261e-08 -2.11895e-08 -3.25608e-15 2.12261e-08 1 2.10703e-08 -6.66134e-16 -2.11895e-08 2.10703e-08 1 -1.9984e-14 
0.999997 0.00248546 0.000155267 -0.019684 -0.00248563 0.999996 0.00136457 -0.0135495 -0.000151918 -0.00136491 0.999999 0.787699 
0.999987 0.00511509 -2.33209e-05 -0.0320211 -0.005115 0.999985 0.00182704 -0.030098 3.26235e-05 -0.00182685 0.999998 1.5566 
0.999982 0.00602781 0.000483505 -0.0524554 -0.00602856 0.999981 0.00165496 -0.0493089 -0.000473563 -0.0016578 0.999999 2.29324 
0.999966 0.00818998 0.000625124 -0.0738517 -0.00819082 0.999965 0.00142963 -0.0688492 -0.000613436 -0.00143466 0.999999 3.00783 
0.999969 0.00789361 0.000674631 -0.0805772 -0.00789438 0.999968 0.00121725 -0.0795411 -0.000665043 -0.0012225 0.999999 3.73485 
0.999967 0.00812797 0.000425132 -0.0846373 -0.00812886 0.999965 0.00223602 -0.0949866 -0.000406985 -0.00223936 0.999997 4.43331 
0.999961 0.00876849 0.000900045 -0.0950354 -0.00877295 0.999948 0.00513302 -0.107769 -0.000855032 -0.00514068 0.999986 5.13525 
0.999961 0.00857109 0.00191926 -0.101 -0.0085885 0.99992 0.00927618 -0.118182 -0.00183965 -0.00929227 0.999955 5.80017 
0.999964 0.00779506 0.00335927 -0.11206 -0.00783737 0.999888 0.012784 -0.129133 -0.00325928 -0.0128098 0.999913 6.45078 
0.999969 0.00667241 0.00407019 -0.113531 -0.00673321 0.999863 0.0151217 -0.1404 -0.00396878 -0.0151486 0.999877 7.06925 
0.999958 0.00735898 0.00553639 -0.127259 -0.00743953 0.999865 0.0146804 -0.144216 -0.00542765 -0.014721 0.999877 7.65999 
0.999945 0.00829583 0.00648739 -0.130636 -0.00837437 0.999891 0.0121802 -0.153622 -0.00638568 -0.0122338 0.999905 8.21797 
0.999936 0.00861783 0.00739193 -0.137854 -0.008688 0.999917 0.00951943 -0.16043 -0.00730932 -0.009583 0.999927 8.74821 
0.999938 0.00681719 0.00877432 -0.134313 -0.00688706 0.999945 0.00796231 -0.164814 -0.0087196 -0.00802221 0.99993 9.2557 
0.999939 0.00326667 0.0105101 -0.129781 -0.00332543 0.999979 0.00558261 -0.169384 -0.0104916 -0.00561718 0.999929 9.7329 
0.999923 0.00160174 0.0123135 -0.125756 -0.00165733 0.999989 0.00450927 -0.178049 -0.0123061 -0.00452929 0.999914 10.1741 
0.99988 0.00573268 0.0143852 -0.129969 -0.0057677 0.999981 0.00239718 -0.185919 -0.0143712 -0.00247982 0.999894 10.5917 
0.999803 0.00990925 0.0172201 -0.127308 -0.00993945 0.999949 0.00167154 -0.195673 -0.0172027 -0.00184232 0.99985 10.9849 
0.999732 0.0104236 0.0206903 -0.130237 -0.0104819 0.999941 0.00271485 -0.203282 -0.0206608 -0.00293095 0.999782 11.3365 
0.999698 0.0062192 0.0237927 -0.118932 -0.0062959 0.999975 0.00315184 -0.207149 -0.0237726 -0.00330064 0.999712 11.6667 
0.999659 0.00142127 0.0260813 -0.103904 -0.00149969 0.999994 0.00298889 -0.210208 -0.026077 -0.00302694 0.999655 11.9628 
0.999589 -0.00242891 0.0285818 -0.092725 0.00230369 0.999988 0.00441475 -0.21838 -0.0285922 -0.00434705 0.999582 12.2218 
0.999497 -0.00263498 0.0316202 -0.0935947 0.00247054 0.999983 0.00523956 -0.221418 -0.0316335 -0.00515877 0.999486 12.452 
0.999428 -0.00194218 0.0337742 -0.091118 0.00179494 0.999989 0.00439066 -0.227594 -0.0337824 -0.00432749 0.99942 12.6535 
0.999352 -0.000699686 0.0359846 -0.088258 0.00059616 0.999996 0.00288878 -0.230132 -0.0359865 -0.00286541 0.999348 12.8398 
0.999259 0.00159436 0.0384639 -0.0849101 -0.00167434 0.999997 0.00204845 -0.234471 -0.0384605 -0.00211129 0.999258 13.0161 
0.999184 0.00419888 0.0401723 -0.0847402 -0.00426574 0.99999 0.00157981 -0.243836 -0.0401653 -0.00174985 0.999192 13.1752 
0.999119 0.00565829 0.0415803 -0.0831858 -0.00567289 0.999984 0.000234234 -0.250208 -0.0415783 -0.000469867 0.999135 13.3276 
0.999036 0.00454291 0.0436709 -0.0791805 -0.00448676 0.999989 -0.00138274 -0.256455 -0.0436768 0.00118551 0.999045 13.4787 
0.998978 0.00303229 0.0451092 -0.0696542 -0.00290215 0.999991 -0.00294928 -0.259099 -0.0451178 0.0028154 0.998978 13.6238 
0.998931 0.00250945 0.0461657 -0.0593437 -0.00232676 0.999989 -0.00400948 -0.260309 -0.0461753 0.00389782 0.998926 13.7675 
0.998857 0.00339252 0.0476728 -0.0533725 -0.00313547 0.99998 -0.00546474 -0.262868 -0.0476904 0.00530906 0.998848 13.9015 
0.998783 0.00457958 0.0491029 -0.0507842 -0.00420745 0.999962 -0.00767849 -0.263615 -0.0491363 0.00746259 0.998764 14.0282 
0.998744 0.00454557 0.0499004 -0.0443417 -0.00406867 0.999945 -0.00965367 -0.270488 -0.0499416 0.00943855 0.998708 14.1515 
0.998718 0.00369006 0.0504765 -0.0373228 -0.00309811 0.999926 -0.0117997 -0.274517 -0.0505164 0.0116282 0.998656 14.277 
0.998753 0.00255187 0.0498634 -0.0299614 -0.00188014 0.999907 -0.0135128 -0.280621 -0.0498933 0.0134023 0.998665 14.4032 
0.99885 0.00239333 0.0478844 -0.0250067 -0.00167989 0.999887 -0.0149329 -0.279815 -0.0479148 0.0148353 0.998741 14.5338 
0.998994 0.00214751 0.0448026 -0.0222555 -0.00144511 0.999876 -0.0157033 -0.286568 -0.0448308 0.0156228 0.998872 14.6635 
0.999166 0.00292272 0.040728 -0.0231185 -0.00224044 0.999857 -0.0167867 -0.289754 -0.0407713 0.0166815 0.999029 14.7964 
0.999387 0.00348748 0.0348237 -0.0256649 -0.00285976 0.999833 -0.0180579 -0.28897 -0.0348809 0.0179473 0.99923 14.9236 
0.999602 0.00295973 0.0280712 -0.0309775 -0.00243872 0.999825 -0.0185749 -0.295165 -0.0281213 0.0184991 0.999433 15.0538 
0.999781 0.00265273 0.0207547 -0.031714 -0.00225436 0.999813 -0.0191923 -0.299282 -0.0208017 0.0191414 0.9996 15.1866 
0.999915 0.0025018 0.0127725 -0.0439372 -0.00224477 0.999796 -0.0200952 -0.303752 -0.0128202 0.0200648 0.999717 15.3141 
0.999996 0.00103364 0.00249641 -0.0468539 -0.000980314 0.999774 -0.0212522 -0.307538 -0.00251786 0.0212497 0.999771 15.4611 
0.999942 -0.000282295 -0.0107668 -0.0556322 3.5354e-05 0.999737 -0.0229327 -0.308842 0.0107704 0.022931 0.999679 15.61 
0.999631 -0.000963089 -0.0271524 -0.0750148 0.00029233 0.999695 -0.0246982 -0.313895 0.0271678 0.0246812 0.999326 15.77 
0.998938 -0.000517584 -0.0460694 -0.113439 -0.000660236 0.999673 -0.0255482 -0.318529 0.0460675 0.0255516 0.998612 15.9478 
0.997667 1.69466e-08 -0.0682665 -0.142683 -0.00173734 0.999676 -0.0253904 -0.320579 0.0682443 0.0254498 0.997344 16.1496 
0.995732 0.000897328 -0.0922854 -0.181954 -0.00312688 0.999707 -0.0240181 -0.324247 0.0922367 0.0242042 0.995443 16.3655 
0.992895 0.0016999 -0.118979 -0.241607 -0.00441084 0.999737 -0.0225257 -0.331439 0.11891 0.0228905 0.992641 16.5998 
0.988804 0.00279623 -0.149191 -0.311956 -0.00589772 0.999776 -0.0203506 -0.337162 0.149101 0.0210027 0.988599 16.8529 
0.983239 0.00262798 -0.182302 -0.40002 -0.00585791 0.999835 -0.0171815 -0.340405 0.182227 0.0179614 0.983092 17.1136 
0.975652 0.0037564 -0.219292 -0.497316 -0.00681461 0.99989 -0.0131913 -0.345414 0.219218 0.0143645 0.97557 17.3834 
0.965854 0.00530818 -0.259031 -0.62152 -0.00762281 0.99994 -0.00793226 -0.347196 0.258973 0.009636 0.965836 17.6804 
0.953637 0.00942173 -0.300811 -0.751129 -0.0108751 0.999936 -0.00315762 -0.349794 0.300762 0.00628264 0.953678 17.976 
0.939103 0.012522 -0.343409 -0.903001 -0.0129497 0.999916 0.00104795 -0.350148 0.343393 0.00346293 0.939186 18.276 
0.921794 0.0150737 -0.387388 -1.06202 -0.0134862 0.999886 0.006816 -0.356231 0.387446 -0.0010585 0.921892 18.5804 
0.901854 0.0184007 -0.431649 -1.24577 -0.0134354 0.999804 0.0145496 -0.359262 0.431832 -0.00732221 0.901924 18.8908 
0.879263 0.0224168 -0.47581 -1.45387 -0.0142299 0.999682 0.020802 -0.355308 0.476125 -0.0115197 0.879302 19.2015 
0.853464 0.0274402 -0.520429 -1.67004 -0.0166535 0.999539 0.0253912 -0.352228 0.520886 -0.0130034 0.853528 19.498 
0.824391 0.0301134 -0.565219 -1.90948 -0.0171945 0.999455 0.0281696 -0.342131 0.565759 -0.0135041 0.82446 19.7944 
0.792639 0.0337548 -0.608756 -2.1827 -0.0196088 0.999361 0.0298815 -0.33921 0.609375 -0.0117482 0.792795 20.0832 
0.757795 0.0360016 -0.651499 -2.47168 -0.0196165 0.999282 0.0324029 -0.328165 0.652198 -0.0117746 0.757957 20.3715 
0.719739 0.0394703 -0.693122 -2.78904 -0.020279 0.999152 0.0358397 -0.311305 0.693949 -0.0117394 0.719928 20.6534 
0.679638 0.0408089 -0.732412 -3.14119 -0.0180435 0.999079 0.0389238 -0.298984 0.733326 -0.0132388 0.679749 20.9356 
0.637808 0.0407269 -0.769118 -3.51684 -0.0154364 0.999076 0.0401029 -0.286245 0.770041 -0.0137055 0.637847 21.2045 
0.594236 0.0395333 -0.803319 -3.91947 -0.0100717 0.999079 0.0417169 -0.269009 0.804228 -0.0166989 0.594087 21.4652 
0.548612 0.039734 -0.835133 -4.34065 -0.00513153 0.999011 0.04416 -0.254779 0.836062 -0.0199411 0.548273 21.7068 
0.50164 0.0411455 -0.864098 -4.79471 -0.00350284 0.998957 0.0455335 -0.235141 0.86507 -0.0198146 0.50126 21.9188 
0.451682 0.0405048 -0.891259 -5.26675 -0.00254597 0.999023 0.0441121 -0.210789 0.892175 -0.0176555 0.451344 22.1067 
0.399002 0.0395151 -0.916098 -5.75948 0.0024012 0.999023 0.0441378 -0.19231 0.916947 -0.0198108 0.398518 22.2789 
0.345075 0.0387894 -0.937773 -6.28347 0.00762608 0.998997 0.044128 -0.173679 0.938544 -0.0223789 0.344433 22.4329 
0.290591 0.0375403 -0.956111 -6.83058 0.0103271 0.999049 0.0423649 -0.145674 0.956792 -0.0221846 0.289927 22.5611 
0.236658 0.0433856 -0.970624 -7.41019 0.0110432 0.998818 0.0473384 -0.11903 0.97153 -0.0219217 0.235899 22.6632 
0.184908 0.0484507 -0.981561 -8.00974 0.0137638 0.998558 0.0518825 -0.0931319 0.98266 -0.0231035 0.183974 22.7344 
0.13653 0.0495786 -0.989395 -8.62722 0.0187801 0.998438 0.0526233 -0.0656338 0.990458 -0.0257656 0.135386 22.7866 
0.0922546 0.0512204 -0.994417 -9.26073 0.0211607 0.99835 0.0533861 -0.0484502 0.995511 -0.0259676 0.0910185 22.8098 
0.0518978 0.0492494 -0.997437 -9.90953 0.0208088 0.998513 0.0503853 -0.018387 0.998436 -0.0233703 0.0507959 22.8078 
0.0164111 0.0447206 -0.998865 -10.573 0.01808 0.998823 0.0450157 0.0159984 0.999702 -0.0187982 0.0155832 22.781 
-0.0120826 0.0445142 -0.998936 -11.262 0.0156627 0.998895 0.0443229 0.0514794 0.999804 -0.0151105 -0.0127665 22.7411 
-0.0330659 0.0488397 -0.998259 -11.9661 0.0144041 0.998725 0.0483854 0.0773061 0.999349 -0.0127791 -0.0337272 22.6897 
-0.0459415 0.0545973 -0.997451 -12.7042 0.0159486 0.998418 0.0539157 0.108455 0.998817 -0.013431 -0.0467396 22.6345 
-0.0540754 0.0573126 -0.996891 -13.4586 0.0155917 0.998278 0.0565466 0.141705 0.998415 -0.0124854 -0.0548759 22.5762 
-0.0577953 0.0546237 -0.996833 -14.2174 0.0170018 0.998411 0.0537244 0.171417 0.998184 -0.0138429 -0.0586322 22.5117 
-0.0568991 0.0509735 -0.997078 -14.9928 0.0244413 0.998468 0.0496498 0.204348 0.998081 -0.0215449 -0.0580578 22.4569 
-0.0526143 0.049788 -0.997373 -15.7925 0.0362302 0.998194 0.0479177 0.24194 0.997958 -0.0336138 -0.0543231 22.4153 
-0.0472001 0.0497783 -0.997644 -16.623 0.0366251 0.998172 0.0480719 0.278031 0.998214 -0.0342698 -0.0489369 22.3663 
-0.0418325 0.048207 -0.997961 -17.4865 0.0347227 0.998302 0.0467679 0.308744 0.998521 -0.0326954 -0.0434354 22.3107 
-0.0388659 0.041957 -0.998363 -18.3457 0.0380208 0.998457 0.0404808 0.344029 0.998521 -0.0363852 -0.0404012 22.2762 
-0.0368682 0.0312789 -0.998831 -19.2117 0.0360374 0.998902 0.029951 0.367571 0.99867 -0.034891 -0.0379549 22.2317 
-0.0362115 0.0228607 -0.999083 -20.1085 0.0284968 0.999355 0.0218341 0.386357 0.998938 -0.02768 -0.0368396 22.1669 
-0.0378539 0.0200152 -0.999083 -21.0362 0.0229027 0.999554 0.0191569 0.404661 0.999021 -0.0221565 -0.0382955 22.1129 
-0.0415028 0.0257868 -0.998806 -21.9819 0.0136651 0.999588 0.0252392 0.419981 0.999045 -0.0126012 -0.0418381 22.0461 
-0.0464333 0.0338875 -0.998346 -22.9754 0.00875996 0.9994 0.0335158 0.440322 0.998883 -0.00718918 -0.0467023 21.9653 
-0.0511876 0.0432775 -0.997751 -23.9916 0.00708733 0.999051 0.0429703 0.47545 0.998664 -0.0048718 -0.0514458 21.889 
-0.053021 0.0531744 -0.997177 -25.0268 0.0056892 0.998581 0.0529468 0.519381 0.998577 -0.00286581 -0.0532483 21.8201 
-0.0541655 0.0609233 -0.996672 -26.054 0.00757325 0.998133 0.060601 0.563513 0.998503 -0.00426552 -0.0545258 21.7475 
-0.0558157 0.0616271 -0.996537 -27.0782 0.00847209 0.998087 0.0612484 0.613266 0.998405 -0.0050241 -0.056231 21.6766 
-0.0574948 0.0588529 -0.99661 -28.0917 0.00705645 0.99826 0.0585432 0.659942 0.998321 -0.00366655 -0.0578101 21.5934 
-0.0601546 0.054153 -0.996719 -29.1011 0.00698626 0.998526 0.0538295 0.697548 0.998165 -0.0037252 -0.0604442 21.5102 
-0.0646178 0.0490406 -0.996704 -30.1192 0.00712806 0.998789 0.0486811 0.734164 0.997885 -0.00395886 -0.0648891 21.4199 
-0.0703308 0.0445744 -0.996527 -31.1331 0.0075057 0.998997 0.0441551 0.768452 0.997496 -0.00437413 -0.0705948 21.3303 
-0.0775275 0.0426486 -0.996078 -32.1751 0.00698489 0.999083 0.0422337 0.803761 0.996966 -0.00368318 -0.0777543 21.2269 
-0.083888 0.0451174 -0.995453 -33.2402 0.0068365 0.998977 0.044701 0.841245 0.996452 -0.0030555 -0.0841106 21.1067 
-0.0902634 0.0499839 -0.994663 -34.32 0.005289 0.99875 0.0497093 0.878823 0.995904 -0.000773804 -0.0904149 20.9869 
-0.0959401 0.0529226 -0.993979 -35.4009 0.00246141 0.998595 0.0529308 0.914085 0.995384 0.00263164 -0.0959356 20.8458 
-0.100003 0.0551952 -0.993455 -36.49 -0.000777231 0.998456 0.0555512 0.962529 0.994987 0.00632746 -0.0998054 20.6972 
-0.102713 0.0567822 -0.993089 -37.5748 -0.00565663 0.99832 0.0576664 1.0008 0.994695 0.0115407 -0.10222 20.556 
-0.104708 0.0575786 -0.992835 -38.6489 -0.00922832 0.998223 0.0588644 1.0509 0.99446 0.0153258 -0.103991 20.4217 
-0.106385 0.057356 -0.992669 -39.7349 -0.0104795 0.998215 0.0587995 1.09497 0.99427 0.0166581 -0.105594 20.2816 
-0.107544 0.0564196 -0.992598 -40.8237 -0.0109434 0.998261 0.0579272 1.14707 0.99414 0.0170922 -0.10674 20.1286 
-0.108043 0.0553867 -0.992602 -41.9143 -0.0125786 0.998291 0.0570733 1.19885 0.994067 0.018652 -0.107161 19.9744 
-0.108736 0.0545007 -0.992576 -42.9896 -0.0148718 0.998295 0.0564439 1.24139 0.993959 0.0208989 -0.10774 19.8256 
-0.109344 0.0517565 -0.992656 -44.0842 -0.0195006 0.99834 0.0542009 1.28802 0.993813 0.025284 -0.108153 19.6765 
-0.109779 0.0469906 -0.992845 -45.1675 -0.0252002 0.998429 0.0500413 1.32883 0.993637 0.0305134 -0.108422 19.5287 
-0.10908 0.0462601 -0.992956 -46.2782 -0.0265507 0.998425 0.0494316 1.3749 0.993678 0.0317557 -0.10768 19.3867 
-0.10809 0.0503599 -0.992865 -47.3954 -0.0269961 0.998199 0.0535695 1.41805 0.993775 0.0325938 -0.106536 19.2527 
-0.106194 0.0532716 -0.992917 -48.5116 -0.0271263 0.998037 0.0564474 1.46603 0.993975 0.0329286 -0.10454 19.1114 
-0.104807 0.0529987 -0.993079 -49.6186 -0.0250145 0.998123 0.0559078 1.513 0.994178 0.0307009 -0.103284 18.9794 
-0.10263 0.0523719 -0.99334 -50.735 -0.0245036 0.998177 0.0551586 1.55678 0.994418 0.0300013 -0.101159 18.848 
-0.098317 0.052667 -0.993761 -51.8599 -0.0288746 0.998027 0.0557498 1.6073 0.994736 0.0341756 -0.0966022 18.7053 
-0.09281 0.0532559 -0.994259 -52.9861 -0.033633 0.997831 0.0565868 1.65571 0.995116 0.0386918 -0.0908176 18.5767 
-0.08712 0.0529679 -0.994789 -54.1236 -0.0376022 0.997699 0.056416 1.70309 0.995488 0.0423212 -0.0849278 18.4503 
-0.0817902 0.0522237 -0.99528 -55.2475 -0.0388023 0.997702 0.0555395 1.75066 0.995894 0.0431618 -0.0795758 18.3405 
-0.0761283 0.0518897 -0.995747 -56.3782 -0.0384846 0.997748 0.0549363 1.79305 0.996355 0.0425031 -0.0739599 18.2335 
-0.0711343 0.0518441 -0.996119 -57.5186 -0.0362369 0.997855 0.0545222 1.83993 0.996808 0.0399747 -0.069103 18.1373 
-0.0659074 0.0521688 -0.996461 -58.6643 -0.034942 0.997899 0.0545552 1.89325 0.997214 0.0384139 -0.063946 18.0489 
-0.0608668 0.0540127 -0.996683 -59.813 -0.0332988 0.997869 0.0561105 1.93817 0.99759 0.0366036 -0.0589385 17.9649 
-0.0551707 0.0552796 -0.996946 -60.9659 -0.0338262 0.99779 0.0571983 1.98525 0.997904 0.0368786 -0.0531789 17.8833 
-0.049877 0.0545124 -0.997267 -62.1133 -0.0335073 0.997856 0.0562204 2.03237 0.998193 0.0362199 -0.0479435 17.8059 
-0.04523 0.0495392 -0.997748 -63.2575 -0.0335853 0.99813 0.0510807 2.08152 0.998412 0.0358201 -0.0434817 17.7358 
-0.040733 0.0445698 -0.998176 -64.4082 -0.0335098 0.998382 0.0459464 2.12039 0.998608 0.0353203 -0.0391736 17.6725 
-0.0366699 0.0437733 -0.998368 -65.5659 -0.0341294 0.998403 0.0450284 2.16148 0.998745 0.0357249 -0.0351173 17.6024 
-0.0333513 0.0464036 -0.998366 -66.7299 -0.0333895 0.998312 0.0475166 2.19417 0.998886 0.0349198 -0.0317456 17.5409 
-0.0310643 0.0460144 -0.998458 -67.8959 -0.0338916 0.998317 0.0470623 2.23232 0.998943 0.0353013 -0.0294525 17.4787 
-0.0296753 0.0458697 -0.998507 -69.0608 -0.0359701 0.998251 0.046927 2.27026 0.998912 0.037309 -0.0279734 17.4166 
-0.0286629 0.0468735 -0.99849 -70.2352 -0.036911 0.998169 0.047918 2.30447 0.998907 0.0382288 -0.0268803 17.3589 
-0.0273721 0.0461835 -0.998558 -71.4244 -0.0377014 0.998174 0.0471992 2.34929 0.998914 0.0389391 -0.0255809 17.3023 
-0.025847 0.0436567 -0.998712 -72.6104 -0.0384327 0.998264 0.0446317 2.39542 0.998927 0.0395368 -0.0241242 17.2408 
-0.0253022 0.0426376 -0.99877 -73.7972 -0.0370581 0.998363 0.043559 2.43099 0.998993 0.0381147 -0.0236807 17.1907 
-0.0251134 0.0421305 -0.998796 -74.9833 -0.0332402 0.998524 0.0429548 2.46947 0.999132 0.0342789 -0.0236759 17.1507 
-0.025118 0.0429481 -0.998762 -76.1732 -0.0303787 0.998583 0.0437044 2.50244 0.999223 0.0314389 -0.0237777 17.1089 
-0.0249858 0.0459548 -0.998631 -77.3585 -0.0306062 0.998439 0.0467117 2.53422 0.999219 0.0317315 -0.0235403 17.0577 
-0.0250526 0.0493185 -0.998469 -78.5465 -0.0329078 0.9982 0.050131 2.57215 0.999144 0.0341134 -0.0233846 17.0128 
-0.0242652 0.0494369 -0.998482 -79.7201 -0.0355718 0.998101 0.0502825 2.60917 0.999073 0.036738 -0.0224606 16.9581 
-0.024006 0.0472638 -0.998594 -80.8954 -0.036686 0.998167 0.0481256 2.6484 0.999039 0.0377898 -0.0222281 16.9045 
-0.0238304 0.0447711 -0.998713 -82.0773 -0.0369177 0.998276 0.0456324 2.68715 0.999034 0.0379577 -0.0221364 16.8594 
-0.0241751 0.0440639 -0.998736 -83.2477 -0.0346689 0.99839 0.0448879 2.71938 0.999106 0.0357103 -0.0226085 16.818 
-0.0242732 0.045736 -0.998659 -84.4137 -0.0330643 0.99837 0.0465264 2.75081 0.999158 0.0341493 -0.0227214 16.7733 
-0.024095 0.0490138 -0.998507 -85.591 -0.0323037 0.998238 0.0497801 2.78117 0.999188 0.033455 -0.0224692 16.7271 
-0.023436 0.0511047 -0.998418 -86.7738 -0.0325767 0.998123 0.0518543 2.82316 0.999194 0.0337404 -0.0217272 16.6757 
-0.0234512 0.0512721 -0.998409 -87.9576 -0.0340232 0.998065 0.0520535 2.86432 0.999146 0.0351899 -0.0216614 16.6261 
-0.0235803 0.0491016 -0.998515 -89.1397 -0.0333381 0.998199 0.0498733 2.90558 0.999166 0.0344647 -0.0219009 16.5903 
-0.0230996 0.047556 -0.998601 -90.299 -0.0317408 0.99833 0.0482772 2.94857 0.999229 0.0328117 -0.0215515 16.5422 
-0.0233494 0.0483213 -0.998559 -91.468 -0.0300693 0.998345 0.0490141 2.98728 0.999275 0.0311705 -0.0218578 16.5023 
-0.0228772 0.05114 -0.998429 -92.6512 -0.0276152 0.998277 0.051765 3.03193 0.999357 0.0287561 -0.0214255 16.4537 
-0.0231596 0.0537766 -0.998284 -93.8287 -0.0260533 0.998181 0.0543754 3.06917 0.999392 0.027268 -0.0217164 16.4156 
-0.0228988 0.0554992 -0.998196 -95.0028 -0.0263316 0.998078 0.0560967 3.11233 0.999391 0.0275687 -0.0213934 16.3749 
-0.0225441 0.0573115 -0.998102 -96.1739 -0.0288607 0.997902 0.0579519 3.15922 0.999329 0.0301125 -0.0208427 16.3228 
-0.0219617 0.0566336 -0.998153 -97.3429 -0.0305696 0.997889 0.0572912 3.20032 0.999291 0.0317714 -0.0201841 16.2722 
-0.0221772 0.0525033 -0.998375 -98.4996 -0.0327189 0.998047 0.0532129 3.24621 0.999219 0.0338458 -0.020416 16.2215 
-0.022063 0.0508769 -0.998461 -99.6575 -0.0338355 0.998094 0.0516058 3.286 0.999184 0.0349221 -0.0202995 16.1774 
-0.0222139 0.0493506 -0.998535 -100.811 -0.0337126 0.998176 0.0500828 3.326 0.999185 0.0347758 -0.0205096 16.1343 
-0.0222594 0.0497156 -0.998515 -101.97 -0.0324016 0.998202 0.0504224 3.37137 0.999227 0.0334759 -0.0206085 16.0936 
-0.022695 0.0517484 -0.998402 -103.125 -0.0325523 0.998092 0.0524723 3.4127 0.999212 0.0336912 -0.0209671 16.0519 
-0.0229067 0.0536629 -0.998296 -104.28 -0.0306658 0.998051 0.0543533 3.45753 0.999267 0.0318586 -0.0212164 16.0114 
-0.0235884 0.052474 -0.998344 -105.451 -0.0342714 0.997992 0.0532653 3.50625 0.999134 0.0354712 -0.0217427 15.9603 
-0.0237766 0.0534635 -0.998287 -106.619 -0.038588 0.997776 0.0543552 3.55376 0.998972 0.0398143 -0.0216607 15.9058 
-0.0241137 0.0523675 -0.998337 -107.784 -0.0419831 0.997693 0.0533478 3.60067 0.998827 0.0431998 -0.0218595 15.8529 
-0.0243201 0.0485021 -0.998527 -108.972 -0.0429319 0.99785 0.0495148 3.64395 0.998782 0.0440729 -0.0221856 15.8011 
-0.0251879 0.0444652 -0.998693 -110.147 -0.0426578 0.998053 0.0455125 3.68815 0.998772 0.0437485 -0.023242 15.7514 
-0.0263673 0.0436361 -0.9987 -111.34 -0.0393824 0.998226 0.0446552 3.72792 0.998876 0.0405087 -0.024602 15.7035 
-0.0260995 0.0426253 -0.99875 -112.568 -0.0347433 0.998448 0.0435203 3.7777 0.999055 0.0358358 -0.0245781 15.6362 
-0.0270713 0.0445051 -0.998642 -113.785 -0.0337686 0.998398 0.0454096 3.81664 0.999063 0.034952 -0.0255251 15.5897 
-0.0281656 0.0485989 -0.998421 -115.019 -0.0326969 0.998238 0.0495124 3.85802 0.999068 0.0340399 -0.0265269 15.5337 
-0.028967 0.0486152 -0.998397 -116.259 -0.0309229 0.998295 0.0495074 3.90158 0.999102 0.0323075 -0.0274143 15.4784 
-0.0294531 0.0439928 -0.998598 -117.492 -0.0309911 0.998511 0.0449031 3.95269 0.999086 0.0322703 -0.0280458 15.4192 
-0.0304654 0.0403279 -0.998722 -118.725 -0.0312459 0.998659 0.0412785 3.9916 0.999047 0.0324636 -0.0291645 15.3579 
-0.0312584 0.0389009 -0.998754 -119.97 -0.0307509 0.998732 0.0398625 4.02768 0.999038 0.0319587 -0.0300226 15.2968 
-0.0321251 0.0398047 -0.998691 -121.221 -0.0323438 0.998642 0.0408432 4.06914 0.99896 0.0336136 -0.030794 15.2363 
-0.0328188 0.0443469 -0.998477 -122.49 -0.0375414 0.998255 0.045571 4.10892 0.998756 0.0389799 -0.0310967 15.1648 
-0.0331508 0.0474679 -0.998323 -123.749 -0.0429477 0.997881 0.0488731 4.14724 0.998527 0.0444958 -0.0310419 15.0913 
-0.0334582 0.0469165 -0.998338 -125.008 -0.0502748 0.997554 0.0485646 4.1918 0.998175 0.0518162 -0.0310176 15.0161 
-0.0336757 0.0446017 -0.998437 -126.269 -0.053188 0.997508 0.0463541 4.23631 0.998017 0.0546659 -0.0312195 14.9512 
-0.0341781 0.0433274 -0.998476 -127.536 -0.0553805 0.997443 0.0451782 4.27584 0.99788 0.0568402 -0.0316912 14.8791 
-0.0349612 0.0429194 -0.998467 -128.801 -0.0557542 0.997438 0.0448274 4.31259 0.997832 0.0572359 -0.0324786 14.8105 
-0.0356762 0.0423468 -0.998466 -130.069 -0.0534854 0.997589 0.0442208 4.34582 0.997931 0.054981 -0.0333253 14.7457 
-0.0362268 0.042761 -0.998428 -131.333 -0.0534462 0.997571 0.0446635 4.3914 0.997913 0.0549803 -0.0338534 14.6802 
-0.0374106 0.0480935 -0.998142 -132.601 -0.0530901 0.997335 0.0500444 4.42714 0.997889 0.0548637 -0.0347576 14.6169 
-0.0379061 0.0525024 -0.997901 -133.892 -0.0523471 0.997143 0.0544509 4.47323 0.997909 0.0543013 -0.0350494 14.542 
-0.0384654 0.0509724 -0.997959 -135.157 -0.0521771 0.997233 0.0529464 4.52304 0.997897 0.0541073 -0.0356994 14.4816 
-0.0383908 0.0493987 -0.998041 -136.409 -0.0515548 0.997349 0.0513476 4.57014 0.997932 0.0534252 -0.0357423 14.4203 
-0.0377482 0.0489921 -0.998086 -137.673 -0.0504297 0.997431 0.0508673 4.61206 0.998014 0.0522533 -0.0351805 14.361 
-0.0370921 0.0481026 -0.998153 -138.928 -0.0504876 0.997475 0.049946 4.65822 0.998036 0.0522471 -0.0345699 14.2946 
-0.0370024 0.0500205 -0.998063 -140.194 -0.0501732 0.997394 0.0518471 4.70342 0.998055 0.0519945 -0.0343963 14.2385 
-0.0363319 0.0538875 -0.997886 -141.462 -0.0515334 0.997116 0.0557222 4.74684 0.99801 0.053449 -0.0334501 14.1683 
-0.0352736 0.0550618 -0.99786 -142.732 -0.0530182 0.996972 0.056887 4.79445 0.99797 0.0549114 -0.0322475 14.1017 
-0.0346407 0.0523806 -0.998026 -143.984 -0.0555671 0.99698 0.0542544 4.84174 0.997854 0.0573368 -0.0316255 14.0343 
-0.03448 0.0489656 -0.998205 -145.239 -0.054321 0.997231 0.0507942 4.89523 0.997928 0.0559749 -0.0317247 13.9633 
-0.0344134 0.0474286 -0.998282 -146.488 -0.0515966 0.997457 0.0491681 4.93898 0.998075 0.0532 -0.0318787 13.902 
-0.0347126 0.0468614 -0.998298 -147.728 -0.0500208 0.997567 0.0485664 4.98027 0.998145 0.0516216 -0.0322841 13.8385 
-0.0352445 0.0471026 -0.998268 -148.979 -0.047396 0.997686 0.0487485 5.02336 0.998254 0.0490321 -0.0329304 13.779 
-0.0353311 0.0461746 -0.998308 -150.217 -0.0457537 0.99781 0.0477708 5.05589 0.998328 0.0473641 -0.0331411 13.7088 
-0.035435 0.0465711 -0.998286 -151.473 -0.0451484 0.997819 0.0481519 5.09418 0.998352 0.0467773 -0.0332552 13.6427 
-0.0358118 0.049092 -0.998152 -152.715 -0.0427373 0.997804 0.0506082 5.14145 0.998444 0.0444708 -0.0336351 13.5798 
-0.0360845 0.0504392 -0.998075 -153.957 -0.0404397 0.997834 0.051889 5.18747 0.99853 0.0422343 -0.0339666 13.5156 
-0.0367321 0.0491811 -0.998114 -155.181 -0.038027 0.997996 0.0505748 5.22895 0.998601 0.0398131 -0.0347883 13.46 
-0.0379135 0.0495561 -0.998052 -156.428 -0.0395154 0.997914 0.0510504 5.27117 0.998499 0.041374 -0.0358762 13.3944 
-0.0387757 0.0541169 -0.997781 -157.672 -0.0403712 0.997632 0.0556777 5.31721 0.998432 0.0424406 -0.0364991 13.3318 
-0.0385862 0.0605051 -0.997422 -158.92 -0.0449321 0.997051 0.0622208 5.36934 0.998245 0.0472172 -0.0357538 13.2598 
-0.0380245 0.0602446 -0.997459 -160.15 -0.0493306 0.996851 0.0620884 5.42756 0.998058 0.0515662 -0.0349329 13.1876 
-0.0364845 0.0559916 -0.997764 -161.389 -0.0531304 0.996908 0.0578863 5.48524 0.997921 0.0551237 -0.0333969 13.1074 
-0.0350527 0.0508589 -0.998091 -162.612 -0.0552387 0.997079 0.0527473 5.52945 0.997858 0.0569822 -0.0321409 13.0389 
-0.0341386 0.0490471 -0.998213 -163.854 -0.057834 0.997024 0.0509666 5.57777 0.997742 0.0594707 -0.0312004 12.9639 
-0.0334716 0.0459836 -0.998381 -165.057 -0.0524937 0.997481 0.0477021 5.61523 0.99806 0.0540054 -0.0309734 12.9174 
-0.032926 0.0413094 -0.998604 -166.27 -0.0491524 0.99787 0.0428997 5.65782 0.998248 0.0504964 -0.0308254 12.854 
-0.0340399 0.0388739 -0.998664 -167.484 -0.0427823 0.998271 0.0403168 5.68165 0.998504 0.0440976 -0.0323179 12.8106 
-0.0353881 0.0415121 -0.998511 -168.729 -0.0403376 0.998263 0.0429314 5.72385 0.998559 0.0417969 -0.0336521 12.7531 
-0.0354735 0.0479744 -0.998218 -169.951 -0.0409631 0.997938 0.0494166 5.7559 0.998531 0.0426431 -0.0334351 12.6929 
-0.0338933 0.0509006 -0.998128 -171.186 -0.0423201 0.997733 0.0523176 5.80142 0.998529 0.0440142 -0.0316623 12.6274 
-0.0320922 0.0475369 -0.998354 -172.415 -0.0437576 0.997844 0.0489192 5.8466 0.998527 0.0452555 -0.0299429 12.5605 
-0.0319245 0.0476078 -0.998356 -173.634 -0.0462202 0.997726 0.0490558 5.88808 0.998421 0.0477104 -0.0296514 12.5006 
-0.0309426 0.0487529 -0.998332 -174.856 -0.0444897 0.997753 0.0501036 5.92512 0.998531 0.0459659 -0.0287041 12.4459 
-0.0301294 0.0466735 -0.998456 -176.061 -0.0454282 0.997813 0.0480143 5.96795 0.998513 0.0468048 -0.0279432 12.3841 
-0.0285248 0.0455024 -0.998557 -177.237 -0.0461823 0.997837 0.0467889 6.00127 0.998526 0.0474503 -0.0263617 12.3272 
-0.0272025 0.0470119 -0.998524 -178.402 -0.0473643 0.997711 0.048264 6.03705 0.998507 0.0486073 -0.0249135 12.2796 
-0.0259075 0.0486692 -0.998479 -179.538 -0.0473986 0.997631 0.0498577 6.07015 0.99854 0.0486183 -0.0235392 12.226 
-0.0256914 0.0499057 -0.998423 -180.636 -0.0479031 0.997544 0.0510944 6.09861 0.998522 0.0491403 -0.0232377 12.1792 
-0.0253906 0.0513824 -0.998356 -181.699 -0.0486179 0.997433 0.0525713 6.12207 0.998495 0.0498728 -0.0228274 12.1335 
-0.0256479 0.0520509 -0.998315 -182.768 -0.047441 0.997455 0.0532249 6.15688 0.998545 0.0487262 -0.0231133 12.0861 
-0.0255104 0.051639 -0.99834 -183.798 -0.0478943 0.997455 0.0528171 6.18528 0.998527 0.0491622 -0.0229723 12.0409 
-0.0244278 0.0514705 -0.998376 -184.79 -0.0486417 0.99743 0.0526119 6.21365 0.998518 0.0498479 -0.0218614 12.0049 
-0.0229282 0.0525261 -0.998356 -185.743 -0.0495016 0.997334 0.0536092 6.24062 0.998511 0.0506495 -0.020267 11.9615 
-0.0240723 0.0510709 -0.998405 -186.689 -0.0477401 0.997496 0.0521755 6.2648 0.99857 0.04892 -0.0215739 11.9293 
-0.0277125 0.0481263 -0.998457 -187.625 -0.0454277 0.997748 0.049353 6.29097 0.998583 0.0467254 -0.0254638 11.891 
-0.0328181 0.0446559 -0.998463 -188.561 -0.0452112 0.997912 0.0461173 6.31533 0.998438 0.0466552 -0.0307306 11.8413 
-0.0385784 0.041423 -0.998397 -189.497 -0.0464112 0.997988 0.0431994 6.34513 0.998177 0.0480034 -0.0365783 11.7986 
-0.0429914 0.0407382 -0.998245 -190.419 -0.0487445 0.997893 0.0428231 6.3687 0.997886 0.0505 -0.0409151 11.7427 
-0.0463772 0.0413661 -0.998067 -191.345 -0.0503979 0.997773 0.0436957 6.39318 0.997652 0.052327 -0.0441892 11.6864 
-0.0494162 0.0433411 -0.997837 -192.27 -0.0486787 0.997766 0.0457487 6.41515 0.997591 0.0508342 -0.047196 11.6388 
-0.0511626 0.0451724 -0.997668 -193.199 -0.0457857 0.99782 0.0475273 6.43854 0.99764 0.0481106 -0.0489828 11.579 
-0.052984 0.0458822 -0.997541 -194.122 -0.0442679 0.997854 0.0482479 6.46214 0.997614 0.0467154 -0.0508392 11.521 
-0.054091 0.0442953 -0.997553 -195.032 -0.0441793 0.997931 0.0467076 6.49534 0.997558 0.0465977 -0.0520221 11.4556 
-0.0550957 0.0432573 -0.997544 -195.939 -0.0459597 0.997892 0.0458109 6.51915 0.997423 0.0483708 -0.0529915 11.3882 
-0.0553014 0.0421048 -0.997582 -196.848 -0.0494589 0.997768 0.0448545 6.54883 0.997244 0.0518198 -0.0530955 11.321 
-0.0547809 0.0402102 -0.997688 -197.765 -0.0520848 0.997713 0.043071 6.5778 0.997139 0.0543239 -0.0525613 11.2562 
-0.0537929 0.0376701 -0.997841 -198.675 -0.0522021 0.997816 0.0404833 6.60019 0.997187 0.0542672 -0.051709 11.1858 
-0.0534086 0.0346937 -0.99797 -199.594 -0.0519107 0.997949 0.0374711 6.62907 0.997223 0.0538066 -0.0514981 11.1214 
-0.0532099 0.0342845 -0.997995 -200.516 -0.0519334 0.997963 0.0370523 6.65134 0.997232 0.0538008 -0.051321 11.0594 
-0.0526849 0.0370149 -0.997925 -201.448 -0.0495424 0.997985 0.0396327 6.67696 0.997382 0.0515277 -0.050745 10.9966 
-0.0531247 0.0381094 -0.99786 -202.381 -0.0484305 0.997997 0.040693 6.70165 0.997413 0.0504888 -0.0511727 10.9335 
-0.0521712 0.0344584 -0.998044 -203.322 -0.0439789 0.998356 0.0367681 6.72492 0.997669 0.0458111 -0.0505699 10.8677 
-0.0522023 0.0312482 -0.998148 -204.262 -0.042642 0.998529 0.0334903 6.75057 0.997726 0.0443113 -0.050793 10.8096 
-0.0517012 0.0314766 -0.998166 -205.206 -0.0469525 0.998321 0.0339134 6.77465 0.997558 0.0486198 -0.0501365 10.7362 
-0.0502369 0.0350384 -0.998123 -206.167 -0.0483662 0.998127 0.0374729 6.8001 0.997566 0.050158 -0.0484481 10.6661 
-0.0481969 0.0342831 -0.998249 -207.126 -0.0459483 0.998277 0.0365025 6.82879 0.99778 0.0476272 -0.0465386 10.6023 
-0.0464125 0.0356741 -0.998285 -208.095 -0.0453555 0.998256 0.0377817 6.8546 0.997892 0.0470313 -0.0447136 10.543 
-0.0445977 0.0403346 -0.99819 -209.083 -0.0456219 0.99806 0.0423677 6.88313 0.997963 0.0474289 -0.042671 10.4761 
-0.0433229 0.0444954 -0.99807 -210.069 -0.0427658 0.998009 0.046349 6.91092 0.998145 0.0446913 -0.0413338 10.4259 
-0.0421408 0.0449582 -0.9981 -211.069 -0.0421904 0.998016 0.0467358 6.94547 0.998221 0.0440798 -0.0401604 10.3675 
-0.0403643 0.0453531 -0.998155 -212.072 -0.0456223 0.997844 0.0471838 6.98286 0.998143 0.0474427 -0.0382081 10.3135 
-0.037714 0.04678 -0.998193 -213.089 -0.0482105 0.997655 0.0485763 7.02212 0.998125 0.0499554 -0.0353703 10.254 
-0.0344002 0.0469769 -0.998304 -214.111 -0.0493373 0.997597 0.0486437 7.05589 0.99819 0.050927 -0.0319998 10.2015 
-0.0313606 0.0444429 -0.99852 -215.132 -0.0524741 0.99756 0.0460483 7.08893 0.99813 0.0538405 -0.028952 10.1465 
-0.0287318 0.0410408 -0.998744 -216.163 -0.052285 0.997727 0.0425031 7.12299 0.998219 0.0534406 -0.0265207 10.1043 
-0.0271526 0.0406468 -0.998805 -217.201 -0.0509574 0.997818 0.041992 7.14839 0.998332 0.0520368 -0.025022 10.0609 
-0.0254467 0.0426951 -0.998764 -218.252 -0.0521304 0.997672 0.0439766 7.18231 0.998316 0.0531851 -0.0231617 10.0098 
-0.0239032 0.0458825 -0.998661 -219.317 -0.0538271 0.997438 0.0471147 7.21545 0.998264 0.0548812 -0.0213722 9.95936 
-0.0225521 0.0456639 -0.998702 -220.381 -0.0538072 0.997453 0.0468218 7.24795 0.998297 0.0547933 -0.0200376 9.91963 
-0.0219391 0.0430216 -0.998833 -221.447 -0.0527023 0.997635 0.0441276 7.28113 0.998369 0.0536089 -0.0196198 9.88047 
-0.0220534 0.0403173 -0.998944 -222.526 -0.0493937 0.997922 0.0413665 7.31137 0.998536 0.0502539 -0.0200162 9.84514 
-0.0217885 0.0389755 -0.999003 -223.624 -0.048322 0.998031 0.0399915 7.34946 0.998594 0.0491452 -0.0198622 9.8 
-0.0217575 0.0378992 -0.999045 -224.711 -0.0479874 0.99809 0.038908 7.3785 0.998611 0.0487882 -0.0198972 9.75749 
-0.0216016 0.0378461 -0.99905 -225.801 -0.0479083 0.998096 0.0388458 7.40825 0.998618 0.048702 -0.0197474 9.71592 
-0.0219716 0.0385879 -0.999014 -226.902 -0.0497467 0.997975 0.0396418 7.43842 0.99852 0.0505686 -0.0200075 9.6713 
-0.0220327 0.0406245 -0.998932 -228.011 -0.0503119 0.997863 0.0416908 7.47303 0.998491 0.0511767 -0.0199417 9.61835 
-0.0234154 0.0426155 -0.998817 -229.128 -0.0505131 0.997765 0.0437548 7.50235 0.998449 0.0514779 -0.0212104 9.57618 
-0.0240076 0.0441674 -0.998736 -230.266 -0.0512586 0.997655 0.0453518 7.54247 0.998397 0.0522826 -0.0216874 9.52715 
-0.0253726 0.0451894 -0.998656 -231.405 -0.0538418 0.997466 0.0465035 7.57893 0.998227 0.0549494 -0.0228752 9.47899 
-0.0261061 0.0434382 -0.998715 -232.573 -0.0561431 0.997415 0.0448492 7.62603 0.998081 0.0572418 -0.0235999 9.41404 
-0.0271227 0.038978 -0.998872 -233.724 -0.0548146 0.997678 0.0404198 7.66299 0.998128 0.0558491 -0.0249232 9.35957 
-0.0281354 0.0325883 -0.999073 -234.889 -0.0520943 0.998062 0.0340224 7.7011 0.998246 0.0530033 -0.0263832 9.29881 
-0.0306079 0.0287274 -0.999119 -236.072 -0.047021 0.998439 0.0301483 7.72138 0.998425 0.0479024 -0.0292093 9.25357 
-0.0325364 0.0293354 -0.99904 -237.269 -0.0408764 0.998694 0.0306564 7.74033 0.998634 0.0418346 -0.0312947 9.19312 
-0.0345369 0.0336328 -0.998837 -238.467 -0.0365224 0.998724 0.0348918 7.7605 0.998736 0.037685 -0.0332644 9.13194 
-0.0364757 0.0360404 -0.998684 -239.679 -0.0345104 0.998708 0.0373017 7.79318 0.998739 0.0358257 -0.0351848 9.06391 
-0.0388235 0.0356265 -0.998611 -240.887 -0.0324838 0.998791 0.0368958 7.81873 0.998718 0.0338712 -0.0376193 9.00019 
-0.0406399 0.0365243 -0.998506 -242.104 -0.0326095 0.998751 0.0378605 7.84795 0.998642 0.0340995 -0.0393981 8.91685 
-0.0427574 0.0381569 -0.998357 -243.326 -0.0320818 0.998703 0.0395441 7.87987 0.99857 0.0337199 -0.0414777 8.83997 
-0.0452958 0.0377871 -0.998259 -244.551 -0.0311282 0.998746 0.039218 7.90951 0.998489 0.0328504 -0.0440627 8.76851 
-0.0476809 0.0362773 -0.998204 -245.786 -0.0312191 0.998798 0.0377902 7.94227 0.998375 0.0329649 -0.046491 8.68795 
-0.0499564 0.035725 -0.998112 -247.026 -0.0306452 0.998835 0.0372846 7.97644 0.998281 0.03245 -0.0488034 8.60764 
-0.0522298 0.0366213 -0.997963 -248.276 -0.0307059 0.998796 0.0382589 8.00949 0.998163 0.0326416 -0.0510424 8.51871 
-0.0546498 0.0370941 -0.997816 -249.519 -0.0313804 0.998752 0.0388476 8.03717 0.998012 0.0334349 -0.0534176 8.42601 
-0.0572737 0.0381335 -0.99763 -250.766 -0.0326657 0.998664 0.0400483 8.06542 0.997824 0.0348821 -0.0559515 8.33193 
-0.059595 0.0397271 -0.997432 -252.028 -0.0344667 0.99853 0.0418301 8.10184 0.997627 0.0368711 -0.0581381 8.23198 
-0.0609487 0.0405244 -0.997318 -253.281 -0.0360993 0.998432 0.0427758 8.13207 0.997488 0.0386096 -0.0593902 8.13149 
-0.0619932 0.0407325 -0.997245 -254.545 -0.0384996 0.998326 0.04317 8.16672 0.997334 0.0410698 -0.0603212 8.03129 
-0.0621033 0.0407963 -0.997236 -255.841 -0.0392371 0.998292 0.043283 8.20695 0.997298 0.0418167 -0.0603965 7.92241 
-0.0623529 0.0395117 -0.997272 -257.104 -0.0382849 0.998386 0.0419496 8.2438 0.99732 0.0407962 -0.0607395 7.82116 
-0.062095 0.0388613 -0.997313 -258.378 -0.0356203 0.998519 0.0411261 8.27396 0.997434 0.0380783 -0.0606188 7.72147 
-0.0624703 0.0387727 -0.997293 -259.644 -0.0345729 0.998561 0.0409876 8.30444 0.997448 0.0370399 -0.06104 7.62296 
-0.0624186 0.0387817 -0.997296 -260.91 -0.0343964 0.998568 0.0409839 8.3427 0.997457 0.0368616 -0.0609953 7.52478 
-0.062273 0.0387184 -0.997308 -262.172 -0.0335106 0.998603 0.0408611 8.37511 0.997496 0.0359649 -0.0608885 7.42155 
-0.0623581 0.0394147 -0.997275 -263.433 -0.0329348 0.998594 0.0415262 8.40534 0.99751 0.0354346 -0.0609724 7.32357 
-0.0622839 0.0404409 -0.997239 -264.72 -0.0307901 0.998625 0.0424202 8.4446 0.997583 0.0333472 -0.0609531 7.231 
-0.0623039 0.0431485 -0.997124 -265.97 -0.0263879 0.998645 0.0448632 8.47632 0.997708 0.0291072 -0.0610809 7.13716 
-0.0628355 0.0466694 -0.996932 -267.227 -0.0231995 0.998568 0.0482082 8.5114 0.997754 0.0261576 -0.0616628 7.04812 
-0.0627575 0.0491552 -0.996818 -268.496 -0.0210549 0.998499 0.0505637 8.55522 0.997807 0.0241612 -0.0616283 6.94693 
-0.0628936 0.0474201 -0.996893 -269.741 -0.0211248 0.998584 0.0488333 8.59809 0.997797 0.0241305 -0.0618028 6.84896 
-0.0625743 0.045958 -0.996982 -270.972 -0.0234459 0.998596 0.047504 8.6351 0.997765 0.0263477 -0.0614089 6.73434 
-0.0632068 0.048776 -0.996808 -272.203 -0.0286566 0.998304 0.0506663 8.67481 0.997589 0.0317677 -0.0617018 6.62882 
-0.0630768 0.0544288 -0.996523 -273.443 -0.0341087 0.997811 0.0566581 8.72052 0.997426 0.037564 -0.0610822 6.51308 
-0.0629292 0.0538504 -0.996564 -274.681 -0.0380934 0.997686 0.0563164 8.76713 0.997291 0.0415065 -0.0607322 6.40727 
-0.0625106 0.0470956 -0.996933 -275.922 -0.0375939 0.998066 0.0495064 8.81267 0.997336 0.0405733 -0.0606192 6.30523 
-0.0631333 0.0417031 -0.997133 -277.136 -0.0344705 0.998439 0.0439402 8.84959 0.99741 0.0371458 -0.0615973 6.20816 
-0.0631468 0.0410024 -0.997162 -278.369 -0.0284496 0.998676 0.0428663 8.88437 0.997599 0.0310758 -0.0618966 6.12012 
-0.0624378 0.0427808 -0.997132 -279.605 -0.0251515 0.998696 0.0444229 8.92153 0.997732 0.027853 -0.0612804 6.02954 
-0.0610428 0.0444466 -0.997145 -280.845 -0.0239679 0.998655 0.0459812 8.96415 0.997847 0.0267063 -0.0598954 5.93501 
-0.0599617 0.0468812 -0.997099 -282.082 -0.0251691 0.998508 0.048461 9.00026 0.997883 0.0280019 -0.0586923 5.83802 
-0.0585468 0.0482297 -0.997119 -283.311 -0.0266743 0.9984 0.0498579 9.04174 0.997928 0.0295165 -0.0571667 5.72901 
-0.057978 0.0492605 -0.997102 -284.538 -0.0268752 0.998343 0.0508845 9.07864 0.997956 0.0297475 -0.056558 5.64361 
-0.0570241 0.0484018 -0.997199 -285.743 -0.0272655 0.998376 0.0500181 9.12088 0.998 0.0300414 -0.0556118 5.54152 
-0.0571437 0.0468219 -0.997267 -286.962 -0.0279955 0.998432 0.0484807 9.16061 0.997973 0.0306895 -0.0557433 5.44943 
-0.0567734 0.0456776 -0.997342 -288.185 -0.0278431 0.998492 0.0473152 9.198 0.997999 0.0304554 -0.055416 5.3571 
-0.0568254 0.045222 -0.997359 -289.417 -0.0283968 0.998496 0.0468915 9.24461 0.99798 0.0309864 -0.0554557 5.26443 
-0.0567293 0.045047 -0.997373 -290.639 -0.0291736 0.99848 0.0467564 9.28197 0.997963 0.0317494 -0.0553289 5.17901 
-0.0567736 0.0454093 -0.997354 -291.884 -0.0297181 0.998446 0.0471507 9.31639 0.997945 0.0323164 -0.0553358 5.08788 
-0.0567137 0.0456906 -0.997344 -293.123 -0.0294875 0.99844 0.0474176 9.35667 0.997955 0.0320985 -0.055278 4.99847 
-0.0567977 0.0440667 -0.997413 -294.354 -0.029406 0.998518 0.0457901 9.39672 0.997953 0.0319307 -0.0554177 4.90403 
-0.056907 0.0414893 -0.997517 -295.579 -0.0294215 0.998633 0.0432142 9.43144 0.997946 0.0318076 -0.0556085 4.806 
-0.0575632 0.0392005 -0.997572 -296.79 -0.0296271 0.998722 0.0409552 9.45277 0.997902 0.0319127 -0.0563282 4.71752 
-0.057804 0.037626 -0.997619 -298.019 -0.0311401 0.998735 0.0394724 9.48552 0.997842 0.0333477 -0.0565592 4.61892 
-0.0582383 0.0375028 -0.997598 -299.252 -0.0336044 0.998654 0.0395043 9.51543 0.997737 0.0358244 -0.0568996 4.51925 
-0.0586647 0.0384877 -0.997536 -300.497 -0.0364418 0.998508 0.0406684 9.54369 0.997612 0.0387378 -0.0571746 4.42187 
-0.0589069 0.0391128 -0.997497 -301.737 -0.0401161 0.998332 0.0415146 9.57945 0.997457 0.0424612 -0.0572396 4.31331 
-0.0592815 0.0390077 -0.997479 -302.958 -0.0411503 0.998291 0.0414851 9.61003 0.997393 0.0435059 -0.057575 4.21451 
-0.0597678 0.0369857 -0.997527 -304.194 -0.0410576 0.998377 0.0394772 9.63901 0.997368 0.0433156 -0.0581522 4.11137 
-0.0605363 0.0348397 -0.997558 -305.443 -0.0388671 0.998551 0.037233 9.67179 0.997409 0.0410262 -0.0590944 4.01642 
-0.0618422 0.0348608 -0.997477 -306.687 -0.0361136 0.998657 0.0371411 9.69416 0.997432 0.0383194 -0.0605002 3.92615 
-0.0631679 0.0368185 -0.997324 -307.938 -0.0337173 0.99867 0.0390038 9.72324 0.997433 0.0360909 -0.0618425 3.83614 
