1 2.12261e-08 -2.11895e-08 0 2.12261e-08 1 2.10703e-08 0 -2.11895e-08 2.10703e-08 1 0 
0.999998 0.000937968 0.00180307 -0.0115026 -0.00093579 0.999999 -0.00118503 8.97015e-05 -0.00180423 0.00118338 0.999998 0.447819 
0.999991 0.00236814 0.00365992 -0.0181038 -0.00235972 0.999995 -0.00229224 -0.00501006 -0.00366537 0.00228362 0.999991 0.910278 
0.999979 0.00364108 0.00542269 -0.0273179 -0.0036258 0.99999 -0.00281716 -0.0112368 -0.00543293 0.00279748 0.999981 1.38725 
0.999969 0.00351682 0.0070973 -0.0343043 -0.00349596 0.99999 -0.00294279 -0.0186223 -0.00710762 0.00291793 0.999971 1.87588 
0.999959 0.00284483 0.0086212 -0.0371559 -0.00282119 0.999992 -0.00274835 -0.0255626 -0.00862899 0.00272395 0.999959 2.37576 
0.999941 0.00222682 0.0106505 -0.0407025 -0.00220764 0.999996 -0.00180762 -0.0328086 -0.0106545 0.00178405 0.999942 2.8825 
0.999923 0.00228256 0.0121793 -0.0435223 -0.00228003 0.999997 -0.000217635 -0.0413642 -0.0121798 0.000189891 0.999926 3.39776 
0.999909 0.00302828 0.0131788 -0.0467257 -0.00303988 0.999995 0.000863665 -0.049048 -0.0131762 -0.000903606 0.999913 3.91477 
0.999899 0.00390434 0.0136542 -0.0478912 -0.00391584 0.999992 0.000818983 -0.0563747 -0.0136509 -0.000872327 0.999906 4.43181 
0.999882 0.00439111 0.0147067 -0.0507904 -0.00439809 0.99999 0.000445301 -0.064798 -0.0147047 -0.000509888 0.999892 4.94667 
0.999856 0.00633953 0.0157453 -0.0579209 -0.00634405 0.99998 0.000240093 -0.0686184 -0.0157435 -0.000339906 0.999876 5.46217 
0.999836 0.00733158 0.0165345 -0.0593649 -0.00732419 0.999973 -0.000505022 -0.0766926 -0.0165378 0.000383879 0.999863 5.98744 
0.999807 0.00864905 0.0176325 -0.0663343 -0.008631 0.999962 -0.00109722 -0.086567 -0.0176413 0.000944869 0.999844 6.51684 
0.999779 0.00959068 0.0187083 -0.0704691 -0.00956596 0.999953 -0.00140782 -0.0940811 -0.018721 0.00122859 0.999824 7.05479 
0.999771 0.00955884 0.0191549 -0.0612061 -0.00952208 0.999953 -0.00200681 -0.1029 -0.0191732 0.001824 0.999815 7.58129 
0.999732 0.0109786 0.0203837 -0.0607669 -0.0109293 0.999937 -0.00252788 -0.112268 -0.0204102 0.00230447 0.999789 8.13503 
0.999658 0.0120784 0.0232181 -0.0594952 -0.0120212 0.999924 -0.00259826 -0.119803 -0.0232478 0.00231831 0.999727 8.69115 
0.999554 0.0126584 0.0270506 -0.0553297 -0.0125856 0.999917 -0.00285781 -0.130082 -0.0270846 0.00251613 0.99963 9.25218 
0.999428 0.0129367 0.0312501 -0.051574 -0.0128348 0.999912 -0.00345762 -0.136742 -0.0312921 0.00305459 0.999506 9.82621 
0.999262 0.0125862 0.0362994 -0.0397599 -0.0124487 0.999915 -0.00400984 -0.147758 -0.0363468 0.00355504 0.999333 10.4009 
0.999024 0.0133053 0.0421209 -0.0231869 -0.0131509 0.999906 -0.00393899 -0.159255 -0.0421694 0.00338125 0.999105 10.9854 
0.998751 0.0132023 0.0481905 -0.00300117 -0.0130563 0.999909 -0.00334254 -0.170412 -0.0482303 0.00270921 0.998833 11.5822 
0.998439 0.0135237 0.0541838 0.0231092 -0.0133178 0.999903 -0.00415804 -0.182746 -0.0542348 0.00342998 0.998522 12.1848 
0.998113 0.0109078 0.0604334 0.0554891 -0.0106268 0.999931 -0.00496943 -0.193195 -0.0604835 0.00431788 0.99816 12.7959 
0.997776 0.0104808 0.0658255 0.112627 -0.0101266 0.999932 -0.00571066 -0.196455 -0.065881 0.00503141 0.997815 13.4336 
0.997301 0.0129508 0.0722687 0.149058 -0.0124205 0.999893 -0.00778066 -0.207105 -0.0723617 0.00686208 0.997355 14.068 
0.996792 0.0171632 0.078175 0.19438 -0.0163618 0.999807 -0.01088 -0.221569 -0.0783467 0.00956607 0.99688 14.7214 
0.996359 0.0144058 0.0840319 0.242718 -0.0135207 0.999847 -0.011092 -0.229894 -0.0841789 0.00991545 0.996401 15.3865 
0.996017 0.00691837 0.0888963 0.303882 -0.00618355 0.999944 -0.00853821 -0.236617 -0.0889505 0.00795454 0.996004 16.0708 
0.995588 0.00124276 0.0938209 0.36045 -0.00076543 0.999987 -0.00512298 -0.245427 -0.093826 0.0050286 0.995576 16.7549 
0.995175 0.00171286 0.0981036 0.418649 -0.0015654 0.999998 -0.00157954 -0.259673 -0.0981061 0.00141839 0.995175 17.4696 
0.994945 0.00110763 0.100418 0.473192 -0.000923839 0.999998 -0.00187633 -0.26189 -0.10042 0.00177411 0.994944 18.1894 
0.994924 -0.00336021 0.100572 0.540817 0.00374024 0.999987 -0.00358987 -0.270844 -0.100559 0.00394785 0.994923 18.9307 
0.995062 -0.00953291 0.0988017 0.608982 0.0101198 0.999934 -0.00544054 -0.278467 -0.0987433 0.00641357 0.995092 19.6818 
0.99551 -0.0117375 0.0939235 0.672425 0.0123388 0.999907 -0.00582344 -0.289862 -0.0938464 0.00695623 0.995562 20.4501 
0.996185 -0.0115095 0.0865031 0.720723 0.0120855 0.999908 -0.00613716 -0.300999 -0.0864246 0.00715922 0.996233 21.2338 
0.996947 -0.0111437 0.0772881 0.764185 0.0115069 0.999925 -0.00425425 -0.312682 -0.0772349 0.00513064 0.997 22.038 
0.997646 -0.0106124 0.0677416 0.800218 0.0107783 0.99994 -0.00208246 -0.326171 -0.0677155 0.00280774 0.997701 22.8603 
0.998238 -0.00942135 0.0585835 0.825473 0.00938036 0.999956 0.000975506 -0.337226 -0.0585901 -0.000424213 0.998282 23.6875 
0.998674 -0.0092753 0.0506313 0.851496 0.00911985 0.999953 0.00330125 -0.349677 -0.0506596 -0.00283508 0.998712 24.5237 
0.999011 -0.00785166 0.0437607 0.867894 0.00767352 0.999962 0.00423832 -0.357974 -0.0437924 -0.00389829 0.999033 25.3637 
0.999245 -0.006435 0.0383281 0.879466 0.00625866 0.999969 0.0047201 -0.36679 -0.0383574 -0.00447661 0.999254 26.2044 
0.999436 -0.00492441 0.0332126 0.886344 0.00476726 0.999977 0.00481056 -0.379463 -0.0332355 -0.00464948 0.999437 27.0358 
0.999591 -0.00469913 0.0282267 0.89248 0.0045723 0.999979 0.0045574 -0.389677 -0.0282476 -0.00442643 0.999591 27.8761 
0.999709 -0.00484298 0.0236397 0.892942 0.00474581 0.99998 0.00416668 -0.401801 -0.0236595 -0.00405323 0.999712 28.7087 
0.999807 -0.00362806 0.0193082 0.89137 0.00353207 0.999981 0.00500526 -0.414018 -0.019326 -0.00493605 0.999801 29.5481 
0.999877 -0.00226042 0.0155109 0.893885 0.00217709 0.999983 0.0053898 -0.421781 -0.0155229 -0.00535533 0.999865 30.3918 
0.999918 0.000288981 0.0128146 0.889143 -0.000371344 0.999979 0.00642874 -0.434636 -0.0128125 -0.00643293 0.999897 31.2301 
0.999934 0.00198399 0.0112983 0.878277 -0.00205464 0.999978 0.00624888 -0.444452 -0.0112857 -0.00627164 0.999917 32.055 
0.999935 0.00338222 0.0109234 0.860015 -0.00344583 0.999977 0.00581351 -0.453483 -0.0109035 -0.00585072 0.999923 32.8777 
0.999935 0.00558244 0.00996316 0.854704 -0.00562691 0.999974 0.00444493 -0.466324 -0.00993813 -0.00450066 0.999941 33.6743 
0.999923 0.00810471 0.00936006 0.84146 -0.00814407 0.999958 0.0041787 -0.475679 -0.00932584 -0.00425457 0.999948 34.4805 
0.999905 0.0106066 0.00881781 0.826655 -0.0106507 0.999931 0.00497378 -0.491224 -0.00876449 -0.00506718 0.999949 35.2717 
0.999894 0.012015 0.00823209 0.822269 -0.0120615 0.999911 0.00562549 -0.507031 -0.00816382 -0.00572415 0.99995 36.0479 
0.999877 0.0136722 0.00772295 0.812825 -0.0137165 0.99989 0.00571551 -0.520881 -0.007644 -0.00582069 0.999954 36.8144 
0.99985 0.0157861 0.00715061 0.800944 -0.0158265 0.999859 0.00563843 -0.53234 -0.00706064 -0.00575071 0.999959 37.5701 
0.999818 0.0177268 0.00706381 0.788194 -0.0177695 0.999824 0.00602208 -0.5425 -0.00695585 -0.00614646 0.999957 38.3128 
0.999762 0.0205469 0.00735765 0.772623 -0.0205915 0.99977 0.00604413 -0.552562 -0.00723181 -0.00619415 0.999955 39.0357 
0.999668 0.0240822 0.00915951 0.75718 -0.0241372 0.999691 0.0059431 -0.565031 -0.0090136 -0.00616217 0.99994 39.75 
0.999596 0.0258204 0.0118984 0.751424 -0.0258811 0.999653 0.00498011 -0.581683 -0.0117657 -0.005286 0.999917 40.444 
0.999502 0.0274241 0.0156425 0.749082 -0.0274875 0.999615 0.00385655 -0.593995 -0.0155308 -0.00428456 0.99987 41.1299 
0.999429 0.0267526 0.0206647 0.749169 -0.0268428 0.999631 0.00410209 -0.604741 -0.0205474 -0.0046544 0.999778 41.8044 
0.999273 0.0278369 0.0260658 0.752324 -0.0279582 0.9996 0.00430286 -0.615849 -0.0259356 -0.00502844 0.999651 42.4691 
0.999091 0.0279162 0.0322276 0.762159 -0.0280835 0.999594 0.00475311 -0.627631 -0.0320819 -0.00565382 0.999469 43.1268 
0.998834 0.0275928 0.0396204 0.7785 -0.0278218 0.999599 0.00524209 -0.637914 -0.0394599 -0.00633825 0.999201 43.7599 
0.998446 0.0279379 0.0482286 0.802013 -0.0282192 0.999588 0.00516407 -0.648397 -0.0480645 -0.00651698 0.998823 44.3803 
0.997868 0.0285171 0.0587115 0.827275 -0.0288544 0.999572 0.00490591 -0.656754 -0.0585465 -0.00658949 0.998263 44.9845 
0.997106 0.028099 0.0706366 0.864915 -0.0284997 0.999583 0.00467117 -0.667223 -0.070476 -0.00667074 0.997491 45.5832 
0.996168 0.0268425 0.0832423 0.909031 -0.0273102 0.999617 0.00448568 -0.675551 -0.08309 -0.00674181 0.996519 46.164 
0.994982 0.0260791 0.0965997 0.954097 -0.0265779 0.999639 0.00388051 -0.683543 -0.0964637 -0.00642842 0.995316 46.7382 
0.993435 0.0261998 0.111355 1.01671 -0.0267844 0.999634 0.00375775 -0.69211 -0.111216 -0.00671562 0.993774 47.2987 
0.991478 0.0257799 0.127701 1.08908 -0.0264984 0.999641 0.00393046 -0.70278 -0.127554 -0.00728078 0.991805 47.8483 
0.989007 0.0283754 0.145121 1.16551 -0.0291365 0.999571 0.00312184 -0.711113 -0.14497 -0.00731578 0.989409 48.3868 
0.985777 0.0266967 0.165924 1.25786 -0.0274552 0.99962 0.00227903 -0.722062 -0.1658 -0.00680204 0.986136 48.9133 
0.981536 0.0299884 0.188911 1.35896 -0.0307621 0.999526 0.00116449 -0.734274 -0.188787 -0.00695427 0.981993 49.4237 
0.976332 0.0288743 0.21434 1.47356 -0.0292998 0.99957 -0.00119212 -0.747017 -0.214282 -0.00511617 0.976758 49.9229 
0.97023 0.028086 0.240553 1.60769 -0.027904 0.999602 -0.00416303 -0.758726 -0.240574 -0.00267328 0.970627 50.4023 
0.962783 0.0271249 0.268912 1.74166 -0.0262772 0.999632 -0.00675155 -0.771039 -0.268996 -0.000565955 0.963141 50.8634 
0.954135 0.0244804 0.298375 1.89352 -0.0232182 0.9997 -0.00777445 -0.787322 -0.298476 0.000490174 0.954417 51.3046 
0.943927 0.0265067 0.32909 2.05436 -0.0245475 0.999648 -0.0101076 -0.800123 -0.329242 0.0014625 0.944245 51.7321 
0.93234 0.0270478 0.360571 2.22131 -0.0251238 0.999634 -0.010023 -0.813884 -0.36071 0.000285947 0.932678 52.1435 
0.919293 0.0260351 0.392712 2.40533 -0.0247132 0.999659 -0.00842225 -0.834891 -0.392797 -0.00196263 0.919623 52.5442 
0.904075 0.0251165 0.426635 2.5951 -0.0241112 0.999679 -0.0077585 -0.848955 -0.426693 -0.00327239 0.904391 52.926 
0.886794 0.0244846 0.461516 2.79228 -0.0233473 0.999694 -0.00817474 -0.864621 -0.461575 -0.00352582 0.887094 53.2853 
0.867564 0.0242358 0.496735 3.0025 -0.0225067 0.999702 -0.00946685 -0.877006 -0.496816 -0.00296673 0.867851 53.6218 
0.846135 0.0233837 0.532455 3.2224 -0.0205175 0.999726 -0.0112998 -0.889981 -0.532574 -0.00136346 0.846383 53.9447 
0.822692 0.0221481 0.568055 3.45029 -0.0180794 0.999755 -0.0127959 -0.904958 -0.568199 0.000257022 0.822891 54.2478 
0.797211 0.0191619 0.603397 3.70221 -0.0139371 0.999814 -0.013337 -0.915215 -0.60354 0.00222278 0.797329 54.5435 
0.769237 0.0154568 0.638776 3.95975 -0.010693 0.999879 -0.0113177 -0.927497 -0.638874 0.00187561 0.76931 54.8192 
0.739263 0.0109149 0.673329 4.22892 -0.0078967 0.99994 -0.00753929 -0.93761 -0.673371 0.000256457 0.739305 55.0873 
0.706944 0.0071867 0.707233 4.50364 -0.00665309 0.999972 -0.00351099 -0.951514 -0.707238 -0.00222319 0.706972 55.337 
0.671668 0.00470656 0.740838 4.79049 -0.00728452 0.999973 0.000251599 -0.958607 -0.740817 -0.00556562 0.671684 55.5746 
0.633923 0.00122156 0.773396 5.08766 -0.00547414 0.999981 0.00290756 -0.963779 -0.773377 -0.00607683 0.633917 55.7912 
0.594767 -0.00225242 0.803895 5.39095 -0.00281271 0.999984 0.00488291 -0.971454 -0.803893 -0.0051653 0.594751 55.98 
0.552528 -0.00443306 0.833483 5.7097 0.00062718 0.999988 0.00490295 -0.977948 -0.833494 -0.00218626 0.552524 56.1592 
0.507795 -0.00340191 0.861471 6.03535 0.00332044 0.999993 0.00199175 -0.978489 -0.861472 0.00184907 0.507802 56.321 
0.461054 -0.000958998 0.887371 6.38574 0.00220123 0.999998 -6.29284e-05 -0.984082 -0.887369 0.00198233 0.461055 56.4788 
0.41175 0.00170447 0.911296 6.74843 -0.00185147 0.999998 -0.00103377 -0.992612 -0.911295 -0.00126157 0.411752 56.6262 
0.361269 0.00421718 0.932452 7.12804 -0.00631378 0.999978 -0.00207631 -0.995354 -0.93244 -0.00513718 0.361288 56.759 
0.311245 0.00475404 0.950318 7.52655 -0.0087346 0.99996 -0.00214159 -1.00271 -0.95029 -0.00763408 0.311274 56.8691 
0.262898 0.00474216 0.964812 7.93918 -0.00666525 0.999973 -0.00309874 -1.00623 -0.964801 -0.00561606 0.262923 56.9549 
0.217712 0.00386717 0.976005 8.37436 -0.00543604 0.999981 -0.00274954 -1.01226 -0.975998 -0.00470699 0.217729 57.0269 
0.175967 0.00171287 0.984395 8.83148 -0.00514396 0.999986 -0.000820431 -1.0166 -0.984383 -0.00491931 0.175974 57.0915 
0.136743 -0.000515374 0.990606 9.31673 -0.00522075 0.999986 0.00124097 -1.01934 -0.990593 -0.0053414 0.136738 57.1517 
0.100475 -0.00209885 0.994937 9.80862 -0.00573834 0.99998 0.00268903 -1.02166 -0.994923 -0.00597947 0.100461 57.1884 
0.0674653 -0.00354281 0.997715 10.3304 -0.00465337 0.999982 0.00386556 -1.02859 -0.997711 -0.00490353 0.0674476 57.2138 
0.0380597 -0.00421342 0.999267 10.8638 -0.00437364 0.999981 0.00438305 -1.03388 -0.999266 -0.00453725 0.0380406 57.2241 
0.0116259 -0.00192085 0.999931 11.4225 -0.0068632 0.999974 0.00200077 -1.03368 -0.999909 -0.00688598 0.0116124 57.2273 
-0.0109732 0.000505491 0.99994 11.9994 -0.010934 0.99994 -0.000625437 -1.03517 -0.99988 -0.0109403 -0.010967 57.2234 
-0.0303229 0.00151463 0.999539 12.6001 -0.0104486 0.999944 -0.00183218 -1.03666 -0.999486 -0.0104993 -0.0303054 57.2001 
-0.0476211 0.00228917 0.998863 13.213 -0.00664946 0.999975 -0.00260869 -1.03799 -0.998843 -0.00676613 -0.0476047 57.1672 
-0.0633803 0.00208133 0.997987 13.8473 -0.00437244 0.999988 -0.00236315 -1.04209 -0.99798 -0.00451342 -0.0633704 57.1261 
-0.079031 0.00116715 0.996872 14.5092 -0.00466254 0.999988 -0.0015404 -1.04676 -0.996861 -0.00476969 -0.0790246 57.0815 
-0.0934801 0.00213255 0.995619 15.1683 -0.00378257 0.99999 -0.00249702 -1.05645 -0.995614 -0.00399943 -0.093471 57.0239 
-0.105636 0.00405471 0.994397 15.8598 -0.00198674 0.999989 -0.00428853 -1.06276 -0.994403 -0.00242864 -0.105627 56.9534 
-0.115098 0.00671049 0.993332 16.5703 0.00550234 0.999966 -0.00611771 -1.07108 -0.993339 0.00476151 -0.115131 56.8679 
-0.120922 0.00951047 0.992617 17.2902 0.0132232 0.999881 -0.00796916 -1.08177 -0.992574 0.012162 -0.121033 56.7782 
-0.123308 0.00940156 0.992324 18.0373 0.0177652 0.999816 -0.00726497 -1.09619 -0.992209 0.016733 -0.123452 56.6899 
-0.123112 0.00783921 0.992362 18.7939 0.0185501 0.999812 -0.00559671 -1.10779 -0.992219 0.0177194 -0.123234 56.6076 
-0.12036 0.00710258 0.992705 19.5647 0.022305 0.999741 -0.00444852 -1.11927 -0.99248 0.0216068 -0.120488 56.526 
-0.115499 0.00583023 0.993291 20.3471 0.0240492 0.999706 -0.00307142 -1.13699 -0.993016 0.0235331 -0.115605 56.4397 
-0.111484 0.00671598 0.993744 21.1437 0.0225723 0.999736 -0.00422415 -1.1485 -0.99351 0.0219601 -0.111606 56.374 
-0.107509 0.00765805 0.994175 21.9394 0.0223323 0.999737 -0.00528586 -1.16157 -0.993953 0.0216339 -0.107652 56.312 
-0.102976 0.00699747 0.994659 22.7515 0.0270113 0.999626 -0.00423592 -1.17711 -0.994317 0.0264308 -0.103127 56.2382 
-0.0989114 0.00501231 0.995084 23.5564 0.032763 0.999462 -0.00177768 -1.19182 -0.994557 0.0324261 -0.0990223 56.1598 
-0.0948286 0.00162958 0.995492 24.3672 0.0349304 0.999388 0.00169148 -1.20444 -0.994881 0.0349333 -0.0948275 56.0886 
-0.0898247 -0.00201256 0.995956 25.1745 0.0381012 0.999259 0.00545559 -1.2189 -0.995229 0.0384371 -0.0896815 56.0217 
-0.0843031 -0.00486569 0.996428 25.9829 0.0388374 0.999212 0.00816517 -1.22855 -0.995683 0.039387 -0.0840477 55.9621 
-0.080422 -0.0061063 0.996742 26.7913 0.0366459 0.999287 0.0090787 -1.23547 -0.996087 0.0372566 -0.0801409 55.9196 
-0.0765128 -0.00794476 0.997037 27.5935 0.0300048 0.999497 0.010267 -1.24415 -0.996617 0.0307015 -0.0762359 55.8837 
-0.072321 -0.0114001 0.997316 28.4085 0.0242967 0.999618 0.0131883 -1.24991 -0.997085 0.0251853 -0.0720164 55.8541 
-0.0679146 -0.0129032 0.997608 29.2237 0.0218123 0.999658 0.0144147 -1.25723 -0.997453 0.0227391 -0.06761 55.822 
-0.0637203 -0.00898253 0.997927 30.032 0.022354 0.999696 0.0104259 -1.26563 -0.997717 0.022972 -0.0635001 55.7867 
-0.0604912 -0.00105185 0.998168 30.843 0.0231396 0.999729 0.00245585 -1.26983 -0.997901 0.0232458 -0.0604505 55.7548 
-0.057757 0.00517849 0.998317 31.6568 0.0217075 0.999757 -0.00393005 -1.27476 -0.998095 0.021444 -0.0578553 55.7227 
-0.0558929 0.00466081 0.998426 32.4855 0.0210203 0.999773 -0.00349032 -1.28352 -0.998216 0.0207921 -0.0559782 55.6924 
-0.0547333 0.00108461 0.9985 33.3175 0.0241025 0.99971 0.00023531 -1.29854 -0.99821 0.0240792 -0.0547435 55.663 
-0.0536618 0.000779623 0.998559 34.1405 0.0252304 0.999682 0.000575404 -1.31478 -0.99824 0.0252249 -0.0536644 55.6267 
-0.0533696 0.00304194 0.99857 34.9663 0.0238759 0.999713 -0.00176931 -1.33085 -0.998289 0.0237473 -0.0534269 55.5969 
-0.0534559 0.00447457 0.99856 35.8082 0.0166063 0.999856 -0.00359134 -1.34161 -0.998432 0.0163904 -0.0535225 55.5751 
-0.0545344 0.00373399 0.998505 36.6483 0.0146328 0.999889 -0.00293993 -1.34986 -0.998405 0.0144506 -0.054583 55.5474 
-0.0558079 0.00260924 0.998438 37.4967 0.0146038 0.999892 -0.00179671 -1.36902 -0.998335 0.0144808 -0.0558399 55.5151 
-0.0571155 0.00650892 0.998346 38.3477 0.0144165 0.99988 -0.00569411 -1.38501 -0.998264 0.0140675 -0.0572024 55.4773 
-0.0583821 0.0108662 0.998235 39.2243 0.0153791 0.999832 -0.00998411 -1.39182 -0.998176 0.014769 -0.0585394 55.4457 
-0.0591794 0.013374 0.998158 40.0982 0.0166808 0.999784 -0.0124068 -1.41466 -0.998108 0.0159159 -0.0593897 55.4096 
-0.0601769 0.0144927 0.998083 40.9738 0.0187615 0.999734 -0.0133855 -1.43668 -0.998011 0.01792 -0.0604328 55.366 
-0.060947 0.0160021 0.998013 41.8687 0.0193556 0.999702 -0.0148471 -1.45755 -0.997953 0.0184122 -0.0612385 55.3252 
-0.0625117 0.0158573 0.997918 42.7649 0.0181838 0.999726 -0.014747 -1.47673 -0.997879 0.0172241 -0.0627829 55.2898 
-0.0634045 0.0112787 0.997924 43.684 0.0159531 0.99982 -0.0102865 -1.49776 -0.99786 0.0152678 -0.063573 55.2466 
-0.0648826 0.00955848 0.997847 44.6123 0.0160368 0.999835 -0.00853473 -1.52324 -0.997764 0.0154485 -0.0650252 55.2031 
-0.0663358 0.0129342 0.997714 45.5406 0.0163645 0.999796 -0.0118731 -1.54574 -0.997663 0.0155394 -0.0665339 55.1604 
-0.0668519 0.0166244 0.997624 46.4719 0.0175065 0.999727 -0.0154862 -1.56619 -0.997609 0.0164296 -0.0671247 55.1121 
-0.0665037 0.0181176 0.997622 47.4217 0.0209351 0.99964 -0.0167587 -1.58895 -0.997567 0.0197708 -0.066859 55.0585 
-0.0663249 0.0145834 0.997692 48.3886 0.0252925 0.999597 -0.0129298 -1.61538 -0.997478 0.0243766 -0.066667 55.0001 
-0.0667067 0.00915192 0.997731 49.3683 0.0272815 0.999601 -0.00734504 -1.6325 -0.9974 0.0267296 -0.0669297 54.9476 
-0.066107 0.00610726 0.997794 50.3538 0.0285108 0.999585 -0.00422924 -1.65541 -0.997405 0.0281684 -0.0662537 54.9007 
-0.0645258 0.00767016 0.997887 51.3346 0.0278841 0.999594 -0.00588019 -1.67475 -0.997526 0.0274457 -0.0647135 54.8571 
-0.063866 0.0108532 0.9979 52.3286 0.027538 0.999579 -0.009109 -1.69036 -0.997579 0.0268984 -0.064138 54.8143 
-0.0634735 0.0125015 0.997905 53.3278 0.0220031 0.999696 -0.0111244 -1.72067 -0.997741 0.0212509 -0.0637292 54.7698 
-0.064013 0.0122423 0.997874 54.3438 0.0195185 0.999749 -0.0110132 -1.74565 -0.997758 0.018772 -0.0642359 54.7274 
-0.0645601 0.00750987 0.997886 55.375 0.018839 0.999803 -0.00630543 -1.7638 -0.997736 0.0183921 -0.0646888 54.6785 
-0.0654065 0.00151442 0.997858 56.409 0.0166259 0.999862 -0.000427646 -1.78738 -0.99772 0.0165623 -0.0654226 54.6338 
-0.0660926 0.00219697 0.997811 57.4463 0.0183995 0.99983 -0.000982638 -1.80403 -0.997644 0.0182943 -0.0661218 54.5822 
-0.0662129 0.00554268 0.99779 58.4823 0.0217246 0.999756 -0.00411192 -1.81795 -0.997569 0.0214044 -0.0663172 54.5237 
-0.0672703 0.00848772 0.997699 59.5392 0.0244341 0.999678 -0.00685704 -1.83527 -0.997436 0.0239166 -0.067456 54.4741 
-0.0691518 0.00566501 0.99759 60.5954 0.0251028 0.999677 -0.00393672 -1.85205 -0.99729 0.0247701 -0.0692717 54.4098 
-0.072043 0.000675349 0.997401 61.6661 0.0267285 0.999642 0.00125379 -1.87013 -0.997043 0.0267493 -0.0720352 54.3552 
-0.0749688 -0.00212664 0.997184 62.739 0.0283883 0.999588 0.00426606 -1.88489 -0.996782 0.0286281 -0.0748775 54.2885 
-0.0784059 -0.00111398 0.996921 63.8094 0.0328305 0.999454 0.00369891 -1.8951 -0.996381 0.0330195 -0.0783266 54.214 
-0.0817978 -0.00200673 0.996647 64.8838 0.0359472 0.999341 0.00496249 -1.90708 -0.996 0.0362326 -0.0816718 54.1387 
-0.0854669 -0.00407069 0.996333 65.95 0.0398093 0.999179 0.00749726 -1.9222 -0.995545 0.0403041 -0.0852347 54.0619 
-0.0882089 -0.00373839 0.996095 67.017 0.0436032 0.99902 0.00761068 -1.93587 -0.995147 0.0441043 -0.0879595 53.9815 
-0.0904599 0.000438894 0.9959 68.0947 0.0469553 0.99889 0.00382489 -1.93506 -0.994793 0.0471088 -0.0903801 53.8992 
-0.0921515 0.00487825 0.995733 69.1425 0.0490521 0.998796 -0.000353621 -1.95598 -0.994536 0.0488103 -0.0922798 53.8158 
-0.0934167 0.0075996 0.995598 70.2177 0.0526828 0.998608 -0.00267932 -1.97467 -0.994232 0.0522006 -0.093687 53.7312 
-0.0926607 0.00683707 0.995674 71.2871 0.051836 0.998654 -0.00203347 -1.99564 -0.994348 0.0514233 -0.0928904 53.6474 
-0.0898247 0.00448899 0.995948 72.3551 0.053333 0.998577 0.000309313 -2.01546 -0.994529 0.0531447 -0.0899363 53.5687 
-0.085301 0.00115408 0.996355 73.4453 0.0567508 0.998382 0.00370222 -2.03049 -0.994738 0.0568597 -0.0852284 53.4993 
-0.0802883 -0.00152053 0.996771 74.5272 0.0567951 0.998367 0.00609776 -2.03981 -0.995152 0.0571012 -0.0800708 53.4389 
-0.0752778 -0.00462296 0.997152 75.5972 0.0579709 0.998278 0.00900461 -2.04839 -0.995476 0.0584836 -0.0748802 53.3751 
-0.0705396 -0.00581412 0.997492 76.6742 0.0591148 0.998201 0.00999871 -2.06228 -0.995756 0.0596719 -0.070069 53.32 
-0.0667391 -0.00165986 0.997769 77.729 0.0592049 0.99823 0.00562079 -2.07583 -0.996012 0.059448 -0.0665227 53.2633 
-0.0646239 0.00299833 0.997905 78.7953 0.0583577 0.998295 0.000779756 -2.08835 -0.996202 0.0582859 -0.0646887 53.2104 
-0.0631762 0.00292934 0.997998 79.8724 0.0588725 0.998265 0.000796716 -2.10319 -0.996264 0.058805 -0.063239 53.1584 
-0.0625974 0.000939387 0.998038 80.9727 0.0596068 0.998218 0.00279905 -2.12477 -0.996257 0.0596651 -0.0625419 53.1327 
-0.0602657 0.00383296 0.998175 82.0467 0.0599385 0.998202 -0.00021419 -2.14236 -0.996381 0.0598162 -0.060387 53.0774 
-0.0583504 0.00980562 0.998248 83.1201 0.0595893 0.998203 -0.00632198 -2.16228 -0.996516 0.059116 -0.0588299 53.0358 
-0.055449 0.0125718 0.998382 84.1852 0.0585027 0.998244 -0.00932089 -2.18852 -0.996746 0.0578912 -0.0560871 52.9856 
-0.0532691 0.0118801 0.99851 85.2717 0.0586968 0.998238 -0.00874545 -2.21834 -0.996854 0.0581434 -0.0538725 52.9507 
-0.0497544 0.00877728 0.998723 86.3619 0.056749 0.998371 -0.00594702 -2.24546 -0.997148 0.0563807 -0.0501714 52.9182 
-0.0456497 0.00456949 0.998947 87.462 0.0563115 0.998411 -0.00199369 -2.26768 -0.997369 0.0561612 -0.0458345 52.8961 
-0.0410486 0.00207851 0.999155 88.5475 0.0548242 0.998496 0.000175261 -2.29182 -0.997652 0.054785 -0.0411008 52.87 
-0.0378354 0.00592208 0.999266 89.6269 0.0504577 0.998718 -0.0040083 -2.31852 -0.998009 0.050269 -0.0380858 52.8572 
-0.03622 0.0153573 0.999226 90.7296 0.0468619 0.998808 -0.0136522 -2.34313 -0.998245 0.0463311 -0.0368965 52.8481 
-0.0353338 0.0232329 0.999106 91.8022 0.041311 0.998909 -0.0217673 -2.38349 -0.998521 0.0405049 -0.0362551 52.8344 
-0.0350041 0.0227317 0.999129 92.8817 0.0404673 0.998954 -0.0213099 -2.42006 -0.998568 0.0396861 -0.0358873 52.8176 
-0.0342997 0.0166341 0.999273 93.9819 0.0404539 0.999065 -0.0152421 -2.45662 -0.998593 0.0399017 -0.0349406 52.7993 
-0.0358424 0.010841 0.999299 95.0858 0.0419968 0.999074 -0.00933224 -2.48171 -0.998475 0.0416329 -0.0362645 52.7757 
-0.037918 0.00483534 0.999269 96.1853 0.0401692 0.999187 -0.00331065 -2.50541 -0.998473 0.0400143 -0.0380814 52.7531 
-0.0398038 -0.000148636 0.999208 97.2739 0.0400716 0.999195 0.00174494 -2.53217 -0.998404 0.0401093 -0.0397658 52.7222 
-0.0419668 0.000713802 0.999119 98.3727 0.0405767 0.999176 0.000990571 -2.54971 -0.998295 0.0405825 -0.0419612 52.6948 
-0.0438387 0.000941117 0.999038 99.4508 0.0406225 0.999174 0.00084135 -2.56741 -0.998212 0.0406204 -0.0438407 52.6645 
-0.0456469 -0.00022066 0.998958 100.536 0.0421865 0.999107 0.00214843 -2.58637 -0.998066 0.0422406 -0.0455969 52.6331 
-0.0464137 0.00148661 0.998921 101.613 0.0427551 0.999086 0.000499758 -2.60993 -0.998007 0.0427322 -0.0464349 52.5979 
-0.0467874 0.00985713 0.998856 102.676 0.0439842 0.999002 -0.00779827 -2.63321 -0.997936 0.043569 -0.0471743 52.5615 
-0.0471869 0.0176244 0.998731 103.732 0.0408254 0.999043 -0.015701 -2.66312 -0.998051 0.0400327 -0.0478612 52.5319 
-0.0485526 0.0178862 0.998661 104.797 0.0382934 0.999138 -0.016033 -2.69538 -0.998086 0.0374637 -0.0491956 52.5016 
-0.0510433 0.0119596 0.998625 105.872 0.0340522 0.999368 -0.010228 -2.73085 -0.998116 0.0334833 -0.0514183 52.4743 
-0.0541639 0.00424466 0.998523 106.937 0.0278898 0.999607 -0.00273637 -2.75797 -0.998143 0.0277004 -0.054261 52.4468 
-0.05607 -0.0039072 0.998419 107.999 0.0261126 0.999645 0.00537849 -2.77667 -0.998085 0.0263729 -0.055948 52.4093 
-0.0578409 -0.0104194 0.998271 109.056 0.0293982 0.999494 0.0121356 -2.79238 -0.997893 0.0300493 -0.0575053 52.3621 
-0.0598046 -0.0105641 0.998154 110.104 0.0285451 0.999517 0.0122889 -2.80037 -0.997802 0.0292273 -0.0594741 52.3229 
-0.0604059 -0.00323842 0.998169 111.137 0.0324241 0.999461 0.00520486 -2.81926 -0.997647 0.0326791 -0.0602684 52.2701 
-0.0607114 0.0113569 0.998091 112.159 0.0410201 0.999119 -0.00887339 -2.83998 -0.997312 0.0404031 -0.0611238 52.2069 
-0.061918 0.0226409 0.997824 113.175 0.0462612 0.998733 -0.0197908 -2.86371 -0.997009 0.0449352 -0.062887 52.1565 
-0.0619761 0.0195372 0.997886 114.196 0.0460108 0.998801 -0.0166975 -2.89622 -0.997017 0.0448787 -0.0628007 52.1034 
-0.0616861 0.00910038 0.998054 115.229 0.0484126 0.998809 -0.00611501 -2.92391 -0.996921 0.0479412 -0.0620532 52.0514 
-0.0613846 -0.000645736 0.998114 116.26 0.0486301 0.99881 0.00363701 -2.94059 -0.996929 0.0487617 -0.0612802 52.0068 
-0.0613527 -0.0058098 0.998099 117.285 0.0464176 0.998885 0.00866768 -2.95507 -0.997036 0.0468612 -0.0610145 51.9661 
-0.0614043 -0.011325 0.998049 118.306 0.0444517 0.998912 0.0140697 -2.96417 -0.997123 0.0452289 -0.0608341 51.9217 
-0.0608694 -0.0148713 0.998035 119.319 0.0420655 0.998962 0.0174507 -2.97536 -0.997259 0.0430451 -0.0601806 51.8762 
-0.0607809 -0.0126429 0.998071 120.322 0.0410957 0.99904 0.0151579 -2.98304 -0.997305 0.0419377 -0.060203 51.8314 
-0.0598198 -0.00573297 0.998193 121.322 0.0385538 0.999224 0.00804939 -2.99037 -0.997464 0.0389656 -0.0595523 51.7857 
-0.0595078 0.000571098 0.998228 122.314 0.0379203 0.999279 0.0016889 -2.99869 -0.997507 0.0379536 -0.0594866 51.7421 
-0.0594948 0.00562245 0.998213 123.292 0.0389535 0.999236 -0.00330649 -3.01814 -0.997468 0.0386872 -0.0596684 51.7028 
-0.0589738 0.00999462 0.99821 124.272 0.0404459 0.999153 -0.0076145 -3.04392 -0.99744 0.0399245 -0.059328 51.6533 
-0.0586231 0.0146728 0.998172 125.23 0.040359 0.999109 -0.0123162 -3.06801 -0.997464 0.0395632 -0.0591631 51.6129 
-0.058717 0.0138482 0.998179 126.194 0.0416536 0.999067 -0.0114103 -3.09412 -0.997405 0.0409078 -0.059239 51.5726 
-0.058283 0.00747217 0.998272 127.164 0.0409665 0.999148 -0.0050869 -3.1214 -0.997459 0.0405992 -0.0585394 51.5293 
-0.0587968 -0.00183508 0.998268 128.12 0.0388082 0.999238 0.00412266 -3.13798 -0.997515 0.0389834 -0.0586807 51.4928 
-0.0597919 -0.00989365 0.998162 129.059 0.0336447 0.999363 0.011921 -3.15557 -0.997644 0.0342956 -0.0594209 51.4603 
-0.0621649 -0.0129857 0.997981 129.979 0.0287258 0.999478 0.0147946 -3.16636 -0.997652 0.0295875 -0.0617595 51.4278 
-0.0637944 -0.0103342 0.99791 130.881 0.0237202 0.999648 0.0118687 -3.17609 -0.997681 0.0244278 -0.0635269 51.391 
-0.0653301 -0.00339711 0.997858 131.762 0.0209456 0.999769 0.00477498 -3.19112 -0.997644 0.0212127 -0.0652439 51.3562 
-0.0657865 0.00409081 0.997825 132.624 0.022369 0.999746 -0.00262386 -3.20292 -0.997583 0.0221478 -0.0658613 51.3109 
-0.064334 0.00971899 0.997881 133.454 0.0266403 0.999613 -0.0080183 -3.2272 -0.997573 0.026068 -0.0645681 51.264 
-0.0610718 0.0121564 0.998059 134.285 0.0305223 0.999481 -0.010306 -3.25186 -0.997667 0.0298337 -0.0614111 51.2214 
-0.0563158 0.0113482 0.998349 135.096 0.0350983 0.99934 -0.00937957 -3.27675 -0.997796 0.0345121 -0.0566769 51.1848 
-0.0513363 0.00625101 0.998662 135.888 0.037954 0.99927 -0.00430375 -3.29936 -0.99796 0.0376823 -0.0515361 51.1538 
-0.0474572 0.00234413 0.998871 136.656 0.0383085 0.999266 -0.00052495 -3.32308 -0.998138 0.0382403 -0.0475121 51.1319 
-0.0429667 0.00268932 0.999073 137.398 0.0390956 0.999235 -0.00100835 -3.34489 -0.998311 0.0390161 -0.043039 51.1106 
-0.0381023 0.0069964 0.999249 138.106 0.0406859 0.999157 -0.00544432 -3.36849 -0.998445 0.0404479 -0.0383549 51.0934 
-0.0339142 0.0109256 0.999365 138.786 0.0400221 0.999153 -0.0095651 -3.39006 -0.998623 0.0396723 -0.0343227 51.0863 
-0.0295606 0.0114344 0.999498 139.428 0.0413492 0.999093 -0.0102068 -3.41148 -0.998707 0.0410267 -0.0300066 51.0795 
-0.0253693 0.0113551 0.999614 140.048 0.0392923 0.999174 -0.0103529 -3.43259 -0.998906 0.0390144 -0.0257945 51.08 
-0.0213888 0.0104421 0.999717 140.643 0.0343084 0.999364 -0.0097043 -3.45499 -0.999182 0.0340912 -0.0217334 51.0832 
-0.0181577 0.0107394 0.999778 141.213 0.0297426 0.999506 -0.0101962 -3.47639 -0.999393 0.0295508 -0.0184681 51.0993 
-0.0154232 0.0141462 0.999781 141.75 0.0279396 0.999516 -0.0137114 -3.49217 -0.999491 0.027722 -0.0158109 51.1048 
-0.0142552 0.0180954 0.999735 142.281 0.02675 0.999485 -0.0177095 -3.51229 -0.999541 0.0264904 -0.0147319 51.1048 
-0.0146028 0.0191921 0.999709 142.817 0.0241311 0.999531 -0.0188361 -3.53041 -0.999602 0.023849 -0.015059 51.1096 
-0.0164772 0.0174772 0.999712 143.347 0.0174465 0.9997 -0.0171894 -3.5467 -0.999712 0.0171582 -0.0167771 51.1167 
-0.0185537 0.0133674 0.999739 143.88 0.0122346 0.999839 -0.0131416 -3.56262 -0.999753 0.0119876 -0.0187143 51.1212 
-0.0207653 0.00815046 0.999751 144.405 0.0116767 0.999901 -0.0079091 -3.57864 -0.999716 0.0115095 -0.0208584 51.1199 
-0.0227535 0.00512269 0.999728 144.928 0.0151668 0.999874 -0.0047782 -3.59634 -0.999626 0.0150539 -0.0228284 51.1056 
-0.0251814 0.00729547 0.999656 145.44 0.0171886 0.999829 -0.00686371 -3.6144 -0.999535 0.0170098 -0.0253025 51.0938 
-0.0283606 0.0104886 0.999543 145.947 0.0165009 0.999814 -0.0100232 -3.63055 -0.999462 0.0162091 -0.0285284 51.087 
-0.0310012 0.0122351 0.999445 146.447 0.0129551 0.999846 -0.0118382 -3.64292 -0.999435 0.0125809 -0.031155 51.0861 
-0.0333766 0.0138723 0.999347 146.944 0.012409 0.999832 -0.0134645 -3.65387 -0.999366 0.0119515 -0.0335432 51.0812 
-0.0355404 0.0153856 0.99925 147.44 0.0135244 0.999797 -0.014913 -3.66361 -0.999277 0.0129842 -0.0357413 51.0717 
-0.0385837 0.0131298 0.999169 147.939 0.0139995 0.999823 -0.0125977 -3.67491 -0.999157 0.0135018 -0.0387607 51.0641 
-0.0409644 0.00768844 0.999131 148.438 0.0132936 0.999886 -0.00714917 -3.69162 -0.999072 0.0129892 -0.041062 51.0493 
-0.043196 0.00457239 0.999056 148.935 0.0126447 0.999912 -0.00402955 -3.70099 -0.998987 0.0124587 -0.04325 51.033 
-0.0460454 0.00374902 0.998932 149.432 0.0100307 0.999944 -0.00329041 -3.70803 -0.998889 0.00986852 -0.0460805 51.0235 
-0.0481291 0.002205 0.998839 149.921 0.00881283 0.99996 -0.00178278 -3.72236 -0.998802 0.00871679 -0.0481466 51.0129 
-0.0494003 0.000585518 0.998779 150.41 0.00817086 0.999967 -0.000182037 -3.73565 -0.998746 0.00815189 -0.0494035 50.9993 
-0.0505593 0.000426885 0.998721 150.893 0.00775387 0.99997 -3.48457e-05 -3.74407 -0.998691 0.00774219 -0.0505611 50.9892 
-0.0497156 0.00219204 0.998761 151.378 0.0104665 0.999944 -0.00167361 -3.75192 -0.998709 0.0103703 -0.0497357 50.9753 
-0.0448829 0.00490184 0.99898 151.855 0.0129548 0.999907 -0.00432431 -3.76036 -0.998908 0.0127475 -0.0449422 50.9612 
-0.0374329 0.0066727 0.999277 152.322 0.0130841 0.999895 -0.00618666 -3.771 -0.999214 0.012843 -0.0375162 50.9536 
-0.0275058 0.00671086 0.999599 152.786 0.0108569 0.999921 -0.00641423 -3.77915 -0.999563 0.0106761 -0.0275765 50.963 
-0.0120307 0.00567375 0.999912 153.246 0.0125844 0.999906 -0.00552226 -3.78805 -0.999848 0.0125168 -0.0121009 50.9745 
0.0104796 0.00614833 0.999926 153.699 0.0181341 0.999816 -0.00633765 -3.79242 -0.999781 0.0181991 0.0103662 50.9905 
0.0403073 0.00668535 0.999165 154.142 0.0245963 0.999668 -0.00768092 -3.80026 -0.998885 0.0248854 0.0401295 51.0218 
0.0767144 0.00574327 0.997037 154.579 0.0259477 0.999633 -0.00775466 -3.81434 -0.996715 0.0264657 0.0765373 51.0782 
0.117393 0.0055108 0.99307 155.002 0.0226613 0.999709 -0.00822645 -3.83024 -0.992827 0.02347 0.117234 51.1666 
0.159352 0.00884933 0.987182 155.421 0.0176798 0.999774 -0.0118161 -3.84002 -0.987064 0.0193361 0.15916 51.274 
0.200811 0.0132583 0.97954 155.832 0.0169022 0.999713 -0.0169963 -3.85235 -0.979484 0.0199694 0.200529 51.3975 
0.243119 0.0172094 0.969844 156.229 0.0178473 0.999594 -0.0222112 -3.86544 -0.969832 0.022709 0.242713 51.5294 
0.285513 0.0196195 0.958174 156.628 0.0184644 0.999492 -0.0259675 -3.87761 -0.958197 0.0251062 0.285005 51.6815 
0.327084 0.0217914 0.944744 157.01 0.0147134 0.999496 -0.0281482 -3.88486 -0.944881 0.0231072 0.326598 51.8541 
0.367167 0.0261074 0.929789 157.367 0.00628073 0.999514 -0.0305453 -3.89387 -0.930134 0.017055 0.366825 52.0492 
0.406911 0.03133 0.91293 157.715 -0.00270739 0.999449 -0.0330924 -3.90756 -0.913464 0.010994 0.406772 52.2572 
0.446357 0.0370347 0.894088 158.073 -0.00758954 0.999264 -0.0376022 -3.92664 -0.894823 0.0099983 0.446309 52.479 
0.484524 0.040588 0.873836 158.421 -0.00902796 0.999102 -0.0414005 -3.94722 -0.874731 0.0121706 0.484455 52.7168 
0.522288 0.0394884 0.851854 158.769 -0.00759177 0.999103 -0.0416596 -3.96815 -0.852735 0.0152912 0.522119 52.9683 
0.558305 0.0381807 0.828757 159.116 -0.00955217 0.99917 -0.0395966 -3.98421 -0.829581 0.0141905 0.558206 53.2428 
0.591637 0.0390036 0.80526 159.449 -0.0144825 0.999182 -0.0377559 -4.00397 -0.806074 0.0106756 0.591718 53.5434 
0.623225 0.0431891 0.780849 159.775 -0.0219271 0.999046 -0.0377568 -4.02513 -0.781735 0.00640926 0.623577 53.8661 
0.653136 0.0465728 0.755807 160.099 -0.0275164 0.998907 -0.037774 -4.04677 -0.75674 0.00387453 0.653704 54.2071 
0.680979 0.0474938 0.730761 160.417 -0.0278466 0.998852 -0.038968 -4.06888 -0.731773 0.00618718 0.68152 54.5545 
0.706251 0.0457396 0.706482 160.749 -0.0233485 0.998873 -0.0413288 -4.08393 -0.707576 0.0126932 0.706523 54.9193 
0.728759 0.0472296 0.683139 161.067 -0.0250586 0.99879 -0.0423205 -4.10122 -0.684311 0.013723 0.729061 55.306 
0.748396 0.0515461 0.661247 161.378 -0.0323599 0.998626 -0.041221 -4.12106 -0.662463 0.00945173 0.749035 55.7185 
0.76473 0.0538177 0.642099 161.69 -0.0398473 0.998549 -0.036236 -4.14851 -0.643117 0.00212485 0.765765 56.1479 
0.777841 0.05187 0.626317 162.009 -0.0409609 0.998653 -0.0318353 -4.17149 -0.627125 -0.000891686 0.778918 56.5893 
0.788862 0.0463741 0.612818 162.34 -0.0366118 0.998924 -0.0284628 -4.19204 -0.613479 1.69223e-05 0.789711 57.0337 
0.798203 0.0388459 0.601134 162.68 -0.030559 0.999245 -0.0239949 -4.21416 -0.601613 0.000782754 0.798788 57.4918 
0.805464 0.0323123 0.591763 163.017 -0.0259995 0.999478 -0.0191863 -4.23463 -0.592074 6.8331e-05 0.805883 57.9704 
0.812228 0.0285161 0.582642 163.359 -0.0238096 0.999593 -0.0157311 -4.25409 -0.582854 -0.00109519 0.812577 58.4701 
0.8192 0.0256568 0.572933 163.695 -0.0215754 0.99967 -0.0139173 -4.26695 -0.573101 -0.000960146 0.819484 58.9838 
0.826595 0.0213381 0.562392 164.04 -0.0163471 0.99977 -0.0139062 -4.28322 -0.562559 0.00230133 0.826754 59.5082 
0.83321 0.0217499 0.552529 164.39 -0.0145865 0.999743 -0.0173578 -4.30191 -0.552765 0.00640326 0.833313 60.0512 
0.838822 0.025637 0.543801 164.724 -0.0158666 0.999618 -0.0226513 -4.31971 -0.544174 0.0103722 0.838908 60.6111 
0.843057 0.0310377 0.536928 165.065 -0.0191313 0.999432 -0.0277342 -4.33554 -0.537484 0.0131095 0.843172 61.2002 
0.845157 0.0355587 0.533335 165.415 -0.0220955 0.999256 -0.0316088 -4.35606 -0.534062 0.0149301 0.845314 61.7944 
0.84508 0.0402803 0.533121 165.774 -0.0272846 0.999108 -0.0322377 -4.38341 -0.533944 0.0126974 0.845425 62.4006 
0.843227 0.0405763 0.536024 166.149 -0.0299095 0.999144 -0.0285828 -4.41096 -0.536725 0.00806966 0.843719 63.0295 
0.840721 0.0419725 0.53984 166.535 -0.0322019 0.999102 -0.0275302 -4.44333 -0.540511 0.00576131 0.841317 63.6663 
0.837908 0.043165 0.544103 166.93 -0.0342878 0.999062 -0.0264554 -4.47439 -0.544734 0.0035111 0.838602 64.3014 
0.835025 0.0432773 0.548507 167.345 -0.0354826 0.999062 -0.0248088 -4.49999 -0.549066 0.00125347 0.835778 64.9512 
0.831824 0.0407672 0.55354 167.768 -0.0325547 0.999166 -0.0246655 -4.52547 -0.554083 0.00249708 0.832458 65.6073 
0.828426 0.0380936 0.558802 168.197 -0.0309963 0.999274 -0.0221685 -4.5511 -0.559241 0.00104418 0.829005 66.2658 
0.824426 0.0388378 0.564636 168.641 -0.0322101 0.999246 -0.0217018 -4.57783 -0.565053 -0.000295422 0.825054 66.9452 
0.820989 0.0408052 0.569483 169.093 -0.0334178 0.999167 -0.0234168 -4.60766 -0.569965 0.000194103 0.821669 67.6222 
0.818048 0.0417997 0.573629 169.562 -0.0323213 0.999121 -0.0267115 -4.63689 -0.574241 0.00331087 0.81868 68.3079 
0.815144 0.0438645 0.577595 170.031 -0.0325057 0.999021 -0.0299946 -4.67019 -0.578346 0.00567478 0.815772 68.9966 
0.812397 0.0432347 0.581499 170.513 -0.0318869 0.999049 -0.0297313 -4.69903 -0.582232 0.00561145 0.813003 69.6967 
0.809938 0.0402136 0.585135 171.009 -0.0331496 0.999191 -0.0227843 -4.73248 -0.585578 -0.000943115 0.810616 70.4154 
0.8073 0.0367758 0.588995 171.498 -0.033061 0.999307 -0.0170803 -4.76182 -0.589215 -0.0056838 0.807956 71.1339 
0.805472 0.0353819 0.591576 172.003 -0.0288543 0.999374 -0.0204849 -4.79896 -0.591931 -0.000569435 0.805989 71.83 
0.804331 0.0401865 0.592821 172.499 -0.0269213 0.99915 -0.0312045 -4.83542 -0.593572 0.00913921 0.804729 72.5155 
0.802965 0.0426652 0.594498 172.996 -0.0247573 0.998961 -0.0382535 -4.87461 -0.595512 0.0159981 0.803187 73.2019 
0.802105 0.0389185 0.595913 173.5 -0.0203884 0.999077 -0.0378057 -4.91911 -0.596834 0.0181744 0.802159 73.9004 
0.801584 0.0333032 0.596954 174.012 -0.0178602 0.999336 -0.0317689 -4.96394 -0.597615 0.0148038 0.801646 74.6049 
0.801117 0.0289933 0.597805 174.518 -0.0147241 0.999478 -0.0287424 -5.00653 -0.598327 0.014224 0.801126 75.3095 
0.801461 0.0241406 0.59756 175.028 -0.0101858 0.999591 -0.0267205 -5.04561 -0.597961 0.0153288 0.801379 76.0059 
0.801952 0.0197987 0.59706 175.539 -0.0050008 0.999638 -0.0264313 -5.08786 -0.597367 0.0182109 0.801761 76.6967 
0.802706 0.0177783 0.59611 176.036 -0.00216773 0.999636 -0.0268939 -5.12802 -0.596371 0.0202957 0.802452 77.3833 
0.803304 0.0201819 0.595227 176.519 -0.00168817 0.999499 -0.0316108 -5.16703 -0.595567 0.0243883 0.802935 78.066 
0.803799 0.0198305 0.594571 177.002 0.00158301 0.999369 -0.0354715 -5.21016 -0.5949 0.0294532 0.80326 78.7438 
0.804038 0.0172562 0.594327 177.493 0.00364956 0.999417 -0.0339552 -5.24863 -0.594566 0.0294704 0.803506 79.4314 
0.80377 0.0153939 0.594741 177.978 0.00144129 0.999612 -0.027821 -5.28905 -0.594939 0.0232189 0.803436 80.1149 
0.803236 0.00946277 0.595586 178.465 0.00202431 0.999825 -0.0186154 -5.32838 -0.595657 0.0161582 0.803076 80.7981 
0.802983 0.00438749 0.595985 178.946 0.00474921 0.999894 -0.0137596 -5.36023 -0.595983 0.0138792 0.802877 81.4583 
0.802316 0.00147011 0.596898 179.415 0.00761141 0.999891 -0.0126934 -5.39028 -0.596851 0.0147274 0.802217 82.1026 
0.801391 0.00513974 0.598119 179.866 0.00547181 0.999858 -0.0159233 -5.41977 -0.598116 0.0160336 0.801249 82.7325 
0.800079 0.0131332 0.599751 180.306 0.0020217 0.999696 -0.0245881 -5.45539 -0.599891 0.0208849 0.799809 83.3536 
0.798656 0.0173486 0.601538 180.743 0.00250423 0.99948 -0.0321502 -5.48711 -0.601783 0.0271834 0.798197 83.9524 
0.796544 0.0168636 0.604345 181.17 0.00589486 0.999347 -0.0356553 -5.52704 -0.604552 0.0319636 0.795924 84.5287 
0.794104 0.0139321 0.607622 181.593 0.00766752 0.999428 -0.0329364 -5.55765 -0.607733 0.0308139 0.793543 85.0973 
