1 2.12261e-08 -2.11895e-08 0 2.12261e-08 1 2.10703e-08 0 -2.11895e-08 2.10703e-08 1 0 
0.999931 -0.00301695 0.0113837 0.0126897 0.00300525 0.999995 0.00104916 -0.0051514 -0.0113869 -0.00101484 0.999935 0.293635 
0.999829 -0.0050692 0.0177592 0.0275426 0.00504798 0.999987 0.00124223 -0.0108075 -0.0177653 -0.00115233 0.999842 0.591583 
0.999778 -0.00780922 0.0195569 0.0359353 0.00781016 0.99997 3.05263e-05 -0.0135927 -0.0195566 0.000122265 0.999809 0.88894 
0.999809 -0.0092347 0.0172292 0.0377766 0.00926129 0.999956 -0.00146184 -0.0159937 -0.017215 0.00162117 0.999851 1.20528 
0.999878 -0.0118443 0.0101917 0.0382763 0.0118755 0.999925 -0.00300199 -0.0156244 -0.0101554 0.00312269 0.999944 1.52099 
0.999906 -0.0134913 -0.00239232 0.0303266 0.0134794 0.999897 -0.00493623 -0.0188154 0.00245863 0.00490357 0.999985 1.85103 
0.99974 -0.0127529 -0.0189108 0.0021486 0.0126594 0.999907 -0.00505663 -0.0255151 0.0189735 0.00481596 0.999808 2.19175 
0.999227 -0.00825554 -0.0384349 -0.035314 0.00804951 0.999952 -0.00551346 -0.0271288 0.0384785 0.00519986 0.999246 2.54359 
0.998287 -0.00486334 -0.0583051 -0.0819463 0.00448297 0.999968 -0.00665353 -0.0337528 0.0583356 0.00638079 0.998277 2.90427 
0.9969 -0.00467664 -0.0785449 -0.131092 0.00414029 0.999967 -0.0069906 -0.0405029 0.078575 0.00664377 0.996886 3.2695 
0.994964 -0.0062537 -0.100038 -0.181836 0.00563869 0.999963 -0.0064297 -0.0421796 0.100075 0.00583328 0.994963 3.6507 
0.992731 -0.00748028 -0.120118 -0.242889 0.00681422 0.999959 -0.00595511 -0.045596 0.120158 0.00509336 0.992742 4.04159 
0.990418 -0.00657583 -0.137948 -0.319847 0.00590941 0.999969 -0.00524023 -0.0517097 0.137978 0.00437487 0.990426 4.4429 
0.988105 -0.00539166 -0.153684 -0.403763 0.00476177 0.999979 -0.00446664 -0.0591122 0.153705 0.00368174 0.98811 4.86289 
0.985924 -0.00482882 -0.167123 -0.493537 0.00409149 0.99998 -0.00475617 -0.0642368 0.167143 0.00400549 0.985925 5.29046 
0.983706 -0.00656254 -0.179666 -0.583776 0.0056482 0.999968 -0.00560043 -0.072461 0.179697 0.00449444 0.983712 5.72517 
0.981837 -0.0102661 -0.189451 -0.679547 0.00894017 0.999929 -0.00785205 -0.0821089 0.189518 0.00601575 0.981859 6.16605 
0.980297 -0.00968313 -0.197293 -0.789045 0.00790155 0.999921 -0.00981551 -0.0869499 0.197373 0.00806324 0.980295 6.62761 
0.978778 -0.00946537 -0.204707 -0.904651 0.00722903 0.999906 -0.0116699 -0.0935069 0.204798 0.00994244 0.978754 7.10082 
0.977067 -0.0102427 -0.212685 -1.02715 0.00734372 0.999869 -0.0144163 -0.106402 0.212804 0.0125238 0.977015 7.57753 
0.975356 -0.0139059 -0.220198 -1.15127 0.0106534 0.999816 -0.0159517 -0.118112 0.220379 0.0132128 0.975325 8.07679 
0.973352 -0.0206855 -0.22838 -1.27079 0.0172466 0.999706 -0.0170434 -0.131252 0.228665 0.0126505 0.973423 8.58835 
0.971355 -0.0207456 -0.236726 -1.41607 0.0166228 0.999674 -0.0193989 -0.147809 0.237051 0.0149082 0.971383 9.09714 
0.969332 -0.0161899 -0.245223 -1.58038 0.0105235 0.999647 -0.0243999 -0.153632 0.245531 0.0210711 0.96916 9.63661 
0.967187 -0.0131355 -0.253726 -1.7423 0.00645359 0.999611 -0.0271498 -0.176947 0.253984 0.0246216 0.966895 10.1791 
0.964786 -0.0157141 -0.262568 -1.90217 0.00841906 0.999547 -0.0288854 -0.198325 0.262903 0.0256577 0.964481 10.7326 
0.962416 -0.0186127 -0.270941 -2.0693 0.0105617 0.999459 -0.0311431 -0.217721 0.271374 0.0271111 0.962092 11.29 
0.960278 -0.0169721 -0.278528 -2.26206 0.00774805 0.999386 -0.0341849 -0.239351 0.278937 0.030669 0.959819 11.863 
0.957931 -0.0162749 -0.286536 -2.45539 0.00586249 0.999292 -0.0371595 -0.271135 0.286938 0.0339165 0.957349 12.4413 
0.955842 -0.0169918 -0.29339 -2.66531 0.00464316 0.999076 -0.042735 -0.297387 0.293845 0.0394857 0.955037 13.0323 
0.953975 -0.0179381 -0.29935 -2.87045 0.0029588 0.998724 -0.0504178 -0.329617 0.299873 0.0472117 0.95281 13.6498 
0.952751 -0.0187413 -0.303175 -3.08908 0.000928053 0.99827 -0.0587934 -0.364667 0.303752 0.0557342 0.95112 14.2641 
0.951585 -0.0184789 -0.30683 -3.31843 -0.00242213 0.99771 -0.0675993 -0.406947 0.307377 0.0650697 0.949361 14.8903 
0.950333 -0.0170407 -0.310767 -3.54936 -0.00725919 0.997015 -0.0768695 -0.453318 0.31115 0.0753076 0.947373 15.5115 
0.949058 -0.0162692 -0.314682 -3.78796 -0.010645 0.996441 -0.0836211 -0.514163 0.314923 0.0827111 0.945507 16.1573 
0.947574 -0.0161481 -0.319129 -4.08568 -0.0133568 0.995848 -0.0900504 -0.570907 0.319258 0.0895919 0.943423 16.8557 
0.945937 -0.0145798 -0.324023 -4.3332 -0.0174717 0.995248 -0.0957887 -0.640461 0.32388 0.0962713 0.941187 17.5149 
0.944357 -0.0129309 -0.328669 -4.59994 -0.0215012 0.994663 -0.100912 -0.718637 0.32822 0.102364 0.939039 18.1908 
0.942722 -0.00958284 -0.333441 -4.87314 -0.0267294 0.994203 -0.104144 -0.792602 0.332506 0.107091 0.937001 18.8415 
0.940991 -0.00910908 -0.33831 -5.14772 -0.0282772 0.994026 -0.105416 -0.874565 0.337249 0.108762 0.935112 19.5462 
0.93887 -0.00851914 -0.344165 -5.42873 -0.029343 0.994076 -0.104653 -0.959686 0.343018 0.108355 0.933058 20.2488 
0.936503 -0.00833004 -0.35056 -5.69705 -0.0296388 0.99426 -0.102804 -1.05069 0.349404 0.106667 0.930881 20.9314 
0.934126 -0.00774419 -0.356859 -5.99774 -0.030416 0.994401 -0.101197 -1.12981 0.355645 0.105385 0.928661 21.6469 
0.930849 -0.00634706 -0.36535 -6.3075 -0.031708 0.994675 -0.0980669 -1.21361 0.364026 0.10287 0.92569 22.3892 
0.927809 -0.00387406 -0.373035 -6.64415 -0.0330629 0.995157 -0.0925689 -1.29175 0.371587 0.0982199 0.923188 23.1356 
0.924216 -0.000530307 -0.381871 -6.97722 -0.0356968 0.9955 -0.0877769 -1.36584 0.380199 0.0947564 0.920038 23.8902 
0.920842 0.00330626 -0.389923 -7.33024 -0.0389993 0.995731 -0.0836579 -1.44279 0.387981 0.0922424 0.91704 24.6363 
0.916993 0.00438843 -0.398879 -7.68723 -0.0404189 0.995815 -0.0819642 -1.5145 0.39685 0.0912829 0.913333 25.3958 
0.912921 0.00386745 -0.408119 -8.05243 -0.0402342 0.995937 -0.0805621 -1.59385 0.406149 0.0899672 0.909367 26.1734 
0.909031 0.00384063 -0.416711 -8.42449 -0.0405284 0.996032 -0.0792304 -1.66614 0.414753 0.0889116 0.90558 26.9362 
0.905196 0.00483367 -0.424967 -8.81075 -0.0418108 0.996097 -0.077729 -1.73457 0.422933 0.0881282 0.901866 27.6995 
0.901347 0.00343404 -0.433083 -9.20505 -0.0399948 0.996356 -0.0753383 -1.80745 0.431246 0.0852271 0.8982 28.485 
0.897496 0.00463139 -0.440998 -9.61595 -0.0402407 0.996634 -0.0714292 -1.87394 0.439183 0.0818535 0.894661 29.2717 
0.893922 0.00709282 -0.448166 -10.0457 -0.0409797 0.99698 -0.0659605 -1.9393 0.446345 0.0773294 0.891513 30.0696 
0.890229 0.00742636 -0.455454 -10.4877 -0.0401514 0.997255 -0.0622192 -2.0012 0.453741 0.0736765 0.888083 30.8795 
0.886702 0.00661518 -0.462295 -10.9336 -0.0389999 0.997404 -0.0605314 -2.06597 0.460694 0.0717028 0.884658 31.6851 
0.883655 0.00609409 -0.4681 -11.3962 -0.0385092 0.997473 -0.0597099 -2.12448 0.466553 0.0707892 0.881656 32.5 
0.88038 0.00702549 -0.474218 -11.8528 -0.0389635 0.997582 -0.0575563 -2.18632 0.472666 0.0691486 0.878524 33.3148 
0.877592 0.00770072 -0.479347 -12.359 -0.0397901 0.997591 -0.0568217 -2.24853 0.477755 0.0689395 0.875784 34.164 
0.875134 0.00687851 -0.483832 -12.846 -0.0391136 0.997633 -0.056564 -2.31136 0.482297 0.0684256 0.873331 34.9932 
0.872893 0.00570326 -0.487879 -13.3309 -0.0383531 0.99764 -0.0569575 -2.37033 0.486403 0.0684295 0.871051 35.8473 
0.871632 0.00443657 -0.490141 -13.9007 -0.0376056 0.997617 -0.0578451 -2.40849 0.488716 0.0688517 0.869722 36.7578 
0.871414 0.00582951 -0.490515 -14.4421 -0.0388885 0.997603 -0.0572306 -2.47106 0.489005 0.068947 0.869552 37.6397 
0.871137 0.00522294 -0.491013 -14.9699 -0.0374938 0.997732 -0.0559072 -2.52942 0.489607 0.0671128 0.869357 38.5355 
0.870599 0.00311663 -0.491984 -15.4864 -0.0347598 0.997871 -0.0551886 -2.59873 0.490764 0.0651484 0.868853 39.4328 
0.870087 0.000989528 -0.492898 -16.0217 -0.0329904 0.997873 -0.0562329 -2.65623 0.491794 0.0651885 0.868268 40.3301 
0.868939 -0.00133146 -0.494918 -16.574 -0.0307569 0.997918 -0.0566854 -2.72276 0.493963 0.0644783 0.867089 41.2583 
0.867777 -0.000546847 -0.496954 -17.1212 -0.0310296 0.997989 -0.0552818 -2.78709 0.495985 0.0633926 0.866014 42.1433 
0.86567 0.000129364 -0.500615 -17.6736 -0.0295882 0.998265 -0.0509064 -2.85911 0.49974 0.0588805 0.864172 43.0673 
0.862876 -0.000743592 -0.505414 -18.251 -0.02665 0.998541 -0.0469677 -2.91709 0.504712 0.0539967 0.861598 43.9847 
0.859348 -0.0013393 -0.51139 -18.8022 -0.0252184 0.998669 -0.0449928 -2.97985 0.51077 0.0515609 0.85817 44.831 
0.854184 -0.00418747 -0.519954 -19.3536 -0.0236794 0.998617 -0.046943 -3.0479 0.519432 0.0524102 0.852903 45.7046 
0.848486 -0.00720951 -0.529169 -19.9242 -0.022723 0.998489 -0.0500385 -3.11077 0.52873 0.0544813 0.84704 46.5508 
0.842338 -0.00803807 -0.538891 -20.499 -0.0218178 0.998561 -0.0489979 -3.17558 0.538509 0.0530302 0.84095 47.4172 
0.836449 -0.0053263 -0.548019 -21.1082 -0.022384 0.998786 -0.0438725 -3.23631 0.547588 0.048964 0.835315 48.3062 
0.831314 -0.000795273 -0.555802 -21.7208 -0.0252936 0.998909 -0.039261 -3.29556 0.555227 0.0466965 0.830387 49.1782 
0.827341 -0.000855644 -0.5617 -22.3361 -0.0266019 0.998817 -0.0407041 -3.35421 0.56107 0.0486185 0.826339 50.0438 
0.823875 -0.00310076 -0.566764 -22.9491 -0.0271263 0.998623 -0.0448956 -3.41218 0.566123 0.0523626 0.822656 50.9041 
0.820736 -0.00523262 -0.571284 -23.5762 -0.0297542 0.99821 -0.0518895 -3.47548 0.570532 0.0595857 0.819111 51.7599 
0.817665 -0.00683117 -0.575654 -24.2047 -0.0292438 0.998146 -0.0533831 -3.5435 0.574951 0.0604839 0.815949 52.6085 
0.814362 -0.00527089 -0.580334 -24.8447 -0.0285885 0.99838 -0.0491851 -3.61231 0.579653 0.0566454 0.812892 53.468 
0.81128 -0.00296107 -0.584651 -25.4901 -0.027826 0.998658 -0.0436703 -3.6781 0.583995 0.0516974 0.810109 54.3339 
0.808109 -0.000960472 -0.589032 -26.1296 -0.0283502 0.998776 -0.0405231 -3.73929 0.58835 0.0494463 0.807093 55.1816 
0.805156 -0.000940478 -0.593062 -26.7866 -0.0289837 0.998741 -0.0409328 -3.79409 0.592354 0.0501465 0.804115 56.0239 
0.801747 -0.00224372 -0.597659 -27.4361 -0.0291107 0.998659 -0.0428005 -3.84814 0.596954 0.0517135 0.800607 56.8523 
0.797801 -0.00442327 -0.602905 -28.1048 -0.0285411 0.998575 -0.0450935 -3.90892 0.602245 0.0531833 0.796538 57.7042 
0.793827 -0.00538448 -0.60812 -28.7868 -0.0278673 0.998588 -0.0452192 -3.9691 0.607505 0.052843 0.792556 58.5479 
0.789522 -0.0060943 -0.613692 -29.4819 -0.0268009 0.998654 -0.044397 -4.02608 0.613136 0.0514999 0.788297 59.3927 
0.784988 -0.00578931 -0.619484 -30.1758 -0.0273252 0.99866 -0.0439584 -4.08025 0.618908 0.0514344 0.783778 60.2079 
0.779935 -0.00678478 -0.625824 -30.8662 -0.0271211 0.998636 -0.0446263 -4.14905 0.625273 0.0517787 0.778687 61.0269 
0.774593 -0.00825423 -0.632406 -31.5553 -0.0262564 0.998633 -0.0451941 -4.21603 0.631915 0.0516118 0.773318 61.8339 
0.76916 -0.0100662 -0.638977 -32.2613 -0.0250619 0.998632 -0.0459 -4.2775 0.638565 0.0513185 0.767855 62.651 
0.763321 -0.0120765 -0.645906 -32.984 -0.0237347 0.998626 -0.0467206 -4.34333 0.645583 0.0509933 0.761986 63.4824 
0.757394 -0.0138354 -0.652811 -33.7294 -0.0229019 0.998598 -0.0477348 -4.40459 0.652556 0.0511048 0.756015 64.3074 
0.75105 -0.0156619 -0.660059 -34.4744 -0.0214552 0.998612 -0.048108 -4.46508 0.659896 0.0502933 0.749672 65.1312 
0.74493 -0.0158533 -0.666955 -35.258 -0.0203785 0.99871 -0.0465001 -4.52401 0.666832 0.0482309 0.743646 65.9566 
0.738331 -0.0168137 -0.674229 -36.0259 -0.0191746 0.998762 -0.0459044 -4.58487 0.674166 0.0468208 0.737095 66.7839 
0.732091 -0.0182144 -0.680963 -36.8127 -0.0185877 0.998736 -0.0466976 -4.65122 0.680953 0.0468445 0.730827 67.5891 
0.726008 -0.0188776 -0.687427 -37.5964 -0.0199133 0.998627 -0.0484546 -4.71921 0.687397 0.0488674 0.724636 68.3702 
0.72008 -0.0179326 -0.693659 -38.3892 -0.0216598 0.998598 -0.0483007 -4.78598 0.693552 0.0498049 0.718682 69.162 
0.714874 -0.0176247 -0.699031 -39.2022 -0.0213969 0.998663 -0.0470613 -4.85689 0.698926 0.0486 0.713541 69.9554 
0.709954 -0.0169069 -0.704045 -40.0211 -0.0229668 0.998624 -0.0471404 -4.92338 0.703874 0.0496372 0.708589 70.7373 
0.70516 -0.0177889 -0.708826 -40.8286 -0.0236727 0.998537 -0.0486099 -4.98461 0.708653 0.0510576 0.703707 71.5235 
0.699931 -0.0192828 -0.71395 -41.6715 -0.0242843 0.998415 -0.0507733 -5.06198 0.713797 0.0528757 0.698354 72.3131 
0.695027 -0.0217543 -0.718655 -42.5167 -0.0237159 0.998305 -0.0531558 -5.13404 0.718593 0.0539883 0.693333 73.0945 
0.6897 -0.0225566 -0.723744 -43.3636 -0.0238884 0.998262 -0.0538771 -5.20425 0.723701 0.0544481 0.687962 73.876 
0.684919 -0.0220413 -0.728286 -44.2318 -0.0237673 0.998335 -0.0525663 -5.27337 0.728232 0.0533131 0.683254 74.6623 
0.680009 -0.022385 -0.732862 -45.1346 -0.0229238 0.998396 -0.0517662 -5.34163 0.732846 0.0520015 0.678405 75.4531 
0.674925 -0.0240953 -0.737493 -46.0171 -0.0216801 0.998388 -0.05246 -5.41021 0.737568 0.0513956 0.673314 76.231 
0.670078 -0.0251422 -0.741865 -46.8987 -0.0205419 0.998415 -0.052391 -5.48838 0.742006 0.0503454 0.6685 76.9992 
0.665698 -0.0255338 -0.745785 -47.8175 -0.0196828 0.998466 -0.0517542 -5.56509 0.745962 0.0491318 0.664174 77.7767 
0.661798 -0.0266066 -0.74921 -48.7106 -0.017819 0.998529 -0.0512006 -5.64696 0.749471 0.0472347 0.66035 78.5325 
0.658096 -0.0294821 -0.752357 -49.6186 -0.0148505 0.998531 -0.0521188 -5.72431 0.752788 0.0454721 0.656691 79.2943 
0.654041 -0.0340445 -0.755693 -50.5412 -0.0117975 0.998406 -0.0551896 -5.801 0.756367 0.0450116 0.652597 80.0645 
0.649238 -0.0383928 -0.759616 -51.4782 -0.00723568 0.998368 -0.0566442 -5.87585 0.760551 0.042272 0.647901 80.8473 
0.642549 -0.0416261 -0.765113 -52.3985 -0.00273964 0.998392 -0.0566185 -5.95562 0.766239 0.0384764 0.641402 81.6011 
0.634231 -0.0453081 -0.771815 -53.3424 0.0021731 0.998382 -0.0568226 -6.04012 0.77314 0.0343615 0.633304 82.3625 
0.625462 -0.0461246 -0.778891 -54.3033 0.00491339 0.998464 -0.0551819 -6.12106 0.78024 0.0306872 0.624728 83.1076 
0.616924 -0.0444141 -0.785769 -55.2819 0.00486737 0.998603 -0.0526227 -6.20164 0.787008 0.0286396 0.616278 83.8459 
0.608124 -0.0447628 -0.792579 -56.279 0.00467816 0.998594 -0.0528085 -6.26986 0.793828 0.0284064 0.607479 84.5705 
0.598518 -0.0460024 -0.799788 -57.2675 0.00386124 0.998504 -0.0545427 -6.34773 0.8011 0.0295567 0.5978 85.2868 
0.589091 -0.0482533 -0.806625 -58.2882 0.00423221 0.998386 -0.0566339 -6.42891 0.808056 0.0299487 0.588344 85.9856 
0.579315 -0.0501424 -0.81356 -59.3207 0.00508534 0.998309 -0.0579079 -6.50896 0.815088 0.0294097 0.57859 86.6927 
0.569272 -0.0510574 -0.820562 -60.3537 0.00789982 0.998363 -0.0566401 -6.5898 0.822111 0.0257614 0.568744 87.3935 
0.558877 -0.0511955 -0.827669 -61.4116 0.00902644 0.998409 -0.0556616 -6.67127 0.829202 0.0236371 0.55845 88.0981 
0.548756 -0.0522164 -0.83435 -62.4651 0.00901768 0.998359 -0.0565496 -6.74517 0.835934 0.0235081 0.548326 88.7678 
0.538661 -0.0529788 -0.840856 -63.5303 0.00793664 0.998296 -0.0578141 -6.82742 0.842485 0.0244687 0.538163 89.4189 
0.528602 -0.0536623 -0.847172 -64.6035 0.00703679 0.998243 -0.0588408 -6.91481 0.848841 0.025142 0.52805 90.0684 
0.518798 -0.0545104 -0.853157 -65.6955 0.0057556 0.998165 -0.0602754 -7.00463 0.854878 0.0263604 0.51816 90.705 
0.509694 -0.0544912 -0.858628 -66.806 0.00487448 0.998159 -0.0604527 -7.09201 0.860342 0.0266271 0.509022 91.3268 
0.501332 -0.052677 -0.86365 -67.9265 0.00423645 0.998283 -0.0584295 -7.17827 0.865245 0.0256338 0.500694 91.9413 
0.493376 -0.0509304 -0.868324 -69.0496 0.00469673 0.998426 -0.0558927 -7.26723 0.869804 0.0234979 0.492838 92.5522 
0.486319 -0.0513548 -0.872271 -70.1755 0.00528174 0.998426 -0.0558374 -7.36249 0.873765 0.0225477 0.485825 93.1286 
0.478414 -0.0543066 -0.876454 -71.2868 0.0071212 0.998293 -0.0579688 -7.45071 0.878106 0.0214917 0.477984 93.7184 
0.471588 -0.058093 -0.879903 -72.4167 0.00990017 0.998114 -0.0605914 -7.53445 0.881764 0.019863 0.471273 94.3019 
0.465836 -0.060526 -0.882798 -73.4773 0.0112535 0.997983 -0.0624849 -7.63543 0.884799 0.0191732 0.465578 94.8173 
0.45984 -0.0643781 -0.885665 -74.6292 0.0137381 0.997765 -0.0653937 -7.7346 0.887896 0.0179033 0.459696 95.4115 
0.454944 -0.0654087 -0.888115 -75.7745 0.0165891 0.997748 -0.0649852 -7.83413 0.890366 0.0148316 0.455005 95.9847 
0.450276 -0.0627082 -0.890685 -76.9159 0.0182397 0.997969 -0.0610406 -7.9362 0.892703 0.0112394 0.450505 96.5502 
0.446463 -0.0607828 -0.892735 -78.0686 0.0216565 0.998132 -0.0571283 -8.03697 0.89454 0.0061722 0.446945 97.1057 
0.442246 -0.0606063 -0.894844 -79.1944 0.0244563 0.998158 -0.055517 -8.1299 0.89656 0.00266765 0.442913 97.6654 
0.439625 -0.0603645 -0.896151 -80.3342 0.0260255 0.998176 -0.0544696 -8.21712 0.897804 0.000623489 0.440394 98.2043 
0.436612 -0.0598426 -0.897658 -81.478 0.028586 0.998204 -0.0526416 -8.30141 0.899196 -0.00267643 0.437538 98.752 
0.434235 -0.0585852 -0.898893 -82.6002 0.0301292 0.998269 -0.0505074 -8.39313 0.900296 -0.0051508 0.435248 99.2782 
0.43127 -0.0597498 -0.900242 -83.7348 0.0335702 0.998177 -0.0501676 -8.47797 0.901598 -0.00858552 0.432489 99.815 
0.428972 -0.0600947 -0.901317 -84.8649 0.0357151 0.998133 -0.0495517 -8.55941 0.902612 -0.0109343 0.430317 100.333 
0.426402 -0.0595781 -0.902569 -85.9715 0.0397493 0.998099 -0.0471051 -8.63856 0.90366 -0.0157907 0.42796 100.849 
0.424319 -0.0594853 -0.903557 -87.0901 0.0419006 0.998061 -0.04603 -8.71011 0.904543 -0.0183281 0.425988 101.351 
0.422625 -0.0608335 -0.904261 -88.1952 0.0442689 0.997939 -0.0464457 -8.78412 0.905223 -0.0204015 0.424447 101.852 
0.421048 -0.0623636 -0.904892 -89.2973 0.0454537 0.997831 -0.0476191 -8.85231 0.905899 -0.0210807 0.42297 102.351 
0.421082 -0.0634226 -0.904802 -90.385 0.0450212 0.997784 -0.048988 -8.93346 0.905904 -0.0201072 0.423005 102.828 
0.421279 -0.0639825 -0.904672 -91.4356 0.0441145 0.997773 -0.0500242 -9.01117 0.905858 -0.018835 0.423163 103.298 
0.423795 -0.0636487 -0.903519 -92.4817 0.0422773 0.997831 -0.0504624 -9.09211 0.904771 -0.0168126 0.425566 103.761 
0.427938 -0.063624 -0.901566 -93.5238 0.0398577 0.997877 -0.0515019 -9.16937 0.902929 -0.0138947 0.429565 104.233 
0.433209 -0.0648719 -0.898956 -94.5486 0.0386839 0.997826 -0.0533648 -9.24106 0.900463 -0.0116569 0.434777 104.703 
0.439012 -0.0652844 -0.896106 -95.5737 0.0385282 0.997807 -0.0538182 -9.31827 0.897655 -0.0108985 0.440565 105.181 
0.445527 -0.0646529 -0.892931 -96.5853 0.0377269 0.997859 -0.0534265 -9.39136 0.894473 -0.0098845 0.447012 105.671 
0.453117 -0.0631309 -0.889213 -97.5774 0.0359153 0.997972 -0.052551 -9.47131 0.890727 -0.00812449 0.454466 106.163 
0.462022 -0.0628898 -0.884636 -98.5797 0.035786 0.997992 -0.0522583 -9.54443 0.886146 -0.00751303 0.463345 106.663 
0.471224 -0.0620663 -0.879827 -99.5517 0.0347375 0.998053 -0.0518015 -9.62104 0.881329 -0.00615285 0.472462 107.167 
0.480638 -0.0635676 -0.874612 -100.522 0.0345377 0.997968 -0.0535532 -9.69264 0.876239 -0.00446733 0.481856 107.686 
0.490836 -0.0651923 -0.86881 -101.481 0.0326225 0.997873 -0.0564465 -9.76684 0.870641 -0.000636754 0.491918 108.209 
0.501735 -0.0665751 -0.862456 -102.436 0.0310036 0.997777 -0.0589846 -9.83667 0.864466 0.00285551 0.502684 108.749 
0.514014 -0.0644711 -0.855356 -103.378 0.0288712 0.997907 -0.057866 -9.91993 0.857296 0.00504889 0.514799 109.29 
0.52678 -0.0622623 -0.847718 -104.316 0.0276454 0.998041 -0.0561239 -9.99513 0.849552 0.00612955 0.527469 109.84 
0.538439 -0.0597802 -0.840542 -105.229 0.0268951 0.998191 -0.0537638 -10.0736 0.842235 0.00634216 0.539073 110.416 
0.549755 -0.0596926 -0.833191 -106.125 0.0276198 0.998197 -0.0532901 -10.1507 0.83487 0.00628398 0.550412 110.995 
0.561577 -0.0597942 -0.825261 -107.01 0.0276297 0.998184 -0.0535218 -10.2307 0.826963 0.00725501 0.56221 111.572 
0.572824 -0.0615208 -0.817366 -107.889 0.0283776 0.99807 -0.0552345 -10.3002 0.819187 0.00844482 0.573464 112.163 
0.583233 -0.0629342 -0.809864 -108.74 0.0310814 0.997993 -0.05517 -10.3859 0.81171 0.00700529 0.584018 112.765 
0.593744 -0.0631984 -0.802169 -109.579 0.0322798 0.997979 -0.0547326 -10.4624 0.804007 0.00660335 0.594584 113.367 
0.60436 -0.0613348 -0.794347 -110.42 0.0321525 0.998098 -0.0526048 -10.5356 0.796062 0.00625205 0.605183 113.985 
0.614006 -0.0583625 -0.787141 -111.239 0.0323796 0.998286 -0.0487603 -10.609 0.788637 0.00445184 0.614843 114.615 
0.623916 -0.0563401 -0.779458 -112.034 0.0307039 0.998395 -0.0475883 -10.6776 0.780888 0.00575882 0.624645 115.234 
0.633865 -0.0557762 -0.77143 -112.816 0.0290195 0.998409 -0.0483427 -10.7463 0.7729 0.00825625 0.634475 115.849 
0.643114 -0.0559072 -0.763727 -113.595 0.0278139 0.998379 -0.0496632 -10.8132 0.765265 0.010697 0.643627 116.491 
0.652102 -0.0557131 -0.756081 -114.35 0.0280312 0.998386 -0.0493916 -10.88 0.757613 0.0110146 0.652611 117.129 
0.661137 -0.0541703 -0.748307 -115.102 0.0283895 0.998482 -0.0471981 -10.944 0.749728 0.00996042 0.661671 117.775 
0.669503 -0.0521735 -0.740974 -115.833 0.0281623 0.998596 -0.0448673 -11.0038 0.742275 0.00917132 0.670033 118.43 
0.677296 -0.0508992 -0.733948 -116.531 0.0278846 0.998663 -0.043525 -11.0754 0.735182 0.0090135 0.677809 119.066 
0.684798 -0.0511545 -0.726936 -117.233 0.0279321 0.998643 -0.0439616 -11.1326 0.728198 0.00979997 0.685297 119.713 
0.691929 -0.0506375 -0.720188 -117.924 0.0278073 0.998666 -0.0435016 -11.1874 0.72143 0.0100735 0.692414 120.366 
0.698902 -0.0483632 -0.71358 -118.607 0.0276168 0.998792 -0.0406449 -11.2407 0.714684 0.00870009 0.699393 121.018 
0.705976 -0.0457756 -0.706755 -119.282 0.0268875 0.998922 -0.037841 -11.2943 0.707725 0.00771205 0.706446 121.688 
0.713088 -0.044099 -0.699686 -119.935 0.0253423 0.998989 -0.0371354 -11.3391 0.700616 0.00874925 0.713484 122.349 
0.720602 -0.0427699 -0.692029 -120.57 0.0242278 0.999039 -0.0365162 -11.3918 0.692926 0.00954738 0.720946 123.005 
0.728071 -0.0403607 -0.684313 -121.202 0.0221034 0.999128 -0.0354117 -11.4406 0.685146 0.0106566 0.728328 123.664 
0.736848 -0.0375336 -0.675015 -121.809 0.0213969 0.999252 -0.0322056 -11.4883 0.675719 0.00928743 0.7371 124.315 
0.746203 -0.033719 -0.664864 -122.399 0.0195276 0.999395 -0.0287684 -11.5284 0.665432 0.00848397 0.74641 124.962 
0.756424 -0.0316351 -0.653316 -122.983 0.0179105 0.999457 -0.027659 -11.5734 0.653836 0.00922075 0.75658 125.61 
0.766276 -0.0305805 -0.641783 -123.545 0.0160566 0.999466 -0.0284527 -11.6136 0.64231 0.0114979 0.766358 126.272 
0.776066 -0.0329811 -0.629789 -124.119 0.0173607 0.99937 -0.0309427 -11.6241 0.630413 0.0130801 0.77615 126.953 
0.785737 -0.0323173 -0.617716 -124.612 0.0171809 0.999389 -0.0304314 -11.6601 0.618322 0.0132983 0.785812 127.606 
0.795856 -0.0306146 -0.604712 -125.122 0.0165094 0.999447 -0.028871 -11.6814 0.605261 0.0129938 0.795921 128.28 
0.805692 -0.0289448 -0.591627 -125.6 0.016697 0.999518 -0.0261622 -11.701 0.592099 0.0112003 0.805787 128.946 
0.81531 -0.0276082 -0.578366 -126.083 0.0169603 0.999573 -0.0238058 -11.73 0.578776 0.0095999 0.81543 129.626 
0.824549 -0.0260928 -0.565189 -126.581 0.017374 0.999633 -0.0208028 -11.7615 0.565524 0.00733335 0.824699 130.327 
0.832773 -0.0252332 -0.553039 -127.149 0.0180971 0.999668 -0.0183605 -11.806 0.553318 0.00528178 0.832953 131.099 
0.839971 -0.026129 -0.542001 -127.606 0.0202512 0.999654 -0.0168073 -11.841 0.542253 0.00314153 0.84021 131.796 
0.846517 -0.0260469 -0.531725 -128.048 0.0204137 0.999656 -0.01647 -11.8684 0.531971 0.00308772 0.846757 132.511 
0.85322 -0.0252631 -0.520939 -128.495 0.0195032 0.999673 -0.0165362 -11.8879 0.521186 0.00394914 0.853434 133.227 
0.860124 -0.0230398 -0.509565 -128.961 0.0177491 0.999726 -0.0152427 -11.9205 0.509777 0.00406633 0.860297 133.966 
0.866369 -0.0223519 -0.498905 -129.389 0.017275 0.999741 -0.0147917 -11.9461 0.499106 0.00419652 0.866531 134.691 
0.871994 -0.0229525 -0.488978 -129.802 0.0181413 0.999729 -0.0145757 -11.9704 0.48918 0.00383927 0.872175 135.428 
0.876931 -0.0243933 -0.479996 -130.217 0.0193989 0.999694 -0.0153634 -11.9978 0.480224 0.0041613 0.877136 136.181 
0.881269 -0.024769 -0.471965 -130.633 0.0195617 0.999682 -0.0159377 -12.0212 0.472209 0.00481301 0.881473 136.939 
0.884556 -0.0243371 -0.465798 -131.065 0.0195834 0.999695 -0.0150432 -12.0526 0.466022 0.00418474 0.884763 137.742 
0.887675 -0.0225867 -0.459915 -131.478 0.0193013 0.999744 -0.0118448 -12.0705 0.460065 0.00163747 0.887884 138.517 
0.890732 -0.0184037 -0.454157 -131.898 0.0168607 0.99983 -0.00744742 -12.0918 0.454217 -0.00102368 0.890891 139.326 
0.8941 -0.015631 -0.447594 -132.311 0.0150748 0.999875 -0.00480506 -12.1037 0.447613 -0.00245112 0.894224 140.128 
0.89747 -0.0129468 -0.440886 -132.741 0.0131641 0.99991 -0.0025658 -12.1142 0.440879 -0.0035011 0.89756 140.958 
0.900536 -0.0119411 -0.434618 -133.159 0.0129489 0.999916 -0.000642267 -12.1096 0.434589 -0.0050494 0.900615 141.842 
0.903696 -0.0105691 -0.428045 -133.587 0.0127781 0.999916 0.00228775 -12.1194 0.427985 -0.00753699 0.903755 142.727 
0.906949 -0.0105439 -0.421109 -134.001 0.0137042 0.999896 0.00447894 -12.1336 0.421018 -0.00983307 0.906999 143.617 
0.910552 -0.0106168 -0.413259 -134.424 0.014247 0.999882 0.00570351 -12.1385 0.41315 -0.011081 0.910596 144.515 
0.914165 -0.0114265 -0.405181 -134.828 0.0150618 0.99987 0.00578497 -12.1389 0.405062 -0.0113911 0.914218 145.411 
0.918212 -0.0139432 -0.395844 -135.276 0.0175426 0.999831 0.0054742 -12.1468 0.395701 -0.0119705 0.918301 146.353 
0.922145 -0.0155201 -0.386534 -135.689 0.0186316 0.999817 0.00430414 -12.1505 0.386396 -0.0111707 0.922265 147.299 
0.926626 -0.0162904 -0.37563 -136.091 0.0186023 0.999824 0.00252881 -12.1688 0.375523 -0.00933082 0.926766 148.252 
0.931707 -0.0144971 -0.362922 -136.467 0.0163582 0.999864 0.00205519 -12.1754 0.362843 -0.00785153 0.931817 149.209 
0.937832 -0.010692 -0.346926 -136.848 0.0127342 0.999912 0.00360713 -12.1849 0.346857 -0.00780064 0.937886 150.2 
0.944215 -0.00720809 -0.32925 -137.174 0.010041 0.999926 0.00690434 -12.1993 0.329176 -0.00982512 0.944218 151.178 
0.950741 -0.00399046 -0.309962 -137.504 0.00708893 0.999936 0.00887042 -12.2137 0.309906 -0.0106307 0.950708 152.203 
0.957219 -0.00301346 -0.28935 -137.823 0.00609882 0.999934 0.00976193 -12.2169 0.289301 -0.0111089 0.957174 153.215 
0.963384 -0.00150726 -0.268122 -138.125 0.00474122 0.999924 0.0114144 -12.2163 0.268084 -0.0122676 0.963317 154.27 
0.969164 -0.000545076 -0.246418 -138.442 0.00421504 0.999888 0.0143659 -12.2096 0.246382 -0.0149615 0.969057 155.38 
0.974341 0.00138211 -0.225071 -138.693 0.00280674 0.999829 0.01829 -12.2161 0.225058 -0.0184524 0.974171 156.439 
0.979198 0.003647 -0.202876 -138.944 0.000972772 0.999743 0.0226668 -12.2059 0.202906 -0.0223926 0.978942 157.553 
0.983545 0.0053589 -0.180581 -139.179 -0.000662674 0.99966 0.0260563 -12.1974 0.18066 -0.0255078 0.983215 158.706 
0.987314 0.00770405 -0.158596 -139.369 -0.00352607 0.99964 0.0266079 -12.1923 0.158743 -0.0257111 0.986985 159.813 
0.990544 0.00696741 -0.137018 -139.514 -0.00355612 0.999678 0.0251254 -12.2152 0.137149 -0.0244005 0.99025 161.135 
0.993181 0.00687139 -0.116378 -139.662 -0.00405429 0.999693 0.0244255 -12.1983 0.11651 -0.0237871 0.992905 162.295 
0.995227 0.00599895 -0.0973983 -139.707 -0.00334408 0.999619 0.0273979 -12.2278 0.0975255 -0.0269414 0.994868 163.358 
0.99698 0.00703481 -0.0773463 -139.823 -0.00478406 0.999561 0.0292461 -12.2088 0.077518 -0.0287876 0.996575 164.566 
0.998317 0.00736412 -0.0575176 -139.884 -0.00561072 0.999516 0.0305862 -12.2027 0.057715 -0.0302119 0.997876 165.794 
0.999255 0.00898922 -0.0375363 -139.94 -0.00780686 0.999472 0.0315266 -12.1878 0.0377999 -0.03121 0.998798 167.068 
0.999794 0.00900047 -0.0182151 -139.908 -0.00840506 0.999436 0.0325021 -12.1728 0.0184973 -0.0323422 0.999306 168.218 
0.999936 0.0111426 0.00186691 -139.912 -0.0111972 0.999412 0.0324171 -12.1576 -0.00150464 -0.0324359 0.999473 169.486 
0.999701 0.0115571 0.0215677 -139.902 -0.0122319 0.999431 0.0314224 -12.1388 -0.0211923 -0.0316768 0.999274 170.71 
0.999078 0.0120705 0.0411925 -139.872 -0.0132913 0.999477 0.0294938 -12.1223 -0.0408149 -0.0300141 0.998716 172.009 
0.998115 0.0140941 0.0597308 -139.8 -0.0157528 0.999501 0.0273914 -12.1104 -0.0593149 -0.0282807 0.997839 173.375 
0.996826 0.0141191 0.078354 -139.705 -0.0162079 0.999528 0.0260874 -12.104 -0.0779487 -0.0272745 0.996584 174.656 
0.995146 0.0141908 0.0973862 -139.605 -0.0165307 0.999593 0.0232626 -12.0795 -0.0970164 -0.0247595 0.994975 175.982 
0.993139 0.0153558 0.115923 -139.481 -0.017574 0.999681 0.0181381 -12.0678 -0.115608 -0.0200508 0.993093 177.316 
0.990819 0.0174842 0.134057 -139.338 -0.0192376 0.999745 0.0117957 -12.0657 -0.133817 -0.0142664 0.990903 178.689 
0.988313 0.0190518 0.15124 -139.162 -0.0203888 0.999766 0.00729482 -12.0689 -0.151066 -0.0102931 0.98847 179.992 
0.985548 0.0214672 0.168031 -138.835 -0.0223717 0.999744 0.00349139 -12.0939 -0.167914 -0.00720004 0.985775 181.537 
0.982402 0.0231266 0.185341 -138.597 -0.0236556 0.99972 0.000643394 -12.1071 -0.185274 -0.00501637 0.982674 182.901 
0.979024 0.0226313 0.202485 -138.32 -0.0233572 0.999727 0.00119631 -12.12 -0.202403 -0.00590065 0.979285 184.276 
0.975389 0.021507 0.21944 -138.033 -0.0222051 0.999753 0.000715578 -12.1345 -0.219371 -0.00557063 0.975626 185.716 
0.971527 0.0209216 0.236002 -137.726 -0.0205086 0.999781 -0.00420466 -12.1497 -0.236038 -0.000755101 0.971743 187.072 
0.967401 0.021896 0.252301 -137.391 -0.0204367 0.999756 -0.00840297 -12.1759 -0.252424 0.00297287 0.967612 188.485 
0.962836 0.0246175 0.268961 -137.04 -0.0232778 0.999696 -0.00816967 -12.2082 -0.269081 0.00160527 0.963116 189.868 
0.95792 0.0266814 0.285793 -136.637 -0.0253098 0.999644 -0.00849243 -12.2386 -0.285918 0.00090174 0.958254 191.276 
0.952414 0.0302019 0.303309 -136.215 -0.0280646 0.999541 -0.0114038 -12.2667 -0.303514 0.00234894 0.952824 192.733 
0.946847 0.0306064 0.320225 -135.756 -0.0274138 0.999519 -0.0144739 -12.3425 -0.320515 0.00492598 0.947231 194.133 
0.940996 0.0313404 0.336964 -135.228 -0.0274287 0.99949 -0.0163638 -12.4097 -0.337305 0.00615582 0.941375 195.586 
0.935118 0.0315203 0.352932 -134.591 -0.0258532 0.99945 -0.0207605 -12.5152 -0.353392 0.0102891 0.935419 196.945 
0.92742 0.034229 0.372451 -134.054 -0.0265315 0.999316 -0.0257744 -12.6489 -0.373079 0.014022 0.927694 198.533 
0.918459 0.0374968 0.393736 -133.465 -0.028543 0.999184 -0.0285741 -12.737 -0.394486 0.0150058 0.91878 199.974 
0.907813 0.0407155 0.417394 -132.805 -0.0310673 0.99907 -0.0298864 -12.7966 -0.418223 0.014164 0.908234 201.487 
0.895673 0.0454229 0.442388 -132.088 -0.0346073 0.998873 -0.0324938 -12.8824 -0.443366 0.0137939 0.896235 203.019 
0.882324 0.0495216 0.46803 -131.404 -0.0370894 0.998672 -0.0357476 -12.9558 -0.469179 0.014182 0.882989 204.484 
0.868318 0.053161 0.493151 -130.648 -0.0392454 0.998486 -0.0385339 -13.063 -0.494453 0.0141059 0.86909 205.965 
0.854185 0.0547527 0.517079 -129.815 -0.0392823 0.998394 -0.0408263 -13.1475 -0.518484 0.0145612 0.854964 207.409 
0.839191 0.0561035 0.540935 -128.985 -0.0391666 0.998317 -0.0427792 -13.2661 -0.542424 0.0147134 0.839976 208.862 
0.823465 0.058103 0.564384 -128.127 -0.0381358 0.998161 -0.047118 -13.3954 -0.566084 0.0172768 0.824167 210.26 
0.807985 0.0602216 0.586117 -127.205 -0.0366074 0.997972 -0.0520736 -13.5112 -0.588064 0.0206185 0.808551 211.602 
0.79244 0.0624405 0.606745 -126.305 -0.036244 0.997809 -0.0553485 -13.6096 -0.608872 0.0218695 0.792967 212.879 
0.777402 0.0639879 0.625741 -125.35 -0.0351429 0.997677 -0.0583612 -13.721 -0.628022 0.0233798 0.777844 214.1 
0.763045 0.0640025 0.643168 -124.325 -0.0330283 0.997646 -0.0600926 -13.8353 -0.645501 0.0246107 0.763363 215.304 
0.748593 0.0646553 0.65987 -123.267 -0.0316875 0.997586 -0.0617971 -13.9537 -0.662273 0.0253513 0.748834 216.542 
0.733255 0.0647496 0.676864 -122.225 -0.0289154 0.997525 -0.0640999 -14.0982 -0.679339 0.0274298 0.733312 217.85 
0.719325 0.0661639 0.691516 -121.056 -0.0271013 0.997369 -0.0672365 -14.2447 -0.694145 0.0296239 0.719225 219.064 
0.705065 0.0682443 0.705851 -119.937 -0.0248169 0.997124 -0.0716163 -14.3728 -0.708708 0.0329772 0.704731 220.223 
0.690879 0.0698135 0.719592 -118.776 -0.0236296 0.996975 -0.074038 -14.5232 -0.722584 0.0341476 0.690439 221.372 
0.676379 0.0707482 0.733148 -117.614 -0.0233388 0.996935 -0.0746717 -14.6659 -0.736184 0.0333956 0.675957 222.464 
0.66051 0.0721503 0.747342 -116.445 -0.0240281 0.996894 -0.0750062 -14.806 -0.750433 0.0315852 0.660192 223.558 
0.643939 0.0731028 0.761577 -115.266 -0.0264681 0.996957 -0.073317 -14.952 -0.764619 0.0270542 0.643914 224.606 
0.626759 0.0739223 0.775699 -114.064 -0.0286701 0.997004 -0.0718469 -15.0918 -0.778685 0.0227914 0.627001 225.645 
0.609324 0.075735 0.789296 -112.859 -0.0316585 0.996958 -0.0712207 -15.2336 -0.792289 0.0184087 0.609869 226.639 
0.591852 0.0788282 0.802183 -111.644 -0.0327916 0.996737 -0.0737527 -15.3689 -0.80538 0.0173458 0.592506 227.606 
0.574382 0.0824685 0.814423 -110.407 -0.0348787 0.996474 -0.0763043 -15.5073 -0.817844 0.0154218 0.575233 228.539 
0.555731 0.0824751 0.827261 -109.184 -0.0353721 0.996512 -0.0755867 -15.6542 -0.830609 0.012744 0.55671 229.407 
0.535005 0.0823149 0.840829 -107.925 -0.0373238 0.996573 -0.0738133 -15.788 -0.844024 0.00810755 0.536244 230.288 
0.51446 0.0805961 0.853719 -106.658 -0.0380596 0.996738 -0.0711629 -15.9293 -0.856669 0.00411825 0.515849 231.092 
0.493136 0.0794709 0.866315 -105.379 -0.0388589 0.996837 -0.0693244 -16.0616 -0.869084 0.000522346 0.494665 231.898 
0.47256 0.0773826 0.877895 -104.173 -0.0366856 0.997002 -0.0681338 -16.2077 -0.880535 -8.72511e-06 0.473982 232.608 
0.451837 0.0772265 0.888752 -102.894 -0.0366631 0.997012 -0.0679942 -16.3366 -0.891347 -0.00186204 0.453318 233.301 
0.431205 0.0763916 0.899014 -101.622 -0.0347459 0.997076 -0.0680585 -16.4694 -0.901585 -0.00188989 0.432599 233.968 
0.411559 0.0759754 0.908211 -100.334 -0.031596 0.99711 -0.0690943 -16.6068 -0.910835 -0.000259422 0.41277 234.566 
0.391492 0.0752127 0.917103 -99.0312 -0.0284852 0.997167 -0.0696191 -16.7402 -0.919741 0.00113148 0.392525 235.154 
0.371109 0.0732175 0.925698 -97.7329 -0.0268668 0.997316 -0.0681112 -16.8714 -0.928201 0.000406112 0.37208 235.701 
0.350693 0.0729039 0.933648 -96.4392 -0.0262333 0.997339 -0.0680234 -17.0022 -0.936123 -0.00063733 0.351672 236.227 
0.331294 0.0774274 0.940345 -95.1023 -0.0268122 0.996997 -0.0726458 -17.143 -0.943146 -0.00114552 0.332376 236.727 
0.312005 0.0868001 0.946107 -93.7476 -0.0280774 0.996225 -0.0821388 -17.2714 -0.949665 -0.000936514 0.313265 237.222 
0.293087 0.0945671 0.951398 -92.4393 -0.0305671 0.995514 -0.0895357 -17.4127 -0.955597 -0.00283974 0.294663 237.655 
0.273539 0.0987437 0.956779 -91.1499 -0.0330158 0.995094 -0.0932589 -17.5506 -0.961294 -0.00607894 0.275457 238.07 
0.253817 0.0999654 0.962073 -89.8266 -0.035415 0.994939 -0.094037 -17.7026 -0.966604 -0.0102036 0.256072 238.475 
0.233902 0.100449 0.967057 -88.5478 -0.0396223 0.994807 -0.0937482 -17.8488 -0.971452 -0.0163891 0.236668 238.833 
0.21519 0.100716 0.971365 -87.2816 -0.0409232 0.994724 -0.0940722 -17.9923 -0.975714 -0.019508 0.218176 239.143 
0.196356 0.0990386 0.975518 -86.0239 -0.0409988 0.994845 -0.0927483 -18.1405 -0.979675 -0.0217834 0.199404 239.439 
0.177691 0.0991154 0.979082 -84.7779 -0.0408172 0.994801 -0.0932988 -18.2749 -0.983239 -0.0233851 0.180813 239.707 
0.159452 0.0996836 0.98216 -83.559 -0.0405367 0.994711 -0.0943763 -18.4164 -0.986373 -0.0247651 0.162649 239.937 
0.140643 0.103119 0.984676 -82.3254 -0.0442423 0.994222 -0.0977998 -18.5563 -0.989071 -0.0298095 0.144393 240.152 
0.122283 0.104807 0.986946 -81.0846 -0.0447604 0.993979 -0.100008 -18.7009 -0.991485 -0.0319468 0.126238 240.337 
0.105077 0.102022 0.989217 -79.8435 -0.0454576 0.994177 -0.097705 -18.8422 -0.993425 -0.0347009 0.109102 240.505 
0.0895309 0.0974471 0.991206 -78.6104 -0.0427762 0.99466 -0.0939229 -18.9842 -0.995065 -0.033991 0.0932212 240.652 
0.0751709 0.0934576 0.992781 -77.4118 -0.0424853 0.994994 -0.090449 -19.1146 -0.996265 -0.0353794 0.0787652 240.782 
0.0624222 0.0899022 0.993993 -76.2332 -0.0404474 0.995344 -0.0874844 -19.2459 -0.99723 -0.0347435 0.0657679 240.883 
0.051705 0.0902258 0.994578 -75.0674 -0.0403178 0.995287 -0.088194 -19.3704 -0.997848 -0.0355391 0.055099 240.976 
0.0429431 0.0923312 0.994802 -73.9112 -0.0410493 0.995043 -0.0905815 -19.5026 -0.998234 -0.036946 0.0465204 241.057 
0.036159 0.094368 0.994881 -72.771 -0.0424277 0.994779 -0.0928163 -19.6193 -0.998445 -0.0388544 0.039974 241.127 
0.0298504 0.098436 0.994696 -71.6456 -0.0430486 0.994342 -0.0971091 -19.7513 -0.998627 -0.0399215 0.033919 241.199 
0.0241631 0.107037 0.993961 -70.5367 -0.0423902 0.993467 -0.105953 -19.886 -0.998809 -0.0395741 0.0285426 241.259 
0.0194031 0.109687 0.993777 -69.4323 -0.0441363 0.993089 -0.108749 -20.0172 -0.998837 -0.0417516 0.0241102 241.311 
0.0159229 0.101235 0.994735 -68.3254 -0.0429291 0.994013 -0.100475 -20.1503 -0.998951 -0.0411033 0.0201735 241.349 
0.0130126 0.0915099 0.995719 -67.2269 -0.0416696 0.994988 -0.0908981 -20.275 -0.999047 -0.0403084 0.0167606 241.398 
0.0123841 0.0876102 0.996078 -66.1419 -0.040983 0.995362 -0.0870376 -20.3976 -0.999083 -0.0397444 0.0159171 241.42 
0.0124449 0.0896553 0.995895 -65.0636 -0.0421616 0.995134 -0.0890599 -20.5085 -0.999033 -0.0408802 0.0161643 241.455 
0.0123492 0.0927841 0.99561 -64.0019 -0.041674 0.994868 -0.092198 -20.622 -0.999055 -0.0403525 0.0161526 241.503 
0.0140285 0.0949825 0.99538 -62.947 -0.0440801 0.994569 -0.0942838 -20.7417 -0.99893 -0.0425538 0.0181392 241.542 
0.0158503 0.0960054 0.995255 -61.8997 -0.0464852 0.994374 -0.0951801 -20.8539 -0.998793 -0.044756 0.0202239 241.591 
0.0187749 0.0977396 0.995035 -60.8591 -0.0475604 0.994171 -0.0967573 -20.9637 -0.998692 -0.0455077 0.023314 241.641 
0.0221295 0.0989952 0.994842 -59.8236 -0.0498223 0.993958 -0.097799 -21.0736 -0.998513 -0.0474011 0.0269279 241.698 
0.0263868 0.100093 0.994628 -58.8044 -0.0513448 0.993797 -0.0986468 -21.1828 -0.998332 -0.048466 0.0313624 241.756 
0.0324372 0.098976 0.994561 -57.7842 -0.0519063 0.993909 -0.0972181 -21.2964 -0.998125 -0.0484705 0.0373771 241.816 
0.0389557 0.0975663 0.994466 -56.8047 -0.0509811 0.99412 -0.0955352 -21.4071 -0.99794 -0.0469774 0.0437007 241.882 
0.0459509 0.0969277 0.99423 -55.7955 -0.0495051 0.99428 -0.0946444 -21.5191 -0.997716 -0.0448705 0.0504865 241.952 
0.0526964 0.0977078 0.993819 -54.8035 -0.0488777 0.994261 -0.0951596 -21.6285 -0.997414 -0.043561 0.0571698 242.041 
0.0596541 0.0977656 0.99342 -53.8146 -0.0493698 0.994263 -0.0948839 -21.7338 -0.996998 -0.0433848 0.0641386 242.124 
0.0657442 0.0972619 0.993085 -52.825 -0.0512282 0.994255 -0.093985 -21.8311 -0.996521 -0.044695 0.070349 242.225 
0.0721861 0.0948494 0.992871 -51.8489 -0.0516371 0.994488 -0.0912496 -21.9399 -0.996054 -0.044682 0.076686 242.333 
0.0786448 0.0933083 0.992526 -50.8629 -0.0514825 0.994662 -0.0894297 -22.0425 -0.995573 -0.0440646 0.0830287 242.436 
0.0854401 0.0942554 0.991875 -49.8761 -0.0519296 0.994583 -0.0900395 -22.1406 -0.994989 -0.0438147 0.089872 242.545 
0.0919506 0.0963179 0.991094 -48.9035 -0.0513828 0.994444 -0.0918762 -22.2438 -0.994437 -0.0424771 0.0963888 242.661 
0.0979407 0.0978803 0.990367 -47.9381 -0.0514721 0.994318 -0.0931804 -22.3448 -0.99386 -0.0418501 0.102422 242.789 
0.10368 0.0997629 0.989595 -46.9807 -0.0536719 0.994068 -0.0945906 -22.4493 -0.993162 -0.0433063 0.10842 242.926 
0.110224 0.100258 0.988837 -46.0159 -0.0554125 0.993972 -0.0946017 -22.5531 -0.992361 -0.0443666 0.115115 243.062 
0.11649 0.0998544 0.98816 -45.0382 -0.0561832 0.994003 -0.0938216 -22.6589 -0.991602 -0.0445888 0.121401 243.217 
0.122207 0.0975984 0.987694 -44.0808 -0.0567417 0.994213 -0.0912218 -22.7567 -0.990881 -0.0448955 0.127038 243.363 
0.128223 0.0959466 0.987093 -43.1391 -0.0566723 0.994392 -0.0892942 -22.8583 -0.990125 -0.0444913 0.132941 243.514 
0.134528 0.0951803 0.986328 -42.1886 -0.0565109 0.994493 -0.0882605 -22.9615 -0.989297 -0.0438648 0.139166 243.671 
0.141141 0.0964007 0.985285 -41.2542 -0.0568737 0.994394 -0.0891448 -23.0515 -0.988355 -0.0434548 0.145833 243.839 
0.148142 0.0962185 0.984274 -40.3209 -0.0536743 0.994571 -0.0891466 -23.1525 -0.987509 -0.0396239 0.152502 244.003 
