1 2.12261e-08 -2.11895e-08 0 2.12261e-08 1 2.10703e-08 0 -2.11895e-08 2.10703e-08 1 0 
0.999875 0.00151203 0.0157178 0.0107659 -0.00149729 0.999998 -0.000946656 -9.90394e-05 -0.0157192 0.000923045 0.999876 0.118702 
0.999301 0.00435489 0.0371196 0.0345307 -0.00433309 0.99999 -0.000666522 0.000798715 -0.0371221 0.000505255 0.999311 0.255745 
0.997902 0.00610078 0.0644571 0.0574115 -0.00614933 0.999981 0.000555541 0.0026519 -0.0644525 -0.000950703 0.99792 0.415459 
0.995153 0.00554105 0.0981868 0.109464 -0.00587303 0.999978 0.00309286 -0.00543815 -0.0981675 -0.00365449 0.995163 0.570016 
0.990622 0.00271957 0.136607 0.168554 -0.00342027 0.999982 0.00489517 0.000789255 -0.136591 -0.00531646 0.990613 0.735542 
0.984393 -1.80978e-05 0.175987 0.252425 -0.000913239 0.999986 0.00521134 0.00709045 -0.175985 -0.00529069 0.984379 0.913199 
0.97569 0.000116201 0.219155 0.361404 -0.001575 0.999978 0.00648197 0.00440302 -0.219149 -0.00666953 0.975669 1.0972 
0.963581 0.000436675 0.267417 0.453838 -0.00299495 0.999954 0.00915901 0.0108675 -0.2674 -0.00962631 0.963537 1.29598 
0.949095 -0.00251856 0.314979 0.536844 -0.00272541 0.999865 0.0162072 0.02371 -0.314977 -0.0162406 0.94896 1.44818 
0.932159 -0.0118393 0.361856 0.682479 0.0033934 0.999707 0.0239673 0.0164227 -0.362033 -0.0211134 0.931926 1.65196 
0.910817 -0.0167053 0.412472 0.824798 0.00555407 0.999586 0.0282194 0.0202581 -0.412772 -0.0234118 0.910533 1.84121 
0.885349 -0.0185612 0.464556 0.960731 0.00409639 0.999475 0.0321269 0.0135462 -0.464908 -0.0265405 0.884961 2.03331 
0.856723 -0.021157 0.515343 1.11788 0.00252442 0.999318 0.0368297 0.0125968 -0.515771 -0.0302518 0.856192 2.23532 
0.824069 -0.0255592 0.565913 1.27865 0.00309409 0.99917 0.0406216 0.0312247 -0.566482 -0.031724 0.823464 2.40902 
0.787561 -0.0312655 0.615443 1.44052 0.00523977 0.999016 0.0440466 0.0250014 -0.616214 -0.0314646 0.78695 2.58484 
0.748907 -0.0351389 0.661743 1.66248 0.00578968 0.998902 0.0464901 0.0329617 -0.66265 -0.0309854 0.748288 2.77912 
0.708316 -0.0383293 0.704854 1.90119 0.00684744 0.998851 0.0474356 0.0386577 -0.705862 -0.028773 0.707765 2.97318 
0.665628 -0.0397977 0.745222 2.15225 0.00544825 0.99881 0.048474 0.0543295 -0.746264 -0.0282055 0.665052 3.17201 
0.622139 -0.0397853 0.781895 2.44832 0.000620063 0.998733 0.0503254 0.064803 -0.782906 -0.0308246 0.621376 3.38513 
0.579465 -0.0402612 0.814002 2.77313 -0.00236795 0.998692 0.0510819 0.0853269 -0.814994 -0.0315277 0.578612 3.60261 
0.538943 -0.0414273 0.841323 3.12917 -0.00386615 0.998658 0.0516513 0.106047 -0.842333 -0.0310898 0.53806 3.79539 
0.500135 -0.0439079 0.864833 3.5273 -0.0052031 0.998543 0.0537054 0.112652 -0.865932 -0.0313598 0.499178 3.98599 
0.462266 -0.0437561 0.885661 3.9428 -0.00872865 0.998509 0.0538873 0.119902 -0.886698 -0.0326409 0.461195 4.18778 
0.425301 -0.0431031 0.904025 4.37983 -0.00997221 0.998582 0.052303 0.133782 -0.904997 -0.0312596 0.424268 4.38043 
0.391214 -0.0415928 0.919359 4.84779 -0.00827181 0.998779 0.0487058 0.160268 -0.920262 -0.0266592 0.390393 4.5705 
0.361515 -0.0398922 0.931513 5.35058 -0.00630896 0.998957 0.045229 0.181678 -0.932345 -0.0222278 0.360886 4.74263 
0.335948 -0.0381584 0.941107 5.88908 -0.00482321 0.999096 0.0422315 0.201885 -0.941868 -0.0187267 0.33546 4.92487 
0.315683 -0.0375974 0.94812 6.45817 -0.00371926 0.999158 0.0408597 0.225246 -0.948858 -0.016425 0.315277 5.10636 
0.300949 -0.0380278 0.952882 7.05018 -0.00257492 0.999169 0.0406883 0.250677 -0.953637 -0.0146987 0.300601 5.29286 
0.289556 -0.0396733 0.956338 7.68467 -0.00165294 0.999118 0.0419485 0.268637 -0.95716 -0.0137272 0.289235 5.48328 
0.278665 -0.0414598 0.959493 8.32744 -0.00312374 0.999023 0.0440751 0.296144 -0.960383 -0.0152794 0.278264 5.67842 
0.26806 -0.0429417 0.962445 9.00358 -0.00466211 0.998937 0.0458684 0.326542 -0.963391 -0.0167825 0.267575 5.87665 
0.257862 -0.0446107 0.965151 9.69285 -0.00595408 0.998841 0.0477587 0.35207 -0.966164 -0.0180617 0.257297 6.07041 
0.247727 -0.0465604 0.96771 10.4088 -0.00689326 0.998735 0.0498177 0.381912 -0.968805 -0.0190119 0.247093 6.26242 
0.237239 -0.0479701 0.970266 11.1424 -0.00676127 0.998674 0.0510278 0.414279 -0.971428 -0.018666 0.2366 6.44917 
0.227221 -0.0497581 0.972571 11.9059 -0.00692764 0.998586 0.0527076 0.436136 -0.973819 -0.0187139 0.226555 6.62628 
0.216515 -0.0525515 0.974864 12.6732 -0.00803733 0.99842 0.0556065 0.470264 -0.976246 -0.0198749 0.215751 6.80521 
0.205632 -0.0559094 0.977031 13.4601 -0.00956352 0.998204 0.0591338 0.508903 -0.978583 -0.0215036 0.204728 6.97136 
0.193307 -0.0596958 0.979321 14.2598 -0.010364 0.997967 0.0628783 0.544081 -0.981084 -0.0223045 0.192296 7.14273 
0.180527 -0.0620087 0.981614 15.0592 -0.0113265 0.997814 0.0651151 0.580438 -0.983505 -0.0228733 0.17943 7.29401 
0.166281 -0.0625217 0.984094 15.8768 -0.0115914 0.997795 0.0653507 0.622115 -0.98601 -0.0222736 0.16519 7.44632 
0.151942 -0.061376 0.986482 16.6821 -0.0124336 0.997872 0.0639998 0.661922 -0.988311 -0.0219898 0.150855 7.57468 
0.135181 -0.0603229 0.988983 17.5019 -0.0135273 0.99794 0.0627183 0.69852 -0.990729 -0.0218566 0.134086 7.69918 
0.114348 -0.0588044 0.991699 18.3125 -0.0159912 0.998008 0.0610224 0.733487 -0.993312 -0.0228362 0.11318 7.80574 
0.0887489 -0.0578479 0.994373 19.145 -0.020219 0.998002 0.0598637 0.764155 -0.995849 -0.0254181 0.0874019 7.88957 
0.0581985 -0.0571934 0.996665 19.9791 -0.0242138 0.997983 0.058683 0.802328 -0.998011 -0.0275483 0.0566962 7.95307 
0.0250854 -0.0570307 0.998057 20.8159 -0.0272616 0.997961 0.0577105 0.835961 -0.999314 -0.0286563 0.0234795 7.97848 
-0.00927523 -0.0564162 0.998364 21.6544 -0.028574 0.998014 0.056131 0.868513 -0.999549 -0.0280066 -0.0108689 7.97528 
-0.043478 -0.0551059 0.997534 22.5007 -0.0291578 0.998122 0.0538676 0.899194 -0.998629 -0.0267438 -0.0450031 7.94529 
-0.0764899 -0.0529626 0.995663 23.3299 -0.0313514 0.998222 0.0506903 0.927879 -0.996577 -0.0273381 -0.0780144 7.89103 
-0.1091 -0.0504213 0.992751 24.1707 -0.0343949 0.998306 0.0469236 0.945045 -0.993436 -0.0290262 -0.11065 7.80754 
-0.141729 -0.0460472 0.988834 25.0061 -0.0313759 0.998625 0.0420061 0.963457 -0.989408 -0.025072 -0.142978 7.68889 
-0.173301 -0.0397539 0.984066 25.8345 -0.0257076 0.999027 0.035831 0.982409 -0.984533 -0.0190885 -0.174155 7.54147 
-0.203626 -0.0333894 0.978479 26.6613 -0.0195248 0.999358 0.0300387 0.997318 -0.978854 -0.012988 -0.204147 7.36104 
-0.232291 -0.0278378 0.972248 27.4852 -0.0137157 0.999585 0.0253436 1.0016 -0.97255 -0.00744798 -0.232577 7.15221 
-0.260075 -0.0218884 0.96534 28.2881 -0.00497267 0.99976 0.0213292 0.999434 -0.965576 0.000746867 -0.260121 6.92748 
-0.286453 -0.0115448 0.958025 29.0558 0.00122842 0.999922 0.012417 0.984873 -0.958094 0.00473374 -0.286417 6.71155 
-0.31181 0.00383079 0.950137 29.8437 0.00542856 0.999983 -0.00225021 0.975038 -0.950129 0.00445623 -0.311826 6.45477 
-0.336417 0.0211841 0.941475 30.6302 0.00618618 0.999775 -0.0202854 0.954246 -0.941693 -0.00100022 -0.336473 6.17901 
-0.361732 0.0358519 0.931592 31.3456 0.00674336 0.999335 -0.0358405 0.918822 -0.932258 -0.00668261 -0.361733 5.92409 
-0.385781 0.0465231 0.921417 32.1082 0.0112287 0.998891 -0.0457336 0.872416 -0.922522 -0.00729685 -0.385876 5.59863 
-0.409208 0.050517 0.911042 32.8666 0.0134643 0.998692 -0.0493294 0.826002 -0.912342 -0.00791941 -0.409353 5.2545 
-0.431278 0.0504426 0.900808 33.6302 0.017763 0.998717 -0.0474208 0.766984 -0.902044 -0.00445048 -0.431621 4.86353 
-0.451231 0.0462971 0.891206 34.3493 0.0219573 0.998927 -0.0407757 0.712974 -0.892137 0.00116924 -0.451763 4.51317 
-0.468902 0.0450618 0.8821 35.0653 0.0298402 0.998936 -0.0351679 0.660603 -0.882746 0.00983171 -0.469748 4.12577 
-0.482558 0.04554 0.874679 35.7766 0.0319167 0.998898 -0.034399 0.613258 -0.875282 0.0113174 -0.48348 3.74236 
-0.493739 0.0496666 0.868191 36.475 0.036184 0.998676 -0.0365534 0.566228 -0.868857 0.0133667 -0.494883 3.35685 
-0.503769 0.0520295 0.86227 37.1851 0.0367259 0.998572 -0.0387973 0.518453 -0.863058 0.0121227 -0.50496 2.96186 
-0.514621 0.0512949 0.855882 37.8658 0.0308303 0.99867 -0.0413149 0.461559 -0.856863 0.00512554 -0.515519 2.57067 
-0.525815 0.0497501 0.849143 38.5732 0.0292508 0.998755 -0.0404027 0.425305 -0.850096 0.00359376 -0.526616 2.15643 
-0.534611 0.0510918 0.843553 39.241 0.0313176 0.998683 -0.0406397 0.376875 -0.844518 0.00469166 -0.535507 1.74803 
-0.542495 0.0539458 0.838325 39.9041 0.0342309 0.998527 -0.0421032 0.338185 -0.839362 0.00585586 -0.543542 1.36436 
-0.546327 0.0566933 0.835651 40.582 0.0355233 0.998377 -0.0445088 0.285257 -0.836818 0.0053687 -0.547455 0.957155 
-0.546103 0.058797 0.835652 41.2892 0.034901 0.998265 -0.0474304 0.243714 -0.836991 0.00326321 -0.547207 0.507583 
-0.542757 0.0591611 0.837804 42.0223 0.0371138 0.998231 -0.0464461 0.197759 -0.839069 0.00588514 -0.543993 0.0501499 
-0.537207 0.0580555 0.84145 42.7662 0.0350375 0.998303 -0.0465085 0.150311 -0.842722 0.00449756 -0.53833 -0.392983 
-0.530722 0.0567245 0.845646 43.5316 0.0323439 0.998387 -0.0466712 0.107148 -0.846929 0.00258206 -0.5317 -0.840586 
-0.523575 0.0563996 0.850111 44.31 0.0313815 0.998406 -0.0469104 0.0499222 -0.851402 0.00211661 -0.52451 -1.29359 
-0.517476 0.0549041 0.853934 45.1089 0.0278782 0.998491 -0.0473046 0.00146806 -0.855243 -0.000672885 -0.518226 -1.7487 
-0.513879 0.0524457 0.856258 45.9109 0.0230694 0.998613 -0.0473199 -0.0458208 -0.857553 -0.0045633 -0.514376 -2.18792 
-0.51284 0.0496234 0.857049 46.7371 0.0184887 0.998735 -0.0467637 -0.102437 -0.858285 -0.00813659 -0.513109 -2.64688 
-0.514481 0.0471916 0.856202 47.5515 0.0148821 0.998826 -0.0461101 -0.139913 -0.857372 -0.0109807 -0.514579 -3.05111 
-0.515754 0.0460646 0.855497 48.4206 0.0139907 0.998873 -0.0453502 -0.200434 -0.856622 -0.0114206 -0.515818 -3.53971 
-0.517164 0.0452814 0.854688 49.2693 0.0136189 0.998908 -0.0446815 -0.250509 -0.855778 -0.0114678 -0.517216 -3.98744 
-0.517923 0.0445672 0.854266 50.1242 0.0142173 0.998952 -0.0434959 -0.317207 -0.855309 -0.0103821 -0.518014 -4.46449 
-0.518837 0.043658 0.853758 51.0147 0.013972 0.998995 -0.0425939 -0.372689 -0.854759 -0.0101706 -0.518925 -4.95785 
-0.519665 0.0430388 0.853285 51.8907 0.0128182 0.999011 -0.0425825 -0.430406 -0.854274 -0.0111911 -0.519703 -5.45806 
-0.520206 0.0416853 0.853023 52.8638 0.0110716 0.999053 -0.0420695 -0.484876 -0.853969 -0.0124405 -0.520175 -5.99305 
-0.520804 0.0408445 0.852699 53.7675 0.0100677 0.999079 -0.0417071 -0.546514 -0.853617 -0.0131365 -0.520736 -6.5019 
-0.519919 0.0396242 0.853296 54.6236 0.00910396 0.999124 -0.0408488 -0.622789 -0.854167 -0.0134697 -0.519824 -7.00906 
-0.518931 0.0377834 0.853981 55.4801 0.00895042 0.999208 -0.0387699 -0.689943 -0.854769 -0.0124755 -0.518859 -7.49685 
-0.517046 0.0356746 0.855214 56.3444 0.00979 0.999312 -0.0357666 -0.755633 -0.855902 -0.0101204 -0.51704 -7.99357 
-0.51576 0.0341664 0.856052 57.2011 0.00894606 0.999365 -0.0344964 -0.808079 -0.856687 -0.0101336 -0.515738 -8.46106 
-0.514229 0.0334115 0.857002 58.091 0.00946038 0.999401 -0.0332865 -0.883685 -0.857601 -0.00900937 -0.514238 -8.93517 
-0.512263 0.0336207 0.85817 58.9931 0.00962305 0.999395 -0.0334092 -0.94112 -0.858775 -0.00885609 -0.512277 -9.44787 
-0.512382 0.0339951 0.858085 59.9064 0.00906857 0.999375 -0.0341776 -0.995591 -0.85871 -0.0097304 -0.51237 -9.92974 
-0.513756 0.0353148 0.857209 60.7876 0.00815329 0.999308 -0.0362824 -1.04644 -0.857898 -0.0116512 -0.513688 -10.4258 
-0.517195 0.0366363 0.855083 61.6584 0.00626659 0.999219 -0.0390215 -1.11111 -0.855845 -0.0148233 -0.517021 -10.9183 
-0.522234 0.0371064 0.851994 62.5402 0.0050918 0.999171 -0.0403952 -1.16655 -0.852787 -0.0167576 -0.52199 -11.4152 
-0.52809 0.0358256 0.848433 63.408 0.00599317 0.999242 -0.0384632 -1.22124 -0.849167 -0.0152272 -0.527904 -11.9236 
-0.533886 0.0334069 0.844896 64.2913 0.00694564 0.999359 -0.0351253 -1.282 -0.845528 -0.0128846 -0.533776 -12.4437 
-0.539684 0.0311576 0.841291 65.1688 0.00421746 0.999402 -0.0343078 -1.33318 -0.841857 -0.0149673 -0.539493 -12.9672 
-0.54496 0.03435 0.837758 66.0279 0.00591789 0.999293 -0.0371237 -1.38734 -0.838441 -0.0152732 -0.544778 -13.4924 
-0.550374 0.0357715 0.834152 66.8647 0.00594616 0.999224 -0.0389271 -1.44253 -0.834897 -0.0164645 -0.55016 -14.0148 
-0.555039 0.0367972 0.83101 67.6833 0.00511982 0.999153 -0.040823 -1.50309 -0.831809 -0.0184038 -0.554758 -14.5358 
-0.55904 0.0366563 0.82833 68.5129 0.00333686 0.999114 -0.041962 -1.55875 -0.829134 -0.0206944 -0.558667 -15.0644 
-0.562012 0.0362974 0.826332 69.3257 0.00452843 0.999157 -0.0408089 -1.61245 -0.827117 -0.0191931 -0.561702 -15.6056 
-0.564531 0.0292715 0.824893 70.1445 0.00471096 0.999469 -0.0322423 -1.66475 -0.825398 -0.0143158 -0.564369 -16.1454 
-0.566679 0.0207165 0.823678 70.9504 0.00451423 0.999747 -0.0220391 -1.71685 -0.823926 -0.00877082 -0.56663 -16.6761 
-0.568297 0.0193322 0.822597 71.7504 0.00551799 0.999791 -0.0196844 -1.76296 -0.822805 -0.0066475 -0.568284 -17.203 
-0.569443 0.0238378 0.821685 72.5397 0.00577776 0.999671 -0.0249972 -1.80463 -0.822011 -0.009487 -0.569393 -17.7276 
-0.570476 0.0302833 0.820756 73.325 0.00750733 0.999471 -0.0316592 -1.84392 -0.82128 -0.0118992 -0.570402 -18.2547 
-0.571014 0.0341758 0.820229 74.115 0.0126952 0.999381 -0.0328024 -1.88413 -0.820842 -0.00831771 -0.571094 -18.7925 
-0.570955 0.0356699 0.820206 74.9074 0.0157941 0.999348 -0.0324662 -1.92785 -0.82083 -0.00558232 -0.571146 -19.3389 
-0.570541 0.0322476 0.820636 75.6977 0.0142048 0.999467 -0.0293991 -1.97375 -0.821146 -0.00511644 -0.570695 -19.8734 
-0.56956 0.0275399 0.821488 76.4849 0.0130035 0.999615 -0.0244959 -2.0126 -0.821847 -0.0032697 -0.569699 -20.4063 
-0.568824 0.021001 0.822191 77.278 0.00921216 0.999774 -0.0191636 -2.04632 -0.822408 -0.00332655 -0.568889 -20.9299 
-0.568223 0.0153087 0.822732 78.0695 0.000787615 0.999837 -0.0180601 -2.08342 -0.822874 -0.0096142 -0.568142 -21.4446 
-0.566089 0.00984548 0.824286 78.8612 -0.00690588 0.999837 -0.016685 -2.11573 -0.824315 -0.0151376 -0.565929 -21.9629 
-0.564273 0.0108499 0.825517 79.6427 -0.00391731 0.999867 -0.015819 -2.14441 -0.825579 -0.01216 -0.564156 -22.4775 
-0.561415 0.0138763 0.827418 80.4221 -0.000165362 0.999858 -0.0168804 -2.18175 -0.827534 -0.00961375 -0.561333 -22.9896 
-0.556454 0.0174113 0.830696 81.2057 0.00210399 0.999807 -0.0195465 -2.20773 -0.830876 -0.00912893 -0.556383 -23.4918 
-0.548563 0.0198129 0.835875 81.9908 0.00749175 0.999796 -0.0187816 -2.24417 -0.836076 -0.00404075 -0.548599 -24.0005 
-0.540842 0.0233859 0.840799 82.7843 0.0154125 0.999721 -0.0178921 -2.28329 -0.840983 0.00328203 -0.541051 -24.4947 
-0.531387 0.0222217 0.846837 83.5784 0.012059 0.999753 -0.0186673 -2.31024 -0.847043 0.000292406 -0.531524 -24.9715 
-0.520743 0.0201581 0.853476 84.381 0.00999029 0.999797 -0.0175185 -2.33792 -0.853655 -0.000596172 -0.520838 -25.4345 
-0.509268 0.0174303 0.860432 85.1936 0.0104528 0.999846 -0.0140678 -2.36691 -0.860545 0.00182964 -0.509372 -25.8968 
-0.498035 0.0167692 0.866995 86.0087 0.010298 0.999857 -0.0134234 -2.40178 -0.867096 0.00224293 -0.498137 -26.3504 
-0.486485 0.0161427 0.87354 86.8272 0.0108614 0.999864 -0.0124282 -2.42373 -0.873621 0.00344172 -0.486594 -26.7814 
-0.474593 0.0173524 0.880034 87.6443 0.0126368 0.999837 -0.0128997 -2.45509 -0.880114 0.0049987 -0.474735 -27.2035 
-0.463218 0.0211478 0.885992 88.4646 0.0127005 0.999771 -0.0172235 -2.49255 -0.886153 0.00327435 -0.463381 -27.6062 
-0.452032 0.0302613 0.891488 89.2868 0.0151866 0.999541 -0.0262286 -2.52497 -0.891872 0.00168254 -0.452284 -28.007 
-0.43944 0.0346615 0.897603 90.1128 0.0141394 0.999398 -0.0316701 -2.55838 -0.89816 -0.00122558 -0.439666 -28.3934 
-0.428342 0.0312449 0.903076 90.9516 0.0122587 0.999511 -0.0287669 -2.59984 -0.903534 -0.00125156 -0.428515 -28.767 
-0.416861 0.0274705 0.908555 91.7975 0.0108375 0.999622 -0.0252514 -2.64428 -0.908906 -0.000679859 -0.417001 -29.1372 
-0.407002 0.0283684 0.912987 92.6345 0.00863029 0.999592 -0.027212 -2.68889 -0.913387 -0.00319602 -0.407081 -29.4889 
-0.400761 0.0321592 0.915618 93.4693 0.0034503 0.99943 -0.0335927 -2.73779 -0.916176 -0.0103035 -0.400644 -29.8209 
-0.395782 0.0370053 0.917599 94.3082 -0.0020805 0.999149 -0.0411915 -2.7829 -0.918342 -0.0182119 -0.395369 -30.1519 
-0.392596 0.0383456 0.918911 95.1347 -0.00657402 0.998988 -0.0444958 -2.83423 -0.919688 -0.0235098 -0.391947 -30.4801 
-0.389382 0.0380972 0.920288 95.9764 -0.00751935 0.99898 -0.0445363 -2.8942 -0.921046 -0.0242616 -0.388698 -30.8053 
-0.384842 0.0378829 0.922205 96.8109 -0.00909447 0.998953 -0.0448307 -2.95264 -0.922938 -0.0256397 -0.384095 -31.1239 
-0.379276 0.0338178 0.924665 97.6484 -0.0124058 0.999056 -0.041627 -2.99949 -0.9252 -0.0272593 -0.378499 -31.445 
-0.37535 0.0299749 0.926398 98.4848 -0.0132 0.999203 -0.0376789 -3.0501 -0.926789 -0.0263712 -0.374655 -31.7485 
-0.369702 0.0268058 0.928764 99.3316 -0.0152133 0.999275 -0.0348966 -3.10585 -0.929026 -0.027031 -0.369026 -32.0636 
-0.364321 0.024947 0.930939 100.173 -0.0237773 0.999066 -0.0360778 -3.15175 -0.93097 -0.0352791 -0.363388 -32.3608 
-0.358513 0.0247131 0.933198 101.013 -0.0311652 0.998776 -0.0384227 -3.20355 -0.933004 -0.0428584 -0.357304 -32.6496 
-0.352058 0.028871 0.935533 101.855 -0.0293997 0.99869 -0.0418837 -3.25211 -0.935516 -0.0422499 -0.350748 -32.9447 
-0.34499 0.0323086 0.93805 102.705 -0.0278033 0.998617 -0.04462 -3.30174 -0.938194 -0.0414744 -0.343615 -33.2422 
-0.339377 0.030071 0.94017 103.563 -0.0292857 0.998667 -0.0425133 -3.35281 -0.940195 -0.0419615 -0.338043 -33.5195 
-0.332554 0.0251233 0.94275 104.424 -0.0300933 0.998853 -0.0372337 -3.40631 -0.942604 -0.0407527 -0.331416 -33.8022 
-0.325952 0.0228117 0.945111 105.3 -0.0312042 0.998905 -0.0348718 -3.45181 -0.944871 -0.040858 -0.324883 -34.074 
-0.319936 0.0257297 0.94709 106.16 -0.0337045 0.998689 -0.0385171 -3.49895 -0.946839 -0.0442442 -0.31865 -34.337 
-0.313919 0.0285341 0.949021 107.012 -0.033537 0.998591 -0.0411179 -3.54159 -0.948857 -0.044735 -0.31252 -34.5933 
-0.307819 0.0288428 0.951008 107.868 -0.0365749 0.998443 -0.0421198 -3.59151 -0.950742 -0.0477482 -0.306285 -34.8394 
-0.300784 0.0282258 0.953275 108.718 -0.0366243 0.998483 -0.0411202 -3.64458 -0.952989 -0.0472813 -0.299293 -35.0916 
-0.292859 0.0283083 0.955737 109.568 -0.0318099 0.99872 -0.0393286 -3.69531 -0.955626 -0.0419196 -0.291583 -35.3337 
-0.28484 0.0293912 0.958124 110.417 -0.0292537 0.998798 -0.0393357 -3.7482 -0.958129 -0.0392331 -0.283638 -35.5848 
-0.278369 0.0297855 0.960012 111.287 -0.027648 0.998856 -0.0390076 -3.79826 -0.960076 -0.037401 -0.277227 -35.8167 
-0.272 0.0283828 0.961879 112.159 -0.0348171 0.99862 -0.0393125 -3.84602 -0.961667 -0.0441829 -0.270637 -36.0304 
-0.266008 0.0261593 0.963616 113.022 -0.0391293 0.998515 -0.0379084 -3.90061 -0.963176 -0.0477896 -0.26459 -36.2434 
-0.261422 0.0260746 0.964872 113.886 -0.0361431 0.99867 -0.0367805 -3.95283 -0.964548 -0.0444888 -0.260132 -36.4619 
-0.257095 0.026308 0.966028 114.75 -0.0344867 0.998743 -0.036377 -4.0033 -0.965771 -0.0426675 -0.255864 -36.6702 
-0.252701 0.0277144 0.967148 115.617 -0.0332114 0.998752 -0.0372976 -4.04934 -0.966974 -0.0415455 -0.251465 -36.873 
-0.246584 0.0269716 0.968746 116.488 -0.0272281 0.999025 -0.0347452 -4.09421 -0.968739 -0.0349447 -0.245609 -37.0878 
-0.241284 0.0258993 0.970109 117.355 -0.0201562 0.999294 -0.0316917 -4.13789 -0.970245 -0.0272004 -0.240592 -37.295 
-0.236373 0.0249792 0.971341 118.224 -0.0183422 0.999377 -0.0301636 -4.18407 -0.971489 -0.0249464 -0.235767 -37.4923 
-0.232031 0.0266938 0.972342 119.098 -0.0203128 0.999272 -0.0322803 -4.2238 -0.972496 -0.027241 -0.23132 -37.6829 
-0.228798 0.0286427 0.973052 119.963 -0.0220034 0.99916 -0.0345849 -4.26038 -0.973225 -0.0293234 -0.227976 -37.8629 
-0.227047 0.0277556 0.973488 120.84 -0.0241546 0.999126 -0.0341201 -4.31105 -0.973584 -0.0312611 -0.226178 -38.0475 
-0.225749 0.0268684 0.973815 121.712 -0.0241711 0.999157 -0.0331709 -4.35478 -0.973886 -0.0310265 -0.224909 -38.2337 
-0.224761 0.0224632 0.974155 122.584 -0.0230507 0.999332 -0.028362 -4.39595 -0.974141 -0.0288296 -0.224093 -38.4233 
-0.22386 0.0172506 0.974469 123.453 -0.0237986 0.999449 -0.0231599 -4.43721 -0.974331 -0.0283756 -0.223326 -38.6036 
-0.223373 0.0157489 0.974606 124.319 -0.0231982 0.9995 -0.021468 -4.47214 -0.974457 -0.0274045 -0.222896 -38.7842 
-0.221989 0.0204354 0.974835 125.169 -0.0228311 0.999397 -0.0261493 -4.51018 -0.974782 -0.0280614 -0.221388 -38.9628 
-0.221892 0.0240098 0.974776 126.017 -0.0228784 0.999293 -0.0298216 -4.5494 -0.974803 -0.0289185 -0.221186 -39.1383 
-0.221886 0.0232298 0.974796 126.875 -0.0258963 0.999223 -0.0297064 -4.58788 -0.974729 -0.0318351 -0.221112 -39.3128 
-0.221358 0.0221846 0.97494 127.734 -0.0274913 0.999202 -0.0289785 -4.63363 -0.974805 -0.033217 -0.220572 -39.4911 
-0.220286 0.0235674 0.975151 128.58 -0.0235132 0.999289 -0.0294624 -4.66644 -0.975152 -0.0294191 -0.219575 -39.6764 
-0.219438 0.0260464 0.975279 129.422 -0.0245451 0.99918 -0.0322073 -4.71028 -0.975318 -0.0310058 -0.218619 -39.8522 
-0.219771 0.0269523 0.975179 130.265 -0.0328298 0.998848 -0.0350051 -4.75243 -0.974999 -0.039708 -0.218633 -40.0122 
-0.219886 0.0277868 0.97513 131.095 -0.0404835 0.998473 -0.0375807 -4.79718 -0.974685 -0.0477401 -0.218425 -40.1646 
-0.219619 0.0314587 0.975078 131.905 -0.0381834 0.998437 -0.0408124 -4.84239 -0.974838 -0.046195 -0.218074 -40.3297 
-0.219239 0.0327192 0.975123 132.728 -0.0364064 0.998467 -0.0416878 -4.89154 -0.974992 -0.0446403 -0.217711 -40.4935 
-0.217567 0.0339648 0.975454 133.547 -0.0365912 0.998408 -0.0429253 -4.93933 -0.975359 -0.0450322 -0.215978 -40.6602 
-0.214906 0.0334473 0.976062 134.346 -0.0274496 0.998812 -0.0402706 -4.99494 -0.976249 -0.0354469 -0.213732 -40.8381 
-0.211683 0.0306437 0.976858 135.152 -0.0233432 0.999065 -0.0363988 -5.03863 -0.97706 -0.030508 -0.21077 -41.0086 
-0.21021 0.0252651 0.97733 135.963 -0.0204829 0.999333 -0.0302395 -5.09202 -0.977442 -0.0263752 -0.209552 -41.1634 
-0.206965 0.0247506 0.978035 136.773 -0.0194098 0.999379 -0.0293981 -5.13226 -0.978156 -0.0250679 -0.206356 -41.3163 
-0.202016 0.0297852 0.978929 137.567 -0.0184186 0.999245 -0.0342042 -5.18303 -0.979209 -0.0249403 -0.201315 -41.4632 
-0.195839 0.0329355 0.980083 138.341 -0.0173093 0.999164 -0.0370354 -5.2222 -0.980483 -0.0242175 -0.195105 -41.6043 
-0.187515 0.0334231 0.981693 139.138 -0.018198 0.999131 -0.0374928 -5.263 -0.982093 -0.0248954 -0.186744 -41.739 
-0.178827 0.0289231 0.983455 139.924 -0.0178551 0.999308 -0.0326359 -5.30468 -0.983718 -0.0233959 -0.178187 -41.8551 
-0.166555 0.0278885 0.985638 140.726 -0.0130859 0.999449 -0.0304906 -5.3441 -0.985945 -0.0179764 -0.166099 -41.9833 
-0.152994 0.0300848 0.987769 141.519 -0.00918292 0.99945 -0.0318629 -5.38424 -0.988184 -0.0139454 -0.152634 -42.0936 
-0.138007 0.0318442 0.989919 142.306 -0.00929964 0.999397 -0.0334455 -5.41667 -0.990388 -0.0138216 -0.137628 -42.201 
-0.124566 0.0318193 0.991701 143.08 -0.00789771 0.999422 -0.033059 -5.45797 -0.99218 -0.0119502 -0.124243 -42.283 
-0.110386 0.0331877 0.993335 143.862 -0.00609566 0.999401 -0.0340678 -5.50424 -0.99387 -0.00981563 -0.110117 -42.3627 
-0.0972354 0.0401928 0.99445 144.659 -0.0107782 0.999083 -0.041434 -5.53925 -0.995203 -0.0147472 -0.096713 -42.4175 
-0.084185 0.0493894 0.995225 145.424 -0.0180449 0.998532 -0.0510798 -5.57981 -0.996287 -0.0222589 -0.0831702 -42.457 
-0.0708769 0.0568615 0.995863 146.176 -0.0220431 0.998041 -0.0585547 -5.63475 -0.997242 -0.0261021 -0.0694847 -42.4802 
-0.0578453 0.0577482 0.996654 146.946 -0.0239611 0.997958 -0.0592144 -5.67846 -0.998038 -0.0273062 -0.0563435 -42.5071 
-0.0459003 0.0538772 0.997492 147.713 -0.0285239 0.998067 -0.0552207 -5.73685 -0.998539 -0.0309871 -0.0442748 -42.5175 
-0.0354937 0.0515282 0.998041 148.487 -0.0332554 0.998056 -0.0527116 -5.792 -0.998816 -0.0350612 -0.0337111 -42.5167 
-0.0263499 0.0580301 0.997967 149.246 -0.0363094 0.997599 -0.0589674 -5.8469 -0.998993 -0.0377894 -0.0241796 -42.5134 
-0.0196705 0.0659519 0.997629 149.997 -0.039882 0.996976 -0.066695 -5.90064 -0.999011 -0.0410994 -0.0169807 -42.5112 
-0.0167882 0.0687884 0.99749 150.746 -0.0434388 0.996639 -0.0694607 -5.95132 -0.998915 -0.0444959 -0.0137436 -42.5003 
-0.0167648 0.0643818 0.997785 151.508 -0.0449144 0.996869 -0.0650774 -6.01077 -0.99885 -0.0459059 -0.0138206 -42.4945 
-0.0186868 0.0599544 0.998026 152.264 -0.046128 0.997086 -0.0607615 -6.07606 -0.998761 -0.0471724 -0.0158668 -42.4877 
-0.0220338 0.0571357 0.998123 153.009 -0.0453664 0.99728 -0.0580889 -6.12743 -0.998727 -0.0465612 -0.0193819 -42.4853 
-0.024615 0.0572308 0.998058 153.749 -0.0433249 0.997361 -0.0582594 -6.17987 -0.998758 -0.0446748 -0.0220705 -42.492 
-0.0282898 0.0569672 0.997975 154.493 -0.0417699 0.997435 -0.0581204 -6.24006 -0.998727 -0.0433295 -0.0258377 -42.4993 
-0.0329388 0.0555737 0.997911 155.232 -0.0430608 0.997447 -0.0569691 -6.29474 -0.998529 -0.0448473 -0.0304616 -42.5076 
-0.0384905 0.0554037 0.997722 155.966 -0.0434506 0.997425 -0.0570635 -6.34667 -0.998314 -0.045548 -0.035984 -42.5193 
-0.0448315 0.0545262 0.997505 156.724 -0.0445083 0.997409 -0.0565212 -6.38202 -0.998003 -0.0469312 -0.0422884 -42.5243 
-0.0504382 0.0519143 0.997377 157.469 -0.0419012 0.997659 -0.054048 -6.43845 -0.997848 -0.0445174 -0.0481448 -42.5574 
-0.0552153 0.0520103 0.997119 158.196 -0.0425512 0.997613 -0.0543923 -6.48933 -0.997567 -0.0454319 -0.0528704 -42.5947 
-0.0609464 0.0533141 0.996716 158.925 -0.0445469 0.997432 -0.0560763 -6.54088 -0.997147 -0.0478182 -0.058415 -42.6162 
-0.0647208 0.0555249 0.996358 159.65 -0.0455529 0.997246 -0.0585334 -6.59955 -0.996863 -0.0491753 -0.0620132 -42.6506 
-0.0674215 0.0579704 0.996039 160.373 -0.0454074 0.997098 -0.0611056 -6.65181 -0.996691 -0.0493474 -0.0645936 -42.686 
-0.0686959 0.0596415 0.995853 161.095 -0.042526 0.997129 -0.0626514 -6.70097 -0.996731 -0.0466535 -0.0659624 -42.7274 
-0.0678599 0.058278 0.995991 161.803 -0.0391201 0.997369 -0.0610239 -6.75182 -0.996928 -0.0431044 -0.0654016 -42.7657 
-0.0638401 0.0545704 0.996467 162.511 -0.0368597 0.997694 -0.056999 -6.8082 -0.997279 -0.0403683 -0.0616814 -42.8 
-0.0563851 0.0547432 0.996907 163.214 -0.0360065 0.997735 -0.0568251 -6.86387 -0.99776 -0.0390993 -0.0542863 -42.8248 
-0.0456708 0.0555021 0.997414 163.9 -0.0332451 0.997818 -0.0570468 -6.91434 -0.998403 -0.0357644 -0.043726 -42.835 
-0.030915 0.0553594 0.997988 164.59 -0.0301633 0.997959 -0.0562921 -6.96517 -0.999067 -0.0318429 -0.029182 -42.8465 
-0.0161366 0.0530984 0.998459 165.276 -0.0313025 0.998073 -0.0535837 -7.00917 -0.99938 -0.0321189 -0.0144434 -42.8343 
-0.000327561 0.0481344 0.998841 165.96 -0.0362126 0.998185 -0.0481147 -7.0567 -0.999344 -0.0361864 0.0014161 -42.8072 
0.015969 0.0420339 0.998989 166.638 -0.0385773 0.998398 -0.0413923 -7.0969 -0.999128 -0.0378773 0.0175649 -42.7728 
0.0334449 0.0348766 0.998832 167.319 -0.0388816 0.99868 -0.0335693 -7.13308 -0.998684 -0.0377134 0.0347568 -42.7359 
0.0509208 0.0271008 0.998335 167.996 -0.0391253 0.998919 -0.025121 -7.16903 -0.997936 -0.0377809 0.051926 -42.6795 
0.0687629 0.0211434 0.997409 168.66 -0.0397237 0.999041 -0.0184393 -7.19617 -0.996842 -0.0383528 0.0695368 -42.6261 
0.0864783 0.0187765 0.996077 169.316 -0.0393905 0.999105 -0.0154137 -7.22022 -0.995475 -0.0379031 0.0871406 -42.5449 
0.104345 0.0173627 0.99439 169.964 -0.0379691 0.999188 -0.0134622 -7.24259 -0.993816 -0.0363513 0.104919 -42.4576 
0.121944 0.0168922 0.992393 170.603 -0.0393269 0.999152 -0.0121748 -7.26239 -0.991758 -0.0375431 0.122505 -42.3638 
0.137678 0.0160569 0.990347 171.251 -0.0448044 0.998946 -0.00996759 -7.27828 -0.989463 -0.0429996 0.138252 -42.235 
0.152527 0.0124837 0.988221 171.879 -0.0467783 0.998891 -0.00539843 -7.29655 -0.987192 -0.0454038 0.152941 -42.1234 
0.164997 0.00856632 0.986257 172.509 -0.0428708 0.99908 -0.00150553 -7.30943 -0.985362 -0.0420332 0.165212 -42.0041 
0.175791 0.00750192 0.984399 173.123 -0.0407366 0.99917 -0.000339826 -7.32238 -0.983584 -0.0400413 0.175951 -41.8798 
0.185675 0.0110476 0.982549 173.724 -0.0444177 0.999009 -0.00283888 -7.33544 -0.981607 -0.0431155 0.185981 -41.7411 
0.194497 0.018352 0.980732 174.312 -0.04901 0.998758 -0.00896967 -7.34955 -0.979678 -0.0463211 0.195154 -41.5941 
0.203701 0.028366 0.978622 174.901 -0.0490994 0.998618 -0.0187254 -7.36597 -0.977801 -0.0442353 0.204812 -41.4535 
0.21197 0.0340026 0.976685 175.495 -0.0433266 0.998739 -0.0253672 -7.37965 -0.976315 -0.0369393 0.213176 -41.3176 
0.217838 0.0325493 0.975442 176.059 -0.0431891 0.998786 -0.0236831 -7.39142 -0.975029 -0.0369694 0.218979 -41.1571 
0.22379 0.0250378 0.974316 176.681 -0.0457095 0.99884 -0.0151689 -7.40592 -0.973565 -0.0411409 0.224675 -40.9948 
0.228345 0.0143443 0.973475 177.29 -0.0502808 0.998731 -0.00292223 -7.4294 -0.972281 -0.0482798 0.228776 -40.8326 
0.230545 0.00623274 0.973042 177.897 -0.050579 0.998704 0.00558674 -7.44425 -0.971746 -0.0505034 0.230562 -40.6754 
0.231503 0.00543946 0.972819 178.503 -0.0470269 0.998878 0.00560595 -7.45979 -0.971697 -0.0470465 0.231499 -40.5236 
0.232807 0.00733094 0.972495 179.103 -0.0432524 0.99906 0.00282313 -7.47236 -0.971561 -0.04272 0.232906 -40.3743 
0.23468 0.00665267 0.97205 179.72 -0.0394642 0.999217 0.00268923 -7.47528 -0.971271 -0.0389923 0.234759 -40.223 
0.236609 0.00447367 0.971595 180.344 -0.041329 0.999131 0.00546428 -7.4763 -0.970726 -0.041448 0.236588 -40.0616 
0.239399 0.000676427 0.970921 180.96 -0.041198 0.999106 0.00946212 -7.47974 -0.970047 -0.0422652 0.239213 -39.8927 
0.242542 -0.0045872 0.97013 181.586 -0.0402418 0.999081 0.014785 -7.4851 -0.969306 -0.0426258 0.242135 -39.7264 
0.247494 -0.00766128 0.968859 182.194 -0.037851 0.999129 0.0175697 -7.49125 -0.96815 -0.0410207 0.246989 -39.5586 
0.254019 -0.0102059 0.967145 182.815 -0.0357586 0.999162 0.0199358 -7.49088 -0.966538 -0.0396478 0.253441 -39.3857 
0.261962 -0.0136102 0.964982 183.437 -0.0339914 0.99915 0.0233198 -7.48942 -0.964479 -0.03891 0.261277 -39.2067 
0.272222 -0.0152081 0.962114 184.073 -0.0312579 0.999208 0.0246386 -7.48462 -0.961727 -0.0367808 0.271531 -39.0217 
0.283987 -0.0133725 0.958735 184.698 -0.0322778 0.999203 0.023498 -7.48276 -0.958285 -0.037619 0.283329 -38.8286 
0.295521 -0.00957624 0.955288 185.315 -0.0332107 0.999242 0.0202907 -7.47846 -0.954759 -0.0377221 0.294979 -38.6129 
0.30757 -0.00670933 0.951502 185.944 -0.0339541 0.999261 0.0180217 -7.47538 -0.950919 -0.0378503 0.307115 -38.392 
0.319025 -0.00632097 0.947725 186.573 -0.0323873 0.999321 0.0175674 -7.46542 -0.947193 -0.0362987 0.318603 -38.1554 
0.330129 -0.00925239 0.943891 187.208 -0.0313911 0.999291 0.0207746 -7.45609 -0.943414 -0.0364881 0.329604 -37.9048 
0.341125 -0.0109105 0.939955 187.833 -0.0323972 0.999202 0.0233557 -7.45843 -0.93946 -0.0384191 0.340499 -37.6543 
0.352493 -0.0117963 0.93574 188.466 -0.0339861 0.9991 0.0253976 -7.45634 -0.935197 -0.0407546 0.351775 -37.3929 
0.361983 -0.013051 0.932093 189.107 -0.0377423 0.998877 0.0286436 -7.44499 -0.93142 -0.0455478 0.361084 -37.1115 
0.369471 -0.0123357 0.92916 189.756 -0.0413111 0.998705 0.0296859 -7.44084 -0.928323 -0.0493527 0.368483 -36.8368 
0.374247 -0.0154274 0.927201 190.404 -0.0415452 0.998579 0.033384 -7.43451 -0.926398 -0.0510146 0.373075 -36.5628 
0.376422 -0.0190981 0.926251 191.066 -0.0382792 0.998613 0.0361466 -7.41687 -0.925657 -0.0490625 0.375169 -36.2802 
0.376567 -0.018515 0.926204 191.723 -0.0338056 0.99886 0.0337118 -7.4032 -0.925772 -0.0440056 0.375512 -36.0067 
0.376152 -0.0181613 0.92638 192.402 -0.0324823 0.998935 0.0327731 -7.39315 -0.925988 -0.0424186 0.375162 -35.7317 
0.375826 -0.0169257 0.926536 193.073 -0.0288713 0.999134 0.0299629 -7.37803 -0.926241 -0.0380111 0.375012 -35.4538 
0.375179 -0.0188979 0.92676 193.756 -0.0257545 0.999194 0.0308011 -7.36302 -0.926595 -0.0354242 0.37439 -35.168 
0.375059 -0.0250703 0.926662 194.455 -0.0221526 0.999106 0.0359964 -7.35231 -0.926736 -0.0340287 0.374168 -34.8911 
0.37367 -0.0279374 0.927141 195.146 -0.0221689 0.998992 0.0390374 -7.33624 -0.927297 -0.0351408 0.372674 -34.6002 
0.372044 -0.0305276 0.927713 195.84 -0.0216581 0.998901 0.0415558 -7.32548 -0.927962 -0.0355531 0.370974 -34.3127 
0.370809 -0.0299557 0.928226 196.525 -0.0229549 0.998879 0.0414059 -7.2974 -0.928426 -0.036661 0.369705 -34.0248 
0.368961 -0.0302317 0.928953 197.219 -0.0247222 0.998798 0.0423239 -7.27741 -0.929116 -0.0385816 0.36777 -33.7354 
0.367005 -0.0292015 0.92976 197.906 -0.0256299 0.99881 0.0414871 -7.2644 -0.929866 -0.0390556 0.36582 -33.4478 
0.365477 -0.0250232 0.930484 198.592 -0.0255368 0.998993 0.036896 -7.24808 -0.93047 -0.0372461 0.36447 -33.1629 
0.364548 -0.0189865 0.930991 199.279 -0.0257286 0.999205 0.0304522 -7.23158 -0.930829 -0.0350544 0.36377 -32.8802 
0.363672 -0.0165895 0.931379 199.976 -0.0274626 0.999216 0.0285211 -7.2168 -0.931122 -0.0359504 0.362932 -32.5984 
0.362284 -0.019172 0.931871 200.662 -0.0293483 0.999058 0.0319641 -7.20576 -0.931606 -0.0389289 0.36138 -32.3147 
0.36121 -0.0225321 0.932212 201.357 -0.030771 0.998876 0.0360665 -7.19887 -0.931977 -0.0417127 0.36011 -32.0332 
0.358572 -0.0222831 0.933236 202.059 -0.03304 0.998786 0.0365431 -7.18112 -0.932917 -0.0439375 0.3574 -31.7395 
0.353787 -0.0218725 0.93507 202.75 -0.036268 0.998654 0.037082 -7.17073 -0.934623 -0.0470322 0.352517 -31.4652 
0.347065 -0.0232751 0.937552 203.467 -0.0355788 0.998646 0.0379625 -7.14984 -0.937166 -0.0465325 0.345767 -31.1845 
0.338054 -0.0238791 0.940824 204.162 -0.0346999 0.998682 0.0378159 -7.13849 -0.940487 -0.0454303 0.33678 -30.9261 
0.327834 -0.0226084 0.944465 204.859 -0.0317916 0.998883 0.0349463 -7.12632 -0.9442 -0.0414827 0.32675 -30.6753 
0.317418 -0.0194383 0.948086 205.546 -0.0322892 0.998989 0.0312923 -7.11276 -0.947736 -0.0405457 0.316469 -30.447 
0.305869 -0.019281 0.951878 206.252 -0.0349316 0.998895 0.031458 -7.09342 -0.951433 -0.0428726 0.304858 -30.2066 
0.294837 -0.027304 0.955157 206.96 -0.0303446 0.99882 0.0379189 -7.08026 -0.955066 -0.0401638 0.293661 -29.9849 
0.286251 -0.0357991 0.957486 207.67 -0.0260611 0.998641 0.0451292 -7.06393 -0.9578 -0.0378714 0.284929 -29.7709 
0.278932 -0.0413761 0.959419 208.386 -0.0258673 0.998385 0.050577 -7.04482 -0.959962 -0.0389251 0.277411 -29.5501 
0.274602 -0.0422267 0.96063 209.092 -0.0321566 0.998073 0.0530647 -7.01908 -0.96102 -0.0454622 0.272715 -29.3269 
0.272333 -0.0439317 0.9612 209.814 -0.0314778 0.998016 0.0545329 -6.99052 -0.961688 -0.0451075 0.27041 -29.118 
0.270965 -0.0447837 0.961547 210.535 -0.0304727 0.998017 0.0550696 -6.96318 -0.962107 -0.0442228 0.269063 -28.9085 
0.270199 -0.0426742 0.961858 211.253 -0.0306579 0.998129 0.0528957 -6.93358 -0.962316 -0.0437809 0.268385 -28.6953 
0.269552 -0.0409286 0.962116 211.974 -0.0337876 0.998079 0.0519246 -6.90487 -0.962393 -0.0465039 0.267651 -28.474 
0.270027 -0.0412966 0.961967 212.701 -0.035214 0.997988 0.0527276 -6.87548 -0.962209 -0.0481126 0.268029 -28.2544 
0.271377 -0.042404 0.961539 213.418 -0.0362564 0.99787 0.054239 -6.8474 -0.96179 -0.0495811 0.269262 -28.0336 
0.272691 -0.0442475 0.961084 214.151 -0.0350512 0.997822 0.0558841 -6.82266 -0.961463 -0.0489262 0.270546 -27.8116 
0.274306 -0.0452186 0.960579 214.882 -0.0314381 0.997938 0.0559549 -6.79312 -0.961128 -0.0455476 0.272319 -27.5944 
0.277064 -0.0462891 0.959736 215.624 -0.030432 0.997915 0.056916 -6.75392 -0.96037 -0.044976 0.275077 -27.3601 
0.281153 -0.0475759 0.958483 216.361 -0.0323303 0.997734 0.0590077 -6.72159 -0.959118 -0.0475782 0.278978 -27.1275 
0.286598 -0.0515879 0.956661 217.103 -0.0339597 0.997375 0.0639571 -6.68751 -0.957449 -0.0508179 0.284094 -26.8883 
0.292034 -0.0551009 0.954819 217.848 -0.0347568 0.997068 0.0681696 -6.64973 -0.955776 -0.0530943 0.289263 -26.6486 
0.296108 -0.0551342 0.953562 218.586 -0.0361395 0.996971 0.0688665 -6.61443 -0.954471 -0.0548532 0.293218 -26.4044 
0.300958 -0.0506726 0.95229 219.346 -0.0411799 0.996965 0.0660641 -6.58068 -0.952748 -0.0590977 0.297958 -26.1535 
0.305562 -0.0444739 0.951133 220.086 -0.0463725 0.997028 0.0615177 -6.53268 -0.951042 -0.0629039 0.302592 -25.8906 
0.309512 -0.0407667 0.950021 220.818 -0.0514876 0.996896 0.0595526 -6.48669 -0.949501 -0.0673465 0.306452 -25.6163 
0.313953 -0.0412524 0.948542 221.565 -0.0535302 0.996697 0.0610645 -6.4582 -0.947928 -0.069947 0.310708 -25.3532 
0.31775 -0.0386458 0.947387 222.311 -0.0551462 0.996725 0.0591543 -6.42136 -0.946569 -0.071041 0.314578 -25.0827 
0.32176 -0.035695 0.946148 223.057 -0.0556892 0.996846 0.0565461 -6.38602 -0.945182 -0.0708845 0.318757 -24.8162 
0.326391 -0.0351954 0.94458 223.807 -0.0561312 0.996821 0.0565376 -6.3516 -0.943567 -0.0714737 0.323378 -24.5422 
0.330575 -0.0364669 0.943075 224.553 -0.0559218 0.996741 0.0581444 -6.31807 -0.942121 -0.0719596 0.327459 -24.2578 
0.334572 -0.0368103 0.941651 225.299 -0.0523269 0.99697 0.0575648 -6.28711 -0.940916 -0.0685333 0.331632 -23.9736 
0.338914 -0.0367024 0.940101 226.041 -0.048798 0.997208 0.0565241 -6.25603 -0.939551 -0.0650319 0.336177 -23.6937 
0.343094 -0.0345701 0.938665 226.779 -0.0495918 0.997262 0.0548547 -6.22452 -0.937991 -0.0653704 0.340441 -23.4079 
0.347372 -0.0347124 0.937085 227.517 -0.0545962 0.996871 0.0571656 -6.19056 -0.936137 -0.0710189 0.344389 -23.1069 
0.352074 -0.0350713 0.935315 228.255 -0.0575723 0.996594 0.0590407 -6.16056 -0.9342 -0.074635 0.348856 -22.8084 
0.356088 -0.0325644 0.933885 228.997 -0.0549734 0.996932 0.0557242 -6.13329 -0.932834 -0.0711815 0.353206 -22.5123 
0.360069 -0.0257932 0.932569 229.723 -0.0540837 0.997359 0.0484673 -6.10766 -0.931357 -0.0678883 0.357724 -22.2178 
0.36333 -0.0191967 0.931463 230.462 -0.0602734 0.997209 0.0440623 -6.07308 -0.929709 -0.0721516 0.361159 -21.9084 
0.366549 -0.0202309 0.930179 231.198 -0.0663797 0.996647 0.0478344 -6.04024 -0.928028 -0.0792787 0.363977 -21.5941 
0.368984 -0.0306253 0.928931 231.929 -0.0657763 0.996091 0.0589667 -6.01338 -0.927105 -0.0828594 0.365527 -21.2823 
0.370885 -0.042751 0.927694 232.673 -0.0623701 0.995538 0.0708125 -5.97231 -0.926582 -0.0841237 0.366563 -20.9754 
0.372741 -0.0508395 0.926542 233.42 -0.0634691 0.994763 0.080116 -5.93063 -0.925762 -0.0886692 0.367562 -20.6627 
0.374957 -0.0528664 0.925534 234.155 -0.0645153 0.994464 0.0829405 -5.88948 -0.924795 -0.0908102 0.36947 -20.3479 
0.377693 -0.0478352 0.924695 234.883 -0.0648288 0.994848 0.0779438 -5.84052 -0.923659 -0.0893856 0.372646 -20.0377 
0.381958 -0.0420077 0.923225 235.608 -0.0633847 0.995423 0.0715165 -5.79184 -0.922004 -0.0858346 0.377547 -19.7273 
0.38628 -0.0375212 0.921618 236.319 -0.0633341 0.995735 0.067084 -5.74821 -0.920205 -0.0842831 0.382256 -19.407 
0.390249 -0.0357091 0.920017 237.046 -0.0614581 0.996009 0.0647277 -5.71231 -0.918656 -0.0818024 0.386497 -19.0849 
0.394665 -0.0334583 0.918216 237.764 -0.0604081 0.99623 0.0622655 -5.66586 -0.916837 -0.0800417 0.391156 -18.7673 
0.398368 -0.0349162 0.916561 238.48 -0.0593797 0.996197 0.0637583 -5.63015 -0.915302 -0.0798244 0.394779 -18.436 
0.401716 -0.0400975 0.914886 239.214 -0.0572219 0.99599 0.0687776 -5.58666 -0.913975 -0.0799805 0.39781 -18.1025 
0.40457 -0.0459659 0.913351 239.933 -0.0555334 0.995658 0.0747067 -5.54532 -0.91282 -0.0809455 0.40026 -17.7683 
0.406943 -0.0513005 0.912012 240.662 -0.0543722 0.995291 0.080246 -5.49499 -0.911834 -0.0822436 0.402237 -17.4276 
0.408681 -0.0565522 0.910924 241.375 -0.052438 0.994975 0.0852964 -5.44204 -0.91117 -0.082626 0.403662 -17.0827 
0.410217 -0.0634216 0.90978 242.117 -0.0508123 0.99444 0.0922345 -5.38883 -0.910571 -0.0840641 0.404714 -16.7373 
0.412031 -0.0639649 0.908922 242.848 -0.051213 0.99433 0.0931913 -5.33048 -0.90973 -0.0849463 0.406419 -16.3916 
0.41373 -0.0523482 0.908893 243.562 -0.0605537 0.994552 0.0848461 -5.2812 -0.908384 -0.0901402 0.408307 -16.0357 
0.414744 -0.0386612 0.909116 244.278 -0.0622957 0.995547 0.0707564 -5.23212 -0.907803 -0.0859798 0.410489 -15.6942 
0.415539 -0.0309433 0.909049 245 -0.062107 0.996123 0.0622972 -5.17981 -0.907453 -0.0823452 0.412006 -15.3505 
0.414995 -0.0330691 0.909222 245.724 -0.0622813 0.995963 0.064651 -5.13097 -0.907689 -0.0834574 0.41126 -14.9959 
