1 -4.23778e-08 4.22719e-08 0 -4.23778e-08 1 -4.19404e-08 0 4.22719e-08 -4.19404e-08 1 0 
0.999994 -0.00228947 -0.00249491 -0.0205264 0.0022859 0.999996 -0.00139948 -0.018383 0.00249819 0.00139368 0.999996 0.671745 
0.999978 -0.00108938 -0.00646021 -0.0438729 0.00106964 0.999995 -0.00304537 -0.0184028 0.00646358 0.00303831 0.999974 1.36932 
0.99994 -0.000314732 -0.0109235 -0.0648448 0.000267677 0.999991 -0.00430112 -0.0255788 0.0109249 0.00429786 0.999931 2.06614 
0.999875 0.000752146 -0.0157871 -0.0971932 -0.000833805 0.999986 -0.00516122 -0.0276247 0.0157831 0.00517365 0.999862 2.77875 
0.999787 0.000111171 -0.02064 -0.12555 -0.000236903 0.999981 -0.00608524 -0.0220393 0.0206391 0.00608875 0.999768 3.53905 
0.999701 0.00204924 -0.0243423 -0.175372 -0.00219699 0.999979 -0.00604082 -0.0452827 0.0243295 0.00609241 0.999685 4.24913 
0.999595 0.00469895 -0.0280646 -0.243235 -0.00490469 0.999962 -0.00726382 -0.0514684 0.0280294 0.00739844 0.99958 4.99432 
0.999483 0.00530571 -0.0317139 -0.298278 -0.00548889 0.999969 -0.00568939 -0.055908 0.0316828 0.00586044 0.999481 5.76281 
0.999399 0.00413785 -0.034408 -0.371014 -0.00425252 0.999986 -0.00325769 -0.0423812 0.0343941 0.00340197 0.999402 6.49265 
0.999294 0.00392245 -0.0373584 -0.424908 -0.00396766 0.999991 -0.00113406 -0.0347034 0.0373537 0.0012814 0.999301 7.31791 
0.999209 0.00728518 -0.0391005 -0.498686 -0.00731798 0.999973 -0.000693726 -0.0618733 0.0390945 0.000979229 0.999235 8.1614 
0.999173 0.00593498 -0.0402155 -0.56378 -0.00599665 0.999981 -0.00141102 -0.0489557 0.0402064 0.00165092 0.99919 8.94411 
0.999128 0.00287861 -0.0416419 -0.610791 -0.00295689 0.999994 -0.00181644 -0.0674585 0.0416365 0.00193791 0.999131 9.77968 
0.999076 0.00353422 -0.0428411 -0.705656 -0.00361105 0.999992 -0.00171413 -0.069724 0.0428348 0.00186716 0.99908 10.6566 
0.999021 0.0016514 -0.0441981 -0.758215 -0.00175724 0.999996 -0.00235408 -0.0712927 0.0441942 0.00242936 0.99902 11.525 
0.999061 0.00485028 -0.0430435 -0.868659 -0.00508647 0.999973 -0.0053775 -0.0751759 0.0430163 0.00559131 0.999059 12.356 
0.99892 0.00601243 -0.0460639 -0.903992 -0.00640365 0.999945 -0.00834831 -0.0717946 0.0460112 0.00863419 0.998904 13.2118 
0.99882 0.00958016 -0.0476133 -0.971615 -0.0101058 0.99989 -0.0108103 -0.0714153 0.0475046 0.0112786 0.998807 14.0931 
0.998792 0.0118803 -0.0476778 -1.05147 -0.0123652 0.999875 -0.00988673 -0.0986541 0.0475545 0.0104642 0.998814 14.9698 
0.998741 0.00915 -0.04933 -1.10385 -0.00956367 0.999921 -0.00815467 -0.113129 0.0492516 0.00861609 0.998749 15.8543 
0.998774 0.0107798 -0.0483142 -1.19507 -0.0110816 0.999921 -0.00598019 -0.140499 0.048246 0.00650817 0.998814 16.7432 
0.998673 0.00965876 -0.0505757 -1.22304 -0.0100166 0.999926 -0.00682433 -0.137285 0.0505062 0.00732179 0.998697 17.6008 
0.998517 0.0092539 -0.053648 -1.25721 -0.00972852 0.999916 -0.00859097 -0.141739 0.0535641 0.00910006 0.998523 18.4975 
0.998461 0.00744424 -0.0549578 -1.30289 -0.00790392 0.999935 -0.00815006 -0.168038 0.0548937 0.00857182 0.998455 19.3935 
0.998466 0.00765684 -0.0548403 -1.37472 -0.00807061 0.999941 -0.00732602 -0.175336 0.054781 0.00775729 0.998468 20.3379 
0.998396 0.00894953 -0.055903 -1.42484 -0.00921624 0.999947 -0.00451343 -0.179307 0.0558597 0.00502132 0.998426 21.2905 
0.998459 0.0102422 -0.054536 -1.50541 -0.0103299 0.999946 -0.00132535 -0.18045 0.0545195 0.00188657 0.998511 22.2225 
0.998542 0.00865454 -0.053272 -1.55162 -0.0086005 0.999962 0.00124513 -0.181874 0.0532808 -0.000785232 0.998579 23.1552 
0.998618 0.0075943 -0.0519993 -1.61857 -0.00747421 0.999969 0.00250504 -0.20511 0.0520168 -0.00211301 0.998644 24.0738 
0.998605 0.00950804 -0.0519464 -1.64495 -0.00956096 0.999954 -0.000768667 -0.190895 0.0519367 0.00126417 0.998649 25.0327 
0.998698 0.0102245 -0.0499748 -1.72195 -0.0105574 0.999924 -0.00640026 -0.194488 0.0499057 0.00691945 0.99873 25.9897 
0.998804 0.00950211 -0.0479678 -1.80185 -0.00993884 0.999911 -0.00887257 -0.212043 0.0478793 0.00933861 0.998809 26.9201 
0.998868 0.00747372 -0.0469856 -1.87429 -0.00788027 0.999933 -0.00847167 -0.213811 0.0469192 0.00883225 0.99886 27.843 
0.998831 0.00488608 -0.0480882 -1.92599 -0.00508848 0.999979 -0.00408574 -0.226452 0.0480673 0.00432557 0.998835 28.8242 
0.998825 -0.0023546 -0.0484069 -1.99678 0.00244982 0.999995 0.00190959 -0.292828 0.0484022 -0.00202602 0.998826 29.771 
0.998786 -0.00729236 -0.0487158 -2.06049 0.00737698 0.999971 0.0015591 -0.309595 0.0487031 -0.00191667 0.998811 30.731 
0.998739 -0.00899876 -0.0493984 -2.12637 0.00887545 0.999957 -0.00271351 -0.316954 0.0494208 0.00227157 0.998775 31.6824 
0.998692 -0.0093257 -0.0502706 -2.20212 0.00897766 0.999934 -0.00714298 -0.325008 0.0503339 0.00668224 0.99871 32.6139 
0.998688 -0.0068012 -0.0507594 -2.3047 0.00639628 0.999946 -0.00813382 -0.326964 0.0508121 0.00779839 0.998678 33.5597 
0.998621 -0.0066213 -0.0520694 -2.36272 0.00627947 0.999958 -0.00672408 -0.335825 0.0521118 0.00638776 0.998621 34.5579 
0.998573 -0.00416782 -0.0532305 -2.44027 0.00391754 0.999981 -0.00480373 -0.351878 0.0532496 0.00458826 0.998571 35.5458 
0.998522 -0.00404348 -0.0541883 -2.49891 0.00384629 0.999986 -0.0037413 -0.368693 0.0542027 0.00352726 0.998524 36.5559 
0.998496 -0.000854724 -0.0548098 -2.57993 0.000775219 0.999999 -0.00147031 -0.384961 0.0548111 0.00142553 0.998496 37.5381 
0.99851 -0.00149193 -0.0545452 -2.65031 0.00163586 0.999995 0.00259579 -0.420438 0.0545411 -0.00268124 0.998508 38.5294 
0.998492 0.00420195 -0.0547312 -2.7351 -0.00396009 0.999982 0.00452836 -0.429219 0.0547493 -0.00430488 0.998491 39.5115 
0.998447 0.0053023 -0.055449 -2.79825 -0.00516328 0.999983 0.00265154 -0.430902 0.0554622 -0.00236121 0.998458 40.5141 
0.998491 0.0059028 -0.0546036 -2.87112 -0.0058213 0.999982 0.00165295 -0.45194 0.0546124 -0.00133268 0.998507 41.5142 
0.998453 0.00921295 -0.054841 -2.94772 -0.00932226 0.999955 -0.0017363 -0.448286 0.0548226 0.00224477 0.998494 42.473 
0.998401 0.00956539 -0.0557148 -3.01804 -0.00967893 0.999952 -0.00176702 -0.470334 0.0556953 0.00230337 0.998445 43.459 
0.998389 0.00796982 -0.0561786 -3.09369 -0.00799992 0.999968 -0.000309377 -0.497856 0.0561744 0.000758217 0.998421 44.4243 
0.998355 0.00993771 -0.0564579 -3.17247 -0.00994392 0.99995 0.00017234 -0.502835 0.0564569 0.000389271 0.998405 45.3939 
0.998341 0.0120398 -0.0563021 -3.24413 -0.0122251 0.999921 -0.00294712 -0.531449 0.0562622 0.00363045 0.998409 46.3657 
0.998299 0.0128888 -0.0568511 -3.32881 -0.0132273 0.999897 -0.00558127 -0.567113 0.0567733 0.00632368 0.998367 47.3138 
0.998283 0.0138614 -0.0569062 -3.40796 -0.0143145 0.999869 -0.00756033 -0.575201 0.056794 0.00836184 0.998351 48.2646 
0.998204 0.012691 -0.0585475 -3.43147 -0.012997 0.999904 -0.00484876 -0.577303 0.0584804 0.00560091 0.998273 49.2639 
0.998225 0.00993373 -0.0587238 -3.50576 -0.0100374 0.999948 -0.00146941 -0.600656 0.0587062 0.00205615 0.998273 50.209 
0.99818 0.00786657 -0.0597869 -3.56063 -0.00792832 0.999968 -0.00079426 -0.615753 0.0597789 0.00126674 0.998211 51.1919 
0.998212 0.0048371 -0.0595678 -3.63414 -0.00497231 0.999985 -0.00212047 -0.636407 0.0595567 0.00241279 0.998222 52.1511 
0.998265 0.0024874 -0.0588275 -3.72772 -0.00273371 0.999988 -0.00410552 -0.646377 0.0588167 0.00425913 0.99826 53.0837 
0.998274 0.00184837 -0.0587054 -3.81355 -0.00204189 0.999993 -0.00323508 -0.649814 0.058699 0.00334928 0.99827 54.0255 
0.998245 -0.000817735 -0.0592054 -3.88559 0.000924574 0.999998 0.00177857 -0.676968 0.0592039 -0.00183028 0.998244 54.955 
0.998227 -0.00145837 -0.0595005 -3.95315 0.00184319 0.999978 0.00641455 -0.694338 0.0594899 -0.00651293 0.998208 55.8994 
0.998198 0.000142284 -0.0600074 -4.01826 0.000374417 0.999963 0.00860066 -0.697827 0.0600064 -0.00860771 0.998161 56.8696 
0.998189 0.000946379 -0.0601423 -4.11806 -0.000658312 0.999988 0.00481075 -0.711419 0.0601463 -0.00476254 0.998178 57.7935 
0.998086 0.00231367 -0.0617944 -4.18085 -0.00251748 0.999992 -0.00321924 -0.715831 0.0617865 0.00336856 0.998084 58.7077 
0.998047 0.00430024 -0.0623235 -4.25681 -0.0048429 0.999952 -0.00855744 -0.728697 0.0622838 0.00884247 0.998019 59.6148 
0.997982 0.00865584 -0.0629024 -4.34046 -0.00912347 0.999933 -0.00714948 -0.758166 0.0628364 0.00770886 0.997994 60.4915 
0.997856 0.0119721 -0.0643402 -4.41965 -0.0123063 0.999913 -0.00479975 -0.779404 0.0642772 0.00558117 0.997916 61.3744 
0.997833 0.0154123 -0.0639694 -4.52749 -0.0156286 0.999874 -0.00288075 -0.804555 0.063917 0.00387417 0.997948 62.2127 
0.99778 0.0154425 -0.064774 -4.60273 -0.015677 0.999872 -0.00311249 -0.827553 0.0647178 0.00412096 0.997895 63.0374 
0.997651 0.01787 -0.0661326 -4.66085 -0.0181133 0.999831 -0.00308061 -0.823523 0.0660665 0.00427116 0.997806 63.861 
0.997531 0.0184033 -0.0677753 -4.73188 -0.0185822 0.999825 -0.00200945 -0.858626 0.0677265 0.00326381 0.997699 64.6778 
0.997464 0.0171457 -0.0690763 -4.79809 -0.0173142 0.999848 -0.00183996 -0.862059 0.0690344 0.00303121 0.99761 65.4704 
0.997373 0.0170413 -0.0704064 -4.86869 -0.0171674 0.999852 -0.0011861 -0.873886 0.0703759 0.0023916 0.997518 66.2649 
0.997248 0.0217289 -0.070882 -4.95939 -0.0216173 0.999763 0.00234222 -0.910872 0.0709162 -0.00080358 0.997482 67.0422 
0.997136 0.0226615 -0.0721529 -5.03141 -0.0223146 0.999735 0.00561112 -0.91488 0.072261 -0.00398507 0.997378 67.8458 
0.996891 0.0255632 -0.074529 -5.09125 -0.0250343 0.999654 0.00802357 -0.937507 0.0747084 -0.00613293 0.997186 68.6077 
0.996764 0.0279386 -0.0753726 -5.17267 -0.0277109 0.999608 0.00406623 -0.96252 0.0754567 -0.00196452 0.997147 69.359 
0.996568 0.0276784 -0.0780125 -5.21296 -0.0280779 0.999598 -0.0040267 -0.959944 0.0778697 0.00620322 0.996944 70.101 
0.996543 0.0269005 -0.0786061 -5.29696 -0.0276874 0.999577 -0.00893641 -0.9872 0.0783325 0.0110818 0.996866 70.7954 
0.996434 0.0281234 -0.0795549 -5.34961 -0.0289905 0.999532 -0.00976456 -1.00215 0.0792431 0.012036 0.996783 71.4877 
0.996349 0.031355 -0.0794026 -5.44249 -0.0319793 0.999467 -0.00660159 -1.00968 0.0791534 0.00911665 0.996821 72.1479 
0.996208 0.0311445 -0.0812391 -5.50336 -0.0316578 0.999486 -0.00503725 -1.0191 0.0810406 0.00758991 0.996682 72.8118 
0.996211 0.0280241 -0.0823302 -5.56271 -0.0288021 0.999551 -0.00827649 -1.02564 0.0820614 0.0106163 0.996571 73.4373 
0.996378 0.0196311 -0.0827356 -5.61106 -0.0207581 0.999703 -0.0127825 -1.0595 0.0824601 0.0144536 0.996489 74.0383 
0.996581 0.016488 -0.0809645 -5.6859 -0.0179654 0.999684 -0.0175521 -1.08053 0.0806496 0.0189466 0.996562 74.6323 
0.996662 0.0186217 -0.0794839 -5.7075 -0.0199539 0.999673 -0.0159991 -1.12888 0.0791601 0.0175317 0.996708 75.2134 
0.996847 0.0238908 -0.0756603 -5.76242 -0.0250129 0.99959 -0.0139165 -1.12885 0.0752969 0.015765 0.997036 75.7707 
0.997231 0.0218375 -0.0710808 -5.80801 -0.0226641 0.999684 -0.010842 -1.15023 0.0708217 0.0124229 0.997412 76.3276 
0.997702 0.0182638 -0.0652433 -5.84327 -0.0187094 0.999806 -0.00622413 -1.16965 0.065117 0.0074304 0.99785 76.8462 
0.9983 0.0138577 -0.0566031 -5.8835 -0.014081 0.999894 -0.003547 -1.17594 0.056548 0.00433791 0.99839 77.3623 
0.99869 0.0177553 -0.0479901 -5.86049 -0.0179321 0.999834 -0.00325479 -1.20573 0.0479244 0.004111 0.998842 77.8953 
0.999217 0.0228848 -0.0322653 -5.89528 -0.0229894 0.999732 -0.00287112 -1.23067 0.032191 0.00361054 0.999475 78.4031 
0.999498 0.0280582 -0.0147026 -5.89104 -0.0281066 0.9996 -0.00308898 -1.23729 0.0146101 0.00350059 0.999887 78.8884 
0.999615 0.0267544 0.00731148 -5.87797 -0.0267356 0.999639 -0.00266258 -1.24113 -0.00737999 0.002466 0.99997 79.3638 
0.999165 0.0226823 0.0339877 -5.85446 -0.0226359 0.999742 -0.00175406 -1.25887 -0.0340186 0.000983172 0.999421 79.8177 
0.997713 0.0219927 0.0639158 -5.81953 -0.0219676 0.999758 -0.00109647 -1.2598 -0.0639244 -0.000310194 0.997955 80.2713 
0.99496 0.0226354 0.097687 -5.77251 -0.0226874 0.999742 -0.000580331 -1.26001 -0.0976748 -0.00163893 0.995217 80.7149 
0.990577 0.0221291 0.135154 -5.70086 -0.0223159 0.999751 -0.000133925 -1.2778 -0.135123 -0.00288348 0.990825 81.1351 
0.983872 0.0229779 0.177391 -5.61064 -0.0231873 0.999731 -0.000893439 -1.28302 -0.177364 -0.00323427 0.98414 81.5465 
0.974548 0.0218112 0.223114 -5.52403 -0.0222477 0.999752 -0.000557413 -1.30659 -0.22307 -0.00442062 0.974792 81.9282 
0.961968 0.0226975 0.272216 -5.39916 -0.0226945 0.999737 -0.00316021 -1.32143 -0.272216 -0.00313786 0.962231 82.3124 
0.945768 0.0238923 0.323963 -5.23331 -0.0229003 0.999714 -0.00687485 -1.33358 -0.324034 -0.000916898 0.946045 82.6579 
0.924997 0.0249153 0.379157 -5.05639 -0.0227476 0.999689 -0.010197 -1.33608 -0.379293 0.000807264 0.925276 83.002 
0.899156 0.0241417 0.436963 -4.89094 -0.02106 0.999707 -0.0118971 -1.35401 -0.437122 0.00149487 0.899401 83.3327 
0.869023 0.0221061 0.494277 -4.68966 -0.018145 0.999753 -0.0128113 -1.3875 -0.494438 0.00216457 0.86921 83.6243 
0.834568 0.0222972 0.550454 -4.44783 -0.0153724 0.999734 -0.0171896 -1.37578 -0.550691 0.00588397 0.834689 83.9171 
0.796668 0.02135 0.60404 -4.19162 -0.0127393 0.999747 -0.0185348 -1.39175 -0.604283 0.00707098 0.796738 84.1871 
0.755513 0.0200328 0.654828 -3.91765 -0.0108927 0.999778 -0.0180183 -1.40773 -0.655043 0.00648016 0.755563 84.4401 
0.711239 0.0196566 0.702675 -3.63107 -0.0132351 0.999806 -0.0145723 -1.43025 -0.702826 0.00106437 0.711361 84.6862 
0.663332 0.0185995 0.748094 -3.32731 -0.0124623 0.999827 -0.0138081 -1.44565 -0.748221 -0.000163644 0.663449 84.9388 
0.615372 0.0173801 0.788045 -3.01921 -0.00781208 0.999842 -0.0159511 -1.45127 -0.788198 0.00365953 0.61541 85.1207 
0.566587 0.0148647 0.823868 -2.69177 -0.00213752 0.99986 -0.0165702 -1.46716 -0.823999 0.0076274 0.566539 85.31 
0.518669 0.0174368 0.854797 -2.36797 -0.00211619 0.999815 -0.0191111 -1.4705 -0.854973 0.00810339 0.51861 85.4646 
0.470553 0.0199521 0.882146 -2.03503 -0.0068432 0.999797 -0.0189629 -1.48999 -0.882345 0.00288632 0.470594 85.6124 
0.424506 0.022296 0.90515 -1.68521 -0.00269225 0.999723 -0.023363 -1.47389 -0.905421 0.00748083 0.424449 85.751 
0.381595 0.0198135 0.924117 -1.33718 0.00387182 0.999727 -0.0230335 -1.49054 -0.924321 0.0123675 0.381414 85.8482 
0.340713 0.0120144 0.940091 -0.967264 0.0204568 0.999587 -0.0201889 -1.49679 -0.939945 0.0261098 0.340326 85.9428 
0.305648 0.00829 0.952108 -0.604362 0.0264273 0.999503 -0.0171865 -1.50351 -0.951778 0.0304147 0.305277 86.0173 
0.27338 0.0126898 0.961822 -0.238795 0.0237863 0.999518 -0.0199481 -1.51317 -0.961612 0.0283316 0.272946 86.1019 
0.241569 0.0184285 0.970209 0.120249 0.0134087 0.999661 -0.0223266 -1.54548 -0.970291 0.0184026 0.24124 86.1895 
0.212495 0.0235018 0.976879 0.48426 0.00755127 0.999641 -0.0256921 -1.56293 -0.977133 0.0128361 0.212241 86.2661 
0.186231 0.0249455 0.982189 0.885995 0.00882727 0.999595 -0.0270614 -1.58898 -0.982466 0.0137097 0.185936 86.3363 
0.163238 0.0259894 0.986244 1.29221 0.0165015 0.999441 -0.0290684 -1.60469 -0.986449 0.0210196 0.162718 86.3769 
0.142865 0.0324997 0.989208 1.69358 0.0225901 0.999093 -0.0360871 -1.61109 -0.989484 0.0275019 0.142001 86.4171 
0.122146 0.0385969 0.991761 2.11148 0.0215824 0.998904 -0.0415331 -1.62346 -0.992277 0.0264777 0.121179 86.4659 
0.102791 0.0406594 0.993872 2.4972 0.0160173 0.998967 -0.0425245 -1.64186 -0.994574 0.0202903 0.102034 86.5248 
0.0868367 0.0363751 0.995558 2.88136 0.0104732 0.999245 -0.0374234 -1.66725 -0.996167 0.0136765 0.0863901 86.5877 
0.0720668 0.0346958 0.996796 3.34105 0.012483 0.999285 -0.035685 -1.66606 -0.997322 0.0150147 0.0715822 86.6281 
0.0597591 0.0314341 0.997718 3.81617 0.0144191 0.999373 -0.03235 -1.69968 -0.998109 0.0163194 0.0592684 86.6226 
0.0486507 0.0317941 0.99831 4.33952 0.0194141 0.999274 -0.032771 -1.70955 -0.998627 0.0209757 0.0479981 86.6376 
0.0390577 0.0320479 0.998723 4.82906 0.0229493 0.999193 -0.0329606 -1.73012 -0.998973 0.0242073 0.0382907 86.6394 
0.0323782 0.0325184 0.998946 5.28455 0.0254429 0.99912 -0.0333488 -1.75964 -0.999152 0.0264958 0.0315223 86.6138 
0.0276099 0.0326752 0.999085 5.83667 0.0271491 0.999072 -0.0334251 -1.78013 -0.99925 0.0280471 0.0266971 86.6258 
0.0223293 0.0340171 0.999172 6.34634 0.0293088 0.998969 -0.0346653 -1.80205 -0.999321 0.0300586 0.0213093 86.6342 
0.0157381 0.0345176 0.99928 6.95734 0.0280799 0.998994 -0.0349501 -1.8269 -0.999482 0.0286097 0.014753 86.6553 
0.0111751 0.0353637 0.999312 7.5286 0.032671 0.998828 -0.035712 -1.84607 -0.999404 0.0330476 0.0100067 86.6774 
0.00903479 0.0354864 0.999329 8.12457 0.0342455 0.998773 -0.0357763 -1.87289 -0.999373 0.0345457 0.00780846 86.6759 
0.00459615 0.0354673 0.99936 8.74149 0.034025 0.998787 -0.0356035 -1.88942 -0.99941 0.0341668 0.0033838 86.7047 
0.00230066 0.0359345 0.999351 9.39038 0.0351943 0.998732 -0.0359933 -1.90241 -0.999378 0.0352543 0.00103305 86.7078 
0.00155775 0.0359121 0.999354 10.0364 0.0408188 0.99852 -0.0359458 -1.9138 -0.999165 0.0408484 8.95536e-05 86.7293 
0.00261377 0.0354488 0.999368 10.746 0.0444126 0.998381 -0.0355301 -1.95277 -0.99901 0.0444774 0.00103517 86.7359 
0.00490229 0.0362963 0.999329 11.456 0.0463622 0.998258 -0.0364849 -1.96642 -0.998913 0.04651 0.00321097 86.7488 
0.00713935 0.03605 0.999324 12.1337 0.0490839 0.998133 -0.0363577 -2.00497 -0.998769 0.0493103 0.00535654 86.8154 
0.0114611 0.0356389 0.999299 12.8989 0.0496253 0.998113 -0.0361658 -2.03878 -0.998702 0.050005 0.00967087 86.8444 
0.0153472 0.0332489 0.999329 13.6457 0.0512792 0.998105 -0.0339958 -2.08344 -0.998566 0.0517665 0.0136131 86.8795 
0.018368 0.0326159 0.999299 14.4123 0.0513301 0.998119 -0.033521 -2.10033 -0.998513 0.0519098 0.0166593 86.9283 
0.021644 0.0292248 0.999338 15.1782 0.0485288 0.998364 -0.0302475 -2.14985 -0.998587 0.0491513 0.0201903 86.9762 
0.0258809 0.0300247 0.999214 15.9831 0.0461489 0.998447 -0.0311971 -2.15398 -0.998599 0.04692 0.0244552 87.006 
0.0299675 0.0310007 0.99907 16.7858 0.043974 0.99851 -0.0323024 -2.18274 -0.998583 0.0449011 0.0285596 87.0503 
0.0319159 0.0344305 0.998897 17.5835 0.0422373 0.998467 -0.0357653 -2.23144 -0.998598 0.0433322 0.0304127 87.1092 
0.0335004 0.0393059 0.998665 18.3747 0.0368352 0.998499 -0.0405351 -2.26747 -0.99876 0.038144 0.0320023 87.1453 
0.0330902 0.0418255 0.998577 19.1677 0.0340748 0.998496 -0.0429514 -2.31123 -0.998871 0.0354476 0.0316152 87.1922 
0.0326394 0.0412465 0.998616 19.9687 0.0318655 0.998597 -0.0422873 -2.36007 -0.998959 0.0332016 0.0312793 87.2476 
0.0332902 0.0396328 0.99866 20.802 0.0295347 0.998738 -0.0406205 -2.40218 -0.999009 0.0308473 0.0320777 87.2668 
0.0325257 0.0382815 0.998737 21.6249 0.0301363 0.998774 -0.0392644 -2.44325 -0.999016 0.0313753 0.0313322 87.3253 
0.0324352 0.0377144 0.998762 22.4536 0.028289 0.998853 -0.0386366 -2.47997 -0.999073 0.0295072 0.0313311 87.3717 
0.031908 0.037864 0.998773 23.263 0.0254073 0.998928 -0.0386816 -2.52003 -0.999168 0.0266104 0.0309118 87.4211 
0.0320759 0.0391908 0.998717 24.0749 0.0222039 0.998956 -0.0399134 -2.5562 -0.999239 0.0234557 0.0311723 87.4595 
0.0310896 0.0403234 0.998703 24.8888 0.0197921 0.998965 -0.0409502 -2.59966 -0.999321 0.0210396 0.0302594 87.498 
0.0286247 0.040193 0.998782 25.7142 0.0157735 0.999049 -0.0406559 -2.63772 -0.999466 0.0169181 0.0279635 87.5271 
0.0244595 0.0392919 0.998928 26.5465 0.013543 0.999123 -0.0396313 -2.67599 -0.999609 0.0144979 0.0239059 87.5641 
0.0193585 0.0368368 0.999134 27.3579 0.01107 0.999252 -0.0370557 -2.7202 -0.999751 0.0117777 0.0189363 87.5921 
0.014131 0.0349938 0.999288 28.1718 0.0100155 0.999332 -0.0351371 -2.76147 -0.99985 0.0105049 0.0137711 87.6016 
0.00610031 0.035343 0.999357 28.9756 0.0106657 0.999316 -0.0354067 -2.80138 -0.999924 0.0108748 0.00571918 87.6285 
-0.0024327 0.037224 0.999304 29.7809 0.0111082 0.999246 -0.0371948 -2.83062 -0.999935 0.01101 -0.00284436 87.6258 
-0.0113756 0.0382389 0.999204 30.5789 0.0121646 0.9992 -0.0381003 -2.86402 -0.999861 0.0117215 -0.0118316 87.5994 
-0.0211283 0.03719 0.999085 31.3676 0.0141966 0.999218 -0.0368949 -2.90767 -0.999676 0.0134041 -0.0216398 87.5893 
-0.0318607 0.036883 0.998811 32.1605 0.0130934 0.999248 -0.0364815 -2.93399 -0.999406 0.0119155 -0.0323197 87.5817 
-0.0442036 0.0366393 0.99835 32.9462 0.0140704 0.999251 -0.0360495 -2.97385 -0.998923 0.0124537 -0.044686 87.5679 
-0.0548445 0.0362149 0.997838 33.7366 0.0145414 0.999265 -0.0354675 -3.02622 -0.998389 0.0125647 -0.0553308 87.5359 
-0.0653647 0.0372041 0.997168 34.4846 0.0160034 0.999215 -0.0362316 -3.05606 -0.997733 0.0135898 -0.0659088 87.4691 
-0.0763092 0.0378778 0.996364 35.2597 0.0168076 0.999185 -0.0366979 -3.10609 -0.996942 0.0139462 -0.0768837 87.4338 
-0.0870247 0.0397497 0.995413 36.0234 0.018756 0.999092 -0.038257 -3.1213 -0.996029 0.0153406 -0.0876912 87.3845 
-0.0991168 0.0402054 0.994263 36.7867 0.0189739 0.999078 -0.0385087 -3.18744 -0.994895 0.0150482 -0.0997882 87.3744 
-0.109624 0.0407715 0.993136 37.528 0.0213383 0.999025 -0.038658 -3.21341 -0.993744 0.016954 -0.110388 87.32 
-0.118931 0.0416871 0.992027 38.2768 0.0215117 0.998992 -0.0394008 -3.24592 -0.992669 0.0166542 -0.119708 87.2268 
-0.126714 0.0418079 0.991058 39.0124 0.0224043 0.998977 -0.0392775 -3.27315 -0.991686 0.017227 -0.127521 87.1163 
-0.136211 0.039618 0.989887 39.7111 0.0239544 0.99904 -0.0366882 -3.32881 -0.99039 0.0187148 -0.137029 87.0594 
-0.141905 0.0381634 0.989144 40.4257 0.0267806 0.999039 -0.0347033 -3.3626 -0.989518 0.0215653 -0.14279 86.972 
-0.14594 0.0356737 0.98865 41.1337 0.0291596 0.99907 -0.0317454 -3.4094 -0.988864 0.0241958 -0.146844 86.875 
-0.149021 0.0347863 0.988222 41.8441 0.0296186 0.99909 -0.0307025 -3.43659 -0.98839 0.0246944 -0.149916 86.7748 
-0.151377 0.0344278 0.987876 42.5323 0.0305027 0.99908 -0.0301443 -3.47166 -0.988005 0.0255697 -0.152288 86.6927 
-0.151157 0.0344163 0.98791 43.1907 0.031814 0.999045 -0.0299365 -3.51566 -0.987998 0.0269043 -0.152108 86.5836 
-0.151802 0.0353298 0.987779 43.8522 0.0317535 0.999019 -0.030852 -3.53946 -0.987901 0.0266821 -0.152775 86.5134 
-0.148268 0.0380399 0.988215 44.4964 0.0333345 0.998884 -0.0334493 -3.5646 -0.988385 0.0279822 -0.14937 86.4165 
-0.142581 0.0388373 0.989021 45.1231 0.0336466 0.998842 -0.0343724 -3.58544 -0.989211 0.0283764 -0.143723 86.3293 
-0.133995 0.0395784 0.990191 45.7159 0.0339053 0.9988 -0.0353344 -3.61348 -0.990402 0.0288381 -0.135176 86.2543 
-0.123937 0.0400412 0.991482 46.291 0.0334826 0.998785 -0.0361508 -3.64893 -0.991725 0.028717 -0.125127 86.2116 
-0.110383 0.0400821 0.993081 46.8171 0.0335613 0.998767 -0.0365813 -3.68136 -0.993322 0.0292911 -0.111592 86.1732 
-0.0931163 0.0411634 0.994804 47.3469 0.032992 0.998724 -0.0382376 -3.71254 -0.995108 0.0292601 -0.0943555 86.1337 
-0.0712694 0.0433035 0.996517 47.8858 0.0312509 0.998664 -0.0411619 -3.75552 -0.996967 0.0282084 -0.0725274 86.1045 
-0.0476528 0.045356 0.997834 48.4055 0.0276321 0.998646 -0.0440734 -3.80551 -0.998482 0.025472 -0.0488415 86.1132 
-0.0196929 0.0466125 0.998719 48.9089 0.025536 0.99861 -0.046104 -3.84468 -0.99948 0.0245954 -0.0208559 86.1242 
0.0135395 0.0462409 0.998838 49.4422 0.0242114 0.998622 -0.0465591 -3.87342 -0.999615 0.0248137 0.0124013 86.1577 
0.051734 0.0436476 0.997707 49.9704 0.0224236 0.998742 -0.0448557 -3.90419 -0.998409 0.0246928 0.0506901 86.2068 
0.0951156 0.0388414 0.994708 50.4603 0.0168501 0.999032 -0.0406216 -3.96401 -0.995324 0.0206247 0.0943691 86.2636 
0.141784 0.0343636 0.989301 50.9742 0.0141645 0.999224 -0.0367384 -3.9914 -0.989796 0.0192219 0.141187 86.3589 
0.191668 0.0311622 0.980965 51.4714 0.0102179 0.999378 -0.0337437 -4.01155 -0.981407 0.016491 0.191231 86.482 
0.244883 0.0290791 0.969116 51.9611 0.00597707 0.999486 -0.0315007 -4.05489 -0.969534 0.0135065 0.244583 86.6224 
0.300554 0.0288789 0.953328 52.4464 0.00416132 0.999492 -0.0315894 -4.07744 -0.953756 0.0134614 0.300281 86.8125 
0.360596 0.031017 0.932206 52.9173 0.00567643 0.999355 -0.0354471 -4.08319 -0.932705 0.0180737 0.360187 87.0089 
0.421447 0.0374177 0.906081 53.3727 0.00361604 0.999071 -0.0429398 -4.08133 -0.906846 0.0213733 0.42092 87.2715 
0.480833 0.0403855 0.875882 53.7682 0.0027009 0.998866 -0.0475389 -4.11791 -0.876808 0.0252239 0.480178 87.5492 
0.541819 0.0430981 0.83939 54.1803 -0.00228133 0.998756 -0.0498082 -4.1572 -0.840492 0.0250721 0.541243 87.8358 
0.599803 0.0469854 0.798767 54.5354 -0.0082185 0.998583 -0.0525679 -4.17657 -0.800106 0.0249657 0.599339 88.1403 
0.653461 0.0519115 0.755178 54.8692 -0.0140047 0.998304 -0.0565059 -4.16725 -0.75683 0.0263484 0.65308 88.5022 
0.702868 0.0482382 0.709683 55.1422 -0.0137225 0.998432 -0.0542743 -4.20235 -0.711188 0.0284091 0.702428 88.8399 
0.749499 0.0454541 0.660443 55.4069 -0.0176471 0.998657 -0.0487048 -4.22085 -0.66177 0.0248492 0.749295 89.218 
0.792373 0.0407473 0.608674 55.641 -0.0196821 0.998955 -0.0412524 -4.23728 -0.609719 0.0207073 0.792347 89.5968 
0.830938 0.0380295 0.555064 55.8712 -0.0227605 0.999149 -0.0343829 -4.25652 -0.555899 0.0159364 0.831097 90.0091 
0.863565 0.0331945 0.503144 56.0712 -0.0231537 0.999389 -0.0261945 -4.27071 -0.503705 0.0109709 0.863806 90.4512 
0.89056 0.0338992 0.4536 56.2346 -0.0278673 0.999412 -0.0199776 -4.29444 -0.454011 0.00515063 0.890981 90.8798 
0.912231 0.0365747 0.408041 56.395 -0.0328215 0.99933 -0.0161982 -4.30386 -0.408359 0.00138392 0.91282 91.3338 
0.928128 0.0446787 0.36957 56.5015 -0.0426609 0.998996 -0.0136354 -4.31762 -0.369809 -0.00311088 0.929103 91.7848 
0.940941 0.0485565 0.335071 56.6226 -0.0465284 0.998818 -0.0140827 -4.3215 -0.335359 -0.00233934 0.942088 92.2565 
0.951139 0.0512289 0.304484 56.7388 -0.0496375 0.998683 -0.0129707 -4.33493 -0.304747 -0.00277697 0.952429 92.6999 
0.958268 0.045369 0.282249 56.8673 -0.0438497 0.99897 -0.0117008 -4.35043 -0.282489 -0.00116407 0.95927 93.1781 
0.962431 0.0436847 0.26799 56.9629 -0.0423533 0.999045 -0.0107502 -4.3716 -0.268203 -0.00100399 0.963362 93.6887 
0.966112 0.0469602 0.253815 57.0851 -0.0457115 0.998896 -0.010819 -4.37594 -0.254043 -0.00114996 0.967192 94.1911 
0.968212 0.0523687 0.244587 57.1887 -0.0514452 0.998624 -0.0101678 -4.38025 -0.244782 -0.00273829 0.969574 94.6885 
0.968966 0.0612268 0.23949 57.2824 -0.060043 0.998121 -0.0122436 -4.38906 -0.23979 -0.00251616 0.970821 95.1531 
0.969607 0.0656005 0.235709 57.3987 -0.0633291 0.997844 -0.0172027 -4.37893 -0.236329 0.00175256 0.971671 95.6756 
0.969638 0.0674041 0.235073 57.5119 -0.0647641 0.997721 -0.0189427 -4.40462 -0.235814 0.00314319 0.971793 96.2008 
0.968964 0.0667398 0.23802 57.6324 -0.0631965 0.997747 -0.0224952 -4.42517 -0.238985 0.00675497 0.971 96.732 
0.968323 0.0651894 0.241041 57.7774 -0.0598361 0.997773 -0.0294709 -4.43811 -0.242425 0.0141144 0.970067 97.2799 
0.967613 0.0658513 0.243698 57.9356 -0.0594696 0.997669 -0.033461 -4.46076 -0.245334 0.0178846 0.969274 97.8245 
0.966201 0.0708718 0.247858 58.0746 -0.0645476 0.99735 -0.0335603 -4.47774 -0.249579 0.0164273 0.968215 98.3919 
0.964589 0.0730753 0.253433 58.2232 -0.0678717 0.997266 -0.0292277 -4.50788 -0.254876 0.0109917 0.966911 98.971 
0.963598 0.0704632 0.257902 58.3785 -0.0661072 0.997486 -0.0255343 -4.52283 -0.259053 0.00755559 0.965834 99.5472 
0.962795 0.0655849 0.262153 58.5389 -0.0623147 0.99784 -0.0207779 -4.53554 -0.262949 0.00366885 0.964803 100.17 
0.96196 0.0637176 0.265655 58.7107 -0.0618156 0.997967 -0.0155239 -4.56955 -0.266104 -0.00148833 0.963943 100.808 
0.961431 0.0590894 0.268624 58.8802 -0.0571291 0.998252 -0.0151159 -4.57994 -0.269048 -0.000813399 0.963126 101.43 
0.961653 0.0558057 0.26853 59.0529 -0.0526637 0.998433 -0.0188962 -4.58764 -0.269164 0.0040297 0.963086 102.047 
0.961551 0.0560278 0.268851 59.2052 -0.0511591 0.998375 -0.0250872 -4.61527 -0.26982 0.0103683 0.962855 102.688 
0.962539 0.0559104 0.265315 59.4301 -0.0492755 0.998285 -0.0316039 -4.65592 -0.266627 0.0173464 0.963644 103.329 
0.963324 0.0581014 0.261977 59.6089 -0.0503127 0.998072 -0.036347 -4.65886 -0.263583 0.0218331 0.964389 104.013 
0.963932 0.056845 0.260005 59.7728 -0.0503487 0.998232 -0.0315836 -4.68315 -0.261341 0.0173534 0.965091 104.695 
0.964407 0.0532713 0.259001 59.9469 -0.0487249 0.998525 -0.0239465 -4.71126 -0.259895 0.0104743 0.96558 105.411 
0.965333 0.0524145 0.255706 60.1352 -0.049484 0.998615 -0.0178855 -4.7426 -0.256289 0.00461197 0.966589 106.119 
0.965534 0.0560586 0.254167 60.3073 -0.0532586 0.99842 -0.0178905 -4.77495 -0.254768 0.00373723 0.966995 106.836 
0.965845 0.0618508 0.25163 60.4703 -0.0578684 0.998054 -0.0232034 -4.78756 -0.252575 0.00784936 0.967545 107.558 
0.966978 0.062426 0.247098 60.6586 -0.0571253 0.997958 -0.0285709 -4.80611 -0.248377 0.0135119 0.968569 108.311 
0.968285 0.0601957 0.242488 60.8407 -0.0542217 0.99804 -0.0312417 -4.83084 -0.243893 0.0171027 0.969651 109.057 
0.969652 0.0575396 0.237622 61.0423 -0.0518803 0.998202 -0.0300073 -4.86056 -0.238921 0.0167687 0.970894 109.82 
0.970475 0.0534492 0.235204 61.2082 -0.0480743 0.998436 -0.0285317 -4.88209 -0.236361 0.016382 0.971527 110.631 
0.971078 0.0519735 0.233035 61.3834 -0.0473974 0.998558 -0.0251981 -4.925 -0.234008 0.013424 0.972142 111.389 
0.971579 0.0487007 0.231651 61.5624 -0.0444093 0.998732 -0.023708 -4.94331 -0.232511 0.0127467 0.97251 112.189 
0.971824 0.044122 0.23154 61.7469 -0.039673 0.998928 -0.0238391 -4.94607 -0.232344 0.0139814 0.972533 112.995 
0.972218 0.0436269 0.229975 61.9373 -0.0396084 0.998972 -0.0220641 -4.97656 -0.230701 0.0123421 0.972946 113.764 
0.971931 0.0499835 0.229896 62.1275 -0.0457255 0.99867 -0.0238158 -5.01661 -0.230781 0.0126351 0.972924 114.581 
0.971596 0.0556842 0.230001 62.3003 -0.0506499 0.998331 -0.0277395 -5.03642 -0.231162 0.015302 0.972795 115.413 
0.970886 0.0643107 0.230749 62.4734 -0.0591321 0.99782 -0.0292965 -5.07442 -0.23213 0.0147989 0.972572 116.225 
0.969777 0.0703028 0.233645 62.6449 -0.0655398 0.997454 -0.0280979 -5.11244 -0.235026 0.0119355 0.971916 117.038 
0.968982 0.0722974 0.236319 62.8299 -0.0679431 0.997336 -0.026529 -5.14241 -0.237607 0.00964985 0.971313 117.897 
0.968415 0.0725775 0.238547 63.0261 -0.0680022 0.99731 -0.0273657 -5.17206 -0.239891 0.0102795 0.970745 118.729 
0.96818 0.0711588 0.239924 63.2248 -0.0659609 0.997382 -0.0296364 -5.21253 -0.241405 0.0128677 0.970339 119.548 
0.96826 0.065226 0.241283 63.4368 -0.0601447 0.997786 -0.0283732 -5.24878 -0.2426 0.0129607 0.97004 120.393 
0.968731 0.0579603 0.241248 63.6548 -0.0523286 0.998188 -0.0296916 -5.2947 -0.242532 0.0161389 0.970009 121.251 
0.968657 0.0569157 0.241795 63.8516 -0.0512922 0.998248 -0.0294942 -5.3324 -0.24305 0.0161675 0.969879 122.084 
0.968154 0.0595895 0.243161 64.0514 -0.0548223 0.998149 -0.0263318 -5.37096 -0.24428 0.0121625 0.969628 122.925 
0.967696 0.0614666 0.244513 64.2487 -0.0581296 0.998091 -0.0208482 -5.40514 -0.245328 0.0059612 0.969422 123.766 
0.967047 0.0652765 0.246087 64.4364 -0.063198 0.997867 -0.0163436 -5.43708 -0.246629 0.000252748 0.96911 124.617 
0.966945 0.0635153 0.246946 64.6301 -0.0596347 0.997951 -0.0231697 -5.4679 -0.247912 0.00767722 0.968752 125.435 
0.967066 0.0620832 0.246836 64.8198 -0.0549023 0.997847 -0.0358758 -5.51608 -0.248532 0.0211424 0.968393 126.233 
0.96759 0.0589612 0.245547 65.0284 -0.0492987 0.997755 -0.0453192 -5.55144 -0.247668 0.0317451 0.968325 127.036 
0.967946 0.0553289 0.244989 65.2282 -0.0477933 0.998186 -0.0366027 -5.58153 -0.246569 0.0237205 0.968835 127.855 
0.968319 0.0494261 0.244774 65.4286 -0.0469734 0.99877 -0.0158518 -5.62112 -0.245257 0.0038517 0.96945 128.691 
0.968856 0.0452889 0.243449 65.639 -0.0465061 0.998918 -0.000748845 -5.65259 -0.24322 -0.0105964 0.969913 129.521 
0.968799 0.0508262 0.242582 65.8269 -0.0508382 0.998687 -0.00621485 -5.69013 -0.242579 -0.00631157 0.970111 130.352 
0.968685 0.0588611 0.241215 65.9934 -0.0550592 0.99823 -0.0224779 -5.70352 -0.242111 0.00849284 0.970211 131.192 
0.968988 0.0589059 0.239983 66.1796 -0.0531391 0.998123 -0.0304368 -5.73404 -0.241325 0.0167404 0.9703 131.994 
0.969977 0.0547121 0.236962 66.3759 -0.0486484 0.998323 -0.0313662 -5.77242 -0.238281 0.0188966 0.971012 132.787 
0.97073 0.0537952 0.23407 66.5646 -0.0479167 0.998378 -0.030734 -5.79522 -0.235344 0.0186185 0.971734 133.583 
0.971552 0.0531313 0.23079 66.7371 -0.0469618 0.998379 -0.032148 -5.82956 -0.232124 0.0203951 0.972472 134.403 
0.972647 0.0542274 0.225869 66.9046 -0.0480123 0.998304 -0.0329242 -5.8746 -0.227271 0.021179 0.973601 135.205 
0.972979 0.0602593 0.222891 67.0749 -0.0541942 0.997977 -0.0332345 -5.91711 -0.224442 0.020257 0.974277 136.022 
0.973054 0.0663382 0.220826 67.2323 -0.0604934 0.997618 -0.0331342 -5.95537 -0.222498 0.0188828 0.97475 136.818 
0.973413 0.0682634 0.218647 67.4017 -0.0630788 0.997539 -0.0306143 -5.99974 -0.220199 0.0160083 0.975324 137.61 
0.973751 0.0655626 0.21797 67.5593 -0.0614929 0.997784 -0.0254104 -6.04036 -0.219153 0.0113397 0.975625 138.38 
0.97421 0.0650233 0.216073 67.713 -0.0611708 0.997827 -0.0244776 -6.09446 -0.217195 0.0106289 0.97607 139.133 
0.974883 0.0644404 0.213191 67.887 -0.0596926 0.997806 -0.02864 -6.10559 -0.214569 0.0151946 0.976591 139.961 
0.976165 0.055913 0.209702 67.9621 -0.0506679 0.998256 -0.0303063 -6.18941 -0.211031 0.0189587 0.977295 140.697 
0.977721 0.0531987 0.203056 68.1089 -0.0479622 0.998379 -0.0306269 -6.235 -0.204356 0.0202055 0.978688 141.46 
0.979074 0.0522319 0.196686 68.2452 -0.0479823 0.998501 -0.0263135 -6.23973 -0.197766 0.0163253 0.980113 142.261 
0.980465 0.0491712 0.190448 68.4035 -0.0466408 0.998754 -0.0177496 -6.26864 -0.191084 0.00852012 0.981537 143.054 
0.981446 0.0463339 0.186054 68.5677 -0.0451473 0.998924 -0.0106121 -6.24573 -0.186345 0.00201533 0.982482 143.835 
0.981975 0.0537435 0.181211 68.6934 -0.0532895 0.998552 -0.00737735 -6.27757 -0.181345 -0.00241236 0.983416 144.597 
0.982867 0.0561731 0.175547 68.8294 -0.054939 0.998419 -0.0118868 -6.30688 -0.175937 0.00203868 0.984399 145.386 
0.983952 0.05706 0.169062 68.9245 -0.0543467 0.998309 -0.0206379 -6.34664 -0.169953 0.0111187 0.985389 146.185 
0.985185 0.054284 0.162678 69.0485 -0.0506546 0.998368 -0.0263798 -6.35562 -0.163845 0.0177485 0.986326 146.984 
0.98636 0.054727 0.15524 69.1749 -0.0513641 0.998352 -0.0255957 -6.37873 -0.156385 0.0172727 0.987545 147.771 
0.987149 0.0599062 0.148151 69.2605 -0.0571864 0.998109 -0.0225544 -6.3976 -0.149221 0.0137922 0.988708 148.59 
0.988096 0.0647736 0.13954 69.3563 -0.0620852 0.997793 -0.023539 -6.43566 -0.140757 0.0145954 0.989937 149.409 
0.989161 0.0676422 0.130323 69.4266 -0.0643795 0.997501 -0.0290935 -6.46172 -0.131966 0.0203879 0.991045 150.194 
0.990361 0.0661407 0.121698 69.5152 -0.062718 0.997526 -0.0317476 -6.48469 -0.123497 0.0238089 0.992059 151.01 
0.99127 0.0669045 0.113607 69.5946 -0.0639083 0.99751 -0.029818 -6.50381 -0.115319 0.0222972 0.993078 151.821 
0.991998 0.0695667 0.105359 69.6704 -0.0676614 0.997475 -0.0215569 -6.54387 -0.106592 0.0142556 0.994201 152.632 
0.992474 0.0739691 0.097593 69.7228 -0.0727121 0.997218 -0.0163803 -6.56428 -0.0985331 0.00916071 0.995092 153.458 
0.993137 0.0737251 0.0907956 69.7773 -0.0728646 0.99726 -0.0127609 -6.58986 -0.0914876 0.00605748 0.995788 154.288 
0.99356 0.074389 0.0854712 69.8168 -0.073745 0.99722 -0.0106732 -6.60387 -0.0860274 0.00430127 0.996283 155.116 
0.993869 0.0740418 0.0821079 69.8628 -0.0732555 0.997234 -0.0125535 -6.6328 -0.0828102 0.00646164 0.996544 155.919 
0.993788 0.0788989 0.0784819 69.8908 -0.0777954 0.996824 -0.0170261 -6.66185 -0.0795759 0.0108147 0.99677 156.737 
0.993493 0.0863554 0.0742567 69.9151 -0.08491 0.996136 -0.0224131 -6.71372 -0.0759052 0.015962 0.996987 157.566 
0.993738 0.0864594 0.0707708 69.9474 -0.0849632 0.996098 -0.0238916 -6.7441 -0.0725602 0.017729 0.997206 158.394 
0.993776 0.0875743 0.0688395 69.9659 -0.0864644 0.996075 -0.0189483 -6.74963 -0.0702286 0.0128781 0.997448 159.253 
0.993542 0.0912053 0.0674962 69.9921 -0.0908895 0.995831 -0.00774281 -6.79412 -0.0679209 0.00155803 0.997689 160.111 
0.993526 0.0928967 0.0653945 70.0205 -0.0931251 0.995654 0.000445901 -6.82096 -0.0650688 -0.00653296 0.997859 160.944 
0.994166 0.0892377 0.0605828 70.0492 -0.0891699 0.996009 -0.00382864 -6.82148 -0.0606826 -0.00159594 0.998156 161.769 
0.995478 0.0775894 0.0547989 70.0822 -0.0769695 0.996944 -0.0133373 -6.84664 -0.0556662 0.00905904 0.998408 162.59 
0.996088 0.075013 0.0467146 70.1226 -0.0742845 0.99709 -0.017144 -6.87242 -0.0478646 0.0136066 0.998761 163.389 
0.995972 0.0806035 0.0392655 70.1473 -0.0800705 0.996677 -0.0149676 -6.89992 -0.0403413 0.0117632 0.999117 164.209 
0.996386 0.0785523 0.0323152 70.1586 -0.0783404 0.996896 -0.00777852 -6.92465 -0.0328258 0.00521875 0.999447 165.033 
0.997022 0.0728168 0.0253798 70.1718 -0.0727249 0.997342 -0.00452997 -6.92949 -0.0256421 0.00267065 0.999668 165.88 
0.997809 0.0630765 0.0199833 70.1752 -0.0630762 0.998008 -0.000650982 -6.92801 -0.0199844 -0.000610993 0.9998 166.717 
0.998181 0.0588892 0.0129162 70.1911 -0.0588845 0.998264 -0.000752469 -6.93955 -0.012938 -9.54269e-06 0.999916 167.549 
0.998432 0.0557916 0.00454743 70.2047 -0.0557498 0.998405 -0.00886578 -6.93721 -0.00503473 0.00859828 0.99995 168.377 
0.998854 0.0477889 -0.0025316 70.1822 -0.0478279 0.998683 -0.0185435 -6.95704 0.00164218 0.0186433 0.999825 169.206 
0.999212 0.0381891 -0.0108132 70.2107 -0.0384151 0.99903 -0.0215174 -6.98924 0.00998109 0.0219158 0.99971 170.012 
0.999022 0.0408311 -0.01699 70.1842 -0.041071 0.999058 -0.0140133 -7.00128 0.0164019 0.0146973 0.999757 170.842 
0.99842 0.0517954 -0.0217887 70.1275 -0.0518299 0.998655 -0.00101946 -7.01557 0.0217067 0.00214707 0.999762 171.694 
0.998135 0.0555176 -0.0253876 70.0649 -0.0553901 0.998448 0.00569977 -7.02054 0.0256648 -0.004283 0.999661 172.547 
0.99794 0.0578345 -0.0277697 70.0104 -0.0577773 0.998325 0.00286178 -7.0463 0.0278888 -0.00125151 0.99961 173.393 
0.997792 0.0592005 -0.0301184 69.9682 -0.0594231 0.998211 -0.00654834 -7.05773 0.0296769 0.00832353 0.999525 174.213 
0.996999 0.0699223 -0.033231 69.9073 -0.0704563 0.997399 -0.0151766 -7.07817 0.0320835 0.0174723 0.999332 175.02 
0.997054 0.0678147 -0.0358353 69.8515 -0.0685138 0.997476 -0.0186535 -7.09242 0.03448 0.0210537 0.999184 175.864 
0.997346 0.0619527 -0.0382534 69.8112 -0.0625311 0.997943 -0.0141103 -7.10369 0.0373006 0.0164648 0.999168 176.73 
0.997364 0.0619752 -0.0377448 69.767 -0.0622725 0.998036 -0.00674904 -7.10388 0.0372525 0.00908163 0.999265 177.592 
0.997316 0.0642724 -0.035056 69.6723 -0.0643529 0.997926 -0.0011708 -7.1147 0.0349081 0.00342353 0.999385 178.468 
0.99728 0.0637423 -0.0370168 69.6382 -0.0638851 0.997954 -0.00268491 -7.11946 0.03677 0.00504234 0.999311 179.323 
0.997332 0.0611013 -0.0399363 69.599 -0.0615714 0.998046 -0.0106459 -7.14902 0.0392078 0.0130763 0.999145 180.168 
0.997776 0.0509769 -0.0429504 69.5675 -0.0519761 0.998395 -0.0224755 -7.16111 0.0417358 0.0246578 0.998824 181.009 
0.998181 0.040752 -0.0444211 69.514 -0.0418835 0.998813 -0.0248442 -7.20468 0.043356 0.0266594 0.998704 181.867 
0.99813 0.041729 -0.0446665 69.4559 -0.0427272 0.998853 -0.0216274 -7.2156 0.0437128 0.0234953 0.998768 182.723 
0.997839 0.0477382 -0.0451573 69.3965 -0.048244 0.998784 -0.0101757 -7.24765 0.0446167 0.0123322 0.998928 183.576 
0.997682 0.049126 -0.0470775 69.3602 -0.0495257 0.998746 -0.00735836 -7.26897 0.046657 0.00967277 0.998864 184.386 
0.997737 0.0467192 -0.0483487 69.3005 -0.0474554 0.998772 -0.0141905 -7.25607 0.0476265 0.0164527 0.99873 185.247 
0.997672 0.0497496 -0.0466424 69.2185 -0.0506922 0.998529 -0.0192458 -7.30347 0.0456164 0.0215653 0.998726 186.118 
0.997348 0.0554389 -0.047152 69.1606 -0.0563995 0.998222 -0.0192889 -7.32586 0.0459989 0.021897 0.998701 186.951 
0.997098 0.0593981 -0.0476244 69.1067 -0.0602196 0.998057 -0.0160004 -7.35496 0.0465815 0.0188218 0.998737 187.79 
0.996773 0.0638536 -0.0486401 69.052 -0.0645582 0.997829 -0.0130517 -7.37525 0.0477011 0.0161496 0.998731 188.636 
0.996505 0.0679319 -0.048601 68.9926 -0.0685359 0.997589 -0.0108681 -7.39106 0.0477456 0.014161 0.998759 189.461 
0.996319 0.0688786 -0.0510205 68.9551 -0.0694331 0.997544 -0.00917111 -7.4238 0.0502636 0.0126798 0.998655 190.31 
0.996442 0.0671452 -0.0509364 68.8909 -0.0678538 0.997619 -0.012307 -7.45664 0.0499889 0.0157194 0.998626 191.136 
