1 -4.23778e-08 4.22719e-08 0 -4.23778e-08 1 -4.19404e-08 0 4.22719e-08 -4.19404e-08 1 0 
0.99905 -0.00215338 0.043533 -0.104147 0.0022787 0.999993 -0.00283143 -0.0349988 -0.0435265 0.00292786 0.999048 0.930143 
0.996221 -0.00662197 0.0866029 0.0492715 0.00718728 0.999955 -0.00621837 -0.0415369 -0.0865577 0.00681722 0.996223 1.10669 
0.991059 -0.00790263 0.133191 0.0747872 0.00941823 0.999898 -0.0107537 -0.0776129 -0.133092 0.0119119 0.991032 2.11786 
0.98387 -0.00627265 0.178777 0.13877 0.00838537 0.999904 -0.011065 -0.189404 -0.17869 0.0123856 0.983827 2.90861 
0.973916 -0.00655546 0.226813 0.348533 0.00868569 0.999927 -0.00839565 -0.334857 -0.226742 0.0101466 0.973902 3.9446 
0.962862 -0.0094518 0.269827 1.08643 0.0117532 0.999907 -0.00691506 -0.609021 -0.269736 0.00982951 0.962884 5.24147 
0.949428 -0.0126256 0.313729 1.29413 0.0162749 0.999827 -0.00901559 -0.647632 -0.313561 0.0136655 0.94947 6.12524 
0.933998 -0.0148173 0.356972 1.54201 0.0197456 0.999753 -0.0101657 -0.712916 -0.356733 0.0165433 0.93406 6.98139 
0.917274 -0.0156496 0.39795 1.85126 0.020831 0.999745 -0.00870018 -0.842688 -0.397712 0.0162701 0.917366 7.6443 
0.899021 -0.0168222 0.437583 2.18236 0.022118 0.999731 -0.00700878 -0.85986 -0.437347 0.0159794 0.899151 8.08856 
0.878115 -0.016452 0.478166 2.65249 0.0218141 0.999746 -0.00566231 -0.910433 -0.477951 0.0154028 0.878251 8.86597 
0.854209 -0.015891 0.519686 3.14014 0.0212329 0.999765 -0.0043299 -0.938411 -0.519495 0.014733 0.854346 9.72033 
0.829422 -0.0182265 0.558325 3.58083 0.0241075 0.999704 -0.00317782 -1.0222 -0.558102 0.0160955 0.829616 10.263 
0.801641 -0.0180159 0.597534 4.10829 0.0243828 0.999699 -0.0025705 -1.06204 -0.597308 0.0166301 0.80184 11.06 
0.773875 -0.0196301 0.633034 4.65201 0.0276463 0.999614 -0.00279984 -1.10907 -0.632734 0.0196677 0.774119 11.7945 
0.741968 -0.0261396 0.669925 5.01443 0.0341238 0.999417 0.00120244 -1.21824 -0.669566 0.0219682 0.742427 12.5215 
0.709265 -0.0264604 0.704445 5.70512 0.0336636 0.999426 0.00364639 -1.3703 -0.704137 0.0211278 0.709749 13.3119 
0.675353 -0.0256987 0.737046 6.44854 0.035276 0.999374 0.00252197 -1.37329 -0.73665 0.0242968 0.675838 14.0392 
0.639447 -0.0278502 0.768331 6.96158 0.0397775 0.999204 0.00311367 -1.37376 -0.767805 0.0285712 0.640045 14.5077 
0.603222 -0.0254126 0.797169 7.65892 0.0384415 0.999257 0.00276586 -1.38523 -0.796647 0.0289759 0.60375 15.0276 
0.566682 -0.025952 0.823528 8.53484 0.0444972 0.999009 0.000862702 -1.41045 -0.822734 0.0361558 0.567275 15.6132 
0.52569 -0.0241131 0.850334 9.27762 0.0488223 0.998806 -0.00185956 -1.44334 -0.849274 0.0424928 0.52624 16.3958 
0.483625 -0.0238451 0.87495 10.0082 0.0507164 0.998713 -0.000815437 -1.45998 -0.873805 0.0447687 0.484212 16.9704 
0.444927 -0.0254417 0.895206 10.9726 0.0551403 0.998478 0.00097131 -1.44413 -0.893868 0.0489297 0.445652 17.4339 
0.408033 -0.0250559 0.912623 11.8896 0.0573456 0.998353 0.00177034 -1.41872 -0.911164 0.0516126 0.408797 17.8366 
0.372366 -0.0226065 0.927811 12.7664 0.0577723 0.998329 0.00113832 -1.49381 -0.926286 0.0531779 0.37305 18.1898 
0.339953 -0.0240916 0.940134 13.6566 0.0584736 0.998279 0.00443739 -1.5035 -0.938623 0.0534645 0.340777 18.5366 
0.306209 -0.0266281 0.951592 14.582 0.0628676 0.997992 0.00769648 -1.52575 -0.949886 0.0574675 0.307269 18.8749 
0.27273 -0.0265441 0.961724 15.669 0.0626387 0.997988 0.00978152 -1.52922 -0.960049 0.0575734 0.273844 19.1932 
0.241276 -0.0225701 0.970194 16.6279 0.0631602 0.997975 0.00750906 -1.51734 -0.968399 0.0594659 0.242213 19.4454 
0.2108 -0.021113 0.977301 17.5769 0.0651479 0.997847 0.00750462 -1.49672 -0.975356 0.0620871 0.211722 19.6733 
0.180451 -0.021245 0.983354 18.5556 0.0680458 0.997641 0.00906678 -1.48762 -0.981227 0.065277 0.181471 19.8728 
0.149955 -0.021129 0.988467 19.5511 0.0663291 0.997734 0.0112646 -1.4949 -0.986465 0.0638749 0.151017 20.0528 
0.118753 -0.0202117 0.992718 20.8367 0.0641561 0.99786 0.0126417 -1.44626 -0.990849 0.0621877 0.119795 20.2321 
0.0885681 -0.0202329 0.995865 21.7905 0.0612771 0.998011 0.0148267 -1.46361 -0.994183 0.0597106 0.0896317 20.3844 
0.0617496 -0.0206148 0.997879 22.7134 0.0630578 0.99787 0.0167125 -1.5283 -0.996098 0.061892 0.062918 20.3739 
0.0363581 -0.0199624 0.999139 23.9116 0.067376 0.997574 0.0174793 -1.49894 -0.997065 0.0666825 0.0376149 20.4215 
0.0131076 -0.0192021 0.99973 25.0744 0.071502 0.997274 0.0182174 -1.53416 -0.997354 0.0712439 0.0144449 20.4253 
-0.00774871 -0.0192031 0.999785 26.1577 0.0768509 0.996847 0.0197422 -1.50201 -0.997012 0.0769874 -0.00624851 20.4429 
-0.0244649 -0.0208788 0.999483 27.3071 0.0815624 0.996407 0.022811 -1.51218 -0.996368 0.0820783 -0.0226741 20.4597 
-0.0409319 -0.0207583 0.998946 28.4971 0.0852129 0.996069 0.02419 -1.50618 -0.995522 0.0861132 -0.0390021 20.4281 
-0.055039 -0.02098 0.998264 29.8701 0.0869657 0.995879 0.0257246 -1.45209 -0.99469 0.0882306 -0.0529877 20.358 
-0.0719679 -0.0236696 0.997126 30.7017 0.0889376 0.995584 0.0300521 -1.60159 -0.993434 0.0908448 -0.0695449 20.4577 
-0.085373 -0.0228608 0.996087 31.8828 0.0870444 0.995743 0.0303133 -1.57633 -0.992539 0.0892917 -0.0830197 20.4157 
-0.0955043 -0.0197059 0.995234 33.0907 0.0856419 0.995934 0.027938 -1.56038 -0.991738 0.087902 -0.0934284 20.2814 
-0.106987 -0.0185074 0.994088 34.3013 0.081885 0.996266 0.0273607 -1.57841 -0.990883 0.0843281 -0.105072 20.1561 
-0.116319 -0.0145374 0.993105 35.7768 0.0893433 0.995686 0.0250395 -1.48717 -0.989185 0.0916399 -0.114518 20.089 
-0.123147 -0.0144641 0.992283 36.7908 0.0896481 0.995643 0.0256388 -1.50874 -0.988331 0.0921136 -0.121314 19.9019 
-0.129559 -0.01524 0.991455 37.7484 0.0891116 0.995657 0.0269492 -1.55816 -0.987559 0.0918416 -0.127638 19.6994 
-0.137185 -0.0142308 0.990443 38.6691 0.092049 0.995387 0.0270513 -1.61035 -0.986259 0.0948803 -0.135242 19.7102 
-0.140785 -0.0124595 0.989962 39.8291 0.0934059 0.995293 0.02581 -1.62565 -0.985624 0.096102 -0.138958 19.4959 
-0.145864 -0.0127814 0.989222 41.1043 0.0940859 0.995205 0.0267319 -1.61233 -0.98482 0.0969711 -0.143962 19.3363 
-0.150857 -0.0147003 0.988446 42.4165 0.10669 0.993807 0.0310631 -1.62348 -0.982781 0.110144 -0.148354 19.1282 
-0.150909 -0.0174898 0.988393 44.1313 0.106201 0.99377 0.0337997 -1.51558 -0.982826 0.110069 -0.148111 18.7396 
-0.153114 -0.0184305 0.988037 45.572 0.10704 0.993634 0.0351227 -1.46917 -0.982394 0.111138 -0.150166 18.5585 
-0.156896 -0.0169231 0.98747 46.867 0.110533 0.99327 0.0345846 -1.43791 -0.98141 0.114574 -0.153969 18.4387 
-0.158449 -0.0170327 0.98722 48.3173 0.111771 0.993115 0.0350735 -1.36964 -0.98102 0.1159 -0.155454 18.2654 
-0.157368 -0.0171598 0.987391 49.7824 0.113256 0.992938 0.0353066 -1.39094 -0.981024 0.117384 -0.154313 17.9072 
-0.158755 -0.016702 0.987177 51.0538 0.112693 0.993016 0.0349236 -1.33341 -0.980866 0.116792 -0.155764 17.7466 
-0.15803 -0.0150164 0.98732 52.5206 0.112347 0.993118 0.0330867 -1.30274 -0.981022 0.116151 -0.155256 17.5354 
-0.159308 -0.015006 0.987115 53.9654 0.112515 0.993093 0.0332553 -1.31952 -0.980796 0.116363 -0.15652 17.4805 
-0.164392 -0.00997818 0.986344 55.7478 0.121814 0.992089 0.0303387 -1.19432 -0.978844 0.125138 -0.161876 17.7172 
-0.163493 -0.00940546 0.9865 56.9604 0.124386 0.991778 0.0300702 -1.2038 -0.978672 0.127623 -0.160979 17.5459 
-0.164409 -0.0100149 0.986341 58.6629 0.122603 0.991987 0.0305085 -1.24455 -0.978743 0.125945 -0.161864 17.3943 
-0.163176 -0.0102169 0.986544 60.2618 0.123523 0.991867 0.0307028 -1.19426 -0.978834 0.126871 -0.160587 17.1591 
-0.162852 -0.0102294 0.986597 61.8785 0.120673 0.992233 0.0302064 -1.17127 -0.979243 0.123974 -0.160352 16.9281 
-0.162021 -0.0119993 0.986714 63.5658 0.124034 0.991748 0.0324271 -1.1102 -0.978961 0.12764 -0.159195 16.72 
-0.163624 -0.0121035 0.986448 65.1802 0.125596 0.991532 0.0329986 -1.00457 -0.978495 0.129293 -0.160718 16.6408 
-0.165886 -0.0128646 0.986061 66.9913 0.12729 0.991271 0.0343465 -0.944686 -0.977895 0.131213 -0.1628 16.5739 
-0.168901 -0.0121893 0.985558 68.3373 0.124816 0.991609 0.0336545 -0.938158 -0.977698 0.128697 -0.165963 16.5054 
-0.166227 -0.0111322 0.986025 69.9945 0.125374 0.991583 0.0323308 -0.864943 -0.978085 0.128996 -0.163432 16.1801 
-0.16664 -0.0121155 0.985943 71.3015 0.120965 0.99212 0.0326364 -0.893443 -0.97857 0.124704 -0.163861 15.9902 
-0.167818 -0.012201 0.985742 72.7671 0.119178 0.992338 0.032572 -0.835772 -0.978588 0.122945 -0.165079 15.7859 
-0.166385 -0.0114957 0.985994 74.5635 0.122552 0.991938 0.0322454 -0.799939 -0.978415 0.126201 -0.163634 15.5416 
-0.16607 -0.0117737 0.986044 76.3682 0.122638 0.991919 0.0324985 -0.76565 -0.978458 0.126323 -0.163285 15.2614 
-0.166232 -0.0135059 0.985994 78.3681 0.121261 0.992037 0.0340324 -0.750582 -0.978602 0.12522 -0.16327 14.9613 
-0.168225 -0.0126921 0.985667 79.9539 0.122756 0.991864 0.0337227 -0.758418 -0.978075 0.126669 -0.165298 14.7981 
-0.171415 -0.01128 0.985134 81.8249 0.124186 0.991711 0.0329639 -0.699572 -0.97734 0.127991 -0.168594 14.565 
-0.173321 -0.0105199 0.984809 83.5019 0.122987 0.991884 0.0322405 -0.654151 -0.977156 0.126707 -0.170621 14.3084 
-0.174212 -0.0126893 0.984626 85.2534 0.120284 0.992155 0.0340683 -0.644302 -0.977334 0.12437 -0.171319 14.0926 
-0.174338 -0.0141678 0.984584 86.8723 0.124202 0.991594 0.0362608 -0.624619 -0.976821 0.128609 -0.171113 13.8189 
-0.176451 -0.015289 0.984191 88.4591 0.123967 0.991573 0.037629 -0.61388 -0.976472 0.128647 -0.173069 13.5822 
-0.179795 -0.0160278 0.983573 90.1618 0.122811 0.991679 0.0386093 -0.650205 -0.976008 0.127735 -0.17633 13.398 
-0.186174 -0.0162461 0.982382 91.8743 0.116878 0.992397 0.0385616 -0.695495 -0.97554 0.121999 -0.18286 13.3157 
-0.190664 -0.0154174 0.981534 93.8071 0.116485 0.992457 0.0382163 -0.60231 -0.97472 0.12162 -0.18743 12.9939 
-0.196481 -0.0158962 0.980379 95.7174 0.113425 0.992787 0.0388291 -0.549358 -0.973925 0.118828 -0.193261 12.6682 
-0.201338 -0.0183236 0.97935 97.2874 0.111669 0.992877 0.041534 -0.560467 -0.973136 0.117726 -0.197858 12.4198 
-0.207219 -0.022056 0.978046 99.037 0.111161 0.99274 0.045939 -0.672384 -0.971958 0.11824 -0.203263 12.1853 
-0.210454 -0.0210043 0.977378 100.973 0.114757 0.992326 0.0460355 -0.654565 -0.970845 0.121849 -0.206429 11.7456 
-0.214489 -0.0207763 0.976505 102.74 0.117982 0.991902 0.0470185 -0.642258 -0.969575 0.125295 -0.2103 11.4532 
-0.218026 -0.0213219 0.97571 104.566 0.114365 0.992315 0.0472398 -0.568813 -0.969219 0.121886 -0.213912 11.0071 
-0.223122 -0.0215372 0.974552 106.189 0.112168 0.992548 0.0476155 -0.52072 -0.968315 0.119937 -0.219044 10.6927 
-0.228666 -0.0220747 0.973254 108.106 0.111528 0.992566 0.0487162 -0.421425 -0.967095 0.119685 -0.224505 10.3153 
-0.232826 -0.0222875 0.972263 109.983 0.109638 0.992762 0.0490122 -0.334308 -0.966318 0.118008 -0.228698 9.87723 
-0.239464 -0.0234566 0.970622 111.916 0.110147 0.992598 0.0511623 -0.27314 -0.964637 0.119163 -0.235108 9.46112 
-0.246752 -0.0234281 0.968795 113.959 0.110293 0.992533 0.0520936 -0.234214 -0.962782 0.119706 -0.242325 9.03901 
-0.252474 -0.0219452 0.967355 115.946 0.109508 0.992671 0.0511004 -0.150571 -0.961387 0.118835 -0.24822 8.54982 
-0.256783 -0.0232349 0.96619 117.915 0.111562 0.992316 0.0535128 -0.0783291 -0.960008 0.121531 -0.252218 8.03816 
-0.26187 -0.0217283 0.964858 119.919 0.10967 0.992601 0.0521182 0.0412844 -0.958852 0.119464 -0.257549 7.55736 
-0.267817 -0.0223605 0.96321 121.888 0.108254 0.992702 0.0531446 0.112911 -0.957369 0.118504 -0.263442 7.03401 
-0.272506 -0.023002 0.961879 123.745 0.110364 0.992368 0.0549978 0.131088 -0.955803 0.121144 -0.267887 6.45528 
-0.276606 -0.0227639 0.960714 125.604 0.113436 0.991957 0.0561642 0.194267 -0.954265 0.124515 -0.271799 5.9345 
-0.282489 -0.0206019 0.959049 127.629 0.118738 0.99133 0.0562698 0.330214 -0.951893 0.129771 -0.277594 5.41799 
-0.285299 -0.019502 0.95824 129.555 0.122825 0.990805 0.0567337 0.442204 -0.950536 0.133882 -0.28028 4.79617 
-0.287159 -0.0175086 0.957723 131.66 0.126844 0.990333 0.056137 0.5519 -0.949447 0.137602 -0.282162 4.16708 
-0.28783 -0.0134311 0.957587 133.433 0.138123 0.988865 0.0553864 0.657758 -0.947669 0.148206 -0.28277 3.58425 
-0.28995 -0.00494798 0.957029 135.109 0.158291 0.985966 0.0530549 0.751294 -0.94386 0.166873 -0.285098 3.04149 
-0.293958 -0.00391235 0.95581 137.272 0.159305 0.985804 0.0530292 0.853283 -0.942449 0.167854 -0.289162 2.45057 
-0.298313 -0.00393282 0.95446 138.943 0.162144 0.985248 0.0547371 0.88949 -0.940595 0.171088 -0.293275 1.98291 
-0.302185 -0.00440167 0.953239 140.736 0.160985 0.98539 0.0555838 0.967874 -0.939557 0.170254 -0.297062 1.32115 
-0.308039 -0.00213648 0.951371 142.536 0.163011 0.98509 0.0549926 1.04655 -0.937304 0.172024 -0.303098 0.904805 
-0.313794 -0.00519649 0.949477 144.271 0.157114 0.985916 0.0573206 1.11703 -0.936402 0.167163 -0.308558 0.399647 
-0.317812 -0.00630384 0.948133 146.246 0.155197 0.986145 0.058578 1.18156 -0.935366 0.165764 -0.31243 -0.21456 
-0.323133 -0.00472751 0.946342 148.257 0.160031 0.985313 0.0595653 1.26887 -0.932725 0.170691 -0.31763 -0.763657 
-0.329102 -0.00521017 0.94428 150.168 0.158643 0.985467 0.060728 1.32876 -0.930873 0.169789 -0.323493 -1.32028 
-0.334243 -0.00433885 0.942477 151.953 0.156878 0.985783 0.0601738 1.42844 -0.929339 0.167966 -0.328811 -1.82908 
-0.335909 -0.00297151 0.94189 153.706 0.156485 0.985921 0.0589181 1.51336 -0.928804 0.167183 -0.330715 -2.53405 
-0.339689 -0.00104608 0.940537 155.208 0.159758 0.985404 0.0587949 1.58403 -0.92687 0.17023 -0.334564 -3.04331 
-0.343276 -0.000164885 0.939234 156.459 0.159407 0.985482 0.0584337 1.63179 -0.925608 0.169779 -0.338266 -3.40416 
-0.3464 -4.07668e-05 0.938087 158.374 0.159866 0.985369 0.0590751 1.73389 -0.924365 0.170432 -0.341325 -4.07452 
-0.349212 0.000938592 0.937043 160.251 0.162862 0.98484 0.0597078 1.79176 -0.922782 0.173459 -0.344071 -4.81715 
-0.353926 0.00122717 0.935272 162.241 0.162537 0.984863 0.0602151 1.8819 -0.921042 0.173328 -0.348769 -5.52433 
-0.35626 0.00233374 0.934384 163.968 0.165421 0.984359 0.0606128 2.00299 -0.919627 0.176161 -0.351074 -6.18488 
-0.359451 0.00246491 0.933161 165.623 0.165255 0.984359 0.0610554 2.10471 -0.918415 0.176156 -0.354236 -6.73694 
-0.361103 0.00310464 0.932521 167.391 0.167098 0.984025 0.0614298 2.21403 -0.917433 0.178005 -0.355853 -7.41394 
-0.368254 0.0027787 0.929721 169.264 0.164938 0.984329 0.0623887 2.17462 -0.914978 0.176322 -0.362942 -7.75397 
-0.372096 0.00269369 0.92819 171.064 0.162812 0.984681 0.0624108 2.20374 -0.913803 0.174343 -0.366834 -8.41668 
-0.37539 0.00526671 0.926852 172.996 0.159604 0.985414 0.0590428 2.36695 -0.913022 0.170094 -0.370755 -9.09789 
-0.377914 0.00599354 0.925821 174.87 0.159297 0.985487 0.0586443 2.43684 -0.912033 0.169643 -0.373384 -9.78274 
-0.386887 0.00679731 0.922102 176.689 0.157412 0.985782 0.0587789 2.47415 -0.908592 0.167891 -0.382456 -10.1874 
-0.390789 0.00827394 0.920443 178.49 0.162086 0.984953 0.0599621 2.56312 -0.906097 0.172623 -0.38625 -10.8524 
-0.39522 0.00760604 0.918555 180.269 0.163815 0.98452 0.0623312 2.5778 -0.903862 0.175108 -0.390348 -11.4323 
-0.399743 0.00710999 0.9166 182.156 0.162673 0.984647 0.0633061 2.65907 -0.902077 0.174412 -0.394762 -12.1576 
-0.405499 0.00556093 0.914079 184.132 0.162646 0.984464 0.066163 2.69741 -0.899509 0.1755 -0.400103 -12.9176 
-0.409258 0.00707072 0.912391 186.212 0.160299 0.984974 0.0642696 2.84423 -0.898227 0.172558 -0.404242 -13.8183 
-0.412591 0.00572007 0.910898 188.276 0.156015 0.985648 0.0644775 2.87414 -0.897456 0.168717 -0.407562 -14.7676 
-0.415472 0.00625485 0.909584 190.342 0.155047 0.985829 0.0640419 3.00855 -0.896294 0.167636 -0.410555 -15.662 
-0.41931 0.00787408 0.907809 192.153 0.157373 0.985454 0.0641416 3.10923 -0.894099 0.169759 -0.41445 -16.4436 
-0.421745 0.00738804 0.906684 193.865 0.15769 0.985326 0.0653209 3.19541 -0.892897 0.170524 -0.416721 -17.2214 
-0.425072 0.00530379 0.905144 195.674 0.157048 0.985248 0.0679794 3.26274 -0.891431 0.171047 -0.419635 -18.0083 
-0.427271 0.00513525 0.904109 197.409 0.157867 0.985046 0.0690111 3.33489 -0.890235 0.172216 -0.421692 -18.8247 
-0.431498 0.00466673 0.902102 199.243 0.156372 0.985236 0.0696998 3.32603 -0.888458 0.171139 -0.425857 -19.5657 
-0.435264 0.0034146 0.900296 201.512 0.153844 0.985567 0.0706406 3.3684 -0.887061 0.169253 -0.429507 -20.5487 
-0.435418 0.00316461 0.900223 203.181 0.153095 0.985688 0.0705833 3.39482 -0.887115 0.168552 -0.42967 -21.6171 
-0.439532 0.00338526 0.89822 204.969 0.153264 0.985611 0.071283 3.46076 -0.885054 0.168996 -0.433727 -22.4038 
-0.440582 0.0050765 0.897698 206.698 0.153084 0.985762 0.0695577 3.65494 -0.884563 0.168069 -0.435087 -23.2556 
-0.44422 0.0030718 0.895912 208.483 0.15076 0.985991 0.0713705 3.64835 -0.883142 0.166772 -0.43846 -24.0874 
-0.448432 0.00192089 0.893815 210.493 0.151521 0.985688 0.0739006 3.69768 -0.88088 0.168571 -0.442305 -24.9123 
-0.45334 0.00150817 0.891336 212.432 0.151467 0.985585 0.0753696 3.8214 -0.878374 0.169176 -0.447034 -25.6562 
-0.45669 0.00117691 0.889625 214.437 0.150592 0.98567 0.0760025 3.94964 -0.876787 0.16868 -0.450323 -26.6289 
-0.460404 -0.000135595 0.887709 216.362 0.148284 0.985938 0.0770572 3.96487 -0.875237 0.167111 -0.45391 -27.5798 
-0.463889 2.06223e-05 0.885893 218.336 0.148486 0.985855 0.0777305 4.12681 -0.87336 0.167602 -0.457331 -28.524 
-0.468572 -0.0013951 0.883424 220.416 0.147135 0.985908 0.079598 4.25297 -0.871086 0.16728 -0.461763 -29.5372 
-0.473727 -0.000689045 0.880671 222.557 0.145388 0.986217 0.0789779 4.40728 -0.868588 0.165453 -0.467098 -30.5802 
-0.481903 -0.001215 0.876224 224.333 0.143634 0.986362 0.0803633 4.44585 -0.864372 0.164583 -0.475157 -31.1972 
-0.485786 -0.00698816 0.87405 225.701 0.13809 0.986796 0.0846383 4.36564 -0.863101 0.161814 -0.478407 -32.0769 
-0.489551 -0.0101431 0.871916 227.238 0.135434 0.986913 0.0875224 4.33259 -0.861393 0.160934 -0.48177 -32.9578 
-0.493088 -0.00900811 0.869933 229.075 0.134955 0.98705 0.0867148 4.4797 -0.859448 0.16016 -0.485487 -33.9104 
-0.49394 -0.00752271 0.869464 231.104 0.135678 0.987047 0.085618 4.70812 -0.858845 0.160257 -0.486521 -35.095 
-0.498635 -0.0057163 0.866793 233.134 0.138048 0.986692 0.0859209 4.8565 -0.855749 0.162502 -0.49121 -36.1275 
-0.503962 -0.00418422 0.863715 235.261 0.140795 0.986215 0.0869291 5.00424 -0.852173 0.165416 -0.496426 -37.2315 
-0.509515 -0.0027249 0.860457 236.68 0.144944 0.985434 0.0889483 5.00741 -0.848166 0.170039 -0.501698 -37.7472 
-0.51549 -0.00460434 0.856883 238.258 0.143009 0.985499 0.0913277 5.00993 -0.844878 0.16962 -0.507357 -38.5063 
-0.519516 -0.00522301 0.854445 239.939 0.140538 0.98584 0.0914751 5.10414 -0.842824 0.167604 -0.511426 -39.4173 
-0.522086 -0.00129996 0.852892 241.368 0.145338 0.985237 0.090468 5.35578 -0.840418 0.171189 -0.51419 -40.3825 
-0.524208 -1.21485e-05 0.85159 243.001 0.147824 0.984817 0.091009 5.50202 -0.838662 0.173593 -0.516248 -41.368 
-0.527607 0.000230056 0.849489 244.848 0.148672 0.984591 0.0920714 5.53307 -0.836378 0.174872 -0.519511 -42.3967 
-0.531598 7.3658e-05 0.846997 246.38 0.148345 0.984551 0.0930195 5.62008 -0.833905 0.175097 -0.523396 -43.2744 
-0.533368 -0.000409972 0.845883 248.247 0.147913 0.984548 0.093743 5.79475 -0.832851 0.175117 -0.525066 -44.483 
-0.534189 -0.00514567 0.845349 249.773 0.140796 0.985473 0.0949696 5.80477 -0.833558 0.169753 -0.525705 -45.7822 
-0.531046 -0.00730601 0.847311 251.147 0.139814 0.985501 0.096125 5.80878 -0.835728 0.169513 -0.522325 -47.1267 
-0.534447 -0.00460573 0.845189 252.991 0.141414 0.985402 0.0947913 6.02095 -0.833288 0.170182 -0.525994 -48.2804 
-0.537482 -0.00209499 0.843273 254.94 0.145176 0.984837 0.094978 6.18447 -0.830685 0.173472 -0.529027 -49.5119 
-0.53946 -0.00143886 0.84201 256.525 0.143372 0.985238 0.0935395 6.45191 -0.829715 0.171182 -0.53129 -50.607 
-0.542767 -0.00581726 0.839863 257.646 0.13716 0.985937 0.0954695 6.57138 -0.828608 0.167013 -0.534337 -51.585 
-0.543038 -0.00952936 0.839654 258.804 0.132925 0.986352 0.0971624 6.76411 -0.82912 0.164374 -0.53436 -52.8849 
-0.545912 -0.00867607 0.837797 260.574 0.136072 0.985753 0.0988734 6.87131 -0.826719 0.167977 -0.536954 -53.8766 
-0.547536 -0.00835867 0.83674 262.257 0.134 0.98617 0.0975368 7.13457 -0.825983 0.165528 -0.538844 -54.8057 
-0.549159 -0.00804608 0.835679 263.938 0.13193 0.98658 0.0961955 7.39552 -0.825239 0.163078 -0.540728 -55.7388 
-0.55078 -0.0077383 0.834614 265.618 0.129862 0.986985 0.0948495 7.65415 -0.824486 0.160626 -0.542607 -56.6758 
-0.5524 -0.00743535 0.833546 267.296 0.127795 0.987383 0.0934988 7.91045 -0.823725 0.158172 -0.54448 -57.6167 
-0.554018 -0.00713722 0.832474 268.971 0.125731 0.987776 0.0921434 8.16441 -0.822956 0.155717 -0.546348 -58.5616 
-0.555634 -0.00684392 0.831398 270.646 0.123668 0.988162 0.0907833 8.41602 -0.822178 0.15326 -0.548211 -59.5104 
-0.557249 -0.00655545 0.830319 272.318 0.121607 0.988542 0.0894186 8.66527 -0.821392 0.150801 -0.550067 -60.4631 
-0.558863 -0.00627181 0.829236 273.988 0.119549 0.988916 0.0880492 8.91215 -0.820598 0.148342 -0.551919 -61.4197 
-0.560475 -0.00599301 0.82815 275.656 0.117492 0.989284 0.0866751 9.15664 -0.819795 0.14588 -0.553765 -62.3802 
-0.562085 -0.00571905 0.82706 277.323 0.115437 0.989646 0.0852965 9.39875 -0.818984 0.143417 -0.555605 -63.3445 
-0.563694 -0.00544993 0.825966 278.987 0.113384 0.990001 0.0839133 9.63846 -0.818165 0.140953 -0.557439 -64.3128 
-0.565301 -0.00518565 0.824869 280.65 0.111334 0.990351 0.0825254 9.87576 -0.817337 0.138487 -0.559268 -65.2849 
-0.566906 -0.00492622 0.823768 282.311 0.109285 0.990694 0.081133 10.1106 -0.816501 0.13602 -0.561092 -66.2609 
-0.56851 -0.00467164 0.822663 283.97 0.107239 0.991031 0.079736 10.3431 -0.815657 0.133552 -0.56291 -67.2407 
-0.570112 -0.00442191 0.821555 285.627 0.105194 0.991362 0.0783345 10.5731 -0.814805 0.131082 -0.564722 -68.2243 
-0.571712 -0.00417703 0.820444 287.282 0.103152 0.991686 0.0769284 10.8007 -0.813944 0.128611 -0.566528 -69.2118 
-0.57417 -0.00347285 0.818729 288.213 0.106168 0.991232 0.0786596 10.8286 -0.811823 0.132087 -0.568767 -69.8927 
-0.577734 -0.00292608 0.81622 288.972 0.108782 0.990797 0.0805496 10.845 -0.808944 0.135326 -0.572099 -70.3666 
-0.584791 -0.00141043 0.811182 289.933 0.118405 0.98914 0.0870794 10.8234 -0.802496 0.146971 -0.578273 -71.0236 
-0.586611 -0.000212173 0.809869 291.04 0.123019 0.988372 0.0893648 10.9315 -0.800471 0.152051 -0.579764 -71.9927 
-0.588841 0.00229845 0.808245 292.077 0.129472 0.987351 0.0915181 11.0094 -0.797811 0.158535 -0.58169 -72.8149 
-0.592896 0.00228392 0.805275 292.99 0.131016 0.986946 0.0936637 11.0881 -0.794549 0.161037 -0.585456 -73.461 
-0.596229 0.0021613 0.802812 293.843 0.131978 0.986655 0.0953605 11.1714 -0.791892 0.16281 -0.588557 -74.0662 
-0.601038 0.00481991 0.799206 294.714 0.13584 0.986048 0.0962112 11.2249 -0.787592 0.166391 -0.593307 -74.6619 
-0.605524 0.00504826 0.795811 295.664 0.137216 0.985666 0.0981534 11.2937 -0.783909 0.168632 -0.597537 -75.4138 
-0.609216 0.004193 0.792993 297.349 0.13191 0.98659 0.0961225 11.5051 -0.781957 0.163163 -0.601599 -76.5313 
-0.61371 0.00458043 0.789518 299.312 0.132593 0.986379 0.0973451 11.6882 -0.778318 0.164426 -0.605958 -77.7811 
-0.621534 0.0015585 0.783386 301.25 0.126487 0.987077 0.09839 11.7726 -0.773108 0.160241 -0.613699 -78.7761 
-0.623746 0.00226973 0.781624 302.975 0.125278 0.987358 0.0971063 12.0188 -0.771522 0.15849 -0.616145 -80.1854 
-0.62611 0.00119455 0.779734 304.617 0.122726 0.987686 0.0970331 12.1745 -0.770016 0.156447 -0.618546 -81.526 
-0.631926 -0.00349382 0.775021 306.187 0.11704 0.988091 0.0998845 12.3928 -0.76614 0.153828 -0.623992 -82.7026 
-0.637978 -0.00884431 0.770003 307.712 0.108704 0.988886 0.101424 12.6327 -0.762343 0.148409 -0.629927 -83.7481 
-0.640707 -0.00685748 0.767754 309.61 0.111176 0.988593 0.101608 12.8923 -0.759693 0.150457 -0.632636 -85.2568 
-0.641979 -0.00702761 0.76669 311.461 0.114946 0.987775 0.105303 13.0819 -0.758057 0.15573 -0.633323 -86.9237 
-0.643249 -0.00718888 0.765623 313.31 0.118707 0.986928 0.109 13.2812 -0.756399 0.160999 -0.633988 -88.5926 
-0.645509 -0.00455474 0.763739 314.983 0.12011 0.986934 0.107403 13.4768 -0.754249 0.161062 -0.636528 -89.8606 
-0.651179 -0.00420276 0.758913 316.923 0.1163 0.987621 0.105259 13.7632 -0.74996 0.156804 -0.642629 -91.2277 
-0.652004 -0.0058936 0.758193 318.984 0.108787 0.988896 0.101238 14.023 -0.750371 0.148489 -0.644123 -92.9898 
-0.65287 -0.00693526 0.757438 320.878 0.0983119 0.990724 0.0938107 14.2059 -0.751063 0.135711 -0.646132 -94.7567 
-0.65672 0.00292285 0.754129 322.69 0.1072 0.9902 0.0895149 14.3445 -0.746477 0.139629 -0.650597 -96.2291 
-0.656687 0.00535479 0.754144 324.414 0.115426 0.988907 0.093488 14.6348 -0.745278 0.14844 -0.65002 -97.7376 
-0.657112 -0.00457828 0.753779 326.431 0.113283 0.988025 0.104756 14.8594 -0.745232 0.154226 -0.648724 -99.4818 
-0.65981 -0.0168631 0.751243 328.291 0.105565 0.987753 0.114888 15.143 -0.74398 0.155109 -0.649949 -101.09 
-0.66378 -0.0236366 0.747555 330.285 0.0991378 0.987901 0.119264 15.3778 -0.741329 0.153276 -0.653405 -102.73 
-0.666991 -0.0228647 0.744715 331.767 0.101377 0.987448 0.121114 15.4362 -0.738137 0.156279 -0.656301 -103.902 
-0.666067 -0.0153471 0.745734 333.334 0.1073 0.987418 0.116158 15.7944 -0.738134 0.157386 -0.65604 -105.439 
-0.663398 -0.00589423 0.748244 334.859 0.114317 0.987432 0.109132 16.1689 -0.739483 0.157935 -0.654386 -106.956 
-0.660656 0.00355715 0.75068 336.39 0.121308 0.987352 0.102081 16.5291 -0.740822 0.158504 -0.652731 -108.47 
-0.661965 0.00355575 0.749526 338.37 0.12199 0.987167 0.103055 16.761 -0.739541 0.159654 -0.653903 -110.382 
-0.6595 0.00444504 0.751692 340.375 0.123127 0.987116 0.102189 17.0481 -0.741552 0.159947 -0.65155 -112.478 
-0.657027 0.00533335 0.753848 342.387 0.124261 0.987063 0.101318 17.333 -0.743556 0.160243 -0.649189 -114.567 
-0.660399 0.00520658 0.750896 344.214 0.123316 0.987152 0.101609 17.5102 -0.74072 0.1597 -0.652556 -115.81 
-0.65999 0.00564984 0.751253 346.243 0.122304 0.98744 0.10002 17.7866 -0.741252 0.157893 -0.652392 -117.534 
-0.659581 0.00609409 0.751609 348.272 0.12129 0.987725 0.0984309 18.0588 -0.741783 0.156086 -0.652223 -119.257 
-0.659172 0.00653933 0.751963 350.303 0.120276 0.988006 0.096842 18.3268 -0.742311 0.154279 -0.652052 -120.98 
-0.658764 0.00698555 0.752317 352.335 0.11926 0.988283 0.0952532 18.5905 -0.742837 0.152471 -0.651878 -122.703 
-0.658355 0.00743276 0.75267 354.368 0.118244 0.988557 0.0936646 18.8501 -0.743362 0.150663 -0.651701 -124.425 
-0.657948 0.00788096 0.753022 356.402 0.117226 0.988828 0.0920762 19.1054 -0.743884 0.148855 -0.651521 -126.146 
-0.65754 0.00833014 0.753373 358.436 0.116207 0.989094 0.0904879 19.3565 -0.744404 0.147046 -0.651337 -127.867 
-0.657133 0.0087803 0.753724 360.472 0.115186 0.989358 0.0888997 19.6034 -0.744922 0.145238 -0.651151 -129.587 
-0.656726 0.00923144 0.754073 362.508 0.114165 0.989618 0.0873117 19.846 -0.745438 0.143429 -0.650961 -131.307 
-0.656319 0.00968356 0.754421 364.546 0.113142 0.989874 0.0857239 20.0845 -0.745952 0.141619 -0.650769 -133.027 
-0.657801 0.00674468 0.753162 366.275 0.109329 0.990224 0.0866183 20.155 -0.745215 0.13932 -0.652108 -134.469 
-0.660513 0.00659327 0.750786 368.049 0.107361 0.990515 0.0857535 20.3098 -0.743099 0.137246 -0.654956 -135.654 
-0.664066 0.00734969 0.747638 369.732 0.104273 0.99109 0.0828744 20.4959 -0.740367 0.132993 -0.658915 -136.684 
-0.667607 0.00808572 0.74447 371.41 0.101197 0.991646 0.0799787 20.6774 -0.737605 0.128733 -0.662848 -137.723 
-0.666109 0.00833944 0.745807 373.521 0.105787 0.990885 0.083403 20.913 -0.738314 0.134453 -0.66092 -139.626 
-0.665443 0.00857667 0.746399 375.501 0.114582 0.989256 0.0907873 21.0639 -0.737601 0.145938 -0.659277 -141.336 
-0.661894 0.0083226 0.749551 377.406 0.110827 0.990035 0.0868737 21.278 -0.741359 0.140572 -0.656221 -143.174 
-0.659817 0.00685579 0.751395 379.31 0.102047 0.991512 0.0805633 21.4613 -0.744464 0.129835 -0.654917 -144.858 
-0.658034 0.00324268 0.752981 381.271 0.096605 0.99209 0.0801511 21.5826 -0.746765 0.125484 -0.653142 -146.556 
-0.655168 -0.000969815 0.755483 383.437 0.0880261 0.99309 0.0776125 21.7422 -0.750338 0.117351 -0.650555 -148.36 
-0.65156 0.000689207 0.758597 385.411 0.0920492 0.992682 0.0781592 21.8978 -0.752992 0.120754 -0.646855 -150.087 
-0.644772 0.00611865 0.76435 387.132 0.10679 0.990882 0.0821511 21.988 -0.756878 0.134594 -0.639547 -151.725 
-0.638236 0.00775215 0.769802 389.175 0.106488 0.991226 0.0783067 22.1446 -0.76244 0.131953 -0.633461 -153.469 
-0.638105 0.00386963 0.769939 391.273 0.0974238 0.992356 0.0757548 22.3781 -0.76376 0.12335 -0.633605 -155.06 
-0.635307 -0.00223405 0.772256 393.323 0.0885546 0.993189 0.0757237 22.5544 -0.767166 0.116495 -0.630782 -156.731 
-0.634779 -0.00342604 0.772686 395.469 0.086137 0.993443 0.0751683 22.7341 -0.767877 0.114272 -0.630322 -158.391 
-0.635358 -0.00766106 0.77218 397.838 0.0815058 0.9937 0.0769227 22.8991 -0.767904 0.111811 -0.630731 -160.159 
-0.635917 -0.0118978 0.771666 400.207 0.0768722 0.993932 0.0786738 23.0699 -0.76792 0.10935 -0.631143 -161.928 
-0.634912 -0.0132425 0.77247 402.089 0.078276 0.993605 0.0813704 23.1961 -0.768608 0.112129 -0.629816 -163.356 
-0.635138 -0.01428 0.772267 404.606 0.0797077 0.993279 0.0839209 23.2717 -0.768275 0.114857 -0.629731 -164.753 
-0.635364 -0.0153166 0.77206 407.122 0.0811381 0.992945 0.086471 23.3537 -0.767938 0.117584 -0.629639 -166.15 
-0.635683 -0.0129579 0.771841 409.083 0.0817465 0.993107 0.0839983 23.5542 -0.76761 0.116492 -0.630242 -167.666 
-0.634887 -0.0130459 0.772495 411.208 0.080848 0.993246 0.0832201 23.7551 -0.768363 0.11529 -0.629544 -169.355 
-0.630027 -0.0081555 0.77653 413.301 0.0928754 0.991976 0.0857714 23.9182 -0.770999 0.126159 -0.624215 -171.121 
-0.627587 -0.00983903 0.778484 415.202 0.0922056 0.991943 0.0868698 24.0854 -0.773067 0.126299 -0.621624 -172.668 
-0.62535 -0.0122046 0.780249 417.012 0.0953876 0.991184 0.0919548 24.2027 -0.774492 0.13193 -0.618673 -174.191 
-0.623115 -0.0145862 0.781994 418.826 0.0985821 0.990387 0.0970263 24.3324 -0.775892 0.137549 -0.615687 -175.707 
-0.620882 -0.0169839 0.78372 420.645 0.101789 0.989554 0.102084 24.4742 -0.777267 0.143156 -0.612668 -177.217 
-0.618651 -0.0193973 0.785426 422.468 0.105008 0.988684 0.107128 24.6283 -0.778617 0.148751 -0.609614 -178.721 
-0.616422 -0.0218265 0.787113 424.295 0.108239 0.987778 0.112157 24.7945 -0.779941 0.154333 -0.606525 -180.217 
-0.614195 -0.0242713 0.788781 426.127 0.111482 0.986834 0.117173 24.9729 -0.78124 0.159902 -0.603403 -181.707 
-0.611971 -0.0267317 0.790428 427.963 0.114737 0.985854 0.122173 25.1634 -0.782513 0.165458 -0.600247 -183.191 
-0.609749 -0.0292074 0.792056 429.803 0.118003 0.984838 0.127159 25.3661 -0.783761 0.171 -0.597058 -184.667 
-0.60753 -0.0316984 0.793664 431.648 0.121281 0.983785 0.132129 25.5807 -0.784983 0.176529 -0.593835 -186.137 
-0.605314 -0.0342046 0.795251 433.497 0.12457 0.982695 0.137085 25.8074 -0.786179 0.182044 -0.590578 -187.599 
-0.6031 -0.0367259 0.796819 435.349 0.12787 0.981569 0.142024 26.0461 -0.787349 0.187544 -0.587289 -189.054 
-0.60089 -0.039262 0.798367 437.206 0.131182 0.980407 0.146948 26.2968 -0.788494 0.193031 -0.583966 -190.503 
-0.599054 -0.0408461 0.799666 438.308 0.13295 0.979761 0.149642 26.3791 -0.789594 0.195959 -0.5815 -191.593 
-0.596975 -0.0392508 0.801299 439.915 0.139408 0.978532 0.151793 26.6049 -0.790054 0.202324 -0.578687 -192.918 
-0.594881 -0.0376726 0.80293 441.526 0.145865 0.977257 0.153922 26.8361 -0.790468 0.208685 -0.575857 -194.238 
-0.592773 -0.0361115 0.804559 443.139 0.15232 0.975937 0.156028 27.0726 -0.790834 0.21504 -0.573009 -195.553 
-0.590651 -0.0345677 0.806186 444.757 0.158773 0.974572 0.158113 27.3143 -0.791153 0.22139 -0.570144 -196.862 
-0.588514 -0.0330412 0.807811 446.377 0.165224 0.973162 0.160175 27.5613 -0.791424 0.227735 -0.567261 -198.167 
-0.586364 -0.0315321 0.809434 448.002 0.171671 0.971707 0.162214 27.8135 -0.791648 0.234073 -0.564361 -199.465 
-0.584371 -0.0336248 0.81079 448.925 0.171167 0.971554 0.163659 27.8426 -0.793229 0.234418 -0.561992 -200.471 
-0.585069 -0.0332941 0.8103 449.751 0.171083 0.971604 0.163451 28.0123 -0.792732 0.234259 -0.562759 -201.124 
-0.585945 -0.0331058 0.809674 450.731 0.167457 0.972652 0.160955 28.2906 -0.79286 0.229896 -0.564377 -201.674 
-0.586821 -0.0329223 0.809047 451.711 0.163829 0.97368 0.158451 28.5665 -0.79297 0.225528 -0.565982 -202.227 
-0.588338 -0.0343846 0.807883 452.885 0.162254 0.973755 0.159605 28.8197 -0.792169 0.224985 -0.567319 -202.931 
-0.588644 -0.0322814 0.807747 453.424 0.162824 0.97399 0.157583 28.9465 -0.791825 0.224281 -0.568077 -203.31 
-0.587626 -0.0309958 0.808539 454.267 0.16199 0.974529 0.155089 29.1199 -0.792752 0.222109 -0.567638 -203.763 
-0.586608 -0.0297072 0.809326 455.109 0.161151 0.975061 0.152595 29.2909 -0.793676 0.219937 -0.567192 -204.215 
-0.589983 -0.0303376 0.806845 455.501 0.160406 0.974971 0.153952 29.3432 -0.791321 0.220252 -0.57035 -204.385 
-0.592666 -0.0337875 0.804739 455.849 0.152832 0.976251 0.153545 29.3981 -0.790816 0.213991 -0.573427 -204.522 
-0.595316 -0.0372588 0.802627 456.197 0.145251 0.977476 0.153109 29.4535 -0.790254 0.207731 -0.576496 -204.659 
-0.59578 -0.0391113 0.802195 456.902 0.143685 0.977509 0.154372 29.6067 -0.79019 0.207235 -0.57676 -205.169 
-0.594616 -0.0396795 0.80303 457.247 0.143514 0.977503 0.154568 29.7102 -0.791098 0.207155 -0.575544 -205.598 
-0.594628 -0.0359008 0.803199 457.623 0.14551 0.9777 0.151425 29.8786 -0.790724 0.206915 -0.576144 -205.964 
-0.596036 -0.037729 0.802071 458.523 0.14273 0.978009 0.152071 29.8905 -0.79017 0.20512 -0.577544 -206.41 
-0.598979 -0.0362151 0.799945 459.637 0.138533 0.979227 0.148061 30.0942 -0.78869 0.199505 -0.58152 -206.892 
-0.599498 -0.0359809 0.799567 460.313 0.138159 0.979341 0.147659 30.2009 -0.788361 0.198989 -0.582142 -207.304 
-0.601803 -0.0385608 0.797713 461.24 0.136761 0.979104 0.150503 30.3246 -0.786848 0.199669 -0.583955 -207.592 
-0.604522 -0.0411109 0.795527 462.817 0.135593 0.978783 0.153619 30.4992 -0.784963 0.200734 -0.586121 -208.338 
-0.607231 -0.0436569 0.793325 464.392 0.134416 0.978452 0.15673 30.6795 -0.783073 0.201806 -0.588278 -209.089 
-0.606133 -0.0438237 0.794155 465.202 0.134878 0.978356 0.156933 30.7384 -0.783843 0.202237 -0.587103 -209.907 
-0.605631 -0.0433069 0.794567 467.02 0.135791 0.978247 0.15682 31.0442 -0.784074 0.20287 -0.586576 -211.264 
-0.603495 -0.0426174 0.796227 469.057 0.136997 0.97818 0.156192 31.4204 -0.78551 0.203342 -0.584488 -212.761 
-0.600679 -0.0434441 0.798309 470.647 0.1379 0.977927 0.15698 31.6503 -0.787507 0.204382 -0.581429 -214.069 
-0.598929 -0.0450342 0.799535 472.949 0.135696 0.978272 0.156751 32.0394 -0.789222 0.202376 -0.579804 -215.739 
-0.600443 -0.0436043 0.798477 475.174 0.137337 0.978053 0.156686 32.4226 -0.787786 0.203742 -0.581277 -217.191 
-0.601566 -0.0414016 0.797749 477.528 0.139931 0.977753 0.156263 32.8832 -0.786471 0.205632 -0.58239 -218.777 
-0.602682 -0.0391962 0.797018 479.88 0.142525 0.977445 0.155843 33.3424 -0.78515 0.207518 -0.583503 -220.365 
-0.603791 -0.0369881 0.796284 482.23 0.145118 0.97713 0.155426 33.8 -0.783822 0.2094 -0.584615 -221.957 
-0.604892 -0.0347772 0.795547 484.578 0.147711 0.976807 0.155013 34.2562 -0.782487 0.211277 -0.585726 -223.552 
-0.605987 -0.0325637 0.794808 486.924 0.150304 0.976477 0.154603 34.7109 -0.781146 0.21315 -0.586837 -225.151 
-0.607073 -0.0303475 0.794066 489.268 0.152896 0.976138 0.154197 35.1641 -0.779798 0.215018 -0.587948 -226.752 
-0.608153 -0.0281286 0.793321 491.61 0.155488 0.975792 0.153794 35.616 -0.778443 0.216882 -0.589058 -228.357 
-0.609225 -0.0259072 0.792574 493.95 0.158079 0.975439 0.153395 36.0663 -0.777081 0.218741 -0.590167 -229.966 
-0.610291 -0.0236832 0.791823 496.288 0.16067 0.975078 0.152999 36.5153 -0.775713 0.220596 -0.591276 -231.577 
-0.611348 -0.0214565 0.791071 498.624 0.16326 0.974709 0.152607 36.9629 -0.774338 0.222446 -0.592384 -233.192 
-0.612399 -0.0192274 0.790315 500.958 0.16585 0.974332 0.152218 37.4091 -0.772956 0.224291 -0.593491 -234.81 
-0.613442 -0.0169957 0.789557 503.29 0.168439 0.973948 0.151832 37.8538 -0.771568 0.226132 -0.594598 -236.431 
-0.614478 -0.0147615 0.788796 505.62 0.171027 0.973557 0.15145 38.2972 -0.770173 0.227968 -0.595704 -238.056 
-0.615506 -0.0125249 0.788032 507.948 0.173615 0.973157 0.151072 38.7393 -0.768772 0.2298 -0.59681 -239.684 
-0.616528 -0.0102857 0.787266 510.274 0.176202 0.97275 0.150697 39.18 -0.767363 0.231626 -0.597915 -241.315 
-0.617541 -0.00804418 0.786497 512.598 0.178788 0.972336 0.150326 39.6193 -0.765949 0.233449 -0.599019 -242.95 
-0.616511 -0.00782755 0.787307 514.454 0.175486 0.973431 0.147094 39.9187 -0.76754 0.228847 -0.598758 -244.395 
-0.616012 -0.0130933 0.787627 516.355 0.166899 0.974993 0.146742 40.1712 -0.769853 0.221849 -0.598423 -245.831 
-0.615467 -0.0183542 0.787949 518.257 0.158299 0.976479 0.146393 40.423 -0.772103 0.214831 -0.598085 -247.265 
-0.613485 -0.019843 0.789457 520.561 0.157816 0.976438 0.147181 40.8222 -0.773777 0.214883 -0.595898 -249.009 
-0.614108 -0.0204247 0.788957 521.819 0.156801 0.976579 0.147333 40.9891 -0.773488 0.214188 -0.596523 -249.957 
-0.615518 -0.0237872 0.787764 523.81 0.152702 0.977004 0.148815 41.1936 -0.773188 0.211892 -0.597731 -251.152 
-0.616912 -0.0271538 0.786563 525.799 0.148598 0.97741 0.15029 41.4026 -0.772876 0.209598 -0.598941 -252.351 
-0.618291 -0.0305243 0.785356 527.786 0.14449 0.9778 0.151757 41.616 -0.772554 0.207307 -0.600154 -253.552 
-0.619654 -0.0338987 0.784143 529.771 0.140378 0.978171 0.153218 41.834 -0.77222 0.205018 -0.601369 -254.755 
-0.621002 -0.0372769 0.782922 531.753 0.136262 0.978524 0.154671 42.0563 -0.771874 0.202733 -0.602586 -255.961 
-0.622334 -0.0406589 0.781695 533.734 0.132141 0.97886 0.156116 42.2831 -0.771518 0.20045 -0.603805 -257.17 
-0.62365 -0.0440446 0.780462 535.712 0.128016 0.979177 0.157554 42.5143 -0.77115 0.19817 -0.605026 -258.382 
-0.624951 -0.0474338 0.779221 537.688 0.123888 0.979477 0.158985 42.7498 -0.770771 0.195894 -0.606249 -259.596 
-0.626237 -0.0508266 0.777974 539.662 0.119755 0.979759 0.160408 42.9898 -0.770381 0.19362 -0.607474 -260.813 
-0.627506 -0.0542229 0.776721 541.634 0.115619 0.980023 0.161823 43.2341 -0.769979 0.191349 -0.608702 -262.033 
-0.62876 -0.0576226 0.775461 543.604 0.111479 0.980269 0.163231 43.4828 -0.769566 0.189081 -0.609931 -263.256 
-0.629999 -0.0610256 0.774195 545.571 0.107336 0.980497 0.164632 43.7358 -0.769143 0.186817 -0.611162 -264.481 
-0.631221 -0.0644319 0.772922 547.536 0.103189 0.980708 0.166025 43.9931 -0.768708 0.184555 -0.612395 -265.709 
-0.632428 -0.0678414 0.771642 549.499 0.0990388 0.9809 0.16741 44.2547 -0.768261 0.182297 -0.61363 -266.939 
-0.633619 -0.071254 0.770356 551.459 0.0948851 0.981075 0.168787 44.5207 -0.767804 0.180042 -0.614867 -268.173 
-0.634795 -0.0746697 0.769064 553.417 0.0907282 0.981231 0.170157 44.7908 -0.767336 0.177791 -0.616106 -269.409 
-0.635954 -0.0780883 0.767766 555.373 0.0865681 0.98137 0.17152 45.0653 -0.766856 0.175543 -0.617347 -270.648 
-0.637098 -0.0815099 0.766461 557.326 0.0824049 0.981491 0.172874 45.344 -0.766365 0.173298 -0.618589 -271.89 
-0.638226 -0.0849343 0.765149 559.277 0.0782387 0.981593 0.174221 45.6269 -0.765863 0.171056 -0.619833 -273.135 
-0.635993 -0.0843007 0.767076 560.591 0.0793069 0.981612 0.173632 46.0761 -0.767609 0.171263 -0.617613 -274.254 
-0.63523 -0.0846276 0.767672 562.499 0.0815729 0.981067 0.175652 46.4451 -0.768003 0.174201 -0.6163 -275.79 
-0.634064 -0.0872195 0.768346 564.243 0.0808477 0.980696 0.178043 46.7865 -0.769042 0.17501 -0.614772 -277.174 
-0.63473 -0.0877579 0.767735 565.294 0.0791335 0.980925 0.177551 47.0006 -0.768671 0.173451 -0.615678 -277.637 
-0.636841 -0.0849567 0.7663 566.973 0.0807676 0.98109 0.175892 47.4042 -0.766753 0.173908 -0.617937 -278.253 
-0.638942 -0.0821537 0.764855 568.651 0.0824062 0.981249 0.174237 47.804 -0.764828 0.174356 -0.620192 -278.874 
-0.641034 -0.0793491 0.763399 570.329 0.0840493 0.981402 0.172586 48.2001 -0.762896 0.174797 -0.622443 -279.5 
