1 -4.23778e-08 4.22719e-08 0 -4.23778e-08 1 -4.19404e-08 0 4.22719e-08 -4.19404e-08 1 0 
1 -0.000269636 -0.000815064 -0.0971486 0.000272615 0.999993 0.0037611 -0.026961 0.000814128 -0.0037614 0.999993 1.47898 
0.999998 -0.000284395 -0.00166461 -0.155359 0.000292404 0.999988 0.00486376 -0.047947 0.00166329 -0.00486432 0.999987 2.94534 
0.999994 0.000489697 -0.00328667 -0.177907 -0.000476406 0.999992 0.00406895 -0.0518221 0.00328872 -0.00406744 0.999986 4.46124 
0.999991 -6.07437e-05 -0.00418748 -0.235639 7.40799e-05 0.999995 0.00320486 -0.0511003 0.00418735 -0.00320522 0.999986 5.97534 
0.99998 -0.00025019 -0.00628477 -0.240917 0.000267834 0.999996 0.0028202 -0.0737174 0.00628412 -0.00282191 0.999976 7.44191 
0.999962 -0.00042428 -0.00874436 -0.280189 0.000446216 0.999997 0.00251645 -0.0761458 0.00874334 -0.00252034 0.999959 8.86236 
0.999966 -0.00102964 -0.00820363 -0.411604 0.00104348 0.999998 0.00169225 -0.091976 0.00820195 -0.00170084 0.999965 10.2829 
0.999955 -0.00104731 -0.00945283 -0.450841 0.0010671 0.999997 0.0020981 -0.125011 0.00945069 -0.00210818 0.999953 11.7623 
0.999952 0.000934071 -0.00973868 -0.55402 -0.000917654 0.999998 0.00169864 -0.132742 0.00974033 -0.00168971 0.999951 13.2524 
0.999937 0.00183963 -0.0110473 -0.590965 -0.0018167 0.999996 0.00209283 -0.142705 0.0110512 -0.00207272 0.999937 14.7244 
0.999925 0.00307933 -0.0118236 -0.620828 -0.00303623 0.999989 0.00366878 -0.169517 0.0118348 -0.00363269 0.999923 16.1935 
0.999919 0.00476525 -0.0117977 -0.657909 -0.00472545 0.999983 0.00340693 -0.177577 0.0118139 -0.00335099 0.999925 17.647 
0.9999 0.00313787 -0.0137744 -0.698399 -0.00307072 0.999983 0.00489983 -0.217259 0.0137896 -0.00485713 0.999893 19.0347 
0.999871 0.0068721 -0.0145089 -0.719058 -0.00680846 0.999967 0.00443642 -0.222054 0.014539 -0.00433715 0.999885 20.5658 
0.999837 0.00823807 -0.0160486 -0.710561 -0.00816715 0.999957 0.0044853 -0.221479 0.016085 -0.00435358 0.999861 22.1671 
0.999791 0.0107985 -0.0173484 -0.685396 -0.0107241 0.999933 0.00438271 -0.220062 0.0173946 -0.00419584 0.99984 23.71 
0.999784 0.0105134 -0.0179008 -0.735881 -0.0104232 0.999932 0.00512976 -0.206772 0.0179536 -0.00494215 0.999827 25.2205 
0.999739 0.0112608 -0.019874 -0.755068 -0.0111771 0.999928 0.00432232 -0.226145 0.0199213 -0.00409915 0.999793 26.622 
0.99972 0.0129483 -0.0198074 -0.83785 -0.0129164 0.999915 0.0017417 -0.220459 0.0198284 -0.00148545 0.999802 28.0719 
0.99972 0.0100016 -0.0214553 -0.813848 -0.0099546 0.999948 0.00229957 -0.273667 0.0214772 -0.00208543 0.999767 29.2289 
0.999712 0.00911841 -0.0221899 -0.843893 -0.0090051 0.999946 0.00520461 -0.301371 0.0222362 -0.00500337 0.99974 30.6139 
0.999732 0.00666935 -0.0221696 -0.876747 -0.00651337 0.999953 0.00710453 -0.319765 0.022216 -0.00695832 0.999729 31.9866 
0.999722 0.00475193 -0.023074 -0.925511 -0.00463627 0.999976 0.00506707 -0.332905 0.0230977 -0.00495877 0.999721 33.4153 
0.99971 0.00431516 -0.0236805 -0.950803 -0.00423861 0.999986 0.00328548 -0.34826 0.0236944 -0.00318424 0.999714 34.7851 
0.999699 0.00765885 -0.0233037 -1.01176 -0.00760456 0.999968 0.00242082 -0.368661 0.0233216 -0.00224296 0.999725 36.0014 
0.999715 0.00527895 -0.0232625 -1.01245 -0.00526126 0.999986 0.000825295 -0.359823 0.0232666 -0.000702755 0.999729 37.4124 
0.999729 0.00488749 -0.0227783 -1.04646 -0.00483459 0.999985 0.00238039 -0.390703 0.0227897 -0.00226971 0.999738 38.7583 
0.999724 0.00434854 -0.0231041 -1.07689 -0.00423043 0.999978 0.00516243 -0.423323 0.0231262 -0.00506335 0.99972 39.9947 
0.999718 0.00212307 -0.02366 -1.05718 -0.00200238 0.999985 0.00512718 -0.44028 0.0236706 -0.00507844 0.999707 41.2409 
0.999708 0.00338117 -0.0239329 -1.06789 -0.00323834 0.999977 0.00600789 -0.452044 0.0239528 -0.00592872 0.999695 42.5139 
0.999788 0.00292882 -0.0203685 -1.1319 -0.00279864 0.999975 0.00642097 -0.472341 0.0203869 -0.00636269 0.999772 43.8202 
0.999799 0.00235473 -0.0199113 -1.08977 -0.00225334 0.999984 0.00511708 -0.506389 0.0199231 -0.00507127 0.999789 44.9941 
0.999846 -2.03599e-05 -0.0175722 -1.14318 8.50892e-05 0.999993 0.00368765 -0.550458 0.0175721 -0.00368866 0.999839 45.9934 
0.999893 -0.000621933 -0.0145899 -1.15686 0.000690465 0.999989 0.00469842 -0.598169 0.0145869 -0.00470808 0.999882 47.2336 
0.99993 0.00073275 -0.0118392 -1.12979 -0.000678718 0.999989 0.00457428 -0.616287 0.0118425 -0.00456601 0.999919 48.324 
0.999972 0.00346891 -0.00659925 -1.12904 -0.00344774 0.999989 0.00322859 -0.626938 0.00661046 -0.00320583 0.999973 49.4945 
0.999986 0.00456755 0.00257574 -1.22131 -0.0045767 0.999983 0.00352632 -0.646469 -0.00255951 -0.00353815 0.99999 50.7265 
0.999927 0.0068911 0.00987234 -1.21059 -0.00693979 0.999964 0.00489802 -0.67802 -0.00983815 -0.00496626 0.999939 51.8648 
0.999773 0.00788753 0.0197912 -1.20717 -0.0080206 0.999946 0.00664904 -0.732814 -0.0197376 -0.00680635 0.999782 52.9301 
0.999307 0.0116554 0.035343 -1.31947 -0.0119472 0.999896 0.00805284 -0.794499 -0.0352454 -0.00846959 0.999343 53.8792 
0.998708 0.0123982 0.0492762 -1.25973 -0.0128017 0.999887 0.00787903 -0.784977 -0.0491728 -0.00849975 0.998754 55.0324 
0.997824 0.0140543 0.0644142 -1.19381 -0.0146707 0.999851 0.00910391 -0.809778 -0.0642766 -0.0100292 0.997882 55.9997 
0.996501 0.0146627 0.0822858 -1.1413 -0.01554 0.999829 0.010031 -0.820078 -0.0821246 -0.0112747 0.996558 57.0435 
0.994721 0.0148218 0.101538 -1.01984 -0.0157801 0.999838 0.00864039 -0.821419 -0.101394 -0.0101971 0.994794 58.2231 
0.992605 0.0145754 0.120514 -0.906613 -0.0155679 0.999852 0.00729756 -0.814358 -0.120389 -0.00911981 0.992685 59.2154 
0.989804 0.0117858 0.141946 -0.787308 -0.0129066 0.999892 0.00697687 -0.821514 -0.141848 -0.00873785 0.98985 60.3229 
0.986559 0.00743575 0.163235 -0.616869 -0.00902247 0.999919 0.00898075 -0.829682 -0.163155 -0.0103329 0.986546 61.3751 
0.982427 0.00172784 0.186638 -0.4226 -0.00381784 0.999934 0.0108388 -0.844293 -0.186607 -0.011361 0.982369 62.4286 
0.977857 -0.00374092 0.209239 -0.169441 0.00182778 0.999955 0.0093355 -0.835655 -0.209264 -0.00874642 0.97782 63.4374 
0.972188 -0.00925685 0.234019 0.0628445 0.00774274 0.999943 0.00738757 -0.819285 -0.234074 -0.00537023 0.972204 64.4492 
0.965796 -0.0127823 0.258989 0.356724 0.0111657 0.999908 0.00771192 -0.807402 -0.259064 -0.00455643 0.965849 65.3922 
0.957995 -0.0146249 0.28641 0.621796 0.0124448 0.999878 0.00943029 -0.808191 -0.286513 -0.00546992 0.958061 66.3444 
0.949164 -0.0196238 0.314169 0.928115 0.0167013 0.999789 0.0119912 -0.80269 -0.314337 -0.00613467 0.949291 67.2373 
0.939347 -0.0222793 0.342243 1.25096 0.0193872 0.999742 0.011869 -0.803684 -0.342418 -0.00451405 0.939537 68.1216 
0.92851 -0.0217708 0.370667 1.59132 0.0203007 0.999763 0.00786742 -0.816661 -0.370751 0.000219739 0.928732 68.963 
0.916513 -0.0226396 0.399364 1.95142 0.0236263 0.999718 0.00245198 -0.824761 -0.399307 0.00718817 0.916789 69.8386 
0.902686 -0.0241603 0.429621 2.31681 0.0272133 0.999629 -0.000963276 -0.830473 -0.429438 0.0125609 0.903009 70.705 
0.888025 -0.0241517 0.45916 2.74388 0.0263481 0.999651 0.00162328 -0.83789 -0.459039 0.0106564 0.888352 71.5522 
0.870958 -0.0224653 0.490843 3.15561 0.0212806 0.999741 0.00799616 -0.852751 -0.490896 0.00348107 0.871211 72.3927 
0.852647 -0.0216196 0.52204 3.68647 0.0188605 0.999766 0.010599 -0.824154 -0.522147 0.000808617 0.852855 73.1922 
0.833487 -0.0146644 0.552344 4.20855 0.0141516 0.999886 0.0051913 -0.81701 -0.552357 0.00348963 0.8336 73.9501 
0.811877 -0.00675208 0.583789 4.74142 0.0110304 0.999932 -0.00377505 -0.803813 -0.583724 0.00950428 0.811896 74.7247 
0.790557 -0.00577241 0.612361 5.31287 0.0111756 0.999925 -0.00500212 -0.819501 -0.612286 0.0107979 0.790563 75.457 
0.768577 -0.00662518 0.639723 5.92648 0.011163 0.999933 -0.00305595 -0.816136 -0.63966 0.00948989 0.7686 76.1631 
0.745281 -0.0059997 0.666724 6.53483 0.0108491 0.999936 -0.00312931 -0.822229 -0.666662 0.0095655 0.745298 76.8634 
0.721547 -0.0055596 0.692343 7.1481 0.0139492 0.999881 -0.00650858 -0.839346 -0.692225 0.0143538 0.721539 77.4845 
0.695979 -0.0053992 0.718042 7.81898 0.0164695 0.999829 -0.00844552 -0.870123 -0.717873 0.0177036 0.695949 78.1329 
0.670581 -0.00330594 0.741829 8.49496 0.0151121 0.999843 -0.00920505 -0.889479 -0.741683 0.0173833 0.670526 78.7322 
0.642051 -0.00150768 0.76666 9.17164 0.0154868 0.999819 -0.0110035 -0.890037 -0.766505 0.0189379 0.641958 79.3566 
0.613852 0.00485483 0.789406 9.83226 0.0144808 0.999743 -0.017409 -0.916132 -0.789288 0.0221178 0.613624 79.8948 
0.583777 0.0131117 0.811808 10.5103 0.0133605 0.999579 -0.0257522 -0.96796 -0.811804 0.0258797 0.583356 80.4198 
0.55415 0.0226191 0.832109 11.2721 0.0134526 0.999257 -0.0361216 -0.97392 -0.832308 0.0312108 0.553434 80.9199 
0.522651 0.0276046 0.8521 12.053 0.0114774 0.999157 -0.0394086 -1.00428 -0.852469 0.0303769 0.521894 81.4125 
0.489677 0.0275766 0.871468 12.8165 0.00830314 0.999307 -0.0362876 -1.06363 -0.871864 0.0250051 0.489108 81.888 
0.457833 0.0264262 0.888645 13.6801 0.00576785 0.999449 -0.032693 -1.08601 -0.889019 0.0200935 0.457428 82.3571 
0.424146 0.0282551 0.905153 14.4799 0.000738546 0.999502 -0.0315464 -1.12495 -0.905593 0.0140488 0.423914 82.7168 
0.390712 0.0321712 0.919951 15.3391 -0.00215948 0.999418 -0.0340332 -1.12494 -0.92051 0.0113105 0.390554 83.0632 
0.354915 0.0346234 0.934257 16.2042 -0.00578077 0.999376 -0.0348407 -1.16604 -0.934881 0.00696476 0.354894 83.4237 
0.319254 0.0340187 0.947058 17.1005 -0.00783957 0.999416 -0.0332568 -1.20964 -0.947637 0.0031928 0.319334 83.7383 
0.28395 0.0334798 0.958254 18.0105 -0.00869833 0.999439 -0.0323413 -1.24745 -0.9588 0.00084809 0.284082 84.0009 
0.248828 0.0327865 0.967993 18.9043 -0.00668489 0.999461 -0.0321341 -1.28165 -0.968525 0.00152491 0.248913 84.2274 
0.212614 0.0309127 0.976647 19.8104 -0.0061751 0.999522 -0.0302926 -1.32277 -0.977117 0.00040972 0.212703 84.4594 
0.179084 0.0306966 0.983355 20.7417 0.00259345 0.999495 -0.0316728 -1.33645 -0.98383 0.00822238 0.178914 84.6218 
0.144516 0.0337412 0.988927 21.7402 0.00467578 0.999384 -0.0347814 -1.3946 -0.989491 0.00965046 0.144269 84.791 
0.110736 0.0381765 0.993116 22.6929 0.00624249 0.999215 -0.0391072 -1.44323 -0.99383 0.0105301 0.110411 84.9388 
0.0815408 0.0422452 0.995774 23.6421 0.013768 0.998958 -0.0435078 -1.47987 -0.996575 0.0172575 0.0808742 85.0322 
0.0557581 0.0388336 0.997689 24.6216 0.0171212 0.999059 -0.0398439 -1.54032 -0.998297 0.0193033 0.0550407 85.0995 
0.0340957 0.0358594 0.998775 25.6146 0.0201828 0.999128 -0.0365611 -1.57175 -0.999215 0.0214046 0.0333422 85.1382 
0.0150453 0.033062 0.99934 26.6078 0.0199064 0.999245 -0.0333586 -1.61619 -0.999689 0.0203952 0.0143758 85.1535 
-0.00218929 0.0345719 0.9994 27.5963 0.020877 0.999186 -0.0345188 -1.69192 -0.99978 0.0207889 -0.00290926 85.1566 
-0.0180884 0.0383522 0.9991 28.6109 0.0250137 0.998969 -0.0378944 -1.74548 -0.999523 0.0243057 -0.0190291 85.1451 
-0.0303225 0.0437555 0.998582 29.6619 0.0288279 0.998664 -0.0428838 -1.76988 -0.999124 0.0274867 -0.0315434 85.1048 
-0.0399696 0.0458434 0.998149 30.6218 0.0347237 0.998407 -0.0444649 -1.83547 -0.998597 0.0328822 -0.0414978 85.0976 
-0.0444332 0.0509303 0.997713 31.6281 0.0426589 0.997885 -0.0490394 -1.8818 -0.998101 0.0403823 -0.0465119 85.0443 
-0.0486609 0.0567464 0.997202 32.6788 0.0456201 0.997469 -0.0545355 -1.92779 -0.997773 0.0428387 -0.0511265 84.9994 
-0.0510766 0.0622709 0.996751 33.7041 0.0488884 0.997013 -0.0597822 -1.95736 -0.997497 0.0456761 -0.0539684 84.949 
-0.0537588 0.0652214 0.996422 34.7374 0.0496258 0.996806 -0.0625692 -2.0302 -0.99732 0.0460846 -0.0568238 84.9034 
-0.0561321 0.0680644 0.996101 35.728 0.0509898 0.996567 -0.065223 -2.12986 -0.99712 0.0471299 -0.05941 84.8635 
-0.0575755 0.0711857 0.9958 36.7179 0.0530376 0.996264 -0.0681524 -2.2153 -0.996931 0.048891 -0.061136 84.8037 
-0.0611566 0.0722746 0.995508 37.7698 0.055969 0.996054 -0.068876 -2.3006 -0.996558 0.0515054 -0.0649604 84.7353 
-0.0624585 0.0708775 0.995528 38.851 0.0573724 0.996081 -0.0673174 -2.40616 -0.996397 0.0529112 -0.0662802 84.659 
-0.0622468 0.0702502 0.995585 39.8832 0.0601849 0.995969 -0.0665144 -2.50612 -0.996244 0.0557789 -0.0662239 84.536 
-0.0647474 0.0723673 0.995274 40.8945 0.061651 0.995752 -0.0683914 -2.58336 -0.995995 0.0569315 -0.0689339 84.4938 
-0.068364 0.0732436 0.994968 41.9349 0.0582557 0.995893 -0.069309 -2.68005 -0.995958 0.0532243 -0.0723501 84.4458 
-0.0683442 0.0761555 0.994751 42.9902 0.0572889 0.995737 -0.072295 -2.75308 -0.996016 0.0520473 -0.0724156 84.3429 
-0.0724275 0.0806016 0.994111 44.0768 0.0548638 0.995542 -0.0767205 -2.82213 -0.995863 0.0489841 -0.0765268 84.3106 
-0.0754972 0.0855272 0.993471 45.0874 0.0524016 0.995278 -0.0817007 -2.90351 -0.995768 0.0458914 -0.0796225 84.3064 
-0.0759953 0.0906042 0.992983 46.1351 0.0485604 0.995018 -0.0870734 -2.95098 -0.995925 0.0416025 -0.0800165 84.2028 
-0.0797463 0.0895478 0.992785 47.1823 0.0459563 0.995228 -0.0860768 -3.02846 -0.995755 0.0387605 -0.083481 84.1492 
-0.0825161 0.0867832 0.992804 48.2183 0.0431314 0.995579 -0.083441 -3.10639 -0.995656 0.0359358 -0.0858944 84.0999 
-0.0862063 0.084824 0.99266 49.1731 0.0435137 0.995739 -0.0813083 -3.21349 -0.995327 0.036185 -0.0895299 84.0468 
-0.0889154 0.085582 0.992356 50.219 0.0439658 0.995668 -0.0819284 -3.29377 -0.995068 0.0363451 -0.0922929 84.0023 
-0.0929423 0.0873747 0.99183 51.2045 0.0470532 0.995415 -0.0832813 -3.39665 -0.994559 0.0389285 -0.0966274 84.0113 
-0.0969174 0.0906096 0.991159 52.159 0.0461687 0.995185 -0.0864632 -3.49214 -0.994221 0.0373808 -0.100634 83.9891 
-0.0986486 0.0922473 0.990837 53.2499 0.0449586 0.995091 -0.0881672 -3.5693 -0.994106 0.0358491 -0.102312 83.9234 
-0.102449 0.0909242 0.990574 54.1115 0.0426408 0.9953 -0.086948 -3.66635 -0.993824 0.0333312 -0.105844 83.9188 
-0.103424 0.0900195 0.990555 55.1537 0.0402872 0.995458 -0.0862588 -3.77708 -0.993821 0.0309855 -0.106581 83.8507 
-0.101211 0.0908207 0.990711 56.3255 0.0359654 0.995507 -0.0875863 -3.88738 -0.994215 0.0267666 -0.104023 83.6909 
-0.101752 0.09206 0.990541 57.3723 0.0321721 0.995493 -0.0892154 -3.97666 -0.994289 0.0227899 -0.104256 83.5976 
-0.101866 0.0919051 0.990544 58.4585 0.0286718 0.995581 -0.089424 -4.07727 -0.994385 0.0192915 -0.104051 83.4994 
-0.103015 0.087312 0.99084 59.5937 0.0292255 0.995975 -0.0847261 -4.17108 -0.99425 0.0202298 -0.105152 83.4485 
-0.104222 0.0795359 0.991369 60.6856 0.0319051 0.996551 -0.0765976 -4.25704 -0.994042 0.0236466 -0.1064 83.3384 
-0.105045 0.0748505 0.991647 61.8526 0.036235 0.996789 -0.0714004 -4.3268 -0.993807 0.0284321 -0.107419 83.2332 
-0.104857 0.0772408 0.991483 62.9195 0.0441939 0.996356 -0.0729466 -4.41264 -0.993505 0.0361685 -0.107888 83.1252 
-0.103191 0.0829005 0.991201 63.9924 0.0515349 0.995628 -0.0779057 -4.49338 -0.993325 0.0430422 -0.107012 83.0205 
-0.106316 0.0886157 0.990376 65.0278 0.0536579 0.995081 -0.0832767 -4.58224 -0.992883 0.0442878 -0.110548 83.0101 
-0.106877 0.0922183 0.989986 66.1528 0.0552939 0.9947 -0.086688 -4.68761 -0.992734 0.0454753 -0.111409 82.9287 
-0.106155 0.0889129 0.990366 67.2403 0.0530063 0.995084 -0.0836549 -4.80277 -0.992936 0.0436153 -0.110346 82.7908 
-0.104877 0.0857361 0.990782 68.3188 0.0530149 0.995342 -0.080519 -4.87636 -0.993071 0.0440817 -0.108934 82.6838 
-0.103692 0.083583 0.991091 69.4527 0.0509591 0.9956 -0.0786319 -4.9935 -0.993303 0.0423516 -0.107495 82.5433 
-0.102781 0.0840906 0.991143 70.4808 0.0511481 0.995549 -0.0791604 -5.10791 -0.993388 0.0425589 -0.106625 82.4553 
-0.102796 0.0860067 0.990977 71.5432 0.0517174 0.995369 -0.0810233 -5.2579 -0.993357 0.0429219 -0.106768 82.3953 
-0.0989631 0.0898861 0.991023 72.7109 0.0514231 0.995043 -0.0851158 -5.3561 -0.993761 0.0425382 -0.103095 82.2127 
-0.100441 0.0896562 0.990895 73.8743 0.0513288 0.995072 -0.0848314 -5.43094 -0.993618 0.042341 -0.104548 82.1721 
-0.102626 0.084339 0.991138 74.9557 0.0529724 0.995449 -0.079221 -5.50987 -0.993308 0.0443728 -0.106627 82.1395 
-0.10392 0.083559 0.991069 76.1048 0.0544535 0.995448 -0.0782184 -5.58614 -0.993094 0.0458387 -0.107997 82.063 
-0.105096 0.0878262 0.990576 77.2591 0.0514356 0.995239 -0.0827826 -5.6588 -0.993131 0.0422508 -0.109113 81.9895 
-0.105536 0.0885678 0.990463 78.3901 0.0508931 0.995201 -0.0835688 -5.80044 -0.993112 0.0415883 -0.109537 81.9097 
-0.106358 0.0892977 0.99031 79.5555 0.0509045 0.995142 -0.0842664 -5.89466 -0.993024 0.0414488 -0.110387 81.8324 
-0.110333 0.0837246 0.990362 80.6495 0.0506002 0.995626 -0.0785325 -6.04042 -0.992606 0.0414478 -0.114087 81.7959 
-0.109326 0.0832969 0.99051 81.8352 0.0510058 0.99564 -0.0780987 -6.12745 -0.992696 0.0419835 -0.113098 81.6875 
-0.107266 0.0834856 0.990719 83.0398 0.0509174 0.995622 -0.0783859 -6.2188 -0.992926 0.0420367 -0.111047 81.5442 
-0.108006 0.0834536 0.990641 84.2251 0.0540293 0.99549 -0.0779715 -6.31295 -0.992681 0.0451023 -0.112028 81.4678 
-0.106735 0.0836075 0.990766 85.4206 0.0541903 0.995466 -0.0781663 -6.40454 -0.99281 0.0453469 -0.110782 81.3539 
-0.103613 0.0855163 0.990934 86.6523 0.0554655 0.995243 -0.0800887 -6.48953 -0.99307 0.0466644 -0.107864 81.1946 
-0.104782 0.0847732 0.990875 87.8734 0.0566906 0.995249 -0.0791526 -6.57139 -0.992878 0.0478796 -0.10909 81.1334 
-0.104064 0.0849612 0.990935 89.1441 0.055516 0.995287 -0.0795044 -6.66778 -0.99302 0.0467392 -0.10829 81.031 
-0.102808 0.0832105 0.991215 90.3049 0.0556084 0.995417 -0.0777957 -6.78271 -0.993146 0.0471218 -0.106964 80.9125 
-0.0971267 0.085254 0.991614 91.5481 0.0539023 0.995313 -0.0802925 -6.86858 -0.993811 0.0456517 -0.101267 80.684 
-0.0974017 0.088977 0.99126 92.7997 0.0551134 0.994949 -0.0838928 -6.95354 -0.993718 0.0464604 -0.101814 80.6208 
-0.0948347 0.0877635 0.991617 94.0189 0.0543307 0.995078 -0.0828739 -7.06213 -0.994009 0.0460159 -0.0991362 80.469 
-0.0941427 0.0850692 0.991917 95.1859 0.0484636 0.995553 -0.0807813 -7.17867 -0.994378 0.0404669 -0.0978468 80.3418 
-0.092158 0.0865869 0.991972 96.5236 0.0518095 0.99528 -0.0820623 -7.25313 -0.994396 0.043831 -0.096209 80.2559 
-0.0931007 0.0860754 0.991929 97.6902 0.0487811 0.995454 -0.0818028 -7.37664 -0.994461 0.0407715 -0.0968764 80.1319 
-0.092746 0.0842163 0.992122 98.9082 0.0492889 0.995583 -0.0799025 -7.46354 -0.994469 0.0414899 -0.0964872 80.0178 
-0.0922974 0.080039 0.992509 100.098 0.0454157 0.996065 -0.0761024 -7.60178 -0.994695 0.0380514 -0.0955693 79.8685 
-0.0945161 0.0801191 0.992294 101.422 0.0423678 0.996177 -0.0763971 -7.70628 -0.994621 0.0348206 -0.0975492 79.7782 
-0.0960582 0.079606 0.992187 102.702 0.0429881 0.996198 -0.0757661 -7.82842 -0.994447 0.0353743 -0.0991151 79.6803 
-0.100008 0.0777346 0.991945 103.952 0.0441917 0.996307 -0.0736211 -7.93398 -0.994005 0.0364731 -0.103073 79.6038 
-0.100931 0.0717086 0.992306 105.17 0.0412692 0.996842 -0.0678389 -8.0539 -0.994037 0.0341047 -0.103571 79.4629 
-0.105048 0.0720669 0.991852 106.414 0.0420443 0.996801 -0.0679736 -8.12976 -0.993578 0.0345613 -0.107742 79.3586 
-0.108425 0.0778304 0.991053 107.674 0.0348907 0.996614 -0.07445 -8.23395 -0.993492 0.0265063 -0.110774 79.209 
-0.122527 0.0838738 0.988915 108.827 0.0338916 0.996195 -0.0802922 -8.28371 -0.991886 0.023678 -0.124904 79.2092 
-0.133258 0.0803273 0.987821 110.162 0.0356089 0.996454 -0.0762258 -8.38462 -0.990441 0.0250175 -0.135646 79.0985 
-0.143535 0.0810456 0.986321 111.398 0.0390946 0.996327 -0.0761786 -8.45212 -0.988873 0.0276256 -0.146176 78.9364 
-0.158659 0.0814509 0.983968 112.625 0.0415505 0.996259 -0.0757687 -8.56017 -0.986459 0.028863 -0.161449 78.7797 
-0.174171 0.0829774 0.981213 113.825 0.0423564 0.996152 -0.0767224 -8.6382 -0.983804 0.0281978 -0.177015 78.6133 
-0.186435 0.0827304 0.978978 114.984 0.0457045 0.9961 -0.0754734 -8.71957 -0.981404 0.0306728 -0.189489 78.3825 
-0.205349 0.0875451 0.974765 116.211 0.0486269 0.995674 -0.079179 -8.79913 -0.97748 0.0311405 -0.208718 78.1933 
-0.218961 0.0954674 0.971052 117.311 0.0492148 0.995016 -0.0867261 -8.80406 -0.974492 0.0288005 -0.222568 77.9195 
-0.234845 0.0987659 0.967002 118.431 0.0508526 0.994711 -0.089246 -8.93745 -0.970702 0.0282156 -0.238625 77.6918 
-0.249964 0.0974209 0.963342 119.586 0.0485397 0.994935 -0.0880211 -9.04388 -0.967038 0.0247582 -0.253427 77.396 
-0.266264 0.0908117 0.959613 120.738 0.0428169 0.995684 -0.0823449 -9.14777 -0.962949 0.0191621 -0.269003 77.0933 
-0.28485 0.0879751 0.954526 121.902 0.0417912 0.995972 -0.0793237 -9.24329 -0.957661 0.0172954 -0.287379 76.8065 
-0.298692 0.0907852 0.950022 122.991 0.041814 0.995754 -0.0820089 -9.33561 -0.953433 0.0152288 -0.30122 76.473 
-0.315258 0.0872293 0.944988 124.084 0.0381158 0.996127 -0.079234 -9.5243 -0.94824 0.0110398 -0.317362 76.1249 
-0.330838 0.0917983 0.939212 125.249 0.0398865 0.995728 -0.0832722 -9.60689 -0.942844 0.00991229 -0.333087 75.7704 
-0.34665 0.0912321 0.933547 126.327 0.0417561 0.995773 -0.0818081 -9.71937 -0.937065 0.0106225 -0.348994 75.4283 
-0.360032 0.0895025 0.928637 127.452 0.042881 0.995923 -0.0793627 -9.82212 -0.931954 0.0112478 -0.362402 75.0103 
-0.373732 0.0881756 0.923336 128.571 0.0417005 0.996062 -0.078242 -9.90181 -0.926599 0.00926209 -0.375937 74.5851 
-0.386606 0.0906111 0.917783 129.668 0.0404451 0.99587 -0.0812835 -10.003 -0.921358 0.00569519 -0.388674 74.0963 
-0.400506 0.0947392 0.911383 130.736 0.0415932 0.995495 -0.0852046 -10.0873 -0.91535 0.00378242 -0.402642 73.6205 
-0.413327 0.0935415 0.905765 131.878 0.0427268 0.995606 -0.0833223 -10.2266 -0.909579 0.00426106 -0.415508 73.0748 
-0.4283 0.0960412 0.898518 132.913 0.0436432 0.995374 -0.0855905 -10.3179 -0.902582 0.00255583 -0.43051 72.6107 
-0.442373 0.101162 0.891107 134.003 0.0449293 0.99487 -0.0906375 -10.42 -0.895705 -5.87361e-05 -0.444649 72.0889 
-0.459244 0.103791 0.882226 135.071 0.0464797 0.994598 -0.092816 -10.5287 -0.887093 -0.00161959 -0.461587 71.6085 
-0.471904 0.101853 0.875747 136.141 0.0466661 0.994798 -0.0905524 -10.6343 -0.880414 -0.00186431 -0.474202 70.981 
-0.490973 0.100359 0.865375 137.333 0.0489443 0.994951 -0.0876175 -10.7189 -0.869799 -0.000662634 -0.493406 70.4804 
-0.507874 0.0996419 0.855649 138.355 0.0494536 0.995022 -0.0865188 -10.8746 -0.860011 -0.00162569 -0.510273 69.9256 
-0.525096 0.101977 0.844911 139.509 0.0507116 0.99478 -0.0885496 -10.921 -0.849531 -0.00365025 -0.527527 69.3552 
-0.541104 0.101036 0.834864 140.552 0.0512018 0.994873 -0.0872153 -11.025 -0.839395 -0.00444607 -0.543503 68.7376 
-0.55682 0.100819 0.824492 141.582 0.05014 0.994876 -0.0877917 -11.1218 -0.829119 -0.00754406 -0.559022 68.0861 
-0.568667 0.100231 0.816438 142.549 0.0500487 0.994925 -0.0872827 -11.2409 -0.821043 -0.00877316 -0.570798 67.3376 
-0.583553 0.0990977 0.806006 143.543 0.0508778 0.995038 -0.0855033 -11.3184 -0.81048 -0.00888787 -0.585699 66.641 
-0.596635 0.0962089 0.796725 144.448 0.0517985 0.995334 -0.0814024 -11.425 -0.800839 -0.00729832 -0.598835 65.9002 
-0.610943 0.0938689 0.78609 145.328 0.0523224 0.995562 -0.0782181 -11.5323 -0.789944 -0.00665667 -0.613143 65.1839 
-0.627146 0.0898067 0.773707 146.089 0.0519869 0.995942 -0.0734631 -11.6839 -0.777165 -0.00584944 -0.62927 64.6693 
-0.643135 0.0970051 0.759584 147.145 0.0563059 0.995249 -0.0794277 -11.7446 -0.76368 -0.0083136 -0.645541 63.8664 
-0.65636 0.0973413 0.748141 148.026 0.0572073 0.995208 -0.0792982 -11.8826 -0.752275 -0.00924905 -0.658784 63.0843 
-0.674213 0.0944907 0.732467 149.026 0.0539555 0.995433 -0.07875 -11.9352 -0.736563 -0.0135736 -0.676232 62.344 
-0.689516 0.0876426 0.718948 149.99 0.0509102 0.996061 -0.0725978 -12.0532 -0.722479 -0.0134555 -0.691262 61.4028 
-0.707448 0.0827553 0.701904 150.825 0.0481429 0.996457 -0.0689604 -12.1619 -0.705124 -0.0149941 -0.708926 60.6948 
-0.727096 0.0811469 0.681723 151.793 0.047167 0.996548 -0.068315 -12.2445 -0.684913 -0.0175168 -0.728414 59.8431 
-0.745141 0.0774464 0.662394 152.678 0.0454213 0.996821 -0.065452 -12.3575 -0.665358 -0.0186842 -0.746291 58.9427 
-0.763279 0.0783442 0.641301 153.551 0.0457986 0.996684 -0.0672498 -12.376 -0.644444 -0.0219597 -0.764336 58.0263 
-0.778875 0.0802064 0.622029 154.38 0.0473063 0.996477 -0.0692542 -12.4692 -0.625392 -0.0245145 -0.779925 57.006 
-0.793583 0.0790407 0.603306 155.266 0.0469673 0.996526 -0.0687771 -12.5201 -0.606646 -0.0262446 -0.794538 55.8014 
-0.809555 0.0809734 0.581433 156.039 0.0514439 0.996416 -0.0671386 -12.6136 -0.584786 -0.0244412 -0.810819 54.9334 
-0.825884 0.079907 0.558149 156.757 0.0520027 0.996482 -0.0657131 -12.7403 -0.561437 -0.0252461 -0.827134 54.072 
-0.837891 0.0867602 0.538898 157.464 0.0582462 0.995861 -0.0697669 -12.839 -0.542721 -0.0270682 -0.839477 52.9164 
-0.85175 0.0882977 0.516454 158.147 0.0617568 0.995745 -0.0683907 -12.9143 -0.520295 -0.0263573 -0.853579 52.0205 
-0.86398 0.0855709 0.496202 158.811 0.0613185 0.996 -0.0649951 -12.9953 -0.499779 -0.0257281 -0.865771 50.9823 
-0.87478 0.0884786 0.476373 159.427 0.0669695 0.995828 -0.0619806 -13.1309 -0.47987 -0.0223169 -0.877056 50.0253 
-0.886082 0.0906498 0.454578 160.052 0.0683548 0.995523 -0.0652826 -13.1779 -0.45846 -0.0267732 -0.888311 49.0941 
-0.897064 0.0881751 0.433014 160.808 0.0664176 0.995662 -0.0651521 -13.2738 -0.436881 -0.0296858 -0.899029 48.0641 
-0.905857 0.086384 0.414681 161.464 0.065306 0.995761 -0.0647724 -13.334 -0.418519 -0.0315933 -0.907658 46.946 
-0.91276 0.0835869 0.399853 162.018 0.0622592 0.995871 -0.0660596 -13.4089 -0.403724 -0.035402 -0.914195 45.6732 
-0.91963 0.0811102 0.38432 162.599 0.0611488 0.996081 -0.0639001 -13.4865 -0.387997 -0.0352637 -0.920986 44.4846 
-0.926319 0.077515 0.36868 163.168 0.058076 0.996287 -0.063552 -13.5712 -0.372238 -0.0374579 -0.927381 43.32 
-0.932206 0.0733492 0.354418 163.682 0.0559026 0.996678 -0.0592319 -13.6663 -0.357585 -0.0354035 -0.933209 42.1436 
-0.936947 0.0739104 0.341567 164.214 0.0574551 0.996658 -0.0580593 -13.6754 -0.344717 -0.0347737 -0.938062 40.8746 
-0.942154 0.0725318 0.327239 164.683 0.0581496 0.996871 -0.0535359 -13.7662 -0.330098 -0.0314103 -0.943424 39.798 
-0.94437 0.0769418 0.319757 165.055 0.0621607 0.996483 -0.056194 -13.8126 -0.322956 -0.0331916 -0.945832 38.5708 
-0.946051 0.0821737 0.313423 165.527 0.0675625 0.996073 -0.057218 -13.8892 -0.316894 -0.0329556 -0.947888 37.263 
-0.947861 0.083142 0.307647 165.896 0.0681045 0.995913 -0.0593167 -13.9819 -0.311322 -0.0352718 -0.94965 36.1331 
-0.948663 0.0822366 0.30541 166.246 0.0674465 0.995995 -0.058686 -14.0382 -0.309014 -0.0350743 -0.950411 34.9271 
-0.951296 0.0730312 0.299504 166.735 0.0594891 0.996762 -0.0540996 -14.1524 -0.302486 -0.0336475 -0.95256 33.6566 
-0.952876 0.0680233 0.295636 167.136 0.0545331 0.99707 -0.0536495 -14.1906 -0.298419 -0.0349994 -0.953793 32.4097 
-0.953166 0.0765681 0.292594 167.526 0.0649989 0.996678 -0.049075 -14.4079 -0.295379 -0.0277584 -0.954977 31.2016 
-0.953341 0.0742027 0.292634 167.877 0.0619409 0.996778 -0.0509605 -14.4932 -0.295473 -0.0304567 -0.954866 29.8544 
-0.955743 0.0729471 0.285016 168.335 0.0604188 0.996791 -0.052517 -14.5887 -0.287932 -0.0329724 -0.957083 28.7656 
-0.956431 0.0730603 0.282669 168.735 0.060855 0.996805 -0.0517328 -14.6988 -0.285545 -0.0322771 -0.957821 27.5942 
-0.956193 0.0775565 0.282275 169.133 0.0653314 0.996482 -0.0524817 -14.774 -0.285353 -0.0317413 -0.957897 26.3861 
-0.958083 0.0721285 0.277261 169.653 0.0599308 0.996835 -0.0522307 -14.9029 -0.280151 -0.0334249 -0.959374 25.2763 
-0.95887 0.0691845 0.275285 170.083 0.0561144 0.996904 -0.0550843 -14.9731 -0.278243 -0.0373713 -0.959783 24.0603 
-0.959591 0.0666436 0.273394 170.441 0.0539542 0.997099 -0.053682 -15.088 -0.276179 -0.0367619 -0.960403 23.0148 
-0.95931 0.0638667 0.275037 170.809 0.051316 0.997296 -0.0525969 -15.1983 -0.277653 -0.0363429 -0.959994 21.9591 
-0.958904 0.0619238 0.27689 171.357 0.0486729 0.997328 -0.0544825 -15.281 -0.279524 -0.0387665 -0.959356 20.5892 
-0.9586 0.061309 0.278078 171.947 0.0465819 0.997155 -0.0592681 -15.3048 -0.280921 -0.043861 -0.958728 19.1065 
-0.957901 0.0571226 0.281357 172.33 0.0428122 0.99747 -0.056754 -15.4077 -0.283887 -0.0423192 -0.957923 17.9706 
-0.956696 0.0571114 0.28543 172.74 0.0436723 0.997627 -0.0532345 -15.4972 -0.287793 -0.0384639 -0.95692 16.8194 
-0.955099 0.0582729 0.2905 173.153 0.0453678 0.997669 -0.0509686 -15.6212 -0.292793 -0.0355007 -0.955517 15.6909 
-0.953759 0.0554335 0.295416 173.51 0.0424915 0.997842 -0.0500557 -15.7305 -0.297554 -0.0351883 -0.954056 14.7306 
-0.950869 0.0533652 0.304961 173.926 0.0372578 0.997598 -0.0584002 -15.7562 -0.307345 -0.0441687 -0.950573 13.5042 
-0.947572 0.0545347 0.314856 174.284 0.0373302 0.997475 -0.0604212 -15.7809 -0.317356 -0.0454998 -0.947214 12.4248 
-0.944196 0.060274 0.323823 175.042 0.0424645 0.997185 -0.0617915 -15.852 -0.326636 -0.0445923 -0.944098 11.0579 
-0.940182 0.0616197 0.335052 175.488 0.0425708 0.997047 -0.0639107 -15.9507 -0.338001 -0.0458243 -0.940029 9.9347 
-0.936388 0.0563376 0.346415 175.951 0.0347493 0.997065 -0.068223 -16.0546 -0.349242 -0.0518455 -0.935597 8.80059 
-0.932638 0.054785 0.35663 176.422 0.0337404 0.997317 -0.0649707 -16.1687 -0.359233 -0.0485612 -0.931984 7.78154 
-0.926841 0.0591031 0.370773 176.908 0.0381819 0.99725 -0.0635215 -16.2911 -0.373508 -0.0447175 -0.926548 6.61088 
-0.921882 0.0594682 0.38288 177.379 0.0358973 0.99701 -0.0684219 -16.339 -0.385804 -0.0493326 -0.921261 5.57547 
-0.918115 0.0479653 0.393401 177.867 0.0212365 0.997177 -0.0720191 -16.4439 -0.395745 -0.0577674 -0.916542 4.61359 
-0.910447 0.0554314 0.409895 178.378 0.0308361 0.997318 -0.0663782 -16.5555 -0.412476 -0.0477942 -0.909714 3.5047 
-0.906584 0.0497045 0.419088 178.702 0.0241058 0.997518 -0.0661609 -16.6963 -0.421336 -0.0498779 -0.905532 2.74186 
-0.901732 0.0524469 0.429102 179.269 0.0232991 0.997067 -0.0729046 -16.6747 -0.431667 -0.0557427 -0.900309 1.72405 
-0.89343 0.0504126 0.446365 179.656 0.0237359 0.997592 -0.0651594 -16.8692 -0.448575 -0.0476205 -0.892475 0.87418 
-0.89584 0.0415494 0.442429 180.138 0.0103654 0.997302 -0.0726706 -16.9318 -0.444255 -0.0605153 -0.893854 0.43622 
-0.888839 0.0477197 0.455728 180.742 0.0151868 0.997084 -0.0747857 -16.9566 -0.457968 -0.0595513 -0.886972 -0.589347 
-0.882091 0.0540976 0.467962 181.674 0.0192421 0.996693 -0.0789495 -16.9816 -0.470685 -0.0606361 -0.880215 -1.76243 
-0.874519 0.052579 0.482133 182.136 0.0167924 0.996793 -0.0782462 -17.0994 -0.484701 -0.0603316 -0.872597 -2.57055 
-0.863712 0.0553668 0.500935 182.843 0.0199551 0.996925 -0.0757805 -17.2002 -0.50359 -0.0554563 -0.862161 -3.65417 
-0.853555 0.0529844 0.518302 183.362 0.0139773 0.996786 -0.0788802 -17.2895 -0.520816 -0.0600841 -0.851552 -4.51278 
-0.837874 0.0560842 0.542975 183.955 0.0139158 0.996579 -0.0814637 -17.3725 -0.545686 -0.0607004 -0.835788 -5.58644 
-0.826315 0.0599983 0.560004 184.41 0.0152341 0.996327 -0.0842668 -17.4537 -0.563003 -0.0610997 -0.824193 -6.17667 
-0.812993 0.0616466 0.579 185.15 0.0154795 0.996316 -0.0843434 -17.556 -0.582067 -0.059608 -0.810953 -7.11116 
-0.795202 0.0595441 0.603413 185.916 0.00807004 0.996118 -0.0876607 -17.6581 -0.606291 -0.0648384 -0.792595 -8.13476 
-0.779645 0.0575568 0.623571 186.586 0.0020849 0.996 -0.0893261 -17.7647 -0.626218 -0.0683425 -0.776647 -8.93229 
-0.76426 0.0596054 0.642147 187.348 0.00336281 0.996074 -0.0884554 -17.8896 -0.644899 -0.0654435 -0.761461 -9.69567 
-0.748368 0.0572363 0.66081 188.129 -0.00642033 0.995598 -0.0935052 -17.9771 -0.663253 -0.0742189 -0.744706 -10.4876 
-0.729904 0.061386 0.680788 188.913 -0.00680181 0.995258 -0.097034 -18.0181 -0.683516 -0.0754561 -0.726025 -11.3449 
-0.711236 0.0648313 0.699958 189.572 -0.0044637 0.995301 -0.0967222 -18.0912 -0.702939 -0.0719167 -0.707604 -12.0592 
-0.706962 0.0549755 0.705112 189.921 -0.0291818 0.993858 -0.106747 -18.2105 -0.706649 -0.0960423 -0.701015 -12.208 
-0.685222 0.0583005 0.725997 190.791 -0.0316862 0.993461 -0.109686 -18.3266 -0.727644 -0.0981631 -0.678894 -13.0151 
-0.659941 0.0598436 0.74893 191.982 -0.0414655 0.992402 -0.115837 -18.3692 -0.750172 -0.1075 -0.652445 -14.0817 
-0.635754 0.0594943 0.769595 192.911 -0.0465716 0.992252 -0.115179 -18.5072 -0.770485 -0.109067 -0.628058 -14.8439 
-0.614213 0.0606377 0.786807 194.523 -0.0620949 0.990238 -0.12479 -18.5122 -0.786693 -0.125504 -0.604452 -15.5382 
-0.59403 0.0624975 0.802011 195.964 -0.0742843 0.988456 -0.132047 -18.5232 -0.801006 -0.138017 -0.58253 -16.0191 
-0.569065 0.0632767 0.819854 196.732 -0.080996 0.987873 -0.132464 -18.6788 -0.818293 -0.141786 -0.557039 -16.5527 
-0.542615 0.0650565 0.837458 197.67 -0.0825975 0.988032 -0.130271 -18.8246 -0.83591 -0.139859 -0.530748 -17.071 
-0.511385 0.0662531 0.856794 198.712 -0.0900628 0.987401 -0.130107 -18.9742 -0.854619 -0.1437 -0.498975 -17.7284 
-0.485081 0.0685928 0.871775 200.093 -0.0953505 0.986826 -0.130701 -19.0776 -0.869255 -0.146525 -0.47215 -18.1657 
-0.461274 0.0733754 0.884219 201.652 -0.103917 0.985248 -0.13597 -19.1049 -0.881151 -0.154604 -0.446844 -18.5211 
-0.4295 0.0743623 0.9 202.822 -0.100648 0.986453 -0.129537 -19.2071 -0.89744 -0.14622 -0.416198 -18.9549 
-0.399698 0.0727903 0.913752 203.856 -0.104278 0.98676 -0.12422 -19.3826 -0.910696 -0.144935 -0.386816 -19.3388 
-0.368032 0.073339 0.926916 205.134 -0.11133 0.986237 -0.122236 -19.5205 -0.923124 -0.14818 -0.354802 -19.7006 
-0.334854 0.0731609 0.939425 206.288 -0.104395 0.987963 -0.114152 -19.6417 -0.936469 -0.136295 -0.323186 -20.0243 
-0.297805 0.0737344 0.951775 207.466 -0.106459 0.988228 -0.109869 -19.7872 -0.948672 -0.134044 -0.28645 -20.3908 
-0.264506 0.079773 0.961079 208.478 -0.11791 0.986421 -0.114327 -19.8142 -0.957149 -0.143561 -0.251508 -20.688 
-0.231123 0.0842831 0.969267 209.654 -0.127791 0.98498 -0.116121 -19.8848 -0.964495 -0.150702 -0.216881 -20.9522 
-0.198186 0.0869856 0.976297 210.746 -0.134777 0.984174 -0.115047 -19.9654 -0.970854 -0.154383 -0.183326 -21.1708 
-0.170478 0.0900374 0.981239 211.999 -0.144041 0.982842 -0.11521 -20.0439 -0.974777 -0.160979 -0.154584 -21.2447 
-0.140477 0.089036 0.986072 212.89 -0.143714 0.983567 -0.109284 -20.1638 -0.979598 -0.157064 -0.125373 -21.3364 
-0.109646 0.0909778 0.989798 214.047 -0.150182 0.982854 -0.106976 -20.2412 -0.982559 -0.16038 -0.0941023 -21.4349 
-0.0808458 0.0947268 0.992215 215.275 -0.158492 0.981586 -0.106626 -20.3247 -0.984045 -0.165879 -0.0643436 -21.4665 
-0.048794 0.0945293 0.994325 216.395 -0.157366 0.98235 -0.101113 -20.4592 -0.986334 -0.161406 -0.0330572 -21.5398 
-0.017107 0.0937267 0.995451 217.52 -0.155389 0.983251 -0.0952485 -20.5967 -0.987705 -0.156312 -0.00225632 -21.5479 
0.0125676 0.0947562 0.995421 218.669 -0.157433 0.983271 -0.091612 -20.6987 -0.98745 -0.155561 0.0272751 -21.4977 
0.0416036 0.0960558 0.994506 219.791 -0.157847 0.9835 -0.0883895 -20.7695 -0.986587 -0.153303 0.0560792 -21.4028 
0.072543 0.0952812 0.992804 220.92 -0.15828 0.983911 -0.0828625 -20.8615 -0.984726 -0.15113 0.086457 -21.2953 
0.101167 0.0958749 0.990239 221.975 -0.156584 0.984474 -0.0793196 -20.9264 -0.98247 -0.147031 0.114609 -21.106 
0.133539 0.0948936 0.98649 223.247 -0.154994 0.985156 -0.0737843 -21.0624 -0.978848 -0.143047 0.146264 -20.9662 
0.162023 0.0949213 0.982211 224.311 -0.157275 0.985123 -0.0692591 -21.1248 -0.974173 -0.143255 0.174542 -20.7455 
0.18819 0.0976643 0.977265 225.515 -0.16201 0.984499 -0.0671895 -21.1878 -0.968678 -0.145683 0.201095 -20.4696 
0.21948 0.100096 0.970468 226.716 -0.164327 0.984304 -0.0643596 -21.2857 -0.961678 -0.145348 0.232484 -20.1824 
0.249024 0.102354 0.963073 227.818 -0.162193 0.984764 -0.0627206 -21.3492 -0.95482 -0.140585 0.261831 -19.8524 
0.277557 0.100593 0.955428 228.927 -0.159722 0.985494 -0.0573581 -21.43 -0.947339 -0.136683 0.289597 -19.4848 
0.303502 0.102361 0.947316 230.139 -0.162111 0.985265 -0.0545238 -21.447 -0.938939 -0.137023 0.315624 -18.9889 
0.332484 0.0992697 0.93787 231.121 -0.160491 0.985896 -0.0474576 -21.5131 -0.929353 -0.134741 0.343727 -18.6484 
0.352813 0.0996222 0.930375 232.094 -0.163183 0.985629 -0.0436574 -21.5812 -0.921355 -0.136418 0.363999 -18.1556 
0.370418 0.0985135 0.923626 232.994 -0.163198 0.985794 -0.0396943 -21.6125 -0.914416 -0.13603 0.381234 -17.6351 
0.393436 0.0942315 0.91451 234.003 -0.161079 0.986411 -0.032342 -21.7052 -0.905131 -0.134584 0.403268 -17.187 
0.414196 0.0915571 0.905571 235.072 -0.160864 0.986629 -0.0261757 -21.7499 -0.89586 -0.134832 0.423386 -16.6667 
0.433592 0.0884331 0.896759 236.083 -0.158734 0.987106 -0.0205931 -21.7696 -0.887018 -0.133418 0.442039 -16.1194 
0.454043 0.0879133 0.886632 237.162 -0.158273 0.987252 -0.0168389 -21.7791 -0.876809 -0.132684 0.462169 -15.575 
0.470119 0.0902847 0.877973 238.218 -0.160371 0.986933 -0.0156176 -21.7597 -0.867911 -0.133459 0.478455 -14.9577 
0.486399 0.0880739 0.869286 239.187 -0.158285 0.987327 -0.0114673 -21.7892 -0.85928 -0.132017 0.494176 -14.3213 
0.502231 0.0894803 0.860091 240.198 -0.160982 0.986919 -0.00867319 -21.8149 -0.849617 -0.134103 0.510066 -13.6415 
0.517631 0.0888701 0.850976 241.173 -0.161435 0.986871 -0.00486454 -21.792 -0.840236 -0.134859 0.525182 -12.9445 
0.534096 0.085349 0.841104 242.161 -0.159851 0.98714 0.00133689 -21.8113 -0.830174 -0.135166 0.540871 -12.2465 
0.550164 0.0829839 0.830923 243.123 -0.156621 0.987646 0.00506507 -21.7976 -0.820237 -0.132927 0.556364 -11.5439 
0.566811 0.0862482 0.819321 244.198 -0.158283 0.987378 0.00556214 -21.7881 -0.808499 -0.132838 0.573309 -10.8141 
0.582926 0.0872352 0.807828 245.156 -0.157053 0.987568 0.00668396 -21.7586 -0.797202 -0.130768 0.58938 -10.0852 
0.596615 0.0846042 0.798056 246.064 -0.154947 0.98786 0.0111097 -21.7557 -0.787428 -0.130284 0.602481 -9.37784 
0.608849 0.0830081 0.788931 247.032 -0.154604 0.987857 0.0153753 -21.7468 -0.778075 -0.131333 0.614289 -8.55746 
0.621105 0.0814692 0.779481 247.984 -0.153397 0.987982 0.0189684 -21.7244 -0.768569 -0.131352 0.626138 -7.71938 
0.634746 0.0818698 0.768371 248.959 -0.152886 0.98802 0.0210247 -21.7181 -0.757445 -0.130819 0.639659 -6.92444 
0.646191 0.0824686 0.758707 249.877 -0.149859 0.988501 0.0201886 -21.6717 -0.748317 -0.126745 0.651119 -6.10205 
0.656038 0.0827074 0.750182 250.801 -0.149027 0.988603 0.0213316 -21.608 -0.739868 -0.125792 0.660887 -5.20608 
0.663545 0.0838487 0.743423 251.738 -0.151903 0.988101 0.0241359 -21.5808 -0.732553 -0.128943 0.668386 -4.22787 
0.671636 0.0826568 0.736256 252.681 -0.151336 0.98811 0.0271217 -21.5697 -0.72526 -0.129638 0.676159 -3.30591 
0.679 0.0822008 0.729521 253.629 -0.15012 0.988261 0.0283688 -21.5203 -0.718625 -0.128778 0.683369 -2.44038 
0.682277 0.0832523 0.726338 254.505 -0.154218 0.987529 0.0316724 -21.5194 -0.714643 -0.133624 0.686607 -1.53873 
0.686727 0.0811297 0.722373 255.421 -0.150726 0.988047 0.0323205 -21.4403 -0.711117 -0.131076 0.690747 -0.607313 
0.690347 0.0822291 0.71879 256.279 -0.151641 0.987897 0.0326261 -21.3797 -0.707407 -0.131522 0.694461 0.222233 
0.692992 0.0847426 0.715947 257.257 -0.156485 0.987073 0.034633 -21.3626 -0.703757 -0.136035 0.697295 1.17463 
0.695814 0.083337 0.71337 258.096 -0.158412 0.986592 0.0392585 -21.3676 -0.700534 -0.140323 0.699687 2.01071 
0.69879 0.0831893 0.710473 259.055 -0.159971 0.986233 0.0418627 -21.3717 -0.697209 -0.142909 0.702478 2.9973 
0.701512 0.0802189 0.708128 259.886 -0.156325 0.986766 0.0430808 -21.3431 -0.695301 -0.14092 0.704768 3.90988 
0.705981 0.0786727 0.703847 261.005 -0.154285 0.987027 0.0444271 -21.295 -0.691221 -0.139958 0.70896 4.94082 
0.710933 0.0771565 0.699014 262.013 -0.152511 0.987224 0.0461424 -21.261 -0.686523 -0.139411 0.713618 5.92102 
0.713084 0.0778802 0.696739 263.011 -0.152117 0.987323 0.0453244 -21.1861 -0.684376 -0.138306 0.715891 6.97011 
0.716599 0.0779258 0.693118 263.997 -0.152435 0.987214 0.0466084 -21.1465 -0.680624 -0.139055 0.719315 7.97183 
0.71907 0.078586 0.69048 265.014 -0.153456 0.987014 0.047474 -21.0894 -0.677783 -0.140095 0.721792 9.0367 
0.719846 0.0808956 0.689403 265.867 -0.1604 0.985691 0.0518203 -21.115 -0.675347 -0.147883 0.722522 10.0297 
0.720366 0.0783978 0.68915 266.741 -0.157255 0.986178 0.0521907 -21.0632 -0.675532 -0.145969 0.722737 10.9798 
0.721893 0.0829916 0.68701 267.595 -0.162282 0.9854 0.0514836 -21.0295 -0.672708 -0.148655 0.724821 11.8676 
