1 2.12261e-08 -2.11895e-08 0 2.12261e-08 1 2.10703e-08 0 -2.11895e-08 2.10703e-08 1 0 
0.999999 -8.20184e-08 0.00106437 -0.0383947 -1.73376e-06 0.999999 0.00174584 -0.0232936 -0.00106441 -0.0017458 0.999998 1.33053 
0.999997 -0.00129253 0.00215635 -0.128951 0.00128892 0.999998 0.00169337 -0.0669966 -0.00215858 -0.00169054 0.999996 2.57888 
0.999981 -0.00606643 0.000945474 -0.106378 0.00606523 0.999981 0.00131516 -0.10749 -0.000953476 -0.00130936 0.999999 3.9035 
0.999972 -0.00739652 0.000955029 -0.115705 0.00739375 0.999968 0.00291966 -0.202996 -0.000976637 -0.00291247 0.999995 5.27596 
0.999959 -0.00893048 0.00148773 -0.155287 0.00892526 0.999954 0.0035066 -0.201942 -0.00151902 -0.00349314 0.999993 6.56283 
0.999933 -0.0114455 0.00154933 -0.166079 0.0114377 0.999922 0.00497906 -0.218452 -0.00160624 -0.00496097 0.999986 7.84922 
0.999936 -0.0111362 0.00210347 -0.246528 0.0111245 0.999923 0.00548584 -0.235688 -0.00216445 -0.00546205 0.999983 9.13267 
0.999924 -0.0122166 0.001886 -0.253156 0.012207 0.999913 0.00502182 -0.260268 -0.00194722 -0.00499837 0.999986 10.3986 
0.99992 -0.0120081 0.00394712 -0.350756 0.0119921 0.99992 0.00406114 -0.299813 -0.00399561 -0.00401344 0.999984 11.6288 
0.999965 -0.00598254 0.00593681 -0.43346 0.00596846 0.999979 0.00239234 -0.314428 -0.00595104 -0.00235678 0.99998 12.9164 
0.999966 -0.00164736 0.00809585 -0.523686 0.00162553 0.999995 0.00270778 -0.34705 -0.00810031 -0.00269448 0.999964 14.2092 
0.999933 0.0015179 0.0114683 -0.609783 -0.00154316 0.999996 0.00219809 -0.342376 -0.011465 -0.0022156 0.999932 15.4193 
0.999922 0.000293853 0.0124805 -0.619425 -0.000359293 0.999986 0.00524484 -0.385575 -0.0124788 -0.00524888 0.999908 16.8354 
0.999896 -0.00357751 0.0139443 -0.672743 0.00347922 0.999969 0.00706987 -0.395884 -0.0139692 -0.00702058 0.999878 18.2302 
0.999881 -0.00312272 0.0150966 -0.698659 0.00305236 0.999984 0.00468459 -0.421583 -0.015111 -0.00463791 0.999875 19.4852 
0.999866 -0.00611375 0.0151825 -0.680934 0.00605142 0.999973 0.00415111 -0.449653 -0.0152075 -0.00405863 0.999876 20.8607 
0.999829 -0.00212497 0.0183653 -0.746679 0.00207161 0.999994 0.00292644 -0.48288 -0.0183714 -0.00288786 0.999827 22.2086 
0.99981 -0.000154116 0.0194808 -0.750892 6.03722e-05 0.999988 0.00481479 -0.498123 -0.0194814 -0.00481266 0.999799 23.5847 
0.99977 0.000646109 0.0214315 -0.77646 -0.000831036 0.999963 0.00862299 -0.501866 -0.0214252 -0.00863877 0.999733 24.9108 
0.999788 -0.000681034 0.0205642 -0.741285 0.000483233 0.999954 0.00962419 -0.509859 -0.0205699 -0.00961218 0.999742 26.2693 
0.999778 -0.00267592 0.0209117 -0.777826 0.00252464 0.999971 0.00725936 -0.50516 -0.0209305 -0.00720491 0.999755 27.5867 
0.999756 -0.00454739 0.0216218 -0.823843 0.00445705 0.999981 0.00422633 -0.506868 -0.0216406 -0.00412888 0.999757 28.9391 
0.999763 -0.00426779 0.0213518 -0.779362 0.00422019 0.999989 0.00227583 -0.530982 -0.0213613 -0.00218514 0.999769 30.2909 
0.999735 -0.000660168 0.0229916 -0.836857 0.000637037 0.999999 0.00101525 -0.546575 -0.0229923 -0.00100029 0.999735 31.7561 
0.999691 0.00159927 0.0247931 -0.87667 -0.00157744 0.999998 -0.00089826 -0.594087 -0.0247946 0.000858915 0.999692 33.0814 
0.999684 0.0017853 0.0250653 -0.857409 -0.00178263 0.999998 -0.00012726 -0.605335 -0.0250656 8.25789e-05 0.999686 34.5403 
0.999666 0.00254465 0.0257171 -0.871657 -0.00257228 0.999996 0.0010434 -0.632861 -0.0257144 -0.00110916 0.999669 35.9053 
0.999608 0.00565724 0.0274163 -0.910452 -0.00569395 0.999983 0.00126299 -0.645273 -0.0274087 -0.00141856 0.999623 37.2972 
0.999534 0.00825728 0.0294046 -0.951852 -0.00830988 0.999964 0.00166847 -0.666709 -0.0293898 -0.001912 0.999566 38.7248 
0.999462 0.0123573 0.0303885 -0.94757 -0.0123963 0.999923 0.00109546 -0.682267 -0.0303726 -0.00147154 0.999538 40.1103 
0.999367 0.0145656 0.0324652 -0.968194 -0.0145919 0.999893 0.00057464 -0.685 -0.0324534 -0.00104796 0.999473 41.4789 
0.999307 0.0154601 0.0338712 -1.0074 -0.0154385 0.99988 -0.000897813 -0.686011 -0.0338811 0.00037431 0.999426 42.8835 
0.999237 0.0152971 0.0359483 -1.01469 -0.0152661 0.999883 -0.00113561 -0.722285 -0.0359615 0.000585988 0.999353 44.1101 
0.999216 0.0145749 0.036818 -1.01723 -0.0145262 0.999893 -0.00158972 -0.746708 -0.0368373 0.00105369 0.999321 45.5226 
0.999208 0.01472 0.0369707 -1.01258 -0.014678 0.999891 -0.00140613 -0.788254 -0.0369874 0.000862396 0.999315 46.9044 
0.99926 0.0131259 0.0361432 -1.02132 -0.0130996 0.999914 -0.000963359 -0.773683 -0.0361528 0.000489224 0.999346 48.4169 
0.999216 0.0159505 0.0362383 -1.03318 -0.0158566 0.99987 -0.00287489 -0.781536 -0.0362795 0.00229806 0.999339 49.8685 
0.999202 0.0153423 0.0368894 -1.07308 -0.015273 0.999881 -0.00215812 -0.810066 -0.0369182 0.00159303 0.999317 51.207 
0.999215 0.0171508 0.0357018 -1.0631 -0.0170834 0.999852 -0.00218915 -0.842165 -0.0357341 0.00157757 0.99936 52.672 
0.999214 0.0148053 0.036763 -1.08769 -0.0147732 0.99989 -0.00114305 -0.85367 -0.036776 0.00059909 0.999323 54.1142 
0.999095 0.0166782 0.0391193 -1.14851 -0.0166033 0.99986 -0.00223761 -0.873066 -0.0391512 0.00158611 0.999232 55.4156 
0.999223 0.0124291 0.0373921 -1.08807 -0.0123873 0.999922 -0.00135004 -0.902622 -0.037406 0.00088585 0.9993 56.8003 
0.999237 0.0124413 0.0370343 -1.05871 -0.0123734 0.999921 -0.00206159 -0.917925 -0.0370571 0.00160181 0.999312 58.1814 
0.999301 0.00732606 0.0366569 -1.01842 -0.00733778 0.999973 0.000186428 -0.953058 -0.0366546 -0.000455237 0.999328 59.6028 
0.999251 0.0045757 0.038419 -1.02596 -0.00461136 0.999989 0.000840757 -0.967978 -0.0384147 -0.00101725 0.999261 60.9766 
0.999235 0.00218928 0.0390349 -1.00008 -0.00221884 0.999997 0.000715217 -0.989617 -0.0390332 -0.000801241 0.999238 62.3658 
0.999233 0.00383463 0.0389632 -0.971362 -0.00379501 0.999992 -0.0010897 -0.994542 -0.0389671 0.000941037 0.99924 63.9904 
0.999176 0.00507914 0.0402616 -0.993665 -0.00505186 0.999987 -0.000778254 -1.0251 -0.040265 0.000574258 0.999189 65.4159 
0.99915 0.00517857 0.0408877 -0.956783 -0.00517979 0.999987 -7.50759e-05 -1.05176 -0.0408876 -0.000136736 0.999164 66.7869 
0.999061 0.00709962 0.0427383 -0.987577 -0.00719513 0.999972 0.00208237 -1.09888 -0.0427224 -0.00238788 0.999084 68.0573 
0.998955 0.0120306 0.0441024 -0.981998 -0.0121811 0.999921 0.0031448 -1.12226 -0.0440612 -0.00367869 0.999022 69.4395 
0.99888 0.0155564 0.044685 -0.962014 -0.0157237 0.999871 0.00339723 -1.14509 -0.0446264 -0.004096 0.998995 70.8064 
0.998853 0.0173449 0.0446322 -0.93167 -0.0175392 0.999838 0.00396665 -1.16133 -0.0445562 -0.00474487 0.998996 72.1895 
0.998799 0.0184259 0.045402 -0.940417 -0.0186354 0.999818 0.00419489 -1.13637 -0.0453165 -0.00503589 0.99896 73.8505 
0.998552 0.0239754 0.0481592 -0.937442 -0.0241201 0.999706 0.00242623 -1.16066 -0.0480869 -0.00358428 0.998837 75.1779 
0.998536 0.0252927 0.0478227 -0.880022 -0.0253425 0.999679 0.000435137 -1.14009 -0.0477964 -0.00164641 0.998856 76.6326 
0.998459 0.0232098 0.0504086 -0.916536 -0.0233588 0.999724 0.00237066 -1.21558 -0.0503397 -0.00354445 0.998726 77.9482 
0.99841 0.0249648 0.0505306 -0.817131 -0.0250337 0.999686 0.000731861 -1.24 -0.0504966 -0.00199563 0.998722 79.1471 
0.998424 0.0246012 0.0504442 -0.793865 -0.0246709 0.999695 0.000760042 -1.28205 -0.0504101 -0.00200331 0.998727 80.5179 
0.998378 0.0246251 0.0513275 -0.82476 -0.0246815 0.999695 0.000465646 -1.27789 -0.0513005 -0.00173169 0.998682 82.0975 
0.998311 0.0244839 0.0526926 -0.83676 -0.0244483 0.9997 -0.001319 -1.24154 -0.0527092 2.85683e-05 0.99861 83.3041 
0.998291 0.024773 0.0529306 -0.828055 -0.0247026 0.999693 -0.0019842 -1.23546 -0.0529636 0.000673325 0.998596 84.6291 
0.998377 0.0244243 0.0514493 -0.7859 -0.0243001 0.9997 -0.00303764 -1.24748 -0.0515081 0.00178253 0.998671 86.0147 
0.99839 0.0228157 0.0519307 -0.801399 -0.0227433 0.999739 -0.00198316 -1.27605 -0.0519625 0.000798932 0.998649 87.3708 
0.998536 0.0205581 0.0500252 -0.757393 -0.0205199 0.999789 -0.00127636 -1.30904 -0.0500409 0.000248027 0.998747 88.7691 
0.998553 0.0187014 0.0504254 -0.722128 -0.0185875 0.999824 -0.0027257 -1.31889 -0.0504676 0.00178451 0.998724 90.1004 
0.998519 0.0174347 0.0515367 -0.698132 -0.0172497 0.999843 -0.00403208 -1.33939 -0.051599 0.00313716 0.998663 91.4257 
0.998536 0.0178902 0.0510536 -0.648766 -0.0176695 0.999833 -0.00476987 -1.33755 -0.0511304 0.00386083 0.998685 92.7744 
0.99852 0.0196809 0.0507084 -0.603267 -0.0193866 0.999792 -0.00628836 -1.34463 -0.0508216 0.00529603 0.998694 94.1685 
0.998495 0.0195794 0.0512293 -0.585975 -0.0192688 0.999793 -0.0065486 -1.36889 -0.051347 0.00555166 0.998665 95.5021 
0.998354 0.0218244 0.0530305 -0.585467 -0.0213637 0.999729 -0.00923675 -1.36681 -0.0532177 0.00808866 0.99855 96.8429 
0.998351 0.022329 0.0528868 -0.536969 -0.0219312 0.999727 -0.0080888 -1.40039 -0.053053 0.00691562 0.998568 98.2147 
0.998185 0.0263019 0.0541828 -0.509792 -0.0259274 0.999635 -0.00760144 -1.41181 -0.054363 0.00618286 0.998502 99.5885 
0.998124 0.0253948 0.0557088 -0.502457 -0.0251438 0.99967 -0.00520152 -1.44972 -0.0558226 0.00379108 0.998434 100.862 
0.998274 0.0214439 0.0546817 -0.433364 -0.0211922 0.999762 -0.00517803 -1.48062 -0.0547798 0.0040103 0.99849 102.086 
0.998214 0.0230395 0.0551206 -0.379952 -0.0226327 0.999712 -0.00799215 -1.51132 -0.0552889 0.00673039 0.998448 103.413 
0.998167 0.0216453 0.0565247 -0.390055 -0.0211142 0.999727 -0.00997483 -1.5016 -0.0567252 0.00876311 0.998351 104.743 
0.998188 0.0183672 0.0573032 -0.361501 -0.0178974 0.999802 -0.00869984 -1.52242 -0.0574517 0.00765853 0.998319 106.049 
0.998178 0.0158888 0.0582048 -0.328865 -0.0155103 0.999856 -0.00694807 -1.56195 -0.0583068 0.00603267 0.998281 107.297 
0.998159 0.0150958 0.0587363 -0.250585 -0.0146968 0.999866 -0.00721779 -1.59393 -0.0588374 0.00634131 0.998247 108.658 
0.998119 0.0138628 0.0597242 -0.206534 -0.0133898 0.999876 -0.00831174 -1.62629 -0.0598321 0.00749644 0.99818 109.961 
0.997965 0.0182994 0.0610778 -0.169157 -0.0175928 0.999772 -0.0120861 -1.61866 -0.0612851 0.010987 0.99806 111.274 
0.997884 0.0211713 0.061475 -0.0998968 -0.0202867 0.999682 -0.0149781 -1.63712 -0.0617726 0.0136993 0.997996 112.582 
0.997633 0.0245244 0.0642398 -0.0752166 -0.0235469 0.999596 -0.0159299 -1.65835 -0.0646045 0.0143796 0.997807 113.875 
0.997401 0.0258765 0.0672385 -0.0584325 -0.0250875 0.999606 -0.0125525 -1.73901 -0.0675369 0.0108331 0.997658 115.072 
0.997191 0.0278101 0.069541 -0.0208799 -0.0271019 0.999571 -0.0111051 -1.77563 -0.0698201 0.00918927 0.997517 116.346 
0.997117 0.0278427 0.0705907 0.037638 -0.0270846 0.999565 -0.0116723 -1.80374 -0.0708851 0.00972678 0.997437 117.683 
0.99694 0.0297742 0.0722777 0.0771669 -0.0288823 0.999494 -0.0133526 -1.82752 -0.0726387 0.0112242 0.997295 119.033 
0.996656 0.0326753 0.074892 0.119116 -0.0317418 0.999403 -0.0136208 -1.86968 -0.0752924 0.0111981 0.997099 120.319 
0.996374 0.0349566 0.0775682 0.075351 -0.0338688 0.999309 -0.0152956 -1.8666 -0.0780493 0.0126131 0.99687 121.735 
0.996114 0.0349639 0.0808423 0.0557468 -0.0337758 0.999301 -0.0160178 -1.91935 -0.0813459 0.0132251 0.996598 123.006 
0.995895 0.035701 0.0831728 0.0931311 -0.034396 0.999263 -0.0170703 -1.9503 -0.0837209 0.0141395 0.996389 124.346 
0.995827 0.0334048 0.0849298 0.174608 -0.0320773 0.999342 -0.016947 -1.98903 -0.0854401 0.014152 0.996243 125.79 
0.99569 0.0336959 0.0864012 0.241789 -0.0323836 0.999339 -0.0165447 -2.02048 -0.0869016 0.0136755 0.996123 127.159 
0.995572 0.0321407 0.0883336 0.296412 -0.030859 0.999398 -0.0158372 -2.07883 -0.0887895 0.0130412 0.995965 128.56 
0.995595 0.0315966 0.0882727 0.432876 -0.0303826 0.999425 -0.0150624 -2.14004 -0.0886979 0.0123141 0.995982 129.962 
0.995646 0.0307302 0.0880077 0.543374 -0.0294987 0.999448 -0.0152594 -2.17776 -0.0884281 0.0125969 0.996003 131.322 
0.995605 0.0289482 0.089071 0.600161 -0.0277966 0.999514 -0.0141411 -2.22864 -0.089437 0.0116031 0.995925 132.63 
0.995632 0.0288676 0.0887883 0.697927 -0.0276766 0.99951 -0.0146155 -2.28184 -0.0891667 0.0120943 0.995943 133.999 
0.995732 0.0270508 0.0882422 0.782373 -0.0258374 0.999556 -0.0148635 -2.31071 -0.0886051 0.0125201 0.995988 135.363 
0.99575 0.0273854 0.0879374 0.866111 -0.0262797 0.999561 -0.013707 -2.35407 -0.0882741 0.0113379 0.996032 136.65 
0.995951 0.0222566 0.0870995 0.935032 -0.0212598 0.999698 -0.0123552 -2.41811 -0.0873482 0.0104535 0.996123 137.925 
0.995989 0.0235183 0.0863293 1.01193 -0.0225354 0.99967 -0.0123417 -2.46543 -0.0865911 0.0103468 0.99619 139.277 
0.995963 0.0263344 0.0858207 1.02112 -0.0252287 0.999585 -0.0139426 -2.46569 -0.0861523 0.0117212 0.996213 140.52 
0.995974 0.0259181 0.0858161 1.08404 -0.0247535 0.999587 -0.0146073 -2.48944 -0.0861593 0.0124243 0.996204 141.811 
0.996225 0.0213694 0.0841418 1.1898 -0.0201981 0.999687 -0.0147467 -2.57411 -0.0844306 0.0129915 0.996345 143.144 
0.99639 0.0196366 0.0825943 1.29841 -0.0183261 0.999694 -0.0165939 -2.58544 -0.0828949 0.0150204 0.996445 144.504 
0.996438 0.0119651 0.0834795 1.32074 -0.0107747 0.999834 -0.0146955 -2.60137 -0.0836415 0.0137438 0.996401 145.86 
0.996753 0.00345845 0.080452 1.43625 -0.00241538 0.999912 -0.0130583 -2.63902 -0.0804901 0.0128216 0.996673 147.14 
0.99684 0.00198987 0.079412 1.54919 -0.000650202 0.999857 -0.0168916 -2.68314 -0.0794343 0.0167867 0.996699 148.503 
0.996707 0.00154102 0.0810774 1.58748 2.4666e-05 0.999814 -0.019306 -2.7346 -0.0810921 0.0192444 0.996521 149.802 
0.996599 0.00295299 0.0823574 1.6727 -0.00130856 0.999799 -0.0200133 -2.81928 -0.0824 0.0198375 0.996402 151.151 
0.996399 0.00340145 0.0847213 1.72931 -0.00173271 0.999803 -0.019762 -2.86783 -0.0847719 0.0195441 0.996209 152.444 
0.99639 0.00100965 0.0848898 1.81265 0.000440608 0.999854 -0.017063 -2.89768 -0.0848947 0.0170389 0.996244 153.71 
0.996296 -0.00446945 0.0858752 1.90151 0.00574537 0.999877 -0.0146159 -2.93895 -0.0857994 0.0150552 0.996199 155.056 
0.996092 -0.00683025 0.0880587 1.89268 0.00810708 0.999867 -0.0141498 -2.95265 -0.0879503 0.0148084 0.996015 156.257 
0.995994 -0.00791231 0.089069 1.97503 0.00921682 0.999856 -0.0142438 -2.98988 -0.0889435 0.0150077 0.995924 157.573 
0.995666 -0.00499818 0.092867 2.01211 0.00633872 0.99988 -0.0141453 -3.00666 -0.0927851 0.0146726 0.995578 158.836 
0.995301 -0.000918811 0.096824 1.98756 0.00234587 0.99989 -0.0146254 -3.05635 -0.0968 0.0147838 0.995194 160.016 
0.99505 0.00124208 0.0993731 2.04954 0.000340617 0.999873 -0.0159078 -3.11258 -0.0993804 0.0158629 0.994923 161.245 
0.99467 0.00597614 0.102937 2.10085 -0.00421813 0.999842 -0.0172874 -3.15209 -0.103024 0.0167611 0.994538 162.534 
0.994573 0.00792558 0.10374 2.19021 -0.00628015 0.999849 -0.0161777 -3.19356 -0.103853 0.0154385 0.994473 163.845 
0.994559 0.0124448 0.103426 2.28921 -0.010607 0.999776 -0.0182996 -3.21519 -0.103631 0.0171031 0.994469 165.131 
0.994467 0.0154109 0.103916 2.37833 -0.0132858 0.999689 -0.0211112 -3.2497 -0.104209 0.0196138 0.994362 166.486 
0.994389 0.015825 0.104594 2.41303 -0.013649 0.999676 -0.0214871 -3.28632 -0.1049 0.0199389 0.994283 167.733 
0.994353 0.0201251 0.104202 2.54182 -0.017746 0.999561 -0.0237084 -3.28265 -0.104633 0.0217253 0.994274 169.218 
0.994304 0.0207427 0.104546 2.63336 -0.0186493 0.999606 -0.0209608 -3.35406 -0.104939 0.0188917 0.994299 170.408 
0.994329 0.0240821 0.103581 2.75549 -0.0221617 0.999561 -0.0196509 -3.38462 -0.104009 0.0172439 0.994427 171.86 
0.994485 0.0242766 0.102029 2.89249 -0.0225401 0.999581 -0.0181374 -3.42656 -0.102427 0.0157377 0.994616 173.228 
0.994449 0.0223523 0.102819 2.95261 -0.0207261 0.999643 -0.0168562 -3.47649 -0.103159 0.0146316 0.994557 174.478 
0.994677 0.0170267 0.101626 3.02442 -0.0156551 0.999776 -0.0142786 -3.57442 -0.101846 0.0126116 0.99472 175.789 
0.994918 0.0143031 0.0996695 3.1398 -0.012647 0.999772 -0.0172273 -3.63498 -0.0998932 0.0158793 0.994871 177.136 
0.995012 0.017506 0.098203 3.25362 -0.0153609 0.999628 -0.0225568 -3.66978 -0.0985613 0.0209359 0.994911 178.551 
0.994824 0.0247059 0.0985651 3.32393 -0.0225063 0.999474 -0.0233653 -3.75527 -0.0990905 0.021026 0.994856 180.015 
0.994617 0.0268366 0.100084 3.36746 -0.0248795 0.999475 -0.0207517 -3.82736 -0.100589 0.01815 0.994763 181.313 
0.994581 0.0276811 0.100211 3.47982 -0.0260733 0.99951 -0.0173186 -3.84506 -0.100641 0.0146119 0.994816 182.69 
0.994147 0.0300724 0.103767 3.49707 -0.0285379 0.999461 -0.0162405 -3.89159 -0.104199 0.0131842 0.994469 183.977 
0.993816 0.030401 0.106799 3.52553 -0.0288026 0.999449 -0.0164768 -3.88525 -0.107241 0.0132988 0.994144 185.339 
0.993737 0.0285842 0.108027 3.62674 -0.0270349 0.99951 -0.0157792 -3.95156 -0.108425 0.0127599 0.994023 186.583 
0.993875 0.0254285 0.107541 3.77508 -0.0239921 0.999605 -0.0146289 -4.00609 -0.10787 0.0119593 0.994093 188.042 
0.993725 0.021426 0.10978 3.82167 -0.0201063 0.999712 -0.0131141 -4.08289 -0.11003 0.0108246 0.993869 189.394 
0.993665 0.0184443 0.110858 3.93203 -0.0171807 0.999776 -0.0123423 -4.12395 -0.111061 0.0103595 0.99376 190.89 
0.993603 0.0153597 0.111881 4.0395 -0.0141208 0.99983 -0.0118571 -4.14522 -0.112044 0.0102014 0.993651 192.266 
0.993447 0.0135999 0.113483 4.11319 -0.0122976 0.99985 -0.0121681 -4.18811 -0.113632 0.0106928 0.993465 193.663 
0.993157 0.0186769 0.115284 4.20442 -0.0167813 0.999708 -0.0173912 -4.22536 -0.115575 0.0153376 0.99318 195.083 
0.993044 0.0238509 0.115306 4.35405 -0.0215494 0.999544 -0.0211654 -4.27315 -0.115758 0.0185335 0.993105 196.531 
0.992335 0.0332729 0.119011 4.41802 -0.0309147 0.999288 -0.021607 -4.30746 -0.119645 0.0177623 0.992658 197.866 
0.991648 0.0417908 0.122013 4.49443 -0.0398548 0.999039 -0.0182658 -4.35384 -0.122659 0.0132505 0.99236 199.233 
0.99166 0.0402208 0.122446 4.61488 -0.0386948 0.999141 -0.0148151 -4.43605 -0.122936 0.0099536 0.992365 200.691 
0.991465 0.0407524 0.123844 4.73401 -0.0391782 0.999118 -0.0151202 -4.45966 -0.124351 0.0101392 0.992187 202.142 
0.991778 0.0374795 0.122363 4.88543 -0.0358415 0.999236 -0.0155609 -4.49398 -0.122852 0.0110473 0.992364 203.698 
0.991945 0.0373441 0.121044 5.04709 -0.0356437 0.999234 -0.0161833 -4.54132 -0.121555 0.0117385 0.992515 205.121 
0.991833 0.0387955 0.121497 5.16168 -0.036949 0.999165 -0.0174146 -4.57712 -0.122071 0.0127833 0.992439 206.53 
0.99193 0.0377454 0.12104 5.33764 -0.0358753 0.999201 -0.017593 -4.62132 -0.121608 0.0131087 0.992492 207.951 
0.99192 0.0385993 0.120851 5.47706 -0.0368233 0.999179 -0.0168954 -4.67197 -0.121404 0.0123087 0.992527 209.454 
0.992035 0.0376129 0.120216 5.63321 -0.0357468 0.999205 -0.0176427 -4.72143 -0.120784 0.0132048 0.992591 210.9 
0.991853 0.0391977 0.12121 5.7316 -0.0371618 0.999128 -0.0190123 -4.77776 -0.12185 0.014353 0.992445 212.232 
0.991723 0.0392111 0.12226 5.84033 -0.0370436 0.999114 -0.0199519 -4.79241 -0.122935 0.0152579 0.992298 213.588 
0.991844 0.0378245 0.12172 5.96197 -0.0356821 0.999168 -0.0197333 -4.85252 -0.122365 0.0152291 0.992368 214.996 
0.991628 0.0384254 0.123276 6.07385 -0.0361301 0.999131 -0.0208015 -4.90917 -0.123968 0.0161734 0.992154 216.51 
0.99152 0.0388645 0.124008 6.24365 -0.0366043 0.999121 -0.0204531 -4.98106 -0.124694 0.0157405 0.99207 217.961 
0.991384 0.0415289 0.124233 6.3759 -0.0391944 0.999007 -0.0211769 -5.04314 -0.12499 0.0161253 0.992027 219.387 
0.991456 0.0408361 0.123886 6.49351 -0.0384271 0.999024 -0.0217732 -5.09236 -0.124655 0.0168266 0.992058 220.857 
0.99133 0.0422692 0.124408 6.64781 -0.0397844 0.998957 -0.0223908 -5.13316 -0.125225 0.0172472 0.991979 222.353 
0.99122 0.0435316 0.124854 6.77569 -0.0410273 0.998903 -0.0225602 -5.1886 -0.125699 0.0172397 0.991919 223.813 
0.991248 0.0415631 0.125298 6.93194 -0.0390664 0.998987 -0.0223187 -5.2278 -0.126099 0.0172285 0.991868 225.228 
0.991305 0.0369209 0.126299 7.05144 -0.0345128 0.999179 -0.0212021 -5.3046 -0.126978 0.0166588 0.991766 226.713 
0.990934 0.0379098 0.128893 7.11856 -0.0357208 0.999176 -0.0192527 -5.38039 -0.129517 0.014474 0.991472 228.12 
0.990803 0.038272 0.12979 7.25111 -0.0361135 0.999168 -0.0189439 -5.43933 -0.130407 0.0140825 0.991361 229.559 
0.990691 0.0374721 0.130869 7.4036 -0.0352527 0.999193 -0.0192347 -5.49202 -0.131484 0.0144422 0.991213 231.075 
0.990723 0.0370047 0.130762 7.57802 -0.0346888 0.999199 -0.019945 -5.52888 -0.131395 0.015224 0.991213 232.512 
0.990591 0.0378029 0.131528 7.72734 -0.0356755 0.999192 -0.0184941 -5.59131 -0.132121 0.0136278 0.99114 233.956 
0.990588 0.0344015 0.132486 7.87364 -0.0325562 0.999341 -0.0160695 -5.6496 -0.132952 0.011605 0.991055 235.42 
0.989942 0.0378321 0.136325 7.96973 -0.0360132 0.999227 -0.0157841 -5.70805 -0.136817 0.0107159 0.990538 236.904 
0.989968 0.0362751 0.136554 8.15402 -0.0342501 0.999266 -0.0171496 -5.74412 -0.137076 0.0123006 0.990484 238.494 
0.989477 0.0399408 0.139066 8.31076 -0.0376729 0.999111 -0.0189032 -5.80086 -0.139698 0.0134652 0.990103 239.983 
0.989321 0.0408891 0.139901 8.48941 -0.0384902 0.999063 -0.0198111 -5.82043 -0.14058 0.0142147 0.989967 241.495 
0.989329 0.0419436 0.139534 8.7214 -0.0396325 0.999028 -0.0193012 -5.85866 -0.140208 0.0135652 0.990029 243.229 
0.989126 0.0397827 0.141588 8.84621 -0.0376119 0.999131 -0.0179757 -5.93224 -0.14218 0.0124549 0.989763 244.576 
0.989249 0.0413084 0.140285 9.06998 -0.0388502 0.999041 -0.0202175 -5.93901 -0.140986 0.0145501 0.989905 246.218 
0.988699 0.0459885 0.142685 9.25338 -0.0433967 0.998832 -0.0212247 -5.96404 -0.143494 0.0147928 0.989541 247.86 
0.988312 0.0480782 0.144662 9.40147 -0.0454646 0.998738 -0.0213203 -6.02639 -0.145505 0.0144941 0.989251 249.299 
0.988421 0.047736 0.14403 9.61295 -0.0452846 0.998769 -0.0202523 -6.09316 -0.14482 0.0134955 0.989366 250.789 
0.988421 0.0464455 0.144454 9.79553 -0.044057 0.998835 -0.0196912 -6.16136 -0.1452 0.013099 0.989316 252.276 
0.988208 0.0463354 0.145936 10.0083 -0.0438754 0.998836 -0.0200326 -6.18614 -0.146695 0.0133934 0.989091 253.849 
0.988015 0.0476996 0.146803 10.1922 -0.0452658 0.998777 -0.0198762 -6.23027 -0.147572 0.0129928 0.988966 255.392 
0.988426 0.0443381 0.145083 10.441 -0.0418682 0.998922 -0.0200347 -6.28793 -0.145815 0.0137285 0.989217 257.048 
0.98874 0.0405464 0.144048 10.6393 -0.038102 0.99908 -0.0196885 -6.35839 -0.144713 0.0139784 0.989375 258.456 
0.988636 0.0402757 0.144836 10.8368 -0.0379287 0.999101 -0.01893 -6.3888 -0.145469 0.0132215 0.989275 259.931 
0.988701 0.0357186 0.145581 11.0189 -0.0334919 0.999282 -0.0177184 -6.42295 -0.146109 0.0126425 0.989188 261.424 
0.988658 0.0352937 0.145976 11.2003 -0.032942 0.999286 -0.0184973 -6.48367 -0.146524 0.0134788 0.989115 262.865 
0.988478 0.0364929 0.1469 11.3732 -0.0341031 0.999242 -0.018754 -6.56211 -0.147473 0.0135282 0.988974 264.404 
0.988276 0.0401901 0.147292 11.6124 -0.0376007 0.999086 -0.0203231 -6.58594 -0.147974 0.0145466 0.988884 266.03 
0.987749 0.0428734 0.150045 11.7843 -0.0401784 0.998973 -0.0209478 -6.63547 -0.150789 0.0146627 0.988457 267.568 
0.987561 0.0433528 0.151143 11.9877 -0.0407264 0.998961 -0.0204306 -6.7172 -0.151872 0.014021 0.988301 269.047 
0.986962 0.0442189 0.154761 12.1206 -0.0415389 0.998926 -0.0205095 -6.78013 -0.155502 0.0138135 0.987739 270.523 
0.986218 0.0493813 0.157911 12.2757 -0.046422 0.998671 -0.0223762 -6.82336 -0.158807 0.0147372 0.9872 272.119 
0.985965 0.0512738 0.158882 12.4997 -0.0482621 0.998575 -0.0227586 -6.91844 -0.159823 0.0147713 0.987035 273.674 
0.985743 0.0517708 0.160094 12.7843 -0.0490194 0.998575 -0.0210901 -7.03455 -0.160957 0.0129418 0.986877 274.952 
0.984996 0.0610638 0.161416 13.0738 -0.0586431 0.998084 -0.0197229 -7.23292 -0.162311 0.00996105 0.986689 276.074 
0.984531 0.0628522 0.163547 13.2597 -0.0603924 0.997975 -0.0199739 -7.27392 -0.164471 0.009788 0.986333 277.641 
0.984153 0.065284 0.164869 13.4602 -0.0625508 0.997805 -0.021721 -7.30405 -0.165925 0.0110641 0.986076 279.214 
0.984274 0.0667839 0.163536 13.74 -0.0636333 0.997674 -0.0244348 -7.36875 -0.164787 0.0136443 0.986235 280.664 
0.984906 0.0603335 0.162236 14.0065 -0.0570828 0.998066 -0.0246285 -7.41941 -0.163408 0.0149959 0.986445 282.246 
0.985149 0.0597923 0.160953 14.2462 -0.0565597 0.998096 -0.0245952 -7.48182 -0.162117 0.0151266 0.986656 283.781 
0.985501 0.0614096 0.158169 14.4939 -0.0582842 0.998004 -0.0243271 -7.53593 -0.159347 0.0147556 0.987112 285.355 
0.985844 0.059342 0.156815 14.7456 -0.05612 0.998114 -0.0248987 -7.60218 -0.157997 0.0157458 0.987314 286.861 
0.986074 0.0603298 0.154978 14.9773 -0.0571273 0.998053 -0.0250397 -7.66204 -0.156187 0.0158376 0.987601 288.512 
0.986531 0.0576128 0.153091 15.2131 -0.05476 0.998239 -0.0227892 -7.74967 -0.154135 0.014099 0.987949 290.052 
0.98669 0.0569805 0.152305 15.4084 -0.0540738 0.998268 -0.0231626 -7.81105 -0.153361 0.0146186 0.988062 291.502 
0.986875 0.0544567 0.15203 15.5904 -0.0518553 0.998433 -0.0210268 -7.86329 -0.152936 0.0128673 0.988152 293.042 
0.986843 0.0573414 0.151173 15.7976 -0.0549227 0.998288 -0.0201295 -7.90017 -0.152069 0.0115618 0.988302 294.597 
0.98648 0.0567857 0.153731 15.8934 -0.0545061 0.998333 -0.0190059 -7.97728 -0.154554 0.0103697 0.98793 296.195 
0.986273 0.0547789 0.155769 16.0589 -0.0525007 0.998446 -0.0187048 -8.01383 -0.156552 0.0102701 0.987616 297.743 
0.986071 0.0547506 0.157053 16.2671 -0.0524035 0.998444 -0.0190496 -8.06974 -0.157852 0.0105541 0.987406 299.318 
0.986249 0.0530637 0.156515 16.5058 -0.0504855 0.998516 -0.0204049 -8.11609 -0.157365 0.0122227 0.987465 300.935 
0.986359 0.0515916 0.156313 16.7241 -0.0486672 0.998562 -0.0224807 -8.17856 -0.157248 0.0145668 0.987452 302.582 
0.986203 0.0508397 0.157543 16.8541 -0.0479976 0.99861 -0.0217947 -8.26463 -0.158432 0.0139324 0.987272 303.837 
0.986243 0.0514561 0.15709 16.9575 -0.0487063 0.998586 -0.0213065 -8.36753 -0.157964 0.0133622 0.987355 305.295 
0.986469 0.0529494 0.155165 17.1768 -0.0502549 0.998511 -0.0212393 -8.41313 -0.156059 0.0131541 0.98766 306.873 
0.986368 0.0537987 0.155511 17.3819 -0.0518671 0.998518 -0.0164549 -8.48265 -0.156166 0.00816467 0.987697 308.525 
0.985962 0.053176 0.158274 17.5483 -0.051715 0.998573 -0.0133376 -8.55143 -0.158757 0.00496523 0.987305 310.162 
0.986306 0.0496054 0.157286 17.7797 -0.0483675 0.998761 -0.0116901 -8.60344 -0.157671 0.00392253 0.987484 311.723 
0.986081 0.049037 0.158867 17.9792 -0.0476002 0.998784 -0.0128389 -8.64552 -0.159304 0.00509812 0.987216 313.372 
0.986248 0.0487046 0.157933 18.2369 -0.0471374 0.998795 -0.0136562 -8.66186 -0.158408 0.00602392 0.987355 315.017 
0.986348 0.0467949 0.157886 18.4701 -0.0455663 0.998896 -0.0113947 -8.73742 -0.158245 0.00404489 0.987392 316.603 
0.98558 0.0461714 0.162787 18.4558 -0.0450674 0.998929 -0.0104696 -8.77981 -0.163096 0.00298233 0.986606 317.912 
0.985316 0.0487163 0.163645 18.6302 -0.0472648 0.998801 -0.0127536 -8.79935 -0.16407 0.00483176 0.986437 319.44 
0.984957 0.0495269 0.16555 18.835 -0.0480982 0.998763 -0.01263 -8.85666 -0.165971 0.00447742 0.986121 321.045 
0.984301 0.0482568 0.169772 18.9034 -0.047069 0.998831 -0.0110164 -8.89621 -0.170106 0.00285248 0.985422 322.483 
0.984531 0.0468802 0.168822 19.168 -0.0457849 0.998897 -0.0103767 -8.93039 -0.169122 0.00248671 0.985592 324.13 
0.984 0.0499417 0.171027 19.3212 -0.0482761 0.998738 -0.0138863 -8.93361 -0.171505 0.00540762 0.985169 325.543 
0.983319 0.0533405 0.17389 19.4307 -0.0516598 0.998564 -0.0141804 -9.00507 -0.174397 0.00496075 0.984663 327.054 
0.983441 0.053025 0.1733 19.6866 -0.0511199 0.998573 -0.0154409 -9.07408 -0.173872 0.00632617 0.984748 328.735 
0.983301 0.0568566 0.172876 19.9708 -0.0543949 0.99834 -0.018948 -9.11843 -0.173667 0.009228 0.984761 330.276 
0.982975 0.05761 0.174474 20.1304 -0.0553328 0.998308 -0.0178919 -9.18867 -0.175209 0.00793316 0.984499 331.752 
0.982949 0.058987 0.174163 20.4002 -0.0572727 0.998248 -0.0148567 -9.23335 -0.174734 0.00462864 0.984605 333.468 
0.982722 0.0592884 0.175333 20.6215 -0.0582819 0.998241 -0.0108883 -9.29532 -0.17567 0.000481464 0.984449 335.143 
0.982424 0.0613542 0.176294 20.8286 -0.0602038 0.998116 -0.0118714 -9.34386 -0.17669 0.00104919 0.984266 336.629 
0.982551 0.0628774 0.175043 21.0668 -0.0613469 0.998016 -0.0141462 -9.3804 -0.175585 0.00316111 0.984459 338.154 
0.982918 0.0615012 0.173465 21.3318 -0.0604062 0.998107 -0.0115893 -9.45881 -0.173849 0.000913017 0.984772 339.754 
0.982838 0.0618799 0.173784 21.5253 -0.060792 0.998083 -0.0115808 -9.48238 -0.174168 0.000817424 0.984716 341.225 
0.982859 0.0622158 0.173545 21.7497 -0.0609319 0.998061 -0.0127206 -9.52662 -0.174 0.00192817 0.984744 342.758 
0.983395 0.0563808 0.172497 21.9408 -0.0552708 0.998408 -0.0112346 -9.64 -0.172856 0.00151399 0.984946 344.143 
0.983654 0.0549759 0.171472 22.1977 -0.0536463 0.998483 -0.0123815 -9.67261 -0.171893 0.00298033 0.985111 345.649 
0.983387 0.0553177 0.172886 22.3686 -0.0539679 0.998464 -0.0125014 -9.70954 -0.173312 0.00296352 0.984863 347.233 
0.983649 0.0537568 0.171886 22.6366 -0.0521797 0.998544 -0.0136838 -9.75428 -0.172372 0.00449109 0.985022 348.853 
0.983445 0.0568054 0.172075 22.8985 -0.0551006 0.998373 -0.0146714 -9.8193 -0.172629 0.00494709 0.984975 350.431 
0.983606 0.0559622 0.171428 23.2106 -0.0544866 0.998426 -0.013304 -9.87315 -0.171902 0.00374538 0.985107 352.18 
0.983578 0.057344 0.171134 23.4458 -0.0557358 0.998345 -0.0141909 -9.92171 -0.171664 0.00441964 0.985146 353.754 
0.983389 0.0550982 0.172949 23.6502 -0.053145 0.99846 -0.0159073 -9.9534 -0.173559 0.00645169 0.984802 355.358 
0.983531 0.0538833 0.172522 23.9031 -0.0521074 0.998532 -0.0148087 -10.002 -0.173067 0.00557518 0.984894 356.981 
0.983688 0.0537677 0.171658 24.1566 -0.0519411 0.998536 -0.0151177 -10.028 -0.172219 0.00595508 0.985041 358.599 
0.983433 0.0550494 0.172714 24.3593 -0.0531103 0.998463 -0.0158315 -10.0759 -0.17332 0.00639632 0.984845 360.144 
0.983379 0.0554156 0.1729 24.6091 -0.0531552 0.99843 -0.0176798 -10.1023 -0.173608 0.00819544 0.984781 361.702 
0.983315 0.0575558 0.172568 24.8571 -0.0555053 0.998319 -0.0166878 -10.1574 -0.173239 0.00683097 0.984856 363.231 
0.983592 0.0557985 0.171563 25.1023 -0.0539308 0.998424 -0.0155318 -10.2245 -0.172159 0.00602449 0.985051 364.754 
0.983514 0.0576147 0.171408 25.3833 -0.0557052 0.99832 -0.0159328 -10.2736 -0.172038 0.00612183 0.985071 366.377 
0.983814 0.0571409 0.16984 25.6852 -0.0548656 0.99833 -0.0180637 -10.312 -0.170588 0.00845296 0.985306 368.033 
0.983397 0.0587288 0.1717 25.9068 -0.0563409 0.998236 -0.0187513 -10.3497 -0.172498 0.00876632 0.984971 369.635 
0.983256 0.0586229 0.172542 26.1509 -0.0563524 0.998248 -0.0180322 -10.4379 -0.173297 0.00800712 0.984837 371.288 
0.983306 0.0596499 0.171905 26.4245 -0.0571603 0.998177 -0.0194008 -10.4677 -0.172749 0.00925079 0.984923 372.854 
0.98251 0.063668 0.174988 26.6173 -0.0610863 0.99793 -0.0201059 -10.5289 -0.175906 0.0090649 0.984365 374.445 
0.982331 0.0639311 0.175894 26.8718 -0.0611489 0.997904 -0.0211975 -10.5712 -0.17688 0.0100673 0.984181 376.079 
0.982447 0.0677271 0.173811 27.1696 -0.0644115 0.997619 -0.0246527 -10.6015 -0.175067 0.0130247 0.984471 377.67 
0.982232 0.067845 0.174979 27.4122 -0.0648144 0.997633 -0.0229835 -10.6757 -0.176124 0.011234 0.984304 379.296 
0.982529 0.0646594 0.174519 27.701 -0.0620764 0.997867 -0.0202241 -10.7852 -0.175454 0.00903729 0.984446 380.94 
0.982402 0.066503 0.17454 27.9909 -0.0633674 0.997714 -0.0234832 -10.7923 -0.175702 0.0120098 0.98437 382.506 
0.982446 0.0640489 0.17521 28.2355 -0.0604009 0.997833 -0.02608 -10.8252 -0.176501 0.0150394 0.984186 384.062 
0.982196 0.0658264 0.175947 28.438 -0.0622207 0.997725 -0.0259376 -10.8807 -0.177255 0.0145282 0.984058 385.574 
0.982735 0.0636404 0.17373 28.7733 -0.0596963 0.997828 -0.0278393 -10.873 -0.175124 0.0169877 0.9844 387.244 
0.983506 0.0548346 0.172365 29.0753 -0.0508334 0.998327 -0.0275453 -10.9534 -0.173587 0.0183291 0.984648 388.972 
0.984211 0.0510806 0.169467 29.3834 -0.0474619 0.998552 -0.0253388 -11.0683 -0.170516 0.0168955 0.98521 390.469 
0.984193 0.048123 0.170437 29.6541 -0.0445796 0.998704 -0.0245584 -11.1559 -0.171398 0.0165722 0.985062 392.079 
0.984613 0.0439534 0.169131 29.8998 -0.0406688 0.998912 -0.0228374 -11.2271 -0.16995 0.0156077 0.985329 393.452 
0.984247 0.0450007 0.170979 30.1369 -0.0417124 0.99887 -0.0227776 -11.253 -0.171811 0.0152868 0.985011 395.088 
0.984029 0.0404942 0.17334 30.3433 -0.0372721 0.999067 -0.0218041 -11.3266 -0.174061 0.0149952 0.984621 396.647 
0.984075 0.0394872 0.173313 30.6283 -0.0359801 0.99908 -0.0233321 -11.3863 -0.174075 0.0167248 0.98459 398.336 
