1 2.12261e-08 -2.11895e-08 0 2.12261e-08 1 2.10703e-08 0 -2.11895e-08 2.10703e-08 1 0 
0.999997 -0.00177024 -0.00154532 -0.0151296 0.0017691 0.999998 -0.000766311 -0.009763 0.00154664 0.000763618 0.999999 0.580039 
0.999997 -0.00235629 -0.00121895 -0.0666631 0.00235424 0.999996 -0.00171908 -0.0268917 0.00122295 0.00171625 0.999998 1.13385 
0.999992 -0.00265829 -0.00288627 -0.0956056 0.00265134 0.999994 -0.00242333 -0.0509728 0.00289265 0.0024157 0.999993 1.67877 
0.999981 -0.00483017 -0.00380643 -0.126023 0.00481464 0.99998 -0.00408935 -0.0641874 0.00382606 0.00407099 0.999984 2.21912 
0.999963 -0.00702695 -0.00492633 -0.144519 0.00699347 0.999953 -0.00679042 -0.0531076 0.00497377 0.00675576 0.999965 2.75766 
0.999931 -0.00934702 -0.00708155 -0.140077 0.00930385 0.999938 -0.0061104 -0.099511 0.00713818 0.00604413 0.999956 3.33624 
0.999935 -0.00890705 -0.00715071 -0.181704 0.00886063 0.99994 -0.0065035 -0.0933495 0.00720817 0.00643976 0.999953 3.86138 
0.99992 -0.00969393 -0.00814366 -0.201956 0.00964108 0.999932 -0.00650842 -0.117819 0.00820616 0.00642943 0.999946 4.44608 
0.99993 -0.00809012 -0.00859525 -0.229897 0.00800784 0.999922 -0.00956948 -0.119386 0.00867196 0.00950002 0.999917 5.05295 
0.999947 -0.00560747 -0.0085896 -0.302373 0.00549016 0.999892 -0.0136258 -0.125093 0.00866503 0.013578 0.99987 5.64524 
0.999932 -0.00519078 -0.0104148 -0.316905 0.00501741 0.99985 -0.0166083 -0.150052 0.0104994 0.0165549 0.999808 6.2418 
0.999926 -0.0036851 -0.011605 -0.327162 0.0034906 0.999854 -0.0167398 -0.162209 0.011665 0.0166981 0.999793 6.87018 
0.999922 -0.000390476 -0.0124603 -0.35602 0.00025707 0.999943 -0.0107097 -0.176322 0.0124637 0.0107058 0.999865 7.51183 
0.999917 0.000522055 -0.0128925 -0.399019 -0.000526842 1 -0.000371198 -0.183874 0.0128922 0.000378002 0.999917 8.17311 
0.999918 0.00369063 -0.0122739 -0.458583 -0.00362125 0.999977 0.00566672 -0.197062 0.0122944 -0.00562177 0.999909 8.83389 
0.999878 0.00499255 -0.014803 -0.459913 -0.00491886 0.999975 0.00500756 -0.220037 0.0148276 -0.00493409 0.999878 9.49156 
0.999859 0.00794824 -0.0147971 -0.487768 -0.00796496 0.999968 -0.0010739 -0.246618 0.0147881 0.00119165 0.99989 10.1743 
0.999855 0.00818139 -0.0149542 -0.542843 -0.0082866 0.999941 -0.00699019 -0.247672 0.0148961 0.00711313 0.999864 10.8429 
0.999886 0.00526431 -0.0141639 -0.623865 -0.00533758 0.999973 -0.00514287 -0.255276 0.0141364 0.00521793 0.999887 11.5311 
0.999879 0.00457189 -0.0148993 -0.633107 -0.00448781 0.999974 0.00566887 -0.284286 0.0149247 -0.00560128 0.999873 12.2788 
0.999876 0.00469474 -0.0150434 -0.66933 -0.00450205 0.999908 0.0128144 -0.286634 0.0151021 -0.012745 0.999805 13.0301 
0.999876 0.00513458 -0.014905 -0.710622 -0.00489738 0.999862 0.0159042 -0.293583 0.0149845 -0.0158292 0.999762 13.7732 
0.999868 0.00228396 -0.0160727 -0.726859 -0.00202756 0.999871 0.0159481 -0.303937 0.016107 -0.0159134 0.999744 14.5681 
0.999879 0.00139914 -0.0154955 -0.758948 -0.00117983 0.999899 0.0141504 -0.319764 0.0155137 -0.0141304 0.99978 15.3991 
0.999881 0.00436415 -0.014816 -0.795952 -0.00422557 0.999947 0.00936851 -0.298371 0.0148561 -0.00930475 0.999846 16.2436 
0.999905 -9.63985e-05 -0.0137611 -0.824876 0.000138247 0.999995 0.00303706 -0.285179 0.0137607 -0.00303863 0.999901 17.0454 
0.999912 -0.00132217 -0.0132088 -0.846719 0.00128915 0.999996 -0.00251063 -0.290139 0.013212 0.00249343 0.99991 17.8903 
0.999926 0.00113665 -0.0121018 -0.866734 -0.00123376 0.999967 -0.00802421 -0.305394 0.0120922 0.00803859 0.999895 18.7631 
0.999918 9.59114e-05 -0.0128264 -0.874636 -0.000223365 0.999951 -0.00993908 -0.301479 0.0128247 0.00994117 0.999868 19.6647 
0.999899 -0.00087829 -0.0142213 -0.87375 0.000747811 0.999958 -0.00918057 -0.321833 0.0142287 0.00916905 0.999857 20.5765 
0.999871 0.000293421 -0.0160394 -0.884352 -0.000463807 0.999944 -0.0106229 -0.334874 0.0160353 0.010629 0.999815 21.5272 
0.999882 0.00333615 -0.0150026 -0.93143 -0.00352986 0.999911 -0.0129067 -0.349881 0.0149581 0.0129582 0.999804 22.4578 
0.999847 0.00773676 -0.0156883 -0.96221 -0.00795164 0.999875 -0.0136833 -0.360231 0.0155804 0.013806 0.999783 23.4099 
0.999827 0.010068 -0.0156199 -1.01483 -0.0102824 0.999853 -0.0137109 -0.382229 0.0154796 0.0138691 0.999784 24.4217 
0.999817 0.0114362 -0.0153234 -1.04922 -0.0116488 0.999836 -0.0138632 -0.405539 0.0151623 0.0140393 0.999787 25.3918 
0.999822 0.00965592 -0.0161961 -1.05847 -0.00988436 0.999852 -0.0140871 -0.425472 0.0160576 0.0142447 0.99977 26.3654 
0.999807 0.0104487 -0.0166306 -1.09776 -0.0106674 0.999857 -0.013122 -0.462182 0.016491 0.0132969 0.999776 27.3665 
0.999768 0.0123428 -0.0176721 -1.11558 -0.0125459 0.999856 -0.0114322 -0.481879 0.0175284 0.0116513 0.999779 28.3753 
0.99977 0.0119242 -0.0178496 -1.15688 -0.0121079 0.999874 -0.0102236 -0.513628 0.0177254 0.0104374 0.999788 29.4017 
0.999747 0.0119016 -0.0190784 -1.17613 -0.0121251 0.999859 -0.011645 -0.530741 0.0189371 0.0118734 0.99975 30.4316 
0.999737 0.0127654 -0.0190287 -1.22964 -0.0129881 0.999848 -0.011632 -0.562905 0.0188772 0.0118761 0.999751 31.4652 
0.999755 0.0105606 -0.0194329 -1.28552 -0.0107785 0.99988 -0.0111446 -0.586735 0.0193128 0.0113514 0.999749 32.5002 
0.999704 0.0120722 -0.0211123 -1.32632 -0.0122499 0.99989 -0.00830799 -0.611443 0.0210097 0.0085642 0.999743 33.5393 
0.999694 0.0123511 -0.0214407 -1.37462 -0.0124333 0.999916 -0.00370924 -0.63306 0.021393 0.00397473 0.999763 34.5826 
0.999681 0.0117469 -0.0223673 -1.4072 -0.0117809 0.99993 -0.00139075 -0.656769 0.0223494 0.00165385 0.999749 35.6594 
0.999645 0.0115762 -0.0239804 -1.43222 -0.0116325 0.99993 -0.00221102 -0.65815 0.0239531 0.00248923 0.99971 36.7405 
0.999616 0.0120675 -0.0249653 -1.47399 -0.0121764 0.999917 -0.00421751 -0.671964 0.0249123 0.00451992 0.999679 37.8365 
0.99959 0.0154786 -0.0240924 -1.5474 -0.0156193 0.999862 -0.00566657 -0.670559 0.0240013 0.0060406 0.999694 38.8815 
0.999586 0.0148735 -0.0246449 -1.60005 -0.015006 0.999874 -0.00520059 -0.679838 0.0245644 0.0055683 0.999683 39.9565 
0.999506 0.0183208 -0.0255503 -1.64653 -0.0184115 0.999825 -0.00332136 -0.697148 0.0254849 0.00379018 0.999668 41.0184 
0.999492 0.0197459 -0.0249989 -1.70592 -0.0197903 0.999803 -0.00153244 -0.714333 0.0249637 0.00202645 0.999686 42.1107 
0.999452 0.0216492 -0.0250368 -1.7539 -0.0217007 0.999763 -0.00178658 -0.742867 0.0249922 0.00232896 0.999685 43.1421 
0.999403 0.0230314 -0.0257386 -1.79483 -0.0231792 0.999716 -0.00546121 -0.777917 0.0256055 0.0060546 0.999654 44.1332 
0.99936 0.0244646 -0.0261093 -1.84043 -0.0247204 0.999649 -0.0095216 -0.804567 0.0258672 0.010161 0.999614 45.2275 
0.999317 0.0266343 -0.0256147 -1.91024 -0.0269197 0.999579 -0.0108631 -0.806048 0.0253146 0.0115453 0.999613 46.2582 
0.999276 0.0281251 -0.0256082 -1.96497 -0.0283544 0.999561 -0.00864019 -0.830949 0.0253539 0.00936008 0.999635 47.3117 
0.999311 0.0274796 -0.0249515 -2.01177 -0.0276355 0.999601 -0.00592647 -0.867462 0.0247786 0.00661197 0.999671 48.3479 
0.999354 0.0257581 -0.0250697 -2.06021 -0.0258742 0.999656 -0.00431711 -0.902262 0.0249498 0.00496302 0.999676 49.4603 
0.999317 0.0274202 -0.0247693 -2.12076 -0.0275605 0.999606 -0.0053396 -0.933954 0.0246131 0.00601865 0.999679 50.5398 
0.999393 0.0242772 -0.0250032 -2.16438 -0.0244594 0.999676 -0.00700839 -0.957878 0.0248249 0.00761574 0.999663 51.6318 
0.999443 0.0230306 -0.0241594 -2.22278 -0.02327 0.999682 -0.00967548 -0.969668 0.0239289 0.0102323 0.999661 52.7232 
0.999498 0.0222013 -0.0225826 -2.31138 -0.02248 0.999673 -0.012167 -0.991035 0.0223051 0.0126686 0.999671 53.8207 
0.999508 0.0213578 -0.0229928 -2.33584 -0.0217145 0.999646 -0.0153832 -1.02142 0.0226561 0.015875 0.999617 54.9029 
0.999547 0.0201681 -0.0223607 -2.38642 -0.020541 0.999652 -0.0165778 -1.06601 0.0220185 0.0170296 0.999613 56.0033 
0.999603 0.0176795 -0.0219408 -2.43403 -0.0179917 0.999739 -0.0141161 -1.09336 0.0216855 0.0145053 0.99966 57.0955 
0.999598 0.018105 -0.0218273 -2.47126 -0.0182968 0.999795 -0.00862119 -1.11099 0.0216667 0.00901714 0.999725 58.2374 
0.999608 0.0170104 -0.0222549 -2.47725 -0.0170507 0.999853 -0.00162413 -1.15639 0.022224 0.002003 0.999751 59.3134 
0.999634 0.0148311 -0.0226296 -2.52471 -0.0148605 0.999889 -0.00113337 -1.17023 0.0226102 0.00146929 0.999743 60.3792 
0.999702 0.0103133 -0.0221204 -2.55784 -0.0104148 0.999936 -0.00448069 -1.21231 0.0220727 0.00470977 0.999745 61.5144 
0.999719 0.00763117 -0.0224611 -2.60793 -0.00778211 0.999948 -0.00664189 -1.2771 0.0224091 0.00681486 0.999726 62.558 
0.999694 0.0104859 -0.0224104 -2.66413 -0.0107234 0.999887 -0.0105062 -1.30817 0.0222977 0.0107433 0.999694 63.6284 
0.999691 0.0112818 -0.0221536 -2.70858 -0.0116106 0.999824 -0.0147691 -1.32628 0.021983 0.0150218 0.999646 64.6659 
0.999655 0.0160088 -0.0208134 -2.76292 -0.0163244 0.999753 -0.0150839 -1.38401 0.0205667 0.0154185 0.99967 65.7518 
0.999582 0.0200581 -0.0208044 -2.79986 -0.0202936 0.999732 -0.0111732 -1.43286 0.0205747 0.0115908 0.999721 66.8958 
0.999593 0.0202454 -0.0201254 -2.87009 -0.0204526 0.999739 -0.0101433 -1.44252 0.0199148 0.0105508 0.999746 67.9982 
0.999562 0.0212544 -0.0205991 -2.88324 -0.0214489 0.999727 -0.00926841 -1.47527 0.0203965 0.00970622 0.999745 69.0278 
0.999612 0.0193862 -0.0199973 -2.95192 -0.0195728 0.999766 -0.00918079 -1.50716 0.0198146 0.00956868 0.999758 70.1304 
0.999637 0.017779 -0.020251 -3.00817 -0.0179442 0.999807 -0.00800605 -1.53374 0.0201047 0.00836657 0.999763 71.2231 
0.999635 0.0156184 -0.0220458 -2.99884 -0.0157594 0.999856 -0.00623762 -1.56285 0.0219452 0.00658281 0.999738 72.3006 
0.999613 0.0135811 -0.0242981 -3.01624 -0.0136953 0.999896 -0.00454379 -1.58836 0.0242338 0.00487484 0.999694 73.416 
0.999589 0.0136903 -0.0251826 -3.06325 -0.0138288 0.99989 -0.00533206 -1.62566 0.0251068 0.00567816 0.999669 74.507 
0.999567 0.0144389 -0.0256255 -3.11737 -0.014662 0.999856 -0.00854157 -1.66467 0.0254984 0.00891364 0.999635 75.5981 
0.999539 0.0156277 -0.0260263 -3.17995 -0.0158965 0.999822 -0.0101578 -1.70234 0.0258629 0.0105668 0.99961 76.6974 
0.999489 0.0167774 -0.0272015 -3.22595 -0.0170157 0.999819 -0.00855429 -1.7394 0.027053 0.00901282 0.999593 77.7893 
0.999479 0.017636 -0.0270186 -3.27809 -0.0177545 0.999834 -0.00415465 -1.78014 0.0269408 0.00463223 0.999626 78.7808 
0.999438 0.0184372 -0.0279812 -3.3145 -0.0184263 0.99983 0.000645794 -1.80661 0.0279883 -0.000129799 0.999608 79.9027 
0.999395 0.020255 -0.0282654 -3.38481 -0.0202173 0.999794 0.00161764 -1.84383 0.0282923 -0.00104517 0.999599 80.9463 
0.999448 0.0190794 -0.0272022 -3.48692 -0.0190718 0.999818 0.000536331 -1.88868 0.0272074 -1.71973e-05 0.99963 81.9458 
0.999431 0.020955 -0.0264395 -3.5841 -0.02095 0.99978 0.000464006 -1.92885 0.0264434 9.02088e-05 0.99965 83.0043 
0.999427 0.0199669 -0.0273181 -3.63615 -0.0199534 0.999801 0.000762812 -1.96897 0.0273278 -0.000217244 0.999627 84.0193 
0.999452 0.0203442 -0.0261156 -3.724 -0.0203011 0.999792 0.00191077 -2.00672 0.026149 -0.0013795 0.999657 85.0374 
0.999445 0.0201485 -0.0265331 -3.77795 -0.0200874 0.999795 0.00256568 -2.01948 0.0265793 -0.00203123 0.999645 86.0595 
0.999456 0.0200206 -0.0261964 -3.84206 -0.0199046 0.999791 0.00468129 -2.03787 0.0262846 -0.00415727 0.999646 87.0529 
0.999457 0.0201914 -0.0260243 -3.90038 -0.0200591 0.999785 0.00533581 -2.06376 0.0261264 -0.00481085 0.999647 87.9945 
0.999411 0.0176158 -0.0294662 -3.91434 -0.0174673 0.999833 0.00528833 -2.06389 0.0295544 -0.00477047 0.999552 89 
0.99932 0.0172156 -0.0325981 -3.95746 -0.0170752 0.999844 0.00457681 -2.09352 0.0326717 -0.00401704 0.999458 89.9444 
0.99919 0.0176864 -0.0361536 -4.0024 -0.0175799 0.99984 0.00326179 -2.09811 0.0362055 -0.00262353 0.999341 90.8837 
0.999096 0.0177194 -0.0386493 -4.06293 -0.017598 0.999839 0.00347816 -2.11317 0.0387047 -0.00279482 0.999247 91.7696 
0.998933 0.0183886 -0.0423611 -4.09778 -0.0182285 0.999825 0.00416203 -2.12714 0.0424302 -0.00338537 0.999094 92.6831 
0.998808 0.0194659 -0.0447557 -4.1695 -0.019268 0.999803 0.00484815 -2.14876 0.0448412 -0.00397997 0.998986 93.5258 
0.998635 0.0241691 -0.0463005 -4.25273 -0.0239044 0.999695 0.00626089 -2.16623 0.0464376 -0.00514552 0.998908 94.3643 
0.998508 0.0256375 -0.0482156 -4.30757 -0.0253292 0.999655 0.00699465 -2.18319 0.0483783 -0.00576291 0.998813 95.1483 
0.998439 0.0271728 -0.0487901 -4.41695 -0.0267793 0.999604 0.00869901 -2.22276 0.0490071 -0.00737883 0.998771 95.8496 
0.998256 0.0290191 -0.0514048 -4.4787 -0.0286743 0.999561 0.00743121 -2.23305 0.0515978 -0.00594421 0.99865 96.5515 
0.998093 0.0310069 -0.0533788 -4.55415 -0.030884 0.999518 0.00312639 -2.23997 0.05345 -0.00147183 0.998569 97.2064 
0.99795 0.0324713 -0.0551583 -4.60479 -0.0325495 0.99947 -0.000519897 -2.2504 0.0551121 0.00231425 0.998478 97.8526 
0.997848 0.0339313 -0.0561073 -4.68399 -0.0342818 0.999398 -0.00529684 -2.21842 0.0558938 0.00720894 0.998411 98.4858 
0.997671 0.0360258 -0.0579215 -4.73277 -0.0364484 0.999316 -0.00625754 -2.2389 0.0576564 0.00835415 0.998302 99.1199 
0.997634 0.0391325 -0.0565185 -4.78749 -0.0395327 0.9992 -0.0059809 -2.24867 0.0562393 0.00820112 0.998384 99.7327 
0.997669 0.0417686 -0.0539665 -4.82619 -0.0421215 0.999098 -0.00541773 -2.24785 0.0536915 0.00767829 0.998528 100.309 
0.997782 0.0444731 -0.0495268 -4.84806 -0.0447416 0.998989 -0.00432595 -2.26365 0.0492843 0.0065323 0.998763 100.843 
0.998141 0.045459 -0.0406049 -4.90552 -0.0456171 0.998955 -0.00297526 -2.26722 0.0404272 0.00482205 0.999171 101.389 
0.998504 0.0454345 -0.0304345 -4.94062 -0.0454749 0.998965 -0.000636884 -2.27371 0.030374 0.00201998 0.999537 101.861 
0.998766 0.046184 -0.0182758 -4.95924 -0.0461932 0.998933 -8.69087e-05 -2.27823 0.0182522 0.00093106 0.999833 102.356 
0.998978 0.0449936 -0.0043148 -4.97475 -0.0449943 0.998987 -8.5423e-05 -2.29614 0.00430654 0.000279518 0.999991 102.811 
0.998915 0.0450597 0.0117382 -4.97415 -0.0450492 0.998984 -0.00115755 -2.31326 -0.0117784 0.000627545 0.99993 103.277 
0.998569 0.044252 0.0300253 -4.96857 -0.0441212 0.999014 -0.00500097 -2.31932 -0.030217 0.0036691 0.999537 103.685 
0.997717 0.0436995 0.0514917 -4.95525 -0.0432718 0.999019 -0.00939247 -2.33633 -0.0518517 0.00714293 0.998629 104.072 
0.996251 0.0420949 0.0755817 -4.91677 -0.0410737 0.999043 -0.0150158 -2.34802 -0.0761416 0.0118551 0.997027 104.468 
0.993966 0.0405607 0.101917 -4.85191 -0.0388129 0.999064 -0.0190742 -2.35263 -0.102595 0.0150035 0.99461 104.844 
0.990352 0.0381819 0.133211 -4.81539 -0.0357153 0.999144 -0.0208579 -2.36259 -0.133894 0.015899 0.990868 105.198 
0.985556 0.0366829 0.165327 -4.72488 -0.033179 0.999164 -0.0239065 -2.36756 -0.166066 0.0180759 0.985949 105.58 
0.978961 0.0344825 0.201112 -4.62947 -0.0297188 0.999203 -0.0266587 -2.37186 -0.201871 0.020121 0.979206 105.941 
0.970256 0.0298495 0.240234 -4.52605 -0.0239786 0.999339 -0.0273246 -2.40648 -0.240891 0.0207514 0.97033 106.304 
0.959749 0.0273625 0.279522 -4.3904 -0.020434 0.999408 -0.0276714 -2.43511 -0.280114 0.0208459 0.95974 106.604 
0.946368 0.0287605 0.321809 -4.28467 -0.0201799 0.999347 -0.0299682 -2.45394 -0.322461 0.0218668 0.94633 106.917 
0.930101 0.0305464 0.366032 -4.14831 -0.0204794 0.999299 -0.0313551 -2.47263 -0.366733 0.0216673 0.930074 107.211 
0.911021 0.031029 0.411192 -4.00326 -0.0203614 0.999334 -0.0302988 -2.49161 -0.411858 0.0192304 0.911045 107.518 
0.889551 0.0304677 0.455819 -3.85179 -0.0185146 0.999358 -0.0306665 -2.50215 -0.456461 0.0188401 0.889544 107.794 
0.865697 0.0279822 0.499786 -3.6813 -0.0140287 0.9994 -0.031655 -2.52875 -0.500372 0.0203923 0.86557 108.035 
0.839694 0.0286389 0.542305 -3.48664 -0.0120323 0.999345 -0.0341442 -2.55135 -0.542927 0.0221456 0.839488 108.27 
0.810262 0.0307991 0.585257 -3.28245 -0.0106841 0.999229 -0.0377924 -2.5804 -0.58597 0.0243689 0.809966 108.539 
0.777613 0.0361305 0.627704 -3.06831 -0.01155 0.999 -0.0431938 -2.59749 -0.628637 0.0263382 0.777253 108.801 
0.742513 0.0419369 0.668517 -2.82523 -0.0131381 0.998758 -0.0480609 -2.61413 -0.669703 0.0269028 0.742142 109.039 
0.704915 0.0466859 0.707754 -2.56116 -0.0129576 0.998513 -0.0529596 -2.61104 -0.709173 0.0281613 0.704471 109.233 
0.663573 0.0469434 0.746637 -2.285 -0.0111429 0.998539 -0.052878 -2.65181 -0.748029 0.0267687 0.663126 109.451 
0.62075 0.0447887 0.782728 -1.98904 -0.00707984 0.998646 -0.0515291 -2.67268 -0.783976 0.0264451 0.620227 109.646 
0.575711 0.0427581 0.816535 -1.665 -0.00319448 0.998742 -0.0500471 -2.68886 -0.817647 0.0262042 0.575123 109.829 
0.527902 0.0413497 0.848298 -1.37021 -0.00332029 0.998907 -0.0466247 -2.72563 -0.849299 0.0217967 0.527463 109.979 
0.478564 0.0388626 0.877192 -1.05574 -0.00042275 0.99903 -0.0440298 -2.74681 -0.878052 0.0207003 0.478117 110.126 
0.426696 0.0344822 0.903737 -0.719459 0.000334648 0.999267 -0.0382851 -2.8012 -0.904395 0.0166386 0.426372 110.25 
0.37352 0.0349938 0.926962 -0.368721 -0.000243813 0.999292 -0.037626 -2.81187 -0.927622 0.0138281 0.373264 110.382 
0.322332 0.0404321 0.945763 -0.0114417 -0.00280474 0.999124 -0.0417573 -2.82335 -0.946623 0.0108071 0.322163 110.47 
0.272064 0.0448102 0.961235 0.365467 -0.000197542 0.998918 -0.0465109 -2.85069 -0.962279 0.012464 0.271778 110.535 
0.22429 0.0469823 0.973389 0.776808 0.00156069 0.998819 -0.0485692 -2.87771 -0.974521 0.0124128 0.223952 110.607 
0.182924 0.0469025 0.982008 1.23719 0.00983334 0.998724 -0.0495326 -2.89219 -0.983078 0.0187171 0.182229 110.676 
0.147739 0.0462352 0.987945 1.64623 0.0200064 0.998563 -0.0497239 -2.92204 -0.988824 0.0271113 0.146601 110.716 
0.116592 0.0473351 0.992051 2.07757 0.0229311 0.998469 -0.0503363 -2.95308 -0.992915 0.0286176 0.115328 110.744 
0.0893544 0.0452287 0.994972 2.53332 0.0243031 0.998572 -0.0475749 -2.96711 -0.995703 0.0284319 0.0881276 110.757 
0.0643968 0.0422499 0.99703 3.07747 0.0199556 0.998849 -0.0436159 -2.97398 -0.997725 0.022705 0.0634796 110.789 
0.0407937 0.0384245 0.998429 3.58001 0.0151699 0.999121 -0.0390709 -2.99844 -0.999052 0.0167399 0.040175 110.802 
0.0170552 0.0363998 0.999192 4.07602 0.0204195 0.999116 -0.0367455 -3.02371 -0.999646 0.0210297 0.0162968 110.82 
-0.00301746 0.0371524 0.999305 4.58774 0.0265695 0.99896 -0.0370593 -3.06267 -0.999642 0.0264392 -0.00400144 110.798 
-0.020277 0.0393752 0.999019 5.14349 0.0309904 0.998769 -0.0387363 -3.09863 -0.999314 0.0301745 -0.0214722 110.783 
-0.0340305 0.0453769 0.99839 5.7706 0.0333639 0.998464 -0.044243 -3.10785 -0.998864 0.0318045 -0.0354922 110.786 
-0.0454465 0.0501969 0.997705 6.41162 0.0309988 0.998327 -0.0488161 -3.12863 -0.998486 0.0287092 -0.0469264 110.802 
-0.0517418 0.050543 0.997381 6.96827 0.031931 0.998292 -0.0489326 -3.15533 -0.99815 0.0293155 -0.0532673 110.761 
-0.0547116 0.0480781 0.997344 7.63553 0.0389389 0.998183 -0.0459824 -3.1831 -0.997743 0.0363197 -0.0564843 110.755 
-0.0543398 0.0460709 0.997459 8.29334 0.0394382 0.998255 -0.0439591 -3.22732 -0.997743 0.0369493 -0.0560619 110.721 
-0.0520291 0.0461812 0.997577 8.99383 0.0392064 0.998255 -0.0441677 -3.25909 -0.997876 0.0368134 -0.0537488 110.704 
-0.0502473 0.046819 0.997639 9.65337 0.0355587 0.998351 -0.0450615 -3.28263 -0.998104 0.0332105 -0.0518293 110.67 
-0.0487279 0.0472521 0.997694 10.3899 0.033109 0.998408 -0.0456689 -3.34518 -0.998263 0.0308072 -0.0502148 110.653 
-0.047099 0.0482812 0.997723 11.1032 0.0334136 0.998348 -0.0467341 -3.38199 -0.998331 0.0311364 -0.0486345 110.626 
-0.0461027 0.0473698 0.997813 11.8875 0.03328 0.998393 -0.0458597 -3.4439 -0.998382 0.031093 -0.0476051 110.603 
-0.0457833 0.0460036 0.997892 12.6422 0.0328072 0.998469 -0.044525 -3.4824 -0.998413 0.0306995 -0.0472225 110.584 
-0.045293 0.0441442 0.997998 13.4234 0.0334495 0.99853 -0.0426496 -3.53576 -0.998414 0.0314508 -0.046703 110.564 
-0.0455797 0.0427084 0.998047 14.239 0.0335462 0.998588 -0.0411995 -3.57295 -0.998397 0.0316028 -0.0469481 110.542 
-0.0469376 0.0411995 0.998048 15.0204 0.0316895 0.998708 -0.0397363 -3.60484 -0.998395 0.0297625 -0.0481825 110.533 
-0.0480947 0.0404883 0.998022 15.7703 0.0317122 0.998736 -0.038989 -3.64279 -0.998339 0.0297743 -0.0493178 110.507 
-0.0489211 0.0385547 0.998058 16.5688 0.0337534 0.998748 -0.0369268 -3.66991 -0.998232 0.0318813 -0.0501612 110.469 
-0.0502213 0.0371821 0.998046 17.3972 0.0354071 0.998745 -0.0354264 -3.705 -0.99811 0.0335587 -0.0514748 110.444 
-0.0517154 0.0361423 0.998008 18.2106 0.0336453 0.998841 -0.034429 -3.75195 -0.998095 0.0317977 -0.0528715 110.413 
-0.0521279 0.0398441 0.997845 19.0098 0.030923 0.998789 -0.0382664 -3.80097 -0.998162 0.0288616 -0.0532969 110.384 
-0.0527999 0.0446233 0.997608 19.8405 0.033014 0.998533 -0.0429174 -3.85048 -0.998059 0.030669 -0.0541956 110.354 
-0.0541364 0.0461152 0.997468 20.6629 0.0328778 0.998474 -0.0443772 -3.89981 -0.997992 0.0303921 -0.05557 110.324 
-0.0547786 0.0428589 0.997578 21.4546 0.0300411 0.998697 -0.0412573 -3.96398 -0.998047 0.0277084 -0.0559947 110.283 
-0.0546171 0.0393429 0.997732 22.3275 0.0270494 0.998915 -0.0379088 -4.00218 -0.998141 0.0249176 -0.0556221 110.22 
-0.0555734 0.0335677 0.99789 23.1599 0.0244344 0.999181 -0.0322503 -4.05116 -0.998156 0.0225906 -0.0563481 110.194 
-0.0556927 0.0282305 0.998049 23.999 0.0200621 0.99943 -0.02715 -4.08328 -0.998246 0.0185109 -0.0562273 110.154 
-0.0556686 0.0271291 0.998081 24.8405 0.0187165 0.999484 -0.0261232 -4.12515 -0.998274 0.0172263 -0.0561476 110.122 
-0.0554286 0.0348684 0.997854 25.6839 0.02186 0.999193 -0.0337009 -4.15938 -0.998223 0.0199451 -0.0561461 110.106 
-0.0540055 0.0444064 0.997553 26.5039 0.0227707 0.998806 -0.0432294 -4.2135 -0.998281 0.0203804 -0.0549522 110.069 
-0.0516275 0.0489583 0.997466 27.3323 0.0256836 0.998532 -0.0476812 -4.26287 -0.998336 0.0231568 -0.0528092 110.006 
-0.0519229 0.0434539 0.997705 28.1922 0.0267849 0.998754 -0.0421055 -4.30687 -0.998292 0.0245372 -0.0530221 110.006 
-0.051043 0.0365912 0.998026 29.0279 0.0297063 0.998942 -0.0351054 -4.35391 -0.998255 0.0278557 -0.052076 109.968 
-0.0504652 0.0327592 0.998188 29.8636 0.0306585 0.999042 -0.0312372 -4.40714 -0.998255 0.0290265 -0.0514212 109.941 
-0.0492643 0.0337541 0.998215 30.6734 0.0300293 0.999027 -0.0322995 -4.45473 -0.998334 0.0283845 -0.05023 109.896 
-0.0514847 0.0344987 0.998078 31.4997 0.0256547 0.999119 -0.0332113 -4.49274 -0.998344 0.0238955 -0.0523244 109.887 
-0.0524156 0.0353033 0.998001 32.3106 0.0257889 0.99909 -0.0339873 -4.52952 -0.998292 0.0239559 -0.0532783 109.846 
-0.0536009 0.0366958 0.997888 33.0995 0.0278515 0.998991 -0.0352403 -4.56056 -0.998174 0.0259037 -0.0545689 109.802 
-0.0543766 0.0362981 0.997861 33.8798 0.0254482 0.999065 -0.0349551 -4.60776 -0.998196 0.023493 -0.0552495 109.757 
-0.0556357 0.0373997 0.99775 34.6761 0.0244638 0.999049 -0.0360842 -4.64174 -0.998151 0.0224012 -0.0564978 109.723 
-0.0576556 0.0363738 0.997674 35.4688 0.0227476 0.999125 -0.035112 -4.68649 -0.998077 0.0206703 -0.0584325 109.693 
-0.060555 0.0354053 0.997537 36.2441 0.0215211 0.999185 -0.0341574 -4.71779 -0.997933 0.0193997 -0.0612676 109.675 
-0.0616733 0.0369093 0.997414 37.0278 0.0232545 0.999098 -0.0355337 -4.7565 -0.997825 0.0210028 -0.062476 109.626 
-0.0634382 0.0383732 0.997248 37.857 0.023718 0.999036 -0.0369332 -4.79243 -0.997704 0.0213097 -0.0642872 109.586 
-0.0643617 0.0387056 0.997176 38.6492 0.0239489 0.99902 -0.0372314 -4.82681 -0.997639 0.021485 -0.0652256 109.55 
-0.0654965 0.0361102 0.997199 39.4333 0.0251346 0.999088 -0.0345277 -4.88451 -0.997536 0.0228027 -0.0663444 109.513 
-0.0655306 0.0361678 0.997195 40.1984 0.0265195 0.999053 -0.0344924 -4.92338 -0.997498 0.0241848 -0.0664277 109.468 
-0.0658729 0.0357584 0.997187 40.9471 0.0253798 0.999094 -0.0341501 -4.96897 -0.997505 0.0230588 -0.0667208 109.424 
-0.066512 0.0341791 0.9972 41.6899 0.0242532 0.999173 -0.032629 -5.02096 -0.997491 0.0220151 -0.0672859 109.384 
-0.0674634 0.0340377 0.997141 42.4445 0.0240139 0.999184 -0.0324827 -5.05238 -0.997433 0.0217538 -0.0682257 109.346 
-0.0675425 0.0342138 0.99713 43.1557 0.0237536 0.999184 -0.0326753 -5.08572 -0.997434 0.0214784 -0.0683001 109.307 
-0.0677055 0.0371651 0.997013 43.8633 0.024512 0.999066 -0.035577 -5.12785 -0.997404 0.0220301 -0.0685533 109.274 
-0.0672557 0.0400272 0.996933 44.5793 0.0251557 0.998945 -0.038411 -5.17599 -0.997419 0.0224951 -0.0681917 109.233 
-0.0673508 0.0407178 0.996898 45.2984 0.0223207 0.998978 -0.0392947 -5.23048 -0.99748 0.0196049 -0.0681908 109.188 
-0.0660813 0.0433201 0.996873 45.9785 0.0241369 0.998834 -0.0418053 -5.26452 -0.997522 0.0212988 -0.0670499 109.147 
-0.0652723 0.0424207 0.996965 46.6609 0.025342 0.998844 -0.0408414 -5.31377 -0.997546 0.0225993 -0.0662719 109.102 
-0.0665204 0.0421334 0.996895 47.3611 0.0265211 0.99883 -0.0404454 -5.36441 -0.997433 0.0237483 -0.06756 109.071 
-0.0666887 0.0422542 0.996879 48.0018 0.0233632 0.998895 -0.0407767 -5.40626 -0.9975 0.020571 -0.0676022 109.043 
-0.0649522 0.0426771 0.996975 48.6415 0.0239492 0.998864 -0.0411976 -5.45195 -0.997601 0.0212009 -0.0659005 108.97 
-0.0657052 0.0418706 0.99696 49.3304 0.0245448 0.998885 -0.0403338 -5.48872 -0.997537 0.0218201 -0.0666596 108.951 
-0.0670172 0.0412298 0.9969 49.9953 0.0231559 0.998941 -0.0397576 -5.51607 -0.997483 0.0204196 -0.0679009 108.917 
-0.0713363 0.0409226 0.996613 50.6883 0.0209819 0.998999 -0.0395186 -5.56033 -0.997232 0.0180918 -0.0721235 108.896 
-0.0749017 0.0407368 0.996359 51.3312 0.018853 0.999045 -0.0394293 -5.60159 -0.997013 0.015831 -0.0755981 108.845 
-0.0817551 0.0443536 0.995665 52.0208 0.0221683 0.998843 -0.0426748 -5.64015 -0.996406 0.0185833 -0.0826438 108.815 
-0.0880853 0.0473933 0.994985 52.7029 0.0248578 0.998661 -0.0453677 -5.68245 -0.995803 0.0207369 -0.0891454 108.754 
-0.0953589 0.0495456 0.994209 53.3524 0.0242634 0.99858 -0.0474361 -5.71898 -0.995147 0.0195994 -0.0964256 108.697 
-0.100532 0.0482621 0.993763 54.0341 0.0216827 0.998692 -0.046308 -5.7728 -0.994698 0.016892 -0.101447 108.617 
-0.106042 0.0472178 0.99324 54.7155 0.0216086 0.998746 -0.0451725 -5.8103 -0.994127 0.0166723 -0.10693 108.562 
-0.109946 0.0482844 0.992764 55.4004 0.0207007 0.998714 -0.0462812 -5.84913 -0.993722 0.0154625 -0.110804 108.485 
-0.113259 0.0471599 0.992446 56.0703 0.0179848 0.998807 -0.0454097 -5.89374 -0.993403 0.0127059 -0.113972 108.416 
-0.114363 0.0455435 0.992395 56.751 0.019929 0.998853 -0.0435432 -5.90624 -0.993239 0.0147976 -0.11514 108.325 
-0.11638 0.0433017 0.99226 57.477 0.0225423 0.998907 -0.0409478 -5.94177 -0.992949 0.0176023 -0.117229 108.256 
-0.117791 0.0416446 0.992165 58.1987 0.023954 0.998949 -0.0390855 -5.97371 -0.992749 0.0191624 -0.118665 108.187 
-0.116774 0.0408735 0.992317 58.88 0.0222936 0.999009 -0.0385256 -6.01559 -0.992908 0.0176236 -0.11757 108.083 
-0.115905 0.0453531 0.992224 59.5901 0.0244941 0.998784 -0.0427916 -6.0433 -0.992958 0.0193439 -0.116874 108.005 
-0.116852 0.0505633 0.991861 60.3372 0.0312529 0.998396 -0.0472144 -6.07276 -0.992657 0.0254814 -0.118245 107.935 
-0.115964 0.0559148 0.991678 61.0637 0.0396067 0.99788 -0.051633 -6.1153 -0.992463 0.0332896 -0.117933 107.836 
-0.115294 0.0583832 0.991614 61.7945 0.041462 0.997684 -0.0539198 -6.1457 -0.992466 0.0348977 -0.117447 107.743 
-0.113778 0.0575315 0.991839 62.5378 0.0409879 0.997744 -0.0531721 -6.18546 -0.99266 0.0346036 -0.11588 107.66 
-0.113362 0.0538052 0.992096 63.3125 0.0413887 0.997922 -0.0493918 -6.22209 -0.992691 0.0354624 -0.115354 107.575 
-0.110257 0.0542763 0.99242 64.0265 0.0468592 0.997681 -0.0493579 -6.25888 -0.992798 0.041062 -0.112545 107.479 
-0.110809 0.0540905 0.992369 64.7764 0.0471424 0.99768 -0.049116 -6.30915 -0.992723 0.0413401 -0.113102 107.41 
-0.110968 0.0557 0.992262 65.5149 0.0475153 0.997584 -0.0506849 -6.36965 -0.992688 0.0415233 -0.113346 107.315 
-0.113205 0.056887 0.991942 66.2484 0.0457227 0.9976 -0.0519933 -6.40873 -0.992519 0.0394684 -0.115535 107.255 
-0.115284 0.0568062 0.991707 66.9926 0.0485587 0.997492 -0.0514927 -6.4665 -0.992145 0.0422197 -0.117754 107.177 
-0.115327 0.0585451 0.991601 67.7515 0.0500101 0.997338 -0.0530674 -6.50827 -0.992068 0.0434699 -0.117948 107.067 
-0.118877 0.0576465 0.991234 68.4999 0.0480269 0.997479 -0.0522498 -6.55343 -0.991747 0.0413946 -0.121346 107.021 
-0.121149 0.0582387 0.990924 69.2093 0.0447244 0.997584 -0.0531621 -6.61561 -0.991626 0.037878 -0.123461 106.946 
-0.121024 0.0602634 0.990819 69.9673 0.0452791 0.997452 -0.0551361 -6.66735 -0.991616 0.0381906 -0.123444 106.83 
-0.122621 0.0594784 0.99067 70.729 0.0429238 0.997586 -0.0545807 -6.72616 -0.991525 0.0358306 -0.124878 106.764 
-0.123524 0.0604309 0.9905 71.474 0.0432946 0.997522 -0.0554601 -6.75554 -0.991397 0.0360326 -0.125835 106.695 
-0.126019 0.0582533 0.990316 72.2482 0.0419996 0.997693 -0.0533427 -6.81215 -0.991138 0.0348707 -0.128175 106.637 
-0.126545 0.0578355 0.990273 73.0242 0.0391137 0.997813 -0.0532775 -6.84013 -0.991189 0.0319912 -0.128531 106.541 
-0.128328 0.056224 0.990137 73.8261 0.0356253 0.998009 -0.0520537 -6.88699 -0.991092 0.0285939 -0.130076 106.454 
-0.129935 0.056693 0.9899 74.6297 0.0375294 0.99793 -0.0522266 -6.92449 -0.990812 0.0303643 -0.131794 106.358 
-0.131387 0.058007 0.989633 75.4153 0.0387907 0.997823 -0.053337 -6.97379 -0.990572 0.0313808 -0.133351 106.263 
-0.133163 0.0582549 0.989381 76.2027 0.0384436 0.997823 -0.0535778 -7.04318 -0.990348 0.0309008 -0.135113 106.159 
-0.134465 0.0621495 0.988968 77.017 0.0395742 0.997572 -0.0573095 -7.0991 -0.990128 0.0314315 -0.136598 106.064 
-0.135586 0.0676242 0.988455 77.8227 0.0419597 0.997165 -0.0624645 -7.1462 -0.989877 0.033006 -0.138039 105.971 
-0.135922 0.0709399 0.988176 78.6319 0.0440488 0.99688 -0.0655058 -7.21694 -0.98974 0.0346242 -0.138623 105.871 
-0.135395 0.0711648 0.988233 79.4581 0.045949 0.996795 -0.065486 -7.29472 -0.989726 0.0365418 -0.138231 105.77 
-0.134473 0.0707487 0.988388 80.2822 0.0500995 0.996658 -0.0645244 -7.3527 -0.98965 0.0408409 -0.137569 105.655 
-0.133487 0.0690211 0.988644 81.1236 0.0506325 0.996744 -0.0627502 -7.42158 -0.989756 0.0416812 -0.136547 105.538 
-0.133191 0.0666678 0.988846 81.9675 0.0499353 0.996919 -0.0604862 -7.49741 -0.989832 0.0413221 -0.13611 105.443 
-0.13237 0.0645873 0.989094 82.8215 0.0492757 0.99707 -0.0585135 -7.56573 -0.989975 0.0409928 -0.135165 105.36 
-0.130177 0.0621407 0.989542 83.6708 0.0488288 0.997225 -0.0561996 -7.61874 -0.990288 0.0410022 -0.13285 105.256 
-0.130807 0.0592314 0.989637 84.5506 0.047073 0.997459 -0.0534775 -7.67484 -0.99029 0.03959 -0.133262 105.186 
-0.12887 0.0586824 0.989924 85.412 0.0438875 0.997607 -0.0534245 -7.73579 -0.99069 0.0365605 -0.131137 105.099 
-0.128177 0.0624823 0.989781 86.2704 0.045397 0.997337 -0.0570803 -7.81209 -0.990712 0.0376167 -0.130672 105.002 
-0.125261 0.0700355 0.989649 87.1419 0.0459019 0.996846 -0.0647349 -7.85794 -0.991061 0.037318 -0.128081 104.895 
-0.124035 0.072515 0.989625 88.0224 0.0456632 0.996687 -0.0673092 -7.9473 -0.991227 0.0368407 -0.126935 104.784 
-0.123498 0.0702294 0.989857 88.9012 0.0427327 0.996944 -0.0654007 -8.00957 -0.991424 0.0342225 -0.126121 104.71 
-0.122188 0.0681346 0.990166 89.7382 0.0433386 0.997056 -0.0632607 -8.0656 -0.99156 0.0351827 -0.124781 104.624 
-0.122833 0.0666589 0.990186 90.5391 0.0443816 0.997113 -0.0616195 -8.13263 -0.991434 0.0363771 -0.125437 104.579 
-0.122649 0.066705 0.990206 91.3996 0.0432157 0.997151 -0.0618201 -8.20591 -0.991509 0.0352103 -0.125182 104.497 
-0.12213 0.0677441 0.9902 92.2956 0.04441 0.997042 -0.0627346 -8.26958 -0.99152 0.036313 -0.124777 104.411 
-0.12039 0.0662134 0.990516 93.163 0.0468063 0.997042 -0.0609607 -8.33396 -0.991623 0.0390233 -0.123133 104.298 
-0.118837 0.065738 0.990735 94.0393 0.0497951 0.996945 -0.0601772 -8.39819 -0.991664 0.0421825 -0.121747 104.192 
-0.118413 0.0667223 0.99072 94.8866 0.0523386 0.996772 -0.0608743 -8.48476 -0.991584 0.0446446 -0.121523 104.128 
-0.116923 0.0686094 0.990768 95.741 0.0537143 0.996588 -0.0626734 -8.55741 -0.991687 0.0458905 -0.120209 104.031 
-0.114999 0.0700358 0.990894 96.5652 0.0524236 0.996549 -0.0643514 -8.63884 -0.991981 0.0445458 -0.118274 103.933 
-0.114339 0.0661921 0.991234 97.4343 0.0482246 0.996971 -0.0610125 -8.71184 -0.992271 0.0408258 -0.117185 103.846 
-0.114094 0.0642242 0.991392 98.3013 0.0436798 0.997268 -0.0595779 -8.77583 -0.992509 0.0365063 -0.116588 103.758 
-0.114286 0.065338 0.991297 99.1454 0.0410301 0.997294 -0.0610029 -8.84719 -0.9926 0.0337012 -0.116658 103.667 
-0.115847 0.0691794 0.990855 99.9887 0.0381715 0.997145 -0.0651556 -8.93587 -0.992533 0.0302743 -0.118157 103.596 
-0.116296 0.0719044 0.990608 100.839 0.0386157 0.996949 -0.0678312 -9.00468 -0.992464 0.0303646 -0.118718 103.51 
-0.116351 0.0724892 0.990559 101.675 0.0390002 0.996897 -0.0683721 -9.07397 -0.992442 0.0306768 -0.118817 103.415 
-0.116147 0.071515 0.990654 102.496 0.0399646 0.996933 -0.0672827 -9.1485 -0.992428 0.0317764 -0.118649 103.328 
-0.116245 0.0729932 0.990535 103.309 0.0414627 0.996783 -0.0685878 -9.20742 -0.992355 0.0330973 -0.118898 103.236 
-0.118104 0.0742935 0.990218 104.169 0.0430614 0.996642 -0.0696395 -9.32103 -0.992067 0.0344155 -0.120907 103.193 
-0.118406 0.0774702 0.989939 104.988 0.043958 0.996383 -0.0727167 -9.37052 -0.991992 0.0349056 -0.121383 103.101 
-0.119556 0.0785378 0.989716 105.836 0.0425225 0.996357 -0.073928 -9.44035 -0.991916 0.0332467 -0.12246 103.012 
-0.122539 0.0777947 0.98941 106.631 0.0414154 0.996456 -0.0732193 -9.51507 -0.991599 0.0320045 -0.125327 102.942 
-0.125489 0.0803013 0.98884 107.407 0.0421753 0.99625 -0.0755508 -9.57013 -0.991198 0.0322238 -0.128405 102.858 
-0.129691 0.0828858 0.988084 108.204 0.0424919 0.996049 -0.0779767 -9.64737 -0.990644 0.0318727 -0.132701 102.787 
-0.132934 0.0844937 0.987517 108.984 0.0427383 0.995922 -0.0794596 -9.71852 -0.990203 0.0316419 -0.136003 102.698 
-0.137161 0.0845406 0.986935 109.755 0.0418029 0.995958 -0.0795038 -9.78966 -0.989666 0.0303518 -0.140141 102.611 
-0.138241 0.0835209 0.986871 110.521 0.0443171 0.995961 -0.0780823 -9.86178 -0.989407 0.0329411 -0.141384 102.495 
-0.140773 0.0838104 0.986488 111.289 0.0454143 0.995908 -0.07813 -9.9449 -0.989 0.0338021 -0.144003 102.394 
-0.141275 0.0884094 0.986015 112.049 0.0422157 0.995636 -0.0832234 -10.028 -0.98907 0.0298679 -0.144391 102.282 
-0.142147 0.0957571 0.985203 112.825 0.0399545 0.995054 -0.0909498 -10.1041 -0.989039 0.026435 -0.14527 102.181 
-0.144599 0.0992382 0.984501 113.579 0.0441388 0.994615 -0.0937747 -10.1764 -0.988505 0.029895 -0.148201 102.077 
-0.14641 0.0979247 0.984365 114.338 0.0473388 0.994642 -0.091906 -10.2503 -0.988091 0.0331426 -0.150261 101.961 
-0.149891 0.0905873 0.984544 115.102 0.0445313 0.995402 -0.0848067 -10.3307 -0.987699 0.0311312 -0.153236 101.857 
-0.15281 0.0881449 0.984317 115.87 0.0436586 0.995644 -0.0823814 -10.4117 -0.987291 0.0303852 -0.155993 101.766 
-0.154842 0.0918173 0.983663 116.612 0.0437824 0.995331 -0.0860145 -10.4853 -0.986969 0.0297484 -0.15814 101.666 
-0.15812 0.0945085 0.982887 117.348 0.040823 0.995184 -0.0891235 -10.5714 -0.986576 0.0260321 -0.161217 101.566 
-0.161371 0.0974107 0.982075 118.101 0.0403025 0.994937 -0.0920641 -10.6478 -0.986071 0.0247236 -0.16448 101.469 
-0.163656 0.100778 0.981357 118.831 0.0436032 0.994535 -0.0948594 -10.7422 -0.985553 0.027266 -0.167156 101.358 
-0.1661 0.10648 0.980343 119.58 0.0434896 0.993977 -0.100592 -10.8088 -0.98515 0.0259264 -0.16973 101.251 
-0.169414 0.10845 0.97956 120.335 0.0432283 0.993788 -0.102549 -10.8933 -0.984597 0.0249716 -0.173049 101.142 
-0.170653 0.10779 0.979418 121.081 0.0450583 0.993812 -0.101523 -10.9493 -0.984301 0.0268058 -0.174454 100.995 
-0.175021 0.104462 0.979007 121.849 0.0479905 0.994079 -0.0974907 -11.0457 -0.983394 0.0299201 -0.178998 100.875 
-0.180701 0.101484 0.978288 122.567 0.0507247 0.9943 -0.0937757 -11.1495 -0.982229 0.0326781 -0.184818 100.747 
-0.187441 0.100821 0.977088 123.3 0.0498433 0.994413 -0.0930469 -11.2215 -0.98101 0.0312605 -0.191419 100.627 
-0.197582 0.103251 0.974834 124.032 0.0508663 0.994178 -0.0949896 -11.2813 -0.978966 0.030818 -0.201684 100.522 
-0.208924 0.102183 0.972579 124.737 0.0515471 0.994294 -0.093391 -11.3762 -0.976572 0.030622 -0.212999 100.386 
-0.22047 0.103384 0.969899 125.421 0.0531052 0.994164 -0.0938992 -11.4525 -0.973947 0.0308047 -0.224674 100.24 
-0.232193 0.105052 0.96698 126.12 0.0547539 0.993986 -0.094838 -11.5255 -0.971127 0.0309253 -0.236548 100.071 
-0.244645 0.105234 0.963885 126.828 0.0584069 0.993887 -0.0936855 -11.6042 -0.967852 0.0333778 -0.249296 99.9092 
-0.256956 0.105345 0.960664 127.536 0.0634858 0.993734 -0.0919904 -11.6793 -0.964336 0.0373511 -0.262034 99.7611 
-0.268615 0.105608 0.957441 128.238 0.0654829 0.993674 -0.0912335 -11.746 -0.961019 0.0381893 -0.273832 99.5906 
-0.277434 0.108332 0.954617 128.921 0.0696957 0.993274 -0.0924641 -11.7918 -0.958213 0.04088 -0.283119 99.398 
-0.283434 0.108922 0.952786 129.595 0.0770935 0.992901 -0.0905742 -11.8652 -0.955888 0.0477818 -0.289819 99.1785 
-0.288055 0.109073 0.951382 130.285 0.0772197 0.992903 -0.0904531 -11.9462 -0.954496 0.04741 -0.294433 98.9449 
-0.295015 0.107491 0.949427 130.931 0.0801878 0.992932 -0.0874999 -12.0165 -0.952122 0.0503186 -0.30155 98.767 
-0.29731 0.104476 0.949048 131.616 0.0873354 0.992804 -0.0819337 -12.0955 -0.950778 0.0585257 -0.304295 98.556 
-0.296792 0.102578 0.949417 132.287 0.0948616 0.992463 -0.0775742 -12.1654 -0.950219 0.0670398 -0.304286 98.3221 
-0.296595 0.101518 0.949592 132.956 0.0967948 0.992409 -0.075863 -12.226 -0.950085 0.0694149 -0.30417 98.107 
-0.294725 0.107869 0.949474 133.599 0.102376 0.991454 -0.0808598 -12.2894 -0.950082 0.0733721 -0.30325 97.8854 
-0.294045 0.113076 0.949079 134.248 0.100773 0.99111 -0.0868619 -12.3349 -0.950464 0.0701008 -0.302826 97.6927 
-0.294759 0.113077 0.948858 134.895 0.102144 0.991013 -0.0863703 -12.3982 -0.950097 0.071462 -0.30366 97.5076 
-0.292193 0.110256 0.949983 135.531 0.103353 0.991155 -0.0832459 -12.4731 -0.950758 0.0738596 -0.301004 97.2993 
-0.289611 0.10872 0.95095 136.168 0.104396 0.991189 -0.0815267 -12.537 -0.951434 0.0756643 -0.298409 97.115 
-0.287673 0.108205 0.951597 136.806 0.104983 0.991172 -0.080968 -12.621 -0.951957 0.0766096 -0.296493 96.916 
-0.28457 0.111671 0.952129 137.451 0.106123 0.990758 -0.0844843 -12.6767 -0.952763 0.0770009 -0.29379 96.726 
-0.278578 0.113669 0.953663 138.111 0.103583 0.990735 -0.0878296 -12.7354 -0.954811 0.0743157 -0.287772 96.517 
-0.273624 0.113145 0.955159 138.733 0.109211 0.99029 -0.0860211 -12.808 -0.955616 0.0807766 -0.283324 96.3585 
-0.269609 0.110498 0.956609 139.344 0.110222 0.990407 -0.0833369 -12.8823 -0.956641 0.0829705 -0.279202 96.2048 
-0.267876 0.109584 0.957201 140.051 0.107644 0.990694 -0.0832939 -12.9494 -0.957421 0.0807248 -0.27718 96.0759 
-0.263061 0.112324 0.958218 140.683 0.110232 0.990195 -0.0858097 -12.9752 -0.958461 0.0830535 -0.272863 95.9062 
-0.258869 0.111072 0.959505 141.246 0.110266 0.990271 -0.0848846 -13.045 -0.959598 0.0838271 -0.268598 95.7403 
-0.255739 0.109364 0.96054 141.888 0.114923 0.989974 -0.0821176 -13.1157 -0.959891 0.0893875 -0.265743 95.596 
-0.252722 0.108363 0.961452 142.482 0.117172 0.989822 -0.0807613 -13.1677 -0.960418 0.0922449 -0.262847 95.4487 
-0.250439 0.106688 0.962236 143.053 0.117184 0.989942 -0.0792611 -13.2383 -0.961014 0.0929085 -0.260422 95.3392 
-0.244631 0.107537 0.963635 143.658 0.11491 0.990042 -0.0813126 -13.3105 -0.962783 0.0908394 -0.254552 95.1595 
-0.242253 0.110227 0.963931 144.232 0.113677 0.989907 -0.0846277 -13.3751 -0.963531 0.089076 -0.252338 95.0499 
-0.234726 0.114193 0.965331 144.792 0.116527 0.98922 -0.0886847 -13.4299 -0.965052 0.0916709 -0.245502 94.8903 
-0.227251 0.11487 0.967038 145.355 0.114606 0.989273 -0.0905796 -13.4858 -0.967069 0.0902435 -0.237978 94.7596 
-0.219005 0.113157 0.96914 145.926 0.110859 0.989706 -0.0905065 -13.5513 -0.969405 0.0876168 -0.229296 94.6465 
-0.207678 0.111186 0.971858 146.502 0.109679 0.989901 -0.0898125 -13.6218 -0.972029 0.0879398 -0.217776 94.5252 
-0.194466 0.110715 0.974641 147.074 0.109553 0.989845 -0.0905838 -13.6728 -0.974772 0.089159 -0.204621 94.4083 
