1 2.12261e-08 -2.11895e-08 0 2.12261e-08 1 2.10703e-08 0 -2.11895e-08 2.10703e-08 1 0 
0.999992 0.00179423 0.00352718 -0.0326408 -0.00179402 0.999998 -5.18394e-05 -0.0303579 -0.00352731 4.55532e-05 0.999994 1.24529 
0.999985 0.00260058 0.00491382 -0.0532029 -0.00260107 0.999997 0.00010218 -0.0463765 -0.00491358 -0.000114918 0.999988 2.45092 
0.999978 0.00259786 0.00606014 -0.0671773 -0.00260099 0.999997 0.000516921 -0.0602407 -0.00605881 -0.00053263 0.999982 3.6296 
0.999979 0.00276807 0.00586697 -0.0669669 -0.00277458 0.999996 0.00110855 -0.0884067 -0.00586392 -0.00112477 0.999982 4.82185 
0.999988 0.000171298 0.00497287 -0.0588455 -0.000175443 1 0.000841773 -0.119974 -0.00497276 -0.000842593 0.999987 6.06016 
0.999985 0.0019253 0.00515113 -0.0670535 -0.00192443 0.999998 -0.00016689 -0.139228 -0.00515148 0.000157016 0.999987 7.2832 
0.999985 0.00187327 0.00522423 -0.0546293 -0.00186848 0.999998 -0.000913999 -0.164466 -0.00522598 0.000904265 0.999986 8.50115 
0.999967 0.00269678 0.00771367 -0.12126 -0.00268568 0.999995 -0.00144294 -0.132812 -0.00771757 0.00142222 0.999969 9.74155 
0.999978 0.00151125 0.00643869 -0.118819 -0.0015062 0.999999 -0.000782501 -0.147499 -0.00643991 0.000772828 0.999979 10.961 
0.999997 0.0010318 0.00221749 -0.10275 -0.00103012 0.999999 -0.000739487 -0.182345 -0.0022183 0.000737243 0.999997 12.2061 
0.999999 0.00120887 0.000549759 -0.118014 -0.00120895 0.999999 0.000210348 -0.228113 -0.000549546 -0.00021097 1 13.4185 
1 0.000520718 3.84834e-05 -0.17157 -0.00052066 1 -0.000393705 -0.253328 -3.87308e-05 0.000393727 1 14.5864 
0.999994 0.0032622 -0.000887456 -0.18188 -0.00326325 0.999994 -0.00123223 -0.256414 0.000883388 0.00123516 0.999999 15.7414 
0.99999 0.00096801 -0.00432995 -0.194846 -0.000963795 0.999999 0.000965652 -0.314519 0.00433084 -0.000961427 0.99999 16.8139 
0.999993 0.000265931 -0.00373809 -0.252804 -0.000261245 0.999999 0.00124266 -0.338203 0.00373838 -0.00124163 0.999992 18.0217 
0.999987 0.00111012 -0.0050681 -0.268732 -0.00110385 0.999999 0.00123236 -0.358557 0.00506942 -0.0012267 0.999986 19.1867 
0.999984 0.00186669 -0.00529055 -0.29444 -0.00186678 0.999998 -2.0914e-05 -0.38099 0.00529046 3.08322e-05 0.999986 20.3729 
0.99998 0.00145575 -0.00608721 -0.328785 -0.00145518 0.999999 9.04312e-05 -0.419439 0.00608729 -8.15292e-05 0.999982 21.5599 
0.999954 0.00257872 -0.00919658 -0.31293 -0.00256884 0.999996 0.00108133 -0.458993 0.00919929 -0.00105762 0.999957 22.7326 
0.999944 0.00182393 -0.0104435 -0.342954 -0.00181532 0.999998 0.000829181 -0.486095 0.010445 -0.000810133 0.999945 23.9252 
0.999937 0.00125986 -0.011129 -0.397898 -0.00125786 0.999999 0.000182498 -0.504438 0.0111291 -0.000168446 0.999938 25.1697 
0.999926 0.00368647 -0.0115677 -0.439936 -0.00370484 0.999992 -0.0015707 -0.482466 0.0115618 0.00161348 0.999932 26.4014 
0.999931 0.00138425 -0.0116878 -0.473235 -0.00138027 0.999999 0.000345439 -0.512875 0.0116882 -0.000329241 0.999932 27.6133 
0.999932 0.00263254 -0.0113598 -0.543921 -0.00263715 0.999996 -0.000394886 -0.523039 0.0113586 0.000424859 0.999935 28.7696 
0.999931 0.00259563 -0.0115029 -0.593715 -0.00261398 0.999995 -0.00158378 -0.547589 0.0114987 0.00161378 0.999933 29.9498 
0.99992 -0.000742974 -0.0125939 -0.614313 0.000727849 0.999999 -0.00120887 -0.600824 0.0125947 0.00119965 0.99992 31.0983 
0.999899 0.00400695 -0.0136721 -0.658315 -0.00401554 0.999992 -0.000604025 -0.638573 0.0136695 0.000658907 0.999906 32.3493 
0.999914 0.00164159 -0.0129963 -0.710685 -0.001635 0.999999 0.000514422 -0.664493 0.0129971 -0.000493086 0.999915 33.574 
0.999911 -5.14077e-05 -0.0133692 -0.763327 4.11371e-05 1 -0.000771657 -0.669977 0.0133692 0.00077108 0.99991 34.779 
0.999884 0.000723454 -0.0152131 -0.717643 -0.000747346 0.999999 -0.00156758 -0.694433 0.0152119 0.00157881 0.999883 36.1004 
0.999781 -0.00162903 -0.0208807 -0.644187 0.00165218 0.999998 0.00108913 -0.787229 0.0208788 -0.00112335 0.999781 37.1555 
0.99976 -0.00256833 -0.0217438 -0.66015 0.00261418 0.999994 0.00207847 -0.815247 0.0217383 -0.00213478 0.999761 38.3991 
0.99972 -0.00226931 -0.0235423 -0.647141 0.00234688 0.999992 0.00326616 -0.836628 0.0235347 -0.00332046 0.999718 39.5946 
0.999711 -0.00161532 -0.0240031 -0.682897 0.00170438 0.999992 0.00368869 -0.848929 0.0239969 -0.00372849 0.999705 40.7743 
0.999697 -0.000493604 -0.0246316 -0.717748 0.00058688 0.999993 0.00377806 -0.873705 0.0246295 -0.00379133 0.999689 41.9597 
0.999705 0.00133751 -0.0242387 -0.774144 -0.00120611 0.999985 0.00543298 -0.923603 0.0242456 -0.0054021 0.999691 43.1868 
0.999631 0.00632866 -0.0264333 -0.815942 -0.00611883 0.999949 0.00800997 -0.950944 0.0264826 -0.00784523 0.999619 44.3528 
0.999674 0.00448003 -0.0251404 -0.856356 -0.00422905 0.999941 0.010026 -0.959098 0.0251838 -0.0099164 0.999634 45.5813 
0.999699 0.006162 -0.0237687 -0.912517 -0.00588288 0.999913 0.0117938 -0.944069 0.0238392 -0.0116503 0.999648 46.8024 
0.999724 0.00565215 -0.0227931 -0.989444 -0.00528347 0.999855 0.0162013 -0.971966 0.0228813 -0.0160764 0.999609 47.9132 
0.999772 0.00507691 -0.0207331 -1.05751 -0.00470064 0.999824 0.0181547 -0.971372 0.0208216 -0.018053 0.99962 49.1109 
0.999809 0.00268412 -0.0193365 -1.09575 -0.00234544 0.999844 0.0175143 -0.987455 0.0193804 -0.0174656 0.99966 50.3075 
0.999805 0.00236497 -0.0196289 -1.13049 -0.0020292 0.999852 0.0171066 -1.0158 0.0196664 -0.0170633 0.999661 51.5 
0.999831 0.00185995 -0.018294 -1.19872 -0.0015417 0.999848 0.0173928 -1.02798 0.0183235 -0.0173616 0.999681 52.6958 
0.999836 0.000110162 -0.0181164 -1.25894 0.000227076 0.999827 0.0186097 -1.06174 0.0181152 -0.0186107 0.999663 53.8599 
0.999838 -0.0014617 -0.0179453 -1.3252 0.00178155 0.99984 0.0178184 -1.0876 0.0179163 -0.0178474 0.99968 55.15 
0.999791 -0.000991805 -0.0204019 -1.37221 0.00137378 0.999824 0.0187149 -1.09978 0.0203797 -0.018739 0.999617 56.3359 
0.999784 -6.19456e-05 -0.0207807 -1.42452 0.000473481 0.999804 0.0197974 -1.09951 0.0207753 -0.0198029 0.999588 57.5422 
0.999777 -0.00138503 -0.0210905 -1.50485 0.00183336 0.999773 0.0212511 -1.12105 0.0210562 -0.021285 0.999552 58.679 
0.999707 -0.00144094 -0.0241514 -1.52958 0.00195555 0.999771 0.021296 -1.12622 0.0241151 -0.0213369 0.999482 59.857 
0.999711 -0.00192366 -0.0239571 -1.59738 0.0023967 0.999803 0.0197304 -1.09487 0.0239144 -0.0197821 0.999518 61.0925 
0.999706 -0.00205816 -0.0241672 -1.65411 0.00251619 0.999818 0.0189359 -1.08655 0.0241237 -0.0189911 0.999529 62.315 
0.999695 -0.00287123 -0.0245378 -1.69843 0.00329642 0.999845 0.0173033 -1.07726 0.0244842 -0.0173789 0.999549 63.5122 
0.999643 -0.00289512 -0.0265779 -1.72379 0.00338544 0.999825 0.0184206 -1.08506 0.0265199 -0.018504 0.999477 64.7159 
0.99959 -0.00238374 -0.0285415 -1.74938 0.00293116 0.999812 0.0191521 -1.05487 0.0284904 -0.0192278 0.999409 65.9316 
0.999574 0.000904638 -0.0291808 -1.80753 -0.000400607 0.999851 0.0172725 -1.06893 0.0291921 -0.0172534 0.999425 67.1047 
0.999578 0.000130989 -0.0290336 -1.86535 0.000376635 0.999847 0.0174765 -1.09207 0.0290314 -0.01748 0.999426 68.3114 
0.999547 0.00198124 -0.0300338 -1.91788 -0.00139673 0.99981 0.019469 -1.1252 0.0300666 -0.0194182 0.999359 69.4917 
0.999575 0.00578063 -0.0285661 -2.01287 -0.00525579 0.999817 0.0184122 -1.08605 0.0286673 -0.0182542 0.999422 70.6551 
0.999515 0.00495952 -0.0307481 -2.03455 -0.00440057 0.999824 0.0182181 -1.09245 0.030833 -0.0180739 0.999361 71.8103 
0.999477 0.00410838 -0.0320833 -2.05864 -0.00349625 0.999811 0.0191108 -1.09993 0.0321558 -0.0189886 0.999303 72.9643 
0.999515 0.00483635 -0.0307601 -2.11405 -0.00423019 0.999796 0.0197393 -1.11122 0.0308492 -0.0195996 0.999332 74.1447 
0.999603 0.00283321 -0.0280221 -2.18108 -0.00234156 0.999843 0.0175608 -1.12304 0.0280674 -0.0174882 0.999453 75.3115 
0.999647 -0.000604495 -0.02658 -2.20506 0.000919044 0.99993 0.0118219 -1.12058 0.0265709 -0.0118421 0.999577 76.5311 
0.999744 -0.00143531 -0.0225658 -2.28889 0.00172916 0.999914 0.0130059 -1.15245 0.0225451 -0.0130416 0.999661 77.661 
0.999776 -0.00139973 -0.0211194 -2.31532 0.00175278 0.999859 0.0167057 -1.17149 0.021093 -0.016739 0.999637 78.8159 
0.999872 0.00135077 -0.0159543 -2.38982 -0.00107015 0.999845 0.0175819 -1.16063 0.0159755 -0.0175626 0.999718 79.9397 
0.99993 0.00320203 -0.0114066 -2.39576 -0.00302398 0.999874 0.0155889 -1.17747 0.0114551 -0.0155532 0.999813 80.9978 
0.999981 -0.00211034 -0.00578343 -2.46076 0.00219764 0.999883 0.0151228 -1.193 0.0057508 -0.0151352 0.999869 82.0688 
0.999989 -0.00463109 -0.000379227 -2.53673 0.00463541 0.999915 0.0121755 -1.21993 0.000322767 -0.0121771 0.999926 83.2521 
0.999979 -0.00540607 0.00359306 -2.56905 0.00536455 0.99992 0.0114767 -1.22517 -0.00365485 -0.0114571 0.999928 84.3917 
0.999929 -0.00695221 0.0096728 -2.62929 0.00681755 0.99988 0.0138899 -1.245 -0.00976825 -0.0138229 0.999857 85.458 
0.999892 -0.00487275 0.0138347 -2.65491 0.00469723 0.999908 0.0126943 -1.22888 -0.0138953 -0.0126279 0.999824 86.6616 
0.999795 -0.00504505 0.019621 -2.69397 0.00482025 0.999922 0.0114897 -1.24725 -0.0196775 -0.0113927 0.999742 87.818 
0.999724 -0.00612799 0.0226735 -2.68695 0.00589986 0.999931 0.0101166 -1.27203 -0.022734 -0.00997995 0.999692 88.9975 
0.999641 -0.00524197 0.0262943 -2.70732 0.00498528 0.999939 0.00981981 -1.27028 -0.0263443 -0.00968515 0.999606 90.1616 
0.999509 -0.00427387 0.0310414 -2.80254 0.00393711 0.999933 0.0109034 -1.32126 -0.031086 -0.0107758 0.999459 91.1456 
0.999441 -0.00401768 0.0331929 -2.7719 0.00359489 0.999912 0.0127888 -1.32704 -0.0332414 -0.0126623 0.999367 92.372 
0.999381 -0.00381923 0.0349789 -2.73402 0.00332184 0.999893 0.0142679 -1.32875 -0.0350297 -0.0141428 0.999286 93.5432 
0.999285 -0.00623571 0.0373029 -2.69603 0.00567897 0.999871 0.0150133 -1.31787 -0.0373918 -0.0147907 0.999191 94.7135 
0.999168 -0.00921714 0.0397362 -2.65192 0.0087193 0.999882 0.0126847 -1.32786 -0.0398484 -0.0123277 0.99913 95.9204 
0.999047 -0.010837 0.0422775 -2.65373 0.0105061 0.999913 0.00804192 -1.31451 -0.042361 -0.00759004 0.999074 97.0534 
0.998887 -0.0114332 0.0457666 -2.65799 0.0112359 0.999926 0.00456635 -1.31901 -0.0458155 -0.00404699 0.998942 98.181 
0.998876 -0.00846865 0.0466482 -2.59561 0.00831042 0.999959 0.00358583 -1.36331 -0.0466767 -0.00319409 0.998905 99.2181 
0.998747 -0.0104817 0.0489371 -2.62049 0.0102009 0.99993 0.0059847 -1.41635 -0.0489965 -0.00547795 0.998784 100.207 
0.998629 -0.0091457 0.0515456 -2.75833 0.00874925 0.99993 0.0079125 -1.44636 -0.0516144 -0.00745062 0.998639 101.357 
0.998562 -0.00879602 0.0528808 -2.79989 0.0083088 0.999921 0.00942717 -1.46608 -0.0529596 -0.0089742 0.998556 102.481 
0.998363 -0.0092297 0.0564386 -2.94014 0.00871659 0.999919 0.00933176 -1.43197 -0.0565201 -0.0088245 0.998363 103.4 
0.998322 -0.00853274 0.0572836 -2.97646 0.0080047 0.999923 0.00944186 -1.45081 -0.0573599 -0.00896743 0.998313 104.318 
0.998327 -0.00865796 0.057165 -3.0119 0.00810378 0.999918 0.00991998 -1.46601 -0.0572462 -0.00944009 0.998316 105.436 
0.998515 -0.00709739 0.0540071 -3.00016 0.0065735 0.99993 0.00987279 -1.49146 -0.0540734 -0.00950307 0.998492 106.636 
0.998607 -0.00718947 0.0522726 -3.05703 0.00666889 0.999927 0.0101275 -1.50802 -0.0523416 -0.0097647 0.998582 107.789 
0.998651 -0.00726762 0.0514145 -3.09765 0.0067089 0.999917 0.0110322 -1.53827 -0.0514904 -0.0106723 0.998617 108.876 
0.998755 -0.00676393 0.0494195 -3.15797 0.00613216 0.999898 0.0129252 -1.59555 -0.0495019 -0.0126061 0.998695 110.017 
0.998863 -0.00560614 0.0473506 -3.18302 0.00501773 0.999909 0.0125374 -1.59911 -0.0474166 -0.0122855 0.9988 111.171 
0.998992 -0.00513431 0.0445878 -3.1786 0.00459288 0.999915 0.0122381 -1.60079 -0.0446468 -0.0120209 0.998931 112.415 
0.999123 -0.00345746 0.0417312 -3.19497 0.00299864 0.999934 0.0110533 -1.59435 -0.0417667 -0.0109184 0.999068 113.55 
0.999276 -0.00362945 0.0378665 -3.22629 0.00322433 0.999937 0.0107554 -1.59953 -0.0379032 -0.0106255 0.999225 114.719 
0.999489 -0.00346651 0.0317849 -3.16771 0.00311606 0.999934 0.0110699 -1.63178 -0.0318212 -0.0109652 0.999433 115.956 
0.999542 -0.00107291 0.0302284 -3.20004 0.000774973 0.999951 0.00986752 -1.60913 -0.0302376 -0.00983954 0.999494 117.224 
0.999469 0.00293038 0.0324479 -3.33013 -0.00320273 0.99996 0.00834602 -1.59493 -0.0324222 -0.00844547 0.999439 118.318 
0.999503 0.0045316 0.0312121 -3.34505 -0.00480803 0.99995 0.00878856 -1.61336 -0.0311707 -0.00893422 0.999474 119.506 
0.999551 0.00426362 0.0296657 -3.30031 -0.00457101 0.999937 0.0103034 -1.64588 -0.0296199 -0.0104343 0.999507 120.772 
0.999462 0.00781162 0.0318418 -3.39134 -0.00814676 0.999913 0.0104102 -1.65495 -0.0317577 -0.010664 0.999439 121.901 
0.999505 0.0083135 0.0303299 -3.35196 -0.00865559 0.9999 0.0111665 -1.66936 -0.0302341 -0.0114234 0.999478 123.142 
0.999502 0.0117329 0.0293041 -3.33678 -0.0121521 0.999826 0.0141697 -1.68023 -0.0291328 -0.0145187 0.99947 124.367 
0.999511 0.0122577 0.0287693 -3.31803 -0.0127115 0.999797 0.0156464 -1.6489 -0.0285717 -0.0160044 0.999464 125.718 
0.999555 0.0117904 0.027411 -3.28112 -0.0122238 0.999802 0.0156995 -1.6591 -0.0272205 -0.0160275 0.999501 126.893 
0.999548 0.0115626 0.0277554 -3.27872 -0.0119938 0.999809 0.0154198 -1.70349 -0.0275718 -0.0157457 0.999496 128.021 
0.999585 0.00704368 0.0279194 -3.28993 -0.00751983 0.999827 0.0169879 -1.70124 -0.0277949 -0.0171908 0.999466 129.329 
0.999648 0.00223847 0.0264433 -3.28231 -0.00273645 0.999819 0.0188124 -1.71762 -0.0263965 -0.0188781 0.999473 130.595 
0.999665 -0.00212258 0.0257933 -3.23781 0.00163918 0.999823 0.0187498 -1.67727 -0.0258286 -0.0187012 0.999491 131.877 
0.999713 -0.0034745 0.0237194 -3.18357 0.00301622 0.999809 0.0193313 -1.66143 -0.0237821 -0.0192541 0.999532 133.192 
0.999678 -0.00846138 0.0239269 -3.1459 0.00802527 0.999801 0.018266 -1.67084 -0.0240768 -0.0180681 0.999547 134.534 
0.99964 -0.0105556 0.0246533 -3.13964 0.0101367 0.999803 0.0170562 -1.67092 -0.0248285 -0.0168001 0.999551 135.803 
0.999624 -0.0110019 0.0251094 -3.13188 0.0105657 0.999792 0.0174433 -1.67667 -0.0252961 -0.0171714 0.999533 137.182 
0.99953 -0.0109144 0.0286419 -3.25766 0.010421 0.999796 0.017324 -1.67232 -0.0288251 -0.0170173 0.99944 138.317 
0.999522 -0.0137579 0.0276905 -3.1925 0.0132533 0.999744 0.0183284 -1.66151 -0.0279356 -0.0179526 0.999449 139.705 
0.999534 -0.0124291 0.0278867 -3.14136 0.0119039 0.99975 0.018922 -1.66022 -0.028115 -0.0185812 0.999432 141.012 
0.999483 -0.0119062 0.0298622 -3.16614 0.0114306 0.999806 0.016047 -1.63385 -0.0300475 -0.0156973 0.999425 142.268 
0.999445 -0.0121449 0.031006 -3.16844 0.011724 0.999837 0.0137214 -1.62511 -0.0311676 -0.0133502 0.999425 143.579 
0.999431 -0.0121845 0.0314542 -3.17995 0.0118177 0.99986 0.0118228 -1.64183 -0.0315939 -0.0114443 0.999435 144.835 
0.999351 -0.012051 0.0339617 -3.20842 0.0118265 0.999907 0.0068043 -1.64251 -0.0340406 -0.00639819 0.9994 146.13 
0.999325 -0.0135612 0.0341503 -3.1878 0.0134553 0.999904 0.00332776 -1.6669 -0.0341922 -0.00286597 0.999411 147.42 
0.99935 -0.0101774 0.0345716 -3.16625 0.0101149 0.999947 0.00198522 -1.68609 -0.03459 -0.00163421 0.9994 148.665 
0.999336 -0.0118166 0.0344613 -3.12923 0.0117857 0.99993 0.00110177 -1.70409 -0.034472 -0.000694849 0.999405 149.826 
0.999313 -0.0105813 0.0355251 -3.13967 0.0105169 0.999943 0.00200097 -1.73933 -0.0355443 -0.00162594 0.999367 151.165 
0.999358 -0.0108582 0.034148 -3.09461 0.0107497 0.999937 0.00335909 -1.76434 -0.0341823 -0.00298981 0.999411 152.372 
0.999369 -0.0101744 0.0340263 -3.08264 0.0100434 0.999942 0.00401867 -1.77118 -0.0340653 -0.00367435 0.999413 153.666 
0.999395 -0.0124747 0.0324525 -3.06997 0.0123954 0.99992 0.00264307 -1.78744 -0.0324829 -0.00223916 0.99947 155.05 
0.999397 -0.0129177 0.0322353 -3.07683 0.0128397 0.999914 0.0026264 -1.79414 -0.0322665 -0.00221088 0.999477 156.314 
0.999426 -0.0146894 0.0305124 -3.04001 0.0145618 0.999884 0.00440294 -1.82876 -0.0305735 -0.00395606 0.999525 157.623 
0.999442 -0.0113424 0.0314241 -3.06257 0.0112339 0.99993 0.00362763 -1.82145 -0.0314631 -0.00327255 0.9995 158.904 
0.999487 -0.00932259 0.0306268 -3.03724 0.00926733 0.999955 0.00194713 -1.82034 -0.0306436 -0.00166226 0.999529 160.116 
0.999485 -0.0100019 0.0304971 -3.02378 0.0100054 0.99995 3.83195e-05 -1.82515 -0.030496 0.000266877 0.999535 161.384 
0.999504 -0.0110448 0.0294814 -2.99733 0.0110746 0.999938 -0.000846636 -1.82625 -0.0294703 0.00117275 0.999565 162.599 
0.999539 -0.0112021 0.0282332 -2.98949 0.0112544 0.999935 -0.00169061 -1.84895 -0.0282124 0.00200762 0.9996 163.828 
0.999575 -0.0100506 0.0273629 -2.98825 0.0101404 0.999944 -0.00314069 -1.88496 -0.0273299 0.00341687 0.999621 165.025 
0.999589 -0.0101459 0.0267971 -2.98731 0.010237 0.999942 -0.00326486 -1.90013 -0.0267625 0.00353789 0.999636 166.301 
0.999629 -0.0101102 0.0252808 -2.97802 0.0101442 0.999948 -0.0012175 -1.93342 -0.0252672 0.00147354 0.99968 167.556 
0.999669 -0.0104413 0.0235221 -2.9663 0.010474 0.999944 -0.00126648 -1.96016 -0.0235076 0.00151247 0.999723 168.786 
0.999691 -0.0114411 0.0220753 -2.93978 0.0114409 0.999935 0.000137005 -2.01938 -0.0220754 0.000115641 0.999756 170.118 
0.999701 -0.0129088 0.0207913 -2.95753 0.0129187 0.999917 -0.00034076 -2.05873 -0.0207853 0.000609297 0.999784 171.334 
0.999735 -0.0125324 0.0193192 -2.93918 0.0125429 0.999921 -0.000418378 -2.10828 -0.0193125 0.000660628 0.999813 172.605 
0.999758 -0.0111411 0.0189447 -2.94086 0.0111551 0.999938 -0.000630175 -2.14237 -0.0189365 0.000841394 0.99982 173.943 
0.999761 -0.0116063 0.0185421 -2.94411 0.011615 0.999933 -0.000355429 -2.16739 -0.0185368 0.000570752 0.999828 175.211 
0.999742 -0.0121563 0.0192091 -2.95332 0.0121843 0.999925 -0.00133806 -2.18562 -0.0191914 0.0015718 0.999815 176.541 
0.999734 -0.0119235 0.0197226 -2.95458 0.0119735 0.999925 -0.00241778 -2.21075 -0.0196924 0.00265333 0.999803 177.79 
0.999709 -0.0143605 0.0193691 -2.94358 0.0144281 0.99989 -0.00335177 -2.22053 -0.0193189 0.0036303 0.999807 179.091 
0.999675 -0.0148362 0.0207402 -2.98061 0.0148278 0.99989 0.000559844 -2.252 -0.0207463 -0.000252088 0.999785 180.394 
0.999676 -0.0165064 0.0193903 -2.96822 0.0164072 0.999852 0.0052625 -2.28495 -0.0194744 -0.00494261 0.999798 181.669 
0.999655 -0.0170115 0.0199993 -2.98395 0.0169241 0.999847 0.00453142 -2.30175 -0.0200734 -0.00419135 0.99979 182.93 
0.999673 -0.016291 0.0197318 -2.95558 0.0162657 0.999867 0.00144518 -2.31385 -0.0197527 -0.00112371 0.999804 184.144 
0.999587 -0.0227992 0.0174704 -2.93075 0.0227978 0.99974 0.000278333 -2.36142 -0.0174722 0.000120111 0.999847 185.433 
0.999643 -0.0191146 0.0186561 -2.94669 0.019127 0.999817 -0.000483307 -2.37432 -0.0186435 0.000840012 0.999826 186.72 
0.999644 -0.0193418 0.018406 -2.92813 0.0193291 0.999813 0.000867556 -2.39933 -0.0184194 -0.000511433 0.99983 188.027 
0.99964 -0.0186763 0.0192777 -2.96417 0.0186245 0.999822 0.00286305 -2.4306 -0.0193278 -0.00250293 0.99981 189.195 
0.999547 -0.0226266 0.0198599 -2.96544 0.0225316 0.999734 0.00499303 -2.48949 -0.0199677 -0.00454325 0.99979 190.488 
0.999536 -0.0203944 0.0226067 -2.99067 0.0203056 0.999785 0.00415368 -2.49931 -0.0226866 -0.00369267 0.999736 191.727 
0.999524 -0.0203918 0.0231516 -2.93561 0.0203402 0.99979 0.00246242 -2.50289 -0.023197 -0.0019903 0.999729 192.951 
0.999462 -0.0226423 0.0237359 -2.91027 0.0226345 0.999744 0.000597077 -2.52364 -0.0237434 -5.94628e-05 0.999718 194.207 
0.999406 -0.0238369 0.0249031 -2.92044 0.0238239 0.999716 0.000818307 -2.56158 -0.0249156 -0.000224489 0.99969 195.489 
0.999366 -0.0233657 0.0268522 -2.92552 0.0233423 0.999727 0.00118946 -2.5795 -0.0268727 -0.00056187 0.999639 196.681 
0.999368 -0.0228641 0.0272298 -2.86185 0.022827 0.999738 0.0016751 -2.58731 -0.027261 -0.00105243 0.999628 197.972 
0.999357 -0.0231332 0.0273815 -2.85982 0.023071 0.999731 0.00258725 -2.62897 -0.027434 -0.00195383 0.999622 199.155 
0.999336 -0.0244784 0.0269844 -2.81784 0.0243802 0.999695 0.00396552 -2.69786 -0.0270733 -0.00330496 0.999628 200.424 
0.999321 -0.0244351 0.0275666 -2.78359 0.0243091 0.999693 0.00489943 -2.7366 -0.0276779 -0.00422594 0.999608 201.657 
0.999291 -0.0236531 0.0292838 -2.81098 0.0235231 0.999712 0.00477781 -2.73623 -0.0293885 -0.00408554 0.99956 202.811 
0.99929 -0.0226363 0.0301074 -2.80249 0.0225108 0.999737 0.00450294 -2.76051 -0.0302015 -0.00382196 0.999537 203.99 
0.999279 -0.02265 0.0304627 -2.77693 0.0225391 0.999738 0.00398021 -2.76028 -0.030545 -0.0032907 0.999528 205.178 
0.99924 -0.0245067 0.030306 -2.7532 0.0243913 0.999694 0.00417058 -2.78462 -0.0303989 -0.00342817 0.999532 206.337 
0.999254 -0.0235646 0.030608 -2.72929 0.0234229 0.999713 0.00498089 -2.80507 -0.0307167 -0.0042602 0.999519 207.489 
0.999245 -0.0233819 0.031041 -2.72956 0.0232104 0.999713 0.00587564 -2.82698 -0.0311695 -0.00515069 0.999501 208.652 
0.999293 -0.0219915 0.0304962 -2.72907 0.0218116 0.999743 0.00622055 -2.84782 -0.0306252 -0.00555094 0.999516 209.751 
0.999305 -0.022873 0.029447 -2.69548 0.022756 0.999732 0.0043063 -2.85737 -0.0295376 -0.00363317 0.999557 210.863 
0.999309 -0.0219642 0.0299998 -2.6976 0.0218452 0.999752 0.00429077 -2.87783 -0.0300866 -0.00363241 0.999541 211.97 
0.999339 -0.0217404 0.0291393 -2.67351 0.0216633 0.999761 0.00296025 -2.88988 -0.0291967 -0.002327 0.999571 213.051 
0.999379 -0.0231092 0.0265963 -2.65881 0.023043 0.999731 0.00279522 -2.90573 -0.0266538 -0.00218059 0.999642 214.074 
0.99937 -0.0257786 0.0243775 -2.65053 0.0257135 0.999665 0.00297962 -2.94307 -0.0244462 -0.00235087 0.999698 215.115 
0.999412 -0.026147 0.0221943 -2.62165 0.026051 0.99965 0.00460833 -2.96467 -0.0223071 -0.00402739 0.999743 216.227 
0.999418 -0.0270167 0.0208314 -2.63977 0.0269123 0.999624 0.0052748 -2.96646 -0.0209661 -0.00471106 0.999769 217.257 
0.999508 -0.025743 0.0178936 -2.61965 0.025651 0.999657 0.00535519 -2.98915 -0.0180253 -0.00489352 0.999826 218.295 
0.999563 -0.0253628 0.015202 -2.59468 0.0252872 0.999667 0.00514778 -3.00811 -0.0153275 -0.00476107 0.999871 219.359 
0.999595 -0.0259526 0.0116494 -2.58094 0.0258976 0.999653 0.00484981 -3.02011 -0.0117713 -0.00454612 0.99992 220.356 
0.999616 -0.026093 0.00935375 -2.60592 0.0260423 0.999646 0.0055032 -3.04424 -0.00949407 -0.00525744 0.999941 221.306 
0.999646 -0.0259123 0.0059992 -2.60682 0.0258861 0.999655 0.00441095 -3.05427 -0.00611147 -0.00425405 0.999972 222.267 
0.999611 -0.0277831 0.00235048 -2.60467 0.0277739 0.999607 0.00387497 -3.08113 -0.00245725 -0.00380814 0.99999 223.196 
0.999647 -0.0265156 -0.00147201 -2.6161 0.0265222 0.999637 0.00466395 -3.11683 0.00134777 -0.00470131 0.999988 224.074 
0.999676 -0.0248834 -0.00531571 -2.63035 0.0249068 0.99968 0.00437911 -3.12685 0.00520501 -0.00451005 0.999976 224.935 
0.999679 -0.0242216 -0.00746066 -2.67167 0.0242468 0.999701 0.00329834 -3.13945 0.0073785 -0.00347814 0.999967 225.769 
0.999735 -0.0214417 -0.00833811 -2.72354 0.0214775 0.99976 0.00423041 -3.15767 0.00824537 -0.00440833 0.999956 226.578 
0.999751 -0.0203276 -0.00917385 -2.75036 0.0203758 0.999779 0.00517842 -3.18077 0.00906651 -0.00536401 0.999945 227.393 
0.999739 -0.0214002 -0.00804954 -2.78376 0.0214467 0.999754 0.00573088 -3.20066 0.00792487 -0.00590198 0.999951 228.175 
0.999714 -0.0224979 -0.00806588 -2.79995 0.0225433 0.99973 0.00558853 -3.20696 0.00793793 -0.00576872 0.999952 228.913 
0.999686 -0.023174 -0.00953973 -2.79933 0.0232154 0.999722 0.00424417 -3.20781 0.00943867 -0.00446426 0.999946 229.655 
0.999742 -0.0200596 -0.0106713 -2.80797 0.0200863 0.999795 0.00239817 -3.21251 0.0106209 -0.00261186 0.99994 230.4 
0.999701 -0.0227479 -0.00895326 -2.83859 0.0227456 0.999741 -0.000368075 -3.23057 0.00895927 0.000164361 0.99996 231.124 
0.999726 -0.0221868 -0.00750417 -2.85182 0.022174 0.999753 -0.0017855 -3.23868 0.00754188 0.00161866 0.99997 231.863 
0.999733 -0.0220557 -0.00693147 -2.8587 0.0220354 0.999753 -0.00299901 -3.24549 0.00699586 0.00284552 0.999972 232.601 
0.999746 -0.0220613 -0.00460011 -2.89517 0.0220485 0.999753 -0.00283068 -3.26323 0.00466138 0.00272858 0.999985 233.306 
0.999721 -0.0234699 -0.0026229 -2.90749 0.0234595 0.999717 -0.00393722 -3.26822 0.00271452 0.00387464 0.999989 234.027 
0.999747 -0.0225091 -0.000560821 -2.93173 0.022507 0.999741 -0.00350632 -3.29029 0.000639558 0.00349285 0.999994 234.737 
0.999728 -0.0232719 0.00145616 -2.94251 0.0232763 0.999725 -0.00300073 -3.3146 -0.00138597 0.00303385 0.999994 235.467 
0.999704 -0.0239917 0.0041239 -2.95046 0.0240002 0.99971 -0.00202701 -3.35431 -0.00407412 0.00212542 0.999989 236.18 
0.99966 -0.0251438 0.0069533 -2.95281 0.0251541 0.999683 -0.00138724 -3.36248 -0.00691625 0.00156171 0.999975 236.892 
0.999587 -0.0268544 0.0101869 -2.97855 0.0268631 0.999639 -0.000718074 -3.39308 -0.0101639 0.000991471 0.999948 237.587 
0.999546 -0.0270583 0.0132916 -2.97448 0.0270574 0.999634 0.000252027 -3.41568 -0.0132936 0.000107765 0.999912 238.291 
0.99949 -0.0274637 0.0162664 -2.96709 0.0274593 0.999623 0.000500043 -3.43522 -0.016274 -5.30836e-05 0.999868 238.992 
0.999438 -0.0272837 0.0194731 -2.96946 0.0272592 0.999627 0.0015218 -3.46072 -0.0195074 -0.000990079 0.999809 239.688 
0.999407 -0.0260518 0.0225129 -2.97242 0.02607 0.99966 -0.000512426 -3.45709 -0.022492 0.00109908 0.999746 240.37 
0.999321 -0.021418 0.0299652 -3.0229 0.0215023 0.999766 -0.00249155 -3.45005 -0.0299049 0.00313422 0.999548 241.012 
0.999249 -0.0229248 0.0312456 -2.99336 0.0229681 0.999736 -0.00102323 -3.47459 -0.0312139 0.00174016 0.999511 241.721 
0.999158 -0.0227876 0.0341065 -2.98633 0.0228326 0.999739 -0.000927767 -3.48579 -0.0340765 0.00170577 0.999418 242.411 
0.999061 -0.0221023 0.0372663 -2.98092 0.0221674 0.999753 -0.00133589 -3.49223 -0.0372276 0.00216077 0.999305 243.117 
0.998958 -0.0199847 0.0410305 -2.97749 0.020165 0.999789 -0.00398542 -3.49725 -0.0409422 0.00480869 0.99915 243.816 
0.998772 -0.024307 0.043168 -2.96817 0.0245623 0.999684 -0.00539256 -3.52493 -0.0430234 0.00644628 0.999053 244.51 
0.998817 -0.0196933 0.0444678 -2.96988 0.0200683 0.999767 -0.00800002 -3.52682 -0.0443 0.00888298 0.998979 245.178 
0.998776 -0.0171423 0.0464068 -2.94136 0.0175744 0.999806 -0.00891722 -3.527 -0.046245 0.00972191 0.998883 245.925 
0.998728 -0.017472 0.0473088 -2.83888 0.0179017 0.999802 -0.0086726 -3.5104 -0.047148 0.00950851 0.998843 246.801 
0.998742 -0.0178304 0.0468669 -2.79814 0.0182172 0.999803 -0.00783894 -3.56271 -0.046718 0.0086829 0.99887 247.525 
0.998703 -0.0176164 0.0477758 -2.7734 0.0179485 0.999818 -0.00653134 -3.65121 -0.0476521 0.00738042 0.998837 248.064 
0.99868 -0.0148792 0.0491523 -2.75998 0.0153251 0.999845 -0.00870646 -3.73153 -0.0490152 0.00944828 0.998753 248.859 
0.998622 -0.0191681 0.0488604 -2.71136 0.0197125 0.999749 -0.0106836 -3.74221 -0.0486434 0.0116321 0.998749 249.62 
0.998422 -0.0222836 0.0515442 -2.77557 0.0229139 0.999669 -0.0116686 -3.76856 -0.0512671 0.0128313 0.998603 250.429 
0.998442 -0.0189417 0.052484 -2.76815 0.0193834 0.999781 -0.00791714 -3.78001 -0.0523226 0.00892217 0.99859 251.29 
0.998423 -0.0142605 0.054302 -2.78688 0.0143761 0.999895 -0.00173727 -3.79545 -0.0542716 0.00251522 0.998523 252.04 
0.998358 -0.0170953 0.0546661 -2.74665 0.017051 0.999854 0.00127768 -3.79983 -0.0546799 -0.000343436 0.998504 252.84 
0.99821 -0.0179588 0.0570386 -2.72164 0.017987 0.999838 2.02149e-05 -3.82805 -0.0570298 0.00100581 0.998372 253.616 
0.99803 -0.0157645 0.0607293 -2.66853 0.0161844 0.999848 -0.00642872 -3.83389 -0.0606188 0.00739897 0.998134 254.422 
0.997844 -0.0136872 0.0641932 -2.62872 0.0143544 0.999848 -0.00994441 -3.85247 -0.0640473 0.0108445 0.997888 255.234 
0.997553 -0.0119804 0.0688852 -2.6111 0.0126588 0.999876 -0.00941994 -3.88521 -0.0687638 0.0102689 0.99758 256.021 
0.997329 -0.0130686 0.0718613 -2.56646 0.0137263 0.999868 -0.00866429 -3.87166 -0.0717387 0.00962757 0.997377 256.846 
0.997067 -0.0159305 0.0748567 -2.50675 0.0164186 0.999848 -0.00590908 -3.88202 -0.0747512 0.00712083 0.997177 257.677 
0.996818 -0.0186938 0.0774911 -2.43947 0.0190575 0.999811 -0.0039565 -3.8965 -0.0774025 0.00542074 0.996985 258.526 
0.996606 -0.0174756 0.0804492 -2.38276 0.0178441 0.999833 -0.00386227 -3.9002 -0.0803683 0.00528474 0.996751 259.353 
0.996382 -0.0147458 0.0837032 -2.35796 0.0152901 0.999866 -0.00586443 -3.9071 -0.0836056 0.00712309 0.996474 260.155 
0.99617 -0.0141075 0.0862962 -2.31588 0.0148604 0.999857 -0.0080871 -3.91847 -0.0861698 0.00933855 0.996237 260.984 
0.995987 -0.0135741 0.0884602 -2.25007 0.0142995 0.999869 -0.00757108 -3.95374 -0.0883459 0.00880567 0.996051 261.83 
0.995642 -0.0134641 0.0922854 -2.20663 0.0139477 0.999892 -0.00459671 -3.99146 -0.0922136 0.00586389 0.995722 262.688 
0.995441 -0.0117899 0.0946493 -2.1124 0.0121491 0.999921 -0.00321946 -4.01097 -0.0946039 0.00435472 0.995506 263.585 
0.995289 -0.0100534 0.0964293 -2.0216 0.0104259 0.99994 -0.0033594 -4.02974 -0.0963898 0.00434898 0.995334 264.432 
0.994921 -0.011103 0.100048 -1.98609 0.0115438 0.999926 -0.00382791 -4.04497 -0.0999982 0.00496344 0.994975 265.269 
0.994606 -0.0123991 0.102981 -1.90355 0.0128865 0.999909 -0.00406894 -4.07138 -0.102921 0.0053741 0.994675 266.137 
0.994297 -0.0142286 0.105692 -1.83078 0.0148042 0.99988 -0.00466277 -4.06483 -0.105613 0.0062009 0.994388 266.972 
0.993989 -0.0153618 0.1084 -1.84204 0.0158453 0.999868 -0.00360023 -4.0883 -0.10833 0.00529626 0.994101 267.722 
0.993981 -0.0163653 0.108321 -1.76583 0.0168666 0.999851 -0.003712 -4.09813 -0.108244 0.0055167 0.994109 268.542 
0.9939 -0.014467 0.109329 -1.69976 0.0149773 0.99988 -0.00384686 -4.10619 -0.10926 0.00546088 0.993998 269.36 
0.993988 -0.0121901 0.108809 -1.61208 0.0127455 0.999909 -0.0044106 -4.11563 -0.108746 0.00577095 0.994053 270.212 
0.993975 -0.0119462 0.108957 -1.54665 0.0125205 0.999911 -0.00458785 -4.11964 -0.108892 0.00592443 0.994036 271.07 
0.994347 -0.00953758 0.105746 -1.44638 0.0100322 0.999941 -0.00414571 -4.14055 -0.1057 0.00518317 0.994385 271.91 
0.994481 -0.00937887 0.104501 -1.38113 0.0100289 0.999934 -0.00569632 -4.15472 -0.104441 0.00671295 0.994508 272.738 
0.994665 -0.00646118 0.102958 -1.31928 0.0070772 0.999959 -0.00561869 -4.17933 -0.102917 0.0063174 0.99467 273.588 
0.994868 -0.00620492 0.100989 -1.25672 0.0067912 0.999962 -0.00546215 -4.1991 -0.100951 0.00612 0.994873 274.412 
0.994952 -0.00498986 0.100224 -1.20635 0.00564165 0.999965 -0.00622048 -4.21083 -0.100189 0.00675455 0.994946 275.276 
0.995095 -0.0058878 0.0987441 -1.14513 0.00641779 0.999967 -0.00505005 -4.24789 -0.0987111 0.00565905 0.9951 276.152 
0.995324 -0.00376433 0.0965193 -1.10588 0.00425468 0.999979 -0.0048746 -4.25223 -0.0964989 0.00526251 0.995319 276.997 
0.995662 -0.0104289 0.0924541 -1.04706 0.0104293 0.999946 0.00047997 -4.32483 -0.0924541 0.00048638 0.995717 277.865 
0.995973 -0.00883593 0.0892128 -1.01752 0.0087836 0.999961 0.000979689 -4.31774 -0.089218 -0.000192094 0.996012 278.688 
0.996343 -0.00860935 0.0850049 -0.973122 0.00851802 0.999963 0.00143757 -4.32243 -0.0850142 -0.000708203 0.99638 279.527 
0.99673 -0.00964575 0.0802245 -0.917993 0.00953681 0.999953 0.00174147 -4.33863 -0.0802376 -0.000970646 0.996775 280.35 
0.997014 -0.0105655 0.0764916 -0.880749 0.0104576 0.999944 0.00181138 -4.35444 -0.0765065 -0.00100601 0.997069 281.156 
0.997408 -0.012993 0.0707749 -0.844573 0.0129536 0.999916 0.00101654 -4.33498 -0.0707822 -9.70792e-05 0.997492 281.987 
0.997595 -0.0113058 0.0683833 -0.827456 0.0112562 0.999936 0.00111115 -4.35457 -0.0683915 -0.000338696 0.997659 282.765 
0.997774 -0.010654 0.0658266 -0.826727 0.0106329 0.999943 0.000671499 -4.36606 -0.0658301 2.99631e-05 0.997831 283.56 
0.997972 -0.0099041 0.0628857 -0.82329 0.00990303 0.999951 0.000329436 -4.3762 -0.0628859 0.000294032 0.998021 284.303 
0.9982 -0.00876472 0.0593359 -0.802094 0.00875201 0.999962 0.000474846 -4.3982 -0.0593378 4.53588e-05 0.998238 285.025 
0.998344 -0.00883343 0.0568439 -0.806508 0.0088864 0.99996 -0.000678301 -4.41315 -0.0568357 0.00118236 0.998383 285.745 
0.998612 -0.0091438 0.0518752 -0.779494 0.00925504 0.999955 -0.00190368 -4.42706 -0.0518555 0.00238118 0.998652 286.452 
0.998845 -0.00792926 0.0473961 -0.813329 0.00809128 0.999962 -0.00322652 -4.45043 -0.0473687 0.00360633 0.998871 287.078 
0.99916 -0.00665836 0.0404255 -0.833394 0.00685159 0.999966 -0.00464197 -4.46897 -0.0403932 0.00491509 0.999172 287.731 
0.999517 -0.00713834 0.0302394 -0.846216 0.00730806 0.999958 -0.00550426 -4.4995 -0.0301989 0.00572263 0.999528 288.358 
0.999802 -0.00726018 0.0185288 -0.901971 0.00738262 0.999951 -0.00654592 -4.50692 -0.0184804 0.00668145 0.999807 289.049 
0.999984 -0.00546252 0.0016695 -0.928468 0.00547112 0.999972 -0.00516715 -4.53568 -0.00164127 0.00517624 0.999985 289.673 
0.999813 -0.00316848 -0.0190897 -0.960799 0.00307638 0.999984 -0.00485403 -4.5442 0.0191047 0.00479443 0.999806 290.332 
0.99918 -0.00227235 -0.0404288 -1.04145 0.00206462 0.999984 -0.00518023 -4.54983 0.0404399 0.00509255 0.999169 290.926 
0.997858 -0.00052508 -0.0654166 -1.07568 0.000136946 0.999982 -0.00593825 -4.54439 0.0654185 0.00591661 0.99784 291.431 
0.995595 0.000699533 -0.0937583 -1.16325 -0.00133684 0.999976 -0.00673518 -4.54294 0.0937514 0.00683089 0.995572 292.068 
0.992182 0.00165532 -0.124791 -1.26398 -0.00226325 0.999986 -0.00473031 -4.57216 0.124781 0.00497581 0.992172 292.629 
0.987365 0.00145752 -0.158458 -1.40823 -0.0019585 0.999994 -0.00300575 -4.58837 0.158453 0.00327815 0.987361 293.218 
0.980656 0.00167042 -0.195732 -1.53675 -0.00196351 0.999997 -0.00130358 -4.59745 0.195729 0.00166273 0.980657 293.766 
0.971967 0.00251716 -0.235105 -1.66586 -0.00240391 0.999997 0.000768139 -4.60662 0.235106 -0.000181389 0.97197 294.301 
0.961363 0.00325016 -0.275265 -1.82945 -0.00252668 0.999992 0.00298274 -4.62505 0.275273 -0.00217194 0.961364 294.826 
0.948314 0.00383691 -0.317309 -1.9718 -0.00258956 0.999987 0.00435256 -4.62393 0.317322 -0.00330586 0.948312 295.355 
0.933267 0.00451686 -0.359154 -2.18851 -0.0024317 0.999978 0.00625719 -4.64004 0.359174 -0.00496623 0.933257 295.84 
0.915608 0.00373546 -0.402054 -2.43239 -0.000820418 0.999972 0.00742223 -4.63933 0.402071 -0.00646595 0.915586 296.313 
0.894168 0.00286303 -0.447723 -2.62602 0.000264271 0.999976 0.00692222 -4.62497 0.447732 -0.0063079 0.894146 296.777 
0.869642 0.00251579 -0.493676 -2.87666 0.00186981 0.999963 0.00838959 -4.64577 0.493679 -0.00821897 0.869605 297.23 
0.843054 0.00207031 -0.537825 -3.17846 0.00396828 0.999941 0.0100695 -4.65527 0.537815 -0.0106233 0.842996 297.635 
0.813645 0.00430063 -0.581347 -3.47815 0.00305156 0.999927 0.011668 -4.69777 0.581354 -0.0112676 0.813572 297.971 
0.780955 0.00266929 -0.624582 -3.84028 0.00563999 0.99992 0.0113254 -4.68065 0.624562 -0.0123672 0.780877 298.314 
0.744929 0.00074743 -0.667144 -4.19864 0.0112006 0.999844 0.0136266 -4.69725 0.66705 -0.0176232 0.744805 298.605 
0.70469 -0.000726106 -0.709515 -4.60313 0.0166834 0.99974 0.0155467 -4.66982 0.70932 -0.0227927 0.704518 298.891 
0.659787 -0.000566749 -0.751452 -4.99031 0.0211893 0.999616 0.0178506 -4.67702 0.751154 -0.0277003 0.659546 299.152 
0.609721 0.00362927 -0.792608 -5.3609 0.0201229 0.999596 0.0200567 -4.68146 0.792361 -0.0281785 0.609402 299.41 
0.559955 0.0115897 -0.828442 -5.80154 0.0143145 0.999618 0.0236597 -4.72449 0.828399 -0.025107 0.559575 299.572 
0.506746 0.0154562 -0.861957 -6.1913 0.0125148 0.999602 0.0252819 -4.72292 0.862004 -0.0235987 0.506351 299.722 
0.450423 0.0178308 -0.892637 -6.5934 0.011776 0.999595 0.0259095 -4.71635 0.892738 -0.0221819 0.450031 299.878 
0.393432 0.0171843 -0.919193 -7.0359 0.0146369 0.999582 0.024952 -4.66403 0.919237 -0.023271 0.393016 299.996 
0.334105 0.0193005 -0.942338 -7.43927 0.0173419 0.999495 0.0266197 -4.64549 0.942376 -0.0252356 0.333601 300.119 
0.274375 0.023984 -0.961324 -7.84772 0.0185834 0.99937 0.0302372 -4.658 0.961443 -0.026161 0.273757 300.208 
0.211222 0.027251 -0.977058 -8.26177 0.0209412 0.999256 0.0323972 -4.65981 0.977214 -0.0273038 0.210494 300.281 
0.146649 0.0312228 -0.988696 -8.71488 0.0207395 0.999185 0.0346302 -4.64944 0.988971 -0.0255835 0.145882 300.305 
0.0798129 0.0372305 -0.996114 -9.15944 0.0221214 0.99899 0.0391104 -4.64181 0.996564 -0.0251569 0.0789087 300.325 
0.0130035 0.0423978 -0.999016 -9.65201 0.0237592 0.998806 0.0426981 -4.59652 0.999633 -0.024291 0.0119807 300.273 
-0.0556233 0.0494633 -0.997226 -10.1407 0.0252114 0.998523 0.0481214 -4.58842 0.998134 -0.0224648 -0.0567882 300.212 
-0.125474 0.0565986 -0.990481 -10.6279 0.0270044 0.998196 0.0536185 -4.59173 0.991729 -0.0200195 -0.126776 300.143 
-0.193401 0.0626049 -0.97912 -11.1055 0.0295997 0.99788 0.0579577 -4.57222 0.980673 -0.0177726 -0.194844 300.025 
-0.25852 0.0676312 -0.963636 -11.5179 0.033274 0.997578 0.0610868 -4.57068 0.965433 -0.0162718 -0.260144 299.879 
-0.320087 0.0703749 -0.944771 -11.9763 0.0373788 0.997399 0.0616312 -4.5461 0.946651 -0.015587 -0.321885 299.658 
-0.380512 0.0704738 -0.922087 -12.4599 0.0405466 0.997405 0.0594981 -4.50495 0.923887 -0.0147477 -0.382382 299.417 
-0.438073 0.0700449 -0.896206 -12.9508 0.0424616 0.997459 0.0572029 -4.46892 0.897936 -0.0129953 -0.439934 299.143 
-0.488204 0.073601 -0.869621 -13.3029 0.0459969 0.997223 0.0585781 -4.48557 0.871517 -0.0114017 -0.490233 298.851 
-0.535569 0.0739364 -0.841248 -13.7627 0.0480863 0.997214 0.0570305 -4.45642 0.843121 -0.00990874 -0.537632 298.501 
-0.577817 0.0738488 -0.812819 -14.2627 0.0488332 0.997242 0.0558901 -4.40888 0.814704 -0.00739831 -0.579829 298.113 
-0.615858 0.0782402 -0.783963 -14.7169 0.0537094 0.996911 0.0573002 -4.38645 0.786025 -0.00681738 -0.618158 297.703 
-0.653645 0.0855875 -0.751946 -15.1932 0.0621489 0.996299 0.0593758 -4.35553 0.754245 -0.00792197 -0.656545 297.255 
-0.689638 0.0926081 -0.718208 -15.6204 0.0695337 0.995675 0.0616179 -4.3356 0.720808 -0.00744564 -0.693094 296.773 
-0.72245 0.0957687 -0.684759 -16.0221 0.0736589 0.995386 0.061499 -4.31676 0.687489 -0.00600865 -0.72617 296.235 
-0.753547 0.0942795 -0.650599 -16.4605 0.0744878 0.995534 0.0579904 -4.3154 0.653161 -0.00476319 -0.757204 295.656 
-0.781514 0.0937024 -0.616811 -16.8655 0.0771422 0.995584 0.0535024 -4.31407 0.619101 -0.0057693 -0.785291 295.042 
-0.8065 0.0872219 -0.584766 -17.2582 0.0750811 0.99616 0.0450336 -4.25316 0.586448 -0.00758521 -0.809951 294.364 
-0.830633 0.0828469 -0.550623 -17.6475 0.0734534 0.996531 0.0391314 -4.21211 0.551955 -0.00794136 -0.833836 293.686 
-0.853173 0.0827644 -0.51502 -18.0579 0.0740498 0.99655 0.0374773 -4.19526 0.516345 -0.0061625 -0.856358 292.943 
-0.873333 0.0779659 -0.480844 -18.3737 0.0702119 0.996948 0.0341268 -4.175 0.482038 -0.00395694 -0.876142 292.218 
-0.892089 0.0787017 -0.444954 -18.6993 0.0720154 0.996892 0.0319426 -4.15543 0.446085 -0.00354788 -0.894984 291.443 
-0.91024 0.082008 -0.405878 -19.041 0.0760692 0.996628 0.0307734 -4.13131 0.407033 -0.00286361 -0.913409 290.621 
-0.925203 0.0888676 -0.368919 -19.3277 0.0831331 0.996042 0.0314456 -4.16186 0.370254 -0.00157585 -0.928929 289.75 
-0.938749 0.0909758 -0.332377 -19.597 0.0851719 0.995852 0.0320221 -4.14498 0.333911 0.0017516 -0.942603 288.841 
-0.950627 0.0951826 -0.295379 -19.846 0.0899234 0.995455 0.031371 -4.11226 0.297023 0.00326062 -0.954865 287.914 
-0.961027 0.0960242 -0.259241 -20.0756 0.0915206 0.995369 0.0294154 -4.09724 0.260865 0.00454308 -0.965365 286.99 
-0.969769 0.0937005 -0.225318 -20.2687 0.0907584 0.995598 0.0234042 -4.05692 0.226519 0.00224715 -0.974004 286.024 
-0.9772 0.0905319 -0.192052 -20.4538 0.0886023 0.995893 0.01863 -4.03203 0.19295 0.001189 -0.981208 285.004 
-0.983012 0.088965 -0.160542 -20.6054 0.0873324 0.996031 0.0172113 -4.02448 0.161436 0.0028984 -0.986879 283.963 
-0.987586 0.088521 -0.129765 -20.7264 0.0871181 0.996062 0.0164594 -4.02722 0.130711 0.00495017 -0.991408 282.889 
-0.990908 0.0879862 -0.101787 -20.8093 0.0869942 0.996108 0.0141526 -4.01813 0.102637 0.00516898 -0.994706 281.825 
-0.993336 0.0877335 -0.0747474 -20.8801 0.0870304 0.996126 0.0126178 -4.00469 0.0755648 0.00602839 -0.997123 280.724 
-0.995167 0.0836673 -0.0514022 -20.8853 0.0831597 0.996465 0.0119397 -3.99875 0.0522195 0.00760737 -0.998607 279.588 
