1 2.12261e-08 -2.11895e-08 0 2.12261e-08 1 2.10703e-08 0 -2.11895e-08 2.10703e-08 1 0 
0.999979 0.000249525 -0.00654971 -0.00739597 -0.000247793 1 0.000258927 0.00386934 0.00654973 -0.000257256 0.999979 0.0940008 
0.999896 0.000764794 -0.0143732 -0.0125153 -0.000760925 1 0.000271717 0.00306362 0.0143734 -0.000260709 0.999897 0.184155 
0.999746 0.00111831 -0.0224923 -0.011349 -0.00113232 0.999999 -0.000611784 0.00518512 0.0224916 0.00063714 0.999747 0.31482 
0.999515 0.00070174 -0.0311274 -0.0431435 -0.000745394 0.999999 -0.00139217 -0.00757625 0.0311264 0.00141474 0.999514 0.392192 
0.999084 0.00117544 -0.0427721 -0.0513866 -0.0012747 0.999997 -0.00229459 -0.0201661 0.0427692 0.00234705 0.999082 0.504674 
0.998367 0.00122165 -0.0571063 -0.0675636 -0.00142877 0.999993 -0.00358689 -0.0190511 0.0571015 0.00366267 0.998362 0.643412 
0.997285 0.00162163 -0.0736194 -0.0917758 -0.00189396 0.999992 -0.00363002 -0.0196714 0.0736129 0.00375964 0.99728 0.781971 
0.995781 -6.11399e-05 -0.0917617 -0.136701 -0.000234923 0.999995 -0.00321606 -0.0234441 0.0917614 0.0032241 0.995776 0.949934 
0.993628 -0.00126984 -0.112704 -0.153657 0.000944511 0.999995 -0.00294023 -0.0327434 0.112708 0.00281509 0.993624 1.10591 
0.990994 -0.000614866 -0.133905 -0.22434 0.000239778 0.999996 -0.00281754 -0.039396 0.133907 0.0027601 0.99099 1.27229 
0.9873 0.00349994 -0.158829 -0.271441 -0.00430958 0.999979 -0.00475361 -0.0372329 0.158809 0.00537777 0.987295 1.44823 
0.982784 0.00699839 -0.184623 -0.33706 -0.00828919 0.999946 -0.0062208 -0.0439498 0.18457 0.00764413 0.98279 1.62043 
0.977086 0.00956067 -0.212628 -0.396464 -0.0113904 0.999908 -0.00738192 -0.04741 0.212538 0.00963473 0.977105 1.81776 
0.9703 0.0108222 -0.241664 -0.488214 -0.0131788 0.99988 -0.00813746 -0.0422525 0.241547 0.0110807 0.970326 2.01386 
0.962274 0.0127636 -0.271781 -0.594036 -0.0152638 0.999858 -0.00708734 -0.0500467 0.271652 0.0109684 0.962333 2.19682 
0.952925 0.0140447 -0.30288 -0.713463 -0.0165098 0.999848 -0.00558007 -0.0574651 0.302756 0.0103179 0.953012 2.39519 
0.941572 0.0175324 -0.336356 -0.822869 -0.019932 0.999795 -0.00368267 -0.0705673 0.336223 0.0101718 0.941728 2.58494 
0.928549 0.0179797 -0.370775 -0.920439 -0.0210967 0.999768 -0.00435245 -0.0557737 0.370611 0.0118636 0.928712 2.7796 
0.914636 0.021028 -0.403732 -1.07294 -0.0248138 0.999684 -0.00414691 -0.0506226 0.403517 0.0138111 0.914868 3.00178 
0.898095 0.0222864 -0.439236 -1.19582 -0.0261746 0.999654 -0.00279721 -0.0613415 0.439022 0.014009 0.898367 3.19853 
0.878851 0.0166072 -0.476808 -1.31918 -0.0208189 0.999777 -0.00355126 -0.0617161 0.476642 0.0130477 0.879001 3.39719 
0.856945 0.0116415 -0.515276 -1.46754 -0.0164218 0.999854 -0.00472143 -0.0539891 0.515146 0.0125078 0.857011 3.61079 
0.830863 0.0119524 -0.556348 -1.63027 -0.0157231 0.999874 -0.00200038 -0.0520359 0.556254 0.0104096 0.830947 3.80358 
0.801356 0.0166355 -0.597957 -1.83846 -0.0204879 0.99979 0.000357749 -0.0348925 0.597837 0.0119642 0.801528 4.0007 
0.767506 0.0192952 -0.640752 -2.03304 -0.0234963 0.999722 0.00196058 -0.0411187 0.640611 0.0135506 0.767746 4.17745 
0.73074 0.0184187 -0.682407 -2.24589 -0.0224863 0.999743 0.00290479 -0.0459865 0.682285 0.0132222 0.730966 4.34055 
0.689894 0.0151811 -0.723752 -2.48291 -0.0158412 0.999857 0.00587235 -0.0580985 0.723737 0.00741386 0.690036 4.5283 
0.646268 0.0122684 -0.763012 -2.73763 -0.0111223 0.999916 0.00665702 -0.0556444 0.763029 0.00418427 0.64635 4.69588 
0.601223 0.0118435 -0.798994 -3.01212 -0.00933103 0.999926 0.00780052 -0.0473018 0.799027 0.00276564 0.601289 4.84164 
0.552369 0.0124834 -0.833506 -3.31167 -0.00757753 0.999922 0.00995416 -0.0356779 0.833565 0.000817592 0.552421 4.98571 
0.500359 0.0129958 -0.86572 -3.6178 -0.00487521 0.999914 0.0121925 -0.0374354 0.865804 -0.00188004 0.50038 5.11551 
0.447128 0.0149596 -0.894345 -3.86614 -0.00227149 0.999876 0.0155892 -0.0516035 0.894467 -0.0049388 0.447106 5.20683 
0.392134 0.0161869 -0.919766 -4.17903 -0.000513571 0.999849 0.0173774 -0.0401837 0.919908 -0.00634185 0.392083 5.29705 
0.336586 0.0188572 -0.941464 -4.51797 9.08946e-05 0.999799 0.0200581 -0.0491346 0.941653 -0.0068368 0.336516 5.36766 
0.28042 0.0209773 -0.959648 -4.89712 0.00159686 0.99975 0.0223205 -0.0306641 0.959876 -0.00779149 0.280316 5.43781 
0.227061 0.0234339 -0.973599 -5.31739 0.00512569 0.999668 0.0252567 -0.0321337 0.973867 -0.0107251 0.226865 5.48972 
0.175372 0.0229672 -0.984234 -5.71475 0.00736217 0.999669 0.0246392 -0.0112672 0.984475 -0.0115671 0.175145 5.5222 
0.128365 0.0241855 -0.991432 -6.15556 0.00580112 0.999667 0.0251375 -0.0135594 0.99171 -0.00897816 0.128182 5.52156 
0.0858785 0.0245227 -0.996004 -6.56463 0.00426612 0.999679 0.0249811 -0.0106056 0.996297 -0.00639436 0.0857463 5.50777 
0.0488385 0.022545 -0.998552 -7.03123 0.000162467 0.999745 0.0225798 0.0110292 0.998807 -0.00126495 0.0488223 5.47699 
0.0139646 0.0199815 -0.999703 -7.49271 0.00212619 0.999798 0.0200131 0.0180846 0.9999 -0.00240499 0.0139193 5.45428 
-0.0170286 0.0171781 -0.999707 -7.99304 0.00193979 0.999851 0.0171475 0.0278663 0.999853 -0.00164718 -0.0170594 5.41476 
-0.0441258 0.0159172 -0.998899 -8.5132 0.00213746 0.999872 0.0158382 0.0225431 0.999024 -0.00143619 -0.0441542 5.37196 
-0.0646919 0.0138109 -0.99781 -9.02206 0.00228317 0.999904 0.0136918 0.0242699 0.997903 -0.00139237 -0.0647172 5.30325 
-0.0819733 0.01273 -0.996553 -9.53807 0.00394401 0.999915 0.0124485 0.0332689 0.996627 -0.00290993 -0.0820165 5.24787 
-0.094567 0.0128829 -0.995435 -10.0833 0.0049576 0.99991 0.0124698 0.0410571 0.995506 -0.0037557 -0.0946224 5.17553 
-0.10471 0.0139027 -0.994406 -10.6222 0.00258418 0.999903 0.0137074 0.0415252 0.994499 -0.00113439 -0.104736 5.11005 
-0.111103 0.0153543 -0.99369 -11.1892 0.000550756 0.999881 0.0153884 0.0419567 0.993809 0.00116246 -0.111099 5.01721 
-0.116312 0.0171767 -0.993064 -11.7557 -0.000115527 0.99985 0.0173076 0.031614 0.993213 0.00212785 -0.116293 4.94115 
-0.117333 0.0176309 -0.992936 -12.3524 0.0017383 0.999845 0.0175482 0.0367876 0.993091 0.000332995 -0.117345 4.85295 
-0.117079 0.0201487 -0.992918 -12.9675 0.00493499 0.999794 0.0197063 0.0285024 0.99311 -0.00259281 -0.117154 4.78448 
-0.115174 0.0231208 -0.993076 -13.5804 0.00427036 0.999731 0.0227804 0.0251432 0.993336 -0.00161703 -0.115242 4.69387 
-0.113771 0.023092 -0.993239 -14.2356 -9.29535e-06 0.99973 0.0232439 0.0210781 0.993507 0.00265376 -0.11374 4.61144 
-0.111897 0.0205068 -0.993508 -14.8944 -0.00120917 0.999784 0.0207725 0.0312138 0.993719 0.00352574 -0.111848 4.51498 
-0.110285 0.0200026 -0.993699 -15.5759 0.000118872 0.999798 0.0201122 0.0529616 0.9939 0.0021 -0.110265 4.43229 
-0.108621 0.0226509 -0.993825 -16.2613 0.000900136 0.999742 0.0226874 0.069711 0.994083 0.0015698 -0.108614 4.35843 
-0.106726 0.0256212 -0.993958 -16.9828 0.000517359 0.999669 0.0257129 0.0819625 0.994288 0.00223005 -0.106704 4.26433 
-0.105828 0.0279269 -0.993992 -17.6765 -0.00189943 0.999598 0.0282866 0.0828456 0.994383 0.00488156 -0.105732 4.20051 
-0.104449 0.0273925 -0.994153 -18.4032 -0.00136292 0.999616 0.0276863 0.0790931 0.994529 0.00424679 -0.104372 4.12197 
-0.102103 0.0246242 -0.994469 -19.1787 -0.00630996 0.999657 0.0254005 0.0668025 0.994754 0.00886856 -0.101912 4.01812 
-0.100392 0.0237407 -0.994665 -19.9449 -0.00668951 0.999677 0.0245355 0.0874169 0.994926 0.00911702 -0.100201 3.92978 
-0.0991088 0.0267355 -0.994717 -20.6852 -0.00345294 0.999624 0.0272114 0.0844978 0.995071 0.00613163 -0.0989792 3.85472 
-0.0969754 0.0286219 -0.994875 -21.4398 -0.00070884 0.999584 0.0288265 0.096969 0.995287 0.00350071 -0.0969148 3.74988 
-0.0955092 0.0297989 -0.994982 -22.2454 0.000511344 0.999553 0.0298867 0.117628 0.995428 0.00234571 -0.0954818 3.64319 
-0.0952938 0.0250197 -0.995135 -23.0315 0.00218434 0.999687 0.0249249 0.123339 0.995447 0.000201518 -0.0953186 3.56257 
-0.0966909 0.0187819 -0.995137 -23.7965 0.00395915 0.999821 0.0184856 0.11461 0.995307 -0.00215247 -0.096748 3.50649 
-0.0960409 0.0142623 -0.995275 -24.6174 0.00745354 0.99988 0.013609 0.127067 0.99535 -0.00611126 -0.0961357 3.40289 
-0.0966986 0.0151174 -0.995199 -25.4368 0.00887483 0.999858 0.0143259 0.128773 0.995274 -0.00744689 -0.096819 3.31443 
-0.0973206 0.0227956 -0.994992 -26.27 0.00883572 0.999718 0.0220397 0.129442 0.995214 -0.00664652 -0.0974946 3.22271 
-0.0965838 0.0300292 -0.994872 -27.1214 0.00757271 0.999538 0.0294349 0.134489 0.995296 -0.0046909 -0.0967666 3.11757 
-0.096725 0.0344993 -0.994713 -27.9753 0.00592258 0.999401 0.034086 0.161959 0.995294 -0.00259426 -0.0968714 3.01169 
-0.0973504 0.0353258 -0.994623 -28.806 0.00402461 0.999376 0.0351007 0.164526 0.995242 -0.000585869 -0.0974318 2.91137 
-0.0978889 0.0317481 -0.994691 -29.6467 0.0041323 0.999495 0.0314948 0.182658 0.995189 -0.00102733 -0.0979707 2.81436 
-0.0986882 0.029905 -0.994669 -30.4841 0.00319509 0.999553 0.0297348 0.180232 0.995113 -0.000243543 -0.0987396 2.72982 
-0.0996631 0.0296066 -0.994581 -31.3192 0.00161071 0.999561 0.0295934 0.203903 0.99502 0.00134743 -0.099667 2.64973 
-0.0992952 0.0315921 -0.994556 -32.1524 0.000531372 0.999497 0.031696 0.217573 0.995058 0.00261882 -0.099262 2.54009 
-0.0984875 0.0309103 -0.994658 -33.0031 -0.00233474 0.999508 0.0312922 0.200499 0.995136 0.00540419 -0.0983668 2.43339 
-0.0981859 0.0261803 -0.994824 -33.8266 -0.00392017 0.999636 0.0266939 0.204771 0.99516 0.00652088 -0.0980475 2.33053 
-0.0990721 0.0223425 -0.994829 -34.6276 -0.00641379 0.999713 0.0230909 0.204804 0.99506 0.00866832 -0.0989003 2.25748 
-0.0984771 0.0226968 -0.99488 -35.4765 -0.00659322 0.999703 0.0234594 0.216532 0.995118 0.00886972 -0.0982982 2.1758 
-0.0978941 0.0255855 -0.994868 -36.3117 -0.00561258 0.999639 0.0262605 0.212451 0.995181 0.00815457 -0.0977152 2.06345 
-0.0975671 0.0295962 -0.994789 -37.1747 -0.00597255 0.999522 0.0303228 0.246639 0.995211 0.00889997 -0.0973437 1.96628 
-0.0980157 0.0348171 -0.994576 -38.0204 -0.00290403 0.999374 0.0352712 0.265826 0.995181 0.00634545 -0.0978532 1.89192 
-0.0990459 0.0385112 -0.994337 -38.8237 -0.00285415 0.999236 0.0389852 0.275916 0.995079 0.00669935 -0.0988603 1.8118 
-0.0992487 0.0379414 -0.994339 -39.6317 -0.00253807 0.99926 0.0383825 0.292178 0.995059 0.00633315 -0.099079 1.71822 
-0.0995566 0.033615 -0.994464 -40.4547 -0.00245402 0.999418 0.0340281 0.304118 0.995029 0.00582819 -0.0994162 1.622 
-0.100844 0.0300751 -0.994448 -41.2511 -0.00375679 0.999524 0.0306096 0.296565 0.994895 0.00682275 -0.100683 1.55168 
-0.101302 0.0278749 -0.994465 -42.062 -0.00821103 0.99955 0.0288539 0.292982 0.994822 0.0110886 -0.101027 1.44806 
-0.100929 0.025462 -0.994568 -42.906 -0.0108584 0.999585 0.0266924 0.311167 0.994834 0.0134935 -0.10061 1.32532 
-0.102814 0.0241373 -0.994408 -43.7374 -0.0105238 0.999623 0.0253519 0.29841 0.994645 0.0130716 -0.102521 1.2458 
-0.104536 0.0205889 -0.994308 -44.5773 -0.00672443 0.999748 0.0214086 0.306106 0.994498 0.00892415 -0.104371 1.16221 
-0.106307 0.0185717 -0.99416 -45.4019 -0.00274771 0.999816 0.0189712 0.314963 0.99433 0.00474848 -0.106237 1.08375 
-0.108911 0.0217278 -0.993814 -46.2293 -0.0019123 0.999755 0.0220673 0.323549 0.99405 0.00430389 -0.108843 0.988997 
-0.110957 0.0289326 -0.993404 -47.0527 2.65657e-05 0.999576 0.0291094 0.319293 0.993825 0.00320356 -0.110911 0.886207 
-0.111488 0.0316369 -0.993262 -47.8487 0.00266742 0.999499 0.0315362 0.335648 0.993762 0.000866502 -0.111517 0.764796 
-0.112818 0.0313343 -0.993122 -48.6512 0.00295229 0.999509 0.0312005 0.337765 0.993611 0.000588025 -0.112855 0.651561 
-0.114433 0.027859 -0.99304 -49.4452 -0.000759796 0.999604 0.0281307 0.340747 0.993431 0.00397363 -0.114367 0.548857 
-0.114704 0.0232205 -0.993128 -50.2373 -0.00707489 0.999682 0.0241909 0.351983 0.993375 0.0098011 -0.114503 0.421452 
-0.117036 0.0207713 -0.99291 -51.03 -0.0102497 0.999703 0.0221215 0.365368 0.993075 0.0127661 -0.116789 0.316539 
-0.118214 0.0229139 -0.992724 -51.8094 -0.0122946 0.999623 0.0245372 0.356631 0.992912 0.0151058 -0.117888 0.20525 
-0.119492 0.0241391 -0.992542 -52.5944 -0.0112926 0.999607 0.0256704 0.359102 0.992771 0.0142758 -0.119173 0.097153 
-0.120449 0.0234089 -0.992443 -53.3774 -0.0122999 0.99961 0.0250707 0.364741 0.992643 0.0152268 -0.120114 -0.00535877 
-0.121665 0.0230887 -0.992303 -54.1416 -0.0131788 0.999604 0.0248744 0.370097 0.992484 0.0161038 -0.121313 -0.0985124 
-0.122396 0.0235378 -0.992202 -54.9539 -0.0110531 0.999624 0.0250773 0.390146 0.99242 0.0140363 -0.122089 -0.202909 
-0.122735 0.0251573 -0.992121 -55.7563 -0.00845574 0.999616 0.0263934 0.422943 0.992404 0.0116285 -0.122475 -0.313898 
-0.124045 0.0302776 -0.991815 -56.4519 -0.00857238 0.999464 0.0315833 0.387018 0.99224 0.01242 -0.123719 -0.394693 
-0.124499 0.0317167 -0.991713 -57.2312 -0.00905928 0.999411 0.0331002 0.405486 0.992178 0.0131052 -0.124138 -0.499047 
-0.125699 0.0316163 -0.991565 -57.9362 -0.00999272 0.999401 0.0331329 0.420471 0.992018 0.0140732 -0.125308 -0.603202 
-0.127058 0.0298586 -0.991446 -58.6871 -0.00846094 0.999478 0.0311848 0.418071 0.991859 0.0123509 -0.126739 -0.694968 
-0.127438 0.0264196 -0.991495 -59.4098 -0.00757724 0.99959 0.0276092 0.428946 0.991818 0.0110313 -0.127185 -0.797862 
-0.128917 0.0233926 -0.991379 -60.1352 -0.00772546 0.999668 0.0245928 0.436156 0.991625 0.0108293 -0.128693 -0.873216 
-0.129702 0.0210459 -0.99133 -60.8352 -0.00727746 0.999728 0.0221763 0.442652 0.991526 0.0100907 -0.129513 -0.936283 
-0.128218 0.0198057 -0.991548 -61.5165 -0.00876192 0.999739 0.0211023 0.449734 0.991707 0.0113936 -0.128011 -1.0397 
-0.124982 0.0195256 -0.991967 -62.1858 -0.00715708 0.999763 0.0205808 0.470821 0.992133 0.00967185 -0.124813 -1.12835 
-0.120175 0.0201259 -0.992549 -62.8425 -0.005246 0.999768 0.0209075 0.482606 0.992739 0.00771949 -0.120041 -1.20932 
-0.112371 0.0207278 -0.99345 -63.4881 -0.00377255 0.999766 0.0212863 0.4929 0.993659 0.00613985 -0.112267 -1.30491 
-0.10459 0.0226304 -0.994258 -64.1196 -0.00515925 0.999715 0.0232974 0.486248 0.994502 0.00756633 -0.104443 -1.36693 
-0.0932062 0.0237888 -0.995363 -64.731 -0.00685652 0.999676 0.0245339 0.495543 0.995623 0.00911148 -0.0930129 -1.43335 
-0.0794801 0.0273712 -0.996461 -65.3243 -0.00870397 0.999566 0.0281508 0.441571 0.996798 0.0109106 -0.0792073 -1.475 
-0.0618727 0.028739 -0.99767 -65.8874 -0.00925268 0.999526 0.0293663 0.438688 0.998041 0.0110481 -0.0615775 -1.4947 
-0.0407372 0.0285408 -0.998762 -66.4476 -0.0092359 0.999539 0.0289397 0.443207 0.999127 0.0104034 -0.0404548 -1.50185 
-0.0146911 0.0284861 -0.999486 -66.98 -0.00835252 0.999556 0.0286108 0.453507 0.999857 0.00876859 -0.0144466 -1.51219 
0.0143404 0.0280781 -0.999503 -67.4902 -0.00625129 0.999589 0.0279908 0.454849 0.999878 0.00584683 0.01451 -1.48817 
0.0478674 0.0284808 -0.998448 -67.985 -0.00534729 0.999586 0.0282569 0.449836 0.998839 0.00398645 0.0479999 -1.43249 
0.0857131 0.0281742 -0.995921 -68.4456 -0.00421812 0.999601 0.0279153 0.467435 0.996311 0.00180826 0.0857977 -1.37822 
0.126873 0.0285122 -0.991509 -68.9018 -0.00346615 0.999593 0.0283012 0.458371 0.991913 -0.000153891 0.12692 -1.3019 
0.17203 0.0288735 -0.984669 -69.3229 -0.00225437 0.999579 0.0289169 0.468813 0.985089 -0.00275472 0.172022 -1.20181 
0.221607 0.0273022 -0.974754 -69.7564 0.000919791 0.999602 0.0282072 0.470291 0.975136 -0.00714743 0.221493 -1.08747 
0.272892 0.0236393 -0.961754 -70.1531 0.00876172 0.999596 0.0270555 0.457487 0.962005 -0.0158098 0.272574 -0.947021 
0.325862 0.0186373 -0.945234 -70.5431 0.0136522 0.999609 0.0244159 0.453077 0.945319 -0.0208606 0.32548 -0.79451 
0.378693 0.0142313 -0.925413 -70.9287 0.0196634 0.999532 0.0234177 0.453816 0.925314 -0.0270648 0.378236 -0.595666 
0.431584 0.013193 -0.901976 -71.3096 0.0189177 0.999541 0.0236719 0.477903 0.901874 -0.0272797 0.431136 -0.395469 
0.481406 0.0124243 -0.87641 -71.6662 0.0207921 0.999456 0.0255896 0.47394 0.876251 -0.0305414 0.480886 -0.178195 
0.528099 0.00814418 -0.849144 -72.0214 0.0289836 0.999199 0.0276088 0.485777 0.848688 -0.0391913 0.52744 0.0758221 
0.574183 0.00158488 -0.818726 -72.3666 0.0390836 0.998805 0.0293433 0.502947 0.817794 -0.0488471 0.573435 0.350024 
0.617495 -0.00427932 -0.786563 -72.6565 0.0410159 0.9988 0.0267657 0.513943 0.785504 -0.0487892 0.61693 0.63024 
0.660375 -0.0100083 -0.75087 -72.9729 0.038286 0.99906 0.0203553 0.524008 0.74996 -0.0421898 0.660137 0.926966 
0.702567 -0.0174861 -0.711403 -73.2523 0.0348607 0.999344 0.00986415 0.533346 0.710763 -0.0317302 0.702716 1.22836 
0.743902 -0.0166154 -0.668082 -73.5284 0.0264005 0.999641 0.0045352 0.503051 0.667767 -0.0210114 0.744074 1.55577 
0.782576 -0.0178724 -0.622299 -73.767 0.0247957 0.99969 0.00247087 0.498493 0.622062 -0.0173639 0.782776 1.91639 
0.818056 -0.0196096 -0.574804 -74.0085 0.0250051 0.999686 0.00148252 0.499042 0.574595 -0.0155858 0.81829 2.30515 
0.850481 -0.0180454 -0.525696 -74.2587 0.0211763 0.999776 -5.96373e-05 0.503865 0.525579 -0.0110815 0.850673 2.72396 
0.87762 -0.0175105 -0.479036 -74.4721 0.0207347 0.999784 0.0014413 0.512924 0.478908 -0.0111975 0.877794 3.18155 
0.900654 -0.0116281 -0.434382 -74.7005 0.0143615 0.999892 0.00301083 0.507901 0.4343 -0.00895004 0.900724 3.63334 
0.919711 -0.00699828 -0.392534 -74.9135 0.0084957 0.999962 0.00207765 0.505273 0.392504 -0.00524564 0.919735 4.09679 
0.933847 -0.00171653 -0.35767 -75.0795 0.00323288 0.999988 0.00364154 0.516851 0.357659 -0.00455689 0.933841 4.60773 
0.94485 -0.00203349 -0.327496 -75.2671 0.00418866 0.999974 0.00587544 0.508652 0.327475 -0.00692313 0.944834 5.1495 
0.95274 -0.00218005 -0.303781 -75.4185 0.00460825 0.999963 0.00727649 0.522093 0.303754 -0.00833245 0.952714 5.75053 
0.959255 -0.00245574 -0.282533 -75.6041 0.00496306 0.999954 0.00815895 0.543335 0.2825 -0.00922869 0.959223 6.30391 
0.964549 -0.00024215 -0.263904 -75.7783 0.0032538 0.999935 0.0109747 0.540687 0.263884 -0.0114443 0.964487 6.92148 
0.968683 0.00393576 -0.24827 -75.9562 -0.000671125 0.999912 0.0132327 0.536598 0.2483 -0.0126516 0.968601 7.51711 
0.972229 0.006679 -0.233936 -76.1315 -0.00347045 0.999894 0.0141243 0.538548 0.234005 -0.0129202 0.97215 8.14576 
0.975421 0.00597244 -0.220268 -76.3065 -0.00274432 0.999884 0.0149583 0.532826 0.220332 -0.0139861 0.975325 8.76681 
0.978405 0.00640508 -0.206596 -76.4523 -0.00349033 0.999889 0.0144697 0.544081 0.206666 -0.0134361 0.978319 9.44665 
0.981234 0.00659142 -0.192708 -76.5897 -0.00376932 0.99988 0.0150072 0.547186 0.192784 -0.0139991 0.981141 10.1278 
0.983678 0.00927436 -0.179701 -76.7069 -0.00666936 0.999864 0.0150948 0.557178 0.179817 -0.0136499 0.983605 10.8571 
0.985946 0.009213 -0.166811 -76.8399 -0.00724827 0.999897 0.012383 0.551143 0.166908 -0.0109998 0.985911 11.5299 
0.987701 0.00991705 -0.156043 -76.9605 -0.0087955 0.99993 0.00787602 0.53852 0.15611 -0.00640663 0.987719 12.2585 
0.988893 0.0062873 -0.148497 -77.0502 -0.00596341 0.999979 0.00262605 0.521087 0.14851 -0.0017113 0.988909 12.9999 
0.990216 0.00646656 -0.139395 -77.1894 -0.00619713 0.999978 0.00236652 0.533076 0.139407 -0.00147947 0.990234 13.7387 
0.991295 0.00936531 -0.131325 -77.323 -0.00838379 0.999933 0.0080246 0.536376 0.131391 -0.0068537 0.991307 14.4696 
0.991964 0.0104027 -0.12609 -77.454 -0.00822352 0.999808 0.0177908 0.512016 0.12625 -0.0166109 0.991859 15.1906 
0.992615 0.0112892 -0.12078 -77.5764 -0.00865999 0.999715 0.0222711 0.502254 0.120997 -0.0210607 0.992429 15.9381 
0.993137 0.0100208 -0.116526 -77.6878 -0.00757528 0.999742 0.0214109 0.494287 0.11671 -0.0203812 0.992957 16.6744 
0.993479 0.0107371 -0.11351 -77.7812 -0.00844366 0.999751 0.0206661 0.49829 0.113704 -0.0195728 0.993322 17.4312 
0.993824 0.00790994 -0.110685 -77.8736 -0.00546546 0.999735 0.0223708 0.50454 0.110832 -0.0216276 0.993604 18.1796 
0.994229 0.00603992 -0.107108 -77.979 -0.00336941 0.999679 0.0250959 0.50615 0.107225 -0.0245902 0.993931 18.9657 
0.994438 0.00599088 -0.105151 -78.06 -0.00313311 0.999622 0.0273217 0.50304 0.105274 -0.0268403 0.994081 19.7328 
0.99479 0.00465904 -0.101839 -78.1566 -0.00227211 0.99972 0.0235414 0.506541 0.10192 -0.0231873 0.994522 20.4914 
0.994915 0.00690563 -0.100485 -78.2392 -0.00525464 0.999847 0.0166853 0.501461 0.100585 -0.0160724 0.994799 21.2266 
0.995071 0.00770663 -0.0988634 -78.3307 -0.0068713 0.999938 0.00878669 0.496875 0.0989249 -0.00806402 0.995062 21.9769 
0.9951 0.00790135 -0.0985562 -78.4039 -0.00748891 0.999962 0.00455366 0.493742 0.0985884 -0.00379323 0.995121 22.7322 
0.995259 0.00793336 -0.0969384 -78.4805 -0.0074135 0.999956 0.00572145 0.495581 0.0969795 -0.00497563 0.995274 23.4431 
0.995427 0.0119772 -0.0947726 -78.5712 -0.0111017 0.999891 0.00975937 0.484107 0.0948791 -0.00866256 0.995451 24.2133 
0.995461 0.0151271 -0.0939637 -78.6415 -0.01378 0.999793 0.0149685 0.474602 0.0941706 -0.0136057 0.995463 24.9526 
0.995833 0.0157144 -0.0898315 -78.7495 -0.0142702 0.999759 0.0166955 0.468047 0.0900721 -0.015344 0.995817 25.7256 
0.995919 0.011823 -0.0894725 -78.8251 -0.0103547 0.999804 0.0168561 0.459285 0.0896542 -0.0158608 0.995847 26.4711 
0.996038 0.011388 -0.0882013 -78.9118 -0.0099841 0.999817 0.0163411 0.46376 0.0883711 -0.0153957 0.995969 27.2313 
0.99604 0.00891564 -0.0884641 -78.9693 -0.00756849 0.99985 0.0155515 0.455079 0.0885895 -0.0148203 0.995958 27.9778 
0.996039 0.00714674 -0.0886261 -79.0303 -0.00585796 0.999873 0.014793 0.456315 0.0887205 -0.0142152 0.995955 28.7183 
0.99609 0.00518042 -0.0881879 -79.1185 -0.00402525 0.999904 0.0132712 0.463493 0.0882482 -0.0128643 0.996015 29.4736 
0.996186 0.00793733 -0.0868899 -79.2305 -0.00667555 0.999868 0.0148021 0.458216 0.0869959 -0.0141656 0.996108 30.182 
0.99624 0.00832941 -0.0862379 -79.3147 -0.00718723 0.999882 0.0135461 0.458674 0.0863405 -0.0128753 0.996183 30.9736 
0.995929 0.00626763 -0.089928 -79.3665 -0.00501931 0.999888 0.0141003 0.443921 0.0900063 -0.0135915 0.995848 31.7496 
0.995843 0.00407818 -0.0910007 -79.4673 -0.00285422 0.999904 0.0135756 0.467837 0.0910472 -0.0132594 0.995758 32.5148 
0.995485 0.00383491 -0.0948431 -79.546 -0.00254056 0.999902 0.0137639 0.445163 0.0948865 -0.0134608 0.995397 33.3185 
0.995246 0.00798994 -0.0970627 -79.6569 -0.00669181 0.999884 0.0136919 0.446146 0.0971608 -0.0129773 0.995184 34.0933 
0.995 0.00816255 -0.0995369 -79.7534 -0.00738609 0.999939 0.00816628 0.450432 0.0995974 -0.00739022 0.995 34.8651 
0.994617 0.00773846 -0.103327 -79.8333 -0.00722756 0.99996 0.00531759 0.440347 0.103364 -0.00454212 0.994633 35.6569 
0.994439 0.006754 -0.105101 -79.9361 -0.00647647 0.999975 0.00298131 0.444939 0.105118 -0.00228401 0.994457 36.4625 
0.994263 0.00629602 -0.106774 -80.0465 -0.00597932 0.999977 0.00328563 0.448654 0.106792 -0.0026283 0.994278 37.2829 
0.994103 0.00526212 -0.108317 -80.1571 -0.0048835 0.999981 0.00376002 0.446291 0.108335 -0.00320884 0.994109 38.0964 
0.993877 0.00576506 -0.110346 -80.2671 -0.00520993 0.999972 0.00531812 0.445996 0.110373 -0.00471062 0.993879 38.9044 
0.993732 0.00649315 -0.111597 -80.3695 -0.00548521 0.999941 0.00933625 0.433227 0.111651 -0.00866555 0.99371 39.7305 
0.993738 0.0063516 -0.111558 -80.5049 -0.00490264 0.9999 0.0132575 0.439153 0.111631 -0.0126275 0.993669 40.549 
0.993851 0.00611883 -0.110555 -80.6165 -0.00448507 0.999877 0.01502 0.440599 0.110634 -0.0144318 0.993757 41.412 
0.994006 0.0101931 -0.108853 -80.7253 -0.00857697 0.999846 0.0153048 0.441078 0.108992 -0.0142794 0.99394 42.2407 
0.994132 0.00883516 -0.107811 -80.8337 -0.00728967 0.999865 0.0147205 0.425996 0.107926 -0.0138481 0.994062 43.1093 
0.994301 0.00632154 -0.106423 -80.9351 -0.00496114 0.999903 0.0130425 0.416908 0.106495 -0.0124401 0.994235 43.9593 
0.994579 0.0035147 -0.103922 -81.0448 -0.00249329 0.999947 0.00995642 0.432479 0.103952 -0.00964329 0.994536 44.8223 
0.994729 0.00279043 -0.102503 -81.1418 -0.00179157 0.99995 0.00983511 0.432511 0.102525 -0.00959958 0.994684 45.682 
0.994783 -0.00165002 -0.102005 -81.2414 0.00291445 0.999921 0.0122476 0.426787 0.101977 -0.0124809 0.994709 46.56 
0.995053 -0.00282445 -0.0993105 -81.3678 0.00431723 0.999881 0.0148193 0.430402 0.0992568 -0.0151747 0.994946 47.4059 
0.995014 -0.00395789 -0.0996528 -81.4597 0.00550689 0.999868 0.0152733 0.426484 0.0995792 -0.0157459 0.994905 48.3059 
0.995222 -0.00276373 -0.0975999 -81.5805 0.00400383 0.999914 0.012512 0.403648 0.0975569 -0.0128429 0.995147 49.1603 
0.995267 -0.00143567 -0.0971649 -81.6866 0.00212965 0.999973 0.00703853 0.394107 0.0971521 -0.0072121 0.995243 49.9667 
0.995464 -0.000482116 -0.0951333 -81.7953 0.000693947 0.999997 0.00219319 0.374101 0.0951319 -0.00224921 0.995462 50.792 
0.995558 0.00389508 -0.0940753 -81.9038 -0.00417641 0.999987 -0.00279415 0.340734 0.0940631 0.00317468 0.995561 51.626 
0.995622 0.0030635 -0.0934192 -81.9994 -0.00344924 0.999986 -0.00396844 0.326792 0.0934058 0.00427334 0.995619 52.4584 
0.995691 0.00171817 -0.0927223 -82.0981 -0.0015341 0.999997 0.00205597 0.317294 0.0927255 -0.00190482 0.99569 53.2975 
0.995651 0.00136681 -0.0931474 -82.2065 -0.000339703 0.999939 0.0110412 0.305353 0.0931567 -0.0109615 0.995591 54.1576 
0.995469 0.0014141 -0.0950744 -82.2931 0.000270773 0.999843 0.0177059 0.313397 0.0950845 -0.0176514 0.995313 55.0082 
0.995334 0.000261281 -0.0964912 -82.3979 0.00124933 0.999878 0.0155943 0.312598 0.0964834 -0.0156421 0.995212 55.8471 
0.995082 -0.00483674 -0.0989378 -82.4802 0.00603681 0.999912 0.0118333 0.308853 0.0988718 -0.0123723 0.995023 56.6678 
0.994863 -0.00648634 -0.101023 -82.5884 0.0075026 0.999925 0.00968262 0.309671 0.100952 -0.0103908 0.994837 57.509 
0.994623 -0.0048163 -0.103449 -82.6886 0.00564401 0.999954 0.0077095 0.294332 0.103407 -0.00825187 0.994605 58.3208 
0.9944 -0.00439591 -0.105587 -82.8156 0.00480544 0.999982 0.0036241 0.286379 0.105569 -0.00411115 0.994404 59.1292 
0.994019 -0.00390217 -0.109135 -82.9283 0.00392941 0.999992 3.41537e-05 0.279099 0.109134 -0.000462742 0.994027 59.9324 
0.993768 0.000938007 -0.111465 -83.0499 -0.0014376 0.999989 -0.00440212 0.283515 0.11146 0.00453497 0.993759 60.7332 
0.993502 0.00440923 -0.113732 -83.1752 -0.00509396 0.999971 -0.00573099 0.274056 0.113703 0.00627314 0.993495 61.5433 
0.993224 0.0107411 -0.115715 -83.3121 -0.0113634 0.999924 -0.00471981 0.271013 0.115655 0.00600279 0.993271 62.3316 
0.992688 0.0122617 -0.120085 -83.411 -0.0122666 0.999925 0.000697758 0.251004 0.120084 0.000780424 0.992763 63.1638 
0.992196 0.00923477 -0.124343 -83.5321 -0.00846159 0.999941 0.00674458 0.221338 0.124398 -0.00563977 0.992216 63.9225 
0.991536 0.00995243 -0.129449 -83.6489 -0.00876345 0.999914 0.00975105 0.218918 0.129534 -0.00853406 0.991538 64.717 
0.990764 0.00955656 -0.13526 -83.7802 -0.00819152 0.99991 0.0106447 0.215679 0.135349 -0.00943832 0.990753 65.5037 
0.989962 0.0104514 -0.140948 -83.9093 -0.00853306 0.999863 0.0142076 0.210681 0.141077 -0.0128622 0.989915 66.276 
0.989343 0.00930114 -0.145306 -84.0896 -0.0074384 0.999883 0.0133572 0.216327 0.145414 -0.012134 0.989297 66.9661 
0.988249 0.016591 -0.151947 -84.215 -0.0147176 0.999801 0.0134454 0.193859 0.15214 -0.0110511 0.988297 67.7125 
0.987396 0.0169195 -0.157366 -84.384 -0.0156344 0.999834 0.00940059 0.193022 0.157498 -0.00682175 0.987496 68.5292 
0.986625 0.0190998 -0.161886 -84.5439 -0.0182163 0.99981 0.00694028 0.190897 0.161987 -0.00389845 0.986785 69.2785 
0.985788 0.0200482 -0.166792 -84.7059 -0.0194359 0.999797 0.0053025 0.186411 0.166865 -0.00198534 0.985978 70.021 
0.985014 0.0195915 -0.171357 -84.8574 -0.0182281 0.999789 0.00952599 0.195 0.171508 -0.00625967 0.985163 70.7647 
0.983924 0.0209744 -0.177353 -85.0027 -0.018925 0.999733 0.0132393 0.2048 0.177583 -0.00966999 0.984058 71.4933 
0.982927 0.021986 -0.182679 -85.1532 -0.0196469 0.9997 0.0146046 0.209281 0.182945 -0.0107662 0.983064 72.2104 
0.981614 0.0216183 -0.189649 -85.3436 -0.0200076 0.999746 0.0104035 0.212005 0.189825 -0.00641777 0.981797 73.0354 
0.979943 0.0219319 -0.198067 -85.5078 -0.0215874 0.999759 0.0038983 0.199428 0.198105 0.000455695 0.980181 73.7585 
0.978241 0.0189901 -0.206599 -85.6791 -0.0187742 0.999819 0.00300553 0.178361 0.206619 0.000938641 0.978421 74.4543 
0.975825 0.0195911 -0.217673 -85.8584 -0.0188637 0.999807 0.00541893 0.172985 0.217737 -0.00118176 0.976007 75.1974 
0.973392 0.0186123 -0.228388 -86.0551 -0.0166491 0.999806 0.0105194 0.177253 0.22854 -0.00643702 0.973513 75.8779 
0.971184 0.0250422 -0.237013 -86.3084 -0.0213709 0.999609 0.0180469 0.184304 0.237372 -0.0124616 0.971339 76.5768 
0.96838 0.0275706 -0.247952 -86.5191 -0.0231576 0.999518 0.0206968 0.189816 0.248403 -0.0143003 0.968551 77.2972 
0.965407 0.0283511 -0.259201 -86.7449 -0.0250626 0.999558 0.0159835 0.177168 0.25954 -0.00893432 0.965691 78.0196 
0.961975 0.0283033 -0.271667 -86.9584 -0.0271527 0.999599 0.00799427 0.160327 0.271785 -0.000313757 0.962358 78.7224 
0.958761 0.0265671 -0.28297 -87.1994 -0.0270147 0.999632 0.00232052 0.173737 0.282928 0.00541959 0.959126 79.4314 
0.955128 0.0259608 -0.295052 -87.4364 -0.0251331 0.999662 0.00659762 0.186469 0.295124 0.00111405 0.955458 80.1566 
0.951622 0.0252256 -0.306233 -87.6921 -0.0218756 0.999658 0.0143668 0.166216 0.30649 -0.00697272 0.951848 80.8921 
0.94818 0.0240203 -0.316824 -87.9699 -0.0189255 0.999638 0.0191487 0.162297 0.31717 -0.0121603 0.948291 81.5839 
0.943906 0.0192545 -0.329653 -88.2219 -0.0141837 0.999741 0.0177806 0.149268 0.32991 -0.0121075 0.943935 82.2883 
0.939757 0.0178764 -0.341376 -88.4887 -0.0141434 0.99981 0.013421 0.145905 0.341551 -0.00778419 0.939831 82.9713 
0.936221 0.0131276 -0.351167 -88.749 -0.0116624 0.999912 0.00628732 0.141573 0.351218 -0.00179084 0.936292 83.664 
0.933816 0.0104935 -0.3576 -89.0408 -0.011546 0.999933 -0.000808307 0.162829 0.357567 0.00488369 0.933875 84.3531 
0.931335 0.0101519 -0.364023 -89.3361 -0.0123114 0.999918 -0.00361236 0.160242 0.363957 0.007846 0.931383 85.0452 
0.9287 0.0162976 -0.370474 -89.6626 -0.0187792 0.999819 -0.00309222 0.140101 0.370356 0.00982898 0.928838 85.7394 
0.925497 0.0159851 -0.378417 -89.9697 -0.0176092 0.999845 -0.00083153 0.128882 0.378345 0.00743324 0.925635 86.4346 
0.922195 0.0181052 -0.386302 -90.2931 -0.0170083 0.999836 0.0062574 0.102119 0.386352 0.000799851 0.922351 87.1431 
0.919643 0.0202232 -0.392233 -90.6242 -0.0156201 0.999767 0.0149235 0.104695 0.392444 -0.00759752 0.919745 87.8446 
0.917646 0.0303973 -0.396235 -90.9866 -0.0241562 0.999493 0.0207327 0.106515 0.396664 -0.00945375 0.917915 88.5221 
0.914976 0.0369096 -0.401817 -91.3287 -0.0323244 0.999312 0.0181879 0.0952982 0.402212 -0.00365296 0.915539 89.1935 
0.912534 0.0326444 -0.407697 -91.6542 -0.0311816 0.999461 0.0102344 0.101881 0.407812 0.00337344 0.91306 89.8652 
0.909959 0.0238375 -0.414012 -91.9455 -0.0243455 0.999695 0.0040501 0.0717687 0.413983 0.00639395 0.910262 90.5787 
0.907761 0.0228989 -0.418862 -92.2565 -0.0242076 0.999705 0.00219024 0.0770907 0.418788 0.00815149 0.908047 91.2723 
0.905186 0.0274838 -0.424125 -92.5964 -0.0277633 0.999599 0.00552147 0.0931645 0.424107 0.00677722 0.905587 91.9586 
0.902962 0.0301098 -0.428664 -92.9536 -0.0282882 0.999543 0.0106211 0.0783815 0.428788 0.00253575 0.903402 92.6407 
0.901474 0.0264122 -0.432027 -93.3199 -0.0250697 0.999647 0.00880312 0.0568018 0.432107 0.00289505 0.901818 93.3224 
0.898151 0.0262932 -0.438901 -93.6338 -0.0271501 0.999622 0.00432516 0.0271253 0.438849 0.00803162 0.898525 94.0092 
0.895959 0.0226929 -0.443558 -93.9943 -0.0267865 0.999637 -0.0029646 0.0289624 0.443329 0.0145376 0.896241 94.687 
0.892932 0.0237011 -0.449568 -94.3455 -0.0286596 0.99958 -0.00422615 0.0232686 0.449279 0.0166581 0.893236 95.3966 
0.89073 0.0275969 -0.453694 -94.7141 -0.0304334 0.999536 0.00104946 -0.0076251 0.453512 0.0128727 0.891157 96.0663 
0.889509 0.0287321 -0.456013 -95.104 -0.030264 0.999534 0.00394403 -0.0308902 0.455914 0.0102926 0.889964 96.726 
0.886956 0.0303271 -0.460858 -95.4725 -0.0313242 0.999494 0.00548663 -0.0565483 0.460791 0.00956965 0.887457 97.3971 
0.884738 0.0292951 -0.465167 -95.8466 -0.0307021 0.999518 0.00455255 -0.0647729 0.465076 0.0102538 0.885211 98.0806 
0.882557 0.0260423 -0.469485 -96.2211 -0.0281226 0.999601 0.00258182 -0.0646371 0.469365 0.0109246 0.882937 98.7447 
0.879958 0.0259882 -0.47434 -96.5893 -0.027431 0.999616 0.00387919 -0.0837115 0.474259 0.00959815 0.880333 99.4106 
0.877902 0.0268426 -0.478087 -96.9718 -0.0282292 0.999592 0.00428613 -0.0893896 0.478007 0.00973327 0.878302 100.059 
0.875401 0.0274681 -0.482617 -97.3496 -0.0283972 0.999582 0.00538243 -0.108641 0.482563 0.00899322 0.875815 100.708 
0.873228 0.0239545 -0.486722 -97.7312 -0.0271904 0.99963 0.000415247 -0.115141 0.486552 0.0128716 0.873557 101.35 
0.872247 0.021147 -0.488608 -98.1439 -0.0259337 0.999659 -0.00303082 -0.131657 0.488377 0.0153151 0.872498 101.962 
0.870892 0.0197572 -0.491078 -98.5315 -0.0253062 0.999669 -0.00465986 -0.154988 0.490823 0.0164856 0.871103 102.578 
0.868614 0.0229604 -0.494956 -98.9021 -0.026762 0.999642 -0.00059352 -0.16994 0.494765 0.0137616 0.868918 103.212 
0.866594 0.0281192 -0.498221 -99.2829 -0.0268353 0.999592 0.00973948 -0.199795 0.498292 0.00492981 0.866995 103.855 
0.864372 0.0299835 -0.501959 -99.6388 -0.0244248 0.999546 0.0176463 -0.185887 0.50226 -0.00299263 0.864711 104.486 
0.863549 0.0312107 -0.503298 -100.019 -0.0227822 0.999478 0.0228907 -0.187051 0.50375 -0.0083009 0.86381 105.092 
0.862973 0.0285179 -0.504445 -100.401 -0.0205465 0.999561 0.0213587 -0.169243 0.504832 -0.0080674 0.86318 105.669 
0.862621 0.0294363 -0.504994 -100.778 -0.0228272 0.999554 0.0192714 -0.182635 0.505336 -0.00509625 0.862908 106.21 
0.859663 0.0286305 -0.510059 -101.12 -0.0243831 0.99959 0.015013 -0.1641 0.51028 -0.000469255 0.860008 106.816 
0.858888 0.0273309 -0.511434 -101.472 -0.0245073 0.999624 0.0122629 -0.143761 0.511577 0.00200146 0.859235 107.353 
0.857642 0.0266535 -0.513556 -101.809 -0.0241972 0.999641 0.0114717 -0.135198 0.513678 0.00258804 0.857979 107.899 
0.855831 0.0273935 -0.51653 -102.124 -0.0255311 0.999617 0.0107113 -0.111549 0.516625 0.00402058 0.856202 108.413 
0.8557 0.0286167 -0.51668 -102.46 -0.0267441 0.999581 0.0110703 -0.0996298 0.516781 0.00434532 0.856107 108.887 
0.854493 0.0271425 -0.518753 -102.77 -0.0259407 0.999618 0.00957299 -0.0793292 0.518814 0.00527678 0.854871 109.362 
0.853647 0.0217892 -0.520396 -103.067 -0.0188968 0.999762 0.0108626 -0.113822 0.520509 0.000561065 0.853856 109.796 
0.852926 0.0208383 -0.521616 -103.344 -0.018954 0.99978 0.0089479 -0.112141 0.521688 0.00225485 0.853134 110.183 
0.850843 0.0196106 -0.525054 -103.601 -0.0195257 0.999793 0.00570077 -0.126032 0.525057 0.00540163 0.85105 110.633 
0.849716 0.0161796 -0.526993 -103.864 -0.0185 0.999829 0.000867193 -0.113863 0.526916 0.00901257 0.849869 111.023 
0.846232 0.0115123 -0.532691 -104.089 -0.0155301 0.999875 -0.00306219 -0.0919796 0.532589 0.0108641 0.846304 111.435 
0.843758 0.00623276 -0.536688 -104.334 -0.0102473 0.999937 -0.00449774 -0.0591445 0.536627 0.00929466 0.843769 111.804 
0.840508 0.00774517 -0.541744 -104.574 -0.0113537 0.99993 -0.00331939 -0.0652677 0.541681 0.00894082 0.840537 112.155 
0.836856 0.0109869 -0.547313 -104.811 -0.0145964 0.999891 -0.00224626 -0.0566245 0.547228 0.00986864 0.836925 112.478 
0.833643 0.0166507 -0.552053 -105.047 -0.0187191 0.999823 0.00188875 -0.0535719 0.551986 0.00875942 0.833807 112.788 
0.829389 0.0231895 -0.55819 -105.243 -0.0212959 0.999724 0.00989005 -0.072289 0.558266 0.0036845 0.829654 113.075 
0.824972 0.0253973 -0.564602 -105.452 -0.0207879 0.999677 0.0145937 -0.0891536 0.564791 -0.000302464 0.825234 113.353 
0.819212 0.0234049 -0.573013 -105.631 -0.0163655 0.999714 0.0174365 -0.107528 0.573257 -0.00490652 0.819361 113.615 
0.813345 0.0199821 -0.581438 -105.856 -0.0127727 0.999782 0.016492 -0.0812685 0.581641 -0.00598711 0.813423 113.862 
0.804587 0.0190229 -0.593531 -106.032 -0.0101798 0.999782 0.0182436 -0.0916947 0.593748 -0.00863644 0.804605 114.081 
0.793453 0.0196037 -0.608316 -106.192 -0.00986573 0.999764 0.0193503 -0.0869743 0.608552 -0.00935199 0.793459 114.305 
0.780693 0.0225062 -0.624509 -106.355 -0.0127511 0.999717 0.0200879 -0.102692 0.624784 -0.00771922 0.780759 114.504 
0.766331 0.0213289 -0.642092 -106.519 -0.0122981 0.999753 0.018532 -0.115976 0.642329 -0.00630504 0.766403 114.676 
0.75074 0.0196065 -0.660307 -106.669 -0.0130068 0.999804 0.014899 -0.125452 0.66047 -0.00259672 0.750848 114.847 
0.736165 0.0161116 -0.67661 -106.84 -0.0133766 0.999868 0.0092551 -0.122715 0.67667 0.00223752 0.736283 114.992 
0.720768 0.0167741 -0.692974 -107.019 -0.0179923 0.999823 0.00548766 -0.118666 0.692943 0.00851292 0.720942 115.122 
0.704193 0.0202209 -0.709721 -107.163 -0.0246094 0.999689 0.00406481 -0.117386 0.709582 0.0146035 0.704471 115.254 
0.686739 0.0235016 -0.726524 -107.339 -0.0281418 0.999588 0.00573389 -0.121607 0.726359 0.0165081 0.687117 115.38 
0.666578 0.0237324 -0.745057 -107.489 -0.0258563 0.999628 0.00870843 -0.137217 0.744986 0.0134596 0.666944 115.528 
0.646145 0.0212318 -0.762919 -107.673 -0.022346 0.999711 0.00889594 -0.110778 0.762887 0.0113002 0.646433 115.67 
0.625474 0.0195819 -0.78 -107.871 -0.0201258 0.999757 0.00896021 -0.0790329 0.779986 0.0100938 0.625716 115.757 
0.601787 0.0232679 -0.798317 -108.082 -0.0230625 0.999665 0.0117514 -0.065885 0.798323 0.0113394 0.602122 115.868 
0.575429 0.0253534 -0.817459 -108.253 -0.0253162 0.999593 0.0131815 -0.0331049 0.81746 0.01311 0.575836 115.996 
0.551942 0.0280388 -0.833411 -108.461 -0.0272343 0.999508 0.0155904 -0.0269787 0.833438 0.0140925 0.552434 116.067 
0.52619 0.0306459 -0.849815 -108.674 -0.0294846 0.999407 0.0177841 -0.0187446 0.849856 0.0156987 0.526782 116.153 
0.501057 0.0339408 -0.864748 -108.908 -0.0342191 0.999226 0.0193915 -0.000641967 0.864737 0.0198747 0.501831 116.209 
0.472437 0.0364663 -0.88061 -109.109 -0.0384881 0.999044 0.0207222 0.012134 0.880524 0.0241031 0.473389 116.292 
0.442453 0.032885 -0.896189 -109.325 -0.0379664 0.999118 0.0179178 0.045775 0.895988 0.0260974 0.443311 116.377 
0.410447 0.0305425 -0.911373 -109.562 -0.0386701 0.999123 0.0160677 0.0419067 0.911064 0.028648 0.411268 116.445 
0.375397 0.0238096 -0.926558 -109.814 -0.0373421 0.999247 0.0105483 0.0742193 0.926112 0.0306398 0.376003 116.516 
0.339014 0.0227329 -0.940507 -110.021 -0.0388884 0.999192 0.0101337 0.072497 0.939977 0.0331394 0.339625 116.539 
0.295873 0.0210189 -0.954996 -110.322 -0.0390061 0.99919 0.00990689 0.0860384 0.954431 0.0343195 0.296453 116.61 
0.252453 0.0194054 -0.967415 -110.575 -0.0368418 0.999267 0.0104302 0.0886158 0.966908 0.0330082 0.252983 116.644 
0.205747 0.0165783 -0.978465 -110.879 -0.0344569 0.999359 0.00968686 0.0993357 0.977999 0.0317219 0.206186 116.663 
0.154022 0.0132682 -0.987978 -111.219 -0.0353618 0.999343 0.00790807 0.130821 0.987434 0.0337188 0.15439 116.712 
0.104998 0.0128941 -0.994389 -111.564 -0.0342094 0.999371 0.00934653 0.134302 0.993884 0.0330362 0.105373 116.685 
0.0529169 0.0137844 -0.998504 -111.92 -0.0331073 0.999379 0.0120419 0.144897 0.99805 0.0324206 0.0533404 116.662 
-0.000939582 0.015403 -0.999881 -112.316 -0.0289355 0.999462 0.0154238 0.165344 0.999581 0.0289466 -0.000493382 116.634 
-0.0548111 0.0141865 -0.998396 -112.714 -0.0280412 0.999483 0.0157414 0.19814 0.998103 0.028859 -0.054385 116.585 
-0.107795 0.0201798 -0.993968 -113.051 -0.0214771 0.999513 0.0226216 0.154301 0.993941 0.0237861 -0.107309 116.493 
-0.161606 0.0219848 -0.98661 -113.458 -0.0190477 0.999496 0.0253919 0.158545 0.986672 0.0228962 -0.161106 116.399 
-0.212784 0.0205715 -0.976883 -113.875 -0.0198852 0.99948 0.0253787 0.204444 0.976897 0.0248258 -0.212264 116.266 
-0.26261 0.0227438 -0.964634 -114.277 -0.0160517 0.999481 0.0279353 0.196443 0.964769 0.0228201 -0.262108 116.121 
-0.310388 0.0248776 -0.950285 -114.697 -0.0111888 0.999493 0.0298204 0.212758 0.950544 0.0198884 -0.309952 115.938 
-0.357235 0.0277108 -0.933604 -115.149 -0.00465822 0.999495 0.0314489 0.218079 0.934003 0.0155836 -0.356925 115.723 
-0.401299 0.0293467 -0.915477 -115.56 0.00107015 0.999501 0.0315711 0.231208 0.915947 0.0116898 -0.40113 115.507 
