1 2.12261e-08 -2.11895e-08 -1.079e-14 2.12261e-08 1 2.10703e-08 -6.66134e-15 -2.11895e-08 2.10703e-08 1 -1.66533e-16 
0.999997 0.00230375 0.000322023 -0.0197679 -0.00230425 0.999996 0.00167691 -0.0282087 -0.000318201 -0.0016776 0.999999 0.70646 
0.99999 0.00425687 0.00136502 -0.0658355 -0.00426107 0.999986 0.00312515 -0.0603824 -0.00135174 -0.0031309 0.999994 1.40075 
0.99998 0.0054033 0.00337262 -0.116823 -0.00541304 0.999981 0.00289694 -0.0815099 -0.00335695 -0.0029151 0.99999 2.10203 
0.999961 0.00645071 0.0059606 -0.209994 -0.00645974 0.999978 0.00150532 -0.0626353 -0.0059508 -0.00154372 0.999981 2.76816 
0.999944 0.00681631 0.00814517 -0.267322 -0.00683099 0.999975 0.0017812 -0.0821068 -0.00813287 -0.0018367 0.999965 3.41532 
0.999932 0.00648941 0.0096813 -0.326916 -0.00651549 0.999975 0.00266876 -0.105447 -0.00966378 -0.00273162 0.99995 4.09706 
0.999922 0.00755931 0.00993578 -0.325379 -0.00759959 0.999963 0.00402739 -0.0942942 -0.00990501 -0.00410254 0.999943 4.76715 
0.999899 0.00721706 0.0122509 -0.346032 -0.00731428 0.999942 0.0079129 -0.0992913 -0.0121931 -0.00800166 0.999894 5.45338 
0.999907 0.00584242 0.0122978 -0.311726 -0.00598138 0.999918 0.0112972 -0.107459 -0.0122309 -0.0113697 0.999861 6.08393 
0.999892 0.00496598 0.0138631 -0.332695 -0.00515881 0.99989 0.0139117 -0.118402 -0.0137925 -0.0139817 0.999807 6.68958 
0.99987 0.00395159 0.0156518 -0.340188 -0.00415432 0.999908 0.0129442 -0.11817 -0.0155993 -0.0130075 0.999794 7.28619 
0.999847 0.00510402 0.0167365 -0.351826 -0.00529202 0.999923 0.0112106 -0.139365 -0.0166781 -0.0112974 0.999797 7.82165 
0.999835 0.00620325 0.0170944 -0.34745 -0.00634898 0.999944 0.00848618 -0.135125 -0.0170409 -0.00859326 0.999818 8.34763 
0.999791 0.00509377 0.0198257 -0.362846 -0.00519976 0.999972 0.00530031 -0.118417 -0.0197982 -0.00540225 0.999789 8.85182 
0.999726 0.00188583 0.0233141 -0.394555 -0.00195371 0.999994 0.00289095 -0.124058 -0.0233085 -0.00293566 0.999724 9.31247 
0.999654 0.000236739 0.0263081 -0.406982 -0.00026164 1 0.00094472 -0.123278 -0.0263079 -0.000951234 0.999653 9.7534 
0.999589 0.00464073 0.028278 -0.395011 -0.00462194 0.999989 -0.000728039 -0.138764 -0.0282811 0.000597082 0.9996 10.1725 
0.999445 0.0102516 0.0316842 -0.411295 -0.0101836 0.999946 -0.00230653 -0.143241 -0.0317061 0.00198263 0.999495 10.5281 
0.999343 0.00957219 0.0349621 -0.403246 -0.00951333 0.999953 -0.00184816 -0.14029 -0.0349782 0.00151439 0.999387 10.887 
0.999212 0.00572277 0.0392696 -0.40967 -0.00565581 0.999982 -0.00181494 -0.137829 -0.0392794 0.00159145 0.999227 11.2152 
0.999129 0.00113156 0.0417108 -0.392223 -0.00103363 0.999997 -0.00236844 -0.140594 -0.0417134 0.00232331 0.999127 11.4905 
0.998983 -0.00251706 0.0450283 -0.405304 0.00257948 0.999996 -0.00132727 -0.146367 -0.0450248 0.00144211 0.998985 11.7279 
0.998871 -0.00353438 0.0473789 -0.376453 0.0035714 0.999993 -0.000695805 -0.148125 -0.0473762 0.000864269 0.998877 11.998 
0.998751 -0.00190965 0.0499262 -0.368423 0.00200175 0.999996 -0.0017939 -0.148904 -0.0499227 0.00189165 0.998751 12.1922 
0.998636 -0.00152419 0.052188 -0.365612 0.00166817 0.999995 -0.0027146 -0.166476 -0.0521836 0.002798 0.998634 12.3808 
0.998537 0.000169871 0.0540662 -0.350387 1.59203e-05 0.999994 -0.0034351 -0.174239 -0.0540665 0.00343098 0.998531 12.5579 
0.998424 0.00340021 0.0560163 -0.352363 -0.00320352 0.999988 -0.00359993 -0.182064 -0.0560279 0.00341484 0.998423 12.7175 
0.998347 0.00501239 0.0572608 -0.355088 -0.00469961 0.999973 -0.00559493 -0.17899 -0.0572873 0.00531661 0.998344 12.8589 
0.998291 0.00321698 0.0583564 -0.32564 -0.00280516 0.999971 -0.00713684 -0.187186 -0.0583776 0.00696098 0.99827 13.0192 
0.998215 0.00278502 0.0596623 -0.311596 -0.00226876 0.999959 -0.00871836 -0.184122 -0.0596842 0.00856748 0.998181 13.1734 
0.998141 0.00126346 0.060929 -0.306918 -0.000669201 0.999952 -0.00977198 -0.190707 -0.0609384 0.00971308 0.998094 13.3061 
0.998004 0.00286344 0.0630853 -0.302982 -0.00215881 0.999935 -0.0112341 -0.193396 -0.0631134 0.0110755 0.997945 13.4348 
0.997957 0.00348826 0.0637954 -0.291825 -0.00266454 0.999912 -0.0129919 -0.19944 -0.0638352 0.0127954 0.997878 13.549 
0.997878 0.00381338 0.0650076 -0.299939 -0.00284359 0.999883 -0.0150035 -0.203993 -0.0650573 0.0147868 0.997772 13.659 
0.997846 0.00298783 0.065537 -0.283041 -0.00181295 0.999837 -0.0179785 -0.204155 -0.0655801 0.017821 0.997688 13.7773 
0.997935 0.00078008 0.0642224 -0.25227 0.000456933 0.999815 -0.0192438 -0.208063 -0.0642255 0.0192334 0.99775 13.944 
0.998054 0.00015444 0.0623585 -0.261372 0.00108169 0.999804 -0.019788 -0.222458 -0.0623494 0.0198169 0.997858 14.0405 
0.998257 0.000737885 0.0590123 -0.255303 0.000492843 0.999783 -0.0208374 -0.213664 -0.0590149 0.0208302 0.99804 14.1784 
0.998472 0.00184553 0.0552224 -0.263395 -0.000636638 0.99976 -0.0219001 -0.215213 -0.0552496 0.0218315 0.998234 14.2892 
0.998744 0.00291966 0.0500241 -0.274985 -0.00175301 0.999726 -0.0233488 -0.22517 -0.0500786 0.0232319 0.998475 14.3988 
0.999041 0.00259305 0.0437174 -0.283207 -0.00154382 0.99971 -0.0240161 -0.231409 -0.0437671 0.0239256 0.998755 14.5149 
0.999336 0.00324112 0.0362953 -0.28699 -0.00235238 0.999697 -0.0245013 -0.237447 -0.0363638 0.0243997 0.999041 14.6368 
0.999589 0.00414101 0.0283573 -0.285929 -0.00341693 0.999668 -0.0255336 -0.234777 -0.0284537 0.0254262 0.999272 14.7778 
0.999836 0.00302719 0.0178697 -0.293472 -0.00255046 0.999642 -0.0266385 -0.237579 -0.017944 0.0265886 0.999485 14.9118 
0.999989 0.00154061 0.00448401 -0.296086 -0.00141415 0.999605 -0.0280624 -0.245159 -0.00452551 0.0280557 0.999596 15.0737 
0.999931 0.000683193 -0.0117299 -0.312313 -0.00104408 0.999525 -0.0307919 -0.238828 0.0117033 0.0308021 0.999457 15.2331 
0.999546 0.000908422 -0.0301107 -0.352362 -0.00185513 0.999504 -0.0314294 -0.240639 0.0300672 0.0314711 0.999052 15.4014 
0.998628 0.0016255 -0.0523473 -0.377361 -0.00325042 0.999515 -0.0309718 -0.248471 0.0522715 0.0310994 0.998149 15.5849 
0.997053 0.00315494 -0.0766481 -0.414289 -0.00548046 0.99953 -0.0301494 -0.236276 0.076517 0.0304807 0.996602 15.8001 
0.994647 0.00330508 -0.103279 -0.470374 -0.00635079 0.999554 -0.0291755 -0.242396 0.103137 0.0296753 0.994224 16.0214 
0.991076 0.00494803 -0.133204 -0.55169 -0.00860057 0.999602 -0.0268596 -0.249598 0.133018 0.0277655 0.990725 16.2506 
0.985966 0.00524301 -0.166862 -0.614188 -0.00912928 0.999704 -0.0225321 -0.260645 0.166694 0.0237393 0.985723 16.491 
0.978893 0.00491781 -0.204312 -0.689336 -0.0089053 0.999787 -0.018602 -0.260711 0.204177 0.0200288 0.978729 16.7728 
0.969532 0.00696281 -0.244867 -0.801248 -0.0104158 0.999864 -0.0128096 -0.269951 0.244744 0.0149699 0.969472 17.0587 
0.957918 0.0115882 -0.286808 -0.931927 -0.014493 0.999863 -0.00800719 -0.274044 0.286676 0.011827 0.957955 17.3415 
0.943993 0.0145113 -0.329648 -1.0649 -0.016638 0.999855 -0.00363113 -0.277836 0.329547 0.00891249 0.944097 17.6375 
0.927398 0.0168505 -0.373697 -1.23525 -0.017154 0.99985 0.00251366 -0.287046 0.373683 0.00407926 0.927548 17.949 
0.908079 0.0197392 -0.418334 -1.41572 -0.0173195 0.999804 0.00958039 -0.273746 0.418441 -0.00145436 0.908243 18.2705 
0.885977 0.0239346 -0.463111 -1.58342 -0.0180699 0.999691 0.0170965 -0.312942 0.463377 -0.00677874 0.886136 18.5416 
0.86062 0.0288783 -0.508428 -1.79646 -0.0205117 0.999546 0.0220529 -0.313864 0.508834 -0.00855039 0.860822 18.8455 
0.832471 0.031751 -0.553158 -2.01926 -0.0215504 0.999457 0.0249362 -0.3087 0.553649 -0.00883789 0.832703 19.1266 
0.801533 0.03505 -0.596923 -2.25981 -0.0231946 0.999352 0.0275346 -0.319537 0.597501 -0.00822445 0.801826 19.3846 
0.766748 0.0370028 -0.640881 -2.52845 -0.0233283 0.999284 0.0297861 -0.299975 0.641524 -0.00788768 0.767062 19.6696 
0.730225 0.0411952 -0.681964 -2.84385 -0.0256783 0.99913 0.0328587 -0.275561 0.682725 -0.00648249 0.730647 19.9307 
0.690455 0.0416547 -0.722175 -3.18779 -0.0224239 0.999093 0.0361882 -0.271821 0.723027 -0.00879228 0.690764 20.2239 
0.649662 0.0411145 -0.759111 -3.56842 -0.0211273 0.999127 0.036033 -0.234123 0.75993 -0.00737128 0.649963 20.4943 
0.606538 0.0402683 -0.794034 -3.9598 -0.0148537 0.999116 0.0393225 -0.234434 0.794916 -0.0120562 0.6066 20.7518 
0.562448 0.0397499 -0.825877 -4.38586 -0.0101985 0.999101 0.0411418 -0.200553 0.82677 -0.0147174 0.562348 20.9833 
0.515682 0.0415453 -0.855772 -4.83264 -0.00751579 0.999005 0.0439699 -0.182081 0.856747 -0.0162426 0.515481 21.2067 
0.46623 0.0407027 -0.883727 -5.30176 -0.0057297 0.999059 0.0429919 -0.158815 0.884645 -0.0149806 0.466024 21.4034 
0.414538 0.0399098 -0.909156 -5.76698 -0.000270058 0.999043 0.0437325 -0.149747 0.910032 -0.0178832 0.414152 21.5674 
0.361253 0.0389381 -0.931655 -6.28012 0.00454749 0.999042 0.0435179 -0.12819 0.932457 -0.0199576 0.36073 21.7233 
0.306634 0.0384882 -0.951049 -6.80869 0.00674932 0.999069 0.0426076 -0.108728 0.951804 -0.0194838 0.306089 21.849 
0.254001 0.0451314 -0.96615 -7.35975 0.00780662 0.998783 0.0487081 -0.105552 0.967172 -0.0199142 0.25334 21.9394 
0.201801 0.0505926 -0.978119 -7.95154 0.0129454 0.99844 0.0543145 -0.0865174 0.979341 -0.0236228 0.200831 22.0322 
0.152994 0.0512937 -0.986895 -8.57832 0.0188707 0.998318 0.0548129 -0.0574125 0.988047 -0.0270094 0.151769 22.1035 
0.108749 0.0527894 -0.992667 -9.17225 0.022752 0.998195 0.0555759 -0.0319823 0.993809 -0.0286289 0.107351 22.1318 
0.0684476 0.0510784 -0.996346 -9.831 0.0232967 0.998334 0.0527808 -0.000282225 0.997383 -0.0268243 0.0671437 22.1481 
0.0338266 0.0469254 -0.998326 -10.5055 0.0193005 0.99868 0.047596 0.0329915 0.999241 -0.0208781 0.0328763 22.1158 
0.00326692 0.046133 -0.99893 -11.1959 0.0183905 0.998764 0.0461855 0.0654082 0.999826 -0.0185217 0.00241447 22.1 
-0.0173306 0.0504299 -0.998577 -11.869 0.0176044 0.998588 0.0501249 0.0960638 0.999695 -0.0167106 -0.0181939 22.0555 
-0.0302767 0.0567349 -0.99793 -12.5765 0.0197728 0.998226 0.0561519 0.116494 0.999346 -0.0180318 -0.0313448 22.006 
-0.0379245 0.0595916 -0.997502 -13.2953 0.0190316 0.998082 0.0589027 0.138122 0.999099 -0.0167502 -0.0389859 21.9388 
-0.0418424 0.0573834 -0.997475 -14.0748 0.0220279 0.99816 0.0564988 0.148902 0.998881 -0.0196082 -0.0430294 21.8942 
-0.0415002 0.0534632 -0.997707 -14.8885 0.029397 0.9982 0.0522668 0.196795 0.998706 -0.0271605 -0.0429972 21.8715 
-0.0381454 0.0505272 -0.997994 -15.6698 0.0426452 0.997893 0.0488921 0.245014 0.998362 -0.0406946 -0.0402197 21.8588 
-0.032791 0.050843 -0.998168 -16.5018 0.0431641 0.997846 0.0494086 0.288038 0.99853 -0.0414648 -0.0349149 21.8278 
-0.0275594 0.0499541 -0.998371 -17.3712 0.0393889 0.998029 0.0488497 0.313468 0.998844 -0.0379785 -0.0294727 21.7914 
-0.0247695 0.0424371 -0.998792 -18.2127 0.0476795 0.998012 0.0412215 0.344052 0.998556 -0.0466008 -0.0267436 21.7681 
-0.0237648 0.032014 -0.999205 -19.1145 0.0453536 0.998493 0.0309125 0.363572 0.998688 -0.0445829 -0.025181 21.773 
-0.0244622 0.0242212 -0.999407 -20.0047 0.0378198 0.999013 0.0232859 0.381314 0.998985 -0.0372277 -0.0253541 21.7559 
-0.0263306 0.0209792 -0.999433 -20.9113 0.0328137 0.999259 0.0201111 0.407851 0.999115 -0.0322655 -0.0269995 21.7019 
-0.0308992 0.0267565 -0.999164 -21.8452 0.0227987 0.9994 0.0260578 0.435885 0.999263 -0.0219744 -0.0314906 21.6624 
-0.0364556 0.0351565 -0.998717 -22.8365 0.0198924 0.999209 0.0344477 0.440043 0.999137 -0.018611 -0.0371261 21.6053 
-0.0415202 0.0445034 -0.998146 -23.8514 0.0186465 0.998868 0.0437599 0.470572 0.998964 -0.0167949 -0.042303 21.5479 
-0.0435164 0.054611 -0.997559 -24.8645 0.0176739 0.998391 0.0538855 0.508247 0.998896 -0.0152858 -0.0444115 21.485 
-0.0449116 0.0620484 -0.997062 -25.885 0.0190456 0.997941 0.0612452 0.550419 0.998809 -0.016239 -0.0460009 21.4256 
-0.0482964 0.0624369 -0.99688 -26.9364 0.0194717 0.997914 0.0615583 0.612743 0.998643 -0.0164378 -0.0494114 21.3912 
-0.050402 0.0605679 -0.996891 -27.9407 0.0189439 0.998038 0.0596798 0.636245 0.998549 -0.015877 -0.0514505 21.3301 
-0.0525586 0.055614 -0.997068 -28.9804 0.0188204 0.998326 0.0546921 0.678962 0.998441 -0.0158906 -0.0535173 21.2412 
-0.0574868 0.0498575 -0.997101 -30.03 0.019231 0.998622 0.0488248 0.722168 0.998161 -0.0163684 -0.0583664 21.1612 
-0.0611733 0.0452356 -0.997102 -31.0931 0.0192978 0.998839 0.0441305 0.774228 0.997941 -0.0165422 -0.0619752 21.0107 
-0.0689599 0.0452599 -0.996592 -32.1257 0.0181631 0.998862 0.0441061 0.787018 0.997454 -0.0150596 -0.0697035 20.9254 
-0.0734623 0.0458084 -0.996245 -33.1861 0.0184135 0.998837 0.0445698 0.855996 0.997128 -0.0150701 -0.0742204 20.766 
-0.0795047 0.0496938 -0.995595 -34.2726 0.0182006 0.998663 0.0483935 0.914514 0.996668 -0.0142729 -0.0803028 20.6533 
-0.0839022 0.0525872 -0.995085 -35.3356 0.0137439 0.998573 0.0516126 0.952505 0.996379 -0.00934594 -0.0845052 20.4868 
-0.090726 0.0550124 -0.994355 -36.411 0.0113467 0.998465 0.0542045 0.995863 0.995811 -0.00636488 -0.091211 20.3965 
-0.0916259 0.0548538 -0.994282 -37.5191 0.00709254 0.998492 0.0544325 1.05369 0.995768 -0.00206451 -0.0918768 20.2393 
-0.0937184 0.0556581 -0.994042 -38.61 0.00310503 0.998448 0.055612 1.0986 0.995594 0.00212538 -0.0937457 20.1016 
-0.0950902 0.0554485 -0.993923 -39.7427 0.0008982 0.998452 0.0556152 1.14895 0.995468 0.00439576 -0.0949928 19.9624 
-0.0964012 0.053994 -0.993877 -40.8343 0.000710869 0.998531 0.0541779 1.21065 0.995342 0.00451634 -0.0962979 19.82 
-0.0978671 0.0529467 -0.99379 -41.8755 -0.0015417 0.998575 0.0533535 1.25606 0.995198 0.00675371 -0.0976459 19.6845 
-0.0976806 0.0522818 -0.993844 -42.9461 -0.00378178 0.998593 0.0529033 1.29801 0.995211 0.00892616 -0.0973454 19.5362 
-0.100319 0.0511046 -0.993642 -43.962 -0.0102036 0.998575 0.0523885 1.31319 0.994903 0.0153944 -0.0996548 19.4247 
-0.101474 0.0453669 -0.993803 -45.0534 -0.0151498 0.998773 0.0471407 1.36021 0.994723 0.0198395 -0.100662 19.2999 
-0.099311 0.0449493 -0.994041 -46.177 -0.0165803 0.998766 0.0468195 1.39759 0.994918 0.0211313 -0.0984431 19.1157 
-0.0977141 0.0487359 -0.994021 -47.323 -0.0164254 0.998585 0.0505744 1.44893 0.995079 0.0212691 -0.0967754 18.9571 
-0.0966632 0.0525551 -0.993929 -48.4513 -0.0163584 0.998386 0.0543817 1.49437 0.995183 0.0215158 -0.0956475 18.858 
-0.0945469 0.0509469 -0.994216 -49.547 -0.0149337 0.998505 0.0525868 1.55554 0.995408 0.0198193 -0.0936447 18.7169 
-0.0934739 0.0500674 -0.994362 -50.6309 -0.0134656 0.99858 0.0515456 1.59728 0.995531 0.0182079 -0.092667 18.6209 
-0.0899354 0.0508146 -0.99465 -51.703 -0.0174211 0.998465 0.0525847 1.62412 0.995795 0.0220572 -0.088912 18.5111 
-0.0847016 0.051782 -0.99506 -52.848 -0.0218546 0.998312 0.0538116 1.65549 0.996167 0.0263046 -0.083427 18.4011 
-0.0785796 0.0514827 -0.995578 -53.978 -0.0255505 0.998234 0.0536367 1.70785 0.99658 0.0296523 -0.0771253 18.2831 
-0.0723426 0.049788 -0.996136 -55.086 -0.0273339 0.998279 0.0518802 1.76332 0.997005 0.0309815 -0.0708572 18.1747 
-0.0679829 0.0494472 -0.99646 -56.2143 -0.0269355 0.998316 0.051377 1.79918 0.997323 0.030333 -0.0665365 18.0845 
-0.0632819 0.0491922 -0.996783 -57.3123 -0.0274452 0.998321 0.0510105 1.85003 0.997618 0.030585 -0.0618255 18.0054 
-0.0600553 0.0497684 -0.996954 -58.4909 -0.0268779 0.998314 0.0514554 1.90354 0.997833 0.0298863 -0.0586164 17.9463 
-0.0555086 0.0506447 -0.997173 -59.5762 -0.0245257 0.998342 0.0520693 1.95213 0.998157 0.0273467 -0.0541745 17.8913 
-0.0499972 0.0510914 -0.997442 -60.7296 -0.0256147 0.998297 0.0524192 2.00978 0.998421 0.02817 -0.0486033 17.8141 
-0.0454191 0.0510047 -0.997665 -61.8474 -0.0236622 0.998361 0.0521175 2.04098 0.998688 0.0259741 -0.0441378 17.7638 
-0.0392056 0.0457415 -0.998184 -63.0135 -0.0271108 0.998535 0.0468225 2.08418 0.998863 0.0288973 -0.0379081 17.6646 
-0.03585 0.041076 -0.998513 -64.1496 -0.0245925 0.998816 0.0419714 2.10584 0.999055 0.0260607 -0.0347974 17.6241 
-0.0315801 0.0382087 -0.998771 -65.3638 -0.0205054 0.999034 0.0388671 2.18775 0.999291 0.0217076 -0.0307661 17.5217 
-0.028707 0.0391435 -0.998821 -66.5541 -0.0224313 0.998956 0.0397935 2.24462 0.999336 0.0235473 -0.027799 17.4773 
-0.0254641 0.0392862 -0.998904 -67.6909 -0.0200558 0.999006 0.0398015 2.24953 0.999475 0.0210474 -0.0246508 17.4142 
-0.0223885 0.0417528 -0.998877 -68.9045 -0.021586 0.998874 0.0422365 2.22703 0.999516 0.0225074 -0.0214621 17.3199 
-0.0261014 0.0432343 -0.998724 -70.0623 -0.0212051 0.998816 0.0437924 2.2532 0.999434 0.0223211 -0.0251537 17.3511 
-0.0243249 0.042312 -0.998808 -71.2552 -0.020211 0.998879 0.0428073 2.29432 0.9995 0.0212282 -0.0234424 17.2939 
-0.0219917 0.0397992 -0.998966 -72.4159 -0.0221281 0.998943 0.0402854 2.33038 0.999513 0.0229912 -0.0210877 17.2254 
-0.0242373 0.0391831 -0.998938 -73.5844 -0.0192743 0.999028 0.0396543 2.35526 0.99952 0.020215 -0.0234585 17.2112 
-0.0232713 0.0378149 -0.999014 -74.8192 -0.0182974 0.999101 0.0382444 2.39692 0.999562 0.0191694 -0.0225585 17.1357 
-0.0238512 0.039167 -0.998948 -76.0325 -0.0155069 0.999098 0.0395431 2.4217 0.999595 0.0164337 -0.0232223 17.1143 
-0.0213969 0.0425157 -0.998867 -77.1707 -0.0119811 0.999013 0.0427785 2.43877 0.999699 0.0128829 -0.0208664 17.034 
-0.0199187 0.0454109 -0.99877 -78.3312 -0.0193514 0.998763 0.0457965 2.46272 0.999614 0.0202398 -0.0190154 16.9568 
-0.0176664 0.0441341 -0.998869 -79.5109 -0.0205081 0.998799 0.0444937 2.50313 0.999634 0.021271 -0.0167401 16.8952 
-0.0180241 0.0420303 -0.998954 -80.6838 -0.0204794 0.998891 0.0423972 2.52436 0.999628 0.0212221 -0.0171433 16.8441 
-0.0157163 0.0395389 -0.999094 -81.9131 -0.018812 0.999029 0.0398322 2.57244 0.9997 0.019421 -0.0149572 16.7789 
-0.016229 0.0395292 -0.999087 -83.1117 -0.020775 0.998989 0.0398628 2.56498 0.999652 0.021403 -0.0153914 16.7249 
-0.0143419 0.0400112 -0.999096 -84.2466 -0.0218832 0.998947 0.0403193 2.6179 0.999658 0.0224417 -0.0134512 16.6694 
-0.0152447 0.0429572 -0.998961 -85.4589 -0.0167058 0.998926 0.0432107 2.6485 0.999744 0.0173472 -0.0145107 16.6492 
-0.0157393 0.0457192 -0.99883 -86.6211 -0.0197705 0.998745 0.0460268 2.65955 0.999681 0.0204719 -0.0148157 16.6093 
-0.0139488 0.04615 -0.998837 -87.7973 -0.0204063 0.998713 0.0464292 2.68319 0.999695 0.0210303 -0.0129891 16.5437 
-0.012947 0.0432134 -0.998982 -88.9913 -0.020141 0.998852 0.0434688 2.72126 0.999713 0.0206833 -0.0120618 16.5025 
-0.010257 0.0430606 -0.99902 -90.0838 -0.0176186 0.99891 0.0432368 2.72775 0.999792 0.0180449 -0.00948716 16.4349 
-0.0122338 0.0456007 -0.998885 -91.1906 -0.0157294 0.998827 0.0457907 2.72319 0.999801 0.0162721 -0.0115022 16.4151 
-0.0151691 0.0487893 -0.998694 -92.2238 -0.00981837 0.998753 0.0489413 2.74102 0.999837 0.010548 -0.0146711 16.449 
-0.0147144 0.0522382 -0.998526 -93.4385 -0.0110475 0.998565 0.0524031 2.76739 0.999831 0.0118023 -0.0141162 16.4072 
-0.0148143 0.0560106 -0.99832 -94.624 -0.0130645 0.998334 0.0562052 2.77707 0.999805 0.0138753 -0.0140578 16.4051 
-0.0149754 0.0574602 -0.998236 -95.8246 -0.0147855 0.998226 0.0576814 2.83183 0.999779 0.0156232 -0.0140993 16.3938 
-0.0165684 0.0567394 -0.998252 -96.9325 -0.0134816 0.998285 0.056965 2.84142 0.999772 0.0144019 -0.015775 16.3689 
-0.0162956 0.0522719 -0.9985 -98.0671 -0.015345 0.998502 0.0525224 2.88703 0.99975 0.0161779 -0.0154691 16.3142 
-0.0183444 0.050276 -0.998567 -99.2082 -0.0168722 0.998577 0.0505865 2.94134 0.999689 0.0177761 -0.01747 16.3019 
-0.018539 0.0482803 -0.998662 -100.337 -0.0165494 0.998682 0.0485885 2.9778 0.999691 0.0174281 -0.0177156 16.2546 
-0.0208988 0.049461 -0.998557 -101.495 -0.015409 0.998641 0.0497877 3.00301 0.999663 0.0164274 -0.0201083 16.2652 
-0.02176 0.0512792 -0.998447 -102.688 -0.014536 0.998562 0.0516019 3.03809 0.999658 0.0156364 -0.0209834 16.2465 
-0.0212522 0.0538668 -0.998322 -103.831 -0.0136673 0.998439 0.054164 3.07049 0.999681 0.0147955 -0.0204828 16.1847 
-0.0218027 0.0516501 -0.998427 -105.022 -0.0158841 0.998521 0.0520018 3.14041 0.999636 0.0169929 -0.0209501 16.1294 
-0.0245188 0.0529622 -0.998296 -106.156 -0.0180935 0.998409 0.0534126 3.17887 0.999536 0.0193723 -0.0235215 16.1065 
-0.023849 0.0519939 -0.998363 -107.351 -0.0219926 0.998378 0.0525201 3.23063 0.999474 0.0232092 -0.0226668 16.0328 
-0.0237808 0.0477284 -0.998577 -108.546 -0.0230619 0.998568 0.0482772 3.27807 0.999451 0.0241772 -0.0226461 15.9752 
-0.0229404 0.0463133 -0.998664 -109.747 -0.0253751 0.998578 0.0468922 3.27072 0.999415 0.0264169 -0.0217325 15.9029 
-0.0253053 0.0464734 -0.998599 -110.962 -0.0220314 0.99865 0.0470341 3.30266 0.999437 0.0231908 -0.0242472 15.878 
-0.027077 0.0455555 -0.998595 -112.114 -0.0174265 0.998788 0.0460369 3.34628 0.999481 0.0186486 -0.0262503 15.8557 
-0.0263606 0.0490534 -0.998448 -113.297 -0.0189704 0.998591 0.0495613 3.36984 0.999473 0.0202475 -0.0253928 15.7881 
-0.0288631 0.0521077 -0.998224 -114.518 -0.0177458 0.998456 0.052633 3.42442 0.999426 0.0192334 -0.0278939 15.7627 
-0.02773 0.0512022 -0.998303 -115.794 -0.0168101 0.998522 0.0516804 3.49335 0.999474 0.0182148 -0.0268283 15.6792 
-0.0283974 0.0469196 -0.998495 -117 -0.0167659 0.998735 0.0474077 3.53805 0.999456 0.018087 -0.0275748 15.6231 
-0.0299915 0.0430614 -0.998622 -118.194 -0.0167726 0.998909 0.0435775 3.5852 0.999409 0.0180565 -0.0292366 15.5674 
-0.0329321 0.0420018 -0.998575 -119.415 -0.0154532 0.998976 0.0425283 3.60917 0.999338 0.0168318 -0.0322493 15.5259 
-0.0341734 0.0412753 -0.998563 -120.66 -0.0150996 0.999011 0.0418106 3.67994 0.999302 0.0165068 -0.0335164 15.4822 
-0.0361421 0.0467292 -0.998254 -121.87 -0.0188002 0.998698 0.0474306 3.69356 0.99917 0.0204817 -0.0352165 15.4186 
-0.0380927 0.0504747 -0.997999 -123.07 -0.0233748 0.998405 0.0513874 3.713 0.999001 0.0252856 -0.0368521 15.3629 
-0.0405448 0.0505145 -0.9979 -124.318 -0.0298091 0.998216 0.0517416 3.75327 0.998733 0.0318444 -0.0389667 15.3066 
-0.041539 0.0494286 -0.997914 -125.558 -0.0339978 0.998127 0.0508544 3.78189 0.998558 0.0360394 -0.0397807 15.2465 
-0.0437196 0.0465355 -0.997959 -126.826 -0.0333853 0.998289 0.0480134 3.84432 0.998486 0.0354164 -0.0420912 15.1932 
-0.0449944 0.0469543 -0.997883 -128.107 -0.0348962 0.998211 0.0485432 3.87436 0.998378 0.0370065 -0.0432754 15.1153 
-0.0460843 0.0457605 -0.997889 -129.358 -0.0298975 0.99844 0.0471665 3.91722 0.99849 0.0320081 -0.0446443 15.0569 
-0.0440622 0.0457361 -0.997981 -130.664 -0.0308569 0.998413 0.0471183 3.97932 0.998552 0.0328707 -0.042581 14.946 
-0.0446965 0.0514555 -0.997675 -131.95 -0.0310626 0.998118 0.05287 4.00737 0.998518 0.0333536 -0.0430141 14.8577 
-0.0494428 0.0556623 -0.997225 -133.178 -0.0291857 0.997939 0.0571492 4.05207 0.99835 0.0319303 -0.0477164 14.8614 
-0.0525024 0.0545243 -0.997131 -134.402 -0.0281977 0.998029 0.0560581 4.08541 0.998223 0.03106 -0.0508615 14.8353 
-0.0548666 0.0526809 -0.997103 -135.579 -0.0262188 0.998187 0.0541809 4.13847 0.998149 0.0291156 -0.0533859 14.7849 
-0.0559244 0.0520434 -0.997078 -136.816 -0.0257856 0.998232 0.05355 4.1798 0.998102 0.0287051 -0.0544836 14.7307 
-0.05777 0.0505378 -0.99705 -138.025 -0.0252 0.998326 0.0520626 4.22669 0.998012 0.0281334 -0.0563998 14.6811 
-0.0581566 0.0543867 -0.996825 -139.257 -0.0258043 0.998099 0.0559617 4.24342 0.997974 0.0289769 -0.0566426 14.6087 
-0.0581504 0.056767 -0.996693 -140.522 -0.0245442 0.997999 0.0582734 4.28638 0.998006 0.0278517 -0.0566407 14.5156 
-0.060741 0.0590571 -0.996405 -141.689 -0.0252049 0.997839 0.0606786 4.30804 0.997835 0.0288 -0.0591212 14.4705 
-0.0607614 0.0577319 -0.996481 -142.945 -0.0276109 0.997847 0.0594946 4.32543 0.99777 0.0311287 -0.0590365 14.3823 
-0.0610762 0.0548385 -0.996626 -144.171 -0.0255585 0.998076 0.0564847 4.37666 0.997806 0.0289221 -0.0595572 14.294 
-0.0628195 0.0526508 -0.996635 -145.378 -0.0203415 0.998333 0.0540226 4.42458 0.997818 0.0236667 -0.0616438 14.2404 
-0.0674471 0.0524271 -0.996345 -146.491 -0.0170004 0.998413 0.0536868 4.45793 0.997578 0.0205594 -0.0664488 14.2274 
-0.070645 0.0522753 -0.996131 -147.698 -0.0141984 0.998472 0.0534051 4.52147 0.997401 0.0179163 -0.0697948 14.1759 
-0.0727171 0.0525022 -0.99597 -148.883 -0.0113271 0.998506 0.0534629 4.53487 0.997288 0.0151692 -0.0720137 14.0936 
-0.0730932 0.0523764 -0.995949 -150.135 -0.00989769 0.998533 0.0532387 4.58776 0.997276 0.013749 -0.0724675 13.9804 
-0.0761588 0.0547304 -0.995593 -151.33 -0.00674896 0.998441 0.0554033 4.64662 0.997073 0.0109387 -0.0756707 13.9297 
-0.0757528 0.0547848 -0.995621 -152.558 -0.00366202 0.998468 0.0552201 4.71721 0.99712 0.0078291 -0.0754361 13.8318 
-0.0777853 0.0551113 -0.995446 -153.776 -0.00403319 0.998445 0.0555925 4.7451 0.996962 0.00833914 -0.0774421 13.7529 
-0.0806176 0.0561275 -0.995164 -154.964 -0.00572818 0.998371 0.0567724 4.78961 0.996729 0.0102774 -0.0801647 13.6555 
-0.0805496 0.0603601 -0.994921 -156.207 -0.00695742 0.998106 0.0611166 4.85357 0.996726 0.011845 -0.0799771 13.5297 
-0.0839315 0.0665592 -0.994246 -157.38 -0.0107639 0.997648 0.0676956 4.8904 0.996413 0.0163838 -0.0830176 13.4536 
-0.0847097 0.0672155 -0.994136 -158.611 -0.0149131 0.997525 0.0687154 4.94146 0.996294 0.0206465 -0.0834976 13.3426 
-0.0859338 0.063395 -0.994282 -159.823 -0.0188101 0.997692 0.0652382 4.99555 0.996123 0.0243087 -0.0845431 13.2414 
-0.084705 0.0567402 -0.994789 -161.007 -0.0192584 0.998098 0.0585687 5.06468 0.99622 0.0241191 -0.0834512 13.1177 
-0.0831221 0.0564082 -0.994942 -162.218 -0.0239824 0.997994 0.0585849 5.09424 0.996251 0.0287308 -0.0816026 12.9899 
-0.0821453 0.0535608 -0.99518 -163.439 -0.019442 0.998279 0.0553323 5.15163 0.996431 0.0238936 -0.0809626 12.8679 
-0.083271 0.0492631 -0.995309 -164.599 -0.0160784 0.998581 0.0507703 5.19826 0.996397 0.0202307 -0.0823607 12.7633 
-0.0850789 0.0461473 -0.995305 -165.695 -0.00545657 0.99889 0.0467799 5.22394 0.996359 0.00941097 -0.0847327 12.6736 
-0.0873313 0.0508119 -0.994883 -166.873 -0.00463921 0.998667 0.0514124 5.24234 0.996169 0.00910541 -0.0869791 12.556 
-0.0862448 0.0565472 -0.994668 -168.082 -0.00293552 0.998369 0.0570121 5.29801 0.99627 0.00783691 -0.0859382 12.4249 
-0.0849356 0.0598323 -0.994588 -169.307 -0.00408897 0.998166 0.0603967 5.34977 0.996378 0.00919671 -0.0845352 12.3166 
-0.0853528 0.0555851 -0.994799 -170.485 -0.0030031 0.998424 0.0560453 5.41184 0.996346 0.00777115 -0.0850513 12.2249 
-0.0845724 0.0559453 -0.994846 -171.699 -0.00500477 0.998386 0.0565698 5.44355 0.996405 0.00976325 -0.0841559 12.1009 
-0.0856697 0.0562676 -0.994733 -172.92 -0.00258877 0.998388 0.0566973 5.49742 0.99632 0.00743242 -0.085386 11.9939 
-0.0834653 0.0539975 -0.995047 -174.139 -0.00456576 0.9985 0.0545678 5.55047 0.9965 0.00909771 -0.0830936 11.843 
-0.0810169 0.0532042 -0.995292 -175.251 -0.00456573 0.998544 0.0537497 5.57821 0.996702 0.00889891 -0.0806561 11.7091 
-0.0746063 0.0531657 -0.995795 -176.38 -0.0112654 0.998469 0.0541525 5.6391 0.997149 0.0152582 -0.0738931 11.5343 
-0.0740122 0.0558682 -0.995691 -177.342 -0.0111441 0.998321 0.0568441 5.64359 0.997195 0.0153033 -0.0732654 11.4622 
-0.0749744 0.0565553 -0.99558 -178.418 -0.0130742 0.998249 0.0576915 5.69753 0.9971 0.0173419 -0.0741037 11.3651 
-0.0750625 0.0572788 -0.995532 -179.468 -0.0124389 0.998217 0.0583712 5.73613 0.997101 0.0167648 -0.0742162 11.2774 
-0.0744354 0.0579459 -0.995541 -180.592 -0.0132121 0.998165 0.0590865 5.78058 0.997138 0.0175513 -0.0735332 11.119 
-0.0751695 0.0576339 -0.995504 -181.556 -0.0122467 0.9982 0.0587147 5.80563 0.997096 0.0166052 -0.0743284 11.0545 
-0.0741007 0.0575162 -0.995591 -182.525 -0.0136094 0.998184 0.058679 5.83579 0.997158 0.0178976 -0.0731834 10.9624 
-0.0717961 0.0587526 -0.995687 -183.49 -0.0113309 0.998151 0.059715 5.86651 0.997355 0.0155694 -0.0709976 10.8683 
-0.0721609 0.0571691 -0.995753 -184.375 -0.0105026 0.998257 0.0580739 5.89604 0.997338 0.0146487 -0.0714347 10.8044 
-0.0776144 0.0534209 -0.995551 -185.26 -0.00692569 0.99851 0.0541196 5.9434 0.996959 0.0110954 -0.0771288 10.7516 
-0.086298 0.0505887 -0.994984 -186.045 -0.00572618 0.998668 0.0512727 5.94222 0.996253 0.0101222 -0.0858934 10.7269 
-0.091855 0.0467319 -0.994675 -186.957 -0.00706964 0.998842 0.0475806 5.98468 0.995747 0.0114026 -0.0914183 10.645 
-0.0966104 0.0457338 -0.994271 -187.916 -0.00944321 0.998857 0.0468623 6.01851 0.995278 0.0139165 -0.096068 10.5203 
-0.0988426 0.0453274 -0.99407 -188.845 -0.0114518 0.998844 0.0466837 6.06045 0.995037 0.0159982 -0.0982093 10.3953 
-0.101733 0.0473397 -0.993685 -189.756 -0.00918907 0.99878 0.0485232 6.0932 0.994769 0.0140675 -0.101174 10.2907 
-0.106417 0.0515808 -0.992983 -190.622 -0.0100645 0.998547 0.0529484 6.08915 0.994271 0.0156286 -0.105744 10.231 
-0.107568 0.0509633 -0.992891 -191.538 -0.00900071 0.998594 0.0522312 6.14517 0.994157 0.0145552 -0.106958 10.1163 
-0.106953 0.0497051 -0.993021 -192.452 -0.00942908 0.998654 0.0510026 6.18533 0.994219 0.0148182 -0.10634 9.96184 
-0.109331 0.0488448 -0.992805 -193.305 -0.0115545 0.998662 0.0504054 6.20345 0.993938 0.0169823 -0.10862 9.86621 
-0.111845 0.0485588 -0.992539 -194.191 -0.0159868 0.998588 0.0506563 6.22271 0.993597 0.0215332 -0.110911 9.7714 
-0.110931 0.0481772 -0.99266 -195.092 -0.0193839 0.998529 0.0506283 6.22887 0.993639 0.0248579 -0.109834 9.65203 
-0.109752 0.0454713 -0.992918 -195.932 -0.0217802 0.998603 0.0481391 6.26644 0.99372 0.0269093 -0.108608 9.5294 
-0.111749 0.0426921 -0.992819 -196.846 -0.0225204 0.998711 0.0454803 6.29995 0.993481 0.0274411 -0.110643 9.43379 
-0.107539 0.0416816 -0.993327 -197.773 -0.0237947 0.998727 0.0444843 6.3483 0.993916 0.0284197 -0.10641 9.26044 
-0.108714 0.0430062 -0.993142 -198.679 -0.0187948 0.998796 0.0453084 6.38889 0.993895 0.0235916 -0.107775 9.17631 
-0.109286 0.0442533 -0.993025 -199.616 -0.017098 0.998777 0.0463913 6.42591 0.993863 0.0220487 -0.108396 9.04193 
-0.105437 0.0416047 -0.993555 -200.516 -0.0112294 0.999011 0.0430248 6.43082 0.994363 0.0156935 -0.104865 8.89508 
-0.107987 0.0379428 -0.993428 -201.446 -0.00791923 0.999207 0.0390243 6.46783 0.994121 0.0120814 -0.107601 8.81374 
-0.105255 0.0380326 -0.993718 -202.365 -0.0127204 0.999135 0.0395873 6.4903 0.994364 0.0168073 -0.10468 8.65999 
-0.105074 0.0411834 -0.993611 -203.312 -0.0145522 0.998972 0.0429444 6.53012 0.994358 0.0189716 -0.104367 8.55534 
-0.103385 0.0394331 -0.993859 -204.221 -0.0120027 0.999092 0.0408893 6.57511 0.994569 0.0161564 -0.102818 8.46799 
-0.101812 0.0407739 -0.993968 -205.129 -0.0111949 0.999049 0.0421291 6.61021 0.994741 0.0154167 -0.101259 8.35911 
-0.0998403 0.044585 -0.994004 -206.157 -0.0124919 0.998861 0.0460576 6.66762 0.994925 0.0170154 -0.0991696 8.22885 
-0.0973626 0.0496033 -0.994012 -207.135 -0.00679939 0.998701 0.0505032 6.69352 0.995226 0.0116758 -0.0968988 8.12203 
-0.0954641 0.0486054 -0.994246 -208.104 -0.00572406 0.998764 0.0493759 6.75049 0.995416 0.0104048 -0.0950679 7.99444 
-0.0911152 0.0476988 -0.994697 -209.148 -0.0111251 0.998741 0.0489118 6.81943 0.995778 0.0155228 -0.0904698 7.82379 
-0.0869768 0.0488405 -0.995012 -210.164 -0.0139366 0.99864 0.0502368 6.85928 0.996113 0.0182365 -0.0861779 7.7153 
-0.0842877 0.0508664 -0.995142 -211.157 -0.0154751 0.998509 0.0523492 6.85832 0.996321 0.0198124 -0.0833748 7.63169 
-0.0831011 0.0491615 -0.995328 -212.113 -0.0158665 0.998591 0.0506473 6.87702 0.996415 0.0200012 -0.0822039 7.56785 
-0.0813106 0.0454223 -0.995653 -213.144 -0.0137666 0.998815 0.0466908 6.91235 0.996594 0.0175033 -0.0805888 7.49983 
-0.0792599 0.0442229 -0.995873 -214.166 -0.0118648 0.998903 0.0453017 6.96678 0.996783 0.0154065 -0.0786483 7.38047 
-0.0791284 0.0451641 -0.995841 -215.188 -0.0125357 0.998849 0.0462966 7.02532 0.996786 0.016147 -0.0784711 7.31485 
-0.0832167 0.0463254 -0.995454 -216.341 -0.0139081 0.998768 0.0476423 7.10011 0.996434 0.0178096 -0.0824699 7.33864 
-0.0847572 0.0443112 -0.995416 -217.407 -0.0133588 0.99887 0.0456024 7.16182 0.996312 0.0171627 -0.0840695 7.31276 
-0.0821801 0.0416569 -0.995747 -218.471 -0.0127433 0.999001 0.0428448 7.19776 0.996536 0.0162101 -0.0815671 7.16545 
-0.0831771 0.0378143 -0.995817 -219.538 -0.00964113 0.999203 0.0387482 7.25749 0.996488 0.0128238 -0.0827462 7.08612 
-0.083645 0.0379859 -0.995771 -220.626 -0.0061043 0.999235 0.0386308 7.276 0.996477 0.0093098 -0.0833491 6.9745 
-0.0845858 0.0344612 -0.99582 -221.717 -0.00651785 0.999361 0.0351373 7.33686 0.996395 0.00946277 -0.0843072 6.87937 
-0.0852285 0.0334172 -0.995801 -222.817 -0.0113856 0.99934 0.0345105 7.39693 0.996296 0.0142791 -0.0847918 6.78058 
-0.0858742 0.0333491 -0.995748 -223.929 -0.0159987 0.999265 0.0348466 7.44014 0.996178 0.0189231 -0.0852775 6.64529 
-0.088787 0.0340719 -0.995468 -225.016 -0.0162722 0.999232 0.0356521 7.48517 0.995918 0.0193639 -0.0881643 6.57319 
-0.0911909 0.0370717 -0.995143 -226.101 -0.0157929 0.999127 0.0386673 7.49163 0.995708 0.0192424 -0.0905258 6.4838 
-0.0932202 0.0378941 -0.994924 -227.229 -0.0162469 0.999085 0.0395749 7.53203 0.995513 0.0198537 -0.0925192 6.36783 
-0.0935558 0.0363206 -0.994951 -228.371 -0.0197469 0.99907 0.0383278 7.58787 0.995418 0.023233 -0.0927516 6.22834 
-0.0954339 0.0366919 -0.994759 -229.523 -0.0217383 0.999005 0.038934 7.58897 0.995198 0.02534 -0.0945413 6.1126 
-0.0960835 0.0332915 -0.994816 -230.613 -0.0200605 0.999173 0.0353748 7.59959 0.995171 0.0233555 -0.0953362 5.96807 
-0.0972367 0.0259686 -0.994922 -231.753 -0.0165946 0.999478 0.0277094 7.6447 0.995123 0.0192047 -0.096755 5.82818 
-0.100098 0.0238924 -0.994691 -232.865 -0.0102892 0.999633 0.0250465 7.63362 0.994924 0.0127417 -0.0998156 5.70232 
-0.104454 0.025417 -0.994205 -234 -0.00585705 0.99964 0.0261713 7.63594 0.994513 0.00855684 -0.104268 5.5975 
-0.107892 0.0306163 -0.993691 -235.17 0.000238964 0.999527 0.0307702 7.64685 0.994163 0.00308242 -0.107848 5.45441 
-0.112485 0.032375 -0.993126 -236.411 -0.000257871 0.999468 0.0326109 7.67324 0.993653 0.00392438 -0.112417 5.36619 
-0.114172 0.0328456 -0.992918 -237.585 0.00285572 0.99946 0.0327337 7.68348 0.993457 0.000901807 -0.114204 5.21347 
-0.116533 0.0341001 -0.992601 -238.836 0.00817545 0.99941 0.0333741 7.68416 0.993153 -0.00422573 -0.116743 5.06914 
-0.119776 0.0383082 -0.992062 -239.963 0.00999549 0.999251 0.037379 7.66545 0.992751 -0.005439 -0.120069 4.93908 
-0.123018 0.0381322 -0.991672 -241.091 0.013453 0.999234 0.0367541 7.68823 0.992313 -0.00881951 -0.123437 4.79394 
-0.129378 0.0365652 -0.990921 -242.262 0.0170184 0.999255 0.0346507 7.69929 0.991449 -0.0123808 -0.129904 4.71024 
-0.130963 0.0359942 -0.990734 -243.483 0.0160308 0.999287 0.0341859 7.73504 0.991258 -0.0114051 -0.131446 4.51498 
-0.134135 0.0370759 -0.990269 -244.67 0.0172962 0.999235 0.0350687 7.74958 0.990812 -0.0124239 -0.134674 4.32696 
-0.136753 0.0373596 -0.989901 -245.896 0.0161188 0.99924 0.0354854 7.76397 0.990474 -0.0111033 -0.137251 4.13115 
-0.139925 0.0396761 -0.989367 -247.16 0.0134689 0.999181 0.0381648 7.75839 0.990071 -0.00798549 -0.140345 3.93757 
-0.1413 0.0413782 -0.989102 -248.396 0.010547 0.999132 0.0402911 7.78681 0.989911 -0.00473884 -0.141614 3.71086 
-0.144267 0.0417583 -0.988657 -249.626 0.00961847 0.999121 0.0407968 7.81242 0.989492 -0.0036237 -0.144542 3.54369 
-0.145935 0.0417984 -0.988411 -250.793 0.00719977 0.999125 0.0411885 7.84291 0.989268 -0.00110545 -0.146109 3.35407 
-0.145743 0.0404598 -0.988495 -252.065 0.00622901 0.999181 0.0399788 7.90582 0.989303 -0.000330685 -0.145875 3.14211 
-0.147354 0.0405849 -0.988251 -253.284 0.00726864 0.999175 0.0399497 7.90045 0.989057 -0.00129643 -0.147528 2.97321 
-0.146694 0.0402564 -0.988363 -254.516 0.0107647 0.999177 0.0390992 7.92457 0.989123 -0.00490374 -0.147006 2.77293 
-0.14707 0.0401906 -0.988309 -255.731 0.0115941 0.999176 0.0389072 7.95788 0.989058 -0.00573637 -0.147415 2.58398 
-0.148115 0.0397139 -0.988172 -256.941 0.0144563 0.999174 0.0379892 7.98507 0.988864 -0.00865854 -0.148567 2.39168 
-0.149239 0.0396913 -0.988004 -258.172 0.0154854 0.999165 0.0378006 8.02063 0.98868 -0.00965828 -0.149729 2.20247 
-0.150216 0.0401762 -0.987837 -259.465 0.0179248 0.99912 0.0379094 8.05439 0.988491 -0.0120122 -0.150804 2.00125 
-0.150619 0.0418217 -0.987707 -260.705 0.0201992 0.999026 0.0392208 8.06826 0.988386 -0.0140435 -0.151317 1.79531 
-0.151781 0.0443955 -0.987417 -261.938 0.025017 0.998843 0.0410638 8.10609 0.988098 -0.0184694 -0.152716 1.59591 
-0.151643 0.0480495 -0.987267 -263.129 0.0248023 0.998688 0.0447958 8.1355 0.988124 -0.0176935 -0.152636 1.37729 
-0.151421 0.0492753 -0.98724 -264.381 0.0277325 0.998575 0.0455875 8.1987 0.98808 -0.0204757 -0.152572 1.16503 
-0.151183 0.048902 -0.987295 -265.605 0.0271278 0.998605 0.0453081 8.2086 0.988134 -0.0199333 -0.152299 0.952065 
-0.150542 0.0468045 -0.987495 -266.877 0.0252199 0.998735 0.0434925 8.23715 0.988282 -0.018357 -0.151532 0.719568 
-0.150349 0.0486768 -0.987434 -268.083 0.0193382 0.998741 0.0462897 8.27034 0.988444 -0.0121355 -0.151101 0.497936 
-0.151 0.0538599 -0.987066 -269.359 0.0148463 0.998526 0.0522141 8.31599 0.988422 -0.00676992 -0.151577 0.283082 
-0.15046 0.0532194 -0.987183 -270.59 0.0102287 0.99858 0.0522748 8.35324 0.988563 -0.00223234 -0.15079 0.0484329 
-0.150277 0.0466708 -0.987542 -271.812 0.0120212 0.998898 0.0453782 8.38161 0.988571 -0.00505207 -0.150673 -0.15726 
-0.150955 0.0412687 -0.987679 -273.009 0.017474 0.999084 0.0390746 8.41217 0.988386 -0.0113602 -0.151538 -0.36969 
-0.151697 0.0410203 -0.987576 -274.234 0.023072 0.999013 0.0379514 8.4382 0.988158 -0.0170282 -0.152494 -0.562568 
-0.151087 0.0432173 -0.987575 -275.422 0.0273484 0.998844 0.0395265 8.45975 0.988142 -0.0210367 -0.152094 -0.768627 
-0.150213 0.0455429 -0.987604 -276.63 0.0295255 0.9987 0.0415638 8.47908 0.988213 -0.022916 -0.151362 -0.956556 
-0.149766 0.0483423 -0.987539 -277.825 0.0282072 0.998606 0.0446063 8.48708 0.988319 -0.0211752 -0.15092 -1.1551 
-0.147773 0.0493867 -0.987787 -279.064 0.0268239 0.998585 0.0459137 8.52742 0.988657 -0.0197115 -0.148889 -1.38704 
-0.147243 0.050774 -0.987796 -280.396 0.0264999 0.998526 0.0473754 8.5483 0.988745 -0.0192007 -0.148372 -1.60668 
-0.147164 0.0496632 -0.987865 -281.591 0.027282 0.998563 0.0461368 8.58201 0.988736 -0.0201613 -0.148307 -1.79989 
-0.149336 0.0490016 -0.987572 -282.75 0.0277375 0.998586 0.0453538 8.60563 0.988397 -0.0206198 -0.150484 -1.97554 
-0.149366 0.0474744 -0.987642 -283.93 0.0274467 0.998661 0.0438532 8.64214 0.988401 -0.0205573 -0.150469 -2.17507 
-0.148062 0.0453472 -0.987938 -285.122 0.0246386 0.998807 0.0421535 8.69151 0.988671 -0.0181 -0.149002 -2.40901 
-0.149785 0.0452632 -0.987682 -286.368 0.0257491 0.998791 0.0418674 8.73599 0.988383 -0.0191608 -0.15077 -2.57854 
-0.152003 0.0459252 -0.987313 -287.567 0.0233012 0.998809 0.0428726 8.74858 0.988105 -0.0164888 -0.152892 -2.71524 
-0.151398 0.0439291 -0.987496 -288.723 0.0251498 0.99886 0.0405787 8.8222 0.988153 -0.0186917 -0.15233 -2.91355 
-0.152272 0.0454477 -0.987293 -289.941 0.0234628 0.998827 0.0423599 8.80864 0.98806 -0.0167144 -0.153159 -3.10216 
-0.15728 0.0429496 -0.98662 -290.903 0.0261919 0.998884 0.0393081 8.83369 0.987207 -0.019659 -0.15823 -3.13838 
-0.15759 0.0387958 -0.986742 -292.061 0.0258587 0.999047 0.0351498 8.87917 0.987166 -0.0199766 -0.158443 -3.33668 
-0.160004 0.0375366 -0.986402 -293.226 0.0247971 0.999114 0.033998 8.90058 0.986805 -0.0190201 -0.160793 -3.51199 
-0.160081 0.0372673 -0.9864 -294.394 0.0214522 0.999182 0.0342688 8.90995 0.986871 -0.0156747 -0.160749 -3.72698 
-0.161285 0.0369101 -0.986217 -295.509 0.0200052 0.999217 0.034125 8.95006 0.986705 -0.0142256 -0.161897 -3.92423 
-0.163456 0.0386513 -0.985793 -296.69 0.0174932 0.999189 0.0362759 8.94809 0.986395 -0.0113151 -0.164 -4.11377 
-0.16501 0.0393222 -0.985508 -297.902 0.0148612 0.999191 0.0373799 8.95166 0.98618 -0.00847777 -0.165461 -4.32395 
-0.168291 0.0374808 -0.985024 -299.057 0.0150893 0.999258 0.0354444 8.97286 0.985622 -0.0088983 -0.168732 -4.49923 
-0.170076 0.0354607 -0.984793 -300.284 0.0182365 0.999294 0.0328334 8.99832 0.985262 -0.012375 -0.170603 -4.69735 
-0.172511 0.0355751 -0.984365 -301.484 0.0209994 0.999253 0.032433 9.02256 0.984784 -0.015076 -0.173129 -4.91487 
-0.176398 0.0363615 -0.983647 -302.716 0.0248666 0.999163 0.0324757 9.05539 0.984005 -0.0187312 -0.177155 -5.09869 
-0.177055 0.0397941 -0.983396 -303.925 0.0249432 0.999043 0.0359364 9.04214 0.983885 -0.0181663 -0.177878 -5.33866 
