1 2.12261e-08 -2.11895e-08 0 2.12261e-08 1 2.10703e-08 0 -2.11895e-08 2.10703e-08 1 0 
0.999932 -0.00325398 0.0112298 0.0138599 0.00323855 0.999994 0.00139507 -0.00668692 -0.0112343 -0.00135857 0.999936 0.330742 
0.999817 -0.00391356 0.0187443 -0.00440828 0.00387277 0.99999 0.00221426 -0.0231487 -0.0187528 -0.00214122 0.999822 0.615086 
0.999792 -0.00523987 0.019724 0.0102053 0.00519591 0.999984 0.00228159 -0.036794 -0.0197357 -0.00217858 0.999803 0.899676 
0.999845 -0.00732004 0.0160363 0.0490519 0.00732917 0.999973 -0.000508141 -0.0359391 -0.0160321 0.000625636 0.999871 1.17584 
0.999899 -0.0101209 0.00999974 0.0236286 0.0101333 0.999948 -0.00118407 -0.0386717 -0.00998728 0.00128532 0.999949 1.52941 
0.999914 -0.0127397 -0.00306762 0.0090403 0.0127334 0.999917 -0.00208308 -0.0538524 0.00309386 0.00204388 0.999993 1.83111 
0.999726 -0.0114941 -0.0203817 -0.0174838 0.0114339 0.99993 -0.00306743 -0.049009 0.0204154 0.00283359 0.999788 2.15472 
0.999193 -0.00598561 -0.0397117 -0.0667798 0.00585579 0.999977 -0.00338548 -0.0464416 0.039731 0.00315025 0.999205 2.49998 
0.998152 -0.00392819 -0.0606383 -0.0836849 0.00360777 0.999979 -0.00539333 -0.0390127 0.0606582 0.00516464 0.998145 2.85969 
0.996641 -0.0032817 -0.0818335 -0.116953 0.00277938 0.999977 -0.00625205 -0.0430781 0.0818521 0.00600364 0.996626 3.25157 
0.994766 -0.00452465 -0.102082 -0.202251 0.00399925 0.999978 -0.00535133 -0.0488844 0.102104 0.00491511 0.994762 3.62804 
0.992567 -0.00640632 -0.12153 -0.26465 0.00584353 0.999971 -0.00498705 -0.0628295 0.121559 0.00423986 0.992575 3.99358 
0.989941 -0.0056113 -0.141367 -0.325721 0.00461182 0.999962 -0.007397 -0.0303006 0.141403 0.00667068 0.98993 4.4065 
0.987821 -0.00334126 -0.15556 -0.426953 0.00221188 0.99997 -0.00743288 -0.0228949 0.15558 0.00699832 0.987799 4.83326 
0.985601 -0.00346572 -0.169054 -0.51027 0.00237665 0.999975 -0.00664433 -0.0467459 0.169073 0.00614692 0.985584 5.25953 
0.983602 -0.00518073 -0.180277 -0.620176 0.00359744 0.999952 -0.00910858 -0.0390734 0.180315 0.00831073 0.983574 5.6598 
0.98169 -0.00941254 -0.190251 -0.722697 0.00727328 0.999902 -0.0119398 -0.0479086 0.190345 0.0103374 0.981663 6.05528 
0.980337 -0.00754723 -0.197184 -0.834028 0.00475978 0.999882 -0.0146066 -0.0463033 0.197271 0.0133809 0.980258 6.49739 
0.978585 -0.00743676 -0.205707 -0.946323 0.00407736 0.999851 -0.0167503 -0.0519669 0.205801 0.0155529 0.97847 6.95946 
0.976979 -0.00603327 -0.213251 -1.06905 0.00175954 0.999794 -0.0202251 -0.0498684 0.213329 0.0193843 0.976788 7.44916 
0.97526 -0.0101313 -0.220829 -1.19293 0.00554955 0.999757 -0.0213586 -0.0757968 0.220991 0.0196047 0.975079 7.97569 
0.973611 -0.0158472 -0.227665 -1.34702 0.0112615 0.999707 -0.0214272 -0.100074 0.227938 0.0182979 0.973504 8.43923 
0.971641 -0.0162343 -0.235903 -1.38892 0.0110654 0.999669 -0.0232189 -0.130871 0.236202 0.0199501 0.971499 8.8032 
0.969786 -0.0100971 -0.243749 -1.56074 0.00338182 0.999604 -0.0279528 -0.151475 0.243934 0.026284 0.969436 9.33641 
0.967138 -0.00978094 -0.254064 -1.73808 0.00162388 0.999477 -0.0322964 -0.159773 0.254247 0.0308225 0.966648 9.93346 
0.96555 -0.00968402 -0.260036 -1.91632 0.00104661 0.999444 -0.0333343 -0.187455 0.260214 0.0319138 0.965023 10.4387 
0.962884 -0.0165644 -0.269407 -2.0723 0.00735186 0.999354 -0.0351689 -0.209481 0.269816 0.031883 0.962384 11.0102 
0.961108 -0.0128747 -0.275872 -2.26849 0.00206783 0.99922 -0.0394288 -0.222247 0.276165 0.0373249 0.960385 11.5578 
0.958306 -0.0148409 -0.285358 -2.44101 0.00277318 0.999086 -0.0426475 -0.250709 0.28573 0.0400781 0.957472 12.1691 
0.956382 -0.0170768 -0.291621 -2.65818 0.00338611 0.998871 -0.0473873 -0.286741 0.292101 0.0443329 0.95536 12.761 
0.95445 -0.018242 -0.297813 -2.85182 0.00171114 0.998448 -0.0556743 -0.311173 0.298366 0.0526288 0.952999 13.3719 
0.952689 -0.0182821 -0.303395 -3.05972 -0.000649299 0.998065 -0.0621806 -0.366577 0.303945 0.0594359 0.950834 13.9897 
0.951741 -0.0178353 -0.306383 -3.31065 -0.00455526 0.997379 -0.0722105 -0.397049 0.306868 0.0701214 0.949166 14.6412 
0.95024 -0.016234 -0.311096 -3.53343 -0.0096582 0.996626 -0.0815082 -0.459138 0.31137 0.080457 0.946877 15.286 
0.94971 -0.0186422 -0.312576 -3.80517 -0.00921414 0.99613 -0.0874055 -0.514315 0.312995 0.08589 0.945863 15.8235 
0.948147 -0.0177052 -0.317338 -4.0306 -0.0131609 0.995404 -0.0948589 -0.560847 0.317559 0.0941167 0.943556 16.509 
0.947152 -0.0171292 -0.320328 -4.3609 -0.0162331 0.994735 -0.101191 -0.618102 0.320375 0.101043 0.941887 17.1961 
0.946272 -0.0108231 -0.323192 -4.70013 -0.0253328 0.993887 -0.107455 -0.721727 0.322379 0.109869 0.940213 17.8804 
0.944636 -0.01438 -0.327805 -4.99088 -0.0228011 0.993747 -0.1093 -0.797791 0.327327 0.110723 0.938402 18.6133 
0.94275 -0.0128546 -0.333254 -5.31422 -0.025831 0.993441 -0.111394 -0.869122 0.332499 0.113625 0.936234 19.3916 
0.941035 -0.00999442 -0.338161 -5.64844 -0.0297992 0.99323 -0.112281 -0.938585 0.336993 0.115737 0.934366 20.0329 
0.93878 -0.01062 -0.344353 -5.94123 -0.028785 0.993612 -0.109118 -1.03715 0.343312 0.11235 0.932478 20.7552 
0.93645 -0.0146822 -0.350494 -6.32233 -0.0245175 0.993941 -0.107142 -1.10535 0.349944 0.108926 0.930416 21.5563 
0.934414 -0.0101704 -0.356043 -6.66387 -0.0290089 0.994099 -0.104529 -1.19532 0.355005 0.108002 0.928605 22.209 
0.93141 -0.00654646 -0.363914 -6.97276 -0.0327439 0.994277 -0.101692 -1.23945 0.362497 0.106633 0.925865 22.9311 
0.929229 0.00185331 -0.369499 -7.28311 -0.0397816 0.994677 -0.0950552 -1.36759 0.367356 0.103027 0.924356 23.4852 
0.925864 0.00697616 -0.377792 -7.66693 -0.0447023 0.99483 -0.0911827 -1.45069 0.375203 0.101311 0.92139 24.2693 
0.923989 0.009311 -0.382307 -8.03576 -0.0462955 0.995075 -0.0876558 -1.54927 0.379607 0.0986921 0.919869 24.8315 
0.920317 0.011585 -0.391002 -8.38897 -0.0495655 0.994958 -0.0871849 -1.62117 0.38802 0.099618 0.916251 25.5219 
0.916211 0.0137604 -0.400461 -8.73437 -0.0531766 0.994746 -0.0874817 -1.6908 0.397153 0.101447 0.912129 26.3305 
0.912494 0.0114969 -0.408928 -9.1446 -0.0520103 0.994754 -0.08809 -1.73544 0.40577 0.10165 0.908305 27.1795 
0.906562 0.00400435 -0.422055 -9.55246 -0.0431941 0.995585 -0.083334 -1.91997 0.419858 0.0937777 0.902732 28.3483 
0.90309 0.00780966 -0.429381 -10.0237 -0.0469002 0.995648 -0.0805332 -1.98569 0.426883 0.0928668 0.899526 29.1859 
0.899413 0.0112754 -0.436955 -10.4398 -0.0491522 0.995936 -0.0754736 -2.0523 0.434328 0.0893592 0.896311 29.9908 
0.895514 0.0100178 -0.444921 -10.7988 -0.0446919 0.996717 -0.0675116 -2.1902 0.442784 0.080342 0.893022 30.6024 
0.893722 0.00918622 -0.448528 -11.313 -0.0432301 0.996901 -0.0657216 -2.25165 0.446535 0.0781267 0.891349 31.4252 
0.890852 0.00696979 -0.454241 -11.7917 -0.0418328 0.996893 -0.0667458 -2.27855 0.452364 0.0784628 0.888375 32.2915 
0.888005 0.0117718 -0.459684 -12.2875 -0.0472424 0.996718 -0.0657371 -2.32467 0.457401 0.0800915 0.885646 33.1142 
0.885202 0.00912203 -0.465118 -12.7237 -0.0441878 0.996936 -0.0645451 -2.39091 0.463104 0.0776881 0.882893 33.9296 
0.882416 0.00129225 -0.470468 -13.138 -0.0345058 0.997481 -0.0619797 -2.48965 0.469203 0.0709258 0.880238 34.6301 
0.880643 -0.00117382 -0.473779 -13.7223 -0.0329458 0.997425 -0.0637098 -2.51172 0.472633 0.0717147 0.878336 35.5458 
0.8785 -0.00154828 -0.477739 -14.2092 -0.0334332 0.997344 -0.0647116 -2.58462 0.476571 0.0728215 0.876115 36.4384 
0.877757 -0.000869431 -0.479105 -14.7288 -0.0344224 0.9973 -0.0648743 -2.6393 0.477868 0.0734358 0.875357 37.3554 
0.87763 1.10503e-05 -0.479339 -15.1953 -0.0354517 0.997263 -0.0648862 -2.68816 0.478026 0.0739395 0.875228 38.1864 
0.877428 -0.00273976 -0.4797 -15.7034 -0.0311698 0.997545 -0.0627108 -2.78656 0.478694 0.0699764 0.875189 39.0701 
0.877009 -0.00371396 -0.480459 -16.1902 -0.0307601 0.997485 -0.0638587 -2.85324 0.479488 0.0707836 0.874689 39.9506 
0.875631 -0.00591337 -0.482944 -16.7028 -0.0286432 0.997529 -0.0641476 -2.9386 0.48213 0.0700027 0.873299 40.8624 
0.873796 -0.00614814 -0.486254 -17.2331 -0.0273248 0.99772 -0.0617176 -3.0301 0.485524 0.0672155 0.871635 41.8085 
0.871261 -0.0045162 -0.490799 -17.7195 -0.0276445 0.997919 -0.0582568 -3.10396 0.490041 0.0643248 0.869323 42.71 
0.868794 -0.00434856 -0.495154 -18.2417 -0.0267326 0.998091 -0.0556704 -3.15792 0.494451 0.0616029 0.86702 43.5855 
0.864385 -0.00459593 -0.50281 -18.7898 -0.0266371 0.998136 -0.0549156 -3.21066 0.502125 0.0608616 0.862651 44.4866 
0.860789 -0.00580138 -0.50893 -19.3639 -0.0276008 0.997932 -0.0580589 -3.25592 0.508214 0.0640234 0.858848 45.2586 
0.855205 -0.0105418 -0.518183 -19.9361 -0.0253898 0.997741 -0.0622009 -3.32394 0.517668 0.0663511 0.853005 46.1469 
0.848833 -0.012656 -0.52851 -20.5335 -0.0232421 0.997853 -0.0612241 -3.38634 0.52815 0.0642528 0.846717 47.0441 
0.843475 -0.0113736 -0.537048 -21.1195 -0.0224411 0.998157 -0.0563845 -3.45972 0.5367 0.0596109 0.841665 47.9166 
0.838292 -0.00715354 -0.545175 -21.7056 -0.025838 0.998269 -0.052829 -3.5307 0.544609 0.0583724 0.836656 48.7878 
0.833474 -0.0109105 -0.552452 -22.3166 -0.0230823 0.998245 -0.0545385 -3.59002 0.552077 0.0582083 0.831759 49.7218 
0.829957 -0.011783 -0.557702 -22.9773 -0.0248541 0.998003 -0.0580728 -3.67744 0.557273 0.0620592 0.828007 50.6351 
0.826406 -0.013807 -0.562906 -23.5435 -0.0268461 0.997596 -0.0638821 -3.7716 0.562435 0.0679044 0.824049 51.4661 
0.822708 -0.0163308 -0.56823 -24.153 -0.0250793 0.997571 -0.064981 -3.85619 0.567911 0.0677112 0.8203 52.344 
0.82019 -0.0153764 -0.571884 -24.8382 -0.0239356 0.997841 -0.0611574 -3.93385 0.57159 0.0638492 0.818052 53.1931 
0.817724 -0.0130554 -0.575463 -25.4899 -0.0227243 0.998231 -0.0549376 -4.02302 0.575162 0.0580008 0.815981 53.9009 
0.81469 -0.00948702 -0.579819 -26.0449 -0.0245662 0.998404 -0.0508534 -4.11041 0.579376 0.0556738 0.813157 54.6837 
0.812124 -0.00866616 -0.583421 -26.5932 -0.0228373 0.998651 -0.0466237 -4.23504 0.583038 0.051188 0.810831 55.2679 
0.808781 -0.00969076 -0.58803 -27.233 -0.0225261 0.99862 -0.0474399 -4.31428 0.587678 0.0516146 0.807447 56.0644 
0.804044 -0.0131262 -0.594425 -27.8603 -0.0203161 0.998566 -0.049531 -4.38801 0.594223 0.0519016 0.802624 56.8906 
0.799704 -0.0130731 -0.600253 -28.5329 -0.0217577 0.998475 -0.0507335 -4.45262 0.600001 0.0536319 0.7982 57.7504 
0.795536 -0.0138051 -0.60575 -29.1924 -0.0194324 0.998645 -0.04828 -4.54963 0.605595 0.0501797 0.794189 58.571 
0.789943 -0.0157732 -0.612977 -29.8642 -0.0152303 0.998856 -0.0453299 -4.65392 0.612991 0.0451439 0.788799 59.4243 
0.786095 -0.0157044 -0.617906 -30.5824 -0.016993 0.99875 -0.0470022 -4.71143 0.617872 0.0474483 0.784846 60.2376 
0.783832 -0.0137676 -0.62082 -31.4861 -0.0216997 0.998536 -0.0495416 -4.73041 0.620594 0.052304 0.782386 61.0249 
0.779539 -0.0136803 -0.626204 -32.2217 -0.0227542 0.998483 -0.0501392 -4.8146 0.62594 0.0533344 0.778046 61.836 
0.775442 -0.0142898 -0.631258 -33.09 -0.0247531 0.998287 -0.0530051 -4.86725 0.630934 0.056728 0.77376 62.6843 
0.769258 -0.0155443 -0.638749 -33.9933 -0.0257765 0.998135 -0.0553332 -4.92769 0.638418 0.0590303 0.767423 63.6469 
0.763843 -0.0163764 -0.645194 -34.6669 -0.0252766 0.998152 -0.0552602 -4.99291 0.644906 0.0585185 0.762018 64.4339 
0.757651 -0.0193905 -0.652372 -35.3845 -0.0197709 0.998418 -0.0526376 -5.05625 0.652361 0.0527789 0.756069 65.2508 
0.752306 -0.0158759 -0.658623 -36.2216 -0.0255153 0.998257 -0.0532073 -5.12204 0.65832 0.0568332 0.75059 66.0706 
0.745277 -0.031493 -0.666011 -37.1056 -0.00528685 0.998573 -0.0531347 -5.10348 0.666734 0.0431212 0.744047 66.9791 
0.739517 -0.0311459 -0.672418 -37.9528 -0.00715611 0.998509 -0.0541204 -5.20059 0.6731 0.0448349 0.738191 67.8182 
0.732989 -0.03213 -0.679481 -38.7973 -0.00866755 0.998362 -0.0565588 -5.22527 0.680185 0.0473465 0.73151 68.6621 
0.729017 -0.0316271 -0.683765 -39.7163 -0.00952907 0.998366 -0.0563385 -5.29643 0.684429 0.0475874 0.727525 69.5217 
0.723668 -0.0323896 -0.689388 -40.5259 -0.00848424 0.998405 -0.0558143 -5.40588 0.690096 0.04624 0.722239 70.4133 
0.719504 -0.0340501 -0.693653 -41.3394 -0.00904281 0.998253 -0.0583821 -5.41786 0.69443 0.0482787 0.717939 71.1696 
0.714835 -0.0349254 -0.69842 -42.1554 -0.0115905 0.998023 -0.0617704 -5.48112 0.699197 0.0522507 0.713018 71.9336 
0.71227 -0.0339591 -0.701084 -43.0769 -0.0155819 0.997818 -0.0641629 -5.56168 0.701733 0.0566256 0.710186 72.652 
0.708742 -0.0310708 -0.704783 -43.9484 -0.0218178 0.997586 -0.0659196 -5.65136 0.70513 0.0620968 0.706353 73.3897 
0.704876 -0.0308074 -0.708661 -44.754 -0.0214516 0.997674 -0.0647086 -5.73525 0.709006 0.0608135 0.702576 74.1552 
0.70117 -0.0281853 -0.712437 -45.6255 -0.0250697 0.997626 -0.0641411 -5.84043 0.712553 0.0628344 0.698799 74.9057 
0.697073 -0.0296868 -0.716386 -46.4995 -0.0241213 0.997606 -0.0648115 -5.9262 0.716595 0.0624585 0.694688 75.7208 
0.692295 -0.0262312 -0.721138 -47.3556 -0.0293344 0.99749 -0.0644445 -6.03094 0.721019 0.0657688 0.689787 76.5069 
0.688087 -0.0257477 -0.725171 -48.2874 -0.0310857 0.997407 -0.0649096 -6.1062 0.724962 0.067206 0.685502 77.3564 
0.685135 -0.0297689 -0.727807 -49.1779 -0.0255156 0.997571 -0.0648225 -6.18212 0.727969 0.0629827 0.682711 78.1082 
0.682973 -0.0306417 -0.7298 -50.1156 -0.0263675 0.997434 -0.0665543 -6.26306 0.729967 0.0646979 0.680413 78.8727 
0.678526 -0.0347701 -0.733753 -50.9838 -0.0239206 0.997304 -0.0693791 -6.36276 0.734187 0.0646274 0.675865 79.6423 
0.673308 -0.0377651 -0.738397 -51.7676 -0.0219019 0.997238 -0.0709747 -6.46852 0.739037 0.0639602 0.670621 80.441 
0.666154 -0.0400878 -0.744736 -52.6123 -0.0174031 0.997447 -0.0692576 -6.59204 0.745611 0.059097 0.663755 81.1979 
0.658781 -0.0432098 -0.751093 -53.5129 -0.014444 0.997439 -0.0700507 -6.6704 0.752196 0.0569969 0.65647 81.9366 
0.649485 -0.0451754 -0.759031 -54.388 -0.00961007 0.997666 -0.0676014 -6.78438 0.760314 0.0512005 0.647535 82.6605 
0.641681 -0.0439697 -0.765711 -55.3417 -0.010676 0.997747 -0.0662407 -6.87485 0.766898 0.0506801 0.639765 83.4164 
0.634186 -0.0416964 -0.772055 -56.2254 -0.0159828 0.997624 -0.0670075 -6.92008 0.773015 0.0548349 0.632013 84.0396 
0.625719 -0.0411754 -0.778961 -57.2108 -0.0202206 0.997414 -0.0689653 -7.00885 0.779787 0.058904 0.623268 84.7931 
0.618254 -0.0422767 -0.784841 -58.3527 -0.0217868 0.997247 -0.0708807 -7.10136 0.785676 0.0609215 0.615631 85.5492 
0.607193 -0.0444038 -0.793313 -59.2628 -0.0211727 0.997178 -0.0720201 -7.19478 0.794272 0.0605267 0.60454 86.2756 
0.598023 -0.042886 -0.80033 -60.2583 -0.0206031 0.997415 -0.068842 -7.32409 0.801214 0.0576585 0.595594 87.0022 
0.587953 -0.0446051 -0.807665 -61.3271 -0.0174253 0.997548 -0.0677769 -7.42275 0.808708 0.0539235 0.585734 87.7732 
0.578807 -0.0444349 -0.814253 -62.3558 -0.0186723 0.99753 -0.0677097 -7.52723 0.815251 0.0543949 0.576548 88.4611 
0.568334 -0.0442303 -0.821609 -63.4508 -0.0213847 0.997423 -0.0684876 -7.62692 0.82252 0.0564937 0.565923 89.1901 
0.558553 -0.0454738 -0.828222 -64.5092 -0.0210643 0.997396 -0.0689682 -7.73039 0.829202 0.0559683 0.556141 89.8686 
0.549808 -0.0453172 -0.834061 -65.5403 -0.0212124 0.997448 -0.0681777 -7.85063 0.835022 0.0551771 0.547443 90.503 
0.54104 -0.0446422 -0.839811 -66.5942 -0.0239145 0.99737 -0.0684242 -7.94419 0.840657 0.0571039 0.538549 91.1369 
0.531793 -0.0423311 -0.845816 -67.6653 -0.0255095 0.997496 -0.065961 -8.04201 0.84649 0.056654 0.529381 91.8105 
0.523021 -0.0405632 -0.851354 -68.7758 -0.0236125 0.997794 -0.0620465 -8.16143 0.851993 0.0525542 0.520909 92.4848 
0.51441 -0.0404483 -0.85659 -69.8423 -0.0232914 0.99786 -0.0611063 -8.28036 0.857228 0.0513849 0.512367 93.1453 
0.508815 -0.0427917 -0.859812 -70.9118 -0.023933 0.997675 -0.0638159 -8.37011 0.860543 0.0530484 0.506607 93.7036 
0.500715 -0.0464292 -0.864366 -72.0663 -0.0199674 0.997675 -0.0651567 -8.46967 0.865382 0.0498842 0.498624 94.3571 
0.498665 -0.0457143 -0.865588 -73.1619 -0.0238802 0.997505 -0.0664386 -8.58838 0.866466 0.0538011 0.496329 94.8496 
0.493521 -0.0490892 -0.868348 -74.4271 -0.0228809 0.997328 -0.0693849 -8.71468 0.869433 0.0541115 0.491078 95.5279 
0.488625 -0.049794 -0.871072 -75.4601 -0.0193514 0.997506 -0.0678766 -8.83568 0.872279 0.0500227 0.486443 96.1196 
0.486178 -0.0481482 -0.872533 -76.6264 -0.0143322 0.997907 -0.0630527 -8.93063 0.873742 0.0431602 0.48447 96.705 
0.483946 -0.045871 -0.873895 -77.712 -0.0128513 0.998145 -0.0595097 -9.02461 0.875004 0.0400302 0.482458 97.2436 
0.481025 -0.045234 -0.875539 -78.7926 -0.0114922 0.998257 -0.057888 -9.12049 0.876631 0.0379076 0.479667 97.7973 
0.479012 -0.0436079 -0.876724 -79.9382 -0.00993435 0.998432 -0.0550894 -9.26364 0.877752 0.0350982 0.477828 98.371 
0.475558 -0.0437883 -0.878594 -81.0263 -0.00510726 0.998606 -0.052534 -9.35672 0.87967 0.0294702 0.474671 98.9754 
0.47283 -0.0444222 -0.880033 -82.0714 -0.00210311 0.998669 -0.0515407 -9.4313 0.881151 0.0262209 0.472108 99.542 
0.470246 -0.0470382 -0.881281 -83.1041 0.00216809 0.998637 -0.0521452 -9.4971 0.882533 0.0226104 0.469707 100.103 
0.467303 -0.0508789 -0.882632 -84.229 0.00930534 0.99857 -0.0526355 -9.54505 0.884048 0.0163836 0.467108 100.678 
0.466346 -0.0497646 -0.883201 -85.4453 0.0107709 0.998662 -0.0505831 -9.62245 0.884537 0.0140764 0.466258 101.231 
0.465221 -0.0490636 -0.883834 -86.4702 0.0129493 0.998733 -0.0486259 -9.69689 0.8851 0.0111769 0.465267 101.75 
0.463565 -0.0493709 -0.884686 -87.5532 0.0144453 0.998735 -0.0481664 -9.8043 0.885945 0.00954881 0.463692 102.285 
0.462143 -0.0508059 -0.885349 -88.6554 0.0166549 0.998679 -0.0486157 -9.86917 0.886649 0.00772207 0.462379 102.809 
0.463691 -0.0523737 -0.884448 -89.7073 0.0148474 0.998571 -0.0513476 -9.91733 0.885873 0.0106778 0.463806 103.282 
0.464895 -0.0527187 -0.883795 -90.7325 0.0152498 0.998554 -0.0515425 -10.0079 0.885234 0.0104842 0.465027 103.778 
0.467124 -0.0501935 -0.882766 -91.7323 0.0123891 0.998661 -0.0502274 -10.102 0.884105 0.0125258 0.467121 104.29 
0.469988 -0.0503745 -0.881234 -92.7599 0.00710052 0.998554 -0.053294 -10.1512 0.882644 0.0187904 0.469666 104.82 
0.473594 -0.0488754 -0.879386 -93.7441 0.00440983 0.998578 -0.0531251 -10.254 0.880732 0.0212818 0.473136 105.355 
0.480591 -0.0503925 -0.875496 -94.7059 0.00437517 0.998473 -0.0550693 -10.3119 0.876934 0.0226354 0.480077 105.871 
0.488305 -0.0531747 -0.871052 -95.8156 0.00936187 0.998404 -0.0557009 -10.3604 0.872623 0.0190444 0.488023 106.417 
0.495278 -0.0513043 -0.867218 -96.7245 0.0084816 0.998493 -0.0542265 -10.4655 0.868693 0.0195018 0.494966 106.94 
0.502532 -0.0545075 -0.862838 -97.6592 0.013466 0.998383 -0.0552274 -10.5447 0.864454 0.0161346 0.502454 107.493 
0.510809 -0.0552623 -0.857916 -98.5965 0.0123169 0.9983 -0.0569714 -10.6002 0.859606 0.0185347 0.510621 108.06 
0.518086 -0.0573899 -0.853401 -99.4532 0.0138761 0.998179 -0.0587021 -10.678 0.855216 0.0185709 0.517939 108.62 
0.530549 -0.0578069 -0.845681 -100.397 0.010837 0.998053 -0.0614237 -10.7473 0.847585 0.0234237 0.530143 109.101 
0.544468 -0.0624292 -0.836455 -101.361 0.00956618 0.997624 -0.0682313 -10.7746 0.838727 0.0291482 0.543772 109.662 
0.553902 -0.0612853 -0.830324 -102.231 0.00663091 0.99758 -0.069207 -10.8204 0.832556 0.0328281 0.552968 110.294 
0.568547 -0.0589556 -0.820536 -103.182 0.00479976 0.99765 -0.0683555 -10.9036 0.822637 0.034925 0.567493 110.873 
0.579116 -0.0578384 -0.813191 -104.033 0.00572625 0.997744 -0.0668868 -10.9939 0.815225 0.0340787 0.578141 111.483 
0.590797 -0.0592096 -0.804645 -104.908 0.00667118 0.997628 -0.0685121 -11.0574 0.806792 0.0351089 0.589791 112.094 
0.599953 -0.0605113 -0.797744 -105.738 0.00773528 0.997528 -0.0698482 -11.1535 0.799998 0.0357349 0.598938 112.754 
0.611011 -0.0581923 -0.78948 -106.594 0.00518749 0.997567 -0.0695155 -11.261 0.791605 0.0383794 0.609827 113.385 
0.620853 -0.0605437 -0.781585 -107.44 0.00889677 0.997493 -0.0702014 -11.3674 0.783876 0.0366312 0.619835 114.058 
0.629357 -0.0622814 -0.774616 -108.221 0.00978176 0.997339 -0.0722416 -11.4466 0.777054 0.0378887 0.628292 114.725 
0.64092 -0.0596774 -0.765284 -109.008 0.0111851 0.997594 -0.0684256 -11.5598 0.767526 0.0352956 0.640045 115.314 
0.650582 -0.05387 -0.757523 -109.812 0.00785393 0.997905 -0.0642193 -11.6635 0.759395 0.0358304 0.649642 115.98 
0.658705 -0.0539086 -0.750468 -110.539 0.00811628 0.997881 -0.0645572 -11.7381 0.752358 0.0364332 0.657747 116.632 
0.667351 -0.0521747 -0.742914 -111.289 0.00577205 0.997875 -0.0648956 -11.8132 0.744721 0.0390201 0.666234 117.335 
0.676316 -0.0535833 -0.73466 -112.147 0.00562984 0.997698 -0.0675855 -11.8467 0.73659 0.0415732 0.67506 118.08 
0.685133 -0.053853 -0.726425 -112.878 0.00571982 0.99763 -0.068564 -11.919 0.728396 0.0428205 0.683817 118.762 
0.696403 -0.0520212 -0.715763 -113.527 0.00596759 0.997755 -0.0667101 -11.9942 0.717626 0.0421858 0.69515 119.259 
0.704147 -0.0507371 -0.708239 -114.204 0.0070837 0.997896 -0.0644449 -12.0684 0.710019 0.0403618 0.703025 119.939 
0.712264 -0.05078 -0.700073 -114.897 0.00825686 0.997917 -0.0639837 -12.1379 0.701863 0.0397929 0.711199 120.617 
0.719539 -0.048991 -0.692722 -115.561 0.00632822 0.99793 -0.0640029 -12.2282 0.694423 0.0416689 0.718359 121.299 
0.72542 -0.0496083 -0.686517 -116.191 0.00752597 0.997911 -0.0641576 -12.2875 0.688265 0.0413746 0.724278 121.989 
0.730747 -0.0482228 -0.680943 -116.837 0.00715508 0.997988 -0.0629968 -12.3287 0.682611 0.0411626 0.729622 122.719 
0.737081 -0.0470781 -0.674163 -117.476 0.00738492 0.998072 -0.0616232 -12.3944 0.675764 0.0404427 0.736008 123.452 
0.743558 -0.0446179 -0.667181 -118.028 0.00488759 0.998107 -0.0613016 -12.4234 0.668653 0.0423205 0.742369 124.093 
0.750596 -0.0447379 -0.659245 -118.632 0.00595801 0.998123 -0.0609514 -12.5027 0.660734 0.0418222 0.749454 124.749 
0.757784 -0.0420878 -0.651147 -119.228 0.00542933 0.99829 -0.0582074 -12.5783 0.652483 0.0405733 0.756716 125.429 
0.766917 -0.0393786 -0.640537 -119.809 0.00430758 0.998409 -0.0562223 -12.645 0.641731 0.0403587 0.765867 126.079 
0.776104 -0.034657 -0.629652 -120.369 0.00213355 0.998627 -0.0523363 -12.7121 0.630601 0.039275 0.775113 126.739 
0.7863 -0.0330901 -0.616958 -120.922 0.000560267 0.998603 -0.0528453 -12.7574 0.617845 0.0412067 0.78522 127.381 
0.79645 -0.0306845 -0.603925 -121.466 -0.0021253 0.998564 -0.0535383 -12.8144 0.6047 0.0439242 0.795241 128.019 
0.805825 -0.0326909 -0.591251 -121.955 -0.00129501 0.998375 -0.0569664 -12.824 0.592152 0.0466706 0.804473 128.662 
0.815191 -0.0299752 -0.578416 -122.424 -0.00283206 0.998442 -0.0557337 -12.883 0.579185 0.0470718 0.813836 129.354 
0.825284 -0.0286227 -0.563992 -122.911 -0.00222914 0.998542 -0.0539381 -12.9674 0.564713 0.0457715 0.824017 129.989 
0.834669 -0.0262913 -0.550124 -123.382 -0.00231794 0.998683 -0.0512456 -12.9994 0.550747 0.0440484 0.833509 130.624 
0.84337 -0.0233819 -0.536825 -123.82 -0.00344433 0.998797 -0.0489148 -13.0516 0.537323 0.0431023 0.842275 131.331 
0.852221 -0.0228891 -0.522681 -124.291 -0.00120853 0.998954 -0.0457165 -13.1047 0.523181 0.0395923 0.851302 132.066 
0.859212 -0.0231099 -0.511098 -124.699 0.000265187 0.998999 -0.0447251 -13.1255 0.51162 0.0382928 0.858358 132.833 
0.86531 -0.0225633 -0.500728 -125.129 0.00125427 0.999081 -0.0428521 -13.2026 0.501235 0.0364524 0.864543 133.649 
0.870977 -0.0227899 -0.490795 -125.499 0.00195127 0.999076 -0.042929 -13.233 0.49132 0.0364325 0.870217 134.321 
0.877586 -0.0216921 -0.478928 -125.927 0.00149496 0.999095 -0.0425128 -13.2809 0.479417 0.0365927 0.876824 135.016 
0.883721 -0.0226228 -0.467468 -126.332 0.00284834 0.999073 -0.0429649 -13.3132 0.468006 0.0366375 0.882966 135.741 
0.890089 -0.0222823 -0.455242 -126.806 0.00295016 0.999065 -0.0431323 -13.3593 0.455777 0.0370486 0.889323 136.552 
0.895689 -0.0221909 -0.444126 -127.156 0.00327722 0.999056 -0.0433088 -13.388 0.444668 0.0373358 0.894917 137.256 
0.900566 -0.0245333 -0.434026 -127.549 0.00590972 0.999005 -0.0442066 -13.4071 0.434678 0.0372461 0.899815 138.019 
0.905251 -0.0207838 -0.424368 -127.948 0.00262109 0.999057 -0.0433385 -13.4591 0.424869 0.03812 0.904452 138.704 
0.908369 -0.0192704 -0.417725 -128.316 0.00155835 0.999087 -0.042701 -13.4872 0.418166 0.0381374 0.90757 139.499 
0.91074 -0.0196187 -0.412513 -128.684 0.00323642 0.999179 -0.0403746 -13.5202 0.412967 0.0354358 0.910056 140.341 
0.914007 -0.0182255 -0.405288 -129.003 0.00359239 0.999315 -0.036837 -13.554 0.405682 0.0322133 0.913447 140.959 
0.917283 -0.0112424 -0.398078 -129.383 -0.00236477 0.99943 -0.0336748 -13.5773 0.39823 0.0318308 0.916733 141.877 
0.920564 -0.0101343 -0.390459 -129.733 -0.00244783 0.999494 -0.0317129 -13.6511 0.390583 0.0301496 0.920074 142.501 
0.923786 -0.0074702 -0.382837 -130.099 -0.0038961 0.999575 -0.0289058 -13.6924 0.38289 0.0281944 0.923364 143.323 
0.926673 -0.00564183 -0.375826 -130.47 -0.00450686 0.999649 -0.0261192 -13.7256 0.375842 0.0258978 0.926322 144.261 
0.930198 -0.0053475 -0.36702 -130.871 -0.00387513 0.999695 -0.024387 -13.7534 0.367039 0.0241071 0.929893 145.125 
0.932956 -0.00853013 -0.359888 -131.099 -0.000263949 0.999703 -0.0243795 -13.7124 0.359989 0.02284 0.932677 145.872 
0.936237 -0.00945953 -0.351243 -131.393 0.000805171 0.999693 -0.0247772 -13.7325 0.351369 0.0229146 0.935956 146.696 
0.940041 -0.0123472 -0.340839 -131.738 0.00388376 0.999667 -0.0255024 -13.7522 0.341041 0.0226496 0.939776 147.586 
0.943424 -0.0141217 -0.331288 -132.049 0.00554764 0.999625 -0.0268125 -13.7862 0.331542 0.0234578 0.943149 148.504 
0.946964 -0.0159431 -0.320944 -132.338 0.00713901 0.999566 -0.0285902 -13.8171 0.32126 0.0247828 0.946667 149.439 
0.951706 -0.0139723 -0.306692 -132.667 0.0050819 0.999544 -0.0297677 -13.7958 0.306968 0.0267715 0.951343 150.297 
0.956476 -0.0101281 -0.291637 -132.91 0.00178458 0.999582 -0.0288612 -13.8326 0.291807 0.0270846 0.956094 151.243 
0.962205 -0.00612949 -0.272256 -133.182 -0.000919304 0.999668 -0.0257554 -13.8836 0.272323 0.0250323 0.96188 152.169 
0.967836 -0.00371188 -0.251553 -133.475 -0.00250268 0.9997 -0.0243805 -13.9004 0.251568 0.0242259 0.967536 153.182 
0.972902 -0.000383751 -0.231217 -133.579 -0.00502346 0.999728 -0.0227968 -13.9685 0.231163 0.0233406 0.972635 154.075 
0.977843 0.00243075 -0.209327 -133.853 -0.00706498 0.999746 -0.021394 -14.0414 0.209222 0.0223989 0.977612 155.217 
0.982311 0.00177548 -0.187251 -134.028 -0.00536833 0.999811 -0.0186822 -14.0692 0.187182 0.019357 0.982135 156.11 
0.986467 0.00565658 -0.163862 -134.249 -0.00822265 0.999854 -0.0149861 -14.1199 0.163753 0.0161307 0.986369 157.178 
0.989985 0.00830316 -0.140928 -134.427 -0.00983035 0.9999 -0.0101443 -14.1404 0.140829 0.0114281 0.989968 158.301 
0.99291 0.0102011 -0.118433 -134.58 -0.0110653 0.999917 -0.0066416 -14.1889 0.118355 0.00790505 0.99294 159.457 
0.995317 0.0120807 -0.0959049 -134.712 -0.0127863 0.999896 -0.00674661 -14.2271 0.0958133 0.00794133 0.995368 160.48 
0.997083 0.0124404 -0.075306 -134.738 -0.0131051 0.999879 -0.00833914 -14.2789 0.0751932 0.00930175 0.997126 161.382 
0.998382 0.0122188 -0.0555395 -134.731 -0.0127091 0.999883 -0.00848445 -14.3119 0.0554293 0.00917662 0.99842 162.289 
0.999188 0.0152148 -0.0373032 -134.646 -0.0155475 0.999842 -0.00864458 -14.3046 0.0371657 0.00921758 0.999267 163.11 
0.999711 0.0167662 -0.0172568 -134.627 -0.0168833 0.999835 -0.00666128 -14.3846 0.0171423 0.00695075 0.999829 164.438 
0.999855 0.0168196 0.00272387 -134.66 -0.0168005 0.999835 -0.00685089 -14.3604 -0.00283869 0.00680417 0.999973 165.677 
0.999646 0.0148462 0.0220977 -134.682 -0.0146972 0.999868 -0.00689118 -14.3586 -0.0221971 0.00656401 0.999732 167.031 
0.998985 0.0142274 0.0427505 -134.675 -0.0139842 0.999884 -0.00598158 -14.4111 -0.0428307 0.00537772 0.999068 167.92 
0.997898 0.0164205 0.0626834 -134.626 -0.0160565 0.999851 -0.00630477 -14.4359 -0.0627777 0.00528508 0.998014 168.809 
0.996363 0.017953 0.0832959 -134.601 -0.0173842 0.99982 -0.00754939 -14.4197 -0.0834165 0.00607394 0.996496 169.862 
0.994429 0.0170824 0.104016 -134.572 -0.0161491 0.999822 -0.00980813 -14.4589 -0.104166 0.00807375 0.994527 170.841 
0.991826 0.0146112 0.126757 -134.633 -0.0130609 0.99983 -0.0130534 -14.4519 -0.126926 0.0112912 0.991848 171.56 
0.989203 0.0156636 0.145713 -134.505 -0.0138063 0.99981 -0.0137483 -14.5014 -0.1459 0.0115881 0.989231 172.698 
0.986169 0.0166717 0.1649 -134.371 -0.0141397 0.999764 -0.0165164 -14.5482 -0.165136 0.0139564 0.986172 173.811 
0.982598 0.0181093 0.184858 -134.196 -0.0144493 0.999672 -0.0211269 -14.6079 -0.18518 0.0180882 0.982538 174.765 
0.979025 0.0189391 0.202857 -133.967 -0.0137541 0.999542 -0.026939 -14.6884 -0.203275 0.0235839 0.978838 175.937 
0.975016 0.0216087 0.22108 -133.766 -0.0148967 0.999377 -0.0319824 -14.7377 -0.221634 0.02789 0.974731 176.99 
0.970949 0.023862 0.238094 -133.498 -0.0158541 0.999244 -0.0354919 -14.8295 -0.238761 0.0306861 0.970593 178.162 
0.966643 0.0262553 0.254777 -133.227 -0.017204 0.999141 -0.0376901 -14.9482 -0.255547 0.0320497 0.966265 179.35 
0.962004 0.0239739 0.271983 -132.866 -0.0143727 0.999203 -0.0372382 -15.0325 -0.272659 0.0319142 0.961581 180.748 
0.956793 0.0239124 0.289785 -132.518 -0.0134647 0.999187 -0.0379937 -15.0901 -0.290458 0.0324502 0.956337 182.158 
0.952282 0.0243102 0.304249 -132.071 -0.0123345 0.999074 -0.0412221 -15.2354 -0.304969 0.0355023 0.9517 183.175 
0.946918 0.0264421 0.320385 -131.631 -0.01268 0.998908 -0.0449655 -15.2997 -0.321225 0.0385162 0.94622 184.56 
0.941533 0.0266913 0.335861 -131.145 -0.0125374 0.998942 -0.0442404 -15.4465 -0.336686 0.037443 0.940872 185.818 
0.935684 0.0293844 0.351614 -130.622 -0.014918 0.99893 -0.0437819 -15.555 -0.352525 0.0357206 0.935121 187.082 
0.928553 0.037176 0.369334 -130.46 -0.0242791 0.998924 -0.0395076 -15.7759 -0.370405 0.0277179 0.928457 187.987 
0.921473 0.038148 0.386565 -129.965 -0.023421 0.998812 -0.0427375 -15.896 -0.387736 0.0303277 0.921272 189.345 
0.914041 0.0392848 0.403716 -129.562 -0.0234166 0.99875 -0.0441694 -15.992 -0.404946 0.030919 0.913818 190.376 
0.905624 0.0399737 0.422194 -129.053 -0.0210999 0.998562 -0.0492845 -16.0924 -0.423557 0.035725 0.905165 191.661 
0.89646 0.0421422 0.441116 -128.589 -0.0204789 0.998344 -0.0537588 -16.2687 -0.442651 0.0391591 0.895839 192.853 
0.885821 0.0448399 0.461855 -128.046 -0.021174 0.998189 -0.0562995 -16.3452 -0.463543 0.040092 0.885167 194.049 
0.872778 0.0469758 0.485852 -127.42 -0.0221019 0.998141 -0.056804 -16.4901 -0.487617 0.038839 0.872193 195.412 
0.857328 0.0529969 0.512035 -126.747 -0.0266917 0.997925 -0.0585963 -16.6129 -0.514078 0.0365692 0.856963 196.84 
0.841992 0.057074 0.536463 -126.054 -0.0283205 0.997693 -0.0616942 -16.7226 -0.538746 0.0367531 0.841666 198.024 
0.8258 0.0607573 0.56068 -125.255 -0.0295717 0.997477 -0.0645352 -16.8338 -0.563187 0.036713 0.825514 199.3 
0.809137 0.0615272 0.58439 -124.415 -0.0273389 0.997368 -0.0671543 -16.9558 -0.586984 0.0383605 0.80869 200.63 
0.792161 0.0645236 0.606892 -123.557 -0.0281417 0.9972 -0.0692878 -17.0879 -0.609663 0.0378082 0.791759 201.927 
0.775357 0.0660601 0.628058 -122.575 -0.0261298 0.997018 -0.0726098 -17.2391 -0.630982 0.0398875 0.774771 203.157 
0.758388 0.066314 0.648422 -121.687 -0.0220024 0.996849 -0.0762137 -17.4693 -0.651432 0.0435327 0.757457 204.261 
0.741062 0.06982 0.667796 -120.759 -0.0226046 0.996609 -0.0791137 -17.5935 -0.671056 0.043533 0.740128 205.375 
0.723933 0.0713558 0.68617 -119.727 -0.019442 0.996352 -0.0831 -17.6999 -0.689596 0.0468184 0.72268 206.518 
0.705637 0.0720642 0.704899 -118.863 -0.0178854 0.996309 -0.0839518 -17.8356 -0.708347 0.0466322 0.704322 207.629 
0.689107 0.0711958 0.721154 -117.829 -0.0148536 0.996341 -0.0841701 -18.0563 -0.724507 0.0472905 0.687643 208.715 
0.672542 0.0716379 0.736584 -116.716 -0.0121378 0.996238 -0.0858084 -18.2188 -0.73996 0.0487692 0.670881 209.831 
0.656188 0.0738803 0.750972 -115.552 -0.0107149 0.996008 -0.0886243 -18.3992 -0.754521 0.0501077 0.65436 210.953 
0.639426 0.073497 0.765331 -114.465 -0.00705517 0.99594 -0.0897484 -18.7234 -0.76882 0.051988 0.637349 211.983 
0.622706 0.0752352 0.77883 -113.206 -0.00536773 0.995754 -0.0918983 -18.9167 -0.782438 0.0530451 0.620466 213.091 
0.606858 0.0759349 0.791174 -111.982 -0.00520374 0.995784 -0.0915812 -19.1038 -0.794793 0.0514598 0.604695 214.045 
0.590889 0.075931 0.803172 -110.727 -0.00684088 0.995997 -0.0891276 -19.3137 -0.806724 0.0471701 0.589043 214.882 
0.573045 0.0764284 0.815952 -109.623 -0.0124872 0.996341 -0.0845551 -19.5731 -0.819429 0.038265 0.571903 215.582 
0.553844 0.07885 0.828878 -108.369 -0.0180831 0.99641 -0.0827042 -19.7458 -0.832424 0.0308165 0.553282 216.483 
0.535422 0.0809596 0.840695 -107.138 -0.0219232 0.996392 -0.0819908 -19.8865 -0.8443 0.025469 0.535265 217.284 
0.517592 0.083424 0.851551 -105.881 -0.0214533 0.996188 -0.0845539 -19.9873 -0.855359 0.0254958 0.517409 218.057 
0.498478 0.0862734 0.862599 -104.665 -0.0243358 0.996036 -0.085556 -20.1693 -0.866561 0.0216558 0.498602 218.791 
0.478325 0.0854225 0.874019 -103.413 -0.0250527 0.99618 -0.0836513 -20.3576 -0.877826 0.018116 0.478638 219.52 
0.456367 0.0824328 0.885965 -102.131 -0.0238394 0.996475 -0.0804351 -20.5545 -0.889472 0.015587 0.456723 220.269 
0.433754 0.0825687 0.89724 -100.767 -0.0260087 0.996525 -0.0791319 -20.6662 -0.900656 0.0109878 0.434394 220.973 
0.414871 0.0799883 0.906358 -99.543 -0.0244157 0.996748 -0.0767895 -20.8092 -0.909553 0.00972838 0.415475 221.45 
0.392901 0.0784652 0.916227 -98.4359 -0.0230686 0.99688 -0.0754798 -20.9529 -0.919292 0.00852001 0.393485 221.97 
0.371329 0.0765936 0.925337 -97.1449 -0.0196023 0.997016 -0.0746605 -21.0891 -0.928294 0.00958484 0.371722 222.544 
0.351029 0.074263 0.933415 -95.7826 -0.0145197 0.997162 -0.0738743 -21.2188 -0.936252 0.0123791 0.351111 223.108 
0.327842 0.0762028 0.941654 -94.5396 -0.0145196 0.99703 -0.0756289 -21.3182 -0.944621 0.0111219 0.327974 223.63 
0.307118 0.075593 0.948664 -93.2388 -0.00965041 0.997036 -0.0763232 -21.4497 -0.951622 0.0142853 0.306938 224.058 
0.286102 0.072788 0.955431 -92.1689 -0.00924351 0.997274 -0.0732078 -21.6172 -0.958155 0.0121133 0.285994 224.421 
0.265832 0.0712014 0.961387 -90.7919 -0.00760995 0.997393 -0.0717638 -21.82 -0.96399 0.011761 0.26568 224.817 
0.245505 0.0755049 0.96645 -89.5685 -0.00678111 0.997071 -0.0761745 -21.9382 -0.969372 0.0121476 0.245298 225.197 
0.225435 0.0838773 0.970641 -88.2261 -0.00871228 0.996421 -0.0840815 -22.0866 -0.974219 0.0104984 0.225359 225.564 
0.205933 0.0917395 0.974256 -86.9464 -0.012216 0.995759 -0.0911821 -22.2388 -0.97849 0.00687592 0.206181 225.855 
0.185974 0.0948766 0.977963 -85.6581 -0.0134162 0.99548 -0.0940246 -22.3934 -0.982463 0.00436561 0.186406 226.17 
0.166771 0.0956863 0.981342 -84.3582 -0.0174724 0.995411 -0.0940888 -22.5529 -0.985841 -0.00145515 0.167678 226.387 
0.147622 0.0951901 0.984453 -83.0113 -0.0210258 0.995435 -0.0930991 -22.719 -0.98882 -0.00695545 0.148949 226.549 
0.129056 0.094559 0.987119 -81.82 -0.022965 0.995461 -0.0923556 -22.8853 -0.991371 -0.0107501 0.130642 226.698 
0.10978 0.0943021 0.989472 -80.3762 -0.0258478 0.995423 -0.0920015 -23.0496 -0.99362 -0.0154758 0.111715 226.841 
0.0893301 0.0949123 0.99147 -79.0766 -0.02604 0.995332 -0.0929358 -23.1668 -0.995662 -0.0175159 0.0913845 227.029 
0.071783 0.0948467 0.9929 -77.7781 -0.0237537 0.995349 -0.0933633 -23.3366 -0.997137 -0.0168832 0.0737021 227.143 
0.0525023 0.0979847 0.993802 -76.464 -0.0280283 0.994927 -0.0966148 -23.492 -0.998227 -0.0227821 0.0549823 227.263 
0.0318057 0.10022 0.994457 -75.2976 -0.0282912 0.994652 -0.0993344 -23.5944 -0.999094 -0.024975 0.0344709 227.419 
0.0128461 0.0966958 0.995231 -74.0728 -0.0299636 0.994903 -0.0962772 -23.7552 -0.999468 -0.0285839 0.015678 227.514 
-0.00305599 0.092515 0.995707 -72.8172 -0.0265291 0.995353 -0.0925636 -23.9011 -0.999643 -0.0266981 -0.000587453 227.582 
-0.0167963 0.0874694 0.996026 -71.6205 -0.0274504 0.99575 -0.0879081 -24.0517 -0.999482 -0.0288178 -0.0143239 227.555 
-0.0291741 0.0840424 0.996035 -70.4749 -0.025647 0.996068 -0.0847963 -24.1784 -0.999245 -0.0280192 -0.026904 227.553 
-0.0406791 0.085343 0.995521 -69.2623 -0.0263998 0.995906 -0.0864547 -24.2752 -0.998823 -0.0297985 -0.0382595 227.538 
-0.0515353 0.0874317 0.994837 -68.1271 -0.0259065 0.995708 -0.0888502 -24.4044 -0.998335 -0.0303516 -0.049049 227.584 
-0.0579376 0.0880061 0.994434 -67.0216 -0.0270763 0.995602 -0.0896869 -24.5383 -0.997953 -0.0321218 -0.0552999 227.549 
-0.0618606 0.0924465 0.993794 -65.9308 -0.0274862 0.995166 -0.094285 -24.6581 -0.997706 -0.0331481 -0.0590206 227.478 
-0.0674545 0.101611 0.992535 -64.8427 -0.0264615 0.994268 -0.103587 -24.7769 -0.997371 -0.0332514 -0.0643791 227.45 
-0.0735474 0.104039 0.99185 -63.7701 -0.0276325 0.993949 -0.106308 -24.8978 -0.996909 -0.035226 -0.0702275 227.447 
-0.0779904 0.096188 0.992303 -62.6993 -0.0255795 0.994814 -0.0984418 -25.0235 -0.996626 -0.0330601 -0.0751255 227.399 
-0.0800533 0.0868922 0.992996 -61.6221 -0.0260173 0.995672 -0.0892238 -25.1267 -0.996451 -0.0329777 -0.0774461 227.331 
-0.0819327 0.0825044 0.993217 -60.6088 -0.0245134 0.996099 -0.084766 -25.2513 -0.996336 -0.0312922 -0.0795906 227.302 
-0.0809957 0.084485 0.993127 -59.5584 -0.0250869 0.995913 -0.0867678 -25.364 -0.996399 -0.0319423 -0.0785452 227.221 
-0.0813658 0.0875688 0.99283 -58.5062 -0.0252668 0.995631 -0.0898866 -25.4767 -0.996364 -0.0323994 -0.0787978 227.168 
-0.0831669 0.0894493 0.992513 -57.4623 -0.0283122 0.995349 -0.0920772 -25.5945 -0.996133 -0.035758 -0.0802476 227.187 
-0.0823326 0.0901597 0.992518 -56.4286 -0.0304223 0.995208 -0.0929276 -25.7067 -0.996141 -0.0378456 -0.0791952 227.16 
-0.0782075 0.0912484 0.992752 -55.407 -0.0306743 0.995111 -0.0938816 -25.8308 -0.996465 -0.0377943 -0.0750262 227.087 
-0.0762348 0.0925384 0.992786 -54.4034 -0.0334169 0.994888 -0.0953002 -25.9275 -0.99653 -0.040441 -0.0727527 227.064 
-0.0717055 0.0938993 0.992996 -53.3893 -0.0341287 0.994745 -0.0965291 -26.0239 -0.996842 -0.0408113 -0.068124 227.024 
-0.0652148 0.0936988 0.993462 -52.4027 -0.0348566 0.99476 -0.0961093 -26.1205 -0.997262 -0.0408965 -0.0616071 226.985 
-0.0597368 0.0920938 0.993957 -51.4218 -0.033127 0.995004 -0.0941817 -26.224 -0.997664 -0.038553 -0.0563875 226.967 
-0.0532961 0.091598 0.994369 -50.4449 -0.0311232 0.995148 -0.0933379 -26.3367 -0.998094 -0.0359225 -0.0501867 226.954 
-0.0463289 0.0937493 0.994517 -49.4419 -0.0314413 0.994956 -0.0952553 -26.4181 -0.998431 -0.035682 -0.0431476 226.929 
-0.0408265 0.0942096 0.994715 -48.4733 -0.0312684 0.994937 -0.095514 -26.5149 -0.998677 -0.0350026 -0.037674 226.924 
-0.035865 0.0940888 0.994918 -47.5085 -0.0330134 0.994903 -0.0952775 -26.6075 -0.998811 -0.0362628 -0.032576 226.955 
-0.0291615 0.0910788 0.995417 -46.4974 -0.0331411 0.995205 -0.0920302 -26.7181 -0.999025 -0.0356729 -0.0260032 226.961 
-0.0251267 0.0891298 0.995703 -45.5449 -0.0316104 0.995449 -0.0899046 -26.821 -0.999184 -0.0337335 -0.0221949 226.996 
-0.0196928 0.0892836 0.995812 -44.5677 -0.0316855 0.995449 -0.0898776 -26.933 -0.999304 -0.0333228 -0.0167742 227.029 
-0.0134521 0.0918223 0.995685 -43.6195 -0.0322012 0.995218 -0.0922144 -27.0343 -0.999391 -0.0333027 -0.010431 227.068 
-0.00670105 0.0928017 0.995662 -42.6603 -0.026148 0.995328 -0.0929464 -27.0824 -0.999636 -0.0266574 -0.00424316 227.059 
0.000245426 0.0953082 0.995448 -41.6568 -0.028027 0.995057 -0.0952639 -27.1909 -0.999607 -0.027876 0.00291541 227.093 
0.00451234 0.0949099 0.995476 -40.7093 -0.0299657 0.995052 -0.0947336 -27.3028 -0.999541 -0.0294027 0.00733405 227.167 
0.0110711 0.0945891 0.995455 -39.7473 -0.0306557 0.99508 -0.0942125 -27.3945 -0.999469 -0.0294733 0.0139163 227.197 
0.0150265 0.0932405 0.99553 -38.7491 -0.0313014 0.995199 -0.0927369 -27.4851 -0.999397 -0.029768 0.0178729 227.284 
0.0216576 0.0916885 0.995552 -37.7497 -0.0304239 0.995385 -0.0910113 -27.5877 -0.999302 -0.0283175 0.0243472 227.344 
0.0271915 0.0912777 0.995454 -36.82 -0.0305249 0.995434 -0.090442 -27.691 -0.999164 -0.0279268 0.0298536 227.397 
0.0350004 0.0910332 0.995233 -35.8537 -0.028535 0.995528 -0.0900566 -27.816 -0.99898 -0.025247 0.0374415 227.448 
0.0415066 0.0915351 0.994936 -34.935 -0.0266627 0.995541 -0.0904784 -27.9213 -0.998782 -0.0227723 0.0437622 227.507 
