1 2.12261e-08 -2.11895e-08 0 2.12261e-08 1 2.10703e-08 0 -2.11895e-08 2.10703e-08 1 0 
0.999884 0.00147227 0.0151821 0.0327578 -0.0014617 0.999999 -0.000704274 -0.0297403 -0.0151832 0.000682043 0.999885 0.133902 
0.999284 0.00543404 0.0374366 0.0548676 -0.00538499 0.999985 -0.00140972 -0.0228511 -0.0374437 0.00120715 0.999298 0.242319 
0.997928 0.00682718 0.0639717 0.101526 -0.00689522 0.999976 0.00084359 -0.0473688 -0.0639645 -0.0012829 0.997951 0.366517 
0.995109 0.00702175 0.0985353 0.132796 -0.00739157 0.999967 0.00338902 -0.0651021 -0.0985083 -0.00410074 0.995128 0.532095 
0.990776 0.00297016 0.135475 0.195356 -0.00378223 0.999976 0.00573756 -0.0566546 -0.135455 -0.006197 0.990764 0.763947 
0.984805 0.000817839 0.173661 0.2923 -0.00195422 0.999978 0.00637307 -0.0588727 -0.173652 -0.00661557 0.984785 0.911326 
0.975682 -1.01185e-05 0.219193 0.36312 -0.00159182 0.999973 0.00713196 -0.0535444 -0.219187 -0.0073074 0.975656 1.10886 
0.963986 -0.000882572 0.265951 0.464478 -0.00220079 0.999934 0.0112956 -0.0935819 -0.265943 -0.0114741 0.96392 1.23977 
0.949346 -0.0044446 0.314202 0.581315 -0.00145515 0.999827 0.0185401 -0.0986745 -0.31423 -0.0180581 0.949175 1.4757 
0.932754 -0.0142993 0.360231 0.739405 0.00534481 0.999652 0.0258418 -0.0886563 -0.360475 -0.0221787 0.932505 1.6517 
0.911323 -0.0176891 0.411312 0.850358 0.00623753 0.999555 0.0291674 -0.0898391 -0.411645 -0.0240154 0.911028 1.83677 
0.885511 -0.0193628 0.464216 0.977927 0.00474939 0.999456 0.0326286 -0.0906376 -0.464595 -0.0266882 0.885121 2.03013 
0.856008 -0.0227793 0.51646 1.00645 0.00406502 0.999294 0.037338 -0.121457 -0.516946 -0.0298621 0.855497 2.14999 
0.823462 -0.0297076 0.566594 1.18976 0.00587246 0.999021 0.043846 -0.152117 -0.567341 -0.0327782 0.82283 2.33768 
0.787384 -0.0323863 0.615611 1.42665 0.00489174 0.998916 0.0462947 -0.120013 -0.616443 -0.0334403 0.786689 2.55469 
0.747873 -0.0372455 0.662797 1.61921 0.00581329 0.998754 0.049565 -0.128956 -0.663817 -0.0332153 0.747157 2.75414 
0.707087 -0.0394594 0.706025 1.82157 0.00580445 0.998732 0.0500055 -0.125127 -0.707103 -0.0312601 0.706419 2.93193 
0.664918 -0.0415571 0.74576 2.04418 0.00433576 0.998649 0.0517835 -0.148158 -0.746904 -0.0311983 0.664199 3.07401 
0.621315 -0.0415438 0.782459 2.36505 -0.0010539 0.998548 0.0538538 -0.141374 -0.78356 -0.0342848 0.620369 3.32062 
0.580781 -0.0429435 0.812926 2.61736 -0.00532916 0.998386 0.0565479 -0.162222 -0.814042 -0.0371741 0.579615 3.43307 
0.540063 -0.0440068 0.840473 2.88312 -0.00747126 0.998342 0.0570736 -0.144531 -0.841591 -0.0371027 0.538839 3.60418 
0.501838 -0.0465579 0.863708 3.29226 -0.007629 0.998273 0.0582443 -0.127869 -0.864928 -0.0358185 0.500617 3.79244 
0.463551 -0.0453521 0.884909 3.7028 -0.0118836 0.998281 0.0573877 -0.0847327 -0.885991 -0.037118 0.462215 4 
0.426472 -0.0446978 0.903396 4.19688 -0.0114171 0.998433 0.0547898 -0.0678143 -0.904429 -0.0336805 0.425293 4.23726 
0.392332 -0.0436765 0.918786 4.66965 -0.0093408 0.998631 0.0514608 -0.0575732 -0.919776 -0.0287719 0.391387 4.41372 
0.362455 -0.0419514 0.931057 5.15028 -0.00815707 0.998805 0.0481795 -0.0493625 -0.931966 -0.0250576 0.361679 4.56821 
0.336622 -0.0397623 0.9408 5.66071 -0.00786901 0.998954 0.0450358 -0.010949 -0.941607 -0.0225632 0.335958 4.75881 
0.315711 -0.0383589 0.94808 6.11829 -0.00921995 0.999011 0.0434898 0.0159631 -0.948811 -0.0224714 0.315045 4.98748 
0.302363 -0.0379836 0.952436 6.7053 -0.00740738 0.999082 0.0421955 0.0666159 -0.953164 -0.0198134 0.301804 5.11407 
0.290806 -0.0411119 0.955898 7.27332 -0.0080018 0.998937 0.0453973 0.0441543 -0.956749 -0.0208507 0.290168 5.31754 
0.279518 -0.0431042 0.959173 7.86211 -0.00759137 0.998861 0.0471 0.0703716 -0.960111 -0.0204467 0.278872 5.50906 
0.268848 -0.0450717 0.962127 8.51055 -0.0095895 0.99873 0.0494661 0.0809091 -0.963135 -0.0225252 0.268075 5.69355 
0.259195 -0.0469679 0.964682 9.16802 -0.00961566 0.998642 0.0512049 0.118141 -0.965777 -0.0225481 0.258392 5.86944 
0.246406 -0.0487635 0.967939 9.88128 -0.0103815 0.998543 0.0529481 0.152305 -0.969111 -0.0230954 0.24554 6.11572 
0.238313 -0.0514329 0.969826 10.5993 -0.0118126 0.998369 0.0558494 0.143035 -0.971117 -0.0247658 0.237317 6.25187 
0.227393 -0.052834 0.972369 11.2708 -0.0107122 0.998331 0.0567499 0.182824 -0.973744 -0.0233208 0.226448 6.43959 
0.216234 -0.0556572 0.974754 12.0521 -0.011948 0.998148 0.0596435 0.228091 -0.976268 -0.0245434 0.215169 6.6468 
0.205723 -0.0596023 0.976794 12.7495 -0.0116016 0.997925 0.0633351 0.252639 -0.978542 -0.0243619 0.204605 6.79208 
0.193624 -0.0636148 0.979011 13.5397 -0.0129233 0.997644 0.0673815 0.28818 -0.980991 -0.0256987 0.192345 6.95269 
0.180859 -0.0651976 0.981346 14.3114 -0.0122286 0.997574 0.0685296 0.345321 -0.983433 -0.0243947 0.179623 7.09817 
0.167111 -0.0645429 0.983823 15.1411 -0.00860641 0.997721 0.0669166 0.401075 -0.985901 -0.0196497 0.166175 7.23153 
0.152134 -0.0632649 0.986333 15.926 -0.00964825 0.997807 0.065489 0.445126 -0.988313 -0.0194795 0.15119 7.37825 
0.134435 -0.0621806 0.98897 16.7446 -0.0108213 0.997878 0.0642117 0.483862 -0.990863 -0.0193343 0.133477 7.50387 
0.111958 -0.0606658 0.991859 17.5922 -0.0138059 0.997943 0.0625963 0.530927 -0.993617 -0.0207017 0.11089 7.65767 
0.0874762 -0.0582735 0.994461 18.3629 -0.017916 0.998034 0.0600589 0.581593 -0.996006 -0.0230704 0.0862602 7.70174 
0.0565838 -0.0584236 0.996687 19.1884 -0.0196855 0.998027 0.0596198 0.602477 -0.998204 -0.0229938 0.055322 7.76744 
0.0226715 -0.0594617 0.997973 19.9979 -0.0254031 0.997873 0.0600329 0.612998 -0.99942 -0.0267126 0.0211128 7.80489 
-0.0128695 -0.0594824 0.998146 20.8441 -0.0286814 0.99784 0.0590944 0.616076 -0.999506 -0.0278678 -0.0145478 7.82772 
-0.0489263 -0.0584486 0.997091 21.7315 -0.0321832 0.99786 0.0569145 0.648945 -0.998284 -0.0293049 -0.0507027 7.8257 
-0.0820651 -0.0562264 0.99504 22.5782 -0.0348173 0.99796 0.05352 0.695891 -0.996019 -0.0302525 -0.0838553 7.75785 
-0.11527 -0.0525245 0.991945 23.4308 -0.0365091 0.99815 0.0486105 0.734017 -0.992663 -0.0306116 -0.116975 7.67704 
-0.147606 -0.0481827 0.987872 24.3024 -0.0339551 0.998471 0.0436262 0.756869 -0.988463 -0.0271038 -0.149016 7.54312 
-0.178756 -0.042415 0.982979 25.0132 -0.0258935 0.998927 0.0383944 0.753793 -0.983553 -0.0185896 -0.179662 7.38414 
-0.208793 -0.0352099 0.977326 25.8296 -0.0173089 0.999328 0.0323048 0.782586 -0.977807 -0.0101715 -0.209262 7.17873 
-0.236696 -0.0297239 0.971129 26.6907 -0.0130912 0.999539 0.0274027 0.811323 -0.971496 -0.00622717 -0.236976 6.96617 
-0.26441 -0.0238386 0.964116 27.5062 -0.0064785 0.999716 0.0229422 0.833868 -0.964389 -0.000179874 -0.26449 6.71697 
-0.291666 -0.0114354 0.956452 28.3903 0.000248514 0.999928 0.012031 0.879746 -0.95652 0.00374672 -0.291642 6.52018 
-0.315665 0.00410439 0.948862 29.1473 0.00597088 0.999979 -0.00233909 0.856245 -0.948852 0.00492716 -0.315683 6.25478 
-0.340802 0.022203 0.939873 29.9746 0.0070787 0.999753 -0.0210508 0.864094 -0.940108 -0.000521072 -0.340876 5.95255 
-0.367191 0.0354557 0.92947 30.6967 0.00514127 0.999335 -0.0360897 0.826119 -0.930131 -0.00847319 -0.367129 5.72969 
-0.390722 0.0460575 0.919356 31.4335 0.011794 0.998916 -0.0450309 0.761589 -0.920433 -0.00675165 -0.390841 5.42956 
-0.415496 0.0491413 0.908267 32.1059 0.016749 0.998784 -0.0463766 0.657625 -0.909441 -0.00405675 -0.415813 5.19736 
-0.438839 0.0489931 0.897229 32.802 0.0216685 0.998799 -0.0439412 0.610663 -0.898305 0.000158524 -0.439373 4.92181 
-0.459305 0.0436369 0.887206 33.5221 0.0231831 0.999041 -0.0371356 0.565591 -0.887976 0.00351158 -0.459876 4.58176 
-0.477227 0.042625 0.877746 34.1828 0.0324332 0.998997 -0.0308793 0.502752 -0.878181 0.0137317 -0.478131 4.24658 
-0.491125 0.0427478 0.87004 34.8962 0.0335426 0.998982 -0.0301488 0.456827 -0.870443 0.0143765 -0.492059 3.8744 
-0.504991 0.0453387 0.861933 35.5454 0.0351271 0.998872 -0.0319614 0.404024 -0.862409 0.014137 -0.506014 3.60961 
-0.513027 0.0485949 0.856996 36.2525 0.0369233 0.998721 -0.0345277 0.360696 -0.857578 0.0139295 -0.514165 3.14669 
-0.52698 0.0467055 0.848594 36.8407 0.0286163 0.998898 -0.0372072 0.341318 -0.849396 0.00467613 -0.527735 2.932 
-0.538568 0.0449167 0.841384 37.5215 0.0258886 0.998989 -0.036759 0.307519 -0.842184 0.00198501 -0.539186 2.54547 
-0.549376 0.0465821 0.834276 38.1016 0.0294385 0.998904 -0.0363887 0.246927 -0.835056 0.00456875 -0.550146 2.26704 
-0.559774 0.049217 0.827183 38.8086 0.030062 0.998784 -0.0390835 0.258968 -0.8281 0.00298886 -0.560573 1.94247 
-0.563071 0.0511626 0.824823 39.4653 0.0325423 0.99868 -0.0397314 0.165096 -0.825768 0.00447007 -0.563993 1.48368 
-0.565773 0.0533665 0.822833 40.1162 0.0312016 0.998574 -0.0433106 0.130279 -0.823971 0.00116975 -0.566631 1.23015 
-0.563202 0.0536641 0.824575 40.7825 0.0321915 0.998556 -0.0429995 0.0947939 -0.825692 0.00232693 -0.564116 0.827589 
-0.559218 0.0516106 0.827412 41.2867 0.03147 0.998663 -0.041023 0.00791841 -0.828423 0.00309779 -0.560095 0.547192 
-0.555725 0.0501437 0.829852 42.0226 0.0316221 0.998732 -0.0391719 -0.0667875 -0.830764 0.00447285 -0.556606 0.252275 
-0.550375 0.049429 0.833453 42.674 0.0307326 0.998769 -0.0389389 -0.103816 -0.834352 0.00418313 -0.551217 -0.104482 
-0.546022 0.0473186 0.836433 43.3607 0.0279614 0.998877 -0.0382551 -0.170374 -0.837304 0.00249965 -0.546732 -0.41973 
-0.542807 0.0437913 0.838715 44.0774 0.0218204 0.999038 -0.0380402 -0.23435 -0.839574 -0.00234739 -0.54324 -0.84313 
-0.541921 0.0396162 0.839495 44.7046 0.0153967 0.999189 -0.0372131 -0.294046 -0.840288 -0.00724118 -0.542092 -1.23452 
-0.542735 0.035296 0.839162 45.4831 0.00834506 0.999294 -0.0366341 -0.332917 -0.839863 -0.0128797 -0.542646 -1.69902 
-0.546269 0.0338202 0.836927 46.1083 0.00566082 0.999311 -0.0366872 -0.381058 -0.837591 -0.0153034 -0.546083 -2.03735 
-0.549285 0.0338392 0.834949 46.9702 0.00541989 0.999303 -0.0369346 -0.388697 -0.835617 -0.0157623 -0.549086 -2.37915 
-0.5512 0.0320444 0.833758 47.6861 0.00396112 0.999352 -0.0357901 -0.463024 -0.834364 -0.0164249 -0.550969 -2.7403 
-0.553787 0.0302768 0.832108 48.4008 0.00228993 0.99939 -0.0348395 -0.507741 -0.832655 -0.0173882 -0.553519 -3.13669 
-0.553353 0.0296271 0.83242 49.3004 0.00253597 0.999423 -0.0338852 -0.583186 -0.832943 -0.0166395 -0.553109 -3.72658 
-0.554909 0.0272926 0.831464 50.0717 -0.000268425 0.999456 -0.032986 -0.633763 -0.831911 -0.0185274 -0.554599 -4.21634 
-0.554863 0.0260872 0.831533 50.9805 -0.000812673 0.999491 -0.0318986 -0.741816 -0.831941 -0.0183751 -0.554559 -4.75378 
-0.554204 0.0273613 0.831931 51.8619 0.00147681 0.99949 -0.0318883 -0.769626 -0.83238 -0.016444 -0.553962 -5.30856 
-0.556699 0.0190641 0.830495 52.8743 -0.0059586 0.999619 -0.0269405 -1.07195 -0.830693 -0.0199463 -0.556374 -5.77809 
-0.558126 0.0161505 0.829599 53.6848 -0.00546664 0.999717 -0.02314 -1.14774 -0.829738 -0.0174502 -0.55788 -6.1563 
-0.560609 0.014442 0.827955 54.4244 -0.00855447 0.999694 -0.0232299 -1.13247 -0.828036 -0.0201056 -0.560314 -6.41959 
-0.560554 0.0150105 0.827982 55.2195 -0.00610654 0.999734 -0.0222583 -1.161 -0.828096 -0.0175331 -0.560313 -6.85403 
-0.56078 0.0146228 0.827836 56.0636 -0.00741982 0.999715 -0.0226851 -1.23112 -0.827932 -0.0188637 -0.560512 -7.28486 
-0.561548 0.0145593 0.827316 56.8937 -0.00854636 0.99969 -0.0233936 -1.2819 -0.8274 -0.0202072 -0.56125 -7.77456 
-0.56489 0.0149475 0.825031 57.7472 -0.0106681 0.99962 -0.0254149 -1.3302 -0.825098 -0.0231581 -0.564515 -8.23625 
-0.568385 0.0151511 0.822623 58.625 -0.012064 0.99957 -0.0267456 -1.4425 -0.822674 -0.025126 -0.567957 -8.76586 
-0.575791 0.0141407 0.817475 59.4509 -0.0149231 0.999502 -0.0278005 -1.50609 -0.817461 -0.0282065 -0.575293 -9.20358 
-0.58238 0.0137473 0.8128 60.2856 -0.0136086 0.999552 -0.0266566 -1.5347 -0.812803 -0.0265854 -0.581932 -9.72737 
-0.587386 0.0116745 0.809222 61.1006 -0.0136965 0.999609 -0.0243629 -1.56794 -0.809191 -0.025394 -0.586997 -10.308 
-0.593034 0.00912027 0.805126 61.93 -0.0176079 0.99955 -0.0242921 -1.59582 -0.804985 -0.0285826 -0.592606 -10.8715 
-0.598232 0.0115447 0.80124 62.7371 -0.0159235 0.999528 -0.0262906 -1.66003 -0.801165 -0.0284864 -0.597766 -11.4377 
-0.603843 0.0120927 0.797011 63.5341 -0.0163863 0.999485 -0.0275795 -1.72838 -0.796935 -0.0297138 -0.603334 -11.9782 
-0.609869 0.0131701 0.792393 64.3475 -0.0175999 0.99939 -0.0301563 -1.74686 -0.792307 -0.0323374 -0.609265 -12.5174 
-0.6136 0.0129259 0.789511 65.1015 -0.0180622 0.999375 -0.0303995 -1.80921 -0.78941 -0.0329134 -0.612983 -13.0779 
-0.616867 0.0116359 0.786981 65.908 -0.0183437 0.999407 -0.0291552 -1.86243 -0.786854 -0.0324211 -0.616288 -13.6613 
-0.619819 0.00456097 0.784732 66.6697 -0.0176513 0.999649 -0.0197519 -1.93705 -0.784546 -0.0260942 -0.619521 -14.2273 
-0.623358 -0.0025041 0.781933 67.43 -0.0185722 0.99976 -0.0116041 -1.94362 -0.781716 -0.0217557 -0.623255 -14.7661 
-0.626036 -0.00560695 0.779774 68.2109 -0.0207023 0.999741 -0.00943206 -1.96313 -0.779519 -0.022048 -0.62599 -15.3499 
-0.627794 -0.00101378 0.778379 68.9543 -0.0198436 0.999695 -0.0147026 -2.00005 -0.778127 -0.0246761 -0.627622 -15.9055 
-0.628898 0.004797 0.777473 69.6974 -0.0172088 0.99965 -0.020088 -2.05588 -0.777297 -0.0260126 -0.628595 -16.4832 
-0.630616 0.00851237 0.776049 70.4417 -0.0125553 0.999697 -0.0211679 -2.07946 -0.775994 -0.0230924 -0.630318 -17.0444 
-0.628854 0.0107797 0.777449 71.1878 -0.00840864 0.999751 -0.0206634 -2.12675 -0.777478 -0.0195316 -0.628607 -17.6884 
-0.627858 0.00594153 0.778306 71.9387 -0.0112216 0.999798 -0.0166848 -2.17447 -0.778247 -0.0192096 -0.627664 -18.3019 
-0.62678 0.00211019 0.779194 72.6952 -0.011256 0.999868 -0.011762 -2.20811 -0.779115 -0.0161428 -0.626673 -18.9038 
-0.625525 -0.00462063 0.78019 73.4386 -0.0149464 0.99987 -0.00606174 -2.23531 -0.780061 -0.0154528 -0.625513 -19.4797 
-0.625069 -0.0108447 0.780494 74.1818 -0.0233705 0.999715 -0.0048258 -2.26063 -0.78022 -0.021257 -0.625144 -20.0222 
-0.623905 -0.0172944 0.781309 74.9355 -0.0315386 0.999498 -0.00306066 -2.28313 -0.780864 -0.0265509 -0.624137 -20.5721 
-0.623624 -0.0165936 0.781549 75.6724 -0.0270735 0.999633 -0.000378864 -2.32969 -0.781256 -0.0213955 -0.623844 -21.0895 
-0.621518 -0.0132288 0.783288 76.4204 -0.024553 0.999695 -0.00259841 -2.33783 -0.783015 -0.0208471 -0.621653 -21.6454 
-0.617063 -0.00971992 0.786853 77.1736 -0.0239112 0.999694 -0.00640239 -2.34137 -0.78655 -0.0227653 -0.617107 -22.2097 
-0.610953 -0.00707564 0.791636 77.9217 -0.0206613 0.999762 -0.00700962 -2.34464 -0.791398 -0.0206387 -0.610953 -22.7574 
-0.605072 -0.00493594 0.796156 78.6578 -0.0163983 0.999846 -0.00626379 -2.35633 -0.796002 -0.0168457 -0.605059 -23.2638 
-0.596431 -0.00509246 0.802648 79.4119 -0.0161856 0.999853 -0.00568355 -2.37652 -0.802501 -0.0163812 -0.596426 -23.7846 
-0.586997 -0.00813897 0.809548 80.1811 -0.0221126 0.999738 -0.00598259 -2.37804 -0.809287 -0.021413 -0.587023 -24.2958 
-0.576798 -0.0078623 0.816849 80.9994 -0.0160919 0.999869 -0.00173901 -2.38631 -0.816728 -0.0141477 -0.576849 -24.8321 
-0.567286 -0.0102314 0.823457 81.775 -0.0191494 0.999816 -0.000769445 -2.42682 -0.823298 -0.0162052 -0.567378 -25.3283 
-0.556445 -0.00914673 0.830834 82.5136 -0.0185526 0.999827 -0.00141826 -2.41249 -0.830677 -0.0162033 -0.556518 -25.7969 
-0.545792 -0.00843205 0.837878 83.3224 -0.0156862 0.999877 -0.000155586 -2.44287 -0.837774 -0.0132281 -0.545857 -26.2948 
-0.534553 -0.00593689 0.845114 84.1034 -0.0160227 0.999867 -0.00311065 -2.47173 -0.844983 -0.0152038 -0.534577 -26.7579 
-0.524494 0.00267087 0.85141 84.8954 -0.0152002 0.999806 -0.0125001 -2.48821 -0.851278 -0.0194979 -0.524352 -27.2068 
-0.511543 0.00663562 0.859232 85.6946 -0.0182793 0.99966 -0.0186026 -2.5045 -0.859063 -0.0252222 -0.511248 -27.6734 
-0.503716 0.00385045 0.863861 86.4197 -0.020447 0.999657 -0.0163783 -2.52437 -0.863627 -0.0259134 -0.503464 -28.0239 
-0.492694 -0.00129324 0.870202 87.2293 -0.0263141 0.999564 -0.0134131 -2.55239 -0.869805 -0.0295072 -0.492513 -28.4585 
-0.485344 0.000989881 0.874323 88.0496 -0.0229935 0.999639 -0.0138956 -2.59164 -0.874021 -0.0268479 -0.485146 -28.8556 
-0.480558 0.00609557 0.876942 88.8362 -0.02579 0.999445 -0.0210798 -2.62185 -0.876584 -0.0327464 -0.480134 -29.2275 
-0.477229 0.00959413 0.878727 89.761 -0.0292689 0.999212 -0.0268053 -2.67014 -0.878291 -0.0385116 -0.476572 -29.6398 
-0.47589 0.00883511 0.879461 90.5977 -0.0368335 0.998872 -0.0299659 -2.69391 -0.878733 -0.0466541 -0.475028 -30.0258 
-0.472191 0.00692751 0.881469 91.4775 -0.0438343 0.998548 -0.031329 -2.73138 -0.880406 -0.0534319 -0.471201 -30.4455 
-0.467231 0.00534197 0.884119 92.1734 -0.0473557 0.998395 -0.0310585 -2.79467 -0.882866 -0.0563796 -0.466228 -30.8342 
-0.462525 -0.000282632 0.886606 92.9877 -0.0514001 0.998327 -0.0264962 -2.85014 -0.885115 -0.0578268 -0.461766 -31.2132 
-0.45859 -0.0043788 0.888637 93.8309 -0.0515966 0.998432 -0.0217071 -2.88463 -0.887149 -0.0558054 -0.458097 -31.5976 
-0.453712 -0.00847126 0.891108 94.6427 -0.0552331 0.9983 -0.0186318 -2.91578 -0.889435 -0.0576721 -0.453408 -31.9738 
-0.449507 -0.0115292 0.893202 95.4949 -0.067332 0.997509 -0.0210094 -2.94502 -0.890736 -0.069585 -0.449164 -32.3296 
-0.443514 -0.0130848 0.896172 96.3178 -0.0742942 0.996989 -0.0222112 -2.99299 -0.893183 -0.0764314 -0.443151 -32.6842 
-0.438341 -0.00874154 0.898766 97.1267 -0.0721672 0.997067 -0.0254993 -3.04178 -0.895907 -0.0760389 -0.437686 -33.0409 
-0.433047 -0.00732139 0.901342 97.9267 -0.0741598 0.996866 -0.0275325 -3.08804 -0.898316 -0.0787662 -0.432233 -33.3657 
-0.428937 -0.00958155 0.903284 98.7951 -0.0786823 0.99654 -0.0267926 -3.13211 -0.899901 -0.0825647 -0.428207 -33.7036 
-0.422719 -0.015677 0.906125 99.5835 -0.0804226 0.996555 -0.0202766 -3.17926 -0.902685 -0.0814443 -0.422524 -34.0597 
-0.4168 -0.0186034 0.908808 100.455 -0.0836683 0.996332 -0.0179771 -3.21115 -0.90514 -0.0835313 -0.416827 -34.4064 
-0.413147 -0.0169082 0.910508 101.272 -0.089336 0.995758 -0.0220452 -3.23334 -0.906272 -0.0904491 -0.412905 -34.7074 
-0.407522 -0.0140751 0.913087 102.027 -0.089354 0.995698 -0.0245313 -3.26486 -0.908813 -0.091585 -0.407027 -35.0426 
-0.398708 -0.0120832 0.916998 102.791 -0.0905745 0.995543 -0.0262633 -3.26867 -0.912594 -0.0935281 -0.398026 -35.4124 
-0.394282 -0.013324 0.918893 103.617 -0.0933747 0.995301 -0.0256337 -3.28529 -0.914233 -0.0959083 -0.393674 -35.6854 
-0.386547 -0.0132932 0.922174 104.441 -0.0887125 0.995796 -0.022831 -3.33149 -0.917993 -0.0906336 -0.386101 -36.0233 
-0.381822 -0.0144047 0.924124 105.28 -0.0939422 0.995305 -0.0233 -3.38087 -0.919449 -0.0957106 -0.381383 -36.2727 
-0.376257 -0.013536 0.926417 106.064 -0.0901547 0.995683 -0.0220676 -3.42336 -0.922119 -0.0918239 -0.375853 -36.5515 
-0.370649 -0.0155223 0.928643 106.818 -0.0961051 0.995134 -0.0217246 -3.45261 -0.923787 -0.0972996 -0.370338 -36.8206 
-0.363558 -0.0159682 0.931435 107.625 -0.0966722 0.995102 -0.0206735 -3.47569 -0.926542 -0.0975599 -0.363321 -37.1392 
-0.359486 -0.0151361 0.933028 108.45 -0.0935741 0.995413 -0.0199049 -3.50356 -0.928447 -0.0944627 -0.359253 -37.4343 
-0.355187 -0.0156192 0.934665 109.263 -0.0922072 0.99557 -0.0184031 -3.55837 -0.930237 -0.0927194 -0.355054 -37.7203 
-0.35118 -0.0137127 0.936208 110.062 -0.0918215 0.995577 -0.0198608 -3.56716 -0.931795 -0.0929387 -0.350886 -37.9692 
-0.344788 -0.0142453 0.938573 110.923 -0.0835944 0.996378 -0.015586 -3.60903 -0.934951 -0.0838333 -0.34473 -38.2845 
-0.341884 -0.013864 0.93964 111.782 -0.0766211 0.996973 -0.0131683 -3.62645 -0.936613 -0.0764983 -0.341911 -38.5627 
-0.338106 -0.0169503 0.940955 112.622 -0.0781175 0.996893 -0.0101114 -3.65657 -0.93786 -0.0769238 -0.33838 -38.8389 
-0.335091 -0.0155332 0.942058 113.469 -0.0804051 0.996688 -0.0121662 -3.67458 -0.938749 -0.079823 -0.33523 -39.096 
-0.331891 -0.0148395 0.943201 114.313 -0.081043 0.996628 -0.012837 -3.71116 -0.93983 -0.0807004 -0.331974 -39.3552 
-0.331836 -0.0155414 0.943209 115.139 -0.0846883 0.996318 -0.0133782 -3.72338 -0.939528 -0.0843181 -0.33193 -39.5984 
-0.329803 -0.015732 0.943919 115.965 -0.0807016 0.996671 -0.0115858 -3.77226 -0.940594 -0.0799968 -0.329975 -39.8663 
-0.328063 -0.0181396 0.944482 116.79 -0.0762148 0.997065 -0.00732347 -3.80648 -0.941576 -0.074386 -0.328482 -40.1567 
-0.327282 -0.0249195 0.944598 117.643 -0.0766957 0.997055 -0.000269927 -3.85089 -0.941809 -0.0725349 -0.328229 -40.4245 
-0.325599 -0.0263401 0.945141 118.414 -0.0736362 0.997282 0.00242576 -3.88627 -0.942636 -0.0688068 -0.326654 -40.6561 
-0.326 -0.0218436 0.945117 119.244 -0.0770734 0.997019 -0.00354177 -3.88481 -0.942223 -0.073998 -0.326712 -40.8953 
-0.325453 -0.0176751 0.945393 120.052 -0.0765671 0.997035 -0.00771774 -3.89413 -0.942453 -0.0748977 -0.325841 -41.1623 
-0.325707 -0.0152626 0.945348 120.902 -0.0766005 0.997009 -0.010295 -3.90445 -0.942363 -0.0757673 -0.325902 -41.423 
-0.323021 -0.0137028 0.946292 121.673 -0.0755819 0.997075 -0.011362 -3.91444 -0.943369 -0.0751927 -0.323112 -41.6706 
-0.323128 -0.0123046 0.946275 122.49 -0.0727914 0.997276 -0.0118885 -3.94024 -0.943552 -0.0727222 -0.323143 -41.9351 
-0.324831 -0.0107539 0.945711 123.343 -0.078291 0.996809 -0.0155563 -3.94926 -0.942526 -0.0790939 -0.324637 -42.1879 
-0.324915 -0.010691 0.945683 124.149 -0.0843793 0.996276 -0.0177278 -3.99077 -0.941972 -0.0855561 -0.324607 -42.4302 
-0.323776 -0.0125774 0.94605 124.912 -0.0959769 0.99519 -0.0196164 -4.02341 -0.941253 -0.0971502 -0.323426 -42.641 
-0.326666 -0.00911964 0.945096 125.565 -0.0988179 0.994803 -0.0245564 -4.04996 -0.93996 -0.101414 -0.325869 -42.8168 
-0.326272 -0.00922926 0.945231 126.323 -0.0925786 0.995457 -0.0222364 -4.10173 -0.940731 -0.0947633 -0.325645 -43.059 
-0.324086 -0.00530263 0.946013 127.219 -0.0933936 0.995279 -0.026416 -4.06525 -0.941406 -0.0969126 -0.323051 -43.3603 
-0.3238 -0.00613485 0.946106 128.001 -0.0882094 0.995819 -0.0237319 -4.11125 -0.942005 -0.0911398 -0.322987 -43.589 
-0.324182 -0.0111347 0.945929 128.712 -0.0925377 0.995508 -0.0199955 -4.14459 -0.941458 -0.0940163 -0.323756 -43.7568 
-0.323592 -0.0192869 0.946 129.561 -0.104653 0.994388 -0.0155244 -4.18009 -0.940391 -0.104025 -0.323794 -43.9913 
-0.321551 -0.0201702 0.946677 130.298 -0.104304 0.994444 -0.0142401 -4.21345 -0.94113 -0.103321 -0.321868 -44.2004 
-0.316192 -0.0156595 0.948566 131.434 -0.10285 0.994536 -0.0178653 -4.24938 -0.943104 -0.103209 -0.316075 -44.5268 
-0.312086 -0.0127004 0.949969 132.378 -0.109985 0.993671 -0.022848 -4.2319 -0.943666 -0.111613 -0.311507 -44.7416 
-0.306768 -0.0127759 0.951699 133.168 -0.111414 0.993518 -0.0225755 -4.26193 -0.945241 -0.112958 -0.306203 -44.9441 
-0.297872 -0.0171569 0.954452 133.923 -0.114235 0.993294 -0.0177961 -4.27758 -0.947746 -0.114333 -0.297835 -45.1295 
-0.28825 -0.0172917 0.957399 134.691 -0.114191 0.993323 -0.0164397 -4.29298 -0.950722 -0.114065 -0.2883 -45.3224 
-0.272858 -0.0148426 0.96194 135.48 -0.108485 0.993978 -0.0154352 -4.32878 -0.955918 -0.108568 -0.272825 -45.564 
-0.25861 -0.0133902 0.965889 136.104 -0.106798 0.99417 -0.0148121 -4.35853 -0.96006 -0.106986 -0.258532 -45.7418 
-0.242295 -0.0121189 0.970127 136.853 -0.0978314 0.995131 -0.0120027 -4.3811 -0.965258 -0.097817 -0.242301 -45.9472 
-0.231358 -0.0131315 0.97278 137.576 -0.104259 0.994485 -0.0113716 -4.41535 -0.967266 -0.104052 -0.231451 -46.0716 
-0.217001 -0.00508872 0.976158 138.329 -0.104326 0.99438 -0.0180081 -4.44445 -0.97058 -0.105747 -0.216313 -46.2197 
-0.203263 0.00120929 0.979123 138.975 -0.114565 0.993101 -0.0250099 -4.47974 -0.972399 -0.117257 -0.201722 -46.3486 
-0.190808 0.0078454 0.981596 139.702 -0.119821 0.992304 -0.0312224 -4.52252 -0.974287 -0.123573 -0.188399 -46.4446 
-0.178632 0.00795148 0.983884 140.478 -0.116155 0.992804 -0.0291123 -4.56435 -0.977036 -0.119483 -0.176423 -46.5608 
-0.166464 0.00158711 0.986046 141.209 -0.123767 0.992056 -0.0224911 -4.59569 -0.978249 -0.125784 -0.164945 -46.656 
-0.157673 -0.00264438 0.987488 141.921 -0.13438 0.990752 -0.0188033 -4.63012 -0.978305 -0.135663 -0.15657 -46.7136 
-0.145502 0.00649099 0.989337 142.639 -0.127098 0.99157 -0.0251979 -4.67329 -0.98116 -0.129409 -0.143451 -46.8328 
-0.137363 0.0139389 0.990423 143.525 -0.126393 0.991481 -0.0314833 -4.71155 -0.982424 -0.129507 -0.13443 -46.9464 
-0.135921 0.0171591 0.990571 144.278 -0.127461 0.991238 -0.0346601 -4.70568 -0.982486 -0.130971 -0.132543 -47.014 
-0.136125 0.0122411 0.990616 145.015 -0.130407 0.991002 -0.0301656 -4.73248 -0.982071 -0.133289 -0.133304 -47.0808 
-0.136226 0.00872856 0.990639 145.82 -0.128098 0.991411 -0.0263505 -4.74456 -0.982361 -0.130489 -0.133938 -47.1903 
-0.139202 0.00644525 0.990243 146.548 -0.127865 0.991491 -0.0244278 -4.76442 -0.981974 -0.130018 -0.137194 -47.2757 
-0.142199 0.0078083 0.989807 147.282 -0.125335 0.991778 -0.0258298 -4.78108 -0.981871 -0.12773 -0.140051 -47.3639 
-0.14475 0.0029589 0.989464 147.835 -0.133493 0.990795 -0.0224917 -4.88151 -0.980422 -0.135342 -0.143023 -47.4903 
-0.149251 0.00185929 0.988798 148.546 -0.1336 0.990791 -0.0220288 -4.89938 -0.979732 -0.135391 -0.147628 -47.5783 
-0.155047 0.00459652 0.987896 149.229 -0.135044 0.990504 -0.0258034 -4.85194 -0.978633 -0.137411 -0.152954 -47.7018 
-0.164241 0.00216827 0.986418 149.916 -0.138085 0.990101 -0.0251678 -4.87805 -0.976708 -0.140343 -0.162316 -47.7486 
-0.169643 0.00044943 0.985506 150.626 -0.137189 0.990252 -0.024067 -4.90499 -0.97591 -0.139283 -0.167927 -47.8768 
-0.179191 -0.000870884 0.983814 151.317 -0.141946 0.989559 -0.024978 -4.91207 -0.97352 -0.144125 -0.177444 -47.8678 
-0.183505 -0.00150095 0.983018 151.9 -0.146787 0.988829 -0.0258917 -4.97731 -0.971998 -0.149045 -0.181676 -48.0118 
-0.191478 0.00179031 0.981495 152.83 -0.14814 0.98849 -0.0307034 -4.95421 -0.970253 -0.151278 -0.189009 -48.0487 
-0.19295 0.00321717 0.981203 153.487 -0.146728 0.988656 -0.0320952 -4.99963 -0.970176 -0.150163 -0.190289 -48.1982 
-0.193489 0.00576672 0.981086 154.166 -0.144704 0.988879 -0.034351 -5.02277 -0.970372 -0.148614 -0.190503 -48.3325 
-0.193991 0.00437648 0.980994 154.913 -0.142489 0.98926 -0.0325905 -5.05285 -0.9706 -0.146103 -0.191284 -48.4303 
-0.187645 0.000994581 0.982236 155.623 -0.138525 0.989978 -0.027466 -5.09501 -0.97242 -0.141218 -0.185627 -48.5978 
-0.182039 0.000990553 0.983291 156.324 -0.138077 0.990065 -0.02656 -5.13886 -0.973548 -0.140605 -0.180094 -48.6844 
-0.172466 0.00182197 0.985014 156.967 -0.134911 0.990531 -0.0254537 -5.16766 -0.975733 -0.137279 -0.170587 -48.7687 
-0.159771 0.000975067 0.987154 157.615 -0.133858 0.990742 -0.0226435 -5.21324 -0.978037 -0.135756 -0.158161 -48.8476 
-0.147918 0.000340895 0.989 158.244 -0.151486 0.988192 -0.0229973 -5.24131 -0.977329 -0.153221 -0.14612 -48.8524 
-0.134256 -0.00482376 0.990935 158.922 -0.153954 0.987948 -0.0160491 -5.25545 -0.978914 -0.154713 -0.133381 -48.893 
-0.117811 -0.0129149 0.992952 159.578 -0.153524 0.98813 -0.00536286 -5.26635 -0.981097 -0.153074 -0.118395 -48.9503 
-0.0990556 -0.0201113 0.994879 160.253 -0.154791 0.987937 0.00455913 -5.28423 -0.982969 -0.153547 -0.100974 -49.0186 
-0.0821398 -0.0268453 0.996259 160.879 -0.149528 0.988654 0.0143121 -5.23803 -0.98534 -0.147793 -0.0852219 -49.0523 
-0.0638523 -0.032768 0.997421 161.496 -0.149304 0.988526 0.0229177 -5.24335 -0.986728 -0.147456 -0.0680121 -49.1006 
-0.0492659 -0.0346502 0.998185 162.275 -0.156113 0.987382 0.0265702 -5.24455 -0.98651 -0.154521 -0.0540536 -49.0158 
-0.0313301 -0.0363943 0.998846 162.945 -0.149697 0.988236 0.0313123 -5.21554 -0.988235 -0.148543 -0.0364096 -48.991 
-0.0154946 -0.036673 0.999207 163.57 -0.150166 0.988078 0.0339359 -5.18743 -0.988539 -0.149521 -0.0208169 -48.979 
0.00167354 -0.0386993 0.99925 164.158 -0.152412 0.987567 0.0385022 -5.15909 -0.988316 -0.152362 -0.0042455 -48.9482 
0.015864 -0.0412981 0.999021 164.789 -0.15375 0.987163 0.0432494 -5.11897 -0.987982 -0.154285 0.00931072 -48.9157 
0.0277796 -0.0449038 0.998605 165.425 -0.150957 0.987345 0.0485969 -5.10268 -0.98815 -0.152097 0.0206495 -48.8907 
0.0393458 -0.0463829 0.998149 166.065 -0.146162 0.987911 0.0516687 -5.08654 -0.988478 -0.147924 0.0320907 -48.8539 
0.049337 -0.0433658 0.99784 166.68 -0.151168 0.987223 0.0503788 -5.06723 -0.987276 -0.153327 0.0421511 -48.8027 
0.0575302 -0.0372592 0.997648 167.262 -0.156084 0.986679 0.0458503 -5.04723 -0.986067 -0.158355 0.0509483 -48.7386 
0.0661821 -0.0248918 0.997497 167.824 -0.158485 0.986736 0.0351385 -4.98835 -0.985141 -0.160414 0.0613593 -48.6771 
0.073495 -0.0172598 0.997146 168.467 -0.152439 0.987907 0.0283354 -4.9473 -0.985576 -0.154086 0.0699751 -48.6012 
0.0800955 -0.0194467 0.996598 169.062 -0.151509 0.987955 0.0314547 -4.94002 -0.985205 -0.153513 0.0761844 -48.5508 
0.0859958 -0.0260019 0.995956 169.697 -0.154306 0.987249 0.0390981 -4.89887 -0.984274 -0.157044 0.080887 -48.485 
0.0921975 -0.0369302 0.995056 170.329 -0.160503 0.985693 0.0514543 -4.86732 -0.98272 -0.164453 0.0849511 -48.4249 
0.0933049 -0.0450162 0.994619 170.978 -0.159821 0.985346 0.0595892 -4.84089 -0.982727 -0.164521 0.0847431 -48.3329 
0.0944001 -0.0455387 0.994492 171.591 -0.157278 0.985726 0.0600666 -4.82602 -0.983032 -0.162082 0.0858904 -48.2684 
0.0959189 -0.0425691 0.994479 172.218 -0.153651 0.986477 0.0570465 -4.79377 -0.983459 -0.158274 0.0880811 -48.2155 
0.0985118 -0.0427503 0.994217 172.842 -0.150307 0.986976 0.0573321 -4.76238 -0.983719 -0.155085 0.0908031 -48.154 
0.0994375 -0.0433245 0.9941 173.475 -0.15226 0.986624 0.0582289 -4.69892 -0.983326 -0.157152 0.0915108 -48.0767 
0.103422 -0.0470702 0.993523 174.121 -0.152827 0.986266 0.0626351 -4.66006 -0.982826 -0.158315 0.094808 -48.0101 
0.105498 -0.0520018 0.993059 174.75 -0.149989 0.986375 0.067586 -4.62248 -0.983043 -0.156078 0.0962607 -47.9176 
0.110393 -0.0549474 0.992368 175.405 -0.148633 0.98633 0.0711474 -4.58453 -0.982711 -0.155353 0.100717 -47.8354 
0.117977 -0.0565289 0.991406 176.1 -0.146871 0.986405 0.0737214 -4.53108 -0.982095 -0.154306 0.108071 -47.764 
0.125401 -0.0590614 0.990347 176.765 -0.145178 0.986389 0.0772082 -4.47517 -0.981427 -0.153458 0.115119 -47.6681 
0.136926 -0.0607344 0.988718 177.408 -0.141674 0.986657 0.0802281 -4.43573 -0.980398 -0.151061 0.126494 -47.5956 
0.149257 -0.0591461 0.987028 178.077 -0.143075 0.986413 0.080745 -4.4135 -0.978393 -0.153271 0.138767 -47.487 
0.162461 -0.0554868 0.985154 178.745 -0.143265 0.986511 0.0791891 -4.35975 -0.976259 -0.154003 0.15232 -47.3843 
0.166492 -0.0538189 0.984573 179.187 -0.144347 0.986422 0.0783291 -4.32955 -0.97542 -0.155161 0.156462 -47.0512 
0.175533 -0.0561357 0.982872 179.743 -0.142443 0.986419 0.0817776 -4.3466 -0.974114 -0.154358 0.165153 -46.8442 
0.185989 -0.0593129 0.98076 180.411 -0.14159 0.98614 0.086489 -4.29875 -0.972297 -0.154952 0.175013 -46.6745 
0.196521 -0.0618671 0.978546 180.982 -0.140654 0.985907 0.0905802 -4.25045 -0.970359 -0.155438 0.18505 -46.531 
0.208444 -0.063595 0.975965 181.692 -0.142853 0.985202 0.0947072 -4.20144 -0.967545 -0.159161 0.196275 -46.348 
0.218776 -0.0663616 0.973516 182.406 -0.145439 0.984323 0.0997826 -4.16618 -0.964875 -0.163417 0.205695 -46.1778 
0.227347 -0.0636962 0.971729 183.078 -0.149072 0.983821 0.0993659 -4.06017 -0.962336 -0.167448 0.214173 -46.0243 
0.23242 -0.0711966 0.970006 183.729 -0.149052 0.982929 0.107859 -4.08477 -0.961127 -0.16965 0.217841 -45.8438 
0.236833 -0.0747745 0.968669 184.378 -0.14558 0.983046 0.111478 -4.03473 -0.960581 -0.167421 0.221932 -45.7305 
0.237509 -0.072982 0.96864 185.089 -0.140729 0.984068 0.108651 -3.95259 -0.961137 -0.162121 0.223454 -45.5757 
0.236368 -0.0716363 0.969019 185.784 -0.14015 0.984337 0.106955 -3.87735 -0.961503 -0.161088 0.222626 -45.3996 
0.236263 -0.0704668 0.969131 186.526 -0.135185 0.985284 0.104598 -3.80717 -0.962239 -0.155725 0.22326 -45.2416 
0.237271 -0.0707244 0.968866 187.229 -0.133038 0.985584 0.104525 -3.73778 -0.962291 -0.153696 0.224442 -45.0932 
0.237122 -0.0762713 0.968481 187.948 -0.127207 0.985892 0.108788 -3.66088 -0.963116 -0.148993 0.224075 -44.9302 
0.237106 -0.080543 0.968139 188.655 -0.130068 0.984953 0.113797 -3.60693 -0.962737 -0.152906 0.223062 -44.7571 
0.236516 -0.0822149 0.968143 189.337 -0.128724 0.984979 0.115092 -3.53256 -0.963063 -0.151844 0.222381 -44.6031 
0.23545 -0.0814271 0.968469 190.01 -0.132375 0.984511 0.114958 -3.47291 -0.962829 -0.155268 0.221024 -44.4281 
0.233863 -0.0825803 0.968756 190.725 -0.132506 0.984383 0.1159 -3.40655 -0.963198 -0.15547 0.219268 -44.2566 
0.232151 -0.0807631 0.969321 191.4 -0.135573 0.984133 0.114467 -3.34683 -0.963185 -0.157987 0.217518 -44.0887 
0.2291 -0.0766364 0.970381 192.132 -0.136689 0.984485 0.110022 -3.26052 -0.963758 -0.157846 0.215071 -43.8537 
0.229461 -0.0711872 0.970711 192.751 -0.137876 0.984887 0.104819 -3.22281 -0.963503 -0.15789 0.216178 -43.7437 
0.227224 -0.0659251 0.971609 193.449 -0.146997 0.983953 0.10114 -3.1489 -0.962684 -0.165804 0.213887 -43.5641 
0.226334 -0.0700304 0.971529 194.23 -0.145572 0.983779 0.104827 -3.06056 -0.963111 -0.165153 0.212468 -43.3691 
0.225635 -0.0740275 0.971395 194.823 -0.150486 0.982493 0.109828 -3.02264 -0.962519 -0.170962 0.210544 -43.2549 
0.224158 -0.0756981 0.971609 195.459 -0.155579 0.981413 0.112355 -3.02756 -0.962054 -0.176347 0.208214 -43.0831 
0.218981 -0.0775171 0.972645 196.191 -0.156225 0.981194 0.113371 -2.94864 -0.963141 -0.176777 0.202752 -42.8969 
0.212927 -0.0782956 0.973926 196.929 -0.154712 0.981507 0.112729 -2.86964 -0.964742 -0.174681 0.196876 -42.7466 
0.201348 -0.0805009 0.976206 197.719 -0.156344 0.981199 0.11316 -2.8368 -0.966962 -0.175409 0.184976 -42.5301 
0.189595 -0.078513 0.978718 198.443 -0.154016 0.98208 0.108618 -2.75388 -0.969708 -0.171332 0.174106 -42.369 
0.178165 -0.077998 0.980904 199.16 -0.15607 0.981995 0.106432 -2.73475 -0.971545 -0.172053 0.162784 -42.2269 
0.165965 -0.0775577 0.983077 199.785 -0.158958 0.981762 0.10429 -2.6561 -0.973236 -0.173576 0.15061 -42.1205 
0.156304 -0.0843268 0.984103 200.502 -0.151842 0.982453 0.108302 -2.58299 -0.975968 -0.166356 0.140757 -42.0377 
0.148017 -0.0935233 0.984553 201.254 -0.148314 0.982161 0.115594 -2.51937 -0.977801 -0.163133 0.131506 -41.948 
0.140838 -0.0982341 0.985147 202.077 -0.146679 0.982013 0.118891 -2.43207 -0.979107 -0.161245 0.123896 -41.8607 
0.136853 -0.0998124 0.98555 202.812 -0.155781 0.980363 0.120919 -2.34146 -0.978266 -0.170078 0.118616 -41.7292 
0.136926 -0.100692 0.98545 203.584 -0.157676 0.979921 0.122036 -2.23139 -0.977952 -0.172091 0.118301 -41.6859 
0.133124 -0.100783 0.985962 204.314 -0.159182 0.979727 0.121639 -2.13504 -0.978233 -0.173141 0.114382 -41.5786 
0.133253 -0.0983137 0.986194 205.052 -0.162836 0.979373 0.119636 -2.05718 -0.977613 -0.17653 0.114496 -41.4793 
0.13133 -0.0963928 0.986641 205.803 -0.162949 0.979625 0.117397 -1.94942 -0.977855 -0.17619 0.112947 -41.3603 
0.131891 -0.0963459 0.986571 206.506 -0.162213 0.979751 0.117366 -1.85486 -0.977902 -0.175514 0.113592 -41.266 
0.133496 -0.0986892 0.986123 207.366 -0.16142 0.979577 0.119886 -1.7579 -0.977815 -0.175184 0.114839 -41.1212 
0.131803 -0.100541 0.986164 208.118 -0.157668 0.980052 0.120991 -1.66437 -0.978657 -0.171433 0.113322 -40.9888 
0.136692 -0.100494 0.985503 208.877 -0.155585 0.980316 0.121545 -1.58689 -0.978319 -0.169944 0.118366 -40.9161 
0.13822 -0.101982 0.985137 209.625 -0.154678 0.980256 0.123179 -1.50046 -0.978248 -0.169405 0.119717 -40.7871 
0.142359 -0.102762 0.984466 210.378 -0.160345 0.979065 0.125385 -1.40447 -0.976741 -0.175704 0.122901 -40.6622 
0.149001 -0.108443 0.982873 211.153 -0.158227 0.978546 0.131953 -1.33163 -0.976096 -0.175178 0.128646 -40.541 
0.152959 -0.111948 0.981871 211.617 -0.162389 0.97721 0.136714 -1.26028 -0.974799 -0.180357 0.131294 -40.4234 
0.157996 -0.11279 0.980977 212.39 -0.162964 0.976854 0.138562 -1.17484 -0.9739 -0.181756 0.135958 -40.3108 
0.162027 -0.107478 0.980916 213.149 -0.166897 0.976745 0.134589 -1.06489 -0.97257 -0.185519 0.140321 -40.1648 
0.167605 -0.103725 0.980382 213.92 -0.167031 0.977085 0.131931 -1.0032 -0.971601 -0.185866 0.146439 -40.017 
0.171421 -0.101756 0.979929 214.681 -0.16901 0.976869 0.131004 -0.912548 -0.970593 -0.188075 0.150258 -39.8608 
0.175698 -0.103303 0.979009 215.427 -0.171975 0.975966 0.133845 -0.832349 -0.969306 -0.191881 0.15371 -39.7131 
0.179639 -0.100872 0.978547 216.185 -0.1714 0.976304 0.132106 -0.737421 -0.968686 -0.191455 0.158093 -39.5695 
0.183005 -0.0978882 0.978227 216.975 -0.174809 0.975934 0.130362 -0.641394 -0.967446 -0.194859 0.161489 -39.4063 
0.187475 -0.0980362 0.977365 217.758 -0.174129 0.975931 0.131293 -0.554807 -0.966712 -0.194802 0.165892 -39.2576 
0.191817 -0.0995908 0.976365 218.502 -0.175719 0.975278 0.134002 -0.465339 -0.965572 -0.197269 0.169574 -39.0861 
0.196469 -0.0993836 0.97546 219.24 -0.17082 0.976167 0.133861 -0.36785 -0.965516 -0.192928 0.17481 -38.9494 
0.201161 -0.0987303 0.97457 220.051 -0.169789 0.976334 0.133955 -0.274495 -0.964731 -0.192418 0.179637 -38.7965 
0.205878 -0.0959141 0.973866 220.792 -0.17085 0.976377 0.13228 -0.182672 -0.963548 -0.193619 0.184627 -38.6439 
0.211087 -0.0969886 0.972644 221.561 -0.177207 0.974779 0.13566 -0.0751839 -0.96127 -0.200995 0.188576 -38.4699 
0.215324 -0.0988329 0.971529 222.375 -0.173034 0.975262 0.137563 0.0152838 -0.961091 -0.197728 0.192896 -38.2783 
0.218976 -0.095777 0.971018 223.11 -0.170808 0.976041 0.134792 0.102732 -0.960663 -0.195374 0.19737 -38.1062 
0.223284 -0.0880098 0.970772 223.87 -0.170248 0.977086 0.12774 0.201096 -0.959771 -0.193795 0.203184 -37.9297 
0.226373 -0.0802256 0.970731 224.6 -0.180955 0.97579 0.122842 0.312187 -0.957085 -0.203467 0.206375 -37.7395 
0.229659 -0.0825671 0.969763 225.385 -0.184809 0.974568 0.126743 0.404209 -0.955564 -0.208328 0.208559 -37.5405 
0.231717 -0.0939256 0.968238 226.149 -0.18216 0.973532 0.138033 0.48957 -0.955576 -0.208359 0.208475 -37.3434 
0.233525 -0.105536 0.966607 226.956 -0.178283 0.972593 0.149261 0.607746 -0.955867 -0.207185 0.208309 -37.1666 
0.234675 -0.114062 0.965359 227.667 -0.181647 0.970454 0.158822 0.706792 -0.954951 -0.212626 0.207022 -36.9589 
0.23618 -0.115654 0.964802 228.446 -0.182155 0.970021 0.16087 0.823418 -0.954483 -0.213738 0.208033 -36.75 
0.238806 -0.112634 0.964513 229.184 -0.180475 0.970798 0.158052 0.915181 -0.954149 -0.211815 0.211505 -36.5556 
0.24298 -0.105865 0.964237 229.947 -0.180172 0.971805 0.152098 1.03472 -0.953152 -0.210685 0.217055 -36.3665 
0.248437 -0.100737 0.963396 230.736 -0.178702 0.972739 0.147797 1.14364 -0.952021 -0.208879 0.223663 -36.1869 
0.252576 -0.0985642 0.962544 231.488 -0.175919 0.97354 0.145852 1.25605 -0.951451 -0.206168 0.228553 -35.9872 
0.256445 -0.0974408 0.961635 232.215 -0.173488 0.974108 0.14497 1.34661 -0.950862 -0.204009 0.2329 -35.7904 
0.260287 -0.0986373 0.96048 232.929 -0.172909 0.973925 0.146876 1.45073 -0.949923 -0.204305 0.236445 -35.5678 
0.262756 -0.102222 0.959432 233.666 -0.173677 0.973119 0.151245 1.56066 -0.949103 -0.206372 0.237939 -35.3433 
0.266563 -0.107119 0.957847 234.435 -0.171267 0.972724 0.156445 1.68681 -0.948479 -0.20575 0.240946 -35.1341 
0.267719 -0.112371 0.956922 235.196 -0.170495 0.971977 0.161839 1.81176 -0.948292 -0.206478 0.241058 -34.9123 
0.269918 -0.117325 0.955709 235.958 -0.168924 0.971385 0.166958 1.93024 -0.94795 -0.206507 0.242376 -34.7068 
0.271518 -0.124912 0.954293 236.756 -0.166109 0.97058 0.174306 2.062 -0.94799 -0.205844 0.242781 -34.4861 
0.273374 -0.125172 0.953729 237.541 -0.168411 0.969954 0.175574 2.1827 -0.94705 -0.208616 0.24408 -34.2636 
0.274886 -0.114488 0.954636 238.272 -0.176573 0.969987 0.167173 2.30016 -0.945124 -0.214517 0.246421 -34.0255 
0.276702 -0.101229 0.955609 239.048 -0.177349 0.971975 0.154315 2.40327 -0.944449 -0.212175 0.250995 -33.8147 
0.276345 -0.0927777 0.95657 239.795 -0.177459 0.973288 0.145666 2.51749 -0.944532 -0.210006 0.252499 -33.5947 
0.275901 -0.0958939 0.956391 240.548 -0.179358 0.972398 0.14924 2.60791 -0.944304 -0.212712 0.251087 -33.3697 
0.275077 -0.103018 0.955887 241.302 -0.175447 0.972169 0.155261 2.73452 -0.945278 -0.210416 0.249348 -33.1403 
0.276509 -0.105657 0.955186 242.054 -0.17325 0.972172 0.157689 2.82884 -0.945266 -0.209088 0.250509 -32.9438 
