1 -4.23778e-08 4.22719e-08 0 -4.23778e-08 1 -4.19404e-08 0 4.22719e-08 -4.19404e-08 1 0 
0.99999 -0.0028055 -0.00345195 -0.0084229 0.00279805 0.999994 -0.00213523 -0.00456778 0.003458 0.00212547 0.999992 0.680407 
0.999968 -0.00175538 -0.00777234 -0.0232137 0.00172595 0.999991 -0.00378038 -0.00671398 0.007779 0.00376676 0.999963 1.38061 
0.999926 -0.0016219 -0.0120333 -0.0378689 0.00155435 0.999983 -0.00561331 -0.00471043 0.0120423 0.00559411 0.999912 2.09829 
0.999858 -0.000237418 -0.0168399 -0.0662654 0.00013401 0.999981 -0.00613656 -0.00989 0.0168411 0.00613335 0.999839 2.82878 
0.999773 -0.00144663 -0.0212347 -0.0947777 0.00131083 0.999979 -0.00640372 -0.0166995 0.0212436 0.00637435 0.999754 3.57312 
0.999666 0.000336214 -0.0258278 -0.127959 -0.000529816 0.999972 -0.00748617 -0.0286515 0.0258246 0.00749727 0.999638 4.32782 
0.99952 0.00290153 -0.0308375 -0.162612 -0.00315687 0.999961 -0.00823192 -0.0391786 0.0308125 0.00832524 0.99949 5.09218 
0.999369 0.00369315 -0.0353175 -0.204281 -0.00392697 0.999971 -0.0065512 -0.0498918 0.0352923 0.00668567 0.999355 5.88292 
0.999201 0.00257551 -0.0398693 -0.247035 -0.00273398 0.999989 -0.00391852 -0.0555039 0.0398588 0.00402431 0.999197 6.68658 
0.999061 0.00206586 -0.0432781 -0.298104 -0.00213773 0.999996 -0.00161261 -0.0611151 0.0432747 0.00170353 0.999062 7.49753 
0.998932 0.00358307 -0.0460552 -0.349698 -0.00368919 0.999991 -0.00221756 -0.0696336 0.0460469 0.00238501 0.998936 8.32231 
0.998833 0.00299955 -0.0481956 -0.405532 -0.00311885 0.999992 -0.00239849 -0.0788159 0.0481881 0.00254592 0.998835 9.15194 
0.998751 -0.000165295 -0.0499668 -0.45471 2.4487e-05 0.999996 -0.00281698 -0.0861132 0.0499672 0.00281215 0.998747 9.98576 
0.998637 -0.000306862 -0.0521964 -0.505996 0.00020275 0.999998 -0.00199831 -0.0955162 0.052197 0.00198492 0.998635 10.8256 
0.998558 -0.00192031 -0.0536439 -0.562909 0.0018012 0.999996 -0.00226707 -0.105608 0.0536481 0.0021671 0.998557 11.6782 
0.998467 0.000403766 -0.0553524 -0.626423 -0.000675813 0.999988 -0.0048947 -0.114285 0.0553499 0.00492451 0.998455 12.5361 
0.998398 0.000767387 -0.0565774 -0.695387 -0.00119748 0.999971 -0.0075669 -0.124768 0.05657 0.00762244 0.998369 13.404 
0.998293 0.00439266 -0.0582305 -0.762597 -0.00492929 0.999947 -0.00907372 -0.137102 0.0581876 0.00934519 0.998262 14.283 
0.998226 0.00511009 -0.0593135 -0.826202 -0.00563745 0.999946 -0.00872566 -0.152202 0.0592658 0.00904447 0.998201 15.1675 
0.998151 0.00413794 -0.0606414 -0.891988 -0.00457583 0.999964 -0.00708256 -0.168098 0.06061 0.00734686 0.998134 16.0621 
0.998042 0.0049562 -0.0623432 -0.956932 -0.00531286 0.99997 -0.00555519 -0.182797 0.0623139 0.00587545 0.998039 16.9659 
0.997992 0.00454088 -0.0631836 -1.02789 -0.00490369 0.999972 -0.00558694 -0.197307 0.0631566 0.00588547 0.997986 17.8666 
0.997884 0.00455927 -0.0648529 -1.09959 -0.00498584 0.999967 -0.00641592 -0.211923 0.0648215 0.00672561 0.997874 18.7679 
0.997805 0.00280589 -0.0661546 -1.17004 -0.00327193 0.999971 -0.00693618 -0.226369 0.0661332 0.00713733 0.997785 19.685 
0.99776 0.00259816 -0.0668363 -1.23993 -0.00297163 0.99998 -0.00548786 -0.235983 0.0668209 0.00567409 0.997749 20.6079 
0.997759 0.00378577 -0.0668074 -1.31809 -0.00391098 0.999991 -0.00174219 -0.253882 0.0668003 0.00199948 0.997764 21.5251 
0.997836 0.0047103 -0.0655856 -1.40308 -0.00460576 0.999988 0.0017464 -0.262769 0.0655932 -0.00144063 0.997845 22.4602 
0.997939 0.00361532 -0.0640727 -1.47055 -0.00333231 0.999984 0.00452468 -0.267485 0.0640881 -0.00430193 0.997935 23.3957 
0.998017 0.00380021 -0.0628225 -1.53759 -0.00347961 0.99998 0.00521322 -0.272 0.0628411 -0.00498437 0.998011 24.3373 
0.998117 0.00420978 -0.0611918 -1.61135 -0.00407328 0.999989 0.00235663 -0.277294 0.0612011 -0.00210303 0.998123 25.2881 
0.998154 0.00473462 -0.0605408 -1.67946 -0.00489612 0.999985 -0.0025182 -0.282928 0.060528 0.00280988 0.998162 26.2393 
0.998243 0.00389573 -0.0591176 -1.7534 -0.00423307 0.999975 -0.0055807 -0.291784 0.0590945 0.00582106 0.998235 27.188 
0.998294 0.00142231 -0.0583669 -1.82108 -0.00171526 0.999986 -0.00496795 -0.300059 0.0583591 0.0050595 0.998283 28.1496 
0.998253 -0.000648058 -0.0590855 -1.87956 0.000650106 1 1.68367e-05 -0.310712 0.0590856 -5.53055e-05 0.998253 29.1236 
0.998205 -0.00426722 -0.0597347 -1.95198 0.00448902 0.999983 0.00358063 -0.325329 0.0597185 -0.00384244 0.998208 30.0988 
0.998105 -0.0102865 -0.0606746 -2.01504 0.0104402 0.999943 0.00221894 -0.322452 0.0606484 -0.00284828 0.998155 31.072 
0.997982 -0.0124455 -0.0622706 -2.07799 0.0123852 0.999922 -0.00135282 -0.335804 0.0622827 0.000578762 0.998058 32.0483 
0.997899 -0.0122145 -0.0636205 -2.15282 0.0118909 0.999914 -0.00546162 -0.347709 0.0636818 0.00469356 0.997959 33.0311 
0.997775 -0.0106716 -0.0658152 -2.23199 0.0102885 0.999928 -0.00615507 -0.361434 0.0658763 0.00546414 0.997813 34.0181 
0.997766 -0.0104402 -0.0659801 -2.31883 0.0101363 0.999936 -0.00493764 -0.373659 0.0660275 0.00425773 0.997809 35.0065 
0.997708 -0.00704094 -0.067303 -2.4057 0.00689978 0.999973 -0.00232837 -0.387066 0.0673177 0.00185857 0.99773 36.0083 
0.997667 -0.00703386 -0.0679097 -2.5004 0.00697633 0.999975 -0.0010832 -0.401972 0.0679157 0.000606824 0.997691 37.0018 
0.99759 -0.00595514 -0.0691205 -2.57624 0.00606572 0.999981 0.00139124 -0.411296 0.069111 -0.00180724 0.997607 37.9893 
0.997614 -0.00574354 -0.0687909 -2.6583 0.00605861 0.999972 0.00437355 -0.423425 0.0687639 -0.00477999 0.997621 38.989 
0.997594 0.000490992 -0.0693248 -2.75028 -3.06823e-05 0.999978 0.00664198 -0.436511 0.0693266 -0.00662395 0.997572 39.9827 
0.997595 0.000199254 -0.0693104 -2.83616 0.000218305 0.999982 0.00601802 -0.447563 0.0693104 -0.00601877 0.997577 40.9705 
0.997608 0.000813365 -0.0691172 -2.92078 -0.000520617 0.999991 0.00425461 -0.455677 0.0691201 -0.00420854 0.997599 41.9571 
0.997595 0.0028187 -0.0692518 -3.00526 -0.00267316 0.999994 0.00219531 -0.4667 0.0692577 -0.00200499 0.997597 42.9484 
0.997549 0.00248723 -0.069924 -3.09178 -0.0023337 0.999995 0.00227846 -0.477287 0.0699294 -0.00210978 0.99755 43.9412 
0.99743 0.000467053 -0.071648 -3.16738 -0.00020758 0.999993 0.00363004 -0.48849 0.0716493 -0.00360593 0.997423 44.9393 
0.997386 0.00123024 -0.0722421 -3.25408 -0.000908191 0.999989 0.00449173 -0.496681 0.0722469 -0.00441447 0.997377 45.9289 
0.997364 0.00330445 -0.0724839 -3.34157 -0.00324385 0.999994 0.000954858 -0.510414 0.0724868 -0.000717301 0.997369 46.9007 
0.997295 0.00371195 -0.0734088 -3.43061 -0.00395986 0.999987 -0.00323083 -0.522115 0.0733959 0.00351269 0.997297 47.8696 
0.997237 0.00443758 -0.0741499 -3.51551 -0.00479209 0.999978 -0.00460256 -0.533573 0.0741279 0.00494509 0.997236 48.8377 
0.99724 0.00342025 -0.0741687 -3.60025 -0.00351772 0.999993 -0.00118244 -0.548933 0.0741642 0.00144 0.997245 49.8158 
0.997228 0.0017055 -0.0743826 -3.6792 -0.0015762 0.999997 0.00179805 -0.558744 0.0743855 -0.00167591 0.997228 50.7913 
0.997196 -0.000531117 -0.0748244 -3.76132 0.000726774 0.999996 0.00258877 -0.574257 0.0748229 -0.00263598 0.997193 51.7475 
0.997186 -0.00334833 -0.074893 -3.84338 0.00345731 0.999993 0.00132655 -0.585292 0.0748881 -0.00158184 0.997191 52.7062 
0.997142 -0.00637071 -0.0752791 -3.92256 0.00640435 0.999979 0.00020663 -0.599939 0.0752763 -0.000688241 0.997162 53.6595 
0.99704 -0.00803182 -0.0764574 -4.00648 0.00815787 0.999966 0.00133755 -0.61012 0.0764442 -0.00195741 0.997072 54.6163 
0.996935 -0.0112885 -0.0774155 -4.09165 0.0117632 0.999915 0.00568 -0.622465 0.0773449 -0.00657333 0.996983 55.5653 
0.996872 -0.0119391 -0.0781195 -4.17368 0.0128229 0.999859 0.0108217 -0.631352 0.0779794 -0.0117897 0.996885 56.5132 
0.996837 -0.010526 -0.0787733 -4.26161 0.0115667 0.999852 0.0127675 -0.631987 0.0786273 -0.0136384 0.996811 57.4638 
0.996742 -0.00952466 -0.0800958 -4.35037 0.0102899 0.999905 0.0091473 -0.642754 0.0800012 -0.00994175 0.996745 58.3971 
0.996635 -0.00816606 -0.0815628 -4.43763 0.00831243 0.999964 0.0014561 -0.649842 0.0815481 -0.00212927 0.996667 59.3217 
0.99659 -0.00645568 -0.0822577 -4.53232 0.00618308 0.999974 -0.00356731 -0.658678 0.0822788 0.00304646 0.996605 60.2317 
0.99652 -0.00157122 -0.0833417 -4.62515 0.00135612 0.999996 -0.00263654 -0.673526 0.0833456 0.00251426 0.996517 61.1438 
0.996395 0.00104586 -0.084826 -4.71114 -0.00108274 0.999999 -0.000387725 -0.691045 0.0848257 0.000478084 0.996396 62.0472 
0.996308 0.00344409 -0.0857773 -4.80086 -0.00335159 0.999994 0.0012233 -0.709106 0.0857811 -0.000931383 0.996313 62.9363 
0.996218 0.00422367 -0.0867839 -4.89268 -0.00415348 0.999991 0.000990312 -0.720431 0.0867874 -0.000626199 0.996227 63.8077 
0.996078 0.00563497 -0.0882999 -4.98547 -0.00550928 0.999983 0.00166797 -0.733326 0.0883079 -0.00117505 0.996092 64.6553 
0.995958 0.00653845 -0.0895803 -5.07647 -0.00634126 0.999977 0.00248663 -0.750714 0.0895945 -0.00190861 0.995976 65.4937 
0.995834 0.00633725 -0.0909578 -5.16363 -0.00609454 0.999977 0.00294683 -0.764146 0.0909744 -0.00238029 0.99585 66.3223 
0.995722 0.00595627 -0.0922097 -5.24956 -0.00563992 0.999977 0.00369181 -0.76922 0.0922297 -0.00315605 0.995733 67.1274 
0.99557 0.00898081 -0.0935954 -5.33935 -0.00842748 0.999945 0.0063064 -0.778695 0.093647 -0.00548977 0.99559 67.9248 
0.995461 0.0103214 -0.0946092 -5.43793 -0.00937318 0.999901 0.0104618 -0.790173 0.0947079 -0.00952759 0.995459 68.7184 
0.995264 0.0131379 -0.0963165 -5.5293 -0.0120314 0.999855 0.0120607 -0.794596 0.0964611 -0.0108448 0.995278 69.496 
0.995093 0.0160697 -0.0976345 -5.6174 -0.015369 0.99985 0.00792485 -0.803256 0.0977473 -0.0063855 0.995191 70.2416 
0.994968 0.0161503 -0.0988828 -5.70146 -0.0161393 0.999869 0.000912556 -0.817579 0.0988847 0.000687847 0.995099 70.9623 
0.994859 0.015377 -0.100094 -5.79267 -0.0159581 0.99986 -0.00500677 -0.821637 0.100003 0.00657825 0.994965 71.689 
0.994797 0.0162454 -0.100575 -5.87647 -0.0169588 0.999837 -0.00624158 -0.830302 0.100457 0.00791465 0.99491 72.3736 
0.994657 0.0190279 -0.101468 -5.96252 -0.0194363 0.999806 -0.00303706 -0.836512 0.101391 0.00499291 0.994834 73.0532 
0.994508 0.0189883 -0.102919 -6.03705 -0.019165 0.999816 -0.000727281 -0.851021 0.102886 0.00269564 0.994689 73.712 
0.994473 0.0162244 -0.103731 -6.11458 -0.0167111 0.999853 -0.00382393 -0.86946 0.103654 0.00553617 0.994598 74.3434 
0.994563 0.00796941 -0.103829 -6.17388 -0.00894831 0.99992 -0.00896487 -0.880726 0.103749 0.00984513 0.994555 74.9596 
0.994679 0.00370741 -0.102959 -6.23905 -0.00517739 0.999888 -0.0140131 -0.888177 0.102895 0.0144715 0.994587 75.5643 
0.99497 0.006228 -0.0999813 -6.30156 -0.00768139 0.99987 -0.0141574 -0.905222 0.0998803 0.0148541 0.994888 76.1487 
0.995333 0.0111326 -0.0958562 -6.37393 -0.012251 0.999863 -0.0110857 -0.920187 0.0957197 0.0122082 0.995333 76.7225 
0.995781 0.00958582 -0.0912578 -6.4294 -0.0103505 0.999915 -0.00790904 -0.936917 0.0911744 0.00882016 0.995796 77.2768 
0.996331 0.00598797 -0.0853749 -6.47471 -0.00633961 0.999972 -0.00384732 -0.94724 0.0853496 0.00437436 0.996341 77.8202 
0.996987 0.00160063 -0.0775497 -6.5046 -0.00164206 0.999998 -0.000469418 -0.959503 0.0775489 0.000595258 0.996988 78.353 
0.997747 0.00522556 -0.0668869 -6.5432 -0.00526582 0.999986 -0.000424281 -0.973557 0.0668838 0.000775453 0.99776 78.8663 
0.9986 0.0106495 -0.0518074 -6.57463 -0.0107213 0.999942 -0.00110717 -0.980776 0.0517927 0.00166098 0.998656 79.3731 
0.999308 0.0157036 -0.0337154 -6.59779 -0.0157444 0.999876 -0.000942404 -0.984751 0.0336965 0.00147249 0.999431 79.8654 
0.999832 0.0143402 -0.0114127 -6.59638 -0.0143464 0.999897 -0.000456146 -0.991097 0.011405 0.000619716 0.999935 80.3435 
0.999822 0.0112776 0.0151318 -6.57317 -0.0112865 0.999936 0.000497575 -1.00227 -0.0151251 -0.000668353 0.999885 80.8007 
0.998945 0.0101511 0.0447815 -6.53613 -0.0102604 0.999945 0.00220827 -1.01293 -0.0447565 -0.0026655 0.998994 81.2557 
0.996893 0.00976827 0.0781633 -6.4891 -0.0100611 0.999944 0.00335198 -1.01782 -0.0781261 -0.00412806 0.996935 81.7028 
0.993225 0.00999285 0.115779 -6.42036 -0.0105113 0.999937 0.00386762 -1.02621 -0.115733 -0.00505849 0.993267 82.1379 
0.987459 0.0101505 0.157549 -6.33079 -0.0108596 0.999934 0.00364039 -1.03083 -0.157501 -0.00530573 0.987504 82.5659 
0.979213 0.00995672 0.202592 -6.21853 -0.0109125 0.999934 0.00360079 -1.03931 -0.202542 -0.00573679 0.979257 82.9789 
0.967756 0.0121847 0.251592 -6.09152 -0.0129839 0.999914 0.00151601 -1.05027 -0.251552 -0.00473384 0.967832 83.3713 
0.952431 0.0133333 0.304462 -5.9376 -0.0135445 0.999907 -0.00141882 -1.0597 -0.304453 -0.00277252 0.952523 83.747 
0.932703 0.013439 0.360394 -5.76535 -0.0129841 0.999909 -0.00368372 -1.06594 -0.36041 -0.00124362 0.932793 84.1072 
0.908484 0.0140464 0.417683 -5.57508 -0.0130027 0.999901 -0.0053447 -1.07823 -0.417717 -0.000575495 0.908577 84.4468 
0.879647 0.0137898 0.475427 -5.36013 -0.0118072 0.999905 -0.00715656 -1.08671 -0.475481 0.000681718 0.879726 84.7629 
0.846148 0.0123374 0.532804 -5.12906 -0.00892501 0.99992 -0.00898013 -1.09878 -0.532872 0.00284318 0.846191 85.0572 
0.809204 0.0118915 0.587407 -4.87904 -0.0075894 0.999923 -0.00978756 -1.11266 -0.587478 0.00346202 0.809233 85.337 
0.769144 0.0105561 0.638988 -4.61194 -0.00645749 0.999941 -0.00874636 -1.12344 -0.639043 0.0026009 0.769167 85.6015 
0.725881 0.0104348 0.687741 -4.33412 -0.00800689 0.999945 -0.00672101 -1.13055 -0.687774 -0.000628055 0.725925 85.8523 
0.679934 0.00937609 0.733213 -4.04151 -0.00713645 0.999955 -0.00616936 -1.14032 -0.733238 -0.00103782 0.679971 86.0811 
0.632525 0.00813129 0.774497 -3.73622 -0.00371033 0.999965 -0.00746837 -1.14713 -0.774531 0.00185026 0.632533 86.2889 
0.585149 0.00544122 0.810907 -3.41392 0.00169992 0.999967 -0.00793661 -1.15926 -0.810924 0.00602254 0.585121 86.4708 
0.537733 0.00754508 0.843082 -3.08911 0.000272345 0.999958 -0.00912286 -1.16581 -0.843115 0.00513524 0.537708 86.6423 
0.489631 0.0107374 0.871864 -2.76233 -0.00377361 0.999941 -0.0101956 -1.1746 -0.871922 0.00170199 0.489642 86.8028 
0.443793 0.0128322 0.896037 -2.4255 -0.00495874 0.999917 -0.011864 -1.18825 -0.896115 0.000821916 0.44382 86.9366 
0.400976 0.0100475 0.916034 -2.08231 0.00279016 0.999922 -0.0121891 -1.1958 -0.916084 0.00744339 0.400916 87.0485 
0.361345 0.0026228 0.932428 -1.72023 0.0176185 0.999798 -0.00964013 -1.19944 -0.932266 0.0199114 0.361226 87.1358 
0.325756 -0.00110165 0.945453 -1.36249 0.022158 0.999733 -0.00646974 -1.20419 -0.945194 0.0230569 0.325694 87.2246 
0.292291 0.00305913 0.956324 -1.00274 0.0194455 0.999769 -0.00914154 -1.21164 -0.956131 0.0212682 0.292164 87.3216 
0.260932 0.0108432 0.965296 -0.643251 0.00860245 0.999871 -0.013557 -1.22609 -0.965319 0.0118414 0.260805 87.4195 
0.232534 0.0152723 0.972468 -0.270264 0.00428154 0.999851 -0.0167262 -1.24369 -0.972579 0.00805306 0.232434 87.5009 
0.206584 0.0169067 0.978283 0.118002 0.00557983 0.999814 -0.0184572 -1.26146 -0.978413 0.00927161 0.206451 87.569 
0.183245 0.0181664 0.982899 0.521819 0.0131655 0.999694 -0.0209314 -1.2714 -0.982979 0.016776 0.18295 87.6219 
0.163271 0.0243588 0.98628 0.928832 0.0202494 0.999402 -0.0280351 -1.27305 -0.986373 0.0245489 0.16268 87.6638 
0.143308 0.0312173 0.989186 1.34972 0.0228636 0.999131 -0.0348436 -1.27187 -0.989414 0.0276097 0.14247 87.716 
0.125507 0.0319417 0.991578 1.78883 0.0196578 0.999205 -0.0346756 -1.28804 -0.991898 0.0238442 0.12478 87.7751 
0.110204 0.027544 0.993527 2.24274 0.0179589 0.999397 -0.0296989 -1.31125 -0.993747 0.0211156 0.109643 87.8207 
0.0959801 0.0243419 0.995085 2.72612 0.0189249 0.999476 -0.0262748 -1.32656 -0.995203 0.0213538 0.0954691 87.8604 
0.082393 0.0222011 0.996353 3.20667 0.0214275 0.999481 -0.0240428 -1.33833 -0.996369 0.0233303 0.0818745 87.9014 
0.0707589 0.0213382 0.997265 3.69034 0.0248483 0.999423 -0.0231475 -1.35254 -0.997184 0.0264183 0.0701879 87.9333 
0.0605585 0.0221362 0.997919 4.20989 0.028245 0.999316 -0.0238813 -1.36644 -0.997765 0.0296324 0.0598919 87.9599 
0.0529721 0.0226045 0.99834 4.73818 0.030359 0.999245 -0.024236 -1.38131 -0.998134 0.0315924 0.0522459 87.985 
0.0473547 0.0227673 0.998619 5.29635 0.0324741 0.999177 -0.0243201 -1.40141 -0.99835 0.0335809 0.0465764 88.0064 
0.04176 0.023937 0.998841 5.86103 0.0339856 0.9991 -0.0253642 -1.41636 -0.998549 0.0350054 0.0409089 88.0291 
0.0360337 0.0244524 0.999051 6.4466 0.0345039 0.999074 -0.0256975 -1.43527 -0.998755 0.0353972 0.0351566 88.0534 
0.0315241 0.0243277 0.999207 7.0527 0.0370153 0.998989 -0.0254903 -1.45509 -0.998817 0.0377895 0.0305918 88.0765 
0.0286605 0.0242976 0.999294 7.67424 0.038446 0.998938 -0.0253917 -1.47246 -0.998849 0.0391466 0.0276959 88.0955 
0.0256442 0.0239626 0.999384 8.30946 0.0390706 0.998925 -0.0249542 -1.49164 -0.998907 0.0396864 0.0246804 88.1169 
0.0232958 0.0232123 0.999459 8.96353 0.041326 0.998853 -0.0241616 -1.5146 -0.998874 0.0418666 0.0223098 88.1366 
0.0228989 0.0228239 0.999477 9.63697 0.0462424 0.998645 -0.0238644 -1.53516 -0.998668 0.0467647 0.0218125 88.1449 
0.023975 0.02256 0.999458 10.3288 0.0495127 0.998492 -0.023726 -1.55438 -0.998486 0.0500547 0.0228218 88.1628 
0.0263369 0.0223608 0.999403 11.0296 0.0514215 0.998396 -0.0236934 -1.57634 -0.99833 0.0520149 0.0251448 88.1915 
0.0301227 0.0224752 0.999293 11.7518 0.053705 0.998267 -0.024071 -1.59642 -0.998102 0.0543922 0.0288634 88.2231 
0.0347099 0.0219408 0.999156 12.49 0.0540365 0.998255 -0.0237983 -1.61908 -0.997935 0.054817 0.0334637 88.2543 
0.0387788 0.0203752 0.99904 13.2515 0.0555569 0.998202 -0.0225146 -1.64012 -0.997702 0.0563766 0.0375771 88.292 
0.0426446 0.0187197 0.998915 14.0138 0.0555273 0.998235 -0.0210775 -1.66408 -0.997546 0.0563659 0.0415299 88.3401 
0.0466668 0.0166634 0.998771 14.7996 0.0523575 0.998446 -0.0191044 -1.68521 -0.997537 0.0531847 0.0457218 88.3948 
0.0505126 0.015844 0.998598 15.5966 0.0515548 0.9985 -0.0184503 -1.70259 -0.997392 0.0524144 0.0496199 88.4567 
0.0547373 0.0169448 0.998357 16.4017 0.0488275 0.998614 -0.0196264 -1.72237 -0.997306 0.0498215 0.0538341 88.5158 
0.0578927 0.02107 0.9981 17.2059 0.0469147 0.998615 -0.0238021 -1.74738 -0.99722 0.0482036 0.056824 88.5741 
0.0592599 0.0265429 0.99789 18.0124 0.0411757 0.998731 -0.0290106 -1.77341 -0.997393 0.042808 0.0580917 88.6433 
0.0589096 0.0299876 0.997813 18.826 0.0386745 0.99873 -0.0322986 -1.79902 -0.997514 0.0404926 0.0576751 88.7121 
0.0591721 0.0294409 0.997813 19.6424 0.0364344 0.998835 -0.0316318 -1.8343 -0.997583 0.0382264 0.0580305 88.7725 
0.0594104 0.0277051 0.997849 20.4663 0.0337786 0.998986 -0.0297479 -1.8722 -0.997662 0.0354732 0.0584143 88.8322 
0.0592575 0.0263003 0.997896 21.2878 0.034959 0.998985 -0.028405 -1.90812 -0.99763 0.0365686 0.0582779 88.8932 
0.0598191 0.0257732 0.997876 22.1099 0.0323168 0.999093 -0.027742 -1.94011 -0.997686 0.0339077 0.0589319 88.9558 
0.060247 0.0259966 0.997845 22.9282 0.0308164 0.999136 -0.0278909 -1.97767 -0.997708 0.0324304 0.0593938 89.0156 
0.0604988 0.026928 0.997805 23.749 0.0278455 0.999201 -0.0286541 -2.00862 -0.99778 0.0295179 0.0597006 89.0763 
0.0591508 0.0283113 0.997847 24.5644 0.0249525 0.999243 -0.0298302 -2.0418 -0.997937 0.0266633 0.0583996 89.1431 
0.0566293 0.0278892 0.998006 25.3827 0.0220793 0.99933 -0.0291792 -2.07756 -0.998151 0.0236877 0.0559756 89.2011 
0.0528863 0.0266961 0.998244 26.1938 0.0198144 0.999418 -0.0277774 -2.11184 -0.998404 0.0212487 0.0523265 89.2544 
0.0481295 0.0241128 0.99855 27.008 0.0179329 0.999526 -0.0250008 -2.14614 -0.99868 0.0191101 0.0476743 89.3051 
0.0416403 0.0219517 0.998891 27.8168 0.0156554 0.999621 -0.0226204 -2.18088 -0.99901 0.01658 0.0412809 89.3536 
0.0343396 0.0223035 0.999161 28.6243 0.0152479 0.999623 -0.022838 -2.21018 -0.999294 0.0160194 0.0339865 89.3884 
0.0256023 0.0232332 0.999402 29.4275 0.0153753 0.999602 -0.0236318 -2.23815 -0.999554 0.0159712 0.0252349 89.4182 
0.015814 0.0239269 0.999589 30.2247 0.0157671 0.999583 -0.0241763 -2.26499 -0.999751 0.016143 0.0154301 89.4348 
0.00572387 0.0230372 0.999718 31.0268 0.0176311 0.999577 -0.023135 -2.29342 -0.999828 0.0177586 0.00531527 89.4441 
-0.00490941 0.022172 0.999742 31.8187 0.0166198 0.999618 -0.0220877 -2.32343 -0.99985 0.016507 -0.00527603 89.4457 
-0.0159039 0.021398 0.999644 32.6034 0.0181447 0.999612 -0.0211087 -2.35068 -0.999709 0.0178025 -0.016286 89.4377 
-0.0267439 0.0216977 0.999407 33.384 0.0185032 0.999604 -0.0212069 -2.38 -0.999471 0.0179251 -0.0271348 89.4178 
-0.0377403 0.0222989 0.999039 34.1642 0.0189448 0.999587 -0.0215955 -2.41027 -0.999108 0.0181116 -0.0381471 89.3951 
-0.0482567 0.023336 0.998562 34.9334 0.018616 0.999574 -0.0224601 -2.43911 -0.998661 0.0175054 -0.0486706 89.3621 
-0.0583569 0.0244733 0.997996 35.7076 0.0195433 0.999536 -0.0233683 -2.46487 -0.998104 0.0181404 -0.0588081 89.318 
-0.0674067 0.0251389 0.997409 36.4702 0.020498 0.999506 -0.0238066 -2.49275 -0.997515 0.0188402 -0.0678888 89.2592 
-0.0771464 0.0257144 0.996688 37.2264 0.0209192 0.999489 -0.0241675 -2.51963 -0.9968 0.0189855 -0.0776449 89.2047 
-0.0864018 0.0262397 0.995915 37.9669 0.021737 0.999465 -0.0244475 -2.54507 -0.996023 0.0195359 -0.0869259 89.1468 
-0.0948051 0.0256165 0.995166 38.7035 0.0229731 0.999459 -0.0235386 -2.57511 -0.995231 0.0206304 -0.0953423 89.0751 
-0.102322 0.024818 0.994442 39.432 0.0252116 0.999432 -0.0223485 -2.5976 -0.994432 0.0227847 -0.102889 89.0052 
-0.107723 0.0232188 0.99391 40.1522 0.0280278 0.999401 -0.0203094 -2.624 -0.993786 0.0256693 -0.108309 88.9323 
-0.111273 0.021726 0.993552 40.8654 0.0311457 0.999346 -0.0183647 -2.64827 -0.993302 0.0289014 -0.111877 88.855 
-0.113858 0.0207226 0.993281 41.5661 0.0329464 0.999311 -0.0170719 -2.67136 -0.99295 0.0307813 -0.114463 88.7787 
-0.115933 0.0198709 0.993058 42.2537 0.0329636 0.999326 -0.0161481 -2.69816 -0.99271 0.0308627 -0.11651 88.7127 
-0.116569 0.0201843 0.992977 42.9279 0.0340687 0.999286 -0.0163132 -2.72375 -0.992598 0.0319278 -0.117174 88.6398 
-0.115705 0.0213195 0.993055 43.5798 0.0352062 0.999229 -0.0173501 -2.74527 -0.992659 0.0329542 -0.116366 88.5736 
-0.112849 0.0227709 0.993351 44.2164 0.0361055 0.999171 -0.0188026 -2.77096 -0.992956 0.0337436 -0.113578 88.5108 
-0.10781 0.0232458 0.9939 44.848 0.0359708 0.999163 -0.0194672 -2.79252 -0.993521 0.0336526 -0.108555 88.4541 
-0.0995497 0.023327 0.994759 45.4033 0.0347502 0.999197 -0.0199535 -2.8314 -0.994426 0.0325817 -0.10028 88.3907 
-0.0885592 0.0234694 0.995794 45.989 0.0333516 0.999232 -0.0205844 -2.85139 -0.995512 0.0313884 -0.0892739 88.354 
-0.0746093 0.0236475 0.996932 46.5493 0.0325083 0.999245 -0.0212696 -2.87504 -0.996683 0.0308217 -0.0753218 88.3207 
-0.0574607 0.0249422 0.998036 47.0896 0.0312542 0.999243 -0.023173 -2.90135 -0.997858 0.0298613 -0.0581968 88.3094 
-0.0362899 0.0272942 0.998968 47.6252 0.0294445 0.999222 -0.0262315 -2.92856 -0.998907 0.0284622 -0.0370653 88.3125 
-0.0113924 0.0302938 0.999476 48.1528 0.0274184 0.999175 -0.0299722 -2.95243 -0.999559 0.0270626 -0.0122136 88.3243 
0.0171179 0.0317344 0.99935 48.6771 0.0252357 0.999164 -0.0321609 -2.98033 -0.999535 0.0257698 0.0163028 88.3553 
0.0507668 0.0312235 0.998222 49.1942 0.0229051 0.999212 -0.0324194 -3.00441 -0.998448 0.0245102 0.0500116 88.4007 
0.0892244 0.0286674 0.995599 49.714 0.0219285 0.999287 -0.0307389 -3.02597 -0.99577 0.0245747 0.0885321 88.4687 
0.131519 0.0250682 0.990997 50.2263 0.0196556 0.999418 -0.0278899 -3.0473 -0.991119 0.0231467 0.130949 88.5643 
0.177747 0.0207405 0.983858 50.7319 0.0174348 0.999554 -0.0242213 -3.06605 -0.983922 0.0214586 0.177306 88.675 
0.22738 0.0173038 0.973652 51.2165 0.0127717 0.999703 -0.0207495 -3.09098 -0.973722 0.0171532 0.227092 88.8073 
0.280081 0.0158023 0.959846 51.6933 0.00906923 0.999776 -0.0191062 -3.10843 -0.959933 0.0140563 0.279875 88.9692 
0.336257 0.0150577 0.94165 52.1588 0.00826111 0.999786 -0.0189375 -3.1282 -0.941734 0.0141469 0.336061 89.1577 
0.395207 0.0151516 0.918467 52.6129 0.0101887 0.99973 -0.0208764 -3.14683 -0.918535 0.0176084 0.394946 89.3748 
0.45538 0.0187216 0.8901 53.0352 0.0107613 0.99959 -0.0265301 -3.16271 -0.890232 0.0216599 0.454992 89.6232 
0.514626 0.0218735 0.857136 53.4254 0.0117652 0.9994 -0.032568 -3.18105 -0.857334 0.0268447 0.51406 89.9059 
0.572473 0.0261309 0.819507 53.7945 0.00723437 0.999292 -0.0369173 -3.19872 -0.819892 0.0270628 0.571878 90.2226 
0.627993 0.0289044 0.777682 54.1363 0.00306481 0.99921 -0.0396131 -3.21607 -0.778213 0.0272602 0.627409 90.5618 
0.680568 0.0297869 0.732079 54.4504 0.00113498 0.999129 -0.0417079 -3.23282 -0.732684 0.0292159 0.679941 90.9134 
0.729119 0.0277888 0.683823 54.7315 0.000333171 0.999161 -0.0409587 -3.25506 -0.684387 0.0300916 0.728498 91.2778 
0.773817 0.0248811 0.632921 54.9867 -0.0024156 0.999337 -0.0363323 -3.26983 -0.633405 0.0265856 0.773364 91.6707 
0.814905 0.0199053 0.579252 55.2265 -0.00353197 0.999562 -0.0293801 -3.28839 -0.579583 0.021896 0.814619 92.0889 
0.850893 0.0178941 0.525034 55.4248 -0.00657382 0.999704 -0.0234181 -3.30354 -0.525297 0.0164748 0.850759 92.5152 
0.881756 0.0142476 0.47149 55.6062 -0.00752836 0.999841 -0.0161345 -3.31996 -0.471645 0.0106771 0.881724 92.9495 
0.907126 0.0152958 0.42058 55.7637 -0.0117019 0.99987 -0.0111245 -3.3313 -0.420695 0.0051697 0.907187 93.4025 
0.926964 0.0175547 0.374738 55.8982 -0.0157983 0.999845 -0.00775912 -3.34577 -0.374816 0.00127215 0.927098 93.8658 
0.941965 0.0236877 0.334875 56.013 -0.0231951 0.999716 -0.005471 -3.35273 -0.334909 -0.00261402 0.942247 94.3345 
0.953564 0.0280938 0.299877 56.1142 -0.0274195 0.999603 -0.00645755 -3.35929 -0.299939 -0.00206486 0.953956 94.8103 
0.96262 0.0304562 0.269136 56.2163 -0.0298369 0.999534 -0.00639282 -3.36529 -0.269205 -0.00187639 0.963081 95.2795 
0.96866 0.0249953 0.247128 56.3228 -0.0242272 0.999687 -0.0061492 -3.37256 -0.247204 -3.0818e-05 0.968963 95.76 
0.972624 0.0221624 0.231324 56.4268 -0.0214445 0.999754 -0.00561808 -3.38275 -0.231391 0.000503583 0.972861 96.2491 
0.975491 0.0261503 0.218478 56.5167 -0.0254937 0.999658 -0.00582498 -3.39311 -0.218555 0.000112353 0.975825 96.7514 
0.97739 0.0316614 0.209059 56.5984 -0.0312136 0.999498 -0.0054423 -3.39573 -0.209126 -0.00120628 0.977888 97.259 
0.978411 0.0394022 0.202878 56.6834 -0.0387747 0.999223 -0.00706835 -3.39728 -0.202999 -0.00095088 0.979178 97.7765 
0.978683 0.0454775 0.200279 56.767 -0.0442267 0.998964 -0.0107182 -3.40623 -0.200559 0.00163198 0.97968 98.2983 
0.978756 0.0468605 0.199599 56.8606 -0.0451716 0.998894 -0.01301 -3.42181 -0.199988 0.00371733 0.979791 98.8328 
0.978345 0.0453917 0.201939 56.9695 -0.0429098 0.99894 -0.0166541 -3.43627 -0.202481 0.00762824 0.979256 99.3776 
0.977592 0.0440726 0.205845 57.0818 -0.0401512 0.998924 -0.0231916 -3.44616 -0.206646 0.0144069 0.97831 99.9284 
0.976712 0.0441094 0.20997 57.1986 -0.0391075 0.998845 -0.0279172 -3.45522 -0.210959 0.0190556 0.977309 100.491 
0.975451 0.0489911 0.214698 57.3061 -0.0440553 0.998644 -0.0277178 -3.46847 -0.215765 0.0175787 0.976287 101.073 
0.974036 0.0519249 0.220358 57.4261 -0.0478182 0.998569 -0.023934 -3.48491 -0.221286 0.0127754 0.975125 101.665 
0.973141 0.0488778 0.224959 57.563 -0.0456866 0.998768 -0.0193733 -3.50208 -0.225629 0.00857524 0.974175 102.269 
0.972415 0.0443439 0.229004 57.6995 -0.0422987 0.999009 -0.0138347 -3.51746 -0.229391 0.00376646 0.973327 102.883 
0.971646 0.0417908 0.232717 57.8443 -0.0407469 0.999126 -0.00929406 -3.53133 -0.232902 -0.000452025 0.9725 103.517 
0.971098 0.0371984 0.235766 57.9933 -0.0361795 0.999308 -0.00864773 -3.54151 -0.235924 -0.000132169 0.971771 104.155 
0.971183 0.033604 0.235954 58.1467 -0.0317617 0.999428 -0.0116061 -3.55409 -0.236209 0.00377728 0.971695 104.798 
0.971293 0.0326094 0.235642 58.2974 -0.0290102 0.999404 -0.018726 -3.56881 -0.236112 0.0113524 0.97166 105.451 
0.97144 0.0349629 0.234694 58.4475 -0.0298372 0.999233 -0.0253569 -3.58655 -0.235401 0.01763 0.971738 106.11 
0.972008 0.0377901 0.231887 58.5955 -0.0319033 0.999068 -0.0290861 -3.60182 -0.23277 0.0208739 0.972308 106.788 
0.972647 0.0360127 0.229479 58.7493 -0.0310998 0.999204 -0.0249914 -3.61855 -0.230197 0.017171 0.972993 107.478 
0.973101 0.0317261 0.228182 58.9081 -0.0285229 0.999443 -0.0173231 -3.64083 -0.228605 0.0103486 0.973464 108.194 
0.973625 0.0319478 0.225906 59.0603 -0.0301476 0.99948 -0.0114153 -3.66527 -0.226154 0.0043036 0.974082 108.924 
0.973965 0.0351714 0.223954 59.2139 -0.0332813 0.999371 -0.0122108 -3.68135 -0.224243 0.00443931 0.974523 109.658 
0.974286 0.0405164 0.221642 59.3633 -0.0376584 0.999144 -0.0171075 -3.69347 -0.222146 0.00832086 0.974978 110.399 
0.975139 0.04136 0.217699 59.5122 -0.0374143 0.999053 -0.0222176 -3.71317 -0.218411 0.0135202 0.975763 111.138 
0.976038 0.0399807 0.213896 59.664 -0.0354424 0.999059 -0.0250123 -3.73532 -0.214695 0.0168318 0.976536 111.897 
0.977032 0.0374737 0.209771 59.8246 -0.0332722 0.999169 -0.023524 -3.75756 -0.210479 0.0160041 0.977467 112.666 
0.977913 0.0331114 0.206374 59.9796 -0.0292798 0.999338 -0.0215942 -3.78149 -0.206952 0.0150746 0.978235 113.46 
0.978333 0.0321156 0.204532 60.1351 -0.0288976 0.999407 -0.0187019 -3.80827 -0.205012 0.0123861 0.978681 114.253 
0.978715 0.0284492 0.203241 60.2958 -0.0256144 0.999535 -0.0165656 -3.82734 -0.203618 0.011007 0.978988 115.068 
0.97894 0.0233041 0.202813 60.4586 -0.0206343 0.99967 -0.0152691 -3.84892 -0.203102 0.0107626 0.979098 115.884 
0.979017 0.0240329 0.202356 60.606 -0.0216483 0.999668 -0.0139901 -3.86304 -0.202625 0.00931584 0.979212 116.699 
0.978767 0.029322 0.202867 60.7536 -0.0266551 0.999519 -0.0158667 -3.88717 -0.203235 0.0101223 0.979078 117.521 
0.978452 0.0351805 0.203453 60.9006 -0.0319558 0.999306 -0.0191148 -3.90886 -0.203984 0.0122014 0.978898 118.339 
0.977922 0.0439297 0.204301 61.0523 -0.0405404 0.998962 -0.020748 -3.93164 -0.205001 0.0120074 0.978688 119.169 
0.977057 0.0497341 0.207087 61.2112 -0.0465513 0.998711 -0.0202175 -3.95535 -0.207826 0.0101134 0.978113 120.021 
0.976341 0.0519998 0.209891 61.3709 -0.0492631 0.998619 -0.01825 -3.98304 -0.21055 0.00747825 0.977554 120.867 
0.975803 0.0520306 0.21237 61.5447 -0.0491589 0.998614 -0.0187845 -4.01908 -0.213053 0.00789 0.977009 121.718 
0.97547 0.0505523 0.214248 61.7163 -0.0470079 0.998661 -0.0216099 -4.0415 -0.215053 0.0110084 0.97654 122.561 
0.975595 0.0438596 0.215151 61.9128 -0.0404755 0.998978 -0.0201119 -4.07327 -0.215814 0.0109126 0.976374 123.411 
0.97585 0.0368716 0.215309 62.0939 -0.0330376 0.999225 -0.0213805 -4.10389 -0.21593 0.0137508 0.976312 124.256 
0.975664 0.0357776 0.216331 62.2734 -0.0319049 0.999262 -0.0213692 -4.13562 -0.216936 0.0139471 0.976086 125.105 
0.975158 0.0382919 0.218174 62.4475 -0.0350741 0.999211 -0.0186044 -4.15863 -0.218714 0.0104899 0.975733 125.953 
0.974797 0.040402 0.219404 62.6187 -0.0384702 0.999174 -0.0130719 -4.18394 -0.219751 0.00430186 0.975546 126.794 
0.974457 0.0440378 0.220214 62.7915 -0.0431614 0.999029 -0.00879273 -4.21104 -0.220387 -0.00093665 0.975412 127.636 
0.974236 0.0433858 0.221318 62.9652 -0.0410103 0.999041 -0.01532 -4.23565 -0.221771 0.00584885 0.975081 128.465 
0.974544 0.0390422 0.220769 63.1484 -0.0333516 0.99901 -0.029447 -4.26487 -0.2217 0.0213343 0.974881 129.278 
0.974694 0.0365764 0.220532 63.3248 -0.0287941 0.998847 -0.0384019 -4.29741 -0.221682 0.03108 0.974623 130.092 
0.974995 0.0338504 0.219631 63.5026 -0.0280738 0.999174 -0.0293707 -4.32573 -0.220444 0.0224704 0.975141 130.919 
0.975355 0.0272803 0.218949 63.676 -0.0260401 0.999624 -0.00854901 -4.3562 -0.2191 0.0026368 0.975699 131.771 
0.975655 0.0233945 0.21806 63.85 -0.0254456 0.999654 0.00660177 -4.38455 -0.21783 -0.0119898 0.975913 132.617 
0.975634 0.0282886 0.217572 64.0111 -0.0291699 0.999574 0.000838802 -4.40229 -0.217456 -0.00716499 0.976044 133.432 
0.975879 0.0362697 0.215278 64.1692 -0.0338043 0.999314 -0.0151246 -4.41613 -0.215678 0.00748237 0.976436 134.241 
0.976145 0.0363518 0.214055 64.3345 -0.0321509 0.999217 -0.023076 -4.43049 -0.214726 0.0156434 0.976549 135.053 
0.976754 0.0321181 0.211944 64.5059 -0.0277171 0.999335 -0.0237049 -4.46286 -0.212565 0.0172793 0.976994 135.853 
0.977382 0.0316829 0.209092 64.6707 -0.0276748 0.999373 -0.022068 -4.49562 -0.20966 0.0157822 0.977647 136.679 
0.978167 0.0308327 0.205518 64.8289 -0.0265862 0.999373 -0.0233935 -4.52201 -0.20611 0.0174187 0.978374 137.493 
0.979202 0.0322629 0.200304 64.9867 -0.0278069 0.9993 -0.0250211 -4.55102 -0.200971 0.0189308 0.979414 138.3 
0.979655 0.036971 0.197256 65.1308 -0.0326507 0.999151 -0.0251113 -4.58461 -0.198017 0.0181597 0.98003 139.11 
0.979828 0.0430752 0.195145 65.2674 -0.0388412 0.998921 -0.0254743 -4.61053 -0.196032 0.0173806 0.980443 139.915 
0.980102 0.0445821 0.193423 65.4082 -0.0407631 0.998888 -0.0236817 -4.63696 -0.194263 0.0153258 0.98083 140.726 
0.980384 0.0424951 0.192459 65.5488 -0.0395789 0.999036 -0.0189741 -4.66593 -0.193079 0.0109845 0.981122 141.531 
0.980834 0.0406626 0.190555 65.6996 -0.03775 0.999109 -0.0188915 -4.69453 -0.191153 0.0113359 0.981495 142.334 
0.981402 0.0388341 0.187997 65.8416 -0.0353427 0.999135 -0.0218896 -4.72398 -0.188684 0.014838 0.981926 143.13 
0.982524 0.0340395 0.182996 65.9888 -0.0298711 0.999229 -0.0254888 -4.75343 -0.183722 0.019577 0.982783 143.918 
0.983823 0.0312623 0.176393 66.1273 -0.0269935 0.999283 -0.0265491 -4.78174 -0.177097 0.0213581 0.983962 144.704 
0.984999 0.0295266 0.170014 66.2489 -0.0263196 0.999431 -0.0210874 -4.80756 -0.17054 0.0162964 0.985216 145.495 
0.986128 0.02668 0.163826 66.3699 -0.0249443 0.999609 -0.0126436 -4.83113 -0.164099 0.00838167 0.986408 146.306 
0.986813 0.0234252 0.160161 66.4908 -0.0232358 0.999725 -0.00305614 -4.85567 -0.160188 -0.000705704 0.987086 147.113 
0.987287 0.0298669 0.156118 66.5893 -0.030166 0.999545 -0.000454171 -4.87327 -0.15606 -0.00426114 0.987738 147.915 
0.987965 0.0327637 0.151165 66.6963 -0.0323791 0.999463 -0.00500566 -4.89136 -0.151248 5.07454e-05 0.988496 148.709 
0.989124 0.0328924 0.143362 66.7996 -0.0310229 0.999402 -0.0152571 -4.9055 -0.143778 0.0106436 0.989553 149.504 
0.990103 0.0297857 0.137143 66.8963 -0.0272103 0.999417 -0.0206166 -4.91994 -0.137677 0.0166808 0.990337 150.3 
0.991075 0.0286042 0.130197 66.9911 -0.02624 0.999459 -0.0198393 -4.93709 -0.130693 0.0162458 0.99129 151.113 
0.991811 0.035238 0.122753 67.0648 -0.0334589 0.999303 -0.0165264 -4.96054 -0.12325 0.0122838 0.9923 151.933 
0.992529 0.0406171 0.115051 67.1305 -0.0387823 0.999083 -0.0181431 -4.98377 -0.115682 0.0135455 0.993194 152.743 
0.99355 0.0435552 0.104699 67.1988 -0.0412831 0.998865 -0.0237733 -5.00852 -0.105615 0.0192976 0.99422 153.549 
0.994477 0.0420855 0.0961507 67.2651 -0.0397288 0.998864 -0.0262967 -5.02997 -0.0971482 0.0223314 0.995019 154.364 
0.995217 0.0419973 0.0882018 67.3215 -0.0400546 0.998917 -0.0236839 -5.05165 -0.0891008 0.0200377 0.995821 155.189 
0.995767 0.044482 0.0804375 67.3653 -0.0432932 0.998927 -0.0164643 -5.07784 -0.0810834 0.0129121 0.996624 156.024 
0.996255 0.0475002 0.0722505 67.4015 -0.046853 0.998845 -0.0106293 -5.102 -0.0726719 0.00720429 0.99733 156.847 
0.996793 0.0465927 0.0650565 67.4335 -0.0462128 0.998905 -0.00733476 -5.11999 -0.0653269 0.00430471 0.997855 157.673 
0.997125 0.0478362 0.0587623 67.4665 -0.0476099 0.998852 -0.00524742 -5.13676 -0.0589458 0.00243458 0.998258 158.497 
0.997418 0.0469824 0.0543185 67.5014 -0.0466715 0.998886 -0.00697999 -5.15556 -0.0545859 0.00442676 0.998499 159.317 
0.997411 0.0518955 0.0497864 67.5225 -0.0513402 0.998605 -0.0123696 -5.17581 -0.0503587 0.00978141 0.998683 160.134 
0.997242 0.0581469 0.0461299 67.5317 -0.0573172 0.998173 -0.019113 -5.19677 -0.0471569 0.0164162 0.998753 160.945 
0.997319 0.0592349 0.042959 67.5513 -0.0583555 0.998065 -0.0214474 -5.21694 -0.0441462 0.0188829 0.998847 161.764 
0.997337 0.0611168 0.0397842 67.5707 -0.0605459 0.998046 -0.0154037 -5.23833 -0.0406478 0.0129539 0.999089 162.595 
0.997281 0.0632747 0.0377824 67.584 -0.0631243 0.997992 -0.00516287 -5.25408 -0.0380331 0.00276377 0.999273 163.428 
0.997335 0.0642739 0.0345152 67.6001 -0.0643896 0.997922 0.00224723 -5.27172 -0.034299 -0.00446374 0.999402 164.257 
0.99773 0.0606636 0.0292331 67.6128 -0.060658 0.998158 -0.00107934 -5.28441 -0.0292446 -0.000696408 0.999572 165.074 
0.99854 0.0487213 0.0233274 67.6345 -0.0484867 0.998768 -0.0105223 -5.30079 -0.0238112 0.00937578 0.999672 165.889 
0.998797 0.0464089 0.0158473 67.6419 -0.0461651 0.998815 -0.0154198 -5.30784 -0.016544 0.0146695 0.999755 166.712 
0.998703 0.0501051 0.00908699 67.6259 -0.0499747 0.998651 -0.0140556 -5.32302 -0.00977891 0.0135832 0.99986 167.551 
0.99884 0.0481368 0.00138227 67.617 -0.0481248 0.998811 -0.00776951 -5.34486 -0.00175454 0.00769389 0.999969 168.386 
0.999057 0.0430209 -0.00585897 67.602 -0.0430471 0.999063 -0.00441274 -5.35477 0.00566373 0.00466071 0.999973 169.216 
0.999349 0.0341717 -0.0115817 67.5879 -0.0341768 0.999416 -0.000232082 -5.36276 0.0115671 0.000627674 0.999933 170.062 
0.99939 0.0299734 -0.0179378 67.5663 -0.0299782 0.99955 4.78142e-06 -5.37983 0.01793 0.000532882 0.999839 170.903 
0.999341 0.0267127 -0.0245593 67.5373 -0.0268928 0.999614 -0.00702945 -5.39427 0.0243621 0.00768521 0.999674 171.736 
0.999353 0.0170306 -0.0316857 67.4994 -0.0175811 0.999698 -0.0171718 -5.40865 0.0313838 0.0177177 0.99935 172.568 
0.999246 0.00672762 -0.0382309 67.4722 -0.00754897 0.999743 -0.0213782 -5.42088 0.0380773 0.0216506 0.99904 173.403 
0.998941 0.010372 -0.0448134 67.4204 -0.0110173 0.999839 -0.0141756 -5.4374 0.0446592 0.0146543 0.998895 174.241 
0.998531 0.0207498 -0.0500466 67.3501 -0.0208408 0.999782 -0.00129616 -5.45175 0.0500089 0.00233718 0.998746 175.092 
0.998166 0.0255906 -0.0548665 67.2814 -0.0252572 0.999658 0.00676265 -5.47045 0.0550209 -0.00536455 0.998471 175.945 
0.997992 0.0249589 -0.0582213 67.212 -0.0247835 0.999686 0.00373268 -5.4797 0.0582963 -0.00228234 0.998297 176.785 
0.997835 0.0266118 -0.0601454 67.1439 -0.0270779 0.999609 -0.00694751 -5.49 0.0599371 0.00856099 0.998165 177.612 
0.997311 0.0370326 -0.0632342 67.0628 -0.0381451 0.999136 -0.016475 -5.50252 0.0625696 0.0188427 0.997863 178.446 
0.997214 0.0354315 -0.0656362 66.9958 -0.0368035 0.999126 -0.0198117 -5.52397 0.064877 0.0221721 0.997647 179.29 
0.997223 0.0301449 -0.0680935 66.9382 -0.0312151 0.999404 -0.0147071 -5.54641 0.0676097 0.0167917 0.99757 180.147 
0.997232 0.0305125 -0.0678031 66.874 -0.0309894 0.999502 -0.00599082 -5.56406 0.0675866 0.00807533 0.997681 180.996 
0.997203 0.0325739 -0.0672696 66.7948 -0.0326759 0.999466 -0.000415614 -5.5827 0.0672203 0.00261246 0.997735 181.849 
0.997082 0.0324399 -0.0690942 66.7266 -0.0326019 0.999468 -0.00121684 -5.59611 0.069018 0.0034658 0.997609 182.699 
0.997011 0.02906 -0.0715907 66.6602 -0.0298608 0.999503 -0.0101391 -5.6159 0.0712605 0.0122465 0.997382 183.543 
0.997083 0.018221 -0.0741213 66.6032 -0.01986 0.999573 -0.0214351 -5.63616 0.0736992 0.0228445 0.997019 184.382 
0.997058 0.00768462 -0.0762699 66.5447 -0.00965181 0.999629 -0.0254564 -5.6562 0.0760461 0.0261175 0.996762 185.233 
0.99697 0.0100947 -0.0771342 66.4631 -0.0117608 0.999707 -0.0211756 -5.67791 0.0768979 0.0220185 0.996796 186.086 
0.996794 0.0162315 -0.0783509 66.3775 -0.0171105 0.999798 -0.0105593 -5.70474 0.0781637 0.011866 0.99687 186.942 
0.996638 0.0170875 -0.0801331 66.2971 -0.0176898 0.99982 -0.00681155 -5.73231 0.0800024 0.00820611 0.996761 187.796 
0.996589 0.0159503 -0.0809714 66.2187 -0.0168771 0.999799 -0.010773 -5.75178 0.0807835 0.0121027 0.996658 188.638 
0.996618 0.0160709 -0.0805886 66.1344 -0.0174892 0.999704 -0.0169232 -5.76874 0.0802929 0.0182753 0.996604 189.478 
0.99646 0.0229141 -0.080882 66.0434 -0.0243846 0.999554 -0.0172396 -5.79193 0.080451 0.0191508 0.996574 190.316 
0.996364 0.0253265 -0.0813418 65.9599 -0.0265517 0.999549 -0.0140159 -5.81735 0.0809502 0.0161247 0.996588 191.151 
0.996199 0.0289494 -0.0821583 65.8768 -0.0299666 0.999488 -0.0111733 -5.84025 0.0817929 0.0135927 0.996557 191.983 
0.996099 0.0326283 -0.0819878 65.7907 -0.0333876 0.999411 -0.0079061 -5.86364 0.0816817 0.0106125 0.996602 192.814 
0.995928 0.0350564 -0.0830569 65.711 -0.0358751 0.999321 -0.00838407 -5.88233 0.0827067 0.0113295 0.996509 193.646 
