1 -4.23778e-08 4.22719e-08 0 -4.23778e-08 1 -4.19404e-08 0 4.22719e-08 -4.19404e-08 1 0 
0.999053 -5.269e-06 0.0435057 0.0725225 9.7428e-05 0.999998 -0.00211819 -0.0670794 -0.0435055 0.00212034 0.999051 1.1299 
0.996102 -0.00448581 0.0880962 0.220426 0.00510281 0.999964 -0.00678075 -0.113247 -0.0880626 0.00720378 0.996089 2.23304 
0.991116 -0.00428327 0.132929 0.347095 0.00574288 0.999927 -0.0105996 -0.14435 -0.132874 0.0112688 0.991069 3.18518 
0.983852 -0.00183448 0.178971 0.517803 0.00419045 0.999909 -0.0127873 -0.167981 -0.178932 0.0133307 0.983771 4.1688 
0.974517 -0.00411942 0.224275 0.782422 0.0071906 0.999891 -0.0128792 -0.176162 -0.224197 0.0141636 0.974441 5.17142 
0.962946 -0.00504695 0.269648 1.04159 0.00917457 0.999859 -0.0140497 -0.199992 -0.269539 0.0160029 0.962856 6.2152 
0.949679 -0.00755686 0.313134 1.35252 0.0133875 0.999775 -0.0164746 -0.234549 -0.312939 0.0198376 0.949566 7.18433 
0.934528 -0.00958293 0.355761 1.73362 0.016977 0.9997 -0.0176678 -0.308141 -0.355485 0.0225508 0.93441 8.22625 
0.917482 -0.00985227 0.397655 2.16692 0.0187171 0.999655 -0.0184177 -0.3388 -0.397336 0.0243408 0.91735 9.1814 
0.89796 -0.010069 0.439961 2.59505 0.0194906 0.999667 -0.0169022 -0.3734 -0.439645 0.0237525 0.897858 10.0918 
0.876037 -0.00991143 0.482142 3.02768 0.0197932 0.999685 -0.0154132 -0.430344 -0.481838 0.0230457 0.875957 10.9351 
0.852223 -0.0103146 0.523077 3.54333 0.0208257 0.999682 -0.0142176 -0.462416 -0.522764 0.0230099 0.852167 11.787 
0.826202 -0.0100138 0.563286 4.10056 0.0216995 0.999666 -0.0140564 -0.495942 -0.562956 0.0238364 0.826143 12.6603 
0.798984 -0.0121785 0.601229 4.69075 0.0252912 0.999591 -0.0133625 -0.534267 -0.60082 0.0258822 0.798965 13.4207 
0.769882 -0.0108591 0.638094 5.30409 0.0257415 0.99957 -0.0140475 -0.565996 -0.637667 0.0272404 0.76983 14.2046 
0.73937 -0.0140248 0.673154 5.95892 0.0303353 0.999462 -0.0124961 -0.599076 -0.672616 0.0296595 0.739397 14.9273 
0.707176 -0.0130128 0.706917 6.68418 0.0305403 0.99946 -0.0121537 -0.622305 -0.706377 0.0301843 0.707192 15.6915 
0.673125 -0.0118299 0.739434 7.45338 0.0317071 0.999414 -0.0128747 -0.65556 -0.738848 0.0321116 0.673106 16.395 
0.637666 -0.0129756 0.770203 8.2441 0.0359718 0.999269 -0.0129472 -0.684182 -0.769472 0.0359616 0.637667 17.0276 
0.601067 -0.0113431 0.799118 9.03176 0.0359452 0.999271 -0.0128526 -0.720322 -0.79839 0.0364497 0.601037 17.6287 
0.563616 -0.0107251 0.825967 9.86076 0.0390865 0.999142 -0.0136978 -0.749833 -0.825111 0.0400045 0.563552 18.1798 
0.524734 -0.00926093 0.851216 10.703 0.0437732 0.998911 -0.0161164 -0.777973 -0.85014 0.0457172 0.524568 18.6966 
0.485582 -0.00799866 0.874154 11.6666 0.0455282 0.998832 -0.016151 -0.777079 -0.873005 0.0476413 0.485379 19.2816 
0.447578 -0.00977193 0.894192 12.5717 0.0508057 0.998603 -0.0145174 -0.796082 -0.892801 0.0519277 0.447449 19.7232 
0.41088 -0.0103323 0.911631 13.5683 0.0549989 0.998395 -0.0134729 -0.809332 -0.910029 0.0556744 0.410789 20.1307 
0.375643 -0.00829795 0.926727 14.5488 0.0571528 0.998264 -0.0142281 -0.835898 -0.925 0.0583097 0.375465 20.5337 
0.342682 -0.00919891 0.939406 15.6001 0.0577909 0.998265 -0.0113061 -0.866925 -0.937672 0.0581635 0.342619 20.905 
0.309561 -0.0110807 0.950815 16.6077 0.0599921 0.998168 -0.00789949 -0.904892 -0.948985 0.0594868 0.309658 21.2257 
0.276634 -0.0109278 0.960913 17.69 0.0604575 0.998152 -0.00605372 -0.923474 -0.959072 0.059769 0.276784 21.5495 
0.244218 -0.00771269 0.96969 18.7896 0.058487 0.998265 -0.00679017 -0.914367 -0.967955 0.0583725 0.244245 21.881 
0.214041 -0.00625891 0.976805 19.9184 0.0590457 0.998234 -0.00654216 -0.932354 -0.975038 0.0590764 0.214032 22.1018 
0.18366 -0.00621356 0.98297 20.9246 0.0607058 0.998143 -0.00503298 -0.956143 -0.981114 0.0605964 0.183696 22.2856 
0.153475 -0.00667644 0.98813 21.98 0.0630059 0.998008 -0.00304291 -0.973138 -0.986142 0.062725 0.15359 22.4436 
0.123162 -0.00741671 0.992359 23.1964 0.0612788 0.998121 -0.000145634 -1.01104 -0.990493 0.0608285 0.123385 22.5925 
0.0941024 -0.00751987 0.995534 24.3887 0.0620443 0.998072 0.00167424 -1.00941 -0.993627 0.0616096 0.0943876 22.7146 
0.0674144 -0.00719499 0.997699 25.6381 0.064669 0.997903 0.0028267 -1.00275 -0.995627 0.0643296 0.0677383 22.7864 
0.0421942 -0.00645684 0.999088 26.9068 0.0695518 0.997572 0.0035096 -0.983497 -0.996686 0.0693403 0.0425409 22.8627 
0.0190477 -0.00599472 0.999801 28.1362 0.0737057 0.997269 0.00457526 -0.974726 -0.997098 0.0736038 0.0194375 22.9256 
-0.0022512 -0.00587792 0.99998 29.3725 0.0788994 0.996864 0.00603715 -0.962626 -0.99688 0.0789114 -0.00178038 22.9704 
-0.0203819 -0.00639071 0.999772 30.5653 0.0832202 0.996498 0.00806628 -0.959806 -0.996323 0.0833656 -0.0197787 22.9549 
-0.0365077 -0.00596586 0.999315 31.8659 0.0859706 0.996256 0.00908825 -0.947253 -0.995628 0.0862435 -0.0358581 22.9529 
-0.0510226 -0.00654546 0.998676 33.1467 0.0884212 0.996022 0.0110454 -0.931914 -0.994775 0.0888677 -0.0502409 22.8995 
-0.0644706 -0.00786252 0.997889 34.375 0.0880949 0.99602 0.0135393 -0.927991 -0.994023 0.0887818 -0.0635213 22.844 
-0.077556 -0.00776212 0.996958 35.611 0.0875716 0.996052 0.0145674 -0.918155 -0.993134 0.088435 -0.0765701 22.8017 
-0.0891256 -0.00474185 0.996009 36.9443 0.0887003 0.995978 0.0126788 -0.895132 -0.992063 0.0894764 -0.0883465 22.755 
-0.0997259 -0.00155317 0.995014 38.1833 0.0886742 0.996006 0.0104421 -0.887398 -0.991056 0.0892734 -0.0991899 22.6585 
-0.109514 0.000754506 0.993985 39.4247 0.0901191 0.995889 0.00917297 -0.883476 -0.989891 0.0905816 -0.109132 22.5442 
-0.117786 0.00144272 0.993038 40.7615 0.0899577 0.995903 0.00922308 -0.890746 -0.988956 0.0904178 -0.117433 22.4424 
-0.124159 0.00212545 0.99226 42.0576 0.0894075 0.995954 0.00905392 -0.886761 -0.988226 0.0898396 -0.123847 22.3047 
-0.129604 0.00390652 0.991558 43.4047 0.0901246 0.995899 0.00785621 -0.870758 -0.987462 0.0903819 -0.129424 22.1419 
-0.134063 0.00539324 0.990958 44.7999 0.0897641 0.99594 0.0067234 -0.869476 -0.986899 0.0898538 -0.134003 21.9654 
-0.13824 0.00616769 0.990379 46.208 0.0903516 0.995889 0.0064095 -0.862556 -0.986269 0.0903684 -0.138229 21.7976 
-0.141752 0.00485624 0.98989 47.661 0.0900986 0.9959 0.00801629 -0.876505 -0.985793 0.0903241 -0.141608 21.6382 
-0.143852 0.00307514 0.989594 49.0895 0.0912004 0.995781 0.0101629 -0.864122 -0.985388 0.0917134 -0.143526 21.4533 
-0.146528 0.0021812 0.989204 50.7008 0.0905876 0.995825 0.0112226 -0.842793 -0.98505 0.091254 -0.146113 21.2518 
-0.149203 0.00270628 0.988803 52.1525 0.0925129 0.995648 0.0112344 -0.839038 -0.984469 0.0931532 -0.148804 21.0652 
-0.150196 0.00221765 0.988654 53.689 0.0919518 0.995694 0.0117358 -0.855379 -0.984371 0.0926712 -0.149753 20.8286 
-0.151068 0.00327472 0.988518 55.2462 0.0938206 0.995528 0.0110399 -0.862455 -0.984061 0.0944112 -0.1507 20.6353 
-0.151304 0.00340542 0.988481 56.7984 0.0935301 0.995557 0.0108865 -0.858245 -0.984052 0.0940999 -0.15095 20.42 
-0.150629 0.00464231 0.988579 58.3108 0.0934667 0.995576 0.00956624 -0.849746 -0.984162 0.0938402 -0.150397 20.1981 
-0.150294 0.00456393 0.988631 59.8707 0.0947011 0.995457 0.00980121 -0.835718 -0.984095 0.0950975 -0.150044 20.0211 
-0.148643 0.00337391 0.988885 61.4204 0.0940168 0.995513 0.0107354 -0.835837 -0.984411 0.0945676 -0.148293 19.8023 
-0.147688 0.00385575 0.989026 63.0068 0.0953963 0.995385 0.0103646 -0.834199 -0.984423 0.0958802 -0.147374 19.587 
-0.147718 0.00457234 0.989019 64.6019 0.0950607 0.995425 0.00959604 -0.823513 -0.98445 0.0954343 -0.147477 19.402 
-0.146841 0.00516225 0.989147 66.2142 0.0956965 0.99537 0.00901156 -0.81278 -0.98452 0.0959812 -0.146655 19.179 
-0.146305 0.00511264 0.989226 67.8797 0.0965887 0.995282 0.00914134 -0.812451 -0.984513 0.0968856 -0.146109 18.9571 
-0.145758 0.00306324 0.989315 69.5469 0.0988439 0.995037 0.0114819 -0.817097 -0.98437 0.0994614 -0.145337 18.7409 
-0.14515 0.000896756 0.989409 71.2395 0.100205 0.994871 0.0137987 -0.813483 -0.984322 0.101146 -0.144496 18.5094 
-0.144424 0.00203365 0.989514 72.8482 0.101867 0.994715 0.0128236 -0.799452 -0.984258 0.102651 -0.143867 18.2819 
-0.144068 0.00372475 0.989561 74.5464 0.103681 0.994546 0.0113511 -0.795336 -0.984121 0.104234 -0.143669 18.0734 
-0.143569 0.00350815 0.989634 76.2616 0.103094 0.994606 0.0114303 -0.781675 -0.984256 0.103666 -0.143157 17.8483 
-0.143673 0.00368601 0.989618 77.9464 0.103546 0.99456 0.0113283 -0.76942 -0.984193 0.104098 -0.143273 17.6428 
-0.143369 0.00265286 0.989666 79.7331 0.102847 0.994622 0.0122327 -0.751482 -0.984311 0.103538 -0.14287 17.3839 
-0.142682 0.00291703 0.989764 81.4858 0.104692 0.99443 0.0121614 -0.740312 -0.984216 0.105356 -0.142193 17.1406 
-0.142286 0.0029618 0.989821 83.3112 0.106023 0.994288 0.0122655 -0.721325 -0.984131 0.106689 -0.141787 16.8817 
-0.142191 0.00353462 0.989833 85.1149 0.105863 0.994312 0.0116567 -0.711434 -0.984162 0.106444 -0.141757 16.6428 
-0.143079 0.00408915 0.989703 86.8738 0.104983 0.994412 0.0110684 -0.705371 -0.984127 0.105486 -0.142709 16.4285 
-0.143727 0.00516886 0.989604 88.7847 0.103803 0.994549 0.00988128 -0.678269 -0.984158 0.104144 -0.143481 16.1425 
-0.145442 0.00545528 0.989352 90.6351 0.103046 0.99463 0.00966409 -0.682393 -0.983986 0.103354 -0.145223 15.9288 
-0.1458 0.00469412 0.989303 92.4411 0.101509 0.994782 0.0102399 -0.672142 -0.984093 0.101916 -0.145516 15.6687 
-0.146715 0.0041277 0.98917 94.2906 0.102147 0.994708 0.0109997 -0.674154 -0.983891 0.102654 -0.14636 15.4261 
-0.14705 0.00321034 0.989124 96.1084 0.0994498 0.994975 0.0115554 -0.666508 -0.984117 0.100067 -0.14663 15.1807 
-0.14856 0.00409002 0.988895 97.9571 0.0990336 0.995026 0.0107622 -0.65623 -0.983932 0.0995326 -0.148226 14.9222 
-0.151766 0.00425891 0.988407 99.8634 0.0970754 0.99522 0.0106172 -0.665217 -0.983638 0.0975614 -0.151454 14.6684 
-0.155446 0.00517343 0.987831 101.72 0.0979228 0.995142 0.0101974 -0.660432 -0.982979 0.0983163 -0.155198 14.3799 
-0.159688 0.0043047 0.987158 103.591 0.0958255 0.995335 0.0111609 -0.651912 -0.982505 0.0963772 -0.159356 14.0977 
-0.164404 0.00323461 0.986388 105.49 0.0946127 0.995436 0.012505 -0.650249 -0.981845 0.0953807 -0.163959 13.8055 
-0.168735 0.00390414 0.985654 107.35 0.0937227 0.995525 0.0121012 -0.649499 -0.981195 0.09442 -0.168346 13.5077 
-0.173367 0.00580598 0.98484 109.279 0.0943836 0.995478 0.0107461 -0.63928 -0.980324 0.0948158 -0.173131 13.1872 
-0.178208 0.00735833 0.983965 111.188 0.0942992 0.995497 0.00963408 -0.6408 -0.979464 0.094504 -0.178099 12.8687 
-0.182938 0.00763582 0.983095 113.107 0.0928181 0.995637 0.00953865 -0.63855 -0.978733 0.0929939 -0.182849 12.5385 
-0.187404 0.00712518 0.982257 115.038 0.090789 0.995819 0.0100979 -0.641151 -0.978078 0.0910705 -0.187267 12.1915 
-0.19295 0.00653469 0.981187 117.001 0.0885557 0.996013 0.0107809 -0.635951 -0.977204 0.0889698 -0.192759 11.8411 
-0.198791 0.00667254 0.980019 118.979 0.0884208 0.996021 0.0111541 -0.623523 -0.976045 0.0888714 -0.19859 11.4693 
-0.204277 0.0063513 0.978892 120.962 0.0889829 0.995959 0.012107 -0.62411 -0.97486 0.0895779 -0.204017 11.0809 
-0.210065 0.00796096 0.977655 122.926 0.0892571 0.995947 0.0110684 -0.615788 -0.973604 0.0895877 -0.209925 10.6951 
-0.21488 0.00924545 0.976597 124.879 0.0888064 0.995998 0.0101108 -0.605214 -0.972595 0.0889006 -0.214841 10.2854 
-0.22079 0.00915982 0.975278 126.889 0.0889521 0.995977 0.0107833 -0.597099 -0.971256 0.0891339 -0.220717 9.86746 
-0.226492 0.00885989 0.973973 128.8 0.0887107 0.99599 0.011569 -0.610056 -0.969965 0.0890221 -0.22637 9.47508 
-0.231512 0.00960814 0.972785 130.792 0.0886888 0.995996 0.0112695 -0.610655 -0.968781 0.0888841 -0.231437 9.03236 
-0.236162 0.0103267 0.971659 132.818 0.0878635 0.996074 0.010769 -0.59675 -0.967733 0.0879166 -0.236142 8.56198 
-0.241169 0.00995544 0.970432 134.835 0.0893141 0.995931 0.011979 -0.58612 -0.966365 0.0895622 -0.241077 8.10675 
-0.245124 0.00978407 0.969442 136.777 0.0922716 0.995645 0.0132823 -0.594237 -0.965091 0.0927078 -0.244959 7.63903 
-0.248078 0.0108512 0.968679 138.774 0.0942752 0.995461 0.0129925 -0.583375 -0.964142 0.0945456 -0.247975 7.12858 
-0.251039 0.0113316 0.967911 140.81 0.0942454 0.995467 0.0127893 -0.574192 -0.963378 0.0944318 -0.250969 6.61838 
-0.253822 0.0107363 0.967191 142.844 0.0932217 0.995555 0.0134131 -0.56994 -0.962748 0.0935678 -0.253695 6.08024 
-0.258021 0.011371 0.966072 144.911 0.0925088 0.995627 0.0129886 -0.561935 -0.9617 0.0927215 -0.257945 5.55986 
-0.261886 0.0116613 0.965028 146.809 0.0899616 0.995868 0.0123794 -0.5765 -0.960897 0.0900575 -0.261853 5.02026 
-0.265857 0.0110359 0.963949 148.885 0.0888408 0.99596 0.0130998 -0.569252 -0.95991 0.0891207 -0.265763 4.491 
-0.270519 0.0113939 0.962647 150.972 0.0881911 0.996019 0.0129942 -0.576664 -0.958667 0.0884121 -0.270447 3.95537 
-0.275256 0.0117149 0.961299 153.015 0.0866363 0.996159 0.0126674 -0.577032 -0.957459 0.0867702 -0.275214 3.41393 
-0.279514 0.0116813 0.96007 155.036 0.0862337 0.99619 0.0129852 -0.57359 -0.956261 0.08642 -0.279456 2.85374 
-0.283503 0.0109122 0.958909 157.034 0.0861079 0.996186 0.0141215 -0.574959 -0.955098 0.0865732 -0.283361 2.2881 
-0.288387 0.0108519 0.957452 159.128 0.0866172 0.996132 0.0147989 -0.570278 -0.953588 0.0871997 -0.288212 1.75221 
-0.292224 0.0116949 0.956278 161.185 0.0876566 0.996044 0.0146052 -0.569569 -0.952324 0.0880921 -0.292093 1.17174 
-0.29597 0.0130268 0.955108 163.232 0.0881149 0.996016 0.0137203 -0.561309 -0.951124 0.0882201 -0.295938 0.584568 
-0.29944 0.0145814 0.954004 165.245 0.0882085 0.996024 0.0124629 -0.554234 -0.950029 0.0878831 -0.299536 -0.0149835 
-0.302568 0.0152116 0.953006 167.281 0.0887332 0.99598 0.0122742 -0.567556 -0.948988 0.0882771 -0.302702 -0.652384 
-0.305964 0.0158138 0.951912 169.298 0.0884533 0.996009 0.0118843 -0.570958 -0.947925 0.0878359 -0.306142 -1.26118 
-0.309639 0.0157394 0.950724 171.36 0.0884343 0.996006 0.0123129 -0.567086 -0.946733 0.0878891 -0.309795 -1.88784 
-0.313617 0.0153501 0.949426 173.456 0.0871861 0.996111 0.0126945 -0.586844 -0.945539 0.0867579 -0.313735 -2.55414 
-0.318021 0.0158433 0.947951 175.529 0.088403 0.996 0.0130113 -0.585542 -0.943953 0.0879395 -0.31815 -3.19585 
-0.321789 0.0160743 0.946675 177.551 0.0900851 0.99584 0.0137121 -0.577873 -0.942516 0.0896937 -0.321898 -3.81055 
-0.324105 0.0156201 0.945892 179.631 0.0912788 0.995715 0.0148333 -0.575343 -0.941607 0.0911474 -0.324142 -4.49947 
-0.327092 0.0153736 0.944867 181.73 0.0907876 0.995754 0.0152271 -0.554714 -0.940621 0.0907629 -0.327099 -5.17844 
-0.32999 0.0154121 0.943859 183.778 0.0890155 0.995919 0.0148592 -0.554379 -0.939778 0.0889214 -0.330015 -5.85729 
-0.332811 0.017383 0.942833 185.907 0.0884741 0.995995 0.0128673 -0.547279 -0.938834 0.0876988 -0.333016 -6.57741 
-0.335728 0.0190924 0.941765 188.007 0.0879846 0.996059 0.0111722 -0.553188 -0.937841 0.0866117 -0.336085 -7.28951 
-0.338821 0.0198042 0.940642 190.085 0.0859642 0.996248 0.00998949 -0.552723 -0.936915 0.0842462 -0.339252 -8.00696 
-0.341737 0.0205681 0.93957 192.194 0.084951 0.996344 0.00908706 -0.557432 -0.935948 0.0829228 -0.342235 -8.74959 
-0.345245 0.0204723 0.938289 194.281 0.0857045 0.996272 0.00979763 -0.567814 -0.934591 0.0837982 -0.345712 -9.49232 
-0.349115 0.0199493 0.936867 196.457 0.0852332 0.996305 0.0105464 -0.560074 -0.933195 0.0835341 -0.349526 -10.2603 
-0.35278 0.0192264 0.935509 198.508 0.0839933 0.996403 0.0111959 -0.558509 -0.931929 0.0825262 -0.353126 -10.989 
-0.357027 0.0188736 0.933903 200.639 0.0839391 0.996399 0.0119529 -0.577157 -0.930315 0.0826585 -0.357326 -11.7203 
-0.360782 0.0189504 0.932458 202.622 0.082619 0.996512 0.0117143 -0.572429 -0.928984 0.081265 -0.361089 -12.4572 
-0.364492 0.0191934 0.931009 204.739 0.0813208 0.996624 0.0112911 -0.585651 -0.927649 0.0798259 -0.364822 -13.2212 
-0.36788 0.0194622 0.92967 206.918 0.0815478 0.996604 0.0114057 -0.605087 -0.926291 0.0800085 -0.368217 -14.0361 
-0.370435 0.0202105 0.928638 208.997 0.0821257 0.99656 0.0110713 -0.612648 -0.92522 0.0803663 -0.370821 -14.8392 
-0.372838 0.0199991 0.927681 211.118 0.0837744 0.99641 0.0121883 -0.617714 -0.924107 0.0822602 -0.373175 -15.6604 
-0.375477 0.0189722 0.926638 213.203 0.0846461 0.996314 0.0139 -0.625264 -0.922958 0.0836555 -0.375699 -16.4673 
-0.378351 0.0193521 0.92546 215.285 0.0849535 0.996288 0.0138979 -0.634934 -0.921756 0.0838794 -0.37859 -17.27 
-0.381022 0.0204675 0.924339 217.46 0.0852479 0.996274 0.0130796 -0.631461 -0.920628 0.0837816 -0.381347 -18.1366 
-0.383653 0.0203243 0.923254 219.602 0.0841144 0.996371 0.0130193 -0.639548 -0.919639 0.0826539 -0.38397 -18.988 
-0.386283 0.0216305 0.922127 221.579 0.0837188 0.996421 0.0116969 -0.623723 -0.918573 0.0817176 -0.386711 -19.7721 
-0.38942 0.0218118 0.920802 223.429 0.0829528 0.996487 0.0114772 -0.685517 -0.917317 0.0808526 -0.389862 -20.5506 
-0.392011 0.0216921 0.919705 225.381 0.0809701 0.996656 0.0110052 -0.703393 -0.91639 0.0787828 -0.392457 -21.3203 
-0.395153 0.0224849 0.91834 227.495 0.0816306 0.996605 0.0107236 -0.716546 -0.914981 0.0792022 -0.395647 -22.1918 
-0.397944 0.0218972 0.917148 229.653 0.0831224 0.996464 0.0122753 -0.723928 -0.913636 0.0811205 -0.398357 -23.0704 
-0.401113 0.0209276 0.91579 231.679 0.0838734 0.996378 0.013967 -0.748655 -0.912181 0.0824128 -0.401415 -23.9024 
-0.404891 0.0201745 0.914142 233.566 0.0825088 0.996484 0.014553 -0.777742 -0.910635 0.0813171 -0.405132 -24.6481 
-0.407807 0.0200807 0.912847 235.556 0.0809743 0.996614 0.0142511 -0.795696 -0.909471 0.0797289 -0.408052 -25.4763 
-0.411737 0.0193601 0.911097 237.65 0.0795978 0.996717 0.0147918 -0.80548 -0.90782 0.0786117 -0.411927 -26.3575 
-0.415433 0.0184306 0.909437 239.735 0.0786178 0.996781 0.015712 -0.812972 -0.90622 0.0780253 -0.415544 -27.2056 
-0.419161 0.018464 0.907724 241.77 0.0783853 0.996796 0.0159202 -0.834817 -0.904522 0.0778254 -0.419265 -28.1049 
-0.423158 0.0179731 0.905878 243.912 0.0776453 0.996845 0.0164921 -0.838643 -0.902723 0.0773159 -0.423218 -29.0178 
-0.427449 0.0172183 0.903875 246.017 0.0764536 0.996925 0.0171646 -0.839888 -0.900801 0.0764415 -0.427451 -29.955 
-0.431319 0.0173303 0.902033 248.102 0.0761999 0.996943 0.0172822 -0.838029 -0.898976 0.076189 -0.431321 -30.8683 
-0.435042 0.0179725 0.900231 250.224 0.0761462 0.996953 0.0168946 -0.827648 -0.897184 0.0758991 -0.435085 -31.8507 
-0.438441 0.0185014 0.898569 252.363 0.0764929 0.996929 0.0167967 -0.823359 -0.895499 0.0760986 -0.43851 -32.8558 
-0.442634 0.0183469 0.896515 254.458 0.0764494 0.996923 0.0173433 -0.820618 -0.893438 0.0762147 -0.442674 -33.8036 
-0.445673 0.018789 0.894998 256.622 0.0753721 0.997017 0.0166015 -0.818816 -0.892017 0.0748568 -0.44576 -34.8628 
-0.449371 0.0191822 0.893139 258.69 0.0761161 0.996956 0.0168848 -0.804245 -0.890097 0.0755698 -0.449463 -35.8467 
-0.453369 0.0196498 0.891106 260.797 0.0762686 0.996945 0.0168195 -0.784404 -0.888054 0.0755889 -0.453483 -36.8214 
-0.456673 0.0210204 0.889386 262.952 0.0781906 0.9968 0.0165894 -0.766645 -0.886192 0.0771176 -0.456856 -37.8743 
-0.460286 0.0231791 0.887468 265.032 0.0799374 0.99668 0.0154279 -0.752238 -0.884165 0.0780432 -0.460611 -38.9039 
-0.463416 0.0241946 0.88581 267.106 0.0814178 0.996561 0.0153745 -0.734586 -0.882392 0.0792455 -0.463793 -39.9013 
-0.466759 0.0264653 0.883988 269.245 0.0831426 0.996438 0.0140686 -0.722861 -0.880467 0.0800637 -0.467297 -40.9388 
-0.469286 0.0292539 0.882561 271.333 0.0854248 0.996267 0.0124001 -0.709586 -0.878904 0.0812119 -0.470033 -41.9884 
-0.472104 0.0297258 0.881041 273.424 0.0861587 0.996202 0.0125567 -0.695982 -0.877322 0.0818375 -0.472873 -43.0719 
-0.475162 0.030446 0.879371 275.576 0.0861232 0.996212 0.0120447 -0.68689 -0.875673 0.0814574 -0.475984 -44.1713 
-0.478548 0.0305189 0.877531 277.73 0.0854144 0.996274 0.0119309 -0.669251 -0.873897 0.0806633 -0.479372 -45.3066 
-0.482001 0.0319444 0.875588 279.83 0.0869471 0.996146 0.0115205 -0.660301 -0.871846 0.0816828 -0.482921 -46.4495 
-0.485103 0.0323522 0.873858 281.952 0.0860033 0.996236 0.0108599 -0.649048 -0.870217 0.0804229 -0.486059 -47.5944 
-0.487839 0.031841 0.872352 284.124 0.0842251 0.996389 0.0107322 -0.649629 -0.868861 0.0787096 -0.488759 -48.7675 
-0.491635 0.0318695 0.870218 286.172 0.0852954 0.996287 0.0117016 -0.682454 -0.866614 0.0799785 -0.492528 -49.7593 
-0.493918 0.0321382 0.868914 288.255 0.0873622 0.996094 0.0128172 -0.683444 -0.865109 0.0822409 -0.494796 -50.881 
-0.496795 0.0316715 0.86729 290.333 0.0882842 0.995994 0.0141988 -0.726205 -0.863366 0.0836219 -0.497601 -51.9491 
-0.498846 0.0312076 0.866129 292.471 0.0875916 0.99605 0.0145594 -0.717797 -0.862253 0.0831285 -0.499609 -53.1073 
-0.501587 0.0298529 0.864592 294.537 0.0862448 0.996151 0.0156389 -0.703452 -0.860797 0.0824108 -0.502232 -54.2521 
-0.504747 0.0300215 0.862745 296.687 0.0880106 0.995977 0.0168328 -0.740106 -0.858769 0.084427 -0.505359 -55.3917 
-0.507898 0.0303531 0.860882 298.817 0.0890088 0.995879 0.0174 -0.725983 -0.856806 0.0854635 -0.508506 -56.4925 
-0.509657 0.0309062 0.859822 300.982 0.0877504 0.99601 0.0162122 -0.69809 -0.855891 0.0837124 -0.510336 -57.7431 
-0.512035 0.0331159 0.858326 303.096 0.0877558 0.996045 0.0139213 -0.696975 -0.85447 0.0824513 -0.512915 -58.9621 
-0.515409 0.0324241 0.856331 305.183 0.0858228 0.996213 0.0139344 -0.682017 -0.852636 0.0806746 -0.51624 -60.1677 
-0.519861 0.0306915 0.853699 307.338 0.0835104 0.996393 0.0150321 -0.670649 -0.850159 0.0791074 -0.520549 -61.4063 
-0.524466 0.0290711 0.850935 309.523 0.0828032 0.996421 0.0169935 -0.694823 -0.847395 0.0793727 -0.524996 -62.6813 
-0.528887 0.0285628 0.848211 311.775 0.0824115 0.996439 0.017832 -0.65626 -0.844681 0.0793335 -0.529358 -64.0199 
-0.533287 0.0283694 0.845458 313.965 0.0829523 0.996374 0.0188901 -0.645602 -0.841857 0.0802066 -0.533707 -65.33 
-0.537293 0.0291964 0.84289 316.161 0.0867894 0.996009 0.020823 -0.664157 -0.838918 0.084342 -0.537683 -66.6681 
-0.538752 0.0304226 0.841915 317.717 0.0883706 0.995875 0.0205635 -0.582651 -0.837817 0.0854792 -0.539218 -67.9731 
-0.540495 0.032804 0.840707 319.211 0.0936576 0.995375 0.0213739 -0.526003 -0.836118 0.0902911 -0.541068 -69.1789 
-0.543601 0.0307517 0.83878 320.58 0.0920426 0.995486 0.0231544 -0.43827 -0.834282 0.0897903 -0.543977 -70.2976 
-0.547828 0.0277067 0.836132 322.645 0.0883175 0.995782 0.0248679 -0.429146 -0.831916 0.0874684 -0.547964 -71.6268 
-0.551219 0.0279043 0.833894 324.868 0.0871623 0.995898 0.0242904 -0.373734 -0.829795 0.0860735 -0.55139 -73.0652 
-0.554944 0.0273857 0.831437 326.993 0.0861658 0.995974 0.0247062 -0.333251 -0.827413 0.085352 -0.55507 -74.4528 
-0.558474 0.0272853 0.829073 329.123 0.0870846 0.995864 0.0258868 -0.303358 -0.824938 0.0866566 -0.558541 -75.8731 
-0.562165 0.026711 0.826594 331.28 0.0862536 0.995921 0.0264781 -0.264275 -0.822515 0.0861818 -0.562176 -77.3093 
-0.566331 0.0250508 0.823797 333.47 0.0839896 0.996088 0.0274498 -0.23672 -0.819887 0.0847361 -0.56622 -78.7449 
-0.570264 0.0233793 0.821129 335.734 0.0810776 0.996316 0.0279401 -0.180627 -0.817451 0.0825085 -0.570058 -80.2585 
-0.573005 0.0227231 0.819237 337.821 0.0808378 0.996308 0.0289064 -0.139567 -0.815555 0.0827888 -0.572726 -81.67 
-0.575481 0.0228835 0.817495 339.913 0.0823791 0.996146 0.0301069 -0.110741 -0.813656 0.0846705 -0.575148 -83.0927 
-0.578093 0.0219849 0.815675 342.047 0.0789524 0.996454 0.0290983 -0.0613728 -0.812142 0.081221 -0.577778 -84.5497 
-0.581613 0.021505 0.813181 344.153 0.0756763 0.996746 0.0277666 -0.0119698 -0.809938 0.077688 -0.581348 -85.9806 
-0.583986 0.0192939 0.811534 346.316 0.073616 0.996857 0.0292747 0.0537527 -0.808419 0.076838 -0.583571 -87.4662 
-0.587311 0.0182833 0.809154 348.524 0.0737078 0.996799 0.0309763 0.0988817 -0.805998 0.0778338 -0.586779 -89.0328 
-0.590246 0.0189896 0.807 350.679 0.0735341 0.996831 0.0303268 0.157579 -0.803867 0.0772423 -0.589772 -90.5459 
-0.59324 0.0179607 0.804825 352.82 0.0710706 0.997016 0.0301367 0.222035 -0.801882 0.0750777 -0.592746 -92.0557 
-0.596668 0.0136034 0.802373 355.007 0.068549 0.997066 0.0340708 0.256958 -0.799555 0.0753308 -0.59585 -93.6105 
-0.599668 0.0116678 0.800164 357.201 0.0661456 0.997195 0.0350307 0.328654 -0.79751 0.0739341 -0.598758 -95.1833 
-0.602284 0.0108734 0.798207 359.425 0.0654221 0.997216 0.0357795 0.392815 -0.795596 0.0737698 -0.601319 -96.799 
-0.605348 0.0105991 0.79589 361.511 0.0641704 0.997306 0.0355261 0.451535 -0.79337 0.0725783 -0.604398 -98.3179 
-0.607656 0.00975281 0.79414 363.638 0.0634076 0.997328 0.0362697 0.512613 -0.791665 0.072394 -0.606651 -99.9005 
-0.61056 0.00803572 0.791929 365.861 0.0613675 0.997422 0.0371921 0.575894 -0.789589 0.0713067 -0.609479 -101.538 
-0.613331 0.00620049 0.789801 367.897 0.057722 0.997647 0.0369925 0.620316 -0.787714 0.0682776 -0.612246 -103.062 
-0.615283 0.00231331 0.788303 370.03 0.047603 0.99828 0.0342253 0.672145 -0.786868 0.0585838 -0.614335 -104.672 
-0.618535 0.00526547 0.785739 371.937 0.0404699 0.998864 0.0251642 0.688131 -0.784714 0.0473637 -0.618046 -106.06 
-0.622158 0.0156042 0.782736 374.008 0.0508951 0.998492 0.0205486 0.7286 -0.781236 0.0526219 -0.622014 -107.622 
-0.622956 0.0163264 0.782086 376.082 0.0579957 0.997995 0.0253618 0.75897 -0.780104 0.061157 -0.622654 -109.242 
-0.625311 0.00688379 0.780345 378.136 0.0570219 0.997691 0.036892 0.799161 -0.778289 0.0675657 -0.62426 -110.819 
-0.628439 -0.00392322 0.777849 380.124 0.0505297 0.997669 0.0458558 0.867245 -0.776216 0.0681221 -0.626776 -112.339 
-0.631049 -0.0106555 0.77567 382.218 0.0433277 0.997861 0.0489571 0.974632 -0.774532 0.0645024 -0.629237 -114.032 
-0.633578 -0.0108169 0.773603 384.373 0.0427935 0.997881 0.0490006 1.07331 -0.772494 0.0641509 -0.631773 -115.73 
-0.636226 -0.00593208 0.771479 386.4 0.0472393 0.997795 0.0466297 1.16129 -0.770055 0.0661112 -0.634543 -117.353 
-0.638154 0.000624739 0.769909 388.525 0.0518924 0.99776 0.0422023 1.24237 -0.768158 0.066884 -0.636757 -119.079 
-0.640836 0.00381519 0.767668 390.684 0.053334 0.997793 0.0395633 1.32507 -0.765823 0.0662964 -0.639625 -120.813 
-0.643978 0.00778576 0.765004 392.995 0.056188 0.997729 0.0371445 1.4344 -0.762978 0.0669043 -0.642953 -122.676 
-0.647097 0.0117587 0.762317 395.299 0.0590518 0.99765 0.0347377 1.53641 -0.760117 0.0674948 -0.646271 -124.549 
-0.649454 0.0108042 0.760324 397.345 0.0593721 0.997567 0.036539 1.59097 -0.758079 0.0688724 -0.648515 -126.239 
-0.650792 0.0102772 0.759187 399.432 0.0597355 0.997502 0.0377033 1.70132 -0.756903 0.0698873 -0.64978 -128.074 
-0.652127 0.00975187 0.758047 401.515 0.0600967 0.997435 0.0388681 1.81492 -0.755724 0.0709031 -0.651041 -129.912 
-0.653461 0.00922838 0.756903 403.595 0.0604559 0.997368 0.0400335 1.93177 -0.754542 0.0719196 -0.652299 -131.754 
-0.654794 0.00870667 0.755758 405.671 0.060813 0.997298 0.0411994 2.05188 -0.753357 0.072937 -0.653554 -133.599 
-0.656199 0.00760003 0.754549 407.396 0.0624703 0.997064 0.044285 2.08222 -0.751997 0.0761967 -0.654747 -135.032 
-0.657497 0.00721287 0.753423 409.184 0.0647456 0.996796 0.0469593 2.11252 -0.75067 0.0796564 -0.655857 -136.525 
-0.659203 0.00705258 0.751931 411.061 0.0630028 0.996958 0.0458825 2.16144 -0.749321 0.0776197 -0.657643 -138.099 
-0.661005 0.00808323 0.750338 413.019 0.0600838 0.997301 0.0421866 2.25563 -0.747972 0.0729687 -0.659707 -139.736 
-0.661445 0.00735006 0.749957 414.894 0.05729 0.997525 0.040752 2.30742 -0.747802 0.0699203 -0.66023 -141.355 
-0.661012 0.00750381 0.750338 416.85 0.055507 0.997699 0.0389214 2.41397 -0.748319 0.0673765 -0.659908 -143.047 
-0.661701 0.0066299 0.749738 418.682 0.0542895 0.99776 0.0390914 2.4678 -0.7478 0.0665698 -0.660579 -144.632 
-0.662901 0.00522507 0.748689 420.758 0.0498033 0.998069 0.037131 2.55414 -0.747049 0.0619014 -0.66188 -146.41 
-0.664327 0.00484751 0.747426 422.763 0.0490048 0.99811 0.037083 2.61725 -0.745834 0.0612627 -0.663309 -148.113 
-0.663962 0.00369484 0.747757 424.749 0.0502554 0.997947 0.0396925 2.67973 -0.746076 0.0639332 -0.662784 -149.871 
-0.664773 0.00163276 0.747043 426.747 0.0506688 0.997793 0.0429079 2.76345 -0.745325 0.0663759 -0.663389 -151.559 
-0.663191 0.00103088 0.74845 428.72 0.0558294 0.997281 0.0480959 2.85184 -0.746365 0.0736823 -0.661445 -153.287 
-0.662145 9.88331e-05 0.749375 430.721 0.0586557 0.996939 0.0516964 2.97053 -0.747076 0.0781857 -0.660124 -154.987 
-0.660602 -0.0023602 0.750732 432.66 0.0528685 0.997366 0.0496568 3.0681 -0.748872 0.0724935 -0.658737 -156.597 
-0.659463 -0.00281561 0.751732 434.658 0.0456797 0.997995 0.0438108 3.15618 -0.750348 0.0632305 -0.658012 -158.3 
-0.657654 -0.00522239 0.753302 436.628 0.040244 0.998304 0.042055 3.23413 -0.752245 0.0579735 -0.656328 -159.982 
-0.655304 -0.0057611 0.755343 438.699 0.037932 0.998458 0.0405236 3.31707 -0.754412 0.055207 -0.654075 -161.704 
-0.652659 -0.00486867 0.757636 440.658 0.0408273 0.9983 0.0415855 3.37678 -0.756551 0.0580734 -0.651351 -163.37 
-0.649569 -0.00482423 0.760287 442.612 0.0416501 0.998252 0.0419188 3.46899 -0.759161 0.0588952 -0.648233 -165.043 
-0.646739 -0.00382843 0.762702 444.548 0.0397747 0.998457 0.038739 3.52915 -0.761674 0.0553903 -0.645589 -166.705 
-0.645352 -0.0092369 0.76383 446.556 0.0322734 0.998704 0.0393446 3.57517 -0.763204 0.0500425 -0.644217 -168.361 
-0.64438 -0.0149947 0.764559 448.59 0.024259 0.998904 0.0400364 3.64362 -0.764321 0.0443461 -0.643309 -170.004 
-0.64372 -0.0179398 0.765051 450.656 0.0181336 0.999087 0.0386854 3.71268 -0.765046 0.0387757 -0.642807 -171.683 
-0.643087 -0.01932 0.765549 452.466 0.0165205 0.999099 0.0390918 3.73021 -0.765614 0.0377867 -0.642189 -173.262 
-0.642742 -0.0197947 0.765827 454.216 0.0175291 0.999024 0.040534 3.79419 -0.765882 0.0394772 -0.641768 -174.713 
-0.64179 -0.0208172 0.766597 456.258 0.019721 0.998853 0.0436344 3.85196 -0.766626 0.0431222 -0.640644 -176.35 
-0.639744 -0.0237115 0.768222 458.219 0.0172355 0.99883 0.0451822 3.91437 -0.768395 0.0421457 -0.638587 -177.988 
-0.63845 -0.0240706 0.769287 460.228 0.0145031 0.998957 0.0432932 3.99257 -0.769527 0.0387976 -0.637435 -179.637 
-0.637646 -0.0223346 0.770006 462.408 0.0144753 0.999056 0.0409654 4.08957 -0.770194 0.0372675 -0.63672 -181.364 
-0.635902 -0.0213161 0.771475 464.431 0.0145554 0.999109 0.0396032 4.15852 -0.771632 0.0364129 -0.635025 -183.072 
-0.634296 -0.0208666 0.772809 466.564 0.0160124 0.999067 0.0401181 4.24824 -0.772924 0.0378213 -0.63337 -184.826 
-0.631472 -0.0205388 0.775127 468.7 0.0165375 0.999065 0.0399452 4.33963 -0.775222 0.0380429 -0.630542 -186.615 
-0.629879 -0.0214747 0.776396 470.844 0.0154481 0.999073 0.0401666 4.39415 -0.77654 0.037294 -0.628964 -188.33 
-0.629093 -0.0228415 0.776994 473.289 0.0121862 0.999155 0.0392389 4.43353 -0.777234 0.0341536 -0.628283 -190.026 
-0.628302 -0.0242051 0.777593 475.737 0.00892325 0.999226 0.0383142 4.47088 -0.777918 0.0310115 -0.6276 -191.72 
-0.627753 -0.0248973 0.778014 477.76 0.00846341 0.999211 0.0388046 4.53878 -0.778366 0.0309444 -0.627047 -193.32 
-0.627777 -0.0250541 0.77799 479.449 0.00695303 0.999261 0.0377903 4.51837 -0.778362 0.0291333 -0.627139 -194.383 
-0.627638 -0.0239772 0.778136 480.814 0.00742268 0.999296 0.0367789 4.48972 -0.77847 0.0288597 -0.627018 -195.551 
-0.626734 -0.0222664 0.778915 482.027 0.00899249 0.999318 0.0358024 4.48164 -0.779182 0.029443 -0.626106 -196.618 
-0.625826 -0.0205562 0.779692 483.242 0.0105612 0.999338 0.034824 4.4721 -0.779891 0.0300283 -0.625194 -197.683 
-0.626469 -0.0216724 0.779145 484.782 0.00925029 0.999336 0.0352348 4.49839 -0.779391 0.0292808 -0.625853 -198.66 
-0.626703 -0.0223375 0.778938 486.371 0.00873101 0.999325 0.0356821 4.5425 -0.77921 0.029163 -0.626085 -199.975 
-0.62693 -0.0226391 0.778747 487.836 0.00932248 0.999288 0.0365555 4.61187 -0.77902 0.0301776 -0.626272 -201.267 
-0.627823 -0.0221421 0.778041 489.499 0.0101416 0.999278 0.0366216 4.6134 -0.77829 0.0308825 -0.627145 -202.308 
-0.627513 -0.0237297 0.778244 491.377 0.00987449 0.999212 0.0384293 4.62663 -0.778543 0.0317997 -0.626785 -203.574 
-0.626445 -0.0254807 0.779049 493.34 0.00911275 0.999158 0.0400075 4.66827 -0.779413 0.0321618 -0.625685 -205.18 
-0.626255 -0.0282794 0.779105 495.601 0.00673483 0.999108 0.0416784 4.73063 -0.779589 0.0313485 -0.625506 -206.872 
-0.6263 -0.0285866 0.779058 497.611 0.00559377 0.999137 0.0411591 4.79192 -0.779562 0.0301358 -0.625599 -208.467 
-0.626447 -0.0279276 0.778963 499.378 0.0059291 0.999158 0.0405903 4.81267 -0.779441 0.0300463 -0.625755 -209.657 
-0.626239 -0.0270758 0.779161 501.231 0.00707938 0.999158 0.0404106 4.86502 -0.779599 0.0308227 -0.62552 -211.029 
-0.626239 -0.0270758 0.779161 503.22 0.00707938 0.999158 0.0404106 4.91342 -0.779599 0.0308227 -0.62552 -212.444 
-0.626175 -0.0263486 0.779237 505.394 0.00797716 0.99916 0.0401951 4.99961 -0.779642 0.0313853 -0.625439 -214.122 
-0.625228 -0.0251336 0.780037 507.6 0.0109833 0.999099 0.0409955 5.07483 -0.780365 0.0341989 -0.624389 -215.932 
-0.624807 -0.0255133 0.780362 509.664 0.0112762 0.999067 0.041692 5.15525 -0.780698 0.034849 -0.623936 -217.53 
-0.624102 -0.0263982 0.780897 511.752 0.0115801 0.999007 0.0430264 5.21806 -0.781257 0.0358957 -0.623176 -219.187 
-0.62299 -0.027357 0.781751 513.782 0.0120325 0.998935 0.044546 5.30387 -0.782137 0.0371582 -0.621998 -220.795 
-0.622976 -0.0266524 0.781787 515.889 0.0120673 0.998973 0.0436725 5.38958 -0.782148 0.036641 -0.622015 -222.41 
-0.62406 -0.0267392 0.780918 518.025 0.00909292 0.999098 0.0414762 5.48408 -0.781323 0.0329845 -0.623254 -224.005 
-0.625143 -0.026831 0.780049 520.16 0.00612147 0.99921 0.0392752 5.57297 -0.780486 0.0293277 -0.624485 -225.604 
-0.626224 -0.026928 0.779178 522.293 0.00315299 0.999308 0.0370695 5.65623 -0.779637 0.0256706 -0.625705 -227.206 
-0.626222 -0.0275429 0.779158 524.152 0.00233838 0.999305 0.0372043 5.69086 -0.779641 0.0251201 -0.625722 -228.654 
-0.625701 -0.0270255 0.779595 526.185 0.00303887 0.999308 0.037081 5.78364 -0.780057 0.0255707 -0.625185 -230.229 
-0.625817 -0.0288334 0.779437 528.196 0.00206304 0.999252 0.0386214 5.8253 -0.779967 0.0257779 -0.625289 -231.812 
-0.625919 -0.0302377 0.779302 529.975 0.00210292 0.999179 0.0404582 5.84817 -0.779886 0.0269623 -0.625341 -233.27 
-0.626036 -0.0308342 0.779184 531.992 0.0017825 0.999159 0.0409712 5.91954 -0.779792 0.0270383 -0.625454 -234.905 
-0.625772 -0.032604 0.779324 534.045 0.000258356 0.999117 0.0420067 6.01004 -0.780006 0.026488 -0.625212 -236.5 
-0.62719 -0.0309919 0.778249 535.513 -0.000761662 0.999232 0.0391781 6.02865 -0.778866 0.0239794 -0.626732 -237.517 
-0.628112 -0.0275787 0.777634 537.045 0.000298943 0.999363 0.0356837 6.11011 -0.778123 0.0226459 -0.627704 -238.625 
-0.62903 -0.0241667 0.777006 538.575 0.00136368 0.999481 0.0321901 6.18487 -0.77738 0.0213081 -0.62867 -239.734 
-0.63075 -0.02508 0.775581 539.958 0.00180014 0.999428 0.0337825 6.25534 -0.775984 0.0227045 -0.630344 -240.523 
-0.630575 -0.0244059 0.775744 541.883 0.00234045 0.999441 0.0333462 6.28733 -0.776124 0.0228429 -0.630166 -242.057 
-0.631066 -0.0238672 0.775362 543.95 0.00242525 0.999461 0.0327393 6.33769 -0.775726 0.0225411 -0.630668 -243.681 
-0.631957 -0.0237157 0.77464 545.93 -0.00123936 0.999561 0.0295906 6.41247 -0.775002 0.0177399 -0.631709 -245.264 
-0.631563 -0.023704 0.774962 547.408 -0.000296624 0.99954 0.0303314 6.40864 -0.775324 0.0189264 -0.63128 -246.715 
-0.631597 -0.0243533 0.774914 549.34 0.000958987 0.999481 0.0321924 6.4358 -0.775296 0.0210758 -0.631246 -248.27 
-0.631462 -0.0251534 0.774999 551.492 0.000375819 0.999464 0.0327448 6.4973 -0.775407 0.0209684 -0.631114 -249.978 
-0.631012 -0.0249637 0.775371 553.691 0.000595476 0.999466 0.0326632 6.57066 -0.775773 0.0210726 -0.63066 -251.752 
-0.630561 -0.0247741 0.775744 555.89 0.000815086 0.999469 0.0325814 6.64379 -0.776139 0.0211769 -0.630206 -253.525 
-0.63011 -0.0245845 0.776116 558.091 0.00103465 0.999471 0.0324995 6.71669 -0.776505 0.0212813 -0.629752 -255.296 
-0.629421 -0.0258252 0.776635 559.972 -0.000462534 0.99946 0.0328598 6.74637 -0.777065 0.0203234 -0.629093 -256.832 
-0.630169 -0.0272113 0.775981 561.563 -0.00191084 0.999437 0.0334954 6.78544 -0.776455 0.019625 -0.629867 -257.693 
-0.629619 -0.0269278 0.776437 563 -0.00188752 0.999449 0.0331315 6.75567 -0.776902 0.0193947 -0.629323 -258.901 
-0.628246 -0.0268519 0.777552 564.384 6.79462e-05 0.999402 0.0345681 6.53565 -0.778015 0.0217701 -0.627868 -260.13 
-0.630315 -0.0257826 0.775911 565.815 0.000629579 0.999431 0.0337212 6.61912 -0.776339 0.0217435 -0.62994 -260.661 
-0.631814 -0.0270901 0.774647 567.321 0.000472126 0.999375 0.0353341 6.57278 -0.77512 0.0226903 -0.631406 -261.386 
-0.633492 -0.0281784 0.773236 568.819 -0.000852403 0.999361 0.0357205 6.51022 -0.773749 0.0219696 -0.633111 -262.099 
-0.635166 -0.0292682 0.771821 570.316 -0.00217776 0.999346 0.0361039 6.44881 -0.772373 0.0212512 -0.634814 -262.814 
-0.636835 -0.0303596 0.770402 571.812 -0.00350395 0.999328 0.0364844 6.38854 -0.770992 0.0205351 -0.636514 -263.533 
-0.6385 -0.0314524 0.768979 573.306 -0.00483095 0.999309 0.036862 6.32941 -0.769607 0.0198215 -0.63821 -264.255 
-0.638828 -0.032749 0.768652 574.878 -0.00557819 0.999264 0.0379382 6.30912 -0.76933 0.0199483 -0.638541 -265.231 
-0.639512 -0.0333345 0.768058 576.507 -0.00581616 0.999241 0.0385252 6.2878 -0.768759 0.0201702 -0.63922 -266.28 
-0.638478 -0.0347006 0.768857 578.275 -0.00722425 0.999209 0.0390978 6.29609 -0.769606 0.0194087 -0.638224 -267.828 
-0.637947 -0.0354015 0.769266 580.362 -0.00862749 0.999209 0.0388286 6.37438 -0.770032 0.0181338 -0.637748 -269.448 
-0.638174 -0.0352713 0.769084 582.125 -0.0101931 0.999249 0.0373689 6.41419 -0.769825 0.0160085 -0.638054 -270.929 
-0.637569 -0.035064 0.769595 584.181 -0.0090515 0.999236 0.0380281 6.47533 -0.77034 0.0172796 -0.637399 -272.595 
-0.637425 -0.0360131 0.76967 586.153 -0.00825317 0.999169 0.0399163 6.53112 -0.770468 0.0190914 -0.637192 -274.195 
-0.637616 -0.0371085 0.76946 587.817 -0.00892596 0.999128 0.0407881 6.60832 -0.770302 0.019139 -0.637391 -275.5 
-0.637544 -0.0367518 0.769537 588.88 -0.00939828 0.999158 0.0399318 6.56218 -0.770356 0.018226 -0.637353 -276.536 
-0.637488 -0.0337892 0.769719 589.967 -0.00541677 0.99921 0.0393772 6.50681 -0.770441 0.0209331 -0.637168 -277.577 
-0.63649 -0.0325952 0.770596 591.819 -0.00493601 0.999258 0.0381902 6.60049 -0.771269 0.020504 -0.636179 -279.147 
-0.634688 -0.0302209 0.772177 593.45 -0.00250624 0.99931 0.0370502 6.70814 -0.772764 0.0215801 -0.634326 -280.664 
-0.632877 -0.027849 0.773751 595.086 -7.91377e-05 0.999355 0.0359042 6.81357 -0.774252 0.0226617 -0.632471 -282.178 
-0.632461 -0.028791 0.774057 597.085 0.000308233 0.999299 0.0374206 6.87515 -0.774592 0.0239057 -0.632009 -283.777 
-0.632019 -0.0289896 0.77441 599.187 0.000552251 0.999283 0.0378582 6.9561 -0.774953 0.0243548 -0.63155 -285.461 
-0.632523 -0.0285243 0.774016 601.318 0.000289063 0.999313 0.0370632 7.03019 -0.774541 0.0236671 -0.63208 -287.117 
-0.632146 -0.028263 0.774333 603.217 -0.000164962 0.999339 0.036341 7.07924 -0.774849 0.0228451 -0.631734 -288.642 
-0.632282 -0.028152 0.774227 605.205 0.000568413 0.999322 0.0368009 7.12377 -0.774738 0.0237087 -0.631837 -290.214 
-0.6306 -0.0285835 0.775582 607.055 0.000659055 0.999301 0.0373643 7.14236 -0.776108 0.0240731 -0.63014 -291.768 
-0.629977 -0.0293447 0.776059 609.083 4.37702e-05 0.999284 0.0378208 7.2002 -0.776614 0.0238602 -0.629525 -293.39 
-0.630598 -0.0292146 0.77556 611.311 -0.00030322 0.9993 0.0373961 7.28382 -0.77611 0.0233467 -0.630165 -295.105 
-0.6322 -0.0262995 0.774359 613.656 0.00254132 0.999348 0.0360155 7.41267 -0.774801 0.0247369 -0.63172 -296.853 
-0.63379 -0.0233815 0.773151 615.998 0.00538868 0.999385 0.0346405 7.53714 -0.773486 0.0261211 -0.633275 -298.606 
-0.632512 -0.0234675 0.774195 617.896 0.00681241 0.999334 0.0358576 7.55138 -0.774521 0.0279545 -0.63193 -300.174 
-0.631157 -0.023525 0.775298 619.637 0.00723522 0.999318 0.0362125 7.58199 -0.775621 0.0284652 -0.630557 -301.67 
-0.630251 -0.0220074 0.77608 621.78 0.00807156 0.999358 0.0348937 7.65546 -0.77635 0.028256 -0.629669 -303.364 
