1 -4.23778e-08 4.22719e-08 0 -4.23778e-08 1 -4.19404e-08 0 4.22719e-08 -4.19404e-08 1 0 
0.999995 -0.00261195 -0.00167193 -0.00932265 0.00261721 0.999991 0.00320141 -0.023423 0.00166364 -0.00320585 0.999993 1.5448 
0.99999 -0.00340284 -0.00275829 -0.0438082 0.00341348 0.999987 0.00389268 -0.0389377 0.00274509 -0.00390214 0.999989 3.07233 
0.999991 -0.00139564 -0.00407756 -0.0753606 0.00140946 0.999993 0.00340959 -0.0470052 0.00407286 -0.00341539 0.999986 4.58539 
0.999982 -0.00159069 -0.00581074 -0.100781 0.00161047 0.999993 0.00341467 -0.0672557 0.00580536 -0.00342405 0.999977 6.11537 
0.999973 -0.00160356 -0.00722354 -0.140349 0.0016277 0.999993 0.00334766 -0.0764496 0.0072182 -0.00335941 0.999968 7.64411 
0.999956 -0.00170429 -0.00926917 -0.171346 0.00173995 0.999991 0.00385031 -0.0999764 0.00926261 -0.00386635 0.99995 9.15051 
0.999932 -0.00369203 -0.0110632 -0.204677 0.00372611 0.999988 0.00306878 -0.115757 0.0110518 -0.00310988 0.999934 10.6495 
0.999904 -0.00542616 -0.0127702 -0.232301 0.00547062 0.999979 0.00345561 -0.132834 0.0127513 -0.00352522 0.999912 12.1476 
0.999885 -0.00511708 -0.0142471 -0.266867 0.00516755 0.99998 0.00351324 -0.151634 0.0142289 -0.00358654 0.999892 13.6654 
0.999868 -0.00457703 -0.0155828 -0.301156 0.00463061 0.999983 0.00340956 -0.164953 0.015567 -0.00348135 0.999873 15.1698 
0.999858 -0.00308184 -0.0165572 -0.340441 0.00314684 0.999987 0.00390642 -0.185843 0.016545 -0.00395805 0.999855 16.673 
0.999846 -0.00182408 -0.0174375 -0.38399 0.00190359 0.999988 0.00454883 -0.195379 0.0174291 -0.00458141 0.999838 18.1523 
0.999837 -0.00144624 -0.0179788 -0.433508 0.00154194 0.999985 0.00531473 -0.204382 0.0179709 -0.00534167 0.999824 19.6391 
0.999825 -0.00169291 -0.0186033 -0.478712 0.00178857 0.999985 0.00513121 -0.22001 0.0185944 -0.00516367 0.999814 21.0998 
0.999808 -0.000981189 -0.0195453 -0.522219 0.00108346 0.999986 0.0052268 -0.232397 0.01954 -0.00524706 0.999795 22.5807 
0.999795 -0.000474833 -0.0202134 -0.560324 0.000596541 0.999982 0.00601971 -0.250316 0.0202102 -0.00603062 0.999777 24.0133 
0.999796 0.00025652 -0.0202065 -0.609689 -0.000109995 0.999974 0.00725628 -0.265515 0.0202079 -0.00725266 0.999769 25.4006 
0.999798 0.000139064 -0.0200975 -0.661006 -1.78767e-05 0.999982 0.0060342 -0.280919 0.020098 -0.00603271 0.99978 26.8784 
0.99978 0.000529331 -0.0209698 -0.684799 -0.000444601 0.999992 0.00404903 -0.294507 0.0209718 -0.00403891 0.999772 28.3606 
0.999779 -0.00112525 -0.0209917 -0.731444 0.00121015 0.999991 0.00403622 -0.313637 0.0209871 -0.00406082 0.999771 29.7764 
0.999777 -0.00216765 -0.0209897 -0.773864 0.00230986 0.999974 0.00675742 -0.327771 0.0209746 -0.00680449 0.999757 31.1859 
0.999775 -0.00340962 -0.0209376 -0.821198 0.0035803 0.999961 0.00812351 -0.348851 0.0209091 -0.00819673 0.999748 32.5524 
0.999778 -0.00422397 -0.0206619 -0.868849 0.00437837 0.999963 0.00743718 -0.359551 0.0206298 -0.00752608 0.999759 33.9446 
0.999782 -0.00316341 -0.0206265 -0.914217 0.00328113 0.999978 0.00567989 -0.371406 0.0206082 -0.00574642 0.999771 35.3112 
0.999788 -0.0025816 -0.0204103 -0.956725 0.0026869 0.999983 0.00513721 -0.392021 0.0203967 -0.00519105 0.999778 36.703 
0.99981 -0.00123231 -0.0194311 -1.00583 0.00130677 0.999992 0.00382379 -0.400002 0.0194263 -0.00384854 0.999804 38.0737 
0.999831 -0.000370871 -0.0183872 -1.04889 0.000455254 0.999989 0.00458981 -0.415156 0.0183854 -0.00459749 0.99982 39.3967 
0.999857 -0.000457311 -0.0169061 -1.09014 0.000572072 0.999977 0.00678891 -0.438172 0.0169026 -0.00679769 0.999834 40.707 
0.999885 -0.000842008 -0.0151658 -1.13305 0.000959148 0.99997 0.00772384 -0.451832 0.0151589 -0.00773758 0.999855 42.0304 
0.999913 -9.31938e-05 -0.0131765 -1.15733 0.000202004 0.999966 0.00826318 -0.467324 0.0131754 -0.00826521 0.999879 43.325 
0.999949 -0.000579753 -0.0100942 -1.18522 0.000659297 0.999969 0.00788696 -0.480926 0.0100894 -0.00789329 0.999918 44.6123 
0.999977 -0.00135179 -0.0066719 -1.21037 0.00139312 0.99998 0.00620705 -0.495129 0.00666346 -0.00621628 0.999958 45.8444 
0.999993 -0.00148478 -0.0034861 -1.22403 0.00150005 0.999989 0.00440551 -0.506603 0.00347961 -0.0044108 0.999984 47.0876 
0.999999 -0.00142163 0.000621733 -1.24268 0.00141843 0.999987 0.00498009 -0.523077 -0.000628719 -0.00497928 0.999987 48.307 
0.999983 -0.00105324 0.00565248 -1.24676 0.00102544 0.999987 0.00490277 -0.540129 -0.00565748 -0.00489697 0.999972 49.5164 
0.999929 0.000770163 0.0118864 -1.25043 -0.000817447 0.999992 0.00396644 -0.555041 -0.0118832 -0.00397596 0.999921 50.7269 
0.999819 0.00204748 0.0189202 -1.24263 -0.00212333 0.99999 0.00398537 -0.569122 -0.0189118 -0.0040249 0.999813 51.9255 
0.999631 0.00307306 0.0269994 -1.22825 -0.00321056 0.999982 0.00504763 -0.583119 -0.0269834 -0.00513253 0.999623 53.0918 
0.999286 0.00484246 0.0374767 -1.21839 -0.00505959 0.999971 0.00569893 -0.605169 -0.037448 -0.00588456 0.999281 54.2351 
0.998704 0.00649481 0.0504735 -1.17958 -0.00678824 0.999961 0.00564263 -0.617432 -0.0504348 -0.00597802 0.998709 55.4217 
0.997849 0.00832375 0.0650202 -1.1213 -0.00874177 0.999943 0.00614576 -0.630768 -0.0649652 -0.00670102 0.997865 56.5785 
0.996673 0.010142 0.0808746 -1.03874 -0.0107833 0.999914 0.00749589 -0.642845 -0.0807916 -0.00834313 0.996696 57.711 
0.995104 0.00976807 0.0983477 -0.940205 -0.010645 0.999908 0.00839468 -0.658386 -0.0982566 -0.00940057 0.995117 58.8389 
0.993082 0.00926091 0.117056 -0.825758 -0.0102243 0.999919 0.00763148 -0.670529 -0.116975 -0.00877557 0.993096 59.9249 
0.990562 0.00797425 0.136832 -0.690921 -0.00899611 0.999936 0.00685052 -0.683063 -0.136769 -0.00801691 0.99057 60.9985 
0.987457 0.00525471 0.157801 -0.53476 -0.00638357 0.999957 0.00664713 -0.691082 -0.157759 -0.00757116 0.987448 62.0483 
0.983889 -0.0001375 0.178778 -0.343389 -0.00147181 0.99996 0.00886852 -0.700707 -0.178772 -0.00898885 0.983849 63.0999 
0.979374 -0.00582159 0.201973 -0.135984 0.00379077 0.999938 0.0104398 -0.71089 -0.202021 -0.00945889 0.979335 64.1433 
0.974218 -0.011053 0.225338 0.102283 0.0089682 0.999907 0.010273 -0.727184 -0.22543 -0.00798737 0.974226 65.128 
0.968013 -0.0172545 0.250307 0.359001 0.0155809 0.999841 0.00866578 -0.733829 -0.250416 -0.00448866 0.968128 66.1299 
0.960811 -0.0208314 0.276419 0.639448 0.0189795 0.999776 0.0093731 -0.739529 -0.276552 -0.00375956 0.960992 67.1111 
0.9525 -0.0235502 0.303627 0.938735 0.0209582 0.999711 0.0117927 -0.745326 -0.303817 -0.00486915 0.952718 68.0754 
0.943047 -0.0278861 0.331489 1.26516 0.02439 0.999594 0.0147026 -0.746831 -0.331765 -0.00578026 0.943344 69.0299 
0.932365 -0.0310511 0.360183 1.61792 0.0276743 0.999511 0.0145297 -0.750832 -0.360458 -0.00357927 0.932769 69.954 
0.920591 -0.0305497 0.389332 1.97718 0.0286262 0.999532 0.0107422 -0.760144 -0.389478 0.00125591 0.921035 70.8415 
0.90783 -0.0317671 0.418134 2.3854 0.0324714 0.999458 0.0054319 -0.761529 -0.41808 0.00864608 0.908369 71.7239 
0.893903 -0.0336025 0.447 2.80783 0.0359022 0.99935 0.00332764 -0.768765 -0.446821 0.0130736 0.894528 72.5807 
0.878464 -0.0346338 0.476551 3.26011 0.0357758 0.999337 0.00667917 -0.776382 -0.476466 0.0111815 0.879121 73.4298 
0.861009 -0.033374 0.507493 3.73279 0.0312607 0.999431 0.0126882 -0.785586 -0.507627 0.00493981 0.861563 74.2593 
0.841814 -0.0336282 0.53872 4.2379 0.0293432 0.999433 0.0165345 -0.791044 -0.53897 0.00188872 0.842323 75.0623 
0.82109 -0.0273884 0.570141 4.7625 0.0251537 0.999614 0.0117939 -0.792326 -0.570244 0.00465724 0.821462 75.8424 
0.799501 -0.0204674 0.600316 5.31323 0.0220823 0.999745 0.00467631 -0.792211 -0.600259 0.00951762 0.799749 76.5957 
0.777224 -0.0184336 0.628954 5.88081 0.021072 0.999773 0.0032621 -0.803948 -0.628871 0.0107179 0.777436 77.3185 
0.754417 -0.0208193 0.656065 6.48967 0.0220856 0.999736 0.00632853 -0.806847 -0.656024 0.0097152 0.754678 78.015 
0.730291 -0.0210276 0.682813 7.10407 0.0222726 0.999728 0.00696562 -0.817163 -0.682773 0.0101211 0.73056 78.6774 
0.705441 -0.0193018 0.708506 7.74456 0.0229128 0.999728 0.00442173 -0.825845 -0.708398 0.0131145 0.705691 79.3173 
0.679252 -0.0170367 0.733707 8.39683 0.0227377 0.999739 0.00216374 -0.832585 -0.733552 0.015213 0.679463 79.942 
0.652663 -0.0144197 0.757511 9.07838 0.020903 0.999781 0.0010216 -0.835497 -0.75736 0.0151674 0.652821 80.5328 
0.62519 -0.0131995 0.780361 9.78154 0.0212578 0.999774 -0.000120166 -0.840978 -0.780183 0.0166639 0.625329 81.098 
0.596696 -0.00694671 0.802437 10.4982 0.0199044 0.999783 -0.00614597 -0.857778 -0.802221 0.0196393 0.596704 81.6414 
0.567237 0.00248465 0.823551 11.2368 0.0186366 0.999701 -0.0158525 -0.868854 -0.823344 0.0243403 0.56702 82.1497 
0.536537 0.0109348 0.843806 12.0008 0.0171597 0.999568 -0.0238644 -0.888249 -0.843702 0.0272836 0.536118 82.6475 
0.504958 0.0157953 0.862999 12.7812 0.0146278 0.999532 -0.0268534 -0.915436 -0.86302 0.0261836 0.504491 83.122 
0.47264 0.0157999 0.881114 13.5913 0.0122295 0.999625 -0.0244851 -0.940206 -0.881171 0.0223482 0.47227 83.5746 
0.440095 0.0144354 0.897835 14.4288 0.00802683 0.999767 -0.020009 -0.967533 -0.897915 0.0160126 0.439877 83.9802 
0.405876 0.0158834 0.91379 15.2792 0.00338231 0.999816 -0.0188811 -0.995039 -0.913922 0.0107541 0.405748 84.3741 
0.370969 0.0188718 0.928454 16.1405 -0.00370786 0.999816 -0.018841 -1.02474 -0.928638 0.00354682 0.37097 84.7385 
0.33518 0.0210095 0.94192 17.0213 -0.00900578 0.999777 -0.0190955 -1.04909 -0.942111 -0.00208233 0.335294 85.0747 
0.299142 0.0202798 0.953993 17.918 -0.0118785 0.999776 -0.0175284 -1.07458 -0.954135 -0.00608858 0.299316 85.375 
0.262947 0.0198631 0.964606 18.8357 -0.0127645 0.999772 -0.0171078 -1.0983 -0.964726 -0.00781429 0.26314 85.6403 
0.226982 0.0193636 0.973706 19.7634 -0.0124473 0.999778 -0.0169805 -1.12576 -0.973819 -0.00826571 0.227173 85.873 
0.191573 0.0180334 0.981313 20.7113 -0.0101604 0.999814 -0.01639 -1.14742 -0.981426 -0.0068307 0.191721 86.068 
0.157054 0.0172597 0.987439 21.6658 -0.00192395 0.999851 -0.0171708 -1.16797 -0.987588 0.000796945 0.157064 86.2217 
0.123379 0.0204546 0.992149 22.6367 0.000226711 0.999787 -0.0206403 -1.20017 -0.99236 0.0027715 0.123348 86.3458 
0.0904839 0.025563 0.99557 23.5966 0.000918898 0.999668 -0.0257518 -1.22925 -0.995897 0.00324495 0.0904304 86.4453 
0.0611617 0.0287736 0.997713 24.561 0.00796133 0.999538 -0.0293143 -1.26818 -0.998096 0.00973604 0.0609044 86.5094 
0.0355323 0.027182 0.998999 25.54 0.00924718 0.999578 -0.0275268 -1.29798 -0.999326 0.010216 0.0352659 86.555 
0.0127776 0.0242356 0.999625 26.5221 0.0106993 0.999646 -0.024373 -1.33252 -0.999861 0.0110067 0.0125138 86.5837 
-0.0059648 0.0216535 0.999748 27.5029 0.0107134 0.999709 -0.0215889 -1.36651 -0.999925 0.010582 -0.00619505 86.5864 
-0.0226247 0.0250237 0.999431 28.4866 0.0122461 0.999619 -0.0247513 -1.39565 -0.999669 0.0116791 -0.0229225 86.5734 
-0.0375345 0.0296474 0.998855 29.4718 0.0146232 0.999469 -0.0291162 -1.42497 -0.999188 0.0135136 -0.0379481 86.5459 
-0.0495319 0.0347338 0.998168 30.4676 0.0191555 0.999244 -0.0338208 -1.46103 -0.998589 0.0174452 -0.0501598 86.5016 
-0.0583649 0.0381452 0.997566 31.491 0.0248418 0.999016 -0.0367473 -1.50258 -0.997986 0.0226366 -0.059255 86.4443 
-0.0642474 0.043395 0.99699 32.481 0.0284551 0.998727 -0.041637 -1.55083 -0.997528 0.0256944 -0.0654005 86.3826 
-0.0677798 0.0480562 0.996542 33.4835 0.0301848 0.998481 -0.0460967 -1.60081 -0.997244 0.026956 -0.0691274 86.3208 
-0.0705786 0.0519744 0.996151 34.479 0.0325076 0.998231 -0.0497798 -1.65646 -0.996976 0.0288691 -0.0721433 86.2569 
-0.0732963 0.0548377 0.995801 35.498 0.0326132 0.998085 -0.052563 -1.71586 -0.996777 0.0286236 -0.0749444 86.1932 
-0.0753229 0.0580937 0.995465 36.4953 0.0342909 0.997862 -0.055639 -1.78453 -0.996569 0.0299445 -0.0771539 86.1184 
-0.0770795 0.0617192 0.995113 37.5104 0.035632 0.997615 -0.0591145 -1.84835 -0.996388 0.0309013 -0.0790949 86.0447 
-0.0794255 0.0629926 0.994848 38.5262 0.0381575 0.997462 -0.0601118 -1.91818 -0.99611 0.0331866 -0.0816276 85.9695 
-0.0812237 0.0612847 0.99481 39.5457 0.0383222 0.997562 -0.0583253 -1.99369 -0.995959 0.0333859 -0.0833743 85.8917 
-0.0833977 0.0613184 0.994628 40.582 0.0380171 0.997574 -0.0583124 -2.05724 -0.995791 0.0329497 -0.0855265 85.81 
-0.0856104 0.0626363 0.994358 41.5999 0.0376976 0.997511 -0.0595894 -2.12142 -0.995615 0.0323834 -0.0877586 85.7391 
-0.0878767 0.0644775 0.994042 42.6031 0.0377689 0.997401 -0.0613566 -2.20179 -0.995415 0.0321521 -0.0900836 85.6684 
-0.090753 0.0666209 0.993642 43.6339 0.0359551 0.997328 -0.0635842 -2.2749 -0.995224 0.029956 -0.0929059 85.6016 
-0.0932555 0.0699869 0.993179 44.6712 0.0339548 0.99717 -0.06708 -2.3551 -0.995063 0.0274676 -0.095368 85.5184 
-0.0952431 0.0739811 0.992701 45.7072 0.030948 0.996972 -0.0713303 -2.43735 -0.994973 0.0239284 -0.0972443 85.431 
-0.0976496 0.0763428 0.992288 46.7569 0.0285162 0.996859 -0.0738883 -2.51666 -0.994812 0.0210812 -0.0995199 85.3354 
-0.100535 0.0748437 0.992114 47.8054 0.0267246 0.99701 -0.072505 -2.59868 -0.994574 0.0192246 -0.102235 85.2475 
-0.103446 0.0707263 0.992117 48.8608 0.023882 0.997358 -0.0686099 -2.68014 -0.994348 0.0165963 -0.104862 85.1569 
-0.105658 0.069099 0.991999 49.9114 0.0244282 0.997462 -0.0668778 -2.76183 -0.994102 0.0171666 -0.107078 85.0579 
-0.108721 0.0699132 0.991611 50.9476 0.0229568 0.997434 -0.0678068 -2.83616 -0.993807 0.0153922 -0.110047 84.9881 
-0.110412 0.0725986 0.991231 51.9935 0.0241147 0.997231 -0.070352 -2.91614 -0.993593 0.0161355 -0.111857 84.8926 
-0.111025 0.0752349 0.990966 53.0566 0.024906 0.997028 -0.0729049 -2.9988 -0.993505 0.0165867 -0.112569 84.7826 
-0.111224 0.0759424 0.990889 54.1314 0.024201 0.996987 -0.0736934 -3.08119 -0.993501 0.0157841 -0.112727 84.6765 
-0.110935 0.0748083 0.991008 55.1996 0.0210433 0.997116 -0.0729138 -3.16533 -0.993605 0.0127654 -0.11219 84.5741 
-0.111002 0.0741906 0.991047 56.2705 0.0171052 0.997204 -0.0727358 -3.25313 -0.993673 0.00887827 -0.111961 84.4695 
-0.11124 0.0753159 0.990935 57.3407 0.0133461 0.997147 -0.0742899 -3.33664 -0.993704 0.00496109 -0.111928 84.373 
-0.111352 0.0757775 0.990888 58.4181 0.00894374 0.997125 -0.0752495 -3.42043 -0.993741 0.000483047 -0.11171 84.2714 
-0.112157 0.0754234 0.990824 59.4878 0.00574697 0.997148 -0.0752544 -3.5057 -0.993674 -0.00274604 -0.11227 84.1829 
-0.112798 0.0702369 0.991132 60.5733 0.00611258 0.997529 -0.0699946 -3.5907 -0.993599 -0.0018369 -0.112949 84.0791 
-0.113028 0.0614383 0.99169 61.6739 0.00923004 0.998108 -0.060784 -3.67412 -0.993549 0.00228302 -0.113382 83.9648 
-0.112706 0.0559571 0.992051 62.7721 0.0145399 0.998399 -0.0546633 -3.74824 -0.993522 0.00826343 -0.11334 83.8399 
-0.112329 0.0582647 0.991961 63.8657 0.0228235 0.998167 -0.0560448 -3.81785 -0.993409 0.0163445 -0.113453 83.7226 
-0.110851 0.0636301 0.991798 64.9589 0.0285694 0.99774 -0.0608182 -3.88884 -0.993426 0.0215933 -0.112418 83.5992 
-0.109778 0.0694358 0.991528 66.0679 0.0323161 0.997279 -0.0662607 -3.96517 -0.993431 0.0247683 -0.111723 83.4798 
-0.10961 0.0735061 0.991253 67.1843 0.0331742 0.996977 -0.0702623 -4.05075 -0.993421 0.0251826 -0.111718 83.3852 
-0.10949 0.0708989 0.991456 68.3052 0.0300956 0.997232 -0.0679885 -4.13068 -0.993532 0.0223945 -0.11132 83.2819 
-0.109214 0.0663141 0.991804 69.4325 0.0291561 0.997557 -0.0634883 -4.21397 -0.993591 0.0219833 -0.11088 83.1694 
-0.108859 0.0640571 0.991991 70.5703 0.0270232 0.997743 -0.0614632 -4.29642 -0.99369 0.0201159 -0.110344 83.0549 
-0.108856 0.0645409 0.99196 71.7099 0.0253367 0.997746 -0.062137 -4.37852 -0.993735 0.018369 -0.110246 82.9491 
-0.108363 0.0694954 0.991679 72.8441 0.0264242 0.997402 -0.0670092 -4.45876 -0.99376 0.0189431 -0.109918 82.8369 
-0.107371 0.0725085 0.991571 73.9899 0.0268719 0.997184 -0.0700092 -4.53604 -0.993856 0.0191284 -0.109018 82.7215 
-0.107004 0.0716016 0.991677 75.1344 0.0274464 0.997236 -0.0690415 -4.61478 -0.99388 0.0198303 -0.108674 82.6139 
-0.105959 0.0644898 0.992277 76.2916 0.0290831 0.997669 -0.0617347 -4.70118 -0.993945 0.0223171 -0.107588 82.4972 
-0.106006 0.0629168 0.992373 77.4558 0.0289499 0.997768 -0.0601665 -4.77783 -0.993944 0.0223511 -0.107591 82.3781 
-0.105541 0.0664215 0.992194 78.6125 0.0259622 0.997611 -0.0640226 -4.84599 -0.994076 0.0190025 -0.107013 82.2741 
-0.105198 0.0696057 0.992012 79.7803 0.0254278 0.997409 -0.067288 -4.92557 -0.994126 0.0181461 -0.106695 82.1682 
-0.105462 0.0693543 0.992002 80.955 0.0244301 0.997445 -0.0671376 -5.00039 -0.994123 0.0171543 -0.106887 82.068 
-0.10526 0.0660353 0.99225 82.14 0.024002 0.997671 -0.0638499 -5.08238 -0.994155 0.0170952 -0.1066 81.9547 
-0.104193 0.0647314 0.992448 83.3346 0.0251538 0.997732 -0.0624354 -5.16616 -0.994239 0.0184585 -0.105585 81.8401 
-0.10308 0.0650047 0.992547 84.5323 0.0268042 0.997681 -0.0625574 -5.24807 -0.994312 0.020156 -0.104584 81.7343 
-0.102252 0.0647485 0.992649 85.7259 0.0299766 0.997627 -0.0619854 -5.33277 -0.994307 0.0234181 -0.10395 81.6297 
-0.101228 0.0647391 0.992755 86.9232 0.0298568 0.997629 -0.0620126 -5.40512 -0.994415 0.0233631 -0.102921 81.5248 
-0.100247 0.0650609 0.992833 88.1251 0.0314267 0.997569 -0.0621982 -5.48941 -0.994466 0.0249663 -0.102048 81.4276 
-0.0987328 0.0630233 0.993116 89.3217 0.031495 0.99769 -0.0601825 -5.574 -0.994615 0.0253362 -0.10049 81.3111 
-0.0979316 0.0626476 0.993219 90.5448 0.0301228 0.997746 -0.0599631 -5.65104 -0.994737 0.0240463 -0.0995979 81.2135 
-0.0966098 0.0616631 0.99341 91.7643 0.0312847 0.997774 -0.0588916 -5.7349 -0.99483 0.025389 -0.0983239 81.106 
-0.0947275 0.0623655 0.993548 92.9815 0.0292261 0.99778 -0.0598447 -5.81795 -0.995074 0.0233685 -0.0963399 80.999 
-0.0932961 0.0650398 0.993512 94.2084 0.0297495 0.997601 -0.0625139 -5.89621 -0.995194 0.0237241 -0.0950071 80.8985 
-0.0922194 0.0641521 0.99367 95.4366 0.0270755 0.997715 -0.0619005 -5.97404 -0.99537 0.0211957 -0.0937456 80.8009 
-0.0914497 0.0627507 0.993831 96.6702 0.0239342 0.997863 -0.060803 -6.06142 -0.995522 0.0182262 -0.0927561 80.6999 
-0.0911357 0.0642412 0.993764 97.9168 0.0204911 0.997827 -0.0626247 -6.13385 -0.995628 0.0146559 -0.092254 80.6012 
-0.0913782 0.0636637 0.993779 99.1567 0.0180859 0.997896 -0.0622645 -6.2171 -0.995652 0.0122838 -0.0923374 80.5057 
-0.0923589 0.0614814 0.993826 100.414 0.0154941 0.99806 -0.0603035 -6.29796 -0.995605 0.00982889 -0.0931323 80.4112 
-0.0938688 0.060071 0.993771 101.669 0.0133225 0.998164 -0.0590783 -6.3823 -0.995495 0.00769394 -0.0944967 80.315 
-0.0951506 0.0590996 0.993707 102.911 0.0112319 0.998236 -0.0582936 -6.46983 -0.995399 0.00561458 -0.0956466 80.2093 
-0.0965069 0.059268 0.993566 104.156 0.0119996 0.998222 -0.0583803 -6.55485 -0.99526 0.00628829 -0.0970465 80.1025 
-0.0985434 0.0583149 0.993423 105.427 0.0114286 0.998282 -0.0574666 -6.63025 -0.995067 0.0056905 -0.0990406 79.985 
-0.101598 0.0538399 0.993368 106.695 0.00911756 0.998543 -0.053188 -6.70594 -0.994784 0.00365333 -0.10194 79.876 
-0.105917 0.0537405 0.992922 107.939 0.00868822 0.99855 -0.0531184 -6.78326 -0.994337 0.00300062 -0.10623 79.758 
-0.112129 0.0596224 0.991903 109.175 0.00328187 0.998215 -0.0596309 -6.86249 -0.993688 -0.00343107 -0.112125 79.6534 
-0.118975 0.0628396 0.990907 110.412 0.00443724 0.998019 -0.062758 -6.94329 -0.992887 -0.00306974 -0.119018 79.5245 
-0.127821 0.0590271 0.990039 111.655 0.00576271 0.998255 -0.058773 -7.0268 -0.99178 -0.00180708 -0.127938 79.3783 
-0.138829 0.0566352 0.988696 112.908 0.00798079 0.998395 -0.0560702 -7.11556 -0.990284 0.000106416 -0.139058 79.2217 
-0.151785 0.0577995 0.986722 114.145 0.00851878 0.998328 -0.057169 -7.1908 -0.988377 -0.000271737 -0.152024 79.048 
-0.166017 0.0585414 0.984384 115.369 0.0104874 0.998285 -0.0575995 -7.26221 -0.986067 0.000761141 -0.166346 78.862 
-0.180416 0.0559807 0.981996 116.585 0.0106828 0.998432 -0.0549551 -7.3452 -0.983532 0.000575734 -0.180731 78.6577 
-0.195725 0.0582969 0.978924 117.786 0.0148242 0.998293 -0.0564865 -7.4281 -0.980547 0.00345599 -0.196255 78.4227 
-0.211024 0.0615936 0.975538 118.976 0.0150432 0.998099 -0.0597641 -7.50876 -0.977365 0.00206363 -0.211549 78.1874 
-0.226408 0.0653242 0.97184 120.147 0.0147779 0.997864 -0.0636308 -7.5953 -0.97392 -4.47061e-05 -0.22689 77.9366 
-0.242566 0.0632206 0.968073 121.321 0.0107125 0.997988 -0.0624901 -7.6754 -0.970076 -0.00478755 -0.242756 77.6681 
-0.258141 0.0574858 0.964395 122.485 0.00538294 0.998298 -0.0580659 -7.76473 -0.966092 -0.00979791 -0.258011 77.3757 
-0.273551 0.0536213 0.960362 123.654 0.000910158 0.998459 -0.0554893 -7.84341 -0.961857 -0.0143051 -0.273178 77.0678 
-0.288521 0.0550238 0.955891 124.802 -0.000826016 0.998333 -0.0577163 -7.92263 -0.957473 -0.017442 -0.287995 76.7462 
-0.302963 0.057481 0.951267 125.956 -0.00113341 0.998157 -0.0606754 -7.99431 -0.953002 -0.0194605 -0.302339 76.401 
-0.317093 0.0600824 0.946489 127.116 0.00107867 0.998013 -0.0629918 -8.07583 -0.948394 -0.0189533 -0.316528 76.0402 
-0.33112 0.0599058 0.941685 128.245 0.00314014 0.998047 -0.0623873 -8.16102 -0.943583 -0.0177006 -0.330661 75.6557 
-0.344901 0.0579523 0.936848 129.39 0.0030161 0.998155 -0.0606343 -8.24301 -0.938634 -0.0180872 -0.34444 75.2463 
-0.359272 0.0570279 0.931489 130.534 0.00312258 0.998199 -0.0599078 -8.32339 -0.933228 -0.0186145 -0.358803 74.8232 
-0.373868 0.0583185 0.925647 131.646 0.00168866 0.998062 -0.062199 -8.40896 -0.92748 -0.0216911 -0.373242 74.3944 
-0.388804 0.060781 0.919313 132.757 0.00289604 0.997897 -0.0647519 -8.48766 -0.921316 -0.0225134 -0.388163 73.9457 
-0.403631 0.0624882 0.912785 133.862 0.00390714 0.997773 -0.0665788 -8.57383 -0.914913 -0.0233069 -0.402977 73.4758 
-0.418123 0.0656654 0.906014 134.965 0.0072482 0.997593 -0.0689579 -8.65693 -0.908361 -0.0222659 -0.417593 72.9807 
-0.432967 0.069251 0.898746 136.06 0.00706303 0.997275 -0.0734405 -8.7479 -0.901382 -0.0254494 -0.432276 72.4762 
-0.448164 0.0717826 0.891065 137.156 0.00815356 0.997058 -0.0762204 -8.83737 -0.893914 -0.0268939 -0.44743 71.9419 
-0.463857 0.0692938 0.883196 138.243 0.00703672 0.997193 -0.0745422 -8.93296 -0.885882 -0.0283621 -0.463043 71.4012 
-0.479539 0.0648492 0.875121 139.333 0.0039716 0.997416 -0.0717354 -9.02946 -0.877512 -0.0309243 -0.478557 70.8245 
-0.495723 0.0649684 0.866047 140.417 0.00330761 0.997332 -0.0729239 -9.12167 -0.868474 -0.0332855 -0.494615 70.2307 
-0.511824 0.0642388 0.856685 141.483 0.00186714 0.997281 -0.073666 -9.21408 -0.859088 -0.0361045 -0.510552 69.6211 
-0.527734 0.063123 0.847061 142.537 0.0014272 0.997299 -0.0734297 -9.31747 -0.849408 -0.0375424 -0.526399 68.9908 
-0.543543 0.0625618 0.837047 143.581 -0.000282618 0.997205 -0.0747158 -9.41468 -0.839381 -0.0408478 -0.542006 68.3447 
-0.559047 0.0617921 0.82683 144.615 -0.000827369 0.997177 -0.0750823 -9.51323 -0.829135 -0.0426586 -0.557418 67.6782 
-0.574584 0.059072 0.816311 145.653 -0.0016686 0.997305 -0.0733441 -9.61013 -0.818444 -0.0435044 -0.572937 66.9829 
-0.589461 0.0560187 0.805852 146.683 -0.00110294 0.997536 -0.0701504 -9.70574 -0.807796 -0.0422397 -0.587946 66.2246 
-0.604472 0.0541141 0.794786 147.689 -0.000818447 0.997647 -0.0685487 -9.79939 -0.796626 -0.0420862 -0.603006 65.4864 
-0.619163 0.0526264 0.783497 148.686 -0.00149711 0.997671 -0.0681953 -9.89271 -0.785261 -0.043397 -0.617642 64.725 
-0.63408 0.053594 0.771407 149.663 -0.00332404 0.997397 -0.0720271 -9.98622 -0.77326 -0.0482352 -0.632252 63.9513 
-0.649691 0.0532169 0.758334 150.649 -0.00562807 0.997183 -0.0748002 -10.0813 -0.760178 -0.0528649 -0.647561 63.1466 
-0.665947 0.0498139 0.744334 151.637 -0.00797422 0.997236 -0.0738737 -10.1777 -0.745956 -0.0551314 -0.663709 62.3138 
-0.682751 0.0420912 0.729438 152.606 -0.0117449 0.997578 -0.0685572 -10.2843 -0.730557 -0.0553746 -0.680603 61.4655 
-0.700173 0.0395974 0.712874 153.544 -0.0129258 0.997594 -0.068108 -10.3796 -0.713856 -0.0569019 -0.697977 60.5983 
-0.717681 0.0372176 0.695376 154.452 -0.0147255 0.997536 -0.0685875 -10.4674 -0.696216 -0.0594637 -0.715365 59.7037 
-0.735441 0.0327214 0.676798 155.347 -0.0189062 0.997453 -0.0687688 -10.5637 -0.677325 -0.0633711 -0.73295 58.7794 
-0.752601 0.0305314 0.657768 156.21 -0.018844 0.997517 -0.0678622 -10.6602 -0.658207 -0.0634682 -0.750157 57.8558 
-0.768694 0.0321699 0.638807 157.039 -0.0174519 0.997308 -0.0712241 -10.7607 -0.639379 -0.0658979 -0.766063 56.8839 
-0.784237 0.0312461 0.619674 157.877 -0.0146193 0.997523 -0.0688002 -10.8613 -0.620289 -0.0630148 -0.781838 55.8782 
-0.799399 0.0325284 0.599919 158.684 -0.0106942 0.997605 -0.0683415 -10.9625 -0.600705 -0.0610478 -0.797136 54.8723 
-0.814006 0.0336145 0.579883 159.443 -0.00920845 0.997452 -0.0707463 -11.0634 -0.580784 -0.0629277 -0.811622 53.8311 
-0.827944 0.0351963 0.559705 160.191 -0.00834917 0.997144 -0.0750547 -11.1666 -0.560748 -0.0668142 -0.825286 52.7808 
-0.841347 0.0356711 0.539317 160.904 -0.00581007 0.997165 -0.0750176 -11.2739 -0.540464 -0.0662493 -0.838755 51.7248 
-0.853336 0.0340396 0.520249 161.601 -0.00417224 0.997388 -0.0721022 -11.3818 -0.521345 -0.063698 -0.850966 50.6425 
-0.864057 0.0352606 0.502158 162.259 -0.00231726 0.997255 -0.0740126 -11.4833 -0.503389 -0.0651147 -0.861603 49.5399 
-0.87374 0.0382762 0.484884 162.895 0.000777456 0.997007 -0.0773017 -11.5927 -0.486392 -0.0671646 -0.871155 48.4454 
-0.883328 0.0358781 0.46738 163.562 -0.00118997 0.996892 -0.0787749 -11.7069 -0.468753 -0.0701402 -0.88054 47.3111 
-0.891978 0.033066 0.450868 164.19 -0.00266292 0.99692 -0.0783809 -11.8129 -0.452071 -0.0711147 -0.889142 46.1816 
-0.899526 0.0312456 0.435748 164.795 -0.00314077 0.996951 -0.0779706 -11.9398 -0.436855 -0.0715051 -0.896685 45.0354 
-0.906804 0.0289229 0.420559 165.404 -0.00424613 0.996966 -0.0777192 -12.0485 -0.421531 -0.0722618 -0.90393 43.852 
-0.913309 0.0262073 0.406423 165.966 -0.00545436 0.997051 -0.0765498 -12.1686 -0.407231 -0.0721303 -0.910473 42.6724 
-0.919212 0.0208533 0.393209 166.505 -0.00861787 0.997292 -0.0730361 -12.2731 -0.393668 -0.0705243 -0.916544 41.4932 
-0.924493 0.0175394 0.380795 167.026 -0.00965646 0.997543 -0.0693907 -12.3792 -0.381076 -0.0678284 -0.922052 40.3143 
-0.928898 0.0176651 0.369913 167.52 -0.00743717 0.99777 -0.0663241 -12.4732 -0.37026 -0.0643594 -0.926696 39.1281 
-0.932366 0.0217785 0.36086 168.011 -0.00294988 0.997692 -0.0678341 -12.5739 -0.361504 -0.0643107 -0.93015 37.9374 
-0.934495 0.0275236 0.35491 168.468 0.00318249 0.997612 -0.068986 -12.6786 -0.355962 -0.0633376 -0.932352 36.7207 
-0.936578 0.0301541 0.349159 168.937 0.00532064 0.9974 -0.0718657 -12.7717 -0.350418 -0.0654501 -0.934304 35.5376 
-0.938244 0.0273444 0.344891 169.391 0.00307437 0.997491 -0.0707217 -12.8687 -0.34596 -0.0652939 -0.935974 34.337 
-0.940328 0.0194456 0.339713 169.864 -0.00370778 0.997721 -0.0673741 -12.9663 -0.340249 -0.0646133 -0.938113 33.1342 
-0.94214 0.0134897 0.334948 170.322 -0.00906197 0.9978 -0.065675 -13.0615 -0.335097 -0.0649103 -0.939945 31.9212 
-0.943924 0.00643139 0.330099 170.778 -0.0167711 0.997585 -0.0673936 -13.1543 -0.329735 -0.0691505 -0.941537 30.7161 
-0.945419 0.00427094 0.325828 171.239 -0.0197294 0.997329 -0.0703196 -13.2471 -0.325258 -0.0729099 -0.94281 29.5096 
-0.946196 0.00480933 0.323557 171.67 -0.0196313 0.997195 -0.0722312 -13.3513 -0.322996 -0.0746967 -0.943448 28.3115 
-0.946288 0.00509642 0.323286 172.094 -0.0199941 0.99704 -0.0742425 -13.454 -0.322707 -0.0767186 -0.943384 27.1004 
-0.946373 0.00729573 0.322994 172.531 -0.0184491 0.996893 -0.0765737 -13.553 -0.322549 -0.0784262 -0.943298 25.895 
-0.946018 0.00803511 0.324015 172.968 -0.0183452 0.996763 -0.0782802 -13.6568 -0.323595 -0.0799986 -0.942808 24.6814 
-0.945806 0.00789022 0.324635 173.41 -0.0193726 0.996553 -0.0806621 -13.7612 -0.324153 -0.0825797 -0.942393 23.4856 
-0.945312 0.00890089 0.326045 173.849 -0.0182262 0.996624 -0.0800513 -13.8714 -0.325656 -0.0816161 -0.941959 22.2763 
-0.944618 0.00765645 0.328082 174.288 -0.0199927 0.996528 -0.0808194 -13.9814 -0.327562 -0.0829027 -0.941186 21.0893 
-0.943351 0.00589751 0.331743 174.728 -0.0222984 0.996455 -0.0811226 -14.0899 -0.331045 -0.0839245 -0.939875 19.9071 
-0.941832 0.00425967 0.336057 175.175 -0.0236789 0.996594 -0.0789947 -14.1967 -0.335249 -0.0823572 -0.938523 18.7302 
-0.940169 0.000524772 0.340709 175.627 -0.0272743 0.996674 -0.0767973 -14.3056 -0.339616 -0.081495 -0.937027 17.5771 
-0.937717 -0.00178059 0.347396 176.081 -0.0293316 0.996822 -0.0740648 -14.4122 -0.34616 -0.0796415 -0.934789 16.4207 
-0.93527 0.000397387 0.353935 176.546 -0.0275832 0.996876 -0.0740076 -14.5136 -0.352859 -0.0789798 -0.932337 15.2471 
-0.932752 0.000316206 0.360518 177.016 -0.0285846 0.996786 -0.0748301 -14.608 -0.359383 -0.0801032 -0.929746 14.1402 
-0.929082 0.00317827 0.36986 177.489 -0.0270518 0.996701 -0.0765185 -14.7169 -0.368883 -0.0810974 -0.925931 12.9964 
-0.92533 0.00365914 0.379146 177.996 -0.0270373 0.996771 -0.0756061 -14.8222 -0.378199 -0.0802117 -0.922243 11.8522 
-0.920492 0.00555453 0.390722 178.499 -0.0265396 0.996701 -0.076693 -14.9349 -0.38986 -0.0809649 -0.917308 10.7078 
-0.914904 0.00819547 0.403589 179.036 -0.0250147 0.996721 -0.0769463 -15.0417 -0.402896 -0.0804941 -0.911699 9.54052 
-0.909286 0.00914012 0.416071 179.589 -0.0254793 0.996661 -0.0775771 -15.1436 -0.415391 -0.0811409 -0.906017 8.41584 
-0.903651 0.00822378 0.42819 180.157 -0.0265721 0.996813 -0.0752224 -15.2433 -0.427444 -0.0793527 -0.900553 7.28714 
-0.897615 0.0101273 0.440664 180.735 -0.0259744 0.996783 -0.075817 -15.3527 -0.440014 -0.0795005 -0.894465 6.16085 
-0.891143 0.0120569 0.453563 181.315 -0.0243809 0.99693 -0.0744037 -15.4638 -0.453067 -0.0773626 -0.888113 5.05675 
-0.884089 0.0134693 0.467123 181.928 -0.0234209 0.997051 -0.0730766 -15.5569 -0.46673 -0.0755467 -0.881167 3.94056 
-0.876849 0.0149486 0.480533 182.558 -0.0212954 0.997328 -0.0698838 -15.6621 -0.480294 -0.0715106 -0.874188 2.85299 
-0.869426 0.0175922 0.49375 183.161 -0.0183874 0.997521 -0.067919 -15.7624 -0.493722 -0.0681293 -0.866947 1.81816 
-0.861678 0.0201516 0.507055 183.801 -0.0156829 0.997676 -0.0663015 -15.867 -0.507212 -0.0650826 -0.85936 0.803913 
-0.852659 0.022384 0.521988 184.455 -0.0142969 0.997708 -0.0661378 -15.946 -0.522272 -0.0638558 -0.850385 -0.20212 
-0.842523 0.0250702 0.538077 185.115 -0.0114908 0.997852 -0.0644847 -16.041 -0.538538 -0.0605128 -0.840425 -1.21287 
-0.830974 0.0269683 0.555657 185.799 -0.0105244 0.997883 -0.0641704 -16.1257 -0.556211 -0.0591719 -0.828932 -2.24806 
-0.819288 0.0285844 0.57267 186.512 -0.009562 0.997937 -0.0634911 -16.2156 -0.573303 -0.0574933 -0.817324 -3.2677 
-0.806661 0.0314786 0.590175 187.239 -0.00769587 0.997936 -0.0637465 -16.2939 -0.590964 -0.0559637 -0.804754 -4.25807 
-0.792989 0.0319579 0.608398 187.973 -0.00594719 0.99817 -0.0601835 -16.3952 -0.609207 -0.0513431 -0.791347 -5.22746 
-0.77835 0.0338129 0.62692 188.76 -0.00371862 0.998283 -0.0584592 -16.4753 -0.62782 -0.0478329 -0.776887 -6.18166 
-0.762531 0.0364032 0.645926 189.567 -0.00281182 0.99822 -0.0595773 -16.5522 -0.646945 -0.0472457 -0.761071 -7.09431 
-0.745687 0.0395502 0.665121 190.384 -0.000952223 0.998172 -0.0604221 -16.6375 -0.666296 -0.0456893 -0.744286 -7.99501 
-0.72915 0.0401319 0.683176 191.191 -0.00217863 0.998138 -0.060959 -16.7124 -0.684351 -0.0459366 -0.727705 -8.81909 
-0.711485 0.0399005 0.701567 192.034 -0.00261911 0.998229 -0.0594289 -16.8043 -0.702696 -0.0441203 -0.710121 -9.62026 
-0.691438 0.0392671 0.721368 192.885 -0.00364248 0.998319 -0.0578342 -16.8964 -0.722427 -0.0426163 -0.690133 -10.4435 
-0.671234 0.0394155 0.740197 193.753 -0.00533069 0.998303 -0.0579937 -16.9805 -0.741226 -0.0428731 -0.669885 -11.2217 
-0.651171 0.0389233 0.757932 194.657 -0.00876962 0.998231 -0.0587982 -17.0559 -0.75888 -0.0449344 -0.649678 -11.9784 
-0.630766 0.0390619 0.774989 195.573 -0.0103611 0.998219 -0.0587464 -17.128 -0.775904 -0.045085 -0.629238 -12.6987 
-0.608646 0.0391743 0.792474 196.501 -0.0102741 0.998307 -0.0572402 -17.206 -0.793376 -0.0429809 -0.607213 -13.3977 
-0.584952 0.0398369 0.810089 197.46 -0.0107732 0.998323 -0.0568727 -17.2804 -0.810996 -0.041995 -0.583542 -14.078 
-0.560328 0.0428975 0.827159 198.433 -0.00948604 0.99826 -0.0581971 -17.3508 -0.828216 -0.0404559 -0.558946 -14.7213 
-0.534344 0.0434061 0.844152 199.415 -0.00870231 0.998345 -0.0568433 -17.4354 -0.845222 -0.0377199 -0.533082 -15.3316 
-0.507842 0.0425038 0.860401 200.409 -0.00959866 0.998441 -0.0549885 -17.5118 -0.861397 -0.0361841 -0.506642 -15.9031 
-0.480842 0.0410822 0.875844 201.433 -0.0116898 0.998512 -0.0532539 -17.5738 -0.876729 -0.0358452 -0.479646 -16.4388 
-0.450635 0.0426688 0.891688 202.5 -0.00946568 0.998572 -0.0525672 -17.6446 -0.892658 -0.032129 -0.449588 -16.9914 
-0.420416 0.0451455 0.906207 203.542 -0.0109479 0.998436 -0.0548193 -17.7125 -0.907265 -0.032968 -0.419264 -17.4523 
-0.389034 0.0471733 0.920015 204.615 -0.00926932 0.998437 -0.055114 -17.7791 -0.921177 -0.0299691 -0.387989 -17.9038 
-0.357924 0.04782 0.932525 205.637 -0.00564271 0.998559 -0.0533721 -17.8464 -0.933734 -0.0243651 -0.357138 -18.3012 
-0.326896 0.0481481 0.943833 206.707 -0.00612922 0.998572 -0.0530634 -17.9145 -0.94504 -0.0231312 -0.326134 -18.6445 
-0.293798 0.0473524 0.954694 207.828 -0.00533063 0.998675 -0.0511744 -17.981 -0.955853 -0.020124 -0.293156 -18.9785 
-0.260361 0.0460591 0.964412 208.929 -0.00464039 0.99879 -0.0489538 -18.0389 -0.9655 -0.0172209 -0.259832 -19.2623 
-0.22596 0.0452121 0.973087 210.077 -0.00339333 0.99888 -0.0471985 -18.1014 -0.974131 -0.013967 -0.225554 -19.5174 
-0.192369 0.0441168 0.98033 211.18 -0.00212054 0.998968 -0.0453717 -18.1741 -0.98132 -0.0108069 -0.192077 -19.7139 
-0.158723 0.0424088 0.986412 212.152 -0.00176825 0.999063 -0.0432374 -18.2691 -0.987322 -0.00860697 -0.158499 -19.8534 
-0.123571 0.0432792 0.991391 213.287 -0.0023414 0.999033 -0.0439047 -18.3236 -0.992333 -0.00774656 -0.12335 -19.9803 
-0.0877147 0.0442504 0.995162 214.447 -0.00368779 0.998992 -0.0447458 -18.3806 -0.996139 -0.00759481 -0.087463 -20.0887 
-0.0543518 0.0440955 0.997548 215.597 -0.0048446 0.999001 -0.0444237 -18.4386 -0.99851 -0.00724722 -0.0540838 -20.1267 
-0.0210919 0.043306 0.998839 216.761 -0.00577687 0.999039 -0.0434368 -18.4958 -0.999761 -0.00668633 -0.0208215 -20.1361 
0.0115108 0.0441814 0.998957 217.877 -0.00700849 0.999002 -0.0441028 -18.5507 -0.999909 -0.00649352 0.011809 -20.107 
0.0431447 0.0440215 0.998098 219.01 -0.00704428 0.999017 -0.0437577 -18.6107 -0.999044 -0.00514298 0.0434124 -20.0396 
0.0746616 0.0424615 0.996304 220.153 -0.0067331 0.999092 -0.0420758 -18.6708 -0.997186 -0.00356677 0.0748797 -19.9355 
0.106008 0.0405299 0.993539 221.313 -0.00385581 0.999178 -0.0403486 -18.7317 -0.994358 0.000446379 0.106077 -19.8052 
0.134672 0.0416712 0.990014 222.377 -0.00338962 0.999129 -0.0415939 -18.7719 -0.990884 0.00224575 0.134696 -19.6236 
0.163422 0.0414923 0.985683 223.449 -0.000616372 0.999119 -0.0419558 -18.8154 -0.986556 0.00624896 0.163304 -19.4004 
0.193279 0.0410127 0.980286 224.587 0.00207748 0.999107 -0.0422098 -18.8674 -0.981142 0.0101948 0.193021 -19.1677 
0.223504 0.0389594 0.973924 225.722 0.00520219 0.999139 -0.041162 -18.9308 -0.974689 0.0142664 0.223109 -18.9026 
0.253393 0.0377708 0.966626 226.856 0.00763759 0.999128 -0.0410431 -18.9854 -0.967333 0.0177827 0.252884 -18.5964 
0.282735 0.0375753 0.958462 227.978 0.0103509 0.999055 -0.0422202 -19.0416 -0.959142 0.021858 0.282078 -18.2573 
0.312215 0.0372862 0.949279 229.113 0.0112454 0.999014 -0.0429384 -19.0975 -0.949945 0.024081 0.311488 -17.8875 
0.340855 0.0348689 0.939469 230.209 0.0130119 0.999041 -0.0418009 -19.1583 -0.940026 0.0264723 0.340074 -17.4942 
0.369334 0.0341517 0.928669 231.291 0.0127476 0.999044 -0.0418096 -19.2153 -0.929209 0.02728 0.368546 -17.0584 
0.398037 0.035389 0.916686 232.37 0.0145917 0.998885 -0.0448983 -19.2774 -0.917253 0.0312472 0.397077 -16.5943 
0.426726 0.0366648 0.903637 233.448 0.0163291 0.998703 -0.0482333 -19.3392 -0.904233 0.035338 0.425574 -16.0881 
0.454645 0.035 0.889985 234.498 0.0180133 0.998662 -0.0484761 -19.4011 -0.890491 0.0380709 0.453406 -15.5554 
0.482042 0.0322966 0.875553 235.547 0.0195771 0.998674 -0.0476166 -19.4646 -0.875929 0.040094 0.48077 -14.9787 
0.508233 0.0293898 0.860718 236.591 0.0202446 0.998734 -0.0460565 -19.5328 -0.860982 0.0408323 0.506994 -14.373 
0.53172 0.0296349 0.846401 237.59 0.0188867 0.998724 -0.0468331 -19.6017 -0.846709 0.0408879 0.530482 -13.7325 
0.552976 0.0298246 0.832663 238.581 0.0177963 0.998708 -0.0475909 -19.6646 -0.833007 0.0411349 0.551731 -13.0551 
0.572854 0.0282471 0.819171 239.569 0.0172681 0.998768 -0.0465159 -19.7389 -0.819476 0.0407923 0.57166 -12.3457 
0.591864 0.0257712 0.805626 240.554 0.0171654 0.998859 -0.0445634 -19.8033 -0.805855 0.0402043 0.590746 -11.6222 
0.609839 0.022213 0.792214 241.533 0.0191051 0.998905 -0.0427155 -19.8675 -0.792295 0.0411849 0.608747 -10.8664 
0.626698 0.0195193 0.779018 242.488 0.0203911 0.998933 -0.0414337 -19.9297 -0.778996 0.0418514 0.625631 -10.0928 
0.642744 0.0178105 0.765874 243.432 0.0221749 0.998878 -0.0418389 -19.9858 -0.76576 0.0438748 0.641628 -9.29748 
0.657959 0.0171985 0.752858 244.32 0.0220394 0.998871 -0.0420799 -20.0501 -0.752731 0.0442794 0.656837 -8.48515 
0.672926 0.0157406 0.739543 245.203 0.0230377 0.998843 -0.0422221 -20.1094 -0.739351 0.0454497 0.671784 -7.64679 
0.687459 0.0140297 0.726087 246.077 0.0222424 0.998937 -0.0403611 -20.1632 -0.725882 0.0438965 0.686417 -6.77879 
0.702416 0.0111436 0.711679 246.954 0.0233257 0.99898 -0.0386644 -20.2199 -0.711384 0.0437589 0.70144 -5.91051 
0.716804 0.00914128 0.697215 247.816 0.0242528 0.998982 -0.0380321 -20.2748 -0.696853 0.0441709 0.715853 -5.0135 
0.730362 0.00897773 0.683001 248.64 0.0252852 0.998873 -0.0401685 -20.3326 -0.682592 0.0466073 0.729312 -4.09111 
0.742973 0.00839253 0.669269 249.454 0.0260267 0.998803 -0.0414178 -20.3839 -0.668815 0.0481911 0.741865 -3.15665 
0.755082 0.00829908 0.655577 250.26 0.0252156 0.998812 -0.0416872 -20.4376 -0.655145 0.0480079 0.753976 -2.20287 
0.766685 0.00534027 0.642001 251.069 0.0261769 0.998874 -0.0395698 -20.5002 -0.641489 0.0471431 0.765682 -1.22885 
0.777502 0.00249177 0.628876 251.846 0.0280681 0.998858 -0.0386594 -20.5637 -0.628254 0.0477091 0.776544 -0.237969 
0.787636 0.001797 0.616139 252.618 0.0284259 0.998825 -0.0392513 -20.6242 -0.615485 0.04843 0.786659 0.771395 
0.797035 -0.000337645 0.603933 253.382 0.0322297 0.998599 -0.0419767 -20.6779 -0.603073 0.0529214 0.795929 1.79476 
0.806135 -0.00258437 0.591725 254.137 0.0333753 0.998597 -0.0411075 -20.7354 -0.590789 0.0528872 0.805091 2.83353 
0.814173 -0.00563871 0.580594 254.881 0.0360262 0.998517 -0.0408226 -20.7952 -0.579503 0.0541532 0.813169 3.89557 
0.820824 -0.00723122 0.571135 255.598 0.0375486 0.99844 -0.0413229 -20.8507 -0.569945 0.0553641 0.819815 4.96823 
0.826299 -0.00859817 0.563165 256.321 0.0382105 0.998436 -0.0408205 -20.9132 -0.561933 0.0552488 0.825335 6.06514 
0.830417 -0.00917028 0.557067 257.038 0.037555 0.998512 -0.039546 -20.972 -0.555875 0.0537602 0.829526 7.1704 
0.833119 -0.0100484 0.553003 257.748 0.0375332 0.998557 -0.0384007 -21.0333 -0.551819 0.0527483 0.832294 8.27859 
0.83574 -0.0109599 0.549016 258.464 0.0380901 0.99855 -0.038049 -21.0971 -0.547802 0.052711 0.834945 9.39961 
0.838285 -0.0127409 0.545083 259.181 0.0396928 0.9985 -0.0377048 -21.1539 -0.543785 0.0532432 0.837534 10.5153 
0.840483 -0.0143378 0.541649 259.905 0.0397827 0.998585 -0.0352981 -21.2176 -0.540376 0.0512156 0.839863 11.6619 
0.842664 -0.0152101 0.538225 260.607 0.0404677 0.998563 -0.0351387 -21.2655 -0.536917 0.0513908 0.842068 12.7898 
0.844336 -0.0152226 0.535597 261.294 0.0410471 0.998496 -0.0363294 -21.3065 -0.534239 0.0526588 0.843692 13.9254 
0.846937 -0.0163325 0.531443 262.002 0.0418699 0.998473 -0.0360409 -21.364 -0.530043 0.0527757 0.846327 15.0658 
0.849696 -0.0168281 0.527004 262.735 0.0420119 0.998474 -0.0358536 -21.4276 -0.525597 0.0526051 0.849106 16.2284 
0.852712 -0.0188718 0.52204 263.542 0.043453 0.998446 -0.0348835 -21.5108 -0.52057 0.0524297 0.852208 17.4531 
0.855459 -0.0204425 0.517467 264.329 0.0449515 0.99838 -0.0348716 -21.5805 -0.515916 0.053092 0.854992 18.6895 
