1 2.12261e-08 -2.11895e-08 0 2.12261e-08 1 2.10703e-08 0 -2.11895e-08 2.10703e-08 1 0 
1 -0.000500014 0.000445706 -0.0344984 0.000499351 0.999999 0.00158347 -0.0201096 -0.00044654 -0.0015832 0.999999 1.32177 
0.999998 -0.00182288 0.000349561 -0.0602074 0.00182234 0.999997 0.00166988 -0.035427 -0.000352646 -0.0016692 0.999999 2.66486 
0.999994 -0.00342441 0.000431838 -0.0890176 0.00342423 0.999994 0.000511182 -0.0528679 -0.000433628 -0.000509658 1 4.00779 
0.999993 -0.00382976 0.00055767 -0.114409 0.00382946 0.999993 0.000623169 -0.0693926 -0.000560094 -0.000620986 1 5.35629 
0.999989 -0.00443291 0.0012479 -0.151602 0.00443123 0.999989 0.0013834 -0.0845276 -0.00125406 -0.00137781 0.999998 6.70782 
0.999983 -0.00550599 0.00210161 -0.186096 0.00550097 0.999982 0.00240672 -0.101155 -0.00211487 -0.00239507 0.999995 8.04793 
0.999985 -0.00510515 0.00198386 -0.207028 0.00509939 0.999983 0.00291831 -0.11453 -0.00199877 -0.00290811 0.999994 9.42238 
0.99999 -0.00412781 0.00177106 -0.235895 0.00412639 0.999991 0.000825556 -0.130412 -0.00177449 -0.000818197 0.999998 10.7621 
0.999997 -0.00128304 0.00198432 -0.267052 0.00128575 0.999998 -0.00134229 -0.151897 -0.00198263 0.00134488 0.999997 12.1029 
0.999994 0.00212692 0.00282917 -0.302182 -0.00212073 0.999995 -0.00217322 -0.176829 -0.00283382 0.00216725 0.999994 13.4482 
0.999985 0.00461437 0.00309568 -0.329128 -0.00460795 0.999987 -0.0020649 -0.202709 -0.00310521 0.00205065 0.999993 14.8169 
0.999978 0.00569792 0.0034205 -0.349344 -0.00569336 0.999983 -0.00132909 -0.221902 -0.00342806 0.00130963 0.999993 16.1815 
0.999987 0.00304767 0.00416492 -0.37323 -0.00305374 0.999994 0.00146191 -0.242282 -0.00416048 -0.00147457 0.99999 17.5649 
0.999988 -0.0011624 0.00474586 -0.39416 0.00114657 0.999994 0.00334442 -0.264394 -0.00474976 -0.0033389 0.999983 18.9236 
0.999983 -0.00294892 0.00500358 -0.414793 0.00294483 0.999995 0.000834473 -0.281129 -0.00500606 -0.000819682 0.999987 20.2908 
0.999979 -0.00430827 0.00475213 -0.420437 0.00431437 0.99999 -0.0012665 -0.299724 -0.00474667 0.00128702 0.999988 21.6881 
0.999983 -0.00161155 0.00561052 -0.444335 0.00162734 0.999995 -0.00280306 -0.323778 -0.00560601 0.00281219 0.99998 23.0545 
0.999977 0.00143282 0.00670146 -0.471255 -0.00142531 0.999998 -0.00111875 -0.339681 -0.00670309 0.00110921 0.999977 24.4191 
0.99997 0.00220256 0.00740606 -0.490794 -0.00221945 0.999995 0.00227754 -0.358195 -0.00740104 -0.00229387 0.99997 25.7877 
0.999967 -0.000482109 0.00807412 -0.503462 0.000448613 0.999991 0.00415519 -0.375224 -0.00807609 -0.00415139 0.999959 27.17 
0.999964 -0.00407614 0.00747105 -0.510132 0.00405825 0.999989 0.00241343 -0.393003 -0.00748084 -0.00238298 0.999969 28.5387 
0.999964 -0.00365256 0.00767762 -0.532656 0.00365452 0.999993 -0.000235687 -0.409169 -0.00767675 0.000263779 0.999971 29.9018 
0.999957 -0.00392413 0.00835073 -0.547571 0.00394458 0.999989 -0.00242958 -0.441782 -0.00834115 0.00246246 0.999962 31.2738 
0.999963 -0.00105004 0.00849479 -0.564588 0.00107588 0.999995 -0.00303302 -0.469974 -0.00849161 0.00304209 0.999959 32.656 
0.99996 -0.000170591 0.00896345 -0.584465 0.0002173 0.999986 -0.00520553 -0.496007 -0.00896249 0.00520731 0.999946 34.0363 
0.999955 0.00153393 0.00939489 -0.609094 -0.00148655 0.999986 -0.00504316 -0.522118 -0.00940254 0.005029 0.999943 35.4524 
0.999954 0.00161885 0.00940699 -0.625217 -0.00158523 0.999992 -0.00357531 -0.55441 -0.00941275 0.00356028 0.999949 36.8452 
0.999953 0.00278494 0.00929152 -0.640799 -0.00276706 0.999994 -0.0019321 -0.584275 -0.00929689 0.00190634 0.999955 38.2512 
0.999932 0.00603968 0.00999675 -0.668117 -0.00602074 0.99998 -0.00191972 -0.601483 -0.0100082 0.00185944 0.999948 39.7018 
0.999908 0.00858962 0.0104896 -0.68937 -0.00856722 0.999961 -0.00217401 -0.627513 -0.0105079 0.00208399 0.999943 41.1116 
0.999891 0.0102397 0.0106854 -0.703774 -0.010218 0.999946 -0.00208004 -0.642953 -0.0107062 0.00197067 0.999941 42.5523 
0.999881 0.0112621 0.010508 -0.722896 -0.0112425 0.999935 -0.00191261 -0.674044 -0.0105289 0.00179429 0.999943 43.9385 
0.999897 0.00986275 0.0104674 -0.740973 -0.00984451 0.99995 -0.00178897 -0.697598 -0.0104845 0.00168578 0.999944 45.3743 
0.999912 0.00895775 0.00983626 -0.754687 -0.00893777 0.999958 -0.00206908 -0.72337 -0.00985442 0.00198103 0.99995 46.7909 
0.999916 0.0085639 0.00971547 -0.780347 -0.00854599 0.999962 -0.00187952 -0.74571 -0.00973124 0.00179638 0.999951 48.1989 
0.999918 0.00897074 0.00916759 -0.80803 -0.00896175 0.999959 -0.001017 -0.763046 -0.00917639 0.000934803 0.999958 49.6525 
0.999921 0.00929912 0.00844961 -0.833273 -0.00928628 0.999956 -0.00155248 -0.770582 -0.00846372 0.00147394 0.999963 51.0488 
0.999927 0.00946371 0.00755782 -0.855106 -0.00945576 0.999955 -0.0010807 -0.793348 -0.00756775 0.00100919 0.999971 52.4959 
0.999936 0.00931852 0.00644776 -0.872237 -0.00931864 0.999957 -5.49864e-06 -0.820479 -0.00644757 -5.45443e-05 0.999979 53.9459 
0.999946 0.00819639 0.00640664 -0.90127 -0.00820184 0.999966 0.000830349 -0.846937 -0.00639966 -0.000882808 0.999979 55.392 
0.999954 0.00727423 0.00626205 -0.92347 -0.00727868 0.999973 0.00069568 -0.868133 -0.00625687 -0.000741185 0.99998 56.8297 
0.999968 0.00531122 0.00590641 -0.93453 -0.00531023 0.999986 -0.000174924 -0.892576 -0.0059073 0.000143596 0.999983 58.2764 
0.999972 0.00444885 0.0060232 -0.947891 -0.00445092 0.99999 0.000338305 -0.922849 -0.00602168 -0.000365062 0.999982 59.7252 
0.999968 0.00446299 0.00671792 -0.967878 -0.00446853 0.99999 0.000817372 -0.946483 -0.00671424 -0.000847323 0.999977 61.1687 
0.999964 0.00412726 0.0073926 -0.979782 -0.0041377 0.99999 0.00140381 -0.97042 -0.00738677 -0.00143431 0.999972 62.5916 
0.999962 0.00289257 0.00826748 -0.990483 -0.0028984 0.999996 0.000698364 -0.993774 -0.00826546 -0.000722258 0.999966 64.0305 
0.999958 0.00182384 0.00894771 -1.01124 -0.00181878 0.999998 -0.000568738 -1.0107 -0.00894877 0.000552482 0.99996 65.4735 
0.999952 0.00218801 0.00955201 -1.01975 -0.00217883 0.999997 -0.000966495 -1.03844 -0.00955414 0.000945678 0.999954 66.9086 
0.99994 0.00361571 0.0103804 -1.03031 -0.0036035 0.999993 -0.00119105 -1.06725 -0.0103846 0.00115362 0.999945 68.3234 
0.999915 0.00687298 0.0110759 -1.0497 -0.00687443 0.999976 9.65603e-05 -1.09388 -0.0110751 -0.000172651 0.999939 69.752 
0.999877 0.0104521 0.0117128 -1.06172 -0.0104624 0.999945 0.000826356 -1.10321 -0.0117035 -0.000948756 0.999931 71.2082 
0.999827 0.0139283 0.0123601 -1.07888 -0.0139463 0.999902 0.0013688 -1.12841 -0.0123399 -0.0015409 0.999923 72.6143 
0.999754 0.0179859 0.0129596 -1.09087 -0.0179995 0.999838 0.000936102 -1.148 -0.0129407 -0.0011691 0.999916 74.0479 
0.999687 0.0209386 0.0136843 -1.11461 -0.0209435 0.999781 0.000221982 -1.17133 -0.0136767 -0.000508468 0.999906 75.4595 
0.999624 0.0231769 0.0146324 -1.12913 -0.0231805 0.999731 7.30178e-05 -1.19474 -0.0146268 -0.000412135 0.999893 76.8564 
0.999607 0.0233821 0.0154959 -1.15857 -0.0233933 0.999726 0.000545397 -1.22218 -0.0154789 -0.00090764 0.99988 78.1995 
0.999645 0.0216717 0.0154808 -1.15868 -0.021682 0.999765 0.000504899 -1.25064 -0.0154662 -0.000840333 0.99988 79.6062 
0.999649 0.0209781 0.0161813 -1.1806 -0.020973 0.99978 -0.000480603 -1.27492 -0.0161879 0.000141104 0.999869 80.9965 
0.99966 0.0209925 0.0154833 -1.17205 -0.0209795 0.999779 -0.000999065 -1.29318 -0.0155009 0.000673934 0.99988 82.4044 
0.999666 0.0205213 0.0156969 -1.1821 -0.0205126 0.999789 -0.000711681 -1.31894 -0.0157083 0.0003895 0.999877 83.778 
0.99969 0.0198487 0.0150256 -1.18364 -0.0198365 0.999803 -0.000954627 -1.34399 -0.0150416 0.000656316 0.999887 85.1736 
0.999693 0.0200651 0.0145646 -1.20037 -0.0200581 0.999799 -0.000620019 -1.3744 -0.0145742 0.000327731 0.999894 86.5559 
0.999723 0.0191628 0.0136738 -1.21547 -0.0191671 0.999816 0.00018783 -1.39738 -0.0136678 -0.000449825 0.999907 87.979 
0.999792 0.0161618 0.0124113 -1.22177 -0.0161774 0.999869 0.00116328 -1.40941 -0.012391 -0.00136378 0.999922 89.3885 
0.999839 0.0139742 0.0112907 -1.23535 -0.0139932 0.999901 0.00161622 -1.43105 -0.0112671 -0.00177391 0.999935 90.7923 
0.999865 0.0123243 0.0108635 -1.24845 -0.0123425 0.999923 0.00161735 -1.44983 -0.0108428 -0.00175118 0.99994 92.1997 
0.999891 0.0103995 0.0104534 -1.25351 -0.0104095 0.999945 0.000904236 -1.4689 -0.0104435 -0.00101291 0.999945 93.5942 
0.999909 0.0089563 0.0101379 -1.26331 -0.00896242 0.99996 0.000562138 -1.49807 -0.0101325 -0.000652905 0.999948 94.9787 
0.999902 0.00954273 0.0102618 -1.27631 -0.00954245 0.999955 -7.17707e-05 -1.5232 -0.010262 -2.6117e-05 0.999947 96.3399 
0.999899 0.00954484 0.0105252 -1.29375 -0.00953763 0.999954 -0.000731116 -1.54527 -0.0105317 0.000630699 0.999944 97.688 
0.999891 0.010234 0.0106261 -1.31015 -0.0102219 0.999947 -0.00118867 -1.57458 -0.0106378 0.00107996 0.999943 99.0378 
0.999865 0.0119053 0.0113589 -1.32483 -0.0118918 0.999929 -0.00125029 -1.59434 -0.011373 0.00111508 0.999935 100.401 
0.999854 0.0122532 0.0119422 -1.34443 -0.012259 0.999925 0.000415654 -1.62228 -0.0119363 -0.000561951 0.999929 101.777 
0.999837 0.0130645 0.0124385 -1.36649 -0.0130906 0.999912 0.00201927 -1.64866 -0.0124111 -0.00218173 0.999921 103.13 
0.999842 0.0123422 0.0128074 -1.3751 -0.0123503 0.999924 0.000558867 -1.67455 -0.0127996 -0.000716912 0.999918 104.522 
0.99984 0.0121456 0.0131701 -1.38987 -0.0121237 0.999925 -0.00174098 -1.70338 -0.0131903 0.00158107 0.999912 105.881 
0.999843 0.0118347 0.0132206 -1.40267 -0.0117961 0.999926 -0.00299189 -1.72964 -0.0132551 0.00283551 0.999908 107.219 
0.99986 0.00943226 0.0137923 -1.41795 -0.00941092 0.999954 -0.00160878 -1.75916 -0.0138069 0.0014788 0.999904 108.567 
0.999871 0.00732723 0.0143121 -1.42109 -0.00733387 0.999973 0.000414801 -1.7844 -0.0143087 -0.000519669 0.999898 109.943 
0.999862 0.00617444 0.0153985 -1.42002 -0.00618551 0.999981 0.000674157 -1.80289 -0.015394 -0.00076927 0.999881 111.279 
0.999855 0.00489446 0.0162943 -1.42283 -0.00488599 0.999988 -0.000557022 -1.83323 -0.0162968 0.00047737 0.999867 112.62 
0.999831 0.00697245 0.0170122 -1.41798 -0.00692259 0.999972 -0.0029858 -1.85807 -0.0170326 0.00286757 0.999851 113.966 
0.999786 0.00959063 0.0183428 -1.41769 -0.00949781 0.999942 -0.00513847 -1.88315 -0.0183911 0.00496319 0.999819 115.309 
0.999715 0.0130556 0.0199872 -1.42286 -0.0129564 0.999903 -0.00508249 -1.91421 -0.0200516 0.00482212 0.999787 116.646 
0.999673 0.0139215 0.021457 -1.42245 -0.0138604 0.9999 -0.00299184 -1.94541 -0.0214966 0.00269349 0.999765 117.998 
0.999626 0.0145998 0.0231191 -1.42641 -0.014574 0.999893 -0.00127828 -1.96454 -0.0231353 0.000940903 0.999732 119.342 
0.999604 0.014276 0.0242353 -1.41984 -0.0142593 0.999898 -0.000859835 -1.99022 -0.0242451 0.000513958 0.999706 120.7 
0.999568 0.0148838 0.0253481 -1.41129 -0.0148493 0.999889 -0.00154764 -2.01234 -0.0253683 0.00117061 0.999678 122.06 
0.999511 0.0166037 0.0265105 -1.40191 -0.016557 0.999861 -0.00197607 -2.03737 -0.0265397 0.00153621 0.999647 123.431 
0.999433 0.0188518 0.0279144 -1.39101 -0.0187858 0.99982 -0.00262302 -2.05765 -0.0279588 0.00209717 0.999607 124.78 
0.999385 0.0192133 0.0293218 -1.38111 -0.0191135 0.999811 -0.00367643 -2.08104 -0.029387 0.00311376 0.999563 126.138 
0.999311 0.0209732 0.0306231 -1.3742 -0.0208317 0.999771 -0.00493164 -2.10517 -0.0307195 0.00429036 0.999519 127.512 
0.999293 0.0196543 0.0320406 -1.36534 -0.0194997 0.999797 -0.00512751 -2.13058 -0.0321349 0.00449915 0.999473 128.874 
0.999259 0.0190468 0.0334517 -1.36031 -0.0189331 0.999814 -0.00371198 -2.16581 -0.0335162 0.00307593 0.999433 130.233 
0.999228 0.018013 0.0349142 -1.35505 -0.0179365 0.999836 -0.0025039 -2.20297 -0.0349536 0.00187577 0.999387 131.615 
0.999205 0.0173095 0.0359024 -1.34401 -0.0172379 0.999849 -0.00230155 -2.22817 -0.0359369 0.00168088 0.999353 132.988 
0.999233 0.0152543 0.0360631 -1.3234 -0.0151876 0.999882 -0.00212328 -2.2527 -0.0360913 0.00157398 0.999347 134.354 
0.999245 0.0139127 0.0362649 -1.30346 -0.0138676 0.999903 -0.00149362 -2.27763 -0.0362822 0.00098963 0.999341 135.713 
0.999282 0.012088 0.0358974 -1.28441 -0.0120365 0.999926 -0.00164843 -2.30433 -0.0359148 0.00121521 0.999354 137.07 
0.999312 0.0113328 0.0353021 -1.2697 -0.0112627 0.999934 -0.00218253 -2.32296 -0.0353245 0.00178348 0.999374 138.418 
0.99937 0.00940807 0.0342179 -1.25214 -0.00936932 0.999955 -0.00129143 -2.34594 -0.0342286 0.000970059 0.999414 139.774 
0.999414 0.00801146 0.0332695 -1.23718 -0.00796763 0.999967 -0.00144839 -2.36522 -0.03328 0.0011825 0.999445 141.125 
0.999452 0.00761485 0.0322166 -1.2339 -0.00757437 0.99997 -0.00137723 -2.39155 -0.0322261 0.00113249 0.99948 142.457 
0.999476 0.00765524 0.0314452 -1.21839 -0.00759571 0.999969 -0.00201092 -2.41688 -0.0314597 0.00177106 0.999503 143.805 
0.999496 0.00801882 0.0307318 -1.21427 -0.00796029 0.999966 -0.00202505 -2.44534 -0.0307471 0.00177944 0.999526 145.138 
0.99954 0.00597801 0.0297325 -1.19349 -0.00584788 0.999973 -0.0044603 -2.46877 -0.0297584 0.00428442 0.999548 146.479 
0.999581 0.000877285 0.0289327 -1.17809 -0.000739556 0.999988 -0.00476919 -2.49557 -0.0289366 0.00474583 0.99957 147.828 
0.999589 -0.00647487 0.0279203 -1.14738 0.00653797 0.999976 -0.00216778 -2.52464 -0.0279056 0.00234947 0.999608 149.176 
0.999566 -0.0138146 0.0260168 -1.11881 0.0138285 0.999904 -0.000353986 -2.55364 -0.0260094 0.000713649 0.999661 150.526 
0.999545 -0.0168978 0.0249909 -1.09813 0.0169941 0.999849 -0.00364434 -2.57783 -0.0249256 0.00406742 0.999681 151.879 
0.999545 -0.0159984 0.0255722 -1.09269 0.0161757 0.999846 -0.00674 -2.60838 -0.0254605 0.00715063 0.99965 153.224 
0.999566 -0.0123957 0.0267077 -1.08727 0.0126421 0.999879 -0.00907426 -2.63563 -0.0265921 0.00940801 0.999602 154.581 
0.999547 -0.0125207 0.0273837 -1.07383 0.0127678 0.999879 -0.00886494 -2.67231 -0.0272694 0.00921059 0.999586 155.925 
0.999495 -0.0152588 0.0278686 -1.04676 0.0154263 0.999864 -0.00580487 -2.69531 -0.0277763 0.00623189 0.999595 157.29 
0.999383 -0.0203258 0.0286378 -1.03564 0.0204322 0.999785 -0.00342501 -2.71445 -0.0285621 0.00400807 0.999584 158.625 
0.999294 -0.0240462 0.028865 -1.01688 0.0241082 0.999708 -0.00180131 -2.74334 -0.0288133 0.00249596 0.999582 159.982 
0.99924 -0.0257534 0.0292563 -1.00054 0.0258182 0.999665 -0.00183957 -2.77078 -0.0291992 0.00259356 0.99957 161.332 
0.999248 -0.0239102 0.0305172 -0.987052 0.0239521 0.999713 -0.00100676 -2.79857 -0.0304844 0.001737 0.999534 162.69 
0.999289 -0.0197486 0.0321257 -0.980673 0.0198199 0.999802 -0.00190043 -2.82631 -0.0320818 0.00253584 0.999482 164.067 
0.999325 -0.0158222 0.0331535 -0.964913 0.0159694 0.999864 -0.00417812 -2.85362 -0.0330829 0.00470478 0.999442 165.424 
0.999344 -0.0122518 0.0340908 -0.950585 0.0124373 0.999909 -0.00523184 -2.87271 -0.0340237 0.00565245 0.999405 166.775 
0.999348 -0.0103116 0.0346137 -0.928794 0.0104574 0.999937 -0.00403211 -2.90275 -0.03457 0.00439149 0.999393 168.146 
0.99937 -0.00841195 0.0344801 -0.902738 0.00856511 0.999954 -0.00429563 -2.93523 -0.0344425 0.00458829 0.999396 169.519 
0.999408 -0.00680465 0.0337248 -0.880113 0.0070274 0.999954 -0.00648956 -2.96967 -0.0336791 0.00672276 0.99941 170.883 
0.999432 -0.00274481 0.0335895 -0.867499 0.00306004 0.999952 -0.00933581 -3.00046 -0.0335623 0.00943333 0.999392 172.254 
0.999426 0.00207132 0.0338239 -0.862083 -0.00171461 0.999943 -0.0105704 -3.03462 -0.0338439 0.0105064 0.999372 173.629 
0.999379 0.00633139 0.0346585 -0.874842 -0.00599718 0.999935 -0.00973735 -3.05797 -0.0347179 0.00952349 0.999352 175.029 
0.999358 0.0086756 0.0347696 -0.838357 -0.00842464 0.999937 -0.00735655 -3.09815 -0.0348313 0.00705895 0.999368 176.479 
0.999337 0.00972867 0.0350794 -0.815054 -0.00954806 0.99994 -0.00531116 -3.12458 -0.035129 0.00497274 0.99937 177.878 
0.999359 0.00673316 0.0351493 -0.830338 -0.0065842 0.999969 -0.00435069 -3.15787 -0.0351776 0.00411651 0.999373 179.292 
0.999436 0.00449861 0.0332845 -0.805889 -0.00436362 0.999982 -0.00412576 -3.19092 -0.0333025 0.00397823 0.999437 180.668 
0.999511 0.00368545 0.0310471 -0.772522 -0.00342797 0.999959 -0.00834078 -3.2229 -0.0310766 0.00823031 0.999483 182.08 
0.999502 0.00725754 0.0306982 -0.802551 -0.00686166 0.999892 -0.01298 -3.24858 -0.0307892 0.012763 0.999444 183.396 
0.999483 0.0117926 0.0298985 -0.785201 -0.0113907 0.999843 -0.013575 -3.28888 -0.030054 0.0132274 0.999461 184.807 
0.999443 0.0151359 0.0297352 -0.77602 -0.0147729 0.999814 -0.0123861 -3.32915 -0.0299172 0.01194 0.999481 186.231 
0.999402 0.0168454 0.030208 -0.767606 -0.0165838 0.999823 -0.00889123 -3.36693 -0.0303525 0.00838499 0.999504 187.66 
0.999382 0.0173487 0.0305671 -0.751711 -0.017142 0.999829 -0.00701047 -3.40037 -0.0306835 0.00648219 0.999508 189.129 
0.999388 0.0166914 0.030758 -0.734631 -0.0165115 0.999845 -0.00609078 -3.42497 -0.0308549 0.00557923 0.999508 190.593 
0.999417 0.0145948 0.0308675 -0.714071 -0.0144297 0.99988 -0.00556511 -3.44885 -0.030945 0.0051165 0.999508 192.041 
0.999448 0.0120021 0.0309753 -0.688953 -0.0118543 0.999918 -0.00494971 -3.48012 -0.0310322 0.00457983 0.999508 193.483 
0.999475 0.00936536 0.0310064 -0.663045 -0.00921186 0.999945 -0.00508855 -3.50483 -0.0310524 0.0048003 0.999506 194.92 
0.999471 0.00620091 0.0319199 -0.651554 -0.00607907 0.999974 -0.00391128 -3.53274 -0.0319433 0.00371521 0.999483 196.37 
0.999469 0.00212193 0.0325068 -0.625981 -0.00204456 0.999995 -0.00241184 -3.5585 -0.0325118 0.00234414 0.999469 197.807 
0.999449 -0.000267197 0.0331774 -0.603833 0.000356105 0.999996 -0.0026726 -3.5818 -0.0331766 0.00268298 0.999446 199.26 
0.999446 0.000989306 0.0332695 -0.579703 -0.000766453 0.999977 -0.0067092 -3.6177 -0.0332754 0.00668003 0.999424 200.69 
0.999406 0.00771234 0.0335907 -0.566339 -0.00732757 0.999906 -0.0115613 -3.65407 -0.0336768 0.0113083 0.999369 202.121 
0.999257 0.0162252 0.0349501 -0.556326 -0.015837 0.99981 -0.0113529 -3.69532 -0.0351277 0.010791 0.999325 203.526 
0.999062 0.0236732 0.0362664 -0.550065 -0.0234064 0.999696 -0.00776268 -3.73391 -0.0364392 0.00690658 0.999312 204.976 
0.998993 0.0250321 0.0372424 -0.529022 -0.0248351 0.999675 -0.00574333 -3.75879 -0.0373741 0.00481267 0.99929 206.457 
0.999066 0.0226207 0.0368196 -0.499404 -0.0224432 0.999735 -0.00522632 -3.78796 -0.0369281 0.00439513 0.999308 207.914 
0.999172 0.0196564 0.0356142 -0.46943 -0.0194745 0.999796 -0.00544581 -3.81433 -0.035714 0.00474777 0.999351 209.384 
0.999243 0.0173493 0.0348235 -0.443198 -0.0171676 0.999837 -0.00550755 -3.85206 -0.0349134 0.00490558 0.999378 210.827 
0.999261 0.018021 0.0339457 -0.404929 -0.0178188 0.999822 -0.00624804 -3.88164 -0.0340523 0.0056386 0.999404 212.314 
0.999248 0.0192937 0.033622 -0.379115 -0.0191031 0.9998 -0.00598116 -3.91337 -0.0337307 0.00533442 0.999417 213.786 
0.999217 0.0205036 0.0338387 -0.364266 -0.0203411 0.99978 -0.0051381 -3.94464 -0.0339366 0.0044458 0.999414 215.255 
0.999239 0.0195258 0.0337624 -0.339918 -0.0193498 0.999798 -0.00553118 -3.97659 -0.0338637 0.00487371 0.999415 216.734 
0.999229 0.0193904 0.0341535 -0.324958 -0.0191802 0.999795 -0.00646789 -4.00892 -0.0342719 0.00580787 0.999396 218.208 
0.99925 0.0180159 0.0342813 -0.306251 -0.0178045 0.999821 -0.00646178 -4.04036 -0.0343916 0.00584661 0.999391 219.679 
0.999249 0.0186636 0.0339497 -0.279106 -0.0184419 0.999807 -0.00683101 -4.06904 -0.0340707 0.00619982 0.9994 221.179 
0.999241 0.0191396 0.0339198 -0.263623 -0.0189154 0.999797 -0.00691716 -4.10517 -0.0340454 0.00627035 0.999401 222.653 
0.999249 0.0190984 0.0337106 -0.238487 -0.0188693 0.999797 -0.0070999 -4.1381 -0.0338394 0.00645852 0.999406 224.152 
0.999243 0.0198149 0.0334803 -0.222933 -0.0195849 0.999782 -0.00718306 -4.17336 -0.0336154 0.00652195 0.999414 225.633 
0.999249 0.0199295 0.0332198 -0.207025 -0.0196965 0.999779 -0.00732775 -4.20645 -0.0333586 0.00666798 0.999421 227.147 
0.999242 0.0202858 0.0332263 -0.193895 -0.0200544 0.999772 -0.00727879 -4.24071 -0.0333664 0.00660698 0.999421 228.641 
0.999252 0.0197771 0.0332179 -0.174289 -0.0195478 0.999783 -0.00721433 -4.27722 -0.0333534 0.00655964 0.999422 230.154 
0.999272 0.0181728 0.0335521 -0.15472 -0.0179311 0.999811 -0.00748958 -4.3077 -0.0336819 0.00688254 0.999409 231.648 
0.999283 0.0169385 0.0338522 -0.127114 -0.0167012 0.999834 -0.00727961 -4.34213 -0.03397 0.00670906 0.9994 233.186 
0.999308 0.0157971 0.0336699 -0.0816153 -0.0155961 0.999859 -0.0062228 -4.38145 -0.0337635 0.00569342 0.999414 234.725 
0.999313 0.016015 0.0334362 -0.0476794 -0.015796 0.999852 -0.00680196 -4.40437 -0.0335403 0.00626917 0.999418 236.26 
0.99929 0.0165766 0.0338317 -0.027342 -0.0163487 0.999842 -0.00700063 -4.43796 -0.0339424 0.0064426 0.999403 237.782 
0.999257 0.0174054 0.0343826 0.0127652 -0.0171726 0.999828 -0.0070522 -4.49372 -0.0344995 0.00645656 0.999384 239.237 
0.999191 0.0191462 0.035369 0.0185703 -0.0189189 0.999798 -0.00675071 -4.5205 -0.0354912 0.00607614 0.999352 240.777 
0.999149 0.0193321 0.0364288 0.0331788 -0.019169 0.999805 -0.00482066 -4.55038 -0.0365149 0.0041183 0.999325 242.328 
0.99913 0.0191269 0.0370705 0.0605522 -0.018978 0.99981 -0.00436468 -4.5816 -0.037147 0.00365739 0.999303 243.841 
0.99911 0.0196029 0.0373604 0.096206 -0.0193948 0.999794 -0.0059236 -4.61432 -0.0374689 0.00519377 0.999284 245.359 
0.999093 0.0194452 0.0378793 0.129139 -0.0191931 0.999791 -0.00700871 -4.65174 -0.0380078 0.00627538 0.999258 246.88 
0.999059 0.0203157 0.0383277 0.147804 -0.0200889 0.999778 -0.00629358 -4.68712 -0.0384471 0.00551773 0.999245 248.402 
0.999073 0.020033 0.0381148 0.182933 -0.0198427 0.999789 -0.00536278 -4.71837 -0.0382142 0.00460155 0.999259 249.946 
0.999108 0.01965 0.0373864 0.223475 -0.0194921 0.9998 -0.00458014 -4.75483 -0.037469 0.00384736 0.99929 251.469 
0.999128 0.0195371 0.0369132 0.256228 -0.0193963 0.999803 -0.00416809 -4.79157 -0.0369874 0.00344852 0.99931 253.01 
0.999067 0.0215099 0.0374518 0.280382 -0.0213695 0.999763 -0.00414203 -4.82171 -0.037532 0.00333788 0.99929 254.566 
0.999043 0.0223966 0.0375622 0.308817 -0.0222558 0.999744 -0.00416145 -4.85212 -0.0376458 0.00332153 0.999286 256.141 
0.999042 0.0224196 0.0375721 0.343295 -0.0223034 0.999745 -0.00350585 -4.88971 -0.0376412 0.00266454 0.999288 257.686 
0.999055 0.021399 0.0378353 0.370581 -0.0212838 0.999768 -0.00344299 -4.92069 -0.0379002 0.0026345 0.999278 259.226 
0.999101 0.0192269 0.0377947 0.403526 -0.0191467 0.999814 -0.00248143 -4.95397 -0.0378354 0.00175559 0.999282 260.768 
0.999113 0.0169698 0.0385446 0.420881 -0.0169082 0.999855 -0.00192254 -4.98008 -0.0385717 0.00126915 0.999255 262.32 
0.999148 0.015326 0.0383207 0.457973 -0.0152403 0.999881 -0.00252654 -5.01168 -0.0383549 0.00194041 0.999262 263.879 
0.999183 0.0140765 0.0378914 0.491423 -0.0139503 0.999896 -0.00359131 -5.04278 -0.037938 0.00305982 0.999275 265.419 
0.999155 0.013687 0.0387515 0.521125 -0.0135786 0.999903 -0.0030577 -5.04625 -0.0387896 0.00252897 0.999244 266.964 
0.999165 0.0113249 0.0392556 0.548572 -0.0112813 0.999936 -0.00133286 -5.07572 -0.0392682 0.000888936 0.999228 268.484 
0.999178 0.00956605 0.0394059 0.584251 -0.00949796 0.999953 -0.00191374 -5.10575 -0.0394224 0.00153793 0.999221 270.052 
0.999148 0.0101895 0.0400057 0.615906 -0.010058 0.999943 -0.00348514 -5.12993 -0.040039 0.00307984 0.999193 271.605 
0.99911 0.0113696 0.0406298 0.647537 -0.0112141 0.999929 -0.00405249 -5.15769 -0.040673 0.0035933 0.999166 273.151 
0.999027 0.0130702 0.0421247 0.669827 -0.0129049 0.999908 -0.00419369 -5.18447 -0.0421757 0.00364604 0.999104 274.706 
0.998967 0.014088 0.0432052 0.703288 -0.0139196 0.999894 -0.00419478 -5.22133 -0.0432598 0.00358909 0.999057 276.257 
0.998897 0.0155648 0.0443006 0.739899 -0.0153737 0.999871 -0.00465058 -5.25154 -0.0443673 0.00396443 0.999007 277.814 
0.998843 0.0159797 0.0453551 0.779077 -0.0157817 0.999864 -0.00471819 -5.29317 -0.0454244 0.00399699 0.99896 279.357 
0.998825 0.0162603 0.0456552 0.83055 -0.0160172 0.999856 -0.0056835 -5.32434 -0.045741 0.00494559 0.998941 280.904 
0.998801 0.0153893 0.0464666 0.878466 -0.0151191 0.999867 -0.00616043 -5.35782 -0.0465552 0.00545056 0.998901 282.492 
0.998759 0.0145925 0.0476293 0.914793 -0.014319 0.999879 -0.00607746 -5.38564 -0.0477123 0.00538795 0.998847 284.1 
0.998725 0.013159 0.0487471 0.962806 -0.0129487 0.999905 -0.00462701 -5.42635 -0.0488035 0.00398994 0.9988 285.671 
0.998724 0.0122915 0.0489744 1.00995 -0.0120912 0.999917 -0.00438434 -5.45832 -0.0490242 0.00378663 0.99879 287.225 
0.998721 0.0123517 0.0490313 1.06344 -0.0120595 0.999908 -0.00625042 -5.50486 -0.049104 0.00565117 0.998778 288.793 
0.998756 0.011267 0.0485666 1.11912 -0.0108744 0.999906 -0.00833974 -5.53923 -0.0486561 0.00780128 0.998785 290.377 
0.998787 0.0114396 0.0478942 1.1676 -0.011048 0.999903 -0.00843306 -5.57143 -0.0479861 0.00789374 0.998817 291.927 
0.998834 0.0102789 0.0471658 1.19978 -0.00989732 0.999916 -0.00831674 -5.60333 -0.0472474 0.00784027 0.998852 293.475 
0.998867 0.0100188 0.0465213 1.22411 -0.0096247 0.999916 -0.00868732 -5.64125 -0.0466045 0.00822977 0.99888 295.079 
0.998908 0.0100107 0.0456393 1.27977 -0.00961844 0.999915 -0.00880443 -5.68243 -0.0457236 0.00835587 0.998919 296.638 
0.998948 0.00894227 0.0449832 1.32332 -0.0085826 0.99993 -0.0081815 -5.7269 -0.0450533 0.00778686 0.998954 298.188 
0.999011 0.00802002 0.0437442 1.36302 -0.00768511 0.99994 -0.00781781 -5.76483 -0.0438043 0.00747394 0.999012 299.752 
0.99908 0.00666347 0.0423745 1.41425 -0.00640033 0.999959 -0.00634145 -5.79724 -0.042415 0.00606445 0.999082 301.357 
0.999082 0.0086297 0.0419623 1.44834 -0.00842986 0.999952 -0.00493589 -5.83649 -0.0420029 0.00457766 0.999107 302.935 
0.999037 0.00896181 0.042954 1.47899 -0.00875755 0.999949 -0.00494023 -5.86422 -0.0429961 0.00455934 0.999065 304.535 
0.998978 0.0101731 0.0440336 1.51512 -0.0099445 0.999936 -0.00540733 -5.89364 -0.0440858 0.00496396 0.999015 306.113 
0.998976 0.00875571 0.0443995 1.5617 -0.00852321 0.999949 -0.00542226 -5.92674 -0.0444447 0.00503832 0.998999 307.697 
0.998977 0.00665118 0.0447302 1.59307 -0.00637999 0.99996 -0.00620196 -5.96958 -0.0447698 0.00591028 0.99898 309.343 
0.998975 0.00558468 0.0449137 1.64211 -0.00522812 0.999954 -0.00805131 -6.00775 -0.0449567 0.00780829 0.998958 310.966 
0.998972 0.00492835 0.0450558 1.67484 -0.00452455 0.999949 -0.00905899 -6.0453 -0.0450981 0.00884587 0.998943 312.567 
0.999076 0.00560893 0.0426086 1.71582 -0.00518751 0.999937 -0.0099937 -6.08438 -0.042662 0.00976347 0.999042 314.169 
0.999165 0.00644144 0.0403532 1.7521 -0.00607153 0.999939 -0.00928156 -6.11896 -0.0404106 0.00902884 0.999142 315.777 
0.999178 0.00714654 0.0399104 1.78847 -0.00691492 0.999959 -0.0059376 -6.15781 -0.0399512 0.00565678 0.999186 317.4 
0.999158 0.0055978 0.040639 1.81791 -0.00548805 0.999981 -0.00281052 -6.19297 -0.040654 0.00258516 0.99917 319.038 
0.99916 0.00459994 0.0407148 1.85366 -0.00452456 0.999988 -0.00194233 -6.22503 -0.0407232 0.00175653 0.999169 320.671 
0.999143 0.00371742 0.0412335 1.88578 -0.00359246 0.999989 -0.0031031 -6.25428 -0.0412446 0.00295235 0.999145 322.31 
0.99912 0.00312082 0.0418365 1.92029 -0.00298348 0.99999 -0.00334382 -6.28113 -0.0418466 0.0032161 0.999119 323.97 
0.999099 0.00262723 0.0423626 1.95596 -0.00249954 0.999992 -0.00306591 -6.31108 -0.0423703 0.0029573 0.999098 325.61 
0.99905 0.00317689 0.0434619 1.96549 -0.00302307 0.999989 -0.00360347 -6.32901 -0.0434729 0.0034687 0.999049 327.222 
0.999009 0.00493512 0.0442247 1.99335 -0.00474094 0.999979 -0.00449358 -6.36629 -0.044246 0.0042795 0.999012 328.827 
0.998977 0.0052678 0.0449214 2.0341 -0.00505496 0.999976 -0.00484935 -6.40495 -0.0449459 0.00461735 0.998979 330.461 
0.99894 0.00391316 0.0458639 2.0786 -0.00378939 0.999989 -0.00278447 -6.44542 -0.0458743 0.00260776 0.998944 332.101 
0.998925 0.00229126 0.0463063 2.11525 -0.0022181 0.999996 -0.00163033 -6.48603 -0.0463099 0.00152591 0.998926 333.751 
0.998896 0.0010457 0.0469631 2.1545 -0.000931733 0.999997 -0.00244766 -6.52219 -0.0469656 0.00240125 0.998894 335.377 
0.998854 0.00217524 0.0478079 2.19121 -0.00206614 0.999995 -0.00233047 -6.55521 -0.0478128 0.00222906 0.998854 336.991 
0.998825 0.00385536 0.0483086 2.2096 -0.00364917 0.999984 -0.00435473 -6.58203 -0.0483246 0.00417337 0.998823 338.658 
0.998822 0.0059881 0.0481618 2.24613 -0.00564485 0.999958 -0.00725882 -6.62626 -0.0482033 0.00697844 0.998813 340.277 
0.998831 0.00738752 0.0477761 2.28938 -0.00706631 0.999951 -0.00688773 -6.65994 -0.0478247 0.00654212 0.998834 341.879 
0.998877 0.0074455 0.0467805 2.33665 -0.00730649 0.999968 -0.0031408 -6.69843 -0.0468025 0.00279551 0.9989 343.489 
0.998903 0.0082816 0.0460987 2.36373 -0.00826614 0.999966 -0.000525143 -6.71993 -0.0461015 0.00014355 0.998937 345.14 
0.998911 0.0087924 0.0458155 2.3812 -0.00872889 0.999961 -0.00158498 -6.76254 -0.0458277 0.00118338 0.998949 346.738 
0.998983 0.00840323 0.0442934 2.41245 -0.00829318 0.999962 -0.00266691 -6.79766 -0.0443142 0.0022969 0.999015 348.352 
0.999025 0.007126 0.0435801 2.43208 -0.00706233 0.999974 -0.0016138 -6.82433 -0.0435905 0.00130448 0.999049 349.987 
0.999062 0.0053467 0.0429816 2.46902 -0.0053194 0.999986 -0.00074853 -6.85797 -0.042985 0.000519232 0.999076 351.603 
0.999076 0.00569185 0.0426087 2.50247 -0.00563331 0.999983 -0.00149294 -6.89015 -0.0426165 0.00125157 0.999091 353.188 
0.999072 0.004817 0.042807 2.52897 -0.00471706 0.999986 -0.00243429 -6.91373 -0.0428181 0.00223015 0.99908 354.814 
0.999059 0.00493179 0.0431017 2.56157 -0.00481668 0.999985 -0.00277324 -6.94048 -0.0431147 0.00256306 0.999067 356.418 
0.999049 0.00452611 0.0433714 2.60296 -0.00441929 0.999987 -0.00255746 -6.97728 -0.0433824 0.0023634 0.999056 358.043 
0.999067 0.00333815 0.0430688 2.64834 -0.00321366 0.999991 -0.00295858 -7.01435 -0.0430783 0.00281745 0.999068 359.657 
0.999049 0.00288575 0.0435106 2.68026 -0.0027348 0.99999 -0.00352736 -7.04711 -0.0435203 0.00340505 0.999047 361.26 
0.999043 0.00173253 0.0437157 2.72767 -0.00158601 0.999993 -0.00338523 -7.07335 -0.0437213 0.0033127 0.999038 362.9 
0.999037 0.00158474 0.0438497 2.77001 -0.00141294 0.999991 -0.00394777 -7.11105 -0.0438556 0.00388205 0.99903 364.491 
0.999047 -0.000409206 0.0436401 2.82421 0.000629032 0.999987 -0.00502264 -7.14449 -0.0436375 0.00504535 0.999035 366.101 
0.999063 -0.00255042 0.0431968 2.87561 0.00268749 0.999992 -0.00311429 -7.17884 -0.0431886 0.00322751 0.999062 367.701 
0.999052 -0.00352319 0.0433846 2.91278 0.00362985 0.999991 -0.0023788 -7.20896 -0.0433758 0.00253407 0.999056 369.316 
0.999063 -0.00436801 0.0430557 2.95686 0.00452755 0.999983 -0.00360748 -7.234 -0.0430393 0.00379907 0.999066 370.907 
0.999055 -0.00345999 0.043329 2.9977 0.00363968 0.999985 -0.0040679 -7.26951 -0.0433143 0.0042218 0.999053 372.51 
0.99904 -0.00168767 0.0437851 3.03851 0.00183119 0.999993 -0.0032371 -7.29912 -0.0437794 0.00331421 0.999036 374.108 
0.999035 0.000276659 0.0439243 3.0833 -0.000161521 0.999997 -0.00262382 -7.32723 -0.0439249 0.00261424 0.999031 375.714 
0.999019 -0.000364098 0.0442806 3.12699 0.000484482 0.999996 -0.002707 -7.36739 -0.0442795 0.00272583 0.999016 377.315 
0.999021 -0.000845996 0.044236 3.16997 0.00100305 0.999993 -0.00352731 -7.39683 -0.0442328 0.00356827 0.999015 378.942 
0.999032 -0.00337082 0.0438629 3.22401 0.00350649 0.999989 -0.00301562 -7.45462 -0.0438523 0.00316655 0.999033 380.576 
0.999012 -0.00271887 0.0443563 3.26373 0.00287624 0.99999 -0.00348356 -7.48185 -0.0443464 0.00360774 0.99901 382.172 
0.999019 -0.000893808 0.0442856 3.31396 0.00106103 0.999992 -0.00375167 -7.51073 -0.044282 0.00379502 0.999012 383.82 
0.998999 0.00166756 0.0447034 3.35552 -0.00151962 0.999993 -0.00334222 -7.54805 -0.0447087 0.00327098 0.998995 385.435 
0.998978 0.0031266 0.0451008 3.40129 -0.00293865 0.999987 -0.00423198 -7.57276 -0.0451134 0.00409516 0.998974 387.086 
0.998959 0.00496045 0.0453369 3.44665 -0.00474599 0.999977 -0.00483582 -7.60687 -0.0453599 0.00461566 0.99896 388.725 
0.998945 0.00569664 0.0455758 3.49426 -0.0054768 0.999973 -0.00494607 -7.64018 -0.0456028 0.00469128 0.998949 390.38 
0.998946 0.00666871 0.0454123 3.54713 -0.00648078 0.99997 -0.00428338 -7.66499 -0.0454396 0.0039846 0.998959 391.996 
0.99892 0.00809026 0.0457571 3.59143 -0.00792586 0.999962 -0.00377214 -7.70639 -0.0457859 0.00340545 0.998946 393.603 
0.998922 0.00894672 0.0455605 3.64881 -0.00875655 0.999952 -0.00437082 -7.73726 -0.0455974 0.0039672 0.998952 395.237 
0.998904 0.00885522 0.0459605 3.69057 -0.00867201 0.999954 -0.00418309 -7.77047 -0.0459954 0.00377998 0.998935 396.902 
0.998895 0.00948168 0.0460327 3.75348 -0.00932077 0.99995 -0.00370795 -7.79751 -0.0460656 0.00327483 0.998933 398.573 
0.998906 0.00817277 0.0460513 3.80444 -0.00797378 0.999958 -0.00450219 -7.8366 -0.0460862 0.0041301 0.998929 400.2 
0.998891 0.00912307 0.0461974 3.85178 -0.00889772 0.999948 -0.00508045 -7.87983 -0.0462413 0.0046638 0.998919 401.823 
0.998896 0.00738692 0.046389 3.90402 -0.00717617 0.999963 -0.00470698 -7.92246 -0.0464221 0.00436892 0.998912 403.443 
0.998883 0.00634594 0.046832 3.94976 -0.0062005 0.999976 -0.00324931 -7.95509 -0.0468515 0.00295534 0.998898 405.108 
0.99888 0.00461162 0.0470874 4.00901 -0.00454042 0.999988 -0.00161786 -7.98472 -0.0470943 0.0014023 0.99889 406.808 
0.998862 0.00275175 0.0476133 4.05461 -0.00263153 0.999993 -0.00258664 -8.01323 -0.0476201 0.00245844 0.998863 408.48 
0.998852 0.00156372 0.0478789 4.0977 -0.0014057 0.999993 -0.00333304 -8.0516 -0.0478839 0.00326195 0.998848 410.158 
