1 2.12261e-08 -2.11895e-08 0 2.12261e-08 1 2.10703e-08 0 -2.11895e-08 2.10703e-08 1 0 
0.999997 -0.00171552 -0.0015405 -0.0104734 0.00171423 0.999998 -0.000868745 -0.00801557 0.00154194 0.000866144 0.999998 0.578102 
0.999994 -0.00252732 -0.00254074 -0.0279035 0.00252169 0.999994 -0.00223123 -0.0238382 0.00254632 0.00222485 0.999994 1.15224 
0.999987 -0.0026987 -0.00422779 -0.0486932 0.00268346 0.99999 -0.0036156 -0.035249 0.00423746 0.00360425 0.999985 1.72124 
0.999971 -0.00481344 -0.00598111 -0.0624419 0.00478128 0.999974 -0.00538656 -0.0437751 0.00600684 0.00535785 0.999968 2.28846 
0.999945 -0.00731264 -0.00754436 -0.0793356 0.00725734 0.999947 -0.00733703 -0.0533498 0.00759757 0.00728192 0.999945 2.85751 
0.999924 -0.00832682 -0.00908534 -0.0925243 0.00825093 0.999931 -0.00836393 -0.0613013 0.00915431 0.00828837 0.999924 3.4478 
0.999908 -0.00883354 -0.0102897 -0.114723 0.00875571 0.999933 -0.00758854 -0.0747588 0.010356 0.00749779 0.999918 4.03319 
0.999893 -0.00914049 -0.0113868 -0.135789 0.00905198 0.999929 -0.00780343 -0.0926532 0.0114572 0.00769957 0.999905 4.62463 
0.999883 -0.00847139 -0.0127628 -0.149142 0.00833644 0.999909 -0.0105932 -0.107131 0.0128514 0.0104856 0.999862 5.22363 
0.999882 -0.00655526 -0.0139022 -0.1733 0.00635385 0.999875 -0.0144858 -0.128309 0.0139953 0.0143958 0.999798 5.8342 
0.999877 -0.00511963 -0.0148425 -0.20616 0.00484465 0.999817 -0.0185061 -0.134511 0.0149345 0.0184319 0.999719 6.45165 
0.999873 -0.0034563 -0.0155922 -0.239718 0.00316753 0.999824 -0.0185102 -0.145982 0.0156534 0.0184585 0.999707 7.08292 
0.999857 -0.00100307 -0.0168743 -0.263052 0.000800069 0.999927 -0.0120353 -0.15192 0.0168851 0.0120201 0.999785 7.73156 
0.999848 -3.9264e-05 -0.0174169 -0.290218 1.68797e-05 0.999999 -0.00128777 -0.168332 0.0174169 0.00128732 0.999848 8.40235 
0.999833 0.00104525 -0.0182403 -0.320121 -0.000954471 0.999987 0.00498276 -0.178156 0.0182452 -0.00496448 0.999821 9.08417 
0.999809 0.00317551 -0.0192899 -0.35266 -0.00309019 0.999985 0.00444888 -0.197727 0.0193037 -0.00438838 0.999804 9.76599 
0.999783 0.00549069 -0.0200819 -0.385102 -0.00555496 0.99998 -0.00314802 -0.200363 0.0200642 0.00325893 0.999793 10.4689 
0.999757 0.00500364 -0.02147 -0.40584 -0.00520634 0.999942 -0.00939722 -0.198905 0.0214217 0.00950676 0.999725 11.186 
0.999747 0.00294044 -0.0223185 -0.44143 -0.00311576 0.999965 -0.00782658 -0.200425 0.0222946 0.00789418 0.99972 11.9302 
0.999733 0.00215051 -0.0230122 -0.463342 -0.00212152 0.999997 0.00128267 -0.207945 0.0230149 -0.00123346 0.999734 12.6962 
0.999725 0.00149387 -0.0233901 -0.498718 -0.00128297 0.999958 0.00902749 -0.218958 0.0234025 -0.00899496 0.999686 13.4832 
0.99971 0.000403955 -0.0240837 -0.529512 -0.000128485 0.999935 0.0114368 -0.223415 0.0240867 -0.0114303 0.999645 14.2745 
0.999703 -0.00175111 -0.0243082 -0.560946 0.00200049 0.999946 0.0102368 -0.21579 0.0242889 -0.0102823 0.999652 15.0884 
0.99972 -0.00191097 -0.0235898 -0.592326 0.00209169 0.999969 0.00763688 -0.217109 0.0235744 -0.00768404 0.999693 15.9231 
0.999735 0.000311378 -0.0230182 -0.629916 -0.00021537 0.999991 0.00417152 -0.218513 0.0230193 -0.00416541 0.999726 16.7467 
0.999756 -0.0027537 -0.0219395 -0.664528 0.00272247 0.999995 -0.00145526 -0.224295 0.0219434 0.00139521 0.999758 17.6066 
0.999754 -0.00528556 -0.0215498 -0.687499 0.0051218 0.999958 -0.00764919 -0.238774 0.0215893 0.00753698 0.999739 18.4811 
0.999788 -0.00403358 -0.020198 -0.725298 0.0037714 0.999908 -0.0130039 -0.252807 0.0202485 0.012925 0.999711 19.3662 
0.999783 -0.00305431 -0.0206303 -0.751935 0.00276802 0.9999 -0.0138931 -0.268466 0.0206706 0.013833 0.999691 20.2814 
0.999782 -0.00306118 -0.0206548 -0.791066 0.0027897 0.99991 -0.0131616 -0.292536 0.0206931 0.0131011 0.9997 21.2043 
0.999772 -0.00170636 -0.0212939 -0.823186 0.00139676 0.999893 -0.0145475 -0.314927 0.0213164 0.0145145 0.999667 22.1471 
0.999772 0.00154685 -0.0212938 -0.862893 -0.00189805 0.999862 -0.0164848 -0.342904 0.0212653 0.0165215 0.999637 23.0998 
0.99976 0.00506122 -0.0213387 -0.90782 -0.00543146 0.999835 -0.0173306 -0.367534 0.0212475 0.0174423 0.999622 24.0625 
0.999741 0.00689845 -0.0216692 -0.948572 -0.00726962 0.999827 -0.0170991 -0.398824 0.0215474 0.0172522 0.999619 25.0382 
0.999737 0.00749241 -0.0216758 -0.996224 -0.00786998 0.999818 -0.0173884 -0.426399 0.0215416 0.0175545 0.999614 26.0216 
0.999734 0.00728398 -0.0218756 -1.03371 -0.00766515 0.999819 -0.0173935 -0.45284 0.0217449 0.0175566 0.999609 27.0188 
0.999721 0.00820173 -0.0221341 -1.0788 -0.00855909 0.999834 -0.016101 -0.48462 0.0219983 0.016286 0.999625 28.026 
0.999711 0.00914309 -0.0222186 -1.12581 -0.00946164 0.999853 -0.0142766 -0.512741 0.0220847 0.0144828 0.999651 29.0359 
0.999699 0.00969952 -0.0225511 -1.16725 -0.00998797 0.999869 -0.0127155 -0.544666 0.0224248 0.0129369 0.999665 30.0555 
0.99969 0.00974303 -0.0229346 -1.20552 -0.0100593 0.999855 -0.0137183 -0.570463 0.0227976 0.0139448 0.999643 31.0784 
0.999649 0.0112297 -0.0239961 -1.23577 -0.0115812 0.999827 -0.014562 -0.597855 0.0238284 0.0148348 0.999606 32.1127 
0.999646 0.0109627 -0.0242571 -1.28493 -0.0112997 0.999841 -0.0138025 -0.621596 0.0241018 0.0140717 0.999611 33.1585 
0.99964 0.00991755 -0.0249482 -1.32428 -0.0102006 0.999885 -0.0112448 -0.646174 0.0248338 0.0114953 0.999626 34.2171 
0.999624 0.0105162 -0.0253259 -1.37202 -0.0107103 0.999914 -0.0075421 -0.672091 0.0252444 0.00781055 0.999651 35.274 
0.999616 0.0105112 -0.0256336 -1.42263 -0.0106404 0.999931 -0.00491227 -0.700004 0.0255802 0.00518318 0.999659 36.3414 
0.99961 0.0103603 -0.0259449 -1.47405 -0.0104796 0.999935 -0.00446778 -0.722764 0.0258969 0.00473798 0.999653 37.4136 
0.999593 0.00998465 -0.0267347 -1.51653 -0.0101409 0.999932 -0.00571505 -0.74585 0.0266758 0.00598388 0.999626 38.4995 
0.999577 0.010314 -0.0271956 -1.57136 -0.010493 0.999924 -0.00644886 -0.764698 0.027127 0.00673153 0.999609 39.5809 
0.999556 0.0102305 -0.0279993 -1.62128 -0.0103802 0.999933 -0.00520659 -0.786303 0.0279441 0.00549495 0.999594 40.6684 
0.999534 0.0101416 -0.0288033 -1.67099 -0.0102393 0.999942 -0.00324914 -0.809262 0.0287686 0.00354259 0.99958 41.7588 
0.999523 0.01058 -0.0290078 -1.7274 -0.0106139 0.999943 -0.0010146 -0.829403 0.0289954 0.00132205 0.999579 42.8485 
0.999495 0.0114785 -0.0296472 -1.77535 -0.0115086 0.999933 -0.000848346 -0.85614 0.0296354 0.00118916 0.99956 43.938 
0.999475 0.0129241 -0.0297205 -1.83244 -0.013073 0.999903 -0.0048214 -0.879513 0.0296553 0.00520745 0.999547 45.0171 
0.999469 0.0139574 -0.0294413 -1.89176 -0.014218 0.999861 -0.00866215 -0.905291 0.0293163 0.00907618 0.999529 46.098 
0.999462 0.0146331 -0.0293415 -1.94505 -0.014906 0.999848 -0.00910207 -0.929376 0.0292038 0.00953458 0.999528 47.1884 
0.999466 0.0149305 -0.0290684 -2.00386 -0.0151221 0.999865 -0.00638377 -0.95626 0.0289691 0.00681998 0.999557 48.278 
0.999451 0.0158651 -0.0290726 -2.05555 -0.015985 0.999865 -0.00389626 -0.987058 0.0290068 0.00435889 0.99957 49.3641 
0.999472 0.0143459 -0.0291685 -2.10465 -0.0144333 0.999892 -0.00278773 -1.00892 0.0291253 0.00320729 0.999571 50.4574 
0.999482 0.0142818 -0.0288259 -2.15523 -0.0143909 0.99989 -0.00358487 -1.03316 0.0287715 0.00399789 0.999578 51.5473 
0.999496 0.0138432 -0.0285768 -2.20707 -0.0140064 0.999887 -0.00551933 -1.05437 0.0284971 0.00591685 0.999576 52.6507 
0.999506 0.01398 -0.0281527 -2.25874 -0.014202 0.99987 -0.00770136 -1.07954 0.0280413 0.00809742 0.999574 53.7384 
0.999526 0.0126262 -0.0280817 -2.30608 -0.0129106 0.999867 -0.00997142 -1.10793 0.027952 0.0103293 0.999556 54.8295 
0.999538 0.0113466 -0.0282107 -2.35094 -0.0117217 0.999845 -0.0131677 -1.14258 0.0280569 0.0134923 0.999515 55.9185 
0.999565 0.0095587 -0.0278918 -2.3984 -0.00997681 0.999839 -0.0148913 -1.17187 0.0277449 0.0151631 0.9995 57.0085 
0.999569 0.00802806 -0.0282522 -2.44115 -0.00838108 0.999888 -0.0124005 -1.20633 0.0281495 0.012632 0.999524 58.0737 
0.99958 0.00709812 -0.028102 -2.48808 -0.00727719 0.999954 -0.00627663 -1.23549 0.0280561 0.00647854 0.999585 59.1629 
0.999591 0.00555972 -0.0280483 -2.53277 -0.00556243 0.999985 -2.01129e-05 -1.26063 0.0280477 0.000176164 0.999607 60.2569 
0.999601 0.00389262 -0.0279939 -2.58232 -0.00387889 0.999992 0.000543237 -1.27802 0.0279958 -0.000434392 0.999608 61.3536 
0.999601 -0.000188275 -0.0282516 -2.62032 0.000120589 0.999997 -0.002399 -1.29552 0.028252 0.00239468 0.999598 62.4498 
0.999598 -0.00131639 -0.0283161 -2.67487 0.00115953 0.999984 -0.00555687 -1.31896 0.028323 0.00552185 0.999584 63.5499 
0.99959 0.000159199 -0.0286253 -2.72611 -0.000430175 0.999955 -0.00946188 -1.35232 0.0286225 0.00947036 0.999545 64.6594 
0.999598 0.000477072 -0.0283334 -2.79067 -0.000869241 0.999904 -0.013832 -1.37814 0.0283241 0.0138511 0.999503 65.7589 
0.999608 0.00321067 -0.0278152 -2.84631 -0.00361395 0.999889 -0.014462 -1.40338 0.0277656 0.0145569 0.999509 66.8546 
0.999605 0.00724219 -0.027151 -2.89865 -0.00753493 0.999914 -0.0106967 -1.43725 0.0270712 0.0108971 0.999574 67.9522 
0.999595 0.00844709 -0.0271843 -2.94643 -0.00868666 0.999924 -0.00870826 -1.46867 0.0271086 0.00894092 0.999593 69.0414 
0.999602 0.00800801 -0.0270677 -2.99469 -0.00821903 0.999937 -0.00769522 -1.49927 0.0270043 0.00791467 0.999604 70.1404 
0.999613 0.00601444 -0.0271555 -3.03811 -0.00620443 0.999957 -0.00691882 -1.52707 0.0271127 0.00708467 0.999607 71.2409 
0.999603 0.00452907 -0.0277934 -3.0791 -0.00468683 0.999973 -0.00561508 -1.55246 0.0277672 0.00574315 0.999598 72.3379 
0.999596 0.00314001 -0.0282486 -3.12265 -0.00324148 0.999988 -0.00354843 -1.57756 0.0282371 0.0036386 0.999595 73.4358 
0.999581 0.00168514 -0.028909 -3.18106 -0.00174344 0.999997 -0.0019931 -1.60026 0.0289055 0.00204271 0.99958 74.5547 
0.999544 0.000850185 -0.0301784 -3.22072 -0.00094394 0.999995 -0.00309395 -1.62798 0.0301756 0.00312106 0.99954 75.6469 
0.999518 0.000816542 -0.0310405 -3.26689 -0.00103259 0.999975 -0.00694627 -1.65185 0.031034 0.00697502 0.999494 76.7288 
0.999485 0.00131322 -0.0320663 -3.32096 -0.00159251 0.999961 -0.008687 -1.68095 0.0320536 0.00873364 0.999448 77.8136 
0.99947 0.00344997 -0.0323737 -3.39067 -0.00369032 0.999966 -0.00736861 -1.70643 0.0323471 0.00748421 0.999449 78.9132 
0.999435 0.00406361 -0.0333569 -3.44892 -0.00417529 0.999986 -0.00328027 -1.72728 0.033343 0.00341773 0.999438 80.0127 
0.999396 0.00588392 -0.0342442 -3.50366 -0.00585857 0.999983 0.000839296 -1.75316 0.0342485 -0.000638124 0.999413 81.1009 
0.99938 0.00672276 -0.0345592 -3.56761 -0.00668453 0.999977 0.00122059 -1.76905 0.0345666 -0.000988782 0.999402 82.1902 
0.999351 0.00648917 -0.0354385 -3.62213 -0.00652625 0.999978 -0.000932018 -1.78655 0.0354316 0.00116274 0.999371 83.2746 
0.999319 0.00635147 -0.0363412 -3.67261 -0.00641972 0.999978 -0.00176289 -1.80687 0.0363292 0.00199504 0.999338 84.3436 
0.9993 0.00573131 -0.0369699 -3.7275 -0.00580736 0.999981 -0.00195119 -1.82977 0.036958 0.00216457 0.999315 85.4021 
0.999294 0.00491162 -0.0372464 -3.79112 -0.00498219 0.999986 -0.00180316 -1.85259 0.037237 0.0019875 0.999305 86.4471 
0.999272 0.00296022 -0.0380401 -3.84336 -0.00297288 0.999996 -0.00027738 -1.87296 0.038039 0.000390309 0.999276 87.4612 
0.999241 0.00392608 -0.0387663 -3.89799 -0.00383417 0.99999 0.0024439 -1.89576 0.0387754 -0.00229337 0.999245 88.4693 
0.999201 0.00303299 -0.0398448 -3.95023 -0.00289529 0.99999 0.00351209 -1.92184 0.039855 -0.00339388 0.9992 89.4525 
0.999128 0.00251532 -0.0416667 -4.01107 -0.0023696 0.999991 0.00354524 -1.93893 0.0416752 -0.00344337 0.999125 90.402 
0.999001 0.00137127 -0.0446611 -4.0731 -0.0012421 0.999995 0.00291895 -1.96294 0.0446649 -0.00286052 0.998998 91.3406 
0.998859 0.00139057 -0.0477439 -4.14174 -0.0013046 0.999998 0.00183087 -1.97769 0.0477462 -0.00176645 0.998858 92.2468 
0.998706 0.000977393 -0.0508526 -4.20304 -0.000864543 0.999997 0.00224031 -1.9984 0.0508546 -0.0021934 0.998704 93.1409 
0.998552 0.00223989 -0.0537515 -4.27385 -0.00207964 0.999993 0.00303638 -2.0146 0.0537579 -0.00292016 0.99855 94.0089 
0.998369 0.00287409 -0.0570176 -4.3331 -0.00262666 0.999987 0.0044133 -2.03871 0.0570295 -0.0042563 0.998363 94.8666 
0.998194 0.00407892 -0.0599286 -4.40237 -0.00374347 0.999977 0.00570787 -2.05142 0.0599504 -0.00547318 0.998186 95.6806 
0.998046 0.00566981 -0.0622231 -4.47641 -0.0052752 0.999965 0.00650364 -2.06606 0.0622577 -0.00616266 0.998041 96.4749 
0.997887 0.0080097 -0.0644792 -4.54988 -0.0075993 0.999949 0.00660693 -2.07695 0.0645288 -0.00610293 0.997897 97.2558 
0.997693 0.00978684 -0.0671759 -4.61796 -0.00943178 0.99994 0.0056 -2.09528 0.0672266 -0.00495345 0.997725 97.9893 
0.997502 0.0108404 -0.069803 -4.68414 -0.0107331 0.999941 0.00191163 -2.11179 0.0698195 -0.00115761 0.997559 98.6997 
0.997327 0.0134581 -0.0718218 -4.76041 -0.0136324 0.999905 -0.00193752 -2.12525 0.0717889 0.00291149 0.997416 99.3749 
0.997165 0.0154554 -0.0736409 -4.82599 -0.0158267 0.999865 -0.00446199 -2.1426 0.0735619 0.00561488 0.997275 100.023 
0.997076 0.0175506 -0.0743678 -4.88826 -0.0180032 0.999823 -0.00542108 -2.15807 0.0742594 0.00674413 0.997216 100.64 
0.997097 0.0200461 -0.0734502 -4.94857 -0.0204481 0.99978 -0.00472566 -2.18368 0.0733393 0.0062139 0.997288 101.249 
0.99722 0.0234768 -0.0707234 -5.00199 -0.0237735 0.999712 -0.00335666 -2.19858 0.0706241 0.00502871 0.99749 101.823 
0.997532 0.0260528 -0.0651968 -5.04783 -0.0262386 0.999654 -0.00199556 -2.21297 0.0651221 0.00370135 0.99787 102.364 
0.997964 0.0268708 -0.0578423 -5.08273 -0.026917 0.999638 -1.96635e-05 -2.22596 0.0578208 0.00157661 0.998326 102.892 
0.99848 0.0267775 -0.0481837 -5.10825 -0.026691 0.999641 0.0024365 -2.23756 0.0482316 -0.00114668 0.998836 103.394 
0.998993 0.0261423 -0.0364608 -5.12408 -0.0260281 0.999655 0.00360451 -2.24787 0.0365424 -0.00265183 0.999329 103.872 
0.999413 0.0252921 -0.0231086 -5.13073 -0.0252107 0.999675 0.00380562 -2.26052 0.0231973 -0.00322076 0.999726 104.327 
0.999654 0.0250302 -0.00811827 -5.12709 -0.0250074 0.999683 0.00288706 -2.26927 0.00818792 -0.002683 0.999963 104.769 
0.999669 0.0236279 0.0102167 -5.12451 -0.0236295 0.999721 4.58745e-05 -2.28561 -0.0102128 -0.000287233 0.999948 105.187 
0.99924 0.0228464 0.0315932 -5.10336 -0.0227122 0.999732 -0.00459858 -2.29722 -0.0316898 0.00387757 0.99949 105.6 
0.998231 0.0204715 0.0558165 -5.0637 -0.0199853 0.999757 -0.00925507 -2.31428 -0.0559925 0.00812323 0.998398 105.996 
0.996386 0.018006 0.0830146 -5.01221 -0.01709 0.999785 -0.0117312 -2.32599 -0.083208 0.0102701 0.996479 106.391 
0.993506 0.0149339 0.112794 -4.94391 -0.0135832 0.999827 -0.0127339 -2.34414 -0.112964 0.0111191 0.993537 106.776 
0.989274 0.012828 0.145505 -4.86999 -0.0108065 0.999834 -0.0146748 -2.35323 -0.145669 0.012945 0.989249 107.152 
0.983363 0.010419 0.181351 -4.77694 -0.00758189 0.999838 -0.0163303 -2.36586 -0.181492 0.0146837 0.983283 107.521 
0.975476 0.00721711 0.219987 -4.67139 -0.00364855 0.999855 -0.0166235 -2.37844 -0.220075 0.0154132 0.975361 107.874 
0.965569 0.00471338 0.260105 -4.54942 -0.000165349 0.999847 -0.0175043 -2.39344 -0.260148 0.0168586 0.965422 108.219 
0.953242 0.00577864 0.302153 -4.42629 -0.00026827 0.999833 -0.0182752 -2.40971 -0.302209 0.0173396 0.953084 108.546 
0.937954 0.00781062 0.346671 -4.29035 -0.0014122 0.999824 -0.0187054 -2.42618 -0.346756 0.0170553 0.9378 108.864 
0.919997 0.00783847 0.391846 -4.13877 -0.00114849 0.99985 -0.0173043 -2.43765 -0.391923 0.0154699 0.919868 109.17 
0.89966 0.00711558 0.436533 -3.96438 -0.000110113 0.999871 -0.0160711 -2.45004 -0.436591 0.0144105 0.899545 109.463 
0.875931 0.00590733 0.4824 -3.78711 0.00222013 0.999865 -0.0162752 -2.46697 -0.482431 0.015327 0.8758 109.755 
0.850566 0.00642377 0.525829 -3.59006 0.00363813 0.99983 -0.0180992 -2.48385 -0.525856 0.0173076 0.850398 110.017 
0.822519 0.00857602 0.568673 -3.38167 0.00424072 0.999766 -0.0212109 -2.50085 -0.568721 0.019858 0.82229 110.276 
0.791313 0.0133501 0.611265 -3.16001 0.00297656 0.999666 -0.025686 -2.51236 -0.611404 0.0221452 0.791009 110.53 
0.756797 0.0194965 0.653359 -2.92425 -0.000122445 0.999559 -0.0296854 -2.52203 -0.65365 0.0223858 0.756466 110.779 
0.718574 0.0245086 0.695019 -2.66935 -0.00266252 0.999469 -0.0324916 -2.53293 -0.695446 0.0214972 0.718257 111.027 
0.678363 0.0248163 0.734308 -2.39123 -0.00035895 0.999441 -0.0334449 -2.54543 -0.734727 0.0224242 0.677992 111.252 
0.63637 0.0222059 0.771064 -2.09208 0.0033235 0.999497 -0.0315274 -2.562 -0.771377 0.0226258 0.635976 111.461 
0.591428 0.0203551 0.806101 -1.78093 0.00474004 0.999576 -0.0287183 -2.57198 -0.806344 0.0208057 0.591081 111.661 
0.544139 0.0190485 0.838779 -1.44832 0.00554831 0.999639 -0.0263009 -2.58033 -0.838976 0.0189652 0.543837 111.858 
0.495382 0.0165556 0.868518 -1.11267 0.00719916 0.999706 -0.0231625 -2.59395 -0.868645 0.0177269 0.495117 112.017 
0.443806 0.0127369 0.896033 -0.766498 0.0089243 0.999787 -0.0186319 -2.61312 -0.896079 0.0162654 0.443597 112.156 
0.391312 0.0128847 0.920168 -0.405058 0.00634615 0.99984 -0.016699 -2.63062 -0.920236 0.012374 0.391167 112.29 
0.33946 0.017894 0.94045 -0.0409385 0.00232028 0.9998 -0.0198607 -2.6459 -0.940618 0.00892402 0.33935 112.402 
0.288343 0.0230564 0.95725 0.332522 0.0013946 0.999699 -0.0244989 -2.6569 -0.957526 0.00839907 0.288224 112.494 
0.241585 0.0251024 0.970055 0.723707 0.00303731 0.999641 -0.0266244 -2.67105 -0.970375 0.00937842 0.241422 112.561 
0.19994 0.0245807 0.9795 1.13631 0.0102321 0.999578 -0.0271732 -2.68709 -0.979755 0.0154553 0.199604 112.615 
0.164705 0.0247503 0.986032 1.56671 0.0176631 0.999451 -0.0280375 -2.69846 -0.986185 0.0220343 0.164177 112.66 
0.134167 0.0259107 0.99062 2.00878 0.0218528 0.999338 -0.0290984 -2.71014 -0.990718 0.0255519 0.133512 112.699 
0.105694 0.0246438 0.994093 2.48884 0.0202108 0.999433 -0.026925 -2.72016 -0.994193 0.0229372 0.105136 112.756 
0.080196 0.0212567 0.996552 2.97187 0.0137122 0.999655 -0.0224263 -2.73562 -0.996685 0.0154634 0.0798768 112.795 
0.0563396 0.0172909 0.998262 3.47121 0.00895173 0.999801 -0.0178227 -2.7509 -0.998372 0.00994029 0.0561736 112.824 
0.0338165 0.0151456 0.999313 3.99333 0.0127787 0.999797 -0.0155853 -2.76734 -0.999346 0.013297 0.0336161 112.829 
0.0135765 0.0156852 0.999785 4.53591 0.02082 0.999656 -0.0159659 -2.78348 -0.999691 0.0210322 0.0132452 112.823 
-0.00366885 0.0181388 0.999829 5.08823 0.0259328 0.999501 -0.0180377 -2.79746 -0.999657 0.0258622 -0.00413741 112.809 
-0.0178358 0.0237893 0.999558 5.66285 0.0272179 0.999358 -0.0232988 -2.80547 -0.99947 0.0267903 -0.0184719 112.797 
-0.0290665 0.0283068 0.999177 6.25056 0.0241163 0.999328 -0.0276094 -2.82175 -0.999287 0.0232939 -0.0297296 112.794 
-0.0354166 0.0281137 0.998977 6.88956 0.0270842 0.999264 -0.0271615 -2.83636 -0.999006 0.0260946 -0.036152 112.778 
-0.0380635 0.0247073 0.99897 7.53526 0.0335877 0.999161 -0.0234322 -2.85835 -0.998711 0.0326612 -0.0388614 112.756 
-0.0375475 0.0234274 0.99902 8.20357 0.0350718 0.99914 -0.022112 -2.87518 -0.998679 0.0342072 -0.0383368 112.743 
-0.0358235 0.0230299 0.999093 8.89628 0.0337115 0.999193 -0.0218234 -2.89797 -0.998789 0.0328991 -0.036571 112.738 
-0.0341852 0.0230527 0.99915 9.60263 0.0298746 0.999311 -0.0220343 -2.92525 -0.998969 0.0290959 -0.0348503 112.731 
-0.0329006 0.0244852 0.999159 10.3115 0.028976 0.999303 -0.0235346 -2.94017 -0.999039 0.0281773 -0.0335872 112.721 
-0.0318327 0.0252702 0.999174 11.0517 0.0289973 0.999283 -0.0243491 -2.96313 -0.999073 0.0281983 -0.0325427 112.712 
-0.0309466 0.0247046 0.999216 11.7971 0.0284873 0.99931 -0.0238246 -2.9907 -0.999115 0.0277276 -0.031629 112.702 
-0.0304077 0.023226 0.999268 12.5581 0.0272762 0.999377 -0.0223984 -3.0193 -0.999165 0.0265751 -0.0310222 112.698 
-0.0298909 0.0222734 0.999305 13.3341 0.028101 0.999375 -0.0214344 -3.03868 -0.999158 0.0274408 -0.0304981 112.688 
-0.0304881 0.0200186 0.999335 14.1203 0.0288584 0.9994 -0.0191395 -3.06478 -0.999118 0.0282556 -0.0310475 112.675 
-0.0316488 0.0184585 0.999329 14.9277 0.026018 0.999506 -0.0176377 -3.08948 -0.99916 0.0254423 -0.0321134 112.665 
-0.0327946 0.0173748 0.999311 15.7292 0.0250166 0.99955 -0.016558 -3.11438 -0.999149 0.0244564 -0.0332145 112.652 
-0.0338913 0.0147654 0.999316 16.5362 0.0274672 0.999527 -0.0138369 -3.13797 -0.999048 0.0269795 -0.0342808 112.634 
-0.0351223 0.0131321 0.999297 17.3553 0.0287858 0.999512 -0.0121231 -3.16172 -0.998968 0.0283397 -0.0354832 112.614 
-0.036931 0.0126386 0.999238 18.2046 0.026373 0.999584 -0.0116682 -3.17954 -0.99897 0.025922 -0.0372489 112.603 
-0.0380361 0.0175065 0.999123 19.0326 0.0228821 0.9996 -0.0166437 -3.1974 -0.999014 0.022229 -0.0384214 112.594 
-0.0390291 0.0221417 0.998993 19.8613 0.0240065 0.999487 -0.0212147 -3.22304 -0.99895 0.0231543 -0.0395406 112.581 
-0.0401196 0.023711 0.998914 20.7052 0.024377 0.999444 -0.0227445 -3.24956 -0.998898 0.023438 -0.0406753 112.559 
-0.0417665 0.0214491 0.998897 21.5624 0.0210113 0.999567 -0.0205849 -3.27905 -0.998906 0.0201284 -0.0421991 112.543 
-0.0426858 0.0172632 0.998939 22.423 0.0182941 0.999697 -0.0164945 -3.30709 -0.998921 0.0175706 -0.0429887 112.524 
-0.0429164 0.0121255 0.999005 23.2918 0.0167814 0.999794 -0.0114141 -3.33218 -0.998938 0.0162748 -0.0431111 112.499 
-0.0431018 0.00625091 0.999051 24.1421 0.0132255 0.999896 -0.00568557 -3.35553 -0.998983 0.0129679 -0.04318 112.483 
-0.0432456 0.00509121 0.999052 24.9879 0.0106265 0.999933 -0.00463567 -3.37991 -0.999008 0.010416 -0.0432968 112.471 
-0.0422206 0.0117445 0.999039 25.8265 0.0133736 0.999848 -0.0111888 -3.41079 -0.999019 0.0128883 -0.0423713 112.448 
-0.0413818 0.0229776 0.998879 26.6716 0.0154032 0.999631 -0.0223567 -3.43327 -0.999025 0.0144608 -0.0417205 112.426 
-0.0406078 0.0278563 0.998787 27.5 0.0173598 0.99948 -0.0271698 -3.4641 -0.999024 0.0162354 -0.0410703 112.402 
-0.0389648 0.0222142 0.998994 28.352 0.0186052 0.999596 -0.0215019 -3.49506 -0.999067 0.0177487 -0.0393624 112.378 
-0.0380415 0.0143469 0.999173 29.1989 0.0218518 0.99967 -0.0135221 -3.52729 -0.999037 0.0213193 -0.0383425 112.357 
-0.0377225 0.0112177 0.999225 30.0359 0.0231975 0.999677 -0.010347 -3.55801 -0.999019 0.0227892 -0.0379706 112.342 
-0.0377025 0.0119773 0.999217 30.8639 0.0219122 0.999698 -0.0111562 -3.5792 -0.999049 0.0214744 -0.0379535 112.327 
-0.0390753 0.0126711 0.999156 31.6879 0.0186185 0.999755 -0.0119505 -3.60809 -0.999063 0.0181358 -0.0393017 112.322 
-0.0410141 0.0130807 0.999073 32.5078 0.0170431 0.999778 -0.0123903 -3.62692 -0.999013 0.0165191 -0.041228 112.309 
-0.0430803 0.0130763 0.998986 33.3277 0.0163054 0.99979 -0.0123836 -3.65328 -0.998939 0.0157554 -0.0432845 112.287 
-0.0451097 0.0136115 0.998889 34.139 0.0156505 0.999794 -0.012917 -3.67838 -0.998859 0.0150504 -0.0453134 112.265 
-0.0471055 0.0139349 0.998793 34.9412 0.013943 0.999814 -0.0132915 -3.70263 -0.998793 0.0133 -0.047291 112.246 
-0.0496786 0.0132244 0.998678 35.7522 0.0119871 0.999848 -0.0126435 -3.72489 -0.998693 0.0113432 -0.0498296 112.234 
-0.0515312 0.011534 0.998605 36.5488 0.0122794 0.999865 -0.0109149 -3.75451 -0.998596 0.0116998 -0.0516659 112.204 
-0.053654 0.0119504 0.998488 37.3495 0.0121993 0.999862 -0.0113112 -3.77851 -0.998485 0.011574 -0.0537924 112.18 
-0.0551772 0.0130419 0.998391 38.1332 0.0122625 0.999848 -0.0123832 -3.80176 -0.998401 0.0115595 -0.0553288 112.151 
-0.056134 0.0130415 0.998338 38.9151 0.0125163 0.999845 -0.0123574 -3.82794 -0.998345 0.0118018 -0.0562886 112.123 
-0.0573185 0.011822 0.998286 39.7021 0.0145846 0.999833 -0.0110028 -3.85436 -0.998249 0.013929 -0.0574814 112.09 
-0.0588588 0.0108576 0.998207 40.4779 0.0145672 0.999844 -0.0100164 -3.88159 -0.99816 0.0139516 -0.0590078 112.059 
-0.0601298 0.0103686 0.998137 41.2472 0.0130948 0.999868 -0.0095977 -3.90755 -0.998105 0.0124933 -0.0602576 112.029 
-0.0612648 0.00972381 0.998074 42.0014 0.0112551 0.999896 -0.00905064 -3.92711 -0.998058 0.0106789 -0.0613678 111.999 
-0.0619987 0.00834752 0.998041 42.7427 0.0100952 0.999919 -0.00773607 -3.95025 -0.998025 0.00959578 -0.062078 111.97 
-0.0627618 0.00805535 0.997996 43.4636 0.0102847 0.99992 -0.00742405 -3.97369 -0.997976 0.00979816 -0.0628396 111.941 
-0.0626007 0.0105251 0.997983 44.1648 0.0108483 0.999893 -0.00986472 -3.99827 -0.99798 0.0102089 -0.0627081 111.904 
-0.0622206 0.0125174 0.997984 44.852 0.010239 0.999877 -0.0119027 -4.02816 -0.99801 0.0094778 -0.0623411 111.869 
-0.0623631 0.014008 0.997955 45.5517 0.00826216 0.999875 -0.0135186 -4.05148 -0.998019 0.00740221 -0.062471 111.842 
-0.0621183 0.0148112 0.997959 46.2486 0.00880605 0.999859 -0.0142912 -4.07482 -0.99803 0.00790033 -0.06224 111.808 
-0.0615459 0.0148039 0.997995 46.9431 0.0107841 0.999842 -0.0141662 -4.09731 -0.998046 0.0098906 -0.0616958 111.77 
-0.0615699 0.0143342 0.998 47.6345 0.011657 0.999839 -0.0136414 -4.11846 -0.998035 0.0107938 -0.061727 111.736 
-0.0620789 0.0144213 0.997967 48.3333 0.00781219 0.999872 -0.0139628 -4.13996 -0.998041 0.00692951 -0.0621836 111.716 
-0.0618195 0.0146724 0.99798 49.0161 0.00540648 0.999882 -0.0143654 -4.16571 -0.998073 0.00450749 -0.0618916 111.693 
-0.0620203 0.0132511 0.997987 49.7046 0.0069702 0.999893 -0.0128432 -4.18665 -0.998051 0.00615963 -0.0621061 111.667 
-0.0627729 0.0123443 0.997952 50.3847 0.00746651 0.999901 -0.0118988 -4.21599 -0.998 0.00670429 -0.0628589 111.633 
-0.0662656 0.0118052 0.997732 51.0654 0.00414463 0.999925 -0.0115558 -4.23663 -0.997793 0.00336948 -0.0663095 111.604 
-0.0712823 0.0111331 0.997394 51.7301 -3.34764e-05 0.999938 -0.0111638 -4.26405 -0.997456 -0.000829175 -0.0712775 111.572 
-0.076929 0.014917 0.996925 52.4073 0.00355394 0.999886 -0.014687 -4.28344 -0.99703 0.00241316 -0.0769733 111.525 
-0.0832987 0.0179265 0.996363 53.078 0.00602899 0.999829 -0.0174848 -4.29967 -0.996506 0.0045506 -0.0833925 111.471 
-0.0907557 0.01977 0.995677 53.7537 0.00554306 0.999798 -0.0193465 -4.31749 -0.995858 0.00376329 -0.0908469 111.424 
-0.0971967 0.0190822 0.995082 54.4373 0.00195967 0.999818 -0.0189816 -4.33976 -0.995263 0.00010508 -0.0972164 111.378 
-0.102278 0.017464 0.994603 55.1183 0.00107987 0.999847 -0.0174451 -4.36792 -0.994755 -0.000710201 -0.102281 111.318 
-0.107064 0.0182697 0.994084 55.8147 -0.00128392 0.999828 -0.0185135 -4.38668 -0.994251 -0.00325845 -0.107022 111.259 
-0.110585 0.0178661 0.993706 56.5154 -0.00320921 0.999827 -0.0183333 -4.40392 -0.993862 -0.00521639 -0.110508 111.191 
-0.113234 0.0148619 0.993457 57.2219 -0.00249533 0.999881 -0.0152424 -4.42271 -0.993565 -0.00420497 -0.113184 111.126 
-0.114741 0.0117116 0.993326 57.9331 -0.000446471 0.99993 -0.011841 -4.4435 -0.993395 -0.00180215 -0.114728 111.052 
-0.116238 0.00909214 0.99318 58.6594 -0.000616894 0.999957 -0.00922635 -4.46162 -0.993221 -0.00168514 -0.116227 110.984 
-0.117379 0.00903885 0.993046 59.3888 -0.00146499 0.999956 -0.00927487 -4.47828 -0.993086 -0.00254348 -0.117361 110.91 
-0.1173 0.0128795 0.993013 60.1162 0.000394625 0.999916 -0.0129224 -4.49589 -0.993097 -0.00112392 -0.117295 110.832 
-0.116976 0.016795 0.992993 60.845 0.00612534 0.99985 -0.0161894 -4.51833 -0.993116 0.00418864 -0.117061 110.745 
-0.117292 0.0217441 0.992859 61.5926 0.013855 0.999699 -0.0202571 -4.54172 -0.993001 0.0113801 -0.117558 110.657 
-0.117938 0.0231716 0.992751 62.3398 0.0145406 0.999661 -0.0216054 -4.56271 -0.992915 0.0118871 -0.118235 110.581 
-0.118069 0.0207474 0.992789 63.0963 0.0127095 0.999731 -0.019381 -4.59131 -0.992924 0.0103296 -0.118301 110.506 
-0.118027 0.0158862 0.992883 63.8454 0.0126607 0.999815 -0.0144921 -4.61481 -0.99293 0.0108601 -0.118206 110.434 
-0.117584 0.0140866 0.992963 64.5997 0.0152689 0.999807 -0.0123756 -4.63821 -0.992946 0.0137062 -0.117776 110.347 
-0.118626 0.0135782 0.992846 65.3501 0.0153886 0.999812 -0.0118348 -4.66643 -0.99282 0.0138746 -0.118813 110.272 
-0.120022 0.0143306 0.992668 66.0987 0.0139783 0.999821 -0.0127437 -4.69007 -0.992673 0.0123463 -0.120201 110.194 
-0.122304 0.0152905 0.992375 66.8423 0.0134324 0.999815 -0.0137496 -4.71128 -0.992402 0.0116484 -0.122487 110.118 
-0.124059 0.0154433 0.992155 67.5872 0.0152545 0.99979 -0.0136547 -4.73582 -0.992158 0.0134408 -0.124268 110.029 
-0.125637 0.0153296 0.991958 68.3303 0.014933 0.999797 -0.0135593 -4.76079 -0.991964 0.0131094 -0.12584 109.942 
-0.127697 0.0151016 0.991698 69.084 0.0151005 0.999798 -0.0132805 -4.78354 -0.991698 0.0132792 -0.127899 109.864 
-0.12896 0.0156878 0.991526 69.8275 0.0134328 0.999811 -0.0140718 -4.80542 -0.991559 0.0115043 -0.129146 109.777 
-0.130236 0.0171561 0.991335 70.5928 0.0136348 0.999787 -0.015511 -4.8282 -0.991389 0.0114965 -0.130442 109.696 
-0.131071 0.0177348 0.991214 71.3531 0.0127779 0.999787 -0.0161985 -4.84791 -0.991291 0.0105424 -0.131269 109.614 
-0.132524 0.0180591 0.991015 72.1266 0.0128056 0.999782 -0.0165064 -4.86854 -0.991097 0.010503 -0.132726 109.532 
-0.133604 0.0165881 0.990896 72.9092 0.0131652 0.999801 -0.0149621 -4.88737 -0.990947 0.0110463 -0.133796 109.445 
-0.134824 0.0142917 0.990767 73.693 0.0111151 0.999855 -0.0129102 -4.91005 -0.990807 0.00927184 -0.134963 109.361 
-0.136497 0.012528 0.990561 74.4766 0.00820577 0.9999 -0.0115153 -4.92749 -0.990607 0.0065565 -0.136586 109.273 
-0.138679 0.0122513 0.990262 75.2713 0.0100977 0.999889 -0.0109562 -4.94393 -0.990286 0.00847999 -0.138788 109.178 
-0.140248 0.0128909 0.990032 76.0645 0.0117673 0.999866 -0.0113519 -4.96571 -0.990046 0.010058 -0.140381 109.076 
-0.142598 0.0139224 0.989683 76.863 0.0109672 0.999862 -0.0124853 -4.99042 -0.98972 0.00907372 -0.142731 108.981 
-0.143997 0.0177404 0.989419 77.6742 0.0125424 0.999792 -0.016101 -5.00876 -0.989499 0.0100912 -0.14419 108.879 
-0.144614 0.0217756 0.989249 78.4876 0.0147306 0.999694 -0.0198521 -5.03533 -0.989379 0.0117013 -0.144891 108.779 
-0.145808 0.0255925 0.988982 79.308 0.0158847 0.999597 -0.0235253 -5.06527 -0.989185 0.0122795 -0.146156 108.676 
-0.145415 0.0267924 0.989008 80.1351 0.01821 0.999536 -0.0244001 -5.09436 -0.989203 0.0144617 -0.145835 108.566 
-0.144862 0.025962 0.989111 80.971 0.0218059 0.999497 -0.023041 -5.12867 -0.989212 0.0182307 -0.145355 108.454 
-0.14468 0.0241668 0.989183 81.8192 0.0225059 0.999523 -0.0211276 -5.15859 -0.989223 0.0192057 -0.145155 108.345 
-0.144076 0.0225222 0.98931 82.666 0.0218161 0.99957 -0.0195786 -5.19017 -0.989326 0.0187621 -0.144505 108.24 
-0.142144 0.0201257 0.989641 83.52 0.0208285 0.999633 -0.0173372 -5.21911 -0.989627 0.0181484 -0.142511 108.135 
-0.140258 0.0171627 0.989966 84.3781 0.021478 0.999667 -0.0142878 -5.2451 -0.989882 0.0192585 -0.14058 108.028 
-0.139145 0.0138667 0.990175 85.243 0.0218489 0.999702 -0.0109298 -5.26865 -0.990031 0.0201134 -0.139406 107.931 
-0.13763 0.0134676 0.990392 86.1121 0.0197133 0.999747 -0.0108553 -5.29689 -0.990288 0.0180299 -0.13786 107.835 
-0.136163 0.0176964 0.990528 86.973 0.0207343 0.999672 -0.0150095 -5.32339 -0.99047 0.0184942 -0.136485 107.73 
-0.134412 0.0240295 0.990634 87.8303 0.0215585 0.99954 -0.0213204 -5.34803 -0.990691 0.0184909 -0.134868 107.63 
-0.132841 0.0272414 0.990763 88.6857 0.0193487 0.999503 -0.0248874 -5.38173 -0.990949 0.0158639 -0.133302 107.532 
-0.131686 0.0249918 0.990976 89.5385 0.018072 0.999577 -0.0228072 -5.41356 -0.991127 0.0149055 -0.132082 107.443 
-0.13047 0.0222389 0.991203 90.4046 0.0182483 0.999633 -0.020026 -5.4472 -0.991284 0.015475 -0.130827 107.346 
-0.129646 0.0209432 0.991339 91.2804 0.0197215 0.999634 -0.0185392 -5.47375 -0.991364 0.0171472 -0.130012 107.239 
-0.128869 0.0203438 0.991453 92.1395 0.0185398 0.999664 -0.0181024 -5.50896 -0.991488 0.0160485 -0.129203 107.145 
-0.128138 0.0202496 0.99155 92.9997 0.0180696 0.999673 -0.0180803 -5.54179 -0.991592 0.0156001 -0.128462 107.047 
-0.127044 0.0185926 0.991723 93.8844 0.0209256 0.999652 -0.0160606 -5.56994 -0.991676 0.018712 -0.127389 106.939 
-0.125755 0.0177912 0.991902 94.7548 0.0238424 0.999605 -0.0149065 -5.60164 -0.991775 0.0217747 -0.126129 106.84 
-0.12471 0.0192383 0.992007 95.6204 0.0262583 0.999526 -0.016083 -5.62912 -0.991846 0.0240427 -0.125157 106.738 
-0.123806 0.0212573 0.992079 96.4821 0.0266725 0.999481 -0.0180873 -5.6613 -0.991948 0.0242219 -0.124309 106.644 
-0.122582 0.0228093 0.992196 97.3577 0.0241975 0.999507 -0.0199879 -5.69201 -0.992163 0.0215585 -0.123073 106.549 
-0.121857 0.0183677 0.992378 98.2233 0.0189437 0.99969 -0.0161768 -5.72517 -0.992367 0.0168281 -0.122167 106.465 
-0.12199 0.0165149 0.992394 99.0828 0.0143712 0.999786 -0.0148713 -5.75522 -0.992427 0.0124477 -0.122201 106.385 
-0.122673 0.0168801 0.992304 99.9368 0.0109872 0.999817 -0.0156496 -5.78784 -0.992386 0.00898285 -0.122836 106.292 
-0.123896 0.0216071 0.99206 100.779 0.00792323 0.999753 -0.0207851 -5.81637 -0.992264 0.00528512 -0.124037 106.21 
-0.12445 0.0241246 0.991933 101.618 0.00734029 0.999699 -0.0233925 -5.84886 -0.992199 0.00436987 -0.12459 106.118 
-0.124778 0.0243492 0.991886 102.459 0.00815466 0.99969 -0.0235149 -5.88531 -0.992151 0.00515436 -0.124937 106.025 
-0.12444 0.0237759 0.991942 103.295 0.0100625 0.999692 -0.0226993 -5.92324 -0.992176 0.00715677 -0.124641 105.923 
-0.124924 0.0244989 0.991864 104.123 0.01155 0.999663 -0.0232368 -5.95774 -0.992099 0.00855318 -0.125165 105.831 
-0.125263 0.0274493 0.991744 104.941 0.0129723 0.999577 -0.0260276 -5.99589 -0.992039 0.0096049 -0.125566 105.739 
-0.125729 0.0289344 0.991643 105.757 0.0126775 0.99954 -0.0275574 -6.03087 -0.991984 0.00910681 -0.126038 105.648 
-0.127105 0.029338 0.991455 106.573 0.0110951 0.999542 -0.0281549 -6.06556 -0.991827 0.00742171 -0.127372 105.57 
-0.129331 0.0281712 0.991201 107.387 0.00938631 0.999586 -0.0271848 -6.10406 -0.991557 0.00578788 -0.129542 105.486 
-0.132094 0.029551 0.990797 108.191 0.00956297 0.999547 -0.028537 -6.13775 -0.991191 0.00570538 -0.132317 105.39 
-0.135428 0.0323081 0.99026 108.984 0.008881 0.999468 -0.0313939 -6.17559 -0.990747 0.0045429 -0.135642 105.299 
-0.138518 0.0335792 0.989791 109.77 0.00761813 0.999432 -0.0328401 -6.21435 -0.990331 0.00299142 -0.138695 105.202 
-0.141926 0.0335522 0.989309 110.556 0.00810306 0.999431 -0.032733 -6.25363 -0.989844 0.00337076 -0.142117 105.107 
-0.144833 0.0322781 0.98893 111.341 0.00929003 0.999468 -0.0312615 -6.2906 -0.989413 0.00465948 -0.145056 105.008 
-0.147504 0.0331929 0.988504 112.117 0.0108061 0.999431 -0.0319473 -6.32876 -0.989003 0.00596957 -0.147779 104.907 
-0.149311 0.0374932 0.988079 112.883 0.00605361 0.999297 -0.037004 -6.37312 -0.988772 0.000456323 -0.149433 104.811 
-0.151051 0.0441141 0.987541 113.651 0.00389953 0.999023 -0.0440305 -6.41937 -0.988518 -0.00279992 -0.151075 104.715 
-0.153461 0.047525 0.987011 114.42 0.0083351 0.99887 -0.0468 -6.45605 -0.98812 0.00104488 -0.153683 104.602 
-0.156154 0.0457696 0.986672 115.194 0.0102976 0.998947 -0.0447093 -6.49526 -0.987679 0.00317882 -0.156461 104.489 
-0.159477 0.0377541 0.98648 115.972 0.00842502 0.999284 -0.0368821 -6.54515 -0.987166 0.00242927 -0.159681 104.384 
-0.161877 0.0356812 0.986166 116.745 0.00742267 0.999362 -0.0349402 -6.59087 -0.986783 0.00166396 -0.162039 104.274 
-0.163234 0.0385209 0.985835 117.504 0.00711817 0.999257 -0.0378667 -6.63348 -0.986562 0.000836223 -0.163387 104.157 
-0.165764 0.0418825 0.985276 118.256 0.00466642 0.99912 -0.0416858 -6.67418 -0.986155 -0.00231229 -0.165813 104.045 
-0.168146 0.0443351 0.984765 118.998 0.00413973 0.999011 -0.0442696 -6.71921 -0.985753 -0.00336711 -0.168163 103.931 
-0.170182 0.0483971 0.984224 119.743 0.00767435 0.998828 -0.0477883 -6.77138 -0.985383 -0.000579407 -0.170354 103.814 
-0.171664 0.0531734 0.98372 120.481 0.00798092 0.998585 -0.0525842 -6.81319 -0.985123 -0.00117583 -0.171845 103.694 
-0.174226 0.0553856 0.983147 121.218 0.00717263 0.998462 -0.0549772 -6.86288 -0.98468 -0.00252672 -0.174355 103.575 
-0.176865 0.0532815 0.982792 121.969 0.00836495 0.998579 -0.052632 -6.90749 -0.9842 -0.00108777 -0.17706 103.463 
-0.180654 0.0500265 0.982274 122.716 0.0125992 0.998741 -0.048548 -6.95531 -0.983466 0.00360547 -0.181057 103.335 
-0.186176 0.0491234 0.981288 123.451 0.0150732 0.998775 -0.047139 -6.99735 -0.982401 0.00601494 -0.186689 103.202 
-0.192746 0.0481709 0.980066 124.186 0.0136739 0.998829 -0.0464039 -7.04176 -0.981154 0.00445713 -0.193179 103.079 
-0.201291 0.0485118 0.978329 124.919 0.0125595 0.998819 -0.0469436 -7.08876 -0.979451 0.00283796 -0.201663 102.947 
-0.21184 0.0487543 0.976087 125.641 0.0117013 0.99881 -0.0473497 -7.13659 -0.977234 0.00139095 -0.212159 102.802 
-0.223768 0.0497911 0.97337 126.355 0.0126966 0.998758 -0.0481709 -7.18202 -0.97456 0.00157934 -0.224122 102.648 
-0.236395 0.0503898 0.97035 127.065 0.0136205 0.998728 -0.0485452 -7.2295 -0.971562 0.00174082 -0.236781 102.485 
-0.248245 0.0505662 0.967377 127.772 0.0164582 0.998713 -0.0479807 -7.27355 -0.968557 0.00401028 -0.248758 102.308 
-0.258926 0.0512519 0.964536 128.474 0.0199097 0.998662 -0.0477205 -7.31337 -0.965692 0.00684751 -0.2596 102.119 
-0.269072 0.0508421 0.961777 129.175 0.0237698 0.998652 -0.0461414 -7.36209 -0.962827 0.0104459 -0.269918 101.926 
-0.277833 0.0513203 0.959258 129.865 0.0294861 0.998557 -0.0448826 -7.40935 -0.960177 0.0158149 -0.278945 101.725 
-0.285492 0.0513417 0.957005 130.557 0.0348922 0.998459 -0.0431566 -7.45355 -0.957746 0.0210711 -0.286843 101.519 
-0.291858 0.0517283 0.955062 131.241 0.0349763 0.998446 -0.0433896 -7.49459 -0.955822 0.0207409 -0.293214 101.318 
-0.296431 0.0497967 0.953755 131.932 0.0388157 0.998443 -0.0400658 -7.53483 -0.954265 0.025144 -0.297902 101.11 
-0.298249 0.0472231 0.953319 132.616 0.0447994 0.998367 -0.0354389 -7.57155 -0.953436 0.0321385 -0.299877 100.893 
-0.299529 0.0460986 0.952973 133.292 0.0510917 0.998174 -0.0322264 -7.60628 -0.952718 0.0390362 -0.301338 100.682 
-0.300486 0.044584 0.952744 133.967 0.0536746 0.998114 -0.0297787 -7.64606 -0.952275 0.0421901 -0.302312 100.477 
-0.300234 0.0501442 0.952547 134.625 0.0558189 0.99783 -0.0349344 -7.6804 -0.952231 0.0426817 -0.302381 100.278 
-0.298707 0.0531287 0.952865 135.284 0.0554727 0.997728 -0.0382403 -7.71772 -0.952731 0.0414353 -0.300976 100.077 
-0.298113 0.0531121 0.953052 135.945 0.0571213 0.997654 -0.0377303 -7.75167 -0.95282 0.0431917 -0.300447 99.8832 
-0.296385 0.0515853 0.953674 136.601 0.0581035 0.997665 -0.0359072 -7.78741 -0.953299 0.0447694 -0.29869 99.689 
-0.294292 0.0483626 0.954491 137.253 0.0601507 0.997676 -0.0320048 -7.83256 -0.953821 0.0479945 -0.296517 99.4915 
-0.292929 0.0490491 0.954875 137.903 0.0611749 0.997599 -0.0324769 -7.86984 -0.954175 0.048901 -0.295226 99.3015 
-0.290317 0.0514439 0.955547 138.538 0.0621062 0.997462 -0.0348311 -7.90332 -0.954913 0.0492333 -0.292775 99.1189 
-0.286329 0.0533984 0.956642 139.175 0.063971 0.997283 -0.0365199 -7.93755 -0.955993 0.0507406 -0.288967 98.94 
-0.280996 0.052385 0.958278 139.811 0.0646624 0.997274 -0.0355558 -7.97343 -0.957528 0.0519735 -0.283617 98.7643 
-0.275645 0.0504254 0.959936 140.439 0.0660962 0.997254 -0.0334062 -8.01179 -0.958984 0.0542398 -0.278221 98.5947 
-0.271047 0.0484343 0.961347 141.067 0.0654827 0.997347 -0.0317854 -8.04629 -0.960336 0.0543362 -0.2735 98.4288 
-0.26766 0.0476538 0.962334 141.694 0.065656 0.997357 -0.0311267 -8.08061 -0.961274 0.0548517 -0.270081 98.2746 
-0.26381 0.0465637 0.96345 142.313 0.0666201 0.997329 -0.0299592 -8.10717 -0.962271 0.0562817 -0.266207 98.1195 
-0.260331 0.0449816 0.964471 142.937 0.0697968 0.997178 -0.0276673 -8.13754 -0.962993 0.0601143 -0.262736 97.9671 
-0.256662 0.0431992 0.965535 143.543 0.0701505 0.997198 -0.0259681 -8.1654 -0.963952 0.0610677 -0.258973 97.8161 
-0.253151 0.0417114 0.966527 144.14 0.0690393 0.997302 -0.0249568 -8.19914 -0.96496 0.0604105 -0.255348 97.67 
-0.249745 0.0426536 0.967372 144.732 0.0663491 0.997435 -0.0268499 -8.23355 -0.966036 0.0574786 -0.251934 97.5352 
-0.244983 0.0463258 0.96842 145.324 0.0680559 0.997216 -0.030487 -8.26044 -0.967136 0.0584379 -0.247454 97.3984 
-0.239461 0.0493316 0.969652 145.904 0.0699199 0.996991 -0.0334554 -8.29365 -0.968385 0.0597867 -0.24219 97.2672 
-0.232645 0.049979 0.971277 146.497 0.0688615 0.997019 -0.0348096 -8.32582 -0.970121 0.0587853 -0.235393 97.1358 
