1 2.12261e-08 -2.11895e-08 0 2.12261e-08 1 2.10703e-08 0 -2.11895e-08 2.10703e-08 1 0 
0.999996 0.000969528 0.00253528 -0.0378409 -0.00096668 0.999999 -0.00110718 -0.0159751 -0.0025364 0.00110477 0.999996 1.21686 
0.999993 0.00124432 0.00364974 -0.0515643 -0.00124195 0.999999 -0.000640792 -0.0367826 -0.00365058 0.000636296 0.999993 2.42465 
0.999988 0.000845686 0.00478774 -0.0712588 -0.00084451 1 -0.000238778 -0.0579404 -0.00478798 0.000234774 0.999989 3.63298 
0.999987 0.000533079 0.00507552 -0.0794067 -0.000531484 1 -0.000307118 -0.0744378 -0.00507573 0.000304458 0.999987 4.83632 
0.999985 0.000207204 0.00556542 -0.0856861 -0.000206454 1 -0.000127599 -0.0957242 -0.00556548 0.00012649 0.999985 6.04391 
0.999981 0.00074517 0.00610947 -0.0980202 -0.000738456 0.999999 -0.00109418 -0.117102 -0.00611033 0.00108969 0.999981 7.24494 
0.999979 4.94527e-05 0.00655367 -0.10605 -4.0586e-05 0.999999 -0.00134656 -0.140773 -0.00655377 0.00134631 0.999978 8.45015 
0.999979 -0.000617075 0.00644256 -0.115343 0.000619074 1 -0.000301621 -0.151188 -0.00644241 0.000305645 0.999979 9.66537 
0.999985 -0.000837556 0.00534052 -0.140309 0.000833623 0.999999 0.000746563 -0.172824 -0.00534118 -0.000742058 0.999986 10.8766 
0.999992 -0.00203548 0.00334597 -0.166645 0.00203529 0.999998 7.24037e-05 -0.19163 -0.00334615 -6.5551e-05 0.999994 12.0957 
0.999998 -0.00157901 0.00151737 -0.183666 0.00157991 0.999999 -0.000562922 -0.210946 -0.00151652 0.00056536 0.999999 13.3252 
0.999999 -0.00113139 0.000592321 -0.215025 0.00113177 0.999999 -0.00057195 -0.233653 -0.000591716 0.000572662 1 14.5339 
1 9.06241e-05 -0.000402809 -0.237893 -9.0952e-05 1 -0.00091959 -0.255367 0.000402683 0.000919669 1 15.7404 
0.999999 -0.000438425 -0.00113984 -0.257345 0.000437771 1 -0.000610957 -0.284578 0.00114006 0.0006105 0.999999 16.9467 
0.999998 -0.00106068 -0.00169902 -0.278841 0.00106021 0.999999 -0.000306048 -0.30393 0.0016993 0.000304288 0.999999 18.1718 
0.999997 -0.00138982 -0.00220217 -0.302482 0.00138983 0.999999 -1.74715e-05 -0.326466 0.00220215 1.4453e-05 0.999998 19.3987 
0.999994 -0.00111532 -0.00328417 -0.323305 0.00111212 0.999999 -0.000989016 -0.347343 0.00328522 0.0009854 0.999994 20.5957 
0.999992 -0.00131986 -0.0038658 -0.347427 0.00131299 0.999998 -0.00179139 -0.367444 0.00386812 0.00178635 0.999991 21.8043 
0.99999 0.000308357 -0.00446751 -0.382359 -0.00031416 0.999999 -0.00130795 -0.385697 0.00446706 0.00130938 0.999989 23.0109 
0.999987 1.91044e-05 -0.00517745 -0.408577 -2.62432e-05 0.999999 -0.00138695 -0.413977 0.00517738 0.00138711 0.999986 24.2313 
0.999982 -0.000152875 -0.00593262 -0.440946 0.000140353 0.999998 -0.00211809 -0.431626 0.00593288 0.00211726 0.99998 25.4253 
0.999977 -4.54365e-05 -0.00683605 -0.473706 3.59697e-05 0.999999 -0.00139115 -0.45726 0.00683607 0.00139091 0.999976 26.6149 
0.999972 -0.000853951 -0.00739588 -0.502559 0.00085675 1 0.000369656 -0.479509 0.00739552 -0.00037594 0.999973 27.8239 
0.999963 -0.00180444 -0.00837172 -0.53974 0.00180969 0.999998 0.000614597 -0.50297 0.00837055 -0.000629682 0.999965 29.0378 
0.999951 -0.00276905 -0.00949118 -0.564546 0.00276715 0.999996 -0.000217351 -0.526213 0.0094917 0.000191119 0.999955 30.246 
0.999939 -0.00344402 -0.0105025 -0.59862 0.00343082 0.999993 -0.00127795 -0.547552 0.0105067 0.00124189 0.999944 31.477 
0.999936 -0.00251392 -0.0110731 -0.637878 0.00250144 0.999996 -0.00114463 -0.570754 0.0110759 0.0011169 0.999938 32.6997 
0.999931 -0.00321145 -0.0113239 -0.674111 0.00320398 0.999995 -0.00068184 -0.595171 0.011326 0.000645554 0.999936 33.9629 
0.999921 -0.00397583 -0.0119131 -0.710331 0.00396948 0.999992 -0.000560406 -0.612531 0.0119152 0.000513116 0.999929 35.1676 
0.999915 -0.00425981 -0.0123016 -0.750844 0.00425346 0.999991 -0.000545264 -0.636594 0.0123038 0.000492936 0.999924 36.3477 
0.999906 -0.00438474 -0.0130307 -0.78302 0.00438172 0.99999 -0.000263289 -0.664318 0.0130317 0.00020621 0.999915 37.5685 
0.999896 -0.00557056 -0.01333 -0.816603 0.00557962 0.999984 0.000639291 -0.694568 0.0133262 -0.000713558 0.999911 38.7539 
0.999901 -0.00529057 -0.0130358 -0.854767 0.00531604 0.999984 0.00191689 -0.715664 0.0130254 -0.00198596 0.999913 39.9732 
0.999907 -0.00487764 -0.0127753 -0.896671 0.00491627 0.999983 0.00299145 -0.738197 0.0127604 -0.00305394 0.999914 41.1968 
0.999908 -0.00460052 -0.0127712 -0.933789 0.00463002 0.999987 0.00227832 -0.756103 0.0127606 -0.0023372 0.999916 42.4357 
0.999918 -0.00397966 -0.0121984 -0.982987 0.00401114 0.999989 0.00255388 -0.781987 0.012188 -0.00260256 0.999922 43.6529 
0.999931 -0.00142579 -0.0116651 -1.01919 0.00147422 0.99999 0.00414075 -0.797084 0.011659 -0.00415762 0.999923 44.8735 
0.999943 -0.00186355 -0.0105085 -1.04844 0.00193873 0.999973 0.00714387 -0.81308 0.0104949 -0.0071638 0.999919 46.0823 
0.999961 -0.00127968 -0.00879784 -1.082 0.00136831 0.999948 0.0100713 -0.826315 0.00878446 -0.0100829 0.999911 47.2939 
0.999976 -0.000386146 -0.00694313 -1.11557 0.000476331 0.999916 0.0129861 -0.824029 0.00693748 -0.0129891 0.999892 48.5231 
0.999982 -0.00118238 -0.00585298 -1.14085 0.00126694 0.999895 0.0144572 -0.832322 0.00583523 -0.0144643 0.999878 49.7386 
0.999983 -0.00309196 -0.00491341 -1.14901 0.00315562 0.999911 0.0129936 -0.835921 0.00487275 -0.0130089 0.999904 50.965 
0.999991 -0.00182333 -0.00388166 -1.17509 0.00186662 0.999936 0.0111684 -0.83774 0.003861 -0.0111755 0.99993 52.1644 
0.999994 -0.00181421 -0.00311715 -1.20342 0.00184799 0.999939 0.0108537 -0.849548 0.00309723 -0.0108594 0.999936 53.3685 
0.999993 -0.00167991 -0.00335211 -1.22102 0.00171547 0.999942 0.0106201 -0.859604 0.00333403 -0.0106258 0.999938 54.5697 
0.999989 -0.00241967 -0.0040267 -1.25216 0.00245782 0.999952 0.00948602 -0.867219 0.00400351 -0.00949577 0.999947 55.7857 
0.999983 -0.00214617 -0.00543203 -1.28315 0.00219877 0.999951 0.00968798 -0.871297 0.00541093 -0.00969971 0.999938 57.0026 
0.999974 -0.00265454 -0.00673923 -1.31259 0.00273145 0.999931 0.0114228 -0.889576 0.0067084 -0.0114408 0.999912 58.2224 
0.99997 -0.00251094 -0.00739689 -1.35322 0.00259848 0.999927 0.0118423 -0.90163 0.00736657 -0.0118611 0.999903 59.4328 
0.999967 -0.00141177 -0.008058 -1.3899 0.00150401 0.999933 0.0114476 -0.907073 0.00804126 -0.0114593 0.999902 60.6474 
0.999967 -0.00106408 -0.00805946 -1.43188 0.00115357 0.999938 0.0111028 -0.91215 0.0080471 -0.0111117 0.999906 61.8638 
0.999964 -0.00157089 -0.00832802 -1.45876 0.00165954 0.999942 0.0106438 -0.924125 0.00831078 -0.0106572 0.999909 63.0729 
0.999959 -0.00297 -0.00856084 -1.48589 0.00305529 0.999946 0.00996192 -0.939084 0.00853074 -0.00998762 0.999914 64.2886 
0.999953 -0.00318783 -0.0091735 -1.51295 0.00329302 0.999929 0.0114694 -0.950006 0.00913624 -0.011499 0.999892 65.5003 
0.999948 -0.00366157 -0.00952382 -1.54837 0.00378756 0.999905 0.0132401 -0.963917 0.00947439 -0.0132754 0.999867 66.6919 
0.999951 -0.00300022 -0.00948483 -1.58742 0.0031091 0.999929 0.0114811 -0.968603 0.00944967 -0.01151 0.999889 67.9147 
0.999957 -0.00155311 -0.00919129 -1.62311 0.00165038 0.999943 0.0105801 -0.983174 0.00917429 -0.0105948 0.999902 69.1338 
0.999962 0.000692918 -0.00864235 -1.67006 -0.000597564 0.999939 0.0110262 -0.991812 0.00864942 -0.0110206 0.999902 70.3159 
0.999961 0.0029182 -0.00839855 -1.70774 -0.00282608 0.999936 0.0109547 -0.995722 0.00842994 -0.0109305 0.999905 71.5196 
0.999958 0.00443599 -0.00802852 -1.7461 -0.00434351 0.999925 0.0114943 -1.00199 0.00807886 -0.011459 0.999902 72.7213 
0.999962 0.0050347 -0.00711949 -1.77324 -0.00494585 0.99991 0.0124373 -1.01187 0.00718143 -0.0124016 0.999897 73.9112 
0.999963 0.00717359 -0.00478821 -1.8055 -0.00711023 0.999889 0.0131137 -1.01586 0.0048817 -0.0130791 0.999903 75.1104 
0.99998 0.00602565 -0.00167358 -1.83616 -0.00600727 0.999924 0.0107545 -1.02208 0.00173821 -0.0107442 0.999941 76.3065 
0.999995 0.00303231 0.00113496 -1.8581 -0.00303921 0.999976 0.00616282 -1.03701 -0.00111629 -0.00616619 0.99998 77.4937 
0.999986 0.00423754 0.00332132 -1.869 -0.00425567 0.999976 0.00548338 -1.04613 -0.00329804 -0.00549739 0.999979 78.6782 
0.999978 0.00199649 0.0062551 -1.88797 -0.00205503 0.999954 0.00937285 -1.0672 -0.00623614 -0.00938546 0.999937 79.8572 
0.999951 0.00319005 0.00940091 -1.90969 -0.00328717 0.999941 0.0103388 -1.07387 -0.00936742 -0.0103691 0.999902 81.1159 
0.999891 0.00333525 0.0143554 -1.92837 -0.00346051 0.999956 0.00871216 -1.08581 -0.0143257 -0.00876085 0.999859 82.2699 
0.999835 0.00259429 0.0179846 -1.93566 -0.00270431 0.999978 0.00609815 -1.11536 -0.0179684 -0.00614574 0.99982 83.4534 
0.999749 0.00170337 0.02233 -1.94647 -0.00176123 0.999995 0.00257381 -1.1318 -0.0223255 -0.00261245 0.999747 84.6246 
0.999665 0.00072504 0.0258855 -1.94884 -0.000773292 0.999998 0.00185574 -1.15289 -0.0258841 -0.00187509 0.999663 85.8222 
0.999554 0.00093192 0.0298515 -1.94314 -0.00104923 0.999992 0.0039159 -1.18123 -0.0298477 -0.00394544 0.999547 86.983 
0.999415 0.00245153 0.0341051 -1.93542 -0.00259569 0.999988 0.00418463 -1.20415 -0.0340944 -0.00427066 0.99941 88.123 
0.999251 0.0019951 0.0386453 -1.9244 -0.00208016 0.999996 0.00216207 -1.2228 -0.0386409 -0.0022408 0.999251 89.2939 
0.999106 0.00186651 0.0422302 -1.89716 -0.00186901 0.999998 2.06601e-05 -1.24516 -0.0422301 -9.9529e-05 0.999108 90.4703 
0.998947 0.0020229 0.0458444 -1.87091 -0.00200281 0.999998 -0.000483143 -1.26306 -0.0458453 0.000390857 0.998949 91.6279 
0.998808 0.00064397 0.0488104 -1.83384 -0.000694114 0.999999 0.00101127 -1.2871 -0.0488098 -0.0010439 0.998808 92.789 
0.998673 -0.000109219 0.0514939 -1.78714 -9.29979e-06 0.999997 0.00230222 -1.30095 -0.051494 -0.0022996 0.998671 93.9631 
0.998542 -0.000298787 0.0539849 -1.74508 9.01586e-05 0.999993 0.00386777 -1.3118 -0.0539857 -0.00385722 0.998534 95.1239 
0.998397 -0.00140563 0.056582 -1.70611 0.00114465 0.999989 0.0046453 -1.32141 -0.0565879 -0.00457305 0.998387 96.2977 
0.998271 -0.00269389 0.0587164 -1.64801 0.00253349 0.999993 0.00280684 -1.34379 -0.0587236 -0.00265318 0.998271 97.474 
0.99813 -0.00416865 0.0609816 -1.59692 0.00422178 0.999991 -0.000741794 -1.35669 -0.060978 0.000997899 0.998139 98.6418 
0.998025 -0.00378312 0.0627102 -1.53535 0.00401718 0.999985 -0.00360617 -1.37962 -0.0626957 0.00385101 0.998025 99.8095 
0.997941 -0.0036383 0.064039 -1.47389 0.00393021 0.999982 -0.00443229 -1.40341 -0.0640218 0.00467489 0.997938 100.979 
0.99791 -0.00342137 0.0645301 -1.42107 0.00367004 0.999986 -0.00373476 -1.43189 -0.0645164 0.00396382 0.997909 102.186 
0.997957 -0.00333224 0.0638036 -1.35104 0.00346303 0.999992 -0.00193877 -1.44856 -0.0637966 0.0021558 0.997961 103.411 
0.998021 -0.00388687 0.0627675 -1.32215 0.0038898 0.999992 7.62205e-05 -1.48786 -0.0627674 0.000168124 0.998028 104.573 
0.998116 -0.00360444 0.061243 -1.28348 0.00355189 0.999993 0.000967671 -1.50822 -0.0612462 -0.000748279 0.998122 105.783 
0.998251 -0.00350698 0.0590157 -1.24051 0.00341825 0.999993 0.00160516 -1.52676 -0.0590209 -0.00140058 0.998256 107.023 
0.998407 -0.00242201 0.0563781 -1.21037 0.0023533 0.999996 0.00128583 -1.54092 -0.056381 -0.00115107 0.998409 108.252 
0.998617 -0.00134332 0.0525532 -1.16199 0.00130311 0.999999 0.000800155 -1.55544 -0.0525542 -0.000730525 0.998618 109.498 
0.998785 -0.00107308 0.0492594 -1.14225 0.00102355 0.999999 0.00103154 -1.56816 -0.0492605 -0.000979822 0.998786 110.749 
0.998949 -1.60524e-05 0.0458294 -1.12758 -6.49785e-05 0.999998 0.00176756 -1.5823 -0.0458294 -0.00176864 0.998948 111.979 
0.99911 0.000417783 0.042172 -1.12183 -0.000532912 0.999996 0.00271982 -1.60323 -0.0421708 -0.00273983 0.999107 113.186 
0.999268 0.000354111 0.0382605 -1.10798 -0.000480419 0.999995 0.00329324 -1.62039 -0.0382591 -0.00330917 0.999262 114.405 
0.999433 0.00107751 0.0336546 -1.09297 -0.00119146 0.999994 0.00336727 -1.64241 -0.0336508 -0.00340542 0.999428 115.668 
0.999583 0.00184176 0.0288238 -1.08594 -0.00193635 0.999993 0.00325549 -1.65738 -0.0288177 -0.00330991 0.999579 116.908 
0.999695 0.00283917 0.0245416 -1.09047 -0.00290922 0.999992 0.0028207 -1.67958 -0.0245335 -0.0028912 0.999695 118.163 
0.99978 0.00403057 0.0206064 -1.11006 -0.00407629 0.999989 0.00217919 -1.69683 -0.0205974 -0.00226266 0.999785 119.42 
0.99982 0.00599431 0.0179796 -1.1417 -0.00603448 0.999979 0.00218307 -1.71674 -0.0179662 -0.00229113 0.999836 120.652 
0.999836 0.00828719 0.0161175 -1.14822 -0.00832848 0.999962 0.00249901 -1.73972 -0.0160962 -0.00263279 0.999867 121.895 
0.999842 0.00922401 0.0152297 -1.15226 -0.00925639 0.999955 0.00205974 -1.75221 -0.01521 -0.00220035 0.999882 123.163 
0.999827 0.0117014 0.0144329 -1.16811 -0.0117332 0.999929 0.00212208 -1.76961 -0.014407 -0.00229101 0.999894 124.429 
0.999824 0.0127317 0.0137965 -1.18092 -0.0127744 0.999914 0.00301639 -1.78554 -0.0137569 -0.00319206 0.9999 125.684 
0.999835 0.0125932 0.0130761 -1.184 -0.0126373 0.999915 0.00329715 -1.79853 -0.0130335 -0.00346181 0.999909 126.935 
0.999786 0.0164545 0.0125516 -1.2045 -0.0165186 0.999851 0.00502343 -1.80449 -0.0124671 -0.00522964 0.999909 128.189 
0.999774 0.0174039 0.0122413 -1.22697 -0.0175043 0.999814 0.00814266 -1.81425 -0.0120973 -0.00835505 0.999892 129.462 
0.999804 0.0161095 0.0115278 -1.23342 -0.0162006 0.999838 0.00785417 -1.82845 -0.0113995 -0.00803934 0.999903 130.724 
0.999812 0.0159384 0.0110524 -1.25014 -0.0160094 0.999852 0.00637491 -1.83238 -0.0109491 -0.00655061 0.999919 132.02 
0.999858 0.0133633 0.0102572 -1.25905 -0.0134391 0.999883 0.00736311 -1.8409 -0.0101577 -0.00749987 0.99992 133.295 
0.9999 0.0107794 0.00914819 -1.26818 -0.0108663 0.999896 0.00950809 -1.85178 -0.00904479 -0.00960651 0.999913 134.577 
0.99993 0.00795712 0.00871245 -1.27798 -0.00805706 0.999901 0.0115009 -1.85978 -0.00862012 -0.0115703 0.999896 135.869 
0.999948 0.00623618 0.00803816 -1.28511 -0.00633932 0.999897 0.012875 -1.86868 -0.00795708 -0.0129253 0.999885 137.147 
0.999964 0.00226722 0.00820577 -1.28876 -0.00235789 0.999936 0.0110622 -1.87584 -0.00818021 -0.0110811 0.999905 138.416 
0.999967 -0.000326946 0.00817111 -1.29667 0.00024519 0.99995 0.0100097 -1.88277 -0.00817402 -0.0100073 0.999917 139.709 
0.999963 -0.00113544 0.00849168 -1.30359 0.00105329 0.999953 0.00967795 -1.88974 -0.0085023 -0.00966861 0.999917 140.995 
0.99996 -0.00212124 0.00867002 -1.30853 0.00203434 0.999948 0.0100253 -1.90308 -0.00869088 -0.0100072 0.999912 142.273 
0.999958 -0.00133843 0.00910831 -1.32076 0.00122799 0.999926 0.0121244 -1.91193 -0.0091239 -0.0121127 0.999885 143.557 
0.999948 0.000872893 0.0101384 -1.34367 -0.00100942 0.999909 0.0134733 -1.91981 -0.0101257 -0.0134828 0.999858 144.843 
0.999943 0.00108068 0.0105971 -1.3527 -0.00120613 0.999929 0.0118436 -1.9285 -0.0105836 -0.0118557 0.999874 146.125 
0.999938 0.0015228 0.011078 -1.36062 -0.00163357 0.999949 0.0100004 -1.93801 -0.0110622 -0.0100178 0.999889 147.411 
0.999929 0.00148072 0.0118052 -1.3721 -0.00156914 0.999971 0.00748807 -1.94814 -0.0117938 -0.00750602 0.999902 148.693 
0.999928 0.000393743 0.0119846 -1.37313 -0.000432421 0.999995 0.00322849 -1.95968 -0.0119833 -0.00323339 0.999923 149.99 
0.999924 0.000289391 0.0122932 -1.38099 -0.000285977 1 -0.000275986 -1.98123 -0.0122933 0.000272492 0.999924 151.28 
0.999916 0.000137078 0.0129519 -1.4063 -0.000121332 0.999999 -0.00121317 -2.00111 -0.0129521 0.00121154 0.999915 152.582 
0.999916 7.90315e-05 0.0129627 -1.41743 -6.68827e-05 1 -0.000934339 -2.02603 -0.0129629 0.000933435 0.999916 153.872 
0.999917 0.000787329 0.0128874 -1.42278 -0.000782008 1 -0.000414613 -2.05284 -0.0128877 0.000404543 0.999917 155.155 
0.999922 0.00115696 0.0124579 -1.42379 -0.00116302 0.999999 0.000482789 -2.0703 -0.0124574 -0.000497198 0.999922 156.465 
0.999925 0.00190498 0.0120665 -1.43197 -0.00191888 0.999998 0.00114434 -2.10094 -0.0120643 -0.00116737 0.999927 157.748 
0.999929 0.00205168 0.0117589 -1.44987 -0.00206039 0.999998 0.00073279 -2.12275 -0.0117575 -0.000756924 0.999931 159.04 
0.999941 0.00259403 0.0105906 -1.45517 -0.00260287 0.999996 0.000825019 -2.13773 -0.0105885 -0.000852494 0.999944 160.353 
0.999948 0.00219328 0.00995155 -1.46726 -0.00221099 0.999996 0.00177315 -2.14943 -0.00994766 -0.00179502 0.999949 161.678 
0.999948 0.00349755 0.00958371 -1.48559 -0.00351791 0.999992 0.00211289 -2.17195 -0.00957628 -0.00214645 0.999952 162.963 
0.999954 0.00331534 0.00902751 -1.50499 -0.0033283 0.999993 0.00142575 -2.20323 -0.00902277 -0.00145569 0.999958 164.243 
0.99996 0.00373983 0.00815206 -1.51361 -0.00374184 0.999993 0.000237255 -2.22355 -0.00815116 -0.000267708 0.999967 165.515 
0.999965 0.00443389 0.00715028 -1.5208 -0.00443602 0.99999 0.000286914 -2.24253 -0.00714898 -0.000318581 0.999974 166.786 
0.99997 0.00442446 0.00630497 -1.5366 -0.00442162 0.99999 -0.000457658 -2.26518 -0.00630698 0.000429808 0.99998 168.056 
0.999972 0.00495763 0.00569216 -1.55271 -0.00494845 0.999986 -0.00161964 -2.28425 -0.00570016 0.00159147 0.999983 169.34 
0.999974 0.00544235 0.00475079 -1.56596 -0.00543539 0.999984 -0.00146634 -2.30247 -0.00475874 0.00144052 0.999988 170.639 
0.999975 0.00565246 0.00431041 -1.59082 -0.00565109 0.999984 -0.000318193 -2.32436 -0.00431219 0.000293868 0.999991 171.922 
0.999979 0.00537251 0.00369751 -1.62071 -0.00537305 0.999986 0.000146856 -2.35301 -0.00369671 -0.000166678 0.999993 173.202 
0.999979 0.00587666 0.00289437 -1.6435 -0.00587816 0.999983 0.000525859 -2.37318 -0.00289127 -0.000542819 0.999996 174.482 
0.999979 0.00610788 0.00207979 -1.66283 -0.00610934 0.999981 0.000717032 -2.3925 -0.00207541 -0.000729681 0.999998 175.777 
0.999978 0.006324 0.00176973 -1.68954 -0.00632427 0.99998 0.000172151 -2.42068 -0.00176865 -0.000183298 0.999998 177.057 
0.99997 0.00773292 0.000973992 -1.70267 -0.00773239 0.99997 -0.000509958 -2.43791 -0.000977949 0.000502453 0.999999 178.347 
0.999966 0.00825333 0.000679645 -1.72708 -0.00825323 0.999966 -9.30831e-05 -2.46001 -0.000680433 8.75126e-05 1 179.635 
0.999968 0.00806407 0.000107579 -1.74647 -0.00806391 0.999967 -0.00103313 -2.4865 -0.000115949 0.00103227 1 180.906 
0.999978 0.00668397 -0.000324975 -1.76178 -0.00668482 0.999974 -0.00282266 -2.50588 0.000306057 0.00282482 0.999996 182.178 
0.999993 0.00358656 -0.000633316 -1.78352 -0.00358799 0.999991 -0.00235048 -2.53579 0.000624838 0.00235278 0.999997 183.445 
0.999991 0.00423665 -0.000506419 -1.81253 -0.00423599 0.99999 0.00120944 -2.5547 0.000511495 -0.00120724 0.999999 184.753 
0.999993 0.00361869 -0.000413247 -1.83865 -0.00361624 0.999977 0.00567228 -2.5754 0.000433721 -0.0056707 0.999984 186.014 
0.999987 0.00501694 -0.000262069 -1.86238 -0.0050155 0.999975 0.00508147 -2.59332 0.000287513 -0.00508005 0.999987 187.28 
0.999983 0.00589521 -0.000241732 -1.88114 -0.0058947 0.999981 0.00189373 -2.60908 0.000252849 -0.00189223 0.999998 188.542 
0.999977 0.00681405 -0.000371713 -1.91085 -0.00681402 0.999977 -3.26676e-05 -2.62729 0.000371439 3.52417e-05 1 189.785 
0.999978 0.00667122 -0.000760154 -1.91978 -0.006671 0.999978 0.000231189 -2.64684 0.000761637 -0.00022607 1 191.066 
0.999981 0.00616132 -0.00044779 -1.94772 -0.00616038 0.999979 0.00198124 -2.68692 0.000459945 -0.00197841 0.999998 192.353 
0.999978 0.00665565 0.000156839 -1.98172 -0.00665618 0.99997 0.00403592 -2.70862 -0.000130015 -0.00403684 0.999992 193.598 
0.999979 0.00639368 0.00105824 -2.00382 -0.00639868 0.999968 0.00483503 -2.72627 -0.00102734 -0.00484165 0.999988 194.86 
0.999975 0.00657123 0.00273571 -2.02249 -0.00658218 0.99997 0.00402661 -2.74044 -0.00270921 -0.00404447 0.999988 196.122 
0.999979 0.00503297 0.00419791 -2.04601 -0.00504467 0.999983 0.00279003 -2.76717 -0.00418384 -0.00281111 0.999987 197.343 
0.999976 0.00464437 0.00513319 -2.05377 -0.00465136 0.999988 0.00135861 -2.78767 -0.00512686 -0.00138241 0.999986 198.566 
0.999968 0.00423709 0.00672528 -2.07263 -0.00424298 0.999991 0.000868607 -2.80994 -0.00672158 -0.000897073 0.999977 199.8 
0.999952 0.00476679 0.00855497 -2.09029 -0.00478161 0.999987 0.00171787 -2.83569 -0.00854671 -0.00175866 0.999962 201.039 
0.999935 0.00466481 0.0104262 -2.1153 -0.00469986 0.999983 0.00334395 -2.8439 -0.0104105 -0.00339269 0.99994 202.271 
0.999922 0.00536161 0.0112612 -2.12354 -0.00540355 0.999979 0.00370078 -2.86476 -0.0112412 -0.0037613 0.99993 203.483 
0.999913 0.00507503 0.0121483 -2.12176 -0.00512224 0.999979 0.00386197 -2.88682 -0.0121285 -0.00392382 0.999919 204.696 
0.999903 0.00498226 0.013046 -2.1292 -0.00503325 0.99998 0.00388142 -2.90658 -0.0130264 -0.00394667 0.999907 205.911 
0.999888 0.00516045 0.0140732 -2.1226 -0.00521583 0.999979 0.00390432 -2.91707 -0.0140528 -0.00397725 0.999893 207.156 
0.999865 0.00566359 0.0154195 -2.13868 -0.00572081 0.999977 0.00367204 -2.93589 -0.0153984 -0.00375972 0.999874 208.365 
0.99985 0.0056867 0.0163531 -2.14218 -0.00574719 0.999977 0.00365719 -2.9519 -0.016332 -0.00375058 0.99986 209.552 
0.999847 0.00480083 0.0168274 -2.14024 -0.00486441 0.999981 0.00374201 -2.97231 -0.0168092 -0.00382325 0.999851 210.734 
0.999852 0.00442884 0.0166401 -2.13381 -0.00450519 0.99998 0.00455648 -2.99418 -0.0166196 -0.00463072 0.999851 211.902 
0.999859 0.00403091 0.0162831 -2.13063 -0.00412376 0.999975 0.00567519 -3.01406 -0.0162599 -0.0057415 0.999851 213.054 
0.999864 0.00436112 0.0158939 -2.13522 -0.00444775 0.999975 0.00542201 -3.02867 -0.01587 -0.00549192 0.999859 214.181 
0.999868 0.00476595 0.0155132 -2.13965 -0.00483817 0.999978 0.00462419 -3.05139 -0.0154908 -0.00469859 0.999869 215.29 
0.999873 0.00496339 0.015152 -2.13892 -0.00502231 0.99998 0.00385615 -3.0744 -0.0151326 -0.00393171 0.999878 216.397 
0.999877 0.00501834 0.0148865 -2.1475 -0.00507308 0.999981 0.00364485 -3.09329 -0.0148679 -0.00371988 0.999883 217.491 
0.999899 0.00451625 0.013503 -2.15661 -0.00456657 0.999983 0.00370117 -3.11061 -0.0134861 -0.00376242 0.999902 218.567 
0.999932 0.0032124 0.011214 -2.14058 -0.00325804 0.999987 0.00405775 -3.12577 -0.0112008 -0.00409396 0.999929 219.646 
0.999959 0.00224381 0.0087954 -2.1407 -0.0022955 0.99998 0.00587597 -3.14678 -0.00878208 -0.00589587 0.999944 220.682 
0.999975 0.00252368 0.00656561 -2.15431 -0.00257347 0.999968 0.00759242 -3.16234 -0.00654628 -0.00760909 0.99995 221.734 
0.999987 0.00277858 0.00429886 -2.16545 -0.00281163 0.999966 0.00770948 -3.17595 -0.00427734 -0.00772143 0.999961 222.763 
0.999994 0.0031149 0.00148167 -2.17921 -0.00312532 0.99997 0.0071125 -3.19004 -0.00145952 -0.00711704 0.999974 223.768 
0.999994 0.00308169 -0.00146607 -2.19077 -0.00307092 0.999969 0.00726476 -3.20169 0.00148837 -0.00726018 0.999973 224.76 
0.999984 0.00378957 -0.00425777 -2.2136 -0.00375622 0.999963 0.0078049 -3.21777 0.00428714 -0.00778874 0.999961 225.725 
0.999967 0.00426936 -0.00687376 -2.23879 -0.00421819 0.999964 0.00743526 -3.2312 0.00690521 -0.00740598 0.999949 226.668 
0.99994 0.0040121 -0.0102248 -2.25763 -0.00393988 0.999967 0.0070687 -3.2467 0.0102528 -0.00702795 0.999923 227.587 
0.999899 0.00400735 -0.013656 -2.28427 -0.00392101 0.999972 0.00634053 -3.25921 0.013681 -0.0062863 0.999887 228.476 
0.999841 0.0049609 -0.0171419 -2.31514 -0.00485357 0.999968 0.0062952 -3.27707 0.0171725 -0.00621096 0.999833 229.339 
0.999782 0.00540818 -0.0201769 -2.34855 -0.00529028 0.999969 0.00588986 -3.2954 0.020208 -0.0057818 0.999779 230.184 
0.999718 0.00713612 -0.0226718 -2.37926 -0.00700717 0.999959 0.00576037 -3.30946 0.0227119 -0.00559983 0.999726 231.027 
0.999693 0.00809706 -0.0234043 -2.40888 -0.00795042 0.999948 0.00634973 -3.32269 0.0234545 -0.00616166 0.999706 231.84 
0.999709 0.00798797 -0.0227532 -2.44511 -0.00782097 0.999942 0.00741715 -3.33387 0.0228111 -0.007237 0.999714 232.629 
0.999722 0.00853455 -0.0219641 -2.47941 -0.00835689 0.999932 0.00816573 -3.34555 0.0220322 -0.00797987 0.999725 233.394 
0.999737 0.00808234 -0.0214527 -2.51178 -0.0079203 0.99994 0.00762582 -3.35839 0.021513 -0.00745386 0.999741 234.144 
0.999743 0.00925377 -0.0206978 -2.54635 -0.00913125 0.99994 0.00600425 -3.37081 0.020752 -0.00581367 0.999768 234.883 
0.999757 0.00878186 -0.020198 -2.57075 -0.00870596 0.999955 0.00384035 -3.38268 0.0202307 -0.00366354 0.999789 235.613 
0.999782 0.00877343 -0.0189567 -2.59891 -0.00872796 0.999959 0.00247787 -3.39508 0.0189777 -0.00231184 0.999817 236.344 
0.999799 0.00930413 -0.0177393 -2.62398 -0.0092694 0.999955 0.00203655 -3.4071 0.0177574 -0.00187167 0.999841 237.072 
0.999834 0.00866255 -0.0160398 -2.64592 -0.0086335 0.999961 0.00187682 -3.41781 0.0160554 -0.00173799 0.99987 237.809 
0.999861 0.00878005 -0.0141468 -2.6692 -0.00875435 0.99996 0.00187438 -3.43151 0.0141626 -0.00175023 0.999898 238.533 
0.999886 0.00888197 -0.0121734 -2.6901 -0.00886301 0.999959 0.00160768 -3.44129 0.0121871 -0.00149956 0.999925 239.259 
0.999916 0.00855029 -0.00977436 -2.71847 -0.00853743 0.999963 0.00135278 -3.45523 0.00978552 -0.00126917 0.999951 239.991 
0.999937 0.00899793 -0.00667201 -2.74288 -0.00898839 0.999959 0.00145298 -3.46307 0.00668477 -0.00139288 0.999977 240.714 
0.999964 0.00786491 -0.00329959 -2.75849 -0.00785754 0.999967 0.00222835 -3.47595 0.00331696 -0.0022023 0.999992 241.431 
0.999976 0.00688363 -0.000269448 -2.77069 -0.0068828 0.999972 0.00281971 -3.49351 0.000288808 -0.00281775 0.999996 242.152 
0.999973 0.00676314 0.00299273 -2.77922 -0.00677097 0.999974 0.00262797 -3.50299 -0.00297492 -0.00264812 0.999992 242.866 
0.999963 0.00617453 0.00601433 -2.78853 -0.00618939 0.999978 0.00246143 -3.51604 -0.00599904 -0.00249852 0.999979 243.566 
0.999936 0.00651477 0.00924131 -2.79379 -0.00653518 0.999976 0.0021841 -3.52687 -0.00922691 -0.00224431 0.999955 244.268 
0.999898 0.00734081 0.0122713 -2.80048 -0.00735705 0.999972 0.00128225 -3.53871 -0.0122616 -0.00137236 0.999924 244.979 
0.999856 0.00759438 0.0151741 -2.80127 -0.00760694 0.999971 0.000772954 -3.55113 -0.0151678 -0.000888229 0.999885 245.687 
0.999797 0.00764947 0.0186376 -2.80672 -0.00768305 0.999969 0.00173294 -3.56148 -0.0186238 -0.00187574 0.999825 246.388 
0.999736 0.00787827 0.0215955 -2.80622 -0.00792843 0.999966 0.00224017 -3.57331 -0.0215772 -0.00241076 0.999764 247.088 
0.99968 0.00750998 0.0241705 -2.80049 -0.00756545 0.999969 0.00220602 -3.58418 -0.0241532 -0.00238813 0.999705 247.801 
0.999614 0.00698943 0.0269034 -2.79266 -0.00701538 0.999975 0.000872046 -3.59918 -0.0268966 -0.0010604 0.999638 248.512 
0.999568 0.00737238 0.028446 -2.78285 -0.00732855 0.999972 -0.00164328 -3.60931 -0.0284574 0.00143415 0.999594 249.222 
0.999549 0.00619529 0.0293744 -2.77187 -0.0061056 0.999976 -0.00314033 -3.61995 -0.0293932 0.00295961 0.999564 249.937 
0.999545 0.0061217 0.0295245 -2.76155 -0.00602532 0.999976 -0.00335056 -3.6342 -0.0295443 0.00317119 0.999558 250.658 
0.999543 0.00551025 0.029712 -2.75145 -0.00539507 0.999978 -0.00395382 -3.64644 -0.0297332 0.00379176 0.999551 251.38 
0.999532 0.00649096 0.0298865 -2.74684 -0.0063708 0.999971 -0.00411244 -3.66781 -0.0299123 0.00392016 0.999545 252.11 
0.999506 0.00767813 0.0304768 -2.74845 -0.00754524 0.999962 -0.00447168 -3.68622 -0.0305101 0.00423956 0.999526 252.874 
0.999497 0.0066948 0.0310069 -2.74137 -0.00649844 0.999958 -0.0064279 -3.70376 -0.0310487 0.00622321 0.999499 253.62 
0.99949 0.00301811 0.0317871 -2.73754 -0.00274427 0.999959 -0.00865345 -3.71189 -0.031812 0.00856184 0.999457 254.393 
0.999462 -0.000179246 0.032801 -2.72296 0.000486871 0.999956 -0.00936946 -3.7289 -0.0327979 0.00938043 0.999418 255.158 
0.999433 0.00225905 0.0336088 -2.71802 -0.00207599 0.999983 -0.00547925 -3.74225 -0.0336206 0.00540641 0.99942 255.924 
0.999386 0.00631369 0.0344749 -2.71405 -0.00633355 0.99998 0.000468139 -3.7503 -0.0344713 -0.000686159 0.999405 256.72 
0.999351 0.00560075 0.0355862 -2.70116 -0.00573432 0.999977 0.00365361 -3.76265 -0.0355649 -0.00385526 0.99936 257.506 
0.999281 0.00489769 0.0375882 -2.67822 -0.00496756 0.999986 0.00176685 -3.77541 -0.0375791 -0.00195226 0.999292 258.289 
0.99911 0.00640343 0.0416835 -2.65736 -0.00622269 0.999971 -0.00446335 -3.78302 -0.0417109 0.00420003 0.999121 259.087 
0.998905 0.00859282 0.0459849 -2.64885 -0.00823215 0.999934 -0.00802602 -3.79717 -0.0460509 0.00763872 0.99891 259.897 
0.998723 0.0103719 0.0494513 -2.62758 -0.0099832 0.999917 -0.00810037 -3.80772 -0.0495312 0.00759638 0.998744 260.727 
0.998542 0.00867101 0.0532795 -2.60217 -0.00837096 0.999948 -0.00585135 -3.82307 -0.0533275 0.00539686 0.998563 261.566 
0.998375 0.00541918 0.0567244 -2.5697 -0.00527834 0.999983 -0.00263167 -3.8404 -0.0567377 0.00232802 0.998386 262.41 
0.99822 0.00312287 0.0595525 -2.52938 -0.00306316 0.999995 -0.00109314 -3.85571 -0.0595557 0.000908821 0.998225 263.248 
0.998018 0.0030253 0.0628496 -2.49387 -0.00299476 0.999995 -0.000579368 -3.87048 -0.0628511 0.000390041 0.998023 264.096 
0.997848 0.00525939 0.0653628 -2.45706 -0.00508081 0.999983 -0.00289741 -3.8817 -0.0653769 0.00255912 0.997857 264.923 
0.997688 0.0058841 0.0677063 -2.421 -0.00554844 0.999971 -0.00514396 -3.8947 -0.0677347 0.00475644 0.997692 265.759 
0.997497 0.00694057 0.0703744 -2.38099 -0.0065805 0.999964 -0.00534641 -3.90531 -0.070409 0.00486996 0.997506 266.605 
0.997265 0.00735827 0.0735434 -2.33304 -0.00713627 0.999969 -0.00328032 -3.92668 -0.0735653 0.00274657 0.997287 267.46 
0.996973 0.00904873 0.0772195 -2.29215 -0.00894229 0.999959 -0.00172341 -3.94458 -0.0772319 0.00102771 0.997013 268.323 
0.996708 0.00981752 0.0804807 -2.24461 -0.00968404 0.999951 -0.00204809 -3.95819 -0.0804969 0.00126201 0.996754 269.175 
0.996487 0.0101665 0.0831337 -2.18631 -0.00997094 0.999947 -0.00276651 -3.971 -0.0831575 0.00192791 0.996535 270.023 
0.996247 0.00865188 0.086127 -2.13146 -0.00839228 0.999959 -0.00337522 -3.9825 -0.0861528 0.00263979 0.996278 270.871 
0.996055 0.00581981 0.0885493 -2.08208 -0.00560957 0.999981 -0.00262246 -3.99361 -0.0885629 0.00211543 0.996068 271.714 
0.995936 0.00480298 0.089937 -2.02803 -0.00455048 0.999985 -0.00301186 -4.00507 -0.0899502 0.0025904 0.995943 272.566 
0.995829 0.0038017 0.0911659 -1.99661 -0.00355077 0.999989 -0.00291404 -4.02228 -0.0911761 0.00257821 0.995831 273.386 
0.995749 0.00408306 0.0920133 -1.93771 -0.00382688 0.999988 -0.00295987 -4.03268 -0.0920243 0.0025952 0.995753 274.232 
0.995747 0.00451227 0.0920185 -1.88137 -0.00431156 0.999988 -0.00237934 -4.04448 -0.0920282 0.00197252 0.995754 275.092 
0.995763 0.00519025 0.0918144 -1.82025 -0.00502247 0.999985 -0.0020579 -4.0599 -0.0918238 0.00158808 0.995774 275.95 
0.995863 0.00492313 0.0907296 -1.76165 -0.00466153 0.999984 -0.00309455 -4.07623 -0.0907435 0.00265885 0.995871 276.808 
0.996031 0.00431032 0.0889034 -1.70566 -0.00400027 0.999985 -0.00366489 -4.10041 -0.088918 0.00329474 0.996034 277.654 
0.996151 0.00575702 0.0874697 -1.65185 -0.00538152 0.999975 -0.00452754 -4.11645 -0.0874937 0.00403943 0.996157 278.51 
0.996258 0.00747144 0.0861113 -1.59918 -0.00707734 0.999963 -0.00488054 -4.1306 -0.0861446 0.00425287 0.996274 279.379 
0.996396 0.0082548 0.0844232 -1.54717 -0.00786482 0.999957 -0.00495036 -4.15147 -0.0844604 0.00426859 0.996418 280.239 
0.996548 0.00895545 0.0825378 -1.49826 -0.00861004 0.999953 -0.00453927 -4.16897 -0.0825746 0.00381298 0.996578 281.109 
0.996744 0.00878708 0.0801545 -1.45939 -0.00857557 0.999959 -0.00298211 -4.18382 -0.0801774 0.00228507 0.996778 281.946 
0.997067 0.00686435 0.0762319 -1.40921 -0.00684558 0.999976 -0.000507035 -4.20154 -0.0762336 -1.62632e-05 0.99709 282.8 
0.997413 0.00540594 0.0716774 -1.3685 -0.00551243 0.999984 0.00128862 -4.21984 -0.0716693 -0.00168036 0.997427 283.644 
0.997722 0.00522245 0.067264 -1.33257 -0.00539587 0.999983 0.0023974 -4.23012 -0.0672504 -0.00275484 0.997732 284.482 
0.998034 0.00492922 0.0624835 -1.2886 -0.00513473 0.999982 0.00312968 -4.2458 -0.062467 -0.00344432 0.998041 285.317 
0.998307 0.00455488 0.0579825 -1.25943 -0.00476387 0.999983 0.00346745 -4.25759 -0.0579658 -0.00373776 0.998312 286.133 
0.998568 0.00350898 0.0533846 -1.237 -0.00371663 0.999986 0.00379159 -4.26569 -0.0533706 -0.00398453 0.998567 286.91 
0.99878 0.00360838 0.0492431 -1.21107 -0.00378136 0.999987 0.00342099 -4.28073 -0.0492302 -0.00360298 0.998781 287.697 
0.998959 0.00443277 0.0453977 -1.1941 -0.00458041 0.999985 0.00314945 -4.28977 -0.0453831 -0.00335407 0.998964 288.472 
0.99911 0.00421136 0.0419827 -1.1791 -0.00435048 0.999985 0.00322395 -4.3083 -0.0419685 -0.00340368 0.999113 289.229 
0.999251 0.00392653 0.038508 -1.1679 -0.00405136 0.999987 0.00316539 -4.31881 -0.0384951 -0.00331899 0.999253 289.961 
0.999403 0.00307813 0.0344244 -1.16209 -0.00317341 0.999991 0.00271467 -4.33955 -0.0344158 -0.00282225 0.999404 290.673 
0.999561 0.0046927 0.0292545 -1.14829 -0.00472922 0.999988 0.00118096 -4.35083 -0.0292487 -0.00131875 0.999571 291.379 
0.999715 0.0061363 0.0230648 -1.16248 -0.00612014 0.999981 -0.000769067 -4.36799 -0.0230691 0.000627729 0.999734 292.061 
0.999866 0.00681764 0.0148608 -1.17557 -0.00678691 0.999975 -0.002114 -4.38684 -0.0148748 0.0020129 0.999887 292.71 
0.999968 0.00671887 0.00434944 -1.19656 -0.00670582 0.999973 -0.00299791 -4.40682 -0.0043695 0.00296869 0.999986 293.392 
0.999933 0.0071112 -0.00909997 -1.22223 -0.00714116 0.999969 -0.0032681 -4.4173 0.0090764 0.0033329 0.999953 294.035 
0.999634 0.00818754 -0.0257948 -1.26577 -0.00826111 0.999962 -0.00274857 -4.4297 0.0257712 0.0029607 0.999664 294.665 
0.998902 0.0105653 -0.0456401 -1.32499 -0.0106636 0.999941 -0.00191087 -4.44334 0.0456172 0.0023955 0.998956 295.296 
0.997577 0.0120378 -0.0685199 -1.39092 -0.0121889 0.999924 -0.00178734 -4.45676 0.0684931 0.00261823 0.997648 295.9 
0.995463 0.0132432 -0.0942275 -1.46852 -0.0134395 0.999909 -0.00144903 -4.47268 0.0941996 0.00270886 0.99555 296.506 
0.992389 0.0147002 -0.122263 -1.56979 -0.0149121 0.999889 -0.000817815 -4.48234 0.122238 0.00263483 0.992497 297.084 
0.988078 0.0156412 -0.153158 -1.69266 -0.0156847 0.999877 0.000923622 -4.50262 0.153153 0.00148967 0.988201 297.664 
0.982164 0.0153232 -0.187401 -1.823 -0.0150428 0.999883 0.00291803 -4.50448 0.187423 -4.69102e-05 0.982279 298.228 
0.97447 0.0151496 -0.224007 -1.97193 -0.0143906 0.999884 0.00502035 -4.50923 0.224057 -0.00166855 0.974575 298.774 
0.964847 0.015839 -0.262335 -2.1286 -0.014329 0.999868 0.00766799 -4.52121 0.262422 -0.00363938 0.964946 299.316 
0.953104 0.0172641 -0.302149 -2.31459 -0.0148127 0.999836 0.0104028 -4.52366 0.302279 -0.00543923 0.953204 299.837 
0.939045 0.017513 -0.343349 -2.50786 -0.013999 0.999821 0.0127106 -4.52606 0.34351 -0.00712921 0.939122 300.339 
0.922523 0.0173467 -0.385551 -2.70769 -0.0127008 0.999813 0.0145938 -4.52635 0.385732 -0.00856623 0.922571 300.833 
0.90325 0.0171462 -0.428772 -2.93457 -0.0110754 0.9998 0.0166496 -4.5421 0.428971 -0.0102899 0.90326 301.313 
0.881352 0.0160696 -0.472187 -3.20218 -0.00894621 0.99981 0.0173273 -4.52502 0.472375 -0.0110471 0.881328 301.75 
0.855705 0.0153845 -0.517235 -3.46052 -0.00639251 0.999796 0.019162 -4.5336 0.517424 -0.0130906 0.855629 302.211 
0.827207 0.0155597 -0.561681 -3.74893 -0.00433335 0.999763 0.0213136 -4.53829 0.56188 -0.0151967 0.827079 302.635 
0.795286 0.0169448 -0.605998 -4.07171 -0.00448905 0.999747 0.0220634 -4.53402 0.606218 -0.0148263 0.79516 303.053 
0.760701 0.0160343 -0.648905 -4.4239 -0.00195814 0.999747 0.022408 -4.53181 0.6491 -0.0157751 0.76054 303.418 
0.721279 0.0149348 -0.692484 -4.76131 0.00262189 0.999702 0.0242915 -4.52169 0.69264 -0.0193365 0.721024 303.79 
0.679124 0.0140265 -0.733889 -5.1329 0.00960677 0.999562 0.027994 -4.519 0.733961 -0.0260616 0.678692 304.059 
0.632414 0.0142863 -0.774499 -5.53072 0.0142459 0.999446 0.030068 -4.50344 0.7745 -0.0300488 0.63186 304.307 
0.582642 0.017995 -0.81253 -5.94564 0.0141654 0.999378 0.0322907 -4.49568 0.812606 -0.0303237 0.582025 304.513 
0.530495 0.0244215 -0.847336 -6.36553 0.00964328 0.999346 0.03484 -4.49119 0.847633 -0.0266535 0.529913 304.688 
0.476014 0.0289075 -0.878962 -6.7754 0.00723084 0.999297 0.036781 -4.48969 0.879408 -0.0238639 0.475471 304.837 
0.418722 0.031045 -0.907584 -7.19111 0.00742995 0.999265 0.0376089 -4.47794 0.908084 -0.0224909 0.418183 304.982 
0.359322 0.0332746 -0.93262 -7.57818 0.00984602 0.999173 0.0394426 -4.47018 0.933162 -0.0233551 0.358697 305.124 
0.299276 0.0368475 -0.953455 -7.98093 0.0128424 0.999008 0.042639 -4.46899 0.95408 -0.0250054 0.298506 305.239 
0.238443 0.0409499 -0.970293 -8.39641 0.0154647 0.998824 0.0459543 -4.46101 0.971033 -0.0259627 0.23753 305.321 
0.174821 0.0438274 -0.983624 -8.82458 0.0188058 0.998678 0.0478406 -4.43947 0.984421 -0.0268613 0.173765 305.372 
0.10939 0.0479288 -0.992843 -9.2599 0.0200457 0.998527 0.0504118 -4.42779 0.993797 -0.0254167 0.108268 305.392 
0.0430254 0.0532786 -0.997652 -9.71407 0.0226847 0.998268 0.0542898 -4.40403 0.998816 -0.0249672 0.0417423 305.378 
-0.025126 0.0603259 -0.997862 -10.188 0.0253539 0.997895 0.0596895 -4.38769 0.999363 -0.0237999 -0.0266026 305.337 
-0.0937728 0.0669117 -0.993343 -10.6591 0.0284742 0.997511 0.0645045 -4.36092 0.995186 -0.0222359 -0.0954447 305.266 
-0.16151 0.0731515 -0.984156 -11.1343 0.0315373 0.997122 0.0689397 -4.33704 0.986367 -0.0199031 -0.163352 305.148 
-0.228827 0.0792316 -0.970237 -11.6201 0.0363348 0.996683 0.0728217 -4.31261 0.972789 -0.0185898 -0.230947 305.006 
-0.293871 0.0836356 -0.952179 -12.1085 0.0414118 0.996343 0.0747339 -4.28082 0.954948 -0.0174693 -0.29626 304.819 
-0.356592 0.085651 -0.930326 -12.5959 0.0456084 0.996197 0.0742339 -4.24314 0.933146 -0.0159595 -0.359142 304.597 
-0.415936 0.086332 -0.905287 -13.0693 0.0498579 0.996151 0.0720899 -4.20692 0.908026 -0.0151509 -0.418639 304.335 
-0.472372 0.0862508 -0.877169 -13.5442 0.0527623 0.996183 0.0695398 -4.16742 0.879819 -0.0134328 -0.47512 304.042 
-0.524013 0.0862631 -0.847331 -14.0196 0.0551962 0.996206 0.0672846 -4.12766 0.84992 -0.0115114 -0.526786 303.703 
-0.570667 0.0864747 -0.816616 -14.4929 0.0572684 0.99621 0.0654724 -4.0906 0.819182 -0.00940336 -0.573456 303.331 
-0.611442 0.0868217 -0.786512 -14.9577 0.0584123 0.996203 0.0645589 -4.05181 0.78913 -0.00646789 -0.614192 302.924 
-0.648435 0.0905902 -0.755861 -15.412 0.0633409 0.995872 0.065017 -4.0153 0.75863 -0.00571754 -0.651496 302.486 
-0.685138 0.0978346 -0.721813 -15.8807 0.0720582 0.995182 0.0664901 -3.97873 0.72484 -0.00645767 -0.688887 302.017 
-0.720586 0.103329 -0.685623 -16.3387 0.0786129 0.994632 0.0672783 -3.93755 0.688894 -0.00541895 -0.724841 301.505 
-0.752853 0.10542 -0.649692 -16.7639 0.0820681 0.994422 0.0662568 -3.90591 0.653052 -0.00343732 -0.757305 300.954 
-0.78275 0.101328 -0.614032 -17.189 0.0810829 0.994851 0.0608083 -3.86346 0.617032 -0.00218979 -0.786935 300.35 
-0.809713 0.098726 -0.578462 -17.5943 0.0824846 0.995108 0.0543755 -3.83002 0.581 -0.00368569 -0.813895 299.719 
-0.834494 0.0937371 -0.542986 -17.981 0.0809939 0.995587 0.0473946 -3.79413 0.545032 -0.00442804 -0.838404 299.046 
-0.856975 0.0914676 -0.507176 -18.3701 0.0814522 0.995794 0.0419587 -3.76349 0.508881 -0.00535306 -0.86082 298.336 
-0.877526 0.090076 -0.470993 -18.7281 0.080911 0.99593 0.03972 -3.73594 0.472654 -0.0032532 -0.881242 297.594 
-0.896706 0.0861707 -0.434159 -19.0665 0.0779228 0.99628 0.0367984 -3.70994 0.435715 -0.00083353 -0.900085 296.811 
-0.914182 0.0856839 -0.396143 -19.4013 0.078718 0.996322 0.033842 -3.6841 0.397586 -0.000245808 -0.917565 295.989 
-0.929812 0.0877117 -0.357431 -19.6905 0.0815329 0.996146 0.0323514 -3.65802 0.358891 0.000938271 -0.933379 295.144 
-0.943433 0.0913282 -0.318737 -19.9625 0.0859271 0.995819 0.030997 -3.63998 0.320235 0.00185543 -0.947336 294.257 
-0.955362 0.0924391 -0.280605 -20.2039 0.0870682 0.995702 0.031575 -3.61833 0.282317 0.0057338 -0.959304 293.339 
-0.9653 0.0955303 -0.243042 -20.416 0.0907207 0.995396 0.0309322 -3.59982 0.244878 0.00780991 -0.969522 292.405 
-0.973768 0.0952275 -0.206659 -20.5959 0.0911217 0.995408 0.0293179 -3.58648 0.208502 0.00971772 -0.977974 291.443 
-0.980439 0.0938308 -0.17302 -20.7431 0.0910022 0.995556 0.0242272 -3.56713 0.174524 0.00800807 -0.98462 290.433 
-0.985803 0.0926579 -0.140024 -20.8517 0.0907825 0.995675 0.0197358 -3.55319 0.141247 0.0067439 -0.989951 289.415 
-0.9898 0.0918906 -0.108871 -20.9322 0.0904283 0.995735 0.018304 -3.54556 0.110089 0.00827232 -0.993887 288.362 
