1 2.12261e-08 -2.11895e-08 0 2.12261e-08 1 2.10703e-08 0 -2.11895e-08 2.10703e-08 1 0 
0.99998 0.000456757 -0.00637265 -0.0129455 -0.000455436 1 0.000202001 0.000537123 0.0063727 -0.000199052 0.99998 0.0953814 
0.999909 0.000983122 -0.0134629 -0.0232552 -0.000982395 1 5.74682e-05 0.00128045 0.0134629 -4.41947e-05 0.999909 0.192519 
0.99978 0.00156608 -0.0209422 -0.0375182 -0.00157809 0.999999 -0.000558874 -0.000336583 0.0209413 0.000591842 0.999781 0.296117 
0.999543 0.00191998 -0.0301842 -0.0538939 -0.00197804 0.999996 -0.00189504 -0.00117944 0.0301804 0.00195393 0.999543 0.402218 
0.999124 0.00207735 -0.0417953 -0.070834 -0.00223419 0.999991 -0.00370727 0.00347889 0.0417872 0.00379744 0.999119 0.524808 
0.998466 0.00215205 -0.0553334 -0.095161 -0.00241098 0.999986 -0.00461392 0.00259578 0.0553227 0.00474029 0.998457 0.652918 
0.997425 0.00193827 -0.0716892 -0.124919 -0.0022681 0.999987 -0.00452031 0.00161712 0.0716794 0.00467131 0.997417 0.797152 
0.99589 0.000384031 -0.0905654 -0.155115 -0.000797581 0.999989 -0.00453062 0.00036875 0.0905627 0.00458427 0.99588 0.953463 
0.993896 -0.000913983 -0.110318 -0.197722 0.000403682 0.999989 -0.00464832 -0.00196518 0.110321 0.00457545 0.993885 1.11956 
0.991173 -0.000911709 -0.132574 -0.247307 0.000276577 0.999988 -0.0048094 -0.00829966 0.132577 0.00473033 0.991161 1.29058 
0.98764 0.00249416 -0.156721 -0.307923 -0.00351256 0.999975 -0.00622182 -0.0129393 0.156701 0.00669546 0.987623 1.46931 
0.983227 0.00677526 -0.182262 -0.377807 -0.0083153 0.999936 -0.00768691 -0.0210452 0.182198 0.00907358 0.98322 1.65186 
0.977826 0.00971504 -0.209194 -0.456634 -0.0117587 0.999895 -0.00852802 -0.027044 0.209089 0.0107988 0.977837 1.83917 
0.971092 0.0104165 -0.238478 -0.541822 -0.0128561 0.99988 -0.00867685 -0.0315802 0.238358 0.011492 0.971109 2.03936 
0.962953 0.0123858 -0.269384 -0.634773 -0.015128 0.999853 -0.00810588 -0.0354795 0.269244 0.0118809 0.962999 2.23912 
0.953403 0.0142969 -0.30136 -0.740129 -0.017222 0.999827 -0.00705165 -0.0391148 0.301207 0.0119131 0.953484 2.4443 
0.942135 0.0162206 -0.334841 -0.854846 -0.0193647 0.999794 -0.00605347 -0.0393493 0.334674 0.0121873 0.942255 2.64907 
0.929413 0.018777 -0.368563 -0.971409 -0.0223372 0.999736 -0.00539522 -0.042472 0.368365 0.0132471 0.929587 2.84645 
0.915275 0.0213326 -0.402264 -1.09999 -0.0254837 0.999663 -0.00496989 -0.039648 0.402022 0.0148001 0.91551 3.04813 
0.898869 0.0217657 -0.437677 -1.23245 -0.0262921 0.999645 -0.00428449 -0.0381775 0.437428 0.0153587 0.899122 3.25087 
0.880009 0.017329 -0.47464 -1.36995 -0.0223481 0.999738 -0.00493434 -0.0364363 0.47443 0.0149496 0.880166 3.45241 
0.8583 0.0120307 -0.513007 -1.52332 -0.0172809 0.999836 -0.00546479 -0.0344462 0.512857 0.0135557 0.858367 3.65949 
0.832737 0.0135113 -0.553504 -1.69352 -0.0177958 0.999839 -0.00236703 -0.0379021 0.553382 0.0118212 0.832844 3.85554 
0.803001 0.0188999 -0.595678 -1.8878 -0.0224161 0.999748 0.00150239 -0.0429192 0.595556 0.0121464 0.803222 4.04452 
0.769797 0.0214555 -0.637928 -2.09169 -0.025345 0.999674 0.00303788 -0.0403137 0.637785 0.0138298 0.77009 4.22203 
0.732921 0.0207114 -0.679999 -2.30818 -0.0246435 0.999689 0.00388711 -0.0417727 0.679867 0.0139086 0.733203 4.4003 
0.692318 0.01677 -0.721398 -2.53824 -0.0186167 0.999812 0.00537579 -0.042607 0.721352 0.00970837 0.6925 4.57983 
0.648928 0.0130336 -0.760738 -2.79364 -0.0131461 0.999896 0.00591714 -0.0385186 0.760736 0.00616101 0.649032 4.74998 
0.603393 0.0126768 -0.797343 -3.06713 -0.0102969 0.999914 0.00810513 -0.0399145 0.797377 0.00331964 0.603472 4.90825 
0.554747 0.0133345 -0.831912 -3.359 -0.00765641 0.999911 0.0109217 -0.0375483 0.831984 0.000310709 0.5548 5.05093 
0.503656 0.0139092 -0.863792 -3.66073 -0.00670447 0.999903 0.0121917 -0.0300349 0.863878 -0.00034913 0.503701 5.16641 
0.450656 0.0154309 -0.892565 -3.97879 -0.00551727 0.99988 0.0145005 -0.0287045 0.892681 -0.00161017 0.450687 5.27291 
0.395817 0.0174727 -0.918163 -4.32588 -0.00454008 0.999844 0.0170698 -0.0216108 0.918318 -0.00258793 0.395834 5.3692 
0.340467 0.0194301 -0.940056 -4.69155 -0.00413259 0.999808 0.0191684 -0.0170536 0.940247 -0.00264129 0.340482 5.44586 
0.285505 0.0225714 -0.958112 -5.07456 -0.00192222 0.999734 0.0229792 -0.0146476 0.958375 -0.00471892 0.285472 5.51079 
0.231792 0.0244552 -0.972458 -5.47327 0.00221593 0.999668 0.0256676 -0.0111088 0.972763 -0.0081044 0.23166 5.56169 
0.180859 0.0248407 -0.983195 -5.88752 0.00433974 0.999651 0.0260548 -0.00644672 0.9835 -0.008979 0.180688 5.59249 
0.133349 0.02575 -0.990735 -6.32255 0.00206985 0.999653 0.0262604 0.00192184 0.991067 -0.00555242 0.133249 5.60285 
0.0909044 0.0257864 -0.995526 -6.77446 -2.46848e-05 0.999665 0.0258913 0.0138548 0.99586 -0.00232902 0.0908746 5.59991 
0.0527718 0.0242736 -0.998312 -7.24368 -0.00111698 0.999705 0.0242484 0.0239004 0.998606 -0.000164498 0.0527833 5.58979 
0.0183153 0.0217394 -0.999596 -7.71515 -0.000339823 0.999764 0.0217368 0.0292264 0.999832 -5.83883e-05 0.0183184 5.56329 
-0.013289 0.018858 -0.999734 -8.20465 1.88768e-05 0.999822 0.0188594 0.0391506 0.999912 0.000231794 -0.013287 5.52939 
-0.0396893 0.0170166 -0.999067 -8.70537 -0.000517513 0.999855 0.0170506 0.042175 0.999212 0.0011938 -0.0396747 5.47945 
-0.0606512 0.0146637 -0.998051 -9.21668 -0.000999699 0.999891 0.0147515 0.0507035 0.998159 0.00189249 -0.0606299 5.41992 
-0.0772884 0.0136605 -0.996915 -9.74415 -0.000431521 0.999906 0.0137349 0.0612738 0.997009 0.00149178 -0.0772752 5.36242 
-0.0903684 0.0142908 -0.995806 -10.2862 0.000728541 0.999898 0.0142834 0.0658127 0.995908 0.000565327 -0.0903696 5.29645 
-0.100216 0.0155338 -0.994844 -10.8395 -0.00058897 0.999877 0.0156718 0.0599657 0.994966 0.00215654 -0.100195 5.22499 
-0.10714 0.0171785 -0.994096 -11.4111 -0.00267271 0.999842 0.0175658 0.0531472 0.99424 0.00453898 -0.107077 5.14563 
-0.111858 0.0176947 -0.993567 -12.0099 -0.00242896 0.999834 0.0180798 0.0635435 0.993721 0.00443574 -0.111796 5.06775 
-0.113419 0.0184536 -0.993376 -12.6217 4.14113e-05 0.999828 0.0185688 0.076183 0.993547 0.00206495 -0.1134 4.99277 
-0.112552 0.0206291 -0.993432 -13.2384 0.00208595 0.999787 0.0205247 0.0840391 0.993644 0.000237891 -0.112571 4.91598 
-0.11133 0.0229441 -0.993519 -13.8757 0.00171534 0.999736 0.0228955 0.0913229 0.993782 0.000844774 -0.11134 4.83592 
-0.10988 0.0227899 -0.993684 -14.5289 -0.000545915 0.999736 0.0229891 0.0966899 0.993945 0.00306856 -0.109839 4.75101 
-0.108559 0.0202361 -0.993884 -15.1942 -0.00214211 0.999786 0.0205903 0.103376 0.994088 0.00436431 -0.108493 4.66842 
-0.107392 0.0200663 -0.994014 -15.876 -0.00218848 0.999789 0.0204193 0.115675 0.994214 0.0043683 -0.107326 4.58629 
-0.105477 0.0227336 -0.994162 -16.5813 -0.00160924 0.999733 0.0230318 0.130629 0.99442 0.0040292 -0.105412 4.49899 
-0.103575 0.0260373 -0.994281 -17.3017 -0.0025385 0.999647 0.0264423 0.142806 0.994618 0.00526279 -0.103473 4.40864 
-0.10172 0.0281069 -0.994416 -18.0345 -0.00311407 0.999587 0.0285716 0.148503 0.994808 0.00600301 -0.10159 4.31878 
-0.0999523 0.0273488 -0.994616 -18.7717 -0.00472822 0.999598 0.027961 0.160978 0.994981 0.00749756 -0.0997828 4.23176 
-0.0983944 0.0243941 -0.994849 -19.5182 -0.00695157 0.999658 0.0251995 0.17169 0.995123 0.00939529 -0.0981912 4.14209 
-0.0969763 0.0235517 -0.995008 -20.2869 -0.00773424 0.999672 0.0244159 0.188329 0.995257 0.0100634 -0.0967623 4.05127 
-0.0955441 0.0260082 -0.995085 -21.0729 -0.00517061 0.999632 0.0266235 0.201557 0.995412 0.00768895 -0.0953745 3.96608 
-0.0945339 0.0280762 -0.995126 -21.8651 -0.00278207 0.999591 0.0284665 0.214535 0.995518 0.00545959 -0.0944171 3.88188 
-0.0932364 0.0296152 -0.995203 -22.6652 -0.00209857 0.99955 0.0299411 0.229126 0.995642 0.00488014 -0.0931322 3.78956 
-0.0928176 0.0250604 -0.995368 -23.46 -0.00187463 0.999677 0.0253437 0.236312 0.995681 0.00421832 -0.0927406 3.70392 
-0.0926328 0.0180412 -0.995537 -24.2664 -5.75961e-05 0.999836 0.0181245 0.242993 0.9957 0.0017363 -0.0926165 3.61644 
-0.0928706 0.0135707 -0.995586 -25.0763 0.00295707 0.999907 0.0133537 0.250711 0.995674 -0.0017038 -0.0929021 3.53266 
-0.0934027 0.0141118 -0.995528 -25.9025 0.0041746 0.999896 0.0137821 0.261147 0.99562 -0.00286861 -0.0934519 3.44313 
-0.0934731 0.0215485 -0.995389 -26.745 0.00408281 0.999766 0.0212599 0.265076 0.995613 -0.00207672 -0.0935391 3.34682 
-0.0939442 0.0285323 -0.995169 -27.5936 0.00232524 0.999593 0.0284397 0.272649 0.995575 0.000357771 -0.0939722 3.25292 
-0.0943812 0.0339227 -0.994958 -28.4392 0.000556383 0.999421 0.0340221 0.28036 0.995536 0.0026575 -0.0943454 3.15349 
-0.0948399 0.0340876 -0.994909 -29.2753 -0.00109494 0.999409 0.0343461 0.291743 0.995492 0.00434679 -0.0947466 3.05654 
-0.0952624 0.0304158 -0.994987 -30.1094 -0.000601833 0.999531 0.0306123 0.307669 0.995452 0.00351506 -0.0951994 2.9636 
-0.0958353 0.0276781 -0.995012 -30.9451 -0.000641676 0.999611 0.0278678 0.322464 0.995397 0.00330924 -0.0957803 2.8698 
-0.0960611 0.0291103 -0.99495 -31.7841 -0.00198667 0.999565 0.0294372 0.330804 0.995374 0.00480444 -0.0959614 2.77312 
-0.0957249 0.0315953 -0.994906 -32.6276 -0.00261119 0.999485 0.0319919 0.333784 0.995404 0.00566036 -0.095593 2.66454 
-0.0956216 0.0299236 -0.994968 -33.4628 -0.00345716 0.999532 0.0303932 0.341563 0.995412 0.00634605 -0.0954734 2.56557 
-0.0951879 0.0247009 -0.995153 -34.2969 -0.00442675 0.999672 0.0252365 0.353335 0.99545 0.00680754 -0.0950473 2.46783 
-0.0951642 0.0206061 -0.995248 -35.1273 -0.00585927 0.999757 0.0212597 0.361604 0.995444 0.00785463 -0.0950203 2.37232 
-0.0945927 0.0212343 -0.99529 -35.9622 -0.00502687 0.99975 0.0218072 0.37104 0.995503 0.00706604 -0.0944622 2.27247 
-0.094592 0.0238468 -0.995231 -36.792 -0.00370274 0.999698 0.0243057 0.37386 0.995509 0.00598425 -0.0944751 2.18796 
-0.0941075 0.0287454 -0.995147 -37.6318 -0.0030979 0.99957 0.0291662 0.383493 0.995557 0.00582766 -0.093978 2.09086 
-0.0935771 0.0344288 -0.995017 -38.4735 -0.00244071 0.999391 0.0348097 0.392669 0.995609 0.00568597 -0.093436 1.9957 
-0.093784 0.0377918 -0.994875 -39.3099 -0.00272103 0.999266 0.0382151 0.402755 0.995589 0.00629109 -0.0936123 1.90306 
-0.093593 0.0373673 -0.994909 -40.1399 -0.0024755 0.999284 0.0377645 0.420701 0.995608 0.00599743 -0.0934334 1.81266 
-0.0937126 0.0331262 -0.995048 -40.9685 -0.00229504 0.999437 0.0334885 0.433961 0.995597 0.00542201 -0.0935837 1.7209 
-0.0935109 0.0286091 -0.995207 -41.793 -0.00328472 0.999573 0.0290432 0.449458 0.995613 0.00598488 -0.093377 1.62977 
-0.0937858 0.0256521 -0.995262 -42.6179 -0.00692521 0.999627 0.0264172 0.462013 0.995568 0.00936999 -0.0935732 1.53464 
-0.0942949 0.0237626 -0.995261 -43.4471 -0.010075 0.999641 0.0248217 0.471153 0.995493 0.0123678 -0.0940216 1.43499 
-0.0950478 0.0219068 -0.995232 -44.2744 -0.00822908 0.999706 0.0227912 0.474044 0.995439 0.0103561 -0.0948397 1.34017 
-0.0962367 0.018482 -0.995187 -45.095 -0.00464987 0.999808 0.0190175 0.475462 0.995348 0.00645771 -0.0961323 1.249 
-0.0970101 0.0170778 -0.995137 -45.9172 -0.000569724 0.999852 0.0172143 0.481575 0.995283 0.00223695 -0.0969859 1.15734 
-0.099111 0.0204403 -0.994866 -46.7434 -1.33144e-05 0.999789 0.0205427 0.488167 0.995076 0.0020493 -0.0990898 1.06005 
-0.101085 0.0266609 -0.994521 -47.5732 0.00279708 0.999645 0.0265139 0.490991 0.994874 -0.000101555 -0.101123 0.965527 
-0.102898 0.030456 -0.994226 -48.3873 0.00448664 0.999535 0.0301543 0.494678 0.994682 -0.00135789 -0.102986 0.867544 
-0.104751 0.0296528 -0.994056 -49.1904 0.00488607 0.999559 0.0293021 0.502479 0.994487 -0.00178756 -0.10485 0.773407 
-0.105798 0.0255356 -0.99406 -49.9893 0.00134569 0.999673 0.0255366 0.507985 0.994387 0.00136407 -0.105798 0.666041 
-0.107039 0.0216743 -0.994019 -50.7825 -0.00333556 0.999749 0.0221584 0.514349 0.994249 0.00568746 -0.10694 0.558676 
-0.108459 0.0200744 -0.993898 -51.5769 -0.00740759 0.999752 0.021001 0.518641 0.994073 0.00964018 -0.108284 0.449182 
-0.109615 0.0212614 -0.993747 -52.3688 -0.00866583 0.999713 0.0223449 0.51956 0.993936 0.011061 -0.109399 0.345094 
-0.110865 0.0227034 -0.993576 -53.1555 -0.00838748 0.999682 0.0237788 0.523024 0.9938 0.0109699 -0.110639 0.244224 
-0.111727 0.0222383 -0.99349 -53.9371 -0.010417 0.999668 0.0235481 0.523157 0.993684 0.0129802 -0.111458 0.136883 
-0.112389 0.0221066 -0.993418 -54.7191 -0.0107137 0.999667 0.0234578 0.528039 0.993607 0.0132796 -0.112115 0.0291146 
-0.11299 0.0238925 -0.993309 -55.4998 -0.00929949 0.999642 0.0251026 0.532883 0.993553 0.0120736 -0.112727 -0.0733871 
-0.113508 0.0267902 -0.993176 -56.2716 -0.0079046 0.99958 0.0278663 0.54001 0.993506 0.0110137 -0.113248 -0.171205 
-0.113644 0.030897 -0.993041 -57.0559 -0.00835438 0.999451 0.0320525 0.545979 0.993487 0.0119388 -0.113323 -0.28618 
-0.114295 0.0329647 -0.9929 -57.8173 -0.00855334 0.99938 0.0341644 0.553262 0.99341 0.0123975 -0.113943 -0.387732 
-0.115005 0.0329381 -0.992819 -58.5761 -0.00808233 0.999386 0.0340922 0.561843 0.993332 0.0119451 -0.114668 -0.492244 
-0.115606 0.0311055 -0.992808 -59.3235 -0.00732993 0.999456 0.0321673 0.565022 0.993268 0.010996 -0.115315 -0.588164 
-0.116187 0.0277794 -0.992839 -60.0526 -0.00679367 0.999563 0.0287625 0.569671 0.993204 0.0100869 -0.115947 -0.681902 
-0.116151 0.0250055 -0.992917 -60.7757 -0.00708671 0.999637 0.0260037 0.5721 0.993206 0.0100569 -0.115931 -0.775999 
-0.115245 0.0226252 -0.993079 -61.4896 -0.00734065 0.999694 0.0236277 0.578404 0.99331 0.0100129 -0.115044 -0.870622 
-0.113188 0.0219088 -0.993332 -62.1854 -0.00960157 0.999686 0.023143 0.579244 0.993527 0.0121571 -0.112942 -0.963791 
-0.109166 0.0225816 -0.993767 -62.8692 -0.00985353 0.999668 0.0237981 0.584007 0.993975 0.0123901 -0.108907 -1.05212 
-0.103733 0.0240526 -0.994314 -63.5412 -0.00873304 0.999647 0.0250927 0.588479 0.994567 0.0112864 -0.103486 -1.13038 
-0.0965926 0.025638 -0.994994 -64.1976 -0.00774788 0.999619 0.0265093 0.591802 0.995294 0.0102697 -0.0963572 -1.20544 
-0.0880421 0.0269033 -0.995753 -64.8292 -0.00855133 0.999578 0.0277628 0.594381 0.99608 0.0109593 -0.0877749 -1.26877 
-0.076355 0.0282003 -0.996682 -65.4522 -0.0105296 0.999521 0.0290873 0.601411 0.997025 0.0127156 -0.0760215 -1.32727 
-0.0615839 0.0296293 -0.997662 -66.0559 -0.0136133 0.999441 0.0305225 0.605815 0.998009 0.0154613 -0.0611461 -1.37194 
-0.0431421 0.0309159 -0.998591 -66.6448 -0.0151846 0.999385 0.0315965 0.608816 0.998954 0.0165264 -0.0426461 -1.40323 
-0.0210786 0.0315895 -0.999279 -67.2075 -0.0158658 0.999364 0.0319269 0.614837 0.999652 0.0165274 -0.020564 -1.41246 
0.00437153 0.0321253 -0.999474 -67.7454 -0.0150931 0.999372 0.032056 0.615777 0.999877 0.014945 0.00485366 -1.40069 
0.0334678 0.0316434 -0.998939 -68.2607 -0.0136384 0.99942 0.0312017 0.622062 0.999347 0.0125797 0.03388 -1.36484 
0.0676672 0.031464 -0.997212 -68.7527 -0.0123597 0.999452 0.030696 0.629883 0.997631 0.0102481 0.068019 -1.31666 
0.105349 0.0320962 -0.993917 -69.2262 -0.0117052 0.99945 0.0310342 0.62944 0.994366 0.00836465 0.105667 -1.24433 
0.146354 0.031916 -0.988717 -69.6823 -0.0114574 0.999467 0.030567 0.63161 0.989166 0.00685457 0.146642 -1.15656 
0.191562 0.0328129 -0.980932 -70.121 -0.0102795 0.999453 0.031425 0.636283 0.981427 0.00406373 0.191794 -1.04297 
0.240685 0.0315768 -0.97009 -70.545 -0.00688988 0.999501 0.0308247 0.637491 0.970579 -0.00073518 0.240782 -0.916904 
0.291333 0.0271584 -0.956236 -70.9517 0.000660378 0.999591 0.0285909 0.633468 0.956622 -0.0089609 0.291196 -0.75788 
0.343346 0.0221245 -0.938948 -71.3364 0.00599017 0.999651 0.0257453 0.63379 0.93919 -0.0144639 0.343094 -0.58448 
0.396526 0.0171602 -0.917863 -71.7218 0.0110576 0.999664 0.0234665 0.645816 0.917957 -0.0194544 0.396203 -0.388563 
0.448589 0.0165028 -0.893586 -72.0958 0.0106706 0.999659 0.0238184 0.656285 0.893674 -0.0202197 0.44826 -0.17925 
0.497396 0.0153261 -0.867388 -72.4538 0.0123559 0.999617 0.0247478 0.660605 0.867436 -0.0230268 0.497016 0.0589869 
0.543193 0.0110321 -0.839535 -72.7951 0.0201533 0.999454 0.026173 0.667424 0.839366 -0.0311363 0.542674 0.321693 
0.587811 0.00485279 -0.808984 -73.1146 0.0304642 0.99914 0.0281289 0.668894 0.808424 -0.0411795 0.587158 0.605401 
0.631235 -0.000133598 -0.775591 -73.4236 0.0316979 0.999169 0.025626 0.672768 0.774943 -0.0407606 0.630715 0.892965 
0.673355 -0.00487209 -0.739303 -73.7193 0.0282559 0.999417 0.0191491 0.67652 0.738779 -0.0337837 0.6731 1.19184 
0.715059 -0.0118445 -0.698964 -74.0052 0.0247648 0.999658 0.0083951 0.681268 0.698625 -0.0233127 0.715108 1.5076 
0.755306 -0.0147295 -0.655207 -74.2746 0.0199455 0.999801 0.000516508 0.684196 0.655069 -0.0134585 0.75545 1.84558 
0.793453 -0.0157019 -0.608429 -74.5353 0.0182168 0.999832 -0.0020465 0.686153 0.608359 -0.00945978 0.793606 2.21955 
0.828382 -0.0171236 -0.559903 -74.7856 0.0184162 0.999825 -0.00333079 0.683428 0.559861 -0.00755208 0.828552 2.62703 
0.859901 -0.0158609 -0.510214 -75.0239 0.0153205 0.999869 -0.00526203 0.681673 0.51023 -0.00329184 0.860031 3.05418 
0.886753 -0.0139758 -0.462032 -75.2513 0.0140837 0.999896 -0.00321541 0.671802 0.462028 -0.0036558 0.886858 3.5192 
0.908607 -0.00740593 -0.417586 -75.4574 0.00718484 0.999972 -0.00210151 0.667449 0.41759 -0.0010908 0.908635 4.00171 
0.926644 -0.00321433 -0.375927 -75.6553 0.00210044 0.999992 -0.00337295 0.661946 0.375935 0.00233596 0.926643 4.50092 
0.940629 0.00185742 -0.339431 -75.8423 -0.0027042 0.999994 -0.00202183 0.663069 0.339426 0.00281973 0.940629 5.02922 
0.950977 0.00259937 -0.30925 -76.0132 -0.00267925 0.999996 0.000166283 0.654459 0.309249 0.000670475 0.950981 5.5835 
0.958529 0.00187696 -0.284989 -76.1746 -0.00140533 0.999997 0.00185924 0.648763 0.284992 -0.00138158 0.958529 6.15595 
0.964614 0.00175549 -0.26366 -76.3396 -0.00075115 0.999992 0.00390985 0.645458 0.263665 -0.0035734 0.964608 6.7512 
0.969469 0.00430686 -0.245175 -76.4993 -0.00280007 0.999975 0.00649384 0.644384 0.245197 -0.00560902 0.969457 7.35313 
0.973167 0.00911021 -0.22992 -76.6523 -0.00744948 0.99994 0.00808993 0.641591 0.22998 -0.00616002 0.973176 7.9824 
0.976179 0.0128437 -0.216586 -76.8046 -0.0110859 0.999895 0.00932895 0.638422 0.216683 -0.00670562 0.976219 8.61783 
0.979028 0.0115367 -0.203397 -76.9476 -0.00988504 0.999909 0.00913448 0.635868 0.203484 -0.00693228 0.979054 9.26783 
0.981762 0.0114711 -0.189766 -77.079 -0.00996907 0.999911 0.00886768 0.633992 0.189851 -0.00681412 0.981789 9.93935 
0.984487 0.012132 -0.175038 -77.2093 -0.0106092 0.999897 0.00963287 0.634382 0.175137 -0.00762638 0.984515 10.6296 
0.986864 0.0131857 -0.161015 -77.333 -0.0116775 0.999879 0.0103089 0.628334 0.161132 -0.00829317 0.986898 11.3317 
0.988839 0.0133015 -0.148396 -77.4488 -0.012316 0.999896 0.00755812 0.624212 0.148481 -0.00564607 0.988899 12.0438 
0.990414 0.013913 -0.137429 -77.56 -0.0137426 0.999903 0.00218856 0.619612 0.137446 -0.000278909 0.990509 12.7645 
0.991745 0.011891 -0.127673 -77.6699 -0.01249 0.999914 -0.00389197 0.616277 0.127616 0.00545453 0.991809 13.5037 
0.992774 0.0118517 -0.119412 -77.7717 -0.0124276 0.999914 -0.00407991 0.611084 0.119353 0.00553447 0.992836 14.2487 
0.993525 0.0137962 -0.112776 -77.87 -0.0136323 0.999905 0.00222411 0.600728 0.112795 -0.000672277 0.993618 15.0121 
0.993999 0.0184671 -0.107817 -77.9714 -0.0174726 0.999796 0.0101616 0.59113 0.107983 -0.00821669 0.994119 15.7866 
0.994443 0.0187518 -0.10359 -78.0639 -0.0173804 0.999749 0.0141254 0.582313 0.103829 -0.0122464 0.99452 16.5561 
0.99482 0.0178428 -0.100073 -78.1549 -0.0166331 0.999778 0.0129092 0.580198 0.100281 -0.0111778 0.994896 17.3264 
0.995137 0.0176577 -0.0969057 -78.2443 -0.0165774 0.999791 0.0119419 0.577348 0.0970963 -0.0102773 0.995222 18.0949 
0.995422 0.0158974 -0.094242 -78.3261 -0.014623 0.999792 0.0141968 0.57453 0.0944481 -0.0127536 0.995448 18.8593 
0.995687 0.0142108 -0.0916825 -78.4027 -0.0127333 0.99978 0.0166801 0.571088 0.0918993 -0.0154407 0.995649 19.6215 
0.995991 0.0121795 -0.0886216 -78.4824 -0.010583 0.999774 0.0184619 0.567343 0.0888264 -0.01745 0.995894 20.3858 
0.996246 0.0117342 -0.0857667 -78.5616 -0.0105044 0.999836 0.0147758 0.563339 0.085926 -0.0138193 0.996206 21.1418 
0.99635 0.0142259 -0.084164 -78.6415 -0.013646 0.999879 0.00745989 0.559769 0.0842599 -0.00628411 0.996424 21.8929 
0.996466 0.0144949 -0.0827362 -78.7138 -0.0145663 0.999894 -0.000259601 0.550909 0.0827236 0.00146389 0.996571 22.6351 
0.996587 0.0149237 -0.0811951 -78.7936 -0.0153343 0.999873 -0.00443575 0.541574 0.0811185 0.00566572 0.996688 23.3803 
0.996715 0.0161506 -0.0793621 -78.8662 -0.0163972 0.999863 -0.00245755 0.523472 0.0793114 0.00375084 0.996843 24.1403 
0.996841 0.0198078 -0.07692 -78.9437 -0.0197512 0.999804 0.00149694 0.505571 0.0769345 2.70908e-05 0.997036 24.8966 
0.996916 0.022799 -0.0750882 -79.0204 -0.0223754 0.999729 0.00647773 0.492968 0.0752155 -0.00477758 0.997156 25.6604 
0.997143 0.019932 -0.0728642 -79.0853 -0.0193627 0.999776 0.00851081 0.482279 0.0730175 -0.0070756 0.997306 26.4042 
0.997273 0.0170584 -0.0718009 -79.1514 -0.0164933 0.999828 0.00845655 0.473953 0.0719328 -0.00724922 0.997383 27.1609 
0.997339 0.015541 -0.0712297 -79.208 -0.01497 0.999851 0.00854359 0.463817 0.0713518 -0.00745451 0.997423 27.9046 
0.997418 0.0146892 -0.070298 -79.2749 -0.0142529 0.999876 0.00670401 0.458243 0.0703877 -0.0056847 0.997504 28.6544 
0.997494 0.0127095 -0.0695983 -79.3359 -0.0123536 0.999908 0.00554192 0.448618 0.0696623 -0.0046682 0.99756 29.4097 
0.997536 0.0115245 -0.0692069 -79.4015 -0.0111563 0.999922 0.0057045 0.442384 0.0692672 -0.00491831 0.997586 30.1708 
0.997569 0.0143064 -0.0682012 -79.4799 -0.0138969 0.999883 0.0064731 0.437854 0.0682858 -0.00550954 0.997651 30.9412 
0.997574 0.0140855 -0.0681791 -79.5483 -0.013737 0.99989 0.00557624 0.431479 0.0682501 -0.00462609 0.997658 31.7128 
0.997468 0.0134064 -0.069844 -79.6168 -0.0130582 0.9999 0.00543992 0.424223 0.0699099 -0.00451407 0.997543 32.4925 
0.997362 0.0113299 -0.0716957 -79.6851 -0.0109351 0.999923 0.00589657 0.419471 0.0717569 -0.00509697 0.997409 33.2764 
0.99712 0.0128179 -0.0747433 -79.7666 -0.0124529 0.999908 0.00534624 0.416697 0.074805 -0.00440002 0.997189 34.0572 
0.99686 0.015918 -0.0775622 -79.8512 -0.0155445 0.999865 0.00541591 0.399758 0.0776379 -0.0041932 0.996973 34.8489 
0.996647 0.0166819 -0.0801078 -79.9358 -0.0167126 0.99986 0.000286933 0.395448 0.0801014 0.00105288 0.996786 35.6453 
0.996448 0.0169567 -0.0824898 -80.0227 -0.0172853 0.999845 -0.00327149 0.385581 0.0824215 0.00468577 0.996587 36.4509 
0.996298 0.0160848 -0.084444 -80.1106 -0.0165603 0.999851 -0.00493324 0.376167 0.084352 0.00631343 0.996416 37.2632 
0.99609 0.0163528 -0.0868169 -80.1954 -0.0167014 0.999855 -0.00329051 0.358681 0.0867505 0.00472765 0.996219 38.0846 
0.995923 0.0150793 -0.0889333 -80.2847 -0.0153539 0.999879 -0.00240453 0.345368 0.0888863 0.00376025 0.996035 38.914 
0.995777 0.0142437 -0.0906918 -80.3731 -0.0143794 0.999896 -0.000843891 0.336941 0.0906703 0.00214447 0.995879 39.7471 
0.995669 0.0141908 -0.0918848 -80.4701 -0.0139674 0.999898 0.003074 0.323515 0.091919 -0.00177726 0.995765 40.589 
0.995577 0.0135548 -0.0929695 -80.5615 -0.0128896 0.999887 0.00775145 0.314371 0.0930641 -0.00651878 0.995639 41.4403 
0.995661 0.0137902 -0.0920257 -80.6589 -0.0129233 0.999866 0.0100096 0.303688 0.0921514 -0.00877689 0.995706 42.2928 
0.995791 0.0166201 -0.0901344 -80.755 -0.0157704 0.999824 0.0101308 0.297951 0.0902869 -0.00866664 0.995878 43.1496 
0.995966 0.0170262 -0.0880985 -80.8481 -0.0163121 0.999828 0.00881906 0.293179 0.0882334 -0.00734637 0.996073 44.0135 
0.996135 0.0143379 -0.0866531 -80.9355 -0.0137941 0.999881 0.00687047 0.284073 0.0867412 -0.00564857 0.996215 44.8783 
0.996365 0.0103434 -0.084552 -81.0268 -0.00993839 0.999937 0.00520936 0.278866 0.0846005 -0.00435007 0.996405 45.7509 
0.996527 0.00939816 -0.0827382 -81.1119 -0.0090179 0.999947 0.0049679 0.271211 0.0827805 -0.00420448 0.996559 46.62 
0.996612 0.00713281 -0.0819399 -81.1993 -0.00653519 0.99995 0.00755879 0.259495 0.0819896 -0.00699765 0.996609 47.4949 
0.996712 0.00470727 -0.0808869 -81.287 -0.00390149 0.999941 0.0101165 0.250639 0.0809297 -0.00976761 0.996672 48.3526 
0.996763 0.00438476 -0.080273 -81.3698 -0.0035515 0.999938 0.0105196 0.238235 0.0803142 -0.0102004 0.996717 49.2172 
0.996885 0.00546521 -0.0786858 -81.4681 -0.0049099 0.999962 0.00724858 0.228386 0.0787224 -0.00683961 0.996873 50.0786 
0.996906 0.00775866 -0.0782219 -81.5545 -0.007665 0.99997 0.00149702 0.216324 0.0782311 -0.000892771 0.996935 50.9429 
0.996984 0.0100116 -0.076959 -81.6442 -0.0103557 0.999938 -0.00407414 0.202577 0.0769134 0.00485886 0.997026 51.8027 
0.996986 0.0141215 -0.0762803 -81.7312 -0.0149048 0.999842 -0.00971015 0.180911 0.076131 0.0108179 0.997039 52.657 
0.997071 0.0143132 -0.0751292 -81.8141 -0.0151449 0.99983 -0.0105126 0.159403 0.0749659 0.0116197 0.997118 53.5037 
0.997113 0.0113556 -0.0750729 -81.8876 -0.0117439 0.99992 -0.00473276 0.146707 0.0750131 0.00560079 0.997167 54.3589 
0.997066 0.0105251 -0.0758203 -81.9661 -0.0102208 0.999938 0.00439992 0.128853 0.0758619 -0.00361202 0.997112 55.2157 
0.996967 0.00958713 -0.0772295 -82.0458 -0.00865899 0.999886 0.0123434 0.109777 0.077339 -0.0116372 0.996937 56.0778 
0.996804 0.00747842 -0.0795334 -82.129 -0.00670339 0.999928 0.0100068 0.10279 0.0796024 -0.00944166 0.996782 56.9143 
0.996693 0.00195123 -0.0812351 -82.2107 -0.00142819 0.999978 0.00649571 0.0956718 0.0812459 -0.00635817 0.996674 57.7463 
0.996484 0.000849964 -0.0837848 -82.2943 -0.000414623 0.999986 0.00521272 0.0836777 0.083788 -0.00515961 0.99647 58.5797 
0.996242 0.0028112 -0.0865636 -82.3855 -0.0025696 0.999993 0.00290187 0.0685874 0.086571 -0.00266849 0.996242 59.4023 
0.995949 0.00461561 -0.0898046 -82.4794 -0.00468176 0.999989 -0.000526378 0.054987 0.0898012 0.000944733 0.995959 60.2143 
0.995582 0.0051785 -0.0937538 -82.5723 -0.0055766 0.999977 -0.00398522 0.0393706 0.0937309 0.00449049 0.995587 61.0306 
0.995258 0.00735078 -0.0969968 -82.6688 -0.00812456 0.999938 -0.00758528 0.0170862 0.096935 0.00833741 0.995256 61.837 
0.994923 0.0118718 -0.0999364 -82.7779 -0.012698 0.99989 -0.00763559 -0.00510354 0.0998348 0.00886586 0.994965 62.6442 
0.994539 0.0153148 -0.103233 -82.8865 -0.0160226 0.999853 -0.00603064 -0.0198437 0.103126 0.00765182 0.994639 63.4523 
0.994059 0.0183104 -0.10729 -82.9957 -0.0184103 0.999831 5.96879e-05 -0.0405433 0.107273 0.00191595 0.994228 64.2417 
0.993601 0.0194651 -0.11126 -83.1075 -0.0189913 0.999806 0.00531654 -0.0525484 0.111342 -0.00316949 0.993777 65.0382 
0.993016 0.0185183 -0.116515 -83.2151 -0.0175915 0.999805 0.00897754 -0.062951 0.116658 -0.00686513 0.993148 65.8352 
0.992275 0.0184516 -0.122681 -83.3321 -0.0173577 0.9998 0.00997947 -0.0697841 0.122841 -0.00777287 0.992396 66.6187 
0.991562 0.0163769 -0.128596 -83.4471 -0.0147782 0.999801 0.0133765 -0.0736113 0.128789 -0.0113631 0.991607 67.4051 
0.990706 0.0169623 -0.134962 -83.5676 -0.0153303 0.999796 0.013122 -0.0810141 0.135157 -0.010931 0.990764 68.1777 
0.989781 0.0224799 -0.140811 -83.7062 -0.021012 0.999708 0.0119029 -0.0827839 0.141038 -0.00882249 0.989965 68.9263 
0.988886 0.024512 -0.146643 -83.8478 -0.0235497 0.999688 0.00829482 -0.0897747 0.146801 -0.00474919 0.989155 69.6973 
0.988008 0.0230797 -0.152667 -83.9819 -0.0225178 0.999732 0.00540827 -0.0945694 0.152751 -0.00190563 0.988263 70.461 
0.9871 0.0240882 -0.158281 -84.1203 -0.0237379 0.99971 0.00410335 -0.104405 0.158334 -0.00029311 0.987386 71.2261 
0.986264 0.0261672 -0.163091 -84.2647 -0.0250309 0.999646 0.00901834 -0.108346 0.163269 -0.0048121 0.98657 71.9998 
0.985267 0.0269371 -0.168888 -84.4177 -0.0250892 0.9996 0.0130663 -0.111993 0.169172 -0.00863647 0.985549 72.7529 
0.984188 0.0265556 -0.175127 -84.5676 -0.0242487 0.999589 0.0152992 -0.119599 0.175461 -0.0108106 0.984427 73.5143 
0.982995 0.023969 -0.182059 -84.724 -0.0222728 0.999687 0.0113555 -0.12388 0.182274 -0.00710741 0.983222 74.2596 
0.981426 0.021731 -0.190605 -84.8814 -0.0213428 0.999764 0.0040892 -0.124004 0.190649 5.48485e-05 0.981658 74.9965 
0.979708 0.0195839 -0.199471 -85.0502 -0.019497 0.999807 0.00239962 -0.133493 0.199479 0.0015382 0.979901 75.7311 
0.977494 0.0191984 -0.210086 -85.2302 -0.0185212 0.999815 0.00519016 -0.141324 0.210147 -0.00118226 0.977669 76.474 
0.975039 0.0195265 -0.221175 -85.4163 -0.0174796 0.999784 0.0112086 -0.142875 0.221346 -0.00706271 0.97517 77.2089 
0.972336 0.0211471 -0.232629 -85.6202 -0.0172893 0.999677 0.01861 -0.14296 0.232948 -0.0140732 0.972387 77.9428 
0.969631 0.02185 -0.243594 -85.8266 -0.0170162 0.999615 0.0219302 -0.14612 0.243979 -0.0171191 0.969629 78.6647 
0.966694 0.0252302 -0.25469 -86.0453 -0.0215876 0.999621 0.0170876 -0.146621 0.255025 -0.0110203 0.966872 79.3775 
0.963525 0.0245678 -0.266489 -86.2657 -0.0232585 0.999697 0.00806844 -0.150873 0.266607 -0.00157594 0.963804 80.0727 
0.960154 0.0219105 -0.278611 -86.4941 -0.0219131 0.999755 0.00310528 -0.149739 0.278611 0.00312374 0.960399 80.7731 
0.95665 0.0207357 -0.290502 -86.7329 -0.0192801 0.999783 0.00787237 -0.151437 0.290602 -0.00193015 0.956842 81.4727 
0.953037 0.0220441 -0.302049 -86.979 -0.018273 0.999716 0.0153052 -0.157823 0.302301 -0.00906703 0.953169 82.1953 
0.949139 0.0219988 -0.314087 -87.235 -0.0163193 0.999653 0.0207007 -0.161067 0.314433 -0.0145222 0.949169 82.9044 
0.944895 0.0194007 -0.326798 -87.4943 -0.0141136 0.999729 0.0185423 -0.158462 0.327069 -0.0129082 0.944912 83.6095 
0.941088 0.017707 -0.337698 -87.769 -0.0137128 0.999805 0.0142095 -0.161621 0.337883 -0.00874154 0.941147 84.3085 
0.937892 0.0130973 -0.34668 -88.0495 -0.0112929 0.99991 0.00722444 -0.166446 0.346744 -0.00286066 0.937956 85.0122 
0.935048 0.00907741 -0.354406 -88.3322 -0.00920161 0.999957 0.00133477 -0.171164 0.354402 0.00201308 0.935091 85.7098 
0.932191 0.00867336 -0.361862 -88.6204 -0.00956051 0.999954 -0.000661284 -0.179746 0.36184 0.00407608 0.932231 86.4116 
0.929048 0.0134984 -0.369712 -88.923 -0.0149194 0.999888 -0.000984596 -0.190579 0.369657 0.00643068 0.929146 87.108 
0.925946 0.0133175 -0.377422 -89.2283 -0.0137891 0.999904 0.00145278 -0.202777 0.377405 0.00385915 0.92604 87.8039 
0.92256 0.0142378 -0.385592 -89.535 -0.0121199 0.999895 0.00792261 -0.20592 0.385664 -0.0026357 0.922636 88.5115 
0.919609 0.0160656 -0.392506 -89.8515 -0.0105813 0.999814 0.0161321 -0.209308 0.392692 -0.010682 0.919608 89.2187 
0.917046 0.0258383 -0.397943 -90.1883 -0.0181516 0.999569 0.0230718 -0.218843 0.398368 -0.0139345 0.91712 89.9108 
0.914317 0.032265 -0.403713 -90.5244 -0.026468 0.999451 0.0199329 -0.220213 0.404135 -0.00753944 0.914669 90.5989 
0.912033 0.0286562 -0.409114 -90.8581 -0.0260607 0.999589 0.0119189 -0.21226 0.409288 -0.000208623 0.912405 91.2814 
0.909979 0.0210926 -0.414118 -91.1822 -0.0211131 0.999767 0.0045282 -0.214326 0.414117 0.00462281 0.910212 91.9731 
0.908157 0.021662 -0.41807 -91.516 -0.0220038 0.99975 0.00400344 -0.221612 0.418052 0.00556341 0.908406 92.6636 
0.906054 0.0281538 -0.422224 -91.8736 -0.0267804 0.999599 0.00918464 -0.22991 0.422313 0.00298557 0.906445 93.3534 
0.903567 0.0304921 -0.427361 -92.2293 -0.0272549 0.999535 0.0136916 -0.237933 0.42758 -0.000723538 0.903977 94.0541 
0.901251 0.0270036 -0.432456 -92.5725 -0.0242621 0.999635 0.0118567 -0.247344 0.432618 -0.000193587 0.901577 94.7392 
0.898769 0.0251148 -0.437703 -92.9228 -0.0253357 0.999665 0.00533571 -0.253045 0.43769 0.00629399 0.899104 95.4252 
0.896568 0.0223615 -0.442341 -93.2814 -0.0255406 0.999673 -0.00123147 -0.257679 0.442169 0.0124018 0.896846 96.106 
0.894227 0.0235046 -0.446996 -93.6457 -0.0273708 0.999623 -0.00219238 -0.270969 0.446776 0.0141952 0.894533 96.7879 
0.892076 0.026123 -0.45113 -94.0125 -0.0282867 0.999598 0.00194767 -0.283288 0.450999 0.0110235 0.892456 97.477 
0.889924 0.02762 -0.455272 -94.3823 -0.0286635 0.999579 0.00461269 -0.302541 0.455208 0.00894478 0.89034 98.16 
0.887534 0.0287885 -0.459842 -94.7558 -0.02959 0.999547 0.00546561 -0.313835 0.459791 0.00875586 0.887984 98.8407 
0.885102 0.0268171 -0.464625 -95.1232 -0.0278599 0.999601 0.00462222 -0.322505 0.464563 0.0088533 0.885496 99.5174 
0.882897 0.0249464 -0.468904 -95.493 -0.0260231 0.999653 0.00418405 -0.333832 0.468846 0.00850833 0.883239 100.19 
0.880732 0.024537 -0.472978 -95.8711 -0.0253212 0.999668 0.00470995 -0.341771 0.472937 0.0078282 0.881062 100.856 
0.878409 0.0257461 -0.477215 -96.2515 -0.0264429 0.999637 0.0052577 -0.35228 0.477177 0.00800059 0.878771 101.512 
0.875983 0.0263178 -0.481624 -96.6295 -0.0269075 0.999622 0.00568347 -0.366884 0.481591 0.00798073 0.87636 102.171 
0.873506 0.0234575 -0.486248 -97.0067 -0.0260538 0.99966 0.00142173 -0.376238 0.486116 0.0114268 0.87382 102.822 
0.871316 0.0201489 -0.490308 -97.3857 -0.024806 0.999688 -0.00300074 -0.390963 0.490094 0.0147773 0.871544 103.462 
0.869259 0.0183635 -0.494016 -97.7651 -0.0242451 0.999691 -0.00550069 -0.403519 0.493762 0.016759 0.869435 104.095 
0.867397 0.0202535 -0.497205 -98.1456 -0.0243987 0.999701 -0.00184213 -0.41206 0.497019 0.013729 0.867631 104.726 
0.865462 0.0244643 -0.500377 -98.5301 -0.0243417 0.999681 0.00677412 -0.421285 0.500383 0.00631735 0.865781 105.359 
0.864113 0.0265963 -0.502594 -98.9107 -0.0212552 0.99964 0.0163549 -0.43291 0.502848 -0.00344973 0.864368 105.985 
0.862385 0.0262556 -0.505571 -99.2807 -0.0182439 0.999617 0.0207929 -0.435796 0.505923 -0.00870782 0.862534 106.603 
0.860705 0.023205 -0.508574 -99.6433 -0.015267 0.999688 0.0197755 -0.429786 0.508875 -0.00925644 0.860791 107.2 
0.859105 0.0212797 -0.511356 -100.009 -0.0149224 0.999752 0.0165334 -0.435491 0.511581 -0.00657322 0.85921 107.773 
0.857394 0.0203842 -0.514257 -100.361 -0.0156634 0.999786 0.0135149 -0.432895 0.514423 -0.00353255 0.85753 108.33 
0.855828 0.0186013 -0.516926 -100.704 -0.014375 0.999823 0.0121786 -0.434318 0.517061 -0.00299195 0.855943 108.877 
0.854556 0.0168021 -0.519088 -101.042 -0.0125305 0.999853 0.0117352 -0.437121 0.519208 -0.00352391 0.854641 109.411 
0.853256 0.0172947 -0.521206 -101.373 -0.0125708 0.999842 0.0125974 -0.441461 0.521341 -0.00419675 0.853338 109.919 
0.852045 0.0171711 -0.523188 -101.693 -0.0114986 0.999835 0.0140885 -0.44819 0.523343 -0.00598802 0.852101 110.415 
0.850593 0.015506 -0.525596 -102 -0.00918254 0.999851 0.0146369 -0.451934 0.525744 -0.00762369 0.850608 110.896 
0.849364 0.0140192 -0.527621 -102.296 -0.00753657 0.999867 0.0144346 -0.452515 0.527753 -0.00828372 0.849357 111.355 
0.848134 0.0129394 -0.529623 -102.579 -0.00673593 0.999884 0.0136417 -0.460223 0.529738 -0.00800241 0.848123 111.79 
0.846699 0.0125256 -0.531925 -102.855 -0.00849249 0.999914 0.0100275 -0.464905 0.532004 -0.00397288 0.846732 112.212 
0.845369 0.0102442 -0.534084 -103.124 -0.00834865 0.999947 0.00596531 -0.470116 0.534117 -0.000583963 0.845411 112.596 
0.843126 0.00595968 -0.537684 -103.377 -0.00480806 0.999982 0.00354437 -0.470144 0.537695 -0.000403083 0.843139 112.983 
0.840143 0.00168895 -0.542363 -103.612 0.000216627 0.999994 0.00344955 -0.466906 0.542365 -0.00301555 0.840138 113.358 
0.836578 0.00217276 -0.547843 -103.85 0.000409728 0.999989 0.00459162 -0.466485 0.547847 -0.00406566 0.836569 113.705 
0.832908 0.00618723 -0.553378 -104.089 -0.00305068 0.999974 0.00658881 -0.475866 0.553404 -0.00379964 0.832905 114.03 
0.829106 0.0117388 -0.558969 -104.317 -0.00686365 0.999918 0.0108184 -0.477181 0.55905 -0.00513301 0.829118 114.345 
0.824855 0.016777 -0.565095 -104.531 -0.00840829 0.999813 0.0174098 -0.478397 0.565282 -0.00960904 0.824842 114.647 
0.819726 0.0189809 -0.572441 -104.726 -0.00783154 0.999729 0.0219342 -0.485875 0.572702 -0.0134969 0.819652 114.923 
0.814233 0.0159828 -0.580318 -104.922 -0.00331075 0.999733 0.0228888 -0.482932 0.580529 -0.0167155 0.814068 115.189 
0.807238 0.0137847 -0.590065 -105.111 0.000172034 0.999722 0.0235901 -0.482916 0.590226 -0.0191443 0.807011 115.435 
0.79858 0.0121211 -0.601766 -105.296 0.00315749 0.999699 0.0243266 -0.477702 0.60188 -0.0213268 0.798302 115.661 
0.788119 0.0127132 -0.615392 -105.473 0.0037087 0.99967 0.0254016 -0.481325 0.615512 -0.0223017 0.787812 115.868 
0.775872 0.0141148 -0.630733 -105.652 0.00195339 0.999691 0.0247744 -0.481931 0.630887 -0.0204538 0.775605 116.055 
0.761655 0.0125663 -0.647861 -105.82 0.00201796 0.999761 0.0217643 -0.48043 0.64798 -0.0178842 0.761447 116.228 
0.746787 0.0103375 -0.664983 -105.991 0.000780057 0.999865 0.0164193 -0.480616 0.665063 -0.0127804 0.746678 116.39 
0.731477 0.00654525 -0.681835 -106.149 0.00142431 0.999937 0.0111268 -0.482341 0.681865 -0.00911012 0.731421 116.539 
0.716183 0.00616315 -0.697885 -106.324 -0.0027287 0.999978 0.00603071 -0.468605 0.697907 -0.00241472 0.716184 116.678 
0.700188 0.00966947 -0.713893 -106.495 -0.00999923 0.999943 0.00373662 -0.467267 0.713888 0.00452209 0.700245 116.808 
0.682891 0.0113421 -0.730433 -106.671 -0.012655 0.999913 0.00369521 -0.464282 0.730411 0.00672023 0.682975 116.937 
0.663859 0.00981989 -0.747793 -106.842 -0.00979786 0.999942 0.00443293 -0.45714 0.747794 0.00438398 0.663917 117.074 
0.643568 0.00909472 -0.765335 -107.02 -0.00676721 0.999958 0.00619227 -0.458594 0.765359 0.00119409 0.643603 117.203 
0.621189 0.0108222 -0.783586 -107.202 -0.00680273 0.999941 0.00841743 -0.456068 0.783631 0.000101759 0.621226 117.32 
0.596825 0.0154197 -0.802223 -107.396 -0.0103655 0.99988 0.0115073 -0.455872 0.802305 0.00144765 0.596913 117.432 
0.571877 0.0196599 -0.820103 -107.59 -0.0128429 0.999805 0.0150121 -0.453574 0.820239 0.00194747 0.572018 117.536 
0.546404 0.0219751 -0.837233 -107.794 -0.0143846 0.999755 0.016853 -0.445431 0.837398 0.00283471 0.546586 117.63 
0.520354 0.0243974 -0.853602 -107.997 -0.0172677 0.999688 0.0180464 -0.43694 0.853776 0.00534931 0.520613 117.717 
0.493289 0.0288793 -0.869386 -108.202 -0.021369 0.999549 0.0210783 -0.439774 0.869603 0.00818028 0.493684 117.798 
0.465997 0.0317777 -0.884216 -108.415 -0.0236291 0.999445 0.023466 -0.438643 0.884471 0.00995823 0.466489 117.862 
0.435968 0.0315817 -0.899408 -108.626 -0.0225709 0.999453 0.024154 -0.443965 0.899679 0.00977008 0.436443 117.934 
0.4034 0.0282414 -0.914588 -108.853 -0.0225491 0.999527 0.0209184 -0.440025 0.914746 0.0121847 0.403846 118.005 
0.368932 0.0238372 -0.929151 -109.102 -0.0219568 0.999616 0.0169267 -0.434057 0.929197 0.0141564 0.369314 118.065 
0.329958 0.0211942 -0.943758 -109.367 -0.0220703 0.999648 0.0147331 -0.422381 0.943738 0.0159678 0.33031 118.119 
0.287923 0.0195746 -0.957454 -109.655 -0.0215691 0.99967 0.0139514 -0.409005 0.957411 0.0166345 0.28825 118.175 
0.244413 0.0177881 -0.969508 -109.96 -0.020909 0.999696 0.0130708 -0.401389 0.969446 0.0170769 0.244711 118.214 
0.197015 0.015266 -0.980282 -110.272 -0.019526 0.999742 0.0116448 -0.396268 0.980206 0.0168469 0.197262 118.241 
0.14824 0.0129211 -0.988867 -110.604 -0.0194381 0.99976 0.0101495 -0.385402 0.98876 0.0177172 0.148455 118.245 
0.098295 0.0127046 -0.995076 -110.951 -0.0185555 0.999768 0.0109316 -0.381606 0.994984 0.0173896 0.0985079 118.233 
0.0462728 0.0147309 -0.99882 -111.316 -0.0170273 0.999758 0.0139559 -0.385206 0.998784 0.0163615 0.0465124 118.205 
-0.00664286 0.0169745 -0.999834 -111.686 -0.0140292 0.999756 0.0170664 -0.37744 0.99988 0.0141403 -0.0064031 118.16 
-0.0603774 0.0185524 -0.998003 -112.072 -0.0105442 0.99976 0.0192229 -0.366429 0.99812 0.0116838 -0.0601672 118.102 
-0.113253 0.0203303 -0.993358 -112.449 -0.0064681 0.999754 0.0211987 -0.361088 0.993545 0.00882599 -0.113093 118.008 
-0.166227 0.0223677 -0.985834 -112.856 -0.00335256 0.999724 0.0232482 -0.356849 0.986082 0.0071696 -0.166107 117.9 
-0.217421 0.0235631 -0.975793 -113.265 -0.00165116 0.999698 0.0245083 -0.344294 0.976077 0.00693984 -0.217317 117.764 
-0.267101 0.024497 -0.963357 -113.694 0.00134436 0.999685 0.0250481 -0.330369 0.963668 0.00539531 -0.26705 117.607 
-0.315313 0.0262012 -0.948626 -114.125 0.00648246 0.999655 0.0254559 -0.322645 0.948966 0.00187718 -0.315374 117.428 
-0.361984 0.0279927 -0.931764 -114.563 0.0116948 0.999607 0.0254875 -0.314672 0.932111 -0.00167064 -0.362169 117.224 
-0.40595 0.0297444 -0.913411 -115.007 0.0163294 0.999547 0.025292 -0.302935 0.913749 -0.00464818 -0.406252 116.987 
