1 2.12261e-08 -2.11895e-08 -4.98039e-15 2.12261e-08 1 2.10703e-08 -1.11022e-15 -2.11895e-08 2.10703e-08 1 -2.06501e-14 
0.999997 0.00261724 0.000157655 -0.0174187 -0.00261743 0.999995 0.00152581 -0.0183046 -0.000153703 -0.00152617 0.999999 0.773605 
0.999986 0.00521842 -6.10594e-05 -0.0293215 -0.00521825 0.999984 0.00198767 -0.0348509 7.13884e-05 -0.00198728 0.999998 1.54133 
0.999981 0.00616063 0.000462494 -0.0512437 -0.00616143 0.999979 0.00183005 -0.0541978 -0.000451253 -0.00183282 0.999998 2.2753 
0.999965 0.00831862 0.000567343 -0.0709906 -0.00831947 0.999964 0.00159849 -0.0733446 -0.000554068 -0.00160311 0.999999 2.99084 
0.999968 0.00801538 0.000460709 -0.0750403 -0.00801601 0.999967 0.00148437 -0.0860471 -0.000448838 -0.00148797 0.999999 3.7074 
0.999966 0.00826627 0.000330889 -0.0834157 -0.00826702 0.999963 0.00247828 -0.100177 -0.000310434 -0.00248089 0.999997 4.41107 
0.99996 0.00887076 0.000743203 -0.0951875 -0.00887469 0.999945 0.0055259 -0.11677 -0.000694186 -0.00553224 0.999984 5.10447 
0.999961 0.00859687 0.00205925 -0.111241 -0.00861628 0.999917 0.00962882 -0.125467 -0.00197635 -0.00964614 0.999952 5.77435 
0.999966 0.00769636 0.00306617 -0.112976 -0.00773625 0.999883 0.0132325 -0.137779 -0.00296401 -0.0132558 0.999908 6.4199 
0.999971 0.00659608 0.00384749 -0.115798 -0.00665519 0.999857 0.0155681 -0.148553 -0.0037443 -0.0155932 0.999871 7.03837 
0.999959 0.00730663 0.00538161 -0.132108 -0.00738744 0.999858 0.0151596 -0.15294 -0.00527012 -0.0151986 0.999871 7.63029 
0.999945 0.0082184 0.006491 -0.138889 -0.00829974 0.999886 0.0126123 -0.16133 -0.00638665 -0.0126654 0.999899 8.19115 
0.999934 0.0086083 0.00758471 -0.149752 -0.00868293 0.999914 0.00986794 -0.16628 -0.00749915 -0.00993311 0.999923 8.72485 
0.999937 0.00677539 0.00898767 -0.146076 -0.00684995 0.999942 0.00829571 -0.170488 -0.00893099 -0.00835671 0.999925 9.23198 
0.999939 0.00320725 0.0106076 -0.138885 -0.00326966 0.999977 0.00587502 -0.174065 -0.0105885 -0.0059093 0.999927 9.71116 
0.999921 0.00151062 0.0124627 -0.136192 -0.00157062 0.999987 0.00480896 -0.183057 -0.0124553 -0.00482812 0.999911 10.1513 
0.999878 0.00570479 0.0145286 -0.139804 -0.00574409 0.99998 0.00266749 -0.190474 -0.0145131 -0.00275058 0.999891 10.5695 
0.999801 0.00986873 0.0173492 -0.137327 -0.00990385 0.999949 0.0019425 -0.200358 -0.0173292 -0.00211389 0.999848 10.9627 
0.999727 0.0103926 0.0209093 -0.142468 -0.0104579 0.999941 0.0030171 -0.208014 -0.0208767 -0.0032349 0.999777 11.3139 
0.999693 0.00621599 0.0239916 -0.130094 -0.00630215 0.999974 0.00351903 -0.213087 -0.0239692 -0.0036691 0.999706 11.6396 
0.999656 0.0014369 0.0261877 -0.114538 -0.0015261 0.999993 0.00338826 -0.216357 -0.0261827 -0.00342701 0.999651 11.9353 
0.999585 -0.00243278 0.0286962 -0.103379 0.00229465 0.999986 0.00484722 -0.224491 -0.0287077 -0.00477932 0.999576 12.1942 
0.999504 -0.00284976 0.0313742 -0.0949786 0.00267788 0.999981 0.00552065 -0.225355 -0.0313894 -0.00543386 0.999493 12.4363 
0.999437 -0.0021345 0.0334868 -0.09173 0.00197966 0.999987 0.00465772 -0.230915 -0.0334964 -0.00458876 0.999428 12.6381 
0.999365 -0.000861649 0.0356345 -0.0880393 0.000751174 0.999995 0.0031147 -0.232835 -0.035637 -0.00308591 0.99936 12.8249 
0.999275 0.00134283 0.0380393 -0.0823139 -0.00143294 0.999996 0.0023427 -0.237277 -0.038036 -0.00239547 0.999274 13.0012 
0.999206 0.00397332 0.0396485 -0.0803541 -0.00405246 0.99999 0.00191698 -0.246566 -0.0396405 -0.00207609 0.999212 13.1692 
0.999144 0.00544276 0.0410071 -0.0784131 -0.00547029 0.999985 0.000560369 -0.252866 -0.0410035 -0.00078417 0.999159 13.3222 
0.99906 0.00431457 0.0431323 -0.0754141 -0.00427228 0.99999 -0.00107164 -0.258518 -0.0431366 0.000886398 0.999069 13.474 
0.999003 0.0028665 0.0445439 -0.0650796 -0.00275032 0.999993 -0.00266836 -0.26062 -0.0445513 0.00254323 0.999004 13.6199 
0.998957 0.00232645 0.0455958 -0.0553371 -0.00215939 0.999991 -0.00371186 -0.26204 -0.0456041 0.00360957 0.998953 13.763 
0.998884 0.00316441 0.0471153 -0.050008 -0.0029264 0.999983 -0.00511879 -0.264779 -0.0471307 0.00497525 0.998876 13.8968 
0.998812 0.00431106 0.048536 -0.0472748 -0.00396217 0.999966 -0.00728123 -0.265703 -0.0485658 0.00708032 0.998795 14.0231 
0.998773 0.00428766 0.0493457 -0.0417529 -0.00383757 0.99995 -0.00921157 -0.273919 -0.0493828 0.00901094 0.998739 14.1437 
0.998748 0.00338308 0.0499088 -0.0344995 -0.00281766 0.999931 -0.0113943 -0.276989 -0.049944 0.0112395 0.998689 14.2713 
0.998782 0.00222637 0.0492905 -0.0269577 -0.00158379 0.999913 -0.0130709 -0.283402 -0.0493154 0.0129769 0.998699 14.3982 
0.998878 0.0020599 0.0473148 -0.0225965 -0.0013753 0.999894 -0.014496 -0.282413 -0.0473397 0.0144147 0.998775 14.5291 
0.999023 0.00182587 0.0441648 -0.018159 -0.00115025 0.999882 -0.0153171 -0.287436 -0.0441876 0.0152514 0.998907 14.6628 
0.999192 0.00263872 0.0401095 -0.0195236 -0.00198191 0.999864 -0.0164052 -0.290491 -0.0401474 0.0163124 0.999061 14.7954 
0.999404 0.0031546 0.0343732 -0.0277007 -0.00255094 0.999842 -0.0175905 -0.292338 -0.0344233 0.0174924 0.999254 14.9176 
0.999604 0.00275369 0.0279903 -0.0385164 -0.00224678 0.999833 -0.0181242 -0.298249 -0.0280356 0.0180542 0.999444 15.0408 
0.999782 0.00241916 0.0207373 -0.0415457 -0.0020309 0.999823 -0.0187214 -0.303185 -0.020779 0.0186752 0.99961 15.1725 
0.999916 0.00236753 0.0127566 -0.0529189 -0.00211635 0.999804 -0.0196644 -0.30683 -0.0128007 0.0196358 0.999725 15.301 
0.999996 0.000861687 0.00269643 -0.0637215 -0.00080529 0.999783 -0.0208313 -0.309617 -0.00271384 0.0208291 0.999779 15.4424 
0.999945 -0.000439894 -0.0104652 -0.0745399 0.000204443 0.999747 -0.0224931 -0.311155 0.0104724 0.0224897 0.999692 15.5931 
0.999636 -0.00108383 -0.0269405 -0.0919056 0.000429455 0.999705 -0.0242853 -0.315902 0.0269589 0.0242649 0.999342 15.7528 
0.998947 -0.00060067 -0.0458664 -0.130314 -0.000552457 0.999684 -0.0251251 -0.320409 0.0458669 0.025124 0.998632 15.9326 
0.997681 8.29893e-05 -0.0680579 -0.156316 -0.00178106 0.999689 -0.0248907 -0.323896 0.0680346 0.0249543 0.997371 16.1459 
0.995751 0.0009386 -0.092081 -0.195276 -0.00312006 0.999718 -0.02355 -0.327124 0.0920329 0.0237373 0.995473 16.3619 
0.99292 0.00173914 -0.118771 -0.255149 -0.00438247 0.999748 -0.0219984 -0.335169 0.118703 0.0223633 0.992678 16.5956 
0.98883 0.002861 -0.14902 -0.325193 -0.00587039 0.999788 -0.0197589 -0.341708 0.148931 0.020413 0.988637 16.8481 
0.983278 0.00270595 -0.18209 -0.415037 -0.00581556 0.999846 -0.0165458 -0.344959 0.182017 0.0173281 0.983143 17.1095 
0.975679 0.00386412 -0.219171 -0.510443 -0.00677931 0.999898 -0.0125506 -0.350354 0.2191 0.0137313 0.975606 17.3792 
0.965898 0.00551256 -0.258864 -0.635832 -0.00765414 0.999944 -0.00726597 -0.352132 0.25881 0.00899962 0.965886 17.6733 
0.953678 0.00957423 -0.300678 -0.764607 -0.0108062 0.999939 -0.00243472 -0.355415 0.300636 0.00557119 0.953723 17.9608 
0.939139 0.0126516 -0.343305 -0.915829 -0.0128281 0.999916 0.00175678 -0.355328 0.343298 0.00275413 0.939222 18.2605 
0.921866 0.0157481 -0.387189 -1.06757 -0.013804 0.999874 0.00780149 -0.368439 0.387263 -0.00184713 0.921967 18.5524 
0.901932 0.0191129 -0.431455 -1.25114 -0.0137327 0.999784 0.0155817 -0.371312 0.43166 -0.00812852 0.902 18.8631 
0.87932 0.0231431 -0.475669 -1.45817 -0.0144925 0.999656 0.0218463 -0.367488 0.476011 -0.0123162 0.879353 19.1729 
0.853546 0.0280584 -0.520261 -1.67645 -0.0167578 0.999511 0.0264119 -0.366264 0.520747 -0.0138253 0.853599 19.4713 
0.824484 0.0309025 -0.565041 -1.91619 -0.0173855 0.99942 0.0292907 -0.35813 0.565618 -0.0143261 0.824543 19.7703 
0.79253 0.034818 -0.608838 -2.17497 -0.0199129 0.999314 0.0312275 -0.357579 0.609508 -0.0126249 0.79268 20.0548 
0.757719 0.0370567 -0.651528 -2.46582 -0.0198425 0.999233 0.0337563 -0.34585 0.652279 -0.0126498 0.757873 20.345 
0.719694 0.0405277 -0.693108 -2.78352 -0.0204426 0.999099 0.037193 -0.328016 0.693991 -0.0125987 0.719874 20.6267 
0.67952 0.0418887 -0.73246 -3.13585 -0.0181394 0.999023 0.0403048 -0.315361 0.733433 -0.0141015 0.679616 20.9111 
0.637707 0.0418369 -0.769142 -3.51154 -0.0154801 0.999018 0.041506 -0.302521 0.770123 -0.0145622 0.637729 21.1792 
0.59423 0.0406829 -0.803266 -3.91352 -0.0100482 0.999018 0.0431638 -0.285781 0.804232 -0.0175778 0.594055 21.4368 
0.548672 0.0409189 -0.835036 -4.33494 -0.00505202 0.998946 0.0456313 -0.270932 0.836022 -0.020818 0.5483 21.6772 
0.50155 0.0424272 -0.864088 -4.78868 -0.00375982 0.998894 0.0468639 -0.249042 0.865121 -0.0202557 0.501155 21.8897 
0.451645 0.0417068 -0.891222 -5.26635 -0.00238673 0.99896 0.0455391 -0.223968 0.892195 -0.0184404 0.451275 22.0791 
0.398935 0.0407194 -0.916075 -5.76414 0.00272079 0.998957 0.0455884 -0.203938 0.916975 -0.0206792 0.398408 22.253 
0.344978 0.0399941 -0.937758 -6.28904 0.00803112 0.998929 0.0455574 -0.183986 0.938576 -0.0232475 0.344288 22.4082 
0.290392 0.0387284 -0.956124 -6.84187 0.0110343 0.998979 0.0438156 -0.155684 0.956844 -0.0232738 0.289668 22.5409 
0.236695 0.0445322 -0.970563 -7.42051 0.0117941 0.998744 0.0487015 -0.127939 0.971512 -0.0229743 0.235873 22.6399 
0.185456 0.0495962 -0.9814 -8.01875 0.0144948 0.998479 0.0531984 -0.101409 0.982546 -0.0240911 0.184455 22.7057 
0.137104 0.0507306 -0.989257 -8.63685 0.0195718 0.998354 0.0539096 -0.0730253 0.990363 -0.0267527 0.135886 22.7586 
0.092874 0.0524067 -0.994298 -9.27155 0.0220541 0.998261 0.0546756 -0.0554471 0.995434 -0.0270063 0.0915567 22.7809 
0.0524877 0.0504055 -0.997349 -9.91902 0.0218486 0.998428 0.0516099 -0.0248555 0.998383 -0.0244995 0.0513039 22.7799 
0.0169232 0.0458914 -0.998803 -10.5871 0.0194275 0.998742 0.0462178 0.0100446 0.999668 -0.0201864 0.0160104 22.7568 
-0.0115854 0.0457183 -0.998887 -11.2763 0.016965 0.998819 0.0455184 0.0453988 0.999789 -0.0164187 -0.0123473 22.717 
-0.0323858 0.0500372 -0.998222 -11.9795 0.0156332 0.998649 0.0495514 0.0712542 0.999353 -0.0140006 -0.0331243 22.6616 
-0.0452461 0.0558322 -0.997414 -12.7166 0.0171651 0.998333 0.0551049 0.102835 0.998828 -0.0146274 -0.0461291 22.6063 
-0.0533068 0.0584813 -0.996864 -13.4637 0.0166753 0.998197 0.0576678 0.136613 0.998439 -0.0135489 -0.0541859 22.5475 
-0.0570755 0.0557617 -0.996811 -14.2326 0.0180749 0.998333 0.0548119 0.169496 0.998206 -0.0148888 -0.0579882 22.4883 
-0.0561832 0.0520804 -0.997061 -15.0093 0.0254663 0.998388 0.0507147 0.203387 0.998096 -0.0225421 -0.057419 22.4333 
-0.052019 0.0507361 -0.997356 -15.8189 0.0371496 0.998116 0.0488371 0.245532 0.997955 -0.0345109 -0.0538058 22.3995 
-0.0465749 0.0507341 -0.997626 -16.6547 0.0374683 0.998095 0.0490088 0.283438 0.998212 -0.0350967 -0.0483871 22.349 
-0.041296 0.0492023 -0.997935 -17.5114 0.0356656 0.998223 0.0477406 0.313789 0.99851 -0.0336204 -0.0429775 22.2955 
-0.0383227 0.0429606 -0.998342 -18.3712 0.0389959 0.998379 0.0414653 0.349725 0.998504 -0.0373422 -0.0399359 22.2617 
-0.0363301 0.0323456 -0.998816 -19.2343 0.0370128 0.998834 0.0309999 0.372656 0.998654 -0.0358427 -0.0374849 22.2172 
-0.0356892 0.0239106 -0.999077 -20.1292 0.0294782 0.999304 0.0228631 0.392117 0.998928 -0.028635 -0.0363692 22.1522 
-0.0373042 0.0210852 -0.999082 -21.0601 0.0239276 0.99951 0.0202008 0.411 0.999017 -0.023152 -0.0377904 22.0979 
-0.0409849 0.0268948 -0.998798 -22.0066 0.0146706 0.999546 0.026313 0.427016 0.999052 -0.0135745 -0.0413609 22.0318 
-0.0458781 0.0350081 -0.998333 -23.0049 0.00981421 0.999353 0.0345928 0.44827 0.998899 -0.00821076 -0.046192 21.9501 
-0.0506988 0.0444047 -0.997726 -24.0164 0.00816267 0.998996 0.0440465 0.483827 0.998681 -0.00591097 -0.0510103 21.8758 
-0.052165 0.0542184 -0.997166 -25.0608 0.00682621 0.998521 0.053935 0.531233 0.998615 -0.0039933 -0.052458 21.799 
-0.0532759 0.0619925 -0.996654 -26.0862 0.0087322 0.998062 0.0616133 0.575414 0.998542 -0.00542044 -0.053714 21.7268 
-0.0549379 0.0627009 -0.996519 -27.1077 0.00977049 0.998012 0.0622562 0.626273 0.998442 -0.00631622 -0.0554413 21.6583 
-0.0566607 0.0600378 -0.996587 -28.113 0.00834589 0.998184 0.0596595 0.671199 0.998359 -0.00493702 -0.0570588 21.5753 
-0.0593009 0.0553157 -0.996706 -29.1278 0.00834346 0.998456 0.0549164 0.710494 0.998205 -0.00505935 -0.0596709 21.4923 
-0.0637266 0.0502122 -0.996703 -30.1479 0.00852251 0.998724 0.0497691 0.748311 0.997931 -0.00532275 -0.0640733 21.4025 
-0.0693231 0.0457191 -0.996546 -31.1672 0.00891157 0.998938 0.0452089 0.783062 0.997554 -0.00574673 -0.0696569 21.3106 
-0.0768932 0.0439362 -0.996071 -32.1942 0.00837098 0.999022 0.0434202 0.814059 0.997004 -0.00499933 -0.0771858 21.2201 
-0.0830344 0.0463599 -0.995468 -33.2631 0.00840373 0.998914 0.0458195 0.85272 0.996511 -0.00456101 -0.0833339 21.0971 
-0.0893529 0.0512925 -0.994678 -34.3342 0.00680676 0.998681 0.0508875 0.889346 0.995977 -0.00222355 -0.0895842 20.976 
-0.095066 0.0542054 -0.993994 -35.4171 0.00397493 0.998529 0.0540726 0.926729 0.995463 0.00118944 -0.0951416 20.8368 
-0.0993667 0.0565797 -0.993441 -36.4962 0.000777216 0.998386 0.0567836 0.973578 0.995051 0.00487032 -0.0992503 20.6977 
-0.102123 0.0581627 -0.99307 -37.5827 -0.00405235 0.998257 0.0588832 1.01308 0.994764 0.0100376 -0.101709 20.5587 
-0.104234 0.0589088 -0.992807 -38.6686 -0.00743138 0.99817 0.0600072 1.0652 0.994525 0.0136328 -0.103606 20.4296 
-0.105883 0.0587109 -0.992644 -39.7546 -0.00865385 0.998163 0.0599604 1.10967 0.994341 0.014939 -0.105181 20.2893 
-0.106885 0.0577089 -0.992595 -40.8376 -0.00919786 0.998214 0.059026 1.16546 0.994229 0.0154388 -0.106163 20.1308 
-0.10741 0.0566778 -0.992598 -41.9271 -0.0108705 0.998247 0.0581767 1.21779 0.994155 0.0170389 -0.106606 19.978 
-0.108103 0.0558573 -0.992569 -43.0153 -0.0131359 0.998253 0.0576078 1.26078 0.994053 0.0192659 -0.10718 19.8308 
-0.108847 0.0530701 -0.992641 -44.1023 -0.0176228 0.998314 0.0553058 1.30939 0.993902 0.023513 -0.107728 19.6838 
-0.109163 0.048406 -0.992845 -45.1842 -0.0231714 0.998418 0.0512254 1.34883 0.993754 0.0285976 -0.107869 19.5342 
-0.108349 0.0476301 -0.992971 -46.2958 -0.0245581 0.998419 0.0505711 1.39721 0.99381 0.0298648 -0.107008 19.39 
-0.107405 0.051671 -0.992872 -47.4128 -0.0248417 0.998197 0.0546354 1.44207 0.993905 0.0305327 -0.105927 19.2585 
-0.105324 0.0544912 -0.992944 -48.5306 -0.0250661 0.998035 0.0574294 1.49387 0.994122 0.0309379 -0.103751 19.1135 
-0.103894 0.0540683 -0.993118 -49.6428 -0.0229936 0.998124 0.0567464 1.54455 0.994323 0.0287311 -0.102456 18.9824 
-0.101333 0.0534538 -0.993416 -50.7655 -0.022603 0.998174 0.0560154 1.59039 0.994596 0.0281304 -0.0999395 18.846 
-0.0968528 0.0537546 -0.993846 -51.8972 -0.0274028 0.998018 0.0566508 1.64437 0.994921 0.032721 -0.0951878 18.6997 
-0.0913547 0.0543455 -0.994334 -53.022 -0.0320277 0.997833 0.0574793 1.6938 0.995303 0.0370972 -0.0894161 18.5735 
-0.0857798 0.0540919 -0.994845 -54.1602 -0.0360089 0.997704 0.0573523 1.74278 0.995663 0.0407429 -0.0836351 18.4488 
-0.0804684 0.0533159 -0.99533 -55.2836 -0.03711 0.997716 0.0564439 1.79153 0.996066 0.0414787 -0.078306 18.3404 
-0.074822 0.0529226 -0.995792 -56.4143 -0.0369024 0.99776 0.0558 1.83645 0.996514 0.0409222 -0.0727014 18.236 
-0.0697704 0.0529854 -0.996155 -57.5538 -0.034739 0.997854 0.0555089 1.88299 0.996958 0.0384784 -0.06778 18.1407 
-0.0645157 0.053374 -0.996488 -58.6933 -0.0335904 0.997887 0.0556237 1.93606 0.997351 0.0370611 -0.0625865 18.0532 
-0.0594558 0.0552047 -0.996703 -59.8433 -0.0319887 0.997852 0.0571765 1.98276 0.997718 0.0352827 -0.0575621 17.9707 
-0.0537451 0.0564421 -0.996958 -60.995 -0.0324612 0.997775 0.0582383 2.03183 0.998027 0.0354925 -0.0517933 17.8907 
-0.0483567 0.0557358 -0.997274 -62.139 -0.0321755 0.997837 0.0573274 2.07881 0.998312 0.0348599 -0.0464587 17.8137 
-0.0436611 0.050795 -0.997754 -63.2785 -0.0323275 0.998112 0.0522279 2.1279 0.998523 0.0345353 -0.0419366 17.7453 
-0.0388154 0.0457257 -0.9982 -64.4436 -0.03253 0.998365 0.0469982 2.17065 0.998717 0.0342958 -0.0372645 17.6756 
-0.0347872 0.0448881 -0.998386 -65.6002 -0.0330637 0.998392 0.0460404 2.21357 0.998848 0.034612 -0.0332471 17.607 
-0.0314342 0.047516 -0.998376 -66.7648 -0.0323008 0.998299 0.0485294 2.24771 0.998984 0.0337738 -0.0298459 17.5477 
-0.0291429 0.0471122 -0.998464 -67.9291 -0.0327631 0.998307 0.0480611 2.28684 0.999038 0.0341135 -0.02755 17.488 
-0.0279905 0.0468957 -0.998508 -69.0999 -0.0341774 0.99827 0.0478426 2.32864 0.999024 0.0354656 -0.0263393 17.4296 
-0.0269185 0.047927 -0.998488 -70.2695 -0.0352188 0.998184 0.0488619 2.36308 0.999017 0.0364808 -0.0251817 17.3718 
-0.0257043 0.047214 -0.998554 -71.4596 -0.0359978 0.998193 0.0481235 2.40882 0.999021 0.0371828 -0.0239583 17.3181 
-0.0243303 0.0446904 -0.998705 -72.6446 -0.0367974 0.998283 0.045568 2.45623 0.999027 0.0378585 -0.0226441 17.26 
-0.0236289 0.043644 -0.998768 -73.8288 -0.0355897 0.998377 0.0444689 2.49271 0.999087 0.0365966 -0.0220373 17.2099 
-0.023446 0.0432099 -0.998791 -75.016 -0.031656 0.998532 0.0439418 2.53147 0.999224 0.032648 -0.0220438 17.1726 
-0.023427 0.0439984 -0.998757 -76.203 -0.0287753 0.998588 0.0446659 2.56525 0.999311 0.029786 -0.0221279 17.1322 
-0.0234053 0.0469092 -0.998625 -77.3908 -0.029017 0.998446 0.0475809 2.5993 0.999305 0.0300908 -0.0220077 17.0842 
-0.0235034 0.0503233 -0.998456 -78.5793 -0.0311523 0.99821 0.0510442 2.63794 0.999238 0.032304 -0.0218936 17.041 
-0.0227309 0.050412 -0.99847 -79.7519 -0.0341925 0.998104 0.051172 2.67674 0.999157 0.0353034 -0.0209641 16.9876 
-0.0223809 0.0482142 -0.998586 -80.9296 -0.0349823 0.998187 0.0489789 2.71984 0.999137 0.0360291 -0.0206536 16.9343 
-0.0218961 0.0458854 -0.998707 -82.108 -0.0352664 0.998289 0.0466394 2.75945 0.999138 0.0362421 -0.0202404 16.8839 
-0.0222485 0.0452322 -0.998729 -83.2771 -0.0330517 0.998397 0.0459535 2.79209 0.999206 0.0340322 -0.0207178 16.8444 
-0.0224451 0.0469833 -0.998644 -84.4447 -0.0311062 0.998379 0.04767 2.82397 0.999264 0.032134 -0.0209473 16.8036 
-0.0222311 0.0502755 -0.998488 -85.6218 -0.0305036 0.998236 0.0509419 2.85498 0.999287 0.03159 -0.0206583 16.7594 
-0.0215075 0.0524264 -0.998393 -86.7947 -0.030827 0.998115 0.0530759 2.89623 0.999293 0.031919 -0.0198508 16.7077 
-0.0215826 0.0525867 -0.998383 -87.9822 -0.0324536 0.998053 0.0532709 2.93851 0.99924 0.0335508 -0.0198339 16.6609 
-0.0215082 0.050529 -0.998491 -89.1608 -0.0320134 0.998175 0.0512026 2.9784 0.999256 0.0330664 -0.0198514 16.6185 
-0.0210281 0.0490136 -0.998577 -90.3192 -0.0305006 0.998301 0.0496423 3.02205 0.999314 0.0315011 -0.0194974 16.5729 
-0.021261 0.0500146 -0.998522 -91.4884 -0.0289365 0.998299 0.0506195 3.05826 0.999355 0.02997 -0.0197776 16.5317 
-0.0207486 0.0528207 -0.998388 -92.6706 -0.0264245 0.998226 0.0533612 3.10505 0.999436 0.0274892 -0.019316 16.4858 
-0.0210542 0.055506 -0.998236 -93.8514 -0.0248169 0.998121 0.0560231 3.1425 0.99947 0.0259527 -0.0196372 16.4516 
-0.0206944 0.0571332 -0.998152 -95.0252 -0.0252945 0.998016 0.0576498 3.19113 0.999466 0.0264408 -0.0192082 16.4079 
-0.0203675 0.0589602 -0.998053 -96.193 -0.0278597 0.997839 0.0595161 3.24005 0.999404 0.0290177 -0.0186808 16.3567 
-0.0198303 0.0582751 -0.998104 -97.3605 -0.0295382 0.99783 0.058846 3.28289 0.999367 0.0306492 -0.018066 16.3088 
-0.0201317 0.0541857 -0.998328 -98.5171 -0.0317901 0.997991 0.0548084 3.33003 0.999292 0.0328404 -0.0183687 16.2636 
-0.0199915 0.0525183 -0.99842 -99.6802 -0.0328772 0.998045 0.0531569 3.37203 0.999259 0.0338879 -0.0182258 16.2219 
-0.0201027 0.0509289 -0.9985 -100.835 -0.032733 0.998133 0.0515692 3.4144 0.999262 0.0337206 -0.0183981 16.1807 
-0.0201527 0.0513062 -0.99848 -101.995 -0.0314742 0.998155 0.0519247 3.46156 0.999301 0.0324728 -0.0185006 16.1422 
-0.0206312 0.0533765 -0.998361 -103.151 -0.0316147 0.99804 0.0540126 3.50405 0.999287 0.0326773 -0.0189033 16.1032 
-0.0208385 0.0553268 -0.998251 -104.307 -0.0298674 0.997988 0.0559357 3.54988 0.999337 0.0309808 -0.0191441 16.0646 
-0.0212848 0.0541834 -0.998304 -105.485 -0.0335903 0.997928 0.0548791 3.60038 0.999209 0.0347015 -0.0194206 16.01 
-0.0214643 0.0551749 -0.998246 -106.65 -0.0379519 0.997711 0.0559613 3.64933 0.999049 0.0390866 -0.0193212 15.9583 
-0.0217868 0.0542294 -0.998291 -107.813 -0.0414821 0.997619 0.0550982 3.6969 0.998902 0.0426117 -0.0194853 15.9069 
-0.0219559 0.0503506 -0.99849 -109 -0.0424437 0.997784 0.0512482 3.74227 0.998858 0.0435048 -0.0197702 15.8563 
-0.0229044 0.046437 -0.998659 -110.176 -0.042224 0.997984 0.047374 3.7874 0.998846 0.0432525 -0.0208975 15.8101 
-0.0240945 0.0455972 -0.998669 -111.369 -0.0389029 0.99816 0.0465125 3.82956 0.998953 0.0399719 -0.0222763 15.7655 
-0.0238516 0.0447954 -0.998711 -112.596 -0.0344314 0.998366 0.0456022 3.87596 0.999122 0.0354748 -0.0222703 15.7038 
-0.0247218 0.046705 -0.998603 -113.815 -0.0335008 0.998308 0.0475206 3.91668 0.999133 0.0346289 -0.0231153 15.6574 
-0.0258057 0.0510136 -0.998365 -115.051 -0.0329674 0.99811 0.0518528 3.95905 0.999123 0.0342516 -0.0240752 15.608 
-0.0262499 0.0509085 -0.998358 -116.313 -0.03153 0.998163 0.0517276 4.0107 0.999158 0.0328361 -0.0245966 15.553 
-0.026743 0.0463246 -0.998568 -117.548 -0.0316583 0.998385 0.0471639 4.06438 0.999141 0.0328744 -0.0252333 15.4977 
-0.0277463 0.0426722 -0.998704 -118.782 -0.031954 0.99854 0.043553 4.10627 0.999104 0.0331211 -0.0263423 15.4392 
-0.0285011 0.0411327 -0.998747 -120.036 -0.0313801 0.998624 0.0420231 4.14801 0.999101 0.0325386 -0.0271711 15.3834 
-0.0294023 0.0420346 -0.998683 -121.286 -0.0330276 0.998529 0.0430004 4.19206 0.999022 0.0342485 -0.0279707 15.3267 
-0.0302592 0.0465355 -0.998458 -122.546 -0.0380439 0.998138 0.0476735 4.23381 0.998818 0.0394279 -0.0284325 15.2633 
-0.0306177 0.0496703 -0.998296 -123.8 -0.0433649 0.997758 0.0509735 4.27431 0.99859 0.0448517 -0.0283951 15.194 
-0.0309756 0.0490932 -0.998314 -125.06 -0.0506282 0.997434 0.0506208 4.32193 0.998237 0.0521109 -0.0284107 15.1236 
-0.0303704 0.0468611 -0.99844 -126.347 -0.0537029 0.997381 0.0484449 4.36985 0.998095 0.0550904 -0.0277743 15.043 
-0.0308868 0.0455779 -0.998483 -127.615 -0.0558728 0.997319 0.0472532 4.41181 0.99796 0.0572476 -0.0282574 14.9757 
-0.0315906 0.0453558 -0.998471 -128.881 -0.0564271 0.997296 0.0470877 4.44773 0.997907 0.0578284 -0.0289458 14.9113 
-0.0325121 0.044813 -0.998466 -130.139 -0.0541471 0.997448 0.0465305 4.48189 0.998004 0.0555769 -0.0300027 14.8571 
-0.0330885 0.0453879 -0.998421 -131.402 -0.0542483 0.997414 0.0471399 4.52729 0.997979 0.0557225 -0.0305407 14.7958 
-0.0342063 0.0507193 -0.998127 -132.676 -0.0539473 0.997162 0.052519 4.56701 0.997958 0.0556428 -0.031373 14.7362 
-0.0345738 0.0550703 -0.997884 -133.963 -0.0531757 0.996965 0.0568619 4.6157 0.997987 0.0550292 -0.0315404 14.6641 
-0.0350763 0.0534812 -0.997953 -135.236 -0.052986 0.997063 0.0552959 4.67041 0.997979 0.0548171 -0.0321396 14.6085 
-0.0349937 0.0518844 -0.99804 -136.487 -0.0523255 0.997187 0.0536747 4.72039 0.998017 0.0541012 -0.0321804 14.5515 
-0.0342783 0.0515561 -0.998082 -137.754 -0.0512831 0.997262 0.053275 4.76475 0.998096 0.053011 -0.0315405 14.4944 
-0.0338205 0.0506251 -0.998145 -139.009 -0.051114 0.997322 0.0523153 4.81315 0.99812 0.0527885 -0.0311423 14.4347 
-0.033741 0.0525862 -0.998046 -140.27 -0.0507227 0.997238 0.0542584 4.85972 0.998143 0.0524544 -0.0309805 14.383 
-0.0333576 0.0564427 -0.997848 -141.528 -0.0518709 0.996961 0.0581265 4.90546 0.998097 0.0536983 -0.0303285 14.3239 
-0.0321929 0.0575482 -0.997824 -142.796 -0.0535643 0.996807 0.0592177 4.95813 0.998045 0.0553541 -0.0290076 14.2585 
-0.0317537 0.054797 -0.997993 -144.051 -0.0560156 0.996829 0.0565154 5.01027 0.997925 0.0576978 -0.0285835 14.2003 
-0.0315946 0.0513773 -0.998179 -145.307 -0.0548092 0.997086 0.0530558 5.06675 0.997997 0.0563858 -0.0286865 14.1333 
-0.0314191 0.0497749 -0.998266 -146.563 -0.0522239 0.997313 0.0513711 5.11521 0.998141 0.0537474 -0.0287353 14.0743 
-0.0311146 0.0492752 -0.998301 -147.814 -0.0508803 0.997411 0.0508171 5.16023 0.99822 0.052375 -0.0285269 13.9963 
-0.0318563 0.0494786 -0.998267 -149.065 -0.048209 0.997535 0.0509808 5.20731 0.998329 0.0497495 -0.0293924 13.9469 
-0.0322553 0.0486618 -0.998294 -150.315 -0.0466123 0.997654 0.0501367 5.24275 0.998392 0.04815 -0.0299114 13.8862 
-0.0323555 0.0489989 -0.998275 -151.571 -0.045965 0.997668 0.0504589 5.28573 0.998419 0.0475184 -0.0300278 13.8241 
-0.0327372 0.0514795 -0.998137 -152.814 -0.0435488 0.997651 0.0528828 5.33636 0.998515 0.045199 -0.0304185 13.7657 
-0.0329146 0.0528281 -0.998061 -154.057 -0.0412307 0.99768 0.0541677 5.38503 0.998607 0.0429337 -0.0306601 13.7043 
-0.0334518 0.0515417 -0.99811 -155.283 -0.0387768 0.997851 0.0528279 5.43011 0.998688 0.0404708 -0.0313812 13.6501 
-0.0348648 0.0519262 -0.998042 -156.522 -0.0401412 0.997771 0.0533143 5.47318 0.998586 0.0419214 -0.0327027 13.5917 
-0.0357392 0.0565558 -0.99776 -157.762 -0.0409387 0.997477 0.0580062 5.52023 0.998522 0.0429201 -0.0333337 13.5341 
-0.0355475 0.0629736 -0.997382 -159.009 -0.0454961 0.996876 0.0645632 5.57458 0.998332 0.0476721 -0.0325714 13.4659 
-0.0349921 0.0627534 -0.997415 -160.238 -0.0498877 0.996673 0.0644569 5.63494 0.998142 0.0520143 -0.0317451 13.3974 
-0.0330566 0.0582188 -0.997756 -161.483 -0.05375 0.996754 0.0599411 5.70097 0.998007 0.0556109 -0.02982 13.3128 
-0.0314907 0.0531818 -0.998088 -162.709 -0.0560603 0.996918 0.0548882 5.74626 0.997931 0.0576817 -0.0284123 13.2468 
-0.0306509 0.0514265 -0.998206 -163.952 -0.058609 0.996865 0.053157 5.79613 0.99781 0.0601332 -0.0275408 13.1775 
-0.029955 0.0485302 -0.998372 -165.157 -0.0532425 0.997325 0.0500768 5.8327 0.998132 0.054656 -0.027291 13.1343 
-0.0296971 0.0440026 -0.99859 -166.366 -0.0501088 0.997709 0.0454539 5.87619 0.998302 0.051388 -0.0274242 13.0779 
-0.0307414 0.0415806 -0.998662 -167.581 -0.0437963 0.998119 0.0429061 5.90255 0.998567 0.0450567 -0.0288625 13.0384 
-0.0321466 0.0442611 -0.998503 -168.818 -0.0413839 0.998103 0.0455757 5.9457 0.998626 0.0427871 -0.030254 12.988 
-0.0322412 0.0507311 -0.998192 -170.042 -0.042048 0.997758 0.0520672 5.98151 0.998595 0.0436507 -0.0300358 12.933 
-0.0306324 0.0536416 -0.99809 -171.286 -0.0435065 0.997541 0.0549473 6.03194 0.998583 0.0451066 -0.0282233 12.8725 
-0.0288437 0.0502971 -0.998318 -172.513 -0.0448698 0.997661 0.0515604 6.07973 0.998576 0.0462815 -0.0265194 12.8106 
-0.0287009 0.0504151 -0.998316 -173.732 -0.0473442 0.997538 0.0517369 6.12417 0.998466 0.0487494 -0.0262434 12.755 
-0.0276081 0.0515383 -0.998289 -174.953 -0.0456788 0.997562 0.052764 6.16467 0.998575 0.0470574 -0.0251865 12.7034 
-0.0269631 0.0497776 -0.998396 -176.162 -0.0465625 0.997613 0.050996 6.20829 0.998551 0.0478629 -0.024581 12.6482 
-0.0254188 0.0486024 -0.998495 -177.344 -0.047464 0.997632 0.0497687 6.24611 0.99855 0.0486576 -0.0230517 12.5953 
-0.0240307 0.0501014 -0.998455 -178.508 -0.0486908 0.9975 0.0512253 6.28544 0.998525 0.0498466 -0.0215312 12.5504 
-0.0224908 0.0516021 -0.998414 -179.656 -0.0481816 0.997451 0.0526376 6.32713 0.998585 0.0492891 -0.0199471 12.4954 
-0.0223841 0.0528418 -0.998352 -180.754 -0.0486603 0.997361 0.0538804 6.35851 0.998565 0.0497862 -0.0197538 12.4535 
-0.0220351 0.0542892 -0.998282 -181.823 -0.0493043 0.997251 0.0553214 6.38588 0.998541 0.0504387 -0.0192979 12.41 
-0.0223456 0.0549208 -0.998241 -182.883 -0.048051 0.997277 0.0559434 6.42337 0.998595 0.0492166 -0.0196457 12.3669 
-0.0222815 0.0545622 -0.998262 -183.91 -0.048288 0.997286 0.0555866 6.45251 0.998585 0.0494426 -0.0195863 12.3299 
-0.0212736 0.0543582 -0.998295 -184.902 -0.0490196 0.997263 0.0553467 6.48407 0.998571 0.0501135 -0.0185507 12.2989 
-0.0198386 0.0554339 -0.998265 -185.856 -0.0499048 0.997162 0.0563644 6.51369 0.998557 0.0509364 -0.0170159 12.2593 
-0.0209157 0.0540083 -0.998321 -186.803 -0.0482404 0.997322 0.0549649 6.54052 0.998617 0.0493091 -0.0182544 12.2286 
-0.0244685 0.0509713 -0.9984 -187.744 -0.0459092 0.997588 0.052055 6.57097 0.998646 0.0471096 -0.0220695 12.1922 
-0.0296538 0.0474781 -0.998432 -188.682 -0.0457578 0.99776 0.0488052 6.5995 0.998512 0.0471334 -0.0274149 12.1473 
-0.0352811 0.0443662 -0.998392 -189.619 -0.0471757 0.997827 0.0460081 6.63082 0.998263 0.0487231 -0.0331114 12.1034 
-0.0396995 0.0436509 -0.998258 -190.54 -0.0495222 0.997732 0.0455973 6.65825 0.997984 0.0512462 -0.0374477 12.0502 
-0.0431735 0.0442551 -0.998087 -191.464 -0.0511732 0.997609 0.0464475 6.68546 0.997756 0.0530807 -0.0408056 11.9986 
-0.0458468 0.0461762 -0.997881 -192.397 -0.0494193 0.997603 0.0484339 6.71209 0.997725 0.0515352 -0.0434549 11.9462 
-0.0479057 0.047954 -0.9977 -193.327 -0.0463375 0.997665 0.0501773 6.73898 0.997777 0.0486348 -0.0455717 11.8958 
-0.0497992 0.0486315 -0.997575 -194.249 -0.0447773 0.997701 0.050873 6.76462 0.997755 0.0472021 -0.0475071 11.8429 
-0.0508964 0.0471326 -0.997591 -195.156 -0.044676 0.997778 0.0494208 6.79865 0.997704 0.0470837 -0.0486777 11.7804 
-0.0518483 0.0460757 -0.997592 -196.064 -0.0463947 0.997745 0.0484941 6.82554 0.997577 0.0487973 -0.0495938 11.7152 
-0.0520453 0.0449155 -0.997634 -196.973 -0.0500411 0.997616 0.0475252 6.85777 0.99739 0.0523962 -0.0496736 11.6493 
-0.0515317 0.0429882 -0.997746 -197.891 -0.0526684 0.997566 0.0457007 6.88941 0.997282 0.0549048 -0.0491421 11.5881 
-0.0509083 0.0403797 -0.997887 -198.8 -0.0527838 0.997677 0.043064 6.9149 0.997308 0.0548646 -0.0486587 11.5256 
-0.0505457 0.0373919 -0.998022 -199.717 -0.0527541 0.997804 0.0400555 6.94668 0.997328 0.0546744 -0.0484622 11.4636 
-0.0502191 0.0369446 -0.998055 -200.64 -0.0527638 0.997822 0.0395909 6.97156 0.997344 0.0546494 -0.0481604 11.4021 
-0.0497349 0.039754 -0.997971 -201.571 -0.0504119 0.997834 0.0422608 6.99868 0.997489 0.0524115 -0.0476231 11.3429 
-0.0501779 0.0407936 -0.997907 -202.505 -0.0492375 0.99785 0.0432671 7.02695 0.997526 0.0513055 -0.0480614 11.2831 
-0.0492899 0.0371874 -0.998092 -203.447 -0.0445762 0.998229 0.0393939 7.0519 0.997789 0.0464329 -0.0475449 11.2218 
-0.0493913 0.033976 -0.998201 -204.389 -0.043231 0.998412 0.0361223 7.07987 0.997844 0.0449374 -0.047844 11.1682 
-0.0488933 0.0342545 -0.998216 -205.333 -0.0476316 0.998195 0.0365868 7.10598 0.997668 0.0493356 -0.0471734 11.097 
-0.0477011 0.0379096 -0.998142 -206.292 -0.049226 0.997976 0.0402559 7.13189 0.997648 0.0510548 -0.0457385 11.0348 
-0.0456679 0.0371607 -0.998265 -207.251 -0.0468523 0.998129 0.0392989 7.16319 0.997857 0.0485658 -0.0438414 10.9737 
-0.0438352 0.0385805 -0.998294 -208.221 -0.0461825 0.998108 0.0406012 7.19154 0.997971 0.0478835 -0.0419705 10.9168 
-0.0420358 0.0434313 -0.998172 -209.209 -0.0465905 0.997883 0.0453808 7.22058 0.998029 0.048413 -0.0399233 10.8531 
-0.0407814 0.0475827 -0.998034 -210.195 -0.0437261 0.997824 0.0493594 7.25101 0.998211 0.0456532 -0.038612 10.8066 
-0.0396097 0.0480522 -0.998059 -211.195 -0.0431441 0.997829 0.0497533 7.2885 0.998283 0.0450311 -0.0374505 10.751 
-0.0378432 0.0484625 -0.998108 -212.198 -0.04664 0.997649 0.0502086 7.32902 0.998195 0.0484519 -0.035494 10.7 
-0.0349403 0.0498672 -0.998145 -213.218 -0.0492673 0.997454 0.0515573 7.37187 0.998174 0.0509773 -0.0323945 10.6389 
-0.0316124 0.0500531 -0.998246 -214.243 -0.0503099 0.9974 0.0516039 7.409 0.998233 0.051853 -0.029012 10.5908 
-0.028672 0.0475348 -0.998458 -215.265 -0.0534681 0.997366 0.0490182 7.44518 0.998158 0.0547911 -0.0260549 10.5398 
-0.025983 0.0442673 -0.998682 -216.301 -0.0534257 0.99753 0.0456062 7.48183 0.998234 0.0545403 -0.0235538 10.4994 
-0.0244302 0.0438389 -0.99874 -217.341 -0.0521281 0.997623 0.045065 7.51111 0.998342 0.0531634 -0.0220869 10.4597 
-0.0227882 0.0459125 -0.998686 -218.388 -0.0533052 0.997468 0.0470728 7.54732 0.998318 0.0543078 -0.0202832 10.4116 
-0.0209831 0.0490597 -0.998575 -219.443 -0.0557047 0.997186 0.050162 7.58504 0.998227 0.056678 -0.0181912 10.3576 
-0.0196433 0.0488604 -0.998612 -220.508 -0.0557649 0.997197 0.0498881 7.621 0.998251 0.0566675 -0.0168636 10.3212 
-0.018902 0.0461584 -0.998755 -221.574 -0.0546338 0.997394 0.0471295 7.65828 0.998328 0.0554567 -0.0163309 10.284 
-0.0187451 0.0435166 -0.998877 -222.655 -0.0515343 0.997682 0.0444317 7.69152 0.998495 0.0523094 -0.0164591 10.2476 
-0.0186292 0.0421427 -0.998938 -223.753 -0.0503522 0.997804 0.0430339 7.73342 0.998558 0.0511005 -0.0164663 10.2084 
-0.0185237 0.0410115 -0.998987 -224.848 -0.0500967 0.997865 0.0418944 7.76783 0.998573 0.050822 -0.0164296 10.17 
-0.0184027 0.040868 -0.998995 -225.939 -0.049938 0.99788 0.0417422 7.80233 0.998583 0.050656 -0.0163228 10.1323 
-0.0185617 0.0415786 -0.998963 -227.043 -0.0519431 0.997746 0.0424931 7.83706 0.998478 0.052678 -0.0163602 10.0893 
-0.0187381 0.0435296 -0.998876 -228.159 -0.0525166 0.99763 0.0444604 7.87579 0.998444 0.0532908 -0.0164076 10.0437 
-0.0200592 0.0455384 -0.998761 -229.278 -0.0527606 0.997522 0.0465415 7.90829 0.998406 0.0536289 -0.0176069 10.0051 
-0.0206403 0.0470451 -0.99868 -230.416 -0.0534822 0.99741 0.0480907 7.9524 0.998356 0.0544042 -0.0180708 9.95977 
-0.0219183 0.0479512 -0.998609 -231.555 -0.0556142 0.997244 0.0491063 7.99138 0.998212 0.0566132 -0.0191911 9.91528 
-0.0227736 0.0463318 -0.998667 -232.717 -0.0578844 0.997189 0.0475832 8.03871 0.998064 0.0588909 -0.0200277 9.85844 
-0.0236225 0.0417713 -0.998848 -233.872 -0.0565965 0.997469 0.0430521 8.08067 0.998118 0.0575484 -0.0211986 9.80499 
-0.0245557 0.0353619 -0.999073 -235.038 -0.0538552 0.997876 0.0366432 8.12189 0.998247 0.0547052 -0.0225992 9.74748 
-0.0267855 0.0315184 -0.999144 -236.206 -0.0488915 0.998265 0.0328013 8.14453 0.998445 0.0497283 -0.0251981 9.69898 
-0.0288137 0.0321555 -0.999068 -237.387 -0.0427895 0.998527 0.0333721 8.16484 0.998669 0.0437112 -0.0273953 9.64683 
-0.0308291 0.0363838 -0.998862 -238.589 -0.0384658 0.998554 0.0375598 8.18969 0.998784 0.03958 -0.029385 9.59112 
-0.0326122 0.0388507 -0.998713 -239.808 -0.0364695 0.998533 0.0400345 8.22516 0.998803 0.0377282 -0.0311475 9.51948 
-0.0349245 0.0384242 -0.998651 -241.017 -0.0343038 0.998626 0.0396229 8.25364 0.998801 0.0356414 -0.0335584 9.4593 
-0.0368669 0.0393201 -0.998546 -242.234 -0.0344042 0.998583 0.0405917 8.28642 0.998728 0.0358507 -0.0354619 9.38348 
-0.0390507 0.040985 -0.998396 -243.459 -0.0337236 0.998535 0.0423098 8.32035 0.998668 0.0353218 -0.0376114 9.31398 
-0.0416235 0.0406197 -0.998307 -244.678 -0.0326993 0.998583 0.0419943 8.35287 0.998598 0.034392 -0.0402363 9.24889 
-0.044102 0.0391349 -0.99826 -245.908 -0.0327119 0.99864 0.040595 8.38802 0.998491 0.0344453 -0.0427619 9.17697 
-0.0463404 0.0385891 -0.99818 -247.141 -0.0322421 0.998675 0.0401051 8.4246 0.998405 0.0340419 -0.0450348 9.099 
-0.04867 0.0395185 -0.998033 -248.387 -0.0323017 0.998632 0.0411174 8.46014 0.998293 0.0342394 -0.0473269 9.01577 
-0.051068 0.0399914 -0.997894 -249.631 -0.0328686 0.998589 0.0417013 8.4912 0.998154 0.0349291 -0.0496815 8.92644 
-0.0537147 0.0410176 -0.997714 -250.881 -0.0340476 0.9985 0.042883 8.52385 0.997976 0.0362732 -0.0522376 8.83762 
-0.0560768 0.0427143 -0.997512 -252.136 -0.0359913 0.998349 0.0447735 8.56103 0.997778 0.0384126 -0.0544469 8.743 
-0.0574073 0.0435226 -0.997402 -253.394 -0.0376549 0.998244 0.0457267 8.59503 0.997641 0.0401821 -0.0556676 8.64549 
-0.0584612 0.0437678 -0.99733 -254.651 -0.0401323 0.998128 0.0461553 8.6324 0.997483 0.0427235 -0.0565953 8.54928 
-0.0585644 0.0438626 -0.99732 -255.948 -0.0409431 0.998088 0.0463007 8.67579 0.997444 0.043545 -0.0566565 8.44353 
-0.0587725 0.0425299 -0.997365 -257.211 -0.0399503 0.998192 0.0449193 8.71735 0.997472 0.0424851 -0.0569671 8.34602 
-0.0585663 0.0418011 -0.997408 -258.48 -0.0372883 0.998334 0.0440295 8.75244 0.997587 0.0397703 -0.05691 8.25188 
-0.058927 0.0417343 -0.99739 -259.743 -0.036172 0.99838 0.0439129 8.78581 0.997607 0.0386652 -0.057322 8.15807 
-0.0589326 0.0417266 -0.99739 -261.002 -0.0359456 0.998389 0.0438923 8.82765 0.997615 0.0384385 -0.0573378 8.06598 
-0.0587994 0.0417054 -0.997398 -262.266 -0.0351271 0.998422 0.043819 8.86329 0.997652 0.0376123 -0.0572417 7.96763 
-0.0588678 0.0423529 -0.997367 -263.529 -0.0346626 0.99841 0.0444431 8.89868 0.997664 0.0371876 -0.0573062 7.87419 
-0.0588536 0.0434223 -0.997322 -264.799 -0.032293 0.998448 0.0453769 8.93808 0.997744 0.0348771 -0.05736 7.78281 
-0.0588226 0.0461627 -0.997201 -266.048 -0.0282131 0.998454 0.047885 8.97459 0.99787 0.0309508 -0.0574293 7.68966 
-0.059316 0.0496183 -0.997005 -267.303 -0.0250817 0.998375 0.0511787 9.01538 0.997924 0.0280423 -0.0579751 7.60402 
-0.0595515 0.0522954 -0.996854 -268.55 -0.0227977 0.998295 0.0537329 9.0564 0.997965 0.0259259 -0.0582578 7.51625 
-0.0597106 0.0506577 -0.99693 -269.767 -0.0227739 0.998382 0.0520956 9.0976 0.997956 0.0258146 -0.0584603 7.42595 
-0.0596589 0.0491578 -0.997008 -270.996 -0.0249898 0.9984 0.0507218 9.13871 0.997906 0.0279411 -0.058335 7.3234 
-0.0603211 0.051941 -0.996827 -272.228 -0.0301258 0.998096 0.0538301 9.18363 0.997724 0.0332774 -0.0586415 7.22196 
-0.0602536 0.0576431 -0.996517 -273.478 -0.0355494 0.997574 0.0598537 9.23218 0.99755 0.0390321 -0.0580582 7.11183 
-0.0600816 0.0570543 -0.996562 -274.714 -0.0395091 0.997447 0.059487 9.28367 0.997411 0.0429473 -0.057674 7.00804 
-0.0598189 0.0503257 -0.99694 -275.938 -0.0389372 0.997851 0.0527081 9.33131 0.99745 0.041971 -0.0577308 6.91088 
-0.0599571 0.04483 -0.997194 -277.186 -0.036251 0.998234 0.0470564 9.37846 0.997543 0.0389707 -0.0582261 6.80791 
-0.0599712 0.0440775 -0.997227 -278.419 -0.0301478 0.998489 0.0459464 9.41745 0.997745 0.0328197 -0.0585518 6.72261 
-0.0590648 0.0459149 -0.997198 -279.627 -0.0268824 0.998506 0.0475674 9.45149 0.997892 0.0296166 -0.0577423 6.63329 
-0.0576979 0.0475724 -0.9972 -280.878 -0.0256788 0.998463 0.0491185 9.4992 0.998004 0.028441 -0.0563876 6.54639 
-0.056618 0.049958 -0.997145 -282.122 -0.0269961 0.998306 0.0515489 9.54022 0.998031 0.0298377 -0.0551733 6.45395 
-0.0551194 0.0512064 -0.997166 -283.354 -0.0283226 0.998202 0.0528252 9.58758 0.998078 0.0311541 -0.0535699 6.34735 
-0.0545366 0.0522379 -0.997144 -284.58 -0.0286021 0.998139 0.0538544 9.6283 0.998102 0.0314575 -0.0529409 6.26581 
-0.0537125 0.0514033 -0.997233 -285.793 -0.0287454 0.998181 0.0530005 9.67289 0.998143 0.0315127 -0.0521372 6.17376 
-0.053752 0.0498059 -0.997311 -287.013 -0.0294294 0.998242 0.0514386 9.71642 0.998121 0.0321152 -0.0521918 6.08529 
-0.0535016 0.0488015 -0.997375 -288.247 -0.0295747 0.99829 0.0504327 9.75101 0.99813 0.0321953 -0.0519668 6.00125 
-0.0535668 0.0482862 -0.997396 -289.488 -0.0299707 0.998302 0.0499397 9.80442 0.998114 0.0325678 -0.0520287 5.91469 
-0.0535437 0.0481133 -0.997406 -290.706 -0.0305716 0.998291 0.0497972 9.84442 0.998097 0.0331586 -0.0519813 5.83535 
-0.0535451 0.048504 -0.997387 -291.954 -0.0311051 0.998254 0.0502161 9.88239 0.998081 0.0337126 -0.0519428 5.74711 
-0.0534788 0.0488106 -0.997375 -293.192 -0.0308678 0.998247 0.0505084 9.92626 0.998092 0.0334879 -0.0518784 5.66069 
-0.0534166 0.0470235 -0.997465 -294.426 -0.0307711 0.998339 0.0487125 9.97441 0.998098 0.0332952 -0.0518809 5.56655 
-0.0535606 0.0444241 -0.997576 -295.65 -0.0307356 0.998463 0.0461138 10.0129 0.998092 0.033131 -0.0521128 5.47314 
-0.0542308 0.0420993 -0.997641 -296.865 -0.031003 0.998558 0.0438233 10.0388 0.998047 0.0333065 -0.0528474 5.38933 
-0.0545202 0.0404916 -0.997691 -298.098 -0.0324902 0.998576 0.042303 10.0761 0.997984 0.0347216 -0.053127 5.29645 
-0.054829 0.0404299 -0.997677 -299.335 -0.035149 0.998483 0.0423942 10.1099 0.997877 0.0373918 -0.0533247 5.1987 
-0.0550885 0.0417012 -0.99761 -300.588 -0.0378544 0.998322 0.0438213 10.1344 0.997764 0.0401781 -0.0534175 5.10055 
-0.0552326 0.0423656 -0.997574 -301.827 -0.0415805 0.998135 0.0446916 10.1737 0.997607 0.0439481 -0.0533681 4.99376 
-0.0555371 0.0422158 -0.997564 -303.057 -0.0425401 0.998099 0.0446067 10.2098 0.99755 0.0449138 -0.0536357 4.89753 
-0.0560452 0.0402097 -0.997618 -304.297 -0.0425216 0.998186 0.0426214 10.2427 0.997522 0.0448091 -0.0542337 4.80115 
-0.0568881 0.0381379 -0.997652 -305.543 -0.0404084 0.998363 0.0404692 10.2784 0.997563 0.0426158 -0.0552539 4.7123 
-0.0581268 0.0381478 -0.99758 -306.787 -0.037741 0.998471 0.040381 10.3052 0.997596 0.039997 -0.0565982 4.62605 
-0.059297 0.0399678 -0.99744 -308.04 -0.0353819 0.998486 0.0421132 10.3413 0.997613 0.0377886 -0.0577931 4.53708 
