1 2.12261e-08 -2.11895e-08 0 2.12261e-08 1 2.10703e-08 0 -2.11895e-08 2.10703e-08 1 0 
0.999999 0.000686839 0.0015961 -0.0104026 -0.000685133 0.999999 -0.0010426 -0.00292137 -0.00159686 0.00104155 0.999998 0.444283 
0.999992 0.00211679 0.00345323 -0.0170984 -0.00210933 0.999996 -0.00214935 -0.00795712 -0.0034578 0.00214209 0.999992 0.906741 
0.999981 0.00338962 0.00521613 -0.0264098 -0.00337566 0.999991 -0.00267383 -0.0141185 -0.00522519 0.00265621 0.999983 1.38371 
0.999971 0.00326533 0.00689077 -0.0334956 -0.00324607 0.999991 -0.00279904 -0.0214363 -0.00689989 0.00277663 0.999972 1.87234 
0.999961 0.00259339 0.00841463 -0.036449 -0.00257151 0.999993 -0.00260422 -0.0283063 -0.00842137 0.00258252 0.999961 2.37222 
0.999944 0.00197556 0.0104437 -0.0400989 -0.00195826 0.999997 -0.00166298 -0.0354814 -0.010447 0.00164248 0.999944 2.87897 
0.999926 0.00203163 0.0119721 -0.0430233 -0.00203087 0.999998 -7.26151e-05 -0.0439645 -0.0119722 4.83379e-05 0.999928 3.39422 
0.999912 0.00277758 0.0129713 -0.0463319 -0.00279086 0.999996 0.00100893 -0.0515757 -0.0129685 -0.001045 0.999915 3.91123 
0.999903 0.00365364 0.0134467 -0.0476028 -0.00366689 0.999993 0.000964371 -0.0588293 -0.0134431 -0.00101354 0.999909 4.42828 
0.999886 0.00414033 0.0144994 -0.0506066 -0.00414929 0.999991 0.000590951 -0.0671802 -0.0144968 -0.000651004 0.999895 4.94313 
0.999861 0.00608872 0.015538 -0.057843 -0.00609541 0.999981 0.000386001 -0.0709292 -0.0155354 -0.000480616 0.999879 5.45863 
0.999842 0.00708062 0.0163273 -0.0593938 -0.00707566 0.999975 -0.000358918 -0.0789292 -0.0163295 0.000243376 0.999867 5.9839 
0.999813 0.00839798 0.0174255 -0.0664705 -0.00838264 0.999964 -0.000950848 -0.0887302 -0.0174329 0.00080464 0.999848 6.5133 
0.999785 0.00933955 0.0185014 -0.0707149 -0.00931776 0.999956 -0.00126118 -0.0961689 -0.0185124 0.00108856 0.999828 7.05125 
0.999778 0.00932028 0.0188768 -0.0599834 -0.00928528 0.999955 -0.00193862 -0.103802 -0.0188941 0.00176295 0.99982 7.58214 
0.99974 0.0107399 0.0201058 -0.0596961 -0.0106926 0.99994 -0.0024594 -0.113135 -0.020131 0.00224382 0.999795 8.13588 
0.999667 0.0118397 0.0229402 -0.0585776 -0.0117847 0.999927 -0.00252911 -0.120635 -0.0229686 0.00225796 0.999734 8.692 
0.999564 0.0124196 0.0267728 -0.0545659 -0.0123493 0.99992 -0.00278775 -0.130877 -0.0268054 0.00245595 0.999638 9.25303 
0.99944 0.0126978 0.0309725 -0.0509685 -0.0125989 0.999915 -0.00338657 -0.137499 -0.0310129 0.00299449 0.999515 9.82707 
0.999275 0.0123471 0.036022 -0.0393119 -0.0122131 0.999918 -0.0039376 -0.148476 -0.0360677 0.00349484 0.999343 10.4018 
0.999039 0.0130663 0.0418436 -0.0228989 -0.0129157 0.999909 -0.00386537 -0.159932 -0.0418903 0.00332125 0.999117 10.9863 
0.998767 0.0129635 0.0479131 -0.00287678 -0.0128216 0.999913 -0.0032675 -0.171046 -0.0479513 0.00264919 0.998846 11.583 
0.998458 0.0132847 0.0539066 0.0230687 -0.0130836 0.999906 -0.00408159 -0.183335 -0.0539558 0.00337004 0.998538 12.1857 
0.998132 0.0106686 0.0601566 0.0552808 -0.010393 0.999934 -0.00489151 -0.193738 -0.0602048 0.00425721 0.998177 12.7968 
0.997797 0.0102413 0.065549 0.112242 -0.00989326 0.999935 -0.00563148 -0.196943 -0.0656024 0.00497062 0.997834 13.4345 
0.997324 0.0127108 0.0719927 0.148499 -0.0121877 0.999896 -0.00769997 -0.207545 -0.0720832 0.00680198 0.997375 14.0689 
0.996824 0.016177 0.0779756 0.186476 -0.0154039 0.999826 -0.0105053 -0.230465 -0.078132 0.00927087 0.9969 14.7148 
0.99639 0.0134195 0.0838328 0.234681 -0.012565 0.999864 -0.0107116 -0.238543 -0.0839651 0.00961965 0.996422 15.3799 
0.996041 0.00593237 0.0886947 0.295708 -0.0052296 0.999953 -0.00815322 -0.245002 -0.088739 0.00765714 0.996026 16.0643 
0.995661 -0.000438118 0.0930517 0.373251 0.000848052 0.99999 -0.00436547 -0.26268 -0.0930489 0.00442548 0.995652 16.7721 
0.995252 3.47815e-05 0.0973287 0.430916 4.48085e-05 1 -0.000815102 -0.276397 -0.0973288 0.000815634 0.995252 17.4869 
0.995023 -0.000570718 0.0996441 0.4849 0.000684589 0.999999 -0.00110814 -0.278089 -0.0996434 0.00117088 0.995023 18.2068 
0.994995 -0.00504023 0.0998008 0.55196 0.00534854 0.999982 -0.00282144 -0.286483 -0.0997848 0.00334114 0.995003 18.9481 
0.99512 -0.0112148 0.0980334 0.619552 0.0117295 0.99992 -0.00467497 -0.293539 -0.0979732 0.00580208 0.995172 19.6993 
0.995561 -0.0134197 0.0931554 0.682414 0.0139521 0.99989 -0.00506577 -0.304364 -0.0930772 0.00634303 0.995639 20.4676 
0.996231 -0.0131919 0.0857351 0.730118 0.0137044 0.999892 -0.00539154 -0.314948 -0.0856547 0.0065462 0.996303 21.2514 
0.996986 -0.0128245 0.0765163 0.772971 0.0131326 0.999908 -0.00352362 -0.326073 -0.0764641 0.0045179 0.997062 22.0556 
0.99768 -0.0122915 0.0669657 0.808384 0.0124109 0.999922 -0.00136743 -0.339005 -0.0669437 0.0021954 0.997754 22.878 
0.998266 -0.0110979 0.057802 0.833012 0.0110195 0.999938 0.00167552 -0.34952 -0.057817 -0.00103563 0.998327 23.7052 
0.998697 -0.01095 0.0498456 0.858403 0.0107645 0.999934 0.00398818 -0.361423 -0.049886 -0.00344638 0.998749 24.5414 
0.999031 -0.0095255 0.0429732 0.874158 0.00932289 0.999945 0.00491392 -0.369187 -0.0430176 -0.00450848 0.999064 25.3814 
0.999262 -0.00810841 0.0375396 0.885088 0.0079117 0.999954 0.00538672 -0.377476 -0.0375816 -0.00508571 0.999281 26.2222 
0.999452 -0.0065977 0.0324238 0.891338 0.00642371 0.999964 0.00546872 -0.389636 -0.0324587 -0.0052574 0.999459 27.0535 
0.999603 -0.00637259 0.0274382 0.896835 0.00623202 0.999967 0.00520728 -0.399333 -0.0274706 -0.00503418 0.99961 27.8939 
0.999718 -0.00651674 0.0228518 0.896667 0.00640849 0.999968 0.00480894 -0.410955 -0.0228825 -0.00466109 0.999727 28.7265 
0.999815 -0.00530113 0.0185188 0.89446 0.00519753 0.999971 0.0056403 -0.422668 -0.0185482 -0.00554296 0.999813 29.5659 
0.999884 -0.00393318 0.0147209 0.896329 0.00384497 0.999975 0.00601852 -0.429919 -0.0147442 -0.00596117 0.999874 30.4096 
0.999927 -0.00138293 0.0120227 0.890954 0.00129823 0.999974 0.00705295 -0.442276 -0.0120322 -0.00703678 0.999903 31.2478 
0.999945 0.000311953 0.0105068 0.87946 -0.000384111 0.999976 0.00687056 -0.451613 -0.0105044 -0.00687417 0.999921 32.0728 
0.999947 0.00170986 0.0101325 0.86057 -0.00177507 0.999978 0.00643456 -0.460179 -0.0101213 -0.00645216 0.999928 32.8955 
0.99995 0.00390902 0.00917462 0.854658 -0.00395556 0.999979 0.00506438 -0.472548 -0.00915468 -0.00510038 0.999945 33.692 
0.999943 0.00643112 0.00857197 0.8408 -0.00647237 0.999968 0.00479715 -0.48144 -0.00854088 -0.00485231 0.999952 34.4983 
0.999931 0.00859598 0.0079573 0.826593 -0.00863948 0.999948 0.00545323 -0.496643 -0.00791006 -0.00552156 0.999954 35.2905 
0.999923 0.010005 0.00737028 0.821578 -0.0100501 0.999931 0.00610377 -0.5121 -0.00730874 -0.00617733 0.999954 36.0667 
0.999908 0.0116301 0.00697558 0.80765 -0.011673 0.999913 0.00614469 -0.523528 -0.00690355 -0.00622551 0.999957 36.8318 
0.999885 0.013744 0.0064034 0.795236 -0.0137828 0.999887 0.00606644 -0.534699 -0.00631934 -0.00615396 0.999961 37.5875 
0.999857 0.0156851 0.0063158 0.78196 -0.0157258 0.999856 0.00644991 -0.544578 -0.00621377 -0.00654827 0.999959 38.3302 
0.999804 0.0186228 0.00665661 0.763477 -0.0186663 0.999804 0.00653535 -0.55591 -0.00653365 -0.00665828 0.999957 39.0492 
0.999719 0.0221582 0.00845868 0.747566 -0.022213 0.999733 0.00643778 -0.568068 -0.00831381 -0.00662382 0.999944 39.7634 
0.999652 0.0238959 0.0111994 0.741364 -0.0239584 0.999698 0.00548007 -0.5844 -0.0110651 -0.00574644 0.999922 40.4574 
0.999563 0.025499 0.0149457 0.738573 -0.0255668 0.999664 0.00436371 -0.596389 -0.0148295 -0.00474388 0.999879 41.1434 
0.999492 0.0248277 0.0199675 0.738216 -0.0249246 0.999679 0.00461889 -0.606813 -0.0198465 -0.00511419 0.99979 41.8178 
0.999342 0.0259123 0.0253683 0.740934 -0.0260428 0.999649 0.00483002 -0.617598 -0.0252343 -0.00548747 0.999667 42.4826 
0.999165 0.025992 0.0315293 0.750338 -0.0261714 0.999644 0.00529208 -0.629047 -0.0313806 -0.00611278 0.999489 43.1403 
0.998902 0.0257184 0.0391575 0.760644 -0.0259647 0.999646 0.00579717 -0.638209 -0.0389946 -0.00680748 0.999216 43.7757 
0.998511 0.0266145 0.0476161 0.790271 -0.0269129 0.999622 0.00563661 -0.643406 -0.0474481 -0.00690967 0.99885 44.403 
0.99794 0.0271938 0.0580997 0.815179 -0.0275531 0.999606 0.00539215 -0.651483 -0.0579302 -0.00698183 0.998296 45.0072 
0.997186 0.0267758 0.0700256 0.852469 -0.0272043 0.999617 0.00517293 -0.661657 -0.0698602 -0.00706333 0.997532 45.6059 
0.996256 0.0254811 0.0826161 0.896263 -0.0259837 0.99965 0.0050135 -0.670083 -0.0824594 -0.00714135 0.996569 46.1863 
0.995077 0.0247176 0.095975 0.940982 -0.0252585 0.999671 0.00442608 -0.677775 -0.0958341 -0.00682844 0.995374 46.7606 
0.99354 0.0248384 0.110731 1.00325 -0.0254733 0.999666 0.00432284 -0.686024 -0.110587 -0.00711556 0.993841 47.3211 
0.991592 0.0244189 0.127078 1.0753 -0.0251967 0.999672 0.00451706 -0.696367 -0.126926 -0.00768099 0.991882 47.8708 
0.989136 0.0270144 0.144501 1.15141 -0.0278454 0.999605 0.00373125 -0.704371 -0.144343 -0.00771435 0.989498 48.4093 
0.985917 0.0253354 0.165307 1.24344 -0.0261772 0.999653 0.0029155 -0.714975 -0.165176 -0.00720167 0.986238 48.9359 
0.981695 0.0286273 0.188299 1.34424 -0.0294994 0.999563 0.00183065 -0.726837 -0.188164 -0.00735182 0.98211 49.4463 
0.976505 0.027512 0.213734 1.45855 -0.0280548 0.999606 -0.000493387 -0.739215 -0.213663 -0.00551443 0.976892 49.9456 
0.970416 0.0267221 0.239955 1.5924 -0.0266784 0.999638 -0.00343102 -0.750542 -0.239959 -0.00307204 0.970778 50.4251 
0.962985 0.0257596 0.268322 1.7261 -0.0250735 0.999668 -0.00598391 -0.76248 -0.268387 -0.000965327 0.963311 50.8863 
0.954351 0.0231145 0.297791 1.8777 -0.0220386 0.999733 -0.00697018 -0.778373 -0.297873 8.91293e-05 0.954606 51.3276 
0.944164 0.0251402 0.328516 2.0383 -0.0233946 0.999683 -0.00926554 -0.790777 -0.328645 0.00106274 0.944453 51.7552 
0.932597 0.0256821 0.360004 2.20501 -0.0239998 0.99967 -0.00914275 -0.804139 -0.36012 -0.000113474 0.932906 52.1667 
0.91957 0.0246707 0.392151 2.3888 -0.0236204 0.999693 -0.00750354 -0.824727 -0.392216 -0.00236269 0.91987 52.5675 
0.904372 0.0237529 0.426083 2.57836 -0.0230532 0.999711 -0.00679977 -0.838373 -0.426121 -0.00367302 0.904659 52.9495 
0.887112 0.0231211 0.460975 2.77534 -0.0223275 0.999725 -0.00717554 -0.853621 -0.461014 -0.00392686 0.887384 53.3089 
0.867919 0.0228711 0.496178 2.98739 -0.0215286 0.999733 -0.00842421 -0.865755 -0.496238 -0.00337044 0.86818 53.6473 
0.846511 0.0220179 0.531916 3.2071 -0.0195836 0.999756 -0.0102173 -0.878294 -0.532011 -0.00176774 0.846736 53.9705 
0.823088 0.0207812 0.567533 3.43481 -0.0171925 0.999784 -0.0116746 -0.892833 -0.567653 -0.000148073 0.823268 54.2737 
0.797624 0.0177937 0.602892 3.68655 -0.0130999 0.99984 -0.012178 -0.902622 -0.603012 0.0018157 0.79773 54.5695 
0.76967 0.0140888 0.638287 3.94393 -0.00990876 0.9999 -0.0101221 -0.914436 -0.638365 0.00146608 0.769732 54.8454 
0.739714 0.00954777 0.672854 4.21293 -0.00716794 0.999954 -0.00630904 -0.924069 -0.672883 -0.00015607 0.739749 55.1137 
0.707416 0.0058212 0.706774 4.48751 -0.0059827 0.99998 -0.00224793 -0.937492 -0.706772 -0.00263817 0.707436 55.3636 
0.672162 0.00334325 0.740396 4.77421 -0.00667642 0.999977 0.00154582 -0.944093 -0.740374 -0.00598222 0.672169 55.6014 
0.634436 -0.000141419 0.772975 5.07125 -0.00493129 0.999979 0.00423048 -0.948769 -0.77296 -0.00649572 0.634422 55.8182 
0.595297 -0.003616 0.803498 5.37443 -0.00233618 0.999978 0.00623112 -0.95595 -0.803503 -0.00558646 0.595275 56.0072 
0.553073 -0.0057986 0.833113 5.69307 0.00103356 0.99998 0.00627393 -0.961933 -0.833132 -0.00260885 0.553067 56.1866 
0.508354 -0.0047701 0.861135 6.01862 0.00365394 0.999988 0.00338228 -0.961961 -0.86114 0.00142715 0.508365 56.3486 
0.461632 -0.00232728 0.887068 6.36891 0.00245998 0.999996 0.00134343 -0.967009 -0.887068 0.00156201 0.461636 56.5066 
0.412349 0.000338308 0.911026 6.73151 -0.00167015 0.999999 0.00038465 -0.974982 -0.911025 -0.00168015 0.412349 56.6543 
0.361889 0.00285358 0.932217 7.11104 -0.00621033 0.999981 -0.000650096 -0.977148 -0.932201 -0.0055541 0.361899 56.7873 
0.311879 0.0033921 0.950116 7.50949 -0.00870703 0.999962 -0.000711895 -0.983914 -0.950082 -0.00805065 0.311897 56.8977 
0.263539 0.00337888 0.964643 7.92206 -0.00670986 0.999976 -0.00166947 -0.986837 -0.964625 -0.00603264 0.263555 56.9837 
0.218359 0.00250329 0.975865 8.3572 -0.00554712 0.999984 -0.00132389 -0.992234 -0.975853 -0.00512415 0.218369 57.056 
0.176619 0.000349116 0.984279 8.81428 -0.00531562 0.999986 0.000599195 -0.995926 -0.984265 -0.00533788 0.176619 57.1209 
0.137399 -0.00187884 0.990514 9.2995 -0.00544865 0.999982 0.00265266 -0.997976 -0.990501 -0.00576143 0.137386 57.1815 
0.101135 -0.00346189 0.994867 9.79137 -0.00601764 0.999974 0.00409144 -0.999613 -0.994855 -0.00640053 0.101111 57.2185 
0.0681254 -0.00490656 0.997665 10.3131 -0.00497897 0.999974 0.00525795 -1.00581 -0.997664 -0.00532554 0.0680992 57.2442 
0.0387205 -0.0055774 0.999235 10.8466 -0.0047401 0.999972 0.00576524 -1.01037 -0.999239 -0.0049597 0.038693 57.2549 
0.0123444 -0.00322838 0.999919 11.408 -0.00720572 0.999969 0.00331755 -1.00827 -0.999898 -0.00724609 0.0123207 57.257 
-0.0102493 -0.00079913 0.999947 11.9848 -0.0113062 0.999936 0.000683276 -1.00901 -0.999884 -0.0112986 -0.0102577 57.2535 
-0.0296 0.000209702 0.999562 12.5856 -0.010846 0.999941 -0.000530923 -1.00971 -0.999503 -0.010857 -0.029596 57.2306 
-0.0468201 0.000804259 0.998903 13.2008 -0.00711668 0.999974 -0.00113865 -1.01367 -0.998878 -0.00716218 -0.0468131 57.1962 
-0.062644 0.000495692 0.998036 13.8391 -0.00503624 0.999987 -0.00081273 -1.01882 -0.998023 -0.00507726 -0.0626407 57.1566 
-0.078295 -0.000418306 0.99693 14.5011 -0.00535058 0.999986 -5.85088e-07 -1.02246 -0.996916 -0.0053342 -0.0782961 57.1124 
-0.0927463 0.000546527 0.99569 15.1602 -0.00449288 0.999989 -0.000967348 -1.03113 -0.99568 -0.00456323 -0.0927429 57.0554 
-0.104906 0.00246754 0.994479 15.8518 -0.00271569 0.999993 -0.00276766 -1.03638 -0.994478 -0.00299104 -0.104899 56.9854 
-0.114381 0.0051181 0.993424 16.5623 0.00475895 0.999978 -0.00460389 -1.04362 -0.993426 0.00420106 -0.114403 56.9004 
-0.120217 0.0079128 0.992716 17.2823 0.012471 0.999901 -0.00645981 -1.05322 -0.992669 0.0116036 -0.120304 56.8112 
-0.122611 0.00780066 0.992424 18.0295 0.0170094 0.999839 -0.00575744 -1.0665 -0.992309 0.0161746 -0.122724 56.7235 
-0.122416 0.00623759 0.992459 18.7861 0.0177946 0.999833 -0.004089 -1.07694 -0.992319 0.0171598 -0.122507 56.6418 
-0.11967 0.00549823 0.992799 19.557 0.0215537 0.999763 -0.00293872 -1.08725 -0.99258 0.0210468 -0.11976 56.5607 
-0.114811 0.00422453 0.993378 20.3396 0.0233054 0.999727 -0.00155794 -1.10377 -0.993114 0.0229722 -0.114878 56.475 
-0.110794 0.00511138 0.99383 21.1362 0.0218345 0.999758 -0.00270769 -1.11405 -0.993604 0.0213998 -0.110878 56.4099 
-0.106818 0.00605369 0.99426 21.9319 0.0216006 0.99976 -0.00376648 -1.12589 -0.994044 0.0210742 -0.106924 56.3484 
-0.102292 0.00538978 0.99474 22.7442 0.0262865 0.999651 -0.00271322 -1.14018 -0.994407 0.0258707 -0.102398 56.2752 
-0.0982365 0.00340051 0.995157 23.5491 0.0320446 0.999486 -0.000251995 -1.15366 -0.994647 0.0318646 -0.098295 56.1975 
-0.0941569 1.60623e-05 0.995557 24.36 0.0342183 0.999409 0.00322018 -1.16503 -0.994969 0.0343695 -0.0941018 56.1269 
-0.0891578 -0.00362842 0.996011 25.1673 0.0373968 0.999276 0.00698793 -1.17824 -0.995315 0.0378707 -0.0889576 56.0605 
-0.0836371 -0.00648217 0.996475 25.9759 0.0381415 0.999225 0.00970143 -1.18664 -0.995766 0.0388185 -0.0833251 56.0015 
-0.0797522 -0.00772134 0.996785 26.7842 0.035956 0.999297 0.0106177 -1.1923 -0.996166 0.0366872 -0.0794185 55.9596 
-0.075832 -0.00955534 0.997075 27.5865 0.0293209 0.9995 0.0118086 -1.19972 -0.996689 0.0301306 -0.075514 55.9244 
-0.0716309 -0.0130068 0.997346 28.4015 0.0236191 0.999613 0.0147328 -1.20421 -0.997152 0.0246118 -0.0712959 55.8954 
-0.0672203 -0.0145082 0.997633 29.2168 0.0211416 0.999649 0.0159621 -1.21025 -0.997514 0.0221645 -0.06689 55.8639 
-0.0630266 -0.0105878 0.997956 30.0251 0.0216898 0.999693 0.0119761 -1.21738 -0.997776 0.0224002 -0.0627776 55.8291 
-0.0597986 -0.00265736 0.998207 30.8361 0.0224804 0.999739 0.00400819 -1.22031 -0.997957 0.0226798 -0.0597233 55.7978 
-0.057062 0.00357424 0.998364 31.65 0.0210525 0.999776 -0.00237599 -1.22397 -0.998149 0.0208825 -0.0571244 55.7663 
-0.0551968 0.00305701 0.998471 32.4787 0.0203682 0.999791 -0.00193503 -1.23143 -0.998268 0.0202303 -0.0552475 55.7366 
-0.054042 -0.000521485 0.998539 33.3107 0.0234523 0.999723 0.00179141 -1.24514 -0.998263 0.0235148 -0.0540148 55.7079 
-0.0529724 -0.000827261 0.998596 34.1337 0.0245818 0.999696 0.0021322 -1.26009 -0.998293 0.0246603 -0.0529359 55.6721 
-0.0526779 0.00143608 0.998611 34.9596 0.0232278 0.99973 -0.000212357 -1.27487 -0.998341 0.0231843 -0.0526971 55.6429 
-0.0527526 0.00287386 0.998604 35.8015 0.015958 0.999871 -0.00203446 -1.2843 -0.99848 0.0158284 -0.0527916 55.6218 
-0.053828 0.00213464 0.998548 36.6417 0.0139828 0.999901 -0.00138373 -1.29123 -0.998452 0.013888 -0.0538525 55.5948 
-0.0551014 0.00100987 0.99848 37.4902 0.0139518 0.999903 -0.000241329 -1.30906 -0.998383 0.0139173 -0.0551102 55.563 
-0.0564088 0.00490987 0.998396 38.3412 0.0137625 0.999897 -0.00413963 -1.32372 -0.998313 0.0135069 -0.0564705 55.5259 
-0.057677 0.00926672 0.998292 39.2178 0.0147231 0.999856 -0.00843056 -1.32916 -0.998227 0.0142117 -0.0578051 55.4949 
-0.0584765 0.0117738 0.998219 40.0918 0.0160236 0.999813 -0.0108538 -1.35063 -0.99816 0.0153604 -0.0586542 55.4594 
-0.0594773 0.0128911 0.998146 40.9675 0.0181027 0.999766 -0.0118333 -1.37128 -0.998066 0.0173654 -0.0596967 55.4165 
-0.0602483 0.0144001 0.99808 41.8624 0.0186956 0.999737 -0.0132955 -1.39076 -0.998008 0.0178587 -0.0605017 55.3764 
-0.0618113 0.0142562 0.997986 42.7587 0.0175214 0.999759 -0.0131963 -1.40853 -0.997934 0.0166705 -0.0620462 55.3416 
-0.0627005 0.00967883 0.997985 43.6778 0.0152893 0.999845 -0.00873624 -1.42813 -0.997915 0.0147108 -0.0628388 55.2991 
-0.0641789 0.00795848 0.997907 44.6062 0.0153707 0.999858 -0.00698546 -1.45215 -0.99782 0.0148902 -0.064292 55.2563 
-0.0656326 0.0113342 0.99778 45.5346 0.0156961 0.999824 -0.0103249 -1.4732 -0.99772 0.0149836 -0.065799 55.2143 
-0.0661506 0.0150238 0.997697 46.466 0.0168374 0.999761 -0.0139385 -1.4922 -0.997668 0.0158766 -0.0663878 55.1667 
-0.0658078 0.0165148 0.997696 47.4159 0.0202665 0.999679 -0.0152108 -1.51347 -0.997627 0.0192188 -0.0661214 55.1138 
-0.0656361 0.0129772 0.997759 48.3828 0.0246243 0.999632 -0.0113817 -1.5384 -0.99754 0.0238221 -0.0659315 55.0561 
-0.066021 0.00754405 0.99779 49.3625 0.0266127 0.999629 -0.00579703 -1.554 -0.997463 0.0261711 -0.0661973 55.0044 
-0.0654233 0.00449837 0.997848 50.3481 0.027843 0.999609 -0.00268076 -1.57536 -0.997469 0.0276077 -0.065523 54.9582 
-0.0638411 0.00606179 0.997942 51.329 0.0272187 0.99962 -0.00433069 -1.59317 -0.997589 0.0268862 -0.0639818 54.9153 
-0.0631806 0.00924526 0.997959 52.323 0.0268736 0.99961 -0.00755915 -1.60722 -0.99764 0.0263412 -0.0634045 54.8733 
-0.0627792 0.0108975 0.997968 53.3223 0.0213392 0.999726 -0.00957427 -1.63597 -0.997799 0.0206948 -0.0629946 54.8295 
-0.0633148 0.01064 0.997937 54.3384 0.0188538 0.999778 -0.00946341 -1.65937 -0.997816 0.0182157 -0.0635013 54.7879 
-0.0638608 0.00590778 0.997941 55.3696 0.0181735 0.999824 -0.00475591 -1.6759 -0.997793 0.0178323 -0.0639569 54.7397 
-0.0647037 -8.64191e-05 0.997905 56.4038 0.015959 0.999872 0.00112141 -1.69786 -0.997777 0.0159981 -0.0646941 54.6958 
-0.0653927 0.000594911 0.997859 57.4411 0.0177315 0.999843 0.000565946 -1.71289 -0.997702 0.0177306 -0.0653929 54.6449 
-0.0655184 0.00393846 0.997844 58.4772 0.0210565 0.999775 -0.00256348 -1.7252 -0.997629 0.0208432 -0.0655866 54.5872 
-0.0665801 0.00688179 0.997757 59.5341 0.0237644 0.999704 -0.00530938 -1.74087 -0.997498 0.0233576 -0.0667239 54.5384 
-0.0684628 0.00405845 0.997645 60.5904 0.0244302 0.999699 -0.00239026 -1.75601 -0.997355 0.024209 -0.0685413 54.4749 
-0.0713567 -0.000932587 0.99745 61.6611 0.0260514 0.999657 0.00279838 -1.77241 -0.997111 0.0261847 -0.0713079 54.4211 
-0.0742854 -0.00373586 0.99723 62.7341 0.0277067 0.999599 0.00580869 -1.78551 -0.996852 0.0280614 -0.0741521 54.3551 
-0.0776489 -0.00280092 0.996977 63.8055 0.0321761 0.999468 0.00531397 -1.7962 -0.996461 0.0324914 -0.0775175 54.2811 
-0.0810462 -0.0036961 0.996704 64.8801 0.0352873 0.999356 0.00657534 -1.80643 -0.996086 0.0357039 -0.0808636 54.2067 
-0.0847221 -0.0057631 0.996388 65.9464 0.0391435 0.999192 0.0091077 -1.81982 -0.995635 0.0397738 -0.0844281 54.1309 
-0.0874708 -0.00543364 0.996152 67.0135 0.0429331 0.999035 0.0092193 -1.83176 -0.995242 0.0435743 -0.0871531 54.0513 
-0.0897022 -0.0015231 0.995968 68.0841 0.0468478 0.998886 0.00574697 -1.83958 -0.994866 0.0471744 -0.0895309 53.9684 
-0.0913979 0.00291498 0.99581 69.1321 0.0489413 0.9988 0.00156827 -1.85847 -0.994611 0.0488796 -0.091431 53.8859 
-0.0926704 0.0056338 0.995681 70.2074 0.0525696 0.998617 -0.000757594 -1.87509 -0.994308 0.0522723 -0.0928384 53.8022 
-0.0919127 0.00487184 0.995755 71.2768 0.0517242 0.998661 -0.000111645 -1.894 -0.994423 0.0514943 -0.0920417 53.7193 
-0.0890794 0.00252245 0.996021 72.345 0.0532267 0.99858 0.00223146 -1.91176 -0.994601 0.0532137 -0.0890872 53.6415 
-0.0843681 -0.000894206 0.996434 73.419 0.0565353 0.998384 0.00568284 -1.92585 -0.99483 0.0568132 -0.0841813 53.5665 
-0.0793551 -0.00356903 0.99684 74.501 0.0565896 0.998365 0.00807944 -1.93302 -0.995239 0.0570519 -0.0790234 53.5073 
-0.0743467 -0.00667273 0.99721 75.5711 0.0577754 0.998269 0.0109873 -1.93947 -0.995557 0.058431 -0.0738324 53.4446 
-0.0696104 -0.00786498 0.997543 76.6482 0.0589287 0.99819 0.0119823 -1.95122 -0.995832 0.059618 -0.0690209 53.3906 
-0.0658098 -0.00371056 0.997825 77.703 0.0590264 0.998227 0.00760507 -1.96267 -0.996085 0.0593985 -0.0654742 53.335 
-0.0636928 0.000948719 0.997969 78.7695 0.0581834 0.998302 0.00276441 -1.97307 -0.996272 0.0582413 -0.0636398 53.2832 
-0.062246 0.000879239 0.99806 79.8466 0.058701 0.998272 0.00278162 -1.98576 -0.996333 0.0587603 -0.06219 53.2323 
-0.0616687 -0.00111152 0.998096 80.947 0.0594365 0.998221 0.00478406 -2.00516 -0.996325 0.0596183 -0.0614929 53.2078 
-0.0593375 0.00178192 0.998236 82.021 0.0597728 0.99821 0.0017712 -2.02061 -0.996447 0.0597725 -0.0593378 53.1537 
-0.0574214 0.0077553 0.99832 83.0946 0.0594274 0.998223 -0.00433636 -2.03839 -0.99658 0.0590786 -0.0577802 53.1132 
-0.0550163 0.0108885 0.998426 84.1574 0.0584059 0.998264 -0.00766833 -2.05971 -0.996776 0.0578921 -0.0555568 53.0694 
-0.0528367 0.0101966 0.998551 85.2439 0.0586036 0.998256 -0.00709268 -2.08774 -0.996882 0.0581439 -0.0533421 53.0351 
-0.0493186 0.00709453 0.998758 86.3343 0.0566617 0.998384 -0.00429388 -2.11304 -0.997175 0.0563795 -0.0496409 53.0031 
-0.0452132 0.0028868 0.998973 87.4344 0.0562309 0.998418 -0.000340161 -2.13345 -0.997394 0.0561578 -0.0453039 52.9816 
-0.0406094 0.000396404 0.999175 88.52 0.0547512 0.998498 0.00182915 -2.15579 -0.997674 0.0547803 -0.0405701 52.9561 
-0.0373889 0.004242 0.999292 89.5994 0.0503901 0.998727 -0.0023542 -2.1807 -0.99803 0.0502664 -0.037555 52.9439 
-0.0357674 0.0136792 0.999267 90.7022 0.0467969 0.998832 -0.0119982 -2.20349 -0.998264 0.0463335 -0.0363658 52.9354 
-0.0348719 0.0215577 0.999159 91.7748 0.0412475 0.998947 -0.0201135 -2.24208 -0.99854 0.0405114 -0.0357243 52.9222 
-0.0345407 0.0210568 0.999181 92.8544 0.0404043 0.99899 -0.019656 -2.27686 -0.998586 0.0396923 -0.0353566 52.9061 
-0.0338363 0.014959 0.999315 93.9546 0.0403921 0.999092 -0.0135879 -2.31159 -0.998611 0.0399047 -0.0344098 52.8883 
-0.0353816 0.00916495 0.999332 95.0586 0.0419325 0.999091 -0.00767807 -2.33485 -0.998494 0.0416328 -0.0357337 52.8653 
-0.0374541 0.00315993 0.999293 96.1582 0.0401014 0.999194 -0.00165655 -2.35673 -0.998493 0.040011 -0.0375507 52.8432 
-0.0393398 -0.0018241 0.999224 97.2468 0.0400008 0.999194 0.00339893 -2.3817 -0.998425 0.0401034 -0.0392351 52.8129 
-0.0415037 -0.00096188 0.999138 98.3456 0.0405022 0.999176 0.0026444 -2.39741 -0.998317 0.040577 -0.0414305 52.7861 
-0.0433757 -0.000734583 0.999059 99.4238 0.040545 0.999175 0.00249503 -2.41333 -0.998236 0.040615 -0.0433101 52.7564 
-0.0451866 -0.00189711 0.998977 100.509 0.042106 0.999106 0.00380197 -2.4305 -0.998091 0.0422347 -0.0450663 52.7256 
-0.0459544 -0.000190069 0.998944 101.586 0.0426733 0.999087 0.00215324 -2.45227 -0.998032 0.0427271 -0.0459043 52.6909 
-0.0463302 0.00818014 0.998893 102.649 0.0439017 0.999017 -0.00614489 -2.47379 -0.997961 0.0435684 -0.0466438 52.6551 
-0.0467243 0.0159492 0.998781 103.705 0.0407423 0.999071 -0.0140478 -2.50195 -0.998077 0.0400362 -0.0473307 52.6261 
-0.0480858 0.0162122 0.998712 104.77 0.038208 0.999166 -0.0143799 -2.53245 -0.998112 0.0374673 -0.0486651 52.5963 
-0.0505695 0.0102874 0.998668 105.845 0.0339627 0.999386 -0.00857499 -2.56614 -0.998143 0.0334838 -0.0508878 52.5696 
-0.0536799 0.0025751 0.998555 106.91 0.0277952 0.999613 -0.00108359 -2.5915 -0.998171 0.0276969 -0.0537307 52.5426 
-0.055583 -0.00557611 0.998439 107.972 0.0260148 0.999637 0.00703108 -2.60844 -0.998115 0.026365 -0.0554178 52.5058 
-0.0573595 -0.01209 0.99828 109.03 0.0292974 0.999476 0.0137879 -2.6224 -0.997924 0.0300379 -0.0569752 52.4591 
-0.0593218 -0.0122343 0.998164 110.078 0.0284411 0.999498 0.013941 -2.62866 -0.997834 0.0292159 -0.0589441 52.4204 
-0.0599297 -0.00491037 0.998191 111.111 0.0323191 0.999454 0.00685701 -2.64584 -0.997679 0.0326716 -0.0597382 52.3682 
-0.0602496 0.00968138 0.998136 112.133 0.0409146 0.999137 -0.00722135 -2.66486 -0.997345 0.0404033 -0.0605937 52.3056 
-0.061465 0.0209636 0.997889 113.148 0.0461537 0.99877 -0.0181392 -2.68692 -0.997042 0.0449414 -0.0623569 52.2557 
-0.0615226 0.0178598 0.997946 114.17 0.0459032 0.998833 -0.0150457 -2.71773 -0.99705 0.0448832 -0.0622706 52.2031 
-0.0612367 0.00742138 0.998096 115.203 0.0483055 0.998823 -0.00446304 -2.74372 -0.996954 0.0479402 -0.0615231 52.1517 
-0.0609355 -0.00232515 0.998139 116.234 0.0485235 0.998808 0.00528907 -2.75868 -0.996962 0.0487555 -0.0607501 52.1077 
-0.0608999 -0.00748832 0.998116 117.259 0.046311 0.998874 0.0103197 -2.77147 -0.997069 0.0468522 -0.0604845 52.0674 
-0.0609482 -0.0130027 0.998056 118.28 0.044345 0.998893 0.0157216 -2.77888 -0.997155 0.045217 -0.0603041 52.0236 
-0.0604093 -0.016548 0.998037 119.293 0.0419598 0.998937 0.0191027 -2.78839 -0.997291 0.0430314 -0.0596507 51.9787 
-0.0603191 -0.014319 0.998076 120.296 0.04099 0.999018 0.0168098 -2.79441 -0.997337 0.0419251 -0.059673 51.9343 
-0.0593538 -0.00740786 0.99821 121.296 0.0384497 0.999213 0.00970158 -2.80008 -0.997496 0.0389567 -0.0590222 51.8892 
-0.0590407 -0.00110336 0.998255 122.288 0.0378168 0.999279 0.00334116 -2.80677 -0.997539 0.037948 -0.0589564 51.8462 
-0.0590295 0.00394767 0.998248 123.266 0.0388501 0.999244 -0.00165424 -2.8246 -0.9975 0.0386844 -0.0591382 51.8073 
-0.0585109 0.00831931 0.998252 124.246 0.0403433 0.999168 -0.00596225 -2.84875 -0.997471 0.0399239 -0.0587978 51.7584 
-0.0581601 0.0129977 0.998223 125.205 0.0402569 0.999132 -0.010664 -2.87126 -0.997495 0.0395651 -0.0586329 51.7184 
-0.0582561 0.0121725 0.998227 126.168 0.0415514 0.999089 -0.00975805 -2.89578 -0.997437 0.0409093 -0.0587088 51.6787 
-0.0578209 0.00579652 0.99831 127.138 0.040865 0.999159 -0.00343455 -2.92145 -0.99749 0.0405974 -0.0580092 51.636 
-0.0583311 -0.00351001 0.998291 128.095 0.0387059 0.999234 0.00577499 -2.93644 -0.997547 0.0389766 -0.0581506 51.5999 
-0.0593176 -0.0115663 0.998172 129.033 0.0335407 0.999345 0.0135731 -2.95248 -0.997676 0.0342846 -0.0588908 51.568 
-0.0616825 -0.014656 0.997988 129.954 0.0286179 0.999455 0.0164464 -2.96175 -0.997686 0.0295748 -0.0612295 51.536 
-0.0633037 -0.0120021 0.997922 130.856 0.0236096 0.99963 0.0135204 -2.96998 -0.997715 0.0244165 -0.0629969 51.4996 
-0.0648348 -0.00506349 0.997883 131.736 0.0208325 0.999762 0.0064266 -2.98356 -0.997679 0.0212051 -0.064714 51.4653 
-0.0652936 0.00242397 0.997863 132.599 0.0222552 0.999752 -0.000972289 -2.99393 -0.997618 0.0221441 -0.0653313 51.4205 
-0.0638482 0.00805028 0.997927 133.428 0.0265288 0.999628 -0.00636662 -3.01683 -0.997607 0.0260673 -0.064038 51.374 
-0.0605923 0.0104859 0.998108 134.26 0.0304162 0.9995 -0.00865404 -3.04012 -0.997699 0.0298343 -0.060881 51.3318 
-0.0558438 0.00967545 0.998393 135.071 0.035 0.999357 -0.00772708 -3.06367 -0.997826 0.0345123 -0.0561466 51.2957 
-0.0508691 0.0045767 0.998695 135.863 0.037864 0.999279 -0.00265072 -3.08496 -0.997987 0.0376798 -0.0510057 51.2651 
-0.0469904 0.00066954 0.998895 136.631 0.0382249 0.999269 0.00112844 -3.10741 -0.998164 0.0382357 -0.0469816 51.2435 
-0.0425012 0.00101437 0.999096 137.373 0.0390195 0.999238 0.000645401 -3.12799 -0.998334 0.0390117 -0.0425084 51.2226 
-0.0376393 0.00532081 0.999277 138.081 0.0406178 0.999168 -0.00379025 -3.15043 -0.998466 0.0404458 -0.0378241 51.2058 
-0.03345 0.00925046 0.999398 138.761 0.039961 0.99917 -0.00791081 -3.17087 -0.998641 0.0396723 -0.0337919 51.1991 
-0.0290986 0.00975857 0.999529 139.403 0.0412953 0.99911 -0.00855225 -3.19123 -0.998723 0.041027 -0.0294757 51.1926 
-0.0249038 0.00968026 0.999643 140.023 0.0392453 0.999192 -0.00869814 -3.21131 -0.998919 0.0390146 -0.0252636 51.1934 
-0.0209149 0.00876949 0.999743 140.618 0.034268 0.99938 -0.00804937 -3.23272 -0.999194 0.0340909 -0.0212024 51.197 
-0.0176761 0.00906898 0.999803 141.188 0.0297076 0.999522 -0.00854117 -3.25318 -0.999402 0.0295507 -0.0179371 51.2134 
-0.0149385 0.0124768 0.999811 141.726 0.0279091 0.999538 -0.0120564 -3.26807 -0.999499 0.0277237 -0.0152798 51.2191 
-0.0137686 0.0164267 0.99977 142.257 0.0267214 0.999514 -0.0160544 -3.28731 -0.999548 0.0264942 -0.0142008 51.2195 
-0.0141118 0.0175247 0.999747 142.792 0.0241019 0.999562 -0.0171812 -3.30454 -0.99961 0.0238534 -0.014528 51.2245 
-0.0159751 0.0158131 0.999747 143.322 0.0174142 0.999728 -0.0155344 -3.31996 -0.999721 0.0171617 -0.0162461 51.2319 
-0.018043 0.0117058 0.999769 143.855 0.0121989 0.99986 -0.0114866 -3.33499 -0.999763 0.0119888 -0.0181832 51.2367 
-0.0202536 0.006489 0.999774 144.381 0.0116373 0.999913 -0.00625411 -3.35015 -0.999727 0.011508 -0.0203274 51.2357 
-0.0222477 0.00345941 0.999747 144.904 0.0151242 0.999881 -0.00312327 -3.36698 -0.999638 0.0150508 -0.0222974 51.2217 
-0.0246789 0.00563122 0.99968 145.416 0.0171419 0.99984 -0.0052089 -3.38419 -0.999548 0.0170079 -0.0247715 51.2102 
-0.027857 0.0088248 0.999573 145.922 0.016449 0.99983 -0.00836861 -3.39951 -0.999477 0.0162088 -0.0279975 51.2036 
-0.0304918 0.0105732 0.999479 146.422 0.0128988 0.999865 -0.0101837 -3.41104 -0.999452 0.0125816 -0.0306241 51.203 
-0.0328663 0.0122107 0.999385 146.92 0.0123488 0.999854 -0.0118103 -3.42118 -0.999384 0.011953 -0.0330123 51.1983 
-0.035032 0.0137235 0.999292 147.415 0.0134606 0.999822 -0.0132589 -3.43009 -0.999296 0.0129866 -0.0352105 51.1891 
-0.0380762 0.0114674 0.999209 147.915 0.0139307 0.999843 -0.0109438 -3.44056 -0.999178 0.013503 -0.0382299 51.1817 
-0.0404558 0.00602622 0.999163 148.414 0.0132209 0.999898 -0.0054953 -3.45645 -0.999094 0.0129875 -0.0405313 51.1672 
-0.0426863 0.00291042 0.999084 148.911 0.0125682 0.999918 -0.00237582 -3.465 -0.99901 0.0124553 -0.0427194 51.1512 
-0.0455314 0.00208837 0.998961 149.408 0.00994955 0.999949 -0.00163691 -3.47121 -0.998913 0.00986468 -0.0455499 51.142 
-0.0476131 0.000544941 0.998866 149.896 0.00872819 0.999962 -0.000129449 -3.48473 -0.998828 0.00871213 -0.0476161 51.1316 
-0.0488833 -0.00107425 0.998804 150.386 0.00808412 0.999966 0.00147119 -3.49721 -0.998772 0.00814637 -0.048873 51.1182 
-0.0500416 -0.00123267 0.998746 150.869 0.00766522 0.999969 0.00161828 -3.50483 -0.998718 0.00773659 -0.0500306 51.1084 
-0.0492024 0.000531133 0.998789 151.354 0.0103792 0.999946 -2.04061e-05 -3.51189 -0.998735 0.0103656 -0.0492053 51.0948 
-0.0443738 0.00323973 0.99901 151.83 0.0128755 0.999914 -0.00267072 -3.51953 -0.998932 0.0127442 -0.0444116 51.0809 
-0.0369238 0.00501055 0.999306 152.298 0.0130171 0.999905 -0.00453254 -3.5294 -0.999233 0.0128407 -0.0369855 51.0736 
-0.0269929 0.00504982 0.999623 152.762 0.0108064 0.99993 -0.00475953 -3.53678 -0.999577 0.0106738 -0.0270456 51.0832 
-0.0115205 0.00401176 0.999926 153.222 0.0125595 0.999914 -0.00386697 -3.54492 -0.999855 0.012514 -0.0115698 51.0949 
0.0109806 0.00448346 0.99993 153.675 0.0181464 0.999824 -0.00468222 -3.54854 -0.999775 0.0181966 0.0108973 51.1112 
0.0407971 0.00501719 0.999155 154.118 0.0246581 0.999678 -0.0060266 -3.55564 -0.998863 0.0248831 0.0406602 51.1428 
0.0772007 0.00407432 0.997007 154.555 0.0260697 0.999642 -0.00610369 -3.569 -0.996675 0.0264629 0.0770668 51.1994 
0.117883 0.00384332 0.99302 154.978 0.0228507 0.999717 -0.00658183 -3.58421 -0.992765 0.0234671 0.117762 51.288 
0.159847 0.00718393 0.987116 155.397 0.0179387 0.999787 -0.010181 -3.59329 -0.986979 0.019335 0.159684 51.3957 
0.201303 0.0115926 0.979461 155.808 0.0172297 0.999733 -0.0153736 -3.60494 -0.979378 0.0199706 0.201049 51.5193 
0.243604 0.0155425 0.96975 156.205 0.0182449 0.999621 -0.0206044 -3.61737 -0.969703 0.0227123 0.243228 51.6514 
0.28599 0.0179515 0.958064 156.604 0.0189323 0.999524 -0.0243798 -3.62888 -0.958045 0.0251108 0.285514 51.8038 
0.327561 0.0201245 0.944616 156.986 0.0152501 0.99953 -0.0265826 -3.63549 -0.944707 0.0231129 0.3271 51.9765 
0.36765 0.0244436 0.929643 157.342 0.00688396 0.999556 -0.0290042 -3.64391 -0.929939 0.017063 0.367319 52.1719 
0.4074 0.0296695 0.912768 157.69 -0.00203827 0.999499 -0.031579 -3.65703 -0.913247 0.0110048 0.407257 52.3801 
0.446844 0.035375 0.893912 158.048 -0.00685502 0.999324 -0.0361198 -3.67551 -0.894586 0.0100121 0.446784 52.602 
0.485003 0.0389275 0.873646 158.396 -0.00823016 0.999168 -0.0399514 -3.69551 -0.874474 0.0121863 0.48492 52.8401 
0.522753 0.0378262 0.851645 158.744 -0.00673134 0.999167 -0.0402467 -3.71586 -0.852458 0.0153064 0.522572 53.0917 
0.55876 0.036519 0.828525 159.091 -0.008632 0.999232 -0.0382217 -3.73135 -0.829284 0.014205 0.558647 53.3664 
0.592088 0.0373438 0.805007 159.423 -0.013507 0.999245 -0.0364198 -3.75056 -0.80576 0.0106905 0.592146 53.6672 
0.623675 0.0415317 0.780579 159.75 -0.0208992 0.999117 -0.036461 -3.77117 -0.781404 0.00642637 0.623992 53.99 
0.653583 0.044917 0.755521 160.073 -0.0264388 0.998983 -0.0365195 -3.79228 -0.756393 0.00389344 0.654106 54.3312 
0.681413 0.0458369 0.730463 160.392 -0.0267228 0.99893 -0.0377548 -3.81386 -0.731412 0.00620658 0.681908 54.6787 
0.706665 0.0440791 0.706174 160.723 -0.0221828 0.998947 -0.0401556 -3.82836 -0.707201 0.0127117 0.706898 55.0438 
0.729163 0.0455688 0.682821 161.041 -0.0238555 0.998867 -0.0411859 -3.84512 -0.683924 0.0137422 0.729424 55.4307 
0.7488 0.0498878 0.660916 161.352 -0.0311242 0.99871 -0.0401225 -3.86444 -0.662065 0.00947328 0.749387 55.8433 
0.765137 0.0521634 0.641752 161.664 -0.0385844 0.998636 -0.0351692 -3.89137 -0.642711 0.00214761 0.766106 56.2729 
0.778241 0.0502171 0.625955 161.982 -0.0396763 0.998738 -0.0307945 -3.91383 -0.626711 -0.000869961 0.779251 56.7144 
0.789247 0.0447203 0.612445 162.313 -0.0353088 0.999 -0.0274444 -3.93382 -0.613059 3.5727e-05 0.790037 57.159 
0.798572 0.0371912 0.600749 162.653 -0.0292406 0.999308 -0.0229958 -3.95537 -0.601188 0.000797559 0.799107 57.6173 
0.80582 0.0306576 0.591366 162.989 -0.024669 0.99953 -0.0182026 -3.97529 -0.591646 7.96642e-05 0.806198 58.096 
0.812608 0.0268675 0.582191 163.331 -0.0223946 0.999639 -0.0148744 -3.99298 -0.58238 -0.000950858 0.812916 58.5909 
0.819571 0.024008 0.572475 163.666 -0.0201501 0.999711 -0.0130775 -4.00535 -0.572624 -0.000817484 0.819818 59.1048 
0.826951 0.0196873 0.561929 164.011 -0.014911 0.999803 -0.0130847 -4.02112 -0.562076 0.00244147 0.827082 59.6294 
0.833478 0.0200609 0.552188 164.353 -0.0131362 0.999778 -0.0164938 -4.04043 -0.552396 0.00649365 0.833557 60.1679 
0.839119 0.0239528 0.54342 164.685 -0.014477 0.99966 -0.0217081 -4.05853 -0.543755 0.0103486 0.83918 60.7155 
0.843356 0.0293525 0.536553 165.026 -0.0177343 0.999483 -0.0268024 -4.07377 -0.537063 0.0130886 0.843441 61.3048 
0.845459 0.0338729 0.532965 165.376 -0.0206949 0.999315 -0.0306829 -4.09368 -0.53364 0.0149115 0.845581 61.8991 
0.84539 0.0385957 0.532753 165.734 -0.0258841 0.999174 -0.0313121 -4.1204 -0.533521 0.0126811 0.845691 62.5056 
0.843544 0.038894 0.53565 166.109 -0.0285121 0.999211 -0.0276524 -4.1473 -0.536303 0.00805353 0.843987 63.1346 
0.841043 0.0402913 0.539466 166.495 -0.030809 0.999171 -0.0265934 -4.179 -0.54009 0.00574587 0.841587 63.7716 
0.838236 0.0414851 0.543728 166.889 -0.0328997 0.999133 -0.0255116 -4.20937 -0.544315 0.00349626 0.838874 64.4069 
0.835357 0.0415985 0.548131 167.303 -0.0340995 0.999134 -0.0238577 -4.23425 -0.548649 0.00123869 0.836052 65.057 
0.832154 0.0390876 0.553165 167.727 -0.0311771 0.999233 -0.0237061 -4.259 -0.553667 0.00248105 0.832734 65.7132 
0.828755 0.0364146 0.558425 168.156 -0.0296246 0.999336 -0.0212004 -4.28388 -0.558827 0.00102681 0.829284 66.3719 
0.824796 0.037161 0.564208 168.599 -0.0308562 0.999309 -0.0207107 -4.30912 -0.564588 -0.000327175 0.825373 67.0502 
0.821365 0.0391282 0.56906 169.05 -0.0320699 0.999234 -0.0224177 -4.33815 -0.569501 0.00016346 0.821991 67.7273 
0.818424 0.040121 0.573212 169.519 -0.0309786 0.999189 -0.0257056 -4.36656 -0.573779 0.00328078 0.819004 68.4133 
0.815522 0.0421847 0.577186 169.988 -0.0311681 0.999094 -0.0289822 -4.39904 -0.577886 0.00564586 0.816098 69.1023 
0.812777 0.0415548 0.581091 170.469 -0.0305541 0.999121 -0.0287125 -4.42704 -0.581774 0.00558218 0.813332 69.8027 
0.810293 0.0385489 0.584756 170.964 -0.0318305 0.999256 -0.0217666 -4.45984 -0.58516 -0.000975751 0.810917 70.5226 
0.807801 0.03501 0.588415 171.458 -0.03176 0.99937 -0.0158598 -4.49207 -0.588599 -0.0058765 0.808404 71.2391 
0.805968 0.0336122 0.591004 171.963 -0.0275572 0.999435 -0.0192603 -4.52816 -0.591317 -0.000763206 0.806439 71.9355 
0.804825 0.0384098 0.592269 172.458 -0.0256266 0.999222 -0.0299779 -4.5636 -0.592959 0.00894911 0.805183 72.6214 
0.803456 0.0408836 0.593959 172.955 -0.0234654 0.999039 -0.0370243 -4.60175 -0.594902 0.0158099 0.803643 73.3082 
0.80259 0.0371352 0.595374 173.458 -0.0190984 0.999148 -0.0365742 -4.64521 -0.596225 0.0179834 0.802616 74.0071 
0.80208 0.0315612 0.596382 173.97 -0.016641 0.999396 -0.0305083 -4.68882 -0.596985 0.0145457 0.802121 74.7117 
0.801608 0.0272514 0.597229 174.475 -0.0135059 0.999531 -0.0274805 -4.73034 -0.597698 0.0139625 0.8016 75.4167 
0.801955 0.0223731 0.596965 174.986 -0.00891558 0.999635 -0.0254873 -4.76777 -0.597318 0.0151174 0.801862 76.114 
0.802437 0.0180289 0.596465 175.496 -0.00372956 0.999676 -0.0251988 -4.80896 -0.596725 0.017996 0.802244 76.8052 
0.803185 0.0160068 0.595515 175.994 -0.000894942 0.99967 -0.025663 -4.84809 -0.595729 0.0200792 0.802934 77.4922 
0.803781 0.0184074 0.59464 176.476 -0.000414155 0.999538 -0.0303813 -4.8861 -0.594925 0.0241737 0.803418 78.1753 
0.80427 0.0180521 0.59399 176.959 0.00285805 0.999409 -0.0342431 -4.92822 -0.594258 0.0292384 0.803743 78.8535 
0.804506 0.0154778 0.593743 177.448 0.00492509 0.999452 -0.0327272 -4.96567 -0.593925 0.0292535 0.803989 79.5415 
0.804241 0.0136201 0.594147 177.933 0.00271626 0.999643 -0.0265923 -5.00508 -0.594297 0.0230005 0.803917 80.2253 
0.803707 0.00769429 0.594975 178.42 0.00329819 0.999843 -0.0173853 -5.0434 -0.595016 0.015935 0.803556 80.909 
0.80345 0.00262071 0.595367 178.901 0.00602256 0.999903 -0.0125288 -5.07425 -0.595342 0.0136519 0.803356 81.5695 
0.802778 -0.000297327 0.596278 179.369 0.00888339 0.999895 -0.0114612 -5.10334 -0.596212 0.0144978 0.802696 82.2142 
0.801858 0.00337131 0.597505 179.82 0.00674187 0.999869 -0.0146892 -5.13189 -0.597476 0.0158069 0.801731 82.8445 
0.800554 0.0113612 0.599153 180.259 0.00328906 0.999722 -0.0233514 -5.16659 -0.599252 0.0206647 0.800294 83.466 
0.799131 0.0155719 0.600955 180.695 0.00376865 0.999515 -0.0309107 -5.19741 -0.601145 0.0269665 0.798685 84.0651 
0.797016 0.0150834 0.60377 181.122 0.00715494 0.999382 -0.0344114 -5.23646 -0.603916 0.0317464 0.796415 84.6418 
0.794575 0.0121526 0.607044 181.545 0.00892258 0.999458 -0.0316873 -5.26619 -0.6071 0.0305944 0.794036 85.2107 
