1 2.12261e-08 -2.11895e-08 0 2.12261e-08 1 2.10703e-08 0 -2.11895e-08 2.10703e-08 1 0 
0.999931 -0.00301695 0.0113837 0.0126897 0.00300525 0.999995 0.00104916 -0.0051514 -0.0113869 -0.00101484 0.999935 0.293635 
0.999829 -0.0050692 0.0177592 0.0275426 0.00504798 0.999987 0.00124223 -0.0108075 -0.0177653 -0.00115233 0.999842 0.591583 
0.999778 -0.00780922 0.0195569 0.0359353 0.00781016 0.99997 3.05263e-05 -0.0135927 -0.0195566 0.000122265 0.999809 0.88894 
0.999809 -0.0092347 0.0172292 0.0377766 0.00926129 0.999956 -0.00146184 -0.0159937 -0.017215 0.00162117 0.999851 1.20528 
0.999878 -0.0118443 0.0101917 0.0382763 0.0118755 0.999925 -0.00300199 -0.0156244 -0.0101554 0.00312269 0.999944 1.52099 
0.999906 -0.0134913 -0.00239232 0.0303266 0.0134794 0.999897 -0.00493623 -0.0188154 0.00245863 0.00490357 0.999985 1.85103 
0.99974 -0.0127529 -0.0189108 0.0021486 0.0126594 0.999907 -0.00505663 -0.0255151 0.0189735 0.00481596 0.999808 2.19175 
0.999227 -0.00825554 -0.0384349 -0.035314 0.00804951 0.999952 -0.00551346 -0.0271288 0.0384785 0.00519986 0.999246 2.54359 
0.998287 -0.00486334 -0.0583051 -0.0819463 0.00448297 0.999968 -0.00665353 -0.0337528 0.0583356 0.00638079 0.998277 2.90427 
0.9969 -0.00467664 -0.0785449 -0.131092 0.00414029 0.999967 -0.0069906 -0.0405029 0.078575 0.00664377 0.996886 3.2695 
0.994964 -0.0062537 -0.100038 -0.181836 0.00563869 0.999963 -0.0064297 -0.0421796 0.100075 0.00583328 0.994963 3.6507 
0.992731 -0.00748028 -0.120118 -0.242889 0.00681422 0.999959 -0.00595511 -0.045596 0.120158 0.00509336 0.992742 4.04159 
0.990418 -0.00657583 -0.137948 -0.319847 0.00590941 0.999969 -0.00524023 -0.0517097 0.137978 0.00437487 0.990426 4.4429 
0.988105 -0.00539166 -0.153684 -0.403763 0.00476177 0.999979 -0.00446664 -0.0591122 0.153705 0.00368174 0.98811 4.86289 
0.985924 -0.00482882 -0.167123 -0.493537 0.00409149 0.99998 -0.00475617 -0.0642368 0.167143 0.00400549 0.985925 5.29046 
0.983706 -0.00656254 -0.179666 -0.583776 0.0056482 0.999968 -0.00560043 -0.072461 0.179697 0.00449444 0.983712 5.72517 
0.981837 -0.0102661 -0.189451 -0.679547 0.00894017 0.999929 -0.00785205 -0.0821089 0.189518 0.00601575 0.981859 6.16605 
0.980297 -0.00968313 -0.197293 -0.789045 0.00790155 0.999921 -0.00981551 -0.0869499 0.197373 0.00806324 0.980295 6.62761 
0.978778 -0.00946537 -0.204707 -0.904651 0.00722903 0.999906 -0.0116699 -0.0935069 0.204798 0.00994244 0.978754 7.10082 
0.977067 -0.0102427 -0.212685 -1.02715 0.00734372 0.999869 -0.0144163 -0.106402 0.212804 0.0125238 0.977015 7.57753 
0.975356 -0.0139059 -0.220198 -1.15127 0.0106534 0.999816 -0.0159517 -0.118112 0.220379 0.0132128 0.975325 8.07679 
0.973352 -0.0206855 -0.22838 -1.27079 0.0172466 0.999706 -0.0170434 -0.131252 0.228665 0.0126505 0.973423 8.58835 
0.971355 -0.0207456 -0.236726 -1.41607 0.0166228 0.999674 -0.0193989 -0.147809 0.237051 0.0149082 0.971383 9.09714 
0.969332 -0.0161899 -0.245223 -1.58038 0.0105235 0.999647 -0.0243999 -0.153632 0.245531 0.0210711 0.96916 9.63661 
0.967187 -0.0131355 -0.253726 -1.7423 0.00645359 0.999611 -0.0271498 -0.176947 0.253984 0.0246216 0.966895 10.1791 
0.964786 -0.0157141 -0.262568 -1.90217 0.00841906 0.999547 -0.0288854 -0.198325 0.262903 0.0256577 0.964481 10.7326 
0.962416 -0.0186127 -0.270941 -2.0693 0.0105617 0.999459 -0.0311431 -0.217721 0.271374 0.0271111 0.962092 11.29 
0.960278 -0.0169721 -0.278528 -2.26206 0.00774805 0.999386 -0.0341849 -0.239351 0.278937 0.030669 0.959819 11.863 
0.957931 -0.0162749 -0.286536 -2.45539 0.00586249 0.999292 -0.0371595 -0.271135 0.286938 0.0339165 0.957349 12.4413 
0.955842 -0.0169918 -0.29339 -2.66531 0.00464316 0.999076 -0.042735 -0.297387 0.293845 0.0394857 0.955037 13.0323 
0.953975 -0.0179381 -0.29935 -2.87045 0.0029588 0.998724 -0.0504178 -0.329617 0.299873 0.0472117 0.95281 13.6498 
0.952751 -0.0187413 -0.303175 -3.08908 0.000928053 0.99827 -0.0587934 -0.364667 0.303752 0.0557342 0.95112 14.2641 
0.951585 -0.0184789 -0.30683 -3.31843 -0.00242213 0.99771 -0.0675993 -0.406947 0.307377 0.0650697 0.949361 14.8903 
0.950333 -0.0170407 -0.310767 -3.54936 -0.00725919 0.997015 -0.0768695 -0.453318 0.31115 0.0753076 0.947373 15.5115 
0.949058 -0.0162692 -0.314682 -3.78796 -0.010645 0.996441 -0.0836211 -0.514163 0.314923 0.0827111 0.945507 16.1573 
0.947574 -0.0161481 -0.319129 -4.08568 -0.0133568 0.995848 -0.0900504 -0.570907 0.319258 0.0895919 0.943423 16.8557 
0.945937 -0.0145798 -0.324023 -4.3332 -0.0174717 0.995248 -0.0957887 -0.640461 0.32388 0.0962713 0.941187 17.5149 
0.944357 -0.0129309 -0.328669 -4.59994 -0.0215012 0.994663 -0.100912 -0.718637 0.32822 0.102364 0.939039 18.1908 
0.942722 -0.00958284 -0.333441 -4.87314 -0.0267294 0.994203 -0.104144 -0.792602 0.332506 0.107091 0.937001 18.8415 
0.940991 -0.00910908 -0.33831 -5.14772 -0.0282772 0.994026 -0.105416 -0.874565 0.337249 0.108762 0.935112 19.5462 
0.93887 -0.00851914 -0.344165 -5.42873 -0.029343 0.994076 -0.104653 -0.959686 0.343018 0.108355 0.933058 20.2488 
0.936503 -0.00833004 -0.35056 -5.69705 -0.0296388 0.99426 -0.102804 -1.05069 0.349404 0.106667 0.930881 20.9314 
0.934126 -0.00774419 -0.356859 -5.99774 -0.030416 0.994401 -0.101197 -1.12981 0.355645 0.105385 0.928661 21.6469 
0.930849 -0.00634706 -0.36535 -6.3075 -0.031708 0.994675 -0.0980669 -1.21361 0.364026 0.10287 0.92569 22.3892 
0.927809 -0.00387406 -0.373035 -6.64415 -0.0330629 0.995157 -0.0925689 -1.29175 0.371587 0.0982199 0.923188 23.1356 
0.924216 -0.000530307 -0.381871 -6.97722 -0.0356968 0.9955 -0.0877769 -1.36584 0.380199 0.0947564 0.920038 23.8902 
0.920842 0.00330626 -0.389923 -7.33024 -0.0389993 0.995731 -0.0836579 -1.44279 0.387981 0.0922424 0.91704 24.6363 
0.916993 0.00438843 -0.398879 -7.68723 -0.0404189 0.995815 -0.0819642 -1.5145 0.39685 0.0912829 0.913333 25.3958 
0.912921 0.00386745 -0.408119 -8.05243 -0.0402342 0.995937 -0.0805621 -1.59385 0.406149 0.0899672 0.909367 26.1734 
0.909031 0.00384063 -0.416711 -8.42449 -0.0405284 0.996032 -0.0792304 -1.66614 0.414753 0.0889116 0.90558 26.9362 
0.905196 0.00483367 -0.424967 -8.81075 -0.0418108 0.996097 -0.077729 -1.73457 0.422933 0.0881282 0.901866 27.6995 
0.901347 0.00343404 -0.433083 -9.20505 -0.0399948 0.996356 -0.0753383 -1.80745 0.431246 0.0852271 0.8982 28.485 
0.897496 0.00463139 -0.440998 -9.61595 -0.0402407 0.996634 -0.0714292 -1.87394 0.439183 0.0818535 0.894661 29.2717 
0.893922 0.00709282 -0.448166 -10.0457 -0.0409797 0.99698 -0.0659605 -1.9393 0.446345 0.0773294 0.891513 30.0696 
0.890229 0.00742636 -0.455454 -10.4877 -0.0401514 0.997255 -0.0622192 -2.0012 0.453741 0.0736765 0.888083 30.8795 
0.886702 0.00661518 -0.462295 -10.9336 -0.0389999 0.997404 -0.0605314 -2.06597 0.460694 0.0717028 0.884658 31.6851 
0.883655 0.00609409 -0.4681 -11.3962 -0.0385092 0.997473 -0.0597099 -2.12448 0.466553 0.0707892 0.881656 32.5 
0.88038 0.00702549 -0.474218 -11.8528 -0.0389635 0.997582 -0.0575563 -2.18632 0.472666 0.0691486 0.878524 33.3148 
0.877592 0.00770072 -0.479347 -12.359 -0.0397901 0.997591 -0.0568217 -2.24853 0.477755 0.0689395 0.875784 34.164 
0.875134 0.00687851 -0.483832 -12.846 -0.0391136 0.997633 -0.056564 -2.31136 0.482297 0.0684256 0.873331 34.9932 
0.872893 0.00570326 -0.487879 -13.3309 -0.0383531 0.99764 -0.0569575 -2.37033 0.486403 0.0684295 0.871051 35.8473 
0.871632 0.00443657 -0.490141 -13.9007 -0.0376056 0.997617 -0.0578451 -2.40849 0.488716 0.0688517 0.869722 36.7578 
0.871414 0.00582951 -0.490515 -14.4421 -0.0388885 0.997603 -0.0572306 -2.47106 0.489005 0.068947 0.869552 37.6397 
0.871137 0.00522294 -0.491013 -14.9699 -0.0374938 0.997732 -0.0559072 -2.52942 0.489607 0.0671128 0.869357 38.5355 
0.870688 0.00316429 -0.491826 -15.4878 -0.0347967 0.99787 -0.0551813 -2.59918 0.490603 0.0651596 0.868943 39.4248 
0.870176 0.0010372 -0.49274 -16.0228 -0.0330273 0.997872 -0.0562256 -2.65666 0.491633 0.0652001 0.868358 40.3222 
0.869029 -0.00128392 -0.49476 -16.575 -0.0307938 0.997918 -0.056678 -2.72319 0.493802 0.0644904 0.867179 41.2504 
0.867867 -0.000499505 -0.496796 -17.122 -0.0310665 0.997988 -0.0552743 -2.7875 0.495824 0.0634045 0.866105 42.1356 
0.865761 0.000175885 -0.500458 -17.6742 -0.029625 0.998264 -0.0508987 -2.85952 0.49958 0.0588922 0.864264 43.0597 
0.862968 -0.000697961 -0.505257 -18.2515 -0.0266868 0.99854 -0.0469599 -2.91748 0.504553 0.0540086 0.86169 43.9772 
0.859441 -0.00129411 -0.511234 -18.8025 -0.0252551 0.998668 -0.0449847 -2.98023 0.510611 0.051573 0.858264 44.8236 
0.854279 -0.00414213 -0.519799 -19.3538 -0.023716 0.998616 -0.0469345 -3.04828 0.519274 0.0524228 0.852998 45.6973 
0.848582 -0.00716379 -0.529015 -19.9242 -0.0227596 0.998488 -0.0500296 -3.11114 0.528574 0.0544944 0.847136 46.5436 
0.842436 -0.00799262 -0.538737 -20.4989 -0.0218543 0.99856 -0.0489886 -3.17594 0.538353 0.0530435 0.841048 47.4101 
0.836549 -0.00528158 -0.547867 -21.1079 -0.0224204 0.998786 -0.0438628 -3.23666 0.547433 0.0489768 0.835415 48.2993 
0.831416 -0.000750972 -0.555651 -21.7203 -0.0253299 0.998908 -0.039251 -3.29589 0.555074 0.0467085 0.830489 49.1713 
0.827443 -0.000810993 -0.561549 -22.3355 -0.0266381 0.998817 -0.0406938 -3.35453 0.560918 0.0486304 0.826442 50.037 
0.823978 -0.00305543 -0.566614 -22.9483 -0.0271625 0.998623 -0.0448851 -3.41249 0.565971 0.052375 0.82276 50.8974 
0.82084 -0.00518597 -0.571135 -23.5753 -0.0297903 0.998209 -0.0518788 -3.47578 0.570381 0.0595985 0.819215 51.7533 
0.81777 -0.00678436 -0.575505 -24.2036 -0.0292799 0.998145 -0.0533722 -3.54379 0.5748 0.060497 0.816055 52.6021 
0.814467 -0.00522478 -0.580186 -24.8434 -0.0286245 0.99838 -0.049174 -3.61258 0.579503 0.0566582 0.812998 53.4617 
0.811386 -0.00291586 -0.584503 -25.4887 -0.0278619 0.998658 -0.0436589 -3.67836 0.583846 0.0517097 0.810216 54.3277 
0.808216 -0.000915671 -0.588885 -26.128 -0.0283861 0.998776 -0.0405116 -3.73953 0.588201 0.0494583 0.807201 55.1755 
0.805264 -0.000895548 -0.592916 -26.7849 -0.0290195 0.998741 -0.0409211 -3.79432 0.592206 0.0501585 0.804224 56.018 
0.801856 -0.00219851 -0.597514 -27.4343 -0.0291464 0.998659 -0.0427886 -3.84836 0.596806 0.0517257 0.800716 56.8464 
0.797911 -0.00437778 -0.60276 -28.1028 -0.0285768 0.998575 -0.0450814 -3.90913 0.602098 0.0531959 0.796648 57.6985 
0.793937 -0.00533906 -0.607976 -28.7847 -0.0279029 0.998588 -0.0452069 -3.96929 0.607359 0.0528558 0.792667 58.5423 
0.789634 -0.00604912 -0.613548 -29.4796 -0.0268364 0.998654 -0.0443844 -4.02625 0.612991 0.0515129 0.788409 59.3872 
0.785101 -0.00574415 -0.619341 -30.1733 -0.0273606 0.998659 -0.0439456 -4.08041 0.618763 0.0514473 0.783891 60.2025 
0.780049 -0.00673956 -0.625682 -30.8636 -0.0271564 0.998635 -0.0446132 -4.1492 0.625129 0.0517918 0.778801 61.0217 
0.774709 -0.00820904 -0.632265 -31.5526 -0.0262916 0.998633 -0.0451807 -4.21616 0.631772 0.0516252 0.773434 61.8288 
0.769276 -0.0100211 -0.638838 -32.2584 -0.0250969 0.998631 -0.0458862 -4.27761 0.638423 0.0513321 0.767972 62.6461 
0.763439 -0.0120314 -0.645768 -32.9809 -0.0237696 0.998626 -0.0467065 -4.34343 0.645442 0.0510073 0.762104 63.4776 
0.757514 -0.0137903 -0.652674 -33.7262 -0.0229367 0.998597 -0.0477204 -4.40468 0.652416 0.0511191 0.756135 64.3027 
0.751171 -0.015617 -0.659923 -34.471 -0.0214898 0.998612 -0.0480933 -4.46514 0.659758 0.050308 0.749793 65.1267 
0.744928 -0.0156143 -0.666962 -35.2429 -0.0206054 0.998711 -0.046395 -4.52766 0.666827 0.048304 0.743646 65.9534 
0.73833 -0.0165747 -0.674236 -36.0108 -0.0194004 0.998762 -0.0457972 -4.5884 0.674161 0.046894 0.737094 66.7806 
0.73209 -0.0179754 -0.680971 -36.7975 -0.0188126 0.998737 -0.0465883 -4.65461 0.680949 0.0469177 0.730827 67.5858 
0.726007 -0.0186387 -0.687435 -37.5813 -0.0201372 0.998628 -0.0483433 -4.72248 0.687393 0.0489406 0.724635 68.367 
0.720078 -0.0176936 -0.693667 -38.3741 -0.0218827 0.998599 -0.0481875 -4.78911 0.693548 0.0498781 0.718682 69.1588 
0.714872 -0.0173858 -0.699039 -39.1871 -0.021619 0.998663 -0.0469464 -4.85989 0.698921 0.0486732 0.713541 69.9522 
0.709951 -0.0166679 -0.704054 -40.006 -0.023188 0.998625 -0.0470239 -4.92624 0.703869 0.0497103 0.708588 70.734 
0.705157 -0.0175499 -0.708834 -40.8135 -0.0238932 0.998538 -0.0484919 -4.98734 0.708649 0.0511307 0.703707 71.5203 
0.699929 -0.0190438 -0.713959 -41.6565 -0.0245039 0.998416 -0.0506537 -5.06456 0.713792 0.0529489 0.698353 72.3098 
0.695024 -0.0215154 -0.718664 -42.5016 -0.0239347 0.998306 -0.0530347 -5.13647 0.718588 0.0540614 0.693332 73.0913 
0.689697 -0.0223176 -0.723754 -43.3485 -0.0241063 0.998263 -0.0537544 -5.20654 0.723696 0.0545213 0.687962 73.8728 
0.684916 -0.0218023 -0.728295 -44.2168 -0.0239844 0.998336 -0.0524421 -5.27551 0.728227 0.0533863 0.683254 74.659 
0.680006 -0.0221461 -0.732872 -45.1196 -0.02314 0.998398 -0.0516406 -5.34361 0.732841 0.0520747 0.678404 75.4499 
0.674923 -0.0238563 -0.737503 -46.0021 -0.0218955 0.99839 -0.052333 -5.41203 0.737564 0.0514688 0.673314 76.2278 
0.670076 -0.0249033 -0.741874 -46.8838 -0.0207564 0.998418 -0.0522626 -5.49005 0.742002 0.0504186 0.668499 76.9959 
0.665696 -0.0252949 -0.745794 -47.8025 -0.0198966 0.998468 -0.0516244 -5.5666 0.745957 0.049205 0.664173 77.7735 
0.661797 -0.0263676 -0.74922 -48.6956 -0.0180321 0.998532 -0.0510698 -5.64831 0.749467 0.0473079 0.66035 78.5292 
0.658096 -0.0292432 -0.752366 -49.6037 -0.015063 0.998534 -0.0519869 -5.72549 0.752784 0.0455453 0.656691 79.2911 
0.654041 -0.0338056 -0.755703 -50.5263 -0.0120093 0.998411 -0.0550566 -5.80202 0.756364 0.0450848 0.652596 80.0612 
0.64924 -0.0381539 -0.759626 -51.4633 -0.00744658 0.998374 -0.05651 -5.87671 0.760547 0.0423452 0.6479 80.844 
0.642552 -0.0413872 -0.765124 -52.3836 -0.00294936 0.998399 -0.0564825 -5.95631 0.766236 0.0385496 0.641401 81.5979 
0.634235 -0.0450692 -0.771826 -53.3275 0.00196486 0.99839 -0.0566844 -6.04064 0.773138 0.0344348 0.633303 82.3593 
0.62531 -0.0461812 -0.779009 -54.2877 0.00482618 0.998457 -0.0553165 -6.11929 0.780362 0.0308304 0.624568 83.1078 
0.616771 -0.0444702 -0.785886 -55.2664 0.00477869 0.998596 -0.0527564 -6.20004 0.787128 0.0287831 0.616117 83.8459 
0.60797 -0.0448189 -0.792694 -56.2636 0.004588 0.998587 -0.0529412 -6.26842 0.793947 0.0285499 0.607317 84.5703 
0.598362 -0.0460588 -0.799901 -57.2522 0.00376949 0.998497 -0.0546743 -6.34644 0.801217 0.0296999 0.597636 85.2864 
0.588934 -0.0483097 -0.806736 -58.2731 0.00413892 0.998379 -0.0567644 -6.42777 0.808171 0.0300915 0.588179 85.985 
0.579156 -0.0501987 -0.81367 -59.3057 0.00499048 0.998302 -0.0580373 -6.50799 0.815201 0.0295521 0.578423 86.6919 
0.569113 -0.051113 -0.82067 -60.3388 0.00780338 0.998357 -0.0567683 -6.58899 0.822223 0.0259036 0.568576 87.3924 
0.558715 -0.0512507 -0.827774 -61.3969 0.00892839 0.998403 -0.0557886 -6.67061 0.829311 0.0237793 0.558281 88.0969 
0.548593 -0.0522715 -0.834454 -62.4505 0.0089181 0.998353 -0.0566754 -6.74467 0.836042 0.0236501 0.548156 88.7664 
0.538497 -0.0530341 -0.840957 -63.5158 0.00783555 0.998289 -0.0579387 -6.82708 0.842591 0.0246105 0.537991 89.4172 
0.528437 -0.0537177 -0.847272 -64.5892 0.00693422 0.998236 -0.0589642 -6.91462 0.848944 0.0252837 0.527877 90.0665 
0.518632 -0.0545661 -0.853255 -65.6812 0.00565162 0.998158 -0.0603976 -7.00459 0.854979 0.0265019 0.517985 90.7029 
0.509527 -0.0545469 -0.858724 -66.7919 0.0047692 0.998152 -0.0605737 -7.09212 0.860441 0.0267686 0.508846 91.3245 
0.501164 -0.0527326 -0.863744 -67.9125 0.00413 0.998276 -0.0585496 -7.17853 0.865343 0.0257757 0.500517 91.9387 
0.493207 -0.0509856 -0.868417 -69.0357 0.00458918 0.99842 -0.0560118 -7.26764 0.8699 0.0236401 0.492661 92.5493 
0.486149 -0.0514098 -0.872362 -70.1617 0.00517323 0.99842 -0.0559556 -7.36305 0.873861 0.0226899 0.485647 93.1256 
0.478243 -0.0543613 -0.876543 -71.2731 0.00701162 0.998287 -0.0580861 -7.45142 0.8782 0.0216333 0.477805 93.7151 
0.471416 -0.0581474 -0.879992 -72.4031 0.0097897 0.998108 -0.0607078 -7.5353 0.881856 0.0200038 0.471094 94.2984 
0.465664 -0.0605803 -0.882886 -73.4638 0.0111423 0.997977 -0.0626006 -7.63641 0.884891 0.0193136 0.465397 94.8136 
0.459667 -0.0644322 -0.885751 -74.6159 0.0136261 0.997759 -0.0655086 -7.73573 0.887987 0.0180429 0.459515 95.4075 
0.45477 -0.0654621 -0.8882 -75.7613 0.0164765 0.997743 -0.0650995 -7.8354 0.890456 0.014971 0.454822 95.9805 
0.450102 -0.062761 -0.890769 -76.9028 0.0181264 0.997964 -0.0611544 -7.93763 0.892793 0.0113793 0.450323 96.5457 
0.446288 -0.0608346 -0.892819 -78.0556 0.0215428 0.998128 -0.0572416 -8.03853 0.89463 0.0063125 0.446763 97.1011 
0.442071 -0.0606574 -0.894927 -79.1815 0.0243421 0.998155 -0.0556298 -8.13161 0.89665 0.00280798 0.442731 97.6605 
0.439449 -0.0604152 -0.896233 -80.3214 0.0259109 0.998173 -0.0545821 -8.21897 0.897894 0.00076387 0.440212 98.1991 
0.436436 -0.0598927 -0.89774 -81.4652 0.0284711 0.998202 -0.0527538 -8.3034 0.899285 -0.00253594 0.437356 98.7466 
0.434059 -0.0586348 -0.898975 -82.5876 0.030014 0.998267 -0.0506192 -8.39525 0.900385 -0.00501006 0.435066 99.2726 
0.431093 -0.0597987 -0.900324 -83.7223 0.0334547 0.998175 -0.0502791 -8.48023 0.901687 -0.00844502 0.432307 99.8091 
0.428795 -0.0601432 -0.901398 -84.8524 0.0355993 0.998131 -0.0496629 -8.56181 0.9027 -0.0107939 0.430135 100.327 
0.426225 -0.0596256 -0.90265 -85.9592 0.0396332 0.998098 -0.0472161 -8.6411 0.903749 -0.0156502 0.427778 100.843 
0.424141 -0.0595323 -0.903637 -87.0779 0.0417843 0.998061 -0.0461407 -8.71278 0.904632 -0.0181876 0.425806 101.344 
0.422447 -0.0608801 -0.904341 -88.183 0.0441524 0.997939 -0.0465561 -8.78692 0.905312 -0.0202613 0.424264 101.846 
0.42087 -0.06241 -0.904971 -89.2852 0.045337 0.997831 -0.0477294 -8.85524 0.905987 -0.0209407 0.422787 102.344 
0.420904 -0.0634693 -0.904882 -90.373 0.0449045 0.997784 -0.0490983 -8.93652 0.905993 -0.0199675 0.422822 102.821 
0.421101 -0.0640294 -0.904751 -91.4237 0.0439978 0.997773 -0.0501345 -9.01436 0.905946 -0.0186953 0.42298 103.29 
0.423617 -0.063696 -0.903599 -92.4699 0.0421609 0.99783 -0.050573 -9.09542 0.90486 -0.0166729 0.425384 103.753 
0.427761 -0.0636719 -0.901647 -93.5121 0.0397418 0.997876 -0.051613 -9.1728 0.903018 -0.013755 0.429383 104.226 
0.433032 -0.0649202 -0.899037 -94.537 0.0385686 0.997824 -0.0534766 -9.24462 0.900553 -0.0115175 0.434594 104.695 
0.438836 -0.0653328 -0.896189 -95.5621 0.0384137 0.997806 -0.0539307 -9.32196 0.897746 -0.0107591 0.440383 105.173 
0.445352 -0.0647015 -0.893015 -96.5739 0.0376131 0.997857 -0.0535398 -9.39517 0.894565 -0.009745 0.446831 105.663 
0.453092 -0.0629944 -0.889235 -97.5723 0.0356438 0.997983 -0.0525366 -9.47684 0.890751 -0.00789176 0.454424 106.153 
0.461998 -0.0627534 -0.884658 -98.5746 0.0355145 0.998003 -0.0522466 -9.54993 0.88617 -0.0072803 0.463304 106.653 
0.471199 -0.0619299 -0.87985 -99.5466 0.0344658 0.998063 -0.0517926 -9.62654 0.881353 -0.00592008 0.472421 107.157 
0.480613 -0.0634313 -0.874636 -100.517 0.0342659 0.997977 -0.0535473 -9.69812 0.876263 -0.00423462 0.481814 107.676 
0.490811 -0.0650561 -0.868834 -101.476 0.0323507 0.997882 -0.0564437 -9.77232 0.870665 -0.000404126 0.491876 108.199 
0.50171 -0.0664391 -0.86248 -102.431 0.0307317 0.997786 -0.0589852 -9.84214 0.86449 0.00308807 0.502641 108.74 
0.513989 -0.0643351 -0.855381 -103.373 0.0285993 0.997914 -0.0578704 -9.9254 0.85732 0.00528155 0.514757 109.28 
0.526755 -0.0621263 -0.847744 -104.311 0.0273736 0.998048 -0.0561324 -10.0006 0.849576 0.00636232 0.527428 109.83 
0.538414 -0.0596442 -0.840567 -105.224 0.0266234 0.998198 -0.053776 -10.0791 0.84226 0.00657504 0.539032 110.406 
0.54973 -0.0595565 -0.833216 -106.12 0.0273483 0.998204 -0.0533059 -10.1562 0.834894 0.00651687 0.550372 110.985 
0.561554 -0.0596582 -0.825287 -107.006 0.0273584 0.998191 -0.0535415 -10.2362 0.826988 0.00748789 0.56217 111.562 
0.572801 -0.0613849 -0.817393 -107.884 0.0281066 0.998076 -0.0552578 -10.3058 0.819213 0.00867761 0.573424 112.153 
0.58321 -0.0627982 -0.809891 -108.735 0.0308108 0.998 -0.0551969 -10.3915 0.811737 0.00723802 0.583978 112.755 
0.593721 -0.0630624 -0.802196 -109.574 0.0320096 0.997986 -0.054763 -10.468 0.804034 0.00683607 0.594544 113.357 
0.604338 -0.0611988 -0.794374 -110.415 0.0318827 0.998105 -0.0526388 -10.5412 0.79609 0.00648486 0.605144 113.975 
0.613984 -0.0582264 -0.787168 -111.234 0.0321103 0.998292 -0.0487975 -10.6146 0.788665 0.0046848 0.614805 114.605 
0.623894 -0.0562041 -0.779485 -112.029 0.030435 0.998401 -0.0476289 -10.6833 0.780916 0.00599187 0.624608 115.224 
0.633843 -0.0556402 -0.771458 -112.811 0.0287511 0.998415 -0.0483867 -10.752 0.772928 0.00848932 0.634438 115.838 
0.643093 -0.0557713 -0.763755 -113.591 0.027546 0.998384 -0.0497104 -10.819 0.765293 0.01093 0.64359 116.48 
0.652081 -0.0555772 -0.75611 -114.345 0.0277639 0.998391 -0.049442 -10.8858 0.757641 0.0112476 0.652574 117.119 
0.661116 -0.0540343 -0.748336 -115.097 0.0281229 0.998487 -0.0472517 -10.9498 0.749757 0.0101936 0.661635 117.765 
0.669482 -0.0520376 -0.741003 -115.828 0.0278963 0.998601 -0.0449238 -11.0097 0.742304 0.00940456 0.669997 118.42 
0.677275 -0.0507633 -0.733977 -116.527 0.0276192 0.998668 -0.0435843 -11.0814 0.735212 0.0092468 0.677775 119.056 
0.684777 -0.0510185 -0.726965 -117.229 0.0276673 0.998647 -0.0440236 -11.1386 0.728227 0.0100333 0.685262 119.703 
0.691909 -0.0505015 -0.720217 -117.919 0.0275431 0.998671 -0.0435662 -11.1935 0.72146 0.0103068 0.69238 120.356 
0.698882 -0.0482272 -0.713609 -118.602 0.0273532 0.998796 -0.0407121 -11.2469 0.714714 0.00893349 0.69936 121.008 
0.705956 -0.0456395 -0.706784 -119.278 0.0266246 0.998926 -0.0379108 -11.3005 0.707755 0.00794558 0.706413 121.677 
0.713068 -0.043963 -0.699715 -119.931 0.0250801 0.998993 -0.0372078 -11.3454 0.700646 0.00898285 0.713452 122.339 
0.720582 -0.0426339 -0.692058 -120.566 0.0239664 0.999043 -0.0365914 -11.3981 0.692956 0.00978103 0.720914 122.994 
0.728051 -0.0402247 -0.684342 -121.198 0.0218428 0.999131 -0.0354897 -11.447 0.685175 0.0108904 0.728297 123.653 
0.736829 -0.0373976 -0.675045 -121.805 0.0211374 0.999255 -0.0322869 -11.4948 0.675749 0.00952131 0.73707 124.304 
0.746184 -0.0335829 -0.664893 -122.395 0.0192691 0.999398 -0.0288533 -11.535 0.665461 0.00871801 0.746381 124.951 
0.756405 -0.031499 -0.653345 -122.979 0.0176534 0.999459 -0.0277478 -11.5801 0.653866 0.00945487 0.756552 125.599 
0.766257 -0.0304445 -0.641812 -123.541 0.0158009 0.999468 -0.0285454 -11.6204 0.64234 0.011732 0.76633 126.261 
0.776047 -0.0328452 -0.629819 -124.115 0.0171064 0.999372 -0.0310394 -11.6309 0.630443 0.0133141 0.776122 126.942 
0.785718 -0.0321814 -0.617747 -124.608 0.0169281 0.99939 -0.030532 -11.667 0.618353 0.0135323 0.785784 127.595 
0.795838 -0.0304787 -0.604742 -125.118 0.0162584 0.999448 -0.0289757 -11.6884 0.605291 0.0132279 0.795894 128.27 
0.805675 -0.0288088 -0.591657 -125.596 0.0164478 0.99952 -0.026271 -11.7081 0.59213 0.0114345 0.805761 128.935 
0.815293 -0.0274721 -0.578397 -126.079 0.0167129 0.999574 -0.0239188 -11.7372 0.578807 0.00983418 0.815405 129.615 
0.824532 -0.0259566 -0.565219 -126.577 0.0171284 0.999634 -0.0209197 -11.7688 0.565555 0.0075677 0.824676 130.316 
0.832757 -0.0250969 -0.553069 -127.145 0.0178532 0.99967 -0.018481 -11.8134 0.55335 0.00551616 0.83293 131.088 
0.839956 -0.0259927 -0.542032 -127.602 0.0200089 0.999656 -0.016931 -11.8485 0.542285 0.00337589 0.840188 131.785 
0.846502 -0.0259106 -0.531755 -128.044 0.020173 0.999659 -0.0165967 -11.876 0.532004 0.00332207 0.846735 132.5 
0.853206 -0.0251268 -0.520969 -128.491 0.0192641 0.999676 -0.0166659 -11.8956 0.521219 0.00418353 0.853413 133.216 
0.860109 -0.0229035 -0.509596 -128.957 0.0175117 0.999728 -0.0153756 -11.9282 0.50981 0.00430081 0.860276 133.955 
0.866354 -0.0222156 -0.498936 -129.385 0.0170393 0.999743 -0.0149275 -11.954 0.499139 0.00443102 0.86651 134.68 
0.87198 -0.0228161 -0.489009 -129.798 0.0179072 0.999731 -0.0147142 -11.9784 0.489213 0.00407375 0.872155 135.416 
0.876918 -0.024257 -0.480028 -130.214 0.0191662 0.999696 -0.0155043 -12.0059 0.480258 0.00439572 0.877116 136.17 
0.881256 -0.0246327 -0.471996 -130.629 0.0193303 0.999684 -0.0160807 -12.0295 0.472243 0.00504741 0.881454 136.928 
0.884543 -0.0242008 -0.46583 -131.061 0.019353 0.999697 -0.0151879 -12.061 0.466056 0.00441917 0.884744 137.731 
0.887663 -0.0224503 -0.459947 -131.474 0.0190719 0.999746 -0.011991 -12.079 0.460099 0.00187196 0.887866 138.506 
0.890719 -0.0182672 -0.454188 -131.894 0.0166322 0.999833 -0.00759507 -12.1004 0.45425 -0.000789028 0.890874 139.315 
0.894088 -0.0154945 -0.447624 -132.308 0.0148474 0.999878 -0.00495439 -12.1125 0.447646 -0.00221637 0.894208 140.116 
0.897301 -0.0128082 -0.441232 -132.734 0.0129881 0.999912 -0.00261274 -12.1261 0.441227 -0.00338631 0.897389 140.957 
0.90037 -0.0118019 -0.434966 -133.152 0.0127732 0.999918 -0.000690431 -12.1215 0.434938 -0.00493422 0.900447 141.841 
0.903532 -0.010429 -0.428394 -133.581 0.0126028 0.999918 0.00223831 -12.1313 0.428335 -0.00742128 0.90359 142.725 
0.906788 -0.0104029 -0.421459 -133.995 0.0135292 0.999899 0.00442816 -12.1457 0.42137 -0.00971736 0.906837 143.615 
0.910364 -0.0106634 -0.41367 -134.423 0.0142501 0.999883 0.00558565 -12.1494 0.413562 -0.0109798 0.91041 144.523 
0.913981 -0.0114729 -0.405594 -134.827 0.015066 0.99987 0.00566714 -12.1499 0.405476 -0.0112903 0.914036 145.419 
0.918032 -0.0139893 -0.396259 -135.275 0.0175479 0.999832 0.00535642 -12.158 0.396117 -0.0118708 0.918123 146.36 
0.921969 -0.0155667 -0.38695 -135.688 0.0186382 0.999818 0.00418641 -12.1618 0.386815 -0.0110717 0.922091 147.306 
0.926456 -0.0163377 -0.376049 -136.091 0.0186103 0.999824 0.00241117 -12.1802 0.375943 -0.00923216 0.926597 148.259 
0.931542 -0.0145451 -0.363343 -136.468 0.0163677 0.999864 0.00193767 -12.1869 0.363265 -0.00775207 0.931654 149.216 
0.937674 -0.0107401 -0.347349 -136.849 0.0127457 0.999913 0.00348979 -12.1965 0.347281 -0.00769945 0.937729 150.206 
0.944066 -0.00725523 -0.329676 -137.175 0.0100547 0.999926 0.00678724 -12.2111 0.329603 -0.00972236 0.94407 151.184 
0.9506 -0.00403724 -0.310391 -137.506 0.00710506 0.999936 0.00875362 -12.2255 0.310336 -0.0105265 0.950569 152.209 
0.957094 -0.00266489 -0.289767 -137.814 0.00579061 0.999934 0.00993007 -12.2425 0.289721 -0.0111819 0.957046 153.212 
0.963267 -0.00115818 -0.268542 -138.117 0.00442938 0.999923 0.0115757 -12.2417 0.268507 -0.0123399 0.963199 154.267 
0.969057 -0.000194832 -0.246839 -138.435 0.00389964 0.999887 0.0145201 -12.2348 0.246808 -0.0150333 0.968948 155.377 
0.974243 0.00173387 -0.225493 -138.685 0.00248804 0.999827 0.0184373 -12.2411 0.225486 -0.0185234 0.97407 156.436 
0.979109 0.00400046 -0.203299 -138.937 0.000650813 0.99974 0.0228068 -12.2308 0.203337 -0.0224626 0.978851 157.549 
0.983466 0.00571371 -0.181005 -139.173 -0.000987724 0.999657 0.0261889 -12.2221 0.181092 -0.025577 0.983134 158.703 
0.987239 0.00786657 -0.159052 -139.373 -0.00366416 0.999637 0.0266974 -12.2148 0.159204 -0.0257739 0.986909 159.851 
0.990479 0.00712932 -0.137476 -139.518 -0.00369613 0.999675 0.0252118 -12.2376 0.137611 -0.0244636 0.990184 161.173 
0.993126 0.00703301 -0.116838 -139.667 -0.00419606 0.999691 0.0245091 -12.2206 0.116974 -0.0238503 0.992849 162.333 
0.995181 0.00616204 -0.0978583 -139.712 -0.00348743 0.999616 0.0274787 -12.2501 0.0979901 -0.027005 0.994821 163.396 
0.996943 0.00719876 -0.0778069 -139.829 -0.004929 0.999558 0.0293239 -12.2309 0.0779835 -0.0288507 0.996537 164.603 
0.998289 0.00752872 -0.0579786 -139.891 -0.00575717 0.999513 0.0306612 -12.2247 0.0581812 -0.0302749 0.997847 165.832 
0.999236 0.00915427 -0.0379976 -139.947 -0.00795478 0.999469 0.0315987 -12.2097 0.0382667 -0.0312722 0.998778 167.106 
0.999784 0.00916605 -0.0186765 -139.916 -0.00855434 0.999433 0.0325712 -12.1947 0.0189644 -0.0324044 0.999295 168.255 
0.999935 0.0113082 0.00140542 -139.92 -0.0113479 0.999408 0.0324833 -12.1794 -0.0010373 -0.0324971 0.999471 169.524 
0.999709 0.0117224 0.0211061 -139.911 -0.0123838 0.999428 0.0314856 -12.1605 -0.020725 -0.0317378 0.999281 170.748 
0.999095 0.012235 0.0407309 -139.882 -0.0134444 0.999473 0.029554 -12.1439 -0.0403478 -0.0300748 0.998733 172.047 
0.99814 0.0142578 0.0592693 -139.81 -0.015907 0.999497 0.0274487 -12.1319 -0.0588481 -0.0283405 0.997865 173.413 
0.996859 0.0142823 0.0778929 -139.715 -0.0163631 0.999524 0.0261419 -12.1254 -0.0774825 -0.0273343 0.996619 174.694 
0.995188 0.0143529 0.0969254 -139.617 -0.016687 0.999589 0.0233141 -12.1009 -0.096551 -0.0248193 0.995019 176.02 
0.993191 0.0155156 0.115463 -139.493 -0.0177312 0.999677 0.0181866 -12.0891 -0.115143 -0.02011 0.993145 177.354 
0.990879 0.0176414 0.133597 -139.35 -0.0193957 0.999742 0.0118414 -12.0869 -0.133353 -0.0143246 0.990965 178.727 
0.988381 0.0192071 0.15078 -139.175 -0.0205476 0.999762 0.00733775 -12.0901 -0.150603 -0.0103506 0.98854 180.03 
0.985623 0.0216211 0.167572 -138.849 -0.0225312 0.99974 0.00353162 -12.115 -0.167452 -0.00725641 0.985854 181.575 
0.982485 0.0232794 0.184882 -138.612 -0.0238158 0.999716 0.000680811 -12.1282 -0.184814 -0.00507196 0.982761 182.939 
0.979115 0.0227845 0.202028 -138.335 -0.023518 0.999723 0.00123092 -12.141 -0.201944 -0.00595648 0.979379 184.315 
0.975488 0.0216601 0.218985 -138.049 -0.0223666 0.99975 0.000747392 -12.1555 -0.218914 -0.00562698 0.975728 185.755 
0.971634 0.0210725 0.235548 -137.743 -0.0206706 0.999778 -0.0041756 -12.1707 -0.235584 -0.000811724 0.971854 187.111 
0.96743 0.0221755 0.252167 -137.416 -0.02068 0.999749 -0.00857969 -12.1863 -0.252294 0.00308547 0.967646 188.515 
0.962926 0.024554 0.268646 -137.009 -0.023097 0.999696 -0.00858302 -12.212 -0.268775 0.00205993 0.963201 190.014 
0.958015 0.026618 0.28548 -136.608 -0.0251218 0.999645 -0.00890255 -12.243 -0.285615 0.00135705 0.958343 191.422 
0.952515 0.0301382 0.302997 -136.186 -0.0278691 0.999542 -0.0118104 -12.2718 -0.303214 0.00280537 0.952918 192.879 
0.946954 0.0305418 0.319916 -135.727 -0.0272111 0.999519 -0.0148769 -12.3481 -0.320216 0.00538253 0.947329 194.279 
0.941108 0.0312753 0.336656 -135.199 -0.0272189 0.999489 -0.0167632 -12.416 -0.337009 0.00661259 0.941478 195.732 
0.93484 0.0314756 0.353671 -134.642 -0.025338 0.999437 -0.0219722 -12.4582 -0.354164 0.0115792 0.935112 197.209 
0.927127 0.0341874 0.373185 -134.103 -0.0259908 0.999298 -0.0269748 -12.5939 -0.373845 0.0153097 0.927365 198.797 
0.918148 0.037456 0.394463 -133.514 -0.0279745 0.999166 -0.0297617 -12.6839 -0.395248 0.0162908 0.91843 200.238 
0.907484 0.040674 0.418113 -132.852 -0.0304682 0.999053 -0.0310588 -12.7454 -0.41898 0.0154463 0.907864 201.75 
0.895324 0.0453811 0.443098 -132.135 -0.0339758 0.998856 -0.0336491 -12.8333 -0.444118 0.0150722 0.895842 203.281 
0.881955 0.0494801 0.468729 -131.449 -0.0364247 0.998656 -0.0368841 -12.9085 -0.469924 0.0154568 0.882572 204.746 
0.867929 0.0531195 0.493839 -130.692 -0.0385481 0.99847 -0.0396508 -13.0176 -0.49519 0.0153775 0.868649 206.226 
0.853777 0.0547115 0.517756 -129.858 -0.0385542 0.998377 -0.0419232 -13.1039 -0.519209 0.0158315 0.854501 207.669 
0.838765 0.0560624 0.5416 -129.026 -0.0384078 0.998299 -0.0438551 -13.2244 -0.543138 0.0159825 0.839492 209.121 
0.82302 0.058064 0.565037 -128.167 -0.0373467 0.998141 -0.0481719 -13.3555 -0.566784 0.0185442 0.823658 210.519 
0.807523 0.0601852 0.586758 -127.245 -0.0357902 0.997947 -0.0531058 -13.473 -0.58875 0.0218839 0.808019 211.86 
0.791961 0.0624052 0.607374 -126.343 -0.0354003 0.997783 -0.0563591 -13.573 -0.609544 0.023133 0.792414 213.136 
0.776907 0.0639537 0.626358 -125.388 -0.0342748 0.997649 -0.0593509 -13.686 -0.628681 0.0246418 0.777273 214.356 
0.762537 0.0639692 0.643774 -124.361 -0.0321379 0.997616 -0.0610623 -13.8019 -0.646146 0.0258727 0.762775 215.559 
0.747903 0.0647697 0.66064 -123.321 -0.0310437 0.997552 -0.0626566 -13.9242 -0.663081 0.0263524 0.748083 216.788 
0.732548 0.0648662 0.677618 -122.277 -0.028252 0.997489 -0.0649442 -14.0702 -0.680129 0.0284307 0.732541 218.095 
0.718603 0.0662828 0.692255 -121.107 -0.0264209 0.997331 -0.068067 -14.2181 -0.694919 0.0306232 0.718436 219.307 
0.704329 0.0683666 0.706574 -119.987 -0.0241196 0.997082 -0.0724325 -14.3476 -0.709464 0.033974 0.703922 220.465 
0.690128 0.0699371 0.7203 -118.825 -0.0229162 0.996932 -0.0748401 -14.4993 -0.723324 0.0351427 0.689614 221.613 
0.675647 0.0707998 0.733818 -117.651 -0.0225119 0.996895 -0.0754544 -14.645 -0.736882 0.0344609 0.675143 222.715 
0.659763 0.0722001 0.747997 -116.48 -0.0231846 0.996856 -0.0757712 -14.7863 -0.751116 0.0326491 0.659363 223.808 
0.643178 0.0731481 0.762215 -115.301 -0.0256082 0.996925 -0.0740638 -14.9336 -0.765288 0.0281172 0.643073 224.855 
0.625984 0.0739634 0.77632 -114.098 -0.0277938 0.996976 -0.0725746 -15.0745 -0.77934 0.0238537 0.626147 225.892 
0.608536 0.0757716 0.7899 -112.892 -0.0307665 0.996935 -0.0719292 -15.2175 -0.79293 0.0194691 0.609002 226.884 
0.59105 0.0788638 0.80277 -111.676 -0.0318844 0.996716 -0.0744415 -15.354 -0.806004 0.0184028 0.591624 227.85 
0.573568 0.0825022 0.814993 -110.438 -0.033957 0.996455 -0.0769737 -15.4934 -0.818454 0.016475 0.574336 228.781 
0.554905 0.0825061 0.827812 -109.214 -0.0344355 0.996495 -0.0762352 -15.6413 -0.831201 0.0137972 0.555801 229.649 
0.534165 0.0823414 0.841361 -107.954 -0.0363715 0.996562 -0.0744387 -15.7761 -0.844598 0.00916099 0.535323 230.528 
0.513607 0.0806186 0.85423 -106.686 -0.0370926 0.996732 -0.0717653 -15.9184 -0.857223 0.0051736 0.514919 231.331 
0.492272 0.0794898 0.866805 -105.407 -0.0378774 0.996834 -0.0699029 -16.0516 -0.869617 0.00157893 0.493724 232.135 
0.471684 0.0774009 0.878364 -104.2 -0.0356907 0.997 -0.068689 -16.1986 -0.881045 0.00105012 0.473031 232.844 
0.45095 0.0772431 0.8892 -102.921 -0.0356555 0.997012 -0.068526 -16.3282 -0.891837 -0.000803029 0.452357 233.535 
0.430308 0.0764081 0.899442 -101.647 -0.0337263 0.997076 -0.0685669 -16.4618 -0.902052 -0.000829978 0.431627 234.201 
0.410653 0.0759936 0.908619 -100.359 -0.0305655 0.997108 -0.0695802 -16.5999 -0.911279 0.000800943 0.411788 234.798 
0.390577 0.0752323 0.917491 -99.0556 -0.0274442 0.997164 -0.0700822 -16.7341 -0.920161 0.00219267 0.391534 235.384 
0.370186 0.0732363 0.926066 -97.7568 -0.0258158 0.997314 -0.068551 -16.8659 -0.928599 0.00146945 0.371082 235.93 
0.349762 0.0729216 0.933996 -96.4626 -0.0251729 0.997338 -0.0684402 -16.9973 -0.9365 0.000426349 0.350666 236.454 
0.330356 0.0774447 0.940674 -95.1252 -0.0257435 0.996997 -0.0730407 -17.1387 -0.943505 -8.67295e-05 0.331358 236.952 
0.311061 0.0868175 0.946416 -93.77 -0.027001 0.996224 -0.082512 -17.2677 -0.950007 0.000112084 0.31223 237.446 
0.291603 0.0945442 0.951856 -92.454 -0.0296476 0.995519 -0.0897984 -17.4137 -0.95608 -0.00203469 0.293099 237.897 
0.272046 0.0987158 0.957207 -91.1639 -0.0320912 0.995102 -0.0935032 -17.5519 -0.961749 -0.00528077 0.273882 238.31 
0.252316 0.099931 0.962471 -89.84 -0.0344857 0.99495 -0.0942626 -17.7043 -0.96703 -0.0094075 0.254488 238.713 
0.232394 0.100405 0.967425 -88.5606 -0.0386888 0.994824 -0.0939552 -17.8509 -0.971852 -0.0155938 0.235076 239.068 
0.213675 0.100667 0.971704 -87.294 -0.039986 0.994744 -0.0942614 -17.9946 -0.976086 -0.0187132 0.216578 239.376 
0.194835 0.0989863 0.975828 -86.0358 -0.0400581 0.994868 -0.0929195 -18.143 -0.980018 -0.0209859 0.1978 239.67 
0.176165 0.0990606 0.979364 -84.7894 -0.0398736 0.994825 -0.0934522 -18.2777 -0.983553 -0.0225877 0.179203 239.937 
0.157921 0.0996267 0.982413 -83.5701 -0.0395904 0.994736 -0.0945122 -18.4193 -0.986658 -0.0239687 0.161034 240.164 
0.139108 0.103055 0.9849 -82.3362 -0.0432938 0.994252 -0.0979182 -18.5594 -0.98933 -0.0290189 0.14277 240.377 
0.120745 0.104739 0.987143 -81.0952 -0.04381 0.994012 -0.100109 -18.7043 -0.991716 -0.031159 0.12461 240.56 
0.103535 0.10195 0.989387 -79.8537 -0.0445056 0.994212 -0.0977896 -18.8457 -0.99363 -0.0339087 0.107473 240.726 
0.0879865 0.0973759 0.991351 -78.6204 -0.041823 0.994694 -0.0939923 -18.9877 -0.995243 -0.0331912 0.0915922 240.871 
0.0736247 0.0933842 0.992904 -77.4216 -0.0415312 0.99503 -0.0905045 -19.1183 -0.996421 -0.0345731 0.0771371 240.999 
0.0610412 0.0898123 0.994086 -76.247 -0.0395402 0.995379 -0.0875012 -19.2496 -0.997352 -0.0339652 0.0643104 241.091 
0.0503231 0.0901348 0.994657 -75.0811 -0.0394105 0.995323 -0.0882011 -19.3742 -0.997955 -0.0347614 0.05364 241.182 
0.0415608 0.0922383 0.994869 -73.9248 -0.040142 0.99508 -0.0905808 -19.5065 -0.998329 -0.0361715 0.0450589 241.261 
0.0347764 0.0942724 0.994939 -72.7846 -0.0415206 0.994818 -0.0928096 -19.6232 -0.998532 -0.0380828 0.0385104 241.33 
0.0284034 0.0983698 0.994745 -71.6597 -0.0420003 0.994385 -0.0971349 -19.7553 -0.998714 -0.0390206 0.0323755 241.401 
0.0227159 0.106971 0.994003 -70.5507 -0.0413418 0.993509 -0.105974 -19.8901 -0.998887 -0.0386866 0.0269908 241.46 
0.0179558 0.109618 0.993812 -69.4462 -0.0430879 0.993133 -0.108765 -20.0213 -0.99891 -0.0408683 0.0225558 241.51 
0.0144755 0.101167 0.994764 -68.3393 -0.0418806 0.994057 -0.100486 -20.1545 -0.999018 -0.0402068 0.0186264 241.546 
0.0115651 0.0914431 0.995743 -67.2407 -0.0406211 0.995031 -0.0909058 -20.2792 -0.999108 -0.0393968 0.0152221 241.593 
0.0109364 0.0875442 0.996101 -66.1557 -0.0399344 0.995404 -0.0870444 -20.4018 -0.999142 -0.0388268 0.0143822 241.614 
0.0109973 0.0895877 0.995918 -65.0773 -0.0411131 0.995177 -0.089067 -20.5127 -0.999094 -0.0399658 0.0146275 241.647 
0.0109017 0.0927172 0.995633 -64.0156 -0.0406254 0.994911 -0.0922051 -20.6263 -0.999115 -0.0394428 0.0146129 241.694 
0.0125811 0.0949124 0.995406 -62.9606 -0.0430316 0.994614 -0.094293 -20.746 -0.998995 -0.0416477 0.0165976 241.731 
0.0144031 0.0959322 0.995284 -61.9133 -0.0454369 0.994422 -0.0951915 -20.8583 -0.998863 -0.0438516 0.0186816 241.778 
0.0173279 0.0976652 0.995069 -60.8726 -0.0465121 0.994219 -0.0967719 -20.968 -0.998767 -0.0446059 0.0217704 241.826 
0.0206828 0.0989181 0.994881 -59.837 -0.0487742 0.994009 -0.0978174 -21.078 -0.998596 -0.0465014 0.0253835 241.882 
0.0249404 0.100014 0.994673 -58.8177 -0.0502968 0.993848 -0.0986699 -21.1873 -0.998423 -0.047568 0.0298173 241.939 
0.0309911 0.0988974 0.994615 -57.7974 -0.0508585 0.99396 -0.0972475 -21.301 -0.998225 -0.0475708 0.0358336 241.997 
0.0375098 0.0974898 0.994529 -56.8178 -0.0499335 0.994169 -0.0955712 -21.4117 -0.998048 -0.0460754 0.0421591 242.062 
0.0445053 0.0968543 0.994303 -55.8085 -0.0484576 0.994327 -0.0946876 -21.5238 -0.997833 -0.0439675 0.0489462 242.13 
0.0512513 0.0976363 0.993902 -54.8164 -0.0478304 0.994308 -0.0952097 -21.6332 -0.99754 -0.0426591 0.0556295 242.218 
0.0582096 0.0976943 0.993513 -53.8273 -0.0483229 0.994309 -0.0949414 -21.7386 -0.997134 -0.042483 0.0625992 242.299 
0.0643003 0.0971887 0.993187 -52.8376 -0.0501817 0.994302 -0.094049 -21.836 -0.996668 -0.0437924 0.068811 242.398 
0.0707429 0.0947763 0.992982 -51.8614 -0.0505911 0.994536 -0.0913203 -21.945 -0.996211 -0.0437758 0.0751512 242.505 
0.0772023 0.0932361 0.992646 -50.8752 -0.0504369 0.994708 -0.089507 -22.0477 -0.995739 -0.0431559 0.0814963 242.607 
0.0839984 0.0941835 0.992005 -49.8883 -0.0508846 0.99463 -0.090124 -22.1458 -0.995166 -0.0429074 0.0883398 242.714 
0.0905097 0.096248 0.991234 -48.9155 -0.0503383 0.994489 -0.0919676 -22.2492 -0.994623 -0.041573 0.0948559 242.828 
0.0965007 0.0978112 0.990515 -47.9499 -0.0504281 0.994362 -0.0932781 -22.3503 -0.994055 -0.0409484 0.100889 242.955 
0.102241 0.0996917 0.989752 -46.9923 -0.0526286 0.994114 -0.0946946 -22.4549 -0.993367 -0.0424076 0.106886 243.09 
0.108786 0.100185 0.989004 -46.0273 -0.05437 0.994019 -0.0947127 -22.5588 -0.992577 -0.0434687 0.113582 243.224 
0.115053 0.0997814 0.988335 -45.0493 -0.0551414 0.99405 -0.0939392 -22.6648 -0.991828 -0.0436903 0.11987 243.378 
0.120772 0.0975249 0.987878 -44.0918 -0.0557006 0.99426 -0.0913453 -22.7627 -0.991116 -0.0439935 0.125511 243.522 
0.126788 0.0958737 0.987286 -43.1498 -0.055632 0.994439 -0.089424 -22.8644 -0.990369 -0.0435867 0.131417 243.672 
0.133094 0.0951084 0.986529 -42.1991 -0.0554713 0.99454 -0.0883968 -22.9678 -0.98955 -0.042959 0.137643 243.828 
0.139768 0.0964509 0.985476 -41.2812 -0.0560281 0.994421 -0.0893799 -23.0549 -0.988598 -0.0427219 0.144393 243.993 
0.146774 0.0963541 0.984466 -40.3522 -0.0535256 0.99456 -0.0893619 -23.1602 -0.987721 -0.0395781 0.151133 244.154 
