1 2.12261e-08 -2.11895e-08 0 2.12261e-08 1 2.10703e-08 0 -2.11895e-08 2.10703e-08 1 0 
0.999875 0.00151203 0.0157178 0.0107659 -0.00149729 0.999998 -0.000946656 -9.90394e-05 -0.0157192 0.000923045 0.999876 0.118702 
0.999301 0.00435489 0.0371196 0.0345307 -0.00433309 0.99999 -0.000666522 0.000798715 -0.0371221 0.000505255 0.999311 0.255745 
0.997901 0.00598245 0.0644745 0.0566847 -0.00602679 0.999982 0.000493992 0.00387955 -0.0644704 -0.00088149 0.997919 0.417304 
0.995152 0.00542267 0.0982039 0.108741 -0.00574848 0.999979 0.0030355 -0.00421505 -0.0981854 -0.00358526 0.995162 0.571859 
0.99062 0.00260116 0.136624 0.167833 -0.00329359 0.999983 0.00484267 0.00200787 -0.136609 -0.00524718 0.990611 0.737384 
0.98439 -0.000136508 0.176004 0.251706 -0.000784566 0.999986 0.00516393 0.00830667 -0.176002 -0.00522137 0.984376 0.91504 
0.975686 -2.23283e-06 0.219171 0.360689 -0.00144436 0.999978 0.00644027 0.00561938 -0.219167 -0.00660021 0.975665 1.09904 
0.963577 0.000318192 0.267433 0.453126 -0.00286241 0.999954 0.00912386 0.012081 -0.267417 -0.009557 0.963533 1.29782 
0.94909 -0.00263715 0.314993 0.536133 -0.00259128 0.999866 0.0161787 0.0249228 -0.314994 -0.0161713 0.948956 1.45002 
0.932088 -0.0120362 0.362032 0.66051 0.0035683 0.999704 0.0240497 0.0138681 -0.362214 -0.0211246 0.931855 1.63441 
0.910736 -0.0169027 0.412643 0.802866 0.00572417 0.999583 0.0283113 0.0177336 -0.412949 -0.0234221 0.910453 1.82364 
0.885258 -0.0187591 0.464721 0.938837 0.00426087 0.999471 0.0322285 0.0110505 -0.46508 -0.0265504 0.88487 2.01571 
0.856622 -0.0213557 0.515503 1.09603 0.00268268 0.999314 0.0369407 0.0101342 -0.515938 -0.0302612 0.856091 2.21768 
0.823958 -0.0257581 0.566065 1.25682 0.00324537 0.999164 0.040742 0.0287954 -0.566642 -0.0317325 0.823353 2.39135 
0.78744 -0.0314644 0.615587 1.41873 0.00538333 0.999009 0.044176 0.0226057 -0.616367 -0.031472 0.78683 2.56714 
0.748777 -0.0353376 0.661879 1.64072 0.00592515 0.998895 0.0466279 0.0306115 -0.662795 -0.0309921 0.748159 2.76138 
0.708178 -0.0385276 0.704982 1.87948 0.0069745 0.998843 0.0475812 0.0363561 -0.706 -0.028779 0.707627 2.95539 
0.665482 -0.0399959 0.745342 2.13057 0.00556652 0.998802 0.0486268 0.0520791 -0.746394 -0.0282112 0.664907 3.15417 
0.621987 -0.0399839 0.782006 2.42668 0.000729451 0.998725 0.0504847 0.0626126 -0.783027 -0.0308304 0.621223 3.36723 
0.579353 -0.040432 0.814073 2.75093 -0.00226846 0.998685 0.0512154 0.0838385 -0.815073 -0.0315185 0.5785 3.58221 
0.539002 -0.0417144 0.841271 3.10441 -0.00369027 0.998646 0.0518823 0.100335 -0.842296 -0.0310692 0.538119 3.76684 
0.500196 -0.0441949 0.864784 3.50253 -0.0050379 0.998531 0.0539441 0.10705 -0.865897 -0.0313393 0.499239 3.95746 
0.46233 -0.044043 0.885614 3.91801 -0.00857394 0.998497 0.054133 0.114415 -0.886667 -0.0326205 0.461257 4.15927 
0.425366 -0.0433902 0.903981 4.35502 -0.00982777 0.99857 0.0525548 0.128417 -0.904968 -0.0312392 0.424331 4.35196 
0.39128 -0.0418803 0.919318 4.82296 -0.00813689 0.998767 0.0489629 0.155034 -0.920236 -0.0266386 0.390457 4.54205 
0.361581 -0.0401799 0.931475 5.32573 -0.00618236 0.998946 0.0454903 0.176586 -0.93232 -0.0222071 0.360951 4.71422 
0.336014 -0.0384465 0.941072 5.86421 -0.00470379 0.999086 0.0424961 0.196945 -0.941845 -0.0187059 0.335526 4.8965 
0.315749 -0.0378856 0.948086 6.43328 -0.00360554 0.999147 0.0411269 0.220466 -0.948836 -0.0164041 0.315343 5.07803 
0.301016 -0.0383162 0.952849 7.02527 -0.00246536 0.999158 0.0409572 0.246065 -0.953616 -0.0146779 0.300668 5.26457 
0.289623 -0.0399617 0.956306 7.65975 -0.00154659 0.999107 0.0422187 0.264204 -0.95714 -0.0137065 0.289302 5.45504 
0.278732 -0.041748 0.959461 8.30249 -0.00302047 0.999012 0.0443465 0.291892 -0.960364 -0.0152588 0.278331 5.65022 
0.268128 -0.0432298 0.962413 8.97862 -0.00456184 0.998925 0.0461409 0.322482 -0.963373 -0.016762 0.267642 5.8485 
0.25793 -0.0448987 0.96512 9.66786 -0.0058567 0.998829 0.0480322 0.348205 -0.966146 -0.0180413 0.257365 6.0423 
0.247796 -0.0468483 0.967679 10.3838 -0.00679876 0.998722 0.0500922 0.37825 -0.968788 -0.0189916 0.247161 6.23436 
0.237308 -0.048258 0.970235 11.1174 -0.00666974 0.998661 0.0513033 0.410824 -0.971412 -0.0186459 0.236668 6.42117 
0.22729 -0.050046 0.97254 11.8808 -0.00683896 0.998572 0.052984 0.432898 -0.973803 -0.0186939 0.226624 6.59833 
0.216584 -0.0528393 0.974833 12.6481 -0.00795169 0.998406 0.0558837 0.467245 -0.976232 -0.0198551 0.215819 6.77732 
0.205702 -0.056197 0.977 13.435 -0.00948097 0.998189 0.0594119 0.506107 -0.978569 -0.0214841 0.204796 6.94352 
0.193378 -0.0599833 0.979289 14.2347 -0.0102849 0.997951 0.0631573 0.541513 -0.98107 -0.0222852 0.192365 7.11495 
0.180598 -0.0622961 0.981582 15.0341 -0.0112511 0.997796 0.0653952 0.578098 -0.983493 -0.0228541 0.179499 7.26628 
0.166352 -0.0628091 0.984064 15.8517 -0.01152 0.997777 0.0656318 0.620008 -0.985999 -0.0222544 0.165259 7.41864 
0.152244 -0.0616684 0.986417 16.6577 -0.0121654 0.997859 0.0642614 0.661085 -0.988268 -0.0217836 0.151168 7.54043 
0.135484 -0.0606153 0.988924 17.4774 -0.0132636 0.997926 0.0629843 0.697901 -0.990691 -0.0216501 0.1344 7.66519 
0.114732 -0.0590756 0.991638 18.2968 -0.0158469 0.997994 0.0612878 0.733726 -0.99327 -0.0227461 0.113566 7.77312 
0.0891353 -0.0581182 0.994323 19.1293 -0.0200817 0.997988 0.0601327 0.764618 -0.995817 -0.0253276 0.0877889 7.85727 
0.0585869 -0.0574629 0.996627 19.9634 -0.0240848 0.99797 0.0589562 0.803018 -0.997992 -0.0274576 0.0570839 7.9211 
0.0254751 -0.0572997 0.998032 20.8001 -0.0271417 0.997948 0.0579878 0.836883 -0.999307 -0.0285655 0.0238676 7.94683 
-0.00888503 -0.0566855 0.998353 21.6386 -0.0284637 0.998002 0.0564123 0.86967 -0.999555 -0.0279156 -0.0104808 7.94395 
-0.0430879 -0.0553757 0.997535 22.4849 -0.0290572 0.99811 0.0541525 0.900592 -0.998649 -0.0266523 -0.0446156 7.9143 
-0.0761001 -0.0532322 0.995678 23.3141 -0.0312603 0.99821 0.0509784 0.929516 -0.99661 -0.0272458 -0.0776279 7.86035 
-0.108711 -0.0506902 0.99278 24.155 -0.0343133 0.998295 0.0472145 0.946927 -0.993481 -0.0289329 -0.110265 7.77719 
-0.141341 -0.0463178 0.988877 24.9904 -0.0313039 0.998614 0.0422996 0.965586 -0.989466 -0.024977 -0.142596 7.65886 
-0.172917 -0.0400269 0.984123 25.8188 -0.0256451 0.999018 0.0361267 0.984788 -0.984602 -0.0189909 -0.173774 7.51176 
-0.203246 -0.0336648 0.978549 26.6457 -0.0194714 0.99935 0.0303362 0.999949 -0.978934 -0.012888 -0.20377 7.33165 
-0.231915 -0.0281154 0.97233 27.4697 -0.013671 0.999578 0.0256426 1.00448 -0.97264 -0.00734586 -0.232202 7.12314 
-0.259704 -0.0221692 0.965434 28.2727 -0.00493659 0.999754 0.0216294 1.00257 -0.965676 0.000851284 -0.25975 6.89871 
-0.286087 -0.0118271 0.958131 29.0405 0.00125626 0.999918 0.0127181 0.988249 -0.958203 0.00484213 -0.286049 6.68307 
-0.311448 0.00354855 0.950256 29.8284 0.00544839 0.999983 -0.00194849 0.978664 -0.950247 0.00457051 -0.311463 6.42659 
-0.336059 0.020904 0.941609 30.6151 0.00619816 0.999781 -0.0199833 0.958124 -0.941821 -0.000879332 -0.336115 6.15113 
-0.361378 0.0355741 0.931741 31.3306 0.00674716 0.999346 -0.0355383 0.92293 -0.932395 -0.00655616 -0.361381 5.89648 
-0.385432 0.0462457 0.921577 32.0933 0.0112247 0.998904 -0.0454315 0.876774 -0.922668 -0.00716637 -0.385529 5.57131 
-0.408863 0.0502398 0.911212 32.8519 0.0134526 0.998707 -0.0490276 0.830612 -0.912497 -0.00778743 -0.40901 5.22746 
-0.430938 0.0501641 0.900986 33.6156 0.0177439 0.998732 -0.0471194 0.771852 -0.902207 -0.00431852 -0.431282 4.83678 
-0.450896 0.0460164 0.89139 34.3349 0.0219315 0.99894 -0.0404747 0.718084 -0.892307 0.00129963 -0.451427 4.48669 
-0.468573 0.0447778 0.882289 35.051 0.0298084 0.998947 -0.0348675 0.665957 -0.882922 0.00996164 -0.469414 4.09955 
-0.482233 0.0452554 0.874874 35.7625 0.0318802 0.99891 -0.034099 0.618854 -0.875463 0.0114475 -0.48315 3.71641 
-0.493417 0.0493813 0.86839 36.4611 0.0361436 0.998689 -0.036254 0.572065 -0.869042 0.0134984 -0.494555 3.33117 
-0.503449 0.0517447 0.862474 37.1713 0.036682 0.998585 -0.0384985 0.524533 -0.863246 0.0122553 -0.504635 2.93643 
-0.514302 0.0510127 0.85609 37.8522 0.0307827 0.998684 -0.0410166 0.467874 -0.857056 0.00525782 -0.515196 2.5455 
-0.525499 0.0494685 0.849355 38.5597 0.0291993 0.998769 -0.040105 0.431865 -0.850293 0.00372545 -0.526296 2.13152 
-0.534297 0.0508098 0.843769 39.2277 0.031263 0.998697 -0.0403426 0.383668 -0.844719 0.00482386 -0.535189 1.72338 
-0.542183 0.0536634 0.838545 39.8909 0.0341735 0.998541 -0.0418067 0.345208 -0.839565 0.00598913 -0.543226 1.33996 
-0.546017 0.0564111 0.835873 40.569 0.0354646 0.998393 -0.0442126 0.292516 -0.837023 0.00550301 -0.54714 0.933006 
-0.545793 0.0585156 0.835875 41.2764 0.0348423 0.998281 -0.0471342 0.251222 -0.837196 0.00339831 -0.546893 0.483699 
-0.542447 0.0588788 0.838025 42.0097 0.0370563 0.998247 -0.0461496 0.205524 -0.839273 0.00602038 -0.543677 0.026541 
-0.536895 0.0577737 0.841669 42.7538 0.0349819 0.998319 -0.0462117 0.158335 -0.842924 0.00463239 -0.538013 -0.416313 
-0.530407 0.0564434 0.845862 43.5194 0.0322907 0.998402 -0.046374 0.115437 -0.847128 0.00271638 -0.531382 -0.863628 
-0.523258 0.0561186 0.850325 44.2979 0.0313307 0.998422 -0.0466128 0.0584811 -0.851598 0.00225081 -0.52419 -1.31634 
-0.517157 0.0546243 0.854146 45.0971 0.0278296 0.998507 -0.0470065 0.0103025 -0.855438 -0.000539247 -0.517905 -1.77115 
-0.513617 0.0519555 0.856445 45.9029 0.022553 0.998638 -0.0470562 -0.0342584 -0.857723 -0.00485345 -0.514089 -2.2125 
-0.512576 0.0491342 0.857235 46.7293 0.0179726 0.998757 -0.0464992 -0.0906089 -0.858454 -0.00842767 -0.512822 -2.67118 
-0.514216 0.0467033 0.856388 47.5438 0.0143655 0.998845 -0.0458464 -0.127808 -0.85754 -0.0112726 -0.514293 -3.07514 
-0.515489 0.0455764 0.855683 48.4131 0.0134736 0.998892 -0.0450873 -0.188051 -0.85679 -0.0117128 -0.515532 -3.56345 
-0.516898 0.0447932 0.854874 49.2619 0.0131014 0.998927 -0.0444194 -0.237845 -0.855946 -0.0117603 -0.516931 -4.01089 
-0.517658 0.0440787 0.854451 50.1171 0.0136996 0.998971 -0.0432342 -0.304269 -0.855478 -0.0106749 -0.517729 -4.48765 
-0.518572 0.0431694 0.853943 51.0077 0.013454 0.999013 -0.0423328 -0.359464 -0.854928 -0.0104637 -0.518641 -4.98071 
-0.5194 0.0425504 0.853471 51.8839 0.0122999 0.999028 -0.0423218 -0.416903 -0.854443 -0.0114843 -0.519418 -5.48063 
-0.51994 0.0411973 0.853209 52.8572 0.0105532 0.99907 -0.0418092 -0.471058 -0.854138 -0.0127342 -0.519891 -6.01528 
-0.520538 0.0403568 0.852884 53.7611 0.00954914 0.999095 -0.041447 -0.532408 -0.853785 -0.0134304 -0.520452 -6.52383 
-0.519652 0.0391365 0.853481 54.6174 0.00858563 0.999139 -0.0405882 -0.608416 -0.854335 -0.0137641 -0.519541 -7.03069 
-0.518664 0.0372954 0.854164 55.4741 0.00843239 0.999223 -0.0385087 -0.675298 -0.854937 -0.0127705 -0.518575 -7.51819 
-0.516779 0.0351857 0.855396 56.3386 0.00927255 0.999327 -0.0355042 -0.740716 -0.856069 -0.0104161 -0.516757 -8.01462 
-0.515492 0.0336776 0.856232 57.1955 0.008429 0.999378 -0.0342331 -0.792883 -0.856853 -0.0104297 -0.515455 -8.48182 
-0.513962 0.0329223 0.857181 58.0856 0.00894379 0.999415 -0.0330224 -0.868196 -0.857767 -0.0093058 -0.513955 -8.95562 
-0.511995 0.0331314 0.85835 58.9879 0.00910707 0.999409 -0.0331439 -0.925345 -0.85894 -0.00915245 -0.511994 -9.46802 
-0.512113 0.0335062 0.858264 59.9013 0.00855255 0.999388 -0.0339124 -0.979513 -0.858875 -0.0100266 -0.512087 -9.94958 
-0.513487 0.0348265 0.85739 60.7827 0.00763685 0.999322 -0.036018 -1.03008 -0.858063 -0.011947 -0.513405 -10.4453 
-0.516926 0.0361491 0.855266 61.6536 0.00574908 0.999232 -0.0387592 -1.09447 -0.856011 -0.0151187 -0.516737 -10.9376 
-0.521966 0.0366197 0.85218 62.5357 0.00457275 0.999184 -0.0401359 -1.14964 -0.852954 -0.0170528 -0.521707 -11.4342 
-0.527823 0.0353384 0.848619 63.4037 0.00547235 0.999255 -0.0382075 -1.20405 -0.849337 -0.0155229 -0.527623 -11.9423 
-0.533621 0.0329189 0.845083 64.2872 0.00642308 0.999371 -0.0348731 -1.26453 -0.845699 -0.013181 -0.533497 -12.4621 
-0.539418 0.0306703 0.841479 65.1648 0.00369318 0.999413 -0.0340592 -1.31545 -0.84203 -0.0152644 -0.539215 -12.9853 
-0.544697 0.0338628 0.837949 66.0242 0.00539205 0.999305 -0.0368784 -1.36934 -0.838616 -0.0155693 -0.544501 -13.5102 
-0.550111 0.0352847 0.834346 66.8611 0.00541875 0.999237 -0.0386852 -1.42428 -0.835074 -0.0167601 -0.549883 -14.0323 
-0.554777 0.0363111 0.831206 67.6799 0.00459106 0.999166 -0.0405841 -1.4846 -0.831986 -0.0186991 -0.554481 -14.553 
-0.558778 0.036171 0.828528 68.5097 0.00280695 0.999125 -0.0417256 -1.54001 -0.829313 -0.0209897 -0.558391 -15.0813 
-0.561751 0.0358115 0.826531 69.3228 0.00399767 0.999169 -0.0405744 -1.59347 -0.827297 -0.0194886 -0.561427 -15.6223 
-0.564271 0.0287839 0.825088 70.1418 0.00417949 0.999479 -0.0320094 -1.64554 -0.825579 -0.0146135 -0.564097 -16.1618 
-0.56642 0.020227 0.823869 70.9478 0.00398216 0.999754 -0.0218074 -1.6974 -0.824107 -0.0090714 -0.566361 -16.6922 
-0.568038 0.0188421 0.822787 71.748 0.00498546 0.999798 -0.0194538 -1.74328 -0.822987 -0.00694853 -0.568017 -17.2188 
-0.569185 0.0233486 0.821878 72.5375 0.00524491 0.99968 -0.0247674 -1.78472 -0.822193 -0.00978656 -0.569125 -17.7432 
-0.570219 0.029795 0.820952 73.323 0.0069742 0.999482 -0.0314302 -1.82379 -0.821463 -0.0121966 -0.570131 -18.27 
-0.570759 0.0336864 0.820426 74.1131 0.0121619 0.999395 -0.0325739 -1.86377 -0.821027 -0.0086139 -0.570824 -18.8076 
-0.570702 0.0351796 0.820404 74.9058 0.0152608 0.999364 -0.0322376 -1.90727 -0.821016 -0.00587803 -0.570875 -19.3537 
-0.570287 0.0317571 0.820831 75.6962 0.0136717 0.999481 -0.0291702 -1.95295 -0.821332 -0.00541327 -0.570425 -19.8879 
-0.569305 0.0270488 0.821681 76.4836 0.0124706 0.999628 -0.0242663 -1.99158 -0.822032 -0.00356807 -0.569431 -20.4205 
-0.568567 0.0205098 0.822381 77.2769 0.0086795 0.999783 -0.0189334 -2.02506 -0.822591 -0.00362704 -0.568622 -20.944 
-0.567962 0.0148195 0.822922 78.0686 0.000255105 0.999841 -0.0178294 -2.06193 -0.823055 -0.00991652 -0.567875 -21.4584 
-0.565823 0.009358 0.824473 78.8605 -0.00743778 0.999837 -0.0164528 -2.09401 -0.824493 -0.0154417 -0.565662 -21.9764 
-0.564009 0.0103614 0.825704 79.6421 -0.00444871 0.999869 -0.0155857 -2.12247 -0.825757 -0.0124638 -0.563889 -22.4907 
-0.561152 0.0133871 0.827604 80.4217 -0.000695951 0.999861 -0.0166453 -2.15958 -0.827712 -0.00991653 -0.561065 -23.0025 
-0.556191 0.016922 0.830883 81.2055 0.00157482 0.999812 -0.0193082 -2.18533 -0.831053 -0.00943058 -0.556113 -23.5045 
-0.548301 0.0193219 0.836058 81.9908 0.00696486 0.999804 -0.0185385 -2.22154 -0.836252 -0.00434162 -0.548328 -24.013 
-0.540582 0.0228926 0.84098 82.7845 0.0148879 0.999734 -0.0176441 -2.26041 -0.841159 0.00298231 -0.540779 -24.5069 
-0.531124 0.0217294 0.847015 83.5787 0.0115372 0.999764 -0.0184135 -2.28713 -0.847215 -7.69356e-06 -0.53125 -24.9834 
-0.520476 0.019666 0.85365 84.3815 0.0094717 0.999806 -0.0172581 -2.31455 -0.853824 -0.00089694 -0.520562 -25.4462 
-0.508999 0.0169374 0.8606 85.1943 0.00993773 0.999855 -0.0138004 -2.34328 -0.86071 0.00152799 -0.509094 -25.9082 
-0.497765 0.0162762 0.867159 86.0095 0.00978644 0.999866 -0.0131494 -2.3779 -0.867257 0.00194107 -0.497857 -26.3616 
-0.486213 0.0156493 0.8737 86.8282 0.0103536 0.999873 -0.0121475 -2.39957 -0.873779 0.00313966 -0.486313 -26.7922 
-0.47432 0.0168585 0.880191 87.6454 0.0121328 0.999847 -0.0126121 -2.43065 -0.880269 0.00469702 -0.474452 -27.2141 
-0.462943 0.0206546 0.886148 88.4659 0.0122003 0.999782 -0.0169294 -2.46784 -0.886304 0.0029739 -0.463094 -27.6165 
-0.451756 0.0297686 0.891645 89.2882 0.0146902 0.999556 -0.0259284 -2.49998 -0.892021 0.00138505 -0.451993 -28.017 
-0.439162 0.0341698 0.897758 90.1143 0.0136472 0.999415 -0.0313631 -2.53309 -0.898304 -0.00152162 -0.439371 -28.4031 
-0.428061 0.0307532 0.903227 90.9533 0.0117703 0.999526 -0.0284537 -2.57426 -0.903673 -0.00154872 -0.42822 -28.7765 
-0.416577 0.0269785 0.9087 91.7994 0.0103531 0.999636 -0.0249321 -2.61839 -0.909041 -0.000978251 -0.416705 -29.1464 
-0.406716 0.0278772 0.913129 92.6364 0.00814938 0.999605 -0.0268874 -2.6627 -0.913518 -0.00349412 -0.406783 -29.4978 
-0.400472 0.0316704 0.915762 93.4714 0.00297161 0.999442 -0.0332648 -2.71129 -0.916304 -0.0106004 -0.400343 -29.8295 
-0.39549 0.0365192 0.917744 94.3104 -0.00255741 0.999162 -0.040861 -2.75609 -0.918467 -0.0185071 -0.395065 -30.1603 
-0.3923 0.0378612 0.919058 95.1371 -0.00704976 0.998999 -0.0441636 -2.80711 -0.91981 -0.0238046 -0.391641 -30.4882 
-0.389086 0.0376131 0.920433 95.9789 -0.00799393 0.998991 -0.0442024 -2.86677 -0.921167 -0.0245564 -0.388393 -30.8131 
-0.384544 0.0373992 0.922349 96.8135 -0.0095674 0.998964 -0.0444945 -2.9249 -0.923057 -0.0259346 -0.383788 -31.1314 
-0.378976 0.0333345 0.924806 97.6511 -0.0128766 0.999064 -0.0412879 -2.97144 -0.925317 -0.0275555 -0.378192 -31.4523 
-0.375049 0.0294913 0.926536 98.4876 -0.0136695 0.999209 -0.0373377 -3.02173 -0.926904 -0.0266687 -0.374349 -31.7554 
-0.369399 0.0263224 0.928898 99.3346 -0.0156807 0.99928 -0.0345526 -3.07715 -0.929138 -0.0273295 -0.368721 -32.0702 
-0.364014 0.0244663 0.931072 100.176 -0.0242426 0.999067 -0.0357309 -3.12273 -0.931078 -0.0355782 -0.363081 -32.3672 
-0.358201 0.0242349 0.93333 101.016 -0.0316283 0.998774 -0.0380728 -3.17421 -0.933109 -0.0431574 -0.356996 -32.6557 
-0.351746 0.0283927 0.935665 101.858 -0.0298603 0.998691 -0.0415307 -3.22244 -0.935619 -0.0425475 -0.350438 -32.9505 
-0.344679 0.0318301 0.938181 102.709 -0.0282613 0.99862 -0.0442635 -3.27175 -0.938295 -0.0417709 -0.343303 -33.2478 
-0.339063 0.0295926 0.940298 103.566 -0.0297415 0.998668 -0.0421541 -3.32247 -0.940293 -0.0422588 -0.337732 -33.5248 
-0.332239 0.0246444 0.942873 104.428 -0.0305465 0.998853 -0.0368712 -3.37564 -0.9427 -0.0410516 -0.331105 -33.8072 
-0.325636 0.0223329 0.945231 105.304 -0.0316548 0.998903 -0.0345062 -3.42079 -0.944965 -0.0411576 -0.324572 -34.0787 
-0.319619 0.025252 0.94721 106.164 -0.0341528 0.998688 -0.0381486 -3.46759 -0.946931 -0.0445429 -0.318337 -34.3414 
-0.313601 0.0280566 0.94914 107.016 -0.033983 0.998591 -0.0407465 -3.50989 -0.948947 -0.0450328 -0.312206 -34.5974 
-0.307499 0.0283664 0.951126 107.872 -0.0370184 0.998442 -0.0417455 -3.55947 -0.950828 -0.0480458 -0.30597 -34.8432 
-0.300463 0.0277492 0.95339 108.722 -0.037065 0.998482 -0.0407427 -3.61219 -0.953073 -0.0475791 -0.298978 -35.0951 
-0.292539 0.0278299 0.955848 109.573 -0.0322476 0.998721 -0.0389475 -3.66258 -0.95571 -0.0422175 -0.291268 -35.3369 
-0.284521 0.0289119 0.958234 110.421 -0.0296882 0.9988 -0.0389509 -3.71513 -0.95821 -0.0395306 -0.283322 -35.5878 
-0.27805 0.0293056 0.960119 111.292 -0.0280799 0.998859 -0.03862 -3.76483 -0.960156 -0.0376984 -0.27691 -35.8193 
-0.271677 0.0279052 0.961984 112.164 -0.0352464 0.99862 -0.038922 -3.81223 -0.961743 -0.0444807 -0.270319 -36.0327 
-0.265683 0.0256829 0.963718 113.027 -0.0395561 0.998513 -0.0375151 -3.86646 -0.963249 -0.048088 -0.264272 -36.2455 
-0.261098 0.0255971 0.964973 113.89 -0.0365681 0.998669 -0.0363853 -3.91832 -0.964619 -0.0447873 -0.259814 -36.4637 
-0.256771 0.0258298 0.966127 114.754 -0.0349099 0.998743 -0.0359798 -3.96842 -0.965842 -0.042966 -0.255546 -36.6717 
-0.252377 0.0272358 0.967246 115.622 -0.0336328 0.998753 -0.0368986 -4.0141 -0.967044 -0.0418435 -0.251146 -36.8742 
-0.246263 0.0264908 0.968841 116.493 -0.027647 0.999028 -0.0343436 -4.05861 -0.968809 -0.0352431 -0.245291 -37.0887 
-0.240966 0.025416 0.970201 117.36 -0.0205729 0.999299 -0.0312878 -4.10193 -0.970316 -0.0274992 -0.240274 -37.2957 
-0.236055 0.024495 0.971431 118.23 -0.0187569 0.999381 -0.0297577 -4.14774 -0.971559 -0.0252455 -0.23545 -37.4927 
-0.231712 0.0262104 0.972431 119.103 -0.0207257 0.999277 -0.0318725 -4.18709 -0.972564 -0.0275396 -0.231002 -37.6829 
-0.228478 0.0281601 0.973142 119.969 -0.0224149 0.999164 -0.0341757 -4.22331 -0.973291 -0.0296213 -0.227656 -37.8626 
-0.226726 0.0272736 0.973577 120.846 -0.0245653 0.99913 -0.0337102 -4.2736 -0.973649 -0.0315592 -0.225858 -38.047 
-0.225427 0.0263863 0.973903 121.718 -0.0245813 0.999161 -0.0327604 -4.31696 -0.97395 -0.0313249 -0.224589 -38.2329 
-0.22444 0.0219803 0.97424 122.589 -0.0234605 0.999334 -0.0279511 -4.35776 -0.974205 -0.0291295 -0.223775 -38.4222 
-0.223539 0.0167675 0.974551 123.459 -0.024208 0.999448 -0.0227486 -4.39865 -0.974394 -0.0286771 -0.22301 -38.6022 
-0.223052 0.0152655 0.974687 124.324 -0.0236074 0.9995 -0.0210565 -4.43321 -0.974521 -0.0277066 -0.22258 -38.7826 
-0.221668 0.0199522 0.974918 125.175 -0.0232397 0.999399 -0.0257372 -4.47088 -0.974845 -0.0283619 -0.221071 -38.9608 
-0.221571 0.023527 0.97486 126.023 -0.023287 0.999296 -0.0294095 -4.50973 -0.974866 -0.0292179 -0.220867 -39.136 
-0.221563 0.0227479 0.974881 126.881 -0.0263049 0.999225 -0.0292943 -4.54785 -0.974791 -0.0321347 -0.220793 -39.3103 
-0.221035 0.0217032 0.975024 127.74 -0.0278996 0.999203 -0.0285661 -4.59323 -0.974867 -0.0335169 -0.220253 -39.4883 
-0.219964 0.0230847 0.975235 128.586 -0.0239212 0.999292 -0.0290496 -4.62568 -0.975215 -0.0297186 -0.219256 -39.6733 
-0.219116 0.0255643 0.975364 129.429 -0.0249526 0.999183 -0.0317941 -4.66916 -0.97538 -0.0313045 -0.218299 -39.8489 
-0.219445 0.0264732 0.975266 130.271 -0.0332374 0.998849 -0.034592 -4.71094 -0.975059 -0.0400064 -0.218312 -40.0085 
-0.219556 0.0273104 0.975218 131.101 -0.0408911 0.998472 -0.0371676 -4.75533 -0.974743 -0.0480381 -0.218104 -40.1607 
-0.21929 0.0309818 0.975168 131.912 -0.0385909 0.998438 -0.0403992 -4.80019 -0.974896 -0.0464917 -0.217752 -40.3255 
-0.218911 0.0322418 0.975212 132.735 -0.0368138 0.998469 -0.0412744 -4.84898 -0.97505 -0.0449366 -0.217389 -40.489 
-0.217239 0.0334875 0.975544 133.553 -0.0369979 0.998411 -0.0425113 -4.89643 -0.975417 -0.0453282 -0.215655 -40.6554 
-0.214582 0.0329668 0.976149 134.353 -0.0278553 0.998817 -0.0398556 -4.95169 -0.976309 -0.0357432 -0.21341 -40.8331 
-0.211361 0.0301615 0.976943 135.159 -0.0237475 0.99907 -0.0359824 -4.99504 -0.97712 -0.0308052 -0.210448 -41.0033 
-0.209889 0.0247815 0.977411 135.97 -0.0208866 0.999337 -0.0298225 -5.04808 -0.977502 -0.0266742 -0.209233 -41.1579 
-0.206644 0.0242665 0.978115 136.78 -0.0198121 0.999384 -0.0289798 -5.08797 -0.978216 -0.0253671 -0.206036 -41.3104 
-0.201696 0.0293011 0.97901 137.574 -0.0188187 0.999252 -0.0337839 -5.13839 -0.979267 -0.0252378 -0.200993 -41.4571 
-0.195519 0.0324512 0.980163 138.348 -0.0177068 0.999173 -0.0366126 -5.17723 -0.98054 -0.024514 -0.194783 -41.5979 
-0.187194 0.0329391 0.981771 139.145 -0.018592 0.99914 -0.0370667 -5.21767 -0.982147 -0.0251917 -0.186421 -41.7324 
-0.178506 0.0284385 0.983528 139.931 -0.0182453 0.999315 -0.0322063 -5.259 -0.98377 -0.0236938 -0.177865 -41.8483 
-0.166235 0.0274021 0.985705 140.733 -0.0134707 0.999457 -0.0300562 -5.29807 -0.985994 -0.0182746 -0.165776 -41.9761 
-0.152675 0.0295972 0.987833 141.526 -0.00956171 0.99946 -0.0314233 -5.33785 -0.98823 -0.0142429 -0.15231 -42.0862 
-0.137688 0.0313565 0.989979 142.313 -0.00967173 0.999409 -0.0330003 -5.36992 -0.990429 -0.0141185 -0.137303 -42.1933 
-0.124247 0.031331 0.991757 143.087 -0.00826373 0.999434 -0.0326088 -5.41086 -0.992217 -0.0122472 -0.123918 -42.2751 
-0.110067 0.0326988 0.993386 143.869 -0.00645522 0.999414 -0.0336124 -5.45678 -0.993903 -0.0101121 -0.109791 -42.3545 
-0.0969139 0.0397056 0.994501 144.666 -0.0111317 0.999098 -0.0409739 -5.49141 -0.995231 -0.0150414 -0.0963845 -42.4091 
-0.0838596 0.0489048 0.995277 145.432 -0.0183923 0.998549 -0.0506152 -5.5316 -0.996308 -0.02255 -0.0828384 -42.4482 
-0.0705492 0.0563784 0.995914 146.184 -0.0223843 0.998061 -0.0580856 -5.58618 -0.997257 -0.0263907 -0.0691504 -42.4712 
-0.0575164 0.0572655 0.996701 146.954 -0.024296 0.997978 -0.0587409 -5.62952 -0.998049 -0.0275945 -0.0560088 -42.4979 
-0.045569 0.0533956 0.997533 147.721 -0.0288532 0.998084 -0.0547431 -5.68753 -0.998544 -0.0312766 -0.0439411 -42.508 
-0.03516 0.0510479 0.998077 148.494 -0.0335796 0.99807 -0.0522305 -5.74231 -0.998817 -0.0353515 -0.033378 -42.507 
-0.0260146 0.057551 0.998004 149.254 -0.0366291 0.997616 -0.0584834 -5.79683 -0.99899 -0.0380774 -0.0238446 -42.5034 
-0.0193334 0.0654741 0.997667 150.004 -0.0401984 0.996996 -0.066209 -5.8502 -0.999005 -0.0413847 -0.0166434 -42.501 
-0.0164494 0.0683118 0.997528 150.754 -0.0437538 0.996659 -0.0689737 -5.90051 -0.998907 -0.0447802 -0.0134055 -42.4898 
-0.0164254 0.0639056 0.997821 151.515 -0.0452294 0.996886 -0.0645902 -5.95958 -0.998842 -0.0461918 -0.0134838 -42.4837 
-0.0183468 0.0594784 0.998061 152.271 -0.0464439 0.997101 -0.0602749 -6.0245 -0.998752 -0.0474597 -0.0155312 -42.4766 
-0.0216942 0.0566595 0.998158 153.017 -0.0456839 0.997294 -0.0576033 -6.07549 -0.99872 -0.0468494 -0.0190471 -42.474 
-0.0242764 0.0567539 0.998093 153.757 -0.0436437 0.997375 -0.0577746 -6.12757 -0.998752 -0.0449631 -0.0217357 -42.4804 
-0.0279519 0.0564898 0.998012 154.501 -0.0420905 0.99745 -0.0576369 -6.1874 -0.998723 -0.0436179 -0.025503 -42.4875 
-0.0326003 0.0550968 0.997949 155.24 -0.0433836 0.99746 -0.0564871 -6.24172 -0.998526 -0.0451361 -0.0301272 -42.4956 
-0.0381519 0.0549271 0.997761 155.974 -0.0437761 0.997438 -0.0565832 -6.29329 -0.998313 -0.0458368 -0.0356496 -42.507 
-0.0444925 0.05405 0.997547 156.731 -0.0448369 0.997421 -0.056043 -6.32827 -0.998003 -0.0472203 -0.0419543 -42.5117 
-0.0501005 0.0514373 0.997419 157.477 -0.0422324 0.997671 -0.0535716 -6.38435 -0.997851 -0.0448074 -0.0478115 -42.5446 
-0.0548774 0.0515336 0.997162 158.204 -0.0428847 0.997624 -0.0539175 -6.43488 -0.997572 -0.0457219 -0.052537 -42.5816 
-0.0606077 0.0528382 0.996762 158.933 -0.0448831 0.997444 -0.0556034 -6.48607 -0.997152 -0.0481077 -0.0580812 -42.6029 
-0.0643816 0.0550495 0.996406 159.658 -0.0458909 0.997258 -0.0580617 -6.5444 -0.99687 -0.049464 -0.0616788 -42.6371 
-0.0670825 0.0574951 0.99609 160.381 -0.0457467 0.997111 -0.0606349 -6.59632 -0.996698 -0.0496353 -0.0642585 -42.6722 
-0.0683583 0.0591654 0.995905 161.104 -0.0428659 0.997144 -0.0621813 -6.64513 -0.99674 -0.046941 -0.0656269 -42.7134 
-0.0675239 0.0578006 0.996042 161.811 -0.0394597 0.997385 -0.0605535 -6.69564 -0.996937 -0.0433923 -0.0650665 -42.7515 
-0.0635051 0.054092 0.996515 162.52 -0.0371974 0.997708 -0.0565272 -6.75169 -0.997288 -0.0406575 -0.0613475 -42.7854 
-0.0560504 0.0542644 0.996952 163.222 -0.0363407 0.997749 -0.0563508 -6.80702 -0.997766 -0.0393884 -0.0539522 -42.81 
-0.0453372 0.0550222 0.997455 163.908 -0.0335741 0.997834 -0.056569 -6.85715 -0.998407 -0.0360534 -0.0433917 -42.82 
-0.0305827 0.0548782 0.998025 164.599 -0.0304853 0.997976 -0.0558096 -6.90764 -0.999067 -0.0321319 -0.0288478 -42.8313 
-0.0158037 0.0526172 0.99849 165.284 -0.0316173 0.998089 -0.0530964 -6.9513 -0.999375 -0.0324087 -0.0141099 -42.8189 
7.75814e-06 0.0476545 0.998864 165.969 -0.0365196 0.998198 -0.0476223 -6.99849 -0.999333 -0.0364778 0.00174806 -42.7915 
0.0163054 0.0415543 0.999003 166.646 -0.0388763 0.998407 -0.0408949 -7.03835 -0.999111 -0.0381707 0.0178949 -42.7569 
0.0337813 0.0343968 0.998837 167.328 -0.0391718 0.998685 -0.0330668 -7.07418 -0.998661 -0.0380092 0.0350843 -42.7198 
0.0512571 0.026621 0.998331 168.004 -0.0394066 0.99892 -0.0246134 -7.10978 -0.997908 -0.0380792 0.0522508 -42.6632 
0.0690992 0.0206636 0.997396 168.668 -0.0399959 0.999039 -0.0179267 -7.13657 -0.996808 -0.038653 0.0698592 -42.6095 
0.086814 0.0182966 0.996057 169.324 -0.0396536 0.999102 -0.0148964 -7.16027 -0.995435 -0.038204 0.0874616 -42.5281 
0.104679 0.0168823 0.994363 169.972 -0.0382228 0.999185 -0.0129403 -7.1823 -0.993771 -0.0366528 0.105239 -42.4405 
0.122278 0.0164122 0.99236 170.612 -0.0395713 0.999149 -0.0116484 -7.20176 -0.991707 -0.0378447 0.122824 -42.3466 
0.138014 0.0155787 0.990308 171.259 -0.0450404 0.998941 -0.00943743 -7.21729 -0.989406 -0.0433014 0.13857 -42.2175 
0.152863 0.0120063 0.988174 171.887 -0.0470063 0.998883 -0.00486481 -7.23521 -0.987129 -0.0457068 0.153257 -42.1058 
0.165331 0.00808777 0.986205 172.517 -0.0430921 0.999071 -0.000969109 -7.24775 -0.985296 -0.0423375 0.165526 -41.9862 
0.176123 0.00702269 0.984343 173.131 -0.0409521 0.999161 0.000198979 -7.26035 -0.983516 -0.0403459 0.176263 -41.8618 
0.186008 0.0105694 0.982491 173.733 -0.0446277 0.999001 -0.00229791 -7.27308 -0.981534 -0.0434189 0.186294 -41.7229 
0.194832 0.0178749 0.980674 174.32 -0.0492151 0.998753 -0.00842677 -7.28685 -0.979601 -0.0466221 0.195469 -41.5757 
0.204036 0.0278883 0.978566 174.909 -0.0492993 0.998619 -0.0181806 -7.30294 -0.977721 -0.0445331 0.205129 -41.4349 
0.212301 0.0335226 0.976629 175.503 -0.043522 0.998744 -0.0248207 -7.31628 -0.976235 -0.0372354 0.213494 -41.2988 
0.218169 0.0320692 0.975384 176.067 -0.0433812 0.998791 -0.0231355 -7.32773 -0.974946 -0.0372659 0.219296 -41.1381 
0.224122 0.024559 0.974252 176.689 -0.0458983 0.998839 -0.0146201 -7.34188 -0.97348 -0.0414398 0.224989 -40.9756 
0.228678 0.0138679 0.973403 177.297 -0.0504669 0.998723 -0.00237259 -7.36501 -0.972193 -0.0485821 0.229086 -40.8132 
0.230879 0.00575706 0.972965 177.905 -0.0507638 0.998692 0.00613672 -7.37951 -0.971657 -0.0508083 0.230869 -40.6557 
0.231691 0.00502534 0.972777 178.512 -0.0473198 0.998861 0.00611034 -7.39311 -0.971638 -0.0474473 0.231665 -40.5023 
0.232993 0.00691599 0.972454 179.112 -0.0435447 0.999046 0.00332794 -7.40536 -0.971503 -0.0431205 0.233072 -40.3529 
0.234865 0.00623701 0.972008 179.729 -0.0397556 0.999204 0.0031946 -7.40796 -0.971215 -0.039393 0.234926 -40.2016 
0.236794 0.00405847 0.971552 180.352 -0.0416193 0.999116 0.0059702 -7.40866 -0.970668 -0.041849 0.236753 -40.04 
0.239584 0.000261382 0.970876 180.969 -0.0414868 0.999089 0.00996881 -7.41177 -0.969989 -0.0426669 0.239376 -39.871 
0.242727 -0.00500217 0.970082 181.595 -0.040529 0.999061 0.0152925 -7.41679 -0.969248 -0.0430284 0.242296 -39.7046 
0.247678 -0.00807655 0.968809 182.202 -0.0381357 0.999109 0.0180786 -7.42262 -0.968092 -0.0414238 0.247149 -39.5367 
0.254143 -0.0106924 0.967108 182.823 -0.035932 0.999144 0.0204891 -7.42275 -0.966499 -0.0399572 0.253541 -39.3623 
0.262085 -0.0140968 0.964942 183.444 -0.0341602 0.999131 0.0238744 -7.42093 -0.96444 -0.0392197 0.261376 -39.1832 
0.272205 -0.015873 0.962109 184.076 -0.0314848 0.999182 0.0253926 -7.41946 -0.961724 -0.0372038 0.271482 -39.0005 
0.28397 -0.0140375 0.95873 184.7 -0.0324955 0.999178 0.0242547 -7.41711 -0.958282 -0.038042 0.283281 -38.8075 
0.295505 -0.0102412 0.955286 185.318 -0.0334192 0.99922 0.0210501 -7.4123 -0.954756 -0.0381453 0.294933 -38.5918 
0.307555 -0.00737433 0.951502 185.947 -0.034153 0.99924 0.0187837 -7.40871 -0.950917 -0.0382736 0.307069 -38.3709 
0.319008 -0.00698594 0.947726 186.575 -0.032577 0.999301 0.0183317 -7.39824 -0.947192 -0.036722 0.318558 -38.1343 
0.330112 -0.00991735 0.94389 187.211 -0.0315718 0.999269 0.0215411 -7.38838 -0.943414 -0.0369113 0.329558 -37.8838 
0.341109 -0.0115754 0.939952 187.836 -0.032569 0.999178 0.0241241 -7.39019 -0.939459 -0.0388423 0.340452 -37.6333 
0.352479 -0.0124613 0.935737 188.469 -0.0341485 0.999074 0.026168 -7.38758 -0.935197 -0.0411776 0.351727 -37.3719 
0.361971 -0.0137161 0.932088 189.11 -0.0378968 0.998849 0.0294155 -7.37568 -0.931419 -0.0459707 0.361035 -37.0906 
0.369462 -0.0130008 0.929155 189.759 -0.0414593 0.998676 0.0304591 -7.37098 -0.928321 -0.0497756 0.368434 -36.8159 
0.374238 -0.0160924 0.927193 190.407 -0.0416895 0.998547 0.0341578 -7.36411 -0.926395 -0.0514373 0.373023 -36.5419 
0.376411 -0.0197631 0.926242 191.069 -0.0384217 0.998579 0.0369206 -7.34591 -0.925656 -0.0494851 0.375117 -36.2593 
0.376203 -0.0188059 0.926346 191.722 -0.0343354 0.998824 0.0342215 -7.32896 -0.925901 -0.0446807 0.375115 -35.9818 
0.375788 -0.0184516 0.926522 192.402 -0.0330124 0.998901 0.0332826 -7.31854 -0.926118 -0.0430939 0.374765 -35.7071 
0.37546 -0.0172143 0.926679 193.073 -0.0294017 0.999103 0.0304723 -7.30304 -0.926372 -0.0386871 0.374617 -35.4294 
0.374812 -0.0191854 0.926902 193.756 -0.0262853 0.999164 0.0313102 -7.28765 -0.926728 -0.0360993 0.373995 -35.1439 
0.374691 -0.0253573 0.926803 194.455 -0.0226835 0.999076 0.0365053 -7.27656 -0.926872 -0.0347013 0.373769 -34.8673 
0.373302 -0.0282248 0.92728 195.146 -0.0227006 0.99896 0.0395454 -7.26011 -0.927432 -0.0358122 0.372273 -34.5767 
0.371676 -0.0308151 0.927851 195.84 -0.0221907 0.998869 0.0420628 -7.24896 -0.928097 -0.0362234 0.370572 -34.2894 
0.37044 -0.0302437 0.928364 196.525 -0.0234881 0.998845 0.0419122 -7.22049 -0.928559 -0.0373315 0.369302 -34.0019 
0.368593 -0.0305204 0.92909 197.219 -0.0252564 0.998763 0.0428291 -7.20012 -0.929248 -0.0392519 0.367366 -33.7128 
0.366637 -0.0294904 0.929896 197.906 -0.0261651 0.998775 0.0419911 -7.18672 -0.929996 -0.0397264 0.365417 -33.4255 
0.365108 -0.0253114 0.930621 198.592 -0.0260728 0.99896 0.0373993 -7.17002 -0.9306 -0.0379187 0.364069 -33.1409 
0.36418 -0.0192739 0.931129 199.279 -0.0262652 0.999176 0.0309552 -7.15314 -0.930958 -0.0357296 0.363373 -32.8584 
0.363304 -0.0168773 0.931518 199.976 -0.0279996 0.999187 0.0290236 -7.13798 -0.93125 -0.0366265 0.362536 -32.5769 
0.361916 -0.019461 0.932008 200.663 -0.029886 0.999026 0.0324657 -7.12656 -0.931732 -0.0396038 0.360982 -32.2935 
0.360842 -0.0228222 0.932348 201.358 -0.0313093 0.998841 0.0365673 -7.11929 -0.932101 -0.0423861 0.35971 -32.0123 
0.358205 -0.022574 0.93337 202.06 -0.0335797 0.998749 0.0370423 -7.10114 -0.933039 -0.044611 0.356999 -31.7189 
0.353419 -0.0221646 0.935202 202.751 -0.0368101 0.998616 0.0375784 -7.09038 -0.93474 -0.0477058 0.352114 -31.4449 
0.346697 -0.023567 0.937681 203.468 -0.0361245 0.998607 0.038455 -7.06909 -0.937281 -0.0472055 0.345362 -31.1645 
0.337684 -0.0241705 0.940949 204.163 -0.0352504 0.998644 0.0383031 -7.05738 -0.940599 -0.0461032 0.336374 -30.9064 
0.327462 -0.0228983 0.944587 204.86 -0.0323474 0.998849 0.0354277 -7.04485 -0.94431 -0.0421561 0.326345 -30.6558 
0.317045 -0.0197279 0.948205 205.548 -0.0328502 0.998955 0.0317677 -7.03094 -0.947842 -0.0412205 0.316065 -30.4278 
0.305495 -0.0195715 0.951993 206.254 -0.0354983 0.99886 0.0319264 -7.01125 -0.951532 -0.0435474 0.304452 -30.1877 
0.29446 -0.0275933 0.955265 206.962 -0.0309168 0.998785 0.0383806 -6.99775 -0.955164 -0.0408353 0.293249 -29.9663 
0.285872 -0.0360875 0.957588 207.672 -0.0266375 0.998605 0.0455855 -6.98107 -0.957898 -0.0385393 0.284512 -29.7526 
0.278552 -0.0416648 0.959517 208.388 -0.0264472 0.998347 0.0510287 -6.96162 -0.960057 -0.0395906 0.27699 -29.5321 
0.274223 -0.042518 0.960726 209.094 -0.0327384 0.99803 0.0535136 -6.93553 -0.961109 -0.0461272 0.272291 -29.3092 
0.271954 -0.0442228 0.961294 209.816 -0.0320606 0.997973 0.0549803 -6.90663 -0.961776 -0.0457718 0.269984 -29.1007 
0.270585 -0.0450745 0.96164 210.537 -0.0310562 0.997975 0.0555162 -6.87895 -0.962195 -0.0448867 0.268637 -28.8914 
0.269819 -0.0429648 0.961952 211.255 -0.0312418 0.998088 0.0533419 -6.84901 -0.962404 -0.0444458 0.267961 -28.6785 
0.269173 -0.0412203 0.962209 211.976 -0.0343717 0.998036 0.0523704 -6.81995 -0.962478 -0.0471695 0.267227 -28.4576 
0.269648 -0.0415889 0.96206 212.704 -0.0357979 0.997943 0.0531736 -6.79021 -0.962293 -0.0487779 0.267605 -28.2383 
0.270999 -0.0426969 0.961632 213.42 -0.0368396 0.997824 0.0546857 -6.76178 -0.961874 -0.0502459 0.268837 -28.0178 
0.272312 -0.0445401 0.961178 214.154 -0.0356338 0.997776 0.0563316 -6.73669 -0.961549 -0.0495902 0.27012 -27.7961 
0.273927 -0.0455099 0.960673 214.884 -0.0320201 0.997895 0.0564034 -6.70681 -0.961217 -0.0462113 0.271893 -27.5792 
0.276684 -0.0465802 0.959831 215.627 -0.0310127 0.997871 0.0573662 -6.66724 -0.96046 -0.0456393 0.274651 -27.3452 
0.280775 -0.0478679 0.958579 216.364 -0.032909 0.997688 0.0594602 -6.63455 -0.959209 -0.0482408 0.278551 -27.113 
0.286221 -0.0518812 0.956758 217.106 -0.0345358 0.997326 0.0644126 -6.60011 -0.957541 -0.0514786 0.283664 -26.874 
0.291658 -0.055395 0.954917 217.851 -0.0353302 0.997017 0.0686281 -6.56195 -0.95587 -0.0537534 0.288831 -26.6347 
0.295537 -0.0554078 0.953723 218.591 -0.0368456 0.996913 0.0693346 -6.52737 -0.954621 -0.0556314 0.292583 -26.3873 
0.300389 -0.0509487 0.952455 219.352 -0.0418834 0.996905 0.0665358 -6.49324 -0.952897 -0.0598786 0.297325 -26.1369 
0.304996 -0.0447524 0.951302 220.091 -0.0470735 0.996966 0.0619928 -6.44485 -0.95119 -0.0636886 0.301964 -25.8745 
0.308948 -0.0410479 0.950193 220.823 -0.0521863 0.996831 0.0600306 -6.39846 -0.949646 -0.0681334 0.305827 -25.6007 
0.313391 -0.0415351 0.948716 221.57 -0.0542266 0.99663 0.0615456 -6.36958 -0.948075 -0.0707334 0.310082 -25.3381 
0.317189 -0.0389292 0.947563 222.317 -0.0558406 0.996657 0.0596383 -6.33234 -0.946717 -0.071829 0.313954 -25.0681 
0.321199 -0.0359783 0.946328 223.063 -0.0563814 0.996779 0.0570332 -6.2966 -0.945332 -0.0716744 0.318136 -24.802 
0.325831 -0.035479 0.944762 223.813 -0.056821 0.996754 0.0570281 -6.26178 -0.943719 -0.0722639 0.322758 -24.5285 
0.330017 -0.0367508 0.943259 224.559 -0.0566095 0.996673 0.0586379 -6.22784 -0.942276 -0.0727489 0.326838 -24.2446 
0.334085 -0.0372555 0.941806 225.299 -0.052681 0.996919 0.058123 -6.19825 -0.94107 -0.0690333 0.331093 -23.9649 
0.338427 -0.0371457 0.940259 226.041 -0.0491496 0.997159 0.057084 -6.16671 -0.939708 -0.0655321 0.33564 -23.6855 
0.342608 -0.0350137 0.938826 226.779 -0.0499408 0.997214 0.0554163 -6.13475 -0.93815 -0.0658718 0.339905 -23.4001 
0.346888 -0.0351589 0.937247 227.518 -0.0549425 0.996819 0.0577286 -6.10034 -0.936296 -0.0715201 0.343853 -23.0995 
0.351593 -0.0355195 0.935479 228.255 -0.0579158 0.996541 0.0596053 -6.06988 -0.93436 -0.0751358 0.34832 -22.8014 
0.355607 -0.0330109 0.934052 228.997 -0.0553145 0.996881 0.0562905 -6.04215 -0.932997 -0.0716839 0.352672 -22.5058 
0.359588 -0.0262382 0.932742 229.723 -0.0544224 0.997313 0.0490354 -6.01606 -0.931523 -0.0683946 0.357194 -22.2116 
0.362853 -0.0196439 0.931639 230.463 -0.0606099 0.997163 0.0446317 -5.98102 -0.929873 -0.0726613 0.360633 -21.9027 
0.366075 -0.0206817 0.930356 231.199 -0.066714 0.996597 0.0484048 -5.94772 -0.928191 -0.0797875 0.36345 -21.5888 
0.36851 -0.0310778 0.929104 231.93 -0.0661091 0.996035 0.0595374 -5.9204 -0.92727 -0.0833624 0.364994 -21.2774 
0.37041 -0.043204 0.927863 232.674 -0.0627018 0.995476 0.0713833 -5.87886 -0.92675 -0.0846198 0.366025 -20.9709 
0.372267 -0.0512946 0.926707 233.422 -0.0637996 0.994696 0.0806868 -5.83671 -0.92593 -0.0891606 0.367019 -20.6586 
0.374484 -0.0533225 0.925699 234.156 -0.0648445 0.994395 0.0835119 -5.7951 -0.924963 -0.0913003 0.368927 -20.3443 
0.37722 -0.0482907 0.924864 234.885 -0.0651562 0.994781 0.0785165 -5.74568 -0.923829 -0.0898786 0.372105 -20.0345 
0.381486 -0.0424616 0.923399 235.61 -0.0637095 0.995361 0.0720912 -5.69655 -0.922177 -0.086331 0.377011 -19.7245 
0.385808 -0.0379743 0.921797 236.321 -0.0636563 0.995676 0.0676605 -5.65245 -0.92038 -0.0847821 0.381723 -19.4046 
0.389778 -0.036161 0.920199 237.048 -0.0617778 0.995951 0.0653057 -5.61609 -0.918834 -0.0823026 0.385966 -19.0829 
0.394194 -0.0339093 0.918401 237.767 -0.0607251 0.996174 0.0628452 -5.56917 -0.917019 -0.0805432 0.390627 -18.7657 
0.397897 -0.0353671 0.916748 238.483 -0.0596944 0.996141 0.0643393 -5.533 -0.915486 -0.0803251 0.394251 -18.4348 
0.401245 -0.0405484 0.915073 239.217 -0.0575344 0.995931 0.0693594 -5.48904 -0.914162 -0.0804783 0.39728 -18.1017 
0.404099 -0.0464171 0.913537 239.936 -0.0558442 0.995597 0.0752891 -5.44723 -0.913009 -0.08144 0.399728 -17.768 
0.406472 -0.0517523 0.912196 240.665 -0.0546815 0.995227 0.0808289 -5.39643 -0.912025 -0.082735 0.401702 -17.4277 
0.40821 -0.0570041 0.911107 241.378 -0.0527462 0.994908 0.0858796 -5.343 -0.911363 -0.0831144 0.403125 -17.0832 
0.409746 -0.063874 0.909961 242.12 -0.0511196 0.99437 0.0928178 -5.28931 -0.910766 -0.0845485 0.404174 -16.7382 
0.411561 -0.0644178 0.909103 242.852 -0.0515192 0.99426 0.0937751 -5.23048 -0.909925 -0.0854304 0.405879 -16.393 
0.413264 -0.052804 0.909079 243.566 -0.0608584 0.994484 0.0854309 -5.18072 -0.908575 -0.0906306 0.407771 -16.0374 
0.414279 -0.0391151 0.909309 244.282 -0.0625997 0.995486 0.0713425 -5.13117 -0.907995 -0.0864781 0.40996 -15.6964 
0.415074 -0.0313955 0.909246 245.004 -0.0624105 0.996068 0.0628841 -5.07838 -0.907645 -0.082848 0.411482 -15.3531 
