1 -4.23778e-08 4.22719e-08 0 -4.23778e-08 1 -4.19404e-08 0 4.22719e-08 -4.19404e-08 1 0 
0.99999 -0.00322538 -0.00315461 -0.0256808 0.00321937 0.999993 -0.00188144 -0.0112393 0.00316074 0.00187118 0.999993 0.659759 
0.999977 -0.000810357 -0.00670187 -0.0521643 0.000785585 0.999993 -0.00368544 -0.0048244 0.00670489 0.00368001 0.999971 1.35691 
0.99994 -0.00115914 -0.0109173 -0.0697481 0.00110258 0.999986 -0.00517726 -0.0121037 0.0109232 0.00516483 0.999927 2.06676 
0.999877 0.000399706 -0.0156815 -0.106724 -0.000491917 0.999983 -0.00587143 -0.0155661 0.015679 0.00587834 0.99986 2.7856 
0.999794 -0.000630794 -0.0202766 -0.131249 0.000504606 0.99998 -0.00622369 -0.0233322 0.0202802 0.00621209 0.999775 3.52012 
0.999696 0.00151174 -0.0245971 -0.177467 -0.00168352 0.999974 -0.00696136 -0.0380175 0.024586 0.00700057 0.999673 4.25708 
0.999553 0.00416857 -0.0296175 -0.208029 -0.00439194 0.999962 -0.00747777 -0.0473116 0.0295853 0.00760442 0.999533 5.02704 
0.999439 0.00466032 -0.0331617 -0.264255 -0.00486566 0.999969 -0.00611154 -0.0507905 0.0331323 0.00626938 0.999431 5.78828 
0.999317 0.00403897 -0.0367239 -0.325658 -0.00420288 0.999981 -0.004385 -0.0380522 0.0367056 0.00453627 0.999316 6.5671 
0.999158 0.00411434 -0.0408297 -0.356027 -0.00413925 0.999991 -0.000523632 -0.0668922 0.0408273 0.00069211 0.999166 7.38113 
0.99906 0.00551743 -0.0430025 -0.421127 -0.00560229 0.999983 -0.00185105 -0.0620703 0.0429916 0.00209013 0.999073 8.20744 
0.998965 0.00469766 -0.0452445 -0.479472 -0.00480055 0.999986 -0.0021639 -0.0601477 0.0452337 0.00237878 0.998974 9.02859 
0.998912 0.00149471 -0.0466072 -0.533428 -0.0016187 0.999995 -0.00262091 -0.0633468 0.0466031 0.00269341 0.99891 9.85559 
0.998824 0.000615799 -0.0484809 -0.583262 -0.000731074 0.999997 -0.00235833 -0.0618208 0.0484794 0.00239091 0.998821 10.707 
0.998803 0.000381478 -0.0489086 -0.658975 -0.000502126 0.999997 -0.00245285 -0.0761158 0.0489076 0.00247439 0.9988 11.5424 
0.998732 0.00376825 -0.0501995 -0.721204 -0.00401092 0.999981 -0.00473257 -0.0834266 0.0501808 0.00492783 0.998728 12.4143 
0.998659 0.00409874 -0.0516068 -0.776466 -0.00449205 0.999962 -0.00750606 -0.0960255 0.0515742 0.00772773 0.998639 13.2892 
0.998552 0.00832946 -0.0531513 -0.846825 -0.00884401 0.999916 -0.00945134 -0.100764 0.0530682 0.00990763 0.998542 14.1691 
0.998479 0.00816443 -0.0545211 -0.913305 -0.00867973 0.99992 -0.00921981 -0.1124 0.0544415 0.00967893 0.99847 15.0562 
0.9984 0.00792947 -0.0559777 -0.972717 -0.0083868 0.999933 -0.00793806 -0.132103 0.0559111 0.00839475 0.9984 15.9556 
0.998294 0.00736536 -0.057919 -1.02719 -0.00776908 0.999947 -0.00674691 -0.138705 0.0578663 0.00718529 0.998298 16.8517 
0.998288 0.00726893 -0.058032 -1.11194 -0.00767776 0.999947 -0.00682356 -0.155304 0.0579794 0.00725735 0.998291 17.7369 
0.99823 0.008015 -0.0589217 -1.19094 -0.00846542 0.999937 -0.00739735 -0.176908 0.0588588 0.00788297 0.998235 18.6522 
0.998299 0.00630336 -0.0579584 -1.29599 -0.00677976 0.999945 -0.00802522 -0.189438 0.0579047 0.00840443 0.998287 19.5624 
0.998224 0.00674506 -0.05919 -1.34853 -0.00714734 0.999953 -0.006586 -0.20401 0.0591429 0.00699726 0.998225 20.4895 
0.99819 0.0080193 -0.0595941 -1.40872 -0.00823574 0.99996 -0.00338579 -0.213681 0.0595646 0.00387038 0.998217 21.4211 
0.998235 0.00827402 -0.0588012 -1.48034 -0.00824012 0.999966 0.000820367 -0.234804 0.0588061 -0.000334476 0.998269 22.3356 
0.99828 0.00769301 -0.0581204 -1.5385 -0.00752527 0.999967 0.00310573 -0.235636 0.0581424 -0.0026631 0.998305 23.2882 
0.99837 0.00768537 -0.0565601 -1.60331 -0.00744053 0.999962 0.00453957 -0.256166 0.056593 -0.00411142 0.998389 24.2354 
0.998462 0.00840735 -0.0547961 -1.68377 -0.00831163 0.999963 0.00197602 -0.264603 0.0548108 -0.00151763 0.998496 25.1755 
0.998477 0.00982268 -0.0542803 -1.74996 -0.0100546 0.999941 -0.00400027 -0.2555 0.0542379 0.00453986 0.998518 26.1111 
0.99854 0.00855829 -0.0533389 -1.81949 -0.00889614 0.999942 -0.0060982 -0.278751 0.0532837 0.00656372 0.998558 27.0635 
0.99854 0.00526391 -0.0537548 -1.86271 -0.00555033 0.999971 -0.00517887 -0.289916 0.0537261 0.00546958 0.998541 28.0145 
0.99851 0.00361358 -0.0544394 -1.92207 -0.00366784 0.999993 -0.000895237 -0.300523 0.0544358 0.00109349 0.998517 28.992 
0.998477 0.000881273 -0.0551588 -1.98648 -0.000730921 0.999996 0.00274741 -0.30955 0.0551611 -0.00270299 0.998474 29.9811 
0.99838 -0.00630972 -0.0565532 -2.0443 0.00642294 0.999978 0.00182199 -0.322328 0.0565406 -0.00218236 0.998398 30.9625 
0.998317 -0.00820187 -0.0574093 -2.12413 0.00812215 0.999966 -0.00162031 -0.336829 0.0574207 0.00115121 0.998349 31.9435 
0.998205 -0.00659102 -0.0595192 -2.18813 0.00620258 0.999958 -0.00670728 -0.338951 0.059561 0.00632598 0.998205 32.9062 
0.99807 -0.00559162 -0.0618531 -2.25736 0.00515277 0.99996 -0.00725094 -0.355692 0.0618913 0.00691814 0.998059 33.9237 
0.998072 -0.00569803 -0.0617963 -2.35305 0.00533137 0.999967 -0.00609533 -0.366839 0.0618291 0.00575403 0.99807 34.8876 
0.998035 -0.00170969 -0.0626395 -2.4424 0.00145133 0.99999 -0.00416852 -0.383093 0.0626461 0.00406933 0.998027 35.8726 
0.997925 -0.00168414 -0.0643695 -2.51632 0.00147847 0.999994 -0.00324146 -0.387998 0.0643746 0.00313947 0.997921 36.8756 
0.997879 -4.15522e-05 -0.0650903 -2.60616 2.18924e-05 1 -0.000301493 -0.407734 0.0650904 0.000299342 0.997879 37.8542 
0.997938 0.00195963 -0.0641499 -2.70065 -0.00181881 0.999996 0.00225487 -0.412721 0.0641542 -0.00213363 0.997938 38.8609 
0.997904 0.00818975 -0.0641933 -2.80185 -0.00795195 0.99996 0.00396034 -0.419368 0.0642233 -0.00344167 0.99793 39.8425 
0.997934 0.00937054 -0.0635519 -2.89392 -0.0092028 0.999953 0.00293295 -0.424111 0.0635765 -0.00234212 0.997974 40.8348 
0.997963 0.00927393 -0.0631139 -2.97713 -0.00917271 0.999956 0.00189461 -0.446864 0.0631288 -0.00131191 0.998004 41.8293 
0.997951 0.010699 -0.0630764 -3.06402 -0.0107592 0.999942 -0.000613575 -0.453626 0.0630662 0.00129089 0.998008 42.8465 
0.99794 0.0107899 -0.0632383 -3.15067 -0.0108512 0.999941 -0.000624259 -0.478802 0.0632279 0.0013091 0.997998 43.8492 
0.997958 0.00905997 -0.0632271 -3.25462 -0.0090461 0.999959 0.000506794 -0.493931 0.0632292 6.61144e-05 0.997999 44.8274 
0.997967 0.00940209 -0.063041 -3.35176 -0.00935891 0.999956 0.000981456 -0.495997 0.0630475 -0.000389551 0.99801 45.7781 
0.997986 0.0120697 -0.0622792 -3.44533 -0.0122609 0.999921 -0.00268823 -0.515298 0.0622419 0.00344633 0.998055 46.7403 
0.997946 0.0134698 -0.0626343 -3.53628 -0.0138999 0.999883 -0.00643534 -0.53504 0.0625404 0.00729264 0.998016 47.6918 
0.997911 0.0136964 -0.0631308 -3.61731 -0.0142575 0.999863 -0.00844536 -0.543552 0.0630066 0.00932773 0.997969 48.6611 
0.997947 0.0120806 -0.0628947 -3.70176 -0.0124638 0.999906 -0.00570355 -0.552138 0.0628199 0.00647566 0.998004 49.6055 
0.998032 0.0102081 -0.0618611 -3.79132 -0.0103424 0.999945 -0.00185024 -0.582828 0.0618388 0.00248631 0.998083 50.5531 
0.997999 0.00883451 -0.0626071 -3.85922 -0.00896337 0.999958 -0.00177626 -0.594834 0.0625889 0.00233379 0.998037 51.5149 
0.998031 0.0062774 -0.0624129 -3.93236 -0.00649351 0.999974 -0.00325909 -0.61369 0.0623909 0.00365787 0.998045 52.4752 
0.998023 0.00392187 -0.0627335 -4.00349 -0.00427773 0.999975 -0.00553793 -0.617771 0.0627103 0.00579525 0.998015 53.4219 
0.997925 0.00316805 -0.0643119 -4.07241 -0.00347307 0.999983 -0.00463024 -0.634596 0.0642962 0.00484391 0.997919 54.3723 
0.997857 -0.000330733 -0.0654239 -4.14504 0.000287834 1 -0.000663892 -0.650677 0.0654242 0.000643552 0.997857 55.323 
0.997855 -0.00111791 -0.0654529 -4.23745 0.00139891 0.99999 0.0042487 -0.665959 0.0654475 -0.00433124 0.997847 56.2564 
0.997812 0.000622972 -0.0661136 -4.31932 -0.000221893 0.999981 0.00607492 -0.673193 0.0661162 -0.00604705 0.997794 57.199 
0.997742 0.0019728 -0.067131 -4.40281 -0.00185121 0.999996 0.00187474 -0.689653 0.0671346 -0.00174632 0.997742 58.1091 
0.997655 0.00384742 -0.068338 -4.48543 -0.00423863 0.999975 -0.00557944 -0.711273 0.0683149 0.00585593 0.997647 59.0204 
0.997558 0.00568806 -0.0696026 -4.56491 -0.00637707 0.999933 -0.00967983 -0.741083 0.0695429 0.0101 0.997528 59.946 
0.997462 0.00960103 -0.0705541 -4.64996 -0.0102314 0.999911 -0.00857688 -0.766366 0.0704655 0.00927689 0.997471 60.8493 
0.997246 0.0122295 -0.0731465 -4.72194 -0.0127757 0.999894 -0.00700298 -0.775419 0.0730532 0.00791811 0.997297 61.7559 
0.997151 0.0148472 -0.0739586 -4.80831 -0.015278 0.999869 -0.00526115 -0.80225 0.0738709 0.00637602 0.997247 62.6391 
0.997106 0.0155133 -0.0744208 -4.89213 -0.016018 0.999852 -0.00618841 -0.813014 0.0743139 0.00736249 0.997208 63.4964 
0.996952 0.0173614 -0.0760609 -4.97059 -0.0178257 0.999826 -0.00542797 -0.834112 0.0759535 0.00676718 0.997088 64.367 
0.996828 0.0188162 -0.0773314 -5.05512 -0.0193259 0.999796 -0.00584739 -0.844038 0.0772057 0.00732325 0.996988 65.2094 
0.996714 0.0176523 -0.0790518 -5.12935 -0.0181063 0.999823 -0.00502931 -0.868609 0.0789492 0.00644404 0.996858 66.043 
0.996604 0.0187324 -0.0801851 -5.20737 -0.0191855 0.999804 -0.00488191 -0.883098 0.0800781 0.00640364 0.996768 66.8383 
0.996533 0.019767 -0.0808157 -5.31076 -0.0199908 0.999798 -0.00195963 -0.906329 0.0807608 0.00356832 0.996727 67.5621 
0.996428 0.0219337 -0.081551 -5.39988 -0.0219357 0.999759 0.000872428 -0.905359 0.0815506 0.000919483 0.996669 68.3454 
0.996228 0.0248964 -0.0831222 -5.48394 -0.02468 0.999689 0.0036316 -0.925634 0.0831869 -0.00156654 0.996533 69.1281 
0.996055 0.0273682 -0.0844089 -5.56824 -0.0274832 0.999622 -0.000199331 -0.943739 0.0843717 0.00251828 0.996431 69.8829 
0.995862 0.0275862 -0.0865891 -5.62516 -0.0283464 0.999569 -0.00756085 -0.957389 0.0863434 0.00998397 0.996215 70.6215 
0.995776 0.0261785 -0.0880058 -5.71236 -0.0275117 0.999524 -0.01397 -0.967656 0.0875983 0.0163321 0.996022 71.3401 
0.995701 0.0267636 -0.0886687 -5.78401 -0.0282174 0.999486 -0.0151817 -0.975218 0.088217 0.0176184 0.995945 72.0352 
0.995492 0.0308887 -0.0896707 -5.85111 -0.0321074 0.99941 -0.0121786 -0.984461 0.0892417 0.0150027 0.995897 72.7126 
0.995316 0.0305345 -0.0917229 -5.91175 -0.0316604 0.99944 -0.0108441 -0.992514 0.0913405 0.0136973 0.995725 73.3586 
0.995346 0.0275744 -0.0923379 -5.99028 -0.0288673 0.999503 -0.0126945 -1.04098 0.091942 0.0153008 0.995647 73.9806 
0.995469 0.0194646 -0.0930758 -6.03053 -0.0211839 0.999622 -0.017518 -1.06634 0.0926998 0.0194103 0.995505 74.5936 
0.995647 0.0152906 -0.0919448 -6.09436 -0.0173852 0.999606 -0.0220227 -1.09616 0.0915719 0.0235252 0.99552 75.1708 
0.99588 0.0174053 -0.088999 -6.15629 -0.019407 0.999577 -0.0216742 -1.12536 0.0885841 0.023312 0.995796 75.7636 
0.996154 0.0226651 -0.0846367 -6.22693 -0.0242867 0.99954 -0.0181779 -1.15353 0.0841858 0.0201634 0.996246 76.3428 
0.996519 0.0218536 -0.0804468 -6.26495 -0.0232483 0.999594 -0.0164399 -1.15086 0.080055 0.0182529 0.996623 76.9207 
0.997058 0.0173928 -0.0746531 -6.30876 -0.0183718 0.999754 -0.0124461 -1.17285 0.0744184 0.0137809 0.997132 77.4556 
0.997646 0.0129867 -0.0673286 -6.32233 -0.0136163 0.999868 -0.00889852 -1.19583 0.0672042 0.00979426 0.997691 77.9806 
0.998241 0.0163892 -0.0569678 -6.35055 -0.0169132 0.999819 -0.00872603 -1.2143 0.0568145 0.00967411 0.998338 78.4899 
0.998864 0.0217239 -0.0424071 -6.36787 -0.0221558 0.999707 -0.00973841 -1.22518 0.0421832 0.0106668 0.999053 78.9923 
0.999352 0.0268022 -0.0240174 -6.39608 -0.0270563 0.999581 -0.0103171 -1.22405 0.0237309 0.0109601 0.999658 79.4802 
0.999675 0.0254542 -0.00127319 -6.40683 -0.0254649 0.999633 -0.00918853 -1.24784 0.00103892 0.00921788 0.999957 79.9517 
0.999445 0.0218866 0.0251241 -6.38406 -0.0216498 0.999719 -0.00966122 -1.24347 -0.0253284 0.00911185 0.999638 80.4183 
0.998318 0.0205664 0.0542068 -6.33607 -0.0201791 0.999767 -0.007683 -1.27113 -0.0543521 0.00657615 0.9985 80.8594 
0.995832 0.0211819 0.0887122 -6.30382 -0.0205954 0.99976 -0.00752233 -1.2686 -0.0888501 0.00566383 0.996029 81.3017 
0.991823 0.0215299 0.125791 -6.21481 -0.0207299 0.999756 -0.00766601 -1.27755 -0.125926 0.0049956 0.992027 81.7474 
0.985715 0.0205348 0.167162 -6.12027 -0.0195071 0.999779 -0.00778789 -1.29893 -0.167285 0.00441571 0.985899 82.1523 
0.976838 0.0210115 0.212945 -6.01614 -0.0195804 0.999769 -0.00882825 -1.30407 -0.213081 0.00445416 0.977024 82.5629 
0.964987 0.0238347 0.261213 -5.88027 -0.0217968 0.999705 -0.0106969 -1.32458 -0.261391 0.00462869 0.965222 82.948 
0.949016 0.0246348 0.314263 -5.72772 -0.021119 0.99967 -0.0145882 -1.33572 -0.314519 0.00720747 0.949224 83.3255 
0.929097 0.025249 0.368974 -5.54252 -0.020113 0.99964 -0.0177604 -1.34617 -0.369289 0.00907993 0.92927 83.6772 
0.904389 0.0250758 0.425972 -5.35142 -0.0184899 0.999637 -0.0195899 -1.36323 -0.426308 0.00984068 0.904524 84.0138 
0.874237 0.0263923 0.484781 -5.15414 -0.017532 0.999586 -0.0228027 -1.36857 -0.485182 0.0114357 0.874338 84.336 
0.840026 0.0250691 0.541966 -4.92414 -0.0134919 0.999588 -0.0253251 -1.38319 -0.542378 0.0139616 0.840019 84.6279 
0.801729 0.0257385 0.597133 -4.68638 -0.0113996 0.999549 -0.0277787 -1.38731 -0.597579 0.0154638 0.801661 84.9172 
0.761312 0.0240234 0.64794 -4.41246 -0.0087934 0.999604 -0.0267301 -1.40677 -0.648326 0.0146523 0.761222 85.1648 
0.717294 0.0238455 0.696362 -4.13828 -0.0096014 0.999658 -0.0243414 -1.42607 -0.696704 0.0107738 0.717277 85.4013 
0.670727 0.0228786 0.741351 -3.84236 -0.00783645 0.999687 -0.0237612 -1.44348 -0.741663 0.0101277 0.670696 85.6337 
0.623545 0.0219262 0.78148 -3.52989 -0.00270581 0.999661 -0.025889 -1.45286 -0.781782 0.0140284 0.623393 85.8332 
0.57604 0.019311 0.817193 -3.20886 0.00472466 0.999625 -0.0269526 -1.46649 -0.817407 0.0193867 0.575733 86.0031 
0.528909 0.0211612 0.848414 -2.87611 0.00453266 0.999604 -0.027758 -1.48159 -0.848666 0.018527 0.528604 86.1688 
0.480005 0.0241621 0.876933 -2.55266 0.00272047 0.999575 -0.0290304 -1.49123 -0.877261 0.0163204 0.479735 86.3272 
0.434101 0.0257701 0.900495 -2.2106 0.00383692 0.999529 -0.0304539 -1.51152 -0.900856 0.0166752 0.433798 86.4581 
0.390876 0.0231684 0.920152 -1.87029 0.0116829 0.999478 -0.0301287 -1.52744 -0.920369 0.0225266 0.390402 86.5664 
0.351062 0.0159484 0.936216 -1.50837 0.0281754 0.999222 -0.027587 -1.53135 -0.935928 0.036063 0.350339 86.6515 
0.315677 0.0122542 0.948787 -1.15628 0.0336217 0.999144 -0.0240912 -1.5412 -0.948271 0.0395049 0.314995 86.7338 
0.282086 0.0165135 0.959247 -0.809385 0.0312635 0.999163 -0.0263944 -1.55372 -0.95888 0.0374349 0.281333 86.8206 
0.250311 0.0236977 0.967875 -0.450984 0.0229512 0.999274 -0.0304022 -1.57294 -0.967893 0.0298239 0.249586 86.9185 
0.22191 0.0273975 0.974682 -0.084717 0.0165299 0.999356 -0.0318546 -1.60619 -0.974927 0.0231802 0.221314 86.9918 
0.195873 0.0296688 0.98018 0.315141 0.0211858 0.999181 -0.0344777 -1.61501 -0.9804 0.0275191 0.195084 87.0638 
0.172192 0.0314417 0.984561 0.712187 0.0292099 0.998888 -0.0370079 -1.63108 -0.98463 0.0351313 0.171082 87.1122 
0.152154 0.036548 0.987681 1.11524 0.0361084 0.998443 -0.0425089 -1.64753 -0.987697 0.0421314 0.150597 87.1463 
0.132466 0.0434661 0.990234 1.5264 0.0389498 0.998038 -0.0490191 -1.65092 -0.990422 0.0450627 0.130513 87.1842 
0.115233 0.0443531 0.992348 1.96764 0.0379539 0.998077 -0.0490165 -1.66378 -0.992613 0.0433117 0.113328 87.2322 
0.0989976 0.0404242 0.994266 2.41767 0.0359724 0.998376 -0.0441731 -1.68028 -0.994437 0.0401391 0.0973827 87.2881 
0.0838284 0.03826 0.995745 2.87653 0.0374596 0.998435 -0.0415171 -1.69619 -0.995776 0.0407806 0.082264 87.3321 
0.0714213 0.0354797 0.996815 3.35789 0.0421374 0.998368 -0.0385542 -1.72365 -0.996556 0.0447568 0.0698097 87.3457 
0.0598224 0.0355619 0.997575 3.85356 0.044212 0.99829 -0.0382388 -1.73827 -0.997229 0.0463923 0.0581479 87.3717 
0.0492542 0.0369335 0.998103 4.37278 0.0487956 0.998034 -0.0393389 -1.75516 -0.997594 0.0506406 0.0473552 87.396 
0.0423112 0.0374639 0.998402 4.89366 0.0505017 0.997939 -0.0395869 -1.78397 -0.997827 0.0520959 0.040332 87.4122 
0.0362912 0.0373791 0.998642 5.44145 0.0524596 0.997851 -0.0392559 -1.81083 -0.997963 0.053813 0.0342524 87.4422 
0.0312306 0.0387094 0.998762 5.99535 0.0541891 0.997714 -0.0403633 -1.83321 -0.998042 0.0553826 0.0290616 87.454 
0.0256618 0.0391736 0.998903 6.58661 0.0540835 0.997714 -0.0405165 -1.85897 -0.998207 0.0550639 0.0234845 87.4658 
0.0216262 0.0389463 0.999007 7.19384 0.057757 0.997523 -0.0401388 -1.89 -0.998096 0.0585677 0.0193233 87.4781 
0.0181797 0.0391338 0.999069 7.81103 0.0588 0.997462 -0.0401409 -1.91535 -0.998104 0.0594749 0.0158325 87.5018 
0.0151266 0.0385008 0.999144 8.4555 0.0594288 0.997457 -0.0393356 -1.94754 -0.998118 0.059973 0.0128001 87.5147 
0.0131554 0.0377864 0.999199 9.10657 0.0607157 0.997412 -0.0385182 -1.97877 -0.998068 0.0611738 0.0108271 87.5192 
0.0123965 0.0366075 0.999253 9.79696 0.0659801 0.997122 -0.037348 -2.01899 -0.997744 0.0663938 0.00994546 87.5374 
0.0134365 0.0373931 0.99921 10.4984 0.0695 0.996849 -0.0382394 -2.03427 -0.997491 0.069959 0.0107953 87.5603 
0.0150881 0.0364389 0.999222 11.1818 0.0711706 0.996762 -0.0374239 -2.08715 -0.99735 0.0716799 0.0124458 87.5924 
0.0188632 0.0369832 0.999138 11.9074 0.0741622 0.996511 -0.0382861 -2.10832 -0.997068 0.0748204 0.0160547 87.6194 
0.023142 0.0361837 0.999077 12.6632 0.0744903 0.996504 -0.037816 -2.15827 -0.996953 0.0752967 0.0203658 87.6552 
0.0276083 0.034772 0.999014 13.4057 0.0755892 0.996461 -0.0367722 -2.18926 -0.996757 0.0765299 0.0248822 87.6687 
0.0305744 0.0334898 0.998971 14.1485 0.0752004 0.996529 -0.0357096 -2.22215 -0.9967 0.0762148 0.0279499 87.7311 
0.0349524 0.0309915 0.998908 14.9233 0.0724841 0.996808 -0.0334627 -2.26346 -0.996757 0.0735746 0.0325944 87.77 
0.0377919 0.0305445 0.998819 15.7207 0.0716063 0.99688 -0.0331946 -2.29149 -0.996717 0.0727762 0.0354868 87.8431 
0.0415693 0.0323958 0.99861 16.5433 0.0689945 0.996995 -0.0352156 -2.3123 -0.996751 0.0703625 0.0392092 87.9041 
0.0449748 0.0361202 0.998335 17.3355 0.0668151 0.997 -0.039082 -2.3597 -0.996751 0.0684615 0.0424265 87.9445 
0.0459077 0.0408225 0.998111 18.1482 0.061789 0.997135 -0.0436246 -2.405 -0.997033 0.063675 0.0432538 88.0193 
0.0453482 0.0439837 0.998002 18.9597 0.0582202 0.997216 -0.0465946 -2.44846 -0.997273 0.0602168 0.0426612 88.0805 
0.0453491 0.0440412 0.998 19.7757 0.0550783 0.997398 -0.0465175 -2.48753 -0.997452 0.0570776 0.0428054 88.1328 
0.0457001 0.0422866 0.99806 20.584 0.0530332 0.997592 -0.0446952 -2.53785 -0.997546 0.0549728 0.0433475 88.1798 
0.0450844 0.0414953 0.998121 21.4099 0.054161 0.997566 -0.0439188 -2.58407 -0.997514 0.0560393 0.0427272 88.2352 
0.0461922 0.0416045 0.998066 22.234 0.0517839 0.997689 -0.0439856 -2.62095 -0.997589 0.0537155 0.043931 88.2684 
0.0477387 0.042511 0.997955 23.0446 0.0503724 0.99772 -0.0449107 -2.65951 -0.997589 0.0524134 0.0454885 88.3095 
0.0472272 0.0431534 0.997952 23.8624 0.0475605 0.997836 -0.0453993 -2.70676 -0.997751 0.0496071 0.0450726 88.3679 
0.0452402 0.0436869 0.99802 24.6629 0.0447845 0.99795 -0.0457139 -2.76593 -0.997972 0.0467639 0.043191 88.435 
0.0424821 0.0442702 0.998116 25.495 0.0414092 0.998081 -0.0460312 -2.80207 -0.998239 0.0432867 0.0405674 88.4848 
0.0381086 0.0426347 0.998364 26.3137 0.0392723 0.998254 -0.0441292 -2.85198 -0.998502 0.0408897 0.0363677 88.5357 
0.0341895 0.0403408 0.998601 27.1117 0.0405197 0.998307 -0.0417163 -2.90594 -0.998594 0.0418893 0.032497 88.5744 
0.0290041 0.0388203 0.998825 27.9295 0.0396678 0.998414 -0.0399562 -2.94583 -0.998792 0.0407801 0.0274181 88.5976 
0.0209585 0.0392902 0.999008 28.733 0.0392884 0.998423 -0.0400915 -2.988 -0.999008 0.0400897 0.0193819 88.6274 
0.0122297 0.0405452 0.999103 29.5324 0.0391115 0.998393 -0.0409953 -3.03014 -0.99916 0.0395778 0.0106243 88.6452 
0.00299136 0.0405963 0.999171 30.3259 0.040318 0.998358 -0.0406841 -3.08115 -0.999182 0.0404062 0.00134969 88.6486 
-0.00728293 0.0393132 0.9992 31.1188 0.0404906 0.998419 -0.0389874 -3.12801 -0.999153 0.0401743 -0.00886323 88.6451 
-0.0183813 0.0387049 0.999082 31.9378 0.0393421 0.998504 -0.0379588 -3.17565 -0.999057 0.0386082 -0.0198766 88.6549 
-0.0302221 0.0372414 0.998849 32.7358 0.0400256 0.998549 -0.0360192 -3.23051 -0.998741 0.0388909 -0.0316689 88.6456 
-0.0413024 0.0383185 0.998412 33.5089 0.040041 0.998525 -0.0366665 -3.26308 -0.998344 0.038463 -0.0427758 88.6253 
-0.0518857 0.0392171 0.997883 34.2866 0.0409844 0.99847 -0.0371092 -3.30153 -0.997812 0.0389722 -0.0534136 88.5812 
-0.0638481 0.0406286 0.997132 35.0533 0.0408 0.998442 -0.0380695 -3.33025 -0.997125 0.0382523 -0.0654063 88.566 
-0.0731833 0.0423488 0.996419 35.839 0.0424747 0.998324 -0.0393102 -3.35167 -0.996414 0.0394458 -0.0748594 88.4956 
-0.0828327 0.0434974 0.995614 36.6003 0.0433458 0.998259 -0.0400068 -3.38597 -0.99562 0.0398418 -0.0845739 88.44 
-0.092354 0.0444545 0.994733 37.3531 0.0438272 0.998216 -0.0405412 -3.41979 -0.994761 0.0398522 -0.0941376 88.3694 
-0.101774 0.0452919 0.993776 38.101 0.0454088 0.998133 -0.0408402 -3.45829 -0.993771 0.0409697 -0.10364 88.2996 
-0.109586 0.0444636 0.992982 38.8377 0.0457642 0.998165 -0.0396452 -3.50243 -0.992923 0.0410984 -0.11142 88.2076 
-0.117525 0.0441441 0.992088 39.5673 0.0467637 0.998149 -0.0388742 -3.53151 -0.991968 0.041825 -0.119372 88.1358 
-0.122653 0.0428503 0.991524 40.2882 0.0503233 0.998051 -0.0369073 -3.56875 -0.991173 0.04537 -0.124571 88.053 
-0.126736 0.0414166 0.991071 40.9804 0.0528138 0.997992 -0.0349523 -3.59817 -0.990529 0.0479126 -0.128669 87.9775 
-0.12901 0.0408339 0.990802 41.679 0.0547197 0.997923 -0.0340025 -3.63012 -0.990132 0.0498297 -0.130977 87.89 
-0.131377 0.0402175 0.990516 42.3698 0.0544119 0.997963 -0.033303 -3.66781 -0.989838 0.0495206 -0.133297 87.8142 
-0.131158 0.0410301 0.990512 43.0445 0.0557787 0.997866 -0.0339489 -3.69903 -0.989791 0.0507968 -0.133167 87.7135 
-0.130664 0.0417532 0.990547 43.6905 0.0571772 0.997767 -0.0345154 -3.73821 -0.989777 0.0521268 -0.132759 87.6432 
-0.127965 0.0430086 0.990846 44.3291 0.0570524 0.997724 -0.0359391 -3.78002 -0.990136 0.0519312 -0.130127 87.5777 
-0.122882 0.0434051 0.991472 44.9599 0.0585649 0.997619 -0.0364159 -3.813 -0.990692 0.0535906 -0.125131 87.5139 
-0.115585 0.0440576 0.99232 45.5578 0.0572363 0.997651 -0.0376275 -3.84627 -0.991647 0.0524476 -0.117835 87.4718 
-0.104275 0.0438386 0.993582 46.1562 0.0564797 0.997677 -0.0380918 -3.88152 -0.992943 0.0521452 -0.106509 87.4164 
-0.0903237 0.0440871 0.994936 46.7142 0.0549913 0.997716 -0.0392181 -3.91119 -0.994393 0.0511705 -0.0925418 87.3788 
-0.073941 0.04532 0.996232 47.2514 0.0541109 0.997677 -0.0413697 -3.94767 -0.995793 0.0508481 -0.0762216 87.3687 
-0.0531528 0.0480413 0.99743 47.7809 0.0521237 0.997614 -0.0452726 -3.98517 -0.997225 0.0495834 -0.0555301 87.359 
-0.0282492 0.050547 0.998322 48.2931 0.0497898 0.997552 -0.0490993 -4.02245 -0.99836 0.0483192 -0.0306968 87.371 
0.000934238 0.0533492 0.998575 48.8293 0.0489205 0.997378 -0.053331 -4.04341 -0.998802 0.0489006 -0.00167808 87.3827 
0.0350552 0.0529686 0.997981 49.3581 0.0471213 0.997396 -0.0545929 -4.07181 -0.998274 0.0489399 0.032468 87.4134 
0.0740229 0.0506341 0.99597 49.8776 0.0455449 0.997496 -0.0540968 -4.10639 -0.996216 0.0493658 0.0715314 87.4655 
0.116178 0.0468648 0.992122 50.3752 0.0413018 0.997794 -0.0519693 -4.14954 -0.992369 0.0470141 0.113986 87.5543 
0.162441 0.0410186 0.985865 50.8663 0.0373322 0.998165 -0.0476817 -4.20584 -0.986012 0.04455 0.160612 87.6492 
0.212994 0.0379957 0.976314 51.3603 0.0313278 0.998464 -0.0456923 -4.23765 -0.976551 0.0403179 0.211477 87.7604 
0.26551 0.0369078 0.963401 51.8272 0.0271674 0.998584 -0.045743 -4.26147 -0.963725 0.0383184 0.264132 87.9115 
0.321801 0.0355251 0.94614 52.2958 0.0242124 0.99866 -0.0457323 -4.3112 -0.946497 0.037625 0.32051 88.0888 
0.38142 0.0370099 0.923661 52.7538 0.024197 0.998456 -0.0499989 -4.32746 -0.924085 0.0414204 0.379935 88.296 
0.442573 0.0414137 0.895776 53.1807 0.0221557 0.998123 -0.0570919 -4.34364 -0.896459 0.0451139 0.440825 88.5283 
0.502664 0.0456354 0.863276 53.6082 0.0208799 0.997673 -0.064898 -4.36865 -0.864229 0.050647 0.500542 88.815 
0.560804 0.0508622 0.826384 53.967 0.013527 0.997415 -0.0705686 -4.39596 -0.827838 0.0507537 0.558667 89.124 
0.615727 0.0544202 0.786078 54.2938 0.00684111 0.997205 -0.0743952 -4.42413 -0.78793 0.0511847 0.613634 89.4662 
0.669101 0.0557192 0.741079 54.6176 0.00163209 0.997073 -0.0764402 -4.45722 -0.743169 0.0523557 0.667052 89.824 
0.718051 0.0530959 0.693962 54.8973 -0.000186335 0.9971 -0.0760967 -4.48548 -0.69599 0.054512 0.715979 90.178 
0.763904 0.0500018 0.64339 55.1642 -0.00584556 0.997489 -0.0705807 -4.5231 -0.645303 0.0501558 0.762278 90.5625 
0.805911 0.0463758 0.590217 55.4081 -0.00997033 0.997849 -0.0647913 -4.54454 -0.591952 0.0463314 0.80464 90.9687 
0.842264 0.0427773 0.537366 55.6071 -0.0142125 0.998262 -0.0571909 -4.58248 -0.538878 0.0405324 0.841408 91.3923 
0.873835 0.0405686 0.484528 55.7975 -0.0182148 0.998545 -0.0507566 -4.60084 -0.485882 0.0355273 0.873302 91.8365 
0.899712 0.0423311 0.434425 55.9573 -0.0251998 0.998664 -0.0451219 -4.62853 -0.435755 0.0296492 0.899577 92.2871 
0.920158 0.0437926 0.389091 56.0909 -0.0301501 0.9987 -0.0411033 -4.65785 -0.390385 0.0260904 0.920282 92.7402 
0.935487 0.0516752 0.349562 56.215 -0.0408191 0.99843 -0.0383579 -4.68077 -0.350996 0.0216144 0.936128 93.2004 
0.947409 0.0558072 0.315121 56.315 -0.0460676 0.998205 -0.0382781 -4.71032 -0.316691 0.0217481 0.948279 93.6696 
0.956822 0.0582632 0.284774 56.424 -0.0496666 0.998068 -0.0373231 -4.73208 -0.286399 0.0215678 0.957868 94.1465 
0.963367 0.053077 0.262883 56.5374 -0.0448108 0.998297 -0.0373458 -4.74964 -0.264417 0.0241977 0.964105 94.6262 
0.96752 0.0501317 0.247775 56.641 -0.0425941 0.998455 -0.0356924 -4.78349 -0.249182 0.0239792 0.96816 95.1106 
0.970346 0.0545559 0.235481 56.7325 -0.0473939 0.998228 -0.0359726 -4.80551 -0.237026 0.0237455 0.971213 95.6021 
0.972148 0.0603219 0.22647 56.8139 -0.0537593 0.997939 -0.0350405 -4.82564 -0.228117 0.0218896 0.973387 96.1151 
0.972919 0.0689412 0.220625 56.8979 -0.0625451 0.997398 -0.0358552 -4.85324 -0.222523 0.0210852 0.974699 96.6244 
0.973274 0.0742151 0.217324 57.001 -0.0671938 0.996956 -0.0395323 -4.87449 -0.219597 0.0238729 0.975299 97.1426 
0.97298 0.0777151 0.217418 57.0928 -0.0704568 0.996674 -0.0409518 -4.92764 -0.219877 0.0245267 0.975219 97.6906 
0.972611 0.0755354 0.219824 57.2082 -0.0672471 0.996723 -0.0449578 -4.94894 -0.222499 0.0289439 0.974503 98.2346 
0.971985 0.0741367 0.223044 57.3437 -0.0642646 0.996618 -0.0512087 -4.97075 -0.226086 0.0354401 0.973462 98.767 
0.97116 0.0743852 0.226529 57.4757 -0.0632022 0.996415 -0.0562368 -5.0021 -0.2299 0.0402978 0.97238 99.3196 
0.969803 0.0788794 0.23078 57.6007 -0.0675625 0.996111 -0.0565489 -5.0244 -0.234343 0.0392492 0.971361 99.888 
0.968102 0.0817319 0.236853 57.7275 -0.071301 0.996083 -0.0522911 -5.07568 -0.240199 0.0337352 0.970137 100.474 
0.967507 0.0779245 0.240536 57.8935 -0.0686406 0.996545 -0.0467506 -5.11806 -0.243348 0.0287209 0.969514 101.067 
0.966818 0.0740447 0.244501 58.0498 -0.0658668 0.996966 -0.041468 -5.15821 -0.246829 0.0239874 0.968762 101.66 
0.966314 0.0705867 0.247498 58.2102 -0.0632179 0.997291 -0.0376055 -5.18319 -0.249482 0.0206923 0.968158 102.301 
0.965976 0.0656517 0.25016 58.3735 -0.0579438 0.997594 -0.038062 -5.19942 -0.252057 0.0222717 0.967456 102.924 
0.965935 0.0641033 0.250718 58.5282 -0.0553623 0.997592 -0.0417706 -5.22526 -0.252792 0.0264673 0.967158 103.565 
0.966166 0.0631852 0.250063 58.6879 -0.0526804 0.997433 -0.0484887 -5.26371 -0.252485 0.0336746 0.967015 104.203 
0.966447 0.0645214 0.248629 58.8495 -0.0526466 0.997145 -0.0541252 -5.31384 -0.251411 0.0392196 0.967085 104.849 
0.967034 0.0665078 0.245809 59.0018 -0.0539463 0.996887 -0.0574954 -5.35469 -0.248868 0.0423394 0.967611 105.522 
0.967785 0.0653316 0.243154 59.1677 -0.0535666 0.997065 -0.0546938 -5.38033 -0.246014 0.0399068 0.968444 106.215 
0.968384 0.0611991 0.24184 59.3401 -0.0512914 0.997574 -0.0470597 -5.42641 -0.244134 0.0331674 0.969174 106.928 
0.969159 0.0604919 0.238897 59.509 -0.0521351 0.997792 -0.0411527 -5.47201 -0.240858 0.0274286 0.970173 107.634 
0.96917 0.0646185 0.237768 59.659 -0.0561966 0.997534 -0.0420375 -5.51868 -0.239898 0.0273797 0.970412 108.359 
0.969701 0.0704628 0.233912 59.8344 -0.0614452 0.997067 -0.0456272 -5.57367 -0.236441 0.0298719 0.971186 109.066 
0.970943 0.0704376 0.228709 60.0091 -0.0605423 0.996912 -0.0500069 -5.62956 -0.231525 0.0347072 0.972209 109.809 
0.971955 0.0688432 0.224864 60.1618 -0.0584751 0.99691 -0.0524555 -5.67527 -0.227781 0.0378354 0.972977 110.566 
0.97279 0.0666529 0.221893 60.3114 -0.0567221 0.997095 -0.0508383 -5.72993 -0.224637 0.0368687 0.973745 111.353 
0.973748 0.0628736 0.218774 60.4685 -0.0534798 0.997385 -0.0486044 -5.78147 -0.221258 0.0356283 0.974564 112.119 
0.974346 0.0609467 0.216645 60.6396 -0.052076 0.997563 -0.0464272 -5.82505 -0.218947 0.033954 0.975146 112.912 
0.974916 0.0577333 0.214953 60.813 -0.049334 0.997802 -0.0442422 -5.86428 -0.217035 0.0325279 0.975622 113.703 
0.975417 0.0520316 0.214135 60.9942 -0.0436779 0.998095 -0.0435635 -5.90277 -0.215994 0.0331396 0.975832 114.506 
0.975271 0.0535306 0.214433 61.1316 -0.0455205 0.998075 -0.0421244 -5.94272 -0.216275 0.0313216 0.97583 115.325 
0.975128 0.0583386 0.213828 61.3044 -0.0500021 0.997771 -0.0441957 -5.98966 -0.215929 0.0324046 0.975871 116.136 
0.974566 0.0645229 0.21461 61.452 -0.0556673 0.99734 -0.0470613 -6.04537 -0.217076 0.0339175 0.975565 116.949 
0.97389 0.0734593 0.214807 61.6305 -0.0643444 0.996717 -0.0491321 -6.08361 -0.217711 0.0340276 0.97542 117.792 
0.972834 0.0795051 0.217423 61.8036 -0.0707167 0.996345 -0.0479203 -6.14683 -0.220438 0.031243 0.9749 118.628 
0.971947 0.0823446 0.220314 61.9707 -0.0738905 0.996188 -0.0463575 -6.19346 -0.223292 0.0287779 0.974327 119.471 
0.971627 0.0831616 0.221417 62.1683 -0.0744271 0.996094 -0.0475185 -6.2389 -0.224504 0.0296907 0.974021 120.326 
0.971479 0.0817804 0.222577 62.3555 -0.0722689 0.996103 -0.0505624 -6.29078 -0.225844 0.0330349 0.973603 121.153 
0.971561 0.0762506 0.224175 62.54 -0.0668543 0.996548 -0.0492223 -6.34217 -0.227154 0.0328354 0.973305 121.991 
0.972033 0.0706659 0.223962 62.7257 -0.0609652 0.996889 -0.0499458 -6.39575 -0.226795 0.034895 0.973317 122.818 
0.971831 0.0700676 0.225024 62.9108 -0.0602338 0.996917 -0.0502819 -6.45383 -0.227853 0.0353114 0.973055 123.641 
0.970849 0.0737118 0.228075 63.0736 -0.0645183 0.996785 -0.0475164 -6.50923 -0.230844 0.0314162 0.972483 124.502 
0.970471 0.0755477 0.229081 63.2517 -0.067738 0.996828 -0.041777 -6.55948 -0.23151 0.0250258 0.97251 125.328 
0.96982 0.079637 0.230449 63.4281 -0.0727701 0.996618 -0.0381597 -6.59895 -0.232709 0.0202382 0.972336 126.165 
0.969644 0.0786091 0.231542 63.6095 -0.0699537 0.996518 -0.0453708 -6.6422 -0.234303 0.0277962 0.971766 126.997 
0.97022 0.0744455 0.2305 63.7927 -0.0624306 0.996304 -0.0589978 -6.70507 -0.234041 0.0428505 0.971282 127.806 
0.970501 0.0733339 0.229673 63.9841 -0.0591298 0.995922 -0.0681378 -6.75924 -0.233733 0.0525472 0.97088 128.611 
0.971068 0.0699261 0.228336 64.1792 -0.0578818 0.996576 -0.0590344 -6.81372 -0.231682 0.0441099 0.971791 129.445 
0.97137 0.064924 0.228527 64.3666 -0.0576842 0.997603 -0.0382265 -6.87263 -0.230461 0.0239496 0.972787 130.298 
0.971885 0.0604774 0.227555 64.554 -0.0567793 0.998127 -0.0227691 -6.9312 -0.228505 0.00920847 0.973499 131.133 
0.971711 0.0654023 0.226935 64.7181 -0.0605891 0.997767 -0.0281194 -6.98059 -0.228267 0.0135741 0.973504 131.931 
0.971673 0.0738727 0.224486 64.8731 -0.0654528 0.996852 -0.0447313 -7.00823 -0.227083 0.0287709 0.97345 132.748 
0.971556 0.074191 0.224888 65.0103 -0.0641334 0.9966 -0.051713 -7.06685 -0.22796 0.0358192 0.973011 133.57 
0.972446 0.0708008 0.222117 65.1961 -0.0605224 0.996772 -0.0527541 -7.11632 -0.225135 0.0378574 0.973592 134.375 
0.97307 0.0703264 0.21952 65.3672 -0.0606113 0.996873 -0.0506907 -7.17775 -0.222398 0.0360201 0.97429 135.191 
0.973924 0.0688738 0.216165 65.5257 -0.0590081 0.996914 -0.0517744 -7.23303 -0.219064 0.0376688 0.974983 135.989 
0.974818 0.0714917 0.211233 65.688 -0.0615718 0.996685 -0.0531807 -7.28699 -0.214334 0.0388354 0.975988 136.81 
0.975232 0.0760171 0.207711 65.8431 -0.0663494 0.996381 -0.0531315 -7.3482 -0.210998 0.0380339 0.976746 137.597 
0.975182 0.0818996 0.205699 65.9867 -0.07225 0.995923 -0.0540055 -7.39461 -0.209283 0.0378033 0.977124 138.408 
0.975147 0.0842633 0.204908 66.117 -0.0752775 0.995843 -0.051274 -7.46153 -0.208377 0.0345747 0.977437 139.204 
0.975508 0.0829784 0.203712 66.2737 -0.0749002 0.99608 -0.0470638 -7.50663 -0.206818 0.030653 0.977899 139.991 
0.976234 0.0805444 0.201193 66.4403 -0.0724944 0.996257 -0.047077 -7.56484 -0.204232 0.0313728 0.97842 140.803 
0.976933 0.0799063 0.198031 66.5989 -0.0714267 0.996211 -0.0496112 -7.61164 -0.201244 0.0343221 0.978939 141.599 
0.978433 0.0741095 0.192814 66.7562 -0.0650892 0.996486 -0.052713 -7.66869 -0.196043 0.039026 0.979818 142.396 
0.979775 0.0719058 0.186734 66.8829 -0.0629099 0.996575 -0.0536699 -7.70309 -0.189953 0.040837 0.980943 143.17 
0.980862 0.0711407 0.181244 67.0056 -0.0633155 0.996809 -0.0486086 -7.74303 -0.184124 0.0362026 0.982236 143.974 
0.981986 0.0686443 0.176043 67.132 -0.0626093 0.997251 -0.0396168 -7.79534 -0.178279 0.0278812 0.983585 144.773 
0.982922 0.0651423 0.172105 67.267 -0.0609153 0.9977 -0.029735 -7.84682 -0.173646 0.0187433 0.98463 145.56 
0.98319 0.0714084 0.168042 67.3738 -0.0678954 0.997339 -0.026567 -7.89114 -0.169492 0.014711 0.985422 146.366 
0.983797 0.0754926 0.162614 67.4916 -0.0714058 0.99697 -0.0308404 -7.93732 -0.164449 0.018729 0.986208 147.143 
0.984723 0.076613 0.15637 67.581 -0.0710893 0.996642 -0.0406256 -7.98435 -0.158957 0.0288886 0.986863 147.935 
0.985816 0.0753755 0.149952 67.6839 -0.069196 0.996541 -0.0460172 -8.00717 -0.152902 0.0349883 0.987622 148.747 
0.986861 0.0749175 0.14315 67.7933 -0.0691406 0.996595 -0.0449205 -8.04031 -0.146028 0.0344328 0.988681 149.553 
0.987442 0.0821518 0.134938 67.8884 -0.0771628 0.996142 -0.0418053 -8.07408 -0.137852 0.030868 0.989972 150.383 
0.988016 0.0875892 0.127089 67.9587 -0.0826631 0.995626 -0.0435421 -8.11669 -0.130347 0.0325146 0.990935 151.201 
0.989055 0.0901193 0.116824 68.0368 -0.0848438 0.99517 -0.0493808 -8.15349 -0.12071 0.0389285 0.991924 152.003 
0.990155 0.0888268 0.108175 68.1142 -0.083675 0.995173 -0.0512769 -8.1978 -0.112207 0.0417205 0.992808 152.828 
0.991049 0.0887036 0.0997636 68.1865 -0.0841651 0.995255 -0.048826 -8.23657 -0.103621 0.0399923 0.993812 153.647 
0.991558 0.090786 0.0925812 68.2383 -0.0872499 0.995319 -0.0415608 -8.27988 -0.0959209 0.0331321 0.994837 154.447 
0.991898 0.0942062 0.0852262 68.2803 -0.0913942 0.995152 -0.0363256 -8.31564 -0.088235 0.028242 0.995699 155.273 
0.992493 0.094009 0.0782272 68.3224 -0.0916611 0.99524 -0.0330914 -8.34987 -0.0809656 0.0256725 0.996386 156.099 
0.992951 0.0945796 0.071439 68.3724 -0.0925901 0.995232 -0.0306739 -8.388 -0.0739994 0.0238431 0.996973 156.931 
0.993359 0.093084 0.0676223 68.4028 -0.091073 0.995322 -0.0322448 -8.42983 -0.0703074 0.025872 0.99719 157.759 
0.993187 0.0981817 0.0627632 68.4387 -0.0959638 0.994681 -0.0374338 -8.46662 -0.0661045 0.0311557 0.997326 158.559 
0.992778 0.105071 0.0578992 68.4668 -0.1026 0.993744 -0.0441161 -8.50676 -0.0621722 0.0378569 0.997347 159.383 
0.992918 0.105595 0.0544387 68.4997 -0.103096 0.993567 -0.0468536 -8.53685 -0.059036 0.0409094 0.997417 160.184 
0.992889 0.107437 0.0512775 68.5303 -0.105404 0.993591 -0.0408293 -8.57303 -0.0553353 0.035134 0.997849 161.002 
0.992698 0.109672 0.0502291 68.5481 -0.108215 0.993648 -0.0308771 -8.60689 -0.0532963 0.025216 0.99826 161.827 
0.992728 0.110667 0.0473744 68.5716 -0.10967 0.993698 -0.0231644 -8.65339 -0.0496393 0.0178003 0.998608 162.655 
0.993393 0.107 0.0414963 68.5939 -0.105983 0.994028 -0.025986 -8.6908 -0.0440289 0.0214163 0.998801 163.474 
0.994971 0.0937303 0.0353069 68.6218 -0.092503 0.9951 -0.0349284 -8.73115 -0.0384076 0.0314867 0.998766 164.277 
0.99538 0.0919714 0.0275458 68.6377 -0.0908812 0.995117 -0.0385147 -8.77155 -0.0309535 0.0358333 0.998878 165.093 
0.995193 0.0956991 0.020787 68.6363 -0.0948712 0.994775 -0.0377147 -8.79894 -0.0242875 0.0355612 0.999072 165.926 
0.995598 0.0927191 0.0136812 68.6318 -0.0922843 0.995293 -0.0295812 -8.86873 -0.0163594 0.0281883 0.999469 166.768 
0.996139 0.0875059 0.00697626 68.6167 -0.0872965 0.995839 -0.0261527 -8.8939 -0.00923565 0.0254426 0.999634 167.612 
0.996843 0.079365 0.00233838 68.5978 -0.0792967 0.996618 -0.0215387 -8.92108 -0.00403981 0.0212852 0.999765 168.432 
0.997209 0.074537 -0.00429741 68.5945 -0.074612 0.996986 -0.0212549 -8.95524 0.00270027 0.0215161 0.999765 169.26 
0.997396 0.0711873 -0.0115161 68.5802 -0.0714902 0.997035 -0.0284626 -8.98343 0.00945586 0.0292117 0.999528 170.089 
0.997868 0.0626508 -0.0182638 68.5431 -0.0633001 0.997292 -0.0374491 -9.02151 0.0158682 0.0385253 0.999132 170.916 
0.998258 0.0533078 -0.0252658 68.5375 -0.054323 0.997666 -0.0413584 -9.05507 0.0230022 0.0426588 0.998825 171.744 
0.997929 0.0562148 -0.0312648 68.4878 -0.0572597 0.997794 -0.0335905 -9.09264 0.0293076 0.0353111 0.998946 172.584 
0.997223 0.0658618 -0.034762 68.4089 -0.0666397 0.997541 -0.0217091 -9.10734 0.0332468 0.0239653 0.99916 173.444 
0.996516 0.0732391 -0.0398928 68.3626 -0.0738307 0.997178 -0.0135612 -9.14968 0.0387871 0.0164592 0.999112 174.284 
0.99635 0.0732077 -0.0439034 68.312 -0.0740107 0.997113 -0.0169466 -9.17223 0.0425361 0.020134 0.998892 175.122 
0.996171 0.074315 -0.0460538 68.2545 -0.0756248 0.99676 -0.0273772 -9.19939 0.0438702 0.0307551 0.998564 175.947 
0.995215 0.0843089 -0.0493845 68.1788 -0.0861548 0.995612 -0.0365213 -9.23322 0.0460889 0.0406012 0.998112 176.774 
0.995218 0.0831599 -0.0512348 68.112 -0.0852676 0.995538 -0.0404215 -9.26468 0.0476448 0.0445968 0.997868 177.615 
0.99557 0.0771352 -0.0537679 68.0805 -0.0791371 0.996208 -0.0361488 -9.29348 0.0507758 0.0402436 0.997899 178.458 
0.995589 0.0773212 -0.0531326 68.0214 -0.0788793 0.996494 -0.0278775 -9.32474 0.0507909 0.0319456 0.998198 179.317 
0.995517 0.0788999 -0.0521621 67.9455 -0.0801346 0.996541 -0.0220137 -9.3631 0.0502449 0.0260949 0.998396 180.172 
0.995415 0.0789627 -0.0539848 67.8842 -0.0802508 0.996529 -0.0221206 -9.40438 0.0520509 0.0263515 0.998297 181.031 
0.995483 0.0753686 -0.0577301 67.8455 -0.0772502 0.996527 -0.0310829 -9.43956 0.055187 0.035402 0.997848 181.863 
0.996071 0.0653486 -0.0597681 67.7796 -0.0679362 0.996791 -0.0423365 -9.47945 0.0568098 0.0462305 0.997314 182.703 
0.996586 0.0549901 -0.0615853 67.7208 -0.0578647 0.997268 -0.0459062 -9.52058 0.0588928 0.049313 0.997045 183.534 
0.996349 0.0567246 -0.0637989 67.6713 -0.0594956 0.997327 -0.0424048 -9.54906 0.0612231 0.0460456 0.997061 184.397 
0.995924 0.0630773 -0.0644775 67.5942 -0.0651885 0.997386 -0.0311779 -9.6033 0.0623425 0.0352539 0.997432 185.253 
0.995816 0.0632307 -0.0659692 67.5186 -0.065202 0.997474 -0.0281667 -9.63459 0.0640217 0.0323501 0.997424 186.116 
0.995927 0.0600208 -0.0672884 67.4557 -0.06231 0.997529 -0.0324528 -9.66513 0.0651744 0.0365132 0.997206 186.951 
0.996033 0.0590637 -0.0665516 67.37 -0.0617857 0.997303 -0.0396105 -9.69498 0.0640326 0.0435652 0.996996 187.794 
0.995642 0.0653474 -0.0665259 67.2898 -0.0680823 0.996889 -0.0397043 -9.73495 0.0637245 0.0440605 0.996994 188.622 
0.995487 0.0673369 -0.0668623 67.2191 -0.0699347 0.996854 -0.0373012 -9.77172 0.0641403 0.0418088 0.997065 189.447 
0.995165 0.0700214 -0.0688747 67.1488 -0.0725036 0.996781 -0.0342201 -9.81296 0.0662569 0.0390482 0.997038 190.284 
0.99499 0.0720168 -0.0693419 67.0781 -0.0744349 0.996682 -0.0329398 -9.84194 0.0667397 0.0379362 0.997049 191.111 
0.994729 0.0743356 -0.070624 67.0047 -0.0767637 0.996526 -0.0323077 -9.88332 0.0679771 0.0375587 0.99698 191.943 
0.994803 0.0740605 -0.069875 66.9171 -0.076671 0.996426 -0.035443 -9.92874 0.0670005 0.0406161 0.996926 192.748 
0.994525 0.0755633 -0.0721774 66.8555 -0.078666 0.996051 -0.0411531 -9.96139 0.0687828 0.0466056 0.996542 193.54 
