1 2.12261e-08 -2.11895e-08 -1.55266e-14 2.12261e-08 1 2.10703e-08 -2.66454e-15 -2.11895e-08 2.10703e-08 1 -9.82547e-15 
0.999997 0.00256628 -0.00059089 -0.000992198 -0.00256512 0.999995 0.00188237 -0.0215609 0.000595675 -0.0018808 0.999998 0.781425 
0.999986 0.00527519 -0.000425934 -0.0213608 -0.00527406 0.999983 0.00251714 -0.0441796 0.000439163 -0.00251482 0.999997 1.52935 
0.999977 0.00680692 0.000377614 -0.0590278 -0.00680763 0.999975 0.00203755 -0.0601266 -0.000363778 -0.00204003 0.999998 2.3005 
0.999965 0.00832302 5.35636e-06 -0.0573284 -0.00832297 0.999964 0.001806 -0.0853294 9.63263e-06 -0.00180594 0.999998 3.03011 
0.999962 0.00867667 0.000591671 -0.0864503 -0.00867783 0.99996 0.00205488 -0.10899 -0.000573861 -0.00205989 0.999998 3.76455 
0.999967 0.00800847 0.0013358 -0.107491 -0.00801239 0.999963 0.0029879 -0.123123 -0.00131187 -0.00299847 0.999995 4.47982 
0.999961 0.00864287 0.00163676 -0.119936 -0.00865224 0.999946 0.00583679 -0.140206 -0.00158626 -0.00585069 0.999982 5.16411 
0.999964 0.00786702 0.00307348 -0.1346 -0.00789623 0.999923 0.00962303 -0.140105 -0.00299758 -0.00964692 0.999949 5.83007 
0.999968 0.00711974 0.00366021 -0.128494 -0.0071689 0.999882 0.0136093 -0.16448 -0.00356292 -0.0136351 0.999901 6.46661 
0.999974 0.00564653 0.00439904 -0.118156 -0.00571371 0.999865 0.0154208 -0.162914 -0.00431141 -0.0154455 0.999871 7.09127 
0.999964 0.00605935 0.00589786 -0.130322 -0.00614687 0.999869 0.0149439 -0.167586 -0.00580658 -0.0149796 0.999871 7.66187 
0.999956 0.00638825 0.00687023 -0.132866 -0.006472 0.999904 0.0122437 -0.171669 -0.0067914 -0.0122875 0.999901 8.22425 
0.999945 0.00723267 0.00756972 -0.13778 -0.00730832 0.999923 0.0100197 -0.186608 -0.00749671 -0.0100744 0.999921 8.74793 
0.999939 0.00552189 0.00951961 -0.140038 -0.00559887 0.999952 0.00808256 -0.182686 -0.00947456 -0.00813533 0.999922 9.24165 
0.999941 0.00241559 0.0105778 -0.118386 -0.00247429 0.999982 0.00554424 -0.180158 -0.0105643 -0.00557005 0.999929 9.74136 
0.999921 -0.00110105 0.012542 -0.118818 0.00104941 0.999991 0.00412721 -0.19593 -0.0125464 -0.00411368 0.999913 10.168 
0.999892 0.00322927 0.0143445 -0.116708 -0.00326469 0.999992 0.00244918 -0.209548 -0.0143365 -0.0024957 0.999894 10.6017 
0.99982 0.00680618 0.0177092 -0.122486 -0.00682989 0.999976 0.00128115 -0.215943 -0.0177001 -0.00140183 0.999842 10.996 
0.999719 0.00838015 0.0221752 -0.144158 -0.00842471 0.999963 0.00191847 -0.216728 -0.0221584 -0.00210471 0.999752 11.3243 
0.999678 0.00458088 0.0249456 -0.135843 -0.0046599 0.999984 0.00311192 -0.224259 -0.024931 -0.00322712 0.999684 11.6343 
0.99962 -0.00051682 0.0275445 -0.12649 0.000447847 0.999997 0.00251171 -0.22646 -0.0275458 -0.00249838 0.999617 11.9256 
0.999543 -0.00517923 0.0297693 -0.119345 0.00506184 0.999979 0.00401857 -0.234472 -0.0297895 -0.003866 0.999549 12.1804 
0.99945 -0.00480659 0.0328164 -0.11809 0.00466797 0.99998 0.00430081 -0.229626 -0.0328365 -0.00414522 0.999452 12.3878 
0.999368 -0.00522434 0.0351596 -0.12214 0.00509035 0.999979 0.00390066 -0.245056 -0.0351793 -0.00371917 0.999374 12.5861 
0.999285 -0.00381202 0.0376045 -0.118629 0.00371749 0.99999 0.0025847 -0.249237 -0.037614 -0.00244301 0.999289 12.7789 
0.99919 -0.00152896 0.0402065 -0.112529 0.00146894 0.999998 0.00152358 -0.248174 -0.0402088 -0.00146324 0.99919 12.9482 
0.999143 0.0010032 0.0413758 -0.0909421 -0.00104713 0.999999 0.00104107 -0.259977 -0.0413748 -0.00108346 0.999143 13.1538 
0.999089 0.00144525 0.0426587 -0.0833039 -0.00142769 0.999999 -0.000441059 -0.271653 -0.0426593 0.000379795 0.99909 13.3049 
0.999027 0.000730072 0.0441088 -0.064672 -0.000620184 0.999997 -0.00250395 -0.269976 -0.0441105 0.0024742 0.999024 13.4588 
0.998933 -0.000356441 0.0461754 -0.0656855 0.000543952 0.999992 -0.00404739 -0.274551 -0.0461736 0.00406823 0.998925 13.6058 
0.998868 -0.001025 0.0475641 -0.0594738 0.00126563 0.999987 -0.00502831 -0.276583 -0.0475583 0.00508285 0.998856 13.7466 
0.998784 -0.000204511 0.0493067 -0.057921 0.000515378 0.99998 -0.00629124 -0.280638 -0.0493045 0.00630904 0.998764 13.8793 
0.998742 0.000697621 0.0501466 -0.0446803 -0.000250093 0.99996 -0.00892926 -0.278357 -0.0501508 0.00890552 0.998702 14.0038 
0.998756 0.000307321 0.049858 -0.0168482 0.000233241 0.999941 -0.010835 -0.283839 -0.0498584 0.0108332 0.998698 14.1334 
0.998724 -7.20434e-05 0.0505028 -0.00485083 0.000775088 0.999903 -0.0139006 -0.279503 -0.050497 0.013922 0.998627 14.2587 
0.998749 -0.00178548 0.0499777 0.00387275 0.00256644 0.999876 -0.0155656 -0.290365 -0.0499438 0.0156744 0.998629 14.3814 
0.99884 -0.000394321 0.0481496 0.0089404 0.00117495 0.999868 -0.0161846 -0.290975 -0.0481369 0.0162224 0.998709 14.5153 
0.998989 4.56318e-05 0.0449526 -0.00661509 0.000705724 0.99986 -0.0166974 -0.294881 -0.0449471 0.0167123 0.99885 14.6205 
0.999174 -0.000204276 0.0406434 -0.00766217 0.000930818 0.99984 -0.0178568 -0.302871 -0.0406333 0.0178799 0.999014 14.7434 
0.999374 0.00071739 0.0353603 -0.0145729 -3.68714e-05 0.999815 -0.0192409 -0.297994 -0.0353676 0.0192276 0.999189 14.8633 
0.999581 0.00106487 0.0289354 -0.0199301 -0.000511054 0.999817 -0.019139 -0.311741 -0.0289505 0.0191162 0.999398 14.9904 
0.99977 0.000309956 0.0214531 -0.0210676 0.000118121 0.999801 -0.0199479 -0.316868 -0.0214551 0.0199459 0.999571 15.1182 
0.999907 -0.000708632 0.0135889 -0.0586185 0.000988957 0.999787 -0.0206302 -0.331251 -0.0135714 0.0206418 0.999695 15.2041 
0.999991 -0.00229476 0.00350654 -0.0628328 0.00237042 0.999761 -0.0217156 -0.332561 -0.00345592 0.0217237 0.999758 15.3536 
0.999945 -0.00373647 -0.00985205 -0.0737087 0.00350372 0.999717 -0.0235413 -0.336201 0.00993718 0.0235055 0.999674 15.5042 
0.999624 -0.00474606 -0.0269922 -0.079888 0.0040483 0.999658 -0.025848 -0.331834 0.0271055 0.0257291 0.999301 15.6782 
0.998965 -0.00444417 -0.0452639 -0.11848 0.0032219 0.999629 -0.0270413 -0.336308 0.0453673 0.0268675 0.998609 15.8503 
0.99772 -0.0035762 -0.0673918 -0.153557 0.0017925 0.999647 -0.02651 -0.339844 0.0674628 0.0263288 0.997374 16.0558 
0.995754 -0.00308565 -0.0920017 -0.178663 0.000817831 0.999695 -0.0246777 -0.359731 0.0920498 0.0244978 0.995453 16.2585 
0.99292 -0.00210326 -0.11877 -0.24377 -0.000742711 0.999714 -0.023913 -0.35647 0.118786 0.023832 0.992634 16.4936 
0.988878 -0.000554346 -0.148726 -0.316095 -0.00263002 0.999772 -0.0212138 -0.371363 0.148703 0.021369 0.988651 16.73 
0.983107 -0.00108423 -0.183031 -0.379655 -0.00235853 0.999824 -0.0185913 -0.372382 0.183019 0.0187089 0.982931 16.9901 
0.975461 -0.000308375 -0.22017 -0.481077 -0.00302034 0.999886 -0.0147822 -0.37503 0.22015 0.0150845 0.975349 17.2759 
0.965488 0.00151926 -0.260444 -0.596611 -0.00414929 0.999946 -0.00954886 -0.373583 0.260416 0.0103 0.965442 17.5564 
0.953365 0.00472709 -0.301784 -0.752279 -0.00683605 0.999959 -0.00593269 -0.367218 0.301744 0.00771908 0.953358 17.868 
0.938776 0.00837796 -0.344426 -0.904095 -0.00959461 0.999952 -0.00182817 -0.367073 0.344394 0.00502092 0.938812 18.1732 
0.921194 0.0109453 -0.388951 -1.05685 -0.0104034 0.99994 0.00349919 -0.371699 0.388965 0.00082303 0.921252 18.4751 
0.901158 0.0148474 -0.433237 -1.2486 -0.0106889 0.999871 0.0120329 -0.391216 0.433359 -0.00621269 0.9012 18.7883 
0.87859 0.0178106 -0.477245 -1.46716 -0.0108687 0.999791 0.0173029 -0.375529 0.477454 -0.0100151 0.8786 19.0907 
0.852743 0.0237269 -0.521792 -1.69316 -0.0143198 0.999654 0.0220539 -0.384818 0.522134 -0.0113343 0.852788 19.3947 
0.823647 0.0279767 -0.566412 -1.93959 -0.0164369 0.999541 0.0254684 -0.393377 0.566864 -0.0116668 0.823729 19.6933 
0.791784 0.0312491 -0.610001 -2.21446 -0.0181894 0.999454 0.0275901 -0.393169 0.61053 -0.0107498 0.79192 19.9839 
0.756453 0.0328215 -0.653225 -2.49353 -0.0176962 0.999402 0.0297225 -0.379458 0.653809 -0.0109241 0.756581 20.2767 
0.718174 0.0373566 -0.69486 -2.79384 -0.0194164 0.999245 0.0336529 -0.376599 0.695593 -0.0106768 0.718357 20.5515 
0.677715 0.0375892 -0.734364 -3.13847 -0.01666 0.999221 0.0357713 -0.351597 0.735136 -0.0120082 0.677813 20.8352 
0.635902 0.0382665 -0.770821 -3.52614 -0.0153836 0.9992 0.0369132 -0.34213 0.771616 -0.0116151 0.635982 21.0998 
0.591967 0.0371295 -0.805106 -3.915 -0.00991033 0.999198 0.0387938 -0.330148 0.805901 -0.0149858 0.591861 21.3514 
0.546798 0.0371178 -0.836441 -4.34713 -0.00588065 0.999163 0.0404944 -0.312525 0.837244 -0.0172234 0.546559 21.5822 
0.498966 0.0376971 -0.865801 -4.80219 -0.00377906 0.999139 0.0413247 -0.284469 0.866613 -0.0173477 0.498678 21.8076 
0.449112 0.0371202 -0.892704 -5.2821 -0.00324025 0.999198 0.0399182 -0.26245 0.89347 -0.0150351 0.448872 21.9891 
0.395834 0.0357631 -0.917625 -5.78484 0.00274743 0.999191 0.0401271 -0.244541 0.918318 -0.0184048 0.395416 22.1641 
0.342146 0.0352255 -0.938986 -6.31473 0.00804445 0.999151 0.0404138 -0.241443 0.939612 -0.021381 0.341572 22.3052 
0.288172 0.0345824 -0.956954 -6.84855 0.0095457 0.999194 0.0389834 -0.22467 0.957531 -0.0203687 0.28761 22.418 
0.233936 0.0399004 -0.971433 -7.43827 0.00995792 0.999007 0.0434309 -0.195577 0.972201 -0.0198335 0.233306 22.519 
0.182425 0.0447248 -0.982202 -8.04002 0.0113431 0.998803 0.0475875 -0.169259 0.983154 -0.0198224 0.181699 22.5839 
0.133198 0.0457431 -0.990033 -8.65628 0.0163224 0.998698 0.0483394 -0.147362 0.990955 -0.0225984 0.132277 22.6367 
0.0882705 0.0468949 -0.994992 -9.28707 0.0185733 0.99864 0.0487145 -0.12387 0.995923 -0.0227803 0.0872795 22.6695 
0.0474561 0.044577 -0.997878 -9.92921 0.017734 0.998809 0.045462 -0.0944047 0.998716 -0.0198538 0.0466091 22.6697 
0.0120601 0.0400704 -0.999124 -10.5773 0.0151047 0.999075 0.0402507 -0.0643854 0.999813 -0.0155768 0.0114437 22.6348 
-0.0162769 0.0404689 -0.999048 -11.2437 0.0138104 0.999094 0.0402458 -0.0460682 0.999772 -0.0131421 -0.0168211 22.5808 
-0.0373367 0.044238 -0.998323 -11.9688 0.012071 0.998967 0.0438151 -0.0146165 0.99923 -0.0104148 -0.0378321 22.5282 
-0.0501067 0.0500176 -0.997491 -12.686 0.0139893 0.998682 0.0493747 0.0154486 0.998646 -0.0114801 -0.0507404 22.4635 
-0.0578213 0.0531459 -0.996911 -13.43 0.0137572 0.99853 0.0524343 0.040533 0.998232 -0.0106829 -0.0584674 22.4004 
-0.0621268 0.0507137 -0.996779 -14.2405 0.0156986 0.998634 0.0498296 0.0506196 0.997945 -0.0125522 -0.062838 22.333 
-0.0618212 0.0454383 -0.997052 -15.1869 0.0224728 0.998773 0.0441233 0.118335 0.997834 -0.0196788 -0.0627665 22.3484 
-0.0579736 0.0432511 -0.997381 -16.1159 0.0340584 0.998565 0.0413228 0.175026 0.997737 -0.0315735 -0.0593635 22.3582 
-0.0525487 0.0447928 -0.997613 -17.0189 0.0356193 0.998442 0.0429538 0.170869 0.997983 -0.0332771 -0.0540623 22.34 
-0.049052 0.0432017 -0.997862 -18.0723 0.035304 0.998515 0.0414945 0.195947 0.998172 -0.0331931 -0.0505043 22.373 
-0.0493887 0.0362365 -0.998122 -19.1729 0.0419032 0.998537 0.0341781 0.244193 0.9979 -0.0401364 -0.0508348 22.4919 
-0.0479674 0.0248575 -0.99854 -20.1311 0.0400339 0.998935 0.0229442 0.277345 0.998046 -0.0388748 -0.0489114 22.477 
-0.0474651 0.0163776 -0.998739 -21.0339 0.0313275 0.999398 0.0148996 0.290668 0.998382 -0.0305807 -0.0479496 22.4037 
-0.0486752 0.0125537 -0.998736 -21.9496 0.0257563 0.999604 0.0113093 0.311682 0.998483 -0.0251732 -0.0489793 22.3309 
-0.0527999 0.018128 -0.998441 -22.8849 0.0158523 0.999724 0.017313 0.32344 0.998479 -0.0149134 -0.0530727 22.2634 
-0.0582944 0.0269004 -0.997937 -23.8855 0.011229 0.999591 0.026289 0.313981 0.998236 -0.00967329 -0.0585726 22.1834 
-0.0638406 0.0362617 -0.997301 -24.909 0.0100083 0.999313 0.0356942 0.352274 0.99791 -0.00770256 -0.0641596 22.1132 
-0.0657249 0.0468529 -0.996737 -25.9156 0.00793707 0.99889 0.0464307 0.377238 0.997806 -0.00485948 -0.0660239 22.0177 
-0.066237 0.0536395 -0.996361 -26.9221 0.00914231 0.998545 0.0531492 0.418846 0.997762 -0.00558855 -0.066631 21.9129 
-0.0692655 0.0546579 -0.9961 -27.9399 0.0103305 0.998484 0.0540704 0.449771 0.997545 -0.006545 -0.0697252 21.8442 
-0.0718677 0.051657 -0.996076 -28.9701 0.0100028 0.998645 0.0510686 0.493059 0.997364 -0.00629334 -0.0722871 21.77 
-0.0749034 0.0470976 -0.996078 -29.985 0.00944341 0.998873 0.0465196 0.516112 0.997146 -0.00592186 -0.0752637 21.6729 
-0.0797196 0.0420701 -0.995929 -30.9849 0.0101983 0.999091 0.0413873 0.540328 0.996765 -0.00685741 -0.0800762 21.5748 
-0.0858082 0.0376485 -0.9956 -31.9816 0.00929198 0.999273 0.0369865 0.565889 0.996268 -0.00607731 -0.0860956 21.4583 
-0.0930662 0.035644 -0.995022 -33.0092 0.00795122 0.999354 0.0350555 0.59046 0.995628 -0.00464911 -0.0932895 21.3367 
-0.0994021 0.0380801 -0.994318 -34.0549 0.00796408 0.999266 0.0374734 0.619229 0.995016 -0.00419386 -0.0996324 21.1998 
-0.106274 0.0421822 -0.993442 -35.1025 0.00698133 0.999107 0.0416759 0.656015 0.994312 -0.00250643 -0.106474 21.0696 
-0.113075 0.0445744 -0.992586 -36.1601 0.00471035 0.999006 0.0443261 0.68786 0.993575 0.000336798 -0.113173 20.9392 
-0.11857 0.0462273 -0.991869 -37.2136 0.00220686 0.998926 0.0462924 0.733405 0.992943 0.00330001 -0.118545 20.7973 
-0.121574 0.0477706 -0.991432 -38.2675 -0.00310909 0.998818 0.0485077 0.754225 0.992578 0.00897978 -0.121282 20.646 
-0.124368 0.0478104 -0.991084 -39.3242 -0.00656578 0.998777 0.0490055 0.8026 0.992215 0.012602 -0.123902 20.503 
-0.125342 0.0475679 -0.990973 -40.3947 -0.00788989 0.998771 0.0489402 0.835893 0.992082 0.013953 -0.124813 20.334 
-0.126883 0.0471788 -0.990795 -41.4518 -0.00802184 0.998787 0.0485867 0.867972 0.991885 0.0141129 -0.126351 20.1739 
-0.128925 0.0470371 -0.990538 -42.4921 -0.00927407 0.998774 0.0486352 0.879727 0.991611 0.0154566 -0.12833 20.0147 
-0.129931 0.0463884 -0.990437 -43.5974 -0.0118716 0.998761 0.0483356 0.904588 0.991452 0.0180384 -0.129219 19.8354 
-0.130292 0.0433946 -0.990526 -44.6979 -0.0168318 0.998801 0.0459712 0.946883 0.991333 0.0226621 -0.129406 19.6549 
-0.131317 0.038061 -0.99061 -45.7713 -0.0221505 0.998901 0.0413159 0.974717 0.991093 0.0273681 -0.13033 19.4819 
-0.131694 0.038431 -0.990545 -46.8501 -0.0228574 0.998865 0.0417927 0.986705 0.991027 0.0281451 -0.130666 19.3398 
-0.131246 0.0423415 -0.990445 -47.9375 -0.0230136 0.998688 0.0457435 1.01213 0.991083 0.0287974 -0.1301 19.1963 
-0.130332 0.0461026 -0.990398 -49.0574 -0.0227831 0.998515 0.0494786 1.03244 0.991209 0.029013 -0.129088 19.0375 
-0.129357 0.0457984 -0.99054 -50.1749 -0.0204101 0.998598 0.0488364 1.06956 0.991388 0.0265344 -0.128241 18.8787 
-0.127848 0.0450052 -0.990772 -51.2915 -0.02067 0.998632 0.0480295 1.10056 0.991578 0.0266198 -0.126743 18.7189 
-0.124403 0.0454094 -0.991192 -52.3883 -0.0246733 0.998502 0.048841 1.13628 0.991925 0.030532 -0.123096 18.5579 
-0.117241 0.0460721 -0.992034 -53.4919 -0.0288635 0.998343 0.0497763 1.16461 0.992684 0.0344694 -0.115717 18.3795 
-0.110518 0.0464861 -0.992786 -54.5837 -0.0340453 0.998142 0.0505268 1.19301 0.993291 0.0393838 -0.10873 18.2121 
-0.106071 0.0459439 -0.993297 -55.7331 -0.0354278 0.998123 0.0499503 1.23227 0.993727 0.0404886 -0.104245 18.085 
-0.100082 0.0441974 -0.993997 -56.8662 -0.0361138 0.998193 0.0480202 1.28513 0.994324 0.040703 -0.0983054 17.9541 
-0.0955864 0.0438749 -0.994454 -58.0096 -0.0348315 0.998269 0.0473913 1.32713 0.994812 0.0391683 -0.0938927 17.8314 
-0.0897829 0.0448663 -0.99495 -59.1479 -0.0344845 0.998246 0.0481267 1.36645 0.995364 0.0386314 -0.0880782 17.7037 
-0.0850999 0.0463102 -0.995296 -60.2605 -0.0338331 0.998209 0.0493386 1.40994 0.995798 0.0378727 -0.0833806 17.5854 
-0.0781671 0.0491189 -0.99573 -61.3967 -0.033846 0.998079 0.0518918 1.4342 0.996366 0.0377578 -0.0763544 17.4528 
-0.0741891 0.048694 -0.996055 -62.5445 -0.0324542 0.99816 0.0512142 1.47168 0.996716 0.0361257 -0.0724723 17.3687 
-0.0689448 0.0434891 -0.996672 -63.6774 -0.0325739 0.998419 0.0458186 1.5195 0.997089 0.0356245 -0.0674191 17.2575 
-0.0644355 0.0377203 -0.997209 -64.7806 -0.0329348 0.998661 0.0399034 1.55491 0.997378 0.0354141 -0.0631069 17.1529 
-0.0587149 0.0366559 -0.997602 -65.9912 -0.0333258 0.998697 0.0386575 1.60473 0.997718 0.0355157 -0.0574168 17.0233 
-0.0555106 0.0382125 -0.997727 -67.1652 -0.0351062 0.998575 0.0401982 1.63192 0.997841 0.0372579 -0.0540899 16.9299 
-0.0535056 0.0381876 -0.997837 -68.3325 -0.0372396 0.998497 0.0402097 1.65443 0.997873 0.0393105 -0.0520031 16.8379 
-0.0522571 0.0366109 -0.997962 -69.4968 -0.0388758 0.998496 0.0386662 1.70099 0.997877 0.0408172 -0.0507552 16.7507 
-0.0512993 0.0378963 -0.997964 -70.6952 -0.0394295 0.998424 0.0399406 1.7281 0.997905 0.0413982 -0.0497242 16.6696 
-0.0496912 0.0379235 -0.998044 -71.8467 -0.0406046 0.998376 0.0399578 1.74606 0.997939 0.0425108 -0.0480706 16.5796 
-0.0499573 0.0347792 -0.998146 -73.0146 -0.0409855 0.99848 0.0368421 1.78382 0.99791 0.04275 -0.048456 16.5137 
-0.0505631 0.0332076 -0.998169 -74.2012 -0.0392974 0.998607 0.0352129 1.81642 0.997947 0.0410059 -0.0491877 16.4422 
-0.0514996 0.0344223 -0.99808 -75.3909 -0.035581 0.998708 0.0362799 1.83444 0.998039 0.0373811 -0.0502082 16.374 
-0.0502913 0.0344229 -0.998141 -76.582 -0.0342362 0.998759 0.0361692 1.87456 0.998148 0.0359916 -0.0490504 16.2824 
-0.0501079 0.0364319 -0.998079 -77.7344 -0.0338755 0.998698 0.0381552 1.89016 0.998169 0.0357224 -0.0488085 16.1846 
-0.0498306 0.0402874 -0.997945 -78.9091 -0.0364898 0.998446 0.0421297 1.91052 0.998091 0.0385141 -0.048283 16.0964 
-0.0488898 0.0394351 -0.998025 -80.0779 -0.0387597 0.998393 0.0413483 1.94283 0.998052 0.0407047 -0.0472827 16.0126 
-0.0489715 0.036606 -0.998129 -81.233 -0.039033 0.998495 0.0385345 1.9907 0.998037 0.0408471 -0.0474689 15.9222 
-0.0488428 0.0343311 -0.998216 -82.3825 -0.0398573 0.998546 0.0362926 2.00967 0.998011 0.0415589 -0.0474034 15.8332 
-0.0483982 0.0333293 -0.998272 -83.5329 -0.0398823 0.998582 0.0352732 2.04117 0.998032 0.0415205 -0.0470003 15.7538 
-0.0506047 0.0352726 -0.998096 -84.698 -0.0389898 0.998545 0.0372653 2.06243 0.997957 0.0408014 -0.0491558 15.6949 
-0.0502259 0.0380906 -0.998011 -85.8938 -0.0398532 0.9984 0.0401111 2.09358 0.997942 0.0417886 -0.0486276 15.6141 
-0.0504418 0.040348 -0.997912 -87.073 -0.0405993 0.998275 0.0424148 2.12034 0.997902 0.042654 -0.0487167 15.5447 
-0.05203 0.040565 -0.997821 -88.2592 -0.0401761 0.998281 0.0426786 2.1464 0.997837 0.0423092 -0.0503108 15.4823 
-0.0518905 0.037871 -0.997934 -89.4404 -0.0398254 0.998407 0.0399598 2.1805 0.997858 0.0418167 -0.0502996 15.4005 
-0.051754 0.0377421 -0.997946 -90.5915 -0.0376034 0.998503 0.0397133 2.19989 0.997952 0.0395815 -0.0502573 15.3217 
-0.0515219 0.0386011 -0.997926 -91.7263 -0.0374755 0.998474 0.0405571 2.21808 0.997969 0.0394874 -0.0499967 15.2374 
-0.0499169 0.0420666 -0.997867 -92.924 -0.0367854 0.998357 0.0439274 2.25015 0.998076 0.0388997 -0.0482874 15.1259 
-0.0512618 0.0441738 -0.997708 -94.0429 -0.0343868 0.998351 0.045969 2.28771 0.998093 0.0366645 -0.0496583 15.0699 
-0.0510257 0.0460643 -0.997634 -95.2013 -0.0348298 0.998246 0.047874 2.31577 0.99809 0.0371902 -0.0493318 14.9862 
-0.0506873 0.047902 -0.997565 -96.3639 -0.0376653 0.998047 0.0498389 2.34917 0.998004 0.0400998 -0.048784 14.9018 
-0.0507983 0.0469035 -0.997607 -97.4782 -0.0383738 0.998067 0.0488792 2.37164 0.997971 0.040765 -0.0489003 14.837 
-0.051351 0.0434515 -0.997735 -98.6472 -0.0407434 0.99813 0.0455657 2.40473 0.997849 0.0429909 -0.0494846 14.7516 
-0.0512408 0.0414038 -0.997828 -99.8158 -0.0417028 0.99818 0.04356 2.44122 0.997815 0.0438443 -0.0494209 14.6702 
-0.051318 0.0396007 -0.997897 -100.973 -0.0417992 0.998253 0.0417644 2.47575 0.997807 0.0438546 -0.049573 14.5957 
-0.052376 0.0395257 -0.997845 -102.088 -0.0402183 0.998322 0.0416556 2.50036 0.997817 0.0423134 -0.0506984 14.5355 
-0.0516624 0.0418126 -0.997789 -103.247 -0.0412575 0.998181 0.0439653 2.53435 0.997812 0.0434377 -0.0498433 14.4515 
-0.0526689 0.0425192 -0.997706 -104.393 -0.0382786 0.998273 0.0445641 2.57966 0.997878 0.040538 -0.0509504 14.3886 
-0.0543471 0.0416155 -0.997655 -105.563 -0.0424252 0.998133 0.0439466 2.60776 0.99762 0.0447141 -0.0524801 14.3076 
-0.0542848 0.0415985 -0.997659 -106.734 -0.0446318 0.998032 0.0440426 2.65803 0.997528 0.0469182 -0.0523214 14.2197 
-0.0535768 0.0413784 -0.997706 -107.907 -0.0486972 0.997844 0.0439992 2.68092 0.997376 0.0509429 -0.0514463 14.1105 
-0.054077 0.03766 -0.997826 -109.079 -0.0500301 0.997931 0.0403754 2.70685 0.997283 0.0521047 -0.052081 14.03 
-0.0554399 0.0338222 -0.997889 -110.239 -0.0498192 0.998088 0.0365967 2.72982 0.997218 0.051743 -0.0536489 13.9471 
-0.0564023 0.0329692 -0.997864 -111.428 -0.0452831 0.998342 0.0355445 2.7571 0.997381 0.0471912 -0.0548158 13.848 
-0.0581356 0.0332405 -0.997755 -112.571 -0.0421233 0.998474 0.0357188 2.76768 0.99742 0.0441053 -0.0566467 13.7847 
-0.0585773 0.0352226 -0.997661 -113.805 -0.040963 0.998451 0.0376556 2.79518 0.997442 0.043073 -0.0570437 13.6989 
-0.0593088 0.0386213 -0.997492 -115.047 -0.040332 0.998343 0.0410523 2.83395 0.997425 0.0426657 -0.0576528 13.6019 
-0.0596163 0.0391923 -0.997452 -116.262 -0.0395095 0.998353 0.0415891 2.86158 0.997439 0.0418882 -0.0579697 13.5061 
-0.0607427 0.0344488 -0.997559 -117.492 -0.0389198 0.998563 0.0368533 2.90247 0.997394 0.0410634 -0.0593146 13.4119 
-0.0628432 0.0305358 -0.997556 -118.711 -0.0400466 0.99865 0.0330921 2.9392 0.99722 0.0420284 -0.0615355 13.3169 
-0.0638734 0.0298165 -0.997513 -119.966 -0.0398151 0.998682 0.032401 2.95936 0.997163 0.0417856 -0.062602 13.2062 
-0.0646643 0.0314788 -0.99741 -121.223 -0.0418337 0.998538 0.0342266 2.97868 0.99703 0.0439387 -0.0632529 13.0933 
-0.0665994 0.0360337 -0.997129 -122.415 -0.0458984 0.998179 0.0391373 2.99761 0.996724 0.0483732 -0.0648242 13.0028 
-0.0670698 0.0389821 -0.996987 -123.661 -0.0518084 0.997752 0.0424974 3.03021 0.996402 0.0545026 -0.0648995 12.8901 
-0.0667954 0.0385134 -0.997023 -124.92 -0.0580601 0.997412 0.0424182 3.06133 0.996076 0.0607206 -0.0643864 12.769 
-0.0669564 0.0358819 -0.997111 -126.168 -0.0613724 0.997313 0.0400103 3.0903 0.995867 0.063874 -0.0645744 12.6376 
-0.0668419 0.0341128 -0.99718 -127.438 -0.0630802 0.997272 0.0383443 3.12716 0.995768 0.0654654 -0.0645077 12.518 
-0.0672443 0.0332737 -0.997182 -128.706 -0.0632219 0.997293 0.0375407 3.15816 0.995732 0.0655682 -0.0649587 12.3964 
-0.0679058 0.0329773 -0.997147 -129.934 -0.0609409 0.99745 0.0371374 3.1697 0.995829 0.0632889 -0.065723 12.2965 
-0.0692377 0.0351841 -0.99698 -131.123 -0.0633066 0.997209 0.0395887 3.16405 0.99559 0.0658564 -0.0668171 12.2019 
-0.0701418 0.0401135 -0.99673 -132.369 -0.0623933 0.997058 0.0445174 3.19601 0.995584 0.0653119 -0.0674326 12.0902 
-0.0709745 0.0446896 -0.996477 -133.645 -0.0612901 0.996913 0.0490746 3.22552 0.995593 0.0645572 -0.0680163 11.9796 
-0.0721764 0.0421024 -0.996503 -134.885 -0.0610717 0.997047 0.0465488 3.28405 0.99552 0.0642179 -0.069392 11.8837 
-0.071314 0.04062 -0.996627 -136.144 -0.0602178 0.997173 0.0449512 3.32576 0.995635 0.0632203 -0.0686663 11.7736 
-0.0713586 0.0407596 -0.996618 -137.369 -0.0595065 0.997211 0.0450446 3.34966 0.995674 0.0625196 -0.0687341 11.6741 
-0.0722595 0.0394883 -0.996604 -138.6 -0.0583421 0.997338 0.0437475 3.38321 0.995678 0.0613051 -0.0697633 11.5779 
-0.0713757 0.0422984 -0.996552 -139.874 -0.0584613 0.997206 0.0465133 3.41225 0.995735 0.0615797 -0.0687034 11.4598 
-0.0719651 0.0462177 -0.996336 -141.125 -0.059222 0.996965 0.0505245 3.44202 0.995647 0.0626411 -0.0690096 11.3531 
-0.0722645 0.0466352 -0.996295 -142.363 -0.060177 0.996883 0.0510275 3.48475 0.995569 0.0636416 -0.0692328 11.27 
-0.0711318 0.0429435 -0.996542 -143.649 -0.0632352 0.996869 0.0474713 3.53645 0.995461 0.0663933 -0.0681936 11.1513 
-0.0709937 0.0396202 -0.99669 -144.914 -0.0622752 0.997086 0.0440718 3.58555 0.995531 0.0651979 -0.0683195 11.0339 
-0.0702368 0.0371226 -0.996839 -146.17 -0.06 0.997341 0.0413689 3.64245 0.995724 0.062716 -0.0678227 10.9145 
-0.0717673 0.0374406 -0.996718 -147.377 -0.0584589 0.99742 0.0416762 3.65964 0.995707 0.0612581 -0.0693934 10.8398 
-0.072326 0.037133 -0.99669 -148.623 -0.0550453 0.997635 0.0411627 3.70132 0.995861 0.0578402 -0.0701109 10.7205 
-0.072738 0.0368966 -0.996668 -149.846 -0.0535144 0.997732 0.0408415 3.71248 0.995914 0.0563069 -0.0705985 10.6107 
-0.0734816 0.0370557 -0.996608 -151.032 -0.0535403 0.997722 0.0410448 3.74 0.995858 0.0563747 -0.0713302 10.5079 
-0.074632 0.039938 -0.996411 -152.281 -0.0503518 0.997772 0.0437639 3.77128 0.995939 0.0534373 -0.0724548 10.4214 
-0.0750765 0.0403086 -0.996363 -153.528 -0.0482657 0.997865 0.0440062 3.81818 0.996009 0.0513941 -0.0729706 10.3043 
-0.0753574 0.0383797 -0.996418 -154.802 -0.0473157 0.997996 0.0420189 3.86037 0.996033 0.0503127 -0.0733904 10.165 
-0.0753887 0.0377789 -0.996438 -156.047 -0.0486718 0.997952 0.0415187 3.91115 0.995966 0.0516285 -0.0733955 10.0315 
-0.0766031 0.0409179 -0.996222 -157.271 -0.0487501 0.997809 0.0447317 3.95906 0.995869 0.0519925 -0.0744405 9.92838 
-0.0779941 0.048111 -0.995792 -158.477 -0.0542898 0.997148 0.0524287 3.97214 0.995475 0.0581505 -0.0751597 9.82885 
-0.077687 0.0468087 -0.995878 -159.688 -0.0576868 0.997013 0.0513621 4.02582 0.995308 0.0614392 -0.0747547 9.71979 
-0.076226 0.0431427 -0.996157 -160.949 -0.0621304 0.996917 0.0479299 4.06799 0.995153 0.0655452 -0.0733105 9.5722 
-0.0763693 0.0381582 -0.996349 -162.149 -0.0644535 0.996989 0.043123 4.09307 0.994994 0.0675115 -0.0736799 9.47368 
-0.078703 0.0349275 -0.996286 -163.347 -0.0649071 0.997086 0.0400829 4.13162 0.994783 0.0678207 -0.0762066 9.39659 
-0.0772923 0.0319675 -0.996496 -164.553 -0.0590496 0.997585 0.0365825 4.16025 0.995258 0.0616703 -0.075218 9.27525 
-0.0785191 0.0291834 -0.996485 -165.734 -0.0554906 0.997894 0.0335971 4.16694 0.995367 0.0579336 -0.0767343 9.18033 
-0.0795258 0.0266642 -0.996476 -166.96 -0.0483588 0.998362 0.030574 4.1869 0.995659 0.0506199 -0.0781061 9.07047 
-0.0785374 0.0286717 -0.996499 -168.213 -0.0477577 0.998331 0.0324883 4.22752 0.995767 0.0501421 -0.077037 8.91254 
-0.0783825 0.0344712 -0.996327 -169.437 -0.0465849 0.998184 0.0382003 4.25263 0.995834 0.0494081 -0.0766343 8.80314 
-0.0771943 0.0370074 -0.996329 -170.656 -0.0484918 0.997989 0.0408261 4.28617 0.995836 0.0514654 -0.0752445 8.69293 
-0.0763996 0.0334387 -0.996516 -171.889 -0.0490007 0.998104 0.0372487 4.31856 0.995873 0.0516758 -0.0746162 8.58012 
-0.0761825 0.0327387 -0.996556 -173.115 -0.0522531 0.997956 0.0367792 4.35168 0.995724 0.0548751 -0.0743161 8.4698 
-0.073629 0.0341436 -0.996701 -174.325 -0.0516612 0.997941 0.0380025 4.37358 0.995947 0.0542889 -0.0717135 8.34142 
-0.0738186 0.0324058 -0.996745 -175.528 -0.0511866 0.998031 0.0362385 4.39979 0.995957 0.0536951 -0.0720146 8.23721 
-0.0718745 0.0310011 -0.996932 -176.706 -0.0505002 0.998122 0.034679 4.41742 0.996134 0.0528378 -0.070174 8.12824 
-0.0703996 0.0323697 -0.996994 -177.843 -0.0513371 0.998031 0.0360284 4.43863 0.996197 0.0537192 -0.0685993 8.02253 
-0.0703102 0.0333335 -0.996968 -178.982 -0.0486901 0.998136 0.0368064 4.47084 0.996336 0.0511304 -0.0685561 7.94908 
-0.0698479 0.0348867 -0.996947 -180.104 -0.0501538 0.998002 0.0384374 4.48459 0.996296 0.0526855 -0.0679587 7.83749 
-0.0696695 0.0355091 -0.996938 -181.16 -0.0507702 0.997945 0.0390929 4.49986 0.996277 0.0533384 -0.0677235 7.75072 
-0.0704182 0.034985 -0.996904 -182.215 -0.0483887 0.998088 0.0384446 4.52962 0.996343 0.0509462 -0.0685907 7.65848 
-0.0701803 0.0343322 -0.996943 -183.238 -0.0487813 0.998094 0.0378058 4.541 0.996341 0.0512855 -0.0683718 7.5699 
-0.0680623 0.0344113 -0.997087 -184.226 -0.0500049 0.998031 0.0378573 4.55921 0.996427 0.052436 -0.0662076 7.47663 
-0.0683713 0.0343229 -0.997069 -185.162 -0.0507779 0.997993 0.0378367 4.57843 0.996367 0.0532161 -0.0664912 7.41822 
-0.0708617 0.0328117 -0.996946 -186.11 -0.0481655 0.99818 0.0362758 4.59044 0.996323 0.050589 -0.0691523 7.35498 
-0.0749935 0.0306199 -0.996714 -187.032 -0.0457102 0.998372 0.0341102 4.59411 0.996136 0.0481181 -0.0734717 7.28531 
-0.081447 0.0267755 -0.996318 -187.952 -0.0453995 0.998502 0.0305455 4.60913 0.995643 0.0477202 -0.0801094 7.2096 
-0.0888038 0.0235077 -0.995772 -188.87 -0.0465314 0.998532 0.0277226 4.61741 0.994962 0.0487965 -0.0875796 7.15474 
-0.0940247 0.0220265 -0.995326 -189.788 -0.0485929 0.998462 0.0266863 4.62919 0.994383 0.050875 -0.0928098 7.06792 
-0.096833 0.0222335 -0.995052 -190.736 -0.0501933 0.998369 0.0271922 4.65857 0.994034 0.0525781 -0.0955591 6.93714 
-0.0988518 0.0250012 -0.994788 -191.679 -0.0498317 0.998306 0.0300413 4.65784 0.993854 0.0525417 -0.0974384 6.82328 
-0.100564 0.0263939 -0.99458 -192.585 -0.0481221 0.998349 0.0313596 4.68056 0.993766 0.051015 -0.0991278 6.71258 
-0.102747 0.0267613 -0.994347 -193.495 -0.0479387 0.998343 0.0318224 4.69449 0.993552 0.0509374 -0.101294 6.60435 
-0.105576 0.0246191 -0.994106 -194.386 -0.0484312 0.99838 0.0298684 4.71866 0.993231 0.0512992 -0.104213 6.51499 
-0.108357 0.0236725 -0.99383 -195.27 -0.0501654 0.998313 0.0292487 4.72374 0.992846 0.0530252 -0.106986 6.42168 
-0.108057 0.0224817 -0.993891 -196.161 -0.052601 0.998215 0.0282983 4.74399 0.992752 0.0553375 -0.106681 6.29916 
-0.106028 0.0204543 -0.994153 -197.071 -0.056822 0.99803 0.0265942 4.76351 0.992738 0.0593095 -0.104657 6.15696 
-0.106648 0.0169032 -0.994153 -197.988 -0.0559789 0.998168 0.0229766 4.78283 0.99272 0.0581021 -0.105506 6.06648 
-0.106622 0.0143957 -0.994195 -198.918 -0.0550657 0.998275 0.0203603 4.78195 0.992774 0.0569169 -0.105646 5.95391 
-0.105181 0.0157746 -0.994328 -199.81 -0.0544042 0.998286 0.0215923 4.77092 0.992964 0.0563668 -0.104143 5.82199 
-0.104002 0.0178225 -0.994417 -200.741 -0.0525799 0.998343 0.023392 4.79278 0.993186 0.0547192 -0.102893 5.69775 
-0.104156 0.0190839 -0.994378 -201.67 -0.0534037 0.998266 0.0247524 4.79503 0.993126 0.0556816 -0.102957 5.56968 
-0.103375 0.0163221 -0.994509 -202.609 -0.0488053 0.998578 0.021462 4.80046 0.993444 0.050756 -0.102431 5.4556 
-0.102431 0.0117992 -0.99467 -203.529 -0.046744 0.998768 0.0166616 4.82519 0.993641 0.0482016 -0.101754 5.33013 
-0.101498 0.0129576 -0.994751 -204.476 -0.0515068 0.998506 0.0182619 4.8227 0.993501 0.05309 -0.100679 5.20349 
-0.101537 0.0156351 -0.994709 -205.412 -0.0531429 0.998364 0.0211172 4.8363 0.993411 0.0550059 -0.10054 5.10378 
-0.100649 0.0155732 -0.9948 -206.367 -0.0510248 0.998481 0.0207933 4.83968 0.993613 0.0528524 -0.0997018 5.00803 
-0.0988835 0.0167859 -0.994957 -207.309 -0.0494946 0.998537 0.0217653 4.85866 0.993867 0.0513973 -0.097908 4.90947 
-0.0993677 0.0208 -0.994833 -208.3 -0.0475012 0.998543 0.0256222 4.8835 0.993916 0.0498018 -0.0982349 4.80955 
-0.0975041 0.0252557 -0.994915 -209.294 -0.0444592 0.998569 0.0297056 4.89344 0.994242 0.0471295 -0.0962417 4.69071 
-0.0990592 0.0269125 -0.994718 -210.233 -0.0426891 0.998599 0.0312688 4.88694 0.994165 0.0455611 -0.0977716 4.63638 
-0.0975457 0.0271533 -0.994861 -211.232 -0.045601 0.998456 0.0317226 4.90949 0.994186 0.0484611 -0.0961569 4.51806 
-0.0957117 0.0282915 -0.995007 -212.224 -0.0476281 0.998321 0.0329672 4.92954 0.994269 0.0505457 -0.0942036 4.41595 
-0.0919018 0.0278022 -0.99538 -213.224 -0.0491084 0.998267 0.0324169 4.95175 0.994556 0.0518607 -0.0903772 4.30335 
-0.0903661 0.0243989 -0.99561 -214.222 -0.0506153 0.998295 0.0290588 4.97127 0.994622 0.0530191 -0.0889771 4.20565 
-0.0868654 0.0217459 -0.995983 -215.242 -0.0499108 0.998411 0.026152 4.97584 0.994969 0.051982 -0.085642 4.09101 
-0.0865181 0.0206067 -0.996037 -216.263 -0.049923 0.99844 0.0249928 4.99299 0.994999 0.0518875 -0.0853544 3.99713 
-0.086986 0.0237147 -0.995927 -217.271 -0.0505472 0.998324 0.0281867 4.99795 0.994926 0.0527932 -0.0856415 3.90772 
-0.0869355 0.0262931 -0.995867 -218.335 -0.0508395 0.998232 0.0307936 5.02253 0.994916 0.0533065 -0.0854451 3.81549 
-0.0859916 0.0261803 -0.995952 -219.366 -0.050918 0.998233 0.0306365 5.03064 0.994994 0.0533464 -0.0845066 3.70082 
-0.0852121 0.0233971 -0.996088 -220.45 -0.0490022 0.998416 0.0276438 5.05219 0.995157 0.0511661 -0.0839306 3.58429 
-0.0850867 0.0202771 -0.996167 -221.526 -0.0462655 0.998634 0.024279 5.07617 0.995299 0.048154 -0.0840323 3.46089 
-0.0852587 0.0190942 -0.996176 -222.628 -0.0443975 0.99875 0.0229434 5.09236 0.995369 0.0461839 -0.0843044 3.35357 
-0.0861092 0.0177997 -0.996127 -223.732 -0.0437673 0.998808 0.021631 5.10498 0.995324 0.0454604 -0.0852275 3.25934 
-0.0864716 0.0175237 -0.9961 -224.832 -0.0444166 0.998783 0.0214267 5.11512 0.995264 0.0460963 -0.0855881 3.15363 
-0.0879073 0.0179202 -0.995967 -225.927 -0.0465888 0.99867 0.0220809 5.13507 0.995039 0.0483421 -0.0869555 3.04783 
-0.0892395 0.020456 -0.9958 -227.014 -0.0483405 0.998522 0.0248439 5.13994 0.994836 0.0503546 -0.0881187 2.94692 
-0.0898041 0.0216989 -0.995723 -228.114 -0.0477483 0.998519 0.0260662 5.15913 0.994814 0.049885 -0.0886351 2.81259 
-0.0920825 0.0227159 -0.995492 -229.227 -0.0481502 0.998469 0.0272377 5.17879 0.994587 0.0504413 -0.0908477 2.70432 
-0.0926528 0.0226855 -0.99544 -230.358 -0.0506941 0.998336 0.02747 5.20778 0.994407 0.0530081 -0.0913486 2.57265 
-0.0946825 0.0221284 -0.995262 -231.491 -0.0537433 0.998181 0.0273061 5.20362 0.994056 0.056074 -0.0933211 2.443 
-0.0955102 0.01695 -0.995284 -232.682 -0.0513453 0.99844 0.021931 5.2249 0.994103 0.0531978 -0.0944909 2.29545 
-0.0974605 0.0116737 -0.995171 -233.852 -0.0483134 0.998697 0.0164466 5.22995 0.994066 0.049683 -0.0967695 2.16714 
-0.0991278 0.00849181 -0.995039 -235.057 -0.0447123 0.998916 0.0129792 5.2315 0.99407 0.0457771 -0.0986406 2.0211 
-0.101047 0.00932306 -0.994838 -236.245 -0.0390313 0.999149 0.0133279 5.23401 0.994116 0.0401766 -0.100597 1.89513 
-0.103892 0.0142333 -0.994487 -237.41 -0.0354094 0.999211 0.0180001 5.22866 0.993958 0.0370843 -0.103306 1.75642 
-0.107719 0.0176421 -0.994025 -238.595 -0.0323455 0.999251 0.02124 5.22694 0.993655 0.0344402 -0.107068 1.6414 
-0.110941 0.016928 -0.993683 -239.815 -0.0310473 0.999308 0.0204902 5.24847 0.993342 0.0331244 -0.110339 1.49826 
-0.113504 0.0182541 -0.99337 -241.028 -0.0316224 0.999258 0.0219756 5.24845 0.993034 0.0339071 -0.112842 1.35121 
-0.115701 0.0198209 -0.993086 -242.23 -0.0295641 0.999289 0.0233891 5.25401 0.992844 0.0320659 -0.115033 1.17941 
-0.118768 0.0192923 -0.992735 -243.424 -0.0274656 0.999365 0.0227071 5.27232 0.992542 0.029963 -0.118163 1.03333 
-0.121108 0.0176976 -0.992482 -244.579 -0.0263211 0.999432 0.0210334 5.26655 0.99229 0.0286705 -0.120573 0.874801 
-0.122303 0.0187176 -0.992316 -245.823 -0.0284894 0.999344 0.0223615 5.26408 0.992084 0.0310054 -0.121689 0.663035 
-0.126916 0.0197528 -0.991717 -247.039 -0.0264962 0.999377 0.0232963 5.27561 0.99156 0.0292334 -0.126313 0.516722 
-0.129077 0.0192697 -0.991447 -248.272 -0.0277768 0.999349 0.0230396 5.29053 0.991245 0.0305132 -0.128458 0.324809 
-0.131203 0.0198365 -0.991157 -249.525 -0.0285806 0.999309 0.023783 5.29883 0.990943 0.0314483 -0.130546 0.127912 
-0.133346 0.0220794 -0.990824 -250.792 -0.0305675 0.999185 0.0263795 5.302 0.990598 0.0338046 -0.132563 -0.068558 
-0.133965 0.022138 -0.990739 -252.032 -0.0327221 0.999107 0.0267496 5.32086 0.990446 0.0360026 -0.133121 -0.280608 
-0.136689 0.0223783 -0.990361 -253.237 -0.0339891 0.99905 0.0272658 5.32088 0.990031 0.0373884 -0.135799 -0.455509 
-0.136883 0.0211961 -0.99036 -254.494 -0.0330455 0.999117 0.0259509 5.34426 0.990036 0.0362792 -0.136062 -0.650581 
-0.136209 0.0204062 -0.99047 -255.747 -0.0321644 0.99917 0.0250086 5.34941 0.990158 0.0352643 -0.135439 -0.853321 
-0.136334 0.0201322 -0.990458 -257.006 -0.0303654 0.999239 0.0244904 5.35664 0.990198 0.0334146 -0.135619 -1.04989 
-0.136689 0.0204148 -0.990404 -258.244 -0.0293082 0.999267 0.0246424 5.35574 0.99018 0.0323953 -0.13599 -1.23437 
-0.137151 0.0203331 -0.990341 -259.475 -0.0282498 0.999302 0.0244294 5.36576 0.990147 0.0313275 -0.136481 -1.42781 
-0.136668 0.0208162 -0.990398 -260.764 -0.0275871 0.999312 0.0248104 5.3645 0.990233 0.030713 -0.135999 -1.64086 
-0.136718 0.0208158 -0.990391 -262.011 -0.026969 0.99933 0.0247266 5.38064 0.990243 0.0300905 -0.136065 -1.83546 
-0.137042 0.0219374 -0.990322 -263.257 -0.0237459 0.999395 0.0254244 5.38998 0.990281 0.0270003 -0.136438 -2.03006 
-0.138451 0.0250834 -0.990052 -264.511 -0.0191449 0.999425 0.0279981 5.39418 0.990184 0.0228308 -0.137891 -2.20587 
-0.139559 0.0289091 -0.989792 -265.746 -0.0153194 0.999391 0.0313494 5.40357 0.990095 0.0195381 -0.139031 -2.39424 
-0.139885 0.0311561 -0.989678 -266.988 -0.0129898 0.999361 0.033297 5.42455 0.990083 0.0175135 -0.139391 -2.58492 
-0.139608 0.0296778 -0.989762 -268.204 -0.0138998 0.999394 0.0319272 5.4379 0.990109 0.0182149 -0.139111 -2.78997 
-0.139557 0.026824 -0.989851 -269.415 -0.0167929 0.999425 0.0294511 5.46881 0.990072 0.0207326 -0.139026 -2.99036 
-0.13977 0.0289613 -0.98976 -270.607 -0.0232259 0.999201 0.0325174 5.48375 0.989912 0.0275331 -0.138986 -3.18696 
-0.139557 0.0343124 -0.989619 -271.828 -0.0286056 0.998843 0.0386662 5.50046 0.989801 0.0337048 -0.138414 -3.40022 
-0.139798 0.032842 -0.989635 -273.057 -0.0326145 0.998755 0.0377519 5.52807 0.989643 0.0375542 -0.138553 -3.60367 
-0.139382 0.0261868 -0.989892 -274.252 -0.0330139 0.998972 0.0310755 5.54559 0.989688 0.0370116 -0.138374 -3.80323 
-0.13974 0.0202924 -0.98998 -275.467 -0.0292338 0.99927 0.0246093 5.57322 0.989757 0.0323798 -0.139045 -4.01093 
-0.140608 0.0203209 -0.989857 -276.658 -0.0234328 0.999441 0.0238462 5.576 0.989788 0.0265481 -0.140053 -4.18562 
-0.140665 0.0216904 -0.98982 -277.874 -0.0198968 0.999496 0.0247301 5.59411 0.989857 0.0231729 -0.140163 -4.35558 
-0.13716 0.0240354 -0.990257 -279.096 -0.0202075 0.99943 0.027057 5.60085 0.990343 0.0237218 -0.136596 -4.58745 
-0.13541 0.0265113 -0.990435 -280.324 -0.0219551 0.999316 0.0297507 5.6132 0.990546 0.0257737 -0.134736 -4.79851 
-0.134747 0.0287718 -0.990462 -281.537 -0.0239231 0.999193 0.03228 5.60277 0.990591 0.0280446 -0.13395 -4.98883 
-0.133856 0.0291403 -0.990572 -282.721 -0.024714 0.999159 0.0327325 5.62102 0.990693 0.0288625 -0.133023 -5.18568 
-0.133602 0.0285838 -0.990623 -283.958 -0.0243854 0.999187 0.0321197 5.63206 0.990735 0.028448 -0.132797 -5.37097 
-0.132857 0.0270911 -0.990765 -285.179 -0.025114 0.999213 0.0306898 5.64794 0.990817 0.0289595 -0.132072 -5.58518 
-0.134178 0.0265211 -0.990602 -286.423 -0.023149 0.999285 0.0298891 5.6479 0.990687 0.0269419 -0.133468 -5.74401 
-0.134061 0.0266582 -0.990614 -287.624 -0.0236142 0.999268 0.0300868 5.65179 0.990692 0.0274261 -0.133334 -5.92274 
-0.134893 0.0250782 -0.990543 -288.804 -0.0248405 0.99928 0.0286822 5.68957 0.990549 0.0284746 -0.134173 -6.0731 
-0.134466 0.0251244 -0.9906 -289.971 -0.0247424 0.999282 0.0287032 5.70364 0.990609 0.0283695 -0.133748 -6.2883 
-0.133385 0.0266143 -0.990707 -291.192 -0.0233043 0.999279 0.0299821 5.69715 0.99079 0.0270869 -0.132669 -6.49329 
-0.133348 0.0232744 -0.990796 -292.448 -0.0217483 0.999415 0.0264039 5.73873 0.990831 0.0250691 -0.132764 -6.68683 
-0.133325 0.0203519 -0.990863 -293.709 -0.0216858 0.99949 0.023447 5.75734 0.990835 0.0246138 -0.132815 -6.89025 
-0.134157 0.0171931 -0.990811 -294.941 -0.0237896 0.999505 0.0205652 5.76833 0.990674 0.02633 -0.133682 -7.08863 
-0.13606 0.0163663 -0.990566 -296.092 -0.0243912 0.999505 0.0198642 5.7563 0.9904 0.0268639 -0.135593 -7.24427 
-0.136728 0.015773 -0.990483 -297.295 -0.0268244 0.999448 0.0196187 5.76318 0.990245 0.0292516 -0.13623 -7.44325 
-0.137785 0.0164161 -0.990326 -298.484 -0.028785 0.999374 0.0205709 5.7665 0.990044 0.0313409 -0.137226 -7.62423 
-0.138697 0.016978 -0.990189 -299.713 -0.0324289 0.999239 0.0216755 5.76762 0.989804 0.0351171 -0.138041 -7.82116 
-0.136607 0.0161817 -0.990493 -300.97 -0.0337208 0.999211 0.0209748 5.7869 0.990051 0.0362655 -0.135953 -8.07292 
-0.136221 0.0138251 -0.990582 -302.208 -0.0336271 0.999262 0.0185705 5.79894 0.990108 0.0358401 -0.135655 -8.28899 
-0.136725 0.0113275 -0.990544 -303.42 -0.0296504 0.99944 0.0155218 5.80543 0.990165 0.0314923 -0.136312 -8.48333 
-0.138325 0.0112333 -0.990323 -304.647 -0.0282963 0.999483 0.0152895 5.81821 0.989983 0.0301375 -0.137936 -8.68565 
-0.139313 0.0144344 -0.990143 -305.857 -0.0260332 0.999495 0.0182336 5.78627 0.989906 0.0283168 -0.138867 -8.88513 
-0.141627 0.0152362 -0.989803 -307.098 -0.0236075 0.999545 0.0187641 5.7912 0.989639 0.0260244 -0.141203 -9.05645 
