1 -4.23778e-08 4.22719e-08 0 -4.23778e-08 1 -4.19404e-08 0 4.22719e-08 -4.19404e-08 1 0 
0.99999 -0.00322538 -0.00315461 -0.0256808 0.00321937 0.999993 -0.00188144 -0.0112393 0.00316074 0.00187118 0.999993 0.659759 
0.999977 -0.000810357 -0.00670187 -0.0521643 0.000785585 0.999993 -0.00368544 -0.0048244 0.00670489 0.00368001 0.999971 1.35691 
0.99994 -0.00115914 -0.0109173 -0.0697481 0.00110258 0.999986 -0.00517726 -0.0121037 0.0109232 0.00516483 0.999927 2.06676 
0.999877 0.000399706 -0.0156815 -0.106724 -0.000491917 0.999983 -0.00587143 -0.0155661 0.015679 0.00587834 0.99986 2.7856 
0.999794 -0.000630794 -0.0202766 -0.131249 0.000504606 0.99998 -0.00622369 -0.0233322 0.0202802 0.00621209 0.999775 3.52012 
0.999696 0.00151174 -0.0245971 -0.177467 -0.00168352 0.999974 -0.00696136 -0.0380175 0.024586 0.00700057 0.999673 4.25708 
0.999553 0.00416857 -0.0296175 -0.208029 -0.00439194 0.999962 -0.00747777 -0.0473116 0.0295853 0.00760442 0.999533 5.02704 
0.999439 0.00466032 -0.0331617 -0.264255 -0.00486566 0.999969 -0.00611154 -0.0507905 0.0331323 0.00626938 0.999431 5.78828 
0.999317 0.00403897 -0.0367239 -0.325658 -0.00420288 0.999981 -0.004385 -0.0380522 0.0367056 0.00453627 0.999316 6.5671 
0.999158 0.00411434 -0.0408297 -0.356027 -0.00413925 0.999991 -0.000523632 -0.0668922 0.0408273 0.00069211 0.999166 7.38113 
0.99906 0.00551743 -0.0430025 -0.421127 -0.00560229 0.999983 -0.00185105 -0.0620703 0.0429916 0.00209013 0.999073 8.20744 
0.998965 0.00469766 -0.0452445 -0.479472 -0.00480055 0.999986 -0.0021639 -0.0601477 0.0452337 0.00237878 0.998974 9.02859 
0.998912 0.00149471 -0.0466072 -0.533428 -0.0016187 0.999995 -0.00262091 -0.0633468 0.0466031 0.00269341 0.99891 9.85559 
0.998824 0.000615799 -0.0484809 -0.583262 -0.000731074 0.999997 -0.00235833 -0.0618208 0.0484794 0.00239091 0.998821 10.707 
0.998803 0.000381478 -0.0489086 -0.658975 -0.000502126 0.999997 -0.00245285 -0.0761158 0.0489076 0.00247439 0.9988 11.5424 
0.998732 0.00376825 -0.0501995 -0.721204 -0.00401092 0.999981 -0.00473257 -0.0834266 0.0501808 0.00492783 0.998728 12.4143 
0.998659 0.00409874 -0.0516068 -0.776466 -0.00449205 0.999962 -0.00750606 -0.0960255 0.0515742 0.00772773 0.998639 13.2892 
0.998552 0.00832946 -0.0531513 -0.846825 -0.00884401 0.999916 -0.00945134 -0.100764 0.0530682 0.00990763 0.998542 14.1691 
0.998479 0.00816443 -0.0545211 -0.913305 -0.00867973 0.99992 -0.00921981 -0.1124 0.0544415 0.00967893 0.99847 15.0562 
0.9984 0.00792947 -0.0559777 -0.972717 -0.0083868 0.999933 -0.00793806 -0.132103 0.0559111 0.00839475 0.9984 15.9556 
0.998294 0.00736536 -0.057919 -1.02719 -0.00776908 0.999947 -0.00674691 -0.138705 0.0578663 0.00718529 0.998298 16.8517 
0.998288 0.00726893 -0.058032 -1.11194 -0.00767776 0.999947 -0.00682356 -0.155304 0.0579794 0.00725735 0.998291 17.7369 
0.99823 0.008015 -0.0589217 -1.19094 -0.00846542 0.999937 -0.00739735 -0.176908 0.0588588 0.00788297 0.998235 18.6522 
0.998299 0.00630336 -0.0579584 -1.29599 -0.00677976 0.999945 -0.00802522 -0.189438 0.0579047 0.00840443 0.998287 19.5624 
0.998224 0.00674506 -0.05919 -1.34853 -0.00714734 0.999953 -0.006586 -0.20401 0.0591429 0.00699726 0.998225 20.4895 
0.99819 0.0080193 -0.0595941 -1.40872 -0.00823574 0.99996 -0.00338579 -0.213681 0.0595646 0.00387038 0.998217 21.4211 
0.998235 0.00827402 -0.0588012 -1.48034 -0.00824012 0.999966 0.000820367 -0.234804 0.0588061 -0.000334476 0.998269 22.3356 
0.99828 0.00769301 -0.0581204 -1.5385 -0.00752527 0.999967 0.00310573 -0.235636 0.0581424 -0.0026631 0.998305 23.2882 
0.99837 0.00768537 -0.0565601 -1.60331 -0.00744053 0.999962 0.00453957 -0.256166 0.056593 -0.00411142 0.998389 24.2354 
0.998462 0.00840735 -0.0547961 -1.68377 -0.00831163 0.999963 0.00197602 -0.264603 0.0548108 -0.00151763 0.998496 25.1755 
0.998477 0.00982268 -0.0542803 -1.74996 -0.0100546 0.999941 -0.00400027 -0.2555 0.0542379 0.00453986 0.998518 26.1111 
0.99854 0.00855829 -0.0533389 -1.81949 -0.00889614 0.999942 -0.0060982 -0.278751 0.0532837 0.00656372 0.998558 27.0635 
0.99854 0.00526391 -0.0537548 -1.86271 -0.00555033 0.999971 -0.00517887 -0.289916 0.0537261 0.00546958 0.998541 28.0145 
0.99851 0.00361358 -0.0544394 -1.92207 -0.00366784 0.999993 -0.000895237 -0.300523 0.0544358 0.00109349 0.998517 28.992 
0.998477 0.000881273 -0.0551588 -1.98648 -0.000730921 0.999996 0.00274741 -0.30955 0.0551611 -0.00270299 0.998474 29.9811 
0.99838 -0.00630972 -0.0565532 -2.0443 0.00642294 0.999978 0.00182199 -0.322328 0.0565406 -0.00218236 0.998398 30.9625 
0.998317 -0.00820187 -0.0574093 -2.12413 0.00812215 0.999966 -0.00162031 -0.336829 0.0574207 0.00115121 0.998349 31.9435 
0.998205 -0.00659102 -0.0595192 -2.18813 0.00620258 0.999958 -0.00670728 -0.338951 0.059561 0.00632598 0.998205 32.9062 
0.99807 -0.00559162 -0.0618531 -2.25736 0.00515277 0.99996 -0.00725094 -0.355692 0.0618913 0.00691814 0.998059 33.9237 
0.998072 -0.00569803 -0.0617963 -2.35305 0.00533137 0.999967 -0.00609533 -0.366839 0.0618291 0.00575403 0.99807 34.8876 
0.998035 -0.00170969 -0.0626395 -2.4424 0.00145133 0.99999 -0.00416852 -0.383093 0.0626461 0.00406933 0.998027 35.8726 
0.997925 -0.00168414 -0.0643695 -2.51632 0.00147847 0.999994 -0.00324146 -0.387998 0.0643746 0.00313947 0.997921 36.8756 
0.997879 -4.15522e-05 -0.0650903 -2.60616 2.18924e-05 1 -0.000301493 -0.407734 0.0650904 0.000299342 0.997879 37.8542 
0.997938 0.00195963 -0.0641499 -2.70065 -0.00181881 0.999996 0.00225487 -0.412721 0.0641542 -0.00213363 0.997938 38.8609 
0.997904 0.00818975 -0.0641933 -2.80185 -0.00795195 0.99996 0.00396034 -0.419368 0.0642233 -0.00344167 0.99793 39.8425 
0.997934 0.00937054 -0.0635519 -2.89392 -0.0092028 0.999953 0.00293295 -0.424111 0.0635765 -0.00234212 0.997974 40.8348 
0.997963 0.00927393 -0.0631139 -2.97713 -0.00917271 0.999956 0.00189461 -0.446864 0.0631288 -0.00131191 0.998004 41.8293 
0.997951 0.010699 -0.0630764 -3.06402 -0.0107592 0.999942 -0.000613575 -0.453626 0.0630662 0.00129089 0.998008 42.8465 
0.99794 0.0107899 -0.0632383 -3.15067 -0.0108512 0.999941 -0.000624259 -0.478802 0.0632279 0.0013091 0.997998 43.8492 
0.997958 0.00905997 -0.0632271 -3.25462 -0.0090461 0.999959 0.000506794 -0.493931 0.0632292 6.61144e-05 0.997999 44.8274 
0.997967 0.00940209 -0.063041 -3.35176 -0.00935891 0.999956 0.000981456 -0.495997 0.0630475 -0.000389551 0.99801 45.7781 
0.997986 0.0120697 -0.0622792 -3.44533 -0.0122609 0.999921 -0.00268823 -0.515298 0.0622419 0.00344633 0.998055 46.7403 
0.997946 0.0134698 -0.0626343 -3.53628 -0.0138999 0.999883 -0.00643534 -0.53504 0.0625404 0.00729264 0.998016 47.6918 
0.997911 0.0136964 -0.0631308 -3.61731 -0.0142575 0.999863 -0.00844536 -0.543552 0.0630066 0.00932773 0.997969 48.6611 
0.997947 0.0120806 -0.0628947 -3.70176 -0.0124638 0.999906 -0.00570355 -0.552138 0.0628199 0.00647566 0.998004 49.6055 
0.998032 0.0102081 -0.0618611 -3.79132 -0.0103424 0.999945 -0.00185024 -0.582828 0.0618388 0.00248631 0.998083 50.5531 
0.997999 0.00883451 -0.0626071 -3.85922 -0.00896337 0.999958 -0.00177626 -0.594834 0.0625889 0.00233379 0.998037 51.5149 
0.998031 0.0062774 -0.0624129 -3.93236 -0.00649351 0.999974 -0.00325909 -0.61369 0.0623909 0.00365787 0.998045 52.4752 
0.998023 0.00392187 -0.0627335 -4.00349 -0.00427773 0.999975 -0.00553793 -0.617771 0.0627103 0.00579525 0.998015 53.4219 
0.997925 0.00316805 -0.0643119 -4.07241 -0.00347307 0.999983 -0.00463024 -0.634596 0.0642962 0.00484391 0.997919 54.3723 
0.997857 -0.000330733 -0.0654239 -4.14504 0.000287834 1 -0.000663892 -0.650677 0.0654242 0.000643552 0.997857 55.323 
0.997855 -0.00111791 -0.0654529 -4.23745 0.00139891 0.99999 0.0042487 -0.665959 0.0654475 -0.00433124 0.997847 56.2564 
0.997812 0.000622972 -0.0661136 -4.31932 -0.000221893 0.999981 0.00607492 -0.673193 0.0661162 -0.00604705 0.997794 57.199 
0.997742 0.0019728 -0.067131 -4.40281 -0.00185121 0.999996 0.00187474 -0.689653 0.0671346 -0.00174632 0.997742 58.1091 
0.997655 0.00384742 -0.068338 -4.48543 -0.00423863 0.999975 -0.00557944 -0.711273 0.0683149 0.00585593 0.997647 59.0204 
0.997558 0.00568806 -0.0696026 -4.56491 -0.00637707 0.999933 -0.00967983 -0.741083 0.0695429 0.0101 0.997528 59.946 
0.997462 0.00960103 -0.0705541 -4.64996 -0.0102314 0.999911 -0.00857688 -0.766366 0.0704655 0.00927689 0.997471 60.8493 
0.997246 0.0122295 -0.0731465 -4.72194 -0.0127757 0.999894 -0.00700298 -0.775419 0.0730532 0.00791811 0.997297 61.7559 
0.997151 0.0148472 -0.0739586 -4.80831 -0.015278 0.999869 -0.00526115 -0.80225 0.0738709 0.00637602 0.997247 62.6391 
0.997106 0.0155133 -0.0744208 -4.89213 -0.016018 0.999852 -0.00618841 -0.813014 0.0743139 0.00736249 0.997208 63.4964 
0.996952 0.0173614 -0.0760609 -4.97059 -0.0178257 0.999826 -0.00542797 -0.834112 0.0759535 0.00676718 0.997088 64.367 
0.996828 0.0188162 -0.0773314 -5.05512 -0.0193259 0.999796 -0.00584739 -0.844038 0.0772057 0.00732325 0.996988 65.2094 
0.996714 0.0176523 -0.0790518 -5.12935 -0.0181063 0.999823 -0.00502931 -0.868609 0.0789492 0.00644404 0.996858 66.043 
0.996604 0.0187324 -0.0801851 -5.20737 -0.0191855 0.999804 -0.00488191 -0.883098 0.0800781 0.00640364 0.996768 66.8383 
0.996533 0.019767 -0.0808157 -5.31076 -0.0199908 0.999798 -0.00195963 -0.906329 0.0807608 0.00356832 0.996727 67.5621 
0.996428 0.0219337 -0.081551 -5.39988 -0.0219357 0.999759 0.000872428 -0.905359 0.0815506 0.000919483 0.996669 68.3454 
0.996228 0.0248964 -0.0831222 -5.48394 -0.02468 0.999689 0.0036316 -0.925634 0.0831869 -0.00156654 0.996533 69.1281 
0.996055 0.0273682 -0.0844089 -5.56824 -0.0274832 0.999622 -0.000199331 -0.943739 0.0843717 0.00251828 0.996431 69.8829 
0.995862 0.0275862 -0.0865891 -5.62516 -0.0283464 0.999569 -0.00756085 -0.957389 0.0863434 0.00998397 0.996215 70.6215 
0.995776 0.0261785 -0.0880058 -5.71236 -0.0275117 0.999524 -0.01397 -0.967656 0.0875983 0.0163321 0.996022 71.3401 
0.995701 0.0267636 -0.0886687 -5.78401 -0.0282174 0.999486 -0.0151817 -0.975218 0.088217 0.0176184 0.995945 72.0352 
0.995492 0.0308887 -0.0896707 -5.85111 -0.0321074 0.99941 -0.0121786 -0.984461 0.0892417 0.0150027 0.995897 72.7126 
0.995316 0.0305345 -0.0917229 -5.91175 -0.0316604 0.99944 -0.0108441 -0.992514 0.0913405 0.0136973 0.995725 73.3586 
0.995346 0.0275744 -0.0923379 -5.99028 -0.0288673 0.999503 -0.0126945 -1.04098 0.091942 0.0153008 0.995647 73.9806 
0.995469 0.0194646 -0.0930758 -6.03053 -0.0211839 0.999622 -0.017518 -1.06634 0.0926998 0.0194103 0.995505 74.5936 
0.995647 0.0152906 -0.0919448 -6.09436 -0.0173852 0.999606 -0.0220227 -1.09616 0.0915719 0.0235252 0.99552 75.1708 
0.99588 0.0174053 -0.088999 -6.15629 -0.019407 0.999577 -0.0216742 -1.12536 0.0885841 0.023312 0.995796 75.7636 
0.996154 0.0226651 -0.0846367 -6.22693 -0.0242867 0.99954 -0.0181779 -1.15353 0.0841858 0.0201634 0.996246 76.3428 
0.996519 0.0218536 -0.0804468 -6.26495 -0.0232483 0.999594 -0.0164399 -1.15086 0.080055 0.0182529 0.996623 76.9207 
0.997058 0.0173928 -0.0746531 -6.30876 -0.0183718 0.999754 -0.0124461 -1.17285 0.0744184 0.0137809 0.997132 77.4556 
0.997646 0.0129867 -0.0673286 -6.32233 -0.0136163 0.999868 -0.00889852 -1.19583 0.0672042 0.00979426 0.997691 77.9806 
0.998241 0.0163892 -0.0569678 -6.35055 -0.0169132 0.999819 -0.00872603 -1.2143 0.0568145 0.00967411 0.998338 78.4899 
0.998864 0.0217239 -0.0424071 -6.36787 -0.0221558 0.999707 -0.00973841 -1.22518 0.0421832 0.0106668 0.999053 78.9923 
0.999352 0.0268022 -0.0240174 -6.39608 -0.0270563 0.999581 -0.0103171 -1.22405 0.0237309 0.0109601 0.999658 79.4802 
0.999675 0.0254542 -0.00127319 -6.40683 -0.0254649 0.999633 -0.00918853 -1.24784 0.00103892 0.00921788 0.999957 79.9517 
0.999445 0.0218866 0.0251241 -6.38406 -0.0216498 0.999719 -0.00966122 -1.24347 -0.0253284 0.00911185 0.999638 80.4183 
0.998318 0.0205664 0.0542068 -6.33607 -0.0201791 0.999767 -0.007683 -1.27113 -0.0543521 0.00657615 0.9985 80.8594 
0.995832 0.0211819 0.0887122 -6.30382 -0.0205954 0.99976 -0.00752233 -1.2686 -0.0888501 0.00566383 0.996029 81.3017 
0.991823 0.0215299 0.125791 -6.21481 -0.0207299 0.999756 -0.00766601 -1.27755 -0.125926 0.0049956 0.992027 81.7474 
0.985715 0.0205348 0.167162 -6.12027 -0.0195071 0.999779 -0.00778789 -1.29893 -0.167285 0.00441571 0.985899 82.1523 
0.976838 0.0210115 0.212945 -6.01614 -0.0195804 0.999769 -0.00882825 -1.30407 -0.213081 0.00445416 0.977024 82.5629 
0.964987 0.0238347 0.261213 -5.88027 -0.0217968 0.999705 -0.0106969 -1.32458 -0.261391 0.00462869 0.965222 82.948 
0.949016 0.0246348 0.314263 -5.72772 -0.021119 0.99967 -0.0145882 -1.33572 -0.314519 0.00720747 0.949224 83.3255 
0.929097 0.025249 0.368974 -5.54252 -0.020113 0.99964 -0.0177604 -1.34617 -0.369289 0.00907993 0.92927 83.6772 
0.904389 0.0250758 0.425972 -5.35142 -0.0184899 0.999637 -0.0195899 -1.36323 -0.426308 0.00984068 0.904524 84.0138 
0.874237 0.0263923 0.484781 -5.15414 -0.017532 0.999586 -0.0228027 -1.36857 -0.485182 0.0114357 0.874338 84.336 
0.840026 0.0250691 0.541966 -4.92414 -0.0134919 0.999588 -0.0253251 -1.38319 -0.542378 0.0139616 0.840019 84.6279 
0.801729 0.0257385 0.597133 -4.68638 -0.0113996 0.999549 -0.0277787 -1.38731 -0.597579 0.0154638 0.801661 84.9172 
0.761312 0.0240234 0.64794 -4.41246 -0.0087934 0.999604 -0.0267301 -1.40677 -0.648326 0.0146523 0.761222 85.1648 
0.717294 0.0238455 0.696362 -4.13828 -0.0096014 0.999658 -0.0243414 -1.42607 -0.696704 0.0107738 0.717277 85.4013 
0.670727 0.0228786 0.741351 -3.84236 -0.00783645 0.999687 -0.0237612 -1.44348 -0.741663 0.0101277 0.670696 85.6337 
0.623545 0.0219262 0.78148 -3.52989 -0.00270581 0.999661 -0.025889 -1.45286 -0.781782 0.0140284 0.623393 85.8332 
0.57604 0.019311 0.817193 -3.20886 0.00472466 0.999625 -0.0269526 -1.46649 -0.817407 0.0193867 0.575733 86.0031 
0.528909 0.0211612 0.848414 -2.87611 0.00453266 0.999604 -0.027758 -1.48159 -0.848666 0.018527 0.528604 86.1688 
0.480005 0.0241621 0.876933 -2.55266 0.00272047 0.999575 -0.0290304 -1.49123 -0.877261 0.0163204 0.479735 86.3272 
0.434101 0.0257701 0.900495 -2.2106 0.00383692 0.999529 -0.0304539 -1.51152 -0.900856 0.0166752 0.433798 86.4581 
0.390876 0.0231684 0.920152 -1.87029 0.0116829 0.999478 -0.0301287 -1.52744 -0.920369 0.0225266 0.390402 86.5664 
0.351062 0.0159484 0.936216 -1.50837 0.0281754 0.999222 -0.027587 -1.53135 -0.935928 0.036063 0.350339 86.6515 
0.315677 0.0122542 0.948787 -1.15628 0.0336217 0.999144 -0.0240912 -1.5412 -0.948271 0.0395049 0.314995 86.7338 
0.282086 0.0165135 0.959247 -0.809385 0.0312635 0.999163 -0.0263944 -1.55372 -0.95888 0.0374349 0.281333 86.8206 
0.250311 0.0236977 0.967875 -0.450984 0.0229512 0.999274 -0.0304022 -1.57294 -0.967893 0.0298239 0.249586 86.9185 
0.22191 0.0273975 0.974682 -0.084717 0.0165299 0.999356 -0.0318546 -1.60619 -0.974927 0.0231802 0.221314 86.9918 
0.195873 0.0296688 0.98018 0.315141 0.0211858 0.999181 -0.0344777 -1.61501 -0.9804 0.0275191 0.195084 87.0638 
0.172192 0.0314417 0.984561 0.712187 0.0292099 0.998888 -0.0370079 -1.63108 -0.98463 0.0351313 0.171082 87.1122 
0.152154 0.036548 0.987681 1.11524 0.0361084 0.998443 -0.0425089 -1.64753 -0.987697 0.0421314 0.150597 87.1463 
0.132466 0.0434661 0.990234 1.5264 0.0389498 0.998038 -0.0490191 -1.65092 -0.990422 0.0450627 0.130513 87.1842 
0.115233 0.0443531 0.992348 1.96764 0.0379539 0.998077 -0.0490165 -1.66378 -0.992613 0.0433117 0.113328 87.2322 
0.0989976 0.0404242 0.994266 2.41767 0.0359724 0.998376 -0.0441731 -1.68028 -0.994437 0.0401391 0.0973827 87.2881 
0.0838284 0.03826 0.995745 2.87653 0.0374596 0.998435 -0.0415171 -1.69619 -0.995776 0.0407806 0.082264 87.3321 
0.0714213 0.0354797 0.996815 3.35789 0.0421374 0.998368 -0.0385542 -1.72365 -0.996556 0.0447568 0.0698097 87.3457 
0.0598224 0.0355619 0.997575 3.85356 0.044212 0.99829 -0.0382388 -1.73827 -0.997229 0.0463923 0.0581479 87.3717 
0.0492542 0.0369335 0.998103 4.37278 0.0487956 0.998034 -0.0393389 -1.75516 -0.997594 0.0506406 0.0473552 87.396 
0.0423112 0.0374639 0.998402 4.89366 0.0505017 0.997939 -0.0395869 -1.78397 -0.997827 0.0520959 0.040332 87.4122 
0.0362912 0.0373791 0.998642 5.44145 0.0524596 0.997851 -0.0392559 -1.81083 -0.997963 0.053813 0.0342524 87.4422 
0.0312306 0.0387094 0.998762 5.99535 0.0541891 0.997714 -0.0403633 -1.83321 -0.998042 0.0553826 0.0290616 87.454 
0.0256618 0.0391736 0.998903 6.58661 0.0540835 0.997714 -0.0405165 -1.85897 -0.998207 0.0550639 0.0234845 87.4658 
0.0216262 0.0389463 0.999007 7.19384 0.057757 0.997523 -0.0401388 -1.89 -0.998096 0.0585677 0.0193233 87.4781 
0.0181797 0.0391338 0.999069 7.81103 0.0588 0.997462 -0.0401409 -1.91535 -0.998104 0.0594749 0.0158325 87.5018 
0.0151266 0.0385008 0.999144 8.4555 0.0594288 0.997457 -0.0393356 -1.94754 -0.998118 0.059973 0.0128001 87.5147 
0.0131554 0.0377864 0.999199 9.10657 0.0607157 0.997412 -0.0385182 -1.97877 -0.998068 0.0611738 0.0108271 87.5192 
0.0123965 0.0366075 0.999253 9.79696 0.0659801 0.997122 -0.037348 -2.01899 -0.997744 0.0663938 0.00994546 87.5374 
0.0134365 0.0373931 0.99921 10.4984 0.0695 0.996849 -0.0382394 -2.03427 -0.997491 0.069959 0.0107953 87.5603 
0.0150881 0.0364389 0.999222 11.1818 0.0711706 0.996762 -0.0374239 -2.08715 -0.99735 0.0716799 0.0124458 87.5924 
0.0188632 0.0369832 0.999138 11.9074 0.0741622 0.996511 -0.0382861 -2.10832 -0.997068 0.0748204 0.0160547 87.6194 
0.023142 0.0361837 0.999077 12.6632 0.0744903 0.996504 -0.037816 -2.15827 -0.996953 0.0752967 0.0203658 87.6552 
0.0276083 0.034772 0.999014 13.4057 0.0755892 0.996461 -0.0367722 -2.18926 -0.996757 0.0765299 0.0248822 87.6687 
0.0305744 0.0334898 0.998971 14.1485 0.0752004 0.996529 -0.0357096 -2.22215 -0.9967 0.0762148 0.0279499 87.7311 
0.0349524 0.0309915 0.998908 14.9233 0.0724841 0.996808 -0.0334627 -2.26346 -0.996757 0.0735746 0.0325944 87.77 
0.0377919 0.0305445 0.998819 15.7207 0.0716063 0.99688 -0.0331946 -2.29149 -0.996717 0.0727762 0.0354868 87.8431 
0.0415693 0.0323958 0.99861 16.5433 0.0689945 0.996995 -0.0352156 -2.3123 -0.996751 0.0703625 0.0392092 87.9041 
0.0449748 0.0361202 0.998335 17.3355 0.0668151 0.997 -0.039082 -2.3597 -0.996751 0.0684615 0.0424265 87.9445 
0.0459077 0.0408225 0.998111 18.1482 0.061789 0.997135 -0.0436246 -2.405 -0.997033 0.063675 0.0432538 88.0193 
0.0453482 0.0439837 0.998002 18.9597 0.0582202 0.997216 -0.0465946 -2.44846 -0.997273 0.0602168 0.0426612 88.0805 
0.0453491 0.0440412 0.998 19.7757 0.0550783 0.997398 -0.0465175 -2.48753 -0.997452 0.0570776 0.0428054 88.1328 
0.0457001 0.0422866 0.99806 20.584 0.0530332 0.997592 -0.0446952 -2.53785 -0.997546 0.0549728 0.0433475 88.1798 
0.0450844 0.0414953 0.998121 21.4099 0.054161 0.997566 -0.0439188 -2.58407 -0.997514 0.0560393 0.0427272 88.2352 
0.0461922 0.0416045 0.998066 22.234 0.0517839 0.997689 -0.0439856 -2.62095 -0.997589 0.0537155 0.043931 88.2684 
0.0477387 0.042511 0.997955 23.0446 0.0503724 0.99772 -0.0449107 -2.65951 -0.997589 0.0524134 0.0454885 88.3095 
0.0472272 0.0431534 0.997952 23.8624 0.0475605 0.997836 -0.0453993 -2.70676 -0.997751 0.0496071 0.0450726 88.3679 
0.0452402 0.0436869 0.99802 24.6629 0.0447845 0.99795 -0.0457139 -2.76593 -0.997972 0.0467639 0.043191 88.435 
0.0424821 0.0442702 0.998116 25.495 0.0414092 0.998081 -0.0460312 -2.80207 -0.998239 0.0432867 0.0405674 88.4848 
0.0381086 0.0426347 0.998364 26.3137 0.0392723 0.998254 -0.0441292 -2.85198 -0.998502 0.0408897 0.0363677 88.5357 
0.0341895 0.0403408 0.998601 27.1117 0.0405197 0.998307 -0.0417163 -2.90594 -0.998594 0.0418893 0.032497 88.5744 
0.0290041 0.0388203 0.998825 27.9295 0.0396678 0.998414 -0.0399562 -2.94583 -0.998792 0.0407801 0.0274181 88.5976 
0.0209585 0.0392902 0.999008 28.733 0.0392884 0.998423 -0.0400915 -2.988 -0.999008 0.0400897 0.0193819 88.6274 
0.0122297 0.0405452 0.999103 29.5324 0.0391115 0.998393 -0.0409953 -3.03014 -0.99916 0.0395778 0.0106243 88.6452 
0.00299136 0.0405963 0.999171 30.3259 0.040318 0.998358 -0.0406841 -3.08115 -0.999182 0.0404062 0.00134969 88.6486 
-0.00728293 0.0393132 0.9992 31.1188 0.0404906 0.998419 -0.0389874 -3.12801 -0.999153 0.0401743 -0.00886323 88.6451 
-0.0183813 0.0387049 0.999082 31.9378 0.0393421 0.998504 -0.0379588 -3.17565 -0.999057 0.0386082 -0.0198766 88.6549 
-0.0302221 0.0372414 0.998849 32.7358 0.0400256 0.998549 -0.0360192 -3.23051 -0.998741 0.0388909 -0.0316689 88.6456 
-0.0413024 0.0383185 0.998412 33.5089 0.040041 0.998525 -0.0366665 -3.26308 -0.998344 0.038463 -0.0427758 88.6253 
-0.0518857 0.0392171 0.997883 34.2866 0.0409844 0.99847 -0.0371092 -3.30153 -0.997812 0.0389722 -0.0534136 88.5812 
-0.0638481 0.0406286 0.997132 35.0533 0.0408 0.998442 -0.0380695 -3.33025 -0.997125 0.0382523 -0.0654063 88.566 
-0.0731833 0.0423488 0.996419 35.839 0.0424747 0.998324 -0.0393102 -3.35167 -0.996414 0.0394458 -0.0748594 88.4956 
-0.0828327 0.0434974 0.995614 36.6003 0.0433458 0.998259 -0.0400068 -3.38597 -0.99562 0.0398418 -0.0845739 88.44 
-0.092354 0.0444545 0.994733 37.3531 0.0438272 0.998216 -0.0405412 -3.41979 -0.994761 0.0398522 -0.0941376 88.3694 
-0.101774 0.0452919 0.993776 38.101 0.0454088 0.998133 -0.0408402 -3.45829 -0.993771 0.0409697 -0.10364 88.2996 
-0.109586 0.0444636 0.992982 38.8377 0.0457642 0.998165 -0.0396452 -3.50243 -0.992923 0.0410984 -0.11142 88.2076 
-0.117525 0.0441441 0.992088 39.5673 0.0467637 0.998149 -0.0388742 -3.53151 -0.991968 0.041825 -0.119372 88.1358 
-0.122653 0.0428503 0.991524 40.2882 0.0503233 0.998051 -0.0369073 -3.56875 -0.991173 0.04537 -0.124571 88.053 
-0.126736 0.0414166 0.991071 40.9804 0.0528138 0.997992 -0.0349523 -3.59817 -0.990529 0.0479126 -0.128669 87.9775 
-0.12901 0.0408339 0.990802 41.679 0.0547197 0.997923 -0.0340025 -3.63012 -0.990132 0.0498297 -0.130977 87.89 
-0.131377 0.0402175 0.990516 42.3698 0.0544119 0.997963 -0.033303 -3.66781 -0.989838 0.0495206 -0.133297 87.8142 
-0.131158 0.0410301 0.990512 43.0445 0.0557787 0.997866 -0.0339489 -3.69903 -0.989791 0.0507968 -0.133167 87.7135 
-0.130664 0.0417532 0.990547 43.6905 0.0571772 0.997767 -0.0345154 -3.73821 -0.989777 0.0521268 -0.132759 87.6432 
-0.127965 0.0430086 0.990846 44.3291 0.0570524 0.997724 -0.0359391 -3.78002 -0.990136 0.0519312 -0.130127 87.5777 
-0.122882 0.0434051 0.991472 44.9599 0.0585649 0.997619 -0.0364159 -3.813 -0.990692 0.0535906 -0.125131 87.5139 
-0.115585 0.0440576 0.99232 45.5578 0.0572363 0.997651 -0.0376275 -3.84627 -0.991647 0.0524476 -0.117835 87.4718 
-0.104275 0.0438386 0.993582 46.1562 0.0564797 0.997677 -0.0380918 -3.88152 -0.992943 0.0521452 -0.106509 87.4164 
-0.0903237 0.0440871 0.994936 46.7142 0.0549913 0.997716 -0.0392181 -3.91119 -0.994393 0.0511705 -0.0925418 87.3788 
-0.073941 0.04532 0.996232 47.2514 0.0541109 0.997677 -0.0413697 -3.94767 -0.995793 0.0508481 -0.0762216 87.3687 
-0.0531528 0.0480413 0.99743 47.7809 0.0521237 0.997614 -0.0452726 -3.98517 -0.997225 0.0495834 -0.0555301 87.359 
-0.0282492 0.050547 0.998322 48.2931 0.0497898 0.997552 -0.0490993 -4.02245 -0.99836 0.0483192 -0.0306968 87.371 
0.000934238 0.0533492 0.998575 48.8293 0.0489205 0.997378 -0.053331 -4.04341 -0.998802 0.0489006 -0.00167808 87.3827 
0.0350552 0.0529686 0.997981 49.3581 0.0471213 0.997396 -0.0545929 -4.07181 -0.998274 0.0489399 0.032468 87.4134 
0.0740229 0.0506341 0.99597 49.8776 0.0455449 0.997496 -0.0540968 -4.10639 -0.996216 0.0493658 0.0715314 87.4655 
0.116178 0.0468648 0.992122 50.3752 0.0413018 0.997794 -0.0519693 -4.14954 -0.992369 0.0470141 0.113986 87.5543 
0.162441 0.0410186 0.985865 50.8663 0.0373322 0.998165 -0.0476817 -4.20584 -0.986012 0.04455 0.160612 87.6492 
0.212994 0.0379957 0.976314 51.3603 0.0313278 0.998464 -0.0456923 -4.23765 -0.976551 0.0403179 0.211477 87.7604 
0.26551 0.0369078 0.963401 51.8272 0.0271674 0.998584 -0.045743 -4.26147 -0.963725 0.0383184 0.264132 87.9115 
0.321801 0.0355251 0.94614 52.2958 0.0242124 0.99866 -0.0457323 -4.3112 -0.946497 0.037625 0.32051 88.0888 
0.38142 0.0370099 0.923661 52.7538 0.024197 0.998456 -0.0499989 -4.32746 -0.924085 0.0414204 0.379935 88.296 
0.442573 0.0414137 0.895776 53.1807 0.0221557 0.998123 -0.0570919 -4.34364 -0.896459 0.0451139 0.440825 88.5283 
0.502664 0.0456354 0.863276 53.6082 0.0208799 0.997673 -0.064898 -4.36865 -0.864229 0.050647 0.500542 88.815 
0.560804 0.0508622 0.826384 53.967 0.013527 0.997415 -0.0705686 -4.39596 -0.827838 0.0507537 0.558667 89.124 
0.615727 0.0544202 0.786078 54.2938 0.00684111 0.997205 -0.0743952 -4.42413 -0.78793 0.0511847 0.613634 89.4662 
0.669101 0.0557192 0.741079 54.6176 0.00163209 0.997073 -0.0764402 -4.45722 -0.743169 0.0523557 0.667052 89.824 
0.718051 0.0530959 0.693962 54.8973 -0.000186335 0.9971 -0.0760967 -4.48548 -0.69599 0.054512 0.715979 90.178 
0.763904 0.0500018 0.64339 55.1642 -0.00584556 0.997489 -0.0705807 -4.5231 -0.645303 0.0501558 0.762278 90.5625 
0.805911 0.0463758 0.590217 55.4081 -0.00997033 0.997849 -0.0647913 -4.54454 -0.591952 0.0463314 0.80464 90.9687 
0.842264 0.0427773 0.537366 55.6071 -0.0142125 0.998262 -0.0571909 -4.58248 -0.538878 0.0405324 0.841408 91.3923 
0.873835 0.0405686 0.484528 55.7975 -0.0182148 0.998545 -0.0507566 -4.60084 -0.485882 0.0355273 0.873302 91.8365 
0.899712 0.0423311 0.434425 55.9573 -0.0251998 0.998664 -0.0451219 -4.62853 -0.435755 0.0296492 0.899577 92.2871 
0.920158 0.0437926 0.389091 56.0909 -0.0301501 0.9987 -0.0411033 -4.65785 -0.390385 0.0260904 0.920282 92.7402 
0.935487 0.0516752 0.349562 56.215 -0.0408191 0.99843 -0.0383579 -4.68077 -0.350996 0.0216144 0.936128 93.2004 
0.947409 0.0558072 0.315121 56.315 -0.0460676 0.998205 -0.0382781 -4.71032 -0.316691 0.0217481 0.948279 93.6696 
0.956822 0.0582632 0.284774 56.424 -0.0496666 0.998068 -0.0373231 -4.73208 -0.286399 0.0215678 0.957868 94.1465 
0.963367 0.053077 0.262883 56.5374 -0.0448108 0.998297 -0.0373458 -4.74964 -0.264417 0.0241977 0.964105 94.6262 
0.96752 0.0501317 0.247775 56.641 -0.0425941 0.998455 -0.0356924 -4.78349 -0.249182 0.0239792 0.96816 95.1106 
0.970346 0.0545559 0.235481 56.7325 -0.0473939 0.998228 -0.0359726 -4.80551 -0.237026 0.0237455 0.971213 95.6021 
0.97218 0.0602544 0.226353 56.8175 -0.0537016 0.997943 -0.0350031 -4.82594 -0.227996 0.0218737 0.973416 96.1138 
0.972951 0.0688739 0.220507 56.9014 -0.0624872 0.997403 -0.0358182 -4.85353 -0.222401 0.0210704 0.974727 96.6232 
0.973638 0.0724369 0.216291 57.0185 -0.0652185 0.997055 -0.040337 -4.85844 -0.218576 0.0251674 0.975495 97.1306 
0.97335 0.0759366 0.216387 57.1098 -0.0684816 0.996778 -0.0417562 -4.9121 -0.21886 0.0258248 0.975414 97.6786 
0.972978 0.0737519 0.218801 57.2246 -0.0652693 0.996818 -0.045757 -4.93386 -0.221479 0.0302396 0.974696 98.2228 
0.972351 0.072346 0.222033 57.3596 -0.0622837 0.996703 -0.052001 -4.95608 -0.225063 0.0367341 0.973651 98.7552 
0.971529 0.0725894 0.225528 57.491 -0.061218 0.996494 -0.0570217 -4.98787 -0.228876 0.0415918 0.972566 99.308 
0.970185 0.0770852 0.229781 57.6154 -0.0655753 0.9962 -0.0573251 -5.01065 -0.233327 0.0405479 0.971553 99.8765 
0.968496 0.0799441 0.235847 57.7416 -0.0693096 0.996183 -0.0530551 -5.06241 -0.239189 0.0350371 0.970341 100.462 
0.967901 0.0761416 0.239521 57.9071 -0.0666465 0.996645 -0.0475074 -5.10522 -0.242335 0.0300191 0.969728 101.056 
0.96721 0.0722664 0.243478 58.0627 -0.0638697 0.997065 -0.042217 -5.14582 -0.245814 0.0252818 0.968987 101.649 
0.966704 0.0688115 0.24647 58.2224 -0.0612184 0.997387 -0.0383484 -5.1713 -0.248465 0.0219831 0.968391 102.29 
0.966361 0.0638742 0.249133 58.385 -0.0559418 0.99768 -0.0387994 -5.18799 -0.251033 0.0235573 0.967692 102.913 
0.966316 0.0623211 0.249698 58.539 -0.0533595 0.99767 -0.0425067 -5.21434 -0.251765 0.0277511 0.96739 103.554 
0.966541 0.0613951 0.249054 58.6981 -0.0506775 0.997501 -0.0492257 -5.25329 -0.251454 0.0349572 0.967238 104.192 
0.966822 0.0627255 0.247631 58.859 -0.0506446 0.997209 -0.0548649 -5.30393 -0.250381 0.0405033 0.9673 104.839 
0.967408 0.0647088 0.244816 59.0107 -0.0519464 0.99695 -0.0582406 -5.34532 -0.247838 0.0436251 0.967819 105.511 
0.968155 0.0635351 0.242155 59.1759 -0.0515688 0.997129 -0.0554447 -5.37152 -0.244983 0.0411913 0.968652 106.205 
0.968748 0.0594093 0.240827 59.3475 -0.0492949 0.997639 -0.0478138 -5.41816 -0.243099 0.0344479 0.969389 106.918 
0.969521 0.0587082 0.237872 59.5157 -0.0501411 0.997862 -0.0419132 -5.46432 -0.239824 0.0287085 0.970392 107.624 
0.969538 0.0628353 0.236744 59.665 -0.0542038 0.997612 -0.0428003 -5.51161 -0.238868 0.028664 0.970629 108.35 
0.970074 0.0686776 0.232894 59.8396 -0.0594556 0.997152 -0.0463977 -5.56715 -0.235417 0.0311623 0.971395 109.056 
0.971309 0.0686472 0.227698 60.0136 -0.0585566 0.996991 -0.0507878 -5.62364 -0.230499 0.0359973 0.972406 109.8 
0.972313 0.0670493 0.223856 60.1656 -0.0564922 0.996982 -0.0532441 -5.67 -0.226751 0.0391237 0.973167 110.557 
0.973142 0.0648598 0.220881 60.3144 -0.0547415 0.997165 -0.051633 -5.72535 -0.223604 0.0381548 0.973933 111.344 
0.97409 0.0610813 0.217758 60.4707 -0.0515017 0.99745 -0.0494055 -5.77755 -0.22022 0.0369105 0.974752 112.109 
0.974683 0.0591561 0.215624 60.641 -0.0500996 0.997627 -0.0472328 -5.82179 -0.217907 0.0352342 0.975333 112.903 
0.975246 0.0559439 0.213928 60.8136 -0.0473589 0.997861 -0.0450514 -5.86169 -0.21599 0.0338047 0.97581 113.694 
0.975736 0.050241 0.213108 60.9939 -0.0417032 0.998144 -0.0443744 -5.90083 -0.214942 0.0344103 0.97602 114.497 
0.975593 0.051742 0.213403 61.1304 -0.0435457 0.998128 -0.0429348 -5.94153 -0.215225 0.032594 0.97602 115.317 
0.975458 0.0565494 0.212802 61.3024 -0.048028 0.997831 -0.0450072 -5.98916 -0.214885 0.0336821 0.976058 116.128 
0.974907 0.0627327 0.21359 61.4492 -0.0536928 0.997409 -0.047871 -6.0456 -0.21604 0.0352015 0.97575 116.941 
0.974247 0.07167 0.21379 61.6268 -0.0623702 0.996803 -0.0499413 -6.08455 -0.216686 0.0353209 0.975602 117.784 
0.973205 0.0777196 0.216405 61.7991 -0.0687411 0.996444 -0.0487243 -6.14849 -0.219422 0.0325428 0.975087 118.62 
0.972327 0.0805622 0.219294 61.9653 -0.071913 0.996295 -0.0471557 -6.19584 -0.222281 0.0300806 0.974519 119.463 
0.972009 0.0813783 0.2204 62.162 -0.0724487 0.996201 -0.0483144 -6.24198 -0.223494 0.0309943 0.974212 120.319 
0.971859 0.0799933 0.221565 62.3484 -0.0702891 0.996204 -0.0513557 -6.29453 -0.224832 0.0343369 0.973792 121.145 
0.971933 0.074463 0.223161 62.532 -0.0648728 0.996639 -0.0500124 -6.34662 -0.226135 0.0341316 0.973498 121.983 
0.972394 0.0688753 0.222949 62.7169 -0.0589833 0.996969 -0.0507364 -6.40088 -0.225768 0.0361854 0.973509 122.81 
0.972192 0.0682766 0.224012 62.9011 -0.058251 0.996995 -0.0510703 -6.45963 -0.226825 0.0366011 0.973247 123.634 
0.971218 0.0719532 0.227063 63.0628 -0.0625722 0.996873 -0.0482556 -6.51605 -0.229825 0.0326588 0.972684 124.496 
0.970847 0.0737961 0.228059 63.24 -0.0657917 0.996927 -0.0425144 -6.56696 -0.230496 0.0262705 0.972719 125.322 
0.970205 0.0778912 0.229421 63.4156 -0.0708235 0.99673 -0.0388947 -6.6071 -0.231701 0.0214873 0.97255 126.159 
0.970026 0.0768549 0.230528 63.5961 -0.0680055 0.996619 -0.0461032 -6.65101 -0.233291 0.0290441 0.971973 126.992 
0.970589 0.0726748 0.22951 63.7785 -0.0604818 0.99638 -0.0597313 -6.71451 -0.23302 0.0440934 0.971472 127.8 
0.970864 0.071553 0.228699 63.9691 -0.0571809 0.995985 -0.0688723 -6.76929 -0.232709 0.0537884 0.971058 128.605 
0.971405 0.0685607 0.227313 64.1633 -0.0563024 0.99661 -0.0599874 -6.82277 -0.230655 0.0454737 0.971972 129.442 
0.971706 0.0635801 0.227476 64.3498 -0.056106 0.997656 -0.0391806 -6.88253 -0.229434 0.0253091 0.972995 130.296 
0.972218 0.0591495 0.226482 64.5364 -0.055203 0.998193 -0.0237254 -6.94193 -0.227476 0.0105637 0.973726 131.131 
0.972048 0.06407 0.22587 64.6996 -0.0590133 0.997834 -0.0290765 -6.99213 -0.227243 0.0149344 0.973723 131.929 
0.972015 0.0725243 0.223442 64.8537 -0.0638786 0.996911 -0.0456916 -7.02062 -0.226066 0.0301396 0.973646 132.746 
0.971897 0.0728349 0.223855 64.99 -0.0625582 0.99665 -0.0526722 -7.08012 -0.226941 0.0371879 0.973198 133.568 
0.972779 0.0694423 0.221085 65.175 -0.0589496 0.996815 -0.0537177 -7.13038 -0.224111 0.0392225 0.973774 134.373 
0.9734 0.0689698 0.218484 65.3453 -0.0590413 0.996918 -0.0516585 -7.19264 -0.221373 0.0373848 0.974472 135.189 
0.974249 0.0675152 0.21513 65.503 -0.0574413 0.996954 -0.0527476 -7.24875 -0.218036 0.0390319 0.97516 135.987 
0.97514 0.0701322 0.210198 65.6644 -0.0600099 0.996727 -0.0541617 -7.30356 -0.213308 0.0402012 0.976157 136.808 
0.975557 0.0746588 0.206675 65.8186 -0.0647913 0.99643 -0.0541181 -7.36557 -0.209977 0.0394045 0.976912 137.595 
0.975513 0.0805422 0.204664 65.9615 -0.0706941 0.995981 -0.0549952 -7.41284 -0.20827 0.0391799 0.977286 138.407 
0.975481 0.0829097 0.203869 66.0909 -0.0737229 0.995908 -0.0522652 -7.48062 -0.207368 0.0359539 0.977602 139.202 
0.97584 0.0816289 0.202667 66.2468 -0.073347 0.996148 -0.0480572 -7.52652 -0.205809 0.032031 0.978068 139.99 
0.97656 0.0791939 0.200147 66.4125 -0.0709436 0.996321 -0.0480744 -7.58556 -0.203218 0.0327483 0.978586 140.802 
0.977254 0.0785525 0.196988 66.5703 -0.0698789 0.996271 -0.0506134 -7.63318 -0.200229 0.0356968 0.979099 141.598 
0.978739 0.07275 0.191774 66.7268 -0.0635461 0.996532 -0.0537232 -7.69105 -0.195017 0.0403945 0.979968 142.395 
0.980072 0.0705441 0.185694 66.8526 -0.0613729 0.996615 -0.0546896 -7.72628 -0.188923 0.0422031 0.981084 143.169 
0.981152 0.0697839 0.180196 66.9745 -0.0617846 0.996854 -0.0496372 -7.7671 -0.183093 0.0375682 0.982377 143.973 
0.982269 0.0672964 0.174982 67.1001 -0.0610845 0.997304 -0.040654 -7.82028 -0.177246 0.0292445 0.983732 144.773 
0.983198 0.0638041 0.171029 67.2342 -0.0593952 0.99776 -0.0307788 -7.87259 -0.17261 0.0201033 0.984785 145.56 
0.98347 0.0700753 0.166962 67.3402 -0.0663803 0.997412 -0.0276171 -7.91781 -0.168465 0.0160776 0.985576 146.366 
0.984076 0.0741554 0.161538 67.4572 -0.0698965 0.997044 -0.0318987 -7.96484 -0.163426 0.0200998 0.986351 147.143 
0.984995 0.0752648 0.155306 67.5457 -0.0695858 0.996704 -0.041693 -8.01277 -0.157932 0.0302602 0.986986 147.935 
0.986079 0.0740205 0.148895 67.6478 -0.0676988 0.996594 -0.047094 -8.03651 -0.151873 0.0363583 0.987731 148.747 
0.987116 0.0735631 0.14209 67.7563 -0.0676509 0.996648 -0.0460077 -8.07054 -0.144998 0.0358023 0.988784 149.553 
0.987699 0.0808019 0.133872 67.8504 -0.0756829 0.996208 -0.0429049 -8.10526 -0.136831 0.0322452 0.990069 150.383 
0.988272 0.0862382 0.126025 67.9198 -0.0811921 0.995698 -0.0446533 -8.14883 -0.129333 0.0338973 0.991022 151.201 
0.989303 0.0887616 0.115766 67.9971 -0.0833839 0.995237 -0.0505068 -8.18656 -0.119697 0.0403135 0.991992 152.003 
0.990391 0.087466 0.107119 68.0737 -0.0822246 0.995234 -0.0524155 -8.23183 -0.111193 0.043104 0.992864 152.828 
0.991276 0.0873446 0.0987029 68.1451 -0.0827246 0.995318 -0.0499769 -8.27156 -0.102606 0.0413757 0.993861 153.647 
0.99178 0.0894346 0.0915098 68.196 -0.0858187 0.995394 -0.0427226 -8.31584 -0.0949092 0.034518 0.994887 154.447 
0.992117 0.0928607 0.0841469 68.2371 -0.0899725 0.995238 -0.0374982 -8.35261 -0.0872282 0.0296316 0.995747 155.273 
0.992704 0.0926662 0.0771429 68.2784 -0.0902479 0.995329 -0.0342741 -8.38785 -0.0799585 0.027062 0.996431 156.1 
0.993155 0.0932389 0.0703508 68.3275 -0.0911853 0.995324 -0.0318663 -8.42698 -0.072993 0.0252332 0.997013 156.931 
0.993557 0.0917409 0.066536 68.357 -0.0896725 0.99541 -0.0334425 -8.46984 -0.0692985 0.0272605 0.997223 157.759 
0.993387 0.0968335 0.0616836 68.392 -0.094569 0.994768 -0.0386381 -8.50762 -0.0651022 0.0325492 0.997348 158.559 
0.992982 0.103716 0.0568284 68.4192 -0.101211 0.993832 -0.0453268 -8.54879 -0.0611789 0.039257 0.997354 159.383 
0.993119 0.104237 0.0533715 68.4512 -0.10171 0.993652 -0.048069 -8.57987 -0.0580432 0.0423098 0.997417 160.184 
0.993089 0.106086 0.0502018 68.481 -0.104024 0.993685 -0.0420494 -8.61706 -0.0543455 0.0365365 0.997853 161.002 
0.992899 0.108332 0.0491398 68.4979 -0.106837 0.993758 -0.0320991 -8.65196 -0.0523103 0.0266212 0.998276 161.827 
0.992927 0.109336 0.0462746 68.5205 -0.108297 0.993819 -0.0243906 -8.6995 -0.0486552 0.0192066 0.998631 162.654 
0.993581 0.105663 0.0403999 68.542 -0.104616 0.99414 -0.0272202 -8.73794 -0.0430393 0.0228189 0.998813 163.474 
0.995135 0.0923812 0.0342224 68.5689 -0.0911416 0.995181 -0.0361707 -8.77929 -0.0373988 0.0328756 0.998759 164.277 
0.995534 0.0906173 0.0264659 68.584 -0.0895288 0.99519 -0.0397674 -8.82072 -0.0299421 0.0372203 0.998858 165.092 
0.995344 0.0943457 0.0197058 68.5817 -0.0935276 0.994853 -0.0389766 -8.84919 -0.0232816 0.036952 0.999046 165.926 
0.995737 0.0913734 0.0125888 68.5763 -0.0909504 0.995377 -0.030853 -8.92007 -0.0153497 0.0295764 0.999445 166.768 
0.996264 0.0861627 0.00587922 68.5604 -0.0859711 0.99592 -0.0274335 -8.94634 -0.00821889 0.0268255 0.999606 167.612 
0.996951 0.0780254 0.00123512 68.5406 -0.0779771 0.996694 -0.0228259 -8.97461 -0.00301194 0.0226599 0.999739 168.432 
0.997303 0.0731966 -0.00540104 68.5364 -0.0733006 0.997055 -0.0225508 -9.00984 0.00373458 0.0228858 0.999731 169.26 
0.997479 0.0698382 -0.0126099 68.5211 -0.0701874 0.997089 -0.0297676 -9.03913 0.0104944 0.0305776 0.999477 170.089 
0.997932 0.0612908 -0.0193453 68.4832 -0.0620049 0.997323 -0.0387625 -9.07832 0.0169178 0.0398818 0.999061 170.916 
0.998303 0.0519426 -0.0263418 68.4766 -0.0530365 0.99768 -0.0426807 -9.11296 0.0240638 0.0440053 0.998741 171.743 
0.99797 0.0548578 -0.0323511 68.4261 -0.0559817 0.997821 -0.0349209 -9.15168 0.0303651 0.036661 0.998866 172.583 
0.997272 0.064518 -0.0358643 68.3462 -0.0653677 0.997595 -0.0230444 -9.16759 0.0342914 0.0253258 0.999091 173.443 
0.996568 0.0719042 -0.0410058 68.299 -0.0725669 0.997252 -0.0149032 -9.21107 0.0398216 0.0178276 0.999048 174.283 
0.996398 0.0718688 -0.0450117 68.2475 -0.0727519 0.997182 -0.0182936 -9.23477 0.0435702 0.0215023 0.998819 175.121 
0.996219 0.0729645 -0.047148 68.1891 -0.0743679 0.996817 -0.0287265 -9.26308 0.044902 0.0321242 0.998475 175.946 
0.995275 0.0829487 -0.0504661 68.1126 -0.0849021 0.995669 -0.0378744 -9.29807 0.047106 0.0419801 0.998007 176.773 
0.995275 0.0817953 -0.0523109 68.0448 -0.0840169 0.995588 -0.0417768 -9.33071 0.048663 0.0459743 0.997757 177.613 
0.995615 0.0757747 -0.0548497 68.0123 -0.0778899 0.996256 -0.0375075 -9.36063 0.0518023 0.0416152 0.99779 178.456 
0.995634 0.0759697 -0.0542256 67.9524 -0.0776322 0.996553 -0.0292358 -9.39308 0.0518178 0.0333177 0.998101 179.315 
0.995564 0.0775549 -0.0532631 67.8756 -0.0788868 0.99661 -0.0233709 -9.43265 0.0512701 0.0274689 0.998307 180.171 
0.99546 0.0776174 -0.0550856 67.8133 -0.0790055 0.996598 -0.0234801 -9.47511 0.0530758 0.0277255 0.998205 181.029 
0.995521 0.0740131 -0.0588185 67.7737 -0.0760089 0.996579 -0.0324467 -9.51142 0.0562159 0.036772 0.997741 181.861 
0.996095 0.0639805 -0.0608411 67.7069 -0.0666962 0.996816 -0.0437023 -9.55248 0.0578513 0.0475894 0.99719 182.701 
0.996594 0.0536179 -0.0626533 67.6472 -0.0566267 0.997276 -0.047274 -9.59475 0.0599479 0.0506608 0.996915 183.532 
0.996357 0.055356 -0.0648714 67.5968 -0.058261 0.997341 -0.0437756 -9.62441 0.0622758 0.0473955 0.996933 184.394 
0.995938 0.0617209 -0.0655653 67.5188 -0.0639558 0.997422 -0.0325501 -9.67987 0.0633874 0.0366111 0.997317 185.25 
0.995828 0.0618775 -0.067061 67.4423 -0.0639717 0.997514 -0.0295408 -9.71237 0.0650665 0.0337075 0.997311 186.113 
0.995933 0.0586627 -0.0683743 67.3785 -0.061081 0.997559 -0.0338284 -9.74406 0.066223 0.0378671 0.997086 186.948 
0.996041 0.057698 -0.0676277 67.2919 -0.060555 0.997323 -0.0409848 -9.77512 0.065082 0.0449177 0.996868 187.791 
0.995659 0.0639817 -0.067602 67.2107 -0.0668518 0.996917 -0.0410786 -9.81627 0.0647654 0.0454195 0.996866 188.619 
0.995506 0.0659737 -0.0679416 67.1391 -0.0687049 0.996887 -0.0386761 -9.85419 0.0651786 0.0431701 0.996939 189.444 
0.995184 0.0686615 -0.069958 67.068 -0.0712769 0.996821 -0.0355976 -9.8966 0.0672915 0.0404125 0.996914 190.281 
0.995011 0.0706583 -0.0704269 66.9964 -0.0732091 0.996726 -0.034318 -9.92674 0.0677716 0.0393026 0.996926 191.107 
0.994752 0.0729777 -0.0717098 66.922 -0.0755399 0.996573 -0.0336874 -9.96929 0.0690057 0.0389275 0.996856 191.939 
0.994827 0.0726993 -0.0709566 66.8336 -0.0754458 0.99647 -0.0368216 -10.0159 0.0680293 0.0419844 0.996799 192.745 
0.99455 0.0741958 -0.073251 66.7712 -0.0774434 0.996089 -0.0425343 -10.0496 0.0698087 0.0479752 0.996406 193.536 
