1 2.12261e-08 -2.11895e-08 0 2.12261e-08 1 2.10703e-08 0 -2.11895e-08 2.10703e-08 1 0 
0.999976 0.000771379 -0.00690194 0.0011884 -0.000767333 1 0.00058272 -0.00286018 0.00690234 -0.000577368 0.999976 0.0864375 
0.9999 0.00136533 -0.0140546 -0.00814091 -0.00136732 0.999999 -0.00013536 0.00661836 0.0140543 0.000154606 0.999901 0.189517 
0.999756 0.00139031 -0.0220677 -0.0121469 -0.00140221 0.999999 -0.000525609 -0.00302313 0.0220669 0.000556466 0.999756 0.29383 
0.999515 0.00189285 -0.0310956 -0.0308991 -0.00196345 0.999996 -0.00224132 0.0035231 0.0310912 0.00230132 0.999514 0.399831 
0.9991 0.00372721 -0.0422501 -0.0581233 -0.00389524 0.999985 -0.00389658 0.00746206 0.0422349 0.00405769 0.9991 0.516555 
0.998423 0.00317114 -0.0560543 -0.0750311 -0.00344315 0.999983 -0.00475746 0.00298542 0.0560382 0.004943 0.998416 0.649178 
0.997368 0.00283606 -0.0724551 -0.104452 -0.00319493 0.999983 -0.0048381 0.00251228 0.0724402 0.0050569 0.99736 0.797255 
0.995889 0.00146534 -0.090572 -0.146997 -0.00187106 0.999989 -0.00439517 -0.00176746 0.0905645 0.00454661 0.99588 0.952278 
0.993847 0.000296009 -0.110766 -0.181293 -0.000766919 0.999991 -0.00420919 -0.00883275 0.110763 0.00426828 0.993838 1.11544 
0.991152 5.44152e-05 -0.132735 -0.231763 -0.000729463 0.999987 -0.00503735 -0.00455028 0.132733 0.00508964 0.991139 1.28207 
0.987579 0.00451631 -0.157057 -0.285129 -0.0056295 0.999962 -0.0066439 -0.00519891 0.157021 0.00744558 0.987567 1.45773 
0.983174 0.00839955 -0.182481 -0.354289 -0.0101347 0.999912 -0.00857813 -0.00883038 0.182393 0.0102832 0.983172 1.64381 
0.977882 0.01122 -0.208856 -0.439258 -0.0136069 0.999858 -0.00999516 -0.00967652 0.208714 0.012616 0.977895 1.83164 
0.97105 0.0117984 -0.238584 -0.514977 -0.0145993 0.999844 -0.00997606 -0.0174228 0.238429 0.0131705 0.971071 2.02223 
0.962935 0.0136141 -0.269391 -0.607217 -0.0167242 0.999817 -0.00925353 -0.0218116 0.269216 0.013416 0.962986 2.22476 
0.953311 0.0154522 -0.301596 -0.710128 -0.0188735 0.999786 -0.00843321 -0.0185512 0.301401 0.0137317 0.953399 2.43728 
0.941644 0.0173612 -0.336162 -0.810248 -0.0211228 0.999749 -0.00753615 -0.0137141 0.335946 0.0141971 0.941774 2.63925 
0.928806 0.0202134 -0.370014 -0.915529 -0.0245327 0.999675 -0.00697088 -0.0147484 0.369753 0.0155521 0.929 2.84432 
0.914574 0.0235452 -0.403732 -1.04616 -0.0284243 0.999577 -0.0060954 -0.0163718 0.403418 0.0170505 0.914857 3.06018 
0.898453 0.0237442 -0.438428 -1.19553 -0.0292326 0.999556 -0.00577158 -0.0137513 0.438096 0.0180019 0.898748 3.25622 
0.879329 0.0204923 -0.475775 -1.31389 -0.0261482 0.999644 -0.00527106 -0.0253544 0.475497 0.0170757 0.879551 3.43902 
0.857483 0.0148478 -0.514299 -1.46915 -0.0206915 0.99977 -0.00563527 -0.0251188 0.514097 0.0154738 0.857593 3.65769 
0.831428 0.016587 -0.555385 -1.63772 -0.021909 0.999756 -0.00293999 -0.0225005 0.555201 0.0146124 0.831588 3.8659 
0.801886 0.022275 -0.597062 -1.81896 -0.0268121 0.99964 0.00128417 -0.0302887 0.596875 0.0149788 0.802194 4.03023 
0.76898 0.0256163 -0.63876 -2.0307 -0.0301671 0.999538 0.00376754 -0.0387345 0.638561 0.0163724 0.769397 4.19551 
0.731855 0.0249154 -0.681005 -2.24873 -0.0299894 0.999541 0.00434068 -0.0352359 0.6808 0.0172462 0.732266 4.38148 
0.691338 0.0214796 -0.722213 -2.48278 -0.0242063 0.999686 0.0065606 -0.0410237 0.722126 0.0129465 0.69164 4.56109 
0.64771 0.0177164 -0.761681 -2.73006 -0.018603 0.999799 0.00743553 -0.0359826 0.76166 0.00935352 0.64791 4.72078 
0.602731 0.0169609 -0.797765 -3.01972 -0.0159531 0.99983 0.0092039 -0.0290726 0.797785 0.00717943 0.602899 4.8723 
0.553293 0.0180753 -0.83279 -3.31575 -0.0126183 0.999832 0.0133174 -0.0375167 0.832891 0.00313998 0.553428 5.02728 
0.502016 0.0187631 -0.864655 -3.62862 -0.0101984 0.999824 0.0157751 -0.0316626 0.864798 0.000898794 0.502119 5.14543 
0.449606 0.0204853 -0.892992 -3.95258 -0.0098281 0.99979 0.017987 -0.0253048 0.893173 0.000689413 0.449712 5.24252 
0.394946 0.0221511 -0.918437 -4.28755 -0.010294 0.999753 0.0196856 -0.00761211 0.918647 0.00167969 0.395077 5.32387 
0.339037 0.0240767 -0.940465 -4.6577 -0.00943293 0.999709 0.0221928 0.00302957 0.940726 0.0013472 0.339165 5.40096 
0.284175 0.0277594 -0.958371 -5.04007 -0.00693671 0.999614 0.0268971 0.00090437 0.958747 -0.000995494 0.284258 5.46919 
0.230064 0.0307712 -0.972689 -5.44297 -0.00275132 0.999517 0.0309692 -0.0074388 0.973172 -0.00444867 0.230038 5.52406 
0.179335 0.0308582 -0.983304 -5.87643 -0.000806066 0.999512 0.0312198 0.00976986 0.983788 -0.00480616 0.179273 5.55179 
0.131412 0.0315198 -0.990827 -6.32683 -0.00196518 0.999501 0.0315351 0.0203445 0.991326 -0.00219691 0.131409 5.56611 
0.0886645 0.0324526 -0.995533 -6.77312 -0.00332475 0.999473 0.0322849 0.0237959 0.996056 0.000447411 0.0887257 5.56038 
0.0506857 0.0313764 -0.998222 -7.24509 -0.00511912 0.999501 0.0311567 0.0376007 0.998702 0.00353086 0.0508211 5.54808 
0.0163527 0.0278155 -0.999479 -7.72313 -0.00369771 0.999608 0.0277585 0.0629209 0.999859 0.0032419 0.0164492 5.52273 
-0.0154732 0.0255924 -0.999553 -8.20358 -0.00352316 0.999665 0.0256498 0.0600401 0.999874 0.00391851 -0.0153778 5.48945 
-0.0425731 0.0234251 -0.998819 -8.68666 -0.00226014 0.99972 0.0235426 0.0696824 0.999091 0.00325979 -0.0425082 5.44161 
-0.0638574 0.0210504 -0.997737 -9.20266 -0.00291737 0.999769 0.02128 0.0825646 0.997955 0.00426969 -0.0637813 5.38555 
-0.0802548 0.019983 -0.996574 -9.73728 -0.00360562 0.999787 0.0203378 0.0988845 0.996768 0.00522551 -0.0801656 5.32243 
-0.0926814 0.021165 -0.995471 -10.2872 -0.00425635 0.999757 0.0216524 0.102801 0.995687 0.00624389 -0.0925687 5.23691 
-0.103136 0.0221191 -0.994421 -10.8383 -0.00580628 0.999722 0.0228392 0.101858 0.99465 0.00812947 -0.102979 5.16555 
-0.10994 0.022181 -0.993691 -11.4181 -0.00774666 0.999702 0.0231722 0.111609 0.993908 0.0102454 -0.109735 5.08208 
-0.115151 0.0229159 -0.993084 -12.0007 -0.00702443 0.99969 0.0238828 0.125081 0.993323 0.00972602 -0.114954 5.00777 
-0.115922 0.0234782 -0.992981 -12.6208 -0.00433542 0.999699 0.0241432 0.137526 0.993249 0.00710376 -0.115786 4.91468 
-0.115356 0.0259949 -0.992984 -13.2287 -0.00196261 0.99965 0.0263974 0.141265 0.993322 0.00499399 -0.115265 4.84546 
-0.114523 0.0284993 -0.993012 -13.8639 -0.00265359 0.999576 0.0289937 0.150724 0.993417 0.00595554 -0.114399 4.7643 
-0.112736 0.0285017 -0.993216 -14.5194 -0.00534869 0.999557 0.0292907 0.153883 0.993611 0.00861457 -0.112534 4.67311 
-0.111381 0.0258291 -0.993442 -15.1813 -0.00710521 0.999616 0.0267862 0.166198 0.993752 0.0100421 -0.111154 4.58733 
-0.111038 0.0256716 -0.993485 -15.8747 -0.00672071 0.999624 0.0265814 0.183117 0.993793 0.00962851 -0.110824 4.50317 
-0.109215 0.0286501 -0.993605 -16.5526 -0.0057505 0.99955 0.0294536 0.193972 0.994002 0.00893054 -0.109001 4.41546 
-0.107673 0.0324659 -0.993656 -17.2646 -0.00710825 0.999416 0.0334244 0.200243 0.994161 0.0106621 -0.107379 4.32616 
-0.105611 0.0341156 -0.993822 -17.9972 -0.00678271 0.999363 0.0350266 0.218003 0.994384 0.01044 -0.105313 4.2244 
-0.104472 0.0333944 -0.993967 -18.7255 -0.00872808 0.999367 0.0344932 0.230279 0.99449 0.012279 -0.104115 4.14703 
-0.103786 0.0306312 -0.994128 -19.4651 -0.0129754 0.999399 0.0321483 0.240101 0.994515 0.0162357 -0.103326 4.06594 
-0.102445 0.0302072 -0.99428 -20.224 -0.0142981 0.999391 0.0318357 0.25035 0.994636 0.0174777 -0.101951 3.97857 
-0.100793 0.0326132 -0.994373 -20.9972 -0.011055 0.999364 0.0338974 0.27117 0.994846 0.0144095 -0.100369 3.88877 
-0.100073 0.0344355 -0.994384 -21.7898 -0.00835244 0.999337 0.0354476 0.292072 0.994945 0.0118529 -0.0997193 3.80699 
-0.099358 0.036889 -0.994368 -22.5846 -0.00721087 0.99926 0.037791 0.300868 0.995026 0.0109251 -0.0990184 3.71827 
-0.0991815 0.0315746 -0.994568 -23.3809 -0.00584961 0.999461 0.0323133 0.324856 0.995052 0.00902276 -0.0989433 3.62805 
-0.0993226 0.0244035 -0.994756 -24.1629 -0.00449155 0.999678 0.0249727 0.340899 0.995045 0.00694839 -0.099181 3.54984 
-0.10033 0.0202241 -0.994749 -24.9748 -0.00104098 0.999791 0.0204316 0.351129 0.994954 0.00308545 -0.100288 3.46895 
-0.0999047 0.0206323 -0.994783 -25.7979 0.000238214 0.999785 0.0207122 0.369015 0.994997 0.00183231 -0.0998881 3.36667 
-0.101212 0.0281466 -0.994467 -26.6374 0.00110707 0.999602 0.0281793 0.376978 0.994864 0.00175117 -0.101202 3.28407 
-0.101693 0.0348724 -0.994204 -27.4749 0.000333147 0.999387 0.0350201 0.391589 0.994816 0.00323012 -0.101642 3.17878 
-0.102325 0.0396596 -0.99396 -28.3095 -0.00149536 0.999198 0.0400226 0.410812 0.99475 0.0055817 -0.102184 3.07877 
-0.103013 0.039521 -0.993895 -29.1756 -0.00311722 0.999193 0.0400548 0.427425 0.994675 0.00722438 -0.102806 2.95789 
-0.102694 0.0356617 -0.994074 -30.0092 -0.00352511 0.999338 0.0362147 0.449742 0.994707 0.00722329 -0.1025 2.84766 
-0.103569 0.0328422 -0.99408 -30.8504 -0.00343786 0.999437 0.0333774 0.465852 0.994616 0.00687441 -0.103398 2.74916 
-0.10401 0.033577 -0.994009 -31.6795 -0.0048304 0.999401 0.0342645 0.485079 0.994565 0.00836536 -0.103786 2.64808 
-0.104068 0.0367781 -0.99389 -32.5204 -0.00653174 0.999269 0.0376611 0.492065 0.994549 0.0104112 -0.103752 2.5415 
-0.104031 0.0346282 -0.993971 -33.3583 -0.00798878 0.999332 0.0356511 0.505725 0.994542 0.0116495 -0.103685 2.43377 
-0.103017 0.030113 -0.994224 -34.205 -0.0102825 0.999456 0.0313369 0.494772 0.994626 0.0134514 -0.102652 2.31322 
-0.103498 0.0252894 -0.994308 -35.0184 -0.0106884 0.999591 0.0265363 0.516722 0.994572 0.013374 -0.103185 2.22275 
-0.103437 0.0258729 -0.9943 -35.8587 -0.0111618 0.999569 0.0271712 0.532574 0.994573 0.0139087 -0.103103 2.12554 
-0.103037 0.0289324 -0.994257 -36.6874 -0.0113722 0.999477 0.0302628 0.533634 0.994613 0.0144251 -0.102654 2.02463 
-0.102292 0.0333202 -0.994196 -37.5464 -0.0109536 0.999341 0.0346196 0.55442 0.994694 0.0144314 -0.10186 1.91169 
-0.101047 0.038741 -0.994127 -38.394 -0.0103502 0.999147 0.0399887 0.565255 0.994828 0.0143302 -0.100559 1.79551 
-0.101957 0.0417779 -0.993911 -39.2188 -0.0106152 0.999015 0.0430813 0.58359 0.994732 0.0149431 -0.101413 1.70291 
-0.102634 0.0417597 -0.993842 -40.0641 -0.00909835 0.999037 0.0429175 0.597539 0.994678 0.0134472 -0.102156 1.61405 
-0.102788 0.0370955 -0.994011 -40.89 -0.00861312 0.999234 0.0381811 0.619391 0.994666 0.0124861 -0.102389 1.50748 
-0.102573 0.0319563 -0.994212 -41.7152 -0.00911762 0.999412 0.0330641 0.645135 0.994684 0.0124564 -0.102221 1.40641 
-0.103261 0.0291476 -0.994227 -42.5394 -0.013547 0.999437 0.0307074 0.652624 0.994562 0.0166397 -0.102808 1.31476 
-0.103089 0.0266291 -0.994316 -43.3683 -0.0164361 0.99946 0.0284709 0.670376 0.994536 0.0192777 -0.102595 1.19223 
-0.103858 0.0248945 -0.994281 -44.2042 -0.0141909 0.999548 0.0265087 0.680053 0.994491 0.0168629 -0.103458 1.08337 
-0.106601 0.0218488 -0.994062 -45.0233 -0.0101135 0.999683 0.0230569 0.679834 0.994251 0.0125113 -0.106346 1.01205 
-0.108042 0.0202441 -0.99394 -45.8316 -0.00541239 0.999766 0.0209511 0.69596 0.994132 0.00764324 -0.107907 0.921373 
-0.111267 0.0241401 -0.993497 -46.6733 -0.00410166 0.999685 0.0247498 0.686773 0.993782 0.00682885 -0.111133 0.827828 
-0.112912 0.030128 -0.993148 -47.4824 -0.00156022 0.999534 0.0304991 0.697517 0.993604 0.00499329 -0.112812 0.725488 
-0.115831 0.0330069 -0.99272 -48.3071 0.000642372 0.99945 0.0331557 0.716828 0.993269 0.00320281 -0.115789 0.633295 
-0.117928 0.0321855 -0.992501 -49.1065 0.000594871 0.999477 0.0323411 0.721397 0.993022 0.00322353 -0.117885 0.53116 
-0.118619 0.0277728 -0.992551 -49.9015 -0.00294067 0.999595 0.0283213 0.733018 0.992936 0.00627825 -0.118489 0.411273 
-0.119683 0.0232607 -0.99254 -50.6992 -0.00885989 0.999661 0.0244959 0.743328 0.992773 0.0117256 -0.119437 0.285922 
-0.121513 0.0213072 -0.992361 -51.4805 -0.0124993 0.999657 0.0229943 0.751478 0.992511 0.015198 -0.121205 0.171591 
-0.122866 0.0221665 -0.992176 -52.263 -0.0136707 0.999618 0.0240257 0.755328 0.992329 0.0165157 -0.122516 0.0569305 
-0.124717 0.0233326 -0.991918 -53.0384 -0.0135611 0.99959 0.0252182 0.75916 0.9921 0.0165967 -0.12435 -0.0512906 
-0.125756 0.0222589 -0.991812 -53.8181 -0.0146403 0.999598 0.02429 0.769084 0.991953 0.017575 -0.125379 -0.170733 
-0.12638 0.0219307 -0.991739 -54.5912 -0.0166077 0.999569 0.0242203 0.768507 0.991843 0.0195315 -0.125961 -0.290626 
-0.126812 0.0236247 -0.991645 -55.3725 -0.016703 0.999524 0.0259484 0.773635 0.991786 0.019854 -0.126357 -0.410869 
-0.127088 0.0264721 -0.991538 -56.1201 -0.015886 0.999461 0.0287198 0.777283 0.991764 0.0194016 -0.126599 -0.521772 
-0.127928 0.0302375 -0.991322 -56.9 -0.0152318 0.999357 0.0324482 0.79122 0.991667 0.0192507 -0.127385 -0.623147 
-0.129958 0.0322553 -0.990995 -57.6681 -0.0134957 0.999321 0.0342961 0.795352 0.991428 0.0178313 -0.129435 -0.72016 
-0.131639 0.0319246 -0.990784 -58.4146 -0.0125888 0.999347 0.0338731 0.80861 0.991218 0.0169319 -0.131151 -0.81776 
-0.131599 0.0294285 -0.990866 -59.1772 -0.0112938 0.99945 0.0311834 0.825635 0.991239 0.0152944 -0.131194 -0.942893 
-0.131727 0.0262291 -0.990939 -59.9221 -0.011303 0.999545 0.0279594 0.827866 0.991222 0.0148836 -0.13137 -1.0685 
-0.133923 0.0230479 -0.990724 -60.6359 -0.0103271 0.999643 0.0246514 0.839463 0.990938 0.0135327 -0.133637 -1.14245 
-0.13268 0.0208895 -0.990939 -61.3414 -0.0109927 0.999685 0.0225458 0.842213 0.991098 0.0138845 -0.132408 -1.2498 
-0.131329 0.0193467 -0.99115 -62.0221 -0.0135296 0.999681 0.021306 0.850582 0.991247 0.016208 -0.131026 -1.34349 
-0.1283 0.0199945 -0.991534 -62.6814 -0.0126839 0.999682 0.0218001 0.8541 0.991654 0.0153735 -0.128006 -1.42654 
-0.122679 0.020792 -0.992229 -63.3383 -0.0116241 0.999682 0.0223854 0.866082 0.992378 0.01428 -0.122398 -1.51597 
-0.115887 0.0220361 -0.993018 -63.9759 -0.0101034 0.999676 0.0233629 0.872108 0.993211 0.0127404 -0.115627 -1.59141 
-0.108223 0.023694 -0.993844 -64.5933 -0.010195 0.999637 0.0249423 0.865657 0.994074 0.0128316 -0.107942 -1.65498 
-0.096098 0.024694 -0.995066 -65.2214 -0.0123116 0.999586 0.0259952 0.878842 0.995296 0.014749 -0.0957543 -1.73794 
-0.0807449 0.0258356 -0.9964 -65.8355 -0.0144822 0.999528 0.0270903 0.884762 0.99663 0.0166175 -0.0803327 -1.80482 
-0.0619443 0.0270917 -0.997712 -66.4363 -0.0165602 0.999466 0.0281675 0.884091 0.997942 0.0182671 -0.0614625 -1.85535 
-0.0404345 0.0271748 -0.998813 -66.9983 -0.0162019 0.999481 0.0278489 0.89819 0.999051 0.0173087 -0.0399733 -1.86588 
-0.0146541 0.0276218 -0.999511 -67.5406 -0.0154817 0.999492 0.0278483 0.892476 0.999773 0.0158822 -0.0142191 -1.88057 
0.0145073 0.0265921 -0.999541 -68.0624 -0.0141641 0.999551 0.0263868 0.914124 0.999794 0.0137749 0.0148774 -1.85222 
0.0489753 0.0269745 -0.998436 -68.5433 -0.0126241 0.999572 0.026386 0.904321 0.99872 0.0113122 0.0492949 -1.82086 
0.0864837 0.0267094 -0.995895 -69.0115 -0.0113378 0.999602 0.0258243 0.921249 0.996189 0.00905789 0.0867521 -1.75472 
0.12812 0.0263937 -0.991407 -69.4713 -0.0104524 0.999626 0.0252617 0.925913 0.991704 0.0071261 0.128348 -1.68334 
0.173668 0.0263331 -0.984452 -69.9073 -0.0091876 0.999642 0.0251187 0.941107 0.984762 0.0046825 0.173847 -1.58732 
0.222776 0.0249463 -0.974551 -70.3269 -0.00547826 0.999689 0.0243375 0.942037 0.974854 -8.29192e-05 0.222843 -1.46245 
0.274299 0.0210991 -0.961413 -70.7663 0.00235806 0.999742 0.022613 0.930592 0.961642 -0.00846974 0.274178 -1.3115 
0.325903 0.0152847 -0.94528 -71.1338 0.00815537 0.999787 0.0189777 0.937657 0.945368 -0.013894 0.325709 -1.13966 
0.379687 0.0108355 -0.925052 -71.5121 0.0132306 0.999766 0.0171411 0.942592 0.92502 -0.0187472 0.379455 -0.961821 
0.43241 0.00969138 -0.901625 -71.8882 0.0130847 0.99977 0.0170216 0.956037 0.901582 -0.0191578 0.432183 -0.762718 
0.482147 0.00874774 -0.876047 -72.2436 0.0151961 0.999716 0.0183461 0.955962 0.875958 -0.0221579 0.481877 -0.539711 
0.527948 0.00366471 -0.849269 -72.5945 0.0235861 0.999542 0.0189754 0.974066 0.848949 -0.0300489 0.527619 -0.280881 
0.573344 -0.00250528 -0.819311 -72.9219 0.0344885 0.999183 0.0210794 0.974542 0.818589 -0.0403425 0.572962 -0.00347855 
0.617385 -0.0075412 -0.786625 -73.2398 0.0361769 0.999168 0.0188147 0.972758 0.785829 -0.0400735 0.617144 0.276525 
0.660278 -0.00986498 -0.750956 -73.5188 0.0310523 0.999417 0.0141738 0.965554 0.750379 -0.0326776 0.6602 0.539111 
0.702687 -0.0169025 -0.711298 -73.8005 0.0278729 0.999604 0.00378204 0.963436 0.710953 -0.0224835 0.70288 0.850595 
0.743376 -0.0192996 -0.668596 -74.0713 0.0222593 0.999744 -0.00410959 0.968947 0.668504 -0.0118274 0.743615 1.1862 
0.781963 -0.0223358 -0.622924 -74.3179 0.0226768 0.999716 -0.00737978 0.980845 0.622912 -0.00835513 0.782247 1.54595 
0.817912 -0.0229491 -0.574886 -74.5714 0.0222181 0.999719 -0.00829778 0.975926 0.574915 -0.00598597 0.818191 1.94183 
0.850224 -0.0221803 -0.525954 -74.8119 0.0200013 0.999752 -0.00982833 0.970372 0.526042 -0.00216346 0.850456 2.36423 
0.877664 -0.0202224 -0.478851 -75.0383 0.0186658 0.999794 -0.00801078 0.962973 0.478914 -0.0019073 0.87786 2.80433 
0.900209 -0.0148441 -0.435206 -75.2518 0.0131317 0.99989 -0.00694221 0.955374 0.435261 0.000534503 0.900304 3.2846 
0.919431 -0.00898196 -0.393149 -75.4663 0.00650912 0.99995 -0.0076227 0.948949 0.393197 0.00444955 0.919443 3.77838 
0.933956 -0.00419843 -0.357365 -75.6471 0.00234975 0.999982 -0.00560723 0.936922 0.357381 0.00439723 0.933948 4.29111 
0.944984 -0.00332391 -0.3271 -75.8374 0.00236489 0.999992 -0.00332966 0.924447 0.327108 0.00237297 0.944984 4.83411 
0.953124 -0.0039194 -0.302554 -76.0117 0.00359905 0.999992 -0.00161645 0.914141 0.302558 0.000451821 0.953131 5.39767 
0.95942 -0.00445934 -0.281944 -76.1826 0.00493298 0.999987 0.000969978 0.896418 0.281936 -0.0023214 0.95943 5.96919 
0.964699 -0.00129363 -0.263353 -76.3524 0.00218404 0.999993 0.00308821 0.899932 0.263347 -0.00355432 0.964695 6.56483 
0.96874 0.00335739 -0.248055 -76.5266 -0.00235073 0.999988 0.00435412 0.897748 0.248066 -0.00363485 0.968736 7.17535 
0.9721 0.0058237 -0.234495 -76.6952 -0.00477899 0.999976 0.005023 0.900897 0.234519 -0.00376216 0.972104 7.80913 
0.975331 0.00445876 -0.220701 -76.8581 -0.00343101 0.999981 0.00503968 0.890868 0.220719 -0.00415808 0.975329 8.45208 
0.978229 0.00451606 -0.20748 -76.9995 -0.00379293 0.999985 0.00388281 0.90279 0.207494 -0.00301127 0.978232 9.11247 
0.981034 0.00389364 -0.193795 -77.1231 -0.0033159 0.999989 0.00330533 0.921116 0.193806 -0.00259999 0.981037 9.78042 
0.983588 0.00328928 -0.180401 -77.2473 -0.0026088 0.999989 0.00400894 0.906145 0.180412 -0.00347247 0.983585 10.5065 
0.986004 0.00469396 -0.166654 -77.4044 -0.00457705 0.999989 0.00108531 0.904937 0.166657 -0.000307285 0.986015 11.1733 
0.987909 0.00479867 -0.154961 -77.5308 -0.00541198 0.999979 -0.00353642 0.885141 0.154941 0.00433235 0.987914 11.8909 
0.989367 0.00297331 -0.145412 -77.6547 -0.00444673 0.999942 -0.00980895 0.877566 0.145375 0.0103513 0.989323 12.6135 
0.990641 0.00154626 -0.136485 -77.7758 -0.00289384 0.999949 -0.00967585 0.865144 0.136463 0.0099803 0.990595 13.3646 
0.991531 0.00450142 -0.129792 -77.8922 -0.00500165 0.999981 -0.00352868 0.855197 0.129774 0.00414802 0.991535 14.1214 
0.992243 0.0102853 -0.123885 -78.0287 -0.00991803 0.999944 0.00358072 0.852794 0.123915 -0.00232421 0.99229 14.8628 
0.992709 0.0110524 -0.120028 -78.1377 -0.0103045 0.999923 0.00685019 0.842254 0.120095 -0.00556337 0.992747 15.6343 
0.993086 0.0091969 -0.117025 -78.2334 -0.00846339 0.999941 0.00676305 0.817781 0.11708 -0.00572582 0.993106 16.4079 
0.993341 0.00752664 -0.114965 -78.3175 -0.00682159 0.999955 0.0065246 0.796919 0.115009 -0.00569687 0.993348 17.1696 
0.993584 0.00658651 -0.112903 -78.4073 -0.00557039 0.999941 0.00931274 0.780211 0.112957 -0.00862404 0.993562 17.9461 
0.99386 0.00455686 -0.11055 -78.5019 -0.00321009 0.999919 0.012357 0.773076 0.110598 -0.0119262 0.993794 18.7279 
0.994343 0.00247589 -0.106187 -78.6165 -0.00103432 0.999907 0.0136282 0.767253 0.106211 -0.0134413 0.994253 19.5033 
0.994602 0.00322365 -0.103719 -78.7116 -0.00217651 0.999946 0.0102072 0.75623 0.103746 -0.00992635 0.994554 20.2749 
0.994776 0.00486028 -0.10197 -78.8053 -0.00455883 0.999985 0.00318868 0.748861 0.101984 -0.00270711 0.994782 21.0256 
0.994902 0.00602774 -0.100666 -78.8944 -0.00655229 0.999967 -0.0048814 0.743901 0.100633 0.00551615 0.994908 21.7781 
0.995069 0.00536956 -0.0990372 -78.9862 -0.0062525 0.999943 -0.00860741 0.721145 0.0989853 0.00918424 0.995047 22.5256 
0.995215 0.00598066 -0.0975312 -79.0702 -0.00667239 0.999955 -0.00676821 0.699846 0.0974863 0.00738663 0.995209 23.2746 
0.995423 0.0088024 -0.0951654 -79.1631 -0.00912639 0.999954 -0.00297029 0.684363 0.0951348 0.00382525 0.995457 24.0321 
0.99551 0.0126588 -0.0938092 -79.2473 -0.0124149 0.999918 0.00318205 0.6553 0.0938417 -0.00200309 0.995585 24.7844 
0.995768 0.0101079 -0.0913451 -79.3299 -0.00975196 0.999943 0.0043414 0.651975 0.0913838 -0.00343219 0.99581 25.5337 
0.995841 0.00625265 -0.0908969 -79.4033 -0.00587943 0.999973 0.00437271 0.63741 0.0909218 -0.00382006 0.995851 26.2834 
0.995961 0.00448562 -0.0896722 -79.4831 -0.00413883 0.999983 0.0040524 0.62823 0.0896888 -0.00366485 0.995963 27.0334 
0.995942 0.00432644 -0.0898988 -79.5515 -0.00403575 0.999986 0.00341454 0.602976 0.0899123 -0.00303783 0.995945 27.7821 
0.996119 0.00361992 -0.0879429 -79.6463 -0.00348942 0.999993 0.00163714 0.599974 0.0879481 -0.00132387 0.996124 28.5386 
0.996115 0.00253129 -0.0880273 -79.72 -0.00243357 0.999996 0.00121689 0.592369 0.08803 -0.000997898 0.996117 29.2937 
0.996087 0.00572193 -0.0881985 -79.8012 -0.00551471 0.999981 0.00259256 0.576704 0.0882117 -0.00209598 0.9961 30.0609 
0.996089 0.00575796 -0.0881711 -79.8858 -0.00561805 0.999983 0.00183434 0.565461 0.0881801 -0.00133177 0.996104 30.8261 
0.996003 0.00579169 -0.0891344 -79.9774 -0.00571027 0.999983 0.00116796 0.560901 0.0891397 -0.000654262 0.996019 31.5915 
0.995898 0.00218483 -0.0904571 -80.0671 -0.00203673 0.999996 0.00172905 0.551854 0.0904605 -0.00153767 0.995899 32.3647 
0.995594 0.00395932 -0.093683 -80.1642 -0.00385412 0.999992 0.00130337 0.543613 0.0936874 -0.00093652 0.995601 33.1521 
0.99531 0.00790677 -0.0964163 -80.2679 -0.00783945 0.999969 0.00107654 0.534699 0.0964217 -0.000315594 0.995341 33.9446 
0.995067 0.00664828 -0.098982 -80.3672 -0.00701203 0.99997 -0.00332792 0.512038 0.0989568 0.00400561 0.995084 34.723 
0.994656 0.00675141 -0.103021 -80.4439 -0.00746539 0.999951 -0.00654678 0.491866 0.102972 0.00728093 0.994658 35.5447 
0.994443 0.00558318 -0.105127 -80.5451 -0.00651966 0.999942 -0.00856688 0.482772 0.105073 0.00920471 0.994422 36.3683 
0.994242 0.00567609 -0.10701 -80.6589 -0.00653941 0.999949 -0.0077189 0.469259 0.106961 0.00837428 0.994228 37.1921 
0.994033 0.00454632 -0.108988 -80.7761 -0.00529595 0.999964 -0.00659 0.448966 0.108954 0.00712792 0.994021 38.0105 
0.993816 0.00526819 -0.110918 -80.8861 -0.00577424 0.999974 -0.004242 0.425525 0.110893 0.00485628 0.993821 38.8358 
0.993713 0.00523014 -0.111839 -81.0023 -0.00539579 0.999985 -0.00117887 0.416148 0.111831 0.00177496 0.993726 39.661 
0.993635 0.00539805 -0.112521 -81.1178 -0.00502496 0.999981 0.00359879 0.403823 0.112539 -0.00301043 0.993643 40.4963 
0.993657 0.00542404 -0.112326 -81.224 -0.00476196 0.99997 0.00616139 0.385465 0.112356 -0.00558737 0.993652 41.3493 
0.993861 0.00751993 -0.110385 -81.3372 -0.00696754 0.999961 0.0053888 0.379512 0.110421 -0.00458656 0.993874 42.1834 
0.994021 0.00759308 -0.108929 -81.4465 -0.00715954 0.999965 0.00437019 0.368029 0.108958 -0.00356413 0.99404 43.0398 
0.994241 0.00581185 -0.107008 -81.5606 -0.00567847 0.999983 0.00155074 0.368052 0.107015 -0.000934123 0.994257 43.9095 
0.994508 0.00284536 -0.104619 -81.6667 -0.00285603 0.999996 4.74616e-05 0.353452 0.104619 0.000251638 0.994512 44.7699 
0.994642 0.00157012 -0.103369 -81.7666 -0.00164232 0.999999 -0.000613768 0.343964 0.103368 0.000780289 0.994643 45.6411 
0.994702 -0.00118211 -0.102796 -81.871 0.00143298 0.999996 0.00236622 0.327104 0.102792 -0.00250094 0.9947 46.5118 
0.99481 -0.00371419 -0.10168 -81.9781 0.00425085 0.999978 0.00506135 0.314092 0.101659 -0.00546727 0.994804 47.3589 
0.994872 -0.00304944 -0.101093 -82.075 0.00361941 0.999979 0.00545464 0.296749 0.101075 -0.00579252 0.994862 48.219 
0.994981 -0.00109374 -0.100059 -82.1871 0.0012209 0.999999 0.00120924 0.298269 0.100058 -0.00132529 0.994981 49.0854 
0.995123 0.000900727 -0.098642 -82.312 -0.00137798 0.999988 -0.00477061 0.28042 0.0986364 0.00488331 0.995112 49.9397 
0.995284 0.00217299 -0.096979 -82.4259 -0.00309612 0.999951 -0.00936974 0.251701 0.0969539 0.00962586 0.995242 50.7541 
0.99537 0.00704536 -0.0958543 -82.5404 -0.00853792 0.999849 -0.0151703 0.228094 0.0957328 0.0159185 0.99528 51.5822 
0.995506 0.00806959 -0.0943552 -82.649 -0.00971589 0.999808 -0.017002 0.215214 0.0941999 0.0178423 0.995393 52.429 
0.995509 0.00451104 -0.0945556 -82.739 -0.00554175 0.999928 -0.0106412 0.187769 0.0945008 0.0111175 0.995463 53.2906 
0.995468 0.00368951 -0.0950276 -82.8396 -0.00396156 0.999989 -0.00267478 0.173315 0.0950166 0.00303916 0.995471 54.1367 
0.995355 0.00280146 -0.0962283 -82.9378 -0.00245511 0.99999 0.00371711 0.165388 0.0962378 -0.00346355 0.995352 54.985 
0.995098 0.000826825 -0.0988858 -83.035 -0.000694392 0.999999 0.00137326 0.155779 0.0988868 -0.00129782 0.995098 55.8298 
0.994829 -0.00470607 -0.101452 -83.1219 0.00445706 0.999987 -0.00268136 0.142806 0.101463 0.00221536 0.994837 56.6635 
0.994553 -0.00696774 -0.104001 -83.2241 0.0066 0.999971 -0.00388 0.120131 0.104025 0.0031725 0.99457 57.4884 
0.994309 -0.00379811 -0.106464 -83.3308 0.00319519 0.999978 -0.00583359 0.0932217 0.106484 0.00546026 0.994299 58.2928 
0.993943 -0.00304958 -0.109855 -83.4397 0.00211445 0.999961 -0.00862823 0.0586859 0.109877 0.00834373 0.99391 59.1153 
0.993494 -0.00224584 -0.113859 -83.555 0.000841911 0.999923 -0.0123773 0.0388965 0.113878 0.0122009 0.99342 59.9295 
0.993106 0.000427803 -0.117217 -83.6716 -0.00230998 0.999871 -0.0159222 0.00934874 0.117195 0.0160833 0.992979 60.7138 
0.992765 0.00427336 -0.120001 -83.8013 -0.00630874 0.999843 -0.0165869 -0.0147137 0.119911 0.017224 0.992635 61.514 
0.992319 0.0103269 -0.123276 -83.9295 -0.0123108 0.999807 -0.0153424 -0.0272074 0.123094 0.0167423 0.992254 62.3035 
0.991682 0.0143655 -0.127912 -84.0381 -0.0157363 0.999829 -0.00971281 -0.0609034 0.127751 0.0116449 0.991738 63.0927 
0.991301 0.0166076 -0.130559 -84.2011 -0.0173229 0.999841 -0.00434507 -0.0794368 0.130466 0.00656897 0.991431 63.8005 
0.990781 0.0169705 -0.134406 -84.3329 -0.0172861 0.99985 -0.00118174 -0.0889022 0.134366 0.00349426 0.990926 64.6031 
0.98983 0.0169441 -0.141245 -84.4618 -0.0171662 0.999853 -0.000353964 -0.11134 0.141218 0.00277505 0.989975 65.3842 
0.989069 0.0171335 -0.146452 -84.5981 -0.0169107 0.999853 0.00276617 -0.118045 0.146478 -0.000259286 0.989214 66.1642 
0.988048 0.0153995 -0.153379 -84.7305 -0.0153522 0.999881 0.00149232 -0.11782 0.153383 0.000880262 0.988166 66.9262 
0.987157 0.0201374 -0.15848 -84.8907 -0.0203699 0.999793 0.000156924 -0.134552 0.15845 0.00307336 0.987362 67.6748 
0.986004 0.0226453 -0.165178 -85.0372 -0.0235582 0.999716 -0.00356953 -0.150949 0.16505 0.0074109 0.986257 68.4352 
0.985144 0.0208511 -0.170461 -85.1934 -0.0222007 0.999735 -0.00601467 -0.168815 0.17029 0.0097097 0.985346 69.1949 
0.98432 0.0218253 -0.175037 -85.3491 -0.0232524 0.999711 -0.00610662 -0.203104 0.174853 0.0100809 0.984543 69.9504 
0.983472 0.0249477 -0.179332 -85.5223 -0.0257798 0.999665 -0.00231042 -0.197811 0.179214 0.0068954 0.983786 70.6673 
0.982308 0.0248219 -0.185619 -85.6866 -0.0249773 0.999687 0.00150107 -0.210637 0.185598 0.0031618 0.982621 71.4193 
0.981084 0.025795 -0.191855 -85.8502 -0.0257001 0.999665 0.00298351 -0.219841 0.191868 0.00200367 0.981419 72.162 
0.979922 0.0258647 -0.197696 -86.0419 -0.0266251 0.999645 -0.00118922 -0.229579 0.197595 0.00642906 0.980263 72.913 
0.978331 0.0237334 -0.20568 -86.22 -0.0259723 0.999629 -0.00819187 -0.244452 0.20541 0.0133564 0.978585 73.6416 
0.976516 0.0204851 -0.21447 -86.4043 -0.023213 0.999678 -0.0102084 -0.262351 0.214192 0.0149472 0.976677 74.3855 
0.974077 0.0213243 -0.225212 -86.6028 -0.0235892 0.999695 -0.00737067 -0.277566 0.224986 0.0124922 0.974282 75.113 
0.971519 0.0212649 -0.236005 -86.8065 -0.0222698 0.999751 -0.00159311 -0.290046 0.235912 0.00680357 0.971751 75.8469 
0.968526 0.0234616 -0.247806 -87.0208 -0.0225193 0.999724 0.0066366 -0.309606 0.247893 -0.000847272 0.968787 76.5883 
0.965605 0.0238032 -0.258923 -87.2347 -0.0221369 0.999711 0.00934952 -0.318722 0.259071 -0.00329614 0.965853 77.3036 
0.962331 0.0271762 -0.270519 -87.4624 -0.0268884 0.999627 0.00477055 -0.329264 0.270548 0.00268302 0.962703 78.0119 
0.958916 0.0272132 -0.282382 -87.6976 -0.0295025 0.999557 -0.00385763 -0.341953 0.282152 0.0120302 0.959294 78.7079 
0.955116 0.0245595 -0.295214 -87.9231 -0.0286308 0.999545 -0.00947576 -0.345732 0.294847 0.0175027 0.955384 79.4329 
0.951505 0.0239977 -0.306695 -88.1819 -0.0265781 0.999638 -0.00423928 -0.362284 0.306483 0.0121851 0.951798 80.1398 
0.947592 0.0226981 -0.318675 -88.4341 -0.0228396 0.999734 0.00329305 -0.383569 0.318664 0.00415798 0.947858 80.8453 
0.943422 0.0242606 -0.330705 -88.6989 -0.0225884 0.999705 0.00889916 -0.395489 0.330824 -0.000925499 0.943692 81.5574 
0.938829 0.0208206 -0.343754 -88.9722 -0.0198199 0.999783 0.00642502 -0.403693 0.343813 0.000781202 0.939038 82.2551 
0.934814 0.0199057 -0.354579 -89.2629 -0.0206371 0.999786 0.00171914 -0.404347 0.354537 0.00571044 0.935025 82.9421 
0.931168 0.0156418 -0.364255 -89.5427 -0.0192068 0.999797 -0.0061663 -0.408268 0.364084 0.0127381 0.931279 83.6451 
0.92864 0.0111825 -0.370815 -89.8474 -0.0170884 0.999774 -0.0126451 -0.412611 0.370589 0.0180794 0.928621 84.3283 
0.925068 0.0107267 -0.37965 -90.1286 -0.0175457 0.999741 -0.0145056 -0.430481 0.379396 0.0200799 0.925016 85.054 
0.921752 0.0155947 -0.387466 -90.445 -0.0232256 0.999617 -0.0150195 -0.447502 0.387084 0.0228435 0.921761 85.7404 
0.918455 0.0161361 -0.395197 -90.7651 -0.023231 0.999643 -0.013174 -0.465585 0.394844 0.0212806 0.918502 86.4233 
0.915002 0.0171328 -0.403085 -91.0884 -0.0216958 0.999742 -0.00675639 -0.477719 0.402865 0.0149274 0.915138 87.1113 
0.911997 0.017892 -0.409806 -91.4203 -0.0191231 0.999817 0.00109447 -0.494526 0.40975 0.00683864 0.912172 87.7939 
0.908817 0.0278445 -0.416266 -91.7637 -0.0267774 0.999606 0.00840264 -0.515884 0.416336 0.00351012 0.909204 88.496 
0.906084 0.0337805 -0.421746 -92.1098 -0.0349109 0.999378 0.00504391 -0.526229 0.421654 0.0101534 0.9067 89.1449 
0.903386 0.0296656 -0.427801 -92.4434 -0.0338862 0.999423 -0.00225312 -0.545947 0.427488 0.016532 0.90387 89.7988 
0.901664 0.0217907 -0.431889 -92.7881 -0.0284041 0.999557 -0.00886772 -0.56697 0.431504 0.0202632 0.901883 90.4737 
0.900169 0.0231819 -0.434925 -93.1561 -0.0304949 0.999487 -0.00984217 -0.574837 0.434473 0.0221226 0.900413 91.1516 
0.897755 0.0286886 -0.439559 -93.5174 -0.0339862 0.999414 -0.00418489 -0.602558 0.439181 0.018696 0.898204 91.8329 
0.895211 0.0311672 -0.444552 -93.9006 -0.0349862 0.999388 -0.000386641 -0.610538 0.444267 0.0158993 0.895753 92.5245 
0.893307 0.0271625 -0.448625 -94.2762 -0.0317998 0.99949 -0.00280496 -0.620905 0.44832 0.016772 0.893716 93.1973 
0.890798 0.0248612 -0.453718 -94.6388 -0.0327002 0.999421 -0.00943869 -0.638883 0.453221 0.0232447 0.891095 93.8687 
0.888371 0.0227503 -0.458562 -95.011 -0.0334348 0.999325 -0.0151944 -0.661521 0.457907 0.0288303 0.888533 94.5419 
0.886099 0.0238616 -0.462881 -95.4028 -0.0353877 0.999242 -0.016232 -0.6889 0.462143 0.0307635 0.886272 95.2168 
0.883704 0.0266199 -0.467289 -95.7785 -0.0366255 0.999253 -0.0123396 -0.708841 0.466611 0.0280193 0.884019 95.9012 
0.880882 0.0277228 -0.472524 -96.1387 -0.0363409 0.999298 -0.00911855 -0.752153 0.471939 0.0252043 0.881271 96.5723 
0.87775 0.0277617 -0.478313 -96.5081 -0.0365953 0.999288 -0.00915653 -0.761254 0.477719 0.0255412 0.878142 97.25 
0.875316 0.0251301 -0.482899 -96.8918 -0.0341221 0.999369 -0.00984344 -0.786764 0.482347 0.0250937 0.875621 97.9056 
0.872795 0.0242694 -0.487483 -97.2733 -0.0337759 0.999372 -0.0107189 -0.810345 0.486917 0.0258206 0.873067 98.5713 
0.869896 0.0231044 -0.492693 -97.6453 -0.032605 0.999411 -0.0107008 -0.821896 0.492156 0.0253729 0.870137 99.2272 
0.866827 0.0248597 -0.497989 -98.0358 -0.0343804 0.999359 -0.00995628 -0.842634 0.497422 0.0257515 0.867126 99.896 
0.863773 0.0253996 -0.503241 -98.4239 -0.0355614 0.999311 -0.0106011 -0.860839 0.502625 0.027053 0.864081 100.564 
0.861106 0.0225512 -0.507925 -98.8125 -0.0351673 0.999265 -0.0152546 -0.88255 0.507207 0.0309983 0.861266 101.194 
0.858955 0.0179486 -0.511736 -99.2058 -0.0330771 0.999243 -0.0204729 -0.898764 0.510981 0.0345121 0.858899 101.825 
0.856781 0.016271 -0.515425 -99.5996 -0.0330541 0.99918 -0.0234029 -0.921814 0.514621 0.0370881 0.856615 102.452 
0.853785 0.0182157 -0.520308 -99.983 -0.0340051 0.999205 -0.0208181 -0.936172 0.519515 0.0354673 0.853725 103.111 
0.852678 0.0239942 -0.521885 -100.4 -0.0350931 0.999319 -0.011392 -0.961948 0.521257 0.0280284 0.85294 103.693 
0.852979 0.0255103 -0.521321 -100.837 -0.0320461 0.99948 -0.00352493 -0.96177 0.52096 0.019713 0.853354 104.267 
0.850049 0.0248671 -0.526116 -101.197 -0.0290707 0.999577 0.000275617 -0.97133 0.5259 0.0150603 0.850413 104.882 
0.84792 0.0239594 -0.529582 -101.572 -0.0271149 0.999631 0.00181145 -1.00382 0.52943 0.0128236 0.848257 105.479 
0.845924 0.020508 -0.53291 -101.943 -0.026493 0.999643 -0.00358493 -1.00161 0.532645 0.017151 0.846165 106.043 
0.844326 0.019074 -0.535491 -102.309 -0.0265919 0.999626 -0.00632198 -1.01972 0.53517 0.0195776 0.844517 106.588 
0.843087 0.017939 -0.537478 -102.679 -0.0267859 0.999604 -0.00865322 -1.02343 0.53711 0.0216923 0.843233 107.133 
0.841133 0.0171852 -0.540556 -103.02 -0.0267634 0.999593 -0.00986658 -1.02651 0.540166 0.0227663 0.84125 107.661 
0.839914 0.0189838 -0.542387 -103.359 -0.0289283 0.999533 -0.00981283 -1.03011 0.541948 0.0239323 0.840072 108.15 
0.839211 0.0190251 -0.543473 -103.706 -0.0285181 0.999552 -0.00904586 -1.04119 0.543058 0.0230903 0.839378 108.626 
0.836992 0.0176272 -0.546932 -104.001 -0.0274882 0.999574 -0.00985082 -1.03376 0.546525 0.0232793 0.837119 109.1 
0.836718 0.0174566 -0.547356 -104.334 -0.0271918 0.999583 -0.00968767 -1.05075 0.546958 0.0229895 0.836844 109.517 
0.835708 0.0170096 -0.548911 -104.628 -0.0270615 0.999582 -0.0102258 -1.07836 0.548507 0.0234002 0.835818 109.941 
0.834331 0.0164553 -0.551018 -104.915 -0.0283835 0.999511 -0.0131284 -1.09691 0.550532 0.0265933 0.83439 110.343 
0.831868 0.0126606 -0.554829 -105.177 -0.0276086 0.999446 -0.0185881 -1.1004 0.554286 0.030781 0.831757 110.757 
0.829912 0.00895858 -0.557823 -105.447 -0.0252805 0.999448 -0.0215605 -1.09543 0.557322 0.0319954 0.82968 111.125 
0.827234 0.00410712 -0.561842 -105.71 -0.0188447 0.999614 -0.0204389 -1.1121 0.561541 0.0274956 0.826992 111.496 
0.823565 0.00480927 -0.567201 -105.963 -0.0195752 0.999609 -0.0199473 -1.10833 0.566884 0.027531 0.823338 111.839 
0.820081 0.00862868 -0.572182 -106.21 -0.0221534 0.999616 -0.016677 -1.13782 0.571818 0.0263523 0.819957 112.144 
0.816568 0.0138679 -0.577083 -106.458 -0.0264922 0.999558 -0.0134659 -1.12878 0.576641 0.0262841 0.816575 112.446 
0.813134 0.0184155 -0.581785 -106.708 -0.0282708 0.999569 -0.00787299 -1.12247 0.581389 0.0228494 0.813305 112.725 
0.808255 0.0194153 -0.588512 -106.928 -0.0270056 0.999627 -0.00411108 -1.13196 0.588213 0.019216 0.808478 113.009 
0.802667 0.0170774 -0.596183 -107.117 -0.0231172 0.99973 -0.00248699 -1.14141 0.595979 0.0157784 0.802845 113.256 
0.795341 0.0136553 -0.606009 -107.322 -0.0194565 0.999806 -0.00300644 -1.13111 0.60585 0.014182 0.795452 113.497 
0.785168 0.0111917 -0.619182 -107.479 -0.0161694 0.999866 -0.00243139 -1.13253 0.619072 0.0119209 0.785244 113.719 
0.774785 0.0121029 -0.632109 -107.667 -0.0164303 0.999865 -0.000994642 -1.14718 0.632011 0.0111564 0.774879 113.926 
0.76261 0.0137975 -0.646711 -107.857 -0.0190149 0.999819 -0.00109154 -1.14917 0.646579 0.0131296 0.762734 114.103 
0.747791 0.00986431 -0.663861 -108.039 -0.0183702 0.999814 -0.00583647 -1.123 0.66368 0.0165598 0.747833 114.285 
0.733217 0.00784816 -0.67995 -108.24 -0.020416 0.999737 -0.0104762 -1.13171 0.679689 0.0215633 0.733184 114.438 
0.717533 0.00403426 -0.696513 -108.397 -0.0200748 0.999688 -0.0148904 -1.13656 0.696235 0.0246668 0.71739 114.585 
0.701436 0.00280859 -0.712727 -108.57 -0.0250164 0.999473 -0.0206816 -1.12085 0.712293 0.0323367 0.701137 114.727 
0.686404 0.00616643 -0.727194 -108.776 -0.0334527 0.999173 -0.0231035 -1.11481 0.72645 0.040185 0.686043 114.847 
0.667949 0.00750999 -0.744169 -108.95 -0.0360929 0.999099 -0.0223135 -1.11934 0.743332 0.0417636 0.667618 114.98 
0.64902 0.00707218 -0.760739 -109.123 -0.0349092 0.99918 -0.0204938 -1.12301 0.75997 0.0398577 0.648735 115.11 
0.628587 0.00596894 -0.777716 -109.315 -0.0327542 0.999287 -0.018804 -1.11921 0.777049 0.0372935 0.628334 115.235 
0.605553 0.00640215 -0.79578 -109.494 -0.0315192 0.999376 -0.0159446 -1.12129 0.795181 0.0347377 0.605377 115.353 
0.580462 0.0108448 -0.814215 -109.683 -0.0365613 0.99925 -0.0127556 -1.11995 0.813466 0.0371729 0.580423 115.464 
0.555041 0.0117085 -0.831741 -109.884 -0.0391137 0.999162 -0.0120362 -1.08285 0.830903 0.0392131 0.555034 115.566 
0.530922 0.0160756 -0.847268 -110.112 -0.0423345 0.999075 -0.00757206 -1.09741 0.846363 0.0398889 0.531111 115.636 
0.503605 0.0202601 -0.863697 -110.306 -0.0452466 0.998972 -0.00294914 -1.11793 0.862748 0.0405646 0.504004 115.73 
0.477068 0.0251687 -0.878506 -110.51 -0.0502692 0.998735 0.00131468 -1.1238 0.877427 0.0435347 0.47773 115.793 
0.449164 0.0273903 -0.893029 -110.717 -0.0530666 0.998583 0.00393697 -1.12633 0.891872 0.0456217 0.449981 115.854 
0.418406 0.0276256 -0.90784 -110.927 -0.0526098 0.998596 0.00614048 -1.14314 0.906735 0.0451921 0.419273 115.928 
0.387534 0.0233422 -0.92156 -111.158 -0.0531074 0.998584 0.00296037 -1.1261 0.920324 0.0477945 0.388226 115.973 
0.352178 0.0190646 -0.935739 -111.405 -0.0541667 0.998532 -4.24684e-05 -1.12448 0.934364 0.0507009 0.352694 116.03 
0.312371 0.0163121 -0.94982 -111.657 -0.0526451 0.998613 -0.000163538 -1.11853 0.9485 0.0500545 0.312797 116.08 
0.27027 0.0153269 -0.962662 -111.929 -0.0532505 0.998581 0.000948548 -1.11552 0.961311 0.051006 0.270703 116.123 
0.225934 0.0129535 -0.974057 -112.232 -0.0546946 0.998503 0.000592065 -1.10569 0.972606 0.053142 0.226304 116.16 
0.178445 0.00769369 -0.98392 -112.557 -0.0549595 0.998486 -0.00215991 -1.07068 0.982414 0.0544612 0.178597 116.171 
0.129872 0.00681316 -0.991507 -112.873 -0.0539855 0.998542 -0.000209775 -1.07304 0.99006 0.0535543 0.130051 116.168 
0.0788631 0.00312529 -0.996881 -113.238 -0.0563241 0.998412 -0.0013257 -1.0315 0.995293 0.056253 0.0789139 116.158 
0.0292915 0.00299867 -0.999566 -113.573 -0.0555865 0.998453 0.00136641 -1.00646 0.998024 0.0555225 0.0294129 116.088 
-0.0254018 0.00425649 -0.999668 -113.961 -0.0518798 0.998638 0.00557038 -0.982295 0.99833 0.0520041 -0.0251463 116.059 
-0.0788278 0.00546749 -0.996873 -114.334 -0.0494566 0.998732 0.00938848 -0.974653 0.995661 0.0500421 -0.0784575 115.979 
-0.131053 0.00846856 -0.991339 -114.706 -0.045179 0.998874 0.0145055 -0.979328 0.990345 0.0466888 -0.130523 115.864 
-0.18448 0.0115273 -0.982769 -115.097 -0.0413377 0.998955 0.0194768 -0.987833 0.981967 0.0442185 -0.183811 115.753 
-0.235929 0.00866385 -0.971732 -115.519 -0.0435978 0.998859 0.0194909 -0.930061 0.970792 0.0469639 -0.235282 115.619 
-0.284732 0.01102 -0.958544 -115.928 -0.0397995 0.998936 0.0233067 -0.924223 0.957781 0.0447857 -0.283991 115.445 
-0.332751 0.0152111 -0.942892 -116.364 -0.033032 0.999068 0.0277745 -0.94862 0.942436 0.0403876 -0.331939 115.249 
-0.379211 0.0150677 -0.925187 -116.788 -0.028688 0.999195 0.0280315 -0.917247 0.924865 0.0371716 -0.378474 115.036 
-0.422563 0.0155456 -0.9062 -117.21 -0.0241849 0.999303 0.0284202 -0.889523 0.906011 0.0339257 -0.421893 114.792 
-0.464507 0.0171824 -0.885403 -117.666 -0.0206169 0.999331 0.0302095 -0.878 0.885329 0.0322868 -0.463842 114.524 
