1 2.12261e-08 -2.11895e-08 0 2.12261e-08 1 2.10703e-08 0 -2.11895e-08 2.10703e-08 1 0 
0.999999 -0.000412377 0.00109357 -0.00449261 0.000413702 0.999999 -0.00117329 -0.00279988 -0.00109313 0.00117379 0.999999 0.442156 
0.999996 0.00112983 0.00274831 -0.0106364 -0.0011223 0.999996 -0.00272653 -0.00283537 -0.00275142 0.00272348 0.999993 0.896645 
0.999983 0.00310174 0.00485942 -0.0245966 -0.00308714 0.999991 -0.00300052 -0.0133656 -0.00486872 0.00298551 0.999984 1.38741 
0.999982 0.00310333 0.00520881 -0.013635 -0.00308402 0.999988 -0.00370258 -0.011453 -0.00522028 0.00368649 0.99998 1.87511 
0.999965 0.00374312 0.00742491 -0.0250672 -0.00371382 0.999985 -0.00395061 -0.0117142 -0.00743963 0.00392294 0.999965 2.36501 
0.999964 0.00328554 0.00783814 -0.0180847 -0.0032597 0.999989 -0.00330163 -0.0164983 -0.00784894 0.003276 0.999964 2.85739 
0.999951 0.00449897 0.00882797 -0.0117925 -0.00448541 0.999989 -0.00155042 -0.0209465 -0.00883489 0.00151079 0.99996 3.37282 
0.999938 0.0044069 0.0102507 -0.0230828 -0.00439678 0.99999 -0.00100478 -0.026198 -0.0102551 0.00095969 0.999947 3.88304 
0.99993 0.00555916 0.0104107 -0.0303751 -0.00555699 0.999985 -0.000233179 -0.0406193 -0.0104119 0.000175352 0.999946 4.39273 
0.999901 0.00654823 0.0124466 -0.0465814 -0.00653135 0.999978 -0.0013929 -0.0388218 -0.0124555 0.00131151 0.999922 4.90117 
0.999872 0.0075868 0.0140761 -0.052141 -0.00756654 0.99997 -0.00148882 -0.0454653 -0.014087 0.00138216 0.9999 5.42959 
0.999834 0.0105814 0.0148401 -0.0521016 -0.0105413 0.999941 -0.00277871 -0.0503631 -0.0148687 0.00262186 0.999886 5.95239 
0.999783 0.0133748 0.0159757 -0.0529336 -0.0133147 0.999904 -0.0038588 -0.0525582 -0.0160259 0.00364529 0.999865 6.48808 
0.999776 0.0134148 0.0163664 -0.0424517 -0.0133436 0.999901 -0.00444757 -0.0560289 -0.0164245 0.00422823 0.999856 6.9987 
0.999757 0.0128323 0.0179234 -0.0449111 -0.0127511 0.999908 -0.00463432 -0.0604996 -0.0179813 0.00440469 0.999829 7.52367 
0.999726 0.0139355 0.0188116 -0.0396427 -0.0138426 0.999891 -0.00505914 -0.0748822 -0.0188801 0.0047974 0.99981 8.06272 
0.999688 0.0133766 0.0210897 -0.0293792 -0.0132799 0.999901 -0.00471668 -0.0803598 -0.0211507 0.00443519 0.999767 8.63683 
0.999582 0.0146496 0.0249301 -0.0319907 -0.0145349 0.999883 -0.00477479 -0.0943533 -0.0249971 0.00441048 0.999678 9.1878 
0.999496 0.0127844 0.0290683 -0.0203287 -0.012624 0.999904 -0.00569411 -0.098774 -0.0291383 0.00532432 0.999561 9.74925 
0.999279 0.0144335 0.0351142 -0.0218799 -0.014223 0.999879 -0.00623617 -0.103162 -0.0352 0.00573228 0.999364 10.4208 
0.99908 0.0142583 0.0404588 0.00875379 -0.0140531 0.999887 -0.00535086 -0.120779 -0.0405306 0.0047774 0.999167 11.0167 
0.998806 0.0146137 0.0466119 0.0100979 -0.0144027 0.999885 -0.0048584 -0.140814 -0.0466776 0.0041813 0.998901 11.5712 
0.998553 0.0131668 0.0521472 0.0451722 -0.012903 0.999902 -0.00539199 -0.144742 -0.0522132 0.00471138 0.998625 12.1637 
0.99827 0.0094638 0.0580238 0.0752646 -0.00913042 0.99994 -0.00600718 -0.160653 -0.0580773 0.00546705 0.998297 12.7641 
0.997799 0.00894974 0.0657103 0.0912875 -0.00853155 0.999942 -0.00664134 -0.171046 -0.065766 0.00606615 0.997817 13.4247 
0.997415 0.0111353 0.0709822 0.143648 -0.0105211 0.999904 -0.00901916 -0.172163 -0.0710758 0.00824908 0.997437 14.0644 
0.997004 0.0148991 0.0758959 0.207642 -0.0140747 0.999836 -0.0113844 -0.19221 -0.0760531 0.0102821 0.997051 14.7158 
0.996733 0.011434 0.0799485 0.291245 -0.0105236 0.999875 -0.0117987 -0.199362 -0.0800735 0.0109188 0.996729 15.3952 
0.996379 0.00394977 0.0849313 0.34656 -0.0031178 0.999946 -0.00992565 -0.200078 -0.084966 0.00962495 0.996337 16.0567 
0.995953 -0.00115024 0.0898669 0.39726 0.00173408 0.999978 -0.0064184 -0.197278 -0.0898576 0.00654831 0.995933 16.7401 
0.995526 0.00197309 0.0944706 0.433885 -0.00158882 0.99999 -0.00414221 -0.18778 -0.0944779 0.00397362 0.995519 17.4386 
0.995248 0.000411106 0.0973751 0.466362 2.81669e-06 0.999991 -0.00425018 -0.190649 -0.097376 0.00423029 0.995239 18.1487 
0.995221 -0.00227545 0.0976225 0.524843 0.00289889 0.999976 -0.00624445 -0.188482 -0.097606 0.00649765 0.995204 18.8854 
0.995266 -0.00833762 0.0968323 0.569926 0.00925412 0.999917 -0.00901908 -0.195126 -0.096749 0.00987251 0.99526 19.617 
0.995642 -0.00971161 0.0927547 0.616684 0.0107152 0.999889 -0.0103271 -0.190242 -0.0926442 0.011276 0.995635 20.3949 
0.996222 -0.00909386 0.0863661 0.642619 0.010005 0.999899 -0.0101224 -0.209758 -0.0862653 0.0109483 0.996212 21.1675 
0.996882 -0.00728618 0.0785649 0.646156 0.00801036 0.999928 -0.00890586 -0.21161 -0.0784944 0.00950747 0.996869 21.9414 
0.997525 -0.00522682 0.0701182 0.670562 0.00572331 0.99996 -0.00688107 -0.234308 -0.0700795 0.00726539 0.997515 22.7582 
0.998062 -0.00290743 0.0621576 0.680518 0.00318686 0.999985 -0.00439619 -0.245413 -0.062144 0.0045858 0.998057 23.5767 
0.998568 -0.00331549 0.0533897 0.716566 0.00342315 0.999992 -0.0019243 -0.268061 -0.0533829 0.00210435 0.998572 24.4304 
0.998891 -0.000824182 0.0470828 0.729971 0.000893711 0.999999 -0.00145479 -0.273399 -0.0470816 0.00149529 0.99889 25.264 
0.999145 -2.47825e-05 0.0413526 0.751825 4.88609e-05 1 -0.000580213 -0.292137 -0.0413526 0.000581779 0.999144 26.0883 
0.999345 0.000296915 0.0361776 0.764057 -0.000312064 1 0.000414268 -0.314318 -0.0361776 -0.000425245 0.999345 26.9083 
0.999503 0.00166261 0.0314714 0.760325 -0.00166034 0.999999 -9.66419e-05 -0.331138 -0.0314715 4.4382e-05 0.999505 27.7197 
0.999619 0.00216962 0.0275081 0.761691 -0.00218524 0.999998 0.000539154 -0.363829 -0.0275069 -0.000599019 0.999621 28.5531 
0.99972 0.00243279 0.0235412 0.753401 -0.00246366 0.999996 0.00128417 -0.37911 -0.023538 -0.00134177 0.999722 29.371 
0.999785 0.00517543 0.020067 0.747008 -0.00520534 0.999985 0.00144079 -0.391406 -0.0200593 -0.0015449 0.999798 30.2202 
0.999827 0.00692449 0.0172629 0.744317 -0.00697615 0.999971 0.00293655 -0.406502 -0.0172421 -0.00305643 0.999847 31.0092 
0.999836 0.00983919 0.0152098 0.750709 -0.00987513 0.999949 0.00229258 -0.41128 -0.0151865 -0.00244237 0.999882 31.8344 
0.999876 0.00889675 0.0130343 0.766419 -0.00891782 0.999959 0.0015628 -0.42321 -0.0130199 -0.0016788 0.999914 32.6515 
0.999831 0.0126733 0.0132981 0.74265 -0.0126761 0.99992 0.000127738 -0.444467 -0.0132955 -0.000296243 0.999912 33.4408 
0.999868 0.0108901 0.0120435 0.733659 -0.0108885 0.999941 -0.000188069 -0.461378 -0.0120448 5.695e-05 0.999927 34.237 
0.99983 0.0141484 0.0118411 0.713834 -0.014153 0.9999 0.000307635 -0.475506 -0.0118356 -0.000475128 0.99993 35.0145 
0.999791 0.0161263 0.0125818 0.688296 -0.016143 0.999869 0.00122888 -0.501121 -0.0125604 -0.00143169 0.99992 35.7782 
0.99976 0.018005 0.0125102 0.67372 -0.0180222 0.999837 0.00126655 -0.518191 -0.0124854 -0.00149167 0.999921 36.5458 
0.999719 0.0206282 0.011698 0.661389 -0.0206493 0.999785 0.00168755 -0.5251 -0.0116607 -0.00192859 0.99993 37.2976 
0.999657 0.0231317 0.0122554 0.65183 -0.0231538 0.999731 0.00166909 -0.531772 -0.0122135 -0.00195223 0.999924 38.0594 
0.999542 0.0273038 0.0130483 0.631255 -0.0273349 0.999624 0.00222098 -0.557294 -0.0129828 -0.0025766 0.999912 38.7744 
0.999384 0.0320699 0.0142722 0.634939 -0.0320969 0.999483 0.0016713 -0.558764 -0.0142112 -0.00212832 0.999897 39.4859 
0.999251 0.0340164 0.0184252 0.589679 -0.0340273 0.999421 0.000280832 -0.581867 -0.0184051 -0.000907543 0.99983 40.1696 
0.999169 0.035049 0.0208033 0.628247 -0.0350441 0.999386 -0.000597716 -0.606179 -0.0208115 -0.000131773 0.999783 40.863 
0.999055 0.034711 0.0261687 0.637549 -0.0347191 0.999397 -0.000141157 -0.629812 -0.0261579 -0.00076749 0.999658 41.5344 
0.998882 0.0355467 0.0311796 0.633104 -0.035568 0.999367 0.000127904 -0.644783 -0.0311554 -0.00123672 0.999514 42.1666 
0.998543 0.0372053 0.03908 0.614977 -0.0372374 0.999306 9.37688e-05 -0.650282 -0.0390495 -0.00154883 0.999236 42.8121 
0.99825 0.0355613 0.0472502 0.608744 -0.0355777 0.999367 -0.000492497 -0.652247 -0.0472378 -0.00118938 0.998883 43.4524 
0.997753 0.0373485 0.0556259 0.637408 -0.0373429 0.999302 -0.00113891 -0.655551 -0.0556296 -0.000940842 0.998451 44.1045 
0.997138 0.03675 0.0660686 0.670931 -0.0367617 0.999324 -0.00103822 -0.675402 -0.0660621 -0.00139351 0.997815 44.7081 
0.996196 0.0369523 0.0789194 0.696596 -0.0369492 0.999316 -0.00149944 -0.684414 -0.0789209 -0.00142224 0.99688 45.2896 
0.995152 0.0354211 0.0917441 0.742043 -0.0353467 0.999372 -0.00243504 -0.687601 -0.0917728 -0.00081958 0.99578 45.8775 
0.993925 0.0348616 0.104388 0.808695 -0.0347384 0.999392 -0.00299809 -0.702373 -0.104429 -0.000646368 0.994532 46.4418 
0.99236 0.0345099 0.118449 0.88666 -0.0343985 0.999404 -0.00298501 -0.71777 -0.118482 -0.00111224 0.992956 46.9854 
0.990264 0.0342517 0.13492 0.958943 -0.0342159 0.999411 -0.00258483 -0.733109 -0.134929 -0.00205669 0.990853 47.5419 
0.987631 0.0367662 0.152425 1.04023 -0.0367325 0.999321 -0.00303756 -0.753655 -0.152433 -0.00259892 0.98831 48.0722 
0.984183 0.0352578 0.173608 1.12542 -0.0350856 0.999376 -0.00406151 -0.772119 -0.173643 -0.00209384 0.984806 48.5983 
0.979717 0.0382385 0.196704 1.2326 -0.0379374 0.999266 -0.00529971 -0.78929 -0.196763 -0.00227019 0.980449 49.1164 
0.974409 0.0372589 0.221671 1.35473 -0.036444 0.999306 -0.00776655 -0.802644 -0.221807 -0.000510763 0.975091 49.6136 
0.968239 0.0373478 0.247222 1.50439 -0.0359997 0.999302 -0.00997243 -0.831428 -0.247422 0.000755822 0.968908 50.0777 
0.960768 0.0350245 0.275132 1.65386 -0.0327895 0.999381 -0.0127198 -0.853249 -0.275408 0.00319939 0.961322 50.5518 
0.951862 0.0333964 0.304703 1.81945 -0.030475 0.999433 -0.0143399 -0.858551 -0.305009 0.00436388 0.95234 51.0168 
0.941353 0.0348859 0.335615 1.97527 -0.0310452 0.999377 -0.0168036 -0.873967 -0.335992 0.00539892 0.94185 51.4396 
0.929105 0.0358422 0.368074 2.11942 -0.0319666 0.999351 -0.016623 -0.89771 -0.368431 0.00367842 0.929648 51.8381 
0.915682 0.0367337 0.400222 2.30518 -0.0326699 0.999322 -0.0169745 -0.88945 -0.400574 0.00246803 0.916261 52.227 
0.90074 0.0354055 0.432914 2.49883 -0.0315183 0.999373 -0.0161543 -0.916237 -0.433214 0.000906167 0.901291 52.5824 
0.883078 0.0354797 0.467883 2.69568 -0.0312455 0.99937 -0.0168099 -0.930207 -0.468185 0.000225262 0.883631 52.9453 
0.862912 0.0344969 0.504175 2.90172 -0.0292645 0.999404 -0.0182945 -0.95586 -0.504506 0.00103219 0.863408 53.2945 
0.84177 0.0341113 0.538757 3.13204 -0.0273587 0.999415 -0.0205316 -0.970048 -0.539142 0.00254324 0.842211 53.6055 
0.818586 0.0325394 0.573461 3.37617 -0.0240365 0.99946 -0.0224006 -0.985359 -0.573881 0.00455284 0.818926 53.9065 
0.792789 0.0300374 0.608755 3.62826 -0.0199569 0.999529 -0.0233289 -0.994645 -0.609169 0.00634604 0.793015 54.2005 
0.764527 0.0254641 0.644089 3.88636 -0.0162714 0.999663 -0.0202078 -1.02391 -0.644387 0.00496924 0.764684 54.4767 
0.734882 0.0212633 0.677862 4.15035 -0.0135417 0.999769 -0.0166801 -1.03845 -0.67806 0.00307858 0.735 54.7205 
0.703518 0.0167817 0.71048 4.42931 -0.00992458 0.999856 -0.0137895 -1.05515 -0.710609 0.00264995 0.703583 54.9501 
0.668771 0.0144277 0.743329 4.7089 -0.0101869 0.999896 -0.0102424 -1.06332 -0.743399 -0.000722359 0.668848 55.1611 
0.630168 0.0112195 0.776377 5.02568 -0.00731926 0.999937 -0.00850926 -1.06339 -0.776424 -0.000320219 0.630211 55.4047 
0.591038 0.00790384 0.806605 5.3145 -0.00235589 0.999965 -0.00807222 -1.06782 -0.806641 0.00287073 0.591035 55.5756 
0.549606 0.00507728 0.835408 5.62982 0.000942746 0.999977 -0.00669762 -1.09871 -0.835423 0.00446865 0.549589 55.7259 
0.50421 0.00593698 0.863561 5.96325 0.00393424 0.99995 -0.00917169 -1.10443 -0.863572 0.00802192 0.504161 55.9129 
0.456285 0.00893188 0.889789 6.29639 0.00307062 0.999928 -0.011612 -1.10551 -0.889829 0.00803061 0.456224 56.068 
0.40757 0.0122357 0.913092 6.66273 -0.000844946 0.999915 -0.013022 -1.11724 -0.913174 0.00453585 0.407545 56.2047 
0.356858 0.01547 0.93403 7.04233 -0.00371034 0.999878 -0.015143 -1.11565 -0.934151 0.00193833 0.356872 56.3436 
0.307214 0.014988 0.951523 7.4478 -0.00521934 0.999888 -0.0140646 -1.13548 -0.951626 -0.000645468 0.307257 56.4414 
0.259312 0.0157572 0.965665 7.85654 -0.00184986 0.999873 -0.0158186 -1.13616 -0.965792 0.00231561 0.259309 56.5212 
0.214596 0.015003 0.976588 8.27657 -0.000299993 0.999883 -0.0152949 -1.1461 -0.976703 0.00298927 0.214576 56.5797 
0.17357 0.0134877 0.984729 8.72961 -0.000172746 0.999907 -0.0136651 -1.15681 -0.984822 0.00220175 0.173556 56.6309 
0.133942 0.0118402 0.990918 9.20707 0.000208106 0.999928 -0.0119759 -1.1582 -0.990989 0.0018103 0.13393 56.6878 
0.0980506 0.00944589 0.995137 9.71045 0.00141126 0.999953 -0.00963061 -1.17397 -0.99518 0.00234869 0.0980327 56.7176 
0.0647277 0.00905152 0.997862 10.2239 0.00307389 0.999952 -0.00926983 -1.18268 -0.997898 0.00366733 0.0646968 56.748 
0.0349749 0.00791722 0.999357 10.7421 0.00328898 0.999962 -0.00803708 -1.19407 -0.999383 0.00356796 0.0349475 56.7596 
0.00825934 0.0100979 0.999915 11.3144 0.000493052 0.999949 -0.0101023 -1.19618 -0.999966 0.000576448 0.00825394 56.7669 
-0.0139948 0.0119994 0.99983 11.8861 -0.00341733 0.999922 -0.0120483 -1.21463 -0.999896 -0.00358536 -0.0139527 56.7575 
-0.0335823 0.0128812 0.999353 12.4796 -0.00313749 0.999911 -0.0129937 -1.22676 -0.999431 -0.00357182 -0.0335389 56.7365 
-0.0507296 0.0135386 0.998621 13.0964 0.0011008 0.999908 -0.0135001 -1.23697 -0.998712 0.000414424 -0.0507399 56.7042 
-0.0669281 0.0138545 0.997662 13.7246 0.0025175 0.999903 -0.0137167 -1.24456 -0.997755 0.00159358 -0.0669565 56.6612 
-0.0824062 0.0119647 0.996527 14.3829 0.0021145 0.999928 -0.0118306 -1.27049 -0.996597 0.00113223 -0.0824255 56.6136 
-0.0966561 0.0133652 0.995228 15.0459 0.00430692 0.999906 -0.0130097 -1.28964 -0.995309 0.0030289 -0.0967046 56.5498 
-0.108585 0.015036 0.993973 15.7347 0.00566299 0.999879 -0.0145066 -1.30861 -0.994071 0.00405365 -0.108657 56.4725 
-0.118705 0.0180999 0.992765 16.4441 0.0118026 0.999789 -0.0168167 -1.32852 -0.992859 0.00972098 -0.118893 56.4009 
-0.123785 0.0207217 0.992093 17.1715 0.0192283 0.999644 -0.0184802 -1.34756 -0.992123 0.0167886 -0.124139 56.3021 
-0.125793 0.0198753 0.991857 17.9005 0.0238277 0.999571 -0.0170079 -1.39141 -0.99177 0.0214942 -0.126213 56.2049 
-0.1266 0.0182245 0.991786 18.6702 0.0232194 0.999612 -0.0154043 -1.41832 -0.991682 0.0210785 -0.126974 56.1401 
-0.123667 0.0177085 0.992166 19.4354 0.0269339 0.999532 -0.0144828 -1.43148 -0.991958 0.0249319 -0.124086 56.0633 
-0.118616 0.017971 0.992778 20.1723 0.0288492 0.999477 -0.0146453 -1.4383 -0.992521 0.0269036 -0.119073 55.9859 
-0.11295 0.0183921 0.99343 20.9484 0.0278321 0.999495 -0.0153399 -1.4611 -0.993211 0.0259166 -0.113405 55.8945 
-0.111259 0.0177477 0.993633 21.7586 0.0274501 0.999514 -0.014779 -1.52605 -0.993412 0.025631 -0.111692 55.8758 
-0.106603 0.0177586 0.994143 22.5612 0.0331621 0.999348 -0.0142955 -1.54532 -0.993748 0.0314439 -0.107123 55.8006 
-0.101387 0.015258 0.99473 23.3532 0.0394567 0.999157 -0.0113043 -1.57328 -0.994064 0.0381027 -0.101904 55.709 
-0.0976832 0.011986 0.995145 24.178 0.0424789 0.999066 -0.00786348 -1.5943 -0.994311 0.0415046 -0.0981011 55.6456 
-0.0916152 0.00945877 0.99575 24.9726 0.0458002 0.998937 -0.0052751 -1.60204 -0.994741 0.0451222 -0.091951 55.5627 
-0.0857227 0.00671933 0.996296 25.7899 0.0476227 0.998862 -0.00263908 -1.62216 -0.99518 0.0472201 -0.0859451 55.5035 
-0.0817461 0.00634878 0.996633 26.6035 0.0453329 0.998968 -0.00264531 -1.63282 -0.995622 0.044964 -0.0819495 55.458 
-0.076872 0.00468 0.99703 27.3901 0.0382007 0.999269 -0.00174515 -1.65062 -0.996309 0.0379531 -0.0769946 55.4032 
-0.0724256 0.00128898 0.997373 28.2078 0.0324346 0.999473 0.00106363 -1.66675 -0.996846 0.0324265 -0.0724293 55.3693 
-0.0679829 0.000528335 0.997686 29.0186 0.029805 0.999555 0.00150165 -1.67594 -0.997241 0.0298381 -0.0679684 55.3384 
-0.0640394 0.00365266 0.997941 29.8368 0.0294904 0.999564 -0.00176612 -1.70402 -0.997512 0.0293165 -0.0641192 55.3075 
-0.0599494 0.0116878 0.998133 30.654 0.0310292 0.99947 -0.00983972 -1.71626 -0.997719 0.0303814 -0.0602802 55.2597 
-0.056577 0.0178215 0.998239 31.4569 0.0285159 0.999462 -0.0162271 -1.73149 -0.997991 0.0275476 -0.0570548 55.2212 
-0.0539009 0.0167504 0.998406 32.2608 0.0286377 0.999474 -0.0152222 -1.76455 -0.998136 0.0277715 -0.0543522 55.1894 
-0.0528652 0.0128955 0.998518 33.0636 0.030569 0.999469 -0.0112893 -1.79525 -0.998134 0.0299269 -0.0532313 55.1634 
-0.0529239 0.0144526 0.998494 33.8952 0.0311242 0.999433 -0.0128164 -1.79965 -0.998113 0.0303991 -0.0533437 55.1451 
-0.0522934 0.0157553 0.998508 34.7265 0.0301057 0.999446 -0.0141933 -1.83565 -0.998178 0.0293186 -0.0527388 55.1146 
-0.0534562 0.0177292 0.998413 35.5289 0.0205566 0.99965 -0.0166505 -1.86009 -0.998359 0.0196339 -0.053802 55.1056 
-0.0578197 0.0183551 0.998158 36.3538 0.0172839 0.9997 -0.0173822 -1.8769 -0.998177 0.0162471 -0.0581196 55.1121 
-0.0589252 0.0163569 0.998128 37.1707 0.0189431 0.999704 -0.0152644 -1.91762 -0.998083 0.0180082 -0.0592176 55.0678 
-0.060915 0.0199546 0.997944 38.0334 0.0201379 0.999621 -0.0187589 -1.9431 -0.99794 0.0189538 -0.0612937 55.0354 
-0.0619985 0.0247117 0.99777 38.9051 0.0226141 0.999472 -0.0233486 -1.95451 -0.99782 0.0211161 -0.0625246 55.0081 
-0.0631008 0.0261145 0.997665 39.7753 0.0228634 0.999433 -0.0247146 -2.00305 -0.997745 0.0212505 -0.0636621 54.9689 
-0.06521 0.0275111 0.997492 40.6991 0.0264376 0.999317 -0.0258331 -2.02547 -0.997521 0.0246867 -0.0658927 54.9418 
-0.0662283 0.0283139 0.997403 41.5693 0.0286641 0.999239 -0.0264626 -2.07886 -0.997393 0.0268371 -0.0669894 54.9009 
-0.0683273 0.0287037 0.99725 42.5178 0.0241003 0.999342 -0.0271126 -2.08954 -0.997372 0.0221815 -0.0689741 54.8546 
-0.0693298 0.0242141 0.9973 43.4523 0.0218628 0.999502 -0.0227477 -2.11725 -0.997354 0.0202266 -0.0698247 54.8049 
-0.0707921 0.0222592 0.997243 44.3504 0.0203414 0.999575 -0.0208673 -2.16199 -0.997284 0.018808 -0.0712148 54.7662 
-0.0734359 0.0256313 0.996971 45.2709 0.0212414 0.999483 -0.0241313 -2.20994 -0.997074 0.019405 -0.0739424 54.738 
-0.0732462 0.0294221 0.99688 46.2015 0.022759 0.999354 -0.0278228 -2.23924 -0.997054 0.0206501 -0.0738685 54.6755 
-0.0732474 0.030722 0.996841 47.1457 0.0247244 0.999274 -0.0289802 -2.27616 -0.997007 0.0225235 -0.0739539 54.618 
-0.0719342 0.0277884 0.997022 48.102 0.0303711 0.999209 -0.025658 -2.31572 -0.996947 0.0284349 -0.0727213 54.5374 
-0.0734682 0.0227678 0.997038 49.084 0.0342175 0.999208 -0.020296 -2.33283 -0.99671 0.032625 -0.0741891 54.4941 
-0.0735083 0.0200567 0.997093 50.0808 0.0339287 0.999269 -0.0175991 -2.37051 -0.996717 0.0325364 -0.074135 54.4521 
-0.0725841 0.0225693 0.997107 51.0591 0.0324947 0.999267 -0.0202527 -2.39775 -0.996833 0.0309307 -0.0732643 54.4117 
-0.0719817 0.0250401 0.997092 52.0778 0.0329657 0.999198 -0.0227131 -2.43068 -0.996861 0.0312349 -0.0727494 54.3683 
-0.071105 0.0268389 0.997108 53.0406 0.0290184 0.999271 -0.0248277 -2.46998 -0.997047 0.0271691 -0.0718319 54.3044 
-0.0708911 0.0257796 0.997151 54.0879 0.0281231 0.99932 -0.0238363 -2.52081 -0.997088 0.0263532 -0.0715679 54.2405 
-0.0712547 0.0213267 0.99723 55.0581 0.0297294 0.999373 -0.0192483 -2.55377 -0.997015 0.0282756 -0.0718441 54.1946 
-0.0709638 0.0155335 0.997358 56.1162 0.0278295 0.99952 -0.0135871 -2.59104 -0.997091 0.0267918 -0.071362 54.121 
-0.0717978 0.0159222 0.997292 57.1522 0.0284094 0.9995 -0.0139121 -2.61654 -0.997015 0.0273336 -0.0722143 54.0639 
-0.0733638 0.0198657 0.997107 58.2388 0.0324215 0.999321 -0.0175243 -2.64539 -0.996778 0.0310421 -0.073958 54.0418 
-0.0750642 0.0233196 0.996906 59.2727 0.0352235 0.999165 -0.0207201 -2.67421 -0.996556 0.0335592 -0.0758229 53.9889 
-0.0781722 0.0199252 0.996741 60.3155 0.0350065 0.999239 -0.0172296 -2.71517 -0.996325 0.0335455 -0.0788102 53.9373 
-0.0815007 0.0150183 0.99656 61.4172 0.0352479 0.999304 -0.012177 -2.733 -0.99605 0.0341343 -0.0819734 53.8896 
-0.0839559 0.012461 0.996392 62.493 0.0382461 0.999225 -0.00927375 -2.76834 -0.995735 0.0373295 -0.0843674 53.816 
-0.0875556 0.0142233 0.996058 63.5935 0.0412251 0.999093 -0.0106428 -2.77764 -0.995306 0.0401308 -0.0880626 53.7382 
-0.0903804 0.0124036 0.99583 64.6384 0.0444818 0.998975 -0.00840557 -2.81595 -0.994913 0.0435366 -0.0908395 53.6321 
-0.094368 0.0116136 0.99547 65.7032 0.0488933 0.998779 -0.00701725 -2.83407 -0.994336 0.0480096 -0.0948206 53.5494 
-0.0979055 0.0117137 0.995127 66.7616 0.0509666 0.998678 -0.00674111 -2.8664 -0.99389 0.0500583 -0.098373 53.468 
-0.10023 0.0157586 0.99484 67.8492 0.0556103 0.9984 -0.0102123 -2.89653 -0.993409 0.0542997 -0.100946 53.3756 
-0.101963 0.0211207 0.994564 68.9079 0.0565238 0.998282 -0.0154048 -2.92067 -0.993181 0.0546459 -0.102982 53.2856 
-0.102988 0.0238381 0.994397 69.9405 0.0595586 0.998067 -0.0177576 -2.95023 -0.992898 0.057396 -0.104209 53.1807 
-0.103042 0.0218718 0.994437 71.0351 0.0580739 0.998185 -0.0159367 -3.02389 -0.99298 0.0561086 -0.104125 53.102 
-0.1013 0.0204053 0.994647 72.1017 0.0573503 0.998247 -0.0146382 -3.03503 -0.993202 0.0555604 -0.102293 53.0332 
-0.0964693 0.0179946 0.995173 73.1758 0.0613562 0.998043 -0.0120987 -3.05992 -0.993443 0.0598929 -0.0973845 52.9419 
-0.0913815 0.0145394 0.99571 74.2485 0.0608401 0.998107 -0.00899071 -3.09288 -0.993956 0.0597575 -0.0920931 52.8573 
-0.088212 0.0122439 0.996027 75.3819 0.0611725 0.998104 -0.00685168 -3.10977 -0.994222 0.060325 -0.0887937 52.8297 
-0.0838681 0.0123418 0.9964 76.4045 0.0612247 0.998098 -0.00720944 -3.12723 -0.994594 0.0603997 -0.0844642 52.7457 
-0.0801717 0.0163598 0.996647 77.4609 0.0638263 0.997898 -0.011246 -3.14722 -0.994736 0.0627106 -0.0810473 52.6983 
-0.0787684 0.0216247 0.996658 78.504 0.0640648 0.997808 -0.0165864 -3.17368 -0.994832 0.0625443 -0.0799811 52.6394 
-0.0772842 0.0212166 0.996783 79.5292 0.0635735 0.997844 -0.01631 -3.2159 -0.99498 0.0621084 -0.0784664 52.5772 
-0.0759584 0.0198451 0.996914 80.5654 0.063347 0.997878 -0.0150376 -3.23845 -0.995097 0.0620092 -0.0770544 52.5052 
-0.0721299 0.0227589 0.997136 81.6444 0.0646683 0.997743 -0.0180948 -3.27768 -0.995297 0.0631779 -0.0734388 52.423 
-0.0712803 0.027835 0.997068 82.6908 0.061671 0.997821 -0.0234472 -3.33459 -0.995548 0.0598188 -0.0728416 52.3766 
-0.0700952 0.0310592 0.997057 83.7498 0.0597568 0.997851 -0.0268829 -3.37213 -0.995749 0.0576965 -0.0718006 52.3235 
-0.0676727 0.0308006 0.997232 84.8251 0.0589174 0.997902 -0.0268231 -3.4181 -0.995966 0.0569392 -0.0693455 52.2709 
-0.0643303 0.026891 0.997566 85.8891 0.0564639 0.998134 -0.023265 -3.47019 -0.99633 0.0548298 -0.0657286 52.2202 
-0.0607984 0.0229459 0.997886 86.9739 0.05674 0.998199 -0.0194961 -3.52555 -0.996536 0.0554348 -0.0619908 52.1817 
-0.0562345 0.0205154 0.998207 88.0728 0.05301 0.99844 -0.0175338 -3.56738 -0.997009 0.0519289 -0.0572343 52.1361 
-0.051533 0.0238965 0.998385 89.1093 0.049741 0.998534 -0.0213325 -3.61312 -0.997432 0.0485613 -0.0526461 52.0621 
-0.0489333 0.0339321 0.998226 90.1956 0.0480453 0.998346 -0.0315809 -3.64634 -0.997646 0.0464147 -0.0504826 52.0107 
-0.049361 0.0414002 0.997923 91.2725 0.0420007 0.998343 -0.0393401 -3.71123 -0.997898 0.0399716 -0.051018 52.0302 
-0.0484385 0.040878 0.997989 92.3002 0.040976 0.998402 -0.0389061 -3.76097 -0.997985 0.039009 -0.0500361 51.9892 
-0.0477725 0.0347167 0.998255 93.424 0.0402865 0.99865 -0.0328025 -3.81911 -0.998046 0.0386492 -0.0491066 51.961 
-0.0495321 0.0279179 0.998382 94.4999 0.0396692 0.998876 -0.0259636 -3.8894 -0.997984 0.038319 -0.0505838 51.9186 
-0.0536621 0.022565 0.998304 95.5626 0.0381756 0.99906 -0.02053 -3.9234 -0.997829 0.0370092 -0.0544731 51.9101 
-0.055881 0.0185659 0.998265 96.6811 0.0379454 0.999144 -0.0164581 -3.95372 -0.997716 0.0369598 -0.0565376 51.8701 
-0.0583788 0.017863 0.998135 97.7546 0.0373697 0.999178 -0.0156959 -4.0093 -0.997595 0.0363836 -0.0589984 51.8342 
-0.0605607 0.0191824 0.99798 98.8071 0.0369983 0.999171 -0.01696 -4.03566 -0.997479 0.0358965 -0.0612203 51.7914 
-0.0623847 0.0173927 0.997901 99.881 0.037715 0.999175 -0.015057 -4.08342 -0.997339 0.0366964 -0.0629892 51.7498 
-0.0634459 0.0197446 0.99779 100.934 0.0396376 0.999065 -0.0172494 -4.11492 -0.997198 0.0384556 -0.0641692 51.6987 
-0.0641689 0.0270042 0.997574 101.991 0.0391582 0.998932 -0.0245221 -4.17153 -0.997171 0.0374896 -0.0651578 51.6401 
-0.0647761 0.0348836 0.99729 103.06 0.0362172 0.998813 -0.0325844 -4.21822 -0.997242 0.0340084 -0.0659626 51.5931 
-0.0658774 0.0356954 0.997189 104.151 0.0334359 0.998878 -0.0335469 -4.27366 -0.997267 0.0311319 -0.066997 51.5554 
-0.0667563 0.0289775 0.997348 105.212 0.0301895 0.999179 -0.0270099 -4.34396 -0.997313 0.0283064 -0.0675764 51.4974 
-0.0703212 0.0211391 0.9973 106.309 0.0226178 0.999552 -0.0195919 -4.38477 -0.997268 0.021179 -0.0707679 51.4517 
-0.0723497 0.0124132 0.997302 107.352 0.0200611 0.999738 -0.0109881 -4.43394 -0.997178 0.019212 -0.0725797 51.3884 
-0.0738976 0.005683 0.99725 108.372 0.0232136 0.999723 -0.0039769 -4.4745 -0.996996 0.0228559 -0.0740091 51.3257 
-0.0754782 0.00539056 0.997133 109.434 0.0228557 0.999732 -0.00367451 -4.50269 -0.996886 0.0225128 -0.0755811 51.2637 
-0.075346 0.0134904 0.997066 110.453 0.0257609 0.999601 -0.0115779 -4.52574 -0.996825 0.024813 -0.0756635 51.1841 
-0.0772344 0.0263758 0.996664 111.47 0.0348216 0.999112 -0.0237421 -4.5879 -0.996405 0.0328717 -0.0780842 51.1455 
-0.0774954 0.0377437 0.996278 112.51 0.0398038 0.998604 -0.0347356 -4.63337 -0.996198 0.0369638 -0.0788896 51.0656 
-0.0790486 0.0344547 0.996275 113.538 0.0403507 0.998694 -0.0313367 -4.68231 -0.996054 0.0377233 -0.0803356 51.0234 
-0.0793292 0.0239183 0.996562 114.569 0.0421011 0.998901 -0.020623 -4.72624 -0.995959 0.0403203 -0.080249 50.9686 
-0.0802053 0.0152365 0.996662 115.606 0.0408115 0.999095 -0.0119894 -4.75007 -0.995943 0.0397136 -0.0807545 50.9195 
-0.0794542 0.011696 0.99677 116.646 0.0390368 0.999201 -0.00861279 -4.75867 -0.996074 0.0382264 -0.0798473 50.8425 
-0.0801329 0.00585999 0.996767 117.635 0.034951 0.999384 -0.00306553 -4.78434 -0.996171 0.0345923 -0.0802883 50.8119 
-0.0800383 0.00273555 0.996788 118.646 0.0315723 0.999501 -0.000207817 -4.80798 -0.996292 0.0314543 -0.0800848 50.7537 
-0.0802709 0.00580177 0.996756 119.673 0.0306247 0.999525 -0.00335157 -4.82112 -0.996303 0.0302563 -0.0804105 50.6881 
-0.0803804 0.0126353 0.996684 120.63 0.0265081 0.999593 -0.0105343 -4.84979 -0.996412 0.0255735 -0.0806826 50.6386 
-0.0807302 0.0192572 0.99655 121.595 0.0277264 0.99947 -0.0170675 -4.87125 -0.99635 0.0262529 -0.0812213 50.5977 
-0.0825526 0.0232192 0.996316 122.588 0.0271633 0.99941 -0.0210405 -4.91591 -0.996216 0.0253263 -0.0831345 50.5718 
-0.0829972 0.0280951 0.996154 123.576 0.0305483 0.999205 -0.0256359 -4.96134 -0.996081 0.028303 -0.0837894 50.5245 
-0.0827438 0.0327055 0.996034 124.528 0.030154 0.999086 -0.0303006 -5.00135 -0.996115 0.0275272 -0.0836543 50.4555 
-0.0830263 0.0322688 0.996025 125.504 0.0305481 0.999088 -0.0298216 -5.04737 -0.996079 0.0279506 -0.0839364 50.3937 
-0.0841455 0.0252945 0.996132 126.433 0.0295202 0.999302 -0.0228813 -5.09985 -0.996016 0.0274806 -0.0848335 50.3431 
-0.085473 0.0153909 0.996222 127.382 0.0282802 0.999515 -0.0130154 -5.14071 -0.995939 0.0270609 -0.0858669 50.2914 
-0.0869422 0.00769069 0.996184 128.318 0.0234822 0.999708 -0.00566845 -5.17297 -0.995937 0.0228997 -0.0870975 50.2401 
-0.0897668 0.00413344 0.995954 129.227 0.0180714 0.999834 -0.0025207 -5.19738 -0.995799 0.017772 -0.0898266 50.1905 
-0.0917369 0.0064357 0.995763 130.109 0.0138896 0.99989 -0.00518273 -5.2265 -0.995686 0.0133553 -0.0918163 50.1324 
-0.0936139 0.0132531 0.99552 130.982 0.0109317 0.999865 -0.012283 -5.25674 -0.995549 0.00973283 -0.0937461 50.0711 
-0.0948628 0.0210488 0.995268 131.819 0.012168 0.999726 -0.0199833 -5.27937 -0.995416 0.0102147 -0.095093 50.0253 
-0.0930518 0.0279628 0.995269 132.685 0.0143658 0.999539 -0.0267396 -5.31508 -0.995558 0.0118097 -0.0934106 49.9505 
-0.0896962 0.0308346 0.995492 133.517 0.016225 0.999433 -0.0294948 -5.34883 -0.995837 0.0135063 -0.0901457 49.8896 
-0.0858786 0.0298986 0.995857 134.316 0.0208849 0.999384 -0.0282035 -5.39565 -0.996087 0.0183763 -0.0864501 49.8394 
-0.0824025 0.0261407 0.996256 135.091 0.0228181 0.999443 -0.0243369 -5.42558 -0.996338 0.0207272 -0.0829531 49.8065 
-0.0790684 0.0215114 0.996637 135.907 0.0234683 0.99953 -0.0197119 -5.46946 -0.996593 0.0218308 -0.0795361 49.7962 
-0.0757112 0.0203988 0.996921 136.612 0.0222273 0.999577 -0.018765 -5.51886 -0.996882 0.0207381 -0.0761326 49.7571 
-0.0716352 0.0255054 0.997105 137.272 0.0214651 0.999481 -0.024024 -5.54875 -0.9972 0.019682 -0.0721455 49.7228 
-0.0680696 0.0303777 0.997218 137.975 0.0234932 0.999308 -0.0288377 -5.57926 -0.997404 0.0214649 -0.0687361 49.7203 
-0.0624133 0.0314772 0.997554 138.618 0.0251789 0.999234 -0.0299548 -5.59561 -0.997733 0.0232477 -0.0631581 49.6729 
-0.0558417 0.0325652 0.997908 139.07 0.0229056 0.999247 -0.0313271 -5.55241 -0.998177 0.0211084 -0.0565456 49.5746 
-0.0509221 0.03115 0.998217 139.657 0.0197733 0.999349 -0.0301766 -5.58696 -0.998507 0.0182014 -0.0515049 49.5444 
-0.0471867 0.0321354 0.998369 140.206 0.0167722 0.999367 -0.0313747 -5.60475 -0.998745 0.0152644 -0.0476958 49.5251 
-0.0450313 0.0337913 0.998414 140.719 0.012758 0.999366 -0.033248 -5.65237 -0.998904 0.0112406 -0.0454338 49.5192 
-0.0423993 0.038392 0.998363 141.235 0.0148383 0.999175 -0.0377931 -5.6691 -0.998991 0.0132116 -0.042934 49.488 
-0.0417057 0.0402112 0.99832 141.771 0.0117102 0.999141 -0.039755 -5.6861 -0.999061 0.0100325 -0.0421407 49.4553 
-0.0440528 0.0392191 0.998259 142.324 0.00589616 0.999222 -0.0389967 -5.70034 -0.999012 0.00416798 -0.0442498 49.4522 
-0.0466358 0.0351211 0.998294 142.831 0.00112452 0.999383 -0.0351068 -5.72258 -0.998911 -0.000514631 -0.0466465 49.4514 
-0.0483116 0.0298914 0.998385 143.349 0.000248108 0.999552 -0.0299143 -5.75435 -0.998832 -0.0011975 -0.0482974 49.426 
-0.048847 0.0282346 0.998407 143.925 0.00399754 0.999598 -0.0280727 -5.76754 -0.998798 0.0026199 -0.0489403 49.3731 
-0.0517898 0.0307672 0.998184 144.45 0.0072883 0.99951 -0.0304299 -5.79038 -0.998631 0.00569911 -0.0519887 49.3424 
-0.055381 0.0341226 0.997882 144.94 0.00645591 0.999407 -0.0338164 -5.81997 -0.998444 0.00456945 -0.0555685 49.3332 
-0.0586506 0.0364875 0.997612 145.462 0.00086276 0.999333 -0.0364998 -5.82817 -0.998278 -0.00128003 -0.0586429 49.3282 
-0.0604122 0.0395367 0.99739 145.94 -0.0025966 0.999206 -0.0397659 -5.81497 -0.99817 -0.00499217 -0.0602615 49.3032 
-0.0624313 0.0412979 0.997195 146.435 -0.00261532 0.999133 -0.0415418 -5.829 -0.998046 -0.0052015 -0.0622692 49.2707 
-0.0653704 0.0389947 0.997099 146.94 -0.00150286 0.999231 -0.0391766 -5.85177 -0.99786 -0.0040595 -0.0652615 49.2465 
-0.0687437 0.0335885 0.997069 147.411 -0.00345482 0.999419 -0.0339058 -5.88704 -0.997628 -0.0057755 -0.0685877 49.234 
-0.0731076 0.0311816 0.996837 147.93 -0.00378439 0.999495 -0.0315422 -5.90339 -0.997317 -0.00607839 -0.0729527 49.2372 
-0.0749889 0.0289775 0.996763 148.391 -0.0063066 0.999544 -0.0295328 -5.9451 -0.997164 -0.00850082 -0.0747719 49.196 
-0.0783963 0.0286325 0.996511 148.887 -0.00780842 0.999539 -0.0293338 -5.94365 -0.996892 -0.0100808 -0.0781366 49.1948 
-0.0788882 0.0258168 0.996549 149.355 -0.00800383 0.999616 -0.0265298 -5.99045 -0.996851 -0.0100691 -0.0786513 49.15 
-0.0797771 0.0262606 0.996467 149.85 -0.00921303 0.999591 -0.0270805 -5.99931 -0.99677 -0.0113409 -0.0795025 49.1154 
-0.0791023 0.0275483 0.996486 150.325 -0.00601516 0.999587 -0.0281114 -6.0365 -0.996848 -0.0082177 -0.0789039 49.0972 
-0.0724758 0.0306174 0.9969 150.81 -0.00357333 0.999514 -0.0309574 -6.05224 -0.997364 -0.00580591 -0.0723312 49.0246 
-0.0655539 0.0322791 0.997327 151.266 -0.00348433 0.999463 -0.0325772 -6.0847 -0.997843 -0.00561058 -0.0654062 49.0163 
-0.0568624 0.0305452 0.997915 151.727 -0.00570478 0.999506 -0.0309189 -6.12395 -0.998366 -0.00745101 -0.05666 49.0331 
-0.0417981 0.0288898 0.998708 152.171 -0.00423406 0.999568 -0.0290918 -6.15317 -0.999117 -0.00544458 -0.0416577 49.0372 
-0.0192493 0.0295077 0.999379 152.612 0.00102925 0.999564 -0.0294933 -6.16947 -0.999814 0.000460882 -0.0192712 49.0368 
0.0102743 0.0308312 0.999472 153.074 0.00678721 0.999499 -0.0309018 -6.17765 -0.999924 0.00710112 0.0100599 49.0667 
0.0457246 0.0305715 0.998486 153.503 0.00664287 0.9995 -0.0309067 -6.19133 -0.998932 0.00804601 0.0454987 49.1183 
0.0858078 0.0284526 0.995905 153.906 0.00348824 0.999577 -0.028858 -6.24096 -0.996306 0.0059502 0.0856723 49.2072 
0.128329 0.0314062 0.991234 154.34 -0.00241713 0.999505 -0.0313553 -6.26457 -0.991729 0.00162785 0.128341 49.2943 
0.170565 0.035464 0.984708 154.752 -0.00376292 0.999368 -0.0353401 -6.28276 -0.985339 0.00232242 0.170591 49.3898 
0.213232 0.0400091 0.976182 155.152 -0.0041654 0.999189 -0.0400421 -6.3013 -0.976993 0.0044721 0.213226 49.5111 
0.256384 0.0412212 0.965696 155.535 -0.00338399 0.999122 -0.0417496 -6.33485 -0.966569 0.00743602 0.256298 49.6392 
0.297903 0.0435897 0.953601 155.937 -0.00755712 0.999033 -0.0433056 -6.34085 -0.954566 0.00569438 0.297944 49.8092 
0.338523 0.0477532 0.939746 156.297 -0.0162153 0.998859 -0.0449158 -6.35108 -0.940819 -3.3259e-05 0.338911 49.9973 
0.378295 0.0528366 0.924176 156.678 -0.0263056 0.99858 -0.0463226 -6.3732 -0.925311 -0.00678741 0.379148 50.2036 
0.417951 0.0577261 0.906634 157.044 -0.0307558 0.998306 -0.0493848 -6.40248 -0.907949 -0.00724382 0.419018 50.4161 
0.457282 0.0620025 0.887158 157.423 -0.0335009 0.99806 -0.0524854 -6.42613 -0.888691 -0.00571991 0.458472 50.6464 
0.49549 0.0617188 0.866418 157.781 -0.0332214 0.998089 -0.0520995 -6.44187 -0.867978 -0.00296886 0.496593 50.8918 
0.531953 0.0600389 0.844643 158.158 -0.0355764 0.998187 -0.0485472 -6.47233 -0.846026 -0.00422449 0.533125 51.1706 
0.565261 0.0599943 0.822728 158.484 -0.0403254 0.998169 -0.0450818 -6.50805 -0.823926 -0.00769381 0.566645 51.4762 
0.597756 0.0634483 0.799164 158.811 -0.047632 0.997913 -0.0436 -6.53718 -0.800262 -0.0120037 0.59953 51.7735 
0.627248 0.0681006 0.775837 159.114 -0.0546428 0.997563 -0.0433854 -6.54651 -0.776901 -0.0151804 0.62944 52.1088 
0.65613 0.0685619 0.751527 159.451 -0.0547544 0.997565 -0.0432038 -6.57062 -0.752659 -0.0128021 0.658286 52.4412 
0.682733 0.0663126 0.727653 159.794 -0.0490805 0.997786 -0.0448797 -6.58899 -0.729018 -0.00507273 0.684476 52.7952 
0.70581 0.0680702 0.705123 160.129 -0.0513077 0.997671 -0.0449539 -6.60337 -0.706541 -0.00444932 0.707659 53.1736 
0.726539 0.0716668 0.683378 160.473 -0.057904 0.997394 -0.043037 -6.62882 -0.684681 -0.00830217 0.728795 53.5811 
0.74304 0.0745687 0.66508 160.774 -0.0662795 0.997087 -0.0377446 -6.6494 -0.665957 -0.0160354 0.745818 53.9746 
0.75597 0.0723117 0.6506 161.098 -0.0673733 0.997197 -0.0325496 -6.67776 -0.65113 -0.0192265 0.758723 54.4323 
0.767355 0.0669753 0.637715 161.431 -0.063026 0.997592 -0.0289324 -6.70093 -0.638117 -0.0179911 0.769729 54.8729 
0.777243 0.0602631 0.626308 161.777 -0.0579836 0.998027 -0.0240725 -6.72395 -0.626524 -0.0176054 0.779204 55.3156 
0.784147 0.0547052 0.618159 162.107 -0.0544698 0.99833 -0.0192531 -6.74566 -0.61818 -0.0185738 0.785817 55.7823 
0.791141 0.0506464 0.609534 162.43 -0.0524863 0.998511 -0.0148423 -6.76902 -0.609378 -0.0202498 0.792621 56.2428 
0.79862 0.0476012 0.599951 162.788 -0.0500575 0.998667 -0.0126024 -6.78951 -0.599751 -0.0199675 0.799938 56.7493 
0.805976 0.0427716 0.590401 163.146 -0.0438247 0.998961 -0.012543 -6.80766 -0.590324 -0.0157648 0.807012 57.2873 
0.813108 0.0429963 0.580522 163.509 -0.0422774 0.998997 -0.0147746 -6.83312 -0.580575 -0.0125296 0.81411 57.8008 
0.818674 0.0482562 0.572227 163.842 -0.0452665 0.998785 -0.0194662 -6.86083 -0.572472 -0.00996625 0.819864 58.3231 
0.822714 0.0529493 0.565985 164.178 -0.0480816 0.998566 -0.0235271 -6.883 -0.566419 -0.00785735 0.82408 58.8879 
0.824224 0.0576621 0.56332 164.513 -0.0513234 0.998315 -0.0270946 -6.90871 -0.563933 -0.00657947 0.825794 59.4614 
0.824285 0.0617515 0.562797 164.881 -0.0562067 0.998049 -0.0271868 -6.94586 -0.563378 -0.00922331 0.826148 60.0216 
0.822198 0.0614877 0.56587 165.262 -0.0585551 0.998011 -0.0233648 -6.98623 -0.566181 -0.013924 0.824163 60.6343 
0.820211 0.0643358 0.568431 165.693 -0.0627897 0.997777 -0.022328 -7.00252 -0.568604 -0.017378 0.822428 61.2539 
0.816283 0.0649331 0.573992 166.072 -0.0641906 0.997704 -0.0215792 -7.04222 -0.574075 -0.0192301 0.818577 61.898 
0.8129 0.0645839 0.578811 166.494 -0.0645646 0.9977 -0.0206471 -7.06136 -0.578813 -0.0205867 0.8152 62.5331 
0.810081 0.0617899 0.583053 166.966 -0.0615318 0.997899 -0.0202629 -7.0972 -0.58308 -0.0194616 0.812182 63.1704 
0.806625 0.0596794 0.588043 167.44 -0.0603152 0.998007 -0.0185508 -7.10685 -0.587978 -0.0205043 0.808617 63.8189 
0.802759 0.0599441 0.593283 167.911 -0.0612531 0.997961 -0.0179514 -7.14423 -0.593149 -0.0219297 0.804794 64.47 
0.799779 0.060344 0.597254 168.406 -0.0607034 0.997965 -0.0195424 -7.18348 -0.597218 -0.0206257 0.801814 65.1326 
0.796178 0.0621783 0.601859 168.888 -0.0603612 0.997906 -0.0232443 -7.20206 -0.602044 -0.0178223 0.798264 65.8031 
0.793577 0.0637702 0.605119 169.393 -0.0593076 0.997864 -0.027381 -7.2289 -0.605572 -0.0141592 0.795664 66.4742 
0.790927 0.062797 0.60868 169.906 -0.0588439 0.997916 -0.0264915 -7.27161 -0.609075 -0.0148643 0.792973 67.1509 
0.788756 0.0598272 0.611788 170.438 -0.0594228 0.998012 -0.0209846 -7.2947 -0.611828 -0.0198024 0.790743 67.8386 
0.786929 0.0552395 0.614566 170.947 -0.0586743 0.998171 -0.014589 -7.34098 -0.614247 -0.0245787 0.788731 68.5218 
0.784639 0.0538083 0.617613 171.467 -0.053571 0.998385 -0.0189236 -7.36909 -0.617634 -0.0182379 0.786254 69.2081 
0.783456 0.05954 0.618588 171.972 -0.052417 0.998184 -0.0296892 -7.40476 -0.619232 -0.00916433 0.785155 69.8641 
0.782303 0.0623086 0.619773 172.512 -0.0500649 0.998055 -0.0371448 -7.44152 -0.620882 -0.00197037 0.783901 70.53 
0.781424 0.0582252 0.621279 173.026 -0.0456791 0.998304 -0.0361057 -7.4998 -0.622327 -0.000165535 0.782758 71.215 
0.780533 0.0531206 0.622853 173.535 -0.0434278 0.998583 -0.0307432 -7.52834 -0.623604 -0.00305306 0.781734 71.8977 
0.779988 0.0478001 0.623966 174.05 -0.0394321 0.998851 -0.0272267 -7.58684 -0.624551 -0.00336774 0.780977 72.5802 
0.780384 0.0422596 0.623871 174.557 -0.0339982 0.999105 -0.0251497 -7.63094 -0.624376 -0.00158407 0.781122 73.253 
0.781256 0.0374992 0.623084 175.061 -0.0283021 0.999295 -0.024654 -7.69237 -0.623569 0.0016265 0.781767 73.8878 
0.782556 0.0342177 0.621639 175.586 -0.0246748 0.999409 -0.0239496 -7.74797 -0.622091 0.00340307 0.782938 74.5337 
0.783953 0.0368572 0.619725 176.104 -0.0245529 0.999296 -0.0283721 -7.7869 -0.620335 0.00702637 0.784306 75.1803 
0.78353 0.0371276 0.620244 176.591 -0.02202 0.999245 -0.0319975 -7.83302 -0.620964 0.0114132 0.783756 75.8701 
0.783946 0.0343529 0.619878 177.095 -0.019676 0.999341 -0.0304984 -7.86961 -0.620518 0.0117124 0.784105 76.5357 
0.783362 0.0318824 0.620748 177.581 -0.0211985 0.999473 -0.0245823 -7.91074 -0.621204 0.00609793 0.783625 77.1854 
0.782691 0.0274283 0.621806 178.097 -0.0221234 0.999623 -0.0162463 -7.93343 -0.622017 -0.00104058 0.783003 77.887 
0.783056 0.0211585 0.621591 178.616 -0.0182639 0.999772 -0.0110232 -7.96038 -0.621682 -0.00272089 0.783265 78.5426 
0.782884 0.0187136 0.621887 179.12 -0.0157813 0.999823 -0.0102194 -7.98961 -0.621968 -0.00181353 0.783041 79.1699 
0.78216 0.0217604 0.622697 179.597 -0.017041 0.999763 -0.0135321 -8.0183 -0.622844 -2.70617e-05 0.782346 79.7765 
0.780893 0.0288005 0.624001 180.053 -0.0196911 0.999575 -0.0214929 -8.06091 -0.624354 0.00449649 0.781128 80.3779 
0.779064 0.0337355 0.626036 180.512 -0.0199005 0.999379 -0.029089 -8.10082 -0.626628 0.0102038 0.779251 80.9745 
0.77795 0.0325067 0.627485 180.983 -0.0158366 0.999358 -0.0321374 -8.14639 -0.628127 0.0150641 0.777965 81.5197 
0.775322 0.0297978 0.630863 181.416 -0.0146139 0.999465 -0.0292478 -8.18819 -0.631397 0.0134571 0.775343 82.0738 
0.772953 0.0229322 0.634049 181.854 -0.0107697 0.999677 -0.023027 -8.19245 -0.634372 0.0109703 0.77295 82.6241 
0.771593 0.014487 0.635951 182.293 -0.00436103 0.999838 -0.017485 -8.22124 -0.636102 0.0107179 0.771531 83.0923 
