1 -4.23778e-08 4.22719e-08 0 -4.23778e-08 1 -4.19404e-08 0 4.22719e-08 -4.19404e-08 1 0 
0.99999 -0.00322538 -0.00315461 -0.0256808 0.00321937 0.999993 -0.00188144 -0.0112393 0.00316074 0.00187118 0.999993 0.659759 
0.999977 -0.000810357 -0.00670187 -0.0521643 0.000785585 0.999993 -0.00368544 -0.0048244 0.00670489 0.00368001 0.999971 1.35691 
0.99994 -0.00115914 -0.0109173 -0.0697481 0.00110258 0.999986 -0.00517726 -0.0121037 0.0109232 0.00516483 0.999927 2.06676 
0.999877 0.000399706 -0.0156815 -0.106724 -0.000491917 0.999983 -0.00587143 -0.0155661 0.015679 0.00587834 0.99986 2.7856 
0.999794 -0.000630794 -0.0202766 -0.131249 0.000504606 0.99998 -0.00622369 -0.0233322 0.0202802 0.00621209 0.999775 3.52012 
0.999696 0.00151174 -0.0245971 -0.177467 -0.00168352 0.999974 -0.00696136 -0.0380175 0.024586 0.00700057 0.999673 4.25708 
0.999553 0.00416857 -0.0296175 -0.208029 -0.00439194 0.999962 -0.00747777 -0.0473116 0.0295853 0.00760442 0.999533 5.02704 
0.999439 0.00466032 -0.0331617 -0.264255 -0.00486566 0.999969 -0.00611154 -0.0507905 0.0331323 0.00626938 0.999431 5.78828 
0.999317 0.00403897 -0.0367239 -0.325658 -0.00420288 0.999981 -0.004385 -0.0380522 0.0367056 0.00453627 0.999316 6.5671 
0.999158 0.00411434 -0.0408297 -0.356027 -0.00413925 0.999991 -0.000523632 -0.0668922 0.0408273 0.00069211 0.999166 7.38113 
0.99906 0.00551743 -0.0430025 -0.421127 -0.00560229 0.999983 -0.00185105 -0.0620703 0.0429916 0.00209013 0.999073 8.20744 
0.998965 0.00469766 -0.0452445 -0.479472 -0.00480055 0.999986 -0.0021639 -0.0601477 0.0452337 0.00237878 0.998974 9.02859 
0.998912 0.00149471 -0.0466072 -0.533428 -0.0016187 0.999995 -0.00262091 -0.0633468 0.0466031 0.00269341 0.99891 9.85559 
0.998824 0.000615799 -0.0484809 -0.583262 -0.000731074 0.999997 -0.00235833 -0.0618208 0.0484794 0.00239091 0.998821 10.707 
0.998803 0.000381478 -0.0489086 -0.658975 -0.000502126 0.999997 -0.00245285 -0.0761158 0.0489076 0.00247439 0.9988 11.5424 
0.998732 0.00376825 -0.0501995 -0.721204 -0.00401092 0.999981 -0.00473257 -0.0834266 0.0501808 0.00492783 0.998728 12.4143 
0.998659 0.00409874 -0.0516068 -0.776466 -0.00449205 0.999962 -0.00750606 -0.0960255 0.0515742 0.00772773 0.998639 13.2892 
0.998552 0.00832946 -0.0531513 -0.846825 -0.00884401 0.999916 -0.00945134 -0.100764 0.0530682 0.00990763 0.998542 14.1691 
0.998479 0.00816443 -0.0545211 -0.913305 -0.00867973 0.99992 -0.00921981 -0.1124 0.0544415 0.00967893 0.99847 15.0562 
0.9984 0.00792947 -0.0559777 -0.972717 -0.0083868 0.999933 -0.00793806 -0.132103 0.0559111 0.00839475 0.9984 15.9556 
0.998294 0.00736536 -0.057919 -1.02719 -0.00776908 0.999947 -0.00674691 -0.138705 0.0578663 0.00718529 0.998298 16.8517 
0.998288 0.00726893 -0.058032 -1.11194 -0.00767776 0.999947 -0.00682356 -0.155304 0.0579794 0.00725735 0.998291 17.7369 
0.99823 0.008015 -0.0589217 -1.19094 -0.00846542 0.999937 -0.00739735 -0.176908 0.0588588 0.00788297 0.998235 18.6522 
0.998299 0.00630336 -0.0579584 -1.29599 -0.00677976 0.999945 -0.00802522 -0.189438 0.0579047 0.00840443 0.998287 19.5624 
0.998224 0.00674506 -0.05919 -1.34853 -0.00714734 0.999953 -0.006586 -0.20401 0.0591429 0.00699726 0.998225 20.4895 
0.99819 0.0080193 -0.0595941 -1.40872 -0.00823574 0.99996 -0.00338579 -0.213681 0.0595646 0.00387038 0.998217 21.4211 
0.998235 0.00827402 -0.0588012 -1.48034 -0.00824012 0.999966 0.000820367 -0.234804 0.0588061 -0.000334476 0.998269 22.3356 
0.99828 0.00769301 -0.0581204 -1.5385 -0.00752527 0.999967 0.00310573 -0.235636 0.0581424 -0.0026631 0.998305 23.2882 
0.99837 0.00768537 -0.0565601 -1.60331 -0.00744053 0.999962 0.00453957 -0.256166 0.056593 -0.00411142 0.998389 24.2354 
0.998462 0.00840735 -0.0547961 -1.68377 -0.00831163 0.999963 0.00197602 -0.264603 0.0548108 -0.00151763 0.998496 25.1755 
0.998477 0.00982268 -0.0542803 -1.74996 -0.0100546 0.999941 -0.00400027 -0.2555 0.0542379 0.00453986 0.998518 26.1111 
0.99854 0.00855829 -0.0533389 -1.81949 -0.00889614 0.999942 -0.0060982 -0.278751 0.0532837 0.00656372 0.998558 27.0635 
0.99854 0.00526391 -0.0537548 -1.86271 -0.00555033 0.999971 -0.00517887 -0.289916 0.0537261 0.00546958 0.998541 28.0145 
0.99851 0.00361358 -0.0544394 -1.92207 -0.00366784 0.999993 -0.000895237 -0.300523 0.0544358 0.00109349 0.998517 28.992 
0.998477 0.000881273 -0.0551588 -1.98648 -0.000730921 0.999996 0.00274741 -0.30955 0.0551611 -0.00270299 0.998474 29.9811 
0.99838 -0.00630972 -0.0565532 -2.0443 0.00642294 0.999978 0.00182199 -0.322328 0.0565406 -0.00218236 0.998398 30.9625 
0.998317 -0.00820187 -0.0574093 -2.12413 0.00812215 0.999966 -0.00162031 -0.336829 0.0574207 0.00115121 0.998349 31.9435 
0.998205 -0.00659102 -0.0595192 -2.18813 0.00620258 0.999958 -0.00670728 -0.338951 0.059561 0.00632598 0.998205 32.9062 
0.99807 -0.00559162 -0.0618531 -2.25736 0.00515277 0.99996 -0.00725094 -0.355692 0.0618913 0.00691814 0.998059 33.9237 
0.998072 -0.00569803 -0.0617963 -2.35305 0.00533137 0.999967 -0.00609533 -0.366839 0.0618291 0.00575403 0.99807 34.8876 
0.998035 -0.00170969 -0.0626395 -2.4424 0.00145133 0.99999 -0.00416852 -0.383093 0.0626461 0.00406933 0.998027 35.8726 
0.997925 -0.00168414 -0.0643695 -2.51632 0.00147847 0.999994 -0.00324146 -0.387998 0.0643746 0.00313947 0.997921 36.8756 
0.997879 -4.15522e-05 -0.0650903 -2.60616 2.18924e-05 1 -0.000301493 -0.407734 0.0650904 0.000299342 0.997879 37.8542 
0.997938 0.00195963 -0.0641499 -2.70065 -0.00181881 0.999996 0.00225487 -0.412721 0.0641542 -0.00213363 0.997938 38.8609 
0.997904 0.00818975 -0.0641933 -2.80185 -0.00795195 0.99996 0.00396034 -0.419368 0.0642233 -0.00344167 0.99793 39.8425 
0.997934 0.00937054 -0.0635519 -2.89392 -0.0092028 0.999953 0.00293295 -0.424111 0.0635765 -0.00234212 0.997974 40.8348 
0.997963 0.00927393 -0.0631139 -2.97713 -0.00917271 0.999956 0.00189461 -0.446864 0.0631288 -0.00131191 0.998004 41.8293 
0.997951 0.010699 -0.0630764 -3.06402 -0.0107592 0.999942 -0.000613575 -0.453626 0.0630662 0.00129089 0.998008 42.8465 
0.99794 0.0107899 -0.0632383 -3.15067 -0.0108512 0.999941 -0.000624259 -0.478802 0.0632279 0.0013091 0.997998 43.8492 
0.997958 0.00905997 -0.0632271 -3.25462 -0.0090461 0.999959 0.000506794 -0.493931 0.0632292 6.61144e-05 0.997999 44.8274 
0.997967 0.00940209 -0.063041 -3.35176 -0.00935891 0.999956 0.000981456 -0.495997 0.0630475 -0.000389551 0.99801 45.7781 
0.997986 0.0120697 -0.0622792 -3.44533 -0.0122609 0.999921 -0.00268823 -0.515298 0.0622419 0.00344633 0.998055 46.7403 
0.997946 0.0134698 -0.0626343 -3.53628 -0.0138999 0.999883 -0.00643534 -0.53504 0.0625404 0.00729264 0.998016 47.6918 
0.997911 0.0136964 -0.0631308 -3.61731 -0.0142575 0.999863 -0.00844536 -0.543552 0.0630066 0.00932773 0.997969 48.6611 
0.997947 0.0120806 -0.0628947 -3.70176 -0.0124638 0.999906 -0.00570355 -0.552138 0.0628199 0.00647566 0.998004 49.6055 
0.998032 0.0102081 -0.0618611 -3.79132 -0.0103424 0.999945 -0.00185024 -0.582828 0.0618388 0.00248631 0.998083 50.5531 
0.997999 0.00883451 -0.0626071 -3.85922 -0.00896337 0.999958 -0.00177626 -0.594834 0.0625889 0.00233379 0.998037 51.5149 
0.998031 0.0062774 -0.0624129 -3.93236 -0.00649351 0.999974 -0.00325909 -0.61369 0.0623909 0.00365787 0.998045 52.4752 
0.998023 0.00392187 -0.0627335 -4.00349 -0.00427773 0.999975 -0.00553793 -0.617771 0.0627103 0.00579525 0.998015 53.4219 
0.997925 0.00316805 -0.0643119 -4.07241 -0.00347307 0.999983 -0.00463024 -0.634596 0.0642962 0.00484391 0.997919 54.3723 
0.997857 -0.000330733 -0.0654239 -4.14504 0.000287834 1 -0.000663892 -0.650677 0.0654242 0.000643552 0.997857 55.323 
0.997855 -0.00111791 -0.0654529 -4.23745 0.00139891 0.99999 0.0042487 -0.665959 0.0654475 -0.00433124 0.997847 56.2564 
0.997812 0.000622972 -0.0661136 -4.31932 -0.000221893 0.999981 0.00607492 -0.673193 0.0661162 -0.00604705 0.997794 57.199 
0.997742 0.0019728 -0.067131 -4.40281 -0.00185121 0.999996 0.00187474 -0.689653 0.0671346 -0.00174632 0.997742 58.1091 
0.997655 0.00384742 -0.068338 -4.48543 -0.00423863 0.999975 -0.00557944 -0.711273 0.0683149 0.00585593 0.997647 59.0204 
0.997558 0.00568806 -0.0696026 -4.56491 -0.00637707 0.999933 -0.00967983 -0.741083 0.0695429 0.0101 0.997528 59.946 
0.997462 0.00960103 -0.0705541 -4.64996 -0.0102314 0.999911 -0.00857688 -0.766366 0.0704655 0.00927689 0.997471 60.8493 
0.997246 0.0122295 -0.0731465 -4.72194 -0.0127757 0.999894 -0.00700298 -0.775419 0.0730532 0.00791811 0.997297 61.7559 
0.997151 0.0148472 -0.0739586 -4.80831 -0.015278 0.999869 -0.00526115 -0.80225 0.0738709 0.00637602 0.997247 62.6391 
0.997106 0.0155133 -0.0744208 -4.89213 -0.016018 0.999852 -0.00618841 -0.813014 0.0743139 0.00736249 0.997208 63.4964 
0.996952 0.0173614 -0.0760609 -4.97059 -0.0178257 0.999826 -0.00542797 -0.834112 0.0759535 0.00676718 0.997088 64.367 
0.996828 0.0188162 -0.0773314 -5.05512 -0.0193259 0.999796 -0.00584739 -0.844038 0.0772057 0.00732325 0.996988 65.2094 
0.996714 0.0176523 -0.0790518 -5.12935 -0.0181063 0.999823 -0.00502931 -0.868609 0.0789492 0.00644404 0.996858 66.043 
0.996604 0.0187324 -0.0801851 -5.20737 -0.0191855 0.999804 -0.00488191 -0.883098 0.0800781 0.00640364 0.996768 66.8383 
0.996533 0.019767 -0.0808157 -5.31076 -0.0199908 0.999798 -0.00195963 -0.906329 0.0807608 0.00356832 0.996727 67.5621 
0.996428 0.0219337 -0.081551 -5.39988 -0.0219357 0.999759 0.000872428 -0.905359 0.0815506 0.000919483 0.996669 68.3454 
0.996228 0.0248964 -0.0831222 -5.48394 -0.02468 0.999689 0.0036316 -0.925634 0.0831869 -0.00156654 0.996533 69.1281 
0.996055 0.0273682 -0.0844089 -5.56824 -0.0274832 0.999622 -0.000199331 -0.943739 0.0843717 0.00251828 0.996431 69.8829 
0.995862 0.0275862 -0.0865891 -5.62516 -0.0283464 0.999569 -0.00756085 -0.957389 0.0863434 0.00998397 0.996215 70.6215 
0.995776 0.0261785 -0.0880058 -5.71236 -0.0275117 0.999524 -0.01397 -0.967656 0.0875983 0.0163321 0.996022 71.3401 
0.995701 0.0267636 -0.0886687 -5.78401 -0.0282174 0.999486 -0.0151817 -0.975218 0.088217 0.0176184 0.995945 72.0352 
0.995492 0.0308887 -0.0896707 -5.85111 -0.0321074 0.99941 -0.0121786 -0.984461 0.0892417 0.0150027 0.995897 72.7126 
0.995316 0.0305345 -0.0917229 -5.91175 -0.0316604 0.99944 -0.0108441 -0.992514 0.0913405 0.0136973 0.995725 73.3586 
0.995346 0.0275744 -0.0923379 -5.99028 -0.0288673 0.999503 -0.0126945 -1.04098 0.091942 0.0153008 0.995647 73.9806 
0.995469 0.0194646 -0.0930758 -6.03053 -0.0211839 0.999622 -0.017518 -1.06634 0.0926998 0.0194103 0.995505 74.5936 
0.995647 0.0152906 -0.0919448 -6.09436 -0.0173852 0.999606 -0.0220227 -1.09616 0.0915719 0.0235252 0.99552 75.1708 
0.99588 0.0174053 -0.088999 -6.15629 -0.019407 0.999577 -0.0216742 -1.12536 0.0885841 0.023312 0.995796 75.7636 
0.996154 0.0226651 -0.0846367 -6.22693 -0.0242867 0.99954 -0.0181779 -1.15353 0.0841858 0.0201634 0.996246 76.3428 
0.996519 0.0218536 -0.0804468 -6.26495 -0.0232483 0.999594 -0.0164399 -1.15086 0.080055 0.0182529 0.996623 76.9207 
0.997058 0.0173928 -0.0746531 -6.30876 -0.0183718 0.999754 -0.0124461 -1.17285 0.0744184 0.0137809 0.997132 77.4556 
0.997646 0.0129867 -0.0673286 -6.32233 -0.0136163 0.999868 -0.00889852 -1.19583 0.0672042 0.00979426 0.997691 77.9806 
0.998241 0.0163892 -0.0569678 -6.35055 -0.0169132 0.999819 -0.00872603 -1.2143 0.0568145 0.00967411 0.998338 78.4899 
0.998864 0.0217239 -0.0424071 -6.36787 -0.0221558 0.999707 -0.00973841 -1.22518 0.0421832 0.0106668 0.999053 78.9923 
0.999352 0.0268022 -0.0240174 -6.39608 -0.0270563 0.999581 -0.0103171 -1.22405 0.0237309 0.0109601 0.999658 79.4802 
0.999675 0.0254542 -0.00127319 -6.40683 -0.0254649 0.999633 -0.00918853 -1.24784 0.00103892 0.00921788 0.999957 79.9517 
0.999445 0.0218866 0.0251241 -6.38406 -0.0216498 0.999719 -0.00966122 -1.24347 -0.0253284 0.00911185 0.999638 80.4183 
0.998318 0.0205664 0.0542068 -6.33607 -0.0201791 0.999767 -0.007683 -1.27113 -0.0543521 0.00657615 0.9985 80.8594 
0.995832 0.0211819 0.0887122 -6.30382 -0.0205954 0.99976 -0.00752233 -1.2686 -0.0888501 0.00566383 0.996029 81.3017 
0.991823 0.0215299 0.125791 -6.21481 -0.0207299 0.999756 -0.00766601 -1.27755 -0.125926 0.0049956 0.992027 81.7474 
0.985715 0.0205348 0.167162 -6.12027 -0.0195071 0.999779 -0.00778789 -1.29893 -0.167285 0.00441571 0.985899 82.1523 
0.976838 0.0210115 0.212945 -6.01614 -0.0195804 0.999769 -0.00882825 -1.30407 -0.213081 0.00445416 0.977024 82.5629 
0.964987 0.0238347 0.261213 -5.88027 -0.0217968 0.999705 -0.0106969 -1.32458 -0.261391 0.00462869 0.965222 82.948 
0.949016 0.0246348 0.314263 -5.72772 -0.021119 0.99967 -0.0145882 -1.33572 -0.314519 0.00720747 0.949224 83.3255 
0.929097 0.025249 0.368974 -5.54252 -0.020113 0.99964 -0.0177604 -1.34617 -0.369289 0.00907993 0.92927 83.6772 
0.904389 0.0250758 0.425972 -5.35142 -0.0184899 0.999637 -0.0195899 -1.36323 -0.426308 0.00984068 0.904524 84.0138 
0.874237 0.0263923 0.484781 -5.15414 -0.017532 0.999586 -0.0228027 -1.36857 -0.485182 0.0114357 0.874338 84.336 
0.840026 0.0250691 0.541966 -4.92414 -0.0134919 0.999588 -0.0253251 -1.38319 -0.542378 0.0139616 0.840019 84.6279 
0.801729 0.0257385 0.597133 -4.68638 -0.0113996 0.999549 -0.0277787 -1.38731 -0.597579 0.0154638 0.801661 84.9172 
0.761312 0.0240234 0.64794 -4.41246 -0.0087934 0.999604 -0.0267301 -1.40677 -0.648326 0.0146523 0.761222 85.1648 
0.717294 0.0238455 0.696362 -4.13828 -0.0096014 0.999658 -0.0243414 -1.42607 -0.696704 0.0107738 0.717277 85.4013 
0.670727 0.0228786 0.741351 -3.84236 -0.00783645 0.999687 -0.0237612 -1.44348 -0.741663 0.0101277 0.670696 85.6337 
0.623545 0.0219262 0.78148 -3.52989 -0.00270581 0.999661 -0.025889 -1.45286 -0.781782 0.0140284 0.623393 85.8332 
0.57604 0.019311 0.817193 -3.20886 0.00472466 0.999625 -0.0269526 -1.46649 -0.817407 0.0193867 0.575733 86.0031 
0.528909 0.0211612 0.848414 -2.87611 0.00453266 0.999604 -0.027758 -1.48159 -0.848666 0.018527 0.528604 86.1688 
0.480005 0.0241621 0.876933 -2.55266 0.00272047 0.999575 -0.0290304 -1.49123 -0.877261 0.0163204 0.479735 86.3272 
0.434101 0.0257701 0.900495 -2.2106 0.00383692 0.999529 -0.0304539 -1.51152 -0.900856 0.0166752 0.433798 86.4581 
0.390876 0.0231684 0.920152 -1.87029 0.0116829 0.999478 -0.0301287 -1.52744 -0.920369 0.0225266 0.390402 86.5664 
0.351062 0.0159484 0.936216 -1.50837 0.0281754 0.999222 -0.027587 -1.53135 -0.935928 0.036063 0.350339 86.6515 
0.315677 0.0122542 0.948787 -1.15628 0.0336217 0.999144 -0.0240912 -1.5412 -0.948271 0.0395049 0.314995 86.7338 
0.282086 0.0165135 0.959247 -0.809385 0.0312635 0.999163 -0.0263944 -1.55372 -0.95888 0.0374349 0.281333 86.8206 
0.250311 0.0236977 0.967875 -0.450984 0.0229512 0.999274 -0.0304022 -1.57294 -0.967893 0.0298239 0.249586 86.9185 
0.22191 0.0273975 0.974682 -0.084717 0.0165299 0.999356 -0.0318546 -1.60619 -0.974927 0.0231802 0.221314 86.9918 
0.195873 0.0296688 0.98018 0.315141 0.0211858 0.999181 -0.0344777 -1.61501 -0.9804 0.0275191 0.195084 87.0638 
0.172192 0.0314417 0.984561 0.712187 0.0292099 0.998888 -0.0370079 -1.63108 -0.98463 0.0351313 0.171082 87.1122 
0.152154 0.036548 0.987681 1.11524 0.0361084 0.998443 -0.0425089 -1.64753 -0.987697 0.0421314 0.150597 87.1463 
0.132466 0.0434661 0.990234 1.5264 0.0389498 0.998038 -0.0490191 -1.65092 -0.990422 0.0450627 0.130513 87.1842 
0.115233 0.0443531 0.992348 1.96764 0.0379539 0.998077 -0.0490165 -1.66378 -0.992613 0.0433117 0.113328 87.2322 
0.0989976 0.0404242 0.994266 2.41767 0.0359724 0.998376 -0.0441731 -1.68028 -0.994437 0.0401391 0.0973827 87.2881 
0.0838284 0.03826 0.995745 2.87653 0.0374596 0.998435 -0.0415171 -1.69619 -0.995776 0.0407806 0.082264 87.3321 
0.0714213 0.0354797 0.996815 3.35789 0.0421374 0.998368 -0.0385542 -1.72365 -0.996556 0.0447568 0.0698097 87.3457 
0.0598224 0.0355619 0.997575 3.85356 0.044212 0.99829 -0.0382388 -1.73827 -0.997229 0.0463923 0.0581479 87.3717 
0.0492542 0.0369335 0.998103 4.37278 0.0487956 0.998034 -0.0393389 -1.75516 -0.997594 0.0506406 0.0473552 87.396 
0.0423112 0.0374639 0.998402 4.89366 0.0505017 0.997939 -0.0395869 -1.78397 -0.997827 0.0520959 0.040332 87.4122 
0.0362912 0.0373791 0.998642 5.44145 0.0524596 0.997851 -0.0392559 -1.81083 -0.997963 0.053813 0.0342524 87.4422 
0.0312306 0.0387094 0.998762 5.99535 0.0541891 0.997714 -0.0403633 -1.83321 -0.998042 0.0553826 0.0290616 87.454 
0.0256618 0.0391736 0.998903 6.58661 0.0540835 0.997714 -0.0405165 -1.85897 -0.998207 0.0550639 0.0234845 87.4658 
0.0216262 0.0389463 0.999007 7.19384 0.057757 0.997523 -0.0401388 -1.89 -0.998096 0.0585677 0.0193233 87.4781 
0.0181797 0.0391338 0.999069 7.81103 0.0588 0.997462 -0.0401409 -1.91535 -0.998104 0.0594749 0.0158325 87.5018 
0.0151266 0.0385008 0.999144 8.4555 0.0594288 0.997457 -0.0393356 -1.94754 -0.998118 0.059973 0.0128001 87.5147 
0.0131554 0.0377864 0.999199 9.10657 0.0607157 0.997412 -0.0385182 -1.97877 -0.998068 0.0611738 0.0108271 87.5192 
0.0123965 0.0366075 0.999253 9.79696 0.0659801 0.997122 -0.037348 -2.01899 -0.997744 0.0663938 0.00994546 87.5374 
0.0134365 0.0373931 0.99921 10.4984 0.0695 0.996849 -0.0382394 -2.03427 -0.997491 0.069959 0.0107953 87.5603 
0.0150881 0.0364389 0.999222 11.1818 0.0711706 0.996762 -0.0374239 -2.08715 -0.99735 0.0716799 0.0124458 87.5924 
0.0188632 0.0369832 0.999138 11.9074 0.0741622 0.996511 -0.0382861 -2.10832 -0.997068 0.0748204 0.0160547 87.6194 
0.023142 0.0361837 0.999077 12.6632 0.0744903 0.996504 -0.037816 -2.15827 -0.996953 0.0752967 0.0203658 87.6552 
0.0276083 0.034772 0.999014 13.4057 0.0755892 0.996461 -0.0367722 -2.18926 -0.996757 0.0765299 0.0248822 87.6687 
0.0305744 0.0334898 0.998971 14.1485 0.0752004 0.996529 -0.0357096 -2.22215 -0.9967 0.0762148 0.0279499 87.7311 
0.0349524 0.0309915 0.998908 14.9233 0.0724841 0.996808 -0.0334627 -2.26346 -0.996757 0.0735746 0.0325944 87.77 
0.0377919 0.0305445 0.998819 15.7207 0.0716063 0.99688 -0.0331946 -2.29149 -0.996717 0.0727762 0.0354868 87.8431 
0.0415693 0.0323958 0.99861 16.5433 0.0689945 0.996995 -0.0352156 -2.3123 -0.996751 0.0703625 0.0392092 87.9041 
0.0449748 0.0361202 0.998335 17.3355 0.0668151 0.997 -0.039082 -2.3597 -0.996751 0.0684615 0.0424265 87.9445 
0.0459077 0.0408225 0.998111 18.1482 0.061789 0.997135 -0.0436246 -2.405 -0.997033 0.063675 0.0432538 88.0193 
0.0453482 0.0439837 0.998002 18.9597 0.0582202 0.997216 -0.0465946 -2.44846 -0.997273 0.0602168 0.0426612 88.0805 
0.0453491 0.0440412 0.998 19.7757 0.0550783 0.997398 -0.0465175 -2.48753 -0.997452 0.0570776 0.0428054 88.1328 
0.0457001 0.0422866 0.99806 20.584 0.0530332 0.997592 -0.0446952 -2.53785 -0.997546 0.0549728 0.0433475 88.1798 
0.0450844 0.0414953 0.998121 21.4099 0.054161 0.997566 -0.0439188 -2.58407 -0.997514 0.0560393 0.0427272 88.2352 
0.0465585 0.0412511 0.998063 22.2368 0.051915 0.997697 -0.0436578 -2.62601 -0.997566 0.0538471 0.0443097 88.2616 
0.0481054 0.0421581 0.997952 23.0474 0.050504 0.997728 -0.0445832 -2.6643 -0.997565 0.0525453 0.045867 88.3031 
0.0475949 0.0428016 0.997949 23.8652 0.0476919 0.997845 -0.0450717 -2.71128 -0.997727 0.0497393 0.0454511 88.3617 
0.045609 0.043336 0.998019 24.6657 0.0449153 0.997959 -0.0453861 -2.7702 -0.997949 0.0468963 0.0435694 88.4291 
0.042852 0.0439206 0.998115 25.4978 0.0415391 0.998091 -0.045703 -2.80606 -0.998217 0.0434193 0.0409458 88.4793 
0.0384794 0.0422861 0.998364 26.3165 0.0394008 0.998263 -0.0438005 -2.85571 -0.998482 0.0410218 0.0367465 88.5305 
0.0345599 0.0399917 0.998602 27.1145 0.0406469 0.998316 -0.0413871 -2.90941 -0.998576 0.0420205 0.0328762 88.5695 
0.0293749 0.0384716 0.998828 27.9323 0.0397933 0.998422 -0.0396263 -2.94902 -0.998776 0.0409107 0.0277976 88.5929 
0.0213295 0.0389418 0.999014 28.7358 0.0394112 0.998432 -0.0397606 -2.99093 -0.998995 0.0402204 0.0197613 88.623 
0.0126008 0.040197 0.999112 29.5352 0.0392315 0.998402 -0.0406633 -3.0328 -0.999151 0.039709 0.0110037 88.6412 
0.00336208 0.0402478 0.999184 30.3287 0.0404348 0.998367 -0.040351 -3.08355 -0.999176 0.0405375 0.00172918 88.6449 
-0.00691228 0.0389647 0.999217 31.1217 0.040604 0.998427 -0.0386531 -3.13015 -0.999151 0.040305 -0.00848353 88.6416 
-0.0180103 0.038357 0.999102 31.9407 0.0394518 0.998513 -0.0376233 -3.17751 -0.999059 0.0387388 -0.0194968 88.6518 
-0.0298514 0.0368934 0.998873 32.7386 0.0401313 0.998557 -0.0356825 -3.2321 -0.998748 0.0390209 -0.031289 88.6428 
-0.0409319 0.0379706 0.99844 33.5118 0.040143 0.998533 -0.0363286 -3.26442 -0.998355 0.0385934 -0.0423961 88.6228 
-0.0515157 0.0388691 0.997915 34.2896 0.0410828 0.998479 -0.0367703 -3.3026 -0.997827 0.0391029 -0.0530342 88.579 
-0.0634783 0.0402808 0.99717 35.0562 0.0408944 0.998451 -0.0377294 -3.33107 -0.997145 0.0383836 -0.0650273 88.5641 
-0.0728144 0.0420007 0.996461 35.842 0.0425659 0.998333 -0.0389693 -3.35221 -0.996437 0.0395777 -0.0744808 88.4939 
-0.0824643 0.0431492 0.995659 36.6033 0.0434336 0.998269 -0.039665 -3.38625 -0.995647 0.0399742 -0.0841957 88.4387 
-0.0919861 0.0441063 0.994783 37.3561 0.0439118 0.998226 -0.0401986 -3.41982 -0.994792 0.039985 -0.0937598 88.3683 
-0.101407 0.0449433 0.993829 38.1041 0.0454901 0.998144 -0.0404968 -3.45806 -0.993804 0.0411028 -0.103263 88.2988 
-0.10922 0.0441149 0.993038 38.8409 0.0458428 0.998175 -0.0393011 -3.50194 -0.99296 0.0412312 -0.111043 88.2071 
-0.11716 0.0437951 0.992147 39.5705 0.0468395 0.998159 -0.0385295 -3.53077 -0.992008 0.0419576 -0.118995 88.1356 
-0.122289 0.0424999 0.991584 40.2914 0.0503974 0.99806 -0.0365622 -3.56776 -0.991214 0.0455021 -0.124194 88.053 
-0.126372 0.0410654 0.991132 40.9837 0.0528864 0.998001 -0.0346068 -3.59694 -0.990572 0.0480441 -0.128292 87.9778 
-0.128648 0.0404819 0.990864 41.6823 0.0547915 0.99793 -0.0336569 -3.62864 -0.990175 0.049961 -0.1306 87.8906 
-0.131014 0.0398656 0.990579 42.3731 0.0544828 0.997971 -0.0329572 -3.6661 -0.989882 0.0496517 -0.13292 87.815 
-0.130796 0.0406778 0.990574 43.0479 0.0558497 0.997873 -0.0336031 -3.69708 -0.989835 0.0509282 -0.13279 87.7146 
-0.130302 0.0414004 0.990609 43.6939 0.0572484 0.997775 -0.0341696 -3.73604 -0.98982 0.0522584 -0.132382 87.6445 
-0.127603 0.0426559 0.990908 44.3325 0.0571245 0.997732 -0.0355936 -3.77763 -0.990179 0.0520633 -0.129751 87.5792 
-0.12252 0.0430518 0.991532 44.9634 0.0586388 0.997627 -0.0360707 -3.81038 -0.990732 0.0537229 -0.124754 87.5157 
-0.115223 0.0437047 0.992378 45.5614 0.0573128 0.99766 -0.0372829 -3.84345 -0.991685 0.0525801 -0.117458 87.4738 
-0.103912 0.0434858 0.993635 46.1598 0.0565601 0.997685 -0.0377481 -3.8785 -0.992977 0.0522776 -0.106131 87.4186 
-0.0899597 0.0437347 0.994985 46.7178 0.0550765 0.997725 -0.0388756 -3.90798 -0.994421 0.051303 -0.0921638 87.3812 
-0.0735762 0.0449677 0.996275 47.255 0.0542017 0.997687 -0.0410287 -3.94428 -0.995816 0.0509811 -0.0758433 87.3714 
-0.0527868 0.0476896 0.997466 47.7846 0.0522217 0.997624 -0.0449336 -3.9816 -0.997239 0.0497175 -0.0551518 87.3619 
-0.027882 0.0501958 0.99835 48.2967 0.0498961 0.997563 -0.0487628 -4.01871 -0.998365 0.0484542 -0.0303186 87.3741 
0.00130194 0.0529977 0.998594 48.8329 0.0490366 0.99739 -0.0529978 -4.03949 -0.998796 0.0490367 -0.00130028 87.386 
0.0354233 0.0526171 0.997986 49.3617 0.0472487 0.997408 -0.0542638 -4.06772 -0.998255 0.0490758 0.0328454 87.4169 
0.0743907 0.0502825 0.995961 49.8812 0.0456851 0.997507 -0.053773 -4.10214 -0.996182 0.0495008 0.0719081 87.4692 
0.116546 0.0465139 0.992095 50.3788 0.0414556 0.997804 -0.0516516 -4.14512 -0.99232 0.0471477 0.114362 87.5581 
0.162808 0.0406686 0.985819 50.8699 0.0375007 0.998173 -0.0473716 -4.20128 -0.985945 0.0446814 0.160985 87.6532 
0.213359 0.0376471 0.976248 51.3639 0.031512 0.998472 -0.0453912 -4.23293 -0.976465 0.0404482 0.211847 87.7646 
0.265872 0.03656 0.963315 51.8307 0.0273677 0.998591 -0.0454523 -4.25662 -0.96362 0.0384482 0.264497 87.9159 
0.322157 0.0351776 0.946032 52.2993 0.0244295 0.998668 -0.045454 -4.3062 -0.946371 0.0377544 0.320869 88.0934 
0.381767 0.0366609 0.923531 52.7572 0.0244314 0.998464 -0.049735 -4.32234 -0.923936 0.0415503 0.380285 88.3008 
0.44291 0.0410634 0.895625 53.184 0.0224073 0.998131 -0.0568443 -4.3384 -0.896286 0.0452454 0.441162 88.5333 
0.50299 0.0452831 0.863105 53.6114 0.0211477 0.997683 -0.0646681 -4.3633 -0.864034 0.0507801 0.500866 88.82 
0.561118 0.05051 0.826193 53.97 0.01381 0.997426 -0.0703578 -4.39053 -0.82762 0.0508888 0.558976 89.1292 
0.616027 0.0540679 0.785867 54.2967 0.00713783 0.997217 -0.0742042 -4.41863 -0.787692 0.0513212 0.613927 89.4715 
0.669386 0.0553665 0.740848 54.6205 0.00194141 0.997085 -0.0762704 -4.45166 -0.742912 0.0524926 0.667328 89.8295 
0.718319 0.0527424 0.693712 54.9 0.000133839 0.997112 -0.0759483 -4.47986 -0.695714 0.0546479 0.716237 90.1835 
0.764154 0.0496498 0.64312 55.1668 -0.00551598 0.9975 -0.0704545 -4.51744 -0.64501 0.0502906 0.762517 90.5682 
0.806142 0.0460252 0.589929 55.4105 -0.00963293 0.997859 -0.0646878 -4.53884 -0.591643 0.0464648 0.80486 90.9745 
0.842475 0.0424288 0.537061 55.6094 -0.0138691 0.998272 -0.0571093 -4.57677 -0.538556 0.0406645 0.841608 91.3981 
0.874027 0.0402219 0.484209 55.7996 -0.017867 0.998554 -0.0506963 -4.59511 -0.485548 0.0356586 0.873483 91.8424 
0.899888 0.0419866 0.434094 55.9592 -0.0248492 0.998674 -0.0450813 -4.62281 -0.435412 0.0297812 0.899739 92.2931 
0.920318 0.0434495 0.388751 56.0926 -0.029798 0.998711 -0.0410803 -4.65213 -0.390034 0.0262229 0.920427 92.7461 
0.935635 0.0513339 0.349215 56.2166 -0.0404664 0.998445 -0.0383499 -4.67506 -0.35064 0.0217499 0.936257 93.2065 
0.947546 0.0554659 0.314769 56.3164 -0.0457149 0.998221 -0.0382829 -4.70463 -0.316332 0.0218852 0.948396 93.6756 
0.956949 0.057922 0.284418 56.4253 -0.0493143 0.998085 -0.0373392 -4.72642 -0.286036 0.0217058 0.957973 94.1526 
0.963483 0.0527348 0.262524 56.5385 -0.0444588 0.998312 -0.03737 -4.744 -0.264052 0.0243337 0.964201 94.6323 
0.967629 0.0497894 0.247415 56.6419 -0.0422425 0.998468 -0.035722 -4.77787 -0.248815 0.0241142 0.968251 95.1167 
0.970453 0.0542139 0.235119 56.7332 -0.0470428 0.998244 -0.0360067 -4.79991 -0.236658 0.0238821 0.971299 95.6083 
0.972285 0.0599132 0.22599 56.818 -0.0533509 0.997961 -0.0350405 -4.82038 -0.227628 0.0220125 0.973499 96.12 
0.973057 0.0685331 0.220144 56.9017 -0.0621369 0.997423 -0.0358577 -4.84799 -0.222034 0.0212124 0.974808 96.6294 
0.973744 0.0720947 0.215929 57.0187 -0.0648684 0.997076 -0.040378 -4.85292 -0.218209 0.0253107 0.975574 97.1369 
0.973457 0.0755943 0.216026 57.1097 -0.0681316 0.9968 -0.0417972 -4.90662 -0.218494 0.0259695 0.975493 97.685 
0.973085 0.0734078 0.218441 57.2244 -0.0649192 0.996839 -0.0457971 -4.9284 -0.221112 0.0303834 0.974775 98.2291 
0.972459 0.0719995 0.221676 57.3591 -0.0619333 0.996723 -0.0520399 -4.95063 -0.224697 0.0368774 0.973731 98.7617 
0.971637 0.0722411 0.225173 57.4903 -0.0608675 0.996514 -0.0570593 -4.98245 -0.22851 0.0417352 0.972647 99.3145 
0.970296 0.0767374 0.229427 57.6145 -0.0652247 0.99622 -0.0573612 -5.00525 -0.232961 0.0406929 0.971634 99.8831 
0.968611 0.0795983 0.235492 57.7405 -0.0689589 0.996206 -0.053089 -5.05704 -0.238824 0.0351833 0.970425 100.469 
0.968016 0.0757976 0.239164 57.9058 -0.0662956 0.996667 -0.04754 -5.09986 -0.241971 0.0301639 0.969815 101.062 
0.967326 0.0719241 0.243119 58.0613 -0.0635187 0.997086 -0.0422482 -5.14048 -0.24545 0.0254251 0.969076 101.655 
0.96682 0.0684704 0.24611 58.2207 -0.0608672 0.997408 -0.0383786 -5.16598 -0.2481 0.0221251 0.968482 102.297 
0.966476 0.0635324 0.248773 58.3831 -0.0555904 0.997698 -0.0388286 -5.18269 -0.250668 0.0236974 0.967783 102.92 
0.966431 0.0619776 0.24934 58.5368 -0.053008 0.997688 -0.0425357 -5.20906 -0.2514 0.0278907 0.967481 103.561 
0.966655 0.061049 0.248699 58.6957 -0.050326 0.997517 -0.0492549 -5.24803 -0.251088 0.0350964 0.967328 104.199 
0.966935 0.0623774 0.247277 58.8564 -0.0502932 0.997225 -0.0548945 -5.29869 -0.250015 0.040643 0.967389 104.846 
0.96752 0.0643595 0.244463 59.0078 -0.051595 0.996967 -0.0582712 -5.34011 -0.247472 0.0437654 0.967906 105.518 
0.968266 0.0631867 0.241801 59.1727 -0.0512175 0.997145 -0.0554763 -5.36633 -0.244616 0.0413313 0.968739 106.212 
0.968858 0.0590633 0.24047 59.3441 -0.0489436 0.997655 -0.0478459 -5.413 -0.242732 0.0345864 0.969476 106.925 
0.969629 0.0583644 0.237513 59.512 -0.04979 0.997878 -0.0419465 -5.45919 -0.239457 0.0288467 0.970478 107.631 
0.969648 0.0624916 0.236385 59.6611 -0.0538528 0.99763 -0.0428339 -5.50651 -0.238502 0.0288037 0.970715 108.357 
0.970184 0.0683331 0.232536 59.8354 -0.0591048 0.997171 -0.0464327 -5.56208 -0.235051 0.0313042 0.971479 109.064 
0.971417 0.0683009 0.227341 60.0091 -0.0582059 0.99701 -0.0508246 -5.61859 -0.230132 0.0361392 0.972488 109.807 
0.972419 0.0667018 0.2235 60.1608 -0.0561416 0.997 -0.0532823 -5.66499 -0.226383 0.039265 0.973246 110.564 
0.973246 0.0645125 0.220524 60.3094 -0.054391 0.997182 -0.0516723 -5.72039 -0.223236 0.0382953 0.974012 111.351 
0.974191 0.0607345 0.217399 60.4654 -0.0511513 0.997466 -0.049446 -5.77262 -0.219852 0.0370495 0.974829 112.117 
0.974783 0.0588098 0.215265 60.6354 -0.0497493 0.997642 -0.047274 -5.8169 -0.217538 0.0353726 0.975411 112.91 
0.975345 0.0555981 0.213567 60.8077 -0.0470087 0.997876 -0.0450932 -5.85683 -0.215621 0.0339418 0.975887 113.702 
0.975832 0.0498949 0.212747 60.9877 -0.0413529 0.998157 -0.0444165 -5.896 -0.214571 0.0345453 0.976097 114.505 
0.97569 0.0513966 0.213042 61.124 -0.0431954 0.998142 -0.0429768 -5.93675 -0.214855 0.0327295 0.976097 115.324 
0.975556 0.0562036 0.212442 61.2956 -0.0476778 0.997846 -0.0450494 -5.98442 -0.214516 0.0338194 0.976135 116.136 
0.975008 0.0623865 0.213231 61.4421 -0.0533426 0.997426 -0.047913 -6.0409 -0.215671 0.0353412 0.975826 116.948 
0.974351 0.071324 0.213432 61.6194 -0.0620202 0.996822 -0.0499831 -6.07989 -0.216319 0.035464 0.975678 117.792 
0.973312 0.0773748 0.216046 61.7914 -0.0683911 0.996466 -0.0487652 -6.14387 -0.219056 0.0326881 0.975165 118.628 
0.972436 0.0802184 0.218935 61.9573 -0.0715629 0.996319 -0.0471956 -6.19127 -0.221915 0.030227 0.974597 119.471 
0.972119 0.0810341 0.220041 62.1537 -0.0720986 0.996225 -0.0483539 -6.23744 -0.223129 0.031141 0.974291 120.327 
0.971969 0.0796479 0.221207 62.3398 -0.069939 0.996226 -0.0513948 -6.29003 -0.224466 0.0344831 0.973872 121.153 
0.972042 0.0741174 0.222803 62.5231 -0.0645224 0.99666 -0.0500509 -6.34214 -0.225769 0.0342757 0.973578 121.991 
0.9725 0.0685289 0.222592 62.7076 -0.0586329 0.996987 -0.0507749 -6.39644 -0.2254 0.0363274 0.973589 122.819 
0.972298 0.06793 0.223654 62.8916 -0.0579005 0.997013 -0.0511084 -6.45523 -0.226458 0.0367429 0.973328 123.642 
0.97133 0.0715803 0.226701 63.0532 -0.062183 0.996894 -0.0483358 -6.51144 -0.229456 0.032853 0.972764 124.504 
0.97096 0.0734257 0.227695 63.2302 -0.0654026 0.996949 -0.0425943 -6.56242 -0.230128 0.0264655 0.9728 125.329 
0.970321 0.0775228 0.229056 63.4054 -0.0704345 0.996755 -0.038974 -6.60263 -0.231334 0.0216838 0.972633 126.167 
0.970141 0.0764836 0.230165 63.5856 -0.0676163 0.996642 -0.0461821 -6.64662 -0.232924 0.0292402 0.972055 126.999 
0.970702 0.0722977 0.229152 63.7677 -0.0600924 0.996399 -0.0598105 -6.71018 -0.232651 0.0442878 0.971551 127.808 
0.970975 0.0711723 0.228345 63.958 -0.0567914 0.996002 -0.0689516 -6.76502 -0.232339 0.0539823 0.971136 128.613 
0.971515 0.0681829 0.226956 64.1519 -0.0559131 0.996627 -0.0600674 -6.81858 -0.230286 0.0456665 0.972051 129.45 
0.971815 0.0632099 0.227111 64.3381 -0.0557168 0.997674 -0.0392607 -6.87841 -0.229064 0.0255002 0.973077 130.304 
0.972326 0.0587847 0.226111 64.5244 -0.0548139 0.998213 -0.023806 -6.93788 -0.227106 0.0107531 0.97381 131.139 
0.972158 0.0637037 0.2255 64.6873 -0.0586243 0.997854 -0.0291573 -6.98816 -0.226874 0.0151257 0.973807 131.937 
0.972126 0.0721525 0.223079 64.8411 -0.0634898 0.996932 -0.0457732 -7.01673 -0.225697 0.030334 0.973725 132.754 
0.972008 0.0724604 0.223494 64.9771 -0.0621693 0.99667 -0.0527536 -7.07632 -0.226573 0.0373824 0.973277 133.576 
0.972888 0.0690669 0.220724 65.1618 -0.0585609 0.996833 -0.0538002 -7.12665 -0.223741 0.0394157 0.973851 134.382 
0.973508 0.0685951 0.218122 65.3318 -0.0586528 0.996937 -0.0517422 -7.18898 -0.221003 0.0375779 0.974549 135.197 
0.974354 0.0671399 0.214768 65.4892 -0.0570531 0.996972 -0.0528325 -7.24516 -0.217665 0.0392244 0.975235 135.996 
0.975245 0.0697564 0.209837 65.6503 -0.0596222 0.996746 -0.0542486 -7.30005 -0.212938 0.0403947 0.97623 136.817 
0.975662 0.0742835 0.206313 65.8043 -0.0644039 0.996451 -0.0542064 -7.36214 -0.209608 0.0395996 0.976983 137.604 
0.97562 0.0801671 0.204302 65.9468 -0.0703071 0.996003 -0.0550843 -7.40949 -0.207902 0.0393773 0.977357 138.416 
0.975588 0.0825359 0.203507 66.0759 -0.073336 0.995932 -0.0523547 -7.47736 -0.207 0.0361522 0.977673 139.211 
0.975946 0.0812565 0.202302 66.2315 -0.0729603 0.996172 -0.0481471 -7.52334 -0.20544 0.0322289 0.978139 139.999 
0.976665 0.0788212 0.199783 66.397 -0.070557 0.996344 -0.0481653 -7.58245 -0.202849 0.0329452 0.978656 140.81 
0.977357 0.0781787 0.196624 66.5545 -0.0694925 0.996293 -0.0507056 -7.63014 -0.199859 0.0358935 0.979167 141.607 
0.978838 0.0723743 0.191411 66.7106 -0.0631601 0.996551 -0.0538174 -7.6881 -0.194646 0.0405889 0.980033 142.404 
0.980168 0.0701676 0.185331 66.8362 -0.0609874 0.996634 -0.0547862 -7.72341 -0.188551 0.0423967 0.981148 143.178 
0.981246 0.0694092 0.179831 66.9578 -0.0613997 0.996873 -0.0497359 -7.76432 -0.182721 0.0377615 0.982439 143.982 
0.98236 0.0669247 0.174613 67.083 -0.0607001 0.997324 -0.0407549 -7.81758 -0.176873 0.0294369 0.983793 144.782 
0.983286 0.0634359 0.170656 67.2169 -0.0590113 0.997779 -0.0308813 -7.86998 -0.172236 0.0202944 0.984847 145.569 
0.983559 0.0697087 0.166587 67.3226 -0.065997 0.997435 -0.0277212 -7.91529 -0.168092 0.0162711 0.985637 146.375 
0.984165 0.0737874 0.161165 67.4393 -0.0695138 0.997067 -0.0320049 -7.96241 -0.163054 0.0202948 0.986408 147.152 
0.985082 0.0748929 0.154936 67.5275 -0.0692037 0.996726 -0.0418015 -8.01044 -0.157559 0.0304556 0.98704 147.944 
0.986162 0.0736463 0.148527 67.6293 -0.0673174 0.996614 -0.047205 -8.03428 -0.1515 0.0365533 0.987781 148.756 
0.987197 0.0731891 0.141721 67.7375 -0.0672702 0.996668 -0.0461213 -8.06841 -0.144625 0.0359971 0.988832 149.562 
0.987779 0.0804295 0.133502 67.8314 -0.0753033 0.996232 -0.0430217 -8.10323 -0.136459 0.0324428 0.990114 150.392 
0.988351 0.0858653 0.125654 67.9004 -0.0808136 0.995723 -0.0447731 -8.14691 -0.128961 0.0340969 0.991063 151.21 
0.989379 0.0883864 0.115397 67.9775 -0.0830067 0.995262 -0.0506305 -8.18475 -0.119325 0.0405139 0.992028 152.012 
0.990464 0.0870896 0.10675 68.0537 -0.0818484 0.995259 -0.0525424 -8.23013 -0.11082 0.043304 0.992897 152.837 
0.991346 0.0869689 0.0983333 68.1247 -0.0823495 0.995343 -0.0501071 -8.26997 -0.102233 0.0415757 0.993891 153.656 
0.991848 0.0890616 0.0911372 68.1754 -0.0854447 0.995421 -0.0428555 -8.31436 -0.0945365 0.0347188 0.994916 154.456 
0.992183 0.0924896 0.083772 68.2162 -0.0895996 0.995267 -0.0376339 -8.35126 -0.0868562 0.0298337 0.995774 155.283 
0.992768 0.0922961 0.0767666 68.2572 -0.089876 0.995358 -0.0344124 -8.38662 -0.0795863 0.027264 0.996455 156.109 
0.993216 0.0928695 0.0699734 68.306 -0.0908144 0.995353 -0.0320072 -8.42587 -0.0726207 0.0254354 0.997035 156.94 
0.993617 0.0913707 0.0661591 68.3351 -0.0893021 0.995438 -0.0335848 -8.46886 -0.0689259 0.0274622 0.997244 157.768 
0.993447 0.0964614 0.0613085 68.3699 -0.0941993 0.994798 -0.0387822 -8.50676 -0.0647304 0.0327527 0.997365 158.569 
0.993042 0.103342 0.0564557 68.3968 -0.100842 0.993863 -0.0454726 -8.54806 -0.0608084 0.0394631 0.997369 159.393 
0.993179 0.103862 0.0529998 68.4285 -0.101342 0.993682 -0.0482161 -8.57926 -0.0576727 0.042516 0.99743 160.193 
0.993147 0.105712 0.0498277 68.4579 -0.103656 0.993718 -0.0421977 -8.61658 -0.0539754 0.0367435 0.997866 161.011 
0.992958 0.107962 0.048762 68.4745 -0.10647 0.993793 -0.0322478 -8.65161 -0.0519408 0.026829 0.99829 161.836 
0.992985 0.108969 0.0458938 68.4969 -0.10793 0.993855 -0.0245405 -8.69928 -0.0482859 0.0194149 0.998645 162.664 
0.993635 0.105295 0.0400202 68.518 -0.10425 0.994174 -0.0273722 -8.73785 -0.0426691 0.0230258 0.998824 163.483 
0.995183 0.0920088 0.0338458 68.5447 -0.0907759 0.995209 -0.036325 -8.77932 -0.0370258 0.0330775 0.998767 164.287 
0.995578 0.0902432 0.0260907 68.5595 -0.0891643 0.995216 -0.0399244 -8.82088 -0.0295687 0.0374215 0.998862 165.102 
0.995387 0.0939719 0.0193302 68.5568 -0.0931643 0.994881 -0.0391361 -8.84949 -0.0229089 0.0371546 0.999047 165.935 
0.995776 0.0910023 0.0122101 68.5511 -0.0905882 0.995405 -0.0310151 -8.92051 -0.0149764 0.0297779 0.999444 166.777 
0.996298 0.0857924 0.00549922 68.5349 -0.0856099 0.995946 -0.0275981 -8.94693 -0.00784454 0.0270251 0.999604 167.621 
0.99698 0.0776565 0.000853397 68.5147 -0.0776165 0.996718 -0.0229922 -8.97534 -0.002636 0.0228564 0.999735 168.441 
0.997328 0.0728275 -0.00578286 68.5102 -0.072941 0.997077 -0.0227195 -9.01071 0.00411144 0.0230805 0.999725 169.269 
0.9975 0.0694661 -0.012989 68.4947 -0.0698288 0.99711 -0.0299389 -9.04014 0.0108718 0.030771 0.999467 170.098 
0.997948 0.060915 -0.019721 68.4564 -0.0616473 0.997338 -0.0389362 -9.07949 0.0172968 0.0400719 0.999047 170.925 
0.998312 0.0515651 -0.026716 68.4496 -0.05268 0.997691 -0.0428568 -9.11427 0.0244445 0.0441918 0.998724 171.752 
0.997978 0.0544831 -0.0327282 68.3987 -0.0556264 0.997834 -0.0350992 -9.15314 0.0307451 0.0368487 0.998848 172.593 
0.997282 0.0641477 -0.0362457 68.3185 -0.0650132 0.997614 -0.023224 -9.16923 0.0346695 0.0255172 0.999073 173.453 
0.996579 0.071537 -0.0413901 68.271 -0.0722136 0.997275 -0.0150846 -9.21287 0.0401983 0.0180219 0.999029 174.292 
0.996407 0.0715002 -0.0453946 68.2192 -0.0723992 0.997204 -0.0184765 -9.23672 0.0439468 0.0216965 0.998798 175.13 
0.996229 0.0725919 -0.0475271 68.1605 -0.0740156 0.996838 -0.0289101 -9.26519 0.0452782 0.0323187 0.998451 175.955 
0.995287 0.0825726 -0.0508417 68.0836 -0.0845505 0.995692 -0.0380591 -9.30035 0.0474801 0.0421784 0.997981 176.782 
0.995287 0.0814178 -0.052685 68.0155 -0.0836655 0.99561 -0.0419621 -9.33315 0.0490373 0.0461722 0.997729 177.623 
0.995623 0.0753986 -0.0552254 67.9828 -0.077539 0.996276 -0.0376937 -9.36323 0.0521778 0.0418108 0.997762 178.465 
0.995642 0.0755967 -0.0546044 67.9225 -0.0772812 0.996575 -0.0294218 -9.39584 0.0521933 0.0335134 0.998074 179.324 
0.995573 0.0771842 -0.053644 67.8453 -0.0785358 0.996633 -0.0235567 -9.43558 0.0516453 0.0276653 0.998282 180.18 
0.995468 0.0772466 -0.0554665 67.7828 -0.0786548 0.996621 -0.0236665 -9.4782 0.053451 0.0279219 0.99818 181.038 
0.995526 0.0736387 -0.059196 67.7429 -0.0756587 0.9966 -0.0326343 -9.51467 0.0565916 0.036967 0.997713 181.87 
0.996096 0.0636019 -0.0612143 67.6758 -0.0663461 0.996831 -0.0438906 -9.55589 0.0582288 0.0477805 0.997159 182.71 
0.996591 0.0532379 -0.063025 67.6157 -0.0562767 0.997286 -0.0474629 -9.59833 0.0603273 0.0508479 0.996883 183.541 
0.996354 0.0549773 -0.0652445 67.565 -0.0579115 0.997353 -0.0439653 -9.62815 0.0626548 0.0475833 0.9969 184.403 
0.995936 0.0613463 -0.0659426 67.4866 -0.0636067 0.997438 -0.0327401 -9.68377 0.0637652 0.0368014 0.997286 185.259 
0.995826 0.061504 -0.0674393 67.4099 -0.0636229 0.997531 -0.0297314 -9.71645 0.0654443 0.0338979 0.99728 186.122 
0.99593 0.0582876 -0.068751 67.3457 -0.0607324 0.997574 -0.0340194 -9.7483 0.0666014 0.0380562 0.997054 186.957 
0.996037 0.0573202 -0.0680018 67.2588 -0.0602062 0.997336 -0.0411755 -9.77953 0.0654605 0.0451064 0.996835 187.8 
0.995657 0.0636039 -0.067976 67.1773 -0.066503 0.996932 -0.0412693 -9.82084 0.0651426 0.0456106 0.996833 188.628 
0.995505 0.0655968 -0.0683165 67.1054 -0.0683563 0.996904 -0.0388669 -9.85894 0.0655555 0.043362 0.996906 189.452 
0.995183 0.0682856 -0.070334 67.034 -0.0709287 0.996839 -0.0357891 -9.90151 0.0676679 0.0406054 0.996881 190.29 
0.995011 0.0702829 -0.0708034 66.962 -0.0728611 0.996745 -0.0345097 -9.93181 0.0681476 0.0394962 0.996893 191.116 
0.994752 0.0726025 -0.0720864 66.8874 -0.0751921 0.996593 -0.0338796 -9.97453 0.0693812 0.039122 0.996823 191.948 
0.994827 0.0723229 -0.0713321 66.7987 -0.0750978 0.996489 -0.0370135 -10.0213 0.0684048 0.0421788 0.996766 192.753 
0.99455 0.0738172 -0.0736243 66.736 -0.0770959 0.996108 -0.0427269 -10.0552 0.0701838 0.0481701 0.99637 193.545 
