1 -4.23778e-08 4.22719e-08 0 -4.23778e-08 1 -4.19404e-08 0 4.22719e-08 -4.19404e-08 1 0 
0.999164 -0.0010255 0.0408771 0.308768 0.00113684 0.999996 -0.00270283 0.00535171 -0.040874 0.00274696 0.99916 1.45867 
0.99621 -0.00522486 0.0868272 0.382795 0.00595738 0.999949 -0.00818068 0.0150502 -0.0867799 0.00866685 0.99619 2.43127 
0.991321 -0.00683468 0.131284 0.509202 0.00849087 0.999891 -0.0120604 -0.0178273 -0.131187 0.0130704 0.991271 3.42505 
0.98402 -0.00351953 0.178024 0.459531 0.00611671 0.999883 -0.0140427 -0.0335111 -0.177954 0.0149072 0.983926 4.21278 
0.974593 -0.00792606 0.223842 0.604534 0.0115234 0.999824 -0.0147694 0.00775629 -0.223686 0.0169735 0.974513 5.18491 
0.963298 -0.00905535 0.268282 0.88426 0.0136403 0.999791 -0.0152312 -0.034236 -0.268088 0.0183315 0.96322 6.17283 
0.9502 -0.0135203 0.311348 1.15681 0.019647 0.99967 -0.0165501 -0.13019 -0.311022 0.0218429 0.950152 7.08306 
0.935552 -0.0158556 0.352833 1.51065 0.0237758 0.999553 -0.0181249 -0.158528 -0.352388 0.0253456 0.935511 8.03789 
0.918191 -0.0163247 0.395802 1.92003 0.0258422 0.999491 -0.018726 -0.178101 -0.395295 0.0274224 0.918145 8.99114 
0.898251 -0.016424 0.439176 2.37704 0.0262202 0.999524 -0.0162491 -0.199951 -0.4387 0.026111 0.898254 10.0762 
0.876971 -0.017055 0.48024 2.85572 0.0276281 0.999506 -0.0149563 -0.227584 -0.479747 0.0263843 0.87701 10.8998 
0.85297 -0.0169638 0.521683 3.32194 0.0277876 0.99953 -0.0129319 -0.26654 -0.521219 0.0255268 0.853041 11.7335 
0.827163 -0.0177529 0.561681 3.81663 0.0300901 0.999466 -0.0127228 -0.29421 -0.561156 0.0274248 0.827256 12.5731 
0.799964 -0.0195722 0.599728 4.37429 0.0328293 0.999398 -0.0111749 -0.349315 -0.599149 0.0286281 0.800126 13.3426 
0.771375 -0.0191353 0.636093 4.96115 0.0335461 0.999381 -0.0106168 -0.402947 -0.635496 0.029528 0.771539 14.1127 
0.740421 -0.0221638 0.671778 5.60515 0.037794 0.999248 -0.00868805 -0.42154 -0.67108 0.031822 0.740702 14.8337 
0.70761 -0.0205231 0.706305 6.30196 0.0374729 0.999261 -0.00850683 -0.441673 -0.705609 0.0324868 0.707857 15.5506 
0.673762 -0.0191472 0.738701 6.95263 0.0382146 0.999229 -0.00895521 -0.463374 -0.73796 0.0342628 0.673974 16.1769 
0.637848 -0.020618 0.769886 7.67454 0.0436755 0.999001 -0.00943125 -0.472815 -0.768923 0.0396408 0.638112 16.789 
0.600656 -0.0174367 0.799317 8.55062 0.0420112 0.999069 -0.00977571 -0.476404 -0.798403 0.0394521 0.60083 17.4072 
0.561794 -0.015764 0.827127 9.37823 0.0447686 0.998933 -0.0113691 -0.478488 -0.826065 0.0434164 0.5619 18.0144 
0.523302 -0.0153601 0.852009 10.2538 0.0505297 0.998637 -0.0130319 -0.515358 -0.850648 0.0498713 0.523365 18.5262 
0.483285 -0.0141817 0.875348 11.1497 0.0518778 0.998576 -0.012464 -0.521408 -0.873925 0.0514348 0.483332 19.0754 
0.443989 -0.015438 0.895899 12.0409 0.056483 0.998345 -0.0107886 -0.539429 -0.89425 0.0553931 0.444126 19.5428 
0.405663 -0.0164364 0.913875 12.9032 0.0595891 0.998187 -0.00849848 -0.573539 -0.912078 0.0579045 0.405906 19.9476 
0.370656 -0.0149312 0.92865 13.8187 0.0624501 0.998008 -0.00887966 -0.596804 -0.926668 0.0612856 0.370851 20.3207 
0.338238 -0.0157536 0.940929 14.7869 0.0635363 0.997961 -0.00613117 -0.62623 -0.938913 0.0618569 0.33855 20.6824 
0.304973 -0.0164185 0.952219 15.8868 0.0666233 0.99777 -0.00413412 -0.622242 -0.950028 0.0647008 0.305387 21.006 
0.272638 -0.0159833 0.961984 16.9501 0.06726 0.997732 -0.00248509 -0.635619 -0.959763 0.0653806 0.273094 21.2691 
0.240564 -0.0131636 0.970544 17.9651 0.0653574 0.997858 -0.00266584 -0.659838 -0.96843 0.0640735 0.240909 21.5275 
0.211387 -0.0113682 0.977336 19.1389 0.064723 0.9979 -0.0023916 -0.682316 -0.975257 0.0637617 0.211679 21.6743 
0.181049 -0.0113436 0.983409 20.1536 0.0668267 0.997764 -0.000793949 -0.691578 -0.981201 0.0658617 0.181402 21.8596 
0.150963 -0.0108641 0.98848 21.2389 0.0689543 0.99762 0.000433594 -0.701003 -0.986132 0.0680945 0.151352 22.0484 
0.11914 -0.0121856 0.992803 22.1919 0.0673132 0.997723 0.00416801 -0.740353 -0.990593 0.0663321 0.119689 22.2097 
0.0899681 -0.0119866 0.995872 23.3186 0.0674747 0.997703 0.0059128 -0.736833 -0.993656 0.0666642 0.0905703 22.3109 
0.0645944 -0.0118521 0.997841 24.4082 0.0702418 0.997503 0.00730099 -0.738614 -0.995436 0.0696186 0.0652656 22.3605 
0.0375142 -0.0107614 0.999238 25.7271 0.0729726 0.997302 0.00800089 -0.711826 -0.996628 0.0726169 0.0381982 22.4695 
0.014872 -0.0106607 0.999832 26.9632 0.0772651 0.996965 0.00948075 -0.705787 -0.9969 0.0771111 0.0156505 22.5049 
-0.00647354 -0.0112186 0.999916 28.115 0.0828258 0.996495 0.0117163 -0.699739 -0.996543 0.0828947 -0.00552167 22.5258 
-0.0252378 -0.0119611 0.99961 29.1148 0.0865396 0.996148 0.0141045 -0.703083 -0.995929 0.0868618 -0.0241055 22.5045 
-0.0434099 -0.0118961 0.998986 30.1443 0.0892224 0.995887 0.0157362 -0.674571 -0.995065 0.0898151 -0.04217 22.4703 
-0.0581416 -0.0125534 0.998229 31.3116 0.0927811 0.995525 0.0179234 -0.654365 -0.993987 0.0936589 -0.0567167 22.4134 
-0.0728309 -0.0136957 0.99725 32.3238 0.0907231 0.995669 0.0202996 -0.669027 -0.993209 0.091952 -0.071273 22.3513 
-0.086207 -0.0141206 0.996177 33.5768 0.0910276 0.995605 0.0219898 -0.641608 -0.99211 0.0925753 -0.0845429 22.2926 
-0.098914 -0.0100376 0.995045 34.8294 0.0895976 0.995798 0.0189517 -0.609036 -0.991054 0.0910282 -0.097599 22.2221 
-0.111569 -0.00626255 0.993737 36.2075 0.0896547 0.995839 0.0163415 -0.600252 -0.989704 0.0909164 -0.110544 22.2452 
-0.121707 -0.00373893 0.992559 37.5544 0.0922348 0.995623 0.0150601 -0.568327 -0.988271 0.0933814 -0.120829 22.1003 
-0.131379 -0.00195939 0.99133 38.7991 0.0902805 0.995819 0.0139329 -0.538431 -0.987213 0.0913283 -0.130653 22.0262 
-0.138068 -0.00221062 0.99042 40.1397 0.0896275 0.995867 0.014717 -0.543555 -0.986359 0.0908008 -0.137299 21.8709 
-0.144596 -0.00150318 0.989489 41.3327 0.0902675 0.995809 0.0147037 -0.556003 -0.985365 0.0914448 -0.143855 21.7423 
-0.150231 0.00118311 0.98865 42.768 0.0884947 0.996001 0.0122553 -0.528745 -0.984682 0.0893315 -0.149735 21.5628 
-0.154349 0.00226162 0.988014 44.1168 0.0894432 0.995923 0.0116932 -0.497019 -0.983959 0.090176 -0.153922 21.3651 
-0.158599 -0.00138599 0.987342 45.4841 0.0875176 0.996043 0.0154563 -0.616874 -0.983457 0.0888612 -0.15785 21.1731 
-0.161423 -0.00263607 0.986882 47.303 0.0885936 0.99592 0.0171513 -0.552517 -0.982901 0.0902001 -0.160531 20.9215 
-0.16397 -0.00505777 0.986452 49.3158 0.0839157 0.996291 0.0190568 -0.525562 -0.982889 0.0859036 -0.162938 20.5882 
-0.16508 -0.00486908 0.986268 50.8171 0.0865728 0.996056 0.0194077 -0.522559 -0.982473 0.0885878 -0.164007 20.3015 
-0.166199 -0.00671912 0.986069 52.2334 0.0859686 0.996071 0.021277 -0.565171 -0.982338 0.0883073 -0.164969 20.0543 
-0.166965 -0.0055024 0.985947 53.7064 0.0852741 0.996157 0.0200001 -0.552059 -0.982268 0.0874151 -0.165854 19.8367 
-0.169023 -0.00508088 0.985599 55.0397 0.084627 0.996219 0.0196484 -0.512597 -0.981972 0.0867293 -0.167954 19.6753 
-0.169412 -0.00317732 0.98554 56.457 0.0840186 0.996308 0.0176545 -0.49371 -0.981957 0.0857946 -0.168519 19.4924 
-0.167998 -0.00327227 0.985782 58.0817 0.0845224 0.996264 0.0177114 -0.465145 -0.982157 0.0862961 -0.167094 19.2246 
-0.16879 -0.00379189 0.985645 59.6249 0.0837836 0.996318 0.0181807 -0.429721 -0.982085 0.0856496 -0.167851 19.1262 
-0.167376 -0.0026811 0.985889 61.1649 0.0857885 0.996164 0.0172734 -0.416601 -0.982153 0.0874691 -0.166504 18.8748 
-0.167281 -0.0021295 0.985907 62.6977 0.0846107 0.996277 0.0165079 -0.396035 -0.982272 0.0861797 -0.166478 18.6587 
-0.166594 -0.00154046 0.986024 64.4614 0.0874426 0.996036 0.0163299 -0.408474 -0.982141 0.088941 -0.165799 18.4234 
-0.165797 -0.000969602 0.986159 66.1035 0.0882463 0.995973 0.0158155 -0.376764 -0.982203 0.0896471 -0.165044 18.1751 
-0.164638 -0.00240754 0.986351 67.7338 0.0892073 0.995862 0.0173209 -0.342103 -0.982312 0.0908414 -0.163742 17.9117 
-0.164657 -0.00420218 0.986342 69.4817 0.0896717 0.995786 0.0192119 -0.319268 -0.982266 0.0916104 -0.163586 17.6617 
-0.164919 -0.00212488 0.986305 71.3742 0.0900221 0.995791 0.0171977 -0.239098 -0.98219 0.0916255 -0.164034 17.4918 
-0.165659 0.00022396 0.986183 72.9904 0.0916293 0.995678 0.0151657 -0.223273 -0.981917 0.0928756 -0.164964 17.3043 
-0.165925 0.000282437 0.986138 74.5521 0.0920013 0.995643 0.0151947 -0.19739 -0.981837 0.0932472 -0.165228 17.1015 
-0.167269 0.00017609 0.985911 76.2602 0.0936448 0.995482 0.0157099 -0.203242 -0.981454 0.0949532 -0.16653 16.8652 
-0.167521 -2.47497e-05 0.985868 77.8895 0.094491 0.995396 0.0160811 -0.194029 -0.98133 0.0958497 -0.166748 16.625 
-0.167479 0.000851588 0.985875 79.5743 0.0954294 0.995318 0.0153516 -0.173333 -0.981246 0.0966526 -0.166776 16.3588 
-0.167586 0.00133678 0.985857 81.3919 0.0959993 0.995269 0.0149693 -0.129876 -0.981172 0.0971502 -0.166921 16.0841 
-0.166849 0.00214989 0.98598 83.1259 0.0967896 0.995203 0.0142088 -0.121463 -0.98122 0.0978034 -0.166257 15.8091 
-0.167421 0.00244458 0.985882 84.8772 0.0955777 0.995327 0.0137627 -0.113899 -0.981242 0.0965326 -0.166872 15.5336 
-0.167452 0.00352736 0.985874 86.6989 0.0965323 0.995247 0.0128352 -0.109313 -0.981143 0.097318 -0.166997 15.2388 
-0.168716 0.00467608 0.985654 88.5689 0.0963819 0.995275 0.011776 -0.0928464 -0.980941 0.096986 -0.168369 14.9506 
-0.168616 0.00413651 0.985673 90.322 0.095643 0.995341 0.0121842 -0.0875372 -0.981031 0.0963272 -0.168226 14.6645 
-0.170053 0.00394729 0.985427 92.0804 0.0957689 0.995325 0.0125396 -0.0921506 -0.98077 0.0965056 -0.169636 14.3744 
-0.170259 0.00262708 0.985396 93.9009 0.0927964 0.995595 0.0133792 -0.08082 -0.98102 0.0937191 -0.169753 14.0977 
-0.171935 0.00302707 0.985104 95.6587 0.0940821 0.995475 0.0133616 -0.108792 -0.980605 0.0949779 -0.171442 13.8186 
-0.172643 0.00422845 0.984975 97.6007 0.0944577 0.995453 0.0122827 -0.0893997 -0.980445 0.095159 -0.172258 13.4738 
-0.176987 0.0046429 0.984202 99.348 0.0932747 0.995567 0.0120768 -0.0989214 -0.979783 0.0939387 -0.176635 13.1887 
-0.180065 0.00447259 0.983645 101.211 0.0922611 0.995658 0.0123619 -0.0922036 -0.979318 0.0929781 -0.179695 12.8634 
-0.184366 0.0033691 0.982852 103.061 0.0898003 0.995869 0.0134311 -0.0869855 -0.978747 0.0907366 -0.183907 12.5232 
-0.189795 0.00467309 0.981812 104.939 0.0878674 0.996057 0.0122448 -0.0970005 -0.977884 0.0885934 -0.189457 12.2142 
-0.194364 0.00584991 0.980912 106.835 0.0880136 0.996053 0.0114993 -0.104601 -0.976973 0.0885686 -0.194112 11.8767 
-0.199533 0.00673555 0.979868 108.602 0.0874494 0.996109 0.0109603 -0.148949 -0.975981 0.0878758 -0.199346 11.5926 
-0.200604 0.00671673 0.979649 110.534 0.0866258 0.996181 0.0109083 -0.140109 -0.975835 0.0870512 -0.20042 11.1305 
-0.205566 0.00526562 0.978629 112.465 0.0843671 0.996358 0.0123606 -0.18077 -0.975 0.085105 -0.205261 10.7669 
-0.211709 0.0046758 0.977322 114.346 0.0826537 0.996492 0.013137 -0.185879 -0.973831 0.0835605 -0.211352 10.4205 
-0.217523 0.00417412 0.976046 116.328 0.0833532 0.996417 0.0143149 -0.174486 -0.972489 0.0844704 -0.217092 9.99784 
-0.222726 0.00466802 0.97487 118.254 0.0852318 0.996253 0.0147022 -0.1596 -0.971148 0.0863645 -0.22229 9.58213 
-0.226568 0.00589068 0.973977 120.188 0.0867786 0.996127 0.0141619 -0.16195 -0.970122 0.087729 -0.226202 9.10925 
-0.232831 0.0074324 0.972489 122.132 0.0895652 0.995885 0.0138322 -0.174057 -0.968384 0.0903217 -0.232539 8.70101 
-0.23878 0.00679165 0.97105 124.121 0.090082 0.995818 0.0151861 -0.171396 -0.966886 0.0911002 -0.238393 8.23884 
-0.243971 0.00648122 0.969761 126.188 0.0875135 0.996045 0.0153596 -0.152971 -0.965826 0.0886145 -0.243574 7.75564 
-0.249037 0.00757207 0.968464 128.214 0.0877856 0.99603 0.0147861 -0.142141 -0.964507 0.0886995 -0.248713 7.25379 
-0.252955 0.00904919 0.967436 130.213 0.088281 0.996 0.0137664 -0.120117 -0.963442 0.0888884 -0.252742 6.72146 
-0.257695 0.00747504 0.966197 132.241 0.0891604 0.995887 0.0160752 -0.15305 -0.962104 0.0902891 -0.257302 6.22669 
-0.261759 0.00827698 0.965098 134.167 0.0908929 0.99573 0.0161127 -0.104022 -0.960844 0.0919382 -0.261394 5.72105 
-0.264397 0.0100827 0.964361 135.992 0.0956808 0.995286 0.0158266 -0.132115 -0.959656 0.0964554 -0.264116 5.22378 
-0.266968 0.0116158 0.963635 137.944 0.0966006 0.995214 0.0147659 -0.0830733 -0.958852 0.0970298 -0.266812 4.72525 
-0.270406 0.0106666 0.962687 140.002 0.0938504 0.995468 0.0153314 -0.0657028 -0.958161 0.0944943 -0.270181 4.19264 
-0.273603 0.0106287 0.961784 142.052 0.0919136 0.995652 0.0151441 -0.0729276 -0.957441 0.0925445 -0.27339 3.65201 
-0.276894 0.011725 0.960829 144.034 0.0916766 0.995687 0.0142692 -0.0723296 -0.956517 0.0920366 -0.276775 3.08115 
-0.280508 0.0114415 0.959783 146.005 0.0945715 0.995393 0.0157736 -0.0890354 -0.955181 0.0951928 -0.280298 2.5256 
-0.284638 0.0122178 0.958557 148.042 0.0951739 0.995339 0.0155747 -0.0953955 -0.953899 0.0956628 -0.284474 1.96157 
-0.289722 0.0134599 0.957016 150.026 0.0969183 0.995174 0.0153439 -0.0801596 -0.952191 0.0971978 -0.289629 1.44089 
-0.293066 0.0149279 0.955976 152.14 0.0973999 0.995142 0.0143195 -0.0548096 -0.951118 0.0973085 -0.293096 0.801453 
-0.298103 0.0136043 0.954437 154.1 0.0970616 0.995148 0.0161311 -0.069999 -0.949586 0.0974479 -0.297977 0.239278 
-0.304152 0.0131301 0.952533 156.069 0.0975849 0.995074 0.0174431 -0.105591 -0.947612 0.0982582 -0.303935 -0.296378 
-0.308016 0.0135523 0.951284 158.06 0.0990124 0.994925 0.0178851 -0.121814 -0.946215 0.0996979 -0.307795 -0.873549 
-0.311344 0.0152079 0.950175 160.108 0.0989074 0.99496 0.0164843 -0.0848939 -0.945136 0.0991117 -0.311279 -1.49518 
-0.314887 0.0163329 0.948988 161.906 0.100113 0.994846 0.0160965 -0.138902 -0.943834 0.100074 -0.314899 -2.01269 
-0.317671 0.0183864 0.948022 163.944 0.101953 0.994678 0.014872 -0.111315 -0.942704 0.101378 -0.317855 -2.66329 
-0.321017 0.0191539 0.94688 165.917 0.102003 0.994679 0.0144606 -0.141337 -0.941564 0.101226 -0.321263 -3.2829 
-0.325603 0.0196632 0.945302 167.886 0.102512 0.994624 0.0146205 -0.135121 -0.939933 0.101666 -0.325868 -3.8954 
-0.33063 0.019933 0.94355 169.906 0.102596 0.994611 0.0149392 -0.142199 -0.938167 0.101744 -0.330894 -4.54033 
-0.334069 0.0210886 0.942313 171.865 0.104625 0.994401 0.0148371 -0.151123 -0.936724 0.103546 -0.334405 -5.20227 
-0.338429 0.0207051 0.940764 173.87 0.106512 0.994175 0.0164359 -0.165774 -0.934944 0.105765 -0.338663 -5.8846 
-0.34058 0.0216721 0.939966 175.979 0.108262 0.993989 0.0163091 -0.136125 -0.933962 0.107317 -0.340879 -6.64411 
-0.343534 0.0208651 0.938908 177.97 0.105629 0.994268 0.0165529 -0.131565 -0.933181 0.104863 -0.343768 -7.3471 
-0.345441 0.0215534 0.938193 180.071 0.104016 0.994455 0.0154526 -0.127555 -0.932658 0.102925 -0.345768 -8.12401 
-0.348783 0.0230888 0.936919 181.878 0.10317 0.994567 0.013897 -0.142934 -0.931508 0.101509 -0.34927 -8.73344 
-0.352929 0.0241503 0.935338 184.01 0.101133 0.994795 0.0124748 -0.15078 -0.930168 0.0989966 -0.353534 -9.47645 
-0.356471 0.0259369 0.933946 186.37 0.100017 0.99493 0.0105443 -0.133606 -0.928938 0.0971696 -0.357257 -10.2785 
-0.360568 0.027728 0.932321 189.193 0.097807 0.995171 0.00822881 -0.0859816 -0.927591 0.0941546 -0.361539 -11.254 
-0.364661 0.0295057 0.930673 192.011 0.0956062 0.995402 0.0059031 -0.0450529 -0.926219 0.0911307 -0.365805 -12.2424 
-0.368752 0.0312698 0.929002 194.825 0.093415 0.995621 0.00356726 -0.0108514 -0.924822 0.0880982 -0.370058 -13.2438 
-0.372839 0.0330205 0.927308 197.634 0.0912335 0.995829 0.00122136 0.0165915 -0.9234 0.0850569 -0.374296 -14.2581 
-0.376922 0.0347575 0.925592 200.439 0.0890616 0.996025 -0.00113451 0.0372446 -0.921953 0.0820072 -0.37852 -15.2853 
-0.381002 0.0364808 0.923854 203.239 0.0868996 0.996211 -0.00350028 0.0510769 -0.920481 0.078949 -0.382728 -16.3253 
-0.385078 0.0381905 0.922093 206.034 0.0847475 0.996385 -0.00587589 0.0580575 -0.918985 0.0758824 -0.386922 -17.3781 
-0.38915 0.0398863 0.92031 208.824 0.0826053 0.996548 -0.00826125 0.0581559 -0.917463 0.0728076 -0.391101 -18.4436 
-0.39172 0.0402844 0.919202 210.95 0.0830429 0.996511 -0.00828359 0.0116382 -0.916329 0.0730884 -0.393699 -19.3317 
-0.395171 0.0405722 0.917711 212.974 0.0846974 0.996378 -0.00757905 -0.0589887 -0.914694 0.0747327 -0.397176 -20.1486 
-0.397827 0.0391467 0.916625 215.085 0.0848758 0.996375 -0.00571552 -0.118997 -0.913526 0.0755255 -0.399707 -20.9987 
-0.402519 0.038221 0.914613 216.997 0.0837739 0.996473 -0.00477327 -0.200033 -0.91157 0.0746994 -0.404302 -21.753 
-0.405178 0.0395106 0.913384 219.048 0.0849426 0.996371 -0.00541982 -0.256478 -0.910283 0.0753892 -0.407064 -22.6159 
-0.406072 0.0363329 0.913119 220.432 0.0811033 0.996699 -0.00359133 -0.415481 -0.910235 0.0725986 -0.407678 -23.5243 
-0.41097 0.0353242 0.910964 222.315 0.0794045 0.996838 -0.00283183 -0.562463 -0.908184 0.0711709 -0.412476 -24.1975 
-0.413717 0.0356473 0.909707 224.21 0.0794009 0.996838 -0.0029517 -0.632803 -0.906937 0.0710105 -0.415239 -25.0088 
-0.418173 0.0351933 0.907685 226.14 0.0779213 0.996956 -0.00275606 -0.702327 -0.905019 0.0695756 -0.419642 -25.7782 
-0.420804 0.0353628 0.906462 227.899 0.0774226 0.996994 -0.00295303 -0.746655 -0.903842 0.068938 -0.422277 -26.5942 
-0.424134 0.0351422 0.904917 229.928 0.0785311 0.99691 -0.00190732 -0.796211 -0.902188 0.0702552 -0.425583 -27.4632 
-0.42724 0.0336571 0.903512 231.881 0.0786781 0.9969 6.81055e-05 -0.881995 -0.900709 0.0711157 -0.428563 -28.3 
-0.432964 0.0317085 0.900853 233.679 0.0774036 0.996998 0.00210874 -1.00148 -0.898082 0.0706424 -0.434118 -29.0101 
-0.437753 0.0304704 0.898579 235.627 0.0744652 0.99722 0.00246111 -1.09101 -0.896006 0.0679902 -0.438805 -29.8045 
-0.440011 0.0305418 0.897473 237.74 0.0725045 0.997367 0.00160594 -1.09474 -0.895061 0.0657774 -0.441066 -30.831 
-0.445842 0.0283021 0.894664 239.883 0.0710746 0.997463 0.00386483 -1.16452 -0.892285 0.065311 -0.446723 -31.7551 
-0.449558 0.0285865 0.892793 242.074 0.0702209 0.997526 0.00341913 -1.17347 -0.890487 0.0642299 -0.450453 -32.8477 
-0.453707 0.027779 0.890717 244.11 0.0689311 0.997613 0.00399881 -1.20972 -0.888481 0.0632125 -0.454539 -33.8214 
-0.458479 0.0271724 0.88829 246.206 0.0688659 0.997613 0.00502765 -1.21419 -0.886033 0.063478 -0.459256 -34.8213 
-0.46218 0.0285613 0.886326 248.483 0.0671098 0.997741 0.00284307 -1.14085 -0.884243 0.0607952 -0.463053 -36.0227 
-0.466943 0.0286637 0.883822 250.499 0.0680624 0.997674 0.00360274 -1.20444 -0.881664 0.0618374 -0.467809 -36.9782 
-0.468956 0.0307752 0.882685 252.585 0.071689 0.997421 0.00331156 -1.22078 -0.880307 0.0648318 -0.469953 -38.1196 
-0.473595 0.0307746 0.880205 254.62 0.0720471 0.997394 0.00389308 -1.23177 -0.877791 0.0652599 -0.474578 -39.0536 
-0.47599 0.0318704 0.878873 256.691 0.0720481 0.997397 0.00285215 -1.22634 -0.876494 0.0646788 -0.477047 -40.1807 
-0.481297 0.0323724 0.87596 258.648 0.0710991 0.997467 0.00220248 -1.2744 -0.873669 0.06334 -0.482379 -41.1537 
-0.485395 0.0326071 0.873687 260.643 0.0725216 0.997362 0.00306794 -1.29839 -0.871282 0.0648503 -0.486479 -42.1815 
-0.488026 0.0360335 0.872085 262.648 0.0758268 0.99712 0.00123349 -1.26324 -0.869529 0.0667293 -0.489353 -43.2612 
-0.493433 0.0360484 0.869037 264.546 0.0761102 0.997098 0.00185424 -1.34767 -0.866448 0.0670575 -0.494744 -44.1726 
-0.49492 0.0346223 0.868248 265.789 0.0764964 0.997062 0.00384566 -1.45805 -0.865565 0.0683212 -0.496114 -45.0319 
-0.497749 0.0340714 0.866651 266.845 0.0771151 0.997009 0.00509364 -1.56594 -0.863886 0.0693673 -0.498888 -45.8123 
-0.500574 0.033524 0.865044 267.9 0.0777296 0.996954 0.0063436 -1.67211 -0.862197 0.070415 -0.501655 -46.5961 
-0.503394 0.0329799 0.863428 268.951 0.07834 0.996898 0.00759551 -1.77655 -0.860499 0.0714645 -0.504416 -47.3835 
-0.506208 0.0324393 0.861801 270 0.0789463 0.99684 0.00884936 -1.87926 -0.85879 0.0725156 -0.507169 -48.1743 
-0.509018 0.0319021 0.860165 271.047 0.0795483 0.99678 0.0101051 -1.98025 -0.857072 0.0735684 -0.509916 -48.9687 
-0.511822 0.0313683 0.858518 272.091 0.0801462 0.996718 0.0113628 -2.0795 -0.855345 0.0746228 -0.512657 -49.7664 
-0.514622 0.0308379 0.856862 273.133 0.08074 0.996655 0.0126224 -2.17702 -0.853607 0.0756788 -0.51539 -50.5677 
-0.51172 0.0258408 0.858763 273.731 0.0742108 0.997141 0.014216 -2.22157 -0.855941 0.0710042 -0.512175 -51.8304 
-0.510313 0.0224966 0.859694 274.439 0.0676924 0.997607 0.0140765 -2.1909 -0.85732 0.0653782 -0.510615 -53.0056 
-0.508883 0.0191617 0.860622 275.15 0.0611707 0.99803 0.0139489 -2.16461 -0.85866 0.0597433 -0.509053 -54.1796 
-0.507429 0.0158363 0.861548 275.863 0.0546462 0.99841 0.0138332 -2.14271 -0.859959 0.0540997 -0.507488 -55.3524 
-0.505952 0.0125205 0.862471 276.578 0.0481191 0.998747 0.0137293 -2.12517 -0.861218 0.0484477 -0.50592 -56.524 
-0.504451 0.00921445 0.863391 277.295 0.0415898 0.999042 0.0136373 -2.11198 -0.862438 0.0427877 -0.504351 -57.6942 
-0.502373 0.00574252 0.864632 277.941 0.039015 0.99911 0.016033 -2.10749 -0.86377 0.0417882 -0.50215 -58.7308 
-0.494045 0.00158102 0.869435 278.537 0.0300373 0.999432 0.0152508 -1.9747 -0.868917 0.0336501 -0.493812 -59.9269 
-0.485634 -0.00250187 0.874159 279.144 0.0210498 0.999672 0.0145551 -1.84938 -0.873909 0.0254693 -0.485422 -61.1182 
-0.481665 -0.00315058 0.87635 280.126 0.0183461 0.999738 0.0136776 -1.83809 -0.876163 0.0226656 -0.481481 -62.4933 
-0.477162 -0.00372321 0.878807 280.826 0.0221417 0.999623 0.0162572 -1.94456 -0.878536 0.0272156 -0.476899 -63.4678 
-0.471287 -0.00965962 0.881927 281.587 0.0134287 0.999745 0.0181261 -1.90346 -0.881878 0.0203857 -0.471037 -64.5212 
-0.477825 -0.0138498 0.878346 282.166 0.0133754 0.999645 0.0230387 -2.01358 -0.878353 0.0227567 -0.47747 -64.7673 
-0.475028 -0.0145803 0.87985 282.954 0.0133781 0.999627 0.0237879 -2.01903 -0.879869 0.0230707 -0.474656 -65.6435 
-0.476799 -0.0160918 0.878865 283.64 0.0120279 0.999619 0.024828 -2.01707 -0.87893 0.0224089 -0.476424 -66.1495 
-0.481425 -0.0177294 0.876308 284.359 0.0141564 0.999508 0.0279992 -2.08779 -0.876373 0.0258849 -0.480937 -66.5721 
-0.483701 -0.0154745 0.875096 284.942 0.019299 0.999412 0.02834 -2.13642 -0.87502 0.0305965 -0.483118 -66.8905 
-0.486737 -0.00718601 0.873519 285.429 0.0321432 0.999142 0.02613 -2.21162 -0.872957 0.0407962 -0.486088 -67.0562 
-0.487698 -0.0101992 0.872953 286.377 0.0329832 0.999003 0.0300987 -2.24532 -0.872389 0.0434718 -0.486875 -67.741 
-0.481392 -0.00984542 0.87645 287.369 0.0375903 0.998785 0.0318661 -2.22375 -0.875699 0.0482862 -0.480437 -68.6639 
-0.47712 -0.00454145 0.878826 288.767 0.0495331 0.998258 0.0320504 -2.23613 -0.877441 0.0588229 -0.476064 -69.792 
-0.476421 -0.00101951 0.879217 290.312 0.0639764 0.997308 0.0358233 -2.25432 -0.876886 0.0733161 -0.475073 -70.9901 
-0.476616 0.000452822 0.879111 291.604 0.0766269 0.996215 0.0410306 -2.27603 -0.875766 0.0869195 -0.474847 -71.955 
-0.478235 0.00157834 0.87823 292.905 0.0809782 0.995818 0.0423065 -2.2238 -0.874491 0.09135 -0.476362 -72.8479 
-0.481941 0.00411104 0.876194 294.202 0.095665 0.994258 0.0479544 -2.27505 -0.870966 0.106932 -0.479566 -73.7229 
-0.471663 0.0083604 0.881739 295.438 0.113355 0.992233 0.0512282 -2.26834 -0.874462 0.124112 -0.468947 -74.8345 
-0.473733 0.00970768 0.880615 296.502 0.117668 0.991671 0.0523682 -2.21113 -0.872772 0.128428 -0.47093 -75.4785 
-0.475896 0.00950338 0.87945 297.538 0.115501 0.991957 0.0517818 -2.15261 -0.871884 0.12622 -0.473166 -76.0778 
-0.482585 0.00972739 0.875795 298.627 0.11794 0.991553 0.053975 -2.14835 -0.867872 0.129339 -0.479656 -76.662 
-0.490239 0.00783401 0.871553 299.655 0.11042 0.992461 0.053189 -2.07631 -0.864565 0.122312 -0.487408 -77.2207 
-0.495951 0.0067058 0.868325 300.75 0.104706 0.993136 0.0521339 -1.98073 -0.862015 0.116775 -0.493249 -77.9164 
-0.501635 0.00554104 0.865062 301.841 0.0989958 0.993778 0.0510404 -1.88694 -0.859396 0.111241 -0.499062 -78.6197 
-0.507291 0.0043398 0.861764 302.928 0.0932895 0.994387 0.0499086 -1.79498 -0.85671 0.105712 -0.504849 -79.3304 
-0.512919 0.00310217 0.858431 304.01 0.0875875 0.994964 0.0487386 -1.70491 -0.853957 0.100187 -0.510608 -80.0486 
-0.518519 0.00182826 0.855064 305.086 0.0818903 0.995507 0.0475304 -1.61678 -0.851136 0.0946668 -0.516339 -80.7741 
-0.524089 0.000518144 0.851663 306.159 0.0761982 0.996018 0.0462841 -1.53063 -0.848248 0.0891522 -0.522041 -81.507 
-0.52963 -0.000828068 0.848228 307.226 0.0705116 0.996495 0.0449999 -1.44652 -0.845293 0.0836432 -0.527715 -82.2471 
-0.535141 -0.00221028 0.84476 308.288 0.0648311 0.99694 0.0436778 -1.3645 -0.842271 0.0781405 -0.53336 -82.9945 
-0.540622 -0.00362838 0.841258 309.346 0.059157 0.997351 0.0423179 -1.28461 -0.839183 0.0726443 -0.538975 -83.7491 
-0.546072 -0.00508227 0.837723 310.398 0.0534897 0.99773 0.0409203 -1.2069 -0.836029 0.067155 -0.54456 -84.5109 
-0.55149 -0.00657184 0.834155 311.445 0.0478298 0.998075 0.0394852 -1.13143 -0.832809 0.0616732 -0.550114 -85.2798 
-0.556878 -0.00809698 0.830555 312.488 0.0421775 0.998387 0.0380126 -1.05824 -0.829523 0.0561991 -0.555638 -86.0558 
-0.562233 -0.00965757 0.826922 313.525 0.0365333 0.998665 0.0365027 -0.987381 -0.826171 0.0507333 -0.56113 -86.8388 
-0.566075 -0.00109357 0.824353 315.461 0.046459 0.998367 0.0332273 -0.99017 -0.823043 0.0571078 -0.5651 -88.066 
-0.567447 0.00866109 0.823365 317.165 0.0564797 0.997999 0.0284266 -0.919368 -0.821471 0.062634 -0.5668 -89.2833 
-0.56579 -0.00253996 0.824546 317.985 0.0525967 0.997847 0.0391647 -0.763167 -0.82287 0.0655273 -0.564438 -90.819 
-0.564089 -0.0126453 0.825617 318.728 0.0453014 0.997903 0.0462354 -0.457613 -0.82447 0.0634826 -0.562333 -92.501 
-0.561416 -0.0180107 0.827338 319.441 0.0384482 0.998116 0.0478186 -0.168985 -0.82664 0.0586557 -0.559666 -94.1506 
-0.557476 -0.0239865 0.829847 320.139 0.031508 0.998251 0.0500206 0.113275 -0.829595 0.0540321 -0.555745 -95.925 
-0.553481 -0.0299397 0.832323 320.845 0.0245773 0.998331 0.0522546 0.391511 -0.832499 0.0493782 -0.551822 -97.6972 
-0.549432 -0.0358699 0.834768 321.558 0.0176564 0.998356 0.0545204 0.665776 -0.835351 0.0446943 -0.547896 -99.467 
-0.54533 -0.0417765 0.837179 322.278 0.010746 0.998327 0.0568178 0.936122 -0.838152 0.0399808 -0.543969 -101.235 
-0.541175 -0.0476593 0.839558 323.006 0.0038466 0.998242 0.0591467 1.2026 -0.840901 0.0352382 -0.54004 -103 
-0.536967 -0.0535175 0.841904 323.74 -0.00304128 0.998102 0.0615068 1.46527 -0.843598 0.0304667 -0.53611 -104.762 
-0.532706 -0.059351 0.844217 324.483 -0.00991709 0.997907 0.063898 1.72417 -0.846242 0.0256667 -0.532179 -106.522 
-0.528393 -0.065159 0.846496 325.232 -0.0167803 0.997657 0.0663201 1.97937 -0.848834 0.0208386 -0.528248 -108.28 
-0.524027 -0.0709413 0.848742 325.989 -0.0236304 0.997352 0.068773 2.23091 -0.851373 0.0159828 -0.524316 -110.035 
-0.519611 -0.0766974 0.850954 326.753 -0.0304668 0.996993 0.0712563 2.47885 -0.85386 0.0110997 -0.520385 -111.787 
-0.515143 -0.0824267 0.853132 327.524 -0.037289 0.996578 0.0737699 2.72325 -0.856293 0.00618965 -0.516453 -113.537 
-0.510624 -0.088129 0.855276 328.303 -0.0440964 0.996108 0.0763137 2.96415 -0.858673 0.00125301 -0.512523 -115.284 
-0.506054 -0.0938036 0.857385 329.089 -0.0508886 0.995584 0.0788874 3.20161 -0.860999 -0.00370983 -0.508593 -117.028 
-0.501435 -0.0994502 0.859461 329.883 -0.057665 0.995004 0.0814908 3.4357 -0.863272 -0.00869846 -0.504665 -118.769 
-0.496765 -0.105068 0.861501 330.684 -0.064425 0.99437 0.0841237 3.66645 -0.86549 -0.0137125 -0.500738 -120.507 
-0.492046 -0.110658 0.863507 331.492 -0.0711682 0.993682 0.086786 3.89394 -0.867655 -0.0187516 -0.496813 -122.242 
-0.487278 -0.116218 0.865479 332.308 -0.077894 0.992938 0.0894773 4.11821 -0.869766 -0.0238153 -0.49289 -123.974 
-0.482461 -0.121748 0.867415 333.131 -0.0846019 0.99214 0.0921976 4.33931 -0.871822 -0.0289032 -0.488969 -125.703 
-0.477596 -0.127248 0.869316 333.961 -0.0912914 0.991287 0.0949465 4.55732 -0.873824 -0.034015 -0.485052 -127.429 
-0.472683 -0.132717 0.871181 334.799 -0.0979619 0.99038 0.0977239 4.77228 -0.875771 -0.0391502 -0.481137 -129.152 
-0.467722 -0.138155 0.873011 335.644 -0.104613 0.989419 0.10053 4.98424 -0.877663 -0.0443084 -0.477226 -130.871 
-0.462714 -0.143562 0.874806 336.497 -0.111244 0.988403 0.103363 5.19327 -0.8795 -0.0494892 -0.473319 -132.587 
-0.45766 -0.148937 0.876564 337.357 -0.117855 0.987333 0.106225 5.39943 -0.881282 -0.0546923 -0.469415 -134.3 
-0.452559 -0.154279 0.878287 338.224 -0.124444 0.986209 0.109114 5.60277 -0.883009 -0.0599173 -0.465516 -136.009 
-0.447411 -0.159589 0.879974 339.099 -0.131012 0.98503 0.11203 5.80334 -0.88468 -0.0651636 -0.461622 -137.715 
-0.442219 -0.164866 0.881625 339.981 -0.137558 0.983798 0.114974 6.00121 -0.886296 -0.0704309 -0.457732 -139.418 
-0.436981 -0.170109 0.883239 340.87 -0.144081 0.982512 0.117944 6.19644 -0.887856 -0.0757189 -0.453848 -141.117 
-0.431698 -0.175318 0.884817 341.767 -0.150582 0.981172 0.120942 6.38907 -0.88936 -0.081027 -0.449969 -142.812 
-0.426371 -0.180493 0.886358 342.672 -0.157058 0.979778 0.123965 6.57918 -0.890809 -0.0863549 -0.446096 -144.504 
-0.420999 -0.185633 0.887863 343.583 -0.163511 0.978331 0.127015 6.76682 -0.892201 -0.0917021 -0.44223 -146.192 
-0.415585 -0.190737 0.88933 344.502 -0.169939 0.97683 0.130091 6.95204 -0.893538 -0.0970683 -0.438369 -147.876 
-0.410127 -0.195806 0.890761 345.429 -0.176342 0.975276 0.133192 7.13492 -0.894818 -0.102453 -0.434516 -149.557 
-0.404626 -0.20084 0.892155 346.362 -0.182719 0.973669 0.136319 7.3155 -0.896042 -0.107856 -0.430669 -151.234 
-0.399083 -0.205836 0.893512 347.303 -0.189071 0.972008 0.139472 7.49384 -0.897209 -0.113276 -0.42683 -152.907 
-0.393498 -0.210796 0.894832 348.252 -0.195395 0.970295 0.142649 7.67001 -0.89832 -0.118714 -0.422998 -154.575 
-0.387872 -0.215719 0.896114 349.208 -0.201693 0.968528 0.145851 7.84407 -0.899375 -0.124168 -0.419174 -156.24 
-0.382205 -0.220605 0.897359 350.171 -0.207963 0.966709 0.149077 8.01607 -0.900372 -0.129639 -0.415359 -157.901 
-0.376498 -0.225452 0.898566 351.141 -0.214205 0.964838 0.152328 8.18607 -0.901313 -0.135126 -0.411552 -159.558 
-0.37075 -0.230261 0.899736 352.119 -0.220419 0.962914 0.155603 8.35414 -0.902197 -0.140629 -0.407754 -161.211 
-0.364962 -0.235032 0.900868 353.104 -0.226603 0.960938 0.158901 8.52034 -0.903025 -0.146146 -0.403965 -162.86 
-0.359136 -0.239763 0.901962 354.096 -0.232758 0.958909 0.162223 8.68472 -0.903795 -0.151679 -0.400186 -164.504 
-0.353271 -0.244455 0.903018 355.096 -0.238883 0.956829 0.165569 8.84735 -0.904508 -0.157225 -0.396416 -166.144 
-0.347367 -0.249107 0.904036 356.102 -0.244977 0.954697 0.168937 9.00829 -0.905164 -0.162785 -0.392656 -167.78 
-0.341426 -0.253719 0.905017 357.116 -0.251041 0.952513 0.172328 9.16759 -0.905763 -0.168359 -0.388906 -169.412 
-0.335447 -0.258291 0.905959 358.138 -0.257073 0.950278 0.175741 9.32533 -0.906305 -0.173946 -0.385167 -171.039 
-0.329431 -0.262822 0.906863 359.166 -0.263073 0.947992 0.179176 9.48155 -0.90679 -0.179545 -0.381439 -172.662 
-0.323379 -0.267311 0.907728 360.202 -0.269041 0.945654 0.182634 9.63633 -0.907217 -0.185156 -0.377723 -174.28 
-0.317291 -0.271759 0.908556 361.245 -0.274976 0.943266 0.186113 9.78972 -0.907587 -0.190779 -0.374017 -175.894 
-0.311168 -0.276165 0.909344 362.295 -0.280878 0.940826 0.189613 9.94178 -0.9079 -0.196413 -0.370323 -177.503 
-0.305009 -0.280529 0.910095 363.353 -0.286746 0.938337 0.193134 10.0926 -0.908155 -0.202058 -0.366642 -179.108 
-0.298816 -0.28485 0.910807 364.417 -0.29258 0.935797 0.196677 10.2422 -0.908353 -0.207714 -0.362973 -180.708 
-0.292589 -0.289129 0.91148 365.489 -0.298379 0.933206 0.200239 10.3906 -0.908494 -0.213379 -0.359316 -182.304 
-0.286329 -0.293364 0.912115 366.567 -0.304143 0.930566 0.203822 10.538 -0.908577 -0.219053 -0.355672 -183.894 
-0.280035 -0.297555 0.912711 367.653 -0.309871 0.927876 0.207425 10.6844 -0.908603 -0.224737 -0.352042 -185.48 
-0.273709 -0.301703 0.913268 368.746 -0.315564 0.925137 0.211048 10.8298 -0.908572 -0.230429 -0.348425 -187.062 
-0.267351 -0.305806 0.913787 369.846 -0.32122 0.922348 0.21469 10.9743 -0.908483 -0.236129 -0.344821 -188.638 
-0.260961 -0.309864 0.914267 370.953 -0.326839 0.91951 0.218351 11.118 -0.908337 -0.241837 -0.341232 -190.209 
-0.25454 -0.313878 0.914707 372.067 -0.332421 0.916623 0.222031 11.2609 -0.908133 -0.247552 -0.337657 -191.776 
-0.248089 -0.317847 0.915109 373.188 -0.337965 0.913688 0.22573 11.4031 -0.907872 -0.253274 -0.334097 -193.338 
-0.241607 -0.32177 0.915472 374.316 -0.343471 0.910704 0.229447 11.5447 -0.907554 -0.259002 -0.330551 -194.894 
-0.235096 -0.325647 0.915797 375.451 -0.348938 0.907672 0.233182 11.6857 -0.907178 -0.264736 -0.327021 -196.446 
-0.228556 -0.329478 0.916082 376.593 -0.354366 0.904592 0.236934 11.8262 -0.906745 -0.270476 -0.323506 -197.993 
-0.221987 -0.333263 0.916328 377.742 -0.359755 0.901464 0.240704 11.9662 -0.906255 -0.27622 -0.320007 -199.534 
-0.215391 -0.337001 0.916535 378.898 -0.365104 0.898289 0.244491 12.1058 -0.905708 -0.281969 -0.316523 -201.071 
-0.208766 -0.340692 0.916703 380.061 -0.370412 0.895067 0.248295 12.2451 -0.905103 -0.287722 -0.313056 -202.602 
-0.202115 -0.344336 0.916833 381.23 -0.37568 0.891797 0.252115 12.3841 -0.904441 -0.293479 -0.309606 -204.128 
-0.195437 -0.347932 0.916923 382.406 -0.380906 0.888481 0.255952 12.5229 -0.903723 -0.299239 -0.306172 -205.649 
-0.188734 -0.351481 0.916974 383.59 -0.386091 0.885119 0.259804 12.6616 -0.902947 -0.305002 -0.302756 -207.164 
-0.18624 -0.349482 0.918247 384.318 -0.382804 0.886553 0.259779 12.8816 -0.904862 -0.303127 -0.298895 -207.99 
-0.182638 -0.345254 0.920567 385.053 -0.377731 0.889096 0.25851 13.1342 -0.907724 -0.300513 -0.292796 -208.911 
-0.179006 -0.341032 0.922851 385.794 -0.372655 0.891613 0.257204 13.3893 -0.910541 -0.297864 -0.286691 -209.826 
-0.175343 -0.336816 0.9251 386.54 -0.367575 0.894105 0.255861 13.6466 -0.913314 -0.29518 -0.28058 -210.736 
-0.173245 -0.337295 0.925321 388.014 -0.366507 0.894129 0.257305 13.8218 -0.914144 -0.29456 -0.278524 -211.343 
-0.170954 -0.337764 0.925576 389.269 -0.365695 0.894054 0.258717 13.9367 -0.9149 -0.294249 -0.276361 -211.905 
-0.168662 -0.338234 0.925824 390.526 -0.364879 0.893978 0.260128 14.0538 -0.915651 -0.29394 -0.274195 -212.463 
-0.166537 -0.338827 0.925992 391.364 -0.363779 0.893972 0.261686 14.0365 -0.916477 -0.293276 -0.272138 -212.89 
-0.164819 -0.341309 0.925388 392.496 -0.365854 0.892444 0.263997 14.1586 -0.915962 -0.295045 -0.271961 -213.278 
-0.163094 -0.343785 0.924777 393.628 -0.367923 0.890906 0.266306 14.2833 -0.915441 -0.296814 -0.271788 -213.666 
-0.163372 -0.343756 0.924738 394.952 -0.366495 0.891402 0.266616 14.55 -0.915965 -0.295354 -0.271615 -214.161 
-0.160272 -0.346193 0.924372 397.486 -0.369272 0.889505 0.269109 15.2013 -0.915396 -0.298214 -0.270402 -214.882 
-0.156787 -0.347708 0.924401 399.975 -0.373057 0.887486 0.270549 15.8488 -0.914465 -0.302436 -0.268862 -215.58 
-0.156246 -0.344733 0.925606 401.938 -0.378538 0.886463 0.266255 16.4555 -0.912302 -0.308776 -0.269001 -216.176 
-0.154329 -0.343352 0.92644 404.139 -0.37678 0.887267 0.266069 17.0181 -0.913356 -0.308002 -0.2663 -216.837 
-0.150009 -0.342906 0.927315 406.278 -0.374755 0.887659 0.267619 17.5653 -0.914907 -0.307371 -0.261663 -217.484 
-0.146385 -0.343006 0.927857 408.358 -0.374793 0.887265 0.26887 18.1067 -0.915479 -0.308395 -0.258439 -218.046 
-0.148531 -0.345538 0.926576 411.018 -0.3682 0.888924 0.272474 18.8744 -0.917806 -0.300694 -0.25926 -218.718 
-0.151895 -0.351186 0.923903 413.766 -0.358449 0.890686 0.279629 19.6868 -0.921109 -0.288698 -0.261173 -219.407 
-0.147225 -0.351123 0.924682 416.397 -0.359688 0.88987 0.280636 20.4418 -0.921384 -0.29128 -0.257306 -220.216 
-0.141797 -0.350857 0.925631 418.59 -0.366893 0.887108 0.280051 21.1785 -0.919393 -0.299897 -0.254517 -220.731 
-0.13637 -0.350542 0.926566 420.783 -0.374075 0.884281 0.279489 21.9145 -0.917317 -0.308491 -0.251718 -221.241 
-0.130943 -0.350176 0.927486 422.979 -0.381233 0.88139 0.27895 22.65 -0.915159 -0.317062 -0.24891 -221.744 
-0.12658 -0.35189 0.927443 425.193 -0.381798 0.880218 0.281863 23.1862 -0.915537 -0.318418 -0.245769 -222.396 
-0.120512 -0.355611 0.926832 427.065 -0.383972 0.877667 0.286821 23.5951 -0.915447 -0.321312 -0.242314 -222.886 
-0.114431 -0.359306 0.926177 428.936 -0.386111 0.87509 0.291782 24.014 -0.915327 -0.324218 -0.23887 -223.369 
-0.114208 -0.360155 0.925875 430.734 -0.384088 0.875511 0.293186 24.3827 -0.916206 -0.322133 -0.238321 -223.91 
-0.109479 -0.361019 0.92611 432.994 -0.382771 0.87517 0.295913 25.0522 -0.917334 -0.322091 -0.234 -224.574 
-0.10539 -0.361578 0.926366 435.208 -0.380865 0.875199 0.298277 25.7755 -0.918605 -0.321385 -0.229949 -225.23 
-0.102007 -0.360782 0.927055 437.8 -0.380912 0.875057 0.298633 26.5968 -0.918967 -0.322664 -0.226688 -225.804 
-0.0981983 -0.360148 0.927712 440.46 -0.379435 0.875348 0.299657 27.4375 -0.919992 -0.322581 -0.222611 -226.461 
-0.0941201 -0.35944 0.928409 443.88 -0.37504 0.87665 0.30138 28.5339 -0.922218 -0.319825 -0.217315 -227.317 
-0.0900359 -0.358745 0.929083 447.302 -0.370632 0.877938 0.303079 29.6369 -0.924405 -0.31706 -0.212008 -228.153 
-0.0859458 -0.358061 0.929734 450.727 -0.36621 0.879213 0.304752 30.7464 -0.926554 -0.314286 -0.206691 -228.97 
-0.08185 -0.357391 0.930361 454.154 -0.361776 0.880476 0.3064 31.8621 -0.928665 -0.311503 -0.201362 -229.768 
-0.0777487 -0.356732 0.930966 457.584 -0.357328 0.881725 0.308022 32.9841 -0.930737 -0.308712 -0.196023 -230.546 
-0.0736421 -0.356086 0.931547 461.017 -0.352867 0.882961 0.309619 34.1123 -0.932771 -0.305911 -0.190674 -231.304 
-0.0695304 -0.355453 0.932105 464.452 -0.348394 0.884185 0.31119 35.2465 -0.934766 -0.303102 -0.185315 -232.042 
-0.0654136 -0.354832 0.932639 467.888 -0.343908 0.885395 0.312736 36.3867 -0.936722 -0.300285 -0.179946 -232.761 
-0.061292 -0.354223 0.93315 471.327 -0.33941 0.886591 0.314256 37.5327 -0.93864 -0.297459 -0.174568 -233.46 
-0.0571658 -0.353627 0.933638 474.768 -0.334899 0.887775 0.31575 38.6845 -0.940518 -0.294625 -0.16918 -234.139 
-0.053035 -0.353044 0.934102 478.211 -0.330377 0.888945 0.317219 39.8421 -0.942358 -0.291782 -0.163783 -234.798 
-0.0489 -0.352473 0.934543 481.656 -0.325843 0.890102 0.318661 41.0052 -0.944158 -0.288932 -0.158377 -235.438 
-0.0447607 -0.351915 0.934961 485.103 -0.321298 0.891245 0.320078 42.1737 -0.94592 -0.286074 -0.152962 -236.057 
-0.0406175 -0.351369 0.935355 488.551 -0.316741 0.892375 0.321469 43.3477 -0.947642 -0.283208 -0.147539 -236.657 
-0.0364705 -0.350837 0.935726 492.001 -0.312173 0.893491 0.322834 44.527 -0.949325 -0.280334 -0.142108 -237.237 
-0.0323199 -0.350316 0.936074 495.453 -0.307594 0.894594 0.324173 45.7115 -0.950969 -0.277453 -0.136668 -237.796 
-0.0281658 -0.349809 0.936397 498.906 -0.303004 0.895683 0.325485 46.9011 -0.952573 -0.274564 -0.131221 -238.336 
-0.0240084 -0.349314 0.936698 502.36 -0.298403 0.896758 0.326772 48.0957 -0.954138 -0.271668 -0.125766 -238.855 
-0.0198478 -0.348832 0.936975 505.815 -0.293792 0.89782 0.328032 49.2953 -0.955663 -0.268765 -0.120304 -239.355 
-0.0156843 -0.348363 0.937228 509.272 -0.289171 0.898868 0.329266 50.4996 -0.957149 -0.265855 -0.114835 -239.834 
-0.011518 -0.347907 0.937458 512.73 -0.28454 0.899902 0.330473 51.7087 -0.958595 -0.262938 -0.109358 -240.293 
-0.00734914 -0.347463 0.937665 516.189 -0.279899 0.900923 0.331654 52.9224 -0.960001 -0.260014 -0.103876 -240.732 
-0.0031778 -0.347033 0.937848 519.648 -0.275248 0.901929 0.332809 54.1407 -0.961368 -0.257083 -0.0983862 -241.151 
0.000995815 -0.346615 0.938007 523.109 -0.270588 0.902922 0.333937 55.3633 -0.962695 -0.254146 -0.0928905 -241.55 
0.00517153 -0.34621 0.938143 526.57 -0.265918 0.903901 0.335039 56.5903 -0.963982 -0.251202 -0.0873889 -241.928 
0.00934917 -0.345817 0.938255 530.032 -0.261239 0.904865 0.336114 57.8216 -0.965229 -0.248252 -0.0818814 -242.286 
0.0135286 -0.345438 0.938344 533.494 -0.256552 0.905816 0.337162 59.057 -0.966436 -0.245295 -0.0763685 -242.624 
0.0177096 -0.345072 0.938409 536.957 -0.251856 0.906753 0.338184 60.2964 -0.967603 -0.242333 -0.0708501 -242.941 
0.021892 -0.344719 0.938451 540.421 -0.247151 0.907675 0.339179 61.5398 -0.96873 -0.239364 -0.0653267 -243.238 
