1 2.12261e-08 -2.11895e-08 0 2.12261e-08 1 2.10703e-08 0 -2.11895e-08 2.10703e-08 1 0 
0.999996 -0.00219528 -0.0018029 -0.00836672 0.00219265 0.999997 -0.00148744 -0.00148351 0.00180612 0.00148352 0.999997 0.571513 
0.999997 -0.00172891 -0.00170288 -0.0610409 0.00172408 0.999994 -0.00286311 -0.019291 0.00170778 0.00286021 0.999994 1.137 
0.99999 -0.00237167 -0.00387623 -0.0573354 0.00235792 0.999991 -0.00355682 -0.0419141 0.00388458 0.00354768 0.999986 1.70461 
0.999969 -0.0046626 -0.00640047 -0.0539677 0.00462503 0.999972 -0.00587812 -0.0395032 0.00642765 0.00584837 0.999962 2.27905 
0.999945 -0.00774382 -0.00703113 -0.0872256 0.00769525 0.999947 -0.00691452 -0.0715554 0.00708425 0.00686008 0.999951 2.8333 
0.999934 -0.00812669 -0.00807483 -0.109932 0.00806611 0.999939 -0.00751137 -0.0805189 0.00813534 0.00744578 0.999939 3.39772 
0.999924 -0.00822424 -0.00920323 -0.127091 0.0081599 0.999942 -0.00701194 -0.091683 0.00926032 0.00693635 0.999933 3.983 
0.999904 -0.00938876 -0.0102286 -0.149397 0.0093214 0.999935 -0.006617 -0.121242 0.01029 0.00652106 0.999926 4.5678 
0.999914 -0.00862722 -0.00991891 -0.203439 0.0085428 0.999927 -0.00852619 -0.150642 0.0099917 0.00844076 0.999914 5.14625 
0.999919 -0.00644387 -0.0109699 -0.226854 0.00630613 0.999901 -0.012548 -0.165597 0.0110496 0.0124779 0.999861 5.77195 
0.999916 -0.00522415 -0.0118703 -0.255335 0.00502083 0.999841 -0.0170975 -0.170907 0.0119577 0.0170365 0.999783 6.40941 
0.999905 -0.00325854 -0.0133696 -0.270997 0.00302417 0.999842 -0.017516 -0.174989 0.0134245 0.017474 0.999757 7.02435 
0.999898 -0.000276951 -0.0142581 -0.316575 0.000129383 0.999946 -0.0103526 -0.193037 0.0142602 0.0103498 0.999845 7.65737 
0.99988 0.00113255 -0.0154441 -0.336178 -0.00113135 0.999999 8.3943e-05 -0.205452 0.0154441 -6.64179e-05 0.999881 8.31754 
0.999883 0.0016483 -0.0152055 -0.376354 -0.00154525 0.999976 0.00678415 -0.225232 0.0152162 -0.00675982 0.999861 8.97308 
0.999874 0.00348442 -0.0155186 -0.416169 -0.00339941 0.999979 0.00549832 -0.234308 0.0155374 -0.00544483 0.999865 9.65802 
0.999846 0.00598378 -0.0165231 -0.438594 -0.00601652 0.99998 -0.00193494 -0.243882 0.0165112 0.00203409 0.999862 10.349 
0.999819 0.00459176 -0.018447 -0.455372 -0.00473773 0.999958 -0.00787934 -0.247361 0.01841 0.00796535 0.999799 11.0337 
0.999797 0.00287017 -0.0199538 -0.474212 -0.00300042 0.999974 -0.0065028 -0.25217 0.0199346 0.0065614 0.99978 11.7489 
0.999793 0.00071109 -0.0203295 -0.497761 -0.000659006 0.999997 0.00256655 -0.252352 0.0203312 -0.00255258 0.99979 12.5201 
0.999781 -0.00118262 -0.0208834 -0.52828 0.00138796 0.999951 0.00981897 -0.255585 0.0208707 -0.00984576 0.999734 13.3092 
0.999772 -0.00156325 -0.0212793 -0.564165 0.00181187 0.99993 0.0116676 -0.248376 0.0212595 -0.0117035 0.999706 14.0974 
0.999747 -0.0051104 -0.0219193 -0.577663 0.00534458 0.999929 0.0106367 -0.255042 0.0218634 -0.0107512 0.999703 14.8887 
0.999766 -0.00435244 -0.0212119 -0.608696 0.00452081 0.999959 0.00789406 -0.259811 0.0211766 -0.00798806 0.999744 15.6943 
0.999781 -0.00126939 -0.0209002 -0.634652 0.00136697 0.999988 0.00465306 -0.26858 0.020894 -0.00468057 0.999771 16.522 
0.999787 -0.00465579 -0.0201162 -0.653898 0.00465155 0.999989 -0.000259759 -0.280791 0.0201171 0.000166175 0.999798 17.3437 
0.999777 -0.00518533 -0.0204866 -0.675014 0.0050454 0.999964 -0.00687791 -0.300746 0.0205214 0.00677305 0.999767 18.231 
0.999819 -0.00581223 -0.0181124 -0.731425 0.00559533 0.999912 -0.0120053 -0.312103 0.0181806 0.0119018 0.999764 19.1115 
0.999832 -0.00303054 -0.0180784 -0.763586 0.00278725 0.999905 -0.0134699 -0.323942 0.0181175 0.0134173 0.999746 20.017 
0.999814 -0.00351539 -0.0189657 -0.780892 0.00327951 0.999917 -0.0124558 -0.349389 0.0190079 0.0123913 0.999743 20.9491 
0.999809 -0.00148664 -0.0194847 -0.800402 0.00120263 0.999893 -0.0145819 -0.376917 0.0195042 0.0145558 0.999704 21.8834 
0.999808 0.00147859 -0.0195391 -0.837945 -0.00179492 0.999867 -0.0161841 -0.401039 0.0195125 0.0162161 0.999678 22.8327 
0.999781 0.00477714 -0.020396 -0.875147 -0.00513237 0.999835 -0.0174024 -0.423242 0.0203095 0.0175033 0.999641 23.7981 
0.999794 0.00670073 -0.0191646 -0.937403 -0.00703493 0.999823 -0.0174265 -0.45373 0.0190444 0.0175577 0.999665 24.7697 
0.999805 0.00626905 -0.0187255 -0.985059 -0.00660633 0.999816 -0.0180067 -0.477029 0.0186091 0.0181269 0.999663 25.7403 
0.999771 0.00679708 -0.0202814 -1.00446 -0.00716016 0.999814 -0.0178857 -0.512192 0.020156 0.0180268 0.999634 26.7273 
0.999771 0.00773276 -0.0199426 -1.05962 -0.00807047 0.999824 -0.0169118 -0.544583 0.0198083 0.0170689 0.999658 27.7326 
0.999767 0.00790735 -0.0200812 -1.10105 -0.00821293 0.999851 -0.0151829 -0.575928 0.0199581 0.0153444 0.999683 28.7533 
0.999712 0.00846338 -0.022446 -1.11623 -0.00879425 0.999854 -0.0146852 -0.600132 0.0223184 0.0148785 0.99964 29.7793 
0.999675 0.00847368 -0.0240564 -1.14389 -0.00884261 0.999844 -0.0152729 -0.63941 0.0239232 0.0154807 0.999594 30.8121 
0.999679 0.00996371 -0.0232989 -1.20627 -0.0103366 0.99982 -0.0159421 -0.67189 0.0231359 0.0161779 0.999601 31.8514 
0.999667 0.00962289 -0.0239472 -1.25051 -0.0099958 0.99983 -0.0155032 -0.701921 0.0237939 0.0157374 0.999593 32.8898 
0.999622 0.0122467 -0.024628 -1.30692 -0.0125637 0.99984 -0.0127594 -0.722242 0.0244678 0.013064 0.999615 33.9401 
0.999603 0.0143676 -0.0242484 -1.3706 -0.0145942 0.999851 -0.00919667 -0.75031 0.0241126 0.00954694 0.999664 34.9986 
0.999623 0.0136906 -0.0238084 -1.43307 -0.0138529 0.999882 -0.00666794 -0.783334 0.0237143 0.00699528 0.999694 36.059 
0.999579 0.0133824 -0.0257329 -1.44982 -0.0135628 0.999885 -0.00684695 -0.802251 0.0256382 0.00719312 0.999645 37.1406 
0.999572 0.0139833 -0.0257081 -1.50913 -0.0142064 0.999863 -0.00851954 -0.822664 0.0255854 0.00888115 0.999633 38.2196 
0.999565 0.0160748 -0.0247181 -1.59505 -0.016339 0.999811 -0.0105263 -0.826078 0.0245442 0.0109256 0.999639 39.3258 
0.999546 0.0157065 -0.0256985 -1.64675 -0.0159616 0.999825 -0.00975686 -0.84792 0.0255407 0.0101627 0.999622 40.4059 
0.9995 0.0173987 -0.0264052 -1.69435 -0.0176274 0.999809 -0.00845233 -0.870849 0.026253 0.0089136 0.999616 41.5091 
0.999482 0.016438 -0.0276848 -1.72939 -0.0166152 0.999843 -0.00618366 -0.899474 0.0275788 0.00664048 0.999598 42.6192 
0.999439 0.0186856 -0.0277976 -1.79854 -0.0188848 0.999798 -0.00692315 -0.922362 0.0276626 0.00744426 0.99959 43.6608 
0.999385 0.0206338 -0.0283597 -1.83685 -0.0209554 0.999719 -0.0110914 -0.95333 0.0281229 0.0116789 0.999536 44.7518 
0.999383 0.0214431 -0.0278194 -1.89994 -0.0218405 0.999663 -0.0140647 -0.991989 0.0275084 0.0146636 0.999514 45.8145 
0.999391 0.023616 -0.0256759 -1.97592 -0.024002 0.999602 -0.014833 -1.02608 0.0253153 0.0154403 0.99956 46.8839 
0.999361 0.024368 -0.0261502 -2.02408 -0.0246943 0.99962 -0.0122308 -1.06274 0.0258422 0.0128687 0.999583 47.9735 
0.99935 0.026447 -0.0245014 -2.09744 -0.026707 0.99959 -0.0103475 -1.09746 0.0242177 0.0109952 0.999646 49.0487 
0.999438 0.022983 -0.024398 -2.14706 -0.0232198 0.999686 -0.00946779 -1.11588 0.0241727 0.010029 0.999658 50.1593 
0.999442 0.0234396 -0.0238158 -2.19411 -0.0236809 0.999671 -0.00990129 -1.155 0.0235758 0.0104598 0.999667 51.2475 
0.999466 0.0222951 -0.0239025 -2.23112 -0.0225958 0.999668 -0.0123863 -1.17837 0.0236184 0.0129198 0.999638 52.3312 
0.999478 0.0221944 -0.0234873 -2.28172 -0.0225423 0.999639 -0.014653 -1.20611 0.0231535 0.0151749 0.999617 53.435 
0.999488 0.0217599 -0.0234516 -2.33698 -0.0221777 0.999597 -0.0177066 -1.23614 0.0230568 0.0182177 0.999568 54.5224 
0.999555 0.0194243 -0.0226322 -2.38602 -0.0199126 0.999569 -0.021556 -1.2659 0.0222037 0.0219971 0.999511 55.5987 
0.99958 0.0176244 -0.0230097 -2.41816 -0.0181595 0.999565 -0.0232603 -1.311 0.0225897 0.0236685 0.999465 56.6762 
0.999617 0.0165614 -0.0221874 -2.46219 -0.0170337 0.999629 -0.0212699 -1.35174 0.0218268 0.0216397 0.999528 57.7572 
0.999631 0.0158455 -0.0220486 -2.49907 -0.0161829 0.999753 -0.0152095 -1.38982 0.0218021 0.0155607 0.999641 58.8186 
0.999644 0.0156499 -0.0216124 -2.54629 -0.0158507 0.999833 -0.00915021 -1.41992 0.0214655 0.00948956 0.999725 59.9363 
0.999672 0.0131488 -0.0219936 -2.58557 -0.0133337 0.999877 -0.00828153 -1.45424 0.021882 0.0085721 0.999724 61.0417 
0.999715 0.0107626 -0.0213172 -2.63887 -0.0110001 0.999878 -0.0110581 -1.4849 0.0211955 0.0112895 0.999712 62.1448 
0.999742 0.0103534 -0.0202437 -2.72713 -0.0106419 0.999843 -0.0141973 -1.51314 0.0200935 0.0144091 0.999694 63.3091 
0.999692 0.0126306 -0.0213713 -2.74431 -0.0130139 0.999755 -0.0178964 -1.55496 0.02114 0.0181691 0.999611 64.408 
0.999687 0.0140773 -0.0206866 -2.80183 -0.0145292 0.999656 -0.0218597 -1.60238 0.0203717 0.0221534 0.999547 65.4695 
0.99965 0.0174768 -0.0198834 -2.84673 -0.0179211 0.999589 -0.02239 -1.64258 0.0194839 0.0227385 0.999552 66.581 
0.999583 0.0219965 -0.0187169 -2.8877 -0.022358 0.999563 -0.0193327 -1.66806 0.0182834 0.0197431 0.999638 67.6737 
0.999564 0.0225933 -0.019031 -2.9315 -0.0229377 0.999573 -0.0180824 -1.69154 0.0186143 0.0185111 0.999655 68.7881 
0.999558 0.0228555 -0.0189878 -2.97797 -0.023178 0.999588 -0.0169473 -1.73223 0.0185926 0.0173799 0.999676 69.8794 
0.999611 0.0204412 -0.0189871 -3.021 -0.0207506 0.999653 -0.0162477 -1.76933 0.0186484 0.0166354 0.999688 70.9772 
0.999628 0.0194575 -0.0191217 -3.06265 -0.0197393 0.999698 -0.0146652 -1.82002 0.0188305 0.0150372 0.99971 72.0687 
0.999659 0.0184011 -0.0185253 -3.12475 -0.0186434 0.999742 -0.0129943 -1.84667 0.0182813 0.0133353 0.999744 73.173 
0.999658 0.0175657 -0.0193907 -3.1751 -0.0177864 0.999778 -0.0112688 -1.88163 0.0191885 0.0116099 0.999749 74.2924 
0.999666 0.0174472 -0.0190706 -3.2463 -0.0176719 0.999776 -0.0116773 -1.9357 0.0188625 0.0120104 0.99975 75.4086 
0.999639 0.0170196 -0.0207757 -3.26997 -0.0173436 0.999729 -0.015519 -1.9654 0.0205059 0.0158737 0.999664 76.4823 
0.99961 0.0185736 -0.0208756 -3.32811 -0.018949 0.99966 -0.0179303 -2.00669 0.0205355 0.018319 0.999621 77.5698 
0.999521 0.0219583 -0.021792 -3.37103 -0.0223019 0.999629 -0.0156566 -2.06024 0.0214401 0.0161352 0.99964 78.6661 
0.999508 0.023398 -0.0209136 -3.46961 -0.0236397 0.999656 -0.0113873 -2.08486 0.0206399 0.0118761 0.999716 79.7947 
0.999455 0.0252984 -0.0212296 -3.52371 -0.0254521 0.999652 -0.00700145 -2.12481 0.021045 0.00753801 0.99975 80.853 
0.99941 0.026134 -0.0223076 -3.55684 -0.0262804 0.999635 -0.006298 -2.15553 0.0221349 0.00688058 0.999731 81.9355 
0.999388 0.0267032 -0.0225794 -3.60531 -0.0269036 0.999601 -0.00862084 -2.17329 0.0223402 0.00922308 0.999708 83.0163 
0.999355 0.0272141 -0.0234457 -3.64134 -0.0274408 0.999579 -0.00940577 -2.2019 0.0231798 0.0100431 0.999681 84.0944 
0.999401 0.0252808 -0.023651 -3.69605 -0.025488 0.999639 -0.00850055 -2.25422 0.0234275 0.00909831 0.999684 85.1347 
0.999413 0.0241643 -0.0242793 -3.7625 -0.0243634 0.999672 -0.00794042 -2.28577 0.0240794 0.00852733 0.999674 86.1601 
0.999434 0.0227955 -0.0247479 -3.81408 -0.0229659 0.999714 -0.00662555 -2.31245 0.0245897 0.0071902 0.999672 87.1814 
0.99944 0.0226872 -0.0245972 -3.85936 -0.0227874 0.999733 -0.00380329 -2.34427 0.0245043 0.00436171 0.99969 88.1925 
0.999453 0.0214731 -0.0251646 -3.90984 -0.0215674 0.999761 -0.00348572 -2.36297 0.0250837 0.00402659 0.999677 89.1399 
0.999435 0.0200866 -0.0269318 -3.96522 -0.0201775 0.999792 -0.0031092 -2.3934 0.0268637 0.0036509 0.999632 90.1151 
0.999348 0.0203183 -0.0298426 -4.01349 -0.0204358 0.999785 -0.00363942 -2.42301 0.0297622 0.00424694 0.999548 91.0418 
0.999247 0.0201836 -0.0331328 -4.06449 -0.0203814 0.999776 -0.00564373 -2.4315 0.0330114 0.00631481 0.999435 91.9485 
0.999132 0.0207978 -0.0361079 -4.11815 -0.0210269 0.999761 -0.00597917 -2.44604 0.0359749 0.00673326 0.99933 92.8398 
0.999036 0.0211334 -0.0384802 -4.18868 -0.0213254 0.999762 -0.00458699 -2.47504 0.038374 0.00540321 0.999249 93.6939 
0.998912 0.0213015 -0.0414876 -4.24422 -0.021451 0.999765 -0.00316399 -2.49966 0.0414104 0.00405054 0.999134 94.5235 
0.998744 0.0223774 -0.0448193 -4.29553 -0.022488 0.999745 -0.00196521 -2.51926 0.0447639 0.00297068 0.998993 95.3472 
0.99861 0.0231938 -0.0473376 -4.35403 -0.0232689 0.999729 -0.00103813 -2.53764 0.0473006 0.00213823 0.998878 96.148 
0.998474 0.0243608 -0.0495611 -4.41788 -0.0244096 0.999702 -0.000379139 -2.55783 0.0495371 0.00158837 0.998771 96.8897 
0.998341 0.0268268 -0.0509448 -4.50374 -0.0269489 0.999635 -0.00171159 -2.5759 0.0508803 0.0030817 0.9987 97.605 
0.998138 0.0277934 -0.0542878 -4.55486 -0.0280999 0.999593 -0.00489167 -2.5992 0.0541297 0.00640809 0.998513 98.3275 
0.997966 0.0305054 -0.0559776 -4.62751 -0.0310594 0.999477 -0.00905509 -2.61622 0.055672 0.0107753 0.998391 99.0024 
0.997816 0.0315128 -0.0580586 -4.68728 -0.0322172 0.999418 -0.0112377 -2.63263 0.0576707 0.0130837 0.99825 99.6549 
0.997653 0.0340993 -0.0593805 -4.7292 -0.0349227 0.999307 -0.0128854 -2.64168 0.0588999 0.0149289 0.998152 100.264 
0.997663 0.0366318 -0.0576854 -4.80035 -0.037483 0.999203 -0.0137449 -2.64811 0.0571359 0.0158751 0.99824 100.863 
0.997686 0.0395713 -0.0552935 -4.84315 -0.040325 0.999107 -0.0125817 -2.66703 0.0547462 0.0147823 0.998391 101.421 
0.997822 0.0423305 -0.0505855 -4.86891 -0.04292 0.999022 -0.0106251 -2.69597 0.0500862 0.0127731 0.998663 101.966 
0.998082 0.0438395 -0.0437068 -4.88715 -0.0442905 0.998974 -0.00940637 -2.70542 0.0432495 0.0113242 0.999 102.49 
0.99846 0.0434615 -0.034485 -4.89463 -0.0437341 0.999017 -0.00719232 -2.72424 0.0341385 0.00868945 0.999379 102.991 
0.998823 0.0427763 -0.0228521 -4.90882 -0.0429279 0.999059 -0.00618795 -2.74039 0.0225658 0.00716171 0.99972 103.472 
0.999091 0.0416149 -0.00919223 -4.91855 -0.041675 0.99911 -0.00645044 -2.7497 0.00891557 0.00682771 0.999937 103.945 
0.999103 0.0419789 0.0056071 -4.91085 -0.0419343 0.99909 -0.00785099 -2.76348 -0.00593162 0.00760886 0.999954 104.369 
0.998907 0.0406504 0.0230574 -4.89286 -0.0403952 0.999118 -0.0114253 -2.76912 -0.0235015 0.0104815 0.999669 104.781 
0.998186 0.0401347 0.0448727 -4.86953 -0.0394464 0.999092 -0.0161199 -2.78601 -0.0454789 0.0143206 0.998863 105.188 
0.996879 0.0381988 0.0690846 -4.82734 -0.036856 0.999108 -0.0206084 -2.81362 -0.0698103 0.0179979 0.997398 105.599 
0.994716 0.0354836 0.0963411 -4.77097 -0.0333311 0.99916 -0.0238603 -2.82438 -0.0971068 0.0205231 0.995062 105.98 
0.991451 0.032996 0.126238 -4.70722 -0.0299571 0.999216 -0.0258964 -2.83339 -0.126993 0.0218933 0.991662 106.348 
0.986853 0.0308439 0.15865 -4.62083 -0.0266966 0.999246 -0.0282062 -2.85361 -0.1594 0.0236 0.986932 106.709 
0.980595 0.0278809 0.194052 -4.53061 -0.0223441 0.99928 -0.0306632 -2.86614 -0.194767 0.0257323 0.980512 107.054 
0.972191 0.0248743 0.232867 -4.43121 -0.0181197 0.999352 -0.031101 -2.8938 -0.233489 0.0260167 0.972011 107.397 
0.961853 0.0204192 0.272802 -4.32538 -0.0123327 0.999433 -0.0313243 -2.93463 -0.273287 0.026765 0.96156 107.7 
0.948959 0.0209678 0.314701 -4.20502 -0.0111477 0.999394 -0.0329719 -2.95651 -0.315202 0.0277808 0.948618 108.02 
0.933024 0.0229058 0.359085 -4.06362 -0.0118728 0.999388 -0.0329007 -2.98863 -0.359618 0.0264339 0.932725 108.34 
0.914548 0.0236615 0.403785 -3.89891 -0.0113538 0.999396 -0.0328479 -2.99612 -0.404319 0.0254565 0.914264 108.647 
0.893834 0.0219378 0.447861 -3.73005 -0.00894087 0.999476 -0.0311137 -3.02979 -0.448309 0.0238063 0.893562 108.923 
0.870117 0.0201422 0.492433 -3.54577 -0.00529315 0.999489 -0.0315296 -3.05221 -0.492816 0.0248279 0.869779 109.186 
0.844461 0.0197992 0.535251 -3.35736 -0.00297364 0.999475 -0.0322794 -3.08878 -0.535609 0.0256671 0.844076 109.423 
0.815895 0.0222485 0.577772 -3.13392 -0.00114638 0.99932 -0.0368623 -3.10062 -0.578199 0.0294134 0.815366 109.697 
0.784082 0.026727 0.620082 -2.91999 -0.00162072 0.999157 -0.0410166 -3.12477 -0.620655 0.0311554 0.783464 109.942 
0.749207 0.0334297 0.661492 -2.676 -0.00431714 0.998951 -0.0455942 -3.13689 -0.662322 0.0313037 0.748565 110.19 
0.710904 0.0383052 0.702245 -2.41437 -0.0059142 0.998806 -0.0484944 -3.15586 -0.703264 0.0303217 0.710282 110.424 
0.67099 0.0387063 0.740455 -2.12951 -0.002165 0.998735 -0.0502455 -3.16915 -0.741463 0.0321112 0.670225 110.634 
0.628474 0.0356063 0.777015 -1.83577 0.003938 0.998793 -0.0489543 -3.18674 -0.77782 0.0338264 0.627576 110.832 
0.583329 0.0337153 0.811536 -1.53771 0.00624217 0.998923 -0.045987 -3.20895 -0.812212 0.0318913 0.58249 111.019 
0.535719 0.031715 0.8438 -1.21619 0.00938219 0.999009 -0.0435052 -3.22456 -0.844344 0.0312233 0.534891 111.197 
0.486906 0.028912 0.872976 -0.893035 0.01244 0.999121 -0.0400282 -3.24762 -0.873366 0.0303498 0.486118 111.335 
0.435533 0.0255358 0.899811 -0.545917 0.0153892 0.99924 -0.0358063 -3.26788 -0.900041 0.0294422 0.434809 111.465 
0.38242 0.0256167 0.923633 -0.193593 0.0138695 0.999344 -0.033459 -3.2917 -0.923885 0.0256057 0.381814 111.597 
0.330716 0.0301469 0.943249 0.169625 0.0102925 0.999315 -0.0355475 -3.32227 -0.943674 0.0214645 0.330179 111.698 
0.278872 0.0349239 0.959693 0.540488 0.0114205 0.999147 -0.0396782 -3.34011 -0.96026 0.0220253 0.278236 111.796 
0.232574 0.0356018 0.971927 0.915959 0.0135025 0.999115 -0.0398287 -3.37281 -0.972485 0.0223866 0.231888 111.855 
0.190824 0.0357434 0.980973 1.31294 0.0216797 0.99894 -0.0406152 -3.3841 -0.981385 0.0290175 0.189846 111.907 
0.154939 0.0358842 0.987272 1.74458 0.0295205 0.998726 -0.0409333 -3.40165 -0.987483 0.0354869 0.153682 111.949 
0.123771 0.0375324 0.991601 2.18632 0.0340679 0.998535 -0.0420472 -3.41565 -0.991726 0.038986 0.122311 111.993 
0.0963732 0.0372801 0.994647 2.64525 0.030864 0.998706 -0.0404226 -3.43711 -0.994867 0.0345945 0.0950979 112.018 
0.0707659 0.0339923 0.996914 3.11222 0.0246184 0.999055 -0.0358128 -3.45752 -0.997189 0.0270767 0.0698622 112.056 
0.0472237 0.0299321 0.998436 3.61466 0.0205705 0.99931 -0.0309312 -3.48288 -0.998673 0.021999 0.0465754 112.075 
0.0236711 0.0272961 0.999347 4.1326 0.0240669 0.999322 -0.0278654 -3.51489 -0.99943 0.0247108 0.0229981 112.089 
0.00387593 0.0291271 0.999568 4.72047 0.0332055 0.999021 -0.0292399 -3.51125 -0.999441 0.0333045 0.00290495 112.098 
-0.01378 0.0319291 0.999395 5.26568 0.0374589 0.998805 -0.0313937 -3.5321 -0.999203 0.0370036 -0.0149596 112.083 
-0.0284763 0.0378259 0.998879 5.86038 0.0366025 0.998653 -0.0367739 -3.54849 -0.998924 0.0355143 -0.0298225 112.068 
-0.0385176 0.0428825 0.998337 6.45766 0.0337661 0.998564 -0.0415895 -3.57607 -0.998687 0.0321081 -0.0399103 112.041 
-0.045275 0.0425906 0.998066 7.08474 0.0376528 0.998454 -0.0408991 -3.599 -0.998265 0.0357282 -0.0468086 112.012 
-0.0482763 0.0395422 0.998051 7.75671 0.0446998 0.998301 -0.0373899 -3.62964 -0.997833 0.0428076 -0.0499618 112.007 
-0.0479344 0.0379864 0.998128 8.42025 0.045696 0.998314 -0.035799 -3.66518 -0.997805 0.0438944 -0.0495894 111.987 
-0.0454739 0.0387118 0.998215 9.0949 0.0442024 0.998348 -0.0367033 -3.68231 -0.997987 0.0424545 -0.0471099 111.968 
-0.0451748 0.0395156 0.998197 9.78682 0.0397546 0.998497 -0.0377283 -3.71415 -0.998188 0.0379786 -0.0466778 111.973 
-0.0442221 0.040643 0.998195 10.4871 0.0396682 0.998456 -0.0388962 -3.74602 -0.998234 0.0378766 -0.045766 111.959 
-0.043103 0.0418619 0.998193 11.2138 0.0393621 0.998417 -0.0401716 -3.76978 -0.998295 0.0375594 -0.0446825 111.937 
-0.042497 0.0411935 0.998247 11.96 0.0391585 0.998451 -0.0395348 -3.81178 -0.998329 0.0374097 -0.0440443 111.93 
-0.0419649 0.0403347 0.998305 12.7318 0.0389874 0.99849 -0.0387033 -3.84421 -0.998358 0.0372971 -0.0434741 111.917 
-0.0419422 0.0391369 0.998353 13.4891 0.038874 0.99854 -0.037511 -3.87934 -0.998364 0.0372367 -0.0434024 111.907 
-0.0425342 0.0371647 0.998404 14.2804 0.0394073 0.998593 -0.0354928 -3.91351 -0.998318 0.0378347 -0.0439389 111.881 
-0.0436414 0.0362195 0.998391 15.059 0.0369911 0.998716 -0.0346143 -3.93853 -0.998362 0.035421 -0.0449252 111.875 
-0.0447124 0.0352987 0.998376 15.8524 0.037224 0.99874 -0.0336444 -3.97402 -0.998306 0.0356592 -0.04597 111.848 
-0.0455317 0.03349 0.998401 16.6564 0.0397499 0.998707 -0.0316874 -3.99992 -0.998172 0.0382436 -0.0468041 111.815 
-0.0466309 0.0311937 0.998425 17.4847 0.0422209 0.998681 -0.0292298 -4.04288 -0.99802 0.0407914 -0.0478864 111.787 
-0.0472384 0.0310038 0.998402 18.2759 0.0402934 0.998764 -0.0291085 -4.06943 -0.998071 0.0388539 -0.0484293 111.745 
-0.0486933 0.036634 0.998142 19.1291 0.0378118 0.998678 -0.0348091 -4.09011 -0.998098 0.0360466 -0.0500141 111.733 
-0.0483399 0.0418114 0.997955 19.941 0.0388086 0.998448 -0.0399521 -4.12039 -0.998077 0.036798 -0.0498875 111.679 
-0.0493793 0.0434312 0.997835 20.7866 0.0387589 0.998385 -0.0415371 -4.16184 -0.998028 0.036624 -0.0509829 111.645 
-0.0508912 0.0409549 0.997864 21.6233 0.0353967 0.998605 -0.03918 -4.21695 -0.998077 0.0333272 -0.0522699 111.625 
-0.0519653 0.0363922 0.997986 22.4747 0.0330663 0.998851 -0.0347019 -4.26636 -0.998101 0.0311964 -0.0531089 111.605 
-0.0520114 0.031184 0.99816 23.3158 0.0316266 0.999062 -0.0295642 -4.31601 -0.998146 0.0300307 -0.0529489 111.574 
-0.0526565 0.0265476 0.99826 24.1575 0.0271719 0.999315 -0.0251423 -4.32952 -0.998243 0.0258007 -0.0533418 111.543 
-0.053063 0.0253916 0.998268 24.9955 0.0249036 0.999399 -0.0240966 -4.37067 -0.998281 0.0235818 -0.0536635 111.525 
-0.0523229 0.032275 0.998109 25.8572 0.0282928 0.999124 -0.0308246 -4.41793 -0.998229 0.0266265 -0.0531903 111.498 
-0.050691 0.0430169 0.997788 26.6893 0.02976 0.998693 -0.041544 -4.46261 -0.998271 0.0275883 -0.0519049 111.462 
-0.0506568 0.0480504 0.99756 27.5331 0.0312064 0.99843 -0.0465076 -4.50008 -0.998228 0.0287743 -0.0520768 111.44 
-0.0484438 0.0423625 0.997927 28.3649 0.0326639 0.998633 -0.0408067 -4.55005 -0.998292 0.0306194 -0.0497613 111.403 
-0.0486576 0.0343826 0.998224 29.2127 0.0361365 0.998814 -0.0326415 -4.6051 -0.998162 0.034484 -0.0498423 111.385 
-0.0481165 0.0324465 0.998315 30.0465 0.0378445 0.998814 -0.0306387 -4.63448 -0.998125 0.0363065 -0.0492873 111.359 
-0.0478234 0.0331284 0.998306 30.8623 0.0363969 0.998844 -0.0314026 -4.67706 -0.998193 0.0348335 -0.0489739 111.33 
-0.0503721 0.0337993 0.998158 31.6924 0.032878 0.998942 -0.0321666 -4.71964 -0.998189 0.0311971 -0.05143 111.327 
-0.0516571 0.0344218 0.998072 32.5076 0.0322241 0.998943 -0.032784 -4.76077 -0.998145 0.0304684 -0.0527117 111.297 
-0.0533553 0.035932 0.997929 33.2941 0.0321977 0.998895 -0.0342453 -4.78903 -0.998056 0.0303038 -0.0544533 111.259 
-0.0546075 0.0371762 0.997816 34.0698 0.0308108 0.998894 -0.0355301 -4.82908 -0.998032 0.0288033 -0.0556925 111.217 
-0.0555277 0.0378256 0.99774 34.8594 0.0301586 0.99889 -0.0361907 -4.8695 -0.998002 0.0280809 -0.0566068 111.171 
-0.0588043 0.0363171 0.997609 35.6833 0.0275345 0.999017 -0.0347453 -4.91921 -0.99789 0.0254255 -0.0597464 111.153 
-0.0619281 0.035555 0.997447 36.4873 0.0264114 0.999074 -0.0339731 -4.94845 -0.997731 0.0242401 -0.0628098 111.13 
-0.0646866 0.0355175 0.997273 37.2617 0.0252291 0.999105 -0.0339462 -4.99637 -0.997587 0.0229644 -0.0655248 111.107 
-0.067096 0.0369826 0.997061 38.0313 0.0252072 0.999057 -0.0353603 -5.0398 -0.997428 0.0227606 -0.0679649 111.084 
-0.0672464 0.0366526 0.997063 38.7799 0.0252143 0.999068 -0.0350257 -5.08432 -0.997418 0.0227849 -0.0681079 111.032 
-0.0671354 0.0354662 0.997113 39.571 0.0270662 0.999065 -0.0337132 -5.12687 -0.997377 0.0247247 -0.0680325 110.971 
-0.0691015 0.0350988 0.996992 40.3601 0.0276501 0.999064 -0.0332552 -5.16655 -0.997226 0.0252689 -0.0700074 110.944 
-0.0717055 0.0347068 0.996822 41.1311 0.0262091 0.999115 -0.0329012 -5.21049 -0.997081 0.0237666 -0.0725516 110.921 
-0.073041 0.0336567 0.996761 41.8843 0.0239298 0.999202 -0.0319856 -5.2495 -0.997042 0.021516 -0.0737881 110.888 
-0.0737452 0.032539 0.996746 42.6188 0.0228365 0.999261 -0.0309315 -5.28755 -0.997016 0.0204812 -0.0744337 110.852 
-0.0749025 0.0323555 0.996666 43.3401 0.0223277 0.999277 -0.0307622 -5.32505 -0.996941 0.0199491 -0.0755708 110.816 
-0.0753458 0.0348232 0.996549 44.0473 0.0220754 0.999203 -0.0332469 -5.36456 -0.996913 0.0194942 -0.0760545 110.78 
-0.0754131 0.038908 0.996393 44.7601 0.0233645 0.999033 -0.0372427 -5.39313 -0.996879 0.0204717 -0.0762492 110.742 
-0.0756994 0.039478 0.996349 45.4606 0.0212168 0.999054 -0.0379731 -5.44421 -0.996905 0.0182648 -0.0764654 110.709 
-0.0758611 0.040293 0.996304 46.1567 0.0210079 0.999026 -0.0388034 -5.48126 -0.996897 0.0179866 -0.0766337 110.668 
-0.0763891 0.0407419 0.996245 46.8638 0.0227126 0.998977 -0.039112 -5.51016 -0.996819 0.0196396 -0.0772362 110.625 
-0.0756417 0.0408999 0.996296 47.5392 0.0247011 0.998929 -0.0391325 -5.5489 -0.996829 0.0216495 -0.0765709 110.571 
-0.0752695 0.0389575 0.996402 48.1827 0.0188 0.999114 -0.0376434 -5.6144 -0.996986 0.0158989 -0.0759352 110.521 
-0.0736382 0.0391147 0.996518 48.8387 0.0161752 0.999146 -0.0380225 -5.65856 -0.997154 0.013319 -0.074208 110.466 
-0.0743238 0.0377286 0.99652 49.5379 0.0172508 0.999183 -0.0365427 -5.69965 -0.997085 0.0144748 -0.0749139 110.439 
-0.0753553 0.037292 0.996459 50.227 0.0166152 0.999209 -0.0361384 -5.72744 -0.997018 0.0138331 -0.0759153 110.403 
-0.078106 0.0371856 0.996251 50.8951 0.0140316 0.999246 -0.0361973 -5.7654 -0.996846 0.0111517 -0.0785689 110.36 
-0.0833286 0.0368718 0.99584 51.5636 0.0107462 0.99929 -0.0361003 -5.8053 -0.996464 0.00769326 -0.0836657 110.321 
-0.0888008 0.0400806 0.995243 52.2351 0.0142706 0.999139 -0.0389641 -5.84476 -0.995947 0.0107427 -0.0892963 110.263 
-0.0947556 0.0432921 0.994559 52.9005 0.0161874 0.998989 -0.0419427 -5.87326 -0.995369 0.012125 -0.0953606 110.196 
-0.102092 0.0449945 0.993757 53.5581 0.0158517 0.998923 -0.0435999 -5.90535 -0.994649 0.0113015 -0.102696 110.147 
-0.108591 0.0445458 0.993088 54.2385 0.0126405 0.998977 -0.0434277 -5.94325 -0.994006 0.00783727 -0.109043 110.093 
-0.113658 0.0435075 0.992567 54.9209 0.0119827 0.999028 -0.0424185 -5.97936 -0.993448 0.00707248 -0.114069 110.025 
-0.11838 0.0444279 0.991974 55.6172 0.0102855 0.999 -0.0435151 -6.0123 -0.992915 0.00505164 -0.118718 109.959 
-0.12115 0.0442668 0.991647 56.3004 0.00878642 0.999014 -0.0435222 -6.04617 -0.992595 0.00344033 -0.121419 109.878 
-0.123532 0.0408873 0.991498 57.0065 0.00935855 0.999154 -0.040037 -6.08589 -0.992296 0.00433311 -0.12381 109.798 
-0.12468 0.0389255 0.991433 57.7117 0.0132833 0.999206 -0.0375602 -6.11886 -0.992108 0.00848643 -0.125099 109.714 
-0.125048 0.0370369 0.991459 58.422 0.0136069 0.999273 -0.0356126 -6.15183 -0.992057 0.00903741 -0.125461 109.627 
-0.125483 0.0376904 0.99138 59.1465 0.0135028 0.99925 -0.0362805 -6.17966 -0.992004 0.00883379 -0.125898 109.542 
-0.12506 0.0415936 0.991277 59.8427 0.0150466 0.999086 -0.0400229 -6.21308 -0.992035 0.00991004 -0.125571 109.458 
-0.123791 0.0448818 0.991293 60.575 0.0209393 0.998872 -0.0426101 -6.25877 -0.992087 0.0154822 -0.124591 109.36 
-0.123863 0.0495187 0.991063 61.2405 0.028466 0.99852 -0.0463335 -6.31223 -0.991891 0.0224726 -0.125089 109.29 
-0.123661 0.0504279 0.991042 61.9877 0.0292738 0.998459 -0.0471525 -6.36 -0.991893 0.0231806 -0.124947 109.202 
-0.123472 0.0481776 0.991178 62.7177 0.0285015 0.998581 -0.0449869 -6.41763 -0.991939 0.0226955 -0.12467 109.129 
-0.121555 0.0441044 0.991604 63.5137 0.0291532 0.99874 -0.040848 -6.44928 -0.992156 0.0239431 -0.122688 108.996 
-0.120202 0.0413365 0.991888 64.2383 0.0316438 0.998785 -0.0377891 -6.50466 -0.992245 0.0268448 -0.121364 108.908 
-0.119831 0.0417655 0.991915 64.9665 0.0329138 0.998733 -0.0380762 -6.54086 -0.992249 0.028085 -0.121054 108.814 
-0.121065 0.0427281 0.991725 65.6962 0.0314652 0.998736 -0.039189 -6.5867 -0.992146 0.0264604 -0.122256 108.74 
-0.121856 0.0444746 0.991551 66.4311 0.0315753 0.998664 -0.0409132 -6.62183 -0.992046 0.026323 -0.123097 108.645 
-0.124078 0.0446856 0.991266 67.1813 0.0328527 0.998623 -0.040905 -6.66651 -0.991728 0.0274903 -0.125375 108.562 
-0.125701 0.0444386 0.991072 67.9174 0.0338896 0.998606 -0.0404781 -6.71535 -0.991489 0.0284989 -0.127032 108.485 
-0.127683 0.0442499 0.990827 68.6639 0.0321853 0.998663 -0.0404522 -6.75068 -0.991293 0.026725 -0.128937 108.403 
-0.129499 0.0458244 0.99052 69.4213 0.0311837 0.998626 -0.0421224 -6.7862 -0.991089 0.0254333 -0.13075 108.319 
-0.129908 0.046859 0.990418 70.1567 0.0327918 0.998539 -0.0429421 -6.85022 -0.990984 0.0268991 -0.131255 108.232 
-0.13191 0.0468582 0.990154 70.9397 0.0302948 0.998606 -0.0432223 -6.89585 -0.990799 0.024295 -0.133146 108.151 
-0.132503 0.0477873 0.99003 71.7143 0.0298387 0.998577 -0.0442062 -6.93352 -0.990733 0.0236837 -0.13374 108.055 
-0.133934 0.0458152 0.989931 72.5048 0.0298383 0.998664 -0.0421824 -6.98104 -0.990541 0.0238882 -0.135123 107.966 
-0.134829 0.0436012 0.989909 73.2777 0.0275606 0.99881 -0.0402394 -7.02648 -0.990486 0.021857 -0.13587 107.88 
-0.137136 0.0417679 0.989671 74.0618 0.0244191 0.99895 -0.0387757 -7.06223 -0.990251 0.0188493 -0.138012 107.801 
-0.138813 0.0412852 0.989458 74.8394 0.0254034 0.99895 -0.0381173 -7.10231 -0.989993 0.0198444 -0.139716 107.7 
-0.140847 0.0420658 0.989137 75.6308 0.0259531 0.99891 -0.0387858 -7.13923 -0.989691 0.0202083 -0.141785 107.607 
-0.142603 0.0430268 0.988844 76.4235 0.0263095 0.998867 -0.0396687 -7.19652 -0.98943 0.0203591 -0.143573 107.5 
-0.144041 0.0467877 0.988465 77.2309 0.0283053 0.998668 -0.0431459 -7.24334 -0.989167 0.0217641 -0.145173 107.395 
-0.144573 0.0508171 0.988188 78.0364 0.0310067 0.998423 -0.046807 -7.29631 -0.989008 0.0238734 -0.14592 107.3 
-0.145499 0.0548451 0.987837 78.8623 0.0319961 0.998201 -0.0507077 -7.33963 -0.988841 0.024229 -0.146992 107.192 
-0.14575 0.0554327 0.987767 79.664 0.0354355 0.998081 -0.0507827 -7.39731 -0.988687 0.0276004 -0.147435 107.089 
-0.145223 0.0551477 0.987861 80.5123 0.0388513 0.997993 -0.0500019 -7.44647 -0.988636 0.0311183 -0.147074 106.985 
-0.145167 0.0542297 0.98792 81.3608 0.0388513 0.998039 -0.0490762 -7.48484 -0.988644 0.0312577 -0.146989 106.878 
-0.144356 0.0530122 0.988105 82.1978 0.0389661 0.998094 -0.0478554 -7.53386 -0.988758 0.0315944 -0.146146 106.777 
-0.14312 0.0496297 0.98846 83.0407 0.0358758 0.998346 -0.0449315 -7.59653 -0.989055 0.0290312 -0.144664 106.676 
-0.141092 0.0459724 0.988929 83.9063 0.0367898 0.998475 -0.0411673 -7.65258 -0.989313 0.0305741 -0.142568 106.565 
-0.139279 0.0428546 0.989325 84.7577 0.0366682 0.998601 -0.0380942 -7.70579 -0.989574 0.030971 -0.140656 106.46 
-0.137949 0.042532 0.989526 85.6241 0.0364093 0.99862 -0.0378471 -7.758 -0.98977 0.0308069 -0.139307 106.365 
-0.136848 0.0464546 0.989502 86.4824 0.0366872 0.998452 -0.0418009 -7.80183 -0.989912 0.0305817 -0.138341 106.266 
-0.135056 0.0526094 0.98944 87.3191 0.0374264 0.998148 -0.0479637 -7.85644 -0.990131 0.0305534 -0.136775 106.173 
-0.133878 0.0552828 0.989455 88.1723 0.0351075 0.998081 -0.0510145 -7.91983 -0.990376 0.0279075 -0.135562 106.08 
-0.13289 0.0531187 0.989706 89.0377 0.0326618 0.998255 -0.049192 -7.96841 -0.990593 0.0257885 -0.134393 105.986 
-0.129822 0.051431 0.990203 89.8793 0.03368 0.998306 -0.0474362 -8.01947 -0.990965 0.0271918 -0.131334 105.862 
-0.12862 0.0502239 0.990421 90.7249 0.0371433 0.99826 -0.0457978 -8.07426 -0.990998 0.030897 -0.130262 105.76 
-0.127544 0.0496462 0.99059 91.6105 0.036156 0.998315 -0.0453781 -8.12877 -0.991174 0.0300281 -0.129124 105.665 
-0.126799 0.0492491 0.990705 92.4891 0.0348168 0.998372 -0.0451741 -8.18714 -0.991317 0.0287651 -0.128307 105.574 
-0.126209 0.0477086 0.990856 93.3619 0.0379251 0.998345 -0.0432385 -8.2502 -0.991279 0.0321212 -0.127809 105.48 
-0.124948 0.0476579 0.991018 94.2415 0.0410719 0.998238 -0.0428267 -8.2892 -0.991313 0.0353519 -0.126686 105.386 
-0.123738 0.0494495 0.991082 95.1012 0.0437236 0.998059 -0.0443386 -8.34194 -0.991351 0.0378473 -0.12566 105.279 
-0.122249 0.0519228 0.99114 95.9737 0.0439462 0.997934 -0.0468583 -8.3895 -0.991526 0.0378285 -0.124279 105.182 
-0.120738 0.0537256 0.99123 96.8368 0.042081 0.997914 -0.0489621 -8.44212 -0.991792 0.0358003 -0.122747 105.093 
-0.119797 0.0497505 0.991551 97.7044 0.0365819 0.998287 -0.0456686 -8.49949 -0.992124 0.0308019 -0.121412 105.002 
-0.119824 0.0480374 0.991632 98.55 0.0315745 0.998508 -0.0445551 -8.54718 -0.992293 0.0259715 -0.121162 104.921 
-0.120925 0.0489459 0.991454 99.4059 0.0275777 0.998564 -0.0459332 -8.60065 -0.992279 0.0217876 -0.122101 104.839 
-0.121763 0.0525979 0.991165 100.223 0.0255567 0.99843 -0.0498438 -8.68154 -0.99223 0.0192618 -0.122916 104.755 
-0.122514 0.0563414 0.990866 101.108 0.024119 0.998262 -0.0537797 -8.71675 -0.992174 0.0173099 -0.12366 104.651 
-0.122772 0.0569229 0.990801 101.944 0.025085 0.998213 -0.0542404 -8.77211 -0.992118 0.018195 -0.123981 104.563 
-0.122833 0.0572445 0.990775 102.771 0.0267526 0.998163 -0.0543546 -8.82807 -0.992067 0.0198292 -0.124139 104.473 
-0.122729 0.0576273 0.990766 103.597 0.0284348 0.998107 -0.054532 -8.89577 -0.992033 0.0214796 -0.124135 104.375 
-0.122652 0.0615794 0.990538 104.421 0.0303829 0.997838 -0.0582711 -8.94514 -0.991985 0.0229483 -0.124258 104.284 
-0.123003 0.0632708 0.990387 105.239 0.030618 0.997732 -0.0599373 -9.00922 -0.991934 0.0229512 -0.124661 104.192 
-0.123476 0.0639277 0.990286 106.057 0.0290438 0.997728 -0.0607866 -9.06414 -0.991923 0.021256 -0.125052 104.095 
-0.124991 0.0629301 0.99016 106.854 0.0276131 0.997821 -0.0599312 -9.12525 -0.991774 0.0198506 -0.126456 104.005 
-0.127502 0.0641615 0.989761 107.647 0.0285916 0.997729 -0.0609947 -9.19505 -0.991426 0.0205219 -0.129047 103.904 
-0.131149 0.0657422 0.98918 108.441 0.0277397 0.997651 -0.0626273 -9.27286 -0.990974 0.019226 -0.132665 103.818 
-0.135444 0.0685192 0.988413 109.248 0.0274108 0.997483 -0.0653918 -9.32053 -0.990406 0.0182362 -0.136982 103.741 
-0.138538 0.0689106 0.987957 110.034 0.0280931 0.997448 -0.0656332 -9.38483 -0.989959 0.018662 -0.140121 103.643 
-0.140762 0.0687768 0.987652 110.831 0.0303282 0.997416 -0.0651343 -9.44044 -0.989579 0.0207852 -0.142484 103.539 
-0.142477 0.0691195 0.987382 111.607 0.0323454 0.997351 -0.06515 -9.514 -0.98927 0.0226549 -0.144335 103.426 
-0.143241 0.0744422 0.986884 112.373 0.0285963 0.997062 -0.0710593 -9.57267 -0.989275 0.0180427 -0.144949 103.316 
-0.145784 0.0825082 0.98587 113.135 0.0263885 0.996486 -0.0794944 -9.63494 -0.988965 0.0144266 -0.147449 103.23 
-0.147824 0.0857938 0.985286 113.9 0.0306178 0.99615 -0.0821461 -9.70095 -0.98854 0.0180242 -0.149881 103.117 
-0.150659 0.0843741 0.984979 114.656 0.0322819 0.99624 -0.080401 -9.76656 -0.988059 0.0196838 -0.152817 103.018 
-0.153207 0.0771581 0.985177 115.434 0.0311551 0.996829 -0.0732256 -9.83986 -0.987703 0.0194746 -0.155125 102.909 
-0.156525 0.0756387 0.984773 116.212 0.0292054 0.996982 -0.0719343 -9.90801 -0.987242 0.0175011 -0.158262 102.815 
-0.157695 0.0786522 0.984351 116.959 0.0295396 0.996753 -0.0749108 -9.97972 -0.987046 0.0172643 -0.159506 102.703 
-0.159925 0.0827447 0.983655 117.716 0.0276072 0.996466 -0.0793338 -10.0503 -0.986743 0.0144685 -0.161644 102.59 
-0.162695 0.0848439 0.983022 118.444 0.0281937 0.996289 -0.0813227 -10.1201 -0.986274 0.0144843 -0.164483 102.482 
-0.164844 0.0896128 0.98224 119.171 0.0313404 0.995837 -0.0855936 -10.1938 -0.985822 0.0166742 -0.166966 102.372 
-0.166 0.0945746 0.98158 119.911 0.0315455 0.99539 -0.0905704 -10.2641 -0.985621 0.0159297 -0.168218 102.246 
-0.16761 0.0978589 0.980984 120.635 0.0316546 0.995082 -0.0938567 -10.3233 -0.985345 0.0153213 -0.169884 102.112 
-0.173139 0.0949269 0.980312 121.429 0.0336918 0.995333 -0.0904308 -10.4166 -0.984321 0.0173713 -0.175529 102.056 
-0.177254 0.0928463 0.979776 122.17 0.0380416 0.995442 -0.0874486 -10.4883 -0.98343 0.0217716 -0.179978 101.94 
-0.183119 0.090385 0.978927 122.907 0.0406675 0.995609 -0.0843178 -10.5817 -0.982249 0.0243702 -0.185991 101.818 
-0.188805 0.09011 0.977872 123.64 0.0387818 0.995689 -0.0842639 -10.6466 -0.981249 0.0220142 -0.191485 101.678 
-0.196232 0.0891569 0.976496 124.364 0.0386692 0.995787 -0.0831473 -10.7405 -0.979795 0.0214442 -0.198853 101.533 
-0.206483 0.0902761 0.974277 125.083 0.0394976 0.995692 -0.0838895 -10.8038 -0.977653 0.0211598 -0.209159 101.388 
-0.217515 0.0914154 0.971767 125.773 0.039773 0.995608 -0.0847556 -10.8667 -0.975246 0.0202144 -0.220195 101.226 
-0.228732 0.0937204 0.968968 126.483 0.0427847 0.995361 -0.0861736 -10.9354 -0.972549 0.0217463 -0.231681 101.05 
-0.242163 0.0932892 0.96574 127.187 0.0457334 0.995358 -0.0846824 -11.0083 -0.969157 0.0236596 -0.245306 100.907 
-0.252505 0.0944018 0.962979 127.89 0.0493688 0.99519 -0.0846143 -11.0752 -0.966335 0.0261756 -0.255951 100.718 
-0.261705 0.0943109 0.960529 128.58 0.0555207 0.995037 -0.082572 -11.1523 -0.96355 0.0317197 -0.265643 100.528 
-0.26997 0.0951316 0.958158 129.266 0.0606803 0.99481 -0.0816733 -11.2226 -0.960955 0.0360919 -0.274342 100.332 
-0.27759 0.095843 0.955907 129.945 0.066838 0.994527 -0.0803058 -11.2851 -0.958372 0.0415988 -0.282477 100.144 
-0.282855 0.0950915 0.954437 130.639 0.0669174 0.994605 -0.0792619 -11.3634 -0.956825 0.0414488 -0.287693 99.9255 
-0.28735 0.0935668 0.953245 131.337 0.070292 0.994594 -0.0764363 -11.4225 -0.955243 0.0450415 -0.292374 99.7237 
-0.290645 0.0901314 0.952577 132.031 0.0754476 0.994613 -0.0710886 -11.4905 -0.953852 0.051208 -0.295879 99.5332 
-0.292193 0.0901497 0.952101 132.724 0.0822591 0.994227 -0.0688937 -11.5425 -0.952815 0.0581887 -0.297922 99.3345 
-0.292381 0.0873627 0.952303 133.396 0.0865133 0.994151 -0.06464 -11.6267 -0.952381 0.0634873 -0.298229 99.1193 
-0.292356 0.0931788 0.951759 134.043 0.0861941 0.993759 -0.0708139 -11.6743 -0.952417 0.0613331 -0.298563 98.9258 
-0.292076 0.0956699 0.951598 134.706 0.0876131 0.993477 -0.0729889 -11.7443 -0.952374 0.0620541 -0.298553 98.7472 
-0.291125 0.0957467 0.951882 135.367 0.0879442 0.993445 -0.0730304 -11.7995 -0.952634 0.0624515 -0.297637 98.5503 
-0.288981 0.0947569 0.952634 136.031 0.089561 0.993401 -0.0716436 -11.8534 -0.953136 0.0646152 -0.29556 98.3546 
-0.287835 0.0924553 0.953207 136.675 0.0924529 0.993363 -0.0684326 -11.9214 -0.953207 0.0684294 -0.294473 98.1742 
-0.285815 0.0923849 0.953821 137.323 0.0922102 0.993375 -0.0685849 -11.987 -0.953838 0.0683494 -0.29244 97.9819 
-0.283286 0.0943424 0.954384 137.971 0.0926498 0.993187 -0.0706773 -12.0448 -0.95455 0.0684016 -0.290096 97.7977 
-0.278841 0.0964625 0.955481 138.607 0.0956471 0.992785 -0.0723157 -12.1046 -0.955562 0.0712244 -0.286055 97.6152 
-0.274406 0.0956559 0.956844 139.24 0.0970294 0.992716 -0.0714156 -12.1615 -0.956706 0.0732452 -0.281689 97.4506 
-0.269207 0.0934624 0.958537 139.865 0.0974499 0.992815 -0.0694357 -12.2294 -0.958139 0.0747167 -0.276381 97.2854 
-0.264573 0.0909626 0.960066 140.48 0.0958592 0.993092 -0.067675 -12.2903 -0.95959 0.0741262 -0.271464 97.1226 
-0.26001 0.0902809 0.961376 141.094 0.0969017 0.993033 -0.0670461 -12.344 -0.960732 0.0757263 -0.266947 96.9599 
-0.257737 0.0879368 0.962205 141.734 0.0938856 0.993417 -0.065641 -12.4153 -0.961643 0.0734191 -0.264296 96.8145 
-0.253189 0.0855794 0.963624 142.326 0.0957695 0.993404 -0.063061 -12.4721 -0.962665 0.0763194 -0.259715 96.6513 
-0.24989 0.0833618 0.964679 142.929 0.0965344 0.993468 -0.0608433 -12.5276 -0.96345 0.0779206 -0.256305 96.4975 
-0.246761 0.0819102 0.965608 143.526 0.0947765 0.993685 -0.0600717 -12.5809 -0.964431 0.0766936 -0.252966 96.3629 
-0.242051 0.083134 0.966696 144.082 0.0922383 0.993782 -0.0623678 -12.6297 -0.965869 0.0740701 -0.248214 96.2308 
-0.238722 0.0880931 0.967084 144.671 0.0931878 0.993359 -0.0674834 -12.6599 -0.966606 0.0740107 -0.245346 96.1131 
-0.232112 0.0914124 0.968384 145.241 0.0945204 0.992982 -0.0710787 -12.7077 -0.968086 0.0750338 -0.239124 95.9775 
-0.226268 0.0926128 0.969652 145.821 0.0938614 0.99291 -0.0729317 -12.76 -0.969532 0.0745108 -0.233356 95.8661 
-0.218601 0.0908831 0.971573 146.431 0.0887501 0.993379 -0.0729544 -12.8086 -0.97177 0.0702793 -0.225219 95.7447 
-0.207366 0.089005 0.974206 146.997 0.0877205 0.993533 -0.0720988 -12.8619 -0.974323 0.0705071 -0.213832 95.6398 
-0.195521 0.0888707 0.976664 147.571 0.0875476 0.993491 -0.0728754 -12.9019 -0.976784 0.0712559 -0.202029 95.544 
-0.181495 0.0879973 0.979447 148.157 0.0860979 0.993586 -0.0733133 -12.9548 -0.979616 0.0710223 -0.187907 95.4421 
