1 2.12261e-08 -2.11895e-08 0 2.12261e-08 1 2.10703e-08 0 -2.11895e-08 2.10703e-08 1 0 
1 0.000286908 0.000986866 -0.00498293 -0.000286391 1 -0.00048032 -0.0297132 -0.000987046 0.000480079 0.999999 1.21481 
0.999999 0.000499633 0.00132323 -0.00683249 -0.00050039 1 0.000603874 -0.0680015 -0.00132297 -0.000604493 0.999999 2.40901 
0.999998 -0.000253012 0.00182569 -0.0144373 0.000251697 1 0.000743925 -0.089724 -0.00182592 -0.000743422 0.999998 3.61679 
0.999999 3.4156e-05 0.00116563 -0.0176191 -3.42081e-05 1 8.11569e-05 -0.10342 -0.00116567 -8.11546e-05 0.999999 4.81033 
0.999999 -0.000316016 0.00140276 -0.0335982 0.000315226 1 0.000593779 -0.127838 -0.00140299 -0.000593294 0.999999 6.01437 
0.999998 0.00107857 0.00185457 -0.0588681 -0.00107685 0.999999 -0.000908054 -0.141206 -0.00185559 0.000906097 0.999998 7.18931 
0.999998 0.000888999 0.00201413 -0.0674379 -0.000885172 0.999998 -0.0018793 -0.153216 -0.00201584 0.00187755 0.999996 8.37255 
0.999996 -0.000753435 0.00270203 -0.110921 0.000755425 0.999999 -0.000719948 -0.168275 -0.00270153 0.000722028 0.999996 9.57106 
0.999999 -0.000931849 0.00139485 -0.121345 0.000932659 0.999999 -0.000549786 -0.18041 -0.00139438 0.000551129 0.999999 10.7728 
0.999997 -0.00212782 0.00106048 -0.252962 0.00212841 0.999998 -0.000521314 -0.191634 -0.00105941 0.000523612 0.999999 11.8883 
0.999999 -0.00108468 0.000737802 -0.299136 0.00108519 0.999999 -0.000638736 -0.215629 -0.00073715 0.000639578 1 13.1094 
0.999999 -0.00101005 0.000568639 -0.346562 0.00101011 1 -4.29895e-05 -0.249481 -0.000568638 4.3606e-05 1 14.3254 
1 0.000803699 9.60252e-05 -0.372388 -0.000803603 1 -0.000561301 -0.25978 -9.65186e-05 0.000561266 1 15.5401 
0.999998 -0.000304308 -0.00180857 -0.407025 0.000302272 0.999999 -0.00114912 -0.275516 0.00180888 0.00114862 0.999998 16.7264 
0.999995 -0.0011626 -0.00284979 -0.424357 0.00116194 0.999999 -0.000247029 -0.308093 0.00285003 0.000243759 0.999996 17.9293 
0.999996 0.000249748 -0.00296812 -0.462126 -0.000249583 1 4.18493e-05 -0.325447 0.00296809 -4.10661e-05 0.999996 19.1358 
0.999994 0.000795419 -0.00327307 -0.510523 -0.00079541 1 -8.92169e-06 -0.363036 0.00327302 1.15673e-05 0.999995 20.3589 
0.999999 0.000680038 -0.0015341 -0.616703 -0.000680206 1 -0.000136751 -0.408103 0.00153397 0.000137836 0.999999 21.4753 
0.999997 0.0012124 -0.00232411 -0.658135 -0.00121167 0.999999 0.000299106 -0.437855 0.00232443 -0.000296247 0.999997 22.6986 
0.999991 0.00062191 -0.00413085 -0.659841 -0.000621745 1 3.10179e-05 -0.467454 0.00413083 -2.8407e-05 0.999992 23.9248 
0.999992 0.000827172 -0.00392852 -0.769619 -0.000827829 1 -0.00017639 -0.510282 0.00392833 0.000179683 0.999992 25.0069 
0.999989 0.00124185 -0.00446456 -0.801906 -0.00123795 0.999999 0.000867201 -0.547547 0.00446559 -0.000861623 0.99999 26.252 
0.999987 -0.000265771 -0.00503966 -0.830396 0.000279338 0.999996 0.00268309 -0.565805 0.00503888 -0.00268443 0.999984 27.4551 
0.999979 -5.38546e-05 -0.00653524 -0.861033 6.88107e-05 0.999997 0.00228186 -0.580191 0.00653505 -0.00228222 0.999976 28.6452 
0.999972 -0.00161178 -0.00737015 -0.891964 0.00161844 0.999998 0.000892174 -0.599504 0.00736865 -0.000904035 0.999972 29.848 
0.999959 -0.00145553 -0.0088901 -0.917065 0.00145663 0.999999 0.000112815 -0.616482 0.00888989 -0.000125717 0.999961 31.0521 
0.999948 -0.000481208 -0.0102216 -0.942924 0.000473334 1 -0.000776842 -0.626153 0.010222 0.000772006 0.999947 32.269 
0.99995 -0.00229331 -0.00968775 -1.01485 0.00227028 0.999995 -0.00239215 -0.60645 0.00969314 0.00237008 0.99995 33.5664 
0.99993 -0.00149411 -0.0116992 -0.998797 0.00145028 0.999992 -0.00375711 -0.585272 0.0117047 0.00373993 0.999925 34.8345 
0.999914 -0.00151432 -0.0130241 -1.02641 0.00144807 0.999986 -0.00509826 -0.582663 0.0130316 0.005079 0.999902 36.0245 
0.999889 -0.0037741 -0.0143867 -1.05586 0.00370096 0.99998 -0.00510991 -0.615027 0.0144057 0.00505614 0.999883 37.2049 
0.999882 -0.0051407 -0.0144504 -1.10182 0.00507007 0.999975 -0.00492294 -0.640791 0.0144753 0.00484914 0.999884 38.4013 
0.99989 -0.00512871 -0.0139308 -1.14548 0.00507472 0.99998 -0.00391128 -0.662326 0.0139506 0.0038402 0.999895 39.6216 
0.999882 -0.00502069 -0.0145189 -1.18502 0.00497922 0.999983 -0.00289402 -0.709707 0.0145331 0.00282143 0.99989 40.8027 
0.999897 -0.00438171 -0.0136789 -1.24725 0.00435379 0.999988 -0.00207348 -0.770769 0.0136878 0.00201375 0.999904 42.0186 
0.999902 -0.00314262 -0.013618 -1.27096 0.003094 0.999989 -0.00359334 -0.765891 0.013629 0.0035509 0.999901 43.261 
0.99989 -0.000553354 -0.0148331 -1.29365 0.00052879 0.999999 -0.0016627 -0.802651 0.0148339 0.00165471 0.999889 44.4495 
0.999905 -0.000116109 -0.0137955 -1.33183 0.00013481 0.999999 0.00135165 -0.817085 0.0137953 -0.00135334 0.999904 45.6291 
0.999905 0.000722682 -0.0137832 -1.33906 -0.000681823 0.999995 0.00296585 -0.818184 0.0137852 -0.00295613 0.999901 46.8298 
0.999895 0.000603628 -0.0144501 -1.3606 -0.000493444 0.999971 0.00762455 -0.846208 0.0144542 -0.00761657 0.999867 48.018 
0.999915 -0.00143386 -0.0129412 -1.40735 0.00154058 0.999965 0.00823712 -0.859977 0.0129289 -0.00825632 0.999882 49.2235 
0.99994 -0.00249953 -0.0107012 -1.44935 0.00257589 0.999971 0.00712327 -0.875186 0.010683 -0.00715037 0.999917 50.4326 
0.999938 -0.000914399 -0.0111369 -1.44919 0.000961108 0.999991 0.00418563 -0.877171 0.0111329 -0.00419603 0.999929 51.6843 
0.999936 -0.000575709 -0.0112984 -1.47498 0.000620245 0.999992 0.00393489 -0.899073 0.011296 -0.0039416 0.999928 52.8793 
0.999937 0.000103799 -0.0111844 -1.51601 -6.75828e-05 0.999995 0.00323465 -0.920833 0.0111847 -0.00323365 0.999932 54.0471 
0.999935 -0.000941187 -0.011337 -1.57097 0.000977555 0.999994 0.00319908 -0.954555 0.0113339 -0.00320992 0.999931 55.2519 
0.999912 -0.00117036 -0.0131906 -1.6197 0.00122497 0.999991 0.00412976 -0.975155 0.0131856 -0.00414552 0.999905 56.4038 
0.999904 -0.00160922 -0.013764 -1.68816 0.00167826 0.999986 0.00500274 -0.991301 0.0137557 -0.00502532 0.999893 57.598 
0.999895 -0.00308249 -0.0141685 -1.74479 0.0031519 0.999983 0.00487606 -0.99862 0.0141532 -0.00492017 0.999888 58.842 
0.999879 -0.00220427 -0.0153917 -1.78335 0.00226077 0.999991 0.00365159 -0.99847 0.0153834 -0.00368591 0.999875 60.0658 
0.99988 -0.00138584 -0.015452 -1.83122 0.0014179 0.999997 0.00206094 -1.00755 0.0154491 -0.00208256 0.999879 61.2657 
0.999876 -0.00196833 -0.0156011 -1.87352 0.00199316 0.999997 0.00157352 -1.02296 0.0155979 -0.00160438 0.999877 62.4745 
0.999862 -0.00174069 -0.016499 -1.90022 0.00175084 0.999998 0.000598705 -1.03749 0.0164979 -0.000627468 0.999864 63.6829 
0.999844 -0.00335305 -0.0173461 -1.94107 0.00337173 0.999994 0.00104534 -1.06288 0.0173424 -0.00110362 0.999849 64.8902 
0.999824 -0.00388941 -0.0183465 -1.96035 0.00393339 0.99999 0.00235965 -1.08554 0.0183371 -0.00243135 0.999829 66.1312 
0.999812 -0.00291361 -0.0191508 -2.00342 0.00294137 0.999995 0.00141943 -1.12382 0.0191465 -0.00147545 0.999816 67.3346 
0.999857 -0.00109978 -0.0168528 -2.10103 0.0011012 0.999999 7.26522e-05 -1.14476 0.0168526 -9.11576e-05 0.999858 68.4991 
0.999848 0.000213878 -0.017422 -2.14759 -0.000190989 0.999999 0.00131305 -1.18428 0.0174223 -0.00130948 0.999847 69.6946 
0.999811 0.0028684 -0.0192224 -2.17702 -0.00286851 0.999996 1.95527e-05 -1.19223 0.0192223 3.5633e-05 0.999815 70.8544 
0.999801 0.00458462 -0.019437 -2.20677 -0.00460191 0.999989 -0.000846934 -1.18831 0.0194329 0.000936254 0.999811 72.0723 
0.999845 0.00528309 -0.0168183 -2.26694 -0.0052822 0.999986 9.47443e-05 -1.21369 0.0168185 -5.84935e-06 0.999859 73.3092 
0.999885 0.00793511 -0.0129441 -2.3518 -0.0079197 0.999968 0.00123835 -1.24723 0.0129535 -0.00113565 0.999915 74.4627 
0.999944 0.00537558 -0.00908511 -2.3974 -0.00536825 0.999985 0.000826908 -1.29138 0.00908938 -0.000778049 0.999958 75.6365 
0.999967 0.00544235 -0.00611259 -2.43206 -0.00547019 0.999975 -0.0045551 -1.30313 0.00608761 0.00458843 0.999971 76.7971 
0.999982 0.00557163 -0.00229154 -2.48256 -0.00558267 0.999973 -0.00486041 -1.33074 0.00226436 0.00487315 0.999986 77.9338 
0.999999 0.00124858 0.000532833 -2.52262 -0.00124838 0.999999 -0.000296777 -1.36326 -0.000533246 0.000296154 1 79.0622 
0.999986 0.00263925 0.00454747 -2.54113 -0.00264 0.999997 0.000168135 -1.37706 -0.00454705 -0.000180096 0.99999 80.2572 
0.999931 0.0022228 0.0115194 -2.61165 -0.00219756 0.999995 -0.00219917 -1.37819 -0.0115243 0.00217375 0.999931 81.3081 
0.999838 -0.00360282 0.0176103 -2.67853 0.00362694 0.999993 -0.00133542 -1.44329 -0.0176054 0.00139912 0.999844 82.349 
0.99974 -0.00477436 0.0222873 -2.68801 0.0048996 0.999973 -0.00556611 -1.46351 -0.0222602 0.00567391 0.999736 83.5115 
0.999628 -0.00585014 0.0266351 -2.70028 0.006008 0.999965 -0.00584929 -1.49728 -0.0266 0.00600718 0.999628 84.6644 
0.999513 -0.00663418 0.030489 -2.69701 0.00677215 0.999967 -0.0044228 -1.52262 -0.0304587 0.00462717 0.999525 85.8062 
0.999343 -0.00469725 0.0359521 -2.714 0.00486422 0.999978 -0.00455701 -1.54319 -0.03593 0.00472894 0.999343 86.9 
0.999151 -0.00535068 0.0408395 -2.71204 0.00559528 0.999967 -0.00587647 -1.57211 -0.0408067 0.00610004 0.999148 88.0825 
0.998992 -0.00469992 0.0446344 -2.69416 0.00507809 0.999952 -0.00836195 -1.59286 -0.044593 0.00858023 0.998968 89.2334 
0.998849 -0.00547613 0.0476598 -2.6847 0.00585444 0.999952 -0.00780094 -1.63668 -0.0476148 0.00807102 0.998833 90.3497 
0.998697 -0.00575089 0.0507018 -2.65764 0.00615649 0.99995 -0.00784622 -1.65341 -0.0506542 0.00814819 0.998683 91.5276 
0.998567 -0.00785754 0.0529304 -2.64927 0.00823435 0.999942 -0.00690393 -1.66823 -0.0528731 0.00732993 0.998574 92.7166 
0.998449 -0.00827192 0.0550502 -2.59567 0.00857254 0.99995 -0.00522608 -1.68916 -0.0550043 0.00568994 0.99847 93.8785 
0.99827 -0.0100377 0.0579256 -2.55532 0.0102493 0.999942 -0.00335688 -1.72661 -0.0578885 0.00394481 0.998315 95.0384 
0.998124 -0.0110137 0.0602285 -2.5072 0.0113653 0.99992 -0.00549748 -1.75665 -0.0601632 0.00617173 0.99817 96.1864 
0.997977 -0.0101173 0.0627709 -2.4596 0.0106945 0.999904 -0.00886456 -1.77206 -0.0626752 0.00951796 0.997989 97.3847 
0.997899 -0.00867472 0.0642042 -2.40333 0.00946269 0.999884 -0.0119783 -1.79256 -0.0640929 0.0125607 0.997865 98.5674 
0.997815 -0.0082357 0.0655487 -2.34994 0.0091201 0.999871 -0.0132038 -1.80501 -0.0654316 0.0137728 0.997762 99.7412 
0.997824 -0.0100171 0.0651691 -2.29161 0.0107907 0.999875 -0.0115293 -1.89366 -0.0650455 0.0122075 0.997808 100.926 
0.997765 -0.00855277 0.066269 -2.32859 0.00931274 0.999894 -0.011167 -1.89839 -0.0661665 0.0117592 0.997739 102.102 
0.997829 -0.0101922 0.065062 -2.28243 0.0107908 0.999903 -0.00885452 -1.94844 -0.0649655 0.00953741 0.997842 103.281 
0.997915 -0.0100881 0.0637553 -2.24415 0.0106096 0.999913 -0.00784483 -1.98433 -0.0636707 0.00850493 0.997935 104.447 
0.997887 -0.00906009 0.0643453 -2.31597 0.00953495 0.99993 -0.00707581 -2.03472 -0.0642767 0.00767442 0.997903 105.629 
0.998145 -0.00910666 0.0601916 -2.2308 0.0095846 0.999925 -0.00765574 -2.04854 -0.0601174 0.0082185 0.998158 106.893 
0.998354 -0.00805919 0.0567899 -2.20233 0.00854812 0.999928 -0.00837103 -2.07703 -0.0567184 0.00884274 0.998351 108.135 
0.998418 -0.0082474 0.055625 -2.25799 0.0086499 0.999938 -0.00699822 -2.12552 -0.0555639 0.00746834 0.998427 109.268 
0.998616 -0.00795566 0.0519883 -2.21771 0.00829017 0.999946 -0.00622102 -2.16343 -0.0519361 0.00664344 0.998628 110.496 
0.998766 -0.00677398 0.0491916 -2.22868 0.00706637 0.999958 -0.0057715 -2.17247 -0.0491505 0.00611203 0.998773 111.672 
0.998915 -0.00570465 0.0462118 -2.21426 0.00597437 0.999966 -0.00569963 -2.22068 -0.0461778 0.00596958 0.998915 112.931 
0.999016 -0.0050688 0.0440669 -2.28494 0.00533038 0.999969 -0.00581953 -2.23647 -0.044036 0.00604873 0.999012 114.124 
0.999105 -0.00349886 0.0421529 -2.3234 0.00378232 0.999971 -0.00664575 -2.25755 -0.0421285 0.00679928 0.999089 115.305 
0.999239 -0.00254064 0.0389147 -2.34183 0.00281212 0.999972 -0.00692206 -2.306 -0.038896 0.00702627 0.999219 116.494 
0.999382 -0.00295032 0.0350329 -2.35022 0.00321821 0.999966 -0.00759185 -2.33281 -0.0350093 0.00769994 0.999357 117.746 
0.999495 -0.000574359 0.0317613 -2.33459 0.000829332 0.999968 -0.00801384 -2.36866 -0.0317557 0.00803617 0.999463 118.899 
0.999514 0.00136752 0.0311502 -2.39388 -0.00111988 0.999968 -0.00796472 -2.40665 -0.0311601 0.007926 0.999483 120.054 
0.999554 0.00337621 0.0296582 -2.35718 -0.00309786 0.999951 -0.0094247 -2.40292 -0.0296886 0.00932866 0.999516 121.312 
0.999566 0.00381522 0.0292123 -2.3787 -0.00357278 0.999959 -0.00834549 -2.4629 -0.029243 0.00823754 0.999538 122.566 
0.999594 0.00578427 0.0279005 -2.35649 -0.00559911 0.999962 -0.00670828 -2.50558 -0.0279383 0.00654938 0.999588 123.844 
0.999582 0.0062543 0.0282104 -2.36828 -0.00608626 0.999963 -0.00603687 -2.54927 -0.0282472 0.0058627 0.999584 125.067 
0.999587 0.0103332 0.0268055 -2.35507 -0.0102149 0.999938 -0.00454602 -2.5616 -0.0268509 0.00427037 0.99963 126.331 
0.999631 0.0113642 0.0246562 -2.32748 -0.011323 0.999934 -0.00180929 -2.57979 -0.0246752 0.00152949 0.999694 127.588 
0.999668 0.0105195 0.0235193 -2.3035 -0.0104686 0.999943 -0.00228549 -2.60098 -0.0235421 0.00203856 0.999721 128.877 
0.999665 0.010646 0.0236048 -2.32332 -0.0105469 0.999935 -0.0043173 -2.61441 -0.0236492 0.00406693 0.999712 130.171 
0.999694 0.00852202 0.0232149 -2.33225 -0.00843721 0.999957 -0.00374668 -2.62779 -0.0232459 0.0035497 0.999724 131.456 
0.999716 0.00699631 0.0227651 -2.32131 -0.00694059 0.999973 -0.00252375 -2.64558 -0.0227822 0.00236507 0.999738 132.707 
0.999742 0.00500241 0.0221486 -2.31456 -0.00499356 0.999987 -0.000452927 -2.65942 -0.0221507 0.000342252 0.999755 134.005 
0.999782 -4.73645e-05 0.0208687 -2.29056 6.23821e-05 1 -0.000716915 -2.66948 -0.0208688 0.000718103 0.999782 135.202 
0.999756 -0.00379678 0.0217685 -2.28644 0.00382585 0.999992 -0.00129212 -2.71842 -0.0217635 0.00137513 0.999762 136.477 
0.999732 -0.00658279 0.022212 -2.27774 0.00664878 0.999974 -0.00289629 -2.74144 -0.0221924 0.00304324 0.999749 137.752 
0.99972 -0.0065538 0.0227333 -2.27334 0.00664191 0.999971 -0.00380075 -2.75809 -0.0227078 0.00395072 0.999734 139.024 
0.999697 -0.00667522 0.0236747 -2.27231 0.00676008 0.999971 -0.00350467 -2.78025 -0.0236507 0.00366369 0.999714 140.31 
0.999682 -0.00963845 0.0233255 -2.24959 0.00969248 0.999951 -0.00220234 -2.81292 -0.0233031 0.00242777 0.999726 141.63 
0.999683 -0.0060648 0.0244492 -2.25 0.00608934 0.999981 -0.000927839 -2.82567 -0.0244432 0.00107647 0.999701 142.902 
0.999628 -0.0064217 0.0265203 -2.25773 0.00652149 0.999972 -0.00367654 -2.83837 -0.026496 0.00384817 0.999642 144.174 
0.999606 -0.00504708 0.0275991 -2.27202 0.00520094 0.999971 -0.00550407 -2.87767 -0.0275706 0.00564549 0.999604 145.488 
0.999595 -0.00573767 0.0278684 -2.27074 0.00595234 0.999953 -0.00762466 -2.90647 -0.0278234 0.0077875 0.999583 146.766 
0.999576 -0.00514507 0.0286671 -2.28075 0.00546997 0.999922 -0.0112655 -2.94972 -0.0286069 0.0114175 0.999526 148.091 
0.999552 -0.00570039 0.0293671 -2.26547 0.00612144 0.99988 -0.0142663 -3.00658 -0.0292823 0.0144397 0.999467 149.408 
0.9995 -0.00474361 0.0312734 -2.28223 0.00520859 0.999877 -0.014802 -3.05195 -0.0311994 0.0149575 0.999401 150.672 
0.999498 -0.00546074 0.0312166 -2.27474 0.00593393 0.999869 -0.0150845 -3.08632 -0.0311302 0.0152622 0.999399 151.943 
0.999464 -0.00489454 0.03236 -2.26884 0.00536197 0.999882 -0.0143722 -3.13552 -0.0322859 0.0145381 0.999373 153.215 
0.999432 -0.00279743 0.0335771 -2.26603 0.00328194 0.999891 -0.0143821 -3.16283 -0.0335333 0.0144842 0.999333 154.49 
0.999468 -0.0036289 0.0324205 -2.26389 0.00405959 0.999904 -0.0132274 -3.22133 -0.0323695 0.013352 0.999387 155.786 
0.999468 -0.00477941 0.0322698 -2.24712 0.00523988 0.999886 -0.0141985 -3.2562 -0.0321983 0.0143601 0.999378 157.048 
0.999507 -0.00476102 0.0310509 -2.2124 0.00517117 0.9999 -0.0131406 -3.32225 -0.0309853 0.0132947 0.999431 158.293 
0.999479 -0.00657417 0.0315901 -2.20946 0.00694369 0.999909 -0.0116006 -3.36533 -0.031511 0.011814 0.999434 159.578 
0.999553 -0.00522537 0.0294245 -2.16593 0.00556777 0.999918 -0.0115654 -3.40767 -0.0293617 0.0117241 0.9995 160.861 
0.999521 -0.00511515 0.0305357 -2.19129 0.00550626 0.999904 -0.0127366 -3.46109 -0.0304677 0.0128987 0.999453 162.169 
0.999546 -0.00401713 0.0298661 -2.19295 0.0044438 0.999889 -0.014232 -3.49334 -0.0298056 0.0143583 0.999453 163.457 
0.999551 -0.00420315 0.0296586 -2.20762 0.00460708 0.999897 -0.0135627 -3.54967 -0.0295986 0.0136933 0.999468 164.733 
0.999563 -0.00544167 0.0290529 -2.19807 0.00587316 0.999873 -0.0147855 -3.59296 -0.0289688 0.0149497 0.999469 166.005 
0.99962 -0.00500931 0.0271013 -2.17433 0.00545145 0.999853 -0.0162633 -3.62981 -0.0270159 0.0164049 0.9995 167.297 
0.999628 -0.00261917 0.0271349 -2.18838 0.00307072 0.999857 -0.016611 -3.67728 -0.0270876 0.0166882 0.999494 168.592 
0.999643 -0.00424007 0.0263936 -2.16583 0.00463027 0.999881 -0.0147387 -3.72921 -0.026328 0.0148557 0.999543 169.924 
0.999657 -0.00323567 0.0259993 -2.16999 0.00363558 0.999876 -0.0153472 -3.7588 -0.0259465 0.0154365 0.999544 171.216 
0.999712 -0.00208697 0.0239228 -2.1449 0.00244423 0.999886 -0.0149128 -3.80723 -0.023889 0.014967 0.999603 172.485 
0.99975 -0.000810986 0.0223301 -2.13143 0.0011276 0.999899 -0.0141678 -3.85552 -0.0223164 0.0141895 0.99965 173.761 
0.999749 -0.000616464 0.0223937 -2.14851 0.000971403 0.999874 -0.0158406 -3.89234 -0.0223811 0.0158584 0.999624 175.035 
0.999736 0.000789444 0.0229494 -2.18123 -0.000408565 0.999862 -0.0165946 -3.93184 -0.0229594 0.0165809 0.999599 176.287 
0.999728 0.000669943 0.0233042 -2.19412 -0.000293006 0.999869 -0.0161724 -3.98494 -0.0233121 0.0161612 0.999598 177.568 
0.999714 0.000578243 0.0238921 -2.22087 -0.000178853 0.99986 -0.0167134 -4.0441 -0.0238984 0.0167044 0.999575 178.842 
0.999715 -0.000370875 0.0238513 -2.2166 0.000797005 0.99984 -0.0178573 -4.0926 -0.0238409 0.0178713 0.999556 180.142 
0.999719 -0.00208809 0.0236289 -2.21801 0.00250519 0.999841 -0.0176345 -4.13691 -0.0235884 0.0176888 0.999565 181.411 
0.999708 -0.00254617 0.0240192 -2.22774 0.00290643 0.999884 -0.0149741 -4.16874 -0.0239783 0.0150396 0.999599 182.68 
0.999733 -0.00365504 0.022818 -2.20899 0.00388017 0.999944 -0.00982773 -4.21474 -0.0227809 0.00991368 0.999691 183.959 
0.999717 -0.0043877 0.0234023 -2.2079 0.00464808 0.999928 -0.0110814 -4.25645 -0.0233521 0.0111871 0.999665 185.219 
0.999725 -0.00170402 0.0233764 -2.20109 0.0020391 0.999895 -0.0143158 -4.29066 -0.0233496 0.0143595 0.999624 186.477 
0.99975 -0.00172709 0.0223118 -2.19292 0.0020987 0.999859 -0.0166407 -4.33108 -0.02228 0.0166834 0.999613 187.699 
0.999752 -3.51999e-05 0.0222832 -2.19421 0.000406018 0.999862 -0.0166349 -4.37049 -0.0222796 0.0166398 0.999613 188.942 
0.999706 0.000291694 0.0242364 -2.2315 7.79636e-05 0.999884 -0.015248 -4.416 -0.0242381 0.0152455 0.99959 190.162 
0.999677 -0.00102926 0.0253829 -2.28322 0.00136304 0.999913 -0.0131341 -4.47005 -0.0253672 0.0131645 0.999592 191.352 
0.999658 -0.00243358 0.0260485 -2.27186 0.00273135 0.999931 -0.0114005 -4.53755 -0.026019 0.0114677 0.999596 192.637 
0.999623 -0.00323112 0.0272677 -2.25565 0.00355044 0.999926 -0.0116685 -4.58055 -0.027228 0.011761 0.99956 193.882 
0.999579 -0.00567253 0.0284425 -2.23152 0.00606891 0.999885 -0.0138676 -4.61773 -0.0283606 0.0140344 0.999499 195.123 
0.999562 -0.00587199 0.0290214 -2.20453 0.00632118 0.999861 -0.015409 -4.6608 -0.0289269 0.0155857 0.99946 196.368 
0.999515 -0.00642722 0.030482 -2.19153 0.00688202 0.999866 -0.0148374 -4.72169 -0.0303826 0.01504 0.999425 197.611 
0.999454 -0.00526332 0.0326197 -2.19687 0.00578553 0.999856 -0.0159341 -4.75208 -0.0325312 0.0161142 0.999341 198.852 
0.999418 -0.00602042 0.0335848 -2.17609 0.00651082 0.999874 -0.0145103 -4.79894 -0.0334933 0.0147206 0.999331 200.058 
0.999416 -0.00485753 0.033825 -2.14935 0.00531981 0.999894 -0.013589 -4.83698 -0.0337554 0.013761 0.999335 201.269 
0.999368 -0.00488064 0.0352217 -2.13179 0.00536046 0.999894 -0.0135403 -4.87725 -0.0351519 0.0137206 0.999288 202.466 
0.999361 -0.00475387 0.0354342 -2.10465 0.00521279 0.999904 -0.0128691 -4.92831 -0.0353697 0.0130456 0.999289 203.699 
0.999309 -0.00578803 0.0367221 -2.08416 0.00630438 0.999883 -0.0139595 -4.93412 -0.0366371 0.0141814 0.999228 204.873 
0.999279 -0.00592831 0.037498 -2.05525 0.00644081 0.999887 -0.0135603 -4.99084 -0.0374134 0.0137921 0.999205 206.087 
0.999266 -0.00605382 0.0378207 -2.04199 0.006553 0.999893 -0.0130875 -5.04204 -0.0377374 0.0133258 0.999199 207.266 
0.999215 -0.00804068 0.0387808 -2.0236 0.00855239 0.999878 -0.0130459 -5.08296 -0.0386712 0.0133674 0.999163 208.435 
0.999194 -0.007719 0.0393904 -2.02596 0.00821282 0.99989 -0.012389 -5.12048 -0.0392905 0.0127025 0.999147 209.667 
0.999158 -0.00877498 0.0400767 -2.01487 0.00922762 0.999896 -0.0111222 -5.16765 -0.039975 0.0114827 0.999135 210.781 
0.999212 -0.00762315 0.0389595 -1.98926 0.00806816 0.999904 -0.0112769 -5.20332 -0.0388698 0.0115824 0.999177 211.89 
0.999192 -0.00709769 0.0395494 -1.98156 0.00759777 0.999893 -0.0125075 -5.23883 -0.0394564 0.012798 0.999139 212.987 
0.999244 -0.00714462 0.0382105 -1.94283 0.00765567 0.999883 -0.0132437 -5.27949 -0.0381115 0.0135263 0.999182 214.043 
0.999258 -0.0064336 0.0379846 -1.92451 0.00695441 0.999883 -0.0135938 -5.32159 -0.0378928 0.0138479 0.999186 215.124 
0.999297 -0.00582129 0.0370307 -1.91205 0.00631569 0.999892 -0.0132469 -5.36553 -0.0369496 0.0134715 0.999226 216.194 
0.999376 -0.00769639 0.0344655 -1.89267 0.00816357 0.999876 -0.0134338 -5.39411 -0.0343579 0.0137069 0.999316 217.195 
0.99947 -0.00886307 0.0313173 -1.85669 0.00920417 0.9999 -0.0107631 -5.46466 -0.0312188 0.0110457 0.999452 218.228 
0.999565 -0.00940964 0.0279524 -1.8389 0.00968991 0.999904 -0.00990677 -5.49682 -0.0278565 0.0101734 0.99956 219.227 
0.999641 -0.00970781 0.0249694 -1.81876 0.00996793 0.999897 -0.0103127 -5.52029 -0.0248668 0.0105579 0.999635 220.237 
0.99968 -0.00828752 0.0238848 -1.84778 0.00854865 0.999905 -0.0108499 -5.55796 -0.0237927 0.0110506 0.999656 221.22 
0.999752 -0.00908198 0.0203129 -1.84177 0.00928811 0.999906 -0.0100746 -5.59764 -0.0202195 0.0102608 0.999743 222.172 
0.999791 -0.00850981 0.0186105 -1.86511 0.00868788 0.999917 -0.0095064 -5.64215 -0.0185281 0.00966614 0.999782 223.127 
0.999856 -0.0087007 0.0145722 -1.84852 0.00884542 0.999912 -0.00989316 -5.6701 -0.0144848 0.0100207 0.999845 224.043 
0.999905 -0.0087419 0.0106826 -1.84839 0.00884544 0.999914 -0.00968004 -5.70501 -0.0105971 0.00977365 0.999896 224.93 
0.999946 -0.00834026 0.0061732 -1.84182 0.0084021 0.999914 -0.0100523 -5.73843 -0.00608887 0.0101037 0.99993 225.819 
0.999969 -0.00735608 0.00285719 -1.85998 0.00738611 0.999916 -0.0106307 -5.75972 -0.00277879 0.0106516 0.999939 226.669 
0.999979 -0.00646684 0.00100526 -1.87881 0.00647854 0.999906 -0.0120642 -5.77997 -0.000927188 0.0120705 0.999927 227.483 
0.999992 -0.00393628 -0.000593021 -1.90776 0.00392924 0.999926 -0.0115118 -5.81674 0.000638249 0.0115094 0.999934 228.306 
0.999994 -0.00330424 -0.000579769 -1.93545 0.00329741 0.999929 -0.0114699 -5.83374 0.000617585 0.0114679 0.999934 229.105 
0.999995 -0.00309654 3.35514e-05 -1.95638 0.00309676 0.99994 -0.0104766 -5.85566 -1.15041e-06 0.0104767 0.999945 229.886 
0.999996 -0.00263351 -0.000445078 -1.96679 0.00262904 0.999948 -0.00984647 -5.88164 0.000470943 0.00984531 0.999951 230.664 
0.999997 -0.00228123 0.00053477 -1.98962 0.00228649 0.999948 -0.00996467 -5.91717 -0.000512052 0.00996591 0.99995 231.406 
0.999998 -0.00194825 0.000779367 -1.99904 0.00195726 0.99993 -0.0116786 -5.94124 -0.000756601 0.0116802 0.999932 232.156 
0.999995 -0.00297204 0.00137106 -2.01017 0.00299114 0.999896 -0.0141152 -5.96497 -0.001329 0.0141193 0.999899 232.876 
0.999994 -0.00286475 0.002025 -2.02627 0.0028941 0.999889 -0.0146185 -6.00592 -0.00198294 0.0146243 0.999891 233.588 
0.999993 -0.00213674 0.00315731 -2.04018 0.00218448 0.999882 -0.0151829 -6.03114 -0.00312454 0.0151898 0.99988 234.303 
0.999983 -0.00283822 0.0051088 -2.05057 0.00291512 0.999882 -0.0150993 -6.0606 -0.00506538 0.015114 0.999873 235.029 
0.999974 -0.00250526 0.00674151 -2.05768 0.00260871 0.999878 -0.0153749 -6.0762 -0.00670221 0.0153921 0.999859 235.747 
0.999954 -0.0030746 0.00907221 -2.05913 0.00321667 0.999872 -0.0156815 -6.10041 -0.00902287 0.01571 0.999836 236.47 
0.999934 -0.00242444 0.0112278 -2.06242 0.00260684 0.999865 -0.0162549 -6.12112 -0.011187 0.0162832 0.999805 237.183 
0.999893 -0.00280399 0.0143515 -2.06936 0.00303847 0.999862 -0.0163397 -6.14258 -0.0143037 0.0163816 0.999764 237.906 
0.999841 -0.00422017 0.0173193 -2.0653 0.00448282 0.999875 -0.015152 -6.1663 -0.0172532 0.0152272 0.999735 238.609 
0.999783 -0.00587749 0.0199688 -2.05403 0.00618623 0.999862 -0.0154325 -6.18254 -0.0198754 0.0155527 0.999682 239.342 
0.999714 -0.00650759 0.0230218 -2.04765 0.00687402 0.99985 -0.0158714 -6.20333 -0.0229151 0.0160251 0.999609 240.029 
0.999665 -0.00647152 0.0250618 -2.02628 0.0068847 0.999841 -0.016434 -6.22093 -0.0249515 0.016601 0.999551 240.73 
0.999591 -0.00690247 0.0277555 -2.01125 0.00737383 0.99983 -0.0169147 -6.23983 -0.0276341 0.0171125 0.999472 241.423 
0.999489 -0.00515283 0.0315394 -2.01141 0.00572087 0.999823 -0.0179454 -6.26248 -0.0314413 0.0181167 0.999341 242.122 
0.999395 -0.00673034 0.0341138 -2.00052 0.00735158 0.999809 -0.0181171 -6.30288 -0.0339854 0.018357 0.999254 242.807 
0.999306 -0.00655402 0.0366609 -1.98505 0.00720842 0.999817 -0.0177452 -6.32281 -0.0365379 0.0179971 0.99917 243.505 
0.999185 -0.00661509 0.0398133 -1.98007 0.00729522 0.99983 -0.0169611 -6.35025 -0.0396943 0.0172378 0.999063 244.202 
0.999069 -0.00493852 0.0428671 -1.9657 0.00571335 0.999822 -0.0179706 -6.36254 -0.0427708 0.0181988 0.998919 244.903 
0.998961 -0.0041976 0.0453837 -1.95 0.005123 0.999781 -0.0202924 -6.38157 -0.0452886 0.0205039 0.998764 245.603 
0.998903 -0.00173005 0.0467947 -1.9307 0.00279816 0.999737 -0.0227686 -6.4036 -0.046743 0.0228746 0.998645 246.3 
0.998869 -0.00173629 0.0475119 -1.90727 0.00286432 0.999715 -0.0236833 -6.43353 -0.0474573 0.0237926 0.99859 247.013 
0.998895 0.00210785 0.0469582 -1.87808 -0.000964696 0.999703 -0.0243524 -6.45796 -0.0469957 0.0242802 0.9986 247.734 
0.998887 -0.00593041 0.0467925 -1.85512 0.00703764 0.999698 -0.0235325 -6.50533 -0.0466389 0.0238357 0.998627 248.464 
0.998887 -0.00494242 0.0469171 -1.82116 0.00605419 0.999704 -0.0235831 -6.53804 -0.0467867 0.0238409 0.99862 249.225 
0.998906 -0.00286915 0.04668 -1.78592 0.00399688 0.999702 -0.0240824 -6.58135 -0.046597 0.0242427 0.99862 249.931 
0.998888 -0.00441193 0.046936 -1.77576 0.00560221 0.999665 -0.0252575 -6.62049 -0.0468089 0.0254924 0.998579 250.645 
0.998867 -0.00799525 0.0469233 -1.75041 0.00931088 0.999568 -0.0278856 -6.64575 -0.0466801 0.0282909 0.998509 251.382 
0.998838 -0.0101622 0.0471063 -1.66839 0.0115507 0.999504 -0.029297 -6.65906 -0.0467853 0.0298071 0.99846 252.124 
0.998842 -0.00833111 0.0473868 -1.66079 0.00952455 0.999642 -0.0250144 -6.69012 -0.0471615 0.0254368 0.998563 252.879 
0.998824 -0.00530713 0.0481865 -1.6589 0.0062478 0.999792 -0.0193909 -6.71562 -0.0480737 0.0196692 0.99865 253.644 
0.998775 -0.00733194 0.0489306 -1.63153 0.00812476 0.999839 -0.0160227 -6.74964 -0.0488053 0.0164007 0.998674 254.403 
0.998656 -0.00684154 0.0513679 -1.60703 0.00779677 0.9998 -0.0184176 -6.77081 -0.0512317 0.0187934 0.99851 255.194 
0.998451 -0.00582672 0.0553303 -1.58367 0.00717181 0.999683 -0.024142 -6.80718 -0.0551721 0.0245014 0.998176 255.982 
0.998238 -0.00401469 0.0592016 -1.55799 0.00568526 0.99959 -0.0280762 -6.82688 -0.0590646 0.0283634 0.997851 256.78 
0.998059 -0.00191968 0.0622524 -1.52404 0.00370077 0.999587 -0.0285073 -6.85689 -0.062172 0.0286824 0.997653 257.582 
0.997798 -0.00436791 0.0661822 -1.4913 0.00604846 0.999664 -0.025213 -6.90082 -0.0660499 0.0255578 0.997489 258.412 
0.997464 -0.00773422 0.0707494 -1.4924 0.0092672 0.999729 -0.0213646 -6.93763 -0.070565 0.0219661 0.997265 259.206 
0.997244 -0.010341 0.0734708 -1.4349 0.0118299 0.999733 -0.0198579 -6.9696 -0.0732459 0.0206723 0.9971 260.042 
0.997032 -0.00730911 0.0766426 -1.38956 0.00891797 0.999747 -0.02067 -6.97179 -0.0764722 0.0212922 0.996844 260.868 
0.996924 -0.00271944 0.0783259 -1.32162 0.00456238 0.999717 -0.0233592 -6.98725 -0.0782402 0.0236447 0.996654 261.717 
0.996681 0.000414992 0.0813998 -1.28735 0.00172808 0.999654 -0.026255 -6.99787 -0.0813826 0.0263085 0.996336 262.552 
0.996471 0.000341054 0.083941 -1.23604 0.0019173 0.999638 -0.0268214 -7.03007 -0.0839198 0.0268878 0.99611 263.378 
0.996223 0.00263 0.0867938 -1.16198 -0.000401509 0.99967 -0.0256826 -7.04959 -0.0868328 0.0255508 0.995895 264.252 
0.99589 0.0042697 0.0904665 -1.12313 -0.0021196 0.999713 -0.0238491 -7.08728 -0.0905424 0.0235594 0.995614 265.088 
0.995642 0.00325325 0.0932048 -1.05629 -0.00109815 0.999731 -0.0231636 -7.14329 -0.0932551 0.0229604 0.995378 265.948 
0.99532 0.00374016 0.096558 -1.01525 -0.00144162 0.999714 -0.023863 -7.16777 -0.0966197 0.0236122 0.995041 266.746 
0.995042 0.00237267 0.0994268 -0.954881 5.52979e-05 0.999702 -0.0244094 -7.19677 -0.0994551 0.0242939 0.994745 267.568 
0.994844 -0.00167356 0.101407 -0.879352 0.0041093 0.999708 -0.0238149 -7.23242 -0.101338 0.0241088 0.99456 268.43 
0.994844 -0.00236251 0.101391 -0.793248 0.00483429 0.999697 -0.0241395 -7.26137 -0.101303 0.0245052 0.994554 269.271 
0.994754 -0.00301322 0.102248 -0.733209 0.00551253 0.999693 -0.0241693 -7.28941 -0.102144 0.0246062 0.994465 270.105 
0.99463 -0.00302683 0.103455 -0.684548 0.00555173 0.999694 -0.024126 -7.3264 -0.10335 0.0245709 0.994342 270.912 
0.994596 -0.000366144 0.103818 -0.62474 0.00288522 0.999705 -0.0241148 -7.35279 -0.103779 0.0242841 0.994304 271.772 
0.994625 0.000598452 0.10354 -0.553115 0.0019123 0.999707 -0.0241476 -7.3841 -0.103524 0.0242159 0.994332 272.638 
0.995006 -8.625e-05 0.0998153 -0.466381 0.00255554 0.999694 -0.0246106 -7.41991 -0.0997827 0.0247428 0.994702 273.456 
0.995043 0.00181979 0.0994304 -0.413802 0.000862302 0.999637 -0.0269245 -7.43752 -0.0994433 0.0268768 0.99468 274.325 
0.995208 0.00297179 0.0977361 -0.346929 -0.000271822 0.999618 -0.0276263 -7.47489 -0.0977809 0.0274674 0.994829 275.173 
0.995291 0.00549622 0.09678 -0.299254 -0.00269883 0.999575 -0.0290114 -7.49519 -0.0968984 0.0286136 0.994883 275.977 
0.995451 0.00710425 0.0950049 -0.24381 -0.00433464 0.999561 -0.0293265 -7.5319 -0.0951716 0.0287813 0.995045 276.807 
0.995649 0.00456837 0.0930723 -0.197052 -0.0019937 0.999613 -0.0277368 -7.58887 -0.093163 0.0274306 0.995273 277.642 
0.995847 0.00589559 0.0908541 -0.14816 -0.00344925 0.999628 -0.027059 -7.61554 -0.0909798 0.0266333 0.995497 278.505 
0.996207 0.0052651 0.086861 -0.0946668 -0.0030282 0.999661 -0.0258638 -7.63623 -0.0869678 0.0255027 0.995885 279.346 
0.996621 0.00489413 0.0819973 -0.0341937 -0.00291707 0.999703 -0.0242132 -7.668 -0.0820915 0.0238922 0.996338 280.212 
0.996951 0.00520848 0.0778539 0.00720461 -0.00341216 0.999725 -0.0231876 -7.7051 -0.0779533 0.0228513 0.996695 281.048 
0.997311 0.00624814 0.0730189 0.0563974 -0.00456368 0.99972 -0.0232122 -7.72824 -0.0731436 0.0228166 0.99706 281.887 
0.997669 0.00567217 0.0680011 0.0964318 -0.00415402 0.999739 -0.0224455 -7.7697 -0.0681108 0.0221107 0.997433 282.684 
0.997896 0.00428345 0.0647005 0.101181 -0.00282327 0.99974 -0.0226423 -7.79885 -0.0647807 0.022412 0.997648 283.452 
0.998133 0.003136 0.0610045 0.125691 -0.00176142 0.999744 -0.0225724 -7.84197 -0.0610597 0.0224228 0.997882 284.237 
0.998305 0.00403684 0.058063 0.13761 -0.00272633 0.99974 -0.0226313 -7.88097 -0.0581393 0.0224347 0.998056 284.999 
0.998514 0.00413212 0.054347 0.158902 -0.00293248 0.999751 -0.0221342 -7.91809 -0.054425 0.0219419 0.998277 285.761 
0.998678 0.00344797 0.0512814 0.161601 -0.00233699 0.999762 -0.0217077 -7.9583 -0.0513441 0.0215592 0.998448 286.465 
0.998872 0.00229198 0.0474343 0.161156 -0.0012602 0.999762 -0.0217694 -7.99315 -0.047473 0.0216851 0.998637 287.166 
0.999071 0.00371768 0.0429273 0.166114 -0.00270863 0.999719 -0.0235393 -8.019 -0.0430028 0.0234012 0.998801 287.848 
0.99931 0.00594319 0.0366637 0.167205 -0.00498322 0.999644 -0.026218 -8.03686 -0.0368065 0.0260173 0.998984 288.523 
0.99959 0.00488149 0.028232 0.170038 -0.00410495 0.999613 -0.027497 -8.07271 -0.0283553 0.0273699 0.999223 289.164 
0.999815 0.00505406 0.0185861 0.145863 -0.0045206 0.99958 -0.0286304 -8.09271 -0.0187231 0.0285411 0.999417 289.783 
0.999972 0.00515017 0.0055185 0.111944 -0.00498418 0.999547 -0.0296747 -8.10823 -0.00566887 0.0296464 0.999544 290.47 
0.999914 0.00564204 -0.0118173 0.0857092 -0.00598765 0.999549 -0.0294215 -8.13315 0.011646 0.0294898 0.999497 291.108 
0.999421 0.00808196 -0.0330539 0.0745298 -0.00902504 0.999554 -0.028484 -8.16152 0.0328089 0.0287659 0.999048 291.739 
0.998383 0.00978714 -0.0560037 0.0161454 -0.0113829 0.999536 -0.0282471 -8.19592 0.0557012 0.028839 0.998031 292.339 
0.996588 0.0117945 -0.0816959 -0.0607915 -0.0141462 0.9995 -0.0282674 -8.21414 0.0813216 0.0293266 0.996256 292.922 
0.993862 0.0132596 -0.109828 -0.161768 -0.0163979 0.999481 -0.0277208 -8.23598 0.109403 0.0293517 0.993564 293.492 
0.989887 0.0133589 -0.14123 -0.262511 -0.0173046 0.999492 -0.0267471 -8.25954 0.140801 0.0289206 0.989615 294.048 
0.984345 0.0119735 -0.175845 -0.380091 -0.0166444 0.999546 -0.0251121 -8.27147 0.175464 0.0276458 0.984098 294.607 
0.976976 0.0122594 -0.212997 -0.510497 -0.0173097 0.999611 -0.0218621 -8.31277 0.212646 0.0250457 0.976808 295.155 
0.967989 0.013825 -0.250611 -0.678198 -0.0192787 0.999628 -0.01932 -8.33709 0.250251 0.023533 0.967895 295.648 
0.95649 0.0138166 -0.291438 -0.835972 -0.0194501 0.999676 -0.0164417 -8.36467 0.291116 0.0213948 0.956449 296.195 
0.943229 0.0152041 -0.331796 -1.00881 -0.0207612 0.999697 -0.0132101 -8.3908 0.331494 0.0193487 0.943259 296.682 
0.926884 0.0149658 -0.37505 -1.18322 -0.0205223 0.999731 -0.0108255 -8.41725 0.374787 0.0177309 0.926942 297.189 
0.908202 0.0145862 -0.418277 -1.40772 -0.0200884 0.99976 -0.00875417 -8.44472 0.418049 0.0163531 0.908277 297.647 
0.886391 0.0141043 -0.462722 -1.65821 -0.0193604 0.999791 -0.00661229 -8.46623 0.462532 0.0148196 0.886479 298.101 
0.862216 0.0137378 -0.506354 -1.95116 -0.0185494 0.999818 -0.00446003 -8.48165 0.506201 0.0132381 0.862314 298.512 
0.833881 0.0140191 -0.551766 -2.2172 -0.0177205 0.999842 -0.00137719 -8.50868 0.55166 0.010926 0.833998 298.93 
0.803556 0.0154383 -0.595029 -2.57061 -0.0190786 0.999818 0.000176044 -8.52012 0.594923 0.0112109 0.803705 299.282 
0.769264 0.0148498 -0.638758 -2.92005 -0.0179329 0.999838 0.00164719 -8.53308 0.638679 0.0101877 0.769406 299.695 
0.731426 0.0132998 -0.681791 -3.26841 -0.014506 0.999887 0.00394292 -8.52462 0.681767 0.00700615 0.731536 300.018 
0.689538 0.0122407 -0.724146 -3.64299 -0.00904045 0.999925 0.00829397 -8.52281 0.724193 0.000827649 0.689597 300.307 
0.643992 0.011289 -0.764949 -4.07057 -0.00581432 0.999935 0.0098619 -8.47495 0.76501 -0.00190327 0.644015 300.549 
0.594475 0.0144822 -0.803984 -4.4794 -0.0070651 0.999893 0.0127871 -8.46417 0.804083 -0.00192134 0.594514 300.773 
0.54334 0.0205975 -0.83926 -4.90821 -0.0122475 0.999787 0.0166081 -8.45641 0.839424 0.00125503 0.543476 300.937 
0.487668 0.0254472 -0.872658 -5.26967 -0.0153505 0.999671 0.0205726 -8.47454 0.872894 0.00336318 0.487898 301.138 
0.431531 0.0263965 -0.901712 -5.72407 -0.0162089 0.999637 0.021506 -8.44485 0.901953 0.00533525 0.431802 301.273 
0.372884 0.0302992 -0.927383 -6.12669 -0.0154709 0.999531 0.0264358 -8.47074 0.927749 0.00448999 0.373178 301.41 
0.312491 0.032215 -0.949374 -6.50862 -0.0127903 0.999477 0.0297051 -8.44403 0.949834 0.00286023 0.31274 301.548 
0.251623 0.0360364 -0.967154 -6.93485 -0.0104363 0.99935 0.0345208 -8.43621 0.967769 0.00140732 0.251836 301.64 
0.187882 0.038164 -0.98145 -7.35126 -0.00743589 0.999271 0.0374335 -8.41128 0.982164 0.000264917 0.188029 301.705 
0.123273 0.0424614 -0.991464 -7.79441 -0.00706033 0.999096 0.0419104 -8.40795 0.992348 0.00183367 0.123462 301.715 
0.0570761 0.0478802 -0.997221 -8.25214 -0.00523533 0.99885 0.0476588 -8.38626 0.998356 0.00250065 0.0572611 301.707 
-0.0118593 0.0551467 -0.998408 -8.71665 -0.00326961 0.998471 0.055189 -8.37648 0.999924 0.00391895 -0.0116609 301.688 
-0.0803809 0.0625021 -0.994803 -9.19352 -0.000804983 0.998028 0.0627698 -8.36057 0.996764 0.00584633 -0.0801721 301.621 
-0.147862 0.0687412 -0.986616 -9.69603 0.00153222 0.997596 0.0692767 -8.33503 0.989007 0.00873174 -0.147612 301.498 
-0.215182 0.0735631 -0.973799 -10.1768 0.0059996 0.99724 0.0740081 -8.28512 0.976556 0.0100829 -0.21503 301.352 
-0.280138 0.0777577 -0.956805 -10.6636 0.0110638 0.996909 0.0777776 -8.25353 0.959896 0.0112026 -0.280133 301.159 
-0.343518 0.08202 -0.935558 -11.1393 0.01638 0.996551 0.0813529 -8.24823 0.939003 0.0126218 -0.343677 300.961 
-0.402998 0.082416 -0.911482 -11.6094 0.0201849 0.996495 0.0811784 -8.20949 0.914978 0.0143166 -0.403249 300.698 
-0.459877 0.081534 -0.884232 -12.0805 0.0226612 0.996529 0.080103 -8.16032 0.887694 0.0167998 -0.460128 300.416 
-0.510602 0.0825676 -0.855844 -12.5245 0.026693 0.996421 0.0802046 -8.1244 0.859403 0.0181076 -0.510978 300.075 
-0.557606 0.0826488 -0.825981 -12.9845 0.0289563 0.996362 0.0801495 -8.08164 0.829601 0.0207745 -0.557971 299.716 
-0.598932 0.0817941 -0.796612 -13.4707 0.0304942 0.996378 0.0793786 -8.01511 0.800219 0.0232503 -0.599257 299.308 
-0.636887 0.0851131 -0.766245 -13.9458 0.0356921 0.996077 0.080976 -7.96523 0.770131 0.0242237 -0.637426 298.877 
-0.673305 0.0920852 -0.733608 -14.3783 0.0445429 0.995464 0.0840729 -7.92787 0.738022 0.0239297 -0.674353 298.419 
-0.709887 0.0976213 -0.697517 -14.8605 0.0520528 0.994911 0.0862673 -7.87333 0.702389 0.0249324 -0.711357 297.923 
-0.742205 0.0978388 -0.662993 -15.257 0.0553405 0.994855 0.0848597 -7.79797 0.667884 0.0262929 -0.743801 297.379 
-0.772124 0.0954326 -0.628265 -15.6689 0.0563639 0.995047 0.0818764 -7.76934 0.632967 0.0278072 -0.773679 296.787 
-0.800384 0.0889234 -0.592856 -16.1085 0.0557775 0.995694 0.0740434 -7.68075 0.596887 0.0261951 -0.801897 296.154 
-0.82627 0.084548 -0.556893 -16.5245 0.0554357 0.996077 0.0689746 -7.63718 0.56054 0.0261198 -0.827715 295.492 
-0.848182 0.083053 -0.523153 -16.8499 0.057694 0.996241 0.0646193 -7.60435 0.526554 0.0246261 -0.849785 294.826 
-0.869681 0.0822281 -0.486718 -17.2322 0.0584995 0.996248 0.0637816 -7.56227 0.490136 0.0269968 -0.871228 294.097 
-0.889142 0.0771143 -0.451087 -17.5594 0.0554274 0.996591 0.0611156 -7.50839 0.454262 0.0293379 -0.890385 293.325 
-0.906718 0.0789893 -0.414275 -17.8557 0.0594169 0.996432 0.0599434 -7.48342 0.417532 0.0297368 -0.908176 292.539 
-0.923417 0.0814444 -0.375057 -18.1708 0.0634899 0.996177 0.0600053 -7.44036 0.37851 0.0315976 -0.925058 291.706 
-0.938388 0.0843332 -0.335135 -18.4703 0.0684408 0.995911 0.0589742 -7.38855 0.338738 0.0324038 -0.940323 290.841 
-0.950741 0.0848484 -0.298147 -18.6998 0.069954 0.995726 0.0602977 -7.34403 0.301989 0.036471 -0.952614 289.93 
-0.961142 0.0890895 -0.261283 -18.9164 0.075939 0.995304 0.0600228 -7.29639 0.265404 0.0378488 -0.963394 288.987 
-0.970498 0.0897196 -0.223797 -19.1358 0.0785719 0.995205 0.0582473 -7.24437 0.22795 0.0389447 -0.972894 288.01 
-0.977908 0.0868489 -0.190143 -19.2982 0.0781599 0.995545 0.0527437 -7.17914 0.193876 0.0367169 -0.980339 286.99 
-0.983887 0.0855749 -0.156984 -19.4321 0.0787563 0.995681 0.0491647 -7.14475 0.160513 0.036009 -0.986377 285.962 
-0.988561 0.0845538 -0.124895 -19.5469 0.0791693 0.99573 0.0474728 -7.10232 0.128376 0.0370418 -0.991034 284.895 
-0.992261 0.0817882 -0.0934317 -19.6474 0.077731 0.9959 0.0462734 -7.0567 0.0968333 0.0386528 -0.99455 283.811 
-0.994602 0.0807474 -0.0651626 -19.6877 0.0780562 0.996028 0.0428436 -6.99693 0.0683633 0.037526 -0.996955 282.743 
-0.996072 0.0794132 -0.0391608 -19.6842 0.0777735 0.996096 0.0417546 -6.96581 0.0423238 0.0385449 -0.99836 281.651 
-0.996945 0.0768893 -0.0137163 -19.6941 0.0762552 0.996206 0.0419401 -6.93661 0.016889 0.040766 -0.999026 280.476 
