1 2.12261e-08 -2.11895e-08 0 2.12261e-08 1 2.10703e-08 0 -2.11895e-08 2.10703e-08 1 0 
0.999976 0.000771379 -0.00690194 0.0011884 -0.000767333 1 0.00058272 -0.00286018 0.00690234 -0.000577368 0.999976 0.0864375 
0.9999 0.00136533 -0.0140546 -0.00814091 -0.00136732 0.999999 -0.00013536 0.00661836 0.0140543 0.000154606 0.999901 0.189517 
0.999756 0.00139031 -0.0220677 -0.0121469 -0.00140221 0.999999 -0.000525609 -0.00302313 0.0220669 0.000556466 0.999756 0.29383 
0.999515 0.00189285 -0.0310956 -0.0308991 -0.00196345 0.999996 -0.00224132 0.0035231 0.0310912 0.00230132 0.999514 0.399831 
0.999095 0.0029579 -0.0424359 -0.0547396 -0.00311129 0.999989 -0.00355 0.00112241 0.0424249 0.00367886 0.999093 0.516224 
0.998414 0.00240167 -0.0562393 -0.071669 -0.00265448 0.999987 -0.00442174 -0.00331691 0.0562279 0.00456406 0.998408 0.648846 
0.997356 0.00206657 -0.0726399 -0.101118 -0.00240085 0.999987 -0.00451539 -0.00375648 0.0726296 0.00467789 0.997348 0.796917 
0.995873 0.000695944 -0.0907568 -0.143688 -0.00107124 0.999991 -0.00408694 -0.00801011 0.0907531 0.00416734 0.995865 0.951934 
0.993826 -0.000473338 -0.11095 -0.17801 3.89941e-05 0.999992 -0.00391726 -0.0150399 0.110951 0.00388879 0.993818 1.11509 
0.991127 -0.000715084 -0.132919 -0.228514 8.2714e-05 0.999989 -0.00476333 -0.010733 0.132921 0.00471011 0.991116 1.28171 
0.987554 0.00374639 -0.157239 -0.281913 -0.00481085 0.999968 -0.00638993 -0.011356 0.15721 0.0070669 0.98754 1.45736 
0.983147 0.00762913 -0.18266 -0.351106 -0.00930976 0.999922 -0.00834537 -0.01497 0.182582 0.00990529 0.983141 1.64343 
0.977853 0.0104492 -0.209033 -0.43611 -0.0127761 0.999871 -0.00978467 -0.0158102 0.208904 0.0122386 0.97786 1.83125 
0.971016 0.0110275 -0.23876 -0.511858 -0.0137625 0.999857 -0.00979101 -0.0235423 0.238618 0.0127932 0.971029 2.02182 
0.962896 0.0128431 -0.269566 -0.604134 -0.015882 0.999833 -0.00909523 -0.0279251 0.269404 0.0130391 0.962939 2.22434 
0.953268 0.0146812 -0.301769 -0.707087 -0.0180264 0.999803 -0.00830329 -0.0246633 0.301588 0.0133551 0.953345 2.43683 
0.941597 0.0165901 -0.336334 -0.807249 -0.0202715 0.999767 -0.00743722 -0.0198265 0.336132 0.0138209 0.941714 2.63878 
0.928755 0.0194422 -0.370184 -0.912568 -0.0236785 0.999696 -0.00690281 -0.0208639 0.369938 0.0151765 0.928933 2.84383 
0.91452 0.0227738 -0.4039 -1.04324 -0.0275683 0.999602 -0.00605861 -0.0225058 0.403601 0.0166756 0.914783 3.05967 
0.898392 0.0229726 -0.438594 -1.19265 -0.0283758 0.999581 -0.00576758 -0.0199257 0.438277 0.017627 0.898667 3.25568 
0.879258 0.0197208 -0.475937 -1.31104 -0.0252919 0.999666 -0.00530305 -0.0315504 0.475673 0.0167001 0.879464 3.43847 
0.857401 0.0140765 -0.514456 -1.46634 -0.0198374 0.999787 -0.0057052 -0.0313512 0.514266 0.0150971 0.857498 3.6571 
0.831339 0.0158159 -0.55554 -1.63495 -0.0210593 0.999774 -0.00305136 -0.0287835 0.555366 0.0142361 0.831484 3.86528 
0.801793 0.0215039 -0.597214 -1.81621 -0.0259693 0.999662 0.00112961 -0.0366487 0.597037 0.0146035 0.802081 4.02958 
0.768882 0.024845 -0.638908 -2.02798 -0.0293337 0.999563 0.00356849 -0.0451945 0.638718 0.0159979 0.769275 4.19482 
0.731749 0.024144 -0.681146 -2.24604 -0.0291686 0.999566 0.00409507 -0.0417929 0.680949 0.0168716 0.732136 4.38075 
0.691219 0.0207089 -0.722348 -2.48013 -0.0234009 0.999707 0.0062679 -0.0476924 0.722266 0.0125711 0.691501 4.56032 
0.64758 0.0169463 -0.761809 -2.72744 -0.0178162 0.999816 0.0070959 -0.0427809 0.761789 0.0089774 0.647763 4.71997 
0.602592 0.0161911 -0.797885 -3.01713 -0.0151872 0.999846 0.00881946 -0.036036 0.797905 0.00680315 0.602745 4.87142 
0.553146 0.0173062 -0.832905 -3.31318 -0.011877 0.999846 0.0128873 -0.0446488 0.833 0.00276391 0.553266 5.02635 
0.50186 0.0179945 -0.864762 -3.62608 -0.00948443 0.999838 0.015301 -0.0389904 0.864897 0.000522855 0.50195 5.14444 
0.449444 0.0197168 -0.893091 -3.95006 -0.00914365 0.999806 0.0174712 -0.0328447 0.893262 0.000313812 0.449537 5.24146 
0.39478 0.0213824 -0.918527 -4.28506 -0.00964191 0.999771 0.0191296 -0.0153787 0.918725 0.00130441 0.394896 5.32274 
0.338866 0.0233081 -0.940546 -4.65523 -0.00881542 0.999728 0.0215987 -0.00499225 0.940793 0.000972305 0.338979 5.39976 
0.283999 0.0269913 -0.958445 -5.03762 -0.00635454 0.999635 0.0262684 -0.00738546 0.958804 -0.00136966 0.284066 5.46792 
0.229882 0.0300039 -0.972756 -5.44052 -0.00220526 0.999538 0.0303088 -0.0160175 0.973216 -0.00482223 0.229842 5.52272 
0.17915 0.0300909 -0.983362 -5.874 -0.000294974 0.999534 0.030532 0.000868529 0.983822 -0.00517969 0.179075 5.55036 
0.131226 0.030752 -0.990875 -6.3244 -0.00148806 0.999524 0.0308234 0.0111024 0.991351 -0.00257031 0.13121 5.56459 
0.0884787 0.0316844 -0.995574 -6.7707 -0.00287869 0.999498 0.0315534 0.0142086 0.996074 7.41892e-05 0.0885255 5.55877 
0.0505009 0.0306075 -0.998255 -7.24268 -0.00470125 0.999527 0.0304087 0.027646 0.998713 0.00315742 0.0506209 5.54638 
0.0161666 0.0270466 -0.999503 -7.72073 -0.00330579 0.99963 0.0269965 0.0525892 0.999864 0.00286775 0.01625 5.52093 
-0.0156594 0.0248234 -0.999569 -8.20117 -0.00315569 0.999686 0.0248757 0.0493264 0.999872 0.00354392 -0.0155762 5.48756 
-0.0427602 0.0226562 -0.998828 -8.68426 -0.00191381 0.999739 0.0227588 0.0585792 0.999084 0.00288477 -0.0427057 5.43963 
-0.0640438 0.0202812 -0.997741 -9.20025 -0.00258783 0.999787 0.0204889 0.0710436 0.997944 0.0038942 -0.0639777 5.38346 
-0.0804404 0.0192136 -0.996574 -9.73487 -0.00328912 0.999804 0.0195414 0.0869286 0.996754 0.00484981 -0.0803614 5.32024 
-0.0928663 0.0203955 -0.99547 -10.2848 -0.00394982 0.999775 0.0208522 0.0903898 0.995671 0.00586843 -0.0927648 5.23462 
-0.103319 0.0213492 -0.994419 -10.8358 -0.00550818 0.999742 0.0220358 0.0889963 0.994633 0.0077542 -0.103175 5.16315 
-0.110122 0.0214107 -0.993688 -11.4157 -0.00745407 0.999722 0.0223668 0.0982703 0.99389 0.00987012 -0.109931 5.07957 
-0.115333 0.0221457 -0.99308 -11.9983 -0.00673607 0.999711 0.0230759 0.111266 0.993304 0.00935091 -0.115151 5.00514 
-0.116107 0.0227085 -0.992977 -12.6183 -0.00404768 0.99972 0.023336 0.123199 0.993229 0.00672875 -0.115982 4.91193 
-0.115543 0.0252257 -0.992982 -13.2263 -0.00167441 0.999671 0.0255904 0.126445 0.993301 0.00461948 -0.115462 4.84259 
-0.114709 0.0277299 -0.993012 -13.8614 -0.00236471 0.9996 0.028187 0.135385 0.993396 0.00558153 -0.114598 4.76131 
-0.11292 0.0277318 -0.993217 -14.5169 -0.00505836 0.999581 0.0284846 0.138005 0.993591 0.00824057 -0.112732 4.67 
-0.111563 0.0250589 -0.993441 -15.1788 -0.00681378 0.999639 0.0259804 0.149779 0.993734 0.00966759 -0.111352 4.58408 
-0.111221 0.0249016 -0.993484 -15.8722 -0.006429 0.999647 0.0257758 0.166133 0.993775 0.00925395 -0.111022 4.49979 
-0.109399 0.0278802 -0.993607 -16.5501 -0.00545731 0.999575 0.0286485 0.176434 0.993983 0.00855657 -0.1092 4.41195 
-0.107855 0.0316958 -0.993661 -17.262 -0.00681382 0.999445 0.0326199 0.182123 0.994143 0.0102889 -0.10758 4.32251 
-0.105794 0.0333455 -0.993829 -17.9947 -0.00648661 0.999393 0.0342227 0.199282 0.994367 0.0100672 -0.105513 4.22061 
-0.104653 0.032624 -0.993974 -18.723 -0.00843106 0.999397 0.0336897 0.210969 0.994473 0.011906 -0.104315 4.14309 
-0.103963 0.0298601 -0.994133 -19.4625 -0.0126778 0.999428 0.0313449 0.220191 0.9945 0.0158622 -0.103525 4.06186 
-0.102622 0.0294358 -0.994285 -20.2215 -0.0139994 0.99942 0.0310328 0.229824 0.994622 0.0171041 -0.102151 3.97434 
-0.100973 0.0318424 -0.99438 -20.9947 -0.010755 0.999394 0.0330951 0.250015 0.994831 0.0140363 -0.100569 3.88439 
-0.100255 0.0336653 -0.994392 -21.7873 -0.00805187 0.999367 0.0346455 0.270277 0.994929 0.0114801 -0.0999204 3.80245 
-0.0995405 0.036119 -0.994378 -22.582 -0.00690972 0.999292 0.0369892 0.278429 0.99501 0.0105528 -0.0992204 3.71357 
-0.0993651 0.0308048 -0.994574 -23.3784 -0.00554832 0.999488 0.0315113 0.301771 0.995036 0.00864938 -0.0991433 3.6232 
-0.0995072 0.0236339 -0.994756 -24.1603 -0.00419036 0.999699 0.0241705 0.317183 0.995028 0.00657357 -0.0993782 3.54483 
-0.100517 0.0194551 -0.994745 -24.9723 -0.000740604 0.999807 0.0196289 0.326758 0.994935 0.0027098 -0.100483 3.46378 
-0.100093 0.0198636 -0.99478 -25.7953 0.000538928 0.999802 0.0199096 0.343972 0.994978 0.00145674 -0.100084 3.36135 
-0.1014 0.027378 -0.994469 -26.6348 0.00140673 0.999624 0.0273765 0.351259 0.994845 0.00137708 -0.101401 3.27858 
-0.101881 0.0341037 -0.994212 -27.4723 0.000632419 0.999414 0.0342173 0.365187 0.994796 0.00285738 -0.101843 3.17312 
-0.102512 0.0388906 -0.993971 -28.3069 -0.0011966 0.99923 0.0392198 0.38373 0.994731 0.00520994 -0.102387 3.07296 
-0.103198 0.0387517 -0.993906 -29.173 -0.00281901 0.999225 0.0392518 0.399631 0.994657 0.0068526 -0.103009 2.9519 
-0.102879 0.0348923 -0.994082 -30.0066 -0.00322665 0.999368 0.0354117 0.421266 0.994689 0.00685072 -0.102702 2.84151 
-0.103754 0.0320728 -0.994086 -30.8478 -0.0031401 0.999464 0.0325741 0.436692 0.994598 0.00650127 -0.103598 2.74285 
-0.104194 0.0328073 -0.994016 -31.6768 -0.00453301 0.99943 0.0334611 0.455243 0.994547 0.00799238 -0.103986 2.6416 
-0.104251 0.0360081 -0.993899 -32.5178 -0.00623439 0.999301 0.0368578 0.461542 0.994532 0.0100389 -0.103954 2.53485 
-0.104213 0.033858 -0.993979 -33.3557 -0.00769141 0.999363 0.0348478 0.474517 0.994525 0.0112767 -0.103886 2.42696 
-0.103197 0.0293424 -0.994228 -34.2023 -0.00998428 0.999484 0.0305338 0.462868 0.994611 0.0130777 -0.102851 2.30626 
-0.103677 0.0245186 -0.994309 -35.0157 -0.0103906 0.999615 0.0257329 0.484159 0.994557 0.0129994 -0.103383 2.21563 
-0.103616 0.025102 -0.994301 -35.856 -0.010864 0.999593 0.0263678 0.499328 0.994558 0.0135342 -0.103301 2.11825 
-0.103216 0.0281615 -0.99426 -36.6847 -0.0110741 0.999505 0.0294596 0.499713 0.994597 0.0140513 -0.102853 2.01718 
-0.102472 0.0325494 -0.994203 -37.5437 -0.0106548 0.999371 0.0338168 0.519795 0.994679 0.0140584 -0.10206 1.90408 
-0.101227 0.0379704 -0.994139 -38.3913 -0.0100504 0.999181 0.0391864 0.529935 0.994813 0.0139582 -0.100762 1.78773 
-0.102137 0.0410072 -0.993925 -39.2161 -0.0103162 0.999053 0.0422789 0.547601 0.994717 0.0145718 -0.101617 1.69497 
-0.102815 0.0409893 -0.993856 -40.0613 -0.00879985 0.999074 0.0421149 0.560867 0.994662 0.0130759 -0.102359 1.60595 
-0.102969 0.0363252 -0.994021 -40.8873 -0.00831475 0.999267 0.0373782 0.582043 0.99465 0.0121139 -0.102591 1.49921 
-0.102754 0.0311859 -0.994218 -41.7124 -0.00881907 0.999441 0.0322612 0.607114 0.994668 0.0120831 -0.102421 1.39797 
-0.103439 0.0283764 -0.994231 -42.5366 -0.0132491 0.999465 0.0299042 0.613936 0.994548 0.0162659 -0.103007 1.30617 
-0.103264 0.0258573 -0.994318 -43.3656 -0.016138 0.999487 0.0276677 0.631004 0.994523 0.0189034 -0.102794 1.18348 
-0.104035 0.0241231 -0.994281 -44.2015 -0.0138934 0.999573 0.0257052 0.639996 0.994477 0.0164883 -0.103656 1.07445 
-0.106781 0.0210781 -0.994059 -45.0205 -0.00981818 0.999704 0.0222525 0.639121 0.994234 0.012136 -0.106542 1.00298 
-0.108226 0.0194743 -0.993936 -45.8288 -0.00511826 0.999784 0.0201462 0.654591 0.994113 0.0072676 -0.108103 0.912142 
-0.111451 0.0233704 -0.993495 -46.6705 -0.00381014 0.999706 0.023944 0.644722 0.993763 0.00645398 -0.11133 0.818441 
-0.113099 0.0293589 -0.99315 -47.4795 -0.00127003 0.999558 0.029693 0.654805 0.993583 0.0046196 -0.113011 0.715945 
-0.116019 0.0322382 -0.992724 -48.3043 0.000930189 0.999476 0.0323487 0.673447 0.993247 0.0028297 -0.115989 0.623588 
-0.118116 0.0314168 -0.992503 -49.1036 0.000880984 0.999502 0.0315335 0.677363 0.992999 0.00285026 -0.118085 0.521302 
-0.118804 0.0270034 -0.99255 -49.8986 -0.00265512 0.999618 0.0275135 0.688327 0.992914 0.0059041 -0.118687 0.40126 
-0.119864 0.0224902 -0.992536 -50.6964 -0.00857522 0.999683 0.0236877 0.697977 0.992753 0.0113506 -0.119633 0.275754 
-0.121691 0.020536 -0.992356 -51.4776 -0.0122162 0.999679 0.0221856 0.705483 0.992493 0.0148226 -0.121401 0.161273 
-0.123043 0.0213951 -0.992171 -52.2601 -0.0133887 0.999641 0.0232166 0.708688 0.992311 0.0161405 -0.122712 0.0464632 
-0.124894 0.0225612 -0.991914 -53.0355 -0.0132806 0.999614 0.0244086 0.711883 0.992081 0.0162217 -0.124546 -0.0619058 
-0.125932 0.0214873 -0.991806 -53.8151 -0.0143606 0.999621 0.0234801 0.721163 0.991935 0.0171998 -0.125576 -0.181499 
-0.126555 0.0211588 -0.991734 -54.5882 -0.0163286 0.999593 0.0234102 0.719946 0.991825 0.0191563 -0.126158 -0.301538 
-0.126987 0.0228528 -0.991641 -55.3695 -0.0164242 0.999549 0.0251383 0.724427 0.991768 0.0194791 -0.126554 -0.42193 
-0.127264 0.0257003 -0.991536 -56.1171 -0.0156074 0.999489 0.0279096 0.727459 0.991746 0.0190273 -0.126798 -0.532975 
-0.128104 0.0294658 -0.991323 -56.897 -0.0149539 0.999388 0.0316379 0.740758 0.991648 0.0188771 -0.127584 -0.634503 
-0.130135 0.0314839 -0.990996 -57.665 -0.0132195 0.999352 0.0334853 0.744263 0.991408 0.0174581 -0.129635 -0.731662 
-0.131816 0.0311534 -0.990785 -58.4115 -0.0123139 0.999377 0.0330618 0.75691 0.991198 0.0165586 -0.131351 -0.829408 
-0.131778 0.0286574 -0.990865 -59.1741 -0.0110189 0.999478 0.030372 0.773301 0.991218 0.0149206 -0.131393 -0.954691 
-0.131905 0.0254581 -0.990935 -59.9191 -0.0110282 0.999571 0.0271479 0.774912 0.991201 0.0145092 -0.131568 -1.08044 
-0.134102 0.022277 -0.990717 -60.6328 -0.0100541 0.999665 0.0238392 0.785932 0.990917 0.0131577 -0.133833 -1.15453 
-0.132859 0.0201186 -0.990931 -61.3383 -0.0107187 0.999706 0.0217339 0.7881 0.991077 0.0135091 -0.132604 -1.26202 
-0.131506 0.0185754 -0.991141 -62.019 -0.0132545 0.999702 0.0204944 0.79591 0.991227 0.0158322 -0.131221 -1.35584 
-0.128526 0.0194358 -0.991516 -62.6778 -0.0126564 0.999694 0.0212367 0.793813 0.991625 0.0152785 -0.128241 -1.43777 
-0.122905 0.0202336 -0.992212 -63.3347 -0.0115934 0.999695 0.0218223 0.805421 0.992351 0.0141852 -0.122633 -1.52736 
-0.116115 0.021478 -0.993004 -63.9723 -0.0100689 0.999689 0.0228 0.811085 0.993185 0.0126459 -0.115862 -1.60295 
-0.108338 0.0232091 -0.993843 -64.5915 -0.0104038 0.999646 0.0244787 0.80475 0.99406 0.0129917 -0.108058 -1.66889 
-0.0962123 0.0242089 -0.995066 -65.2196 -0.0125147 0.999596 0.0255291 0.817644 0.995282 0.0149092 -0.0958704 -1.75193 
-0.0808583 0.0253503 -0.996403 -65.8336 -0.0146781 0.999538 0.0266212 0.823277 0.996618 0.0167779 -0.0804488 -1.81888 
-0.0620568 0.0266062 -0.997718 -66.4345 -0.0167471 0.999476 0.0276947 0.822324 0.997932 0.0184276 -0.0615787 -1.86949 
-0.0405474 0.0266894 -0.998821 -66.9965 -0.0163786 0.999491 0.0273722 0.836153 0.999043 0.0174692 -0.0400896 -1.88007 
-0.0147674 0.0271366 -0.999523 -67.5388 -0.0156461 0.999503 0.0273672 0.830179 0.999769 0.0160428 -0.0143355 -1.89483 
0.0143933 0.0261071 -0.999556 -68.0606 -0.0143144 0.999562 0.0259011 0.85157 0.999794 0.0139353 0.0147607 -1.86655 
0.0488608 0.0264898 -0.998454 -68.5414 -0.0127576 0.999583 0.0258955 0.84153 0.998724 0.0114727 0.0491784 -1.83525 
0.0863688 0.026225 -0.995918 -69.0097 -0.0114527 0.999614 0.0253291 0.858221 0.996197 0.00921836 0.0866358 -1.76915 
0.128005 0.0259094 -0.991435 -69.4695 -0.0105465 0.999638 0.0247621 0.862652 0.991717 0.00728654 0.128232 -1.69783 
0.173553 0.0258492 -0.984485 -69.9055 -0.00925859 0.999654 0.0246153 0.87762 0.984781 0.00484293 0.173732 -1.60186 
0.222661 0.0244629 -0.974589 -70.3252 -0.00552395 0.999701 0.0238312 0.878327 0.97488 7.73532e-05 0.222729 -1.47704 
0.274182 0.0206167 -0.961457 -70.7646 0.00233936 0.999753 0.022105 0.866646 0.961675 -0.00830993 0.274066 -1.32615 
0.325785 0.0148029 -0.945328 -71.1321 0.00816419 0.999796 0.0184694 0.873506 0.945409 -0.0137348 0.325598 -1.15435 
0.379569 0.0103543 -0.925106 -71.5104 0.0132686 0.999774 0.0166341 0.878231 0.925068 -0.0185886 0.379345 -0.976556 
0.432294 0.00921026 -0.901686 -71.8865 0.0131519 0.999777 0.0165176 0.891462 0.901637 -0.0189993 0.432077 -0.777496 
0.482034 0.008267 -0.876114 -72.242 0.0152914 0.999724 0.0178466 0.89118 0.876019 -0.0219996 0.481774 -0.554532 
0.527834 0.00318502 -0.849342 -72.5929 0.0237078 0.999548 0.0184818 0.909074 0.849017 -0.0298912 0.52752 -0.295742 
0.573228 -0.00298356 -0.81939 -72.9204 0.0346369 0.999188 0.020593 0.909347 0.818663 -0.0401856 0.572866 -0.0183784 
0.617273 -0.00801951 -0.786709 -73.2382 0.0363518 0.999171 0.0183372 0.907366 0.785909 -0.0399173 0.617052 0.261586 
0.660172 -0.0103443 -0.751043 -73.5173 0.0312535 0.999418 0.0137068 0.899986 0.750464 -0.0325215 0.660111 0.524138 
0.702588 -0.0173831 -0.711385 -73.7991 0.0281008 0.9996 0.0033275 0.897683 0.711042 -0.0223283 0.702795 0.835587 
0.743284 -0.0197816 -0.668684 -74.0699 0.0225135 0.999736 -0.0045499 0.90301 0.668597 -0.0116725 0.743533 1.17116 
0.781877 -0.0228182 -0.623015 -74.3165 0.0229568 0.999706 -0.00780407 0.914731 0.62301 -0.00820057 0.782171 1.53088 
0.817831 -0.0234318 -0.574981 -74.5701 0.0225231 0.999708 -0.0087045 0.909628 0.575017 -0.00583149 0.818121 1.92673 
0.85015 -0.0226635 -0.526052 -74.8106 0.0203297 0.999741 -0.0102165 0.903891 0.526148 -0.00200887 0.850391 2.3491 
0.877597 -0.0207056 -0.478953 -75.037 0.0190148 0.999784 -0.00838046 0.896313 0.479023 -0.00175247 0.877801 2.78917 
0.90015 -0.0153277 -0.435311 -75.2506 0.0134985 0.999882 -0.00729432 0.888536 0.435372 0.000689997 0.90025 3.26942 
0.91938 -0.00946602 -0.393256 -75.4652 0.00689181 0.999945 -0.00795749 0.881929 0.39331 0.00460576 0.919395 3.76317 
0.933911 -0.0046825 -0.357475 -75.6461 0.0027451 0.999979 -0.00592699 0.869734 0.357495 0.00455403 0.933904 4.27587 
0.944943 -0.00380773 -0.327212 -75.8364 0.00277034 0.99999 -0.00363653 0.857082 0.327223 0.00252988 0.944944 4.81885 
0.953086 -0.00440299 -0.302668 -76.0108 0.0040123 0.99999 -0.00191273 0.846603 0.302674 0.000608652 0.953094 5.38238 
0.959384 -0.0049426 -0.282061 -76.1817 0.00535252 0.999985 0.00068267 0.828707 0.282053 -0.00216463 0.959396 5.95389 
0.964666 -0.00177674 -0.263471 -76.3516 0.00260906 0.999993 0.00280907 0.832046 0.263464 -0.00339717 0.964663 6.5495 
0.968711 0.00287429 -0.248174 -76.5259 -0.00192136 0.99999 0.00408173 0.829681 0.248183 -0.00347714 0.968707 7.16 
0.972074 0.00534062 -0.234615 -76.6945 -0.00434586 0.999979 0.00475664 0.832649 0.234636 -0.00360415 0.972077 7.79376 
0.975306 0.00397572 -0.220821 -76.8576 -0.00299415 0.999984 0.00477948 0.82244 0.220836 -0.00400024 0.975303 8.43669 
0.978206 0.00403288 -0.2076 -76.999 -0.00335258 0.999988 0.00362855 0.834189 0.207612 -0.00285342 0.978207 9.09706 
0.981012 0.00341042 -0.193915 -77.1227 -0.00287204 0.999991 0.00305724 0.852351 0.193924 -0.00244222 0.981014 9.765 
0.983567 0.00280616 -0.180521 -77.2469 -0.0021616 0.999991 0.00376693 0.837205 0.18053 -0.00331477 0.983564 10.4911 
0.985986 0.00421045 -0.166774 -77.4042 -0.00412652 0.999991 0.00084956 0.835817 0.166776 -0.000149414 0.985995 11.1579 
0.987893 0.00431461 -0.155079 -77.5306 -0.00495868 0.999981 -0.00376681 0.815847 0.15506 0.00449024 0.987895 11.8755 
0.989351 0.00248854 -0.145527 -77.6546 -0.00399122 0.999942 -0.0100349 0.808098 0.145494 0.010509 0.989303 12.598 
0.990626 0.00106154 -0.1366 -77.7758 -0.00243631 0.999948 -0.00989773 0.795499 0.136583 0.0101378 0.990577 13.3491 
0.991518 0.00401738 -0.12991 -77.8922 -0.00454264 0.999983 -0.00374747 0.785377 0.129893 0.00430586 0.991519 14.1059 
0.992233 0.00980207 -0.124006 -78.0289 -0.00945775 0.99995 0.00336467 0.782791 0.124033 -0.00216567 0.992276 14.8472 
0.992699 0.0105696 -0.120151 -78.138 -0.00984335 0.99993 0.00663592 0.772076 0.120213 -0.00540474 0.992733 15.6187 
0.993076 0.00871407 -0.117148 -78.2337 -0.00800163 0.999947 0.00655018 0.747436 0.117198 -0.00556741 0.993093 16.3924 
0.99333 0.0070438 -0.115088 -78.3179 -0.00635938 0.99996 0.0063127 0.726414 0.115128 -0.00553866 0.993335 17.154 
0.993573 0.00610403 -0.113027 -78.4079 -0.00510774 0.999946 0.0091018 0.709539 0.113077 -0.00846594 0.99355 17.9305 
0.993848 0.0040748 -0.110676 -78.5025 -0.00274693 0.999922 0.0121472 0.702236 0.110717 -0.0117684 0.993782 18.7123 
0.994331 0.00199401 -0.106314 -78.6172 -0.000570246 0.99991 0.0134204 0.696236 0.106331 -0.0132837 0.994242 19.4876 
0.99459 0.00274133 -0.103844 -78.7123 -0.00171192 0.999949 0.0100006 0.685045 0.103866 -0.00976866 0.994543 20.2592 
0.994765 0.00437707 -0.102092 -78.8062 -0.00409388 0.999987 0.00298283 0.677513 0.102103 -0.00254922 0.994771 21.01 
0.994893 0.00554354 -0.100784 -78.8953 -0.00608707 0.999969 -0.00508664 0.672391 0.100752 0.00567418 0.994895 21.7624 
0.99506 0.00488493 -0.0991532 -78.9873 -0.00578693 0.999944 -0.00881188 0.649473 0.0991046 0.00934219 0.995033 22.51 
0.995206 0.00549624 -0.0976481 -79.0713 -0.00620651 0.999956 -0.00697198 0.628016 0.0976055 0.00754465 0.995197 23.2589 
0.995415 0.00831841 -0.0952842 -79.1643 -0.00866005 0.999958 -0.00317295 0.612369 0.0952537 0.00398361 0.995445 24.0164 
0.995504 0.0121755 -0.093931 -79.2486 -0.0119483 0.999924 0.00298002 0.583146 0.0939601 -0.00184426 0.995574 24.7687 
0.995762 0.00962477 -0.0914675 -79.3313 -0.00928486 0.999948 0.00414053 0.579663 0.0915026 -0.00327367 0.995799 25.518 
0.995832 0.00576958 -0.0910193 -79.4048 -0.00541222 0.999977 0.00417205 0.564945 0.0910412 -0.003662 0.99584 26.2677 
0.995952 0.00400252 -0.0897944 -79.4846 -0.00367137 0.999986 0.00385231 0.555608 0.0898085 -0.003507 0.995953 27.0176 
0.995933 0.00384326 -0.0900207 -79.5532 -0.00356834 0.999989 0.00321434 0.530204 0.090032 -0.00288 0.995935 27.7663 
0.99611 0.00313654 -0.088064 -79.648 -0.00302161 0.999994 0.00143786 0.527037 0.088068 -0.00116613 0.996114 28.5228 
0.996105 0.00204786 -0.0881482 -79.7218 -0.00196578 0.999998 0.00101757 0.519278 0.08815 -0.000840287 0.996107 29.2779 
0.996078 0.00523865 -0.0883201 -79.8031 -0.00504695 0.999984 0.00239316 0.503452 0.0883312 -0.00193798 0.996089 30.0451 
0.996081 0.00527458 -0.0882923 -79.8878 -0.00515029 0.999985 0.00163496 0.492048 0.0882996 -0.00117377 0.996093 30.8103 
0.995995 0.00530823 -0.0892553 -79.9794 -0.0052427 0.999986 0.000968119 0.487324 0.0892591 -0.000496258 0.996008 31.5757 
0.995888 0.00170147 -0.0905782 -80.0693 -0.00156942 0.999998 0.00152859 0.478111 0.0905806 -0.0013801 0.995888 32.3489 
0.995585 0.00347589 -0.0938039 -80.1665 -0.00338747 0.999994 0.0011014 0.469699 0.0938071 -0.000778736 0.99559 33.1363 
0.995302 0.00742327 -0.096537 -80.2702 -0.00737337 0.999972 0.000873286 0.46061 0.0965408 -0.000157337 0.995329 33.9287 
0.995058 0.00616426 -0.0991005 -80.3696 -0.00654646 0.999972 -0.00353237 0.437779 0.099076 0.00416371 0.995071 34.7071 
0.994647 0.00626701 -0.103138 -80.4464 -0.00700065 0.999953 -0.00675311 0.417441 0.103091 0.00743904 0.994644 35.5288 
0.994434 0.00509855 -0.105243 -80.5477 -0.00605535 0.999943 -0.00877419 0.408168 0.105192 0.00936268 0.994408 36.3524 
0.994232 0.00519155 -0.107127 -80.6616 -0.0060755 0.99995 -0.0079271 0.39447 0.10708 0.00853226 0.994214 37.1762 
0.994022 0.00406193 -0.109105 -80.7789 -0.00483245 0.999965 -0.00679912 0.373992 0.109074 0.00728577 0.994007 37.9946 
0.993805 0.00478407 -0.111036 -80.889 -0.00531115 0.999976 -0.00445203 0.350367 0.111012 0.00501422 0.993806 38.8199 
0.993702 0.00474639 -0.111959 -81.0053 -0.0049329 0.999987 -0.00138932 0.340805 0.11195 0.0019329 0.993712 39.645 
0.993623 0.00491488 -0.112643 -81.1209 -0.00456221 0.999984 0.00338802 0.328293 0.112658 -0.00285247 0.99363 40.4803 
0.993645 0.00494118 -0.112449 -81.2271 -0.00429918 0.999973 0.00595071 0.309749 0.112476 -0.00542941 0.99364 41.3333 
0.99385 0.00703696 -0.110508 -81.3404 -0.00650435 0.999965 0.00517903 0.30361 0.11054 -0.00442835 0.993862 42.1674 
0.994011 0.00710997 -0.109051 -81.4499 -0.00669605 0.999969 0.00416109 0.29194 0.109077 -0.00340591 0.994027 43.0238 
0.994231 0.00532842 -0.107129 -81.5641 -0.00521456 0.999986 0.00134254 0.291771 0.107134 -0.000776117 0.994244 43.8934 
0.994497 0.00236179 -0.104739 -81.6703 -0.00239162 0.999997 -0.000159626 0.276983 0.104738 0.000409288 0.9945 44.7539 
0.99463 0.00108648 -0.103489 -81.7703 -0.00117765 0.999999 -0.000820271 0.26731 0.103488 0.000937785 0.99463 45.625 
0.994689 -0.00166536 -0.102917 -81.8748 0.00189777 0.999996 0.00215998 0.250263 0.102913 -0.00234378 0.994688 46.4957 
0.994796 -0.00419707 -0.101803 -81.982 0.00471587 0.999977 0.00485564 0.237066 0.10178 -0.00531041 0.994793 47.3428 
0.994858 -0.00353228 -0.101216 -82.079 0.00408455 0.999978 0.0052492 0.21954 0.101195 -0.00563559 0.994851 48.2029 
0.994968 -0.00157712 -0.10018 -82.1912 0.00168625 0.999998 0.00100429 0.22087 0.100178 -0.00116812 0.994969 49.0693 
0.995111 0.000416596 -0.0987598 -82.3162 -0.000912331 0.999987 -0.0049749 0.202826 0.0987565 0.00504072 0.995099 49.9235 
0.995274 0.00168831 -0.0970947 -82.4301 -0.00263013 0.999951 -0.00957325 0.173924 0.0970737 0.00978342 0.995229 50.7379 
0.995363 0.00655997 -0.0959672 -82.5447 -0.0080717 0.999849 -0.0153733 0.150131 0.0958518 0.0160767 0.995266 51.5661 
0.995499 0.00758398 -0.0944672 -82.6534 -0.00924935 0.999809 -0.0172042 0.137065 0.0943187 0.0180006 0.995379 52.4128 
0.995501 0.00402618 -0.0946707 -82.7435 -0.00507526 0.999928 -0.0108436 0.109442 0.0946202 0.0112753 0.99545 53.2744 
0.995458 0.0032056 -0.0951465 -82.8442 -0.00349517 0.99999 -0.00287738 0.0948052 0.0951363 0.00319691 0.995459 54.1205 
0.995345 0.00231834 -0.0963504 -82.9425 -0.00198897 0.999992 0.00351395 0.0866979 0.0963577 -0.00330591 0.995341 54.9688 
0.995087 0.000343436 -0.0990066 -83.0398 -0.000228795 0.999999 0.00116885 0.0769087 0.0990069 -0.00114041 0.995086 55.8136 
0.994815 -0.00518987 -0.101571 -83.1268 0.00492212 0.999984 -0.00288696 0.063762 0.101584 0.0023721 0.994824 56.6472 
0.994537 -0.00745165 -0.10412 -83.2291 0.00706452 0.999967 -0.0040868 0.0409086 0.104147 0.00332896 0.994556 57.4721 
0.994295 -0.00428231 -0.106581 -83.3358 0.0036592 0.999975 -0.00604153 0.0138208 0.106605 0.00561711 0.994286 58.2765 
0.993929 -0.00353411 -0.109971 -83.4449 0.00257776 0.999958 -0.00883775 -0.0208972 0.109997 0.00850066 0.993896 59.099 
0.99348 -0.00273082 -0.113973 -83.5603 0.00130437 0.99992 -0.0125886 -0.0408703 0.113999 0.0123579 0.993404 59.9131 
0.993093 -5.76237e-05 -0.117329 -83.6769 -0.00184823 0.999868 -0.0161351 -0.0705979 0.117314 0.0162406 0.992962 60.6974 
0.992753 0.00378781 -0.120113 -83.8067 -0.00584758 0.999842 -0.0168011 -0.0948491 0.12003 0.0173818 0.992618 61.4977 
0.99231 0.00984141 -0.123389 -83.935 -0.0118503 0.999809 -0.0155582 -0.107529 0.123212 0.0169008 0.992237 62.2871 
0.991674 0.0138807 -0.128027 -84.0436 -0.0152769 0.999834 -0.00993073 -0.141402 0.127868 0.0118039 0.991721 63.0763 
0.991294 0.0161233 -0.130677 -84.2068 -0.0168641 0.999847 -0.00456421 -0.160125 0.130583 0.00672826 0.991415 63.7841 
0.990773 0.0164866 -0.134525 -84.3387 -0.0168282 0.999857 -0.00140267 -0.169781 0.134483 0.00365359 0.990909 64.5866 
0.989821 0.0164603 -0.141364 -84.4676 -0.0167098 0.99986 -0.000578047 -0.192404 0.141335 0.00293438 0.989957 65.3677 
0.98906 0.0166501 -0.146573 -84.604 -0.0164555 0.999861 0.00253969 -0.199297 0.146595 -9.99325e-05 0.989197 66.1477 
0.988036 0.0149159 -0.153499 -84.7365 -0.0148986 0.999888 0.00126266 -0.199257 0.1535 0.00103941 0.988148 66.9097 
0.987147 0.0196536 -0.158599 -84.8968 -0.0199175 0.999802 -7.50815e-05 -0.216184 0.158566 0.00323307 0.987343 67.6583 
0.985995 0.022161 -0.165295 -85.0433 -0.0231074 0.999726 -0.0038046 -0.232771 0.165166 0.0075709 0.986237 68.4186 
0.985134 0.0203665 -0.170577 -85.1996 -0.0217511 0.999744 -0.00625215 -0.250832 0.170406 0.00986949 0.985325 69.1783 
0.98431 0.0213406 -0.175153 -85.3554 -0.022804 0.99972 -0.00634619 -0.285315 0.174968 0.0102408 0.984521 69.9338 
0.983463 0.0244635 -0.179449 -85.5287 -0.0253324 0.999676 -0.00255194 -0.280219 0.179329 0.00705567 0.983764 70.6507 
0.982298 0.0243381 -0.185738 -85.6931 -0.0245316 0.999698 0.00125668 -0.293242 0.185713 0.00332205 0.982599 71.4026 
0.981073 0.0253114 -0.191975 -85.8568 -0.0252559 0.999677 0.0027363 -0.302643 0.191982 0.00216404 0.981396 72.1454 
0.979911 0.0253805 -0.197813 -86.0486 -0.0261824 0.999656 -0.00143907 -0.312591 0.197709 0.00658944 0.980239 72.8963 
0.978319 0.0232485 -0.205795 -86.2268 -0.0255316 0.999638 -0.00844532 -0.327665 0.205524 0.0135165 0.978559 73.6249 
0.976501 0.0199999 -0.214583 -86.4112 -0.0227745 0.999686 -0.0104658 -0.34577 0.214307 0.015107 0.97665 74.3688 
0.974061 0.0208394 -0.225326 -86.6097 -0.0231537 0.999703 -0.00763288 -0.361196 0.2251 0.012652 0.974254 75.0962 
0.971501 0.0207806 -0.236122 -86.8135 -0.0218372 0.99976 -0.00186015 -0.37389 0.236026 0.0069634 0.971722 75.8301 
0.968507 0.0229782 -0.247926 -87.0279 -0.0220899 0.999736 0.00636432 -0.39367 0.248006 -0.000687174 0.968758 76.5715 
0.965584 0.0233202 -0.259044 -87.2418 -0.0217108 0.999723 0.00907233 -0.403002 0.259184 -0.003136 0.965823 77.2867 
0.962311 0.0266925 -0.270638 -87.4696 -0.0264656 0.99964 0.00448825 -0.413765 0.27066 0.00284355 0.962671 77.9951 
0.958896 0.0267284 -0.282496 -87.7049 -0.0290832 0.999568 -0.00414513 -0.426678 0.282264 0.0121907 0.959259 78.691 
0.955094 0.0240741 -0.295325 -87.9305 -0.0282153 0.999554 -0.00976885 -0.43068 0.294958 0.0176629 0.955347 79.416 
0.951481 0.0235129 -0.306808 -88.1894 -0.0261662 0.999647 -0.00453736 -0.447468 0.306593 0.0123453 0.951761 80.1229 
0.947565 0.0222142 -0.318791 -88.4417 -0.0224315 0.999744 0.0029898 -0.468987 0.318775 0.00431798 0.94782 80.8283 
0.943393 0.0237773 -0.330823 -88.7065 -0.0221843 0.999717 0.00859075 -0.481146 0.330934 -0.000765307 0.943654 81.5404 
0.938797 0.0203371 -0.34387 -88.9799 -0.01942 0.999793 0.00611104 -0.489592 0.343923 0.000940991 0.938997 82.238 
0.934781 0.0194216 -0.354693 -89.2706 -0.0202409 0.999794 0.00140055 -0.490495 0.354647 0.00587012 0.934982 82.925 
0.931133 0.0151569 -0.364364 -89.5506 -0.0188138 0.999802 -0.00648898 -0.494662 0.364194 0.0128972 0.931234 83.6279 
0.928603 0.0106969 -0.370921 -89.8553 -0.0166976 0.999776 -0.0129705 -0.49926 0.370699 0.018238 0.928574 84.3111 
0.92503 0.0102409 -0.379755 -90.1367 -0.0171581 0.999743 -0.0148347 -0.51738 0.379505 0.0202385 0.924968 85.0368 
0.921716 0.0151085 -0.387571 -90.4532 -0.0228408 0.999621 -0.0153519 -0.534662 0.387192 0.0230026 0.921712 85.7232 
0.918418 0.0156502 -0.395302 -90.7733 -0.0228491 0.999648 -0.0135096 -0.553007 0.394951 0.0214398 0.918452 86.406 
0.914964 0.0166475 -0.403192 -91.0967 -0.0213168 0.999748 -0.00709531 -0.565406 0.402972 0.0150867 0.915088 87.094 
0.911957 0.0174077 -0.409916 -91.4286 -0.0187466 0.999824 0.000752772 -0.582481 0.409857 0.00699808 0.912123 87.7765 
0.908779 0.0273607 -0.416379 -91.7722 -0.0264035 0.999619 0.00805828 -0.604115 0.416441 0.00367073 0.909155 88.4786 
0.90605 0.033296 -0.421858 -92.1183 -0.0345391 0.999392 0.0046973 -0.61473 0.421758 0.0103147 0.90665 89.1275 
0.903351 0.0291803 -0.427909 -92.452 -0.0335166 0.999435 -0.00260221 -0.634712 0.427592 0.0166928 0.903818 89.7813 
0.901625 0.021305 -0.431994 -92.7967 -0.028036 0.999564 -0.00921847 -0.656008 0.431609 0.020423 0.90183 90.4561 
0.900131 0.0226959 -0.435028 -93.1648 -0.030128 0.999494 -0.0101942 -0.66416 0.434577 0.0222827 0.900359 91.134 
0.897719 0.0282031 -0.439665 -93.5262 -0.0336212 0.999424 -0.00453878 -0.692162 0.439284 0.0188567 0.89815 91.8152 
0.895174 0.0306821 -0.44466 -93.9095 -0.0346232 0.9994 -0.000742554 -0.700436 0.44437 0.0160603 0.895699 92.5068 
0.893268 0.0266772 -0.448732 -94.2851 -0.0314384 0.999501 -0.00316252 -0.711091 0.448423 0.0169325 0.893661 93.1796 
0.890759 0.0243751 -0.453821 -94.6478 -0.0323408 0.999429 -0.0097983 -0.72935 0.453323 0.0234049 0.891039 93.8509 
0.888332 0.0222636 -0.458662 -95.0201 -0.0330773 0.999332 -0.015556 -0.752274 0.458009 0.0289902 0.888475 94.5241 
0.88606 0.0233747 -0.462981 -95.4119 -0.0350319 0.999248 -0.0165953 -0.779949 0.462245 0.0309236 0.886213 95.1989 
0.883665 0.0261333 -0.467389 -95.7877 -0.0362717 0.999261 -0.0127046 -0.800179 0.466712 0.0281797 0.88396 95.8832 
0.880842 0.0272365 -0.472626 -96.148 -0.0359892 0.999307 -0.0094857 -0.843771 0.47204 0.0253649 0.881212 96.5543 
0.87771 0.0272754 -0.478415 -96.5174 -0.0362461 0.999298 -0.009526 -0.853157 0.477819 0.0257018 0.878082 97.232 
0.875274 0.0246438 -0.483 -96.9012 -0.0337748 0.999377 -0.0102147 -0.878955 0.482447 0.0252539 0.875561 97.8875 
0.872752 0.023783 -0.487583 -97.2828 -0.0334305 0.99938 -0.011092 -0.902826 0.487017 0.0259808 0.873006 98.5532 
0.869853 0.0226181 -0.492793 -97.6549 -0.0322619 0.999418 -0.0110759 -0.91466 0.492256 0.0255329 0.870076 99.209 
0.866783 0.0243733 -0.498089 -98.0454 -0.0340395 0.999367 -0.0103335 -0.935692 0.497522 0.0259117 0.867064 99.8778 
0.863729 0.0249131 -0.50334 -98.4336 -0.0352229 0.999319 -0.0109804 -0.954189 0.502724 0.0272133 0.864019 100.546 
0.861062 0.0220643 -0.508021 -98.8223 -0.0348308 0.999271 -0.0156358 -0.976188 0.507306 0.0311582 0.861203 101.175 
0.85891 0.0174613 -0.51183 -99.2157 -0.0327422 0.999246 -0.0208555 -0.992691 0.51108 0.0346715 0.858834 101.806 
0.856734 0.0157834 -0.515517 -99.6095 -0.0327208 0.999181 -0.023787 -1.01603 0.514719 0.0372473 0.856549 102.434 
0.853738 0.0177283 -0.5204 -99.993 -0.033674 0.999208 -0.021204 -1.03068 0.519612 0.0356267 0.853659 103.092 
0.852632 0.0235076 -0.521983 -100.41 -0.0347628 0.999326 -0.0117786 -1.05675 0.521354 0.0281885 0.852875 103.675 
0.852932 0.0250246 -0.521422 -100.847 -0.0317156 0.999489 -0.00391129 -1.05687 0.521058 0.0198733 0.85329 104.248 
0.85 0.0243819 -0.526219 -101.207 -0.0287424 0.999587 -0.0001126 -1.0667 0.525999 0.0152206 0.850349 104.863 
0.847869 0.0234745 -0.529685 -101.582 -0.0267882 0.99964 0.0014219 -1.09947 0.529528 0.0129838 0.848193 105.46 
0.845872 0.0200225 -0.53301 -101.953 -0.0261678 0.99965 -0.00397576 -1.09752 0.532744 0.0173107 0.8461 106.025 
0.844274 0.0185883 -0.53559 -102.319 -0.0262678 0.999632 -0.0067138 -1.1159 0.535268 0.0197371 0.844452 106.57 
0.843035 0.0174531 -0.537576 -102.689 -0.0264627 0.999609 -0.0090458 -1.11988 0.537208 0.0218517 0.843167 107.114 
0.84108 0.0166991 -0.540653 -103.031 -0.0264417 0.999598 -0.0102603 -1.1232 0.540264 0.0229256 0.841183 107.642 
0.839863 0.0184976 -0.542484 -103.37 -0.0286074 0.999539 -0.0102073 -1.12704 0.542045 0.0240918 0.840004 108.131 
0.839159 0.018539 -0.54357 -103.716 -0.0281978 0.999558 -0.00944074 -1.13836 0.543154 0.0232498 0.839311 108.607 
0.836939 0.0171411 -0.547028 -104.012 -0.0271695 0.999578 -0.010247 -1.13115 0.546622 0.0234387 0.837052 109.081 
0.836665 0.0169705 -0.547452 -104.344 -0.0268733 0.999588 -0.010084 -1.14836 0.547055 0.0231489 0.836776 109.498 
0.835655 0.0165234 -0.549007 -104.639 -0.0267437 0.999586 -0.0106227 -1.17619 0.548604 0.0235595 0.83575 109.922 
0.834279 0.0159688 -0.551112 -104.925 -0.0280667 0.999515 -0.0135262 -1.19494 0.550628 0.0267525 0.834322 110.324 
0.831814 0.0121736 -0.55492 -105.187 -0.0272936 0.999447 -0.0189872 -1.19862 0.554382 0.0309397 0.831687 110.737 
0.829857 0.00847144 -0.557913 -105.458 -0.0249669 0.999447 -0.0219608 -1.19384 0.557418 0.0321537 0.829609 111.106 
0.827176 0.00362044 -0.561932 -105.721 -0.018533 0.999611 -0.0208407 -1.21069 0.561638 0.0276533 0.826921 111.477 
0.823506 0.00432258 -0.567291 -105.974 -0.0192662 0.999607 -0.0203511 -1.2071 0.56698 0.0276889 0.823266 111.82 
0.820023 0.00814213 -0.572273 -106.221 -0.0218469 0.999615 -0.0170827 -1.23675 0.571913 0.0265106 0.819885 112.125 
0.816511 0.0133814 -0.577175 -106.469 -0.0261881 0.999561 -0.0138734 -1.22788 0.576736 0.026443 0.816503 112.427 
0.813078 0.0179294 -0.581879 -106.719 -0.0279691 0.999575 -0.00828229 -1.22174 0.581483 0.0230088 0.813233 112.706 
0.808197 0.0189296 -0.588608 -106.939 -0.0267073 0.999633 -0.00452287 -1.23138 0.588306 0.0193756 0.808406 112.99 
0.802606 0.0165921 -0.596279 -107.128 -0.0228229 0.999735 -0.0029016 -1.24096 0.596073 0.0159377 0.802772 113.237 
0.795277 0.0131701 -0.606103 -107.334 -0.0191673 0.99981 -0.00342464 -1.2308 0.605943 0.014341 0.795379 113.478 
0.785101 0.0107068 -0.619275 -107.49 -0.0158872 0.99987 -0.00285435 -1.23233 0.619164 0.0120795 0.785169 113.699 
0.774717 0.011618 -0.632202 -107.678 -0.0161551 0.999869 -0.00142222 -1.2471 0.632102 0.0113151 0.774803 113.907 
0.762541 0.0133125 -0.646803 -107.868 -0.0187479 0.999823 -0.00152427 -1.24921 0.646668 0.0132885 0.762656 114.084 
0.747719 0.00937885 -0.663949 -108.05 -0.0181131 0.999816 -0.00627515 -1.22316 0.663768 0.0167182 0.747752 114.265 
0.733144 0.00736213 -0.680033 -108.251 -0.0201685 0.999737 -0.0109204 -1.23199 0.679774 0.0217215 0.7331 114.418 
0.717459 0.00354788 -0.696592 -108.408 -0.0198374 0.999686 -0.0153401 -1.23694 0.696318 0.0248245 0.717304 114.565 
0.701362 0.00232139 -0.712802 -108.581 -0.0247893 0.999469 -0.0211365 -1.22133 0.712374 0.0324943 0.701047 114.707 
0.686333 0.00567843 -0.727266 -108.787 -0.0332351 0.99917 -0.0235631 -1.21541 0.726528 0.0403429 0.685952 114.828 
0.667876 0.00702183 -0.744239 -108.961 -0.0358869 0.999096 -0.0227784 -1.22005 0.743407 0.0419217 0.667525 114.96 
0.648945 0.00658422 -0.760807 -109.134 -0.034715 0.999177 -0.0209637 -1.22383 0.760043 0.0400158 0.64864 115.09 
0.628509 0.00548124 -0.777783 -109.326 -0.0325725 0.999283 -0.0192789 -1.22013 0.77712 0.0374514 0.628237 115.215 
0.605472 0.00591471 -0.795845 -109.505 -0.0313515 0.999374 -0.0164246 -1.22232 0.795249 0.0348957 0.605278 115.333 
0.580381 0.0103571 -0.814279 -109.694 -0.0364086 0.999249 -0.0132406 -1.22109 0.813531 0.0373314 0.580323 115.444 
0.55496 0.0112207 -0.831802 -109.896 -0.0389761 0.999162 -0.0125257 -1.1841 0.830964 0.0393717 0.554932 115.547 
0.53084 0.0155877 -0.847329 -110.124 -0.042211 0.999076 -0.00806531 -1.19878 0.84642 0.040048 0.531007 115.616 
0.503523 0.0197721 -0.863756 -110.317 -0.0451388 0.998975 -0.00344608 -1.21941 0.862802 0.0407241 0.503899 115.71 
0.476987 0.0246805 -0.878564 -110.521 -0.0501766 0.99874 0.000814719 -1.22539 0.877477 0.0436948 0.477624 115.773 
0.449082 0.0269019 -0.893086 -110.729 -0.0529898 0.998589 0.00343436 -1.22804 0.891918 0.0457821 0.449874 115.834 
0.418322 0.0271373 -0.907893 -110.938 -0.0525501 0.998602 0.00563553 -1.24495 0.906777 0.0453525 0.419164 115.908 
0.387449 0.0228535 -0.921608 -111.17 -0.0530649 0.998588 0.00245368 -1.22803 0.920363 0.0479544 0.388115 115.953 
0.352092 0.0185756 -0.935781 -111.417 -0.0541434 0.998533 -0.000550426 -1.22654 0.934398 0.0508602 0.352581 116.01 
0.312282 0.0158232 -0.949858 -111.669 -0.0526433 0.998613 -0.000672026 -1.22072 0.94853 0.0502136 0.312682 116.06 
0.27018 0.0148379 -0.962696 -111.941 -0.0532711 0.99858 0.000440475 -1.21785 0.961335 0.0511649 0.270587 116.104 
0.225843 0.0124642 -0.974084 -112.244 -0.0547384 0.998501 8.54691e-05 -1.20817 0.972625 0.0533006 0.226186 116.14 
0.178352 0.0072043 -0.98394 -112.569 -0.0550278 0.998481 -0.00266377 -1.17332 0.982427 0.0546192 0.178478 116.151 
0.129779 0.00632385 -0.991523 -112.885 -0.0540785 0.998536 -0.000709662 -1.17583 0.990067 0.0537122 0.129931 116.148 
0.0787701 0.00263572 -0.996889 -113.25 -0.0564426 0.998404 -0.00182014 -1.13447 0.995294 0.0564105 0.0787932 116.138 
0.0291978 0.00250916 -0.999571 -113.585 -0.0557294 0.998446 0.000878461 -1.10958 0.998019 0.0556799 0.0292923 116.068 
-0.0254973 0.00376732 -0.999668 -113.972 -0.0520492 0.998632 0.00509097 -1.0856 0.998319 0.0521617 -0.0252663 116.039 
-0.0789242 0.00497851 -0.996868 -114.345 -0.0496514 0.998727 0.0089188 -1.07812 0.995643 0.0501998 -0.0785765 115.958 
-0.131151 0.00797992 -0.99133 -114.717 -0.0453982 0.99887 0.0140467 -1.08296 0.990322 0.0468469 -0.13064 115.843 
-0.184579 0.0110389 -0.982756 -115.108 -0.0415814 0.998954 0.0190306 -1.09164 0.981938 0.044377 -0.183927 115.732 
-0.236025 0.00817518 -0.971713 -115.53 -0.0438646 0.998856 0.0190581 -1.03405 0.970756 0.047122 -0.235397 115.598 
-0.284829 0.0105316 -0.958521 -115.939 -0.0400879 0.998934 0.0228879 -1.02838 0.95774 0.0449442 -0.284103 115.425 
-0.332849 0.0147231 -0.942865 -116.376 -0.0333412 0.999069 0.0273708 -1.05296 0.942391 0.0405466 -0.332048 115.228 
-0.379309 0.0145801 -0.925155 -116.8 -0.0290169 0.999197 0.0276437 -1.02176 0.924815 0.0373306 -0.378581 115.016 
-0.422661 0.0150583 -0.906163 -117.221 -0.0245318 0.999306 0.0280485 -0.994196 0.905956 0.0340848 -0.421998 114.771 
-0.464604 0.0166952 -0.885361 -117.677 -0.0209808 0.999334 0.0298543 -0.982852 0.88527 0.032446 -0.463944 114.504 
