1 2.12261e-08 -2.11895e-08 -1.20728e-14 2.12261e-08 1 2.10703e-08 -1.9984e-15 -2.11895e-08 2.10703e-08 1 -9.49241e-15 
0.999996 0.00268677 0.000361801 -0.0280152 -0.00268736 0.999995 0.00174861 -0.0271096 -0.000357143 -0.00174954 0.999998 0.743806 
0.999986 0.00523416 0.000521504 -0.0490574 -0.00523535 0.999983 0.00238796 -0.0508059 -0.000509039 -0.00239061 0.999997 1.49086 
0.999975 0.00684308 0.00174381 -0.0975376 -0.00684618 0.999975 0.00180412 -0.0600625 -0.00173146 -0.00181597 0.999997 2.24392 
0.999962 0.0086816 0.00103838 -0.087703 -0.00868321 0.999961 0.00159436 -0.0790658 -0.00102454 -0.00160327 0.999998 2.98274 
0.999958 0.00903655 0.00164745 -0.118098 -0.00903963 0.999957 0.00189759 -0.104168 -0.00163027 -0.00191236 0.999997 3.7008 
0.999963 0.00837386 0.00198015 -0.124702 -0.00837972 0.99996 0.00299445 -0.122392 -0.00195504 -0.00301089 0.999994 4.4084 
0.999958 0.00891223 0.00192184 -0.126484 -0.00892292 0.999944 0.0056483 -0.137132 -0.00187143 -0.00566517 0.999982 5.09362 
0.999963 0.00797744 0.00333897 -0.141011 -0.00800868 0.999923 0.00946339 -0.137611 -0.00326326 -0.00948974 0.99995 5.76319 
0.999967 0.00710223 0.00398655 -0.133227 -0.0071547 0.999886 0.0133168 -0.158258 -0.00389156 -0.0133449 0.999903 6.41023 
0.999967 0.00637179 0.00514537 -0.177287 -0.00645352 0.999851 0.0160369 -0.166234 -0.00504246 -0.0160695 0.999858 6.98094 
0.999956 0.00648742 0.00684761 -0.192278 -0.00659306 0.999858 0.0155255 -0.170343 -0.00674596 -0.0155699 0.999856 7.55723 
0.999948 0.00675608 0.00764142 -0.189227 -0.00685283 0.999896 0.0127117 -0.172187 -0.00755479 -0.0127633 0.99989 8.11969 
0.999946 0.00678281 0.00787836 -0.170818 -0.00685891 0.99993 0.00967876 -0.17622 -0.0078122 -0.00973223 0.999922 8.67881 
0.999938 0.00467008 0.0101322 -0.177473 -0.00474743 0.99996 0.0076268 -0.173015 -0.0100963 -0.00767438 0.99992 9.19486 
0.999936 0.00157932 0.0111944 -0.155546 -0.00163602 0.999986 0.00506144 -0.170712 -0.0111863 -0.00507939 0.999925 9.69453 
0.999912 -0.00145555 0.013225 -0.149118 0.00141054 0.999993 0.00341518 -0.180243 -0.01323 -0.00339619 0.999907 10.132 
0.999886 0.00281495 0.0148502 -0.143829 -0.00284333 0.999994 0.00189294 -0.196453 -0.0148448 -0.00193491 0.999888 10.5674 
0.999814 0.00661625 0.0181153 -0.147672 -0.00663126 0.999978 0.000771178 -0.203948 -0.0181099 -0.000891121 0.999836 10.9623 
0.999729 0.00787497 0.0219244 -0.150377 -0.00791062 0.999968 0.00154155 -0.206994 -0.0219115 -0.00171452 0.999758 11.3102 
0.999692 0.00416033 0.0244796 -0.134306 -0.00422697 0.999988 0.00267306 -0.212639 -0.0244683 -0.00277567 0.999697 11.6236 
0.999633 -0.00121371 0.0270639 -0.125245 0.00115751 0.999997 0.00209367 -0.216369 -0.0270664 -0.00206153 0.999632 11.9142 
0.999567 -0.00592836 0.0288296 -0.115629 0.00581937 0.999976 0.00386457 -0.226094 -0.0288518 -0.00369509 0.999577 12.1604 
0.99948 -0.00523942 0.0318266 -0.110912 0.00510568 0.999978 0.00428357 -0.226423 -0.0318484 -0.0041188 0.999484 12.3858 
0.999405 -0.00544564 0.03407 -0.113917 0.00532069 0.999979 0.0037585 -0.239669 -0.0340898 -0.00357494 0.999412 12.5864 
0.999317 -0.0040389 0.0367315 -0.118556 0.00394289 0.999989 0.00268694 -0.24728 -0.036742 -0.00254024 0.999322 12.7712 
0.999219 -0.00128401 0.0395008 -0.11516 0.00123019 0.999998 0.00138794 -0.243158 -0.0395025 -0.00133822 0.999219 12.9324 
0.999164 0.00154663 0.0408609 -0.113577 -0.00158123 0.999998 0.000815558 -0.249014 -0.0408596 -0.000879445 0.999165 13.1051 
0.999112 0.00201109 0.04209 -0.105007 -0.00197777 0.999998 -0.000832269 -0.259281 -0.0420916 0.000748326 0.999114 13.2561 
0.999051 0.00113831 0.0435429 -0.0836191 -0.00101574 0.999996 -0.00283601 -0.258181 -0.0435459 0.00278913 0.999048 13.4157 
0.998968 8.88028e-05 0.045423 -0.0793184 0.000110553 0.99999 -0.0043854 -0.262066 -0.045423 0.00438593 0.998958 13.5637 
0.998904 -0.000570338 0.04681 -0.0740677 0.000827037 0.999985 -0.00546375 -0.262581 -0.0468062 0.00549652 0.998889 13.7047 
0.998824 2.29185e-05 0.048481 -0.07044 0.000294141 0.999979 -0.00653183 -0.268577 -0.0484801 0.00653845 0.998803 13.8387 
0.998796 0.000798114 0.0490577 -0.0526955 -0.000369255 0.999962 -0.0087495 -0.270566 -0.0490628 0.00872089 0.998758 13.9647 
0.998786 0.000628073 0.0492656 -0.0348061 -9.69586e-05 0.999942 -0.0107814 -0.275743 -0.0492696 0.0107636 0.998728 14.0897 
0.998757 0.000211425 0.0498456 -0.0205787 0.000478244 0.999904 -0.0138229 -0.271949 -0.0498438 0.0138296 0.998661 14.2123 
0.998777 -0.00130834 0.0494278 -0.0145955 0.00207075 0.99988 -0.0153758 -0.28509 -0.0494018 0.0154594 0.998659 14.3357 
0.998861 7.04183e-05 0.0477069 -0.0135779 0.000687543 0.999874 -0.0158704 -0.287255 -0.047702 0.0158851 0.998735 14.4657 
0.99901 0.000829176 0.0444735 -0.0122033 -8.4428e-05 0.99986 -0.0167442 -0.28276 -0.0444812 0.0167239 0.99887 14.5933 
0.999198 0.000381738 0.0400484 -0.00909412 0.000346392 0.999835 -0.0181716 -0.285376 -0.0400488 0.018171 0.999033 14.7192 
0.999396 0.0010924 0.0347233 -0.015132 -0.000415333 0.99981 -0.0194989 -0.281361 -0.034738 0.0194727 0.999207 14.8387 
0.999566 0.00299169 0.0293077 -0.0492891 -0.00242116 0.999807 -0.0194814 -0.2873 -0.0293604 0.019402 0.999381 14.9395 
0.999742 0.0027738 0.0225571 -0.0603867 -0.00231799 0.999793 -0.0202064 -0.293046 -0.0226085 0.0201489 0.999541 15.0546 
0.999891 0.00169981 0.0146698 -0.0965691 -0.00138968 0.999776 -0.021122 -0.301652 -0.0147025 0.0210993 0.999669 15.1462 
0.999989 0.000121777 0.00462331 -0.102074 -1.96479e-05 0.999756 -0.0220744 -0.304147 -0.00462492 0.0220741 0.999746 15.2938 
0.999963 -0.00143272 -0.00847135 -0.125181 0.00123133 0.999718 -0.0237365 -0.310602 0.00850292 0.0237252 0.999682 15.4554 
0.999672 -0.00219121 -0.0255345 -0.131827 0.0015248 0.999658 -0.0260903 -0.305001 0.025583 0.0260429 0.999333 15.629 
0.999018 -0.00220774 -0.0442512 -0.169174 0.00100521 0.99963 -0.0271798 -0.312262 0.0442948 0.0271087 0.998651 15.7999 
0.99779 -0.00156414 -0.0664272 -0.204074 -0.000229472 0.999636 -0.0269856 -0.309012 0.0664452 0.0269412 0.997426 16.0078 
0.995804 -0.00139319 -0.0915053 -0.214605 -0.000909819 0.999684 -0.0251219 -0.323399 0.0915114 0.0250998 0.995488 16.2174 
0.992972 -0.000378305 -0.11835 -0.277526 -0.00252522 0.9997 -0.0243828 -0.318223 0.118324 0.0245103 0.992673 16.4531 
0.988941 0.00101852 -0.148308 -0.351119 -0.00424548 0.999761 -0.0214438 -0.338208 0.14825 0.0218363 0.988709 16.689 
0.983133 0.000539827 -0.182891 -0.407807 -0.00404331 0.999815 -0.018784 -0.338219 0.182847 0.0192067 0.982954 16.948 
0.975539 0.0013002 -0.219823 -0.513886 -0.00472586 0.999875 -0.0150588 -0.339141 0.219776 0.0157293 0.975424 17.2368 
0.965568 0.00299239 -0.260133 -0.626767 -0.00572101 0.999936 -0.00973296 -0.339127 0.260087 0.0108861 0.965524 17.5131 
0.953487 0.00624342 -0.301371 -0.785207 -0.00845325 0.999946 -0.00602916 -0.332806 0.301317 0.00829633 0.953488 17.8235 
0.938996 0.0100501 -0.343782 -0.948724 -0.011417 0.999933 -0.00195211 -0.329451 0.343739 0.00575803 0.939048 18.1353 
0.921432 0.0126425 -0.388335 -1.10114 -0.0122054 0.999919 0.00359232 -0.335402 0.388349 0.00142974 0.921511 18.4378 
0.901445 0.016623 -0.432575 -1.29313 -0.0125792 0.999846 0.0122083 -0.354694 0.432712 -0.00556361 0.901515 18.7506 
0.878925 0.0196451 -0.476556 -1.51205 -0.012821 0.999764 0.0175671 -0.338533 0.476788 -0.00933017 0.878969 19.0529 
0.853107 0.0253873 -0.521119 -1.73688 -0.0161055 0.999621 0.0223326 -0.346544 0.521488 -0.0106592 0.853192 19.362 
0.823841 0.0305004 -0.565999 -1.98361 -0.0187739 0.999472 0.0265328 -0.367349 0.56651 -0.0112328 0.823979 19.6654 
0.792005 0.033762 -0.60958 -2.25265 -0.020346 0.999375 0.0289163 -0.36905 0.610175 -0.0104993 0.792197 19.9492 
0.756419 0.0363309 -0.653077 -2.51769 -0.0209586 0.99929 0.0313157 -0.356663 0.653751 -0.0100001 0.756643 20.2291 
0.718243 0.0409647 -0.694585 -2.82236 -0.022642 0.999113 0.0355117 -0.353772 0.695423 -0.00977917 0.718534 20.5032 
0.677674 0.0411339 -0.734211 -3.16526 -0.0197172 0.999092 0.0377748 -0.326778 0.735098 -0.0111224 0.67787 20.7895 
0.635908 0.0417851 -0.770633 -3.55412 -0.0182742 0.999069 0.0390918 -0.316228 0.771548 -0.0107761 0.63608 21.0536 
0.591972 0.0408835 -0.804921 -3.94669 -0.0128662 0.999065 0.0412821 -0.304877 0.805856 -0.0140816 0.591945 21.3088 
0.546469 0.0409086 -0.83648 -4.37311 -0.00815029 0.999019 0.0435331 -0.289671 0.83744 -0.0169719 0.546266 21.546 
0.498758 0.0417902 -0.865733 -4.82731 -0.00597659 0.998979 0.044779 -0.264044 0.866721 -0.0171597 0.498498 21.7682 
0.448868 0.0412083 -0.892647 -5.3058 -0.00519104 0.99904 0.0435094 -0.23968 0.893583 -0.0148962 0.448651 21.9483 
0.395787 0.0397927 -0.91748 -5.80815 0.00101966 0.999041 0.04377 -0.21927 0.918342 -0.0182591 0.395367 22.1209 
0.341958 0.0392682 -0.938894 -6.33482 0.00651571 0.999003 0.0441553 -0.213252 0.939693 -0.0212168 0.341361 22.2635 
0.288072 0.0385724 -0.956832 -6.8765 0.00851128 0.999046 0.0428367 -0.193486 0.957571 -0.0204839 0.287469 22.3765 
0.233835 0.0438222 -0.971288 -7.47129 0.00905465 0.998842 0.0472453 -0.16077 0.972234 -0.0198422 0.233168 22.4766 
0.182403 0.0487118 -0.982017 -8.07362 0.0105806 0.998617 0.0515006 -0.131951 0.983167 -0.0197841 0.181635 22.542 
0.133087 0.0494459 -0.98987 -8.69652 0.0146494 0.998548 0.0518489 -0.100144 0.990996 -0.0214014 0.132169 22.5969 
0.0881293 0.0508028 -0.994813 -9.32283 0.0171791 0.998473 0.0525115 -0.0777595 0.995961 -0.0217178 0.087122 22.6299 
0.0472984 0.0485378 -0.997701 -9.96442 0.0164568 0.998645 0.049364 -0.0458933 0.998745 -0.0187538 0.0464355 22.6301 
0.0119146 0.0439569 -0.998962 -10.6168 0.0136529 0.998933 0.0441184 -0.0135071 0.999836 -0.0141644 0.0113017 22.5931 
-0.0159993 0.0442334 -0.998893 -11.2483 0.0120803 0.998957 0.0440428 0.00749857 0.999799 -0.0113622 -0.0165169 22.5211 
-0.0371806 0.048061 -0.998152 -11.9625 0.010214 0.998809 0.0477121 0.0409349 0.999256 -0.00842109 -0.0376272 22.4649 
-0.0498047 0.0538876 -0.997304 -12.6708 0.0114734 0.998508 0.0533797 0.0750846 0.998693 -0.00878388 -0.0503487 22.3959 
-0.0574495 0.0572467 -0.996706 -13.4205 0.0113256 0.998328 0.0566871 0.10008 0.998284 -0.00803163 -0.0580018 22.3344 
-0.0618701 0.054871 -0.996575 -14.1455 0.0143277 0.998434 0.0540839 0.10923 0.997981 -0.0109324 -0.0625593 22.2652 
-0.0606839 0.0504404 -0.996882 -14.9204 0.0213302 0.99856 0.0492269 0.154306 0.997929 -0.0182764 -0.0616724 22.2067 
-0.0561618 0.0488741 -0.997225 -15.7398 0.0326223 0.998358 0.0470924 0.202301 0.997889 -0.0298869 -0.0576639 22.163 
-0.0507216 0.04984 -0.997468 -16.5785 0.0335929 0.998274 0.048172 0.224426 0.998148 -0.0310645 -0.0523084 22.1341 
-0.0450182 0.04878 -0.997795 -17.4528 0.0329381 0.998337 0.0473204 0.232916 0.998443 -0.0307351 -0.04655 22.0483 
-0.045483 0.0417994 -0.99809 -18.5541 0.039882 0.998404 0.0399951 0.287433 0.998169 -0.0379867 -0.0470775 22.1729 
-0.0435452 0.0310174 -0.99857 -19.4391 0.0375193 0.998864 0.0293904 0.315129 0.998347 -0.0361858 -0.0446594 22.1276 
-0.0447044 0.0231553 -0.998732 -20.3248 0.0296711 0.999321 0.0218408 0.317383 0.99856 -0.0286571 -0.0453611 22.0943 
-0.0469683 0.0194414 -0.998707 -21.2419 0.024855 0.999524 0.0182884 0.348641 0.998587 -0.0239639 -0.0474291 22.0372 
-0.0510857 0.0250755 -0.998379 -22.1683 0.0145287 0.999598 0.0243627 0.367843 0.998589 -0.0132605 -0.0514294 21.9656 
-0.0581898 0.0332784 -0.997751 -23.1539 0.0110419 0.999405 0.0326896 0.370303 0.998245 -0.00911483 -0.0585226 21.9277 
-0.0635773 0.0424109 -0.997075 -24.1866 0.0109872 0.999066 0.041795 0.411864 0.997916 -0.00829783 -0.0639839 21.8656 
-0.0650915 0.0529683 -0.996473 -25.2024 0.00880087 0.998582 0.0525055 0.443623 0.997841 -0.00535212 -0.0654654 21.7643 
-0.0659878 0.0598509 -0.996024 -26.1855 0.0108626 0.998183 0.059261 0.482609 0.997761 -0.0069089 -0.0665181 21.6627 
-0.0687315 0.0610202 -0.995767 -27.2112 0.0118372 0.998107 0.0603466 0.519318 0.997565 -0.0076393 -0.0693237 21.5904 
-0.0713609 0.0581275 -0.995755 -28.238 0.011669 0.998281 0.0574387 0.565979 0.997382 -0.00752053 -0.0719165 21.5162 
-0.0746271 0.0535213 -0.995774 -29.2525 0.0112442 0.99854 0.0528273 0.595795 0.997148 -0.00725428 -0.0751199 21.4224 
-0.0794464 0.0485892 -0.995654 -30.2523 0.0121029 0.998785 0.0477762 0.625287 0.996766 -0.00825464 -0.0799379 21.3247 
-0.0859412 0.0442509 -0.995317 -31.275 0.0111959 0.998993 0.0434476 0.662127 0.996237 -0.00740947 -0.0863501 21.2253 
-0.0914541 0.0422218 -0.994914 -32.2841 0.00950855 0.999092 0.0415251 0.688152 0.995764 -0.00566251 -0.0917726 21.09 
-0.0982793 0.0453456 -0.994125 -33.3401 0.00939958 0.998959 0.0446369 0.71814 0.995115 -0.00495744 -0.0986032 20.9545 
-0.105204 0.0494127 -0.993222 -34.3781 0.008606 0.998773 0.0487773 0.762346 0.994413 -0.00341607 -0.1055 20.825 
-0.112011 0.05167 -0.992363 -35.4234 0.00659612 0.998664 0.0512535 0.801435 0.993685 -0.000804738 -0.112202 20.697 
-0.11689 0.0535404 -0.991701 -36.468 0.00357787 0.998562 0.0534891 0.848871 0.993139 0.00270419 -0.116913 20.545 
-0.119895 0.0549723 -0.991263 -37.5227 -0.00171316 0.998453 0.0555782 0.879442 0.992785 0.0083618 -0.119616 20.3941 
-0.122872 0.0551245 -0.99089 -38.5911 -0.00516282 0.998407 0.0561829 0.933055 0.992409 0.0120191 -0.122392 20.2488 
-0.123775 0.0547796 -0.990797 -39.6755 -0.00646903 0.998409 0.0560086 0.976586 0.992289 0.013342 -0.123224 20.0766 
-0.125091 0.0543399 -0.990656 -40.7316 -0.00686427 0.998428 0.0556329 1.01942 0.992122 0.0137594 -0.124522 19.9116 
-0.12738 0.0538203 -0.990393 -41.7798 -0.00820796 0.998435 0.055313 1.04587 0.99182 0.0151749 -0.126739 19.7607 
-0.130021 0.0521564 -0.990139 -42.8745 -0.00852366 0.99852 0.0537171 1.10232 0.991475 0.015424 -0.129384 19.6169 
-0.130399 0.0489285 -0.990254 -43.997 -0.0134638 0.998602 0.051114 1.1535 0.99137 0.0199978 -0.129558 19.4362 
-0.13177 0.0432213 -0.990338 -45.0919 -0.018822 0.99876 0.0460933 1.1989 0.991102 0.0247139 -0.130793 19.2768 
-0.132031 0.0434151 -0.990294 -46.1681 -0.019877 0.998724 0.0464347 1.21834 0.991046 0.025815 -0.131 19.1322 
-0.131481 0.0473338 -0.990188 -47.2316 -0.0200249 0.998529 0.0503915 1.25128 0.991116 0.026454 -0.13034 18.9799 
-0.12919 0.0507629 -0.99032 -48.3553 -0.020032 0.998351 0.0537878 1.28275 0.991418 0.026787 -0.12796 18.7977 
-0.128318 0.0504706 -0.990448 -49.4705 -0.0174729 0.998434 0.0531413 1.32323 0.991579 0.024125 -0.127235 18.642 
-0.127009 0.0496282 -0.990659 -50.5867 -0.0178325 0.998472 0.0523058 1.36141 0.991741 0.0243093 -0.12593 18.4866 
-0.123192 0.0499897 -0.991123 -51.6903 -0.0221664 0.998343 0.053109 1.40332 0.992135 0.0285122 -0.121879 18.3193 
-0.116071 0.0504627 -0.991958 -52.7942 -0.0261103 0.998208 0.0538359 1.43879 0.992898 0.0321492 -0.114546 18.1431 
-0.10949 0.0512322 -0.992667 -53.8811 -0.0309776 0.99801 0.0549248 1.46354 0.993505 0.0367642 -0.107685 17.9759 
-0.104912 0.0507588 -0.993185 -55.0126 -0.0325569 0.997986 0.0544432 1.5058 0.993949 0.0380468 -0.103048 17.845 
-0.0986778 0.0491712 -0.993904 -56.1398 -0.0328862 0.998072 0.0526425 1.56018 0.994576 0.0378804 -0.0968704 17.7121 
-0.093921 0.0490862 -0.994369 -57.2667 -0.0318975 0.998123 0.0522843 1.60374 0.995069 0.0366285 -0.0921789 17.5848 
-0.0884014 0.0499804 -0.99483 -58.4015 -0.0313898 0.998105 0.0529342 1.64933 0.99559 0.035907 -0.086665 17.4641 
-0.0837404 0.051164 -0.995173 -59.5278 -0.0302241 0.998091 0.0538573 1.70056 0.996029 0.0345883 -0.0820342 17.352 
-0.0766593 0.0540833 -0.995589 -60.6641 -0.0301351 0.997946 0.0565317 1.72828 0.996602 0.0343359 -0.0748721 17.2195 
-0.0718726 0.0532708 -0.99599 -61.8025 -0.0296161 0.998018 0.0555165 1.77428 0.996974 0.0334875 -0.0701525 17.1295 
-0.0684475 0.047726 -0.996513 -62.9371 -0.0295058 0.998321 0.0498393 1.83097 0.997218 0.0328143 -0.0669244 17.0484 
-0.0638398 0.0420138 -0.997075 -64.0405 -0.0297888 0.998588 0.0439848 1.8701 0.997516 0.0325097 -0.0624981 16.9435 
-0.0579157 0.0409334 -0.997482 -65.2387 -0.0306645 0.998615 0.0427603 1.92694 0.99785 0.0330638 -0.0565802 16.8081 
-0.0554417 0.0425774 -0.997554 -66.4068 -0.0323908 0.998488 0.0444175 1.9564 0.997936 0.0347742 -0.0539787 16.7254 
-0.0533249 0.0426653 -0.997665 -67.5636 -0.0343249 0.998418 0.0445321 1.98223 0.997987 0.0366195 -0.0517761 16.6353 
-0.0526997 0.0411552 -0.997762 -68.7243 -0.0360009 0.998423 0.043084 2.03272 0.997961 0.0381909 -0.0511349 16.5563 
-0.0514534 0.0423324 -0.997778 -69.9233 -0.0367864 0.998343 0.0442534 2.06694 0.997998 0.0389817 -0.0498109 16.4706 
-0.0499504 0.0423259 -0.997854 -71.0816 -0.0375288 0.998317 0.0442241 2.09007 0.998046 0.0396573 -0.0482779 16.3824 
-0.0469675 0.0388574 -0.99814 -72.2733 -0.0396123 0.998385 0.0407309 2.1498 0.998111 0.0414517 -0.0453524 16.2498 
-0.04847 0.0374424 -0.998123 -73.4553 -0.036846 0.99855 0.0392477 2.1798 0.998145 0.0386792 -0.0470201 16.2075 
-0.0493529 0.0391083 -0.998015 -74.6475 -0.0316733 0.998669 0.0407002 2.19105 0.998279 0.0336192 -0.0480485 16.1432 
-0.0482166 0.0392722 -0.998065 -75.8597 -0.0303184 0.998709 0.0407622 2.23407 0.998377 0.0322251 -0.0469637 16.0525 
-0.0484788 0.0410465 -0.99798 -77.0101 -0.0288915 0.99868 0.0424787 2.26452 0.998406 0.0308925 -0.0472289 15.9695 
-0.048336 0.0453918 -0.997799 -78.1858 -0.0318592 0.998389 0.0469619 2.28183 0.998323 0.0340591 -0.0468119 15.8846 
-0.047292 0.0446878 -0.997881 -79.3563 -0.0347754 0.99832 0.0463555 2.31633 0.998276 0.036894 -0.0456585 15.8022 
-0.0471239 0.0423218 -0.997992 -80.5121 -0.0350558 0.998417 0.0439951 2.35951 0.998274 0.0370586 -0.0455657 15.7179 
-0.0475333 0.0397868 -0.998077 -81.6646 -0.0367862 0.998459 0.0415539 2.39283 0.998192 0.0386906 -0.0459965 15.6409 
-0.047135 0.0386269 -0.998141 -82.8182 -0.0375895 0.998476 0.0404149 2.42859 0.998181 0.0394246 -0.0456111 15.5614 
-0.0486371 0.0404702 -0.997996 -84.0219 -0.035301 0.998485 0.0422104 2.4587 0.998193 0.0372833 -0.0471348 15.5206 
-0.0484902 0.0436352 -0.99787 -85.2113 -0.0372325 0.998272 0.0454621 2.4888 0.99813 0.0393577 -0.0467817 15.4489 
-0.0487152 0.0458488 -0.99776 -86.3901 -0.0379259 0.998141 0.047718 2.5245 0.998092 0.0401656 -0.0468857 15.3815 
-0.0506958 0.0459853 -0.997655 -87.5986 -0.0371384 0.998162 0.0478959 2.56143 0.998023 0.0394794 -0.0488948 15.3311 
-0.050775 0.0430233 -0.997783 -88.7906 -0.0365161 0.998324 0.0449048 2.60476 0.998042 0.0387152 -0.0491188 15.2579 
-0.0505398 0.0430757 -0.997793 -89.9451 -0.0344589 0.998399 0.0448473 2.6262 0.998127 0.0366494 -0.0489746 15.1769 
-0.0512553 0.0439157 -0.99772 -91.0702 -0.0343126 0.998365 0.0457069 2.64862 0.998096 0.0365772 -0.0496646 15.1081 
-0.0504159 0.0475763 -0.997595 -92.2342 -0.0328103 0.998247 0.0492656 2.68299 0.998189 0.0352152 -0.0487665 15.0217 
-0.0518199 0.0491779 -0.997445 -93.3551 -0.0299142 0.998262 0.0507724 2.7311 0.998208 0.0324689 -0.0502588 14.9698 
-0.0515537 0.050508 -0.997392 -94.5042 -0.0308686 0.998162 0.0521426 2.77919 0.998193 0.0334763 -0.0498999 14.8837 
-0.0511773 0.0523015 -0.997319 -95.6663 -0.0338267 0.997964 0.0540711 2.81733 0.998117 0.0365032 -0.0493039 14.7987 
-0.0516771 0.0513074 -0.997345 -96.8211 -0.0343769 0.997996 0.0531221 2.85027 0.998072 0.0370308 -0.0498098 14.7277 
-0.0521295 0.0477762 -0.997497 -97.9895 -0.0368184 0.998084 0.0497284 2.88873 0.997961 0.0393186 -0.0502706 14.6389 
-0.0519743 0.0457752 -0.997599 -99.155 -0.0376246 0.99815 0.0477607 2.9276 0.997939 0.0400166 -0.0501559 14.5558 
-0.052051 0.0439895 -0.997675 -100.309 -0.0377483 0.998229 0.0459833 2.96671 0.997931 0.0400541 -0.0502983 14.4796 
-0.0529796 0.0432472 -0.997659 -101.468 -0.0356691 0.998342 0.045171 3.0082 0.997958 0.0379787 -0.0513492 14.4227 
-0.0523706 0.0454147 -0.997595 -102.627 -0.0367356 0.998202 0.0473708 3.04695 0.997952 0.0391281 -0.0506081 14.3392 
-0.0533033 0.0462612 -0.997506 -103.777 -0.0338382 0.998269 0.0481047 3.09423 0.998005 0.036318 -0.0516456 14.2719 
-0.0549935 0.0453139 -0.997458 -104.946 -0.0380519 0.998149 0.0474432 3.12654 0.997761 0.0405643 -0.0531674 14.1901 
-0.0548592 0.0453768 -0.997463 -106.116 -0.0403163 0.998052 0.0476209 3.17965 0.99768 0.0428265 -0.0529229 14.0998 
-0.0542833 0.0449935 -0.997511 -107.296 -0.0441509 0.997899 0.0474136 3.2092 0.997549 0.0466149 -0.0521827 13.9935 
-0.0550565 0.0411987 -0.997633 -108.468 -0.0452633 0.998018 0.0437125 3.23872 0.997457 0.0475629 -0.0530826 13.9163 
-0.0564935 0.037456 -0.9977 -109.627 -0.0453566 0.998168 0.0400419 3.26475 0.997372 0.0475144 -0.0546912 13.8333 
-0.0580478 0.0364974 -0.997646 -110.791 -0.0404526 0.998425 0.0388796 3.29518 0.997494 0.0426143 -0.05648 13.746 
-0.059557 0.0367057 -0.99755 -111.938 -0.0374017 0.99854 0.0389751 3.31142 0.997524 0.0396313 -0.0580972 13.6785 
-0.0601095 0.0385931 -0.997445 -113.171 -0.0361294 0.998513 0.0408117 3.34381 0.997538 0.0384903 -0.0586258 13.592 
-0.0609995 0.0422182 -0.997245 -114.359 -0.0350879 0.998397 0.0444133 3.37737 0.997521 0.0377004 -0.0594204 13.4804 
-0.0613478 0.0429381 -0.997192 -115.577 -0.0339536 0.998406 0.0450792 3.40399 0.997539 0.0366238 -0.0597921 13.3846 
-0.0623729 0.0381322 -0.997324 -116.807 -0.0338712 0.998613 0.0402998 3.45313 0.997478 0.0362942 -0.0609948 13.2885 
-0.064972 0.0342318 -0.9973 -118.035 -0.0348161 0.998725 0.036549 3.48954 0.99728 0.0370968 -0.0636974 13.2094 
-0.0658479 0.033681 -0.997261 -119.289 -0.0346566 0.99875 0.0360196 3.51153 0.997228 0.0369335 -0.0645983 13.0918 
-0.0664702 0.0356019 -0.997153 -120.548 -0.0368233 0.998595 0.0381081 3.53335 0.997109 0.0392516 -0.0650658 12.9745 
-0.0681039 0.0402475 -0.996866 -121.758 -0.0408662 0.998235 0.0430947 3.55851 0.996841 0.0436731 -0.0663389 12.8829 
-0.0685418 0.043296 -0.996708 -123.005 -0.046844 0.997816 0.0465655 3.59361 0.996548 0.0498816 -0.066364 12.7676 
-0.0689485 0.0425601 -0.996712 -124.261 -0.0527355 0.997537 0.0462433 3.63404 0.996225 0.0557506 -0.0665342 12.6558 
-0.069016 0.0399731 -0.996814 -125.52 -0.0568649 0.997415 0.0439343 3.67197 0.995994 0.059716 -0.0665645 12.5224 
-0.0692509 0.0380952 -0.996872 -126.801 -0.0589221 0.99737 0.0422075 3.71541 0.995858 0.0616608 -0.0668242 12.415 
-0.0696325 0.0373338 -0.996874 -128.069 -0.0592762 0.997379 0.0414933 3.75145 0.99581 0.0619802 -0.067237 12.2916 
-0.070467 0.0369881 -0.996828 -129.296 -0.0569771 0.997532 0.041042 3.76731 0.995886 0.0596885 -0.0681856 12.1892 
-0.0717599 0.039253 -0.996649 -130.484 -0.0595556 0.997274 0.0435657 3.76524 0.995642 0.0624823 -0.0692265 12.0909 
-0.0723944 0.0443681 -0.996389 -131.735 -0.0587732 0.997084 0.0486694 3.7985 0.995643 0.0620843 -0.0695756 11.9693 
-0.073196 0.0488042 -0.996123 -133.011 -0.0576514 0.996925 0.0530798 3.835 0.99565 0.0613131 -0.0701573 11.8552 
-0.0745615 0.0463515 -0.996139 -134.246 -0.0575738 0.997053 0.0507034 3.8963 0.995553 0.061132 -0.0716731 11.7587 
-0.0738086 0.0449294 -0.99626 -135.502 -0.0566817 0.997181 0.0491702 3.941 0.99566 0.0600989 -0.0710538 11.6483 
-0.0735504 0.0450616 -0.996273 -136.732 -0.0560254 0.997214 0.0492403 3.97053 0.995717 0.0594383 -0.0708209 11.5422 
-0.0723547 0.0444788 -0.996387 -137.993 -0.0554443 0.997281 0.0485449 4.00477 0.995837 0.0587564 -0.0696919 11.4124 
-0.071561 0.0472984 -0.996314 -139.266 -0.0555633 0.997135 0.0513282 4.03959 0.995887 0.0590317 -0.0687279 11.2955 
-0.072158 0.0512621 -0.996075 -140.512 -0.0561264 0.996887 0.0553698 4.07307 0.995813 0.0599015 -0.0690562 11.188 
-0.0719915 0.0515649 -0.996071 -141.755 -0.0572996 0.9968 0.0557439 4.12408 0.995758 0.0610876 -0.0688064 11.096 
-0.0711435 0.0483693 -0.996293 -142.997 -0.0599915 0.996808 0.0526782 4.16625 0.99566 0.0635168 -0.0680147 10.9699 
-0.0711144 0.0446265 -0.996469 -144.261 -0.058265 0.997107 0.0488132 4.22561 0.995765 0.0615306 -0.0683085 10.8557 
-0.0709809 0.0420096 -0.996593 -145.494 -0.0557172 0.997386 0.0460114 4.28811 0.99592 0.0587934 -0.0684546 10.7477 
-0.0724368 0.0418334 -0.996495 -146.702 -0.0541692 0.99748 0.0458124 4.31991 0.995901 0.0572979 -0.0699882 10.6712 
-0.0737221 0.0420142 -0.996393 -147.946 -0.0512476 0.997633 0.0458582 4.3596 0.995961 0.0544436 -0.0713944 10.5753 
-0.0741598 0.041847 -0.996368 -149.183 -0.0496602 0.997725 0.0456002 4.37664 0.996009 0.0528616 -0.071913 10.469 
-0.0757472 0.0423893 -0.996226 -150.351 -0.0493566 0.997712 0.0462053 4.40317 0.995905 0.0526703 -0.0734817 10.3833 
-0.0765343 0.0451685 -0.996043 -151.593 -0.0464498 0.997727 0.048814 4.44359 0.995984 0.050002 -0.0742623 10.2842 
-0.0771568 0.045786 -0.995967 -152.831 -0.044074 0.997812 0.0492852 4.49412 0.996044 0.047699 -0.07497 10.168 
-0.0778657 0.0441057 -0.995988 -154.073 -0.0430886 0.997939 0.0475607 4.53773 0.996032 0.0466191 -0.0758047 10.0391 
-0.0798291 0.0441485 -0.99583 -155.296 -0.0441542 0.997882 0.047779 4.57733 0.99583 0.0477843 -0.0777106 9.93614 
-0.0806221 0.0472377 -0.995625 -156.53 -0.0440629 0.997731 0.0509057 4.63589 0.99577 0.0479743 -0.0783577 9.81791 
-0.0820725 0.0544734 -0.995137 -157.738 -0.0495233 0.997049 0.0586624 4.65512 0.995395 0.054097 -0.0791326 9.71462 
-0.0819858 0.0529989 -0.995223 -158.95 -0.0526175 0.996962 0.0574261 4.71878 0.995244 0.0570743 -0.0789481 9.60217 
-0.0804736 0.0494115 -0.995531 -160.215 -0.0569303 0.996912 0.054082 4.76642 0.99513 0.0610281 -0.0774121 9.45143 
-0.0781207 0.0452525 -0.995916 -161.462 -0.059621 0.996969 0.0499771 4.7859 0.99516 0.0632818 -0.075186 9.28962 
-0.0786572 0.0426254 -0.99599 -162.679 -0.0607028 0.997027 0.0474637 4.82907 0.995052 0.0641927 -0.0758358 9.18543 
-0.0772844 0.0395618 -0.996224 -163.898 -0.0552533 0.997507 0.0438992 4.86845 0.995477 0.0584374 -0.0749058 9.06129 
-0.0780957 0.0360558 -0.996294 -165.099 -0.0501105 0.997941 0.0400434 4.89622 0.995686 0.053052 -0.0761281 8.95523 
-0.0794067 0.0339117 -0.996265 -166.326 -0.042892 0.998379 0.0374023 4.91615 0.995919 0.0457018 -0.0778234 8.85115 
-0.0781383 0.0360737 -0.99629 -167.593 -0.0425055 0.998316 0.0394807 4.96538 0.996036 0.0454328 -0.0764734 8.68255 
-0.0779791 0.041929 -0.996073 -168.817 -0.0414048 0.998117 0.0452565 4.99829 0.996095 0.0447713 -0.0760962 8.57358 
-0.0765806 0.0445594 -0.996067 -170.04 -0.043463 0.997902 0.0479831 5.04079 0.996116 0.0469666 -0.0744832 8.46107 
-0.0756606 0.0409827 -0.996291 -171.282 -0.0436285 0.998062 0.0443688 5.08582 0.996179 0.0468237 -0.0737259 8.34547 
-0.076128 0.0403396 -0.996282 -172.522 -0.0463058 0.99796 0.0439459 5.12577 0.996022 0.0494791 -0.0741047 8.24935 
-0.0736114 0.0415695 -0.99642 -173.735 -0.0455865 0.997946 0.0450009 5.15806 0.996245 0.0487359 -0.0715652 8.12237 
-0.0736174 0.0398822 -0.996489 -174.933 -0.0453865 0.998031 0.0432969 5.19082 0.996253 0.0484146 -0.0716623 8.01806 
-0.0716524 0.0384639 -0.996688 -176.118 -0.0447064 0.998128 0.0417334 5.21842 0.996427 0.0475486 -0.0697987 7.91188 
-0.0703274 0.0398437 -0.996728 -177.231 -0.0459801 0.99801 0.0431393 5.24232 0.996464 0.0488636 -0.0683555 7.80641 
-0.0698613 0.0410548 -0.996712 -178.37 -0.0436481 0.99807 0.0441701 5.2789 0.996601 0.0465904 -0.0679345 7.72857 
-0.0695655 0.0423316 -0.996679 -179.487 -0.0446331 0.997967 0.0455016 5.30482 0.996578 0.0476503 -0.0675347 7.62197 
-0.0693725 0.0429544 -0.996666 -180.544 -0.0452545 0.997909 0.0461579 5.32774 0.996564 0.0483058 -0.0672835 7.53449 
-0.0701798 0.0424786 -0.99663 -181.593 -0.042972 0.998037 0.0455645 5.36362 0.996608 0.0460249 -0.0682166 7.44487 
-0.0700864 0.0418587 -0.996662 -182.603 -0.0434231 0.998044 0.0449703 5.38131 0.996595 0.0464301 -0.0681317 7.35721 
-0.0677799 0.0420694 -0.996813 -183.592 -0.04483 0.997973 0.0451666 5.40571 0.996693 0.0477486 -0.0657566 7.2622 
-0.0681358 0.0419621 -0.996793 -184.527 -0.0455313 0.997943 0.0451228 5.4309 0.996637 0.0484598 -0.066085 7.20445 
-0.0706728 0.0401909 -0.99669 -185.477 -0.0429198 0.99814 0.0432927 5.45317 0.996576 0.0458374 -0.0688164 7.14102 
-0.0749116 0.0383347 -0.996453 -186.369 -0.0403743 0.998325 0.041442 5.45618 0.996373 0.0433356 -0.0732384 7.08339 
-0.0814792 0.0343538 -0.996083 -187.294 -0.0400412 0.998486 0.037712 5.4802 0.99587 0.0429571 -0.0799803 7.00574 
-0.0881028 0.0311782 -0.995623 -188.196 -0.0411111 0.998545 0.0349076 5.49252 0.995263 0.0440066 -0.0866928 6.93857 
-0.0926085 0.0293989 -0.995269 -189.116 -0.0427652 0.998524 0.0334743 5.51992 0.994784 0.0456629 -0.0912145 6.84067 
-0.0956895 0.0291169 -0.994985 -190.062 -0.0439638 0.998473 0.0334471 5.56055 0.99444 0.0469439 -0.0942633 6.71608 
-0.0980747 0.0316019 -0.994677 -190.99 -0.043403 0.998409 0.0359999 5.57036 0.994232 0.0467027 -0.096547 6.61192 
-0.0988505 0.0329671 -0.994556 -191.901 -0.0416718 0.998437 0.0372376 5.59986 0.994229 0.045126 -0.0973222 6.49199 
-0.10105 0.0332837 -0.994324 -192.811 -0.0413137 0.998438 0.03762 5.61893 0.994023 0.0448807 -0.0995169 6.38587 
-0.104121 0.0310832 -0.994079 -193.697 -0.0420667 0.998479 0.0356269 5.64894 0.993675 0.0455272 -0.102656 6.30352 
-0.106807 0.0299934 -0.993827 -194.576 -0.0438637 0.99843 0.0348463 5.66232 0.993312 0.0473148 -0.105324 6.20933 
-0.106473 0.0287741 -0.993899 -195.466 -0.0463046 0.998353 0.0338635 5.68742 0.993237 0.0496277 -0.104965 6.08828 
-0.10477 0.0270872 -0.994128 -196.372 -0.0498692 0.998228 0.0324546 5.70332 0.993245 0.0529766 -0.103233 5.95328 
-0.105711 0.023752 -0.994113 -197.276 -0.0489474 0.998379 0.0290589 5.72442 0.993192 0.0517311 -0.104377 5.86874 
-0.105667 0.0211093 -0.994178 -198.21 -0.0480576 0.998498 0.0263089 5.73089 0.99324 0.0505578 -0.104494 5.75819 
-0.104325 0.0222068 -0.994295 -199.1 -0.0475388 0.998497 0.0272885 5.72617 0.993406 0.0501145 -0.103112 5.6296 
-0.103849 0.0245503 -0.99429 -200.028 -0.0456008 0.998527 0.0294177 5.75039 0.993547 0.0483954 -0.102576 5.5144 
-0.103997 0.0257526 -0.994244 -200.969 -0.0464727 0.998447 0.0307224 5.76149 0.993491 0.0494002 -0.102639 5.38168 
-0.102998 0.0228476 -0.994419 -201.907 -0.0419815 0.998746 0.0272953 5.77363 0.993795 0.0445586 -0.10191 5.26617 
-0.101904 0.0183092 -0.994626 -202.833 -0.0400617 0.998944 0.0224932 5.80503 0.993987 0.0421386 -0.101063 5.13964 
-0.10129 0.0201583 -0.994653 -203.775 -0.0464718 0.998607 0.0249709 5.79722 0.993771 0.0487526 -0.100213 5.01067 
-0.101208 0.0224604 -0.994612 -204.72 -0.0484378 0.998448 0.0274758 5.82311 0.993686 0.0509576 -0.0999627 4.91006 
-0.0999874 0.0222956 -0.994739 -205.673 -0.0469844 0.998528 0.0271032 5.83691 0.993879 0.0494472 -0.0987927 4.80859 
-0.0981338 0.0235782 -0.994894 -206.618 -0.0453031 0.998577 0.0281341 5.86141 0.994142 0.0478327 -0.096926 4.70935 
-0.0969768 0.0273956 -0.99491 -207.6 -0.0431744 0.998564 0.0317046 5.89307 0.99435 0.0460293 -0.0956548 4.58758 
-0.0950531 0.0318985 -0.994961 -208.593 -0.0402179 0.998547 0.0358557 5.90858 0.994659 0.0434235 -0.0936321 4.471 
-0.0953133 0.0332677 -0.994891 -209.553 -0.0384503 0.998573 0.0370744 5.9165 0.994704 0.0417876 -0.0938981 4.39358 
-0.0939787 0.0336922 -0.995004 -210.552 -0.0415056 0.998426 0.0377283 5.94311 0.994709 0.0448439 -0.0924323 4.27913 
-0.0922487 0.034798 -0.995128 -211.545 -0.0435165 0.998293 0.0389427 5.96915 0.994785 0.0468969 -0.090577 4.18112 
-0.0889376 0.0346092 -0.995436 -212.547 -0.0451124 0.998231 0.0387369 5.99423 0.995015 0.0483517 -0.0872189 4.07604 
-0.0873888 0.0316363 -0.995672 -213.546 -0.0466049 0.998271 0.0358094 6.0162 0.995084 0.0495326 -0.0857633 3.98145 
-0.0836978 0.0288279 -0.996074 -214.565 -0.0462948 0.99839 0.032785 6.02988 0.995415 0.0488571 -0.0822285 3.86929 
-0.083347 0.0278023 -0.996133 -215.591 -0.0464689 0.998415 0.0317541 6.05318 0.995437 0.0489358 -0.0819229 3.7767 
-0.0836523 0.0311294 -0.996009 -216.604 -0.0475562 0.998248 0.0351935 6.06391 0.99536 0.0503104 -0.0820254 3.68892 
-0.0831778 0.033588 -0.995969 -217.651 -0.0475199 0.998161 0.0376305 6.09444 0.995401 0.0504584 -0.0814288 3.58283 
-0.0822651 0.0337538 -0.996039 -218.67 -0.0476613 0.99815 0.0377618 6.10537 0.99547 0.050579 -0.0805041 3.47362 
-0.0808197 0.0314763 -0.996232 -219.755 -0.0452464 0.998355 0.035214 6.12463 0.995701 0.0479219 -0.0792626 3.36324 
-0.0806992 0.0285055 -0.996331 -220.841 -0.0424245 0.998587 0.0320062 6.15354 0.995835 0.0448518 -0.0793758 3.25052 
-0.0808488 0.0272249 -0.996355 -221.945 -0.0405968 0.998707 0.0305834 6.18121 0.995899 0.0429215 -0.0796391 3.14741 
-0.0817378 0.0259227 -0.996317 -223.04 -0.0399819 0.998772 0.0292667 6.20138 0.995852 0.0422269 -0.080601 3.05616 
-0.0819839 0.0254356 -0.996309 -224.136 -0.0405207 0.998763 0.0288326 6.22192 0.99581 0.042735 -0.0808518 2.95221 
-0.0832793 0.0254177 -0.996202 -225.302 -0.0434118 0.998633 0.0291088 6.26768 0.99558 0.0456712 -0.0820621 2.87046 
-0.0846523 0.0280062 -0.996017 -226.387 -0.0452597 0.998465 0.0319217 6.2799 0.995382 0.0477817 -0.0832549 2.77271 
-0.0851811 0.0291503 -0.995939 -227.485 -0.0443313 0.998471 0.033016 6.30897 0.995379 0.0469636 -0.0837586 2.64356 
-0.0873853 0.0300632 -0.995721 -228.602 -0.0447926 0.998415 0.0340756 6.33868 0.995167 0.0475787 -0.0859002 2.54363 
-0.0882036 0.0301907 -0.995645 -229.738 -0.047213 0.998291 0.0344535 6.37375 0.994983 0.0500463 -0.0866274 2.4214 
-0.0903751 0.0296983 -0.995465 -230.882 -0.0500298 0.998158 0.0343207 6.37694 0.99465 0.0529047 -0.0887228 2.30295 
-0.091638 0.0245033 -0.995491 -232.071 -0.0478914 0.998432 0.0289843 6.40695 0.99464 0.0503315 -0.0903208 2.16627 
-0.0934315 0.0193094 -0.995438 -233.24 -0.044737 0.998721 0.0235721 6.41888 0.99462 0.0467354 -0.0924482 2.03793 
-0.0960163 0.0159021 -0.995253 -234.428 -0.0408201 0.998968 0.0198995 6.4308 0.994542 0.0425371 -0.0952681 1.91862 
-0.0986188 0.0168467 -0.994983 -235.608 -0.0349744 0.99918 0.0203843 6.43776 0.994511 0.0368092 -0.0979488 1.80933 
-0.101237 0.0217847 -0.994624 -236.777 -0.0315766 0.999186 0.0250986 6.43907 0.994361 0.0339478 -0.100466 1.6726 
-0.105054 0.0252659 -0.994146 -237.964 -0.0286015 0.999187 0.0284164 6.44571 0.994055 0.0314193 -0.104246 1.56264 
-0.106751 0.0252176 -0.993966 -239.124 -0.0266877 0.999246 0.0282178 6.45635 0.993928 0.029539 -0.105998 1.38445 
-0.109732 0.026305 -0.993613 -240.331 -0.0271792 0.999197 0.0294544 6.46821 0.99359 0.0302377 -0.108929 1.25714 
-0.112018 0.0278803 -0.993315 -241.536 -0.0251559 0.999206 0.0308825 6.48352 0.993388 0.0284472 -0.111228 1.09281 
-0.114287 0.0274106 -0.99307 -242.758 -0.0238639 0.999255 0.0303277 6.50436 0.993161 0.0271646 -0.113548 0.932438 
-0.116779 0.0262001 -0.992812 -243.906 -0.0226445 0.999322 0.0290355 6.50104 0.9929 0.0258725 -0.116107 0.785379 
-0.117969 0.0270938 -0.992648 -245.151 -0.0249657 0.999231 0.0302404 6.50949 0.992703 0.0283496 -0.117202 0.578827 
-0.12261 0.0279131 -0.992062 -246.367 -0.0227575 0.999263 0.0309283 6.53202 0.992194 0.0263691 -0.121884 0.438932 
-0.125188 0.0276059 -0.991749 -247.594 -0.0244891 0.999222 0.0309051 6.55008 0.991831 0.028156 -0.124414 0.264061 
-0.127038 0.0286375 -0.991484 -248.86 -0.025079 0.999171 0.0320728 6.56456 0.991581 0.02894 -0.126214 0.0691762 
-0.129127 0.0307705 -0.991151 -250.125 -0.0272619 0.999031 0.0345668 6.57818 0.991253 0.0314842 -0.128163 -0.121874 
-0.129817 0.0309424 -0.991055 -251.364 -0.0291277 0.998963 0.0350047 6.60537 0.99111 0.0334114 -0.128781 -0.327708 
-0.131415 0.0312739 -0.990834 -252.584 -0.0318675 0.998852 0.0357536 6.61428 0.990815 0.0362741 -0.130268 -0.517993 
-0.131622 0.0300056 -0.990846 -253.843 -0.0309921 0.998929 0.0343674 6.64956 0.990815 0.035232 -0.130551 -0.705954 
-0.13222 0.0293612 -0.990786 -255.093 -0.0292368 0.999011 0.0335066 6.65916 0.990789 0.0333976 -0.131231 -0.881401 
-0.131943 0.0289694 -0.990834 -256.358 -0.0274125 0.999084 0.032861 6.67882 0.990878 0.0314971 -0.131028 -1.07887 
-0.132413 0.0291347 -0.990766 -257.594 -0.0260758 0.99912 0.0328653 6.68881 0.990852 0.0301869 -0.131537 -1.25588 
-0.132547 0.0286565 -0.990762 -258.834 -0.0247995 0.999173 0.0322175 6.71815 0.990866 0.0288408 -0.131727 -1.44907 
-0.132152 0.0290435 -0.990804 -260.114 -0.0238831 0.999187 0.0324747 6.72896 0.990942 0.0279551 -0.131351 -1.65394 
-0.132136 0.029237 -0.9908 -261.351 -0.0232597 0.999198 0.0325868 6.75056 0.990959 0.0273516 -0.13135 -1.84523 
-0.132519 0.0304269 -0.990713 -262.594 -0.0198237 0.999247 0.0333407 6.76895 0.990982 0.0240579 -0.131816 -2.03053 
-0.133039 0.0335936 -0.990541 -263.847 -0.0156549 0.99923 0.0359909 6.78433 0.990987 0.0202951 -0.132411 -2.20853 
-0.134086 0.0372097 -0.990271 -265.081 -0.0113344 0.999172 0.0390789 6.80401 0.990905 0.0164641 -0.133553 -2.39169 
-0.133952 0.0395858 -0.990197 -266.332 -0.00936958 0.999107 0.0412094 6.83195 0.990944 0.0147978 -0.133461 -2.58788 
-0.133718 0.0380897 -0.990287 -267.549 -0.0100901 0.999157 0.0397934 6.85455 0.990968 0.0153132 -0.133221 -2.78507 
-0.133365 0.0354488 -0.990433 -268.76 -0.0130268 0.999211 0.0375171 6.893 0.990981 0.0179057 -0.132798 -2.98168 
-0.13396 0.0377808 -0.990266 -269.936 -0.0193617 0.998983 0.0407326 6.91479 0.990798 0.0246298 -0.133093 -3.17186 
-0.134411 0.0431737 -0.989985 -271.161 -0.025173 0.998579 0.0469663 6.93829 0.990606 0.0312337 -0.133133 -3.37554 
-0.134317 0.0419689 -0.990049 -272.391 -0.0294806 0.998491 0.0463263 6.97318 0.9905 0.0354096 -0.132877 -3.57792 
-0.133895 0.0351962 -0.99037 -273.587 -0.029849 0.998772 0.0395303 7.00192 0.990546 0.0348545 -0.13268 -3.77085 
-0.134281 0.0293887 -0.990507 -274.799 -0.0261808 0.999106 0.0331931 7.03784 0.990597 0.0303895 -0.133392 -3.96979 
-0.135062 0.0295699 -0.990396 -275.991 -0.0208436 0.999249 0.0326767 7.04785 0.990618 0.0250568 -0.134344 -4.1418 
-0.134942 0.0308346 -0.990374 -277.182 -0.0171979 0.999292 0.0334556 7.0719 0.990704 0.0215469 -0.134317 -4.31203 
-0.132853 0.0328263 -0.990592 -278.363 -0.0163344 0.999243 0.0353037 7.09273 0.991001 0.020871 -0.132217 -4.50264 
-0.131591 0.0345751 -0.990701 -279.591 -0.0176218 0.999152 0.0372107 7.13676 0.991148 0.0223546 -0.13087 -4.69322 
-0.131028 0.0368054 -0.990695 -280.797 -0.019284 0.999027 0.0396655 7.13489 0.991191 0.0243019 -0.130191 -4.87471 
-0.129885 0.0370987 -0.990835 -281.995 -0.0200495 0.998997 0.0400325 7.16236 0.991326 0.0250654 -0.129011 -5.07636 
-0.130022 0.0364526 -0.990841 -283.221 -0.0191805 0.999045 0.0392713 7.18049 0.991326 0.024111 -0.129198 -5.25503 
-0.129194 0.0350938 -0.990998 -284.444 -0.0204062 0.999068 0.0380399 7.20264 0.991409 0.0251371 -0.128358 -5.46488 
-0.130424 0.0344554 -0.990859 -285.687 -0.018332 0.999141 0.0371564 7.21109 0.991289 0.0230106 -0.12968 -5.61904 
-0.130183 0.0347323 -0.990882 -286.876 -0.0183405 0.999131 0.037431 7.21726 0.99132 0.0230462 -0.129433 -5.80025 
-0.131025 0.0331313 -0.990825 -288.061 -0.0192775 0.999167 0.0359595 7.26384 0.991192 0.0238123 -0.130277 -5.94689 
-0.130456 0.0330983 -0.990902 -289.234 -0.0194152 0.999166 0.0359304 7.29007 0.991264 0.0239259 -0.129704 -6.16395 
-0.129242 0.0344315 -0.991015 -290.462 -0.0180218 0.99915 0.0370645 7.29504 0.991449 0.0226501 -0.128511 -6.36955 
-0.129205 0.0312739 -0.991125 -291.701 -0.0164829 0.999297 0.0336805 7.33767 0.991481 0.0206883 -0.128599 -6.54987 
-0.129156 0.028239 -0.991222 -292.962 -0.0163589 0.999398 0.0306035 7.36607 0.991489 0.0201679 -0.128616 -6.74746 
-0.130105 0.0251246 -0.991182 -294.191 -0.018355 0.999447 0.0277434 7.38544 0.99133 0.0218027 -0.129571 -6.93696 
-0.13227 0.0242956 -0.990916 -295.351 -0.018241 0.999471 0.0269402 7.38342 0.991046 0.0216387 -0.131757 -7.08803 
-0.132787 0.0236448 -0.990863 -296.554 -0.0204442 0.999437 0.0265892 7.40003 0.990934 0.0237882 -0.132229 -7.28349 
-0.133291 0.0233706 -0.990801 -297.756 -0.0222124 0.9994 0.0265616 7.42693 0.990828 0.0255485 -0.132692 -7.47066 
-0.134152 0.0242157 -0.990665 -298.986 -0.0263589 0.999261 0.0279952 7.43087 0.99061 0.0298685 -0.133414 -7.65963 
-0.132222 0.0233158 -0.990946 -300.243 -0.0276025 0.999249 0.0271942 7.45888 0.990836 0.0309482 -0.131479 -7.90302 
-0.132596 0.0208197 -0.990952 -301.466 -0.027482 0.999318 0.0246728 7.47694 0.990789 0.0305049 -0.131933 -8.09066 
-0.133362 0.0182318 -0.9909 -302.674 -0.0230248 0.999504 0.021489 7.49115 0.9908 0.0256811 -0.132876 -8.27811 
-0.134961 0.0181726 -0.990684 -303.902 -0.021576 0.999541 0.0212744 7.51066 0.990616 0.0242463 -0.134507 -8.47645 
-0.135803 0.0213101 -0.990507 -305.113 -0.0194655 0.999518 0.0241728 7.48752 0.990545 0.0225635 -0.135322 -8.67361 
-0.137945 0.0222465 -0.99019 -306.343 -0.0169248 0.999549 0.0248145 7.49796 0.990295 0.0201818 -0.137506 -8.84859 
