1 2.12261e-08 -2.11895e-08 -1.55154e-14 2.12261e-08 1 2.10703e-08 -2.66454e-15 -2.11895e-08 2.10703e-08 1 -9.88098e-15 
0.999997 0.00256628 -0.00059089 -0.000992198 -0.00256512 0.999995 0.00188237 -0.0215609 0.000595675 -0.0018808 0.999998 0.781425 
0.999986 0.00527519 -0.000425934 -0.0213608 -0.00527406 0.999983 0.00251714 -0.0441796 0.000439163 -0.00251482 0.999997 1.52935 
0.999977 0.00680692 0.000377614 -0.0590278 -0.00680763 0.999975 0.00203755 -0.0601266 -0.000363778 -0.00204003 0.999998 2.3005 
0.999965 0.00832302 5.35636e-06 -0.0573284 -0.00832297 0.999964 0.001806 -0.0853294 9.63263e-06 -0.00180594 0.999998 3.03011 
0.999962 0.00867667 0.000591671 -0.0864503 -0.00867783 0.99996 0.00205488 -0.10899 -0.000573861 -0.00205989 0.999998 3.76455 
0.999967 0.00800847 0.0013358 -0.107491 -0.00801239 0.999963 0.0029879 -0.123123 -0.00131187 -0.00299847 0.999995 4.47982 
0.999961 0.00864287 0.00163676 -0.119936 -0.00865224 0.999946 0.00583679 -0.140206 -0.00158626 -0.00585069 0.999982 5.16411 
0.999964 0.00786702 0.00307348 -0.1346 -0.00789623 0.999923 0.00962303 -0.140105 -0.00299758 -0.00964692 0.999949 5.83007 
0.999968 0.00711974 0.00366021 -0.128494 -0.0071689 0.999882 0.0136093 -0.16448 -0.00356292 -0.0136351 0.999901 6.46661 
0.999974 0.00564653 0.00439904 -0.118156 -0.00571371 0.999865 0.0154208 -0.162914 -0.00431141 -0.0154455 0.999871 7.09127 
0.999964 0.00605935 0.00589786 -0.130322 -0.00614687 0.999869 0.0149439 -0.167586 -0.00580658 -0.0149796 0.999871 7.66187 
0.999956 0.00638825 0.00687023 -0.132866 -0.006472 0.999904 0.0122437 -0.171669 -0.0067914 -0.0122875 0.999901 8.22425 
0.999945 0.00723267 0.00756972 -0.13778 -0.00730832 0.999923 0.0100197 -0.186608 -0.00749671 -0.0100744 0.999921 8.74793 
0.999939 0.00552189 0.00951961 -0.140038 -0.00559887 0.999952 0.00808256 -0.182686 -0.00947456 -0.00813533 0.999922 9.24165 
0.999941 0.00241559 0.0105778 -0.118386 -0.00247429 0.999982 0.00554424 -0.180158 -0.0105643 -0.00557005 0.999929 9.74136 
0.999921 -0.00110105 0.012542 -0.118818 0.00104941 0.999991 0.00412721 -0.19593 -0.0125464 -0.00411368 0.999913 10.168 
0.999892 0.00322927 0.0143445 -0.116708 -0.00326469 0.999992 0.00244918 -0.209548 -0.0143365 -0.0024957 0.999894 10.6017 
0.99982 0.00680618 0.0177092 -0.122486 -0.00682989 0.999976 0.00128115 -0.215943 -0.0177001 -0.00140183 0.999842 10.996 
0.999719 0.00838015 0.0221752 -0.144158 -0.00842471 0.999963 0.00191847 -0.216728 -0.0221584 -0.00210471 0.999752 11.3243 
0.999678 0.00458088 0.0249456 -0.135843 -0.0046599 0.999984 0.00311192 -0.224259 -0.024931 -0.00322712 0.999684 11.6343 
0.99962 -0.00051682 0.0275445 -0.12649 0.000447847 0.999997 0.00251171 -0.22646 -0.0275458 -0.00249838 0.999617 11.9256 
0.999543 -0.00517923 0.0297693 -0.119345 0.00506184 0.999979 0.00401857 -0.234472 -0.0297895 -0.003866 0.999549 12.1804 
0.99945 -0.00480659 0.0328164 -0.11809 0.00466797 0.99998 0.00430081 -0.229626 -0.0328365 -0.00414522 0.999452 12.3878 
0.999368 -0.00522434 0.0351596 -0.12214 0.00509035 0.999979 0.00390066 -0.245056 -0.0351793 -0.00371917 0.999374 12.5861 
0.999285 -0.00381202 0.0376045 -0.118629 0.00371749 0.99999 0.0025847 -0.249237 -0.037614 -0.00244301 0.999289 12.7789 
0.999191 -0.00168927 0.0401762 -0.113892 0.00162986 0.999998 0.0015127 -0.246591 -0.0401787 -0.00144596 0.999192 12.9446 
0.999145 0.000842879 0.0413456 -0.0923097 -0.000886195 0.999999 0.00103039 -0.258394 -0.0413447 -0.0010661 0.999144 13.1501 
0.99909 0.00128488 0.0426287 -0.0846742 -0.00126674 0.999999 -0.000451538 -0.270072 -0.0426293 0.000397169 0.999091 13.3013 
0.999028 0.000569643 0.0440791 -0.0660471 -0.000459221 0.999997 -0.00251419 -0.268394 -0.0440804 0.00249155 0.999025 13.4552 
0.998935 -0.000516916 0.046146 -0.0670644 0.000704935 0.999992 -0.0040573 -0.272972 -0.0461435 0.00408555 0.998927 13.6021 
0.998869 -0.0011855 0.0475348 -0.0608566 0.00142662 0.999986 -0.005038 -0.275005 -0.0475282 0.00510015 0.998857 13.7429 
0.998785 -0.000365052 0.0492777 -0.0593071 0.000676392 0.99998 -0.00630065 -0.279063 -0.0492744 0.00632636 0.998765 13.8757 
0.998743 0.000537005 0.050118 -0.0460705 -8.90713e-05 0.99996 -0.00893853 -0.276782 -0.0501208 0.00892287 0.998703 14.0002 
0.998758 0.00014665 0.0498297 -0.0182415 0.00039426 0.999941 -0.0108443 -0.282262 -0.0498284 0.0108505 0.998699 14.1298 
0.998725 -0.000232801 0.050475 -0.00624854 0.000936113 0.999903 -0.0139098 -0.277925 -0.0504669 0.0139394 0.998628 14.2551 
0.99875 -0.00194628 0.0499502 0.0024731 0.00272746 0.999875 -0.0155749 -0.288788 -0.0499137 0.0156917 0.99863 14.3777 
0.998841 -0.000555142 0.0481221 0.00753682 0.00133596 0.999868 -0.0161941 -0.2894 -0.0481068 0.0162397 0.99871 14.5117 
0.99899 -0.000115203 0.0449252 -0.00802121 0.000866695 0.99986 -0.0167075 -0.293311 -0.0449171 0.0167296 0.998851 14.6169 
0.999175 -0.000365143 0.0406162 -0.00907071 0.00109174 0.99984 -0.0178676 -0.301303 -0.0406032 0.0178972 0.999015 14.7398 
0.999375 0.000556486 0.0353334 -0.0159858 0.000123995 0.999815 -0.0192526 -0.296429 -0.0353376 0.019245 0.99919 14.8597 
0.999582 0.000903973 0.0289084 -0.0213447 -0.000350265 0.999817 -0.0191517 -0.310179 -0.0289204 0.0191336 0.999399 14.9867 
0.99977 0.000149033 0.0214262 -0.0224852 0.00027881 0.999801 -0.0199618 -0.315308 -0.021425 0.0199632 0.999571 15.1146 
0.999908 -0.000869573 0.0135621 -0.0600363 0.00114953 0.999786 -0.0206454 -0.329699 -0.0135413 0.0206591 0.999695 15.2004 
0.999991 -0.00245573 0.00347995 -0.064255 0.00253083 0.999761 -0.0217323 -0.331012 -0.00342579 0.021741 0.999758 15.35 
0.999944 -0.00389749 -0.00987834 -0.0751348 0.00366389 0.999716 -0.0235602 -0.334656 0.00996732 0.0235227 0.999674 15.5006 
0.999623 -0.00490713 -0.0270181 -0.08132 0.00420813 0.999657 -0.0258697 -0.330293 0.0271357 0.0257463 0.9993 15.6745 
0.998963 -0.00460527 -0.0452896 -0.119916 0.0033813 0.999628 -0.0270658 -0.334777 0.0453974 0.0268847 0.998607 15.8466 
0.997718 -0.00373729 -0.0674175 -0.154999 0.00195132 0.999646 -0.0265381 -0.338322 0.0674928 0.0263461 0.997372 16.0521 
0.995751 -0.00324669 -0.0920277 -0.180108 0.000975908 0.999694 -0.0247097 -0.358216 0.0920798 0.024515 0.99545 16.2549 
0.992916 -0.00226429 -0.118796 -0.245222 -0.000585552 0.999713 -0.0239493 -0.354969 0.118816 0.0238492 0.99263 16.4899 
0.988874 -0.000715307 -0.148752 -0.317553 -0.00247403 0.999771 -0.0212548 -0.369879 0.148733 0.0213864 0.988646 16.7264 
0.983102 -0.00124512 -0.183057 -0.38112 -0.00220406 0.999824 -0.0186377 -0.370912 0.183048 0.0187262 0.982926 16.9864 
0.975455 -0.000469164 -0.220197 -0.482551 -0.00286774 0.999886 -0.0148344 -0.373581 0.220179 0.0151018 0.975343 17.2722 
0.965481 0.0013586 -0.260472 -0.598093 -0.00399898 0.999946 -0.00960736 -0.372158 0.260445 0.0103174 0.965434 17.5527 
0.953357 0.00456651 -0.301812 -0.753772 -0.00668841 0.99996 -0.00599761 -0.365824 0.301773 0.00773655 0.953349 17.8644 
0.938767 0.00821746 -0.344453 -0.905597 -0.00945004 0.999954 -0.00189968 -0.365708 0.344422 0.0050385 0.938802 18.1695 
0.921184 0.0107849 -0.388979 -1.05836 -0.0102624 0.999942 0.00342085 -0.370363 0.388993 0.000840689 0.92124 18.4714 
0.901146 0.0146873 -0.433266 -1.25012 -0.0105519 0.999873 0.0119478 -0.389917 0.433386 -0.00619491 0.901187 18.7846 
0.878577 0.0176506 -0.477274 -1.46869 -0.0107361 0.999794 0.0172112 -0.37427 0.47748 -0.00999724 0.878586 19.087 
0.85273 0.0235669 -0.521821 -1.6947 -0.0141921 0.999658 0.0219554 -0.3836 0.52216 -0.0113162 0.852773 19.391 
0.823633 0.0278168 -0.566441 -1.94113 -0.0163147 0.999545 0.0253633 -0.392205 0.566889 -0.0116487 0.823712 19.6896 
0.791769 0.0310892 -0.61003 -2.21601 -0.018073 0.999459 0.0274786 -0.392045 0.610554 -0.0107315 0.791902 19.9802 
0.756436 0.0326616 -0.653252 -2.4951 -0.0175862 0.999407 0.0296047 -0.378385 0.653832 -0.0109057 0.756562 20.273 
0.718156 0.0371967 -0.694887 -2.79541 -0.0193133 0.999251 0.033529 -0.375579 0.695614 -0.0106584 0.718336 20.5478 
0.677695 0.0374293 -0.73439 -3.14005 -0.0165641 0.999227 0.0356418 -0.350637 0.735156 -0.0119897 0.677792 20.8314 
0.635881 0.0381067 -0.770846 -3.52774 -0.015295 0.999206 0.0367785 -0.341236 0.771635 -0.0115966 0.63596 21.096 
0.591945 0.0369698 -0.80513 -3.9166 -0.00982938 0.999204 0.0386545 -0.329321 0.805919 -0.0149673 0.591837 21.3477 
0.546774 0.0369581 -0.836464 -4.34874 -0.00580749 0.999169 0.0403508 -0.311771 0.83726 -0.017205 0.546534 21.5784 
0.49894 0.0375374 -0.865823 -4.80382 -0.00371407 0.999145 0.0411772 -0.283792 0.866628 -0.0173292 0.498653 21.8038 
0.449086 0.0369604 -0.892724 -5.28374 -0.00318373 0.999204 0.0397673 -0.261853 0.893483 -0.0150167 0.448846 21.9853 
0.395806 0.0356034 -0.917644 -5.78648 0.00279499 0.999197 0.0399731 -0.244028 0.91833 -0.0183864 0.395389 22.1603 
0.342117 0.035066 -0.939003 -6.31638 0.00808302 0.999157 0.0402573 -0.241017 0.939623 -0.0213626 0.341545 22.3014 
0.288142 0.0344228 -0.956969 -6.8502 0.00957531 0.9992 0.038825 -0.224332 0.95754 -0.0203503 0.287582 22.4141 
0.233905 0.0397408 -0.971447 -7.43993 0.00997858 0.999014 0.0432711 -0.195335 0.972208 -0.019815 0.233278 22.5151 
0.182393 0.0445653 -0.982215 -8.04169 0.0113553 0.99881 0.0474269 -0.169115 0.98316 -0.0198037 0.18167 22.5801 
0.133165 0.0455837 -0.990045 -8.65795 0.0163266 0.998705 0.0481784 -0.147318 0.990959 -0.0225797 0.132249 22.6328 
0.0882376 0.0467354 -0.995003 -9.28875 0.0185702 0.998648 0.0485534 -0.123927 0.995926 -0.0227616 0.0872504 22.6655 
0.0474232 0.0444175 -0.997887 -9.93089 0.0177243 0.998816 0.0453012 -0.0945647 0.998718 -0.0198351 0.0465798 22.6658 
0.0120276 0.0399106 -0.999131 -10.579 0.0150893 0.999082 0.0400903 -0.0646487 0.999814 -0.0155583 0.0114143 22.6308 
-0.0163092 0.0403091 -0.999054 -11.2453 0.0137905 0.999101 0.0400859 -0.0464374 0.999772 -0.0131236 -0.0168504 22.5768 
-0.0373686 0.0440781 -0.998329 -11.9704 0.0120477 0.998974 0.0436556 -0.0151012 0.999229 -0.0103962 -0.0378613 22.5242 
-0.050139 0.0498578 -0.997497 -12.6877 0.0139639 0.998691 0.0492156 0.0148501 0.998645 -0.0114613 -0.0507695 22.4595 
-0.0578535 0.0529861 -0.996918 -13.4317 0.0137307 0.998538 0.0522754 0.0398162 0.998231 -0.010664 -0.0584965 22.3963 
-0.0621593 0.0505539 -0.996785 -14.2421 0.0156713 0.998643 0.0496709 0.0497741 0.997943 -0.0125334 -0.0628672 22.3289 
-0.0618548 0.0452787 -0.997058 -15.1886 0.0224456 0.998781 0.0439645 0.117337 0.997833 -0.0196601 -0.0627957 22.3443 
-0.0580091 0.0430919 -0.997386 -16.1176 0.0340318 0.998573 0.0411639 0.17388 0.997736 -0.0315549 -0.0593928 22.3541 
-0.0525844 0.0446337 -0.997619 -17.0206 0.0355936 0.99845 0.0427948 0.169577 0.997982 -0.0332585 -0.0540916 22.3359 
-0.0490877 0.0430425 -0.997867 -18.074 0.0352789 0.998522 0.0413354 0.194487 0.998171 -0.0331745 -0.0505336 22.3689 
-0.0494254 0.0360776 -0.998126 -19.1746 0.041878 0.998543 0.0340189 0.242554 0.9979 -0.040118 -0.0508642 22.4877 
-0.0480038 0.0246985 -0.998542 -20.1328 0.0400089 0.99894 0.022785 0.275553 0.998046 -0.0388567 -0.0489411 22.4727 
-0.0475002 0.0162183 -0.99874 -21.0356 0.0313025 0.999401 0.0147402 0.288732 0.998381 -0.0305629 -0.0479794 22.3995 
-0.0487094 0.0123942 -0.998736 -21.9513 0.0257312 0.999607 0.01115 0.3096 0.998482 -0.0251555 -0.0490092 22.3266 
-0.0528325 0.0179682 -0.998442 -22.8866 0.0158265 0.999728 0.0171538 0.32121 0.998478 -0.0148956 -0.0531024 22.2591 
-0.0583262 0.0267404 -0.997939 -23.8873 0.0112023 0.999596 0.02613 0.311591 0.998235 -0.00965515 -0.0586022 22.179 
-0.0638722 0.0361017 -0.997305 -24.9107 0.00998081 0.999319 0.0355354 0.349722 0.997908 -0.00768415 -0.064189 22.1089 
-0.0657562 0.0466928 -0.996743 -25.9174 0.00790923 0.998898 0.046272 0.374525 0.997804 -0.00484076 -0.066053 22.0133 
-0.0662685 0.0534795 -0.996368 -26.9238 0.00911439 0.998553 0.0529906 0.415974 0.99776 -0.00556963 -0.0666601 21.9085 
-0.0692972 0.054498 -0.996106 -27.9417 0.0103021 0.998493 0.0539119 0.446737 0.997543 -0.00652605 -0.0697542 21.8397 
-0.0718994 0.0514971 -0.996082 -28.9719 0.00997401 0.998653 0.0509101 0.489861 0.997362 -0.00627448 -0.0723162 21.7655 
-0.0749349 0.0469376 -0.996083 -29.9867 0.00941411 0.99888 0.0463612 0.512753 0.997144 -0.00590313 -0.0752928 21.6684 
-0.0797512 0.0419101 -0.995933 -30.9867 0.0101683 0.999098 0.041229 0.536811 0.996763 -0.00683883 -0.0801054 21.5702 
-0.0858396 0.0374884 -0.995603 -31.9834 0.00926094 0.999279 0.0368284 0.562214 0.996266 -0.00605886 -0.0861249 21.4538 
-0.0930974 0.0354839 -0.995025 -33.0109 0.00791903 0.99936 0.0348976 0.586622 0.995626 -0.00463072 -0.0933188 21.3321 
-0.0994333 0.03792 -0.994321 -34.0566 0.00793089 0.999272 0.0373157 0.615225 0.995013 -0.0041754 -0.0996617 21.1952 
-0.106305 0.0420221 -0.993445 -35.1043 0.00694706 0.999114 0.0415185 0.651846 0.994309 -0.00248784 -0.106503 21.0649 
-0.113106 0.0444142 -0.99259 -36.1619 0.00467499 0.999013 0.0441689 0.683524 0.993572 0.000355453 -0.113202 20.9345 
-0.1186 0.0460671 -0.991873 -37.2153 0.00217064 0.998933 0.0461354 0.728902 0.99294 0.00331872 -0.118574 20.7926 
-0.121604 0.0476102 -0.991436 -38.2693 -0.0031458 0.998826 0.0483508 0.749556 0.992574 0.00899853 -0.121311 20.6412 
-0.124397 0.0476499 -0.991088 -39.3259 -0.00660293 0.998784 0.0488487 0.797764 0.992211 0.0126207 -0.123931 20.4982 
-0.125371 0.0474073 -0.990977 -40.3964 -0.00792719 0.998778 0.0487834 0.830888 0.992078 0.0139717 -0.124842 20.3292 
-0.126911 0.0470183 -0.990799 -41.4535 -0.00805938 0.998794 0.04843 0.862801 0.991881 0.0141316 -0.12638 20.1691 
-0.128953 0.0468765 -0.990542 -42.4938 -0.00931193 0.998781 0.0484786 0.874392 0.991607 0.0154754 -0.128359 20.0098 
-0.129959 0.0462277 -0.990441 -43.5991 -0.0119097 0.998768 0.048179 0.899078 0.991448 0.0180571 -0.129248 19.8305 
-0.13032 0.0432338 -0.990529 -44.6996 -0.0168699 0.998808 0.0458146 0.9412 0.991329 0.0226807 -0.129435 19.6499 
-0.131343 0.0379 -0.990612 -45.773 -0.0221888 0.998906 0.0411593 0.968865 0.991089 0.0273865 -0.130359 19.4769 
-0.13172 0.0382699 -0.990548 -46.8518 -0.0228957 0.998871 0.0416361 0.980682 0.991023 0.0281636 -0.130695 19.3348 
-0.131272 0.0421805 -0.990449 -47.9393 -0.0230518 0.998694 0.0455869 1.00594 0.991078 0.028816 -0.130129 19.1913 
-0.130358 0.0459416 -0.990402 -49.0591 -0.0228212 0.998522 0.049322 1.02606 0.991204 0.0290317 -0.129117 19.0324 
-0.129383 0.0456375 -0.990544 -50.1766 -0.0204481 0.998605 0.0486798 1.06301 0.991384 0.0265531 -0.12827 18.8736 
-0.127875 0.0448443 -0.990776 -51.2933 -0.0207077 0.998639 0.0478728 1.09383 0.991574 0.0266384 -0.126772 18.7137 
-0.124429 0.0452484 -0.991196 -52.3901 -0.0247105 0.998509 0.0486842 1.12938 0.991921 0.0305507 -0.123125 18.5527 
-0.117266 0.045911 -0.992039 -53.4937 -0.0288995 0.99835 0.0496192 1.15754 0.99268 0.0344881 -0.115746 18.3743 
-0.110542 0.0463248 -0.992791 -54.5854 -0.0340802 0.998149 0.0503695 1.18576 0.993287 0.0394025 -0.108759 18.2068 
-0.106096 0.0457826 -0.993301 -55.7348 -0.035462 0.99813 0.0497929 1.22484 0.993723 0.0405073 -0.104274 18.0797 
-0.100107 0.0440361 -0.994002 -56.8679 -0.0361471 0.9982 0.0478625 1.27753 0.99432 0.0407217 -0.0983345 17.9487 
-0.0956107 0.0437137 -0.994459 -58.0114 -0.0348641 0.998275 0.0472334 1.31934 0.994808 0.039187 -0.0939218 17.826 
-0.0898073 0.044705 -0.994955 -59.1496 -0.0345162 0.998252 0.0479687 1.35849 0.995361 0.03865 -0.0881073 17.6983 
-0.0851244 0.046149 -0.995301 -60.2622 -0.033864 0.998216 0.0491804 1.40179 0.995795 0.0378914 -0.0834097 17.58 
-0.0781916 0.0489578 -0.995736 -61.3984 -0.0338758 0.998086 0.0517335 1.42587 0.996363 0.0377765 -0.0763835 17.4474 
-0.0742139 0.0485329 -0.996061 -62.5463 -0.0324833 0.998167 0.0510558 1.46317 0.996713 0.0361445 -0.0725014 17.3632 
-0.0689695 0.0433279 -0.996677 -63.6792 -0.0326022 0.998425 0.0456599 1.51081 0.997086 0.0356431 -0.0674483 17.2519 
-0.0644602 0.0375591 -0.997213 -64.7824 -0.0329625 0.998666 0.0397446 1.54605 0.997376 0.0354326 -0.0631362 17.1474 
-0.0587396 0.0364947 -0.997606 -65.993 -0.0333525 0.998702 0.0384986 1.59568 0.997716 0.0355341 -0.0574461 17.0177 
-0.0555349 0.0380513 -0.997731 -67.167 -0.0351324 0.99858 0.0400392 1.62268 0.997838 0.0372763 -0.0541193 16.9243 
-0.0535296 0.0380263 -0.997842 -68.3343 -0.0372655 0.998503 0.0400506 1.64501 0.997871 0.039329 -0.0520324 16.8322 
-0.0522809 0.0364496 -0.997967 -69.4986 -0.0389014 0.998501 0.038507 1.69138 0.997874 0.0408356 -0.0507846 16.745 
-0.051323 0.0377349 -0.997969 -70.697 -0.039455 0.998429 0.0397814 1.7183 0.997902 0.0414166 -0.0497535 16.6638 
-0.0497147 0.0377622 -0.998049 -71.8485 -0.0406299 0.998381 0.0397986 1.73608 0.997937 0.0425293 -0.0481 16.5738 
-0.0499808 0.0346178 -0.99815 -73.0164 -0.0410108 0.998485 0.0366829 1.77365 0.997908 0.0427684 -0.0484854 16.5079 
-0.0505868 0.0330463 -0.998173 -74.203 -0.0393228 0.998612 0.0350537 1.80606 0.997945 0.0410242 -0.0492171 16.4364 
-0.0515239 0.0342611 -0.998084 -75.3927 -0.0356065 0.998713 0.0361208 1.8239 0.998037 0.0373994 -0.0502376 16.3681 
-0.0503159 0.0342616 -0.998146 -76.5838 -0.0342615 0.998764 0.03601 1.86383 0.998146 0.0360099 -0.0490798 16.2765 
-0.0501325 0.0362707 -0.998084 -77.7362 -0.0339008 0.998703 0.037996 1.87924 0.998167 0.0357408 -0.0488378 16.1786 
-0.0498547 0.0401261 -0.99795 -78.9109 -0.036515 0.998451 0.0419705 1.89941 0.998089 0.0385327 -0.0483123 16.0905 
-0.0489136 0.0392738 -0.998031 -80.0797 -0.0387848 0.998398 0.0411891 1.93154 0.99805 0.0407232 -0.047312 16.0065 
-0.0489953 0.0364447 -0.998134 -81.2348 -0.0390582 0.9985 0.0383753 1.97923 0.998035 0.0408655 -0.0474983 15.9162 
-0.0488664 0.0341697 -0.998221 -82.3843 -0.0398825 0.998551 0.0361334 1.99801 0.998009 0.0415772 -0.0474328 15.8272 
-0.0484218 0.0331679 -0.998276 -83.5347 -0.0399073 0.998586 0.0351139 2.02932 0.998029 0.0415388 -0.0470297 15.7477 
-0.0506285 0.0351113 -0.9981 -84.6998 -0.0390152 0.998549 0.0371061 2.0504 0.997955 0.0408198 -0.0491851 15.6887 
-0.0502496 0.0379293 -0.998016 -85.8956 -0.0398785 0.998406 0.0399519 2.08136 0.99794 0.041807 -0.0486569 15.608 
-0.0504653 0.0401866 -0.997917 -87.0748 -0.0406247 0.998281 0.0422557 2.10794 0.997899 0.0426725 -0.048746 15.5385 
-0.0520536 0.0404036 -0.997827 -88.2611 -0.0402017 0.998287 0.0425195 2.13381 0.997835 0.0423277 -0.0503401 15.476 
-0.0519141 0.0377096 -0.997939 -89.4422 -0.039851 0.998413 0.0398006 2.16772 0.997856 0.0418351 -0.0503289 15.3942 
-0.0517779 0.0375808 -0.997951 -90.5933 -0.037629 0.998509 0.0395541 2.18693 0.997949 0.0395999 -0.0502866 15.3153 
-0.0515459 0.0384398 -0.997931 -91.7282 -0.037501 0.99848 0.040398 2.20493 0.997966 0.0395058 -0.050026 15.231 
-0.049941 0.0419053 -0.997873 -92.9258 -0.0368107 0.998363 0.0437682 2.23681 0.998074 0.0389183 -0.0483167 15.1196 
-0.0512863 0.0440126 -0.997714 -94.0447 -0.0344123 0.998357 0.0458099 2.27419 0.998091 0.0366831 -0.0496875 15.0635 
-0.0510502 0.0459031 -0.997641 -95.2031 -0.0348552 0.998253 0.0477148 2.30207 0.998088 0.0372089 -0.049361 14.9798 
-0.0507113 0.0477407 -0.997572 -96.3658 -0.0376907 0.998054 0.0496798 2.33528 0.998002 0.0401186 -0.0488132 14.8953 
-0.0508222 0.0467423 -0.997613 -97.48 -0.0383993 0.998074 0.04872 2.35757 0.997969 0.0407837 -0.0489294 14.8305 
-0.0513744 0.0432901 -0.997741 -98.6491 -0.0407689 0.998136 0.0454065 2.39048 0.997847 0.0430096 -0.0495138 14.745 
-0.0512642 0.0412425 -0.997833 -99.8176 -0.0417283 0.998186 0.0434009 2.42678 0.997813 0.0438629 -0.0494502 14.6636 
-0.0513413 0.0394393 -0.997902 -100.975 -0.0418247 0.998258 0.0416052 2.46113 0.997805 0.0438731 -0.0496023 14.5891 
-0.0523995 0.0393643 -0.99785 -102.09 -0.0402439 0.998328 0.0414965 2.48557 0.997815 0.0423319 -0.0507277 14.5288 
-0.0516858 0.0416513 -0.997794 -103.248 -0.0412831 0.998187 0.0438061 2.51937 0.99781 0.0434563 -0.0498726 14.4448 
-0.0526928 0.0423579 -0.997712 -104.395 -0.0383043 0.998279 0.044405 2.56449 0.997876 0.0405566 -0.0509796 14.3818 
-0.0543703 0.0414541 -0.99766 -105.565 -0.0424512 0.998139 0.0437875 2.59241 0.997618 0.0447327 -0.0525093 14.3009 
-0.0543076 0.041437 -0.997664 -106.736 -0.0446578 0.998038 0.0438835 2.64249 0.997525 0.0469368 -0.0523506 14.2129 
-0.053599 0.0412169 -0.997712 -107.908 -0.0487231 0.99785 0.0438401 2.6652 0.997373 0.0509614 -0.0514755 14.1037 
-0.054099 0.0374984 -0.997831 -109.081 -0.050056 0.997936 0.0402163 2.69094 0.99728 0.0521232 -0.0521103 14.0231 
-0.0554619 0.0336606 -0.997893 -110.24 -0.0498453 0.998092 0.0364376 2.71372 0.997216 0.0517613 -0.0536783 13.9402 
-0.056425 0.0328077 -0.997868 -111.43 -0.0453095 0.998346 0.0353855 2.74081 0.997378 0.0472095 -0.0548452 13.841 
-0.0581588 0.0330791 -0.997759 -112.573 -0.0421499 0.998478 0.0355598 2.75121 0.997417 0.0441236 -0.0566761 13.7777 
-0.0586007 0.0350612 -0.997666 -113.806 -0.0409897 0.998456 0.0374967 2.77851 0.99744 0.0430913 -0.0570731 13.6919 
-0.0593323 0.03846 -0.997497 -115.049 -0.0403588 0.998348 0.0408934 2.81709 0.997422 0.0426842 -0.0576821 13.5948 
-0.05964 0.0390309 -0.997457 -116.264 -0.0395363 0.998359 0.0414302 2.84452 0.997437 0.0419067 -0.057999 13.499 
-0.0607664 0.0342874 -0.997563 -117.493 -0.0389468 0.998567 0.0366944 2.88522 0.997392 0.0410817 -0.059344 13.4048 
-0.0628668 0.0303744 -0.99756 -118.713 -0.040074 0.998654 0.0329332 2.92175 0.997217 0.0420467 -0.0615649 13.3097 
-0.063897 0.0296551 -0.997516 -119.968 -0.0398426 0.998686 0.0322421 2.94172 0.997161 0.0418039 -0.0626315 13.199 
-0.0646876 0.0313174 -0.997414 -121.225 -0.0418614 0.998542 0.0340677 2.96084 0.997027 0.0439569 -0.0632823 13.0861 
-0.066622 0.0358722 -0.997133 -122.417 -0.0459264 0.998184 0.0389785 2.97958 0.996721 0.0483916 -0.0648535 12.9955 
-0.0670915 0.0388205 -0.996991 -123.663 -0.0518365 0.997758 0.0423386 3.01198 0.996399 0.0545211 -0.0649287 12.8828 
-0.066816 0.0383517 -0.997028 -124.922 -0.0580881 0.997417 0.0422594 3.0429 0.996073 0.0607391 -0.0644156 12.7617 
-0.0669766 0.03572 -0.997115 -126.17 -0.0614004 0.997317 0.0398516 3.07167 0.995864 0.0638924 -0.0646037 12.6303 
-0.0668618 0.033951 -0.997184 -127.44 -0.0631082 0.997276 0.0381855 3.10834 0.995765 0.0654837 -0.064537 12.5106 
-0.0672641 0.0331118 -0.997186 -128.708 -0.06325 0.997297 0.037382 3.13913 0.995728 0.0655865 -0.064988 12.389 
-0.067926 0.0328155 -0.997151 -129.936 -0.060969 0.997454 0.0369787 3.15047 0.995826 0.0633072 -0.0657523 12.289 
-0.0692575 0.0350222 -0.996984 -131.125 -0.0633349 0.997213 0.03943 3.14464 0.995586 0.0658748 -0.0668464 12.1944 
-0.0701617 0.0399516 -0.996735 -132.371 -0.0624218 0.997064 0.0443588 3.1764 0.995581 0.0653304 -0.0674618 12.0827 
-0.0709946 0.0445278 -0.996482 -133.647 -0.0613187 0.996919 0.048916 3.20571 0.99559 0.0645758 -0.0680454 11.972 
-0.0721966 0.0419406 -0.996508 -134.886 -0.0611005 0.997053 0.0463902 3.26404 0.995517 0.0642364 -0.0694212 11.8761 
-0.0713343 0.0404582 -0.996632 -136.146 -0.0602465 0.997178 0.0447926 3.30555 0.995631 0.0632389 -0.0686955 11.7659 
-0.071379 0.0405978 -0.996623 -137.371 -0.0595352 0.997217 0.044886 3.32925 0.995671 0.0625381 -0.0687633 11.6664 
-0.0722801 0.0393265 -0.996609 -138.602 -0.0583709 0.997343 0.0435889 3.36261 0.995675 0.0613236 -0.0697925 11.5702 
-0.0713962 0.0421367 -0.996558 -139.876 -0.05849 0.997211 0.0463547 3.39145 0.995732 0.0615982 -0.0687326 11.452 
-0.0719856 0.046056 -0.996342 -141.126 -0.0592508 0.996972 0.050366 3.42102 0.995644 0.0626597 -0.0690387 11.3453 
-0.0722848 0.0464734 -0.996301 -142.365 -0.0602059 0.996889 0.050869 3.46355 0.995565 0.0636603 -0.0692619 11.2622 
-0.0711516 0.0427817 -0.996548 -143.651 -0.0632639 0.996875 0.0473126 3.51505 0.995457 0.0664119 -0.0682227 11.1434 
-0.0710137 0.0394583 -0.996695 -144.916 -0.0623039 0.997091 0.0439131 3.56395 0.995528 0.0652164 -0.0683487 11.026 
-0.0702571 0.0369608 -0.996844 -146.172 -0.0600285 0.997346 0.0412102 3.62065 0.995721 0.0627344 -0.0678519 10.9066 
-0.0717879 0.0372788 -0.996723 -147.379 -0.0584877 0.997424 0.0415176 3.63764 0.995704 0.0612765 -0.0694226 10.8318 
-0.0723471 0.0369713 -0.996694 -148.624 -0.0550741 0.99764 0.0410041 3.67913 0.995858 0.0578586 -0.0701402 10.7124 
-0.0727594 0.0367349 -0.996673 -149.848 -0.0535434 0.997736 0.0406829 3.69009 0.995911 0.0563253 -0.0706278 10.6027 
-0.0735029 0.036894 -0.996612 -151.034 -0.0535693 0.997727 0.0408862 3.71742 0.995855 0.0563931 -0.0713594 10.4997 
-0.0746539 0.0397764 -0.996416 -152.283 -0.050381 0.997778 0.0436054 3.74851 0.995936 0.0534558 -0.072484 10.4133 
-0.0750987 0.040147 -0.996368 -153.53 -0.048295 0.99787 0.0438477 3.79521 0.996006 0.0514126 -0.0729998 10.2961 
-0.0753798 0.0382182 -0.996422 -154.804 -0.0473451 0.998001 0.0418604 3.83719 0.99603 0.0503312 -0.0734197 10.1568 
-0.0754109 0.0376173 -0.996443 -156.049 -0.0487012 0.997957 0.0413602 3.88778 0.995963 0.051647 -0.0734248 10.0232 
-0.0766252 0.0407563 -0.996227 -157.273 -0.0487796 0.997815 0.0445732 3.93549 0.995866 0.052011 -0.0744697 9.92009 
-0.0780153 0.0479494 -0.995798 -158.479 -0.0543195 0.997155 0.0522703 3.94838 0.995471 0.0581692 -0.0751887 9.82052 
-0.0777077 0.046647 -0.995884 -159.69 -0.0577165 0.997019 0.0512037 4.00187 0.995304 0.0614579 -0.0747838 9.71142 
-0.076246 0.0429809 -0.996162 -160.951 -0.0621599 0.996922 0.0477714 4.04384 0.99515 0.0655638 -0.0733396 9.56379 
-0.0763889 0.0379963 -0.996354 -162.151 -0.064483 0.996994 0.0429645 4.06873 0.994991 0.0675299 -0.0737091 9.46524 
-0.0787225 0.0347655 -0.99629 -163.349 -0.064937 0.99709 0.0399245 4.10709 0.994779 0.0678391 -0.0762359 9.38812 
-0.0773128 0.0318056 -0.996499 -164.555 -0.0590792 0.997589 0.036424 4.13553 0.995255 0.0616885 -0.0752473 9.26674 
-0.0785401 0.0290216 -0.996488 -165.736 -0.0555204 0.997898 0.0334386 4.14203 0.995364 0.0579518 -0.0767637 9.17178 
-0.079548 0.0265025 -0.996479 -166.962 -0.0483888 0.998365 0.0304156 4.16179 0.995656 0.050638 -0.0781355 9.06188 
-0.0785597 0.0285101 -0.996502 -168.215 -0.0477875 0.998334 0.0323299 4.20222 0.995763 0.0501602 -0.0770664 8.90392 
-0.078405 0.0343097 -0.996331 -169.439 -0.0466147 0.998188 0.0380419 4.22713 0.995831 0.0494264 -0.0766636 8.79448 
-0.0772165 0.0368458 -0.996333 -170.658 -0.0485214 0.997994 0.0406677 4.26048 0.995833 0.0514838 -0.0752738 8.68423 
-0.0764217 0.0332771 -0.99652 -171.891 -0.0490302 0.998108 0.0370902 4.29267 0.995869 0.0516941 -0.0746455 8.57139 
-0.076204 0.032577 -0.99656 -173.117 -0.0522826 0.997961 0.0366207 4.3256 0.995721 0.0548934 -0.0743454 8.46103 
-0.0736507 0.033982 -0.996705 -174.327 -0.0516903 0.997946 0.0378439 4.34731 0.995944 0.0543072 -0.0717429 8.33262 
-0.0738404 0.0322442 -0.996749 -175.53 -0.0512157 0.998036 0.0360799 4.37333 0.995954 0.0537133 -0.0720439 8.22837 
-0.0718964 0.0308395 -0.996935 -176.708 -0.050529 0.998126 0.0345203 4.39077 0.996131 0.052856 -0.0702034 8.11936 
-0.0704214 0.032208 -0.996997 -177.845 -0.0513657 0.998036 0.0358697 4.4118 0.996194 0.0537375 -0.0686286 8.01363 
-0.0703324 0.0331719 -0.996972 -178.984 -0.0487187 0.99814 0.0366477 4.44382 0.996333 0.0511487 -0.0685854 7.94014 
-0.0698699 0.0347251 -0.996952 -180.106 -0.0501823 0.998006 0.0382788 4.4574 0.996293 0.0527038 -0.067988 7.82851 
-0.0696913 0.0353474 -0.996942 -181.162 -0.0507987 0.99795 0.0389342 4.4725 0.996274 0.0533567 -0.0677528 7.74171 
-0.0704404 0.0348234 -0.996908 -182.217 -0.0484173 0.998093 0.0382859 4.5021 0.99634 0.0509645 -0.0686201 7.64945 
-0.0702025 0.0341706 -0.996947 -183.24 -0.0488099 0.998098 0.0376471 4.51331 0.996338 0.0513038 -0.0684011 7.56083 
-0.0680843 0.0342497 -0.997092 -184.228 -0.0500331 0.998036 0.0376985 4.53137 0.996424 0.0524543 -0.0662369 7.46754 
-0.0683931 0.0341613 -0.997073 -185.164 -0.0508061 0.997998 0.0376779 4.55044 0.996364 0.0532344 -0.0665205 7.4091 
-0.0708839 0.0326501 -0.99695 -186.112 -0.0481942 0.998185 0.0361172 4.5623 0.99632 0.0506073 -0.0691817 7.34583 
-0.0750161 0.0304584 -0.996717 -187.034 -0.0457395 0.998376 0.0339516 4.56582 0.996133 0.0481363 -0.0735011 7.27613 
-0.0814697 0.026614 -0.99632 -187.954 -0.0454298 0.998505 0.0303871 4.58069 0.99564 0.0477383 -0.0801388 7.2004 
-0.0888262 0.0233461 -0.995774 -188.872 -0.0465629 0.998535 0.0275645 4.58882 0.994958 0.0488145 -0.0876091 7.1455 
-0.0940469 0.0218648 -0.995328 -189.79 -0.0486253 0.998465 0.0265283 4.60046 0.99438 0.050893 -0.0928393 7.05866 
-0.0968549 0.0220719 -0.995054 -190.738 -0.050226 0.998372 0.0270343 4.62969 0.99403 0.052596 -0.0955886 6.92785 
-0.0988737 0.0248395 -0.99479 -191.681 -0.0498648 0.998309 0.0298835 4.62881 0.99385 0.0525597 -0.0974678 6.81396 
-0.100586 0.0262323 -0.994583 -192.587 -0.0481554 0.998352 0.0312018 4.65139 0.993762 0.0510331 -0.0991572 6.70323 
-0.102769 0.0265997 -0.99435 -193.497 -0.0479724 0.998347 0.0316647 4.66517 0.993548 0.0509555 -0.101323 6.59497 
-0.105598 0.0244575 -0.994108 -194.388 -0.0484653 0.998383 0.0297108 4.6892 0.993227 0.0513172 -0.104242 6.50559 
-0.108379 0.0235108 -0.993832 -195.272 -0.0502 0.998315 0.0290912 4.69414 0.992841 0.0530432 -0.107016 6.41226 
-0.108078 0.0223199 -0.993892 -196.163 -0.0526356 0.998217 0.0281408 4.71425 0.992748 0.0553555 -0.106711 6.28971 
-0.106049 0.0202925 -0.994154 -197.073 -0.0568562 0.998032 0.0264366 4.73363 0.992734 0.0593274 -0.104686 6.14748 
-0.106668 0.0167414 -0.994154 -197.99 -0.0560132 0.998169 0.022819 4.75281 0.992716 0.0581199 -0.105535 6.05697 
-0.106643 0.0142339 -0.994195 -198.92 -0.0551 0.998276 0.0202027 4.75177 0.99277 0.0569347 -0.105675 5.94438 
-0.105202 0.0156128 -0.994328 -199.812 -0.0544383 0.998287 0.0214347 4.7406 0.99296 0.0563846 -0.104172 5.81243 
-0.104024 0.0176608 -0.994418 -200.743 -0.0526138 0.998345 0.0232344 4.76232 0.993182 0.0547371 -0.102922 5.68816 
-0.104178 0.0189222 -0.994379 -201.672 -0.0534376 0.998268 0.0245947 4.76442 0.993122 0.0556995 -0.102986 5.56006 
-0.103397 0.0161605 -0.994509 -202.611 -0.0488391 0.998579 0.0213043 4.7697 0.99344 0.0507738 -0.10246 5.44596 
-0.102454 0.0116376 -0.99467 -203.531 -0.0467777 0.998769 0.0165038 4.79429 0.993637 0.0482192 -0.101783 5.32046 
-0.10152 0.0127959 -0.994751 -204.478 -0.0515403 0.998507 0.0181042 4.79164 0.993498 0.0531077 -0.100709 5.19379 
-0.101558 0.0154734 -0.994709 -205.414 -0.0531764 0.998365 0.0209595 4.8051 0.993407 0.0550237 -0.100569 5.09405 
-0.100671 0.0154115 -0.9948 -206.369 -0.0510582 0.998483 0.0206355 4.80832 0.993609 0.0528701 -0.0997314 4.99827 
-0.0989054 0.0166243 -0.994958 -207.311 -0.0495277 0.998539 0.0216075 4.82716 0.993864 0.0514151 -0.0979376 4.89968 
-0.09939 0.0206384 -0.994835 -208.302 -0.0475343 0.998545 0.0254643 4.85184 0.993913 0.0498197 -0.0982644 4.79974 
-0.0975268 0.0250942 -0.994917 -209.296 -0.044492 0.998573 0.0295478 4.86162 0.994238 0.0471476 -0.0962711 4.68087 
-0.0990823 0.026751 -0.99472 -210.235 -0.0427222 0.998603 0.031111 4.85497 0.994162 0.0455792 -0.097801 4.62651 
-0.0975683 0.0269917 -0.994863 -211.234 -0.0456339 0.998459 0.0315647 4.87736 0.994182 0.0484792 -0.0961863 4.50816 
-0.095734 0.0281299 -0.995009 -212.226 -0.0476607 0.998325 0.0328092 4.89726 0.994265 0.0505639 -0.0942329 4.40602 
-0.0919238 0.0276405 -0.995382 -213.226 -0.0491403 0.998271 0.0322589 4.91931 0.994553 0.0518788 -0.0904066 4.29339 
-0.0903879 0.0242373 -0.995612 -214.224 -0.050647 0.998298 0.0289007 4.93867 0.994618 0.0530371 -0.0890065 4.19566 
-0.0868873 0.0215843 -0.995984 -215.244 -0.049942 0.998414 0.0259937 4.94308 0.994966 0.052 -0.0856715 4.08099 
-0.08654 0.020445 -0.996039 -216.265 -0.0499541 0.998443 0.0248346 4.96007 0.994995 0.0519055 -0.0853839 3.98708 
-0.0870078 0.023553 -0.995929 -217.272 -0.0505784 0.998327 0.0280284 4.96487 0.994923 0.0528112 -0.085671 3.89764 
-0.0869573 0.0261314 -0.995869 -218.337 -0.0508707 0.998235 0.0306354 4.98928 0.994912 0.0533246 -0.0854745 3.80537 
-0.0860134 0.0260186 -0.995954 -219.368 -0.0509491 0.998236 0.0304783 4.99722 0.99499 0.0533645 -0.0845361 3.69067 
-0.0852342 0.0232355 -0.99609 -220.452 -0.0490331 0.998419 0.0274855 5.01861 0.995154 0.0511841 -0.0839601 3.57411 
-0.0851092 0.0201155 -0.996169 -221.528 -0.0462964 0.998637 0.0241207 5.04241 0.995296 0.048172 -0.0840619 3.45068 
-0.0852815 0.0189327 -0.996177 -222.63 -0.0444285 0.998753 0.0227851 5.05843 0.995366 0.0462018 -0.084334 3.34333 
-0.0861321 0.0176382 -0.996128 -223.734 -0.0437983 0.99881 0.0214728 5.07087 0.995321 0.0454782 -0.085257 3.24907 
-0.0864944 0.0173621 -0.996101 -224.834 -0.0444478 0.998785 0.0212685 5.08084 0.99526 0.0461141 -0.0856177 3.14333 
-0.0879298 0.0177586 -0.995968 -225.928 -0.0466202 0.998672 0.0219227 5.10061 0.995035 0.0483599 -0.0869851 3.03749 
-0.0892617 0.0202943 -0.995801 -227.016 -0.048372 0.998524 0.0246858 5.10531 0.994833 0.0503725 -0.0881483 2.93655 
-0.0898264 0.0215372 -0.995725 -228.116 -0.0477799 0.998522 0.0259081 5.12433 0.994811 0.0499029 -0.0886646 2.80219 
-0.0921047 0.0225542 -0.995494 -229.228 -0.0481822 0.998471 0.0270796 5.14381 0.994583 0.0504593 -0.0908772 2.69389 
-0.0926746 0.0225238 -0.995442 -230.36 -0.0507262 0.998339 0.027312 5.17262 0.994404 0.0530261 -0.0913781 2.56218 
-0.0947038 0.0219667 -0.995263 -231.493 -0.0537757 0.998184 0.0271481 5.16829 0.994052 0.056092 -0.0933505 2.43249 
-0.0955319 0.0167883 -0.995285 -232.684 -0.0513779 0.998442 0.021773 5.18937 0.9941 0.0532157 -0.0945205 2.28491 
-0.0974827 0.0115121 -0.995171 -233.854 -0.0483462 0.998698 0.0162887 5.19424 0.994062 0.0497007 -0.0967992 2.15657 
-0.0991505 0.00833025 -0.995038 -235.059 -0.0447455 0.998916 0.0128214 5.1956 0.994066 0.0457947 -0.0986703 2.01049 
-0.101071 0.00916164 -0.994837 -236.247 -0.0390647 0.99915 0.0131701 5.19792 0.994112 0.0401942 -0.100627 1.88448 
-0.103917 0.014072 -0.994487 -237.412 -0.0354433 0.999212 0.0178424 5.19239 0.993954 0.037102 -0.103336 1.74573 
-0.107744 0.0174808 -0.994025 -238.597 -0.03238 0.999253 0.0210825 5.19048 0.993651 0.034458 -0.107097 1.63068 
-0.110966 0.0167668 -0.993683 -239.817 -0.0310823 0.99931 0.0203328 5.21181 0.993338 0.0331423 -0.110368 1.4875 
-0.113528 0.0180929 -0.99337 -241.03 -0.0316578 0.999261 0.0218182 5.2116 0.99303 0.033925 -0.112872 1.34042 
-0.115726 0.0196597 -0.993087 -242.231 -0.0295998 0.999292 0.0232318 5.21697 0.99284 0.0320838 -0.115062 1.16858 
-0.118793 0.0191312 -0.992735 -243.426 -0.0275019 0.999367 0.0225499 5.23509 0.992538 0.0299809 -0.118192 1.02246 
-0.121133 0.0175365 -0.992481 -244.581 -0.0263577 0.999435 0.0208763 5.22914 0.992286 0.0286884 -0.120603 0.863902 
-0.122328 0.0185565 -0.992316 -245.825 -0.0285262 0.999346 0.0222045 5.22647 0.99208 0.0310233 -0.121719 0.652099 
-0.126941 0.0195917 -0.991717 -247.041 -0.0265337 0.99938 0.0231394 5.23781 0.991555 0.0292513 -0.126343 0.505749 
-0.129103 0.0191086 -0.991447 -248.274 -0.0278147 0.999351 0.0228828 5.25254 0.991241 0.0305311 -0.128488 0.3138 
-0.131229 0.0196753 -0.991157 -249.526 -0.0286188 0.999311 0.0236263 5.26064 0.990939 0.0314662 -0.130575 0.116865 
-0.133371 0.0219181 -0.990824 -250.794 -0.030606 0.999188 0.0262229 5.26361 0.990593 0.0338226 -0.132592 -0.0796431 
-0.133989 0.0219767 -0.990739 -252.034 -0.0327608 0.999109 0.026593 5.28228 0.990441 0.0360206 -0.13315 -0.29173 
-0.136714 0.022217 -0.990361 -253.239 -0.0340281 0.999053 0.0271094 5.2821 0.990026 0.0374064 -0.135828 -0.466667 
-0.136908 0.0210348 -0.990361 -254.496 -0.0330846 0.99912 0.0257944 5.30529 0.990031 0.0362971 -0.136091 -0.661777 
-0.136233 0.0202449 -0.99047 -255.749 -0.0322034 0.999172 0.0248521 5.31024 0.990153 0.0352822 -0.135468 -0.864554 
-0.136359 0.019971 -0.990458 -257.008 -0.0304044 0.999241 0.0243339 5.31727 0.990193 0.0334325 -0.135648 -1.06116 
-0.136714 0.0202536 -0.990404 -258.246 -0.0293473 0.999269 0.0244859 5.31618 0.990176 0.0324133 -0.13602 -1.24568 
-0.137176 0.0201719 -0.990341 -259.477 -0.0282889 0.999305 0.0242729 5.326 0.990143 0.0313454 -0.13651 -1.43915 
-0.136693 0.020655 -0.990398 -260.766 -0.0276261 0.999314 0.0246539 5.32454 0.990228 0.0307309 -0.136029 -1.65224 
-0.136744 0.0206547 -0.990391 -262.013 -0.0270081 0.999333 0.0245702 5.34048 0.990238 0.0301084 -0.136095 -1.84688 
-0.137068 0.0217764 -0.990322 -263.259 -0.023785 0.999398 0.0252679 5.34963 0.990276 0.0270183 -0.136467 -2.04152 
-0.138477 0.0249224 -0.990052 -264.513 -0.0191843 0.999428 0.0278417 5.35363 0.99018 0.0228489 -0.13792 -2.21736 
-0.139586 0.0287482 -0.989793 -265.748 -0.0153589 0.999395 0.0311931 5.36283 0.990091 0.0195563 -0.13906 -2.40577 
-0.139912 0.0309953 -0.989679 -266.99 -0.0130294 0.999366 0.0331407 5.38361 0.990078 0.0175318 -0.13942 -2.59649 
-0.139635 0.029517 -0.989763 -268.206 -0.0139394 0.999398 0.0317709 5.39677 0.990105 0.0182331 -0.13914 -2.80158 
-0.139584 0.0266632 -0.989851 -269.416 -0.0168325 0.999429 0.0292948 5.42749 0.990067 0.0207508 -0.139055 -3.002 
-0.139796 0.0288002 -0.989761 -270.608 -0.0232655 0.999205 0.0323611 5.44224 0.989907 0.0275513 -0.139015 -3.19864 
-0.139582 0.0341513 -0.989621 -271.83 -0.0286452 0.998848 0.0385099 5.45875 0.989796 0.0337232 -0.138443 -3.41193 
-0.139823 0.0326807 -0.989637 -273.058 -0.0326541 0.998759 0.0375956 5.48618 0.989638 0.0375725 -0.138582 -3.61542 
-0.139406 0.0260255 -0.989893 -274.254 -0.0330534 0.998975 0.0309192 5.50351 0.989684 0.0370297 -0.138403 -3.81502 
-0.139765 0.0201312 -0.98998 -275.469 -0.0292733 0.999272 0.0244529 5.53094 0.989752 0.0323977 -0.139074 -4.02275 
-0.140634 0.0201598 -0.989856 -276.66 -0.0234725 0.999444 0.0236899 5.53354 0.989783 0.026566 -0.140082 -4.19748 
-0.140692 0.0215295 -0.989819 -277.876 -0.0199365 0.999499 0.0245738 5.55145 0.989853 0.0231909 -0.140192 -4.36747 
-0.137187 0.0238745 -0.990258 -279.098 -0.0202466 0.999433 0.0269006 5.558 0.990338 0.0237398 -0.136625 -4.59938 
-0.135437 0.0263503 -0.990436 -280.326 -0.021994 0.99932 0.0295942 5.57016 0.990542 0.0257918 -0.134765 -4.81048 
-0.134773 0.0286107 -0.990463 -281.538 -0.0239619 0.999197 0.0321235 5.55954 0.990587 0.0280628 -0.133979 -5.00083 
-0.133882 0.0289792 -0.990574 -282.723 -0.0247526 0.999163 0.032576 5.5776 0.990688 0.0288807 -0.133052 -5.19772 
-0.133628 0.0284227 -0.990624 -283.96 -0.024424 0.999191 0.0319631 5.58845 0.990731 0.0284662 -0.132826 -5.38304 
-0.132882 0.02693 -0.990766 -285.181 -0.0251525 0.999217 0.0305332 5.60414 0.990813 0.0289776 -0.132101 -5.59729 
-0.134204 0.0263601 -0.990603 -286.425 -0.0231876 0.999289 0.0297326 5.60389 0.990682 0.02696 -0.133497 -5.75616 
-0.134087 0.0264971 -0.990615 -287.626 -0.0236529 0.999272 0.0299303 5.60759 0.990687 0.0274442 -0.133363 -5.93493 
-0.134918 0.0249171 -0.990543 -288.806 -0.0248793 0.999283 0.0285257 5.64519 0.990544 0.0284927 -0.134202 -6.08532 
-0.134492 0.0249633 -0.9906 -289.973 -0.0247811 0.999285 0.0285467 5.65907 0.990605 0.0283875 -0.133777 -6.30056 
-0.133411 0.0264532 -0.990708 -291.194 -0.0233429 0.999283 0.0298256 5.6524 0.990786 0.027105 -0.132698 -6.50558 
-0.133374 0.0231134 -0.990796 -292.45 -0.0217869 0.999418 0.0262473 5.69378 0.990826 0.0250871 -0.132793 -6.69916 
-0.133351 0.0201908 -0.990863 -293.711 -0.0217244 0.999493 0.0232904 5.71218 0.990831 0.0246317 -0.132845 -6.90261 
-0.134183 0.0170321 -0.99081 -294.943 -0.0238283 0.999508 0.0204086 5.72298 0.99067 0.0263478 -0.133712 -7.10103 
-0.136085 0.0162052 -0.990565 -296.094 -0.0244302 0.999507 0.0197077 5.71077 0.990396 0.0268817 -0.135623 -7.25671 
-0.136754 0.0156119 -0.990482 -297.296 -0.0268635 0.99945 0.0194622 5.71746 0.990241 0.0292694 -0.136259 -7.45573 
-0.13781 0.0162549 -0.990325 -298.486 -0.0288243 0.999376 0.0204145 5.72059 0.990039 0.0313587 -0.137255 -7.63674 
-0.138722 0.0168167 -0.990189 -299.715 -0.0324683 0.999241 0.0215191 5.72152 0.989799 0.0351349 -0.13807 -7.8337 
-0.136631 0.0160203 -0.990492 -300.972 -0.0337598 0.999213 0.0208183 5.7406 0.990047 0.0362833 -0.135983 -8.0855 
-0.136245 0.0136637 -0.990581 -302.21 -0.0336661 0.999264 0.018414 5.75245 0.990103 0.0358579 -0.135685 -8.30161 
-0.13675 0.0111663 -0.990543 -303.422 -0.0296894 0.999441 0.0153654 5.75875 0.990161 0.0315099 -0.136342 -8.49599 
-0.13835 0.0110721 -0.990321 -304.649 -0.0283357 0.999484 0.0151331 5.77134 0.989978 0.0301551 -0.137965 -8.69834 
-0.139339 0.0142732 -0.990142 -305.858 -0.0260727 0.999497 0.0180772 5.73921 0.989901 0.0283346 -0.138897 -8.89787 
-0.141653 0.0150752 -0.989802 -307.099 -0.0236474 0.999547 0.0186078 5.74394 0.989634 0.0260421 -0.141233 -9.06922 
