1 2.12261e-08 -2.11895e-08 0 2.12261e-08 1 2.10703e-08 0 -2.11895e-08 2.10703e-08 1 0 
0.99995 -0.00277394 0.0095656 0.0451813 0.00276344 0.999996 0.00111531 -0.00790923 -0.00956869 -0.00108878 0.999954 0.256844 
0.999859 -0.0047758 0.0161055 0.0353776 0.00476809 0.999989 0.00051941 -0.00242259 -0.0161078 -0.000442502 0.99987 0.539323 
0.999812 -0.00749655 0.01791 0.0511503 0.00749296 0.999972 0.000269993 -0.0220447 -0.0179115 -0.000135702 0.99984 0.836434 
0.999846 -0.00775708 0.0157527 0.0333408 0.00779272 0.999967 -0.0021997 -0.0141193 -0.0157352 0.00232216 0.999874 1.14673 
0.999898 -0.0106168 0.00951536 0.0239055 0.0106555 0.999935 -0.00402238 -0.00907074 -0.00947208 0.0041234 0.999947 1.46247 
0.999906 -0.0134621 -0.00273192 0.0109545 0.0134451 0.999891 -0.00616023 -0.010834 0.00281451 0.00612296 0.999977 1.77758 
0.999748 -0.0127413 -0.0184972 -0.0258767 0.0126406 0.999905 -0.00555221 -0.0313256 0.0185661 0.00531704 0.999814 2.10638 
0.999204 -0.00896524 -0.0388681 -0.0547085 0.00880642 0.999952 -0.00425651 -0.054241 0.0389043 0.00391087 0.999235 2.43602 
0.998322 -0.00513498 -0.0576711 -0.107615 0.00468337 0.999957 -0.00796397 -0.0315642 0.0577095 0.00768056 0.998304 2.80355 
0.996902 -0.00524003 -0.0784754 -0.146074 0.00463572 0.999958 -0.00788139 -0.040632 0.0785134 0.00749323 0.996885 3.16407 
0.994958 -0.00616059 -0.100108 -0.200288 0.00548875 0.999961 -0.00698558 -0.0486338 0.100147 0.00640093 0.994952 3.55143 
0.992839 -0.00718501 -0.119247 -0.270793 0.00631538 0.999951 -0.00766936 -0.0354551 0.119296 0.0068614 0.992835 3.93317 
0.990517 -0.00536131 -0.137289 -0.34471 0.00442316 0.999965 -0.00713786 -0.0449991 0.137322 0.00646296 0.990505 4.33117 
0.988174 -0.00479267 -0.153261 -0.425848 0.00368604 0.999965 -0.00750416 -0.040092 0.153292 0.00685054 0.988157 4.745 
0.986002 -0.00320871 -0.166701 -0.516515 0.00166547 0.999955 -0.00939671 -0.0278331 0.166724 0.00898759 0.985963 5.17581 
0.983805 -0.00353343 -0.179209 -0.608424 0.00168313 0.999944 -0.010476 -0.0407112 0.179236 0.0100048 0.983755 5.60682 
0.981875 -0.0086296 -0.189332 -0.695531 0.0062977 0.999897 -0.0129148 -0.0505088 0.189424 0.0114884 0.981828 6.04517 
0.979966 -0.00762025 -0.19902 -0.774891 0.00450157 0.99986 -0.0161182 -0.0428161 0.199114 0.0148994 0.979863 6.51943 
0.97802 -0.0079835 -0.208359 -0.878946 0.00439055 0.999834 -0.017701 -0.062439 0.208466 0.0163972 0.977892 6.99902 
0.97634 -0.00686151 -0.216132 -0.997114 0.00210918 0.999751 -0.0222113 -0.0531836 0.21623 0.02123 0.976112 7.50452 
0.974691 -0.01099 -0.223288 -1.12405 0.00562757 0.999681 -0.024638 -0.0626143 0.223488 0.0227579 0.974441 8.00023 
0.973002 -0.016629 -0.230199 -1.25805 0.0110219 0.999611 -0.0256224 -0.0799088 0.230535 0.0223935 0.972806 8.49606 
0.971136 -0.0173049 -0.237896 -1.41647 0.0107146 0.999523 -0.0289677 -0.0980994 0.238284 0.0255827 0.970859 8.98977 
0.968876 -0.0140988 -0.247146 -1.57408 0.00616637 0.999442 -0.032841 -0.121495 0.247471 0.0302949 0.968422 9.49751 
0.966778 -0.0125078 -0.255313 -1.73958 0.00323919 0.999321 -0.0366912 -0.129115 0.255599 0.0346453 0.966162 10.0201 
0.964228 -0.01692 -0.264535 -1.91705 0.00738659 0.999288 -0.0369919 -0.154163 0.264973 0.0337146 0.963666 10.5945 
0.961678 -0.021264 -0.273356 -2.06995 0.0109945 0.999177 -0.0390458 -0.176087 0.273961 0.0345441 0.96112 11.1502 
0.959591 -0.021153 -0.280601 -2.25233 0.00966387 0.99906 -0.0422657 -0.198606 0.281231 0.0378462 0.958893 11.7131 
0.956637 -0.0207513 -0.290542 -2.43976 0.00793166 0.998945 -0.0452315 -0.232759 0.291174 0.0409657 0.955792 12.3324 
0.954563 -0.0200844 -0.297331 -2.64589 0.00527301 0.998709 -0.0505332 -0.26745 0.297962 0.0466693 0.953436 12.9271 
0.952796 -0.0212065 -0.302868 -2.86238 0.00371614 0.998298 -0.058209 -0.310262 0.303587 0.0543359 0.951253 13.5359 
0.951517 -0.0224201 -0.30678 -3.07549 0.00214361 0.997799 -0.0662729 -0.353288 0.30759 0.0624022 0.949471 14.1414 
0.950233 -0.0232382 -0.310671 -3.31507 -0.000228739 0.997162 -0.0752873 -0.394588 0.311539 0.0716116 0.947531 14.7721 
0.949316 -0.0213912 -0.313594 -3.57071 -0.00565182 0.996359 -0.0850739 -0.442689 0.314272 0.0825345 0.945738 15.4172 
0.94836 -0.0193786 -0.316603 -3.87444 -0.010294 0.995726 -0.0917811 -0.525052 0.317029 0.0903007 0.944107 16.1001 
0.946866 -0.0182196 -0.321112 -4.11688 -0.0138708 0.995152 -0.0973649 -0.607315 0.32133 0.0966457 0.942023 16.7544 
0.945811 -0.0162158 -0.324313 -4.3774 -0.0183017 0.994503 -0.1031 -0.677015 0.324202 0.103449 0.940315 17.3801 
0.944908 -0.0112621 -0.327142 -4.71914 -0.0261374 0.993621 -0.109701 -0.741713 0.326291 0.112208 0.938586 18.043 
0.94363 -0.00912394 -0.330876 -4.99756 -0.0300936 0.993115 -0.11321 -0.816401 0.329631 0.116785 0.936859 18.6905 
0.941286 -0.00797605 -0.337517 -5.26211 -0.0327903 0.992835 -0.11491 -0.896334 0.336015 0.11923 0.93428 19.4122 
0.939335 -0.008167 -0.342903 -5.56936 -0.0326648 0.993043 -0.113132 -0.991697 0.341441 0.11747 0.932533 20.0989 
0.936868 -0.00625319 -0.349627 -5.83159 -0.0353131 0.993037 -0.112386 -1.09264 0.347896 0.117638 0.930124 20.8264 
0.934118 -0.00703481 -0.356895 -6.10366 -0.0343483 0.993395 -0.109482 -1.19972 0.355308 0.114528 0.927707 21.5417 
0.931087 -0.00428641 -0.364771 -6.42406 -0.0375266 0.993501 -0.107462 -1.28419 0.362861 0.113745 0.924875 22.2623 
0.928229 -0.00149095 -0.372006 -6.75405 -0.0393451 0.99399 -0.102158 -1.36134 0.369923 0.109462 0.922592 22.9913 
0.924661 0.00237949 -0.380783 -7.08988 -0.0426743 0.994329 -0.0974132 -1.44783 0.378392 0.106324 0.919519 23.7412 
0.921263 0.00499372 -0.388908 -7.4723 -0.0447769 0.994631 -0.0932984 -1.53016 0.386354 0.103367 0.91654 24.5243 
0.917211 0.00512674 -0.398368 -7.8318 -0.0455402 0.994712 -0.0920516 -1.60311 0.395789 0.102573 0.912595 25.2938 
0.913165 0.00618489 -0.407542 -8.18112 -0.0475073 0.994685 -0.0913527 -1.68751 0.404811 0.102781 0.908606 26.0147 
0.91035 0.00962199 -0.413727 -8.65556 -0.0520237 0.99446 -0.0913433 -1.76407 0.410556 0.104678 0.905807 26.7931 
0.906477 0.0116829 -0.422094 -9.06586 -0.054954 0.99438 -0.090495 -1.83448 0.418664 0.105227 0.902024 27.5667 
0.90275 0.00994932 -0.430051 -9.49339 -0.0532493 0.994628 -0.0887684 -1.89722 0.426858 0.103036 0.89843 28.3779 
0.9003 0.0171941 -0.434931 -10.0417 -0.0606084 0.994437 -0.0861454 -1.99458 0.43103 0.103917 0.896334 29.191 
0.896998 0.0171732 -0.441702 -10.4471 -0.058739 0.995014 -0.0806002 -2.06618 0.438115 0.0982433 0.893534 29.9685 
0.893625 0.0195442 -0.448388 -10.898 -0.060461 0.995187 -0.0771191 -2.14236 0.444723 0.0960256 0.890506 30.7687 
0.889367 0.0167917 -0.456886 -11.3043 -0.0572916 0.995541 -0.0749342 -2.22099 0.453591 0.0928198 0.886363 31.582 
0.887272 0.0144863 -0.46102 -11.8039 -0.0547609 0.995746 -0.0741035 -2.27275 0.457985 0.0909959 0.88429 32.3883 
0.885259 0.0155328 -0.464839 -12.3657 -0.0568658 0.995559 -0.0750308 -2.32083 0.461609 0.0928552 0.88221 33.2542 
0.882614 0.0137155 -0.469898 -12.8693 -0.0546146 0.995797 -0.0735176 -2.39467 0.466915 0.0905511 0.879654 34.1059 
0.880909 0.0147595 -0.473056 -13.3948 -0.0570854 0.99553 -0.0752416 -2.45618 0.469831 0.0932856 0.877814 34.9497 
0.879017 0.0109072 -0.476666 -13.9366 -0.0535749 0.995666 -0.076014 -2.51384 0.473771 0.092355 0.875792 35.8605 
0.878352 0.0118431 -0.477868 -14.5041 -0.0560021 0.995358 -0.0782673 -2.56263 0.474723 0.0955079 0.874938 36.7578 
0.877791 0.011192 -0.478913 -15.0303 -0.0553653 0.995398 -0.0782162 -2.63645 0.475833 0.0951726 0.874371 37.6613 
0.877746 0.00974751 -0.479028 -15.514 -0.0526367 0.995703 -0.0761878 -2.72001 0.476227 0.092088 0.874487 38.54 
0.877671 0.0093418 -0.479172 -16.0336 -0.0526056 0.995647 -0.0769438 -2.79206 0.476367 0.0927385 0.874342 39.4263 
0.877421 0.00962779 -0.479624 -16.5444 -0.0537957 0.995467 -0.0784308 -2.89132 0.476695 0.0946186 0.873962 40.3066 
0.876217 0.00788185 -0.481853 -17.082 -0.0525383 0.995469 -0.0792542 -2.98633 0.479045 0.0947597 0.872661 41.2339 
0.875028 0.00625009 -0.484032 -17.6791 -0.050268 0.995684 -0.0780171 -3.06322 0.481456 0.0925985 0.871565 42.1685 
0.873437 0.00731851 -0.486883 -18.2158 -0.0497651 0.995993 -0.0743044 -3.14534 0.484388 0.08913 0.870301 43.0708 
0.871656 0.00694601 -0.490069 -18.7773 -0.0474378 0.996401 -0.0702522 -3.23884 0.487817 0.0844835 0.868848 43.9699 
0.868218 0.00809718 -0.496117 -19.3598 -0.0481526 0.996522 -0.0680041 -3.33486 0.493841 0.0829318 0.865589 44.8965 
0.863119 0.0035146 -0.504988 -19.8855 -0.0450754 0.996521 -0.0701069 -3.41854 0.502984 0.0832733 0.860275 45.7783 
0.857637 -1.44398e-05 -0.514256 -20.449 -0.0440034 0.99633 -0.0734136 -3.50371 0.51237 0.0855913 0.854489 46.6544 
0.852339 0.000781702 -0.522989 -21.1124 -0.0459273 0.996247 -0.0733607 -3.59585 0.520969 0.0865477 0.849176 47.5547 
0.846683 0.00488224 -0.532075 -21.6978 -0.0485411 0.996497 -0.0680992 -3.688 0.529879 0.083486 0.843954 48.4503 
0.842075 0.0101824 -0.539264 -22.3581 -0.0529236 0.996557 -0.0638246 -3.76957 0.536757 0.082285 0.839715 49.3572 
0.838141 0.00912794 -0.545378 -22.9637 -0.0546858 0.996228 -0.0673679 -3.82678 0.542706 0.0862883 0.835479 50.2427 
0.835687 0.0061151 -0.549173 -23.5842 -0.0550911 0.995828 -0.0727445 -3.89857 0.546437 0.0910462 0.832537 51.0899 
0.833029 0.0035828 -0.553218 -24.1944 -0.058335 0.994973 -0.0813963 -3.96807 0.550146 0.100078 0.82905 51.9369 
0.830339 0.00231581 -0.557253 -24.8487 -0.0585438 0.99482 -0.0830993 -4.05863 0.554174 0.101624 0.826174 52.832 
0.826754 0.00273335 -0.562557 -25.4557 -0.0573594 0.995186 -0.0794622 -4.15278 0.559631 0.0979636 0.822931 53.6911 
0.82405 0.00531343 -0.566492 -26.0497 -0.0565846 0.995728 -0.0729716 -4.26693 0.563684 0.092187 0.82083 54.4892 
0.8224 0.00775306 -0.568857 -26.6896 -0.0589137 0.995692 -0.0716015 -4.32686 0.565851 0.0923986 0.819314 55.2628 
0.818895 0.00815617 -0.573885 -27.3101 -0.0600209 0.995633 -0.0714957 -4.40406 0.570796 0.0929927 0.815809 56.1162 
0.815332 0.00581353 -0.578965 -27.9477 -0.0587274 0.995623 -0.072706 -4.49736 0.576008 0.0932807 0.812104 56.9819 
0.81095 0.00470469 -0.585096 -28.5536 -0.06009 0.99535 -0.075282 -4.59 0.582022 0.0962084 0.807462 57.828 
0.807118 0.00391295 -0.590377 -29.1806 -0.0601401 0.995321 -0.0756221 -4.67301 0.587319 0.0965414 0.803577 58.6269 
0.802331 0.00343705 -0.59687 -29.8378 -0.0602054 0.995349 -0.0751983 -4.75729 0.593836 0.0962688 0.798806 59.475 
0.797954 0.00235283 -0.602713 -30.4958 -0.0592542 0.995454 -0.0745628 -4.84403 0.599798 0.0952111 0.794467 60.3048 
0.792712 0.000744572 -0.609596 -31.1801 -0.059138 0.995376 -0.0756867 -4.93167 0.606721 0.0960481 0.789091 61.1454 
0.787297 -0.000347585 -0.616573 -31.8585 -0.0593901 0.995307 -0.0763958 -5.02531 0.613707 0.0967646 0.783582 61.9765 
0.782638 -8.27204e-05 -0.622477 -32.5716 -0.0607736 0.995212 -0.0765427 -5.12524 0.619504 0.0977354 0.778886 62.7859 
0.776848 -0.0026818 -0.629682 -33.2671 -0.0601203 0.995107 -0.0784094 -5.20853 0.626812 0.098769 0.772886 63.6352 
0.770801 -0.00482345 -0.637058 -34.0186 -0.0590833 0.995121 -0.0790216 -5.30883 0.634331 0.0985495 0.766755 64.4884 
0.765484 -0.00591219 -0.643428 -34.813 -0.0602367 0.994908 -0.0808052 -5.39194 0.64063 0.100613 0.76123 65.3563 
0.759216 -0.00814602 -0.650788 -35.5338 -0.0560211 0.995393 -0.0778142 -5.49671 0.648424 0.0955357 0.755261 66.2035 
0.753327 -0.00869868 -0.657589 -36.2798 -0.0550961 0.995563 -0.0762869 -5.60443 0.655335 0.0936996 0.749504 66.9995 
0.745602 -0.00957925 -0.666323 -36.9989 -0.055114 0.995585 -0.0759843 -5.71772 0.664109 0.0933778 0.741782 67.8079 
0.740926 -0.0105389 -0.671504 -37.8337 -0.0570771 0.995271 -0.078598 -5.78641 0.669157 0.0965628 0.73682 68.6131 
0.73478 -0.00956096 -0.678239 -38.5953 -0.0586105 0.995266 -0.0775266 -5.89045 0.675769 0.096717 0.730741 69.371 
0.730227 -0.00779199 -0.68316 -39.3014 -0.0612071 0.995168 -0.0767746 -5.99348 0.680458 0.0978772 0.726221 70.1231 
0.726029 -0.00641721 -0.687634 -40.1341 -0.063381 0.995076 -0.0762064 -6.10363 0.684737 0.098911 0.722047 70.9167 
0.722448 -0.00781613 -0.691381 -40.9792 -0.0625725 0.995094 -0.0766338 -6.19485 0.688588 0.0986255 0.718414 71.7142 
0.71751 -0.0105602 -0.696468 -41.8028 -0.062184 0.994921 -0.0791483 -6.28454 0.693767 0.100099 0.713209 72.5145 
0.712543 -0.0136984 -0.701495 -42.6796 -0.0610977 0.9948 -0.0814859 -6.38351 0.698964 0.100922 0.708001 73.3608 
0.708156 -0.0138815 -0.70592 -43.5384 -0.0631118 0.99456 -0.0828692 -6.47521 0.70323 0.103236 0.703428 74.1396 
0.702819 -0.0158152 -0.711193 -44.3362 -0.0592288 0.994981 -0.0806575 -6.58096 0.708898 0.0988108 0.698355 74.9126 
0.698404 -0.0158125 -0.715529 -45.1586 -0.0580168 0.995215 -0.0786216 -6.69417 0.713348 0.0964224 0.694145 75.6469 
0.694757 -0.0145666 -0.719097 -46.0028 -0.0621061 0.994846 -0.0801563 -6.7991 0.716558 0.10035 0.690271 76.3927 
0.690136 -0.0155562 -0.723512 -46.8262 -0.060716 0.994999 -0.0793086 -6.91583 0.721128 0.0986625 0.685741 77.1413 
0.686405 -0.0171562 -0.727018 -47.6725 -0.0574302 0.995321 -0.0777097 -7.02792 0.724949 0.0950931 0.682207 77.9089 
0.682735 -0.0193012 -0.730411 -48.5541 -0.0549519 0.995464 -0.0776703 -7.11971 0.728597 0.0931658 0.678577 78.6804 
0.68015 -0.0212537 -0.732765 -49.4392 -0.0536186 0.99546 -0.0786417 -7.2234 0.73111 0.092778 0.675922 79.4339 
0.676998 -0.0260482 -0.735524 -50.3575 -0.0502837 0.995401 -0.0815342 -7.31813 0.734266 0.0921834 0.672574 80.2028 
0.67387 -0.03073 -0.73821 -51.251 -0.0459052 0.995463 -0.0833431 -7.41303 0.737422 0.0900502 0.669402 80.9246 
0.667922 -0.0349144 -0.743412 -52.1674 -0.0401667 0.995752 -0.0828535 -7.53968 0.743147 0.0852001 0.663682 81.6848 
0.659454 -0.0397976 -0.750691 -53.1055 -0.0341694 0.995979 -0.0828181 -7.65409 0.750968 0.0802654 0.655443 82.4902 
0.651167 -0.0406542 -0.757845 -54.0038 -0.0317174 0.996234 -0.0806951 -7.76396 0.758272 0.0765829 0.647425 83.2331 
0.643325 -0.0389965 -0.7646 -54.975 -0.0334323 0.996318 -0.0789443 -7.86601 0.764863 0.0763492 0.639652 83.9938 
0.635246 -0.0388516 -0.771332 -55.9406 -0.0351161 0.996248 -0.079101 -7.96065 0.771511 0.0773348 0.631498 84.7423 
0.625164 -0.0404847 -0.779443 -56.9104 -0.0346822 0.996226 -0.079562 -8.0823 0.779723 0.0767721 0.621401 85.4966 
0.615604 -0.0437901 -0.786838 -57.8786 -0.0333564 0.996112 -0.0815342 -8.1779 0.787349 0.0764389 0.61175 86.217 
0.606188 -0.0447732 -0.79406 -58.8849 -0.0347258 0.995972 -0.0826679 -8.28712 0.794563 0.0776867 0.602192 86.9256 
0.597245 -0.0456409 -0.800759 -59.914 -0.0323624 0.996195 -0.0809177 -8.39292 0.801405 0.0742423 0.593496 87.6276 
0.586847 -0.0472127 -0.80832 -60.9502 -0.0298997 0.996354 -0.079903 -8.50063 0.809145 0.0710594 0.583296 88.361 
0.576645 -0.0479495 -0.815586 -61.9733 -0.0282049 0.996513 -0.0785281 -8.62179 0.816508 0.0682865 0.573282 89.0835 
0.566976 -0.0479664 -0.822336 -63.0106 -0.0311286 0.996342 -0.0795784 -8.73814 0.823146 0.0707173 0.563409 89.756 
0.557585 -0.048555 -0.828698 -64.0302 -0.0320466 0.996285 -0.0799366 -8.8491 0.829501 0.0711285 0.553958 90.3872 
0.54745 -0.0500135 -0.835342 -65.0802 -0.0338502 0.996072 -0.0818208 -8.96311 0.836153 0.0730693 0.543607 91.0643 
0.538682 -0.0495259 -0.841052 -66.1618 -0.0352232 0.996074 -0.0812144 -9.08683 0.841773 0.0733733 0.534822 91.7091 
0.529753 -0.0480381 -0.846791 -67.2784 -0.0352305 0.996287 -0.0785591 -9.20513 0.84742 0.0714498 0.526093 92.375 
0.521093 -0.0465596 -0.852229 -68.3747 -0.0363333 0.996396 -0.0766518 -9.30226 0.852726 0.0709071 0.517523 93.0422 
0.514075 -0.0469008 -0.856462 -69.4809 -0.0365208 0.996402 -0.0764849 -9.40926 0.856967 0.0705977 0.510513 93.6647 
0.506298 -0.0502138 -0.860896 -70.5685 -0.0356528 0.996231 -0.0790752 -9.51363 0.861621 0.070729 0.502599 94.2579 
0.499826 -0.0541776 -0.86443 -71.7083 -0.034138 0.996034 -0.082165 -9.61953 0.865453 0.0705782 0.495994 94.8657 
0.493334 -0.0572076 -0.867957 -72.7645 -0.0317317 0.995987 -0.0836821 -9.75544 0.869261 0.068825 0.489539 95.4644 
0.487962 -0.0609511 -0.870734 -73.8217 -0.0299582 0.995802 -0.0864945 -9.86665 0.872351 0.0682917 0.484088 96.0056 
0.483809 -0.0614398 -0.873014 -74.9189 -0.0279002 0.995943 -0.0855529 -9.99839 0.874729 0.0657485 0.480132 96.5637 
0.478999 -0.0588494 -0.875841 -76.0497 -0.0246243 0.996457 -0.080421 -10.1404 0.87747 0.0600886 0.475852 97.1622 
0.474384 -0.0571173 -0.878463 -77.132 -0.0207646 0.996889 -0.0760306 -10.2705 0.880073 0.0543086 0.471722 97.731 
0.470246 -0.0567904 -0.880707 -78.3185 -0.0194413 0.997019 -0.0746711 -10.3849 0.882321 0.0522359 0.46774 98.3722 
0.467926 -0.0573376 -0.881906 -79.4287 -0.0175623 0.997093 -0.0741448 -10.4984 0.883593 0.0501826 0.465558 98.9126 
0.465483 -0.0560248 -0.883282 -80.5501 -0.015041 0.99735 -0.0711864 -10.6214 0.884929 0.0464215 0.463406 99.4766 
0.463584 -0.0549245 -0.884349 -81.6875 -0.0149 0.997453 -0.0697598 -10.7313 0.885928 0.0455164 0.461585 100.033 
0.461156 -0.0570645 -0.885482 -82.8074 -0.0106672 0.997501 -0.069839 -10.8272 0.887255 0.0416523 0.459395 100.591 
0.459264 -0.0582175 -0.88639 -83.9611 -0.00837456 0.997522 -0.0698556 -10.9403 0.888261 0.0395053 0.457638 101.152 
0.456298 -0.0563501 -0.888041 -85.1087 -0.00851321 0.997671 -0.0676809 -11.0624 0.889786 0.0384428 0.454756 101.708 
0.453538 -0.0575963 -0.889374 -86.1898 -0.00285499 0.997811 -0.0660746 -11.1528 0.891232 0.0325065 0.45238 102.253 
0.451041 -0.0595143 -0.890517 -87.2583 -0.000202956 0.997767 -0.0667848 -11.2486 0.892503 0.0303034 0.450022 102.786 
0.45157 -0.0602633 -0.890198 -88.3856 0.00219198 0.997788 -0.0664349 -11.365 0.892233 0.0280487 0.450703 103.305 
0.450582 -0.0615816 -0.890609 -89.4217 0.00218255 0.997691 -0.0678816 -11.4593 0.892733 0.0286425 0.449676 103.815 
0.448583 -0.0627406 -0.891536 -90.4444 0.0026871 0.997623 -0.0688543 -11.5664 0.893737 0.0284913 0.447685 104.333 
0.450227 -0.06312 -0.89068 -91.4685 0.00167177 0.997556 -0.0698489 -11.6712 0.892912 0.0299589 0.449233 104.842 
0.453875 -0.062376 -0.888879 -92.4744 -0.00143688 0.997494 -0.0707317 -11.7734 0.891064 0.0333806 0.452648 105.339 
0.457529 -0.0628938 -0.886968 -93.4636 -0.00298808 0.997381 -0.0722644 -11.8824 0.88919 0.0357134 0.456142 105.842 
0.463172 -0.0630683 -0.884022 -94.4931 -0.00359252 0.997323 -0.0730338 -11.9797 0.886261 0.0370031 0.461705 106.364 
0.468816 -0.062014 -0.881116 -95.4172 -0.00391855 0.997377 -0.0722815 -12.0744 0.883287 0.0373394 0.467343 106.853 
0.475782 -0.0598852 -0.877522 -96.4091 -0.00617795 0.997427 -0.0714176 -12.1775 0.879542 0.0394005 0.474188 107.369 
0.484744 -0.0578838 -0.872739 -97.385 -0.00835638 0.997456 -0.0707969 -12.2766 0.874616 0.0416114 0.483027 107.879 
0.4932 -0.0593323 -0.86789 -98.3417 -0.0062194 0.997405 -0.0717208 -12.3634 0.869894 0.0407705 0.491552 108.397 
0.501711 -0.0605868 -0.862911 -99.3047 -0.00632407 0.997261 -0.0736967 -12.4625 0.865012 0.0424316 0.499953 108.947 
0.512351 -0.0611328 -0.856597 -100.243 -0.00890462 0.997031 -0.0764813 -12.5595 0.85873 0.046813 0.510286 109.488 
0.522451 -0.0612652 -0.850466 -101.181 -0.0106606 0.996868 -0.0783606 -12.6739 0.852603 0.0500061 0.520162 110.053 
0.534313 -0.0585718 -0.843255 -102.089 -0.0144232 0.996819 -0.0783774 -12.7578 0.845163 0.0540406 0.531769 110.597 
0.546324 -0.0578759 -0.835572 -102.991 -0.0149727 0.996776 -0.0788314 -12.8448 0.83744 0.0555783 0.543696 111.165 
0.557133 -0.0556837 -0.828554 -103.89 -0.0142944 0.996958 -0.0766132 -12.9508 0.8303 0.0545275 0.554643 111.76 
0.567325 -0.0560277 -0.821586 -104.767 -0.0122793 0.996996 -0.076469 -13.0536 0.823402 0.0534713 0.564933 112.369 
0.578224 -0.0572189 -0.81387 -105.648 -0.0104495 0.996937 -0.0775134 -13.1496 0.815812 0.0533246 0.575854 112.963 
0.590115 -0.0566265 -0.805331 -106.53 -0.0122155 0.996797 -0.0790404 -13.2445 0.807227 0.0564805 0.587532 113.556 
0.600316 -0.0577669 -0.797674 -107.378 -0.010917 0.996703 -0.0803964 -13.3416 0.799688 0.0569715 0.597706 114.186 
0.611362 -0.0567513 -0.789314 -108.193 -0.010177 0.996779 -0.0795505 -13.461 0.791286 0.0566671 0.608815 114.783 
0.620976 -0.0553225 -0.781875 -108.999 -0.0106549 0.996818 -0.0789933 -13.5498 0.783757 0.0573838 0.618411 115.421 
0.630355 -0.0526678 -0.774519 -109.79 -0.0100826 0.997056 -0.0760064 -13.6453 0.776242 0.0557202 0.627968 116.06 
0.640018 -0.0506426 -0.766689 -110.556 -0.0114219 0.997088 -0.075396 -13.7424 0.768275 0.0570119 0.637576 116.685 
0.649914 -0.0490713 -0.758422 -111.329 -0.0134897 0.997011 -0.0760682 -13.842 0.759888 0.0596687 0.64731 117.316 
0.658657 -0.0492988 -0.750827 -112.087 -0.0144171 0.996841 -0.0780993 -13.9297 0.752305 0.0622655 0.655866 117.951 
0.668143 -0.0484981 -0.742451 -112.788 -0.0139973 0.996877 -0.077714 -14.0226 0.743901 0.0623164 0.665378 118.534 
0.676352 -0.0461954 -0.735129 -113.438 -0.014055 0.99704 -0.0755851 -14.1213 0.736445 0.0614545 0.673701 119.132 
0.685885 -0.0437936 -0.726391 -114.16 -0.0138254 0.997223 -0.0731764 -14.2265 0.727579 0.0602333 0.683375 119.763 
0.693782 -0.0432658 -0.718885 -114.842 -0.0131492 0.997266 -0.0727103 -14.3154 0.720065 0.0598979 0.691316 120.399 
0.70151 -0.0414209 -0.711455 -115.554 -0.0144294 0.997279 -0.0722893 -14.4031 0.712513 0.0609776 0.699004 121.07 
0.708825 -0.0410537 -0.704189 -116.243 -0.0145118 0.997245 -0.072746 -14.467 0.705236 0.0617832 0.706276 121.734 
0.716542 -0.0397042 -0.696413 -116.963 -0.013421 0.997409 -0.0706737 -14.5352 0.697415 0.0599873 0.714153 122.395 
0.72322 -0.0373576 -0.689606 -117.596 -0.0135543 0.997576 -0.068256 -14.6144 0.690484 0.0587113 0.720961 123.062 
0.730468 -0.0352234 -0.682038 -118.228 -0.0144857 0.997645 -0.0670372 -14.6954 0.682793 0.0588484 0.728238 123.693 
0.738409 -0.0333794 -0.673526 -118.874 -0.0152116 0.997696 -0.066122 -14.7807 0.674181 0.0590706 0.7362 124.37 
0.746513 -0.0294377 -0.66472 -119.477 -0.018878 0.997682 -0.0653841 -14.8475 0.665103 0.0613587 0.744226 125.008 
0.75477 -0.028248 -0.655381 -120.058 -0.0175894 0.997842 -0.0632654 -14.9103 0.655754 0.0592786 0.752644 125.681 
0.764204 -0.0241612 -0.644523 -120.644 -0.01947 0.997979 -0.0604966 -14.979 0.644681 0.0587806 0.762188 126.334 
0.774281 -0.0219915 -0.63246 -121.207 -0.0209429 0.997958 -0.0603396 -15.0541 0.632495 0.0599654 0.772239 126.996 
0.784429 -0.0203828 -0.619884 -121.758 -0.0226201 0.997855 -0.0614356 -15.1161 0.619806 0.0622138 0.782285 127.653 
0.794456 -0.0191388 -0.60702 -122.272 -0.0240519 0.997728 -0.0629361 -15.2069 0.606845 0.0645999 0.792191 128.297 
0.804833 -0.0188724 -0.593201 -122.855 -0.0233473 0.997714 -0.0634185 -15.2532 0.593042 0.064891 0.802553 128.973 
0.815295 -0.0173872 -0.578785 -123.354 -0.0228959 0.997799 -0.0622267 -15.3286 0.578593 0.063985 0.813103 129.602 
0.825669 -0.0154814 -0.563943 -123.845 -0.0226826 0.997904 -0.0606041 -15.3752 0.563699 0.0628307 0.823587 130.261 
0.834526 -0.0142046 -0.550786 -124.299 -0.0218602 0.998027 -0.0588604 -15.4469 0.550535 0.0611608 0.832568 130.927 
0.843856 -0.0117546 -0.536441 -124.767 -0.021733 0.998191 -0.0560601 -15.5076 0.536129 0.0589652 0.842074 131.63 
0.851279 -0.0111562 -0.524595 -125.197 -0.0204891 0.998305 -0.0544786 -15.5761 0.524313 0.057125 0.849607 132.338 
0.858235 -0.0109438 -0.513141 -125.669 -0.01935 0.998372 -0.0536556 -15.6351 0.512892 0.0559784 0.856626 133.11 
0.864709 -0.0100053 -0.502173 -126.105 -0.0188707 0.998449 -0.0523873 -15.7045 0.501918 0.0547762 0.863179 133.776 
0.871258 -0.0100312 -0.490722 -126.512 -0.0184541 0.998415 -0.0531738 -15.7463 0.490478 0.055384 0.869692 134.44 
0.878055 -0.00850521 -0.478485 -126.962 -0.0190184 0.998432 -0.0526477 -15.8012 0.478182 0.0553276 0.876516 135.159 
0.884258 -0.00723989 -0.466943 -127.368 -0.0195303 0.998432 -0.0524655 -15.8508 0.46659 0.0555127 0.88273 135.861 
0.889861 -0.00782761 -0.456165 -127.772 -0.0184289 0.99842 -0.0530826 -15.8923 0.455859 0.0556428 0.888311 136.662 
0.894718 -0.00922592 -0.446537 -128.179 -0.0170583 0.998351 -0.0548064 -15.9468 0.446306 0.0566534 0.893085 137.421 
0.898658 -0.00927372 -0.438551 -128.567 -0.0168906 0.998303 -0.0557218 -15.991 0.438324 0.0574823 0.896977 138.195 
0.902101 -0.00990657 -0.431411 -128.944 -0.0158531 0.998301 -0.0560739 -16.0272 0.431233 0.0574236 0.900411 138.956 
0.905283 -0.00768598 -0.42474 -129.34 -0.0161487 0.998491 -0.0524877 -16.0838 0.424502 0.0543753 0.903793 139.746 
0.907942 -0.00499411 -0.419067 -129.731 -0.017411 0.998616 -0.0496232 -16.1142 0.418735 0.0523514 0.906598 140.571 
0.910611 -0.00157935 -0.413262 -130.108 -0.0190782 0.998766 -0.0458553 -16.1911 0.412825 0.0496407 0.909457 141.39 
0.914126 0.00292406 -0.40542 -130.526 -0.0226983 0.998775 -0.0439757 -16.2568 0.404795 0.0494017 0.913072 142.199 
0.916762 0.00398064 -0.399415 -130.897 -0.022489 0.998879 -0.0416633 -16.3033 0.398801 0.0471778 0.915823 143.067 
0.919899 0.00475902 -0.392126 -131.263 -0.0216192 0.999021 -0.0385926 -16.3637 0.391558 0.0439788 0.919102 143.901 
0.923317 0.0057246 -0.383996 -131.623 -0.0214232 0.9991 -0.0366175 -16.4105 0.383441 0.042036 0.922608 144.717 
0.926644 0.00549907 -0.375901 -131.981 -0.020222 0.999175 -0.035233 -16.4816 0.375397 0.04025 0.92599 145.588 
0.92989 0.00371995 -0.36782 -132.35 -0.0181654 0.999193 -0.0358188 -16.5278 0.36739 0.0399892 0.929207 146.471 
0.933443 0.000721922 -0.358724 -132.714 -0.0147868 0.999226 -0.0364662 -16.5796 0.35842 0.0393435 0.932731 147.41 
0.937285 7.85523e-05 -0.348564 -133.069 -0.0139646 0.999206 -0.0373255 -16.6214 0.348284 0.0398522 0.936542 148.32 
0.941391 -0.00403762 -0.337294 -133.441 -0.0104091 0.999104 -0.041012 -16.6313 0.337157 0.0421193 0.940506 149.308 
0.946009 -0.00141564 -0.324137 -133.782 -0.0128787 0.999037 -0.0419504 -16.6819 0.323884 0.04386 0.94508 150.251 
0.9514 0.00169978 -0.307953 -134.124 -0.0151345 0.999035 -0.0412428 -16.7262 0.307585 0.0438992 0.950507 151.25 
0.957276 0.00288288 -0.28916 -134.45 -0.0151165 0.999082 -0.0400833 -16.7474 0.288779 0.0427419 0.956441 152.25 
0.96333 0.00715073 -0.268224 -134.777 -0.0179859 0.999117 -0.0379606 -16.7988 0.267716 0.0413929 0.962608 153.092 
0.968503 0.00813301 -0.248869 -135 -0.0180824 0.999125 -0.0377187 -16.8394 0.248344 0.0410308 0.967803 154.12 
0.973574 0.00972884 -0.228163 -135.197 -0.0185594 0.999158 -0.0365895 -16.8891 0.227615 0.0398572 0.972935 155.107 
0.97831 0.0105062 -0.206882 -135.425 -0.0179447 0.999257 -0.034112 -16.9336 0.20637 0.0370846 0.977771 156.08 
0.982768 0.0116342 -0.184475 -135.644 -0.0176563 0.999362 -0.0310357 -16.9721 0.183996 0.0337581 0.982347 157.138 
0.986844 0.0144001 -0.161033 -135.927 -0.0189893 0.999455 -0.0269957 -17.0058 0.160556 0.0296985 0.98658 158.374 
0.990207 0.0174556 -0.138513 -136.094 -0.0208857 0.999509 -0.0233495 -17.0655 0.138038 0.0260138 0.990085 159.444 
0.993067 0.0182776 -0.116117 -136.271 -0.0211738 0.999494 -0.0237578 -17.1104 0.115624 0.0260518 0.992951 160.623 
0.995386 0.0165005 -0.0945212 -136.388 -0.019018 0.999486 -0.0257959 -17.1614 0.094047 0.0274745 0.995189 161.722 
0.997115 0.0176369 -0.07383 -136.506 -0.0196843 0.999439 -0.0270967 -17.1999 0.0733106 0.0284719 0.996903 162.903 
0.998454 0.0159983 -0.0532333 -136.582 -0.0173778 0.999522 -0.0255537 -17.2319 0.052799 0.0264393 0.998255 163.954 
0.999341 0.0161408 -0.032508 -136.648 -0.0169338 0.999562 -0.0242686 -17.2611 0.032102 0.0248031 0.999177 165.163 
0.999759 0.016486 -0.014499 -136.522 -0.0168192 0.99959 -0.0231718 -17.3309 0.014111 0.0234101 0.999626 166.26 
0.999825 0.018103 0.00469074 -136.419 -0.0179934 0.999587 -0.0224299 -17.386 -0.00509489 0.0223416 0.999737 167.247 
0.999477 0.0197683 0.0255981 -136.379 -0.0192171 0.999582 -0.0215997 -17.4347 -0.0260145 0.0210965 0.999439 168.407 
0.99873 0.0212337 0.0456893 -136.359 -0.0202276 0.999545 -0.0223718 -17.4742 -0.0461436 0.0214193 0.998705 169.679 
0.997637 0.0211255 0.0653779 -136.311 -0.0196178 0.999529 -0.0236175 -17.507 -0.065846 0.0222792 0.997581 170.953 
0.996114 0.0197432 0.0858327 -136.283 -0.0177395 0.999554 -0.0240442 -17.6541 -0.0862692 0.0224282 0.996019 172.158 
0.99424 0.0225596 0.104775 -136.17 -0.0197664 0.999423 -0.0276209 -17.6723 -0.105338 0.0253908 0.994112 173.446 
0.992058 0.0236159 0.123544 -136.04 -0.0203461 0.99941 -0.0276619 -17.8313 -0.124124 0.0249286 0.991954 174.448 
0.989791 0.0222472 0.140783 -135.843 -0.0182609 0.999397 -0.0295437 -17.9152 -0.141355 0.0266713 0.9896 175.728 
0.986884 0.0235122 0.159708 -135.646 -0.0182269 0.999239 -0.0344782 -18.0002 -0.160397 0.031115 0.986562 176.949 
0.983792 0.024936 0.177571 -135.41 -0.0180033 0.999015 -0.0405464 -18.0901 -0.178407 0.0366924 0.983272 178.254 
0.980386 0.0267805 0.195259 -135.165 -0.0181581 0.998785 -0.045816 -18.1752 -0.196249 0.0413718 0.979681 179.576 
0.977033 0.0281392 0.21122 -134.863 -0.0180105 0.998601 -0.0497248 -18.2673 -0.212324 0.0447786 0.976173 180.727 
0.972914 0.0309531 0.229084 -134.549 -0.0194789 0.998448 -0.0521806 -18.3725 -0.230343 0.046305 0.972007 182.094 
0.968783 0.0300195 0.246085 -134.22 -0.0178064 0.998504 -0.0517056 -18.4741 -0.247269 0.0457097 0.967868 183.376 
0.96412 0.0305824 0.263699 -133.905 -0.0174108 0.998488 -0.052143 -18.57 -0.264895 0.0456809 0.963195 184.67 
0.959521 0.030339 0.279999 -133.537 -0.0148316 0.998245 -0.0573378 -18.6616 -0.281247 0.050864 0.958287 185.992 
0.954361 0.0322136 0.296912 -133.17 -0.0143539 0.997964 -0.0621365 -18.7425 -0.29831 0.0550388 0.952881 187.35 
0.949372 0.0331073 0.312405 -132.737 -0.0145773 0.998003 -0.0614645 -18.8574 -0.313816 0.0537986 0.947958 188.664 
0.943851 0.0353491 0.328475 -132.224 -0.0157634 0.997946 -0.0620995 -18.9627 -0.329995 0.0534348 0.942469 189.975 
0.937365 0.0392845 0.346126 -131.751 -0.0178714 0.997736 -0.0648418 -19.0578 -0.34789 0.0545948 0.935945 191.308 
0.930454 0.0390735 0.36432 -131.304 -0.0151705 0.997553 -0.0682433 -19.1667 -0.366095 0.0579704 0.92877 192.691 
0.923908 0.0390174 0.380619 -130.778 -0.0130651 0.997424 -0.0705322 -19.2718 -0.382391 0.0601925 0.922038 193.988 
0.916509 0.0398626 0.398024 -130.276 -0.0102724 0.99704 -0.076201 -19.3634 -0.399883 0.0657502 0.914205 195.325 
0.908368 0.0429158 0.415964 -129.66 -0.00981582 0.996634 -0.0813891 -19.4996 -0.418056 0.0698483 0.905732 196.7 
0.898059 0.0471757 0.437339 -129.078 -0.0109352 0.996319 -0.0850179 -19.6415 -0.43974 0.0715687 0.895269 198.041 
0.886119 0.0503654 0.460713 -128.422 -0.012037 0.996243 -0.0857584 -19.7854 -0.463301 0.0704466 0.883396 199.399 
0.872533 0.0551096 0.485437 -127.722 -0.0138632 0.99601 -0.0881548 -19.9242 -0.488359 0.0701883 0.869816 200.821 
0.858055 0.0580457 0.510267 -127.076 -0.01389 0.995852 -0.0899263 -20.1074 -0.513371 0.0700741 0.855301 202.064 
0.842783 0.0631054 0.534541 -126.274 -0.0154426 0.99553 -0.0931798 -20.2526 -0.538032 0.0702756 0.83999 203.519 
0.827543 0.0648084 0.557648 -125.458 -0.0139095 0.995376 -0.0950383 -20.4071 -0.561229 0.0708917 0.824619 204.809 
0.811901 0.0666135 0.579982 -124.568 -0.0127847 0.995259 -0.0964129 -20.5956 -0.583655 0.0708628 0.808904 206.228 
0.794933 0.0688668 0.602776 -123.618 -0.00992364 0.99488 -0.100577 -20.7599 -0.606616 0.0739705 0.791547 207.621 
0.778925 0.0712263 0.623059 -122.402 -0.00627719 0.994365 -0.105825 -20.9459 -0.627085 0.078519 0.774983 209.073 
0.763332 0.0740505 0.641748 -121.416 -0.005134 0.994073 -0.108598 -21.1085 -0.645986 0.0796017 0.759188 210.261 
0.74674 0.0738296 0.661005 -120.427 -0.000528754 0.993886 -0.110413 -21.3209 -0.665116 0.0821 0.742213 211.463 
0.731486 0.0735763 0.677875 -119.402 0.00258102 0.993855 -0.110658 -21.5336 -0.681852 0.0826942 0.726801 212.564 
0.715722 0.0728836 0.694572 -118.34 0.00606756 0.993853 -0.11054 -21.788 -0.698359 0.0833306 0.71088 213.752 
0.700146 0.0732305 0.710235 -117.207 0.010025 0.99362 -0.112332 -21.9967 -0.71393 0.0857691 0.694945 214.951 
0.683528 0.0738516 0.726179 -116.073 0.013328 0.99344 -0.113577 -22.2854 -0.729803 0.0873115 0.67806 216.22 
0.667163 0.0758321 0.741042 -115.144 0.01669 0.993033 -0.116645 -22.4815 -0.744725 0.0901892 0.66125 217.187 
0.651356 0.0783612 0.754715 -113.953 0.0171342 0.99288 -0.117877 -22.6965 -0.758579 0.0897116 0.645376 218.258 
0.635434 0.0796856 0.768033 -112.713 0.0180864 0.992852 -0.117975 -22.8977 -0.771944 0.0888564 0.62945 219.346 
0.618232 0.0798662 0.781928 -111.518 0.0189799 0.993017 -0.116433 -23.1304 -0.785767 0.0868238 0.612399 220.355 
0.600856 0.082146 0.795125 -110.268 0.0156647 0.993305 -0.114458 -23.2974 -0.799204 0.081228 0.595546 221.332 
0.582923 0.0820282 0.808376 -109.193 0.0141114 0.993719 -0.111011 -23.5094 -0.812405 0.0761183 0.578104 222.179 
0.565742 0.0846146 0.820229 -108.019 0.0109424 0.993863 -0.110074 -23.6913 -0.82451 0.0712487 0.561344 223.001 
0.545588 0.0865334 0.833574 -106.71 0.0116747 0.993774 -0.110805 -23.9748 -0.837972 0.0701855 0.54118 224.022 
0.526786 0.0897911 0.845242 -105.476 0.0101354 0.993671 -0.111876 -24.173 -0.849937 0.0675014 0.522542 224.867 
0.507374 0.0890959 0.857108 -104.225 0.010302 0.993942 -0.109418 -24.4015 -0.861665 0.0643458 0.503382 225.646 
0.486142 0.088822 0.869354 -102.962 0.0100854 0.994185 -0.107216 -24.5846 -0.873822 0.0608897 0.482419 226.4 
0.465651 0.0847602 0.8809 -101.737 0.0128269 0.994652 -0.102486 -24.8022 -0.884876 0.0590218 0.462073 227.096 
0.444158 0.0834669 0.892052 -100.458 0.0143568 0.99486 -0.100235 -24.9665 -0.895833 0.0573271 0.440677 227.78 
0.423242 0.0814127 0.902352 -99.1673 0.0169339 0.99507 -0.0977206 -25.1485 -0.905858 0.0566398 0.419777 228.413 
0.401993 0.0797131 0.912166 -97.8886 0.0200063 0.995201 -0.0957862 -25.3472 -0.915424 0.0567544 0.398469 229.012 
0.383336 0.0783627 0.920279 -96.7058 0.025497 0.995117 -0.0953558 -25.4878 -0.923257 0.0600177 0.379466 229.46 
0.361424 0.0785274 0.929089 -95.4528 0.0282315 0.995069 -0.0950863 -25.6516 -0.931974 0.0605961 0.357425 230.009 
0.341391 0.0785575 0.936633 -94.0281 0.0318261 0.994964 -0.09505 -25.8076 -0.939383 0.0622586 0.337171 230.534 
0.320996 0.0766024 0.943978 -92.6891 0.0337846 0.995163 -0.0922443 -25.989 -0.946478 0.061502 0.316856 230.996 
0.299568 0.0766087 0.950994 -91.262 0.0331081 0.995336 -0.0906099 -26.1625 -0.9535 0.0586295 0.295635 231.476 
0.279021 0.0816305 0.956809 -89.9207 0.0328564 0.994986 -0.0944689 -26.3267 -0.959723 0.0577961 0.27494 231.93 
0.258533 0.0908271 0.961723 -88.6087 0.0320078 0.994218 -0.1025 -26.4811 -0.965472 0.0572823 0.254131 232.339 
0.239818 0.0977958 0.96588 -87.384 0.0298725 0.993699 -0.10803 -26.6707 -0.970358 0.0547607 0.235386 232.662 
0.220718 0.101631 0.970028 -86.1251 0.0270193 0.993537 -0.110242 -26.8381 -0.974963 0.0505419 0.216546 232.955 
0.19918 0.102909 0.974545 -84.7668 0.0245299 0.993636 -0.109938 -27.0236 -0.979656 0.045803 0.195388 233.335 
0.178954 0.103023 0.978449 -83.429 0.0218646 0.99384 -0.108642 -27.1867 -0.983614 0.0408354 0.1756 233.618 
0.159546 0.103538 0.981746 -82.177 0.0193077 0.993967 -0.107964 -27.3512 -0.987002 0.0361805 0.156584 233.843 
0.139922 0.101808 0.984915 -80.9261 0.0190977 0.994238 -0.105484 -27.5185 -0.989978 0.0335692 0.137172 234.061 
0.120466 0.103502 0.987307 -79.671 0.0177784 0.994166 -0.10639 -27.6601 -0.992558 0.0303691 0.117923 234.257 
0.102796 0.103982 0.989253 -78.4212 0.0181724 0.994159 -0.106386 -27.814 -0.994537 0.0289131 0.100305 234.401 
0.0824336 0.106821 0.990855 -77.1984 0.0125087 0.99405 -0.108206 -27.9874 -0.996518 0.0213141 0.0806069 234.56 
0.0622778 0.108841 0.992106 -75.925 0.0114383 0.993893 -0.109755 -28.1464 -0.997993 0.0181833 0.0606525 234.712 
0.0451886 0.105522 0.99339 -74.7163 0.0101099 0.994306 -0.10608 -28.301 -0.998927 0.0148367 0.0438645 234.795 
0.0306539 0.101141 0.9944 -73.4994 0.0136051 0.994733 -0.101595 -28.4494 -0.999438 0.0166431 0.0291164 234.838 
0.0172241 0.096328 0.995201 -72.3663 0.0154573 0.995204 -0.0965958 -28.6107 -0.999732 0.0170469 0.0156525 234.87 
0.00443416 0.0928431 0.995671 -71.2102 0.0183766 0.995505 -0.0929094 -28.7556 -0.999821 0.018709 0.00270808 234.895 
-0.00706866 0.0927177 0.995667 -70.1014 0.0192267 0.995521 -0.0925676 -28.893 -0.99979 0.018489 -0.00881966 234.941 
-0.0171932 0.0966784 0.995167 -68.9509 0.0183484 0.995177 -0.0963623 -28.9917 -0.999684 0.016603 -0.0188842 234.996 
-0.0239666 0.0988437 0.994814 -67.8287 0.0164163 0.995005 -0.0984671 -29.1062 -0.999578 0.0139713 -0.0254696 234.989 
-0.0306235 0.103137 0.994196 -66.7215 0.0151121 0.994596 -0.102713 -29.2383 -0.999417 0.0118789 -0.0320167 234.99 
-0.0360662 0.113612 0.99287 -65.5818 0.0148239 0.993468 -0.113141 -29.3403 -0.999239 0.0106376 -0.0375148 234.965 
-0.0413842 0.115619 0.992431 -64.4897 0.0136105 0.993255 -0.115147 -29.4893 -0.999051 0.0087422 -0.0426787 234.961 
-0.0448969 0.107243 0.993219 -63.3869 0.0141593 0.99419 -0.106708 -29.6365 -0.998891 0.00927246 -0.0461545 234.919 
-0.0479704 0.0977637 0.994053 -62.3005 0.015635 0.99515 -0.0971171 -29.7633 -0.998726 0.0108832 -0.0492662 234.903 
-0.049651 0.0945217 0.994284 -61.2221 0.0156608 0.995463 -0.0938517 -29.8815 -0.998644 0.0109115 -0.0509061 234.872 
-0.0500001 0.0963116 0.994095 -60.1628 0.014375 0.995306 -0.0957059 -30.0074 -0.998646 0.00950485 -0.0511499 234.848 
-0.0504283 0.100111 0.993698 -59.1056 0.0140418 0.994936 -0.0995233 -30.1212 -0.998629 0.00893452 -0.0515786 234.821 
-0.0493585 0.102338 0.993524 -58.0361 0.0114764 0.994729 -0.101892 -30.25 -0.998715 0.00637283 -0.0502728 234.794 
-0.0470546 0.104467 0.993415 -57.0028 0.00909441 0.99452 -0.104152 -30.362 -0.998851 0.00413366 -0.0477468 234.766 
-0.0446678 0.106028 0.993359 -55.9729 0.00800718 0.994358 -0.105774 -30.4799 -0.99897 0.0032293 -0.0452647 234.746 
-0.0414905 0.107089 0.993383 -54.944 0.0053345 0.994249 -0.10696 -30.601 -0.999125 0.000861383 -0.0418232 234.74 
-0.0371671 0.108364 0.993416 -53.9281 0.00374687 0.994111 -0.108299 -30.7205 -0.999302 -0.000302969 -0.0373543 234.723 
-0.0318298 0.107901 0.993652 -52.9387 0.00267724 0.994161 -0.10787 -30.829 -0.99949 -0.000773245 -0.0319329 234.726 
-0.0262139 0.105541 0.994069 -51.9394 0.0045323 0.994414 -0.105458 -30.9702 -0.999646 0.00174096 -0.0265458 234.741 
-0.0188129 0.105717 0.994218 -50.9475 0.0066595 0.994386 -0.105608 -31.0868 -0.999801 0.0046342 -0.0194113 234.75 
-0.0131113 0.107039 0.994168 -49.8982 0.00757793 0.994236 -0.106947 -31.1942 -0.999885 0.00613153 -0.0138468 234.807 
-0.00689687 0.106874 0.994249 -48.8889 0.00749145 0.99425 -0.106823 -31.3205 -0.999948 0.00671162 -0.00765785 234.825 
-8.58788e-05 0.105471 0.994422 -47.8974 0.00783818 0.994392 -0.105467 -31.4413 -0.999969 0.0077854 -0.0009121 234.842 
0.00673098 0.10355 0.994602 -46.9003 0.00665453 0.994597 -0.103594 -31.5539 -0.999955 0.00731589 0.00600553 234.862 
0.0112804 0.101818 0.994739 -45.8966 0.00667704 0.994773 -0.101897 -31.686 -0.999914 0.00779136 0.0105416 234.92 
0.0161267 0.102004 0.994653 -44.9331 0.00667902 0.994749 -0.102122 -31.8131 -0.999848 0.0082902 0.0153607 234.978 
0.0217326 0.105212 0.994212 -43.9108 0.00769183 0.9944 -0.1054 -31.9176 -0.999734 0.00993793 0.0208017 235.079 
0.0265002 0.106102 0.994002 -42.9562 0.00852558 0.994291 -0.10636 -32.0474 -0.999612 0.011293 0.0254443 235.146 
0.0331467 0.108079 0.99359 -41.9987 0.0070917 0.994085 -0.108369 -32.1529 -0.999425 0.0106383 0.0321842 235.189 
0.0390483 0.108837 0.993292 -41.0489 0.00591799 0.994008 -0.109148 -32.2741 -0.99922 0.0101403 0.0381702 235.255 
0.0452105 0.108042 0.993118 -40.0903 0.00558951 0.994091 -0.108403 -32.3963 -0.998962 0.010452 0.0443395 235.334 
0.0512497 0.105549 0.993093 -39.1267 0.00555376 0.994354 -0.10597 -32.5167 -0.99867 0.0109463 0.0503741 235.414 
0.0584414 0.105209 0.992731 -38.1304 0.00454481 0.994393 -0.105653 -32.6118 -0.998281 0.0106863 0.0576356 235.472 
0.0634638 0.104557 0.992492 -37.1655 0.00370349 0.994465 -0.105001 -32.7227 -0.997977 0.0103395 0.0627253 235.581 
0.0706496 0.104997 0.99196 -36.2057 0.00501522 0.994395 -0.105612 -32.8439 -0.997489 0.0124363 0.069727 235.677 
0.0772641 0.105911 0.991369 -35.2955 0.00621765 0.994271 -0.106706 -32.9393 -0.996991 0.0144085 0.0761629 235.775 
0.0836464 0.107441 0.990687 -34.3981 0.00631177 0.994094 -0.108343 -33.0638 -0.996476 0.0153155 0.0824742 235.91 
0.0925703 0.110717 0.989531 -33.433 0.0035039 0.993756 -0.111518 -33.1865 -0.9957 0.0137904 0.0916043 236.026 
