1 2.12261e-08 -2.11895e-08 0 2.12261e-08 1 2.10703e-08 0 -2.11895e-08 2.10703e-08 1 0 
0.999887 0.000401064 0.0150419 0.0262355 -0.000392119 1 -0.000594795 -0.0123905 -0.0150421 0.000588871 0.999887 0.10586 
0.999321 0.00351695 0.0366727 0.0362024 -0.00351282 0.999994 -0.000175897 -0.0150223 -0.0366732 4.69939e-05 0.999327 0.246204 
0.997895 0.00546358 0.0646245 0.0589797 -0.00555025 0.999984 0.00116245 -0.0175454 -0.0646172 -0.00151864 0.997909 0.35823 
0.995076 0.00530449 0.0989762 0.10189 -0.00570299 0.999977 0.00374413 -0.0123322 -0.0989541 -0.00429011 0.995083 0.531003 
0.990608 0.0015928 0.13672 0.166624 -0.00236024 0.999982 0.00545166 -0.00649005 -0.136709 -0.00572311 0.990595 0.689585 
0.984295 -0.00160065 0.176526 0.231567 0.000575474 0.999983 0.00585881 -0.0127849 -0.176532 -0.00566517 0.984279 0.878669 
0.975237 -0.00105159 0.221161 0.293317 -0.000249937 0.999983 0.00585713 0.000612689 -0.221163 -0.00576732 0.97522 1.08996 
0.96321 -4.57817e-05 0.26875 0.392527 -0.00214597 0.999967 0.00786176 0.0250117 -0.268741 -0.00814922 0.963178 1.2635 
0.948403 -0.00469255 0.317032 0.480539 -1.1743e-05 0.99989 0.0148351 0.0223934 -0.317067 -0.0140734 0.948299 1.44967 
0.931369 -0.0154284 0.363751 0.621422 0.00745832 0.999701 0.0233055 -0.0115023 -0.364001 -0.0189931 0.931205 1.63323 
0.9098 -0.0212791 0.414502 0.732563 0.0106967 0.999555 0.0278353 -0.027288 -0.41491 -0.0208907 0.909623 1.79782 
0.884573 -0.0226259 0.465853 0.898157 0.00897072 0.999463 0.0315089 -0.0172059 -0.466316 -0.0236929 0.884301 2.00046 
0.855722 -0.0249512 0.516834 1.03091 0.00680335 0.999293 0.0369786 -0.0392 -0.517391 -0.0281272 0.855287 2.17561 
0.822799 -0.0297079 0.567556 1.18007 0.0080774 0.999143 0.0405889 -0.0333788 -0.568275 -0.0288121 0.822334 2.35415 
0.786264 -0.035832 0.616851 1.4157 0.0107919 0.998961 0.0442725 -0.0323252 -0.617797 -0.0281528 0.785834 2.55777 
0.747739 -0.0390077 0.662846 1.59793 0.0106886 0.998851 0.0467238 -0.016339 -0.663907 -0.0278524 0.747297 2.71501 
0.707736 -0.041996 0.705227 1.83599 0.0115647 0.998787 0.0478715 -0.0129539 -0.706382 -0.0257246 0.707363 2.89038 
0.664899 -0.0444853 0.745608 2.06334 0.010849 0.998695 0.0499108 -0.0332511 -0.746855 -0.0250965 0.664513 3.06912 
0.621132 -0.0440471 0.782467 2.31519 0.00551372 0.99864 0.0518393 -0.0176107 -0.783686 -0.0278848 0.620531 3.26872 
0.578062 -0.0455935 0.814718 2.64871 0.00237416 0.998528 0.0541955 -0.0299116 -0.815989 -0.029394 0.577319 3.5017 
0.537242 -0.0470633 0.842114 2.99742 0.00108498 0.99848 0.05511 -0.0106612 -0.843428 -0.0286937 0.536476 3.69648 
0.497689 -0.0491507 0.865962 3.35409 -0.000945546 0.998362 0.057209 0.00299017 -0.867355 -0.0292911 0.496827 3.88618 
0.459875 -0.0497717 0.886588 3.72551 -0.00385746 0.998307 0.0580443 -0.00412852 -0.887975 -0.0301131 0.458904 4.05877 
0.422159 -0.0486197 0.905217 4.18305 -0.00462959 0.998432 0.0557854 0.0261418 -0.90651 -0.0277411 0.421272 4.27422 
0.388777 -0.0464722 0.920159 4.63743 -0.0039576 0.998634 0.0521077 0.0607563 -0.921324 -0.0238999 0.388062 4.44174 
0.358498 -0.0441369 0.932487 5.15174 -0.000444236 0.998874 0.04745 0.10248 -0.933531 -0.017425 0.358074 4.6284 
0.332453 -0.0418872 0.942189 5.67476 0.000469636 0.999021 0.0442481 0.131908 -0.94312 -0.0142679 0.332147 4.81794 
0.311356 -0.0409519 0.949411 6.20349 0.00119753 0.999087 0.0427019 0.163889 -0.950293 -0.0121585 0.311121 5.01758 
0.297095 -0.0415162 0.953945 6.83862 0.00139106 0.999072 0.043047 0.187471 -0.954847 -0.011462 0.296877 5.18187 
0.285223 -0.0416904 0.957554 7.44578 0.00157837 0.999073 0.0430279 0.239274 -0.95846 -0.0107612 0.285025 5.36888 
0.274893 -0.0417898 0.960566 8.07481 0.00172746 0.999075 0.0429709 0.296256 -0.961473 -0.010153 0.274711 5.55232 
0.263812 -0.0434234 0.963596 8.75368 -2.34071e-05 0.998986 0.0450247 0.319591 -0.964574 -0.0119006 0.263543 5.75329 
0.254138 -0.0454275 0.966101 9.43824 0.00098124 0.998908 0.046712 0.337442 -0.967168 -0.0109233 0.253905 5.93249 
0.243504 -0.048543 0.968684 10.162 -0.000493996 0.99874 0.0501734 0.339031 -0.9699 -0.012696 0.243174 6.1401 
0.233348 -0.0492581 0.971145 10.8744 -0.00137702 0.998698 0.0509865 0.393553 -0.972392 -0.0132349 0.232977 6.33131 
0.22224 -0.0514694 0.973633 11.6063 -0.00072398 0.998597 0.0529544 0.40696 -0.974992 -0.0124734 0.22189 6.52102 
0.212491 -0.0542776 0.975654 12.3867 -0.00101523 0.998443 0.0557666 0.443666 -0.977162 -0.0128404 0.212105 6.69503 
0.201805 -0.0565136 0.977794 13.1817 -0.00261341 0.998299 0.0582382 0.499493 -0.979422 -0.0143081 0.201314 6.85048 
0.189082 -0.0604915 0.980096 13.9669 -0.0027238 0.998065 0.062126 0.529986 -0.981958 -0.0144165 0.188551 7.01973 
0.176675 -0.0626284 0.982275 14.7631 -0.00197375 0.997949 0.0639828 0.570853 -0.984267 -0.013243 0.17619 7.1666 
0.16192 -0.0632087 0.984778 15.5763 -0.00372251 0.9979 0.0646631 0.614686 -0.986797 -0.0141361 0.161344 7.31401 
0.147482 -0.0612117 0.987169 16.3364 -0.00473303 0.998028 0.0625922 0.657041 -0.989053 -0.0139035 0.146902 7.4497 
0.130186 -0.0598783 0.98968 17.152 -0.00423964 0.998132 0.0609474 0.693677 -0.991481 -0.0121304 0.129689 7.57505 
0.109908 -0.0581743 0.992238 17.9869 -0.0065028 0.998222 0.0592455 0.720669 -0.993921 -0.0129639 0.109334 7.67427 
0.084211 -0.0561307 0.994866 18.8103 -0.0104896 0.998307 0.0572128 0.765784 -0.996393 -0.0152537 0.0834797 7.75738 
0.0529714 -0.0560449 0.997022 19.6322 -0.0145337 0.998275 0.0568876 0.785969 -0.99849 -0.0175039 0.0520655 7.8288 
0.020824 -0.0562334 0.998201 20.4706 -0.0166722 0.998259 0.0565845 0.817308 -0.999644 -0.0178205 0.0198502 7.83778 
-0.0138044 -0.0551277 0.998384 21.3124 -0.0179462 0.998332 0.0548768 0.850516 -0.999744 -0.0171596 -0.0147707 7.82798 
-0.0474703 -0.0542194 0.9974 22.1337 -0.0195224 0.998385 0.0533438 0.864633 -0.998682 -0.0169394 -0.0484521 7.79584 
-0.0812203 -0.0525241 0.995311 22.9645 -0.0214624 0.998471 0.0509395 0.890231 -0.996465 -0.0172245 -0.0822234 7.7424 
-0.11387 -0.0494434 0.992265 23.8056 -0.0227703 0.998628 0.0471475 0.91633 -0.993235 -0.0172255 -0.11484 7.66152 
-0.146679 -0.0441533 0.988198 24.6525 -0.0213089 0.998913 0.0414692 0.948449 -0.988955 -0.0149748 -0.14746 7.5431 
-0.177911 -0.0385369 0.983292 25.4751 -0.0164234 0.99921 0.0361893 0.959378 -0.98391 -0.00971047 -0.178404 7.38962 
-0.208925 -0.033902 0.977344 26.2791 -0.0125095 0.99941 0.0319934 0.95117 -0.977852 -0.00554183 -0.209226 7.21269 
-0.238075 -0.0281354 0.970839 27.1075 -0.00537998 0.999603 0.0276497 0.953768 -0.971232 0.00135961 -0.238132 7.00982 
-0.264928 -0.0215455 0.964027 27.9228 0.0040187 0.999717 0.0234475 0.958415 -0.96426 0.010086 -0.264767 6.76609 
-0.291537 -0.0111294 0.956495 28.7399 0.0100897 0.999841 0.0147092 0.946987 -0.956506 0.013939 -0.291379 6.53436 
-0.316548 0.004402 0.948566 29.4994 0.0155353 0.999879 0.000544225 0.930258 -0.948449 0.0149085 -0.316579 6.27932 
-0.341967 0.0214084 0.939468 30.2561 0.0143633 0.999743 -0.0175537 0.929048 -0.939602 0.00749103 -0.342187 6.02054 
-0.367101 0.0364385 0.929467 31.0099 0.0159818 0.999332 -0.0328653 0.889343 -0.930044 0.00278963 -0.367439 5.72625 
-0.390326 0.0468715 0.919483 31.7474 0.0208254 0.998897 -0.0420792 0.848684 -0.920441 0.00272401 -0.390871 5.41052 
-0.414113 0.0515103 0.908767 32.4717 0.0240945 0.998668 -0.0456265 0.806822 -0.909906 0.0030017 -0.414803 5.09939 
-0.43613 0.0508655 0.898445 33.2104 0.0269909 0.998691 -0.0434388 0.763624 -0.899479 0.00530483 -0.436933 4.74117 
-0.45619 0.0467079 0.888656 33.9593 0.0318054 0.998839 -0.0361719 0.687465 -0.889314 0.0117628 -0.457146 4.35509 
-0.475521 0.0451951 0.878543 34.6452 0.0385473 0.998791 -0.0305169 0.658169 -0.878859 0.019354 -0.476688 4.03742 
-0.489034 0.0454168 0.871082 35.3651 0.0390983 0.998781 -0.0301247 0.619692 -0.871388 0.0193258 -0.490213 3.62909 
-0.500642 0.0489922 0.864267 36.055 0.0423272 0.998588 -0.0320876 0.574372 -0.864619 0.0205176 -0.502009 3.24517 
-0.509587 0.0519886 0.858847 36.72 0.0442827 0.998435 -0.0341636 0.523893 -0.859279 0.0206227 -0.511092 2.8646 
-0.520293 0.0516451 0.852425 37.38 0.0389383 0.998566 -0.0367325 0.481725 -0.8531 0.0140803 -0.521558 2.47668 
-0.530974 0.0494858 0.845942 38.1176 0.0385539 0.99867 -0.0342209 0.407153 -0.846511 0.014444 -0.532176 2.01988 
-0.540312 0.0518763 0.839864 38.7639 0.0413921 0.998528 -0.0350476 0.406222 -0.840446 0.0158271 -0.541664 1.65516 
-0.548003 0.054233 0.834717 39.3851 0.0439656 0.998384 -0.0360028 0.364469 -0.83532 0.0169692 -0.549501 1.29223 
-0.552314 0.0563894 0.831727 40.0836 0.043486 0.9983 -0.0388055 0.3191 -0.832501 0.0147357 -0.553827 0.870657 
-0.551965 0.0590583 0.831773 40.7912 0.0436479 0.998168 -0.041908 0.279063 -0.832724 0.0131734 -0.553531 0.414179 
-0.549316 0.0598354 0.83347 41.4989 0.0473969 0.998058 -0.0404133 0.223187 -0.834269 0.0173041 -0.551085 -0.0102773 
-0.544337 0.0582903 0.836839 42.2098 0.0445172 0.998184 -0.0405718 0.184015 -0.837685 0.015169 -0.545944 -0.403547 
-0.539045 0.0571597 0.840335 42.9515 0.0410897 0.998291 -0.0415463 0.156451 -0.841274 0.0121338 -0.540472 -0.796722 
-0.532396 0.0566259 0.8446 43.7179 0.0405267 0.998321 -0.041386 0.0920947 -0.845525 0.0121951 -0.533797 -1.24272 
-0.526601 0.0553253 0.84831 44.4887 0.035736 0.998439 -0.0429328 0.0696683 -0.849361 0.00770672 -0.527756 -1.68182 
-0.522386 0.0530472 0.851058 45.2723 0.0318261 0.998581 -0.0427073 0.0201181 -0.852115 0.00477614 -0.523333 -2.1272 
-0.521746 0.0504389 0.851609 46.103 0.0258926 0.998727 -0.0432891 -0.019098 -0.852708 -0.00053552 -0.522387 -2.59024 
-0.523708 0.0465431 0.850625 46.7693 0.0202513 0.998904 -0.0421881 -0.0859288 -0.851657 -0.00486796 -0.524077 -2.93211 
-0.524808 0.0460442 0.849975 47.6124 0.0206397 0.998931 -0.0413696 -0.13355 -0.850971 -0.00416785 -0.525197 -3.43312 
-0.5283 0.0438123 0.847927 48.2794 0.0168378 0.999012 -0.0411281 -0.198927 -0.848891 -0.00745074 -0.528515 -3.74868 
-0.529352 0.0436263 0.84728 49.1626 0.0164389 0.999017 -0.0411688 -0.229597 -0.848243 -0.00786446 -0.529549 -4.21943 
-0.529881 0.0418279 0.84704 49.9896 0.0155006 0.999094 -0.0396398 -0.287534 -0.84793 -0.00787476 -0.530049 -4.71284 
-0.530688 0.0411158 0.846569 50.8162 0.0134832 0.999106 -0.0400719 -0.333284 -0.84746 -0.00985129 -0.530768 -5.21625 
-0.533002 0.0386703 0.84523 51.7437 0.00739102 0.99913 -0.0410506 -0.381929 -0.846081 -0.015633 -0.532824 -5.68879 
-0.533184 0.0370776 0.845187 52.6243 0.00204546 0.999093 -0.0425389 -0.417743 -0.845997 -0.0209523 -0.532776 -6.22536 
-0.533648 0.0364765 0.84492 53.4548 0.000406815 0.99908 -0.0428748 -0.46841 -0.845707 -0.0225364 -0.533172 -6.69047 
-0.533742 0.035562 0.844899 54.3343 -0.000238295 0.999109 -0.0422033 -0.533884 -0.845647 -0.022727 -0.533258 -7.16637 
-0.53297 0.0326955 0.845502 55.1438 -0.0016138 0.999212 -0.0396566 -0.591699 -0.846133 -0.0225003 -0.532497 -7.593 
-0.534622 0.0315426 0.844502 56.0362 -0.00194129 0.999255 -0.0385516 -0.665257 -0.845089 -0.02225 -0.534163 -7.94911 
-0.533174 0.0298914 0.845477 56.9005 -0.00144766 0.999342 -0.036244 -0.751114 -0.846004 -0.0205484 -0.53278 -8.44872 
-0.532896 0.0297659 0.845657 57.7542 -0.000583646 0.999368 -0.0355441 -0.826033 -0.846181 -0.0194349 -0.532542 -8.90062 
-0.532622 0.0309608 0.845787 58.6302 0.000247151 0.999336 -0.036426 -0.871177 -0.846353 -0.0191923 -0.532276 -9.40625 
-0.535974 0.0314119 0.84365 59.4735 -0.00110727 0.999281 -0.03791 -0.933114 -0.844234 -0.0212529 -0.535554 -9.82836 
-0.540315 0.0329408 0.840818 60.3211 -0.00163155 0.999191 -0.0401939 -1.00493 -0.841461 -0.0230892 -0.539824 -10.2929 
-0.545022 0.0332654 0.837762 61.2013 -0.00244103 0.999145 -0.0412615 -1.06585 -0.838418 -0.0245335 -0.544475 -10.8275 
-0.551116 0.0316518 0.833828 62.0557 -0.00201415 0.999227 -0.0392615 -1.13397 -0.834426 -0.0233171 -0.550627 -11.3523 
-0.557496 0.0299436 0.829639 62.8941 -0.00111504 0.999321 -0.0368171 -1.17185 -0.830179 -0.0214505 -0.557084 -11.8739 
-0.562894 0.0278603 0.826059 63.7392 -0.00268139 0.999365 -0.0355325 -1.23137 -0.826525 -0.022216 -0.562462 -12.4097 
-0.567796 0.0312452 0.822576 64.5712 -0.000730336 0.99926 -0.0384606 -1.28829 -0.823169 -0.0224385 -0.567353 -12.966 
-0.572929 0.0331551 0.818934 65.4014 0.000216173 0.999188 -0.0403014 -1.34901 -0.819605 -0.0229128 -0.57247 -13.5126 
-0.578485 0.0342475 0.814974 66.2597 -0.00215052 0.999051 -0.0435093 -1.39639 -0.81569 -0.0269221 -0.577862 -14.0613 
-0.581599 0.0345275 0.812743 67.0599 -0.00238806 0.999022 -0.04415 -1.45643 -0.813472 -0.0276184 -0.580947 -14.6215 
-0.5849 0.0340803 0.810389 67.8632 -0.00151846 0.999069 -0.043111 -1.51131 -0.811104 -0.0264462 -0.584304 -15.1737 
-0.588394 0.0281377 0.808085 68.6794 -0.000398232 0.999384 -0.0350887 -1.557 -0.808574 -0.0209678 -0.58802 -15.7208 
-0.590163 0.0196491 0.807045 69.4704 -0.00101241 0.999685 -0.0250796 -1.61794 -0.807283 -0.0156181 -0.589957 -16.2903 
-0.592 0.0178723 0.80574 70.2684 -0.000760794 0.999741 -0.0227344 -1.66496 -0.805938 -0.0140718 -0.591833 -16.8396 
-0.594445 0.0223253 0.803826 71.0491 -0.000747793 0.999599 -0.0283156 -1.70371 -0.804136 -0.0174332 -0.59419 -17.3576 
-0.596143 0.0284355 0.802374 71.8254 -0.00115034 0.999341 -0.0362705 -1.73564 -0.802877 -0.0225455 -0.595718 -17.9038 
-0.598493 0.0329211 0.800452 72.606 0.00315843 0.999245 -0.0387356 -1.76131 -0.801122 -0.0206548 -0.598144 -18.4181 
-0.598716 0.0346073 0.800214 73.3824 0.00636208 0.99924 -0.0384546 -1.8107 -0.800937 -0.0179324 -0.598481 -18.9773 
-0.598702 0.0310998 0.800368 74.1541 0.00605262 0.999393 -0.0343057 -1.87233 -0.800949 -0.0156946 -0.598527 -19.5186 
-0.598533 0.0265277 0.800659 74.9296 0.00528633 0.999561 -0.0291659 -1.93104 -0.80108 -0.0132243 -0.598411 -20.0664 
-0.598043 0.0198503 0.801219 75.7008 0.000799814 0.999708 -0.0241708 -1.96335 -0.801464 -0.0138144 -0.597884 -20.6043 
-0.597234 0.0145029 0.801936 76.4756 -0.00753411 0.999691 -0.0236902 -2.0042 -0.802032 -0.0201905 -0.59694 -21.1456 
-0.595125 0.00917636 0.803581 77.2538 -0.0144413 0.999651 -0.0221104 -2.04458 -0.803504 -0.0247632 -0.594785 -21.6962 
-0.593601 0.0100923 0.804696 78.0241 -0.0121443 0.999695 -0.0214964 -2.07526 -0.804668 -0.0225328 -0.593298 -22.2503 
-0.590901 0.0132111 0.806636 78.7855 -0.00840736 0.999711 -0.022532 -2.12385 -0.806701 -0.0200959 -0.590619 -22.7998 
-0.587713 0.0163538 0.808905 79.5498 -0.00846689 0.999617 -0.0263611 -2.14046 -0.809026 -0.0223417 -0.587349 -23.2773 
-0.580324 0.0183571 0.814179 80.3061 -0.00109965 0.999727 -0.0233243 -2.20649 -0.814385 -0.014431 -0.580146 -23.8001 
-0.574301 0.0230942 0.818318 81.0986 0.00736833 0.999707 -0.0230421 -2.24829 -0.818611 -0.00720346 -0.574303 -24.3084 
-0.562634 0.0216026 0.826424 81.8662 0.00472047 0.999726 -0.0229189 -2.28667 -0.826692 -0.00899386 -0.562582 -24.8385 
-0.554089 0.0212598 0.832186 82.6538 0.00154717 0.999698 -0.024509 -2.28859 -0.832456 -0.0122926 -0.553954 -25.2885 
-0.544197 0.0177013 0.838771 83.4213 -0.000599955 0.999769 -0.0214882 -2.31093 -0.838958 -0.0121971 -0.54406 -25.7429 
-0.533653 0.0161621 0.845549 84.1832 -0.00091303 0.999806 -0.0196868 -2.36534 -0.845703 -0.011278 -0.533535 -26.1983 
-0.522892 0.0158365 0.852252 84.9692 -0.000438465 0.999822 -0.0188476 -2.39705 -0.852399 -0.010229 -0.522792 -26.6417 
-0.51044 0.0167105 0.859751 85.7667 0.00203774 0.999832 -0.0182234 -2.43832 -0.859911 -0.00755 -0.510388 -27.1115 
-0.499364 0.0208114 0.866142 86.5476 0.00251022 0.999742 -0.0225743 -2.48506 -0.866389 -0.00909858 -0.499288 -27.5278 
-0.488401 0.0304874 0.872086 87.3513 0.0050434 0.999471 -0.0321162 -2.52533 -0.872605 -0.0112873 -0.488297 -27.9556 
-0.475968 0.0352312 0.878757 88.1581 0.00715319 0.999319 -0.0361904 -2.57474 -0.879433 -0.0109396 -0.475896 -28.3709 
-0.465035 0.0311747 0.884743 88.9858 0.00444482 0.999449 -0.0328801 -2.62058 -0.885281 -0.0113579 -0.464918 -28.7738 
-0.454429 0.0259386 0.890405 89.8193 0.00206916 0.999604 -0.0280637 -2.67798 -0.890781 -0.0109106 -0.454303 -29.1803 
-0.444069 0.0273091 0.895576 90.6399 0.00107424 0.999551 -0.0299469 -2.73468 -0.895992 -0.0123364 -0.443899 -29.569 
-0.436751 0.0300813 0.899079 91.4556 -0.00477965 0.999349 -0.0357579 -2.78597 -0.89957 -0.0199146 -0.436323 -29.9412 
-0.432481 0.0350766 0.90096 92.2646 -0.00826912 0.999047 -0.0428647 -2.83624 -0.901605 -0.0259883 -0.431779 -30.2949 
-0.430208 0.0362985 0.902 93.0626 -0.015031 0.998765 -0.0473615 -2.88201 -0.902605 -0.0339333 -0.429131 -30.6299 
-0.426512 0.0361487 0.903759 93.8878 -0.0170077 0.998704 -0.0479728 -2.93056 -0.904322 -0.0358318 -0.425344 -30.9955 
-0.421406 0.0366141 0.906133 94.7278 -0.0155056 0.998748 -0.0475674 -3.0092 -0.90674 -0.0340953 -0.42031 -31.3731 
-0.415953 0.0327024 0.908798 95.5376 -0.0184232 0.998845 -0.0443748 -3.06307 -0.9092 -0.0352008 -0.41487 -31.7137 
-0.411884 0.0291647 0.910769 96.3655 -0.0193474 0.998983 -0.0407391 -3.11724 -0.911031 -0.0344008 -0.410901 -32.0562 
-0.405915 0.0253696 0.913559 97.1796 -0.0226206 0.99903 -0.037794 -3.17489 -0.913631 -0.0360064 -0.404947 -32.3969 
-0.401615 0.0229129 0.915522 98.0158 -0.0315085 0.998749 -0.0388177 -3.22642 -0.915267 -0.0444365 -0.400391 -32.7157 
-0.39566 0.0227504 0.918115 98.8596 -0.0390162 0.998374 -0.0415531 -3.26977 -0.917568 -0.0522623 -0.394129 -33.04 
-0.39009 0.0272377 0.920374 99.6886 -0.0376951 0.998252 -0.045519 -3.32195 -0.920005 -0.0524501 -0.388381 -33.3545 
-0.38407 0.0308487 0.922788 100.536 -0.0378772 0.998074 -0.0491302 -3.36992 -0.922527 -0.0538222 -0.382162 -33.6737 
-0.378089 0.028939 0.925317 101.386 -0.0400157 0.998066 -0.0475647 -3.42007 -0.924904 -0.0550109 -0.376199 -33.9869 
-0.371652 0.0264416 0.927996 102.242 -0.0406711 0.998171 -0.0447294 -3.44697 -0.927481 -0.0543664 -0.369897 -34.298 
-0.364036 0.0240682 0.931074 103.092 -0.040808 0.998294 -0.0417612 -3.50747 -0.93049 -0.0531978 -0.362433 -34.6159 
-0.357967 0.0271913 0.933338 103.918 -0.0432804 0.998018 -0.0456752 -3.55358 -0.93273 -0.0567455 -0.356081 -34.9148 
-0.352098 0.0294522 0.9355 104.765 -0.0446533 0.997838 -0.0482211 -3.60838 -0.934898 -0.0587517 -0.350021 -35.2052 
-0.346813 0.0294299 0.937472 105.606 -0.0485912 0.997602 -0.0492935 -3.66198 -0.936675 -0.0626486 -0.344551 -35.4712 
-0.339885 0.0297393 0.939997 106.457 -0.047984 0.99765 -0.0489133 -3.70975 -0.939242 -0.0617297 -0.337659 -35.7478 
-0.331782 0.0296096 0.942891 107.295 -0.0447653 0.997887 -0.0470885 -3.76636 -0.942293 -0.057832 -0.329755 -36.0239 
-0.324496 0.0312849 0.94537 108.141 -0.0423432 0.997971 -0.0475598 -3.81902 -0.944939 -0.055463 -0.322513 -36.2991 
-0.317212 0.0319528 0.947816 108.911 -0.0402883 0.998076 -0.0471307 -3.8769 -0.947499 -0.0531363 -0.315314 -36.5656 
-0.311747 0.030381 0.949679 109.818 -0.0488308 0.997656 -0.0479453 -3.92526 -0.948909 -0.0613205 -0.309533 -36.7928 
-0.307 0.0278203 0.951303 110.703 -0.0556687 0.997336 -0.0471316 -3.98136 -0.95008 -0.0674272 -0.304633 -37.0183 
-0.302621 0.0276917 0.952709 111.562 -0.053503 0.997508 -0.0459887 -4.03972 -0.951608 -0.0648899 -0.300385 -37.2735 
-0.29847 0.0273877 0.954026 112.414 -0.0514405 0.997674 -0.044734 -4.10214 -0.953032 -0.0624274 -0.296367 -37.5135 
-0.293463 0.0288452 0.955535 113.266 -0.0508758 0.997657 -0.0457417 -4.15436 -0.954616 -0.0620372 -0.291308 -37.7541 
-0.287589 0.0287308 0.957323 114.138 -0.0458177 0.997993 -0.0437154 -4.19793 -0.956657 -0.0564344 -0.285696 -38.0034 
-0.282116 0.0284416 0.958959 114.991 -0.0389183 0.998398 -0.0410607 -4.24227 -0.958591 -0.0489049 -0.280557 -38.2559 
-0.278009 0.0274093 0.960187 115.86 -0.0369101 0.99855 -0.0391912 -4.29534 -0.959869 -0.0463362 -0.276595 -38.4708 
-0.27385 0.029985 0.961305 116.735 -0.0381507 0.998389 -0.0420098 -4.33419 -0.961016 -0.0481788 -0.272265 -38.7009 
-0.270157 0.031182 0.962311 117.581 -0.0408415 0.998205 -0.0438108 -4.38275 -0.96195 -0.051138 -0.268399 -38.9199 
-0.269049 0.0311547 0.962623 118.434 -0.0430259 0.99809 -0.0443281 -4.42941 -0.962165 -0.0533441 -0.267194 -39.1199 
-0.26633 0.0302716 0.963406 119.312 -0.0430728 0.998135 -0.0432701 -4.48519 -0.962919 -0.0530207 -0.264529 -39.3745 
-0.266254 0.0261984 0.963547 120.191 -0.0430034 0.998312 -0.0390266 -4.52874 -0.962943 -0.0518268 -0.264679 -39.5894 
-0.265607 0.020968 0.963853 121.056 -0.0465907 0.998316 -0.0345565 -4.56592 -0.962955 -0.0540851 -0.264183 -39.7991 
-0.26426 0.0176184 0.964291 121.923 -0.0440234 0.998571 -0.0303092 -4.65508 -0.963446 -0.0504609 -0.263107 -40.0219 
-0.262774 0.0224278 0.964597 122.767 -0.0449751 0.998358 -0.0354648 -4.69783 -0.963809 -0.052702 -0.261334 -40.2342 
-0.262876 0.0267949 0.964457 123.607 -0.0438084 0.998252 -0.0396743 -4.74163 -0.963834 -0.0526808 -0.261243 -40.4393 
-0.263217 0.0245985 0.964423 124.439 -0.049507 0.998013 -0.038967 -4.79012 -0.963466 -0.0580025 -0.261477 -40.6262 
-0.262392 0.0252092 0.964632 125.255 -0.0490758 0.998016 -0.0394309 -4.84168 -0.963713 -0.0576865 -0.260634 -40.825 
-0.261127 0.0268138 0.964932 126.097 -0.0442849 0.998229 -0.0397233 -4.883 -0.964288 -0.0531047 -0.259477 -41.0469 
-0.261297 0.0299337 0.964794 126.903 -0.0445951 0.998077 -0.0430441 -4.93705 -0.964228 -0.0542724 -0.25946 -41.2319 
-0.260868 0.0301388 0.964904 127.725 -0.0552461 0.997408 -0.0460901 -4.9948 -0.963793 -0.0653306 -0.258527 -41.4298 
-0.261422 0.0310548 0.964725 128.554 -0.0642273 0.996707 -0.0494887 -5.04188 -0.963085 -0.0748991 -0.258567 -41.6187 
-0.260736 0.0346021 0.96479 129.361 -0.0616754 0.996719 -0.0524151 -5.09567 -0.963438 -0.0731703 -0.257746 -41.8177 
-0.260211 0.0352862 0.964907 130.185 -0.0589214 0.996889 -0.0523453 -5.16125 -0.963752 -0.0704745 -0.257323 -42.0115 
-0.259637 0.0371499 0.964991 130.979 -0.0641144 0.996392 -0.0556091 -5.20473 -0.963576 -0.076308 -0.256319 -42.1887 
-0.257996 0.0372773 0.965427 131.749 -0.0622774 0.996536 -0.0551212 -5.24289 -0.964137 -0.0743453 -0.25478 -42.3737 
-0.256432 0.0349803 0.965929 132.521 -0.0574869 0.997024 -0.0513678 -5.29973 -0.964851 -0.0687006 -0.253658 -42.5363 
-0.25584 0.0319032 0.966193 133.373 -0.0475523 0.99783 -0.0455392 -5.36307 -0.965549 -0.0575954 -0.253768 -42.726 
-0.253299 0.0302385 0.966915 134.123 -0.0479858 0.997888 -0.0437777 -5.43643 -0.966197 -0.057487 -0.251313 -42.8792 
-0.249537 0.0352657 0.967723 134.867 -0.0474217 0.997693 -0.048586 -5.49783 -0.967203 -0.0580151 -0.247289 -43.0497 
-0.244634 0.0378614 0.968876 135.604 -0.0455825 0.997684 -0.0504963 -5.56225 -0.968544 -0.0565169 -0.242341 -43.1925 
-0.236151 0.0378178 0.97098 136.377 -0.0498238 0.997457 -0.0509666 -5.61226 -0.970438 -0.0604138 -0.233667 -43.3628 
-0.226874 0.0337504 0.973339 137.164 -0.0486098 0.997761 -0.0459275 -5.66867 -0.97271 -0.0577336 -0.224726 -43.5377 
-0.213816 0.0328638 0.976321 137.87 -0.0398417 0.998309 -0.0423293 -5.73573 -0.976061 -0.047949 -0.212145 -43.7202 
-0.200188 0.0363361 0.979084 138.655 -0.0377966 0.998282 -0.0447767 -5.77546 -0.979028 -0.0459698 -0.198471 -43.8654 
-0.187551 0.0381391 0.981514 139.424 -0.0390908 0.998165 -0.0462557 -5.8163 -0.981477 -0.0470435 -0.185716 -43.9834 
-0.175192 0.037526 0.983819 140.178 -0.0381071 0.998266 -0.0448629 -5.89547 -0.983797 -0.0453501 -0.173458 -44.0614 
-0.161144 0.0397358 0.986131 140.986 -0.0309379 0.998495 -0.0452896 -5.93034 -0.986446 -0.037807 -0.159672 -44.167 
-0.147589 0.046988 0.987932 141.751 -0.0334348 0.998063 -0.0524647 -5.97636 -0.988483 -0.0407745 -0.145732 -44.2602 
-0.133527 0.0552102 0.989506 142.495 -0.0414248 0.997264 -0.061233 -6.02231 -0.990179 -0.0491664 -0.130875 -44.3485 
-0.120504 0.0634779 0.990681 143.243 -0.0451082 0.996573 -0.0693422 -6.0775 -0.991688 -0.0530439 -0.117228 -44.4042 
-0.109022 0.0626738 0.992062 143.999 -0.0481482 0.996506 -0.0682458 -6.14428 -0.992873 -0.0552063 -0.105624 -44.4376 
-0.0977226 0.0599392 0.993407 144.741 -0.0502333 0.996615 -0.0650743 -6.19099 -0.993945 -0.0562613 -0.0943808 -44.485 
-0.0895371 0.0567915 0.994363 145.506 -0.057179 0.996433 -0.0620584 -6.25592 -0.994341 -0.0624132 -0.0859705 -44.498 
-0.0802131 0.0637797 0.994735 146.238 -0.0608845 0.995774 -0.0687559 -6.31882 -0.994917 -0.0660791 -0.0759909 -44.528 
-0.074034 0.070355 0.994771 146.995 -0.0637974 0.995131 -0.0751285 -6.38138 -0.995213 -0.0690259 -0.0691851 -44.5546 
-0.071096 0.0734643 0.99476 147.747 -0.0679552 0.99461 -0.0783099 -6.44091 -0.995152 -0.0731667 -0.0657205 -44.5896 
-0.0710603 0.0692999 0.995062 148.514 -0.0697124 0.994799 -0.07426 -6.50096 -0.995033 -0.0746451 -0.0658597 -44.6253 
-0.0717571 0.0640151 0.995366 149.267 -0.0688822 0.995238 -0.0689727 -6.5808 -0.995041 -0.0735122 -0.0670059 -44.666 
-0.0747002 0.0615737 0.995303 150.006 -0.0685224 0.995416 -0.0667234 -6.63569 -0.994849 -0.0731848 -0.0701386 -44.6986 
-0.0778655 0.0619781 0.995036 150.735 -0.0657003 0.995577 -0.0671531 -6.69496 -0.994797 -0.0706031 -0.0734491 -44.7395 
-0.0809746 0.0629363 0.994727 151.47 -0.0634744 0.995653 -0.0681619 -6.73552 -0.994693 -0.0686591 -0.0766278 -44.7933 
-0.0850635 0.0608304 0.994517 152.215 -0.066098 0.995591 -0.0665496 -6.80319 -0.994181 -0.0713965 -0.0806677 -44.8497 
-0.0902526 0.0618035 0.993999 152.954 -0.0757919 0.994752 -0.068732 -6.82724 -0.993031 -0.0815404 -0.0850947 -44.902 
-0.0967502 0.0614173 0.993412 153.668 -0.0790178 0.99447 -0.0691784 -6.87896 -0.992167 -0.0851902 -0.0913621 -44.9696 
-0.103382 0.0582215 0.992936 154.386 -0.0750858 0.99498 -0.066159 -6.94529 -0.991804 -0.0813951 -0.0984917 -45.012 
-0.108884 0.0576261 0.992383 155.115 -0.0766867 0.994856 -0.0661837 -7.01051 -0.991092 -0.083309 -0.103905 -45.0838 
-0.114569 0.0585931 0.991686 155.843 -0.0797753 0.994493 -0.0679753 -7.07519 -0.990207 -0.0868999 -0.109264 -45.1487 
-0.118768 0.0621198 0.990977 156.608 -0.0778275 0.994388 -0.0716612 -7.11174 -0.989867 -0.0856363 -0.113267 -45.2078 
-0.120293 0.0643691 0.990649 157.282 -0.0772263 0.994265 -0.0739815 -7.18192 -0.98973 -0.0854037 -0.114632 -45.3068 
-0.119706 0.0662284 0.990598 157.979 -0.0743365 0.994374 -0.0754638 -7.23783 -0.990023 -0.082671 -0.114109 -45.3991 
-0.119929 0.0647128 0.990671 158.688 -0.071992 0.994679 -0.0736898 -7.30402 -0.990169 -0.0801579 -0.114632 -45.4565 
-0.11645 0.0619661 0.991262 159.415 -0.0682594 0.995193 -0.0702307 -7.35371 -0.990848 -0.0758413 -0.11166 -45.5119 
-0.109155 0.0622343 0.992075 160.117 -0.0678751 0.995242 -0.069901 -7.41802 -0.991705 -0.0749672 -0.104412 -45.5695 
-0.0969647 0.0628832 0.993299 160.815 -0.0666121 0.995354 -0.0695158 -7.48034 -0.993056 -0.0729064 -0.0923254 -45.6396 
-0.0833247 0.0631981 0.994517 161.496 -0.0645564 0.995548 -0.0686725 -7.54251 -0.994429 -0.0699245 -0.078874 -45.6738 
-0.0695863 0.0604995 0.99574 162.184 -0.0639254 0.995837 -0.0649728 -7.59839 -0.995526 -0.0681742 -0.0654292 -45.6817 
-0.05327 0.0558703 0.997016 162.859 -0.0692912 0.99582 -0.0595054 -7.6485 -0.996173 -0.0722543 -0.049176 -45.6902 
-0.0378081 0.0489099 0.998087 163.541 -0.0729732 0.996 -0.0515719 -7.69346 -0.996617 -0.0747834 -0.0340877 -45.6852 
-0.0210385 0.0414325 0.99892 164.228 -0.0733427 0.996385 -0.042872 -7.73348 -0.997085 -0.0741654 -0.0179237 -45.6773 
-0.00305519 0.0340527 0.999415 164.901 -0.0737322 0.996692 -0.0341853 -7.76891 -0.997273 -0.0737935 -0.000534306 -45.656 
0.0133698 0.0282935 0.99951 165.573 -0.0765472 0.996695 -0.0271899 -7.80394 -0.996976 -0.0761462 0.0154914 -45.6148 
0.0314072 0.0257239 0.999176 166.243 -0.0748302 0.996924 -0.0233138 -7.84014 -0.996702 -0.0740363 0.0332356 -45.5748 
0.0478714 0.0245943 0.998551 166.889 -0.073263 0.997091 -0.021046 -7.86507 -0.996163 -0.0721493 0.0495339 -45.5115 
0.0663537 0.0236627 0.997516 167.531 -0.0754598 0.996975 -0.0186303 -7.88952 -0.994939 -0.0740361 0.0679385 -45.4528 
0.0827316 0.0224167 0.99632 168.168 -0.0792245 0.996731 -0.0158473 -7.90918 -0.993418 -0.0776219 0.0842371 -45.3792 
0.0976672 0.0180765 0.995055 168.814 -0.0816044 0.996614 -0.0100951 -7.931 -0.991868 -0.080215 0.0988116 -45.2877 
0.109813 0.014316 0.993849 169.447 -0.0775783 0.996969 -0.00578915 -7.95105 -0.99092 -0.0764654 0.11059 -45.2033 
0.121163 0.0127431 0.992551 170.09 -0.0728746 0.997333 -0.00390849 -7.97 -0.989954 -0.0718581 0.121769 -45.1108 
0.129848 0.016292 0.9914 170.737 -0.0805649 0.996732 -0.00582767 -8.00408 -0.988256 -0.0791154 0.130736 -44.9644 
0.137491 0.0216872 0.990266 171.219 -0.0828674 0.996507 -0.0103184 -8.04568 -0.987031 -0.0806421 0.138807 -44.8514 
0.14507 0.0314772 0.988921 171.766 -0.0859038 0.99612 -0.0191046 -8.0775 -0.985685 -0.0821805 0.147212 -44.7163 
0.150896 0.0392629 0.98777 172.285 -0.0818816 0.996274 -0.0270924 -8.07329 -0.985153 -0.076792 0.153548 -44.568 
0.157467 0.0376479 0.986806 172.916 -0.0811951 0.996383 -0.0250567 -8.09024 -0.984181 -0.0761783 0.159955 -44.4525 
0.163838 0.0299553 0.986032 173.581 -0.0840424 0.996329 -0.0163036 -8.10523 -0.982901 -0.0801974 0.165754 -44.3295 
0.16809 0.0189071 0.98559 174.186 -0.087761 0.996133 -0.00414185 -8.12466 -0.981857 -0.0858002 0.1691 -44.2096 
0.170379 0.0113278 0.985314 174.819 -0.0879532 0.996118 0.00375676 -8.13237 -0.981446 -0.0873016 0.170714 -44.0807 
0.171385 0.01089 0.985144 175.441 -0.0865013 0.996244 0.00403591 -8.14257 -0.981399 -0.085908 0.171683 -43.9612 
0.172618 0.0143307 0.984885 176.032 -0.0832725 0.996527 9.4853e-05 -8.13328 -0.981463 -0.0820302 0.173212 -43.8373 
0.174243 0.0143057 0.984599 176.651 -0.080838 0.996727 -0.000176113 -8.13612 -0.981379 -0.0795623 0.174829 -43.7171 
0.175492 0.0115495 0.984413 177.27 -0.0835455 0.996499 0.00320247 -8.14419 -0.98093 -0.0828053 0.175842 -43.5823 
0.178812 0.00938689 0.983839 177.894 -0.0866287 0.996221 0.00623969 -8.12988 -0.980062 -0.0863444 0.178949 -43.4571 
0.182042 0.00423503 0.983282 178.529 -0.0857314 0.996251 0.0115812 -8.14117 -0.979546 -0.0864064 0.181722 -43.3285 
0.185827 0.00180451 0.982581 179.156 -0.0858022 0.996208 0.0143975 -8.14354 -0.978829 -0.0869831 0.185277 -43.1893 
0.191024 -3.7672e-05 0.981585 179.771 -0.0850874 0.996235 0.016597 -8.13518 -0.977891 -0.0866909 0.190302 -43.029 
0.197889 -0.00280392 0.98022 180.41 -0.0852263 0.99616 0.0200553 -8.13897 -0.976512 -0.0875093 0.19689 -42.8639 
0.208215 -0.00510693 0.97807 181.045 -0.0822391 0.996354 0.0227098 -8.14694 -0.97462 -0.0851641 0.207035 -42.7266 
0.219769 -0.00390504 0.975544 181.686 -0.0833425 0.996261 0.0227633 -8.15656 -0.971985 -0.0863069 0.218622 -42.5591 
0.231751 0.000375847 0.972775 182.318 -0.0852079 0.996164 0.0199149 -8.14522 -0.969036 -0.0875034 0.230894 -42.3853 
0.243273 0.00340985 0.969952 182.951 -0.0867036 0.996067 0.0182445 -8.1386 -0.966075 -0.0885367 0.242612 -42.2083 
0.255144 0.00372297 0.966896 183.584 -0.0851538 0.996194 0.0186346 -8.12847 -0.963146 -0.0870894 0.25449 -42.0234 
0.264947 -0.00154915 0.964262 184.213 -0.0840714 0.996154 0.0247005 -8.16828 -0.960591 -0.0876111 0.263798 -41.7723 
0.2773 -0.00266382 0.96078 184.858 -0.0857786 0.995934 0.0275188 -8.17464 -0.956947 -0.0900453 0.275944 -41.5879 
0.288538 -0.00332513 0.957463 185.544 -0.0870405 0.995762 0.0296884 -8.1549 -0.953504 -0.0919042 0.287025 -41.3374 
0.298523 -0.00577274 0.954385 186.174 -0.0899697 0.995358 0.0341623 -8.14898 -0.950152 -0.0960639 0.296618 -41.1196 
0.306289 -0.00478004 0.951927 186.829 -0.0934859 0.995003 0.0350762 -8.13304 -0.947337 -0.0997352 0.304311 -40.884 
0.310683 -0.00893372 0.950472 187.47 -0.0925261 0.994923 0.0395958 -8.128 -0.946 -0.100245 0.308279 -40.6547 
0.313719 -0.012682 0.949431 188.157 -0.0895533 0.995058 0.0428824 -8.11793 -0.945283 -0.0984777 0.311033 -40.4344 
0.312945 -0.0108277 0.949709 188.81 -0.0862996 0.995474 0.0397867 -8.09662 -0.945842 -0.0944106 0.310595 -40.2054 
0.310557 -0.0106155 0.950495 189.473 -0.0843171 0.995688 0.0386694 -8.07711 -0.946808 -0.092152 0.308323 -39.9503 
0.308936 -0.00895934 0.951041 190.151 -0.0812162 0.996055 0.0357657 -8.05606 -0.947609 -0.0882892 0.306989 -39.7132 
0.308113 -0.0100895 0.951296 190.837 -0.0772963 0.996372 0.0356029 -8.03177 -0.948205 -0.0845013 0.306215 -39.4784 
0.307145 -0.0162642 0.951524 191.55 -0.0737379 0.996441 0.0408341 -8.01666 -0.948802 -0.0827053 0.304853 -39.2347 
0.30569 -0.0195638 0.95193 192.231 -0.0752826 0.996162 0.0446482 -7.99891 -0.94915 -0.0853123 0.303044 -38.9879 
0.303641 -0.0202808 0.952571 192.926 -0.0760291 0.99607 0.045442 -7.96297 -0.949748 -0.0862211 0.300906 -38.7526 
0.302596 -0.0203547 0.952902 193.635 -0.0773648 0.995948 0.0458416 -7.94091 -0.949974 -0.0875925 0.299795 -38.5175 
0.300619 -0.0203501 0.953527 194.345 -0.0782751 0.995873 0.0459317 -7.9127 -0.950527 -0.0884453 0.297785 -38.2894 
0.299771 -0.0181509 0.953839 195.082 -0.0806607 0.995757 0.0442985 -7.88645 -0.950595 -0.0902166 0.297034 -38.0528 
0.297363 -0.0141967 0.954659 195.795 -0.0812232 0.995889 0.0401098 -7.86404 -0.951303 -0.0894676 0.294988 -37.8046 
0.297578 -0.00804318 0.954664 196.494 -0.0825313 0.996004 0.0341174 -7.84383 -0.951123 -0.0889422 0.295725 -37.5865 
0.296016 -0.00568963 0.955166 197.21 -0.0844585 0.99591 0.032107 -7.82311 -0.951442 -0.090176 0.294325 -37.3511 
0.295006 -0.00860632 0.955457 197.929 -0.0851435 0.995745 0.0352581 -7.80516 -0.951694 -0.0917523 0.293018 -37.1186 
0.293557 -0.0115683 0.955872 198.632 -0.0872593 0.995428 0.0388452 -7.78759 -0.951951 -0.094812 0.291205 -36.8789 
0.290547 -0.0110726 0.956797 199.331 -0.0918208 0.994996 0.0393976 -7.77556 -0.952445 -0.0993006 0.288076 -36.6455 
0.286898 -0.0118688 0.957888 200.05 -0.0946115 0.994684 0.040662 -7.76602 -0.953278 -0.102293 0.28425 -36.4272 
0.278168 -0.0119323 0.960458 200.764 -0.0933464 0.994854 0.0393947 -7.72489 -0.955986 -0.100614 0.275623 -36.1816 
0.269674 -0.0121339 0.962875 201.437 -0.0930281 0.994915 0.0385922 -7.71092 -0.958448 -0.0999817 0.267174 -36.0095 
0.259855 -0.0106072 0.965589 202.144 -0.0891557 0.995405 0.0349279 -7.70232 -0.961523 -0.0951639 0.257715 -35.8118 
0.248199 -0.00748032 0.96868 202.822 -0.0905009 0.995418 0.0308753 -7.69567 -0.964472 -0.0953296 0.246385 -35.606 
0.236341 -0.0067217 0.971647 203.546 -0.0941548 0.995112 0.0297861 -7.66792 -0.967098 -0.0985249 0.234553 -35.4171 
0.224764 -0.0153284 0.974293 204.294 -0.0885762 0.995415 0.0360948 -7.65843 -0.970379 -0.094412 0.222375 -35.2463 
0.215403 -0.023142 0.976251 205.008 -0.0857164 0.995412 0.042509 -7.64106 -0.972756 -0.0928373 0.212431 -35.0727 
0.208117 -0.0280877 0.977701 205.731 -0.0846579 0.995319 0.0466145 -7.60911 -0.974433 -0.0924714 0.204765 -34.9219 
0.203731 -0.028515 0.978612 206.475 -0.0927763 0.994515 0.048293 -7.58061 -0.974621 -0.100631 0.199968 -34.7388 
0.201612 -0.0302597 0.978998 207.191 -0.0929998 0.994416 0.0498884 -7.55581 -0.97504 -0.101105 0.197672 -34.5828 
0.199889 -0.0309225 0.97933 207.916 -0.0903561 0.994661 0.0498491 -7.5279 -0.975643 -0.0984528 0.196028 -34.4279 
0.199177 -0.0300829 0.979502 208.638 -0.0896633 0.994777 0.0487847 -7.51236 -0.975853 -0.0975421 0.195439 -34.2732 
0.197986 -0.0275563 0.979818 209.373 -0.0939385 0.99447 0.04695 -7.4817 -0.975693 -0.101338 0.194302 -34.095 
0.197997 -0.0277986 0.979808 210.113 -0.0949579 0.994352 0.0474001 -7.45317 -0.975592 -0.102426 0.194239 -33.9235 
0.198495 -0.0299779 0.979643 210.817 -0.0947983 0.994258 0.0496332 -7.43827 -0.975507 -0.10272 0.194514 -33.7481 
0.200399 -0.0314326 0.97921 211.53 -0.0911144 0.994556 0.0505722 -7.40321 -0.975468 -0.0993548 0.196444 -33.6078 
0.202161 -0.0324627 0.978814 212.277 -0.0862533 0.994977 0.0508133 -7.38725 -0.975547 -0.0946984 0.198345 -33.444 
0.203556 -0.0336665 0.978484 213.023 -0.0873065 0.994803 0.0523906 -7.35191 -0.975163 -0.0960924 0.199559 -33.2471 
0.208853 -0.0358073 0.977291 213.767 -0.0881789 0.994569 0.0552848 -7.32708 -0.973964 -0.0977229 0.204561 -33.0892 
0.213635 -0.0393058 0.976122 214.534 -0.089581 0.994192 0.0596393 -7.28881 -0.972798 -0.100183 0.208874 -32.8932 
0.218852 -0.0436874 0.97478 215.295 -0.0896571 0.993871 0.0646724 -7.25212 -0.97163 -0.10155 0.213594 -32.7055 
0.222843 -0.0433864 0.973888 216.066 -0.0916147 0.993656 0.0652301 -7.21355 -0.97054 -0.103759 0.217455 -32.5059 
0.226366 -0.0395154 0.97324 216.828 -0.0968968 0.993307 0.0628674 -7.17804 -0.969211 -0.108535 0.221022 -32.2926 
0.232216 -0.0340246 0.972069 217.588 -0.100431 0.993208 0.0587562 -7.14148 -0.967466 -0.111269 0.227221 -32.1036 
0.235227 -0.0310848 0.971443 218.331 -0.104631 0.99287 0.0571061 -7.10554 -0.966292 -0.115076 0.230297 -31.8825 
0.240971 -0.0310288 0.970036 219.11 -0.105661 0.992709 0.0580018 -7.06776 -0.964764 -0.116472 0.235936 -31.6827 
0.244681 -0.0295346 0.969154 219.876 -0.107785 0.992512 0.0574588 -7.04215 -0.963594 -0.118519 0.239666 -31.4619 
0.248822 -0.0256822 0.968209 220.637 -0.108899 0.992568 0.0543143 -7.00528 -0.962408 -0.118951 0.244176 -31.2474 
0.253418 -0.0253801 0.967024 221.394 -0.110167 0.992395 0.0549164 -6.96989 -0.961063 -0.120451 0.248695 -31.0273 
0.25855 -0.0264929 0.965634 222.153 -0.109528 0.992374 0.0565528 -6.9328 -0.959768 -0.120386 0.253677 -30.8201 
0.26335 -0.0262773 0.964342 222.916 -0.106178 0.992766 0.0560477 -6.8998 -0.958839 -0.117152 0.258655 -30.6112 
0.267014 -0.0257501 0.963348 223.665 -0.103843 0.993054 0.0553267 -6.86258 -0.958081 -0.11481 0.262486 -30.3761 
0.271457 -0.0238995 0.962154 224.421 -0.104337 0.993069 0.0541048 -6.83375 -0.956778 -0.115076 0.267082 -30.1446 
0.276202 -0.0258165 0.960753 225.186 -0.10844 0.992419 0.0578424 -6.80972 -0.954962 -0.12016 0.271309 -29.9072 
0.280922 -0.0257119 0.959386 225.913 -0.112842 0.991822 0.0596232 -6.76992 -0.953074 -0.125009 0.275724 -29.661 
0.284918 -0.0225762 0.958286 226.667 -0.110783 0.992248 0.0563143 -6.7387 -0.952129 -0.122206 0.280208 -29.4252 
0.289249 -0.0154686 0.957129 227.415 -0.111507 0.992518 0.0497386 -6.70545 -0.950737 -0.121113 0.285361 -29.1904 
0.292104 -0.00874403 0.956347 228.182 -0.117706 0.992027 0.0450223 -6.66825 -0.949116 -0.125719 0.288746 -28.9394 
0.29645 -0.0103153 0.954993 228.92 -0.122772 0.991233 0.048818 -6.636 -0.947124 -0.131719 0.292585 -28.6902 
0.299185 -0.0212119 0.953959 229.669 -0.121483 0.990771 0.0601307 -6.61564 -0.94643 -0.13388 0.293847 -28.4332 
0.301567 -0.0340349 0.952837 230.473 -0.116808 0.990516 0.0723499 -6.57278 -0.946263 -0.133118 0.294731 -28.1872 
0.303316 -0.0414869 0.951987 231.192 -0.119391 0.989524 0.0811624 -6.5261 -0.945381 -0.138276 0.295185 -27.9266 
0.305592 -0.0430267 0.95119 231.95 -0.121227 0.989091 0.0836883 -6.47915 -0.944414 -0.140885 0.297042 -27.6671 
0.308232 -0.0390509 0.950509 232.699 -0.121159 0.989409 0.0799388 -6.43739 -0.943564 -0.139803 0.300237 -27.4049 
0.312654 -0.032177 0.949322 233.445 -0.120735 0.989973 0.0733184 -6.38095 -0.942163 -0.13754 0.305634 -27.146 
0.316833 -0.0281158 0.948065 234.173 -0.120407 0.990281 0.0696065 -6.33768 -0.940808 -0.136207 0.310368 -26.8832 
0.319948 -0.0241307 0.947128 234.889 -0.123018 0.990155 0.0667836 -6.28281 -0.939415 -0.137881 0.313829 -26.6085 
0.323932 -0.0222192 0.94582 235.616 -0.122157 0.990373 0.0651034 -6.24771 -0.938161 -0.136628 0.318099 -26.3307 
0.32901 -0.0221116 0.944067 236.366 -0.121989 0.990354 0.0657095 -6.19247 -0.936414 -0.136785 0.323139 -26.0738 
0.331629 -0.0272057 0.943018 237.12 -0.119748 0.990285 0.070681 -6.15163 -0.935779 -0.136365 0.325149 -25.7808 
0.334557 -0.0330212 0.941797 237.865 -0.118986 0.989908 0.0769757 -6.10683 -0.934834 -0.137813 0.327251 -25.4966 
0.336185 -0.0389492 0.94099 238.617 -0.117233 0.989643 0.0828467 -6.06326 -0.934471 -0.138167 0.328137 -25.1982 
0.337867 -0.0436939 0.940179 239.369 -0.115692 0.989419 0.0875578 -6.00302 -0.934056 -0.138354 0.329237 -24.9191 
0.339883 -0.0498267 0.939147 240.133 -0.115044 0.988893 0.0941013 -5.94177 -0.933405 -0.140027 0.330375 -24.6402 
0.341231 -0.051022 0.938594 240.882 -0.114987 0.988761 0.0955531 -5.89153 -0.93292 -0.140531 0.331529 -24.3482 
0.343217 -0.0407398 0.938372 241.611 -0.12278 0.98854 0.0878257 -5.84294 -0.931197 -0.145357 0.334281 -24.0644 
0.343913 -0.0254466 0.938657 242.348 -0.125316 0.989447 0.0727378 -5.77557 -0.930602 -0.142644 0.337095 -23.7767 
0.34505 -0.0171637 0.938427 243.091 -0.125514 0.990009 0.0642574 -5.72632 -0.930154 -0.139958 0.339448 -23.496 
0.343949 -0.0191659 0.938793 243.833 -0.125975 0.989811 0.0663616 -5.67543 -0.930499 -0.14109 0.338031 -23.2008 
