1 -4.23778e-08 4.22719e-08 0 -4.23778e-08 1 -4.19404e-08 0 4.22719e-08 -4.19404e-08 1 0 
0.999991 -0.00262062 -0.00338965 -0.00710322 0.00261425 0.999995 -0.00185635 -0.00754092 0.00339458 0.00184738 0.999992 0.680987 
0.999967 -0.00127476 -0.0079725 -0.0204099 0.00124754 0.999993 -0.00340763 -0.0127451 0.00797688 0.00339749 0.999962 1.38447 
0.999931 -0.00091489 -0.0117097 -0.0459046 0.000856193 0.999987 -0.00500951 -0.0139259 0.0117142 0.00499906 0.999919 2.10507 
0.999863 0.000189444 -0.0165461 -0.0713893 -0.000280387 0.999985 -0.00548907 -0.0197537 0.0165449 0.00549287 0.999848 2.8363 
0.999777 -4.6068e-05 -0.0211268 -0.0955601 -7.33146e-05 0.999984 -0.00564599 -0.032631 0.0211268 0.00564619 0.999761 3.56431 
0.999661 0.00146185 -0.0259818 -0.123825 -0.00164511 0.999974 -0.00702997 -0.0345035 0.0259709 0.00707025 0.999638 4.33318 
0.999514 0.00430158 -0.0308665 -0.162765 -0.00454298 0.99996 -0.00775245 -0.0404352 0.030832 0.00788882 0.999493 5.11093 
0.999351 0.00506507 -0.0356565 -0.196986 -0.00529371 0.999966 -0.00631866 -0.0492956 0.0356234 0.00650323 0.999344 5.90134 
0.999185 0.00432119 -0.0401355 -0.239732 -0.0044722 0.999983 -0.0036714 -0.0585714 0.0401191 0.00384782 0.999187 6.70408 
0.999046 0.00408723 -0.0434659 -0.285346 -0.00414739 0.99999 -0.00129199 -0.0658323 0.0434603 0.00147094 0.999054 7.51693 
0.998918 0.00560635 -0.0461639 -0.341917 -0.0057035 0.999982 -0.00197133 -0.0720219 0.0461521 0.0022324 0.998932 8.34469 
0.998811 0.00526254 -0.0484565 -0.394637 -0.00538203 0.999983 -0.00233417 -0.0792005 0.0484435 0.0025921 0.998822 9.17584 
0.998781 0.00212762 -0.0493196 -0.458836 -0.00226315 0.999994 -0.00269057 -0.086081 0.0493137 0.00279882 0.998779 9.986 
0.998666 0.00200321 -0.0516024 -0.51196 -0.0021006 0.999996 -0.00183156 -0.0952041 0.0515987 0.00193743 0.998666 10.8249 
0.998604 0.000517315 -0.0528211 -0.569104 -0.000631631 0.999997 -0.00214598 -0.10397 0.05282 0.00217626 0.998602 11.6769 
0.998518 0.00241821 -0.0543652 -0.634959 -0.00266321 0.999987 -0.00443303 -0.114617 0.0543539 0.00457116 0.998511 12.5293 
0.998439 0.00293262 -0.0557722 -0.699615 -0.00333194 0.999969 -0.00706665 -0.123472 0.0557498 0.00724137 0.998418 13.3966 
0.998331 0.00658097 -0.0573686 -0.767204 -0.0070776 0.999939 -0.00845641 -0.137799 0.0573096 0.00884825 0.998317 14.2755 
0.998278 0.00762358 -0.058153 -0.835315 -0.00809668 0.999936 -0.00790264 -0.151262 0.0580891 0.0083598 0.998276 15.1642 
0.998198 0.00686809 -0.0596072 -0.898547 -0.00726329 0.999953 -0.00641467 -0.16481 0.0595605 0.00683597 0.998201 16.055 
0.998091 0.0070491 -0.0613615 -0.961516 -0.00735298 0.999962 -0.00472654 -0.179963 0.0613259 0.00516862 0.998104 16.9535 
0.998039 0.00650159 -0.0622595 -1.0307 -0.00680153 0.999966 -0.00460554 -0.195002 0.0622275 0.00501988 0.998049 17.8618 
0.997938 0.00635639 -0.0638667 -1.10639 -0.00672376 0.999962 -0.00553742 -0.208013 0.0638292 0.00595534 0.997943 18.7728 
0.997871 0.0046451 -0.0650441 -1.17369 -0.00505924 0.999968 -0.00620258 -0.221655 0.0650133 0.00651837 0.997863 19.6914 
0.997836 0.00453507 -0.0655874 -1.24351 -0.00486598 0.999976 -0.00488533 -0.228563 0.0655638 0.00519382 0.997835 20.6159 
0.997824 0.00563451 -0.065684 -1.31595 -0.00572841 0.999983 -0.00124017 -0.244621 0.065676 0.00161365 0.99784 21.539 
0.997882 0.00639015 -0.0647327 -1.39356 -0.00626236 0.999978 0.00217812 -0.2507 0.0647453 -0.00176822 0.9979 22.4725 
0.997996 0.00511551 -0.0630638 -1.4673 -0.00481115 0.999976 0.00497842 -0.255137 0.0630879 -0.00466513 0.997997 23.4105 
0.99809 0.00479164 -0.0615896 -1.53807 -0.00443565 0.999973 0.00591681 -0.260059 0.0616163 -0.00563241 0.998084 24.3499 
0.998163 0.004162 -0.0604492 -1.59728 -0.00397521 0.999987 0.00321124 -0.269654 0.0604618 -0.00296513 0.998166 25.3005 
0.998211 0.00465424 -0.0596041 -1.666 -0.0047732 0.999987 -0.00185219 -0.272784 0.0595948 0.00213329 0.99822 26.2533 
0.998286 0.00339142 -0.0584214 -1.73232 -0.00368059 0.999981 -0.00484148 -0.281951 0.058404 0.00504812 0.99828 27.2111 
0.998323 0.000667251 -0.0578785 -1.79217 -0.000871987 0.999993 -0.00351074 -0.302457 0.0578758 0.00355524 0.998317 28.1763 
0.998306 -0.00116225 -0.0581723 -1.85798 0.00126189 0.999998 0.00167751 -0.313887 0.0581703 -0.00174816 0.998305 29.1505 
0.998255 -0.00516255 -0.0588224 -1.9254 0.00547344 0.999972 0.00512677 -0.32678 0.0587943 -0.00543988 0.998255 30.1222 
0.998131 -0.0119389 -0.0599263 -1.98999 0.0122428 0.999914 0.00470729 -0.33996 0.059865 -0.00543224 0.998192 31.1014 
0.99805 -0.014064 -0.0608212 -2.06691 0.0141407 0.9999 0.000831907 -0.349554 0.0608035 -0.00169043 0.998148 32.063 
0.997984 -0.0137051 -0.0619667 -2.14479 0.0135271 0.999903 -0.00328892 -0.357643 0.0620058 0.00244397 0.998073 33.0325 
0.997873 -0.0120801 -0.0640584 -2.22676 0.0118488 0.999922 -0.00398818 -0.371075 0.0641017 0.0032206 0.997938 34.015 
0.997839 -0.0119818 -0.0646084 -2.30466 0.0118382 0.999926 -0.00260402 -0.383703 0.0646349 0.00183346 0.997907 35.0137 
0.997798 -0.00858671 -0.0657626 -2.39212 0.00861296 0.999963 0.000116899 -0.400296 0.0657592 -0.000683139 0.997835 36.009 
0.997706 -0.00897669 -0.067091 -2.468 0.00906172 0.999958 0.000964508 -0.405607 0.0670796 -0.00157034 0.997746 37.0192 
0.997652 -0.00741563 -0.0680808 -2.55219 0.00767401 0.999964 0.00353566 -0.417023 0.0680522 -0.0040499 0.997673 38.0108 
0.997696 -0.00679615 -0.0675045 -2.64175 0.00725096 0.999953 0.00649591 -0.431302 0.0674573 -0.00697051 0.997698 38.9891 
0.997674 -0.000682371 -0.0681672 -2.73052 0.00127044 0.999962 0.00858511 -0.4376 0.0681589 -0.00865183 0.997637 39.9865 
0.997666 -0.000979308 -0.0682683 -2.81454 0.00151771 0.999968 0.00783627 -0.442222 0.0682585 -0.00792169 0.997636 40.9803 
0.997694 -0.000804514 -0.0678716 -2.89815 0.00122746 0.99998 0.00619123 -0.448469 0.0678654 -0.00626035 0.997675 41.9761 
0.997703 0.00153983 -0.0677222 -2.98788 -0.00126417 0.999991 0.00411441 -0.460349 0.067728 -0.00401943 0.997696 42.9692 
0.997653 0.00124806 -0.0684541 -3.07857 -0.000971385 0.999991 0.00407602 -0.470486 0.0684587 -0.00400005 0.997646 43.9667 
0.997554 -0.000739843 -0.0698926 -3.15845 0.00112241 0.999985 0.00543567 -0.480819 0.0698876 -0.00550091 0.99754 44.9659 
0.997517 -0.000218999 -0.0704223 -3.24942 0.000680448 0.999978 0.00652983 -0.491537 0.0704194 -0.00656162 0.997496 45.9395 
0.99752 0.00214378 -0.0703546 -3.34062 -0.00194038 0.999994 0.0029605 -0.505577 0.0703605 -0.00281673 0.997518 46.9067 
0.997453 0.0025131 -0.0712793 -3.42494 -0.00259746 0.999996 -0.00108977 -0.516038 0.0712764 0.00127206 0.997456 47.8756 
0.997419 0.00386599 -0.0717006 -3.51212 -0.00406414 0.999988 -0.00261678 -0.522468 0.0716898 0.00290134 0.997423 48.8392 
0.997412 0.00258629 -0.071849 -3.59189 -0.0025342 0.999996 0.00081737 -0.534488 0.071851 -0.000633262 0.997415 49.8178 
0.997394 0.000585823 -0.0721438 -3.6677 -0.000302767 0.999992 0.0039355 -0.546152 0.0721456 -0.00390349 0.997386 50.8 
0.997381 -0.00142024 -0.0723157 -3.75028 0.00176405 0.999987 0.00469176 -0.557081 0.0723082 -0.00480713 0.997371 51.7624 
0.997349 -0.00472757 -0.0726163 -3.8263 0.00499062 0.999982 0.00344255 -0.56658 0.0725988 -0.00379591 0.997354 52.7279 
0.997297 -0.0079154 -0.0730507 -3.90293 0.00811301 0.999964 0.00240991 -0.582379 0.0730291 -0.00299615 0.997325 53.6809 
0.997201 -0.00944459 -0.0741625 -3.98519 0.00971509 0.999947 0.0032886 -0.586685 0.0741276 -0.00399997 0.997241 54.6387 
0.997078 -0.0127055 -0.0753312 -4.06396 0.0133011 0.999884 0.00741148 -0.598097 0.0752284 -0.0083919 0.997131 55.5901 
0.997019 -0.0136597 -0.0759323 -4.14927 0.0146455 0.999815 0.0124425 -0.602059 0.0757484 -0.0135175 0.997035 56.5453 
0.996996 -0.0122122 -0.0764789 -4.23648 0.013342 0.999809 0.0142801 -0.603146 0.07629 -0.0152576 0.996969 57.4986 
0.99691 -0.0111489 -0.077755 -4.32526 0.0120105 0.999871 0.0106236 -0.613371 0.0776266 -0.0115248 0.996916 58.4266 
0.996813 -0.00965867 -0.0791799 -4.41026 0.00991938 0.999947 0.00290101 -0.619212 0.0791477 -0.00367727 0.996856 59.3522 
0.996758 -0.00783484 -0.0800697 -4.49997 0.0076933 0.999968 -0.00207512 -0.627654 0.0800835 0.00145231 0.996787 60.2673 
0.996731 -0.00255517 -0.0807491 -4.59712 0.00247698 0.999996 -0.00106749 -0.642153 0.0807517 0.000863898 0.996734 61.1752 
0.996626 0.000133026 -0.0820733 -4.68969 -3.40078e-05 0.999999 0.00120885 -0.657248 0.0820735 -0.00120207 0.996625 62.0738 
0.996559 0.00277395 -0.0828437 -4.78116 -0.00256852 0.999993 0.00258719 -0.667422 0.0828505 -0.00236559 0.996559 62.9617 
0.996452 0.00349144 -0.0840897 -4.86026 -0.00330486 0.999992 0.00235883 -0.680663 0.0840974 -0.00207265 0.996455 63.7899 
0.996289 0.00483419 -0.0859344 -4.94177 -0.00457404 0.999984 0.0032249 -0.694159 0.0859487 -0.00281996 0.996295 64.6395 
0.996136 0.00538223 -0.0876531 -5.01072 -0.00506233 0.99998 0.00387247 -0.705467 0.0876722 -0.00341387 0.996143 65.4595 
0.99601 0.00546128 -0.0890705 -5.09451 -0.00507239 0.999977 0.0045928 -0.725216 0.0890935 -0.00412276 0.996015 66.2746 
0.99592 0.00519616 -0.0900904 -5.18616 -0.00470291 0.999973 0.00568731 -0.731603 0.0901176 -0.0052405 0.995917 67.0844 
0.995751 0.00792269 -0.0917411 -5.27025 -0.00720282 0.999941 0.00817605 -0.736949 0.0918006 -0.0074806 0.995749 67.8862 
0.995617 0.00923384 -0.0930683 -5.35856 -0.00812977 0.999892 0.012236 -0.743659 0.0931713 -0.0114259 0.995584 68.6791 
0.995455 0.0122497 -0.0944397 -5.45518 -0.0109784 0.999842 0.0139707 -0.750543 0.094596 -0.0128705 0.995432 69.4565 
0.995287 0.0153571 -0.0957475 -5.54423 -0.0144688 0.999846 0.00996532 -0.760864 0.0958858 -0.00853309 0.995356 70.2104 
0.995168 0.0153135 -0.0969836 -5.62779 -0.0151068 0.999882 0.00286605 -0.77241 0.0970161 -0.00138718 0.995282 70.931 
0.995021 0.0146348 -0.0985893 -5.70702 -0.0149869 0.999884 -0.00283035 -0.780987 0.0985364 0.00429372 0.995124 71.6377 
0.99499 0.0154495 -0.0987681 -5.79445 -0.0159649 0.999863 -0.00442897 -0.779924 0.0986862 0.00598352 0.995101 72.3336 
0.994884 0.0182637 -0.0993601 -5.88514 -0.018464 0.999829 -0.00109571 -0.788452 0.0993232 0.00292461 0.995051 73.0085 
0.994754 0.0185403 -0.100596 -5.96492 -0.0185116 0.999828 0.00121955 -0.805189 0.100602 0.000648956 0.994926 73.6626 
0.994697 0.0152505 -0.101709 -6.0347 -0.0155423 0.999877 -0.0020769 -0.818631 0.101665 0.00364659 0.994812 74.2965 
0.994786 0.00712076 -0.101731 -6.09422 -0.00788279 0.999944 -0.00708977 -0.830321 0.101675 0.00785465 0.994787 74.9085 
0.994894 0.00285749 -0.100886 -6.15712 -0.00408941 0.999919 -0.0120056 -0.839331 0.100843 0.0123568 0.994826 75.5173 
0.995189 0.0054457 -0.0978262 -6.22228 -0.00668036 0.999902 -0.0122969 -0.851823 0.0977497 0.0128912 0.995127 76.1026 
0.995555 0.010318 -0.0936128 -6.29444 -0.0112468 0.999892 -0.00939928 -0.863564 0.0935058 0.0104103 0.995564 76.6769 
0.995975 0.00874824 -0.0892077 -6.34325 -0.00932483 0.999938 -0.00604781 -0.881419 0.0891493 0.00685522 0.995995 77.2367 
0.996484 0.00503955 -0.0836269 -6.38223 -0.00523622 0.999984 -0.00213165 -0.888226 0.0836149 0.00256196 0.996495 77.7859 
0.997141 0.000866027 -0.0755507 -6.41842 -0.00077764 0.999999 0.00120039 -0.897516 0.0755518 -0.0011383 0.997141 78.318 
0.997887 0.00421398 -0.0648367 -6.45467 -0.00415969 0.999991 0.000973491 -0.909096 0.0648403 -0.000701819 0.997895 78.8341 
0.99872 0.00942239 -0.0496879 -6.48818 -0.00941619 0.999956 0.00036067 -0.916304 0.0496892 0.000107577 0.998765 79.3386 
0.999391 0.0146031 -0.0316964 -6.50569 -0.0145889 0.999893 0.000681084 -0.919412 0.0317031 -0.000218336 0.999497 79.8312 
0.999864 0.0130961 -0.00998045 -6.49293 -0.0130858 0.999914 0.00110805 -0.922461 0.00999419 -0.000977386 0.999949 80.3152 
0.999817 0.00986882 0.0164112 -6.46965 -0.00990363 0.999949 0.00203646 -0.931506 -0.0163902 -0.0021987 0.999863 80.7774 
0.998908 0.00877253 0.0458897 -6.43121 -0.0089527 0.999953 0.00372035 -0.941039 -0.0458549 -0.00412721 0.998939 81.231 
0.996827 0.00831058 0.0791677 -6.3836 -0.00873392 0.999949 0.0050015 -0.947916 -0.079122 -0.00567715 0.996849 81.6727 
0.993134 0.00852552 0.116667 -6.31035 -0.0092453 0.999941 0.00562897 -0.953946 -0.116612 -0.00666902 0.993155 82.1067 
0.987314 0.00876722 0.158538 -6.22533 -0.00976382 0.999937 0.00550784 -0.958042 -0.15848 -0.00698599 0.987337 82.527 
0.97901 0.00870574 0.203627 -6.11495 -0.0100247 0.999935 0.00544613 -0.96509 -0.203566 -0.00737318 0.979033 82.9374 
0.967497 0.011051 0.252639 -5.98547 -0.0122731 0.999919 0.00326144 -0.973116 -0.252582 -0.00625616 0.967555 83.3283 
0.952029 0.0119954 0.305771 -5.8379 -0.0128185 0.999918 0.000683697 -0.984745 -0.305738 -0.00457049 0.952105 83.7001 
0.932271 0.0120567 0.361559 -5.66746 -0.012344 0.999923 -0.00151547 -0.992465 -0.361549 -0.00305031 0.932348 84.0559 
0.907926 0.0126893 0.418938 -5.47724 -0.0124511 0.999917 -0.00330294 -0.99928 -0.418945 -0.00221746 0.908009 84.396 
0.878984 0.0125207 0.476688 -5.26233 -0.0114313 0.999921 -0.00518554 -1.00761 -0.476715 -0.000891195 0.879057 84.7107 
0.845296 0.011143 0.534182 -5.03223 -0.00844458 0.999936 -0.0074959 -1.01232 -0.534231 0.00182526 0.845336 85.0096 
0.808276 0.0111 0.588699 -4.78256 -0.00751372 0.999935 -0.00853793 -1.02354 -0.588755 0.00247764 0.808307 85.2876 
0.768048 0.00986364 0.640316 -4.51752 -0.0063591 0.999949 -0.00777609 -1.0301 -0.64036 0.00190053 0.768072 85.5529 
0.724696 0.0097998 0.688999 -4.23772 -0.00760603 0.999952 -0.0062226 -1.03311 -0.689026 -0.000731096 0.724736 85.8026 
0.6786 0.00835317 0.73446 -3.94607 -0.00661042 0.999964 -0.00526529 -1.04577 -0.734478 -0.0012821 0.678631 86.0336 
0.630991 0.00743175 0.775754 -3.64061 -0.00335081 0.999971 -0.00685437 -1.05006 -0.775782 0.0017256 0.630998 86.2416 
0.583553 0.00473913 0.812061 -3.32012 0.00217124 0.99997 -0.00739615 -1.06082 -0.812072 0.0060792 0.583525 86.4207 
0.536028 0.00670265 0.844174 -2.99607 0.000174283 0.999967 -0.00805042 -1.07278 -0.8442 0.00446234 0.536009 86.5932 
0.487817 0.00955335 0.872893 -2.67084 -0.00396622 0.999954 -0.00872755 -1.08512 -0.872937 0.000795339 0.487833 86.7536 
0.44152 0.0118382 0.897173 -2.33598 -0.00448195 0.999929 -0.0109885 -1.09279 -0.89724 0.000830541 0.441542 86.8936 
0.398971 0.00907956 0.916918 -1.98694 0.00352547 0.999928 -0.0114357 -1.09881 -0.916956 0.00779505 0.398911 87.0024 
0.359099 0.00163043 0.933298 -1.6242 0.0182886 0.999794 -0.00878346 -1.10283 -0.93312 0.0202228 0.358995 87.0915 
0.323646 -0.00204505 0.946176 -1.26374 0.0226766 0.999727 -0.00559599 -1.10582 -0.945907 0.0232672 0.323604 87.178 
0.290087 0.00226692 0.956997 -0.902793 0.0197884 0.999769 -0.00836665 -1.11342 -0.956795 0.0213645 0.289976 87.2747 
0.258769 0.00986728 0.965889 -0.539454 0.00870358 0.999883 -0.0125464 -1.12927 -0.9659 0.0116533 0.258653 87.3743 
0.230009 0.0142858 0.973083 -0.161334 0.00402179 0.99987 -0.0156297 -1.14647 -0.97318 0.00750852 0.229922 87.4624 
0.203808 0.0158623 0.978882 0.233131 0.00505655 0.999838 -0.0172547 -1.16342 -0.978998 0.00846641 0.203694 87.5336 
0.180651 0.0172346 0.983396 0.638085 0.0128209 0.99972 -0.0198759 -1.17199 -0.983464 0.0161986 0.180379 87.5833 
0.160288 0.0236337 0.986787 1.04729 0.0191577 0.99945 -0.027049 -1.17498 -0.986884 0.0232402 0.159748 87.6259 
0.140566 0.0304001 0.989604 1.47055 0.0210289 0.999211 -0.0336823 -1.17514 -0.989848 0.0255449 0.139816 87.6775 
0.122827 0.0310464 0.991942 1.90391 0.0182031 0.999272 -0.0335299 -1.18947 -0.992261 0.0221748 0.122173 87.7296 
0.106978 0.026757 0.993901 2.35934 0.0171994 0.999438 -0.0287574 -1.20706 -0.994113 0.0201709 0.106458 87.7882 
0.0924656 0.0235668 0.995437 2.83 0.0179114 0.999519 -0.0253273 -1.22213 -0.995555 0.0201715 0.091999 87.8288 
0.078826 0.0211905 0.996663 3.29848 0.0199194 0.999541 -0.0228272 -1.23664 -0.996689 0.0216523 0.0783677 87.8735 
0.0671179 0.02043 0.997536 3.79338 0.0236509 0.999477 -0.0220612 -1.24925 -0.997465 0.0250733 0.0665996 87.8985 
0.0566946 0.0210042 0.998171 4.31297 0.026793 0.999387 -0.0225516 -1.2673 -0.998032 0.0280225 0.056097 87.9339 
0.0488113 0.0215217 0.998576 4.83889 0.0287566 0.999323 -0.0229435 -1.28384 -0.998394 0.0298356 0.0481594 87.9572 
0.043126 0.0217714 0.998832 5.38457 0.0301468 0.999279 -0.0230829 -1.30057 -0.998615 0.0311071 0.0424385 87.9862 
0.037556 0.0231031 0.999027 5.94746 0.0310326 0.999223 -0.0242743 -1.31685 -0.998812 0.0319141 0.0368099 88.0086 
0.0306585 0.0236785 0.999249 6.55053 0.0306719 0.999226 -0.0246191 -1.33438 -0.999059 0.0314036 0.0299085 88.0518 
0.0266126 0.0239264 0.999359 7.1525 0.0331249 0.999143 -0.0248035 -1.35041 -0.999097 0.0337638 0.0257973 88.0642 
0.0236752 0.0237404 0.999438 7.77537 0.0345007 0.999103 -0.0245498 -1.37073 -0.999124 0.0350625 0.0228349 88.0822 
0.0204816 0.0233474 0.999518 8.41059 0.035621 0.999075 -0.0240671 -1.3909 -0.999155 0.0360967 0.019631 88.0992 
0.0178234 0.0227806 0.999582 9.04928 0.0368107 0.999048 -0.0234249 -1.4077 -0.999163 0.0372128 0.0169678 88.1239 
0.0170845 0.0228365 0.999593 9.71521 0.0417938 0.998849 -0.0235339 -1.42139 -0.99898 0.0421789 0.0161104 88.1412 
0.0180407 0.0223182 0.999588 10.4015 0.0453621 0.998703 -0.0231172 -1.44659 -0.998808 0.0457605 0.0170049 88.1579 
0.020482 0.0223347 0.999541 11.11 0.0466611 0.99864 -0.0232708 -1.46661 -0.998701 0.0471163 0.019412 88.1776 
0.0237591 0.022226 0.999471 11.8274 0.0493526 0.998508 -0.0233779 -1.4922 -0.998499 0.0498819 0.0226267 88.2248 
0.0279498 0.0217163 0.999373 12.5687 0.0496364 0.9985 -0.0230856 -1.51375 -0.998376 0.0502506 0.02683 88.2624 
0.0320694 0.0199418 0.999287 13.3258 0.0513055 0.99845 -0.0215717 -1.5357 -0.998168 0.0519607 0.0309966 88.2922 
0.0361108 0.018485 0.999177 14.0952 0.0512507 0.998479 -0.0203244 -1.55814 -0.998033 0.0519425 0.0351085 88.3283 
0.0402292 0.016427 0.999055 14.8768 0.0483074 0.998664 -0.0183659 -1.57596 -0.998022 0.0490006 0.0393819 88.378 
0.0443467 0.0156255 0.998894 15.6777 0.0472948 0.998724 -0.0177226 -1.59512 -0.997896 0.0480284 0.0435511 88.4252 
0.048229 0.0167294 0.998696 16.4852 0.0444491 0.998833 -0.0188783 -1.61851 -0.997847 0.0453016 0.0474291 88.4853 
0.0515203 0.0204381 0.998463 17.2947 0.0425637 0.998837 -0.0226421 -1.65265 -0.997764 0.0436648 0.0505905 88.5329 
0.0527238 0.0259301 0.998272 18.1049 0.0367358 0.998936 -0.0278876 -1.67787 -0.997933 0.0381426 0.0517151 88.5995 
0.05256 0.0292213 0.99819 18.9105 0.0342493 0.998931 -0.0310464 -1.70178 -0.99803 0.0358191 0.051503 88.657 
0.0524188 0.0287032 0.998213 19.7243 0.0320169 0.999025 -0.030408 -1.73266 -0.998112 0.0335536 0.0514487 88.7256 
0.0528988 0.0269799 0.998235 20.5463 0.0293013 0.999163 -0.0285578 -1.76752 -0.99817 0.0307603 0.0520639 88.7745 
0.0526957 0.0259261 0.998274 21.3738 0.030139 0.999166 -0.0275403 -1.79647 -0.998156 0.0315382 0.0518703 88.8305 
0.0531058 0.0253133 0.998268 22.1954 0.0275073 0.999262 -0.0268019 -1.82921 -0.99821 0.028883 0.0523703 88.8869 
0.0529793 0.0257359 0.998264 23.0127 0.0260219 0.999293 -0.0271435 -1.86347 -0.998256 0.0274148 0.0522721 88.9525 
0.0529801 0.0262527 0.99825 23.8342 0.0231292 0.999354 -0.0275093 -1.90094 -0.998328 0.0245462 0.0523387 89.0133 
0.0516768 0.0277433 0.998278 24.6439 0.0202963 0.999378 -0.0288247 -1.93111 -0.998458 0.0217509 0.0510816 89.0724 
0.0489904 0.0272079 0.998429 25.4611 0.01724 0.999457 -0.0280819 -1.96633 -0.99865 0.0185886 0.0484947 89.1239 
0.0450615 0.0261207 0.998643 26.2739 0.0144007 0.999537 -0.026794 -1.99854 -0.99888 0.0155885 0.0446644 89.1764 
0.0412198 0.023261 0.998879 27.0776 0.0126421 0.999637 -0.0238004 -2.03737 -0.99907 0.0136089 0.0409108 89.1998 
0.0348973 0.0211966 0.999166 27.8889 0.0107497 0.999709 -0.0215837 -2.06973 -0.999333 0.0114939 0.0346593 89.242 
0.0273918 0.0215792 0.999392 28.6973 0.0103608 0.999707 -0.0218701 -2.09723 -0.999571 0.0109536 0.0271602 89.2745 
0.0184801 0.0223043 0.99958 29.5003 0.0100383 0.999697 -0.0224926 -2.12894 -0.999779 0.0104498 0.0182506 89.3028 
0.00850991 0.0229424 0.9997 30.304 0.0101937 0.999683 -0.0230288 -2.15317 -0.999912 0.0103867 0.00827334 89.3179 
-0.00148748 0.0218002 0.999761 31.1016 0.0118158 0.999693 -0.0217812 -2.18501 -0.999929 0.0117806 -0.00174461 89.3185 
-0.01205 0.0211411 0.999704 31.8969 0.0103951 0.999725 -0.0210164 -2.212 -0.999873 0.0101387 -0.0122664 89.3128 
-0.0231108 0.0203817 0.999525 32.6847 0.0119743 0.999726 -0.020109 -2.23819 -0.999661 0.0115039 -0.0233485 89.298 
-0.0339482 0.020719 0.999209 33.4645 0.0121011 0.99972 -0.0203186 -2.26743 -0.99935 0.0114018 -0.0341895 89.2741 
-0.0451616 0.0214963 0.998748 34.2461 0.0122319 0.999705 -0.0209639 -2.29121 -0.998905 0.0112699 -0.0454112 89.2499 
-0.0559012 0.0224455 0.998184 35.0223 0.0120026 0.99969 -0.0218073 -2.32564 -0.998364 0.0107618 -0.0561533 89.2167 
-0.0662113 0.0239366 0.997518 35.7902 0.0133995 0.999643 -0.0230983 -2.34568 -0.997716 0.0118369 -0.0665084 89.1721 
-0.0756331 0.0245855 0.996832 36.5544 0.0137033 0.999627 -0.0236148 -2.37425 -0.997041 0.0118738 -0.0759418 89.1172 
-0.0852801 0.0249014 0.996046 37.3112 0.014482 0.999613 -0.0237508 -2.40792 -0.996252 0.0123992 -0.0856077 89.0563 
-0.0946969 0.0255485 0.995178 38.0536 0.0156832 0.999585 -0.0241693 -2.4316 -0.995383 0.0133188 -0.0950582 88.9933 
-0.10322 0.0250316 0.994343 38.7966 0.0168405 0.999584 -0.0234155 -2.45897 -0.994516 0.0143283 -0.103598 88.9204 
-0.110968 0.023741 0.99354 39.5212 0.0185885 0.999589 -0.0218095 -2.48578 -0.99365 0.0160483 -0.111364 88.8499 
-0.116536 0.0220891 0.992941 40.2394 0.0214868 0.999575 -0.019715 -2.51638 -0.992954 0.0190376 -0.116961 88.7779 
-0.119919 0.0204392 0.992573 40.9424 0.0245656 0.999543 -0.0176149 -2.54478 -0.99248 0.0222708 -0.120366 88.6862 
-0.122393 0.0194077 0.992292 41.6445 0.0265285 0.999515 -0.0162769 -2.56781 -0.992127 0.0243319 -0.122849 88.6044 
-0.12424 0.0186723 0.992076 42.3391 0.0268845 0.999519 -0.0154457 -2.59031 -0.991888 0.0247525 -0.124682 88.5256 
-0.125293 0.0190447 0.991937 43.0103 0.0273683 0.999502 -0.0157331 -2.61452 -0.991742 0.0251764 -0.125751 88.454 
-0.12439 0.0202673 0.992026 43.6694 0.0282914 0.999457 -0.0168717 -2.63269 -0.99183 0.0259672 -0.124895 88.3788 
-0.121418 0.0219938 0.992358 44.313 0.0295676 0.999391 -0.018532 -2.65346 -0.992161 0.0270916 -0.121994 88.3099 
-0.116234 0.0226489 0.992963 44.9451 0.029744 0.999371 -0.0193134 -2.67344 -0.992776 0.0272898 -0.116835 88.2497 
-0.108306 0.0233105 0.993844 45.5511 0.0287717 0.99938 -0.020305 -2.69539 -0.993701 0.0263955 -0.108909 88.1968 
-0.0971103 0.0234306 0.994998 46.1338 0.028041 0.99939 -0.0207973 -2.71558 -0.994878 0.0258811 -0.0977081 88.1522 
-0.0834861 0.0234826 0.996232 46.6958 0.0265204 0.99942 -0.0213354 -2.74373 -0.996156 0.0246393 -0.0840605 88.1215 
-0.0662486 0.0245885 0.9975 47.2412 0.0258246 0.999404 -0.0229204 -2.77054 -0.997469 0.0242416 -0.066844 88.1044 
-0.0448547 0.0271153 0.998625 47.7728 0.0243154 0.999365 -0.0260433 -2.79546 -0.998697 0.0231138 -0.0454855 88.1003 
-0.0205023 0.0299205 0.999342 48.3052 0.0222193 0.999319 -0.0294641 -2.81906 -0.999543 0.0216006 -0.0211532 88.1156 
0.00827478 0.0313654 0.999474 48.8286 0.0201261 0.9993 -0.0315267 -2.8463 -0.999763 0.0203764 0.00763773 88.1408 
0.0418001 0.0304946 0.99866 49.3521 0.0177178 0.999354 -0.0312575 -2.87643 -0.998969 0.0190006 0.0412329 88.1802 
0.0801262 0.0281379 0.996387 49.871 0.0170473 0.999417 -0.0295945 -2.89573 -0.996639 0.019357 0.0795998 88.2469 
0.1227 0.0244738 0.992142 50.3858 0.0148025 0.999539 -0.026487 -2.91614 -0.992333 0.0179362 0.122281 88.3336 
0.168721 0.0199318 0.985462 50.888 0.0120241 0.999679 -0.0222781 -2.93956 -0.98559 0.0156081 0.168427 88.4421 
0.218107 0.0167302 0.975781 51.3816 0.00768969 0.999792 -0.0188608 -2.96114 -0.975894 0.0116171 0.217933 88.5741 
0.270246 0.0146098 0.962681 51.8513 0.00335591 0.999864 -0.0161163 -2.99088 -0.962785 0.007586 0.27016 88.7371 
0.326384 0.0140253 0.945133 52.3278 0.00272596 0.999872 -0.0157791 -3.00531 -0.945233 0.00772641 0.326304 88.926 
0.384998 0.0152239 0.922792 52.7747 0.00456084 0.99982 -0.0183976 -3.0146 -0.922906 0.0112917 0.38486 89.1443 
0.44558 0.0183094 0.895055 53.2006 0.0055855 0.999714 -0.023231 -3.03204 -0.895224 0.0153506 0.445351 89.388 
0.505052 0.0222428 0.862802 53.5941 0.00662 0.999539 -0.0296431 -3.04094 -0.863063 0.020683 0.504672 89.6669 
0.563353 0.0263972 0.825794 53.9658 0.00251232 0.99943 -0.0336617 -3.05446 -0.826212 0.021038 0.562966 89.9761 
0.619319 0.0301264 0.784561 54.3145 -0.00191148 0.999318 -0.0368641 -3.06221 -0.785137 0.0213309 0.618955 90.3109 
0.672203 0.0311336 0.739712 54.6288 -0.00380652 0.999247 -0.0385982 -3.07911 -0.740357 0.0231301 0.671816 90.6547 
0.721098 0.0292041 0.692217 54.9119 -0.00427468 0.99928 -0.037706 -3.09942 -0.69282 0.0242307 0.720704 91.0161 
0.766742 0.025157 0.641462 55.1822 -0.00597453 0.999468 -0.0320562 -3.11995 -0.641927 0.0207464 0.766485 91.4042 
0.808147 0.0210027 0.588606 55.4186 -0.00742609 0.999648 -0.0254738 -3.13182 -0.588934 0.0162155 0.808019 91.8191 
0.844878 0.0183191 0.534645 55.6273 -0.00969162 0.999774 -0.0189413 -3.14758 -0.534871 0.0108214 0.844864 92.2439 
0.87616 0.0154405 0.481773 55.807 -0.010997 0.999867 -0.012046 -3.15569 -0.481895 0.00525607 0.876213 92.6838 
0.902067 0.015749 0.431308 55.9677 -0.0143655 0.999876 -0.00646515 -3.16903 -0.431356 -0.000364007 0.902182 93.1224 
0.922424 0.0178768 0.385764 56.1054 -0.0181771 0.999831 -0.00286933 -3.18477 -0.38575 -0.0043654 0.922593 93.5676 
0.937843 0.0241064 0.34622 56.2213 -0.025604 0.999672 -0.00024837 -3.1919 -0.346113 -0.00863177 0.938153 94.0269 
0.949879 0.0285656 0.31131 56.331 -0.0297195 0.999558 -0.00103791 -3.19762 -0.311202 -0.00826615 0.950308 94.4927 
0.959417 0.0306269 0.280322 56.4426 -0.0316489 0.999499 -0.000881844 -3.1996 -0.280208 -0.00802588 0.959906 94.9617 
0.965602 0.0251457 0.258807 56.5454 -0.0258217 0.999666 -0.000787943 -3.20188 -0.25874 -0.00592208 0.965929 95.4474 
0.969831 0.0221 0.242776 56.6566 -0.0227632 0.999741 -7.37461e-05 -3.20994 -0.242714 -0.00545491 0.970082 95.9379 
0.972809 0.0262263 0.230119 56.7526 -0.026808 0.99964 -0.00059945 -3.2144 -0.230052 -0.00558596 0.973162 96.4311 
0.974847 0.0314439 0.220647 56.8409 -0.0322029 0.999481 -0.000157615 -3.21392 -0.220537 -0.00695189 0.975354 96.9361 
0.975894 0.0394373 0.214652 56.9276 -0.040016 0.999198 -0.00165083 -3.21465 -0.214544 -0.00697853 0.976689 97.4571 
0.976367 0.0450394 0.211375 57.0288 -0.0449924 0.998975 -0.00503481 -3.22449 -0.211385 -0.00459453 0.977392 97.9663 
0.976419 0.046475 0.21082 57.1262 -0.045924 0.998917 -0.00751163 -3.23632 -0.21094 -0.00234727 0.977496 98.5179 
0.975933 0.0454078 0.21329 57.2431 -0.0440944 0.998968 -0.0109139 -3.24933 -0.213566 0.00124629 0.976928 99.0529 
0.975117 0.0443192 0.217214 57.3628 -0.0415275 0.998986 -0.0174028 -3.2572 -0.217765 0.00794935 0.975969 99.6067 
0.97422 0.0445081 0.221167 57.4892 -0.0406176 0.99893 -0.0221104 -3.2651 -0.221914 0.012557 0.974985 100.169 
0.972989 0.0492667 0.225534 57.6105 -0.0454913 0.998724 -0.0219098 -3.27592 -0.226325 0.0110581 0.973989 100.744 
0.971443 0.0522485 0.231447 57.7326 -0.0494213 0.998616 -0.0180009 -3.29025 -0.232067 0.0060484 0.972681 101.349 
0.970474 0.0490197 0.236173 57.8744 -0.0472192 0.998796 -0.0132776 -3.30669 -0.23654 0.0017336 0.97162 101.957 
0.969841 0.0444893 0.239643 58.0319 -0.0438689 0.999006 -0.00792575 -3.31638 -0.239758 -0.00282625 0.970829 102.566 
0.968948 0.0420287 0.243667 58.1783 -0.0424976 0.999091 -0.00333529 -3.32687 -0.243586 -0.00712362 0.969853 103.2 
0.968344 0.0376438 0.246765 58.3324 -0.0381489 0.999268 -0.00273615 -3.3359 -0.246688 -0.00676435 0.969071 103.843 
0.968374 0.0339109 0.247186 58.4887 -0.033559 0.999421 -0.00563818 -3.34739 -0.247234 -0.00283552 0.968952 104.487 
0.96851 0.0326029 0.246831 58.6422 -0.0303838 0.999456 -0.0127953 -3.35617 -0.247113 0.00489264 0.968974 105.138 
0.968672 0.0348993 0.24588 58.8017 -0.0310392 0.999327 -0.0195588 -3.36798 -0.246397 0.0113141 0.969103 105.799 
0.969357 0.0373768 0.242797 58.9615 -0.0326309 0.99919 -0.0235412 -3.37617 -0.24348 0.014897 0.969791 106.475 
0.970007 0.0354758 0.240474 59.1201 -0.0317734 0.999309 -0.0192577 -3.39024 -0.240991 0.0110393 0.970464 107.179 
0.970424 0.0313297 0.239365 59.2827 -0.0293952 0.9995 -0.0116487 -3.40787 -0.23961 0.00426793 0.97086 107.888 
0.970988 0.0316324 0.237025 59.4466 -0.0311151 0.999498 -0.0059245 -3.42419 -0.237094 -0.00162251 0.971485 108.614 
0.971358 0.034505 0.235101 59.6035 -0.0338619 0.999403 -0.00677364 -3.43666 -0.235194 -0.00138139 0.971947 109.34 
0.971656 0.0400137 0.232989 59.7557 -0.038391 0.999197 -0.0114975 -3.44864 -0.233262 0.00222684 0.972411 110.079 
0.972566 0.0407966 0.22902 59.9152 -0.0379687 0.999139 -0.0167429 -3.45998 -0.229506 0.00758794 0.973278 110.814 
0.973562 0.0390533 0.225058 60.0795 -0.0355624 0.999176 -0.0195462 -3.47753 -0.225636 0.0110257 0.974149 111.574 
0.974589 0.0366436 0.220981 60.2475 -0.0334647 0.999276 -0.0181138 -3.4959 -0.221484 0.0102584 0.97511 112.343 
0.975472 0.0327804 0.21767 60.4123 -0.0299949 0.99942 -0.0160898 -3.51652 -0.218071 0.00916607 0.97589 113.13 
0.975897 0.0319242 0.215885 60.5776 -0.0297015 0.999467 -0.0135333 -3.53451 -0.216202 0.00679497 0.976325 113.924 
0.976296 0.0283855 0.214568 60.745 -0.0266176 0.999584 -0.011125 -3.55063 -0.214795 0.00514993 0.976646 114.73 
0.976515 0.0232937 0.214188 60.9176 -0.0216824 0.999716 -0.00986978 -3.56533 -0.214357 0.00499381 0.976743 115.535 
0.976693 0.0239539 0.213301 61.0879 -0.0226255 0.999706 -0.00866774 -3.57463 -0.213446 0.00363959 0.976948 116.352 
0.976456 0.0295183 0.213689 61.2472 -0.0279431 0.999555 -0.0103893 -3.59947 -0.2139 0.00417353 0.976846 117.173 
0.976177 0.0349825 0.214136 61.4065 -0.0327854 0.999367 -0.0138043 -3.61557 -0.214484 0.00645485 0.976706 117.995 
0.975616 0.0440617 0.215015 61.5701 -0.0417235 0.99901 -0.0154038 -3.63512 -0.215481 0.00605689 0.976489 118.826 
0.974577 0.0500702 0.218385 61.72 -0.0480037 0.998738 -0.0147616 -3.65458 -0.218848 0.00390296 0.975751 119.664 
0.973777 0.0528791 0.221273 61.8908 -0.0512981 0.9986 -0.0128902 -3.67796 -0.221644 0.00120121 0.975127 120.502 
0.973124 0.0533779 0.224008 62.0667 -0.0516076 0.998573 -0.013755 -3.69712 -0.224422 0.00182477 0.97449 121.35 
0.972777 0.0517393 0.225894 62.247 -0.0493383 0.99865 -0.016266 -3.72014 -0.22643 0.00467793 0.974016 122.192 
0.972839 0.0453432 0.226996 62.4465 -0.0430864 0.99896 -0.0148903 -3.74076 -0.227435 0.0047054 0.973782 123.035 
0.9731 0.0388853 0.227076 62.6417 -0.0361504 0.999215 -0.0161926 -3.76892 -0.227527 0.00754808 0.973742 123.868 
0.972882 0.038353 0.2281 62.8293 -0.0356048 0.999235 -0.0161529 -3.7964 -0.228545 0.00759333 0.973504 124.701 
0.972313 0.0408034 0.230092 63.0114 -0.0387589 0.999159 -0.0134003 -3.8168 -0.230445 0.00411112 0.973076 125.547 
0.971925 0.0428523 0.231357 63.1909 -0.0422217 0.999079 -0.00767936 -3.83822 -0.231473 -0.0023046 0.972839 126.389 
0.971582 0.0464174 0.232109 63.3695 -0.0469328 0.998893 -0.00330468 -3.86286 -0.232005 -0.00768282 0.972684 127.222 
0.971388 0.0456616 0.233069 63.5539 -0.0446633 0.998956 -0.00956233 -3.88604 -0.233262 -0.00112095 0.972413 128.047 
0.971649 0.0416048 0.232737 63.7458 -0.0370609 0.999028 -0.0238649 -3.90987 -0.233503 0.0145628 0.972247 128.859 
0.97191 0.0391537 0.232073 63.9372 -0.0323784 0.998933 -0.0329339 -3.9356 -0.233115 0.0244946 0.972141 129.665 
0.972175 0.035958 0.231478 64.1199 -0.0312391 0.999223 -0.0240206 -3.95482 -0.232162 0.016121 0.972543 130.501 
0.972633 0.0290737 0.230519 64.3123 -0.0290947 0.999571 -0.00330925 -3.97955 -0.230517 -0.00348826 0.973062 131.339 
0.973042 0.0252916 0.229238 64.5028 -0.0288198 0.999512 0.0120551 -4.00496 -0.228821 -0.0183368 0.973296 132.179 
0.973065 0.0297741 0.228599 64.6779 -0.0320473 0.999467 0.00623701 -4.01695 -0.228291 -0.0133951 0.973501 132.994 
0.973185 0.0384344 0.226791 64.8382 -0.0372055 0.999261 -0.00969287 -4.02891 -0.226996 0.000995002 0.973895 133.805 
0.973547 0.0381404 0.225279 65.0171 -0.0351258 0.999232 -0.0173765 -4.04536 -0.225769 0.00900367 0.974139 134.61 
0.974305 0.0337349 0.222692 65.2031 -0.0304224 0.99937 -0.0182902 -4.06603 -0.223169 0.0110454 0.974717 135.413 
0.974935 0.0334026 0.219966 65.3736 -0.0304849 0.999397 -0.0166471 -4.0936 -0.220389 0.00952414 0.975365 136.234 
0.975695 0.0329614 0.216642 65.5352 -0.0297625 0.999395 -0.0180131 -4.11458 -0.217104 0.0111274 0.976085 137.044 
0.976833 0.0340164 0.211281 65.6982 -0.0305684 0.999341 -0.0195655 -4.14029 -0.211807 0.0126536 0.977229 137.84 
0.977268 0.0387697 0.208433 65.849 -0.0354225 0.999177 -0.0197697 -4.167 -0.209028 0.011937 0.977837 138.647 
0.977423 0.0451238 0.206419 65.9911 -0.0418589 0.99892 -0.02016 -4.19062 -0.207105 0.0110643 0.978256 139.442 
0.977841 0.0461997 0.204189 66.1457 -0.0434094 0.998893 -0.0181265 -4.21654 -0.2048 0.008861 0.978764 140.242 
0.978204 0.0438803 0.202957 66.3026 -0.0420604 0.999027 -0.0132737 -4.23981 -0.203342 0.00444787 0.979098 141.055 
0.978628 0.0422937 0.20124 66.4554 -0.0403747 0.999092 -0.013633 -4.25615 -0.201634 0.00521651 0.979447 141.859 
0.979222 0.0405261 0.1987 66.608 -0.0379993 0.999141 -0.0165155 -4.28189 -0.199199 0.00862176 0.979921 142.656 
0.98032 0.0360414 0.194096 66.7504 -0.0328195 0.999265 -0.019791 -4.31167 -0.194667 0.0130313 0.980783 143.426 
0.981661 0.0331614 0.187729 66.8899 -0.0298279 0.999344 -0.0205555 -4.33614 -0.188287 0.0145789 0.982006 144.218 
0.982952 0.0310849 0.181213 67.0254 -0.028771 0.999468 -0.0153849 -4.35529 -0.181594 0.00990889 0.983323 145.019 
0.984194 0.0281237 0.174843 67.1603 -0.0273324 0.999602 -0.00693357 -4.37587 -0.174969 0.00204503 0.984572 145.831 
0.984919 0.0247359 0.171238 67.2893 -0.0255477 0.99967 0.00253817 -4.39478 -0.171119 -0.00687472 0.985226 146.636 
0.9854 0.0314648 0.167321 67.3954 -0.032774 0.99945 0.00506772 -4.40604 -0.16707 -0.0104776 0.985889 147.439 
0.986051 0.0341521 0.162899 67.4969 -0.0347208 0.999397 0.000643939 -4.4227 -0.162778 -0.00629101 0.986643 148.228 
0.987312 0.0347043 0.154952 67.6142 -0.0336415 0.999389 -0.00947774 -4.43572 -0.155187 0.00414459 0.987876 149.018 
0.9884 0.0314827 0.148576 67.7213 -0.0295867 0.99945 -0.0149548 -4.44363 -0.148965 0.0103854 0.988788 149.815 
0.989387 0.0305953 0.142047 67.8217 -0.0288939 0.999484 -0.0140263 -4.45615 -0.142403 0.00977305 0.98976 150.629 
0.990238 0.0370131 0.134381 67.9063 -0.0359121 0.999299 -0.0106095 -4.47992 -0.134679 0.00567994 0.990873 151.452 
0.991022 0.0426776 0.126704 67.9818 -0.0414703 0.999066 -0.012153 -4.50086 -0.127104 0.00678938 0.991866 152.262 
0.992172 0.0452614 0.116386 68.0594 -0.0434733 0.998895 -0.0178585 -4.51955 -0.117065 0.0126589 0.993043 153.066 
0.993181 0.043675 0.108094 68.1327 -0.0417023 0.998921 -0.0204456 -4.53114 -0.10887 0.0157984 0.99393 153.881 
0.994053 0.0433103 0.0999165 68.2017 -0.0417392 0.998971 -0.0177637 -4.54987 -0.100583 0.0134875 0.994837 154.703 
0.994683 0.045794 0.0922409 68.2542 -0.045026 0.998932 -0.0103921 -4.57435 -0.0926182 0.00618354 0.995682 155.521 
0.995214 0.0493291 0.0843546 68.2971 -0.0490927 0.998782 -0.00487683 -4.58975 -0.0844924 0.000712216 0.996424 156.343 
0.995907 0.0478998 0.0766516 68.3452 -0.0479419 0.998849 -0.00129359 -4.60454 -0.0766253 -0.00238661 0.997057 157.172 
0.996322 0.0488652 0.0703904 68.3869 -0.0490462 0.998796 0.000842985 -4.61593 -0.0702644 -0.00429234 0.997519 157.999 
0.996678 0.0479151 0.0658597 68.4336 -0.0479708 0.998848 -0.000738393 -4.63072 -0.0658192 -0.00242348 0.997829 158.819 
0.996717 0.0528587 0.0613309 68.4632 -0.0525884 0.998598 -0.00601511 -4.646 -0.0615628 0.00276999 0.998099 159.631 
0.996578 0.0593059 0.0575784 68.4831 -0.058642 0.998192 -0.0131541 -4.65322 -0.0582543 0.00973245 0.998254 160.431 
0.996716 0.0600034 0.0543784 68.5115 -0.0592473 0.998124 -0.0154144 -4.6696 -0.0552013 0.0121419 0.998401 161.249 
0.996763 0.0618396 0.0513649 68.5372 -0.0614551 0.998069 -0.00903492 -4.69029 -0.0518243 0.00584897 0.998639 162.078 
0.996743 0.0637458 0.0493895 68.5606 -0.063879 0.997957 0.00111938 -4.69889 -0.0492172 -0.00427077 0.998779 162.914 
0.99681 0.0650535 0.0462459 68.5831 -0.0655258 0.997812 0.00876801 -4.71459 -0.0455743 -0.0117704 0.998892 163.74 
0.99726 0.0617283 0.0407779 68.6088 -0.0620052 0.99806 0.00555754 -4.7237 -0.0403556 -0.00807083 0.999153 164.557 
0.998167 0.0495077 0.0348044 68.6417 -0.0493968 0.998771 -0.00404321 -4.73225 -0.0349617 0.00231649 0.999386 165.366 
0.998539 0.0467131 0.0271473 68.6616 -0.0464908 0.99888 -0.00876711 -4.73535 -0.0275263 0.00749213 0.999593 166.185 
0.998521 0.0504193 0.0203322 68.656 -0.0502702 0.998705 -0.0077847 -4.74198 -0.0206983 0.006751 0.999763 167.026 
0.99875 0.0483026 0.0128626 68.6551 -0.0482878 0.998832 -0.0014677 -4.75815 -0.0129184 0.000844673 0.999916 167.863 
0.999076 0.0426419 0.00527146 68.6546 -0.0426526 0.999088 0.0019085 -4.76458 -0.00518518 -0.00213166 0.999984 168.699 
0.999426 0.0338727 -0.00105811 68.6593 -0.0338654 0.999406 0.00642308 -4.77213 0.00127513 -0.00638363 0.999979 169.535 
0.999527 0.0298609 -0.00729015 68.6443 -0.0298163 0.999536 0.00615513 -4.77677 0.00747065 -0.00593494 0.999954 170.372 
0.999554 0.0266448 -0.0134908 68.618 -0.0266564 0.999644 -0.000671934 -4.78679 0.0134682 0.00103117 0.999909 171.205 
0.999631 0.0172398 -0.0209866 68.5937 -0.0174648 0.999791 -0.0105828 -4.79795 0.0207999 0.0109453 0.999724 172.037 
0.999599 0.00715315 -0.027395 68.5762 -0.0075573 0.999864 -0.0146747 -4.80585 0.0272864 0.0148757 0.999517 172.872 
0.999368 0.0107243 -0.0338845 68.5337 -0.0109869 0.999911 -0.00757084 -4.81611 0.0338004 0.00793826 0.999397 173.712 
0.99902 0.0212519 -0.0388308 68.4671 -0.0210613 0.999764 0.00531273 -4.82566 0.0389346 -0.00448978 0.999232 174.569 
0.998704 0.0262499 -0.0436117 68.4097 -0.0256922 0.999581 0.0132997 -4.83752 0.0439427 -0.0121621 0.99896 175.423 
0.998565 0.025807 -0.0469319 68.3479 -0.0253436 0.999624 0.0104423 -4.84433 0.0471838 -0.00923798 0.998843 176.261 
0.998416 0.0279501 -0.0488293 68.2925 -0.0280041 0.999608 -0.000420905 -4.85057 0.0487984 0.00178757 0.998807 177.086 
0.997922 0.0381702 -0.0519103 68.2227 -0.0387198 0.999204 -0.00962154 -4.85917 0.0515018 0.0116114 0.998605 177.913 
0.997858 0.036687 -0.0541646 68.1605 -0.0374537 0.999211 -0.0132068 -4.87322 0.0536374 0.0152071 0.998445 178.763 
0.997914 0.0312997 -0.0564629 68.1106 -0.0318262 0.999458 -0.0084482 -4.88643 0.056168 0.0102275 0.998369 179.623 
0.997929 0.0312979 -0.0561977 68.0503 -0.0313418 0.999509 0.000100582 -4.89494 0.0561733 0.00166088 0.99842 180.484 
0.997861 0.0330371 -0.0564064 67.9947 -0.0327842 0.999448 0.0054044 -4.90401 0.0565539 -0.00354368 0.998393 181.339 
0.997755 0.0328657 -0.0583565 67.9364 -0.0326461 0.999456 0.00471387 -4.91418 0.0584798 -0.00279825 0.998285 182.192 
0.997725 0.029541 -0.0606014 67.8722 -0.029882 0.999542 -0.00472663 -4.92279 0.0604342 0.00652668 0.998151 183.041 
0.997816 0.0190397 -0.0632552 67.8264 -0.0200743 0.999674 -0.0157591 -4.94257 0.0629347 0.0169944 0.997873 183.884 
0.99783 0.00846529 -0.0652915 67.7747 -0.00977573 0.999757 -0.019776 -4.96009 0.0651083 0.0203713 0.99767 184.734 
0.997738 0.0106747 -0.0663709 67.7065 -0.0117225 0.999812 -0.0154161 -4.9767 0.066194 0.0161592 0.997676 185.586 
0.997585 0.0160097 -0.0675784 67.6282 -0.0163841 0.999853 -0.0049884 -4.99584 0.0674887 0.00608348 0.997701 186.444 
0.997458 0.017149 -0.0691676 67.5581 -0.017278 0.99985 -0.00126652 -5.01793 0.0691356 0.00245829 0.997604 187.294 
0.997424 0.0160314 -0.0699187 67.4881 -0.0164284 0.999852 -0.00510515 -5.03242 0.0698266 0.00624056 0.99754 188.138 
0.997451 0.0162872 -0.0694721 67.4161 -0.017112 0.99979 -0.0112929 -5.04339 0.0692736 0.0124528 0.99752 188.975 
0.997293 0.0224801 -0.0700109 67.3378 -0.0233487 0.99966 -0.0116122 -5.06211 0.0697261 0.0132154 0.997479 189.81 
0.997225 0.0251233 -0.070075 67.2587 -0.0257939 0.99963 -0.00868021 -5.08095 0.069831 0.0104635 0.997504 190.651 
0.997086 0.0284754 -0.0707641 67.1823 -0.0289426 0.999565 -0.00558399 -5.10136 0.0705744 0.00761573 0.997477 191.481 
0.99701 0.0311578 -0.0707133 67.1093 -0.0313859 0.999505 -0.00211562 -5.1265 0.0706125 0.0043286 0.997494 192.303 
