1 -4.23778e-08 4.22719e-08 0 -4.23778e-08 1 -4.19404e-08 0 4.22719e-08 -4.19404e-08 1 0 
0.99909 -0.000441359 0.0426434 0.11499 0.000536969 0.999997 -0.00223269 -0.0491106 -0.0426422 0.00225347 0.999088 1.09417 
0.996259 -0.00468338 0.0862917 0.388675 0.00526259 0.999965 -0.00648703 -0.112678 -0.0862582 0.0069168 0.996249 2.11108 
0.991377 -0.00416224 0.130976 0.558605 0.00557715 0.99993 -0.0104386 -0.140238 -0.130923 0.011079 0.991331 3.18211 
0.984323 -0.00290044 0.176351 0.794513 0.00518354 0.999909 -0.0124875 -0.211746 -0.176298 0.0132058 0.984248 4.31799 
0.974999 -0.00555244 0.22214 1.00261 0.00851591 0.999887 -0.0123853 -0.240549 -0.222046 0.0139674 0.974936 5.29043 
0.963629 -0.00674253 0.26716 1.29673 0.0106962 0.999854 -0.0133467 -0.271681 -0.26703 0.0157188 0.96356 6.32391 
0.950106 -0.00949637 0.311783 1.46157 0.015125 0.999763 -0.0156401 -0.31505 -0.311561 0.0195754 0.950024 7.21312 
0.93514 -0.0113017 0.354098 1.81394 0.0184563 0.999688 -0.0168348 -0.356534 -0.353797 0.0222781 0.935057 8.13752 
0.91808 -0.0116575 0.396224 2.20722 0.0202478 0.999642 -0.017505 -0.387196 -0.395878 0.0240935 0.917987 9.05184 
0.898593 -0.0119547 0.43862 2.62979 0.0209049 0.99966 -0.0155817 -0.426452 -0.438285 0.0231709 0.898537 9.93264 
0.87715 -0.0120509 0.480065 3.08613 0.0214384 0.999671 -0.0140769 -0.485313 -0.479737 0.0226393 0.87712 10.7515 
0.853269 -0.0119507 0.521334 3.58903 0.0218141 0.99968 -0.0127873 -0.519617 -0.521014 0.0222833 0.853257 11.5817 
0.828053 -0.0127246 0.560506 4.22191 0.0238739 0.999636 -0.0125761 -0.564935 -0.560142 0.0237951 0.828055 12.4924 
0.800449 -0.0146819 0.599221 4.8063 0.0271459 0.999562 -0.0117711 -0.605972 -0.598786 0.0256885 0.800497 13.3553 
0.771825 -0.0132875 0.635696 5.43381 0.0275811 0.99954 -0.0125949 -0.630309 -0.635236 0.0272543 0.771837 14.1365 
0.741038 -0.0161964 0.671268 6.11283 0.0319893 0.999425 -0.0112002 -0.646301 -0.670701 0.0297732 0.74113 14.9427 
0.709261 -0.0156282 0.704773 6.8096 0.0321978 0.999429 -0.0102409 -0.684594 -0.70421 0.0299555 0.709359 15.6449 
0.675129 -0.0141377 0.737564 7.54285 0.0329558 0.999396 -0.0110097 -0.713402 -0.736963 0.03174 0.675188 16.3299 
0.639686 -0.0154268 0.768481 8.34451 0.037401 0.999239 -0.0110738 -0.741286 -0.767725 0.0358257 0.639776 16.9978 
0.603315 -0.0137167 0.797385 9.13345 0.0373375 0.999241 -0.0110613 -0.772096 -0.796628 0.0364458 0.60337 17.59 
0.565494 -0.0124111 0.824659 9.96679 0.0397847 0.999133 -0.0122448 -0.803554 -0.823792 0.0397331 0.565498 18.1724 
0.526614 -0.011021 0.850033 10.8707 0.0445841 0.998898 -0.0146698 -0.827655 -0.848935 0.0456232 0.526525 18.7498 
0.487958 -0.0105106 0.872804 11.7235 0.0466653 0.998812 -0.0140613 -0.850379 -0.871619 0.047591 0.487869 19.2344 
0.449247 -0.0119584 0.893327 12.642 0.0512298 0.99861 -0.0123954 -0.868436 -0.891937 0.0513335 0.449235 19.7068 
0.412126 -0.0127836 0.911037 13.5621 0.0550224 0.998426 -0.0108807 -0.889507 -0.909464 0.0546117 0.412181 20.1106 
0.377102 -0.0105652 0.926111 14.5222 0.0563269 0.998346 -0.0115465 -0.906245 -0.924457 0.0565191 0.377073 20.4856 
0.344702 -0.011353 0.938643 15.5944 0.0574166 0.99831 -0.00901079 -0.927009 -0.936954 0.0569997 0.344771 20.833 
0.311996 -0.01287 0.949996 16.6582 0.0599546 0.998182 -0.00616743 -0.930365 -0.94819 0.0588808 0.3122 21.1394 
0.27929 -0.0126872 0.960123 17.7802 0.0613814 0.998103 -0.0046662 -0.921438 -0.958243 0.0602369 0.279539 21.5094 
0.247323 -0.00977416 0.968884 18.8166 0.0588232 0.998256 -0.00494514 -0.933434 -0.967146 0.0582158 0.247466 21.7895 
0.216443 -0.00836999 0.976259 19.8867 0.0592171 0.998235 -0.0045705 -0.940996 -0.974498 0.0588005 0.216556 22.0477 
0.185029 -0.0075673 0.982704 21.1673 0.0621086 0.998061 -0.00400872 -0.917539 -0.980768 0.0617761 0.185141 22.4257 
0.155043 -0.0077523 0.987877 22.2301 0.0651622 0.997872 -0.00239626 -0.926193 -0.985756 0.0647437 0.155218 22.5743 
0.125086 -0.00860662 0.992109 23.3357 0.0642706 0.997932 0.000553763 -0.935384 -0.990062 0.0636941 0.12538 22.705 
0.0957563 -0.00883821 0.995365 24.5377 0.064523 0.997913 0.00265349 -0.956564 -0.993311 0.0639699 0.0961267 22.84 
0.0685388 -0.00856025 0.997612 25.6264 0.0669853 0.997746 0.00395923 -0.956398 -0.995397 0.066554 0.0689577 22.9178 
0.0431405 -0.00807023 0.999036 26.7695 0.0707993 0.997478 0.00500029 -0.960268 -0.996557 0.0705154 0.0436031 22.9699 
0.0192848 -0.00775408 0.999784 27.9194 0.0746517 0.99719 0.00629392 -0.962134 -0.997023 0.0745142 0.0198095 23.0399 
-0.0011107 -0.00781129 0.999969 29.2397 0.081008 0.996682 0.00787551 -0.936933 -0.996713 0.0810142 -0.000474245 23.0665 
-0.0191359 -0.00819643 0.999783 30.4349 0.0845253 0.996373 0.00978621 -0.929621 -0.996237 0.0846943 -0.0183737 23.0537 
-0.0347416 -0.00790214 0.999365 31.696 0.0879864 0.996062 0.0109347 -0.906258 -0.995516 0.0883104 -0.0339095 23.0479 
-0.0494545 -0.00892392 0.998736 32.9358 0.0904396 0.995812 0.013376 -0.909201 -0.994673 0.0909868 -0.0484403 23.0137 
-0.063124 -0.0104294 0.997951 34.1421 0.0905462 0.995761 0.0161338 -0.905206 -0.99389 0.0913791 -0.0619121 22.958 
-0.0754819 -0.010391 0.997093 35.3169 0.090193 0.995776 0.017205 -0.903025 -0.99306 0.0912294 -0.0742259 22.8883 
-0.0870917 -0.0079549 0.996168 36.6322 0.0907207 0.99575 0.0158829 -0.905447 -0.992061 0.0917564 -0.0859999 22.8002 
-0.0969912 -0.00454395 0.995275 37.8795 0.0910419 0.995757 0.0134183 -0.888492 -0.991112 0.0919132 -0.096166 22.6957 
-0.106632 -0.00213871 0.994296 39.0881 0.0928519 0.995606 0.0120993 -0.88065 -0.989954 0.0936125 -0.105965 22.5843 
-0.114099 -0.00099668 0.993469 40.3993 0.0928188 0.995615 0.0116589 -0.867917 -0.989124 0.0935429 -0.113506 22.4662 
-0.12022 -0.000364889 0.992747 41.7485 0.0921912 0.995674 0.0115301 -0.86446 -0.988457 0.0929087 -0.119667 22.3354 
-0.125852 0.00121385 0.992048 43.097 0.0927371 0.995635 0.0105464 -0.846053 -0.987705 0.093327 -0.125415 22.2043 
-0.129941 0.00243334 0.991519 44.3999 0.0912392 0.995783 0.00951324 -0.843135 -0.987315 0.0917015 -0.129615 22.0427 
-0.133394 0.00323361 0.991058 45.9178 0.0922798 0.995691 0.00917186 -0.840618 -0.986757 0.0926781 -0.133118 21.7768 
-0.136064 0.00203299 0.990698 47.4073 0.0926768 0.995639 0.0106852 -0.847899 -0.986356 0.0932686 -0.135659 21.5583 
-0.138631 -1.33715e-05 0.990344 48.8775 0.0931463 0.995567 0.0130523 -0.832057 -0.985954 0.0940563 -0.138015 21.3858 
-0.140664 -0.00124387 0.990057 50.3544 0.093441 0.995519 0.0145264 -0.816705 -0.985638 0.0945552 -0.139917 21.1635 
-0.142739 -0.000916973 0.98976 51.7698 0.0967932 0.995193 0.0148811 -0.843783 -0.985016 0.0979262 -0.141964 20.9758 
-0.143879 -0.00122814 0.989594 53.1964 0.095956 0.99527 0.0151863 -0.831022 -0.984932 0.0971425 -0.14308 20.8075 
-0.144874 -2.28309e-05 0.98945 54.7276 0.0976925 0.995113 0.0143269 -0.829249 -0.984615 0.0987374 -0.144164 20.6278 
-0.145413 -0.000471267 0.989371 55.9514 0.0966468 0.99521 0.0146787 -0.845848 -0.984639 0.097754 -0.144671 20.4988 
-0.144562 0.00064425 0.989495 57.6024 0.0973178 0.995161 0.0135698 -0.844504 -0.984698 0.0982572 -0.143925 20.28 
-0.143358 0.000355928 0.989671 59.0982 0.0984697 0.995043 0.0139058 -0.826844 -0.98476 0.0994461 -0.142682 20.0857 
-0.142235 -0.000906584 0.989832 60.6782 0.0973916 0.995134 0.0149062 -0.826222 -0.98503 0.0985216 -0.141455 19.8915 
-0.141499 -0.000455909 0.989938 62.2788 0.0990317 0.994977 0.0146135 -0.818972 -0.984972 0.100103 -0.140743 19.6904 
-0.140736 0.000417982 0.990047 63.8639 0.0992787 0.994965 0.0136924 -0.790437 -0.985057 0.100218 -0.140069 19.4917 
-0.140047 0.000749614 0.990144 65.4564 0.100686 0.994827 0.0134879 -0.772217 -0.985012 0.101582 -0.139398 19.2978 
-0.139537 0.000637282 0.990216 67.0678 0.0993638 0.994961 0.0133615 -0.757387 -0.985219 0.100256 -0.138898 19.1024 
-0.138719 -0.000959851 0.990331 68.7101 0.101335 0.994737 0.0151584 -0.739654 -0.985134 0.102458 -0.137891 18.8842 
-0.13825 -0.0035214 0.990391 70.355 0.102154 0.994609 0.0177961 -0.736871 -0.985115 0.103633 -0.137145 18.6737 
-0.137709 -0.00262341 0.990469 71.8475 0.105202 0.994301 0.0172601 -0.766311 -0.98487 0.106576 -0.136648 18.5062 
-0.136904 -0.00124251 0.990583 73.5735 0.107647 0.994058 0.0161241 -0.768123 -0.984718 0.108841 -0.135956 18.2969 
-0.135623 -0.00196864 0.990758 75.2815 0.107095 0.994109 0.0166353 -0.769579 -0.984955 0.108362 -0.134614 18.0692 
-0.135247 -0.00208545 0.99081 77.0051 0.107904 0.994019 0.0168212 -0.762924 -0.984919 0.109187 -0.134213 17.858 
-0.135043 -0.00348245 0.990834 78.7023 0.107547 0.994034 0.0181514 -0.767707 -0.984986 0.109013 -0.133863 17.6507 
-0.134436 -0.00334533 0.990917 80.4287 0.109133 0.993861 0.018161 -0.748154 -0.984894 0.110583 -0.133245 17.4244 
-0.134943 -0.00378624 0.990846 82.1898 0.11041 0.993708 0.0188338 -0.739334 -0.984683 0.111941 -0.133675 17.223 
-0.134468 -0.00305017 0.990913 83.9323 0.111575 0.993589 0.0181993 -0.731759 -0.984616 0.113009 -0.133266 16.999 
-0.135022 -0.00268406 0.990839 85.7175 0.111191 0.993639 0.0178436 -0.720418 -0.984584 0.112582 -0.133865 16.7774 
-0.135856 -0.00193219 0.990727 87.5346 0.110352 0.993746 0.0170703 -0.697204 -0.984564 0.111648 -0.134793 16.5368 
-0.137739 -0.00155388 0.990467 89.3168 0.109886 0.993801 0.0168403 -0.692383 -0.984354 0.111158 -0.136715 16.3291 
-0.138855 -0.00256297 0.990309 91.029 0.108554 0.993931 0.017793 -0.689754 -0.984345 0.109973 -0.137734 16.1157 
-0.140458 -0.00306694 0.990082 92.8114 0.108584 0.993915 0.018483 -0.685719 -0.984114 0.110103 -0.13927 15.9115 
-0.14082 -0.00442319 0.990025 94.5964 0.106181 0.994155 0.0195446 -0.677221 -0.984325 0.107874 -0.139527 15.6844 
-0.141877 -0.00342628 0.989878 96.4177 0.106495 0.994137 0.0187046 -0.654581 -0.984139 0.108071 -0.140681 15.433 
-0.14392 -0.00292366 0.989585 98.1268 0.104612 0.994347 0.018152 -0.646437 -0.984044 0.106135 -0.142801 15.1667 
-0.14792 -0.00208742 0.988997 99.9759 0.105693 0.994237 0.0179064 -0.633318 -0.983335 0.107179 -0.146847 14.9137 
-0.151701 -0.00318226 0.988421 101.823 0.104035 0.994389 0.0191685 -0.619419 -0.982936 0.105738 -0.150519 14.6433 
-0.156202 -0.00435817 0.987715 103.709 0.102163 0.994555 0.0205448 -0.606605 -0.982427 0.104117 -0.154907 14.3605 
-0.161792 -0.00428956 0.986815 105.547 0.10119 0.994647 0.0209139 -0.6041 -0.981623 0.103239 -0.160492 14.114 
-0.166108 -0.00213545 0.986105 107.507 0.102808 0.994511 0.0194715 -0.574401 -0.980734 0.104614 -0.164977 13.7997 
-0.170999 -0.000470764 0.985271 109.414 0.102598 0.994555 0.0182814 -0.555825 -0.979915 0.104213 -0.170019 13.4987 
-0.17577 -0.000143193 0.984431 111.311 0.101334 0.994685 0.0182378 -0.535719 -0.979202 0.102962 -0.174822 13.1909 
-0.180213 -0.000350312 0.983627 113.228 0.0997813 0.994835 0.0186354 -0.511168 -0.978553 0.101506 -0.179247 12.8599 
-0.185143 -0.0011139 0.982711 115.169 0.0974526 0.995049 0.0194879 -0.487542 -0.977867 0.0993758 -0.184118 12.52 
-0.190715 -0.00133408 0.981644 117.136 0.0965342 0.995126 0.0201071 -0.459269 -0.976887 0.098597 -0.189657 12.1751 
-0.195577 -0.00134648 0.980687 119.127 0.096573 0.995112 0.0206256 -0.431123 -0.975922 0.0987418 -0.194491 11.7897 
-0.201494 0.000127171 0.97949 121.065 0.09676 0.995111 0.0197755 -0.411297 -0.974699 0.0987601 -0.200521 11.4255 
-0.206619 0.00139744 0.97842 122.982 0.0958858 0.995214 0.0188273 -0.380937 -0.973712 0.0977067 -0.205764 11.0531 
-0.212165 0.00125592 0.977233 124.897 0.097131 0.995074 0.019809 -0.367789 -0.972395 0.0991224 -0.211242 10.6768 
-0.217217 0.00175633 0.976122 126.88 0.0967936 0.995108 0.019749 -0.330194 -0.971312 0.0987721 -0.216325 10.2614 
-0.222206 0.00266966 0.974996 128.934 0.0967443 0.995122 0.0193236 -0.299106 -0.970188 0.0986192 -0.22138 9.81392 
-0.226297 0.00283021 0.974054 130.895 0.0957842 0.995214 0.0193613 -0.277125 -0.969337 0.0976804 -0.225485 9.36787 
-0.230123 0.00241832 0.973158 132.825 0.0972458 0.995049 0.020523 -0.235935 -0.968291 0.0993584 -0.229219 8.93359 
-0.234009 0.00251189 0.972231 134.834 0.0993369 0.994825 0.0213394 -0.197639 -0.967146 0.101572 -0.233048 8.4629 
-0.236974 0.00311086 0.971511 136.821 0.0998867 0.994773 0.0211793 -0.16337 -0.966367 0.10206 -0.236046 7.99507 
-0.240152 0.00358365 0.970729 138.836 0.100102 0.994753 0.0210923 -0.139474 -0.96556 0.102238 -0.239251 7.52087 
-0.243159 0.0035522 0.96998 140.873 0.0990207 0.99486 0.0211795 -0.10454 -0.964919 0.101198 -0.242261 7.02359 
-0.246252 0.00358678 0.969199 142.852 0.0968821 0.995076 0.020933 -0.102488 -0.964351 0.0990529 -0.245387 6.50323 
-0.250381 0.00453048 0.968137 144.951 0.0963042 0.995146 0.0202494 -0.0791398 -0.963346 0.0983057 -0.249602 5.99884 
-0.255168 0.00390592 0.966889 147.007 0.0952504 0.995229 0.0211167 -0.060094 -0.962194 0.0974849 -0.254323 5.49336 
-0.260037 0.0043615 0.965589 148.966 0.0958987 0.995162 0.0213307 -0.0662666 -0.960825 0.0981455 -0.259197 5.02571 
-0.264425 0.00463964 0.964395 150.948 0.0956104 0.995188 0.0214273 -0.0678185 -0.959655 0.0978722 -0.263596 4.48856 
-0.268358 0.00510529 0.963306 152.943 0.0957127 0.995179 0.0213894 -0.0208971 -0.958552 0.0979406 -0.267553 3.92911 
-0.272482 0.00398782 0.962152 154.913 0.0949813 0.995218 0.0227738 -0.0152857 -0.957461 0.097592 -0.271558 3.39817 
-0.276193 0.00395668 0.961094 156.911 0.0954819 0.995157 0.0233419 0.000320536 -0.956348 0.0982139 -0.275233 2.84526 
-0.280221 0.00431845 0.959926 158.892 0.0963887 0.995062 0.0236611 0.0109713 -0.955084 0.0991564 -0.279254 2.29623 
-0.283809 0.00549876 0.958865 160.891 0.0960779 0.995114 0.0227309 0.0326208 -0.954055 0.098577 -0.282951 1.74328 
-0.287409 0.00665246 0.957785 162.931 0.0956414 0.995177 0.0217875 0.0477951 -0.953021 0.0978658 -0.286659 1.17897 
-0.290954 0.00741199 0.956708 164.955 0.0960057 0.995149 0.0214874 0.0607062 -0.951908 0.0981014 -0.290255 0.597448 
-0.294267 0.0080898 0.955689 167.034 0.0954683 0.995211 0.0209713 0.0879769 -0.950943 0.0974091 -0.29363 -0.00876222 
-0.297814 0.00807531 0.95459 169.18 0.0954463 0.995205 0.0213584 0.11252 -0.94984 0.0974729 -0.297156 -0.638991 
-0.302303 0.00834983 0.953175 171.317 0.095084 0.995238 0.0214378 0.132133 -0.948458 0.0971125 -0.301657 -1.21866 
-0.306474 0.00884073 0.951838 173.356 0.0968125 0.995061 0.0219295 0.140698 -0.946943 0.0988706 -0.305816 -1.81603 
-0.309214 0.00920283 0.950948 175.47 0.0986463 0.994869 0.0224483 0.169648 -0.945862 0.100749 -0.308535 -2.47773 
-0.311728 0.00835408 0.950135 177.458 0.0988096 0.994825 0.0236712 0.184348 -0.94502 0.101261 -0.31094 -3.10029 
-0.314545 0.008316 0.949206 179.57 0.0991178 0.994783 0.02413 0.218023 -0.944053 0.101673 -0.313729 -3.77563 
-0.317566 0.00845988 0.948198 181.599 0.0975509 0.994946 0.0237942 0.227304 -0.943205 0.100054 -0.316786 -4.39648 
-0.320793 0.010458 0.947092 183.675 0.0970564 0.995038 0.0218868 0.253145 -0.942163 0.0989424 -0.320216 -5.05621 
-0.323298 0.0120194 0.946221 185.536 0.0962647 0.99515 0.0202501 0.264984 -0.941388 0.0976344 -0.322887 -5.69703 
-0.326605 0.0127815 0.945074 187.43 0.0957488 0.995212 0.0196298 0.264686 -0.940299 0.096901 -0.326265 -6.31499 
-0.329942 0.0138002 0.9439 189.512 0.0954733 0.995254 0.0188218 0.246589 -0.939161 0.0963274 -0.329693 -6.9841 
-0.333279 0.014029 0.942724 191.619 0.0964005 0.995156 0.0192709 0.270955 -0.937887 0.0973017 -0.333017 -7.7027 
-0.33695 0.0129618 0.941433 193.73 0.0955148 0.995217 0.0204835 0.286605 -0.936665 0.0968227 -0.336577 -8.42133 
-0.341001 0.0122518 0.939983 195.868 0.0955254 0.995191 0.0216827 0.295747 -0.935197 0.0971861 -0.340532 -9.13901 
-0.345835 0.011644 0.938223 197.937 0.0946143 0.995259 0.0225236 0.315483 -0.933513 0.0965588 -0.345297 -9.81943 
-0.349978 0.0115738 0.936686 200.088 0.0933624 0.995376 0.0225843 0.324846 -0.932094 0.0953553 -0.34944 -10.5426 
-0.353903 0.0119329 0.935206 202.246 0.0919346 0.99552 0.0220875 0.344803 -0.930753 0.0937947 -0.353414 -11.303 
-0.356243 0.0128878 0.934304 204.42 0.0913921 0.995591 0.0211138 0.381741 -0.929913 0.0929097 -0.35585 -12.1141 
-0.360163 0.0134481 0.932793 206.477 0.0918636 0.995548 0.0211167 0.376546 -0.928355 0.0932952 -0.359794 -12.7926 
-0.362446 0.0130942 0.931913 208.579 0.0930906 0.99541 0.0222189 0.392502 -0.927344 0.0948055 -0.362001 -13.6013 
-0.364987 0.012376 0.93093 210.633 0.0943748 0.995253 0.0237701 0.393129 -0.926217 0.0965321 -0.364423 -14.3907 
-0.367779 0.0132256 0.929819 212.783 0.0948696 0.995215 0.0233687 0.415891 -0.925061 0.0968061 -0.367274 -15.2111 
-0.370178 0.0136618 0.92886 214.932 0.0944198 0.995267 0.0229905 0.436497 -0.92415 0.0962134 -0.369716 -16.0441 
-0.37247 0.013894 0.92794 217.077 0.0947585 0.995231 0.0231339 0.458673 -0.923194 0.0965469 -0.372011 -16.879 
-0.375515 0.0148822 0.926697 219.212 0.0941136 0.995315 0.0221525 0.467409 -0.922025 0.0955334 -0.375157 -17.7012 
-0.378653 0.015863 0.925403 221.226 0.0940151 0.995341 0.0214069 0.469638 -0.920751 0.0951076 -0.37838 -18.4847 
-0.381622 0.0162058 0.924176 223.248 0.0924673 0.9955 0.0207261 0.490902 -0.919682 0.0933657 -0.381403 -19.2027 
-0.384462 0.0172936 0.922979 225.369 0.0935916 0.995403 0.0203345 0.488849 -0.918384 0.0942009 -0.384314 -20.0448 
-0.386373 0.0166137 0.922193 227.557 0.0953301 0.995202 0.0220117 0.498787 -0.917403 0.0964175 -0.386103 -20.9494 
-0.390181 0.0156957 0.920604 229.573 0.0957087 0.99513 0.023598 0.501159 -0.91575 0.0973173 -0.389783 -21.6924 
-0.394029 0.0148394 0.918978 231.575 0.0940555 0.995271 0.0242567 0.496726 -0.914273 0.0959928 -0.393562 -22.4748 
-0.397357 0.0147023 0.917546 233.582 0.0926897 0.995401 0.0241908 0.485779 -0.912971 0.0946595 -0.396893 -23.2701 
-0.401062 0.0139477 0.915945 235.61 0.0907606 0.995569 0.0245808 0.501524 -0.911544 0.0929901 -0.400551 -24.0896 
-0.404841 0.0132043 0.914292 237.697 0.0893982 0.995677 0.0252051 0.52858 -0.910006 0.0919401 -0.404271 -24.9433 
-0.408383 0.0134721 0.912711 239.78 0.0895144 0.995663 0.0253557 0.538497 -0.908411 0.0920557 -0.407817 -25.8382 
-0.41232 0.0127945 0.910949 241.812 0.0890898 0.995675 0.0263398 0.537724 -0.906673 0.0920167 -0.411677 -26.7022 
-0.415777 0.0120339 0.909387 243.862 0.0886245 0.99569 0.0273436 0.530569 -0.905138 0.0919628 -0.415052 -27.6003 
-0.420245 0.0118926 0.907333 245.997 0.0879138 0.995744 0.0276671 0.53585 -0.903142 0.091394 -0.419502 -28.4883 
-0.424426 0.0126341 0.905374 248.142 0.0881372 0.995731 0.0274224 0.57729 -0.901163 0.091436 -0.423728 -29.4363 
-0.427835 0.0133081 0.903759 250.332 0.0885293 0.995701 0.0272473 0.611631 -0.899511 0.0916665 -0.427173 -30.4185 
-0.431706 0.0128104 0.901923 252.438 0.0878883 0.995739 0.0279248 0.616793 -0.897722 0.0913239 -0.430992 -31.4051 
-0.435673 0.0129818 0.900012 254.514 0.0866317 0.995859 0.0275718 0.621679 -0.895926 0.0899819 -0.434993 -32.3332 
-0.439483 0.0131026 0.898155 256.649 0.0869493 0.995819 0.0280184 0.650025 -0.894032 0.0904076 -0.438785 -33.3231 
-0.44308 0.0138231 0.896375 258.777 0.0875756 0.995766 0.0279328 0.694429 -0.892194 0.0908771 -0.442415 -34.3096 
-0.447191 0.0146403 0.894319 260.816 0.089115 0.99562 0.0282619 0.695117 -0.889988 0.0923357 -0.446537 -35.2453 
-0.451212 0.0169325 0.892256 262.838 0.0911461 0.995466 0.0272013 0.737952 -0.88775 0.0935992 -0.45071 -36.1754 
-0.454664 0.0171657 0.890498 264.841 0.0920455 0.995366 0.0278086 0.736614 -0.885894 0.0946099 -0.454137 -37.0824 
-0.45737 0.0192859 0.889067 266.919 0.0943285 0.995177 0.0269385 0.77115 -0.88426 0.0961853 -0.456983 -38.091 
-0.460492 0.0210504 0.887414 268.912 0.0962418 0.995009 0.0263385 0.756658 -0.882431 0.097535 -0.46022 -39.0479 
-0.462988 0.0221522 0.886087 270.991 0.0973119 0.994915 0.0259734 0.817232 -0.881006 0.0982522 -0.46279 -40.0991 
-0.467239 0.0228646 0.883835 273.156 0.0977107 0.994877 0.0259173 0.833393 -0.878715 0.0984698 -0.467079 -41.0732 
-0.470451 0.0221746 0.882148 275.307 0.0964498 0.994987 0.0264257 0.860331 -0.877139 0.097515 -0.470231 -42.1855 
-0.474293 0.0233495 0.880057 277.451 0.0968477 0.994965 0.0257962 0.899691 -0.875024 0.0974665 -0.474166 -43.2947 
-0.477851 0.024001 0.878113 279.552 0.096114 0.995054 0.0251058 0.945723 -0.873167 0.0963958 -0.477794 -44.3454 
-0.481027 0.0241627 0.876373 281.612 0.0953885 0.995128 0.0249202 0.978345 -0.871501 0.0955831 -0.480988 -45.3732 
-0.484514 0.0241773 0.874449 283.624 0.0962913 0.995018 0.0258422 0.997454 -0.869467 0.0967227 -0.484429 -46.346 
-0.486785 0.0244854 0.873178 285.673 0.0979154 0.994837 0.0266896 1.03242 -0.868016 0.0984897 -0.486669 -47.4323 
-0.489617 0.024733 0.871587 287.777 0.0999234 0.994604 0.0279084 1.04633 -0.866193 0.100756 -0.489446 -48.484 
-0.492194 0.0247641 0.870133 289.812 0.100043 0.994581 0.0282837 1.09392 -0.864718 0.100972 -0.492004 -49.5071 
-0.49401 0.0237631 0.869131 292.107 0.0985857 0.994711 0.028839 1.16886 -0.863849 0.0999306 -0.49374 -50.8465 
-0.497142 0.0238027 0.867342 294.169 0.0992993 0.994617 0.0296207 1.20868 -0.861968 0.100852 -0.49683 -51.9592 
-0.499412 0.0233446 0.86605 296.353 0.0991867 0.994605 0.0303866 1.2487 -0.860668 0.101076 -0.499033 -53.1778 
-0.501955 0.0235462 0.864573 298.612 0.100233 0.994477 0.0311093 1.28869 -0.859066 0.102274 -0.501543 -54.4362 
-0.505236 0.0257365 0.862597 300.635 0.100428 0.994517 0.0291494 1.32275 -0.857117 0.101356 -0.505051 -55.5243 
-0.508464 0.0251191 0.860716 302.571 0.0990473 0.994646 0.029484 1.3556 -0.855367 0.100243 -0.50823 -56.613 
-0.512925 0.0235345 0.858111 304.684 0.0964203 0.994878 0.0303485 1.43099 -0.853001 0.0983058 -0.512567 -57.8035 
-0.517978 0.0205513 0.855147 306.917 0.0934578 0.995086 0.0326946 1.47152 -0.850273 0.0968552 -0.517353 -59.0592 
-0.523025 0.0190626 0.852104 309.062 0.091474 0.995231 0.0338826 1.53508 -0.847394 0.0956668 -0.522275 -60.3179 
-0.527658 0.0185233 0.849255 311.295 0.0915086 0.995184 0.0351498 1.57401 -0.844513 0.0962612 -0.526812 -61.6314 
-0.532063 0.0196081 0.846477 313.542 0.0932674 0.995005 0.0355757 1.64449 -0.841552 0.0978773 -0.531235 -62.9964 
-0.536953 0.0205004 0.843363 315.851 0.0948055 0.994838 0.0361783 1.7111 -0.838268 0.0993815 -0.536125 -64.3665 
-0.540834 0.0198141 0.840896 317.957 0.0943031 0.994848 0.0372106 1.76291 -0.835826 0.0994238 -0.539916 -65.6884 
-0.545009 0.0185701 0.838224 320.2 0.0951797 0.994662 0.0398494 1.79657 -0.83301 0.1015 -0.543868 -67.0673 
-0.548994 0.0165714 0.835662 322.245 0.093696 0.994722 0.0418286 1.84951 -0.830558 0.101262 -0.547649 -68.3473 
-0.552574 0.015654 0.833317 324.281 0.0918418 0.994878 0.0422116 1.90522 -0.828388 0.0998584 -0.551182 -69.6822 
-0.556185 0.0146222 0.830929 326.289 0.0896733 0.995063 0.0425125 1.96385 -0.826206 0.098157 -0.554751 -70.9925 
-0.559827 0.0145773 0.828481 328.55 0.0912521 0.994848 0.0441568 2.04041 -0.82357 0.100321 -0.558273 -72.4629 
-0.563738 0.0142159 0.825831 330.82 0.0919945 0.994711 0.0456752 2.13092 -0.820815 0.101721 -0.562064 -73.9699 
-0.567637 0.0138612 0.823162 333.083 0.0927296 0.994572 0.0471969 2.22556 -0.81804 0.103122 -0.565841 -75.4874 
-0.571523 0.0135132 0.820474 335.339 0.0934574 0.99443 0.048722 2.32433 -0.815246 0.104525 -0.569603 -77.0152 
-0.575398 0.0131718 0.817768 337.587 0.0941777 0.994286 0.0502503 2.42726 -0.812433 0.105929 -0.573351 -78.5535 
-0.57846 0.0120564 0.815621 339.717 0.0911749 0.994581 0.0499619 2.51319 -0.810599 0.103265 -0.576425 -79.9811 
-0.581336 0.0112495 0.813586 341.922 0.087762 0.994938 0.048952 2.61761 -0.808917 0.0998595 -0.57938 -81.4782 
-0.584841 0.0107713 0.811077 344.003 0.0846926 0.995257 0.0478517 2.70916 -0.806715 0.0966778 -0.582979 -82.8967 
-0.587352 0.00841426 0.809288 346.068 0.0831779 0.995279 0.0500195 2.79357 -0.805046 0.0966939 -0.585279 -84.3178 
-0.590797 0.00853011 0.806775 348.265 0.0846719 0.995078 0.0514837 2.89699 -0.802365 0.0987276 -0.588612 -85.8422 
-0.593504 0.00842206 0.804787 350.414 0.0832754 0.995221 0.0509979 3.00992 -0.800511 0.0972865 -0.591369 -87.3875 
-0.596795 0.0069731 0.802363 352.443 0.0808601 0.995394 0.0514928 3.08232 -0.798309 0.0956099 -0.59461 -88.8138 
-0.599155 0.00353542 0.800625 354.544 0.0785538 0.995425 0.0543907 3.19318 -0.79677 0.0954806 -0.596692 -90.3365 
-0.60239 0.00141788 0.7982 356.683 0.0760322 0.995553 0.0556119 3.31098 -0.794572 0.094189 -0.599819 -91.8789 
-0.605362 0.000416712 0.79595 358.77 0.0749935 0.995581 0.0565152 3.41639 -0.792409 0.0939033 -0.602718 -93.3903 
-0.607952 0.000222045 0.793974 360.919 0.0739753 0.995666 0.0563649 3.53596 -0.79052 0.0930016 -0.605333 -94.9788 
-0.610509 2.59331e-05 0.79201 363.068 0.0743443 0.995586 0.0572745 3.65373 -0.788513 0.093848 -0.607816 -96.5867 
-0.61359 -0.00126325 0.789624 365.147 0.0725947 0.995673 0.0580037 3.75223 -0.786281 0.092913 -0.610844 -98.1636 
-0.61614 -0.00263482 0.787632 367.225 0.0700623 0.995847 0.0581388 3.86242 -0.784514 0.091005 -0.613396 -99.7285 
-0.618842 -0.00582151 0.785494 369.328 0.0607024 0.996628 0.0552099 3.96397 -0.783166 0.0818475 -0.616402 -101.308 
-0.622005 -0.00358478 0.783005 371.433 0.0525551 0.997543 0.0463157 4.06914 -0.781248 0.0699595 -0.620288 -102.891 
-0.625035 0.00676702 0.780567 373.543 0.0627904 0.997158 0.0416343 4.15233 -0.778067 0.0750351 -0.623684 -104.486 
-0.624566 0.00748409 0.780936 375.118 0.0693668 0.996533 0.0459269 4.2833 -0.777885 0.0828554 -0.62292 -106.023 
-0.627582 -0.00185043 0.778548 377.254 0.0678765 0.996059 0.0570822 4.38971 -0.775586 0.0886689 -0.624984 -107.62 
-0.629896 -0.0124188 0.77658 379.208 0.0616788 0.995914 0.0659549 4.48856 -0.774227 0.0894433 -0.626556 -109.137 
-0.632727 -0.0190626 0.77414 381.098 0.0550296 0.996063 0.0695044 4.58875 -0.772417 0.0865779 -0.629187 -110.65 
-0.635283 -0.0192742 0.772039 383.16 0.0543276 0.996096 0.069572 4.73731 -0.770366 0.0861409 -0.631756 -112.268 
-0.638058 -0.0133242 0.769873 385.162 0.0606157 0.995878 0.0674728 4.8645 -0.767599 0.089718 -0.63462 -113.852 
-0.639112 -0.00739785 0.769078 387.419 0.0644858 0.995917 0.0631682 5.02897 -0.766406 0.0899662 -0.636026 -115.908 
-0.639033 -0.00136585 0.769178 389.69 0.0691898 0.995842 0.0592512 5.15966 -0.766061 0.0910827 -0.636282 -118.078 
-0.642392 -0.00138744 0.766375 391.678 0.0690181 0.99583 0.0596552 5.25577 -0.763262 0.0912157 -0.639617 -119.649 
-0.644748 -0.0033844 0.764388 393.572 0.067376 0.995846 0.0612397 5.33956 -0.76142 0.0909856 -0.641842 -121.184 
-0.64775 -0.00467458 0.761838 395.582 0.0672182 0.995731 0.0632617 5.43563 -0.758882 0.0921872 -0.64467 -122.799 
-0.649453 -0.00477571 0.760387 397.711 0.067116 0.995717 0.063578 5.58426 -0.757434 0.092325 -0.646351 -124.591 
-0.651832 -0.0051987 0.758345 399.766 0.0671748 0.99565 0.0645652 5.72827 -0.755382 0.0930274 -0.648647 -126.295 
-0.654205 -0.00561948 0.756296 401.815 0.0672306 0.995582 0.0655526 5.87492 -0.753323 0.0937311 -0.650937 -128.005 
-0.656572 -0.00603803 0.754239 403.858 0.0672832 0.995513 0.0665401 6.0242 -0.751256 0.094436 -0.653219 -129.721 
-0.658932 -0.00645436 0.752174 405.897 0.0673327 0.995443 0.0675277 6.17613 -0.749182 0.0951422 -0.655495 -131.443 
-0.65985 -0.00672133 0.751367 407.865 0.06866 0.995237 0.0692 6.32335 -0.748254 0.0972504 -0.656246 -133.099 
-0.661123 -0.00652825 0.750249 409.963 0.0707949 0.994958 0.0710423 6.51327 -0.74693 0.100082 -0.657327 -134.825 
-0.663448 -0.00657704 0.748193 411.691 0.0666823 0.995462 0.0678801 6.63908 -0.745245 0.0949262 -0.659999 -136.205 
-0.665225 -0.00737877 0.746606 413.538 0.0635916 0.995758 0.0665012 6.76099 -0.743929 0.0917162 -0.661934 -137.753 
-0.665964 -0.00817147 0.745939 415.304 0.0638255 0.995649 0.0678893 6.87275 -0.743249 0.0928218 -0.662545 -139.348 
-0.667377 -0.00961992 0.744658 417.289 0.0617053 0.995764 0.0681653 6.99639 -0.74216 0.0914413 -0.663956 -140.991 
-0.667911 -0.0108836 0.744161 419.306 0.0584492 0.996038 0.0670276 7.14245 -0.741942 0.0882642 -0.664629 -142.75 
-0.668465 -0.0110905 0.743661 421.339 0.0585667 0.995999 0.0674982 7.27608 -0.741434 0.0886739 -0.66514 -144.528 
-0.669798 -0.0128518 0.742432 423.306 0.0580988 0.995878 0.0696538 7.42214 -0.740267 0.0897884 -0.66629 -146.203 
-0.670694 -0.0143975 0.741594 425.395 0.0599752 0.995485 0.0735678 7.57139 -0.739305 0.0938188 -0.666803 -147.918 
-0.669719 -0.014405 0.742475 427.393 0.0655394 0.994764 0.0784169 7.7453 -0.739717 0.101179 -0.665268 -149.69 
-0.668437 -0.01554 0.743606 429.34 0.0697145 0.994071 0.0834415 7.90495 -0.740494 0.107616 -0.663391 -151.412 
-0.666115 -0.0176229 0.745641 431.27 0.0653252 0.9945 0.0818625 8.07319 -0.742983 0.103239 -0.6613 -153.079 
-0.665196 -0.0176765 0.746459 433.32 0.0585015 0.995413 0.0757045 8.27311 -0.744373 0.0940273 -0.66111 -154.82 
-0.664114 -0.0206431 0.747347 435.128 0.0523022 0.995887 0.0739854 8.40353 -0.7458 0.0882226 -0.660302 -156.405 
-0.662048 -0.0204755 0.749182 437.19 0.0513024 0.996044 0.0725579 8.5769 -0.747704 0.0864717 -0.658378 -158.134 
-0.659923 -0.0199462 0.751068 439.15 0.0536478 0.995845 0.0735841 8.72149 -0.749415 0.0888531 -0.656111 -159.834 
-0.656617 -0.0203035 0.753951 441.182 0.0543705 0.995763 0.0741667 8.88231 -0.752262 0.0896918 -0.652731 -161.604 
-0.653517 -0.0197994 0.756653 443.204 0.0517795 0.996146 0.0707878 9.05538 -0.755139 0.0854401 -0.649973 -163.324 
-0.651938 -0.024671 0.757871 445.297 0.045026 0.996447 0.0711698 9.20201 -0.756934 0.0805222 -0.648511 -165.044 
-0.650574 -0.031096 0.758806 447.335 0.0361704 0.996759 0.0718585 9.35882 -0.758581 0.0741956 -0.64734 -166.713 
-0.648809 -0.0340168 0.76019 449.344 0.0297996 0.997098 0.0700513 9.51934 -0.760367 0.0681033 -0.645913 -168.406 
-0.648212 -0.0343706 0.760683 451.429 0.0287375 0.997165 0.0695442 9.67298 -0.760917 0.0669396 -0.645387 -170.084 
-0.646319 -0.0344381 0.762289 453.359 0.0304786 0.997019 0.0708842 9.80311 -0.762458 0.0690473 -0.643343 -171.733 
-0.64441 -0.0337509 0.763935 455.344 0.0304158 0.997103 0.0697093 9.97228 -0.764075 0.0681571 -0.641517 -173.38 
-0.643087 -0.0360631 0.764943 457.256 0.0285913 0.997063 0.071043 10.1069 -0.765259 0.0675576 -0.640167 -174.977 
-0.641394 -0.0360034 0.766366 459.321 0.0265102 0.997262 0.0690378 10.265 -0.766753 0.064597 -0.638683 -176.688 
-0.640504 -0.035141 0.767151 461.433 0.0256404 0.997417 0.0670963 10.4224 -0.767527 0.0626455 -0.637948 -178.412 
-0.64006 -0.0339326 0.767575 463.71 0.0264237 0.997461 0.0661293 10.5568 -0.76787 0.0626089 -0.637539 -180.054 
-0.638873 -0.0334448 0.768584 465.848 0.0282122 0.997364 0.066851 10.7196 -0.768794 0.0643928 -0.636246 -181.797 
-0.638213 -0.0320639 0.769192 468.036 0.0322908 0.997138 0.0683581 10.887 -0.769182 0.0684649 -0.635351 -183.584 
-0.63629 -0.0319876 0.770786 470.167 0.0326918 0.997124 0.0683679 11.0479 -0.770757 0.0687003 -0.633415 -185.329 
-0.635031 -0.0325432 0.771801 472.121 0.0326767 0.997086 0.0689285 11.1775 -0.771795 0.0689917 -0.632117 -186.921 
-0.635001 -0.0336011 0.77178 473.716 0.0325742 0.997 0.0702077 11.2336 -0.771824 0.0697221 -0.632002 -187.985 
-0.633469 -0.034095 0.773016 475.493 0.0332864 0.996903 0.0712472 11.3537 -0.773051 0.0708639 -0.630373 -189.38 
-0.632976 -0.0330836 0.773464 477.507 0.0337994 0.996953 0.0703031 11.4983 -0.773433 0.0706428 -0.629929 -190.99 
-0.633015 -0.0298174 0.773565 479.487 0.0379656 0.99686 0.0694919 11.64 -0.773208 0.0733582 -0.629895 -192.548 
-0.632719 -0.0301494 0.773794 481.372 0.0377388 0.996854 0.0696988 11.8009 -0.773461 0.0733018 -0.62959 -194.043 
-0.63194 -0.0322888 0.774344 483.288 0.0365139 0.996782 0.0713628 11.898 -0.774157 0.0733713 -0.628727 -195.606 
-0.631764 -0.0339655 0.774416 484.964 0.0346728 0.996801 0.072005 11.9819 -0.774385 0.0723414 -0.628565 -196.892 
-0.631491 -0.0376009 0.774471 486.683 0.0288441 0.996993 0.0719234 12.072 -0.774847 0.0677579 -0.628507 -198.178 
-0.63319 -0.0366281 0.773129 487.669 0.0296676 0.996997 0.0715318 12.1641 -0.773427 0.0682302 -0.630202 -198.657 
-0.635338 -0.0362965 0.771381 488.72 0.0295688 0.997019 0.0712675 12.2425 -0.771668 0.0680877 -0.63237 -199.139 
-0.635642 -0.0380865 0.771044 489.6 0.0284987 0.996944 0.072739 12.2836 -0.771458 0.0682097 -0.632614 -199.79 
-0.635931 -0.0399125 0.770713 490.851 0.0274159 0.996863 0.0742453 12.3262 -0.771258 0.0683447 -0.632842 -200.808 
-0.636798 -0.0402982 0.769977 492.056 0.0275716 0.996804 0.0749723 12.4902 -0.770537 0.0689717 -0.633652 -201.698 
-0.636686 -0.0405591 0.770056 493.099 0.0264542 0.996879 0.0743784 12.6809 -0.770669 0.0677269 -0.633626 -202.912 
-0.636266 -0.0396979 0.770447 494.194 0.0271148 0.996907 0.0737589 12.9424 -0.770993 0.0678208 -0.633222 -204.2 
-0.635846 -0.0388367 0.770838 495.29 0.0277751 0.996935 0.073139 13.2032 -0.771316 0.0679153 -0.632819 -205.486 
-0.636293 -0.0392115 0.77045 496.854 0.0274833 0.996921 0.0734353 13.3219 -0.770957 0.0679009 -0.633257 -206.696 
-0.637344 -0.0387888 0.769603 498.349 0.0276915 0.996934 0.0731791 13.3843 -0.770082 0.0679517 -0.634316 -207.559 
-0.636018 -0.0390863 0.770684 500.199 0.0266423 0.997009 0.0725515 13.4983 -0.771214 0.0666768 -0.633074 -209.106 
-0.635158 -0.0398816 0.771352 502.146 0.0261504 0.996983 0.0730807 13.649 -0.771939 0.0665889 -0.632199 -210.69 
-0.633849 -0.0404054 0.7724 504.265 0.0264443 0.996919 0.073851 13.8104 -0.773004 0.067236 -0.630828 -212.406 
-0.633092 -0.0422697 0.772922 506.483 0.0255837 0.99682 0.0754696 13.9296 -0.773654 0.0675534 -0.629997 -214.24 
-0.632585 -0.0421507 0.773343 508.549 0.0231416 0.997043 0.0732729 14.113 -0.774145 0.0642478 -0.629739 -215.867 
-0.632527 -0.0407781 0.773464 510.514 0.0247304 0.997041 0.0727896 14.271 -0.774143 0.0651695 -0.629647 -217.439 
-0.633149 -0.0401833 0.772986 512.883 0.023534 0.99719 0.071115 14.5349 -0.773672 0.0632179 -0.630425 -219.233 
-0.633771 -0.03959 0.772507 515.251 0.0223388 0.997336 0.0694392 14.794 -0.773198 0.0612655 -0.631198 -221.029 
-0.634121 -0.0402759 0.772184 517.131 0.0213562 0.997349 0.0695578 14.9137 -0.772939 0.060599 -0.63158 -222.549 
-0.634398 -0.039722 0.771985 519.11 0.0215178 0.997384 0.0690025 15.056 -0.772707 0.0603866 -0.631884 -224.152 
-0.635217 -0.0390774 0.771344 521.118 0.0221696 0.997385 0.068786 15.187 -0.772015 0.0607944 -0.63269 -225.793 
-0.636034 -0.0384324 0.770703 523.123 0.0228216 0.997385 0.0685701 15.3173 -0.771323 0.0612016 -0.633494 -227.436 
-0.63587 -0.0395754 0.770781 524.715 0.0222325 0.997331 0.0695486 15.3767 -0.771476 0.0613603 -0.633293 -228.834 
-0.636221 -0.0379369 0.770574 526.7 0.0218419 0.997504 0.0671427 15.5049 -0.771198 0.0595484 -0.633804 -230.462 
-0.63701 -0.0356084 0.770032 527.743 0.0219577 0.997689 0.0643003 15.6366 -0.770542 0.0578681 -0.634756 -231.137 
-0.638249 -0.0354493 0.769013 528.874 0.0218798 0.9977 0.0641503 15.6846 -0.769519 0.0577698 -0.636006 -231.787 
-0.638304 -0.0341068 0.769028 529.975 0.0223995 0.997772 0.0628436 15.8259 -0.769458 0.0573392 -0.636118 -232.546 
-0.637746 -0.0354038 0.769433 531.372 0.0229062 0.997629 0.0648896 15.8459 -0.769906 0.0590078 -0.635423 -233.862 
-0.637819 -0.0349331 0.769394 533.272 0.022837 0.997674 0.0642294 15.9678 -0.769848 0.0585374 -0.635537 -235.405 
-0.637867 -0.0347046 0.769364 535.273 0.0226381 0.997708 0.0637736 16.1022 -0.769814 0.058096 -0.635619 -237.005 
-0.637846 -0.0339733 0.769414 537.339 0.025312 0.997562 0.0650307 16.2335 -0.769748 0.060955 -0.635431 -238.699 
-0.637823 -0.0332421 0.769465 539.405 0.0279857 0.997408 0.0662873 16.368 -0.769674 0.0638135 -0.635239 -240.392 
-0.637798 -0.032511 0.769517 541.47 0.0306591 0.997245 0.0675432 16.5059 -0.769593 0.0666716 -0.635044 -242.086 
-0.637771 -0.03178 0.76957 543.536 0.0333323 0.997073 0.0687986 16.6471 -0.769504 0.0695292 -0.634845 -243.778 
-0.637803 -0.0317282 0.769546 545.588 0.0329649 0.997111 0.068432 16.7996 -0.769494 0.0690141 -0.634915 -245.4 
-0.638212 -0.0312642 0.769226 547.687 0.0348783 0.996975 0.0694586 16.9533 -0.76907 0.0711586 -0.635191 -247.043 
-0.637658 -0.0324492 0.769636 549.292 0.0354121 0.996821 0.0713673 16.9998 -0.769505 0.0727624 -0.634482 -248.456 
-0.636416 -0.033907 0.7706 550.749 0.0362296 0.996617 0.0737727 17.0197 -0.770494 0.0748687 -0.633035 -249.794 
-0.636763 -0.0351532 0.770258 552.268 0.0345773 0.996653 0.0740701 17.1583 -0.770284 0.0737986 -0.633416 -250.743 
-0.637023 -0.0346173 0.770067 554.112 0.0347724 0.996684 0.0735693 17.3827 -0.77006 0.0736424 -0.633707 -251.773 
-0.638634 -0.0326699 0.768817 556.091 0.0369605 0.996643 0.073053 17.5048 -0.768623 0.07507 -0.635282 -252.688 
-0.640765 -0.0305807 0.767128 558.47 0.0400943 0.99651 0.0732146 17.6513 -0.76669 0.0776708 -0.637302 -253.67 
-0.639104 -0.0314566 0.768477 560.431 0.0399364 0.996458 0.0740018 17.8011 -0.768083 0.0779851 -0.635584 -255.289 
-0.636276 -0.0334093 0.770738 562.513 0.0370106 0.996589 0.073753 17.9764 -0.770573 0.0754527 -0.632869 -256.984 
-0.633433 -0.0353526 0.772989 564.6 0.0340835 0.996711 0.0735145 18.1511 -0.773046 0.0729127 -0.630145 -258.672 
-0.633224 -0.0357338 0.773143 566.106 0.0338903 0.996695 0.0738231 18.1936 -0.773226 0.0729487 -0.62992 -259.668 
-0.632756 -0.0358765 0.77352 567.726 0.0334386 0.996728 0.0735825 18.2961 -0.773629 0.0724251 -0.629486 -260.795 
-0.632621 -0.0357447 0.773636 569.476 0.0327406 0.996807 0.0728287 18.4377 -0.773769 0.0714023 -0.629431 -261.906 
-0.633267 -0.0359667 0.773097 571.231 0.0327273 0.996781 0.0731811 18.5484 -0.773241 0.0716446 -0.630052 -263.157 
-0.634959 -0.0376044 0.77163 572.853 0.0320322 0.996674 0.0749304 18.6077 -0.771881 0.0722948 -0.631643 -264.191 
-0.634937 -0.0383571 0.771611 574.706 0.0305828 0.996736 0.0747138 18.7296 -0.771958 0.0710366 -0.631692 -265.523 
-0.634657 -0.0379196 0.771863 576.751 0.0292215 0.996903 0.0730024 18.886 -0.772241 0.0688865 -0.631584 -267.173 
-0.633763 -0.036671 0.772657 578.717 0.0269631 0.997221 0.0694451 19.0596 -0.773057 0.064845 -0.631014 -268.746 
-0.632872 -0.0354175 0.773446 580.684 0.0247002 0.997521 0.0658891 19.2242 -0.773862 0.0608037 -0.630429 -270.318 
-0.631983 -0.0341591 0.774229 582.654 0.0224329 0.997803 0.0623345 19.38 -0.774657 0.0567625 -0.629829 -271.888 
-0.631096 -0.0328958 0.775007 584.625 0.0201612 0.998067 0.0587813 19.5269 -0.775442 0.0527217 -0.629213 -273.456 
-0.631251 -0.0317157 0.774929 586.303 0.0203378 0.998143 0.0574182 19.5688 -0.775311 0.0520057 -0.629434 -274.764 
-0.63035 -0.0307432 0.775702 588.272 0.0204296 0.998212 0.0561632 19.6577 -0.776042 0.0512498 -0.628595 -276.275 
-0.629862 -0.0309256 0.776091 590.166 0.0209263 0.998169 0.0567582 19.74 -0.776425 0.0519905 -0.628061 -277.837 
-0.629213 -0.0300145 0.776653 591.939 0.0222098 0.998152 0.056568 19.8077 -0.776915 0.0528426 -0.627384 -279.289 
-0.628563 -0.0291042 0.777214 593.713 0.0234931 0.998133 0.0563766 19.875 -0.777404 0.0536954 -0.626705 -280.74 
-0.62791 -0.0281945 0.777775 595.489 0.0247763 0.998113 0.0561841 19.9419 -0.777891 0.0545489 -0.626027 -282.189 
-0.627735 -0.0278428 0.777929 597.52 0.0247407 0.998142 0.0556883 20.0467 -0.778034 0.054204 -0.625879 -283.788 
-0.626804 -0.0275229 0.77869 599.308 0.0245321 0.998183 0.0550278 20.1041 -0.77879 0.0535946 -0.624991 -285.257 
-0.626208 -0.0276411 0.779166 601.367 0.0246829 0.998167 0.0552476 20.2154 -0.779266 0.0538286 -0.624378 -286.843 
-0.625321 -0.0272704 0.779891 603.399 0.0264781 0.998072 0.0561298 20.3257 -0.779918 0.0557492 -0.623394 -288.405 
-0.624433 -0.0269018 0.780615 605.434 0.0282742 0.997973 0.0570097 20.4381 -0.780566 0.05767 -0.622407 -289.964 
-0.623036 -0.0270345 0.781725 607.214 0.0285994 0.997947 0.0573058 20.5095 -0.78167 0.0580605 -0.620984 -291.429 
-0.622275 -0.0263107 0.782357 609.059 0.0285338 0.998008 0.0562584 20.5917 -0.782279 0.0573318 -0.620285 -292.815 
-0.621261 -0.0264051 0.783158 610.92 0.0285609 0.998005 0.0563054 20.6324 -0.783083 0.0573481 -0.619268 -294.183 
-0.62025 -0.0261751 0.783968 612.906 0.0295683 0.997952 0.0567131 20.7735 -0.783847 0.0583569 -0.618206 -295.71 
-0.619663 -0.0270407 0.784402 614.883 0.0289462 0.997939 0.0572689 20.8664 -0.784334 0.0581929 -0.617603 -297.248 
-0.619638 -0.0261525 0.784452 617.04 0.0294269 0.997968 0.056515 20.9727 -0.784336 0.0581029 -0.617609 -298.871 
-0.620163 -0.024633 0.784086 619.341 0.0307768 0.997973 0.055695 21.0726 -0.783869 0.0586716 -0.618148 -300.496 
-0.620685 -0.0231131 0.783719 621.641 0.0321272 0.997976 0.0548758 21.1701 -0.783402 0.0592393 -0.618686 -302.124 
