1 -4.23778e-08 4.22719e-08 0 -4.23778e-08 1 -4.19404e-08 0 4.22719e-08 -4.19404e-08 1 0 
0.999996 -0.00233539 -0.00126055 -0.0208098 0.00233888 0.999993 0.00284379 -0.0162477 0.00125398 -0.00284681 0.999995 1.53301 
0.999992 -0.00258226 -0.00293303 -0.0445094 0.00259384 0.999989 0.00398038 -0.0393847 0.00292281 -0.00398804 0.999988 3.05782 
0.99999 -0.000739296 -0.00436425 -0.0795214 0.000754006 0.999994 0.00338919 -0.049068 0.00436181 -0.00339253 0.999985 4.5801 
0.999986 -0.000189136 -0.00536557 -0.158541 0.000207547 0.999994 0.00344682 -0.0672476 0.00536497 -0.00344797 0.99998 6.10194 
0.999978 -0.000294709 -0.00662959 -0.205453 0.000317887 0.999994 0.00350807 -0.0767888 0.0066286 -0.00351018 0.999972 7.60386 
0.999965 -0.000537593 -0.00830101 -0.242267 0.000571532 0.999991 0.00409687 -0.0927581 0.00829882 -0.00410156 0.999957 9.08839 
0.999947 -0.00247907 -0.00993967 -0.282556 0.00251398 0.999991 0.00351006 -0.112056 0.00993096 -0.00353494 0.999944 10.5786 
0.999925 -0.00359801 -0.0117047 -0.31821 0.00364247 0.999986 0.00378672 -0.128765 0.011691 -0.00382916 0.999924 12.088 
0.999913 -0.00369177 -0.0126533 -0.366527 0.00373912 0.999986 0.0037274 -0.142831 0.0126394 -0.00377447 0.999913 13.593 
0.999899 -0.00333216 -0.0138122 -0.41018 0.00338489 0.999987 0.0038021 -0.163483 0.0137994 -0.00384855 0.999897 15.0429 
0.999887 -0.00223625 -0.0148577 -0.443594 0.00230016 0.999988 0.00429189 -0.175893 0.014848 -0.00432567 0.99988 16.5161 
0.99988 -0.000102338 -0.0154666 -0.490121 0.000182009 0.999987 0.0051553 -0.194376 0.015466 -0.00515758 0.999867 18.0092 
0.999867 -0.000251316 -0.0162867 -0.52389 0.000350111 0.999981 0.00606861 -0.2117 0.0162849 -0.00607359 0.999849 19.5088 
0.999859 0.000278613 -0.0167864 -0.569733 -0.000183376 0.999984 0.00567974 -0.219126 0.0167878 -0.00567594 0.999843 20.9329 
0.999842 0.00126613 -0.0177346 -0.611007 -0.00116001 0.999981 0.00599755 -0.230957 0.0177419 -0.00597611 0.999825 22.3746 
0.999831 0.00161444 -0.0182852 -0.649329 -0.00149975 0.999979 0.00628923 -0.234593 0.018295 -0.00626083 0.999813 23.8461 
0.999824 0.00261577 -0.0185818 -0.685351 -0.00248017 0.99997 0.00732102 -0.241333 0.0186005 -0.00727373 0.9998 25.3585 
0.999817 0.00264299 -0.0189555 -0.715043 -0.00252937 0.999979 0.00602029 -0.255555 0.0189711 -0.00597133 0.999802 26.7967 
0.999811 0.00321993 -0.0191787 -0.768408 -0.00314443 0.999987 0.00396983 -0.263369 0.0191913 -0.00390886 0.999808 28.1945 
0.999811 0.00114766 -0.0194195 -0.801233 -0.00107162 0.999992 0.0039296 -0.281641 0.0194239 -0.00390814 0.999804 29.6089 
0.999807 0.000285302 -0.019616 -0.837762 -0.000156218 0.999978 0.00658604 -0.290861 0.0196176 -0.00658179 0.999786 31.0556 
0.999798 -0.00108607 -0.0200417 -0.875763 0.0012377 0.999971 0.00755919 -0.302414 0.020033 -0.00758256 0.99977 32.4717 
0.9998 -0.00159085 -0.0199255 -0.919701 0.00172268 0.999977 0.00660521 -0.307516 0.0199147 -0.0066383 0.99978 33.8805 
0.999813 -0.000682885 -0.0193474 -0.969826 0.00078169 0.999987 0.00510411 -0.32506 0.0193438 -0.00511836 0.9998 35.2157 
0.999823 0.000521107 -0.0187873 -1.01739 -0.00044716 0.999992 0.00394444 -0.33259 0.0187893 -0.00393543 0.999816 36.602 
0.999838 0.00128266 -0.0179503 -1.06068 -0.00122411 0.999994 0.00327679 -0.353482 0.0179544 -0.00325437 0.999833 37.9471 
0.999863 0.00174864 -0.0164476 -1.11429 -0.00167797 0.999989 0.00431439 -0.369652 0.0164551 -0.00428629 0.999855 39.3137 
0.999883 0.00218389 -0.0151255 -1.15206 -0.00208835 0.999978 0.00633501 -0.388677 0.0151391 -0.00630276 0.999865 40.6232 
0.999908 0.00183658 -0.0134447 -1.19203 -0.00173785 0.999971 0.00735714 -0.405803 0.013458 -0.00733318 0.999882 41.9593 
0.999931 0.00295816 -0.0113371 -1.22283 -0.00286685 0.999963 0.00806874 -0.423982 0.0113606 -0.00803577 0.999903 43.25 
0.999964 0.00264946 -0.00806596 -1.24636 -0.00259063 0.99997 0.00730563 -0.4322 0.00808516 -0.00728456 0.999941 44.5232 
0.999987 0.00186854 -0.00478612 -1.26387 -0.00184042 0.999981 0.00589023 -0.453649 0.00479712 -0.00588142 0.999971 45.783 
0.999996 0.00204703 -0.00178692 -1.2757 -0.00204047 0.999991 0.00371102 -0.461437 0.00179459 -0.00370744 0.999991 47.0287 
0.999995 0.00211304 0.00231825 -1.29117 -0.00212347 0.999988 0.00446918 -0.481599 -0.00230869 -0.00447416 0.999987 48.2426 
0.999971 0.00248347 0.0072259 -1.29148 -0.00251519 0.999987 0.00437199 -0.497491 -0.00721487 -0.00439012 0.999964 49.4595 
0.999901 0.00367343 0.0135933 -1.30502 -0.00372163 0.999987 0.00351581 -0.519654 -0.0135801 -0.00356613 0.999901 50.6466 
0.999765 0.0053853 0.0210178 -1.30164 -0.00545843 0.999979 0.00341971 -0.532457 -0.0209988 -0.00353372 0.999773 51.8484 
0.999563 0.00457517 0.0292081 -1.27794 -0.00472095 0.999977 0.00492132 -0.557263 -0.0291849 -0.00505714 0.999561 53.0297 
0.999182 0.00758383 0.039725 -1.25103 -0.00780908 0.999954 0.00551593 -0.570782 -0.0396812 -0.00582171 0.999195 54.1896 
0.998559 0.00932639 0.0528493 -1.21517 -0.00961022 0.999941 0.0051174 -0.576239 -0.0527983 -0.005618 0.998589 55.3871 
0.997651 0.0112885 0.0675574 -1.15334 -0.0116909 0.999916 0.00556282 -0.587396 -0.0674889 -0.00633965 0.9977 56.543 
0.996418 0.013559 0.0834688 -1.07709 -0.0141851 0.999875 0.00691136 -0.601061 -0.0833646 -0.0080707 0.996486 57.6863 
0.994828 0.0132242 0.100712 -0.977988 -0.0140698 0.999871 0.00768934 -0.616878 -0.100597 -0.00906665 0.994886 58.8005 
0.992699 0.0131067 0.119899 -0.866497 -0.0140205 0.999879 0.00678007 -0.626219 -0.119796 -0.00841169 0.992763 59.8906 
0.990065 0.012011 0.140098 -0.744854 -0.0129633 0.999899 0.00588586 -0.638067 -0.140013 -0.00764359 0.99012 60.9657 
0.986896 0.00923132 0.161092 -0.581077 -0.0102746 0.999931 0.00564376 -0.6503 -0.161028 -0.00722503 0.986923 62.0304 
0.983229 0.00361004 0.182339 -0.389916 -0.00505152 0.999959 0.00744115 -0.655875 -0.182304 -0.00823752 0.983208 63.1073 
0.978682 -0.00200235 0.205371 -0.176612 0.000159641 0.99996 0.00898833 -0.669382 -0.205381 -0.008764 0.978643 64.1469 
0.973403 -0.0074131 0.22898 0.0645458 0.00565465 0.999949 0.00833426 -0.676315 -0.22903 -0.00681786 0.973395 65.1849 
0.967158 -0.0136759 0.253808 0.329386 0.0123796 0.999901 0.00670383 -0.684825 -0.253875 -0.00334169 0.967231 66.1891 
0.959884 -0.0176315 0.279844 0.612028 0.0162252 0.999841 0.00734091 -0.69214 -0.279929 -0.00250596 0.960017 67.1634 
0.951552 -0.0204655 0.306806 0.912872 0.0183451 0.999784 0.00979347 -0.701207 -0.30694 -0.00369068 0.951721 68.1109 
0.942117 -0.0248226 0.334365 1.24228 0.0217737 0.99968 0.0128638 -0.708084 -0.334577 -0.0048389 0.942356 69.0559 
0.931392 -0.0279453 0.362943 1.59715 0.0250844 0.999606 0.0125939 -0.715294 -0.363152 -0.00262571 0.931726 69.98 
0.919515 -0.0273241 0.392105 1.97284 0.0260042 0.999624 0.00867751 -0.720919 -0.392194 0.0022172 0.91988 70.8938 
0.906755 -0.0285059 0.420693 2.37839 0.0298661 0.999548 0.00335568 -0.725862 -0.420599 0.00952164 0.907197 71.7659 
0.89271 -0.0306155 0.449591 2.80189 0.0336036 0.999434 0.00133412 -0.738833 -0.449377 0.0139168 0.893234 72.6268 
0.87726 -0.0311843 0.479001 3.25812 0.0330024 0.999444 0.00462464 -0.747863 -0.478879 0.0117511 0.877802 73.4686 
0.859669 -0.0301609 0.50996 3.73086 0.0289323 0.999528 0.0103425 -0.755012 -0.510031 0.00586313 0.860136 74.3071 
0.840314 -0.0301301 0.541261 4.23921 0.026782 0.999542 0.0140614 -0.758059 -0.541437 0.00267998 0.840737 75.1084 
0.819305 -0.0235108 0.572875 4.75955 0.0222051 0.99971 0.00927113 -0.762441 -0.572927 0.0051248 0.81959 75.8901 
0.797465 -0.01676 0.603133 5.30337 0.0193788 0.99981 0.00216016 -0.767266 -0.603054 0.00996526 0.797638 76.6305 
0.775287 -0.0145746 0.631441 5.87676 0.0184905 0.999829 0.000374605 -0.779209 -0.631338 0.0113852 0.775424 77.3489 
0.752213 -0.0170734 0.658699 6.4877 0.0195293 0.999803 0.00361277 -0.78814 -0.658631 0.0101463 0.752398 78.0499 
0.728167 -0.0174772 0.685177 7.11223 0.0199858 0.999791 0.00426243 -0.79981 -0.685108 0.01059 0.728364 78.7149 
0.703245 -0.0157724 0.710773 7.74757 0.0208803 0.999781 0.00152642 -0.808851 -0.710641 0.0137676 0.70342 79.3515 
0.677211 -0.0134937 0.735665 8.39683 0.0207664 0.999784 -0.000778365 -0.821272 -0.735495 0.0158042 0.677345 79.9556 
0.650335 -0.0110308 0.759568 9.06939 0.0186842 0.999824 -0.0014774 -0.83385 -0.759418 0.0151527 0.650426 80.5447 
0.622505 -0.00952447 0.782558 9.75487 0.0188419 0.999818 -0.00281963 -0.840973 -0.782389 0.0165001 0.622571 81.099 
0.593794 -0.00303666 0.804612 10.4688 0.0174573 0.999806 -0.00911006 -0.858053 -0.804428 0.0194558 0.593732 81.6397 
0.563856 0.00645334 0.825847 11.2054 0.0162167 0.99969 -0.0188841 -0.874928 -0.825713 0.0240404 0.563577 82.1548 
0.533449 0.0149298 0.845701 11.9725 0.01511 0.999516 -0.0271764 -0.89531 -0.845697 0.0272757 0.532965 82.6392 
0.502203 0.0196614 0.864526 12.7612 0.0127916 0.999463 -0.0301609 -0.924043 -0.864655 0.0262056 0.501682 83.0975 
0.470059 0.0193208 0.882423 13.575 0.0109211 0.999556 -0.0277031 -0.954348 -0.882567 0.0226591 0.46964 83.5407 
0.437014 0.0183434 0.899268 14.391 0.00595303 0.999711 -0.0232853 -0.983929 -0.899435 0.0155294 0.436778 83.9531 
0.403174 0.0196301 0.914913 15.2419 0.00169151 0.999752 -0.0221959 -1.01591 -0.915122 0.0104964 0.403041 84.3368 
0.368077 0.022553 0.929522 16.0908 -0.0052307 0.99974 -0.0221856 -1.04567 -0.929781 0.00330392 0.368099 84.6977 
0.332307 0.0249495 0.942841 16.97 -0.0106234 0.999686 -0.0227096 -1.06924 -0.943111 -0.00246959 0.332468 85.0247 
0.29663 0.0242904 0.954684 17.8693 -0.0134042 0.999684 -0.0212707 -1.09777 -0.954898 -0.00648724 0.296861 85.3184 
0.260412 0.0237093 0.965206 18.7835 -0.0140011 0.999686 -0.0207789 -1.12676 -0.965396 -0.00810287 0.260662 85.5772 
0.224624 0.0232869 0.974167 19.7197 -0.0137494 0.999691 -0.0207268 -1.15286 -0.974348 -0.00873852 0.224875 85.8026 
0.189038 0.0222922 0.981717 20.67 -0.0113754 0.999725 -0.0205107 -1.17411 -0.981904 -0.00729015 0.189239 85.9998 
0.155174 0.0213235 0.987657 21.6351 -0.00346701 0.999773 -0.0210404 -1.20434 -0.987881 -0.000159303 0.155212 86.1409 
0.121266 0.024412 0.99232 22.5973 -0.00103537 0.9997 -0.0244671 -1.2415 -0.992619 0.00193961 0.121255 86.2668 
0.0882451 0.0297159 0.995655 23.5684 -0.000229443 0.999555 -0.0298121 -1.26975 -0.996099 0.00240232 0.0882127 86.3632 
0.0590513 0.0330801 0.997707 24.5312 0.00671359 0.999415 -0.0335342 -1.30919 -0.998232 0.00867843 0.0587947 86.4269 
0.0337954 0.0310496 0.998946 25.5151 0.00887751 0.999468 -0.0313663 -1.3481 -0.999389 0.00992819 0.0335018 86.462 
0.0111194 0.0278327 0.999551 26.5028 0.0108735 0.99955 -0.0279537 -1.38901 -0.999879 0.0111795 0.0108118 86.4871 
-0.00779645 0.0253691 0.999648 27.4782 0.0110114 0.99962 -0.0252826 -1.42264 -0.999909 0.0108104 -0.00807284 86.4904 
-0.0247236 0.0287198 0.999282 28.4613 0.0126098 0.999517 -0.0284147 -1.45406 -0.999615 0.0118982 -0.0250738 86.4786 
-0.0402563 0.0331329 0.99864 29.4393 0.0149945 0.999357 -0.0325524 -1.49069 -0.999077 0.0136636 -0.0407273 86.4588 
-0.0523819 0.038192 0.997896 30.4287 0.0198147 0.999111 -0.0371985 -1.52912 -0.99843 0.0178245 -0.0530921 86.4194 
-0.0608483 0.0414869 0.997284 31.4248 0.0253829 0.998877 -0.0400045 -1.57617 -0.997824 0.0228798 -0.0618331 86.3561 
-0.0665191 0.0468354 0.996685 32.4231 0.0296777 0.998549 -0.0449423 -1.62709 -0.997344 0.0265898 -0.0678126 86.2884 
-0.0701766 0.0515032 0.996204 33.4086 0.0313231 0.998287 -0.0494044 -1.67746 -0.997043 0.0277371 -0.0716697 86.2246 
-0.0730085 0.0553922 0.995792 34.417 0.0334465 0.998031 -0.0530646 -1.73897 -0.99677 0.0294316 -0.0747174 86.1566 
-0.0752841 0.0585435 0.995442 35.4597 0.0340701 0.997843 -0.0561081 -1.79466 -0.99658 0.0296908 -0.0771163 86.0836 
-0.077566 0.06172 0.995075 36.4729 0.0350188 0.997635 -0.0591491 -1.86782 -0.996372 0.0302584 -0.0795439 86.0073 
-0.0791881 0.0654685 0.994707 37.4854 0.0362573 0.99737 -0.0627574 -1.93455 -0.9962 0.0310958 -0.0813535 85.9275 
-0.0813144 0.0668769 0.994442 38.4921 0.0391262 0.997191 -0.0638625 -2.00727 -0.99592 0.0337159 -0.0837027 85.8484 
-0.083444 0.0655054 0.994357 39.515 0.0391232 0.997283 -0.0624151 -2.08384 -0.995744 0.0336942 -0.08578 85.774 
-0.0855385 0.0653193 0.994191 40.5414 0.0394106 0.997289 -0.0621321 -2.15951 -0.995555 0.033867 -0.087881 85.694 
-0.0873938 0.0667142 0.993937 41.5754 0.0401052 0.997182 -0.0634058 -2.23238 -0.995366 0.0343208 -0.0898231 85.608 
-0.0894572 0.0689865 0.993599 42.6185 0.0387405 0.997084 -0.0657407 -2.30397 -0.995237 0.0326115 -0.091869 85.5135 
-0.0917382 0.0711532 0.993238 43.6344 0.0377844 0.996974 -0.067931 -2.3853 -0.995066 0.031297 -0.0941491 85.4309 
-0.094444 0.0748309 0.992714 44.6653 0.0350165 0.996804 -0.0718079 -2.46241 -0.994914 0.0279795 -0.0967624 85.3484 
-0.096594 0.0788209 0.992198 45.7031 0.0317746 0.996595 -0.0760769 -2.54839 -0.994816 0.0241781 -0.0987697 85.2549 
-0.0980979 0.0811724 0.991861 46.7519 0.0290314 0.996477 -0.078679 -2.63098 -0.994753 0.0210769 -0.100109 85.1421 
-0.100572 0.0795244 0.991746 47.7838 0.027505 0.996642 -0.0771278 -2.72308 -0.994549 0.0195211 -0.102421 85.0478 
-0.103822 0.0749255 0.99177 48.8228 0.0246452 0.997046 -0.0727442 -2.81729 -0.99429 0.0168899 -0.105362 84.969 
-0.106206 0.0735013 0.991624 49.8633 0.0246139 0.997153 -0.071275 -2.89744 -0.994039 0.0168379 -0.107713 84.8718 
-0.108113 0.073558 0.991413 50.8852 0.0244138 0.997154 -0.0713217 -2.99105 -0.993839 0.0164934 -0.109601 84.7826 
-0.10938 0.0762463 0.991071 51.9327 0.0262144 0.996928 -0.0738038 -3.07361 -0.993654 0.0179077 -0.111042 84.683 
-0.110761 0.0789799 0.990704 52.9805 0.0263644 0.99672 -0.076512 -3.15701 -0.993497 0.0176448 -0.11248 84.592 
-0.111051 0.0797362 0.990611 54.035 0.0249101 0.996686 -0.0774328 -3.24144 -0.993502 0.0160772 -0.112669 84.4853 
-0.110716 0.0785082 0.990746 55.1134 0.0217682 0.996827 -0.0765575 -3.33015 -0.993614 0.0130906 -0.112074 84.3776 
-0.110923 0.0774505 0.990806 56.183 0.0178663 0.996953 -0.0759309 -3.42472 -0.993668 0.00927956 -0.111969 84.2765 
-0.111334 0.0785204 0.990676 57.2412 0.014148 0.996898 -0.0774236 -3.51423 -0.993682 0.00539614 -0.1121 84.1839 
-0.111708 0.0788579 0.990607 58.3143 0.00967888 0.996885 -0.0782663 -3.60286 -0.993694 0.000845001 -0.112123 84.085 
-0.111833 0.0784365 0.990627 59.4134 0.00634797 0.996916 -0.0782179 -3.6878 -0.993707 -0.00245884 -0.111986 83.9753 
-0.112321 0.0732678 0.990967 60.5153 0.00629269 0.99731 -0.0730236 -3.77786 -0.993652 -0.00196625 -0.11248 83.8673 
-0.112894 0.0649604 0.991481 61.6097 0.00976875 0.997885 -0.0642677 -3.8507 -0.993559 0.0024301 -0.11329 83.7605 
-0.112738 0.0594268 0.991846 62.7179 0.0154376 0.998194 -0.0580526 -3.92842 -0.993505 0.008767 -0.113452 83.6424 
-0.112549 0.0619312 0.991714 63.808 0.0234842 0.997943 -0.0596551 -3.99644 -0.993369 0.0165755 -0.113771 83.5349 
-0.111861 0.067573 0.991424 64.9051 0.0290426 0.997481 -0.0647091 -4.06594 -0.993299 0.0215551 -0.113542 83.423 
-0.111598 0.0734354 0.991036 65.9879 0.0325525 0.997001 -0.0702117 -4.14415 -0.99322 0.0244252 -0.113654 83.3282 
-0.110975 0.0778101 0.990772 67.0845 0.0338189 0.996649 -0.0744836 -4.22714 -0.993248 0.025241 -0.113234 83.2231 
-0.110944 0.0748261 0.991006 68.2089 0.0307566 0.996942 -0.0718312 -4.31994 -0.99335 0.0225107 -0.112907 83.1151 
-0.110507 0.0703269 0.991384 69.3562 0.0299129 0.997277 -0.0674107 -4.40961 -0.993425 0.0222058 -0.112309 82.9969 
-0.110444 0.068342 0.99153 70.4897 0.0277499 0.997456 -0.0656596 -4.48632 -0.993495 0.0202631 -0.112059 82.8898 
-0.110519 0.0694091 0.991447 71.6322 0.025951 0.99742 -0.0669345 -4.5618 -0.993535 0.0183315 -0.112035 82.7827 
-0.110176 0.0741356 0.991143 72.739 0.0272753 0.997064 -0.0715466 -4.65598 -0.993538 0.019151 -0.111874 82.6792 
-0.109871 0.0770109 0.990958 73.8823 0.027074 0.996856 -0.0744676 -4.73604 -0.993577 0.0186474 -0.11161 82.5735 
-0.109349 0.076213 0.991077 75.0196 0.0275364 0.996906 -0.0736231 -4.81546 -0.993622 0.0192401 -0.111109 82.4531 
-0.10879 0.0694352 0.991637 76.1709 0.0297677 0.997338 -0.0665687 -4.90047 -0.993619 0.0222767 -0.110568 82.3468 
-0.109189 0.0681721 0.99168 77.3286 0.0287648 0.997444 -0.0654013 -4.97877 -0.993605 0.0213844 -0.110871 82.2302 
-0.109297 0.0713934 0.991442 78.4589 0.0257161 0.997287 -0.0689794 -5.06165 -0.993676 0.0179567 -0.110837 82.1384 
-0.10877 0.0742498 0.99129 79.6331 0.0254622 0.997087 -0.0718903 -5.15043 -0.993741 0.0174209 -0.110344 82.0212 
-0.108611 0.0738168 0.99134 80.8103 0.0252422 0.997122 -0.0714819 -5.24022 -0.993764 0.0172598 -0.110162 81.9057 
-0.108348 0.0704413 0.991614 81.9937 0.0247789 0.997368 -0.0681426 -5.32406 -0.993804 0.017188 -0.109808 81.7947 
-0.107784 0.0693644 0.991751 83.1814 0.0255502 0.997427 -0.0669846 -5.40954 -0.993846 0.0181195 -0.109279 81.6823 
-0.106625 0.070193 0.991819 84.3689 0.0272302 0.997337 -0.0676563 -5.48923 -0.993926 0.0197936 -0.108252 81.5651 
-0.105486 0.0704423 0.991923 85.5683 0.0298073 0.997264 -0.0676518 -5.57644 -0.993974 0.0224302 -0.107297 81.4448 
-0.104286 0.070212 0.992066 86.7755 0.029511 0.997284 -0.0674792 -5.65515 -0.994109 0.0222397 -0.106074 81.3369 
-0.102879 0.0707013 0.992178 87.9721 0.0311182 0.997211 -0.0678333 -5.74685 -0.994207 0.0238962 -0.104792 81.2227 
-0.102044 0.0686707 0.992407 89.1825 0.0315622 0.997336 -0.0657664 -5.8383 -0.994279 0.0246115 -0.103939 81.1191 
-0.101396 0.0678973 0.992526 90.4045 0.0295803 0.997433 -0.0652111 -5.92509 -0.994406 0.0227472 -0.103144 81.0206 
-0.0999753 0.0674512 0.992701 91.6229 0.0304955 0.997438 -0.0647019 -6.00473 -0.994522 0.0238044 -0.101776 80.9144 
-0.0988294 0.0683944 0.992751 92.8568 0.0281066 0.997429 -0.0659187 -6.09093 -0.994707 0.0213881 -0.100498 80.82 
-0.0972631 0.0714894 0.992688 94.0776 0.0286903 0.997204 -0.0690036 -6.17413 -0.994845 0.021769 -0.0990422 80.7139 
-0.0960433 0.0703922 0.992885 95.3126 0.0260623 0.997332 -0.0681865 -6.26067 -0.995036 0.019328 -0.0976217 80.6071 
-0.096056 0.068967 0.992984 96.5547 0.0223638 0.997494 -0.067117 -6.35571 -0.995125 0.0157599 -0.0973577 80.5082 
-0.0956149 0.0697098 0.992974 97.7865 0.0200452 0.997477 -0.0680958 -6.44978 -0.995216 0.0133934 -0.096771 80.4015 
-0.0965096 0.0695733 0.992897 99.0401 0.0165003 0.997529 -0.0682941 -6.52741 -0.995195 0.0097921 -0.097419 80.3104 
-0.097769 0.0674485 0.992921 100.3 0.0140435 0.997695 -0.0663901 -6.61479 -0.99511 0.00745319 -0.0984909 80.2141 
-0.0991058 0.065999 0.992886 101.571 0.012075 0.997804 -0.0651208 -6.70825 -0.995004 0.00553522 -0.0996852 80.1062 
-0.100462 0.06587 0.992758 102.828 0.010791 0.997819 -0.065114 -6.79492 -0.994882 0.00417131 -0.100954 80.001 
-0.101658 0.0660625 0.992623 104.082 0.0111158 0.997806 -0.065269 -6.88345 -0.994757 0.0043987 -0.102169 79.8843 
-0.103682 0.0644817 0.992518 105.345 0.0110303 0.997909 -0.0636798 -6.97485 -0.994549 0.00434534 -0.104176 79.761 
-0.106578 0.0597328 0.992508 106.608 0.0084568 0.998212 -0.0591681 -7.06764 -0.994268 0.00208745 -0.106892 79.6422 
-0.110365 0.0598087 0.99209 107.866 0.00784673 0.998209 -0.0593047 -7.14873 -0.99386 0.00123953 -0.110636 79.5094 
-0.115941 0.065832 0.991072 109.095 0.00192014 0.997814 -0.0660553 -7.23134 -0.993254 -0.00575553 -0.115814 79.3926 
-0.122951 0.0690954 0.990004 110.333 0.00290766 0.997594 -0.069264 -7.3196 -0.992408 -0.00563744 -0.122856 79.2574 
-0.131903 0.0652498 0.989113 111.591 0.00520755 0.997863 -0.0651327 -7.41374 -0.991249 -0.00344035 -0.131961 79.1045 
-0.142565 0.0631798 0.987767 112.849 0.00808609 0.998002 -0.0626675 -7.50666 -0.989752 -0.000946978 -0.142791 78.9355 
-0.155226 0.0643909 0.985778 114.091 0.00911607 0.997924 -0.0637489 -7.58887 -0.987837 -0.000909059 -0.155491 78.7501 
-0.169524 0.0646754 0.983401 115.315 0.0112209 0.997906 -0.0636951 -7.67558 -0.985462 0.000236776 -0.169895 78.555 
-0.184053 0.0624744 0.980929 116.549 0.0122171 0.998046 -0.0612724 -7.76322 -0.98284 0.000706704 -0.184457 78.355 
-0.199945 0.0651179 0.977641 117.769 0.0168113 0.99787 -0.0630272 -7.84435 -0.979663 0.00383348 -0.200614 78.1339 
-0.215195 0.0685644 0.974161 118.949 0.0177126 0.997642 -0.0663044 -7.9301 -0.97641 0.0029866 -0.215902 77.8921 
-0.229862 0.0726723 0.970506 120.111 0.0180474 0.997355 -0.0704083 -8.01485 -0.973056 0.0013309 -0.230566 77.6256 
-0.246054 0.0707802 0.966668 121.299 0.0144623 0.997487 -0.0693556 -8.10949 -0.969148 -0.00308499 -0.246459 77.3539 
-0.261989 0.065667 0.962834 122.477 0.00979303 0.997812 -0.0653879 -8.19421 -0.965021 -0.00770187 -0.262059 77.0585 
-0.277485 0.061704 0.958746 123.631 0.00609959 0.998028 -0.0624669 -8.2839 -0.96071 -0.0114857 -0.277315 76.7497 
-0.292727 0.0630801 0.954113 124.791 0.00416824 0.997896 -0.064696 -8.37234 -0.956187 -0.0149613 -0.292374 76.4241 
-0.306467 0.0655648 0.94962 125.953 0.00454838 0.997714 -0.0674176 -8.45164 -0.95187 -0.016342 -0.306065 76.054 
-0.320235 0.0679339 0.944899 127.113 0.00616519 0.997554 -0.0696302 -8.5447 -0.947318 -0.0164725 -0.319871 75.68 
-0.334298 0.0681166 0.940002 128.247 0.00890669 0.997568 -0.0691207 -8.63726 -0.942425 -0.0147346 -0.334092 75.2974 
-0.348209 0.0658638 0.9351 129.381 0.008317 0.997706 -0.0671765 -8.73266 -0.93738 -0.0156142 -0.347958 74.887 
-0.362502 0.0645629 0.929744 130.506 0.00827786 0.997781 -0.0660601 -8.8226 -0.931946 -0.0162506 -0.362232 74.464 
-0.377142 0.0661823 0.923788 131.623 0.00708652 0.99762 -0.0685788 -8.91269 -0.926128 -0.0193175 -0.376714 74.0291 
-0.392173 0.0682584 0.917356 132.711 0.00771042 0.997452 -0.070922 -9.00402 -0.919859 -0.0207405 -0.3917 73.5879 
-0.406943 0.0701124 0.910759 133.819 0.00898158 0.997309 -0.0727622 -9.09579 -0.913409 -0.02143 -0.406478 73.1164 
-0.421029 0.0733736 0.904075 134.899 0.0124269 0.997096 -0.0751359 -9.18626 -0.906962 -0.0203995 -0.420718 72.6202 
-0.435573 0.0772029 0.896837 135.977 0.0126244 0.996741 -0.0796717 -9.27974 -0.900065 -0.0233808 -0.435128 72.1108 
-0.450971 0.0792858 0.88901 137.053 0.0135598 0.99654 -0.0819974 -9.38194 -0.892436 -0.0249236 -0.450486 71.5915 
-0.466538 0.0769415 0.881148 138.136 0.0124002 0.99668 -0.0804643 -9.4839 -0.884414 -0.0266132 -0.465943 71.0459 
-0.482517 0.0729358 0.872845 139.21 0.00992597 0.996918 -0.0778164 -9.58213 -0.87583 -0.0288839 -0.481754 70.4793 
-0.498641 0.073415 0.863694 140.274 0.00977536 0.99682 -0.0790872 -9.68013 -0.866754 -0.0309932 -0.497773 69.8903 
-0.515057 0.0722146 0.854109 141.353 0.0079365 0.996804 -0.0794935 -9.78139 -0.857119 -0.034165 -0.513984 69.2822 
-0.530703 0.0711561 0.844566 142.394 0.00776643 0.996836 -0.079105 -9.89208 -0.847522 -0.035422 -0.529576 68.6495 
-0.546525 0.07083 0.834442 143.448 0.00668188 0.996754 -0.0802312 -9.99443 -0.837416 -0.0382727 -0.545224 67.9941 
-0.562386 0.0703647 0.823875 144.5 0.00626956 0.996707 -0.080846 -10.09 -0.826851 -0.0403013 -0.560975 67.324 
-0.577721 0.068267 0.813375 145.53 0.00624818 0.996837 -0.0792272 -10.1865 -0.816211 -0.040689 -0.57632 66.6233 
-0.59307 0.065015 0.802522 146.544 0.00675685 0.997101 -0.0757852 -10.2919 -0.805123 -0.0395234 -0.59179 65.8998 
-0.608144 0.063433 0.791288 147.56 0.00763828 0.997224 -0.0740713 -10.3951 -0.79379 -0.0390019 -0.60694 65.1458 
-0.623108 0.0618448 0.779686 148.567 0.00689628 0.997265 -0.0735918 -10.4941 -0.782105 -0.0404787 -0.621831 64.3738 
-0.637752 0.0631743 0.767646 149.546 0.00566748 0.996989 -0.0773398 -10.5938 -0.770221 -0.044973 -0.63619 63.5885 
-0.653064 0.06291 0.754685 150.511 0.0037524 0.9968 -0.0798454 -10.6991 -0.757294 -0.0493122 -0.65121 62.785 
-0.669154 0.0595064 0.740738 151.485 0.00166336 0.996906 -0.0785829 -10.8066 -0.743122 -0.0513519 -0.667182 61.9402 
-0.685787 0.0516512 0.725967 152.45 -0.00216335 0.997329 -0.0730018 -10.9195 -0.727799 -0.0516342 -0.683844 61.0757 
-0.703026 0.0493939 0.709447 153.411 -0.00266302 0.997395 -0.0720808 -11.0311 -0.711159 -0.0525639 -0.701063 60.1755 
-0.720674 0.0464156 0.691719 154.337 -0.00494783 0.997386 -0.0720814 -11.1282 -0.693257 -0.0553697 -0.718561 59.257 
-0.738387 0.0424135 0.673042 155.204 -0.00870321 0.997338 -0.072398 -11.2227 -0.674321 -0.0593154 -0.736052 58.349 
-0.7549 0.0404255 0.654592 156.065 -0.00874564 0.997389 -0.0716814 -11.3212 -0.655781 -0.0598372 -0.752576 57.3914 
-0.770816 0.0425641 0.635634 156.894 -0.00623213 0.997214 -0.0743343 -11.4295 -0.637027 -0.0612594 -0.768403 56.4115 
-0.786104 0.0417998 0.616679 157.721 -0.00330358 0.997412 -0.0718179 -11.5277 -0.618085 -0.0584936 -0.783932 55.3955 
-0.800821 0.0433336 0.597334 158.514 0.0012241 0.997495 -0.0707222 -11.6399 -0.598903 -0.0559046 -0.798868 54.3645 
-0.815586 0.0432946 0.577014 159.281 0.00097372 0.997298 -0.0734531 -11.7316 -0.578636 -0.0593454 -0.813424 53.3051 
-0.829215 0.0453216 0.55709 160.017 0.00252129 0.997 -0.0773573 -11.8395 -0.558925 -0.0627412 -0.826841 52.2541 
-0.84248 0.0459005 0.536768 160.723 0.00539958 0.997033 -0.0767842 -11.9564 -0.5387 -0.0617908 -0.840228 51.2139 
-0.854532 0.0434588 0.517578 161.405 0.00579006 0.997228 -0.0741735 -12.0614 -0.519367 -0.0603868 -0.852415 50.1429 
-0.865128 0.0456034 0.499474 162.062 0.00867143 0.997069 -0.0760156 -12.151 -0.501476 -0.0614321 -0.862988 49.0399 
-0.875634 0.047631 0.48062 162.69 0.0111316 0.996851 -0.0785106 -12.2764 -0.482847 -0.0633965 -0.873407 48.0157 
-0.885245 0.0457957 0.462865 163.35 0.00949779 0.996713 -0.0804496 -12.3677 -0.465028 -0.0668213 -0.88277 46.8906 
-0.893582 0.0429322 0.446841 163.958 0.00822324 0.996815 -0.0793286 -12.4913 -0.448824 -0.0672122 -0.891089 45.7416 
-0.901111 0.0406751 0.431677 164.577 0.00709157 0.996839 -0.0791248 -12.6143 -0.433531 -0.0682389 -0.898551 44.5806 
-0.908152 0.0384025 0.416875 165.16 0.00614217 0.996899 -0.0784538 -12.726 -0.418595 -0.0686875 -0.905572 43.4068 
-0.91487 0.0358147 0.402156 165.732 0.00503952 0.996993 -0.0773245 -12.8349 -0.403716 -0.0687152 -0.9123 42.2559 
-0.920696 0.0313833 0.389015 166.272 0.00287237 0.997279 -0.0736562 -12.9358 -0.390269 -0.0666976 -0.918282 41.0784 
-0.925763 0.0278119 0.377079 166.769 0.00156604 0.997564 -0.0697318 -13.0491 -0.3781 -0.0639646 -0.923552 39.8879 
-0.930049 0.0279513 0.36637 167.269 0.00384251 0.997788 -0.0663694 -13.1518 -0.367415 -0.0603191 -0.928099 38.6742 
-0.933116 0.0321029 0.358139 167.734 0.00807662 0.997626 -0.0683822 -13.239 -0.359484 -0.060916 -0.931161 37.4768 
-0.935213 0.0375218 0.352093 168.184 0.0136861 0.997457 -0.0699447 -13.3351 -0.353822 -0.0605944 -0.933348 36.2621 
-0.937509 0.0400476 0.34565 168.656 0.0159287 0.997253 -0.07234 -13.4335 -0.347597 -0.0623136 -0.935571 35.0813 
-0.939289 0.0369885 0.341128 169.106 0.0134725 0.997382 -0.0710501 -13.5377 -0.342863 -0.0621407 -0.937328 33.891 
-0.941098 0.0293814 0.336855 169.562 0.00689892 0.997679 -0.0677461 -13.6315 -0.338064 -0.0614317 -0.939116 32.6896 
-0.942923 0.0228751 0.332223 170.02 0.00093983 0.997817 -0.0660369 -13.7265 -0.333008 -0.0619555 -0.940886 31.4792 
-0.944806 0.0159221 0.327242 170.48 -0.00665038 0.997681 -0.0677433 -13.82 -0.327562 -0.0661806 -0.942509 30.2641 
-0.94629 0.0139352 0.323018 170.931 -0.00935323 0.997473 -0.0704321 -13.9169 -0.323184 -0.0696704 -0.943768 29.0554 
-0.946985 0.0146351 0.320944 171.363 -0.00922634 0.997311 -0.072701 -14.0159 -0.321145 -0.0718079 -0.944304 27.8418 
-0.947376 0.0149775 0.319773 171.796 -0.00945375 0.99716 -0.0747131 -14.121 -0.319984 -0.0738044 -0.944544 26.6314 
-0.94717 0.0181969 0.320216 172.219 -0.00648926 0.997098 -0.0758567 -14.231 -0.320667 -0.0739271 -0.944302 25.4036 
-0.946977 0.0180248 0.320795 172.657 -0.00753597 0.996904 -0.0782602 -14.3269 -0.321212 -0.0765281 -0.94391 24.1899 
-0.946518 0.0192129 0.32208 173.086 -0.00698153 0.996772 -0.0799772 -14.4385 -0.322577 -0.0779484 -0.943328 22.9804 
-0.945894 0.0200777 0.323853 173.515 -0.00608248 0.996811 -0.079564 -14.5515 -0.324418 -0.077229 -0.942756 21.7744 
-0.945152 0.0193221 0.326059 173.95 -0.00740732 0.996724 -0.0805372 -14.6547 -0.326547 -0.0785351 -0.941913 20.5851 
-0.94415 0.0173259 0.329059 174.397 -0.0100115 0.996647 -0.0812018 -14.7598 -0.329363 -0.079961 -0.940811 19.4049 
-0.942734 0.0148245 0.333217 174.846 -0.012476 0.996745 -0.0796413 -14.8634 -0.333313 -0.0792378 -0.939481 18.2347 
-0.94093 0.0115951 0.338402 175.3 -0.0154509 0.996902 -0.0771195 -14.9727 -0.338248 -0.0777927 -0.937836 17.0627 
-0.938401 0.00913658 0.345428 175.757 -0.0177927 0.997047 -0.0747082 -15.0776 -0.34509 -0.0762523 -0.935467 15.8776 
-0.935897 0.00982057 0.352136 176.209 -0.0179726 0.996978 -0.0755715 -15.1732 -0.351814 -0.077056 -0.932893 14.7322 
-0.93292 0.00903404 0.35997 176.676 -0.0195718 0.996935 -0.0757432 -15.2773 -0.359551 -0.0777076 -0.929884 13.5976 
-0.929501 0.0107357 0.368662 177.149 -0.0195614 0.996734 -0.0783457 -15.3795 -0.368299 -0.080034 -0.926256 12.4585 
-0.925548 0.0106521 0.378481 177.64 -0.0207132 0.996683 -0.0787038 -15.4784 -0.378063 -0.0806837 -0.922257 11.318 
-0.920897 0.0115531 0.389636 178.149 -0.0215451 0.996524 -0.0804696 -15.5888 -0.389211 -0.0824989 -0.917447 10.1747 
-0.91514 0.0133641 0.402914 178.674 -0.0215461 0.9964 -0.0819872 -15.6962 -0.40256 -0.083711 -0.911558 9.00218 
-0.909661 0.016395 0.415027 179.275 -0.0194446 0.996444 -0.081982 -15.8057 -0.414895 -0.0826459 -0.906108 7.81355 
-0.903397 0.0161505 0.4285 179.842 -0.0196092 0.996689 -0.0789078 -15.9215 -0.428355 -0.0796876 -0.90009 6.64126 
-0.897172 0.0178392 0.441321 180.417 -0.0194768 0.996614 -0.0798802 -16.0312 -0.441252 -0.0802618 -0.893787 5.51668 
-0.890319 0.020885 0.454857 181.002 -0.0165302 0.996806 -0.0781245 -16.1402 -0.455036 -0.0770747 -0.887131 4.39399 
-0.882763 0.0227957 0.469266 181.596 -0.0141458 0.99708 -0.075046 -16.2598 -0.469606 -0.0728859 -0.879862 3.2765 
-0.875314 0.0243775 0.48294 182.226 -0.011554 0.997389 -0.0712868 -16.3806 -0.483417 -0.0679782 -0.872747 2.1869 
-0.86758 0.0276339 0.49653 182.891 -0.00703844 0.997672 -0.0678227 -16.5067 -0.497248 -0.0623364 -0.865366 1.08315 
-0.859163 0.0309166 0.510767 183.527 -0.00372513 0.997769 -0.0666607 -16.6017 -0.511688 -0.0591751 -0.857131 0.0505629 
-0.849574 0.0330573 0.526433 184.198 -0.00226272 0.997797 -0.0663083 -16.6884 -0.527465 -0.057525 -0.847627 -0.982128 
-0.840291 0.0358674 0.540948 184.874 0.000401608 0.99785 -0.0655383 -16.7746 -0.542136 -0.054854 -0.838499 -1.9581 
-0.829153 0.0385137 0.557693 185.576 0.00299452 0.997916 -0.0644629 -16.8692 -0.559014 -0.0517796 -0.82754 -2.98877 
-0.818868 0.0400921 0.572579 186.307 0.00310002 0.997852 -0.0654363 -16.9505 -0.573973 -0.0518087 -0.817234 -3.97346 
-0.805657 0.042999 0.59082 187.023 0.00591477 0.997896 -0.0645599 -17.0438 -0.592353 -0.0485186 -0.804216 -4.98462 
-0.79422 0.044009 0.606034 187.843 0.00646262 0.997929 -0.0639983 -17.1187 -0.607596 -0.0469122 -0.79286 -5.93337 
-0.780264 0.0437211 0.623921 188.665 0.00461414 0.997929 -0.0641593 -17.2105 -0.625434 -0.0471823 -0.77885 -6.90463 
-0.764317 0.0455949 0.643227 189.453 0.00466456 0.997862 -0.0651905 -17.3031 -0.644824 -0.0468258 -0.762895 -7.82175 
-0.747984 0.0486495 0.661931 190.261 0.00578399 0.99775 -0.066795 -17.3954 -0.663691 -0.046133 -0.746583 -8.70673 
-0.730998 0.0488976 0.680626 191.092 0.00446726 0.997751 -0.0668827 -17.4885 -0.682365 -0.0458505 -0.729572 -9.58048 
-0.713245 0.0491785 0.699187 191.933 0.0026059 0.997715 -0.0675177 -17.5704 -0.70091 -0.0463346 -0.711743 -10.39 
-0.693494 0.0481096 0.718855 192.765 0.000790103 0.997818 -0.0660172 -17.6744 -0.720462 -0.0452145 -0.692019 -11.1912 
-0.673912 0.0486388 0.737209 193.616 -0.00105963 0.997766 -0.0667983 -17.7574 -0.738811 -0.0457974 -0.672355 -11.9452 
-0.655004 0.047815 0.754111 194.534 -0.00433221 0.997742 -0.0670256 -17.8489 -0.755613 -0.047169 -0.653318 -12.6893 
-0.635107 0.0479079 0.770937 195.431 -0.00629397 0.997721 -0.0671859 -17.9267 -0.772399 -0.0475224 -0.633358 -13.391 
-0.613122 0.0474637 0.788561 196.337 -0.00694128 0.997831 -0.0654568 -18.021 -0.789957 -0.0456066 -0.611463 -14.0848 
-0.590381 0.0480452 0.805694 197.276 -0.00797026 0.997831 -0.0653431 -18.0989 -0.807086 -0.0449989 -0.588717 -14.7497 
-0.565865 0.0513226 0.822899 198.238 -0.00643897 0.997755 -0.0666559 -18.1804 -0.824473 -0.0430168 -0.564264 -15.3961 
-0.540155 0.0515431 0.839986 199.218 -0.00787566 0.997769 -0.0662895 -18.2634 -0.841529 -0.042422 -0.538544 -16.0164 
-0.513902 0.0509536 0.856334 200.244 -0.0109943 0.997761 -0.0659667 -18.3377 -0.857779 -0.0433151 -0.512191 -16.6115 
-0.487005 0.0492585 0.872009 201.249 -0.0126374 0.997906 -0.0634281 -18.4214 -0.873308 -0.0419097 -0.485363 -17.1498 
-0.45744 0.0508285 0.887786 202.285 -0.0118402 0.997928 -0.0632354 -18.5006 -0.889161 -0.039438 -0.455891 -17.6765 
-0.427562 0.052194 0.902478 203.071 -0.0163686 0.997721 -0.0654573 -18.5758 -0.903838 -0.0427593 -0.425733 -18.1401 
-0.395979 0.0543506 0.91665 204.113 -0.0140917 0.997769 -0.0652479 -18.6571 -0.918151 -0.038754 -0.39433 -18.6001 
-0.366381 0.0546868 0.928856 205.146 -0.0147849 0.997803 -0.064578 -18.7425 -0.930347 -0.0373932 -0.364768 -18.9494 
-0.335494 0.0544272 0.940469 206.146 -0.0158703 0.997861 -0.0634102 -18.8289 -0.941909 -0.0361992 -0.333913 -19.2911 
-0.30252 0.0537854 0.951624 207.241 -0.0155236 0.997996 -0.0613414 -18.9035 -0.953017 -0.0333296 -0.301079 -19.6319 
-0.268335 0.0521863 0.961911 208.35 -0.0155749 0.998166 -0.0584981 -18.9864 -0.9632 -0.0306787 -0.26703 -19.9395 
-0.233771 0.0511932 0.970943 209.487 -0.015994 0.998275 -0.0564852 -19.0669 -0.97216 -0.0287338 -0.232549 -20.2039 
-0.200234 0.0517516 0.97838 210.609 -0.0173364 0.99826 -0.0563513 -19.133 -0.979595 -0.0282451 -0.198989 -20.406 
-0.165256 0.0514175 0.984909 211.736 -0.0177764 0.998322 -0.0551005 -19.2087 -0.98609 -0.0266138 -0.164064 -20.587 
-0.130403 0.0518823 0.990103 212.876 -0.0181398 0.998338 -0.054703 -19.2765 -0.991295 -0.0250937 -0.129245 -20.7246 
-0.0953822 0.0528303 0.994038 214.012 -0.0200444 0.998286 -0.0549795 -19.35 -0.995239 -0.0251689 -0.0941598 -20.8225 
-0.06118 0.0523723 0.996752 215.165 -0.0202971 0.998351 -0.0537022 -19.4223 -0.99792 -0.0235166 -0.0600161 -20.8814 
-0.0273297 0.0515585 0.998296 216.291 -0.0215268 0.998407 -0.0521537 -19.4932 -0.999395 -0.0229154 -0.0261763 -20.922 
0.00560714 0.0525654 0.998602 217.423 -0.0231845 0.998356 -0.0524223 -19.5543 -0.999715 -0.0228581 0.00681663 -20.8997 
0.0378117 0.0523803 0.997911 218.506 -0.0237655 0.99839 -0.051505 -19.6339 -0.999002 -0.0217683 0.0389957 -20.8593 
0.0685424 0.0498614 0.996401 219.62 -0.0220402 0.998582 -0.0484544 -19.7047 -0.997405 -0.0186397 0.0695442 -20.7602 
0.0990646 0.0491277 0.993867 220.768 -0.0219172 0.998646 -0.0471794 -19.7687 -0.99484 -0.017109 0.100007 -20.6255 
0.129245 0.0498056 0.990361 221.93 -0.0210096 0.998651 -0.0474808 -19.8267 -0.99139 -0.0146705 0.130117 -20.4652 
0.159043 0.0488665 0.986061 223.045 -0.0177963 0.998754 -0.0466252 -19.8914 -0.987111 -0.0101328 0.159715 -20.2663 
0.189409 0.048331 0.980708 224.195 -0.0151723 0.998813 -0.046293 -19.9494 -0.981781 -0.00611125 0.189917 -20.0356 
0.219877 0.0467738 0.974406 225.349 -0.0125087 0.998903 -0.0451271 -20.0119 -0.975447 -0.00226618 0.220221 -19.7749 
0.250382 0.0455293 0.967076 226.481 -0.0105534 0.998963 -0.0442982 -20.0726 -0.96809 0.000885517 0.250603 -19.4801 
0.280335 0.0451261 0.958841 227.599 -0.00799952 0.998969 -0.0446759 -20.1335 -0.959869 0.00485395 0.280407 -19.1516 
0.309249 0.0450292 0.949914 228.719 -0.00781362 0.998965 -0.0448107 -20.1923 -0.950949 0.0064354 0.309281 -18.7807 
0.3377 0.0426354 0.940288 229.818 -0.00612433 0.999052 -0.0431005 -20.2546 -0.941234 0.00879641 0.337641 -18.38 
0.36622 0.0417713 0.92959 230.919 -0.00625958 0.99908 -0.0424279 -20.3186 -0.930507 0.00971906 0.366144 -17.937 
0.394745 0.0423587 0.917814 231.996 -0.00407636 0.999008 -0.0443529 -20.3845 -0.918782 0.0137667 0.394526 -17.46 
0.423522 0.0432545 0.904853 233.059 -0.00254215 0.998912 -0.046561 -20.4509 -0.905882 0.0174193 0.423171 -16.9631 
0.451654 0.0415765 0.891224 234.136 -0.000965872 0.998936 -0.046112 -20.519 -0.892192 0.0199659 0.451214 -16.4233 
0.478497 0.0387098 0.877236 235.159 0.000553457 0.999014 -0.0443855 -20.5808 -0.878089 0.0217238 0.478003 -15.8591 
0.50383 0.0370085 0.86301 236.172 -8.31301e-05 0.999084 -0.0427953 -20.6377 -0.863803 0.0214898 0.503371 -15.2477 
0.527551 0.0372449 0.848706 237.186 -0.00123563 0.999071 -0.0430757 -20.7033 -0.849522 0.0216759 0.527107 -14.6129 
0.549355 0.0374332 0.83475 238.192 -0.00232421 0.999061 -0.043272 -20.7587 -0.835586 0.0218315 0.548926 -13.9422 
0.568918 0.0363785 0.821589 239.156 -0.00279299 0.999101 -0.0423044 -20.8162 -0.822389 0.021773 0.568508 -13.2463 
0.587614 0.0336012 0.808444 240.126 -0.00278364 0.999215 -0.0395071 -20.8802 -0.809137 0.0209644 0.587246 -12.5244 
0.605442 0.0310196 0.795285 241.094 -0.00146429 0.999282 -0.0378618 -20.9299 -0.795888 0.0217585 0.605052 -11.7796 
0.621871 0.028042 0.782617 242.042 0.000126439 0.999355 -0.0359086 -20.9897 -0.78312 0.0224294 0.621466 -11.0075 
0.637781 0.0269127 0.769748 242.986 0.00151769 0.999343 -0.0361977 -21.0333 -0.770216 0.0242544 0.637321 -10.2129 
0.653422 0.0265683 0.756528 243.9 0.00132829 0.999342 -0.0362431 -21.0904 -0.756993 0.0246869 0.652957 -9.40615 
0.668827 0.0251121 0.742994 244.803 0.00256274 0.999345 -0.0360835 -21.1411 -0.743413 0.0260377 0.668325 -8.5709 
0.683792 0.0232725 0.729305 245.686 0.00212869 0.999423 -0.033888 -21.189 -0.729673 0.0247248 0.683349 -7.72858 
0.699098 0.0195543 0.714759 246.564 0.00403772 0.999502 -0.0312937 -21.24 -0.715015 0.0247633 0.698671 -6.86685 
0.713603 0.0185407 0.700304 247.429 0.00395806 0.999527 -0.0304961 -21.2841 -0.700539 0.0245339 0.713193 -5.96462 
0.727921 0.0187867 0.685403 248.275 0.00509183 0.999449 -0.0328025 -21.3233 -0.685642 0.0273676 0.727424 -5.04633 
0.741021 0.0182123 0.671234 249.11 0.00555445 0.999432 -0.0332493 -21.3754 -0.671458 0.0283667 0.740499 -4.11698 
0.753112 0.0180793 0.657644 249.928 0.00465615 0.999451 -0.0328081 -21.4213 -0.657876 0.0277702 0.752614 -3.15462 
0.764614 0.0156441 0.644298 250.732 0.00542914 0.999513 -0.0307122 -21.468 -0.644465 0.0269809 0.764157 -2.17958 
0.775631 0.0130851 0.631051 251.513 0.00720787 0.999536 -0.0295852 -21.515 -0.631145 0.0274957 0.775177 -1.19541 
0.78603 0.0124438 0.618063 252.296 0.00773674 0.999521 -0.0299634 -21.5613 -0.61814 0.0283339 0.785557 -0.179317 
0.795359 0.0106789 0.606045 253.054 0.0108985 0.999431 -0.0319138 -21.6096 -0.606041 0.0319879 0.79479 0.844278 
0.804313 0.00819886 0.59415 253.812 0.0124053 0.999455 -0.0305853 -21.6536 -0.594077 0.0319707 0.803773 1.88015 
0.812365 0.00506691 0.583128 254.55 0.0154649 0.999423 -0.0302288 -21.6983 -0.582944 0.0335748 0.811818 2.92947 
0.819212 0.00347579 0.57348 255.265 0.0168783 0.999402 -0.030168 -21.7458 -0.573242 0.0343933 0.818664 3.98476 
0.824928 0.00196231 0.565235 255.985 0.0177513 0.999411 -0.0293767 -21.7931 -0.564959 0.0342673 0.824407 5.06427 
0.828952 0.000973469 0.559318 256.699 0.0178599 0.999442 -0.0282094 -21.8304 -0.559034 0.0333736 0.828473 6.14658 
0.831712 0.000381412 0.555206 257.418 0.0175936 0.999479 -0.0270425 -21.8774 -0.554928 0.0322596 0.831273 7.25164 
0.834366 -0.000381404 0.551211 258.131 0.0179658 0.999487 -0.0265034 -21.9261 -0.550918 0.0320164 0.833945 8.37926 
0.836774 -0.0014906 0.547547 258.843 0.0189881 0.999474 -0.0262973 -21.9649 -0.547219 0.0324017 0.836362 9.50029 
0.839779 -0.00635592 0.542891 259.656 0.022793 0.999463 -0.0235566 -22.025 -0.54245 0.0321564 0.839472 10.7014 
0.841838 -0.00824601 0.539667 260.385 0.0242882 0.999449 -0.0226164 -22.0722 -0.539183 0.0321469 0.841574 11.849 
0.844724 -0.00909487 0.535125 261.171 0.0256331 0.999396 -0.0234778 -22.1059 -0.534588 0.0335491 0.844446 13.0624 
0.84727 -0.0100708 0.531067 261.955 0.0265683 0.999372 -0.023436 -22.1502 -0.530498 0.0339661 0.847005 14.275 
0.849567 -0.0101628 0.527383 262.659 0.0262686 0.999389 -0.023058 -22.1944 -0.526826 0.0334428 0.849315 15.4299 
0.852023 -0.0096844 0.523414 263.408 0.0253989 0.999416 -0.0228535 -22.235 -0.522887 0.0327658 0.851772 16.6281 
0.854082 -0.0106061 0.520029 264.076 0.0264156 0.999386 -0.0230017 -22.276 -0.519466 0.0333822 0.853839 17.7959 
0.855849 -0.0110211 0.517109 264.848 0.0262826 0.999408 -0.0221993 -22.343 -0.516558 0.0325901 0.855632 19.0429 
