1 2.12261e-08 -2.11895e-08 0 2.12261e-08 1 2.10703e-08 0 -2.11895e-08 2.10703e-08 1 0 
1 -0.000196779 -0.000285802 -0.0227019 0.000197263 0.999999 0.00154669 -0.0202462 0.000285455 -0.00154671 0.999999 1.35071 
0.999999 -0.00139045 -0.000853599 -0.0334807 0.00139165 0.999998 0.00135233 -0.0314267 0.000851674 -0.00135347 0.999999 2.7134 
0.999997 -0.00234786 -0.000518109 -0.0649295 0.00234803 0.999997 0.000249025 -0.0518098 0.000517481 -0.000250199 1 4.04506 
0.999996 -0.00297765 -3.77877e-05 -0.092613 0.00297772 0.999995 0.0005702 -0.074705 3.60474e-05 -0.000570268 1 5.36054 
0.999994 -0.00335184 0.000235564 -0.118067 0.00335159 0.999994 0.0012206 -0.0946595 -0.000239696 -0.00121976 0.999999 6.70465 
0.999989 -0.00459412 0.000865914 -0.149077 0.00459221 0.999987 0.00223794 -0.108446 -0.000876226 -0.0022339 0.999997 8.04329 
0.99999 -0.0043494 0.000919228 -0.180454 0.00434699 0.999987 0.00265404 -0.125806 -0.000930802 -0.00264997 0.999996 9.38993 
0.999994 -0.00335004 0.00116775 -0.211555 0.00334919 0.999994 0.000765506 -0.143236 -0.00117035 -0.000761547 0.999999 10.7364 
0.999999 -0.000973128 0.00127456 -0.237506 0.000974602 0.999999 -0.00112308 -0.167677 -0.00127351 0.00112437 0.999999 12.0921 
0.999994 0.00263048 0.00226689 -0.274031 -0.00262581 0.999995 -0.00204202 -0.190053 -0.00227229 0.0020361 0.999995 13.4387 
0.999981 0.00545301 0.00301885 -0.311428 -0.00544647 0.999983 -0.00215486 -0.217381 -0.00303059 0.00213842 0.999993 14.7782 
0.999977 0.00603776 0.00320434 -0.332775 -0.00603406 0.999981 -0.00114837 -0.241662 -0.00321126 0.00112905 0.999994 16.1525 
0.999984 0.00394793 0.00415757 -0.359894 -0.00395642 0.99999 0.00204717 -0.273198 -0.00414949 -0.00206355 0.999989 17.525 
0.999991 -0.00023306 0.00434866 -0.377021 0.000215748 0.999992 0.0039907 -0.291549 -0.00434959 -0.00398969 0.999983 18.8961 
0.999987 -0.00185691 0.00474048 -0.40138 0.00184966 0.999997 0.00154225 -0.309265 -0.00474337 -0.00153342 0.999988 20.2571 
0.999981 -0.00333326 0.00510432 -0.427508 0.00333526 0.999994 -0.000375068 -0.328461 -0.00510309 0.000392127 0.999987 21.6203 
0.999981 -0.00118946 0.00604371 -0.458995 0.00120264 0.999997 -0.00217205 -0.347155 -0.00604115 0.00217932 0.999979 22.9744 
0.999977 0.00131013 0.00663462 -0.469484 -0.00130855 0.999999 -0.000236769 -0.363523 -0.00663497 0.000228123 0.999978 24.3407 
0.999973 0.00171112 0.00714507 -0.485567 -0.00173811 0.999991 0.00377817 -0.386193 -0.00713859 -0.00379045 0.999967 25.7289 
0.999972 -0.000688663 0.00747237 -0.496579 0.000647441 0.999985 0.00552337 -0.399233 -0.0074761 -0.00551834 0.999957 27.1098 
0.999966 -0.00419827 0.00706209 -0.512955 0.00417208 0.999984 0.00372491 -0.414328 -0.00707766 -0.00369528 0.999968 28.465 
0.999963 -0.00491225 0.00701476 -0.526021 0.00490045 0.999987 0.00170393 -0.435693 -0.00702307 -0.00166945 0.999974 29.8576 
0.999958 -0.00495491 0.00776962 -0.538789 0.00495995 0.999988 -0.000624636 -0.462335 -0.00776647 0.000663188 0.99997 31.2386 
0.999963 -0.00218901 0.00833634 -0.555067 0.00220052 0.999997 -0.0013667 -0.490459 -0.00833336 0.00138503 0.999964 32.6131 
0.999961 -0.00103282 0.00876312 -0.575868 0.00106284 0.999994 -0.00341694 -0.514918 -0.00875957 0.00342616 0.999956 33.9989 
0.999958 -7.01401e-05 0.00912508 -0.595329 9.51389e-05 0.999996 -0.00273448 -0.542824 -0.0091249 0.00273528 0.999955 35.3994 
0.999959 -0.000796896 0.0090793 -0.609596 0.000806582 0.999999 -0.00105855 -0.569158 -0.00907849 0.00106587 0.999958 36.8041 
0.999956 0.000442374 0.00937796 -0.64236 -0.000442671 1 3.41067e-05 -0.586801 -0.00937799 -3.82146e-05 0.999956 38.2474 
0.999943 0.00298697 0.0102909 -0.695238 -0.00298804 0.999996 9.34264e-05 -0.592167 -0.0102906 -0.000124129 0.999947 39.6732 
0.999924 0.00565316 0.0109994 -0.720199 -0.00564915 0.999984 -0.000392031 -0.60773 -0.0110015 0.000329906 0.999939 41.0861 
0.999905 0.00726544 0.0117217 -0.761032 -0.00726783 0.999974 0.000165029 -0.634276 -0.0117202 -0.000250163 0.999931 42.5028 
0.999905 0.00752199 0.0115817 -0.778546 -0.0075286 0.999972 0.000531595 -0.657057 -0.0115774 -0.000618696 0.999933 43.9017 
0.999907 0.00710807 0.0116849 -0.80073 -0.00710913 0.999975 5.33362e-05 -0.668344 -0.0116843 -0.000136359 0.999932 45.3652 
0.999906 0.00718849 0.0116544 -0.827672 -0.00717908 0.999974 -0.000845025 -0.681803 -0.0116603 0.000761319 0.999932 46.8297 
0.999916 0.00615639 0.0114081 -0.856148 -0.00615005 0.999981 -0.000586795 -0.693914 -0.0114115 0.000516627 0.999935 48.2619 
0.999923 0.0063007 0.0106996 -0.867549 -0.00630801 0.99998 0.000653628 -0.723083 -0.0106953 -0.00072103 0.999943 49.7018 
0.999925 0.00707799 0.0100268 -0.891372 -0.00707796 0.999975 -3.49646e-05 -0.741071 -0.0100268 -3.59654e-05 0.99995 51.13 
0.999936 0.00684045 0.00902354 -0.902274 -0.00684635 0.999976 0.00062813 -0.763327 -0.00901907 -0.000689826 0.999959 52.5766 
0.999939 0.00723262 0.00835535 -0.927184 -0.00724028 0.999973 0.000891761 -0.775351 -0.00834872 -0.00095216 0.999965 54.0295 
0.999951 0.00569136 0.00816329 -0.947847 -0.0057073 0.999982 0.00193641 -0.804729 -0.00815216 -0.00198286 0.999965 55.4642 
0.999962 0.00425836 0.00761831 -0.97078 -0.00427414 0.999989 0.00206133 -0.823439 -0.00760948 -0.00209377 0.999969 56.9141 
0.99997 0.00250849 0.00729973 -0.988811 -0.00251701 0.999996 0.00116458 -0.84034 -0.00729682 -0.00118288 0.999973 58.3893 
0.999965 0.00296984 0.00787412 -1.02039 -0.00298082 0.999995 0.00138815 -0.871939 -0.00787 -0.00141153 0.999968 59.7905 
0.999959 0.0021011 0.00876862 -1.03831 -0.00212011 0.999995 0.00216497 -0.891845 -0.00876408 -0.00218343 0.999959 61.2615 
0.999955 0.00112027 0.00943155 -1.05273 -0.00114933 0.999995 0.00308142 -0.918017 -0.00942809 -0.00309208 0.999951 62.693 
0.999949 -0.000222668 0.0101054 -1.06564 0.00019887 0.999997 0.00236013 -0.936818 -0.010106 -0.00235795 0.999946 64.1556 
0.999944 -0.00179133 0.0104006 -1.07189 0.00177662 0.999997 0.00142828 -0.952972 -0.0104032 -0.00140968 0.999945 65.6 
0.999936 -0.000767725 0.0113249 -1.08061 0.000755527 0.999999 0.00108514 -0.978804 -0.0113257 -0.00107647 0.999935 67.0197 
0.999925 0.000449537 0.0122417 -1.09222 -0.000463412 0.999999 0.0011341 -1.00991 -0.0122412 -0.00113965 0.999924 68.4392 
0.999912 0.00356012 0.0127873 -1.10653 -0.00359033 0.999991 0.00234354 -1.03084 -0.0127789 -0.0023892 0.999916 69.8803 
0.999877 0.00710456 0.013983 -1.13475 -0.00715307 0.999969 0.00342566 -1.04977 -0.0139583 -0.00352521 0.999896 71.2918 
0.999824 0.0113994 0.0149049 -1.15184 -0.011456 0.999927 0.00372149 -1.06814 -0.0148614 -0.00389154 0.999882 72.6831 
0.999749 0.0158819 0.0158076 -1.17878 -0.0159335 0.999868 0.00314659 -1.08664 -0.0157555 -0.00339763 0.99987 74.1221 
0.999659 0.0196785 0.0171632 -1.20563 -0.019715 0.999804 0.00196222 -1.0956 -0.0171213 -0.00229988 0.999851 75.5239 
0.999588 0.0219954 0.0184182 -1.22102 -0.0220344 0.999755 0.00191956 -1.12101 -0.0183715 -0.00232456 0.999829 76.9053 
0.999556 0.02297 0.0189547 -1.23494 -0.0230107 0.999733 0.00193635 -1.14099 -0.0189052 -0.00237161 0.999819 78.3031 
0.999586 0.0214862 0.0191194 -1.23687 -0.0215274 0.999766 0.00195175 -1.16624 -0.019073 -0.00236249 0.999815 79.7122 
0.999573 0.0216607 0.0196342 -1.24147 -0.0216745 0.999765 0.000491216 -1.19222 -0.019619 -0.000916527 0.999807 81.0927 
0.999595 0.0211563 0.0190157 -1.23146 -0.0211726 0.999776 0.00065755 -1.21773 -0.0189976 -0.00105985 0.999819 82.5091 
0.999629 0.0198438 0.0186605 -1.22138 -0.0198645 0.999802 0.000928035 -1.23887 -0.0186385 -0.00129833 0.999825 83.9108 
0.999635 0.0198643 0.0183015 -1.24527 -0.0198743 0.999802 0.000364058 -1.25792 -0.0182907 -0.000727613 0.999832 85.3156 
0.999633 0.0201334 0.0181429 -1.25743 -0.0201447 0.999797 0.000441603 -1.27663 -0.0181304 -0.000806883 0.999835 86.6894 
0.999674 0.0186571 0.0174186 -1.27212 -0.0186881 0.999824 0.00162123 -1.30074 -0.0173853 -0.00194618 0.999847 88.106 
0.999738 0.0153882 0.016956 -1.28366 -0.0154469 0.999875 0.00333858 -1.33092 -0.0169025 -0.00359958 0.999851 89.4555 
0.999788 0.0134476 0.0155975 -1.27556 -0.0135092 0.999901 0.00385106 -1.35039 -0.0155442 -0.00406091 0.999871 90.8308 
0.999829 0.0108498 0.0149668 -1.28042 -0.0109123 0.999932 0.00410392 -1.36675 -0.0149213 -0.0042665 0.99988 92.239 
0.999856 0.00860079 0.0146508 -1.28733 -0.00865737 0.999955 0.00380611 -1.39152 -0.0146174 -0.00393236 0.999885 93.6162 
0.999865 0.00746543 0.0146353 -1.30286 -0.00751242 0.999967 0.00316196 -1.39924 -0.0146112 -0.00327144 0.999888 95.0042 
0.999854 0.00805147 0.0150671 -1.33258 -0.00808864 0.999964 0.00241098 -1.40938 -0.0150472 -0.00253246 0.999884 96.3546 
0.99985 0.00808254 0.015325 -1.34104 -0.00811151 0.999965 0.00183162 -1.43336 -0.0153097 -0.00195561 0.999881 97.7081 
0.999835 0.00905785 0.0157578 -1.35053 -0.00907906 0.999958 0.00127766 -1.45303 -0.0157456 -0.00142047 0.999875 99.0884 
0.99981 0.010347 0.0165044 -1.36521 -0.0103775 0.999945 0.00176953 -1.48097 -0.0164852 -0.00194043 0.999862 100.461 
0.999791 0.0110245 0.0171909 -1.37381 -0.0110834 0.999933 0.00333726 -1.50152 -0.017153 -0.00352706 0.999847 101.821 
0.999783 0.0119007 0.017073 -1.37138 -0.0119836 0.999917 0.00476599 -1.52764 -0.0170149 -0.00496952 0.999843 103.175 
0.999787 0.0110663 0.0173982 -1.37764 -0.0111244 0.999933 0.00324938 -1.53861 -0.0173611 -0.00344219 0.999843 104.553 
0.999784 0.011005 0.017631 -1.38072 -0.011023 0.999939 0.000924548 -1.56265 -0.0176198 -0.00111865 0.999844 105.896 
0.999791 0.010538 0.0175086 -1.38167 -0.0105312 0.999944 -0.000474127 -1.5816 -0.0175127 0.000289682 0.999847 107.229 
0.999807 0.00803536 0.0179392 -1.38833 -0.00805512 0.999967 0.00103177 -1.60781 -0.0179304 -0.00117604 0.999839 108.577 
0.999814 0.00491779 0.0186508 -1.39461 -0.00497998 0.999982 0.00329177 -1.6299 -0.0186343 -0.00338399 0.999821 109.911 
0.999793 0.00436761 0.0198697 -1.39445 -0.00444214 0.999983 0.00371047 -1.65324 -0.0198532 -0.00379793 0.999796 111.245 
0.999778 0.00375987 0.0207127 -1.3962 -0.00380276 0.999991 0.00203383 -1.66856 -0.0207049 -0.0021121 0.999783 112.583 
0.999755 0.00552464 0.0214205 -1.39928 -0.00551907 0.999985 -0.000317106 -1.68617 -0.021422 0.000198848 0.999771 113.953 
0.999704 0.00757971 0.0231043 -1.39913 -0.00752258 0.999968 -0.0025568 -1.70335 -0.023123 0.00238228 0.99973 115.29 
0.999645 0.0106453 0.024421 -1.39964 -0.0105894 0.999941 -0.00241271 -1.72547 -0.0244453 0.00215329 0.999699 116.66 
0.999577 0.0116257 0.0266727 -1.39833 -0.0116139 0.999932 -0.000595769 -1.73771 -0.0266778 0.000285783 0.999644 118.03 
0.999539 0.0118665 0.0279595 -1.38949 -0.0119112 0.999928 0.00143317 -1.75875 -0.0279406 -0.0017655 0.999608 119.385 
0.999511 0.0117081 0.0289795 -1.36635 -0.011757 0.99993 0.00151888 -1.7697 -0.0289597 -0.00185881 0.999579 120.743 
0.999448 0.0130715 0.0305387 -1.36236 -0.0130935 0.999914 0.000521422 -1.78881 -0.0305293 -0.000920953 0.999533 122.052 
0.999375 0.0150193 0.0320012 -1.36008 -0.0150248 0.999887 -6.50201e-05 -1.80747 -0.0319986 -0.000415792 0.999488 123.443 
0.999294 0.0167751 0.0336159 -1.35361 -0.0167661 0.999859 -0.000549499 -1.82404 -0.0336204 -1.44545e-05 0.999435 124.814 
0.999244 0.0170243 0.0349647 -1.338 -0.0169957 0.999855 -0.00111253 -1.85996 -0.0349786 0.000517482 0.999388 126.143 
0.999171 0.0183039 0.0363516 -1.32595 -0.0182557 0.999832 -0.00165606 -1.89311 -0.0363759 0.000991103 0.999338 127.499 
0.999128 0.0173781 0.0379629 -1.3109 -0.0173156 0.999848 -0.00197308 -1.92183 -0.0379914 0.00131405 0.999277 128.86 
0.999069 0.017258 0.0395315 -1.31755 -0.0172334 0.999851 -0.000963626 -1.94189 -0.0395423 0.000281509 0.999218 130.259 
0.999046 0.0158118 0.0407113 -1.29861 -0.0158215 0.999875 -8.32617e-05 -1.96601 -0.0407076 -0.00056089 0.999171 131.639 
0.99904 0.0149228 0.0411917 -1.27247 -0.0149438 0.999888 0.000202979 -1.98561 -0.0411841 -0.000818303 0.999151 133.01 
0.999064 0.0126733 0.041363 -1.24896 -0.0127096 0.999919 0.000615324 -2.01272 -0.0413519 -0.00114042 0.999144 134.351 
0.999079 0.0113131 0.0413963 -1.2213 -0.0113668 0.999935 0.00106182 -2.02953 -0.0413816 -0.00153134 0.999142 135.683 
0.999101 0.00994125 0.0412074 -1.19918 -0.0099933 0.99995 0.00105831 -2.05818 -0.0411949 -0.00146912 0.99915 137.041 
0.999137 0.00903333 0.0405363 -1.17458 -0.00906063 0.999959 0.000490917 -2.07281 -0.0405302 -0.000857736 0.999178 138.399 
0.999187 0.00781874 0.0395621 -1.14495 -0.00788268 0.999968 0.00146162 -2.09817 -0.0395495 -0.00177224 0.999216 139.755 
0.999253 0.00534472 0.0382821 -1.12117 -0.00542076 0.999984 0.00188387 -2.12648 -0.0382715 -0.00208994 0.999265 141.074 
0.999291 0.0049528 0.0373259 -1.1093 -0.00503508 0.999985 0.00211171 -2.15174 -0.0373149 -0.00229811 0.999301 142.398 
0.999331 0.00522777 0.0362105 -1.08444 -0.00528377 0.999985 0.00145241 -2.17157 -0.0362024 -0.00164272 0.999343 143.762 
0.99934 0.00538238 0.0359288 -1.08251 -0.00541747 0.999985 0.000880603 -2.1857 -0.0359235 -0.00107462 0.999354 145.096 
0.99937 0.0032766 0.0353384 -1.06462 -0.0032365 0.999994 -0.00119043 -2.20938 -0.0353421 0.00107535 0.999375 146.437 
0.999402 -0.00173129 0.0345321 -1.03901 0.00178066 0.999997 -0.00139787 -2.23462 -0.0345296 0.00145857 0.999403 147.769 
0.9994 -0.0091906 0.0334038 -1.00296 0.00915331 0.999957 0.00127044 -2.25757 -0.0334141 -0.000963875 0.999441 149.111 
0.999367 -0.0161723 0.0316767 -0.984437 0.0160781 0.999866 0.00322715 -2.28174 -0.0317246 -0.00271577 0.999493 150.429 
0.999338 -0.0194494 0.0307567 -0.956521 0.019465 0.999811 -0.000205371 -2.30022 -0.0307469 0.000803956 0.999527 151.788 
0.999341 -0.018759 0.0310696 -0.947336 0.0188741 0.999816 -0.00341404 -2.32292 -0.0309999 0.00399825 0.999511 153.134 
0.999372 -0.0154109 0.0319122 -0.928107 0.015595 0.999863 -0.00552638 -2.35392 -0.0318227 0.00602062 0.999475 154.494 
0.999333 -0.0157067 0.0329675 -0.920973 0.0158926 0.999859 -0.0053842 -2.38799 -0.0328783 0.00590459 0.999442 155.83 
0.999254 -0.0190753 0.0335733 -0.899341 0.0191528 0.999815 -0.00198935 -2.41545 -0.0335291 0.00263093 0.999434 157.183 
0.999105 -0.0249634 0.0341474 -0.875492 0.0249395 0.999688 0.00112814 -2.4444 -0.034165 -0.000275465 0.999416 158.531 
0.999017 -0.028418 0.0340297 -0.843546 0.0283548 0.999595 0.00234004 -2.45907 -0.0340825 -0.00137279 0.999418 159.882 
0.99897 -0.0296734 0.0343199 -0.820229 0.0296091 0.999559 0.00238156 -2.48248 -0.0343755 -0.00136289 0.999408 161.244 
0.998986 -0.0275146 0.0356243 -0.799882 0.0274264 0.999619 0.00296577 -2.50227 -0.0356924 -0.00198568 0.999361 162.606 
0.999037 -0.0232946 0.0371723 -0.782638 0.0232327 0.999728 0.00209612 -2.52519 -0.037211 -0.00123044 0.999307 163.964 
0.999042 -0.0210348 0.0383735 -0.775013 0.0210372 0.999779 0.000342085 -2.55585 -0.0383722 0.000465556 0.999263 165.307 
0.999077 -0.0176613 0.0391665 -0.748373 0.0176853 0.999844 -0.000265624 -2.57602 -0.0391557 0.000958091 0.999233 166.664 
0.999095 -0.0154581 0.0396205 -0.721088 0.0154447 0.999881 0.000645407 -2.59155 -0.0396258 -3.28531e-05 0.999215 168.038 
0.999116 -0.0126544 0.040079 -0.706973 0.0126641 0.99992 1.37576e-05 -2.61121 -0.040076 0.000493861 0.999197 169.403 
0.999127 -0.0114339 0.0401885 -0.695439 0.01152 0.999932 -0.00190967 -2.64107 -0.0401639 0.00237101 0.99919 170.736 
0.999173 -0.00751841 0.0399693 -0.678415 0.00771965 0.999958 -0.0048817 -2.66447 -0.039931 0.00518625 0.999189 172.099 
0.999182 -0.00200609 0.0403845 -0.668037 0.00225343 0.999979 -0.00607881 -2.6998 -0.0403715 0.00616488 0.999166 173.461 
0.999163 0.0023055 0.0408328 -0.64357 -0.00211884 0.999987 -0.00461283 -2.73099 -0.040843 0.00452249 0.999155 174.878 
0.999128 0.00463493 0.0415023 -0.623196 -0.00451349 0.999985 -0.00301849 -2.75479 -0.0415157 0.00282858 0.999134 176.259 
0.999128 0.00539435 0.0413958 -0.587831 -0.0053644 0.999985 -0.000833555 -2.77851 -0.0413997 0.000610806 0.999143 177.677 
0.999172 0.00147105 0.0406712 -0.558379 -0.00147431 0.999999 5.12366e-05 -2.79963 -0.0406712 -0.000111115 0.999173 179.035 
0.999229 -0.000589291 0.0392512 -0.536842 0.000568174 1 0.000550254 -2.82832 -0.0392516 -0.000527487 0.999229 180.4 
0.99931 -0.000726625 0.0371401 -0.505436 0.000870168 0.999992 -0.00384773 -2.85416 -0.037137 0.00387744 0.999303 181.804 
0.999361 0.00115285 0.0357223 -0.481088 -0.00085727 0.999965 -0.00828752 -2.87989 -0.0357306 0.00825164 0.999327 183.25 
0.999357 0.00628374 0.0352972 -0.471125 -0.00596923 0.999942 -0.00900756 -2.91657 -0.0353518 0.00879111 0.999336 184.662 
0.999331 0.00947864 0.035313 -0.459488 -0.00920218 0.999926 -0.00798191 -2.94398 -0.0353861 0.00765166 0.999344 186.095 
0.999305 0.0110599 0.0355911 -0.438022 -0.0109018 0.99993 -0.00463176 -2.9684 -0.0356399 0.00424057 0.999356 187.534 
0.9993 0.0109778 0.0357598 -0.409383 -0.0108906 0.999937 -0.00263274 -2.99011 -0.0357865 0.0022415 0.999357 188.96 
0.99927 0.0112936 0.0364867 -0.410991 -0.0112317 0.999935 -0.00189807 -3.01622 -0.0365058 0.00148692 0.999332 190.381 
0.99929 0.00891933 0.0366005 -0.38098 -0.00886944 0.99996 -0.00152407 -3.031 -0.0366126 0.00119841 0.999329 191.838 
0.999308 0.00636697 0.0366533 -0.348434 -0.00633953 0.99998 -0.000863666 -3.05641 -0.0366581 0.000630745 0.999328 193.283 
0.999321 0.00370733 0.0366624 -0.318465 -0.00366852 0.999993 -0.00112465 -3.07595 -0.0366664 0.000989433 0.999327 194.717 
0.999313 0.000811216 0.0370499 -0.28488 -0.000805065 1 -0.000179783 -3.09166 -0.0370501 0.000149873 0.999313 196.168 
0.999295 -0.00405035 0.0373361 -0.248456 0.00399416 0.999991 0.00158063 -3.11866 -0.0373422 -0.00143035 0.999302 197.614 
0.999263 -0.00660607 0.0378153 -0.222983 0.00655899 0.999978 0.00137013 -3.13702 -0.0378236 -0.00112104 0.999284 199.051 
0.999265 -0.00496456 0.0380083 -0.192421 0.00507514 0.999983 -0.00281232 -3.16913 -0.0379937 0.00300319 0.999274 200.492 
0.999266 0.00219855 0.0382545 -0.172205 -0.00188909 0.999965 -0.00812265 -3.18875 -0.0382711 0.00804446 0.999235 201.905 
0.999157 0.0106978 0.0396344 -0.155518 -0.0103961 0.999916 -0.00780949 -3.22725 -0.0397146 0.0073909 0.999184 203.33 
0.998991 0.0192085 0.040604 -0.13343 -0.019052 0.99981 -0.00423722 -3.26253 -0.0406777 0.00345939 0.999166 204.777 
0.998905 0.0203469 0.0421262 -0.118685 -0.0202812 0.999792 -0.00198677 -3.28809 -0.0421579 0.00113027 0.99911 206.24 
0.998984 0.0180356 0.0412889 -0.0708885 -0.017996 0.999837 -0.00132778 -3.3092 -0.0413062 0.000583433 0.999146 207.703 
0.999073 0.0151517 0.0402988 -0.0380371 -0.0151035 0.999885 -0.00149973 -3.32951 -0.0403169 0.000889732 0.999187 209.173 
0.999131 0.0133959 0.0394714 -0.00542861 -0.0133225 0.999909 -0.00212119 -3.35322 -0.0394963 0.00159353 0.999218 210.642 
0.999133 0.0143077 0.0391079 0.021881 -0.0142033 0.999895 -0.00294428 -3.37829 -0.0391459 0.00238631 0.999231 212.096 
0.999127 0.0152036 0.0389086 0.0521484 -0.015102 0.999882 -0.00290364 -3.39833 -0.0389482 0.00231355 0.999239 213.571 
0.999114 0.0159975 0.0389364 0.0787261 -0.0159384 0.999871 -0.00182657 -3.42901 -0.0389606 0.00120441 0.99924 215.061 
0.999133 0.0151427 0.0387832 0.109088 -0.0150639 0.999884 -0.00232164 -3.45525 -0.0388139 0.00173544 0.999245 216.524 
0.999145 0.0150209 0.0385085 0.138523 -0.0149084 0.999884 -0.0032055 -3.48795 -0.0385522 0.0026287 0.999253 218.002 
0.99917 0.013744 0.0383447 0.174324 -0.0136243 0.999902 -0.00338131 -3.51186 -0.0383875 0.00285613 0.999259 219.513 
0.999155 0.0143739 0.0385137 0.183853 -0.0142506 0.999892 -0.0034735 -3.53654 -0.0385596 0.00292176 0.999252 221.013 
0.999139 0.0148096 0.0387477 0.20436 -0.0146923 0.999887 -0.00330873 -3.56744 -0.0387923 0.00273663 0.999244 222.464 
0.999137 0.0145996 0.0388883 0.22595 -0.0144699 0.999889 -0.00361225 -3.58749 -0.0389367 0.00304646 0.999237 223.937 
0.999116 0.015916 0.0389194 0.233144 -0.0157929 0.999869 -0.00346647 -3.62119 -0.0389695 0.00284879 0.999236 225.379 
0.999135 0.0153715 0.0386475 0.260221 -0.0152391 0.999877 -0.0037155 -3.64431 -0.0386999 0.00312337 0.999246 226.862 
0.999104 0.0168587 0.0388188 0.269357 -0.016718 0.999852 -0.00394718 -3.67335 -0.0388796 0.00329471 0.999239 228.316 
0.99913 0.0155971 0.038676 0.300532 -0.0154689 0.999874 -0.00360909 -3.71152 -0.0387274 0.00300771 0.999245 229.823 
0.999144 0.0139552 0.0389322 0.339437 -0.0138192 0.999897 -0.00375888 -3.73897 -0.0389807 0.00321769 0.999235 231.355 
0.999169 0.012373 0.038849 0.372908 -0.0122524 0.999919 -0.00334005 -3.76995 -0.0388872 0.00286131 0.99924 232.846 
0.999176 0.0112905 0.03899 0.40424 -0.0112038 0.999934 -0.00244027 -3.80033 -0.0390151 0.00200146 0.999237 234.368 
0.999158 0.0114831 0.0393804 0.418985 -0.0114075 0.999933 -0.00214154 -3.82565 -0.0394024 0.00169055 0.999222 235.898 
0.999158 0.0116958 0.039315 0.452831 -0.0116063 0.99993 -0.0025044 -3.85415 -0.0393415 0.00204604 0.999224 237.421 
0.999115 0.0126653 0.0400988 0.471892 -0.0125431 0.999916 -0.0032968 -3.88489 -0.0401372 0.00279096 0.99919 238.939 
0.999082 0.0137717 0.0405719 0.503106 -0.0136609 0.999902 -0.00300453 -3.90255 -0.0406094 0.00244756 0.999172 240.441 
0.999032 0.0146257 0.0414984 0.532198 -0.0146097 0.999893 -0.000687487 -3.93891 -0.041504 8.0582e-05 0.999138 241.947 
0.998996 0.0147939 0.0422883 0.560875 -0.014788 0.999891 -0.000451866 -3.96089 -0.0422904 -0.000173905 0.999105 243.483 
0.998947 0.0157129 0.0431134 0.585622 -0.0156179 0.999875 -0.00253961 -3.98507 -0.043148 0.00186363 0.999067 245.02 
0.998929 0.0155667 0.0435651 0.624361 -0.0154199 0.999874 -0.00370399 -4.01324 -0.0436173 0.00302829 0.999044 246.55 
0.998908 0.0162205 0.0438206 0.663035 -0.0160965 0.999865 -0.00317956 -4.0455 -0.0438663 0.00247077 0.999034 248.067 
0.998901 0.0154365 0.044262 0.694325 -0.0153693 0.99988 -0.00185739 -4.0792 -0.0442854 0.00117512 0.999018 249.593 
0.998937 0.0148518 0.0436354 0.74217 -0.0148381 0.99989 -0.000638017 -4.11689 -0.0436401 -1.00862e-05 0.999047 251.095 
0.998953 0.0147717 0.0433035 0.786329 -0.0147563 0.999891 -0.000674827 -4.14204 -0.0433088 3.51632e-05 0.999062 252.653 
0.998916 0.0167483 0.0434333 0.829159 -0.0167509 0.99986 -0.000302621 -4.16989 -0.0434323 -0.000425214 0.999056 254.194 
0.998901 0.0175548 0.0434643 0.869838 -0.0175511 0.999846 -0.000465164 -4.18933 -0.0434659 -0.000298152 0.999055 255.736 
0.99889 0.0179792 0.0435481 0.908674 -0.0179623 0.999838 -0.000777151 -4.1979 -0.0435551 -5.89653e-06 0.999051 257.25 
0.998917 0.0161473 0.0436323 0.954019 -0.0161512 0.99987 -0.000260613 -4.2307 -0.0436308 -0.000444344 0.999048 258.812 
0.998933 0.0142075 0.0439425 0.989122 -0.014243 0.999898 0.000495985 -4.25941 -0.043931 -0.00112129 0.999034 260.352 
0.998944 0.011547 0.0444636 1.022 -0.0116213 0.999932 0.00141438 -4.28959 -0.0444443 -0.00192957 0.99901 261.922 
0.998971 0.00992075 0.0442452 1.06353 -0.0099567 0.99995 0.0005933 -4.3075 -0.0442372 -0.00103318 0.999021 263.501 
0.998994 0.00917425 0.0438865 1.11082 -0.00915822 0.999958 -0.000565282 -4.33675 -0.0438899 0.000162833 0.999036 265.05 
0.998972 0.00741839 0.0447266 1.15831 -0.00748651 0.999971 0.00135673 -4.36006 -0.0447152 -0.00169014 0.998998 266.635 
0.998947 0.00556329 0.0455474 1.18698 -0.00570238 0.99998 0.00292535 -4.37992 -0.0455303 -0.00318196 0.998958 268.184 
0.998947 0.00462521 0.0456409 1.22513 -0.00472774 0.999987 0.00213975 -4.40766 -0.0456304 -0.00235323 0.998956 269.717 
0.998896 0.0051048 0.0466906 1.26202 -0.0051624 0.999986 0.00111416 -4.43094 -0.0466843 -0.00135393 0.998909 271.242 
0.998858 0.00643536 0.0473437 1.29992 -0.00647939 0.999979 0.000777416 -4.45672 -0.0473377 -0.00108324 0.998878 272.806 
0.998786 0.00785934 0.0486283 1.33616 -0.0079108 0.999968 0.000866617 -4.4838 -0.04862 -0.00125021 0.998817 274.359 
0.998676 0.0109198 0.0502718 1.364 -0.0109413 0.99994 0.000153497 -4.50412 -0.0502672 -0.000703293 0.998736 275.92 
0.998581 0.0120977 0.0518647 1.40143 -0.0121196 0.999927 0.000108267 -4.53788 -0.0518596 -0.00073665 0.998654 277.403 
0.998502 0.0138858 0.0529245 1.44245 -0.0138875 0.999904 -0.000334355 -4.5724 -0.0529241 -0.000401095 0.998599 278.97 
0.998457 0.0132825 0.0539274 1.4888 -0.0132408 0.999912 -0.00113048 -4.5911 -0.0539377 0.000414731 0.998544 280.556 
0.998405 0.0127201 0.0549997 1.54325 -0.0126398 0.999919 -0.00180771 -4.61599 -0.0550183 0.00110968 0.998485 282.143 
0.998342 0.0124601 0.0561992 1.59566 -0.012362 0.999921 -0.00209145 -4.63333 -0.0562209 0.00139329 0.998417 283.75 
0.998288 0.0112192 0.0574052 1.64039 -0.0111803 0.999937 -0.00099891 -4.66514 -0.0574128 0.000355435 0.998351 285.329 
0.998275 0.0104242 0.0577801 1.69786 -0.010402 0.999946 -0.00068388 -4.69135 -0.0577841 8.17126e-05 0.998329 286.919 
0.998322 0.00958828 0.057106 1.7774 -0.00945115 0.999952 -0.00267004 -4.72922 -0.0571289 0.00212589 0.998365 288.499 
0.998346 0.00867814 0.0568312 1.85102 -0.00842069 0.999953 -0.00476719 -4.76062 -0.05687 0.00428079 0.998372 290.073 
0.998398 0.00856728 0.0559319 1.9222 -0.00830849 0.999954 -0.00485693 -4.79143 -0.055971 0.00438448 0.998423 291.626 
0.998476 0.00786794 0.0546285 1.98255 -0.00761886 0.99996 -0.00476555 -4.81714 -0.0546638 0.00434212 0.998495 293.173 
0.998501 0.00808727 0.0541317 2.01769 -0.00779716 0.999954 -0.00556761 -4.8377 -0.0541743 0.00513724 0.998518 294.661 
0.998521 0.00731929 0.0538667 2.05047 -0.00706101 0.999963 -0.00498285 -4.88483 -0.0539012 0.00459517 0.998536 296.163 
0.998563 0.00702688 0.053124 2.10495 -0.0067933 0.999966 -0.00457542 -4.91575 -0.0531544 0.004208 0.998577 297.73 
0.99863 0.00647073 0.0519355 2.14895 -0.00626011 0.999972 -0.00421628 -4.94523 -0.0519613 0.00388542 0.998642 299.241 
0.998704 0.00513788 0.0506455 2.22039 -0.00502031 0.999984 -0.00244747 -4.97463 -0.0506573 0.00219009 0.998714 300.823 
0.998723 0.00642873 0.0501034 2.25923 -0.00639449 0.999979 -0.000842928 -5.01175 -0.0501079 0.000521507 0.998744 302.428 
0.99867 0.00664395 0.0511358 2.29433 -0.00663041 0.999978 -0.000433745 -5.04226 -0.0511376 9.41571e-05 0.998692 304.058 
0.998605 0.00647178 0.0524109 2.33092 -0.00643854 0.999979 -0.000802313 -5.05814 -0.052415 0.000463785 0.998625 305.699 
0.998587 0.00520231 0.0528786 2.37735 -0.00515044 0.999986 -0.0011162 -5.07134 -0.0528837 0.000842315 0.9986 307.336 
0.998571 0.00237658 0.0533859 2.40813 -0.00228177 0.999996 -0.00183612 -5.11313 -0.0533901 0.00171172 0.998572 308.971 
0.998576 0.00113011 0.0533369 2.47036 -0.000927237 0.999992 -0.0038274 -5.13792 -0.0533408 0.00377253 0.998569 310.627 
0.998579 0.0011756 0.0532705 2.52546 -0.000912918 0.999987 -0.00495437 -5.16452 -0.0532757 0.00489874 0.998568 312.224 
0.998718 0.00134072 0.0505935 2.58786 -0.00105521 0.999983 -0.00566864 -5.20214 -0.0506003 0.00560803 0.998703 313.81 
0.998798 0.00220967 0.0489728 2.61532 -0.00196026 0.999985 -0.00513937 -5.23279 -0.0489834 0.00503723 0.998787 315.414 
0.998814 0.00285215 0.0485966 2.66325 -0.00279089 0.999995 -0.00132742 -5.27107 -0.0486002 0.00119026 0.998818 317.053 
0.99878 0.000830657 0.0493798 2.71084 -0.000930053 0.999998 0.00199081 -5.29967 -0.049378 -0.00203427 0.998778 318.694 
0.99878 2.15422e-05 0.0493729 2.75787 -0.000136645 0.999997 0.00232879 -5.31573 -0.0493728 -0.00233266 0.998778 320.334 
0.998752 -0.00104441 0.0499441 2.80751 0.0009975 0.999999 0.000965062 -5.33044 -0.0499451 -0.000913997 0.998752 321.967 
0.998714 -0.00187316 0.0506659 2.85138 0.00181812 0.999998 0.00113319 -5.35711 -0.0506679 -0.00103958 0.998715 323.601 
0.998655 -0.00159993 0.0518306 2.87601 0.0015565 0.999998 0.000879134 -5.36275 -0.051832 -0.000797236 0.998656 325.246 
0.998593 -0.00101226 0.0530212 2.90554 0.000970799 0.999999 0.00080848 -5.38573 -0.053022 -0.000755828 0.998593 326.864 
0.998551 0.000835572 0.0538149 2.93435 -0.000810163 1 -0.000493173 -5.39924 -0.0538153 0.0004489 0.998551 328.513 
0.998486 0.00150323 0.054983 2.9807 -0.00143803 0.999998 -0.00122459 -5.42125 -0.0549848 0.00114371 0.998487 330.131 
0.998441 -0.000574661 0.0558166 3.04148 0.000493404 0.999999 0.00147034 -5.46572 -0.0558174 -0.00144046 0.99844 331.769 
0.998419 -0.00203392 0.0561677 3.09894 0.00189649 0.999995 0.00250082 -5.49167 -0.0561725 -0.00239031 0.998418 333.4 
0.998389 -0.00345489 0.0566288 3.14779 0.00337612 0.999993 0.00148737 -5.51627 -0.0566336 -0.00129374 0.998394 335.039 
0.998356 -0.00200182 0.0572854 3.19798 0.00191817 0.999997 0.00151597 -5.5436 -0.0572883 -0.00140355 0.998357 336.645 
0.998362 -0.00104801 0.0572126 3.25793 0.00105049 0.999999 -1.25245e-05 -5.57725 -0.0572126 7.26461e-05 0.998362 338.272 
0.99835 0.000939803 0.0574112 3.30389 -0.000764586 0.999995 -0.00307309 -5.60424 -0.0574139 0.00302416 0.998346 339.91 
0.998368 0.00263358 0.0570461 3.36068 -0.00247884 0.999993 -0.00278239 -5.6317 -0.0570531 0.00263648 0.998368 341.511 
0.998378 0.00372114 0.0568103 3.39647 -0.00374554 0.999993 0.000323898 -5.65065 -0.0568087 -0.000536117 0.998385 343.153 
0.99843 0.00444011 0.0558382 3.45239 -0.00462903 0.999984 0.00325529 -5.67635 -0.0558229 -0.00350861 0.998435 344.778 
0.998463 0.00512693 0.0551844 3.49911 -0.00523517 0.999985 0.00181776 -5.69666 -0.0551743 -0.00210382 0.998475 346.416 
0.998532 0.00415747 0.054003 3.54671 -0.00419769 0.999991 0.000632076 -5.71855 -0.0539999 -0.000857795 0.998541 348.023 
0.99859 0.00311058 0.0529881 3.58214 -0.00319594 0.999994 0.00152711 -5.73563 -0.0529831 -0.00169427 0.998594 349.658 
0.998598 0.00168116 0.0529041 3.61874 -0.00179767 0.999996 0.00215568 -5.76233 -0.0529003 -0.00224773 0.998597 351.292 
0.998616 0.00138635 0.0525672 3.66717 -0.0014561 0.999998 0.00128929 -5.78622 -0.0525653 -0.001364 0.998617 352.913 
0.99863 0.000708801 0.0523299 3.72367 -0.000746641 1 0.000704393 -5.81953 -0.0523294 -0.000742458 0.99863 354.529 
0.998603 0.00116401 0.052837 3.76645 -0.00118641 0.999999 0.000393539 -5.838 -0.0528365 -0.000455635 0.998603 356.129 
0.9986 0.000349917 0.0529005 3.82428 -0.000350834 1 8.86705e-06 -5.85795 -0.0529006 -2.7373e-05 0.9986 357.74 
0.998596 1.56605e-06 0.0529809 3.87484 2.33946e-05 1 -0.000469683 -5.88193 -0.0529809 0.000470304 0.998595 359.369 
0.998583 0.00061753 0.053214 3.92782 -0.000557163 0.999999 -0.00114843 -5.90957 -0.0532148 0.00111719 0.998583 360.999 
0.998555 -0.000279927 0.053747 3.96693 0.000334186 0.999999 -0.000999733 -5.93217 -0.0537467 0.00101629 0.998554 362.608 
0.998528 -0.000534964 0.0542292 4.02104 0.000629128 0.999998 -0.00171854 -5.96025 -0.0542282 0.00175016 0.998527 364.221 
0.998533 -0.00204498 0.0541177 4.08257 0.00220298 0.999994 -0.00285919 -5.98767 -0.0541115 0.00297426 0.998531 365.838 
0.998547 -0.00353683 0.0537803 4.14917 0.00361292 0.999993 -0.00131692 -6.01695 -0.0537753 0.00150935 0.998552 367.427 
0.998538 -0.00557238 0.0537611 4.2086 0.00559538 0.999984 -0.000276395 -6.04343 -0.0537587 0.000576845 0.998554 369.026 
0.998553 -0.00599714 0.0534337 4.27005 0.00607058 0.999981 -0.00121143 -6.06892 -0.0534254 0.00153409 0.998571 370.613 
0.998557 -0.00508669 0.0534571 4.32644 0.00520161 0.999984 -0.00200999 -6.09444 -0.0534461 0.0022852 0.998568 372.216 
0.998555 -0.0028539 0.0536588 4.40111 0.00294588 0.999994 -0.00163435 -6.11234 -0.0536539 0.0017901 0.998558 373.869 
0.998524 -0.00161689 0.0542828 4.4518 0.00165668 0.999998 -0.00068714 -6.14706 -0.0542816 0.000776096 0.998525 375.49 
0.998516 -0.00189351 0.0544226 4.51713 0.00195448 0.999998 -0.00106634 -6.17841 -0.0544204 0.00117117 0.998517 377.08 
0.998538 -0.00235918 0.0540003 4.58579 0.00244731 0.999996 -0.00156524 -6.21894 -0.0539965 0.00169515 0.99854 378.714 
0.998514 -0.00188615 0.0544572 4.63178 0.00199701 0.999996 -0.00198055 -6.23847 -0.0544533 0.0020864 0.998514 380.359 
0.998497 -0.00119766 0.0547892 4.69647 0.00134245 0.999996 -0.00260501 -6.25887 -0.0547859 0.00267469 0.998495 381.983 
0.998485 -0.000290164 0.0550316 4.75478 0.000411401 0.999998 -0.00219094 -6.29495 -0.0550309 0.0022103 0.998482 383.581 
0.998445 0.00243084 0.0557002 4.81334 -0.00230105 0.999995 -0.00239336 -6.3208 -0.0557058 0.00226151 0.998445 385.188 
0.998399 0.0044551 0.0563875 4.86209 -0.00429629 0.999987 -0.00293652 -6.35881 -0.0563998 0.0026896 0.998405 386.805 
0.998393 0.00586642 0.0563686 4.92595 -0.00566156 0.999977 -0.00379245 -6.38272 -0.0563896 0.00346726 0.998403 388.439 
0.998396 0.0053783 0.0563578 4.99636 -0.00519029 0.999981 -0.00348107 -6.4209 -0.0563755 0.00318302 0.998405 390.062 
0.998367 0.00639347 0.0567758 5.05443 -0.00625253 0.999977 -0.00265892 -6.44917 -0.0567915 0.00229962 0.998383 391.736 
0.998352 0.00800197 0.0568237 5.12544 -0.00788797 0.999966 -0.00222939 -6.48236 -0.0568397 0.00177754 0.998382 393.36 
0.998344 0.00932501 0.0567724 5.20432 -0.00914399 0.999952 -0.00344686 -6.49673 -0.0568019 0.00292207 0.998381 395.027 
0.998324 0.0100651 0.0569994 5.25908 -0.00988837 0.999945 -0.00338015 -6.52312 -0.0570304 0.00281089 0.998369 396.629 
0.998331 0.0101348 0.0568533 5.33624 -0.00999365 0.999946 -0.00276593 -6.55757 -0.0568783 0.00219318 0.998379 398.277 
0.998372 0.00858981 0.0563816 5.43335 -0.00841581 0.999959 -0.00332199 -6.60582 -0.0564079 0.00284213 0.998404 399.876 
0.998362 0.00885822 0.056517 5.49779 -0.00863878 0.999954 -0.00412511 -6.64462 -0.056551 0.00363016 0.998393 401.52 
0.998326 0.00750427 0.0573441 5.55169 -0.00723877 0.999962 -0.00483549 -6.65877 -0.0573783 0.00441234 0.998343 403.226 
0.998301 0.00661873 0.0578857 5.61611 -0.00640457 0.999972 -0.00388374 -6.68532 -0.0579098 0.00350645 0.998316 404.887 
0.998305 0.00520037 0.057972 5.68808 -0.00505038 0.999984 -0.00273278 -6.70961 -0.0579853 0.00243541 0.998315 406.54 
0.998325 0.00329448 0.0577688 5.76532 -0.00311713 0.99999 -0.00315906 -6.74642 -0.0577787 0.00297373 0.998325 408.195 
0.998328 0.00157366 0.0577898 5.83308 -0.00131632 0.999989 -0.00449009 -6.75932 -0.0577963 0.00440655 0.998319 409.905 
