1 2.12261e-08 -2.11895e-08 0 2.12261e-08 1 2.10703e-08 0 -2.11895e-08 2.10703e-08 1 0 
0.999997 -0.00180366 -0.00153037 -0.00800118 0.0018027 0.999998 -0.000653818 -0.0122882 0.00153151 0.000651099 0.999999 0.577291 
0.999994 -0.00228758 -0.00279284 -0.0203304 0.00228138 0.999995 -0.00223829 -0.0222286 0.0027979 0.00223195 0.999994 1.14689 
0.999987 -0.00256757 -0.00441575 -0.0405828 0.00255227 0.999991 -0.00347703 -0.0371745 0.0044246 0.00346575 0.999984 1.71098 
0.999972 -0.00442593 -0.00601789 -0.060935 0.00439544 0.999977 -0.00507649 -0.0503108 0.00604018 0.00504994 0.999969 2.27269 
0.999947 -0.00676023 -0.00779546 -0.0671934 0.0067049 0.999952 -0.00710865 -0.0619809 0.0078431 0.00705605 0.999944 2.84511 
0.999924 -0.00806007 -0.00935699 -0.0792772 0.00798639 0.999937 -0.00788967 -0.0718941 0.00941995 0.00781438 0.999925 3.42418 
0.999907 -0.00856926 -0.0105973 -0.0997369 0.00849278 0.999938 -0.00724448 -0.0851329 0.0106587 0.00715385 0.999918 4.00567 
0.999892 -0.00899476 -0.0116676 -0.121496 0.00890417 0.99993 -0.00779645 -0.0997475 0.0117368 0.00769176 0.999902 4.59718 
0.999887 -0.00796243 -0.0127575 -0.140137 0.00783067 0.999916 -0.0103483 -0.114819 0.0128388 0.0102473 0.999865 5.20065 
0.999886 -0.0060202 -0.0138423 -0.165975 0.00582142 0.99988 -0.0143593 -0.129633 0.013927 0.0142771 0.999801 5.81289 
0.999887 -0.00465373 -0.0143262 -0.212809 0.00438677 0.999817 -0.0186129 -0.133258 0.0144102 0.0185479 0.999724 6.43071 
0.999879 -0.0026711 -0.0153466 -0.242478 0.00238057 0.999818 -0.0189206 -0.138392 0.0153943 0.0188818 0.999703 7.06513 
0.999869 0.00059627 -0.0161816 -0.280921 -0.000792364 0.999926 -0.0121173 -0.148285 0.0161731 0.0121286 0.999796 7.70605 
0.999855 0.00105794 -0.0170076 -0.307333 -0.00108392 0.999998 -0.00152057 -0.161915 0.0170059 0.00153883 0.999854 8.38263 
0.999843 0.00276221 -0.0175134 -0.344602 -0.00267702 0.999985 0.0048835 -0.172076 0.0175266 -0.00483581 0.999835 9.06676 
0.999809 0.00485163 -0.0189154 -0.370986 -0.00477612 0.999981 0.00403287 -0.190965 0.0189345 -0.00394172 0.999813 9.75068 
0.999786 0.00681327 -0.019557 -0.409896 -0.00687994 0.999971 -0.00334581 -0.195611 0.0195336 0.00347969 0.999803 10.4503 
0.999751 0.00673715 -0.0212911 -0.425701 -0.00694673 0.999928 -0.00978718 -0.190491 0.0212236 0.00993268 0.999725 11.1738 
0.999732 0.00428703 -0.0227541 -0.451162 -0.00447284 0.999957 -0.00812294 -0.197505 0.0227182 0.00822258 0.999708 11.9397 
0.999722 0.00320352 -0.0233807 -0.477065 -0.00317665 0.999994 0.00118478 -0.206712 0.0233843 -0.00111013 0.999726 12.7089 
0.999715 0.00290318 -0.0236846 -0.512425 -0.00269907 0.999959 0.00864347 -0.216411 0.0237086 -0.00857704 0.999682 13.4928 
0.999703 0.00182265 -0.0242997 -0.543362 -0.00155559 0.999938 0.0110032 -0.218638 0.0243182 -0.0109621 0.999644 14.2845 
0.999699 -0.000627162 -0.0245421 -0.57795 0.000878673 0.999947 0.010237 -0.220913 0.0245344 -0.0102554 0.999646 15.0921 
0.999711 -0.00119951 -0.0240282 -0.60943 0.00138909 0.999968 0.00787312 -0.223657 0.024018 -0.00790417 0.99968 15.9293 
0.999722 0.00106172 -0.0235449 -0.64391 -0.000959729 0.99999 0.00434069 -0.226704 0.0235492 -0.00431685 0.999713 16.7607 
0.999741 -0.00182992 -0.0227031 -0.678028 0.00180803 0.999998 -0.000986388 -0.236105 0.0227049 0.000945127 0.999742 17.6118 
0.999761 -0.00498871 -0.0212864 -0.728712 0.00483216 0.999961 -0.00740126 -0.245779 0.0213224 0.00729667 0.999746 18.5019 
0.999793 -0.00346014 -0.0200763 -0.768688 0.00319919 0.99991 -0.0130176 -0.253782 0.0201194 0.0129507 0.999714 19.3947 
0.999794 -0.00212572 -0.0201753 -0.796334 0.00184141 0.999899 -0.0141024 -0.267721 0.0202032 0.0140624 0.999697 20.2938 
0.99979 -0.00221802 -0.0203939 -0.833525 0.00193878 0.999904 -0.0137037 -0.288357 0.0204223 0.0136614 0.999698 21.2238 
0.999782 -0.00081983 -0.0208758 -0.866361 0.000501785 0.999884 -0.0152378 -0.309754 0.0208858 0.0152241 0.999666 22.1672 
0.999795 0.0024126 -0.0201217 -0.925545 -0.00275631 0.99985 -0.0170733 -0.338156 0.0200774 0.0171253 0.999652 23.136 
0.999776 0.00595952 -0.0203108 -0.971519 -0.00632654 0.999817 -0.0180562 -0.361894 0.0201994 0.0181807 0.999631 24.1053 
0.999763 0.00776029 -0.0203561 -1.01469 -0.00813149 0.999801 -0.0182188 -0.388905 0.0202106 0.0183801 0.999627 25.0804 
0.999755 0.00835092 -0.0204974 -1.05347 -0.00872701 0.999794 -0.0183299 -0.417338 0.0203401 0.0185044 0.999622 26.0623 
0.999752 0.00835892 -0.0206212 -1.09214 -0.00873671 0.999794 -0.0183012 -0.443647 0.0204639 0.0184769 0.99962 27.0528 
0.999737 0.00939519 -0.0209247 -1.13619 -0.00975345 0.999806 -0.0170877 -0.479836 0.0207601 0.0172874 0.999635 28.0594 
0.99972 0.010333 -0.0213058 -1.1769 -0.0106542 0.99983 -0.0150222 -0.51053 0.0211469 0.015245 0.99966 29.0667 
0.9997 0.0109636 -0.0218968 -1.21439 -0.0112658 0.999842 -0.0137276 -0.541349 0.0217428 0.0139702 0.999666 30.092 
0.999696 0.0108337 -0.0221548 -1.25639 -0.0111662 0.999826 -0.0149425 -0.567306 0.021989 0.0151854 0.999643 31.1187 
0.999668 0.0120103 -0.0227783 -1.2978 -0.0123768 0.999795 -0.0160196 -0.593101 0.0225812 0.0162963 0.999612 32.1417 
0.999651 0.0121133 -0.0234706 -1.33652 -0.0124648 0.999811 -0.0148889 -0.623723 0.0232858 0.0151763 0.999614 33.1801 
0.999643 0.0113916 -0.0241869 -1.37506 -0.0116987 0.999852 -0.0125926 -0.647886 0.0240399 0.0128711 0.999628 34.2296 
0.999623 0.0115964 -0.0248992 -1.41542 -0.0118247 0.999889 -0.00904064 -0.671582 0.0247915 0.0093317 0.999649 35.283 
0.99961 0.0121017 -0.0251629 -1.4674 -0.0122803 0.9999 -0.00695732 -0.693218 0.0250762 0.00726366 0.999659 36.3415 
0.999599 0.0125436 -0.0254019 -1.51835 -0.0127098 0.999899 -0.0063965 -0.720872 0.0253191 0.00671683 0.999657 37.4126 
0.999585 0.012426 -0.0260049 -1.56552 -0.0126319 0.99989 -0.00777217 -0.745766 0.0259054 0.00809748 0.999632 38.4865 
0.999559 0.0132806 -0.0265719 -1.61802 -0.0135114 0.999872 -0.00852677 -0.764062 0.0264552 0.00888207 0.999611 39.5732 
0.999533 0.012549 -0.0278684 -1.65614 -0.012759 0.999891 -0.007371 -0.788375 0.0277729 0.00772317 0.999584 40.6512 
0.999508 0.012421 -0.0287914 -1.70833 -0.0125731 0.999908 -0.00510863 -0.817231 0.0287253 0.00546816 0.999572 41.7409 
0.999489 0.012309 -0.029498 -1.75645 -0.0123933 0.99992 -0.00267856 -0.84141 0.0294627 0.00304281 0.999561 42.8214 
0.999473 0.013629 -0.0294602 -1.82736 -0.0137254 0.999901 -0.00307245 -0.863964 0.0294154 0.00347522 0.999561 43.9239 
0.999456 0.0153229 -0.0292197 -1.89025 -0.0155241 0.999857 -0.00667256 -0.8943 0.0291133 0.00712258 0.999551 45.0057 
0.999448 0.0168622 -0.0286283 -1.95424 -0.0171721 0.999796 -0.0106166 -0.920372 0.0284434 0.0111024 0.999534 46.0868 
0.999464 0.0174259 -0.0277071 -2.0202 -0.0177382 0.999781 -0.0110673 -0.945678 0.0275081 0.0115529 0.999555 47.1843 
0.999458 0.0184339 -0.0272846 -2.07559 -0.0186695 0.99979 -0.00840914 -0.975815 0.0271238 0.00891402 0.999592 48.2647 
0.999454 0.019336 -0.0267872 -2.13515 -0.0195137 0.999789 -0.00638968 -1.00329 0.026658 0.00690895 0.999621 49.3428 
0.999472 0.0178852 -0.0271261 -2.17304 -0.0180307 0.999824 -0.00512997 -1.02715 0.0270295 0.00561641 0.999619 50.4339 
0.999481 0.0182697 -0.0265363 -2.22743 -0.0184335 0.999812 -0.00593938 -1.05486 0.0264227 0.00642549 0.99963 51.5242 
0.999495 0.0180524 -0.0261346 -2.2827 -0.0182592 0.999804 -0.00769819 -1.08349 0.0259905 0.00817154 0.999629 52.6337 
0.999498 0.0183698 -0.0258324 -2.33087 -0.0186271 0.999779 -0.00975547 -1.11132 0.0256474 0.0102318 0.999619 53.7203 
0.999528 0.017321 -0.0253677 -2.38085 -0.0176332 0.999771 -0.0121374 -1.14317 0.0251516 0.012579 0.999605 54.8065 
0.999554 0.0155762 -0.0254879 -2.4286 -0.0159645 0.999759 -0.0151032 -1.1824 0.0252464 0.0155034 0.999561 55.8999 
0.999581 0.0136794 -0.0255182 -2.46831 -0.0141118 0.999759 -0.0168437 -1.21382 0.0252816 0.0171968 0.999532 56.9924 
0.9996 0.0120045 -0.0256268 -2.50422 -0.0123809 0.999817 -0.014582 -1.24639 0.025447 0.0148935 0.999565 58.0753 
0.999622 0.0103934 -0.0254628 -2.54336 -0.0106139 0.999907 -0.00854134 -1.27721 0.0253716 0.00880841 0.999639 59.167 
0.999632 0.00877817 -0.0256733 -2.58312 -0.00884302 0.999958 -0.00241524 -1.3053 0.025651 0.00264142 0.999668 60.2564 
0.999646 0.00673691 -0.0257364 -2.62376 -0.00678059 0.999976 -0.001612 -1.32788 0.0257249 0.00178598 0.999668 61.3474 
0.99967 0.00320581 -0.025483 -2.67537 -0.00331977 0.999985 -0.00443269 -1.35121 0.0254684 0.00451587 0.999665 62.4461 
0.99967 0.00171612 -0.0256217 -2.72627 -0.00190869 0.99997 -0.00749495 -1.37439 0.025608 0.00754143 0.999644 63.5522 
0.999657 0.00357547 -0.0259529 -2.76862 -0.00386972 0.999929 -0.0112983 -1.405 0.0259106 0.0113949 0.999599 64.6481 
0.999649 0.00357766 -0.0262378 -2.81154 -0.00399421 0.999867 -0.0158423 -1.43532 0.0261776 0.0159416 0.99953 65.7498 
0.999645 0.0065275 -0.0258138 -2.86447 -0.00695206 0.999841 -0.0163932 -1.46639 0.0257027 0.0165668 0.999532 66.8521 
0.999628 0.0105891 -0.025134 -2.91575 -0.0109139 0.999858 -0.0128216 -1.50091 0.0249947 0.0130912 0.999602 67.9601 
0.999616 0.0120417 -0.024942 -2.97562 -0.0123195 0.999863 -0.0110167 -1.52936 0.0248059 0.0113198 0.999628 69.0617 
0.999625 0.0110531 -0.0250521 -3.0192 -0.0113097 0.999885 -0.010129 -1.55601 0.0249373 0.0104086 0.999635 70.1644 
0.999635 0.00931374 -0.0253573 -3.05269 -0.00954862 0.999913 -0.00915912 -1.59156 0.0252697 0.00939794 0.999637 71.254 
0.999641 0.00797456 -0.025595 -3.09731 -0.00817633 0.999936 -0.00778973 -1.61951 0.0255312 0.00799625 0.999642 72.3392 
0.999638 0.00632315 -0.0261514 -3.13812 -0.00647499 0.999963 -0.00572741 -1.64573 0.0261141 0.00589471 0.999642 73.4421 
0.999617 0.00502495 -0.0272333 -3.18186 -0.00514234 0.999978 -0.00424393 -1.66823 0.0272113 0.00438239 0.99962 74.5448 
0.999594 0.00429466 -0.0281714 -3.22529 -0.00444508 0.999976 -0.00528077 -1.70037 0.0281481 0.0054039 0.999589 75.6388 
0.999575 0.00463801 -0.028794 -3.27547 -0.00490111 0.999947 -0.009075 -1.72942 0.0287504 0.0092123 0.999544 76.7311 
0.999551 0.00516326 -0.0295126 -3.33241 -0.00549549 0.999922 -0.0111885 -1.7579 0.0294525 0.0113457 0.999502 77.8204 
0.999515 0.00746099 -0.0302467 -3.38494 -0.00775138 0.999925 -0.00949633 -1.7877 0.0301735 0.00972622 0.999497 78.9005 
0.99949 0.00817283 -0.0308751 -3.44488 -0.00834943 0.99995 -0.00559681 -1.81169 0.0308278 0.00585178 0.999508 80.0043 
0.999453 0.00954827 -0.0316764 -3.4994 -0.0095998 0.999953 -0.00147657 -1.8399 0.0316608 0.00177989 0.999497 81.0856 
0.999432 0.0103084 -0.0320987 -3.55683 -0.0103485 0.999946 -0.00108414 -1.85467 0.0320857 0.00141574 0.999484 82.1658 
0.999398 0.0104391 -0.0331014 -3.61384 -0.0105642 0.999938 -0.00360893 -1.86879 0.0330616 0.00395649 0.999446 83.2672 
0.999387 0.0103783 -0.0334461 -3.67108 -0.0105298 0.999935 -0.0043587 -1.88892 0.0333986 0.00470825 0.999431 84.3337 
0.999362 0.00960545 -0.0344025 -3.71207 -0.0097641 0.999942 -0.00444786 -1.91569 0.0343578 0.00478098 0.999398 85.3995 
0.999346 0.0088807 -0.0350637 -3.76723 -0.00903486 0.99995 -0.00424195 -1.94158 0.0350242 0.00455601 0.999376 86.4258 
0.999335 0.00767389 -0.0356404 -3.81681 -0.00777925 0.999966 -0.00281975 -1.96578 0.0356175 0.00309517 0.999361 87.4589 
0.999331 0.00777091 -0.0357367 -3.88287 -0.00778384 0.99997 -0.000223746 -1.98682 0.0357338 0.000501807 0.999361 88.4303 
0.999295 0.00694445 -0.0368888 -3.93773 -0.00692575 0.999976 0.000633586 -2.01098 0.0368923 -0.000377615 0.999319 89.4132 
0.99922 0.00648385 -0.0389595 -3.9908 -0.006467 0.999979 0.000557527 -2.03 0.0389622 -0.000305099 0.999241 90.3674 
0.999106 0.00563295 -0.0418953 -4.05357 -0.00563906 0.999984 -2.86497e-05 -2.05586 0.0418944 0.000264917 0.999122 91.3071 
0.998954 0.00577767 -0.0453574 -4.11057 -0.00581624 0.999983 -0.000719373 -2.07884 0.0453525 0.000982474 0.998971 92.2254 
0.99882 0.00555128 -0.0482425 -4.17267 -0.00559065 0.999984 -0.000682124 -2.09567 0.0482379 0.000951069 0.998835 93.1178 
0.998661 0.0069801 -0.0512575 -4.23785 -0.00697426 0.999976 0.000291934 -2.11524 0.0512582 6.59836e-05 0.998685 93.9869 
0.998501 0.00809845 -0.0541347 -4.30388 -0.00802876 0.999967 0.00150396 -2.13591 0.0541451 -0.00106702 0.998533 94.8272 
0.998315 0.0097617 -0.0571989 -4.36381 -0.00962402 0.99995 0.00268114 -2.14998 0.0572221 -0.0021261 0.998359 95.6525 
0.998158 0.0111756 -0.0596366 -4.43527 -0.0109742 0.999933 0.00370406 -2.17022 0.059674 -0.00304273 0.998213 96.4351 
0.997993 0.0137548 -0.0618116 -4.5066 -0.0135462 0.999901 0.00379127 -2.18313 0.0618576 -0.00294631 0.998081 97.198 
0.997777 0.0154668 -0.0648261 -4.56629 -0.0153226 0.999879 0.00272086 -2.20346 0.0648602 -0.00172146 0.997893 97.9179 
0.997605 0.0165118 -0.0671692 -4.63369 -0.0165918 0.999862 -0.000634049 -2.22531 0.0671494 0.00174703 0.997741 98.6199 
0.997408 0.0192149 -0.0693421 -4.70518 -0.0195658 0.999799 -0.00438499 -2.24184 0.0692439 0.0057304 0.997583 99.3026 
0.997253 0.0206418 -0.0711434 -4.76951 -0.0211974 0.99975 -0.00706447 -2.25749 0.0709797 0.00855316 0.997441 99.9584 
0.997173 0.0228041 -0.071602 -4.83691 -0.0234392 0.999693 -0.00804255 -2.27535 0.0713966 0.00969815 0.997401 100.583 
0.997186 0.0253 -0.0705626 -4.90018 -0.025898 0.999636 -0.00757366 -2.29343 0.0703453 0.00937982 0.997479 101.185 
0.997291 0.0287385 -0.0677149 -4.95241 -0.0292174 0.999555 -0.00609276 -2.31328 0.0675096 0.00805475 0.997686 101.754 
0.997583 0.0315453 -0.0619171 -5.0065 -0.031905 0.999479 -0.0048293 -2.32761 0.0617324 0.00679313 0.99807 102.302 
0.997993 0.0321181 -0.0545751 -5.03612 -0.0323207 0.999474 -0.00283484 -2.34381 0.0544553 0.0045931 0.998506 102.83 
0.998478 0.03184 -0.0450384 -5.05874 -0.031878 0.999492 -0.000125347 -2.36232 0.0450115 0.00156093 0.998985 103.336 
0.998965 0.0314676 -0.0328556 -5.08174 -0.03146 0.999505 0.000745155 -2.37051 0.0328627 0.000289297 0.99946 103.82 
0.999335 0.0305685 -0.0198987 -5.08446 -0.030558 0.999533 0.000831086 -2.38281 0.0199148 -0.000222427 0.999802 104.274 
0.999533 0.0302141 -0.00460369 -5.08657 -0.0302157 0.999543 -0.000273884 -2.39427 0.00459327 0.000412901 0.999989 104.711 
0.999493 0.0289125 0.0133033 -5.06862 -0.0288708 0.999578 -0.0033158 -2.40977 -0.0133936 0.00293009 0.999906 105.142 
0.999001 0.0283967 0.0345155 -5.04578 -0.0281264 0.99957 -0.00829025 -2.41758 -0.0347361 0.00731121 0.99937 105.555 
0.997922 0.0265344 0.0587169 -5.00457 -0.0258083 0.999581 -0.0130894 -2.43186 -0.0590396 0.0115468 0.998189 105.953 
0.996017 0.0239264 0.085891 -4.95451 -0.0226384 0.999617 -0.0159381 -2.44456 -0.0862394 0.0139302 0.996177 106.348 
0.993037 0.0213274 0.115855 -4.89247 -0.0194419 0.99966 -0.0173803 -2.45836 -0.116186 0.0150069 0.993114 106.731 
0.988763 0.019315 0.148239 -4.8101 -0.0166115 0.999673 -0.0194538 -2.47004 -0.148566 0.0167727 0.98876 107.102 
0.982763 0.0168739 0.184096 -4.71947 -0.0131882 0.999688 -0.0212266 -2.48357 -0.184397 0.0184329 0.982679 107.463 
0.974801 0.0132988 0.22268 -4.61536 -0.00868762 0.999727 -0.0216741 -2.502 -0.222908 0.0191934 0.974651 107.815 
0.964797 0.0112592 0.262756 -4.49186 -0.00547259 0.999726 -0.0227439 -2.51853 -0.26294 0.0205053 0.964594 108.159 
0.952408 0.0121971 0.304581 -4.36328 -0.00518796 0.999703 -0.0238111 -2.53778 -0.304781 0.0210978 0.952189 108.485 
0.936998 0.0143278 0.349041 -4.23185 -0.00622875 0.999685 -0.0243149 -2.55548 -0.349279 0.0206089 0.936792 108.79 
0.918994 0.0138883 0.394027 -4.07675 -0.00520654 0.99972 -0.0230938 -2.57111 -0.394237 0.0191716 0.918809 109.098 
0.898508 0.0132567 0.438758 -3.90317 -0.00398674 0.999749 -0.0220422 -2.58478 -0.43894 0.0180559 0.898335 109.391 
0.875038 0.0121076 0.483902 -3.71736 -0.00133687 0.999744 -0.0225968 -2.60258 -0.484052 0.0191262 0.87483 109.672 
0.84951 0.0126008 0.527423 -3.52031 0.000433577 0.999698 -0.0245823 -2.62234 -0.527573 0.0211116 0.849247 109.939 
0.821229 0.0148828 0.570405 -3.31283 0.00141412 0.999604 -0.0281172 -2.63791 -0.570597 0.0238973 0.820882 110.202 
0.789765 0.0196305 0.613096 -3.09226 0.000415285 0.999471 -0.0325366 -2.65437 -0.61341 0.0259509 0.789338 110.461 
0.75531 0.0260003 0.654852 -2.8549 -0.00277741 0.999331 -0.036474 -2.66929 -0.655362 0.0257304 0.754877 110.706 
0.717236 0.0309225 0.696144 -2.59752 -0.00452437 0.999201 -0.0397227 -2.67747 -0.696816 0.0253409 0.716802 110.947 
0.677146 0.0311696 0.735189 -2.31989 -0.00212852 0.999181 -0.0404015 -2.69686 -0.735846 0.0257929 0.676657 111.166 
0.635106 0.0286712 0.771892 -2.0206 0.00192268 0.999249 -0.038698 -2.71357 -0.772422 0.0260615 0.634574 111.376 
0.590158 0.027066 0.806834 -1.71243 0.00307501 0.999355 -0.0357735 -2.7276 -0.807282 0.023593 0.589694 111.569 
0.542968 0.0255824 0.839363 -1.3859 0.00457754 0.999431 -0.0334221 -2.73784 -0.839741 0.0219894 0.542542 111.75 
0.494025 0.0231811 0.869139 -1.04578 0.00655893 0.999517 -0.0303865 -2.75346 -0.869423 0.0207123 0.493634 111.915 
0.442596 0.0193992 0.896511 -0.708361 0.00916969 0.999616 -0.0261571 -2.7723 -0.896674 0.0197978 0.442248 112.052 
0.389978 0.0195534 0.920617 -0.346802 0.00681619 0.999686 -0.0241201 -2.79185 -0.920799 0.0156814 0.389722 112.187 
0.338275 0.0242848 0.940734 0.0123023 0.0034983 0.999628 -0.027063 -2.81211 -0.941041 0.0124457 0.338064 112.294 
0.287115 0.0296562 0.957437 0.383325 0.00261291 0.999493 -0.0317424 -2.82418 -0.957893 0.0116154 0.286892 112.386 
0.240056 0.0315371 0.970247 0.777971 0.00436957 0.999427 -0.0335666 -2.84388 -0.970749 0.0122974 0.23978 112.458 
0.198339 0.0314126 0.97963 1.20198 0.012147 0.999331 -0.0345036 -2.85663 -0.980058 0.018743 0.197824 112.521 
0.163307 0.0314515 0.986074 1.62594 0.0200168 0.99918 -0.0351845 -2.86988 -0.986372 0.0254839 0.162543 112.558 
0.132871 0.0326723 0.990595 2.07017 0.0243791 0.999046 -0.0362211 -2.88457 -0.990833 0.0289625 0.131948 112.596 
0.104683 0.0314311 0.994009 2.53525 0.0224628 0.999171 -0.03396 -2.90279 -0.994252 0.0258833 0.10389 112.637 
0.0791766 0.0278652 0.996471 3.0215 0.016331 0.999439 -0.0292457 -2.92256 -0.996727 0.018589 0.0786771 112.675 
0.055348 0.0240237 0.998178 3.53526 0.0114165 0.99963 -0.0246916 -2.94033 -0.998402 0.0127624 0.0550533 112.709 
0.0327089 0.0215659 0.999232 4.05455 0.0158022 0.999631 -0.0220917 -2.96138 -0.99934 0.0165127 0.0323561 112.716 
0.0125923 0.0222171 0.999674 4.5919 0.0235992 0.999468 -0.0225097 -2.98534 -0.999642 0.0238749 0.0120613 112.703 
-0.00471406 0.0243769 0.999692 5.10415 0.0283902 0.999303 -0.0242335 -3.01025 -0.999586 0.0282673 -0.00540284 112.685 
-0.018903 0.0300332 0.99937 5.68367 0.0293854 0.999134 -0.0294703 -3.02296 -0.999389 0.0288098 -0.0197691 112.675 
-0.0301834 0.0345845 0.998946 6.28272 0.0264225 0.99908 -0.0337907 -3.04153 -0.999195 0.0253747 -0.0310694 112.676 
-0.0367419 0.0343874 0.998733 6.90908 0.0293194 0.999015 -0.0333184 -3.06026 -0.998895 0.028058 -0.037714 112.667 
-0.0394605 0.0310247 0.998739 7.55687 0.0352629 0.998939 -0.0296376 -3.08877 -0.998599 0.0340489 -0.0405127 112.645 
-0.038846 0.0296825 0.998804 8.22314 0.0372479 0.998907 -0.0282368 -3.10919 -0.998551 0.0361065 -0.0399092 112.628 
-0.0371897 0.0292815 0.998879 8.90582 0.0355237 0.998978 -0.0279618 -3.13818 -0.998677 0.034444 -0.0381918 112.622 
-0.0356559 0.0294585 0.99893 9.59703 0.0319018 0.99909 -0.0283245 -3.16586 -0.998855 0.0308577 -0.0365632 112.615 
-0.0343939 0.0306412 0.998939 10.3043 0.0307291 0.99909 -0.0295878 -3.19383 -0.998936 0.0296789 -0.0353042 112.603 
-0.0336201 0.0313504 0.998943 11.0475 0.030356 0.999079 -0.0303329 -3.22452 -0.998974 0.0293041 -0.0345408 112.594 
-0.0324791 0.0309512 0.998993 11.8002 0.0298277 0.999105 -0.0299849 -3.25199 -0.999027 0.0288237 -0.0333732 112.573 
-0.0318539 0.0299217 0.999045 12.5572 0.0290065 0.999158 -0.0290002 -3.27951 -0.999072 0.028055 -0.0326951 112.566 
-0.0311758 0.02869 0.999102 13.3375 0.0301943 0.999159 -0.0277494 -3.30959 -0.999058 0.0293021 -0.0320159 112.554 
-0.0319147 0.0262525 0.999146 14.1157 0.0304315 0.999217 -0.0252823 -3.34545 -0.999027 0.0295986 -0.0326886 112.547 
-0.0329934 0.0243404 0.999159 14.8931 0.0276967 0.999342 -0.0234302 -3.38241 -0.999072 0.0269004 -0.0336459 112.537 
-0.0342054 0.0232288 0.999145 15.6924 0.0272163 0.999381 -0.0223025 -3.41276 -0.999044 0.0264302 -0.0348164 112.526 
-0.0349956 0.0208185 0.999171 16.5023 0.0296738 0.999364 -0.0197831 -3.43744 -0.998947 0.0289569 -0.0355911 112.502 
-0.0359325 0.0189028 0.999175 17.3105 0.0312142 0.999355 -0.0177836 -3.46919 -0.998867 0.0305494 -0.0364994 112.479 
-0.0376947 0.0181889 0.999124 18.145 0.0288953 0.999436 -0.0171044 -3.50038 -0.998871 0.0282252 -0.038199 112.461 
-0.038474 0.0227499 0.999001 18.9715 0.0261835 0.999421 -0.0217511 -3.52961 -0.998917 0.0253205 -0.0390474 112.446 
-0.039918 0.0278893 0.998814 19.8113 0.0275819 0.99926 -0.0267994 -3.54592 -0.998822 0.0264794 -0.0406577 112.449 
-0.0408733 0.02953 0.998728 20.6589 0.0277006 0.999212 -0.0284106 -3.57844 -0.99878 0.0265041 -0.0416591 112.423 
-0.0423202 0.0270074 0.998739 21.5052 0.0242744 0.999367 -0.0259957 -3.62196 -0.998809 0.0231437 -0.042949 112.404 
-0.0434687 0.0228128 0.998794 22.3642 0.0217436 0.999524 -0.0218831 -3.65523 -0.998818 0.0207661 -0.043944 112.388 
-0.0438825 0.0177034 0.99888 23.2199 0.0203107 0.999652 -0.0168248 -3.68367 -0.99883 0.0195496 -0.0442268 112.372 
-0.0441029 0.0121703 0.998953 24.0828 0.0166015 0.999797 -0.0114476 -3.70772 -0.998889 0.0160792 -0.044296 112.355 
-0.0447098 0.0106335 0.998943 24.9341 0.0138046 0.999854 -0.0100253 -3.74087 -0.998905 0.0133418 -0.0448501 112.352 
-0.0435693 0.0173199 0.9989 25.7717 0.0165085 0.999726 -0.0166141 -3.77601 -0.998914 0.0157664 -0.0438432 112.324 
-0.042704 0.0286094 0.998678 26.6083 0.0189287 0.999434 -0.0278216 -3.80495 -0.998908 0.0177156 -0.0432213 112.302 
-0.0421805 0.033926 0.998534 27.4484 0.0210878 0.999231 -0.0330588 -3.83451 -0.998887 0.0196625 -0.0428635 112.285 
-0.0410343 0.0282816 0.998757 28.288 0.0228327 0.999365 -0.0273606 -3.86986 -0.998897 0.0216816 -0.0416539 112.265 
-0.0401759 0.0204817 0.998983 29.1389 0.0251738 0.999493 -0.0194797 -3.9029 -0.998875 0.0243656 -0.0406711 112.24 
-0.0391659 0.0171545 0.999086 29.9686 0.0267463 0.999512 -0.0161133 -3.94043 -0.998875 0.0260907 -0.0396056 112.214 
-0.0395211 0.018018 0.999056 30.7912 0.0256923 0.999525 -0.01701 -3.96719 -0.998888 0.0249958 -0.0399653 112.203 
-0.0405197 0.0189171 0.999 31.6058 0.0224263 0.999586 -0.0180185 -3.996 -0.998927 0.0216737 -0.0409272 112.193 
-0.0422088 0.0187095 0.998934 32.4255 0.0199608 0.999641 -0.0178792 -4.03227 -0.998909 0.0191848 -0.0425671 112.168 
-0.044156 0.0184512 0.998854 33.237 0.0199973 0.999645 -0.0175817 -4.06553 -0.998825 0.019198 -0.0445093 112.146 
-0.0463525 0.0191387 0.998742 34.0467 0.0191554 0.99965 -0.018267 -4.0943 -0.998742 0.0182846 -0.0467029 112.123 
-0.0483574 0.0193915 0.998642 34.8441 0.0170446 0.999682 -0.0185863 -4.12134 -0.998685 0.0161226 -0.0486725 112.106 
-0.0504649 0.0186401 0.998552 35.6463 0.015402 0.999721 -0.0178835 -4.14739 -0.998607 0.0144772 -0.0507379 112.086 
-0.0528856 0.0173922 0.998449 36.462 0.0161134 0.999733 -0.016561 -4.17813 -0.998471 0.0152126 -0.0531517 112.064 
-0.0546614 0.0176853 0.998348 37.2606 0.0158704 0.999732 -0.0168409 -4.20708 -0.998379 0.0149236 -0.0549274 112.032 
-0.056331 0.0186173 0.998239 38.0439 0.0159905 0.999715 -0.0177425 -4.23708 -0.998284 0.0149629 -0.0566127 112.001 
-0.0572512 0.0189858 0.998179 38.8291 0.0165571 0.9997 -0.018065 -4.2622 -0.998223 0.0154927 -0.0575484 111.971 
-0.0581948 0.0175549 0.998151 39.6131 0.0185936 0.999691 -0.0164979 -4.29741 -0.998132 0.0175991 -0.0585033 111.933 
-0.0596941 0.0170228 0.998072 40.3885 0.0190571 0.999692 -0.0159106 -4.32518 -0.998035 0.0180706 -0.0600001 111.901 
-0.0609762 0.0161151 0.998009 41.155 0.017189 0.999738 -0.0150927 -4.35779 -0.997991 0.0162345 -0.0612373 111.871 
-0.06222 0.0151807 0.997947 41.9112 0.0152106 0.999783 -0.0142602 -4.3839 -0.997947 0.0142921 -0.0624373 111.841 
-0.0630974 0.0142059 0.997906 42.6496 0.0141978 0.99981 -0.0133352 -4.40948 -0.997906 0.0133267 -0.0632871 111.812 
-0.0638053 0.0138223 0.997867 43.3617 0.0143825 0.999813 -0.0129296 -4.43335 -0.997859 0.0135268 -0.0639922 111.783 
-0.0639136 0.016315 0.997822 44.0709 0.0148056 0.999772 -0.0153985 -4.46228 -0.997846 0.0137891 -0.0641406 111.749 
-0.0643505 0.0189704 0.997747 44.7829 0.014359 0.999733 -0.018082 -4.48656 -0.997824 0.0131631 -0.0646057 111.724 
-0.0645288 0.0206866 0.997701 45.484 0.0125857 0.999723 -0.0199144 -4.51195 -0.997837 0.0112717 -0.0647713 111.696 
-0.0643886 0.02138 0.997696 46.1762 0.0127189 0.999707 -0.0206022 -4.54085 -0.997844 0.0113631 -0.0646417 111.661 
-0.0645467 0.0212852 0.997688 46.8812 0.0140257 0.999693 -0.0204206 -4.56554 -0.997816 0.0126752 -0.0648254 111.628 
-0.0647208 0.0210431 0.997682 47.5731 0.0152033 0.999682 -0.020099 -4.58923 -0.997788 0.0138672 -0.0650201 111.596 
-0.0648199 0.0212595 0.997671 48.2614 0.011656 0.999721 -0.0205459 -4.61526 -0.997829 0.010297 -0.0650497 111.565 
-0.0646531 0.0216086 0.997674 48.9526 0.00942237 0.999734 -0.0210426 -4.64369 -0.997863 0.00803999 -0.0648395 111.539 
-0.0647286 0.0205989 0.99769 49.6426 0.0123035 0.999727 -0.0198427 -4.66788 -0.997827 0.0109907 -0.0649644 111.509 
-0.0651176 0.0195554 0.997686 50.3136 0.0121375 0.99975 -0.0188036 -4.70004 -0.997804 0.010885 -0.0653387 111.466 
-0.0685539 0.0189041 0.997468 50.9971 0.00908661 0.999791 -0.0183236 -4.72887 -0.997606 0.00780745 -0.0687114 111.433 
-0.073976 0.0185978 0.997087 51.6763 0.0051441 0.99982 -0.0182671 -4.75479 -0.997247 0.00377778 -0.0740584 111.401 
-0.0792315 0.0222976 0.996607 52.3439 0.00898346 0.999725 -0.0216531 -4.78254 -0.996816 0.00723737 -0.07941 111.348 
-0.0856553 0.0251026 0.996009 53.0185 0.0112506 0.999643 -0.0242266 -4.804 -0.996261 0.00913051 -0.0859072 111.29 
-0.0927157 0.026936 0.995328 53.6877 0.0108785 0.999602 -0.0260383 -4.82894 -0.995633 0.00841352 -0.0929718 111.236 
-0.0990204 0.0259926 0.994746 54.3665 0.00740936 0.99965 -0.0253832 -4.85808 -0.995058 0.00485698 -0.0991783 111.187 
-0.104356 0.0248888 0.994229 55.0553 0.00684697 0.999681 -0.0243066 -4.88452 -0.994517 0.00427092 -0.104493 111.125 
-0.108792 0.0254652 0.993738 55.7467 0.00463627 0.999674 -0.0251097 -4.91156 -0.994054 0.00187551 -0.108874 111.062 
-0.112562 0.0246068 0.99334 56.449 0.00244468 0.999697 -0.0244872 -4.93725 -0.993642 -0.000327932 -0.112588 110.995 
-0.114985 0.0216705 0.993131 57.1606 0.00318383 0.999765 -0.0214466 -4.9619 -0.993362 0.00069592 -0.115027 110.924 
-0.116367 0.0186103 0.993032 57.8746 0.00540105 0.999822 -0.0181046 -4.98546 -0.993192 0.00325665 -0.116446 110.847 
-0.117404 0.0157269 0.99296 58.5927 0.00541379 0.99987 -0.0151962 -5.01247 -0.99307 0.00359158 -0.117474 110.772 
-0.118535 0.0157664 0.992825 59.3145 0.00483521 0.999871 -0.015301 -5.03221 -0.992938 0.00298681 -0.118596 110.7 
-0.118758 0.0195951 0.99273 60.0525 0.00699803 0.999797 -0.0188974 -5.05552 -0.992899 0.00470294 -0.118871 110.625 
-0.118296 0.0235862 0.992698 60.7837 0.0129818 0.999669 -0.0222048 -5.08044 -0.992894 0.0102603 -0.118563 110.534 
-0.118743 0.0284565 0.992517 61.5336 0.0201267 0.999453 -0.0262474 -5.10633 -0.992721 0.0168594 -0.119251 110.446 
-0.119266 0.0299259 0.992411 62.2875 0.0213609 0.999392 -0.0275692 -5.13394 -0.992633 0.0179108 -0.119832 110.363 
-0.119612 0.0273632 0.992444 63.0479 0.0190102 0.9995 -0.0252665 -5.16559 -0.992639 0.0158444 -0.120073 110.295 
-0.119435 0.0225932 0.992585 63.8063 0.0192424 0.999606 -0.0204376 -5.19341 -0.992656 0.0166588 -0.119822 110.214 
-0.118956 0.0209389 0.992679 64.5545 0.0221669 0.999584 -0.0184282 -5.22332 -0.992652 0.0198125 -0.119371 110.126 
-0.119796 0.0207595 0.992582 65.3008 0.0225004 0.999581 -0.0181902 -5.25231 -0.992544 0.0201543 -0.120212 110.045 
-0.121335 0.0213684 0.992382 66.0391 0.0208395 0.999603 -0.0189759 -5.28203 -0.992393 0.0183783 -0.121732 109.972 
-0.123114 0.022275 0.992143 66.7812 0.0211187 0.999581 -0.0198213 -5.31145 -0.992168 0.0185125 -0.123533 109.89 
-0.125599 0.0225304 0.991825 67.5472 0.0219342 0.999561 -0.0199285 -5.33521 -0.991839 0.0192519 -0.126038 109.815 
-0.127191 0.0225448 0.991622 68.2817 0.0225634 0.999549 -0.0198308 -5.36509 -0.991622 0.0198521 -0.127642 109.731 
-0.129603 0.0224624 0.991312 69.033 0.0223339 0.999556 -0.0197293 -5.38962 -0.991314 0.0195829 -0.130047 109.65 
-0.130982 0.0226624 0.991126 69.7871 0.0203448 0.99959 -0.0201672 -5.42008 -0.991176 0.0175227 -0.131389 109.562 
-0.131827 0.0241039 0.99098 70.5379 0.020581 0.999555 -0.0215746 -5.45213 -0.991059 0.0175513 -0.132265 109.473 
-0.132569 0.0249604 0.99086 71.3037 0.0203831 0.99954 -0.0224519 -5.47557 -0.990964 0.0172204 -0.133016 109.387 
-0.13417 0.0251539 0.990639 72.0758 0.0199844 0.999543 -0.0226733 -5.50065 -0.990757 0.0167553 -0.134611 109.305 
-0.135473 0.0233464 0.990506 72.8575 0.0201003 0.999581 -0.0208112 -5.52848 -0.990577 0.0170901 -0.135886 109.218 
-0.136446 0.0214395 0.990416 73.6383 0.0178702 0.999656 -0.0191776 -5.5529 -0.990486 0.0150822 -0.136782 109.129 
-0.138274 0.0196723 0.990199 74.4334 0.0150135 0.99973 -0.0177651 -5.57305 -0.99028 0.0124099 -0.138532 109.043 
-0.14036 0.0189573 0.989919 75.2279 0.016737 0.999719 -0.0167718 -5.60684 -0.989959 0.0142141 -0.140638 108.944 
-0.142152 0.0191848 0.989659 76.0264 0.0176512 0.999702 -0.0168441 -5.63537 -0.989687 0.0150742 -0.142449 108.844 
-0.144095 0.0202846 0.989356 76.8234 0.0169794 0.999693 -0.0180235 -5.66102 -0.989418 0.0142015 -0.144395 108.735 
-0.145828 0.0238861 0.989022 77.6356 0.0186185 0.999598 -0.0213962 -5.69034 -0.989135 0.015294 -0.146214 108.634 
-0.146215 0.0277825 0.988863 78.445 0.0205073 0.999476 -0.0250484 -5.72178 -0.98904 0.0166165 -0.146708 108.526 
-0.14718 0.0317353 0.9886 79.2604 0.0214189 0.999353 -0.0288916 -5.75577 -0.988878 0.0169224 -0.147765 108.417 
-0.146886 0.033002 0.988603 80.0833 0.0239703 0.999269 -0.0297965 -5.78721 -0.988863 0.0193205 -0.147569 108.31 
-0.1462 0.0321463 0.988733 80.9164 0.027633 0.999215 -0.0284011 -5.8257 -0.988869 0.0231694 -0.146973 108.194 
-0.14627 0.030229 0.988783 81.759 0.028417 0.999249 -0.0263453 -5.85985 -0.988837 0.0242447 -0.147019 108.086 
-0.145726 0.0286334 0.988911 82.605 0.0274291 0.999314 -0.0248926 -5.89359 -0.988945 0.0234974 -0.146411 107.981 
-0.143958 0.0266852 0.989224 83.4567 0.0270977 0.999368 -0.0230154 -5.92332 -0.989213 0.0234924 -0.14459 107.876 
-0.142447 0.0235033 0.989523 84.3086 0.0275446 0.999425 -0.0197733 -5.95424 -0.989419 0.0244394 -0.143012 107.775 
-0.140986 0.0201213 0.989807 85.1691 0.0278345 0.999479 -0.0163532 -5.98448 -0.98962 0.0252452 -0.141472 107.67 
-0.139562 0.019847 0.990014 86.0265 0.0259509 0.999529 -0.0163794 -6.01507 -0.989873 0.0234058 -0.140012 107.575 
-0.138052 0.0239645 0.990135 86.8866 0.0269456 0.999428 -0.0204324 -6.0485 -0.990058 0.0238591 -0.138618 107.468 
-0.136176 0.030032 0.990229 87.7492 0.0275395 0.999269 -0.0265189 -6.08341 -0.990302 0.0236591 -0.136904 107.367 
-0.134698 0.033468 0.990321 88.6067 0.0256277 0.999213 -0.0302827 -6.11999 -0.990555 0.0213007 -0.13545 107.267 
-0.133448 0.0309784 0.990572 89.4676 0.0240613 0.999318 -0.0280104 -6.15617 -0.990764 0.0200965 -0.134103 107.169 
-0.13211 0.028272 0.990832 90.3368 0.0247597 0.999375 -0.0252144 -6.19835 -0.990926 0.0212016 -0.132727 107.07 
-0.13146 0.0268249 0.990958 91.2073 0.0259645 0.999384 -0.0236085 -6.23155 -0.990981 0.0226261 -0.132076 106.97 
-0.130543 0.0265928 0.991086 92.0795 0.0249597 0.999412 -0.0235286 -6.26243 -0.991128 0.0216657 -0.13113 106.869 
-0.130173 0.0264058 0.99114 92.9374 0.0245948 0.999424 -0.0233963 -6.3025 -0.991186 0.0213313 -0.130747 106.776 
-0.128796 0.0250017 0.991356 93.8243 0.0275574 0.999386 -0.021624 -6.32956 -0.991288 0.0245341 -0.129406 106.657 
-0.127438 0.0241226 0.991553 94.6883 0.0305427 0.999326 -0.0203862 -6.36998 -0.991376 0.0276867 -0.128089 106.552 
-0.1264 0.0254456 0.991653 95.5557 0.0328675 0.99923 -0.0214505 -6.40448 -0.991435 0.0298818 -0.127139 106.452 
-0.12544 0.0276512 0.991716 96.4206 0.0334123 0.999162 -0.0236325 -6.43801 -0.991538 0.030171 -0.126259 106.355 
-0.124159 0.0291472 0.991834 97.2845 0.0305845 0.999206 -0.0255352 -6.47337 -0.991791 0.0271643 -0.124952 106.256 
-0.123262 0.0248422 0.992063 98.15 0.0258074 0.999429 -0.02182 -6.51127 -0.992039 0.022913 -0.123833 106.164 
-0.122914 0.0227637 0.992156 99.0079 0.021167 0.99957 -0.0203114 -6.54767 -0.992192 0.0185044 -0.123343 106.075 
-0.1239 0.0229896 0.992028 99.8532 0.0180468 0.999618 -0.0209115 -6.58843 -0.992131 0.015312 -0.124267 105.988 
-0.124624 0.0278369 0.991813 100.699 0.0151669 0.999543 -0.026148 -6.6215 -0.992088 0.0117841 -0.124989 105.892 
-0.125278 0.0301631 0.991663 101.534 0.0146608 0.999485 -0.0285488 -6.66023 -0.992013 0.010962 -0.125656 105.799 
-0.125665 0.0305956 0.991601 102.37 0.0151174 0.999467 -0.0289224 -6.69732 -0.991958 0.0113559 -0.12606 105.706 
-0.125907 0.0301593 0.991584 103.207 0.0166511 0.999461 -0.0282846 -6.73597 -0.991902 0.0129497 -0.126341 105.611 
-0.126187 0.0309358 0.991524 104.041 0.0182558 0.999417 -0.0288587 -6.77467 -0.991839 0.0144594 -0.126678 105.514 
-0.126474 0.034031 0.991386 104.861 0.0197282 0.9993 -0.0317859 -6.81643 -0.991774 0.0155382 -0.127057 105.42 
-0.126827 0.0354511 0.991291 105.675 0.0191428 0.999263 -0.033287 -6.85903 -0.99174 0.0147544 -0.127412 105.326 
-0.128131 0.0358636 0.991109 106.486 0.0173708 0.999274 -0.0339133 -6.8983 -0.991605 0.012871 -0.128661 105.242 
-0.130099 0.0351008 0.99088 107.292 0.0159963 0.999317 -0.0332994 -6.93535 -0.991372 0.0115182 -0.130571 105.149 
-0.133228 0.0363468 0.990419 108.094 0.0159699 0.999276 -0.0345236 -6.97749 -0.990957 0.0112174 -0.133712 105.058 
-0.136434 0.0391305 0.989876 108.885 0.0158035 0.999178 -0.03732 -7.01834 -0.990523 0.0105518 -0.136941 104.966 
-0.139733 0.0404626 0.989362 109.67 0.0142734 0.999143 -0.0388467 -7.06123 -0.990086 0.00869335 -0.140191 104.872 
-0.143281 0.0403123 0.988861 110.456 0.0144676 0.999149 -0.0386354 -7.10717 -0.989576 0.00877072 -0.143742 104.78 
-0.146003 0.0391052 0.988511 111.237 0.0159895 0.999181 -0.0371657 -7.14919 -0.989155 0.0103795 -0.146508 104.675 
-0.148517 0.0400274 0.9881 112.016 0.0175735 0.99913 -0.0378327 -7.19234 -0.988754 0.0117456 -0.149091 104.571 
-0.150447 0.0444041 0.98762 112.786 0.01282 0.998994 -0.0429625 -7.23853 -0.988535 0.00619768 -0.150865 104.476 
-0.151945 0.0509515 0.987075 113.547 0.0105219 0.998697 -0.0499317 -7.2924 -0.988333 0.00279905 -0.152283 104.373 
-0.154538 0.0544827 0.986484 114.311 0.0150828 0.998492 -0.0527831 -7.33079 -0.987872 0.00672192 -0.155127 104.263 
-0.157146 0.0528556 0.98616 115.085 0.0170257 0.998563 -0.0508072 -7.3745 -0.987429 0.00880591 -0.15782 104.147 
-0.160376 0.0448235 0.986038 115.856 0.0153128 0.998961 -0.0429204 -7.4305 -0.986937 0.00821555 -0.160896 104.038 
-0.162754 0.0426249 0.985746 116.626 0.0144569 0.999062 -0.0408137 -7.48192 -0.986561 0.00760825 -0.163218 103.929 
-0.16421 0.0456181 0.98537 117.384 0.0141279 0.998936 -0.0438917 -7.5291 -0.986324 0.0067138 -0.164679 103.81 
-0.166736 0.0490049 0.984783 118.143 0.0118052 0.998792 -0.0477032 -7.574 -0.985931 0.00367173 -0.167113 103.696 
-0.169452 0.0515799 0.984188 118.886 0.0112566 0.998666 -0.0504005 -7.6236 -0.985474 0.00253815 -0.169807 103.586 
-0.171223 0.056027 0.983638 119.629 0.0149458 0.998415 -0.054267 -7.67318 -0.985119 0.00540943 -0.171789 103.462 
-0.172538 0.0603761 0.983151 120.366 0.0153978 0.998163 -0.0585957 -7.7272 -0.984883 0.00502838 -0.173151 103.341 
-0.17628 0.0627625 0.982337 121.116 0.0145058 0.998023 -0.0611616 -7.77724 -0.984233 0.00346804 -0.176842 103.239 
-0.178687 0.0606471 0.982035 121.868 0.0159501 0.998146 -0.0587398 -7.82771 -0.983777 0.00516748 -0.179323 103.121 
-0.182867 0.057394 0.981461 122.611 0.0199365 0.998306 -0.0546645 -7.88155 -0.982936 0.0095706 -0.183701 102.994 
-0.188434 0.055795 0.9805 123.343 0.0228827 0.998363 -0.0524138 -7.93354 -0.981819 0.0125599 -0.189402 102.862 
-0.194831 0.0543753 0.979328 124.076 0.0212731 0.998462 -0.0512055 -7.9847 -0.980606 0.0108569 -0.195688 102.735 
-0.203344 0.055254 0.977547 124.813 0.0201845 0.998431 -0.0522357 -8.03015 -0.978899 0.00910947 -0.20414 102.599 
-0.213824 0.0554663 0.975296 125.534 0.0194888 0.99843 -0.0525092 -8.08205 -0.976678 0.00777967 -0.214569 102.45 
-0.225573 0.0565323 0.972585 126.247 0.0203279 0.998371 -0.0533164 -8.13076 -0.974014 0.00774386 -0.226354 102.29 
-0.238368 0.057265 0.969485 126.962 0.0213152 0.998328 -0.0537278 -8.18128 -0.970941 0.00785781 -0.23919 102.126 
-0.249565 0.0576912 0.966638 127.662 0.0244515 0.998281 -0.0532669 -8.2259 -0.968049 0.0103423 -0.250546 101.94 
-0.260912 0.0576113 0.963642 128.36 0.0276505 0.998254 -0.052194 -8.27636 -0.964967 0.0130271 -0.262049 101.758 
-0.270855 0.0578784 0.960879 129.058 0.032409 0.998173 -0.0509893 -8.32211 -0.962075 0.0173305 -0.272236 101.559 
-0.279631 0.0587333 0.958309 129.75 0.0380024 0.998022 -0.0500782 -8.36887 -0.959355 0.0224146 -0.28131 101.36 
-0.287459 0.0584549 0.956008 130.433 0.0428914 0.99792 -0.0481207 -8.42203 -0.956832 0.0271718 -0.289368 101.163 
-0.292961 0.0593906 0.954278 131.123 0.0436068 0.99786 -0.0487157 -8.46075 -0.955129 0.0273412 -0.294924 100.946 
-0.297718 0.0568091 0.952962 131.804 0.046947 0.997891 -0.0448206 -8.51083 -0.953499 0.0313948 -0.299757 100.74 
-0.299241 0.0545275 0.952618 132.488 0.0535489 0.997752 -0.0402899 -8.54843 -0.952674 0.0389553 -0.301488 100.515 
-0.30057 0.053039 0.952284 133.165 0.0597132 0.99754 -0.0367122 -8.58921 -0.951889 0.0458294 -0.302998 100.305 
-0.301163 0.0517758 0.952166 133.846 0.0622472 0.997463 -0.0345505 -8.63226 -0.951539 0.0488643 -0.303622 100.093 
-0.300535 0.0572861 0.952049 134.505 0.0641129 0.99715 -0.0397612 -8.6683 -0.951613 0.0490889 -0.303352 99.8894 
-0.299517 0.0605044 0.952171 135.163 0.0632483 0.997051 -0.0434606 -8.70533 -0.951992 0.0472059 -0.302461 99.6975 
-0.298879 0.0607656 0.952355 135.825 0.0648016 0.996959 -0.0432749 -8.73826 -0.952088 0.0487802 -0.301907 99.5018 
-0.297245 0.0586806 0.952996 136.474 0.065821 0.996995 -0.0408598 -8.78314 -0.95253 0.0505818 -0.300214 99.3072 
-0.294774 0.0557413 0.95394 137.129 0.0682029 0.996978 -0.037181 -8.82734 -0.95313 0.0541014 -0.297685 99.1049 
-0.29366 0.0564237 0.954243 137.774 0.0690823 0.996899 -0.0376864 -8.86992 -0.95341 0.0548543 -0.296647 98.9177 
-0.290858 0.059248 0.95493 138.409 0.070198 0.996712 -0.040459 -8.90407 -0.954188 0.0552664 -0.294061 98.7283 
-0.286544 0.0606744 0.956144 139.044 0.0713369 0.996574 -0.0418612 -8.94169 -0.955408 0.0562132 -0.289891 98.5477 
-0.281226 0.0595164 0.957794 139.677 0.0724957 0.996541 -0.040638 -8.98533 -0.956899 0.0580076 -0.284568 98.3723 
-0.276051 0.057903 0.959397 140.302 0.0742039 0.996488 -0.0387906 -9.02444 -0.958274 0.0604828 -0.279378 98.2042 
-0.271162 0.0560218 0.960902 140.928 0.0734517 0.996598 -0.0373752 -9.06189 -0.959727 0.0604451 -0.274355 98.0339 
-0.267604 0.0551273 0.961951 141.542 0.0730837 0.996647 -0.0367846 -9.10084 -0.960753 0.0604593 -0.270736 97.878 
-0.263953 0.0540554 0.96302 142.166 0.0746513 0.996578 -0.0354779 -9.13215 -0.961642 0.0625262 -0.267086 97.7191 
-0.259826 0.052851 0.964208 142.781 0.0784536 0.996356 -0.0334721 -9.16335 -0.962463 0.0669486 -0.263026 97.5601 
-0.256096 0.0517558 0.965265 143.396 0.0806137 0.996231 -0.0320283 -9.18766 -0.963284 0.0696112 -0.259303 97.4075 
-0.253067 0.0499114 0.96616 143.996 0.07806 0.996466 -0.0310306 -9.22655 -0.964294 0.0675657 -0.256069 97.264 
-0.249936 0.0507243 0.966933 144.591 0.0750824 0.996635 -0.0328748 -9.26582 -0.965347 0.064383 -0.252904 97.1339 
-0.244939 0.054082 0.968029 145.174 0.0767295 0.996393 -0.0362518 -9.30302 -0.966498 0.0653969 -0.248205 96.9925 
-0.239058 0.0574955 0.969302 145.76 0.0788856 0.996096 -0.0396293 -9.33575 -0.967796 0.0669902 -0.24266 96.8508 
-0.232269 0.0584488 0.970894 146.338 0.0780849 0.996092 -0.0412852 -9.36959 -0.969512 0.0662228 -0.235925 96.7265 
-0.224031 0.0570963 0.972908 146.926 0.0746322 0.996356 -0.0412869 -9.40128 -0.97172 0.0633607 -0.227476 96.6126 
-0.213552 0.0553527 0.975362 147.515 0.0737126 0.99646 -0.0404108 -9.43625 -0.974147 0.0632666 -0.216877 96.5037 
