1 2.12261e-08 -2.11895e-08 0 2.12261e-08 1 2.10703e-08 0 -2.11895e-08 2.10703e-08 1 0 
0.999997 0.0010359 0.00210719 -0.0319187 -0.00103375 0.999999 -0.00100185 -0.0167007 -0.00210827 0.000999711 0.999997 1.21436 
0.999993 0.00165001 0.00337964 -0.0450836 -0.00164898 0.999999 -0.000296623 -0.0409541 -0.00338017 0.00029109 0.999994 2.41798 
0.99999 0.00131236 0.00423709 -0.0506947 -0.00131082 0.999999 -0.000356219 -0.0539317 -0.00423759 0.000350703 0.999991 3.64874 
0.999989 0.000257707 0.00471539 -0.0667915 -0.000257213 1 -9.64059e-05 -0.0809363 -0.00471545 9.5234e-05 0.999989 4.84576 
0.999984 -0.000614387 0.00560719 -0.0805894 0.000616637 1 -0.000391863 -0.0980467 -0.00560699 0.000395356 0.999984 6.05219 
0.999981 -0.000232061 0.00618953 -0.0887475 0.00023989 0.999999 -0.00125725 -0.125871 -0.00618928 0.00125875 0.99998 7.25497 
0.999977 -0.00128744 0.00666743 -0.0922818 0.00130051 0.999997 -0.00195051 -0.145519 -0.00666494 0.00195918 0.999976 8.47084 
0.999976 -0.00191916 0.00660937 -0.104491 0.00192258 0.999998 -0.000505343 -0.1658 -0.00660843 0.00051808 0.999978 9.66694 
0.999984 -0.00285618 0.00490994 -0.101228 0.00285265 0.999996 0.000734577 -0.199875 -0.00491206 -0.000720516 0.999988 10.881 
0.999989 -0.00375661 0.00295385 -0.124103 0.00375585 0.999993 0.00027633 -0.221749 -0.00295491 -0.00026519 0.999996 12.091 
0.999994 -0.00338734 0.000753138 -0.14331 0.00338777 0.999994 -0.000514517 -0.237969 -0.000751433 0.000517108 1 13.2959 
0.999996 -0.00283293 -0.000557542 -0.167441 0.00283268 0.999996 -0.000534715 -0.257574 0.000559012 0.000533176 1 14.5061 
0.999998 -0.0014701 -0.00120467 -0.192308 0.00146935 0.999999 -0.000656225 -0.280917 0.00120559 0.000654496 0.999999 15.7285 
0.999996 -0.00218425 -0.0019054 -0.213865 0.00218261 0.999997 -0.000884518 -0.301021 0.00190728 0.000880397 0.999998 16.9332 
0.999992 -0.00305469 -0.00258765 -0.237591 0.00305256 0.999995 -0.000844531 -0.316405 0.00259018 0.000836667 0.999996 18.1616 
0.99999 -0.0028579 -0.0035798 -0.236656 0.00285506 0.999996 -0.000808056 -0.332732 0.00358205 0.00079787 0.999993 19.4266 
0.999989 -0.00225473 -0.00405176 -0.264039 0.00224724 0.999996 -0.00186162 -0.351617 0.0040559 0.00185253 0.99999 20.6553 
0.999987 -0.00272531 -0.00438961 -0.291347 0.00271451 0.999993 -0.00247303 -0.377763 0.00439628 0.00246113 0.999987 21.8404 
0.999983 -0.0024615 -0.00527833 -0.317237 0.00245144 0.999995 -0.00191925 -0.402681 0.00528299 0.00190632 0.999984 23.0567 
0.999982 -0.00222511 -0.00566433 -0.354747 0.00221248 0.999995 -0.00224194 -0.423913 0.00566925 0.00222941 0.999981 24.2595 
0.999976 -0.00244751 -0.00653253 -0.382661 0.00242848 0.999993 -0.00292492 -0.449766 0.0065396 0.00290902 0.999974 25.4548 
0.999974 -0.00215267 -0.00694948 -0.420563 0.00213683 0.999995 -0.00229154 -0.472694 0.00695434 0.00227667 0.999973 26.6543 
0.999968 -0.00298975 -0.0074396 -0.449937 0.00298693 0.999996 -0.000396167 -0.496363 0.00744071 0.000373975 0.999972 27.872 
0.999956 -0.00371193 -0.00856763 -0.478599 0.00370914 0.999993 -0.000346292 -0.523225 0.00856881 0.00031454 0.999963 29.0747 
0.999952 -0.00414667 -0.0088858 -0.521864 0.00413214 0.99999 -0.00165803 -0.529691 0.00889255 0.00162127 0.999959 30.3057 
0.999942 -0.0045375 -0.00979951 -0.552047 0.00451109 0.999986 -0.00271905 -0.552281 0.00981167 0.00267473 0.999948 31.5124 
0.999941 -0.00382376 -0.0101428 -0.590286 0.00379493 0.999989 -0.00286362 -0.576352 0.0101536 0.00282501 0.999945 32.7349 
0.999938 -0.00404515 -0.0103776 -0.621951 0.00401903 0.999989 -0.00254142 -0.598689 0.0103877 0.00249959 0.999943 33.9913 
0.999921 -0.00507486 -0.011512 -0.65045 0.00504976 0.999985 -0.00221247 -0.622975 0.011523 0.0021542 0.999931 35.1826 
0.999914 -0.00515386 -0.0120335 -0.685926 0.00512676 0.999984 -0.00228512 -0.646426 0.0120451 0.00222328 0.999925 36.3902 
0.999904 -0.00582769 -0.0125468 -0.716494 0.00579959 0.999981 -0.0022777 -0.671897 0.0125598 0.00220476 0.999919 37.5916 
0.999899 -0.00675754 -0.0124859 -0.760837 0.00673327 0.999975 -0.00198842 -0.691387 0.012499 0.00190419 0.99992 38.7696 
0.999899 -0.00667288 -0.0125733 -0.795223 0.00666408 0.999978 -0.000745255 -0.713534 0.012578 0.000661433 0.999921 39.9745 
0.9999 -0.00603009 -0.0127895 -0.819755 0.00603248 0.999982 0.000144678 -0.735288 0.0127883 -0.000221774 0.999918 41.2168 
0.999902 -0.00544816 -0.0129021 -0.839532 0.00544351 0.999985 -0.000399022 -0.757226 0.0129041 0.000328793 0.999917 42.4892 
0.999919 -0.00450364 -0.0118927 -0.883903 0.00450077 0.99999 -0.000271622 -0.7841 0.0118938 0.000218116 0.999929 43.7286 
0.99993 -0.00159544 -0.0116934 -0.916367 0.00161235 0.999998 0.00143324 -0.801367 0.0116911 -0.00145195 0.999931 44.9385 
0.999945 -0.00185012 -0.0103502 -0.944997 0.00189635 0.999988 0.00445489 -0.821807 0.0103418 -0.00447423 0.999937 46.1498 
0.999964 -0.00147449 -0.00833882 -0.985483 0.00153393 0.999974 0.00712108 -0.835413 0.00832805 -0.00713357 0.99994 47.362 
0.999974 -0.0010567 -0.00717577 -1.0112 0.00113385 0.999942 0.0107491 -0.851159 0.00716395 -0.0107569 0.999917 48.5754 
0.99998 -0.00228742 -0.00593027 -1.03313 0.00236067 0.999921 0.0123681 -0.867682 0.00590146 -0.0123819 0.999906 49.7968 
0.999982 -0.00396634 -0.00455745 -1.05412 0.00401574 0.999933 0.010874 -0.875594 0.00451397 -0.010892 0.999931 51.0036 
0.999988 -0.00360973 -0.00344316 -1.0812 0.00364177 0.99995 0.00933247 -0.888329 0.00340926 -0.00934485 0.999951 52.2017 
0.99999 -0.00360152 -0.00270696 -1.10982 0.00362535 0.999954 0.00883161 -0.89976 0.00267499 -0.00884129 0.999957 53.4018 
0.999989 -0.0039177 -0.00258187 -1.1345 0.00393929 0.999957 0.00839497 -0.909405 0.00254883 -0.00840501 0.999961 54.6094 
0.999984 -0.00470541 -0.00329764 -1.16325 0.0047291 0.999963 0.00720086 -0.917479 0.00326359 -0.00721629 0.999969 55.8374 
0.999979 -0.00447608 -0.004793 -1.19499 0.00451173 0.999962 0.00744297 -0.92706 0.00475946 -0.00746439 0.999961 57.0576 
0.999969 -0.0050973 -0.00608691 -1.22381 0.00515003 0.999949 0.0086707 -0.939031 0.00604236 -0.00870173 0.999944 58.286 
0.999959 -0.00546412 -0.00723051 -1.25653 0.00552664 0.999947 0.00864887 -0.947381 0.00718283 -0.00868843 0.999936 59.4996 
0.999955 -0.00464345 -0.00824802 -1.28352 0.00470982 0.999957 0.00804077 -0.957187 0.00821028 -0.00807921 0.999934 60.7177 
0.999952 -0.00459939 -0.00869467 -1.31632 0.00466963 0.999957 0.00807091 -0.972528 0.00865713 -0.00811107 0.99993 61.9348 
0.999951 -0.00480893 -0.00865661 -1.35131 0.00487363 0.99996 0.0074642 -0.984419 0.00862033 -0.00750598 0.999935 63.1494 
0.999942 -0.00595111 -0.00894096 -1.37951 0.00601145 0.999959 0.00673157 -1.00228 0.00890049 -0.00678489 0.999937 64.3532 
0.999927 -0.0067925 -0.00997994 -1.40303 0.00687377 0.999943 0.00812811 -1.0204 0.00992412 -0.00819607 0.999917 65.5558 
0.999913 -0.00779141 -0.0106352 -1.42843 0.00789567 0.999921 0.00979312 -1.04433 0.010558 -0.0098762 0.999896 66.7662 
0.999919 -0.0073748 -0.0104137 -1.46971 0.0074617 0.999938 0.0083266 -1.06121 0.0103516 -0.00840359 0.999911 67.989 
0.999934 -0.00529565 -0.0101613 -1.50388 0.00536524 0.999962 0.00682942 -1.06722 0.0101247 -0.00688345 0.999925 69.1994 
0.999948 -0.00257233 -0.00985913 -1.54606 0.00263951 0.999973 0.00680308 -1.07635 0.00984133 -0.00682871 0.999928 70.4274 
0.999958 -0.000956868 -0.00910708 -1.58986 0.00101636 0.999978 0.00652586 -1.08708 0.00910059 -0.0065348 0.999937 71.6379 
0.999964 0.000855905 -0.00841536 -1.63292 -0.000793012 0.999972 0.0074692 -1.10718 0.00842147 -0.00746222 0.999937 72.8431 
0.999971 0.00154831 -0.0074835 -1.6603 -0.00148465 0.999963 0.00849947 -1.12302 0.00749634 -0.00848807 0.999936 74.0246 
0.999982 0.00341996 -0.00501437 -1.69948 -0.00337387 0.999952 0.00916224 -1.12885 0.00504542 -0.00914511 0.999945 75.2266 
0.999995 0.0019306 -0.0024759 -1.71571 -0.00191269 0.999972 0.00720081 -1.14809 0.00248969 -0.007196 0.999971 76.4247 
1 -0.000540315 0.000553694 -1.74132 0.000539237 0.999998 0.00202135 -1.15923 -0.000554828 -0.00202101 0.999998 77.6032 
0.999995 -7.24737e-05 0.00311452 -1.76191 6.59007e-05 0.999998 0.00212411 -1.18337 -0.00311471 -0.00212386 0.999993 78.7646 
0.999979 -0.00270539 0.0058317 -1.77214 0.00267059 0.999979 0.0059742 -1.20772 -0.00584778 -0.00595846 0.999965 79.9197 
0.999954 -0.00210279 0.0093844 -1.79061 0.00203269 0.99997 0.00747808 -1.22656 -0.00939988 -0.00745861 0.999928 81.0868 
0.999894 -0.00212412 0.0143915 -1.81108 0.00204068 0.999981 0.0058131 -1.2375 -0.0144036 -0.00578307 0.99988 82.2473 
0.999834 -0.00250434 0.0180264 -1.81223 0.00245931 0.999994 0.00252209 -1.25411 -0.0180326 -0.0024773 0.999834 83.4165 
0.999763 -0.00361951 0.0214731 -1.82688 0.00363835 0.999993 -0.000836218 -1.28272 -0.0214699 0.000914188 0.999769 84.6402 
0.999675 -0.00405273 0.0251797 -1.81468 0.00409126 0.999991 -0.00147737 -1.31451 -0.0251736 0.00157995 0.999682 85.7806 
0.999571 -0.00361806 0.0290783 -1.8034 0.00362263 0.999993 -0.000103292 -1.33376 -0.0290778 0.000208629 0.999577 86.9559 
0.999446 -0.00254893 0.0331884 -1.79888 0.00253022 0.999997 0.000606799 -1.36319 -0.0331899 -0.000522447 0.999449 88.1372 
0.999297 -0.0024275 0.0374113 -1.77934 0.00249461 0.999995 -0.00174614 -1.37875 -0.0374069 0.00183828 0.999298 89.3112 
0.999155 -0.00289625 0.0409935 -1.7591 0.00305618 0.999988 -0.00383818 -1.40615 -0.0409819 0.00396026 0.999152 90.4643 
0.999022 -0.00123241 0.0441941 -1.73019 0.00141316 0.999991 -0.00405795 -1.42929 -0.0441887 0.00411648 0.999015 91.6076 
0.998857 -0.00321299 0.0476832 -1.70593 0.00335073 0.99999 -0.00280795 -1.45547 -0.0476738 0.00296455 0.998859 92.7788 
0.998743 -0.00331626 0.0500117 -1.66082 0.00338736 0.999993 -0.00133611 -1.47288 -0.0500069 0.00150387 0.998748 93.9446 
0.998602 -0.00420085 0.0526962 -1.61067 0.00419505 0.999991 0.000221549 -1.49127 -0.0526967 -1.34689e-07 0.998611 95.1224 
0.998468 -0.00521213 0.0550822 -1.56995 0.00515956 0.999986 0.0010974 -1.508 -0.0550872 -0.000811474 0.998481 96.2804 
0.998326 -0.00593936 0.0575275 -1.52636 0.00599546 0.999982 -0.00080185 -1.52976 -0.0575217 0.00114545 0.998344 97.4509 
0.998202 -0.00760695 0.05946 -1.45695 0.00789819 0.999958 -0.00466392 -1.54966 -0.0594221 0.0051252 0.99822 98.6681 
0.998094 -0.00665905 0.0613571 -1.40546 0.00712984 0.999947 -0.00745658 -1.57392 -0.0613042 0.00787987 0.998088 99.8253 
0.997982 -0.00653051 0.063164 -1.35505 0.00707418 0.99994 -0.00838674 -1.6021 -0.0631055 0.00881669 0.997968 101.012 
0.99794 -0.00707911 0.063756 -1.30903 0.00755418 0.999945 -0.00721261 -1.65322 -0.0637015 0.00767942 0.997939 102.238 
0.997946 -0.00666104 0.0637114 -1.27332 0.00703137 0.99996 -0.0055896 -1.6751 -0.0636717 0.00602614 0.997953 103.45 
0.998027 -0.0067548 0.0624249 -1.21609 0.00704075 0.999966 -0.00436109 -1.69882 -0.0623934 0.00479204 0.99804 104.655 
0.998142 -0.00638192 0.0606 -1.16848 0.00660161 0.999972 -0.00342511 -1.72581 -0.0605766 0.00381884 0.998156 105.874 
0.998266 -0.00598089 0.0585641 -1.1307 0.0061662 0.999977 -0.0029832 -1.75008 -0.0585449 0.00333919 0.998279 107.109 
0.998419 -0.00551609 0.0559359 -1.09887 0.00569355 0.999979 -0.00301301 -1.77157 -0.0559181 0.00332676 0.99843 108.322 
0.99862 -0.00410124 0.0523572 -1.0695 0.00429687 0.999984 -0.00362352 -1.79392 -0.0523416 0.00384353 0.998622 109.549 
0.998819 -0.00363834 0.0484521 -1.02485 0.0038095 0.999987 -0.00343963 -1.81088 -0.0484389 0.00362019 0.99882 110.779 
0.998981 -0.00272455 0.0450612 -1.01946 0.00285311 0.999992 -0.00278779 -1.83189 -0.0450533 0.00291356 0.99898 112.008 
0.999141 -0.00265489 0.0413548 -0.999579 0.00274487 0.999994 -0.00211828 -1.85136 -0.0413489 0.00223002 0.999142 113.233 
0.999294 -0.00290374 0.0374512 -0.991785 0.0029567 0.999995 -0.00135758 -1.87511 -0.0374471 0.0014674 0.999298 114.487 
0.999455 -0.00194031 0.0329544 -0.984875 0.00198002 0.999997 -0.0011711 -1.90529 -0.0329521 0.00123575 0.999456 115.75 
0.999611 -0.00109331 0.0278607 -0.966495 0.00113134 0.999998 -0.00134776 -1.9239 -0.0278593 0.0013788 0.999611 116.991 
0.999737 -0.000421944 0.0229225 -0.955838 0.000462818 0.999998 -0.001776 -1.94505 -0.0229217 0.00178618 0.999736 118.248 
0.999832 0.000578082 0.0183375 -0.959132 -0.000531526 0.999997 -0.00254127 -1.96896 -0.0183389 0.00253113 0.999829 119.496 
0.999877 0.00232053 0.0154978 -0.989396 -0.00227684 0.999993 -0.00283327 -1.9902 -0.0155043 0.00279768 0.999876 120.76 
0.999896 0.00476264 0.0135968 -0.998681 -0.00472937 0.999986 -0.0024749 -2.01888 -0.0136084 0.00241038 0.999905 121.982 
0.999896 0.00653905 0.0128514 -1.01819 -0.00650265 0.999975 -0.00286818 -2.04745 -0.0128698 0.00278436 0.999913 123.254 
0.999886 0.00889199 0.0121961 -1.04186 -0.00885573 0.999956 -0.00302007 -2.06158 -0.0122225 0.00291176 0.999921 124.507 
0.999882 0.0103705 0.0113333 -1.04221 -0.010345 0.999944 -0.00230404 -2.07895 -0.0113566 0.00218657 0.999933 125.798 
0.99988 0.0111221 0.0107747 -1.05608 -0.0111036 0.999937 -0.00177656 -2.10463 -0.0107938 0.00165675 0.99994 127.041 
0.999842 0.0146241 0.0100716 -1.07543 -0.0146258 0.999893 9.35532e-05 -2.12366 -0.0100692 -0.000240801 0.999949 128.3 
0.999838 0.0157555 0.00874113 -1.05988 -0.0157871 0.999869 0.00357076 -2.15926 -0.00868377 -0.00370814 0.999955 129.574 
0.999854 0.0149246 0.00827611 -1.07646 -0.0149524 0.999883 0.0033072 -2.17436 -0.00822583 -0.00343042 0.99996 130.844 
0.999855 0.0149914 0.0081364 -1.09234 -0.0150077 0.999886 0.00195439 -2.19783 -0.00810621 -0.00207617 0.999965 132.095 
0.999905 0.0115184 0.00751583 -1.10829 -0.0115393 0.99993 0.00274601 -2.20802 -0.00748371 -0.00283244 0.999968 133.376 
0.999937 0.00941609 0.00619641 -1.11413 -0.00944513 0.999944 0.00468071 -2.2271 -0.00615203 -0.0047389 0.99997 134.646 
0.999965 0.00609844 0.00566086 -1.12373 -0.00613567 0.999959 0.00659085 -2.24311 -0.00562048 -0.00662531 0.999962 135.92 
0.999981 0.00376314 0.0049795 -1.13609 -0.00380251 0.999961 0.00793034 -2.25828 -0.00494951 -0.00794908 0.999956 137.205 
0.999986 -9.71656e-05 0.0053042 -1.14788 6.60913e-05 0.999983 0.0058663 -2.26739 -0.00530472 -0.00586583 0.999969 138.505 
0.99998 -0.00264587 0.00571278 -1.16747 0.00261755 0.999984 0.00496715 -2.28212 -0.00572588 -0.00495206 0.999971 139.779 
0.999975 -0.00359789 0.00609431 -1.18748 0.00356941 0.999983 0.00468605 -2.29604 -0.0061111 -0.00466413 0.99997 141.062 
0.999972 -0.00403443 0.0062427 -1.19187 0.00400337 0.99998 0.0049852 -2.31337 -0.00626272 -0.00496003 0.999968 142.343 
0.999974 -0.00311011 0.0065135 -1.19907 0.00306514 0.999971 0.00690857 -2.32319 -0.00653485 -0.00688838 0.999955 143.629 
0.99997 -0.00118227 0.00770729 -1.23576 0.0011164 0.999963 0.00855131 -2.34304 -0.00771716 -0.0085424 0.999934 144.89 
0.999965 -0.00131036 0.00828428 -1.25572 0.00125185 0.999974 0.00706983 -2.37103 -0.00829337 -0.00705917 0.999941 146.169 
0.999959 -0.000513284 0.00899321 -1.27537 0.000466826 0.999987 0.00517204 -2.38528 -0.00899579 -0.00516759 0.999946 147.463 
0.999954 -0.000852904 0.00953877 -1.28784 0.000829553 0.999997 0.00245609 -2.39893 -0.00954087 -0.00244803 0.999952 148.737 
0.999952 -0.00206771 0.00963156 -1.29696 0.00208106 0.999997 -0.00137153 -2.42365 -0.00962874 0.00139155 0.999953 150.017 
0.999947 -0.00185768 0.0100985 -1.31148 0.00191266 0.999983 -0.00543306 -2.43799 -0.0100883 0.00545213 0.999934 151.316 
0.999941 -0.00227303 0.0106511 -1.32291 0.00233718 0.999979 -0.00601026 -2.47213 -0.0106372 0.00603484 0.999925 152.593 
0.99994 -0.00247157 0.0106321 -1.33738 0.00253347 0.99998 -0.00580803 -2.49784 -0.0106175 0.00583467 0.999927 153.92 
0.999945 -0.00178251 0.0103815 -1.34481 0.00183898 0.999984 -0.00542828 -2.52554 -0.0103717 0.00544711 0.999931 155.216 
0.999946 -0.000913714 0.0103528 -1.35418 0.000961806 0.999989 -0.00463716 -2.54642 -0.0103485 0.00464691 0.999936 156.516 
0.999948 -0.000535237 0.0102186 -1.36587 0.000576725 0.999992 -0.00405333 -2.57906 -0.0102164 0.00405905 0.99994 157.788 
0.999955 -0.000247784 0.00953292 -1.37593 0.000286984 0.999992 -0.0041064 -2.61585 -0.00953186 0.00410899 0.999946 159.061 
0.999963 -0.000686918 0.00860075 -1.38809 0.00072502 0.99999 -0.0044228 -2.63261 -0.00859766 0.00442891 0.999953 160.357 
0.999969 -0.00137186 0.00777541 -1.39976 0.00139722 0.999994 -0.00325144 -2.66267 -0.00777095 0.00326224 0.999965 161.643 
0.999971 -0.000305362 0.00756082 -1.42676 0.000325714 0.999996 -0.00268504 -2.69621 -0.00756002 0.00268747 0.999968 162.923 
0.99998 -0.000687896 0.00625157 -1.42591 0.000711812 0.999993 -0.00381738 -2.7226 -0.00624894 0.00382179 0.999973 164.194 
0.999982 0.000233753 0.0059729 -1.45126 -0.000203897 0.999988 -0.00499157 -2.75187 -0.00597403 0.00499031 0.99997 165.471 
0.999988 0.000268368 0.00493237 -1.46781 -0.000243348 0.999987 -0.00506381 -2.78023 -0.00493371 0.00506259 0.999975 166.733 
0.999991 -5.48505e-05 0.00426112 -1.49339 7.8379e-05 0.999985 -0.00551168 -2.82231 -0.0042608 0.005512 0.999976 168.002 
0.999995 0.000373318 0.00324972 -1.50708 -0.0003524 0.999979 -0.00642184 -2.85409 -0.0032521 0.0064207 0.999974 169.295 
0.999996 0.00104131 0.00274352 -1.53028 -0.00102389 0.99998 -0.00632526 -2.8758 -0.00275009 0.00632247 0.999976 170.588 
0.999997 0.000883589 0.00218609 -1.55435 -0.000872675 0.999987 -0.00496892 -2.90883 -0.0021905 0.00496704 0.999985 171.89 
0.999999 0.000466325 0.00124797 -1.57339 -0.000460543 0.999989 -0.00459526 -2.94168 -0.00125014 0.00459472 0.999989 173.163 
1 0.000680375 0.000347307 -1.59392 -0.000678864 0.999991 -0.00420958 -2.96966 -0.00035021 0.00420938 0.999991 174.434 
1 0.000922524 -0.000248425 -1.62301 -0.00092342 0.999992 -0.00380231 -3.00145 0.000244873 0.00380258 0.999993 175.706 
1 0.000741701 -0.000448341 -1.66009 -0.000743748 0.999989 -0.00467951 -3.02856 0.000444823 0.00467988 0.999989 176.982 
0.999998 0.00182315 -0.000517715 -1.69386 -0.00182576 0.999985 -0.00516534 -3.0573 0.000508248 0.00516631 0.999987 178.267 
0.999998 0.00189787 -0.000899945 -1.71889 -0.00190201 0.999987 -0.00466437 -3.0838 0.000891039 0.00466612 0.999989 179.546 
0.999998 0.00180504 -0.00117729 -1.73708 -0.0018121 0.99998 -0.00606074 -3.11018 0.00116628 0.0060629 0.999981 180.835 
0.999999 0.00070199 -0.0013397 -1.76023 -0.000711959 0.999972 -0.00748754 -3.14083 0.00133436 0.00748853 0.999971 182.105 
0.999996 -0.00226251 -0.00174839 -1.77988 0.00224985 0.999971 -0.00723196 -3.17122 0.00176466 0.00722803 0.999972 183.384 
0.999996 -0.00198964 -0.00215019 -1.80378 0.00198221 0.999992 -0.00347147 -3.20037 0.00215703 0.00346724 0.999992 184.663 
0.999993 -0.00302082 -0.00239029 -1.82372 0.00302283 0.999995 0.000819002 -3.226 0.00238776 -0.000826179 0.999997 185.956 
0.999997 -0.00182325 -0.00186655 -1.85453 0.00182275 0.999998 -0.000292665 -3.24296 0.00186704 0.000289304 0.999998 187.202 
0.999998 -7.22901e-05 -0.00176085 -1.87388 6.65666e-05 0.999995 -0.00327439 -3.26903 0.00176104 0.00327431 0.999993 188.469 
0.999998 -0.000107018 -0.00208971 -1.9052 9.58306e-05 0.999986 -0.00537325 -3.29549 0.00209022 0.00537308 0.999983 189.708 
0.999997 2.12158e-05 -0.00256477 -1.92869 -3.43683e-05 0.999987 -0.00514477 -3.31752 0.00256459 0.00514489 0.999984 190.958 
0.999998 0.000174532 -0.00189003 -1.97058 -0.000181597 0.999993 -0.00376103 -3.35264 0.00188931 0.00376141 0.999991 192.241 
1 0.000433209 -0.000876876 -2.02752 -0.000434812 0.999998 -0.00187695 -3.37685 0.000876019 0.00187738 0.999998 193.503 
1 -0.000198331 0.00018695 -2.05453 0.0001985 1 -0.000674115 -3.40988 -0.000186859 0.000674195 1 194.757 
0.999998 7.13537e-05 0.00186341 -2.07777 -6.88373e-05 0.999999 -0.00132764 -3.43476 -0.00186355 0.00132756 0.999997 196.014 
0.999995 -0.000339822 0.00315105 -2.09338 0.000348207 0.999996 -0.00264719 -3.46096 -0.00315018 0.00264832 0.999992 197.248 
0.999991 -0.000994402 0.00417478 -2.10417 0.00101097 0.999992 -0.00395908 -3.49313 -0.00417085 0.00396331 0.999983 198.478 
0.999984 -0.00162856 0.00541729 -2.11317 0.00165345 0.999988 -0.00458505 -3.5235 -0.0054098 0.00459397 0.999975 199.71 
0.999977 -0.00113951 0.00669756 -2.12041 0.00116566 0.999992 -0.00389467 -3.54767 -0.00669311 0.00390243 0.99997 200.966 
0.999963 -0.0021775 0.00835894 -2.13719 0.00219542 0.999995 -0.00212936 -3.56959 -0.00835431 0.00214767 0.999963 202.209 
0.999955 -0.000872805 0.0094547 -2.14831 0.00088889 0.999998 -0.00169268 -3.59903 -0.00945325 0.00170105 0.999954 203.445 
0.999945 -0.00234329 0.0102433 -2.14612 0.002362 0.999996 -0.00181117 -3.62575 -0.010239 0.00183531 0.999946 204.671 
0.999939 -0.00206256 0.010853 -2.15279 0.00207907 0.999997 -0.00150649 -3.65417 -0.0108499 0.001529 0.99994 205.888 
0.99993 -0.00206711 0.0116395 -2.14908 0.00208142 0.999997 -0.00121386 -3.68528 -0.011637 0.00123804 0.999932 207.089 
0.999919 -0.00157634 0.0126221 -2.16056 0.00159705 0.999997 -0.00162784 -3.70795 -0.0126196 0.00164791 0.999919 208.288 
0.999905 -0.00209447 0.0136039 -2.1696 0.00211491 0.999997 -0.0014848 -3.73392 -0.0136008 0.00151347 0.999906 209.476 
0.999898 -0.00312761 0.0139433 -2.16747 0.00314892 0.999994 -0.00150331 -3.75715 -0.0139386 0.00154711 0.999902 210.657 
0.999896 -0.00344807 0.0140147 -2.17319 0.00345653 0.999994 -0.00057699 -3.78746 -0.0140127 0.000625414 0.999902 211.8 
0.999899 -0.00416435 0.0135601 -2.17465 0.00415792 0.999991 0.000505941 -3.81392 -0.0135621 -0.000449466 0.999908 212.946 
0.999908 -0.00375749 0.0130378 -2.17462 0.00375071 0.999993 0.000547451 -3.83497 -0.0130398 -0.000498457 0.999915 214.09 
0.999914 -0.00341297 0.0126935 -2.18123 0.00341745 0.999994 -0.000327944 -3.86449 -0.0126923 0.000371337 0.999919 215.194 
0.999924 -0.00330026 0.0118515 -2.18197 0.00331099 0.999994 -0.000882471 -3.89207 -0.0118485 0.000921686 0.999929 216.299 
0.999932 -0.00341037 0.0111305 -2.18702 0.00342021 0.999994 -0.000862061 -3.91625 -0.0111275 0.000900113 0.999938 217.38 
0.999944 -0.00434641 0.00966527 -2.19593 0.00435751 0.99999 -0.00112304 -3.9353 -0.00966033 0.00116514 0.999953 218.441 
0.999959 -0.00473083 0.00769312 -2.20032 0.00473194 0.999989 -0.000120319 -3.95939 -0.0076925 0.00015676 0.99997 219.498 
0.999969 -0.00599522 0.00514481 -2.2044 0.00598826 0.999981 0.00137478 -3.9799 -0.005153 -0.00134388 0.999986 220.548 
0.999981 -0.00554661 0.00286186 -2.21883 0.00553735 0.999979 0.00324607 -4.00588 -0.00287984 -0.00323012 0.999991 221.6 
0.999987 -0.00504137 0.000277864 -2.23036 0.00504048 0.999982 0.00324865 -4.02336 -0.000294279 -0.00324717 0.999995 222.626 
0.999986 -0.00474925 -0.00243648 -2.24235 0.0047559 0.999985 0.0027157 -4.04083 0.00242351 -0.0027272 0.999993 223.644 
0.999978 -0.00433844 -0.00511422 -2.26356 0.00435311 0.999986 0.00285301 -4.05871 0.00510173 -0.00287517 0.999983 224.628 
0.999962 -0.00390575 -0.00782183 -2.28997 0.00393211 0.999987 0.00335167 -4.07637 0.0078086 -0.00338225 0.999964 225.601 
0.999936 -0.00322108 -0.0108153 -2.31178 0.00325533 0.99999 0.00314638 -4.09547 0.010805 -0.00318135 0.999937 226.539 
0.999896 -0.00354793 -0.0139925 -2.33531 0.00358178 0.999991 0.00239151 -4.11221 0.0139839 -0.00244134 0.999899 227.457 
0.999841 -0.00354771 -0.0175035 -2.36921 0.00358323 0.999992 0.00199607 -4.13316 0.0174962 -0.00205842 0.999845 228.332 
0.999776 -0.00229564 -0.0210368 -2.39787 0.002331 0.999996 0.00165438 -4.15087 0.0210328 -0.001703 0.999777 229.2 
0.999703 -0.00199715 -0.0242749 -2.43759 0.00202158 0.999998 0.000980451 -4.17122 0.0242729 -0.00102919 0.999705 230.023 
0.999655 3.57621e-05 -0.026282 -2.4826 -6.56941e-06 0.999999 0.00110924 -4.19111 0.026282 -0.00110864 0.999654 230.855 
0.999638 0.000609027 -0.0268845 -2.51903 -0.000565064 0.999999 0.00164126 -4.21134 0.0268854 -0.00162543 0.999637 231.672 
0.999647 0.000752548 -0.0265728 -2.55387 -0.000682657 0.999996 0.00263758 -4.22541 0.0265746 -0.00261846 0.999643 232.462 
0.999666 0.00103084 -0.0258085 -2.59413 -0.000944567 0.999994 0.00335316 -4.24098 0.0258118 -0.00332762 0.999661 233.221 
0.999677 0.00107543 -0.0254067 -2.62922 -0.00100043 0.999995 0.00296297 -4.25698 0.0254098 -0.00293655 0.999673 233.969 
0.999688 0.00129996 -0.0249467 -2.66424 -0.00127805 0.999999 0.00089276 -4.27219 0.0249478 -0.000860556 0.999688 234.703 
0.999708 0.00127933 -0.0241147 -2.69875 -0.0013018 0.999999 -0.000918059 -4.29185 0.0241134 0.000949226 0.999709 235.432 
0.99974 0.00123733 -0.0227716 -2.72825 -0.0012898 0.999997 -0.00229128 -4.3078 0.0227686 0.0023201 0.999738 236.166 
0.999761 0.00186604 -0.0218044 -2.75258 -0.00192744 0.999994 -0.0027976 -4.32406 0.021799 0.002839 0.999758 236.893 
0.9998 0.00112416 -0.0199636 -2.78046 -0.00118534 0.999995 -0.00305474 -4.33884 0.0199601 0.00307783 0.999796 237.617 
0.999836 0.00104584 -0.0180835 -2.80775 -0.00109999 0.999995 -0.00298737 -4.35526 0.0180802 0.00300681 0.999832 238.347 
0.999868 0.000966493 -0.0162154 -2.82942 -0.00101681 0.999995 -0.00309775 -4.3717 0.0162122 0.00311387 0.999864 239.065 
0.999902 0.000715386 -0.0140165 -2.85701 -0.000762206 0.999994 -0.00333831 -4.39148 0.014014 0.00334871 0.999896 239.795 
0.999936 0.000744452 -0.0112947 -2.87653 -0.000775332 0.999996 -0.00273366 -4.41274 0.0112925 0.00274229 0.999933 240.513 
0.999965 -0.000682472 -0.00833421 -2.8859 0.000667031 0.999998 -0.00186046 -4.42995 0.00833542 0.00185488 0.999964 241.232 
0.999984 -0.00146708 -0.00547153 -2.89957 0.00145913 0.999998 -0.00146354 -4.4458 0.00547362 0.00145558 0.999984 241.949 
0.999996 -0.0016586 -0.00249073 -2.90898 0.00165468 0.999997 -0.00159152 -4.45499 0.00249332 0.00158744 0.999996 242.671 
0.999997 -0.00211352 0.000895531 -2.92602 0.00211505 0.999996 -0.0016689 -4.47544 -0.000892043 0.00167083 0.999998 243.379 
0.99999 -0.00203661 0.00389418 -2.93637 0.00204381 0.999996 -0.00183411 -4.48843 -0.00389048 0.00184209 0.999991 244.083 
0.999977 -0.00114334 0.00664025 -2.93736 0.00116133 0.999996 -0.00270051 -4.5047 -0.00663717 0.0027082 0.999974 244.803 
0.999955 -0.000840116 0.00948774 -2.93698 0.000870113 0.999995 -0.00315347 -4.521 -0.00948509 0.00316162 0.99995 245.515 
0.999915 -0.000634236 0.0129966 -2.94413 0.000662913 0.999997 -0.00219906 -4.5346 -0.0129952 0.00220753 0.999913 246.216 
0.999869 -0.000772666 0.0161812 -2.94775 0.000793097 0.999999 -0.00125358 -4.55101 -0.0161802 0.00126629 0.999868 246.928 
0.999816 -0.00104985 0.0191731 -2.94738 0.00107386 0.999999 -0.00123969 -4.56442 -0.0191719 0.00126009 0.999815 247.643 
0.999763 -0.00201613 0.0216724 -2.94519 0.00206129 0.999996 -0.00205947 -4.58463 -0.0216682 0.0021037 0.999763 248.351 
0.999726 -0.00154321 0.0233517 -2.93985 0.00166169 0.999986 -0.0050531 -4.59367 -0.0233436 0.00509056 0.999715 249.062 
0.999698 -0.00142994 0.0245353 -2.93338 0.00158665 0.999979 -0.00636711 -4.60565 -0.0245257 0.00640416 0.999679 249.776 
0.999696 -0.000619266 0.0246425 -2.92528 0.000785099 0.999977 -0.00671868 -4.61944 -0.0246378 0.00673603 0.999674 250.507 
0.999691 -0.00177849 0.0247885 -2.91658 0.00195944 0.999972 -0.00727599 -4.63608 -0.0247749 0.00732236 0.999666 251.236 
0.999685 0.000238781 0.0251112 -2.924 -5.14072e-05 0.999972 -0.00746043 -4.65457 -0.0251123 0.00745683 0.999657 251.983 
0.999671 0.000946228 0.0256338 -2.9199 -0.000743609 0.999968 -0.00791106 -4.67624 -0.0256405 0.00788943 0.99964 252.755 
0.999662 0.000340525 0.0259804 -2.91264 -9.83817e-05 0.999957 -0.00931931 -4.71284 -0.0259824 0.00931365 0.999619 253.488 
0.999634 -0.00344346 0.0268521 -2.91975 0.00375592 0.999926 -0.0115932 -4.72609 -0.0268103 0.0116898 0.999572 254.259 
0.999585 -0.00618361 0.0281203 -2.91781 0.00653633 0.999901 -0.0124672 -4.74093 -0.0280405 0.0126459 0.999527 255.039 
0.999571 -0.00396033 0.0290196 -2.92119 0.0042079 0.999955 -0.00847341 -4.75786 -0.0289848 0.00859193 0.999543 255.835 
0.999553 0.000207028 0.0298965 -2.92439 -0.000130862 0.999997 -0.00254817 -4.77064 -0.029897 0.00254316 0.99955 256.643 
0.999525 0.000162932 0.030824 -2.91585 -0.00019516 0.999999 0.00104394 -4.78506 -0.0308239 -0.00104941 0.999524 257.422 
0.999461 -0.000550852 0.0328372 -2.89754 0.000580654 0.999999 -0.000896704 -4.79908 -0.0328367 0.000915328 0.99946 258.214 
0.999307 0.0010371 0.0372012 -2.88461 -0.000771952 0.999974 -0.00713997 -4.81013 -0.0372077 0.00710635 0.999282 259.009 
0.999132 0.00317253 0.0415441 -2.88386 -0.00272483 0.999938 -0.0108276 -4.82387 -0.0415759 0.0107051 0.999078 259.817 
0.998975 0.00474215 0.045028 -2.8637 -0.00426469 0.999934 -0.0106927 -4.84094 -0.0450757 0.0104898 0.998929 260.642 
0.998809 0.00325526 0.0486884 -2.84 -0.00286504 0.999963 -0.0080814 -4.86462 -0.048713 0.00793232 0.998781 261.483 
0.998638 -6.24512e-05 0.05218 -2.81471 0.000317504 0.999988 -0.00487884 -4.88062 -0.0521791 0.0048888 0.998626 262.323 
0.998486 -0.00266824 0.0549417 -2.77344 0.00284991 0.999991 -0.00322778 -4.89666 -0.0549326 0.00337951 0.998484 263.17 
0.998293 -0.00192439 0.0583688 -2.74766 0.00211135 0.999993 -0.00314078 -4.90289 -0.0583624 0.00325869 0.99829 264.014 
0.998156 0.000521796 0.0607037 -2.7087 -0.000215536 0.999987 -0.00505088 -4.9237 -0.0607056 0.00502852 0.998143 264.852 
0.998016 0.000983712 0.0629516 -2.67185 -0.000500559 0.99997 -0.00768961 -4.93424 -0.0629573 0.00764289 0.997987 265.681 
0.997866 0.00186557 0.065274 -2.62481 -0.00135327 0.999968 -0.00789119 -4.95319 -0.0652867 0.00778605 0.997836 266.529 
0.997646 0.0023663 0.068538 -2.59118 -0.001978 0.999982 -0.00573214 -4.97542 -0.0685503 0.00558311 0.997632 267.365 
0.997361 0.00368477 0.0725156 -2.57347 -0.00340491 0.999986 -0.00398197 -4.99413 -0.0725293 0.00372459 0.997359 268.183 
0.99715 0.00455412 0.0753016 -2.51312 -0.00423322 0.999981 -0.00442 -5.00725 -0.0753203 0.00408868 0.997151 269.045 
0.996932 0.00497998 0.0781092 -2.46737 -0.0046093 0.999977 -0.00492471 -5.0213 -0.078132 0.00454961 0.996933 269.888 
0.99672 0.00354754 0.0808561 -2.4088 -0.00310119 0.999979 -0.00564456 -5.03496 -0.0808745 0.00537534 0.99671 270.734 
0.996544 0.000168539 0.0830662 -2.35699 0.000216684 0.999989 -0.00462797 -5.05493 -0.0830661 0.00463002 0.996533 271.577 
0.996447 -0.000504726 0.0842203 -2.29849 0.000932897 0.999987 -0.00504414 -5.06655 -0.0842166 0.00510483 0.996434 272.438 
0.996371 -0.000616409 0.0851142 -2.24552 0.0010664 0.999986 -0.00524103 -5.07957 -0.0851098 0.00531282 0.996357 273.293 
0.99628 -0.000219802 0.0861783 -2.19998 0.000691314 0.999985 -0.00544103 -5.09212 -0.0861759 0.00548041 0.996265 274.149 
0.99626 0.000551925 0.0864033 -2.14936 -0.000127471 0.999988 -0.0049174 -5.10665 -0.0864051 0.00488803 0.996248 275.006 
0.996316 0.00118878 0.0857448 -2.08566 -0.000808005 0.99999 -0.00447483 -5.12615 -0.0857493 0.00438911 0.996307 275.871 
0.996381 0.0011094 0.084987 -2.03916 -0.000640462 0.999984 -0.00554431 -5.14315 -0.0849918 0.00546986 0.996367 276.72 
0.996501 0.00164703 0.0835671 -1.98822 -0.00112154 0.999979 -0.00633427 -5.161 -0.0835758 0.00621842 0.996482 277.57 
0.996638 0.0024847 0.0818985 -1.93556 -0.00190555 0.999973 -0.00714842 -5.17924 -0.081914 0.00696836 0.996615 278.421 
0.996728 0.00433106 0.0807123 -1.89187 -0.00372475 0.999964 -0.00766051 -5.19743 -0.0807426 0.00733485 0.996708 279.277 
0.996859 0.0052213 0.0790275 -1.84669 -0.0046142 0.999958 -0.00786222 -5.22004 -0.0790653 0.00747292 0.996841 280.129 
0.996991 0.00627977 0.0772569 -1.80967 -0.00571643 0.999956 -0.00751017 -5.23624 -0.0773007 0.00704598 0.996983 280.981 
0.997174 0.00630119 0.0748591 -1.77093 -0.00585474 0.999964 -0.00618124 -5.25193 -0.0748954 0.00572554 0.997175 281.837 
0.997436 0.00485845 0.0714035 -1.73769 -0.00458322 0.999981 -0.00401727 -5.26701 -0.0714217 0.00367975 0.997439 282.694 
0.997754 0.00386086 0.0668781 -1.70819 -0.00374007 0.999991 -0.00193063 -5.29219 -0.066885 0.0016762 0.997759 283.52 
0.998021 0.00414768 0.0627458 -1.68423 -0.0040829 0.999991 -0.00116001 -5.29911 -0.0627501 0.000901571 0.998029 284.371 
0.998301 0.00410739 0.0581165 -1.65869 -0.00409066 0.999992 -0.000406076 -5.31696 -0.0581177 0.000167692 0.99831 285.193 
0.99856 0.00362616 0.0535201 -1.63338 -0.00363134 0.999993 3.92285e-07 -5.33562 -0.0535198 -0.000194701 0.998567 286.004 
0.998801 0.00311794 0.0488602 -1.60857 -0.0031358 0.999995 0.000289835 -5.35145 -0.0488591 -0.000442662 0.998806 286.799 
0.998971 0.00403735 0.0451637 -1.59501 -0.00399915 0.999992 -0.000935171 -5.36208 -0.0451672 0.000753634 0.998979 287.587 
0.999125 0.00464526 0.0415669 -1.58083 -0.00460837 0.999989 -0.000982389 -5.37629 -0.0415711 0.000790015 0.999135 288.355 
0.999266 0.00470201 0.0380276 -1.57417 -0.00467563 0.999989 -0.00078142 -5.3981 -0.0380309 0.000603085 0.999276 289.097 
0.999395 0.00438131 0.0345143 -1.57281 -0.004368 0.99999 -0.000459853 -5.42315 -0.0345161 0.000308857 0.999404 289.827 
0.99953 0.00367465 0.0304471 -1.56966 -0.00364051 0.999993 -0.00117523 -5.43872 -0.0304513 0.00106388 0.999536 290.542 
0.999664 0.00525322 0.0253884 -1.56446 -0.0051809 0.999982 -0.00291157 -5.45345 -0.0254033 0.0027791 0.999673 291.271 
0.999785 0.00665352 0.0196206 -1.59439 -0.00656322 0.999968 -0.00466065 -5.46483 -0.019651 0.00453092 0.999797 291.955 
0.999907 0.00750535 0.0113557 -1.61557 -0.00743753 0.999954 -0.00599937 -5.49029 -0.0114002 0.00591439 0.999918 292.638 
0.999977 0.00671778 0.000317793 -1.61854 -0.00671531 0.999952 -0.00709812 -5.5063 -0.000365504 0.00709587 0.999975 293.298 
0.999884 0.00739037 -0.0133298 -1.63808 -0.00748638 0.999946 -0.00717046 -5.52837 0.0132761 0.00726946 0.999885 293.932 
0.999505 0.00861162 -0.030275 -1.67726 -0.00881329 0.99994 -0.00653541 -5.54118 0.0302168 0.00679904 0.99952 294.559 
0.998693 0.0106381 -0.0499905 -1.7398 -0.0109204 0.999926 -0.0053768 -5.56514 0.0499295 0.00591573 0.998735 295.192 
0.997246 0.0122463 -0.073148 -1.79973 -0.0126832 0.999904 -0.00551292 -5.57511 0.0730734 0.00642553 0.997306 295.809 
0.995025 0.0135093 -0.0987069 -1.88211 -0.014103 0.999886 -0.00532014 -5.58773 0.0986237 0.00668578 0.995102 296.403 
0.99179 0.0145048 -0.12705 -1.98144 -0.0152462 0.999872 -0.00486453 -5.59415 0.126963 0.00676166 0.991884 296.997 
0.987301 0.0158378 -0.158072 -2.09512 -0.0165229 0.999859 -0.00302082 -5.6131 0.158002 0.00559432 0.987423 297.56 
0.98124 0.0154095 -0.192174 -2.23094 -0.0159135 0.999873 -0.00107954 -5.6172 0.192133 0.0041175 0.98136 298.12 
0.973399 0.0153093 -0.228605 -2.38296 -0.0154956 0.999879 0.000979869 -5.62487 0.228592 0.00258861 0.973519 298.664 
0.963668 0.0164655 -0.266595 -2.55653 -0.0160338 0.999864 0.00379584 -5.63161 0.266621 0.000616654 0.963801 299.185 
0.951768 0.0178986 -0.306296 -2.74328 -0.0166412 0.999839 0.00671616 -5.64206 0.306367 -0.00129506 0.951913 299.71 
0.93758 0.0182588 -0.347289 -2.93706 -0.0161446 0.999829 0.00898041 -5.64529 0.347394 -0.00281296 0.937715 300.213 
0.920925 0.0178893 -0.389329 -3.15127 -0.0146951 0.99983 0.011181 -5.64819 0.389463 -0.00457557 0.921031 300.724 
0.901791 0.0176714 -0.431812 -3.3918 -0.013296 0.999825 0.0131494 -5.65901 0.431969 -0.00611661 0.901868 301.186 
0.879496 0.0168174 -0.475608 -3.64576 -0.0113807 0.999833 0.0143086 -5.65715 0.47577 -0.00717152 0.879541 301.636 
0.853885 0.0161567 -0.52021 -3.90873 -0.00896425 0.999826 0.0163384 -5.66794 0.520384 -0.00928779 0.853882 302.081 
0.825579 0.0164947 -0.564045 -4.21564 -0.00739209 0.999803 0.0184182 -5.67089 0.564238 -0.0110361 0.825539 302.488 
0.79373 0.0177597 -0.608011 -4.53784 -0.00739665 0.999782 0.019547 -5.6701 0.608226 -0.0110178 0.793688 302.889 
0.75903 0.0169016 -0.650836 -4.88109 -0.00479917 0.999781 0.0203664 -5.67818 0.651038 -0.0123352 0.758945 303.247 
0.720363 0.0157786 -0.693418 -5.23348 -0.000348819 0.999749 0.0223867 -5.674 0.693598 -0.0158846 0.720188 303.572 
0.678433 0.0148229 -0.734513 -5.61731 0.00626626 0.999643 0.0259612 -5.66243 0.734635 -0.0222155 0.678098 303.84 
0.631323 0.0149881 -0.775375 -6.00551 0.0112082 0.999533 0.028447 -5.6504 0.775439 -0.0266498 0.63086 304.093 
0.581734 0.0187036 -0.813164 -6.42196 0.0110548 0.999461 0.0308972 -5.6452 0.813304 -0.0269633 0.581214 304.294 
0.529185 0.0246457 -0.848149 -6.83348 0.00699432 0.999417 0.0334053 -5.63294 0.848478 -0.0236097 0.528704 304.482 
0.474776 0.0288499 -0.879634 -7.25164 0.00460421 0.999368 0.035262 -5.62516 0.880095 -0.0207915 0.474342 304.629 
0.417759 0.0307563 -0.908037 -7.67338 0.00465768 0.999341 0.0359918 -5.60974 0.908546 -0.0192652 0.41734 304.767 
0.358667 0.0329578 -0.932884 -8.08181 0.00701013 0.999253 0.0379977 -5.6054 0.933439 -0.0201681 0.358168 304.9 
0.299314 0.0366214 -0.953452 -8.49028 0.00959196 0.999097 0.0413858 -5.60519 0.954106 -0.0215328 0.298693 305.001 
0.23849 0.0404866 -0.970301 -8.90621 0.0124416 0.998921 0.0447388 -5.59358 0.971065 -0.0227418 0.237729 305.083 
0.174418 0.0437895 -0.983698 -9.3272 0.0155488 0.998764 0.0472171 -5.58064 0.984549 -0.0235308 0.173522 305.143 
0.108859 0.0478387 -0.992905 -9.76998 0.0168698 0.998609 0.049963 -5.56768 0.993914 -0.022189 0.107901 305.164 
0.0425923 0.0532905 -0.99767 -10.2271 0.0194779 0.998342 0.0541579 -5.5441 0.998903 -0.0217392 0.0414837 305.15 
-0.0259004 0.0598282 -0.997873 -10.6954 0.0221151 0.997998 0.0592617 -5.52026 0.99942 -0.0205331 -0.0271716 305.115 
-0.0941118 0.0662601 -0.993354 -11.1637 0.0250864 0.997624 0.0641682 -5.49202 0.995246 -0.0188807 -0.0955504 305.038 
-0.161856 0.0730128 -0.98411 -11.6383 0.0283885 0.997191 0.0693143 -5.47539 0.986406 -0.0167185 -0.163474 304.922 
-0.228969 0.0792511 -0.970202 -12.1263 0.0333407 0.996734 0.0735499 -5.45093 0.972863 -0.0155066 -0.230863 304.778 
-0.29387 0.0832646 -0.952212 -12.6128 0.0382392 0.996425 0.0753294 -5.41545 0.95508 -0.0142747 -0.296004 304.588 
-0.356465 0.0856323 -0.930376 -13.0984 0.0425261 0.996246 0.0754015 -5.38239 0.933341 -0.0126872 -0.358768 304.367 
-0.415959 0.0860101 -0.905307 -13.5736 0.0466778 0.996224 0.073201 -5.3417 0.908185 -0.0118091 -0.418403 304.105 
-0.472075 0.0858664 -0.877366 -14.0378 0.0496205 0.996255 0.0708032 -5.30233 0.880161 -0.0101109 -0.474568 303.809 
-0.523663 0.0855918 -0.847615 -14.5143 0.0519698 0.996297 0.0684983 -5.25725 0.850339 -0.00818032 -0.526171 303.469 
-0.569989 0.0859845 -0.817141 -14.98 0.0544238 0.996276 0.0668714 -5.22065 0.819848 -0.00635591 -0.572547 303.098 
-0.610603 0.0865005 -0.787199 -15.4352 0.0557381 0.996246 0.0662374 -5.18334 0.789973 -0.00343223 -0.613132 302.693 
-0.647762 0.0906315 -0.756432 -15.895 0.0610828 0.995881 0.0670132 -5.1479 0.75939 -0.00279638 -0.65063 302.255 
-0.684145 0.0976676 -0.722777 -16.3522 0.0697853 0.995213 0.0684259 -5.11042 0.726 -0.00362594 -0.687686 301.787 
-0.719492 0.103363 -0.686766 -16.8107 0.0766017 0.99464 0.0694475 -5.07025 0.690263 -0.0026405 -0.723554 301.273 
-0.751819 0.105005 -0.650955 -17.2338 0.0797336 0.994472 0.0683296 -5.03456 0.654531 -0.000531499 -0.756035 300.725 
-0.781773 0.101994 -0.615166 -17.6543 0.0799309 0.994785 0.0633553 -4.99668 0.61842 0.000358726 -0.785848 300.133 
-0.808682 0.0995259 -0.579766 -18.0553 0.0815233 0.995034 0.0571011 -4.96523 0.58257 -0.00108783 -0.81278 299.504 
-0.833779 0.0943909 -0.54397 -18.4665 0.0801746 0.995533 0.0498582 -4.92015 0.546246 -0.00204187 -0.837622 298.821 
-0.85632 0.0915958 -0.508259 -18.8509 0.0802344 0.995792 0.0442768 -4.8849 0.510176 -0.00286477 -0.860065 298.116 
-0.877106 0.0900441 -0.471781 -19.2257 0.0796245 0.995938 0.0420517 -4.85253 0.473651 -0.000681497 -0.880712 297.366 
-0.896191 0.0858048 -0.435293 -19.5603 0.07638 0.99631 0.0391396 -4.81832 0.437045 0.00182894 -0.899438 296.574 
-0.913642 0.0854359 -0.39744 -19.8901 0.077376 0.996341 0.0363058 -4.79092 0.399087 0.00241822 -0.91691 295.758 
-0.92946 0.0874388 -0.358412 -20.1922 0.0801619 0.996162 0.0351438 -4.76629 0.360109 0.00393375 -0.932902 294.904 
-0.943072 0.0911456 -0.319857 -20.4627 0.0847942 0.995826 0.0337593 -4.74618 0.321599 0.00471544 -0.946864 294.018 
-0.955133 0.0920542 -0.281508 -20.7091 0.085907 0.995718 0.0341285 -4.71756 0.283444 0.00841374 -0.958952 293.105 
-0.964886 0.0950453 -0.244869 -20.9049 0.0894798 0.995416 0.0337802 -4.70115 0.246957 0.0106832 -0.968968 292.161 
-0.973348 0.0945579 -0.208934 -21.0749 0.0898785 0.995445 0.0318004 -4.6815 0.210989 0.0121742 -0.977413 291.197 
-0.980121 0.0931093 -0.175196 -21.2166 0.089738 0.995597 0.0270854 -4.66292 0.176947 0.0108252 -0.984161 290.202 
