1 2.12261e-08 -2.11895e-08 0 2.12261e-08 1 2.10703e-08 0 -2.11895e-08 2.10703e-08 1 0 
0.999979 0.000463216 -0.0064995 -0.0101957 -0.000462322 1 0.000132496 0.000770789 0.00649952 -0.000129446 0.999979 0.0949093 
0.999909 0.00119089 -0.0134745 -0.0225976 -0.00119108 0.999999 -8.93236e-06 0.00186049 0.0134745 2.50232e-05 0.999909 0.190967 
0.999778 0.00164443 -0.0209865 -0.0357522 -0.0016559 0.999999 -0.000531062 -0.000993063 0.0209856 0.000565738 0.99978 0.29117 
0.999546 0.00213659 -0.0300462 -0.0537764 -0.00219504 0.999996 -0.00191375 -0.00112964 0.0300419 0.00197888 0.999547 0.398185 
0.99913 0.00242883 -0.0416437 -0.0715757 -0.00257842 0.99999 -0.00353977 -1.98949e-05 0.0416346 0.0036441 0.999126 0.515051 
0.998473 0.00223229 -0.0552015 -0.096049 -0.00246768 0.999988 -0.00419711 -0.00330715 0.0551914 0.00432696 0.998466 0.645547 
0.997429 0.00228395 -0.0716327 -0.12316 -0.00259272 0.999988 -0.00421833 -0.00209496 0.0716221 0.00439325 0.997422 0.790488 
0.995934 0.000664668 -0.0900868 -0.157536 -0.00106038 0.99999 -0.00434524 -0.00342965 0.090083 0.00442314 0.995924 0.944386 
0.993914 -0.000376572 -0.110159 -0.194853 -0.00012031 0.99999 -0.00450428 -0.00352828 0.110159 0.00449016 0.993904 1.11061 
0.991186 -0.000508345 -0.132476 -0.242728 -0.000112316 0.999989 -0.00467786 -0.00979304 0.132477 0.00465156 0.991175 1.28362 
0.987662 0.00294525 -0.156571 -0.303093 -0.00396203 0.999973 -0.0061826 -0.0137619 0.156548 0.0067267 0.987647 1.46106 
0.983255 0.0072307 -0.182094 -0.373426 -0.00875777 0.999933 -0.00758366 -0.0206319 0.182027 0.00905145 0.983252 1.64667 
0.977873 0.0102343 -0.208949 -0.451733 -0.0123031 0.999887 -0.00860366 -0.0256889 0.208837 0.010984 0.977889 1.83474 
0.971056 0.0109071 -0.238603 -0.529814 -0.0133851 0.999872 -0.00876784 -0.0292241 0.238477 0.0117079 0.971078 2.02955 
0.96296 0.0129449 -0.269333 -0.62455 -0.0157319 0.999843 -0.00819201 -0.0321396 0.269185 0.0121258 0.963012 2.23222 
0.953429 0.0146678 -0.301262 -0.731221 -0.017646 0.999819 -0.00716695 -0.0339059 0.301102 0.0121493 0.953515 2.43825 
0.942021 0.0164955 -0.335147 -0.840093 -0.0196912 0.999787 -0.00613923 -0.0355984 0.334975 0.0123828 0.942146 2.64342 
0.929296 0.0189595 -0.368849 -0.957255 -0.0226566 0.999727 -0.00569426 -0.0353948 0.36864 0.0136486 0.929472 2.84673 
0.915205 0.0216422 -0.402407 -1.0854 -0.0258951 0.999652 -0.00513067 -0.0345807 0.402156 0.015116 0.915446 3.04494 
0.89891 0.0223097 -0.437564 -1.22075 -0.0269835 0.999626 -0.00446672 -0.0341552 0.437301 0.0158223 0.899176 3.24585 
0.880027 0.017901 -0.474587 -1.33417 -0.0228555 0.999728 -0.00467227 -0.0428334 0.474374 0.0149587 0.880196 3.41635 
0.858377 0.012569 -0.512865 -1.48696 -0.0177785 0.999828 -0.0052526 -0.0390023 0.512711 0.0136267 0.858453 3.62359 
0.832758 0.0140039 -0.553461 -1.65594 -0.0182433 0.999831 -0.00215129 -0.0403474 0.553337 0.0118885 0.832873 3.82037 
0.803164 0.01954 -0.595438 -1.85086 -0.0230486 0.999733 0.00171792 -0.0435486 0.595313 0.0123443 0.803399 4.00539 
0.77001 0.0226502 -0.63763 -2.05792 -0.0263575 0.999646 0.00368017 -0.0476402 0.637487 0.0139726 0.770334 4.18481 
0.733209 0.0220243 -0.679647 -2.27432 -0.0256484 0.99966 0.00472479 -0.050246 0.67952 0.0139677 0.733524 4.36273 
0.692637 0.0178642 -0.721065 -2.5081 -0.0194529 0.999792 0.00608354 -0.0490705 0.721024 0.0098132 0.692841 4.54587 
0.649245 0.0144991 -0.760441 -2.75683 -0.0142227 0.999875 0.00692133 -0.0494493 0.760447 0.00632191 0.64937 4.71698 
0.60387 0.0140162 -0.79696 -3.03284 -0.0113064 0.999895 0.00901817 -0.0478906 0.797003 0.00356503 0.603965 4.87321 
0.555417 0.0145728 -0.831444 -3.32546 -0.00872137 0.999894 0.0116992 -0.044415 0.831526 0.000753428 0.555485 5.01255 
0.504337 0.0155359 -0.863367 -3.62525 -0.00731526 0.999879 0.0137191 -0.0431979 0.863476 -0.000603248 0.50439 5.12881 
0.451314 0.0169851 -0.892203 -3.9419 -0.00585062 0.999854 0.016075 -0.0411753 0.892346 -0.00203488 0.451348 5.23463 
0.39668 0.0190114 -0.91776 -4.27308 -0.00508698 0.999816 0.0185125 -0.0334327 0.917943 -0.00267485 0.396704 5.3253 
0.341143 0.0209812 -0.939777 -4.63905 -0.00486654 0.999777 0.0205542 -0.0282292 0.939999 -0.00243841 0.341169 5.4034 
0.285977 0.023923 -0.957938 -5.02333 -0.00222177 0.999702 0.0243027 -0.0243453 0.958234 -0.00482165 0.285945 5.47342 
0.232327 0.0257813 -0.972296 -5.42256 0.00216359 0.999633 0.0270231 -0.0205277 0.972635 -0.00838183 0.232186 5.52691 
0.181404 0.0261494 -0.983061 -5.83908 0.00507756 0.999608 0.0275265 -0.0154029 0.983396 -0.00998491 0.1812 5.55846 
0.133932 0.0270244 -0.990622 -6.28074 0.00264365 0.999615 0.0276272 -0.00466188 0.990987 -0.00631899 0.133809 5.56752 
0.0916791 0.0274181 -0.995411 -6.72577 0.000301051 0.99962 0.0275618 0.00324875 0.995789 -0.00282646 0.091636 5.55489 
0.054371 0.0257262 -0.998189 -7.18374 -0.00160448 0.999669 0.0256769 0.0170661 0.99852 0.000205533 0.0543943 5.5255 
0.0194525 0.0230189 -0.999546 -7.65426 -0.000403346 0.999735 0.0230155 0.0244377 0.999811 -4.45023e-05 0.0194566 5.50745 
-0.012112 0.0201867 -0.999723 -8.15006 0.000364761 0.999796 0.0201837 0.0311856 0.999927 -0.000120154 -0.0121169 5.47479 
-0.0388451 0.0184065 -0.999076 -8.6451 -4.13109e-05 0.99983 0.018422 0.0341288 0.999245 0.000756918 -0.0388377 5.42598 
-0.0592694 0.0156597 -0.998119 -9.16445 -0.00103356 0.999875 0.0157486 0.0512609 0.998242 0.00196507 -0.0592458 5.36431 
-0.0756565 0.0148898 -0.997023 -9.69798 -0.000137928 0.999888 0.014943 0.0618575 0.997134 0.0012681 -0.075646 5.29856 
-0.0890056 0.0154197 -0.995912 -10.2384 0.000499527 0.999881 0.0154365 0.0661186 0.996031 0.000876486 -0.0890027 5.23878 
-0.0986731 0.0164603 -0.994984 -10.7967 -0.000208444 0.999863 0.0165617 0.0672075 0.99512 0.00184163 -0.0986562 5.1639 
-0.105438 0.0178298 -0.994266 -11.3732 -0.00242785 0.999832 0.0181871 0.0649784 0.994423 0.00433158 -0.105377 5.08235 
-0.109848 0.0184496 -0.993777 -11.9699 -0.00262146 0.999819 0.0188516 0.0805988 0.993945 0.00467599 -0.10978 4.9973 
-0.111523 0.0190547 -0.993579 -12.5697 -0.000188036 0.999816 0.0191954 0.0906379 0.993762 0.0023276 -0.111499 4.92473 
-0.110556 0.0214876 -0.993638 -13.1973 0.00185496 0.999769 0.0214138 0.094435 0.993868 0.000524302 -0.11057 4.84526 
-0.109199 0.0239482 -0.993731 -13.8368 0.00139783 0.999712 0.0239388 0.0998305 0.994019 0.00122507 -0.109201 4.76335 
-0.107886 0.0238446 -0.993877 -14.4909 -0.000782683 0.99971 0.0240695 0.105888 0.994163 0.00337469 -0.107836 4.68199 
-0.106275 0.0211237 -0.994112 -15.1572 -0.00247147 0.999766 0.0215081 0.115075 0.994334 0.00474272 -0.106197 4.59381 
-0.105016 0.0208136 -0.994253 -15.8417 -0.00283133 0.999771 0.0212282 0.128479 0.994467 0.0050444 -0.104933 4.50736 
-0.103068 0.0234073 -0.994399 -16.5532 -0.00218006 0.999715 0.0237585 0.144017 0.994672 0.00461663 -0.102988 4.41401 
-0.101362 0.0269238 -0.994485 -17.2669 -0.00310347 0.99962 0.0273791 0.154304 0.994845 0.00586159 -0.10124 4.33198 
-0.0992779 0.0290603 -0.994635 -18.001 -0.00347272 0.999557 0.0295508 0.160665 0.995054 0.00638786 -0.099133 4.2361 
-0.0974349 0.0285064 -0.994834 -18.7369 -0.00537383 0.99956 0.0291681 0.169877 0.995227 0.0081881 -0.0972388 4.14797 
-0.0957926 0.0255091 -0.995074 -19.4963 -0.0075587 0.999624 0.0263534 0.180209 0.995373 0.010046 -0.0955638 4.05529 
-0.0939988 0.0247381 -0.995265 -20.27 -0.00839826 0.999636 0.0256399 0.193401 0.995537 0.0107687 -0.0937568 3.95994 
-0.092762 0.0273303 -0.995313 -21.0524 -0.00580834 0.999591 0.0279891 0.202519 0.995671 0.00837748 -0.0925653 3.88163 
-0.0916964 0.0294284 -0.995352 -21.8515 -0.00381263 0.999546 0.0299036 0.217206 0.99578 0.006537 -0.0915425 3.79615 
-0.0904345 0.0311953 -0.995414 -22.6511 -0.00237384 0.9995 0.031539 0.228932 0.9959 0.00521521 -0.0903152 3.70846 
-0.0900754 0.0265034 -0.995582 -23.4494 -0.00215825 0.999638 0.0268067 0.238966 0.995933 0.00456337 -0.0899856 3.62654 
-0.0895437 0.0193235 -0.995795 -24.2519 -0.000229171 0.999811 0.019422 0.250717 0.995983 0.00196737 -0.0895223 3.5343 
-0.089664 0.0150116 -0.995859 -25.0675 0.00247329 0.999887 0.0148496 0.257629 0.995969 -0.00113153 -0.0896909 3.45216 
-0.0904838 0.0158829 -0.995771 -25.8933 0.00356145 0.999872 0.0156246 0.264748 0.995892 -0.00213257 -0.0905287 3.3707 
-0.0906041 0.0232601 -0.995615 -26.7418 0.00344688 0.999729 0.0230426 0.270103 0.995881 -0.00134397 -0.0906596 3.27544 
-0.0910412 0.0301658 -0.99539 -27.5861 0.00207691 0.999545 0.0301017 0.282425 0.995845 0.0006732 -0.0910624 3.18115 
-0.0912098 0.0350587 -0.995214 -28.4378 0.000626941 0.999382 0.0351481 0.30214 0.995832 0.00258195 -0.0911754 3.07763 
-0.0915401 0.0353152 -0.995175 -29.2809 -0.00146207 0.999365 0.0355984 0.312049 0.9958 0.00471373 -0.0914304 2.97928 
-0.0920585 0.0318824 -0.995243 -30.1157 -0.000984308 0.999484 0.0321093 0.32591 0.995753 0.0039356 -0.0919796 2.88914 
-0.0925795 0.0291963 -0.995277 -30.954 -0.000977398 0.999567 0.0294131 0.341249 0.995705 0.00369587 -0.0925109 2.79884 
-0.0924982 0.0304029 -0.995249 -31.8023 -0.00237532 0.999524 0.0307543 0.354359 0.99571 0.00520879 -0.092382 2.69277 
-0.0925906 0.032776 -0.995165 -32.6396 -0.0032338 0.999443 0.0332177 0.361857 0.995699 0.00629386 -0.092433 2.59872 
-0.0923126 0.0314155 -0.995234 -33.4772 -0.00387938 0.999483 0.0319095 0.36505 0.995723 0.00680657 -0.092143 2.49673 
-0.0916386 0.0259825 -0.995453 -34.3087 -0.00448515 0.999639 0.0265046 0.380504 0.995782 0.00689364 -0.0914889 2.39345 
-0.0915816 0.0220186 -0.995554 -35.1439 -0.00606721 0.999725 0.0226689 0.384449 0.995779 0.00811633 -0.0914228 2.29851 
-0.0912981 0.0229108 -0.99556 -35.9756 -0.00547076 0.999709 0.023508 0.391121 0.995809 0.00759274 -0.0911462 2.2093 
-0.09084 0.0252662 -0.995545 -36.8168 -0.00417086 0.99966 0.0257512 0.398482 0.995857 0.00649155 -0.0907037 2.11704 
-0.0905265 0.0302018 -0.995436 -37.6582 -0.00392852 0.999521 0.0306831 0.406129 0.995886 0.00668826 -0.0903645 2.03078 
-0.0899849 0.0357024 -0.995303 -38.495 -0.00262443 0.999345 0.0360847 0.420742 0.99594 0.00585922 -0.0898323 1.93978 
-0.0904486 0.0391366 -0.995132 -39.327 -0.00262684 0.999215 0.039536 0.431039 0.995898 0.00619007 -0.0902748 1.85282 
-0.0901126 0.0388004 -0.995176 -40.1549 -0.00212369 0.999231 0.0391508 0.45 0.995929 0.00564146 -0.0899609 1.76138 
-0.0900655 0.0346983 -0.995331 -40.98 -0.00231426 0.999383 0.035049 0.460607 0.995933 0.0054602 -0.0899296 1.67048 
-0.0897752 0.0303218 -0.9955 -41.8005 -0.00337919 0.999521 0.0307491 0.47374 0.995956 0.00612452 -0.0896297 1.57913 
-0.0899325 0.0273859 -0.995571 -42.628 -0.00697575 0.99958 0.0281263 0.487101 0.995923 0.00947436 -0.0897037 1.48599 
-0.0906552 0.0254762 -0.995556 -43.4573 -0.0103679 0.999594 0.0265236 0.496269 0.995828 0.0127263 -0.0903543 1.39299 
-0.0916142 0.023757 -0.995511 -44.2902 -0.00802548 0.999665 0.0245947 0.501487 0.995762 0.0102427 -0.0913928 1.30432 
-0.092654 0.0206286 -0.995485 -45.112 -0.00452979 0.999766 0.0211389 0.500884 0.995688 0.00646798 -0.0925389 1.21835 
-0.0937496 0.0190366 -0.995414 -45.9355 -0.000441613 0.999816 0.0191624 0.511111 0.995596 0.00223609 -0.0937239 1.13479 
-0.0959131 0.0222197 -0.995142 -46.7623 0.000231335 0.999751 0.0223003 0.519537 0.99539 0.00190872 -0.0958944 1.04128 
-0.0975585 0.0285435 -0.99482 -47.59 0.00259265 0.999593 0.0284261 0.523496 0.995226 0.000194023 -0.0975927 0.944975 
-0.0997185 0.0323107 -0.994491 -48.4095 0.00472172 0.999477 0.0319993 0.530532 0.995005 -0.00150475 -0.0998188 0.853486 
-0.101451 0.0314384 -0.994344 -49.2124 0.0048368 0.999504 0.0311081 0.539162 0.994829 -0.00165345 -0.101553 0.760758 
-0.10241 0.0274604 -0.994363 -50.0121 0.0011979 0.999622 0.0274822 0.543994 0.994742 0.00162333 -0.102404 0.655078 
-0.103768 0.0235416 -0.994323 -50.8051 -0.00346866 0.999705 0.024031 0.55221 0.994596 0.00594266 -0.103656 0.551441 
-0.105188 0.0218101 -0.994213 -51.5973 -0.00763849 0.999712 0.0227389 0.559872 0.994423 0.00998618 -0.104991 0.444648 
-0.106238 0.0229617 -0.994076 -52.391 -0.00892786 0.999671 0.0240451 0.562054 0.994301 0.0114295 -0.105999 0.34181 
-0.107406 0.0245076 -0.993913 -53.1768 -0.00848997 0.999637 0.0255662 0.566933 0.994179 0.0111843 -0.107159 0.24584 
-0.108528 0.0240282 -0.993803 -53.957 -0.0100174 0.999631 0.0252631 0.574682 0.994043 0.0126971 -0.108247 0.143958 
-0.108934 0.0240962 -0.993757 -54.7291 -0.0106894 0.99962 0.0254101 0.57526 0.993992 0.0133907 -0.108635 0.0400389 
-0.109697 0.0255796 -0.993636 -55.5026 -0.00926208 0.999599 0.0267557 0.586488 0.993922 0.0121382 -0.109416 -0.0562974 
-0.110286 0.0282835 -0.993497 -56.2813 -0.00742379 0.999544 0.0292797 0.598686 0.993872 0.0106047 -0.110025 -0.1512 
-0.110174 0.032838 -0.99337 -57.0515 -0.00816022 0.999391 0.0339421 0.597507 0.993879 0.0118457 -0.109839 -0.260184 
-0.11067 0.0349297 -0.993243 -57.8272 -0.00784208 0.99932 0.0360172 0.605314 0.993826 0.0117751 -0.110321 -0.369136 
-0.111726 0.0348393 -0.993128 -58.5877 -0.00728657 0.99933 0.0358766 0.619921 0.993712 0.0112449 -0.111398 -0.46295 
-0.112415 0.0330405 -0.993112 -59.3014 -0.00736174 0.999392 0.0340827 0.625171 0.993634 0.0111425 -0.112104 -0.540957 
-0.112946 0.0293855 -0.993166 -60.0387 -0.0068316 0.999516 0.0303503 0.636372 0.993578 0.0102129 -0.112691 -0.63512 
-0.113221 0.0270084 -0.993203 -60.7541 -0.00749911 0.999579 0.0280366 0.634912 0.993542 0.0106225 -0.112971 -0.720397 
-0.111987 0.0247893 -0.993401 -61.4723 -0.00770624 0.999637 0.0258136 0.636475 0.99368 0.0105462 -0.111755 -0.822043 
-0.109987 0.0240238 -0.993643 -62.1716 -0.00976442 0.999634 0.0252494 0.639067 0.993885 0.0124795 -0.109712 -0.911528 
-0.105728 0.024855 -0.994084 -62.861 -0.00994941 0.999611 0.0260514 0.644431 0.994345 0.012645 -0.10544 -1.00518 
-0.100255 0.0263529 -0.994613 -63.5263 -0.00876848 0.999587 0.0273685 0.649607 0.994923 0.0114651 -0.0999822 -1.07822 
-0.0929789 0.0277943 -0.99528 -64.1791 -0.00811358 0.999556 0.0286716 0.654438 0.995635 0.0107412 -0.0927121 -1.15033 
-0.0846368 0.0290802 -0.995987 -64.8132 -0.00905077 0.99951 0.0299522 0.657936 0.996371 0.0115496 -0.0843322 -1.20693 
-0.0729833 0.0305382 -0.996866 -65.4356 -0.0109624 0.999446 0.0314198 0.663045 0.997273 0.0132212 -0.0726081 -1.2632 
-0.0581562 0.0319316 -0.997797 -66.0415 -0.0139994 0.999364 0.0327977 0.671216 0.998209 0.015876 -0.0576721 -1.30782 
-0.0398645 0.0330942 -0.998657 -66.6298 -0.015562 0.99931 0.0337371 0.677532 0.999084 0.0168861 -0.0393219 -1.33412 
-0.017813 0.0337202 -0.999273 -67.1948 -0.0164986 0.999285 0.0340148 0.685267 0.999705 0.0170925 -0.0172439 -1.34009 
0.00766005 0.0341725 -0.999387 -67.7342 -0.015814 0.999295 0.0340482 0.689355 0.999846 0.0155436 0.00819506 -1.32866 
0.0371034 0.0336687 -0.998744 -68.2446 -0.0143739 0.999347 0.033155 0.698925 0.999208 0.0131257 0.0375631 -1.30023 
0.0712178 0.0335515 -0.996896 -68.7371 -0.0131454 0.999379 0.0326959 0.70575 0.997374 0.0107761 0.0716146 -1.24764 
0.109046 0.0338602 -0.99346 -69.2039 -0.0125751 0.999387 0.0326819 0.712283 0.993957 0.00892907 0.109405 -1.18031 
0.15015 0.0338519 -0.988084 -69.6584 -0.0124294 0.999399 0.0323508 0.711916 0.988585 0.00742386 0.150481 -1.09275 
0.195589 0.0347575 -0.98007 -70.0966 -0.0112522 0.999386 0.033197 0.715882 0.980621 0.00453502 0.19586 -0.98439 
0.244382 0.0331775 -0.969111 -70.522 -0.00809853 0.99945 0.0321739 0.724882 0.969645 -1.43068e-05 0.244516 -0.85111 
0.294994 0.0286241 -0.95507 -70.9245 -0.000464682 0.999555 0.0298138 0.723378 0.955499 -0.00835103 0.294876 -0.692348 
0.346885 0.0234929 -0.937614 -71.3135 0.00493068 0.999627 0.0268709 0.723741 0.937895 -0.0139441 0.346639 -0.516027 
0.399914 0.0189508 -0.916357 -71.6861 0.00998608 0.999637 0.0250311 0.729424 0.916498 -0.0191611 0.399579 -0.320667 
0.451666 0.0185053 -0.891995 -72.06 0.00950386 0.999628 0.0255505 0.736655 0.892137 -0.0200176 0.451322 -0.104063 
0.500542 0.0173147 -0.865539 -72.4209 0.0108417 0.999596 0.0262662 0.745479 0.865644 -0.0225313 0.500152 0.134 
0.546206 0.012969 -0.837551 -72.7624 0.0187024 0.999442 0.0276725 0.752663 0.837442 -0.0307791 0.545659 0.398183 
0.590631 0.00669784 -0.806914 -73.0838 0.0287572 0.999156 0.0293427 0.758097 0.806429 -0.0405352 0.58994 0.686987 
0.634177 0.00197888 -0.773186 -73.3949 0.0298276 0.99919 0.0270223 0.756631 0.772613 -0.0401991 0.633604 0.974987 
0.676204 -0.00283796 -0.736709 -73.6858 0.0264718 0.99944 0.0204476 0.760922 0.736239 -0.0333287 0.675901 1.26839 
0.717513 -0.00980508 -0.696476 -73.9642 0.0227668 0.999697 0.00938061 0.766651 0.696173 -0.0225872 0.717519 1.58114 
0.757727 -0.0123749 -0.652454 -74.2385 0.0175386 0.999845 0.00140475 0.770515 0.652336 -0.0125075 0.757827 1.92286 
0.795682 -0.0137904 -0.605557 -74.5087 0.0161839 0.999868 -0.00150501 0.776783 0.605498 -0.00860271 0.795801 2.30116 
0.830305 -0.0154383 -0.557096 -74.7517 0.0164769 0.999859 -0.00315078 0.782267 0.557066 -0.00656304 0.830442 2.70899 
0.861622 -0.014065 -0.507355 -74.9845 0.0132756 0.999899 -0.00517398 0.7797 0.507376 -0.00227737 0.861722 3.13512 
0.888337 -0.0119416 -0.459036 -75.2081 0.0118237 0.999925 -0.00313127 0.768265 0.459039 -0.00264581 0.888412 3.59387 
0.910057 -0.00550398 -0.414447 -75.4125 0.00512969 0.999985 -0.00201622 0.76513 0.414452 -0.000291054 0.910071 4.06678 
0.92791 -0.00152252 -0.3728 -75.6082 0.000198713 0.999994 -0.00358947 0.761463 0.372803 0.00325667 0.927905 4.55639 
0.941763 0.00383828 -0.336255 -75.7918 -0.00482319 0.999986 -0.00209399 0.75698 0.336242 0.00359391 0.941769 5.08043 
0.952007 0.00451003 -0.306042 -75.9611 -0.00468628 0.999989 0.000158715 0.74631 0.30604 0.00128315 0.952018 5.62963 
0.95941 0.00371828 -0.281991 -76.1169 -0.00339147 0.999993 0.00164689 0.743143 0.281996 -0.000623629 0.959416 6.20409 
0.965371 0.00368107 -0.260856 -76.2715 -0.00287703 0.99999 0.00346396 0.742527 0.260866 -0.00259346 0.965372 6.79392 
0.970127 0.00645007 -0.242513 -76.4272 -0.00513723 0.999969 0.00604531 0.739765 0.242544 -0.00461882 0.970129 7.39883 
0.973813 0.0112451 -0.227073 -76.5835 -0.0097634 0.999923 0.00764735 0.736036 0.227142 -0.00523003 0.973848 8.02126 
0.976773 0.0152997 -0.213728 -76.7331 -0.0136484 0.999865 0.00919957 0.728452 0.21384 -0.00606881 0.97685 8.65711 
0.979593 0.0138046 -0.200515 -76.8748 -0.0122415 0.999884 0.00903304 0.724971 0.200617 -0.00639407 0.979649 9.30887 
0.982322 0.0136636 -0.186699 -77.0083 -0.0122743 0.999888 0.00859492 0.723496 0.186795 -0.00615133 0.98238 9.97938 
0.984968 0.0139657 -0.172169 -77.1358 -0.012554 0.999878 0.00928494 0.722875 0.172278 -0.00698391 0.985024 10.6713 
0.987306 0.0156858 -0.158055 -77.256 -0.0142971 0.999849 0.00991915 0.718107 0.158187 -0.00753345 0.98738 11.3618 
0.989305 0.0158352 -0.144999 -77.3716 -0.0149354 0.999862 0.00729216 0.706504 0.145094 -0.00504851 0.989405 12.06 
0.990832 0.0163951 -0.1341 -77.479 -0.0162682 0.999866 0.00204159 0.701208 0.134115 0.000158734 0.990966 12.7844 
0.992112 0.0145209 -0.124511 -77.5841 -0.0151336 0.999878 -0.00397683 0.696627 0.124438 0.00582981 0.99221 13.5272 
0.993115 0.014565 -0.116235 -77.6838 -0.0151611 0.999876 -0.0042457 0.695286 0.116159 0.00597876 0.993213 14.2707 
0.99384 0.0167847 -0.109549 -77.7804 -0.0166459 0.999859 0.00218127 0.681602 0.10957 -0.00034425 0.993979 15.0298 
0.99434 0.021495 -0.104047 -77.8871 -0.0205387 0.999737 0.0102536 0.672138 0.10424 -0.00805852 0.99452 15.7901 
0.994724 0.022442 -0.100099 -77.9729 -0.0210969 0.999673 0.0144763 0.655803 0.100391 -0.0122881 0.994872 16.5614 
0.995109 0.0205335 -0.0966304 -78.0604 -0.0193508 0.999726 0.0131607 0.657723 0.0968741 -0.0112264 0.995233 17.3343 
0.995415 0.0201747 -0.0934936 -78.1437 -0.0191248 0.999744 0.0121124 0.657512 0.093714 -0.0102688 0.995546 18.0976 
0.995684 0.0189761 -0.090853 -78.2221 -0.0177598 0.999742 0.0141763 0.657204 0.0910986 -0.0125016 0.995763 18.8683 
0.99595 0.0173512 -0.0882243 -78.2999 -0.0159417 0.999734 0.0166559 0.653596 0.0884898 -0.015182 0.995961 19.6234 
0.996205 0.0151984 -0.0856989 -78.3702 -0.0136679 0.999737 0.0184173 0.649345 0.0859562 -0.017176 0.996151 20.388 
0.99645 0.0143574 -0.0829485 -78.4414 -0.0131696 0.999803 0.0148484 0.644973 0.0831453 -0.0137033 0.996443 21.1398 
0.996539 0.0173462 -0.0812943 -78.5205 -0.016785 0.99983 0.00758206 0.639541 0.081412 -0.00619126 0.996661 21.8867 
0.996667 0.0175553 -0.0796658 -78.595 -0.0176518 0.999844 -0.000506747 0.636129 0.0796445 0.00191134 0.996822 22.6286 
0.99675 0.0185908 -0.0783802 -78.6655 -0.0189864 0.999811 -0.00430619 0.621207 0.0782853 0.0057804 0.996914 23.3699 
0.996875 0.0200723 -0.0764009 -78.7365 -0.0203214 0.99979 -0.00248539 0.606543 0.076335 0.00403024 0.997074 24.1198 
0.997 0.0230274 -0.0738958 -78.8135 -0.0229784 0.999735 0.00151226 0.590003 0.073911 0.000190333 0.997265 24.8726 
0.997059 0.0267133 -0.071832 -78.8896 -0.0263006 0.999632 0.00668497 0.576032 0.0719841 -0.00477604 0.997394 25.6287 
0.997288 0.023958 -0.069585 -78.9501 -0.0234298 0.99969 0.00839633 0.571054 0.0697646 -0.00674316 0.997541 26.3839 
0.997432 0.0204541 -0.068633 -79.0094 -0.0199348 0.999767 0.00824273 0.563538 0.0687856 -0.00685333 0.997608 27.1366 
0.99753 0.0188216 -0.067677 -79.0687 -0.0182927 0.999797 0.00842609 0.552418 0.0678219 -0.00716723 0.997672 27.8862 
0.997598 0.0184144 -0.0667716 -79.1303 -0.0180191 0.999816 0.00651834 0.545633 0.0668793 -0.00529948 0.997747 28.634 
0.997672 0.0154062 -0.0664263 -79.1871 -0.0151127 0.999874 0.00491862 0.542536 0.0664936 -0.00390325 0.997779 29.3912 
0.997728 0.0147073 -0.0657475 -79.2464 -0.014429 0.999885 0.00470599 0.541488 0.0658091 -0.00374659 0.997825 30.1581 
0.997721 0.0176423 -0.0651237 -79.3164 -0.017306 0.999834 0.00572524 0.530445 0.0652138 -0.00458512 0.997861 30.9267 
0.997742 0.0169333 -0.0649888 -79.3869 -0.0166657 0.99985 0.00465694 0.526486 0.0650579 -0.0035633 0.997875 31.7085 
0.997633 0.0165304 -0.0667507 -79.4521 -0.0162565 0.999857 0.00464345 0.51506 0.0668179 -0.00354728 0.997759 32.484 
0.99755 0.0140885 -0.0685248 -79.5237 -0.0137691 0.999892 0.00513137 0.510062 0.0685896 -0.00417524 0.997636 33.2567 
0.997315 0.0165576 -0.0713381 -79.6056 -0.0162705 0.999857 0.00460261 0.510238 0.071404 -0.00342951 0.997442 34.037 
0.997043 0.0197465 -0.0742691 -79.6842 -0.019476 0.999801 0.00436455 0.496387 0.0743404 -0.00290514 0.997229 34.8343 
0.996881 0.0206134 -0.0761829 -79.7772 -0.0207249 0.999785 -0.000673218 0.488531 0.0761526 0.00225004 0.997094 35.6129 
0.996668 0.0211705 -0.0787656 -79.8577 -0.0215671 0.999759 -0.00418924 0.479141 0.0786578 0.00587407 0.996884 36.4125 
0.99651 0.0204658 -0.080931 -79.939 -0.0210023 0.999763 -0.00578407 0.469272 0.0807934 0.00746366 0.996703 37.2224 
0.996331 0.0210078 -0.082968 -80.024 -0.021439 0.999761 -0.00431086 0.455901 0.0828575 0.00607384 0.996543 38.0458 
0.996162 0.0199027 -0.0852407 -80.1086 -0.0202806 0.999788 -0.00357052 0.443653 0.0851515 0.00528559 0.996354 38.8748 
0.996041 0.019205 -0.0868009 -80.1987 -0.0194307 0.99981 -0.0017568 0.428902 0.0867506 0.00343649 0.996224 39.6984 
0.995923 0.0183819 -0.0883165 -80.2846 -0.0182857 0.999831 0.00189823 0.414378 0.0883364 -0.000275521 0.996091 40.5651 
0.995832 0.0183871 -0.0893392 -80.3731 -0.0178367 0.999817 0.0069551 0.404128 0.0894507 -0.00533254 0.995977 41.4115 
0.995883 0.0185955 -0.0887163 -80.4654 -0.017866 0.9998 0.00900939 0.397504 0.088866 -0.00738725 0.996016 42.2683 
0.995998 0.0217047 -0.0867062 -80.5616 -0.0209976 0.999739 0.00905829 0.389976 0.0868801 -0.00720137 0.996193 43.126 
0.996151 0.0216518 -0.0849383 -80.6517 -0.021056 0.999747 0.00790313 0.382575 0.0850879 -0.00608421 0.996355 43.9848 
0.996328 0.0196564 -0.0833317 -80.7375 -0.019238 0.999798 0.00582062 0.373646 0.0834293 -0.00419607 0.996505 44.8515 
0.996565 0.0159813 -0.0812642 -80.8223 -0.0156883 0.999868 0.00424262 0.367407 0.0813212 -0.0029531 0.996684 45.7274 
0.996733 0.0143832 -0.0794738 -80.905 -0.0141257 0.999893 0.00380096 0.36227 0.0795199 -0.00266587 0.99683 46.5979 
0.996853 0.0126201 -0.0782646 -80.9918 -0.0121782 0.999907 0.0061204 0.354852 0.0783345 -0.00514798 0.996914 47.475 
0.996936 0.0100688 -0.0775748 -81.0688 -0.00941223 0.999917 0.00882458 0.343755 0.0776571 -0.00806734 0.996948 48.3459 
0.996979 0.00979287 -0.0770523 -81.1474 -0.00911155 0.999916 0.00918839 0.333511 0.0771358 -0.00845852 0.996985 49.2183 
0.997028 0.0110327 -0.0762424 -81.2223 -0.0106211 0.999927 0.00580164 0.321746 0.0763008 -0.00497457 0.997072 50.0991 
0.997021 0.0139461 -0.0758564 -81.3061 -0.0139768 0.999902 0.000125502 0.306022 0.0758507 0.000935147 0.997119 50.9636 
0.997098 0.0156789 -0.0745037 -81.3977 -0.0161291 0.999855 -0.00544499 0.291665 0.0744075 0.0066309 0.997206 51.8165 
0.99707 0.0199724 -0.0738459 -81.4829 -0.020858 0.999719 -0.0112418 0.269937 0.0736006 0.0127491 0.997206 52.6623 
0.997139 0.0199817 -0.0729011 -81.5597 -0.0209163 0.999708 -0.0120796 0.247504 0.0726384 0.0135699 0.997266 53.5136 
0.997194 0.0169554 -0.072919 -81.6326 -0.0174469 0.999829 -0.00610885 0.231863 0.0728029 0.00736396 0.997319 54.3719 
0.997155 0.0162262 -0.0736093 -81.7089 -0.016044 0.999867 0.0030651 0.212328 0.0736492 -0.00187535 0.997282 55.2294 
0.997084 0.0157848 -0.0746641 -81.7887 -0.0150186 0.999829 0.0108121 0.192785 0.0748219 -0.00965915 0.99715 56.098 
0.996954 0.0137684 -0.0767631 -81.8724 -0.0131415 0.999876 0.00866546 0.182383 0.0768729 -0.00763024 0.997012 56.9402 
0.996866 0.00916671 -0.0785701 -81.9482 -0.00878692 0.999948 0.00517754 0.174179 0.0786135 -0.00447088 0.996895 57.7752 
0.996706 0.00745997 -0.0807556 -82.0342 -0.00718712 0.999967 0.00366836 0.162409 0.0807803 -0.00307583 0.996727 58.603 
0.996458 0.0094949 -0.0835544 -82.1217 -0.00943048 0.999955 0.00116511 0.148524 0.0835617 -0.000372977 0.996503 59.4332 
0.99617 0.0109841 -0.0867414 -82.2146 -0.0112051 0.999935 -0.00206152 0.132914 0.0867131 0.00302562 0.996229 60.2549 
0.99582 0.0115736 -0.0905997 -82.3059 -0.0121241 0.999911 -0.0055288 0.117867 0.0905277 0.00660417 0.995872 61.0699 
0.995501 0.0138473 -0.0937316 -82.4036 -0.0147927 0.999846 -0.00939984 0.0980774 0.093587 0.0107441 0.995553 61.8777 
0.99515 0.0180867 -0.0966876 -82.511 -0.0190947 0.999772 -0.00951068 0.076339 0.0964936 0.0113108 0.995269 62.6845 
0.994752 0.0215908 -0.100008 -82.6179 -0.0225104 0.999714 -0.00807608 0.0628685 0.099805 0.010285 0.994954 63.4879 
0.994273 0.0247359 -0.103971 -82.7216 -0.0250711 0.999684 -0.00191875 0.0410862 0.10389 0.00451447 0.994579 64.2897 
0.993827 0.0253772 -0.107998 -82.8302 -0.0251459 0.999678 0.00350261 0.0254751 0.108052 -0.000765244 0.994145 65.0813 
0.993298 0.0244622 -0.11296 -82.9362 -0.0238054 0.999691 0.00715909 0.0124607 0.1131 -0.004422 0.993574 65.8726 
0.992593 0.0245956 -0.118973 -83.0538 -0.0237958 0.999684 0.00813771 0.00522447 0.119135 -0.00524633 0.992864 66.6538 
0.991974 0.0226084 -0.124405 -83.1724 -0.0213146 0.999704 0.0117207 -0.00039112 0.124633 -0.00897498 0.992162 67.4276 
0.991136 0.0237262 -0.130715 -83.2947 -0.0224025 0.999682 0.0115873 -0.00951707 0.130948 -0.00855619 0.991352 68.2011 
0.990234 0.0280895 -0.136557 -83.4283 -0.0269054 0.999583 0.0105087 -0.0171661 0.136796 -0.00673189 0.990576 68.9678 
0.989278 0.0300738 -0.142916 -83.5572 -0.029405 0.999545 0.00678958 -0.0245819 0.143055 -0.00251429 0.989712 69.7352 
0.988441 0.0285535 -0.148896 -83.6914 -0.0282802 0.999592 0.00395257 -0.0272236 0.148948 0.000303977 0.988845 70.5095 
0.987587 0.0297781 -0.154222 -83.8296 -0.0297379 0.999554 0.00256828 -0.0348331 0.15423 0.00204988 0.988033 71.2759 
0.986797 0.031304 -0.15891 -83.9693 -0.0304876 0.999506 0.00757352 -0.0399875 0.159068 -0.00262871 0.987264 72.0483 
0.985817 0.0320055 -0.164744 -84.1212 -0.0305227 0.999468 0.0115242 -0.0416829 0.165025 -0.00633231 0.986269 72.7949 
0.984811 0.0308919 -0.170861 -84.2714 -0.0289741 0.999486 0.0137073 -0.0502725 0.171197 -0.00854852 0.9852 73.5491 
0.983625 0.0287371 -0.17792 -84.4252 -0.0273994 0.999575 0.00997134 -0.0560505 0.178131 -0.0049331 0.983994 74.2933 
0.982159 0.0269308 -0.186115 -84.5833 -0.0268693 0.999635 0.002853 -0.0600987 0.186124 0.00219873 0.982524 75.033 
0.980516 0.0250341 -0.19484 -84.7552 -0.0252952 0.999679 0.00114807 -0.0700814 0.194806 0.00380285 0.980834 75.7767 
0.978302 0.0244305 -0.20574 -84.927 -0.0241048 0.999701 0.00408938 -0.079672 0.205778 0.000958717 0.978598 76.5151 
0.975928 0.0241944 -0.216745 -85.1067 -0.0225295 0.999695 0.0101493 -0.0833752 0.216924 -0.00502179 0.976176 77.2497 
0.973268 0.0258131 -0.228216 -85.3084 -0.0223312 0.999592 0.0178265 -0.0872611 0.228583 -0.0122535 0.973447 77.9831 
0.970574 0.0263749 -0.239353 -85.5102 -0.0219366 0.999535 0.0211885 -0.0918325 0.2398 -0.0153144 0.970701 78.7137 
0.967665 0.0297383 -0.250482 -85.7265 -0.0264297 0.999513 0.0165631 -0.0957547 0.250852 -0.00940732 0.96798 79.428 
0.964504 0.0286216 -0.262513 -85.9416 -0.027646 0.99959 0.00740965 -0.0973101 0.262618 0.000110865 0.9649 80.1284 
0.961112 0.0263982 -0.274893 -86.1638 -0.0267312 0.999639 0.00253531 -0.0977621 0.274861 0.00491156 0.961471 80.8315 
0.957623 0.0246772 -0.286967 -86.3954 -0.0235206 0.999695 0.00747728 -0.101693 0.287064 -0.000410723 0.957911 81.5477 
0.954074 0.0258857 -0.29845 -86.6378 -0.0224781 0.999637 0.0148451 -0.106189 0.298726 -0.00745474 0.95431 82.2694 
0.950442 0.0262109 -0.309795 -86.8979 -0.0211349 0.999582 0.0197306 -0.100852 0.310183 -0.0122052 0.950599 82.989 
0.946164 0.0234369 -0.322838 -87.1541 -0.01872 0.999668 0.0177082 -0.100821 0.323146 -0.0107113 0.946289 83.6958 
0.942284 0.0215216 -0.334124 -87.4207 -0.0181164 0.999747 0.0133045 -0.103926 0.334326 -0.00648347 0.942435 84.3954 
0.939133 0.0169326 -0.343136 -87.6939 -0.015572 0.999856 0.00672017 -0.116383 0.343201 -0.000967778 0.939262 85.0915 
0.936273 0.0126724 -0.351044 -87.9692 -0.0132755 0.999912 0.000688673 -0.120781 0.351022 0.00401553 0.936359 85.7896 
0.933555 0.0124499 -0.358217 -88.2581 -0.0139146 0.999902 -0.00151164 -0.12401 0.358163 0.00639571 0.933637 86.4847 
0.930482 0.0172722 -0.36593 -88.5602 -0.0191663 0.999815 -0.00154399 -0.13814 0.365835 0.00845023 0.930641 87.1793 
0.927268 0.0173486 -0.373997 -88.8566 -0.0183149 0.999832 0.000970387 -0.152591 0.373951 0.00594995 0.927429 87.8818 
0.923919 0.0178656 -0.382172 -89.1617 -0.0162554 0.99984 0.00744184 -0.157176 0.382244 -0.000663268 0.924061 88.5891 
0.921185 0.0197454 -0.388623 -89.48 -0.0148452 0.999768 0.015608 -0.159809 0.388841 -0.00860859 0.921265 89.2994 
0.918493 0.0295741 -0.394331 -89.8094 -0.0225607 0.999494 0.0224109 -0.168295 0.394794 -0.0116878 0.918695 89.9951 
0.915825 0.0360125 -0.39996 -90.1422 -0.0309258 0.999338 0.0191671 -0.169101 0.400386 -0.00518454 0.916332 90.6761 
0.913378 0.0323695 -0.405823 -90.4631 -0.0302722 0.999475 0.0115876 -0.166615 0.405985 0.00170137 0.913878 91.3617 
0.911418 0.0248681 -0.41073 -90.7845 -0.0254258 0.999668 0.00410546 -0.167261 0.410695 0.0067014 0.911748 92.0517 
0.909722 0.0256869 -0.414424 -91.1226 -0.0266625 0.999639 0.00343149 -0.1707 0.414362 0.00792792 0.910078 92.7436 
0.907442 0.0312616 -0.419014 -91.4686 -0.0305318 0.999498 0.00844854 -0.176447 0.419067 0.00512674 0.907941 93.4332 
0.90486 0.0334711 -0.424392 -91.814 -0.0309507 0.999439 0.012833 -0.184664 0.424583 0.00152321 0.905388 94.1306 
0.90255 0.0297524 -0.429557 -92.1557 -0.0278435 0.999555 0.0107296 -0.190385 0.429685 0.0022764 0.902976 94.8242 
0.900097 0.0277198 -0.434808 -92.5063 -0.0287494 0.999578 0.00421073 -0.196134 0.434741 0.00871043 0.900514 95.5126 
0.89787 0.0248009 -0.439561 -92.8607 -0.0287842 0.999583 -0.00239781 -0.201672 0.439318 0.0148054 0.89821 96.1983 
0.895488 0.0254539 -0.444357 -93.2231 -0.0303143 0.999533 -0.003835 -0.210429 0.444052 0.0169046 0.895842 96.8865 
0.89332 0.0283719 -0.448526 -93.5871 -0.0314929 0.999504 0.000500625 -0.225857 0.448317 0.0136782 0.89377 97.5774 
0.891054 0.0299572 -0.452909 -93.9557 -0.0322443 0.999476 0.00267177 -0.238149 0.452752 0.0122231 0.891553 98.2669 
0.888667 0.0312527 -0.457486 -94.3302 -0.0334389 0.999435 0.00332036 -0.246568 0.457332 0.0123472 0.889211 98.9502 
0.886317 0.028958 -0.462173 -94.6914 -0.0314049 0.999504 0.00239929 -0.25793 0.462013 0.012388 0.886787 99.6228 
0.884246 0.0273371 -0.46622 -95.0629 -0.0298243 0.999553 0.00204374 -0.271356 0.466068 0.0120976 0.884666 100.294 
0.881956 0.0269038 -0.470563 -95.4323 -0.0292369 0.99957 0.00235146 -0.277376 0.470424 0.011684 0.882363 100.958 
0.879496 0.0281834 -0.475072 -95.8094 -0.0304373 0.999532 0.0029485 -0.290464 0.474933 0.0118668 0.879942 101.616 
0.877103 0.0284987 -0.479456 -96.1876 -0.0307933 0.999521 0.00307873 -0.305343 0.479314 0.0120637 0.877561 102.278 
0.874438 0.0255381 -0.484465 -96.5583 -0.0297345 0.999557 -0.000978936 -0.318103 0.484225 0.0152614 0.87481 102.931 
0.872175 0.0225158 -0.488676 -96.934 -0.0287009 0.999575 -0.00516921 -0.335302 0.488351 0.018534 0.87245 103.577 
0.869997 0.0209942 -0.49261 -97.3079 -0.028488 0.999564 -0.00771274 -0.348221 0.492233 0.0207436 0.870216 104.21 
0.867942 0.0224873 -0.496157 -97.6857 -0.0283792 0.999588 -0.00434023 -0.357062 0.495855 0.0178476 0.868222 104.846 
0.865995 0.0264895 -0.49935 -98.0658 -0.0279353 0.999599 0.00458009 -0.368485 0.499271 0.0099832 0.866388 105.477 
0.864221 0.0284479 -0.502308 -98.4366 -0.024779 0.999595 0.0139791 -0.380616 0.502502 0.000365756 0.864576 106.114 
0.863091 0.0284035 -0.504248 -98.8113 -0.0219943 0.999584 0.0186586 -0.387058 0.504569 -0.00501345 0.863357 106.709 
0.861235 0.0252219 -0.507581 -99.1704 -0.0185 0.999662 0.0182839 -0.390387 0.507871 -0.00635644 0.86141 107.312 
0.859632 0.0233782 -0.510379 -99.5319 -0.0186809 0.999723 0.0143285 -0.387599 0.510572 -0.00278282 0.85983 107.889 
0.857864 0.0214624 -0.513429 -99.88 -0.0180121 0.999769 0.011697 -0.391103 0.513562 -0.000786474 0.858052 108.449 
0.856304 0.0196359 -0.516099 -100.222 -0.0167241 0.999807 0.010291 -0.392478 0.516201 -0.000180917 0.856467 108.998 
0.855153 0.0180178 -0.518063 -100.563 -0.0151752 0.999838 0.00972415 -0.394777 0.518154 -0.000453884 0.855288 109.534 
0.853618 0.0184693 -0.520573 -100.889 -0.0151847 0.999829 0.0105732 -0.398486 0.520679 -0.00112065 0.853752 110.052 
0.852307 0.0179968 -0.522731 -101.204 -0.0138736 0.999834 0.011802 -0.403426 0.522857 -0.00280669 0.852416 110.549 
0.850702 0.0166315 -0.525386 -101.505 -0.012066 0.999854 0.0121138 -0.403987 0.52551 -0.0039659 0.850778 111.03 
0.849631 0.0150638 -0.527162 -101.804 -0.00986448 0.999871 0.0126729 -0.417173 0.527285 -0.00556707 0.84967 111.481 
0.848364 0.013862 -0.529233 -102.084 -0.00913266 0.999892 0.0115501 -0.420242 0.529335 -0.00496531 0.848398 111.917 
0.846787 0.0134075 -0.531763 -102.353 -0.0109239 0.99991 0.0078156 -0.424423 0.53182 -0.000809178 0.846857 112.331 
0.845583 0.0107771 -0.533734 -102.627 -0.0104516 0.999939 0.00363233 -0.427194 0.533741 0.00250698 0.845644 112.723 
0.843435 0.00678781 -0.537188 -102.885 -0.00743232 0.999972 0.000965971 -0.425058 0.537179 0.00317787 0.843462 113.106 
0.840782 0.00229661 -0.541369 -103.127 -0.00228888 0.999997 0.000687392 -0.418182 0.541369 0.000661229 0.840785 113.472 
0.83723 0.00332409 -0.54684 -103.364 -0.00250568 0.999994 0.00224236 -0.424499 0.546845 -0.00050712 0.837234 113.825 
0.833333 0.00709599 -0.552726 -103.598 -0.00577237 0.999975 0.00413492 -0.432511 0.552742 -0.000255173 0.833353 114.154 
0.829496 0.0128854 -0.558365 -103.819 -0.00982332 0.999916 0.00848174 -0.436251 0.558427 -0.00155052 0.829552 114.465 
0.825266 0.0179747 -0.564458 -104.036 -0.0114211 0.99982 0.0151402 -0.436961 0.564628 -0.00604791 0.825323 114.767 
0.820141 0.0199171 -0.571815 -104.228 -0.0106644 0.999752 0.019527 -0.44536 0.572062 -0.00991681 0.82015 115.045 
0.814612 0.0170997 -0.579754 -104.42 -0.00628283 0.999767 0.0206598 -0.447334 0.579972 -0.0131871 0.814529 115.308 
0.807399 0.0144966 -0.589828 -104.594 -0.00243569 0.999772 0.0212379 -0.443698 0.590001 -0.0157108 0.80725 115.548 
0.798486 0.0132566 -0.601868 -104.774 0.000174445 0.999752 0.0222517 -0.44304 0.602014 -0.0178726 0.798286 115.775 
0.7881 0.0138771 -0.615391 -104.952 0.00056192 0.999729 0.0232636 -0.445778 0.615547 -0.0186798 0.787879 115.982 
0.775706 0.0152298 -0.630911 -105.124 -0.00100606 0.999737 0.022896 -0.450233 0.631094 -0.0171258 0.775518 116.17 
0.761926 0.0136943 -0.64752 -105.305 -0.000973348 0.9998 0.0199992 -0.448576 0.647664 -0.0146076 0.761786 116.34 
0.746836 0.011178 -0.664915 -105.469 -0.00182806 0.999889 0.0147559 -0.449034 0.665006 -0.0098047 0.746774 116.499 
0.731645 0.00771727 -0.681643 -105.632 -0.00151106 0.999952 0.00969909 -0.455073 0.681684 -0.00606624 0.731621 116.65 
0.716071 0.00766216 -0.697986 -105.8 -0.00559882 0.999971 0.0052333 -0.450159 0.698005 0.000160537 0.716093 116.791 
0.699866 0.0105527 -0.714196 -105.972 -0.0127157 0.999917 0.00231381 -0.441937 0.714161 0.00746219 0.699942 116.925 
0.682186 0.0121961 -0.731077 -106.144 -0.0153622 0.999879 0.00234551 -0.439472 0.731017 0.00963094 0.682291 117.059 
0.663077 0.0106969 -0.748475 -106.318 -0.0126032 0.999916 0.00312511 -0.430604 0.748445 0.00736101 0.663156 117.197 
0.642558 0.00992026 -0.766173 -106.491 -0.00979395 0.999941 0.00473324 -0.428841 0.766175 0.00446253 0.642617 117.328 
0.620384 0.0114761 -0.784214 -106.683 -0.00964073 0.999929 0.00700615 -0.426802 0.784239 0.00321394 0.620451 117.444 
0.59627 0.0151527 -0.802641 -106.879 -0.013518 0.99987 0.00883374 -0.409172 0.80267 0.00558284 0.596397 117.553 
0.571445 0.0193623 -0.820412 -107.074 -0.015909 0.999795 0.0125147 -0.409037 0.820486 0.00590057 0.571636 117.656 
0.545987 0.0226968 -0.837486 -107.276 -0.0176905 0.999722 0.0155605 -0.411238 0.837607 0.00631978 0.546237 117.749 
0.519889 0.0250938 -0.853865 -107.48 -0.0209385 0.999643 0.0166293 -0.400575 0.853977 0.00923336 0.520228 117.836 
0.492839 0.0291394 -0.869632 -107.685 -0.0251406 0.999499 0.0192432 -0.396175 0.869757 0.0123793 0.493325 117.918 
0.465468 0.0318194 -0.884493 -107.9 -0.027276 0.999395 0.0215989 -0.393471 0.884644 0.0140719 0.466054 117.983 
0.436157 0.0317486 -0.899311 -108.091 -0.0262432 0.999401 0.0225544 -0.400639 0.899488 0.0137636 0.436729 118.042 
0.404469 0.0280904 -0.91412 -108.316 -0.0263882 0.999471 0.0190373 -0.393014 0.914171 0.016422 0.404996 118.1 
0.369879 0.0232657 -0.928789 -108.558 -0.0262579 0.999549 0.0145813 -0.381134 0.928709 0.0189948 0.370323 118.162 
0.330435 0.0209783 -0.943596 -108.819 -0.0260428 0.999575 0.013103 -0.375886 0.94347 0.0202442 0.33084 118.22 
0.288716 0.0199057 -0.957208 -109.105 -0.0255393 0.999588 0.0130838 -0.368531 0.957074 0.020669 0.289106 118.272 
0.244947 0.018033 -0.969369 -109.403 -0.0250732 0.99961 0.0122599 -0.361535 0.969212 0.0213022 0.245304 118.31 
0.198027 0.0155343 -0.980073 -109.719 -0.0241012 0.999649 0.0109748 -0.353968 0.9799 0.0214477 0.198332 118.332 
0.149295 0.0131404 -0.988705 -110.046 -0.0232691 0.999682 0.00977267 -0.342113 0.988519 0.0215473 0.149553 118.335 
0.0996049 0.0126575 -0.994947 -110.385 -0.0231938 0.999677 0.0103957 -0.334921 0.994757 0.0220412 0.0998662 118.318 
0.0479161 0.0143257 -0.998749 -110.739 -0.0218929 0.999672 0.0132886 -0.333681 0.998611 0.0212288 0.048214 118.288 
-0.0051678 0.0169922 -0.999842 -111.107 -0.0185567 0.999682 0.0170854 -0.331004 0.999814 0.0186421 -0.00485084 118.245 
-0.058553 0.0188929 -0.998106 -111.487 -0.0148152 0.999694 0.0197921 -0.325807 0.998174 0.0159461 -0.0582552 118.18 
-0.112164 0.0205371 -0.993478 -111.871 -0.0107996 0.999702 0.0218851 -0.317631 0.993631 0.0131839 -0.111909 118.099 
-0.164892 0.0218068 -0.986071 -112.276 -0.00805863 0.999692 0.0234556 -0.302863 0.986279 0.0118141 -0.164665 117.985 
-0.2162 0.0238036 -0.976059 -112.693 -0.00567226 0.999655 0.0256354 -0.300103 0.976333 0.0110789 -0.215991 117.848 
-0.265791 0.0250262 -0.963706 -113.117 -0.00230991 0.999644 0.0265965 -0.286905 0.964028 0.00929524 -0.265639 117.693 
-0.314051 0.0265246 -0.949035 -113.545 0.00246755 0.999629 0.0271221 -0.274345 0.949403 0.00617599 -0.314 117.514 
-0.360403 0.0278909 -0.93238 -113.971 0.00725849 0.999607 0.0270962 -0.263548 0.932769 0.00299792 -0.360463 117.308 
-0.404427 0.030428 -0.914064 -114.409 0.0124908 0.999537 0.0277468 -0.261887 0.914485 -0.000195819 -0.40462 117.073 
