1 2.12261e-08 -2.11895e-08 -3.73573e-15 2.12261e-08 1 2.10703e-08 0 -2.11895e-08 2.10703e-08 1 -1.71529e-14 
0.999996 0.00276339 0.000560979 -0.0306912 -0.00276429 0.999995 0.00168967 -0.0244823 -0.000556349 -0.00169118 0.999998 0.742451 
0.999986 0.00529516 0.000568177 -0.0499021 -0.00529638 0.999984 0.00223296 -0.0417606 -0.000556386 -0.00223589 0.999997 1.49708 
0.999976 0.00678522 0.00103257 -0.0679247 -0.00678745 0.999975 0.00221095 -0.0673677 -0.00101758 -0.00221786 0.999997 2.23519 
0.999964 0.00844112 0.00121388 -0.0912225 -0.00844351 0.999962 0.00201046 -0.0839268 -0.00119691 -0.0020206 0.999997 2.95685 
0.999961 0.00870601 0.00133159 -0.0961429 -0.00870835 0.999961 0.00179498 -0.095908 -0.00131595 -0.00180647 0.999998 3.67412 
0.99996 0.00883799 0.00143046 -0.107638 -0.00884202 0.999957 0.00286961 -0.111681 -0.00140508 -0.0028821 0.999995 4.36963 
0.999958 0.00904652 0.00175999 -0.115552 -0.00905652 0.999942 0.00578824 -0.127245 -0.00170757 -0.0058039 0.999982 5.0525 
0.999956 0.00903363 0.00261877 -0.116384 -0.00905847 0.999912 0.00965104 -0.134058 -0.0025314 -0.00967429 0.99995 5.72179 
0.99996 0.00812673 0.00384292 -0.120883 -0.0081759 0.999883 0.0129697 -0.141056 -0.00373711 -0.0130006 0.999909 6.37142 
0.999964 0.00707231 0.0045991 -0.122848 -0.0071413 0.999859 0.0151722 -0.146863 -0.00449119 -0.0152045 0.999874 6.99548 
0.999955 0.00757076 0.00563998 -0.127677 -0.00765566 0.999855 0.0151951 -0.156237 -0.00552417 -0.0152376 0.999869 7.58756 
0.999945 0.00813453 0.00663737 -0.13503 -0.00821768 0.999887 0.0126037 -0.163837 -0.00653414 -0.0126575 0.999899 8.14112 
0.999942 0.00826855 0.00697489 -0.126934 -0.00833678 0.999917 0.00981726 -0.168828 -0.00689318 -0.00987479 0.999928 8.68093 
0.999943 0.0064167 0.00857718 -0.127706 -0.00648939 0.999943 0.00847897 -0.173651 -0.00852233 -0.0085341 0.999927 9.19272 
0.999946 0.00221103 0.0101789 -0.123293 -0.00227431 0.999978 0.00621372 -0.183144 -0.010165 -0.00623649 0.999929 9.66809 
0.99993 0.000931709 0.0118061 -0.112576 -0.000991422 0.999987 0.00505658 -0.187291 -0.0118012 -0.00506789 0.999918 10.129 
0.99989 0.00509556 0.0139013 -0.115096 -0.00513572 0.999983 0.00285735 -0.194624 -0.0138865 -0.00292839 0.999899 10.5434 
0.999811 0.00958108 0.0169269 -0.121494 -0.00961557 0.999952 0.00195996 -0.203151 -0.0169073 -0.00212231 0.999855 10.932 
0.999739 0.0102348 0.0204123 -0.121546 -0.0102957 0.999943 0.00288392 -0.207145 -0.0203816 -0.00309328 0.999788 11.2874 
0.999707 0.00604416 0.0234575 -0.111761 -0.00612328 0.999976 0.0033041 -0.209776 -0.023437 -0.00344672 0.999719 11.608 
0.999662 0.00129608 0.0259568 -0.0983696 -0.00137768 0.999994 0.00312761 -0.212244 -0.0259526 -0.00316227 0.999658 11.8942 
0.999601 -0.00231719 0.0281649 -0.0851422 0.00219263 0.999988 0.00445425 -0.217086 -0.0281749 -0.00439067 0.999593 12.1631 
0.999524 -0.00266024 0.0307308 -0.0810796 0.00249057 0.999981 0.00555952 -0.222856 -0.030745 -0.0054803 0.999512 12.3944 
0.999452 -0.00169279 0.0330472 -0.0801551 0.00154108 0.999988 0.00461693 -0.227793 -0.0330546 -0.00456343 0.999443 12.5949 
0.999382 -0.000859502 0.0351424 -0.0758685 0.000748294 0.999995 0.00317877 -0.232033 -0.0351449 -0.00315046 0.999377 12.783 
0.999288 0.00134223 0.0377074 -0.0719731 -0.0014339 0.999996 0.00240508 -0.237993 -0.0377041 -0.0024574 0.999286 12.9592 
0.999226 0.00402728 0.0391389 -0.0661442 -0.00410657 0.99999 0.00194683 -0.244489 -0.0391307 -0.00210601 0.999232 13.1376 
0.999176 0.00514417 0.0402719 -0.0591161 -0.00518027 0.999986 0.000793111 -0.252066 -0.0402674 -0.00100104 0.999188 13.2915 
0.999097 0.00438304 0.0422614 -0.0532244 -0.00435014 0.99999 -0.000869491 -0.25785 -0.0422649 0.000684904 0.999106 13.4411 
0.99903 0.00258426 0.0439615 -0.051046 -0.00248663 0.999994 -0.0022742 -0.260452 -0.0439672 0.00216272 0.999031 13.583 
0.998989 0.00183092 0.0449168 -0.0425764 -0.0016873 0.999993 -0.0032341 -0.263101 -0.0449225 0.00315508 0.998986 13.7214 
0.998909 0.00245747 0.0466314 -0.0430113 -0.00223499 0.999986 -0.00482168 -0.263008 -0.0466426 0.00471224 0.998901 13.8524 
0.99885 0.0031283 0.0478532 -0.0402846 -0.00281867 0.999975 -0.0065356 -0.271352 -0.0478725 0.00639324 0.998833 13.9701 
0.99881 0.00341195 0.0486551 -0.0358181 -0.002986 0.999957 -0.0088236 -0.272939 -0.0486831 0.00866786 0.998777 14.0966 
0.998781 0.00273928 0.0492858 -0.0268367 -0.00219181 0.999935 -0.0111578 -0.27363 -0.0493132 0.0110362 0.998722 14.2201 
0.998803 0.00169608 0.0488799 -0.0208882 -0.00106253 0.999915 -0.0129836 -0.27755 -0.0488979 0.0129162 0.99872 14.3463 
0.998916 0.00105801 0.0465438 -0.0141973 -0.000400782 0.9999 -0.0141268 -0.282109 -0.0465541 0.0140928 0.998816 14.4754 
0.999047 0.00095624 0.0436447 -0.0146647 -0.000309222 0.99989 -0.014828 -0.288997 -0.0436542 0.0148004 0.998937 14.6039 
0.99921 0.00119246 0.0397277 -0.0202183 -0.000569807 0.999877 -0.0156795 -0.296298 -0.0397416 0.0156445 0.999088 14.7252 
0.999425 0.00126088 0.0338972 -0.0245763 -0.000694569 0.99986 -0.016712 -0.30014 -0.0339135 0.0166789 0.999286 14.8505 
0.999625 0.000951353 0.0273545 -0.0315906 -0.00048063 0.999852 -0.0172081 -0.306931 -0.0273669 0.0171885 0.999478 14.9729 
0.999794 0.0010033 0.0202725 -0.0374465 -0.000636288 0.999836 -0.0181003 -0.307607 -0.0202873 0.0180838 0.999631 15.1051 
0.999928 0.00079432 0.0119977 -0.0446944 -0.00056486 0.999817 -0.0191131 -0.311403 -0.0120107 0.019105 0.999745 15.2358 
0.999998 -0.000425394 0.00187168 -0.055146 0.000463202 0.999795 -0.0202234 -0.315331 -0.00186273 0.0202243 0.999794 15.3736 
0.999939 -0.0020173 -0.0109058 -0.071594 0.00177849 0.999759 -0.0218663 -0.318503 0.0109473 0.0218456 0.999701 15.5162 
0.999619 -0.00280498 -0.0274538 -0.0897779 0.00215409 0.999717 -0.0237112 -0.323647 0.0275124 0.0236431 0.999342 15.6797 
0.998912 -0.00229129 -0.0465708 -0.120562 0.00114071 0.999694 -0.0247186 -0.328166 0.0466131 0.0246387 0.998609 15.857 
0.99767 -0.00147974 -0.0682096 -0.161469 -0.00018938 0.999701 -0.024458 -0.332108 0.0682254 0.024414 0.997371 16.0509 
0.995764 -0.000829159 -0.0919415 -0.207292 -0.00128454 0.999736 -0.0229285 -0.338309 0.0919362 0.0229496 0.9955 16.2634 
0.992929 0.000100526 -0.118707 -0.265376 -0.00268115 0.999764 -0.0215803 -0.344009 0.118676 0.0217461 0.992695 16.496 
0.988843 0.000911912 -0.148958 -0.339474 -0.00388502 0.999799 -0.0196699 -0.34772 0.14891 0.0200292 0.988648 16.7466 
0.983312 0.000911027 -0.181925 -0.424662 -0.00397998 0.999856 -0.0165052 -0.349484 0.181884 0.0169538 0.983174 17.0066 
0.975716 0.00182878 -0.219032 -0.51785 -0.00470442 0.999909 -0.0126082 -0.351529 0.218989 0.0133325 0.975636 17.2797 
0.965863 0.00346319 -0.259031 -0.628968 -0.0055315 0.999958 -0.00725648 -0.356922 0.258995 0.00844164 0.965842 17.5559 
0.953616 0.00763486 -0.30093 -0.753798 -0.00868761 0.99996 -0.00216037 -0.368991 0.300902 0.00467458 0.953644 17.8381 
0.93908 0.0110091 -0.343522 -0.905575 -0.0109691 0.999938 0.00205967 -0.370632 0.343523 0.00183399 0.939142 18.142 
0.921808 0.0134861 -0.387412 -1.06822 -0.0113612 0.999905 0.00777444 -0.375422 0.38748 -0.00276503 0.921874 18.4424 
0.901934 0.0164451 -0.431561 -1.24754 -0.0110478 0.999826 0.0150103 -0.374561 0.431733 -0.00877045 0.901959 18.7494 
0.879317 0.0205873 -0.475792 -1.44466 -0.0118237 0.999701 0.021405 -0.374814 0.47609 -0.0131961 0.879297 19.0518 
0.85357 0.0255949 -0.520348 -1.66918 -0.0141434 0.999563 0.0259659 -0.376536 0.520785 -0.0148042 0.853559 19.3544 
0.824711 0.0285524 -0.564833 -1.91467 -0.0148538 0.999474 0.0288356 -0.370913 0.565359 -0.0153911 0.824701 19.65 
0.792849 0.0321166 -0.608571 -2.17843 -0.0170824 0.999389 0.0304865 -0.366092 0.609179 -0.0137753 0.792913 19.9373 
0.757887 0.0344681 -0.651475 -2.46821 -0.0171289 0.99931 0.0329445 -0.356238 0.652161 -0.0138091 0.757955 20.2273 
0.71975 0.0378816 -0.693199 -2.79048 -0.0175262 0.999183 0.0364055 -0.340775 0.694012 -0.0140536 0.719826 20.5134 
0.679532 0.0388778 -0.732616 -3.14119 -0.0149405 0.999121 0.0391626 -0.326297 0.733494 -0.0156666 0.679515 20.7992 
0.637892 0.0384403 -0.769166 -3.51412 -0.0114612 0.999117 0.0404273 -0.315663 0.77004 -0.0169727 0.63777 21.063 
0.594329 0.0374686 -0.803349 -3.92048 -0.00633492 0.999101 0.0419119 -0.299571 0.804197 -0.0198202 0.594032 21.3246 
0.548977 0.0376325 -0.83499 -4.33936 -0.00142762 0.999027 0.0440869 -0.285484 0.835836 -0.0230106 0.548497 21.5605 
0.501921 0.0389135 -0.864037 -4.78833 7.04711e-05 0.998986 0.045032 -0.264549 0.864913 -0.0226634 0.50141 21.7708 
0.45198 0.0385307 -0.891196 -5.26545 0.00185343 0.999024 0.0441326 -0.247821 0.892026 -0.0215988 0.451467 21.9635 
0.399447 0.0375544 -0.915987 -5.75549 0.00672116 0.999014 0.0438894 -0.228645 0.916732 -0.0236879 0.3988 22.1326 
0.345484 0.036867 -0.9377 -6.27701 0.0118729 0.998976 0.0436506 -0.209624 0.93835 -0.0262138 0.344692 22.2868 
0.290926 0.0359421 -0.95607 -6.82639 0.0142463 0.999021 0.0418918 -0.186041 0.95664 -0.0258078 0.290129 22.4163 
0.23705 0.0413044 -0.970619 -7.39824 0.0150501 0.99882 0.0461801 -0.155413 0.971381 -0.0255549 0.236148 22.5159 
0.185627 0.0460321 -0.981541 -7.99869 0.016824 0.998607 0.0500142 -0.126797 0.982476 -0.0257974 0.184594 22.5844 
0.137093 0.0477884 -0.989405 -8.61564 0.0226586 0.998423 0.0513636 -0.106977 0.990299 -0.0294601 0.135794 22.6388 
0.092648 0.0489621 -0.994494 -9.24718 0.0246459 0.998372 0.051449 -0.0860781 0.995394 -0.0292769 0.0912904 22.664 
0.0522647 0.0467772 -0.997537 -9.89446 0.023912 0.998557 0.0480779 -0.0598324 0.998347 -0.0263659 0.0510708 22.6637 
0.0167765 0.0422979 -0.998964 -10.5565 0.0211654 0.998866 0.0426492 -0.0284845 0.999635 -0.021859 0.0158623 22.6347 
-0.0116592 0.0417869 -0.999059 -11.2462 0.0185812 0.998963 0.0415661 0.00665107 0.999759 -0.018079 -0.0124236 22.5961 
-0.0327841 0.0461225 -0.998398 -11.9553 0.0176566 0.998806 0.0455615 0.0256587 0.999307 -0.0161346 -0.0335593 22.545 
-0.0457866 0.0519076 -0.997602 -12.6823 0.0191529 0.998511 0.0510759 0.0565087 0.998768 -0.0167684 -0.0467126 22.4929 
-0.0536523 0.0547861 -0.997056 -13.4167 0.018242 0.998381 0.0538773 0.0808406 0.998393 -0.0152976 -0.0545648 22.4308 
-0.0576319 0.051972 -0.996984 -14.1908 0.0195951 0.998511 0.0509189 0.10515 0.998146 -0.0166014 -0.0585645 22.3734 
-0.0571518 0.0482449 -0.997199 -14.9736 0.0271913 0.998536 0.0467512 0.136122 0.997995 -0.0244432 -0.05838 22.328 
-0.0531189 0.0470491 -0.997479 -15.7765 0.039176 0.998219 0.0449977 0.17123 0.997819 -0.036687 -0.0548675 22.2918 
-0.0478159 0.0469961 -0.99775 -16.6225 0.0401395 0.998176 0.0450925 0.205571 0.998049 -0.037893 -0.0496151 22.2473 
-0.0426324 0.04554 -0.998052 -17.464 0.0382125 0.998304 0.0439192 0.228 0.99836 -0.0362657 -0.0443003 22.1945 
-0.0393806 0.0389136 -0.998466 -18.3388 0.0417644 0.998432 0.037265 0.268495 0.998351 -0.0402328 -0.040944 22.1561 
-0.0372323 0.0282886 -0.998906 -19.2042 0.0394362 0.998862 0.0268174 0.287063 0.998528 -0.0383945 -0.0383055 22.1096 
-0.0368833 0.0197297 -0.999125 -20.1009 0.0318765 0.99932 0.0185568 0.303905 0.998811 -0.0311641 -0.0374871 22.0511 
-0.0379657 0.0169131 -0.999136 -21.0356 0.026601 0.99952 0.0159088 0.318112 0.998925 -0.025974 -0.0383974 21.9859 
-0.041589 0.022632 -0.998878 -21.9867 0.0173457 0.999609 0.0219264 0.329863 0.998984 -0.0164143 -0.0419653 21.9113 
-0.0464009 0.030624 -0.998453 -22.9819 0.0125945 0.999468 0.0300698 0.34743 0.998844 -0.0111797 -0.0467619 21.8337 
-0.0513451 0.0401096 -0.997875 -24.0064 0.0111899 0.999154 0.0395852 0.37626 0.998618 -0.0091336 -0.0517504 21.7635 
-0.0529869 0.0502143 -0.997332 -25.0169 0.00962113 0.998714 0.0497727 0.40974 0.998549 -0.00695812 -0.0534018 21.6888 
-0.0543198 0.0581118 -0.996831 -26.0374 0.0118896 0.998272 0.0575479 0.447963 0.998453 -0.00872589 -0.0549169 21.6191 
-0.055844 0.0587093 -0.996712 -27.0571 0.0133432 0.998224 0.0580508 0.496528 0.99835 -0.0100575 -0.0565282 21.5413 
-0.057314 0.056033 -0.996783 -28.0841 0.0122182 0.998388 0.0554207 0.539191 0.998281 -0.00900251 -0.0579063 21.4564 
-0.0601573 0.0511861 -0.996876 -29.0985 0.0117288 0.998652 0.0505695 0.577299 0.99812 -0.00864997 -0.0606766 21.3708 
-0.0646652 0.0460216 -0.996845 -30.1208 0.0119145 0.9989 0.0453436 0.611142 0.997836 -0.00894468 -0.0651424 21.2838 
-0.0701568 0.0415605 -0.99667 -31.1365 0.0122363 0.999092 0.0408002 0.642522 0.997461 -0.00933309 -0.0706016 21.1906 
-0.0772486 0.0395884 -0.996226 -32.1809 0.0112682 0.999182 0.0388322 0.672561 0.996948 -0.0082259 -0.0776315 21.0884 
-0.0836407 0.0418565 -0.995617 -33.2432 0.0115041 0.999091 0.0410362 0.709279 0.99643 -0.00802132 -0.0840462 20.9671 
-0.0901224 0.0467757 -0.994832 -34.3175 0.0104232 0.998886 0.0460221 0.742333 0.995876 -0.00622162 -0.0905095 20.846 
-0.0960785 0.0493006 -0.994152 -35.402 0.00745212 0.99878 0.0488099 0.781444 0.995346 -0.00271892 -0.0963287 20.7158 
-0.100447 0.0513345 -0.993617 -36.5004 0.00435599 0.998681 0.0511558 0.827894 0.994933 0.000810317 -0.100539 20.5657 
-0.102906 0.0524452 -0.993308 -37.5778 0.000289213 0.998611 0.0526952 0.867617 0.994691 0.00513543 -0.102778 20.4248 
-0.105058 0.0534295 -0.99303 -38.6546 -0.00388483 0.998526 0.0541362 0.912537 0.994459 0.00954523 -0.104696 20.2905 
-0.10657 0.053122 -0.992885 -39.7466 -0.00501551 0.99853 0.0539623 0.953047 0.994293 0.0107306 -0.106147 20.1458 
-0.108025 0.0519653 -0.992789 -40.8433 -0.00528705 0.998589 0.0528441 1.00497 0.994134 0.0109575 -0.107598 19.997 
-0.10869 0.0512374 -0.992754 -41.9601 -0.00684488 0.998609 0.052289 1.05098 0.994052 0.0124786 -0.108188 19.8427 
-0.108497 0.0503671 -0.99282 -43.0934 -0.00915397 0.998623 0.0516618 1.09594 0.994055 0.0146934 -0.107886 19.6674 
-0.109208 0.0475371 -0.992882 -44.1918 -0.0141137 0.998681 0.0493672 1.14009 0.993919 0.0194046 -0.108393 19.5189 
-0.109216 0.042609 -0.993104 -45.2775 -0.0192066 0.998804 0.0449658 1.17411 0.993833 0.0239852 -0.108267 19.3636 
-0.10884 0.0417926 -0.99318 -46.3744 -0.0208801 0.998799 0.0443172 1.21372 0.99384 0.0255613 -0.107837 19.2273 
-0.107464 0.0460978 -0.99314 -47.4898 -0.0218307 0.998574 0.0487123 1.24953 0.993969 0.0269158 -0.106304 19.0858 
-0.105417 0.048945 -0.993223 -48.6078 -0.0218645 0.998433 0.0515223 1.29083 0.994188 0.0271477 -0.104182 18.939 
-0.104018 0.0489367 -0.993371 -49.724 -0.0200775 0.998482 0.0512909 1.33192 0.994373 0.0252796 -0.102877 18.8049 
-0.101709 0.0482288 -0.993644 -50.8286 -0.0201003 0.998521 0.0505229 1.37125 0.994611 0.0251112 -0.100589 18.6741 
-0.0978824 0.0487435 -0.994004 -51.963 -0.0250094 0.998364 0.05142 1.4145 0.994884 0.0298926 -0.0965032 18.5346 
-0.0925013 0.0495369 -0.99448 -53.0952 -0.0296099 0.998183 0.0524755 1.45665 0.995272 0.0343005 -0.0908665 18.4074 
-0.0868469 0.0493072 -0.995001 -54.2353 -0.0332824 0.998073 0.0523644 1.49814 0.995666 0.0376637 -0.0850385 18.2796 
-0.0813742 0.0483794 -0.995509 -55.3658 -0.0357595 0.998036 0.0514253 1.53919 0.996042 0.0397837 -0.0794844 18.1713 
-0.0755379 0.0476033 -0.996006 -56.4946 -0.0350245 0.998117 0.0503604 1.58065 0.996528 0.0386887 -0.0737284 18.0655 
-0.0704432 0.0476442 -0.996377 -57.645 -0.033655 0.998177 0.0501096 1.61956 0.996948 0.037063 -0.0687113 17.9662 
-0.0654913 0.0484848 -0.996675 -58.7862 -0.0325413 0.998184 0.0506965 1.66072 0.997322 0.0357533 -0.0637946 17.8787 
-0.0598748 0.0503716 -0.996934 -59.9377 -0.0310976 0.998147 0.0523006 1.69855 0.997721 0.0341338 -0.0581974 17.7888 
-0.0542475 0.0517216 -0.997187 -61.0793 -0.0317011 0.998065 0.0534917 1.74224 0.998024 0.0345138 -0.0525029 17.7071 
-0.0493357 0.0511084 -0.997474 -62.2396 -0.0316756 0.998108 0.0527076 1.78708 0.99828 0.034196 -0.0476234 17.6317 
-0.0444167 0.0465467 -0.997928 -63.3905 -0.0313072 0.998359 0.0479602 1.82739 0.998522 0.0333726 -0.0428865 17.5599 
-0.0403099 0.041418 -0.998328 -64.543 -0.0315257 0.99859 0.0427018 1.86502 0.99869 0.0331943 -0.0389473 17.501 
-0.0366678 0.0406304 -0.998501 -65.6927 -0.03171 0.998623 0.0417998 1.9043 0.998824 0.0331952 -0.0353289 17.4413 
-0.0334379 0.0436126 -0.998489 -66.8574 -0.0307548 0.998529 0.0446443 1.92863 0.998968 0.0322012 -0.0320474 17.3798 
-0.0310655 0.0429617 -0.998594 -68.0255 -0.031031 0.998553 0.0439253 1.96725 0.999036 0.032352 -0.0296874 17.3171 
-0.0297779 0.0426842 -0.998645 -69.1883 -0.0331929 0.998495 0.0436675 2.00272 0.999005 0.0344483 -0.0283163 17.2538 
-0.0297089 0.0439588 -0.998592 -70.3676 -0.0340469 0.998408 0.0449637 2.03132 0.998979 0.0353348 -0.028165 17.207 
-0.0285324 0.043597 -0.998642 -71.5386 -0.0354319 0.998377 0.0445977 2.06483 0.998965 0.0366562 -0.0269413 17.1491 
-0.027423 0.0417009 -0.998754 -72.7011 -0.0361627 0.998434 0.0426805 2.0968 0.99897 0.0372881 -0.0258721 17.0912 
-0.0269104 0.0400967 -0.998833 -73.8885 -0.0348305 0.998551 0.0410238 2.13527 0.999031 0.0358939 -0.0254748 17.0424 
-0.0261265 0.0403888 -0.998842 -75.0767 -0.0314076 0.998657 0.0412028 2.16369 0.999165 0.0324477 -0.0248229 16.9934 
-0.0260156 0.0412035 -0.998812 -76.2567 -0.0289625 0.9987 0.0419533 2.19335 0.999242 0.0300196 -0.0247884 16.9462 
-0.0259158 0.0440981 -0.998691 -77.444 -0.0287142 0.998582 0.0448384 2.22376 0.999252 0.0298387 -0.0246128 16.8916 
-0.0253429 0.047736 -0.998538 -78.6322 -0.0309847 0.998342 0.048513 2.25789 0.999199 0.0321689 -0.0238218 16.8372 
-0.0250231 0.0473641 -0.998564 -79.8055 -0.0324644 0.998312 0.0481656 2.29877 0.99916 0.0336231 -0.0234432 16.7889 
-0.0249393 0.0454729 -0.998654 -80.9827 -0.0338636 0.998353 0.0463049 2.33412 0.999115 0.0349729 -0.0233583 16.7388 
-0.0243552 0.0429371 -0.998781 -82.1659 -0.0342616 0.998455 0.0437585 2.37249 0.999116 0.0352857 -0.0228465 16.6889 
-0.0243685 0.0423684 -0.998805 -83.3442 -0.031268 0.99858 0.0431217 2.40031 0.999214 0.0322815 -0.0230091 16.6458 
-0.0243027 0.0439223 -0.998739 -84.5256 -0.0297616 0.99856 0.0446386 2.4325 0.999262 0.030809 -0.0229605 16.5989 
-0.023757 0.0467528 -0.998624 -85.7098 -0.0290488 0.998452 0.0474358 2.46498 0.999296 0.0301358 -0.0223621 16.5458 
-0.0232133 0.0488953 -0.998534 -86.8857 -0.0298025 0.998326 0.0495779 2.50048 0.999286 0.0309098 -0.0217173 16.4971 
-0.0230976 0.0491687 -0.998523 -88.0636 -0.031406 0.998261 0.0498823 2.53828 0.99924 0.0325118 -0.0215132 16.4442 
-0.0229179 0.0471794 -0.998624 -89.2256 -0.0314012 0.998359 0.0478875 2.57163 0.999244 0.0324555 -0.0213988 16.4023 
-0.0222039 0.0457494 -0.998706 -90.4173 -0.0297547 0.99848 0.0464006 2.61181 0.999311 0.0307465 -0.0208088 16.3451 
-0.0226958 0.0472242 -0.998626 -91.5693 -0.0285476 0.998446 0.0478645 2.63434 0.999335 0.0295948 -0.0213124 16.3088 
-0.0222087 0.0499565 -0.998504 -92.7554 -0.0263977 0.998373 0.0505371 2.68194 0.999405 0.0274806 -0.0208538 16.2577 
-0.0227251 0.0523663 -0.998369 -93.9319 -0.0244145 0.9983 0.0529184 2.72117 0.999444 0.0255773 -0.0214079 16.2194 
-0.0222958 0.0542559 -0.998278 -95.1072 -0.0252461 0.998177 0.0548142 2.76523 0.999433 0.0264248 -0.0208854 16.1744 
-0.0219531 0.0561471 -0.998181 -96.2791 -0.0279494 0.997997 0.0567515 2.81233 0.999368 0.0291445 -0.0203398 16.1258 
-0.0218129 0.0553152 -0.998231 -97.438 -0.0299725 0.997983 0.0559565 2.85267 0.999313 0.0311401 -0.020111 16.0791 
-0.0220569 0.051221 -0.998444 -98.6039 -0.0320289 0.998138 0.0519129 2.89811 0.999244 0.0331241 -0.0203753 16.0308 
-0.0218432 0.049631 -0.998529 -99.7541 -0.0334783 0.998171 0.0503455 2.93716 0.999201 0.0345288 -0.0201417 15.9845 
-0.0218855 0.0478687 -0.998614 -100.931 -0.0333522 0.998262 0.0485827 2.9826 0.999204 0.0343692 -0.0202509 15.9473 
-0.0220332 0.0482413 -0.998593 -102.088 -0.0319262 0.998292 0.0489312 3.0232 0.999247 0.0329594 -0.0204554 15.9093 
-0.0221527 0.0505846 -0.998474 -103.246 -0.032097 0.998168 0.0512813 3.06216 0.999239 0.033184 -0.0204885 15.8589 
-0.021967 0.0522555 -0.998392 -104.414 -0.0307258 0.998126 0.0529176 3.11196 0.999286 0.0318389 -0.0203202 15.8111 
-0.0229365 0.0511781 -0.998426 -105.564 -0.0339918 0.998072 0.0519408 3.15539 0.999159 0.0351297 -0.0211527 15.7654 
-0.0234041 0.0521374 -0.998366 -106.723 -0.0382486 0.997861 0.0530077 3.20146 0.998994 0.0394267 -0.0213598 15.7164 
-0.0237384 0.051048 -0.998414 -107.89 -0.0409392 0.997808 0.0519904 3.2462 0.99888 0.0421085 -0.0215965 15.6586 
-0.0238048 0.0471728 -0.998603 -109.07 -0.0417993 0.997966 0.0481391 3.28945 0.998842 0.0428869 -0.0217845 15.6025 
-0.0247459 0.0429867 -0.998769 -110.24 -0.041097 0.998187 0.0439799 3.33246 0.998849 0.0421348 -0.0229344 15.5522 
-0.0256484 0.0424161 -0.998771 -111.447 -0.0384586 0.998318 0.0433845 3.36869 0.998931 0.0395241 -0.023974 15.5019 
-0.0266395 0.0417704 -0.998772 -112.644 -0.0335572 0.998526 0.0426552 3.40681 0.999082 0.0346523 -0.0251986 15.4635 
-0.0277389 0.0437289 -0.998658 -113.86 -0.0327164 0.998468 0.0446293 3.44513 0.99908 0.0339105 -0.0262657 15.4254 
-0.0288442 0.0474867 -0.998455 -115.091 -0.0317059 0.998325 0.0483964 3.4865 0.999081 0.033053 -0.0272903 15.3713 
-0.0293097 0.0475821 -0.998437 -116.33 -0.0303875 0.998362 0.0484706 3.53553 0.999108 0.0317607 -0.0278158 15.3099 
-0.0298702 0.0435049 -0.998607 -117.561 -0.0304067 0.99855 0.044412 3.57115 0.999091 0.031691 -0.0285041 15.2509 
-0.0306261 0.0398532 -0.998736 -118.807 -0.0311095 0.998683 0.040805 3.61193 0.999047 0.0323199 -0.0293459 15.1856 
-0.0315806 0.0384381 -0.998762 -120.05 -0.0300243 0.998773 0.0393879 3.646 0.99905 0.031231 -0.0303878 15.1258 
-0.0325193 0.0395057 -0.99869 -121.302 -0.0314305 0.998684 0.0405289 3.68192 0.998977 0.0327073 -0.0312348 15.068 
-0.0329449 0.0437025 -0.998501 -122.558 -0.0361129 0.998339 0.0448869 3.72279 0.998805 0.0375376 -0.031312 14.9915 
-0.0334807 0.0468235 -0.998342 -123.821 -0.040571 0.998015 0.0481688 3.76213 0.998616 0.0421165 -0.0315145 14.9222 
-0.0334001 0.046319 -0.998368 -125.083 -0.0481602 0.997691 0.0478987 3.80478 0.998281 0.0496814 -0.0310922 14.8427 
-0.0333721 0.0447393 -0.998441 -126.346 -0.0514422 0.997597 0.0464209 3.83982 0.998118 0.0529112 -0.0309904 14.7684 
-0.0340636 0.0434718 -0.998474 -127.611 -0.0536325 0.997535 0.0452606 3.87884 0.99798 0.0550924 -0.0316482 14.6999 
-0.0349576 0.0429579 -0.998465 -128.878 -0.0535646 0.997559 0.0447943 3.91543 0.997952 0.0550484 -0.0325712 14.6301 
-0.0353859 0.0425311 -0.998468 -130.151 -0.0517129 0.997678 0.0443302 3.94923 0.998035 0.0532024 -0.0331043 14.56 
-0.0350055 0.0431087 -0.998457 -131.43 -0.0519586 0.99764 0.0448951 3.99 0.998036 0.05345 -0.032683 14.478 
-0.0358736 0.0483541 -0.998186 -132.696 -0.052169 0.997376 0.0501898 4.02859 0.997994 0.0538749 -0.0332569 14.4128 
-0.0371479 0.0527789 -0.997915 -133.954 -0.0507019 0.997219 0.0546295 4.06627 0.998023 0.0526256 -0.0343686 14.3543 
-0.0371616 0.0512311 -0.997995 -135.226 -0.0509917 0.997287 0.0530934 4.11691 0.998007 0.0528625 -0.0344484 14.2827 
-0.0370136 0.0494907 -0.998089 -136.492 -0.0501565 0.997422 0.0513177 4.17125 0.998055 0.0519601 -0.0344359 14.2318 
-0.0364649 0.048723 -0.998147 -137.749 -0.048963 0.997524 0.0504813 4.21641 0.998135 0.0507131 -0.033989 14.1759 
-0.0360843 0.0481997 -0.998186 -139.002 -0.0487814 0.997561 0.0499329 4.25095 0.998157 0.0504947 -0.033645 14.1165 
-0.0357874 0.050031 -0.998106 -140.266 -0.0486977 0.997472 0.0517453 4.29873 0.998172 0.0504574 -0.0332605 14.0575 
-0.0353714 0.0537052 -0.99793 -141.516 -0.0494303 0.997239 0.05542 4.34237 0.998151 0.0512883 -0.0326191 13.9939 
-0.0342483 0.0545028 -0.997926 -142.774 -0.0510065 0.997115 0.056209 4.39421 0.998111 0.0528259 -0.0313695 13.9262 
-0.0336959 0.0515454 -0.998102 -144.026 -0.0526263 0.997192 0.0532751 4.44215 0.998046 0.0543216 -0.0308886 13.8657 
-0.0337617 0.0486532 -0.998245 -145.272 -0.0516549 0.997395 0.0503588 4.48689 0.998094 0.0532645 -0.0311606 13.804 
-0.0340109 0.0472027 -0.998306 -146.492 -0.0484403 0.997632 0.0488211 4.52686 0.998247 0.0500187 -0.0316438 13.7474 
-0.0341652 0.046817 -0.998319 -147.736 -0.0473773 0.997703 0.0484095 4.56826 0.998293 0.0489517 -0.0318687 13.6763 
-0.0347214 0.0468753 -0.998297 -148.983 -0.044535 0.997835 0.0484025 4.61299 0.998404 0.0461398 -0.0325586 13.6183 
-0.0351398 0.0458042 -0.998332 -150.233 -0.0428717 0.997961 0.0472961 4.65066 0.998462 0.0444622 -0.0331044 13.5585 
-0.0361461 0.045827 -0.998295 -151.459 -0.0418647 0.998002 0.0473293 4.69072 0.998469 0.0435041 -0.0341553 13.5086 
-0.0371044 0.04904 -0.998107 -152.69 -0.0397875 0.997931 0.0505104 4.72528 0.998519 0.0415864 -0.0350764 13.4522 
-0.0368693 0.0505014 -0.998043 -153.941 -0.0373347 0.997955 0.0518761 4.77012 0.998622 0.0391743 -0.0349085 13.3801 
-0.0371578 0.0492408 -0.998096 -155.16 -0.0351757 0.998102 0.0505506 4.81198 0.99869 0.0369871 -0.0353552 13.3161 
-0.0384067 0.0495457 -0.998033 -156.401 -0.0361976 0.998046 0.0509393 4.85215 0.998606 0.0380829 -0.0365382 13.2568 
-0.0392784 0.0539932 -0.997769 -157.634 -0.0371146 0.997771 0.0554544 4.90084 0.998539 0.0392099 -0.0371869 13.198 
-0.0393438 0.0603957 -0.997399 -158.856 -0.041736 0.997201 0.0620301 4.94658 0.998354 0.044068 -0.036713 13.1299 
-0.0384571 0.0601092 -0.997451 -160.091 -0.0465274 0.996999 0.0618759 5.00605 0.998177 0.0487883 -0.035545 13.046 
-0.0376667 0.0553668 -0.997755 -161.334 -0.0496073 0.997129 0.0572048 5.07701 0.998058 0.0516507 -0.034812 12.9838 
-0.0370966 0.0500926 -0.998055 -162.54 -0.051395 0.997325 0.0519663 5.11745 0.997989 0.0532229 -0.0344229 12.9292 
-0.0364073 0.0482116 -0.998173 -163.776 -0.0542396 0.997268 0.0501462 5.16283 0.997864 0.0559663 -0.0336929 12.8578 
-0.0352639 0.0454923 -0.998342 -164.986 -0.0489598 0.997685 0.0471917 5.19977 0.998178 0.0505429 -0.032955 12.7982 
-0.0355431 0.040909 -0.998531 -166.206 -0.0456063 0.998055 0.0425129 5.23639 0.998327 0.0470504 -0.0336083 12.7412 
-0.0364288 0.0376095 -0.998628 -167.424 -0.0393143 0.998464 0.0390374 5.27289 0.998563 0.0406825 -0.0348942 12.6902 
-0.0380032 0.040581 -0.998453 -168.654 -0.0369011 0.998437 0.0419848 5.3097 0.998596 0.0384396 -0.0364463 12.6314 
-0.0374268 0.0470611 -0.998191 -169.895 -0.0372176 0.998132 0.0484537 5.34419 0.998606 0.0389637 -0.0356054 12.5623 
-0.0367001 0.0501564 -0.998067 -171.12 -0.0385887 0.997924 0.0515681 5.3834 0.998581 0.0404067 -0.0346884 12.5019 
-0.0351433 0.0468473 -0.998284 -172.333 -0.0397413 0.998045 0.0482352 5.42823 0.998592 0.0413683 -0.0332128 12.4358 
-0.0350812 0.046498 -0.998302 -173.565 -0.0423378 0.997951 0.0479694 5.47345 0.998487 0.0439487 -0.0330407 12.3753 
-0.0340073 0.047889 -0.998274 -174.776 -0.0401969 0.997978 0.0492442 5.50472 0.998613 0.0418022 -0.0320135 12.3107 
-0.0338496 0.0462771 -0.998355 -175.985 -0.0393467 0.998091 0.047599 5.54012 0.998652 0.0408932 -0.0319641 12.2558 
-0.0328487 0.0446097 -0.998464 -177.156 -0.0400192 0.998144 0.045912 5.57473 0.998659 0.0414659 -0.0310025 12.2048 
-0.0310549 0.046428 -0.998439 -178.33 -0.041857 0.997984 0.0477087 5.60881 0.998641 0.0432733 -0.029049 12.1387 
-0.0296986 0.0484336 -0.998385 -179.467 -0.0416199 0.997899 0.0496481 5.63622 0.998692 0.0430272 -0.0276204 12.085 
-0.029327 0.0495521 -0.998341 -180.59 -0.0423998 0.99781 0.0507713 5.67074 0.99867 0.0438185 -0.0271618 12.0295 
-0.029426 0.0509806 -0.998266 -181.659 -0.0421738 0.997746 0.0521972 5.69803 0.998677 0.0436366 -0.0272096 11.9821 
-0.029606 0.0517937 -0.998219 -182.734 -0.041538 0.99773 0.0530003 5.73309 0.998698 0.0430332 -0.0273874 11.9232 
-0.0291702 0.0507378 -0.998286 -183.753 -0.0410369 0.997808 0.0519127 5.76491 0.998732 0.0424809 -0.0270241 11.8779 
-0.0284694 0.0508347 -0.998301 -184.746 -0.0418691 0.997769 0.0520016 5.79067 0.998717 0.0432785 -0.0262775 11.8436 
-0.0273687 0.0513655 -0.998305 -185.703 -0.0424318 0.997719 0.0524986 5.82183 0.998724 0.0437967 -0.0251268 11.8039 
-0.0284168 0.0496853 -0.998361 -186.645 -0.0405195 0.997886 0.050815 5.84797 0.998775 0.0418971 -0.0263435 11.7638 
-0.0318072 0.0470292 -0.998387 -187.593 -0.0384313 0.998096 0.0482399 5.8718 0.998755 0.0399038 -0.0299393 11.7157 
-0.0373883 0.0434495 -0.998356 -188.525 -0.0377252 0.998281 0.044859 5.89697 0.998589 0.0393405 -0.0356849 11.6715 
-0.0427909 0.0400781 -0.99828 -189.468 -0.0393762 0.998351 0.0417688 5.92758 0.998308 0.0410958 -0.0411423 11.6128 
-0.0471943 0.0392392 -0.998115 -190.398 -0.0413797 0.998294 0.0412028 5.95302 0.998028 0.0432462 -0.04549 11.553 
-0.0511138 0.0402361 -0.997882 -191.317 -0.0427444 0.998184 0.0424378 5.96952 0.997778 0.0448231 -0.0493011 11.4979 
-0.0537504 0.0416646 -0.997685 -192.25 -0.0415506 0.998171 0.0439235 5.99981 0.99769 0.0438154 -0.0519209 11.4379 
-0.0556764 0.0433706 -0.997506 -193.191 -0.0389156 0.998203 0.045573 6.02526 0.99769 0.041356 -0.0538885 11.378 
-0.0576343 0.0440827 -0.997364 -194.104 -0.0367575 0.998254 0.0462461 6.0469 0.997661 0.039326 -0.0559133 11.3161 
-0.0589079 0.0430414 -0.997335 -195.019 -0.0369871 0.99829 0.0452672 6.07211 0.997578 0.0395551 -0.0572152 11.2469 
-0.0596569 0.0418129 -0.997343 -195.922 -0.0395748 0.998238 0.0442176 6.09741 0.997434 0.0421075 -0.057897 11.1716 
-0.0599177 0.0406876 -0.997374 -196.841 -0.0434939 0.998114 0.0433307 6.12836 0.997255 0.045976 -0.0580351 11.0972 
-0.0593891 0.0384668 -0.997494 -197.747 -0.0456437 0.998108 0.041208 6.15707 0.997191 0.0479767 -0.0575209 11.0248 
-0.0582586 0.0357768 -0.99766 -198.646 -0.0459504 0.998202 0.0384795 6.17866 0.997243 0.0480846 -0.0565099 10.9491 
-0.0578703 0.0335062 -0.997762 -199.558 -0.0454814 0.99831 0.0361625 6.19615 0.997288 0.0474724 -0.0562486 10.8806 
-0.0574529 0.0328248 -0.997808 -200.479 -0.0459547 0.998313 0.0354875 6.22187 0.99729 0.0478929 -0.0558475 10.8138 
-0.0572992 0.0357845 -0.997716 -201.413 -0.0433682 0.998325 0.038297 6.24413 0.997415 0.0454635 -0.0556513 10.7503 
-0.0572028 0.0367223 -0.997687 -202.352 -0.0425957 0.998324 0.039188 6.27083 0.997454 0.0447389 -0.0555427 10.6771 
-0.0562334 0.0332773 -0.997863 -203.297 -0.0384619 0.99863 0.0354704 6.2931 0.997677 0.0403744 -0.0548764 10.607 
-0.0558739 0.0297401 -0.997995 -204.24 -0.0369234 0.998811 0.0318316 6.31963 0.997755 0.0386279 -0.0547094 10.5418 
-0.0555948 0.0296297 -0.998014 -205.184 -0.0414365 0.99863 0.0319562 6.34494 0.997593 0.0431308 -0.0542909 10.4679 
-0.0545372 0.0336347 -0.997945 -206.146 -0.043625 0.998398 0.036034 6.36189 0.997558 0.0455006 -0.0529825 10.3983 
-0.0531529 0.0333743 -0.998029 -207.104 -0.0415349 0.998503 0.0356022 6.38284 0.997722 0.0433454 -0.0516871 10.3362 
-0.0514104 0.0346502 -0.998076 -208.082 -0.0400925 0.998521 0.0367308 6.41275 0.997873 0.0419038 -0.0499451 10.2754 
-0.0503999 0.0392949 -0.997956 -209.06 -0.040516 0.998323 0.0413556 6.43749 0.997907 0.0425175 -0.0487233 10.2167 
-0.0493142 0.0434144 -0.997839 -210.046 -0.0379062 0.998254 0.0453058 6.46654 0.998064 0.0400585 -0.0475824 10.1628 
-0.0480451 0.0437363 -0.997887 -211.04 -0.0372723 0.998267 0.0455475 6.50165 0.99815 0.0393819 -0.0463316 10.096 
-0.045655 0.0440007 -0.997988 -212.047 -0.040697 0.998118 0.0458682 6.54047 0.998128 0.0427093 -0.0437784 10.0211 
-0.0432782 0.04606 -0.998001 -213.067 -0.0438814 0.997885 0.0479576 6.57098 0.998099 0.0458692 -0.0411654 9.95621 
-0.0396553 0.0462044 -0.998145 -214.088 -0.0447268 0.997847 0.0479676 6.60439 0.998212 0.046546 -0.0375033 9.89474 
-0.0368884 0.0432534 -0.998383 -215.117 -0.047612 0.997852 0.0449896 6.6423 0.998185 0.0491946 -0.0347497 9.83832 
-0.0339241 0.0403703 -0.998609 -216.158 -0.04771 0.997979 0.0419657 6.67218 0.998285 0.0490673 -0.0319295 9.78239 
-0.0326992 0.0398095 -0.998672 -217.191 -0.0467932 0.99805 0.0413168 6.69742 0.998369 0.0480821 -0.0307726 9.73126 
-0.0311687 0.0419655 -0.998633 -218.241 -0.0482291 0.997891 0.0434396 6.72901 0.99835 0.0495171 -0.029079 9.67799 
-0.0294622 0.0447752 -0.998563 -219.294 -0.0495688 0.997702 0.0461991 6.76632 0.998336 0.0508587 -0.027175 9.62053 
-0.0278963 0.0444803 -0.998621 -220.362 -0.0500135 0.997696 0.0458362 6.79968 0.998359 0.0512232 -0.0256074 9.56903 
-0.0267289 0.0416299 -0.998776 -221.417 -0.0489099 0.997881 0.0429015 6.83527 0.998446 0.0499968 -0.0246362 9.51508 
-0.0268693 0.0384737 -0.998898 -222.488 -0.045292 0.998186 0.0396646 6.87119 0.998612 0.0463079 -0.025078 9.47505 
-0.0268825 0.0371633 -0.998948 -223.565 -0.0435254 0.998318 0.0383111 6.90212 0.998691 0.0445096 -0.0252198 9.42914 
-0.0263953 0.0361005 -0.999 -224.65 -0.0443923 0.99832 0.0372489 6.93458 0.998665 0.0453311 -0.0247484 9.36697 
-0.0265355 0.0362693 -0.99899 -225.742 -0.0436418 0.998347 0.0374052 6.95674 0.998695 0.0445903 -0.0249088 9.32702 
-0.0269098 0.0371429 -0.998948 -226.862 -0.0458048 0.998214 0.0383495 6.98435 0.998588 0.0467887 -0.0251604 9.27811 
-0.0271527 0.0394127 -0.998854 -227.984 -0.0471207 0.998061 0.0406623 7.01421 0.99852 0.0481708 -0.0252429 9.22043 
-0.0280572 0.0412036 -0.998757 -229.107 -0.0469146 0.997995 0.0424901 7.04267 0.998505 0.0480485 -0.0260679 9.16708 
-0.0289288 0.0425051 -0.998677 -230.246 -0.0477669 0.997895 0.0438554 7.08092 0.99844 0.0489725 -0.0268376 9.11744 
-0.0301224 0.0435506 -0.998597 -231.388 -0.0498809 0.99774 0.0450179 7.11644 0.998301 0.051167 -0.027882 9.06061 
-0.0309225 0.0422135 -0.99863 -232.558 -0.0529904 0.997633 0.0438123 7.15545 0.998116 0.0542726 -0.0286124 8.98887 
-0.0316742 0.0379612 -0.998777 -233.709 -0.0516108 0.997883 0.039564 7.18693 0.998165 0.0528008 -0.0296479 8.92208 
-0.0327301 0.0316527 -0.998963 -234.867 -0.0485814 0.998267 0.0332223 7.22209 0.998283 0.0496185 -0.0311356 8.85812 
-0.0349895 0.0275433 -0.999008 -236.039 -0.0441512 0.998602 0.0290785 7.24693 0.998412 0.0451249 -0.0337245 8.79935 
-0.0372346 0.0280972 -0.998912 -237.224 -0.0373185 0.998868 0.029487 7.26064 0.99861 0.0383758 -0.0361439 8.74686 
-0.0393212 0.0324811 -0.998699 -238.432 -0.0332444 0.998876 0.0337958 7.2828 0.998673 0.0345301 -0.0381971 8.68293 
-0.0413549 0.0351193 -0.998527 -239.638 -0.0308938 0.998859 0.0364105 7.30912 0.998667 0.0323541 -0.0402227 8.60839 
-0.0429083 0.0350278 -0.998465 -240.828 -0.029375 0.998909 0.0363057 7.33003 0.998647 0.0308878 -0.0418326 8.5281 
-0.0450195 0.0355262 -0.998354 -242.034 -0.029413 0.998887 0.0368715 7.365 0.998553 0.0310245 -0.0439245 8.4456 
-0.0470763 0.0369688 -0.998207 -243.263 -0.0284873 0.998859 0.0383364 7.39773 0.998485 0.030241 -0.0459694 8.36772 
-0.0488368 0.0367311 -0.998131 -244.495 -0.0277504 0.998888 0.0381167 7.42536 0.998421 0.0295601 -0.0477632 8.27922 
-0.0509648 0.0354558 -0.998071 -245.728 -0.0275696 0.998939 0.0368945 7.45405 0.99832 0.0293968 -0.0499332 8.18895 
-0.0531035 0.0349492 -0.997977 -246.961 -0.0273215 0.998962 0.0364375 7.49065 0.998215 0.0292013 -0.0520935 8.09455 
-0.0550196 0.0360305 -0.997835 -248.214 -0.0275035 0.998915 0.037586 7.51531 0.998106 0.029512 -0.0539689 7.9956 
-0.0570955 0.0363138 -0.997708 -249.455 -0.0280273 0.998886 0.0379606 7.54415 0.997975 0.0301304 -0.0560141 7.89421 
-0.0593698 0.0370024 -0.99755 -250.707 -0.0291684 0.998822 0.0387855 7.57931 0.99781 0.0313997 -0.0582206 7.79315 
-0.0617941 0.0387507 -0.997336 -251.966 -0.0314947 0.998673 0.040754 7.61185 0.997592 0.0339292 -0.0604917 7.69126 
-0.063686 0.0395253 -0.997187 -253.226 -0.0331375 0.998581 0.0416969 7.64304 0.99742 0.0356998 -0.0622859 7.59521 
-0.0645157 0.0393663 -0.99714 -254.507 -0.0358722 0.998484 0.0417403 7.68656 0.997272 0.0384626 -0.0630058 7.48222 
-0.0643676 0.0395791 -0.997141 -255.781 -0.0367596 0.998441 0.0420037 7.71901 0.997249 0.0393582 -0.0628123 7.36423 
-0.0651312 0.0384631 -0.997135 -257.048 -0.0354875 0.998536 0.0408351 7.75673 0.997246 0.0380455 -0.0636709 7.27581 
-0.0650245 0.0376491 -0.997173 -258.304 -0.0328281 0.998666 0.0398462 7.7858 0.997344 0.0353263 -0.0637018 7.17285 
-0.0656614 0.0376192 -0.997133 -259.578 -0.0317575 0.998704 0.0397697 7.81565 0.997337 0.0342778 -0.0643816 7.07754 
-0.0656964 0.0381138 -0.997112 -260.842 -0.0314981 0.998693 0.0402496 7.84592 0.997342 0.0340514 -0.06441 6.9694 
-0.0658637 0.0380535 -0.997103 -262.105 -0.0307364 0.998721 0.0401455 7.87604 0.997355 0.0332915 -0.0646099 6.8687 
-0.0657671 0.0388292 -0.997079 -263.375 -0.0299971 0.998714 0.0408714 7.90479 0.997384 0.0325975 -0.0645177 6.76697 
-0.0660334 0.0399285 -0.997018 -264.651 -0.0271094 0.998758 0.0417937 7.93772 0.997449 0.0297884 -0.064869 6.66716 
-0.0663752 0.0423143 -0.996897 -265.921 -0.0226086 0.99878 0.0438996 7.97397 0.997539 0.0254523 -0.0653375 6.57341 
-0.0666931 0.04598 -0.996714 -267.159 -0.0193444 0.99869 0.0473656 8.0043 0.997586 0.0224398 -0.0657163 6.47365 
-0.0668558 0.0487506 -0.996571 -268.408 -0.016747 0.99861 0.0499739 8.03565 0.997622 0.0200306 -0.0659464 6.37814 
-0.06687 0.0471297 -0.996648 -269.639 -0.0173405 0.998678 0.0483891 8.07381 0.997611 0.0205182 -0.0659643 6.2735 
-0.0665613 0.04572 -0.996734 -270.868 -0.0199237 0.99869 0.0471402 8.1075 0.997583 0.0229964 -0.0655632 6.15755 
-0.0672096 0.0486279 -0.996553 -272.096 -0.025339 0.998406 0.0504273 8.14193 0.997417 0.0286409 -0.0658703 6.04548 
-0.0671798 0.0545535 -0.996248 -273.343 -0.0308811 0.997912 0.056727 8.18162 0.997263 0.0345762 -0.0653548 5.93019 
-0.0670267 0.0537733 -0.996301 -274.576 -0.0345863 0.997821 0.0561821 8.2305 0.997152 0.0382241 -0.0650209 5.81432 
-0.0667071 0.0470116 -0.996665 -275.794 -0.0340355 0.998201 0.0493621 8.27311 0.997192 0.0372148 -0.064987 5.71182 
-0.0670755 0.0415215 -0.996884 -277.044 -0.0309481 0.998566 0.043674 8.31565 0.997268 0.0337812 -0.0656943 5.60563 
-0.067337 0.0409541 -0.996889 -278.27 -0.0250671 0.998772 0.0427246 8.34746 0.997415 0.0278661 -0.0662277 5.51376 
-0.0661201 0.0426375 -0.9969 -279.523 -0.0218402 0.998785 0.0441667 8.38536 0.997573 0.0246929 -0.0651086 5.40572 
-0.0647631 0.0448308 -0.996893 -280.764 -0.020714 0.998715 0.0462584 8.42252 0.997686 0.0236455 -0.0637512 5.30408 
-0.0634568 0.0472022 -0.996868 -281.989 -0.0216322 0.998581 0.0486604 8.45879 0.99775 0.0246523 -0.0623456 5.19192 
-0.062235 0.0485381 -0.996881 -283.208 -0.022801 0.998487 0.0500397 8.50117 0.997801 0.0258441 -0.0610341 5.08144 
-0.0609779 0.0493959 -0.996916 -284.436 -0.0234523 0.998428 0.0509053 8.54372 0.997864 0.0264841 -0.0597236 4.9753 
-0.0602028 0.0490151 -0.996982 -285.655 -0.0222334 0.99848 0.0504313 8.57532 0.997939 0.0252024 -0.0590215 4.87756 
-0.060163 0.0475392 -0.997056 -286.879 -0.0232846 0.998527 0.0490143 8.61186 0.997917 0.0261649 -0.0589674 4.77821 
-0.0593014 0.0462958 -0.997166 -288.051 -0.0222783 0.998614 0.0476879 8.65252 0.997992 0.0250432 -0.0581878 4.64321 
-0.0594342 0.0463321 -0.997156 -289.285 -0.0227757 0.998599 0.0477567 8.68634 0.997972 0.0255494 -0.0582957 4.5494 
-0.0592536 0.0459688 -0.997184 -290.526 -0.023285 0.998604 0.0474178 8.72749 0.997971 0.0260291 -0.0581005 4.45993 
-0.0593834 0.04658 -0.997148 -291.751 -0.0239946 0.998556 0.0480747 8.75752 0.997947 0.026781 -0.0581799 4.36079 
-0.0591456 0.0468082 -0.997151 -292.984 -0.0230708 0.998569 0.0482432 8.79302 0.997983 0.0258585 -0.0579811 4.27325 
-0.0596253 0.0449949 -0.997206 -294.212 -0.0223729 0.998672 0.0463988 8.8305 0.99797 0.025077 -0.0585395 4.18748 
-0.0594095 0.0426151 -0.997324 -295.438 -0.0220495 0.998789 0.0439912 8.86641 0.99799 0.024604 -0.0583979 4.0827 
-0.0596832 0.0396674 -0.997429 -296.649 -0.0230278 0.99889 0.0411034 8.89763 0.997952 0.0254218 -0.0587034 3.98538 
-0.0598864 0.0380553 -0.99748 -297.885 -0.0244315 0.998918 0.039577 8.93027 0.997906 0.0267401 -0.0588919 3.88278 
-0.0602365 0.0377229 -0.997471 -299.115 -0.0277214 0.998837 0.0394486 8.96604 0.997799 0.0300275 -0.0591207 3.77529 
-0.0606766 0.0388304 -0.997402 -300.327 -0.0307548 0.998696 0.0407518 8.98853 0.997684 0.0331476 -0.0594032 3.67733 
-0.0613213 0.0397013 -0.997328 -301.569 -0.0345224 0.998526 0.0418717 9.02361 0.997521 0.0369978 -0.0598604 3.57813 
-0.0615869 0.0398622 -0.997305 -302.829 -0.0361008 0.998459 0.0421377 9.05261 0.997449 0.0385987 -0.0600529 3.47599 
-0.0620592 0.0373913 -0.997372 -304.067 -0.0358233 0.998571 0.0396653 9.0917 0.997429 0.0381908 -0.060631 3.37903 
-0.0628196 0.0354471 -0.997395 -305.32 -0.0332567 0.99874 0.0375895 9.12113 0.997471 0.0355315 -0.0615616 3.28185 
-0.0645551 0.0349572 -0.997302 -306.582 -0.0301735 0.998861 0.036965 9.15407 0.997458 0.0324784 -0.0634268 3.19969 
-0.0656652 0.0369091 -0.997159 -307.838 -0.0274883 0.99887 0.0387826 9.18283 0.997463 0.0299569 -0.0645764 3.10864 
