1 2.12261e-08 -2.11895e-08 0 2.12261e-08 1 2.10703e-08 0 -2.11895e-08 2.10703e-08 1 0 
0.999931 -0.00285475 0.0113569 0.0116813 0.00284136 0.999995 0.00119884 -0.00779408 -0.0113603 -0.00116645 0.999935 0.287013 
0.99983 -0.00475887 0.0178438 0.021061 0.00474013 0.999988 0.00109474 -0.00735243 -0.0178488 -0.00100993 0.99984 0.583865 
0.999784 -0.00734986 0.0194426 0.0308365 0.00734744 0.999973 0.000197919 -0.0176129 -0.0194436 -5.49815e-05 0.999811 0.881532 
0.999812 -0.00870905 0.0173328 0.0190327 0.00873592 0.999961 -0.00147242 -0.0169332 -0.0173194 0.0016236 0.999849 1.16281 
0.999881 -0.0114916 0.0102948 0.0151447 0.0115216 0.99993 -0.00285472 -0.0202278 -0.0102613 0.00297304 0.999943 1.48225 
0.999909 -0.0132148 -0.00264307 0.0161346 0.0132022 0.999902 -0.00473835 -0.02366 0.00270538 0.00470307 0.999985 1.81275 
0.99974 -0.0123257 -0.0191838 -0.00827435 0.0122341 0.999913 -0.00488788 -0.0319473 0.0192424 0.00465195 0.999804 2.15642 
0.999209 -0.00798205 -0.0389494 -0.0413914 0.00779388 0.999957 -0.0049815 -0.0348059 0.0389875 0.00467404 0.999229 2.50797 
0.998254 -0.0044875 -0.0589029 -0.0859204 0.0041456 0.999974 -0.00592607 -0.0447618 0.0589279 0.00567157 0.998246 2.87362 
0.996826 -0.00478635 -0.0794667 -0.128888 0.00430641 0.999971 -0.00621032 -0.0510604 0.0794941 0.00584844 0.996818 3.2419 
0.994913 -0.00611261 -0.100551 -0.184874 0.00555747 0.999968 -0.00580052 -0.0514432 0.100583 0.00521225 0.994915 3.62301 
0.992747 -0.00721622 -0.120008 -0.254531 0.00662165 0.999964 -0.0053528 -0.0525915 0.120042 0.00451937 0.992759 4.01018 
0.990405 -0.00648091 -0.138042 -0.331559 0.00591317 0.999972 -0.00452283 -0.0620176 0.138067 0.00366322 0.990416 4.40587 
0.988102 -0.00508433 -0.153719 -0.420145 0.00450282 0.999981 -0.00413115 -0.0657177 0.153737 0.00338987 0.988106 4.82124 
0.985916 -0.00437165 -0.167185 -0.511174 0.00371807 0.999984 -0.00422237 -0.074195 0.167201 0.00354134 0.985917 5.24276 
0.983783 -0.00575763 -0.179271 -0.609923 0.00488415 0.999974 -0.00531362 -0.0799155 0.179297 0.00435191 0.983785 5.6732 
0.981946 -0.00902556 -0.188948 -0.705741 0.00769517 0.99994 -0.00777368 -0.0862829 0.189006 0.00617939 0.981956 6.11415 
0.98045 -0.0084291 -0.196588 -0.820615 0.0066433 0.999931 -0.00974187 -0.0933797 0.196656 0.00824547 0.980438 6.56136 
0.978931 -0.00758491 -0.20405 -0.934553 0.00526134 0.999915 -0.0119275 -0.0951013 0.204123 0.0106027 0.978888 7.03367 
0.977207 -0.00788533 -0.212143 -1.05639 0.00484374 0.999878 -0.0148535 -0.10456 0.212234 0.0134875 0.977126 7.51427 
0.975329 -0.0119646 -0.220432 -1.1725 0.00850664 0.999826 -0.01663 -0.113719 0.220592 0.0143447 0.975261 8.01363 
0.973464 -0.0178912 -0.228138 -1.30036 0.0141133 0.999735 -0.0181805 -0.123617 0.228403 0.0144783 0.973459 8.52908 
0.971417 -0.0185917 -0.236649 -1.44049 0.0141515 0.999691 -0.0204478 -0.145872 0.236956 0.0165144 0.97138 9.03953 
0.969278 -0.0146412 -0.245532 -1.59797 0.00874373 0.999647 -0.0250924 -0.156438 0.245813 0.0221747 0.969064 9.56791 
0.967104 -0.0120935 -0.254093 -1.76214 0.00515296 0.999596 -0.0279629 -0.178551 0.254328 0.0257337 0.966776 10.1052 
0.964872 -0.0140852 -0.262341 -1.9326 0.006542 0.99954 -0.029605 -0.201141 0.262637 0.0268489 0.964521 10.6671 
0.962504 -0.0171981 -0.270722 -2.0964 0.00896398 0.99946 -0.0316229 -0.225238 0.27112 0.0280104 0.962138 11.2196 
0.960272 -0.0162084 -0.278594 -2.27174 0.00683172 0.999378 -0.0345954 -0.245074 0.278982 0.0313178 0.959786 11.7812 
0.957897 -0.0152229 -0.286709 -2.45957 0.00456182 0.999274 -0.0378158 -0.27737 0.287077 0.0349157 0.957271 12.3532 
0.955637 -0.0164807 -0.294087 -2.66053 0.00397411 0.999064 -0.0430742 -0.306643 0.294522 0.0399945 0.954808 12.9461 
0.953803 -0.0183678 -0.29987 -2.86644 0.00337877 0.998722 -0.0504274 -0.341034 0.300413 0.0470847 0.952646 13.5577 
0.952451 -0.0190632 -0.304096 -3.08358 0.00135782 0.998297 -0.0583287 -0.380375 0.30469 0.0551423 0.950854 14.1695 
0.951384 -0.0186514 -0.307444 -3.32644 -0.0021635 0.997736 -0.0672237 -0.42478 0.308001 0.0646207 0.949189 14.8046 
0.950109 -0.018098 -0.311391 -3.55564 -0.00600553 0.997069 -0.0762736 -0.474467 0.311859 0.0743384 0.947216 15.437 
0.948845 -0.017451 -0.315261 -3.80505 -0.00952542 0.996435 -0.0838256 -0.519916 0.3156 0.0825405 0.945296 16.0946 
0.947412 -0.0157083 -0.31963 -4.06032 -0.0140472 0.995791 -0.0905755 -0.579298 0.319708 0.0903023 0.943203 16.7475 
0.945721 -0.0150262 -0.324631 -4.31077 -0.017303 0.995185 -0.0964718 -0.645549 0.324518 0.0968526 0.940908 17.426 
0.944075 -0.0123224 -0.329501 -4.57698 -0.0225479 0.99455 -0.101797 -0.720588 0.328959 0.103534 0.938652 18.0988 
0.942212 -0.01022 -0.334863 -4.85125 -0.026622 0.99409 -0.105247 -0.782427 0.333959 0.108079 0.936371 18.82 
0.940489 -0.00894387 -0.339706 -5.1315 -0.0291816 0.993835 -0.106956 -0.859218 0.338569 0.110504 0.93443 19.5185 
0.938345 -0.00867474 -0.345592 -5.40622 -0.0298099 0.993931 -0.105888 -0.948153 0.344413 0.109661 0.932391 20.2113 
0.935966 -0.0078367 -0.352003 -5.70466 -0.0309678 0.994045 -0.104473 -1.03302 0.350726 0.108684 0.93015 20.9414 
0.93342 -0.00820952 -0.358692 -6.00154 -0.0306697 0.994253 -0.102568 -1.11808 0.357472 0.10674 0.927804 21.6636 
0.930309 -0.00677599 -0.366715 -6.31452 -0.0319982 0.994518 -0.0995515 -1.20267 0.365379 0.104348 0.924992 22.3996 
0.927095 -0.0048356 -0.374796 -6.63976 -0.0326555 0.995073 -0.0936149 -1.28658 0.373402 0.0990291 0.922369 23.1327 
0.923369 -0.00266883 -0.383905 -6.95916 -0.0339932 0.99548 -0.0886809 -1.36198 0.382407 0.0949354 0.919104 23.8691 
0.919747 0.000824097 -0.392511 -7.30296 -0.0369835 0.995731 -0.0845706 -1.44081 0.390766 0.0923 0.915851 24.6121 
0.916237 0.00211897 -0.400631 -7.69221 -0.0386906 0.99578 -0.0832182 -1.5087 0.398764 0.0917483 0.912453 25.3798 
0.912384 0.00249626 -0.409328 -8.05867 -0.0398241 0.995779 -0.0826946 -1.58332 0.407394 0.0917504 0.908632 26.1365 
0.908555 0.00237831 -0.417758 -8.44394 -0.0399883 0.995887 -0.0812986 -1.65948 0.415846 0.0905697 0.904914 26.9152 
0.904754 0.00397571 -0.425917 -8.83507 -0.0418226 0.995954 -0.0795451 -1.73279 0.423877 0.0897817 0.901259 27.6772 
0.901087 0.00300636 -0.433628 -9.23833 -0.0405102 0.996187 -0.0772745 -1.80479 0.431742 0.0871975 0.897772 28.4613 
0.897332 0.00390162 -0.441338 -9.65804 -0.0405222 0.996466 -0.0735809 -1.87339 0.439491 0.0839105 0.894319 29.253 
0.893656 0.00585014 -0.448714 -10.073 -0.0405358 0.99688 -0.0677341 -1.94526 0.446917 0.0787201 0.891105 30.0338 
0.889813 0.00626799 -0.456282 -10.5052 -0.0394321 0.997222 -0.0631992 -2.01614 0.454618 0.0742277 0.887588 30.8302 
0.886069 0.00606871 -0.463514 -10.9365 -0.0390217 0.997342 -0.0615373 -2.08541 0.461908 0.0726135 0.88395 31.6312 
0.883115 0.00490981 -0.469131 -11.4067 -0.037678 0.997458 -0.0604877 -2.14386 0.467642 0.0710935 0.881055 32.4499 
0.880116 0.00559111 -0.474726 -11.8669 -0.0378968 0.997567 -0.0585097 -2.20553 0.473244 0.069486 0.878186 33.2654 
0.877168 0.00416968 -0.480166 -12.3452 -0.0362978 0.997677 -0.0576453 -2.2624 0.478811 0.0679936 0.875281 34.0992 
0.874954 0.00410674 -0.48419 -12.8946 -0.0365045 0.997678 -0.0575034 -2.32862 0.482829 0.0679879 0.873072 34.9668 
0.873096 0.00426816 -0.48753 -13.3903 -0.0372507 0.997623 -0.057977 -2.39011 0.486123 0.0687804 0.871179 35.7746 
0.871954 0.00354213 -0.489575 -13.8931 -0.0366584 0.997639 -0.0580722 -2.45256 0.488213 0.0685834 0.870025 36.605 
0.871452 0.00297252 -0.490472 -14.4108 -0.0358194 0.997697 -0.0575961 -2.49741 0.489171 0.0677606 0.869552 37.4762 
0.871357 0.00363271 -0.490636 -14.9541 -0.0356208 0.997802 -0.0558739 -2.56186 0.489355 0.066163 0.869571 38.3664 
0.870712 0.0018167 -0.491791 -15.4609 -0.0333302 0.997912 -0.0553246 -2.62616 0.490663 0.0645633 0.868954 39.2637 
0.869912 -0.000724378 -0.493207 -15.9863 -0.031028 0.997938 -0.0561925 -2.69184 0.49223 0.0641858 0.868096 40.1804 
0.868855 -0.00348235 -0.495055 -16.5496 -0.0280357 0.998024 -0.056225 -2.75825 0.494273 0.0627306 0.867041 41.0987 
0.867481 -0.00345893 -0.497458 -17.1073 -0.0272321 0.998146 -0.0544284 -2.82799 0.496724 0.0607625 0.865779 42.0196 
0.865462 -0.00383611 -0.50096 -17.6765 -0.0249159 0.998404 -0.0506902 -2.88563 0.500355 0.0563523 0.863985 42.9501 
0.862902 -0.00388864 -0.505356 -18.2407 -0.0226771 0.998665 -0.046406 -2.95339 0.504862 0.0515039 0.861662 43.8357 
0.859067 -0.00385833 -0.511849 -18.7868 -0.0222693 0.998743 -0.0449044 -3.0169 0.511379 0.0499745 0.857901 44.7131 
0.854263 -0.0068091 -0.519797 -19.3756 -0.0205332 0.998692 -0.0468278 -3.08868 0.519436 0.0506764 0.853005 45.5591 
0.848436 -0.0108604 -0.529187 -19.9406 -0.0180648 0.998613 -0.0494574 -3.16079 0.52899 0.0515211 0.847063 46.4193 
0.842028 -0.0113707 -0.539314 -20.4808 -0.0176536 0.998661 -0.0486178 -3.22438 0.539145 0.0504585 0.8407 47.2472 
0.836491 -0.00738105 -0.547931 -21.0865 -0.019525 0.998873 -0.0432631 -3.29098 0.547633 0.0468876 0.835404 48.119 
0.831265 -0.00387876 -0.555864 -21.7058 -0.0216641 0.99899 -0.0393683 -3.3437 0.555455 0.0447678 0.830341 48.9978 
0.827556 -0.0035988 -0.561372 -22.3355 -0.0234044 0.998889 -0.0409056 -3.39449 0.560895 0.0469903 0.826552 49.8637 
0.824162 -0.00583486 -0.566324 -22.949 -0.0237454 0.998712 -0.0448461 -3.4582 0.565856 0.0504081 0.822962 50.7169 
0.821069 -0.00782947 -0.570775 -23.5782 -0.0265661 0.998298 -0.0519097 -3.51835 0.57021 0.0577847 0.819464 51.5771 
0.818202 -0.00833373 -0.574871 -24.2076 -0.0274249 0.998191 -0.0535038 -3.58586 0.574277 0.0595428 0.816493 52.4181 
0.814895 -0.0067188 -0.57957 -24.8454 -0.0269551 0.998412 -0.0494742 -3.65318 0.578981 0.0559386 0.81342 53.2811 
0.811661 -0.00414407 -0.584114 -25.4914 -0.0267653 0.998661 -0.0442772 -3.7167 0.583515 0.0515721 0.810463 54.1495 
0.808662 -0.00275912 -0.588267 -26.1553 -0.0267297 0.998784 -0.0414286 -3.76816 0.587666 0.0492259 0.807605 55.0119 
0.805769 -0.00225304 -0.592226 -26.8207 -0.027964 0.998733 -0.0418467 -3.82864 0.59157 0.0502798 0.804684 55.8615 
0.802538 -0.00379288 -0.596589 -27.4914 -0.0273277 0.998697 -0.0431109 -3.89427 0.595975 0.0509016 0.801388 56.7025 
0.798593 -0.00630961 -0.601838 -28.1603 -0.0266958 0.99859 -0.0458925 -3.95348 0.601279 0.052716 0.797299 57.5597 
0.794739 -0.00774145 -0.606902 -28.8557 -0.0257513 0.998588 -0.046459 -4.00736 0.606405 0.0525514 0.793418 58.3969 
0.790247 -0.00804014 -0.612736 -29.5422 -0.0248311 0.998673 -0.045129 -4.07424 0.612286 0.050878 0.788998 59.2401 
0.785666 -0.00775801 -0.618602 -30.2425 -0.0252347 0.998687 -0.0445745 -4.13191 0.618136 0.0506309 0.784439 60.0754 
0.780726 -0.00953696 -0.624801 -30.9398 -0.0244091 0.998655 -0.0457441 -4.19212 0.624396 0.0509645 0.779443 60.9031 
0.775287 -0.0109267 -0.631514 -31.6143 -0.0239412 0.998623 -0.0466705 -4.25283 0.631155 0.0513023 0.773959 61.7018 
0.769509 -0.0119666 -0.638524 -32.3173 -0.024214 0.998559 -0.0478953 -4.30875 0.638177 0.0523171 0.76811 62.5285 
0.76411 -0.0137216 -0.64494 -33.0693 -0.0232521 0.998538 -0.0487934 -4.37364 0.644667 0.0522798 0.762674 63.3616 
0.757968 -0.0153915 -0.652111 -33.8 -0.0228202 0.998484 -0.0500914 -4.43536 0.651893 0.0528491 0.756467 64.1877 
0.75168 -0.0171315 -0.659305 -34.5374 -0.0209136 0.998541 -0.0497901 -4.50013 0.659196 0.0512148 0.750225 65.0086 
0.745563 -0.017676 -0.666201 -35.3224 -0.0194587 0.998645 -0.0482734 -4.56088 0.666151 0.0489543 0.744208 65.8381 
0.739174 -0.0180598 -0.673272 -36.113 -0.0187881 0.998699 -0.0474162 -4.62581 0.673252 0.0476984 0.737873 66.6635 
0.732601 -0.0205734 -0.680347 -36.9004 -0.0164181 0.998718 -0.0478799 -4.69635 0.68046 0.046247 0.731324 67.4759 
0.726378 -0.0215369 -0.686958 -37.7132 -0.0171325 0.998631 -0.049424 -4.76653 0.687081 0.0476699 0.725015 68.2841 
0.720592 -0.0210778 -0.693039 -38.5165 -0.0184133 0.998604 -0.0495164 -4.83118 0.693115 0.0484423 0.719197 69.0749 
0.715426 -0.019472 -0.698417 -39.3377 -0.0197036 0.998652 -0.0480261 -4.91406 0.698411 0.0481205 0.714078 69.8672 
0.710633 -0.0189232 -0.703309 -40.1371 -0.0209239 0.998628 -0.0480108 -4.98131 0.703252 0.048834 0.709261 70.6466 
0.706231 -0.0196086 -0.70771 -40.9508 -0.0214194 0.998567 -0.0490421 -5.0448 0.707657 0.0497938 0.704799 71.3969 
0.701042 -0.021272 -0.712803 -41.7825 -0.0220647 0.998429 -0.0514965 -5.11747 0.712779 0.051829 0.699471 72.1672 
0.696033 -0.0237513 -0.717617 -42.6151 -0.021449 0.998319 -0.0538458 -5.19193 0.717689 0.0528707 0.694354 72.9453 
0.691542 -0.0234756 -0.721955 -43.4822 -0.0233105 0.998226 -0.0547877 -5.26173 0.72196 0.0547172 0.689768 73.7133 
0.686808 -0.0238893 -0.726446 -44.3528 -0.0218195 0.998332 -0.0534592 -5.33052 0.726511 0.0525669 0.685141 74.5023 
0.681948 -0.0232419 -0.731031 -45.228 -0.0221237 0.998382 -0.0523801 -5.40558 0.731066 0.0518937 0.680331 75.2792 
0.676946 -0.023837 -0.735646 -46.1195 -0.0221084 0.998366 -0.0526942 -5.48256 0.7357 0.0519351 0.675313 76.0652 
0.672625 -0.0247852 -0.739568 -47.0242 -0.0215681 0.998358 -0.0530739 -5.55703 0.739669 0.05165 0.670986 76.8389 
0.66833 -0.024832 -0.74345 -47.9291 -0.0216465 0.99837 -0.0528059 -5.63219 0.74355 0.0513849 0.666703 77.6141 
0.664649 -0.0255415 -0.746719 -48.8239 -0.0207717 0.998398 -0.052639 -5.70786 0.746867 0.0504971 0.663053 78.3604 
0.660947 -0.0277393 -0.74992 -49.7253 -0.0185692 0.998406 -0.0532968 -5.79373 0.750203 0.0491518 0.659378 79.1171 
0.656879 -0.0329668 -0.753275 -50.6465 -0.0147749 0.998289 -0.056574 -5.86478 0.753851 0.0482919 0.655268 79.8944 
0.652531 -0.0366961 -0.756873 -51.5682 -0.0106571 0.998284 -0.0575886 -5.95417 0.757687 0.0456445 0.65102 80.6534 
0.645709 -0.040307 -0.762519 -52.4874 -0.00553303 0.998333 -0.0574577 -6.03334 0.763564 0.04132 0.644409 81.4209 
0.637965 -0.0438774 -0.768815 -53.4347 -0.00163647 0.998296 -0.0583322 -6.10773 0.770064 0.0384721 0.636806 82.1715 
0.629331 -0.0442561 -0.775876 -54.396 0.000159728 0.998385 -0.0568184 -6.19331 0.777137 0.0356337 0.628321 82.9187 
0.620465 -0.0429585 -0.783056 -55.358 0.000652026 0.998527 -0.0542625 -6.27545 0.784234 0.0331575 0.619579 83.6666 
0.611462 -0.0429298 -0.790108 -56.3349 0.000419176 0.998545 -0.0539306 -6.35387 0.791274 0.0326453 0.61059 84.3884 
0.602344 -0.0438789 -0.79703 -57.3329 -0.000911644 0.99845 -0.0556567 -6.43242 0.798237 0.0342511 0.60137 85.0956 
0.592692 -0.0456684 -0.804133 -58.3334 -0.00134432 0.998334 -0.0576884 -6.51451 0.805428 0.0352725 0.591643 85.8004 
0.58306 -0.0474989 -0.81104 -59.353 -0.00101093 0.998246 -0.0591895 -6.59338 0.812429 0.035331 0.581989 86.5008 
0.572965 -0.0479998 -0.818173 -60.3909 0.00127298 0.998334 -0.057678 -6.67849 0.819579 0.032006 0.572072 87.2068 
0.562827 -0.0483452 -0.82516 -61.4273 0.0030743 0.998404 -0.0563985 -6.7657 0.826569 0.0292058 0.562077 87.8915 
0.552712 -0.0493084 -0.831912 -62.4873 0.00311593 0.998363 -0.057104 -6.8441 0.833367 0.0289699 0.551961 88.5769 
0.542577 -0.0499823 -0.838518 -63.5367 0.00204346 0.998304 -0.0581846 -6.93066 0.840004 0.0298562 0.541759 89.2312 
0.53253 -0.0505386 -0.844901 -64.5976 0.0005621 0.998237 -0.0593563 -7.01369 0.846411 0.0311341 0.531619 89.8791 
0.522646 -0.0517192 -0.85098 -65.6778 -0.000186272 0.998151 -0.0607781 -7.09973 0.85255 0.031924 0.52167 90.5209 
0.513352 -0.0516151 -0.856625 -66.7815 -0.00180507 0.998123 -0.0612226 -7.18466 0.858176 0.0329751 0.512295 91.1435 
0.50448 -0.0505498 -0.861942 -67.8934 -0.00142467 0.998235 -0.0593767 -7.26548 0.863422 0.0311824 0.503518 91.7661 
0.496439 -0.0489967 -0.866688 -69.0082 -0.00101234 0.998373 -0.0570211 -7.35022 0.868071 0.0291849 0.495581 92.3758 
0.489354 -0.0489355 -0.870711 -70.0982 -0.0016521 0.998371 -0.0570387 -7.43432 0.872084 0.0293507 0.488476 92.9439 
0.481742 -0.0518768 -0.874776 -71.2189 -0.000301223 0.998236 -0.0593642 -7.5204 0.876313 0.0288618 0.480877 93.5404 
0.474641 -0.0560304 -0.878395 -72.3528 0.00371231 0.99809 -0.0616596 -7.61615 0.880172 0.0260053 0.473942 94.14 
0.468609 -0.0590231 -0.881432 -73.4876 0.00485624 0.997923 -0.0642418 -7.70502 0.883392 0.0258239 0.467922 94.7184 
0.463227 -0.0627994 -0.884012 -74.6382 0.00727541 0.997722 -0.067065 -7.80533 0.88621 0.0246348 0.462628 95.2981 
0.458912 -0.0638036 -0.886188 -75.8009 0.0102214 0.997731 -0.0665414 -7.91161 0.888423 0.0214787 0.458523 95.87 
0.454215 -0.0615021 -0.888767 -76.949 0.0121876 0.99795 -0.062829 -8.01238 0.890809 0.017706 0.454033 96.4524 
0.450206 -0.0596629 -0.890929 -78.1012 0.0152079 0.998133 -0.0591572 -8.10847 0.892795 0.0130839 0.450273 97.0211 
0.446389 -0.0595566 -0.892855 -79.2487 0.0177404 0.998176 -0.0577124 -8.20667 0.894663 0.00992261 0.446631 97.5944 
0.443617 -0.0591413 -0.894263 -80.3759 0.018996 0.998217 -0.0565929 -8.29913 0.896015 0.00811818 0.44395 98.1378 
0.440869 -0.0585664 -0.895659 -81.5042 0.0212766 0.998271 -0.0548032 -8.3893 0.897319 0.00510449 0.441353 98.6841 
0.438309 -0.057371 -0.896992 -82.6264 0.0226427 0.998349 -0.0527896 -8.48168 0.898539 0.00282787 0.438884 99.2157 
0.436309 -0.0585137 -0.897892 -83.7909 0.0251614 0.998287 -0.0528296 -8.56258 0.899445 0.000457782 0.437033 99.7559 
0.434304 -0.058598 -0.898859 -84.8786 0.0267752 0.998281 -0.0521425 -8.65018 0.900368 -0.00142139 0.435126 100.262 
0.431347 -0.057651 -0.900342 -85.9933 0.0295197 0.998324 -0.0497823 -8.73164 0.901703 -0.00510437 0.432326 100.796 
0.42974 -0.0569689 -0.901154 -87.0946 0.0312598 0.998348 -0.0482062 -8.81248 0.902411 -0.0074537 0.430811 101.285 
0.428199 -0.0579259 -0.901826 -88.1982 0.0333682 0.998276 -0.0482775 -8.89273 0.903068 -0.00941993 0.429394 101.788 
0.42669 -0.0596842 -0.902426 -89.2798 0.0352928 0.998159 -0.0493283 -8.96768 0.903709 -0.0108012 0.428011 102.287 
0.425703 -0.0610985 -0.902798 -90.3523 0.0356734 0.998075 -0.0507253 -9.04886 0.90416 -0.010612 0.427063 102.789 
0.425908 -0.0618963 -0.902647 -91.4138 0.0345613 0.998042 -0.0521302 -9.12571 0.904106 -0.00899398 0.427213 103.268 
0.428006 -0.0614505 -0.901684 -92.4588 0.0324008 0.998088 -0.0526407 -9.20758 0.903195 -0.00668468 0.429179 103.739 
0.431423 -0.0624052 -0.899989 -93.4837 0.031789 0.998037 -0.0539654 -9.28695 0.90159 -0.0053278 0.432559 104.221 
0.436599 -0.0626569 -0.897472 -94.5043 0.0301084 0.998031 -0.0550304 -9.3679 0.899152 -0.00299522 0.437625 104.693 
0.442331 -0.0628057 -0.89465 -95.5219 0.0299493 0.998023 -0.0552552 -9.44888 0.896352 -0.00235303 0.443337 105.175 
0.449038 -0.0621999 -0.891345 -96.5201 0.02995 0.998061 -0.0545587 -9.52626 0.893011 -0.00219676 0.45003 105.664 
0.456695 -0.0611741 -0.887518 -97.5052 0.0290521 0.998126 -0.0538485 -9.60699 0.889149 -0.00119183 0.457617 106.157 
0.465685 -0.0608475 -0.882856 -98.5059 0.0286626 0.998147 -0.0536747 -9.67803 0.884486 -0.000309328 0.466566 106.662 
0.474809 -0.060037 -0.878039 -99.4726 0.0278914 0.998196 -0.0531704 -9.75717 0.879647 0.000756121 0.475627 107.168 
0.484422 -0.0610774 -0.8727 -100.43 0.02708 0.998129 -0.0548241 -9.83139 0.874415 0.00292539 0.48517 107.681 
0.494565 -0.0620436 -0.866923 -101.397 0.0253402 0.998054 -0.0569721 -9.91594 0.868771 0.00620851 0.495175 108.22 
0.505497 -0.0622759 -0.860578 -102.333 0.0238098 0.998019 -0.0582361 -10.0116 0.8625 0.00894802 0.505978 108.759 
0.517633 -0.0607279 -0.853445 -103.279 0.0220228 0.998093 -0.0576632 -10.0845 0.85532 0.0110532 0.517983 109.304 
0.530531 -0.0579956 -0.845679 -104.21 0.0200496 0.998236 -0.0558799 -10.1644 0.847428 0.0126906 0.530758 109.858 
0.542831 -0.0559202 -0.837978 -105.11 0.0195456 0.998352 -0.053961 -10.2383 0.839614 0.012913 0.543029 110.413 
0.554779 -0.0541677 -0.830232 -106.004 0.0183449 0.998432 -0.0528833 -10.3216 0.831795 0.0141081 0.554903 110.981 
0.566288 -0.0549205 -0.822376 -106.887 0.0191426 0.998385 -0.0534933 -10.4006 0.823985 0.0145503 0.566424 111.56 
0.576979 -0.0559149 -0.814843 -107.761 0.0193949 0.998311 -0.0547713 -10.4731 0.816528 0.0157982 0.577089 112.165 
0.58739 -0.0573882 -0.807267 -108.603 0.021593 0.998239 -0.0552526 -10.5524 0.809016 0.0150235 0.587595 112.768 
0.597857 -0.0574547 -0.799541 -109.426 0.0221961 0.998232 -0.0551355 -10.6256 0.801295 0.0152165 0.598076 113.368 
0.607898 -0.0552291 -0.792092 -110.261 0.021741 0.998362 -0.0529261 -10.7039 0.793717 0.0149529 0.608103 113.998 
0.617388 -0.0526055 -0.784898 -111.067 0.0222718 0.998531 -0.049405 -10.7713 0.786343 0.013021 0.617653 114.625 
0.627006 -0.0506302 -0.777368 -111.86 0.0207131 0.998617 -0.0483336 -10.8393 0.778739 0.0142038 0.627187 115.253 
0.637526 -0.0496802 -0.768825 -112.65 0.0185804 0.99862 -0.0491219 -10.9076 0.770204 0.0170315 0.63757 115.874 
0.646243 -0.0495448 -0.761522 -113.416 0.0172625 0.998584 -0.0503188 -10.9783 0.762937 0.0193724 0.646183 116.522 
0.655181 -0.0493359 -0.753859 -114.161 0.017688 0.998594 -0.0499797 -11.0454 0.755265 0.0194115 0.655132 117.157 
0.664026 -0.0473837 -0.746206 -114.91 0.0175613 0.998703 -0.0477899 -11.1127 0.747503 0.0186295 0.663997 117.809 
0.672477 -0.0462089 -0.738674 -115.655 0.0183394 0.998783 -0.0457845 -11.175 0.739891 0.0172422 0.672506 118.485 
0.680609 -0.0455177 -0.731232 -116.368 0.018229 0.998811 -0.0452071 -11.2295 0.73242 0.0174388 0.680629 119.125 
0.687911 -0.044719 -0.724416 -117.064 0.0172976 0.998827 -0.0452328 -11.2924 0.725589 0.0185855 0.687878 119.789 
0.694936 -0.0444106 -0.717699 -117.743 0.0173193 0.998835 -0.0450371 -11.3484 0.718863 0.0188679 0.694895 120.445 
0.701776 -0.0420838 -0.711153 -118.419 0.0167969 0.998954 -0.0425394 -11.4021 0.712199 0.017908 0.701749 121.099 
0.708582 -0.0394438 -0.704525 -119.092 0.0158846 0.999075 -0.0399585 -11.4536 0.70545 0.0171229 0.708553 121.773 
0.715793 -0.038344 -0.697259 -119.741 0.0153377 0.999114 -0.0391983 -11.5026 0.698144 0.0173636 0.715747 122.426 
0.722974 -0.0372922 -0.689868 -120.36 0.0145751 0.999143 -0.0387362 -11.5603 0.690721 0.0179505 0.722899 123.07 
0.730659 -0.0348615 -0.681852 -120.979 0.0126074 0.999214 -0.0375778 -11.6112 0.682626 0.0188602 0.730525 123.721 
0.739814 -0.0319244 -0.672054 -121.586 0.011518 0.999328 -0.0347916 -11.6559 0.672713 0.0179986 0.739685 124.361 
0.748795 -0.0276197 -0.662226 -122.177 0.00939783 0.999473 -0.0310591 -11.7063 0.662735 0.0170335 0.74866 125.025 
0.758861 -0.0257328 -0.650744 -122.752 0.00793543 0.99951 -0.0302705 -11.7506 0.651204 0.0178072 0.758694 125.675 
0.768828 -0.0248045 -0.638975 -123.309 0.00639919 0.999496 -0.0311001 -11.7945 0.639424 0.0198217 0.768599 126.326 
0.778862 -0.0265548 -0.626633 -123.91 0.00716747 0.999415 -0.0334435 -11.8162 0.627155 0.0215566 0.778596 127.01 
0.788635 -0.0246045 -0.614369 -124.415 0.00584128 0.999454 -0.0325284 -11.8634 0.614833 0.0220644 0.788348 127.655 
0.798472 -0.0230392 -0.601591 -124.914 0.00559097 0.999508 -0.0308576 -11.9014 0.602006 0.0212755 0.798208 128.322 
0.808488 -0.0209702 -0.588139 -125.424 0.00533599 0.999585 -0.0283053 -11.9365 0.588489 0.0197463 0.808264 129.002 
0.817955 -0.0199983 -0.574935 -125.922 0.00618734 0.999644 -0.0259685 -11.969 0.575249 0.0176838 0.817787 129.692 
0.826938 -0.0190896 -0.56197 -126.424 0.00715562 0.9997 -0.0234295 -11.9912 0.562248 0.0153536 0.826826 130.448 
0.834952 -0.0178027 -0.550035 -126.886 0.00747413 0.999751 -0.0210128 -12.0214 0.550272 0.0134337 0.834877 131.136 
0.842156 -0.0183862 -0.53892 -127.35 0.00923961 0.999764 -0.0196703 -12.0488 0.539155 0.0115861 0.842127 131.848 
0.848862 -0.0186544 -0.528285 -127.794 0.0097404 0.999759 -0.0196516 -12.0693 0.528525 0.0115359 0.848839 132.531 
0.855375 -0.0178584 -0.517701 -128.242 0.00902657 0.999768 -0.0195734 -12.0959 0.517931 0.0120696 0.855338 133.243 
0.861999 -0.0157196 -0.506666 -128.669 0.00730821 0.999801 -0.0185859 -12.1329 0.506857 0.0123183 0.861942 133.962 
0.868068 -0.0147598 -0.496226 -129.089 0.00663193 0.999814 -0.0181372 -12.1624 0.496401 0.0124534 0.868004 134.696 
0.873837 -0.015435 -0.485974 -129.512 0.00751988 0.999806 -0.0182332 -12.1924 0.486161 0.0122784 0.873783 135.452 
0.878725 -0.0164717 -0.477044 -129.929 0.00849335 0.999786 -0.0188764 -12.2257 0.477252 0.0125355 0.878677 136.228 
0.882818 -0.0170828 -0.469404 -130.329 0.00913759 0.999774 -0.0191991 -12.257 0.469626 0.0126601 0.882775 136.978 
0.886123 -0.016173 -0.463169 -130.739 0.0084831 0.99979 -0.0186811 -12.2833 0.463373 0.0126247 0.886073 137.764 
0.889183 -0.014432 -0.457324 -131.153 0.00815024 0.999843 -0.0157061 -12.3007 0.457479 0.0102383 0.889162 138.548 
0.892303 -0.00999965 -0.451326 -131.57 0.00548653 0.999921 -0.0113072 -12.3299 0.451403 0.00761332 0.892288 139.341 
0.895689 -0.00775824 -0.444613 -131.984 0.00425119 0.999952 -0.00888448 -12.3456 0.44466 0.00606765 0.895679 140.153 
0.898875 -0.00515294 -0.438175 -132.423 0.00247636 0.999975 -0.00667974 -12.3603 0.438198 0.00491922 0.898865 141.015 
0.902165 -0.00307481 -0.43138 -132.859 0.00137251 0.99999 -0.00425745 -12.3899 0.431388 0.0032489 0.90216 141.891 
0.905036 -0.00252511 -0.425327 -133.197 0.00193713 0.999997 -0.00181498 -12.3835 0.42533 0.000818757 0.905038 142.678 
0.908297 -0.00246697 -0.418318 -133.626 0.00281574 0.999996 0.00021643 -12.4016 0.418315 -0.00137441 0.908301 143.584 
0.911659 -0.0026083 -0.410939 -134.014 0.00342376 0.999993 0.00124833 -12.4114 0.410933 -0.00254496 0.911662 144.453 
0.915222 -0.00335037 -0.402937 -134.417 0.00421151 0.99999 0.00125104 -12.4179 0.402929 -0.00284191 0.915227 145.362 
0.919136 -0.00579258 -0.393898 -134.838 0.00660378 0.999978 0.000703941 -12.4247 0.393885 -0.00324818 0.919154 146.296 
0.922939 -0.0073624 -0.384877 -135.223 0.00787574 0.999969 -0.0002426 -12.4378 0.384867 -0.00280724 0.922968 147.229 
0.927273 -0.00823421 -0.374296 -135.615 0.00806274 0.999965 -0.00202408 -12.4592 0.3743 -0.00114093 0.927307 148.192 
0.932385 -0.00664055 -0.361405 -136.008 0.00599391 0.999978 -0.00291034 -12.4578 0.361416 0.000547377 0.932405 149.156 
0.938194 -0.00254966 -0.346101 -136.366 0.00218234 0.999997 -0.00145109 -12.4795 0.346104 0.000606142 0.938196 150.147 
0.944709 0.000847385 -0.32791 -136.732 -0.000380976 0.999999 0.0014865 -12.4834 0.327911 -0.00127933 0.944708 151.175 
0.951154 0.0039517 -0.308693 -137.045 -0.00317487 0.99999 0.00301865 -12.5024 0.308702 -0.00189109 0.951157 152.174 
0.957659 0.00544364 -0.287853 -137.358 -0.00452843 0.999982 0.00384506 -12.5101 0.287869 -0.00237869 0.957667 153.182 
0.963763 0.00674486 -0.266673 -137.656 -0.00552065 0.999971 0.00533998 -12.5162 0.266702 -0.00367422 0.963772 154.227 
0.969365 0.00745274 -0.245512 -137.921 -0.00563082 0.999951 0.00812188 -12.5277 0.24556 -0.00649059 0.96936 155.266 
0.974525 0.0101162 -0.224052 -138.188 -0.007598 0.999898 0.0120986 -12.5428 0.224151 -0.010088 0.974502 156.348 
0.979314 0.0119489 -0.201992 -138.43 -0.00885478 0.999829 0.0162143 -12.5401 0.202151 -0.0140903 0.979253 157.455 
0.983619 0.0138978 -0.179726 -138.656 -0.0105367 0.999752 0.0196424 -12.5545 0.179954 -0.0174268 0.983521 158.597 
0.987375 0.0156669 -0.157623 -138.864 -0.0127203 0.999725 0.0196852 -12.5484 0.157888 -0.0174316 0.987303 159.744 
0.990634 0.0147566 -0.135748 -139.039 -0.0124851 0.999768 0.0175693 -12.5414 0.135975 -0.0157098 0.990588 160.908 
0.993237 0.0143836 -0.115207 -139.18 -0.01255 0.999783 0.0166247 -12.5398 0.115421 -0.0150664 0.993202 162.056 
0.995319 0.013274 -0.0957317 -139.277 -0.0115399 0.99976 0.0186451 -12.5254 0.0959562 -0.0174531 0.995233 163.226 
0.99696 0.0141409 -0.0766281 -139.345 -0.0125916 0.999707 0.0206634 -12.5327 0.0768978 -0.0196356 0.996846 164.245 
0.998282 0.0138753 -0.0569235 -139.418 -0.0126626 0.999686 0.0216086 -12.5255 0.0572054 -0.0208506 0.998145 165.474 
0.999166 0.015485 -0.0377741 -139.426 -0.0146421 0.99964 0.0224875 -12.5296 0.0381087 -0.0219157 0.999033 166.546 
0.999715 0.0158903 -0.017818 -139.431 -0.015473 0.999608 0.0233149 -12.5345 0.0181814 -0.0230325 0.999569 167.854 
0.999839 0.0178554 0.00172162 -139.377 -0.0178906 0.999568 0.0233105 -12.5684 -0.00130471 -0.0233375 0.999727 169.119 
0.999586 0.0190798 0.0215303 -139.366 -0.0195641 0.999555 0.0225131 -12.5749 -0.0210912 -0.022925 0.999515 170.456 
0.99899 0.0192029 0.0406338 -139.303 -0.0200519 0.999587 0.020591 -12.5949 -0.0402217 -0.021385 0.998962 171.75 
0.998011 0.0210564 0.059418 -139.225 -0.0221703 0.999589 0.0181502 -12.5777 -0.0590115 -0.0194314 0.998068 173.169 
0.996756 0.0214329 0.0775818 -139.037 -0.0228147 0.999596 0.0169691 -12.6213 -0.0771867 -0.018684 0.996842 174.504 
0.995163 0.0213665 0.0958854 -138.897 -0.0228481 0.999636 0.0143812 -12.6387 -0.0955432 -0.0165024 0.995289 175.907 
0.99321 0.0221307 0.11421 -138.765 -0.0233421 0.999685 0.00928007 -12.6519 -0.113969 -0.0118829 0.993413 177.261 
0.990993 0.0231017 0.131906 -138.613 -0.023626 0.999718 0.00241099 -12.6572 -0.131813 -0.00550565 0.991259 178.55 
0.988663 0.0245256 0.148133 -138.327 -0.0244957 0.999698 -0.00202573 -12.7101 -0.148138 -0.00162582 0.988965 179.946 
0.985897 0.0271691 0.165132 -138.119 -0.0265482 0.99963 -0.00596643 -12.7314 -0.165233 0.00149836 0.986253 181.294 
0.982749 0.0290977 0.182643 -137.883 -0.02803 0.999572 -0.00842459 -12.774 -0.18281 0.00315979 0.983143 182.71 
0.979396 0.0281945 0.19997 -137.63 -0.0271194 0.999599 -0.00811389 -12.7961 -0.200119 0.00252368 0.979768 184.038 
0.975902 0.0269209 0.216544 -137.35 -0.0256944 0.999634 -0.00847776 -12.8349 -0.216693 0.00270953 0.976236 185.378 
0.972079 0.0269628 0.233099 -137.018 -0.0246543 0.999614 -0.0128115 -12.9068 -0.233355 0.0067069 0.972369 186.778 
0.967999 0.0281796 0.249368 -136.67 -0.0247685 0.999552 -0.0168069 -12.9588 -0.24973 0.0100926 0.968263 188.204 
0.963799 0.0304635 0.264884 -136.158 -0.0270196 0.999497 -0.016636 -13.0344 -0.265258 0.00887669 0.964137 189.721 
0.958882 0.0324064 0.281947 -135.781 -0.0287615 0.999441 -0.0170574 -13.0783 -0.282343 0.00824679 0.959278 191.084 
0.953344 0.035947 0.299739 -135.401 -0.0314754 0.99931 -0.0197348 -13.1434 -0.300242 0.00937971 0.953817 192.453 
0.947987 0.0362169 0.316243 -134.919 -0.0304931 0.99927 -0.0230307 -13.2119 -0.316847 0.0121896 0.948399 193.897 
0.942089 0.0370397 0.333312 -134.395 -0.0304394 0.999224 -0.0250045 -13.2874 -0.333979 0.0134107 0.942485 195.432 
0.935627 0.037357 0.351008 -133.909 -0.0287204 0.999144 -0.029781 -13.3662 -0.35182 0.0177829 0.935899 196.89 
0.928561 0.0404908 0.368965 -133.232 -0.0294972 0.998938 -0.0353904 -13.4797 -0.370006 0.0219788 0.928769 198.42 
0.919506 0.0438381 0.390624 -132.658 -0.0313318 0.998774 -0.0383348 -13.5855 -0.391826 0.0230101 0.919752 199.913 
0.909008 0.0466448 0.41416 -132.034 -0.0333361 0.998671 -0.0393086 -13.684 -0.415443 0.0219254 0.909355 201.347 
0.896996 0.0513963 0.43904 -131.337 -0.0367436 0.99845 -0.0418132 -13.7852 -0.440508 0.0213744 0.897494 202.857 
0.884034 0.0552163 0.46415 -130.624 -0.0386478 0.998233 -0.0451421 -13.8776 -0.465823 0.0219688 0.884605 204.311 
0.870155 0.0587892 0.489258 -129.87 -0.0407427 0.998042 -0.0474627 -14.0424 -0.491091 0.0213662 0.870846 205.829 
0.85615 0.0601186 0.513218 -129.056 -0.0403113 0.997953 -0.0496532 -14.1531 -0.515153 0.0218222 0.856821 207.248 
0.841237 0.0614463 0.537164 -128.223 -0.0399374 0.997869 -0.0516016 -14.2807 -0.53919 0.0219562 0.841898 208.705 
0.826198 0.0634981 0.55979 -127.288 -0.0386233 0.997674 -0.0561637 -14.4067 -0.562055 0.0247814 0.826729 210.082 
0.810733 0.0654356 0.581748 -126.406 -0.0367671 0.997463 -0.0609563 -14.5387 -0.584261 0.0280301 0.811082 211.417 
0.795422 0.0670663 0.602334 -125.536 -0.0357752 0.997321 -0.0638022 -14.6781 -0.604999 0.0292011 0.795691 212.665 
0.780706 0.0681868 0.621167 -124.605 -0.0340124 0.997192 -0.0667157 -14.8143 -0.623972 0.030958 0.780833 213.84 
0.766005 0.0682939 0.639196 -123.624 -0.0323182 0.997175 -0.0678117 -14.9609 -0.642021 0.0312865 0.766048 215.05 
0.75166 0.0688202 0.65595 -122.62 -0.031049 0.997131 -0.0690363 -15.1097 -0.658819 0.0315253 0.75164 216.25 
0.737646 0.0691487 0.671638 -121.533 -0.0283131 0.997035 -0.0715543 -15.2493 -0.674594 0.0337656 0.737416 217.468 
0.72298 0.0706646 0.687245 -120.487 -0.0264074 0.996855 -0.0747189 -15.3885 -0.690364 0.035872 0.722572 218.679 
0.708825 0.0719839 0.701702 -119.394 -0.0236896 0.996648 -0.0783107 -15.5569 -0.704987 0.0388856 0.708154 219.825 
0.694567 0.0740481 0.715607 -118.268 -0.0230767 0.99647 -0.0807124 -15.711 -0.719058 0.0395463 0.693824 220.949 
0.680359 0.0747009 0.729062 -117.072 -0.0223928 0.996446 -0.0812006 -15.8879 -0.732537 0.0389198 0.679614 222.053 
0.66506 0.0755796 0.742955 -115.919 -0.0227057 0.996452 -0.0810422 -16.0408 -0.746445 0.0370286 0.664417 223.105 
0.648356 0.0769071 0.757443 -114.757 -0.0250565 0.996501 -0.079732 -16.1853 -0.760925 0.0327159 0.648015 224.151 
0.631639 0.077861 0.771343 -113.563 -0.0277307 0.996576 -0.0778883 -16.3517 -0.774767 0.0278074 0.631635 225.15 
0.614746 0.0795108 0.784707 -112.355 -0.0303811 0.996555 -0.0771756 -16.5113 -0.78814 0.0236032 0.615044 226.143 
0.597631 0.0824674 0.797519 -111.131 -0.0317404 0.99635 -0.0792424 -16.6869 -0.801143 0.0220442 0.598067 227.088 
0.580785 0.0862641 0.809474 -109.858 -0.034564 0.996086 -0.0813518 -16.8403 -0.813323 0.0192693 0.581493 228.005 
0.562712 0.0859435 0.822173 -108.61 -0.0342777 0.996151 -0.0806694 -17.0038 -0.825942 0.0172115 0.563492 228.895 
0.542526 0.0851785 0.83571 -107.392 -0.0355863 0.996283 -0.0784427 -17.1452 -0.839285 0.0128174 0.54354 229.737 
0.522112 0.0831012 0.848819 -106.159 -0.0355542 0.996497 -0.0756897 -17.3049 -0.852136 0.00933944 0.523238 230.554 
0.501396 0.0815517 0.861366 -104.938 -0.0359391 0.996652 -0.0734402 -17.4552 -0.864471 0.00586584 0.502648 231.31 
0.480564 0.0802702 0.873278 -103.645 -0.0350546 0.996765 -0.0723304 -17.6039 -0.876259 0.004147 0.481823 232.088 
0.459793 0.0797127 0.884441 -102.378 -0.0345769 0.996815 -0.0718652 -17.7411 -0.887353 0.00246188 0.461084 232.793 
0.439963 0.0786235 0.894567 -101.06 -0.0313121 0.996897 -0.0722174 -17.8683 -0.89747 0.00376227 0.44106 233.477 
0.419533 0.078893 0.904305 -99.7841 -0.0291685 0.996873 -0.0734366 -18.0086 -0.907272 0.00443182 0.420522 234.107 
0.39963 0.0776523 0.913382 -98.4507 -0.0252349 0.99696 -0.0737167 -18.1638 -0.916329 0.00641028 0.400374 234.697 
0.379089 0.0761403 0.922223 -97.1604 -0.0241405 0.997084 -0.0723977 -18.2894 -0.925046 0.0051822 0.379821 235.263 
0.359272 0.075633 0.930163 -95.8761 -0.0226649 0.997124 -0.0723234 -18.4196 -0.932958 0.0049017 0.359953 235.789 
0.339632 0.0802833 0.937126 -94.5234 -0.0233261 0.996763 -0.0769386 -18.5648 -0.940269 0.00427137 0.340405 236.325 
0.320616 0.0895035 0.942971 -93.1781 -0.0246776 0.995977 -0.086144 -18.7089 -0.946888 0.00434888 0.321535 236.821 
0.301821 0.0972709 0.948389 -91.8591 -0.0268328 0.995254 -0.0935381 -18.8532 -0.952987 0.00278385 0.302999 237.274 
0.282144 0.101421 0.953996 -90.5497 -0.0292007 0.994843 -0.0971279 -19.002 -0.958928 -0.000453351 0.28365 237.723 
0.262424 0.102651 0.959477 -89.2736 -0.0317086 0.994706 -0.0977476 -19.16 -0.964432 -0.00477232 0.26429 238.12 
0.242304 0.102954 0.964722 -87.9924 -0.0354024 0.99463 -0.0972539 -19.3099 -0.969554 -0.0105885 0.244647 238.502 
0.223089 0.103486 0.969289 -86.67 -0.0369053 0.994533 -0.097687 -19.4547 -0.974099 -0.013979 0.225689 238.853 
0.204215 0.10209 0.973588 -85.4284 -0.0371491 0.994639 -0.0965049 -19.6033 -0.978221 -0.0164602 0.206913 239.155 
0.185755 0.102153 0.977272 -84.2042 -0.0375432 0.994593 -0.0968277 -19.7462 -0.981879 -0.0187037 0.188585 239.423 
0.167475 0.102778 0.980504 -82.9657 -0.0367102 0.994512 -0.0979755 -19.8879 -0.985193 -0.0195861 0.170329 239.666 
0.148568 0.106865 0.983111 -81.701 -0.0406475 0.993964 -0.101902 -20.0212 -0.988067 -0.0248217 0.152015 239.896 
0.130334 0.108593 0.985505 -80.4644 -0.0407011 0.993732 -0.104117 -20.172 -0.990634 -0.0265412 0.133937 240.095 
0.113296 0.105361 0.987959 -79.2007 -0.0412419 0.994003 -0.101276 -20.3341 -0.992705 -0.029271 0.116962 240.275 
0.0975041 0.100677 0.99013 -77.9683 -0.038781 0.994499 -0.0973021 -20.4928 -0.994479 -0.0289109 0.100872 240.434 
0.083449 0.0963399 0.991844 -76.7547 -0.0381123 0.994896 -0.0934297 -20.6365 -0.995783 -0.0300049 0.0866948 240.561 
0.071092 0.0927532 0.993148 -75.5696 -0.0358072 0.995263 -0.0903875 -20.7726 -0.996827 -0.0291361 0.0740765 240.665 
0.060595 0.0926937 0.993849 -74.4031 -0.0353063 0.995255 -0.0906722 -20.9083 -0.997538 -0.0295949 0.0635801 240.762 
0.0519458 0.095136 0.994108 -73.2362 -0.0358067 0.994989 -0.0933493 -21.0373 -0.998008 -0.0307466 0.055092 240.845 
0.0448599 0.0965953 0.994312 -72.0956 -0.0369737 0.994793 -0.0949738 -21.1746 -0.998309 -0.0325029 0.0481978 240.928 
0.038484 0.100901 0.994152 -70.9747 -0.0373793 0.994338 -0.0994728 -21.3032 -0.99856 -0.0333326 0.0420377 241.009 
0.0332122 0.109429 0.99344 -69.8575 -0.0370033 0.993441 -0.108193 -21.4431 -0.998763 -0.0331673 0.0370436 241.066 
0.0279964 0.112322 0.993277 -68.752 -0.0386846 0.993044 -0.111205 -21.5707 -0.998859 -0.0353112 0.0321468 241.136 
0.0245194 0.104132 0.994261 -67.6478 -0.0377472 0.993947 -0.103169 -21.7025 -0.998987 -0.0350009 0.0283016 241.177 
0.0219093 0.0940108 0.99533 -66.5427 -0.0365074 0.99498 -0.0931741 -21.8368 -0.999093 -0.0342956 0.0252315 241.228 
0.0206301 0.0904801 0.995685 -65.4541 -0.0362152 0.995311 -0.0896958 -21.9528 -0.999131 -0.0342085 0.0238101 241.272 
0.0205128 0.0925557 0.995496 -64.3802 -0.0367416 0.995103 -0.091762 -22.0674 -0.999114 -0.0346938 0.0238129 241.323 
0.0203285 0.0955336 0.995219 -63.3217 -0.0364489 0.994833 -0.094752 -22.185 -0.999129 -0.0343484 0.0237056 241.377 
0.0222105 0.0980741 0.994931 -62.2686 -0.0393865 0.99449 -0.0971513 -22.3051 -0.998977 -0.0370291 0.0259509 241.42 
0.0238973 0.0989458 0.994806 -61.2333 -0.0414229 0.994333 -0.0979037 -22.4186 -0.998856 -0.0388681 0.0278605 241.475 
0.0270338 0.100561 0.994564 -60.1998 -0.0419937 0.994163 -0.0993792 -22.5354 -0.998752 -0.0390788 0.0310989 241.529 
0.03086 0.101761 0.99433 -59.1785 -0.0438915 0.993982 -0.100363 -22.6484 -0.99856 -0.0405455 0.0351407 241.586 
0.0348139 0.102939 0.994078 -58.1679 -0.0454765 0.993814 -0.101319 -22.763 -0.998359 -0.0416799 0.0392799 241.657 
0.0408691 0.102229 0.993921 -57.1507 -0.0465403 0.993867 -0.10031 -22.8737 -0.99808 -0.0421578 0.0453762 241.726 
0.0469509 0.101069 0.993771 -56.1394 -0.0460824 0.994028 -0.0989175 -22.9888 -0.997834 -0.0411511 0.051328 241.808 
0.054183 0.100269 0.993484 -55.1395 -0.0438671 0.994224 -0.0979507 -23.1001 -0.997567 -0.038274 0.0582685 241.881 
0.0610824 0.100939 0.993016 -54.1543 -0.0427863 0.994224 -0.0984297 -23.2126 -0.997215 -0.0364751 0.0650483 241.972 
0.0675655 0.101283 0.992561 -53.1745 -0.0443935 0.994154 -0.0984241 -23.3153 -0.996727 -0.0374131 0.0716668 242.07 
0.0739728 0.100296 0.992204 -52.1963 -0.0456592 0.994227 -0.0970966 -23.4239 -0.996215 -0.0381207 0.0781252 242.172 
0.0802933 0.098301 0.991912 -51.2059 -0.046009 0.99443 -0.0948262 -23.5275 -0.995709 -0.0380229 0.0843688 242.281 
0.0866441 0.0963683 0.991567 -50.2338 -0.0456672 0.994648 -0.0926773 -23.6412 -0.995192 -0.0372521 0.0905813 242.397 
0.0932807 0.0968385 0.990919 -49.2527 -0.0458558 0.994621 -0.0928835 -23.7498 -0.994583 -0.0367751 0.0972195 242.516 
0.0994932 0.0993834 0.990063 -48.2695 -0.0457856 0.994403 -0.0952179 -23.8504 -0.993984 -0.035857 0.103487 242.651 
0.105761 0.100867 0.989263 -47.3044 -0.0456032 0.994287 -0.0965043 -23.9554 -0.993345 -0.0349071 0.109757 242.781 
0.111439 0.102822 0.988438 -46.3156 -0.0477633 0.994038 -0.0980198 -24.0637 -0.992623 -0.0362878 0.115686 242.936 
0.117333 0.103427 0.987692 -45.3555 -0.0495368 0.993933 -0.0981962 -24.1677 -0.991856 -0.0374054 0.121745 243.089 
0.12324 0.10324 0.986992 -44.3698 -0.0503356 0.993944 -0.0976824 -24.2764 -0.9911 -0.0376424 0.12769 243.263 
0.129044 0.101197 0.986462 -43.4038 -0.051802 0.994109 -0.0952051 -24.386 -0.990285 -0.0388151 0.133526 243.417 
0.135138 0.0995862 0.98581 -42.4423 -0.052106 0.994274 -0.0932983 -24.4897 -0.989456 -0.0387584 0.139553 243.581 
0.141425 0.0991142 0.984975 -41.4845 -0.0527098 0.994318 -0.0924862 -24.5951 -0.988545 -0.038838 0.145845 243.741 
0.148623 0.100065 0.983818 -40.5574 -0.0524283 0.994265 -0.0932073 -24.7013 -0.987503 -0.0377273 0.153016 243.887 
0.155495 0.100344 0.982727 -39.6105 -0.0501999 0.994345 -0.0935868 -24.806 -0.98656 -0.0347805 0.159653 244.07 
