1 2.12261e-08 -2.11895e-08 0 2.12261e-08 1 2.10703e-08 0 -2.11895e-08 2.10703e-08 1 0 
0.999872 0.00160405 0.0158963 0.00700884 -0.00158492 0.999998 -0.00121273 0.00033897 -0.0158983 0.00118742 0.999873 0.121824 
0.999296 0.00456806 0.0372489 0.0241676 -0.00454297 0.999989 -0.000757118 0.000755501 -0.037252 0.000587405 0.999306 0.254879 
0.997906 0.00611823 0.0643918 0.0539757 -0.00616589 0.999981 0.000542157 0.00143344 -0.0643873 -0.000938014 0.997925 0.416608 
0.995138 0.00580235 0.0983209 0.102672 -0.00611724 0.999977 0.00290193 -0.00519806 -0.0983019 -0.00348923 0.995151 0.572756 
0.990627 0.00282991 0.136567 0.162874 -0.00352428 0.999982 0.00484329 -0.00188004 -0.136551 -0.00527916 0.990619 0.732479 
0.984429 7.80274e-05 0.175784 0.258513 -0.00101119 0.999986 0.00521927 -0.00509074 -0.175781 -0.00531571 0.984415 0.90718 
0.975587 -5.08954e-05 0.219612 0.340241 -0.00132322 0.99998 0.00611015 0.00444894 -0.219608 -0.00625154 0.975568 1.10529 
0.963347 -0.000108706 0.268258 0.402584 -0.00245399 0.999955 0.00921797 0.000228012 -0.268247 -0.00953837 0.963303 1.2753 
0.948716 -0.00411059 0.316104 0.523002 -0.00109607 0.999867 0.0162919 -0.00212558 -0.316129 -0.0158029 0.948585 1.49579 
0.931592 -0.0134946 0.363256 0.624146 0.00494962 0.999689 0.0244441 -0.0230159 -0.363473 -0.020974 0.931369 1.66274 
0.910097 -0.0194581 0.413939 0.742606 0.00806383 0.999539 0.0292563 -0.0350337 -0.414318 -0.0232881 0.909834 1.83547 
0.884679 -0.0201868 0.465763 0.910119 0.005605 0.99945 0.0326714 -0.0181584 -0.466166 -0.0262931 0.884306 2.0535 
0.855898 -0.0223622 0.51666 1.01946 0.00349257 0.999292 0.0374659 -0.0126448 -0.517132 -0.0302625 0.85537 2.21151 
0.823069 -0.0266394 0.567316 1.16521 0.00384382 0.999138 0.0413399 0.00194682 -0.567928 -0.0318449 0.822462 2.3832 
0.786371 -0.0316971 0.616941 1.34681 0.00543447 0.998999 0.0443996 0.00969306 -0.617731 -0.0315618 0.785756 2.5713 
0.747808 -0.0352973 0.662976 1.53195 0.00582257 0.998896 0.0466143 0.0249818 -0.66389 -0.0309983 0.747188 2.7251 
0.707067 -0.0380285 0.706123 1.77262 0.00644949 0.998858 0.0473358 0.0399594 -0.707117 -0.0289154 0.706505 2.9319 
0.664403 -0.0396975 0.74632 2.04813 0.00539813 0.998817 0.0483225 0.0536109 -0.747356 -0.0280769 0.663831 3.14223 
0.620977 -0.039424 0.782837 2.33394 -5.11514e-05 0.998732 0.0503372 0.0621791 -0.783829 -0.0312983 0.620188 3.34037 
0.578342 -0.0402052 0.814803 2.64809 -0.00249156 0.998693 0.0510476 0.0814708 -0.815791 -0.0315531 0.577486 3.54229 
0.537509 -0.041867 0.842218 2.99792 -0.00472052 0.998602 0.0526536 0.075293 -0.843245 -0.0322775 0.53656 3.74885 
0.498224 -0.0441217 0.865925 3.39211 -0.00579449 0.998513 0.0542115 0.0889847 -0.867029 -0.0320271 0.497228 3.96321 
0.460596 -0.0441825 0.886509 3.81164 -0.00830855 0.998502 0.0540809 0.0944774 -0.887571 -0.0322751 0.459539 4.15127 
0.423705 -0.0434343 0.904758 4.25301 -0.00973385 0.998574 0.0524965 0.113922 -0.905748 -0.0310498 0.422678 4.34367 
0.389833 -0.0420924 0.919923 4.72741 -0.00772446 0.99877 0.0489736 0.137811 -0.920853 -0.0261974 0.389028 4.53014 
0.360291 -0.040051 0.93198 5.23952 -0.00628136 0.998951 0.0453574 0.158007 -0.932819 -0.022196 0.359661 4.70333 
0.334722 -0.0384294 0.941533 5.76509 -0.00462839 0.999089 0.042424 0.176765 -0.942306 -0.018558 0.334239 4.87417 
0.314471 -0.0377595 0.948516 6.32988 -0.00356638 0.999155 0.0409578 0.20047 -0.94926 -0.0162628 0.31407 5.05166 
0.299797 -0.0379633 0.953247 6.93021 -0.00262016 0.999171 0.0406164 0.231771 -0.954 -0.0146743 0.299449 5.23956 
0.288042 -0.039382 0.956808 7.5616 -0.00129627 0.999137 0.0415145 0.257347 -0.957617 -0.0131982 0.287742 5.43983 
0.276829 -0.0407503 0.960055 8.20893 -0.00268475 0.999064 0.0431802 0.289661 -0.960915 -0.014531 0.276461 5.64444 
0.266298 -0.0424516 0.962955 8.87189 -0.00421614 0.998969 0.0452052 0.311979 -0.963882 -0.016098 0.265844 5.83506 
0.25606 -0.0443045 0.965645 9.57106 -0.00483558 0.998878 0.0471115 0.345263 -0.966649 -0.0167328 0.255558 6.03116 
0.245754 -0.0462431 0.968228 10.2816 -0.0058701 0.998772 0.0491919 0.369322 -0.969314 -0.0177727 0.245181 6.22609 
0.235318 -0.0475338 0.970755 11.0207 -0.00577328 0.998717 0.0503026 0.402359 -0.971901 -0.0174415 0.234742 6.41428 
0.225142 -0.0488687 0.9731 11.7768 -0.00607006 0.998652 0.0515563 0.430107 -0.974307 -0.0175143 0.224542 6.59004 
0.21417 -0.051335 0.975447 12.5516 -0.00784611 0.998495 0.0542707 0.466704 -0.976765 -0.0192766 0.213445 6.77981 
0.202928 -0.0547948 0.977659 13.3367 -0.00932027 0.99828 0.0578851 0.504992 -0.979149 -0.0208585 0.202068 6.94956 
0.190385 -0.0586343 0.979957 14.1402 -0.0104969 0.998036 0.0617554 0.538009 -0.981653 -0.0220438 0.189396 7.12439 
0.177299 -0.0605829 0.982291 14.9426 -0.0108734 0.997922 0.0635096 0.579904 -0.984097 -0.0219409 0.176271 7.28257 
0.163251 -0.0611376 0.984688 15.7462 -0.0112302 0.997898 0.0638197 0.61843 -0.986521 -0.0214768 0.162221 7.4239 
0.14905 -0.0597847 0.987021 16.552 -0.0122696 0.997982 0.0623015 0.659906 -0.988754 -0.0213963 0.148015 7.55183 
0.132185 -0.0587595 0.989482 17.3571 -0.0129493 0.998054 0.0609985 0.693644 -0.99114 -0.0208762 0.131167 7.66679 
0.111751 -0.0573891 0.992078 18.1698 -0.0154212 0.998111 0.0594752 0.725467 -0.993617 -0.0219454 0.110655 7.76441 
0.085725 -0.0559938 0.994744 19.0135 -0.0200623 0.99812 0.0579128 0.762359 -0.996117 -0.0249214 0.0844405 7.8522 
0.0553399 -0.0555244 0.996923 19.8551 -0.0236701 0.998099 0.0569039 0.797666 -0.998187 -0.0267463 0.0539204 7.91301 
0.0220481 -0.0554529 0.998218 20.6962 -0.0266455 0.998073 0.0560335 0.830711 -0.999402 -0.0278335 0.020528 7.94179 
-0.012645 -0.0548198 0.998416 21.5305 -0.0284213 0.998112 0.0544432 0.859697 -0.999516 -0.0276879 -0.0141792 7.94015 
-0.0467083 -0.053299 0.997486 22.3914 -0.0287047 0.998235 0.0519949 0.893589 -0.998496 -0.0262039 -0.0481557 7.91472 
-0.0795694 -0.0513481 0.995506 23.2369 -0.0306851 0.998325 0.049041 0.923367 -0.996357 -0.026645 -0.0810118 7.85507 
-0.112177 -0.0485372 0.992502 24.083 -0.0329108 0.99844 0.0451078 0.944456 -0.993143 -0.027604 -0.113599 7.77108 
-0.144825 -0.0437652 0.988489 24.9286 -0.0298849 0.998759 0.0398414 0.965959 -0.989006 -0.0237709 -0.145953 7.6483 
-0.176415 -0.0383055 0.98357 25.7387 -0.0252369 0.99909 0.0343834 0.97203 -0.983992 -0.0187565 -0.177222 7.50191 
-0.20685 -0.0314829 0.977866 26.5593 -0.0181388 0.999434 0.0283403 0.984571 -0.978205 -0.0118752 -0.207303 7.32979 
-0.235712 -0.0263328 0.971466 27.3651 -0.0122534 0.999634 0.0241233 0.98119 -0.971746 -0.00621758 -0.235949 7.13573 
-0.263384 -0.020265 0.964478 28.0737 -0.00351055 0.999793 0.0200484 0.982137 -0.964685 0.00189457 -0.2634 6.95388 
-0.289424 -0.00969311 0.957152 28.8645 0.00275261 0.999936 0.0109588 0.974194 -0.957197 0.00580638 -0.289379 6.70956 
-0.314409 0.00580575 0.94927 29.6506 0.00727224 0.999967 -0.00370713 0.964322 -0.94926 0.00573776 -0.31444 6.44531 
-0.338762 0.0230171 0.94059 30.4534 0.00817223 0.999735 -0.021521 0.945871 -0.940837 0.000396204 -0.338861 6.1411 
-0.364485 0.0377698 0.930443 31.1691 0.00897965 0.999273 -0.0370462 0.893411 -0.931166 -0.00514774 -0.364559 5.90275 
-0.388973 0.0480892 0.919993 31.9195 0.013033 0.998824 -0.0466994 0.851367 -0.921157 -0.00617455 -0.389142 5.60147 
-0.412305 0.051976 0.909562 32.7012 0.0151418 0.998624 -0.0502015 0.802543 -0.91092 -0.00692594 -0.412525 5.25323 
-0.434847 0.0516631 0.899021 33.4444 0.0186725 0.998656 -0.0483569 0.747183 -0.900311 -0.0042409 -0.435227 4.89103 
-0.454825 0.0473528 0.889321 34.2079 0.0216359 0.998878 -0.042121 0.692302 -0.890318 8.36346e-05 -0.455339 4.51651 
-0.472746 0.0462188 0.879986 34.9196 0.0297596 0.998891 -0.0364765 0.639813 -0.880696 0.00894394 -0.473597 4.14416 
-0.486601 0.0465037 0.872386 35.6273 0.0312474 0.99887 -0.0358169 0.592008 -0.873066 0.00983131 -0.487504 3.75764 
-0.497488 0.0509316 0.865974 36.3091 0.0357729 0.99863 -0.0381826 0.550276 -0.866733 0.011983 -0.498629 3.37309 
-0.507167 0.0535008 0.860186 37.0328 0.0369598 0.998503 -0.0403121 0.498874 -0.861055 0.0113473 -0.508386 2.95863 
-0.518478 0.0524241 0.853483 37.6973 0.0307599 0.998616 -0.0426525 0.442657 -0.854538 0.0041387 -0.519373 2.61542 
-0.529601 0.0509623 0.846715 38.3621 0.0304682 0.998692 -0.0410524 0.394307 -0.8477 0.00405648 -0.530461 2.22451 
-0.538374 0.0522686 0.841084 39.0499 0.0313096 0.998626 -0.0420178 0.365773 -0.842124 0.00371274 -0.53927 1.80123 
-0.545825 0.0550927 0.836086 39.7217 0.0348133 0.998466 -0.0430651 0.305825 -0.837176 0.0056009 -0.546905 1.38945 
-0.549613 0.0578643 0.833413 40.3921 0.0360723 0.998312 -0.0455245 0.253858 -0.83464 0.00504221 -0.550773 0.975935 
-0.549474 0.059657 0.833379 41.0861 0.0360139 0.998212 -0.0477114 0.19619 -0.834735 0.00379704 -0.55064 0.547023 
-0.546331 0.0599869 0.835419 41.8108 0.0382544 0.998178 -0.0466569 0.14582 -0.836695 0.00646837 -0.54763 0.0900001 
-0.540664 0.0589341 0.839172 42.5502 0.0362958 0.998248 -0.0467211 0.0991712 -0.840455 0.00519796 -0.541856 -0.369593 
-0.534147 0.0574271 0.843439 43.3088 0.0340872 0.998342 -0.0463866 0.0468675 -0.844704 0.00397321 -0.535219 -0.812486 
-0.527457 0.056954 0.84767 44.0429 0.0329257 0.998371 -0.0465916 -0.00865808 -0.848943 0.00333506 -0.528473 -1.23161 
-0.521357 0.0553387 0.851543 44.8331 0.0300411 0.998467 -0.0464941 -0.0658216 -0.85281 0.00134127 -0.52222 -1.68704 
-0.518211 0.053035 0.853607 45.6193 0.0260318 0.998591 -0.0462394 -0.117779 -0.854857 -0.0017409 -0.518862 -2.07639 
-0.51697 0.0499908 0.854543 46.4459 0.0215192 0.998737 -0.0454078 -0.176229 -0.855733 -0.00508543 -0.517393 -2.54675 
-0.517656 0.0471978 0.854286 47.2792 0.0179584 0.998857 -0.0443032 -0.233377 -0.8554 -0.00759218 -0.517912 -3.02365 
-0.519373 0.0461272 0.853302 48.0896 0.0171499 0.998904 -0.0435595 -0.291729 -0.854375 -0.00798961 -0.519595 -3.45293 
-0.519946 0.0453339 0.852995 48.9469 0.0167234 0.99894 -0.0428965 -0.34082 -0.854035 -0.00803888 -0.520153 -3.94933 
-0.520716 0.0447938 0.852554 49.806 0.0166529 0.998966 -0.0423152 -0.3983 -0.853568 -0.00783675 -0.520923 -4.44257 
-0.521649 0.0435998 0.852045 50.6333 0.0168548 0.999025 -0.0408018 -0.456619 -0.852994 -0.00692315 -0.521875 -4.898 
-0.522753 0.0431114 0.851393 51.5422 0.0160793 0.999041 -0.040715 -0.518364 -0.852332 -0.00759412 -0.522945 -5.37283 
-0.523066 0.0417433 0.851269 52.4387 0.0146881 0.999093 -0.0399668 -0.571036 -0.852166 -0.00840175 -0.523205 -5.90218 
-0.523172 0.0408421 0.851248 53.3249 0.0136494 0.999124 -0.0395482 -0.624918 -0.852118 -0.00907155 -0.523272 -6.41541 
-0.523236 0.0396329 0.851266 54.1801 0.0121259 0.999163 -0.0390654 -0.693136 -0.852102 -0.010118 -0.523278 -6.89158 
-0.522333 0.0379223 0.851898 55.0627 0.0112587 0.99923 -0.0375777 -0.75014 -0.852667 -0.0100368 -0.522358 -7.39228 
-0.520974 0.0359566 0.852815 55.9442 0.0109675 0.999312 -0.0354333 -0.806178 -0.853502 -0.0091066 -0.52101 -7.88466 
-0.518987 0.0343755 0.854091 56.8068 0.0113429 0.99938 -0.0333306 -0.865508 -0.854707 -0.00761034 -0.519055 -8.38091 
-0.517315 0.033823 0.855127 57.6797 0.0109804 0.999399 -0.0328868 -0.925229 -0.855725 -0.00762316 -0.517375 -8.86657 
-0.516059 0.0339464 0.85588 58.5486 0.0108682 0.999393 -0.0330854 -0.980579 -0.856484 -0.00777218 -0.516115 -9.34196 
-0.515257 0.0342523 0.856351 59.4416 0.0109441 0.999383 -0.0333884 -1.03766 -0.856966 -0.00783165 -0.515314 -9.85431 
-0.517072 0.0352408 0.855216 60.3057 0.00969153 0.999329 -0.0353197 -1.09691 -0.855887 -0.00997447 -0.517067 -10.329 
-0.520851 0.0362735 0.852876 61.1977 0.00774892 0.999257 -0.0377669 -1.1694 -0.853612 -0.0130621 -0.520745 -10.8205 
-0.526184 0.0368399 0.849572 62.093 0.00632281 0.999203 -0.0394122 -1.22091 -0.850347 -0.0153664 -0.525998 -11.3077 
-0.532535 0.035181 0.845677 62.9776 0.00727374 0.999289 -0.0369911 -1.29014 -0.846377 -0.0135478 -0.532412 -11.8032 
-0.539207 0.0319824 0.841566 63.9105 0.00718358 0.999417 -0.0333786 -1.38126 -0.842142 -0.0119525 -0.539123 -12.3022 
-0.544987 0.0294351 0.837928 64.7573 0.00456239 0.999473 -0.0321425 -1.43303 -0.838432 -0.0136943 -0.544834 -12.8206 
-0.550331 0.0325594 0.834312 65.613 0.00646406 0.999376 -0.0347372 -1.49025 -0.834922 -0.0137239 -0.550197 -13.3475 
-0.555588 0.0338697 0.830768 66.4482 0.006335 0.999313 -0.0365045 -1.54306 -0.831434 -0.0150186 -0.555421 -13.8849 
-0.560388 0.0346654 0.827505 67.267 0.00514193 0.99925 -0.0383779 -1.59904 -0.828214 -0.0172515 -0.560146 -14.4066 
-0.564311 0.0345615 0.824839 68.0853 0.00355973 0.999216 -0.0394327 -1.65702 -0.825555 -0.0193161 -0.563992 -14.9363 
-0.567486 0.034109 0.822676 68.8856 0.00462091 0.999258 -0.0382427 -1.70656 -0.82337 -0.0179007 -0.567222 -15.4695 
-0.570091 0.0275381 0.82112 69.7009 0.00534005 0.999541 -0.0298143 -1.75324 -0.821564 -0.012612 -0.569976 -16.0102 
-0.571941 0.0189303 0.820077 70.514 0.00484069 0.999794 -0.0197028 -1.79931 -0.820281 -0.0072991 -0.571915 -16.5652 
-0.573433 0.0178995 0.819057 71.3206 0.0061238 0.999827 -0.0175626 -1.83789 -0.81923 -0.00505524 -0.573444 -17.1064 
-0.574562 0.022274 0.818158 72.1079 0.00634057 0.999721 -0.0227641 -1.87666 -0.818437 -0.00789182 -0.574542 -17.6368 
-0.575955 0.0286471 0.816979 72.9004 0.00799358 0.999535 -0.029413 -1.91595 -0.817442 -0.01041 -0.575916 -18.1765 
-0.576678 0.0327189 0.816316 73.6898 0.0132866 0.999441 -0.0306726 -1.95344 -0.816863 -0.00684216 -0.576791 -18.7104 
-0.576207 0.0344906 0.816576 74.4743 0.0165182 0.999397 -0.0305567 -1.99261 -0.817137 -0.00411865 -0.576429 -19.2705 
-0.575924 0.030902 0.816919 75.2645 0.0146705 0.999515 -0.0274665 -2.03524 -0.817372 -0.00383405 -0.576098 -19.809 
-0.574907 0.0260677 0.817803 76.0435 0.0132206 0.999658 -0.0225703 -2.07153 -0.818112 -0.00216397 -0.575055 -20.3429 
-0.574348 0.0192707 0.818385 76.833 0.00978356 0.999813 -0.0166766 -2.11217 -0.818553 -0.00157148 -0.574429 -20.87 
-0.573826 0.0137197 0.818863 77.6245 0.00127673 0.999873 -0.0158578 -2.14233 -0.818977 -0.00805413 -0.57377 -21.3926 
-0.572013 0.00850928 0.8202 78.4126 -0.00588673 0.999878 -0.0144788 -2.17144 -0.820223 -0.0131104 -0.571893 -21.9089 
-0.570361 0.00938161 0.82134 79.1968 -0.0029618 0.999905 -0.013478 -2.20197 -0.821389 -0.01012 -0.570279 -22.4335 
-0.566936 0.012351 0.823669 79.9706 0.00124354 0.999899 -0.0141376 -2.2425 -0.823761 -0.00699086 -0.566895 -22.9587 
-0.561803 0.0155195 0.827126 80.7503 0.00303316 0.999856 -0.0167003 -2.26756 -0.827266 -0.00687347 -0.561769 -23.4698 
-0.554025 0.0182626 0.8323 81.5326 0.00815325 0.99983 -0.0165113 -2.29425 -0.83246 -0.00236175 -0.55408 -23.9818 
-0.546084 0.021554 0.837453 82.3216 0.0156473 0.999757 -0.0155281 -2.3333 -0.837584 0.00462424 -0.546288 -24.4908 
-0.536183 0.0205569 0.843851 83.1152 0.0128741 0.999786 -0.0161753 -2.36227 -0.844004 0.00219087 -0.536333 -24.9838 
-0.525897 0.0181941 0.850354 83.9126 0.0104542 0.999834 -0.0149269 -2.38661 -0.850484 0.00103976 -0.526 -25.44 
-0.51473 0.0152576 0.857216 84.7288 0.0108971 0.999877 -0.0112535 -2.41444 -0.857283 0.00354861 -0.514833 -25.9054 
-0.504432 0.0147358 0.863326 85.5403 0.0108331 0.999884 -0.0107369 -2.4446 -0.863384 0.00393646 -0.504532 -26.3466 
-0.492684 0.0138679 0.870098 86.3582 0.0111348 0.999892 -0.00963166 -2.46912 -0.870137 0.00494295 -0.492785 -26.7907 
-0.480933 0.0151977 0.876626 87.174 0.0127899 0.999865 -0.0103174 -2.49382 -0.876664 0.00624992 -0.481063 -27.2193 
-0.469292 0.0187484 0.882844 87.9923 0.0124772 0.999816 -0.0145999 -2.52999 -0.882955 0.00416376 -0.469439 -27.6306 
-0.458355 0.0282279 0.888321 88.8095 0.015706 0.999597 -0.0236599 -2.56177 -0.88863 0.00310731 -0.458614 -28.0342 
-0.446496 0.0327964 0.894185 89.6293 0.0154664 0.999462 -0.0289348 -2.59495 -0.894652 0.000910555 -0.446763 -28.4163 
-0.434866 0.0291504 0.900023 90.4709 0.0145493 0.999573 -0.0253448 -2.64082 -0.900378 0.00207306 -0.435105 -28.805 
-0.42342 0.0257845 0.905566 91.3072 0.013812 0.999662 -0.0220056 -2.68072 -0.905828 0.0031901 -0.423633 -29.1763 
-0.414158 0.0261573 0.909829 92.1321 0.00981477 0.999657 -0.0242721 -2.71833 -0.910152 -0.00112272 -0.414273 -29.5271 
-0.407847 0.0303387 0.912546 92.9632 0.00465975 0.999504 -0.0311471 -2.75942 -0.913038 -0.00845103 -0.407786 -29.8678 
-0.403237 0.0345462 0.914443 93.8109 -0.00193696 0.999253 -0.0386043 -2.80662 -0.915093 -0.0173379 -0.402869 -30.2031 
-0.40059 0.0363895 0.915534 94.6543 -0.0058488 0.999089 -0.0422696 -2.84975 -0.916239 -0.0222876 -0.400012 -30.5344 
-0.397526 0.0354852 0.916905 95.5138 -0.00923235 0.999047 -0.0426668 -2.90333 -0.917545 -0.0254264 -0.396819 -30.8665 
-0.392634 0.0351833 0.919022 96.3564 -0.0101314 0.999042 -0.0425751 -2.96083 -0.919639 -0.0260274 -0.391902 -31.2032 
-0.386592 0.0314213 0.921715 97.1912 -0.0115542 0.999176 -0.038908 -3.00849 -0.922178 -0.0256912 -0.385911 -31.5404 
-0.381188 0.0274677 0.924089 98.0437 -0.0111584 0.999349 -0.0343075 -3.0635 -0.92443 -0.023389 -0.380634 -31.8735 
-0.375433 0.0245216 0.926525 98.8847 -0.0133598 0.999403 -0.0318638 -3.11142 -0.926753 -0.024341 -0.374881 -32.1931 
-0.370238 0.0226174 0.928662 99.7288 -0.021676 0.999221 -0.0329776 -3.15385 -0.928684 -0.0323392 -0.36946 -32.4912 
-0.363978 0.022528 0.931135 100.583 -0.0291023 0.998944 -0.0355446 -3.19817 -0.930953 -0.0400356 -0.362938 -32.7952 
-0.357578 0.0267957 0.933499 101.403 -0.0277411 0.998842 -0.0392975 -3.24651 -0.933471 -0.0399482 -0.356421 -33.0892 
-0.351168 0.0301087 0.935828 102.244 -0.0263357 0.99877 -0.0420161 -3.2938 -0.935942 -0.0394005 -0.349943 -33.3803 
-0.345359 0.028155 0.938048 103.097 -0.0281086 0.998791 -0.0403268 -3.3384 -0.93805 -0.0402944 -0.34415 -33.6623 
-0.338551 0.023355 0.940658 103.955 -0.0282065 0.998991 -0.034955 -3.38858 -0.940525 -0.0383667 -0.33755 -33.9475 
-0.33172 0.0210067 0.943144 104.806 -0.0294321 0.999035 -0.0326033 -3.43588 -0.942919 -0.0385739 -0.330781 -34.2225 
-0.325168 0.024131 0.945348 105.657 -0.0313404 0.99885 -0.0362767 -3.47965 -0.945137 -0.0414236 -0.324038 -34.4962 
-0.319005 0.0267461 0.947376 106.52 -0.0304575 0.998796 -0.0384536 -3.52659 -0.947263 -0.0411216 -0.317807 -34.7633 
-0.312621 0.0270931 0.949491 107.366 -0.0336452 0.99865 -0.0395735 -3.56967 -0.949282 -0.0443174 -0.311288 -35.0185 
-0.306291 0.0266698 0.951564 108.229 -0.033802 0.998672 -0.0388703 -3.61686 -0.951338 -0.0440704 -0.304983 -35.2647 
-0.298324 0.0267401 0.95409 109.085 -0.0296584 0.998865 -0.0372685 -3.66647 -0.954004 -0.0394149 -0.297192 -35.5108 
-0.290578 0.0272035 0.956464 109.929 -0.027574 0.998943 -0.0367887 -3.72036 -0.956454 -0.0370636 -0.289521 -35.7577 
-0.284483 0.0276471 0.958282 110.775 -0.0276927 0.99893 -0.0370409 -3.76305 -0.958281 -0.0370749 -0.283413 -35.9863 
-0.277923 0.0265735 0.960236 111.612 -0.033078 0.99876 -0.0372134 -3.80793 -0.960034 -0.0421052 -0.2767 -36.2019 
-0.272253 0.0247385 0.961908 112.488 -0.0373786 0.998643 -0.0362626 -3.85222 -0.9615 -0.0458273 -0.270958 -36.4218 
-0.267568 0.0243324 0.963232 113.348 -0.0352431 0.998765 -0.0350198 -3.90681 -0.962894 -0.0433175 -0.26638 -36.6495 
-0.263215 0.0248033 0.964418 114.214 -0.0336909 0.998823 -0.0348833 -3.95124 -0.964149 -0.0416739 -0.26207 -36.8677 
-0.258518 0.0258008 0.965662 115.074 -0.0325777 0.998842 -0.0354087 -4.00067 -0.965457 -0.0406128 -0.257378 -37.0806 
-0.252545 0.0251459 0.967258 115.937 -0.0261497 0.99912 -0.0328017 -4.04287 -0.967232 -0.0335774 -0.251665 -37.2938 
-0.247055 0.0242082 0.968699 116.807 -0.0187423 0.999382 -0.029755 -4.08401 -0.96882 -0.0255068 -0.246449 -37.5126 
-0.241819 0.0229018 0.970051 117.665 -0.0169459 0.999469 -0.0278207 -4.13247 -0.970173 -0.023166 -0.241303 -37.7179 
-0.238028 0.0248304 0.970941 118.539 -0.0188983 0.999366 -0.0301903 -4.16909 -0.971075 -0.0255352 -0.237407 -37.9081 
-0.234236 0.0265666 0.971817 119.4 -0.0197895 0.999289 -0.0320874 -4.21133 -0.971978 -0.0267478 -0.233543 -38.0963 
-0.2327 0.025701 0.972209 120.279 -0.0227978 0.999232 -0.0318721 -4.25699 -0.972281 -0.0295808 -0.231935 -38.2892 
-0.231641 0.0242181 0.9725 121.151 -0.0229779 0.999275 -0.030358 -4.30287 -0.97253 -0.0293782 -0.230917 -38.477 
-0.230237 0.0202671 0.972924 122.02 -0.0213868 0.999436 -0.0258804 -4.33749 -0.9729 -0.0267664 -0.229674 -38.6712 
-0.228941 0.0148205 0.973328 122.881 -0.0218072 0.999555 -0.0203492 -4.37867 -0.973196 -0.0258843 -0.228516 -38.8534 
-0.22847 0.0133411 0.97346 123.747 -0.0212312 0.9996 -0.0186822 -4.41118 -0.97332 -0.024936 -0.228095 -39.0361 
-0.227783 0.0179017 0.973547 124.587 -0.0226916 0.999462 -0.0236873 -4.43954 -0.973448 -0.0274869 -0.227254 -39.2065 
-0.22754 0.0218609 0.973523 125.442 -0.0219607 0.999379 -0.0275743 -4.47566 -0.973521 -0.0276535 -0.226919 -39.3866 
-0.227153 0.0212946 0.973626 126.298 -0.0244375 0.999321 -0.027558 -4.5102 -0.973553 -0.0300529 -0.226478 -39.5728 
-0.227148 0.0199709 0.973656 127.133 -0.0263698 0.999297 -0.0266488 -4.55408 -0.973503 -0.0317283 -0.226462 -39.7355 
-0.225867 0.0206493 0.973939 127.972 -0.0219319 0.999414 -0.0262756 -4.59649 -0.973911 -0.0272952 -0.225282 -39.9296 
-0.224857 0.023533 0.974108 128.811 -0.0221179 0.999327 -0.0292478 -4.63539 -0.974141 -0.0281218 -0.224185 -40.1067 
-0.225172 0.0241408 0.97402 129.649 -0.0309519 0.999011 -0.0319156 -4.67622 -0.973827 -0.0373342 -0.224202 -40.2689 
-0.224856 0.0255934 0.974056 130.473 -0.0356724 0.998769 -0.0344775 -4.72323 -0.973739 -0.0424994 -0.223666 -40.4329 
-0.224859 0.0286203 0.973971 131.265 -0.0342568 0.998718 -0.0372562 -4.77449 -0.973789 -0.0417425 -0.223591 -40.5891 
-0.224292 0.0287337 0.974098 132.016 -0.0347753 0.998693 -0.0374663 -4.83305 -0.973901 -0.0422779 -0.222999 -40.7614 
-0.223482 0.0293343 0.974267 132.833 -0.0369098 0.998575 -0.0385327 -4.87932 -0.974009 -0.0445714 -0.222081 -40.9109 
-0.223557 0.027871 0.974292 133.651 -0.0326434 0.998816 -0.0360627 -4.93168 -0.974144 -0.0398663 -0.222383 -41.04 
-0.220282 0.0254419 0.975104 134.473 -0.0258129 0.999158 -0.0319007 -4.97333 -0.975095 -0.0321974 -0.21944 -41.2158 
-0.218945 0.020565 0.97552 135.269 -0.0236981 0.999371 -0.0263866 -5.01065 -0.975449 -0.0288952 -0.21832 -41.3693 
-0.215377 0.0203677 0.976319 136.07 -0.0222888 0.99942 -0.0257665 -5.04785 -0.976277 -0.0273105 -0.214798 -41.5326 
-0.210536 0.0249952 0.977267 136.861 -0.0222013 0.999293 -0.0303414 -5.09262 -0.977334 -0.0280846 -0.209832 -41.6855 
-0.204927 0.0278642 0.978381 137.616 -0.0214287 0.999227 -0.0329463 -5.13278 -0.978543 -0.027717 -0.204171 -41.8141 
-0.197036 0.0284429 0.979984 138.414 -0.022349 0.999189 -0.0334938 -5.16595 -0.980141 -0.0285011 -0.196241 -41.9553 
-0.18929 0.0241138 0.981625 139.167 -0.022076 0.999341 -0.028806 -5.20078 -0.981673 -0.0271231 -0.188633 -42.0576 
-0.177293 0.02267 0.983897 139.948 -0.0196776 0.999453 -0.0265741 -5.23911 -0.983961 -0.0240721 -0.17675 -42.1852 
-0.163672 0.0252762 0.986191 140.749 -0.0151886 0.999489 -0.0281378 -5.27558 -0.986398 -0.0195842 -0.163205 -42.3089 
-0.150414 0.0266872 0.988263 141.522 -0.0175176 0.999407 -0.0296542 -5.30329 -0.988468 -0.0217724 -0.149857 -42.3963 
-0.136278 0.0269439 0.990304 142.323 -0.016979 0.99942 -0.0295284 -5.33737 -0.990525 -0.0208385 -0.135741 -42.4977 
-0.12237 0.0286807 0.99207 143.108 -0.0162868 0.99939 -0.0309012 -5.37694 -0.992351 -0.019939 -0.121828 -42.5827 
-0.108886 0.0345591 0.993453 143.88 -0.0195282 0.999128 -0.0368969 -5.42204 -0.993862 -0.0234179 -0.108117 -42.6424 
-0.0964427 0.0435379 0.994386 144.648 -0.0263607 0.998581 -0.0462781 -5.46351 -0.994989 -0.0306759 -0.0951581 -42.683 
-0.0828073 0.0510646 0.995256 145.404 -0.0295531 0.998121 -0.0536704 -5.51152 -0.996127 -0.0338572 -0.0811426 -42.7202 
-0.070408 0.0515454 0.996186 146.163 -0.0319413 0.998035 -0.0538986 -5.5562 -0.997007 -0.0356143 -0.0686232 -42.7417 
-0.0589057 0.0476613 0.997125 146.934 -0.0359261 0.998111 -0.0498307 -5.60764 -0.997617 -0.0387582 -0.0570822 -42.756 
-0.0481044 0.0447582 0.997839 147.712 -0.0403266 0.998094 -0.0467137 -5.66329 -0.998028 -0.0424866 -0.0462078 -42.7721 
-0.0394144 0.0512998 0.997905 148.464 -0.0445975 0.997596 -0.0530453 -5.71355 -0.998227 -0.0465948 -0.0370318 -42.7724 
-0.0325649 0.0593844 0.997704 149.214 -0.0468222 0.997047 -0.0608736 -5.76223 -0.998372 -0.048697 -0.0296882 -42.7788 
-0.0297553 0.0625853 0.997596 149.967 -0.049755 0.996708 -0.0640136 -5.80537 -0.998318 -0.0515401 -0.0265434 -42.7776 
-0.0301357 0.0575273 0.997889 150.726 -0.0532371 0.996833 -0.0590741 -5.86333 -0.998127 -0.054905 -0.0269777 -42.7753 
-0.0319924 0.0532058 0.998071 151.486 -0.0547146 0.996992 -0.0549021 -5.92156 -0.997989 -0.0563655 -0.028985 -42.7778 
-0.0345795 0.0503354 0.998134 152.225 -0.0539857 0.997179 -0.0521575 -5.96819 -0.997943 -0.0556886 -0.0317645 -42.7918 
-0.0369957 0.0509362 0.998016 152.969 -0.0523481 0.99723 -0.0528365 -6.01243 -0.997943 -0.054199 -0.0342268 -42.8111 
-0.0408849 0.0509595 0.997864 153.717 -0.0511466 0.997283 -0.0530254 -6.06342 -0.997854 -0.0532053 -0.0381674 -42.8244 
-0.045284 0.0492463 0.99776 154.46 -0.0517341 0.997328 -0.051573 -6.11476 -0.997634 -0.0539536 -0.0426153 -42.843 
-0.051956 0.0496457 0.997415 155.193 -0.0534369 0.997195 -0.0524182 -6.15014 -0.997219 -0.0560222 -0.0491573 -42.8447 
-0.0577993 0.0479709 0.997175 155.926 -0.0541498 0.997224 -0.0511119 -6.19191 -0.996859 -0.0569511 -0.0550412 -42.8722 
-0.0638635 0.045186 0.996935 156.665 -0.0525379 0.997437 -0.0485742 -6.24869 -0.996575 -0.055479 -0.0613258 -42.9073 
-0.069121 0.0451327 0.996587 157.385 -0.0532488 0.997385 -0.048862 -6.2952 -0.996186 -0.0564445 -0.066537 -42.9468 
-0.0749723 0.0456975 0.996138 158.109 -0.0548812 0.997246 -0.0498788 -6.34669 -0.995674 -0.0584088 -0.0722579 -42.9822 
-0.0785606 0.0479307 0.995756 158.821 -0.0550853 0.997109 -0.0523417 -6.39524 -0.995386 -0.0589636 -0.0756932 -43.0284 
-0.0813288 0.0506446 0.9954 159.534 -0.0552807 0.996942 -0.0552396 -6.44116 -0.995153 -0.059519 -0.0782804 -43.0711 
-0.0837464 0.0519385 0.995133 160.244 -0.0526184 0.997017 -0.0564649 -6.48853 -0.995097 -0.057091 -0.0807637 -43.1087 
-0.0826962 0.0504915 0.995295 160.952 -0.0492282 0.99729 -0.0546829 -6.53813 -0.995358 -0.0535186 -0.0799865 -43.16 
-0.0788663 0.047016 0.995776 161.655 -0.0470321 0.997599 -0.0508271 -6.58718 -0.995775 -0.050842 -0.0764657 -43.2056 
-0.0711278 0.0469121 0.996363 162.355 -0.0449597 0.997727 -0.0501858 -6.63684 -0.996453 -0.0483658 -0.068857 -43.2442 
-0.0602601 0.047909 0.997032 163.047 -0.0436623 0.997765 -0.0505831 -6.67987 -0.997227 -0.0465809 -0.0580336 -43.2677 
-0.0461852 0.0483746 0.997761 163.731 -0.0405818 0.997911 -0.0502604 -6.72273 -0.998108 -0.0428123 -0.0441256 -43.2815 
-0.0307043 0.0456935 0.998484 164.428 -0.0413317 0.998042 -0.0469442 -6.76709 -0.998674 -0.0427104 -0.0287556 -43.2851 
-0.0144237 0.0403079 0.999083 165.122 -0.0451528 0.998142 -0.0409217 -6.81501 -0.998876 -0.0457017 -0.0125769 -43.2713 
0.00148312 0.0341233 0.999417 165.803 -0.0473682 0.998298 -0.0340147 -6.84945 -0.998876 -0.0472901 0.00309695 -43.2438 
0.0192502 0.0273592 0.99944 166.48 -0.0479374 0.998501 -0.0264102 -6.87845 -0.998665 -0.0474022 0.0205329 -43.2184 
0.0370516 0.0196176 0.999121 167.151 -0.0497026 0.998606 -0.0177643 -6.90886 -0.998077 -0.0490007 0.037975 -43.1728 
0.0540374 0.0140009 0.998441 167.82 -0.0512773 0.998621 -0.0112281 -6.93226 -0.997221 -0.0505906 0.0546808 -43.1125 
0.0721377 0.0113538 0.99733 168.473 -0.0510448 0.998667 -0.00767682 -6.95558 -0.996088 -0.0503547 0.0726211 -43.045 
0.089979 0.010693 0.995886 169.118 -0.0516753 0.998646 -0.00605372 -6.96538 -0.994602 -0.050918 0.0904097 -42.9647 
0.107371 0.010479 0.994164 169.756 -0.0529562 0.998585 -0.00480621 -6.97864 -0.992808 -0.0521311 0.107774 -42.8751 
0.123115 0.00952529 0.992347 170.407 -0.0573341 0.998352 -0.00246977 -6.98511 -0.990735 -0.0565913 0.123458 -42.7574 
0.13744 0.00594715 0.990492 171.046 -0.0596333 0.998218 0.00228117 -6.9934 -0.988713 -0.0593798 0.13755 -42.6385 
0.14946 0.00213274 0.988765 171.675 -0.0559564 0.998413 0.00630476 -7.00101 -0.987183 -0.05627 0.149342 -42.5282 
0.160912 0.000941586 0.986968 172.292 -0.0535097 0.998537 0.00777145 -7.01245 -0.985517 -0.0540629 0.160727 -42.4265 
0.170505 0.00469368 0.985346 172.916 -0.0577719 0.998316 0.00524147 -7.01885 -0.983662 -0.0578189 0.170489 -42.2859 
0.179852 0.0120485 0.98362 173.52 -0.0628622 0.998022 -0.00073067 -7.02726 -0.981683 -0.0617011 0.180254 -42.1572 
0.189119 0.0222084 0.981703 174.119 -0.0629114 0.997964 -0.0104567 -7.03394 -0.979937 -0.0597828 0.190131 -42.0249 
0.197464 0.0281347 0.979906 174.72 -0.057247 0.998213 -0.0171242 -7.04429 -0.978637 -0.0527152 0.198722 -41.8961 
0.203768 0.0254838 0.978688 175.313 -0.0554093 0.998359 -0.0144595 -7.06682 -0.97745 -0.051282 0.204845 -41.749 
0.209647 0.0181421 0.977609 175.928 -0.0583489 0.998278 -0.0060128 -7.06938 -0.976035 -0.0557818 0.210345 -41.5957 
0.214054 0.00723421 0.976795 176.544 -0.0630338 0.997991 0.00642204 -7.08589 -0.974786 -0.0629458 0.21408 -41.4412 
0.215748 -0.000779614 0.976449 177.144 -0.0637664 0.997854 0.014886 -7.09503 -0.974365 -0.0654762 0.215235 -41.2818 
0.217053 -0.0016279 0.976159 177.753 -0.059934 0.99809 0.0149911 -7.10689 -0.974318 -0.0617589 0.21654 -41.1418 
0.218024 0.000490518 0.975943 178.358 -0.0560142 0.998358 0.0120117 -7.1035 -0.974335 -0.0572855 0.217693 -40.9948 
0.219866 0.000418664 0.97553 178.972 -0.0531592 0.998519 0.0115526 -7.09777 -0.974081 -0.0543984 0.219563 -40.8517 
0.221237 -0.00201104 0.975218 179.585 -0.054772 0.998394 0.0144844 -7.09547 -0.973681 -0.0566191 0.220772 -40.6892 
0.224007 -0.0057832 0.97457 180.199 -0.0549925 0.998314 0.0185643 -7.09413 -0.973035 -0.0577526 0.223312 -40.5321 
0.227094 -0.0109864 0.973811 180.822 -0.0544466 0.998229 0.023959 -7.09418 -0.97235 -0.0584617 0.226094 -40.374 
0.231793 -0.0137886 0.972668 181.44 -0.0524203 0.99827 0.0266437 -7.08683 -0.971352 -0.0571633 0.230669 -40.2163 
0.238069 -0.0162279 0.971113 182.061 -0.0500522 0.998327 0.0289531 -7.07977 -0.969958 -0.0554991 0.236859 -40.0487 
0.246041 -0.0192999 0.969067 182.69 -0.0485211 0.998303 0.0322014 -7.07057 -0.968044 -0.0549431 0.244687 -39.8786 
0.255927 -0.0216055 0.966455 183.317 -0.0448985 0.998406 0.0342094 -7.06494 -0.965653 -0.0521475 0.254549 -39.7014 
0.267347 -0.0198976 0.963395 183.942 -0.04609 0.998378 0.0334104 -7.06035 -0.962498 -0.0533351 0.265996 -39.5136 
0.278628 -0.0158762 0.960268 184.559 -0.047248 0.998426 0.0302165 -7.04375 -0.959236 -0.0537899 0.27744 -39.3089 
0.290312 -0.0131041 0.956842 185.177 -0.0475701 0.998472 0.0281074 -7.03276 -0.955749 -0.053677 0.289246 -39.0947 
0.302275 -0.0129978 0.953132 185.81 -0.0456329 0.998563 0.0280894 -7.01767 -0.952128 -0.051985 0.301248 -38.8809 
0.313486 -0.0161489 0.949456 186.445 -0.0444583 0.998509 0.0316623 -7.00652 -0.948552 -0.0521369 0.312301 -38.651 
0.324598 -0.018046 0.94568 187.088 -0.0453396 0.998372 0.0346141 -7.00139 -0.944765 -0.0541124 0.323251 -38.4047 
0.335815 -0.0186457 0.941743 187.727 -0.046386 0.998264 0.0363056 -6.98333 -0.940785 -0.0558757 0.334367 -38.1484 
0.34484 -0.0200247 0.938448 188.363 -0.0500504 0.997958 0.039686 -6.96621 -0.937326 -0.060655 0.343134 -37.8754 
0.352157 -0.01925 0.935743 189.009 -0.0535317 0.997738 0.0406715 -6.94944 -0.934409 -0.0644147 0.35033 -37.6119 
0.356804 -0.0219156 0.933922 189.663 -0.0538812 0.997578 0.0439947 -6.92913 -0.932624 -0.0660183 0.354759 -37.3498 
0.35916 -0.0257812 0.93292 190.317 -0.0510217 0.997581 0.0472108 -6.91252 -0.93188 -0.0645554 0.356976 -37.0949 
0.359173 -0.0248389 0.93294 190.981 -0.0468003 0.997909 0.0445863 -6.8892 -0.932097 -0.059676 0.357259 -36.8287 
0.358399 -0.0243666 0.933251 191.658 -0.0454986 0.998016 0.0435306 -6.86951 -0.932459 -0.0580629 0.356579 -36.5615 
0.357478 -0.0226422 0.933647 192.332 -0.0421267 0.998298 0.0403397 -6.84076 -0.932971 -0.053752 0.355916 -36.2934 
0.356856 -0.0247579 0.933831 193.017 -0.039168 0.998373 0.0414369 -6.81671 -0.933338 -0.0513633 0.355306 -36.0216 
0.356353 -0.0311374 0.933832 193.709 -0.0355859 0.998267 0.0468657 -6.80188 -0.933673 -0.0499319 0.354628 -35.7581 
0.354949 -0.0329496 0.934305 194.397 -0.0364251 0.998133 0.0490388 -6.76923 -0.934176 -0.0514384 0.353086 -35.4807 
0.353768 -0.0358462 0.934646 195.093 -0.0343864 0.998091 0.0512949 -6.74741 -0.934701 -0.0502855 0.35186 -35.2206 
0.351792 -0.0353155 0.935412 195.779 -0.0364165 0.998015 0.0513747 -6.71676 -0.93537 -0.0521376 0.349808 -34.9407 
0.349762 -0.0356752 0.936159 196.47 -0.0381107 0.997906 0.0522669 -6.69167 -0.936063 -0.0539587 0.347669 -34.6676 
0.348008 -0.0346988 0.936849 197.167 -0.0388438 0.997923 0.0513901 -6.67128 -0.936687 -0.054275 0.345937 -34.3947 
0.346256 -0.0312639 0.937619 197.861 -0.0387622 0.998114 0.0475957 -6.65199 -0.937339 -0.0528244 0.344391 -34.1267 
0.345665 -0.0247041 0.938033 198.547 -0.0405555 0.998326 0.0412368 -6.62764 -0.937481 -0.0522965 0.344084 -33.8614 
0.344579 -0.0215818 0.938509 199.242 -0.0444073 0.998242 0.0392598 -6.59933 -0.937707 -0.0552048 0.343015 -33.5922 
0.343442 -0.0248959 0.938844 199.905 -0.0446217 0.998087 0.0427902 -6.58685 -0.938113 -0.0565888 0.341674 -33.3501 
0.34195 -0.0280934 0.939298 200.626 -0.0458832 0.997862 0.0465488 -6.56361 -0.938597 -0.0590154 0.33993 -33.0588 
0.340065 -0.0277119 0.939994 201.347 -0.0495468 0.997649 0.0473365 -6.56155 -0.939096 -0.0626711 0.337892 -32.8183 
0.335022 -0.0279564 0.941795 202.064 -0.0516482 0.997512 0.0479831 -6.53584 -0.940794 -0.0647174 0.332745 -32.5412 
0.328305 -0.0293053 0.944117 202.763 -0.0514797 0.997478 0.0488631 -6.51371 -0.943168 -0.0646448 0.325968 -32.2891 
0.318531 -0.029559 0.947451 203.466 -0.0524019 0.997436 0.0487359 -6.49588 -0.946463 -0.0651721 0.316166 -32.0296 
0.308588 -0.0283707 0.950773 204.166 -0.0490895 0.997748 0.0457052 -6.47616 -0.949928 -0.060777 0.3065 -31.8022 
0.297387 -0.0252276 0.954424 204.865 -0.0503045 0.997848 0.0420498 -6.45722 -0.953431 -0.0605169 0.295478 -31.5686 
0.285875 -0.0256107 0.957925 205.576 -0.0525547 0.997719 0.0423587 -6.43829 -0.956825 -0.0624528 0.283877 -31.3429 
0.274953 -0.03332 0.96088 206.288 -0.0480979 0.997671 0.0483589 -6.41524 -0.960254 -0.0595127 0.27271 -31.1439 
0.266196 -0.0417616 0.963014 207.009 -0.0430958 0.997546 0.0551717 -6.38955 -0.962955 -0.0561883 0.263743 -30.9466 
0.259248 -0.0475138 0.964641 207.727 -0.0430678 0.997227 0.0606934 -6.36526 -0.96485 -0.0572797 0.256483 -30.7502 
0.254381 -0.0486093 0.965882 208.435 -0.0488116 0.996818 0.0630216 -6.3317 -0.965872 -0.0631777 0.251199 -30.5345 
0.252052 -0.050487 0.966396 209.154 -0.048155 0.996747 0.0646323 -6.29456 -0.966515 -0.0628275 0.248801 -30.3379 
0.250002 -0.0512846 0.966886 209.876 -0.0472892 0.996758 0.0650964 -6.25685 -0.96709 -0.0619975 0.246767 -30.1362 
0.249008 -0.0493057 0.967246 210.596 -0.0473922 0.996887 0.0630174 -6.2216 -0.967341 -0.0615317 0.245896 -29.9317 
0.248584 -0.0476165 0.967439 211.32 -0.0506237 0.996787 0.0620688 -6.19026 -0.967287 -0.0644046 0.245375 -29.7298 
0.249109 -0.04829 0.967271 212.052 -0.0515012 0.996682 0.0630219 -6.153 -0.967105 -0.0655149 0.245796 -29.5287 
0.250454 -0.0495579 0.966859 212.764 -0.0516983 0.996579 0.0644731 -6.11414 -0.966747 -0.0661325 0.247036 -29.3227 
0.252165 -0.0506257 0.966359 213.498 -0.0524189 0.99645 0.0658805 -6.07462 -0.966264 -0.0672682 0.248616 -29.1247 
0.253561 -0.0518669 0.965928 214.236 -0.0486289 0.996615 0.0662801 -6.04275 -0.966096 -0.063778 0.250181 -28.923 
0.256733 -0.0527738 0.96504 214.989 -0.0475387 0.99661 0.0671471 -5.99501 -0.965313 -0.0631157 0.253354 -28.7112 
0.260282 -0.0543114 0.964004 215.727 -0.0490323 0.996385 0.0693746 -5.95628 -0.964287 -0.0653243 0.256678 -28.4838 
0.26555 -0.0583855 0.962328 216.471 -0.0498675 0.995997 0.0741889 -5.91175 -0.962807 -0.0676897 0.261575 -28.2581 
0.270359 -0.0617268 0.960779 217.221 -0.0512804 0.995603 0.0783942 -5.8618 -0.961393 -0.0704637 0.266004 -28.0261 
0.274427 -0.0615689 0.959635 217.973 -0.052589 0.995494 0.0789086 -5.81326 -0.960169 -0.0721209 0.269953 -27.7898 
0.278743 -0.0568577 0.958681 218.71 -0.0585199 0.995385 0.0760496 -5.76815 -0.958581 -0.0773001 0.274129 -27.5536 
0.283935 -0.0508869 0.957492 219.452 -0.0634233 0.995407 0.0717095 -5.71394 -0.956744 -0.0810881 0.279403 -27.3173 
0.288439 -0.0479136 0.956299 220.197 -0.0672655 0.995266 0.0701547 -5.67072 -0.955133 -0.0845613 0.28385 -27.0737 
0.293273 -0.0481052 0.954818 220.95 -0.0691629 0.995049 0.0713756 -5.63028 -0.953524 -0.0869705 0.288494 -26.8281 
0.297064 -0.0459933 0.953749 221.7 -0.070452 0.995061 0.0699292 -5.58982 -0.952255 -0.087967 0.292357 -26.5746 
0.300305 -0.0429033 0.952878 222.451 -0.0723493 0.995086 0.0676051 -5.5476 -0.951096 -0.0892422 0.295725 -26.3085 
0.30471 -0.0422293 0.951508 223.197 -0.0737961 0.994967 0.0677905 -5.505 -0.949582 -0.0908741 0.30006 -26.048 
0.309162 -0.0433742 0.95002 223.948 -0.0734602 0.994886 0.0693286 -5.4611 -0.948168 -0.0912223 0.304394 -25.7855 
0.313859 -0.0439522 0.948452 224.691 -0.0691245 0.995219 0.068994 -5.42502 -0.94695 -0.0872156 0.30932 -25.5368 
0.318391 -0.0436369 0.946955 225.444 -0.0659183 0.995503 0.0680376 -5.38478 -0.945665 -0.0840842 0.314083 -25.2778 
0.322331 -0.0414857 0.945718 226.18 -0.0670172 0.995532 0.0665126 -5.34173 -0.944252 -0.0848184 0.318111 -25.0055 
0.326717 -0.0419967 0.944189 226.923 -0.0717237 0.99503 0.0690766 -5.29969 -0.942397 -0.0902892 0.322081 -24.7224 
0.331322 -0.0421651 0.942575 227.671 -0.0754191 0.994621 0.0710038 -5.25794 -0.940499 -0.0946132 0.32636 -24.4397 
0.335847 -0.0397106 0.941079 228.416 -0.07252 0.995055 0.0678689 -5.22519 -0.939121 -0.0910406 0.331307 -24.1668 
0.33971 -0.0325933 0.939966 229.156 -0.0721875 0.995548 0.0606097 -5.18346 -0.937756 -0.0884434 0.335844 -23.8878 
0.34336 -0.0261295 0.938841 229.885 -0.0787667 0.99529 0.0565078 -5.13965 -0.935895 -0.0933519 0.339684 -23.6016 
0.346729 -0.0277255 0.937555 230.62 -0.0837585 0.994655 0.0603899 -5.10256 -0.934218 -0.0994672 0.342554 -23.307 
0.349195 -0.0380846 0.936276 231.357 -0.0827766 0.994014 0.0713057 -5.06115 -0.933387 -0.102401 0.343952 -23.0152 
0.350932 -0.0501889 0.935055 232.107 -0.0795157 0.993359 0.0831611 -5.00716 -0.933019 -0.103535 0.344611 -22.7245 
0.352823 -0.0579645 0.933893 232.844 -0.0811931 0.992418 0.0922717 -4.95072 -0.932161 -0.108381 0.345442 -22.4281 
0.354799 -0.0592442 0.933064 233.578 -0.0831953 0.992031 0.0946235 -4.89119 -0.931234 -0.111199 0.347043 -22.1294 
0.357553 -0.0547054 0.932289 234.311 -0.0827577 0.992499 0.0899779 -4.83539 -0.930219 -0.109326 0.350344 -21.8337 
0.361779 -0.048323 0.931011 235.026 -0.0814992 0.993193 0.0832202 -4.77005 -0.928695 -0.105984 0.355378 -21.5419 
0.366269 -0.0444041 0.929449 235.756 -0.0808936 0.99356 0.0793448 -4.71837 -0.926986 -0.104248 0.360318 -21.2421 
0.370256 -0.0424277 0.927961 236.493 -0.0788735 0.993913 0.0769137 -4.66796 -0.925575 -0.101669 0.364656 -20.9368 
0.374473 -0.0401879 0.926366 237.21 -0.0783894 0.994112 0.0748149 -4.6208 -0.923918 -0.100633 0.369118 -20.6311 
0.378465 -0.0416949 0.924676 237.928 -0.0770019 0.994104 0.076342 -4.56952 -0.922407 -0.100095 0.373022 -20.3204 
0.381708 -0.0472629 0.923074 238.666 -0.0746744 0.99385 0.0817661 -4.51916 -0.921261 -0.100141 0.375832 -19.9991 
0.385214 -0.0527194 0.92132 239.397 -0.0732739 0.993467 0.0874844 -4.46297 -0.919914 -0.101209 0.378834 -19.691 
0.387284 -0.0578853 0.920141 240.124 -0.0718333 0.993099 0.0927094 -4.40249 -0.919158 -0.102002 0.380453 -19.373 
0.389634 -0.0634877 0.918779 240.868 -0.0697583 0.992721 0.0981801 -4.34305 -0.918324 -0.102347 0.382369 -19.0508 
0.390854 -0.069959 0.91779 241.611 -0.0687464 0.992104 0.1049 -4.27182 -0.917882 -0.104095 0.382958 -18.7184 
0.392767 -0.0705449 0.916928 242.364 -0.0690295 0.991979 0.105888 -4.20225 -0.917044 -0.104884 0.384747 -18.3873 
0.394522 -0.0591871 0.916979 243.085 -0.0778664 0.992181 0.0975425 -4.1414 -0.915582 -0.109884 0.386828 -18.0501 
0.395431 -0.045311 0.917377 243.813 -0.0796709 0.993326 0.0834041 -4.07635 -0.915034 -0.106069 0.389182 -17.7198 
0.396001 -0.0371707 0.917498 244.533 -0.0800693 0.993977 0.0748278 -4.01122 -0.914753 -0.103095 0.390639 -17.3935 
0.395836 -0.0397188 0.917462 245.276 -0.0799233 0.993783 0.0775057 -3.9604 -0.914837 -0.104006 0.390201 -17.0626 
