1 -4.23778e-08 4.22719e-08 0 -4.23778e-08 1 -4.19404e-08 0 4.22719e-08 -4.19404e-08 1 0 
0.999991 -0.00264822 -0.00340634 -0.00700662 0.0026409 0.999994 -0.00212674 -0.00457609 0.00341204 0.00211764 0.999992 0.679619 
0.99997 -0.00129221 -0.00758943 -0.0229121 0.00126379 0.999992 -0.00373786 -0.00761404 0.00759428 0.00372808 0.999964 1.37874 
0.999931 -0.00145991 -0.0116844 -0.0407499 0.00139916 0.999985 -0.00519865 -0.0127279 0.0116919 0.00518186 0.999918 2.09747 
0.999861 7.62015e-05 -0.0166819 -0.0630913 -0.000173564 0.999983 -0.00583 -0.0177636 0.0166812 0.005832 0.999844 2.82878 
0.999774 -0.00116141 -0.0212377 -0.0873786 0.00103495 0.999982 -0.00596078 -0.0277602 0.0212443 0.00593737 0.999757 3.5777 
0.999661 0.000529042 -0.0260354 -0.117378 -0.000720419 0.999973 -0.0073386 -0.0335961 0.0260308 0.00735479 0.999634 4.34459 
0.999512 0.00325618 -0.031058 -0.155019 -0.00350696 0.999962 -0.00802083 -0.0418175 0.0310308 0.00812575 0.999485 5.12228 
0.999363 0.00364075 -0.0355081 -0.197356 -0.00387303 0.999971 -0.00647257 -0.0495228 0.0354836 0.00660589 0.999348 5.91664 
0.999189 0.00259349 -0.0401922 -0.238858 -0.00274486 0.999989 -0.00370934 -0.0592369 0.0401822 0.00381657 0.999185 6.72429 
0.999047 0.00227736 -0.0435824 -0.285431 -0.00232487 0.999997 -0.00103762 -0.0694513 0.0435799 0.00113787 0.999049 7.54132 
0.998917 0.00371924 -0.0463708 -0.337384 -0.00379638 0.999991 -0.00157387 -0.0786086 0.0463646 0.00174812 0.998923 8.36144 
0.998802 0.00307761 -0.0488288 -0.387666 -0.00317209 0.999993 -0.00185589 -0.0854902 0.0488228 0.00200847 0.998805 9.19056 
0.998714 0.000132728 -0.0506995 -0.433911 -0.00025849 0.999997 -0.00247235 -0.0909323 0.0506991 0.00248219 0.998711 10.0259 
0.998612 6.91438e-05 -0.0526592 -0.4927 -0.000153399 0.999999 -0.00159441 -0.101203 0.0526591 0.00160019 0.998611 10.8682 
0.99853 -0.00143543 -0.0541839 -0.547668 0.00133582 0.999997 -0.00187288 -0.110887 0.0541866 0.00179766 0.998529 11.7229 
0.998433 0.000729582 -0.05596 -0.610546 -0.000966457 0.999991 -0.00420452 -0.121707 0.0559565 0.00425193 0.998424 12.5843 
0.998346 0.00104969 -0.057479 -0.671765 -0.0014506 0.999975 -0.00693222 -0.129549 0.0574704 0.00700405 0.998323 13.455 
0.998232 0.00513277 -0.0592144 -0.740868 -0.00564753 0.999948 -0.00852766 -0.142348 0.0591676 0.00884692 0.998209 14.3321 
0.998171 0.00587269 -0.060162 -0.809097 -0.00636832 0.999947 -0.00804855 -0.157305 0.0601117 0.00841688 0.998156 15.2201 
0.998087 0.00496647 -0.0616208 -0.875072 -0.00538072 0.999964 -0.00655707 -0.171301 0.0615861 0.00687601 0.998078 16.1159 
0.997987 0.00569909 -0.0631574 -0.943145 -0.00603012 0.999969 -0.00505065 -0.186435 0.0631267 0.00542124 0.997991 17.0168 
0.997927 0.00512771 -0.0641462 -1.01197 -0.0054537 0.999973 -0.00490661 -0.200592 0.0641194 0.00524618 0.997928 17.9228 
0.997817 0.00490599 -0.0658631 -1.08293 -0.00529613 0.999969 -0.00574888 -0.214482 0.065833 0.00608506 0.997812 18.8327 
0.997738 0.00348901 -0.0671255 -1.15318 -0.003929 0.999972 -0.00642264 -0.227311 0.0671013 0.00667176 0.997724 19.7516 
0.997701 0.00349001 -0.0676837 -1.22682 -0.00383194 0.99998 -0.00492155 -0.23762 0.0676653 0.00516951 0.997695 20.6756 
0.997693 0.0047444 -0.0677188 -1.30474 -0.00485221 0.999987 -0.00142639 -0.252809 0.0677113 0.0017516 0.997703 21.6092 
0.99774 0.00568126 -0.0669558 -1.37965 -0.00554306 0.999982 0.00225087 -0.263089 0.0669675 -0.00187473 0.997753 22.546 
0.997847 0.00459797 -0.0654195 -1.45196 -0.00427019 0.999978 0.00515065 -0.268739 0.0654418 -0.0048603 0.997844 23.4864 
0.997932 0.00484255 -0.0640964 -1.52284 -0.00447909 0.999973 0.00581422 -0.27427 0.0641229 -0.00551519 0.997927 24.4338 
0.998025 0.00493782 -0.062617 -1.5963 -0.00476542 0.999984 0.00290364 -0.279327 0.0626304 -0.00259959 0.998033 25.383 
0.99807 0.00570587 -0.0618388 -1.66806 -0.00583416 0.999981 -0.00189289 -0.287467 0.061827 0.00224993 0.998084 26.3335 
0.998146 0.00486771 -0.0606607 -1.73732 -0.00517126 0.999975 -0.00484661 -0.298179 0.0606357 0.00515124 0.998147 27.2918 
0.998197 0.00236428 -0.0599697 -1.8054 -0.0025953 0.999989 -0.00377324 -0.310227 0.0599603 0.003922 0.998193 28.2626 
0.998178 0.000367364 -0.0603364 -1.87239 -0.000296259 0.999999 0.00118878 -0.320306 0.0603369 -0.00116883 0.998177 29.2404 
0.998113 -0.00374117 -0.0612863 -1.93782 0.00403822 0.999981 0.00472506 -0.331772 0.0612675 -0.00496372 0.998109 30.223 
0.997991 -0.0108611 -0.0624205 -1.99955 0.0111347 0.99993 0.00403869 -0.338789 0.0623724 -0.0047257 0.998042 31.2037 
0.99787 -0.0129873 -0.0639303 -2.0673 0.0130227 0.999915 0.000138602 -0.344881 0.0639232 -0.000970937 0.997954 32.1832 
0.997785 -0.0127834 -0.0652868 -2.14451 0.0125507 0.999913 -0.00397234 -0.354254 0.065332 0.00314406 0.997859 33.1635 
0.997658 -0.0112609 -0.0674686 -2.22632 0.0109632 0.999928 -0.0047787 -0.366182 0.0675177 0.00402775 0.99771 34.1519 
0.997608 -0.0111075 -0.0682208 -2.30424 0.0108952 0.999934 -0.00348286 -0.378613 0.0682551 0.00273117 0.997664 35.1501 
0.997539 -0.00800492 -0.0696473 -2.38969 0.00796668 0.999968 -0.000825653 -0.391981 0.0696517 0.000268677 0.997571 36.1501 
0.997469 -0.00780717 -0.0706669 -2.47687 0.0078541 0.999969 0.000387448 -0.404965 0.0706618 -0.00094158 0.9975 37.1514 
0.997383 -0.00636496 -0.072022 -2.55466 0.00659218 0.999974 0.00291885 -0.415602 0.0720016 -0.00338608 0.997399 38.1489 
0.997382 -0.00656461 -0.0720062 -2.63462 0.00700604 0.999958 0.00588072 -0.42658 0.0719647 -0.00636989 0.997387 39.1487 
0.997347 -0.000863647 -0.0727842 -2.72805 0.00146361 0.999965 0.00819121 -0.432593 0.0727746 -0.0082761 0.997314 40.1476 
0.99733 -0.00100205 -0.0730121 -2.8138 0.00154896 0.999971 0.00743544 -0.436728 0.0730026 -0.00752877 0.997303 41.1533 
0.997337 -0.00100288 -0.0729221 -2.8969 0.0014251 0.999982 0.00573925 -0.442513 0.0729152 -0.00582798 0.997321 42.1486 
0.997328 0.00116182 -0.0730441 -2.98733 -0.000916106 0.999994 0.00339842 -0.449 0.0730477 -0.00332251 0.997323 43.1455 
0.997263 0.000625273 -0.0739309 -3.07369 -0.000376069 0.999994 0.00338574 -0.45811 0.0739326 -0.00334876 0.997258 44.1433 
0.997153 -0.0013301 -0.0753977 -3.15541 0.00168709 0.999988 0.00467231 -0.466775 0.0753906 -0.0047863 0.997143 45.1385 
0.997097 -0.000767162 -0.0761336 -3.24435 0.00121131 0.999982 0.00578885 -0.479597 0.076128 -0.00586436 0.997081 46.123 
0.997087 0.00155411 -0.076251 -3.33749 -0.00139383 0.999997 0.00215618 -0.491763 0.0762542 -0.00204371 0.997086 47.0974 
0.997007 0.00179948 -0.0772906 -3.42574 -0.00195923 0.999996 -0.00198996 -0.502763 0.0772868 0.00213534 0.997007 48.0627 
0.996934 0.00278866 -0.0781981 -3.51256 -0.00305794 0.99999 -0.00332307 -0.513777 0.0781881 0.00355192 0.996932 49.0336 
0.996924 0.00160411 -0.0783548 -3.59995 -0.00160636 0.999999 3.53092e-05 -0.52675 0.0783548 9.05783e-05 0.996925 50.014 
0.996914 -0.00026839 -0.0785047 -3.68452 0.000518419 0.999995 0.00316556 -0.53954 0.0785035 -0.00319658 0.996909 50.9862 
0.996882 -0.00213704 -0.0788789 -3.76883 0.00244715 0.99999 0.00383599 -0.550822 0.07887 -0.00401715 0.996877 51.9489 
0.996848 -0.0052741 -0.0791626 -3.85442 0.0054999 0.999981 0.00263558 -0.563233 0.0791473 -0.00306275 0.996858 52.9062 
0.996792 -0.00808174 -0.0796293 -3.93607 0.00820876 0.999965 0.00126897 -0.574466 0.0796164 -0.00191865 0.996824 53.8604 
0.996694 -0.00960083 -0.0806823 -4.02403 0.00982961 0.999949 0.00243991 -0.584426 0.0806548 -0.00322501 0.996737 54.811 
0.996558 -0.0127377 -0.0819138 -4.10735 0.0133142 0.99989 0.00649675 -0.593526 0.0818222 -0.00756509 0.996618 55.7661 
0.996485 -0.0136312 -0.0826525 -4.19505 0.0146203 0.999828 0.0113737 -0.597981 0.0824833 -0.0125422 0.996513 56.7209 
0.996465 -0.0117271 -0.0831894 -4.28741 0.0128908 0.999826 0.0134666 -0.602263 0.0830172 -0.0144914 0.996443 57.6676 
0.996356 -0.0107821 -0.0846057 -4.37844 0.0116284 0.999887 0.00951704 -0.608382 0.0844936 -0.0104663 0.996369 58.6014 
0.996252 -0.00929845 -0.0859972 -4.47034 0.0094741 0.999954 0.00163557 -0.613308 0.0859781 -0.00244428 0.996294 59.5225 
0.996197 -0.00761075 -0.0867935 -4.56531 0.00735765 0.999968 -0.00323476 -0.623732 0.0868154 0.00258378 0.996221 60.4351 
0.996136 -0.00287328 -0.0877759 -4.66388 0.0026614 0.999993 -0.00252994 -0.638091 0.0877827 0.00228647 0.996137 61.3377 
0.996017 -0.000297725 -0.0891586 -4.75967 0.000295922 1 -3.25294e-05 -0.656115 0.0891587 5.92839e-06 0.996017 62.2374 
0.99593 0.00212993 -0.0901051 -4.85439 -0.00199982 0.999997 0.00153522 -0.671742 0.0901082 -0.00134887 0.995931 63.1261 
0.995814 0.00288689 -0.0913593 -4.9447 -0.00279296 0.999995 0.00115686 -0.682176 0.0913623 -0.000896945 0.995817 63.9953 
0.995667 0.00464164 -0.0928747 -5.04422 -0.00447553 0.999988 0.00199755 -0.696887 0.092883 -0.00157332 0.995676 64.8482 
0.995525 0.00530063 -0.0943484 -5.13542 -0.00507248 0.999984 0.0026587 -0.711279 0.094361 -0.00216831 0.995536 65.6876 
0.995386 0.00519134 -0.0958076 -5.22462 -0.00491845 0.999983 0.00308511 -0.724011 0.0958221 -0.00259974 0.995395 66.5133 
0.995263 0.00507608 -0.0970894 -5.31548 -0.0046987 0.99998 0.00411592 -0.733563 0.0971085 -0.00364032 0.995267 67.3232 
0.995104 0.00795826 -0.0985129 -5.40915 -0.00732184 0.99995 0.00682092 -0.743306 0.0985623 -0.00606631 0.995112 68.1199 
0.994955 0.00945515 -0.0998789 -5.50194 -0.00840861 0.999905 0.0108946 -0.751444 0.0999726 -0.00999989 0.99494 68.9084 
0.994739 0.0125416 -0.101669 -5.5943 -0.0113288 0.999858 0.0124986 -0.757327 0.101811 -0.0112812 0.99474 69.6839 
0.994569 0.0154157 -0.102927 -5.68765 -0.0146302 0.999858 0.00838379 -0.76675 0.103042 -0.00683251 0.994653 70.4366 
0.994426 0.0154891 -0.104294 -5.77719 -0.0154582 0.99988 0.00110515 -0.777546 0.104299 0.00051312 0.994546 71.1658 
0.994275 0.0144946 -0.105862 -5.8617 -0.0150755 0.999875 -0.00468814 -0.784728 0.10578 0.00625713 0.99437 71.8753 
0.994216 0.0153396 -0.106293 -5.94793 -0.0160727 0.999852 -0.00604278 -0.790442 0.106184 0.00771615 0.994316 72.5709 
0.994049 0.0180918 -0.107424 -6.0306 -0.0184836 0.999826 -0.00265196 -0.801929 0.107357 0.00462167 0.99421 73.2508 
0.993909 0.01831 -0.108672 -6.11812 -0.0184386 0.99983 -0.00017835 -0.821824 0.10865 0.00218093 0.994078 73.9105 
0.993846 0.0150918 -0.109737 -6.19285 -0.0155787 0.999872 -0.00357989 -0.833561 0.109669 0.00526732 0.993954 74.5455 
0.993925 0.00692709 -0.109837 -6.25938 -0.00793051 0.999931 -0.00870067 -0.846012 0.109769 0.00951879 0.993911 75.162 
0.994062 0.00285358 -0.108781 -6.32862 -0.00434624 0.9999 -0.0134863 -0.859484 0.108732 0.0138789 0.993974 75.7543 
0.994371 0.0052673 -0.105822 -6.39828 -0.00675222 0.999884 -0.013678 -0.874709 0.105738 0.0143155 0.994291 76.3385 
0.994758 0.0102117 -0.101742 -6.47141 -0.0113756 0.999876 -0.0108648 -0.887092 0.101619 0.0119652 0.994751 76.9137 
0.995244 0.00859856 -0.0970368 -6.53123 -0.00940598 0.999925 -0.00786556 -0.898201 0.0969619 0.00874079 0.99525 77.4733 
0.995789 0.00486054 -0.0915477 -6.57417 -0.00522562 0.999979 -0.00374767 -0.909124 0.0915277 0.00421019 0.995794 78.0212 
0.996509 0.000544068 -0.0834871 -6.61314 -0.000561748 1 -0.000187304 -0.92528 0.0834871 0.000233462 0.996509 78.551 
0.997332 0.00429853 -0.0728715 -6.65361 -0.00433831 0.99999 -0.000386494 -0.936111 0.0728692 0.000701516 0.997341 79.0662 
0.998286 0.00953793 -0.0577482 -6.69103 -0.00960602 0.999953 -0.000900196 -0.945049 0.057737 0.0014533 0.998331 79.5677 
0.999104 0.014566 -0.0397327 -6.71441 -0.014602 0.999893 -0.000612314 -0.950573 0.0397196 0.00119186 0.99921 80.0606 
0.99976 0.012926 -0.0176866 -6.71231 -0.0129289 0.999916 -4.19543e-05 -0.957538 0.0176847 0.000270529 0.999843 80.5407 
0.999917 0.009509 0.00868566 -6.69248 -0.0095176 0.999954 0.000939665 -0.966404 -0.00867625 -0.00102234 0.999962 81.0044 
0.99923 0.00846863 0.0383208 -6.65984 -0.00857421 0.99996 0.00258919 -0.975874 -0.0382973 -0.00291585 0.999262 81.4576 
0.997407 0.00820175 0.0715015 -6.61267 -0.00850271 0.999956 0.00390466 -0.982452 -0.0714662 -0.00450257 0.997433 81.9056 
0.994006 0.00811185 0.109026 -6.54313 -0.0086507 0.999953 0.00446945 -0.98961 -0.108984 -0.00538588 0.994029 82.3415 
0.988529 0.00841204 0.150799 -6.45664 -0.0091985 0.999947 0.00451789 -0.995046 -0.150753 -0.00585326 0.988554 82.7672 
0.980581 0.0081651 0.195942 -6.34707 -0.00922969 0.999947 0.00452024 -1.00263 -0.195895 -0.00624102 0.980605 83.1795 
0.969449 0.0103106 0.245075 -6.22165 -0.0112724 0.999933 0.00252162 -1.0141 -0.245033 -0.00520725 0.969501 83.5764 
0.954439 0.0111783 0.298195 -6.07008 -0.0116296 0.999932 -0.00026103 -1.0245 -0.298178 -0.00321883 0.954505 83.9553 
0.93518 0.0113977 0.353989 -5.89665 -0.0113355 0.999933 -0.0022494 -1.03381 -0.353991 -0.00190912 0.935247 84.3174 
0.911394 0.0121077 0.411356 -5.70617 -0.0114398 0.999926 -0.00408597 -1.04006 -0.411375 -0.000981962 0.911465 84.6585 
0.882895 0.0123382 0.469408 -5.49314 -0.0107274 0.999924 -0.00610597 -1.04497 -0.469448 0.000355339 0.88296 84.9797 
0.849919 0.0107018 0.526805 -5.2617 -0.00770333 0.999939 -0.00788543 -1.0561 -0.526857 0.00264377 0.84995 85.2764 
0.813354 0.0102447 0.581679 -5.01497 -0.00644032 0.999942 -0.008606 -1.06994 -0.581733 0.00325347 0.813373 85.5568 
0.773532 0.00886747 0.633695 -4.75312 -0.00548722 0.999958 -0.00729478 -1.08205 -0.633733 0.00216547 0.773549 85.8234 
0.730569 0.00849619 0.682786 -4.47805 -0.00705812 0.999963 -0.00489104 -1.0921 -0.682802 -0.00124599 0.730602 86.0768 
0.684974 0.00756905 0.728528 -4.1874 -0.00634001 0.99997 -0.00442835 -1.09928 -0.728539 -0.00158561 0.685002 86.3083 
0.637976 0.00626172 0.77003 -3.88233 -0.00324195 0.99998 -0.00544577 -1.10872 -0.770049 0.00097784 0.637984 86.5168 
0.590727 0.00357874 0.806863 -3.56312 0.00242542 0.999978 -0.00621112 -1.1161 -0.806867 0.00562603 0.590705 86.7022 
0.543537 0.00574711 0.839366 -3.24253 0.000410432 0.999975 -0.00711269 -1.12574 -0.839385 0.00421048 0.543521 86.8738 
0.49581 0.00874054 0.868387 -2.91584 -0.00343236 0.999961 -0.00810526 -1.13456 -0.868424 0.00103802 0.49582 87.0352 
0.449961 0.0109711 0.892981 -2.58393 -0.00427054 0.999939 -0.0101335 -1.14284 -0.893038 0.000746133 0.44998 87.1735 
0.407416 0.00836269 0.913204 -2.23696 0.00293818 0.999941 -0.0104679 -1.14891 -0.913238 0.00694794 0.407367 87.2864 
0.367494 0.000791435 0.930026 -1.87755 0.0180601 0.999805 -0.00798725 -1.15075 -0.929851 0.0197316 0.367408 87.3797 
0.332016 -0.00274778 0.94327 -1.51672 0.0221251 0.999743 -0.00487548 -1.15397 -0.943014 0.0224886 0.331991 87.4727 
0.298696 0.00137712 0.954347 -1.15837 0.0193381 0.999785 -0.0074953 -1.16158 -0.954152 0.020694 0.298605 87.571 
0.267531 0.00920167 0.963505 -0.797425 0.00865886 0.999891 -0.0119535 -1.17513 -0.96351 0.0115408 0.267422 87.6722 
0.239077 0.0136432 0.970905 -0.42048 0.003935 0.999879 -0.0150194 -1.19202 -0.970993 0.00741129 0.238995 87.7606 
0.213261 0.0153162 0.976875 -0.0306416 0.00533743 0.999844 -0.0168416 -1.20603 -0.976981 0.00880566 0.213146 87.8299 
0.189859 0.0165788 0.981671 0.370423 0.0126736 0.999733 -0.019335 -1.21674 -0.98173 0.0161122 0.189598 87.884 
0.169726 0.0229082 0.985225 0.778567 0.01976 0.99945 -0.0266432 -1.21612 -0.985293 0.0239901 0.16918 87.9311 
0.149931 0.0296939 0.98825 1.19824 0.0217527 0.999208 -0.0333234 -1.21679 -0.988457 0.0264933 0.149167 87.9839 
0.132296 0.0305332 0.99074 1.63454 0.0196595 0.999248 -0.0334207 -1.2291 -0.991015 0.0238989 0.131596 88.041 
0.116946 0.0261327 0.992794 2.08619 0.0174815 0.999445 -0.0283671 -1.25216 -0.992984 0.020673 0.116424 88.0929 
0.10248 0.0228637 0.994472 2.55071 0.0177822 0.999534 -0.0248126 -1.27272 -0.994576 0.0202268 0.102026 88.134 
0.0892803 0.0204132 0.995797 3.02555 0.0200872 0.99955 -0.0222912 -1.28941 -0.995804 0.021993 0.08883 88.1697 
0.0776189 0.0195958 0.99679 3.52045 0.0237944 0.999486 -0.0215017 -1.30352 -0.996699 0.025387 0.0771127 88.2023 
0.0674996 0.0201845 0.997515 4.03013 0.0270714 0.99939 -0.0220544 -1.31724 -0.997352 0.0284928 0.066912 88.2301 
0.0595897 0.0207072 0.998008 4.55857 0.0290584 0.999325 -0.0224697 -1.33197 -0.9978 0.0303395 0.0589477 88.2627 
0.0541384 0.021062 0.998311 5.1032 0.0308264 0.999266 -0.022754 -1.34617 -0.998057 0.0320062 0.0534493 88.2887 
0.0485383 0.02216 0.998575 5.66448 0.0321351 0.999202 -0.023736 -1.36261 -0.998304 0.0332414 0.0477874 88.318 
0.0425421 0.0228133 0.998834 6.24803 0.0325346 0.999177 -0.0242069 -1.37847 -0.998565 0.0335265 0.0417648 88.3466 
0.0382852 0.0228242 0.999006 6.8478 0.0351257 0.99909 -0.0241723 -1.39639 -0.998649 0.0360162 0.0374486 88.369 
0.035289 0.022675 0.99912 7.47218 0.0365903 0.999043 -0.0239657 -1.41769 -0.998707 0.0374039 0.0344255 88.3969 
0.032266 0.0222441 0.999232 8.11275 0.0375685 0.999019 -0.0234525 -1.43565 -0.998773 0.0382964 0.0313987 88.4211 
0.0298847 0.0216071 0.99932 8.77 0.0398268 0.998947 -0.0227901 -1.45481 -0.99876 0.0404808 0.0289927 88.4437 
0.0291861 0.0212089 0.999349 9.4427 0.0443 0.998765 -0.0224904 -1.47428 -0.998592 0.0449276 0.0282105 88.4657 
0.0305009 0.0208942 0.999316 10.1335 0.04812 0.998591 -0.0223478 -1.49388 -0.998376 0.0487688 0.0294525 88.4855 
0.0329065 0.0209028 0.99924 10.8437 0.0496808 0.998511 -0.0225238 -1.51217 -0.998223 0.0503842 0.031819 88.5149 
0.0369015 0.0208361 0.999102 11.5677 0.052191 0.998378 -0.0227488 -1.53245 -0.997955 0.0529836 0.0357542 88.5459 
0.0414762 0.0203774 0.998932 12.3083 0.0526584 0.998358 -0.0225522 -1.55327 -0.997751 0.0535375 0.0403351 88.5814 
0.0454285 0.0187432 0.998792 13.0623 0.0540512 0.998313 -0.0211927 -1.57229 -0.997504 0.0549487 0.0443388 88.6228 
0.0494224 0.0173359 0.998627 13.833 0.0537893 0.998352 -0.0199932 -1.59294 -0.997328 0.0547036 0.0484085 88.6722 
0.0536096 0.0152343 0.998446 14.6191 0.0508065 0.998547 -0.0179639 -1.61557 -0.997269 0.0516905 0.0527577 88.73 
0.0577991 0.0143118 0.998226 15.4192 0.0501088 0.998595 -0.0172186 -1.6335 -0.99707 0.0510151 0.0570008 88.7879 
0.0619922 0.0153556 0.997958 16.2216 0.0471733 0.998719 -0.0182977 -1.65636 -0.996961 0.0482113 0.0611884 88.8528 
0.0653715 0.0194639 0.997671 17.0291 0.0452895 0.998721 -0.0224521 -1.68222 -0.996833 0.0466517 0.0644064 88.9123 
0.0668085 0.0250963 0.99745 17.837 0.0395024 0.998833 -0.027777 -1.70511 -0.996983 0.0412574 0.0657392 88.9854 
0.0666134 0.0281641 0.997381 18.6499 0.0369884 0.998845 -0.0306759 -1.73465 -0.997093 0.0389349 0.0654947 89.0546 
0.0668053 0.0277557 0.99738 19.4681 0.0347318 0.998942 -0.0301256 -1.76657 -0.997161 0.0366533 0.0657707 89.1248 
0.06668 0.0261088 0.997433 20.2921 0.0319422 0.999089 -0.0282876 -1.80108 -0.997263 0.0337465 0.0657853 89.2005 
0.0665426 0.0247574 0.997476 21.1174 0.0329476 0.999092 -0.0269955 -1.83645 -0.997239 0.0346608 0.0656665 89.2656 
0.0669973 0.0241791 0.99746 21.9398 0.030457 0.999191 -0.0262669 -1.87022 -0.997288 0.0321394 0.0662067 89.3364 
0.0669996 0.0244934 0.997452 22.7583 0.0288479 0.999233 -0.026475 -1.90464 -0.997336 0.0305482 0.0662416 89.4076 
0.0670644 0.0253019 0.997428 23.5796 0.0260662 0.999293 -0.027102 -1.93531 -0.997408 0.0278168 0.0663575 89.4796 
0.065959 0.0267459 0.997464 24.3917 0.0233342 0.999326 -0.0283389 -1.9692 -0.997549 0.0251442 0.0652904 89.5473 
0.0632419 0.02629 0.997652 25.2067 0.0203601 0.999411 -0.0276271 -2.00247 -0.99779 0.0220595 0.0626694 89.6134 
0.0594663 0.0251024 0.997915 26.0207 0.017844 0.999497 -0.0262057 -2.03564 -0.998071 0.0193652 0.0589885 89.6737 
0.054912 0.0227178 0.998233 26.8361 0.016183 0.999589 -0.023639 -2.06769 -0.99836 0.0174525 0.0545219 89.728 
0.0487338 0.0206919 0.998597 27.6507 0.0137881 0.999676 -0.0213872 -2.0998 -0.998717 0.0148111 0.0484327 89.7782 
0.0413932 0.0208573 0.998925 28.4579 0.0132415 0.999683 -0.0214219 -2.13168 -0.999055 0.014114 0.0411039 89.8201 
0.0327399 0.0218799 0.999224 29.2605 0.0131156 0.999665 -0.0223194 -2.15993 -0.999378 0.0138361 0.032442 89.8551 
0.0229795 0.0223234 0.999487 30.064 0.0134862 0.999653 -0.0226373 -2.18645 -0.999645 0.0139994 0.0226704 89.8777 
0.0127845 0.0213761 0.99969 30.8654 0.0147347 0.999659 -0.021564 -2.21507 -0.99981 0.0150058 0.0124652 89.8937 
0.00216759 0.0204632 0.999788 31.6613 0.0138707 0.999694 -0.0204914 -2.24369 -0.999901 0.0139122 0.00188309 89.9011 
-0.00888774 0.0196216 0.999768 32.449 0.0152748 0.999693 -0.0194844 -2.27179 -0.999844 0.0150981 -0.00918473 89.8978 
-0.0197145 0.0200324 0.999605 33.2336 0.0155035 0.999685 -0.0197283 -2.29901 -0.999685 0.0151085 -0.0200189 89.8857 
-0.0306877 0.0205037 0.999319 34.0143 0.0159651 0.999672 -0.0200207 -2.32749 -0.999401 0.0153398 -0.0310049 89.8649 
-0.0412897 0.0216792 0.998912 34.7903 0.0154505 0.999659 -0.0210568 -2.35435 -0.999028 0.0145642 -0.0416105 89.8384 
-0.0515301 0.02293 0.998408 35.5623 0.0166404 0.999617 -0.022099 -2.37674 -0.998533 0.0154751 -0.0518919 89.8042 
-0.0609627 0.0234886 0.997864 36.3211 0.0172996 0.999598 -0.0224726 -2.40785 -0.99799 0.0158927 -0.0613445 89.7612 
-0.0706276 0.0240014 0.997214 37.0758 0.018045 0.999578 -0.0227804 -2.43432 -0.997339 0.0163858 -0.0710308 89.7117 
-0.0798768 0.024428 0.996505 37.8216 0.0187899 0.999559 -0.0229968 -2.46274 -0.996628 0.0168873 -0.0803006 89.6562 
-0.0883263 0.0239054 0.995805 38.5622 0.0200724 0.999552 -0.0222151 -2.48992 -0.995889 0.018026 -0.0887666 89.5928 
-0.0956592 0.0227631 0.995154 39.294 0.0218553 0.999545 -0.0207628 -2.51798 -0.995174 0.0197632 -0.0961133 89.5266 
-0.100844 0.0211934 0.994676 40.0166 0.0248315 0.999515 -0.0187791 -2.54249 -0.994592 0.0228056 -0.101322 89.4555 
-0.104585 0.019571 0.994323 40.7304 0.0279844 0.999468 -0.0167289 -2.56819 -0.994122 0.026076 -0.105077 89.3831 
-0.107252 0.0183565 0.994062 41.4339 0.0296607 0.999444 -0.0152557 -2.59247 -0.993789 0.0278484 -0.107737 89.3129 
-0.109066 0.0176061 0.993878 42.1211 0.0299679 0.999447 -0.0144162 -2.61412 -0.993583 0.0282121 -0.109533 89.2446 
-0.109987 0.0181224 0.993768 42.7974 0.0307417 0.999417 -0.0148231 -2.63496 -0.993457 0.0289198 -0.11048 89.1803 
-0.109005 0.0191733 0.993856 43.4533 0.0316709 0.999373 -0.0158061 -2.65665 -0.993536 0.0297534 -0.109544 89.1137 
-0.105776 0.0207343 0.994174 44.0953 0.0327008 0.999314 -0.0173624 -2.67859 -0.993852 0.0306737 -0.106382 89.05 
-0.100636 0.0212586 0.994696 44.724 0.0327775 0.9993 -0.0180408 -2.70065 -0.994383 0.0307881 -0.101262 88.9971 
-0.0925606 0.0221499 0.995461 45.3317 0.0322273 0.999295 -0.0192388 -2.72012 -0.995185 0.0303002 -0.0932092 88.9514 
-0.0814638 0.0221043 0.996431 45.922 0.0309942 0.999327 -0.0196347 -2.74308 -0.996194 0.0292841 -0.0820941 88.919 
-0.0677375 0.0223626 0.997452 46.4832 0.0302266 0.999336 -0.0203522 -2.76665 -0.997245 0.028771 -0.0683684 88.8976 
-0.0502997 0.0237044 0.998453 47.0379 0.0291758 0.999326 -0.0222554 -2.78929 -0.998308 0.0280112 -0.0509574 88.8849 
-0.0289306 0.0261881 0.999238 47.5717 0.0275518 0.999298 -0.0253921 -2.81336 -0.999202 0.0267962 -0.0296318 88.8886 
-0.00401148 0.029206 0.999565 48.1033 0.0258262 0.999243 -0.029093 -2.83587 -0.999658 0.0256983 -0.00476272 88.9058 
0.0246591 0.0308998 0.999218 48.6324 0.0240168 0.999215 -0.0314925 -2.85939 -0.999407 0.0247746 0.0238976 88.9407 
0.0583281 0.0303755 0.997835 49.1578 0.0219067 0.999257 -0.0316995 -2.88057 -0.998057 0.0237083 0.0576194 88.9921 
0.0969945 0.0280871 0.994888 49.6787 0.0210017 0.999321 -0.0302599 -2.89882 -0.995063 0.0238294 0.0963388 89.061 
0.139677 0.0242095 0.989901 50.191 0.0187396 0.999457 -0.0270875 -2.92414 -0.99002 0.0223338 0.139148 89.1545 
0.185606 0.0198541 0.982424 50.6931 0.0161378 0.999599 -0.0232502 -2.94697 -0.982492 0.0201695 0.185211 89.2728 
0.234824 0.0167466 0.971894 51.1879 0.0116555 0.999731 -0.0200425 -2.96677 -0.971968 0.0160343 0.234565 89.4147 
0.287246 0.0150509 0.957738 51.6693 0.00797395 0.999804 -0.0181036 -2.98779 -0.957823 0.0128371 0.28707 89.5839 
0.343162 0.0145328 0.939164 52.1372 0.00716572 0.999811 -0.0180897 -3.00548 -0.939249 0.0129375 0.342993 89.7778 
0.401919 0.0146983 0.915557 52.5897 0.00917347 0.999756 -0.0200771 -3.02382 -0.915629 0.0164682 0.401686 90.0003 
0.46218 0.0178016 0.886608 53.016 0.00998339 0.999631 -0.0252753 -3.04126 -0.88673 0.0205331 0.461831 90.2546 
0.521533 0.0207088 0.85298 53.4121 0.0111545 0.999454 -0.0310851 -3.0606 -0.853158 0.0257264 0.521017 90.5383 
0.579124 0.0247349 0.814864 53.7794 0.00702709 0.999351 -0.0353292 -3.07788 -0.815209 0.0261861 0.578574 90.8548 
0.634343 0.0275871 0.772559 54.1203 0.00294364 0.99927 -0.0380998 -3.09378 -0.773046 0.0264425 0.633798 91.1967 
0.686379 0.0281841 0.726697 54.4268 0.00130027 0.9992 -0.0399811 -3.1128 -0.727242 0.0283871 0.685793 91.5493 
0.734625 0.0266633 0.677949 54.7172 0.000316894 0.999214 -0.039642 -3.12922 -0.678473 0.0293368 0.734039 91.9257 
0.779076 0.0232501 0.626499 54.9788 -0.00204672 0.999401 -0.0345439 -3.14883 -0.626927 0.02563 0.778657 92.3238 
0.819634 0.0183958 0.572592 55.2135 -0.00302376 0.999609 -0.0277865 -3.16574 -0.572879 0.0210433 0.819369 92.739 
0.85526 0.0160128 0.517952 55.4128 -0.0056186 0.99975 -0.0216305 -3.18177 -0.518169 0.0155894 0.855136 93.1624 
0.885594 0.0125981 0.464288 55.5907 -0.00657904 0.999872 -0.0145819 -3.19588 -0.464413 0.00985898 0.885564 93.6058 
0.910428 0.0131502 0.413459 55.7391 -0.0102192 0.999904 -0.00930003 -3.21133 -0.413542 0.00424171 0.910475 94.0558 
0.929895 0.0151536 0.367512 55.8707 -0.0139743 0.999885 -0.00587002 -3.22573 -0.367558 0.000322739 0.93 94.5138 
0.944604 0.0213264 0.327518 55.9803 -0.0213964 0.999765 -0.00339029 -3.23558 -0.327513 -0.0038053 0.944839 94.9786 
0.955994 0.0257153 0.292257 56.0816 -0.0255066 0.999664 -0.0045255 -3.23962 -0.292275 -0.0031282 0.956329 95.448 
0.964872 0.0277192 0.261254 56.1825 -0.027508 0.999612 -0.00446615 -3.245 -0.261276 -0.00287737 0.96526 95.9197 
0.970752 0.0220253 0.239071 56.2869 -0.0216303 0.999757 -0.00427648 -3.25203 -0.239107 -0.00101985 0.970993 96.3975 
0.974501 0.0190026 0.223579 56.3831 -0.0186691 0.999819 -0.0036059 -3.26307 -0.223607 -0.00066014 0.974679 96.8837 
0.977243 0.0235208 0.210813 56.4684 -0.0232104 0.999723 -0.00394763 -3.27005 -0.210847 -0.00103533 0.977518 97.38 
0.979135 0.0290221 0.201126 56.5493 -0.0289174 0.999576 -0.00346006 -3.27338 -0.201141 -0.00242824 0.979559 97.8873 
0.980065 0.0368338 0.195232 56.6265 -0.0365859 0.999319 -0.0048772 -3.27673 -0.195279 -0.00236286 0.980745 98.4064 
0.980443 0.0425183 0.192154 56.7117 -0.0416537 0.999096 -0.00853925 -3.28483 -0.192343 0.000368263 0.981328 98.9328 
0.980582 0.0436306 0.191192 56.807 -0.0423012 0.999044 -0.0110318 -3.29784 -0.19149 0.00272993 0.981491 99.4667 
0.980171 0.0420851 0.193631 56.912 -0.0400204 0.999093 -0.0145644 -3.31027 -0.194068 0.00652639 0.980966 100.01 
0.979437 0.0405269 0.197636 57.0191 -0.0370878 0.99909 -0.021074 -3.31982 -0.19831 0.0133107 0.980049 100.563 
0.978616 0.0406875 0.201631 57.1327 -0.0362164 0.99901 -0.0258164 -3.32936 -0.202482 0.0179619 0.979121 101.127 
0.977475 0.0455392 0.206077 57.2396 -0.0411661 0.998828 -0.0254618 -3.34402 -0.206995 0.0164048 0.978204 101.711 
0.976107 0.0486284 0.211777 57.3535 -0.0450645 0.99875 -0.0216263 -3.35847 -0.212564 0.0115659 0.977079 102.31 
0.975243 0.0456052 0.216383 57.4847 -0.0429474 0.998933 -0.0169724 -3.37618 -0.216926 0.00725904 0.976161 102.915 
0.974575 0.041173 0.220246 57.6229 -0.0396165 0.999149 -0.0114819 -3.38859 -0.220531 0.00246453 0.975377 103.538 
0.973823 0.0386771 0.223992 57.7622 -0.0380997 0.99925 -0.00690139 -3.40173 -0.224091 -0.00181337 0.974566 104.17 
0.973342 0.0339358 0.226835 57.907 -0.0333878 0.999423 -0.00625339 -3.41175 -0.226917 -0.00148693 0.973913 104.808 
0.973388 0.030366 0.227141 58.0554 -0.0290042 0.999536 -0.00933194 -3.42275 -0.227319 0.0024955 0.973817 105.454 
0.973504 0.0293259 0.226781 58.2009 -0.026308 0.999521 -0.0163194 -3.43741 -0.227151 0.00992079 0.973809 106.109 
0.973641 0.0313164 0.225926 58.3436 -0.0267917 0.999375 -0.0230672 -3.45116 -0.226507 0.0164062 0.973871 106.774 
0.97419 0.0339467 0.223162 58.4859 -0.0286492 0.999226 -0.0269347 -3.4633 -0.223903 0.019846 0.974409 107.454 
0.974808 0.0321795 0.220711 58.6346 -0.0278354 0.999353 -0.0227653 -3.47917 -0.221301 0.0160481 0.975073 108.157 
0.975254 0.0279333 0.219314 58.7884 -0.0252126 0.999567 -0.0151956 -3.4995 -0.219643 0.00929004 0.975536 108.872 
0.975832 0.0282293 0.216692 58.9382 -0.0268276 0.999596 -0.00940848 -3.52105 -0.21687 0.00336769 0.976195 109.599 
0.976151 0.0313001 0.214826 59.084 -0.029821 0.999504 -0.0101236 -3.53771 -0.215036 0.00347573 0.9766 110.33 
0.976442 0.0368519 0.212611 59.2236 -0.0345064 0.999296 -0.0147336 -3.5528 -0.213004 0.00704998 0.977026 111.073 
0.977242 0.0377005 0.20875 59.3691 -0.0342463 0.99921 -0.0201387 -3.56671 -0.209344 0.0125314 0.977762 111.824 
0.978143 0.0361798 0.204763 59.5185 -0.0321584 0.99922 -0.0229346 -3.58502 -0.205433 0.0158484 0.978543 112.583 
0.97906 0.0337844 0.20075 59.6706 -0.0300664 0.999316 -0.0215419 -3.60526 -0.20134 0.015055 0.979406 113.357 
0.979909 0.0297707 0.197211 59.8212 -0.0264491 0.999461 -0.0194564 -3.62733 -0.197684 0.0138494 0.980168 114.145 
0.980329 0.028769 0.195264 59.9751 -0.0260003 0.999522 -0.0167283 -3.64968 -0.195651 0.0113223 0.980608 114.948 
0.980681 0.0254507 0.193953 60.1258 -0.0231021 0.99963 -0.0143622 -3.66999 -0.194247 0.00960393 0.980906 115.754 
0.980875 0.0204315 0.193565 60.2824 -0.0182353 0.999748 -0.0131219 -3.68771 -0.193785 0.00934114 0.981 116.565 
0.980968 0.0213208 0.192997 60.427 -0.0194413 0.999743 -0.011628 -3.70682 -0.193196 0.00765453 0.98113 117.383 
0.980793 0.02657 0.193234 60.5717 -0.024388 0.999609 -0.0136628 -3.72526 -0.193522 0.00868775 0.981057 118.205 
0.980531 0.0321961 0.193708 60.7151 -0.0294342 0.99942 -0.0171203 -3.74336 -0.194147 0.0110853 0.98091 119.034 
0.980034 0.0410372 0.194547 60.8601 -0.0380842 0.999096 -0.018897 -3.76107 -0.195146 0.0111104 0.980711 119.873 
0.979195 0.0467586 0.197459 61.0067 -0.044019 0.998864 -0.0182434 -3.78547 -0.198088 0.00917179 0.980141 120.712 
0.978472 0.049401 0.20038 61.158 -0.0470865 0.998758 -0.0163034 -3.81197 -0.200936 0.00651721 0.979583 121.559 
0.977924 0.0498862 0.20292 61.3191 -0.0474073 0.99873 -0.0170618 -3.83534 -0.203513 0.00706515 0.979047 122.408 
0.977621 0.0482846 0.204756 61.4837 -0.0451993 0.998783 -0.0197218 -3.85862 -0.205459 0.0100256 0.978614 123.252 
0.977611 0.0420496 0.206174 61.6571 -0.0391054 0.999067 -0.0183367 -3.88436 -0.206753 0.00986352 0.978343 124.096 
0.977886 0.0350634 0.206178 61.8361 -0.0316872 0.999304 -0.0196562 -3.91349 -0.206724 0.0126882 0.978317 124.935 
0.977621 0.0345508 0.207515 62.0022 -0.0311313 0.999321 -0.019723 -3.94282 -0.208056 0.0128214 0.978033 125.786 
0.97713 0.0372342 0.209355 62.1689 -0.0344856 0.999264 -0.0167657 -3.96759 -0.209826 0.00916242 0.977696 126.633 
0.976685 0.0395097 0.211009 62.3246 -0.03798 0.999215 -0.0112997 -3.98715 -0.21129 0.00302203 0.977419 127.482 
0.976389 0.0429707 0.211704 62.4901 -0.0424587 0.999074 -0.00696604 -4.01325 -0.211807 -0.00218717 0.977309 128.322 
0.976167 0.0422471 0.212869 62.6549 -0.0403004 0.999097 -0.0134782 -4.03725 -0.213246 0.00457823 0.976988 129.156 
0.976442 0.0376568 0.212467 62.8324 -0.0325077 0.999088 -0.0276781 -4.06457 -0.213315 0.0201191 0.976776 129.971 
0.976648 0.0354002 0.211909 63.0054 -0.0282328 0.998925 -0.0367553 -4.09353 -0.212982 0.0299141 0.976598 130.784 
0.976924 0.032572 0.211091 63.1739 -0.0273359 0.999243 -0.0276771 -4.11962 -0.211832 0.021268 0.977074 131.612 
0.977335 0.026292 0.210059 63.3464 -0.025429 0.999653 -0.00680925 -4.15034 -0.210165 0.00131327 0.977665 132.457 
0.977619 0.0229941 0.209122 63.5145 -0.025324 0.999643 0.00846956 -4.17796 -0.208853 -0.0135759 0.977853 133.299 
0.977646 0.0275791 0.208442 63.673 -0.0287427 0.999583 0.00255457 -4.19204 -0.208285 -0.00848874 0.978031 134.118 
0.977845 0.0354024 0.206313 63.8223 -0.0333287 0.999353 -0.0135196 -4.20238 -0.206658 0.00634389 0.978392 134.924 
0.978115 0.0353298 0.205042 63.9819 -0.0315899 0.99927 -0.021486 -4.21586 -0.205651 0.0145384 0.978517 135.739 
0.978678 0.0311787 0.203019 64.1419 -0.0272363 0.999383 -0.0221848 -4.2435 -0.203586 0.0161822 0.978923 136.562 
0.97926 0.0307967 0.200253 64.2957 -0.0272625 0.99942 -0.0203836 -4.27786 -0.200765 0.0145013 0.979532 137.384 
0.980004 0.0303433 0.196652 64.4437 -0.0265703 0.999409 -0.0217971 -4.30143 -0.197197 0.016136 0.980231 138.194 
0.98095 0.031342 0.191714 64.588 -0.0273463 0.999351 -0.0234534 -4.32796 -0.192325 0.0177639 0.98117 139.01 
0.98135 0.03624 0.18878 64.7248 -0.0323821 0.9992 -0.0234816 -4.3607 -0.18948 0.0169305 0.981739 139.822 
0.981508 0.0421624 0.186719 64.8534 -0.0383748 0.998979 -0.0238558 -4.38623 -0.187534 0.0162493 0.982124 140.634 
0.981809 0.0436459 0.184789 64.9887 -0.0403106 0.99895 -0.02177 -4.41603 -0.185545 0.013925 0.982537 141.439 
0.982125 0.0413636 0.183627 65.1262 -0.0388971 0.999098 -0.0170159 -4.44416 -0.184165 0.00956916 0.982849 142.244 
0.982535 0.0396846 0.181795 65.2647 -0.0372117 0.999163 -0.0169958 -4.47042 -0.182317 0.00993405 0.98319 143.046 
0.983092 0.0379287 0.17914 65.4007 -0.0349028 0.99919 -0.0200149 -4.49874 -0.179754 0.0134239 0.98362 143.845 
0.984149 0.0329148 0.174262 65.5373 -0.0292213 0.999291 -0.02372 -4.5246 -0.174919 0.0182518 0.984413 144.636 
0.985379 0.0300286 0.167708 65.6648 -0.0262744 0.999353 -0.0245604 -4.5524 -0.168337 0.0197948 0.985531 145.43 
0.986528 0.0283677 0.161111 65.7874 -0.0255839 0.999486 -0.0193282 -4.57482 -0.161576 0.0149459 0.986747 146.229 
0.987627 0.0256184 0.154713 65.9044 -0.0242387 0.999648 -0.0107985 -4.59948 -0.154935 0.00691474 0.9879 147.039 
0.988245 0.0227349 0.151176 66.0183 -0.0227504 0.99974 -0.00162761 -4.6158 -0.151174 -0.00183092 0.988505 147.852 
0.988714 0.029384 0.146905 66.1141 -0.0298352 0.999554 0.0008683 -4.62786 -0.146813 -0.00524151 0.98915 148.656 
0.9893 0.0322118 0.142296 66.2058 -0.0319577 0.999481 -0.004072 -4.63971 -0.142354 -0.000519117 0.989816 149.457 
0.990391 0.0324378 0.134439 66.3051 -0.0308005 0.999424 -0.0142415 -4.65586 -0.134823 0.00996381 0.99082 150.25 
0.991361 0.0291699 0.12788 66.3995 -0.026863 0.999444 -0.0197284 -4.66658 -0.128384 0.0161227 0.991593 151.054 
0.992213 0.0282845 0.121302 66.4807 -0.0262049 0.999481 -0.018706 -4.68656 -0.121768 0.0153815 0.992439 151.869 
0.99289 0.0350299 0.113764 66.5476 -0.0335087 0.999322 -0.0152576 -4.71105 -0.114221 0.0113369 0.993391 152.687 
0.993556 0.0405252 0.105845 66.6063 -0.0389374 0.999096 -0.0170266 -4.73218 -0.106439 0.0127955 0.994237 153.503 
0.994506 0.0430999 0.0953903 66.6691 -0.0410929 0.998893 -0.022907 -4.75345 -0.0962719 0.0188612 0.995176 154.314 
0.995365 0.0415009 0.0867566 66.7292 -0.0394561 0.998905 -0.0251549 -4.77718 -0.0877054 0.0216152 0.995912 155.134 
0.996024 0.0417033 0.0787233 66.7794 -0.0400524 0.998946 -0.0224362 -4.8002 -0.0795759 0.0191938 0.996644 155.958 
0.996501 0.0443089 0.070862 66.8175 -0.0433256 0.998943 -0.0153559 -4.82471 -0.0714674 0.012232 0.997368 156.788 
0.996897 0.047789 0.0625475 66.8488 -0.0472754 0.998835 -0.00966864 -4.8454 -0.0629366 0.00668161 0.997995 157.621 
0.997393 0.0468143 0.0549142 66.8795 -0.0465328 0.998896 -0.00639619 -4.86129 -0.0551529 0.00382412 0.998471 158.449 
0.997693 0.0474595 0.0485334 66.9065 -0.0473033 0.998871 -0.00436427 -4.87551 -0.0486857 0.00205834 0.998812 159.279 
0.997935 0.0465251 0.0442906 66.9314 -0.0463028 0.998909 -0.00603308 -4.89372 -0.0445229 0.00396976 0.999 160.104 
0.997887 0.0512428 0.0399476 66.9372 -0.0508248 0.998642 -0.0114128 -4.91268 -0.0404781 0.0093583 0.999137 160.922 
0.997724 0.0570497 0.0359569 66.9437 -0.0564236 0.998241 -0.0181972 -4.93 -0.0369317 0.0161269 0.999188 161.737 
0.997768 0.0581886 0.0327545 66.9535 -0.0575371 0.998133 -0.020497 -4.94974 -0.0338859 0.0185666 0.999253 162.558 
0.99776 0.0599803 0.0296275 66.9633 -0.0595721 0.998119 -0.0144797 -4.96919 -0.0304401 0.0126822 0.999456 163.392 
0.997675 0.0622275 0.0277862 66.9656 -0.0621391 0.998059 -0.00403909 -4.98778 -0.0279835 0.00230301 0.999606 164.228 
0.997678 0.0634572 0.0247384 66.9686 -0.0635583 0.997973 0.00331599 -5.00345 -0.0244777 -0.0048807 0.999688 165.061 
0.99802 0.0598735 0.0192684 66.9774 -0.0598877 0.998205 0.000158064 -5.01812 -0.0192243 -0.00131177 0.999814 165.879 
0.998798 0.0471636 0.0133662 66.9908 -0.0470378 0.998847 -0.00958181 -5.03032 -0.0138026 0.00894149 0.999865 166.694 
0.99898 0.0447689 0.00594387 66.9898 -0.0446809 0.9989 -0.0142024 -5.03982 -0.00657308 0.0139223 0.999881 167.517 
0.998821 0.0485384 -0.000825752 66.9687 -0.0485451 0.998738 -0.0128327 -5.05567 0.00020192 0.0128575 0.999917 168.349 
0.998878 0.0466326 -0.0082699 66.9464 -0.0466883 0.998887 -0.00666161 -5.0748 0.00795014 0.00704016 0.999944 169.184 
0.999024 0.0411823 -0.0159383 66.9295 -0.0412337 0.999145 -0.00290572 -5.08957 0.0158051 0.00355999 0.999869 170.02 
0.999236 0.0324274 -0.0217959 66.9079 -0.0324102 0.999474 0.00114742 -5.09402 0.0218217 -0.000440223 0.999762 170.864 
0.99921 0.0282141 -0.0279937 66.8714 -0.0281934 0.999602 0.00113626 -5.10721 0.0280147 -0.000346205 0.999607 171.706 
0.999108 0.0247062 -0.0342569 66.8274 -0.0249169 0.999673 -0.00573406 -5.12104 0.0341041 0.00658244 0.999397 172.542 
0.999006 0.0154041 -0.0418193 66.7877 -0.0160796 0.999745 -0.0158633 -5.13426 0.0415644 0.0165199 0.998999 173.373 
0.998823 0.00516094 -0.0482232 66.7508 -0.00613535 0.999779 -0.0200784 -5.14672 0.048109 0.0203506 0.998635 174.208 
0.998457 0.00894371 -0.0547955 66.6889 -0.00965676 0.999872 -0.0127605 -5.16233 0.0546744 0.0132699 0.998416 175.051 
0.998008 0.019422 -0.0600282 66.6108 -0.0194426 0.999811 0.000243201 -5.17738 0.0600216 0.0009243 0.998197 175.9 
0.997601 0.0246445 -0.0646855 66.5341 -0.0241666 0.999675 0.00816166 -5.19435 0.0648657 -0.00657894 0.997872 176.746 
0.997374 0.0240214 -0.0683209 66.4588 -0.0237291 0.999705 0.00508776 -5.20234 0.0684231 -0.00345329 0.99765 177.589 
0.997198 0.0253242 -0.0703957 66.3837 -0.0257883 0.999651 -0.00568983 -5.2123 0.0702271 0.00748918 0.997503 178.417 
0.996677 0.0355968 -0.0732709 66.2924 -0.0367908 0.99921 -0.0150097 -5.22467 0.0726788 0.0176554 0.997199 179.249 
0.996555 0.0340101 -0.0756408 66.2151 -0.0355166 0.999195 -0.0186591 -5.24198 0.0749454 0.0212812 0.99696 180.091 
0.99652 0.0288281 -0.0782087 66.1518 -0.0299784 0.999458 -0.0135729 -5.26333 0.0777752 0.0158702 0.996845 180.947 
0.996531 0.0291317 -0.0779613 66.0748 -0.0296006 0.99955 -0.00486448 -5.27989 0.0777846 0.00715523 0.996944 181.809 
0.996486 0.0309607 -0.077822 65.9918 -0.0310076 0.999519 0.000606825 -5.2955 0.0778035 0.0018083 0.996967 182.669 
0.996358 0.0308001 -0.0795149 65.9096 -0.0309155 0.999522 -0.00021952 -5.30915 0.0794702 0.00267688 0.996834 183.521 
0.996267 0.0269933 -0.0819949 65.8326 -0.0278619 0.999567 -0.00946678 -5.32538 0.0817039 0.0117159 0.996588 184.371 
0.996295 0.0160175 -0.0844997 65.7647 -0.0178379 0.999624 -0.0208317 -5.34378 0.0841343 0.0222617 0.996206 185.217 
0.996227 0.00548209 -0.0866146 65.6963 -0.00765354 0.999664 -0.0247572 -5.36583 0.0864499 0.0253266 0.995934 186.072 
0.99611 0.00795191 -0.0877595 65.6087 -0.00978185 0.999743 -0.0204405 -5.38753 0.0875745 0.0212193 0.995932 186.927 
0.995928 0.0138787 -0.0890784 65.5132 -0.0148199 0.999841 -0.00991152 -5.41277 0.0889267 0.0111912 0.995975 187.785 
0.995747 0.0148544 -0.0909273 65.4251 -0.0154935 0.99986 -0.00632614 -5.43738 0.0908207 0.00770794 0.995837 188.635 
0.995682 0.0135446 -0.0918306 65.3385 -0.0145274 0.999844 -0.0100417 -5.45789 0.0916804 0.0113323 0.995724 189.476 
0.995702 0.0136494 -0.0916042 65.249 -0.0152042 0.999752 -0.0162951 -5.47381 0.0913591 0.0176178 0.995662 190.311 
0.995556 0.0202525 -0.0919705 65.1508 -0.0218816 0.99962 -0.0167378 -5.49457 0.0915967 0.0186758 0.995621 191.144 
0.995454 0.0229636 -0.0924287 65.0569 -0.0243338 0.99961 -0.013724 -5.51798 0.0920775 0.0159107 0.995625 191.98 
0.995298 0.0266572 -0.0931204 64.9622 -0.0277779 0.999556 -0.0107588 -5.54042 0.0927924 0.0132948 0.995597 192.814 
0.995187 0.0304108 -0.0931578 64.8678 -0.0312847 0.999479 -0.0079344 -5.55925 0.092868 0.0108105 0.99562 193.644 
0.995033 0.032887 -0.09396 64.7749 -0.0338058 0.999395 -0.0082024 -5.58026 0.0936335 0.011338 0.995542 194.467 
