1 -4.23778e-08 4.22719e-08 0 -4.23778e-08 1 -4.19404e-08 0 4.22719e-08 -4.19404e-08 1 0 
0.999995 -0.00281651 -0.00158285 -0.0149888 0.00282131 0.999991 0.00309231 -0.0231028 0.00157421 -0.00309685 0.999994 1.53338 
0.99999 -0.00337738 -0.00303547 -0.0410091 0.00338933 0.999986 0.00396746 -0.0406705 0.00302211 -0.00397779 0.999987 3.05464 
0.999987 -0.0023831 -0.0045857 -0.0682631 0.00239992 0.99999 0.00368535 -0.0560657 0.00457696 -0.00369639 0.999983 4.56153 
0.999979 -0.00195602 -0.00618242 -0.105718 0.00197757 0.999992 0.00349512 -0.0710102 0.00617562 -0.00350735 0.999975 6.08917 
0.99997 -0.00206831 -0.00745348 -0.143035 0.00209577 0.999991 0.00368858 -0.0831414 0.00744587 -0.00370417 0.999965 7.59029 
0.999953 -0.00238816 -0.0093397 -0.171553 0.00242558 0.999989 0.00400665 -0.0999811 0.00933011 -0.0040292 0.999948 9.09865 
0.999926 -0.00431431 -0.0113556 -0.199409 0.00435252 0.999985 0.00335023 -0.11909 0.011341 -0.00339949 0.99993 10.6055 
0.999901 -0.00556665 -0.0128889 -0.241329 0.00561472 0.999977 0.00370294 -0.136515 0.0128681 -0.00377502 0.99991 12.1197 
0.999884 -0.00525528 -0.0143169 -0.282398 0.00530745 0.999979 0.00361431 -0.150261 0.0142977 -0.00368996 0.999891 13.624 
0.999865 -0.0048911 -0.0156608 -0.31718 0.00494726 0.999981 0.0035549 -0.165615 0.0156432 -0.00363198 0.999871 15.1011 
0.999857 -0.00361166 -0.0165037 -0.360163 0.00367765 0.999985 0.00397504 -0.17909 0.0164892 -0.00403526 0.999856 16.5966 
0.99985 -0.00191749 -0.017192 -0.407788 0.0019975 0.999987 0.00464283 -0.193389 0.017183 -0.00467656 0.999841 18.0836 
0.999839 -0.00101242 -0.0179142 -0.450143 0.00111288 0.999984 0.00560324 -0.215237 0.0179083 -0.00562236 0.999824 19.5848 
0.999826 -0.00144936 -0.0186125 -0.495039 0.00155317 0.999983 0.00556868 -0.231546 0.0186042 -0.0055967 0.999811 21.0409 
0.99981 -0.000851224 -0.0194656 -0.53891 0.000964047 0.999983 0.00579164 -0.244855 0.0194604 -0.00580939 0.999794 22.5118 
0.999806 -0.000393396 -0.0196639 -0.587012 0.00051621 0.99998 0.00624522 -0.255492 0.0196612 -0.00625424 0.999787 23.9846 
0.999805 0.000293879 -0.0197442 -0.634193 -0.000146483 0.999972 0.00747052 -0.269679 0.019746 -0.00746626 0.999777 25.4369 
0.999803 0.000186735 -0.0198504 -0.681792 -6.53263e-05 0.999981 0.00612086 -0.27701 0.0198513 -0.00611844 0.999784 26.9116 
0.9998 0.000445667 -0.020006 -0.731294 -0.000363613 0.999991 0.00410907 -0.291647 0.0200078 -0.00410106 0.999791 28.338 
0.999806 -0.00127707 -0.0196485 -0.780375 0.00135248 0.999992 0.00382949 -0.303583 0.0196436 -0.00385541 0.9998 29.7693 
0.9998 -0.00225036 -0.0198663 -0.818927 0.00237917 0.999976 0.00646659 -0.315025 0.0198514 -0.00651265 0.999782 31.208 
0.999791 -0.00379615 -0.020092 -0.858621 0.00395098 0.999963 0.00767607 -0.32647 0.0200622 -0.00775393 0.999769 32.6374 
0.99979 -0.00442691 -0.0199955 -0.903178 0.00456871 0.999965 0.00705573 -0.337453 0.0199637 -0.00714569 0.999775 34.047 
0.999795 -0.00421821 -0.0197777 -0.948106 0.00432212 0.999977 0.00521838 -0.351446 0.0197553 -0.00530288 0.999791 35.4339 
0.999806 -0.00312724 -0.0194231 -0.99327 0.00320948 0.999986 0.0042088 -0.362143 0.0194097 -0.00427041 0.999802 36.8192 
0.999823 -0.00234138 -0.0186376 -1.03864 0.00240384 0.999991 0.00333436 -0.379798 0.0186297 -0.00337866 0.999821 38.1779 
0.999848 -0.00166333 -0.0173425 -1.08499 0.00173971 0.999989 0.00439456 -0.397573 0.0173351 -0.00442414 0.99984 39.5379 
0.999871 -0.00106998 -0.0159939 -1.12473 0.00117161 0.999979 0.00635111 -0.411475 0.0159869 -0.00636912 0.999852 40.8726 
0.999892 -0.00156273 -0.0146123 -1.15785 0.0016697 0.999972 0.00731737 -0.426356 0.0146005 -0.00734106 0.999866 42.1822 
0.999921 -0.00104643 -0.0125226 -1.18914 0.0011448 0.999968 0.00785741 -0.437643 0.0125141 -0.00787121 0.999891 43.482 
0.999955 -0.00148929 -0.00933951 -1.21513 0.00155718 0.999972 0.00727449 -0.453165 0.0093285 -0.0072888 0.99993 44.7585 
0.99998 -0.00214016 -0.00585865 -1.2361 0.00217215 0.999983 0.00547485 -0.464607 0.00584692 -0.00548755 0.999968 46.0223 
0.999994 -0.00246439 -0.00258663 -1.25667 0.00247406 0.99999 0.0037739 -0.481563 0.00257739 -0.00378036 0.999989 47.2578 
0.999996 -0.00224435 0.00151094 -1.2715 0.00223754 0.999988 0.00443962 -0.49745 -0.0015208 -0.0044363 0.999989 48.4885 
0.999974 -0.0018786 0.00690524 -1.28276 0.0018489 0.999989 0.0042926 -0.513142 -0.00691315 -0.00427981 0.999967 49.6929 
0.999913 -0.000214524 0.0131734 -1.28492 0.00016999 0.999994 0.00337519 -0.527338 -0.013174 -0.00337274 0.999907 50.903 
0.99979 0.00115356 0.0204753 -1.27965 -0.00122334 0.999993 0.00339169 -0.542711 -0.0204712 -0.00341611 0.999785 52.1061 
0.999584 0.00225206 0.028763 -1.26379 -0.00237581 0.999988 0.00426593 -0.555648 -0.028753 -0.00433258 0.999577 53.2954 
0.999231 0.00451337 0.0389572 -1.23334 -0.00471036 0.999977 0.00496407 -0.569786 -0.0389338 -0.00514384 0.999228 54.4992 
0.998631 0.0070263 0.0518412 -1.19055 -0.00728568 0.999962 0.00481436 -0.582134 -0.0518053 -0.00518555 0.998644 55.6681 
0.997731 0.00908243 0.0667088 -1.13739 -0.00946356 0.999941 0.00539822 -0.595653 -0.0666558 -0.00601736 0.997758 56.8242 
0.996508 0.0112643 0.0827306 -1.06058 -0.0118565 0.999907 0.00667003 -0.607999 -0.0826477 -0.00762772 0.99655 57.9626 
0.994887 0.0113202 0.100359 -0.964463 -0.0121247 0.999899 0.00740896 -0.619443 -0.100265 -0.00858798 0.994924 59.0811 
0.992809 0.0106608 0.119232 -0.846059 -0.011525 0.999912 0.00655964 -0.630322 -0.119151 -0.0078867 0.992845 60.1829 
0.990193 0.00976985 0.139364 -0.70867 -0.0106534 0.999928 0.00559477 -0.64059 -0.139299 -0.00702468 0.990225 61.2715 
0.987042 0.00681211 0.160319 -0.548111 -0.00778418 0.999955 0.00543549 -0.650256 -0.160275 -0.00661309 0.98705 62.3391 
0.983345 0.00170393 0.181738 -0.361523 -0.00313948 0.999966 0.00761109 -0.661138 -0.181719 -0.00805497 0.983317 63.3943 
0.978797 -0.0037857 0.204799 -0.147935 0.00193774 0.999956 0.00922263 -0.673025 -0.204825 -0.0086303 0.97876 64.4436 
0.973513 -0.00904709 0.22845 0.0872739 0.00721264 0.999935 0.00886323 -0.68394 -0.228516 -0.00698081 0.973515 65.4619 
0.967238 -0.015204 0.253416 0.346807 0.0138155 0.999878 0.00725732 -0.692842 -0.253495 -0.00351855 0.96733 66.4607 
0.959932 -0.0188518 0.279596 0.627633 0.0173325 0.999818 0.00790507 -0.700021 -0.279695 -0.0027423 0.960085 67.4371 
0.951533 -0.021348 0.306803 0.928496 0.0190843 0.999764 0.0103766 -0.707929 -0.306953 -0.00401861 0.951716 68.3981 
0.942063 -0.025807 0.33444 1.26092 0.0226446 0.999654 0.0133516 -0.712808 -0.334669 -0.00500482 0.942322 69.3484 
0.931328 -0.0289031 0.363032 1.61666 0.0258877 0.999578 0.0131692 -0.718885 -0.363259 -0.00286684 0.931684 70.2737 
0.91946 -0.0281588 0.392175 1.99075 0.0266466 0.999602 0.00929937 -0.723469 -0.39228 0.00189965 0.919844 71.1735 
0.906591 -0.0291848 0.420999 2.39354 0.0303755 0.999531 0.00387841 -0.726747 -0.420915 0.00927188 0.907053 72.049 
0.892627 -0.0311346 0.449719 2.82153 0.0340503 0.999419 0.00160593 -0.734302 -0.449508 0.0138795 0.893169 72.9014 
0.877174 -0.0315963 0.479132 3.2744 0.0332988 0.999433 0.00494534 -0.74196 -0.479016 0.0116165 0.877729 73.7461 
0.859705 -0.030417 0.509885 3.75087 0.0290648 0.999521 0.0106205 -0.750177 -0.509963 0.00568915 0.860177 74.5756 
0.84032 -0.0304844 0.541233 4.25401 0.0269363 0.999532 0.0144761 -0.7587 -0.541422 0.00241419 0.840748 75.3761 
0.819411 -0.0242762 0.572692 4.77897 0.0229377 0.999691 0.00955701 -0.761698 -0.572747 0.00530505 0.819715 76.1516 
0.797623 -0.017287 0.602908 5.32965 0.0198476 0.9998 0.00240917 -0.763144 -0.602829 0.0100446 0.797807 76.9012 
0.775374 -0.014983 0.631325 5.9048 0.0188805 0.999822 0.000539847 -0.769607 -0.63122 0.0115011 0.775518 77.62 
0.752207 -0.0173867 0.658698 6.51305 0.0198139 0.999797 0.00376337 -0.779263 -0.658629 0.0102205 0.752398 78.3224 
0.727862 -0.0175988 0.685498 7.137 0.0199468 0.999791 0.00448806 -0.791792 -0.685434 0.0104068 0.728061 78.9954 
0.702896 -0.0157515 0.711118 7.77797 0.0206363 0.999785 0.00174776 -0.801417 -0.710993 0.0134463 0.70307 79.6335 
0.676836 -0.0132322 0.736015 8.43327 0.020575 0.999788 -0.000946465 -0.806995 -0.735846 0.0157841 0.676964 80.2449 
0.650063 -0.0107933 0.759804 9.1142 0.0187378 0.999823 -0.00182869 -0.817345 -0.759649 0.0154258 0.65015 80.8415 
0.622407 -0.00941829 0.782637 9.81762 0.0187929 0.999819 -0.00291366 -0.831075 -0.782468 0.0165214 0.622472 81.4065 
0.593866 -0.00292647 0.804559 10.5363 0.0172104 0.999811 -0.00906693 -0.848705 -0.80438 0.0192313 0.593804 81.9473 
0.564012 0.00632231 0.825742 11.2772 0.0161289 0.999695 -0.0186709 -0.865609 -0.825609 0.0238489 0.563739 82.466 
0.533308 0.0145684 0.845795 12.0409 0.0150048 0.999531 -0.0266777 -0.890107 -0.845788 0.0269184 0.53284 82.9579 
0.501589 0.0195644 0.864885 12.8317 0.0125464 0.999475 -0.0298854 -0.916005 -0.865015 0.0258413 0.50108 83.4312 
0.469263 0.0192915 0.882848 13.6479 0.0104322 0.99957 -0.0273872 -0.946936 -0.882997 0.0220618 0.46886 83.8783 
0.43596 0.0181973 0.899782 14.4786 0.00559203 0.999721 -0.0229281 -0.978884 -0.899948 0.0150273 0.435737 84.3008 
0.401721 0.0195849 0.915553 15.3288 0.00138422 0.999757 -0.0219936 -1.00887 -0.915761 0.0101026 0.401596 84.6903 
0.366673 0.0226914 0.930073 16.1931 -0.00568099 0.999738 -0.0221514 -1.03744 -0.930333 0.00283857 0.366706 85.0506 
0.331078 0.0246124 0.943282 17.0763 -0.0106001 0.999694 -0.022364 -1.06583 -0.943544 -0.00259464 0.331238 85.3799 
0.295038 0.0241204 0.955181 17.9783 -0.01327 0.999688 -0.0211455 -1.09257 -0.955393 -0.00643654 0.295266 85.676 
0.258961 0.0235513 0.965601 18.8946 -0.0139896 0.999689 -0.020631 -1.12298 -0.965786 -0.0081657 0.25921 85.9331 
0.22302 0.0230315 0.974542 19.8251 -0.0134841 0.999698 -0.0205403 -1.15191 -0.974721 -0.00855996 0.223263 86.1563 
0.187885 0.0218534 0.981948 20.7691 -0.011052 0.999736 -0.0201347 -1.17519 -0.982129 -0.00706945 0.188077 86.3404 
0.153505 0.0207788 0.987929 21.7212 -0.00302517 0.999784 -0.0205582 -1.20468 -0.988143 0.000167124 0.153535 86.4873 
0.119923 0.0242409 0.992487 22.6839 -0.000814321 0.999704 -0.0243189 -1.23537 -0.992783 0.00210819 0.119907 86.6051 
0.0871035 0.0291533 0.995773 23.647 2.74277e-05 0.999572 -0.029267 -1.26852 -0.996199 0.00257656 0.0870653 86.6988 
0.0580385 0.0328716 0.997773 24.609 0.00675957 0.999422 -0.0333192 -1.30387 -0.998291 0.00867831 0.0577827 86.7555 
0.032811 0.0310152 0.99898 25.5864 0.00843374 0.999474 -0.0313076 -1.34234 -0.999426 0.00945237 0.0325321 86.7884 
0.0103375 0.0280256 0.999554 26.571 0.0101198 0.999553 -0.0281303 -1.38018 -0.999895 0.0104061 0.0100493 86.8084 
-0.00848427 0.0253733 0.999642 27.5609 0.0104057 0.999626 -0.0252847 -1.41801 -0.99991 0.0101875 -0.00874512 86.808 
-0.0250544 0.0284856 0.99928 28.548 0.0122095 0.999528 -0.0281867 -1.45294 -0.999611 0.0114945 -0.0253904 86.7899 
-0.0395713 0.0330281 0.998671 29.5367 0.015072 0.99936 -0.0324538 -1.48753 -0.999103 0.0137678 -0.0400437 86.7548 
-0.0517659 0.0380937 0.997932 30.5252 0.0193849 0.999122 -0.0371337 -1.52753 -0.998471 0.0174226 -0.052459 86.7107 
-0.0605493 0.0414258 0.997305 31.5219 0.0243832 0.998902 -0.0400119 -1.57273 -0.997867 0.0218948 -0.0614929 86.6524 
-0.0663263 0.0468628 0.996697 32.5251 0.0284283 0.99858 -0.0450596 -1.62051 -0.997393 0.0253458 -0.0675643 86.5848 
-0.0699001 0.0516983 0.996213 33.526 0.0301934 0.998308 -0.0496886 -1.67228 -0.997097 0.0266058 -0.0713428 86.5208 
-0.0725508 0.0555281 0.995818 34.5313 0.0323398 0.998055 -0.0532968 -1.73293 -0.99684 0.0283379 -0.0742054 86.4515 
-0.0751474 0.058488 0.995456 35.5395 0.0327813 0.997884 -0.0561561 -1.79497 -0.996633 0.0284124 -0.0769057 86.3811 
-0.077447 0.0617998 0.995079 36.5483 0.0337569 0.997667 -0.0593333 -1.86412 -0.996425 0.0289957 -0.0793525 86.3078 
-0.0793749 0.0654778 0.994692 37.5639 0.0350728 0.997406 -0.0628578 -1.93058 -0.996228 0.0298973 -0.0814655 86.2377 
-0.0814938 0.0669341 0.994424 38.5784 0.0376684 0.997236 -0.0640365 -2.00093 -0.995962 0.0322398 -0.0837898 86.1576 
-0.0835266 0.0656407 0.994341 39.5969 0.0377594 0.99732 -0.0626656 -2.07415 -0.99579 0.0323115 -0.0857813 86.0808 
-0.085527 0.0653851 0.994188 40.6223 0.0371185 0.997361 -0.0624006 -2.14595 -0.995644 0.0315658 -0.0877282 85.9984 
-0.0875347 0.0668561 0.993915 41.6537 0.0371496 0.99727 -0.06381 -2.21486 -0.995468 0.031338 -0.0897794 85.9127 
-0.0897734 0.0691241 0.99356 42.6794 0.0362766 0.997154 -0.0660964 -2.28814 -0.995301 0.0301093 -0.0920254 85.8291 
-0.0922098 0.0715102 0.993168 43.7188 0.0346 0.997046 -0.068577 -2.36157 -0.995138 0.0280402 -0.0944117 85.7409 
-0.0944315 0.0751476 0.992691 44.7638 0.0322224 0.996855 -0.0723977 -2.44077 -0.99501 0.0251503 -0.0965559 85.65 
-0.0966753 0.0793532 0.992148 45.8053 0.0288299 0.996622 -0.0769019 -2.52408 -0.994898 0.021169 -0.0986364 85.5627 
-0.0991962 0.0818566 0.991695 46.8511 0.0265772 0.996473 -0.0795926 -2.60839 -0.994713 0.0184612 -0.101022 85.4686 
-0.101807 0.080468 0.991544 47.9064 0.0246014 0.996622 -0.0783541 -2.69215 -0.9945 0.0164164 -0.103443 85.3698 
-0.104746 0.0764295 0.991558 48.9613 0.0215866 0.996982 -0.0745673 -2.77762 -0.994265 0.0135937 -0.10608 85.2813 
-0.107088 0.0748701 0.991427 50.0148 0.0217421 0.997098 -0.0729501 -2.86144 -0.994012 0.0137437 -0.108405 85.1794 
-0.109075 0.0754521 0.991166 51.0687 0.021061 0.997067 -0.0735837 -2.94634 -0.99381 0.0128488 -0.110344 85.0789 
-0.110146 0.0782823 0.990828 52.1271 0.0225256 0.996834 -0.0762529 -3.03142 -0.99366 0.0139201 -0.111561 84.9698 
-0.11083 0.0810439 0.990529 53.1866 0.0227798 0.996615 -0.078993 -3.11736 -0.993578 0.0138093 -0.112301 84.8603 
-0.110966 0.0818641 0.990447 54.2427 0.0219268 0.996561 -0.079913 -3.20911 -0.993582 0.0128497 -0.112379 84.7525 
-0.110781 0.0807463 0.990559 55.3044 0.0189962 0.996684 -0.0791211 -3.29972 -0.993663 0.0100518 -0.111948 84.6507 
-0.110897 0.0800454 0.990603 56.3706 0.0152099 0.996771 -0.0788411 -3.39303 -0.993715 0.00632368 -0.111757 84.5523 
-0.110886 0.0811392 0.990515 57.4429 0.0113009 0.9967 -0.0803808 -3.48723 -0.993769 0.00228061 -0.111437 84.4508 
-0.111192 0.081469 0.990454 58.5195 0.00696253 0.996674 -0.081199 -3.57798 -0.993774 -0.00213263 -0.11139 84.3504 
-0.111358 0.0810853 0.990467 59.6046 0.00371641 0.996693 -0.0811772 -3.67076 -0.993773 -0.00535875 -0.111291 84.2465 
-0.111703 0.0758965 0.990839 60.6952 0.00393342 0.997105 -0.0759331 -3.7623 -0.993734 -0.00458454 -0.111678 84.1404 
-0.111976 0.0671879 0.991437 61.7952 0.00696246 0.99774 -0.0668287 -3.84991 -0.993686 -0.00058037 -0.112191 84.0288 
-0.111939 0.0616279 0.991802 62.9007 0.0123976 0.998084 -0.0606191 -3.93202 -0.993638 0.00551033 -0.112488 83.9135 
-0.111118 0.0641015 0.991738 64.005 0.020597 0.997852 -0.062189 -4.00452 -0.993594 0.0135165 -0.1122 83.7907 
-0.109968 0.0696491 0.991492 65.106 0.026014 0.997402 -0.0671791 -4.08024 -0.993595 0.0184051 -0.111494 83.67 
-0.108835 0.0754188 0.991195 66.218 0.0295787 0.996922 -0.0726069 -4.16033 -0.99362 0.0214162 -0.11073 83.55 
-0.108077 0.0797115 0.990942 67.3286 0.0303069 0.996581 -0.0768598 -4.24973 -0.99368 0.0217256 -0.110123 83.4384 
-0.107862 0.076958 0.991183 68.4528 0.0273177 0.996852 -0.0744256 -4.33982 -0.99379 0.0190492 -0.109624 83.331 
-0.107682 0.0723644 0.991548 69.5912 0.0263326 0.997205 -0.0699176 -4.43011 -0.993837 0.0185812 -0.109286 83.2226 
-0.10745 0.0702189 0.991728 70.7185 0.0239509 0.997396 -0.0680253 -4.51531 -0.993922 0.0164434 -0.108852 83.1144 
-0.10744 0.0710085 0.991672 71.8506 0.0222686 0.997368 -0.0690038 -4.60002 -0.993962 0.0146694 -0.108738 83.0108 
-0.106993 0.0762807 0.991329 72.9919 0.0235539 0.996967 -0.0741725 -4.68644 -0.993981 0.0154137 -0.108465 82.8979 
-0.106071 0.0789683 0.991218 74.1318 0.0234136 0.996763 -0.0769046 -4.77507 -0.994083 0.0150507 -0.107576 82.7839 
-0.105526 0.0778889 0.991361 75.2823 0.023817 0.99684 -0.0757842 -4.86604 -0.994131 0.015614 -0.107047 82.673 
-0.104519 0.0710584 0.991981 76.4467 0.025544 0.997307 -0.0687486 -4.9572 -0.994195 0.0181536 -0.106053 82.5566 
-0.104848 0.0695248 0.992055 77.6011 0.0251326 0.99742 -0.0672447 -5.04512 -0.994171 0.0178824 -0.106325 82.4427 
-0.104151 0.0726637 0.991903 78.7542 0.0226729 0.997242 -0.0706742 -5.13049 -0.994303 0.0151286 -0.105511 82.3359 
-0.103944 0.0759198 0.991681 79.9194 0.0219724 0.997014 -0.0740251 -5.21628 -0.99434 0.0140952 -0.105301 82.2315 
-0.103696 0.0754025 0.991747 81.0949 0.0212928 0.997062 -0.0735804 -5.30857 -0.994381 0.013487 -0.104997 82.1189 
-0.103392 0.0718547 0.992042 82.2759 0.0209664 0.997323 -0.0700522 -5.40056 -0.99442 0.0135567 -0.104622 82.0114 
-0.102285 0.0706411 0.992244 83.4654 0.0217224 0.997396 -0.0687687 -5.4927 -0.994518 0.01452 -0.103553 81.8946 
-0.101049 0.0710464 0.992341 84.6565 0.0231516 0.997345 -0.0690472 -5.58182 -0.994612 0.0159971 -0.102426 81.7818 
-0.099921 0.0712994 0.992437 85.86 0.025801 0.997279 -0.0690496 -5.6683 -0.994661 0.0187064 -0.101489 81.6668 
-0.098774 0.0707794 0.992589 87.0545 0.0253577 0.997322 -0.0685936 -5.75902 -0.994787 0.0183945 -0.100304 81.5621 
-0.097399 0.0713383 0.992685 88.2564 0.0267908 0.997254 -0.0690381 -5.84947 -0.994885 0.0198706 -0.0990428 81.4566 
-0.0961861 0.0695363 0.992931 89.4694 0.0271008 0.99737 -0.0672219 -5.93851 -0.994994 0.0204434 -0.0978176 81.3506 
-0.0947981 0.0687337 0.993121 90.6867 0.0255788 0.997452 -0.066592 -6.02773 -0.995168 0.0190901 -0.0963147 81.2456 
-0.0934209 0.0681267 0.993293 91.9087 0.0267488 0.997468 -0.0658974 -6.11374 -0.995267 0.0204132 -0.0950067 81.1423 
-0.0917363 0.0690947 0.993383 93.1339 0.0246658 0.997441 -0.0670992 -6.20269 -0.995478 0.0183472 -0.0932059 81.0441 
-0.0900374 0.0717641 0.993349 94.3592 0.025353 0.997242 -0.0697474 -6.29153 -0.995616 0.0189045 -0.0916085 80.9419 
-0.088984 0.0707319 0.993518 95.5901 0.0231135 0.997353 -0.0689349 -6.38068 -0.995765 0.0168296 -0.0903833 80.8498 
-0.0885019 0.0693605 0.993658 96.8277 0.0196044 0.997501 -0.0678827 -6.47439 -0.995883 0.0134724 -0.0896405 80.757 
-0.0883387 0.0705867 0.993586 98.0664 0.0167643 0.99745 -0.0693707 -6.56396 -0.995949 0.0105287 -0.0892968 80.6652 
-0.0885085 0.0700575 0.993609 99.3099 0.0141912 0.997511 -0.0690686 -6.65496 -0.995974 0.00798733 -0.0892824 80.5718 
-0.0895581 0.0675578 0.993688 100.559 0.0115934 0.9977 -0.0667858 -6.74904 -0.995914 0.00553902 -0.0901353 80.4773 
-0.0907982 0.0660025 0.99368 101.82 0.00939764 0.997814 -0.0654185 -6.84341 -0.995825 0.00339837 -0.09122 80.3801 
-0.092408 0.0654772 0.993566 103.081 0.00779622 0.997852 -0.0650346 -6.93218 -0.995691 0.00173634 -0.0927201 80.2827 
-0.0938949 0.0657105 0.993411 104.34 0.00813689 0.997837 -0.0652342 -7.0229 -0.995549 0.00195813 -0.0942265 80.1774 
-0.0962016 0.0643264 0.993281 105.601 0.00763802 0.997928 -0.0638877 -7.11237 -0.995332 0.00144061 -0.0964936 80.0714 
-0.0992196 0.0597567 0.99327 106.863 0.0049889 0.998212 -0.0595558 -7.2001 -0.995053 -0.000953778 -0.0993403 79.9638 
-0.103564 0.0596783 0.992831 108.119 0.0045835 0.998216 -0.059524 -7.28635 -0.994612 -0.00161392 -0.103653 79.8511 
-0.109083 0.0656178 0.991864 109.35 -0.000446548 0.997815 -0.0660607 -7.37576 -0.994033 -0.00764897 -0.108815 79.7374 
-0.11598 0.0686683 0.990875 110.589 0.000340116 0.99761 -0.0690953 -7.46691 -0.993251 -0.00767666 -0.115726 79.611 
-0.124838 0.064686 0.990066 111.841 0.00217661 0.997888 -0.0649227 -7.56193 -0.992175 -0.00594984 -0.124715 79.4687 
-0.135466 0.0625663 0.988804 113.095 0.00449162 0.998033 -0.0625349 -7.65602 -0.990772 -0.00403 -0.13548 79.3075 
-0.148263 0.0634746 0.986909 114.326 0.0052263 0.997974 -0.0634012 -7.7452 -0.988934 -0.00424215 -0.148294 79.1357 
-0.162595 0.0636977 0.984635 115.55 0.0072658 0.997964 -0.0633603 -7.83289 -0.986666 -0.0031479 -0.162727 78.9535 
-0.176946 0.0612936 0.98231 116.766 0.00790952 0.998115 -0.0608551 -7.92497 -0.984189 -0.00299844 -0.177097 78.7511 
-0.192446 0.0636739 0.979239 117.962 0.0121567 0.997971 -0.0625029 -8.01389 -0.981232 -0.000124134 -0.19283 78.5299 
-0.207585 0.0671705 0.975908 119.142 0.0128423 0.997741 -0.0659416 -8.10185 -0.978133 -0.00115564 -0.207979 78.2949 
-0.222746 0.07112 0.972279 120.317 0.012855 0.997463 -0.0700172 -8.19259 -0.974792 -0.00309744 -0.223096 78.0453 
-0.238718 0.0692204 0.968619 121.5 0.0093315 0.997574 -0.06899 -8.28394 -0.971044 -0.00743044 -0.238784 77.7755 
-0.254618 0.0637438 0.964939 122.687 0.00416508 0.997888 -0.0648215 -8.37704 -0.967033 -0.0124856 -0.254345 77.4884 
-0.270397 0.0599018 0.960884 123.857 0.000238331 0.998067 -0.0621528 -8.46579 -0.962749 -0.0165769 -0.269888 77.1873 
-0.285403 0.0615446 0.956429 125.024 -0.00103962 0.997916 -0.0645244 -8.55215 -0.958407 -0.0194098 -0.284744 76.8622 
-0.299838 0.0636327 0.951866 126.186 -0.00122864 0.997746 -0.0670869 -8.63856 -0.953989 -0.0212847 -0.299084 76.5171 
-0.313561 0.0660804 0.947266 127.333 0.000662893 0.997591 -0.0693716 -8.72879 -0.949568 -0.0211243 -0.312849 76.1526 
-0.327511 0.0662407 0.942523 128.474 0.00297924 0.997607 -0.0690769 -8.81999 -0.944843 -0.0198154 -0.326924 75.7676 
-0.341561 0.0642694 0.93766 129.612 0.00262139 0.99772 -0.0674313 -8.91199 -0.939856 -0.0205739 -0.340951 75.3734 
-0.356079 0.0632015 0.932316 130.746 0.00245164 0.99777 -0.0667024 -9.0019 -0.934453 -0.0214656 -0.35544 74.9591 
-0.370764 0.0647763 0.926465 131.858 0.00134814 0.997601 -0.0692104 -9.09289 -0.928726 -0.0244117 -0.369962 74.5341 
-0.385747 0.0670005 0.920169 132.962 0.00236245 0.997428 -0.0716357 -9.18454 -0.922602 -0.0254594 -0.384913 74.0914 
-0.400297 0.0687429 0.913803 134.061 0.0036048 0.997293 -0.0734445 -9.2787 -0.916378 -0.0261055 -0.399461 73.6259 
-0.414861 0.0713856 0.90708 135.15 0.00637046 0.997121 -0.0755581 -9.37525 -0.909863 -0.0255675 -0.414121 73.1449 
-0.429613 0.074968 0.899895 136.239 0.00618804 0.996769 -0.0800841 -9.47367 -0.902992 -0.0288366 -0.428689 72.6438 
-0.444702 0.0773206 0.892335 137.326 0.00722391 0.996544 -0.0827503 -9.57406 -0.89565 -0.030353 -0.443723 72.122 
-0.460033 0.0747837 0.884747 138.411 0.00606233 0.996688 -0.0810934 -9.67905 -0.887881 -0.031942 -0.458962 71.5818 
-0.476174 0.0705139 0.876519 139.5 0.00314279 0.99691 -0.0784918 -9.78284 -0.879345 -0.034621 -0.474924 71.0193 
-0.492307 0.0706436 0.86755 140.57 0.00266469 0.996819 -0.0796577 -9.88612 -0.870417 -0.0369043 -0.490929 70.4379 
-0.508348 0.069828 0.858316 141.637 0.00132183 0.996769 -0.080309 -9.9864 -0.861151 -0.0396903 -0.506798 69.8317 
-0.52424 0.0688984 0.848779 142.695 0.000786594 0.99676 -0.0804248 -10.0906 -0.85157 -0.0414942 -0.522596 69.2039 
-0.540045 0.0685406 0.83884 143.742 -0.000496726 0.996652 -0.0817551 -10.1968 -0.841636 -0.0445681 -0.538203 68.5588 
-0.555565 0.0679132 0.828695 144.783 -0.000833458 0.996613 -0.0822332 -10.3045 -0.831473 -0.0463765 -0.553626 67.8897 
-0.571058 0.0652938 0.818308 145.823 -0.00122791 0.996763 -0.0803898 -10.4115 -0.820908 -0.0469121 -0.56913 67.1959 
-0.586586 0.0618254 0.807524 146.855 -0.00111111 0.99702 -0.0771406 -10.5175 -0.809886 -0.0461468 -0.584769 66.4829 
-0.601795 0.0603038 0.796371 147.87 -0.00020493 0.997133 -0.0756611 -10.6199 -0.798651 -0.0456956 -0.600057 65.7482 
-0.616931 0.0585602 0.784836 148.872 -0.000987682 0.997169 -0.0751798 -10.7251 -0.787017 -0.0471559 -0.615127 64.9956 
-0.632034 0.0597477 0.772633 149.863 -0.00227536 0.996876 -0.0789497 -10.8292 -0.774937 -0.0516569 -0.629924 64.217 
-0.647459 0.0591521 0.759801 150.841 -0.00448608 0.99667 -0.0814157 -10.9366 -0.762087 -0.0561218 -0.645038 63.4205 
-0.663689 0.0560361 0.745907 151.835 -0.006321 0.996734 -0.0805038 -11.0433 -0.747982 -0.0581443 -0.661167 62.5858 
-0.680222 0.0483871 0.731407 152.804 -0.0102664 0.997092 -0.0755119 -11.1495 -0.732934 -0.0588738 -0.677748 61.7223 
-0.697549 0.0459758 0.71506 153.752 -0.0111251 0.997124 -0.0749642 -11.2544 -0.716451 -0.0602463 -0.695032 60.843 
-0.71528 0.0433068 0.697494 154.675 -0.0129323 0.997087 -0.0751704 -11.3572 -0.698718 -0.0627881 -0.712636 59.9371 
-0.733282 0.0393983 0.678782 155.577 -0.0162307 0.997021 -0.0754036 -11.4613 -0.679731 -0.0663092 -0.730458 59.0149 
-0.750252 0.0375233 0.660086 156.445 -0.0159849 0.997067 -0.0748478 -11.5635 -0.660958 -0.0667061 -0.747452 58.0735 
-0.766527 0.0394047 0.641002 157.292 -0.0140312 0.99685 -0.0780588 -11.6721 -0.642059 -0.0688281 -0.76356 57.1046 
-0.781933 0.0388885 0.622147 158.114 -0.010713 0.997066 -0.075788 -11.7792 -0.62327 -0.0659262 -0.779223 56.1053 
-0.796758 0.0400387 0.602971 158.919 -0.00682992 0.997142 -0.0752377 -11.8903 -0.60426 -0.0640645 -0.794208 55.0688 
-0.811724 0.0412521 0.582582 159.692 -0.00499095 0.996976 -0.077549 -12.004 -0.584019 -0.065856 -0.809064 54.0402 
-0.825636 0.0430013 0.562562 160.435 -0.00392154 0.99663 -0.0819362 -12.1127 -0.56419 -0.0698555 -0.822685 52.993 
-0.838973 0.0434049 0.542439 161.154 -0.00133518 0.996647 -0.0818149 -12.2245 -0.544171 -0.0693647 -0.836102 51.9192 
-0.850952 0.0414348 0.523607 161.853 -0.000118392 0.996868 -0.0790781 -12.3404 -0.525244 -0.0673536 -0.848282 50.8204 
-0.861792 0.0430836 0.505429 162.516 0.00246007 0.99673 -0.0807683 -12.4529 -0.507256 -0.0683621 -0.85908 49.7265 
-0.871502 0.0458508 0.488244 163.154 0.00528538 0.99644 -0.0841409 -12.5663 -0.490364 -0.0707484 -0.868641 48.6201 
-0.88073 0.0437671 0.471592 163.781 0.00377876 0.996339 -0.0854104 -12.685 -0.473603 -0.0734415 -0.877671 47.4941 
-0.889258 0.0409942 0.455565 164.389 0.00262225 0.996416 -0.0845445 -12.8065 -0.457398 -0.0739872 -0.886179 46.3511 
-0.896888 0.0383615 0.440591 165.004 0.00137582 0.996468 -0.0839602 -12.9561 -0.442255 -0.0746968 -0.893773 45.2017 
-0.903962 0.0361831 0.426079 165.591 0.000561408 0.996513 -0.083434 -13.073 -0.427612 -0.0751819 -0.90083 44.0358 
-0.910528 0.0332902 0.412104 166.159 -0.00082139 0.996605 -0.0823218 -13.198 -0.413446 -0.0752948 -0.90741 42.8566 
-0.916494 0.028375 0.399041 166.701 -0.00334478 0.996903 -0.0785698 -13.3134 -0.400035 -0.0733435 -0.913561 41.6821 
-0.921662 0.0252031 0.387175 167.222 -0.00439433 0.997146 -0.0753697 -13.4199 -0.387969 -0.0711668 -0.918921 40.4968 
-0.926282 0.0252109 0.375986 167.733 -0.00210005 0.997399 -0.0720523 -13.5271 -0.376824 -0.0675303 -0.92382 39.3098 
-0.929448 0.0295916 0.367764 168.214 0.00255965 0.997272 -0.073775 -13.6311 -0.368944 -0.0676287 -0.926988 38.1124 
-0.931739 0.0347509 0.361462 168.687 0.0079312 0.99712 -0.0754187 -13.734 -0.363042 -0.0674037 -0.929331 36.9149 
-0.93368 0.0380497 0.356082 169.154 0.0108683 0.996892 -0.0780269 -13.835 -0.357944 -0.0689822 -0.931191 35.722 
-0.935494 0.0353529 0.351568 169.618 0.00883148 0.997011 -0.0767574 -13.9443 -0.353231 -0.0687012 -0.93301 34.5277 
-0.937412 0.0279914 0.347094 170.09 0.00257677 0.997294 -0.0734677 -14.0464 -0.348211 -0.0679751 -0.934948 33.3276 
-0.939342 0.0218024 0.342289 170.558 -0.0030118 0.997415 -0.0717967 -14.15 -0.342969 -0.0684725 -0.936848 32.1221 
-0.94106 0.0153373 0.337892 171.02 -0.0100573 0.997261 -0.0732774 -14.2518 -0.33809 -0.0723567 -0.938328 30.9203 
-0.942416 0.0130972 0.334185 171.476 -0.0131514 0.997009 -0.0761618 -14.3546 -0.334183 -0.0761712 -0.939425 29.7119 
-0.943174 0.0135075 0.332025 171.919 -0.0134135 0.996812 -0.0786557 -14.4594 -0.332029 -0.0786396 -0.939985 28.5102 
-0.943492 0.0141304 0.331093 172.363 -0.0135003 0.996622 -0.0810048 -14.5654 -0.331119 -0.0808972 -0.940115 27.3095 
-0.943345 0.0168251 0.331387 172.801 -0.0112667 0.996513 -0.0826671 -14.6802 -0.331623 -0.0817172 -0.939866 26.1025 
-0.942978 0.0177117 0.332383 173.243 -0.0110034 0.996379 -0.084311 -14.796 -0.332673 -0.0831608 -0.939368 24.8998 
-0.942484 0.0186895 0.333728 173.69 -0.0107812 0.996216 -0.0862377 -14.9149 -0.334077 -0.0848757 -0.938716 23.6821 
-0.94174 0.0199424 0.335751 174.133 -0.00955047 0.996253 -0.0859617 -15.0321 -0.336207 -0.0841602 -0.93802 22.4783 
-0.940872 0.0195374 0.338197 174.58 -0.0104277 0.996192 -0.0865596 -15.1512 -0.3386 -0.0849682 -0.937086 21.2842 
-0.939496 0.0183016 0.342071 175.033 -0.0121662 0.996159 -0.0867115 -15.2699 -0.342344 -0.0856268 -0.935665 20.0927 
-0.93777 0.0167068 0.346855 175.49 -0.0136255 0.996302 -0.0848267 -15.3832 -0.34699 -0.084274 -0.934075 18.9048 
-0.935803 0.014264 0.352234 175.959 -0.0158054 0.996479 -0.0823446 -15.4964 -0.352168 -0.0826255 -0.932283 17.7309 
-0.933133 0.0121488 0.359327 176.43 -0.017714 0.996662 -0.0796983 -15.6078 -0.359096 -0.0807342 -0.929802 16.5504 
-0.930425 0.0142894 0.366202 176.911 -0.0161882 0.996662 -0.0800204 -15.7167 -0.366123 -0.0803812 -0.927088 15.3779 
-0.927236 0.0141394 0.374211 177.395 -0.0172524 0.996613 -0.0804055 -15.8252 -0.37408 -0.0810108 -0.923851 14.2374 
-0.923223 0.0174694 0.383867 177.886 -0.0155405 0.996451 -0.0827236 -15.9351 -0.38395 -0.0823378 -0.919676 13.0803 
-0.918793 0.0186828 0.394297 178.394 -0.0149882 0.996508 -0.0821427 -16.0445 -0.394454 -0.0813819 -0.915305 11.9285 
-0.913543 0.0207294 0.406212 178.92 -0.0144427 0.996417 -0.0833286 -16.1611 -0.406485 -0.0819911 -0.909971 10.7758 
-0.9075 0.0230677 0.419418 179.463 -0.0137227 0.99633 -0.0844894 -16.2778 -0.419828 -0.0824296 -0.903853 9.61917 
-0.901128 0.0257081 0.432789 180.029 -0.0119501 0.996388 -0.0840684 -16.3992 -0.433387 -0.0809283 -0.897567 8.46043 
-0.894637 0.0248295 0.446103 180.607 -0.0129368 0.996596 -0.0814135 -16.5163 -0.446606 -0.0786067 -0.891271 7.32587 
-0.88776 0.0275991 0.459478 181.201 -0.0114237 0.996572 -0.0819321 -16.6292 -0.460164 -0.077985 -0.884402 6.19669 
-0.880677 0.0295919 0.472791 181.808 -0.00991247 0.996677 -0.0808459 -16.7439 -0.473613 -0.0758856 -0.877458 5.08524 
-0.872983 0.0311264 0.486756 182.432 -0.00848399 0.996842 -0.0789605 -16.8548 -0.487676 -0.0730609 -0.869962 3.97857 
-0.865035 0.0325733 0.500653 183.067 -0.00652894 0.997075 -0.0761521 -16.9666 -0.501669 -0.0691429 -0.862292 2.8967 
-0.856713 0.0350695 0.5146 183.714 -0.00384115 0.997224 -0.0743547 -17.0779 -0.51578 -0.0656772 -0.8542 1.83401 
-0.847229 0.0381787 0.529854 184.379 -0.000714065 0.997331 -0.0730046 -17.1832 -0.531227 -0.06223 -0.844941 0.777766 
-0.836565 0.0405642 0.546363 185.063 0.00160555 0.997432 -0.071595 -17.2894 -0.547865 -0.0590167 -0.834483 -0.259697 
-0.825277 0.0436662 0.563037 185.763 0.00460962 0.997494 -0.0706038 -17.3912 -0.564709 -0.0556724 -0.82341 -1.28074 
-0.813709 0.0454172 0.579496 186.486 0.00561346 0.99751 -0.0702964 -17.4889 -0.581246 -0.0539478 -0.811938 -2.28154 
-0.801768 0.0475241 0.595743 187.234 0.00678912 0.997493 -0.070436 -17.5852 -0.597597 -0.0524287 -0.800081 -3.26774 
-0.78858 0.0498487 0.612909 187.994 0.00855645 0.997502 -0.0701194 -17.684 -0.614873 -0.0500504 -0.787036 -4.2406 
-0.774498 0.050648 0.630546 188.774 0.00984968 0.997634 -0.0680358 -17.7795 -0.6325 -0.0464828 -0.773164 -5.19136 
-0.758766 0.0523601 0.649255 189.573 0.0116939 0.997698 -0.0667945 -17.8735 -0.651258 -0.0430891 -0.757632 -6.12383 
-0.741713 0.0549634 0.668461 190.393 0.0127452 0.997612 -0.0678855 -17.968 -0.670596 -0.0418319 -0.740642 -7.02822 
-0.724046 0.0578367 0.687322 191.223 0.013371 0.997468 -0.0698494 -18.0639 -0.689622 -0.041384 -0.722986 -7.90295 
-0.706265 0.0583253 0.705541 192.075 0.0116748 0.997424 -0.0707678 -18.1548 -0.707851 -0.0417438 -0.705127 -8.73366 
-0.687324 0.0583998 0.723999 192.955 0.00971106 0.997412 -0.071235 -18.2462 -0.726286 -0.0419307 -0.686113 -9.54757 
-0.667008 0.057788 0.742806 193.845 0.00759213 0.997463 -0.0707821 -18.3452 -0.745012 -0.0415727 -0.665754 -10.336 
-0.646263 0.0585207 0.760867 194.748 0.00560554 0.997392 -0.0719514 -18.4373 -0.763094 -0.0422345 -0.644906 -11.0926 
-0.625304 0.0582373 0.778205 195.682 0.00229878 0.997345 -0.0727897 -18.5289 -0.780377 -0.0437268 -0.623778 -11.8236 
-0.603951 0.0587539 0.794853 196.634 0.000241762 0.997293 -0.0735342 -18.6144 -0.797021 -0.0442189 -0.60233 -12.5285 
-0.58095 0.0587535 0.811815 197.596 -0.000471378 0.997367 -0.0725197 -18.708 -0.813939 -0.042513 -0.579393 -13.2066 
-0.556611 0.0596452 0.82863 198.577 -0.00112781 0.997364 -0.0725484 -18.8013 -0.830773 -0.0413158 -0.555076 -13.8538 
-0.530827 0.062894 0.845143 199.574 1.16941e-05 0.997243 -0.0742057 -18.8959 -0.84748 -0.0393805 -0.529364 -14.4743 
-0.50344 0.0637132 0.861678 200.594 -0.000734277 0.997246 -0.0741663 -18.9879 -0.86403 -0.037971 -0.502007 -15.0692 
-0.475899 0.0625072 0.877276 201.635 -0.00250513 0.997371 -0.0724232 -19.0862 -0.879496 -0.0366639 -0.474492 -15.6241 
-0.447369 0.0605871 0.892295 202.685 -0.00426477 0.997547 -0.069872 -19.1799 -0.894339 -0.035064 -0.446013 -16.1447 
-0.41776 0.0621624 0.906428 203.747 -0.00517871 0.997477 -0.0707933 -19.2645 -0.908543 -0.0342687 -0.416384 -16.6224 
-0.386413 0.0648628 0.920042 204.829 -0.00601003 0.997326 -0.0728355 -19.3537 -0.922306 -0.033674 -0.38499 -17.0694 
-0.354347 0.0664454 0.93275 205.901 -0.00484519 0.997328 -0.0728864 -19.4489 -0.935101 -0.0303464 -0.353078 -17.4744 
-0.322787 0.0669072 0.944104 206.976 -0.00444412 0.99738 -0.0722023 -19.5398 -0.946461 -0.0275016 -0.321644 -17.8308 
-0.290212 0.0671249 0.954605 208.085 -0.00504655 0.997416 -0.0716695 -19.6286 -0.956949 -0.0256168 -0.289123 -18.1554 
-0.256341 0.065988 0.964331 209.212 -0.00466567 0.997571 -0.0695029 -19.7239 -0.966575 -0.0223157 -0.255411 -18.4488 
-0.221322 0.0641218 0.97309 210.363 -0.0051261 0.997746 -0.0669124 -19.8165 -0.975187 -0.0197973 -0.220494 -18.7112 
-0.186371 0.0627765 0.980472 211.51 -0.00482043 0.997886 -0.0648079 -19.9083 -0.982468 -0.0168046 -0.185674 -18.9263 
-0.15085 0.0622032 0.986598 212.657 -0.00434002 0.997967 -0.0635837 -19.9966 -0.988547 -0.0138734 -0.150273 -19.1017 
-0.115302 0.0618411 0.991403 213.808 -0.00474803 0.998014 -0.0628058 -20.0792 -0.993319 -0.0119489 -0.11478 -19.232 
-0.0794445 0.0618388 0.994919 214.957 -0.00471409 0.998039 -0.0624093 -20.1625 -0.996828 -0.00964821 -0.0789973 -19.3231 
-0.044135 0.0623872 0.997076 216.113 -0.00622732 0.998012 -0.0627215 -20.2467 -0.999006 -0.00897732 -0.0436587 -19.3671 
-0.00965654 0.0617968 0.998042 217.273 -0.00732005 0.998057 -0.0618686 -20.3293 -0.999926 -0.00790316 -0.00918543 -19.3742 
0.0237784 0.0614466 0.997827 218.432 -0.00951854 0.998078 -0.0612353 -20.4071 -0.999672 -0.00804178 0.0243176 -19.3362 
0.0569831 0.0618168 0.996459 219.573 -0.0109641 0.99806 -0.0612892 -20.4914 -0.998315 -0.00743287 0.0575503 -19.2646 
0.0898083 0.0622169 0.994014 220.733 -0.0112257 0.998047 -0.0614552 -20.5667 -0.995896 -0.00563927 0.0903313 -19.1543 
0.122156 0.0604623 0.990667 221.892 -0.0106235 0.998165 -0.05961 -20.641 -0.992454 -0.00324264 0.122575 -19.0098 
0.153543 0.0594056 0.986355 223.046 -0.00971828 0.998234 -0.0586084 -20.719 -0.988094 -0.00058675 0.153849 -18.8302 
0.183939 0.0593845 0.981142 224.202 -0.00870594 0.998233 -0.0587868 -20.7971 -0.982899 0.00227143 0.184131 -18.611 
0.214073 0.0590483 0.975031 225.349 -0.00714735 0.998239 -0.0588847 -20.8729 -0.976792 0.00563669 0.214118 -18.3554 
0.2442 0.0581912 0.967977 226.479 -0.00487674 0.998259 -0.0587814 -20.9487 -0.969713 0.0096338 0.244058 -18.0667 
0.274506 0.0565807 0.959919 227.614 -0.0026848 0.998308 -0.0580758 -21.0255 -0.961582 0.0133649 0.274193 -17.7443 
0.304846 0.0552746 0.950796 228.745 -0.00106016 0.998333 -0.0576984 -21.1014 -0.952401 0.0165811 0.304397 -17.386 
0.334371 0.0543911 0.940871 229.856 0.00162586 0.998298 -0.0582889 -21.1812 -0.94244 0.0210198 0.333713 -16.9905 
0.363163 0.0537293 0.930175 230.956 0.00205049 0.998287 -0.0584643 -21.2588 -0.931723 0.0231394 0.362431 -16.5626 
0.391468 0.0518769 0.918728 232.052 0.00260809 0.998343 -0.0574838 -21.337 -0.920188 0.0248992 0.390684 -16.0981 
0.419641 0.0508207 0.906266 233.139 0.00277507 0.998355 -0.0572698 -21.4125 -0.907686 0.0265477 0.41881 -15.5978 
0.447822 0.0515674 0.892634 234.191 0.00423593 0.998202 -0.0597913 -21.4915 -0.894112 0.030557 0.446799 -15.067 
0.475966 0.0527004 0.877883 235.224 0.00513565 0.998019 -0.0626968 -21.5718 -0.879449 0.0343501 0.474753 -14.5128 
0.503167 0.0509387 0.862686 236.256 0.00630805 0.998018 -0.0626089 -21.6558 -0.864166 0.0369446 0.501849 -13.9142 
0.529651 0.048234 0.846843 237.268 0.00707091 0.998096 -0.0612716 -21.7392 -0.848186 0.0384405 0.528301 -13.2819 
0.554698 0.0464248 0.830755 238.267 0.00634889 0.998177 -0.0600201 -21.8201 -0.832027 0.0385674 0.553392 -12.6136 
0.57763 0.0465503 0.81497 239.239 0.00474165 0.998164 -0.0603751 -21.9055 -0.816285 0.0387388 0.576349 -11.9177 
0.598292 0.0466618 0.799918 240.198 0.00343667 0.998144 -0.0607955 -21.9839 -0.801271 0.0391225 0.597021 -11.1877 
0.617583 0.0453325 0.785198 241.15 0.00265733 0.998212 -0.0597207 -22.0639 -0.786501 0.038969 0.616358 -10.4256 
0.635644 0.0426771 0.770802 242.091 0.0025973 0.998347 -0.0574176 -22.1457 -0.771978 0.0384991 0.634482 -9.63786 
0.652907 0.0391167 0.756428 243.02 0.00426539 0.99846 -0.0553145 -22.2257 -0.757426 0.0393416 0.651734 -8.83733 
0.669107 0.0365668 0.742266 243.935 0.005157 0.998536 -0.0538405 -22.3016 -0.743148 0.0398529 0.667939 -8.00914 
0.68436 0.0340326 0.728349 244.821 0.007148 0.998549 -0.0533743 -22.3787 -0.729109 0.0417335 0.683124 -7.16553 
0.699278 0.0334647 0.714066 245.693 0.00687791 0.998542 -0.0535324 -22.4556 -0.714816 0.0423453 0.698029 -6.29998 
0.713891 0.0320912 0.699521 246.541 0.00746663 0.998544 -0.0534293 -22.527 -0.700217 0.0433657 0.712611 -5.41545 
0.72805 0.029937 0.684869 247.377 0.00692002 0.998674 -0.0510105 -22.5983 -0.685488 0.0418775 0.726878 -4.50838 
0.742134 0.0270051 0.669707 248.194 0.00762464 0.998783 -0.0487241 -22.6699 -0.670208 0.0412661 0.741025 -3.58872 
0.755828 0.0251333 0.654288 248.997 0.00815732 0.998824 -0.0477915 -22.7416 -0.65472 0.0414593 0.754734 -2.64594 
0.76888 0.02442 0.638926 249.772 0.00939837 0.998731 -0.0494819 -22.8111 -0.639324 0.0440505 0.767675 -1.68076 
0.780963 0.0235915 0.624132 250.541 0.00988547 0.998694 -0.0501191 -22.8794 -0.624499 0.045311 0.77971 -0.697618 
0.792384 0.022902 0.609593 251.297 0.0093229 0.998724 -0.0496399 -22.9506 -0.609952 0.045017 0.791159 0.307876 
0.803202 0.0205115 0.595354 252.042 0.00978696 0.998818 -0.0476158 -23.0179 -0.595626 0.0440718 0.802052 1.32751 
0.813558 0.0179354 0.581207 252.768 0.0112387 0.998852 -0.0465552 -23.0877 -0.581375 0.0444073 0.812423 2.36403 
0.823102 0.0173389 0.567628 253.479 0.0113971 0.998828 -0.0470373 -23.1553 -0.567778 0.0451858 0.82194 3.42118 
0.831915 0.0144985 0.554714 254.179 0.0153789 0.998672 -0.0491664 -23.2226 -0.55469 0.0494332 0.830587 4.4903 
0.840053 0.0119657 0.542373 254.866 0.0168148 0.998702 -0.0480769 -23.2907 -0.542244 0.0495069 0.838761 5.57072 
0.847425 0.0088975 0.53084 255.54 0.0192704 0.998685 -0.0475023 -23.3608 -0.530564 0.0504841 0.84614 6.66446 
0.854063 0.0076106 0.520113 256.201 0.0202981 0.998644 -0.0479438 -23.4261 -0.519773 0.0515043 0.852751 7.76974 
0.859168 0.00655588 0.511652 256.855 0.0206201 0.998662 -0.0474216 -23.4928 -0.511278 0.0512934 0.857883 8.89874 
0.862885 0.00609435 0.505364 257.498 0.0197971 0.998752 -0.045847 -23.5619 -0.505013 0.0495654 0.861687 10.0309 
0.865646 0.00510648 0.50063 258.145 0.0199002 0.998807 -0.0445978 -23.6287 -0.500261 0.0485684 0.864511 11.1787 
0.868155 0.00383798 0.496278 258.785 0.0207349 0.998816 -0.0439967 -23.6999 -0.49586 0.0484862 0.867048 12.3204 
0.870476 0.00232938 0.492206 259.421 0.0218604 0.998819 -0.0433878 -23.7662 -0.491725 0.0485278 0.869397 13.4713 
0.872498 0.000326849 0.488617 260.057 0.022797 0.998883 -0.0413759 -23.8329 -0.488085 0.0472393 0.871517 14.641 
0.874553 -0.00173402 0.484927 260.689 0.0244043 0.998884 -0.0404408 -23.9038 -0.484315 0.0472019 0.873619 15.8028 
0.876743 -0.00247734 0.480953 261.316 0.0252277 0.998847 -0.0408436 -23.967 -0.480297 0.0479426 0.875794 16.9734 
0.878904 -0.00364618 0.476984 261.944 0.0259664 0.998854 -0.0402111 -24.0303 -0.476291 0.0477272 0.877992 18.145 
0.880889 -0.00358535 0.473309 262.558 0.0254824 0.99888 -0.0398596 -24.097 -0.472636 0.0471729 0.879994 19.3258 
0.882798 -0.00402364 0.469735 263.175 0.0255501 0.998894 -0.0394617 -24.1599 -0.469056 0.0468384 0.881925 20.514 
0.884854 -0.0034411 0.465856 263.79 0.0246739 0.998915 -0.0394876 -24.2211 -0.465215 0.0464352 0.883979 21.6995 
0.886147 -0.00291046 0.463396 264.424 0.0238118 0.998945 -0.0392611 -24.2913 -0.462792 0.0458253 0.885281 22.9143 
