1 2.12261e-08 -2.11895e-08 0 2.12261e-08 1 2.10703e-08 0 -2.11895e-08 2.10703e-08 1 0 
1 -0.000528838 8.1372e-05 -0.030535 0.000528747 0.999999 0.00162386 -0.0192872 -8.22731e-05 -0.00162378 0.999999 1.35418 
0.999999 -0.00145356 -8.48769e-05 -0.0606714 0.00145373 0.999998 0.00147037 -0.0326574 8.2697e-05 -0.00147045 0.999999 2.70566 
0.999996 -0.00292952 -0.000147289 -0.0810953 0.00292961 0.999996 0.000317283 -0.0499562 0.000146316 -0.000317671 1 4.05849 
0.999995 -0.00308209 -1.38709e-05 -0.105169 0.00308213 0.999995 0.000246247 -0.0648494 1.30696e-05 -0.000246247 1 5.40319 
0.999994 -0.00356508 0.000271095 -0.13717 0.00356485 0.999993 0.000973229 -0.0821317 -0.000274605 -0.000972214 1 6.77077 
0.999988 -0.00482318 0.000719075 -0.159049 0.00482168 0.999986 0.00213194 -0.0998397 -0.00072939 -0.00212841 0.999998 8.12448 
0.999991 -0.00425107 0.000374458 -0.177365 0.00425017 0.999988 0.00247558 -0.116441 -0.000385019 -0.00247393 0.999997 9.47695 
0.999994 -0.00338351 0.000118048 -0.204197 0.00338349 0.999994 0.000534607 -0.134165 -0.000119899 -0.000534163 1 10.8343 
1 -0.000302025 0.000314298 -0.232272 0.000302642 0.999998 -0.00183003 -0.155368 -0.000313787 0.00183016 0.999998 12.1887 
0.999995 0.00316644 0.000814913 -0.264702 -0.00316408 0.999991 -0.00282497 -0.176892 -0.000823893 0.00282242 0.999996 13.5516 
0.999983 0.00572893 0.000926436 -0.289408 -0.00572602 0.999979 -0.00306442 -0.199409 -0.000944015 0.00305911 0.999995 14.9113 
0.999976 0.00684479 0.00133663 -0.315245 -0.00684152 0.999974 -0.00240643 -0.220661 -0.00135311 0.00239727 0.999996 16.2801 
0.999988 0.0044826 0.00201011 -0.337258 -0.00448324 0.99999 0.000337494 -0.241289 -0.00200862 -0.00034646 0.999998 17.6524 
0.999997 0.000605334 0.00225141 -0.360736 -0.000609953 0.999998 0.00207038 -0.262094 -0.00225019 -0.0020717 0.999995 19.0077 
0.999996 -0.00169344 0.00213117 -0.379836 0.00169389 0.999999 -0.000191584 -0.284382 -0.00213088 0.000195235 0.999998 20.3721 
0.999994 -0.00259736 0.00221688 -0.403619 0.00260244 0.999994 -0.00227396 -0.304172 -0.002211 0.00227976 0.999995 21.7365 
0.999995 -0.000277263 0.00311834 -0.431537 0.00028953 0.999992 -0.00392018 -0.330327 -0.00311728 0.00392111 0.999987 23.1042 
0.999988 0.00291023 0.00403025 -0.452248 -0.00290119 0.999993 -0.00223847 -0.347981 -0.00403678 0.00222679 0.999989 24.4931 
0.999985 0.00328084 0.00443056 -0.46911 -0.00328651 0.999994 0.00128126 -0.370808 -0.00442637 -0.00129576 0.999989 25.8843 
0.999987 0.00109576 0.00502956 -0.48625 -0.00111166 0.999994 0.00316836 -0.388484 -0.0050261 -0.00317387 0.999982 27.2589 
0.999985 -0.00288043 0.00456226 -0.498116 0.00287393 0.999995 0.00144018 -0.406417 -0.00456642 -0.001427 0.999989 28.6391 
0.999985 -0.00330685 0.00438591 -0.513497 0.00331033 0.999994 -0.000777637 -0.431008 -0.00438336 0.000792186 0.99999 30.021 
0.999981 -0.00346107 0.00518202 -0.529162 0.00347781 0.999989 -0.00321639 -0.456486 -0.00517088 0.00323439 0.999981 31.4139 
0.999983 -0.000175975 0.00587819 -0.553818 0.000199593 0.999992 -0.00401019 -0.485233 -0.00587748 0.00401133 0.999975 32.7963 
0.999981 0.000568217 0.00622123 -0.574189 -0.000530318 0.999981 -0.006085 -0.512687 -0.00622462 0.00608162 0.999962 34.1885 
0.999979 0.00158997 0.00634982 -0.588666 -0.0015543 0.999983 -0.00561195 -0.539654 -0.00635868 0.005602 0.999964 35.5991 
0.999979 0.00164827 0.00626732 -0.607166 -0.00162081 0.999989 -0.00437796 -0.569631 -0.00627451 0.00436775 0.999971 36.9971 
0.999979 0.00266681 0.00596071 -0.625003 -0.00264962 0.999992 -0.00288307 -0.598089 -0.0059684 0.00286725 0.999978 38.4023 
0.999966 0.00557875 0.00615981 -0.647285 -0.0055619 0.999981 -0.0027418 -0.624437 -0.00617503 0.00270749 0.999977 39.8079 
0.999944 0.00829148 0.0065953 -0.670374 -0.00826923 0.99996 -0.00338618 -0.645616 -0.00662315 0.0033315 0.999973 41.2303 
0.999924 0.0103521 0.00669161 -0.68787 -0.0103323 0.999942 -0.00298743 -0.671956 -0.00672219 0.00291811 0.999973 42.6508 
0.999919 0.0109921 0.00640188 -0.704053 -0.0109732 0.999935 -0.00297358 -0.69622 -0.00643419 0.00290313 0.999975 44.0836 
0.999929 0.010221 0.00617174 -0.730625 -0.0102012 0.999943 -0.00321324 -0.718945 -0.00620427 0.00315009 0.999976 45.5182 
0.999943 0.00920053 0.00550851 -0.744122 -0.00918027 0.999951 -0.00368315 -0.745062 -0.00554217 0.00363242 0.999978 46.95 
0.99995 0.00869715 0.00502013 -0.771253 -0.00867954 0.999956 -0.00351074 -0.770693 -0.00505049 0.00346704 0.999981 48.3638 
0.999949 0.00923491 0.0040701 -0.792116 -0.00922516 0.999955 -0.00239759 -0.796637 -0.0040921 0.00235996 0.999989 49.7965 
0.999952 0.00928225 0.0030592 -0.815007 -0.00927414 0.999954 -0.00264124 -0.827602 -0.00308361 0.00261279 0.999992 51.2209 
0.999952 0.00962597 0.00195983 -0.836391 -0.00962156 0.999951 -0.00222365 -0.854671 -0.00198118 0.00220473 0.999996 52.6503 
0.999956 0.00933989 0.00106303 -0.865745 -0.00933843 0.999956 -0.00132511 -0.881709 -0.0010754 0.00131517 0.999999 54.1126 
0.999967 0.00811133 0.000603473 -0.895236 -0.00811104 0.999967 -0.000421842 -0.908623 -0.000606917 0.000416975 1 55.5679 
0.999976 0.00697692 0.000188042 -0.917722 -0.00697679 0.999976 -0.000452015 -0.931542 -0.000191233 0.000450734 1 57.011 
0.99999 0.00455495 -0.000163147 -0.940399 -0.00455508 0.999989 -0.00104717 -0.958232 0.000158333 0.00104795 0.999999 58.4458 
0.999993 0.00375629 -0.0002803 -0.960437 -0.00375649 0.999993 -0.000869891 -0.9823 0.000276988 0.00087098 1 59.8887 
0.999998 0.00220652 0.000181409 -0.986493 -0.00220646 0.999998 -0.000116081 -1.01016 -0.000181707 0.000115723 1 61.3261 
0.999999 0.0011395 0.000656545 -1.00952 -0.00113973 0.999999 0.000422444 -1.03396 -0.000656105 -0.000423149 1 62.7886 
0.999999 -0.000286982 0.00128142 -1.03512 0.00028718 1 -0.000121537 -1.06009 -0.00128143 0.000121947 0.999999 64.238 
0.999996 -0.00207819 0.00166516 -1.052 0.00207969 0.999997 -0.000874456 -1.08901 -0.00166338 0.000877958 0.999998 65.6661 
0.999997 -0.00127418 0.00226302 -1.07502 0.00127707 0.999998 -0.00125448 -1.11726 -0.00226146 0.0012574 0.999997 67.1016 
0.999995 -6.08881e-05 0.0031793 -1.09877 6.54355e-05 0.999999 -0.00141683 -1.14751 -0.00317925 0.00141707 0.999994 68.5312 
0.999987 0.00358603 0.0037477 -1.12531 -0.00358528 0.999994 -0.000195539 -1.1742 -0.00374842 0.000182142 0.999993 69.9592 
0.999967 0.00660271 0.00480497 -1.15447 -0.00660807 0.999978 0.00111106 -1.20218 -0.00479757 -0.00114273 0.999988 71.3767 
0.999926 0.0107602 0.0056772 -1.17938 -0.0107687 0.999941 0.0014749 -1.22609 -0.00566104 -0.00153589 0.999983 72.799 
0.999861 0.0153117 0.00656047 -1.20946 -0.0153179 0.999882 0.000893489 -1.24998 -0.00654605 -0.000993816 0.999978 74.1949 
0.999812 0.0180644 0.00711656 -1.23557 -0.0180676 0.999837 0.000392058 -1.27789 -0.00710835 -0.000520522 0.999975 75.6061 
0.999771 0.0198819 0.00788007 -1.25411 -0.0198849 0.999802 0.000300588 -1.30282 -0.00787258 -0.000457172 0.999969 77.022 
0.999771 0.0197422 0.00829956 -1.30261 -0.019747 0.999805 0.000502382 -1.32017 -0.00828807 -0.000666117 0.999965 78.5167 
0.999784 0.0189491 0.00848574 -1.31236 -0.0189504 0.99982 7.89985e-05 -1.34379 -0.00848277 -0.000239748 0.999964 79.9246 
0.999806 0.0177707 0.00847412 -1.3283 -0.0177649 0.999842 -0.000752623 -1.37204 -0.0084862 0.000601977 0.999964 81.3302 
0.999811 0.0176108 0.00820991 -1.34281 -0.0176035 0.999845 -0.000948692 -1.39543 -0.00822538 0.000804031 0.999966 82.741 
0.999818 0.0173491 0.00799155 -1.35597 -0.0173441 0.999849 -0.000697571 -1.42525 -0.00800249 0.000558879 0.999968 84.1272 
0.999826 0.0170509 0.0075788 -1.37707 -0.017042 0.999854 -0.00122859 -1.44763 -0.00759868 0.00109926 0.999971 85.5419 
0.999829 0.0171544 0.00697715 -1.39511 -0.0171482 0.999853 -0.000931829 -1.47189 -0.00699215 0.000812065 0.999975 86.9407 
0.99985 0.0162813 0.00599658 -1.41432 -0.016281 0.999867 -8.08243e-05 -1.49904 -0.00599714 -1.67768e-05 0.999982 88.3524 
0.99989 0.0139141 0.00513191 -1.4313 -0.0139195 0.999903 0.0010237 -1.52351 -0.00511721 -0.00109498 0.999986 89.7457 
0.999924 0.0117348 0.00375779 -1.44435 -0.0117399 0.99993 0.00134006 -1.54455 -0.00374185 -0.00138403 0.999992 91.1405 
0.999948 0.00973858 0.0030613 -1.46657 -0.00974266 0.999952 0.00133341 -1.56726 -0.00304821 -0.00136312 0.999994 92.5358 
0.999965 0.0079628 0.0024932 -1.48194 -0.00796491 0.999968 0.000854222 -1.58612 -0.00248637 -0.000874008 0.999997 93.9404 
0.999973 0.00691373 0.00240312 -1.50074 -0.00691469 0.999976 0.000408078 -1.61066 -0.00240028 -0.000424642 0.999997 95.3082 
0.999971 0.00729184 0.00224182 -1.52363 -0.00729122 0.999973 -0.000266597 -1.63509 -0.00224375 0.000250286 0.999997 96.6725 
0.999971 0.00732349 0.00225495 -1.54507 -0.00732145 0.999973 -0.000891051 -1.66005 -0.00226145 0.000874557 0.999997 98.039 
0.999963 0.00823146 0.00250432 -1.5719 -0.00822733 0.999965 -0.00163551 -1.6864 -0.00251773 0.00161489 0.999996 99.4105 
0.999949 0.00967089 0.00306585 -1.60251 -0.00966666 0.999952 -0.00137944 -1.71367 -0.00307908 0.00134977 0.999994 100.775 
0.999943 0.0102001 0.00329477 -1.62416 -0.0102005 0.999948 0.000107278 -1.73914 -0.00329354 -0.000140838 0.999995 102.145 
0.999933 0.011071 0.0033266 -1.64471 -0.0110761 0.999938 0.00153544 -1.76821 -0.00330944 -0.00157214 0.999993 103.515 
0.999938 0.0105135 0.00359635 -1.66726 -0.0105134 0.999945 -3.71136e-05 -1.79071 -0.00359658 -6.56692e-07 0.999994 104.883 
0.999935 0.0105968 0.00417197 -1.69894 -0.0105865 0.999941 -0.00246692 -1.81454 -0.00419791 0.00242263 0.999988 106.242 
0.999942 0.00998133 0.00399976 -1.72114 -0.00996642 0.999943 -0.00372053 -1.84049 -0.00403671 0.00368049 0.999985 107.593 
0.99996 0.00791148 0.00422965 -1.7383 -0.00790066 0.999966 -0.00255856 -1.86656 -0.00424979 0.00252508 0.999988 108.937 
0.999973 0.00549025 0.00492125 -1.75864 -0.00548615 0.999985 -0.000837384 -1.88937 -0.00492581 0.000810404 0.999988 110.296 
0.999973 0.00416724 0.00609193 -1.77353 -0.00416474 0.999991 -0.000415094 -1.91249 -0.00609365 0.000389753 0.999981 111.654 
0.999971 0.00342507 0.00685326 -1.7848 -0.00341237 0.999992 -0.00185778 -1.93844 -0.00685961 0.00183438 0.999975 112.993 
0.999954 0.00571085 0.00767395 -1.80111 -0.00567626 0.999974 -0.00451662 -1.96129 -0.00769958 0.00447289 0.99996 114.346 
0.999928 0.00791412 0.00901093 -1.81635 -0.00785385 0.999947 -0.00669908 -1.9897 -0.0090635 0.00662787 0.999937 115.686 
0.999881 0.0112686 0.0105125 -1.83401 -0.0111968 0.999914 -0.00686174 -2.01819 -0.010589 0.00674326 0.999921 117.031 
0.999849 0.0122798 0.0122859 -1.8488 -0.0122194 0.999913 -0.00497488 -2.04722 -0.012346 0.00482404 0.999912 118.389 
0.999831 0.0124574 0.0135593 -1.85562 -0.0124188 0.999919 -0.00292787 -2.07449 -0.0135947 0.00275902 0.999904 119.748 
0.999827 0.0117895 0.0143662 -1.8606 -0.011755 0.999928 -0.00247848 -2.09815 -0.0143944 0.00230922 0.999894 121.107 
0.999801 0.0124107 0.0155934 -1.86672 -0.0123622 0.999919 -0.00319819 -2.12215 -0.0156319 0.00300482 0.999873 122.459 
0.999755 0.014252 0.0169407 -1.87324 -0.0141884 0.999892 -0.00386318 -2.14885 -0.016994 0.00362191 0.999849 123.801 
0.999702 0.0162493 0.0182218 -1.87691 -0.0161754 0.99986 -0.00419101 -2.17565 -0.0182874 0.00389506 0.999825 125.159 
0.999673 0.0167632 0.0193365 -1.87978 -0.0166657 0.999848 -0.00518972 -2.20435 -0.0194206 0.0048658 0.9998 126.493 
0.999627 0.0181299 0.0204174 -1.88226 -0.0180068 0.999819 -0.00619347 -2.23076 -0.020526 0.00582355 0.999772 127.859 
0.999617 0.0172802 0.0215948 -1.87749 -0.0171425 0.999832 -0.00654309 -2.25921 -0.0217042 0.00617044 0.999745 129.22 
0.999598 0.0168687 0.0227774 -1.87653 -0.0167476 0.999845 -0.00549542 -2.28661 -0.0228666 0.00511178 0.999725 130.585 
0.999586 0.0158204 0.0240509 -1.87748 -0.0157095 0.999865 -0.00479177 -2.31148 -0.0241235 0.004412 0.999699 131.958 
0.999586 0.0149775 0.0245612 -1.87294 -0.0148707 0.999879 -0.00452315 -2.33696 -0.024626 0.00415608 0.999688 133.319 
0.999608 0.0127703 0.024932 -1.87142 -0.0126667 0.999911 -0.00430515 -2.36573 -0.0249848 0.00398769 0.99968 134.687 
0.999626 0.0111215 0.0249779 -1.86555 -0.0110302 0.999932 -0.00378946 -2.39273 -0.0250184 0.00351257 0.999681 136.043 
0.999651 0.00966208 0.0245919 -1.85868 -0.00956571 0.999946 -0.0040316 -2.41998 -0.0246295 0.00379499 0.999689 137.406 
0.999684 0.00842024 0.0236822 -1.85472 -0.00832196 0.999956 -0.00424356 -2.44615 -0.023717 0.00404518 0.999711 138.767 
0.999716 0.00703472 0.0227901 -1.84887 -0.0069599 0.99997 -0.00335897 -2.47204 -0.0228131 0.00319944 0.999735 140.13 
0.999747 0.0055192 0.0218067 -1.84258 -0.00545098 0.99998 -0.00318471 -2.50113 -0.0218239 0.00306507 0.999757 141.48 
0.999776 0.00512215 0.0205486 -1.8394 -0.0050588 0.999982 -0.00313197 -2.53008 -0.0205644 0.00302736 0.999784 142.828 
0.999798 0.00481176 0.0195323 -1.83991 -0.00474119 0.999982 -0.00365517 -2.55966 -0.0195496 0.00356186 0.999803 144.179 
0.999816 0.0049232 0.018562 -1.83934 -0.00484825 0.99998 -0.00407827 -2.58684 -0.0185818 0.00398756 0.999819 145.536 
0.999839 0.0026272 0.0177657 -1.84119 -0.00251347 0.999976 -0.00641842 -2.61514 -0.0177822 0.00637277 0.999822 146.886 
0.999859 -0.0027694 0.0165707 -1.83203 0.00288029 0.999974 -0.00666896 -2.64799 -0.0165518 0.00671579 0.99984 148.239 
0.999822 -0.0104452 0.015692 -1.82334 0.0105131 0.999936 -0.00425036 -2.67781 -0.0156466 0.00441462 0.999868 149.586 
0.999756 -0.017161 0.013876 -1.8119 0.0172012 0.999848 -0.0027811 -2.70521 -0.0138262 0.00301915 0.9999 150.939 
0.999709 -0.0202493 0.0131068 -1.8099 0.0203321 0.999774 -0.00620778 -2.73288 -0.0129782 0.0064725 0.999895 152.299 
0.999717 -0.0196095 0.0134468 -1.81306 0.019737 0.999761 -0.00941362 -2.76451 -0.013259 0.0096764 0.999865 153.659 
0.999763 -0.0163318 0.0143952 -1.81988 0.0165001 0.999796 -0.0116475 -2.79921 -0.0142021 0.0118823 0.999829 155.018 
0.99975 -0.0163998 0.0152068 -1.82386 0.0165805 0.999793 -0.0118294 -2.83483 -0.0150097 0.0120786 0.999814 156.376 
0.999679 -0.0197143 0.0159006 -1.8215 0.0198477 0.999769 -0.00826859 -2.87251 -0.0157339 0.00858157 0.999839 157.734 
0.999562 -0.0248219 0.0161452 -1.81101 0.0249135 0.999675 -0.0054953 -2.90522 -0.0160035 0.00589517 0.999855 159.093 
0.999456 -0.0287389 0.0161824 -1.80113 0.0288072 0.999577 -0.00400032 -2.93883 -0.0160607 0.00446435 0.999861 160.467 
0.999411 -0.0301467 0.0164036 -1.8014 0.0302195 0.999534 -0.00420547 -2.96752 -0.0162693 0.00469874 0.999857 161.825 
0.999449 -0.0282212 0.0174816 -1.80384 0.0282846 0.999594 -0.00338824 -2.99966 -0.017379 0.00388088 0.999841 163.18 
0.999529 -0.0243017 0.018733 -1.80849 0.0243869 0.999693 -0.00432976 -3.02992 -0.0186221 0.0047846 0.999815 164.534 
0.999589 -0.0207315 0.0197794 -1.81371 0.0208655 0.999761 -0.00659439 -3.06047 -0.019638 0.00700443 0.999783 165.885 
0.999633 -0.0177641 0.0204726 -1.81114 0.0179139 0.999814 -0.00715462 -3.0916 -0.0203417 0.00751878 0.999765 167.248 
0.999654 -0.0159282 0.020921 -1.80488 0.0160579 0.999853 -0.00604174 -3.12515 -0.0208217 0.00637564 0.999763 168.625 
0.999685 -0.0139557 0.0208824 -1.80088 0.0140926 0.99988 -0.00642001 -3.15788 -0.0207903 0.00671231 0.999761 169.999 
0.999719 -0.0118794 0.0205329 -1.80157 0.0120623 0.999889 -0.00880614 -3.19205 -0.020426 0.00905137 0.99975 171.364 
0.999762 -0.0077805 0.0203939 -1.80841 0.00802036 0.999899 -0.0117037 -3.2286 -0.0203008 0.0118646 0.999724 172.726 
0.999789 -0.00241168 0.0204235 -1.81533 0.00268023 0.99991 -0.0131295 -3.26514 -0.02039 0.0131815 0.999705 174.102 
0.999782 0.00228509 0.020743 -1.81725 -0.00203533 0.999925 -0.0120515 -3.30384 -0.0207691 0.0120067 0.999712 175.483 
0.999756 0.0053065 0.0214665 -1.82006 -0.00508813 0.999935 -0.0102125 -3.34222 -0.0215194 0.0101008 0.999717 176.867 
0.999749 0.00607375 0.0215532 -1.81477 -0.00589832 0.999949 -0.00819199 -3.37591 -0.0216019 0.00806285 0.999734 178.269 
0.999776 0.00316606 0.020929 -1.81091 -0.00301198 0.999968 -0.00738739 -3.40671 -0.0209518 0.00732274 0.999754 179.652 
0.999813 0.000855484 0.0193288 -1.80582 -0.000715817 0.999974 -0.00722936 -3.44174 -0.0193345 0.00721422 0.999787 181.043 
0.999847 0.000749328 0.0174944 -1.80315 -0.000549556 0.999935 -0.0114187 -3.4775 -0.0175018 0.0114074 0.999782 182.439 
0.999865 0.00268839 0.0162022 -1.80667 -0.00243484 0.999875 -0.0156457 -3.51639 -0.0162423 0.0156042 0.999746 183.841 
0.99985 0.00733515 0.015685 -1.81816 -0.0070804 0.999843 -0.0162335 -3.56082 -0.0158017 0.01612 0.999745 185.241 
0.999818 0.0107396 0.0157794 -1.82775 -0.0105005 0.99983 -0.0151546 -3.60587 -0.0159395 0.0149861 0.999761 186.649 
0.999789 0.0127933 0.0161026 -1.83446 -0.0126042 0.999851 -0.0117933 -3.64481 -0.0162511 0.0115879 0.999801 188.062 
0.99978 0.013348 0.0161776 -1.83526 -0.0131899 0.999865 -0.00984201 -3.67913 -0.0163068 0.00962651 0.999821 189.503 
0.999785 0.0127998 0.0162891 -1.84008 -0.0126523 0.999878 -0.00912634 -3.70757 -0.016404 0.00891833 0.999826 190.951 
0.999809 0.0109506 0.0161954 -1.83823 -0.0108122 0.999905 -0.00860828 -3.73678 -0.0162882 0.00843156 0.999832 192.407 
0.99983 0.0083274 0.0164341 -1.84029 -0.00819581 0.999934 -0.0080554 -3.77018 -0.0165002 0.00791939 0.999833 193.841 
0.999849 0.00532023 0.0165612 -1.83996 -0.00518773 0.999954 -0.00803034 -3.80348 -0.0166032 0.00794325 0.999831 195.278 
0.999853 0.00224134 0.0169807 -1.83705 -0.00212041 0.999972 -0.00713363 -3.83253 -0.0169963 0.00709662 0.99983 196.724 
0.999848 -0.00185501 0.0173235 -1.8288 0.0019549 0.999982 -0.00574892 -3.85948 -0.0173126 0.00578196 0.999833 198.183 
0.999835 -0.00449428 0.0176082 -1.82204 0.00459755 0.999972 -0.00582647 -3.89129 -0.0175815 0.00590651 0.999828 199.638 
0.999838 -0.00229003 0.0178813 -1.82305 0.00247422 0.999944 -0.0102829 -3.92577 -0.0178568 0.0103256 0.999787 201.072 
0.999819 0.0050647 0.0183174 -1.83277 -0.00478401 0.999871 -0.0153328 -3.9669 -0.0183928 0.0152424 0.999715 202.502 
0.999707 0.0140943 0.0196693 -1.8447 -0.0137908 0.999785 -0.0154784 -4.00617 -0.0198832 0.0152026 0.999687 203.931 
0.999549 0.0216993 0.0207767 -1.85806 -0.0214536 0.999698 -0.0119748 -4.04834 -0.0210303 0.0115237 0.999712 205.367 
0.999504 0.0227021 0.0218185 -1.86278 -0.022489 0.999698 -0.00995912 -4.08334 -0.0220381 0.00946355 0.999712 206.834 
0.99956 0.0207267 0.0212427 -1.85259 -0.0205281 0.999744 -0.00952618 -4.11583 -0.0214348 0.00908595 0.999729 208.292 
0.999641 0.0177188 0.0201213 -1.84648 -0.0175295 0.999801 -0.0095434 -4.15178 -0.0202865 0.00918729 0.999752 209.75 
0.999693 0.0155846 0.0192591 -1.8453 -0.0153916 0.99983 -0.0101259 -4.18812 -0.0194137 0.00982637 0.999763 211.215 
0.999693 0.0162489 0.0187334 -1.84274 -0.0160515 0.999815 -0.0106382 -4.2267 -0.0189028 0.0103343 0.999768 212.689 
0.99967 0.0176346 0.0186993 -1.84425 -0.0174396 0.999792 -0.0105434 -4.26554 -0.0188814 0.0102138 0.99977 214.159 
0.999643 0.0189107 0.0188908 -1.85035 -0.0187287 0.999777 -0.00976076 -4.30245 -0.0190712 0.00940352 0.999774 215.636 
0.999657 0.0182814 0.0187777 -1.85071 -0.0180902 0.999783 -0.0102983 -4.34154 -0.018962 0.00995508 0.999771 217.107 
0.999662 0.0181944 0.0185559 -1.85112 -0.0179845 0.999773 -0.0114132 -4.37843 -0.0187594 0.0110757 0.999763 218.576 
0.999674 0.017715 0.018397 -1.8549 -0.0175018 0.999779 -0.0116839 -4.4188 -0.0185999 0.0113582 0.999763 220.053 
0.99967 0.0180578 0.0182718 -1.85955 -0.0178427 0.99977 -0.0118656 -4.45735 -0.018482 0.0115357 0.999763 221.546 
0.999661 0.018588 0.0182263 -1.86279 -0.0183674 0.999757 -0.0121973 -4.49602 -0.0184486 0.0118585 0.99976 223.049 
0.999665 0.0185808 0.017998 -1.86481 -0.0183589 0.999754 -0.0124175 -4.537 -0.0182243 0.012083 0.999761 224.542 
0.999653 0.0196837 0.0174944 -1.86441 -0.0194605 0.999728 -0.0128358 -4.57815 -0.0177423 0.0124909 0.999765 226.044 
0.999657 0.0196282 0.0173181 -1.86844 -0.0194044 0.999727 -0.0129978 -4.61894 -0.0175685 0.0126574 0.999766 227.549 
0.999661 0.0197418 0.0169687 -1.86629 -0.0195222 0.999725 -0.013006 -4.66334 -0.0172208 0.0126704 0.999771 229.053 
0.999675 0.0191161 0.0168796 -1.86947 -0.0188968 0.999736 -0.0130568 -4.70531 -0.0171248 0.0127336 0.999772 230.556 
0.999695 0.0177705 0.0171233 -1.87218 -0.0175457 0.999759 -0.0131903 -4.74958 -0.0173536 0.0128859 0.999766 232.065 
0.999711 0.0166918 0.0173055 -1.8708 -0.0164679 0.99978 -0.0129992 -4.79103 -0.0175187 0.0127105 0.999766 233.584 
0.999724 0.015417 0.0177101 -1.87572 -0.0152012 0.999809 -0.0122535 -4.83497 -0.0178957 0.0119809 0.999768 235.102 
0.999724 0.0154228 0.0177426 -1.87619 -0.0152105 0.999812 -0.0120342 -4.87783 -0.0179249 0.011761 0.99977 236.623 
0.999718 0.0155814 0.0179435 -1.87739 -0.0153631 0.999807 -0.0122389 -4.92452 -0.0181308 0.0119598 0.999764 238.145 
0.9997 0.0162583 0.0182991 -1.87532 -0.016025 0.999789 -0.01282 -4.9693 -0.0185037 0.012523 0.99975 239.658 
0.999667 0.017639 0.0188564 -1.87972 -0.0174112 0.999774 -0.0121729 -5.01258 -0.0190669 0.0118406 0.999748 241.179 
0.999645 0.0177828 0.0198528 -1.88844 -0.0175853 0.999795 -0.0100787 -5.05562 -0.020028 0.00972603 0.999752 242.699 
0.99963 0.0177878 0.0205562 -1.88752 -0.0175911 0.999798 -0.00971047 -5.09512 -0.0207248 0.00934532 0.999742 244.224 
0.999619 0.0179697 0.0209516 -1.88403 -0.0177347 0.999778 -0.0113431 -5.13837 -0.0211508 0.0109672 0.999716 245.742 
0.999603 0.0182769 0.0214292 -1.8826 -0.0180094 0.999758 -0.0126044 -5.18043 -0.0216545 0.0122135 0.999691 247.27 
0.999576 0.0191747 0.0219267 -1.88413 -0.0189099 0.999747 -0.0122209 -5.2235 -0.0221555 0.0118012 0.999685 248.796 
0.999587 0.0186523 0.0218849 -1.88175 -0.0184091 0.999767 -0.0112624 -5.2646 -0.0220899 0.0108549 0.999697 250.341 
0.999586 0.0187534 0.0218034 -1.88119 -0.0185184 0.999769 -0.0109293 -5.30465 -0.0220034 0.010521 0.999703 251.897 
0.999583 0.0192008 0.0215537 -1.87552 -0.0189661 0.999759 -0.0110397 -5.33977 -0.0217606 0.0106264 0.999707 253.43 
0.999547 0.0207869 0.0217608 -1.87221 -0.0205514 0.999728 -0.0109877 -5.37914 -0.0219834 0.0105355 0.999703 254.991 
0.999513 0.0221334 0.0219777 -1.86647 -0.0218887 0.999696 -0.0113105 -5.41522 -0.0222214 0.0108239 0.999695 256.539 
0.999494 0.0226623 0.0223315 -1.8668 -0.0224156 0.999686 -0.0112359 -5.45519 -0.0225791 0.0107297 0.999688 258.086 
0.999519 0.021491 0.0223668 -1.85834 -0.0212448 0.999712 -0.0111869 -5.49676 -0.0226008 0.0107064 0.999687 259.621 
0.999556 0.0195791 0.0224807 -1.85983 -0.019347 0.999758 -0.0104964 -5.53718 -0.0226808 0.0100568 0.999692 261.165 
0.999602 0.0168952 0.022573 -1.84986 -0.0166822 0.999815 -0.00958947 -5.5785 -0.0227309 0.00920913 0.999699 262.706 
0.999635 0.0153334 0.0222233 -1.83806 -0.0151073 0.999833 -0.0103042 -5.62041 -0.0223776 0.00996479 0.9997 264.248 
0.999652 0.0144412 0.0220929 -1.82706 -0.014191 0.999834 -0.0114351 -5.66028 -0.0222545 0.0111176 0.999691 265.796 
0.999657 0.0129551 0.0227574 -1.81905 -0.0127377 0.999872 -0.00966735 -5.70114 -0.0228798 0.0093742 0.999694 267.345 
0.99966 0.0112494 0.0235297 -1.81598 -0.0110618 0.999906 -0.00808399 -5.7412 -0.0236185 0.007821 0.99969 268.903 
0.999677 0.00978481 0.0234494 -1.8071 -0.00957718 0.999914 -0.00894831 -5.78127 -0.023535 0.00872088 0.999685 270.457 
0.999665 0.00946958 0.024075 -1.79942 -0.00923194 0.999908 -0.0099612 -5.82187 -0.0241671 0.00973565 0.999661 272.006 
0.999642 0.0101305 0.0247723 -1.79004 -0.00987774 0.999898 -0.0103011 -5.86248 -0.0248742 0.0100528 0.99964 273.553 
0.999598 0.0120472 0.0256531 -1.78135 -0.0117857 0.999877 -0.010319 -5.90554 -0.0257743 0.0100126 0.999618 275.102 
0.999553 0.0136589 0.0265993 -1.77135 -0.0133766 0.999853 -0.0107607 -5.94658 -0.0267424 0.0104001 0.999588 276.659 
0.999503 0.0151019 0.0276681 -1.76112 -0.0147944 0.999827 -0.011284 -5.9883 -0.0278337 0.0108691 0.999554 278.212 
0.999474 0.0155593 0.0284421 -1.747 -0.015236 0.999817 -0.0115446 -6.03018 -0.0286165 0.0111052 0.999529 279.768 
0.999464 0.0154218 0.0288639 -1.729 -0.0150702 0.99981 -0.0123583 -6.07203 -0.0290491 0.0119168 0.999507 281.334 
0.99944 0.015023 0.0298961 -1.71298 -0.0146469 0.999811 -0.012758 -6.11985 -0.0300822 0.012313 0.999472 282.879 
0.999411 0.0149946 0.0308742 -1.69295 -0.0146158 0.999816 -0.0124575 -6.16955 -0.0310553 0.0119989 0.999446 284.448 
0.999409 0.0136021 0.0315775 -1.67481 -0.0132432 0.999846 -0.0115444 -6.21358 -0.0317297 0.0111194 0.999435 286.023 
0.999415 0.0123607 0.0319025 -1.65524 -0.0120096 0.999866 -0.0111697 -6.25787 -0.0320363 0.0107801 0.999429 287.576 
0.999421 0.0118963 0.0318715 -1.63639 -0.0114713 0.999843 -0.0134828 -6.30535 -0.032027 0.0131094 0.999401 289.137 
0.999432 0.0107863 0.0319268 -1.61545 -0.0102896 0.999824 -0.0156793 -6.35186 -0.0320904 0.0153419 0.999367 290.698 
0.999452 0.0109222 0.031257 -1.59208 -0.0104397 0.999825 -0.0155556 -6.40508 -0.0314215 0.0152208 0.99939 292.242 
0.999496 0.00985611 0.0301735 -1.57099 -0.00939329 0.999837 -0.015441 -6.45071 -0.0303208 0.0151498 0.999425 293.787 
0.999531 0.00929136 0.0291758 -1.55498 -0.00882876 0.999834 -0.015943 -6.5012 -0.0293191 0.015678 0.999447 295.366 
0.999544 0.00947922 0.0286593 -1.53948 -0.00901444 0.999827 -0.0163019 -6.54797 -0.0288089 0.0160362 0.999456 296.965 
0.999567 0.00910927 0.0279805 -1.52359 -0.00867074 0.999838 -0.0157528 -6.59818 -0.0281195 0.0155034 0.999484 298.541 
0.999598 0.00861759 0.0269993 -1.50972 -0.00819717 0.999844 -0.015642 -6.64448 -0.02713 0.0154145 0.999513 300.113 
0.99963 0.00784434 0.0260446 -1.49892 -0.00747491 0.999871 -0.0142497 -6.68806 -0.026153 0.0140498 0.999559 301.717 
0.999625 0.00972782 0.025586 -1.49695 -0.00939383 0.99987 -0.0131398 -6.73178 -0.0257105 0.0128945 0.999586 303.33 
0.999603 0.0100069 0.0263278 -1.48934 -0.00966152 0.999866 -0.0132122 -6.77256 -0.0264565 0.0129526 0.999566 304.936 
0.999576 0.0105633 0.0271383 -1.47505 -0.0101943 0.999854 -0.0136989 -6.81373 -0.0272791 0.0134165 0.999538 306.544 
0.999579 0.00932549 0.0274805 -1.46206 -0.00894529 0.999863 -0.0139243 -6.86035 -0.0276066 0.0136726 0.999525 308.151 
0.999605 0.00723881 0.0271489 -1.426 -0.00683681 0.999866 -0.0148695 -6.90777 -0.0272529 0.0146781 0.999521 309.765 
0.999602 0.00593361 0.0275956 -1.41579 -0.00547062 0.999844 -0.0168215 -6.95657 -0.0276911 0.0166639 0.999478 311.388 
0.999615 0.00526862 0.0272377 -1.39651 -0.00478609 0.999831 -0.017749 -7.00942 -0.0273267 0.0176119 0.999471 313.002 
0.999672 0.00600244 0.0249058 -1.38342 -0.0055347 0.999808 -0.0188055 -7.059 -0.0250139 0.0186615 0.999513 314.626 
0.999716 0.00708646 0.0227412 -1.37738 -0.0066744 0.999813 -0.0181427 -7.11281 -0.0228655 0.0179858 0.999577 316.243 
0.999721 0.00791669 0.0222536 -1.36998 -0.007588 0.999862 -0.0148141 -7.16498 -0.0223679 0.0146412 0.999643 317.88 
0.999723 0.00659427 0.0226086 -1.34899 -0.00632358 0.999908 -0.0120217 -7.20805 -0.0226858 0.0118754 0.999672 319.539 
0.999728 0.00565962 0.0226362 -1.34235 -0.00540192 0.99992 -0.0114276 -7.24873 -0.0226992 0.0113022 0.999678 321.176 
0.999729 0.00456268 0.0228401 -1.33367 -0.00427509 0.999911 -0.0126225 -7.29395 -0.0228957 0.0125215 0.999659 322.821 
0.999721 0.00369468 0.0233511 -1.33028 -0.00339835 0.999913 -0.0127154 -7.33799 -0.0233961 0.0126325 0.999647 324.472 
0.999708 0.00352375 0.023888 -1.32736 -0.00322585 0.999917 -0.0124956 -7.38471 -0.0239301 0.012415 0.999637 326.129 
0.999691 0.00362275 0.0245936 -1.32306 -0.00331468 0.999916 -0.0125538 -7.43227 -0.0246371 0.0124684 0.999619 327.784 
0.999674 0.00505367 0.0250191 -1.31818 -0.00471749 0.999898 -0.013476 -7.48155 -0.0250847 0.0133536 0.999596 329.435 
0.999647 0.00586956 0.0259236 -1.31462 -0.00550532 0.999886 -0.0140981 -7.53049 -0.0260034 0.0139504 0.999565 331.085 
0.999622 0.00452871 0.0271088 -1.31055 -0.00419616 0.999915 -0.0123102 -7.57722 -0.0271623 0.0121918 0.999557 332.718 
0.999619 0.00374751 0.0273598 -1.30268 -0.00343293 0.999928 -0.0115341 -7.62572 -0.0274011 0.0114358 0.999559 334.376 
0.999622 0.00240792 0.0273832 -1.28669 -0.00206151 0.999918 -0.0126703 -7.67073 -0.0274114 0.0126091 0.999545 336.006 
0.999609 0.00383743 0.0276908 -1.2768 -0.00349156 0.999915 -0.0125265 -7.72307 -0.0277366 0.012425 0.999538 337.634 
0.999609 0.00555063 0.0274078 -1.26526 -0.00515441 0.999882 -0.0145044 -7.77639 -0.0274851 0.0143575 0.999519 339.257 
0.999604 0.00706116 0.0272564 -1.26749 -0.00658278 0.999823 -0.0175999 -7.82149 -0.0273759 0.0174135 0.999474 340.905 
0.999604 0.00848387 0.0268307 -1.2617 -0.00802383 0.99982 -0.0172059 -7.87478 -0.0269719 0.0169839 0.999492 342.535 
0.999623 0.00908288 0.0259051 -1.25714 -0.00872576 0.999866 -0.013864 -7.92443 -0.0260276 0.0136327 0.999568 344.167 
0.999646 0.00997247 0.0246696 -1.2425 -0.00970565 0.999893 -0.0109101 -7.97583 -0.0247758 0.0106669 0.999636 345.81 
0.999656 0.0104693 0.0240287 -1.25611 -0.0101702 0.99987 -0.0125358 -8.01509 -0.0241569 0.0122871 0.999633 347.465 
0.999698 0.0099715 0.0224509 -1.25099 -0.00965907 0.999856 -0.0139797 -8.06144 -0.0225871 0.0137587 0.99965 349.083 
0.999742 0.00876312 0.0209583 -1.25138 -0.00849859 0.999884 -0.0126755 -8.11248 -0.0210669 0.0124942 0.9997 350.712 
0.999764 0.00741404 0.0204099 -1.25381 -0.00716177 0.999897 -0.0124037 -8.15908 -0.0204998 0.0122547 0.999715 352.335 
0.999775 0.00716523 0.0199889 -1.25388 -0.00690282 0.99989 -0.0131636 -8.2074 -0.0200811 0.0130227 0.999714 353.96 
0.999782 0.00666209 0.0197947 -1.2517 -0.00638513 0.999881 -0.0140196 -8.25772 -0.0198858 0.0138902 0.999706 355.584 
0.999783 0.00648858 0.0197811 -1.24656 -0.00620661 0.999879 -0.0142805 -8.30509 -0.0198714 0.0141547 0.999702 357.195 
0.999778 0.00606774 0.0201897 -1.25079 -0.00577248 0.999876 -0.0146486 -8.3524 -0.0202761 0.0145288 0.999689 358.803 
0.999781 0.00543906 0.0202257 -1.25085 -0.00512996 0.99987 -0.0153006 -8.40167 -0.0203063 0.0151936 0.999678 360.413 
0.999784 0.00502464 0.0201805 -1.2481 -0.00470246 0.999861 -0.0159785 -8.45338 -0.0202581 0.0158802 0.999669 362.015 
0.999786 0.00419123 0.0202762 -1.24439 -0.00387197 0.999868 -0.015757 -8.50519 -0.0203396 0.0156752 0.99967 363.628 
0.999781 0.00435596 0.0204792 -1.24283 -0.00401894 0.999856 -0.0164674 -8.55805 -0.020548 0.0163815 0.999655 365.229 
0.999782 0.00270815 0.0207141 -1.24576 -0.00234238 0.999841 -0.0176595 -8.614 -0.0207587 0.0176072 0.99963 366.837 
0.999783 0.00117753 0.0207796 -1.246 -0.000845831 0.999872 -0.0159623 -8.66484 -0.0207957 0.0159413 0.999657 368.45 
0.999786 -0.000636057 0.0206857 -1.23861 0.000948382 0.999886 -0.0150902 -8.7177 -0.0206737 0.0151066 0.999672 370.063 
0.999782 -0.00104889 0.0208717 -1.23518 0.00138578 0.999869 -0.0161311 -8.76726 -0.0208521 0.0161565 0.999652 371.666 
0.999777 -0.000225521 0.0210966 -1.23139 0.000578388 0.99986 -0.0167196 -8.82155 -0.0210899 0.0167281 0.999638 373.266 
0.999769 0.00120269 0.0214432 -1.23147 -0.000859613 0.999872 -0.0159993 -8.87184 -0.0214598 0.0159772 0.999642 374.89 
0.999756 0.00274643 0.0219419 -1.23217 -0.00241075 0.99988 -0.0153083 -8.9209 -0.0219814 0.0152517 0.999642 376.505 
0.999742 0.00321413 0.0224848 -1.22948 -0.00286062 0.999872 -0.0157349 -8.97066 -0.0225326 0.0156666 0.999623 378.12 
0.999739 0.00315517 0.0226326 -1.22427 -0.0027783 0.999857 -0.0166618 -9.02109 -0.022682 0.0165946 0.999605 379.731 
0.99974 0.00306961 0.0225971 -1.20828 -0.00268666 0.999853 -0.0169561 -9.07207 -0.0226459 0.016891 0.999601 381.372 
0.999731 0.00362618 0.0229 -1.19253 -0.00323343 0.999848 -0.0171624 -9.1273 -0.0229588 0.0170838 0.99959 383.006 
0.999722 0.00489308 0.0230516 -1.19449 -0.00449749 0.999842 -0.0171798 -9.17841 -0.023132 0.0170714 0.999587 384.653 
0.999707 0.0063731 0.0233677 -1.19056 -0.00598212 0.999842 -0.0167617 -9.23254 -0.0234709 0.016617 0.999586 386.302 
0.999692 0.00775312 0.0235806 -1.17827 -0.00734125 0.99982 -0.0175015 -9.28667 -0.023712 0.017323 0.999569 387.941 
0.999684 0.00857429 0.023648 -1.16449 -0.00814112 0.999798 -0.0183517 -9.33565 -0.0238007 0.0181534 0.999552 389.586 
0.999672 0.00937004 0.0238309 -1.15424 -0.00892778 0.999787 -0.0185959 -9.38709 -0.0240001 0.0183771 0.999543 391.217 
0.99966 0.0102848 0.0239628 -1.14722 -0.00985699 0.999791 -0.0179029 -9.43635 -0.024142 0.0176606 0.999553 392.872 
0.99965 0.0111962 0.0239706 -1.13274 -0.0107744 0.999786 -0.0176491 -9.49038 -0.0241631 0.0173847 0.999557 394.512 
0.999629 0.0120838 0.0244303 -1.12736 -0.0116367 0.999764 -0.0183576 -9.54342 -0.0246464 0.0180666 0.999533 396.149 
0.999616 0.0124385 0.0247493 -1.11651 -0.0119901 0.999763 -0.0181852 -9.59732 -0.0249696 0.0178815 0.999528 397.789 
0.999612 0.0125195 0.0248934 -1.10562 -0.0120758 0.999767 -0.0178901 -9.64743 -0.0251116 0.0175826 0.99953 399.44 
0.999608 0.012473 0.0250513 -1.09442 -0.0120007 0.999749 -0.0189146 -9.7047 -0.025281 0.0186066 0.999507 401.072 
0.999615 0.0117208 0.0251576 -1.07902 -0.0112221 0.99974 -0.019875 -9.76253 -0.0253841 0.019585 0.999486 402.698 
0.999615 0.0112272 0.0253881 -1.06857 -0.0107223 0.999744 -0.0199352 -9.82009 -0.0256055 0.0196553 0.999479 404.353 
0.999607 0.0112087 0.0256993 -1.05799 -0.010728 0.999766 -0.0187626 -9.87123 -0.0259036 0.0184795 0.999494 406.012 
0.999619 0.00960193 0.0258674 -1.04328 -0.00915451 0.999807 -0.0173582 -9.92785 -0.0260292 0.0171149 0.999515 407.664 
0.999629 0.00802133 0.0260391 -1.02302 -0.00755123 0.999808 -0.0181002 -9.9866 -0.0261794 0.0178969 0.999497 409.294 
0.999629 0.00709509 0.0262812 -1.01652 -0.0065999 0.9998 -0.0188793 -10.0456 -0.02641 0.0186989 0.999476 410.956 
