1 2.12261e-08 -2.11895e-08 0 2.12261e-08 1 2.10703e-08 0 -2.11895e-08 2.10703e-08 1 0 
0.999997 -0.00177334 -0.00187125 -0.00146081 0.00177181 0.999998 -0.000839999 -0.0104987 0.0018727 0.000836723 0.999998 0.576199 
0.999992 -0.00237239 -0.00321201 -0.00798436 0.0023652 0.999995 -0.00225221 -0.0219493 0.00321729 0.00224464 0.999992 1.15038 
0.999983 -0.00266744 -0.00520791 -0.0202079 0.00264849 0.99999 -0.00365008 -0.0335795 0.00521755 0.00363626 0.99998 1.71917 
0.999963 -0.00483347 -0.0071382 -0.0313475 0.00479519 0.999974 -0.00537646 -0.0441336 0.00716396 0.00534207 0.99996 2.28431 
0.999936 -0.00724273 -0.0087046 -0.0441879 0.00717954 0.999948 -0.00727363 -0.0554069 0.00875678 0.00721071 0.999936 2.85793 
0.99991 -0.00846806 -0.0104068 -0.0534588 0.00838287 0.999931 -0.0082063 -0.0628792 0.0104755 0.00811837 0.999912 3.44 
0.999895 -0.00858595 -0.0117067 -0.0717623 0.0084975 0.999935 -0.00758718 -0.0754006 0.0117711 0.00748694 0.999903 4.02904 
0.999878 -0.00891752 -0.0128103 -0.0911043 0.00881578 0.999929 -0.00797982 -0.0905912 0.0128806 0.00786596 0.999886 4.62284 
0.99987 -0.00827007 -0.0138241 -0.113234 0.00812049 0.999908 -0.0108444 -0.104607 0.0139125 0.0107308 0.999846 5.2248 
0.999865 -0.0065168 -0.0150953 -0.134717 0.00629459 0.999872 -0.0147241 -0.11947 0.0151893 0.0146271 0.999778 5.83035 
0.999855 -0.00514378 -0.0162186 -0.162483 0.00484219 0.999816 -0.0185826 -0.133108 0.0163111 0.0185014 0.999696 6.4502 
0.999844 -0.00330359 -0.0173784 -0.188176 0.00297885 0.999821 -0.0186813 -0.144155 0.017437 0.0186266 0.999674 7.08436 
0.999829 -0.000872993 -0.0184863 -0.218557 0.000656072 0.999931 -0.0117393 -0.157436 0.0184952 0.0117252 0.99976 7.74484 
0.999814 -0.000105474 -0.0192843 -0.24591 7.89659e-05 0.999999 -0.00137754 -0.168719 0.0192844 0.00137581 0.999813 8.4204 
0.999797 0.00103435 -0.0201321 -0.272495 -0.000930096 0.999986 0.00518534 -0.181352 0.0201372 -0.00516552 0.999784 9.10268 
0.999766 0.00317958 -0.021402 -0.301818 -0.00308691 0.999986 0.00435949 -0.197413 0.0214156 -0.00429236 0.999761 9.79148 
0.999741 0.00535634 -0.0221148 -0.337805 -0.00542544 0.999981 -0.00306807 -0.2027 0.0220979 0.00318731 0.999751 10.4908 
0.999715 0.00493449 -0.0233806 -0.366472 -0.00514936 0.999945 -0.00914078 -0.202439 0.0233342 0.0092586 0.999685 11.2068 
0.999693 0.00277879 -0.0246406 -0.393045 -0.00296548 0.999967 -0.00754496 -0.20527 0.0246188 0.00761575 0.999668 11.9494 
0.999678 0.00171227 -0.025311 -0.419728 -0.00166867 0.999997 0.00174192 -0.214005 0.0253138 -0.00169909 0.999678 12.7169 
0.999672 0.00117136 -0.0255848 -0.456846 -0.000936312 0.999957 0.0091956 -0.223453 0.0255945 -0.00916859 0.99963 13.5007 
0.999654 0.000393215 -0.0263014 -0.489226 -8.85304e-05 0.999933 0.0115829 -0.225996 0.0263041 -0.0115766 0.999587 14.3021 
0.999651 -0.00161681 -0.0263807 -0.520916 0.00189669 0.999942 0.0105861 -0.226489 0.026362 -0.0106324 0.999596 15.115 
0.999658 -0.0019689 -0.0260629 -0.553351 0.00217753 0.999966 0.00797701 -0.225464 0.0260463 -0.00803099 0.999629 15.9413 
0.999673 0.00053185 -0.0255711 -0.592873 -0.000418217 0.99999 0.00444729 -0.22642 0.0255732 -0.0044351 0.999663 16.7788 
0.999695 -0.00256871 -0.0245755 -0.628099 0.00254685 0.999996 -0.000922363 -0.234653 0.0245778 0.000859534 0.999698 17.6416 
0.9997 -0.00535514 -0.0239013 -0.658158 0.00518379 0.99996 -0.00722712 -0.245168 0.023939 0.00710109 0.999688 18.5166 
0.999732 -0.00439396 -0.0227428 -0.693839 0.00410504 0.999911 -0.0127367 -0.255959 0.0227967 0.01264 0.99966 19.4084 
0.999739 -0.00303121 -0.0226418 -0.731582 0.00272258 0.999903 -0.0136513 -0.271932 0.0226809 0.0135862 0.99965 20.315 
0.999737 -0.00291398 -0.0227502 -0.772412 0.00261879 0.999912 -0.0129961 -0.294507 0.0227861 0.0129331 0.999657 21.2428 
0.999732 -0.00153849 -0.0230994 -0.806629 0.001206 0.999896 -0.014403 -0.317885 0.0231191 0.0143713 0.999629 22.1819 
0.999735 0.00134782 -0.0229848 -0.849123 -0.00172855 0.999862 -0.0165545 -0.341398 0.0229593 0.0165898 0.999599 23.1374 
0.999713 0.00478266 -0.02347 -0.891842 -0.00519229 0.999835 -0.0174254 -0.365844 0.0233827 0.0175423 0.999573 24.1066 
0.999704 0.00637195 -0.023469 -0.936864 -0.00677919 0.999827 -0.0173155 -0.395818 0.0233545 0.0174695 0.999575 25.0797 
0.99969 0.0070667 -0.0238756 -0.978715 -0.00748293 0.999821 -0.0173907 -0.426584 0.0237484 0.017564 0.999564 26.0686 
0.99968 0.0073426 -0.0242037 -1.0174 -0.00776145 0.999821 -0.0172588 -0.456846 0.0240726 0.0174412 0.999558 27.0607 
0.999661 0.00816826 -0.024723 -1.06185 -0.00856405 0.999836 -0.0159471 -0.490771 0.0245887 0.0161535 0.999567 28.0711 
0.999647 0.00875664 -0.0250934 -1.1057 -0.0091088 0.999861 -0.0139555 -0.520588 0.0249677 0.0141792 0.999588 29.0865 
0.999635 0.00936771 -0.0253364 -1.1534 -0.00969537 0.999871 -0.0128424 -0.548647 0.0252128 0.0130834 0.999597 30.1052 
0.999635 0.00907603 -0.0254511 -1.19926 -0.00942974 0.99986 -0.0138139 -0.57839 0.0253221 0.0140489 0.999581 31.1357 
0.99961 0.010348 -0.0259567 -1.24326 -0.0107327 0.999834 -0.0147266 -0.605696 0.0257999 0.0149994 0.999555 32.1688 
0.999595 0.0103014 -0.0265287 -1.28904 -0.0106747 0.999845 -0.0139713 -0.631771 0.0263806 0.0142488 0.99955 33.2113 
0.999582 0.00948825 -0.0272987 -1.33288 -0.00979818 0.999889 -0.0112435 -0.660222 0.0271889 0.0115063 0.999564 34.2675 
0.999563 0.0097487 -0.0279151 -1.37895 -0.00996341 0.999922 -0.00756432 -0.685813 0.0278391 0.00783918 0.999582 35.3264 
0.999544 0.00986052 -0.0285422 -1.42605 -0.0100142 0.999936 -0.00524967 -0.709719 0.0284886 0.00553315 0.999579 36.3983 
0.999531 0.00991278 -0.0289719 -1.47613 -0.0100579 0.999938 -0.00486755 -0.732423 0.0289218 0.0051567 0.999568 37.4708 
0.999517 0.00950372 -0.0295865 -1.525 -0.0096915 0.999934 -0.00621126 -0.753975 0.0295255 0.00649504 0.999543 38.549 
0.999488 0.00996959 -0.0303962 -1.57866 -0.0101834 0.999924 -0.00688762 -0.773316 0.0303252 0.00719367 0.999514 39.6377 
0.999465 0.00969445 -0.0312226 -1.6296 -0.00987833 0.999935 -0.00574174 -0.79598 0.0311649 0.00604714 0.999496 40.7277 
0.99944 0.00967306 -0.0320391 -1.68332 -0.00979605 0.999945 -0.00368532 -0.820265 0.0320017 0.00399715 0.99948 41.8208 
0.999423 0.00963136 -0.0325636 -1.73778 -0.00967787 0.999952 -0.00127207 -0.84124 0.0325497 0.00158653 0.999469 42.9077 
0.999395 0.0106674 -0.0331039 -1.79075 -0.0107211 0.999942 -0.00144662 -0.864534 0.0330865 0.0018007 0.999451 43.995 
0.999368 0.0119906 -0.0334536 -1.84857 -0.0121743 0.999912 -0.0052942 -0.88743 0.0333871 0.00569817 0.999426 45.0736 
0.999351 0.0133412 -0.0334627 -1.90612 -0.0136613 0.999863 -0.00935747 -0.911055 0.0333332 0.00980858 0.999396 46.155 
0.999346 0.0135993 -0.0334988 -1.96145 -0.0139273 0.999857 -0.00957718 -0.937525 0.0333637 0.0100375 0.999393 47.2404 
0.999345 0.0141056 -0.0333196 -2.01885 -0.0143467 0.999873 -0.00700887 -0.963169 0.0332164 0.00748235 0.99942 48.3225 
0.999342 0.0148159 -0.033113 -2.07749 -0.0149852 0.999876 -0.00487236 -0.990088 0.0330366 0.0053654 0.99944 49.4096 
0.999357 0.0131805 -0.0333493 -2.12717 -0.0133105 0.999905 -0.00367996 -1.01372 0.0332976 0.00412153 0.999437 50.5036 
0.999379 0.0130098 -0.0327563 -2.18417 -0.0131658 0.999903 -0.00455185 -1.03893 0.0326939 0.00498033 0.999453 51.5911 
0.999396 0.0121747 -0.0325589 -2.23859 -0.0123873 0.999903 -0.00633689 -1.06379 0.0324786 0.00673642 0.99945 52.694 
0.999406 0.0121463 -0.0322452 -2.28994 -0.0124212 0.999888 -0.00834008 -1.09008 0.0321402 0.00873569 0.999445 53.7916 
0.999418 0.0107736 -0.0323534 -2.33821 -0.0111252 0.999881 -0.010706 -1.11908 0.0322341 0.0110598 0.999419 54.885 
0.999433 0.00906761 -0.032428 -2.38729 -0.0095208 0.999859 -0.0138494 -1.15301 0.0322978 0.0141503 0.999378 55.9728 
0.999453 0.00754381 -0.0322103 -2.44225 -0.00804715 0.999847 -0.015527 -1.18646 0.0320882 0.0157777 0.999361 57.0665 
0.999469 0.00591608 -0.0320336 -2.49367 -0.00634347 0.999892 -0.0132579 -1.21824 0.0319517 0.0134542 0.999399 58.1607 
0.999476 0.00457454 -0.0320305 -2.54285 -0.00481252 0.999961 -0.007358 -1.24707 0.0319956 0.00750833 0.99946 59.2576 
0.999482 0.0031723 -0.032042 -2.5925 -0.0032194 0.999994 -0.00141972 -1.27068 0.0320372 0.00152218 0.999486 60.356 
0.99948 0.00142829 -0.0322001 -2.64241 -0.00145128 0.999999 -0.00069209 -1.29147 0.0321991 0.000738505 0.999481 61.4556 
0.999482 -0.00204762 -0.0321155 -2.68942 0.0019268 0.999991 -0.00379398 -1.30972 0.032123 0.00373018 0.999477 62.5507 
0.999473 -0.0034707 -0.0322629 -2.74128 0.00324791 0.999971 -0.00695654 -1.33193 0.0322861 0.00684813 0.999455 63.6462 
0.999476 -0.00163165 -0.0323284 -2.7978 0.00128084 0.99994 -0.0108705 -1.3629 0.0323441 0.0108235 0.999418 64.7389 
0.999472 -0.00148532 -0.0324527 -2.8495 0.000991202 0.999883 -0.0152379 -1.39051 0.0324715 0.0151978 0.999357 65.8348 
0.999488 0.00156898 -0.0319644 -2.90588 -0.00208222 0.999869 -0.0160309 -1.41966 0.031935 0.0160893 0.99936 66.9397 
0.999502 0.00561299 -0.0310597 -2.9696 -0.00599653 0.999907 -0.0122705 -1.45487 0.0309879 0.0124507 0.999442 68.0456 
0.999488 0.00695743 -0.0312264 -3.0231 -0.00728206 0.999921 -0.0102958 -1.48477 0.0311522 0.010518 0.999459 69.1458 
0.999489 0.00627301 -0.0313386 -3.07472 -0.00657158 0.999934 -0.00943474 -1.51394 0.0312773 0.0096359 0.999464 70.2485 
0.999497 0.00463681 -0.031376 -3.12735 -0.00491 0.999951 -0.00863677 -1.542 0.0313344 0.00878653 0.99947 71.3493 
0.999491 0.00339289 -0.0317368 -3.17828 -0.00362383 0.999967 -0.00722337 -1.56983 0.0317112 0.00733474 0.99947 72.4504 
0.999477 0.00182271 -0.0322785 -3.22749 -0.00199253 0.999984 -0.00523086 -1.59598 0.0322684 0.00529248 0.999465 73.5511 
0.999443 0.000559185 -0.033356 -3.27629 -0.00068108 0.999993 -0.00364435 -1.621 0.0333537 0.00366508 0.999437 74.6512 
0.999425 -0.000328684 -0.0338919 -3.33725 0.00016252 0.999988 -0.00490661 -1.64744 0.0338931 0.00489833 0.999414 75.75 
0.999399 -0.000181509 -0.0346707 -3.38959 -0.000122849 0.999962 -0.00877743 -1.67249 0.0346709 0.00877645 0.99936 76.838 
0.999369 0.000377514 -0.0355297 -3.44413 -0.00076347 0.999941 -0.0108512 -1.70072 0.0355234 0.0108715 0.99931 77.9312 
0.999334 0.00228628 -0.0364108 -3.50418 -0.0026219 0.999955 -0.00917362 -1.73064 0.0363881 0.00926302 0.999295 79.017 
0.999299 0.00308912 -0.0373163 -3.56089 -0.00327752 0.999982 -0.00498971 -1.75682 0.0373002 0.00510855 0.999291 80.1035 
0.999264 0.00459381 -0.0380858 -3.61841 -0.00463356 0.999989 -0.000956785 -1.78107 0.0380809 0.0011326 0.999274 81.186 
0.999235 0.00569573 -0.0386812 -3.68324 -0.00571582 0.999984 -0.000409831 -1.80272 0.0386782 0.000630655 0.999252 82.2707 
0.999208 0.00546589 -0.0394163 -3.74043 -0.00556958 0.999981 -0.00252228 -1.82293 0.0394017 0.00273986 0.99922 83.3489 
0.999186 0.00543997 -0.039967 -3.80087 -0.00558009 0.999979 -0.00339637 -1.84397 0.0399476 0.00361667 0.999195 84.4161 
0.999165 0.00462782 -0.040589 -3.86121 -0.00477423 0.999982 -0.00351211 -1.86975 0.040572 0.003703 0.99917 85.4706 
0.999135 0.00348634 -0.0414393 -3.92034 -0.003622 0.999988 -0.00320031 -1.89604 0.0414276 0.00334768 0.999136 86.5127 
0.999101 0.00236087 -0.0423277 -3.96967 -0.00243649 0.999996 -0.00173614 -1.91788 0.0423233 0.00183775 0.999102 87.5486 
0.999077 0.00247031 -0.0428863 -4.03262 -0.00243283 0.999997 0.000925131 -1.94103 0.0428884 -0.000819899 0.99908 88.5503 
0.999047 0.00155908 -0.0436312 -4.09781 -0.00148004 0.999997 0.00184275 -1.96496 0.0436339 -0.00177638 0.999046 89.5361 
0.99895 0.000679828 -0.0458075 -4.15738 -0.000589072 0.999998 0.00199381 -1.98442 0.0458087 -0.00196469 0.998948 90.4995 
0.998798 9.77048e-06 -0.0490127 -4.21941 4.2714e-05 0.999999 0.00106894 -2.00649 0.0490126 -0.00106971 0.998798 91.4422 
0.99863 7.19588e-06 -0.0523354 -4.28543 5.11596e-06 1 0.000234325 -2.02792 0.0523354 -0.000234229 0.99863 92.3592 
0.998473 -0.000416784 -0.0552346 -4.35388 0.000443638 1 0.00047319 -2.0478 0.0552343 -0.000496929 0.998473 93.2577 
0.99831 0.000892739 -0.0581137 -4.42514 -0.000802856 0.999998 0.00156929 -2.06858 0.058115 -0.00151994 0.998309 94.1263 
0.99812 0.00185269 -0.0612642 -4.49355 -0.00168981 0.999995 0.00270969 -2.08912 0.0612689 -0.00260103 0.998118 94.9715 
0.99795 0.00316596 -0.063923 -4.56772 -0.00291653 0.999988 0.0039942 -2.10368 0.0639348 -0.00379954 0.997947 95.7922 
0.997773 0.00475118 -0.0665262 -4.63822 -0.00444583 0.999979 0.00473667 -2.11841 0.0665473 -0.00443032 0.997773 96.5872 
0.997601 0.00693789 -0.0688779 -4.71233 -0.00659975 0.999965 0.00513501 -2.13592 0.0689111 -0.00466807 0.997612 97.3491 
0.997388 0.00881659 -0.0716877 -4.78066 -0.00854903 0.999955 0.00403776 -2.15378 0.07172 -0.00341431 0.997419 98.0845 
0.997191 0.010019 -0.074227 -4.84999 -0.0100209 0.99995 0.000346289 -2.17202 0.0742267 0.000398549 0.997241 98.786 
0.996975 0.0123868 -0.0767353 -4.92136 -0.01269 0.999914 -0.00346598 -2.18752 0.0766857 0.00442931 0.997046 99.4654 
0.996789 0.0140978 -0.0788214 -4.9828 -0.014635 0.999873 -0.00624287 -2.20148 0.0787234 0.00737643 0.996869 100.118 
0.996693 0.0161966 -0.0796345 -5.04666 -0.016826 0.999832 -0.00723969 -2.21763 0.0795039 0.00855572 0.996798 100.735 
0.996705 0.018417 -0.078988 -5.10381 -0.0190183 0.999796 -0.0068672 -2.23444 0.0788453 0.00834684 0.996852 101.329 
0.996857 0.0221623 -0.0760563 -5.16256 -0.0226327 0.99973 -0.00532898 -2.25339 0.0759176 0.00703364 0.997089 101.903 
0.997189 0.0249227 -0.070662 -5.2108 -0.0252653 0.999673 -0.00395973 -2.26835 0.0705401 0.00573394 0.997493 102.453 
0.997655 0.025698 -0.0634318 -5.2459 -0.0258785 0.999663 -0.00202651 -2.28261 0.0633583 0.00366332 0.997984 102.981 
0.998222 0.0256253 -0.0538145 -5.27584 -0.0256455 0.999671 0.000314724 -2.2924 0.0538049 0.00106598 0.998551 103.483 
0.998801 0.0250814 -0.0420331 -5.29493 -0.0250414 0.999685 0.00147574 -2.30382 0.0420568 -0.000421356 0.999115 103.963 
0.999295 0.0242132 -0.0287032 -5.30484 -0.0241799 0.999707 0.00150474 -2.31498 0.0287312 -0.000809597 0.999587 104.42 
0.999618 0.0240532 -0.0135874 -5.30701 -0.0240456 0.999711 0.000718751 -2.32774 0.0136007 -0.000391718 0.999907 104.856 
0.999731 0.022746 0.00449951 -5.29786 -0.0227354 0.999739 -0.00238595 -2.33986 -0.00455265 0.00228305 0.999987 105.283 
0.999416 0.0222803 0.0258973 -5.28063 -0.0221053 0.999731 -0.00702112 -2.35125 -0.0260468 0.00644459 0.99964 105.693 
0.99854 0.0201059 0.0501382 -5.24316 -0.0195372 0.999739 -0.0118064 -2.36247 -0.0503626 0.0108097 0.998673 106.095 
0.996835 0.017854 0.0774697 -5.19659 -0.0167881 0.999756 -0.0143887 -2.37605 -0.0777077 0.0130426 0.996891 106.491 
0.994089 0.015065 0.107521 -5.13496 -0.0134616 0.999787 -0.0156218 -2.38812 -0.107734 0.0140821 0.99408 106.873 
0.990057 0.0128568 0.140075 -5.0583 -0.010516 0.999793 -0.0174384 -2.40169 -0.14027 0.0157921 0.989987 107.25 
0.984352 0.0103809 0.175905 -4.96803 -0.00715107 0.999794 -0.0189847 -2.41587 -0.176066 0.0174298 0.984224 107.616 
0.976724 0.00709215 0.214381 -4.86227 -0.00303148 0.99981 -0.019264 -2.43047 -0.214477 0.0181657 0.97656 107.968 
0.966985 0.00496796 0.254785 -4.74566 0.00017933 0.999796 -0.0201751 -2.44441 -0.254834 0.0195547 0.966787 108.313 
0.9549 0.0059218 0.296869 -4.62088 0.000390702 0.999775 -0.0211996 -2.45969 -0.296927 0.0203595 0.954683 108.646 
0.939804 0.00806537 0.341619 -4.48676 -0.000731179 0.999767 -0.0215921 -2.47508 -0.341713 0.0200426 0.939591 108.965 
0.922125 0.00808882 0.386807 -4.33432 -0.000300812 0.999796 -0.0201903 -2.4895 -0.386891 0.0185016 0.92194 109.276 
0.901902 0.00762007 0.431873 -4.16442 0.000620692 0.999821 -0.0189372 -2.501 -0.431939 0.0173476 0.901736 109.575 
0.878773 0.00613552 0.477201 -3.98309 0.00337396 0.999813 -0.019068 -2.51842 -0.477228 0.0183665 0.878587 109.857 
0.85351 0.0066553 0.521034 -3.78774 0.00496647 0.999769 -0.0209058 -2.53549 -0.521053 0.0204311 0.85328 110.127 
0.825607 0.00881272 0.564176 -3.58161 0.00574817 0.999695 -0.0240274 -2.55201 -0.564216 0.0230802 0.825305 110.391 
0.794701 0.0135662 0.60685 -3.35961 0.00440585 0.999595 -0.0281156 -2.56837 -0.606986 0.0250172 0.794319 110.648 
0.760439 0.0199646 0.649103 -3.1234 0.00113881 0.999485 -0.0320754 -2.5791 -0.649409 0.0251306 0.760024 110.9 
0.7225 0.0247033 0.69093 -2.86976 -0.00111347 0.999402 -0.0345679 -2.59219 -0.691371 0.024206 0.722095 111.145 
0.682608 0.0250366 0.730356 -2.59203 0.00122262 0.999372 -0.0354012 -2.60557 -0.730784 0.0250581 0.682149 111.371 
0.640828 0.0225127 0.767354 -2.29227 0.00525506 0.999418 -0.0337095 -2.61998 -0.767666 0.0256345 0.640337 111.583 
0.596128 0.0205919 0.802626 -1.97858 0.00680584 0.999506 -0.0306978 -2.63113 -0.802861 0.0237624 0.595693 111.786 
0.549059 0.0193421 0.83556 -1.66467 0.00701056 0.99959 -0.0277458 -2.64526 -0.835755 0.0210918 0.548698 111.963 
0.500516 0.0167666 0.865565 -1.32723 0.00867884 0.999665 -0.0243827 -2.66009 -0.865684 0.019716 0.500203 112.127 
0.449119 0.0130524 0.893377 -0.97471 0.010799 0.999741 -0.0200352 -2.67754 -0.893407 0.0186457 0.448862 112.275 
0.396854 0.0131695 0.917787 -0.614619 0.0081986 0.999806 -0.0178914 -2.69493 -0.917845 0.0146249 0.396669 112.408 
0.345275 0.0181215 0.938327 -0.254216 0.00449432 0.99977 -0.0209619 -2.7105 -0.938491 0.0114548 0.345114 112.519 
0.294437 0.0232171 0.955389 0.120459 0.00414391 0.999664 -0.0255701 -2.72174 -0.955662 0.0114878 0.294242 112.61 
0.247424 0.0253281 0.968576 0.510334 0.00515236 0.99961 -0.0274558 -2.73698 -0.968894 0.0117837 0.247196 112.685 
0.205916 0.0249231 0.978252 0.91758 0.011918 0.999538 -0.027974 -2.75424 -0.978497 0.0174191 0.205524 112.739 
0.170691 0.0247969 0.985013 1.3509 0.0199373 0.999392 -0.0286138 -2.76597 -0.985123 0.0245227 0.170093 112.784 
0.140128 0.0261133 0.989789 1.79416 0.0239647 0.99927 -0.0297562 -2.77779 -0.989843 0.0278896 0.1394 112.827 
0.111937 0.0247587 0.993407 2.2646 0.0221342 0.999379 -0.0274016 -2.79157 -0.993469 0.0250555 0.111319 112.876 
0.0863858 0.0213811 0.996032 2.75261 0.0161019 0.999609 -0.0228543 -2.80609 -0.996132 0.0180123 0.0860077 112.922 
0.0624074 0.0174382 0.997898 3.25561 0.0111067 0.999773 -0.0181655 -2.82253 -0.997989 0.012217 0.0621996 112.955 
0.0397482 0.0148791 0.999099 3.77427 0.0154401 0.999761 -0.0155032 -2.84142 -0.99909 0.0160424 0.0395089 112.966 
0.0195089 0.0154125 0.999691 4.32173 0.0229192 0.999612 -0.0158585 -2.8628 -0.999547 0.0232215 0.0191481 112.966 
0.0022623 0.0177524 0.99984 4.8723 0.0282249 0.999443 -0.0178091 -2.87799 -0.999599 0.0282606 0.00175998 112.955 
-0.0122904 0.0232459 0.999654 5.44689 0.0285567 0.99933 -0.0228872 -2.89146 -0.999517 0.0282655 -0.012946 112.954 
-0.0230766 0.0279559 0.999343 6.04132 0.0259263 0.99929 -0.0273557 -2.90328 -0.999398 0.025278 -0.023785 112.947 
-0.0295403 0.0277241 0.999179 6.6641 0.0285279 0.999232 -0.0268821 -2.9188 -0.999156 0.0277104 -0.0303085 112.935 
-0.0320641 0.0243353 0.99919 7.30511 0.034494 0.999135 -0.023227 -2.94431 -0.99889 0.0337212 -0.0328758 112.912 
-0.0315024 0.0227196 0.999245 7.96045 0.0360706 0.999116 -0.0215795 -2.96492 -0.998853 0.0353635 -0.032294 112.898 
-0.0295885 0.0223615 0.999312 8.64149 0.0348478 0.999165 -0.0213264 -2.98552 -0.998955 0.0341928 -0.030343 112.893 
-0.028121 0.0228012 0.999344 9.33906 0.0313843 0.999267 -0.0219162 -3.00664 -0.999112 0.0307474 -0.028816 112.893 
-0.0270256 0.0240669 0.999345 10.0535 0.0305864 0.999262 -0.0232378 -3.02622 -0.999167 0.0299383 -0.0277417 112.892 
-0.0260166 0.024858 0.999352 10.786 0.0302496 0.999253 -0.024068 -3.05043 -0.999204 0.0296039 -0.0267491 112.885 
-0.0251079 0.0242427 0.999391 11.5308 0.0299393 0.999276 -0.0234877 -3.07822 -0.999236 0.0293314 -0.0258155 112.88 
-0.0243955 0.0230756 0.999436 12.2931 0.0288423 0.999334 -0.0223691 -3.10192 -0.999286 0.0282803 -0.0250448 112.878 
-0.0239898 0.0218685 0.999473 13.0729 0.0294819 0.999341 -0.0211579 -3.12601 -0.999277 0.0289588 -0.0246187 112.875 
-0.0245633 0.0196071 0.999506 13.8595 0.0301887 0.999366 -0.0188624 -3.15235 -0.999242 0.0297104 -0.0251396 112.869 
-0.0259601 0.0179479 0.999502 14.6546 0.027726 0.999467 -0.0172271 -3.17679 -0.999278 0.027265 -0.0264439 112.872 
-0.027177 0.0168163 0.999489 15.4529 0.0267322 0.999513 -0.0160898 -3.20222 -0.999273 0.0262813 -0.0276133 112.868 
-0.0281183 0.0143316 0.999502 16.2645 0.02936 0.999478 -0.0135052 -3.22316 -0.999173 0.0289656 -0.0285244 112.853 
-0.0290879 0.0127185 0.999496 17.0897 0.0309255 0.999452 -0.0118179 -3.24578 -0.999098 0.0305661 -0.0294653 112.838 
-0.0307742 0.0118405 0.999456 17.9196 0.0281077 0.999545 -0.0109761 -3.27114 -0.999131 0.0277546 -0.031093 112.827 
-0.0316533 0.0165651 0.999362 18.7479 0.0253613 0.999554 -0.015765 -3.29174 -0.999177 0.0248461 -0.0320593 112.818 
-0.0323356 0.0211823 0.999253 19.5859 0.0267543 0.999436 -0.0203203 -3.31569 -0.999119 0.0260772 -0.0328841 112.802 
-0.0333683 0.0228608 0.999182 20.432 0.0270828 0.999392 -0.0219611 -3.34079 -0.999076 0.0263278 -0.0339671 112.786 
-0.0348474 0.0207162 0.999178 21.2812 0.0236357 0.999523 -0.019899 -3.36869 -0.999113 0.0229228 -0.0353204 112.778 
-0.0360067 0.0166006 0.999214 22.1349 0.0207837 0.999658 -0.0158591 -3.39771 -0.999135 0.0201963 -0.0363394 112.768 
-0.0364155 0.0113379 0.999272 22.99 0.0192593 0.999758 -0.0106415 -3.42476 -0.999151 0.0188578 -0.0366251 112.755 
-0.0367509 0.00578793 0.999308 23.8482 0.0156928 0.999863 -0.00521398 -3.44603 -0.999201 0.0154903 -0.0368367 112.746 
-0.0367064 0.00450498 0.999316 24.7032 0.0131667 0.999905 -0.00402396 -3.47167 -0.999239 0.01301 -0.0367623 112.737 
-0.0357382 0.0113254 0.999297 25.5475 0.0161522 0.999812 -0.0107535 -3.49884 -0.999231 0.0157565 -0.0359144 112.718 
-0.0348268 0.0224284 0.999142 26.3837 0.0183408 0.999594 -0.0217992 -3.52259 -0.999225 0.0175659 -0.035224 112.704 
-0.0342275 0.0277492 0.999029 27.2214 0.0202945 0.999428 -0.0270649 -3.54455 -0.999208 0.0193484 -0.0347711 112.687 
-0.0328405 0.0221588 0.999215 28.0624 0.0219306 0.99953 -0.021445 -3.57766 -0.99922 0.0212091 -0.033311 112.672 
-0.0318531 0.0143598 0.999389 28.9028 0.0250514 0.999594 -0.0135642 -3.60926 -0.999179 0.0246041 -0.0321999 112.653 
-0.0311577 0.0115185 0.999448 29.7337 0.0265093 0.999591 -0.0106937 -3.63549 -0.999163 0.0261614 -0.0314503 112.639 
-0.0313934 0.0120256 0.999435 30.5573 0.0252702 0.999618 -0.011234 -3.66394 -0.999188 0.0249032 -0.0316852 112.63 
-0.0322063 0.0129514 0.999397 31.3795 0.0224148 0.999674 -0.0122326 -3.68858 -0.99923 0.0220073 -0.0324861 112.622 
-0.0341132 0.0131608 0.999331 32.1951 0.0204691 0.999713 -0.012467 -3.71243 -0.999208 0.0200301 -0.0343728 112.613 
-0.0363923 0.0131742 0.999251 33.0175 0.0202454 0.999718 -0.0124429 -3.73753 -0.999133 0.0197774 -0.0366487 112.602 
-0.0382912 0.0135051 0.999175 33.8248 0.0193611 0.999731 -0.0127706 -3.76467 -0.999079 0.0188561 -0.0385424 112.584 
-0.0402674 0.0137973 0.999094 34.632 0.0176984 0.999758 -0.0130931 -3.79127 -0.999032 0.0171552 -0.0405018 112.569 
-0.0421983 0.0129675 0.999025 35.4344 0.0159815 0.999797 -0.0123024 -3.815 -0.998981 0.0154468 -0.0423969 112.553 
-0.0441916 0.0117685 0.998954 36.2329 0.0168066 0.999798 -0.0110349 -3.8441 -0.998882 0.0163014 -0.0443805 112.531 
-0.0462283 0.0119402 0.99886 37.0252 0.0165991 0.9998 -0.0111831 -3.86903 -0.998793 0.0160632 -0.0464172 112.512 
-0.0481006 0.0129966 0.998758 37.813 0.0164916 0.999789 -0.0122157 -3.89245 -0.998706 0.0158835 -0.0483048 112.491 
-0.0489118 0.0132277 0.998716 38.5939 0.0170187 0.999778 -0.0124082 -3.91644 -0.998658 0.01639 -0.0491261 112.464 
-0.0500286 0.0120735 0.998675 39.3756 0.0190749 0.999756 -0.011131 -3.9415 -0.998566 0.0184928 -0.0502467 112.437 
-0.0516044 0.0111777 0.998605 40.1552 0.0192084 0.999764 -0.010198 -3.96874 -0.998483 0.0186554 -0.0518069 112.412 
-0.0527753 0.0108733 0.998547 40.9268 0.0182019 0.999785 -0.00992477 -3.9914 -0.998441 0.0176517 -0.0529618 112.387 
-0.0540187 0.010063 0.998489 41.683 0.0163763 0.999824 -0.00919049 -4.0129 -0.998406 0.0158551 -0.0541739 112.365 
-0.0548264 0.00888167 0.998456 42.4232 0.015294 0.999851 -0.00805421 -4.03503 -0.998379 0.0148288 -0.0549541 112.341 
-0.0555161 0.00848233 0.998422 43.1399 0.0157443 0.999847 -0.00761895 -4.0582 -0.998334 0.0152965 -0.0556412 112.315 
-0.0556961 0.0110741 0.998386 43.8461 0.0158894 0.999822 -0.0102036 -4.08214 -0.998321 0.0152954 -0.0558622 112.289 
-0.0555194 0.0137853 0.998362 44.548 0.0158883 0.99979 -0.0129214 -4.10553 -0.998331 0.0151449 -0.0557267 112.26 
-0.0554959 0.015421 0.99834 45.2487 0.0141119 0.999793 -0.0146589 -4.13024 -0.998359 0.0132749 -0.0557021 112.236 
-0.0557042 0.0162236 0.998316 45.9432 0.0144853 0.999776 -0.015439 -4.15497 -0.998342 0.0136008 -0.0559267 112.21 
-0.055408 0.0161183 0.998334 46.637 0.015847 0.999758 -0.0152617 -4.17741 -0.998338 0.014975 -0.0556501 112.18 
-0.0554571 0.015768 0.998337 47.3256 0.016837 0.999748 -0.014855 -4.19931 -0.998319 0.0159852 -0.0557086 112.151 
-0.0554966 0.0157695 0.998334 48.0101 0.0129881 0.999802 -0.0150707 -4.22349 -0.998374 0.0121301 -0.0556904 112.129 
-0.0552671 0.015973 0.998344 48.6947 0.0105278 0.999826 -0.0154139 -4.24887 -0.998416 0.00965851 -0.0554256 112.109 
-0.0550067 0.0145051 0.998381 49.3836 0.0124848 0.999826 -0.0138382 -4.27204 -0.998408 0.0117034 -0.0551782 112.081 
-0.0558527 0.0139343 0.998342 50.061 0.0130279 0.999828 -0.0132262 -4.29432 -0.998354 0.0122676 -0.0560246 112.053 
-0.0593958 0.0134959 0.998143 50.7403 0.0099739 0.999867 -0.0129256 -4.31527 -0.998185 0.00918765 -0.0595225 112.03 
-0.0645778 0.0131685 0.997826 51.4154 0.00607931 0.9999 -0.0128024 -4.33876 -0.997894 0.00523934 -0.0646514 112.005 
-0.070275 0.0169644 0.997383 52.0852 0.00995286 0.999818 -0.0163045 -4.35948 -0.997478 0.00878102 -0.0704311 111.965 
-0.0767442 0.0198828 0.996853 52.7593 0.0123533 0.999743 -0.0189894 -4.37787 -0.996974 0.0108571 -0.0769701 111.917 
-0.0841386 0.0216491 0.996219 53.4355 0.0116289 0.999717 -0.0207429 -4.39868 -0.996386 0.00983962 -0.0843665 111.873 
-0.0903361 0.0208936 0.995692 54.1164 0.00796149 0.999763 -0.0202567 -4.42248 -0.99588 0.00609728 -0.0904811 111.828 
-0.0956307 0.0197335 0.995221 54.8037 0.00760924 0.999789 -0.0190929 -4.44656 -0.995388 0.00574701 -0.0957607 111.775 
-0.10016 0.0203269 0.994764 55.4997 0.00536132 0.999788 -0.0198898 -4.47012 -0.994957 0.00334108 -0.100248 111.718 
-0.104099 0.0197947 0.99437 56.2006 0.00329793 0.999803 -0.0195575 -4.4907 -0.994561 0.00124343 -0.104144 111.662 
-0.106725 0.0166288 0.99415 56.9075 0.00392393 0.999859 -0.016303 -4.51237 -0.994281 0.00216103 -0.106775 111.6 
-0.108459 0.0135763 0.994008 57.6227 0.00608189 0.999897 -0.0129931 -4.53148 -0.994082 0.00463623 -0.10853 111.532 
-0.109793 0.0108041 0.993896 58.3442 0.00591455 0.99993 -0.0102163 -4.55334 -0.993937 0.00475677 -0.109849 111.467 
-0.111107 0.0106509 0.993751 59.0711 0.00506747 0.999936 -0.0101506 -4.57184 -0.993796 0.003908 -0.111154 111.402 
-0.111265 0.0144894 0.993685 59.8007 0.00704883 0.99988 -0.0137904 -4.58998 -0.993766 0.00546991 -0.111354 111.331 
-0.11122 0.0183721 0.993626 60.5394 0.0128646 0.999772 -0.0170457 -4.61246 -0.993713 0.0108868 -0.111431 111.253 
-0.111612 0.0231401 0.993482 61.2808 0.020552 0.999569 -0.0209729 -4.63773 -0.993539 0.0180772 -0.112039 111.17 
-0.112101 0.0243782 0.993398 62.0295 0.0211593 0.999531 -0.0221409 -4.66091 -0.993472 0.0185376 -0.112564 111.095 
-0.112324 0.0222112 0.993423 62.7826 0.0192579 0.999611 -0.0201721 -4.6851 -0.993485 0.0168654 -0.112708 111.028 
-0.111985 0.0172677 0.99356 63.5367 0.0195239 0.999694 -0.0151737 -4.71299 -0.993518 0.0176989 -0.112288 110.953 
-0.111779 0.0152087 0.993617 64.2904 0.0217525 0.999681 -0.0128543 -4.73861 -0.993495 0.0201768 -0.112074 110.876 
-0.112761 0.014811 0.993512 65.0375 0.0220192 0.999681 -0.0124038 -4.76425 -0.993378 0.0204777 -0.113051 110.805 
-0.114415 0.0156049 0.99331 65.7819 0.0203512 0.999704 -0.0133612 -4.78858 -0.993225 0.0186863 -0.114699 110.735 
-0.116473 0.0163216 0.99306 66.523 0.0195778 0.999708 -0.0141347 -4.81096 -0.993001 0.0177956 -0.116759 110.662 
-0.118566 0.0164668 0.99281 67.2659 0.0208477 0.999683 -0.014091 -4.83519 -0.992727 0.0190271 -0.118872 110.586 
-0.120269 0.0167005 0.992601 68.0091 0.0212293 0.999673 -0.0142472 -4.8588 -0.992514 0.0193587 -0.120584 110.506 
-0.122339 0.0162275 0.992356 68.7607 0.0209954 0.999685 -0.013759 -4.88398 -0.992266 0.0191516 -0.122641 110.429 
-0.123852 0.0165854 0.992162 69.5094 0.0189295 0.999718 -0.0143487 -4.90637 -0.99212 0.017004 -0.124131 110.352 
-0.124998 0.0180671 0.991993 70.2727 0.0189448 0.999695 -0.0158202 -4.93021 -0.991976 0.0168156 -0.125302 110.272 
-0.125851 0.0184329 0.991878 71.0347 0.0176339 0.999711 -0.016341 -4.95292 -0.991893 0.0154342 -0.126139 110.193 
-0.127315 0.0188667 0.991683 71.8054 0.0175348 0.999706 -0.0167681 -4.97454 -0.991707 0.0152541 -0.127609 110.117 
-0.128551 0.0171719 0.991554 72.5871 0.0180743 0.999725 -0.0149701 -4.99852 -0.991538 0.0159972 -0.128826 110.033 
-0.129696 0.0148844 0.991442 73.3745 0.0157618 0.999792 -0.0129478 -5.02121 -0.991429 0.0139476 -0.129903 109.951 
-0.131622 0.0131428 0.991213 74.1708 0.0131059 0.999848 -0.0115169 -5.03773 -0.991213 0.0114749 -0.131774 109.873 
-0.133803 0.0126538 0.990927 74.9632 0.0145457 0.999836 -0.0108035 -5.05945 -0.990901 0.0129682 -0.133965 109.782 
-0.13554 0.0131546 0.990685 75.7552 0.0158327 0.999813 -0.0111096 -5.08326 -0.990645 0.0141794 -0.135723 109.687 
-0.137779 0.0143892 0.990359 76.5601 0.0152833 0.999806 -0.0124002 -5.10552 -0.990345 0.0134275 -0.137972 109.593 
-0.139274 0.0179682 0.990091 77.3664 0.0168477 0.999734 -0.0157732 -5.12977 -0.990111 0.0144839 -0.13954 109.494 
-0.139667 0.0219428 0.989955 78.1767 0.018749 0.999634 -0.0195121 -5.15511 -0.990021 0.0158355 -0.140027 109.391 
-0.140684 0.0258501 0.989717 78.9933 0.0198034 0.999533 -0.0232915 -5.18372 -0.989857 0.0163231 -0.14113 109.29 
-0.14036 0.0269934 0.989733 79.8235 0.0221403 0.999464 -0.0241189 -5.21179 -0.989853 0.0185276 -0.140882 109.186 
-0.139872 0.0263245 0.98982 80.6594 0.0258184 0.999404 -0.022931 -5.24343 -0.989833 0.0223482 -0.140469 109.079 
-0.139847 0.0245169 0.98987 81.5029 0.0263638 0.999431 -0.0210291 -5.2742 -0.989822 0.0231559 -0.140414 108.977 
-0.139249 0.0229088 0.989992 82.3486 0.0256605 0.99948 -0.019519 -5.304 -0.989925 0.0226857 -0.139764 108.879 
-0.137434 0.020422 0.9903 83.1981 0.0246334 0.999549 -0.017194 -5.33448 -0.990205 0.0220314 -0.137875 108.779 
-0.135757 0.0173561 0.99059 84.0579 0.0252954 0.999581 -0.0140469 -5.36096 -0.990419 0.0231504 -0.136139 108.68 
-0.13418 0.0140014 0.990858 84.9154 0.0257605 0.999612 -0.0106366 -5.38672 -0.990622 0.0240978 -0.134489 108.58 
-0.132549 0.0137457 0.991081 85.7768 0.024015 0.999655 -0.0106528 -5.41372 -0.990886 0.0223888 -0.132833 108.486 
-0.131227 0.0179058 0.991191 86.6321 0.0250276 0.999578 -0.0147438 -5.44227 -0.991036 0.0228723 -0.13162 108.39 
-0.129224 0.0242625 0.991319 87.4828 0.0257775 0.999445 -0.0211011 -5.46779 -0.99128 0.022827 -0.129777 108.295 
-0.127885 0.0277317 0.991401 88.3399 0.0236653 0.99941 -0.0249029 -5.49529 -0.991507 0.0202771 -0.128466 108.205 
-0.126562 0.0252648 0.991637 89.2 0.0222267 0.999497 -0.0226282 -5.52872 -0.99171 0.019177 -0.127059 108.114 
-0.125215 0.0226617 0.991871 90.0642 0.0225366 0.999546 -0.0199919 -5.56129 -0.991874 0.0198501 -0.125669 108.02 
-0.124599 0.0211931 0.991981 90.9371 0.0236455 0.999551 -0.0183847 -5.5889 -0.991925 0.0211652 -0.125045 107.927 
-0.123738 0.0209932 0.992093 91.814 0.0228798 0.999571 -0.0182977 -5.61843 -0.992051 0.0204348 -0.124165 107.834 
-0.123306 0.0209347 0.992148 92.6812 0.0221252 0.999587 -0.0183419 -5.65076 -0.992122 0.0196898 -0.123719 107.747 
-0.122521 0.0192356 0.99228 93.5523 0.0248267 0.999559 -0.0163112 -5.68016 -0.992155 0.0226366 -0.122945 107.652 
-0.121317 0.0183094 0.992445 94.4278 0.0274474 0.999509 -0.0150845 -5.71546 -0.992234 0.02541 -0.12176 107.558 
-0.12042 0.0196485 0.992529 95.2923 0.0296441 0.999429 -0.0161884 -5.74622 -0.99228 0.0274732 -0.120934 107.466 
-0.119338 0.0216653 0.992617 96.1636 0.0303494 0.999374 -0.0181639 -5.78006 -0.99239 0.0279577 -0.11992 107.37 
-0.11842 0.0235106 0.992685 97.0333 0.0278108 0.999406 -0.0203521 -5.80333 -0.992574 0.0251972 -0.119004 107.284 
-0.117749 0.0193802 0.992854 97.8989 0.0228237 0.999598 -0.016805 -5.83445 -0.992781 0.0206818 -0.118144 107.202 
-0.117659 0.0173091 0.992903 98.7606 0.0184729 0.999713 -0.0152387 -5.86925 -0.992882 0.0165488 -0.117945 107.121 
-0.118688 0.0177531 0.992773 99.6163 0.0149269 0.999759 -0.0160934 -5.90029 -0.992819 0.0129089 -0.118924 107.038 
-0.119809 0.0224457 0.992543 100.459 0.0119208 0.999705 -0.0211686 -5.93046 -0.992725 0.00929569 -0.120041 106.956 
-0.120539 0.024949 0.992395 101.305 0.0113102 0.999654 -0.0237577 -5.96164 -0.992644 0.00836044 -0.120779 106.87 
-0.120946 0.0253252 0.992336 102.141 0.011886 0.99964 -0.0240629 -5.997 -0.992588 0.00888462 -0.121204 106.782 
-0.121158 0.0247942 0.992324 102.976 0.0133904 0.999638 -0.023342 -6.03198 -0.992543 0.0104596 -0.121446 106.691 
-0.121605 0.0254616 0.992252 103.802 0.0147848 0.999607 -0.0238383 -6.06944 -0.992468 0.0117714 -0.121934 106.602 
-0.121996 0.0285553 0.99212 104.622 0.0162177 0.99951 -0.0267738 -6.10642 -0.992398 0.0128236 -0.122399 106.515 
-0.122473 0.0299118 0.992021 105.435 0.0156101 0.99948 -0.0282095 -6.1436 -0.992349 0.0120306 -0.122876 106.428 
-0.123345 0.0303362 0.9919 106.245 0.014084 0.999486 -0.0288168 -6.17856 -0.992264 0.0104155 -0.123709 106.34 
-0.125496 0.0291954 0.991665 107.051 0.0122797 0.999536 -0.0278731 -6.21711 -0.992018 0.00867943 -0.125796 106.255 
-0.128681 0.0303477 0.991222 107.852 0.0122443 0.999504 -0.0290117 -6.25706 -0.99161 0.00840354 -0.128989 106.169 
-0.13189 0.0329964 0.990715 108.648 0.0120191 0.999426 -0.0316865 -6.29448 -0.991192 0.0077284 -0.13221 106.078 
-0.135207 0.0343945 0.99022 109.438 0.0103314 0.999392 -0.0333023 -6.33246 -0.990764 0.00572763 -0.13548 105.988 
-0.138406 0.03449 0.989775 110.221 0.0108441 0.999386 -0.0333085 -6.37101 -0.990316 0.00612314 -0.138695 105.893 
-0.141307 0.0331819 0.98941 111.004 0.0123161 0.99942 -0.0317586 -6.41113 -0.989889 0.00769793 -0.141633 105.794 
-0.143597 0.0340501 0.98905 111.781 0.0139131 0.999379 -0.0323856 -6.45093 -0.989538 0.00911032 -0.143981 105.689 
-0.145581 0.0384625 0.988598 112.555 0.00935201 0.999253 -0.0374999 -6.49434 -0.989302 0.00378612 -0.145832 105.599 
-0.147245 0.045363 0.988059 113.32 0.00711196 0.998971 -0.044804 -6.54065 -0.989075 0.000429864 -0.147416 105.504 
-0.149834 0.048372 0.987527 114.087 0.0113313 0.998821 -0.0472059 -6.58109 -0.988646 0.00411686 -0.150206 105.395 
-0.152391 0.0465066 0.987226 114.857 0.0134145 0.998898 -0.0449857 -6.62415 -0.988229 0.00638773 -0.152846 105.283 
-0.155602 0.0385822 0.987066 115.633 0.0117572 0.999239 -0.0372046 -6.67321 -0.98775 0.00581606 -0.155937 105.178 
-0.157848 0.0363511 0.986794 116.401 0.0106864 0.999327 -0.0351034 -6.72149 -0.987406 0.00500422 -0.15813 105.072 
-0.159406 0.0393412 0.986429 117.161 0.0103565 0.999217 -0.0381776 -6.76213 -0.987159 0.0041302 -0.159688 104.959 
-0.162051 0.042728 0.985857 117.913 0.00793234 0.999086 -0.0419975 -6.80323 -0.986751 0.00101441 -0.162242 104.85 
-0.164622 0.04523 0.985319 118.66 0.00743667 0.998977 -0.0446144 -6.84808 -0.986329 -1.70123e-05 -0.16479 104.742 
-0.166403 0.0495139 0.984814 119.404 0.0114861 0.998768 -0.0482746 -6.89571 -0.985991 0.00327865 -0.166767 104.625 
-0.168186 0.0540707 0.984271 120.145 0.0117755 0.998533 -0.052842 -6.94147 -0.985685 0.00270298 -0.168576 104.511 
-0.171195 0.0563695 0.983623 120.888 0.011203 0.998409 -0.0552669 -6.98892 -0.985173 0.00155805 -0.171555 104.401 
-0.173825 0.0540043 0.983295 121.64 0.0120889 0.998537 -0.0527044 -7.03745 -0.984702 0.00272563 -0.174224 104.292 
-0.177692 0.0504773 0.982791 122.382 0.0162366 0.998698 -0.0483586 -7.09013 -0.983952 0.00736422 -0.17828 104.166 
-0.183563 0.0491217 0.98178 123.122 0.0185181 0.998746 -0.0465082 -7.13761 -0.982833 0.00964348 -0.184243 104.041 
-0.18977 0.0478093 0.980664 123.853 0.0172178 0.998822 -0.0453627 -7.18561 -0.981678 0.0082764 -0.19037 103.914 
-0.19816 0.0480561 0.978991 124.583 0.0162242 0.998821 -0.0457455 -7.23249 -0.980035 0.00681847 -0.198706 103.78 
-0.20878 0.0486209 0.976753 125.309 0.015435 0.998803 -0.0464193 -7.27746 -0.977841 0.00538475 -0.20928 103.637 
-0.220551 0.0495969 0.974114 126.025 0.016156 0.998755 -0.0471935 -7.32231 -0.975242 0.00532916 -0.221078 103.482 
-0.232921 0.0504018 0.971189 126.737 0.0172973 0.998713 -0.0476818 -7.36828 -0.972342 0.00569284 -0.233493 103.317 
-0.244631 0.0505005 0.9683 127.446 0.0201542 0.998692 -0.0469937 -7.41305 -0.969407 0.00801923 -0.245329 103.143 
-0.255575 0.0505017 0.965469 128.149 0.0235764 0.998663 -0.045997 -7.45945 -0.966502 0.0110066 -0.256424 102.959 
-0.26565 0.0504674 0.962748 128.849 0.0275757 0.998618 -0.0447387 -7.50403 -0.963675 0.0146636 -0.266675 102.769 
-0.274605 0.0511764 0.960194 129.548 0.0334241 0.998487 -0.0436584 -7.54715 -0.960976 0.0201048 -0.2759 102.572 
-0.282197 0.051187 0.95799 130.238 0.0386214 0.998372 -0.0419679 -7.59198 -0.958579 0.0251557 -0.283715 102.37 
-0.288648 0.051441 0.956053 130.929 0.0387437 0.998365 -0.0420203 -7.63376 -0.956651 0.024912 -0.290169 102.171 
-0.293312 0.0495271 0.954733 131.617 0.0425097 0.998345 -0.0387296 -7.67339 -0.955071 0.0292255 -0.294932 101.967 
-0.295209 0.0468546 0.954283 132.304 0.0485096 0.998244 -0.0340065 -7.71131 -0.9542 0.0362528 -0.296964 101.754 
-0.296263 0.0455573 0.954019 132.983 0.0550102 0.998018 -0.0305753 -7.74789 -0.953521 0.0434224 -0.298182 101.541 
-0.297078 0.0440971 0.953834 133.659 0.0573036 0.997956 -0.0282893 -7.78577 -0.953132 0.046254 -0.298998 101.338 
-0.296771 0.0493972 0.95367 134.322 0.0596658 0.997669 -0.0331089 -7.82088 -0.953083 0.0470757 -0.299027 101.138 
-0.295424 0.0528511 0.953903 134.986 0.0595689 0.997545 -0.0368206 -7.85376 -0.953507 0.0459453 -0.297847 100.943 
-0.294669 0.0528837 0.954135 135.645 0.0618159 0.997431 -0.0361926 -7.88744 -0.953598 0.0483158 -0.297181 100.749 
-0.292953 0.0512728 0.954751 136.305 0.0630236 0.997425 -0.0342265 -7.9232 -0.954048 0.0501451 -0.29543 100.555 
-0.290975 0.0484122 0.955505 136.96 0.064883 0.997418 -0.0307773 -7.96311 -0.954528 0.0530406 -0.293365 100.362 
-0.289687 0.0489749 0.955868 137.607 0.0656217 0.997356 -0.0312132 -8.00018 -0.954869 0.0536836 -0.292135 100.176 
-0.287269 0.0514687 0.956466 138.247 0.0668384 0.997198 -0.033586 -8.03298 -0.955515 0.0542805 -0.289904 99.9947 
-0.282933 0.0531484 0.957666 138.883 0.068616 0.997027 -0.0350609 -8.06742 -0.956682 0.0557913 -0.285739 99.8147 
-0.277562 0.0522585 0.959285 139.516 0.0695854 0.99699 -0.0341785 -8.1017 -0.958184 0.0572656 -0.280363 99.6426 
-0.272128 0.0504931 0.960935 140.149 0.0712211 0.99694 -0.0322158 -8.13779 -0.959622 0.0596721 -0.274891 99.473 
-0.26741 0.0484088 0.962366 140.774 0.0709701 0.997014 -0.0304313 -8.17361 -0.960966 0.0601616 -0.270047 99.3093 
-0.263277 0.0475464 0.963548 141.392 0.0710968 0.997025 -0.029772 -8.20733 -0.962097 0.0606668 -0.265875 99.1515 
-0.259459 0.0460699 0.964655 142.009 0.0717165 0.997023 -0.0283264 -8.23851 -0.963088 0.0618321 -0.261991 98.9956 
-0.25555 0.0446442 0.965765 142.624 0.0751474 0.996828 -0.0261955 -8.26712 -0.963871 0.0658804 -0.258094 98.8389 
-0.251861 0.0429787 0.966809 143.233 0.0771122 0.996728 -0.0242204 -8.29551 -0.964686 0.0684525 -0.254351 98.6864 
-0.248574 0.0416421 0.967718 143.836 0.0753201 0.996881 -0.0235498 -8.32592 -0.96568 0.0670347 -0.250935 98.546 
-0.244881 0.0424508 0.968623 144.433 0.0725388 0.997043 -0.0253575 -8.35799 -0.966836 0.0640532 -0.247236 98.4104 
-0.240234 0.0458499 0.969632 145.022 0.073321 0.996888 -0.0289728 -8.3864 -0.967942 0.0641341 -0.242848 98.2741 
-0.234435 0.0490874 0.970892 145.604 0.0751106 0.996653 -0.0322534 -8.41399 -0.969226 0.065363 -0.237338 98.141 
-0.227751 0.0498767 0.972441 146.19 0.0741235 0.996678 -0.0337597 -8.44389 -0.970894 0.064392 -0.230691 98.0166 
-0.219392 0.0483155 0.97444 146.778 0.0708391 0.996926 -0.0334812 -8.47595 -0.973062 0.0616829 -0.22214 97.9057 
