1 2.12261e-08 -2.11895e-08 0 2.12261e-08 1 2.10703e-08 0 -2.11895e-08 2.10703e-08 1 0 
0.999998 0.000768866 0.00180027 -0.0229441 -0.00076708 0.999999 -0.000969023 -0.021088 -0.00180106 0.000967682 0.999998 1.21708 
0.999994 0.00109308 0.00335891 -0.0442382 -0.00109114 0.999999 -0.000566609 -0.0395339 -0.00335957 0.000562983 0.999994 2.42862 
0.999991 0.000452167 0.00427359 -0.0557107 -0.000451145 1 -0.000230207 -0.061304 -0.00427373 0.000228319 0.999991 3.64328 
0.999987 0.000160477 0.00512071 -0.0760953 -0.000160982 1 0.000106463 -0.0872608 -0.00512074 -0.000107244 0.999987 4.85111 
0.999983 -4.71389e-05 0.00589206 -0.0885185 4.59811e-05 1 0.000203869 -0.108603 -0.00589211 -0.000203552 0.999983 6.0559 
0.99998 -4.65807e-05 0.006408 -0.0998712 5.18331e-05 1 -0.00081285 -0.131499 -0.006408 0.000813207 0.999979 7.25974 
0.999975 -0.000296349 0.00711987 -0.112002 0.000303503 0.999999 -0.000997686 -0.15463 -0.00711961 0.000999864 0.999974 8.45984 
0.999974 -0.000818369 0.00710658 -0.123067 0.000814569 1 0.000543642 -0.177072 -0.00710706 -0.000537797 0.999975 9.6764 
0.999981 -0.00138471 0.00601823 -0.142968 0.00137692 0.999998 0.00130548 -0.19359 -0.00602007 -0.00129713 0.999981 10.8885 
0.99999 -0.00256736 0.00365626 -0.16344 0.00256413 0.999996 0.000897986 -0.215102 -0.00365859 -0.000888559 0.999993 12.0876 
0.999996 -0.00225673 0.00165925 -0.181615 0.00225589 0.999997 0.000532205 -0.236357 -0.00166049 -0.000528418 0.999999 13.293 
0.999998 -0.00204435 0.000523073 -0.206533 0.00204422 0.999998 0.000328802 -0.257886 -0.000523787 -0.000327689 1 14.5142 
1 -0.000501975 -0.00012461 -0.237276 0.000502027 1 7.71256e-05 -0.278568 0.000124528 -7.7146e-05 1 15.7267 
0.999999 -0.00106028 -0.000466547 -0.266719 0.00106035 0.999999 6.99969e-05 -0.300782 0.00046643 -7.04493e-05 1 16.9443 
0.999998 -0.00165577 -0.000989489 -0.293297 0.00165647 0.999998 0.00066219 -0.324004 0.000988349 -0.000663786 0.999999 18.1611 
0.999997 -0.00214871 -0.00125572 -0.323438 0.00214992 0.999997 0.000934989 -0.347226 0.00125367 -0.000937643 0.999999 19.3813 
0.999997 -0.00189406 -0.00178184 -0.352826 0.00189421 0.999998 5.50474e-05 -0.371128 0.00178169 -5.83802e-05 0.999998 20.599 
0.999994 -0.00234139 -0.00251976 -0.374684 0.00233964 0.999997 -0.000715113 -0.392839 0.00252138 0.000709255 0.999997 21.8029 
0.999993 -0.00102311 -0.00358098 -0.393158 0.00102199 0.999999 -0.000326578 -0.406708 0.00358127 0.000322958 0.999994 23.0237 
0.99999 -0.00110671 -0.0043477 -0.418587 0.00110411 0.999999 -0.000609567 -0.426784 0.00434832 0.000604803 0.99999 24.2471 
0.999986 -0.0010775 -0.00526154 -0.44514 0.00107036 0.999999 -0.0013684 -0.447852 0.00526297 0.00136279 0.999985 25.4621 
0.99998 -0.000440683 -0.00624695 -0.472932 0.000435912 1 -0.000771856 -0.466392 0.00624724 0.00076916 0.99998 26.6724 
0.999974 -0.0019508 -0.00694879 -0.501264 0.00195869 0.999997 0.00112265 -0.492081 0.00694654 -0.00113619 0.999975 27.8918 
0.999964 -0.00222511 -0.0082211 -0.526087 0.00223528 0.999997 0.00122264 -0.513103 0.00821831 -0.00124093 0.999966 29.1107 
0.999955 -0.00279589 -0.00910055 -0.556773 0.00279889 0.999996 0.000312216 -0.532524 0.0090996 -0.000337631 0.999959 30.3169 
0.999943 -0.00328727 -0.0101555 -0.584698 0.00327972 0.999994 -0.000763809 -0.553252 0.0101579 0.000730501 0.999948 31.5312 
0.999936 -0.00297089 -0.0109634 -0.619467 0.00296248 0.999995 -0.000786951 -0.574364 0.0109657 0.000754463 0.99994 32.7404 
0.999926 -0.00371102 -0.0115882 -0.653232 0.00370877 0.999993 -0.000219372 -0.596361 0.0115889 0.00017642 0.999933 33.9554 
0.999912 -0.00421391 -0.0125656 -0.685081 0.00421618 0.999991 0.000151445 -0.61871 0.0125649 -0.000204368 0.999921 35.1578 
0.999899 -0.00496473 -0.0133186 -0.719661 0.00496664 0.999988 0.000106634 -0.644011 0.0133179 -0.000172729 0.999911 36.3571 
0.999891 -0.00530043 -0.0137654 -0.759449 0.00530254 0.999986 0.000113471 -0.666178 0.0137646 -0.000186408 0.999905 37.5758 
0.999885 -0.00605738 -0.0139299 -0.797773 0.00606608 0.999981 0.000579138 -0.684452 0.0139261 -0.000663528 0.999903 38.7946 
0.999884 -0.00567591 -0.0141361 -0.831448 0.00570374 0.999982 0.00192616 -0.705408 0.0141249 -0.00200653 0.999898 39.9996 
0.999885 -0.00535504 -0.0141823 -0.869944 0.00539355 0.999982 0.00267586 -0.724056 0.0141677 -0.00275201 0.999896 41.2261 
0.999891 -0.00457274 -0.0140217 -0.910607 0.00460447 0.999987 0.0022283 -0.743586 0.0140113 -0.00229257 0.999899 42.4531 
0.999901 -0.00348038 -0.0136686 -0.953574 0.00351085 0.999991 0.00220279 -0.762413 0.0136608 -0.00225052 0.999904 43.6756 
0.999917 -0.000716153 -0.0128897 -1.00028 0.000767608 0.999992 0.00398418 -0.779163 0.0128867 -0.0039937 0.999909 44.8924 
0.999938 -0.000891597 -0.0110979 -1.03976 0.000970712 0.999974 0.00712173 -0.798159 0.0110912 -0.00713201 0.999913 46.1053 
0.999958 -0.000297925 -0.00914559 -1.07839 0.000388519 0.999951 0.00990105 -0.810086 0.00914215 -0.00990414 0.999909 47.3155 
0.99997 4.04898e-05 -0.00777785 -1.10844 6.23187e-05 0.999913 0.013212 -0.818615 0.00777767 -0.0132121 0.999883 48.5306 
0.999979 -0.000931015 -0.00649503 -1.13731 0.00102517 0.999894 0.014501 -0.824964 0.0064808 -0.0145073 0.999874 49.7507 
0.999984 -0.00306977 -0.00482716 -1.16603 0.00313229 0.999911 0.012989 -0.827205 0.00478681 -0.0130039 0.999904 50.9644 
0.999991 -0.00193344 -0.00377753 -1.19197 0.00197569 0.999935 0.0112038 -0.831407 0.00375558 -0.0112111 0.99993 52.1744 
0.999994 -0.0015547 -0.00294672 -1.21909 0.00158614 0.999942 0.0106798 -0.83788 0.0029299 -0.0106844 0.999939 53.3891 
0.999994 -0.00197814 -0.00289884 -1.24346 0.00200748 0.999947 0.0101389 -0.845601 0.00287858 -0.0101446 0.999944 54.6032 
0.99999 -0.00268875 -0.00360991 -1.27232 0.00272161 0.999955 0.00911634 -0.85505 0.00358519 -0.00912603 0.999952 55.8234 
0.999984 -0.00251295 -0.00514261 -1.30222 0.00256169 0.999952 0.00948353 -0.864408 0.00511848 -0.0094965 0.999942 57.0468 
0.999976 -0.00254 -0.00640356 -1.3342 0.00260875 0.999939 0.0107442 -0.874297 0.00637584 -0.0107607 0.999922 58.2693 
0.99997 -0.00270186 -0.00730987 -1.36732 0.00278213 0.999936 0.0109869 -0.88345 0.00727967 -0.0110069 0.999913 59.4912 
0.999966 -0.00172712 -0.00810343 -1.40041 0.00181378 0.999941 0.0106945 -0.891691 0.00808444 -0.0107088 0.99991 60.7075 
0.999964 -0.00138637 -0.00837177 -1.43834 0.00147564 0.999942 0.0106614 -0.902884 0.00835647 -0.0106733 0.999908 61.9219 
0.999961 -0.00227083 -0.00857017 -1.47102 0.00235845 0.999945 0.0102227 -0.913989 0.00854644 -0.0102425 0.999911 63.1285 
0.999955 -0.0033007 -0.00890973 -1.49967 0.00338221 0.999953 0.00914387 -0.922675 0.00887909 -0.00917355 0.999919 64.3448 
0.999949 -0.00378306 -0.00936847 -1.53033 0.00387964 0.999939 0.0103078 -0.93137 0.00932886 -0.0103436 0.999903 65.5569 
0.999947 -0.00396927 -0.00949481 -1.56541 0.00408206 0.999921 0.0118852 -0.943377 0.00944684 -0.0119233 0.999884 66.7624 
0.999947 -0.00330636 -0.00972657 -1.59711 0.00340512 0.999943 0.0101504 -0.951929 0.00969241 -0.0101829 0.999901 67.9736 
0.999955 -0.00160947 -0.00938006 -1.63936 0.00169394 0.999958 0.00899964 -0.962239 0.00936514 -0.00901508 0.999916 69.1828 
0.999958 0.000704275 -0.00917716 -1.68074 -0.00061818 0.999956 0.00937632 -0.974249 0.00918332 -0.0093702 0.999914 70.388 
0.999959 0.00270223 -0.00861269 -1.72479 -0.00262031 0.999951 0.00950382 -0.984637 0.00863791 -0.00948082 0.999918 71.5791 
0.999959 0.00444551 -0.00794873 -1.76789 -0.00436638 0.999941 0.00993932 -0.993866 0.0079924 -0.00990416 0.999919 72.7726 
0.999964 0.00528805 -0.00663805 -1.80239 -0.00521644 0.999929 0.0107523 -1.00226 0.00669439 -0.0107172 0.99992 73.9632 
0.999966 0.00680963 -0.00463486 -1.83164 -0.00675606 0.999911 0.0114687 -1.01226 0.00471251 -0.0114369 0.999924 75.1607 
0.999984 0.00537943 -0.00183915 -1.85861 -0.00536204 0.999942 0.00930888 -1.02443 0.00188908 -0.00929883 0.999955 76.3529 
0.999996 0.00251192 0.000928305 -1.87867 -0.00251598 0.999987 0.00444354 -1.03782 -0.000917174 -0.00444582 0.99999 77.531 
0.999988 0.00355924 0.00340073 -1.89695 -0.00357221 0.999986 0.00382937 -1.05021 -0.00338709 -0.00384143 0.999987 78.709 
0.999977 0.00263678 0.00627505 -1.91131 -0.00268392 0.999968 0.00752106 -1.06955 -0.00625506 -0.00753769 0.999952 79.8932 
0.999947 0.00307329 0.00980657 -1.92612 -0.00315965 0.999956 0.00880741 -1.08234 -0.00977911 -0.00883789 0.999913 81.0642 
0.999892 0.00355192 0.0142622 -1.93436 -0.00365068 0.99997 0.00690791 -1.09345 -0.0142372 -0.00695919 0.999874 82.2337 
0.999829 0.00292077 0.018246 -1.93538 -0.00299256 0.999988 0.00391067 -1.11017 -0.0182344 -0.00396456 0.999826 83.3985 
0.999759 0.00149163 0.0219052 -1.93158 -0.00150699 0.999999 0.000686748 -1.12991 -0.0219042 -0.000719552 0.99976 84.5566 
0.999665 0.00124827 0.0258584 -1.92695 -0.00124103 0.999999 -0.000294522 -1.15178 -0.0258588 0.000262374 0.999666 85.7096 
0.99956 0.000883105 0.0296399 -1.91289 -0.000928863 0.999998 0.00153153 -1.17281 -0.0296385 -0.00155835 0.99956 86.8685 
0.999425 0.00215467 0.0338399 -1.90613 -0.00222073 0.999996 0.00191596 -1.19344 -0.0338357 -0.00198996 0.999425 88.0446 
0.999269 0.00179061 0.0381834 -1.89402 -0.00178616 0.999998 -0.000149632 -1.21532 -0.0381837 8.13623e-05 0.999271 89.2182 
0.999125 0.00159238 0.0417879 -1.86989 -0.00149053 0.999996 -0.00246728 -1.23775 -0.0417917 0.00240288 0.999123 90.3866 
0.998991 0.00151227 0.0448767 -1.83537 -0.00138827 0.999995 -0.00279337 -1.25929 -0.0448807 0.0027283 0.998989 91.5525 
0.998857 9.04764e-05 0.0477995 -1.79944 -1.5042e-05 0.999999 -0.00157759 -1.28092 -0.0477996 0.00157511 0.998856 92.7197 
0.998737 -0.000642282 0.0502397 -1.75401 0.00064806 1 -9.78453e-05 -1.30082 -0.0502397 0.000130321 0.998737 93.8911 
0.998604 -0.00143228 0.052799 -1.70858 0.00135183 0.999998 0.00156017 -1.31857 -0.0528011 -0.00148658 0.998604 95.0644 
0.998467 -0.00306593 0.0552689 -1.66847 0.00292446 0.999992 0.0026411 -1.33948 -0.0552766 -0.00247537 0.998468 96.2294 
0.998343 -0.00410077 0.0573939 -1.61262 0.00408267 0.999992 0.000433462 -1.35816 -0.0573952 -0.000198382 0.998352 97.4098 
0.998194 -0.00523115 0.0598427 -1.56821 0.00542994 0.99998 -0.00315894 -1.37611 -0.0598251 0.00347821 0.998203 98.5741 
0.998086 -0.00461033 0.0616729 -1.51283 0.00499654 0.999969 -0.00610871 -1.39684 -0.0616429 0.0064052 0.998078 99.7493 
0.997974 -0.00465192 0.063447 -1.46322 0.00510218 0.999963 -0.00693567 -1.42346 -0.0634125 0.00724538 0.997961 100.937 
0.997948 -0.00464077 0.0638567 -1.41154 0.00506198 0.999967 -0.00643525 -1.44751 -0.0638247 0.00674533 0.997938 102.141 
0.997991 -0.00437305 0.063201 -1.36254 0.0046778 0.999978 -0.00467413 -1.47304 -0.0631792 0.00496043 0.99799 103.358 
0.998071 -0.00497006 0.0618801 -1.30753 0.00518083 0.999981 -0.00324547 -1.49559 -0.0618629 0.00355984 0.998078 104.571 
0.998188 -0.00460599 0.0599953 -1.25708 0.00476076 0.999986 -0.0024363 -1.5164 -0.0599833 0.00271755 0.998196 105.783 
0.998323 -0.00466589 0.0577043 -1.22232 0.00478547 0.999987 -0.00193344 -1.53748 -0.0576946 0.00220638 0.998332 107.031 
0.9985 -0.00414628 0.0546032 -1.17557 0.00426738 0.999989 -0.00210058 -1.55477 -0.0545939 0.00233048 0.998506 108.268 
0.998697 -0.00277306 0.0509658 -1.14564 0.00290932 0.999992 -0.00259869 -1.5754 -0.0509582 0.00274362 0.998697 109.487 
0.998891 -0.0023585 0.0470186 -1.10626 0.0024737 0.999994 -0.00239114 -1.59171 -0.0470128 0.00250484 0.998891 110.726 
0.999076 -0.00188497 0.0429311 -1.07212 0.00194786 0.999997 -0.00142198 -1.61194 -0.0429284 0.00150433 0.999077 111.964 
0.999247 -0.00139026 0.0387874 -1.04717 0.00142216 0.999999 -0.000793854 -1.6308 -0.0387863 0.000848459 0.999247 113.185 
0.999397 -0.00134848 0.0347093 -1.04535 0.0013576 0.999999 -0.000237732 -1.65033 -0.034709 0.000284751 0.999397 114.429 
0.99955 -0.000635569 0.0300049 -1.02901 0.000643631 1 -0.000257576 -1.66855 -0.0300048 0.000276813 0.99955 115.669 
0.999684 0.000170839 0.0251535 -1.02382 -0.000161207 1 -0.000383268 -1.69276 -0.0251536 0.000379134 0.999684 116.926 
0.999796 0.000538724 0.0202095 -1.01855 -0.000522046 1 -0.000828382 -1.71049 -0.02021 0.000817704 0.999795 118.19 
0.999877 0.00151968 0.0156417 -1.02735 -0.00149762 0.999998 -0.00141929 -1.73112 -0.0156439 0.00139573 0.999877 119.448 
0.999916 0.00354882 0.0124609 -1.0417 -0.00352737 0.999992 -0.00173966 -1.74889 -0.012467 0.0016956 0.999921 120.693 
0.999931 0.0054936 0.0103578 -1.05558 -0.0054773 0.999984 -0.00159789 -1.77331 -0.0103665 0.00154109 0.999945 121.966 
0.999933 0.00664503 0.00946715 -1.07522 -0.00662714 0.999976 -0.00191453 -1.79412 -0.00947969 0.00185171 0.999953 123.241 
0.999926 0.00882098 0.00838425 -1.08639 -0.0088061 0.99996 -0.00180448 -1.81504 -0.00839987 0.00173055 0.999963 124.511 
0.999921 0.0101012 0.0075496 -1.10511 -0.0100938 0.999949 -0.00100622 -1.83802 -0.00755942 0.000929979 0.999971 125.779 
0.999924 0.0101078 0.0070804 -1.12 -0.0101041 0.999949 -0.0005491 -1.86155 -0.00708563 0.000477559 0.999975 127.041 
0.999889 0.0135862 0.00618648 -1.13962 -0.0135954 0.999907 0.00146568 -1.88057 -0.00616603 -0.00154958 0.99998 128.304 
0.999878 0.014583 0.00556502 -1.16354 -0.0146081 0.999883 0.00450094 -1.89279 -0.00549877 -0.00458165 0.999974 129.586 
0.999899 0.0133607 0.00493995 -1.18334 -0.0133806 0.999902 0.00402425 -1.90577 -0.00488574 -0.0040899 0.99998 130.861 
0.999903 0.0133176 0.00413759 -1.20067 -0.0133281 0.999908 0.00252842 -1.92023 -0.00410358 -0.00258328 0.999988 132.135 
0.99994 0.0104221 0.00344509 -1.22508 -0.0104338 0.99994 0.00342645 -1.93154 -0.00340921 -0.00346215 0.999988 133.419 
0.999965 0.00802623 0.00225556 -1.24728 -0.00803817 0.999953 0.00535568 -1.94898 -0.00221251 -0.00537358 0.999983 134.72 
0.999988 0.00455319 0.00178919 -1.26928 -0.00456561 0.999965 0.00702403 -1.96021 -0.00175719 -0.00703207 0.999974 136.009 
0.999996 0.00247497 0.00136423 -1.29026 -0.00248605 0.999963 0.00821765 -1.97696 -0.00134389 -0.00822097 0.999965 137.301 
0.999997 -0.00174387 0.00149205 -1.30583 0.00173443 0.999978 0.00633812 -1.98833 -0.00150311 -0.00633548 0.999979 138.58 
0.99999 -0.0042351 0.00168072 -1.3254 0.00422601 0.999977 0.00539981 -2.00089 -0.0017036 -0.00539261 0.999984 139.859 
0.999982 -0.00571089 0.00186773 -1.34426 0.00570105 0.99997 0.0052561 -2.01628 -0.00189773 -0.00524532 0.999984 141.14 
0.99998 -0.00587999 0.00241522 -1.36716 0.00586658 0.999967 0.00553844 -2.02895 -0.00244775 -0.00552412 0.999982 142.424 
0.999983 -0.00522539 0.00271789 -1.38197 0.00520501 0.999959 0.00746835 -2.04116 -0.00275685 -0.00745403 0.999968 143.714 
0.99999 -0.00282486 0.00352384 -1.4069 0.00279363 0.999957 0.00885008 -2.05282 -0.00354873 -0.0088401 0.999955 145.007 
0.999987 -0.0031466 0.00412149 -1.42394 0.00311687 0.999969 0.00720908 -2.06975 -0.00414409 -0.00719609 0.999966 146.294 
0.999986 -0.00250233 0.00476292 -1.44615 0.0024777 0.999984 0.00517765 -2.08236 -0.00477584 -0.00516573 0.999975 147.592 
0.999981 -0.00281121 0.00545017 -1.46739 0.00279598 0.999992 0.00280795 -2.10304 -0.00545807 -0.00279262 0.999981 148.875 
0.999976 -0.00389076 0.0056937 -1.48064 0.00389873 0.999991 -0.00138161 -2.1223 -0.00568832 0.00140382 0.999983 150.168 
0.999974 -0.00385299 0.0061679 -1.49749 0.00388354 0.99998 -0.004941 -2.14701 -0.00614878 0.00496486 0.999969 151.453 
0.999971 -0.00407795 0.00639054 -1.51525 0.00411556 0.999974 -0.00587698 -2.17638 -0.00636645 0.00590315 0.999962 152.744 
0.99997 -0.00436742 0.00643045 -1.53258 0.00440305 0.999975 -0.00553037 -2.20926 -0.00640618 0.00555856 0.999964 154.031 
0.999972 -0.00389376 0.00633152 -1.55047 0.00392614 0.999979 -0.00510217 -2.23923 -0.00631156 0.00512693 0.999967 155.313 
0.999976 -0.00307131 0.00620881 -1.56786 0.00309671 0.999987 -0.00407848 -2.26877 -0.00619624 0.00409765 0.999972 156.605 
0.999979 -0.00250071 0.00594992 -1.58689 0.00252206 0.99999 -0.00357618 -2.29627 -0.00594096 0.00359115 0.999976 157.894 
0.999984 -0.00243519 0.00510379 -1.59752 0.00245551 0.999989 -0.00396938 -2.32552 -0.00509411 0.00398189 0.999979 159.156 
0.999989 -0.00193895 0.00435755 -1.6137 0.00195493 0.999991 -0.00365771 -2.3525 -0.00435047 0.00366623 0.999984 160.43 
0.99999 -0.00242786 0.00386116 -1.6398 0.00243805 0.999994 -0.00262782 -2.37703 -0.0038548 0.00263725 0.999989 161.746 
0.999993 -0.00172285 0.00320641 -1.66168 0.00173023 0.999996 -0.00228563 -2.40565 -0.0032025 0.00229121 0.999992 163.024 
0.999996 -0.00131629 0.00258647 -1.68293 0.00132478 0.999994 -0.0032656 -2.43278 -0.0025822 0.00326905 0.999991 164.304 
0.999998 -0.00105084 0.00183434 -1.70531 0.00105915 0.999989 -0.00451071 -2.45926 -0.00182963 0.00451268 0.999988 165.569 
0.999999 -0.000294303 0.00114193 -1.7296 0.000299445 0.99999 -0.00446811 -2.48997 -0.00114064 0.00446849 0.999989 166.833 
1 -0.000765074 0.000506244 -1.75374 0.000767784 0.999986 -0.00528902 -2.52077 -0.000502233 0.00528945 0.999986 168.108 
1 -0.000371954 -0.000362485 -1.77616 0.00036968 0.99998 -0.00637111 -2.54916 0.000364805 0.00637102 0.99998 169.389 
0.999999 -0.000261111 -0.00112328 -1.80422 0.000254414 0.999982 -0.00599586 -2.58164 0.00112478 0.00599561 0.999981 170.676 
0.999998 -8.71629e-05 -0.00196421 -1.82907 7.79271e-05 0.999989 -0.00472331 -2.61112 0.00196455 0.00472319 0.999987 171.966 
0.999996 -0.00032788 -0.00297435 -1.85465 0.000314906 0.99999 -0.00437584 -2.6396 0.00297572 0.00437493 0.999986 173.239 
0.999992 2.12951e-05 -0.00400524 -1.87687 -3.75194e-05 0.999992 -0.00406135 -2.66642 0.00400508 0.00406151 0.999984 174.532 
0.999988 0.00037922 -0.00492334 -1.90655 -0.000398106 0.999993 -0.00384415 -2.69475 0.0049218 0.00384611 0.999981 175.812 
0.999986 0.000637838 -0.00521733 -1.94276 -0.000662488 0.999989 -0.00473251 -2.72226 0.00521421 0.00473594 0.999975 177.091 
0.999983 0.00160758 -0.00566261 -1.97829 -0.00163728 0.999985 -0.00525255 -2.75076 0.00565404 0.00526177 0.99997 178.37 
0.999981 0.00168046 -0.00591113 -2.01404 -0.00170924 0.999987 -0.00487445 -2.78106 0.00590281 0.0048845 0.999971 179.652 
0.999981 0.00141299 -0.00607035 -2.04617 -0.00144936 0.999981 -0.00599877 -2.81165 0.00606172 0.00600749 0.999964 180.935 
0.99998 8.99201e-05 -0.00632104 -2.07443 -0.000137807 0.999971 -0.00758248 -2.84085 0.00632013 0.00758324 0.999951 182.213 
0.999972 -0.00314917 -0.00673127 -2.10029 0.00309957 0.999968 -0.00737409 -2.87301 0.00675423 0.00735307 0.99995 183.489 
0.99997 -0.00279368 -0.0071704 -2.1308 0.00276824 0.99999 -0.0035619 -2.90422 0.00718024 0.00354199 0.999968 184.761 
0.999968 -0.00363059 -0.00710937 -2.16285 0.00363623 0.999993 0.000774511 -2.93129 0.00710647 -0.000800295 0.999974 186.036 
0.999974 -0.00126166 -0.00708356 -2.19502 0.00126247 0.999999 0.000104556 -2.94979 0.00708338 -0.000113454 0.999975 187.292 
0.999976 8.31216e-05 -0.00692924 -2.23089 -0.000105339 0.999995 -0.00321208 -2.97302 0.0069289 0.00321278 0.999971 188.534 
0.999972 0.000705567 -0.00740658 -2.26179 -0.000743688 0.999986 -0.00515119 -2.99717 0.0074028 0.0051566 0.999959 189.783 
0.999972 0.000285763 -0.00748453 -2.29606 -0.000321591 0.999989 -0.00479179 -3.02694 0.00748303 0.00479411 0.999961 191.032 
0.999974 0.000174024 -0.00723422 -2.32884 -0.000199562 0.999994 -0.00353547 -3.05853 0.00723352 0.00353687 0.999968 192.294 
0.999977 0.000351626 -0.00684625 -2.3626 -0.000361699 0.999999 -0.00147633 -3.08666 0.00684568 0.00147881 0.999976 193.549 
0.999982 -0.000282454 -0.00605772 -2.38982 0.000278632 1 -0.00063869 -3.11293 0.00605785 0.000637033 0.999981 194.813 
0.99999 -0.000325783 -0.00436713 -2.42336 0.000320507 0.999999 -0.00121849 -3.14048 0.00436748 0.00121712 0.99999 196.061 
0.999994 -0.00147391 -0.00300741 -2.449 0.00146618 0.999996 -0.0025864 -3.16827 0.00301117 0.00258201 0.999992 197.312 
0.999997 -0.00171718 -0.00173059 -2.47522 0.0017104 0.999991 -0.00393444 -3.20039 0.00173729 0.00393151 0.999991 198.545 
0.999997 -0.00237893 -0.00031662 -2.49786 0.00237758 0.999988 -0.00431939 -3.23119 0.00032685 0.00431866 0.999991 199.767 
0.999998 -0.00183322 0.00116847 -2.5242 0.0018376 0.999991 -0.00372278 -3.25822 -0.00116167 0.00372496 0.999992 200.998 
0.999994 -0.00239922 0.00253431 -2.54463 0.00240332 0.999996 -0.00159926 -3.29052 -0.00253051 0.00160539 0.999996 202.219 
0.999993 -0.00134847 0.0034139 -2.56278 0.00135258 0.999998 -0.00118866 -3.31568 -0.00341234 0.00119332 0.999994 203.434 
0.99999 -0.00166279 0.00423712 -2.5746 0.0016677 0.999998 -0.0011451 -3.3413 -0.00423525 0.0011522 0.99999 204.641 
0.999986 -0.0011056 0.00512889 -2.58644 0.00111065 0.999999 -0.000972807 -3.36711 -0.00512785 0.000978532 0.999986 205.873 
0.99998 -0.00127615 0.00625594 -2.60461 0.00128098 0.999999 -0.000760741 -3.39095 -0.006255 0.000768781 0.99998 207.085 
0.999973 -0.00105831 0.00730917 -2.62405 0.0010645 0.999999 -0.000836339 -3.41845 -0.00730832 0.000844139 0.999973 208.289 
0.999967 -0.00140479 0.00799541 -2.63617 0.00141034 0.999999 -0.000683281 -3.44583 -0.00799448 0.000694577 0.999968 209.481 
0.999961 -0.00244005 0.00849909 -2.64605 0.00244479 0.999997 -0.000542192 -3.47263 -0.00849778 0.000562991 0.999964 210.665 
0.99996 -0.00270858 0.00848109 -2.65132 0.0027067 0.999996 0.000237967 -3.49838 -0.00848174 -0.000214959 0.999964 211.835 
0.999963 -0.00327262 0.00800589 -2.65911 0.0032618 0.999994 0.00136901 -3.52355 -0.00801037 -0.0013428 0.999967 212.977 
0.999969 -0.00308032 0.00721788 -2.67047 0.00307067 0.999994 0.00135379 -3.54946 -0.00722205 -0.00133154 0.999973 214.102 
0.999975 -0.00283515 0.00653541 -2.68014 0.00283153 0.999996 0.00056901 -3.57488 -0.00653704 -0.000550448 0.999979 215.209 
0.999977 -0.00268691 0.00625505 -2.7002 0.00268745 0.999996 -7.07641e-05 -3.60064 -0.00625488 8.76147e-05 0.99998 216.325 
0.99998 -0.00269871 0.00580644 -2.71963 0.00269987 0.999996 -0.000185119 -3.62733 -0.00580596 0.000200833 0.999983 217.422 
0.999986 -0.00316121 0.00430553 -2.73225 0.00316187 0.999995 -0.000136806 -3.65099 -0.00430512 0.00015046 0.999991 218.485 
0.999991 -0.0036519 0.00225029 -2.7423 0.00365054 0.999993 0.000627658 -3.6733 -0.00225261 -0.000619395 0.999997 219.54 
0.999988 -0.0048463 -0.000160394 -2.753 0.00484668 0.999986 0.00221676 -3.69354 0.000149606 -0.00221747 0.999998 220.597 
0.999987 -0.00445202 -0.00244221 -2.77531 0.00446161 0.999982 0.00392049 -3.71419 0.00242467 -0.00393129 0.999989 221.645 
0.99998 -0.00412469 -0.00489731 -2.80023 0.00414413 0.999984 0.00395621 -3.73404 0.00488087 -0.00397638 0.99998 222.676 
0.999963 -0.00396268 -0.00766747 -2.82063 0.00398982 0.999986 0.00352295 -3.75381 0.00765335 -0.00355337 0.999964 223.691 
0.999934 -0.00407999 -0.0107585 -2.84174 0.00411951 0.999985 0.00364902 -3.77109 0.0107434 -0.00369306 0.999936 224.687 
0.999899 -0.00355071 -0.013779 -2.86868 0.00360794 0.999985 0.00412809 -3.78934 0.0137641 -0.00417734 0.999897 225.656 
0.999848 -0.00342615 -0.0170951 -2.8848 0.00349484 0.999986 0.00398767 -3.81129 0.0170811 -0.00404677 0.999846 226.624 
0.999775 -0.00372194 -0.0208762 -2.91159 0.00379668 0.999987 0.00353958 -3.83055 0.0208627 -0.003618 0.999776 227.535 
0.999694 -0.00397575 -0.0244154 -2.94235 0.00404938 0.999987 0.002965 -3.84962 0.0244032 -0.00306292 0.999698 228.431 
0.999611 -0.00291888 -0.0277367 -2.98113 0.0029978 0.999992 0.00280272 -3.86886 0.0277283 -0.00288473 0.999611 229.295 
0.999518 -0.0026753 -0.0309314 -3.02135 0.00274558 0.999994 0.00222855 -3.88866 0.0309252 -0.00231236 0.999519 230.134 
0.999462 -0.000598963 -0.0328026 -3.07201 0.000670913 0.999997 0.00218118 -3.9052 0.0328012 -0.00220197 0.99946 230.957 
0.999443 0.000137042 -0.0333846 -3.11568 -4.83047e-05 0.999997 0.00265757 -3.92141 0.0333848 -0.00265444 0.999439 231.767 
0.999449 7.99343e-05 -0.0331815 -3.15627 4.48583e-05 0.999993 0.00375889 -3.93821 0.0331815 -0.00375827 0.999442 232.55 
0.999475 0.000387927 -0.0323858 -3.19992 -0.000240364 0.99999 0.00455889 -3.9537 0.0323872 -0.00454867 0.999465 233.319 
0.99949 0.000369692 -0.0319256 -3.23877 -0.000238092 0.999992 0.00412448 -3.96805 0.0319268 -0.00411473 0.999482 234.067 
0.9995 0.000795282 -0.031615 -3.27653 -0.000726298 0.999997 0.00219212 -3.98262 0.0316166 -0.00216802 0.999498 234.803 
0.999526 0.000861395 -0.0307744 -3.31255 -0.000857454 1 0.000139893 -3.99794 0.0307745 -0.000113397 0.999526 235.535 
0.999563 0.00076023 -0.0295598 -3.34895 -0.000793653 0.999999 -0.00112039 -4.01458 0.0295589 0.0011434 0.999562 236.263 
0.999601 0.00131179 -0.0282175 -3.38324 -0.00135639 0.999998 -0.00156327 -4.02986 0.0282154 0.00160096 0.999601 236.989 
0.999647 0.000793075 -0.0265459 -3.40968 -0.000838898 0.999998 -0.00171666 -4.04348 0.0265445 0.00173837 0.999646 237.723 
0.999695 0.000623557 -0.0246823 -3.43788 -0.00066732 0.999998 -0.00176655 -4.05768 0.0246811 0.00178253 0.999694 238.448 
0.999739 0.000694832 -0.0228312 -3.46316 -0.000740536 0.999998 -0.00199527 -4.07273 0.0228297 0.0020117 0.999737 239.173 
0.999784 0.000467632 -0.0207653 -3.48751 -0.000514627 0.999997 -0.00225989 -4.08773 0.0207641 0.00227013 0.999782 239.895 
0.999841 0.000541854 -0.0178259 -3.51291 -0.000574164 0.999998 -0.00180981 -4.10342 0.0178248 0.0018198 0.99984 240.622 
0.999893 -0.000429364 -0.0146447 -3.53201 0.00041032 0.999999 -0.00130628 -4.11423 0.0146453 0.00130017 0.999892 241.346 
0.999932 -0.00136901 -0.0116033 -3.55178 0.00135801 0.999999 -0.000958927 -4.12863 0.0116046 0.000943146 0.999932 242.068 
0.999962 -0.00164034 -0.00858436 -3.56537 0.00163246 0.999998 -0.000930069 -4.1428 0.00858582 0.000916062 0.999963 242.774 
0.999983 -0.00194539 -0.0054969 -3.58191 0.00193835 0.999997 -0.00129397 -4.15568 0.00549936 0.00128334 0.999984 243.476 
0.999995 -0.00201727 -0.00235165 -3.59701 0.00201358 0.999997 -0.00159027 -4.16718 0.0023548 0.00158557 0.999996 244.171 
0.999999 -0.00115666 0.000754594 -3.61035 0.00115852 0.999996 -0.0024187 -4.18091 -0.000751836 0.00241962 0.999997 244.859 
0.999992 -0.000895698 0.00385414 -3.61944 0.0009075 0.999995 -0.0030502 -4.19398 -0.00385143 0.00305371 0.999988 245.564 
0.999976 -0.000867036 0.00682717 -3.62822 0.000881662 0.999997 -0.00213341 -4.20846 -0.00682535 0.00213943 0.999974 246.271 
0.999953 -0.000449033 0.00973514 -3.63498 0.000464003 0.999999 -0.00153115 -4.22162 -0.00973448 0.00153564 0.999951 246.977 
0.999925 -0.000644601 0.0122534 -3.64011 0.000665148 0.999998 -0.00166931 -4.23588 -0.0122523 0.00167738 0.999924 247.68 
0.999891 -0.00039771 0.0147503 -3.6432 0.000446216 0.999995 -0.00328241 -4.24904 -0.014749 0.00328867 0.999886 248.387 
0.999865 9.86503e-06 0.0164516 -3.64314 8.46456e-05 0.999984 -0.00574146 -4.26167 -0.0164514 0.00574212 0.999848 249.098 
0.999845 -0.0011427 0.0175527 -3.64106 0.00127021 0.999973 -0.00725299 -4.27645 -0.017544 0.0072742 0.99982 249.815 
0.999843 -0.000950569 0.017677 -3.63919 0.00108665 0.99997 -0.00768771 -4.29221 -0.0176692 0.00770575 0.999814 250.536 
0.999839 -0.00188608 0.0178246 -3.6391 0.00203023 0.999965 -0.00807057 -4.30986 -0.0178088 0.0081055 0.999809 251.259 
0.999836 -0.000652079 0.0180747 -3.63859 0.000804307 0.999964 -0.00841379 -4.32737 -0.0180686 0.00842699 0.999801 251.995 
0.999829 0.00018061 0.0184864 -3.64033 -1.4834e-05 0.99996 -0.00896488 -4.34576 -0.0184873 0.00896311 0.999789 252.727 
0.999819 -0.000745676 0.0190378 -3.64988 0.000954066 0.99994 -0.0109371 -4.36041 -0.0190285 0.0109534 0.999759 253.493 
0.999794 -0.00461495 0.0197713 -3.65583 0.00487485 0.999902 -0.0131149 -4.37801 -0.0197089 0.0132086 0.999719 254.264 
0.999757 -0.00777652 0.02061 -3.64967 0.00806382 0.999871 -0.0138911 -4.39749 -0.0204994 0.014054 0.999691 255.031 
0.999753 -0.00510347 0.0216334 -3.65941 0.00532431 0.999934 -0.0101607 -4.41098 -0.0215801 0.0102735 0.999714 255.81 
0.999744 -0.00132401 0.0226097 -3.67483 0.0014147 0.999991 -0.00399394 -4.43111 -0.0226042 0.00402494 0.999736 256.59 
0.999719 -0.00203992 0.0236283 -3.67239 0.00205228 0.999998 -0.000496844 -4.44915 -0.0236273 0.000545237 0.999721 257.385 
0.999655 -0.00292974 0.0260907 -3.66134 0.00299646 0.999992 -0.00251656 -4.46448 -0.0260832 0.00259391 0.999656 258.178 
0.999533 -0.00169662 0.0305012 -3.65549 0.00196566 0.999959 -0.00879128 -4.47649 -0.0304851 0.00884718 0.999496 258.974 
0.999409 0.000443815 0.0343839 -3.64853 -1.91955e-05 0.999924 -0.0123474 -4.49341 -0.0343868 0.0123395 0.999332 259.78 
0.999283 0.00194873 0.037823 -3.63636 -0.0014864 0.999924 -0.0122465 -4.51185 -0.037844 0.0121816 0.999209 260.6 
0.999141 0.000200297 0.0414333 -3.61984 0.000207749 0.999952 -0.00984265 -4.53497 -0.0414333 0.00984285 0.999093 261.432 
0.999005 -0.00333518 0.044469 -3.59353 0.00362919 0.999972 -0.00653141 -4.55658 -0.0444461 0.00668634 0.998989 262.271 
0.998862 -0.00591937 0.0473155 -3.56215 0.00615753 0.999969 -0.00488841 -4.57542 -0.0472851 0.00517424 0.998868 263.115 
0.998715 -0.0054622 0.0503779 -3.53034 0.00569148 0.999974 -0.00440798 -4.59339 -0.0503526 0.00468908 0.998721 263.963 
0.9986 -0.00277598 0.0528283 -3.50043 0.00313309 0.999973 -0.00667744 -4.60736 -0.0528084 0.00683364 0.998581 264.812 
0.998476 -0.00209645 0.0551548 -3.4695 0.00259182 0.999957 -0.00891065 -4.62698 -0.0551338 0.00904006 0.998438 265.651 
0.998341 -0.00177028 0.0575483 -3.42788 0.00229456 0.999957 -0.00904482 -4.6443 -0.0575298 0.00916191 0.998302 266.509 
0.99815 -0.000875932 0.0608019 -3.40203 0.0013023 0.999975 -0.00697245 -4.66827 -0.0607943 0.00703877 0.998126 267.367 
0.997941 0.000475564 0.0641315 -3.36233 -0.000131577 0.999986 -0.00536722 -4.68845 -0.0641331 0.00534777 0.997927 268.225 
0.997742 0.00121627 0.0671568 -3.32314 -0.000843101 0.999984 -0.00558408 -4.70713 -0.0671626 0.00551489 0.997727 269.08 
0.99755 0.00141574 0.0699444 -3.28048 -0.000979063 0.99998 -0.00627645 -4.72295 -0.0699519 0.00619263 0.997531 269.928 
0.997346 -0.000198321 0.0728113 -3.23462 0.000686077 0.999978 -0.00667335 -4.7404 -0.0728084 0.00670563 0.997323 270.786 
0.997192 -0.00320021 0.0748169 -3.18682 0.0036674 0.999975 -0.00610728 -4.75523 -0.0747955 0.00636456 0.997179 271.636 
0.997102 -0.00439215 0.0759484 -3.13839 0.0048789 0.999969 -0.00622414 -4.77429 -0.0759187 0.00657669 0.997092 272.497 
0.997034 -0.00497823 0.0768016 -3.09035 0.00548022 0.999965 -0.00632625 -4.78936 -0.0767674 0.00672842 0.997026 273.352 
0.99698 -0.0048275 0.0775039 -3.04252 0.00534132 0.999965 -0.00642301 -4.8045 -0.0774702 0.00681763 0.996971 274.214 
0.996966 -0.00443338 0.0777136 -2.99818 0.00490536 0.999971 -0.0058828 -4.8224 -0.0776853 0.00624621 0.996958 275.074 
0.997006 -0.00438949 0.0771948 -2.94972 0.00482488 0.999974 -0.00545405 -4.8427 -0.0771688 0.00581022 0.997001 275.932 
0.99709 -0.0046637 0.0760957 -2.90172 0.00514837 0.999968 -0.00617371 -4.8644 -0.0760645 0.00654755 0.997081 276.791 
0.997215 -0.00433478 0.0744576 -2.85508 0.00487867 0.999963 -0.0071238 -4.8847 -0.074424 0.00746726 0.997199 277.654 
0.997327 -0.0035295 0.0729771 -2.81052 0.004109 0.999961 -0.00779164 -4.90732 -0.0729469 0.00807072 0.997303 278.511 
0.99745 -0.00266159 0.0713251 -2.76848 0.00323864 0.999963 -0.00797548 -4.93044 -0.0713013 0.00818618 0.997421 279.359 
0.997563 -0.00154074 0.0697567 -2.73041 0.00212442 0.999963 -0.00829341 -4.95018 -0.0697414 0.00842143 0.99753 280.223 
0.997706 -0.00113158 0.0676869 -2.69198 0.00166078 0.999969 -0.00776185 -4.97118 -0.067676 0.0078565 0.997676 281.083 
0.997879 -0.00136471 0.0650759 -2.66022 0.0017806 0.999978 -0.00633256 -4.99244 -0.0650659 0.00643505 0.99786 281.939 
0.998124 -0.00270855 0.0611649 -2.62503 0.00295177 0.999988 -0.00388574 -5.01574 -0.0611536 0.00405904 0.99812 282.795 
0.998385 -0.00390735 0.056681 -2.59841 0.00403606 0.99999 -0.00215567 -5.03553 -0.0566721 0.00238099 0.99839 283.642 
0.998636 -0.00445445 0.052015 -2.57101 0.00450929 0.999989 -0.000936098 -5.05319 -0.0520103 0.00116941 0.998646 284.486 
0.998863 -0.00473154 0.0474438 -2.55095 0.00474831 0.999989 -0.000239944 -5.07156 -0.0474422 0.000464991 0.998874 285.31 
0.999068 -0.00533111 0.0428312 -2.53314 0.00533023 0.999986 0.000135725 -5.0875 -0.0428314 9.27429e-05 0.999082 286.13 
0.999249 -0.00636223 0.0382227 -2.51808 0.00635479 0.99998 0.000317176 -5.103 -0.038224 -7.39993e-05 0.999269 286.937 
0.999393 -0.00666166 0.0341963 -2.5069 0.00666712 0.999978 -4.45512e-05 -5.1186 -0.0341952 0.000272556 0.999415 287.732 
0.999517 -0.00587215 0.0305246 -2.50272 0.00588106 0.999983 -0.000200835 -5.13401 -0.0305229 0.000380297 0.999534 288.503 
0.999629 -0.00574979 0.0266377 -2.49321 0.00575581 0.999983 -0.00014736 -5.1522 -0.0266365 0.000300668 0.999645 289.26 
0.999723 -0.00654377 0.0226217 -2.4851 0.00654682 0.999979 -5.91779e-05 -5.16932 -0.0226209 0.000207304 0.999744 289.998 
0.999802 -0.00745926 0.0184709 -2.48758 0.0074748 0.999972 -0.000770198 -5.18825 -0.0184647 0.000908154 0.999829 290.718 
0.99989 -0.00588869 0.0135842 -2.49297 0.0059187 0.99998 -0.00216684 -5.20633 -0.0135712 0.00224704 0.999905 291.414 
0.999966 -0.00426991 0.00706125 -2.5008 0.00429928 0.999982 -0.00414358 -5.22174 -0.00704348 0.00417384 0.999967 292.097 
0.999993 -0.00364811 -0.00126712 -2.51955 0.00364064 0.999976 -0.00588205 -5.23854 0.0012885 0.00587744 0.999982 292.759 
0.999922 -0.00394731 -0.0118353 -2.54612 0.00386457 0.999968 -0.00700909 -5.25503 0.0118625 0.00696284 0.999905 293.408 
0.999677 -0.00355787 -0.0251579 -2.58745 0.00337422 0.999967 -0.00733998 -5.27072 0.0251831 0.00725276 0.999657 294.057 
0.999116 -0.00237021 -0.0419646 -2.63663 0.00209142 0.999975 -0.0066872 -5.29051 0.0419794 0.00659356 0.999097 294.685 
0.998076 6.39473e-05 -0.0619958 -2.70137 -0.000434029 0.999982 -0.00595668 -5.30902 0.0619942 0.00597217 0.998059 295.313 
0.996415 0.00155083 -0.084584 -2.78888 -0.00208438 0.999979 -0.00622051 -5.3198 0.0845725 0.00637456 0.996397 295.944 
0.993911 0.00268827 -0.11015 -2.88302 -0.00341799 0.999973 -0.0064369 -5.3321 0.110129 0.00677425 0.993894 296.55 
0.990391 0.00384692 -0.13824 -2.99476 -0.00473908 0.99997 -0.0061254 -5.34548 0.138212 0.00672172 0.99038 297.144 
0.98554 0.00484808 -0.169372 -3.11873 -0.00575818 0.999972 -0.00488283 -5.359 0.169344 0.00578755 0.98554 297.737 
0.97906 0.00463615 -0.203519 -3.26205 -0.00540131 0.99998 -0.00320458 -5.36818 0.2035 0.00423679 0.979066 298.31 
0.970696 0.00465223 -0.240267 -3.41242 -0.0051709 0.999986 -0.00152852 -5.37914 0.240256 0.00272618 0.970706 298.867 
0.960394 0.00569048 -0.278586 -3.58702 -0.00567527 0.999984 0.000860987 -5.38613 0.278586 0.000754209 0.960411 299.411 
0.947872 0.00696263 -0.318577 -3.77131 -0.00624557 0.999975 0.00327212 -5.396 0.318592 -0.0011118 0.947891 299.94 
0.933163 0.0074371 -0.359376 -3.9809 -0.00585327 0.999968 0.00549501 -5.41275 0.359405 -0.00302417 0.933177 300.455 
0.91594 0.00756566 -0.401244 -4.20682 -0.00500252 0.99996 0.00743516 -5.4252 0.401284 -0.00480288 0.915941 300.965 
0.896063 0.0070477 -0.443871 -4.45389 -0.00353976 0.999956 0.00873117 -5.43254 0.443913 -0.00625243 0.896048 301.438 
0.872954 0.00616235 -0.487764 -4.71267 -0.00178942 0.999954 0.0094307 -5.43084 0.4878 -0.0073597 0.872925 301.91 
0.846708 0.00524813 -0.532031 -4.98684 0.000444879 0.999944 0.0105717 -5.43309 0.532057 -0.0091878 0.846659 302.358 
0.81731 0.00538941 -0.576172 -5.28922 0.00193665 0.999925 0.0121002 -5.43618 0.576194 -0.0110055 0.817239 302.786 
0.785268 0.00692015 -0.619118 -5.62969 0.00125932 0.999918 0.0127737 -5.44148 0.619155 -0.0108104 0.785194 303.161 
0.749582 0.00591673 -0.661885 -5.98089 0.00343188 0.999912 0.012825 -5.44401 0.661903 -0.0118848 0.749496 303.541 
0.709921 0.00511833 -0.704263 -6.30598 0.00762246 0.999859 0.0149503 -5.45367 0.70424 -0.0159817 0.709782 303.863 
0.666733 0.00459884 -0.745282 -6.69365 0.0136484 0.999738 0.0183788 -5.45594 0.745171 -0.0224256 0.666496 304.145 
0.619118 0.00509823 -0.785281 -7.09398 0.0176095 0.999637 0.0203733 -5.45021 0.7851 -0.0264418 0.618804 304.393 
0.568321 0.00869246 -0.822761 -7.51102 0.0171403 0.999602 0.0224004 -5.44783 0.822629 -0.0268329 0.567946 304.605 
0.515578 0.0150306 -0.856711 -7.944 0.0122388 0.999615 0.0249032 -5.44594 0.856755 -0.0233246 0.515195 304.778 
0.459651 0.0189414 -0.887898 -8.35622 0.00945883 0.999611 0.0262213 -5.43961 0.88805 -0.0204511 0.459293 304.946 
0.401771 0.0210794 -0.915497 -8.77526 0.00892722 0.999597 0.0269335 -5.43288 0.915697 -0.0189939 0.401421 305.085 
0.342567 0.0229598 -0.939213 -9.18539 0.0108578 0.999538 0.0283947 -5.42407 0.939431 -0.0199248 0.342159 305.204 
0.282726 0.026147 -0.958844 -9.60493 0.0129556 0.999433 0.0310739 -5.4166 0.959113 -0.0212078 0.282227 305.299 
0.221612 0.0297833 -0.97468 -10.0256 0.0151559 0.999308 0.0339818 -5.40544 0.975017 -0.0223029 0.221007 305.371 
0.157544 0.0329935 -0.986961 -10.4575 0.0176729 0.999187 0.0362233 -5.39595 0.987354 -0.0231491 0.156833 305.419 
0.0920103 0.036702 -0.995081 -10.899 0.0180991 0.999094 0.0385235 -5.38119 0.995594 -0.0215546 0.0912626 305.428 
0.0253507 0.0423808 -0.99878 -11.3565 0.0200934 0.998878 0.0428949 -5.36827 0.999477 -0.0211563 0.0244707 305.412 
-0.0429358 0.0488583 -0.997882 -11.8268 0.0220438 0.998607 0.0479453 -5.34832 0.998835 -0.0199386 -0.043953 305.363 
-0.111303 0.0557226 -0.992223 -12.3012 0.0243335 0.99828 0.0533331 -5.32949 0.993489 -0.0182081 -0.112468 305.279 
-0.179295 0.0618711 -0.981848 -12.7877 0.0267253 0.997958 0.058006 -5.30865 0.983432 -0.0158399 -0.180583 305.158 
-0.246308 0.0679803 -0.966805 -13.2752 0.0307003 0.997584 0.0623232 -5.28889 0.968705 -0.0143305 -0.2478 305.005 
-0.311549 0.0721698 -0.947485 -13.7681 0.034935 0.997308 0.0644775 -5.26065 0.949588 -0.0130125 -0.313232 304.814 
-0.373841 0.0743873 -0.924505 -14.2554 0.0385502 0.997163 0.0646451 -5.23051 0.926691 -0.0114728 -0.375649 304.582 
-0.433001 0.0746875 -0.898294 -14.7299 0.0416684 0.997155 0.0628219 -5.19747 0.90043 -0.0102284 -0.434881 304.311 
-0.488786 0.0743955 -0.869226 -15.2026 0.0438863 0.997193 0.0606697 -5.16116 0.871299 -0.00849258 -0.490678 304.004 
-0.540223 0.0744739 -0.83822 -15.679 0.0459985 0.9972 0.0589535 -5.12433 0.840264 -0.0067088 -0.542136 303.661 
-0.586248 0.0743437 -0.806713 -16.1453 0.0475158 0.997222 0.0573699 -5.08895 0.808737 -0.00469856 -0.588152 303.28 
-0.626665 0.0749626 -0.775675 -16.61 0.0485329 0.997185 0.0571602 -5.05535 0.777776 -0.00182548 -0.628539 302.863 
-0.663331 0.0787092 -0.744175 -17.0633 0.0530182 0.996897 0.0581804 -5.02429 0.746446 -0.000861953 -0.665446 302.418 
-0.699259 0.0856676 -0.709717 -17.5171 0.061217 0.996323 0.0599478 -4.98938 0.712242 -0.00152765 -0.701932 301.939 
-0.734132 0.0909886 -0.672883 -17.9705 0.0672845 0.995852 0.0612521 -4.95029 0.675665 -0.00030742 -0.737209 301.415 
-0.766203 0.092396 -0.635922 -18.406 0.0699872 0.995721 0.0603475 -4.91245 0.638776 0.00173211 -0.769391 300.852 
-0.795611 0.0891706 -0.599209 -18.8187 0.0695697 0.996013 0.055848 -4.88135 0.6018 0.00274646 -0.798642 300.253 
-0.822041 0.086569 -0.56281 -19.2198 0.0706467 0.996245 0.0500514 -4.85118 0.565029 0.00138367 -0.82507 299.612 
-0.846227 0.0818012 -0.526505 -19.6027 0.0692601 0.996649 0.043527 -4.8154 0.528302 0.000367942 -0.849057 298.93 
-0.867962 0.0793191 -0.490256 -19.9694 0.069392 0.996849 0.0384281 -4.78567 0.49176 -0.000665733 -0.870731 298.216 
-0.887831 0.0778394 -0.453538 -20.3195 0.068598 0.996965 0.0368208 -4.76082 0.455027 0.00157885 -0.890476 297.462 
-0.906271 0.0741282 -0.416147 -20.6468 0.0656954 0.997241 0.0345691 -4.73847 0.417562 0.00399002 -0.90864 296.671 
-0.922905 0.0736437 -0.377919 -20.9559 0.0664141 0.997274 0.0321471 -4.71397 0.379256 0.00456955 -0.92528 295.849 
-0.937871 0.0758654 -0.338588 -21.2378 0.0693312 0.9971 0.0313705 -4.69052 0.339986 0.00594679 -0.940412 294.989 
-0.950698 0.0792654 -0.299816 -21.4872 0.0734809 0.996829 0.0305381 -4.67205 0.301286 0.00700178 -0.953508 294.101 
-0.961834 0.0800583 -0.261661 -21.7078 0.0744101 0.996732 0.0314398 -4.64929 0.263323 0.0107697 -0.964648 293.177 
-0.97104 0.0829381 -0.224058 -21.8986 0.0778045 0.996466 0.0316602 -4.63198 0.225892 0.0133106 -0.974061 292.231 
-0.978781 0.082558 -0.187542 -22.0559 0.0782465 0.996474 0.0302904 -4.61434 0.189381 0.0149731 -0.98179 291.258 
-0.984831 0.0810557 -0.153422 -22.178 0.0780093 0.996619 0.0257827 -4.59292 0.154994 0.0134232 -0.987824 290.26 
