1 2.12261e-08 -2.11895e-08 0 2.12261e-08 1 2.10703e-08 0 -2.11895e-08 2.10703e-08 1 0 
0.999979 0.000475339 -0.0064812 -0.00980768 -0.000473189 1 0.000326646 -0.00100679 0.00648131 -0.00032353 0.999979 0.094937 
0.999907 0.00102906 -0.0135958 -0.0192119 -0.00102633 0.999999 0.000204159 -0.00171564 0.0135959 -0.000190144 0.999908 0.194315 
0.999775 0.00140644 -0.0211579 -0.0318304 -0.00141692 0.999999 -0.000482677 -0.00300688 0.0211572 0.00051259 0.999776 0.294579 
0.999533 0.001862 -0.0304916 -0.0460061 -0.00191841 0.999997 -0.00182231 -0.00408889 0.030488 0.00188 0.999533 0.401633 
0.999117 0.00194747 -0.0419732 -0.0648744 -0.00209195 0.999992 -0.00339942 -0.00461077 0.0419662 0.00348427 0.999113 0.521254 
0.998455 0.00186587 -0.0555383 -0.0888687 -0.00210665 0.999989 -0.0042779 -0.00505174 0.0555296 0.00438834 0.998447 0.65178 
0.997409 0.00174528 -0.0719209 -0.116961 -0.00206012 0.999989 -0.00430421 -0.00508917 0.0719125 0.00444127 0.997401 0.795386 
0.995887 0.000129891 -0.0906086 -0.149822 -0.000513841 0.999991 -0.00421459 -0.00740206 0.0906072 0.00424386 0.995878 0.953224 
0.993862 -0.00108677 -0.11062 -0.189017 0.000612779 0.999991 -0.00431911 -0.0104048 0.110624 0.00422486 0.993853 1.11806 
0.991138 -0.00119441 -0.13283 -0.238797 0.000583526 0.999989 -0.00463811 -0.0147352 0.132834 0.00451954 0.991128 1.2928 
0.987599 0.00242904 -0.156979 -0.299835 -0.00342121 0.999976 -0.00605072 -0.0200166 0.15696 0.00651278 0.987584 1.4705 
0.983213 0.00669264 -0.18234 -0.371916 -0.00821111 0.999938 -0.00757421 -0.0262847 0.182278 0.00894431 0.983206 1.65548 
0.977784 0.00956562 -0.209397 -0.449349 -0.0115864 0.999897 -0.00842614 -0.0335114 0.209295 0.0106651 0.977795 1.84574 
0.970996 0.010266 -0.238877 -0.531365 -0.0126941 0.999882 -0.00862857 -0.0361955 0.23876 0.0114107 0.971012 2.04628 
0.96288 0.0121581 -0.269654 -0.62651 -0.0148839 0.999857 -0.00806602 -0.0409924 0.269518 0.0117802 0.962923 2.2505 
0.953342 0.0138356 -0.301576 -0.73377 -0.0167684 0.999834 -0.00713813 -0.0424472 0.301427 0.0118621 0.953416 2.45866 
0.941966 0.0160173 -0.335325 -0.84705 -0.0191695 0.999798 -0.00609265 -0.0436301 0.33516 0.0121671 0.942083 2.6674 
0.929298 0.018242 -0.368881 -0.968966 -0.0218799 0.999745 -0.00568097 -0.0455051 0.368683 0.0133504 0.929459 2.87072 
0.915241 0.0209168 -0.402364 -1.10198 -0.0250911 0.999672 -0.00510603 -0.0442509 0.402125 0.014769 0.915466 3.07596 
0.898919 0.0213372 -0.437595 -1.23818 -0.0259054 0.999654 -0.00447234 -0.0424478 0.437348 0.0153564 0.899161 3.28054 
0.880112 0.0166614 -0.474473 -1.37795 -0.0217037 0.999751 -0.00515186 -0.0412492 0.474269 0.0148321 0.880255 3.48757 
0.858421 0.0114278 -0.512819 -1.52745 -0.01671 0.999844 -0.00569067 -0.0414635 0.512674 0.0134543 0.858478 3.69015 
0.832861 0.0129559 -0.553331 -1.69854 -0.0171956 0.999849 -0.00247158 -0.0458059 0.553216 0.0115734 0.832958 3.8868 
0.803041 0.0183122 -0.595642 -1.89069 -0.0218882 0.99976 0.00122673 -0.0502395 0.595521 0.0120525 0.803249 4.07802 
0.769697 0.0211778 -0.638058 -2.09716 -0.0249735 0.999683 0.0030546 -0.0533672 0.637921 0.0135835 0.769982 4.25966 
0.732918 0.0205353 -0.680007 -2.31639 -0.024443 0.999694 0.00384452 -0.0545528 0.679878 0.0138037 0.733196 4.43835 
0.692271 0.0163197 -0.721453 -2.54884 -0.0183062 0.99982 0.0050507 -0.0547802 0.721405 0.00971068 0.692445 4.62111 
0.648767 0.0129124 -0.760878 -2.80296 -0.0130534 0.999898 0.00583865 -0.0542827 0.760875 0.00614416 0.648869 4.79575 
0.603423 0.0124781 -0.797324 -3.0803 -0.0101905 0.999917 0.00793631 -0.0543998 0.797356 0.00333624 0.6035 4.95189 
0.554721 0.0131286 -0.831933 -3.37311 -0.00758844 0.999914 0.0107196 -0.0523506 0.832002 0.000366738 0.554772 5.09582 
0.503536 0.0138023 -0.863864 -3.68298 -0.00605232 0.999904 0.0124481 -0.0479249 0.863953 -0.00103962 0.503572 5.21614 
0.450562 0.0152299 -0.892615 -4.01275 -0.00550054 0.999883 0.0142837 -0.041273 0.892728 -0.00152577 0.450593 5.32461 
0.395808 0.0172376 -0.918172 -4.36438 -0.00447753 0.999848 0.0168408 -0.0352867 0.918322 -0.00255452 0.395825 5.42107 
0.340285 0.0193068 -0.940124 -4.72857 -0.00394506 0.99981 0.0191046 -0.0314089 0.940314 -0.00279209 0.340296 5.49778 
0.285184 0.0223156 -0.958213 -5.11242 -0.00169041 0.999739 0.0227796 -0.0286601 0.958471 -0.00487655 0.285147 5.56059 
0.23151 0.0241703 -0.972532 -5.50865 0.00254238 0.999673 0.02545 -0.0239059 0.972829 -0.00836444 0.231373 5.60817 
0.180429 0.0246381 -0.983279 -5.92109 0.00517219 0.999649 0.0259973 -0.0206705 0.983574 -0.00977634 0.180239 5.64227 
0.133138 0.0255373 -0.990769 -6.34837 0.00284402 0.999654 0.0261485 -0.0135148 0.991094 -0.00629908 0.133019 5.64818 
0.0906718 0.025699 -0.995549 -6.79082 0.000911334 0.999664 0.0258883 -0.00425763 0.99588 -0.00325457 0.090618 5.6424 
0.0525977 0.0241672 -0.998323 -7.25041 -0.000399855 0.999708 0.0241796 0.00607772 0.998616 -0.000872565 0.052592 5.63005 
0.0180042 0.0213857 -0.999609 -7.71925 0.000423357 0.999771 0.0213968 0.0145828 0.999838 -0.000808379 0.017991 5.607 
-0.0134832 0.0187288 -0.999734 -8.2043 0.000607872 0.999825 0.0187223 0.0200098 0.999909 -0.000355232 -0.0134923 5.57078 
-0.040102 0.0168608 -0.999053 -8.70412 -5.0839e-05 0.999858 0.0168765 0.0247554 0.999196 0.000727612 -0.0400955 5.52153 
-0.0610457 0.0145733 -0.998029 -9.21379 -0.000393446 0.999893 0.0146246 0.0329796 0.998135 0.00128548 -0.0610335 5.46584 
-0.0775216 0.0137611 -0.996896 -9.73871 3.33855e-05 0.999905 0.0138 0.043183 0.996991 0.00103656 -0.0775147 5.40527 
-0.090774 0.0141981 -0.99577 -10.2802 0.000956484 0.999899 0.0141698 0.0504017 0.995871 0.00033385 -0.0907784 5.34129 
-0.100395 0.015389 -0.994829 -10.8392 -0.000428755 0.99988 0.0155104 0.0475145 0.994948 0.00198374 -0.100376 5.26576 
-0.107203 0.016615 -0.994098 -11.4108 -0.00234878 0.999853 0.0169645 0.0480237 0.994234 0.00415361 -0.107149 5.18541 
-0.111787 0.017581 -0.993577 -12.003 -0.00227321 0.999836 0.0179475 0.0528674 0.99373 0.00426494 -0.111729 5.1038 
-0.113362 0.01833 -0.993385 -12.5981 0.000164593 0.99983 0.0184302 0.0602941 0.993554 0.00192582 -0.113346 5.03382 
-0.112586 0.0205201 -0.99343 -13.2218 0.00224653 0.999789 0.0203968 0.0685224 0.993639 6.46781e-05 -0.112609 4.95731 
-0.111281 0.0229862 -0.993523 -13.8618 0.00154132 0.999735 0.0229573 0.0729134 0.993788 0.00102342 -0.111287 4.87546 
-0.109883 0.0227261 -0.993685 -14.5179 -0.00041441 0.999737 0.0229104 0.0801389 0.993944 0.0029293 -0.109845 4.79023 
-0.108443 0.020094 -0.9939 -15.1833 -0.0020718 0.999789 0.0204391 0.0888352 0.994101 0.00427568 -0.108379 4.7047 
-0.107317 0.0198366 -0.994027 -15.8674 -0.00235154 0.999793 0.0202055 0.100213 0.994222 0.00450594 -0.107249 4.62078 
-0.105603 0.0225247 -0.994153 -16.5693 -0.00180602 0.999737 0.0228431 0.11406 0.994407 0.00420781 -0.105535 4.53516 
-0.103844 0.0258546 -0.994258 -17.2886 -0.00257906 0.999652 0.0262642 0.125811 0.99459 0.00529167 -0.103741 4.44754 
-0.102147 0.0279721 -0.994376 -18.0211 -0.00285438 0.999592 0.028412 0.133519 0.994765 0.00574057 -0.102026 4.35905 
-0.100349 0.0271493 -0.994582 -18.7616 -0.00457744 0.999605 0.0277483 0.146655 0.994942 0.00733717 -0.100185 4.26826 
-0.0986748 0.0239814 -0.994831 -19.5174 -0.00673866 0.999671 0.0247665 0.160146 0.995097 0.00914769 -0.0984807 4.17468 
-0.0971218 0.0233085 -0.995 -20.2847 -0.00758104 0.999679 0.0241581 0.172836 0.995244 0.00988945 -0.0969139 4.08228 
-0.0956561 0.0257161 -0.995082 -21.0682 -0.00494308 0.999642 0.0263091 0.184543 0.995402 0.00743544 -0.0954947 3.99545 
-0.0946225 0.0279453 -0.995121 -21.8651 -0.00267567 0.999595 0.0283254 0.194219 0.99551 0.00534287 -0.0945094 3.9086 
-0.0934641 0.0297398 -0.995178 -22.665 -0.00143114 0.999549 0.0300048 0.204077 0.995622 0.00422865 -0.0933793 3.81991 
-0.0929462 0.025084 -0.995355 -23.4662 -0.00111901 0.999679 0.0252974 0.212534 0.995671 0.00346515 -0.0928883 3.73103 
-0.0926808 0.0182202 -0.995529 -24.2716 0.000378194 0.999833 0.0182638 0.217826 0.995696 0.00131624 -0.0926723 3.64279 
-0.0929104 0.0136937 -0.99558 -25.0876 0.00364143 0.999903 0.0134134 0.226618 0.995668 -0.00237906 -0.0929513 3.55791 
-0.0935561 0.0144629 -0.995509 -25.9153 0.00479913 0.999889 0.0140755 0.233284 0.995602 -0.00346069 -0.0936152 3.46966 
-0.0936882 0.0219461 -0.99536 -26.7556 0.00453675 0.999756 0.021616 0.235297 0.995591 -0.0024905 -0.0937649 3.37387 
-0.094006 0.0289895 -0.99515 -27.5995 0.00307171 0.99958 0.0288284 0.243437 0.995567 -0.000346725 -0.0940556 3.27777 
-0.0945026 0.0342085 -0.994937 -28.4457 0.00111493 0.999412 0.0342565 0.25315 0.995524 0.00212808 -0.0944852 3.18022 
-0.094969 0.03446 -0.994884 -29.2871 -0.000463964 0.999399 0.0346607 0.265016 0.99548 0.00375333 -0.094896 3.08214 
-0.0953996 0.0309423 -0.994958 -30.1235 -0.000372995 0.999516 0.0311198 0.277614 0.995439 0.00333997 -0.0953418 2.98752 
-0.0960142 0.0281895 -0.994981 -30.9604 -0.000619561 0.999597 0.02838 0.291796 0.99538 0.00334138 -0.0959581 2.8931 
-0.0962289 0.0292552 -0.994929 -31.7991 -0.00201922 0.99956 0.0295867 0.304954 0.995357 0.00485611 -0.0961275 2.79631 
-0.0962694 0.0316575 -0.994852 -32.6369 -0.00270921 0.999482 0.0320671 0.313011 0.995352 0.00578237 -0.0961337 2.69923 
-0.0961505 0.0299349 -0.994917 -33.4771 -0.00335123 0.999532 0.0303976 0.32145 0.995361 0.00625699 -0.0960052 2.59787 
-0.0958064 0.0247032 -0.995093 -34.3088 -0.00417392 0.999673 0.0252188 0.331916 0.995391 0.0065696 -0.095672 2.50042 
-0.0955605 0.0204786 -0.995213 -35.1432 -0.00539508 0.999763 0.0210902 0.341608 0.995409 0.00738468 -0.0954274 2.39878 
-0.0951068 0.0211778 -0.995242 -35.9797 -0.00461486 0.999754 0.0217148 0.349028 0.995456 0.00665817 -0.0949856 2.30228 
-0.0948539 0.0237608 -0.995208 -36.8184 -0.00342238 0.999701 0.0241943 0.351439 0.995485 0.00570093 -0.0947443 2.20983 
-0.0944584 0.0285452 -0.99512 -37.6637 -0.00299807 0.999576 0.0289576 0.361933 0.995524 0.00571877 -0.0943328 2.11347 
-0.0938519 0.0341031 -0.995002 -38.5073 -0.00211561 0.999404 0.0344535 0.374081 0.995584 0.0053386 -0.0937238 2.01686 
-0.0941339 0.0373476 -0.994859 -39.3468 -0.00227445 0.999285 0.037729 0.385219 0.995557 0.00581437 -0.0939817 1.92242 
-0.0939766 0.0371789 -0.99488 -40.1765 -0.00185646 0.999294 0.0375192 0.400252 0.995573 0.00537292 -0.0938412 1.83307 
-0.0939846 0.0326624 -0.995038 -41.0032 -0.00160847 0.999455 0.0329593 0.417107 0.995572 0.0046982 -0.0938809 1.73833 
-0.09369 0.0282379 -0.995201 -41.8322 -0.00268246 0.999587 0.0286148 0.42888 0.995598 0.00535055 -0.0935756 1.64232 
-0.0936198 0.0252801 -0.995287 -42.6651 -0.00650042 0.999641 0.0260021 0.440205 0.995587 0.00890414 -0.0934219 1.54044 
-0.0942847 0.0233507 -0.995271 -43.4961 -0.00966075 0.999656 0.0243688 0.44959 0.995498 0.0119127 -0.0940267 1.44216 
-0.0950132 0.0215418 -0.995243 -44.3291 -0.00738834 0.999723 0.0223442 0.452138 0.995449 0.00947622 -0.0948277 1.34644 
-0.0961782 0.0179257 -0.995203 -45.1563 -0.00399235 0.999823 0.0183948 0.456006 0.995356 0.00574242 -0.0960896 1.25279 
-0.0970995 0.0165357 -0.995137 -45.9803 0.000531284 0.999863 0.0165624 0.462303 0.995275 0.00107954 -0.0970949 1.16163 
-0.0993225 0.020056 -0.994853 -46.8066 0.000994885 0.999798 0.0200564 0.464172 0.995055 0.00100232 -0.0993224 1.06655 
-0.101092 0.0263113 -0.994529 -47.6366 0.0035245 0.999653 0.0260886 0.467256 0.994871 -0.000867829 -0.10115 0.968771 
-0.103032 0.0300507 -0.994224 -48.4569 0.00536285 0.999546 0.0296558 0.471791 0.994664 -0.00227633 -0.103147 0.87072 
-0.104758 0.029103 -0.994072 -49.2625 0.00553075 0.999573 0.0286812 0.479502 0.994482 -0.00249334 -0.104874 0.774924 
-0.10581 0.0251809 -0.994068 -50.0614 0.00216614 0.999683 0.0250926 0.483135 0.994384 0.000501782 -0.10583 0.66931 
-0.107157 0.0214427 -0.994011 -50.8572 -0.00254161 0.999758 0.0218407 0.488318 0.994239 0.00486682 -0.107077 0.561574 
-0.108764 0.0196977 -0.993872 -51.653 -0.00653134 0.999768 0.0205293 0.494644 0.994046 0.00872421 -0.108611 0.452875 
-0.109887 0.0207879 -0.993727 -52.4474 -0.00813835 0.999729 0.0218134 0.49558 0.993911 0.0104843 -0.109688 0.346473 
-0.111044 0.0223188 -0.993565 -53.2393 -0.00766747 0.999699 0.0233135 0.499344 0.993786 0.010207 -0.110839 0.242564 
-0.112096 0.0217333 -0.99346 -54.0196 -0.00980431 0.999688 0.0229758 0.501692 0.993649 0.0123157 -0.111848 0.13645 
-0.112757 0.0215731 -0.993388 -54.7947 -0.0104098 0.999684 0.0228914 0.50338 0.993568 0.0129221 -0.112497 0.0323386 
-0.113459 0.0234459 -0.993266 -55.5721 -0.00866752 0.99966 0.0245869 0.507833 0.993505 0.0113988 -0.113217 -0.0678589 
-0.113713 0.0263687 -0.993164 -56.3444 -0.0077887 0.999593 0.0274312 0.512274 0.993483 0.0108548 -0.113462 -0.170837 
-0.113986 0.0304982 -0.993014 -57.1138 -0.00787173 0.99947 0.0316 0.518308 0.993451 0.0114187 -0.113685 -0.274413 
-0.114705 0.0326576 -0.992863 -57.8744 -0.00767688 0.999401 0.0337596 0.524639 0.99337 0.0114945 -0.114386 -0.375443 
-0.115501 0.0325544 -0.992774 -58.6338 -0.00726111 0.999408 0.0336168 0.53373 0.993281 0.0110915 -0.115197 -0.479626 
-0.115944 0.030663 -0.992782 -59.3768 -0.00635662 0.99948 0.0316123 0.541566 0.993235 0.00997604 -0.115689 -0.578601 
-0.116372 0.02721 -0.992833 -60.1171 -0.00599164 0.999587 0.0280974 0.548539 0.993188 0.0092185 -0.116161 -0.677987 
-0.11632 0.0243517 -0.992913 -60.8439 -0.00625765 0.999662 0.0252503 0.552299 0.993192 0.00915046 -0.116129 -0.777057 
-0.115218 0.0219063 -0.993099 -61.5569 -0.00659216 0.999718 0.0228171 0.55935 0.993318 0.00917563 -0.115041 -0.875582 
-0.11304 0.0210578 -0.993367 -62.2527 -0.00873155 0.999716 0.022186 0.561605 0.993552 0.0111816 -0.112824 -0.970447 
-0.109212 0.0220759 -0.993773 -62.9353 -0.00893672 0.999691 0.0231895 0.561328 0.993978 0.0114137 -0.108981 -1.05626 
-0.103527 0.0235631 -0.994347 -63.6037 -0.00808629 0.999666 0.024531 0.563849 0.994594 0.0105803 -0.103302 -1.13619 
-0.0963946 0.0250685 -0.995028 -64.255 -0.00703383 0.999641 0.0258661 0.566513 0.995318 0.00949224 -0.0961836 -1.20666 
-0.0877293 0.026438 -0.995793 -64.8909 -0.00798123 0.999597 0.0272421 0.567137 0.996112 0.0103376 -0.0874829 -1.27209 
-0.0760518 0.0281162 -0.996707 -65.5102 -0.0100953 0.999529 0.0289661 0.568668 0.997053 0.012265 -0.0757322 -1.32873 
-0.061149 0.0295828 -0.99769 -66.1172 -0.0131795 0.99945 0.0304427 0.572715 0.998042 0.0150107 -0.0607255 -1.37647 
-0.042829 0.0307269 -0.99861 -66.7024 -0.0145417 0.999402 0.0313749 0.57896 0.998977 0.0158653 -0.0423566 -1.40444 
-0.0207859 0.0314587 -0.999289 -67.2674 -0.0153506 0.999377 0.0317808 0.58303 0.999666 0.0160003 -0.0202901 -1.41343 
0.0045709 0.0319035 -0.999481 -67.8053 -0.0147215 0.999385 0.0318331 0.585197 0.999881 0.0145683 0.00503775 -1.40201 
0.0338878 0.0314976 -0.998929 -68.3236 -0.0131757 0.999431 0.0310664 0.59035 0.999339 0.0121088 0.0342835 -1.371 
0.067949 0.0315259 -0.997191 -68.8183 -0.0119228 0.999455 0.0307851 0.59617 0.997618 0.00979755 0.0682878 -1.31818 
0.105571 0.0318074 -0.993903 -69.2926 -0.0111854 0.999463 0.0307972 0.600641 0.994349 0.00786591 0.10587 -1.24644 
0.146342 0.0315429 -0.988731 -69.7511 -0.0109244 0.999482 0.0302689 0.604534 0.989174 0.00637176 0.146611 -1.15274 
0.191682 0.032652 -0.980914 -70.1984 -0.00982196 0.99946 0.03135 0.606213 0.981408 0.00362532 0.191899 -1.04228 
0.240492 0.0314175 -0.970143 -70.6253 -0.0065072 0.999506 0.0307553 0.606781 0.970629 -0.00108343 0.240577 -0.909334 
0.291046 0.0268481 -0.956332 -71.0301 0.0011352 0.999596 0.0284082 0.606267 0.956708 -0.00935367 0.290898 -0.751696 
0.342949 0.021816 -0.939101 -71.4197 0.00639646 0.999653 0.0255586 0.60615 0.939332 -0.0147722 0.34269 -0.575145 
0.396065 0.0170973 -0.918063 -71.7985 0.0115221 0.999655 0.0235876 0.61241 0.91815 -0.0199202 0.395731 -0.378874 
0.448201 0.0167793 -0.893776 -72.1729 0.0110903 0.999643 0.0243282 0.617973 0.893864 -0.0208161 0.447854 -0.168585 
0.497327 0.0154077 -0.867426 -72.5368 0.0126121 0.999608 0.0249866 0.626301 0.867471 -0.0233665 0.496938 0.0671857 
0.543044 0.0114336 -0.839627 -72.8785 0.0202207 0.999439 0.0266879 0.628781 0.839461 -0.0314705 0.542508 0.331354 
0.587649 0.00507037 -0.8091 -73.1999 0.0306589 0.999123 0.0285287 0.631776 0.808535 -0.0415709 0.586978 0.617606 
0.631174 0.000186121 -0.775641 -73.5101 0.0318673 0.999149 0.0261716 0.632615 0.774986 -0.0412364 0.630632 0.905325 
0.67335 -0.00473321 -0.739308 -73.8073 0.0285882 0.999398 0.0196393 0.637995 0.738771 -0.0343595 0.673081 1.20233 
0.71493 -0.011756 -0.699098 -74.0934 0.0250177 0.999649 0.00877416 0.643022 0.698749 -0.0237627 0.714973 1.51952 
0.755228 -0.0145863 -0.6553 -74.3649 0.0201117 0.999797 0.000924035 0.646764 0.655153 -0.013877 0.755369 1.85931 
0.793256 -0.0158032 -0.608683 -74.6285 0.0186172 0.999825 -0.00169583 0.649335 0.608603 -0.00998672 0.793412 2.23697 
0.828136 -0.0170967 -0.560267 -74.874 0.0186221 0.999822 -0.00298448 0.647684 0.560218 -0.00796171 0.828307 2.6421 
0.859623 -0.0155865 -0.510691 -75.1067 0.0152721 0.999872 -0.00480966 0.643736 0.510701 -0.00366479 0.859751 3.06708 
0.886359 -0.0139811 -0.462788 -75.3223 0.0142909 0.999894 -0.0028366 0.634081 0.462778 -0.00409936 0.886465 3.51913 
0.908263 -0.00761377 -0.41833 -75.531 0.00763745 0.99997 -0.00161776 0.627171 0.41833 -0.00172557 0.908294 3.99927 
0.926327 -0.00332563 -0.376706 -75.7245 0.00240191 0.999993 -0.00292187 0.621554 0.376713 0.00180184 0.926328 4.49753 
0.940274 0.00190188 -0.340414 -75.9094 -0.00249561 0.999996 -0.0013064 0.618323 0.34041 0.00207796 0.940275 5.02116 
0.950672 0.00254868 -0.310187 -76.0824 -0.00240582 0.999997 0.000843025 0.61131 0.310188 -5.51392e-05 0.950675 5.57243 
0.958291 0.00199966 -0.285788 -76.2455 -0.00132748 0.999996 0.00254562 0.605917 0.285792 -0.00206002 0.95829 6.14329 
0.964336 0.0021057 -0.264673 -76.4051 -0.000879861 0.999988 0.00474986 0.600784 0.26468 -0.00434754 0.964327 6.73259 
0.969168 0.00471051 -0.246356 -76.5646 -0.00300691 0.999969 0.00729079 0.601805 0.246383 -0.00632519 0.969152 7.34301 
0.972905 0.00938711 -0.231014 -76.7221 -0.00753906 0.999932 0.00888105 0.600454 0.231081 -0.00689875 0.97291 7.96573 
0.975933 0.0131882 -0.217674 -76.8756 -0.0112227 0.999884 0.0102637 0.596045 0.217784 -0.00757375 0.975968 8.60644 
0.978779 0.0117403 -0.204584 -77.0166 -0.0098824 0.9999 0.0101006 0.594897 0.204682 -0.00786443 0.978797 9.26392 
0.981533 0.0117315 -0.190931 -77.1495 -0.0100613 0.999902 0.00971462 0.594518 0.191026 -0.00761416 0.981555 9.93955 
0.984249 0.0121853 -0.17637 -77.2783 -0.0105284 0.999891 0.0103269 0.596769 0.176476 -0.00830725 0.98427 10.6286 
0.986657 0.0138059 -0.162227 -77.4044 -0.0121976 0.999866 0.0109055 0.594767 0.162356 -0.00878119 0.986693 11.327 
0.988639 0.0137815 -0.149678 -77.5181 -0.0126874 0.999885 0.0082624 0.588406 0.149774 -0.00626946 0.9887 12.0445 
0.990228 0.0143335 -0.138717 -77.6284 -0.0140583 0.999897 0.00296345 0.583169 0.138745 -0.000984323 0.990328 12.7713 
0.991538 0.0123858 -0.129221 -77.7322 -0.0129008 0.999912 -0.00314883 0.578961 0.129171 0.00478928 0.991611 13.5052 
0.992576 0.0125469 -0.120976 -77.8347 -0.0130481 0.999909 -0.00335187 0.574769 0.120923 0.00490554 0.99265 14.2555 
0.993336 0.0144729 -0.114345 -77.9344 -0.0142376 0.999895 0.002874 0.56636 0.114375 -0.0012268 0.993437 15.0203 
0.993829 0.0189006 -0.109302 -78.0399 -0.0177983 0.999781 0.0110509 0.555583 0.109487 -0.0090373 0.993947 15.7899 
0.994268 0.0196805 -0.105086 -78.1349 -0.0182281 0.999725 0.0147628 0.549939 0.105347 -0.0127626 0.994354 16.5578 
0.994653 0.0184648 -0.101614 -78.2264 -0.0171548 0.999758 0.0137505 0.54629 0.101843 -0.0119338 0.994729 17.32 
0.994961 0.0181206 -0.0986127 -78.3143 -0.0169423 0.999775 0.0127732 0.544741 0.0988219 -0.011038 0.995044 18.084 
0.995268 0.0166769 -0.0957281 -78.3994 -0.0153152 0.999771 0.0149413 0.543327 0.0959553 -0.0134045 0.995295 18.8517 
0.995519 0.0143271 -0.0934743 -78.4777 -0.0127555 0.999767 0.017389 0.541269 0.0937017 -0.0161187 0.99547 19.6212 
0.995814 0.0123644 -0.090565 -78.5596 -0.0106684 0.999759 0.0191859 0.537335 0.0907803 -0.0181393 0.995706 20.3839 
0.996076 0.0116763 -0.0877292 -78.6419 -0.0103501 0.999825 0.015556 0.534005 0.0878954 -0.0145869 0.996023 21.1453 
0.9962 0.0140703 -0.0859551 -78.7256 -0.0134227 0.999877 0.00810733 0.531156 0.0860586 -0.00692273 0.996266 21.8986 
0.996331 0.014433 -0.084364 -78.8054 -0.0144466 0.999896 0.000449676 0.524547 0.0843617 0.000770788 0.996435 22.649 
0.996432 0.0148819 -0.0830813 -78.8826 -0.015241 0.999877 -0.0036896 0.514801 0.0830162 0.00494272 0.996536 23.4035 
0.996587 0.0166392 -0.0808515 -78.9624 -0.0168494 0.999856 -0.00191891 0.500812 0.0808079 0.00327471 0.996724 24.1629 
0.99672 0.0200473 -0.0783999 -79.0452 -0.019951 0.999799 0.00201134 0.485589 0.0784245 -0.00044055 0.99692 24.9211 
0.996816 0.0234671 -0.0762115 -79.1256 -0.0229914 0.99971 0.00711361 0.471436 0.0763563 -0.00533871 0.997066 25.6798 
0.997056 0.021105 -0.0737135 -79.194 -0.0205003 0.99975 0.00895055 0.465009 0.0738839 -0.00741301 0.997239 26.437 
0.997191 0.0183227 -0.0726193 -79.2593 -0.0177329 0.999804 0.00875827 0.456932 0.0727655 -0.00744588 0.997321 27.1895 
0.997296 0.0165175 -0.0716086 -79.323 -0.0159218 0.999834 0.00888191 0.447078 0.0717434 -0.00771771 0.997393 27.9405 
0.997364 0.0161935 -0.0707248 -79.3885 -0.0157199 0.99985 0.00724717 0.438917 0.0708315 -0.00611624 0.99747 28.6887 
0.997457 0.013995 -0.0698832 -79.4541 -0.0136052 0.999889 0.00605055 0.432331 0.0699601 -0.00508434 0.997537 29.4434 
0.997512 0.0130687 -0.0692805 -79.5202 -0.0126702 0.999901 0.00618685 0.4241 0.0693544 -0.00529361 0.997578 30.2065 
0.997518 0.0162154 -0.0685186 -79.5929 -0.0157639 0.99985 0.00712463 0.418985 0.0686238 -0.00602679 0.997624 30.9769 
0.997526 0.0164313 -0.0683563 -79.6655 -0.0160439 0.999852 0.00621221 0.413555 0.0684482 -0.00510009 0.997642 31.7538 
0.997422 0.0158075 -0.0699926 -79.7354 -0.0154149 0.999862 0.00614505 0.405888 0.0700801 -0.00505024 0.997529 32.5302 
0.997323 0.0129188 -0.0719773 -79.807 -0.0124677 0.9999 0.00671186 0.398094 0.0720568 -0.00579646 0.997384 33.3098 
0.997079 0.0148676 -0.074917 -79.8873 -0.0144241 0.999875 0.00645705 0.392978 0.0750037 -0.00535753 0.997169 34.096 
0.996813 0.018334 -0.0776365 -79.9731 -0.0179077 0.999821 0.00618364 0.383527 0.0777359 -0.0047736 0.996963 34.8912 
0.996597 0.0188453 -0.0802461 -80.058 -0.0188127 0.999822 0.00116122 0.377349 0.0802537 0.000352425 0.996774 35.6824 
0.996395 0.0194262 -0.082576 -80.145 -0.0196905 0.999803 -0.00238824 0.370369 0.0825133 0.00400564 0.996582 36.4841 
0.99625 0.0183754 -0.0845442 -80.2337 -0.0187877 0.999815 -0.00408412 0.362731 0.0844535 0.00565724 0.996411 37.3012 
0.996065 0.018526 -0.0866689 -80.3223 -0.0188091 0.99982 -0.00245213 0.347185 0.0866079 0.0040727 0.996234 38.1245 
0.995894 0.0172057 -0.0888814 -80.4116 -0.0174166 0.999847 -0.00159793 0.33365 0.0888403 0.00313942 0.996041 38.9522 
0.995751 0.0165112 -0.0905902 -80.5035 -0.0165658 0.999863 0.000148592 0.32304 0.0905802 0.00135279 0.995888 39.7851 
0.995646 0.0163066 -0.0917755 -80.5979 -0.0160212 0.999864 0.00384456 0.313602 0.0918257 -0.00235742 0.995772 40.6262 
0.995565 0.0160157 -0.0927023 -80.6916 -0.0152842 0.999846 0.00859523 0.304724 0.0928257 -0.00714018 0.995657 41.4773 
0.99562 0.0160346 -0.0921066 -80.7849 -0.0151036 0.999828 0.0107961 0.297977 0.0922637 -0.00935759 0.995691 42.333 
0.995738 0.019019 -0.0902438 -80.8804 -0.0181219 0.999778 0.0107499 0.294631 0.0904281 -0.00906863 0.995862 43.1914 
0.995908 0.0193075 -0.0882821 -80.9762 -0.0185495 0.999784 0.00939794 0.29092 0.0884445 -0.00772185 0.996051 44.054 
0.996085 0.0167135 -0.0868037 -81.0648 -0.0161523 0.999844 0.00716275 0.285278 0.0869098 -0.00573258 0.9962 44.9212 
0.996303 0.0129407 -0.08493 -81.149 -0.0125086 0.999906 0.00561745 0.278026 0.0849947 -0.00453428 0.996371 45.7902 
0.996483 0.0116574 -0.0829845 -81.2374 -0.0112578 0.999923 0.00528167 0.272799 0.0830397 -0.00432883 0.996537 46.6619 
0.996579 0.00927464 -0.0821186 -81.3234 -0.00865732 0.999932 0.00786985 0.261768 0.0821859 -0.00713196 0.996592 47.5361 
0.996665 0.0064752 -0.0813482 -81.404 -0.00564109 0.999929 0.0104788 0.252658 0.0814103 -0.00998489 0.996631 48.4102 
0.996737 0.00615381 -0.0804838 -81.493 -0.0053062 0.999928 0.0107406 0.243457 0.080544 -0.0102784 0.996698 49.2787 
0.996813 0.00737739 -0.0794266 -81.5816 -0.00679631 0.999948 0.00758325 0.231742 0.0794784 -0.00701924 0.996812 50.1411 
0.996844 0.00988836 -0.078769 -81.6703 -0.00977639 0.999951 0.00180653 0.220457 0.0787829 -0.00103071 0.996891 51.0001 
0.996907 0.011573 -0.0777353 -81.7578 -0.0118998 0.999922 -0.00374315 0.206841 0.0776859 0.00465665 0.996967 51.8545 
0.996898 0.0161573 -0.0770313 -81.8462 -0.0169293 0.999813 -0.00937963 0.185897 0.0768653 0.0106547 0.996985 52.7063 
0.996988 0.0160633 -0.0758714 -81.9288 -0.0168966 0.999804 -0.0103549 0.166387 0.0756902 0.0116057 0.997064 53.5591 
0.997029 0.0130131 -0.0759214 -82.0042 -0.0133808 0.999901 -0.00433723 0.151234 0.0758574 0.00534027 0.997104 54.4145 
0.996991 0.0121837 -0.0765552 -82.0835 -0.011846 0.999918 0.00486372 0.132287 0.0766081 -0.00394217 0.997054 55.2731 
0.996905 0.011302 -0.0777934 -82.1652 -0.0103502 0.999867 0.012626 0.116897 0.0779257 -0.0117817 0.99689 56.1262 
0.996747 0.00927156 -0.0800595 -82.2474 -0.00847621 0.999911 0.0102681 0.109793 0.0801475 -0.0095561 0.996737 56.9716 
0.99662 0.00416137 -0.0820441 -82.3232 -0.0036068 0.99997 0.00690591 0.100723 0.0820703 -0.0065866 0.996605 57.8064 
0.996402 0.00264389 -0.0847151 -82.4062 -0.00218683 0.999983 0.00548712 0.0888041 0.084728 -0.00528208 0.99639 58.6368 
0.996164 0.00482031 -0.0873702 -82.4994 -0.00456859 0.999985 0.00308031 0.0755741 0.0873837 -0.00266929 0.996171 59.461 
0.995853 0.00643601 -0.0907497 -82.5937 -0.00648999 0.999979 -0.000300205 0.0617954 0.0907458 0.000887969 0.995874 60.283 
0.995489 0.0067829 -0.094635 -82.6901 -0.0071733 0.999967 -0.00378612 0.0476046 0.0946061 0.00444792 0.995505 61.0986 
0.995175 0.00866358 -0.0977355 -82.7897 -0.00945735 0.999926 -0.00766169 0.0268363 0.0976618 0.00854909 0.995183 61.9063 
0.9948 0.0131748 -0.100992 -82.8961 -0.0140225 0.999872 -0.0076892 0.00711336 0.100878 0.00906542 0.994858 62.7134 
0.994408 0.0167686 -0.104269 -83.0064 -0.0174986 0.999828 -0.00609124 -0.00789637 0.104149 0.00788178 0.994531 63.517 
0.993942 0.0200286 -0.108066 -83.1166 -0.0201678 0.999797 -0.000195311 -0.0253279 0.10804 0.00237363 0.994144 64.3201 
0.993476 0.0207274 -0.112139 -83.2263 -0.020249 0.99978 0.00540287 -0.0412727 0.112227 -0.00309687 0.993678 65.1201 
0.992898 0.0198434 -0.117302 -83.3345 -0.0189109 0.99978 0.00905686 -0.0520752 0.117456 -0.00677421 0.993055 65.9134 
0.992127 0.0192969 -0.12374 -83.4495 -0.0181861 0.999784 0.0100999 -0.0599855 0.123908 -0.00777004 0.992263 66.6978 
0.991409 0.0169459 -0.129693 -83.5656 -0.0152799 0.999788 0.0138305 -0.0670634 0.1299 -0.01173 0.991458 67.4816 
0.990518 0.0174844 -0.136269 -83.6883 -0.0157863 0.999784 0.0135322 -0.0733421 0.136476 -0.0112526 0.99058 68.2572 
0.989575 0.0221536 -0.142302 -83.824 -0.0205957 0.999711 0.0124115 -0.0789868 0.142536 -0.00935128 0.989746 69.0286 
0.988631 0.024106 -0.148419 -83.9611 -0.023075 0.999696 0.00866444 -0.0849004 0.148583 -0.00514111 0.988887 69.7963 
0.98775 0.0232714 -0.1543 -84.0987 -0.0226593 0.999727 0.00572463 -0.0883348 0.154391 -0.00215814 0.988008 70.563 
0.986873 0.0244973 -0.159631 -84.2418 -0.0240831 0.9997 0.00452906 -0.0968269 0.159693 -0.00062516 0.987166 71.3273 
0.986067 0.0263133 -0.164252 -84.3891 -0.0251019 0.99964 0.00944708 -0.101527 0.164441 -0.00519238 0.986373 72.0911 
0.985003 0.0271531 -0.170385 -84.5407 -0.025213 0.99959 0.0135403 -0.106663 0.170683 -0.00904125 0.985285 72.8529 
0.983912 0.026277 -0.176712 -84.6927 -0.023861 0.999591 0.0157833 -0.116692 0.177055 -0.0113128 0.984136 73.6125 
0.982686 0.0237303 -0.183753 -84.8488 -0.0219148 0.999689 0.0119043 -0.119827 0.183978 -0.00767121 0.9829 74.3598 
0.981133 0.0218777 -0.192094 -85.0106 -0.0213578 0.999761 0.00477669 -0.122013 0.192152 -0.000583814 0.981365 75.0986 
0.979379 0.0192712 -0.201109 -85.181 -0.019093 0.999814 0.00282545 -0.129087 0.201126 0.00107264 0.979565 75.8386 
0.977139 0.0189162 -0.21176 -85.3612 -0.0181245 0.99982 0.00567939 -0.13812 0.211829 -0.00171148 0.977305 76.576 
0.974721 0.0189799 -0.222617 -85.5512 -0.0167918 0.99979 0.0117177 -0.14051 0.222792 -0.00768327 0.974836 77.3125 
0.971934 0.0207287 -0.234341 -85.753 -0.0166566 0.999674 0.0193426 -0.14351 0.234665 -0.0148963 0.971962 78.046 
0.96918 0.0213154 -0.24543 -85.9592 -0.0162469 0.999611 0.0226578 -0.146993 0.245817 -0.017972 0.96915 78.7702 
0.966166 0.0245136 -0.256753 -86.1772 -0.0205444 0.999625 0.0181306 -0.151863 0.257101 -0.0122423 0.966307 79.4795 
0.962997 0.0237807 -0.268462 -86.4011 -0.022188 0.999714 0.00896561 -0.153791 0.268598 -0.00267718 0.963249 80.1813 
0.959572 0.0213105 -0.280656 -86.629 -0.0210434 0.999771 0.00396526 -0.151515 0.280676 0.00210106 0.9598 80.8846 
0.956003 0.0199723 -0.292678 -86.8666 -0.0182138 0.999796 0.00873221 -0.151618 0.292793 -0.0030172 0.956171 81.5971 
0.952464 0.0212445 -0.303911 -87.1179 -0.0171693 0.999723 0.0160753 -0.157838 0.304168 -0.0100931 0.952565 82.3115 
0.94858 0.021256 -0.315822 -87.3761 -0.0153106 0.999656 0.0212947 -0.159122 0.316166 -0.0153642 0.94858 83.0247 
0.944344 0.0187998 -0.328424 -87.6405 -0.0131734 0.999726 0.0193482 -0.158453 0.328697 -0.0139448 0.944332 83.7317 
0.940382 0.0168672 -0.339701 -87.9132 -0.0126286 0.999812 0.0146845 -0.157791 0.339885 -0.00951907 0.940419 84.4321 
0.937077 0.012643 -0.348893 -88.1897 -0.0105658 0.999913 0.00785611 -0.163616 0.348962 -0.00367542 0.93713 85.1298 
0.934257 0.00848557 -0.356499 -88.4741 -0.00833694 0.999963 0.0019534 -0.167835 0.356502 0.00114718 0.934294 85.8288 
0.931457 0.00832977 -0.363755 -88.7661 -0.00901095 0.999959 -0.000175718 -0.173943 0.363739 0.0034415 0.931495 86.527 
0.928399 0.013574 -0.371336 -89.0738 -0.0147346 0.999891 -0.000288316 -0.185404 0.371292 0.00573921 0.928499 87.2206 
0.925139 0.0134546 -0.379389 -89.3776 -0.0137391 0.999904 0.00195761 -0.195817 0.379379 0.00340147 0.925235 87.9204 
0.921769 0.0141458 -0.387483 -89.6859 -0.011839 0.999895 0.00833977 -0.198016 0.38756 -0.0030999 0.921839 88.6271 
0.918887 0.01623 -0.394186 -90.0017 -0.0106105 0.999809 0.0164314 -0.200003 0.394377 -0.0109161 0.918884 89.3295 
0.916121 0.0259585 -0.40006 -90.3344 -0.0181824 0.999565 0.0232212 -0.207493 0.400489 -0.0139994 0.916195 90.0244 
0.913393 0.0325732 -0.405774 -90.6707 -0.026721 0.999441 0.0200806 -0.208643 0.406201 -0.00749872 0.913753 90.7072 
0.910888 0.0290135 -0.411633 -90.9971 -0.0262347 0.999579 0.0124003 -0.20588 0.41182 -0.000496156 0.911265 91.3908 
0.908828 0.0211675 -0.416634 -91.3234 -0.0210658 0.999766 0.00484196 -0.20375 0.416639 0.00437627 0.909061 92.0797 
0.907189 0.0217723 -0.42016 -91.6664 -0.0219144 0.99975 0.00448957 -0.212111 0.420153 0.0051347 0.907439 92.7656 
0.904877 0.0277426 -0.424769 -92.0191 -0.0261428 0.999612 0.00959524 -0.218184 0.42487 0.0024222 0.905251 93.4586 
0.902164 0.030162 -0.430337 -92.3689 -0.0267453 0.999544 0.0139881 -0.22428 0.430563 -0.00110998 0.90256 94.1579 
0.899837 0.0264528 -0.435425 -92.7181 -0.0236139 0.99965 0.0119305 -0.231095 0.435588 -0.000453417 0.900146 94.849 
0.89743 0.0245547 -0.440472 -93.0739 -0.0246144 0.999681 0.00557844 -0.23726 0.440469 0.00583576 0.897749 95.5324 
0.895141 0.0217852 -0.44525 -93.436 -0.0248406 0.999691 -0.00102736 -0.242545 0.44509 0.01198 0.895406 96.2155 
0.892745 0.0225232 -0.449999 -93.8028 -0.0263703 0.99965 -0.00228151 -0.252906 0.44979 0.0139035 0.893026 96.8995 
0.89065 0.0254352 -0.453978 -94.1751 -0.0275484 0.999619 0.00195932 -0.265102 0.453855 0.0107614 0.891011 97.5877 
0.888458 0.0270149 -0.458163 -94.5482 -0.0282822 0.999592 0.00409534 -0.276427 0.458086 0.00931935 0.888859 98.2706 
0.886058 0.0281317 -0.46272 -94.9225 -0.0292027 0.999562 0.00484972 -0.288581 0.462654 0.00921559 0.886491 98.946 
0.883673 0.0260146 -0.467382 -95.2966 -0.0272649 0.99962 0.00408968 -0.299152 0.467311 0.00912924 0.884046 99.6227 
0.88148 0.0241583 -0.471603 -95.6707 -0.0255556 0.999668 0.00344254 -0.308769 0.471529 0.0090176 0.881804 100.295 
0.879185 0.023548 -0.475898 -96.047 -0.0246898 0.999688 0.00385317 -0.316668 0.47584 0.0083622 0.879492 100.961 
0.876781 0.025054 -0.480236 -96.4304 -0.0261892 0.999648 0.00433737 -0.325978 0.480176 0.00877411 0.877129 101.621 
0.874413 0.0253638 -0.484519 -96.8139 -0.0265808 0.999637 0.00435893 -0.33896 0.484454 0.00906744 0.87477 102.276 
0.871892 0.0222847 -0.48919 -97.1913 -0.0253803 0.999678 0.000303668 -0.350956 0.48904 0.0121511 0.872177 102.927 
0.86945 0.01874 -0.493666 -97.5695 -0.0239916 0.999703 -0.00430455 -0.364654 0.493438 0.0155864 0.869641 103.568 
0.867345 0.0171733 -0.497411 -97.951 -0.0237544 0.999694 -0.00690627 -0.377714 0.49714 0.0178059 0.867487 104.202 
0.865275 0.0189266 -0.50094 -98.333 -0.0237195 0.999714 -0.00319936 -0.389207 0.500736 0.0146504 0.865476 104.837 
0.863354 0.0230459 -0.504071 -98.7182 -0.0234375 0.99971 0.00556346 -0.401622 0.504053 0.00701096 0.863644 105.465 
0.861815 0.0250089 -0.506606 -99.0997 -0.0202103 0.999684 0.014969 -0.410867 0.50682 -0.00266179 0.862048 106.092 
0.860186 0.0245256 -0.509391 -99.4718 -0.0168016 0.999664 0.0197586 -0.419025 0.509704 -0.00843747 0.860308 106.701 
0.858546 0.0213692 -0.512291 -99.8368 -0.0135724 0.999728 0.0189557 -0.417027 0.512556 -0.00932128 0.858603 107.293 
0.856775 0.0193752 -0.515326 -100.199 -0.0132513 0.999791 0.0155586 -0.421108 0.51552 -0.00650142 0.856853 107.867 
0.855097 0.0175015 -0.518173 -100.555 -0.012825 0.999838 0.012606 -0.424953 0.51831 -0.00413376 0.855183 108.428 
0.853586 0.0156196 -0.520717 -100.905 -0.0113944 0.999871 0.0113142 -0.427132 0.520827 -0.00372435 0.853654 108.974 
0.852351 0.0141185 -0.52278 -101.245 -0.00978763 0.999891 0.0110457 -0.433862 0.522879 -0.00429801 0.852396 109.505 
0.851029 0.014686 -0.524914 -101.58 -0.0098068 0.999879 0.0120749 -0.440994 0.525028 -0.0051283 0.85107 110.015 
0.849904 0.0145858 -0.526735 -101.905 -0.00869622 0.999869 0.0136557 -0.44782 0.526865 -0.0070254 0.84992 110.509 
0.848449 0.0131926 -0.529113 -102.214 -0.00667734 0.999877 0.0142229 -0.453134 0.529235 -0.0085343 0.848432 110.986 
0.846968 0.0115336 -0.531519 -102.505 -0.0045862 0.999886 0.0143888 -0.45877 0.531624 -0.00974916 0.846925 111.443 
0.845725 0.0102815 -0.533519 -102.795 -0.00385006 0.999906 0.0131661 -0.460489 0.533605 -0.00908079 0.845685 111.885 
0.844453 0.0102118 -0.535532 -103.075 -0.00599079 0.999936 0.00962067 -0.467204 0.535596 -0.0049159 0.84446 112.297 
0.842871 0.00735238 -0.538065 -103.342 -0.00533875 0.999972 0.00530097 -0.468765 0.538089 -0.0015954 0.842887 112.696 
0.840544 0.00340741 -0.541732 -103.594 -0.00219983 0.999993 0.00287653 -0.468685 0.541739 -0.00122608 0.840546 113.081 
0.837652 -0.000606156 -0.546203 -103.833 0.00279123 0.999991 0.0031708 -0.471681 0.546197 -0.00418056 0.837647 113.451 
0.834112 0.00041227 -0.551596 -104.074 0.00250901 0.999987 0.00454143 -0.475429 0.55159 -0.00517197 0.834099 113.8 
0.830118 0.00397408 -0.557574 -104.309 -0.000595533 0.99998 0.00624064 -0.481564 0.557588 -0.00484836 0.830104 114.131 
0.826307 0.00998113 -0.563132 -104.538 -0.00480643 0.999932 0.0106704 -0.486298 0.5632 -0.0061103 0.826298 114.441 
0.822064 0.0151673 -0.569193 -104.757 -0.00636851 0.999828 0.0174446 -0.490663 0.569359 -0.0107156 0.822019 114.742 
0.81716 0.0168672 -0.576164 -104.962 -0.00550334 0.999755 0.0214624 -0.492912 0.576384 -0.0143674 0.817052 115.02 
0.811714 0.0138572 -0.583891 -105.16 -0.00103682 0.999751 0.0222852 -0.489763 0.584055 -0.0174837 0.811526 115.283 
0.804491 0.0114451 -0.593855 -105.345 0.00252107 0.99974 0.0226828 -0.484514 0.59396 -0.0197452 0.804252 115.528 
0.795589 0.00994464 -0.605756 -105.528 0.00553832 0.999704 0.023686 -0.484044 0.605812 -0.0221991 0.795298 115.757 
0.785159 0.0105758 -0.619203 -105.711 0.00586773 0.999682 0.0245145 -0.487124 0.619266 -0.0228811 0.784848 115.965 
0.772645 0.0117253 -0.63473 -105.89 0.00430486 0.99971 0.0237076 -0.484605 0.634824 -0.02105 0.77237 116.156 
0.75852 0.0102037 -0.65157 -106.067 0.00444424 0.999773 0.0208302 -0.486289 0.651635 -0.0186958 0.758302 116.33 
0.743425 0.00754991 -0.668777 -106.238 0.00365306 0.999876 0.0153485 -0.486687 0.668809 -0.0138535 0.743305 116.492 
0.727972 0.00378543 -0.685596 -106.399 0.00381952 0.999947 0.00957666 -0.482446 0.685596 -0.00959014 0.727919 116.641 
0.712371 0.00364467 -0.701794 -106.57 -6.46834e-05 0.999987 0.00512761 -0.478427 0.701803 -0.00360732 0.712362 116.781 
0.696274 0.00711528 -0.717741 -106.745 -0.00748837 0.999968 0.00264871 -0.476051 0.717737 0.00353054 0.696305 116.913 
0.678689 0.00883685 -0.734373 -106.92 -0.0100916 0.999945 0.00270608 -0.475019 0.734357 0.0055745 0.678741 117.043 
0.659487 0.00741682 -0.75168 -107.094 -0.00695638 0.999969 0.00376348 -0.472218 0.751684 0.00274705 0.659517 117.179 
0.638935 0.00637109 -0.769234 -107.272 -0.00413257 0.99998 0.00484962 -0.466454 0.769249 8.03693e-05 0.638949 117.312 
0.616427 0.00806978 -0.787371 -107.46 -0.00419055 0.999967 0.00696791 -0.464517 0.787401 -0.000995638 0.61644 117.429 
0.592028 0.012208 -0.805825 -107.657 -0.00773004 0.999925 0.00946936 -0.457371 0.805881 0.000622987 0.592078 117.538 
0.567129 0.0160765 -0.823472 -107.857 -0.00997222 0.99987 0.0126524 -0.451872 0.823569 0.00103635 0.567215 117.64 
0.541468 0.0185945 -0.840516 -108.058 -0.0118875 0.999825 0.0144608 -0.445479 0.840637 0.0021616 0.541595 117.734 
0.515362 0.0216218 -0.8567 -108.262 -0.0150712 0.999756 0.0161659 -0.444492 0.85684 0.00458028 0.515562 117.819 
0.488442 0.0256426 -0.87222 -108.47 -0.0193759 0.99964 0.0185382 -0.441116 0.872381 0.00784531 0.488763 117.894 
0.460374 0.0283562 -0.887272 -108.681 -0.0216788 0.999551 0.0206961 -0.439099 0.88746 0.00970711 0.460782 117.966 
0.430282 0.0279179 -0.902263 -108.891 -0.0205819 0.999565 0.0211133 -0.442741 0.90246 0.0094857 0.43067 118.036 
0.397865 0.0248854 -0.917106 -109.118 -0.0204694 0.999624 0.0182443 -0.443276 0.917215 0.0115139 0.398225 118.099 
0.363116 0.0204021 -0.93152 -109.363 -0.0199153 0.999702 0.0141322 -0.438696 0.931531 0.0134199 0.363414 118.159 
0.32373 0.0181416 -0.945976 -109.623 -0.0196512 0.999729 0.0124474 -0.434745 0.945945 0.01456 0.323999 118.214 
0.281982 0.0167091 -0.959274 -109.906 -0.0192391 0.999746 0.0117587 -0.425327 0.959227 0.0151399 0.282232 118.26 
0.238209 0.0148305 -0.971101 -110.203 -0.0184308 0.999772 0.0107473 -0.419613 0.971039 0.0153381 0.238428 118.295 
0.190656 0.0119652 -0.981584 -110.52 -0.0175344 0.999808 0.00878163 -0.410722 0.9815 0.0155372 0.190829 118.321 
0.141346 0.0100316 -0.989909 -110.853 -0.0168826 0.999828 0.00772153 -0.406246 0.989816 0.0156209 0.141491 118.328 
0.0910421 0.009598 -0.995801 -111.201 -0.0163436 0.999833 0.00814264 -0.3993 0.995713 0.0155337 0.0911837 118.317 
0.038679 0.0108156 -0.999193 -111.571 -0.015626 0.999826 0.0102176 -0.393081 0.99913 0.0152183 0.0388413 118.291 
-0.0146045 0.0130155 -0.999809 -111.946 -0.0126622 0.999833 0.0132008 -0.38684 0.999813 0.0128526 -0.0144373 118.247 
-0.0683096 0.014884 -0.997553 -112.33 -0.00946912 0.999834 0.0155665 -0.380443 0.997619 0.0105093 -0.0681573 118.182 
-0.122104 0.0167945 -0.992375 -112.723 -0.00538541 0.999831 0.0175833 -0.37751 0.992503 0.00749138 -0.121993 118.096 
-0.174951 0.0186836 -0.9844 -113.128 -0.00241187 0.999809 0.0194047 -0.372939 0.984574 0.00576915 -0.174873 117.982 
-0.226233 0.0202712 -0.973862 -113.544 -0.000415139 0.999781 0.0209072 -0.366827 0.974073 0.00513423 -0.226175 117.843 
-0.275527 0.0216162 -0.96105 -113.965 0.00273404 0.999761 0.0217031 -0.358207 0.961289 0.00335227 -0.27552 117.681 
-0.323578 0.0233823 -0.945913 -114.388 0.00755829 0.999727 0.022127 -0.352702 0.946172 1.03696e-05 -0.323666 117.496 
-0.370043 0.0248054 -0.928684 -114.824 0.0121644 0.999687 0.0218549 -0.344414 0.928935 -0.0032096 -0.370229 117.284 
-0.413968 0.0269771 -0.909892 -115.264 0.0167512 0.999617 0.0220162 -0.339537 0.910137 -0.0061277 -0.414261 117.045 
