1 2.12261e-08 -2.11895e-08 -4.08874e-15 2.12261e-08 1 2.10703e-08 -1.55431e-15 -2.11895e-08 2.10703e-08 1 -2.78111e-14 
0.999996 0.00270453 8.05651e-05 -0.0129857 -0.00270462 0.999995 0.0016043 -0.017139 -7.62683e-05 -0.00160447 0.999999 0.782437 
0.999986 0.0052582 -3.00157e-05 -0.0241591 -0.00525809 0.999984 0.00195843 -0.0329218 4.02705e-05 -0.0019582 0.999998 1.55282 
0.999978 0.00659692 0.000381768 -0.041516 -0.00659749 0.999977 0.00163262 -0.0488572 -0.000371031 -0.00163506 0.999999 2.30693 
0.999965 0.00838912 0.000352083 -0.0517193 -0.00838949 0.999964 0.00118569 -0.0618238 -0.000342166 -0.00118856 0.999999 3.05071 
0.999965 0.00835825 0.000550466 -0.0594578 -0.00835875 0.999965 0.000979317 -0.0755743 -0.000542304 -0.000983842 0.999999 3.77714 
0.999964 0.00849575 0.000868213 -0.0737502 -0.0084974 0.999962 0.0019602 -0.0918454 -0.00085157 -0.00196746 0.999998 4.47784 
0.999957 0.00918917 0.00123562 -0.0817696 -0.00919494 0.999946 0.00478293 -0.104487 -0.00119164 -0.00479405 0.999988 5.16819 
0.999957 0.0090032 0.00235532 -0.0868011 -0.00902346 0.999921 0.00875618 -0.113227 -0.00227634 -0.00877702 0.999959 5.83844 
0.999961 0.00817846 0.00334063 -0.0863606 -0.00821869 0.999892 0.0122232 -0.120991 -0.00324035 -0.0122502 0.99992 6.48795 
0.999965 0.00724871 0.00428209 -0.090166 -0.00731029 0.999867 0.014556 -0.130759 -0.00417605 -0.0145867 0.999885 7.10776 
0.999956 0.00779852 0.00529273 -0.0948011 -0.00787389 0.999866 0.0143798 -0.139118 -0.00517993 -0.0144208 0.999883 7.69686 
0.999942 0.00874802 0.00631922 -0.0995286 -0.0088221 0.999892 0.0117983 -0.147515 -0.00621537 -0.0118534 0.99991 8.2574 
0.999938 0.00876262 0.0069154 -0.098149 -0.00882367 0.999922 0.00885315 -0.150669 -0.00683733 -0.00891358 0.999937 8.79467 
0.999939 0.007052 0.00850705 -0.0973958 -0.00711456 0.999948 0.00735142 -0.154235 -0.00845481 -0.00741145 0.999937 9.30359 
0.999942 0.00327756 0.0103006 -0.0921055 -0.00332934 0.999982 0.00501842 -0.160075 -0.010284 -0.00505237 0.999934 9.78273 
0.999925 0.00146954 0.0121457 -0.0887977 -0.00151698 0.999991 0.00390134 -0.169248 -0.0121399 -0.00391943 0.999919 10.2301 
0.999884 0.00572004 0.0141228 -0.0931454 -0.00574841 0.999982 0.00197209 -0.179854 -0.0141113 -0.00205301 0.999898 10.646 
0.999803 0.0100635 0.0171317 -0.0983839 -0.0100845 0.999949 0.00114309 -0.188969 -0.0171193 -0.00131558 0.999853 11.0314 
0.999731 0.0105766 0.0206652 -0.0983842 -0.0106249 0.999941 0.00223041 -0.196376 -0.0206405 -0.00244933 0.999784 11.3859 
0.999697 0.00639014 0.0237577 -0.0873979 -0.00645665 0.999975 0.00272566 -0.200452 -0.0237398 -0.00287819 0.999714 11.7092 
0.999655 0.0016225 0.0262335 -0.0735238 -0.00169036 0.999995 0.00256657 -0.204129 -0.0262292 -0.00260999 0.999653 12.0009 
0.999589 -0.00184413 0.0286004 -0.062861 0.00173595 0.999991 0.00380839 -0.208114 -0.0286072 -0.00375714 0.999584 12.2611 
0.99951 -0.00213537 0.0312335 -0.0574298 0.0019806 0.999986 0.00498668 -0.215672 -0.0312437 -0.00492234 0.9995 12.4929 
0.999441 -0.00142201 0.0333958 -0.0535891 0.00128726 0.999991 0.00405718 -0.219905 -0.0334013 -0.00401188 0.999434 12.6991 
0.999367 -0.000327491 0.0355709 -0.0509457 0.000237751 0.999997 0.00252826 -0.223326 -0.0355716 -0.00251816 0.999364 12.8849 
0.999269 0.00190786 0.0381702 -0.0490185 -0.00197364 0.999997 0.00168682 -0.227413 -0.0381669 -0.00176088 0.99927 13.0585 
0.999198 0.00465952 0.0397661 -0.0475539 -0.00470537 0.999988 0.00106073 -0.23512 -0.0397607 -0.00124696 0.999208 13.2251 
0.999134 0.00607991 0.0411728 -0.0444106 -0.0060736 0.999982 -0.000277452 -0.241284 -0.0411738 2.71854e-05 0.999152 13.3826 
0.999059 0.00501201 0.0430927 -0.0374309 -0.00493403 0.999986 -0.00191471 -0.247042 -0.0431017 0.00170033 0.999069 13.5345 
0.999001 0.0037798 0.0445294 -0.0284334 -0.00363496 0.999988 -0.00333204 -0.248777 -0.0445415 0.00316689 0.999003 13.6796 
0.998949 0.00314653 0.0457355 -0.0218064 -0.00294808 0.999986 -0.00440503 -0.250427 -0.0457487 0.00426561 0.998944 13.8191 
0.998875 0.00380306 0.0472744 -0.0180501 -0.00353301 0.999977 -0.00579365 -0.254259 -0.0472954 0.00562015 0.998865 13.9511 
0.99881 0.00477867 0.0485443 -0.0137833 -0.00440048 0.999959 -0.00789353 -0.25722 -0.0485801 0.00767055 0.99879 14.0787 
0.99877 0.00483008 0.0493471 -0.00805698 -0.00434306 0.999941 -0.00997081 -0.261038 -0.0493924 0.00974426 0.998732 14.2038 
0.998739 0.00409601 0.0500358 -0.000283776 -0.00348302 0.999918 -0.0123312 -0.263912 -0.0500823 0.0121414 0.998671 14.3294 
0.998771 0.00304173 0.0494682 0.00619857 -0.00234324 0.999897 -0.0141711 -0.26784 -0.0495062 0.0140378 0.998675 14.4565 
0.998878 0.00264 0.0472896 0.0117448 -0.00191275 0.999879 -0.0154165 -0.269713 -0.0473247 0.0153087 0.998762 14.5841 
0.99902 0.00255092 0.0441921 0.0142386 -0.00183369 0.999866 -0.0162617 -0.273935 -0.0442277 0.0161647 0.998891 14.7143 
0.99919 0.00309888 0.040129 0.0133716 -0.00239568 0.999843 -0.0175585 -0.276289 -0.0401772 0.0174482 0.99904 14.8421 
0.999402 0.00321449 0.0344261 0.00998926 -0.00257353 0.999823 -0.0186454 -0.279726 -0.03448 0.0185457 0.999233 14.9681 
0.999612 0.00304515 0.0276851 0.00746051 -0.00251054 0.99981 -0.0193231 -0.283003 -0.0277388 0.0192461 0.99943 15.0989 
0.999785 0.00312658 0.0204785 0.00150965 -0.00271444 0.999794 -0.0201201 -0.285222 -0.0205372 0.0200602 0.999588 15.2279 
0.999919 0.00291314 0.0124288 -0.00748959 -0.00265084 0.999775 -0.0210657 -0.287928 -0.0124875 0.0210311 0.999701 15.3607 
0.999996 0.001784 0.00226687 -0.0158844 -0.00173306 0.999751 -0.0222599 -0.291234 -0.00230606 0.0222559 0.99975 15.5008 
0.999942 0.000239607 -0.0107443 -0.0289757 -0.000496963 0.999713 -0.0239606 -0.293736 0.0107354 0.0239646 0.999655 15.6485 
0.999636 -0.000430653 -0.0269904 -0.0504716 -0.000267259 0.999666 -0.0258504 -0.297585 0.0269925 0.0258483 0.999301 15.8116 
0.998927 -0.000167372 -0.0463224 -0.0799723 -0.0010742 0.999641 -0.0267775 -0.302712 0.0463102 0.0267985 0.998568 15.9888 
0.997669 0.000515496 -0.0682337 -0.116478 -0.00232644 0.999647 -0.0264642 -0.306084 0.0681959 0.0265613 0.997318 16.1899 
0.995754 0.001204 -0.0920423 -0.161566 -0.00352729 0.999679 -0.0250835 -0.311577 0.0919825 0.0253017 0.995439 16.4048 
0.992901 0.00202888 -0.118927 -0.218531 -0.00486423 0.999711 -0.0235559 -0.318485 0.118845 0.0239672 0.992624 16.635 
0.988804 0.00314979 -0.149188 -0.288537 -0.00644275 0.999746 -0.0215948 -0.323876 0.149082 0.0223142 0.988573 16.8846 
0.983186 0.00318921 -0.182578 -0.367535 -0.00658853 0.999816 -0.0180151 -0.331573 0.182487 0.0189152 0.983026 17.1451 
0.975566 0.00423006 -0.219668 -0.462816 -0.00751274 0.999872 -0.0141108 -0.335524 0.21958 0.0154164 0.975473 17.4214 
0.965675 0.00584497 -0.259687 -0.575595 -0.00842243 0.999926 -0.0088138 -0.338044 0.259616 0.0106985 0.965653 17.7053 
0.953392 0.00969758 -0.301578 -0.704039 -0.0114538 0.999926 -0.00405589 -0.341665 0.301517 0.00732113 0.953433 17.9923 
0.938924 0.0132342 -0.343871 -0.855293 -0.0139766 0.999902 0.000319611 -0.345289 0.343842 0.0045061 0.939017 18.2858 
0.921702 0.0155562 -0.387587 -1.01852 -0.0143761 0.999879 0.00594411 -0.348981 0.387632 9.33372e-05 0.921814 18.5876 
0.90188 0.018768 -0.431579 -1.20281 -0.0143411 0.999806 0.0135094 -0.350667 0.431749 -0.00599445 0.901974 18.8945 
0.879354 0.0227851 -0.475623 -1.40956 -0.0150968 0.999686 0.019979 -0.348885 0.475929 -0.0103882 0.879422 19.205 
0.853717 0.027533 -0.520008 -1.63485 -0.0173698 0.999551 0.0244066 -0.346805 0.520447 -0.0118039 0.853812 19.5054 
0.824819 0.03044 -0.564577 -1.88095 -0.0180224 0.999458 0.0275573 -0.34208 0.565109 -0.0125547 0.824921 19.8045 
0.793053 0.0338808 -0.60821 -2.15456 -0.0203941 0.999369 0.0290783 -0.335221 0.608811 -0.0106567 0.793244 20.1006 
0.758364 0.0361618 -0.650827 -2.44802 -0.0204409 0.999288 0.031705 -0.326496 0.651511 -0.0107404 0.758564 20.3876 
0.720327 0.0397795 -0.692493 -2.77307 -0.0213041 0.999152 0.0352347 -0.311795 0.693308 -0.0106275 0.720563 20.6746 
0.680344 0.0407643 -0.731758 -3.12368 -0.0188059 0.999094 0.0381722 -0.298884 0.732652 -0.0122088 0.680494 20.9569 
0.63853 0.0404717 -0.768532 -3.50147 -0.0160296 0.999099 0.0392954 -0.284149 0.76943 -0.012772 0.638603 21.2288 
0.595235 0.0393131 -0.802589 -3.90032 -0.0105676 0.999099 0.0411013 -0.270206 0.803482 -0.0159834 0.595115 21.4814 
0.549981 0.0394647 -0.834244 -4.32525 -0.00582774 0.99904 0.0434186 -0.255709 0.835157 -0.0190176 0.549683 21.7195 
0.502661 0.0406955 -0.863525 -4.78022 -0.0039102 0.998988 0.0448034 -0.235072 0.864475 -0.0191443 0.502312 21.9398 
0.452724 0.0401742 -0.890745 -5.25416 -0.00291305 0.999046 0.0435782 -0.212288 0.891646 -0.0171341 0.452409 22.1286 
0.400037 0.0390889 -0.915665 -5.75695 0.00223812 0.999045 0.0436261 -0.19227 0.916496 -0.0195014 0.399568 22.306 
0.346129 0.0381849 -0.937409 -6.28143 0.00750732 0.999027 0.0434669 -0.171925 0.938157 -0.0220826 0.345506 22.4612 
0.291952 0.0370819 -0.955714 -6.8385 0.0099151 0.999077 0.0417933 -0.14744 0.956382 -0.0216776 0.291314 22.5923 
0.238338 0.0427525 -0.970241 -7.4165 0.0104956 0.998859 0.0465918 -0.119683 0.971126 -0.0212878 0.237617 22.6915 
0.186638 0.0478584 -0.981262 -8.0207 0.0129776 0.998606 0.0511726 -0.0948465 0.982343 -0.0222852 0.185756 22.7658 
0.138066 0.0493521 -0.989193 -8.64095 0.0184843 0.998455 0.0523941 -0.0723121 0.990251 -0.0255184 0.13694 22.821 
0.093615 0.0508085 -0.994311 -9.27898 0.0208748 0.998377 0.0529817 -0.0524188 0.99539 -0.0257159 0.0924025 22.8468 
0.0530779 0.0490066 -0.997387 -9.92903 0.0205655 0.99853 0.0501571 -0.0252425 0.998379 -0.023174 0.051992 22.8465 
0.0174575 0.0444831 -0.998858 -10.5921 0.0178221 0.998837 0.0447937 0.00860633 0.999689 -0.0185837 0.0166444 22.8208 
-0.0110784 0.0443412 -0.998955 -11.2815 0.0155588 0.998903 0.0441664 0.040191 0.999818 -0.0150532 -0.0117561 22.7816 
-0.0321055 0.0484174 -0.998311 -11.9936 0.0142028 0.998747 0.0479818 0.0696181 0.999384 -0.0126383 -0.0327529 22.7326 
-0.0449346 0.0544191 -0.997507 -12.7231 0.0156943 0.99843 0.0537625 0.0989913 0.998867 -0.0132393 -0.0457181 22.6777 
-0.0532304 0.0570139 -0.996953 -13.4788 0.0153934 0.998297 0.0562689 0.131153 0.998464 -0.0123512 -0.0540173 22.625 
-0.0572397 0.0542255 -0.996887 -14.2596 0.0165259 0.998439 0.0533611 0.164394 0.998224 -0.0134201 -0.0580464 22.5714 
-0.0563938 0.0505191 -0.99713 -15.0551 0.0239939 0.998499 0.0492315 0.199677 0.99812 -0.0211486 -0.0575213 22.5172 
-0.0521372 0.049153 -0.99743 -15.8679 0.0356946 0.998242 0.0473272 0.241347 0.998002 -0.0331353 -0.0538 22.4814 
-0.0468491 0.049361 -0.997682 -16.7043 0.036235 0.998205 0.0476853 0.274708 0.998245 -0.033917 -0.0485536 22.4399 
-0.0415905 0.047818 -0.99799 -17.5685 0.0342959 0.998334 0.0464052 0.304315 0.998546 -0.0322969 -0.0431612 22.385 
-0.0384357 0.0413953 -0.998403 -18.4362 0.0376865 0.998491 0.0399481 0.340425 0.99855 -0.0360909 -0.0399377 22.3473 
-0.0362088 0.0306713 -0.998874 -19.3038 0.0355746 0.998935 0.0293836 0.364884 0.998711 -0.0344706 -0.0372614 22.2992 
-0.0356796 0.022058 -0.99912 -20.2061 0.0278483 0.99939 0.0210695 0.386571 0.998975 -0.027072 -0.0362721 22.239 
-0.0371408 0.0191465 -0.999127 -21.1327 0.0222659 0.999584 0.0183275 0.407738 0.999062 -0.0215658 -0.0375516 22.1833 
-0.0407137 0.0248172 -0.998863 -22.0803 0.0131558 0.999618 0.0242997 0.422898 0.999084 -0.0121514 -0.0410246 22.112 
-0.0456603 0.0328347 -0.998417 -23.0778 0.00830808 0.999438 0.0324883 0.442496 0.998923 -0.00681146 -0.0459074 22.0354 
-0.0502898 0.04222 -0.997842 -24.1177 0.00676903 0.999098 0.041932 0.475997 0.998712 -0.00464564 -0.0505302 21.965 
-0.0518911 0.0522214 -0.997286 -25.145 0.00548468 0.998632 0.0520065 0.513724 0.998638 -0.00277108 -0.0521065 21.8914 
-0.0530185 0.0599913 -0.99679 -26.1855 0.00758478 0.998189 0.0596721 0.555915 0.998565 -0.00439667 -0.0533775 21.823 
-0.0545309 0.0608465 -0.996656 -27.2044 0.00871641 0.998133 0.0604597 0.603625 0.998474 -0.00539031 -0.0549594 21.7527 
-0.0563193 0.058048 -0.996724 -28.2278 0.00753368 0.998305 0.0577144 0.650222 0.998384 -0.00425853 -0.0566612 21.6756 
-0.0589502 0.0531412 -0.996846 -29.249 0.00733871 0.998578 0.0527995 0.690877 0.998234 -0.00420298 -0.0592563 21.5918 
-0.0636172 0.0479593 -0.996821 -30.2676 0.00753825 0.998839 0.0475753 0.728327 0.997946 -0.00448764 -0.0639049 21.5071 
-0.0692043 0.0433432 -0.996661 -31.2857 0.00778635 0.999049 0.0429064 0.762555 0.997572 -0.004791 -0.0694759 21.4169 
-0.0760173 0.0413821 -0.996247 -32.3199 0.00682018 0.999137 0.0409817 0.794962 0.997083 -0.00367923 -0.0762339 21.3101 
-0.0824532 0.0438584 -0.995629 -33.3866 0.00724721 0.999031 0.0434081 0.82905 0.996569 -0.00363636 -0.0826912 21.1958 
-0.0882346 0.0487252 -0.994907 -34.4711 0.0056032 0.998811 0.0484195 0.863842 0.996084 -0.00130235 -0.0884028 21.0605 
-0.0940329 0.0514664 -0.994238 -35.5396 0.00269227 0.998672 0.0514413 0.90149 0.995565 0.00216046 -0.0940466 20.9291 
-0.0984303 0.0537631 -0.993691 -36.6172 -0.00047218 0.998537 0.0540721 0.94395 0.995144 0.00579157 -0.0982609 20.7886 
-0.100444 0.0549259 -0.993425 -37.7107 -0.00503703 0.998434 0.0557121 0.98905 0.99493 0.0105999 -0.10001 20.6321 
-0.10216 0.0559993 -0.993191 -38.7842 -0.00895859 0.998322 0.0572101 1.03457 0.994728 0.0147422 -0.101487 20.4927 
-0.10346 0.0555758 -0.99308 -39.8703 -0.0104346 0.998322 0.0569563 1.07886 0.994579 0.0162551 -0.102707 20.3497 
-0.104799 0.0546191 -0.992992 -40.9588 -0.0109033 0.998368 0.0560654 1.12713 0.994434 0.0167026 -0.104032 20.2078 
-0.105551 0.053863 -0.992954 -42.0495 -0.0122249 0.998386 0.0554572 1.17259 0.994339 0.0179923 -0.104722 20.0591 
-0.106091 0.0529926 -0.992943 -43.1406 -0.014428 0.998392 0.0548249 1.21548 0.994252 0.0201427 -0.105156 19.9119 
-0.106613 0.0505124 -0.993017 -44.2391 -0.0189913 0.998423 0.0528264 1.25711 0.994119 0.0244907 -0.105485 19.7642 
-0.106762 0.0457321 -0.993232 -45.3389 -0.0243278 0.998523 0.0485906 1.29402 0.993987 0.0293508 -0.105491 19.6138 
-0.105973 0.0450188 -0.993349 -46.4472 -0.025937 0.99851 0.0480196 1.33837 0.994031 0.0308533 -0.104647 19.4707 
-0.104522 0.0492592 -0.993302 -47.5634 -0.0265444 0.998279 0.0522992 1.37867 0.994168 0.031833 -0.103034 19.3331 
-0.102339 0.052467 -0.993365 -48.6808 -0.0266742 0.998104 0.0554654 1.4196 0.994392 0.0321735 -0.100746 19.1899 
-0.100339 0.0522649 -0.99358 -49.8013 -0.0247243 0.99818 0.0550037 1.46757 0.994646 0.0300847 -0.0988643 19.0495 
-0.0977581 0.0514121 -0.993881 -50.9199 -0.024534 0.998237 0.0540505 1.51403 0.994908 0.0296678 -0.0963244 18.9169 
-0.0935995 0.0518543 -0.994259 -52.0503 -0.0289857 0.998078 0.0547822 1.56017 0.995188 0.0339469 -0.0919165 18.7784 
-0.0876362 0.0526694 -0.994759 -53.1832 -0.0339959 0.997861 0.0558286 1.6059 0.995572 0.0387103 -0.0856582 18.647 
-0.0817348 0.0523656 -0.995278 -54.3122 -0.0377908 0.997738 0.0555985 1.65162 0.995937 0.0421567 -0.079571 18.5273 
-0.0762532 0.0514668 -0.995759 -55.4472 -0.0390662 0.997746 0.0545611 1.69912 0.996323 0.043061 -0.0740707 18.4201 
-0.070643 0.0506298 -0.996216 -56.5777 -0.0384237 0.997832 0.0534365 1.74428 0.996761 0.0420532 -0.0685445 18.3213 
-0.0656051 0.0506543 -0.996559 -57.7125 -0.0365336 0.997919 0.0531285 1.78571 0.997177 0.0398934 -0.063618 18.2326 
-0.0599988 0.0512093 -0.996884 -58.8574 -0.0354013 0.997946 0.0533945 1.83334 0.997571 0.0384947 -0.0580626 18.1441 
-0.0544409 0.0530546 -0.997107 -60.0133 -0.0341617 0.997904 0.0549622 1.874 0.997932 0.0370551 -0.0525143 18.0605 
-0.0489904 0.0542645 -0.997324 -61.1675 -0.0348336 0.997823 0.0560028 1.92117 0.998192 0.037484 -0.0469935 17.9842 
-0.0441179 0.0536271 -0.997586 -62.3198 -0.0343273 0.997887 0.0551614 1.96652 0.998436 0.0366781 -0.0421838 17.9177 
-0.0393396 0.0490185 -0.998023 -63.4677 -0.0342691 0.998142 0.0503751 2.01123 0.998638 0.0361831 -0.0375867 17.8549 
-0.0350124 0.0437682 -0.998428 -64.616 -0.0341004 0.998407 0.0449631 2.05173 0.998805 0.0356211 -0.033464 17.7964 
-0.0314456 0.0433278 -0.998566 -65.7656 -0.033702 0.998446 0.0443839 2.08777 0.998937 0.0350494 -0.0299365 17.7428 
-0.0281205 0.0458189 -0.998554 -66.9294 -0.0328454 0.998367 0.0467353 2.12285 0.999065 0.0341122 -0.0265696 17.6872 
-0.0259421 0.0453526 -0.998634 -68.0993 -0.033194 0.99838 0.0462033 2.16068 0.999112 0.0343473 -0.0243946 17.6339 
-0.0248208 0.0450736 -0.998675 -69.2728 -0.0350657 0.998329 0.0459295 2.20148 0.999077 0.0361593 -0.0231988 17.5775 
-0.0238953 0.0458741 -0.998661 -70.4513 -0.0362414 0.99825 0.0467224 2.24045 0.999057 0.0373094 -0.022191 17.5236 
-0.0225155 0.0455432 -0.998709 -71.6334 -0.0371361 0.998234 0.0463587 2.27585 0.999057 0.0381319 -0.0207844 17.4699 
-0.0213026 0.0435251 -0.998825 -72.8197 -0.0376346 0.998309 0.0443053 2.31395 0.999065 0.0385342 -0.0196286 17.4195 
-0.0207954 0.0421725 -0.998894 -74.0107 -0.0357446 0.99844 0.0428974 2.35108 0.999145 0.0365971 -0.0192555 17.3763 
-0.0203341 0.0419839 -0.998911 -75.2 -0.03257 0.99856 0.0426322 2.38606 0.999263 0.0334015 -0.0189374 17.3343 
-0.0203618 0.0427351 -0.998879 -76.387 -0.0302022 0.998604 0.043339 2.418 0.999336 0.0310509 -0.0190426 17.2967 
-0.0203734 0.045368 -0.998763 -77.5726 -0.0299655 0.998493 0.045967 2.45235 0.999343 0.030865 -0.0189832 17.2503 
-0.0201079 0.0491049 -0.998591 -78.759 -0.0322625 0.998241 0.0497374 2.48541 0.999277 0.0332172 -0.0184883 17.2033 
-0.0193783 0.0489256 -0.998614 -79.9379 -0.0341975 0.998185 0.0495682 2.52285 0.999227 0.0351107 -0.01767 17.154 
-0.0192049 0.0467681 -0.998721 -81.111 -0.0353164 0.99825 0.0474252 2.56156 0.999192 0.036182 -0.0175196 17.1103 
-0.0190151 0.0445003 -0.998828 -82.292 -0.0352697 0.998357 0.0451508 2.59636 0.999197 0.036087 -0.0174144 17.0677 
-0.0191184 0.0437009 -0.998862 -83.4677 -0.0328902 0.998476 0.0443136 2.63195 0.999276 0.0337 -0.0176519 17.0278 
-0.0193225 0.0452722 -0.998788 -84.6428 -0.0316195 0.998447 0.0458685 2.66481 0.999313 0.0324675 -0.0178611 16.9898 
-0.0190977 0.0482291 -0.998654 -85.8195 -0.0309356 0.998329 0.048805 2.69678 0.999339 0.0318261 -0.0175737 16.9485 
-0.0185378 0.0503766 -0.998558 -87.0009 -0.0313845 0.998208 0.0509415 2.73592 0.999336 0.0322836 -0.0169235 16.9015 
-0.018429 0.0507209 -0.998543 -88.1729 -0.0327601 0.998146 0.0513053 2.77137 0.999293 0.0336579 -0.0167332 16.8554 
-0.0183619 0.0485651 -0.998651 -89.3518 -0.0320733 0.998277 0.0491367 2.81209 0.999317 0.0329323 -0.0167726 16.8193 
-0.0179888 0.0472984 -0.998719 -90.518 -0.0304561 0.998391 0.0478314 2.84684 0.999374 0.0312775 -0.0165193 16.7789 
-0.0181262 0.0482767 -0.99867 -91.6785 -0.028626 0.998399 0.0487832 2.88298 0.999426 0.0294722 -0.0167152 16.7422 
-0.0180017 0.0511108 -0.998531 -92.8592 -0.02617 0.998326 0.0515721 2.923 0.999495 0.0270599 -0.016634 16.7073 
-0.018175 0.0537987 -0.998386 -94.0382 -0.0248946 0.998217 0.0542427 2.96215 0.999525 0.0258403 -0.0168033 16.6707 
-0.0177677 0.0554781 -0.998302 -95.2098 -0.0254745 0.99811 0.0559209 3.00527 0.999518 0.0264249 -0.0163208 16.63 
-0.0175635 0.0572857 -0.998203 -96.3807 -0.0277735 0.997944 0.0577595 3.05151 0.99946 0.0287381 -0.0159363 16.5871 
-0.0173157 0.0564427 -0.998256 -97.5449 -0.0299561 0.997928 0.0569438 3.09501 0.999401 0.0308899 -0.015589 16.543 
-0.0175332 0.0525441 -0.998465 -98.7036 -0.0323706 0.998065 0.0530915 3.13649 0.999322 0.0332518 -0.0157984 16.498 
-0.0173061 0.0508446 -0.998557 -99.8743 -0.0335792 0.998113 0.051404 3.17935 0.999286 0.0344204 -0.0155662 16.4539 
-0.017417 0.0492368 -0.998635 -101.037 -0.0335582 0.998195 0.0498004 3.22005 0.999285 0.0343798 -0.0157333 16.4168 
-0.0174081 0.0496474 -0.998615 -102.197 -0.0321982 0.998221 0.050189 3.25951 0.99933 0.0330273 -0.0157785 16.3812 
-0.0176923 0.0519451 -0.998493 -103.352 -0.0325012 0.998092 0.0525001 3.29565 0.999315 0.0333811 -0.0159702 16.3398 
-0.0178386 0.0540445 -0.998379 -104.518 -0.0310181 0.998028 0.0545797 3.33879 0.99936 0.0319415 -0.0161271 16.3039 
-0.0184368 0.0530854 -0.99842 -105.682 -0.0348212 0.99795 0.0537034 3.38374 0.999224 0.0357564 -0.0165505 16.2579 
-0.0187308 0.054171 -0.998356 -106.852 -0.0391297 0.997726 0.054871 3.43114 0.999059 0.0400932 -0.0165686 16.2088 
-0.0192073 0.0531727 -0.998401 -108.024 -0.0423112 0.997647 0.0539466 3.47811 0.99892 0.0432797 -0.0169123 16.1607 
-0.019358 0.0491849 -0.998602 -109.208 -0.0430833 0.997821 0.0499816 3.52449 0.998884 0.0439907 -0.0171968 16.1114 
-0.0201173 0.0452963 -0.998771 -110.388 -0.0431576 0.998003 0.0461307 3.56643 0.998866 0.0440327 -0.0181223 16.0658 
-0.0213498 0.044516 -0.998781 -111.58 -0.0394104 0.998194 0.0453323 3.6036 0.998995 0.0403302 -0.0195569 16.0264 
-0.0219551 0.0439551 -0.998792 -112.781 -0.0349069 0.99839 0.0447047 3.64172 0.999149 0.0358462 -0.0203854 15.9869 
-0.0225522 0.0457712 -0.998697 -113.997 -0.0340084 0.998338 0.0465227 3.68426 0.999167 0.0350133 -0.0209581 15.9402 
-0.0235449 0.0498734 -0.998478 -115.216 -0.0331814 0.998166 0.0506403 3.72498 0.999172 0.0343232 -0.0218469 15.8935 
-0.0242813 0.050014 -0.998453 -116.445 -0.0316636 0.998208 0.0507718 3.77108 0.999204 0.0328475 -0.0226542 15.8455 
-0.0248385 0.0456023 -0.998651 -117.687 -0.0316652 0.998422 0.0463794 3.8178 0.99919 0.0327746 -0.0233553 15.7877 
-0.0256781 0.0416867 -0.998801 -118.936 -0.0317006 0.998594 0.042493 3.86506 0.999168 0.0327538 -0.0243205 15.7293 
-0.0264219 0.0402675 -0.99884 -120.187 -0.031089 0.998672 0.0410831 3.90321 0.999167 0.0321385 -0.0251349 15.6709 
-0.0272042 0.0415089 -0.998768 -121.442 -0.0329928 0.998556 0.0423987 3.94084 0.999085 0.0341056 -0.0257954 15.6138 
-0.0276834 0.0458357 -0.998565 -122.706 -0.0377404 0.998188 0.0468647 3.98327 0.998904 0.0389836 -0.0259034 15.5471 
-0.0280131 0.04899 -0.998406 -123.972 -0.0431505 0.997808 0.0501714 4.02445 0.998676 0.0444872 -0.0258377 15.4809 
-0.0283395 0.0486142 -0.998416 -125.233 -0.0503253 0.997481 0.0499972 4.06992 0.998331 0.0516625 -0.0258216 15.4127 
-0.0283262 0.0465688 -0.998513 -126.496 -0.0535514 0.997409 0.0480365 4.11325 0.998163 0.0548325 -0.025759 15.3471 
-0.0290994 0.0452672 -0.998551 -127.764 -0.0556093 0.997354 0.0468335 4.15493 0.998029 0.0568916 -0.0265051 15.2853 
-0.0299868 0.0447438 -0.998548 -129.037 -0.0556681 0.997372 0.0463628 4.19339 0.997999 0.0569776 -0.0274172 15.2241 
-0.0305639 0.0440443 -0.998562 -130.302 -0.0534389 0.997528 0.0456344 4.22888 0.998103 0.0547569 -0.0281347 15.1656 
-0.0311295 0.0446612 -0.998517 -131.566 -0.0535049 0.997494 0.0462835 4.26901 0.998082 0.0548663 -0.0286619 15.1048 
-0.0321383 0.0498062 -0.998242 -132.828 -0.053328 0.99725 0.0514736 4.30908 0.99806 0.0548886 -0.0293938 15.0444 
-0.0331772 0.0540655 -0.997986 -134.098 -0.0520618 0.997087 0.0557476 4.35159 0.998093 0.0538066 -0.0302658 14.9866 
-0.0331481 0.0527242 -0.998059 -135.356 -0.0524731 0.997139 0.0544183 4.40082 0.998072 0.0541752 -0.0302866 14.9217 
-0.0325611 0.0512779 -0.998154 -136.609 -0.0520715 0.99724 0.0529296 4.44994 0.998112 0.0536988 -0.0298011 14.8585 
-0.0315531 0.0506938 -0.998216 -137.86 -0.0510294 0.997329 0.0522618 4.49247 0.998199 0.0525874 -0.0288819 14.7977 
-0.0307257 0.0498493 -0.998284 -139.114 -0.0510931 0.997372 0.0513763 4.53749 0.998221 0.052584 -0.0280979 14.7354 
-0.0301172 0.0517483 -0.998206 -140.374 -0.0507721 0.997291 0.0532327 4.58459 0.998256 0.0522843 -0.0274082 14.6761 
-0.0297334 0.0553966 -0.998022 -141.634 -0.0516248 0.997045 0.0568805 4.63183 0.998224 0.053214 -0.0267857 14.6209 
-0.0285324 0.0564204 -0.997999 -142.889 -0.0532875 0.9969 0.0578818 4.6817 0.998172 0.0548324 -0.0254374 14.5601 
-0.0276441 0.0534463 -0.998188 -144.137 -0.0554024 0.996953 0.0549145 4.73279 0.998081 0.0568201 -0.0245988 14.4985 
-0.0277367 0.0504453 -0.998342 -145.388 -0.0541917 0.997181 0.0518923 4.78147 0.998145 0.0555412 -0.0249248 14.4431 
-0.0276999 0.0489579 -0.998417 -146.632 -0.0513812 0.99741 0.0503341 4.82431 0.998295 0.0526941 -0.0251126 14.3895 
-0.0278144 0.0483502 -0.998443 -147.881 -0.0498037 0.997522 0.049693 4.86921 0.998372 0.0511084 -0.0253374 14.3288 
-0.0282458 0.0484624 -0.998426 -149.129 -0.0469304 0.997658 0.0497528 4.91326 0.998499 0.0482618 -0.0259053 14.2766 
-0.0286079 0.0471665 -0.998477 -150.375 -0.0449466 0.997815 0.0484231 4.95298 0.99858 0.0462635 -0.0264254 14.223 
-0.0290882 0.0474038 -0.998452 -151.617 -0.0441097 0.997841 0.0486598 4.99261 0.998603 0.0454568 -0.0269344 14.1716 
-0.0294665 0.050005 -0.998314 -152.864 -0.041608 0.997821 0.0512084 5.03723 0.998699 0.0430469 -0.0273217 14.1172 
-0.0295333 0.0513697 -0.998243 -154.101 -0.0389896 0.997859 0.0525035 5.08122 0.998803 0.0404717 -0.0274672 14.0608 
-0.0299895 0.0501145 -0.998293 -155.328 -0.0367155 0.998013 0.0512034 5.12231 0.998876 0.0381885 -0.02809 14.0077 
-0.0308782 0.0502937 -0.998257 -156.565 -0.0376954 0.997964 0.051445 5.16615 0.998812 0.0392183 -0.0289195 13.9467 
-0.0312527 0.0549133 -0.998002 -157.806 -0.038356 0.997688 0.0560971 5.21312 0.998775 0.0400326 -0.0290742 13.8895 
-0.0307537 0.0613293 -0.997644 -159.042 -0.0433282 0.997096 0.0626312 5.26289 0.998587 0.0451523 -0.0280071 13.823 
-0.0299264 0.0612481 -0.997674 -160.268 -0.0479159 0.996886 0.062637 5.31822 0.998403 0.049679 -0.0268984 13.7577 
-0.0289553 0.0571496 -0.997946 -161.501 -0.0515732 0.996949 0.0585889 5.37592 0.998249 0.0531638 -0.0259196 13.6965 
-0.0276141 0.0515566 -0.998288 -162.728 -0.0533366 0.997171 0.0529742 5.4276 0.998195 0.0547082 -0.0247861 13.6379 
-0.0267209 0.0497576 -0.998404 -163.96 -0.0558659 0.997125 0.051189 5.4757 0.998081 0.0571446 -0.0238643 13.574 
-0.0255645 0.0469253 -0.998571 -165.186 -0.0505787 0.997558 0.0481726 5.51442 0.998393 0.0517379 -0.0231286 13.5254 
-0.0255173 0.042734 -0.998761 -166.406 -0.0476583 0.997898 0.0439147 5.55112 0.998538 0.0487198 -0.023427 13.4738 
-0.0260923 0.0396206 -0.998874 -167.629 -0.0413858 0.998315 0.0406795 5.58652 0.998803 0.0424007 -0.0244086 13.4303 
-0.0273486 0.0425522 -0.99872 -168.865 -0.0391485 0.998282 0.0436056 5.62471 0.998859 0.040291 -0.0256358 13.38 
-0.0268025 0.0486869 -0.998454 -170.118 -0.039583 0.997978 0.0497263 5.66677 0.998857 0.0408547 -0.0248212 13.3262 
-0.02523 0.0518101 -0.998338 -171.351 -0.0412632 0.997751 0.0528225 5.71008 0.99883 0.0425274 -0.0230355 13.2702 
-0.0233465 0.0486912 -0.998541 -172.569 -0.0425057 0.997862 0.0496519 5.75268 0.998823 0.0436029 -0.0212269 13.2133 
-0.0229799 0.0486145 -0.998553 -173.798 -0.0449256 0.997758 0.0496097 5.797 0.998726 0.0460007 -0.0207443 13.1621 
-0.0221496 0.0497979 -0.998514 -175.02 -0.0427969 0.997796 0.0507114 5.83546 0.998838 0.0438566 -0.0199696 13.1172 
-0.0217864 0.0478316 -0.998618 -176.229 -0.0429897 0.997886 0.0487345 5.8747 0.998838 0.043992 -0.0196841 13.073 
-0.0201621 0.0464008 -0.998719 -177.41 -0.0433779 0.997941 0.0472403 5.91135 0.998855 0.0442749 -0.0181079 13.0263 
-0.0187474 0.0482777 -0.998658 -178.569 -0.0445823 0.9978 0.0490731 5.94325 0.99883 0.0454425 -0.0165538 12.9835 
-0.0175306 0.0501945 -0.998586 -179.703 -0.0441754 0.997725 0.0509267 5.97278 0.99887 0.0450058 -0.0152733 12.9428 
-0.0170939 0.0516485 -0.998519 -180.809 -0.0452234 0.997603 0.0523753 6.00199 0.998831 0.0460518 -0.0147172 12.9008 
-0.0171475 0.0529065 -0.998452 -181.893 -0.0456066 0.997518 0.0536402 6.03248 0.998812 0.0464558 -0.0146921 12.8628 
-0.0175471 0.0539692 -0.998388 -182.954 -0.0448365 0.997495 0.054709 6.06278 0.99884 0.0457243 -0.0150834 12.8257 
-0.0170309 0.0531076 -0.998444 -183.99 -0.0451713 0.997528 0.0538294 6.09636 0.998834 0.0460178 -0.0145898 12.7841 
-0.01582 0.0531305 -0.998462 -184.978 -0.0462922 0.997478 0.0538116 6.12497 0.998803 0.0470723 -0.0133205 12.7507 
-0.014621 0.0539244 -0.998438 -185.94 -0.0470249 0.997403 0.0545571 6.15466 0.998787 0.0477492 -0.0120473 12.7194 
-0.0156687 0.0524827 -0.998499 -186.889 -0.0452208 0.997563 0.0531431 6.18152 0.998854 0.0459856 -0.0132572 12.692 
-0.0188513 0.0496334 -0.99859 -187.831 -0.043031 0.997801 0.0504065 6.20801 0.998896 0.0439206 -0.0166741 12.6584 
-0.0241298 0.0461288 -0.998644 -188.771 -0.0426781 0.997977 0.0471292 6.23486 0.998797 0.0437575 -0.0221123 12.6197 
-0.0295282 0.0430816 -0.998635 -189.708 -0.044259 0.998035 0.0443644 6.2639 0.998584 0.0455086 -0.0275634 12.5761 
-0.0335566 0.0420705 -0.998551 -190.651 -0.0463349 0.997974 0.0436033 6.29535 0.998362 0.047731 -0.0315393 12.5239 
-0.0368513 0.0425743 -0.998413 -191.59 -0.0477562 0.997876 0.0443141 6.32404 0.998179 0.0493135 -0.0347398 12.4726 
-0.0392994 0.0444106 -0.99824 -192.528 -0.0463313 0.997856 0.0462175 6.35011 0.998153 0.0480661 -0.0371576 12.4254 
-0.0411162 0.0459126 -0.998099 -193.466 -0.0433515 0.997921 0.0476903 6.38037 0.998213 0.04523 -0.0390404 12.375 
-0.0428494 0.0463999 -0.998004 -194.392 -0.0417636 0.997965 0.0481912 6.40939 0.998208 0.0437452 -0.0408244 12.3232 
-0.0440656 0.0454229 -0.997996 -195.3 -0.0419721 0.998 0.0472763 6.43547 0.998147 0.0439713 -0.0420709 12.2666 
-0.0450698 0.0440075 -0.998014 -196.207 -0.043784 0.997982 0.0459834 6.46492 0.998024 0.0457696 -0.043052 12.2086 
-0.0451245 0.0430138 -0.998055 -197.118 -0.047109 0.99787 0.0451357 6.49477 0.99787 0.0490541 -0.043002 12.1466 
-0.0443739 0.0411951 -0.998165 -198.028 -0.0496948 0.997822 0.0433901 6.5208 0.997778 0.051529 -0.04223 12.0851 
-0.0434959 0.0385124 -0.998311 -198.94 -0.0498974 0.997926 0.0406715 6.54514 0.997807 0.0515822 -0.041484 12.0281 
-0.0430452 0.0359679 -0.998426 -199.854 -0.0497181 0.998036 0.0380974 6.57005 0.997835 0.0512798 -0.0411724 11.9714 
-0.0424109 0.0355348 -0.998468 -200.78 -0.0497268 0.998054 0.0376322 6.59449 0.997862 0.0512467 -0.0405613 11.914 
-0.0420449 0.0384229 -0.998377 -201.714 -0.0474046 0.998058 0.040407 6.61728 0.997991 0.0490266 -0.0401419 11.8618 
-0.0422591 0.0397757 -0.998315 -202.656 -0.0469436 0.998025 0.0417513 6.64011 0.998003 0.0486289 -0.0403084 11.8067 
-0.0413688 0.0362352 -0.998487 -203.602 -0.0420342 0.998394 0.0379733 6.66233 0.998259 0.0435415 -0.0397793 11.7516 
-0.0411109 0.0330286 -0.998609 -204.544 -0.040606 0.998573 0.0346991 6.68912 0.998329 0.041976 -0.0397111 11.6992 
-0.0406553 0.0330859 -0.998625 -205.489 -0.0450085 0.998376 0.03491 6.71605 0.998159 0.046366 -0.0391001 11.6351 
-0.0392678 0.0369907 -0.998544 -206.448 -0.0462509 0.998176 0.0387959 6.73742 0.998158 0.047707 -0.0374854 11.5766 
-0.0374673 0.0364341 -0.998633 -207.412 -0.0438815 0.998311 0.0380687 6.76363 0.998334 0.0452479 -0.0358052 11.5262 
-0.0353716 0.0376178 -0.998666 -208.385 -0.0425666 0.998328 0.0391127 6.79558 0.998467 0.0438933 -0.0337112 11.4764 
-0.0337726 0.0423229 -0.998533 -209.366 -0.0433387 0.998101 0.0437704 6.82411 0.998489 0.0447535 -0.0318743 11.4243 
-0.0322231 0.046621 -0.998393 -210.361 -0.0402275 0.998042 0.047903 6.85256 0.998671 0.0417065 -0.0302846 11.38 
-0.0310892 0.0471891 -0.998402 -211.361 -0.039693 0.998039 0.0484079 6.88706 0.998728 0.0411346 -0.0291551 11.333 
-0.0292488 0.0475854 -0.998439 -212.367 -0.0429499 0.997884 0.0488172 6.92543 0.998649 0.0443107 -0.0271431 11.285 
-0.0263037 0.049172 -0.998444 -213.385 -0.0456789 0.997687 0.0503381 6.96353 0.99861 0.0469319 -0.0239968 11.2336 
-0.0229255 0.049344 -0.998519 -214.409 -0.0466875 0.997639 0.0503724 6.99971 0.998646 0.0477732 -0.0205676 11.1912 
-0.0201088 0.0466729 -0.998708 -215.434 -0.0495126 0.997638 0.0476198 7.0359 0.998571 0.0504062 -0.0177504 11.1484 
-0.0175565 0.0433725 -0.998905 -216.468 -0.0493737 0.997802 0.0441924 7.07332 0.998626 0.0500955 -0.0153765 11.1151 
-0.0159912 0.0424962 -0.998969 -217.51 -0.0484746 0.997889 0.0432263 7.10758 0.998696 0.0491158 -0.0138975 11.082 
-0.0146092 0.0446902 -0.998894 -218.565 -0.0492791 0.997755 0.04536 7.14139 0.998678 0.0498873 -0.0123741 11.0473 
-0.0132201 0.0478629 -0.998766 -219.627 -0.0508714 0.997528 0.0484769 7.17765 0.998618 0.0514495 -0.0107526 11.0115 
-0.0118397 0.0476756 -0.998793 -220.691 -0.0507763 0.997545 0.0482179 7.21197 0.99864 0.0512859 -0.00938986 10.9796 
-0.0110934 0.0449117 -0.998929 -221.76 -0.0492943 0.997752 0.0454062 7.24727 0.998723 0.0497453 -0.00885461 10.9518 
-0.011129 0.0421222 -0.999051 -222.84 -0.0464211 0.998013 0.0425955 7.28162 0.99886 0.0468511 -0.00915151 10.9261 
-0.0114334 0.0410972 -0.99909 -223.929 -0.0446395 0.998138 0.0415689 7.31379 0.998938 0.0450742 -0.00957758 10.9017 
-0.0113783 0.040193 -0.999127 -225.027 -0.0447409 0.998171 0.040664 7.3453 0.998934 0.0451646 -0.00955922 10.8726 
-0.0110431 0.0401203 -0.999134 -226.129 -0.0447119 0.998176 0.040576 7.37731 0.998939 0.0451213 -0.00922907 10.8418 
-0.0113578 0.040969 -0.999096 -227.236 -0.0463812 0.998063 0.0414539 7.40879 0.998859 0.0468102 -0.00943562 10.8092 
-0.0118124 0.0432096 -0.998996 -228.348 -0.0469232 0.997941 0.0437188 7.44104 0.998829 0.0473925 -0.00976056 10.7745 
-0.0127889 0.0448813 -0.998911 -229.476 -0.0472498 0.997849 0.0454386 7.47775 0.998801 0.0477795 -0.0106407 10.7401 
-0.0135288 0.0465551 -0.998824 -230.618 -0.0481408 0.997727 0.047156 7.51752 0.998749 0.0487222 -0.0112569 10.7035 
-0.014319 0.0475118 -0.998768 -231.766 -0.0503727 0.997568 0.0481769 7.55748 0.998628 0.0510006 -0.0118909 10.662 
-0.0152023 0.0460846 -0.998822 -232.927 -0.0525777 0.997518 0.0468247 7.59985 0.998501 0.0532276 -0.0127416 10.6137 
-0.016307 0.0416192 -0.999001 -234.092 -0.0510111 0.997798 0.0424018 7.63703 0.998565 0.0516516 -0.0141481 10.5726 
-0.0173743 0.0354906 -0.999219 -235.263 -0.0478904 0.998193 0.0362869 7.67328 0.998702 0.0484835 -0.0156433 10.5295 
-0.0193968 0.0311896 -0.999325 -236.447 -0.0431013 0.998558 0.0320022 7.70229 0.998882 0.043693 -0.0180245 10.4888 
-0.0215647 0.0314824 -0.999272 -237.647 -0.0368479 0.9988 0.0322628 7.72855 0.999088 0.0375168 -0.0203788 10.45 
-0.02389 0.0356288 -0.99908 -238.86 -0.0322961 0.998816 0.0363917 7.7536 0.999193 0.0331358 -0.022711 10.4084 
-0.0260794 0.0381539 -0.998932 -240.067 -0.0301532 0.998787 0.0389356 7.78146 0.999205 0.0311365 -0.0248973 10.358 
-0.027995 0.0376093 -0.9989 -241.271 -0.0284513 0.998857 0.038405 7.81285 0.999203 0.0294952 -0.026893 10.3012 
-0.0302594 0.0383369 -0.998807 -242.482 -0.0285614 0.998823 0.0392028 7.84363 0.999134 0.0297136 -0.0291288 10.2405 
-0.0322967 0.0398914 -0.998682 -243.702 -0.0274617 0.998791 0.0407838 7.87627 0.999101 0.0287427 -0.0311621 10.1796 
-0.0345553 0.0393883 -0.998626 -244.93 -0.0267928 0.998827 0.0403233 7.91118 0.999044 0.0281494 -0.0334595 10.1127 
-0.0367072 0.0379911 -0.998604 -246.159 -0.0267948 0.99888 0.0389866 7.94281 0.998967 0.0281885 -0.0356481 10.0405 
-0.0391734 0.0376335 -0.998524 -247.393 -0.026511 0.9989 0.0386878 7.97466 0.998881 0.0279875 -0.0381326 9.97051 
-0.0415214 0.0387512 -0.998386 -248.634 -0.0271255 0.998836 0.0398968 8.00469 0.998769 0.0287383 -0.0404219 9.89471 
-0.0438205 0.0390509 -0.998276 -249.885 -0.0275261 0.998809 0.0402801 8.03735 0.99866 0.0292438 -0.0426934 9.8156 
-0.0464174 0.0400284 -0.99812 -251.138 -0.0286911 0.998731 0.0413872 8.06973 0.99851 0.0305583 -0.0452101 9.73456 
-0.0487133 0.0417166 -0.997941 -252.402 -0.0307099 0.998593 0.0432429 8.1049 0.998341 0.0327532 -0.0473636 9.647 
-0.0502172 0.042466 -0.997835 -253.662 -0.0323587 0.998502 0.0441229 8.13992 0.998214 0.0345044 -0.0487678 9.55757 
-0.0513372 0.0427298 -0.997767 -254.927 -0.0346778 0.998406 0.0445414 8.17647 0.998079 0.036887 -0.0497736 9.46698 
-0.0512979 0.0427828 -0.997767 -256.192 -0.0351985 0.998384 0.044619 8.21219 0.998063 0.0374088 -0.0497091 9.37579 
-0.0515216 0.0416769 -0.997802 -257.46 -0.0341318 0.998472 0.0434673 8.24709 0.998088 0.0362963 -0.0500203 9.2889 
-0.0514259 0.0406816 -0.997848 -258.724 -0.0312839 0.998614 0.0423251 8.28303 0.998187 0.0333932 -0.050082 9.20586 
-0.0519218 0.0405544 -0.997827 -259.984 -0.0300996 0.998658 0.0421544 8.31444 0.998197 0.032223 -0.0506314 9.12039 
-0.0519265 0.0410013 -0.997809 -261.243 -0.0298477 0.998647 0.042589 8.34704 0.998205 0.0319938 -0.0506324 9.03034 
-0.0519102 0.0410113 -0.997809 -262.501 -0.0291414 0.998669 0.0425626 8.37938 0.998227 0.031287 -0.050646 8.94371 
-0.0516661 0.0417509 -0.997791 -263.765 -0.0287012 0.998651 0.043273 8.41152 0.998252 0.0308736 -0.0503981 8.85407 
-0.0517358 0.0429165 -0.997738 -265.031 -0.0260419 0.998679 0.0443073 8.4444 0.998321 0.0282753 -0.0505498 8.76775 
-0.0519774 0.0454752 -0.997612 -266.289 -0.0216355 0.998677 0.046651 8.47985 0.998414 0.0240086 -0.0509247 8.68831 
-0.0524079 0.0492319 -0.997412 -267.53 -0.018794 0.998559 0.050276 8.50954 0.998449 0.0213802 -0.0514071 8.60975 
-0.0524722 0.051765 -0.99728 -268.779 -0.016493 0.998474 0.0526948 8.54835 0.998486 0.0192132 -0.0515384 8.52759 
-0.0524091 0.0501365 -0.997366 -270.014 -0.0169173 0.998551 0.051085 8.58923 0.998482 0.0195502 -0.051485 8.44058 
-0.0524802 0.0484988 -0.997444 -271.244 -0.0193499 0.998583 0.0495723 8.63137 0.998435 0.0219021 -0.0514674 8.34983 
-0.0529212 0.0512556 -0.997282 -272.481 -0.0252041 0.998295 0.0526452 8.67656 0.998281 0.0279217 -0.0515391 8.25088 
-0.0529251 0.0571099 -0.996964 -273.727 -0.0306087 0.997801 0.0587827 8.72145 0.998129 0.0336269 -0.0510607 8.15311 
-0.0526224 0.0564626 -0.997017 -274.955 -0.034702 0.997694 0.0583325 8.76965 0.998011 0.0376681 -0.0505416 8.0566 
-0.0522011 0.049626 -0.997403 -276.191 -0.034392 0.998083 0.0514598 8.8199 0.998044 0.0369889 -0.0503943 7.96413 
-0.0527329 0.0441845 -0.997631 -277.421 -0.0312109 0.99846 0.045871 8.86215 0.998121 0.0335559 -0.0512726 7.88181 
-0.0526893 0.0434855 -0.997664 -278.65 -0.0254273 0.998669 0.0448722 8.89657 0.998287 0.0277322 -0.0515134 7.80299 
-0.0517898 0.045147 -0.997637 -279.893 -0.0221965 0.998679 0.0463465 8.93614 0.998411 0.0245444 -0.0507192 7.73166 
-0.0501611 0.0473738 -0.997617 -281.128 -0.0214665 0.998593 0.0484995 8.97062 0.99851 0.0238482 -0.0490736 7.64763 
-0.0490575 0.0496068 -0.997563 -282.362 -0.0226771 0.998453 0.0507662 9.01233 0.998539 0.0251124 -0.0478567 7.56154 
-0.0479933 0.0510357 -0.997543 -283.598 -0.0237433 0.998353 0.0522195 9.05378 0.998565 0.0261912 -0.0467025 7.47552 
-0.0473806 0.0522232 -0.997511 -284.828 -0.0243403 0.998276 0.0534194 9.09326 0.99858 0.0268108 -0.0460278 7.39838 
-0.0467107 0.0516447 -0.997573 -286.056 -0.0238705 0.99832 0.0528011 9.13332 0.998623 0.026279 -0.0453994 7.3165 
-0.0465363 0.0499139 -0.997669 -287.285 -0.0245233 0.998393 0.051094 9.17839 0.998616 0.0268439 -0.0452374 7.23578 
-0.0464855 0.0487305 -0.99773 -288.509 -0.0244898 0.998454 0.0499069 9.22014 0.998619 0.0267542 -0.0452202 7.15911 
-0.0463416 0.0485524 -0.997745 -289.743 -0.0248597 0.998453 0.0497415 9.25838 0.998616 0.0271088 -0.0450628 7.07661 
-0.0461024 0.0484539 -0.997761 -290.969 -0.0255391 0.998439 0.0496669 9.29784 0.99861 0.0277717 -0.044793 6.99435 
-0.0460928 0.0487894 -0.997745 -292.2 -0.0260768 0.998407 0.0500265 9.33734 0.998597 0.0283239 -0.0447471 6.91639 
-0.0458029 0.0489943 -0.997748 -293.427 -0.0251611 0.998423 0.0501825 9.37592 0.998634 0.027403 -0.0444979 6.83712 
-0.0458426 0.047366 -0.997825 -294.657 -0.0248569 0.998512 0.0485406 9.41399 0.998639 0.0270281 -0.044597 6.75567 
-0.0458181 0.0448061 -0.997944 -295.883 -0.0244776 0.998643 0.0459613 9.45227 0.99865 0.0265332 -0.0446592 6.67316 
-0.0462212 0.0418782 -0.998053 -297.105 -0.0255594 0.998744 0.0430909 9.4885 0.998604 0.0275014 -0.0450928 6.58967 
-0.0464507 0.0405751 -0.998096 -298.334 -0.0272443 0.998752 0.0418697 9.52156 0.998549 0.0291373 -0.0452873 6.50369 
-0.0469707 0.0405673 -0.998072 -299.568 -0.0303949 0.998654 0.0420213 9.55576 0.998434 0.0323101 -0.0456745 6.41635 
-0.0472911 0.0415463 -0.998017 -300.813 -0.0337611 0.998497 0.043166 9.59203 0.99831 0.0357355 -0.0458174 6.32693 
-0.0475256 0.0424139 -0.997969 -302.057 -0.0375276 0.998317 0.0442158 9.62672 0.998165 0.0395528 -0.0458539 6.23367 
-0.0478522 0.0424161 -0.997953 -303.286 -0.0389978 0.998257 0.044299 9.65969 0.998093 0.0410379 -0.0461147 6.14767 
-0.0483089 0.0402075 -0.998023 -304.527 -0.0388681 0.998357 0.0421023 9.69765 0.998076 0.0408253 -0.0466667 6.06307 
-0.0489186 0.0382099 -0.998072 -305.774 -0.0365998 0.998528 0.0400213 9.73024 0.998132 0.038487 -0.0474481 5.98106 
-0.0500441 0.03784 -0.99803 -307.019 -0.0338321 0.998644 0.0395597 9.7631 0.998174 0.0357452 -0.0486961 5.90231 
-0.0511814 0.0397765 -0.997897 -308.267 -0.0317265 0.998637 0.0414333 9.79688 0.998185 0.0337804 -0.0498497 5.82242 
