1 2.12261e-08 -2.11895e-08 0 2.12261e-08 1 2.10703e-08 0 -2.11895e-08 2.10703e-08 1 0 
0.999874 0.00158988 0.0157997 0.00959221 -0.00157613 0.999998 -0.000880119 -0.00395275 -0.0158012 0.000855148 0.999875 0.12006 
0.999295 0.00456744 0.0372702 0.0268146 -0.00455256 0.99999 -0.00048301 -0.00655767 -0.0372721 0.000313036 0.999305 0.256442 
0.997903 0.00628461 0.0644211 0.0599745 -0.00634676 0.99998 0.000760852 -0.00337793 -0.0644151 -0.00116808 0.997923 0.412801 
0.995128 0.00584524 0.0984203 0.107257 -0.0061779 0.999976 0.003076 -0.00659221 -0.0984 -0.00366901 0.99514 0.570281 
0.990653 0.00295335 0.136372 0.179147 -0.00367302 0.999981 0.00502629 -0.000826917 -0.136354 -0.00548017 0.990645 0.738844 
0.984367 -0.000217721 0.176128 0.251039 -0.000743072 0.999985 0.00538937 0.00144446 -0.176127 -0.00543595 0.984353 0.917891 
0.975513 -4.00267e-05 0.21994 0.340379 -0.00144308 0.999977 0.0065828 -0.00040545 -0.219935 -0.00673896 0.975491 1.10572 
0.963371 0.000257571 0.268173 0.437129 -0.00285235 0.999953 0.00928641 0.00333515 -0.268158 -0.00971115 0.963326 1.30447 
0.948807 -0.0036846 0.315835 0.537878 -0.00164374 0.999861 0.0166027 -0.000748871 -0.315853 -0.0162719 0.948669 1.49512 
0.931754 -0.0132948 0.362847 0.657276 0.00467672 0.999686 0.0246195 -0.0121687 -0.363061 -0.0212424 0.931523 1.6783 
0.910215 -0.0184697 0.413724 0.790567 0.00715085 0.999557 0.0288907 -0.0137481 -0.414074 -0.0233382 0.909944 1.87471 
0.884585 -0.0199932 0.46595 0.921368 0.00520679 0.999442 0.0329997 -0.0191554 -0.46635 -0.0267649 0.884195 2.06081 
0.855895 -0.0220402 0.51668 1.06089 0.00314462 0.999295 0.0374181 -0.0104038 -0.51714 -0.0304012 0.855361 2.23983 
0.823156 -0.0269233 0.567177 1.21777 0.00395506 0.999123 0.0416874 -0.0089771 -0.567802 -0.0320719 0.82254 2.41413 
0.786564 -0.032158 0.616671 1.39798 0.00559713 0.998973 0.0449552 -0.00374299 -0.617483 -0.0319086 0.785936 2.5939 
0.747824 -0.0361797 0.66291 1.60278 0.00621295 0.998852 0.0475057 -0.00145921 -0.663868 -0.0314073 0.74719 2.78598 
0.707013 -0.0389407 0.706128 1.83595 0.00691257 0.998816 0.0481603 0.0163384 -0.707167 -0.0291688 0.706445 2.98736 
0.6643 -0.0407869 0.746352 2.09778 0.00593322 0.998766 0.0493001 0.0269544 -0.747442 -0.0283218 0.663723 3.18563 
0.620681 -0.0407778 0.783002 2.38907 0.000770941 0.998678 0.0513989 0.036844 -0.784063 -0.0312986 0.619891 3.39647 
0.577834 -0.041591 0.815094 2.70704 -0.00245608 0.998608 0.0526962 0.0439825 -0.816151 -0.0324515 0.576927 3.6159 
0.536965 -0.0426939 0.842524 3.06698 -0.00443064 0.998562 0.0534248 0.0608244 -0.843593 -0.0324201 0.536003 3.82161 
0.497731 -0.0448454 0.866171 3.46186 -0.00590931 0.998464 0.0550905 0.0776467 -0.867311 -0.0325387 0.496701 4.02448 
0.459742 -0.0444682 0.886938 3.87294 -0.00896143 0.998462 0.0547048 0.0982398 -0.888007 -0.0330983 0.458637 4.22505 
0.422878 -0.0437291 0.905131 4.31045 -0.0098959 0.998553 0.052866 0.116921 -0.906133 -0.0313129 0.421833 4.41199 
0.38881 -0.0422682 0.920348 4.78237 -0.00875604 0.998732 0.0495672 0.13909 -0.921277 -0.0273308 0.387947 4.60004 
0.358763 -0.0403373 0.932557 5.29039 -0.0064419 0.998935 0.0456867 0.16439 -0.933407 -0.0223981 0.358121 4.78303 
0.333199 -0.0384294 0.942073 5.8284 -0.00524982 0.999078 0.0426116 0.188291 -0.942842 -0.0191438 0.33269 4.96308 
0.312981 -0.0377665 0.949008 6.3958 -0.00384005 0.999151 0.0410285 0.21455 -0.949752 -0.0164853 0.31257 5.14262 
0.297805 -0.0383289 0.953857 6.98851 -0.00290959 0.999153 0.0410575 0.236434 -0.954622 -0.0150025 0.297441 5.34074 
0.286417 -0.039811 0.957278 7.60483 -0.00187676 0.999111 0.0421123 0.258425 -0.958103 -0.0138582 0.286087 5.52257 
0.275567 -0.0415567 0.960383 8.258 -0.0030389 0.999023 0.0441007 0.284576 -0.961277 -0.0150712 0.275171 5.71525 
0.264834 -0.0433617 0.963319 8.93261 -0.00437976 0.998924 0.0461685 0.310166 -0.964284 -0.0164461 0.264359 5.91255 
0.25475 -0.0450725 0.965956 9.63272 -0.00535021 0.998832 0.0480176 0.337826 -0.966992 -0.0174006 0.254212 6.10382 
0.244749 -0.0467642 0.968458 10.3536 -0.00606711 0.998743 0.0497599 0.371413 -0.969568 -0.0180544 0.244157 6.2893 
0.234262 -0.048362 0.97097 11.1077 -0.00606834 0.99867 0.0512058 0.401757 -0.972155 -0.0178877 0.233657 6.48145 
0.223841 -0.0494289 0.973372 11.8705 -0.00632993 0.998618 0.0521667 0.437175 -0.974605 -0.0178384 0.223219 6.66589 
0.213323 -0.0523163 0.97558 12.6482 -0.00775853 0.998443 0.0552389 0.469392 -0.976951 -0.0193528 0.212585 6.84325 
0.202008 -0.0557945 0.977793 13.4451 -0.00936646 0.99822 0.0588952 0.508836 -0.979339 -0.0210557 0.201126 7.01826 
0.189822 -0.0595898 0.980009 14.2404 -0.0101577 0.997984 0.0626503 0.545667 -0.981766 -0.021847 0.188834 7.18187 
0.177061 -0.0617367 0.982262 15.0423 -0.0108811 0.997847 0.0646777 0.583984 -0.98414 -0.02214 0.176008 7.33041 
0.162927 -0.0622461 0.984673 15.8521 -0.0111575 0.997828 0.0649239 0.622725 -0.986575 -0.0215643 0.161879 7.47434 
0.148334 -0.0610956 0.987048 16.6659 -0.0125446 0.997893 0.0636521 0.662449 -0.988858 -0.0218239 0.147255 7.60968 
0.131578 -0.059878 0.989496 17.4844 -0.0131719 0.99798 0.062143 0.701635 -0.991218 -0.0212101 0.130523 7.73051 
0.111033 -0.0581825 0.992112 18.309 -0.0157006 0.998058 0.0602884 0.739763 -0.993693 -0.0222708 0.109904 7.8346 
0.0851885 -0.056936 0.994737 19.1407 -0.0201867 0.998062 0.0588552 0.773288 -0.99616 -0.0250942 0.0838741 7.92056 
0.0543686 -0.0564577 0.996924 19.9807 -0.0242506 0.998031 0.057843 0.807816 -0.998226 -0.0273208 0.0528924 7.98099 
0.0210016 -0.0562346 0.998197 20.812 -0.0273284 0.998012 0.0567991 0.840854 -0.999406 -0.0284719 0.019423 8.00444 
-0.0137437 -0.0555866 0.998359 21.6563 -0.0290796 0.998054 0.0551693 0.871032 -0.999483 -0.0282736 -0.0153334 7.99992 
-0.0479034 -0.0542917 0.997375 22.4991 -0.02992 0.998152 0.0528969 0.90082 -0.998404 -0.0273076 -0.0494392 7.96499 
-0.0808382 -0.0523022 0.995354 23.3372 -0.0315407 0.998256 0.0498931 0.926761 -0.996228 -0.0273609 -0.0823469 7.90119 
-0.113432 -0.0494698 0.992313 24.181 -0.0339239 0.99837 0.0458939 0.950018 -0.992966 -0.0284573 -0.114925 7.81416 
-0.145945 -0.0449924 0.988269 25.0147 -0.0311167 0.99868 0.0408711 0.969349 -0.988803 -0.0247868 -0.147152 7.69147 
-0.177469 -0.0390344 0.983352 25.8394 -0.025628 0.999058 0.0350328 0.984365 -0.983793 -0.0189841 -0.178302 7.53729 
-0.207825 -0.0327882 0.977616 26.6635 -0.0193567 0.99938 0.0294032 0.993262 -0.977975 -0.0128127 -0.208331 7.35773 
-0.236611 -0.026911 0.971232 27.4779 -0.0129782 0.999615 0.0245357 0.999548 -0.971518 -0.00679948 -0.236869 7.15079 
-0.264467 -0.0209316 0.964167 28.2877 -0.00455903 0.99978 0.0204543 0.998054 -0.964384 0.00101382 -0.264505 6.92479 
-0.290469 -0.0104751 0.956827 29.0866 0.0014367 0.999934 0.0113832 0.990261 -0.956883 0.00468112 -0.290434 6.67638 
-0.315451 0.00508126 0.948928 29.8779 0.0064071 0.999974 -0.00322466 0.975447 -0.94892 0.00506266 -0.315475 6.40047 
-0.340176 0.0224197 0.940094 30.6517 0.00723234 0.999749 -0.0212252 0.955981 -0.940334 -0.00042124 -0.340253 6.12392 
-0.365217 0.0372898 0.930175 31.4106 0.00790395 0.999286 -0.0369569 0.921142 -0.930889 -0.00614523 -0.36525 5.83018 
-0.389514 0.0477659 0.919781 32.1643 0.0117436 0.998831 -0.0468978 0.877846 -0.920946 -0.00746583 -0.38962 5.51301 
-0.412705 0.0517561 0.909393 32.9184 0.0147967 0.998634 -0.0501199 0.825085 -0.910745 -0.00722871 -0.412907 5.16717 
-0.435187 0.0515125 0.898865 33.6523 0.0182011 0.998661 -0.0484196 0.775288 -0.900156 -0.00471126 -0.435542 4.81494 
-0.455088 0.0472813 0.889191 34.3879 0.0217174 0.998882 -0.0419989 0.721823 -0.890182 0.000197776 -0.455605 4.43679 
-0.47267 0.0461342 0.880031 35.1036 0.0293642 0.998899 -0.0365939 0.673828 -0.88075 0.00854454 -0.473505 4.04358 
-0.486181 0.0465963 0.872615 35.8114 0.031537 0.998862 -0.0357668 0.625154 -0.873289 0.0101305 -0.487098 3.6473 
-0.49708 0.0507756 0.866218 36.5077 0.0357924 0.998637 -0.0379981 0.577742 -0.866966 0.0121159 -0.498219 3.25079 
-0.506768 0.0531387 0.860443 37.2021 0.0361285 0.998531 -0.0403883 0.532857 -0.861325 0.010619 -0.507944 2.84095 
-0.517487 0.0524216 0.854084 37.8862 0.0301462 0.998619 -0.0430272 0.484092 -0.85516 0.00348135 -0.518353 2.44602 
-0.528357 0.0510507 0.847486 38.5685 0.0295091 0.998692 -0.0417618 0.436531 -0.84851 0.0029434 -0.529172 2.02968 
-0.53698 0.0522858 0.841973 39.2488 0.0313455 0.998625 -0.0420227 0.388988 -0.843012 0.00382664 -0.537881 1.60285 
-0.54421 0.055267 0.837127 39.9297 0.0343364 0.998459 -0.0435962 0.341637 -0.838246 0.00501843 -0.545269 1.16766 
-0.547834 0.0581472 0.834564 40.6237 0.0352886 0.9983 -0.0463907 0.298618 -0.835843 0.00403622 -0.548954 0.730838 
-0.547487 0.060323 0.834637 41.3368 0.0346888 0.998177 -0.0493884 0.257137 -0.836095 0.00191306 -0.548582 0.27455 
-0.544111 0.0606375 0.836819 42.0662 0.0368141 0.99815 -0.0483908 0.206534 -0.838205 0.00447673 -0.545337 -0.191756 
-0.538325 0.0594627 0.840637 42.817 0.0348511 0.998225 -0.0482918 0.15425 -0.842016 0.00330043 -0.539442 -0.652436 
-0.53147 0.058153 0.845078 43.5882 0.0323994 0.998306 -0.0483212 0.105866 -0.846457 0.00169869 -0.532454 -1.11474 
-0.524219 0.0578004 0.84962 44.3786 0.0305318 0.998328 -0.0490789 0.0553164 -0.851036 0.000212398 -0.525107 -1.58884 
-0.517897 0.0563076 0.853588 45.1787 0.0277275 0.998412 -0.0490379 -0.00063878 -0.854994 -0.00172874 -0.518635 -2.0521 
-0.513594 0.0539627 0.856335 46.0022 0.0231442 0.998529 -0.0490422 -0.0534908 -0.857721 -0.00536861 -0.514087 -2.52216 
-0.5124 0.0512917 0.857214 46.8402 0.0188677 0.998646 -0.0484762 -0.108506 -0.858539 -0.00866557 -0.512674 -2.99314 
-0.512907 0.0487523 0.857059 47.6859 0.0155249 0.99875 -0.0475213 -0.163326 -0.858304 -0.0110683 -0.513022 -3.47261 
-0.513946 0.047594 0.856501 48.5427 0.0145438 0.9988 -0.0467741 -0.223641 -0.857699 -0.0115826 -0.514022 -3.9642 
-0.514672 0.0467097 0.856114 49.4027 0.0144752 0.998846 -0.0457951 -0.282659 -0.857265 -0.0111771 -0.514754 -4.45477 
-0.515387 0.0463145 0.855705 50.2733 0.0142599 0.998864 -0.0454742 -0.335996 -0.856839 -0.0112345 -0.515462 -4.94284 
-0.515665 0.0453954 0.855587 51.1582 0.0142136 0.998911 -0.0444332 -0.393252 -0.856672 -0.0107517 -0.515749 -5.4523 
-0.516033 0.0450621 0.855383 52.0624 0.0137046 0.998922 -0.0443561 -0.45323 -0.856459 -0.0111666 -0.516094 -5.97613 
-0.516404 0.04354 0.855237 52.9669 0.0119265 0.998975 -0.0436563 -0.511209 -0.856262 -0.0123443 -0.516395 -6.49656 
-0.516846 0.0426856 0.855013 53.8661 0.010909 0.999003 -0.0432797 -0.574601 -0.856009 -0.0130416 -0.516797 -7.00571 
-0.516449 0.0420264 0.855286 54.7514 0.00956701 0.999016 -0.043312 -0.634116 -0.856264 -0.0141859 -0.516343 -7.51492 
-0.515433 0.0403857 0.855977 55.6354 0.00925572 0.999093 -0.0415646 -0.697148 -0.85688 -0.0135011 -0.51534 -8.01994 
-0.513604 0.038513 0.857162 56.5326 0.00946257 0.999186 -0.0392243 -0.752815 -0.857975 -0.0120348 -0.513551 -8.53073 
-0.51164 0.0370663 0.8584 57.4128 0.00972471 0.999255 -0.0373522 -0.811783 -0.859145 -0.0107632 -0.511619 -9.02309 
-0.509843 0.0367687 0.859482 58.3101 0.00987924 0.999271 -0.0368886 -0.87176 -0.860211 -0.0103164 -0.509834 -9.50978 
-0.508298 0.0369662 0.860387 59.1947 0.00999064 0.999264 -0.0370307 -0.928843 -0.861123 -0.0102268 -0.508293 -10.0033 
-0.507956 0.0374303 0.86057 60.0787 0.00963499 0.99924 -0.0377746 -0.985266 -0.861329 -0.0108963 -0.50793 -10.4927 
-0.509151 0.0386869 0.859807 60.9621 0.00893906 0.999173 -0.0396642 -1.04459 -0.860631 -0.0125092 -0.509076 -10.9875 
-0.51225 0.0404826 0.857882 61.8371 0.00766551 0.999064 -0.0425677 -1.10279 -0.858802 -0.0152292 -0.512081 -11.4866 
-0.517108 0.0410854 0.854934 62.7391 0.00655644 0.999008 -0.0440434 -1.16304 -0.855895 -0.0171699 -0.516864 -11.9881 
-0.522588 0.0398017 0.851656 63.6082 0.00795376 0.999094 -0.0418116 -1.22288 -0.852548 -0.0150764 -0.522431 -12.5007 
-0.528029 0.0374887 0.848398 64.4689 0.00916499 0.999219 -0.038449 -1.28491 -0.849177 -0.0125266 -0.52796 -13.0221 
-0.533881 0.0349364 0.844838 65.3484 0.0059431 0.999276 -0.0375672 -1.3426 -0.845539 -0.0150354 -0.533702 -13.5316 
-0.538869 0.038201 0.841523 66.191 0.00807081 0.99916 -0.0401887 -1.39972 -0.842351 -0.0148647 -0.538724 -14.0562 
-0.543827 0.0398779 0.838249 67.0238 0.00858639 0.999082 -0.0419586 -1.45595 -0.839153 -0.0156207 -0.543671 -14.5823 
-0.54826 0.0410182 0.835301 67.8588 0.00759164 0.998999 -0.0440738 -1.51249 -0.836273 -0.0178226 -0.548023 -15.1074 
-0.552025 0.0410838 0.832815 68.6902 0.00621284 0.99896 -0.0451618 -1.57284 -0.833804 -0.0197563 -0.551706 -15.6373 
-0.555222 0.040518 0.830715 69.5091 0.00735349 0.999013 -0.0438118 -1.63239 -0.83167 -0.0182166 -0.554972 -16.1675 
-0.557584 0.0340488 0.829422 70.3296 0.00828173 0.999337 -0.0354565 -1.68474 -0.830079 -0.0129009 -0.557497 -16.7023 
-0.559705 0.0253827 0.828303 71.1474 0.00785898 0.999648 -0.0253229 -1.73937 -0.828655 -0.00766376 -0.559707 -17.2366 
-0.561084 0.0240593 0.82741 71.956 0.00906823 0.999696 -0.0229196 -1.78576 -0.82771 -0.0053567 -0.561131 -17.7673 
-0.562291 0.0284258 0.826451 72.7546 0.00854805 0.999555 -0.0285639 -1.82438 -0.826895 -0.00899668 -0.562284 -18.2911 
-0.563383 0.0349345 0.825457 73.5505 0.0103582 0.999326 -0.0352232 -1.86895 -0.826131 -0.0112939 -0.563365 -18.8183 
-0.563789 0.0387067 0.825011 74.3465 0.0154222 0.99922 -0.0363409 -1.91344 -0.825775 -0.00776511 -0.563947 -19.3523 
-0.563548 0.0401303 0.825108 75.1363 0.0187906 0.999184 -0.0357627 -1.96331 -0.82587 -0.0046497 -0.563842 -19.8853 
-0.563077 0.0367179 0.825589 75.9272 0.0173665 0.999318 -0.0326 -2.01323 -0.826222 -0.00401872 -0.56333 -20.4073 
-0.562397 0.0320129 0.826247 76.7213 0.0162286 0.999485 -0.0276787 -2.05672 -0.826708 -0.00215763 -0.562627 -20.9298 
-0.56173 0.0253865 0.826931 77.5173 0.0128118 0.999676 -0.0219867 -2.09878 -0.827222 -0.0017561 -0.561873 -21.4449 
-0.561299 0.0197316 0.827378 78.3132 0.00420903 0.999771 -0.0209875 -2.13882 -0.827602 -0.00829781 -0.561254 -21.9485 
-0.559801 0.0145612 0.828499 79.1133 -0.00324421 0.999799 -0.0197639 -2.17157 -0.828621 -0.0137517 -0.559641 -22.4511 
-0.557729 0.01549 0.829878 79.9042 0.00018297 0.999828 -0.0185392 -2.20769 -0.830023 -0.010188 -0.557636 -22.9659 
-0.554667 0.0186325 0.831864 80.6885 0.00404497 0.999798 -0.0196968 -2.24681 -0.832063 -0.00756032 -0.55463 -23.4751 
-0.549387 0.0220253 0.835278 81.4804 0.00643587 0.999734 -0.0221287 -2.2804 -0.835543 -0.0067815 -0.549383 -23.9784 
-0.541484 0.024362 0.840358 82.2718 0.0115954 0.999701 -0.0215098 -2.31759 -0.840631 -0.00190291 -0.541605 -24.4817 
-0.533378 0.0277461 0.845422 83.0663 0.0189642 0.999603 -0.0208417 -2.35765 -0.845664 0.00491625 -0.533692 -24.975 
-0.523702 0.0268243 0.851479 83.8716 0.0159879 0.999638 -0.0216584 -2.38876 -0.851752 0.00227079 -0.523941 -25.4507 
-0.51271 0.0246581 0.858207 84.6836 0.0135785 0.999695 -0.0206112 -2.42007 -0.858454 0.00108561 -0.512889 -25.9157 
-0.501217 0.0213165 0.865059 85.4958 0.0137248 0.999767 -0.0166837 -2.45644 -0.865213 0.00351059 -0.501393 -26.3678 
-0.490339 0.020538 0.87129 86.311 0.0133395 0.999782 -0.0160597 -2.49363 -0.87143 0.00374786 -0.490506 -26.8055 
-0.478516 0.0198288 0.877855 87.1357 0.0137896 0.999791 -0.0150664 -2.52247 -0.87797 0.00489572 -0.47869 -27.2328 
-0.466803 0.0208256 0.884116 87.9649 0.0151756 0.999764 -0.0155371 -2.55607 -0.884231 0.00616424 -0.467009 -27.6503 
-0.454961 0.0245501 0.890173 88.796 0.014802 0.99969 -0.0200053 -2.59527 -0.890388 0.00407467 -0.455184 -28.0549 
-0.443593 0.0339498 0.895585 89.621 0.0175044 0.99942 -0.0292157 -2.62918 -0.896057 0.00271679 -0.44393 -28.448 
-0.430928 0.0384904 0.901565 90.4538 0.0170255 0.999259 -0.0345234 -2.66689 -0.902226 0.000472476 -0.431264 -28.8279 
-0.419732 0.0350364 0.906972 91.2998 0.0154385 0.999386 -0.0314616 -2.71345 -0.907517 0.000796853 -0.420015 -29.196 
-0.408289 0.0313882 0.912313 92.1452 0.0140574 0.999506 -0.0280969 -2.75925 -0.912745 0.00135308 -0.408529 -29.5542 
-0.398674 0.0320991 0.916531 92.9816 0.0113286 0.999483 -0.0300766 -2.80551 -0.917023 -0.00160772 -0.398832 -29.8952 
-0.392018 0.0364323 0.919236 93.8175 0.00653205 0.999301 -0.0368198 -2.85417 -0.919934 -0.00842953 -0.391982 -30.2232 
-0.387339 0.0412805 0.921013 94.6559 0.000912268 0.999014 -0.0443928 -2.90194 -0.921937 -0.0163549 -0.386994 -30.5469 
-0.38392 0.0432012 0.922355 95.4956 -0.001623 0.998872 -0.0474606 -2.95668 -0.923365 -0.0197181 -0.383416 -30.8724 
-0.380436 0.0428636 0.923813 96.332 -0.00338971 0.998854 -0.0477412 -3.01225 -0.924801 -0.021294 -0.379855 -31.1936 
-0.37547 0.043048 0.925834 97.1657 -0.00416325 0.998832 -0.0481305 -3.06827 -0.926825 -0.021926 -0.374852 -31.5114 
-0.369623 0.0386897 0.928376 98.0078 -0.00689942 0.998991 -0.0443795 -3.12499 -0.929156 -0.022809 -0.368983 -31.8265 
-0.364484 0.0350132 0.930551 98.8537 -0.00706654 0.99916 -0.0403626 -3.18057 -0.931183 -0.0212873 -0.36393 -32.1358 
-0.358687 0.0320508 0.932907 99.696 -0.0088121 0.99925 -0.0377181 -3.23538 -0.933416 -0.0217499 -0.358136 -32.4386 
-0.353149 0.0303316 0.935075 100.546 -0.0170967 0.999098 -0.0388652 -3.28504 -0.935411 -0.0297119 -0.352312 -32.7275 
-0.347251 0.0305305 0.937275 101.393 -0.0242653 0.998843 -0.041526 -3.33345 -0.937458 -0.0371632 -0.346108 -33.0074 
-0.340798 0.0346104 0.939499 102.233 -0.0226271 0.998731 -0.0450003 -3.38703 -0.939864 -0.0365942 -0.339583 -33.2909 
-0.333695 0.0378998 0.941919 103.074 -0.020975 0.998646 -0.0476131 -3.43967 -0.942448 -0.035645 -0.332448 -33.5727 
-0.327453 0.0359782 0.944182 103.929 -0.0222884 0.998703 -0.0457856 -3.49161 -0.944605 -0.0360369 -0.326226 -33.8478 
-0.320455 0.031244 0.946748 104.785 -0.0225936 0.99892 -0.0406131 -3.54662 -0.946994 -0.0344052 -0.319403 -34.118 
-0.313467 0.028542 0.94917 105.648 -0.0241088 0.998987 -0.0380019 -3.6011 -0.949293 -0.0347957 -0.312461 -34.3833 
-0.307222 0.0317823 0.951107 106.501 -0.0258628 0.998794 -0.0417299 -3.65017 -0.951286 -0.0374186 -0.306029 -34.6379 
-0.300962 0.0343847 0.953016 107.358 -0.0255519 0.9987 -0.0441022 -3.70113 -0.953294 -0.0376245 -0.299692 -34.8881 
-0.29451 0.0351286 0.955003 108.228 -0.0273906 0.998603 -0.0451792 -3.75 -0.955256 -0.0394638 -0.293137 -35.1241 
-0.287742 0.0344556 0.957088 109.086 -0.0276007 0.998639 -0.0442494 -3.80517 -0.95731 -0.0391488 -0.286399 -35.361 
-0.279617 0.0344099 0.959495 109.943 -0.0232315 0.998823 -0.0425904 -3.85975 -0.959831 -0.0341996 -0.278488 -35.5985 
-0.271918 0.0354973 0.961665 110.805 -0.0208346 0.998868 -0.0427617 -3.91273 -0.962095 -0.0316636 -0.270871 -35.8295 
-0.265356 0.0358866 0.963482 111.662 -0.0199394 0.998889 -0.0426969 -3.96713 -0.963944 -0.0305411 -0.264346 -36.0478 
-0.258827 0.034772 0.965298 112.53 -0.0261206 0.998734 -0.0429802 -4.01723 -0.965571 -0.0363386 -0.257591 -36.2501 
-0.253011 0.0328041 0.966907 113.403 -0.0301402 0.998673 -0.0417686 -4.07094 -0.966994 -0.0397107 -0.251687 -36.4481 
-0.248517 0.0330157 0.968065 114.281 -0.0272448 0.998785 -0.0410576 -4.12311 -0.968244 -0.0365783 -0.247316 -36.6555 
-0.244059 0.0332786 0.969189 115.153 -0.0255863 0.998842 -0.0407398 -4.17575 -0.969423 -0.0347409 -0.242925 -36.8568 
-0.239414 0.0346438 0.970299 116.024 -0.0248992 0.998816 -0.0418056 -4.22572 -0.970598 -0.0341685 -0.238268 -37.0533 
-0.233414 0.0338811 0.971787 116.901 -0.0187338 0.999051 -0.0393312 -4.27322 -0.972197 -0.0273857 -0.232558 -37.2531 
-0.227973 0.0328404 0.973113 117.772 -0.0113752 0.999273 -0.0363881 -4.32066 -0.973601 -0.0193649 -0.227434 -37.4523 
-0.222983 0.0318174 0.974303 118.646 -0.00961078 0.999347 -0.0348347 -4.372 -0.974775 -0.0171314 -0.222532 -37.6394 
-0.218961 0.0335562 0.975157 119.523 -0.0115429 0.999249 -0.036977 -4.41673 -0.975665 -0.0193526 -0.218409 -37.8157 
-0.215397 0.0355848 0.975878 120.395 -0.0131715 0.999139 -0.0393402 -4.45974 -0.976438 -0.0213275 -0.214743 -37.9887 
-0.213802 0.0349816 0.976251 121.268 -0.0156174 0.999109 -0.0392209 -4.50939 -0.976752 -0.023632 -0.213065 -38.1571 
-0.212805 0.03401 0.976503 122.143 -0.0159921 0.999139 -0.0382834 -4.55635 -0.976964 -0.0237632 -0.212078 -38.3284 
-0.211825 0.0294917 0.976862 123.02 -0.0146411 0.999337 -0.033345 -4.60317 -0.977198 -0.0213656 -0.211253 -38.5029 
-0.210643 0.0244031 0.977259 123.891 -0.0153834 0.999482 -0.0282738 -4.64841 -0.977442 -0.0209893 -0.210158 -38.6739 
-0.209843 0.0225769 0.977474 124.755 -0.0149252 0.999543 -0.0262907 -4.6905 -0.977621 -0.0201059 -0.20941 -38.8429 
-0.208602 0.027492 0.977614 125.61 -0.0148349 0.999401 -0.03127 -4.73108 -0.977888 -0.0210258 -0.208069 -39.0105 
-0.208489 0.0312072 0.977527 126.461 -0.014908 0.999273 -0.0350811 -4.77364 -0.977911 -0.021887 -0.207872 -39.1765 
-0.208444 0.0302615 0.977566 127.317 -0.0181615 0.999229 -0.0348045 -4.81692 -0.977866 -0.0250088 -0.207734 -39.3387 
-0.207892 0.0293824 0.97771 128.167 -0.0197249 0.99922 -0.0342229 -4.8654 -0.977953 -0.0263999 -0.20715 -39.5009 
-0.207044 0.0301501 0.977867 129.016 -0.0150553 0.999309 -0.0339988 -4.91246 -0.978216 -0.0217613 -0.206447 -39.6717 
-0.2061 0.0327748 0.977982 129.857 -0.0169298 0.99917 -0.0370527 -4.95387 -0.978385 -0.0241936 -0.205374 -39.8341 
-0.20662 0.0335983 0.977844 130.693 -0.0256326 0.998881 -0.0397373 -5.00123 -0.978085 -0.0332752 -0.205528 -39.9797 
-0.206126 0.0350682 0.977897 131.526 -0.0314238 0.998605 -0.0424344 -5.05059 -0.978021 -0.039476 -0.204736 -40.1291 
-0.205894 0.0386393 0.977811 132.351 -0.0286048 0.998556 -0.0454823 -5.10127 -0.978156 -0.0373346 -0.204491 -40.2859 
-0.205243 0.0396864 0.977906 133.176 -0.027247 0.998559 -0.0462431 -5.15368 -0.978332 -0.036136 -0.203866 -40.4439 
-0.203457 0.0408378 0.978232 133.996 -0.0273177 0.998504 -0.0473657 -5.20885 -0.978703 -0.0363599 -0.202037 -40.5965 
-0.201437 0.0403292 0.978671 134.811 -0.0189668 0.998804 -0.0450627 -5.25936 -0.979318 -0.0276396 -0.200432 -40.7586 
-0.198209 0.0370563 0.979459 135.621 -0.014719 0.99906 -0.0407765 -5.31026 -0.980049 -0.0224989 -0.197477 -40.9166 
-0.196122 0.0322831 0.980048 136.439 -0.0107643 0.999327 -0.0350722 -5.36212 -0.98052 -0.017428 -0.195642 -41.0716 
-0.192498 0.0317331 0.980784 137.243 -0.00948022 0.99937 -0.034195 -5.4097 -0.981252 -0.0158805 -0.192076 -41.2145 
-0.187732 0.0366768 0.981535 138.043 -0.00919052 0.999193 -0.0390944 -5.45811 -0.982177 -0.0163601 -0.187244 -41.3527 
-0.181079 0.0398569 0.982661 138.837 -0.00768995 0.999091 -0.0419403 -5.50265 -0.983438 -0.0151511 -0.180608 -41.484 
-0.172952 0.0407015 0.984089 139.635 -0.00779846 0.999058 -0.0426912 -5.54295 -0.984899 -0.0150579 -0.172472 -41.6075 
-0.163326 0.03616 0.985909 140.437 -0.00601874 0.999273 -0.0376471 -5.5918 -0.986554 -0.0120827 -0.16299 -41.7249 
-0.151482 0.0348914 0.987844 141.233 -0.00216845 0.999363 -0.0356307 -5.63861 -0.988458 -0.0075395 -0.151309 -41.8355 
-0.137634 0.0377391 0.989764 142.019 0.00192486 0.999282 -0.0378343 -5.67953 -0.990481 -0.00330215 -0.137608 -41.9334 
-0.123399 0.0390162 0.99159 142.805 0.00180657 0.999234 -0.0390921 -5.72204 -0.992356 -0.00303256 -0.123375 -42.0163 
-0.109465 0.039175 0.993218 143.591 0.00310726 0.999232 -0.0390697 -5.76478 -0.993986 -0.0011906 -0.109503 -42.0885 
-0.0959423 0.0408951 0.994547 144.371 0.00381936 0.999163 -0.0407164 -5.81283 -0.99538 -0.0001079 -0.0960183 -42.1483 
-0.0823131 0.0470432 0.995496 145.143 0.000717781 0.998888 -0.0471441 -5.86539 -0.996606 -0.00316604 -0.0822553 -42.1912 
-0.0696898 0.0563364 0.995977 145.907 -0.00666601 0.998356 -0.0569374 -5.91475 -0.997546 -0.0106071 -0.0691996 -42.2162 
-0.0561346 0.0641993 0.996357 146.666 -0.0109862 0.99783 -0.0649132 -5.96704 -0.998363 -0.01459 -0.0553075 -42.2333 
-0.0429189 0.065022 0.99696 147.429 -0.0116305 0.99778 -0.0655761 -6.02138 -0.999011 -0.0144096 -0.0420674 -42.2489 
-0.0312709 0.0611365 0.997639 148.197 -0.0157217 0.997974 -0.0616498 -6.08152 -0.999387 -0.0176124 -0.0302464 -42.249 
-0.0204572 0.058866 0.998056 148.962 -0.0194889 0.998052 -0.0592652 -6.14411 -0.999601 -0.0206634 -0.0192701 -42.2408 
-0.0115753 0.0652674 0.997801 149.715 -0.0231224 0.997583 -0.0655213 -6.2081 -0.999666 -0.02383 -0.0100382 -42.2256 
-0.00490465 0.073205 0.997305 150.462 -0.0261624 0.996966 -0.0733088 -6.26696 -0.999646 -0.0264514 -0.00297456 -42.2097 
-0.00164799 0.0760856 0.9971 151.213 -0.0291909 0.996673 -0.0761012 -6.32563 -0.999573 -0.0292317 0.000578495 -42.1922 
-0.00175064 0.0714436 0.997443 151.968 -0.0315293 0.996945 -0.0714632 -6.39015 -0.999501 -0.0315738 0.000507271 -42.1751 
-0.00345812 0.0670236 0.997745 152.719 -0.0330563 0.997198 -0.0671014 -6.46074 -0.999448 -0.0332138 -0.00123288 -42.1617 
-0.0062804 0.0642033 0.997917 153.467 -0.0314748 0.99743 -0.06437 -6.52015 -0.999485 -0.0318135 -0.00424347 -42.154 
-0.0089522 0.0645334 0.997875 154.211 -0.0296103 0.997461 -0.0647722 -6.57655 -0.999521 -0.0301273 -0.00701861 -42.1506 
-0.0125121 0.06454 0.997837 154.955 -0.0277484 0.997508 -0.0648666 -6.63827 -0.999537 -0.0285 -0.01069 -42.1501 
-0.0168316 0.0631293 0.997863 155.7 -0.0286893 0.997563 -0.0635942 -6.69906 -0.999447 -0.0296984 -0.0149794 -42.1519 
-0.0221337 0.0635752 0.997732 156.44 -0.029205 0.997509 -0.0642089 -6.75222 -0.999328 -0.0305599 -0.0202219 -42.1565 
-0.0280774 0.0616071 0.997706 157.178 -0.0304312 0.997584 -0.062456 -6.80921 -0.999142 -0.0321149 -0.0261347 -42.1622 
-0.0338404 0.0587741 0.997698 157.911 -0.0279971 0.997822 -0.059731 -6.8717 -0.999035 -0.029954 -0.0321212 -42.1782 
-0.0391204 0.0586998 0.997509 158.641 -0.0284457 0.997803 -0.0598327 -6.92704 -0.99883 -0.0307156 -0.0373647 -42.1952 
-0.0445382 0.0600078 0.997204 159.366 -0.0301244 0.99766 -0.0613807 -6.98101 -0.998553 -0.0327739 -0.0426263 -42.2126 
-0.0485598 0.0621252 0.996886 160.087 -0.0303635 0.997511 -0.0636431 -7.04171 -0.998359 -0.0333595 -0.0465526 -42.2342 
-0.0510208 0.064466 0.996615 160.802 -0.0302779 0.997356 -0.0660639 -7.09962 -0.998239 -0.033546 -0.048934 -42.2593 
-0.0524655 0.0660365 0.996437 161.516 -0.0275462 0.997336 -0.0675464 -7.15414 -0.998243 -0.0309919 -0.0505067 -42.2893 
-0.0514984 0.0646216 0.99658 162.227 -0.0242738 0.997529 -0.0659374 -7.21049 -0.998378 -0.0275864 -0.0498025 -42.3195 
-0.0474303 0.0608718 0.997018 162.938 -0.021645 0.997844 -0.061952 -7.27026 -0.99864 -0.0245188 -0.0460105 -42.3448 
-0.0397557 0.060632 0.997368 163.641 -0.0204351 0.997899 -0.0614788 -7.32994 -0.999 -0.0228254 -0.0384332 -42.3605 
-0.0285125 0.0614623 0.997702 164.336 -0.0177948 0.997919 -0.0619841 -7.3854 -0.999435 -0.0195212 -0.0273595 -42.367 
-0.0139423 0.0616601 0.998 165.029 -0.0153089 0.997967 -0.0618719 -7.43858 -0.999786 -0.0161409 -0.01297 -42.3651 
0.0013125 0.0594149 0.998233 165.716 -0.0166885 0.998096 -0.0593848 -7.48776 -0.99986 -0.0165811 0.00230155 -42.3455 
0.0173938 0.0545204 0.998361 166.403 -0.0214422 0.998303 -0.0541436 -7.53954 -0.999619 -0.0204653 0.0185333 -42.308 
0.0338033 0.0481147 0.99827 167.087 -0.0232374 0.998608 -0.0473441 -7.58547 -0.999158 -0.0215968 0.0348743 -42.2642 
0.0510392 0.040775 0.997864 167.767 -0.023578 0.998937 -0.0396128 -7.6265 -0.998418 -0.0215059 0.0519463 -42.2122 
0.0687115 0.0334263 0.997076 168.441 -0.0242389 0.999199 -0.031827 -7.66365 -0.997342 -0.0219811 0.0694667 -42.147 
0.0858143 0.0274343 0.995933 169.108 -0.0260548 0.999341 -0.0252831 -7.69965 -0.99597 -0.0237792 0.0864725 -42.0678 
0.103981 0.0251638 0.994261 169.765 -0.0266498 0.999391 -0.0225066 -7.73201 -0.994222 -0.0241566 0.104589 -41.9799 
0.12201 0.0238383 0.992243 170.413 -0.0253215 0.999461 -0.020898 -7.75792 -0.992206 -0.0225753 0.122548 -41.8826 
0.139485 0.0233335 0.989949 171.053 -0.0267795 0.999446 -0.019784 -7.7806 -0.989862 -0.0237508 0.140033 -41.7719 
0.155393 0.0223316 0.9876 171.685 -0.0317018 0.999342 -0.017609 -7.80328 -0.987344 -0.0285724 0.155998 -41.6447 
0.169806 0.0187361 0.985299 172.314 -0.0339632 0.999337 -0.0131498 -7.82608 -0.984892 -0.031231 0.17033 -41.5117 
0.182176 0.0148187 0.983154 172.937 -0.0304368 0.999492 -0.00942502 -7.84541 -0.982795 -0.0282071 0.182535 -41.3824 
0.192964 0.0137833 0.981109 173.553 -0.0285806 0.999556 -0.00842114 -7.86361 -0.980789 -0.0264157 0.193273 -41.2489 
0.202966 0.0174015 0.979031 174.157 -0.0326539 0.999406 -0.0109941 -7.88534 -0.978641 -0.0297377 0.203414 -41.1021 
0.212042 0.0245872 0.976951 174.753 -0.0368445 0.999174 -0.0171496 -7.90696 -0.976566 -0.0323589 0.212773 -40.9473 
0.221212 0.0343955 0.974619 175.339 -0.0365883 0.998967 -0.0269502 -7.93051 -0.974539 -0.0296979 0.222242 -40.7994 
0.229662 0.0400855 0.972445 175.932 -0.0308744 0.998949 -0.0338864 -7.94995 -0.972781 -0.0222412 0.230658 -40.655 
0.236336 0.0381452 0.970922 176.533 -0.030118 0.999037 -0.0319185 -7.97104 -0.971205 -0.0216987 0.237257 -40.4967 
0.242383 0.0307146 0.969694 177.143 -0.0325943 0.999192 -0.0235016 -7.99158 -0.969633 -0.0259101 0.243188 -40.3266 
0.246627 0.020261 0.968899 177.753 -0.0372582 0.999241 -0.0114116 -8.01681 -0.968394 -0.033285 0.247194 -40.1475 
0.248824 0.0119293 0.968475 178.365 -0.0372255 0.999303 -0.00274493 -8.04138 -0.967833 -0.0353689 0.249095 -39.9744 
0.249901 0.0112711 0.968206 178.98 -0.033876 0.999422 -0.00289081 -8.05856 -0.967679 -0.0320765 0.250139 -39.8101 
0.251233 0.0131798 0.967837 179.581 -0.0302461 0.999526 -0.00575997 -8.07108 -0.967454 -0.0278262 0.251512 -39.649 
0.252959 0.0126732 0.967394 180.186 -0.0267332 0.999624 -0.00610502 -8.07977 -0.967108 -0.0243172 0.253202 -39.4827 
0.2548 0.0103477 0.966938 180.795 -0.0283556 0.999593 -0.00322501 -8.08873 -0.966578 -0.0265964 0.25499 -39.3096 
0.257878 0.00659288 0.966155 181.408 -0.0285021 0.999593 0.000786543 -8.10013 -0.965757 -0.0277403 0.257961 -39.1344 
0.261042 0.00118168 0.965327 182.026 -0.027634 0.999599 0.00624916 -8.11392 -0.964932 -0.0283071 0.26097 -38.9568 
0.265461 -0.00160837 0.96412 182.643 -0.0264281 0.999611 0.00894435 -8.1207 -0.963759 -0.0278543 0.265315 -38.7751 
0.272078 -0.0039441 0.962267 183.267 -0.0243124 0.999644 0.0109716 -8.1223 -0.961968 -0.0263802 0.271885 -38.591 
0.280172 -0.00709836 0.959924 183.898 -0.0227154 0.999644 0.014022 -8.12506 -0.959681 -0.0257336 0.279911 -38.3981 
0.290082 -0.00917607 0.956958 184.526 -0.0201422 0.999674 0.0156914 -8.13095 -0.95679 -0.023827 0.289803 -38.1977 
0.30138 -0.0072414 0.953477 185.146 -0.0215211 0.999665 0.0143947 -8.13719 -0.953261 -0.0248581 0.301123 -37.9855 
0.31304 -0.00357322 0.949733 185.767 -0.0224924 0.999685 0.0111749 -8.13979 -0.949474 -0.0248599 0.31286 -37.7626 
0.325081 -0.000433299 0.945686 186.401 -0.0234027 0.99969 0.0085028 -8.13775 -0.945397 -0.0248957 0.32497 -37.5308 
0.337047 -0.000435419 0.941488 187.026 -0.0217986 0.999728 0.00826616 -8.13916 -0.941236 -0.0233092 0.336946 -37.2939 
0.34839 -0.00360818 0.937343 187.651 -0.0209454 0.999713 0.0116333 -8.14081 -0.937116 -0.0236859 0.348215 -37.0438 
0.359452 -0.00488016 0.933151 188.279 -0.0220108 0.999664 0.0137067 -8.14257 -0.932904 -0.0254663 0.359223 -36.778 
0.370864 -0.00547803 0.928671 188.908 -0.0236485 0.999603 0.0153405 -8.14282 -0.928386 -0.027651 0.370587 -36.504 
0.380495 -0.00665099 0.924759 189.542 -0.0274216 0.999453 0.018471 -8.13913 -0.924376 -0.0323865 0.380105 -36.2183 
0.387745 -0.00555873 0.92175 190.177 -0.0310508 0.999336 0.0190886 -8.13637 -0.921244 -0.0360226 0.387315 -35.9305 
0.392269 -0.00868777 0.91981 190.818 -0.0309712 0.999264 0.0226465 -8.13463 -0.919329 -0.0373711 0.391711 -35.641 
0.394539 -0.012459 0.918795 191.468 -0.0281001 0.999277 0.0256169 -8.12855 -0.918449 -0.0359251 0.393904 -35.351 
0.394856 -0.0118563 0.918666 192.12 -0.0235896 0.999456 0.0230382 -8.12297 -0.91844 -0.0307677 0.394362 -35.0657 
0.393848 -0.0115451 0.919103 192.785 -0.0223291 0.999506 0.0221234 -8.12238 -0.918904 -0.029236 0.393396 -34.7695 
0.393321 -0.0104057 0.919342 193.456 -0.0186411 0.99964 0.0192898 -8.11334 -0.919212 -0.0247247 0.392986 -34.4756 
0.393176 -0.0123632 0.91938 194.135 -0.015374 0.999681 0.0200178 -8.1048 -0.919335 -0.0220051 0.392861 -34.1823 
0.392586 -0.0182286 0.919535 194.819 -0.0118088 0.999621 0.024858 -8.09836 -0.91964 -0.0206175 0.392222 -33.8835 
0.39129 -0.020981 0.920028 195.501 -0.0118844 0.999542 0.0278488 -8.09282 -0.920191 -0.0218309 0.390861 -33.5812 
0.389454 -0.0235689 0.920744 196.185 -0.0110868 0.99948 0.0302739 -8.08646 -0.920979 -0.0219983 0.38899 -33.2787 
0.388169 -0.0235486 0.921287 196.871 -0.0120011 0.99946 0.0306033 -8.07237 -0.92151 -0.0229356 0.387676 -32.9777 
0.386238 -0.0238303 0.922091 197.558 -0.0134835 0.999414 0.0314765 -8.06071 -0.922301 -0.0245904 0.38569 -32.6751 
0.384642 -0.0227666 0.922785 198.245 -0.0142846 0.999429 0.0306118 -8.0563 -0.922955 -0.0249562 0.384098 -32.3741 
0.383428 -0.0193673 0.923368 198.933 -0.0131913 0.999563 0.0264433 -8.0503 -0.923477 -0.0223195 0.383005 -32.0792 
0.382995 -0.0133441 0.923654 199.618 -0.0133886 0.99971 0.0199945 -8.04101 -0.923654 -0.0200242 0.382705 -31.7864 
0.381866 -0.0104476 0.924159 200.302 -0.0156335 0.99972 0.0177617 -8.03302 -0.924086 -0.0212304 0.381595 -31.4888 
0.380329 -0.0129978 0.92476 200.985 -0.0171275 0.999631 0.0210943 -8.02942 -0.924693 -0.0238616 0.379966 -31.1905 
0.37935 -0.0160629 0.925114 201.677 -0.0189424 0.999505 0.025122 -8.02803 -0.92506 -0.0270539 0.378858 -30.8933 
0.376875 -0.0152787 0.926138 202.358 -0.0228044 0.999408 0.0257674 -8.02544 -0.925983 -0.0308311 0.376304 -30.5976 
0.37219 -0.0150408 0.928035 203.04 -0.0255474 0.999324 0.026442 -8.01838 -0.927805 -0.0335503 0.371554 -30.3072 
0.365654 -0.0163784 0.930607 203.733 -0.0249943 0.999312 0.0274084 -8.00832 -0.930415 -0.0332818 0.364993 -30.0289 
0.35694 -0.0168498 0.933975 204.423 -0.0243593 0.999329 0.0273384 -8.00516 -0.93381 -0.0325091 0.35629 -29.7605 
0.346997 -0.0158529 0.937732 205.114 -0.0219807 0.999445 0.0250299 -8.00494 -0.937609 -0.0292973 0.346455 -29.502 
0.336269 -0.0124934 0.941683 205.805 -0.0229111 0.999508 0.021442 -7.99821 -0.941487 -0.0287852 0.335817 -29.2463 
0.324721 -0.0123955 0.945729 206.5 -0.0257697 0.999427 0.0219475 -7.98774 -0.945459 -0.0314979 0.324216 -28.995 
0.313843 -0.0204077 0.949256 207.206 -0.0205943 0.999388 0.0282944 -7.98025 -0.949252 -0.0284293 0.31323 -28.7597 
0.305354 -0.0292166 0.951791 207.914 -0.0161977 0.999225 0.0358692 -7.97538 -0.952101 -0.0263696 0.304644 -28.5323 
0.298207 -0.0346559 0.953872 208.623 -0.0159125 0.999021 0.041271 -7.96275 -0.954369 -0.0274858 0.297363 -28.3025 
0.294101 -0.03554 0.955113 209.333 -0.0213492 0.998815 0.0437401 -7.94601 -0.955536 -0.0332549 0.292994 -28.0674 
0.291684 -0.0376517 0.955773 210.043 -0.0201496 0.998761 0.0454944 -7.92769 -0.956302 -0.0325284 0.290564 -27.8429 
0.290164 -0.0386539 0.956196 210.756 -0.0191403 0.99875 0.0461824 -7.9087 -0.956785 -0.0317023 0.289062 -27.618 
0.2894 -0.0366698 0.956506 211.47 -0.0194437 0.998835 0.0441755 -7.88766 -0.957011 -0.0313824 0.288349 -27.3866 
0.288823 -0.0345438 0.956759 212.187 -0.0229344 0.998812 0.0429856 -7.86592 -0.957108 -0.0343579 0.287688 -27.1494 
0.289309 -0.0351903 0.956589 212.906 -0.0234072 0.998765 0.0438211 -7.84387 -0.95695 -0.0350689 0.288128 -26.9171 
0.291048 -0.0365756 0.956009 213.628 -0.0238969 0.998679 0.0454834 -7.8229 -0.95641 -0.0360835 0.28979 -26.6842 
0.292542 -0.0385316 0.955476 214.354 -0.0225454 0.998632 0.0471749 -7.80451 -0.955987 -0.0353423 0.291273 -26.4515 
0.294474 -0.0398036 0.95483 215.082 -0.0188855 0.998695 0.0474566 -7.78449 -0.955473 -0.0320072 0.293338 -26.2236 
0.297608 -0.0412285 0.953798 215.812 -0.017995 0.998647 0.0487821 -7.75885 -0.954519 -0.0316815 0.296463 -25.9837 
0.30159 -0.0426237 0.952485 216.544 -0.0196962 0.998509 0.0509198 -7.73299 -0.953234 -0.0341172 0.300301 -25.7328 
0.306908 -0.0465511 0.9506 217.283 -0.0210695 0.998226 0.0556858 -7.70461 -0.951506 -0.0371191 0.305383 -25.475 
0.311898 -0.0502063 0.948788 218.021 -0.0217967 0.997962 0.0599737 -7.67354 -0.949866 -0.0393862 0.310168 -25.2155 
0.316262 -0.0501303 0.947347 218.759 -0.0231135 0.997899 0.0605216 -7.64193 -0.94839 -0.0410372 0.314439 -24.9503 
0.320526 -0.0455606 0.946143 219.489 -0.0280947 0.997946 0.0575728 -7.61511 -0.946823 -0.0450352 0.318588 -24.6783 
0.325159 -0.0395677 0.944831 220.222 -0.0328701 0.998048 0.0531084 -7.57924 -0.945088 -0.0483254 0.323224 -24.4034 
0.3298 -0.0363917 0.943349 220.961 -0.0367271 0.998006 0.0513403 -7.54666 -0.943336 -0.0515786 0.327806 -24.1233 
0.334118 -0.0365291 0.941823 221.701 -0.0386301 0.997878 0.0524076 -7.51926 -0.941739 -0.053893 0.331998 -23.8406 
0.33808 -0.0342117 0.940495 222.44 -0.0402988 0.997896 0.050786 -7.49449 -0.940254 -0.0550705 0.33599 -23.5549 
0.342105 -0.0315706 0.939131 223.176 -0.0405838 0.998006 0.0483336 -7.46836 -0.938785 -0.0546487 0.340142 -23.2714 
0.346722 -0.0314701 0.93744 223.916 -0.0402581 0.998017 0.0483936 -7.44467 -0.937104 -0.0545187 0.344767 -22.9812 
0.351595 -0.0328054 0.935577 224.668 -0.0400185 0.997946 0.0500315 -7.41924 -0.935297 -0.0550312 0.34956 -22.691 
0.355836 -0.0333633 0.933953 225.407 -0.0358873 0.998138 0.0493293 -7.39657 -0.933859 -0.0510702 0.353976 -22.3963 
0.360302 -0.0332575 0.932243 226.142 -0.0328777 0.998291 0.0483207 -7.37313 -0.932256 -0.04806 0.358593 -22.1017 
0.364369 -0.0310353 0.930737 226.873 -0.0338848 0.998341 0.046555 -7.34708 -0.930638 -0.0485011 0.362713 -21.7987 
0.369007 -0.0313812 0.928897 227.608 -0.0383069 0.998067 0.0489356 -7.32311 -0.928637 -0.0536407 0.367092 -21.485 
0.373498 -0.0315311 0.927095 228.339 -0.0413714 0.997862 0.0506052 -7.29776 -0.926708 -0.0572561 0.371394 -21.1671 
0.377582 -0.0292429 0.925514 229.065 -0.0385629 0.998138 0.0472701 -7.28111 -0.925173 -0.0535389 0.375751 -20.8565 
0.381456 -0.0226768 0.924109 229.785 -0.0377241 0.998484 0.0400738 -7.26166 -0.923617 -0.0501475 0.380022 -20.543 
0.384749 -0.0159325 0.922884 230.506 -0.0439608 0.9984 0.0355635 -7.23643 -0.921974 -0.0542538 0.383433 -20.2158 
0.387773 -0.0171075 0.921596 231.232 -0.0496191 0.997991 0.0394034 -7.21449 -0.920419 -0.0610083 0.386145 -19.8844 
0.390348 -0.0272883 0.920263 231.961 -0.0489646 0.997531 0.0503489 -7.19251 -0.919365 -0.0647139 0.388048 -19.5571 
0.392316 -0.0395535 0.91898 232.7 -0.0453009 0.997032 0.0622521 -7.16055 -0.918714 -0.0660531 0.38936 -19.233 
0.39408 -0.047319 0.917857 233.432 -0.0466052 0.99636 0.071376 -7.1262 -0.917894 -0.0709048 0.39044 -18.902 
0.396407 -0.0491158 0.91676 234.164 -0.0478743 0.996103 0.0740675 -7.08989 -0.916826 -0.0732501 0.39251 -18.567 
0.399164 -0.0444939 0.915799 234.885 -0.0476572 0.996465 0.0691851 -7.0487 -0.91564 -0.0712606 0.395633 -18.2372 
0.403269 -0.038692 0.914263 235.602 -0.046466 0.996951 0.0626869 -7.00613 -0.913901 -0.0677618 0.400241 -17.9071 
0.407783 -0.0345127 0.912426 236.32 -0.0459709 0.997242 0.0582664 -6.97046 -0.911921 -0.0657051 0.405072 -17.5712 
0.411933 -0.0325491 0.910633 237.038 -0.0442425 0.997469 0.0556665 -6.93702 -0.91014 -0.0632195 0.40945 -17.2327 
0.41578 -0.0303721 0.908958 237.746 -0.0437261 0.997619 0.0533362 -6.90585 -0.908413 -0.0619213 0.413462 -16.8891 
0.419854 -0.031804 0.907034 238.47 -0.0424778 0.997602 0.0546421 -6.87144 -0.906597 -0.0614705 0.417497 -16.5408 
0.423292 -0.0369802 0.905238 239.193 -0.0407028 0.997382 0.0597772 -6.83958 -0.905079 -0.0621489 0.420678 -16.1901 
0.426338 -0.0428645 0.903548 239.918 -0.0387081 0.997097 0.0655669 -6.80341 -0.903736 -0.0629282 0.423441 -15.8348 
0.428723 -0.0482674 0.902146 240.644 -0.0374335 0.996765 0.0711193 -6.7628 -0.90266 -0.0642609 0.425529 -15.474 
0.430773 -0.0535487 0.90087 241.372 -0.0355461 0.996457 0.0762277 -6.71771 -0.90176 -0.0648593 0.427344 -15.1126 
0.43242 -0.0601841 0.899661 242.106 -0.0340559 0.995968 0.0829956 -6.66917 -0.901029 -0.0665277 0.428627 -14.7494 
0.434147 -0.0608004 0.898788 242.835 -0.0343701 0.995875 0.0839701 -6.62048 -0.900186 -0.0673468 0.430266 -14.3834 
0.435918 -0.0490164 0.898651 243.547 -0.0434403 0.996206 0.0754096 -6.57683 -0.898937 -0.0719101 0.432135 -14.0093 
0.43652 -0.0354178 0.898997 244.258 -0.0452525 0.997096 0.0612556 -6.53124 -0.898556 -0.0674212 0.433649 -13.643 
0.437406 -0.0277241 0.898837 244.974 -0.0451737 0.997585 0.0527531 -6.48637 -0.898129 -0.0636784 0.435098 -13.2786 
0.437333 -0.0301878 0.898793 245.703 -0.0447686 0.997466 0.0552855 -6.44878 -0.898185 -0.0644159 0.434873 -12.9093 
