1 -4.23778e-08 4.22719e-08 0 -4.23778e-08 1 -4.19404e-08 0 4.22719e-08 -4.19404e-08 1 0 
0.999036 -0.000317165 0.0438906 0.0305358 0.00042245 0.999997 -0.00239153 -0.0210165 -0.0438897 0.00240768 0.999033 1.01845 
0.996046 -0.00489346 0.0887028 0.13409 0.00555172 0.999959 -0.00717681 -0.0491008 -0.0886639 0.0076408 0.996032 2.09076 
0.990952 -0.00485052 0.13413 0.239216 0.00642956 0.999915 -0.0113424 -0.0639052 -0.134063 0.0121021 0.990899 3.15451 
0.9837 -0.00258082 0.179797 0.41202 0.00510313 0.999895 -0.013568 -0.0930246 -0.179743 0.0142643 0.98361 4.16512 
0.974314 -0.00515929 0.225134 0.707158 0.00841368 0.999873 -0.0134988 -0.128894 -0.225036 0.0150462 0.974234 5.28379 
0.962822 -0.00603177 0.27007 0.9954 0.0103311 0.999841 -0.0145012 -0.16656 -0.26994 0.0167521 0.962731 6.29562 
0.949543 -0.00913396 0.313505 1.33272 0.0152822 0.999736 -0.0171596 -0.194111 -0.313265 0.0210847 0.949432 7.30816 
0.934546 -0.0112111 0.355665 1.71883 0.0191235 0.999641 -0.0187389 -0.225273 -0.355327 0.0243139 0.934426 8.29475 
0.917299 -0.0111944 0.398041 2.11367 0.0205352 0.999604 -0.0192117 -0.260389 -0.397669 0.0257967 0.917166 9.2276 
0.89764 -0.011474 0.44058 2.54973 0.0214429 0.999614 -0.0176553 -0.294308 -0.440207 0.0252953 0.89754 10.1479 
0.875868 -0.0113196 0.482418 3.0231 0.0221138 0.999616 -0.0166943 -0.327352 -0.482043 0.02529 0.875782 11.0263 
0.851989 -0.0115245 0.523433 3.54173 0.0229907 0.999617 -0.0154132 -0.359737 -0.523055 0.0251659 0.851927 11.8869 
0.826279 -0.0115098 0.563143 4.12018 0.0243473 0.999586 -0.015294 -0.39277 -0.562734 0.0263481 0.826218 12.7739 
0.798898 -0.0133075 0.601319 4.716 0.0276467 0.999511 -0.0146112 -0.426613 -0.600831 0.0282973 0.798875 13.5871 
0.770127 -0.0122409 0.637774 5.354 0.0283364 0.999485 -0.0150338 -0.459314 -0.637261 0.0296501 0.770077 14.3801 
0.739404 -0.0154952 0.673084 6.03392 0.0332222 0.999357 -0.0134894 -0.485367 -0.672442 0.0323354 0.739443 15.1417 
0.706925 -0.0139633 0.70715 6.73373 0.0326918 0.999382 -0.0129479 -0.509817 -0.706532 0.0322712 0.706945 15.8758 
0.672773 -0.0127575 0.739739 7.48061 0.0339758 0.999329 -0.0136657 -0.538842 -0.739069 0.0343271 0.672755 16.5709 
0.637207 -0.013986 0.770566 8.24554 0.0383594 0.999172 -0.0135855 -0.567156 -0.769738 0.0382152 0.637215 17.2067 
0.600654 -0.0121567 0.799416 9.10019 0.0386894 0.999155 -0.0138759 -0.582704 -0.798572 0.0392635 0.600617 17.8621 
0.562919 -0.0111018 0.826438 9.96649 0.0415342 0.999026 -0.0148704 -0.611364 -0.825468 0.0426962 0.562832 18.4666 
0.523698 -0.00959806 0.85185 10.8073 0.0462326 0.998783 -0.0171693 -0.639733 -0.850648 0.0483747 0.523505 18.9981 
0.485199 -0.00893613 0.874358 11.6686 0.0481501 0.998704 -0.0165127 -0.665912 -0.873077 0.0501124 0.485 19.4742 
0.447351 -0.0109357 0.894292 12.5473 0.0537144 0.998449 -0.0146602 -0.69174 -0.892744 0.0545946 0.447244 19.9052 
0.410353 -0.0116907 0.911852 13.4482 0.0577113 0.998246 -0.0131732 -0.718221 -0.910099 0.0580298 0.410308 20.3059 
0.375316 -0.00938793 0.926849 14.4059 0.0596155 0.998123 -0.0140308 -0.734008 -0.924977 0.0605206 0.375172 20.6999 
0.342117 -0.0102401 0.939601 15.3571 0.0601715 0.998127 -0.0110311 -0.753662 -0.937729 0.0603111 0.342093 21.0511 
0.308727 -0.0118484 0.951077 16.3362 0.0624159 0.998019 -0.00782756 -0.771328 -0.9491 0.0617789 0.308855 21.3697 
0.275747 -0.0115944 0.96116 17.4073 0.0631698 0.997984 -0.00608419 -0.774165 -0.959152 0.062394 0.275923 21.7113 
0.243443 -0.00858662 0.969877 18.4107 0.0606387 0.998139 -0.00638383 -0.784897 -0.968018 0.0603661 0.243511 21.9808 
0.212397 -0.00714888 0.977157 19.4603 0.0612505 0.998104 -0.00601149 -0.793194 -0.975262 0.0611282 0.212432 22.2315 
0.182247 -0.00716027 0.983227 20.5306 0.0633948 0.997978 -0.00448302 -0.808053 -0.981207 0.0631485 0.182333 22.423 
0.152366 -0.00731833 0.988297 21.6814 0.0652128 0.997868 -0.00266476 -0.808931 -0.98617 0.0648557 0.152518 22.5674 
0.122237 -0.00799895 0.992469 22.7603 0.0639938 0.99795 0.00016126 -0.819702 -0.990436 0.0634921 0.122499 22.7011 
0.0929 -0.00820003 0.995642 23.9188 0.0642658 0.99793 0.00222236 -0.815629 -0.993599 0.0637793 0.0932347 22.83 
0.0660237 -0.00801248 0.997786 25.1512 0.0670924 0.99774 0.00357251 -0.826728 -0.99556 0.066708 0.0664121 22.9033 
0.0405867 -0.00757601 0.999147 26.3294 0.0716215 0.997421 0.00465347 -0.81951 -0.996606 0.0713715 0.0410247 22.9835 
0.017934 -0.00718895 0.999813 27.5387 0.0760717 0.997085 0.00580473 -0.819122 -0.996941 0.0759534 0.0184286 23.0168 
-0.00232901 -0.00717542 0.999971 28.8182 0.0818268 0.996619 0.00734187 -0.805372 -0.996644 0.0818416 -0.001734 23.0151 
-0.019991 -0.0080214 0.999768 30.1318 0.0860026 0.996247 0.00971275 -0.807469 -0.996094 0.0861768 -0.0192262 22.9964 
-0.0356633 -0.00787569 0.999333 31.4408 0.0891574 0.995956 0.0110308 -0.796186 -0.995379 0.0894913 -0.0348169 22.9682 
-0.0504162 -0.00853291 0.998692 32.7159 0.0916188 0.995707 0.0131325 -0.788435 -0.994517 0.0921611 -0.049418 22.9457 
-0.0638862 -0.00963752 0.997911 34.0189 0.0915262 0.995682 0.0154754 -0.783279 -0.993751 0.0923236 -0.0627283 22.8841 
-0.0761505 -0.00961347 0.99705 35.3256 0.0911359 0.995701 0.016561 -0.777991 -0.992923 0.0921282 -0.074947 22.8067 
-0.0874637 -0.00673636 0.996145 36.6083 0.0913622 0.995708 0.0147551 -0.762729 -0.991969 0.0923005 -0.0864729 22.7143 
-0.0981599 -0.0033875 0.995165 37.8956 0.0916557 0.995713 0.0124299 -0.754815 -0.990941 0.0924327 -0.0974286 22.6322 
-0.107292 -0.000882289 0.994227 39.2423 0.0929044 0.995615 0.0109092 -0.736602 -0.989877 0.0935386 -0.10674 22.4781 
-0.115437 0.000364759 0.993315 40.5893 0.0924511 0.995663 0.0103784 -0.715491 -0.989003 0.0930311 -0.11497 22.3685 
-0.121273 0.00103639 0.992619 41.9924 0.0921762 0.99569 0.010222 -0.710093 -0.98833 0.0927354 -0.120846 22.2074 
-0.126339 0.00234441 0.991984 43.3897 0.0934158 0.995581 0.00954449 -0.707843 -0.987579 0.0938729 -0.126 22.0289 
-0.13129 0.00407879 0.991336 44.7896 0.0922666 0.995701 0.00812269 -0.696149 -0.987041 0.0925336 -0.131102 21.8603 
-0.135419 0.00484314 0.990777 46.2358 0.0929021 0.995644 0.0078308 -0.690007 -0.986423 0.0931057 -0.135279 21.685 
-0.13941 0.00398257 0.990227 47.7255 0.0929719 0.995627 0.00908475 -0.669066 -0.985861 0.0933298 -0.139171 21.5595 
-0.141837 0.0019794 0.989888 49.2015 0.0937587 0.995529 0.0114436 -0.659561 -0.98544 0.0944337 -0.141389 21.364 
-0.144401 0.000782041 0.989519 50.668 0.0934487 0.995541 0.0128502 -0.648235 -0.985097 0.0943249 -0.14383 21.1791 
-0.146133 0.00150639 0.989264 52.1759 0.0957272 0.995327 0.012625 -0.63078 -0.984622 0.0965444 -0.145594 20.9313 
-0.147211 0.0011599 0.989104 53.6756 0.0957141 0.995323 0.0130781 -0.622184 -0.984463 0.0965964 -0.146633 20.7165 
-0.148008 0.00241922 0.988983 55.2046 0.0973056 0.995181 0.012128 -0.609276 -0.984188 0.0980287 -0.14753 20.4995 
-0.14797 0.0026591 0.988988 56.7079 0.0977903 0.995135 0.0119554 -0.586909 -0.984145 0.0984825 -0.14751 20.2907 
-0.147428 0.00421667 0.989064 58.26 0.0975635 0.995176 0.0102999 -0.575355 -0.984249 0.098015 -0.147129 20.0733 
-0.146513 0.00384001 0.989201 59.8321 0.0982452 0.995105 0.0106883 -0.570423 -0.984318 0.0987503 -0.146173 19.864 
-0.145114 0.00282746 0.989411 61.4009 0.0976149 0.995158 0.011473 -0.561749 -0.984588 0.0982461 -0.144688 19.6544 
-0.144055 0.00364309 0.989563 62.9878 0.0986406 0.995066 0.0106961 -0.546785 -0.984641 0.0991519 -0.143704 19.4315 
-0.143053 0.00432509 0.989705 64.6012 0.0986947 0.995068 0.00991683 -0.53395 -0.984782 0.0990973 -0.142774 19.2171 
-0.142092 0.00488382 0.989841 66.2224 0.0997534 0.994968 0.00941044 -0.522436 -0.984814 0.100077 -0.141864 19.0027 
-0.141255 0.00486388 0.989961 67.8885 0.0994426 0.995 0.00930046 -0.510444 -0.984966 0.0997581 -0.141032 18.7887 
-0.140284 0.00329709 0.990106 69.544 0.101455 0.994779 0.0110621 -0.49704 -0.9849 0.102003 -0.139886 18.5593 
-0.139732 0.00132509 0.990188 71.2407 0.103161 0.994577 0.0132267 -0.486067 -0.984801 0.103997 -0.139111 18.3389 
-0.138648 0.00258647 0.990338 72.9618 0.104737 0.994427 0.0120661 -0.471168 -0.984788 0.105398 -0.138147 18.099 
-0.137862 0.00431276 0.990442 74.6585 0.107053 0.994197 0.0105717 -0.46622 -0.984649 0.107487 -0.137524 17.8726 
-0.137053 0.00397603 0.990556 76.3743 0.106462 0.994259 0.0107391 -0.456447 -0.984826 0.106928 -0.13669 17.6508 
-0.137128 0.00383137 0.990546 78.1044 0.106839 0.994216 0.0109448 -0.455137 -0.984775 0.107329 -0.136745 17.4422 
-0.136733 0.00276104 0.990604 79.8598 0.106768 0.994212 0.011966 -0.446002 -0.984837 0.107401 -0.136236 17.2155 
-0.136509 0.00293369 0.990634 81.6329 0.108266 0.99405 0.011975 -0.438777 -0.984705 0.108886 -0.136014 16.9865 
-0.136473 0.00275412 0.99064 83.428 0.109649 0.993894 0.0123422 -0.431046 -0.984557 0.110307 -0.135942 16.7579 
-0.136394 0.00359174 0.990648 85.2481 0.110012 0.993863 0.0115433 -0.426652 -0.984527 0.110558 -0.135952 16.5173 
-0.137009 0.00426973 0.990561 87.0338 0.109627 0.993913 0.0108787 -0.425236 -0.984485 0.110083 -0.136643 16.3 
-0.137899 0.00499701 0.990434 88.8572 0.109435 0.993941 0.010222 -0.415847 -0.984382 0.109798 -0.13761 16.0684 
-0.13895 0.00568848 0.990283 90.7092 0.109377 0.993953 0.00963744 -0.410956 -0.984241 0.109654 -0.138732 15.8241 
-0.13964 0.00498507 0.99019 92.5335 0.108695 0.994021 0.0103241 -0.405397 -0.984218 0.10907 -0.139347 15.5798 
-0.14061 0.00464014 0.990054 94.3664 0.108857 0.993999 0.0108015 -0.398656 -0.984062 0.109293 -0.140271 15.3392 
-0.140787 0.00358895 0.990033 96.1899 0.106527 0.994243 0.0115443 -0.394024 -0.984292 0.107091 -0.140359 15.0965 
-0.142016 0.00473362 0.989853 98.0279 0.107018 0.9942 0.0105996 -0.381694 -0.984062 0.107438 -0.141699 14.8418 
-0.144216 0.0055136 0.989531 99.9227 0.105999 0.994317 0.0099082 -0.370557 -0.983852 0.106318 -0.143981 14.5783 
-0.148206 0.00628877 0.988936 101.791 0.106392 0.994278 0.00962151 -0.369196 -0.983217 0.106641 -0.148027 14.3208 
-0.15252 0.00522093 0.988287 103.677 0.10463 0.994451 0.0108938 -0.367836 -0.982746 0.105066 -0.15222 14.0526 
-0.157317 0.00443227 0.987538 105.579 0.103152 0.994594 0.0119683 -0.363465 -0.982146 0.103749 -0.156924 13.7745 
-0.161799 0.00522678 0.98681 107.472 0.101771 0.994742 0.0114177 -0.357548 -0.981562 0.102276 -0.161481 13.4923 
-0.166241 0.00701063 0.98606 109.376 0.10254 0.994676 0.0102154 -0.354826 -0.980739 0.102809 -0.166075 13.1979 
-0.170652 0.00863539 0.985293 111.326 0.101977 0.994746 0.00894396 -0.35439 -0.98004 0.102003 -0.170636 12.8801 
-0.175657 0.0090535 0.98441 113.241 0.100825 0.994865 0.00884141 -0.353608 -0.979275 0.100806 -0.175668 12.5697 
-0.180098 0.00859159 0.983611 115.168 0.0991112 0.995031 0.00945577 -0.356239 -0.978643 0.0991899 -0.180055 12.2358 
-0.185292 0.00791334 0.982652 117.134 0.0972381 0.995208 0.010321 -0.350005 -0.977861 0.0974636 -0.185174 11.8883 
-0.190727 0.00748183 0.981615 119.102 0.0968389 0.995237 0.01123 -0.343995 -0.976855 0.0972003 -0.190543 11.5332 
-0.19595 0.00719235 0.980587 121.07 0.0968651 0.995224 0.0120567 -0.338976 -0.975818 0.0973473 -0.195711 11.1651 
-0.20129 0.00896415 0.979491 123.054 0.0974723 0.995178 0.0109233 -0.329027 -0.97467 0.097672 -0.201193 10.7821 
-0.20658 0.00993185 0.978379 125.034 0.0970315 0.995227 0.0103847 -0.323506 -0.973606 0.0970789 -0.206557 10.3923 
-0.212427 0.0100237 0.977125 127.022 0.0973023 0.995195 0.0109444 -0.316148 -0.97232 0.0974015 -0.212382 9.98955 
-0.217917 0.00996292 0.975916 129.011 0.0963821 0.995279 0.011361 -0.312151 -0.971196 0.0965366 -0.217849 9.58577 
-0.222958 0.0106386 0.97477 131.015 0.0958299 0.995336 0.0110559 -0.305231 -0.970106 0.0958772 -0.222938 9.15559 
-0.228089 0.0111885 0.973576 133.056 0.0953858 0.995381 0.0109077 -0.299609 -0.968957 0.0953532 -0.228102 8.71772 
-0.232274 0.0104456 0.972594 135.075 0.0965382 0.995252 0.0123661 -0.29209 -0.967848 0.0967649 -0.232179 8.25936 
-0.235967 0.0103742 0.971706 137.129 0.0986518 0.995033 0.0133331 -0.28128 -0.966741 0.0990067 -0.235818 7.7924 
-0.239283 0.0111267 0.970886 139.149 0.0995818 0.994943 0.0131402 -0.268093 -0.96583 0.0998268 -0.239181 7.31537 
-0.242291 0.0118151 0.970132 141.198 0.100388 0.994864 0.0129557 -0.259668 -0.964996 0.100529 -0.242233 6.82448 
-0.24543 0.0115039 0.969346 143.231 0.0996789 0.994929 0.0134303 -0.256075 -0.964276 0.0999196 -0.245332 6.33248 
-0.249453 0.0119966 0.968312 145.293 0.0985745 0.995044 0.0130666 -0.255679 -0.963357 0.0987104 -0.2494 5.83074 
-0.25407 0.0131293 0.967096 147.345 0.0971309 0.995199 0.0120069 -0.237893 -0.962296 0.0969856 -0.254126 5.33346 
-0.258652 0.0123662 0.965891 149.332 0.0959256 0.995304 0.0129447 -0.245853 -0.961196 0.0960019 -0.258624 4.84925 
-0.263121 0.0131363 0.964673 151.404 0.0967124 0.99523 0.0128264 -0.231621 -0.959903 0.0966708 -0.263136 4.32644 
-0.267563 0.0137455 0.963442 153.431 0.0964057 0.995263 0.0125739 -0.227777 -0.958705 0.0962457 -0.267621 3.7941 
-0.27178 0.0139793 0.962258 155.486 0.0961787 0.995283 0.0127056 -0.223018 -0.957541 0.0960018 -0.271843 3.23808 
-0.275851 0.0132166 0.961109 157.542 0.0959795 0.995287 0.0138607 -0.219085 -0.956396 0.0960703 -0.27582 2.67865 
-0.279982 0.0131559 0.959915 159.594 0.0965293 0.995224 0.0145152 -0.219589 -0.95514 0.096724 -0.279915 2.12054 
-0.284016 0.0138957 0.958719 161.626 0.0979607 0.995083 0.0145976 -0.215882 -0.953802 0.0980627 -0.283981 1.56891 
-0.287611 0.0154152 0.957623 163.688 0.0981541 0.99508 0.0134612 -0.197604 -0.952704 0.0978662 -0.287709 0.983687 
-0.29115 0.0170451 0.956525 165.745 0.098225 0.99509 0.0121656 -0.192506 -0.951621 0.0974967 -0.291395 0.394384 
-0.294476 0.0181559 0.955486 167.828 0.0988397 0.995036 0.0115544 -0.187672 -0.950534 0.0978425 -0.294809 -0.212155 
-0.297947 0.0188169 0.954397 169.893 0.0984278 0.995082 0.0111084 -0.189807 -0.949494 0.0972489 -0.298334 -0.807913 
-0.301046 0.0189363 0.953421 171.999 0.098903 0.995031 0.0114662 -0.180963 -0.948467 0.0977481 -0.301423 -1.45418 
-0.304689 0.0193125 0.952256 174.041 0.0987829 0.995043 0.0114268 -0.172867 -0.947315 0.0975483 -0.305086 -2.08666 
-0.308298 0.0200904 0.951078 176.123 0.10116 0.9948 0.0117776 -0.172846 -0.945896 0.099842 -0.308727 -2.73343 
-0.31144 0.0202928 0.950049 178.256 0.102764 0.994628 0.0124425 -0.164325 -0.944693 0.101506 -0.311853 -3.40529 
-0.313885 0.0198743 0.949253 180.369 0.103824 0.994504 0.0135093 -0.157582 -0.943767 0.102796 -0.314223 -4.07942 
-0.316489 0.019428 0.948397 182.487 0.103496 0.994529 0.0141644 -0.145917 -0.942933 0.102638 -0.316768 -4.76937 
-0.31926 0.0198922 0.947458 184.593 0.102289 0.994662 0.0135846 -0.139925 -0.94213 0.101252 -0.319591 -5.44427 
-0.321964 0.021815 0.9465 186.718 0.101423 0.994776 0.0115726 -0.135324 -0.941303 0.0997228 -0.322495 -6.13597 
-0.324822 0.0238795 0.945474 188.853 0.101227 0.994816 0.00965115 -0.131032 -0.940342 0.0988423 -0.325555 -6.84293 
-0.3278 0.0246049 0.944427 190.96 0.100356 0.994912 0.00891226 -0.138473 -0.939402 0.0977004 -0.328602 -7.5366 
-0.330989 0.0253118 0.943295 193.064 0.0987252 0.995083 0.00793974 -0.15142 -0.938456 0.095755 -0.33186 -8.23985 
-0.334555 0.0254924 0.942031 195.172 0.0997565 0.994975 0.00850253 -0.159919 -0.937081 0.0968184 -0.335417 -8.9475 
-0.338424 0.0248771 0.940665 197.23 0.0990205 0.995042 0.00930945 -0.156179 -0.935769 0.0962957 -0.339209 -9.64331 
-0.342004 0.0239966 0.939392 199.385 0.0983563 0.995097 0.0103888 -0.163538 -0.934537 0.0959481 -0.342687 -10.39 
-0.345648 0.0237145 0.938064 201.427 0.0984 0.995085 0.0111014 -0.1664 -0.93319 0.0961428 -0.346283 -11.1287 
-0.349277 0.023786 0.936717 203.57 0.0973169 0.995192 0.011016 -0.169341 -0.931952 0.0950061 -0.349913 -11.8908 
-0.352612 0.0242916 0.935454 205.734 0.0964585 0.995281 0.0105141 -0.171542 -0.930785 0.0939399 -0.353291 -12.6756 
-0.356113 0.0248257 0.934113 207.885 0.0964462 0.995285 0.0103167 -0.183871 -0.929452 0.0937656 -0.356828 -13.4261 
-0.358899 0.0255033 0.933028 209.987 0.0971403 0.995219 0.0101628 -0.196743 -0.928308 0.094282 -0.35966 -14.2062 
-0.361372 0.025158 0.932082 212.071 0.0985843 0.995064 0.0113635 -0.213641 -0.927195 0.0959951 -0.362068 -14.9751 
-0.363998 0.0243909 0.93108 214.255 0.0994137 0.994964 0.0128004 -0.211071 -0.926079 0.0972214 -0.36459 -15.8028 
-0.366583 0.0252883 0.930042 216.441 0.100875 0.994818 0.012711 -0.20602 -0.924901 0.0984776 -0.367234 -16.6422 
-0.3692 0.0259601 0.928987 218.56 0.100566 0.994856 0.0121663 -0.214572 -0.923893 0.0979162 -0.369912 -17.4467 
-0.371654 0.0260995 0.928004 220.761 0.099917 0.994923 0.0120338 -0.210394 -0.922979 0.0971958 -0.372375 -18.3023 
-0.374133 0.0275555 0.926966 222.977 0.0996658 0.994964 0.0106493 -0.209176 -0.922004 0.096371 -0.374995 -19.1687 
-0.376902 0.0285958 0.925812 225.059 0.0998133 0.994957 0.00990281 -0.232951 -0.920859 0.0961407 -0.377855 -19.9753 
-0.379213 0.0288215 0.92486 227.17 0.0978207 0.995162 0.00909624 -0.228811 -0.920124 0.0939199 -0.380198 -20.8095 
-0.382575 0.0295426 0.923452 229.257 0.0984247 0.995104 0.00894118 -0.259417 -0.918667 0.0943112 -0.383609 -21.6213 
-0.384947 0.0292951 0.922473 231.394 0.100259 0.994909 0.0102426 -0.26141 -0.917477 0.0964292 -0.385924 -22.4808 
-0.387863 0.0283994 0.921279 233.447 0.10057 0.994861 0.0116726 -0.264036 -0.916214 0.0971801 -0.388727 -23.3046 
-0.39079 0.028065 0.920052 235.399 0.0995739 0.994958 0.0119439 -0.274519 -0.915078 0.0962807 -0.391615 -24.109 
-0.393438 0.0283554 0.918914 237.493 0.0982105 0.995101 0.011343 -0.275495 -0.91409 0.0947097 -0.394296 -24.9709 
-0.396846 0.0280566 0.917456 239.62 0.0968198 0.995236 0.0114442 -0.270248 -0.912765 0.0933696 -0.397671 -25.8596 
-0.400022 0.0274784 0.916093 241.772 0.0962961 0.995278 0.0121952 -0.266931 -0.911433 0.0930946 -0.400779 -26.7703 
-0.40313 0.0278146 0.91472 243.959 0.0958813 0.99532 0.0119907 -0.268317 -0.910106 0.0925384 -0.403911 -27.6998 
-0.406604 0.0275867 0.913188 246.125 0.0954978 0.995352 0.0124522 -0.268871 -0.9086 0.0922706 -0.407348 -28.6381 
-0.41009 0.0270291 0.911644 248.254 0.0946489 0.995425 0.0130633 -0.27279 -0.90712 0.0916433 -0.410772 -29.5655 
-0.413974 0.0271207 0.909884 250.409 0.0938075 0.995505 0.0130071 -0.271515 -0.905442 0.0907386 -0.414658 -30.504 
-0.417436 0.0281364 0.908271 252.583 0.0943628 0.995459 0.0125311 -0.260063 -0.903794 0.0909379 -0.418195 -31.4683 
-0.420801 0.0288552 0.906694 254.759 0.094885 0.995411 0.012358 -0.259986 -0.902177 0.091232 -0.421608 -32.431 
-0.424377 0.028906 0.905024 256.894 0.0945795 0.995438 0.0125557 -0.253432 -0.900532 0.090925 -0.425175 -33.3861 
-0.428009 0.0294691 0.903294 259.024 0.0931561 0.995583 0.0116603 -0.251159 -0.89896 0.0891381 -0.428864 -34.3555 
-0.431664 0.029672 0.901546 261.196 0.0935397 0.995543 0.0120214 -0.251669 -0.897171 0.0895196 -0.432516 -35.3558 
-0.434702 0.0304015 0.900061 263.35 0.0942165 0.995481 0.0118791 -0.242303 -0.895632 0.0899645 -0.435602 -36.3723 
-0.438906 0.0317914 0.89797 265.481 0.0955046 0.995363 0.0114408 -0.231713 -0.893443 0.0907818 -0.439907 -37.2995 
-0.442142 0.0340073 0.8963 267.614 0.0979121 0.995139 0.0105422 -0.232375 -0.891585 0.0924198 -0.443323 -38.3195 
-0.44464 0.0348819 0.89503 269.743 0.0992941 0.995002 0.01055 -0.230931 -0.890188 0.0935622 -0.445882 -39.3355 
-0.447247 0.0369928 0.893645 271.889 0.10083 0.99486 0.00927998 -0.225681 -0.888709 0.0942564 -0.448678 -40.3747 
-0.450078 0.0396087 0.89211 273.957 0.102626 0.994691 0.00761279 -0.21864 -0.887072 0.0949805 -0.451754 -41.3359 
-0.452995 0.0402891 0.890602 276.066 0.104099 0.994535 0.00795767 -0.241694 -0.885415 0.0963152 -0.454713 -42.3387 
-0.455988 0.041124 0.889035 278.25 0.104087 0.994541 0.00738222 -0.240739 -0.883878 0.0959035 -0.457779 -43.4266 
-0.459575 0.0411434 0.887185 280.483 0.103198 0.994634 0.00733189 -0.242912 -0.882123 0.0949256 -0.461355 -44.5318 
-0.462959 0.0425668 0.885357 282.646 0.104082 0.994547 0.00660858 -0.248269 -0.880248 0.0952092 -0.464865 -45.624 
-0.466088 0.0431347 0.883686 284.803 0.10355 0.994606 0.0060668 -0.248255 -0.878658 0.0943331 -0.46804 -46.7304 
-0.468649 0.0429354 0.882341 286.959 0.101918 0.994776 0.00572623 -0.255739 -0.877486 0.0926099 -0.470577 -47.8342 
-0.471129 0.0433891 0.880996 289.131 0.103683 0.994589 0.00646267 -0.267662 -0.875949 0.094389 -0.473079 -48.9423 
-0.473877 0.0435035 0.879516 291.272 0.105442 0.994396 0.00762547 -0.285125 -0.874255 0.0963513 -0.475809 -49.9999 
-0.476108 0.0438899 0.878291 293.394 0.106774 0.994249 0.00819586 -0.293007 -0.87288 0.0976805 -0.478057 -51.0992 
-0.478579 0.0435375 0.876964 295.55 0.106945 0.994224 0.00900329 -0.312583 -0.871507 0.0980957 -0.480471 -52.1709 
-0.481223 0.0432347 0.875531 297.796 0.107703 0.994132 0.0101061 -0.334341 -0.869956 0.0991606 -0.483056 -53.309 
-0.483817 0.0437142 0.874076 299.96 0.10963 0.993912 0.010975 -0.337414 -0.868275 0.101135 -0.485664 -54.4526 
-0.485844 0.043841 0.872945 302.154 0.110114 0.993854 0.0113716 -0.321638 -0.867082 0.101649 -0.487685 -55.6297 
-0.487602 0.0449122 0.87191 304.434 0.109711 0.993912 0.0101578 -0.311375 -0.866145 0.100611 -0.489561 -56.8484 
-0.489935 0.0475565 0.870461 306.666 0.109672 0.99394 0.00742597 -0.303031 -0.864833 0.0991038 -0.492182 -58.0743 
-0.493352 0.0470722 0.868555 308.825 0.108304 0.994088 0.00764236 -0.307736 -0.863061 0.0978382 -0.495533 -59.2422 
-0.497736 0.0450465 0.866158 311.037 0.105781 0.994348 0.00907334 -0.305752 -0.860854 0.096139 -0.499688 -60.4603 
-0.502458 0.0427471 0.863544 313.325 0.103744 0.994542 0.0111325 -0.302094 -0.858355 0.0951815 -0.50415 -61.7461 
-0.506881 0.0417908 0.861002 315.601 0.102959 0.994609 0.012337 -0.290432 -0.855845 0.094901 -0.508451 -63.0438 
-0.511369 0.0416678 0.85835 317.882 0.10286 0.994611 0.0129969 -0.280374 -0.853183 0.0949358 -0.512899 -64.3426 
-0.515307 0.0428761 0.855932 320.183 0.105024 0.994379 0.0134175 -0.269907 -0.850546 0.0968075 -0.516914 -65.7005 
-0.519148 0.043924 0.853555 322.437 0.10637 0.994234 0.0135326 -0.255673 -0.848039 0.0978179 -0.520827 -67.0363 
-0.522746 0.0440109 0.851352 324.694 0.107312 0.99412 0.0145002 -0.239687 -0.845707 0.0989402 -0.524395 -68.3831 
-0.526529 0.0423928 0.8491 326.948 0.106873 0.994133 0.0166385 -0.231778 -0.843413 0.0995068 -0.52797 -69.7384 
-0.530551 0.0407854 0.846671 329.21 0.105348 0.99427 0.0181189 -0.2179 -0.841081 0.0988082 -0.531807 -71.1084 
-0.534277 0.0405217 0.844338 331.474 0.103981 0.994415 0.0180727 -0.193634 -0.83889 0.0974513 -0.535506 -72.491 
-0.538419 0.0403937 0.841709 333.73 0.104127 0.994385 0.0188865 -0.178109 -0.836219 0.0978133 -0.539601 -73.8785 
-0.542284 0.0400027 0.839243 335.962 0.104544 0.994316 0.0201575 -0.159213 -0.833666 0.0986687 -0.543383 -75.2807 
-0.546376 0.0393241 0.836616 338.123 0.104641 0.994275 0.0216044 -0.145383 -0.830977 0.0993489 -0.547363 -76.6669 
-0.550181 0.0379997 0.834181 340.366 0.102718 0.994457 0.0224465 -0.121446 -0.828704 0.0980351 -0.551034 -78.0908 
-0.553494 0.037068 0.832028 342.573 0.101767 0.994533 0.0233911 -0.0912206 -0.826612 0.0976199 -0.55424 -79.5238 
-0.555985 0.0364756 0.830392 344.776 0.101875 0.994495 0.0245262 -0.058844 -0.824926 0.0982326 -0.55664 -80.9671 
-0.558764 0.0358019 0.828553 346.956 0.0997211 0.994719 0.0242684 -0.0266756 -0.823309 0.0961846 -0.559384 -82.3997 
-0.561477 0.0350291 0.82675 349.173 0.0964934 0.995059 0.023372 0.00299786 -0.821847 0.0928988 -0.562083 -83.852 
-0.564492 0.0346746 0.82471 351.365 0.0935101 0.995372 0.0221551 0.0359057 -0.820125 0.0896251 -0.565122 -85.3073 
-0.56718 0.0320672 0.822969 353.575 0.0909421 0.99557 0.0238835 0.0739239 -0.818557 0.0883888 -0.567583 -86.7639 
-0.570832 0.0316048 0.820458 355.76 0.0916833 0.995463 0.0254422 0.113856 -0.815932 0.0897456 -0.57114 -88.2244 
-0.573607 0.0317728 0.818514 357.957 0.091294 0.995502 0.0253349 0.145439 -0.814027 0.0892577 -0.573927 -89.7219 
-0.576723 0.0306917 0.816363 360.102 0.0891414 0.995691 0.0255406 0.178984 -0.812062 0.0875016 -0.576974 -91.2014 
-0.579639 0.027242 0.814418 362.303 0.0871425 0.995782 0.0287126 0.217845 -0.8102 0.0876134 -0.579568 -92.7137 
-0.582426 0.0247208 0.812508 364.523 0.0844202 0.995972 0.0302117 0.261893 -0.808488 0.0861881 -0.582167 -94.2561 
-0.585504 0.0238279 0.810319 366.707 0.0827812 0.9961 0.0305234 0.313799 -0.806432 0.0849508 -0.585193 -95.7814 
-0.588204 0.0242095 0.80835 368.849 0.0825389 0.996129 0.0302268 0.359756 -0.80449 0.0844999 -0.587925 -97.3042 
-0.590838 0.0234018 0.806451 371.05 0.0819613 0.996149 0.0311415 0.407893 -0.802616 0.0844973 -0.59048 -98.8591 
-0.593523 0.023048 0.804487 373.249 0.0816591 0.996156 0.0317061 0.462637 -0.800664 0.084512 -0.593123 -100.423 
-0.596091 0.0216638 0.802624 375.444 0.0785655 0.996413 0.0314544 0.511849 -0.799064 0.0818083 -0.595655 -101.996 
-0.598387 0.018061 0.801003 377.554 0.0683366 0.997253 0.0285646 0.548053 -0.798287 0.0718305 -0.597978 -103.565 
-0.601565 0.0213181 0.798539 379.735 0.0610293 0.997949 0.0193336 0.586688 -0.796489 0.0603647 -0.601632 -105.158 
-0.603815 0.0313788 0.796506 381.872 0.0713125 0.997345 0.0147695 0.609343 -0.793928 0.0657189 -0.60445 -106.746 
-0.604586 0.032767 0.795866 384.018 0.0790766 0.996687 0.0190361 0.643764 -0.792605 0.0744433 -0.605174 -108.339 
-0.606519 0.0232714 0.794728 386.184 0.0778981 0.996502 0.0302704 0.689499 -0.791243 0.0802674 -0.60621 -109.965 
-0.609442 0.0132627 0.79272 388.442 0.0723965 0.996614 0.0389843 0.78141 -0.789518 0.0811488 -0.608338 -111.615 
-0.612697 0.00775243 0.79028 390.554 0.0665606 0.996905 0.0418244 0.865198 -0.78751 0.0782272 -0.611317 -113.186 
-0.615556 0.00697258 0.788062 392.701 0.0652915 0.996974 0.0421781 0.939797 -0.785384 0.0774168 -0.614149 -114.792 
-0.618035 0.0119153 0.78606 394.789 0.0705496 0.996691 0.0403611 0.995163 -0.782979 0.0804008 -0.616831 -116.377 
-0.620168 0.0184653 0.784252 396.9 0.0752341 0.996515 0.0360303 1.03753 -0.780853 0.0813473 -0.619396 -117.988 
-0.622665 0.0212562 0.7822 399.044 0.0759756 0.99655 0.0333986 1.10961 -0.778792 0.0802242 -0.622131 -119.646 
-0.625733 0.0216334 0.779737 401.142 0.0764112 0.996508 0.0336718 1.15618 -0.776286 0.0806502 -0.625201 -121.275 
-0.628557 0.0206543 0.777489 403.254 0.0766608 0.996425 0.0355055 1.20968 -0.773976 0.0819203 -0.627893 -122.924 
-0.62992 0.0202309 0.776396 405.553 0.0776252 0.996295 0.0370194 1.2989 -0.772771 0.0835872 -0.629157 -124.825 
-0.631611 0.0207721 0.775007 407.703 0.0783297 0.996236 0.0371352 1.37853 -0.771318 0.0841611 -0.630861 -126.531 
-0.63306 0.0209415 0.77382 410.008 0.0785476 0.996212 0.0372994 1.43799 -0.770108 0.0843944 -0.632307 -128.366 
-0.634844 0.0213345 0.772346 412.139 0.0787086 0.996204 0.0371777 1.51432 -0.768621 0.0843923 -0.634113 -130.06 
-0.636678 0.0205868 0.770855 414.066 0.0799819 0.996015 0.0394599 1.55994 -0.766971 0.0867777 -0.635787 -131.588 
-0.63735 0.0197269 0.770322 416.139 0.0821497 0.995715 0.0424702 1.60366 -0.766183 0.0903502 -0.636239 -133.266 
-0.63829 0.0193455 0.769552 418.292 0.0834597 0.99553 0.0441977 1.70218 -0.765258 0.0924376 -0.637052 -135.023 
-0.639112 0.0187208 0.768885 420.455 0.0848235 0.995321 0.0462728 1.79318 -0.764421 0.0947931 -0.63771 -136.818 
-0.640374 0.0186964 0.767835 422.237 0.080847 0.995791 0.0431793 1.8204 -0.763796 0.0897282 -0.63919 -138.272 
-0.641487 0.0177439 0.766929 424.148 0.0774918 0.996117 0.0417704 1.88902 -0.76321 0.0862259 -0.640372 -139.848 
-0.642845 0.0166169 0.765816 426.186 0.0766395 0.996143 0.0427185 1.94977 -0.762152 0.0861531 -0.64164 -141.475 
-0.643736 0.0149705 0.765101 428.268 0.0738636 0.996356 0.0426514 2.03398 -0.761674 0.0839694 -0.642496 -143.172 
-0.644572 0.0142315 0.764411 430.328 0.0714213 0.996575 0.0416705 2.10927 -0.7612 0.0814549 -0.643381 -144.865 
-0.645535 0.0137193 0.763607 432.384 0.0704045 0.99665 0.0416118 2.18852 -0.760479 0.0806233 -0.644338 -146.548 
-0.645805 0.0125095 0.7634 434.444 0.0711997 0.996495 0.0439029 2.26746 -0.760175 0.0827066 -0.644432 -148.244 
-0.64576 0.0105766 0.763467 436.513 0.0726926 0.996214 0.0476842 2.3543 -0.760072 0.086291 -0.644084 -149.948 
-0.643904 0.00943847 0.765048 438.599 0.0775014 0.995585 0.0529465 2.45977 -0.761171 0.0933848 -0.641793 -151.684 
-0.64224 0.00860676 0.766455 440.633 0.0815138 0.995033 0.0571296 2.57247 -0.762157 0.0991676 -0.639752 -153.377 
-0.640592 0.00637504 0.767855 442.685 0.0757467 0.995613 0.0549264 2.68756 -0.764137 0.0933479 -0.638264 -155.041 
-0.639451 0.0058865 0.76881 444.755 0.0684526 0.996435 0.0493055 2.79562 -0.765779 0.0841555 -0.637574 -156.714 
-0.637658 0.00372625 0.770311 446.832 0.0635448 0.996834 0.0477799 2.88819 -0.767694 0.0794165 -0.635876 -158.377 
-0.63481 0.00346404 0.77266 448.878 0.0617435 0.997019 0.0462579 2.97986 -0.770197 0.0770717 -0.633132 -160.021 
-0.631758 0.00381511 0.775156 450.953 0.0634447 0.996887 0.0468014 3.06615 -0.772565 0.0787467 -0.630034 -161.684 
-0.628376 0.00374494 0.777901 453.041 0.0639645 0.996851 0.0468704 3.16309 -0.775276 0.0792103 -0.626636 -163.364 
-0.626217 0.00434371 0.779637 455.134 0.0610031 0.997192 0.0434428 3.24471 -0.777259 0.0747648 -0.624723 -164.987 
-0.624954 -4.10758e-05 0.780662 457.237 0.054479 0.99756 0.0436653 3.32347 -0.778758 0.0698185 -0.623426 -166.616 
-0.623657 -0.00605598 0.781674 459.363 0.0456555 0.997981 0.0441579 3.41119 -0.780364 0.0632272 -0.622121 -168.274 
-0.623312 -0.00924296 0.781919 461.484 0.0388255 0.998331 0.0427511 3.49169 -0.781009 0.0570057 -0.621912 -169.903 
-0.622139 -0.00973031 0.782846 463.595 0.0371436 0.99843 0.0419284 3.57159 -0.782025 0.055163 -0.620801 -171.542 
-0.620885 -0.00992139 0.783838 465.685 0.0388535 0.998301 0.0434121 3.64378 -0.782938 0.0574088 -0.619445 -173.145 
-0.61978 -0.0114238 0.784693 467.82 0.0402662 0.998114 0.0463345 3.72221 -0.783742 0.0603138 -0.618151 -174.779 
-0.617783 -0.0137283 0.786229 469.878 0.0387737 0.998099 0.0478944 3.80744 -0.785392 0.0600734 -0.616077 -176.367 
-0.616998 -0.0140168 0.786839 471.98 0.0363535 0.998266 0.0462895 3.89863 -0.786124 0.0571649 -0.615419 -177.96 
-0.615885 -0.0128576 0.787731 474.079 0.0353322 0.99841 0.0439206 3.98543 -0.787044 0.0548823 -0.614451 -179.537 
-0.614609 -0.0115048 0.788748 476.164 0.0361916 0.998429 0.0427644 4.06378 -0.788001 0.0548294 -0.613228 -181.118 
-0.613184 -0.0109497 0.789864 478.272 0.0384998 0.998301 0.0437272 4.13899 -0.789001 0.0572224 -0.611721 -182.683 
-0.610984 -0.0108337 0.791569 480.396 0.0405225 0.998167 0.0449391 4.22841 -0.790605 0.0595335 -0.609425 -184.317 
-0.610029 -0.0108818 0.792304 482.514 0.0409204 0.998139 0.0452151 4.31303 -0.791322 0.0600039 -0.608449 -185.902 
-0.60826 -0.0118771 0.793649 484.638 0.040312 0.998135 0.0458327 4.39623 -0.792713 0.0598718 -0.606647 -187.511 
-0.6075 -0.0125493 0.794221 486.716 0.0401569 0.998111 0.0464869 4.49117 -0.793304 0.0601342 -0.605848 -189.046 
-0.605846 -0.0133763 0.795469 488.846 0.0399946 0.998082 0.047244 4.58508 -0.794576 0.0604371 -0.604149 -190.652 
-0.605405 -0.012933 0.795813 490.929 0.0388466 0.998196 0.0457741 4.66093 -0.794969 0.0586265 -0.60381 -192.159 
-0.604489 -0.0112591 0.796534 493.104 0.0396827 0.998233 0.0442252 4.75424 -0.795625 0.0583423 -0.602974 -193.791 
-0.603824 -0.0115776 0.797034 495.237 0.0403656 0.998167 0.0450797 4.83503 -0.796095 0.0593929 -0.60225 -195.35 
-0.603703 -0.0130986 0.797102 497.316 0.0392156 0.998167 0.0461034 4.9149 -0.796244 0.0590916 -0.602082 -196.819 
-0.603836 -0.0144566 0.796977 499.477 0.0378415 0.998188 0.0467772 5.0049 -0.79621 0.0584045 -0.602195 -198.403 
-0.603896 -0.0147689 0.796926 501.491 0.0374642 0.998197 0.0468885 5.10089 -0.796182 0.058172 -0.602254 -199.91 
-0.603688 -0.0138685 0.7971 503.595 0.038413 0.998181 0.0464592 5.18698 -0.796295 0.0586659 -0.602057 -201.473 
-0.603474 -0.0133085 0.797271 505.696 0.0390394 0.998168 0.0462117 5.27246 -0.796426 0.0590126 -0.601849 -203.026 
-0.602822 -0.0148513 0.797738 507.346 0.0387304 0.998103 0.0478486 5.33391 -0.796935 0.0597409 -0.601103 -204.429 
-0.602602 -0.0167566 0.797866 509.451 0.0376031 0.998073 0.0493617 5.43163 -0.797155 0.0597477 -0.600811 -205.987 
-0.601716 -0.0170965 0.798527 511.424 0.0371679 0.998088 0.0493763 5.51088 -0.797845 0.0593901 -0.59993 -207.51 
-0.601585 -0.0175802 0.798615 513.508 0.0358323 0.998157 0.0489647 5.60303 -0.798004 0.0580727 -0.599847 -209.064 
-0.601251 -0.016743 0.798885 515.536 0.0364203 0.998167 0.04833 5.68571 -0.79823 0.0581541 -0.599539 -210.573 
-0.600942 -0.0163366 0.799126 517.648 0.0371277 0.998141 0.0483251 5.76894 -0.79843 0.0587103 -0.599218 -212.113 
-0.599965 -0.0169039 0.799847 519.724 0.0367887 0.998136 0.0486897 5.86708 -0.79918 0.0586375 -0.598225 -213.654 
-0.598966 -0.016572 0.800603 521.759 0.036422 0.998187 0.0479107 5.95576 -0.799946 0.0578565 -0.597277 -215.209 
-0.598392 -0.0163107 0.801038 523.653 0.0360724 0.99823 0.0472727 6.03883 -0.800391 0.0571829 -0.596744 -216.66 
-0.598588 -0.0170079 0.800876 525.786 0.0359837 0.998194 0.048093 6.13213 -0.800248 0.0576064 -0.596896 -218.183 
-0.598657 -0.0183364 0.800796 527.936 0.0354617 0.998151 0.0493657 6.22582 -0.80022 0.0579506 -0.5969 -219.721 
-0.598053 -0.0196693 0.801215 530.062 0.0355292 0.998065 0.051022 6.31956 -0.800668 0.0589804 -0.596198 -221.273 
-0.598063 -0.0189185 0.801226 532.22 0.0357612 0.998096 0.0502603 6.41591 -0.800651 0.0587116 -0.596247 -222.819 
-0.597012 -0.0175308 0.802041 534.098 0.0373133 0.998072 0.0495902 6.50488 -0.801364 0.0595328 -0.595207 -224.303 
-0.594527 -0.0149532 0.803936 535.506 0.0406271 0.997991 0.0486071 6.57854 -0.803048 0.0615599 -0.592726 -225.681 
-0.592029 -0.0123819 0.805822 536.919 0.0439375 0.997899 0.0476136 6.65116 -0.804718 0.0635945 -0.590241 -227.054 
-0.591587 -0.0128468 0.806138 538.849 0.0432103 0.997931 0.0476132 6.73349 -0.805082 0.0630009 -0.589808 -228.515 
-0.591453 -0.012278 0.806246 541.018 0.0432766 0.997959 0.0469447 6.82151 -0.805177 0.0626572 -0.589715 -230.073 
-0.591816 -0.0138409 0.805954 543.144 0.0426383 0.997915 0.048447 6.90384 -0.804945 0.0630362 -0.589992 -231.576 
-0.591753 -0.0154815 0.805971 545.322 0.04204 0.997862 0.0500337 7.00523 -0.805022 0.0634906 -0.589837 -233.142 
-0.591802 -0.0166279 0.805912 547.383 0.0409755 0.997874 0.0506779 7.10373 -0.805041 0.0630139 -0.589863 -234.621 
-0.592442 -0.015158 0.80547 549.552 0.0405457 0.997995 0.0486033 7.19914 -0.804592 0.061453 -0.59064 -236.171 
-0.592776 -0.0130441 0.805261 551.623 0.040422 0.998127 0.0459239 7.28487 -0.804352 0.0597729 -0.591139 -237.635 
-0.592353 -0.0125103 0.805581 553.652 0.0409269 0.998121 0.0455943 7.36677 -0.804638 0.0599778 -0.590728 -239.125 
-0.591816 -0.0143954 0.805944 555.738 0.0415914 0.997963 0.0483662 7.45077 -0.804999 0.0621443 -0.590012 -240.663 
-0.591932 -0.0157308 0.805834 557.909 0.042225 0.997831 0.0504954 7.53944 -0.804881 0.0639162 -0.589984 -242.212 
-0.591654 -0.0148403 0.806055 560.067 0.0428101 0.997841 0.0497943 7.64313 -0.805054 0.0639683 -0.589742 -243.77 
-0.59157 -0.0142448 0.806128 562.244 0.0431248 0.997853 0.0492794 7.73978 -0.805099 0.0639164 -0.589686 -245.307 
-0.591374 -0.013236 0.806289 564.335 0.0439879 0.997847 0.0486436 7.8305 -0.805197 0.0642335 -0.589519 -246.784 
-0.590707 -0.012978 0.806782 566.495 0.0456047 0.997735 0.0494403 7.92859 -0.805597 0.0659977 -0.588777 -248.349 
-0.590487 -0.0139376 0.806927 568.673 0.0461644 0.99763 0.0510133 8.02064 -0.805726 0.067374 -0.588444 -249.88 
-0.589832 -0.0149268 0.807388 570.9 0.0455096 0.997626 0.0516906 8.13232 -0.806242 0.0672327 -0.587752 -251.49 
-0.589937 -0.0145371 0.807318 573.075 0.0460048 0.997609 0.0515809 8.23404 -0.806138 0.0675701 -0.587857 -253.028 
-0.589758 -0.0139717 0.807459 575.229 0.0473172 0.997535 0.0518204 8.33343 -0.806193 0.0687682 -0.587643 -254.556 
-0.589617 -0.0148116 0.807547 577.535 0.0475334 0.997462 0.0530005 8.4595 -0.806283 0.0696355 -0.587417 -256.137 
-0.589506 -0.0159176 0.807607 579.762 0.0459994 0.997522 0.0532375 8.57954 -0.806453 0.0685333 -0.587313 -257.694 
-0.58949 -0.0172696 0.807591 581.999 0.044357 0.997571 0.0537099 8.68988 -0.806557 0.0674838 -0.587292 -259.251 
-0.5893 -0.0163182 0.807749 584.207 0.0446807 0.997608 0.0527509 8.79934 -0.806678 0.0671769 -0.587161 -260.794 
-0.589169 -0.0148523 0.807873 586.344 0.0463125 0.997567 0.0521147 8.9044 -0.806681 0.0681191 -0.587048 -262.304 
-0.588192 -0.0139131 0.808602 588.473 0.0473305 0.997546 0.0515931 9.00388 -0.807335 0.0686181 -0.58609 -263.818 
-0.587342 -0.0146626 0.809206 590.545 0.0475836 0.997481 0.0526114 9.08722 -0.807939 0.0694059 -0.585165 -265.263 
-0.587132 -0.015661 0.80934 592.65 0.0478212 0.997396 0.0539916 9.18876 -0.808078 0.0704038 -0.584854 -266.709 
-0.586792 -0.0143401 0.809611 594.789 0.0483073 0.997442 0.0526792 9.29345 -0.808295 0.0700218 -0.584598 -268.208 
-0.586133 -0.0147688 0.81008 597.011 0.0475727 0.997481 0.0526065 9.40071 -0.808817 0.0693722 -0.583954 -269.782 
-0.585621 -0.0149584 0.810447 599.272 0.0469259 0.997527 0.0523195 9.51669 -0.809225 0.0686704 -0.583471 -271.332 
-0.584796 -0.0156197 0.81103 601.402 0.0464598 0.997528 0.0527114 9.61712 -0.809849 0.0685057 -0.582625 -272.804 
-0.584648 -0.0160975 0.811127 603.312 0.0459726 0.997539 0.0529332 9.69601 -0.809984 0.0682369 -0.582469 -274.02 
-0.584306 -0.0173908 0.811347 605.484 0.0443576 0.997591 0.0533276 9.80013 -0.81032 0.067149 -0.582127 -275.532 
-0.583359 -0.0177897 0.81202 607.647 0.0433372 0.997654 0.0529902 9.90851 -0.811057 0.066103 -0.581219 -277.053 
-0.582023 -0.0182075 0.812968 609.802 0.0424635 0.997705 0.0527454 10.0234 -0.812063 0.0652206 -0.579914 -278.577 
-0.58222 -0.017885 0.812835 611.972 0.0438394 0.997613 0.0533522 10.1268 -0.811849 0.0666969 -0.580046 -280.078 
-0.581825 -0.0190715 0.81309 614.114 0.044158 0.99751 0.0549953 10.2387 -0.812114 0.0679022 -0.579534 -281.589 
-0.58219 -0.0202394 0.812801 616.09 0.0432345 0.997505 0.0558065 10.3122 -0.811902 0.0676311 -0.579863 -282.864 
-0.582161 -0.0195169 0.812839 618.255 0.0424645 0.997618 0.0543669 10.4226 -0.811964 0.0661672 -0.579946 -284.37 
-0.582367 -0.0196916 0.812688 620.402 0.0399829 0.997803 0.0528284 10.5193 -0.811942 0.0632591 -0.5803 -285.851 
-0.582396 -0.0180893 0.812704 622.606 0.0405567 0.997861 0.051274 10.6457 -0.811893 0.0628224 -0.580416 -287.41 
-0.582799 -0.018072 0.812415 624.736 0.0406461 0.997853 0.0513551 10.7516 -0.811599 0.0629512 -0.580813 -288.882 
-0.58232 -0.0188062 0.812742 626.908 0.0411206 0.997771 0.05255 10.8561 -0.811919 0.0640213 -0.580249 -290.417 
-0.582086 -0.0196315 0.81289 629.082 0.0414494 0.997692 0.0537752 10.9637 -0.81207 0.0649956 -0.579929 -291.944 
-0.581546 -0.0199151 0.81327 631.252 0.041796 0.997649 0.0543172 11.0754 -0.812439 0.0655794 -0.579346 -293.455 
-0.581811 -0.0192829 0.813096 633.717 0.0417527 0.997693 0.0535369 11.2186 -0.812252 0.0650973 -0.579663 -295.111 
-0.581612 -0.0186265 0.813253 635.911 0.0418768 0.997727 0.0528006 11.3228 -0.812387 0.064766 -0.57951 -296.633 
-0.582082 -0.018627 0.812917 637.815 0.041912 0.997721 0.0528723 11.4575 -0.812049 0.064847 -0.579975 -297.754 
-0.581824 -0.0190403 0.813092 640.001 0.0417916 0.997705 0.0532681 11.5704 -0.812241 0.0649731 -0.579693 -299.258 
-0.58148 -0.0193918 0.813329 642.147 0.0412864 0.997724 0.0533054 11.6821 -0.812512 0.0645755 -0.579356 -300.751 
-0.580674 -0.0197122 0.813897 644.277 0.0409432 0.997735 0.0533755 11.7803 -0.813106 0.0643174 -0.578552 -302.238 
-0.580789 -0.0185786 0.813842 646.433 0.0411701 0.99779 0.0521583 11.8771 -0.813013 0.063799 -0.57874 -303.72 
-0.580153 -0.0189652 0.814286 648.613 0.0409472 0.997786 0.0524126 11.988 -0.813477 0.0637501 -0.578092 -305.228 
-0.578814 -0.0193232 0.81523 650.789 0.0416657 0.997712 0.0532312 12.0952 -0.814394 0.0647781 -0.576685 -306.755 
-0.578284 -0.0192847 0.815608 652.984 0.0420495 0.997687 0.0534038 12.1995 -0.814751 0.0651785 -0.576135 -308.268 
-0.578095 -0.0187127 0.815755 655.069 0.0417095 0.997752 0.0524455 12.2999 -0.814903 0.0643432 -0.576015 -309.7 
-0.57807 -0.0184182 0.815779 657.144 0.0420578 0.997744 0.0523291 12.3732 -0.814902 0.0645598 -0.575992 -311.111 
-0.577291 -0.0184602 0.81633 659.194 0.0428351 0.997683 0.0528533 12.4624 -0.815414 0.0654794 -0.575163 -312.551 
