1 2.12261e-08 -2.11895e-08 0 2.12261e-08 1 2.10703e-08 0 -2.11895e-08 2.10703e-08 1 0 
0.999933 -0.00288362 0.0112449 0.012723 0.00287037 0.999995 0.00119882 -0.00674598 -0.0112483 -0.00116642 0.999936 0.290673 
0.99983 -0.00488462 0.0177914 0.0242137 0.00486173 0.999987 0.001332 -0.0109854 -0.0177977 -0.00124523 0.999841 0.58636 
0.999779 -0.00781465 0.0195376 0.0331448 0.00781514 0.99997 5.35165e-05 -0.0149148 -0.0195375 9.92263e-05 0.999809 0.888347 
0.999814 -0.009239 0.0169494 0.0413151 0.00926398 0.999956 -0.00139304 -0.0174156 -0.0169358 0.00154984 0.999855 1.19865 
0.999881 -0.011907 0.00978095 0.0447719 0.0119362 0.999925 -0.00292671 -0.0175244 -0.0097454 0.00304316 0.999948 1.51974 
0.999901 -0.0138013 -0.00281695 0.0375261 0.0137876 0.999893 -0.00480891 -0.0218876 0.00288298 0.00476964 0.999985 1.85064 
0.99972 -0.013128 -0.0197108 0.0178558 0.0130279 0.999902 -0.00520278 -0.0248526 0.0197771 0.00494458 0.999792 2.19317 
0.999184 -0.00873102 -0.0394304 -0.0166772 0.00853251 0.99995 -0.00520095 -0.0310962 0.0394738 0.00486031 0.999209 2.54755 
0.998218 -0.00519452 -0.0594523 -0.0599211 0.00481013 0.999967 -0.00660761 -0.0338455 0.0594845 0.00630991 0.998209 2.9135 
0.996779 -0.00508528 -0.0800416 -0.106384 0.00452417 0.999964 -0.00719046 -0.0363664 0.0800752 0.00680522 0.996766 3.28817 
0.994815 -0.00660115 -0.101488 -0.158659 0.00595204 0.99996 -0.00669782 -0.0379939 0.101528 0.00605907 0.994814 3.67597 
0.992559 -0.00809212 -0.121497 -0.221857 0.00742903 0.999955 -0.00591004 -0.0428514 0.121539 0.00496351 0.992574 4.06959 
0.990195 -0.0071385 -0.139507 -0.298182 0.00648779 0.999966 -0.0051189 -0.0506381 0.139539 0.00416366 0.990208 4.47287 
0.987867 -0.00584543 -0.155191 -0.384788 0.00520175 0.999976 -0.00455372 -0.055 0.155214 0.00369125 0.987874 4.88843 
0.985637 -0.00523442 -0.168795 -0.475868 0.00449187 0.999979 -0.00478093 -0.0620968 0.168817 0.0039541 0.98564 5.3141 
0.983446 -0.0067859 -0.181072 -0.569485 0.00584562 0.999967 -0.00572617 -0.0679302 0.181105 0.00457295 0.983453 5.75281 
0.981586 -0.0103414 -0.190741 -0.66503 0.00897507 0.999928 -0.00802591 -0.0753646 0.19081 0.00616625 0.981608 6.19948 
0.980006 -0.00969325 -0.198732 -0.771846 0.00787328 0.99992 -0.0099463 -0.080921 0.198812 0.00818281 0.980003 6.66461 
0.978463 -0.00926222 -0.206214 -0.886785 0.00699648 0.999907 -0.011714 -0.087941 0.206303 0.010019 0.978437 7.14085 
0.976662 -0.01014 -0.214543 -1.00432 0.00718233 0.999868 -0.014561 -0.0967683 0.214663 0.0126803 0.976606 7.63008 
0.974872 -0.0140095 -0.222324 -1.12857 0.0106291 0.999809 -0.0163944 -0.106045 0.222511 0.0136194 0.974835 8.12841 
0.972923 -0.0203632 -0.230231 -1.25175 0.0167453 0.999704 -0.0176577 -0.118144 0.230522 0.0133243 0.972976 8.64411 
0.970819 -0.0210649 -0.238889 -1.39499 0.0167126 0.999656 -0.0202301 -0.131797 0.239232 0.0156474 0.970836 9.16718 
0.968714 -0.0170329 -0.247594 -1.55227 0.0112913 0.999634 -0.0245914 -0.146419 0.247922 0.0210264 0.968552 9.69341 
0.966506 -0.0140246 -0.256261 -1.72037 0.00718107 0.999593 -0.0276217 -0.164821 0.256544 0.0248564 0.966213 10.235 
0.964159 -0.0166924 -0.264799 -1.88348 0.00922752 0.999525 -0.02941 -0.183992 0.265164 0.0259125 0.963855 10.7942 
0.961747 -0.019544 -0.273241 -2.05428 0.0112713 0.99943 -0.0318134 -0.204009 0.273707 0.0275167 0.96142 11.3586 
0.95945 -0.0192719 -0.281218 -2.2407 0.0100031 0.99936 -0.0343581 -0.227919 0.2817 0.0301519 0.959029 11.9359 
0.957123 -0.0184503 -0.289094 -2.44026 0.00779611 0.999249 -0.0379621 -0.254373 0.289578 0.0340807 0.956548 12.519 
0.954823 -0.0194758 -0.296536 -2.64299 0.00692764 0.999038 -0.0433083 -0.282885 0.297094 0.0392975 0.954039 13.1153 
0.95303 -0.0208411 -0.302159 -2.85226 0.00570234 0.998688 -0.0508982 -0.317517 0.302823 0.0467845 0.951898 13.7222 
0.951694 -0.0216034 -0.306287 -3.0686 0.00371594 0.998259 -0.0588643 -0.35738 0.307025 0.0548827 0.950118 14.335 
0.950419 -0.0217093 -0.310214 -3.29112 0.000715482 0.99771 -0.0676294 -0.39983 0.310972 0.0640543 0.948258 14.9595 
0.949089 -0.0211006 -0.314302 -3.52498 -0.00317869 0.997062 -0.0765361 -0.450563 0.314993 0.0736387 0.946233 15.5984 
0.947703 -0.0206907 -0.318483 -3.76136 -0.00627391 0.996496 -0.0834081 -0.507414 0.319093 0.0810442 0.944252 16.2424 
0.946105 -0.0191147 -0.323296 -4.0087 -0.0105904 0.995897 -0.089874 -0.572156 0.323687 0.0884542 0.94202 16.8916 
0.944473 -0.0180589 -0.328094 -4.26324 -0.0142024 0.995312 -0.0956679 -0.640491 0.328283 0.0950155 0.939788 17.5624 
0.94283 -0.0158989 -0.332896 -4.52688 -0.0189804 0.994679 -0.101262 -0.711242 0.332734 0.101791 0.937511 18.2353 
0.941076 -0.0132418 -0.337937 -4.80055 -0.0235516 0.994241 -0.104544 -0.785143 0.337375 0.106343 0.935344 18.9263 
0.939306 -0.012174 -0.342865 -5.0797 -0.0257431 0.994052 -0.105821 -0.866963 0.342113 0.108225 0.933406 19.6222 
0.937087 -0.0117796 -0.348899 -5.36509 -0.0265313 0.994137 -0.104823 -0.952866 0.348088 0.107485 0.93128 20.3331 
0.934788 -0.0113067 -0.355027 -5.659 -0.0272147 0.994276 -0.103322 -1.03742 0.354163 0.106246 0.929129 21.0517 
0.932199 -0.011408 -0.361768 -5.95739 -0.0272114 0.994466 -0.101478 -1.12218 0.360923 0.104442 0.926729 21.7688 
0.928968 -0.0105541 -0.37001 -6.26938 -0.0279292 0.994746 -0.0984946 -1.20476 0.369105 0.101832 0.923792 22.5011 
0.92564 -0.00846525 -0.378311 -6.59357 -0.0288936 0.99525 -0.0929661 -1.28471 0.377301 0.0969839 0.920998 23.2385 
0.922069 -0.00502581 -0.386993 -6.93186 -0.0314182 0.995644 -0.087789 -1.36608 0.385748 0.0931062 0.917894 23.9862 
0.918502 -0.00140675 -0.395414 -7.29817 -0.0345931 0.995874 -0.083899 -1.44137 0.3939 0.09074 0.914663 24.7511 
0.914699 -0.000541363 -0.404135 -7.6561 -0.0357577 0.995969 -0.0822665 -1.51463 0.402551 0.0897001 0.910992 25.505 
0.910668 -0.000612999 -0.41314 -8.02404 -0.0364602 0.995978 -0.0818458 -1.58662 0.411528 0.0895975 0.906982 26.2655 
0.906792 -0.000796625 -0.421577 -8.40189 -0.0365504 0.996084 -0.0805006 -1.65944 0.41999 0.0884062 0.903212 27.0285 
0.902808 3.45702e-05 -0.430044 -8.79229 -0.0376141 0.996174 -0.0788847 -1.73118 0.428396 0.0873935 0.899355 27.8007 
0.898893 -0.00116584 -0.438167 -9.19077 -0.0360605 0.996407 -0.0766288 -1.80364 0.436682 0.0846816 0.895622 28.5812 
0.895044 -0.000520121 -0.445977 -9.60599 -0.0356295 0.99672 -0.0726683 -1.87317 0.444552 0.0809313 0.892089 29.3664 
0.891288 0.00179903 -0.453433 -10.0317 -0.0361422 0.997092 -0.0670867 -1.9402 0.451994 0.0761818 0.888762 30.1599 
0.887473 0.00186428 -0.460856 -10.4674 -0.0347691 0.997413 -0.0629202 -2.0089 0.459547 0.0718636 0.885242 30.9556 
0.883582 0.000777778 -0.468277 -10.9098 -0.0332918 0.997573 -0.0611607 -2.07305 0.467093 0.0696303 0.881463 31.7628 
0.880316 -0.000126773 -0.474389 -11.3713 -0.0322454 0.997671 -0.060104 -2.13335 0.473291 0.0682074 0.878261 32.5788 
0.877139 -3.4134e-05 -0.480236 -11.8438 -0.0319422 0.997781 -0.0584125 -2.19023 0.479173 0.0665758 0.875192 33.4013 
0.874053 -0.00173555 -0.485828 -12.3246 -0.0298565 0.997912 -0.0572798 -2.25099 0.484913 0.0645708 0.872176 34.2364 
0.87132 -0.00296333 -0.490707 -12.8159 -0.0288786 0.997939 -0.0573046 -2.31287 0.489865 0.0641017 0.869438 35.0764 
0.869293 -0.00368879 -0.494283 -13.3199 -0.0287028 0.997908 -0.0579269 -2.3736 0.493462 0.0645429 0.867369 35.9166 
0.867925 -0.00314019 -0.496686 -13.8324 -0.0298205 0.997847 -0.0584181 -2.43541 0.495799 0.065514 0.865962 36.7682 
0.867385 -0.00332816 -0.497627 -14.3507 -0.0291969 0.997915 -0.0575656 -2.49899 0.496781 0.0644608 0.865479 37.6298 
0.867125 -0.00308552 -0.498082 -14.8808 -0.0286406 0.998017 -0.0560438 -2.56181 0.497267 0.0628623 0.865317 38.5145 
0.866781 -0.00453341 -0.498669 -15.4172 -0.0267473 0.998097 -0.0555656 -2.62628 0.497972 0.0615012 0.86501 39.4084 
0.866151 -0.00655639 -0.499739 -15.9599 -0.0250074 0.998093 -0.0564376 -2.69051 0.499156 0.0613807 0.864335 40.3089 
0.86488 -0.00891354 -0.501899 -16.5019 -0.0226635 0.998129 -0.0567805 -2.7564 0.501467 0.0604832 0.86306 41.2162 
0.863174 -0.0094615 -0.504818 -17.0581 -0.0211214 0.998273 -0.0548249 -2.8225 0.504465 0.0579859 0.861483 42.1389 
0.861034 -0.00914356 -0.508465 -17.6215 -0.0195118 0.998508 -0.0509971 -2.89025 0.508173 0.0538314 0.859571 43.0602 
0.858096 -0.00956009 -0.5134 -18.1881 -0.0169706 0.998753 -0.0469625 -2.95466 0.513209 0.0490111 0.856863 43.9719 
0.853997 -0.00985713 -0.520185 -18.7597 -0.0159655 0.998853 -0.0451385 -3.01927 0.520033 0.0468532 0.85286 44.8738 
0.848638 -0.0134129 -0.528804 -19.3381 -0.0137508 0.998781 -0.0474013 -3.08346 0.528796 0.0474981 0.847419 45.7707 
0.842485 -0.0171794 -0.538446 -19.9258 -0.0120787 0.998638 -0.0507611 -3.14546 0.538585 0.0492692 0.84113 46.6611 
0.836223 -0.0175707 -0.548108 -20.5333 -0.0118074 0.998678 -0.0500286 -3.21123 0.548263 0.0483069 0.83491 47.5442 
0.830403 -0.0141381 -0.556984 -21.1485 -0.0131583 0.998902 -0.044973 -3.27468 0.557008 0.0446747 0.829304 48.4206 
0.825205 -0.00971857 -0.56475 -21.7795 -0.0160652 0.999044 -0.0406664 -3.33464 0.564605 0.042631 0.824259 49.2992 
0.821092 -0.00983931 -0.570711 -22.416 -0.0173256 0.998961 -0.0421492 -3.39258 0.570533 0.0444963 0.820068 50.1751 
0.817662 -0.0121927 -0.575569 -23.0538 -0.0178442 0.998759 -0.0465072 -3.44968 0.575422 0.0482979 0.81643 51.0452 
0.814533 -0.0144568 -0.579938 -23.6957 -0.0204798 0.99835 -0.0536512 -3.51245 0.579756 0.0555777 0.812892 51.9037 
0.811334 -0.0157218 -0.584372 -24.3356 -0.0205414 0.998254 -0.0553762 -3.57607 0.584223 0.0569325 0.809594 52.76 
0.807849 -0.0143095 -0.589216 -24.991 -0.0198255 0.99848 -0.0514307 -3.64472 0.589056 0.0532297 0.806337 53.6235 
0.804563 -0.011615 -0.593754 -25.6482 -0.0197782 0.99873 -0.0463376 -3.70992 0.593538 0.049025 0.803311 54.4837 
0.801479 -0.00989229 -0.597941 -26.3082 -0.019951 0.998864 -0.0432674 -3.77204 0.59769 0.0466075 0.800371 55.3313 
0.798312 -0.00958981 -0.602168 -26.9755 -0.0210167 0.998821 -0.0437692 -3.83106 0.601877 0.0475971 0.797169 56.1754 
0.794741 -0.0109847 -0.60685 -27.6448 -0.0210352 0.998737 -0.0456265 -3.89089 0.606585 0.0490265 0.793506 57.0193 
0.790582 -0.0137636 -0.612202 -28.3201 -0.0200593 0.998629 -0.0483555 -3.95061 0.612028 0.0505094 0.789222 57.8623 
0.786286 -0.01479 -0.617686 -29.0055 -0.0194974 0.998622 -0.0487305 -4.0135 0.617555 0.0503595 0.784914 58.7 
0.781777 -0.0150376 -0.623377 -29.7075 -0.0189194 0.998677 -0.0478178 -4.07768 0.623271 0.0491768 0.780458 59.5422 
0.776824 -0.0147298 -0.629545 -30.4087 -0.0191871 0.998709 -0.0470432 -4.1438 0.629425 0.0486235 0.775538 60.3711 
0.771452 -0.0159921 -0.636086 -31.1182 -0.0189884 0.99866 -0.0481372 -4.20721 0.636004 0.0492138 0.770115 61.1976 
0.76595 -0.0174229 -0.642665 -31.8362 -0.0184385 0.998626 -0.0490487 -4.27234 0.642636 0.0494187 0.764576 62.0231 
0.760323 -0.0191196 -0.649264 -32.5653 -0.0175426 0.998598 -0.0499502 -4.33629 0.649309 0.0493681 0.758921 62.8424 
0.754577 -0.020699 -0.655885 -33.3084 -0.0170772 0.998545 -0.0511598 -4.40035 0.655989 0.0498047 0.753125 63.6659 
0.748309 -0.0226688 -0.662963 -34.0542 -0.0159857 0.998509 -0.0521859 -4.46806 0.663158 0.0496492 0.746831 64.4865 
0.742111 -0.0241951 -0.66984 -34.8112 -0.0146398 0.998525 -0.0522867 -4.53458 0.670117 0.0486089 0.740662 65.2953 
0.735605 -0.0241917 -0.676978 -35.5715 -0.0137167 0.998625 -0.0505903 -4.60413 0.677271 0.0465005 0.734262 66.0989 
0.729203 -0.0246855 -0.683853 -36.3567 -0.0131537 0.998659 -0.0500753 -4.67123 0.684171 0.0455103 0.7279 66.9024 
0.722633 -0.0268299 -0.690711 -37.1584 -0.0115458 0.998639 -0.0508705 -4.74016 0.691135 0.0447355 0.72134 67.7075 
0.716239 -0.0283249 -0.69728 -37.9564 -0.0119132 0.998534 -0.0527996 -4.80975 0.697753 0.046124 0.714852 68.4954 
0.710082 -0.0279676 -0.703563 -38.7662 -0.0126244 0.998545 -0.0524349 -4.87968 0.704006 0.0461152 0.708696 69.2775 
0.704613 -0.0274483 -0.709061 -39.5836 -0.0129211 0.99859 -0.0514962 -4.95256 0.709474 0.0454468 0.703264 70.0621 
0.69958 -0.0270285 -0.714043 -40.4192 -0.0140363 0.998572 -0.0515508 -5.02217 0.714417 0.0460865 0.698201 70.8444 
0.694882 -0.0277977 -0.718586 -41.2537 -0.0144635 0.99851 -0.0526127 -5.09214 0.718978 0.0469529 0.693445 71.6151 
0.689527 -0.0297304 -0.723649 -42.1021 -0.0151046 0.99835 -0.0554086 -5.16214 0.724102 0.0491362 0.68794 72.3959 
0.684487 -0.0324612 -0.728302 -42.9676 -0.0146433 0.998194 -0.058253 -5.23519 0.728878 0.0505382 0.682775 73.1765 
0.679386 -0.0329048 -0.733043 -43.8436 -0.0151711 0.998151 -0.0588656 -5.31331 0.733625 0.0511136 0.67763 73.9517 
0.674545 -0.0324916 -0.737518 -44.72 -0.0148327 0.998233 -0.0575436 -5.39078 0.738085 0.0497552 0.672871 74.719 
0.669533 -0.0327206 -0.742062 -45.6131 -0.0139716 0.998298 -0.0566251 -5.46683 0.742651 0.0482802 0.667936 75.49 
0.664279 -0.0341698 -0.746703 -46.5042 -0.0127734 0.99829 -0.0570461 -5.54583 0.747376 0.0474325 0.662706 76.2557 
0.659571 -0.0355091 -0.750803 -47.4096 -0.0115848 0.998285 -0.0573908 -5.62022 0.751553 0.0465512 0.658028 77.0194 
0.65508 -0.0363629 -0.754684 -48.3229 -0.0106413 0.998298 -0.0573378 -5.69617 0.755485 0.0455917 0.653578 77.7835 
0.651006 -0.0374005 -0.758151 -49.2378 -0.00924406 0.998321 -0.0571861 -5.77676 0.759016 0.0442369 0.649567 78.5368 
0.647092 -0.0403142 -0.761345 -50.1618 -0.00639047 0.998279 -0.0582916 -5.86017 0.762385 0.0425854 0.645721 79.2925 
0.642883 -0.0449628 -0.764644 -51.0911 -0.00325119 0.998106 -0.0614245 -5.94235 0.765958 0.0419748 0.641519 80.0477 
0.638203 -0.0489236 -0.768312 -52.0203 0.000777199 0.998019 -0.062905 -6.02634 0.769868 0.0395491 0.636977 80.7941 
0.631489 -0.0525317 -0.773604 -52.9622 0.00570893 0.99799 -0.0631086 -6.11206 0.775364 0.035436 0.630519 81.5418 
0.623109 -0.0562046 -0.780113 -53.9157 0.0102839 0.997917 -0.0636825 -6.19971 0.782068 0.0316586 0.622389 82.285 
0.614035 -0.0572851 -0.787197 -54.8886 0.0130001 0.997961 -0.0624822 -6.2847 0.789172 0.0281327 0.613528 83.025 
0.605256 -0.0558956 -0.794066 -55.8831 0.0133926 0.998106 -0.0600502 -6.37183 0.795918 0.0257112 0.604858 83.7552 
0.596194 -0.0555993 -0.800913 -56.882 0.012663 0.998126 -0.0598636 -6.45917 0.80274 0.0255484 0.595781 84.4717 
0.586516 -0.057048 -0.807926 -57.8891 0.0117228 0.99801 -0.0619597 -6.54156 0.809853 0.0268693 0.586018 85.1777 
0.576589 -0.0592757 -0.814881 -58.9086 0.0120928 0.997875 -0.0640304 -6.63025 0.816945 0.0270651 0.576081 85.8665 
0.566539 -0.0610602 -0.82177 -59.9493 0.0126754 0.997779 -0.0653997 -6.72115 0.823938 0.0266352 0.566054 86.5646 
0.556459 -0.0617317 -0.828579 -61.0052 0.0152544 0.997827 -0.0640967 -6.8126 0.830735 0.0230278 0.556191 87.2522 
0.546095 -0.0618137 -0.835439 -62.068 0.0163667 0.997871 -0.0631336 -6.90521 0.837563 0.0208036 0.545944 87.9259 
0.535636 -0.0625592 -0.842129 -63.1327 0.0167312 0.997843 -0.0634848 -6.99848 0.844283 0.019915 0.535527 88.5819 
0.525343 -0.0636996 -0.848503 -64.2031 0.0158398 0.997753 -0.0650972 -7.08688 0.850743 0.0207583 0.525172 89.2216 
0.515133 -0.0642627 -0.854698 -65.2907 0.0144275 0.997694 -0.0663188 -7.18193 0.856989 0.0218319 0.514872 89.8515 
0.505153 -0.0654875 -0.860542 -66.3832 0.0134582 0.997593 -0.068017 -7.2775 0.862925 0.0227777 0.504818 90.4698 
0.495602 -0.0652833 -0.866093 -67.486 0.0122291 0.997597 -0.0681979 -7.37584 0.868464 0.0232076 0.495209 91.0715 
0.486874 -0.0632427 -0.87118 -68.6028 0.0114566 0.997752 -0.0660284 -7.47463 0.873397 0.0221668 0.486504 91.6672 
0.478627 -0.0616993 -0.875848 -69.7275 0.0120871 0.997896 -0.0636918 -7.5728 0.877935 0.0198983 0.478366 92.2633 
0.470793 -0.0619836 -0.880064 -70.8558 0.0122097 0.997891 -0.0637507 -7.67031 0.882159 0.0192681 0.470557 92.8432 
0.463054 -0.0651632 -0.883932 -71.9926 0.0139692 0.997706 -0.0662328 -7.7645 0.88622 0.0183216 0.462902 93.4195 
0.455925 -0.0686431 -0.887367 -73.1348 0.016793 0.997507 -0.0685349 -7.8651 0.88986 0.0163452 0.455941 93.9901 
0.449646 -0.0714812 -0.890342 -74.2866 0.0177309 0.997311 -0.0711146 -7.96712 0.893031 0.0161899 0.449704 94.5511 
0.443941 -0.0751705 -0.892897 -75.4448 0.0198417 0.997055 -0.0740741 -8.07281 0.895836 0.0151679 0.444125 95.1145 
0.439001 -0.0762701 -0.895244 -76.5895 0.0227435 0.997015 -0.0737878 -8.18269 0.898199 0.012032 0.439425 95.6589 
0.434529 -0.0736418 -0.897642 -77.7412 0.0243688 0.997248 -0.070017 -8.29305 0.900328 0.00855003 0.435128 96.2018 
0.430371 -0.0717783 -0.899794 -78.8936 0.0275583 0.997414 -0.0663845 -8.39807 0.902231 0.00377324 0.431236 96.7406 
0.426905 -0.0711353 -0.901494 -80.0398 0.0295205 0.997466 -0.0647288 -8.50572 0.903815 0.00102058 0.427923 97.2658 
0.423695 -0.0711285 -0.903008 -81.1892 0.0312976 0.997466 -0.0638839 -8.60534 0.905264 -0.00119462 0.424848 97.793 
0.420944 -0.070357 -0.904354 -82.3395 0.0331521 0.997515 -0.0621736 -8.70094 0.906481 -0.00380961 0.42223 98.3174 
0.418334 -0.0698356 -0.905605 -83.4792 0.0352261 0.997537 -0.0606527 -8.79588 0.90761 -0.00652775 0.419764 98.8307 
0.416072 -0.0708539 -0.906567 -84.6248 0.0378502 0.997445 -0.0605851 -8.89097 0.908544 -0.00910598 0.41769 99.3397 
0.413483 -0.0717421 -0.907681 -85.7515 0.0410364 0.997346 -0.0601355 -8.9812 0.909587 -0.0123829 0.41533 99.8446 
0.411237 -0.0713103 -0.908735 -86.8817 0.0446286 0.997315 -0.0580652 -9.06961 0.910435 -0.016677 0.413315 100.34 
0.409028 -0.0706695 -0.909781 -87.9991 0.046546 0.997315 -0.0565423 -9.1591 0.911334 -0.0192193 0.411219 100.83 
0.407002 -0.0719237 -0.910591 -89.1001 0.0489508 0.99718 -0.0568837 -9.2503 0.912115 -0.0214223 0.409375 101.312 
0.405706 -0.0733057 -0.911059 -90.1917 0.0503025 0.997059 -0.057825 -9.33826 0.912618 -0.0223685 0.4082 101.783 
0.404915 -0.0745212 -0.911312 -91.2687 0.0504387 0.996976 -0.0591153 -9.42809 0.912962 -0.0220287 0.40745 102.248 
0.405247 -0.0754477 -0.911089 -92.335 0.0497195 0.996933 -0.0604415 -9.51672 0.912854 -0.0208051 0.407756 102.705 
0.407359 -0.0754328 -0.910148 -93.3884 0.0480019 0.996974 -0.0611445 -9.6077 0.912006 -0.018781 0.409747 103.159 
0.411475 -0.0757471 -0.908268 -94.4278 0.0461084 0.996995 -0.062258 -9.69763 0.910254 -0.0162611 0.413731 103.616 
0.416485 -0.0762626 -0.905938 -95.4441 0.0449314 0.996984 -0.0632707 -9.78877 0.908031 -0.0143537 0.418656 104.062 
0.422277 -0.0765255 -0.903231 -96.4666 0.0445632 0.996978 -0.063634 -9.87678 0.905371 -0.0133796 0.424411 104.523 
0.429202 -0.0752905 -0.900065 -97.4774 0.0433435 0.997088 -0.0627379 -9.96605 0.902168 -0.0120847 0.431216 104.985 
0.437248 -0.0742793 -0.896268 -98.4775 0.0422976 0.997179 -0.0620073 -10.052 0.898346 -0.0107974 0.439157 105.451 
0.445988 -0.0740615 -0.891969 -99.4768 0.0421875 0.997202 -0.0617053 -10.1359 0.894044 -0.0101101 0.447865 105.933 
0.455299 -0.073771 -0.887277 -100.465 0.04189 0.997233 -0.0614176 -10.2216 0.889353 -0.00920458 0.45713 106.424 
0.464947 -0.0747456 -0.882178 -101.445 0.0412395 0.997177 -0.0627543 -10.3071 0.884378 -0.00720308 0.466716 106.922 
0.475273 -0.076458 -0.87651 -102.396 0.0402111 0.997064 -0.0651701 -10.3953 0.878919 -0.00427177 0.476952 107.416 
0.486595 -0.0775559 -0.870179 -103.352 0.0387069 0.996988 -0.0672135 -10.481 0.87277 -0.000976129 0.488131 107.933 
0.499169 -0.0757835 -0.863184 -104.307 0.0365269 0.997123 -0.0664197 -10.5693 0.865734 0.0016253 0.500501 108.456 
0.511971 -0.0733877 -0.855862 -105.252 0.0352203 0.997299 -0.064447 -10.6563 0.858281 0.00285128 0.513173 108.997 
0.524109 -0.0707818 -0.848705 -106.173 0.0343904 0.997486 -0.0619527 -10.7431 0.850957 0.00328266 0.525225 109.549 
0.53561 -0.0702306 -0.84154 -107.084 0.0349851 0.997526 -0.0609817 -10.832 0.843741 0.0032211 0.536741 110.116 
0.5471 -0.0708396 -0.834065 -107.978 0.0354723 0.99748 -0.0614511 -10.916 0.836316 0.00403376 0.548234 110.681 
0.557977 -0.0718313 -0.826742 -108.858 0.0356506 0.997402 -0.0625981 -10.9983 0.829091 0.00545447 0.559088 111.261 
0.568698 -0.0735719 -0.819249 -109.726 0.0381474 0.997279 -0.063079 -11.0831 0.821661 0.00462072 0.569957 111.852 
0.579201 -0.073403 -0.811873 -110.582 0.0387312 0.997291 -0.0625356 -11.1668 0.814264 0.00477594 0.580475 112.453 
0.589556 -0.0711906 -0.804584 -111.422 0.0380277 0.99745 -0.060391 -11.2472 0.806832 0.00500742 0.59076 113.054 
0.599213 -0.0683128 -0.79767 -112.251 0.0384618 0.997659 -0.0565473 -11.331 0.799665 0.00320413 0.600437 113.666 
0.60905 -0.0665805 -0.790332 -113.059 0.0373922 0.997773 -0.0552407 -11.4076 0.79225 0.00409217 0.610183 114.277 
0.619144 -0.0661985 -0.782482 -113.857 0.0358839 0.997785 -0.0560199 -11.4824 0.784457 0.00660598 0.620148 114.887 
0.628628 -0.0662237 -0.774881 -114.641 0.0344139 0.997761 -0.057353 -11.5527 0.776944 0.00938705 0.629499 115.499 
0.637587 -0.0657459 -0.767568 -115.403 0.0346132 0.99779 -0.0567139 -11.6273 0.769601 0.00959212 0.638454 116.126 
0.646575 -0.0639625 -0.760164 -116.156 0.0347553 0.997914 -0.0544056 -11.6987 0.762058 0.00875768 0.647449 116.75 
0.654902 -0.062212 -0.753149 -116.895 0.0350029 0.998033 -0.0520033 -11.7657 0.754903 0.00769468 0.655791 117.392 
0.663039 -0.061719 -0.746036 -117.617 0.0354745 0.998066 -0.0510414 -11.8336 0.747744 0.00737724 0.663947 118.019 
0.67094 -0.0611132 -0.738989 -118.329 0.0346863 0.998094 -0.0510486 -11.8998 0.7407 0.00861778 0.671781 118.646 
0.67818 -0.0601962 -0.732426 -119.024 0.0342275 0.998145 -0.0503425 -11.9628 0.734098 0.00907225 0.678983 119.278 
0.68525 -0.0576026 -0.726026 -119.715 0.0335658 0.998306 -0.0475246 -12.0228 0.727534 0.00819669 0.686023 119.92 
0.692411 -0.0549653 -0.719407 -120.394 0.0327451 0.998461 -0.0447697 -12.0831 0.72076 0.00744201 0.693145 120.567 
0.699513 -0.0536264 -0.712605 -121.065 0.0320079 0.998531 -0.0437237 -12.1409 0.713902 0.00777641 0.700202 121.215 
0.706838 -0.052827 -0.7054 -121.708 0.0313957 0.998568 -0.0433225 -12.195 0.706679 0.00847545 0.707484 121.857 
0.714449 -0.0499645 -0.697902 -122.344 0.0290084 0.998705 -0.0418036 -12.2504 0.699086 0.00962154 0.714972 122.507 
0.723455 -0.0473487 -0.688746 -122.969 0.0284882 0.998843 -0.0387428 -12.3021 0.689784 0.00840756 0.723967 123.157 
0.733129 -0.0433759 -0.678705 -123.575 0.0265473 0.999029 -0.0351717 -12.3507 0.679571 0.00776762 0.733568 123.8 
0.743332 -0.0411473 -0.667656 -124.162 0.0247951 0.999115 -0.0339696 -12.3985 0.668463 0.00869619 0.743695 124.439 
0.753487 -0.0405754 -0.656209 -124.743 0.0236181 0.99912 -0.0346594 -12.4411 0.657038 0.010617 0.753783 125.094 
0.763669 -0.0416872 -0.644261 -125.34 0.0239454 0.999055 -0.0362609 -12.4913 0.645164 0.0122643 0.763945 125.758 
0.773843 -0.0410039 -0.632049 -125.907 0.0237931 0.99908 -0.0356841 -12.5269 0.63293 0.0125756 0.774107 126.438 
0.784304 -0.0391701 -0.619139 -126.435 0.0233275 0.999161 -0.0336619 -12.5726 0.619938 0.0119582 0.784559 127.097 
0.794576 -0.0368938 -0.606043 -126.953 0.0231478 0.999267 -0.0304832 -12.6128 0.606724 0.0101927 0.794847 127.762 
0.804399 -0.035712 -0.593015 -127.462 0.023727 0.999326 -0.0279959 -12.6484 0.593615 0.00844946 0.804705 128.445 
0.813755 -0.0341998 -0.580201 -127.973 0.0242618 0.999396 -0.0248811 -12.685 0.580702 0.0061704 0.814093 129.148 
0.822067 -0.0333083 -0.568416 -128.463 0.0249271 0.999436 -0.0225149 -12.7196 0.568845 0.00433983 0.822434 129.845 
0.829499 -0.0338349 -0.557483 -128.957 0.0267869 0.999425 -0.0208002 -12.7475 0.557866 0.00232055 0.829928 130.58 
0.83624 -0.0335628 -0.547335 -129.454 0.0268821 0.999434 -0.0202142 -12.7804 0.547704 0.00219046 0.836669 131.326 
0.843236 -0.03268 -0.536549 -129.942 0.0260317 0.999462 -0.0199639 -12.8164 0.536913 0.00286702 0.843633 132.059 
0.849989 -0.0308341 -0.525897 -130.402 0.0245994 0.99952 -0.018844 -12.8461 0.526226 0.00308047 0.850339 132.789 
0.856414 -0.0298396 -0.515428 -130.844 0.0239123 0.99955 -0.0181352 -12.8761 0.515737 0.00320617 0.856741 133.511 
0.862515 -0.030276 -0.505126 -131.283 0.024574 0.999537 -0.0179492 -12.9044 0.505435 0.00306852 0.862859 134.239 
0.867804 -0.0316169 -0.495899 -131.732 0.0257161 0.999494 -0.0187224 -12.9317 0.49624 0.00349488 0.868178 134.992 
0.872293 -0.031722 -0.487954 -132.175 0.025777 0.999489 -0.0188968 -12.9622 0.488304 0.00390566 0.872665 135.756 
0.875597 -0.0306175 -0.482072 -132.583 0.0251142 0.999525 -0.0178669 -12.9927 0.48239 0.00353743 0.87595 136.518 
0.878606 -0.0286363 -0.476689 -133.007 0.0248129 0.99959 -0.0143151 -13.0198 0.476903 0.000749337 0.878956 137.311 
0.881773 -0.0246588 -0.471029 -133.444 0.0226251 0.999694 -0.00998029 -13.0408 0.471131 -0.00185671 0.882061 138.111 
0.885277 -0.0216532 -0.464561 -133.897 0.020777 0.99976 -0.00700574 -13.0637 0.464601 -0.00345011 0.885514 138.936 
0.888613 -0.0189897 -0.458266 -134.341 0.0189626 0.999809 -0.00466039 -13.0832 0.458267 -0.00454857 0.888803 139.767 
0.891863 -0.0173322 -0.451973 -134.774 0.0182398 0.999831 -0.00234957 -13.0955 0.451938 -0.00614834 0.892028 140.598 
0.895103 -0.0159985 -0.445573 -135.206 0.0181868 0.999834 0.00063546 -13.1042 0.445489 -0.00867229 0.895245 141.46 
0.898408 -0.0161946 -0.438863 -135.632 0.0193608 0.999809 0.00273979 -13.111 0.438735 -0.0109582 0.89855 142.329 
0.901943 -0.0162567 -0.431548 -136.066 0.0199853 0.999792 0.0041069 -13.124 0.431392 -0.0123288 0.902081 143.222 
0.905723 -0.0168264 -0.423535 -136.509 0.0206042 0.999778 0.00434196 -13.1321 0.423368 -0.0126592 0.905869 144.142 
0.909664 -0.0194686 -0.414889 -136.93 0.0232294 0.999722 0.00401974 -13.1396 0.414695 -0.0132942 0.909863 145.052 
0.913663 -0.0211109 -0.405925 -137.353 0.0244235 0.999697 0.00298167 -13.1468 0.405739 -0.0126383 0.913902 145.994 
0.918277 -0.0222437 -0.395313 -137.758 0.0247381 0.999693 0.00121286 -13.1575 0.395165 -0.010893 0.918546 146.921 
0.923827 -0.0205167 -0.38226 -138.175 0.0224843 0.999747 0.000680181 -13.1654 0.38215 -0.00922317 0.924054 147.881 
0.930187 -0.0171985 -0.366682 -138.574 0.0192499 0.999813 0.00193803 -13.1667 0.36658 -0.00886125 0.930344 148.87 
0.9372 -0.0134774 -0.348531 -138.965 0.0163653 0.999852 0.00534283 -13.1759 0.348408 -0.0107111 0.937282 149.863 
0.944188 -0.00992838 -0.329259 -139.326 0.0131072 0.999886 0.00743613 -13.185 0.329147 -0.0113367 0.944211 150.869 
0.951141 -0.00881408 -0.308631 -139.671 0.0119847 0.999893 0.00837886 -13.1849 0.308524 -0.0116683 0.951145 151.885 
0.957633 -0.00747312 -0.287894 -139.996 0.0109053 0.999887 0.0103198 -13.1835 0.287784 -0.0130221 0.957607 152.926 
0.963756 -0.00681484 -0.266698 -140.303 0.0107617 0.999853 0.01334 -13.1823 0.266568 -0.0157266 0.963688 153.983 
0.969478 -0.00430406 -0.245141 -140.598 0.00885158 0.999809 0.0174517 -13.1846 0.245019 -0.0190889 0.96933 155.071 
0.974757 -0.0021458 -0.223259 -140.875 0.00724187 0.999732 0.0220094 -13.1747 0.223152 -0.0230706 0.974511 156.191 
0.979602 -0.000379362 -0.200946 -141.173 0.00560637 0.999661 0.0254434 -13.1514 0.200868 -0.0260509 0.979272 157.372 
0.983806 0.000946654 -0.179233 -141.399 0.00371962 0.999663 0.0256966 -13.1367 0.179197 -0.0259471 0.983471 158.515 
0.987526 0.000132526 -0.157457 -141.613 0.00368747 0.999706 0.023968 -13.1141 0.157414 -0.0242495 0.987235 159.691 
0.990661 9.69889e-05 -0.136351 -141.85 0.0031051 0.999724 0.023271 -13.0819 0.136315 -0.023477 0.990387 160.94 
0.993212 -0.00109115 -0.116317 -142.014 0.00409813 0.999664 0.0256151 -13.0683 0.11625 -0.0259179 0.992882 162.154 
0.995309 -0.000468086 -0.0967496 -142.141 0.00315565 0.999613 0.027627 -13.0492 0.0966992 -0.0278027 0.994925 163.395 
0.997054 2.3723e-05 -0.0767024 -142.243 0.00220396 0.999578 0.0289579 -13.0298 0.0766707 -0.0290416 0.996633 164.611 
0.998387 0.00154221 -0.056752 -142.326 0.000159138 0.999551 0.0299611 -13.0074 0.0567727 -0.0299218 0.997939 165.851 
0.999333 0.00208296 -0.0364654 -142.376 -0.000948885 0.999516 0.0310885 -13.0029 0.0365125 -0.0310331 0.998851 167.2 
0.999862 0.00436136 -0.0160564 -142.414 -0.00386105 0.99951 0.0310572 -12.9876 0.016184 -0.0309909 0.999389 168.572 
0.999978 0.00553406 0.00372836 -142.44 -0.00564474 0.999523 0.030371 -12.964 -0.00355855 -0.0303913 0.999532 169.864 
0.999714 0.00546963 0.0232887 -142.424 -0.00613158 0.999576 0.0284495 -12.9452 -0.0231233 -0.0285841 0.999324 171.225 
0.999102 0.00747031 0.0417186 -142.34 -0.00857117 0.999618 0.0262727 -12.9262 -0.0415065 -0.0266066 0.998784 172.609 
0.998106 0.00761038 0.0610387 -142.294 -0.00913714 0.999651 0.0247737 -12.9056 -0.060829 -0.0252844 0.997828 174.028 
0.996778 0.00769881 0.0798404 -142.203 -0.00949008 0.999711 0.022081 -12.8944 -0.0796474 -0.0227675 0.996563 175.411 
0.995133 0.00860791 0.0981599 -142.059 -0.0103439 0.999799 0.0171907 -12.8964 -0.0979922 -0.0181223 0.995022 176.825 
0.993198 0.0100277 0.116007 -141.914 -0.011357 0.999877 0.0108039 -12.8929 -0.115884 -0.0120478 0.99319 178.211 
0.99097 0.0119908 0.13355 -141.755 -0.0129054 0.999899 0.0059849 -12.8905 -0.133465 -0.00765433 0.991024 179.624 
0.988447 0.0139141 0.150928 -141.563 -0.0143789 0.999895 0.00198881 -12.8925 -0.150884 -0.00413597 0.988543 181.021 
0.985452 0.0160712 0.169194 -141.379 -0.0162476 0.999868 -0.000341143 -12.9226 -0.169177 -0.00241279 0.985583 182.498 
0.982341 0.0153197 0.186474 -141.143 -0.0156423 0.999878 0.000258838 -12.9415 -0.186447 -0.0031711 0.98246 183.879 
0.979047 0.0144171 0.203123 -140.793 -0.0146878 0.999892 -0.000174548 -12.9621 -0.203104 -0.0028125 0.979153 185.406 
0.975503 0.0140967 0.219536 -140.445 -0.0133201 0.999899 -0.00501698 -12.9874 -0.219585 0.00196987 0.975592 186.855 
0.971631 0.0151818 0.236015 -140.136 -0.0134055 0.999869 -0.00912915 -13.0111 -0.236123 0.0057063 0.971706 188.27 
0.967472 0.0175953 0.252365 -139.715 -0.01585 0.999834 -0.00894676 -13.0454 -0.25248 0.00465579 0.967591 189.827 
0.962837 0.0196728 0.269366 -139.286 -0.0178448 0.999798 -0.00923358 -13.0831 -0.269493 0.00408369 0.962994 191.335 
0.957745 0.0232499 0.286676 -138.837 -0.0206687 0.999714 -0.0120269 -13.1217 -0.286874 0.00559355 0.957952 192.853 
0.952355 0.0239179 0.304051 -138.338 -0.0200411 0.999673 -0.0158649 -13.1615 -0.304331 0.00901554 0.952524 194.443 
0.946688 0.0248847 0.321189 -137.849 -0.0201545 0.999634 -0.0180439 -13.2051 -0.321521 0.0106086 0.946843 195.913 
0.940499 0.0250227 0.338875 -137.334 -0.0184463 0.999574 -0.0226139 -13.2957 -0.339296 0.0150174 0.94056 197.459 
0.933135 0.0284083 0.358401 -136.839 -0.0194947 0.999405 -0.0284601 -13.3376 -0.358996 0.0195702 0.933134 198.987 
0.924816 0.0314858 0.37911 -136.142 -0.0212023 0.999286 -0.0312707 -13.4558 -0.379824 0.0208816 0.924823 200.547 
0.914426 0.0347896 0.403255 -135.504 -0.0237883 0.999196 -0.03226 -13.5339 -0.404054 0.0199067 0.914519 202.11 
0.90268 0.0395476 0.428492 -134.794 -0.0274574 0.999032 -0.0343625 -13.645 -0.429436 0.0192531 0.902892 203.676 
0.89004 0.0433624 0.453816 -134.08 -0.0296539 0.998865 -0.0372837 -13.7491 -0.454918 0.0197266 0.890315 205.197 
0.87651 0.0473816 0.479047 -133.299 -0.0321407 0.998684 -0.03997 -13.8707 -0.48031 0.0196372 0.876879 206.777 
0.863039 0.0486256 0.502792 -132.439 -0.0319958 0.99862 -0.041657 -13.994 -0.504123 0.0198644 0.863403 208.254 
0.848415 0.0504761 0.52692 -131.658 -0.0321112 0.998518 -0.0439491 -14.0773 -0.528357 0.0203671 0.848778 209.665 
0.832934 0.0524702 0.55088 -130.824 -0.0305755 0.998338 -0.0488593 -14.1616 -0.552528 0.0238532 0.833153 211.149 
0.81772 0.054648 0.573016 -129.945 -0.0289119 0.998126 -0.0539316 -14.2627 -0.57489 0.027534 0.817768 212.505 
0.802418 0.0567827 0.594055 -129.027 -0.0283507 0.997966 -0.0570958 -14.3721 -0.596089 0.0289729 0.802396 213.857 
0.787558 0.0581324 0.613492 -128.041 -0.0269308 0.997836 -0.0599796 -14.5026 -0.615652 0.0307156 0.78742 215.15 
0.772688 0.0584104 0.632093 -127.081 -0.0252345 0.997797 -0.0613569 -14.6209 -0.634284 0.0314592 0.77246 216.409 
0.758393 0.0592022 0.649103 -126.052 -0.0240076 0.997728 -0.0629491 -14.7412 -0.651355 0.0321568 0.758091 217.669 
0.744382 0.0593379 0.665112 -124.995 -0.0213163 0.997648 -0.0651481 -14.876 -0.667413 0.0343174 0.743896 218.892 
0.730503 0.0607001 0.680207 -123.948 -0.0190808 0.997467 -0.06852 -14.994 -0.682643 0.0370752 0.729811 220.071 
0.716664 0.0623155 0.694629 -122.87 -0.0162809 0.997224 -0.072664 -15.1206 -0.697229 0.0407665 0.715688 221.217 
0.702669 0.0637313 0.708657 -121.735 -0.0150335 0.997088 -0.0747641 -15.2793 -0.711358 0.0418809 0.701581 222.37 
0.688256 0.0646884 0.722578 -120.576 -0.0146532 0.997053 -0.0753033 -15.4299 -0.72532 0.0412399 0.687176 223.499 
0.672918 0.065949 0.736771 -119.432 -0.0154181 0.997052 -0.075165 -15.5659 -0.739556 0.0392204 0.671951 224.578 
0.656802 0.0671874 0.751064 -118.249 -0.0179665 0.997134 -0.0734882 -15.7124 -0.753849 0.0347733 0.656127 225.647 
0.640042 0.0679268 0.765331 -117.055 -0.0201712 0.997227 -0.0716394 -15.8566 -0.768075 0.0304146 0.639637 226.703 
0.623058 0.0700973 0.779028 -115.85 -0.0234985 0.997204 -0.070935 -15.9968 -0.781823 0.0258906 0.622963 227.723 
0.60609 0.0732852 0.792013 -114.664 -0.024705 0.997 -0.0733472 -16.1349 -0.795012 0.0248884 0.606083 228.681 
0.589053 0.0769008 0.804427 -113.45 -0.0272085 0.996785 -0.0753657 -16.2786 -0.807636 0.0225071 0.589251 229.619 
0.570594 0.0770585 0.817609 -112.225 -0.027529 0.996823 -0.0747372 -16.4203 -0.820771 0.0201367 0.570903 230.526 
0.550971 0.0761446 0.831043 -110.976 -0.0284334 0.996963 -0.0724961 -16.5572 -0.83404 0.0163139 0.551463 231.399 
0.530778 0.0744148 0.844238 -109.702 -0.0287849 0.997146 -0.0697955 -16.6934 -0.847022 0.0127447 0.531405 232.244 
0.510205 0.0731162 0.85694 -108.455 -0.0296129 0.997282 -0.0674597 -16.8281 -0.859543 0.00904178 0.510983 233.033 
0.4899 0.0720776 0.868794 -107.193 -0.0291256 0.997373 -0.0663213 -16.9599 -0.871292 0.00718668 0.490712 233.782 
0.469337 0.0718532 0.880091 -105.907 -0.0289189 0.9974 -0.0660086 -17.0855 -0.882545 0.0055291 0.470195 234.518 
0.449516 0.070874 0.890456 -104.662 -0.0265152 0.997467 -0.066006 -17.2061 -0.892879 0.00606004 0.450256 235.174 
0.429355 0.071148 0.900329 -103.38 -0.0244909 0.997443 -0.067143 -17.3321 -0.902804 0.00677838 0.43 235.819 
0.409854 0.0702456 0.909442 -102.096 -0.0206259 0.997489 -0.0677509 -17.4504 -0.911918 0.0090099 0.410274 236.407 
0.3896 0.0682954 0.918449 -100.806 -0.0190314 0.997631 -0.0661103 -17.5748 -0.920788 0.00827722 0.389977 236.985 
0.369647 0.068102 0.926673 -99.4914 -0.0185683 0.997653 -0.0659114 -17.703 -0.928987 0.00715723 0.370044 237.55 
0.349893 0.0728485 0.933953 -98.1942 -0.019462 0.997322 -0.0705001 -17.8316 -0.936587 0.00649096 0.350374 238.084 
0.330801 0.0821692 0.940116 -96.8616 -0.0207728 0.996595 -0.0797962 -17.9603 -0.943472 0.00686781 0.331381 238.601 
0.311539 0.0900672 0.945955 -95.5739 -0.023478 0.995924 -0.0870925 -18.0964 -0.949943 0.00492362 0.312384 239.071 
0.292196 0.0943303 0.951695 -94.2853 -0.026227 0.99554 -0.0906237 -18.2353 -0.955999 0.00151975 0.293366 239.511 
0.272846 0.0957505 0.957281 -93.0047 -0.0292392 0.995401 -0.0912295 -18.3825 -0.961613 -0.00309853 0.274391 239.917 
0.253086 0.0962404 0.962645 -91.7138 -0.0331356 0.995318 -0.0907953 -18.5236 -0.966876 -0.00891882 0.25509 240.305 
0.234013 0.0965814 0.967424 -90.4613 -0.0349156 0.995247 -0.0909131 -18.6651 -0.971606 -0.0125033 0.236273 240.651 
0.214981 0.095106 0.971976 -89.2029 -0.0351826 0.995355 -0.0896118 -18.8032 -0.975984 -0.0149318 0.217329 240.973 
0.196482 0.0952673 0.975868 -87.9643 -0.0353072 0.995311 -0.0900566 -18.9353 -0.979872 -0.0167606 0.198924 241.26 
0.178302 0.0959906 0.979282 -86.7289 -0.03461 0.995226 -0.0912518 -19.0691 -0.983367 -0.0176226 0.180773 241.516 
0.159356 0.0997491 0.982169 -85.4885 -0.0385417 0.994753 -0.0947737 -19.2016 -0.986469 -0.0227517 0.162364 241.764 
0.140756 0.101578 0.98482 -84.2341 -0.038881 0.994523 -0.0970212 -19.3425 -0.989281 -0.0246344 0.143934 241.993 
0.123888 0.0986375 0.987382 -82.983 -0.0392547 0.994756 -0.0944488 -19.4881 -0.991519 -0.0270583 0.12711 242.181 
0.108343 0.0942182 0.989639 -81.748 -0.0368967 0.995194 -0.0907077 -19.6232 -0.993429 -0.0266869 0.111298 242.348 
0.0941916 0.0901695 0.991462 -80.549 -0.0369212 0.995521 -0.087031 -19.7513 -0.994869 -0.0284084 0.0970989 242.488 
0.0814658 0.086748 0.992894 -79.3561 -0.0349293 0.995842 -0.0841396 -19.8777 -0.996064 -0.0278266 0.0841571 242.612 
0.0708109 0.0869392 0.993694 -78.1896 -0.0347101 0.995806 -0.0846505 -20 -0.996886 -0.028497 0.0735316 242.726 
0.0620221 0.089316 0.99407 -77.0236 -0.0349562 0.995571 -0.0872698 -20.1238 -0.997462 -0.0293362 0.0648696 242.834 
0.0549753 0.0910661 0.994326 -75.8806 -0.0362337 0.995358 -0.0891572 -20.2443 -0.99783 -0.0311267 0.0580198 242.93 
0.0490015 0.0951519 0.994256 -74.7568 -0.0369672 0.994943 -0.0933956 -20.3719 -0.998114 -0.0321784 0.0522711 243.012 
0.0434216 0.10378 0.993652 -73.6448 -0.036469 0.994092 -0.102232 -20.5014 -0.998391 -0.0317984 0.0469498 243.089 
0.038302 0.106501 0.993575 -72.5448 -0.038612 0.993719 -0.105028 -20.6261 -0.99852 -0.0343411 0.0421737 243.166 
0.034559 0.0980758 0.994579 -71.4395 -0.0374762 0.9946 -0.0967757 -20.7533 -0.9987 -0.0339285 0.0380479 243.229 
0.031989 0.0884042 0.995571 -70.3369 -0.0364217 0.995522 -0.0872295 -20.8719 -0.998824 -0.03347 0.0350656 243.29 
0.0306558 0.0848397 0.995923 -69.2496 -0.0357794 0.995846 -0.0837318 -20.9815 -0.998889 -0.0330667 0.033564 243.345 
0.0303567 0.0868841 0.995756 -68.1754 -0.0368257 0.995636 -0.0857509 -21.0906 -0.998861 -0.0340663 0.0334238 243.407 
0.0306483 0.0899246 0.995477 -67.1181 -0.0364476 0.995383 -0.0887939 -21.2003 -0.998866 -0.0335613 0.0337844 243.465 
0.03213 0.0924832 0.995196 -66.0639 -0.038813 0.995074 -0.0912188 -21.3104 -0.99873 -0.0356957 0.0355613 243.529 
0.0338975 0.0934336 0.995048 -65.0185 -0.0410792 0.994909 -0.0920211 -21.4194 -0.998581 -0.0377565 0.0375631 243.593 
0.0368135 0.0950624 0.99479 -63.9891 -0.0420425 0.994731 -0.0935008 -21.5278 -0.998437 -0.0383814 0.0406162 243.659 
0.0404151 0.0960658 0.994554 -62.9728 -0.0442807 0.994562 -0.094267 -21.6392 -0.998201 -0.0402298 0.0444492 243.728 
0.0447214 0.0972102 0.994259 -61.9544 -0.0455167 0.994419 -0.0951786 -21.7486 -0.997962 -0.0409988 0.0488965 243.807 
0.0509361 0.0962712 0.994051 -60.9455 -0.0462477 0.994503 -0.0939451 -21.8574 -0.997631 -0.0411873 0.0551084 243.885 
0.0575626 0.0947389 0.993837 -59.9372 -0.0450262 0.994721 -0.0922152 -21.9688 -0.997326 -0.0394405 0.0615244 243.964 
0.0648514 0.0939802 0.99346 -58.9406 -0.0430941 0.99489 -0.0913024 -22.075 -0.996964 -0.0368911 0.06857 244.047 
0.0719912 0.0948543 0.992885 -57.9524 -0.0418753 0.994877 -0.0920084 -22.1802 -0.996526 -0.0349536 0.0755945 244.142 
0.0787627 0.0946661 0.992388 -56.9616 -0.0425275 0.994894 -0.0915298 -22.2858 -0.995986 -0.0349947 0.0823864 244.247 
0.0850913 0.0936704 0.99196 -55.9749 -0.0436452 0.994966 -0.0902103 -22.3877 -0.995417 -0.0356182 0.0887512 244.364 
0.091625 0.0915107 0.99158 -54.9819 -0.0442963 0.995157 -0.0877477 -22.4923 -0.994808 -0.0358834 0.0952349 244.481 
0.098054 0.0899189 0.991111 -54.0016 -0.0442687 0.995318 -0.0859209 -22.5928 -0.994196 -0.0354503 0.101575 244.605 
0.104612 0.0904319 0.990393 -53.0283 -0.0444561 0.995287 -0.0861829 -22.6926 -0.993519 -0.0350132 0.108139 244.735 
0.111161 0.0926395 0.989475 -52.06 -0.044044 0.995127 -0.0882206 -22.7906 -0.992826 -0.0337737 0.1147 244.87 
0.117557 0.0939998 0.988607 -51.0943 -0.0440016 0.995025 -0.0893777 -22.8887 -0.992091 -0.0329933 0.121108 245.008 
0.123444 0.0958545 0.987711 -50.1358 -0.0458341 0.994812 -0.0908153 -22.9895 -0.991292 -0.0340602 0.127198 245.162 
0.129848 0.0965653 0.98682 -49.1797 -0.0478415 0.994697 -0.0910409 -23.0875 -0.990379 -0.0353894 0.13378 245.314 
0.136247 0.0962931 0.985984 -48.2129 -0.0486186 0.994716 -0.0904275 -23.1887 -0.989481 -0.0356167 0.140209 245.481 
0.142348 0.0940504 0.985338 -47.2565 -0.0495574 0.994904 -0.087804 -23.2888 -0.988575 -0.0363321 0.146284 245.645 
0.148586 0.0924386 0.98457 -46.3028 -0.0495293 0.995068 -0.0859495 -23.3868 -0.987658 -0.0359941 0.152432 245.813 
0.154905 0.0916936 0.983665 -45.3562 -0.0494546 0.995155 -0.0849766 -23.4834 -0.986691 -0.0354835 0.158689 245.987 
0.161929 0.0928873 0.982421 -44.4119 -0.0493699 0.995076 -0.0859464 -23.5774 -0.985567 -0.0345848 0.165717 246.161 
0.169068 0.0929419 0.981212 -43.474 -0.0468866 0.995175 -0.0861856 -23.6735 -0.984489 -0.0314345 0.17261 246.342 
