1 -4.23778e-08 4.22719e-08 0 -4.23778e-08 1 -4.19404e-08 0 4.22719e-08 -4.19404e-08 1 0 
0.999991 -0.00264822 -0.00340634 -0.00700662 0.0026409 0.999994 -0.00212674 -0.00457609 0.00341204 0.00211764 0.999992 0.679619 
0.99997 -0.00129221 -0.00758943 -0.0229121 0.00126379 0.999992 -0.00373786 -0.00761404 0.00759428 0.00372808 0.999964 1.37874 
0.999931 -0.00145991 -0.0116844 -0.0407499 0.00139916 0.999985 -0.00519865 -0.0127279 0.0116919 0.00518186 0.999918 2.09747 
0.999861 7.62015e-05 -0.0166819 -0.0630913 -0.000173564 0.999983 -0.00583 -0.0177636 0.0166812 0.005832 0.999844 2.82878 
0.999774 -0.00116141 -0.0212377 -0.0873786 0.00103495 0.999982 -0.00596078 -0.0277602 0.0212443 0.00593737 0.999757 3.5777 
0.999661 0.000529042 -0.0260354 -0.117378 -0.000720419 0.999973 -0.0073386 -0.0335961 0.0260308 0.00735479 0.999634 4.34459 
0.999512 0.00325618 -0.031058 -0.155019 -0.00350696 0.999962 -0.00802083 -0.0418175 0.0310308 0.00812575 0.999485 5.12228 
0.999363 0.00364075 -0.0355081 -0.197356 -0.00387303 0.999971 -0.00647257 -0.0495228 0.0354836 0.00660589 0.999348 5.91664 
0.999189 0.00259349 -0.0401922 -0.238858 -0.00274486 0.999989 -0.00370934 -0.0592369 0.0401822 0.00381657 0.999185 6.72429 
0.999047 0.00227736 -0.0435824 -0.285431 -0.00232487 0.999997 -0.00103762 -0.0694513 0.0435799 0.00113787 0.999049 7.54132 
0.998917 0.00371924 -0.0463708 -0.337384 -0.00379638 0.999991 -0.00157387 -0.0786086 0.0463646 0.00174812 0.998923 8.36144 
0.998802 0.00307761 -0.0488288 -0.387666 -0.00317209 0.999993 -0.00185589 -0.0854902 0.0488228 0.00200847 0.998805 9.19056 
0.998714 0.000132728 -0.0506995 -0.433911 -0.00025849 0.999997 -0.00247235 -0.0909323 0.0506991 0.00248219 0.998711 10.0259 
0.998612 6.91438e-05 -0.0526592 -0.4927 -0.000153399 0.999999 -0.00159441 -0.101203 0.0526591 0.00160019 0.998611 10.8682 
0.99853 -0.00143543 -0.0541839 -0.547668 0.00133582 0.999997 -0.00187288 -0.110887 0.0541866 0.00179766 0.998529 11.7229 
0.998433 0.000729582 -0.05596 -0.610546 -0.000966457 0.999991 -0.00420452 -0.121707 0.0559565 0.00425193 0.998424 12.5843 
0.998346 0.00104969 -0.057479 -0.671765 -0.0014506 0.999975 -0.00693222 -0.129549 0.0574704 0.00700405 0.998323 13.455 
0.998232 0.00513277 -0.0592144 -0.740868 -0.00564753 0.999948 -0.00852766 -0.142348 0.0591676 0.00884692 0.998209 14.3321 
0.998171 0.00587269 -0.060162 -0.809097 -0.00636832 0.999947 -0.00804855 -0.157305 0.0601117 0.00841688 0.998156 15.2201 
0.998087 0.00496647 -0.0616208 -0.875072 -0.00538072 0.999964 -0.00655707 -0.171301 0.0615861 0.00687601 0.998078 16.1159 
0.997987 0.00569909 -0.0631574 -0.943145 -0.00603012 0.999969 -0.00505065 -0.186435 0.0631267 0.00542124 0.997991 17.0168 
0.997927 0.00513841 -0.0641446 -1.0121 -0.00546462 0.999973 -0.00490986 -0.200515 0.0641177 0.00525012 0.997928 17.9224 
0.997819 0.0049129 -0.0658298 -1.08427 -0.00530069 0.99997 -0.00571621 -0.214837 0.0657998 0.0060526 0.997814 18.8302 
0.997741 0.00349495 -0.0670913 -1.15452 -0.00393248 0.999972 -0.00638929 -0.227636 0.0670672 0.00663861 0.997726 19.7491 
0.997703 0.00349589 -0.0676495 -1.22813 -0.0038354 0.999981 -0.0048882 -0.237915 0.0676312 0.00513635 0.997697 20.6732 
0.997695 0.00475017 -0.0676846 -1.30602 -0.00485567 0.999987 -0.00139304 -0.253072 0.0676772 0.0017184 0.997706 21.6067 
0.997742 0.00568691 -0.0669216 -1.3809 -0.00554655 0.999982 0.00228421 -0.263321 0.0669335 -0.00190796 0.997756 22.5435 
0.997849 0.00460351 -0.0653853 -1.45318 -0.00427373 0.999977 0.00518399 -0.268939 0.0654077 -0.00489349 0.997847 23.4839 
0.997934 0.00484807 -0.0640621 -1.52402 -0.00448267 0.999973 0.00584755 -0.274438 0.0640888 -0.00554839 0.997929 24.4314 
0.998027 0.00494344 -0.0625828 -1.59745 -0.00476905 0.999984 0.00293697 -0.279464 0.0625964 -0.0026328 0.998035 25.3805 
0.998072 0.00571166 -0.0618046 -1.66918 -0.00583782 0.999981 -0.00185956 -0.287572 0.0617929 0.00221669 0.998086 26.331 
0.998149 0.0048736 -0.0606266 -1.7384 -0.00517495 0.999975 -0.00481329 -0.298252 0.0606017 0.00511803 0.998149 27.2894 
0.998199 0.00237012 -0.0599356 -1.80645 -0.00259902 0.99999 -0.00373992 -0.310267 0.0599262 0.00388888 0.998195 28.2601 
0.99818 0.000373033 -0.0603022 -1.8734 -0.000299965 0.999999 0.0012221 -0.320314 0.0603027 -0.00120188 0.998179 29.238 
0.998115 -0.00373563 -0.0612521 -1.9388 0.00403454 0.99998 0.00475838 -0.331747 0.0612332 -0.00499663 0.998111 30.2206 
0.997993 -0.0108556 -0.0623863 -2.0005 0.0111311 0.99993 0.00407202 -0.338731 0.0623378 -0.00475837 0.998044 31.2013 
0.997872 -0.0129816 -0.0638961 -2.06822 0.0130191 0.999915 0.000171936 -0.34479 0.0638885 -0.00100353 0.997956 32.1807 
0.997787 -0.0127776 -0.0652526 -2.14539 0.0125472 0.999913 -0.003939 -0.35413 0.0652974 0.00311146 0.997861 33.161 
0.99766 -0.011255 -0.0674344 -2.22716 0.0109598 0.999929 -0.00474536 -0.366026 0.0674831 0.0039951 0.997712 34.1495 
0.997611 -0.0111017 -0.0681866 -2.30505 0.0108918 0.999935 -0.00344951 -0.378423 0.0682206 0.00269851 0.997667 35.1477 
0.997542 -0.00799921 -0.0696131 -2.39047 0.00796329 0.999968 -0.000792299 -0.391757 0.0696173 0.000235916 0.997574 36.1476 
0.997472 -0.00780149 -0.0706327 -2.47762 0.00785074 0.999969 0.000420805 -0.404708 0.0706274 -0.000974348 0.997502 37.1489 
0.997385 -0.00635936 -0.0719878 -2.55538 0.00658887 0.999974 0.00295221 -0.415311 0.0719673 -0.0034189 0.997401 38.1465 
0.997385 -0.00655912 -0.071972 -2.6353 0.00700272 0.999958 0.00591408 -0.426256 0.0719303 -0.0064027 0.997389 39.1463 
0.99735 -0.000858222 -0.0727499 -2.72869 0.00146032 0.999965 0.00822457 -0.432235 0.0727404 -0.0083091 0.997316 40.1452 
0.997333 -0.000996604 -0.0729779 -2.81441 0.00154567 0.999971 0.0074688 -0.436337 0.0729684 -0.00756177 0.997306 41.1509 
0.99734 -0.000997374 -0.0728879 -2.89747 0.00142181 0.999982 0.00577262 -0.442089 0.0728809 -0.00586098 0.997323 42.1462 
0.99733 0.00116741 -0.0730099 -2.98787 -0.000919388 0.999994 0.00343178 -0.448542 0.0730136 -0.00335559 0.997325 43.1431 
0.997266 0.000630867 -0.0738967 -3.0742 -0.000379321 0.999994 0.00341911 -0.457619 0.0738985 -0.00338181 0.99726 44.1409 
0.997155 -0.00132455 -0.0753635 -3.15588 0.00168388 0.999987 0.00470568 -0.46625 0.0753564 -0.00481929 0.997145 45.1361 
0.9971 -0.000761655 -0.0760994 -3.24479 0.00120813 0.999982 0.00582223 -0.479039 0.0760938 -0.00589737 0.997083 46.1206 
0.99709 0.00155975 -0.0762168 -3.3379 -0.00139701 0.999997 0.00218956 -0.491172 0.0762201 -0.00207679 0.997089 47.095 
0.99701 0.00180527 -0.0772564 -3.42611 -0.00196237 0.999996 -0.00195658 -0.50214 0.0772527 0.00210224 0.997009 48.0603 
0.996937 0.00279449 -0.0781639 -3.5129 -0.00306105 0.99999 -0.00328969 -0.513122 0.078154 0.00351879 0.996935 49.0312 
0.996927 0.00160982 -0.0783206 -3.60026 -0.00160946 0.999999 6.86914e-05 -0.526062 0.0783207 5.74868e-05 0.996928 50.0116 
0.996916 -0.000262791 -0.0784705 -3.68479 0.00051532 0.999995 0.00319894 -0.538819 0.0784694 -0.0032296 0.996911 50.9838 
0.996885 -0.00213147 -0.0788447 -3.76907 0.00244406 0.999989 0.00386938 -0.550069 0.0788357 -0.00405011 0.996879 51.9466 
0.99685 -0.0052685 -0.0791284 -3.85463 0.00549682 0.999981 0.00266897 -0.562448 0.079113 -0.0030956 0.996861 52.9038 
0.996794 -0.00807609 -0.0795951 -3.93625 0.0082057 0.999965 0.00130236 -0.573648 0.079582 -0.0019514 0.996826 53.858 
0.996693 -0.00959923 -0.0806865 -4.02293 0.00982329 0.999949 0.00238143 -0.581727 0.0806596 -0.00316625 0.996737 54.8077 
0.996558 -0.012736 -0.081918 -4.10626 0.0133078 0.999891 0.00643828 -0.590883 0.0818272 -0.00750635 0.996618 55.7628 
0.996485 -0.0136296 -0.0826567 -4.19396 0.0146138 0.999829 0.0113152 -0.595394 0.0824884 -0.0124835 0.996514 56.7175 
0.996462 -0.0117286 -0.0832243 -4.28552 0.0128877 0.999827 0.0134046 -0.59962 0.0830528 -0.0144298 0.996441 57.6655 
0.996353 -0.0107838 -0.0846405 -4.37658 0.0116252 0.999888 0.00945509 -0.605798 0.0845291 -0.0104047 0.996367 58.5993 
0.996249 -0.00930857 -0.0860338 -4.46848 0.00947903 0.999954 0.00157397 -0.610806 0.0860153 -0.00238367 0.996291 59.5203 
0.996194 -0.00762106 -0.0868301 -4.56348 0.00736253 0.999967 -0.00329637 -0.621287 0.0868524 0.00264445 0.996218 60.4329 
0.996133 -0.00263305 -0.087817 -4.66196 0.00241199 0.999994 -0.00262233 -0.634472 0.0878234 0.00240029 0.996133 61.3394 
0.996014 -5.73958e-05 -0.0891991 -4.75779 4.6388e-05 1 -0.000124574 -0.652576 0.0891991 0.000119852 0.996014 62.2391 
0.995926 0.00237032 -0.0901452 -4.85255 -0.00224944 0.999996 0.00144341 -0.668282 0.0901483 -0.00123484 0.995928 63.1278 
0.995809 0.00312725 -0.0913995 -4.9429 -0.0030427 0.999995 0.00106537 -0.678792 0.0914024 -0.000782892 0.995814 63.997 
0.995662 0.00482262 -0.0929161 -5.04097 -0.00467751 0.999987 0.00178032 -0.689908 0.0929236 -0.00133807 0.995672 64.8481 
0.99552 0.00547789 -0.0943964 -5.1319 -0.0052708 0.999983 0.00244385 -0.704511 0.0944083 -0.00193545 0.995532 65.6871 
0.995381 0.00536861 -0.0958556 -5.22115 -0.00511708 0.999983 0.00287055 -0.717419 0.0958694 -0.00236688 0.995391 66.5127 
0.995257 0.0052534 -0.0971372 -5.31205 -0.00489762 0.99998 0.00390162 -0.727143 0.0971559 -0.00340746 0.995263 67.3226 
0.995098 0.0081357 -0.0985602 -5.40576 -0.00752107 0.99995 0.0066069 -0.737056 0.0986091 -0.00583332 0.995109 68.1193 
0.994948 0.00963277 -0.0999255 -5.49859 -0.00860814 0.999906 0.0106809 -0.74536 0.100019 -0.00976684 0.994938 68.9078 
0.994732 0.0127193 -0.101715 -5.59099 -0.0115287 0.999858 0.0122853 -0.751408 0.101857 -0.011048 0.994738 69.6834 
0.994562 0.0155932 -0.102974 -5.68437 -0.0148303 0.999857 0.00817066 -0.760989 0.103087 -0.00659918 0.99465 70.436 
0.994418 0.0156662 -0.104342 -5.77396 -0.0156586 0.999877 0.000892287 -0.771939 0.104343 0.000746461 0.994541 71.1653 
0.994267 0.0146714 -0.105911 -5.85851 -0.0152762 0.999871 -0.00490068 -0.779271 0.105825 0.00649042 0.994363 71.8748 
0.994208 0.0155805 -0.106335 -5.94488 -0.0163333 0.999847 -0.00621177 -0.786226 0.106222 0.00791251 0.994311 72.5664 
0.99404 0.0183328 -0.107466 -6.02758 -0.0187444 0.99982 -0.00282066 -0.797826 0.107395 0.00481814 0.994205 73.2462 
0.993885 0.0185634 -0.108849 -6.11095 -0.0187132 0.999825 -0.000354495 -0.817234 0.108824 0.00238916 0.994058 73.9055 
0.993822 0.0153447 -0.109915 -6.1858 -0.0158535 0.999867 -0.00375574 -0.829082 0.109843 0.00547499 0.993934 74.5405 
0.993903 0.00722595 -0.110022 -6.25215 -0.00825573 0.999926 -0.00890642 -0.840631 0.109949 0.00976033 0.993889 75.1576 
0.99404 0.00315164 -0.108967 -6.32151 -0.00467125 0.999895 -0.0136923 -0.854225 0.108913 0.0141197 0.993951 75.7499 
0.99435 0.00556528 -0.106008 -6.39127 -0.0070766 0.999878 -0.0138851 -0.869569 0.105918 0.0145567 0.994268 76.3341 
0.994736 0.0105101 -0.101928 -6.46452 -0.0116991 0.99987 -0.0110732 -0.882068 0.101798 0.0122073 0.99473 76.9093 
0.995223 0.00889757 -0.0972215 -6.52445 -0.00972852 0.99992 -0.00807548 -0.893294 0.097142 0.00898264 0.99523 77.4689 
0.99577 0.0051604 -0.0917313 -6.56749 -0.00554702 0.999977 -0.00395937 -0.904335 0.0917088 0.00445137 0.995776 78.0168 
0.996481 0.000773286 -0.083809 -6.60499 -0.000810515 1 -0.000409221 -0.920733 0.0838088 0.000475623 0.996482 78.5463 
0.997307 0.0045276 -0.0731937 -6.64564 -0.0045847 0.999989 -0.000611048 -0.93168 0.0731903 0.000944887 0.997317 79.0615 
0.998265 0.00976674 -0.0580709 -6.68322 -0.00984897 0.999951 -0.00112846 -0.94073 0.0580571 0.00169835 0.998312 79.5629 
0.999088 0.0147961 -0.040054 -6.70673 -0.014842 0.999889 -0.000846927 -0.946338 0.0400371 0.00144055 0.999197 80.056 
0.999751 0.0131564 -0.018008 -6.70479 -0.0131637 0.999913 -0.000281804 -0.95342 0.0180028 0.000518702 0.999838 80.536 
0.999917 0.00973976 0.00836447 -6.68511 -0.00974599 0.999952 0.000693706 -0.962404 -0.00835723 -0.000775252 0.999965 80.9997 
0.99924 0.00868499 0.0379878 -6.65236 -0.00878012 0.999959 0.00233596 -0.972021 -0.0379658 -0.0026678 0.999275 81.4533 
0.99743 0.00841477 0.0711525 -6.60509 -0.00869631 0.999955 0.00364676 -0.978758 -0.0711185 -0.00425623 0.997459 81.9012 
0.994038 0.00829731 0.108714 -6.53658 -0.00880895 0.999952 0.0042261 -0.986438 -0.108674 -0.00515864 0.994064 82.3363 
0.988574 0.00859096 0.150491 -6.45011 -0.00934149 0.999947 0.00428037 -0.992171 -0.150446 -0.00563734 0.988602 82.7621 
0.980637 0.00835857 0.195655 -6.34115 -0.00937255 0.999947 0.00425673 -0.99956 -0.195608 -0.00600817 0.980664 83.1744 
0.969518 0.0105074 0.244793 -6.21588 -0.011405 0.999932 0.0022494 -1.01111 -0.244753 -0.00497278 0.969573 83.5715 
0.954525 0.0113739 0.297914 -6.06428 -0.011744 0.999931 -0.000547981 -1.02153 -0.2979 -0.00297571 0.954592 83.9505 
0.935279 0.011583 0.35372 -5.89102 -0.0114262 0.999931 -0.00253191 -1.03106 -0.353725 -0.00167372 0.935348 84.3127 
0.911521 0.0123152 0.41107 -5.69984 -0.0115267 0.999924 -0.0043972 -1.03715 -0.411093 -0.000730192 0.911593 84.6544 
0.883016 0.0125984 0.469173 -5.48779 -0.0108438 0.99992 -0.00644174 -1.04197 -0.469217 0.0006005 0.883083 84.9753 
0.850061 0.010937 0.526571 -5.25696 -0.00778599 0.999936 -0.00819994 -1.05349 -0.526627 0.00287051 0.850091 85.2714 
0.8135 0.0104959 0.581471 -5.01037 -0.00651356 0.999939 -0.00893692 -1.06719 -0.581529 0.00348269 0.813518 85.5526 
0.773714 0.009132 0.633469 -4.74861 -0.00556676 0.999955 -0.00761618 -1.07969 -0.633511 0.00236632 0.77373 85.8185 
0.730759 0.0087688 0.68258 -4.47313 -0.00711443 0.999961 -0.00522962 -1.08973 -0.682599 -0.00103462 0.730792 86.0727 
0.68517 0.00784114 0.728341 -4.18279 -0.00639321 0.999968 -0.00475129 -1.09722 -0.728355 -0.00140104 0.685198 86.3041 
0.638181 0.00654745 0.769858 -3.87745 -0.00327942 0.999978 -0.00578618 -1.10652 -0.769879 0.00116791 0.638189 86.5129 
0.590984 0.00383914 0.806674 -3.55845 0.00244905 0.999975 -0.00655345 -1.114 -0.80668 0.00584854 0.59096 86.6977 
0.543809 0.0060362 0.839187 -3.23773 0.000475311 0.999972 -0.00750084 -1.12332 -0.839209 0.00447787 0.54379 86.8696 
0.496066 0.00902759 0.868238 -2.9113 -0.00333985 0.999958 -0.00848906 -1.13209 -0.868278 0.00131132 0.496075 87.0312 
0.450202 0.0112754 0.892856 -2.57884 -0.00416758 0.999936 -0.0105264 -1.1404 -0.892917 0.00101792 0.45022 87.1706 
0.407665 0.00866525 0.91309 -2.23192 0.00306254 0.999936 -0.0108568 -1.14659 -0.913126 0.00722231 0.407613 87.2836 
0.367752 0.00109048 0.929923 -1.87253 0.0182011 0.999799 -0.00837043 -1.14856 -0.929746 0.0200039 0.367659 87.3769 
0.332279 -0.00244951 0.943178 -1.51173 0.0222805 0.999738 -0.00525306 -1.15192 -0.942918 0.0227599 0.332247 87.4701 
0.298962 0.0016759 0.954264 -1.15341 0.0195066 0.999779 -0.00786718 -1.15967 -0.954066 0.0209665 0.298863 87.5685 
0.267796 0.00950297 0.963429 -0.792495 0.0088395 0.999885 -0.0123197 -1.17335 -0.963435 0.0118154 0.267681 87.6698 
0.239342 0.0139456 0.970835 -0.41558 0.00412634 0.999873 -0.0153801 -1.19038 -0.970926 0.00768709 0.239255 87.7582 
0.213529 0.0156182 0.976812 -0.0257647 0.00553826 0.999837 -0.0171971 -1.20453 -0.976921 0.00908191 0.213407 87.8276 
0.19013 0.0168788 0.981614 0.375281 0.0128829 0.999723 -0.0196855 -1.21537 -0.981674 0.0163888 0.18986 87.8819 
0.17 0.023206 0.985171 0.783413 0.0199763 0.999436 -0.0269892 -1.21489 -0.985241 0.0242683 0.169441 87.9291 
0.150207 0.0299909 0.9882 1.20307 0.0219759 0.999191 -0.033665 -1.2157 -0.98841 0.0267733 0.149426 87.982 
0.132571 0.0308309 0.990694 1.63936 0.0198888 0.999232 -0.0337582 -1.22816 -0.990974 0.0241791 0.131856 88.0393 
0.117221 0.0264314 0.992754 2.09099 0.017716 0.999431 -0.0287011 -1.25137 -0.992948 0.020952 0.116686 88.0913 
0.102756 0.0231625 0.994437 2.55548 0.0180216 0.999521 -0.0251433 -1.27208 -0.994543 0.020505 0.10229 88.1325 
0.0895574 0.0207116 0.995766 3.03031 0.0203309 0.999537 -0.0226186 -1.28892 -0.995774 0.0222705 0.0890948 88.1683 
0.0778973 0.0198932 0.996763 3.5252 0.0240419 0.999473 -0.0218263 -1.3032 -0.996671 0.0256643 0.077378 88.201 
0.0677793 0.020481 0.99749 4.03486 0.0273221 0.999376 -0.0223764 -1.31708 -0.997326 0.0287702 0.0671774 88.229 
0.0598701 0.0210032 0.997985 4.56329 0.0293117 0.99931 -0.0227896 -1.33198 -0.997776 0.0306171 0.0592131 88.2617 
0.0544193 0.0213576 0.99829 5.10791 0.0310815 0.99925 -0.0230725 -1.34635 -0.998034 0.0322839 0.0537147 88.2878 
0.0488197 0.0224552 0.998555 5.66917 0.0323919 0.999186 -0.0240531 -1.36298 -0.998282 0.0335193 0.0480526 88.3173 
0.0428237 0.0231084 0.998815 6.25272 0.0327933 0.999161 -0.0245225 -1.37901 -0.998544 0.0338046 0.04203 88.346 
0.0385676 0.0231185 0.998988 6.85248 0.0353857 0.999074 -0.0244867 -1.39712 -0.998629 0.0362943 0.0377138 88.3686 
0.0355719 0.022969 0.999103 7.47684 0.0368513 0.999026 -0.0242794 -1.41863 -0.998687 0.0376819 0.0346908 88.3967 
0.0325493 0.0225378 0.999216 8.11739 0.0378304 0.999001 -0.0237654 -1.43679 -0.998754 0.0385743 0.0316642 88.421 
0.0301686 0.0219002 0.999305 8.77463 0.0400894 0.998929 -0.0231024 -1.45615 -0.99874 0.0407585 0.0292584 88.4438 
0.0294713 0.0215008 0.999334 9.44732 0.0445628 0.998746 -0.0228024 -1.47583 -0.998572 0.0452051 0.0284762 88.466 
0.0307872 0.021185 0.999301 10.1381 0.0483823 0.998572 -0.0226602 -1.49565 -0.998354 0.0490462 0.0297182 88.486 
0.0331933 0.0211931 0.999224 10.8483 0.0499423 0.998491 -0.0228367 -1.51416 -0.9982 0.0506616 0.0320847 88.5155 
0.0371889 0.0211257 0.999085 11.5723 0.0524513 0.998357 -0.0230628 -1.53468 -0.997931 0.053261 0.0360198 88.5467 
0.0417638 0.0206668 0.998914 12.3128 0.0529172 0.998337 -0.0228674 -1.55573 -0.997725 0.0538147 0.0406007 88.5824 
0.0457164 0.0190322 0.998773 13.0668 0.0543087 0.998292 -0.021509 -1.57498 -0.997477 0.0552254 0.0446047 88.624 
0.0497102 0.0176249 0.998608 13.8376 0.0540456 0.998332 -0.0203105 -1.59589 -0.9973 0.05498 0.0486747 88.6736 
0.0538965 0.0155242 0.998426 14.6236 0.0510614 0.998528 -0.0182823 -1.61877 -0.99724 0.0519664 0.0530245 88.7316 
0.0580857 0.014602 0.998205 15.4237 0.0503624 0.998577 -0.0175381 -1.63696 -0.99704 0.0512907 0.0572677 88.7897 
0.0622778 0.0156465 0.997936 16.226 0.0474257 0.998701 -0.0186183 -1.66009 -0.996931 0.0484873 0.0614549 88.8548 
0.0656566 0.0197553 0.997647 17.0336 0.0455407 0.998703 -0.0227734 -1.68621 -0.996802 0.0469288 0.0646717 88.9146 
0.0670918 0.0253891 0.997424 17.8415 0.0397533 0.998814 -0.0280986 -1.70936 -0.996954 0.0415361 0.066003 88.9879 
0.066896 0.0284576 0.997354 18.6543 0.0372393 0.998825 -0.0309975 -1.73917 -0.997065 0.0392144 0.0657577 89.0573 
0.0670873 0.0280498 0.997353 19.4725 0.0349827 0.998924 -0.0304472 -1.77135 -0.997134 0.0369327 0.0660338 89.1277 
0.0669611 0.0264038 0.997406 20.2965 0.0321932 0.999072 -0.0286093 -1.80614 -0.997236 0.0340254 0.0660489 89.2036 
0.066824 0.0250521 0.99745 21.1217 0.0331986 0.999075 -0.0273172 -1.84177 -0.997212 0.0349394 0.0659305 89.2689 
0.067278 0.0244746 0.997434 21.9441 0.0307079 0.999175 -0.0265887 -1.87581 -0.997262 0.0324179 0.0664709 89.34 
0.0672798 0.0247893 0.997426 22.7626 0.0290988 0.999217 -0.0267968 -1.9105 -0.99731 0.0308268 0.0665058 89.4114 
0.0673438 0.0255986 0.997401 23.5838 0.0263172 0.999277 -0.0274238 -1.94144 -0.997383 0.0280956 0.0666214 89.4835 
0.0662375 0.0270433 0.997437 24.3958 0.0235855 0.999311 -0.0286605 -1.9756 -0.997525 0.0254234 0.0655541 89.5515 
0.0635196 0.0265883 0.997626 25.2109 0.0206123 0.999397 -0.0279479 -2.00914 -0.997768 0.0223386 0.0629333 89.6178 
0.0597434 0.0254015 0.99789 26.0249 0.0180974 0.999484 -0.0265256 -2.04257 -0.99805 0.019644 0.0592528 89.6784 
0.0551886 0.0230174 0.998211 26.8402 0.0164379 0.999578 -0.0239578 -2.07488 -0.998341 0.0177307 0.054787 89.7328 
0.0490097 0.0209922 0.998578 27.6548 0.014045 0.999666 -0.0217045 -2.10726 -0.998699 0.0150887 0.0486985 89.7833 
0.0416691 0.0211578 0.998907 28.4619 0.0135007 0.999672 -0.0217373 -2.13939 -0.99904 0.0143917 0.0413698 89.8254 
0.0330159 0.0221805 0.999209 29.2645 0.0133775 0.999654 -0.0226325 -2.16789 -0.999365 0.0141141 0.0327077 89.8605 
0.0232556 0.022624 0.999473 30.068 0.0137511 0.999642 -0.0229478 -2.19467 -0.999635 0.0142775 0.0229362 89.8834 
0.0130611 0.0216764 0.99968 30.8694 0.0150028 0.999648 -0.0218718 -2.22353 -0.999802 0.0152837 0.0127313 89.8996 
0.00244391 0.0207637 0.999781 31.6653 0.0141421 0.999684 -0.0207964 -2.2524 -0.999897 0.0141898 0.0021495 89.9072 
-0.008611 0.0199219 0.999764 32.453 0.0155495 0.999683 -0.0197864 -2.28074 -0.999842 0.0153754 -0.00891805 89.9041 
-0.0194378 0.0203327 0.999604 33.2376 0.0157815 0.999675 -0.0200273 -2.3082 -0.999686 0.015386 -0.0197523 89.8922 
-0.0304108 0.0208039 0.999321 34.0183 0.0162463 0.999662 -0.0203166 -2.33691 -0.999405 0.0156174 -0.0307385 89.8717 
-0.0410131 0.0219796 0.998917 34.7942 0.0157348 0.999648 -0.0213497 -2.364 -0.999035 0.0148422 -0.0413445 89.8453 
-0.0512533 0.0232301 0.998415 35.5662 0.0169277 0.999606 -0.0223889 -2.38661 -0.998542 0.0157534 -0.0516263 89.8113 
-0.0606858 0.0237886 0.997873 36.325 0.0175897 0.999586 -0.0227598 -2.41794 -0.998002 0.0161711 -0.0610792 89.7685 
-0.0703507 0.0243013 0.997226 37.0798 0.0183378 0.999566 -0.0230647 -2.44463 -0.997354 0.0166643 -0.0707657 89.7192 
-0.0795999 0.0247277 0.99652 37.8256 0.0190853 0.999547 -0.0232784 -2.47326 -0.996644 0.0171659 -0.0800357 89.6639 
-0.0880492 0.0242049 0.995822 38.5662 0.0203702 0.999539 -0.0224942 -2.50065 -0.995908 0.0183045 -0.0885017 89.6007 
-0.0953818 0.0230621 0.995173 39.298 0.0221551 0.999533 -0.0210397 -2.52892 -0.995194 0.0200414 -0.0958482 89.5347 
-0.100566 0.0214915 0.994698 40.0206 0.0251328 0.999502 -0.0190544 -2.55362 -0.994613 0.0230833 -0.101056 89.4638 
-0.104306 0.0198682 0.994347 40.7344 0.0282867 0.999455 -0.0170031 -2.57952 -0.994143 0.0263533 -0.104811 89.3916 
-0.106973 0.0186532 0.994087 41.4379 0.0299637 0.99943 -0.0155292 -2.604 -0.99381 0.0281254 -0.107471 89.3215 
-0.108787 0.0179027 0.993904 42.1251 0.0302714 0.999434 -0.0146891 -2.62584 -0.993604 0.0284888 -0.109267 89.2535 
-0.109708 0.0184188 0.993793 42.8015 0.0310455 0.999404 -0.0150957 -2.64686 -0.993479 0.0291967 -0.110214 89.1894 
-0.108725 0.0194694 0.993881 43.4574 0.0319744 0.999359 -0.016079 -2.66874 -0.993557 0.0300305 -0.109278 89.1229 
-0.105496 0.0210303 0.994197 44.0993 0.0330033 0.9993 -0.0176362 -2.69086 -0.993872 0.0309513 -0.106116 89.0593 
-0.100355 0.0215544 0.994718 44.7281 0.0330786 0.999285 -0.0183162 -2.7131 -0.994402 0.0310658 -0.100997 89.0066 
-0.09228 0.0224459 0.99548 45.3359 0.0325262 0.99928 -0.0195166 -2.73274 -0.995202 0.0305782 -0.0929437 88.9611 
-0.0811833 0.0224006 0.996447 45.9261 0.03129 0.999312 -0.0199158 -2.75586 -0.996208 0.029562 -0.0818283 88.9289 
-0.0674569 0.0226591 0.997465 46.4873 0.0305185 0.999321 -0.0206374 -2.77961 -0.997255 0.029049 -0.0681026 88.9076 
-0.0500191 0.024001 0.99846 47.042 0.0294627 0.999311 -0.0225456 -2.8024 -0.998314 0.0282896 -0.0506918 88.895 
-0.0286503 0.0264851 0.999238 47.5758 0.0278324 0.999282 -0.0256883 -2.82664 -0.999202 0.0270753 -0.0293669 88.8988 
-0.00373158 0.0295033 0.999558 48.1074 0.0260994 0.999227 -0.0293961 -2.84932 -0.999652 0.0259782 -0.00449872 88.9163 
0.0249383 0.0311973 0.999202 48.6365 0.0242812 0.999199 -0.0318033 -2.87301 -0.999394 0.0250549 0.0241609 88.9512 
0.0586064 0.0306733 0.99781 49.1619 0.0221605 0.999241 -0.032019 -2.89436 -0.998035 0.0239884 0.0578822 89.0028 
0.0972716 0.0283849 0.994853 49.6827 0.0212429 0.999306 -0.030589 -2.91279 -0.995031 0.024109 0.0966012 89.0718 
0.139952 0.0245077 0.989855 50.195 0.0189664 0.999444 -0.0274268 -2.93829 -0.989976 0.0226124 0.13941 89.1654 
0.185878 0.020153 0.982366 50.697 0.0163486 0.999588 -0.0235997 -2.9613 -0.982437 0.020447 0.185472 89.2839 
0.235092 0.0170466 0.971824 51.1918 0.0118484 0.999722 -0.0204023 -2.98129 -0.971901 0.0163109 0.234824 89.4259 
0.287509 0.0153518 0.957655 51.6732 0.00814703 0.999796 -0.0184734 -3.00251 -0.957743 0.0131133 0.287326 89.5953 
0.34342 0.0148337 0.939065 52.141 0.00731673 0.999803 -0.018469 -3.02039 -0.939153 0.0132135 0.343244 89.7893 
0.402171 0.0149982 0.915442 52.5934 0.00930015 0.999747 -0.0204652 -3.03893 -0.915517 0.0167442 0.40193 90.0119 
0.462424 0.0181004 0.886474 53.0197 0.0100839 0.99962 -0.0256709 -3.05657 -0.886602 0.0208099 0.462065 90.2663 
0.521768 0.0210061 0.852828 53.4157 0.0112277 0.999441 -0.0314866 -3.07611 -0.853013 0.026004 0.521241 90.5501 
0.579348 0.025032 0.814696 53.7829 0.00707249 0.999336 -0.0357347 -3.09358 -0.81505 0.0264647 0.578786 90.8667 
0.634554 0.0278842 0.772375 54.1237 0.00296076 0.999254 -0.0385075 -3.10968 -0.772873 0.0267219 0.633998 91.2087 
0.686578 0.0284806 0.726498 54.4301 0.00128907 0.999183 -0.040389 -3.12889 -0.727055 0.0286666 0.68598 91.5613 
0.73481 0.0269596 0.677737 54.7204 0.000277738 0.999198 -0.0400482 -3.14551 -0.678273 0.029616 0.734213 91.9379 
0.779245 0.0235474 0.626276 54.9818 -0.00211344 0.999387 -0.0349465 -3.1653 -0.626715 0.0259082 0.778818 92.336 
0.819789 0.0186944 0.57236 55.2164 -0.00311753 0.999598 -0.0281838 -3.18239 -0.572657 0.0213204 0.819518 92.7512 
0.855399 0.0163129 0.517713 55.4156 -0.0057381 0.999741 -0.0220208 -3.1986 -0.517938 0.0158659 0.855271 93.1747 
0.885719 0.0128998 0.464043 55.5934 -0.0067224 0.999865 -0.0149642 -3.21289 -0.464174 0.0101345 0.885686 93.6181 
0.910537 0.0134535 0.413208 55.7416 -0.010384 0.999899 -0.00967363 -3.2285 -0.413297 0.00451738 0.910585 94.0682 
0.929991 0.0154579 0.367257 55.8731 -0.0141575 0.99988 -0.00623494 -3.24307 -0.367309 0.00059895 0.930099 94.5262 
0.944687 0.0216319 0.32726 55.9826 -0.021595 0.99976 -0.00374706 -3.25307 -0.327262 -0.00352744 0.944927 94.991 
0.956066 0.0260205 0.291995 56.0838 -0.0257182 0.999657 -0.00487466 -3.25727 -0.292022 -0.00284917 0.956407 95.4604 
0.964935 0.0280243 0.260989 56.1846 -0.0277308 0.999604 -0.0048083 -3.26282 -0.261021 -0.00259782 0.96533 95.9322 
0.970811 0.02233 0.238806 56.2888 -0.0218609 0.99975 -0.00461343 -3.27001 -0.238849 -0.000741803 0.971056 96.41 
0.974556 0.0193072 0.223312 56.3849 -0.0189051 0.999813 -0.00393914 -3.28121 -0.223347 -0.000382899 0.974739 96.8962 
0.977315 0.023578 0.210474 56.4733 -0.0232094 0.999722 -0.00422217 -3.29055 -0.210515 -0.000758659 0.97759 97.3878 
0.979221 0.0289842 0.200715 56.5553 -0.0288129 0.999578 -0.00377605 -3.29404 -0.200739 -0.00208565 0.979642 97.8935 
0.980148 0.0367959 0.194821 56.6322 -0.0364834 0.999321 -0.00519381 -3.29756 -0.194879 -0.00201707 0.980825 98.4128 
0.980526 0.0424792 0.191742 56.7172 -0.0415521 0.999097 -0.00885617 -3.30583 -0.191945 0.000716367 0.981405 98.9392 
0.980665 0.0435906 0.19078 56.8123 -0.0421999 0.999045 -0.0113489 -3.31901 -0.191092 0.00307848 0.981567 99.4731 
0.980254 0.0420435 0.193219 56.917 -0.0399183 0.999092 -0.0148812 -3.33161 -0.193669 0.00687431 0.981043 100.016 
0.979522 0.0404824 0.197225 57.0239 -0.0369842 0.999087 -0.0213903 -3.34135 -0.197911 0.013658 0.980125 100.57 
0.978702 0.040641 0.201221 57.1373 -0.0361115 0.999006 -0.0261322 -3.35107 -0.202083 0.0183092 0.979197 101.133 
0.977564 0.0454934 0.205667 57.244 -0.0410598 0.998824 -0.0257771 -3.36592 -0.206598 0.0167541 0.978282 101.718 
0.976198 0.0485847 0.211367 57.3576 -0.0449563 0.998748 -0.0219411 -3.38056 -0.212168 0.0119165 0.97716 102.316 
0.975335 0.0455633 0.215973 57.4886 -0.0428378 0.998932 -0.0172867 -3.39846 -0.21653 0.00760839 0.976246 102.921 
0.974669 0.0411331 0.219837 57.6265 -0.0395058 0.99915 -0.0117958 -3.41107 -0.220135 0.00281209 0.975465 103.545 
0.973919 0.038639 0.223583 57.7655 -0.0379878 0.999252 -0.00721485 -3.42442 -0.223694 -0.00146683 0.974658 104.176 
0.973438 0.0338975 0.226426 57.91 -0.0332751 0.999425 -0.00656652 -3.43464 -0.226519 -0.00114232 0.974006 104.814 
0.973485 0.030326 0.226732 58.0581 -0.0288913 0.999536 -0.00964503 -3.44586 -0.226919 0.00283865 0.973909 105.461 
0.9736 0.0292828 0.226373 58.2034 -0.0261952 0.999518 -0.0166325 -3.46073 -0.226751 0.0102635 0.973899 106.116 
0.973737 0.0312706 0.225518 58.3458 -0.026679 0.999371 -0.0233804 -3.47469 -0.226107 0.0167497 0.973958 106.781 
0.974285 0.0338995 0.222753 58.4878 -0.0285374 0.999221 -0.0272481 -3.48704 -0.223503 0.0201906 0.974494 107.461 
0.974902 0.0321338 0.220302 58.6362 -0.0277245 0.999349 -0.023079 -3.50314 -0.220901 0.0163919 0.975158 108.164 
0.975348 0.0278905 0.218905 58.7897 -0.0251022 0.999564 -0.0155096 -3.5237 -0.219242 0.00963217 0.975623 108.879 
0.975924 0.028189 0.216282 58.9393 -0.0267181 0.999596 -0.00972276 -3.54549 -0.216468 0.00370996 0.976282 109.606 
0.976242 0.0312597 0.214416 59.0847 -0.0297121 0.999504 -0.010438 -3.56238 -0.214635 0.00381925 0.976687 110.337 
0.976532 0.03681 0.212201 59.224 -0.0343981 0.999295 -0.0150483 -3.57771 -0.212605 0.00739577 0.97711 111.08 
0.977331 0.0376564 0.20834 59.3692 -0.0341392 0.999208 -0.0204538 -3.59187 -0.208945 0.0128775 0.977843 111.831 
0.97823 0.0361342 0.204353 59.5183 -0.0320525 0.999216 -0.0232501 -3.61042 -0.205032 0.0161939 0.978621 112.591 
0.979145 0.0337391 0.200339 59.6701 -0.0299619 0.999312 -0.0218579 -3.63091 -0.200938 0.0153995 0.979483 113.365 
0.979993 0.0297259 0.1968 59.8203 -0.0263457 0.999457 -0.0197728 -3.65324 -0.197281 0.0141923 0.980244 114.152 
0.980412 0.0287253 0.194852 59.9739 -0.0258976 0.999519 -0.0170449 -3.67584 -0.195248 0.0116647 0.980684 114.956 
0.980763 0.0254078 0.193542 60.1242 -0.0229999 0.999628 -0.0146789 -3.69641 -0.193842 0.00994503 0.980982 115.762 
0.980957 0.0203887 0.193154 60.2805 -0.0181332 0.999745 -0.0134387 -3.7144 -0.193378 0.00968018 0.981076 116.572 
0.981049 0.0212787 0.192585 60.4247 -0.0193394 0.999742 -0.0119449 -3.73378 -0.19279 0.00799394 0.981207 117.391 
0.980875 0.0265274 0.192823 60.5691 -0.024286 0.999607 -0.0139796 -3.75248 -0.193118 0.00902932 0.981134 118.213 
0.980613 0.0321525 0.193296 60.7122 -0.029332 0.999418 -0.017437 -3.77085 -0.193744 0.0114292 0.980985 119.042 
0.980118 0.0409936 0.194135 60.8568 -0.0379817 0.999094 -0.0192136 -3.78882 -0.194747 0.0114579 0.980786 119.88 
0.97928 0.0467158 0.197048 61.003 -0.0439156 0.998863 -0.0185597 -3.8135 -0.197691 0.0095216 0.980218 120.72 
0.978558 0.0493594 0.199969 61.154 -0.0469822 0.998757 -0.0166195 -3.84028 -0.20054 0.00686809 0.979661 121.567 
0.978011 0.0498443 0.202509 61.3147 -0.0473021 0.998729 -0.0173775 -3.86392 -0.203118 0.00741623 0.979126 122.416 
0.977709 0.0482415 0.204345 61.479 -0.0450935 0.998782 -0.0200373 -3.88747 -0.205063 0.010376 0.978694 123.261 
0.9777 0.0420066 0.205764 61.6521 -0.0389992 0.999065 -0.0186521 -3.91348 -0.206355 0.0102114 0.978424 124.105 
0.977974 0.0350192 0.205768 61.8307 -0.0315809 0.999302 -0.0199715 -3.94288 -0.206324 0.0130332 0.978397 124.944 
0.97771 0.0345065 0.207105 61.9964 -0.0310246 0.999318 -0.0200383 -3.97249 -0.207655 0.0131662 0.978113 125.794 
0.97722 0.0371914 0.208945 62.1628 -0.0343783 0.999263 -0.0170807 -3.99753 -0.209426 0.00950836 0.977778 126.642 
0.976775 0.0394696 0.210599 62.3181 -0.0378722 0.999215 -0.0116146 -4.01736 -0.210892 0.00336891 0.977504 127.49 
0.976479 0.0429327 0.211293 62.4833 -0.0423508 0.999076 -0.00728088 -4.04374 -0.21141 -0.00183889 0.977396 128.331 
0.976258 0.0422062 0.212459 62.6477 -0.040192 0.999097 -0.0137929 -4.068 -0.212849 0.00492622 0.977073 129.165 
0.976533 0.0376095 0.212057 62.8249 -0.0323993 0.999083 -0.0279927 -4.09559 -0.212916 0.0204652 0.976856 129.98 
0.976739 0.0353487 0.2115 62.9975 -0.0281245 0.998917 -0.0370698 -4.12481 -0.212581 0.0302592 0.976675 130.793 
0.977014 0.0325242 0.210681 63.1657 -0.027228 0.999237 -0.0279919 -4.15117 -0.211431 0.0216119 0.977154 131.62 
0.977424 0.0262525 0.209648 63.3379 -0.0253216 0.999654 -0.00712427 -4.18216 -0.209763 0.00165474 0.977751 132.466 
0.977708 0.0229609 0.208711 63.5056 -0.025217 0.999649 0.00815444 -4.21005 -0.20845 -0.0132358 0.977943 133.308 
0.977734 0.0275438 0.208031 63.6637 -0.0286359 0.999587 0.00223937 -4.2244 -0.207884 -0.00814675 0.97812 134.127 
0.977933 0.0353608 0.205903 63.8127 -0.0332224 0.999352 -0.013835 -4.235 -0.206258 0.00668909 0.978475 134.933 
0.978203 0.0352848 0.204632 63.972 -0.031484 0.999266 -0.0218015 -4.24874 -0.205251 0.0148835 0.978596 135.748 
0.978765 0.031133 0.202609 64.1317 -0.027131 0.999379 -0.0225005 -4.27665 -0.203183 0.0165257 0.979001 136.571 
0.979345 0.0307517 0.199842 64.2851 -0.0271581 0.999417 -0.0206996 -4.31128 -0.200362 0.0148446 0.979609 137.394 
0.980087 0.0302976 0.196241 64.4327 -0.0264671 0.999405 -0.0221135 -4.3351 -0.196794 0.0164791 0.980306 138.203 
0.981032 0.0312956 0.191303 64.5767 -0.0272447 0.999346 -0.0237703 -4.3619 -0.191921 0.0181074 0.981243 139.02 
0.981431 0.036194 0.188369 64.7132 -0.0322814 0.999195 -0.0237988 -4.3949 -0.189078 0.017276 0.98181 139.831 
0.981588 0.0421167 0.186307 64.8414 -0.0382747 0.998975 -0.0241732 -4.4207 -0.187134 0.0165972 0.982194 140.643 
0.981888 0.0436011 0.184377 64.9764 -0.0402112 0.998947 -0.0220876 -4.45076 -0.185145 0.0142735 0.982607 141.449 
0.982204 0.0413207 0.183214 65.1135 -0.0387981 0.999097 -0.0173337 -4.47915 -0.183765 0.00991677 0.98292 142.254 
0.982613 0.0396416 0.181382 65.2517 -0.0371133 0.999161 -0.0173138 -4.50567 -0.181916 0.010281 0.98326 143.055 
0.983169 0.0378842 0.178727 65.3874 -0.0348052 0.999187 -0.0203331 -4.53425 -0.179352 0.0137701 0.983688 143.854 
0.98423 0.0328573 0.173816 65.5241 -0.0291204 0.999287 -0.0240069 -4.56116 -0.174481 0.0185667 0.984485 144.644 
0.98545 0.0299803 0.1673 65.6499 -0.0261879 0.999349 -0.0248295 -4.58949 -0.167936 0.0200869 0.985593 145.435 
0.986596 0.0283373 0.1607 65.7721 -0.0255142 0.999482 -0.0196044 -4.61191 -0.161173 0.0152415 0.986808 146.235 
0.987692 0.0255913 0.154302 65.8888 -0.024171 0.999646 -0.0110752 -4.6368 -0.15453 0.00720922 0.987962 147.045 
0.988309 0.0227114 0.150764 66.0023 -0.0226837 0.999741 -0.00190463 -4.65335 -0.150769 -0.00153761 0.988568 147.858 
0.988749 0.0293702 0.146669 66.0939 -0.0297759 0.999556 0.000570839 -4.66528 -0.146587 -0.00493169 0.989185 148.661 
0.989334 0.0321969 0.14206 66.1854 -0.0318998 0.999481 -0.00436973 -4.67737 -0.142127 -0.000208646 0.989848 149.462 
0.990423 0.0324203 0.134203 66.2846 -0.0307448 0.999421 -0.0145397 -4.69377 -0.134596 0.0102743 0.990847 150.254 
0.991392 0.029151 0.127643 66.3787 -0.0268092 0.99944 -0.0200269 -4.70473 -0.128156 0.0164324 0.991618 151.058 
0.992242 0.0282658 0.121066 66.4597 -0.0261532 0.999477 -0.0190048 -4.72496 -0.121539 0.0156911 0.992462 151.874 
0.992918 0.0350121 0.113527 66.5264 -0.0334592 0.999319 -0.0155568 -4.74969 -0.113995 0.011648 0.993413 152.692 
0.993582 0.0405071 0.105608 66.5849 -0.0388902 0.999093 -0.0173263 -4.77107 -0.106214 0.0131079 0.994257 153.508 
0.99453 0.0430804 0.0951534 66.6475 -0.0410488 0.998888 -0.023207 -4.79259 -0.0960472 0.0191741 0.995192 154.318 
0.995386 0.0414807 0.0865195 66.7075 -0.0394146 0.998899 -0.0254553 -4.81656 -0.08748 0.0219277 0.995925 155.139 
0.996043 0.0416837 0.078486 66.7575 -0.0400134 0.99894 -0.0227369 -4.83983 -0.0793505 0.0195064 0.996656 155.963 
0.996519 0.044291 0.0706244 66.7954 -0.043289 0.99894 -0.015657 -4.86459 -0.0712429 0.0125452 0.99738 156.793 
0.996913 0.0477724 0.0623096 66.8265 -0.0472414 0.998834 -0.00997005 -4.88553 -0.0627132 0.0069956 0.998007 157.626 
0.997407 0.0467984 0.0546762 66.8569 -0.0465012 0.998896 -0.00669785 -4.90167 -0.0549292 0.0041379 0.998482 158.454 
0.997706 0.047444 0.0482953 66.8838 -0.0472736 0.998871 -0.00466614 -4.91615 -0.0484621 0.00237226 0.998822 159.283 
0.997946 0.0465091 0.0440524 66.9085 -0.0462744 0.998909 -0.00633506 -4.9346 -0.0442989 0.00428347 0.999009 160.108 
0.997897 0.0512255 0.0397095 66.9141 -0.0507975 0.99864 -0.0117149 -4.95381 -0.0402555 0.00967306 0.999143 160.927 
0.997733 0.0570308 0.0357189 66.9204 -0.0563974 0.998237 -0.0184994 -4.97138 -0.0367109 0.0164429 0.999191 161.742 
0.997777 0.0581691 0.0325165 66.93 -0.0575119 0.998128 -0.0207992 -4.99137 -0.0336654 0.0188828 0.999255 162.563 
0.997768 0.0599623 0.0293894 66.9396 -0.0595479 0.998116 -0.014782 -5.01107 -0.0302203 0.0129988 0.999459 163.397 
0.997683 0.062212 0.0275479 66.9417 -0.0621157 0.998059 -0.00434151 -5.02991 -0.0277645 0.00262021 0.999611 164.233 
0.997685 0.0634433 0.0244999 66.9445 -0.0635359 0.997975 0.0030135 -5.04583 -0.0242591 -0.00456323 0.999695 165.066 
0.998025 0.0598587 0.01903 66.9531 -0.0598669 0.998206 -0.000144542 -5.06075 -0.0190044 -0.000995092 0.999819 165.884 
0.998802 0.0471464 0.0131279 66.9663 -0.0470187 0.998845 -0.00988452 -5.0732 -0.0135787 0.00925534 0.999865 166.699 
0.998982 0.0447505 0.00570566 66.9651 -0.044664 0.998897 -0.0145053 -5.08294 -0.0063484 0.0142356 0.999878 167.522 
0.998822 0.0485203 -0.00106399 66.9439 -0.0485302 0.998735 -0.0131356 -5.09905 0.00042539 0.0131717 0.999913 168.354 
0.998877 0.0466158 -0.00850824 66.9213 -0.0466757 0.998886 -0.00696467 -5.11844 0.00817418 0.00735389 0.999939 169.189 
0.999021 0.0411664 -0.0161766 66.9043 -0.0412235 0.999145 -0.00320887 -5.13346 0.0160308 0.0038725 0.999864 170.025 
0.999232 0.0324125 -0.0220343 66.8825 -0.0324018 0.999474 0.000844219 -5.13816 0.0220502 -0.000129703 0.999757 170.869 
0.999203 0.0281991 -0.0282321 66.8457 -0.0281869 0.999602 0.000833006 -5.15161 0.0282444 -3.66502e-05 0.999601 171.711 
0.9991 0.0246896 -0.0344951 66.8015 -0.0249122 0.999671 -0.00603735 -5.16569 0.0343348 0.00689118 0.999387 172.547 
0.998997 0.0153851 -0.0420573 66.7616 -0.0160772 0.99974 -0.0161666 -5.17916 0.0417977 0.0168265 0.998984 173.378 
0.998812 0.00514102 -0.048461 66.7245 -0.00613494 0.999773 -0.0203817 -5.19188 0.0483453 0.0206547 0.998617 174.213 
0.998445 0.00892548 -0.0550334 66.6624 -0.00965835 0.999868 -0.0130638 -5.20774 0.0549096 0.0135749 0.998399 175.056 
0.997994 0.0194067 -0.0602662 66.5841 -0.0194458 0.999811 -6.01035e-05 -5.22305 0.0602537 0.00123182 0.998182 175.904 
0.997586 0.024631 -0.0649236 66.5073 -0.0241713 0.999677 0.00785838 -5.24028 0.0650963 -0.00627021 0.997859 176.751 
0.997358 0.0240071 -0.0685589 66.4317 -0.0237349 0.999707 0.00478449 -5.24853 0.0686538 -0.0031447 0.997636 177.593 
0.997181 0.0253074 -0.0706335 66.3564 -0.0257946 0.999649 -0.00599308 -5.25874 0.0704571 0.00779806 0.997484 178.422 
0.99666 0.0355775 -0.0735085 66.2649 -0.0367979 0.999205 -0.0153129 -5.27136 0.0729053 0.0179666 0.997177 179.253 
0.996538 0.03399 -0.0758783 66.1874 -0.0355243 0.999189 -0.0189622 -5.28893 0.0751723 0.021592 0.996937 180.095 
0.996502 0.0288093 -0.0784462 66.1239 -0.029987 0.999454 -0.0138761 -5.31053 0.0780037 0.0161799 0.996822 180.952 
0.996512 0.0291149 -0.078199 66.0467 -0.0296092 0.999548 -0.00516768 -5.32736 0.0780133 0.00746498 0.996924 181.813 
0.99647 0.0308205 -0.0780894 65.9635 -0.0308894 0.999523 0.00032647 -5.34291 0.0780623 0.00208673 0.996946 182.678 
0.996341 0.0306596 -0.0797821 65.8811 -0.0307977 0.999525 -0.000500076 -5.3568 0.079729 0.00295527 0.996812 183.53 
0.996249 0.0268504 -0.0822608 65.8039 -0.0277447 0.999567 -0.00974762 -5.37327 0.0819635 0.0119933 0.996563 184.379 
0.996275 0.0158717 -0.0847639 65.7358 -0.0177214 0.99962 -0.0211128 -5.39191 0.0843967 0.0225362 0.996177 185.226 
0.996205 0.0053355 -0.0868782 65.6672 -0.00753766 0.999658 -0.0250385 -5.41421 0.0867149 0.0255982 0.995904 186.08 
0.996088 0.00780641 -0.0880236 65.5793 -0.00966629 0.999738 -0.0207219 -5.43614 0.0878389 0.0214917 0.995903 186.936 
0.995906 0.0137359 -0.089344 65.4836 -0.0147047 0.99984 -0.0101932 -5.46163 0.0891898 0.0114651 0.995949 187.794 
0.995724 0.0147125 -0.0911934 65.3952 -0.0153789 0.99986 -0.00660802 -5.48648 0.0910835 0.00798214 0.995811 188.643 
0.99566 0.0134017 -0.0920962 65.3084 -0.014413 0.999843 -0.0103237 -5.50723 0.0919435 0.0116062 0.995697 189.485 
0.995679 0.0135049 -0.0918689 65.2187 -0.0150897 0.999749 -0.0165771 -5.52339 0.091622 0.0178916 0.995633 190.319 
0.995534 0.0201077 -0.0922351 65.1203 -0.0217672 0.999618 -0.0170198 -5.54439 0.0918577 0.0189514 0.995592 191.153 
0.995433 0.0228195 -0.0926937 65.0262 -0.0242196 0.999608 -0.014006 -5.56804 0.0923379 0.016187 0.995596 191.988 
0.995277 0.0265138 -0.0933859 64.9313 -0.0276639 0.999556 -0.0110409 -5.59072 0.0930518 0.0135721 0.995569 192.822 
0.995166 0.0302681 -0.0934236 64.8367 -0.0311707 0.99948 -0.00821654 -5.60978 0.0931264 0.0110888 0.995592 193.653 
0.995012 0.0327442 -0.0942258 64.7435 -0.033692 0.999396 -0.00848462 -5.63103 0.0938911 0.0116169 0.995515 194.475 
