1 -4.23778e-08 4.22719e-08 0 -4.23778e-08 1 -4.19404e-08 0 4.22719e-08 -4.19404e-08 1 0 
0.999036 -0.000317165 0.0438906 0.0305358 0.00042245 0.999997 -0.00239153 -0.0210165 -0.0438897 0.00240768 0.999033 1.01845 
0.996046 -0.00489346 0.0887028 0.13409 0.00555172 0.999959 -0.00717681 -0.0491008 -0.0886639 0.0076408 0.996032 2.09076 
0.990952 -0.00485052 0.13413 0.239216 0.00642956 0.999915 -0.0113424 -0.0639052 -0.134063 0.0121021 0.990899 3.15451 
0.9837 -0.00258082 0.179797 0.41202 0.00510313 0.999895 -0.013568 -0.0930246 -0.179743 0.0142643 0.98361 4.16512 
0.974314 -0.00515929 0.225134 0.707158 0.00841368 0.999873 -0.0134988 -0.128894 -0.225036 0.0150462 0.974234 5.28379 
0.962822 -0.00603177 0.27007 0.9954 0.0103311 0.999841 -0.0145012 -0.16656 -0.26994 0.0167521 0.962731 6.29562 
0.949543 -0.00913396 0.313505 1.33272 0.0152822 0.999736 -0.0171596 -0.194111 -0.313265 0.0210847 0.949432 7.30816 
0.934546 -0.0112111 0.355665 1.71883 0.0191235 0.999641 -0.0187389 -0.225273 -0.355327 0.0243139 0.934426 8.29475 
0.917306 -0.011179 0.398025 2.13092 0.0205205 0.999605 -0.0192177 -0.261452 -0.397653 0.0257961 0.917173 9.24641 
0.897648 -0.0114586 0.440564 2.56696 0.0214286 0.999614 -0.0176619 -0.295377 -0.440192 0.0252948 0.897547 10.1667 
0.875877 -0.0113042 0.482403 3.04032 0.0220998 0.999616 -0.0167016 -0.328428 -0.482029 0.0252895 0.87579 11.0451 
0.851998 -0.0115091 0.523419 3.55893 0.022977 0.999617 -0.0154211 -0.360821 -0.523041 0.0251653 0.851936 11.9057 
0.826289 -0.0114944 0.563129 4.13737 0.024334 0.999587 -0.0153026 -0.393863 -0.56272 0.0263475 0.826227 12.7928 
0.798909 -0.0132921 0.601305 4.73318 0.0276338 0.999511 -0.0146205 -0.427715 -0.600817 0.0282968 0.798885 13.6059 
0.770138 -0.0122256 0.63776 5.37116 0.028324 0.999486 -0.0150436 -0.460426 -0.637248 0.0296495 0.770088 14.399 
0.739416 -0.0154799 0.673071 6.05107 0.0332103 0.999357 -0.0134998 -0.486489 -0.67243 0.0323348 0.739454 15.1606 
0.706938 -0.013948 0.707138 6.75086 0.0326804 0.999382 -0.0129588 -0.510951 -0.70652 0.0322706 0.706957 15.8946 
0.672786 -0.0127423 0.739728 7.49774 0.0339649 0.999329 -0.0136772 -0.539987 -0.739057 0.0343266 0.672767 16.5898 
0.63722 -0.0139709 0.770555 8.26265 0.0383491 0.999172 -0.0135975 -0.568313 -0.769727 0.0382146 0.637228 17.2257 
0.600668 -0.0121416 0.799406 9.11729 0.0386796 0.999155 -0.0138883 -0.583874 -0.798562 0.039263 0.600631 17.8811 
0.562933 -0.0110867 0.826428 9.98358 0.041525 0.999027 -0.0148833 -0.612548 -0.825459 0.0426957 0.562846 18.4856 
0.523713 -0.00958307 0.851841 10.8244 0.046224 0.998783 -0.0171826 -0.640929 -0.85064 0.0483742 0.523519 19.0171 
0.485215 -0.00892117 0.874349 11.6857 0.0481422 0.998704 -0.0165263 -0.667122 -0.873069 0.0501119 0.485015 19.4932 
0.447367 -0.0109209 0.894284 12.5644 0.053707 0.998449 -0.0146742 -0.692964 -0.892736 0.054594 0.44726 19.9242 
0.410369 -0.0116758 0.911845 13.4652 0.0577045 0.998247 -0.0131874 -0.719459 -0.910092 0.0580293 0.410323 20.3249 
0.375333 -0.00937316 0.926843 14.4229 0.0596093 0.998123 -0.0140454 -0.735261 -0.924971 0.0605201 0.375187 20.7189 
0.342349 -0.0101844 0.939517 15.4298 0.0605171 0.998104 -0.0112324 -0.748898 -0.937622 0.0607023 0.342316 21.0746 
0.309494 -0.0117378 0.950829 16.4773 0.0630857 0.997974 -0.0082146 -0.757876 -0.948806 0.062526 0.309608 21.3922 
0.276522 -0.0114843 0.960939 17.5482 0.0638524 0.997938 -0.00644789 -0.761144 -0.958884 0.0631413 0.276685 21.7347 
0.244225 -0.00847488 0.969681 18.5514 0.0613333 0.998095 -0.00672436 -0.772242 -0.967777 0.061116 0.24428 22.005 
0.213185 -0.00703775 0.976987 19.6008 0.0619556 0.998059 -0.00632963 -0.780897 -0.975045 0.0618791 0.213207 22.2565 
0.18304 -0.00705078 0.98308 20.6709 0.0641092 0.997931 -0.00477932 -0.796074 -0.981013 0.0638993 0.183113 22.4489 
0.153163 -0.00721021 0.988175 21.8216 0.0659358 0.997819 -0.00293928 -0.797246 -0.985999 0.0656063 0.153304 22.5942 
0.123037 -0.00788974 0.992371 22.9004 0.0647249 0.997903 -9.1175e-05 -0.808292 -0.990289 0.0642423 0.12329 22.7288 
0.0937028 -0.00809105 0.995567 24.0588 0.065004 0.997883 0.0019916 -0.804503 -0.993476 0.0645293 0.0940304 22.8586 
0.0668285 -0.00790586 0.997733 25.2912 0.0678364 0.997691 0.00336173 -0.815856 -0.995456 0.067458 0.0672105 22.9328 
0.0413931 -0.00747316 0.999115 26.4693 0.0723704 0.997368 0.00446172 -0.808888 -0.996518 0.0721216 0.041825 23.014 
0.0187413 -0.00708981 0.999799 27.6786 0.0768245 0.997029 0.00563 -0.80872 -0.996868 0.0767036 0.0192303 23.0482 
-0.00152094 -0.00708105 0.999974 28.9581 0.0825826 0.996558 0.00718239 -0.795174 -0.996583 0.0825914 -0.000930937 23.0476 
-0.0191827 -0.00793055 0.999784 30.2717 0.0867608 0.996183 0.00956657 -0.797468 -0.996044 0.0869256 -0.0184214 23.03 
-0.034855 -0.00778753 0.999362 31.5807 0.0899176 0.99589 0.0108965 -0.786374 -0.995339 0.09024 -0.0340115 23.0028 
-0.0496082 -0.00844692 0.998733 32.8558 0.0923807 0.995639 0.0130093 -0.778811 -0.994487 0.0929091 -0.0486115 22.9813 
-0.0630789 -0.00955166 0.997963 34.1589 0.0922897 0.995614 0.0153625 -0.773819 -0.993732 0.0930707 -0.0619207 22.9207 
-0.0753439 -0.00952745 0.997112 35.4657 0.0919008 0.995632 0.0164574 -0.768682 -0.992914 0.0928753 -0.0741392 22.8443 
-0.0866578 -0.00665048 0.996216 36.7484 0.0921281 0.995639 0.0146605 -0.753556 -0.991969 0.09305 -0.0856672 22.7531 
-0.0973547 -0.00330173 0.995244 38.0357 0.0924226 0.995643 0.0123437 -0.745787 -0.990949 0.0931848 -0.0966254 22.672 
-0.106488 -0.000797413 0.994314 39.3826 0.093672 0.995544 0.0108303 -0.727674 -0.989892 0.0942926 -0.105938 22.5189 
-0.114634 0.000450047 0.993408 40.7297 0.0932193 0.995592 0.0103059 -0.706696 -0.989024 0.0937862 -0.11417 22.4104 
-0.120585 0.00114036 0.992702 42.1259 0.0929261 0.995621 0.0101441 -0.700859 -0.988344 0.0934712 -0.120163 22.2541 
-0.125652 0.00244759 0.992071 43.5233 0.0941661 0.995511 0.00947053 -0.698712 -0.987595 0.0946095 -0.125318 22.0765 
-0.130602 0.0041829 0.991426 44.9233 0.0930173 0.995632 0.00805261 -0.68713 -0.987062 0.0932715 -0.130421 21.9088 
-0.134732 0.00494685 0.99087 46.3697 0.0936531 0.995575 0.0077639 -0.681102 -0.986446 0.0938441 -0.134599 21.7346 
-0.138723 0.00408613 0.990323 47.8594 0.0937231 0.995557 0.00902082 -0.660319 -0.985886 0.0940675 -0.13849 21.6101 
-0.141151 0.00208219 0.989986 49.3356 0.09451 0.995459 0.0113813 -0.650917 -0.985466 0.09517 -0.140707 21.4156 
-0.143715 0.000884906 0.989619 50.8022 0.0942002 0.995471 0.0127898 -0.639703 -0.985125 0.0950604 -0.143148 21.2317 
-0.145447 0.0016077 0.989365 52.3103 0.0964786 0.995256 0.012566 -0.622318 -0.984651 0.0972802 -0.144912 20.9849 
-0.146525 0.00126118 0.989206 53.8102 0.0964655 0.995251 0.0130199 -0.613815 -0.984492 0.097332 -0.145951 20.7711 
-0.147322 0.0025195 0.989085 55.3393 0.098057 0.995108 0.0120704 -0.601005 -0.984216 0.098765 -0.146848 20.5552 
-0.147283 0.00275907 0.98909 56.8427 0.0985417 0.995062 0.0118978 -0.578737 -0.984173 0.099219 -0.146828 20.3474 
-0.146742 0.00431696 0.989165 58.395 0.0983148 0.995103 0.010242 -0.567284 -0.984277 0.0987526 -0.146448 20.1311 
-0.145826 0.00393979 0.989302 59.9673 0.0989964 0.995031 0.0106297 -0.562462 -0.984345 0.0994875 -0.145492 19.9229 
-0.144428 0.00292759 0.989511 61.5362 0.0983661 0.995085 0.0114132 -0.553897 -0.984614 0.0989827 -0.144006 19.7144 
-0.143368 0.00374259 0.989662 63.1232 0.0993916 0.994991 0.0106357 -0.539035 -0.984666 0.099889 -0.143022 19.4925 
-0.142366 0.00442463 0.989804 64.7368 0.0994457 0.994994 0.00985565 -0.526314 -0.984806 0.0998349 -0.142094 19.2793 
-0.141405 0.00498267 0.989939 66.3581 0.100504 0.994893 0.00934856 -0.514915 -0.984837 0.100815 -0.141184 19.066 
-0.140568 0.00496296 0.990059 68.0243 0.100193 0.994925 0.00923795 -0.503045 -0.984988 0.100496 -0.140351 18.8531 
-0.139597 0.0033946 0.990203 69.68 0.102206 0.994702 0.0109987 -0.48975 -0.98492 0.10274 -0.139204 18.6249 
-0.139044 0.00142121 0.990285 71.3769 0.103912 0.994499 0.0131627 -0.4789 -0.984819 0.104732 -0.138427 18.4056 
-0.137961 0.00268161 0.990434 73.0982 0.105487 0.994348 0.0120014 -0.464114 -0.984804 0.106134 -0.137464 18.1669 
-0.137174 0.00440644 0.990537 74.795 0.107803 0.994117 0.0105066 -0.459284 -0.984663 0.108224 -0.136842 17.9416 
-0.136365 0.0040701 0.99065 76.511 0.107212 0.994179 0.0106732 -0.449636 -0.98484 0.107665 -0.136008 17.721 
-0.13644 0.00392516 0.99064 78.2412 0.107589 0.994136 0.010879 -0.448463 -0.984789 0.108066 -0.136062 17.5136 
-0.136045 0.00285478 0.990699 79.9968 0.107518 0.994132 0.0118998 -0.439456 -0.984851 0.108137 -0.135553 17.2882 
-0.13582 0.0030264 0.990729 81.77 0.109015 0.993969 0.0119087 -0.432362 -0.984717 0.109622 -0.135331 17.0604 
-0.135785 0.00284583 0.990734 83.5653 0.110398 0.993812 0.0122758 -0.424763 -0.984568 0.111042 -0.135258 16.8329 
-0.135706 0.00368328 0.990742 85.3855 0.110762 0.993781 0.0114769 -0.420498 -0.984538 0.111294 -0.13527 16.5935 
-0.13632 0.00437211 0.990655 87.17 0.110156 0.993856 0.0107718 -0.41588 -0.984521 0.110595 -0.135964 16.3744 
-0.13721 0.00509959 0.990529 88.9936 0.109964 0.993884 0.0101155 -0.406698 -0.984419 0.110311 -0.136932 16.144 
-0.138261 0.00579116 0.990379 90.8458 0.109906 0.993896 0.00953159 -0.402013 -0.984279 0.110167 -0.138053 15.901 
-0.138951 0.00508816 0.990286 92.6702 0.109224 0.993965 0.0102185 -0.396654 -0.984257 0.109583 -0.138668 15.658 
-0.140107 0.00463118 0.990125 94.4969 0.109153 0.993966 0.0107965 -0.393777 -0.984101 0.109588 -0.139767 15.4266 
-0.140276 0.00357637 0.990106 96.3193 0.106738 0.99422 0.0115311 -0.388477 -0.984342 0.1073 -0.139847 15.1845 
-0.141298 0.00493205 0.989955 98.1887 0.107383 0.994163 0.0103739 -0.370226 -0.984126 0.10777 -0.141003 14.9211 
-0.143499 0.00571284 0.989634 100.084 0.106365 0.99428 0.00968338 -0.359524 -0.983918 0.106652 -0.143286 14.6589 
-0.14749 0.00648778 0.989042 101.952 0.106758 0.994241 0.0093982 -0.358592 -0.983285 0.106974 -0.147333 14.4027 
-0.151804 0.00542109 0.988396 103.839 0.104998 0.994415 0.010672 -0.357662 -0.982818 0.1054 -0.151525 14.1359 
-0.156602 0.00463338 0.987651 105.74 0.10352 0.994558 0.0117483 -0.353723 -0.982222 0.104082 -0.156229 13.8591 
-0.161085 0.00542897 0.986926 107.634 0.102141 0.994707 0.0111994 -0.348233 -0.981641 0.102609 -0.160787 13.5782 
-0.165527 0.00721243 0.986179 109.538 0.102911 0.99464 0.00999882 -0.345939 -0.980821 0.103143 -0.165382 13.2851 
-0.169938 0.00883776 0.985415 111.489 0.102348 0.99471 0.00872915 -0.345935 -0.980125 0.102339 -0.169944 12.9687 
-0.174945 0.00925675 0.984535 113.403 0.101198 0.994829 0.0086285 -0.345577 -0.979364 0.101142 -0.174977 12.6597 
-0.179512 0.00880984 0.983716 115.33 0.0996947 0.994975 0.00928186 -0.350013 -0.978691 0.0997375 -0.179488 12.3317 
-0.184706 0.00813262 0.98276 117.295 0.0978225 0.995152 0.0101502 -0.344133 -0.977913 0.0980109 -0.184606 11.9854 
-0.190142 0.00770127 0.981726 119.264 0.0974243 0.995181 0.0110623 -0.338474 -0.976911 0.0977474 -0.189976 11.6314 
-0.195366 0.0074117 0.980702 121.232 0.0974514 0.995169 0.0118922 -0.333799 -0.975877 0.0978942 -0.195144 11.2644 
-0.200706 0.0091833 0.979608 123.217 0.0980595 0.995122 0.010762 -0.32419 -0.974731 0.0982199 -0.200628 10.8826 
-0.205996 0.0101514 0.9785 125.197 0.0976195 0.995171 0.0102267 -0.319003 -0.973671 0.0976273 -0.205993 10.4939 
-0.211845 0.010243 0.97725 127.185 0.0978913 0.995139 0.0107899 -0.311976 -0.972388 0.09795 -0.211817 10.0923 
-0.217336 0.0101828 0.976044 129.174 0.0969719 0.995224 0.0112098 -0.308309 -0.971268 0.0970851 -0.217285 9.68967 
-0.222377 0.0108589 0.9749 131.178 0.0964206 0.995281 0.0109078 -0.301709 -0.970181 0.0964261 -0.222375 9.26064 
-0.227508 0.0114091 0.973709 133.22 0.0959772 0.995325 0.0107628 -0.296412 -0.969035 0.0959025 -0.22754 8.82395 
-0.231694 0.0106653 0.97273 135.239 0.0971302 0.995197 0.0122237 -0.289203 -0.967927 0.0973137 -0.231617 8.36674 
-0.235387 0.0105925 0.971844 137.293 0.0992442 0.994976 0.0131929 -0.278706 -0.966821 0.0995553 -0.235255 7.90096 
-0.238703 0.0113446 0.971026 139.314 0.100175 0.994885 0.0130021 -0.265817 -0.965912 0.100376 -0.238619 7.42509 
-0.241712 0.0120325 0.970273 141.363 0.100981 0.994806 0.0128194 -0.257692 -0.965079 0.101078 -0.241671 6.93537 
-0.244851 0.0117217 0.96949 143.396 0.100273 0.994871 0.0132959 -0.254393 -0.964362 0.100469 -0.244771 6.44454 
-0.248876 0.0122151 0.968458 145.458 0.0991688 0.994986 0.0129348 -0.254294 -0.963445 0.09926 -0.248839 5.94398 
-0.253494 0.0133488 0.967245 147.51 0.0977259 0.995142 0.0118779 -0.236804 -0.962388 0.0975359 -0.253567 5.44788 
-0.258076 0.0125864 0.966043 149.498 0.0965213 0.995248 0.0128185 -0.245049 -0.961291 0.0965518 -0.258065 4.9648 
-0.262545 0.0133561 0.964827 151.57 0.0973086 0.995173 0.012703 -0.231106 -0.96 0.0972211 -0.262578 4.44318 
-0.266989 0.0139655 0.963598 153.597 0.0970025 0.995206 0.0124533 -0.227532 -0.958805 0.0967964 -0.267064 3.912 
-0.271206 0.0141994 0.962416 155.652 0.096776 0.995226 0.0125876 -0.223039 -0.957644 0.0965527 -0.271286 3.35717 
-0.275278 0.0134367 0.961271 157.709 0.0965773 0.99523 0.0137453 -0.219369 -0.956501 0.0966207 -0.275263 2.79891 
-0.27941 0.0133756 0.960079 159.761 0.0971276 0.995168 0.0144023 -0.220136 -0.955247 0.0972743 -0.279359 2.24198 
-0.283444 0.0141146 0.958885 161.794 0.0985594 0.995026 0.0144872 -0.21669 -0.953911 0.0986134 -0.283425 1.69151 
-0.287039 0.0156342 0.957791 163.857 0.0987531 0.995022 0.0133532 -0.198664 -0.952815 0.0984177 -0.287154 1.10747 
-0.290579 0.0172643 0.956695 165.914 0.0988244 0.995032 0.0120599 -0.193813 -0.951734 0.0980492 -0.290842 0.519347 
-0.293905 0.0183749 0.955658 167.997 0.0994394 0.994978 0.0114509 -0.189225 -0.950648 0.0983955 -0.294256 -0.0859987 
-0.297377 0.0190363 0.95457 170.062 0.099028 0.995024 0.0110071 -0.191607 -0.94961 0.0978024 -0.297783 -0.680578 
-0.300477 0.0191553 0.953597 172.168 0.0995034 0.994972 0.0113668 -0.182993 -0.948585 0.0983016 -0.300872 -1.32564 
-0.30412 0.0195317 0.952433 174.211 0.0993837 0.994985 0.0113297 -0.175117 -0.947435 0.098102 -0.304536 -1.95695 
-0.30773 0.0203082 0.951257 176.294 0.101761 0.99474 0.0116829 -0.175319 -0.946016 0.100396 -0.308178 -2.60252 
-0.310872 0.0205096 0.95023 178.426 0.103365 0.994567 0.0123497 -0.167022 -0.944814 0.10206 -0.311303 -3.27317 
-0.313317 0.0200903 0.949436 180.54 0.104426 0.994442 0.013418 -0.160495 -0.94389 0.10335 -0.313673 -3.94608 
-0.315922 0.0196442 0.948582 182.659 0.104098 0.994467 0.0140748 -0.14904 -0.943057 0.103192 -0.316219 -4.63481 
-0.318694 0.0201092 0.947644 184.765 0.102891 0.994601 0.0134968 -0.143263 -0.942257 0.101806 -0.319042 -5.3085 
-0.321398 0.0220328 0.946688 186.89 0.102025 0.994715 0.0114866 -0.138873 -0.941432 0.100278 -0.321948 -5.99899 
-0.324256 0.0240979 0.945662 189.026 0.101829 0.994756 0.00956712 -0.134786 -0.940473 0.0993985 -0.32501 -6.70472 
-0.327235 0.024824 0.944617 191.133 0.100959 0.994851 0.00883019 -0.142431 -0.939534 0.0982571 -0.328057 -7.3972 
-0.330425 0.025532 0.943487 193.238 0.0993285 0.995024 0.00785975 -0.155577 -0.938591 0.0963122 -0.331317 -8.09926 
-0.333992 0.025712 0.942225 195.345 0.10036 0.994915 0.00842484 -0.164273 -0.937218 0.0973756 -0.334874 -8.8057 
-0.337861 0.025097 0.940861 197.404 0.0996244 0.994982 0.0092342 -0.160723 -0.935908 0.0968526 -0.338666 -9.50034 
-0.341442 0.0242167 0.939591 199.56 0.0989605 0.995038 0.0103158 -0.168271 -0.934678 0.0965046 -0.342145 -10.2458 
-0.345088 0.0239345 0.938265 201.602 0.0990045 0.995026 0.0110307 -0.171295 -0.933334 0.0966991 -0.345741 -10.9834 
-0.348718 0.0240067 0.93692 203.746 0.0979217 0.995134 0.0109477 -0.174413 -0.932098 0.0955625 -0.349372 -11.7442 
-0.352053 0.0245129 0.935659 205.91 0.0970636 0.995223 0.0104479 -0.176785 -0.930933 0.0944966 -0.352751 -12.5278 
-0.355555 0.0250471 0.93432 208.061 0.0970515 0.995226 0.0102529 -0.1893 -0.929603 0.0943226 -0.356289 -13.2771 
-0.358341 0.0257243 0.933236 210.164 0.0977457 0.99516 0.0101008 -0.202328 -0.92846 0.0948394 -0.359121 -14.0559 
-0.360814 0.0253781 0.932292 212.249 0.0991898 0.995004 0.0113031 -0.219383 -0.927348 0.0965522 -0.361529 -14.8237 
-0.363441 0.0246103 0.931292 214.433 0.100019 0.994904 0.0127417 -0.216966 -0.926232 0.097778 -0.36405 -15.6501 
-0.366026 0.0255068 0.930255 216.62 0.101481 0.994757 0.012654 -0.212062 -0.925055 0.0990346 -0.366696 -16.4882 
-0.368644 0.026179 0.929202 218.738 0.101172 0.994795 0.012111 -0.220761 -0.924048 0.0984737 -0.369374 -17.2916 
-0.371098 0.0263189 0.92822 220.94 0.100523 0.994863 0.0119801 -0.216726 -0.923136 0.0977534 -0.371838 -18.1459 
-0.373578 0.0277753 0.927183 223.156 0.100272 0.994904 0.0105973 -0.215648 -0.922163 0.0969294 -0.374459 -19.0111 
-0.376348 0.0288158 0.92603 225.239 0.10042 0.994896 0.00985275 -0.239559 -0.92102 0.0966997 -0.377321 -19.8165 
-0.37866 0.0290428 0.92508 227.35 0.0984273 0.995103 0.00904771 -0.235548 -0.920287 0.0944792 -0.379665 -20.6495 
-0.382022 0.0297637 0.923674 229.438 0.0990314 0.995044 0.0088949 -0.266289 -0.918832 0.0948708 -0.383077 -21.4601 
-0.384395 0.0295148 0.922697 231.575 0.100866 0.994848 0.0101978 -0.268404 -0.917642 0.0969886 -0.385392 -22.3184 
-0.387312 0.0286188 0.921504 233.629 0.101177 0.9948 0.0116297 -0.271149 -0.91638 0.0977389 -0.388194 -23.1409 
-0.39024 0.0282848 0.920279 235.581 0.100181 0.994898 0.0119029 -0.281734 -0.915247 0.0968394 -0.391082 -23.9443 
-0.392889 0.0285762 0.919142 237.676 0.0988177 0.995041 0.0113038 -0.282818 -0.914261 0.0952687 -0.393764 -24.805 
-0.396297 0.0282782 0.917687 239.804 0.0974273 0.995177 0.0114072 -0.277676 -0.912938 0.0939284 -0.397141 -25.6924 
-0.399474 0.0277001 0.916326 241.956 0.0969038 0.995219 0.0121603 -0.274457 -0.911608 0.0936532 -0.400249 -26.6019 
-0.402583 0.0280367 0.914954 244.143 0.0964891 0.995262 0.0119579 -0.275941 -0.910284 0.0930971 -0.403381 -27.5302 
-0.406058 0.027809 0.913424 246.31 0.0961057 0.995294 0.0124217 -0.276582 -0.90878 0.0928292 -0.40682 -28.4673 
-0.409546 0.0272518 0.911882 248.44 0.0952569 0.995367 0.0130351 -0.280585 -0.907303 0.0922016 -0.410244 -29.3934 
-0.413431 0.0273439 0.910125 250.595 0.0944157 0.995448 0.0129815 -0.279394 -0.905627 0.0912971 -0.41413 -30.3307 
-0.416893 0.0283595 0.908513 252.77 0.0949711 0.995401 0.0125079 -0.268018 -0.903981 0.0914969 -0.417669 -31.2937 
-0.420259 0.0290781 0.906938 254.946 0.0954934 0.995354 0.0123371 -0.268018 -0.902365 0.0917914 -0.421083 -32.2552 
-0.423836 0.0291291 0.90527 257.081 0.0951879 0.99538 0.0125372 -0.261534 -0.900723 0.0914845 -0.424651 -33.2091 
-0.42747 0.0296932 0.903542 259.212 0.0937647 0.995526 0.0116443 -0.259321 -0.899154 0.0896979 -0.428341 -34.1772 
-0.431125 0.0298959 0.901797 261.385 0.0941483 0.995486 0.0120079 -0.259887 -0.897367 0.0900795 -0.431994 -35.1764 
-0.434164 0.0306252 0.900313 263.539 0.0948251 0.995423 0.0118677 -0.250562 -0.895829 0.0905248 -0.435081 -36.1916 
-0.438369 0.0320145 0.898225 265.671 0.0961132 0.995305 0.0114322 -0.240057 -0.893642 0.0913428 -0.439387 -37.1176 
-0.441606 0.0342295 0.896556 267.804 0.0985206 0.995079 0.010536 -0.240752 -0.891784 0.092982 -0.442805 -38.1364 
-0.444104 0.0351033 0.895287 269.934 0.0999025 0.994941 0.0105456 -0.239343 -0.890388 0.0941248 -0.445365 -39.1511 
-0.446661 0.0374349 0.893919 272.078 0.101611 0.994782 0.00911262 -0.232315 -0.888914 0.094902 -0.448135 -40.1853 
-0.449493 0.0400502 0.892386 274.146 0.103408 0.994611 0.00744813 -0.22571 -0.887278 0.0956275 -0.451212 -41.1453 
-0.45241 0.0407297 0.890879 276.256 0.10488 0.994454 0.00779562 -0.249195 -0.885621 0.0969625 -0.454173 -42.1468 
-0.455404 0.0415649 0.889314 278.441 0.10487 0.99446 0.00722287 -0.248654 -0.884087 0.0965514 -0.45724 -43.2335 
-0.458992 0.0415849 0.887466 280.675 0.103981 0.994553 0.00717571 -0.251255 -0.882334 0.0955736 -0.460817 -44.3373 
-0.462377 0.0430081 0.88564 282.838 0.104865 0.994465 0.00645551 -0.257013 -0.88046 0.0958579 -0.464328 -45.4282 
-0.465507 0.0435766 0.883971 284.996 0.104334 0.994525 0.00591657 -0.257389 -0.878873 0.0949822 -0.467505 -46.5333 
-0.46807 0.0433784 0.882626 287.152 0.102703 0.994696 0.00557826 -0.265263 -0.877703 0.093259 -0.470042 -47.6358 
-0.47055 0.0438309 0.881284 289.325 0.104468 0.994508 0.00631694 -0.277582 -0.876167 0.0950383 -0.472545 -48.7426 
-0.473298 0.043944 0.879805 291.466 0.106227 0.994314 0.00748219 -0.295456 -0.874474 0.0970005 -0.475275 -49.7989 
-0.47553 0.0443295 0.878582 293.589 0.107559 0.994166 0.0080546 -0.303715 -0.873099 0.0983299 -0.477523 -50.8969 
-0.478001 0.0439769 0.877258 295.745 0.107731 0.99414 0.00886421 -0.323701 -0.871728 0.0987448 -0.479938 -51.9674 
-0.480646 0.0436734 0.875826 297.993 0.108489 0.994048 0.00996934 -0.345873 -0.870178 0.0998095 -0.482523 -53.1041 
-0.48324 0.0441516 0.874374 300.157 0.110417 0.993826 0.0108406 -0.349316 -0.868497 0.101784 -0.485132 -54.2465 
-0.485267 0.0442781 0.873244 302.352 0.110901 0.993768 0.0112391 -0.333903 -0.867305 0.102298 -0.487153 -55.4223 
-0.487026 0.0453499 0.872209 304.632 0.110498 0.993826 0.0100269 -0.324021 -0.866369 0.101261 -0.48903 -56.6395 
-0.48936 0.0479952 0.87076 306.866 0.11046 0.993854 0.00729749 -0.316029 -0.865058 0.0997551 -0.491654 -57.8641 
-0.492778 0.0475118 0.868857 309.025 0.109092 0.994003 0.00751694 -0.321086 -0.863289 0.0984893 -0.495006 -59.0307 
-0.497165 0.0454871 0.866463 311.238 0.10657 0.994265 0.00895171 -0.319449 -0.861087 0.0967891 -0.499161 -60.2474 
-0.501889 0.0431885 0.863853 313.527 0.104534 0.99446 0.0110149 -0.316133 -0.858592 0.0958303 -0.503624 -61.5319 
-0.506314 0.0422323 0.861314 315.803 0.103749 0.994528 0.0122235 -0.3048 -0.856085 0.0955493 -0.507926 -62.8282 
-0.510804 0.0421093 0.858665 318.086 0.10365 0.99453 0.0128875 -0.295073 -0.853426 0.0955841 -0.512375 -64.1256 
-0.514743 0.0433164 0.85625 320.387 0.105815 0.994297 0.0133118 -0.28491 -0.85079 0.0974563 -0.516391 -65.4821 
-0.518403 0.0439545 0.854006 322.548 0.106801 0.994186 0.0136615 -0.283926 -0.848441 0.098291 -0.520084 -66.7846 
-0.522003 0.0440404 0.851806 324.807 0.107743 0.994071 0.0146309 -0.267612 -0.846111 0.0994133 -0.523653 -68.1295 
-0.525788 0.0424218 0.849557 327.062 0.107303 0.994085 0.0167711 -0.259371 -0.84382 0.0999785 -0.52723 -69.4829 
-0.529812 0.040815 0.847132 329.324 0.105778 0.994222 0.0182534 -0.245156 -0.841493 0.0992786 -0.531068 -70.8508 
-0.53354 0.0405525 0.844802 331.59 0.104411 0.994367 0.0182091 -0.220548 -0.839305 0.0979215 -0.534769 -72.2315 
-0.537684 0.0404242 0.842176 333.847 0.104555 0.994337 0.0190249 -0.204677 -0.836638 0.0982833 -0.538866 -73.6171 
-0.541551 0.0400324 0.839714 336.081 0.104971 0.994268 0.0202979 -0.185427 -0.834088 0.0991384 -0.54265 -75.0173 
-0.545646 0.0393533 0.837091 338.242 0.105068 0.994227 0.0217469 -0.17124 -0.831403 0.099818 -0.546631 -76.4017 
-0.549453 0.03803 0.834659 340.487 0.103145 0.99441 0.0225909 -0.14694 -0.829134 0.0985031 -0.550304 -77.8236 
-0.552768 0.0370987 0.832509 342.696 0.102193 0.994486 0.0235371 -0.116344 -0.827045 0.0980872 -0.553511 -79.2547 
-0.555261 0.0365057 0.830875 344.899 0.102301 0.994447 0.0246734 -0.0835912 -0.825361 0.0986993 -0.555912 -80.6961 
-0.558001 0.0358025 0.829067 347.085 0.100008 0.994688 0.0243552 -0.0489822 -0.823792 0.0965035 -0.558618 -82.133 
-0.560716 0.0350327 0.827267 349.303 0.09678 0.995029 0.0234597 -0.0190893 -0.822333 0.0932171 -0.561319 -83.5833 
-0.563651 0.0348056 0.825279 351.489 0.0940295 0.995321 0.0222434 0.0146637 -0.820643 0.0901382 -0.564287 -85.0452 
-0.566341 0.0321995 0.823541 353.7 0.0914613 0.99552 0.0239734 0.052891 -0.81908 0.0888993 -0.566749 -86.4996 
-0.569996 0.0317357 0.821035 355.887 0.0922021 0.995413 0.0255344 0.09304 -0.816458 0.0902556 -0.570307 -87.958 
-0.572772 0.0319042 0.819093 358.086 0.0918125 0.995451 0.0254288 0.124854 -0.814556 0.0897679 -0.573096 -89.4532 
-0.575891 0.0308249 0.816945 360.232 0.0896597 0.995642 0.0256365 0.158633 -0.812595 0.0880109 -0.576146 -90.9306 
-0.578809 0.0273751 0.815003 362.434 0.0876605 0.995734 0.0288102 0.197733 -0.810737 0.0881192 -0.57874 -92.4407 
-0.581599 0.0248553 0.813096 364.657 0.084938 0.995925 0.0303109 0.242028 -0.809029 0.0866915 -0.58134 -93.9809 
-0.584679 0.0239637 0.81091 366.842 0.0832987 0.996054 0.0306246 0.294182 -0.806977 0.0854533 -0.584368 -95.5039 
-0.587381 0.0243458 0.808944 368.985 0.083056 0.996083 0.0303297 0.340395 -0.805037 0.0850028 -0.587102 -97.0245 
-0.590017 0.0235381 0.807048 371.187 0.0824781 0.996103 0.0312461 0.38879 -0.803167 0.0849995 -0.589659 -98.5773 
-0.592704 0.0231843 0.805086 373.389 0.0821756 0.99611 0.0318124 0.443797 -0.801217 0.0850138 -0.592304 -100.139 
-0.595275 0.0218029 0.803226 375.585 0.0790818 0.996368 0.0315623 0.493277 -0.799621 0.0823088 -0.594837 -101.709 
-0.597574 0.0182102 0.801607 377.696 0.068853 0.997215 0.0286739 0.529767 -0.798852 0.0723279 -0.597163 -103.276 
-0.600755 0.021479 0.799145 379.879 0.0615456 0.997915 0.0194453 0.568682 -0.797061 0.0608657 -0.600824 -104.867 
-0.603006 0.0315342 0.797113 382.018 0.071828 0.997306 0.014883 0.591625 -0.794497 0.0662296 -0.603646 -106.453 
-0.603776 0.0329134 0.796474 384.165 0.0795917 0.996643 0.0191501 0.626335 -0.793171 0.0749551 -0.604369 -108.044 
-0.605711 0.023412 0.79534 386.333 0.078413 0.996458 0.0303851 0.672371 -0.791812 0.0807696 -0.605401 -109.668 
-0.608636 0.0134024 0.793336 388.592 0.0729111 0.996572 0.0391005 0.764573 -0.790092 0.0816411 -0.607527 -111.316 
-0.611895 0.00789517 0.7909 390.706 0.0670751 0.996866 0.0419426 0.848646 -0.78809 0.0787141 -0.610507 -112.884 
-0.614756 0.00711614 0.788685 392.854 0.0658055 0.996935 0.0422982 0.92354 -0.785967 0.0779029 -0.61334 -114.488 
-0.617236 0.0120558 0.786685 394.945 0.071063 0.99665 0.0404828 0.979204 -0.783562 0.0808917 -0.616025 -116.071 
-0.61937 0.0186048 0.784878 397.057 0.075747 0.996471 0.0361537 1.02188 -0.781436 0.0818447 -0.618594 -117.679 
-0.621869 0.0213969 0.782829 399.202 0.076488 0.996507 0.0335237 1.09428 -0.779377 0.0807244 -0.621333 -119.336 
-0.62494 0.0217736 0.780369 401.302 0.0769231 0.996464 0.033799 1.14116 -0.776874 0.0811508 -0.624405 -120.963 
-0.627766 0.0207933 0.778124 403.416 0.0771723 0.996381 0.0356345 1.19499 -0.774567 0.0824198 -0.627099 -122.61 
-0.62913 0.0203682 0.777033 405.717 0.0781364 0.99625 0.0371492 1.28461 -0.773363 0.0840862 -0.628363 -124.508 
-0.630822 0.0209087 0.775645 407.868 0.0788406 0.99619 0.0372661 1.36458 -0.771911 0.0846607 -0.630068 -126.212 
-0.632272 0.021078 0.77446 410.175 0.0790582 0.996167 0.0374313 1.42441 -0.770702 0.0848942 -0.631515 -128.045 
-0.634058 0.0214709 0.772988 412.308 0.0792189 0.996159 0.0373108 1.50108 -0.769217 0.0848924 -0.633323 -129.737 
-0.635893 0.0207208 0.771499 414.237 0.0804918 0.995968 0.0395942 1.54701 -0.767568 0.087277 -0.634998 -131.262 
-0.636565 0.0198572 0.770967 416.311 0.0826594 0.995667 0.0426048 1.59108 -0.76678 0.0908484 -0.635448 -132.938 
-0.637507 0.0194737 0.770199 418.466 0.0839691 0.995482 0.0443328 1.68996 -0.765855 0.0929354 -0.636261 -134.694 
-0.638329 0.0188466 0.769533 420.631 0.0853327 0.995271 0.0464085 1.78134 -0.765019 0.0952902 -0.636919 -136.486 
-0.639592 0.0188274 0.768483 422.415 0.0813562 0.995743 0.0433159 1.80887 -0.764397 0.0902254 -0.638402 -137.938 
-0.640707 0.0178785 0.767577 424.327 0.0780009 0.996072 0.0419078 1.87781 -0.763813 0.0867224 -0.639585 -139.512 
-0.642037 0.0168987 0.766487 426.293 0.0778698 0.996024 0.0432672 1.92546 -0.762709 0.0874654 -0.6408 -141.103 
-0.642929 0.0152547 0.765773 428.377 0.0750937 0.99624 0.0432015 2.01109 -0.762235 0.0852803 -0.641658 -142.797 
-0.643767 0.0145183 0.765084 430.438 0.0726511 0.996463 0.042222 2.08782 -0.761765 0.0827654 -0.642545 -144.488 
-0.644731 0.014007 0.764281 432.496 0.0716337 0.996539 0.0421649 2.16849 -0.761046 0.0819333 -0.643503 -146.169 
-0.645001 0.012795 0.764075 434.557 0.0724286 0.996382 0.0444561 2.24886 -0.760742 0.0840151 -0.643594 -147.863 
-0.644955 0.0108584 0.764143 436.628 0.0739214 0.996097 0.048237 2.33716 -0.760637 0.0875972 -0.64324 -149.564 
-0.643097 0.0097127 0.765723 438.716 0.0787309 0.995459 0.0534957 2.4441 -0.761727 0.094689 -0.640941 -151.298 
-0.641429 0.00887488 0.767131 440.752 0.0827439 0.9949 0.0576756 2.55825 -0.762707 0.10047 -0.638893 -152.989 
-0.639781 0.00664932 0.768528 442.806 0.0769788 0.995488 0.05547 2.67474 -0.764692 0.094649 -0.637407 -154.651 
-0.638642 0.0061705 0.76948 444.878 0.0696865 0.996323 0.0498478 2.7842 -0.766342 0.0854572 -0.636723 -156.322 
-0.636848 0.00401524 0.770978 446.957 0.0647805 0.996729 0.0483194 2.87816 -0.768263 0.0807165 -0.635025 -157.982 
-0.633999 0.00375549 0.773324 449.004 0.0629813 0.996917 0.046793 2.97119 -0.770765 0.0783717 -0.632281 -159.624 
-0.630944 0.00410481 0.775818 451.081 0.0646845 0.996783 0.0473315 3.05888 -0.773127 0.0800469 -0.629179 -161.285 
-0.627558 0.00403414 0.778559 453.171 0.0652066 0.996746 0.0473951 3.15722 -0.775834 0.0805104 -0.625779 -162.962 
-0.625399 0.00463759 0.780291 455.266 0.0622469 0.997092 0.0439643 3.24018 -0.777818 0.076066 -0.623869 -164.583 
-0.624137 0.000258 0.781315 457.37 0.0557244 0.997468 0.0441848 3.32027 -0.779325 0.0711157 -0.622571 -166.21 
-0.622842 -0.00575 0.782327 459.497 0.0469025 0.9979 0.0446753 3.40935 -0.780941 0.0645187 -0.621264 -167.865 
-0.622498 -0.00893049 0.78257 461.621 0.0400732 0.998259 0.0432681 3.49118 -0.781595 0.0582944 -0.621057 -169.492 
-0.621325 -0.00941591 0.783496 463.733 0.0383921 0.998361 0.0424436 3.57242 -0.782612 0.0564514 -0.619945 -171.129 
-0.62007 -0.00960934 0.784488 465.824 0.0401028 0.99823 0.0439252 3.64591 -0.783521 0.0586969 -0.618587 -172.73 
-0.618963 -0.0111147 0.785342 467.962 0.0415161 0.998039 0.0468456 3.72567 -0.784322 0.0616 -0.617288 -174.362 
-0.616965 -0.0134191 0.786876 470.021 0.040025 0.998026 0.0484022 3.8122 -0.785972 0.0613572 -0.61521 -175.947 
-0.61618 -0.0137045 0.787486 472.125 0.0376054 0.998196 0.0467963 3.90468 -0.786707 0.0584487 -0.614554 -177.538 
-0.615066 -0.0125429 0.788376 474.225 0.0365849 0.998342 0.0444258 3.99274 -0.787626 0.0561675 -0.613588 -179.112 
-0.613789 -0.01119 0.78939 476.312 0.0374451 0.998361 0.0432676 4.07237 -0.788581 0.056116 -0.612365 -180.692 
-0.612362 -0.0106375 0.790506 478.422 0.039754 0.99823 0.044228 4.14884 -0.789577 0.0585094 -0.610855 -182.255 
-0.61016 -0.0105239 0.792208 480.547 0.041778 0.998093 0.0454364 4.23959 -0.791176 0.0608204 -0.608557 -183.886 
-0.609204 -0.0105724 0.792943 482.667 0.0421765 0.998064 0.0457107 4.32547 -0.791891 0.0612907 -0.607579 -185.468 
-0.607434 -0.0115676 0.794286 484.793 0.0415692 0.998061 0.0463255 4.40997 -0.793282 0.0611576 -0.605775 -187.075 
-0.606673 -0.0122401 0.794857 486.872 0.0414146 0.998037 0.0469784 4.50614 -0.793872 0.0614193 -0.604975 -188.609 
-0.605018 -0.0130674 0.796104 489.004 0.0412534 0.998008 0.0477329 4.60134 -0.795142 0.0617213 -0.603274 -190.212 
-0.604577 -0.0126223 0.796447 491.089 0.0401057 0.998124 0.0462624 4.67838 -0.795536 0.0599113 -0.602936 -191.717 
-0.60366 -0.0109481 0.797167 493.265 0.0409423 0.99816 0.0447122 4.773 -0.79619 0.0596289 -0.602101 -193.347 
-0.602994 -0.0112676 0.797666 495.4 0.0416256 0.998094 0.0455655 4.85502 -0.796659 0.0606791 -0.601375 -194.903 
-0.602873 -0.0127883 0.797734 497.48 0.0404757 0.998094 0.046589 4.93602 -0.796809 0.0603762 -0.601207 -196.37 
-0.603007 -0.0141456 0.79761 499.643 0.0391016 0.998117 0.047263 5.02728 -0.796777 0.0596878 -0.601318 -197.951 
-0.603067 -0.0144577 0.797559 501.659 0.0387243 0.998126 0.0473744 5.12448 -0.79675 0.0594549 -0.601377 -199.456 
-0.602859 -0.0135577 0.797733 503.764 0.0396732 0.998109 0.0469448 5.21182 -0.796861 0.0599497 -0.601181 -201.017 
-0.602645 -0.0129981 0.797904 505.867 0.0402997 0.998096 0.046697 5.29853 -0.796991 0.0602969 -0.600973 -202.568 
-0.601992 -0.0145417 0.79837 507.519 0.0399911 0.99803 0.0483327 5.36119 -0.7975 0.0610236 -0.600225 -203.969 
-0.601772 -0.016447 0.798498 509.625 0.0388641 0.998 0.0498454 5.46015 -0.797721 0.0610285 -0.59993 -205.525 
-0.600885 -0.0167866 0.799159 511.599 0.0384294 0.998017 0.0498585 5.54064 -0.798411 0.0606705 -0.599049 -207.046 
-0.600755 -0.0172689 0.799246 513.685 0.037094 0.998088 0.0494468 5.63404 -0.798572 0.0593527 -0.598966 -208.598 
-0.600421 -0.0164318 0.799515 515.715 0.0376822 0.998097 0.0488116 5.71792 -0.798796 0.059435 -0.598659 -210.104 
-0.600111 -0.016026 0.799756 517.828 0.0383897 0.99807 0.0488062 5.80237 -0.798995 0.0599916 -0.598338 -211.642 
-0.599134 -0.0165931 0.800477 519.906 0.0380513 0.998065 0.0491692 5.90174 -0.799744 0.0599182 -0.597343 -213.181 
-0.598134 -0.0162604 0.801231 521.943 0.0376852 0.998117 0.0483888 5.99168 -0.80051 0.0591375 -0.596395 -214.733 
-0.597559 -0.0159984 0.801665 523.838 0.037336 0.998161 0.0477499 6.07593 -0.800955 0.0584643 -0.595863 -216.182 
-0.597756 -0.0166961 0.801504 525.973 0.0372471 0.998125 0.0485704 6.17042 -0.800812 0.058887 -0.596013 -217.703 
-0.597825 -0.0180249 0.801424 528.125 0.0367251 0.998082 0.0498431 6.2653 -0.800785 0.0592299 -0.596016 -219.238 
-0.597221 -0.019359 0.801843 530.251 0.036793 0.997995 0.0514984 6.36026 -0.801232 0.0602582 -0.595311 -220.788 
-0.59723 -0.0186078 0.801854 532.412 0.037025 0.998025 0.0507368 6.45782 -0.801215 0.0599902 -0.595362 -222.332 
-0.596178 -0.017221 0.802668 534.291 0.0385776 0.998001 0.0500651 6.54802 -0.801925 0.0608127 -0.594322 -223.814 
-0.59369 -0.0146455 0.80456 535.701 0.0418927 0.997916 0.049078 6.62295 -0.803602 0.0628424 -0.59184 -225.19 
-0.591189 -0.0120763 0.806443 537.115 0.0452044 0.99782 0.0480806 6.69683 -0.805265 0.0648795 -0.589354 -226.562 
-0.590747 -0.0125406 0.806759 539.047 0.0444775 0.997853 0.0480795 6.78034 -0.80563 0.0642854 -0.588921 -228.021 
-0.590613 -0.0119715 0.806866 541.218 0.0445438 0.997882 0.0474108 6.86958 -0.805724 0.0639423 -0.588829 -229.576 
-0.590976 -0.0135348 0.806575 543.345 0.0439054 0.997837 0.0489136 6.95307 -0.805493 0.0643198 -0.589104 -231.077 
-0.590914 -0.0151759 0.806592 545.524 0.0433071 0.997785 0.0505 7.05568 -0.805572 0.0647723 -0.588947 -232.641 
-0.590963 -0.0163218 0.806533 547.587 0.0422426 0.997797 0.0511443 7.15534 -0.805592 0.0642945 -0.588972 -234.117 
-0.591604 -0.0148502 0.806092 549.757 0.0418125 0.99792 0.0490709 7.25195 -0.805144 0.0627352 -0.589752 -235.665 
-0.591938 -0.0127345 0.805883 551.83 0.0416886 0.998053 0.0463923 7.33881 -0.804904 0.0610575 -0.590255 -237.127 
-0.591514 -0.0122009 0.806202 553.861 0.0421937 0.998047 0.046062 7.42189 -0.80519 0.061263 -0.589844 -238.614 
-0.590977 -0.0140883 0.806565 555.948 0.0428585 0.997887 0.0488328 7.50711 -0.805549 0.0634273 -0.589124 -240.15 
-0.591093 -0.0154256 0.806456 558.12 0.0434919 0.997753 0.0509621 7.59699 -0.80543 0.0651977 -0.589094 -241.697 
-0.590815 -0.0145351 0.806676 560.28 0.0440772 0.997763 0.0502605 7.7019 -0.805602 0.0652507 -0.588852 -243.253 
-0.59073 -0.0139395 0.806748 562.459 0.044392 0.997775 0.0497456 7.79974 -0.805647 0.0651994 -0.588797 -244.788 
-0.590534 -0.0129311 0.806909 564.552 0.0452551 0.997768 0.0491094 7.8916 -0.805743 0.0655176 -0.58863 -246.262 
-0.589865 -0.0126749 0.807402 566.713 0.0468721 0.997653 0.049905 7.99092 -0.80614 0.0672819 -0.587887 -247.825 
-0.589645 -0.013636 0.807547 568.893 0.0474319 0.997547 0.0514775 8.08415 -0.806268 0.068657 -0.587552 -249.354 
-0.58899 -0.014625 0.808008 571.122 0.0467776 0.997543 0.0521537 8.19709 -0.806785 0.0685147 -0.586859 -250.961 
-0.589095 -0.0142357 0.807938 573.298 0.0472727 0.997525 0.0520442 8.3 -0.80668 0.0688524 -0.586964 -252.497 
-0.588916 -0.0136715 0.808079 575.454 0.048585 0.99745 0.0522834 8.40057 -0.806733 0.0700511 -0.586749 -254.022 
-0.588774 -0.0145124 0.808167 577.761 0.0488013 0.997377 0.0534632 8.52784 -0.806823 0.0709174 -0.586521 -255.601 
-0.588663 -0.0156172 0.808227 579.99 0.0472676 0.997438 0.0537 8.64907 -0.806995 0.0698142 -0.586417 -257.155 
-0.588649 -0.0169681 0.808211 582.229 0.0456253 0.997489 0.0541724 8.76061 -0.8071 0.0687634 -0.586396 -258.71 
-0.588458 -0.0160164 0.808369 584.438 0.045949 0.997525 0.0532131 8.87124 -0.807221 0.0684575 -0.586266 -260.25 
-0.588326 -0.0145515 0.808492 586.577 0.0475808 0.997483 0.0525767 8.97747 -0.807222 0.0694011 -0.586153 -261.758 
-0.587348 -0.0136127 0.80922 588.708 0.0485992 0.997461 0.0520536 9.07812 -0.807874 0.0699011 -0.585195 -263.27 
-0.586498 -0.0143631 0.809823 590.781 0.0488529 0.997395 0.0530705 9.16257 -0.808476 0.0706879 -0.584268 -264.713 
-0.586287 -0.0153626 0.809958 592.887 0.0490906 0.997309 0.0544502 9.26521 -0.808615 0.0716848 -0.583955 -266.156 
-0.585947 -0.0140412 0.810228 595.028 0.0495768 0.997356 0.0531374 9.37105 -0.808831 0.0713042 -0.583701 -267.653 
-0.585288 -0.0144693 0.810697 597.252 0.0488427 0.997396 0.0530637 9.47953 -0.809353 0.0706541 -0.583057 -269.225 
-0.584776 -0.0146581 0.811062 599.514 0.0481962 0.997443 0.0527759 9.59668 -0.809762 0.0699522 -0.582574 -270.772 
-0.58395 -0.0153193 0.811645 601.646 0.0477306 0.997444 0.0531665 9.69823 -0.810385 0.0697869 -0.581726 -272.242 
-0.583802 -0.0157968 0.811742 603.557 0.0472435 0.997456 0.0533881 9.77799 -0.81052 0.0695176 -0.58157 -273.456 
-0.58346 -0.0170889 0.811962 605.731 0.0456288 0.99751 0.053782 9.88327 -0.810859 0.0684285 -0.581227 -274.966 
-0.582513 -0.0174868 0.812633 607.896 0.0446091 0.997574 0.0534431 9.99281 -0.811596 0.0673821 -0.58032 -276.484 
-0.581177 -0.0179036 0.81358 610.052 0.0437361 0.997626 0.0531963 10.1088 -0.812601 0.0664993 -0.579014 -278.006 
-0.581373 -0.0175827 0.813447 612.223 0.0451118 0.997532 0.0538032 10.2134 -0.812386 0.0679759 -0.579145 -279.504 
-0.580978 -0.0187705 0.813703 614.367 0.0454307 0.997428 0.0554457 10.3264 -0.812651 0.0691798 -0.57863 -281.013 
-0.581343 -0.0199381 0.813414 616.344 0.044507 0.997424 0.0562574 10.4009 -0.81244 0.0689075 -0.578958 -282.286 
-0.581315 -0.019214 0.813452 618.511 0.0437371 0.997538 0.0548179 10.5125 -0.812502 0.0674445 -0.579043 -283.79 
-0.581521 -0.0193857 0.8133 620.659 0.0412555 0.997727 0.0532798 10.6103 -0.812485 0.0645365 -0.579399 -285.269 
-0.58155 -0.0177829 0.813316 622.865 0.0418292 0.997785 0.0517256 10.7379 -0.812435 0.0641014 -0.579518 -286.825 
-0.581953 -0.0177658 0.813028 624.997 0.0419184 0.997777 0.0518074 10.8449 -0.812141 0.0642303 -0.579915 -288.295 
-0.581474 -0.0185011 0.813355 627.17 0.0423931 0.997694 0.0530014 10.9506 -0.81246 0.0652996 -0.579349 -289.828 
-0.58124 -0.0193275 0.813503 629.346 0.042722 0.997614 0.0542261 11.0594 -0.81261 0.0662729 -0.579028 -291.352 
-0.580699 -0.0196116 0.813882 631.518 0.043069 0.99757 0.0547672 11.1723 -0.812978 0.0668563 -0.578443 -292.86 
-0.580964 -0.018979 0.813708 633.984 0.0430256 0.997614 0.0539874 11.3167 -0.812791 0.066375 -0.578761 -294.514 
-0.580766 -0.0183222 0.813864 636.18 0.0431498 0.997648 0.0532508 11.4221 -0.812926 0.0660443 -0.578609 -296.034 
-0.581236 -0.0183228 0.813529 638.085 0.0431846 0.997643 0.0533233 11.5575 -0.812589 0.0661254 -0.579074 -297.152 
-0.580977 -0.0187362 0.813704 640.273 0.0430644 0.997627 0.0537187 11.6715 -0.81278 0.066251 -0.578791 -298.654 
-0.580633 -0.0190873 0.813941 642.42 0.0425594 0.997647 0.0537554 11.7844 -0.813052 0.065853 -0.578454 -300.145 
-0.579827 -0.0194075 0.814508 644.552 0.0422167 0.997658 0.0538243 11.8837 -0.813645 0.0655947 -0.57765 -301.629 
-0.579942 -0.0182733 0.814453 646.709 0.0424435 0.997713 0.0526074 11.9816 -0.813552 0.0650775 -0.57784 -303.109 
-0.579306 -0.0186598 0.814896 648.891 0.042221 0.997709 0.0528606 12.0937 -0.814016 0.0650282 -0.577191 -304.615 
-0.577965 -0.0190189 0.81584 651.068 0.0429402 0.997635 0.053677 12.202 -0.814931 0.0660558 -0.575782 -306.139 
-0.577434 -0.0189808 0.816216 653.265 0.0433242 0.997609 0.0538488 12.3075 -0.815287 0.0664561 -0.575231 -307.65 
-0.577246 -0.018408 0.816363 655.351 0.0429843 0.997675 0.0528902 12.4089 -0.815438 0.0656215 -0.575112 -309.08 
-0.577221 -0.0181137 0.816387 657.428 0.0433326 0.997666 0.0527738 12.4833 -0.815437 0.0658384 -0.575089 -310.488 
-0.576441 -0.0181566 0.816937 659.479 0.0441104 0.997604 0.0532968 12.5737 -0.815947 0.0667578 -0.574259 -311.926 
-0.575703 -0.018082 0.817459 661.471 0.0447313 0.997562 0.0535682 12.66 -0.816435 0.0674054 -0.57349 -313.34 
