1 -4.23778e-08 4.22719e-08 0 -4.23778e-08 1 -4.19404e-08 0 4.22719e-08 -4.19404e-08 1 0 
0.999995 -0.00281651 -0.00158285 -0.0149888 0.00282131 0.999991 0.00309231 -0.0231028 0.00157421 -0.00309685 0.999994 1.53338 
0.99999 -0.00337738 -0.00303547 -0.0410091 0.00338933 0.999986 0.00396746 -0.0406705 0.00302211 -0.00397779 0.999987 3.05464 
0.999987 -0.0023831 -0.0045857 -0.0682631 0.00239992 0.99999 0.00368535 -0.0560657 0.00457696 -0.00369639 0.999983 4.56153 
0.999979 -0.00195602 -0.00618242 -0.105718 0.00197757 0.999992 0.00349512 -0.0710102 0.00617562 -0.00350735 0.999975 6.08917 
0.99997 -0.00206831 -0.00745348 -0.143035 0.00209577 0.999991 0.00368858 -0.0831414 0.00744587 -0.00370417 0.999965 7.59029 
0.999952 -0.00254604 -0.00943076 -0.166072 0.00258256 0.999989 0.00387076 -0.0965347 0.00942089 -0.00389502 0.999948 9.11421 
0.999924 -0.00447224 -0.0114465 -0.194061 0.00450922 0.999985 0.00321402 -0.11585 0.0114321 -0.00326548 0.999929 10.621 
0.999899 -0.00572455 -0.0129799 -0.236115 0.0057712 0.999977 0.00356649 -0.133486 0.0129593 -0.00364113 0.999909 12.1352 
0.999881 -0.00541319 -0.0144079 -0.277318 0.00546375 0.999979 0.00347764 -0.147441 0.0143889 -0.00355603 0.99989 13.6396 
0.999863 -0.00504901 -0.0157518 -0.312232 0.00510337 0.999981 0.00341802 -0.162999 0.0157343 -0.00349803 0.99987 15.1166 
0.999855 -0.00376954 -0.0165948 -0.355348 0.00383364 0.999985 0.00383804 -0.176681 0.0165801 -0.00390118 0.999855 16.6122 
0.999848 -0.00207531 -0.0172832 -0.403105 0.0021534 0.999987 0.00450571 -0.191187 0.0172737 -0.00454233 0.99984 18.0991 
0.999837 -0.00117016 -0.0180055 -0.445593 0.00126868 0.999984 0.00546601 -0.213244 0.0179989 -0.00548805 0.999823 19.6003 
0.999824 -0.00160709 -0.0187038 -0.490618 0.00170887 0.999984 0.00543134 -0.229756 0.0186949 -0.00546243 0.99981 21.0564 
0.99981 -0.000984115 -0.0194438 -0.536599 0.0010945 0.999983 0.00567186 -0.245018 0.019438 -0.00569215 0.999795 22.5386 
0.999807 -0.000526296 -0.0196422 -0.584667 0.000646643 0.999981 0.00612541 -0.255834 0.0196386 -0.00613701 0.999788 24.0113 
0.999805 0.000160952 -0.0197226 -0.631813 -1.60595e-05 0.999973 0.0073507 -0.270198 0.0197234 -0.00734904 0.999778 25.4636 
0.999803 5.38378e-05 -0.0198286 -0.679377 6.50846e-05 0.999982 0.00600103 -0.277708 0.0198287 -0.00600123 0.999785 26.9383 
0.9998 0.000312814 -0.019984 -0.728846 -0.000233221 0.999992 0.00398922 -0.292518 0.0199851 -0.00398385 0.999792 28.3647 
0.999806 -0.00140992 -0.0196264 -0.777892 0.00148292 0.999992 0.00370969 -0.304629 0.0196211 -0.00373816 0.9998 29.7961 
0.9998 -0.00238327 -0.0198446 -0.81641 0.00250958 0.999977 0.00634676 -0.316245 0.0198291 -0.00639538 0.999783 31.2347 
0.99979 -0.00387918 -0.0201265 -0.850966 0.00403182 0.999963 0.00755312 -0.327234 0.0200965 -0.00763277 0.999769 32.6865 
0.999789 -0.00450996 -0.02003 -0.895569 0.00464956 0.999965 0.00693279 -0.338392 0.0199981 -0.00702454 0.999775 34.0961 
0.999794 -0.00430132 -0.019812 -0.940543 0.004403 0.999977 0.00509546 -0.352557 0.0197897 -0.00518173 0.999791 35.483 
0.999805 -0.00321039 -0.0194573 -0.985753 0.0032904 0.999986 0.0040859 -0.363425 0.019444 -0.00414921 0.999802 36.8683 
0.999823 -0.00242456 -0.0186717 -1.03117 0.00248486 0.999992 0.00321153 -0.381248 0.0186639 -0.00325744 0.99982 38.2271 
0.999847 -0.00186808 -0.0173619 -1.07874 0.00194276 0.999989 0.00429047 -0.400036 0.0173538 -0.00432364 0.99984 39.5706 
0.999869 -0.00124571 -0.0161458 -1.11741 0.00134699 0.999979 0.00626858 -0.413646 0.0161377 -0.0062896 0.99985 40.9104 
0.999889 -0.00184941 -0.0147929 -1.14805 0.00195574 0.999972 0.00718242 -0.427715 0.0147793 -0.00721064 0.999865 42.2386 
0.999918 -0.00133302 -0.0127034 -1.17958 0.00143112 0.999969 0.00772306 -0.439181 0.0126928 -0.0077407 0.999889 43.5384 
0.999953 -0.00177598 -0.00952011 -1.20579 0.00184392 0.999973 0.00714106 -0.454878 0.00950726 -0.00715836 0.999929 44.8149 
0.999979 -0.00242717 -0.00603874 -1.22698 0.00245936 0.999983 0.00534241 -0.466491 0.00602575 -0.00535723 0.999967 46.0787 
0.999992 -0.00275172 -0.00276624 -1.24777 0.0027617 0.999989 0.0036424 -0.483615 0.00275627 -0.0036501 0.999989 47.3141 
0.999996 -0.00253156 0.00133115 -1.26281 0.00252572 0.999987 0.0043093 -0.499667 -0.00134195 -0.004306 0.99999 48.5449 
0.999975 -0.00216583 0.00672549 -1.27428 0.00213777 0.999989 0.00416383 -0.515519 -0.00673435 -0.00414944 0.999969 49.7492 
0.999915 -0.00050192 0.0129939 -1.27665 0.000459664 0.999995 0.00324824 -0.529874 -0.0129954 -0.00324208 0.99991 50.9593 
0.999794 0.000866906 0.0202962 -1.27149 -0.000933296 0.999994 0.00325762 -0.545099 -0.0202932 -0.00327597 0.999789 52.162 
0.999589 0.00196557 0.0285836 -1.25583 -0.00208467 0.999989 0.00413427 -0.558199 -0.0285751 -0.00419224 0.999583 53.3512 
0.999239 0.00422703 0.0387777 -1.2256 -0.00441789 0.999978 0.00483538 -0.572496 -0.0387564 -0.0050031 0.999236 54.5551 
0.998642 0.00673997 0.0516618 -1.18301 -0.00699158 0.999964 0.00468946 -0.584996 -0.0516283 -0.00504437 0.998654 55.7239 
0.997746 0.00879626 0.0665295 -1.13005 -0.00916764 0.999944 0.00527771 -0.598661 -0.0664793 -0.00587582 0.99777 56.8801 
0.996526 0.0109784 0.0825511 -1.05345 -0.0115587 0.999912 0.00655429 -0.611144 -0.0824718 -0.00748579 0.996565 58.0185 
0.994908 0.0110345 0.100179 -0.957521 -0.0118249 0.999903 0.00729851 -0.622717 -0.100089 -0.00844604 0.994943 59.137 
0.992834 0.010375 0.119053 -0.83931 -0.0112231 0.999916 0.00645491 -0.633716 -0.118976 -0.00774487 0.992867 60.2389 
0.990221 0.00948386 0.139186 -0.702112 -0.0103495 0.999931 0.00549618 -0.644097 -0.139124 -0.00688301 0.990251 61.3274 
0.987072 0.00652604 0.160142 -0.54174 -0.00747822 0.999958 0.00534337 -0.653867 -0.1601 -0.00647195 0.98708 62.3951 
0.983379 0.00141811 0.181561 -0.355337 -0.00283158 0.999968 0.00752565 -0.664842 -0.181544 -0.00791474 0.983351 63.4503 
0.978832 -0.00407142 0.204622 -0.141933 0.00224756 0.999956 0.00914444 -0.676815 -0.20465 -0.00849105 0.978798 64.4996 
0.973552 -0.00933309 0.228274 0.093098 0.00752426 0.999933 0.00879257 -0.687806 -0.228341 -0.0068425 0.973557 65.518 
0.967279 -0.0154906 0.253241 0.352456 0.0141289 0.999874 0.0071947 -0.696772 -0.253321 -0.00338135 0.967376 66.5168 
0.959977 -0.0191385 0.279423 0.63311 0.0176474 0.999813 0.00785099 -0.704008 -0.279521 -0.00260575 0.960136 67.4932 
0.951583 -0.0216345 0.306631 0.933804 0.0194006 0.999758 0.0103315 -0.711964 -0.30678 -0.00388251 0.951772 68.4543 
0.942117 -0.0260933 0.334269 1.26606 0.0229621 0.999648 0.0133157 -0.71688 -0.334498 -0.00486954 0.942384 69.4047 
0.931386 -0.0291897 0.362862 1.62164 0.0262061 0.99957 0.013143 -0.722985 -0.36309 -0.00273212 0.93175 70.3301 
0.919522 -0.0284462 0.392008 1.99557 0.0269656 0.999593 0.00928325 -0.727587 -0.392112 0.00203451 0.919915 71.23 
0.906657 -0.0294736 0.420837 2.3982 0.0306949 0.999521 0.00387236 -0.730872 -0.420749 0.00940655 0.907128 72.1055 
0.892697 -0.0314242 0.449559 2.82604 0.0343696 0.999408 0.00161007 -0.738424 -0.449344 0.0140138 0.893249 72.9579 
0.87725 -0.0318855 0.478974 3.27876 0.0336178 0.999422 0.0049601 -0.746069 -0.478855 0.0117507 0.877815 73.8028 
0.859787 -0.0307051 0.509728 3.75508 0.0293831 0.999511 0.0106465 -0.754266 -0.509806 0.0058236 0.86027 74.6323 
0.840408 -0.030772 0.541079 4.25809 0.0272534 0.999523 0.0145139 -0.762756 -0.541268 0.00254862 0.840846 75.4329 
0.819506 -0.0245643 0.572543 4.78291 0.0232532 0.999683 0.00960676 -0.765712 -0.572598 0.00544061 0.819818 76.2085 
0.797725 -0.017576 0.602765 5.33346 0.0201611 0.999794 0.00247067 -0.767105 -0.602684 0.0101814 0.797915 76.9582 
0.775481 -0.0152723 0.631186 5.90848 0.0191916 0.999816 0.000612628 -0.773503 -0.631079 0.0116383 0.775631 77.6771 
0.752318 -0.0176757 0.658562 6.51661 0.0201222 0.99979 0.00384725 -0.783082 -0.658492 0.0103573 0.752516 78.3797 
0.727978 -0.0178879 0.685367 7.14044 0.0202518 0.999784 0.00458304 -0.795527 -0.685301 0.0105435 0.728183 79.0527 
0.703017 -0.0160411 0.710992 7.7813 0.0209377 0.999779 0.0018536 -0.805057 -0.710865 0.0135834 0.703197 79.6909 
0.676961 -0.0135222 0.735895 8.4365 0.0208725 0.999782 -0.000829817 -0.810532 -0.735723 0.0159217 0.677095 80.3025 
0.650193 -0.0110832 0.759688 9.11732 0.0190308 0.999817 -0.00170146 -0.820771 -0.759531 0.0155637 0.650285 80.8992 
0.622541 -0.00970844 0.782527 9.82064 0.0190812 0.999814 -0.00277599 -0.834377 -0.782354 0.0166597 0.622611 81.4644 
0.594004 -0.00321711 0.804455 10.5392 0.0174936 0.999807 -0.00891895 -0.851877 -0.804272 0.0193707 0.593946 82.0053 
0.564155 0.00603089 0.825647 11.28 0.0164064 0.999694 -0.0185127 -0.868641 -0.825506 0.0239899 0.563883 82.524 
0.533455 0.0142765 0.845708 12.0437 0.0152764 0.999532 -0.0265093 -0.892987 -0.845691 0.0270609 0.532987 83.0161 
0.50174 0.0192727 0.864804 12.8344 0.0128116 0.999476 -0.0297071 -0.918725 -0.864924 0.0259847 0.50123 83.4895 
0.469417 0.0190004 0.882772 13.6505 0.0106906 0.999573 -0.0271993 -0.949484 -0.882912 0.0222051 0.469014 83.9367 
0.436119 0.0179075 0.899711 14.4812 0.00584324 0.999724 -0.0227306 -0.981252 -0.89987 0.0151705 0.435894 84.3594 
0.401883 0.0192959 0.915487 15.3313 0.0016278 0.999761 -0.0217868 -1.01104 -0.915689 0.010246 0.401756 84.749 
0.36684 0.0224037 0.930014 16.1955 -0.00544544 0.999744 -0.0219356 -1.03943 -0.930268 0.00298251 0.366868 85.1095 
0.331249 0.0243257 0.94323 17.0787 -0.0103729 0.999701 -0.0221394 -1.0676 -0.943486 -0.00245037 0.331403 85.439 
0.295212 0.0238344 0.955134 17.9806 -0.0130515 0.999696 -0.0209125 -1.09413 -0.955342 -0.00629235 0.295434 85.7352 
0.259137 0.0232656 0.96556 18.8969 -0.01378 0.999697 -0.02039 -1.12431 -0.965742 -0.00802162 0.259379 85.9925 
0.223197 0.0227459 0.974508 19.8273 -0.0132836 0.999706 -0.0202917 -1.153 -0.974683 -0.00841596 0.223434 86.2158 
0.188063 0.0215675 0.98192 20.7713 -0.0108605 0.999743 -0.019879 -1.17604 -0.982097 -0.00692566 0.188249 86.4001 
0.153682 0.0204916 0.987908 21.7235 -0.00284276 0.99979 -0.0202959 -1.20527 -0.988116 0.00031073 0.153708 86.5471 
0.1201 0.0239534 0.992473 22.6862 -0.000640901 0.99971 -0.0240506 -1.23571 -0.992761 0.0022524 0.120081 86.6651 
0.087281 0.0288657 0.995765 23.6492 0.000191899 0.99958 -0.0289931 -1.26859 -0.996184 0.00272163 0.0872387 86.759 
0.0582144 0.032583 0.997772 24.6112 0.00691598 0.99943 -0.0330407 -1.30367 -0.99828 0.00882402 0.0579559 86.8158 
0.0329866 0.0307264 0.998983 25.5886 0.00858307 0.999482 -0.0310252 -1.34186 -0.999419 0.00959776 0.0327058 86.8489 
0.0105219 0.027739 0.99956 26.5736 0.0102659 0.999559 -0.0278471 -1.37939 -0.999892 0.0105544 0.0102325 86.8689 
-0.00829998 0.0250867 0.999651 27.5636 0.0105464 0.999632 -0.0249988 -1.41694 -0.99991 0.0103352 -0.00856149 86.8687 
-0.0248707 0.0281988 0.999293 28.5507 0.0123454 0.999534 -0.0278985 -1.45158 -0.999614 0.0116428 -0.0252072 86.8508 
-0.0393885 0.0327409 0.998687 29.5393 0.0152038 0.999367 -0.0321636 -1.48589 -0.999108 0.0139169 -0.0398613 86.8158 
-0.0515845 0.0378059 0.997953 30.5279 0.0195131 0.99913 -0.036842 -1.5256 -0.998478 0.0175727 -0.0522773 86.7718 
-0.0603694 0.0411373 0.997328 31.5246 0.0245088 0.99891 -0.039719 -1.57051 -0.997875 0.0220455 -0.0613118 86.7138 
-0.0661476 0.0465736 0.996722 32.5279 0.0285522 0.998589 -0.0447661 -1.61799 -0.997401 0.0254975 -0.0673841 86.6463 
-0.069722 0.051409 0.996241 33.5287 0.0303162 0.998319 -0.0493947 -1.66946 -0.997106 0.0267583 -0.0711633 86.5825 
-0.0723733 0.0552386 0.995847 34.5341 0.0324619 0.998067 -0.0530026 -1.72982 -0.996849 0.0284911 -0.0740265 86.5134 
-0.0749766 0.0581769 0.995487 35.5419 0.0329145 0.997897 -0.0558388 -1.79196 -0.996642 0.0285793 -0.0767338 86.4442 
-0.0772765 0.0614886 0.995112 36.5506 0.0338893 0.997682 -0.0590158 -1.86078 -0.996433 0.0291631 -0.0791812 86.371 
-0.0792049 0.0651665 0.994726 37.5663 0.0352046 0.997421 -0.06254 -1.92692 -0.996236 0.0300654 -0.0812948 86.3012 
-0.0813246 0.0666224 0.994458 38.5808 0.0377995 0.997252 -0.0637185 -1.99695 -0.995971 0.0324081 -0.0836194 86.2212 
-0.0833574 0.0653291 0.994376 39.5993 0.0378898 0.997335 -0.0623473 -2.06984 -0.995799 0.0324796 -0.0856106 86.1445 
-0.0853577 0.0650735 0.994223 40.6248 0.0372483 0.997376 -0.0620821 -2.14132 -0.995654 0.0317339 -0.0875576 86.0624 
-0.0873654 0.0665446 0.993951 41.6562 0.0372787 0.997286 -0.0634912 -2.2099 -0.995478 0.0315063 -0.089609 85.9768 
-0.0896039 0.0688129 0.993597 42.682 0.036405 0.99717 -0.0657773 -2.28285 -0.995312 0.030278 -0.0918554 85.8934 
-0.0920398 0.0711994 0.993206 43.7214 0.0347277 0.997063 -0.0682578 -2.35595 -0.995149 0.0282093 -0.0942421 85.8054 
-0.0942608 0.0748374 0.992731 44.7665 0.0323494 0.996874 -0.0720782 -2.43481 -0.995022 0.0253201 -0.0963871 85.7146 
-0.0965036 0.0790438 0.992189 45.808 0.0289562 0.996643 -0.0765823 -2.51779 -0.994911 0.0213395 -0.0984684 85.6275 
-0.0990239 0.0815477 0.991738 46.8538 0.0267027 0.996495 -0.0792728 -2.60177 -0.994727 0.0186321 -0.100854 85.5336 
-0.101539 0.080149 0.991598 47.9079 0.0247017 0.996645 -0.0780277 -2.68549 -0.994525 0.0165713 -0.103178 85.4329 
-0.104477 0.0761112 0.991611 48.9628 0.0216859 0.997004 -0.0742405 -2.77062 -0.994291 0.0137475 -0.105814 85.3446 
-0.106819 0.0745518 0.99148 50.0164 0.0218406 0.99712 -0.072623 -2.85409 -0.994039 0.0138971 -0.108139 85.243 
-0.108806 0.0751341 0.991219 51.0704 0.0211589 0.997089 -0.0732564 -2.93865 -0.993838 0.0130024 -0.110079 85.1428 
-0.109878 0.0779641 0.990883 52.1288 0.0226231 0.996857 -0.0759255 -3.02338 -0.993688 0.0140744 -0.111296 85.034 
-0.110561 0.0807257 0.990585 53.1884 0.0228771 0.996638 -0.0786657 -3.10897 -0.993606 0.0139643 -0.112036 84.9248 
-0.110912 0.0813629 0.990494 54.2416 0.0216504 0.996604 -0.0794406 -3.201 -0.993594 0.0126337 -0.112297 84.8235 
-0.110725 0.0802452 0.990606 55.3033 0.0187199 0.996727 -0.0786486 -3.2911 -0.993675 0.00983564 -0.111865 84.7218 
-0.11084 0.0795445 0.99065 56.3695 0.0149335 0.996813 -0.0783686 -3.3839 -0.993726 0.0061075 -0.111674 84.6235 
-0.110826 0.0806387 0.990563 57.4419 0.0110245 0.996741 -0.0799082 -3.47758 -0.993779 0.00206452 -0.111354 84.522 
-0.11113 0.0809687 0.990502 58.5186 0.00668595 0.996714 -0.0807265 -3.56781 -0.993783 -0.00234869 -0.111306 84.4218 
-0.111294 0.0805852 0.990515 59.6037 0.00343976 0.996732 -0.0807046 -3.66007 -0.993781 -0.00557484 -0.111208 84.318 
-0.111639 0.0753962 0.990884 60.6943 0.0036566 0.997142 -0.0754604 -3.75108 -0.993742 -0.00480107 -0.111596 84.2119 
-0.111914 0.066687 0.991478 61.7944 0.00668551 0.997774 -0.0663559 -3.83817 -0.993695 -0.000797611 -0.112111 84.1004 
-0.11188 0.0611265 0.99184 62.9 0.0121207 0.998116 -0.0601461 -3.91975 -0.993648 0.00529264 -0.11241 83.9852 
-0.111063 0.0635996 0.991776 64.0043 0.0203205 0.997887 -0.0617159 -3.99172 -0.993606 0.0132991 -0.112121 83.8625 
-0.109915 0.0691471 0.991533 65.1054 0.0257381 0.997441 -0.066706 -4.06691 -0.993608 0.0181881 -0.111414 83.7419 
-0.108784 0.0749169 0.991238 66.2174 0.0293034 0.996964 -0.0721338 -4.14647 -0.993633 0.0211996 -0.110649 83.622 
-0.108027 0.0792097 0.990987 67.328 0.0300319 0.996626 -0.0763867 -4.23534 -0.993694 0.0215094 -0.110041 83.5105 
-0.10781 0.0764563 0.991227 68.4523 0.0270428 0.996895 -0.0739523 -4.32489 -0.993804 0.0188328 -0.109543 83.4032 
-0.10763 0.0718625 0.99159 69.5907 0.0260578 0.997245 -0.069444 -4.41464 -0.993849 0.0183644 -0.109206 83.2949 
-0.107397 0.069717 0.991769 70.7181 0.0236761 0.997435 -0.0675515 -4.49929 -0.993934 0.0162264 -0.108772 83.1867 
-0.107385 0.0705068 0.991714 71.8503 0.0219939 0.997407 -0.06853 -4.58346 -0.993974 0.0144525 -0.108658 83.0832 
-0.10694 0.0757792 0.991373 72.9916 0.0232794 0.997009 -0.0736988 -4.66932 -0.993993 0.0151973 -0.108384 82.9705 
-0.106017 0.0784668 0.991263 74.1315 0.0231396 0.996806 -0.0764309 -4.75741 -0.994095 0.0148345 -0.107494 82.8566 
-0.105472 0.0773874 0.991406 75.2821 0.0235431 0.996882 -0.0753102 -4.84782 -0.994143 0.0153977 -0.106965 82.7458 
-0.104466 0.0705565 0.992022 76.4466 0.0252706 0.997346 -0.0682741 -4.93843 -0.994207 0.0179367 -0.105972 82.6294 
-0.104795 0.0690229 0.992096 77.601 0.0248591 0.997459 -0.0667702 -5.02579 -0.994183 0.0176654 -0.106245 82.5156 
-0.104097 0.072162 0.991946 78.7542 0.0223998 0.997281 -0.0701996 -5.11061 -0.994315 0.0149118 -0.105431 82.4089 
-0.103889 0.0754183 0.991725 79.9195 0.0216993 0.997055 -0.0735506 -5.19584 -0.994352 0.0138787 -0.10522 82.3046 
-0.103642 0.0749011 0.99179 81.095 0.0210198 0.997103 -0.0731058 -5.28756 -0.994392 0.0132705 -0.104916 82.1922 
-0.103337 0.0713531 0.992084 82.276 0.0206936 0.997362 -0.0695773 -5.37898 -0.994431 0.0133398 -0.104541 82.0848 
-0.10223 0.0701394 0.992285 83.4655 0.0214502 0.997435 -0.0682935 -5.47055 -0.994529 0.014303 -0.103473 81.968 
-0.100995 0.0705446 0.992383 84.6568 0.0228799 0.997384 -0.0685717 -5.5591 -0.994624 0.0157802 -0.102345 81.8553 
-0.0998684 0.0707975 0.992479 85.8603 0.0255299 0.997319 -0.0685739 -5.645 -0.994673 0.0184895 -0.101408 81.7404 
-0.0987212 0.0702774 0.99263 87.0549 0.0250871 0.997362 -0.0681175 -5.73514 -0.994799 0.0181776 -0.100224 81.6358 
-0.0973469 0.0708363 0.992726 88.2568 0.0265209 0.997294 -0.0685616 -5.82501 -0.994897 0.0196537 -0.0989621 81.5304 
-0.0961341 0.0690342 0.992971 89.4698 0.0268314 0.997409 -0.0667451 -5.91346 -0.995007 0.0202264 -0.0977374 81.4245 
-0.0947454 0.0682317 0.99316 90.6872 0.0253102 0.997491 -0.0661147 -6.0021 -0.99518 0.018873 -0.0962346 81.3196 
-0.0933688 0.0676246 0.993332 91.9092 0.0264808 0.997506 -0.0654198 -6.08752 -0.995279 0.020196 -0.0949267 81.2164 
-0.0916831 0.0685927 0.993423 93.1345 0.0243986 0.99748 -0.0666211 -6.17588 -0.995489 0.0181301 -0.0931256 81.1183 
-0.0899845 0.0712622 0.99339 94.3599 0.0250866 0.997282 -0.069269 -6.26413 -0.995627 0.0186877 -0.0915277 81.0163 
-0.0889299 0.0702301 0.993559 95.5908 0.0228476 0.997392 -0.0684561 -6.35268 -0.995776 0.0166127 -0.0903026 80.9242 
-0.0884461 0.0688588 0.993698 96.8284 0.0193388 0.997538 -0.0674037 -6.44579 -0.995893 0.0132553 -0.08956 80.8315 
-0.0882815 0.0700852 0.993627 98.0672 0.0164987 0.997488 -0.0688917 -6.53475 -0.995959 0.0103117 -0.089216 80.7398 
-0.08845 0.0695562 0.993649 99.3108 0.0139255 0.997548 -0.0685896 -6.62515 -0.995983 0.00777033 -0.0892017 80.6465 
-0.0894983 0.0670565 0.993727 100.56 0.0113272 0.997735 -0.0663069 -6.71862 -0.995922 0.00532181 -0.0900551 80.5521 
-0.0907373 0.0655013 0.993718 101.821 0.00913085 0.997847 -0.0649398 -6.81238 -0.995833 0.00318103 -0.0911401 80.4551 
-0.0923463 0.0649761 0.993605 103.082 0.00752865 0.997886 -0.0645564 -6.90055 -0.995698 0.00151896 -0.0926403 80.3577 
-0.0938334 0.0652093 0.99345 104.341 0.00786861 0.99787 -0.0647563 -6.99065 -0.995557 0.00174077 -0.0941466 80.2525 
-0.0961399 0.0638253 0.993319 105.602 0.00736862 0.99796 -0.0634104 -7.07951 -0.99534 0.00122314 -0.0964141 80.1466 
-0.0991565 0.0592556 0.993306 106.864 0.00471805 0.998242 -0.0590792 -7.16663 -0.995061 -0.00117161 -0.0992617 80.0391 
-0.103501 0.0591773 0.992867 108.12 0.00431057 0.998246 -0.0590486 -7.25227 -0.99462 -0.00183176 -0.103575 79.9265 
-0.109017 0.0651173 0.991905 109.352 -0.000722121 0.997847 -0.0655868 -7.34109 -0.99404 -0.00786633 -0.108735 79.813 
-0.115915 0.0681679 0.990917 110.59 6.12526e-05 0.997643 -0.0686235 -7.43165 -0.993259 -0.00789378 -0.115646 79.6866 
-0.124774 0.0641854 0.990107 111.843 0.00189354 0.997919 -0.0644533 -7.52607 -0.992183 -0.00616727 -0.124636 79.5445 
-0.135403 0.0620654 0.988845 113.097 0.00420353 0.998063 -0.0620685 -7.61957 -0.990782 -0.00424761 -0.135401 79.3833 
-0.1482 0.0629738 0.98695 114.327 0.00493219 0.998005 -0.0629386 -7.70817 -0.988945 -0.00445969 -0.148215 79.2117 
-0.162534 0.0631969 0.984677 115.551 0.00696499 0.997995 -0.0629021 -7.79529 -0.986678 -0.00336542 -0.162648 79.0295 
-0.176885 0.0607927 0.982352 116.767 0.00760206 0.998145 -0.0604013 -7.8868 -0.984202 -0.00321615 -0.177019 78.8273 
-0.192388 0.0631729 0.979283 117.964 0.0118421 0.998002 -0.062054 -7.97517 -0.981247 -0.000341658 -0.192752 78.6061 
-0.207527 0.0666697 0.975955 119.144 0.0125208 0.997774 -0.0654979 -8.06259 -0.978149 -0.00137288 -0.2079 78.3713 
-0.222689 0.0706194 0.972328 120.319 0.0125266 0.997498 -0.0695786 -8.15279 -0.974809 -0.00331436 -0.223016 78.1218 
-0.238658 0.0687201 0.968669 121.502 0.00899595 0.997607 -0.0685567 -8.24361 -0.971062 -0.00764751 -0.238705 77.852 
-0.254556 0.0632436 0.964988 122.689 0.00382244 0.997917 -0.0643935 -8.33617 -0.96705 -0.0127031 -0.254267 77.565 
-0.270333 0.0594018 0.960932 123.859 -0.000111287 0.998093 -0.0617303 -8.42441 -0.962767 -0.0167947 -0.269811 77.2641 
-0.285339 0.0610448 0.95648 125.026 -0.0013958 0.997942 -0.0641075 -8.51025 -0.958425 -0.0196274 -0.284667 76.939 
-0.299771 0.0631338 0.95192 126.189 -0.00159336 0.997773 -0.0666768 -8.59615 -0.95401 -0.0215045 -0.299003 76.5939 
-0.313507 0.0655957 0.947317 127.339 0.000326882 0.997619 -0.0689707 -8.68585 -0.949586 -0.0213131 -0.312782 76.228 
-0.327456 0.0657389 0.942577 128.48 0.00262866 0.997636 -0.0686658 -8.77673 -0.944863 -0.0200073 -0.326855 75.8436 
-0.341524 0.063761 0.937708 129.618 0.00226286 0.997749 -0.0670195 -8.86838 -0.93987 -0.0207669 -0.3409 75.4498 
-0.355991 0.0626825 0.932385 130.752 0.00208225 0.997798 -0.0662852 -8.95776 -0.934487 -0.0216554 -0.355338 75.0352 
-0.370656 0.0642474 0.926545 131.865 0.000932126 0.99763 -0.0688037 -9.04782 -0.928769 -0.0246389 -0.369838 74.6099 
-0.385862 0.06641 0.920163 132.975 0.0018207 0.997459 -0.0712251 -9.13943 -0.922555 -0.0258077 -0.385002 74.1705 
-0.400425 0.0682171 0.913786 134.073 0.0031347 0.997321 -0.0730796 -9.23238 -0.916324 -0.0263985 -0.399567 73.705 
-0.414985 0.0708773 0.907063 135.167 0.00597164 0.997152 -0.0751848 -9.3292 -0.909809 -0.0257839 -0.414226 73.2207 
-0.429726 0.0744274 0.899886 136.257 0.00573933 0.996802 -0.0797024 -9.42701 -0.902941 -0.0290855 -0.428779 72.7185 
-0.444825 0.0767743 0.892321 137.343 0.00671024 0.996577 -0.0823994 -9.52674 -0.895592 -0.0306656 -0.443817 72.1966 
-0.460138 0.0742397 0.884738 138.426 0.00556612 0.996719 -0.0807414 -9.63141 -0.88783 -0.0322276 -0.459042 71.6568 
-0.476251 0.0699638 0.876522 139.513 0.00263281 0.996938 -0.078145 -9.73478 -0.879306 -0.0349089 -0.474977 71.0936 
-0.492386 0.0700937 0.86755 140.583 0.00214801 0.996847 -0.0793211 -9.83761 -0.870374 -0.0371931 -0.490984 70.5129 
-0.50843 0.069276 0.858312 141.653 0.000820424 0.996797 -0.0799675 -9.93775 -0.861103 -0.0399537 -0.506859 69.9049 
-0.524355 0.0683451 0.848752 142.712 0.000286455 0.996788 -0.0800886 -10.0417 -0.8515 -0.0417517 -0.52269 69.2774 
-0.540156 0.0679852 0.838814 143.759 -0.00095604 0.996681 -0.0813959 -10.1479 -0.841564 -0.0447684 -0.538298 68.6319 
-0.555677 0.0673572 0.828665 144.799 -0.00129827 0.996641 -0.0818816 -10.2551 -0.831397 -0.0465755 -0.553723 67.9636 
-0.571243 0.0646953 0.818228 145.843 -0.00175267 0.99679 -0.0800375 -10.362 -0.820779 -0.0471549 -0.569296 67.2699 
-0.586742 0.0612187 0.807456 146.873 -0.0016196 0.997047 -0.0767698 -10.4679 -0.809772 -0.0463519 -0.584911 66.5568 
-0.60194 0.0596952 0.796307 147.887 -0.000704543 0.997162 -0.0752849 -10.5702 -0.798541 -0.045878 -0.600189 65.8226 
-0.617069 0.0579323 0.784774 148.892 -0.00149992 0.997198 -0.074793 -10.6754 -0.786908 -0.0473295 -0.615253 65.0682 
-0.632091 0.0591247 0.772635 149.881 -0.00281363 0.996903 -0.0785883 -10.7784 -0.774889 -0.0518489 -0.629967 64.2898 
-0.647514 0.0585161 0.759804 150.859 -0.00504061 0.996697 -0.0810561 -10.8855 -0.762037 -0.0563148 -0.64508 63.4933 
-0.663741 0.0554 0.745908 151.853 -0.00688315 0.996758 -0.0801561 -10.9917 -0.747931 -0.0583371 -0.661208 62.6585 
-0.680271 0.0477507 0.731403 152.822 -0.0108362 0.997111 -0.0751765 -11.0975 -0.73288 -0.059066 -0.677789 61.795 
-0.697596 0.0453393 0.715055 153.769 -0.0117027 0.997142 -0.0746425 -11.2019 -0.716396 -0.0604384 -0.695071 60.9157 
-0.715325 0.0426701 0.697488 154.692 -0.0135179 0.997102 -0.0748631 -11.3043 -0.698661 -0.06298 -0.712675 60.0096 
-0.733322 0.0387614 0.678775 155.594 -0.016824 0.997033 -0.0751116 -11.4081 -0.679673 -0.0665007 -0.730495 59.0875 
-0.750292 0.0368863 0.660077 156.462 -0.0165854 0.997078 -0.0745709 -11.5098 -0.660899 -0.0668976 -0.747488 58.146 
-0.766566 0.0387676 0.640994 157.309 -0.0146384 0.996862 -0.0777969 -11.6181 -0.641998 -0.0690197 -0.763593 57.177 
-0.781974 0.0382516 0.622137 158.131 -0.0113264 0.997078 -0.0755411 -11.7249 -0.623209 -0.0661177 -0.779256 56.1777 
-0.796799 0.0394019 0.602958 158.936 -0.00744921 0.997155 -0.0750058 -11.8357 -0.604198 -0.0642561 -0.794239 55.1412 
-0.811765 0.0406152 0.58257 159.709 -0.0056159 0.996989 -0.0773328 -11.949 -0.583957 -0.0660477 -0.809093 54.1126 
-0.825676 0.0423644 0.562552 160.453 -0.00455156 0.996644 -0.0817352 -12.0574 -0.564127 -0.0700473 -0.822712 53.0652 
-0.839013 0.042768 0.542428 161.172 -0.00196986 0.996661 -0.0816292 -12.1691 -0.544108 -0.0695565 -0.836127 51.9915 
-0.850991 0.0407979 0.523593 161.87 -0.000757085 0.996882 -0.0789067 -12.2847 -0.52518 -0.0675452 -0.848306 50.8926 
-0.861832 0.0424467 0.505415 162.533 0.00181791 0.996744 -0.0806105 -12.397 -0.507191 -0.0685538 -0.859103 49.7987 
-0.871542 0.0452139 0.488232 163.171 0.00464026 0.996455 -0.0839958 -12.5102 -0.490299 -0.0709403 -0.868662 48.6922 
-0.880768 0.0431301 0.47158 163.798 0.00313096 0.996352 -0.0852776 -12.6287 -0.473537 -0.0736332 -0.87769 47.5663 
-0.889294 0.0403571 0.455552 164.406 0.00197211 0.996428 -0.0844234 -12.75 -0.457331 -0.0741788 -0.886197 46.4232 
-0.896922 0.0377243 0.440576 165.021 0.00072371 0.996478 -0.0838501 -12.8995 -0.442188 -0.0748881 -0.89379 45.2738 
-0.903995 0.0355458 0.426064 165.608 -9.24124e-05 0.996522 -0.0833343 -13.0162 -0.427544 -0.0753731 -0.900847 44.1079 
-0.910559 0.0326529 0.412088 166.176 -0.00147669 0.996612 -0.0822322 -13.1411 -0.413377 -0.0754858 -0.907426 42.9286 
-0.916522 0.0277376 0.399022 166.718 -0.00400132 0.996907 -0.0784897 -13.2564 -0.399965 -0.0735342 -0.913576 41.7541 
-0.921688 0.0245657 0.387153 167.239 -0.00505187 0.997148 -0.0752982 -13.3627 -0.387899 -0.0713573 -0.918936 40.5688 
-0.926309 0.0245737 0.375962 167.75 -0.00275841 0.997402 -0.0719887 -13.4699 -0.376754 -0.0677209 -0.923835 39.3818 
-0.929477 0.0289544 0.367741 168.231 0.00190077 0.997277 -0.0737173 -13.5738 -0.368875 -0.0678195 -0.927002 38.1843 
-0.931771 0.0341138 0.36144 168.704 0.00727199 0.997129 -0.0753654 -13.6766 -0.362973 -0.0675949 -0.929344 36.9869 
-0.933713 0.0374127 0.356061 169.171 0.0102088 0.996903 -0.0779774 -13.7775 -0.357876 -0.0691736 -0.931203 35.794 
-0.935526 0.0347158 0.351546 169.635 0.00817174 0.99702 -0.0767111 -13.8868 -0.353162 -0.0688925 -0.933022 34.5996 
-0.93744 0.0273542 0.34707 170.106 0.00191677 0.997299 -0.0734246 -13.9888 -0.348141 -0.0681659 -0.93496 33.3995 
-0.939366 0.0211651 0.342263 170.575 -0.00367202 0.997415 -0.071757 -14.0923 -0.342898 -0.0686628 -0.93686 32.194 
-0.941079 0.0146997 0.337867 171.037 -0.0107177 0.997257 -0.0732408 -14.194 -0.338017 -0.0725465 -0.93834 30.9922 
-0.942433 0.0124595 0.334162 171.493 -0.0138119 0.997002 -0.0761277 -14.2968 -0.334109 -0.0763607 -0.939436 29.7838 
-0.94319 0.0128698 0.332004 171.936 -0.0140741 0.996805 -0.0786231 -14.4015 -0.331955 -0.0788291 -0.939995 28.582 
-0.943508 0.0134927 0.331074 172.38 -0.0141609 0.996616 -0.0809728 -14.5075 -0.331046 -0.0810868 -0.940124 27.3813 
-0.943362 0.0161874 0.331369 172.818 -0.0119273 0.996508 -0.0826349 -14.6223 -0.33155 -0.081907 -0.939876 26.1743 
-0.942996 0.0170739 0.332366 173.26 -0.011664 0.996374 -0.0842781 -14.738 -0.3326 -0.0833506 -0.939377 24.9716 
-0.942502 0.0180517 0.333712 173.706 -0.0114418 0.996212 -0.0862038 -14.8568 -0.334004 -0.0850655 -0.938725 23.7539 
-0.941759 0.0193046 0.335734 174.15 -0.0102109 0.996249 -0.0859264 -14.974 -0.336134 -0.0843501 -0.938029 22.5501 
-0.940891 0.0188996 0.338181 174.596 -0.0110881 0.996188 -0.0865225 -15.093 -0.338527 -0.0851581 -0.937095 21.3559 
-0.939514 0.0176638 0.342055 175.049 -0.0128264 0.996154 -0.0866717 -15.2116 -0.34227 -0.0858166 -0.935674 20.1645 
-0.937787 0.016069 0.346839 175.507 -0.0142855 0.996297 -0.0847835 -15.3249 -0.346917 -0.0844637 -0.934085 18.9766 
-0.93582 0.0136262 0.352215 175.975 -0.0164651 0.996472 -0.0822977 -15.438 -0.352094 -0.082815 -0.932294 17.8027 
-0.933148 0.011511 0.359307 176.446 -0.0183734 0.996654 -0.0796464 -15.5494 -0.359022 -0.0809236 -0.929814 16.6221 
-0.930443 0.0136517 0.366183 176.927 -0.0168471 0.996655 -0.0799637 -15.6581 -0.36605 -0.0805708 -0.927101 15.4496 
-0.927253 0.0135017 0.374192 177.412 -0.0179108 0.996606 -0.0803431 -15.7666 -0.374007 -0.0812004 -0.923864 14.3091 
-0.923242 0.0168317 0.38385 177.903 -0.0161983 0.996447 -0.0826542 -15.8764 -0.383877 -0.0825276 -0.919689 13.152 
-0.918813 0.018045 0.39428 178.411 -0.0156452 0.996504 -0.0820659 -15.9857 -0.394382 -0.0815718 -0.915319 12.0001 
-0.913565 0.0200916 0.406197 178.937 -0.0150986 0.996415 -0.0832433 -16.1022 -0.406413 -0.0821811 -0.909986 10.8475 
-0.907523 0.02243 0.419403 179.48 -0.0143773 0.996329 -0.0843945 -16.2187 -0.419757 -0.0826198 -0.903868 9.6908 
-0.901153 0.0250705 0.432775 180.046 -0.0126033 0.996389 -0.0839639 -16.34 -0.433317 -0.0811187 -0.897583 8.53205 
-0.894662 0.0241919 0.446087 180.624 -0.0135883 0.996597 -0.0812994 -16.4569 -0.446536 -0.0787971 -0.891289 7.39746 
-0.887787 0.0269616 0.459463 181.217 -0.0120734 0.996575 -0.0818082 -16.5697 -0.460095 -0.0781756 -0.884421 6.26826 
-0.880706 0.0289544 0.472776 181.825 -0.0105602 0.996681 -0.0807122 -16.6842 -0.473545 -0.0760764 -0.877478 5.15678 
-0.873014 0.0304891 0.48674 182.449 -0.00912954 0.996847 -0.0788166 -16.7949 -0.487609 -0.0732517 -0.869984 4.05009 
-0.865068 0.0319361 0.500636 183.084 -0.0071721 0.997082 -0.0759979 -16.9065 -0.501603 -0.069334 -0.862315 2.96819 
-0.856749 0.0344325 0.514583 183.73 -0.00448171 0.997234 -0.0741901 -17.0176 -0.515714 -0.0658685 -0.854225 1.90547 
-0.847268 0.0375419 0.529837 184.395 -0.00135153 0.997343 -0.0728286 -17.1227 -0.531163 -0.0624215 -0.844967 0.8492 
-0.836608 0.0399275 0.546345 185.079 0.000971691 0.997447 -0.0714066 -17.2286 -0.547802 -0.0592084 -0.83451 -0.188295 
-0.825323 0.0430298 0.563019 185.78 0.00397973 0.997511 -0.0704028 -17.3302 -0.564647 -0.0558643 -0.823439 -1.20937 
-0.813756 0.0447809 0.579479 186.502 0.00498777 0.997529 -0.0700827 -17.4276 -0.581185 -0.0541399 -0.811968 -2.2102 
-0.801817 0.0468879 0.595727 187.25 0.00616791 0.997513 -0.0702097 -17.5236 -0.597538 -0.052621 -0.800112 -3.19645 
-0.788631 0.0492127 0.612894 188.011 0.00794033 0.997524 -0.0698799 -17.6221 -0.614815 -0.0502429 -0.787069 -4.16934 
-0.774551 0.0500122 0.630531 188.79 0.00923915 0.997657 -0.0677824 -17.7173 -0.632444 -0.0466754 -0.773199 -5.12014 
-0.758823 0.0517245 0.64924 189.59 0.0110898 0.997723 -0.0665264 -17.811 -0.651203 -0.0432818 -0.757668 -6.05265 
-0.741772 0.0543279 0.668448 190.409 0.0121483 0.997638 -0.0676019 -17.9052 -0.670543 -0.0420247 -0.74068 -6.95709 
-0.724106 0.0572014 0.687312 191.239 0.0127817 0.997496 -0.0695505 -18.0007 -0.68957 -0.041577 -0.723025 -7.83187 
-0.706325 0.0576899 0.705533 192.091 0.0110932 0.997453 -0.070454 -18.0912 -0.7078 -0.0419368 -0.705167 -8.66262 
-0.687385 0.0577645 0.723992 192.971 0.00913803 0.997441 -0.0709059 -18.1822 -0.726236 -0.0421238 -0.686154 -9.47658 
-0.667069 0.0571526 0.742801 193.861 0.00702844 0.997491 -0.0704373 -18.2808 -0.744963 -0.0417657 -0.665797 -10.265 
-0.646324 0.0578853 0.760864 194.765 0.00505158 0.997421 -0.0715911 -18.3724 -0.763046 -0.0424275 -0.64495 -11.0217 
-0.625365 0.0576019 0.778204 195.698 0.00175483 0.997373 -0.0724145 -18.4636 -0.780331 -0.0439198 -0.623823 -11.7527 
-0.604011 0.0581185 0.794854 196.65 -0.000291801 0.997321 -0.0731444 -18.5487 -0.796976 -0.0444119 -0.602376 -12.4577 
-0.581011 0.0581181 0.811818 197.612 -0.000993565 0.997396 -0.0721148 -18.6417 -0.813895 -0.0427061 -0.579441 -13.1359 
-0.556672 0.0590099 0.828633 198.594 -0.00163775 0.997394 -0.0721283 -18.7346 -0.83073 -0.0415089 -0.555125 -13.7831 
-0.530891 0.062259 0.84515 199.59 -0.00048507 0.997275 -0.0737702 -18.8287 -0.84744 -0.0395739 -0.529414 -14.4037 
-0.503505 0.0630783 0.861687 200.61 -0.00121681 0.997279 -0.0737151 -18.9201 -0.863991 -0.0381644 -0.502058 -14.9986 
-0.475964 0.0618723 0.877285 201.651 -0.00297314 0.997403 -0.071957 -19.0179 -0.87946 -0.0368572 -0.474544 -15.5536 
-0.447433 0.0599521 0.892305 202.701 -0.0047175 0.997578 -0.0693908 -19.111 -0.894305 -0.0352572 -0.446067 -16.0743 
-0.417825 0.0615276 0.906442 203.763 -0.00561537 0.99751 -0.0702976 -19.195 -0.90851 -0.0344621 -0.416439 -16.552 
-0.386479 0.0642281 0.920059 204.845 -0.00642942 0.99736 -0.0723252 -19.2836 -0.922276 -0.0338676 -0.385046 -16.9991 
-0.354414 0.065811 0.93277 205.917 -0.00524668 0.997365 -0.072362 -19.3782 -0.935074 -0.0305401 -0.353135 -17.4042 
-0.322855 0.0662729 0.944125 206.992 -0.00482775 0.997417 -0.0716648 -19.4685 -0.946436 -0.0276953 -0.321701 -17.7606 
-0.290281 0.0664908 0.954629 208.102 -0.00541153 0.997453 -0.0711192 -19.5567 -0.956926 -0.0258105 -0.289181 -18.0853 
-0.256411 0.0653541 0.964356 209.229 -0.005011 0.997608 -0.06894 -19.6513 -0.966555 -0.0225094 -0.255471 -18.3788 
-0.221392 0.0634879 0.973116 210.379 -0.00545086 0.997782 -0.0663374 -19.7432 -0.97517 -0.0199909 -0.220555 -18.6413 
-0.186442 0.0621428 0.980499 211.527 -0.00512442 0.997922 -0.0642216 -19.8343 -0.982453 -0.0169981 -0.185736 -18.8564 
-0.150921 0.0615696 0.986626 212.674 -0.00462265 0.998004 -0.0629868 -19.9219 -0.988535 -0.0140669 -0.150336 -19.0319 
-0.115374 0.0612077 0.991434 213.825 -0.00500903 0.998051 -0.0621992 -20.0038 -0.993309 -0.0121423 -0.114843 -19.1622 
-0.0795167 0.0612055 0.994953 214.974 -0.00495303 0.998077 -0.0617936 -20.0864 -0.996821 -0.00984165 -0.0790606 -19.2534 
-0.0442063 0.0617539 0.997112 216.13 -0.00644429 0.998049 -0.0620978 -20.1698 -0.999002 -0.00917079 -0.0437221 -19.2975 
-0.00972728 0.0611636 0.99808 217.29 -0.00751534 0.998095 -0.0612378 -20.2518 -0.999924 -0.00809659 -0.00924908 -19.3047 
0.0237091 0.0608134 0.997867 218.449 -0.00969259 0.998115 -0.0605983 -20.3288 -0.999672 -0.00823519 0.0242538 -19.2667 
0.0569148 0.0611837 0.996502 219.59 -0.0111169 0.998097 -0.0606468 -20.4124 -0.998317 -0.00762631 0.0574867 -19.1952 
0.0897404 0.0615839 0.994059 220.75 -0.0113571 0.998085 -0.0608081 -20.4869 -0.9959 -0.00583273 0.0902679 -19.085 
0.122088 0.0598294 0.990714 221.909 -0.0107339 0.998203 -0.0589589 -20.5605 -0.992461 -0.00343599 0.122511 -18.9406 
0.153475 0.0587729 0.986403 223.064 -0.00980789 0.998271 -0.0579541 -20.6377 -0.988104 -0.000780039 0.153786 -18.761 
0.183871 0.0587519 0.981193 224.219 -0.00877531 0.99827 -0.0581301 -20.715 -0.982911 0.00207814 0.184068 -18.5419 
0.214003 0.058416 0.975085 225.366 -0.00719646 0.998277 -0.0582262 -20.7901 -0.976806 0.00544343 0.214055 -18.2863 
0.244129 0.0575592 0.968033 226.496 -0.00490543 0.998297 -0.0581217 -20.865 -0.96973 0.0094406 0.243996 -17.9977 
0.274435 0.0559489 0.959977 227.631 -0.00269274 0.998347 -0.0574155 -20.9411 -0.961602 0.0131718 0.274132 -17.6754 
0.304775 0.0546431 0.950855 228.762 -0.00104714 0.998371 -0.0570382 -21.0162 -0.952424 0.0163881 0.304336 -17.3172 
0.334299 0.0537599 0.940933 229.873 0.00165948 0.998337 -0.0576294 -21.0952 -0.942466 0.0208269 0.333653 -16.9217 
0.363092 0.0530983 0.930239 230.974 0.00210439 0.998326 -0.0578062 -21.1721 -0.931751 0.0229465 0.362372 -16.4939 
0.391397 0.051246 0.918794 232.07 0.00268211 0.99838 -0.0568276 -21.2494 -0.920218 0.0247064 0.390625 -16.0295 
0.419571 0.0501899 0.906334 233.157 0.00286931 0.998392 -0.0566162 -21.3242 -0.907718 0.026355 0.418752 -15.5292 
0.447752 0.0509371 0.892706 234.209 0.0043506 0.99824 -0.059141 -21.4024 -0.894147 0.0303643 0.446743 -14.9985 
0.475896 0.0520704 0.877959 235.242 0.00527094 0.998059 -0.0620506 -21.4819 -0.879485 0.0341573 0.474698 -14.4443 
0.503098 0.0503089 0.862764 236.274 0.00646346 0.998057 -0.0619672 -21.5652 -0.864205 0.036752 0.501796 -13.8458 
0.529582 0.0476043 0.846922 237.287 0.00724613 0.998134 -0.0606349 -21.6478 -0.848228 0.038248 0.528249 -13.2136 
0.554631 0.0457951 0.830835 238.285 0.00654305 0.998213 -0.0593888 -21.728 -0.83207 0.0383751 0.553341 -12.5454 
0.577566 0.0459206 0.815052 239.257 0.00495332 0.998201 -0.0597495 -21.8126 -0.816329 0.0385464 0.576299 -11.8495 
0.598229 0.0460321 0.800002 240.217 0.00366427 0.998181 -0.0601756 -21.8902 -0.801317 0.0389302 0.596972 -11.1195 
0.617522 0.0447027 0.785282 241.169 0.00289995 0.998247 -0.0591065 -21.9696 -0.786548 0.0387768 0.61631 -10.3575 
0.635584 0.0420472 0.770886 242.11 0.00285412 0.998381 -0.056809 -22.0506 -0.772026 0.0383071 0.634435 -9.56985 
0.652847 0.0384868 0.756512 243.039 0.0045359 0.998492 -0.0547118 -22.1298 -0.757476 0.0391498 0.651687 -8.76937 
0.669047 0.035937 0.74235 243.954 0.00544048 0.998567 -0.0532437 -22.205 -0.7432 0.0396613 0.667893 -7.94123 
0.684301 0.0334029 0.728435 244.84 0.00744381 0.998578 -0.0527834 -22.2814 -0.729162 0.041542 0.683079 -7.09767 
0.69922 0.032835 0.714152 245.712 0.00718587 0.998571 -0.0529477 -22.3576 -0.71487 0.0421539 0.697985 -6.23218 
0.713833 0.0314616 0.699609 246.561 0.00778661 0.998572 -0.0528512 -22.4283 -0.700273 0.0431744 0.712569 -5.3477 
0.727994 0.0293072 0.684956 247.396 0.00725176 0.998701 -0.050439 -22.4989 -0.685545 0.0416864 0.726836 -4.44068 
0.742079 0.0263752 0.669793 248.213 0.0079682 0.998808 -0.0481595 -22.5697 -0.670265 0.0410751 0.740984 -3.52107 
0.755773 0.0245034 0.654375 249.017 0.00851249 0.998847 -0.047234 -22.6407 -0.654778 0.0412685 0.754693 -2.57833 
0.768826 0.0237903 0.639015 249.792 0.00976472 0.998754 -0.0489318 -22.7096 -0.639384 0.0438598 0.767636 -1.6132 
0.780909 0.0229619 0.624222 250.56 0.0102623 0.998718 -0.049576 -22.7773 -0.62456 0.0451203 0.779672 -0.630102 
0.792332 0.0222724 0.609684 251.317 0.00970971 0.998746 -0.0491039 -22.8477 -0.610013 0.0448264 0.791122 0.375349 
0.803251 0.0198941 0.595308 252.067 0.0101917 0.998837 -0.0471311 -22.9137 -0.595553 0.0439252 0.802114 1.40045 
0.813605 0.0173179 0.58116 252.794 0.0116519 0.99887 -0.0460776 -22.9828 -0.581301 0.0442606 0.812484 2.43705 
0.823148 0.0167214 0.56758 253.504 0.0118182 0.998845 -0.0465666 -23.0499 -0.567703 0.0450389 0.822 3.49427 
0.831957 0.0138807 0.554666 254.204 0.0158073 0.998688 -0.0487024 -23.1166 -0.554615 0.0492861 0.830646 4.56347 
0.840093 0.0113479 0.542324 254.891 0.01725 0.998717 -0.0476192 -23.1841 -0.542168 0.0493596 0.838819 5.64397 
0.847463 0.00827958 0.53079 255.565 0.0197119 0.998698 -0.0470506 -23.2537 -0.530488 0.0503365 0.846196 6.73777 
0.854099 0.00699261 0.520063 256.226 0.0207453 0.998656 -0.0474978 -23.3183 -0.519696 0.0513566 0.852806 7.84313 
0.859203 0.0059379 0.511601 256.88 0.0210717 0.998673 -0.04698 -23.3845 -0.511201 0.0511455 0.857938 8.9722 
0.86292 0.00547648 0.505311 257.523 0.0202519 0.998763 -0.0454087 -23.453 -0.504935 0.0494175 0.861741 10.1044 
0.86568 0.00448867 0.500577 258.17 0.0203574 0.998817 -0.0441619 -23.5193 -0.500183 0.0484205 0.864565 11.2523 
0.868188 0.00322017 0.496224 258.81 0.0211943 0.998826 -0.0435632 -23.5899 -0.495782 0.0483381 0.867101 12.394 
0.870508 0.00171156 0.492151 259.445 0.0223219 0.998827 -0.0429564 -23.6557 -0.491648 0.0483796 0.869449 13.545 
0.872563 -0.000354636 0.488501 260.082 0.0232236 0.998899 -0.0407573 -23.7239 -0.487948 0.046908 0.871611 14.708 
0.874616 -0.0024155 0.484809 260.715 0.0248335 0.998898 -0.039824 -23.7941 -0.484179 0.0468702 0.873713 15.8699 
0.876805 -0.00315892 0.480836 261.342 0.0256598 0.998861 -0.0402287 -23.8564 -0.480161 0.0476109 0.875887 17.0406 
0.878965 -0.00432772 0.476866 261.969 0.0264012 0.998867 -0.0395982 -23.9189 -0.476154 0.0473952 0.878084 18.2123 
0.88095 -0.00426683 0.473191 262.584 0.0259198 0.998893 -0.0392485 -23.9848 -0.472499 0.0468409 0.880085 19.3933 
0.882859 -0.00470507 0.469615 263.2 0.02599 0.998907 -0.0388523 -24.0469 -0.468919 0.0465063 0.882016 20.5816 
0.884914 -0.00412248 0.465737 263.815 0.0251165 0.998928 -0.0388802 -24.1072 -0.465077 0.0461033 0.884069 21.7672 
