1 2.12261e-08 -2.11895e-08 0 2.12261e-08 1 2.10703e-08 0 -2.11895e-08 2.10703e-08 1 0 
1 -0.000528838 8.1372e-05 -0.030535 0.000528747 0.999999 0.00162386 -0.0192872 -8.22731e-05 -0.00162378 0.999999 1.35418 
0.999999 -0.00145356 -8.48769e-05 -0.0606714 0.00145373 0.999998 0.00147037 -0.0326574 8.2697e-05 -0.00147045 0.999999 2.70566 
0.999996 -0.00292952 -0.000147289 -0.0810953 0.00292961 0.999996 0.000317283 -0.0499562 0.000146316 -0.000317671 1 4.05849 
0.999995 -0.00308209 -1.38709e-05 -0.105169 0.00308213 0.999995 0.000246247 -0.0648494 1.30696e-05 -0.000246247 1 5.40319 
0.999994 -0.00356508 0.000271095 -0.13717 0.00356485 0.999993 0.000973229 -0.0821317 -0.000274605 -0.000972214 1 6.77077 
0.999988 -0.00482318 0.000719075 -0.159049 0.00482168 0.999986 0.00213194 -0.0998397 -0.00072939 -0.00212841 0.999998 8.12448 
0.999991 -0.00425107 0.000374458 -0.177365 0.00425017 0.999988 0.00247558 -0.116441 -0.000385019 -0.00247393 0.999997 9.47695 
0.999994 -0.00338351 0.000118048 -0.204197 0.00338349 0.999994 0.000534607 -0.134165 -0.000119899 -0.000534163 1 10.8343 
1 -0.000302025 0.000314298 -0.232272 0.000302642 0.999998 -0.00183003 -0.155368 -0.000313787 0.00183016 0.999998 12.1887 
0.999995 0.00316644 0.000814913 -0.264702 -0.00316408 0.999991 -0.00282497 -0.176892 -0.000823893 0.00282242 0.999996 13.5516 
0.999983 0.00572893 0.000926436 -0.289408 -0.00572602 0.999979 -0.00306442 -0.199409 -0.000944015 0.00305911 0.999995 14.9113 
0.999976 0.00684479 0.00133663 -0.315245 -0.00684152 0.999974 -0.00240643 -0.220661 -0.00135311 0.00239727 0.999996 16.2801 
0.999988 0.0044826 0.00201011 -0.337258 -0.00448324 0.99999 0.000337494 -0.241289 -0.00200862 -0.00034646 0.999998 17.6524 
0.999997 0.000605334 0.00225141 -0.360736 -0.000609953 0.999998 0.00207038 -0.262094 -0.00225019 -0.0020717 0.999995 19.0077 
0.999996 -0.00169344 0.00213117 -0.379836 0.00169389 0.999999 -0.000191584 -0.284382 -0.00213088 0.000195235 0.999998 20.3721 
0.999994 -0.00259736 0.00221688 -0.403619 0.00260244 0.999994 -0.00227396 -0.304172 -0.002211 0.00227976 0.999995 21.7365 
0.999995 -0.000277263 0.00311834 -0.431537 0.00028953 0.999992 -0.00392018 -0.330327 -0.00311728 0.00392111 0.999987 23.1042 
0.999988 0.00291023 0.00403025 -0.452248 -0.00290119 0.999993 -0.00223847 -0.347981 -0.00403678 0.00222679 0.999989 24.4931 
0.999985 0.00328084 0.00443056 -0.46911 -0.00328651 0.999994 0.00128126 -0.370808 -0.00442637 -0.00129576 0.999989 25.8843 
0.999987 0.00109576 0.00502956 -0.48625 -0.00111166 0.999994 0.00316836 -0.388484 -0.0050261 -0.00317387 0.999982 27.2589 
0.999985 -0.00288043 0.00456226 -0.498116 0.00287393 0.999995 0.00144018 -0.406417 -0.00456642 -0.001427 0.999989 28.6391 
0.999985 -0.00330685 0.00438591 -0.513497 0.00331033 0.999994 -0.000777637 -0.431008 -0.00438336 0.000792186 0.99999 30.021 
0.999981 -0.00346107 0.00518202 -0.529162 0.00347781 0.999989 -0.00321639 -0.456486 -0.00517088 0.00323439 0.999981 31.4139 
0.999983 -0.000175975 0.00587819 -0.553818 0.000199593 0.999992 -0.00401019 -0.485233 -0.00587748 0.00401133 0.999975 32.7963 
0.999981 0.000568217 0.00622123 -0.574189 -0.000530318 0.999981 -0.006085 -0.512687 -0.00622462 0.00608162 0.999962 34.1885 
0.999979 0.00158997 0.00634982 -0.588666 -0.0015543 0.999983 -0.00561195 -0.539654 -0.00635868 0.005602 0.999964 35.5991 
0.999979 0.00164827 0.00626732 -0.607166 -0.00162081 0.999989 -0.00437796 -0.569631 -0.00627451 0.00436775 0.999971 36.9971 
0.999979 0.00266681 0.00596071 -0.625003 -0.00264962 0.999992 -0.00288307 -0.598089 -0.0059684 0.00286725 0.999978 38.4023 
0.999966 0.00557875 0.00615981 -0.647285 -0.0055619 0.999981 -0.0027418 -0.624437 -0.00617503 0.00270749 0.999977 39.8079 
0.999944 0.00829148 0.0065953 -0.670374 -0.00826923 0.99996 -0.00338618 -0.645616 -0.00662315 0.0033315 0.999973 41.2303 
0.999924 0.0103521 0.00669161 -0.68787 -0.0103323 0.999942 -0.00298743 -0.671956 -0.00672219 0.00291811 0.999973 42.6508 
0.999919 0.0109921 0.00640188 -0.704053 -0.0109732 0.999935 -0.00297358 -0.69622 -0.00643419 0.00290313 0.999975 44.0836 
0.999929 0.010221 0.00617174 -0.730625 -0.0102012 0.999943 -0.00321324 -0.718945 -0.00620427 0.00315009 0.999976 45.5182 
0.999943 0.00920053 0.00550851 -0.744122 -0.00918027 0.999951 -0.00368315 -0.745062 -0.00554217 0.00363242 0.999978 46.95 
0.99995 0.00869715 0.00502013 -0.771253 -0.00867954 0.999956 -0.00351074 -0.770693 -0.00505049 0.00346704 0.999981 48.3638 
0.999949 0.00923491 0.0040701 -0.792116 -0.00922516 0.999955 -0.00239759 -0.796637 -0.0040921 0.00235996 0.999989 49.7965 
0.999952 0.00928225 0.0030592 -0.815007 -0.00927414 0.999954 -0.00264124 -0.827602 -0.00308361 0.00261279 0.999992 51.2209 
0.999952 0.00962597 0.00195983 -0.836391 -0.00962156 0.999951 -0.00222365 -0.854671 -0.00198118 0.00220473 0.999996 52.6503 
0.999956 0.00933989 0.00106303 -0.865745 -0.00933843 0.999956 -0.00132511 -0.881709 -0.0010754 0.00131517 0.999999 54.1126 
0.999967 0.00811133 0.000603473 -0.895236 -0.00811104 0.999967 -0.000421842 -0.908623 -0.000606917 0.000416975 1 55.5679 
0.999976 0.00697692 0.000188042 -0.917722 -0.00697679 0.999976 -0.000452015 -0.931542 -0.000191233 0.000450734 1 57.011 
0.99999 0.00455495 -0.000163147 -0.940399 -0.00455508 0.999989 -0.00104717 -0.958232 0.000158333 0.00104795 0.999999 58.4458 
0.999993 0.00375629 -0.0002803 -0.960437 -0.00375649 0.999993 -0.000869891 -0.9823 0.000276988 0.00087098 1 59.8887 
0.999998 0.00220652 0.000181409 -0.986493 -0.00220646 0.999998 -0.000116081 -1.01016 -0.000181707 0.000115723 1 61.3261 
0.999999 0.0011395 0.000656545 -1.00952 -0.00113973 0.999999 0.000422444 -1.03396 -0.000656105 -0.000423149 1 62.7886 
0.999999 -0.000286982 0.00128142 -1.03512 0.00028718 1 -0.000121537 -1.06009 -0.00128143 0.000121947 0.999999 64.238 
0.999996 -0.00207819 0.00166516 -1.052 0.00207969 0.999997 -0.000874456 -1.08901 -0.00166338 0.000877958 0.999998 65.6661 
0.999997 -0.00127418 0.00226302 -1.07502 0.00127707 0.999998 -0.00125448 -1.11726 -0.00226146 0.0012574 0.999997 67.1016 
0.999995 -6.08881e-05 0.0031793 -1.09877 6.54355e-05 0.999999 -0.00141683 -1.14751 -0.00317925 0.00141707 0.999994 68.5312 
0.999987 0.00358603 0.0037477 -1.12531 -0.00358528 0.999994 -0.000195539 -1.1742 -0.00374842 0.000182142 0.999993 69.9592 
0.999967 0.00660271 0.00480497 -1.15447 -0.00660807 0.999978 0.00111106 -1.20218 -0.00479757 -0.00114273 0.999988 71.3767 
0.999926 0.0107602 0.0056772 -1.17938 -0.0107687 0.999941 0.0014749 -1.22609 -0.00566104 -0.00153589 0.999983 72.799 
0.999861 0.0153117 0.00656047 -1.20946 -0.0153179 0.999882 0.000893489 -1.24998 -0.00654605 -0.000993816 0.999978 74.1949 
0.999812 0.0180644 0.00711656 -1.23557 -0.0180676 0.999837 0.000392058 -1.27789 -0.00710835 -0.000520522 0.999975 75.6061 
0.999771 0.0198819 0.00788007 -1.25411 -0.0198849 0.999802 0.000300588 -1.30282 -0.00787258 -0.000457172 0.999969 77.022 
0.999771 0.0197422 0.00829956 -1.30261 -0.019747 0.999805 0.000502382 -1.32017 -0.00828807 -0.000666117 0.999965 78.5167 
0.999784 0.0189491 0.00848574 -1.31236 -0.0189504 0.99982 7.89985e-05 -1.34379 -0.00848277 -0.000239748 0.999964 79.9246 
0.999806 0.0177707 0.00847412 -1.3283 -0.0177649 0.999842 -0.000752623 -1.37204 -0.0084862 0.000601977 0.999964 81.3302 
0.999811 0.0176108 0.00820991 -1.34281 -0.0176035 0.999845 -0.000948692 -1.39543 -0.00822538 0.000804031 0.999966 82.741 
0.999818 0.0173491 0.00799155 -1.35597 -0.0173441 0.999849 -0.000697571 -1.42525 -0.00800249 0.000558879 0.999968 84.1272 
0.999826 0.0170509 0.0075788 -1.37707 -0.017042 0.999854 -0.00122859 -1.44763 -0.00759868 0.00109926 0.999971 85.5419 
0.999829 0.0171544 0.00697715 -1.39511 -0.0171482 0.999853 -0.000931829 -1.47189 -0.00699215 0.000812065 0.999975 86.9407 
0.99985 0.0162813 0.00599658 -1.41432 -0.016281 0.999867 -8.08243e-05 -1.49904 -0.00599714 -1.67768e-05 0.999982 88.3524 
0.99989 0.0139141 0.00513191 -1.4313 -0.0139195 0.999903 0.0010237 -1.52351 -0.00511721 -0.00109498 0.999986 89.7457 
0.999924 0.0117348 0.00375779 -1.44435 -0.0117399 0.99993 0.00134006 -1.54455 -0.00374185 -0.00138403 0.999992 91.1405 
0.999948 0.00973858 0.0030613 -1.46657 -0.00974266 0.999952 0.00133341 -1.56726 -0.00304821 -0.00136312 0.999994 92.5358 
0.999965 0.0079628 0.0024932 -1.48194 -0.00796491 0.999968 0.000854222 -1.58612 -0.00248637 -0.000874008 0.999997 93.9404 
0.999973 0.00691373 0.00240312 -1.50074 -0.00691469 0.999976 0.000408078 -1.61066 -0.00240028 -0.000424642 0.999997 95.3082 
0.999971 0.00729184 0.00224182 -1.52363 -0.00729122 0.999973 -0.000266597 -1.63509 -0.00224375 0.000250286 0.999997 96.6725 
0.999971 0.00732349 0.00225495 -1.54507 -0.00732145 0.999973 -0.000891051 -1.66005 -0.00226145 0.000874557 0.999997 98.039 
0.999963 0.00823146 0.00250432 -1.5719 -0.00822733 0.999965 -0.00163551 -1.6864 -0.00251773 0.00161489 0.999996 99.4105 
0.999949 0.00967089 0.00306585 -1.60251 -0.00966666 0.999952 -0.00137944 -1.71367 -0.00307908 0.00134977 0.999994 100.775 
0.999943 0.0102001 0.00329477 -1.62416 -0.0102005 0.999948 0.000107278 -1.73914 -0.00329354 -0.000140838 0.999995 102.145 
0.999933 0.011071 0.0033266 -1.64471 -0.0110761 0.999938 0.00153544 -1.76821 -0.00330944 -0.00157214 0.999993 103.515 
0.999938 0.0105135 0.00359635 -1.66726 -0.0105134 0.999945 -3.71136e-05 -1.79071 -0.00359658 -6.56692e-07 0.999994 104.883 
0.999935 0.0105968 0.00417197 -1.69894 -0.0105865 0.999941 -0.00246692 -1.81454 -0.00419791 0.00242263 0.999988 106.242 
0.999942 0.00998133 0.00399976 -1.72114 -0.00996642 0.999943 -0.00372053 -1.84049 -0.00403671 0.00368049 0.999985 107.593 
0.99996 0.00791148 0.00422965 -1.7383 -0.00790066 0.999966 -0.00255856 -1.86656 -0.00424979 0.00252508 0.999988 108.937 
0.999973 0.00549025 0.00492125 -1.75864 -0.00548615 0.999985 -0.000837384 -1.88937 -0.00492581 0.000810404 0.999988 110.296 
0.999973 0.00416724 0.00609193 -1.77353 -0.00416474 0.999991 -0.000415094 -1.91249 -0.00609365 0.000389753 0.999981 111.654 
0.999972 0.0034039 0.00660228 -1.77842 -0.00339118 0.999992 -0.00193053 -1.93564 -0.00660885 0.00190813 0.999976 113.003 
0.999956 0.00568901 0.00742303 -1.79507 -0.005655 0.999974 -0.00458935 -1.95859 -0.00744899 0.00454722 0.999962 114.356 
0.999931 0.00789174 0.00876006 -1.81064 -0.0078325 0.999946 -0.00677179 -1.98709 -0.00881308 0.00670274 0.999939 115.696 
0.999884 0.0112462 0.0102617 -1.82864 -0.0111754 0.999914 -0.00693442 -2.01568 -0.0103388 0.00681898 0.999923 117.041 
0.999852 0.0122578 0.0120351 -1.84377 -0.0121978 0.999913 -0.00504751 -2.04482 -0.0120959 0.00490001 0.999915 118.399 
0.999834 0.012436 0.0133083 -1.85093 -0.0123971 0.999919 -0.00300048 -2.07219 -0.0133446 0.00283504 0.999907 119.758 
0.999831 0.0117682 0.0141153 -1.85626 -0.0117333 0.999928 -0.00255108 -2.09595 -0.0141443 0.00238507 0.999897 121.117 
0.999806 0.0123892 0.0153425 -1.86271 -0.0123404 0.999919 -0.00327075 -2.12004 -0.0153818 0.00308083 0.999877 122.469 
0.999759 0.0142304 0.0166898 -1.86957 -0.0141665 0.999892 -0.00393572 -2.14684 -0.0167441 0.00369838 0.999853 123.811 
0.999707 0.0162276 0.0179709 -1.87358 -0.0161534 0.99986 -0.00426352 -2.17374 -0.0180376 0.00397202 0.999829 125.169 
0.999678 0.0167413 0.0190857 -1.87678 -0.0166436 0.999848 -0.0052622 -2.20254 -0.0191709 0.00494289 0.999804 126.504 
0.999633 0.0181077 0.0201666 -1.8796 -0.0179846 0.999819 -0.00626593 -2.22905 -0.0202764 0.00590098 0.999777 127.869 
0.999623 0.0172579 0.0213439 -1.87518 -0.0171202 0.999832 -0.00661552 -2.25759 -0.0214546 0.00624766 0.99975 129.23 
0.999604 0.0168467 0.0225266 -1.87456 -0.0167252 0.999845 -0.00556782 -2.2851 -0.0226169 0.0051889 0.999731 130.595 
0.999592 0.0157986 0.0238 -1.87585 -0.0156871 0.999865 -0.00486415 -2.31006 -0.0238737 0.00448885 0.999705 131.968 
0.999593 0.0149557 0.0243104 -1.87165 -0.0148482 0.999879 -0.00459552 -2.33565 -0.0243762 0.00423272 0.999694 133.329 
0.999614 0.0127486 0.0246812 -1.87047 -0.0126442 0.999911 -0.00437751 -2.36451 -0.0247348 0.00406379 0.999686 134.698 
0.999633 0.0110999 0.0247271 -1.86495 -0.0110076 0.999932 -0.00386182 -2.39162 -0.0247683 0.00358825 0.999687 136.053 
0.999657 0.00964041 0.024341 -1.85842 -0.00954322 0.999946 -0.00410397 -2.41896 -0.0243793 0.00387031 0.999695 137.416 
0.99969 0.00839851 0.0234314 -1.85479 -0.00829954 0.999956 -0.00431594 -2.44523 -0.0234667 0.00412018 0.999716 138.777 
0.999721 0.0070132 0.0225392 -1.84929 -0.00693754 0.99997 -0.00343137 -2.47122 -0.0225627 0.00327409 0.99974 140.14 
0.999753 0.00549772 0.0215558 -1.84334 -0.0054287 0.99998 -0.00325713 -2.5004 -0.0215734 0.00313935 0.999762 141.49 
0.999781 0.00510068 0.0202977 -1.84049 -0.00503661 0.999982 -0.00320443 -2.52945 -0.0203138 0.00310153 0.999789 142.838 
0.999803 0.00479015 0.0192814 -1.84135 -0.00471908 0.999982 -0.00372765 -2.55913 -0.019299 0.00363596 0.999807 144.189 
0.99982 0.00490149 0.0183111 -1.84112 -0.00482621 0.99998 -0.00415077 -2.58642 -0.0183312 0.00406169 0.999824 145.546 
0.999843 0.00260488 0.0175149 -1.8433 -0.00249148 0.999976 -0.00649094 -2.61482 -0.0175314 0.00644632 0.999826 146.896 
0.999863 -0.0027918 0.0163199 -1.83448 0.00290219 0.999973 -0.0067415 -2.64776 -0.0163006 0.00678798 0.999844 148.25 
0.999826 -0.010467 0.0154411 -1.82613 0.0105349 0.999935 -0.00432292 -2.67768 -0.0153949 0.00448488 0.999871 149.596 
0.99976 -0.0171825 0.013625 -1.81503 0.0172229 0.999848 -0.0028537 -2.70518 -0.0135739 0.00308772 0.999903 150.949 
0.999712 -0.0202717 0.012856 -1.81337 0.0203537 0.999773 -0.00628039 -2.73295 -0.0127258 0.00654029 0.999898 152.309 
0.99972 -0.0196326 0.013196 -1.81687 0.0197587 0.99976 -0.00948623 -2.76468 -0.0130066 0.00974436 0.999868 153.669 
0.999766 -0.0163555 0.0141445 -1.82403 0.0165218 0.999795 -0.0117201 -2.79948 -0.0139499 0.0119511 0.999831 155.028 
0.999753 -0.0164236 0.0149561 -1.82835 0.0166023 0.999791 -0.011902 -2.83519 -0.0147575 0.0121474 0.999817 156.386 
0.999683 -0.0197372 0.0156498 -1.82633 0.0198695 0.999768 -0.00834115 -2.87297 -0.0154816 0.0086495 0.999843 157.744 
0.999565 -0.0248441 0.0158943 -1.81618 0.0249354 0.999674 -0.00556786 -2.90578 -0.0157508 0.00596181 0.999858 159.103 
0.999459 -0.0287607 0.0159315 -1.80664 0.028829 0.999576 -0.00407287 -2.93949 -0.0158077 0.00453 0.999865 160.477 
0.999414 -0.0301686 0.0161527 -1.80725 0.0302413 0.999534 -0.00427801 -2.96828 -0.0160162 0.00476403 0.99986 161.835 
0.999453 -0.0282429 0.0172307 -1.81003 0.0283066 0.999593 -0.00346077 -3.00052 -0.017126 0.00394666 0.999846 163.19 
0.999533 -0.0243236 0.0184821 -1.81503 0.024409 0.999692 -0.00440225 -3.03088 -0.0183694 0.00485137 0.99982 164.544 
0.999594 -0.0207539 0.0195286 -1.82058 0.0208877 0.99976 -0.00666686 -3.06153 -0.0193856 0.00707211 0.999787 165.895 
0.999637 -0.0177867 0.0202218 -1.81835 0.0179361 0.999813 -0.00722708 -3.09275 -0.0200895 0.0075872 0.999769 167.258 
0.999659 -0.0159505 0.0206702 -1.81244 0.0160801 0.999852 -0.00611419 -3.1264 -0.0205696 0.00644452 0.999768 168.635 
0.999689 -0.0139781 0.0206315 -1.80879 0.0141148 0.999879 -0.00649246 -3.15924 -0.0205383 0.00678169 0.999766 170.009 
0.999723 -0.0119024 0.0202821 -1.80981 0.0120845 0.999888 -0.00887859 -3.19351 -0.0201742 0.00912128 0.999755 171.374 
0.999767 -0.00780419 0.0201432 -1.81699 0.00804253 0.999898 -0.0117762 -3.23015 -0.0200493 0.0119355 0.999728 172.736 
0.999794 -0.0024357 0.0201728 -1.82426 0.00270241 0.999909 -0.013202 -3.2668 -0.0201389 0.0132538 0.999709 174.112 
0.999787 0.00226136 0.0204923 -1.82652 -0.00201313 0.999925 -0.0121239 -3.3056 -0.0205183 0.0120801 0.999717 175.493 
0.999761 0.00528325 0.0212158 -1.82968 -0.00506587 0.999934 -0.0102849 -3.34407 -0.0212688 0.010175 0.999722 176.877 
0.999755 0.00605101 0.0213024 -1.82474 -0.00587605 0.999949 -0.00826442 -3.37786 -0.0213514 0.00813726 0.999739 178.279 
0.999781 0.0031435 0.0206782 -1.82123 -0.00298976 0.999968 -0.00745984 -3.40877 -0.020701 0.00739643 0.999758 179.662 
0.999818 0.000832959 0.019078 -1.81649 -0.000693716 0.999973 -0.00730185 -3.4439 -0.0190836 0.00728732 0.999791 181.053 
0.999851 0.000725751 0.0172437 -1.81417 -0.000527587 0.999934 -0.0114912 -3.47976 -0.0172509 0.0114805 0.999785 182.449 
0.999869 0.00266376 0.0159516 -1.81804 -0.00241297 0.999874 -0.0157182 -3.51875 -0.0159915 0.0156777 0.999749 183.851 
0.999854 0.0073104 0.0154344 -1.82988 -0.00705855 0.999842 -0.016306 -3.56329 -0.0155512 0.0161948 0.999748 185.252 
0.999822 0.0107151 0.0155288 -1.83982 -0.0104787 0.999829 -0.0152271 -3.60844 -0.0156893 0.0150617 0.999764 186.659 
0.999793 0.0127697 0.0158518 -1.84688 -0.0125823 0.99985 -0.0118658 -3.64748 -0.016001 0.011664 0.999804 188.072 
0.999784 0.0133249 0.0159268 -1.84804 -0.013168 0.999864 -0.00991456 -3.68191 -0.0160568 0.00970274 0.999824 189.513 
0.99979 0.0127769 0.0160383 -1.85323 -0.0126304 0.999878 -0.00919889 -3.71046 -0.016154 0.00899442 0.999829 190.961 
0.999813 0.0109278 0.0159446 -1.85174 -0.0107903 0.999904 -0.00868083 -3.73977 -0.016038 0.0085072 0.999835 192.417 
0.999835 0.0083047 0.0161833 -1.85416 -0.00817392 0.999934 -0.00812795 -3.77327 -0.0162498 0.00799436 0.999836 193.851 
0.999853 0.00529752 0.0163104 -1.85419 -0.00516583 0.999954 -0.00810288 -3.80668 -0.0163526 0.00801748 0.999834 195.288 
0.999858 0.00221884 0.0167299 -1.85164 -0.00209848 0.999972 -0.00720617 -3.83584 -0.0167454 0.00717008 0.999834 196.734 
0.999852 -0.0018911 0.0170735 -1.84388 0.00199085 0.999981 -0.00582498 -3.86272 -0.0170622 0.00585816 0.999837 198.195 
0.999839 -0.0045304 0.0173581 -1.83748 0.00463352 0.999972 -0.00590253 -3.89464 -0.0173309 0.00598205 0.999832 199.65 
0.999842 -0.00232726 0.0176314 -1.83885 0.00251021 0.999943 -0.010359 -3.92923 -0.0176063 0.0104016 0.999791 201.085 
0.999824 0.00502624 0.0180677 -1.84893 -0.00474798 0.99987 -0.0154088 -3.97047 -0.0181429 0.0153203 0.999718 202.514 
0.999713 0.0140558 0.0194196 -1.86122 -0.0137547 0.999784 -0.0155543 -4.00986 -0.0196341 0.0152828 0.99969 203.943 
0.999555 0.0216618 0.0205269 -1.87494 -0.0214174 0.999698 -0.0120507 -4.05213 -0.0207818 0.0116057 0.999717 205.38 
0.99951 0.0226651 0.0215686 -1.88002 -0.0224527 0.999698 -0.010035 -4.08724 -0.0217896 0.00954587 0.999717 206.847 
0.999566 0.0206898 0.0209928 -1.87019 -0.0204918 0.999744 -0.0096021 -4.11984 -0.0211862 0.00916779 0.999734 208.304 
0.999646 0.0176818 0.0198714 -1.86444 -0.0174933 0.999801 -0.00961936 -4.15591 -0.0200376 0.00926838 0.999756 209.763 
0.999698 0.0155475 0.0190092 -1.86363 -0.0153555 0.99983 -0.0102018 -4.19236 -0.0191647 0.00990692 0.999767 211.228 
0.999698 0.0162117 0.0184835 -1.86144 -0.0160155 0.999814 -0.0107142 -4.23105 -0.0186538 0.010415 0.999772 212.702 
0.999675 0.0175975 0.0184494 -1.86332 -0.0174035 0.999792 -0.0106194 -4.27 -0.0186325 0.0102949 0.999773 214.172 
0.999648 0.0188737 0.0186409 -1.86978 -0.0186927 0.999777 -0.00983677 -4.30703 -0.0188224 0.0094849 0.999778 215.649 
0.999662 0.0182443 0.0185278 -1.87052 -0.0180542 0.999783 -0.0103743 -4.34623 -0.0187131 0.0100363 0.999775 217.12 
0.999668 0.018157 0.018306 -1.87129 -0.0179484 0.999773 -0.0114892 -4.38324 -0.0185105 0.0111569 0.999766 218.589 
0.999679 0.0176775 0.0181471 -1.87544 -0.0174657 0.999778 -0.01176 -4.42372 -0.018351 0.0114393 0.999766 220.066 
0.999675 0.0180202 0.018022 -1.88046 -0.0178066 0.99977 -0.0119417 -4.46239 -0.0182331 0.0116169 0.999766 221.558 
0.999666 0.0185504 0.0179764 -1.88408 -0.0183313 0.999757 -0.0122734 -4.50117 -0.0181998 0.0119398 0.999763 223.062 
0.999671 0.0185431 0.0177481 -1.88647 -0.0183228 0.999754 -0.0124935 -4.54226 -0.0179755 0.0121642 0.999764 224.554 
0.999658 0.0196459 0.0172446 -1.88644 -0.0194245 0.999728 -0.0129118 -4.58353 -0.0174936 0.0125725 0.999768 226.057 
0.999662 0.0195904 0.0170683 -1.89084 -0.0193684 0.999727 -0.0130739 -4.62444 -0.0173198 0.0127389 0.999769 227.561 
0.999666 0.019704 0.0167189 -1.88907 -0.0194863 0.999725 -0.0130821 -4.66895 -0.0169721 0.012752 0.999775 229.066 
0.99968 0.0190783 0.0166298 -1.89263 -0.0188608 0.999736 -0.0131328 -4.71103 -0.016876 0.012815 0.999776 230.568 
0.9997 0.0177326 0.0168735 -1.89571 -0.0175097 0.999759 -0.0132664 -4.75542 -0.0171047 0.012967 0.99977 232.078 
0.999716 0.0166539 0.0170557 -1.89471 -0.0164319 0.99978 -0.0130753 -4.79699 -0.0172697 0.0127913 0.999769 233.597 
0.999729 0.0153793 0.0174603 -1.90001 -0.0151652 0.999809 -0.0123295 -4.84104 -0.0176466 0.0120614 0.999772 235.114 
0.999729 0.0153852 0.0174927 -1.90086 -0.0151745 0.999812 -0.0121102 -4.88402 -0.0176758 0.0118416 0.999774 236.636 
0.999723 0.0155437 0.0176937 -1.90244 -0.0153271 0.999807 -0.0123149 -4.93082 -0.0178817 0.0120403 0.999768 238.157 
0.999706 0.0162205 0.0180493 -1.90074 -0.015989 0.999789 -0.0128961 -4.97572 -0.0182547 0.0126037 0.999754 239.671 
0.999672 0.0176014 0.0186066 -1.90553 -0.0173751 0.999774 -0.0122489 -5.01912 -0.018818 0.0119216 0.999752 241.191 
0.99965 0.0177458 0.019603 -1.91462 -0.0175491 0.999794 -0.0101547 -5.06227 -0.0197792 0.00980713 0.999756 242.712 
0.999636 0.0177508 0.0203063 -1.91408 -0.0175549 0.999798 -0.00978642 -5.10189 -0.0204759 0.00942642 0.999746 244.237 
0.999625 0.0179323 0.0207017 -1.91097 -0.0176985 0.999778 -0.011419 -5.14525 -0.0209019 0.0110484 0.999721 245.755 
0.999609 0.0182392 0.0211794 -1.90992 -0.0179732 0.999758 -0.0126803 -5.18744 -0.0214056 0.0122947 0.999695 247.282 
0.999582 0.0191371 0.0216769 -1.91183 -0.0188735 0.999746 -0.0122968 -5.23062 -0.0219068 0.0118826 0.999689 248.809 
0.999593 0.018615 0.0216351 -1.90984 -0.0183728 0.999767 -0.0113383 -5.27184 -0.0218412 0.0109363 0.999702 250.354 
0.999594 0.0186186 0.021555 -1.91081 -0.0183875 0.999772 -0.0108691 -5.31368 -0.0217524 0.0104684 0.999709 251.901 
0.999591 0.019066 0.0213053 -1.90552 -0.0188352 0.999762 -0.0109796 -5.34871 -0.0215096 0.0105739 0.999713 253.434 
0.999555 0.0206521 0.0215124 -1.90259 -0.0204205 0.999732 -0.0109275 -5.38799 -0.0217324 0.0104834 0.999709 254.995 
0.999521 0.021999 0.0217682 -1.89839 -0.0217585 0.9997 -0.0112219 -5.42459 -0.0220086 0.0107429 0.9997 256.542 
0.999517 0.0222045 0.0217605 -1.89236 -0.0219692 0.999698 -0.0109921 -5.4656 -0.0219981 0.0105088 0.999703 258.107 
0.999539 0.021111 0.0218131 -1.88629 -0.020878 0.999723 -0.0108527 -5.50995 -0.0220362 0.0103923 0.999703 259.627 
0.999577 0.0192748 0.0218008 -1.88361 -0.0190579 0.999767 -0.0101129 -5.5506 -0.0219907 0.00969319 0.999711 261.169 
0.99962 0.0168522 0.0218182 -1.87201 -0.0166496 0.999817 -0.00942979 -5.58897 -0.0219732 0.00906298 0.999718 262.716 
0.999653 0.0154885 0.021324 -1.85928 -0.0152725 0.999831 -0.010254 -5.62895 -0.0214793 0.00992485 0.99972 264.259 
0.999669 0.0145953 0.0211935 -1.84968 -0.0143563 0.999832 -0.0113849 -5.66875 -0.0213561 0.0110769 0.999711 265.808 
0.999675 0.0131108 0.0218582 -1.84306 -0.012903 0.999871 -0.00961724 -5.70951 -0.0219815 0.00933212 0.999715 267.356 
0.999679 0.0114065 0.0226308 -1.8414 -0.0112271 0.999905 -0.00803401 -5.7495 -0.0227203 0.00777739 0.999712 268.914 
0.999688 0.0104736 0.022698 -1.83541 -0.010274 0.999908 -0.0088917 -5.78855 -0.0227891 0.00865576 0.999703 270.458 
0.999676 0.0101577 0.0233229 -1.82891 -0.00992881 0.999902 -0.00990503 -5.82905 -0.0234213 0.00967029 0.999679 272.006 
0.999653 0.0108183 0.02402 -1.82071 -0.0105746 0.999892 -0.0102454 -5.86954 -0.0241283 0.00998791 0.999659 273.554 
0.999609 0.012735 0.0249008 -1.8132 -0.0124826 0.999869 -0.010264 -5.9125 -0.0250283 0.00994917 0.999637 275.102 
0.999563 0.0143464 0.0258467 -1.80439 -0.0140735 0.999844 -0.0107063 -5.95344 -0.0259963 0.0103379 0.999609 276.659 
0.999513 0.0157891 0.0269152 -1.79535 -0.0154914 0.999817 -0.0112304 -5.99505 -0.0270876 0.010808 0.999575 278.213 
0.999485 0.0162463 0.027689 -1.78242 -0.0159331 0.999807 -0.0114914 -6.03682 -0.0278704 0.0110444 0.999551 279.768 
0.999475 0.0161082 0.0281103 -1.76561 -0.0157673 0.9998 -0.0123055 -6.07857 -0.0283029 0.0118559 0.999529 281.335 
0.999452 0.0157091 0.0291423 -1.75078 -0.015344 0.999802 -0.0127059 -6.12629 -0.0293361 0.0122518 0.999495 282.88 
0.999423 0.0156809 0.0301205 -1.73195 -0.015313 0.999806 -0.0124061 -6.17589 -0.0303093 0.0119377 0.999469 284.449 
0.999423 0.0142891 0.0308245 -1.71501 -0.0139405 0.999837 -0.0114934 -6.21982 -0.0309837 0.0110571 0.999459 286.023 
0.99943 0.0130479 0.0311498 -1.69664 -0.0127069 0.999857 -0.011119 -6.26401 -0.0312904 0.0107169 0.999453 287.577 
0.999437 0.0125818 0.0311172 -1.67898 -0.0121685 0.999836 -0.0134321 -6.31139 -0.0312811 0.0130459 0.999426 289.138 
0.999448 0.0114702 0.031171 -1.65923 -0.0109869 0.999818 -0.0156286 -6.3578 -0.0313446 0.0152776 0.999392 290.699 
0.999467 0.0116061 0.0305013 -1.63706 -0.011137 0.999818 -0.0155045 -6.41092 -0.0306757 0.0151566 0.999415 292.243 
0.999512 0.0105401 0.0294178 -1.61715 -0.0100905 0.999831 -0.0153891 -6.45646 -0.029575 0.0150847 0.999449 293.788 
0.999546 0.00997495 0.0284197 -1.60235 -0.00952592 0.999828 -0.0158904 -6.50684 -0.0285734 0.0156125 0.99947 295.367 
0.999559 0.0101625 0.027903 -1.58808 -0.00971156 0.999821 -0.0162489 -6.55351 -0.0280632 0.0159708 0.999479 296.966 
0.999581 0.00979299 0.0272245 -1.5734 -0.00936783 0.999833 -0.0156993 -6.60361 -0.0273737 0.0154378 0.999506 298.542 
0.999612 0.00930139 0.0262434 -1.56073 -0.00889421 0.999839 -0.0155879 -6.6498 -0.0263842 0.0153485 0.999534 300.114 
0.999644 0.00852917 0.0252896 -1.55116 -0.00817191 0.999866 -0.0141949 -6.69327 -0.0254073 0.0139833 0.999579 301.718 
0.999637 0.0104135 0.0248318 -1.55042 -0.0100908 0.999864 -0.0130847 -6.73688 -0.0249647 0.0128294 0.999606 303.331 
0.999616 0.0106926 0.0255735 -1.54403 -0.0103585 0.99986 -0.0131576 -6.77755 -0.0257107 0.0128876 0.999586 304.937 
0.999589 0.0112486 0.0263837 -1.53097 -0.0108913 0.999848 -0.0136449 -6.81861 -0.0265332 0.013352 0.999559 306.545 
0.999593 0.0100106 0.0267258 -1.51921 -0.00964235 0.999857 -0.0138705 -6.86512 -0.0268609 0.0136072 0.999547 308.152 
0.99962 0.00792317 0.0263935 -1.48438 -0.00753386 0.999862 -0.0148155 -6.91245 -0.0265073 0.0146111 0.999542 309.766 
0.999618 0.00661648 0.0268388 -1.47542 -0.00616771 0.99984 -0.0167678 -6.96114 -0.0269456 0.0165959 0.999499 311.389 
0.999632 0.00595077 0.0264804 -1.45738 -0.00548315 0.999828 -0.0176951 -7.01388 -0.0265812 0.0175434 0.999493 313.004 
0.999686 0.00668379 0.0241477 -1.44553 -0.00623164 0.999805 -0.0187499 -7.06336 -0.0242683 0.0185936 0.999533 314.627 
0.999728 0.00776832 0.0219835 -1.44074 -0.00737122 0.999809 -0.0180856 -7.11705 -0.0221198 0.0179187 0.999595 316.244 
0.999732 0.00860107 0.0214982 -1.4346 -0.00828478 0.999857 -0.0147567 -7.1691 -0.0216221 0.0145746 0.99966 317.881 
0.999735 0.00728075 0.0218551 -1.41487 -0.00702038 0.999904 -0.0119645 -7.21207 -0.0219401 0.0118079 0.99969 319.54 
0.99974 0.00634654 0.0218831 -1.40948 -0.00609873 0.999917 -0.0113704 -7.25264 -0.0219535 0.011234 0.999696 321.177 
0.999742 0.00524868 0.0220862 -1.40206 -0.00497192 0.999909 -0.0125655 -7.29774 -0.0221502 0.0124525 0.999677 322.822 
0.999735 0.0043806 0.0225971 -1.39993 -0.0040952 0.999912 -0.0126587 -7.34166 -0.0226506 0.0125628 0.999665 324.474 
0.999724 0.00420983 0.0231342 -1.39828 -0.00392274 0.999915 -0.0124393 -7.38827 -0.0231847 0.0123452 0.999655 326.13 
0.999707 0.00430879 0.0238398 -1.39524 -0.00401161 0.999914 -0.012498 -7.43571 -0.0238916 0.0123987 0.999638 327.785 
0.999689 0.00573904 0.0242646 -1.39163 -0.00541444 0.999895 -0.0134204 -7.48487 -0.0243391 0.0132849 0.999616 329.437 
0.999662 0.00655448 0.0251687 -1.38933 -0.00620231 0.999882 -0.0140432 -7.53369 -0.0252578 0.0138824 0.999585 331.086 
0.999639 0.00521496 0.0263552 -1.38651 -0.00489322 0.999913 -0.0122561 -7.58031 -0.0264169 0.0121228 0.999578 332.72 
0.999636 0.00443433 0.0266067 -1.37991 -0.00413001 0.999926 -0.0114802 -7.62869 -0.0266557 0.0113662 0.99958 334.377 
0.999641 0.00309387 0.0266293 -1.36517 -0.00275859 0.999917 -0.0126165 -7.6736 -0.0266661 0.0125385 0.999566 336.008 
0.999627 0.00452351 0.0269371 -1.35652 -0.00418866 0.999913 -0.0124729 -7.72582 -0.0269912 0.0123554 0.999559 337.635 
0.999625 0.00623524 0.0266526 -1.34624 -0.00585148 0.999879 -0.0144506 -7.77903 -0.0267395 0.0142892 0.99954 339.259 
0.999619 0.00774346 0.0264991 -1.34972 -0.00727984 0.99982 -0.0175459 -7.82401 -0.0266303 0.0173464 0.999495 340.906 
0.999618 0.00916648 0.0260737 -1.34518 -0.00872087 0.999815 -0.0171517 -7.87718 -0.0262261 0.0169178 0.999513 342.536 
0.999636 0.00976802 0.0251504 -1.34187 -0.00942274 0.99986 -0.0138091 -7.92672 -0.0252818 0.0135671 0.999588 344.168 
0.999657 0.0106598 0.0239169 -1.3285 -0.0104026 0.999887 -0.0108544 -7.97801 -0.02403 0.0106019 0.999655 345.812 
0.999667 0.0111555 0.0232749 -1.34337 -0.010867 0.999863 -0.0124795 -8.01714 -0.023411 0.0122225 0.999651 347.467 
0.999708 0.0106565 0.021696 -1.33948 -0.0103559 0.999849 -0.0139224 -8.06337 -0.0218412 0.0136937 0.999668 349.085 
0.999751 0.00944912 0.0202043 -1.34112 -0.00919529 0.999878 -0.0126172 -8.1143 -0.0203211 0.0124283 0.999716 350.713 
0.999774 0.00810023 0.0196561 -1.34479 -0.00785844 0.999893 -0.012345 -8.16077 -0.019754 0.0121878 0.999731 352.336 
0.999784 0.00785084 0.0192346 -1.34611 -0.00759947 0.999885 -0.0131046 -8.20898 -0.0193353 0.0129556 0.999729 353.961 
0.999792 0.00734704 0.0190398 -1.34518 -0.00708177 0.999878 -0.0139605 -8.25918 -0.01914 0.0138228 0.999721 355.585 
0.999793 0.00717334 0.019026 -1.34127 -0.00690325 0.999875 -0.0142213 -8.30643 -0.0191256 0.0140871 0.999718 357.197 
0.999788 0.00675222 0.0194344 -1.34674 -0.00646914 0.999873 -0.0145897 -8.35363 -0.0195304 0.0144609 0.999705 358.805 
0.999792 0.00612304 0.0194699 -1.34803 -0.00582664 0.999867 -0.0152418 -8.40278 -0.0195607 0.0151252 0.999694 360.414 
0.999795 0.0057081 0.0194243 -1.3465 -0.00539913 0.999859 -0.0159197 -8.45437 -0.0195125 0.0158116 0.999685 362.016 
0.999798 0.00487485 0.0195201 -1.34404 -0.00456865 0.999866 -0.0156982 -8.50607 -0.019594 0.0156059 0.999686 363.629 
0.999793 0.00503905 0.0197226 -1.34371 -0.00471563 0.999854 -0.0164087 -8.55881 -0.0198024 0.0163124 0.999671 365.23 
0.999795 0.00339031 0.0199567 -1.34787 -0.00303909 0.999841 -0.017601 -8.61464 -0.0200132 0.0175368 0.999646 366.839 
0.999798 0.00186096 0.0200233 -1.34935 -0.00154254 0.999872 -0.0159039 -8.66536 -0.0200504 0.0158698 0.999673 368.451 
0.999801 4.80021e-05 0.01993 -1.3432 0.000251678 0.999887 -0.0150317 -8.71811 -0.0199285 0.0150338 0.999688 370.064 
0.999798 -0.000365624 0.0201154 -1.341 0.000689068 0.999871 -0.0160727 -8.76756 -0.0201069 0.0160833 0.999669 371.667 
0.999793 0.000457312 0.0203399 -1.33844 -0.00011834 0.999861 -0.0166613 -8.82174 -0.0203447 0.0166555 0.999654 373.268 
0.999784 0.00188609 0.020687 -1.33977 -0.00155636 0.999872 -0.0159413 -8.87191 -0.0207144 0.0159057 0.999659 374.891 
0.99977 0.00343037 0.0211861 -1.3417 -0.00310753 0.999879 -0.0152506 -8.92085 -0.0212359 0.0151813 0.999659 376.506 
0.999756 0.00389776 0.0217288 -1.34025 -0.00355743 0.999871 -0.0156776 -8.97049 -0.0217871 0.0155965 0.999641 378.122 
0.999753 0.0038381 0.021876 -1.33627 -0.00347512 0.999856 -0.0166046 -9.0208 -0.0219366 0.0165245 0.999623 379.733 
0.999754 0.00375232 0.0218402 -1.32155 -0.00338347 0.999852 -0.0168989 -9.07168 -0.0219004 0.0168208 0.999619 381.374 
0.999746 0.00430874 0.022143 -1.30705 -0.00393027 0.999846 -0.0171054 -9.1268 -0.0222133 0.017014 0.999609 383.007 
0.999736 0.00557564 0.0222945 -1.31028 -0.00519433 0.99984 -0.0171229 -9.17779 -0.0223865 0.0170026 0.999605 384.655 
0.999719 0.007056 0.022611 -1.30761 -0.00667897 0.999838 -0.016705 -9.2318 -0.0227252 0.0165493 0.999605 386.303 
0.999704 0.00843548 0.0228233 -1.29658 -0.00803811 0.999816 -0.017445 -9.28582 -0.0229663 0.0172564 0.999587 387.942 
0.999695 0.00925602 0.0228902 -1.28406 -0.00883798 0.999794 -0.0182952 -9.33469 -0.0230549 0.0180874 0.999571 389.587 
0.999683 0.0100516 0.0230729 -1.27506 -0.00962464 0.999782 -0.0185396 -9.38602 -0.0232543 0.0183117 0.999562 391.218 
0.999671 0.0109669 0.0232053 -1.26931 -0.0105539 0.999785 -0.0178466 -9.43516 -0.0233961 0.0175959 0.999571 392.873 
0.99966 0.0118785 0.0232133 -1.25609 -0.0114713 0.999779 -0.0175928 -9.48908 -0.0234172 0.0173206 0.999576 394.514 
0.999638 0.0127655 0.0236725 -1.25197 -0.0123336 0.999756 -0.0183017 -9.54201 -0.0239004 0.0180032 0.999552 396.151 
0.999626 0.0131204 0.0239916 -1.24238 -0.012687 0.999755 -0.0181295 -9.59579 -0.0242236 0.0178184 0.999548 397.79 
0.999622 0.0132016 0.0241359 -1.23276 -0.0127727 0.999759 -0.0178345 -9.64579 -0.0243656 0.0175195 0.99955 399.442 
0.999618 0.0131543 0.0242931 -1.22281 -0.0126976 0.999742 -0.0188591 -9.70295 -0.0245349 0.0185435 0.999527 401.073 
0.999625 0.0124015 0.0243988 -1.20867 -0.011919 0.999733 -0.0198196 -9.76068 -0.0246381 0.0195214 0.999506 402.7 
0.999626 0.0119078 0.0246292 -1.19949 -0.0114193 0.999737 -0.0198799 -9.81812 -0.0248595 0.0195913 0.999499 404.355 
0.999618 0.0118901 0.0249412 -1.19018 -0.011425 0.99976 -0.0187075 -9.86915 -0.0251577 0.0184155 0.999514 406.014 
0.999632 0.0102844 0.0251103 -1.17674 -0.00985148 0.999802 -0.0173033 -9.92566 -0.0252833 0.0170496 0.999535 407.666 
0.999643 0.00870325 0.0252815 -1.15773 -0.00824823 0.999803 -0.0180454 -9.9843 -0.0254336 0.0178304 0.999518 409.296 
0.999644 0.00777641 0.0255231 -1.15252 -0.00729691 0.999796 -0.0188247 -10.0431 -0.0256643 0.0186318 0.999497 410.958 
