1 2.12261e-08 -2.11895e-08 0 2.12261e-08 1 2.10703e-08 0 -2.11895e-08 2.10703e-08 1 0 
0.999997 -0.00177334 -0.00187125 -0.00146081 0.00177181 0.999998 -0.000839999 -0.0104987 0.0018727 0.000836723 0.999998 0.576199 
0.999992 -0.00237239 -0.00321201 -0.00798436 0.0023652 0.999995 -0.00225221 -0.0219493 0.00321729 0.00224464 0.999992 1.15038 
0.999983 -0.00266744 -0.00520791 -0.0202079 0.00264849 0.99999 -0.00365008 -0.0335795 0.00521755 0.00363626 0.99998 1.71917 
0.999963 -0.00483347 -0.0071382 -0.0313475 0.00479519 0.999974 -0.00537646 -0.0441336 0.00716396 0.00534207 0.99996 2.28431 
0.999936 -0.00724273 -0.0087046 -0.0441879 0.00717954 0.999948 -0.00727363 -0.0554069 0.00875678 0.00721071 0.999936 2.85793 
0.99991 -0.00846806 -0.0104068 -0.0534588 0.00838287 0.999931 -0.0082063 -0.0628792 0.0104755 0.00811837 0.999912 3.44 
0.999895 -0.00858595 -0.0117067 -0.0717623 0.0084975 0.999935 -0.00758718 -0.0754006 0.0117711 0.00748694 0.999903 4.02904 
0.999878 -0.00891752 -0.0128103 -0.0911043 0.00881578 0.999929 -0.00797982 -0.0905912 0.0128806 0.00786596 0.999886 4.62284 
0.99987 -0.00827007 -0.0138241 -0.113234 0.00812049 0.999908 -0.0108444 -0.104607 0.0139125 0.0107308 0.999846 5.2248 
0.999865 -0.0065168 -0.0150953 -0.134717 0.00629459 0.999872 -0.0147241 -0.11947 0.0151893 0.0146271 0.999778 5.83035 
0.999855 -0.00514378 -0.0162186 -0.162483 0.00484219 0.999816 -0.0185826 -0.133108 0.0163111 0.0185014 0.999696 6.4502 
0.999844 -0.00330359 -0.0173784 -0.188176 0.00297885 0.999821 -0.0186813 -0.144155 0.017437 0.0186266 0.999674 7.08436 
0.999829 -0.000872993 -0.0184863 -0.218557 0.000656072 0.999931 -0.0117393 -0.157436 0.0184952 0.0117252 0.99976 7.74484 
0.999814 -0.000105474 -0.0192843 -0.24591 7.89659e-05 0.999999 -0.00137754 -0.168719 0.0192844 0.00137581 0.999813 8.4204 
0.999797 0.00103435 -0.0201321 -0.272495 -0.000930096 0.999986 0.00518534 -0.181352 0.0201372 -0.00516552 0.999784 9.10268 
0.999766 0.00317958 -0.021402 -0.301818 -0.00308691 0.999986 0.00435949 -0.197413 0.0214156 -0.00429236 0.999761 9.79148 
0.999741 0.00535634 -0.0221148 -0.337805 -0.00542544 0.999981 -0.00306807 -0.2027 0.0220979 0.00318731 0.999751 10.4908 
0.999715 0.00493449 -0.0233806 -0.366472 -0.00514936 0.999945 -0.00914078 -0.202439 0.0233342 0.0092586 0.999685 11.2068 
0.999693 0.00277879 -0.0246406 -0.393045 -0.00296548 0.999967 -0.00754496 -0.20527 0.0246188 0.00761575 0.999668 11.9494 
0.999678 0.00171227 -0.025311 -0.419728 -0.00166867 0.999997 0.00174192 -0.214005 0.0253138 -0.00169909 0.999678 12.7169 
0.999672 0.00117136 -0.0255848 -0.456846 -0.000936312 0.999957 0.0091956 -0.223453 0.0255945 -0.00916859 0.99963 13.5007 
0.999654 0.000393215 -0.0263014 -0.489226 -8.85304e-05 0.999933 0.0115829 -0.225996 0.0263041 -0.0115766 0.999587 14.3021 
0.999651 -0.00161681 -0.0263807 -0.520916 0.00189669 0.999942 0.0105861 -0.226489 0.026362 -0.0106324 0.999596 15.115 
0.999658 -0.0019689 -0.0260629 -0.553351 0.00217753 0.999966 0.00797701 -0.225464 0.0260463 -0.00803099 0.999629 15.9413 
0.999673 0.00053185 -0.0255711 -0.592873 -0.000418217 0.99999 0.00444729 -0.22642 0.0255732 -0.0044351 0.999663 16.7788 
0.999695 -0.00256871 -0.0245755 -0.628099 0.00254685 0.999996 -0.000922363 -0.234653 0.0245778 0.000859534 0.999698 17.6416 
0.9997 -0.00535514 -0.0239013 -0.658158 0.00518379 0.99996 -0.00722712 -0.245168 0.023939 0.00710109 0.999688 18.5166 
0.999732 -0.00439396 -0.0227428 -0.693839 0.00410504 0.999911 -0.0127367 -0.255959 0.0227967 0.01264 0.99966 19.4084 
0.999739 -0.00303121 -0.0226418 -0.731582 0.00272258 0.999903 -0.0136513 -0.271932 0.0226809 0.0135862 0.99965 20.315 
0.999737 -0.00294388 -0.0227346 -0.772191 0.00264884 0.999912 -0.0129988 -0.294622 0.0227708 0.0129352 0.999657 21.2444 
0.999732 -0.00156837 -0.0230837 -0.806393 0.00123605 0.999896 -0.0144057 -0.318004 0.0231038 0.0143734 0.99963 22.1835 
0.999735 0.00131797 -0.022969 -0.848871 -0.0016985 0.999862 -0.0165572 -0.34152 0.022944 0.0165919 0.999599 23.139 
0.999714 0.00475283 -0.0234542 -0.891575 -0.00516225 0.999835 -0.0174282 -0.365968 0.0233675 0.0175443 0.999573 24.1082 
0.999705 0.00634212 -0.0234532 -0.936582 -0.00674914 0.999827 -0.0173183 -0.395946 0.0233392 0.0174715 0.999575 25.0814 
0.999691 0.00703687 -0.0238598 -0.978416 -0.00745288 0.999821 -0.0173935 -0.426715 0.0237331 0.017566 0.999564 26.0703 
0.999681 0.00731277 -0.0241879 -1.01708 -0.00773141 0.999821 -0.0172616 -0.456981 0.0240573 0.0174431 0.999558 27.0623 
0.999662 0.00813841 -0.0247073 -1.06152 -0.008534 0.999836 -0.01595 -0.490909 0.0245734 0.0161555 0.999568 28.0728 
0.999647 0.00872676 -0.0250777 -1.10535 -0.00907875 0.999861 -0.0139583 -0.52073 0.0249524 0.0141811 0.999588 29.0881 
0.999636 0.00933781 -0.0253208 -1.15304 -0.00966533 0.999871 -0.0128452 -0.548792 0.0251975 0.0130853 0.999597 30.1069 
0.999636 0.00904615 -0.0254354 -1.19888 -0.0093997 0.99986 -0.0138168 -0.578539 0.0253068 0.0140509 0.999581 31.1373 
0.99961 0.0103181 -0.025941 -1.24287 -0.0107026 0.999834 -0.0147294 -0.605848 0.0257846 0.0150013 0.999555 32.1704 
0.999596 0.0102715 -0.026513 -1.28862 -0.0106447 0.999846 -0.0139741 -0.631926 0.0263653 0.0142507 0.999551 33.2129 
0.999583 0.00945832 -0.0272831 -1.33245 -0.00976814 0.999889 -0.0112464 -0.660381 0.0271736 0.0115082 0.999565 34.2692 
0.999564 0.00971872 -0.0278996 -1.3785 -0.00993338 0.999922 -0.00756722 -0.685975 0.0278238 0.0078411 0.999582 35.328 
0.999545 0.0098305 -0.0285268 -1.42559 -0.00998422 0.999936 -0.00525259 -0.709885 0.0284733 0.00553506 0.999579 36.4 
0.999532 0.00988276 -0.0289564 -1.47565 -0.0100278 0.999938 -0.00487048 -0.732593 0.0289065 0.00515862 0.999569 37.4724 
0.999518 0.00947372 -0.029571 -1.5245 -0.00966147 0.999934 -0.00621421 -0.754148 0.0295102 0.00649696 0.999543 38.5506 
0.999489 0.0099396 -0.0303807 -1.57814 -0.0101533 0.999925 -0.0068906 -0.773493 0.0303099 0.00719559 0.999515 39.6394 
0.999466 0.00966444 -0.0312072 -1.62907 -0.0098483 0.999935 -0.00574474 -0.796161 0.0311496 0.00604906 0.999496 40.7294 
0.999441 0.00964302 -0.0320237 -1.68277 -0.00976603 0.999946 -0.00368835 -0.82045 0.0319864 0.00399907 0.99948 41.8225 
0.999424 0.00960128 -0.0325483 -1.73721 -0.00964785 0.999953 -0.00127512 -0.841429 0.0325344 0.00158845 0.999469 42.9093 
0.999396 0.0106373 -0.0330886 -1.79016 -0.0106911 0.999942 -0.00144968 -0.864727 0.0330712 0.0018026 0.999451 43.9967 
0.999369 0.0119606 -0.0334381 -1.84797 -0.0121443 0.999912 -0.00529727 -0.887627 0.0333718 0.00570005 0.999427 45.0753 
0.999352 0.0133113 -0.0334472 -1.9055 -0.0136313 0.999863 -0.00936054 -0.911256 0.0333179 0.00981044 0.999397 46.1567 
0.999347 0.0135694 -0.0334832 -1.96082 -0.0138973 0.999858 -0.00958025 -0.93773 0.0333484 0.0100394 0.999393 47.242 
0.999346 0.0140756 -0.0333041 -2.0182 -0.0143167 0.999873 -0.00701194 -0.963377 0.0332011 0.0074842 0.999421 48.3241 
0.999343 0.0147859 -0.0330976 -2.07681 -0.0149552 0.999876 -0.00487542 -0.9903 0.0330213 0.00536724 0.99944 49.4112 
0.999358 0.0131505 -0.0333339 -2.12648 -0.0132805 0.999905 -0.00368302 -1.01394 0.0332823 0.00412339 0.999438 50.5053 
0.99938 0.0129798 -0.0327409 -2.18346 -0.0131358 0.999903 -0.00455489 -1.03915 0.0326786 0.00498219 0.999454 51.5928 
0.999397 0.0121447 -0.0325435 -2.23787 -0.0123573 0.999904 -0.00633994 -1.06401 0.0324633 0.0067383 0.99945 52.6957 
0.999407 0.0121163 -0.0322297 -2.28919 -0.0123911 0.999888 -0.00834311 -1.09031 0.0321249 0.00873757 0.999446 53.7932 
0.999419 0.0107437 -0.0323378 -2.33745 -0.0110951 0.999881 -0.0107091 -1.11931 0.0322188 0.0110617 0.99942 54.8866 
0.999434 0.00903773 -0.0324123 -2.38651 -0.00949078 0.999859 -0.0138524 -1.15325 0.0322825 0.0141522 0.999379 55.9744 
0.999453 0.00751395 -0.0321946 -2.44146 -0.00801713 0.999847 -0.01553 -1.1867 0.032073 0.0157797 0.999361 57.0682 
0.99947 0.00588619 -0.032018 -2.49285 -0.00631345 0.999892 -0.013261 -1.21849 0.0319364 0.0134561 0.999399 58.1624 
0.999477 0.00454455 -0.032015 -2.54202 -0.0047825 0.999962 -0.00736102 -1.24732 0.0319803 0.00751033 0.99946 59.2593 
0.999482 0.00314222 -0.0320266 -2.59165 -0.00318938 0.999994 -0.00142274 -1.27093 0.0320219 0.00152419 0.999486 60.3577 
0.999481 0.00139819 -0.0321848 -2.64154 -0.00142126 0.999999 -0.000695121 -1.29172 0.0321838 0.000740546 0.999482 61.4572 
0.999483 -0.00207767 -0.0321001 -2.68854 0.00195682 0.999991 -0.00379701 -1.30998 0.0321077 0.00373227 0.999477 62.5524 
0.999474 -0.00350069 -0.0322474 -2.74038 0.00327793 0.99997 -0.00695958 -1.33219 0.0322708 0.00685025 0.999456 63.6478 
0.999476 -0.00166159 -0.0323128 -2.79688 0.00131086 0.99994 -0.0108736 -1.36317 0.0323289 0.0108255 0.999419 64.7406 
0.999473 -0.00151519 -0.032437 -2.84857 0.00102122 0.999883 -0.015241 -1.39078 0.0324562 0.0151999 0.999358 65.8365 
0.999488 0.00153913 -0.0319486 -2.90493 -0.0020522 0.999869 -0.0160339 -1.41993 0.0319197 0.0160913 0.999361 66.9414 
0.999502 0.00558308 -0.0310441 -2.96863 -0.0059665 0.999907 -0.0122735 -1.45515 0.0309726 0.0124527 0.999443 68.0473 
0.999489 0.00692749 -0.0312108 -3.02211 -0.00725204 0.999921 -0.0102988 -1.48505 0.0311369 0.0105199 0.99946 69.1475 
0.99949 0.00624306 -0.031323 -3.07371 -0.00654156 0.999934 -0.00943774 -1.51423 0.031262 0.00963787 0.999465 70.2502 
0.999498 0.00460684 -0.0313605 -3.12633 -0.00487997 0.999951 -0.00863978 -1.54229 0.0313191 0.00878852 0.999471 71.3509 
0.999491 0.0033629 -0.0317213 -3.17724 -0.00359381 0.999967 -0.00722639 -1.57013 0.031696 0.00733675 0.999471 72.452 
0.999478 0.00179269 -0.0322631 -3.22643 -0.00196251 0.999984 -0.00523389 -1.59628 0.0322532 0.00529452 0.999466 73.5528 
0.999445 0.000534552 -0.0333084 -3.2763 -0.000656434 0.999993 -0.00364961 -1.62129 0.0333062 0.00366949 0.999439 74.654 
0.999427 -0.000353258 -0.0338443 -3.33721 0.000187164 0.999988 -0.00491188 -1.64773 0.0338456 0.00490278 0.999415 75.7528 
0.9994 -0.000205898 -0.034623 -3.3895 -9.82102e-05 0.999961 -0.00878272 -1.67279 0.0346234 0.00878089 0.999362 76.8408 
0.99937 0.000353225 -0.0354819 -3.44398 -0.000738835 0.999941 -0.0108565 -1.70103 0.0354759 0.0108759 0.999311 77.934 
0.999336 0.00226191 -0.0363631 -3.50398 -0.00259727 0.999955 -0.00917895 -1.73095 0.0363406 0.00926734 0.999297 79.0198 
0.999301 0.00306455 -0.0372687 -3.56064 -0.00325289 0.999982 -0.00499506 -1.75714 0.0372526 0.00511284 0.999293 80.1063 
0.999266 0.00456905 -0.0380383 -3.6181 -0.00460894 0.999989 -0.000962158 -1.78139 0.0380334 0.00113681 0.999276 81.1888 
0.999237 0.00567096 -0.0386337 -3.68289 -0.0056912 0.999984 -0.000415218 -1.80306 0.0386306 0.000634817 0.999253 82.2735 
0.99921 0.00544122 -0.0393688 -3.74002 -0.00554497 0.999981 -0.00252769 -1.82327 0.0393542 0.00274403 0.999222 83.3517 
0.999188 0.00541533 -0.0399194 -3.80041 -0.00555548 0.999979 -0.00340179 -1.84431 0.0399001 0.00362085 0.999197 84.4189 
0.999167 0.00460318 -0.0405414 -3.8607 -0.00474962 0.999983 -0.00351754 -1.8701 0.0405245 0.00370721 0.999172 85.4734 
0.999137 0.00346169 -0.0413918 -3.91978 -0.0035974 0.999988 -0.00320576 -1.8964 0.0413801 0.00335194 0.999138 86.5155 
0.999103 0.00233615 -0.0422801 -3.96906 -0.0024119 0.999996 -0.00174162 -1.91824 0.0422758 0.00184207 0.999104 87.5514 
0.999079 0.00244546 -0.0428388 -4.03196 -0.00240823 0.999997 0.00091964 -1.94139 0.0428409 -0.000815584 0.999082 88.5532 
0.999049 0.00153419 -0.0435838 -4.09711 -0.00145545 0.999997 0.00183724 -1.96534 0.0435865 -0.00177202 0.999048 89.539 
0.998952 0.000654928 -0.0457601 -4.15663 -0.000564494 0.999998 0.00198825 -1.9848 0.0457612 -0.00196029 0.998951 90.5023 
0.998801 -1.50876e-05 -0.0489652 -4.21862 6.72745e-05 0.999999 0.0010633 -2.00687 0.0489652 -0.00106528 0.9988 91.445 
0.998632 -1.76225e-05 -0.052288 -4.28459 2.96576e-05 1 0.000228602 -2.02831 0.0522879 -0.000229797 0.998632 92.3621 
0.998476 -0.000441614 -0.0551871 -4.35299 0.000468163 1 0.000467396 -2.0482 0.0551869 -0.000492477 0.998476 93.2605 
0.998312 0.000867859 -0.0580663 -4.42421 -0.000778348 0.999999 0.00156343 -2.06899 0.0580675 -0.00151555 0.998312 94.1292 
0.998123 0.00182776 -0.0612168 -4.49258 -0.00166532 0.999995 0.00270375 -2.08953 0.0612214 -0.00259669 0.998121 94.9744 
0.997953 0.00314097 -0.0638757 -4.56671 -0.00289206 0.999988 0.0039882 -2.10409 0.0638874 -0.00379526 0.99795 95.7951 
0.997777 0.00472617 -0.0664789 -4.63718 -0.00442137 0.999979 0.0047306 -2.11883 0.0664998 -0.00442611 0.997777 96.59 
0.997604 0.00691286 -0.0688307 -4.71125 -0.00657531 0.999965 0.00512888 -2.13634 0.0688637 -0.00466397 0.997615 97.3519 
0.997392 0.00879162 -0.0716404 -4.77954 -0.0085246 0.999956 0.00403156 -2.15421 0.0716726 -0.00341029 0.997422 98.0874 
0.997195 0.00999422 -0.0741796 -4.84884 -0.0099965 0.99995 0.000340028 -2.17245 0.0741792 0.000402505 0.997245 98.7889 
0.996979 0.0123622 -0.0766878 -4.92018 -0.0126656 0.999914 -0.0034723 -2.18796 0.0766382 0.00443316 0.997049 99.4683 
0.996793 0.0140733 -0.0787739 -4.98158 -0.0146107 0.999874 -0.00624925 -2.20192 0.0786759 0.00738019 0.996873 100.121 
0.996697 0.0161722 -0.079587 -5.04542 -0.0168016 0.999833 -0.00724609 -2.21807 0.0794564 0.00855938 0.996802 100.738 
0.99671 0.0183926 -0.0789405 -5.10253 -0.0189939 0.999796 -0.00687358 -2.23489 0.0787979 0.00835039 0.996856 101.332 
0.996861 0.0221379 -0.0760088 -5.16126 -0.0226083 0.99973 -0.00533528 -2.25384 0.0758702 0.00703701 0.997093 101.906 
0.997193 0.0248982 -0.0706145 -5.20948 -0.0252409 0.999674 -0.00396591 -2.26881 0.0704926 0.00573719 0.997496 102.455 
0.997659 0.0256733 -0.0633843 -5.24455 -0.025854 0.999664 -0.00203251 -2.28307 0.0633107 0.00366653 0.997987 102.984 
0.998225 0.0256005 -0.0537671 -5.27447 -0.0256209 0.999672 0.000308964 -2.29287 0.0537573 0.00106919 0.998553 103.486 
0.998804 0.0250565 -0.0419856 -5.29353 -0.0250168 0.999686 0.00147027 -2.30428 0.0420093 -0.000418118 0.999117 103.966 
0.999294 0.0242256 -0.0287035 -5.29968 -0.024193 0.999706 0.00148216 -2.31507 0.0287309 -0.000786645 0.999587 104.429 
0.999618 0.0240657 -0.0135876 -5.30185 -0.0240584 0.99971 0.00069597 -2.32784 0.0136004 -0.000368766 0.999907 104.866 
0.999731 0.0227585 0.00449922 -5.2927 -0.0227477 0.999738 -0.00240895 -2.33997 -0.00455291 0.002306 0.999987 105.292 
0.999416 0.0222927 0.0258969 -5.27548 -0.0221171 0.999731 -0.00704438 -2.35137 -0.026047 0.00646754 0.99964 105.702 
0.99854 0.0201183 0.0501378 -5.238 -0.0195484 0.999739 -0.01183 -2.3626 -0.0503628 0.0108326 0.998672 106.104 
0.996835 0.0178665 0.0774692 -5.19144 -0.0167987 0.999755 -0.0144125 -2.37619 -0.0777078 0.0130655 0.996891 106.5 
0.994089 0.0150774 0.107521 -5.12981 -0.0134715 0.999787 -0.0156459 -2.38827 -0.107734 0.014105 0.99408 106.882 
0.990057 0.0128692 0.140074 -5.05315 -0.0105251 0.999792 -0.0174629 -2.40184 -0.14027 0.015815 0.989987 107.259 
0.984352 0.0103933 0.175905 -4.96287 -0.00715928 0.999794 -0.0190095 -2.41603 -0.176066 0.0174527 0.984224 107.626 
0.976724 0.00710458 0.214381 -4.85712 -0.00303871 0.999809 -0.019289 -2.43065 -0.214477 0.0181887 0.97656 107.977 
0.96698 0.00492722 0.254806 -4.74194 0.000226644 0.999796 -0.0201932 -2.44458 -0.254853 0.0195842 0.966781 108.32 
0.954894 0.00588107 0.296888 -4.61714 0.000438763 0.999775 -0.0212156 -2.45985 -0.296946 0.020389 0.954676 108.653 
0.939797 0.00802463 0.341638 -4.48302 -0.000682415 0.999766 -0.0216058 -2.47526 -0.341732 0.020072 0.939583 108.972 
0.922118 0.00804805 0.386826 -4.33058 -0.000251441 0.999796 -0.0202016 -2.48968 -0.38691 0.018531 0.921931 109.283 
0.901912 0.00755784 0.431853 -4.16074 0.000676653 0.999821 -0.0189109 -2.50158 -0.431919 0.0173482 0.901746 109.581 
0.878784 0.00607326 0.477182 -3.97941 0.00342851 0.999813 -0.0190388 -2.51899 -0.477208 0.0183671 0.878598 109.863 
0.853522 0.006593 0.521016 -3.78407 0.00501947 0.99977 -0.020874 -2.53605 -0.521033 0.0204316 0.853292 110.133 
0.82562 0.00875037 0.564159 -3.57794 0.00579946 0.999695 -0.0239929 -2.55255 -0.564197 0.0230809 0.825318 110.397 
0.794714 0.0135038 0.606834 -3.35595 0.00445525 0.999596 -0.0280784 -2.5689 -0.606968 0.0250179 0.794333 110.654 
0.760453 0.0199022 0.649087 -3.11974 0.00118611 0.999486 -0.0320356 -2.57962 -0.649391 0.0251315 0.760039 110.906 
0.722515 0.0246409 0.690916 -2.86611 -0.00106849 0.999403 -0.0345255 -2.59269 -0.691354 0.024207 0.722111 111.151 
0.682625 0.0249743 0.730342 -2.58838 0.00126514 0.999374 -0.0353563 -2.60605 -0.730768 0.0250591 0.682166 111.377 
0.640845 0.0224503 0.767342 -2.28862 0.00529501 0.999419 -0.0336623 -2.62044 -0.767652 0.0256354 0.640354 111.589 
0.596145 0.0205296 0.802614 -1.97494 0.00684305 0.999507 -0.0306484 -2.63157 -0.802847 0.0237633 0.595711 111.792 
0.549077 0.0192798 0.835549 -1.66103 0.00704486 0.999592 -0.0276944 -2.64568 -0.835742 0.0210927 0.548717 111.969 
0.500536 0.0167043 0.865555 -1.3236 0.00871015 0.999666 -0.0243294 -2.66049 -0.865672 0.0197168 0.500223 112.133 
0.449139 0.0129901 0.893367 -0.97108 0.0108271 0.999742 -0.0199801 -2.67792 -0.893396 0.0186465 0.448882 112.281 
0.396874 0.0131073 0.91778 -0.61099 0.00822353 0.999807 -0.0178348 -2.69529 -0.917836 0.0146256 0.39669 112.413 
0.345296 0.0180594 0.93832 -0.250589 0.00451607 0.999771 -0.020904 -2.71084 -0.938483 0.0114556 0.345136 112.525 
0.294459 0.023155 0.955384 0.124085 0.00416252 0.999666 -0.0255111 -2.72205 -0.955655 0.0114888 0.294264 112.616 
0.247445 0.0252661 0.968572 0.513958 0.00516807 0.999611 -0.027396 -2.73727 -0.968888 0.0117847 0.247219 112.691 
0.205938 0.0248609 0.978249 0.921204 0.0119311 0.999539 -0.0279136 -2.75451 -0.978492 0.0174201 0.205546 112.745 
0.170713 0.0247345 0.98501 1.35452 0.0199483 0.999393 -0.0285529 -2.76621 -0.985119 0.0245236 0.170116 112.79 
0.140149 0.0260509 0.989788 1.79779 0.0239738 0.999272 -0.029695 -2.778 -0.98984 0.0278907 0.139423 112.833 
0.111958 0.0246963 0.993406 2.26823 0.0221415 0.999381 -0.0273402 -2.79175 -0.993466 0.0250565 0.111342 112.882 
0.0864076 0.0213188 0.996032 2.75623 0.0161077 0.99961 -0.0227928 -2.80625 -0.99613 0.0180132 0.0860305 112.928 
0.0624296 0.0173761 0.997898 3.25923 0.011111 0.999774 -0.0181039 -2.82265 -0.997988 0.0122179 0.0622224 112.961 
0.0397701 0.0148169 0.999099 3.77789 0.015443 0.999762 -0.0154415 -2.84151 -0.99909 0.0160432 0.0395318 112.972 
0.0195304 0.0153502 0.999691 4.32535 0.0229208 0.999613 -0.0157967 -2.86286 -0.999547 0.0232223 0.019171 112.972 
0.00228343 0.0176899 0.999841 4.87592 0.0282254 0.999444 -0.0177473 -2.87801 -0.999599 0.0282615 0.00178285 112.962 
-0.0122693 0.0231834 0.999656 5.45052 0.0285564 0.999332 -0.0228254 -2.89144 -0.999517 0.0282665 -0.0129231 112.96 
-0.0230553 0.0278935 0.999345 6.04495 0.0259253 0.999291 -0.0272938 -2.90323 -0.999398 0.0252791 -0.0237621 112.953 
-0.0295192 0.0276617 0.999181 6.66773 0.0285265 0.999233 -0.0268203 -2.91871 -0.999157 0.0277115 -0.0302856 112.941 
-0.0320434 0.0242727 0.999192 7.30874 0.0344924 0.999136 -0.0231652 -2.94418 -0.998891 0.0337222 -0.032853 112.918 
-0.0312746 0.0227102 0.999253 7.95653 0.036302 0.999108 -0.0215707 -2.96148 -0.998851 0.0356003 -0.0320711 112.897 
-0.0293606 0.0223524 0.999319 8.63756 0.0350793 0.999157 -0.0213181 -2.98208 -0.998953 0.0344295 -0.03012 112.892 
-0.0278931 0.0227928 0.999351 9.33514 0.0316158 0.99926 -0.0219083 -3.00319 -0.999111 0.0309842 -0.0285931 112.892 
-0.0267977 0.0240588 0.999351 10.0496 0.0308179 0.999255 -0.02323 -3.02277 -0.999166 0.0301754 -0.0275192 112.891 
-0.0257887 0.0248499 0.999359 10.7821 0.0304812 0.999246 -0.0240605 -3.04698 -0.999203 0.0298411 -0.0265267 112.884 
-0.02488 0.0242347 0.999397 11.5269 0.0301709 0.999269 -0.0234805 -3.07477 -0.999235 0.0295685 -0.025593 112.88 
-0.0241676 0.0230678 0.999442 12.2892 0.0290739 0.999327 -0.0223621 -3.09846 -0.999285 0.0285172 -0.024822 112.878 
-0.0237619 0.0218605 0.999479 13.069 0.0297135 0.999335 -0.0211509 -3.12255 -0.999276 0.0291954 -0.0243956 112.875 
-0.0243354 0.0195989 0.999512 13.8556 0.0304202 0.999359 -0.0188553 -3.14889 -0.999241 0.0299465 -0.024916 112.869 
-0.0257322 0.0179404 0.999508 14.6507 0.0279576 0.999461 -0.0172197 -3.17333 -0.999278 0.0275007 -0.0262199 112.873 
-0.0269491 0.0168089 0.999496 15.449 0.0269638 0.999507 -0.0160821 -3.19876 -0.999273 0.0265168 -0.0273891 112.868 
-0.0278904 0.0143237 0.999508 16.2606 0.0295915 0.999471 -0.0134974 -3.21969 -0.999173 0.0292005 -0.0282995 112.853 
-0.02886 0.0127102 0.999503 17.0858 0.031157 0.999445 -0.0118098 -3.24231 -0.999098 0.0308006 -0.02924 112.839 
-0.0305463 0.0118329 0.999463 17.9157 0.0283392 0.999538 -0.0109676 -3.26767 -0.999132 0.027989 -0.0308676 112.829 
-0.0314254 0.0165581 0.999369 18.744 0.0255929 0.999548 -0.0157563 -3.28827 -0.999178 0.0250816 -0.031835 112.819 
-0.0321078 0.021175 0.99926 19.582 0.0269858 0.999429 -0.0203114 -3.3122 -0.99912 0.0263137 -0.0326609 112.803 
-0.0331404 0.0228534 0.999189 20.4281 0.0273143 0.999386 -0.0219519 -3.3373 -0.999077 0.0265647 -0.0337443 112.788 
-0.0346195 0.0207096 0.999186 21.2773 0.0238672 0.999517 -0.0198895 -3.3652 -0.999116 0.0231592 -0.0350971 112.78 
-0.0357788 0.0165947 0.999222 22.131 0.0210152 0.999654 -0.0158494 -3.39422 -0.999139 0.0204318 -0.0361151 112.77 
-0.0361876 0.0113322 0.999281 22.9861 0.0194909 0.999754 -0.0106317 -3.42127 -0.999155 0.0190921 -0.0363996 112.757 
-0.036523 0.00578306 0.999316 23.8443 0.0159243 0.99986 -0.00520417 -3.44252 -0.999206 0.0157234 -0.0366099 112.748 
-0.0364785 0.00450068 0.999324 24.6994 0.0133983 0.999902 -0.00401417 -3.46817 -0.999245 0.0132428 -0.0365352 112.739 
-0.0355102 0.0113204 0.999305 25.5436 0.0163838 0.999808 -0.0107439 -3.49533 -0.999235 0.0159909 -0.0356889 112.721 
-0.0345989 0.0224231 0.99915 26.3799 0.0185724 0.99959 -0.0217898 -3.51908 -0.999229 0.0178027 -0.0350012 112.707 
-0.0339996 0.0277434 0.999037 27.2175 0.020526 0.999423 -0.0270556 -3.54104 -0.999211 0.0195864 -0.0345495 112.69 
-0.0326126 0.0221527 0.999223 28.0585 0.0221621 0.999525 -0.021436 -3.57413 -0.999222 0.0214458 -0.0330881 112.675 
-0.0316252 0.0143529 0.999397 28.899 0.025283 0.999588 -0.0135555 -3.60573 -0.99918 0.024839 -0.031975 112.657 
-0.0309298 0.0115112 0.999455 29.7298 0.0267408 0.999585 -0.0106851 -3.63196 -0.999164 0.0263957 -0.0312248 112.642 
-0.0311655 0.0120186 0.999442 30.5535 0.0255017 0.999612 -0.0112254 -3.6604 -0.999189 0.0251377 -0.0314599 112.634 
-0.0319784 0.012945 0.999405 31.3756 0.0226463 0.999669 -0.0122238 -3.68504 -0.999232 0.022242 -0.032261 112.626 
-0.0338853 0.0131549 0.999339 32.1913 0.0207006 0.999708 -0.0124578 -3.70888 -0.999211 0.0202648 -0.0341478 112.617 
-0.0361095 0.0131351 0.999262 33.0123 0.0205034 0.999713 -0.0124001 -3.73515 -0.999138 0.0200405 -0.0363685 112.606 
-0.0380084 0.0134664 0.999187 33.8196 0.019619 0.999727 -0.0127273 -3.76225 -0.999085 0.0191193 -0.0382622 112.588 
-0.0399846 0.013759 0.999106 34.6268 0.0179562 0.999754 -0.0130493 -3.78882 -0.999039 0.0174184 -0.0402218 112.573 
-0.0419154 0.0129297 0.999038 35.4292 0.0162393 0.999793 -0.0122581 -3.81252 -0.998989 0.0157098 -0.0421167 112.557 
-0.0439088 0.0117305 0.998967 36.2277 0.0170643 0.999794 -0.0109901 -3.84159 -0.99889 0.0165641 -0.0441 112.535 
-0.0459455 0.0119022 0.998873 37.02 0.0168567 0.999796 -0.0111378 -3.86649 -0.998802 0.016326 -0.0461367 112.517 
-0.0478178 0.0129587 0.998772 37.8078 0.0167491 0.999786 -0.0121699 -3.88988 -0.998716 0.0161466 -0.0480246 112.495 
-0.048629 0.0131896 0.99873 38.5888 0.0172762 0.999774 -0.0123622 -3.91383 -0.998668 0.0166531 -0.0488459 112.47 
-0.0497459 0.0120349 0.998689 39.3705 0.0193323 0.999752 -0.0110847 -3.93886 -0.998575 0.0187556 -0.0499662 112.442 
-0.0513218 0.011139 0.99862 40.1501 0.0194657 0.999759 -0.0101513 -3.96607 -0.998492 0.0189179 -0.0515263 112.418 
-0.0524926 0.0108349 0.998563 40.9217 0.0184592 0.999781 -0.00987774 -3.98869 -0.998451 0.0179141 -0.0526811 112.393 
-0.053736 0.0100251 0.998505 41.6778 0.0166335 0.99982 -0.00914314 -4.01016 -0.998417 0.0161174 -0.053893 112.371 
-0.0545437 0.00884405 0.998472 42.4181 0.0155512 0.999847 -0.00800667 -4.03226 -0.99839 0.0150907 -0.0546729 112.348 
-0.0552335 0.00844458 0.998438 43.1349 0.0160014 0.999843 -0.00757123 -4.0554 -0.998345 0.0155583 -0.0553599 112.321 
-0.0554134 0.0110364 0.998403 43.841 0.0161465 0.999818 -0.0101558 -4.07931 -0.998333 0.0155579 -0.0555816 112.296 
-0.0552367 0.0137476 0.998379 44.543 0.0161454 0.999787 -0.0128736 -4.10267 -0.998343 0.0154081 -0.0554468 112.267 
-0.0552132 0.0153838 0.998356 45.2437 0.014369 0.99979 -0.0146112 -4.12735 -0.998371 0.0135386 -0.0554226 112.243 
-0.0554214 0.0161863 0.998332 45.9381 0.0147424 0.999773 -0.0153912 -4.15205 -0.998354 0.0138648 -0.0556475 112.218 
-0.0551253 0.0160806 0.99835 46.6319 0.0161041 0.999755 -0.015214 -4.17446 -0.99835 0.0152389 -0.0553708 112.187 
-0.0551745 0.0157301 0.998353 47.3205 0.0170941 0.999744 -0.0148073 -4.19633 -0.99833 0.016249 -0.0554293 112.159 
-0.0552133 0.0157514 0.99835 48.0053 0.0132736 0.999799 -0.0150401 -4.22025 -0.998386 0.0124213 -0.0554112 112.136 
-0.0549838 0.0159556 0.99836 48.6899 0.0108134 0.999823 -0.0153834 -4.24561 -0.998429 0.00994978 -0.0551466 112.117 
-0.0547234 0.014487 0.998396 49.3788 0.0127703 0.999823 -0.0138077 -4.26877 -0.99842 0.0119942 -0.0548987 112.089 
-0.0555694 0.0139161 0.998358 50.0562 0.0133134 0.999824 -0.0131955 -4.29102 -0.998366 0.0125583 -0.0557449 112.061 
-0.0591125 0.0134785 0.99816 50.7355 0.0102593 0.999864 -0.0128939 -4.31196 -0.998199 0.00947822 -0.0592428 112.038 
-0.0642945 0.0131523 0.997844 51.4106 0.00636455 0.999898 -0.0127693 -4.33543 -0.997911 0.00552983 -0.0643717 112.014 
-0.069992 0.0169472 0.997404 52.0805 0.0102379 0.999815 -0.0162697 -4.35613 -0.997495 0.00907257 -0.0701525 111.974 
-0.0764613 0.019865 0.996875 52.7546 0.0126381 0.999741 -0.0189528 -4.3745 -0.996992 0.0111494 -0.0766925 111.926 
-0.0838558 0.0216316 0.996243 53.4308 0.0119134 0.999715 -0.0207041 -4.39528 -0.996407 0.0101325 -0.0840896 111.882 
-0.0900535 0.0208772 0.995718 54.1117 0.00824577 0.999762 -0.0202162 -4.41906 -0.995903 0.00638992 -0.0902042 111.837 
-0.0953482 0.0197172 0.995249 54.799 0.0078933 0.999787 -0.0190508 -4.44311 -0.995413 0.00603933 -0.0954836 111.784 
-0.0998775 0.0203113 0.994792 55.495 0.00564519 0.999787 -0.0198465 -4.46665 -0.994984 0.00363357 -0.0999709 111.728 
-0.103817 0.0197796 0.9944 56.1959 0.00358163 0.999803 -0.0195131 -4.4872 -0.99459 0.00153577 -0.103868 111.672 
-0.106443 0.0166135 0.99418 56.9028 0.00420752 0.999859 -0.0162579 -4.50884 -0.99431 0.00245249 -0.106498 111.61 
-0.108177 0.0135602 0.994039 57.618 0.00636539 0.999896 -0.0129474 -4.52792 -0.994111 0.00492683 -0.108252 111.542 
-0.109511 0.010788 0.993927 58.3396 0.00619799 0.999929 -0.0101702 -4.54976 -0.993966 0.0050466 -0.10957 111.477 
-0.110825 0.0106351 0.993783 59.0665 0.00535085 0.999935 -0.0101041 -4.56823 -0.993826 0.00419779 -0.110875 111.413 
-0.110983 0.0144731 0.993717 59.7961 0.00733219 0.999879 -0.013744 -4.58634 -0.993795 0.00576077 -0.111076 111.342 
-0.110938 0.0183543 0.993658 60.5349 0.0131479 0.999769 -0.0169992 -4.60878 -0.99374 0.0111787 -0.111154 111.264 
-0.11133 0.0231202 0.993515 61.2763 0.0208353 0.999564 -0.0209262 -4.63402 -0.993565 0.0183705 -0.111763 111.182 
-0.111819 0.0243582 0.99343 62.025 0.0214426 0.999526 -0.0220941 -4.65716 -0.993497 0.0188312 -0.112289 111.107 
-0.112042 0.0221917 0.993456 62.7781 0.0195412 0.999607 -0.0201252 -4.68133 -0.993511 0.0171584 -0.112431 111.04 
-0.111703 0.0172479 0.993592 63.5322 0.0198071 0.999689 -0.015127 -4.70918 -0.993544 0.0179905 -0.11201 110.965 
-0.111497 0.0151882 0.993649 64.286 0.0220358 0.999675 -0.0128077 -4.73476 -0.99352 0.0204678 -0.111796 110.888 
-0.112479 0.0147904 0.993544 65.0331 0.0223025 0.999675 -0.0123568 -4.76037 -0.993404 0.0207686 -0.112773 110.817 
-0.114134 0.0155849 0.993343 65.7775 0.0206344 0.999698 -0.0133137 -4.78467 -0.993251 0.0189774 -0.114421 110.747 
-0.116191 0.0163019 0.993093 66.5186 0.0198608 0.999704 -0.0140866 -4.80703 -0.993028 0.0180869 -0.116481 110.675 
-0.118285 0.0164456 0.992844 67.2628 0.0210993 0.999679 -0.014045 -4.83119 -0.992756 0.019287 -0.118594 110.599 
-0.120006 0.0166653 0.992633 68.0053 0.0214576 0.999669 -0.0141893 -4.85501 -0.992541 0.0195967 -0.120324 110.519 
-0.121931 0.0162993 0.992405 68.7539 0.0213882 0.999676 -0.0137908 -4.87784 -0.992308 0.0195443 -0.12224 110.44 
-0.123446 0.0166605 0.992212 69.5027 0.0193328 0.99971 -0.0143811 -4.90027 -0.992163 0.017407 -0.123732 110.362 
-0.124592 0.0181424 0.992042 70.266 0.0193439 0.999687 -0.0158527 -4.92414 -0.99202 0.0172149 -0.124904 110.283 
-0.125445 0.0185088 0.991928 71.0281 0.0180331 0.999703 -0.0163732 -4.94688 -0.991937 0.0158336 -0.125742 110.204 
-0.12691 0.0189426 0.991733 71.7988 0.017934 0.999698 -0.0167998 -4.96853 -0.991752 0.0156537 -0.127211 110.129 
-0.12813 0.0172493 0.991607 72.5809 0.0184779 0.999717 -0.0150027 -4.99255 -0.991585 0.0164005 -0.128413 110.045 
-0.129275 0.0149626 0.991496 73.3683 0.0161654 0.999785 -0.0129799 -5.01527 -0.991477 0.01435 -0.129489 109.963 
-0.131009 0.013045 0.991295 74.1595 0.0133943 0.999845 -0.0113873 -5.03418 -0.991291 0.0117858 -0.131164 109.88 
-0.133191 0.0125551 0.991011 74.952 0.0148338 0.999833 -0.0106732 -5.0558 -0.990979 0.0132789 -0.133355 109.789 
-0.134929 0.0130551 0.990769 75.744 0.0161205 0.99981 -0.0109788 -5.07951 -0.990724 0.0144903 -0.135113 109.695 
-0.137167 0.0142902 0.990445 76.549 0.0155708 0.999804 -0.0122688 -5.10167 -0.990426 0.0137392 -0.137363 109.602 
-0.138663 0.0178686 0.990178 77.3554 0.017135 0.999731 -0.0156413 -5.12581 -0.990191 0.0147979 -0.138932 109.503 
-0.139056 0.0218423 0.990044 78.1657 0.0190363 0.999631 -0.0193801 -5.15105 -0.990102 0.0161518 -0.13942 109.4 
-0.140073 0.0257494 0.989806 78.9824 0.0200906 0.99953 -0.0231592 -5.17955 -0.989937 0.0166418 -0.140525 109.3 
-0.139749 0.0268913 0.989822 79.8126 0.0224274 0.999461 -0.0239867 -5.20752 -0.989933 0.018847 -0.140277 109.197 
-0.139262 0.0262201 0.989908 80.6486 0.0261056 0.999399 -0.0227988 -5.23905 -0.989911 0.0226672 -0.139863 109.091 
-0.139237 0.024412 0.989958 81.4922 0.026651 0.999426 -0.020897 -5.26971 -0.9899 0.0234738 -0.139808 108.989 
-0.138638 0.0228041 0.990081 82.338 0.0259478 0.999475 -0.0193871 -5.2994 -0.990003 0.0230026 -0.139157 108.891 
-0.136824 0.0203177 0.990387 83.1875 0.0249209 0.999544 -0.0170626 -5.32979 -0.990282 0.0223468 -0.137268 108.792 
-0.135147 0.0172511 0.990675 84.0474 0.0255831 0.999576 -0.013916 -5.35615 -0.990495 0.0234639 -0.135531 108.693 
-0.13357 0.0138958 0.990942 84.9049 0.0260485 0.999606 -0.0105061 -5.38181 -0.990697 0.0244092 -0.133879 108.594 
-0.131938 0.0136412 0.991164 85.7664 0.0243032 0.999649 -0.0105228 -5.4087 -0.99096 0.0227001 -0.132223 108.501 
-0.130616 0.017801 0.991273 86.6217 0.0253159 0.999573 -0.0146142 -5.43714 -0.99111 0.0231861 -0.131011 108.405 
-0.128613 0.0241577 0.991401 87.4725 0.0260661 0.99944 -0.0209721 -5.46255 -0.991352 0.0231447 -0.12917 108.311 
-0.127273 0.0276285 0.991483 88.3296 0.0239541 0.999406 -0.0247743 -5.48995 -0.991578 0.020597 -0.12786 108.221 
-0.125952 0.0251615 0.991717 89.1901 0.0224944 0.999494 -0.0225019 -5.52307 -0.991781 0.0194739 -0.126454 108.13 
-0.124603 0.0225509 0.99195 90.0525 0.0228511 0.999542 -0.0198531 -5.55614 -0.991944 0.0201934 -0.125061 108.038 
-0.124111 0.0210092 0.992046 90.9267 0.0238032 0.999551 -0.0181902 -5.5854 -0.991983 0.0213562 -0.124555 107.949 
-0.123377 0.0207229 0.992144 91.8027 0.0227867 0.999578 -0.0180446 -5.61512 -0.992098 0.0203814 -0.123797 107.86 
-0.122964 0.020664 0.992196 92.6704 0.0219921 0.999594 -0.0180925 -5.6472 -0.992167 0.0195957 -0.123369 107.772 
-0.122187 0.0189363 0.992327 93.5384 0.0246822 0.999567 -0.0160353 -5.6769 -0.9922 0.0225335 -0.122601 107.679 
-0.120926 0.0180485 0.992497 94.4101 0.0273255 0.999516 -0.0148467 -5.7107 -0.992285 0.0253251 -0.121361 107.584 
-0.120039 0.0193658 0.99258 95.2796 0.0295292 0.999437 -0.0159284 -5.74206 -0.99233 0.0273981 -0.120543 107.492 
-0.119014 0.0214167 0.992662 96.1511 0.0302211 0.999382 -0.0179384 -5.77479 -0.992433 0.0278644 -0.119588 107.398 
-0.117932 0.0230811 0.992753 97.0194 0.0276111 0.99942 -0.019956 -5.80217 -0.992638 0.0250575 -0.118501 107.308 
-0.117207 0.0189587 0.992927 97.8862 0.0226902 0.999608 -0.0164079 -5.83298 -0.992848 0.0206066 -0.117591 107.226 
-0.117008 0.016903 0.992987 98.7522 0.0184148 0.99972 -0.0148477 -5.86736 -0.99296 0.0165483 -0.117287 107.142 
-0.11804 0.0173545 0.992857 99.6079 0.0148719 0.999766 -0.0157071 -5.89804 -0.992897 0.0129116 -0.118271 107.06 
-0.11916 0.0220495 0.99263 100.451 0.0118653 0.999714 -0.0207824 -5.92789 -0.992804 0.00930145 -0.119387 106.978 
-0.11989 0.0245535 0.992484 101.297 0.0112544 0.999664 -0.0233716 -5.95874 -0.992723 0.00836784 -0.120126 106.893 
-0.120297 0.0249293 0.992425 102.133 0.0118301 0.99965 -0.0236767 -5.99377 -0.992667 0.00889227 -0.12055 106.805 
-0.120509 0.0243973 0.992412 102.968 0.0133344 0.999648 -0.0229559 -6.02842 -0.992623 0.0104669 -0.120792 106.714 
-0.120958 0.0250638 0.992341 103.794 0.0147287 0.999616 -0.0234522 -6.06557 -0.992548 0.0117792 -0.12128 106.627 
-0.121348 0.0281569 0.992211 104.614 0.0161614 0.999521 -0.0263877 -6.10223 -0.992478 0.0128334 -0.121745 106.54 
-0.12173 0.0294914 0.992125 105.429 0.0157191 0.99949 -0.0277816 -6.13939 -0.992439 0.0122135 -0.122132 106.452 
-0.122602 0.029917 0.992005 106.239 0.0141926 0.999496 -0.0283888 -6.174 -0.992355 0.0105987 -0.122965 106.364 
-0.124752 0.0287775 0.991771 107.045 0.0123875 0.999547 -0.0274449 -6.2122 -0.992111 0.00886176 -0.125052 106.28 
-0.127937 0.02993 0.991331 107.846 0.0123507 0.999515 -0.0285831 -6.25181 -0.991705 0.00858674 -0.128245 106.194 
-0.131146 0.0325793 0.990828 108.642 0.0121241 0.999438 -0.0312576 -6.28889 -0.991289 0.00791359 -0.131467 106.104 
-0.134464 0.0339788 0.990336 109.432 0.010435 0.999405 -0.0328731 -6.32653 -0.990864 0.00591386 -0.134738 106.014 
-0.137663 0.0340741 0.989893 110.216 0.0109463 0.999399 -0.032879 -6.36474 -0.990419 0.00630945 -0.137953 105.92 
-0.140564 0.0327648 0.989529 110.999 0.012417 0.999432 -0.0313288 -6.40452 -0.989994 0.00788326 -0.140891 105.822 
-0.142855 0.0336319 0.989172 111.775 0.0140131 0.999391 -0.0319555 -6.44399 -0.989644 0.0092963 -0.14324 105.718 
-0.144838 0.0380484 0.988724 112.55 0.00945107 0.999268 -0.0370697 -6.48706 -0.98941 0.00397541 -0.145091 105.627 
-0.146501 0.0449515 0.988189 113.315 0.0072103 0.998989 -0.0443738 -6.53305 -0.989184 0.000624318 -0.146677 105.533 
-0.149092 0.0479578 0.98766 114.082 0.0114285 0.99884 -0.0467754 -6.57315 -0.988757 0.00431356 -0.149468 105.425 
-0.15165 0.0460907 0.987359 114.852 0.0135106 0.998916 -0.044555 -6.61587 -0.988342 0.00658303 -0.152108 105.313 
-0.154861 0.0381666 0.987199 115.628 0.0118519 0.999253 -0.0367734 -6.6646 -0.987865 0.00600544 -0.155198 105.209 
-0.157107 0.0359361 0.986928 116.396 0.0107801 0.999341 -0.034672 -6.71254 -0.987523 0.00519193 -0.157391 105.104 
-0.158664 0.0389268 0.986565 117.156 0.0104495 0.999233 -0.0377461 -6.75285 -0.987277 0.00432014 -0.158949 104.992 
-0.161309 0.0423161 0.985996 117.909 0.00802422 0.999104 -0.0415658 -6.79363 -0.986871 0.00120689 -0.161504 104.883 
-0.16388 0.0448188 0.985462 118.656 0.00752742 0.998995 -0.0441825 -6.83816 -0.986452 0.000177343 -0.164053 104.775 
-0.165664 0.0491003 0.984959 119.4 0.0115761 0.998788 -0.0478426 -6.88546 -0.986114 0.0034762 -0.166031 104.659 
-0.167446 0.0536577 0.98442 120.14 0.0118646 0.998555 -0.05241 -6.9309 -0.98581 0.00290393 -0.167841 104.545 
-0.170456 0.0559574 0.983775 120.884 0.0112908 0.998432 -0.0548347 -6.97802 -0.985301 0.00176073 -0.170821 104.436 
-0.173087 0.0535913 0.983448 121.636 0.0121756 0.998559 -0.0522718 -7.02623 -0.984831 0.00292654 -0.17349 104.328 
-0.176956 0.0500607 0.982945 122.378 0.0163216 0.998718 -0.0479256 -7.07858 -0.984084 0.00756249 -0.177546 104.202 
-0.182829 0.0487033 0.981938 123.118 0.0186005 0.998765 -0.0460747 -7.12574 -0.982969 0.00984073 -0.183509 104.078 
-0.189036 0.047392 0.980826 123.849 0.0172975 0.99884 -0.0449286 -7.17341 -0.981818 0.00847267 -0.189637 103.952 
-0.197427 0.0476398 0.979159 124.58 0.0163002 0.99884 -0.0453107 -7.21997 -0.980182 0.00701493 -0.197974 103.818 
-0.208048 0.0482058 0.97693 125.306 0.0155062 0.998822 -0.0459838 -7.26462 -0.977996 0.00558163 -0.20855 103.676 
-0.219821 0.0491818 0.9743 126.022 0.0162219 0.998775 -0.0467572 -7.30915 -0.975405 0.00552677 -0.22035 103.521 
-0.232194 0.0499865 0.971384 126.734 0.0173577 0.998733 -0.0472447 -7.3548 -0.972515 0.00589106 -0.232768 103.356 
-0.243908 0.0500834 0.968504 127.443 0.0202094 0.998711 -0.0465559 -7.39925 -0.969588 0.00821751 -0.244605 103.183 
-0.254855 0.0500824 0.965682 128.146 0.0236265 0.998682 -0.0455586 -7.44533 -0.966691 0.0112049 -0.255702 102.999 
-0.264934 0.0500453 0.962967 128.846 0.0276213 0.998636 -0.0442998 -7.48959 -0.963871 0.0148619 -0.265955 102.81 
-0.273893 0.0507503 0.96042 129.545 0.0334655 0.998505 -0.043219 -7.5324 -0.961178 0.0203035 -0.275182 102.613 
-0.281489 0.0507571 0.958221 130.236 0.0386593 0.998389 -0.0415282 -7.57691 -0.958785 0.0253544 -0.282998 102.412 
-0.287941 0.0510113 0.956289 130.926 0.0387787 0.998382 -0.0415803 -7.61837 -0.956863 0.0251109 -0.289454 102.214 
-0.292608 0.0490941 0.954971 131.615 0.0425425 0.998361 -0.0382894 -7.65769 -0.955286 0.029423 -0.294217 102.01 
-0.294509 0.0464164 0.954521 132.302 0.0485414 0.998257 -0.0335661 -7.69529 -0.954415 0.0364483 -0.296249 101.797 
-0.295536 0.0451329 0.954265 132.982 0.0550494 0.998028 -0.030154 -7.73116 -0.953744 0.0436201 -0.297437 101.585 
-0.296385 0.043658 0.95407 133.657 0.0572966 0.997968 -0.0278673 -7.76859 -0.953348 0.0464056 -0.298284 101.382 
-0.296055 0.0489537 0.953916 134.321 0.0597062 0.997681 -0.0326693 -7.80354 -0.953303 0.0472828 -0.298292 101.183 
-0.29469 0.0524021 0.954155 134.986 0.0596602 0.997556 -0.0363596 -7.83641 -0.953729 0.0462102 -0.297097 100.987 
-0.293854 0.0523851 0.954414 135.644 0.0619095 0.997444 -0.0356856 -7.87065 -0.953843 0.0486009 -0.296346 100.793 
-0.292146 0.050776 0.955025 136.303 0.0631524 0.997434 -0.0337121 -7.90633 -0.954286 0.0504632 -0.294604 100.6 
-0.290157 0.0479088 0.955779 136.958 0.0650051 0.997426 -0.030262 -7.94591 -0.954769 0.0533498 -0.292524 100.407 
-0.288869 0.048477 0.956141 137.606 0.0657497 0.997364 -0.0307027 -7.98257 -0.955108 0.0539969 -0.291294 100.222 
-0.286447 0.0509673 0.956739 138.245 0.0669727 0.997207 -0.0330714 -8.01505 -0.955752 0.0546022 -0.289061 100.041 
-0.282112 0.0526457 0.957936 138.882 0.0687526 0.997035 -0.0345469 -8.04916 -0.956915 0.0561145 -0.284895 99.8614 
-0.276739 0.0517545 0.95955 139.515 0.0697248 0.996998 -0.0336652 -8.0831 -0.958412 0.057588 -0.279517 99.6898 
-0.271304 0.0499869 0.961195 140.148 0.0713634 0.996946 -0.0317033 -8.11886 -0.959844 0.0599929 -0.274043 99.5207 
-0.266585 0.0479022 0.96262 140.773 0.071115 0.997019 -0.0299195 -8.15435 -0.961184 0.0604806 -0.269197 99.3576 
-0.262452 0.0470394 0.963798 141.391 0.0712438 0.99703 -0.0292609 -8.18775 -0.962312 0.060985 -0.265023 99.2004 
-0.258692 0.0455319 0.964886 142.009 0.0717906 0.997032 -0.0278013 -8.21911 -0.963288 0.0620778 -0.261193 99.0458 
-0.254776 0.0440969 0.965994 142.624 0.0752212 0.996837 -0.0256656 -8.24747 -0.96407 0.0661242 -0.257287 98.8895 
-0.251118 0.0424073 0.967027 143.234 0.0771825 0.996736 -0.0236674 -8.27613 -0.964875 0.0686942 -0.253571 98.7378 
-0.247755 0.0409608 0.967956 143.836 0.0754887 0.996885 -0.0228631 -8.30889 -0.965877 0.0674053 -0.250075 98.5967 
-0.244076 0.0417421 0.968857 144.433 0.0726908 0.99705 -0.0246444 -8.34147 -0.967028 0.0644119 -0.24639 98.4622 
-0.239409 0.0451332 0.969869 145.017 0.0740232 0.99686 -0.0281168 -8.37195 -0.968093 0.0650614 -0.241998 98.3264 
-0.233558 0.0483896 0.971138 145.6 0.0758794 0.996622 -0.0314104 -8.39908 -0.969378 0.0663532 -0.236441 98.1924 
-0.226868 0.049185 0.972683 146.186 0.0749007 0.996647 -0.032927 -8.4284 -0.971041 0.0653846 -0.229791 98.0685 
-0.218504 0.0476299 0.974673 146.775 0.0716333 0.996896 -0.032657 -8.45994 -0.973203 0.0626834 -0.221237 97.9581 
