1 2.12261e-08 -2.11895e-08 0 2.12261e-08 1 2.10703e-08 0 -2.11895e-08 2.10703e-08 1 0 
0.999998 0.000768866 0.00180027 -0.0229441 -0.00076708 0.999999 -0.000969023 -0.021088 -0.00180106 0.000967682 0.999998 1.21708 
0.999994 0.00109308 0.00335891 -0.0442382 -0.00109114 0.999999 -0.000566609 -0.0395339 -0.00335957 0.000562983 0.999994 2.42862 
0.999991 0.000452167 0.00427359 -0.0557107 -0.000451145 1 -0.000230207 -0.061304 -0.00427373 0.000228319 0.999991 3.64328 
0.999987 0.000160477 0.00512071 -0.0760953 -0.000160982 1 0.000106463 -0.0872608 -0.00512074 -0.000107244 0.999987 4.85111 
0.999983 -0.000156367 0.00582644 -0.0855379 0.000155383 1 0.000176659 -0.108511 -0.00582651 -0.000175709 0.999983 6.06339 
0.999979 9.86794e-05 0.00643661 -0.0968569 -9.2971e-05 1 -0.000880552 -0.129057 -0.00643674 0.000879978 0.999979 7.27329 
0.999975 -0.000193482 0.00711879 -0.107371 0.000201282 0.999999 -0.00108898 -0.152425 -0.00711862 0.00109042 0.999974 8.48163 
0.999975 -0.00071498 0.00703261 -0.116513 0.000711807 1 0.000459816 -0.174619 -0.00703298 -0.000454757 0.999975 9.69254 
0.999982 -0.00126697 0.00594646 -0.136701 0.00125975 0.999998 0.00122485 -0.191283 -0.00594804 -0.0012173 0.999982 10.9037 
0.999991 -0.00244965 0.00358444 -0.157261 0.00244677 0.999997 0.000817631 -0.212889 -0.00358648 -0.000808811 0.999993 12.1028 
0.999996 -0.00213904 0.00158739 -0.175526 0.00213837 0.999998 0.000452086 -0.234238 -0.0015884 -0.000448647 0.999999 13.3081 
0.999998 -0.00192667 0.00045119 -0.200533 0.00192661 0.999998 0.000248815 -0.255862 -0.000451711 -0.000247903 1 14.5293 
1 -0.000384321 -0.000196522 -0.231366 0.000384363 1 -2.78444e-06 -0.276637 0.000196481 2.75106e-06 1 15.7419 
0.999999 -0.000942624 -0.000538461 -0.260899 0.000942661 1 -9.87297e-06 -0.298945 0.000538427 9.40755e-06 1 16.9594 
0.999998 -0.00153807 -0.00106133 -0.287568 0.00153873 0.999999 0.000582382 -0.322261 0.00106039 -0.000583972 0.999999 18.1762 
0.999997 -0.00203099 -0.00132753 -0.3178 0.00203217 0.999998 0.000855212 -0.345577 0.00132575 -0.000857865 0.999999 19.3964 
0.999997 -0.00177641 -0.00185375 -0.347278 0.00177641 0.999998 -2.46675e-05 -0.369572 0.00185375 2.14167e-05 0.999998 20.6141 
0.999994 -0.002333 -0.00251455 -0.372025 0.00233108 0.999997 -0.000782713 -0.392203 0.00251633 0.000776889 0.999997 21.82 
0.999993 -0.000979295 -0.00357597 -0.390467 0.000977852 0.999999 -0.000417056 -0.40578 0.00357634 0.000413598 0.999994 23.0428 
0.99999 -0.00088759 -0.00429838 -0.416863 0.000884114 0.999999 -0.000820323 -0.425083 0.00429906 0.000816558 0.99999 24.2622 
0.999986 -0.000857862 -0.0052168 -0.443314 0.000849684 0.999998 -0.00157786 -0.446415 0.0052181 0.00157345 0.999985 25.4771 
0.999981 -0.000221068 -0.00620207 -0.471056 0.00021503 1 -0.000981099 -0.465203 0.00620224 0.000979789 0.99998 26.6874 
0.999975 -0.00173127 -0.0069035 -0.499339 0.00173766 0.999998 0.000913561 -0.491143 0.00690187 -0.000925492 0.999976 27.9068 
0.999965 -0.00200558 -0.00817579 -0.524112 0.00201398 0.999998 0.00101383 -0.512416 0.00817369 -0.00103022 0.999966 29.1257 
0.99995 -0.00302284 -0.00952684 -0.549721 0.00302321 0.999995 2.0589e-05 -0.532235 0.0095267 -4.93472e-05 0.999955 30.3327 
0.999937 -0.00352959 -0.0106997 -0.57663 0.00351867 0.999993 -0.00104282 -0.552917 0.0107033 0.00100515 0.999942 31.5457 
0.999931 -0.00296707 -0.011346 -0.615462 0.00295566 0.999995 -0.00102651 -0.575138 0.0113489 0.000992948 0.999935 32.7605 
0.999924 -0.00361076 -0.0118169 -0.654886 0.00360646 0.999993 -0.000388553 -0.599847 0.0118181 0.000345949 0.99993 33.9762 
0.999912 -0.00407241 -0.0126585 -0.69014 0.00407221 0.999992 -4.48063e-05 -0.62146 0.0126585 -6.7032e-06 0.99992 35.1832 
0.999898 -0.00469106 -0.0135174 -0.718748 0.00468863 0.999989 -0.000214287 -0.643178 0.0135182 0.00015093 0.999909 36.3908 
0.999888 -0.00515475 -0.0140519 -0.758379 0.00515245 0.999987 -0.000203037 -0.66624 0.0140528 0.000130655 0.999901 37.597 
0.999881 -0.0059653 -0.0142529 -0.79532 0.00597028 0.999982 0.000303678 -0.686501 0.0142508 -0.000388693 0.999898 38.8186 
0.999881 -0.00585642 -0.01425 -0.834037 0.0058803 0.999981 0.00163179 -0.71032 0.0142401 -0.00171534 0.999897 40.0349 
0.999883 -0.00552907 -0.0142945 -0.87315 0.00556384 0.999982 0.00239073 -0.729506 0.014281 -0.00246994 0.999895 41.2596 
0.999889 -0.00474683 -0.0141339 -0.913946 0.00477481 0.999987 0.00194319 -0.74939 0.0141245 -0.00201042 0.999898 42.4867 
0.999898 -0.00368448 -0.0137748 -0.954388 0.00371115 0.999991 0.00190801 -0.76902 0.0137676 -0.00195889 0.999903 43.719 
0.999914 -0.000933602 -0.0130554 -0.999328 0.00098227 0.999993 0.00371865 -0.786832 0.0130518 -0.00373111 0.999908 44.9373 
0.999936 -0.00114754 -0.0112676 -1.03898 0.00122473 0.999976 0.00684252 -0.806395 0.0112595 -0.00685583 0.999913 46.1503 
0.999954 -0.000562179 -0.00962544 -1.07436 0.000655148 0.999953 0.00965385 -0.819418 0.00961952 -0.00965966 0.999907 47.3588 
0.999966 -0.000194591 -0.00826271 -1.1049 0.000301358 0.999917 0.0129172 -0.827363 0.00825946 -0.0129192 0.999882 48.5728 
0.999975 -0.00119949 -0.00693409 -1.13662 0.00129821 0.999898 0.0142431 -0.835005 0.00691625 -0.0142517 0.999875 49.7872 
0.999981 -0.00324807 -0.00528688 -1.1646 0.00331497 0.999914 0.0126871 -0.836455 0.00524518 -0.0127044 0.999906 51.0004 
0.999989 -0.00215922 -0.00419142 -1.1931 0.00220482 0.999938 0.0108947 -0.840593 0.00416759 -0.0109038 0.999932 52.2081 
0.999993 -0.00179665 -0.00337597 -1.22051 0.00183162 0.999945 0.0103714 -0.847396 0.00335711 -0.0103774 0.999941 53.4235 
0.999992 -0.00214619 -0.00333594 -1.24488 0.00217881 0.99995 0.00979087 -0.854729 0.00331471 -0.00979801 0.999947 54.6379 
0.999988 -0.00289018 -0.00407807 -1.27341 0.00292594 0.999957 0.00877864 -0.864635 0.00405249 -0.00879042 0.999953 55.8592 
0.99998 -0.00276319 -0.00564305 -1.30397 0.00281485 0.999954 0.00915908 -0.874864 0.00561744 -0.00917474 0.999942 57.0792 
0.999972 -0.0026876 -0.00694174 -1.33501 0.00275972 0.999942 0.0103942 -0.884207 0.00691336 -0.010413 0.999922 58.3029 
0.999965 -0.00287177 -0.00787055 -1.3688 0.00295564 0.999939 0.0106593 -0.894118 0.00783941 -0.0106822 0.999912 59.5251 
0.999961 -0.00182733 -0.00865394 -1.40331 0.0019168 0.999945 0.010337 -0.901556 0.00863453 -0.0103531 0.999909 60.742 
0.999959 -0.00145841 -0.00892974 -1.44167 0.00155043 0.999946 0.0103012 -0.912941 0.00891419 -0.0103146 0.999907 61.9575 
0.999956 -0.00228264 -0.00908886 -1.47589 0.00237197 0.999949 0.00982565 -0.924011 0.00906593 -0.00984673 0.99991 63.1667 
0.99995 -0.00324004 -0.00948779 -1.50414 0.00332355 0.999956 0.00879411 -0.933728 0.00945883 -0.00882516 0.999916 64.3817 
0.999944 -0.00346621 -0.0100294 -1.53284 0.00356621 0.999944 0.00996572 -0.942557 0.00999428 -0.0100009 0.9999 65.5947 
0.999942 -0.00365751 -0.0101393 -1.56935 0.00377458 0.999926 0.0115471 -0.954582 0.0100963 -0.0115847 0.999882 66.8004 
0.999942 -0.00301738 -0.0103384 -1.60283 0.0031194 0.999947 0.00986176 -0.965035 0.0103081 -0.0098934 0.999898 68.0112 
0.999949 -0.00131262 -0.00998966 -1.64599 0.00139966 0.999961 0.00870724 -0.975669 0.00997779 -0.00872074 0.999912 69.2202 
0.999952 0.00100135 -0.00978664 -1.68811 -0.000912405 0.999958 0.00908386 -0.988023 0.00979529 -0.00907445 0.999911 70.4253 
0.999953 0.00299937 -0.00922214 -1.7329 -0.00291438 0.999953 0.00921119 -0.998749 0.00924929 -0.00918384 0.999915 71.6163 
0.999952 0.00474291 -0.00855805 -1.77673 -0.00466026 0.999943 0.0096465 -1.00832 0.00860327 -0.00960612 0.999917 72.8098 
0.999958 0.00558594 -0.00724713 -1.81196 -0.00550994 0.99993 0.0104591 -1.01706 0.00730501 -0.0104187 0.999919 74.0004 
0.999961 0.00719167 -0.00515627 -1.84512 -0.00713342 0.999912 0.0112192 -1.02785 0.00523646 -0.0111819 0.999924 75.1932 
0.999981 0.00576036 -0.0023614 -1.87273 -0.0057387 0.999943 0.0090583 -1.04031 0.0024134 -0.00904453 0.999956 76.3854 
0.999996 0.00289031 0.000404214 -1.89341 -0.00289194 0.999987 0.00419191 -1.05398 -0.000392136 -0.00419302 0.999991 77.5635 
0.999988 0.00393731 0.0028764 -1.91232 -0.00394755 0.999986 0.00357681 -1.06667 -0.00286232 -0.00358808 0.99999 78.7414 
0.999978 0.00317726 0.00580832 -1.92549 -0.00321868 0.999969 0.00714296 -1.0831 -0.00578548 -0.00716146 0.999958 79.9243 
0.999951 0.00365568 0.00922522 -1.93792 -0.00373358 0.999957 0.00844555 -1.09717 -0.00919399 -0.00847953 0.999922 81.1047 
0.999898 0.00413322 0.0136797 -1.94685 -0.00422299 0.99997 0.00654349 -1.1087 -0.0136523 -0.00660055 0.999885 82.2743 
0.999838 0.00350033 0.0176618 -1.94856 -0.00356341 0.999987 0.00354396 -1.12584 -0.0176493 -0.00360628 0.999838 83.439 
0.999771 0.00206929 0.0213193 -1.94546 -0.00207649 0.999998 0.000317955 -1.14598 -0.0213186 -0.00036211 0.999773 84.5971 
0.999679 0.00182535 0.0252719 -1.94152 -0.00180907 0.999998 -0.000665564 -1.16827 -0.0252731 0.000619673 0.99968 85.7501 
0.999577 0.00146126 0.0290545 -1.92815 -0.0014955 0.999998 0.00115834 -1.18972 -0.0290528 -0.00120126 0.999577 86.9091 
0.999443 0.00273307 0.0332548 -1.92209 -0.00278579 0.999995 0.00154039 -1.21077 -0.0332505 -0.00163213 0.999446 88.0851 
0.99929 0.0023678 0.0375973 -1.91067 -0.00234958 0.999997 -0.000527651 -1.23308 -0.0375984 0.00043898 0.999293 89.2588 
0.999149 0.00216821 0.0412005 -1.88724 -0.00205259 0.999994 -0.00284733 -1.25594 -0.0412065 0.00276038 0.999147 90.4271 
0.999017 0.00208791 0.0442892 -1.85343 -0.00194914 0.999993 -0.00317515 -1.27791 -0.0442956 0.00308575 0.999014 91.5931 
0.998885 0.000666789 0.0472127 -1.81819 -0.000574801 0.999998 -0.00196102 -1.29998 -0.047214 0.00193173 0.998883 92.7602 
0.998767 -6.5121e-05 0.0496539 -1.77346 8.92393e-05 1 -0.000482636 -1.32032 -0.0496539 0.000486513 0.998766 93.9316 
0.998636 -0.000854174 0.0522142 -1.72873 0.000794003 0.999999 0.00117395 -1.33852 -0.0522152 -0.00113085 0.998635 95.105 
0.998501 -0.00248725 0.0546848 -1.68932 0.00236759 0.999995 0.0022535 -1.35987 -0.0546901 -0.0021206 0.998501 96.27 
0.998379 -0.00352342 0.0568086 -1.63417 0.00352662 0.999994 4.46772e-05 -1.379 -0.0568085 0.000155779 0.998385 97.4504 
0.998232 -0.00465596 0.0592555 -1.59045 0.00487484 0.999982 -0.00354908 -1.39739 -0.0592379 0.00383171 0.998237 98.6147 
0.998125 -0.00403686 0.061084 -1.53577 0.00444215 0.999969 -0.00649986 -1.41857 -0.061056 0.00675906 0.998112 99.79 
0.998014 -0.00407895 0.0628577 -1.48687 0.00454849 0.999963 -0.00732781 -1.44564 -0.0628255 0.00759921 0.997996 100.977 
0.997988 -0.00406751 0.0632677 -1.43591 0.00450845 0.999967 -0.00682762 -1.47015 -0.0632378 0.00709917 0.997973 102.182 
0.998031 -0.00379873 0.062613 -1.38764 0.00412402 0.999979 -0.00506614 -1.49614 -0.0625924 0.00531442 0.998025 103.399 
0.99811 -0.00438333 0.0612941 -1.33532 0.00462221 0.999982 -0.00375531 -1.5142 -0.0612766 0.00403157 0.998113 104.614 
0.998226 -0.00401876 0.0594097 -1.28558 0.00420118 0.999987 -0.00294509 -1.53561 -0.0593972 0.0031895 0.998229 105.826 
0.998359 -0.00407837 0.0571189 -1.25157 0.00422472 0.999988 -0.00244095 -1.55729 -0.0571083 0.00267829 0.998364 107.074 
0.998534 -0.00355883 0.0540176 -1.20554 0.00370506 0.99999 -0.00260634 -1.5752 -0.0540078 0.00280269 0.998537 108.31 
0.998728 -0.00218585 0.0503798 -1.17634 0.00234515 0.999992 -0.00310239 -1.59643 -0.0503727 0.00321664 0.998725 109.529 
0.99892 -0.00177114 0.0464327 -1.1377 0.00190755 0.999994 -0.00289261 -1.61335 -0.0464273 0.0029781 0.998917 110.768 
0.999102 -0.00129703 0.0423456 -1.10429 0.00137966 0.999997 -0.00192113 -1.63419 -0.0423431 0.00197787 0.999101 112.006 
0.99927 -0.000801934 0.0382022 -1.08007 0.000851904 0.999999 -0.00129065 -1.65364 -0.0382012 0.00132229 0.999269 113.228 
0.999417 -0.000759827 0.0341243 -1.07899 0.000785313 0.999999 -0.000732194 -1.67376 -0.0341238 0.000758607 0.999417 114.471 
0.999567 -4.69083e-05 0.0294198 -1.06339 6.90267e-05 1 -0.000749338 -1.69258 -0.0294198 0.000751086 0.999567 115.711 
0.999698 0.00075944 0.0245683 -1.05895 -0.00073819 0.999999 -0.000872237 -1.71739 -0.024569 0.000853879 0.999698 116.969 
0.999807 0.00112707 0.019624 -1.05443 -0.00110144 0.999999 -0.00131449 -1.73572 -0.0196255 0.00129266 0.999807 118.232 
0.999884 0.00210768 0.0150557 -1.06397 -0.00207922 0.999996 -0.00190274 -1.75694 -0.0150597 0.00187126 0.999885 119.49 
0.999921 0.00413665 0.0118747 -1.07906 -0.00411051 0.999989 -0.00222126 -1.7753 -0.0118838 0.00217231 0.999927 120.735 
0.999934 0.00608151 0.00977172 -1.09371 -0.00606144 0.99998 -0.00207827 -1.80031 -0.0097842 0.00201894 0.99995 122.008 
0.999934 0.00723275 0.00888084 -1.1141 -0.00721171 0.999971 -0.00239439 -1.82172 -0.00889795 0.00233023 0.999958 123.284 
0.999925 0.00940876 0.007798 -1.12603 -0.00939117 0.999953 -0.0022837 -1.84323 -0.00781916 0.00221034 0.999967 124.553 
0.999919 0.0106894 0.00696382 -1.14551 -0.0106793 0.999942 -0.00148496 -1.8668 -0.00697933 0.00141051 0.999975 125.821 
0.999922 0.0106963 0.00649488 -1.16114 -0.0106898 0.999942 -0.00102756 -1.89092 -0.00650554 0.000958092 0.999978 127.083 
0.999884 0.0141758 0.00560215 -1.18152 -0.0141815 0.999899 0.000987745 -1.91053 -0.00558762 -0.00106704 0.999984 128.346 
0.999872 0.0151744 0.00498248 -1.20619 -0.0151945 0.999877 0.00402338 -1.92334 -0.00492085 -0.00409853 0.99998 129.628 
0.999893 0.0139519 0.00435713 -1.22675 -0.0139673 0.999896 0.00354705 -1.93691 -0.00430723 -0.00360749 0.999984 130.903 
0.999897 0.0139079 0.00355388 -1.24483 -0.0139152 0.999901 0.00205168 -1.95197 -0.00352504 -0.00210088 0.999992 132.177 
0.999935 0.0110129 0.0028619 -1.27 -0.0110213 0.999935 0.00295013 -1.96387 -0.00282927 -0.00298144 0.999992 133.461 
0.999962 0.00861817 0.00167352 -1.29297 -0.0086262 0.999951 0.00488006 -1.98192 -0.00163142 -0.00489426 0.999987 134.763 
0.999986 0.00514611 0.00120814 -1.31574 -0.00515387 0.999965 0.00654868 -1.99375 -0.00117444 -0.00655477 0.999978 136.052 
0.999995 0.00306858 0.000783888 -1.33748 -0.00307451 0.999965 0.00774256 -2.0111 -0.000760145 -0.00774489 0.99997 137.343 
0.999999 -0.00115136 0.00091059 -1.3538 0.00114604 0.999982 0.00586295 -2.02307 -0.000917366 -0.00586186 0.999982 138.622 
0.999993 -0.00364313 0.00109871 -1.37413 0.00363772 0.999981 0.00492453 -2.03622 -0.00111667 -0.00492045 0.999987 139.901 
0.999986 -0.00511901 0.00128562 -1.39375 0.00511286 0.999976 0.00478071 -2.0522 -0.00131011 -0.00477403 0.999988 141.182 
0.999984 -0.00528795 0.00183329 -1.4174 0.00527865 0.999973 0.00506273 -2.06547 -0.00186005 -0.00505293 0.999986 142.466 
0.999987 -0.00463223 0.0021371 -1.43298 0.00461722 0.999965 0.00699246 -2.07828 -0.00216946 -0.00698246 0.999973 143.756 
0.999993 -0.00223089 0.00294387 -1.45868 0.00220621 0.999963 0.00837372 -2.09055 -0.00296249 -0.00836713 0.999961 145.049 
0.999991 -0.00255358 0.00354055 -1.47648 0.00252974 0.999974 0.00673236 -2.10807 -0.00355769 -0.0067233 0.999971 146.336 
0.999989 -0.00191049 0.00418078 -1.49945 0.00189087 0.999987 0.00470056 -2.12128 -0.00418975 -0.00469256 0.99998 147.634 
0.999986 -0.00222076 0.00486663 -1.52145 0.00220948 0.999995 0.00233045 -2.14256 -0.00487182 -0.00231962 0.999985 148.917 
0.999982 -0.00330276 0.00510769 -1.53548 0.00331234 0.999993 -0.00185926 -2.16243 -0.00510156 0.00187619 0.999985 150.21 
0.999979 -0.00326709 0.0055798 -1.55309 0.00329737 0.99998 -0.00541892 -2.18774 -0.00556203 0.00543724 0.99997 151.495 
0.999977 -0.00349259 0.00580189 -1.57162 0.0035295 0.999974 -0.00635502 -2.21771 -0.00577959 0.0063754 0.999963 152.786 
0.999976 -0.00378186 0.00584201 -1.58972 0.003817 0.999975 -0.00600844 -2.25119 -0.00581918 0.00603064 0.999965 154.073 
0.999978 -0.00330795 0.00574333 -1.60839 0.00334005 0.999979 -0.00558018 -2.28176 -0.00572479 0.00559929 0.999968 155.355 
0.999981 -0.00248489 0.00562122 -1.62655 0.00251056 0.999987 -0.00455643 -2.3119 -0.00560986 0.0045705 0.999974 156.647 
0.999984 -0.00191399 0.00536262 -1.64635 0.00193579 0.99999 -0.00405397 -2.33999 -0.00535485 0.00406433 0.999977 157.935 
0.999988 -0.00184871 0.00451626 -1.65773 0.00186883 0.999988 -0.00444668 -2.36984 -0.00450803 0.00445511 0.99998 159.198 
0.999992 -0.00135227 0.0037702 -1.67467 0.0013679 0.999991 -0.00413457 -2.39742 -0.00376462 0.00413974 0.999984 160.472 
0.999993 -0.00184058 0.00327442 -1.70156 0.00185079 0.999994 -0.00310439 -2.42256 -0.00326872 0.00311047 0.99999 161.788 
0.999996 -0.00113537 0.00261986 -1.7242 0.00114265 0.999996 -0.00276182 -2.45176 -0.00261675 0.00276484 0.999993 163.065 
0.999998 -0.000729383 0.00199935 -1.74622 0.000736902 0.999993 -0.00374142 -2.47949 -0.00199664 0.00374292 0.999991 164.345 
0.999999 -0.000464667 0.00124649 -1.76936 0.000470919 0.999988 -0.00498608 -2.50656 -0.0012442 0.00498671 0.999987 165.611 
1 0.000291899 0.000554095 -1.7944 -0.000289114 0.999988 -0.00494307 -2.53785 -0.000555574 0.00494295 0.999988 166.875 
1 -0.000179355 -8.20668e-05 -1.81931 0.000178922 0.999983 -0.00576361 -2.56925 8.30569e-05 0.00576364 0.999983 168.15 
1 0.000213129 -0.000951429 -1.8425 -0.000219594 0.999977 -0.00684519 -2.59823 0.000949906 0.00684544 0.999976 169.431 
0.999999 0.000324192 -0.001712 -1.87133 -0.000335219 0.999979 -0.00646949 -2.6313 0.00170982 0.0064701 0.999978 170.718 
0.999997 0.000498889 -0.00255218 -1.89695 -0.000512104 0.999986 -0.00519645 -2.66138 0.00254952 0.00519778 0.999983 172.008 
0.999994 0.000245911 -0.00357211 -1.92323 -0.00026318 0.999988 -0.00484667 -2.69052 0.00357084 0.00484762 0.999982 173.28 
0.999989 0.000676994 -0.00460509 -1.94624 -0.000698041 0.999989 -0.00457955 -2.71642 0.0046019 0.00458275 0.999979 174.572 
0.999984 0.00104188 -0.00552406 -1.9767 -0.00106592 0.99999 -0.00435815 -2.74539 0.00551942 0.00436401 0.999975 175.851 
0.999982 0.00129996 -0.00581864 -2.01369 -0.00133045 0.999985 -0.00524631 -2.77353 0.00581169 0.005254 0.999969 177.13 
0.999977 0.00225446 -0.00642615 -2.04665 -0.00229163 0.999981 -0.00578959 -2.80221 0.00641293 0.00580422 0.999963 178.41 
0.999974 0.00212316 -0.00692432 -2.08042 -0.00216068 0.999983 -0.00542169 -2.83415 0.00691265 0.00543656 0.999961 179.689 
0.999974 0.00187995 -0.00694157 -2.11695 -0.00192551 0.999977 -0.00656872 -2.8651 0.00692901 0.00658195 0.999954 180.973 
0.999974 0.000555516 -0.007193 -2.14634 -0.00061411 0.999967 -0.0081523 -2.89502 0.00718818 0.00815654 0.999941 182.25 
0.999968 -0.00268338 -0.00760312 -2.17332 0.00262302 0.999965 -0.00794372 -2.9279 0.00762413 0.00792356 0.99994 183.526 
0.999965 -0.00232457 -0.00804047 -2.20494 0.00229145 0.999989 -0.00413133 -2.95982 0.00804994 0.00411281 0.999959 184.798 
0.999963 -0.00315771 -0.0079774 -2.23811 0.00315948 0.999995 0.000205047 -2.98762 0.00797667 -0.000230201 0.999968 186.073 
0.999968 -0.00191561 -0.00773969 -2.27182 0.00191171 0.999998 -0.000516029 -3.01001 0.00774062 0.000501259 0.99997 187.332 
0.999971 -0.000573007 -0.0075832 -2.30849 0.000543998 0.999993 -0.00383256 -3.03403 0.00758529 0.00382837 0.999964 188.573 
0.999968 4.81675e-05 -0.00805926 -2.3402 -9.46452e-05 0.999983 -0.00577197 -3.05897 0.0080588 0.00577259 0.999951 189.823 
0.999967 -0.000371399 -0.00813744 -2.37527 0.000327402 0.999985 -0.00541263 -3.08953 0.00813929 0.00540983 0.999952 191.072 
0.999969 -0.000482317 -0.00788796 -2.40885 0.000449586 0.999991 -0.00415615 -3.12192 0.00788985 0.00415252 0.99996 192.333 
0.999972 -0.000303368 -0.00750135 -2.44341 0.000287689 0.999998 -0.00209676 -3.15085 0.00750192 0.00209459 0.99997 193.588 
0.999977 -0.000936896 -0.00671336 -2.47145 0.000928509 0.999999 -0.00125861 -3.17791 0.00671449 0.00125239 0.999977 194.852 
0.999987 -0.000980606 -0.0050224 -2.50579 0.000971431 0.999998 -0.00183731 -3.20625 0.00502415 0.00183245 0.999986 196.101 
0.999991 -0.00212963 -0.00366179 -2.53224 0.00211794 0.999993 -0.00320433 -3.23483 0.00366855 0.00319658 0.999988 197.352 
0.999994 -0.00237377 -0.00238409 -2.55924 0.00236295 0.999987 -0.00455154 -3.26773 0.00239482 0.00454592 0.999987 198.585 
0.999995 -0.00303578 -0.000969866 -2.58266 0.003031 0.999983 -0.00493556 -3.29929 0.000984791 0.00493263 0.999987 199.806 
0.999997 -0.00248968 0.00051483 -2.60979 0.00249194 0.999988 -0.00433798 -3.3271 -0.000504065 0.00433929 0.999991 201.037 
0.999994 -0.00305429 0.00187928 -2.631 0.00305849 0.999993 -0.00221358 -3.36017 -0.00187255 0.00221935 0.999996 202.258 
0.999994 -0.00200328 0.00275861 -2.64994 0.0020083 0.999996 -0.0018024 -3.38609 -0.00275503 0.00180797 0.999995 203.473 
0.99999 -0.00236487 0.00377381 -2.66623 0.00237169 0.999996 -0.00179178 -3.4122 -0.0037696 0.00180076 0.999991 204.695 
0.999988 -0.0018076 0.00466546 -2.67862 0.00181521 0.999997 -0.00161886 -3.43882 -0.00466257 0.00162735 0.999988 205.927 
0.999981 -0.00197805 0.00579237 -2.69733 0.00198627 0.999997 -0.001406 -3.46347 -0.00578961 0.00141752 0.999982 207.139 
0.999975 -0.00176025 0.00684566 -2.71731 0.00177047 0.999997 -0.00148085 -3.49176 -0.00684307 0.00149298 0.999976 208.343 
0.999969 -0.00210665 0.00753179 -2.72997 0.00211675 0.999997 -0.00132731 -3.51992 -0.00752901 0.00134326 0.999971 209.535 
0.999963 -0.00314185 0.00803537 -2.74038 0.00315152 0.999994 -0.00118587 -3.5475 -0.00803164 0.00121119 0.999967 210.719 
0.999962 -0.00341002 0.00801682 -2.74617 0.00341343 0.999994 -0.000405722 -3.57401 -0.00801544 0.000433114 0.999968 211.889 
0.999964 -0.00397353 0.00754083 -2.75447 0.00396822 0.999992 0.000724984 -3.59993 -0.0075437 -0.000694992 0.999971 213.031 
0.99997 -0.00378124 0.00675282 -2.76634 0.00377658 0.999993 0.00070921 -3.62658 -0.0067555 -0.000683644 0.999977 214.156 
0.999975 -0.00353643 0.00607091 -2.7765 0.003537 0.999994 -7.60534e-05 -3.65273 -0.00607065 9.75664e-05 0.999982 215.263 
0.999978 -0.00338849 0.00579099 -2.79706 0.00339273 0.999994 -0.000716025 -3.67922 -0.00578858 0.000735698 0.999983 216.379 
0.99998 -0.00340034 0.00534246 -2.81698 0.00340487 0.999994 -0.000830695 -3.70664 -0.00533964 0.000848911 0.999985 217.475 
0.999985 -0.00386282 0.00384152 -2.83008 0.0038659 0.999992 -0.000783441 -3.731 -0.0038385 0.000798322 0.999992 218.539 
0.999989 -0.00435315 0.00178574 -2.8406 0.00435323 0.999991 -2.04226e-05 -3.754 -0.00178567 2.82383e-05 0.999998 219.594 
0.999984 -0.0055468 -0.00062606 -2.85178 0.00554781 0.999983 0.00156699 -3.77494 0.000617315 -0.0015704 0.999999 220.65 
0.999983 -0.00515172 -0.00290907 -2.87456 0.00516127 0.999981 0.00326912 -3.79629 0.00289213 -0.00328403 0.99999 221.699 
0.999974 -0.00482438 -0.00536418 -2.89994 0.00484218 0.999983 0.00330313 -3.81682 0.00534811 -0.00332897 0.99998 222.73 
0.999956 -0.00466256 -0.00813403 -2.9208 0.00468606 0.999985 0.00286793 -3.83727 0.00812049 -0.00290588 0.999963 223.744 
0.999926 -0.00477981 -0.0112251 -2.94236 0.00481372 0.999984 0.00299186 -3.85521 0.0112106 -0.00304563 0.999933 224.741 
0.99989 -0.0042503 -0.014246 -2.96974 0.00430017 0.999985 0.00346883 -3.8741 0.014231 -0.00352967 0.999893 225.71 
0.999837 -0.0041258 -0.0175619 -2.9863 0.00418488 0.999986 0.00332612 -3.8967 0.0175479 -0.00339903 0.99984 226.678 
0.999772 -0.00427745 -0.0209317 -3.01767 0.00433916 0.999986 0.00290177 -3.91641 0.0209189 -0.00299189 0.999777 227.6 
0.99969 -0.00453129 -0.0244705 -3.04848 0.0045896 0.999987 0.00232527 -3.93607 0.0244596 -0.00243682 0.999698 228.496 
0.999608 -0.00347443 -0.0277918 -3.08728 0.00353589 0.999991 0.00216119 -3.95587 0.027784 -0.00225857 0.999611 229.36 
0.999515 -0.00323088 -0.0309862 -3.12754 0.00328161 0.999993 0.00158531 -3.97622 0.0309808 -0.00168618 0.999519 230.199 
0.999448 -0.00124928 -0.0331949 -3.17378 0.00130422 0.999998 0.0016322 -3.99484 0.0331928 -0.00167455 0.999448 231.028 
0.99943 -0.000540797 -0.0337568 -3.21896 0.000612888 0.999998 0.00212406 -4.01185 0.0337556 -0.0021435 0.999428 231.833 
0.999428 -0.000646445 -0.0338104 -3.24935 0.000753895 0.999995 0.00316412 -4.02767 0.0338081 -0.00318776 0.999423 232.635 
0.999446 -0.000295547 -0.0332684 -3.29051 0.000427287 0.999992 0.00395161 -4.04312 0.033267 -0.0039636 0.999439 233.403 
0.999463 -0.000335603 -0.0327595 -3.33036 0.000451012 0.999994 0.00351431 -4.058 0.032758 -0.00352715 0.999457 234.151 
0.999474 9.7093e-05 -0.0324466 -3.36874 -4.51252e-05 0.999999 0.00160108 -4.07322 0.0324467 -0.00159873 0.999472 234.888 
0.9995 0.000149451 -0.0316191 -3.40515 -0.000163725 1 -0.000450176 -4.08895 0.031619 0.00045517 0.9995 235.62 
0.999538 4.33192e-05 -0.0304072 -3.4422 -9.5372e-05 0.999999 -0.00171179 -4.10599 0.030407 0.00171394 0.999536 236.347 
0.999577 0.000594488 -0.0290646 -3.4771 -0.000657319 0.999998 -0.00215372 -4.12171 0.0290632 0.00217196 0.999575 237.073 
0.999625 7.56593e-05 -0.0273929 -3.50416 -0.000138836 0.999997 -0.00230595 -4.13576 0.0273926 0.00230893 0.999622 237.808 
0.999674 -9.38961e-05 -0.0255293 -3.53295 3.38392e-05 0.999997 -0.00235453 -4.1504 0.0255294 0.00235294 0.999671 238.533 
0.99972 -2.28149e-05 -0.023678 -3.55884 -3.82893e-05 0.999997 -0.00258195 -4.16588 0.023678 0.00258217 0.999716 239.257 
0.999767 -0.000230033 -0.0215774 -3.58425 0.000169235 0.999996 -0.00282138 -4.18168 0.021578 0.00281711 0.999763 239.977 
0.999826 -0.000155444 -0.0186384 -3.61023 0.000111346 0.999997 -0.00236928 -4.19778 0.0186387 0.00236684 0.999824 240.704 
0.99988 -0.00112624 -0.0154577 -3.6299 0.0010976 0.999998 -0.00186357 -4.20901 0.0154597 0.00184642 0.999879 241.428 
0.999921 -0.00206559 -0.0124165 -3.65025 0.00204699 0.999997 -0.00151412 -4.22381 0.0124196 0.00148863 0.999922 242.15 
0.999953 -0.00234556 -0.00938983 -3.66481 0.00233161 0.999996 -0.00150057 -4.23797 0.00939327 0.00147865 0.999955 242.857 
0.999977 -0.00268221 -0.00624957 -3.68434 0.00267072 0.999995 -0.00185407 -4.25138 0.00625446 0.00183738 0.999979 243.564 
0.999992 -0.00269016 -0.00305052 -3.7015 0.00268369 0.999994 -0.0021351 -4.264 0.00305621 0.00212694 0.999993 244.261 
0.999998 -0.00192508 -0.000176667 -3.71298 0.00192459 0.999994 -0.00293087 -4.27879 0.000182266 0.00293057 0.999996 244.956 
0.999994 -0.00171359 0.00295365 -3.7233 0.00172394 0.999992 -0.00348937 -4.29308 -0.00294769 0.00349449 0.99999 245.66 
0.999981 -0.00170799 0.00591797 -3.73246 0.00172313 0.999995 -0.00254635 -4.30822 -0.00591364 0.00255654 0.999979 246.367 
0.99996 -0.00125934 0.00889546 -3.74036 0.00127708 0.999997 -0.00198363 -4.32118 -0.00889298 0.00199495 0.999959 247.073 
0.999936 -0.00116713 0.0112985 -3.74463 0.00119263 0.999997 -0.00224676 -4.33485 -0.0112959 0.00226013 0.999934 247.778 
0.999905 -0.000929602 0.0137818 -3.74824 0.000982669 0.999992 -0.00384113 -4.34857 -0.0137782 0.00385435 0.999898 248.486 
0.99987 -0.00133048 0.0160945 -3.75178 0.00142342 0.999982 -0.00576175 -4.36612 -0.0160866 0.00578395 0.999854 249.198 
0.999849 -0.00248561 0.017209 -3.75057 0.00261152 0.99997 -0.00729557 -4.38069 -0.0171903 0.00733945 0.999825 249.913 
0.999847 -0.00230153 0.0173356 -3.74913 0.00243586 0.999967 -0.00772938 -4.39649 -0.0173173 0.00777046 0.99982 250.634 
0.999842 -0.00323476 0.0174843 -3.74927 0.00337706 0.999961 -0.00811325 -4.41418 -0.0174574 0.00817105 0.999814 251.357 
0.999841 -0.00200087 0.0177349 -3.749 0.00215115 0.999962 -0.00845613 -4.43174 -0.0177174 0.00849297 0.999807 252.093 
0.999835 -0.00116837 0.0181474 -3.75097 0.00133203 0.999959 -0.00900666 -4.45018 -0.0181362 0.00902939 0.999795 252.825 
0.999823 -0.00209532 0.0187014 -3.76077 0.00230095 0.999937 -0.0109782 -4.4649 -0.0186773 0.0110193 0.999765 253.591 
0.999793 -0.00596533 0.0194379 -3.76697 0.00622174 0.999894 -0.0131549 -4.48255 -0.0193574 0.0132732 0.999725 254.362 
0.999753 -0.00912716 0.0202777 -3.76105 0.00941071 0.999859 -0.0139301 -4.50208 -0.0201477 0.0141175 0.999697 255.129 
0.999752 -0.00645287 0.021296 -3.77105 0.00667127 0.999926 -0.0101983 -4.51563 -0.0212286 0.0103379 0.999721 255.908 
0.999749 -0.00267129 0.022264 -3.78671 0.00276172 0.999988 -0.00403017 -4.53583 -0.022253 0.00409069 0.999744 256.688 
0.999723 -0.00338599 0.0232779 -3.78453 0.00339933 0.999994 -0.000531713 -4.55393 -0.023276 0.000610736 0.999729 257.483 
0.999659 -0.00427652 0.025743 -3.77373 0.00434359 0.999987 -0.00254811 -4.56929 -0.0257319 0.0026591 0.999665 258.276 
0.99954 -0.00304555 0.0301621 -3.76815 0.00331292 0.999956 -0.00881688 -4.58135 -0.0301339 0.00891279 0.999506 259.072 
0.99942 -0.000906298 0.0340496 -3.76145 0.00132816 0.999923 -0.0123678 -4.59831 -0.0340358 0.0124059 0.999344 259.878 
0.999297 0.000598668 0.0374886 -3.74954 -0.000138983 0.999925 -0.0122622 -4.61679 -0.0374931 0.0122485 0.999222 260.698 
0.999155 -0.00114898 0.0410957 -3.73328 0.00155521 0.99995 -0.00985351 -4.63994 -0.0410824 0.00990913 0.999107 261.53 
0.99901 -0.00441097 0.0442787 -3.70888 0.00470593 0.999967 -0.00655851 -4.6604 -0.0442484 0.00676042 0.998998 262.371 
0.998865 -0.00699486 0.0471234 -3.67765 0.00723434 0.999962 -0.00491243 -4.67927 -0.0470873 0.0052478 0.998877 263.215 
0.998719 -0.00653759 0.0501853 -3.64598 0.00676835 0.999967 -0.0044287 -4.69726 -0.0501548 0.00476274 0.99873 264.063 
0.9986 -0.00420088 0.0527357 -3.62068 0.00455257 0.999968 -0.00654971 -4.71501 -0.0527065 0.00678066 0.998587 264.907 
0.998477 -0.00352156 0.0550654 -3.58981 0.004011 0.999953 -0.00877962 -4.73454 -0.055032 0.00898715 0.998444 265.746 
0.998343 -0.0031954 0.0574591 -3.54826 0.00371343 0.999953 -0.00891038 -4.75175 -0.057428 0.00910903 0.998308 266.604 
0.998153 -0.00230086 0.0607097 -3.52245 0.00272072 0.999973 -0.00683338 -4.77564 -0.0606924 0.00698598 0.998132 267.462 
0.997947 -0.00094921 0.064037 -3.48281 0.00128637 0.999986 -0.00522342 -4.79572 -0.0640312 0.00529512 0.997934 268.319 
0.997749 -0.00020852 0.0670627 -3.44369 0.000574406 0.999985 -0.00543599 -4.8143 -0.0670606 0.00546232 0.997734 269.175 
0.997557 -9.11419e-06 0.0698513 -3.40109 0.000438025 0.999981 -0.0061244 -4.83002 -0.0698499 0.00614007 0.997539 270.023 
0.997351 -0.00162322 0.0727188 -3.3553 0.00210272 0.999977 -0.00651722 -4.84736 -0.0727065 0.00665291 0.997331 270.881 
0.997194 -0.00462507 0.0747236 -3.30757 0.00508372 0.999969 -0.00594831 -4.86207 -0.0746939 0.00631153 0.997187 271.731 
0.997102 -0.00581702 0.0758552 -3.25919 0.00629503 0.999962 -0.00606356 -4.88101 -0.0758171 0.00652354 0.9971 272.592 
0.997033 -0.00640311 0.0767086 -3.21121 0.00689621 0.999957 -0.00616446 -4.89597 -0.0766659 0.00667521 0.997035 273.447 
0.99698 -0.00625239 0.077411 -3.16345 0.00675719 0.999958 -0.00626022 -4.91099 -0.0773687 0.00676443 0.99698 274.309 
0.996966 -0.00585822 0.07762 -3.11918 0.0063212 0.999964 -0.00571972 -4.92879 -0.0775837 0.00619305 0.996967 275.169 
0.997006 -0.00581429 0.0771005 -3.07078 0.00624081 0.999967 -0.0052917 -4.94898 -0.0770672 0.00575707 0.997009 276.027 
0.997089 -0.00608857 0.0760025 -3.02283 0.00656448 0.99996 -0.00601292 -4.97056 -0.075963 0.00649437 0.99709 276.886 
0.997214 -0.00575973 0.0743657 -2.97626 0.00629504 0.999956 -0.00696534 -4.99075 -0.0743223 0.00741411 0.997207 277.749 
0.997328 -0.00495451 0.0728862 -2.93175 0.00552561 0.999956 -0.00763528 -5.01326 -0.0728452 0.00801766 0.997311 278.606 
0.997451 -0.00408661 0.0712345 -2.88977 0.00465551 0.999959 -0.00782147 -5.03628 -0.0711996 0.00813321 0.997429 279.454 
0.997566 -0.00296579 0.0696664 -2.85175 0.00354154 0.999961 -0.00814163 -5.05592 -0.0696396 0.00836858 0.997537 280.318 
0.99771 -0.00255659 0.0675959 -2.81338 0.00307821 0.999966 -0.00761301 -5.07682 -0.0675742 0.00780368 0.997684 281.178 
0.997883 -0.00278958 0.0649829 -2.78168 0.00319841 0.999976 -0.00618743 -5.09799 -0.0649641 0.00638221 0.997867 282.034 
0.998125 -0.00413319 0.0610683 -2.74654 0.00437013 0.999983 -0.00374617 -5.1212 -0.0610518 0.00400606 0.998127 282.89 
0.998384 -0.00533182 0.056582 -2.71998 0.00545502 0.999983 -0.00202246 -5.1409 -0.0565703 0.00232789 0.998396 283.737 
0.998634 -0.0058788 0.0519142 -2.69264 0.00592886 0.999982 -0.000809529 -5.15848 -0.0519085 0.00111626 0.998651 284.581 
0.99886 -0.00615581 0.047342 -2.67264 0.00616845 0.999981 -0.000119874 -5.17678 -0.0473404 0.000411805 0.998879 285.405 
0.999064 -0.00675534 0.0427288 -2.65489 0.0067509 0.999977 0.000249236 -5.19264 -0.0427296 3.94965e-05 0.999087 286.226 
0.999243 -0.00778643 0.03812 -2.63989 0.00777596 0.99997 0.000424133 -5.20809 -0.0381222 -0.000127351 0.999273 287.032 
0.999386 -0.0080859 0.0340941 -2.62877 0.00808871 0.999967 5.66793e-05 -5.22363 -0.0340935 0.000219174 0.999419 287.827 
0.999511 -0.0072964 0.0304227 -2.62465 0.00730302 0.999973 -0.000104828 -5.23899 -0.0304211 0.000326995 0.999537 288.598 
0.999622 -0.00717404 0.0265357 -2.61519 0.00717812 0.999974 -5.68823e-05 -5.25712 -0.0265346 0.000247379 0.999648 289.355 
0.999715 -0.007968 0.0225196 -2.60713 0.00796949 0.999968 2.55848e-05 -5.27419 -0.0225191 0.000153934 0.999746 290.093 
0.999792 -0.00888355 0.0183698 -2.60966 0.00889779 0.99996 -0.000691342 -5.29309 -0.018363 0.000854691 0.999831 290.813 
0.999882 -0.00731313 0.0134851 -2.61509 0.00734207 0.999971 -0.00209493 -5.31114 -0.0134694 0.00219374 0.999907 291.509 
0.99996 -0.00569455 0.00696492 -2.62297 0.00572311 0.999975 -0.00408096 -5.32652 -0.00694155 0.0041207 0.999967 292.192 
0.999986 -0.00507292 -0.00136097 -2.64177 0.00506494 0.99997 -0.00583129 -5.34332 0.00139047 0.00582436 0.999982 292.854 
0.999914 -0.00537222 -0.0119275 -2.66837 0.00528933 0.999962 -0.00697338 -5.35981 0.0119645 0.00690974 0.999905 293.503 
0.999669 -0.00498281 -0.0252496 -2.70975 0.00479934 0.999962 -0.00732326 -5.37552 0.0252851 0.0071997 0.999654 294.152 
0.999108 -0.0037951 -0.0420572 -2.75896 0.00351662 0.999971 -0.00669445 -5.39536 0.0420813 0.00654062 0.999093 294.78 
0.99807 -0.00136089 -0.0620893 -2.82374 0.000990743 0.999982 -0.00599252 -5.41392 0.0620962 0.00591948 0.998053 295.408 
0.996408 0.000125961 -0.0846769 -2.9113 -0.00066079 0.99998 -0.0062886 -5.42479 0.0846744 0.00632202 0.996389 296.039 
0.993904 0.00126336 -0.110242 -3.00549 -0.00199662 0.999977 -0.00654154 -5.4372 0.110231 0.00672182 0.993883 296.645 
0.990378 0.00243947 -0.138368 -3.1164 -0.00333699 0.999975 -0.00625509 -5.45183 0.138349 0.00665668 0.990361 297.245 
0.985524 0.00344075 -0.169501 -3.24043 -0.00436087 0.999978 -0.00505662 -5.46548 0.16948 0.00572264 0.985517 297.837 
0.979039 0.00322903 -0.203649 -3.38382 -0.00401089 0.999986 -0.00342682 -5.47483 0.203635 0.00417185 0.979038 298.411 
0.970669 0.00324531 -0.240399 -3.53425 -0.00378984 0.999991 -0.00180301 -5.48596 0.240391 0.00266124 0.970673 298.967 
0.960363 0.00428384 -0.27872 -3.70891 -0.00430619 0.999991 0.000531931 -5.49316 0.278719 0.000689419 0.960372 299.511 
0.947797 0.00524138 -0.31883 -3.88869 -0.00461353 0.999986 0.00272428 -5.50219 0.31884 -0.00111109 0.947808 300.042 
0.933078 0.00571637 -0.359629 -4.09839 -0.00424652 0.999979 0.00487692 -5.5193 0.359649 -0.00302333 0.933083 300.557 
0.915822 0.00560465 -0.401545 -4.31519 -0.00325479 0.999973 0.00653392 -5.52634 0.401571 -0.00467692 0.915816 301.062 
0.895929 0.00508716 -0.444168 -4.56239 -0.00183633 0.999968 0.00774874 -5.53422 0.444194 -0.00612663 0.89591 301.535 
0.872821 0.00435571 -0.48802 -4.8229 -0.000248453 0.999964 0.00848053 -5.53795 0.48804 -0.00728069 0.872791 302.002 
0.84656 0.00344201 -0.532282 -5.09719 0.00193492 0.999953 0.00954353 -5.54074 0.53229 -0.00910904 0.846513 302.45 
0.817147 0.00358383 -0.576418 -5.39968 0.00337009 0.999934 0.0109945 -5.5444 0.576419 -0.0109267 0.817081 302.878 
0.785094 0.00511453 -0.619356 -5.74024 0.00263145 0.999929 0.0115928 -5.55035 0.619371 -0.0107312 0.785025 303.253 
0.749393 0.00411142 -0.662113 -6.09154 0.00473614 0.999922 0.0115695 -5.55355 0.662109 -0.0118059 0.749315 303.632 
0.709712 0.00331424 -0.704484 -6.4167 0.00885169 0.999868 0.0136212 -5.56382 0.704436 -0.015903 0.709589 303.954 
0.666503 0.00279674 -0.745498 -6.80444 0.0147963 0.999746 0.0169789 -5.56682 0.745356 -0.022347 0.666292 304.236 
0.61887 0.00329741 -0.785487 -7.20485 0.0186682 0.999647 0.0189047 -5.56182 0.785272 -0.0263631 0.61859 304.485 
0.568063 0.00689181 -0.822957 -7.62195 0.0181042 0.999618 0.020868 -5.56021 0.822786 -0.0267532 0.567721 304.696 
0.515319 0.013229 -0.856896 -8.05498 0.0131046 0.999642 0.0233135 -5.55912 0.856898 -0.0232431 0.514962 304.869 
0.459389 0.017139 -0.88807 -8.46726 0.0102211 0.999646 0.0245795 -5.55355 0.888177 -0.0203685 0.459051 305.037 
0.401503 0.0192766 -0.915655 -8.88635 0.00958263 0.999635 0.0252464 -5.54759 0.915808 -0.0189108 0.401172 305.175 
0.342288 0.0211573 -0.939357 -9.29653 0.0114043 0.999579 0.0266693 -5.53954 0.939526 -0.0198412 0.341903 305.295 
0.282439 0.0243451 -0.958976 -9.7161 0.0133923 0.99948 0.0293176 -5.53283 0.959192 -0.0211233 0.281966 305.389 
0.221317 0.0279819 -0.974801 -10.1368 0.0154808 0.999362 0.0322016 -5.52244 0.975079 -0.0222174 0.220742 305.462 
0.15724 0.0311926 -0.987068 -10.5687 0.017881 0.999247 0.0344259 -5.51373 0.987399 -0.0230628 0.156564 305.509 
0.0917037 0.0349007 -0.995175 -11.0103 0.018188 0.99916 0.0367165 -5.49977 0.99562 -0.0214672 0.0909919 305.518 
0.0250396 0.0405798 -0.998863 -11.4678 0.0200615 0.998954 0.0410864 -5.48768 0.999485 -0.0210674 0.0241993 305.502 
-0.0432502 0.0470575 -0.997955 -11.9381 0.0218884 0.998695 0.0461438 -5.46857 0.998825 -0.0198479 -0.0442238 305.453 
-0.11162 0.0539219 -0.992287 -12.4126 0.0240548 0.998381 0.0515472 -5.4506 0.99346 -0.0181156 -0.112736 305.368 
-0.179614 0.0600703 -0.981901 -12.8991 0.0263244 0.99807 0.0562441 -5.43063 0.983385 -0.0157457 -0.180848 305.247 
-0.246629 0.0661798 -0.966848 -13.3865 0.0301794 0.997706 0.0605937 -5.41174 0.96864 -0.0142347 -0.248061 305.094 
-0.311873 0.0703694 -0.947514 -13.8794 0.0342976 0.997437 0.0627881 -5.38437 0.949505 -0.0129155 -0.313487 304.904 
-0.374165 0.0725868 -0.924517 -14.3667 0.0378019 0.997297 0.063002 -5.35509 0.926591 -0.0113753 -0.375898 304.671 
-0.433323 0.0728866 -0.898286 -14.8412 0.040815 0.997289 0.0612309 -5.32289 0.900314 -0.0101308 -0.435123 304.401 
-0.489104 0.0725941 -0.8692 -15.3138 0.0429343 0.997326 0.0591356 -5.28741 0.871168 -0.00839501 -0.490913 304.093 
-0.540536 0.072672 -0.838176 -15.7903 0.0449559 0.997334 0.0574795 -5.25142 0.840119 -0.00661121 -0.542362 303.749 
-0.586556 0.0725411 -0.806654 -16.2565 0.0463924 0.997355 0.0559565 -5.21685 0.808579 -0.004601 -0.58837 303.368 
-0.626965 0.0731593 -0.775604 -16.7212 0.0473388 0.997319 0.055806 -5.18406 0.777608 -0.00172775 -0.628748 302.952 
-0.663631 0.0769062 -0.744096 -17.1744 0.0517603 0.997038 0.0568861 -5.15379 0.746267 -0.000763221 -0.665646 302.506 
-0.699565 0.0838658 -0.709631 -17.6282 0.0598967 0.996476 0.0587187 -5.11966 0.712055 -0.00142704 -0.702123 302.027 
-0.734438 0.0891873 -0.67279 -18.0815 0.0659039 0.996015 0.0600924 -5.08135 0.675468 -0.000205392 -0.737389 301.504 
-0.766504 0.0905944 -0.635818 -18.5169 0.0685515 0.995886 0.0592571 -5.04425 0.638571 0.00183451 -0.769561 300.94 
-0.795901 0.0873682 -0.59909 -18.9294 0.0680837 0.996172 0.0548262 -5.01386 0.601587 0.002848 -0.798802 300.341 
-0.822322 0.0847665 -0.562673 -19.3304 0.0691158 0.9964 0.0490976 -4.98435 0.564809 0.00148451 -0.825221 299.7 
-0.846496 0.0799983 -0.52635 -19.7132 0.0676883 0.996795 0.0426407 -4.94921 0.528074 0.000467504 -0.849198 299.018 
-0.868221 0.0775161 -0.490086 -20.0798 0.0677837 0.996991 0.037609 -4.92009 0.491526 -0.000566837 -0.870863 298.304 
-0.888079 0.0760356 -0.453359 -20.4297 0.0669567 0.997104 0.0360697 -4.89582 0.454788 0.00167734 -0.890598 297.55 
-0.906503 0.0723233 -0.415959 -20.7569 0.0640236 0.997373 0.0338871 -4.874 0.417317 0.00408752 -0.908752 296.758 
-0.923128 0.0718385 -0.377722 -21.0657 0.0647152 0.997405 0.0315355 -4.85 0.379008 0.00466691 -0.925382 295.936 
-0.938089 0.0740601 -0.338386 -21.3475 0.0676082 0.997236 0.0308312 -4.82699 0.339734 0.00604475 -0.940502 295.076 
-0.950912 0.0774603 -0.299609 -21.5966 0.0717378 0.99697 0.03007 -4.8089 0.30103 0.00710066 -0.953588 294.188 
-0.962074 0.078454 -0.261265 -21.8246 0.0728259 0.996858 0.0311701 -4.78751 0.26289 0.010961 -0.964764 293.26 
-0.971268 0.0813331 -0.223659 -22.0151 0.0762113 0.996596 0.0314523 -4.77036 0.225455 0.0135033 -0.97416 292.314 
-0.978993 0.0809522 -0.187136 -22.1719 0.0766466 0.996603 0.0301422 -4.75282 0.188941 0.0151656 -0.981871 291.341 
-0.985026 0.0794504 -0.153007 -22.2936 0.0764051 0.996746 0.0256902 -4.73144 0.15455 0.013615 -0.987891 290.342 
