1 2.12261e-08 -2.11895e-08 0 2.12261e-08 1 2.10703e-08 0 -2.11895e-08 2.10703e-08 1 0 
0.999979 0.000475339 -0.0064812 -0.00980768 -0.000473189 1 0.000326646 -0.00100679 0.00648131 -0.00032353 0.999979 0.094937 
0.999907 0.00102906 -0.0135958 -0.0192119 -0.00102633 0.999999 0.000204159 -0.00171564 0.0135959 -0.000190144 0.999908 0.194315 
0.999775 0.00140644 -0.0211579 -0.0318304 -0.00141692 0.999999 -0.000482677 -0.00300688 0.0211572 0.00051259 0.999776 0.294579 
0.999533 0.001862 -0.0304916 -0.0460061 -0.00191841 0.999997 -0.00182231 -0.00408889 0.030488 0.00188 0.999533 0.401633 
0.999117 0.00194747 -0.0419732 -0.0648744 -0.00209195 0.999992 -0.00339942 -0.00461077 0.0419662 0.00348427 0.999113 0.521254 
0.998455 0.00186587 -0.0555383 -0.0888687 -0.00210665 0.999989 -0.0042779 -0.00505174 0.0555296 0.00438834 0.998447 0.65178 
0.997409 0.00174528 -0.0719209 -0.116961 -0.00206012 0.999989 -0.00430421 -0.00508917 0.0719125 0.00444127 0.997401 0.795386 
0.995887 0.000129891 -0.0906086 -0.149822 -0.000513841 0.999991 -0.00421459 -0.00740206 0.0906072 0.00424386 0.995878 0.953224 
0.993862 -0.00108677 -0.11062 -0.189017 0.000612779 0.999991 -0.00431911 -0.0104048 0.110624 0.00422486 0.993853 1.11806 
0.991138 -0.00119441 -0.13283 -0.238797 0.000583526 0.999989 -0.00463811 -0.0147352 0.132834 0.00451954 0.991128 1.2928 
0.987599 0.00242904 -0.156979 -0.299835 -0.00342121 0.999976 -0.00605072 -0.0200166 0.15696 0.00651278 0.987584 1.4705 
0.983213 0.00669264 -0.18234 -0.371916 -0.00821111 0.999938 -0.00757421 -0.0262847 0.182278 0.00894431 0.983206 1.65548 
0.977784 0.00956562 -0.209397 -0.449349 -0.0115864 0.999897 -0.00842614 -0.0335114 0.209295 0.0106651 0.977795 1.84574 
0.970996 0.010266 -0.238877 -0.531365 -0.0126941 0.999882 -0.00862857 -0.0361955 0.23876 0.0114107 0.971012 2.04628 
0.96288 0.0121581 -0.269654 -0.62651 -0.0148839 0.999857 -0.00806602 -0.0409924 0.269518 0.0117802 0.962923 2.2505 
0.953342 0.0138356 -0.301576 -0.73377 -0.0167684 0.999834 -0.00713813 -0.0424472 0.301427 0.0118621 0.953416 2.45866 
0.941966 0.0160173 -0.335325 -0.84705 -0.0191695 0.999798 -0.00609265 -0.0436301 0.33516 0.0121671 0.942083 2.6674 
0.929298 0.018242 -0.368881 -0.968966 -0.0218799 0.999745 -0.00568097 -0.0455051 0.368683 0.0133504 0.929459 2.87072 
0.915241 0.0209168 -0.402364 -1.10198 -0.0250911 0.999672 -0.00510603 -0.0442509 0.402125 0.014769 0.915466 3.07596 
0.898919 0.0213372 -0.437595 -1.23818 -0.0259054 0.999654 -0.00447234 -0.0424478 0.437348 0.0153564 0.899161 3.28054 
0.880112 0.0166614 -0.474473 -1.37795 -0.0217037 0.999751 -0.00515186 -0.0412492 0.474269 0.0148321 0.880255 3.48757 
0.858421 0.0114278 -0.512819 -1.52745 -0.01671 0.999844 -0.00569067 -0.0414635 0.512674 0.0134543 0.858478 3.69015 
0.832861 0.0129559 -0.553331 -1.69854 -0.0171956 0.999849 -0.00247158 -0.0458059 0.553216 0.0115734 0.832958 3.8868 
0.803041 0.0183122 -0.595642 -1.89069 -0.0218882 0.99976 0.00122673 -0.0502395 0.595521 0.0120525 0.803249 4.07802 
0.769697 0.0211778 -0.638058 -2.09716 -0.0249735 0.999683 0.0030546 -0.0533672 0.637921 0.0135835 0.769982 4.25966 
0.732817 0.0203619 -0.680121 -2.31702 -0.0243183 0.999697 0.00372705 -0.0533208 0.679991 0.0138082 0.73309 4.44352 
0.692162 0.0161469 -0.721561 -2.54951 -0.0181886 0.999822 0.00492618 -0.0535883 0.721513 0.00971452 0.692333 4.62624 
0.648651 0.0127402 -0.760979 -2.80364 -0.0129433 0.9999 0.00570743 -0.0531346 0.760976 0.00614747 0.648751 4.80084 
0.603301 0.0123062 -0.797419 -3.08101 -0.0100882 0.999919 0.00779891 -0.0532994 0.79745 0.00333949 0.603376 4.95694 
0.554593 0.0129573 -0.832021 -3.37384 -0.00749452 0.999916 0.0105763 -0.0513005 0.832088 0.000370086 0.554643 5.10082 
0.503403 0.0136312 -0.863944 -3.68374 -0.00596722 0.999907 0.0122994 -0.046928 0.864031 -0.00103616 0.503437 5.22109 
0.450425 0.0150589 -0.892687 -4.01352 -0.00542455 0.999885 0.0141301 -0.0403328 0.892798 -0.00152209 0.450455 5.32952 
0.395666 0.0170667 -0.918236 -4.36517 -0.00441096 0.999851 0.016683 -0.0344069 0.918384 -0.00255054 0.395683 5.42592 
0.34014 0.0191359 -0.94018 -4.72937 -0.00388803 0.999813 0.0189431 -0.0305915 0.940367 -0.00278779 0.34015 5.50257 
0.285035 0.0221451 -0.958261 -5.11323 -0.00164284 0.999743 0.0226151 -0.0279086 0.958516 -0.00487178 0.284998 5.56532 
0.231359 0.0240003 -0.972572 -5.50947 0.00258074 0.999677 0.0252831 -0.0232223 0.972865 -0.00835938 0.231222 5.61284 
0.180276 0.0244683 -0.983312 -5.92191 0.00520178 0.999653 0.0258286 -0.0200576 0.983602 -0.00977121 0.180086 5.64687 
0.132983 0.0253671 -0.990794 -6.3492 0.0028655 0.999658 0.0259786 -0.0129752 0.991114 -0.0062938 0.132865 5.65272 
0.0905171 0.0255283 -0.995568 -6.79165 0.000925535 0.999669 0.0257176 -0.00379378 0.995895 -0.00324927 0.0904635 5.64687 
0.0524428 0.0239961 -0.998336 -7.25124 -0.00039218 0.999712 0.0240085 0.00646285 0.998624 -0.000867504 0.052437 5.63445 
0.0178489 0.0212145 -0.999616 -7.72008 0.000425104 0.999775 0.0212255 0.0148876 0.999841 -0.00080375 0.0178359 5.61133 
-0.0136385 0.0185576 -0.999735 -8.20512 0.000604226 0.999828 0.018551 0.0202316 0.999907 -0.000351015 -0.0136474 5.57503 
-0.0402571 0.0166894 -0.99905 -8.70494 -5.9045e-05 0.99986 0.0167054 0.0248916 0.999189 0.000731539 -0.0402505 5.5257 
-0.0612006 0.0144018 -0.998022 -9.21459 -0.000405239 0.999896 0.0144537 0.0330286 0.998125 0.00128905 -0.0611883 5.46993 
-0.0776764 0.0135896 -0.996886 -9.73951 1.87722e-05 0.999907 0.0136293 0.0431421 0.996979 0.00104 -0.0776694 5.40928 
-0.0909287 0.0140268 -0.995759 -10.281 0.000939602 0.999902 0.0139993 0.0502682 0.995857 0.000337364 -0.0909329 5.34522 
-0.100549 0.0152174 -0.994816 -10.84 -0.000447284 0.999882 0.0153401 0.0472854 0.994932 0.00198744 -0.100531 5.26961 
-0.107356 0.0164451 -0.994085 -11.4117 -0.00236805 0.999856 0.0167963 0.0476377 0.994218 0.00415725 -0.107301 5.18911 
-0.111941 0.0173969 -0.993563 -12.0042 -0.00229576 0.99984 0.0177654 0.0526313 0.993712 0.00426971 -0.111883 5.1074 
-0.113522 0.0181265 -0.99337 -12.6079 0.000364251 0.999834 0.0182028 0.062238 0.993535 0.00170462 -0.11351 5.03258 
-0.112766 0.020309 -0.993414 -13.2317 0.00243461 0.999794 0.0201631 0.0704613 0.993619 -0.000144827 -0.112792 4.95626 
-0.111462 0.0227901 -0.993507 -13.8717 0.00174218 0.99974 0.0227377 0.0744157 0.993767 0.000803554 -0.111472 4.87427 
-0.110126 0.0225494 -0.993662 -14.5261 -0.000268462 0.999742 0.0227171 0.0808703 0.993918 0.00276854 -0.110091 4.79082 
-0.108726 0.0199329 -0.993872 -15.1904 -0.00193793 0.999793 0.0202637 0.0891986 0.99407 0.00412929 -0.108665 4.70648 
-0.107666 0.0196727 -0.993992 -15.8729 -0.00216609 0.999797 0.0200222 0.100626 0.994185 0.00430884 -0.107602 4.6243 
-0.105964 0.0223967 -0.994118 -16.5742 -0.00172386 0.999741 0.0227072 0.113234 0.994369 0.0041199 -0.105898 4.53898 
-0.104209 0.0257278 -0.994223 -17.2934 -0.0024861 0.999656 0.0261289 0.1249 0.994552 0.00519463 -0.104109 4.45117 
-0.102512 0.0278451 -0.994342 -18.0259 -0.00276118 0.999596 0.0282769 0.132508 0.994728 0.00564432 -0.102394 4.36241 
-0.100713 0.0270217 -0.994548 -18.7664 -0.00448397 0.999609 0.0276133 0.145541 0.994905 0.0072406 -0.100553 4.27135 
-0.0990394 0.0238532 -0.994798 -19.5221 -0.00664497 0.999675 0.0246317 0.158928 0.995061 0.00904995 -0.0988487 4.17748 
-0.0974864 0.0231799 -0.994967 -20.2895 -0.00748714 0.999683 0.0240234 0.171512 0.995209 0.00979145 -0.097282 4.0848 
-0.0960211 0.0255885 -0.99505 -21.0729 -0.00484898 0.999646 0.0261746 0.183111 0.995368 0.00733833 -0.095863 3.99769 
-0.0949878 0.0278185 -0.99509 -21.8697 -0.00258143 0.999599 0.028191 0.192679 0.995475 0.00524659 -0.0948779 3.91054 
-0.0938296 0.0296134 -0.995148 -22.6696 -0.00133674 0.999553 0.0298705 0.202428 0.995587 0.00413303 -0.0937481 3.82155 
-0.0933118 0.0249578 -0.995324 -23.4708 -0.00102455 0.999683 0.0251632 0.210775 0.995636 0.00336781 -0.0932566 3.73238 
-0.0930466 0.0180949 -0.995497 -24.2762 0.000472697 0.999836 0.0181295 0.215957 0.995662 0.00121636 -0.0930399 3.64384 
-0.0932766 0.0135697 -0.995548 -25.0921 0.0037359 0.999905 0.0132791 0.224638 0.995633 -0.0024806 -0.0933184 3.55866 
-0.0939224 0.0143393 -0.995476 -25.9198 0.00489352 0.999891 0.0139412 0.231192 0.995568 -0.00356195 -0.0939824 3.47011 
-0.0940329 0.0218282 -0.99533 -26.7582 0.004653 0.999758 0.0214857 0.232977 0.995558 -0.00261087 -0.0941118 3.37326 
-0.0943505 0.0288726 -0.99512 -27.6022 0.00317982 0.999583 0.0287006 0.24099 0.995534 -0.000456345 -0.094403 3.27686 
-0.0948488 0.0340907 -0.994908 -28.4482 0.00122209 0.999417 0.0341287 0.250592 0.995491 0.00202124 -0.0948351 3.17904 
-0.095315 0.0343417 -0.994855 -29.2896 -0.000356864 0.999404 0.0345329 0.262347 0.995447 0.00364657 -0.0952459 3.08066 
-0.0957427 0.0308237 -0.994929 -30.126 -0.000270935 0.99952 0.030992 0.274812 0.995406 0.00323686 -0.0956883 2.98569 
-0.096382 0.0280844 -0.994948 -30.9617 -0.000525625 0.9996 0.0282666 0.288501 0.995344 0.0032474 -0.0963287 2.89176 
-0.0965803 0.029167 -0.994898 -31.8002 -0.00188651 0.999563 0.0294869 0.301388 0.995323 0.00472477 -0.0964831 2.79466 
-0.0966372 0.031552 -0.994819 -32.6371 -0.00250712 0.999487 0.0319436 0.30992 0.995317 0.00558111 -0.0965085 2.69805 
-0.0965213 0.0298314 -0.994884 -33.4771 -0.00320477 0.999536 0.0302818 0.318052 0.995326 0.00611125 -0.0963809 2.59647 
-0.0962252 0.024614 -0.995055 -34.3072 -0.00402784 0.999676 0.0251178 0.32797 0.995351 0.00642493 -0.0960949 2.5004 
-0.0959537 0.0203706 -0.995177 -35.1413 -0.00528177 0.999766 0.0209738 0.337508 0.995372 0.00726885 -0.0958237 2.39815 
-0.0954821 0.0210933 -0.995208 -35.9782 -0.00452732 0.999756 0.021624 0.344604 0.995421 0.00657037 -0.0953633 2.30083 
-0.0952236 0.0236769 -0.995174 -36.8171 -0.00333033 0.999704 0.0241033 0.346849 0.99545 0.00560951 -0.0951166 2.20789 
-0.0948282 0.0284613 -0.995087 -37.6624 -0.00290599 0.999579 0.0288667 0.357265 0.995489 0.00562913 -0.0947056 2.11122 
-0.0942217 0.0340194 -0.99497 -38.506 -0.00202348 0.999407 0.0343627 0.369333 0.995549 0.00525105 -0.0940971 2.01429 
-0.0945037 0.0372637 -0.994827 -39.3454 -0.00218234 0.999289 0.0376382 0.380394 0.995522 0.00572804 -0.0943552 1.91954 
-0.0943464 0.0370951 -0.994848 -40.1751 -0.00176434 0.999298 0.0374284 0.39535 0.995538 0.00528653 -0.0942147 1.82988 
-0.0943545 0.0325789 -0.995005 -41.0017 -0.00151635 0.999459 0.0328685 0.412128 0.995538 0.00461011 -0.094254 1.73483 
-0.0940598 0.0281541 -0.995168 -41.8308 -0.00259031 0.99959 0.028524 0.423823 0.995563 0.0052608 -0.0939483 1.63851 
-0.0939893 0.025195 -0.995254 -42.6636 -0.00640827 0.999644 0.0259113 0.43507 0.995553 0.00881328 -0.0937944 1.53632 
-0.0946539 0.0232646 -0.995238 -43.4946 -0.00956866 0.999659 0.0242779 0.444377 0.995464 0.0118211 -0.0943991 1.43772 
-0.0953826 0.0214566 -0.995209 -44.3275 -0.00729631 0.999726 0.0222532 0.446847 0.995414 0.00938397 -0.0951999 1.3417 
-0.0965478 0.0178418 -0.995168 -45.1547 -0.00390043 0.999825 0.0183037 0.450639 0.995321 0.00564881 -0.0964613 1.24774 
-0.0974694 0.0164535 -0.995103 -45.9787 0.000623121 0.999864 0.0164712 0.456859 0.995238 0.000985413 -0.0974664 1.15628 
-0.0996924 0.0199739 -0.994818 -46.8049 0.00108652 0.9998 0.019965 0.458651 0.995018 0.000909513 -0.0996942 1.06089 
-0.101462 0.0262298 -0.994494 -47.6349 0.00361597 0.999656 0.0259971 0.461657 0.994833 -0.0009583 -0.101522 0.962799 
-0.103402 0.0299698 -0.994188 -48.4551 0.00545414 0.999548 0.0295641 0.466115 0.994625 -0.0023654 -0.103519 0.864443 
-0.105128 0.0290222 -0.994035 -49.2607 0.00562188 0.999575 0.0285894 0.473751 0.994443 -0.00258276 -0.105246 0.768347 
-0.106179 0.025099 -0.99403 -50.0596 0.00225718 0.999685 0.0250007 0.477307 0.994344 0.000410888 -0.106202 0.662436 
-0.107523 0.0213494 -0.993973 -50.8554 -0.00242822 0.999761 0.0217364 0.482666 0.9942 0.00475078 -0.107445 0.554227 
-0.109124 0.0196012 -0.993835 -51.6515 -0.00643854 0.999771 0.0204252 0.488724 0.994007 0.00862776 -0.108973 0.445083 
-0.110255 0.0206998 -0.993688 -52.4458 -0.00804544 0.999732 0.0217184 0.489524 0.993871 0.0103893 -0.110059 0.338545 
-0.111496 0.0222568 -0.993516 -53.2343 -0.00760242 0.999701 0.0232486 0.492097 0.993736 0.0101453 -0.111294 0.237559 
-0.112547 0.0216763 -0.99341 -54.0166 -0.00967324 0.999691 0.0229092 0.49512 0.993599 0.0121879 -0.112302 0.130041 
-0.113204 0.0214991 -0.993339 -54.7912 -0.0103255 0.999686 0.0228132 0.496887 0.993518 0.0128393 -0.112946 0.0254129 
-0.113836 0.0233648 -0.993225 -55.5674 -0.00863733 0.999662 0.0245062 0.500959 0.993462 0.0113685 -0.113595 -0.0766026 
-0.114098 0.026278 -0.993122 -56.3379 -0.00775635 0.999596 0.0273404 0.505454 0.993439 0.0108225 -0.113848 -0.179244 
-0.114366 0.0304072 -0.992973 -57.1067 -0.00787745 0.999472 0.0315136 0.511255 0.993407 0.0114262 -0.114067 -0.283223 
-0.115143 0.0325925 -0.992814 -57.8694 -0.00768705 0.999402 0.0337003 0.517618 0.993319 0.0115122 -0.114824 -0.383608 
-0.115844 0.0326562 -0.99273 -58.6181 -0.00747051 0.999403 0.0337474 0.522253 0.993239 0.0113257 -0.115531 -0.486741 
-0.116273 0.0307786 -0.99274 -59.3609 -0.00660427 0.999474 0.0317609 0.530117 0.993195 0.0102493 -0.116009 -0.586039 
-0.116861 0.0273015 -0.992773 -60.0951 -0.00623235 0.999582 0.0282224 0.536808 0.993129 0.00948545 -0.116642 -0.681506 
-0.116804 0.0244271 -0.992855 -60.8219 -0.00651356 0.999657 0.0253608 0.540977 0.993134 0.00942931 -0.116605 -0.780993 
-0.115703 0.0219813 -0.993041 -61.5347 -0.00684861 0.999714 0.022927 0.548132 0.99326 0.00945372 -0.11552 -0.879804 
-0.113526 0.0211319 -0.99331 -62.2305 -0.00898824 0.999711 0.0222954 0.550468 0.993494 0.0114593 -0.113303 -0.975009 
-0.109698 0.0221499 -0.993718 -62.9131 -0.00919383 0.999686 0.0232979 0.550268 0.993922 0.0116919 -0.10946 -1.06115 
-0.104014 0.0236374 -0.994295 -63.5814 -0.00834401 0.999662 0.0246379 0.552864 0.994541 0.0108591 -0.103782 -1.14141 
-0.0968814 0.0251434 -0.994978 -64.2327 -0.00729231 0.999636 0.0259711 0.555598 0.995269 0.00977185 -0.0966628 -1.2122 
-0.0882166 0.0265125 -0.995748 -64.8686 -0.00824062 0.999592 0.0273449 0.556291 0.996067 0.0106179 -0.0879621 -1.27794 
-0.0765398 0.0281897 -0.996668 -65.4879 -0.0103558 0.999524 0.0290658 0.557886 0.997013 0.0125461 -0.0762114 -1.33488 
-0.0616377 0.0296549 -0.997658 -66.0948 -0.0134415 0.999443 0.0305385 0.561994 0.998008 0.0152924 -0.0612048 -1.38292 
-0.0433182 0.0307987 -0.998587 -66.68 -0.0148054 0.999395 0.0314659 0.568294 0.998952 0.0161476 -0.042836 -1.41117 
-0.0212756 0.0315304 -0.999276 -67.245 -0.0156163 0.99937 0.0318659 0.572411 0.999652 0.016283 -0.0207698 -1.42043 
0.0040812 0.0319759 -0.99948 -67.7829 -0.0149892 0.999378 0.0319114 0.574618 0.999879 0.0148512 0.00455796 -1.40928 
0.0333985 0.0315712 -0.998943 -68.3012 -0.0134456 0.999425 0.0311369 0.579804 0.999352 0.0123915 0.0338038 -1.37852 
0.0674606 0.0316007 -0.997221 -68.796 -0.012195 0.99945 0.0308463 0.585649 0.997647 0.0100803 0.0678088 -1.32594 
0.105084 0.0318831 -0.993952 -69.2702 -0.0114597 0.999458 0.0308481 0.590139 0.994397 0.00814877 0.105393 -1.25443 
0.145858 0.0316193 -0.9888 -69.7288 -0.0112006 0.999478 0.0303085 0.594043 0.989242 0.00665449 0.146136 -1.16096 
0.191201 0.0327297 -0.981005 -70.1762 -0.0100997 0.999457 0.0313769 0.595729 0.981499 0.00390859 0.191428 -1.05071 
0.240017 0.0314975 -0.970258 -70.6032 -0.00678593 0.999504 0.0307683 0.596295 0.970745 -0.000800753 0.240111 -0.917974 
0.290579 0.0269322 -0.956472 -71.008 0.000856164 0.999596 0.0284066 0.595771 0.956851 -0.0090732 0.290438 -0.760535 
0.34249 0.0219028 -0.939266 -71.3977 0.00611793 0.999655 0.0255418 0.595638 0.939501 -0.0144941 0.342238 -0.584173 
0.395617 0.0171866 -0.918255 -71.7766 0.011245 0.999659 0.023555 0.601875 0.918347 -0.0196444 0.395289 -0.388086 
0.447765 0.016869 -0.893992 -72.1511 0.0108156 0.999647 0.0242797 0.607412 0.894086 -0.0205406 0.447424 -0.177978 
0.496904 0.0154987 -0.867667 -72.5152 0.0123405 0.999613 0.0249228 0.615706 0.867718 -0.0230916 0.496521 0.0576167 
0.542635 0.0115285 -0.839889 -72.8569 0.0199529 0.999447 0.0266098 0.618142 0.839732 -0.0311976 0.542105 0.321618 
0.587256 0.00517018 -0.809385 -73.1785 0.0303958 0.999133 0.0284362 0.621086 0.80883 -0.0413012 0.58659 0.607715 
0.630798 0.000285769 -0.775947 -73.4889 0.0316097 0.99916 0.0260648 0.621873 0.775303 -0.040969 0.63026 0.895282 
0.672992 -0.0046369 -0.739636 -73.7862 0.0283369 0.999408 0.0195182 0.627197 0.739107 -0.0340945 0.672725 1.19214 
0.71459 -0.0116649 -0.699446 -74.0724 0.0247739 0.999656 0.00863867 0.632162 0.699105 -0.0235011 0.714633 1.5092 
0.75491 -0.0145 -0.655669 -74.3441 0.0198763 0.999802 0.00077426 0.635836 0.655528 -0.0136167 0.755049 1.84886 
0.79296 -0.0157188 -0.609071 -74.6079 0.0183913 0.999829 -0.00185949 0.638326 0.608996 -0.00972702 0.793114 2.22638 
0.827864 -0.0170133 -0.560671 -74.8535 0.0184062 0.999826 -0.00316134 0.636587 0.560627 -0.00770265 0.828032 2.63139 
0.859375 -0.0155051 -0.511112 -75.0864 0.015067 0.999874 -0.00499887 0.632543 0.511125 -0.00340498 0.8595 3.05626 
0.886134 -0.0138995 -0.463221 -75.3023 0.0140965 0.999896 -0.00303678 0.622785 0.463215 -0.00383876 0.886238 3.50821 
0.908059 -0.00753336 -0.418774 -75.5112 0.00745319 0.999971 -0.00182732 0.615763 0.418776 -0.00146184 0.908089 3.98824 
0.926143 -0.00324694 -0.377159 -75.7049 0.00222734 0.999993 -0.00313956 0.610028 0.377166 0.00206767 0.926143 4.4864 
0.940107 0.00198044 -0.340874 -75.8901 -0.00266159 0.999995 -0.00153072 0.606672 0.340869 0.00234635 0.940108 5.00994 
0.95052 0.00262828 -0.310651 -76.0634 -0.00256454 0.999997 0.000613515 0.599526 0.310652 0.000213565 0.950524 5.56113 
0.958151 0.00208024 -0.286256 -76.2268 -0.00148028 0.999996 0.00231213 0.593993 0.286259 -0.00179159 0.958151 6.1319 
0.964206 0.0021874 -0.265144 -76.3867 -0.0010275 0.999989 0.00451308 0.588715 0.265151 -0.00407906 0.964198 6.72112 
0.969047 0.00479317 -0.246829 -76.5464 -0.00315004 0.99997 0.00705125 0.589586 0.246855 -0.00605543 0.969033 7.33146 
0.972792 0.00947004 -0.231488 -76.7043 -0.00767839 0.999933 0.00863929 0.58808 0.231555 -0.00662672 0.972799 7.9541 
0.975825 0.0132715 -0.21815 -76.858 -0.0113587 0.999885 0.01002 0.583512 0.218258 -0.00729988 0.975864 8.59474 
0.978678 0.0118237 -0.205061 -76.9994 -0.0100151 0.999901 0.00985515 0.5822 0.205157 -0.00759126 0.9787 9.25215 
0.981439 0.0118148 -0.19141 -77.1326 -0.0101906 0.999903 0.00946735 0.581651 0.191503 -0.00734099 0.981465 9.92772 
0.984161 0.0122689 -0.17685 -77.2618 -0.0106541 0.999893 0.0100777 0.583728 0.176955 -0.00803386 0.984186 10.6167 
0.986577 0.0138898 -0.162708 -77.3882 -0.0123197 0.999867 0.0106546 0.581549 0.162834 -0.00850702 0.986617 11.315 
0.988565 0.0138642 -0.15016 -77.5023 -0.0128062 0.999886 0.00800992 0.575005 0.150254 -0.0059953 0.988629 12.0325 
0.990159 0.0144136 -0.139201 -77.613 -0.0141743 0.999896 0.00270968 0.569583 0.139225 -0.000709888 0.990261 12.7593 
0.991474 0.0124631 -0.129706 -77.7171 -0.0130143 0.99991 -0.00340371 0.565186 0.129652 0.00506277 0.991547 13.493 
0.992516 0.0126241 -0.121461 -77.8199 -0.0131596 0.999907 -0.00360769 0.560802 0.121404 0.00517911 0.99259 14.2433 
0.993279 0.0145531 -0.11483 -77.9201 -0.0143474 0.999894 0.00261744 0.552197 0.114856 -0.000952292 0.993382 15.0081 
0.993774 0.0189845 -0.109787 -78.0259 -0.0179068 0.999781 0.0107938 0.541222 0.109968 -0.00876066 0.993897 15.7776 
0.994215 0.0197663 -0.10557 -78.1213 -0.0183356 0.999727 0.0145052 0.53538 0.105828 -0.0124856 0.994306 16.5455 
0.994601 0.0185502 -0.102098 -78.2131 -0.0172613 0.99976 0.0134926 0.531535 0.102324 -0.0116573 0.994683 17.3077 
0.994911 0.0182056 -0.0990978 -78.3014 -0.017048 0.999776 0.0125149 0.529788 0.0993034 -0.0107618 0.994999 18.0715 
0.99522 0.016763 -0.0962132 -78.3869 -0.0154202 0.999773 0.0146828 0.528176 0.0964374 -0.0131289 0.995252 18.8392 
0.995472 0.0144145 -0.0939593 -78.4655 -0.0128599 0.999771 0.0171302 0.525918 0.0941846 -0.0158443 0.995429 19.6087 
0.995769 0.0124528 -0.0910499 -78.5479 -0.0107721 0.999763 0.0189268 0.521786 0.091264 -0.0178659 0.995666 20.3714 
0.996032 0.011763 -0.0882146 -78.6305 -0.010453 0.999828 0.0152966 0.518259 0.0883793 -0.0143137 0.995984 21.1327 
0.996156 0.0141532 -0.0864412 -78.7146 -0.0135251 0.999878 0.00784776 0.515216 0.0865417 -0.00664843 0.996226 21.886 
0.996288 0.0145122 -0.0848508 -78.7948 -0.0145485 0.999894 0.000189932 0.508413 0.0848446 0.00104527 0.996394 22.6364 
0.99639 0.014959 -0.0835685 -78.8723 -0.0153426 0.999875 -0.00394948 0.498471 0.0834989 0.00521742 0.996494 23.3908 
0.996546 0.0167172 -0.0813386 -78.9525 -0.0169505 0.999854 -0.00217901 0.484285 0.0812903 0.00355026 0.996684 24.1502 
0.99668 0.0201271 -0.0788868 -79.0357 -0.0200514 0.999797 0.00175099 0.468867 0.0789061 -0.000163349 0.996882 24.9083 
0.996776 0.0235493 -0.076698 -79.1165 -0.0230913 0.99971 0.00685305 0.454516 0.0768371 -0.00505986 0.997031 25.667 
0.997018 0.0211882 -0.0742 -79.1852 -0.0205995 0.99975 0.00868974 0.447892 0.0743655 -0.00713531 0.997206 26.4241 
0.997154 0.0184059 -0.0731059 -79.2509 -0.0178318 0.999805 0.00849735 0.43962 0.073248 -0.00716951 0.997288 27.1766 
0.99726 0.0166009 -0.0720952 -79.3149 -0.0160205 0.999835 0.00862089 0.42957 0.0722263 -0.00744222 0.997361 27.9275 
0.997328 0.016276 -0.0712115 -79.3808 -0.0158183 0.999851 0.00698606 0.421214 0.0713146 -0.00584091 0.997437 28.6757 
0.99741 0.014033 -0.0705386 -79.4447 -0.0136583 0.99989 0.00579069 0.414061 0.070612 -0.00481221 0.997492 29.4285 
0.997465 0.0131068 -0.0699359 -79.5112 -0.0127232 0.999902 0.00592696 0.405632 0.0700066 -0.00502208 0.997534 30.1915 
0.997472 0.016254 -0.069174 -79.5845 -0.0158166 0.999851 0.0068647 0.400316 0.0692752 -0.0057532 0.997581 30.9618 
0.99748 0.0164693 -0.0690118 -79.6576 -0.0160966 0.999853 0.00595227 0.394685 0.0690996 -0.00482637 0.997598 31.7386 
0.997375 0.0158454 -0.070648 -79.7279 -0.015468 0.999863 0.0058852 0.386816 0.0707315 -0.00477693 0.997484 32.5151 
0.997275 0.0129572 -0.0726326 -79.8001 -0.0125214 0.999901 0.00645212 0.378819 0.0727089 -0.00552503 0.997338 33.2946 
0.997029 0.0149058 -0.0755722 -79.8809 -0.0144785 0.999876 0.00619746 0.373499 0.0756551 -0.00508483 0.997121 34.0807 
0.996761 0.0183718 -0.0782915 -79.9672 -0.0179628 0.999821 0.0059242 0.363843 0.0783863 -0.00449863 0.996913 34.8759 
0.996543 0.0188797 -0.0809011 -80.0527 -0.0188685 0.999822 0.000901919 0.35746 0.0809037 0.000627726 0.996722 35.667 
0.99634 0.0194582 -0.083231 -80.1401 -0.0197469 0.999802 -0.00264741 0.350272 0.0831629 0.00428132 0.996527 36.4687 
0.996194 0.0184063 -0.0851991 -80.2294 -0.0188446 0.999813 -0.00434318 0.342422 0.0851032 0.00593223 0.996355 37.2856 
0.996007 0.018558 -0.0873237 -80.3186 -0.0188666 0.999818 -0.00271107 0.326663 0.0872575 0.00434779 0.996176 38.1089 
0.995834 0.0172383 -0.0895361 -80.4084 -0.0174746 0.999846 -0.00185673 0.312913 0.0894902 0.00341365 0.995982 38.9366 
0.995691 0.016545 -0.0912447 -80.5008 -0.0166243 0.999862 -0.000110112 0.302088 0.0912302 0.00162656 0.995829 39.7694 
0.995585 0.0163428 -0.0924298 -80.5957 -0.0160801 0.999864 0.00358593 0.292431 0.0924758 -0.00208377 0.995713 40.6104 
0.995503 0.0160551 -0.0933563 -80.6901 -0.0153433 0.999848 0.00833666 0.283333 0.0934759 -0.00686673 0.995598 41.4615 
0.995559 0.0160754 -0.0927605 -80.7839 -0.0151625 0.99983 0.0105375 0.276364 0.0929141 -0.00908414 0.995633 42.3171 
0.995679 0.0190659 -0.0908876 -80.8801 -0.0181878 0.99978 0.0104797 0.272953 0.0910673 -0.00878135 0.995806 43.1745 
0.99585 0.019289 -0.0889382 -80.9761 -0.0185505 0.999786 0.0091222 0.269255 0.0890951 -0.00743446 0.995995 44.0351 
0.996028 0.0167121 -0.0874569 -81.0652 -0.0161718 0.999846 0.00688279 0.263445 0.0875584 -0.00544107 0.996145 44.9017 
0.996247 0.0129386 -0.0855834 -81.15 -0.0125275 0.999907 0.00533745 0.255948 0.0856445 -0.00424523 0.996317 45.7707 
0.996428 0.0116551 -0.083638 -81.2391 -0.0112761 0.999924 0.00500163 0.250476 0.0836899 -0.00404061 0.996484 46.6423 
0.996525 0.00927416 -0.0827721 -81.3255 -0.00867543 0.999934 0.0075898 0.239199 0.082837 -0.0068453 0.99654 47.5165 
0.996611 0.00647659 -0.0820018 -81.4068 -0.00565898 0.999932 0.0101987 0.229843 0.0820622 -0.00970007 0.99658 48.3906 
0.996684 0.0061554 -0.0811374 -81.4963 -0.00532385 0.999931 0.0104605 0.220398 0.0811961 -0.00999379 0.996648 49.2589 
0.996761 0.00737684 -0.0800802 -81.5855 -0.00681366 0.99995 0.00730316 0.208441 0.0801301 -0.00673382 0.996762 50.1213 
0.996792 0.00988388 -0.0794227 -81.6748 -0.00979354 0.999951 0.00152641 0.196914 0.0794338 -0.000743642 0.99684 50.9802 
0.996856 0.0115647 -0.078389 -81.7628 -0.0119166 0.999921 -0.00402328 0.183058 0.0783362 0.00494481 0.996915 51.8346 
0.996847 0.0161452 -0.077685 -81.8517 -0.0169459 0.99981 -0.00965977 0.161875 0.0775142 0.0109458 0.996931 52.6863 
0.996938 0.0160505 -0.0765252 -81.935 -0.0169129 0.9998 -0.0106351 0.142125 0.0763392 0.0118968 0.997011 53.539 
0.996979 0.0130044 -0.0765752 -82.0109 -0.0133971 0.9999 -0.00461739 0.126732 0.0765074 0.00562937 0.997053 54.3944 
0.996941 0.0121812 -0.0772089 -82.0908 -0.0118625 0.999919 0.00458357 0.107544 0.0772585 -0.00365361 0.997004 55.253 
0.996854 0.0113045 -0.0784472 -82.1731 -0.0103671 0.99987 0.0123459 0.0919136 0.0785765 -0.0114938 0.996842 56.106 
0.996694 0.00927267 -0.0807131 -82.2558 -0.00849374 0.999914 0.00998806 0.0845717 0.0807987 -0.00926945 0.996687 56.9513 
0.996566 0.00416053 -0.0826976 -82.3321 -0.00362488 0.999972 0.00662586 0.0752673 0.0827228 -0.00630329 0.996553 57.7861 
0.996346 0.0026422 -0.0853684 -82.4157 -0.00220565 0.999984 0.00520712 0.0631152 0.0853808 -0.00499976 0.996336 58.6164 
0.996107 0.00481691 -0.0880234 -82.5094 -0.00458816 0.999986 0.00280035 0.0496534 0.0880356 -0.00238554 0.996115 59.4406 
0.995793 0.00643027 -0.0914027 -82.6042 -0.00651051 0.999979 -0.000580095 0.0356436 0.091397 0.00117278 0.995814 60.2625 
0.995427 0.00677483 -0.0952877 -82.7012 -0.00719489 0.999966 -0.00406592 0.0212234 0.0952569 0.00473296 0.995442 61.0781 
0.995111 0.00865282 -0.098388 -82.8013 -0.00947981 0.999924 -0.00794142 0.000227998 0.0983117 0.00883534 0.995116 61.8857 
0.994734 0.0131637 -0.101644 -82.9082 -0.0140459 0.99987 -0.00796886 -0.0197219 0.101526 0.00935462 0.994789 62.6927 
0.994339 0.0167582 -0.104921 -83.019 -0.0175229 0.999826 -0.00637082 -0.0349577 0.104796 0.00817332 0.99446 63.4962 
0.993871 0.0200219 -0.108718 -83.1298 -0.0201932 0.999796 -0.000474801 -0.0526151 0.108686 0.0026673 0.994073 64.2992 
0.993403 0.0207242 -0.112791 -83.24 -0.0202756 0.999781 0.00512349 -0.0687849 0.112872 -0.00280275 0.993606 65.0992 
0.992821 0.0198427 -0.117953 -83.3487 -0.0189389 0.999782 0.00877763 -0.0798105 0.118102 -0.00648066 0.99298 65.8924 
0.992046 0.0192968 -0.124391 -83.4643 -0.0182159 0.999786 0.00982091 -0.0879415 0.124554 -0.00747685 0.992185 66.6767 
0.991324 0.0169485 -0.130343 -83.5809 -0.0153114 0.999791 0.0135517 -0.0952399 0.130545 -0.0114384 0.991376 67.4604 
0.990428 0.0175043 -0.136916 -83.7041 -0.0158372 0.999787 0.0132553 -0.101682 0.137119 -0.01096 0.990494 68.2358 
0.989483 0.0222136 -0.142932 -83.8405 -0.0206912 0.999712 0.0121287 -0.107504 0.14316 -0.00904366 0.989658 69.0074 
0.988529 0.0240555 -0.149101 -83.977 -0.0230656 0.999699 0.00836482 -0.113558 0.149258 -0.00482971 0.988787 69.7743 
0.987645 0.0232187 -0.154981 -84.1152 -0.0226509 0.999729 0.00542826 -0.117249 0.155065 -0.00185068 0.987903 70.5409 
0.986764 0.0244436 -0.160312 -84.2588 -0.0240763 0.999701 0.00423265 -0.125971 0.160367 -0.000316861 0.987057 71.305 
0.985955 0.0262627 -0.164933 -84.4067 -0.0250965 0.999643 0.00915065 -0.130902 0.165114 -0.00488285 0.986262 72.0688 
0.984887 0.0271058 -0.171062 -84.5588 -0.0252105 0.999594 0.0132427 -0.136233 0.171352 -0.00873 0.985171 72.8307 
0.983787 0.0262075 -0.177417 -84.7108 -0.0238342 0.999596 0.0154953 -0.146707 0.177752 -0.0110155 0.984014 73.5898 
0.982559 0.0236423 -0.18444 -84.8676 -0.0218712 0.999693 0.0116309 -0.150294 0.184659 -0.00739406 0.982775 74.3369 
0.981001 0.0217847 -0.192777 -85.03 -0.0213171 0.999763 0.00449997 -0.152663 0.192829 -0.000304996 0.981232 75.0756 
0.979241 0.019177 -0.201791 -85.2009 -0.0190548 0.999815 0.00254837 -0.159949 0.201802 0.00134966 0.979425 75.8155 
0.976993 0.018824 -0.21244 -85.3817 -0.0180892 0.999822 0.00540191 -0.169193 0.212504 -0.0014347 0.977159 76.5528 
0.974568 0.0188918 -0.223296 -85.5722 -0.0167597 0.999794 0.0114398 -0.171795 0.223466 -0.00740646 0.974684 77.2892 
0.971772 0.0206456 -0.235019 -85.7745 -0.0166279 0.99968 0.0190644 -0.175007 0.235337 -0.0146183 0.971804 78.0225 
0.96901 0.0212346 -0.246106 -85.9811 -0.0162214 0.999618 0.0223793 -0.1787 0.246487 -0.0176936 0.968985 78.7465 
0.965989 0.0244288 -0.257427 -86.1996 -0.0205221 0.99963 0.0178518 -0.183778 0.257768 -0.0119616 0.966133 79.4557 
0.962812 0.0236892 -0.269132 -86.4241 -0.022169 0.999717 0.00868655 -0.185912 0.269262 -0.00239705 0.963064 80.1573 
0.959378 0.0212156 -0.281324 -86.6524 -0.021028 0.999772 0.00368597 -0.183842 0.281338 0.00237949 0.959606 80.8605 
0.9558 0.019881 -0.293344 -86.8905 -0.0182019 0.999799 0.00845276 -0.184155 0.293453 -0.0027397 0.95597 81.5728 
0.952253 0.0211582 -0.304575 -87.1423 -0.0171608 0.999728 0.0157957 -0.190587 0.304826 -0.00981474 0.952358 82.287 
0.948362 0.0211733 -0.316484 -87.401 -0.0153056 0.999662 0.021015 -0.192083 0.316822 -0.0150859 0.948365 83 
0.944116 0.0187161 -0.329082 -87.6659 -0.013172 0.999731 0.0190685 -0.191626 0.32935 -0.0136681 0.944109 83.7069 
0.940147 0.0167805 -0.340356 -87.9391 -0.0126305 0.999817 0.0144048 -0.191174 0.340536 -0.00924372 0.940186 84.4071 
0.936835 0.0125522 -0.349545 -88.2161 -0.0105705 0.999915 0.00757644 -0.197208 0.349611 -0.00340298 0.936889 85.1046 
0.93401 0.00839139 -0.357149 -88.501 -0.00834388 0.999964 0.00167377 -0.201639 0.35715 0.00141673 0.934046 85.8034 
0.931205 0.00823399 -0.364403 -88.7934 -0.00902006 0.999959 -0.000455288 -0.207958 0.364384 0.00371095 0.931241 86.5014 
0.928142 0.0134767 -0.371982 -89.1016 -0.014746 0.999891 -0.000567802 -0.21963 0.371933 0.00601229 0.92824 87.1948 
0.924877 0.0133589 -0.380033 -89.4059 -0.0137529 0.999904 0.00167823 -0.230257 0.380019 0.00367446 0.924972 87.8943 
0.9215 0.0140546 -0.388124 -89.7147 -0.0118553 0.999897 0.00806054 -0.232671 0.388198 -0.00282643 0.921572 88.6008 
0.918614 0.0161442 -0.394827 -90.031 -0.0106289 0.999813 0.0161524 -0.234872 0.395013 -0.0106412 0.918614 89.3031 
0.915844 0.0258749 -0.400699 -90.3642 -0.0182026 0.999571 0.0229423 -0.242576 0.401121 -0.0137178 0.915922 89.9977 
0.913113 0.0324851 -0.406411 -90.7009 -0.026743 0.999446 0.0198018 -0.243938 0.406829 -0.00721255 0.913476 90.6803 
0.910603 0.0289205 -0.412268 -91.0278 -0.0262584 0.999582 0.0121216 -0.241385 0.412446 -0.000212423 0.910982 91.3636 
0.90854 0.0210711 -0.417267 -91.3546 -0.021091 0.999767 0.00456338 -0.239468 0.417266 0.00465459 0.908773 92.0523 
0.906899 0.0216753 -0.420791 -91.6981 -0.0219406 0.99975 0.00421108 -0.248041 0.420778 0.00541344 0.907148 92.7379 
0.904583 0.0276475 -0.425399 -92.0512 -0.0261705 0.999614 0.00931691 -0.254329 0.425493 0.00270506 0.904958 93.4307 
0.901867 0.0300694 -0.430966 -92.4015 -0.0267748 0.999548 0.0137099 -0.260643 0.431183 -0.000825454 0.902264 94.1298 
0.899536 0.0263597 -0.436052 -92.7513 -0.0236449 0.999653 0.0116526 -0.267672 0.436207 -0.000171446 0.899846 94.8206 
0.897126 0.0244573 -0.441097 -93.1075 -0.0246469 0.999682 0.00530062 -0.274051 0.441086 0.00611641 0.897444 95.5037 
0.894834 0.0216835 -0.445872 -93.47 -0.0248746 0.99969 -0.00130501 -0.27955 0.445705 0.0122587 0.895096 96.1867 
0.892434 0.0224201 -0.45062 -93.8373 -0.0264057 0.999648 -0.00255897 -0.290126 0.450404 0.0141827 0.892712 96.8704 
0.890336 0.0253344 -0.454598 -94.2101 -0.0275851 0.999618 0.00168202 -0.302538 0.454467 0.0110426 0.890695 97.5583 
0.888142 0.0269151 -0.458781 -94.5837 -0.0283202 0.999592 0.00381822 -0.314077 0.458697 0.0096017 0.888541 98.2409 
0.885739 0.0280319 -0.463337 -94.9585 -0.0292421 0.999562 0.0045728 -0.326445 0.463262 0.0094987 0.88617 98.9161 
0.88335 0.0259149 -0.467997 -95.3331 -0.0273058 0.99962 0.00381297 -0.337229 0.467918 0.0094109 0.883722 99.5925 
0.881154 0.0240587 -0.472217 -95.7076 -0.0255978 0.999667 0.00316603 -0.347058 0.472136 0.00929798 0.881477 100.264 
0.878857 0.0234488 -0.476509 -96.0844 -0.0247333 0.999688 0.00357686 -0.355168 0.476444 0.00864216 0.879162 100.93 
0.87645 0.0249545 -0.480846 -96.4682 -0.0262341 0.999648 0.00406129 -0.364688 0.480778 0.0090551 0.876795 101.591 
0.874078 0.0252641 -0.485128 -96.8522 -0.026627 0.999637 0.00408306 -0.377879 0.485055 0.00934865 0.874434 102.245 
0.871554 0.0221828 -0.489797 -97.23 -0.025428 0.999677 2.80512e-05 -0.390082 0.489639 0.0124302 0.871837 102.896 
0.869109 0.0186358 -0.49427 -97.6087 -0.0240406 0.999701 -0.00457991 -0.403983 0.494037 0.0158631 0.869296 103.536 
0.867001 0.0170676 -0.498014 -97.9906 -0.0238047 0.999691 -0.00718142 -0.417247 0.497737 0.0180814 0.867139 104.17 
0.864929 0.0188231 -0.501542 -98.373 -0.0237709 0.999711 -0.00347431 -0.428943 0.501331 0.0149272 0.865127 104.804 
0.863006 0.0229477 -0.504672 -98.7587 -0.0234899 0.99971 0.00528871 -0.441559 0.504648 0.00729058 0.863295 105.432 
0.861464 0.0249174 -0.507207 -99.1407 -0.0202637 0.999687 0.0146945 -0.451005 0.507414 -0.00238081 0.861699 106.059 
0.859833 0.0244381 -0.509991 -99.5132 -0.0168558 0.999668 0.0194843 -0.459358 0.510298 -0.00815683 0.859959 106.668 
0.858191 0.0212823 -0.512889 -99.8786 -0.0136275 0.999733 0.0186815 -0.457551 0.51315 -0.00904282 0.858251 107.26 
0.856418 0.0192863 -0.515924 -100.241 -0.0133074 0.999795 0.0152846 -0.461816 0.516112 -0.00622433 0.856498 107.834 
0.854737 0.017411 -0.518769 -100.597 -0.0128819 0.999841 0.0123322 -0.465842 0.518901 -0.00385796 0.854826 108.394 
0.853225 0.0155288 -0.521312 -100.948 -0.0114522 0.999874 0.0110405 -0.468198 0.521417 -0.00344986 0.853295 108.94 
0.851988 0.0140281 -0.523374 -101.288 -0.00984608 0.999894 0.0107722 -0.4751 0.523469 -0.00402456 0.852035 109.47 
0.850664 0.0145961 -0.525507 -101.623 -0.00986595 0.999882 0.0118015 -0.482397 0.525617 -0.00485445 0.850708 109.98 
0.849539 0.0144973 -0.527327 -101.949 -0.00875595 0.999872 0.0133825 -0.489384 0.527454 -0.00675163 0.849557 110.474 
0.848081 0.0131051 -0.529704 -102.258 -0.00673783 0.99988 0.0139498 -0.494853 0.529823 -0.00826148 0.848068 110.951 
0.846599 0.011447 -0.532109 -102.55 -0.00464746 0.99989 0.0141159 -0.500636 0.532212 -0.0094775 0.846558 111.408 
0.845354 0.0101944 -0.534109 -102.84 -0.00391196 0.999909 0.0128934 -0.502499 0.534192 -0.00880999 0.845318 111.849 
0.844081 0.0101218 -0.53612 -103.12 -0.00605334 0.999938 0.00934804 -0.509349 0.536181 -0.00464514 0.84409 112.261 
0.842497 0.0072601 -0.538652 -103.388 -0.00540209 0.999973 0.00502852 -0.51104 0.538673 -0.00132662 0.842514 112.661 
0.840167 0.00331488 -0.542317 -103.64 -0.00226436 0.999994 0.00260436 -0.511085 0.542322 -0.00096005 0.84017 113.045 
0.837272 -0.00069664 -0.546786 -103.879 0.00272526 0.999992 0.00289898 -0.514201 0.54678 -0.00391732 0.837267 113.415 
0.833728 0.000322476 -0.552176 -104.12 0.00244129 0.999988 0.00427004 -0.518063 0.552171 -0.00490802 0.833717 113.763 
0.82973 0.00388407 -0.558152 -104.355 -0.000665212 0.999982 0.00596975 -0.524308 0.558165 -0.00458194 0.829718 114.095 
0.825915 0.00989199 -0.563708 -104.585 -0.00487794 0.999934 0.0104 -0.529145 0.563773 -0.00583971 0.825909 114.405 
0.821669 0.0150814 -0.569766 -104.804 -0.00644204 0.999832 0.0171748 -0.533609 0.569929 -0.0104415 0.821628 114.705 
0.81676 0.0167838 -0.576734 -105.01 -0.00557918 0.99976 0.0211933 -0.535951 0.576951 -0.014092 0.816657 114.983 
0.811307 0.013776 -0.584458 -105.208 -0.00111519 0.999757 0.0220167 -0.532889 0.584619 -0.0172105 0.811125 115.246 
0.804077 0.0113655 -0.594416 -105.392 0.00243941 0.999746 0.0224154 -0.527723 0.59452 -0.0194736 0.803845 115.491 
0.795167 0.00986671 -0.606311 -105.575 0.0054527 0.999711 0.0234198 -0.52733 0.606366 -0.0219286 0.794883 115.72 
0.784728 0.0104983 -0.619751 -105.758 0.00577759 0.999689 0.0242498 -0.530482 0.619813 -0.0226101 0.784424 115.927 
0.772203 0.0116465 -0.635269 -105.938 0.00420946 0.999716 0.0234448 -0.52803 0.635362 -0.0207782 0.771935 116.118 
0.758066 0.0101233 -0.6521 -106.115 0.00434309 0.999779 0.0205695 -0.529776 0.652164 -0.0184251 0.757854 116.292 
0.74296 0.00746616 -0.669295 -106.286 0.00354597 0.99988 0.0150901 -0.530233 0.669327 -0.0135846 0.742844 116.454 
0.727495 0.00369872 -0.686103 -106.448 0.00370656 0.99995 0.00932078 -0.526046 0.686103 -0.00932385 0.727445 116.603 
0.711883 0.00355379 -0.702289 -106.618 -0.000183372 0.999988 0.00487433 -0.52208 0.702298 -0.00334112 0.711875 116.743 
0.695775 0.00701944 -0.718226 -106.794 -0.00761276 0.999968 0.00239817 -0.519755 0.718219 0.00379914 0.695806 116.875 
0.678179 0.00873959 -0.734845 -106.968 -0.0102221 0.999945 0.00245862 -0.518774 0.734826 0.00584429 0.678231 117.005 
0.658964 0.00732152 -0.752139 -107.143 -0.00709315 0.999969 0.00351948 -0.516025 0.752141 0.00301587 0.658996 117.141 
0.638401 0.00627764 -0.769679 -107.32 -0.00427589 0.99998 0.00460941 -0.510312 0.769693 0.000348461 0.638415 117.274 
0.61588 0.00797708 -0.7878 -107.509 -0.00434076 0.999968 0.00673195 -0.508424 0.787828 -0.000726368 0.615894 117.391 
0.591468 0.0121142 -0.806238 -107.706 -0.00788739 0.999926 0.0092381 -0.501325 0.80629 0.000895124 0.59152 117.499 
0.566557 0.0159824 -0.823868 -107.906 -0.0101366 0.999871 0.0124261 -0.495872 0.82396 0.00131116 0.566646 117.601 
0.540885 0.0184996 -0.840893 -108.107 -0.0120587 0.999826 0.0142396 -0.489522 0.84101 0.00243815 0.541014 117.694 
0.514767 0.0215252 -0.85706 -108.311 -0.0152492 0.999757 0.0159501 -0.488577 0.857195 0.00485892 0.51497 117.78 
0.487837 0.0255438 -0.872561 -108.519 -0.0195605 0.999641 0.018328 -0.485239 0.872716 0.00812671 0.488161 117.855 
0.459758 0.0282561 -0.887594 -108.73 -0.0218699 0.999551 0.0204919 -0.483262 0.887775 0.00999037 0.46017 117.926 
0.429656 0.027818 -0.902564 -108.941 -0.0207798 0.999565 0.0209156 -0.486941 0.902753 0.00976866 0.430048 117.996 
0.397229 0.0247841 -0.917385 -109.167 -0.0206742 0.999623 0.0180538 -0.487514 0.917486 0.0117947 0.397592 118.06 
0.36247 0.0202994 -0.931774 -109.412 -0.0201271 0.9997 0.0139495 -0.482972 0.931778 0.0136977 0.36277 118.119 
0.323074 0.0180381 -0.946202 -109.672 -0.0198705 0.999727 0.0122738 -0.47906 0.946165 0.0148362 0.323344 118.174 
0.281317 0.0166052 -0.959471 -109.955 -0.0194658 0.999743 0.0115948 -0.469681 0.959417 0.0154151 0.281568 118.22 
0.237535 0.0147264 -0.971267 -110.253 -0.0186647 0.99977 0.0105939 -0.464004 0.9712 0.015612 0.237755 118.255 
0.189975 0.0118611 -0.981717 -110.569 -0.0177755 0.999805 0.00863981 -0.45515 0.981628 0.0158092 0.190148 118.28 
0.140659 0.0099274 -0.990008 -110.902 -0.0171305 0.999824 0.00759195 -0.450706 0.98991 0.0158915 0.140805 118.287 
0.0903511 0.00949382 -0.995865 -111.251 -0.0165977 0.99983 0.00802577 -0.443789 0.995772 0.015804 0.0904933 118.276 
0.0379856 0.0107117 -0.999221 -111.62 -0.0158859 0.999823 0.0101142 -0.437599 0.999152 0.0154894 0.038149 118.25 
-0.0152986 0.0129132 -0.9998 -111.996 -0.0129272 0.999831 0.0131114 -0.431381 0.999799 0.0131252 -0.0151291 118.205 
-0.0690025 0.0147834 -0.997507 -112.379 -0.00973859 0.999833 0.0154915 -0.425003 0.997569 0.0107833 -0.068847 118.139 
-0.122794 0.0166959 -0.992292 -112.772 -0.00565854 0.99983 0.017523 -0.422084 0.992416 0.00776668 -0.122679 118.054 
-0.175636 0.0185862 -0.98428 -113.177 -0.00268784 0.999809 0.019359 -0.41752 0.984452 0.00604576 -0.175552 117.94 
-0.226911 0.0201743 -0.973707 -113.594 -0.000693119 0.999782 0.0208761 -0.41141 0.973915 0.00541193 -0.226847 117.8 
-0.276196 0.0215205 -0.96086 -114.014 0.00245484 0.999762 0.0216862 -0.402787 0.961098 0.00363091 -0.276183 117.637 
-0.324236 0.0232889 -0.945689 -114.436 0.00727859 0.999729 0.0221242 -0.397273 0.945948 0.000290225 -0.324318 117.452 
-0.37069 0.0247143 -0.928428 -114.873 0.0118849 0.99969 0.021866 -0.388969 0.928681 -0.00292877 -0.370869 117.241 
-0.414602 0.026888 -0.909605 -115.313 0.0164725 0.999621 0.0220407 -0.38407 0.909854 -0.00584537 -0.414888 117.001 
