1 2.12261e-08 -2.11895e-08 -3.94563e-15 2.12261e-08 1 2.10703e-08 -1.55431e-15 -2.11895e-08 2.10703e-08 1 -2.79221e-14 
0.999996 0.00269502 0.000102215 -0.0136911 -0.00269514 0.999995 0.00159463 -0.0169962 -9.79592e-05 -0.00159486 0.999999 0.782225 
0.999988 0.00491703 5.37964e-05 -0.0256874 -0.00491708 0.999986 0.00195243 -0.0343883 -4.4238e-05 -0.00195263 0.999998 1.54998 
0.99998 0.00626466 0.000415185 -0.0405414 -0.00626532 0.999979 0.0017127 -0.052504 -0.000404489 -0.00171522 0.999998 2.30086 
0.999967 0.00811103 0.000485742 -0.0549541 -0.00811162 0.999966 0.00131651 -0.0663924 -0.00047509 -0.00132036 0.999999 3.03793 
0.999967 0.00808193 0.000687918 -0.0626078 -0.00808265 0.999967 0.00110709 -0.0800086 -0.00067899 -0.00111258 0.999999 3.76452 
0.999966 0.00821426 0.000876795 -0.0744931 -0.00821599 0.999964 0.00203947 -0.0948165 -0.000860054 -0.00204656 0.999998 4.47016 
0.99996 0.00890766 0.00124341 -0.0825026 -0.00891356 0.999948 0.00486231 -0.107406 -0.00120007 -0.00487315 0.999987 5.16051 
0.999959 0.00872166 0.00236199 -0.0875256 -0.00874217 0.999923 0.00883587 -0.116094 -0.00228479 -0.00885611 0.999958 5.83075 
0.999963 0.0078969 0.00334633 -0.087077 -0.00793747 0.999893 0.0123032 -0.123807 -0.00324885 -0.0123293 0.999919 6.48027 
0.999967 0.00696713 0.00428713 -0.090874 -0.00702915 0.999868 0.0146362 -0.133527 -0.00418463 -0.0146658 0.999884 7.10008 
0.999958 0.00751695 0.00529782 -0.0955013 -0.00759283 0.999867 0.0144603 -0.14184 -0.00518846 -0.0144999 0.999881 7.68918 
0.999944 0.00846646 0.00632503 -0.100221 -0.00854112 0.999893 0.0118791 -0.150195 -0.00622383 -0.0119325 0.999909 8.24972 
0.99994 0.00848108 0.00692204 -0.0988359 -0.00854274 0.999924 0.00893412 -0.153306 -0.00684579 -0.00899267 0.999936 8.78699 
0.999941 0.00677046 0.00851412 -0.0980771 -0.00683376 0.999949 0.00743283 -0.156831 -0.0084634 -0.00749053 0.999936 9.29591 
0.999942 0.00299603 0.0103083 -0.0927808 -0.00304869 0.999982 0.00510033 -0.162632 -0.0102929 -0.00513143 0.999934 9.77505 
0.999925 0.00118802 0.0121538 -0.0894663 -0.00123648 0.999991 0.00398378 -0.171769 -0.012149 -0.00399847 0.999918 10.2224 
0.999885 0.00543855 0.0141314 -0.0938072 -0.00546808 0.999983 0.00205509 -0.182343 -0.01412 -0.00213208 0.999898 10.6383 
0.999805 0.00978199 0.0171405 -0.0990396 -0.00980441 0.999951 0.00122692 -0.191429 -0.0171277 -0.00139469 0.999852 11.0238 
0.999733 0.0102951 0.0206737 -0.0990346 -0.0103451 0.999944 0.00231523 -0.198808 -0.0206488 -0.00252845 0.999784 11.3782 
0.999694 0.00612188 0.0239537 -0.0927026 -0.00619086 0.999977 0.00280876 -0.203471 -0.0239359 -0.00295616 0.999709 11.6991 
0.99965 0.00135428 0.0264294 -0.0787701 -0.00142478 0.999996 0.00265034 -0.207122 -0.0264258 -0.00268702 0.999647 11.9908 
0.999583 -0.00211257 0.028796 -0.0680551 0.00200133 0.99999 0.00389278 -0.211084 -0.028804 -0.00383348 0.999578 12.251 
0.999503 -0.00240404 0.0314287 -0.0625762 0.00224577 0.999985 0.00507177 -0.218623 -0.0314405 -0.00499863 0.999493 12.4828 
0.999437 -0.00166074 0.03352 -0.0566829 0.00152141 0.99999 0.00418307 -0.223667 -0.0335266 -0.00412967 0.999429 12.6862 
0.999363 -0.000566042 0.0356954 -0.0540154 0.000471624 0.999996 0.00265466 -0.227065 -0.0356969 -0.00263609 0.999359 12.8721 
0.999261 0.00169456 0.0383987 -0.055279 -0.00176381 0.999997 0.0017708 -0.230328 -0.0383956 -0.00183718 0.999261 13.0479 
0.99919 0.00445133 0.0400059 -0.0540386 -0.00450061 0.999989 0.00114297 -0.238052 -0.0400004 -0.00132205 0.999199 13.2143 
0.999125 0.00587059 0.0414155 -0.0509214 -0.00586787 0.999983 -0.000186035 -0.244394 -0.0414159 -5.71071e-05 0.999142 13.3719 
0.999049 0.0048234 0.0433427 -0.0438423 -0.00474807 0.999987 -0.00183995 -0.249767 -0.0433511 0.00163244 0.999059 13.5244 
0.998991 0.00357518 0.0447723 -0.0352712 -0.00343198 0.999989 -0.00327384 -0.251188 -0.0447836 0.00311692 0.998992 13.6698 
0.998938 0.00292975 0.045975 -0.028212 -0.00273314 0.999987 -0.0043377 -0.253218 -0.0459871 0.00420748 0.998933 13.8092 
0.998864 0.00357168 0.0475147 -0.0243041 -0.00330388 0.999978 -0.00571246 -0.257133 -0.0475341 0.00554903 0.998854 13.9413 
0.998801 0.00458419 0.0487447 -0.0185032 -0.00420739 0.999961 -0.00782901 -0.25964 -0.0487787 0.00761458 0.998781 14.0698 
0.998764 0.00459729 0.049494 -0.0117006 -0.00411336 0.999943 -0.00987403 -0.264198 -0.0495366 0.00965828 0.998726 14.1948 
0.998732 0.0038771 0.0501897 -0.00416992 -0.00326727 0.99992 -0.012226 -0.266982 -0.0502331 0.0120465 0.998665 14.3202 
0.998763 0.00285103 0.049652 0.00168355 -0.00215482 0.999899 -0.014069 -0.27068 -0.0496871 0.0139446 0.998668 14.4471 
0.998869 0.00245109 0.0474785 0.00723535 -0.00172495 0.999881 -0.015328 -0.272615 -0.0475105 0.0152288 0.998755 14.5748 
0.99901 0.00242175 0.0444149 0.00878042 -0.00170452 0.999868 -0.0161782 -0.276553 -0.0444482 0.0160865 0.998882 14.7043 
0.999182 0.00296852 0.0403405 0.00843749 -0.0022659 0.999845 -0.0174507 -0.278897 -0.0403861 0.0173451 0.999034 14.8329 
0.999395 0.00311088 0.034643 0.0054025 -0.00246995 0.999825 -0.0185271 -0.282118 -0.0346947 0.0184304 0.999228 14.9595 
0.999607 0.0029306 0.0278887 0.00300537 -0.00239529 0.999813 -0.0192071 -0.28554 -0.0279398 0.0191327 0.999427 15.0904 
0.999781 0.00301356 0.0206977 -0.00314826 -0.00259928 0.999796 -0.0200111 -0.287585 -0.0207538 0.019953 0.999586 15.2195 
0.999916 0.00280548 0.0126329 -0.0118841 -0.0025401 0.999777 -0.0209711 -0.290043 -0.012689 0.0209373 0.9997 15.3529 
0.999995 0.00171919 0.00248162 -0.0206863 -0.0016637 0.999753 -0.0221756 -0.293143 -0.00251917 0.0221714 0.999751 15.4929 
0.999944 0.000170719 -0.01057 -0.0325917 -0.000423072 0.999715 -0.023881 -0.295503 0.0105628 0.0238842 0.999659 15.642 
0.999641 -0.00052757 -0.0267903 -0.0551298 -0.000163749 0.999667 -0.0257976 -0.298847 0.026795 0.0257928 0.999308 15.8049 
0.998937 -0.000253543 -0.0460914 -0.0841735 -0.000975601 0.999645 -0.026644 -0.305453 0.0460817 0.0266607 0.998582 15.9791 
0.997686 0.000396912 -0.0679937 -0.121144 -0.00218995 0.999652 -0.0262988 -0.309469 0.0679596 0.0263869 0.997339 16.1759 
0.995778 0.00109947 -0.0917871 -0.166404 -0.00340145 0.999684 -0.0249274 -0.3148 0.0917306 0.0251344 0.995467 16.3912 
0.992929 0.00193314 -0.118694 -0.22328 -0.00474351 0.999715 -0.0233999 -0.321696 0.118615 0.0237975 0.992655 16.6218 
0.988886 0.00297023 -0.148648 -0.303541 -0.00621449 0.999752 -0.0213656 -0.329548 0.148548 0.022052 0.988659 16.8707 
0.983283 0.00302398 -0.18206 -0.382065 -0.00636902 0.999821 -0.0177916 -0.3371 0.181974 0.0186538 0.983126 17.1312 
0.975672 0.00408784 -0.219198 -0.475173 -0.00731958 0.999876 -0.0139336 -0.339698 0.219114 0.0151991 0.975581 17.4137 
0.965791 0.00564508 -0.259259 -0.588621 -0.00816804 0.999929 -0.00865536 -0.342379 0.259192 0.010477 0.965769 17.6986 
0.953526 0.00949626 -0.30116 -0.716882 -0.0111924 0.99993 -0.00390733 -0.345982 0.301102 0.00709651 0.953566 17.9857 
0.939125 0.0131219 -0.343324 -0.86814 -0.013817 0.999904 0.000421293 -0.349078 0.343297 0.00434812 0.939217 18.2766 
0.921929 0.0154414 -0.38705 -1.03119 -0.0142119 0.999881 0.00603818 -0.352744 0.387097 -6.59928e-05 0.922039 18.5784 
0.902132 0.018668 -0.431055 -1.21606 -0.0141916 0.999807 0.0135985 -0.354279 0.431226 -0.00615023 0.902223 18.8864 
0.879637 0.0227398 -0.475102 -1.42424 -0.0149702 0.999685 0.0201311 -0.354228 0.47541 -0.0105956 0.8797 19.1963 
0.854017 0.0274828 -0.519519 -1.64899 -0.0172357 0.99955 0.0245436 -0.352118 0.51996 -0.0120063 0.854106 19.4972 
0.825075 0.0304114 -0.564205 -1.89309 -0.0178711 0.999456 0.0277378 -0.348615 0.564741 -0.0128027 0.825169 19.7968 
0.79327 0.0340311 -0.607918 -2.15779 -0.0203422 0.999361 0.0293994 -0.344304 0.60853 -0.0109552 0.793455 20.0883 
0.758446 0.036312 -0.650723 -2.44705 -0.020417 0.99928 0.0319655 -0.333353 0.651416 -0.0109582 0.758642 20.3787 
0.720421 0.0399269 -0.692387 -2.7696 -0.0212396 0.999143 0.0355166 -0.318883 0.693212 -0.0108809 0.720652 20.6641 
0.680511 0.0409177 -0.731594 -3.11902 -0.0187721 0.999085 0.0384169 -0.305517 0.732497 -0.0124095 0.680657 20.9428 
0.63874 0.040615 -0.76835 -3.49485 -0.0159002 0.999089 0.0395938 -0.291109 0.769258 -0.0130732 0.638805 21.2125 
0.595483 0.0394742 -0.802398 -3.89389 -0.0104193 0.999088 0.0414179 -0.277593 0.8033 -0.0163032 0.595351 21.4645 
0.550254 0.039631 -0.834056 -4.31719 -0.00566413 0.999027 0.0437329 -0.263301 0.834978 -0.01934 0.549943 21.7014 
0.50298 0.0408956 -0.86333 -4.77105 -0.00372507 0.998973 0.0451508 -0.243053 0.86429 -0.0194939 0.502616 21.9204 
0.453055 0.0403704 -0.890568 -5.24446 -0.00266581 0.999031 0.0439309 -0.220294 0.891479 -0.017529 0.452723 22.1092 
0.400373 0.0393066 -0.915509 -5.74562 0.00246443 0.99903 0.0439703 -0.200231 0.916349 -0.0198607 0.399888 22.2859 
0.34649 0.038406 -0.937267 -6.27022 0.0076798 0.999012 0.0437752 -0.179258 0.938022 -0.0223657 0.345853 22.4413 
0.292028 0.0373756 -0.955679 -6.81984 0.0103036 0.999055 0.0422205 -0.156419 0.956354 -0.0221764 0.291367 22.5713 
0.238341 0.0430574 -0.970227 -7.39903 0.0109106 0.998835 0.0470073 -0.128374 0.97112 -0.0217895 0.237594 22.672 
0.186644 0.0481586 -0.981247 -8.00329 0.0133985 0.99858 0.0515579 -0.103244 0.982336 -0.0227701 0.185733 22.7462 
0.138073 0.0496522 -0.989177 -8.62352 0.0189236 0.998428 0.052758 -0.0804961 0.990241 -0.0260032 0.136917 22.8013 
0.0936231 0.0511087 -0.994295 -9.26155 0.0213299 0.998349 0.0533255 -0.0603984 0.995379 -0.0262007 0.0923784 22.8272 
0.0530859 0.0493068 -0.997372 -9.91159 0.0210344 0.998503 0.0504823 -0.0330268 0.998368 -0.0236589 0.0519693 22.8269 
0.0174647 0.0447834 -0.998844 -10.5747 0.0183023 0.998815 0.0451021 0.00100888 0.99968 -0.0190688 0.0166244 22.8012 
-0.0110719 0.0446415 -0.998942 -11.264 0.0160476 0.998882 0.044461 0.0327817 0.99981 -0.0155383 -0.0117759 22.7619 
-0.0320994 0.0487176 -0.998297 -11.9761 0.0146977 0.998726 0.048266 0.0623992 0.999377 -0.0131233 -0.0327745 22.713 
-0.0449281 0.0547193 -0.997491 -12.7057 0.0161928 0.998407 0.0540402 0.0919651 0.998859 -0.0137242 -0.0457426 22.658 
-0.0532239 0.057314 -0.996937 -13.4613 0.0158942 0.998274 0.0565424 0.124329 0.998456 -0.0128361 -0.054043 22.6053 
-0.0572329 0.0545257 -0.996871 -14.2421 0.0170278 0.998416 0.0536326 0.157778 0.998216 -0.013905 -0.0580707 22.5517 
-0.0563847 0.0508193 -0.997115 -15.0376 0.0244954 0.998474 0.0495034 0.193274 0.998109 -0.0216335 -0.0575435 22.4975 
-0.0521247 0.0494531 -0.997415 -15.8504 0.0361949 0.99821 0.047601 0.235171 0.997984 -0.0336201 -0.0538213 22.4617 
-0.0468364 0.049661 -0.997667 -16.6868 0.0367338 0.998174 0.0479617 0.268764 0.998227 -0.0344017 -0.0485751 22.4201 
-0.0415784 0.0481181 -0.997976 -17.551 0.0347932 0.998304 0.0466843 0.298604 0.998529 -0.0327817 -0.0431821 22.3653 
-0.0384225 0.0416954 -0.998391 -18.4186 0.0381829 0.998461 0.0402289 0.334956 0.998532 -0.0365758 -0.0399554 22.3275 
-0.0361963 0.0309715 -0.998865 -19.2862 0.0360704 0.998909 0.0296658 0.359652 0.998694 -0.0349556 -0.037274 22.2793 
-0.0356694 0.0223585 -0.999114 -20.1885 0.0283441 0.99937 0.0213523 0.381581 0.998962 -0.0275573 -0.0362806 22.2192 
-0.0371322 0.019447 -0.999121 -21.1151 0.0227622 0.999568 0.0186097 0.403 0.999051 -0.0220511 -0.0375589 22.1635 
-0.0407079 0.0251177 -0.998855 -22.0628 0.0136531 0.999605 0.0245801 0.41841 0.999078 -0.0126368 -0.0410347 22.0922 
-0.045656 0.0331352 -0.998408 -23.0603 0.00880684 0.999424 0.0327662 0.438271 0.998918 -0.0072968 -0.0459215 22.0155 
-0.0502859 0.0425204 -0.997829 -24.1001 0.00726909 0.999082 0.0422074 0.472051 0.998708 -0.00513083 -0.0505488 21.9451 
-0.0518877 0.0525217 -0.997271 -25.1274 0.00598517 0.998615 0.052281 0.51005 0.998635 -0.00325606 -0.0521301 21.8715 
-0.0530144 0.0602914 -0.996772 -26.1679 0.00808558 0.998169 0.0599458 0.552521 0.998561 -0.00488145 -0.0534048 21.8031 
-0.0545265 0.0611465 -0.996638 -27.1867 0.00921762 0.998112 0.0607326 0.600503 0.99847 -0.00587506 -0.0549871 21.7327 
-0.0563153 0.0583481 -0.996707 -28.2102 0.00803539 0.998285 0.0579865 0.647371 0.998381 -0.00474336 -0.0566875 21.6557 
-0.0589462 0.0534414 -0.99683 -29.2314 0.00784114 0.99856 0.0530705 0.688292 0.99823 -0.00468794 -0.0592803 21.5718 
-0.0636131 0.0482596 -0.996807 -30.25 0.00804193 0.998822 0.0478439 0.726007 0.997942 -0.00497272 -0.0639263 21.4871 
-0.0692001 0.0436435 -0.996648 -31.268 0.00829153 0.999033 0.0431723 0.760497 0.997568 -0.00527617 -0.0694951 21.3969 
-0.0760134 0.0416825 -0.996235 -32.3022 0.00732717 0.999122 0.0412442 0.793164 0.99708 -0.00416444 -0.0762521 21.2901 
-0.0824492 0.0441588 -0.995616 -33.3689 0.00775589 0.999016 0.0436673 0.827517 0.996565 -0.00412152 -0.0827106 21.1758 
-0.0882311 0.0490255 -0.994893 -34.4534 0.00611338 0.998796 0.0486757 0.862569 0.996081 -0.00178741 -0.0884246 21.0405 
-0.0940303 0.0517667 -0.994223 -35.5219 0.00320395 0.998658 0.0516946 0.900475 0.995564 0.00167546 -0.0940699 20.909 
-0.0984286 0.0540634 -0.993675 -36.5994 4.06138e-05 0.998523 0.0543232 0.943191 0.995144 0.00530663 -0.0982854 20.7686 
-0.100444 0.0552261 -0.993409 -37.693 -0.00452373 0.998423 0.0559622 0.988543 0.994932 0.010115 -0.100036 20.612 
-0.102161 0.0562995 -0.993174 -38.7664 -0.00844487 0.998312 0.0574595 1.03432 0.994732 0.0142574 -0.101513 20.4726 
-0.103462 0.055876 -0.993063 -39.8526 -0.00992056 0.998313 0.057205 1.07886 0.994584 0.0157703 -0.102733 20.3296 
-0.1048 0.0549193 -0.992976 -40.941 -0.010389 0.998359 0.0563135 1.1274 0.994439 0.0162177 -0.104058 20.1877 
-0.105553 0.0541632 -0.992938 -42.0317 -0.0117103 0.998379 0.0557048 1.17311 0.994345 0.0175074 -0.104747 20.039 
-0.106094 0.0532928 -0.992927 -43.1228 -0.0139133 0.998385 0.0550724 1.21626 0.994259 0.0196578 -0.105181 19.8918 
-0.106617 0.0508127 -0.993001 -44.2213 -0.0184766 0.99842 0.0530737 1.25814 0.994129 0.0240058 -0.105509 19.744 
-0.106767 0.0460323 -0.993218 -45.321 -0.023813 0.998523 0.048838 1.29531 0.993999 0.0288658 -0.105513 19.5935 
-0.105979 0.045319 -0.993335 -46.4294 -0.0254225 0.998511 0.0482675 1.33993 0.994043 0.0303684 -0.104669 19.4504 
-0.104528 0.0495594 -0.993286 -47.5455 -0.0260302 0.998279 0.0525478 1.38049 0.994181 0.0313482 -0.103058 19.3128 
-0.102345 0.0527671 -0.993348 -48.6629 -0.0261606 0.998104 0.0557151 1.42169 0.994405 0.0316888 -0.100771 19.1696 
-0.100345 0.052565 -0.993563 -49.7834 -0.0242112 0.998179 0.0552544 1.46993 0.994658 0.0295999 -0.0988893 19.0292 
-0.0977637 0.0517122 -0.993865 -50.902 -0.0240215 0.998236 0.0543026 1.51666 0.99492 0.029183 -0.0963489 18.8966 
-0.0936064 0.0521544 -0.994242 -52.0324 -0.0284744 0.998078 0.0550365 1.56307 0.995202 0.0334622 -0.0919415 18.7581 
-0.0876446 0.0529694 -0.994743 -53.1653 -0.0334861 0.997864 0.0560861 1.60908 0.995589 0.0382257 -0.0856837 18.6267 
-0.0817443 0.0526657 -0.995261 -54.2942 -0.0372826 0.997742 0.0558591 1.65508 0.995956 0.0416721 -0.0795963 18.507 
-0.0762631 0.0517668 -0.995743 -55.4293 -0.0385595 0.997751 0.0548245 1.70288 0.996342 0.0425764 -0.0740955 18.3997 
-0.0706528 0.0509298 -0.9962 -56.5597 -0.0379184 0.997837 0.0537028 1.74832 0.99678 0.0415686 -0.0685687 18.3009 
-0.0656143 0.0509544 -0.996543 -57.6946 -0.0360297 0.997923 0.0533972 1.79005 0.997194 0.0394088 -0.0636421 18.2122 
-0.0600076 0.0515094 -0.996868 -58.8394 -0.0348989 0.997949 0.053666 1.83798 0.997588 0.03801 -0.0580869 18.1236 
-0.0544494 0.0533547 -0.99709 -59.9953 -0.0336608 0.997906 0.0552365 1.87895 0.997949 0.0365705 -0.0525394 18.04 
-0.0489991 0.0545646 -0.997307 -61.1494 -0.0343342 0.997825 0.0562798 1.92643 0.998209 0.0369994 -0.047019 17.9637 
-0.0441264 0.0539272 -0.997569 -62.3018 -0.0338292 0.997889 0.0554409 1.97209 0.998453 0.0361935 -0.0422089 17.8972 
-0.039348 0.0493186 -0.998008 -63.4496 -0.0337724 0.998145 0.0506569 2.01712 0.998655 0.0356984 -0.0376094 17.8343 
-0.0350208 0.0440684 -0.998415 -64.5979 -0.0336049 0.99841 0.045247 2.05793 0.998821 0.0351363 -0.0334842 17.7758 
-0.0314539 0.043628 -0.998553 -65.7476 -0.0332075 0.99845 0.0446695 2.09429 0.998953 0.0345645 -0.0299564 17.7222 
-0.0281286 0.0461191 -0.99854 -66.9113 -0.0323519 0.99837 0.0470226 2.12969 0.999081 0.0336273 -0.0265907 17.6666 
-0.0259502 0.0456528 -0.99862 -68.0812 -0.032701 0.998383 0.0464917 2.16785 0.999128 0.0338624 -0.0244154 17.6133 
-0.0248296 0.0453738 -0.998661 -69.2547 -0.0345731 0.998333 0.0462185 2.20898 0.999094 0.0356745 -0.0232195 17.5569 
-0.0239044 0.0461743 -0.998647 -70.4332 -0.0357491 0.998254 0.0470119 2.24828 0.999075 0.0368246 -0.022212 17.503 
-0.0225248 0.0458434 -0.998695 -71.6153 -0.0366442 0.998239 0.0466489 2.28401 0.999075 0.0376472 -0.0208053 17.4493 
-0.0213121 0.0438253 -0.998812 -72.8016 -0.0371431 0.998314 0.044596 2.32244 0.999083 0.0380494 -0.0196484 17.3989 
-0.0208043 0.0424727 -0.998881 -73.9926 -0.0352532 0.998445 0.0431884 2.3599 0.999162 0.0361123 -0.0192746 17.3556 
-0.0203421 0.0422842 -0.998899 -75.1819 -0.0320787 0.998563 0.0429233 2.39522 0.999278 0.0329165 -0.0189564 17.3136 
-0.020369 0.0430354 -0.998866 -76.3688 -0.0297109 0.998606 0.04363 2.42751 0.999351 0.0305659 -0.019062 17.276 
-0.0203805 0.0456682 -0.998749 -77.5544 -0.0294741 0.998495 0.0462581 2.46219 0.999358 0.03038 -0.0190038 17.2296 
-0.0201158 0.0494051 -0.998576 -78.7408 -0.0317712 0.998242 0.0500286 2.49558 0.999293 0.0327324 -0.0185108 17.1825 
-0.0193868 0.0492258 -0.9986 -79.9197 -0.0337064 0.998187 0.0498598 2.53335 0.999244 0.0346259 -0.0176924 17.1332 
-0.0191166 0.0470583 -0.998709 -81.0956 -0.0351967 0.998241 0.0477099 2.57324 0.999198 0.0360634 -0.0174266 17.0874 
-0.0189267 0.0447905 -0.998817 -82.2765 -0.0351501 0.998349 0.0454355 2.60838 0.999203 0.0359685 -0.0173211 17.0448 
-0.0190293 0.0439909 -0.998851 -83.4523 -0.0327705 0.998467 0.0445983 2.6443 0.999282 0.0335816 -0.0175586 17.0051 
-0.0192331 0.0455621 -0.998776 -84.6273 -0.0314998 0.998438 0.0461532 2.67749 0.999319 0.0323489 -0.0177679 16.9672 
-0.019008 0.0485188 -0.998641 -85.8041 -0.030816 0.998319 0.0490897 2.70979 0.999344 0.0317073 -0.0174809 16.926 
-0.0184483 0.0506663 -0.998545 -86.9854 -0.031265 0.998198 0.0512263 2.74927 0.999341 0.0321646 -0.016831 16.8791 
-0.0183399 0.0510107 -0.99853 -88.1574 -0.0326406 0.998135 0.0515901 2.78505 0.999299 0.0335388 -0.0166406 16.8331 
-0.0182726 0.048855 -0.998639 -89.3363 -0.0319538 0.998267 0.0494214 2.8261 0.999322 0.0328134 -0.0166798 16.7971 
-0.017899 0.0475881 -0.998707 -90.5025 -0.0303368 0.998381 0.0481163 2.86118 0.99938 0.0311588 -0.0164264 16.7568 
-0.0180359 0.0485662 -0.998657 -91.663 -0.0285066 0.998389 0.049068 2.89765 0.999431 0.0293533 -0.0166224 16.7203 
-0.0179107 0.0514 -0.998518 -92.8437 -0.0260506 0.998315 0.0518569 2.93801 0.9995 0.0269408 -0.0165415 16.6855 
-0.0180837 0.0540878 -0.998372 -94.0227 -0.0247752 0.998205 0.0545274 2.97749 0.99953 0.025721 -0.0167112 16.649 
-0.0176765 0.0557673 -0.998287 -95.1942 -0.0253552 0.998097 0.0562056 3.02095 0.999522 0.0263053 -0.0162288 16.6083 
-0.0174729 0.0575751 -0.998188 -96.3652 -0.0276543 0.997931 0.0580443 3.06751 0.999465 0.0286184 -0.0158446 16.5656 
-0.0172257 0.0567323 -0.998241 -97.5293 -0.029837 0.997915 0.0572286 3.11135 0.999406 0.0307703 -0.0154971 16.5216 
-0.017444 0.0528339 -0.998451 -98.688 -0.0322514 0.998054 0.0533763 3.15315 0.999328 0.0331325 -0.015706 16.4767 
-0.0172173 0.0511345 -0.998543 -99.8587 -0.0334601 0.998103 0.0516889 3.19634 0.999292 0.0343013 -0.0154736 16.4327 
-0.0173281 0.0495268 -0.998623 -101.021 -0.033439 0.998185 0.0500853 3.23737 0.999291 0.0342609 -0.0156405 16.3957 
-0.0173188 0.0499372 -0.998602 -102.182 -0.032079 0.99821 0.0504739 3.27716 0.999335 0.0329084 -0.0156859 16.3603 
-0.0176682 0.0519691 -0.998492 -103.332 -0.0318561 0.998112 0.052513 3.31837 0.999336 0.0327359 -0.0159793 16.3216 
-0.01791 0.0540695 -0.998377 -104.494 -0.0302564 0.99805 0.0545946 3.36089 0.999382 0.0311851 -0.0162391 16.2869 
-0.0185163 0.0531008 -0.998418 -105.659 -0.0340633 0.997976 0.053709 3.40626 0.999248 0.035004 -0.01667 16.241 
-0.0187728 0.0541622 -0.998356 -106.83 -0.0383583 0.997758 0.0548511 3.45417 0.999088 0.039325 -0.0166531 16.191 
-0.0192673 0.0531677 -0.9984 -108.002 -0.0415315 0.997681 0.0539309 3.50113 0.998951 0.0425042 -0.0170145 16.1431 
-0.0194792 0.0491912 -0.998599 -109.181 -0.042245 0.997856 0.0499786 3.54699 0.998917 0.0431594 -0.0173593 16.0952 
-0.0203433 0.0452062 -0.998771 -110.358 -0.042115 0.998052 0.0460315 3.59007 0.998906 0.0429997 -0.0183998 16.0522 
-0.0216233 0.044422 -0.998779 -111.551 -0.0382914 0.998243 0.0452272 3.62728 0.999033 0.0392226 -0.0198843 16.014 
-0.0222482 0.0438461 -0.998791 -112.752 -0.0337566 0.998435 0.0445824 3.66531 0.999182 0.0347077 -0.0207333 15.9744 
-0.0228453 0.045677 -0.998695 -113.967 -0.0328645 0.998382 0.0464144 3.70749 0.999199 0.033882 -0.0213072 15.9273 
-0.0238382 0.0497795 -0.998476 -115.187 -0.0320375 0.998209 0.050531 3.74806 0.999202 0.0331933 -0.0222006 15.8802 
-0.0245747 0.0499205 -0.998451 -116.416 -0.0305198 0.998249 0.0506616 3.794 0.999232 0.0317176 -0.0230081 15.8318 
-0.0251319 0.0455088 -0.998648 -117.657 -0.0305215 0.998463 0.0462684 3.84055 0.999218 0.0316431 -0.0237043 15.7736 
-0.0259715 0.0415931 -0.998797 -118.907 -0.030557 0.998634 0.0423809 3.88763 0.999196 0.031621 -0.024665 15.7148 
-0.0267153 0.0401741 -0.998836 -120.157 -0.0299455 0.998712 0.0409701 3.92561 0.999194 0.0310052 -0.0254778 15.6559 
-0.0274974 0.0414149 -0.998764 -121.413 -0.0318494 0.998598 0.0422849 3.96307 0.999114 0.0329728 -0.0261398 15.5984 
-0.0279762 0.0457404 -0.998562 -122.677 -0.0365972 0.998236 0.0467508 4.00531 0.998938 0.0378525 -0.0262529 15.5313 
-0.0282778 0.0488669 -0.998405 -123.939 -0.0418708 0.99787 0.0500266 4.04641 0.998723 0.0432187 -0.0261715 15.4645 
-0.0286432 0.0484884 -0.998413 -125.201 -0.0490233 0.997553 0.0498531 4.09175 0.998387 0.0503735 -0.026196 15.3967 
-0.0286868 0.0464279 -0.99851 -126.465 -0.0521216 0.997492 0.0478781 4.13419 0.998229 0.0534174 -0.026195 15.3326 
-0.0292937 0.045157 -0.99855 -127.733 -0.0543518 0.997429 0.0467008 4.17555 0.998092 0.0556411 -0.026764 15.2688 
-0.0302245 0.044669 -0.998545 -128.998 -0.0543667 0.997449 0.0462656 4.21215 0.998064 0.055686 -0.0277189 15.2093 
-0.0308018 0.0439701 -0.998558 -130.263 -0.0521375 0.997601 0.0455362 4.24749 0.998165 0.0534649 -0.0284354 15.1505 
-0.0313674 0.0445869 -0.998513 -131.526 -0.0522035 0.997568 0.0461846 4.28746 0.998144 0.0535746 -0.0289635 15.0893 
-0.0323762 0.0497319 -0.998238 -132.788 -0.0520267 0.997323 0.0513738 4.32738 0.998121 0.0535984 -0.0297021 15.0286 
-0.0334152 0.0539915 -0.997982 -134.058 -0.0507606 0.997159 0.0556466 4.36973 0.998152 0.0525176 -0.0305796 14.9704 
-0.033386 0.0526501 -0.998055 -135.316 -0.0511719 0.997212 0.0543174 4.4188 0.998132 0.0528859 -0.0305987 14.9052 
-0.0327991 0.0512039 -0.99815 -136.57 -0.0507702 0.997312 0.0528293 4.46777 0.998172 0.052409 -0.0301113 14.8416 
-0.0317911 0.0506201 -0.998212 -137.82 -0.0497279 0.9974 0.0521627 4.51014 0.998257 0.0512973 -0.0291912 14.7804 
-0.0309637 0.0497755 -0.99828 -139.074 -0.0497915 0.997442 0.0512781 4.555 0.99828 0.0512937 -0.0284061 14.7178 
-0.0303553 0.0516746 -0.998203 -140.334 -0.0494704 0.997361 0.0531355 4.60195 0.998314 0.0509945 -0.0277189 14.6581 
-0.0299715 0.0553228 -0.998019 -141.594 -0.0503232 0.997117 0.0567841 4.64903 0.998283 0.0519254 -0.027101 14.6026 
-0.0287703 0.0563462 -0.997997 -142.849 -0.0519858 0.996975 0.0577871 4.69875 0.998233 0.0535443 -0.0257541 14.5414 
-0.0278819 0.0533716 -0.998185 -144.097 -0.0541008 0.99703 0.054821 4.74968 0.998146 0.0555312 -0.0249116 14.4794 
-0.0279745 0.0503709 -0.998339 -145.348 -0.0528901 0.997256 0.0517983 4.79821 0.998208 0.0542513 -0.0252337 14.4236 
-0.027938 0.0488842 -0.998414 -146.592 -0.0500793 0.997481 0.0502398 4.84091 0.998354 0.0514035 -0.0254195 14.3696 
-0.0280526 0.0482768 -0.99844 -147.841 -0.0485017 0.997591 0.0495985 4.88565 0.998429 0.0498175 -0.0256435 14.3086 
-0.0284842 0.0483897 -0.998422 -149.089 -0.0456283 0.997724 0.0496576 4.92955 0.998552 0.0469708 -0.0262115 14.256 
-0.0288464 0.0470943 -0.998474 -150.335 -0.0436445 0.997878 0.0483271 4.96912 0.998631 0.044972 -0.0267298 14.2021 
-0.0293268 0.0473317 -0.998449 -151.577 -0.0428075 0.997902 0.0485632 5.00862 0.998653 0.0441653 -0.0272391 14.1504 
-0.0297053 0.0499336 -0.998311 -152.824 -0.0403058 0.997879 0.0511113 5.05308 0.998746 0.041756 -0.0276297 14.0956 
-0.0297723 0.0512989 -0.99824 -154.061 -0.0376872 0.997915 0.0524062 5.09693 0.998846 0.0391811 -0.0277769 14.0389 
-0.0302287 0.0500442 -0.998289 -155.288 -0.0354131 0.998065 0.0511053 5.13787 0.998916 0.0368974 -0.0283979 13.9854 
-0.0311173 0.0502232 -0.998253 -156.525 -0.0363931 0.998018 0.0513458 5.18156 0.998853 0.0379273 -0.0292278 13.924 
-0.0314917 0.0548426 -0.997998 -157.766 -0.0370538 0.997743 0.0559978 5.22838 0.998817 0.0387431 -0.0293885 13.8664 
-0.0309947 0.0612584 -0.997641 -159.002 -0.0420248 0.997158 0.0625344 5.27805 0.998636 0.0438639 -0.0283323 13.7996 
-0.03018 0.061181 -0.99767 -160.227 -0.0466265 0.996952 0.0625474 5.33315 0.998456 0.0484056 -0.0272354 13.7342 
-0.0288208 0.0570551 -0.997955 -161.467 -0.0503692 0.997019 0.0584562 5.3925 0.998315 0.0519509 -0.025861 13.6636 
-0.0273571 0.0514584 -0.9983 -162.698 -0.0522292 0.997237 0.0528348 5.44466 0.99826 0.0535859 -0.0245939 13.603 
-0.0263188 0.0496398 -0.99842 -163.932 -0.0548315 0.997191 0.051024 5.49302 0.998149 0.0560878 -0.0235231 13.5364 
-0.0252099 0.0468193 -0.998585 -165.157 -0.049541 0.997617 0.0480246 5.53108 0.998454 0.0506816 -0.0228304 13.4887 
-0.0252782 0.0426404 -0.998771 -166.374 -0.0465881 0.997954 0.0437846 5.56683 0.998594 0.0476377 -0.0232399 13.44 
-0.0258537 0.0395255 -0.998884 -167.597 -0.0403154 0.998364 0.0405484 5.60206 0.998853 0.0413188 -0.024218 13.3967 
-0.0271103 0.0424566 -0.99873 -168.834 -0.0380782 0.998329 0.0434731 5.64007 0.998907 0.0392084 -0.0254484 13.3466 
-0.0265642 0.0485915 -0.998465 -170.086 -0.0385127 0.998027 0.0495947 5.68194 0.998905 0.0397711 -0.0246404 13.2931 
-0.0249915 0.0517151 -0.998349 -171.32 -0.0401927 0.997802 0.0526928 5.72506 0.998879 0.0414433 -0.022858 13.2373 
-0.0231079 0.0485964 -0.998551 -172.538 -0.041435 0.997913 0.0495242 5.76747 0.998874 0.0425194 -0.021046 13.1806 
-0.022741 0.0485202 -0.998563 -173.767 -0.043855 0.997812 0.0494825 5.81161 0.998779 0.0449173 -0.0205634 13.1297 
-0.021911 0.0497031 -0.998524 -174.989 -0.0417261 0.997848 0.0505851 5.84989 0.998889 0.0427729 -0.0197899 13.085 
-0.0215477 0.0477369 -0.998628 -176.198 -0.0419188 0.997938 0.0486084 5.88896 0.998889 0.0429087 -0.0195022 13.0411 
-0.0199234 0.0463061 -0.998729 -177.379 -0.0423069 0.997993 0.047116 5.92543 0.998906 0.0431918 -0.0179244 12.9946 
-0.0185085 0.0481833 -0.998667 -178.538 -0.0435111 0.997853 0.0489504 5.95716 0.998882 0.0443591 -0.0163723 12.9521 
-0.0172917 0.0501 -0.998595 -179.672 -0.0431041 0.997778 0.0508054 5.98654 0.998921 0.0439221 -0.0150938 12.9116 
-0.016855 0.0515542 -0.998528 -180.777 -0.0441521 0.997657 0.0522546 6.01558 0.998883 0.0449679 -0.0145392 12.8698 
-0.0169086 0.0528124 -0.998461 -181.862 -0.0445353 0.997573 0.0535196 6.04592 0.998865 0.0453717 -0.0145155 12.8321 
-0.0173082 0.0538749 -0.998398 -182.923 -0.0437652 0.997549 0.0545879 6.07606 0.998892 0.0446399 -0.014908 12.7952 
-0.0167919 0.0530133 -0.998453 -183.958 -0.0440999 0.997582 0.0537088 6.10949 0.998886 0.0449336 -0.0144135 12.7538 
-0.0155809 0.0530366 -0.998471 -184.946 -0.0452207 0.997533 0.0536924 6.13796 0.998856 0.0459882 -0.0131441 12.7206 
-0.0143819 0.0538306 -0.998447 -185.909 -0.0459533 0.997459 0.0544393 6.16752 0.99884 0.0466649 -0.0118717 12.6894 
-0.0154297 0.0523884 -0.998508 -186.857 -0.0441492 0.997617 0.0530239 6.19425 0.998906 0.0449015 -0.0130801 12.6623 
-0.0186126 0.0495386 -0.998599 -187.8 -0.0419598 0.997853 0.0502837 6.2206 0.998946 0.042837 -0.016494 12.6289 
-0.0238912 0.046034 -0.998654 -188.739 -0.0416076 0.998028 0.0470005 6.24731 0.998848 0.0426745 -0.0219287 12.5903 
-0.0292894 0.0429872 -0.998646 -189.677 -0.0431892 0.998087 0.0442299 6.2762 0.998638 0.0444263 -0.0273768 12.547 
-0.0333177 0.0419766 -0.998563 -190.62 -0.0452658 0.998029 0.0434645 6.3075 0.998419 0.0466489 -0.0313519 12.4949 
-0.0366122 0.0424809 -0.998426 -191.559 -0.0466877 0.997932 0.0441719 6.33604 0.998238 0.0482315 -0.0345532 12.4439 
-0.0390605 0.0443168 -0.998254 -192.497 -0.045263 0.997912 0.0460727 6.36196 0.998211 0.0469836 -0.0369731 12.3968 
-0.0408776 0.0458182 -0.998113 -193.435 -0.0422833 0.997974 0.0475435 6.39206 0.998269 0.044147 -0.0388575 12.3466 
-0.042611 0.0463051 -0.998018 -194.36 -0.0406956 0.998016 0.0480425 6.42093 0.998263 0.0426621 -0.0406421 12.295 
-0.0438271 0.0453281 -0.99801 -195.269 -0.0409044 0.998051 0.0471263 6.44686 0.998201 0.0428884 -0.0418876 12.2385 
-0.0448312 0.0439132 -0.998029 -196.175 -0.0427165 0.998035 0.0458323 6.47615 0.998081 0.044687 -0.0428673 12.1807 
-0.0448856 0.0429203 -0.99807 -197.087 -0.0460416 0.997926 0.0449847 6.50584 0.997931 0.0479719 -0.0428164 12.1189 
-0.0441348 0.0411022 -0.99818 -197.997 -0.0486274 0.997881 0.0432399 6.53171 0.997841 0.0504473 -0.0420425 12.0577 
-0.0432567 0.0384194 -0.998325 -198.909 -0.0488299 0.997985 0.0405221 6.55589 0.99787 0.050501 -0.0412935 12.0008 
-0.042806 0.0358749 -0.998439 -199.823 -0.0486506 0.998095 0.0379483 6.58065 0.997898 0.0501991 -0.0409791 11.9443 
-0.0421718 0.0354417 -0.998482 -200.749 -0.0486591 0.998112 0.0374838 6.60492 0.997925 0.0501661 -0.0403676 11.8871 
-0.041806 0.0383293 -0.99839 -201.683 -0.0463368 0.998114 0.040259 6.62756 0.998051 0.0479453 -0.0399511 11.8351 
-0.0420201 0.039682 -0.998328 -202.625 -0.0458758 0.99808 0.0416031 6.65023 0.998063 0.0475473 -0.040119 11.7801 
-0.0411304 0.0361403 -0.9985 -203.571 -0.040966 0.998444 0.0378257 6.67229 0.998314 0.0424604 -0.0395859 11.7253 
-0.0408726 0.0329334 -0.998622 -204.513 -0.0395377 0.998621 0.0345516 6.69893 0.998382 0.0408954 -0.0395141 11.673 
-0.0404165 0.0329917 -0.998638 -205.458 -0.0439404 0.998429 0.0347631 6.72568 0.998216 0.0452856 -0.0389034 11.6092 
-0.039029 0.0368968 -0.998557 -206.417 -0.0451826 0.998231 0.0386507 6.7469 0.998216 0.0466259 -0.0372928 11.5509 
-0.0372286 0.0363396 -0.998646 -207.381 -0.0428129 0.998363 0.0379253 6.77295 0.998389 0.0441668 -0.0356119 11.5006 
-0.0351134 0.0375237 -0.998679 -208.354 -0.0414922 0.998379 0.0389713 6.80468 0.998522 0.0428059 -0.0334995 11.4508 
-0.0335364 0.0422536 -0.998544 -209.335 -0.042265 0.998152 0.0436565 6.83281 0.998543 0.0436675 -0.0316885 11.3993 
-0.0319858 0.0465563 -0.998403 -210.331 -0.0391787 0.998088 0.0477968 6.86123 0.99872 0.040645 -0.0301006 11.355 
-0.0308557 0.0471274 -0.998412 -211.332 -0.0386158 0.998086 0.0483054 6.89545 0.998778 0.040045 -0.0289768 11.3084 
-0.0289882 0.0475408 -0.998449 -212.338 -0.0418725 0.997934 0.048732 6.93378 0.998702 0.0432202 -0.0269377 11.2602 
-0.0260577 0.0491424 -0.998452 -213.357 -0.0447243 0.997734 0.0502743 6.97173 0.99866 0.0459651 -0.0238008 11.2091 
-0.0227006 0.0493212 -0.998525 -214.38 -0.0457531 0.997685 0.0503198 7.0077 0.998695 0.046828 -0.0203915 11.1668 
-0.0198323 0.0466678 -0.998714 -215.405 -0.0485858 0.997685 0.0475845 7.0434 0.998622 0.0494671 -0.017519 11.1236 
-0.017249 0.0433579 -0.998911 -216.44 -0.0484896 0.997848 0.0441491 7.08091 0.998675 0.0491983 -0.0151095 11.09 
-0.0156533 0.0425227 -0.998973 -217.482 -0.0476031 0.997931 0.0432243 7.11502 0.998744 0.0482308 -0.0135967 11.0568 
-0.0142463 0.0447219 -0.998898 -218.537 -0.0483737 0.997799 0.0453626 7.14878 0.998728 0.0489667 -0.0120516 11.0217 
-0.0129328 0.0479029 -0.998768 -219.602 -0.0499559 0.997574 0.0484924 7.18522 0.998668 0.0505216 -0.0105084 10.988 
-0.0115558 0.0477486 -0.998793 -220.665 -0.0499472 0.997585 0.0482687 7.21901 0.998685 0.0504447 -0.009143 10.9563 
-0.0108213 0.0449896 -0.998929 -221.733 -0.0485035 0.997788 0.0454636 7.25442 0.998764 0.0489436 -0.0086152 10.9285 
-0.0109353 0.0421708 -0.999051 -222.809 -0.0456513 0.998048 0.0426282 7.28824 0.998898 0.0460741 -0.00898881 10.9035 
-0.011167 0.041131 -0.999091 -223.898 -0.0438635 0.998172 0.0415834 7.32062 0.998975 0.044288 -0.00934239 10.8784 
-0.0110693 0.0401832 -0.999131 -224.999 -0.0439974 0.998205 0.0406334 7.35296 0.99897 0.044409 -0.00928146 10.8481 
-0.0107949 0.0400817 -0.999138 -226.103 -0.043959 0.998211 0.0405195 7.3855 0.998975 0.0443585 -0.00901367 10.8194 
-0.0110807 0.0409312 -0.999101 -227.212 -0.0456692 0.998099 0.0413967 7.4169 0.998895 0.0460868 -0.00919037 10.7863 
-0.0115365 0.0431719 -0.999001 -228.323 -0.0462056 0.997977 0.0436612 7.44903 0.998865 0.0466632 -0.00951835 10.7519 
-0.0125129 0.0448437 -0.998916 -229.452 -0.0465323 0.997885 0.0453803 7.48566 0.998838 0.0470497 -0.0103998 10.7179 
-0.0132528 0.0465177 -0.99883 -230.593 -0.0474233 0.997764 0.0470973 7.52535 0.998787 0.047992 -0.0110172 10.6815 
-0.0140429 0.0474751 -0.998774 -231.742 -0.0496554 0.997607 0.0481178 7.56522 0.998668 0.0502703 -0.0116519 10.6403 
-0.0149262 0.0460485 -0.998828 -232.902 -0.0518605 0.997559 0.046765 7.60749 0.998543 0.0524978 -0.0125017 10.5922 
-0.016031 0.0415827 -0.999006 -234.067 -0.0502939 0.997837 0.042341 7.64458 0.998606 0.0509228 -0.0139049 10.5515 
-0.0170984 0.0354532 -0.999225 -235.238 -0.0471732 0.99823 0.0362251 7.68074 0.99874 0.0477561 -0.0153957 10.5087 
-0.019121 0.0311508 -0.999332 -236.422 -0.042384 0.998591 0.0319387 7.70967 0.998918 0.0429664 -0.0177737 10.4683 
-0.0212892 0.0314419 -0.999279 -237.623 -0.0361306 0.998828 0.0321975 7.73583 0.99912 0.03679 -0.0201283 10.4297 
-0.023602 0.035639 -0.999086 -238.831 -0.0315067 0.998841 0.0363746 7.75903 0.999225 0.0323365 -0.0224518 10.3885 
-0.0257914 0.0381636 -0.998939 -240.038 -0.0293638 0.998811 0.0389169 7.78685 0.999236 0.0303364 -0.0246401 10.3385 
-0.027707 0.0376185 -0.998908 -241.242 -0.0276618 0.99888 0.0383847 7.8182 0.999233 0.0286952 -0.0266354 10.2821 
-0.0299715 0.0383461 -0.998815 -242.453 -0.027772 0.998846 0.0391807 7.84893 0.999165 0.0289134 -0.0288719 10.2217 
-0.0320087 0.0399004 -0.998691 -243.673 -0.0266723 0.998813 0.0407601 7.88152 0.999132 0.0279421 -0.0309065 10.1611 
-0.0342674 0.0393971 -0.998636 -244.902 -0.0260034 0.998849 0.0402978 7.91638 0.999074 0.0273489 -0.0332035 10.0945 
-0.0364192 0.0379999 -0.998614 -246.131 -0.0260055 0.998902 0.0389593 7.94796 0.998998 0.0273884 -0.0353911 10.0226 
-0.0388855 0.0376423 -0.998534 -247.365 -0.0257218 0.998921 0.0386586 7.97976 0.998913 0.0271874 -0.0378754 9.95296 
-0.0412335 0.0387602 -0.998397 -248.605 -0.0263364 0.998858 0.0398658 8.00973 0.998802 0.027938 -0.0401656 9.8775 
-0.0435327 0.0390601 -0.998288 -249.856 -0.026737 0.998832 0.0402473 8.04233 0.998694 0.0284434 -0.0424375 9.79872 
-0.0461296 0.0400379 -0.998133 -251.11 -0.0279022 0.998755 0.0413524 8.07464 0.998546 0.0297577 -0.0449551 9.71802 
-0.0484255 0.0417268 -0.997955 -252.373 -0.0299211 0.998618 0.0432064 8.10974 0.998379 0.0319522 -0.0471101 9.63079 
-0.0500267 0.0424907 -0.997844 -253.63 -0.0315067 0.99853 0.0440995 8.14415 0.998251 0.033645 -0.0486144 9.54394 
-0.0511382 0.0427806 -0.997775 -254.894 -0.0338638 0.998433 0.0445445 8.18 0.998117 0.0360665 -0.0496094 9.45354 
-0.0510783 0.0428415 -0.997775 -256.16 -0.03439 0.998412 0.0446293 8.21564 0.998102 0.0365931 -0.0495239 9.36178 
-0.0513492 0.0417494 -0.997808 -257.424 -0.0333008 0.998499 0.0434921 8.25 0.998125 0.0354612 -0.0498818 9.27679 
-0.0512631 0.0407604 -0.997853 -258.687 -0.0304696 0.998638 0.0423577 8.28568 0.99822 0.0325756 -0.0499513 9.19431 
-0.0517588 0.0406331 -0.997833 -259.947 -0.0292853 0.998681 0.0421866 8.31711 0.99823 0.0314054 -0.0505006 9.10903 
-0.0517635 0.0410798 -0.997814 -261.207 -0.0290334 0.998669 0.0426212 8.34974 0.998237 0.0311762 -0.0505019 9.01916 
-0.0517472 0.0410897 -0.997815 -262.464 -0.028327 0.998691 0.0425949 8.38209 0.998258 0.0304693 -0.0505155 8.93271 
-0.051503 0.0418292 -0.997796 -263.729 -0.0278868 0.998673 0.0433054 8.41426 0.998283 0.0300558 -0.0502682 8.84326 
-0.0515726 0.0429944 -0.997743 -264.995 -0.0252275 0.998698 0.0443395 8.44715 0.998351 0.0274573 -0.0504208 8.75712 
-0.0518138 0.0455525 -0.997617 -266.253 -0.0208209 0.998693 0.046683 8.48263 0.99844 0.0231902 -0.0507976 8.67786 
-0.0522239 0.0491092 -0.997427 -267.504 -0.0174708 0.998592 0.0500813 8.51902 0.998483 0.0200413 -0.0512924 8.59725 
-0.0522885 0.051642 -0.997296 -268.753 -0.0151698 0.998506 0.0525 8.55755 0.998517 0.0178739 -0.0514269 8.51527 
-0.0522253 0.0500136 -0.997382 -269.988 -0.0155942 0.998583 0.0508903 8.59816 0.998514 0.0182111 -0.0513714 8.42842 
-0.0522962 0.0483762 -0.997459 -271.218 -0.0180268 0.998618 0.0493776 8.64002 0.998469 0.0205633 -0.0513518 8.33784 
-0.0527364 0.0511342 -0.997298 -272.455 -0.0238812 0.998338 0.0524504 8.68493 0.998323 0.0265828 -0.0514276 8.23906 
-0.0527397 0.0569895 -0.996981 -273.701 -0.0292861 0.997853 0.0585886 8.72953 0.998179 0.0322876 -0.0509575 8.14146 
-0.0524364 0.0563431 -0.997034 -274.93 -0.0333794 0.99775 0.0581391 8.77744 0.998066 0.0363291 -0.0504378 8.04511 
-0.0520152 0.0495063 -0.997418 -276.166 -0.0330693 0.998137 0.0512665 8.82742 0.998099 0.0356506 -0.0502812 7.95279 
-0.0525474 0.0440641 -0.997646 -277.395 -0.0298882 0.998509 0.0456765 8.8694 0.998171 0.0322181 -0.051152 7.87063 
-0.0525045 0.043364 -0.997679 -278.624 -0.0241044 0.998711 0.0446774 8.90356 0.99833 0.0263943 -0.0513915 7.792 
-0.0516053 0.045025 -0.997652 -279.867 -0.0208733 0.998716 0.0461527 8.94288 0.998449 0.0232061 -0.0505993 7.72084 
-0.0499768 0.0472516 -0.997632 -281.102 -0.020143 0.998629 0.048308 8.97709 0.998547 0.0225096 -0.0489565 7.63699 
-0.048873 0.0494848 -0.997578 -282.337 -0.0213534 0.998492 0.0505763 9.01853 0.998577 0.0237736 -0.0477426 7.55106 
-0.0478087 0.050914 -0.997558 -283.572 -0.0224195 0.998394 0.0520311 9.05972 0.998605 0.0248523 -0.0465904 7.46522 
-0.0471959 0.0521016 -0.997526 -284.802 -0.0230163 0.998317 0.0532319 9.09893 0.99862 0.0254718 -0.0459173 7.38825 
-0.046526 0.051523 -0.997587 -286.031 -0.0225464 0.99836 0.0526145 9.13873 0.998663 0.02494 -0.045288 7.30654 
-0.0463515 0.0497923 -0.997683 -287.259 -0.0231992 0.998434 0.0509076 9.18354 0.998656 0.0255051 -0.0451238 7.22598 
-0.0463007 0.0486089 -0.997744 -288.483 -0.0231656 0.998495 0.0497205 9.22503 0.998659 0.0254155 -0.045105 7.14949 
-0.0461568 0.0484309 -0.99776 -289.717 -0.0235355 0.998494 0.0495553 9.263 0.998657 0.0257701 -0.0449474 7.06715 
-0.0459175 0.0483325 -0.997775 -290.943 -0.024215 0.998482 0.0494811 9.3022 0.998652 0.0264332 -0.0446774 6.98507 
-0.0459079 0.0486681 -0.997759 -292.175 -0.0247527 0.99845 0.0498407 9.34144 0.998639 0.0269853 -0.0446321 6.90727 
-0.0456181 0.0488728 -0.997763 -293.402 -0.0238368 0.998465 0.049997 9.37976 0.998675 0.0260643 -0.0443831 6.82818 
-0.0456578 0.0472444 -0.997839 -294.631 -0.0235327 0.998553 0.048355 9.41756 0.99868 0.0256897 -0.04448 6.7469 
-0.0456334 0.0446844 -0.997958 -295.858 -0.0231534 0.998683 0.0457756 9.45557 0.99869 0.025195 -0.0445387 6.66456 
-0.0460363 0.0417566 -0.998067 -297.08 -0.0242352 0.998785 0.0429046 9.49154 0.998646 0.0261636 -0.0449684 6.58125 
-0.0462656 0.0404539 -0.99811 -298.309 -0.0259202 0.998795 0.0416831 9.52433 0.998593 0.0277997 -0.0451613 6.49545 
-0.0467852 0.0404466 -0.998086 -299.542 -0.0290711 0.998702 0.0418343 9.55826 0.998482 0.0309727 -0.0455487 6.40829 
-0.0471052 0.0414263 -0.998031 -300.787 -0.0324374 0.998549 0.0429788 9.59425 0.998363 0.0343981 -0.0456931 6.31905 
-0.0473393 0.0422946 -0.997983 -302.032 -0.0362042 0.998374 0.0440285 9.62866 0.998223 0.0382155 -0.0457311 6.22596 
-0.0476658 0.0422971 -0.997967 -303.261 -0.0376746 0.998316 0.0441113 9.66137 0.998153 0.0397006 -0.045992 6.14015 
-0.0481224 0.0400884 -0.998037 -304.502 -0.037545 0.998416 0.0419139 9.69905 0.998136 0.0394883 -0.046541 6.05572 
-0.0487324 0.0380904 -0.998085 -305.749 -0.0352766 0.998584 0.0398318 9.73137 0.998189 0.0371502 -0.0473197 5.9739 
-0.0498583 0.03772 -0.998044 -306.994 -0.032509 0.998696 0.0393687 9.76398 0.998227 0.0344083 -0.048567 5.89533 
-0.0509959 0.0396561 -0.997911 -308.242 -0.0304035 0.998687 0.0412406 9.79749 0.998236 0.0324431 -0.0497232 5.81563 
