1 2.12261e-08 -2.11895e-08 0 2.12261e-08 1 2.10703e-08 0 -2.11895e-08 2.10703e-08 1 0 
0.999998 0.000628336 0.00177114 -0.00862137 -0.000626676 0.999999 -0.000913528 -0.00529781 -0.00177176 0.000912459 0.999998 0.45207 
0.999992 0.00203988 0.00357081 -0.015767 -0.00203267 0.999996 -0.00200918 -0.0105355 -0.00357493 0.00200195 0.999992 0.915159 
0.999981 0.00319848 0.0053127 -0.0258492 -0.00318423 0.999991 -0.00267947 -0.0164248 -0.00532127 0.00266255 0.999982 1.39191 
0.999972 0.00331196 0.00669747 -0.0302199 -0.00329355 0.999991 -0.00275041 -0.0228813 -0.00670656 0.00272831 0.999974 1.8824 
0.999961 0.00283531 0.00835808 -0.0341806 -0.00281572 0.999993 -0.00234938 -0.0314971 -0.00836473 0.0023258 0.999962 2.38389 
0.999946 0.00216845 0.0101905 -0.0377223 -0.00215562 0.999997 -0.00126524 -0.0400919 -0.0101933 0.00124325 0.999947 2.89181 
0.999928 0.00214851 0.011794 -0.0415593 -0.00215325 0.999998 0.000393371 -0.0481344 -0.0117932 -0.000418696 0.99993 3.4033 
0.999917 0.00253836 0.0126526 -0.0455325 -0.00255736 0.999996 0.00148916 -0.0562024 -0.0126488 -0.00152135 0.999919 3.91803 
0.999906 0.00357654 0.0132422 -0.0482127 -0.00359585 0.999993 0.0014381 -0.0637944 -0.013237 -0.00148554 0.999911 4.43341 
0.99989 0.00407825 0.0142806 -0.0510931 -0.004093 0.999991 0.00100664 -0.0720371 -0.0142764 -0.00106494 0.999898 4.95292 
0.999877 0.00434842 0.0150444 -0.0529899 -0.00436239 0.99999 0.000898687 -0.0798783 -0.0150404 -0.000964164 0.999886 5.47607 
0.999862 0.00546604 0.015687 -0.0559345 -0.00547222 0.999985 0.000354036 -0.0881213 -0.0156849 -0.000439788 0.999877 6.00189 
0.999843 0.00638879 0.0165503 -0.0574519 -0.00638328 0.99998 -0.000382779 -0.0953518 -0.0165525 0.000277115 0.999863 6.53397 
0.99982 0.0070641 0.0175839 -0.0586317 -0.00705646 0.999975 -0.00049407 -0.104547 -0.017587 0.000369943 0.999845 7.07254 
0.999801 0.0078774 0.0183349 -0.059116 -0.00785749 0.999969 -0.00115537 -0.113628 -0.0183434 0.00101112 0.999831 7.61493 
0.999767 0.00914108 0.019549 -0.0580719 -0.00911362 0.999957 -0.00149123 -0.123342 -0.0195618 0.00131276 0.999808 8.1628 
0.999694 0.0105693 0.0223622 -0.0561124 -0.0105365 0.999943 -0.00157938 -0.132643 -0.0223776 0.00134332 0.999749 8.71813 
0.999596 0.0112255 0.0261285 -0.0517669 -0.0111782 0.999936 -0.00195152 -0.142171 -0.0261487 0.00165871 0.999657 9.28237 
0.999481 0.0112499 0.0301706 -0.0414511 -0.0111844 0.999935 -0.00233728 -0.150672 -0.0301949 0.00199866 0.999542 9.85172 
0.999324 0.0110958 0.0350592 -0.0291084 -0.011005 0.999936 -0.00277936 -0.162633 -0.0350878 0.00239169 0.999381 10.427 
0.999091 0.011585 0.0410281 -0.014176 -0.0114832 0.99993 -0.00271552 -0.172812 -0.0410567 0.00224196 0.999154 11.0149 
0.998828 0.0111164 0.0471143 0.00534905 -0.0110171 0.999937 -0.00236566 -0.182338 -0.0471376 0.00184386 0.998887 11.6091 
0.998516 0.0114699 0.0532297 0.0258055 -0.0113295 0.999932 -0.00293688 -0.195152 -0.0532598 0.0023295 0.998578 12.2098 
0.998178 0.0094499 0.0595996 0.0562908 -0.00923602 0.99995 -0.00386233 -0.206781 -0.0596332 0.00330487 0.998215 12.8244 
0.997811 0.00823002 0.0656207 0.0912526 -0.00797151 0.999959 -0.00419967 -0.217649 -0.0656527 0.00366742 0.997836 13.4461 
0.997351 0.0109164 0.0719126 0.127836 -0.0104993 0.999926 -0.0061748 -0.227596 -0.0719747 0.00540346 0.997392 14.0811 
0.996827 0.0147358 0.0782222 0.160074 -0.0140553 0.999859 -0.00924205 -0.242913 -0.0783473 0.00811332 0.996893 14.7291 
0.9964 0.0117857 0.0839547 0.210664 -0.0110356 0.999895 -0.00939328 -0.251728 -0.0840566 0.00843301 0.996425 15.3978 
0.996054 0.00421721 0.0886521 0.275494 -0.0036319 0.999971 -0.00676208 -0.258141 -0.0886781 0.00641346 0.99604 16.0854 
0.99562 -0.00154426 0.0934779 0.340861 0.00185789 0.999993 -0.00326769 -0.26841 -0.0934722 0.00342709 0.995616 16.7862 
0.995231 -0.00088781 0.0975412 0.400713 0.000863337 1 0.000293561 -0.281157 -0.0975415 -0.00020791 0.995231 17.5002 
0.995011 -0.00212491 0.0997457 0.460918 0.0021134 0.999998 0.000221474 -0.287504 -0.0997459 -9.52673e-06 0.995013 18.2274 
0.99496 -0.00544752 0.100123 0.518967 0.00566227 0.999982 -0.00186028 -0.286722 -0.100112 0.00241787 0.994973 18.9327 
0.995087 -0.0115453 0.0983313 0.589701 0.0119696 0.999921 -0.00372543 -0.293488 -0.0982806 0.00488415 0.995147 19.689 
0.995519 -0.0138639 0.0935395 0.647039 0.0143309 0.999888 -0.00432176 -0.299919 -0.0934691 0.00564293 0.995606 20.4587 
0.996206 -0.0133099 0.0859976 0.700203 0.0137503 0.999895 -0.00453027 -0.310332 -0.0859283 0.00569562 0.996285 21.2517 
0.996959 -0.0132982 0.0767847 0.739149 0.0135421 0.999905 -0.00265592 -0.321886 -0.0767422 0.00368771 0.997044 22.0568 
0.99765 -0.0133883 0.0671972 0.77707 0.0134723 0.999909 -0.000796179 -0.328866 -0.0671805 0.00169965 0.997739 22.8793 
0.998246 -0.0123982 0.0578895 0.805366 0.0122883 0.999922 0.00225489 -0.340473 -0.057913 -0.00153953 0.99832 23.7109 
0.998685 -0.0119841 0.0498538 0.828941 0.0117802 0.999921 0.0043819 -0.350023 -0.0499024 -0.00378881 0.998747 24.5452 
0.999022 -0.0104536 0.042962 0.844132 0.0102362 0.999934 0.00527942 -0.359588 -0.0430144 -0.00483445 0.999063 25.3809 
0.999257 -0.00915223 0.0374356 0.856272 0.00894151 0.999943 0.00579365 -0.368835 -0.0374866 -0.00545458 0.999282 26.2156 
0.999449 -0.00791483 0.0322404 0.862289 0.00772665 0.999952 0.00595865 -0.379552 -0.0322861 -0.00570621 0.999462 27.0541 
0.999604 -0.00768418 0.0270861 0.869467 0.00753291 0.999956 0.00568367 -0.390288 -0.0271286 -0.00547734 0.999617 27.8912 
0.999718 -0.00738367 0.0225627 0.868212 0.00726602 0.99996 0.00529406 -0.40022 -0.0226009 -0.00512858 0.999731 28.7245 
0.999817 -0.00620287 0.0180853 0.865209 0.00609564 0.999964 0.00598029 -0.411111 -0.0181218 -0.00586891 0.999819 29.5614 
0.999884 -0.00482054 0.0144844 0.859012 0.00472349 0.999966 0.00673032 -0.423737 -0.0145164 -0.00666107 0.999872 30.3942 
0.999928 -0.00254099 0.0117589 0.851497 0.00245041 0.999967 0.00771476 -0.434908 -0.0117782 -0.00768535 0.999901 31.223 
0.999949 -0.00117697 0.0100466 0.844448 0.00110151 0.999971 0.00751744 -0.445252 -0.0100552 -0.00750595 0.999921 32.0522 
0.999958 -0.000190378 0.00912851 0.836567 0.000125228 0.999975 0.00714166 -0.456665 -0.00912968 -0.00714018 0.999933 32.8706 
0.999963 0.00179532 0.00838491 0.824059 -0.00184389 0.999982 0.0057933 -0.466421 -0.0083744 -0.0058085 0.999948 33.6796 
0.999961 0.00424391 0.0077637 0.810785 -0.00428681 0.999976 0.0055236 -0.475693 -0.00774011 -0.00555663 0.999955 34.4834 
0.999957 0.00602643 0.00703726 0.797719 -0.00606991 0.999963 0.00617923 -0.488074 -0.0069998 -0.00622164 0.999956 35.2816 
0.999945 0.00812379 0.00658067 0.782889 -0.0081676 0.999944 0.00666391 -0.498594 -0.00652621 -0.00671725 0.999956 36.0611 
0.999939 0.00922985 0.00599593 0.771985 -0.0092708 0.999934 0.00684396 -0.511159 -0.0059324 -0.00689909 0.999959 36.8296 
0.99992 0.0114426 0.00543983 0.758733 -0.0114786 0.999912 0.00664171 -0.521338 -0.0053634 -0.00670358 0.999963 37.5873 
0.999893 0.0136143 0.00536367 0.745053 -0.0136518 0.999882 0.00702732 -0.53267 -0.00526741 -0.00709975 0.999961 38.3288 
0.999852 0.0162283 0.00566233 0.733967 -0.0162683 0.999842 0.00710192 -0.544956 -0.00554622 -0.00719295 0.999959 39.0562 
0.999785 0.0194652 0.00708609 0.723336 -0.0195151 0.999785 0.00704085 -0.556544 -0.00694756 -0.00717759 0.99995 39.769 
0.999723 0.0213547 0.00989866 0.712332 -0.0214124 0.999754 0.00576888 -0.566327 -0.00977308 -0.00597919 0.999934 40.4663 
0.999643 0.0229533 0.0136978 0.708698 -0.023023 0.999723 0.00495822 -0.580697 -0.0135802 -0.00527178 0.999894 41.1531 
0.999571 0.0225083 0.0187409 0.709255 -0.0226076 0.999731 0.00511001 -0.590433 -0.0186209 -0.00553146 0.999811 41.8323 
0.999426 0.0237713 0.0241262 0.713601 -0.023907 0.9997 0.00535407 -0.601037 -0.0239918 -0.00592774 0.999695 42.4983 
0.999257 0.0238377 0.0302775 0.724026 -0.0240275 0.999694 0.00592294 -0.61313 -0.030127 -0.00664599 0.999524 43.1482 
0.999019 0.0233397 0.0376464 0.737833 -0.0235981 0.999701 0.00643307 -0.623375 -0.0374851 -0.0073151 0.99927 43.7785 
0.998654 0.02348 0.0462399 0.758912 -0.023794 0.999697 0.00625385 -0.63366 -0.0460791 -0.00734562 0.998911 44.3978 
0.998102 0.0240992 0.056665 0.7853 -0.0244853 0.999681 0.00613001 -0.644203 -0.0564992 -0.0075058 0.998374 45.0074 
0.997363 0.0235688 0.0686408 0.82241 -0.0240367 0.999693 0.0059994 -0.65396 -0.0684783 -0.00763343 0.997623 45.605 
0.99645 0.0222522 0.0811922 0.867327 -0.022818 0.999721 0.0060486 -0.663868 -0.081035 -0.00787974 0.99668 46.1916 
0.995318 0.0216578 0.0941992 0.920048 -0.0222752 0.999737 0.00550757 -0.671923 -0.0940552 -0.00758005 0.995538 46.7658 
0.993809 0.0215418 0.108992 0.980628 -0.0222677 0.999737 0.00544779 -0.680374 -0.108846 -0.00784103 0.994028 47.3283 
0.991878 0.0213532 0.125391 1.05141 -0.0222642 0.999735 0.00586848 -0.690872 -0.125233 -0.00861251 0.99209 47.8769 
0.989477 0.0239332 0.142695 1.12701 -0.0249217 0.999676 0.00514413 -0.698821 -0.142526 -0.00864615 0.989753 48.4164 
0.986291 0.0224123 0.163483 1.2182 -0.0234512 0.999715 0.00442722 -0.708935 -0.163338 -0.00820037 0.986536 48.9431 
0.982112 0.0257722 0.186527 1.31731 -0.0268848 0.999633 0.00343747 -0.719769 -0.18637 -0.00839067 0.982444 49.4584 
0.977002 0.0247498 0.211788 1.43313 -0.0255661 0.999673 0.00111671 -0.731458 -0.211691 -0.00650559 0.977315 49.9573 
0.970925 0.0238817 0.238192 1.56304 -0.0241559 0.999707 -0.00176778 -0.740794 -0.238164 -0.00403733 0.971217 50.4391 
0.963646 0.0227989 0.266209 1.70607 -0.0224159 0.999739 -0.00447713 -0.749275 -0.266242 -0.00165293 0.963905 50.9069 
0.955028 0.0204362 0.29581 1.86001 -0.0197098 0.999791 -0.00543721 -0.761151 -0.295859 -0.000637648 0.955231 51.3566 
0.94492 0.022447 0.326532 2.01876 -0.0210907 0.999748 -0.00769401 -0.773899 -0.326622 0.000383478 0.945155 51.7885 
0.933456 0.0230219 0.357952 2.19072 -0.0217637 0.999735 -0.00754369 -0.785121 -0.358031 -0.000748616 0.933709 52.2059 
0.920472 0.0225348 0.390157 2.3717 -0.021806 0.999742 -0.00629782 -0.798224 -0.390199 -0.00271076 0.920727 52.6077 
0.905393 0.0213362 0.424039 2.56012 -0.0210985 0.999764 -0.00525596 -0.816531 -0.424051 -0.00418783 0.905629 52.9867 
0.888261 0.0209003 0.458864 2.75985 -0.0206553 0.999771 -0.00555317 -0.830315 -0.458875 -0.00454527 0.888489 53.3478 
0.869002 0.0205725 0.494381 2.9661 -0.0199535 0.99978 -0.00652989 -0.843525 -0.494407 -0.00419015 0.869221 53.6874 
0.847796 0.0195898 0.529961 3.18656 -0.0178915 0.999805 -0.00833584 -0.854888 -0.530021 -0.00241466 0.847981 54.0092 
0.824475 0.018376 0.5656 3.41814 -0.0155212 0.999831 -0.00985859 -0.866672 -0.565686 -0.000650594 0.824621 54.3164 
0.799076 0.0154405 0.601032 3.66354 -0.0117117 0.99988 -0.0101161 -0.877434 -0.601116 0.00104448 0.799161 54.6088 
0.77119 0.0116232 0.636498 3.92219 -0.00859406 0.999932 -0.00784715 -0.889049 -0.636547 0.00058156 0.771238 54.8869 
0.741336 0.00706388 0.671097 4.18941 -0.00588993 0.999975 -0.00401913 -0.899132 -0.671108 -0.000973165 0.741359 55.1541 
0.709138 0.00334251 0.705062 4.46761 -0.00470239 0.999989 -1.10324e-05 -0.909543 -0.705054 -0.00330763 0.709146 55.4091 
0.674014 0.000996835 0.738718 4.75157 -0.0058823 0.999975 0.00401776 -0.917348 -0.738695 -0.00705337 0.674003 55.6437 
0.636479 -0.00275002 0.771289 5.04583 -0.00495863 0.999958 0.00765734 -0.930776 -0.771278 -0.00869825 0.636439 55.858 
0.597408 -0.00637384 0.801912 5.35174 -0.00194266 0.999954 0.00939523 -0.934176 -0.801935 -0.00717061 0.597368 56.0497 
0.555216 -0.00857788 0.831662 5.66813 0.000952645 0.999953 0.00967773 -0.941581 -0.831705 -0.00458094 0.555198 56.2273 
0.510417 -0.00750926 0.859894 5.99936 0.00221395 0.99997 0.00741841 -0.945213 -0.859924 -0.0018827 0.510418 56.3967 
0.463488 -0.00499075 0.886089 6.3477 0.000745022 0.999986 0.00524261 -0.947894 -0.886103 -0.00176972 0.463486 56.5591 
0.414292 -0.0022464 0.910141 6.70869 -0.00309744 0.999988 0.00387815 -0.952109 -0.910139 -0.00442578 0.41428 56.7041 
0.364194 0.000181871 0.931323 7.08809 -0.00819147 0.999962 0.00300805 -0.957172 -0.931287 -0.00872441 0.364181 56.8334 
0.314287 0.000734108 0.949328 7.48756 -0.0101319 0.999945 0.0025811 -0.957942 -0.949274 -0.0104297 0.314278 56.9436 
0.265993 0.000558349 0.963975 7.90007 -0.00854482 0.999962 0.00177866 -0.960829 -0.963937 -0.00871009 0.265988 57.0313 
0.220719 -0.000204945 0.975337 8.32698 -0.00726282 0.999972 0.00185375 -0.964718 -0.97531 -0.00749285 0.220711 57.1058 
0.179044 -0.00235136 0.983838 8.77735 -0.00710874 0.999968 0.00368365 -0.968514 -0.983815 -0.00765338 0.179022 57.1714 
0.140386 -0.00463101 0.990086 9.25338 -0.00733265 0.999957 0.00571693 -0.969792 -0.99007 -0.00806253 0.140346 57.2224 
0.103947 -0.00642943 0.994562 9.74934 -0.00845845 0.999937 0.00734825 -0.973233 -0.994547 -0.00917628 0.103886 57.2627 
0.0712122 -0.00779429 0.997431 10.2688 -0.00755244 0.999937 0.00835312 -0.977013 -0.997433 -0.00812788 0.0711489 57.2873 
0.0418861 -0.00832992 0.999088 10.8049 -0.00728496 0.999936 0.00864245 -0.978589 -0.999096 -0.00764031 0.0418227 57.2958 
0.0154851 -0.0061215 0.999861 11.3621 -0.00982605 0.999932 0.00627416 -0.976705 -0.999832 -0.00992185 0.0154239 57.3008 
-0.00704351 -0.00375487 0.999968 11.9393 -0.0138226 0.999898 0.00365729 -0.976579 -0.99988 -0.0137964 -0.00709469 57.2986 
-0.0265787 -0.00293189 0.999642 12.5384 -0.0138615 0.999901 0.00256413 -0.977344 -0.999551 -0.0137884 -0.0266167 57.2816 
-0.0435763 -0.00222487 0.999048 13.1568 -0.0101438 0.999947 0.00178447 -0.978513 -0.998999 -0.0100563 -0.0435965 57.2471 
-0.0593174 -0.00246814 0.998236 13.7954 -0.007831 0.999967 0.00200713 -0.980809 -0.998208 -0.00769813 -0.0593348 57.2068 
-0.0747431 -0.00357421 0.997196 14.4528 -0.00859133 0.999959 0.00294021 -0.98518 -0.997166 -0.00834748 -0.0747707 57.164 
-0.089297 -0.00252899 0.996002 15.1253 -0.00774282 0.999968 0.00184492 -0.989436 -0.995975 -0.00754712 -0.0893138 57.1072 
-0.101483 -0.00078513 0.994837 15.8164 -0.00619986 0.999981 0.000156782 -0.994935 -0.994818 -0.00615194 -0.101486 57.0393 
-0.111077 0.00184362 0.99381 16.5234 0.001089 0.999998 -0.00173335 -0.999662 -0.993811 0.000889719 -0.111078 56.9576 
-0.116908 0.00457312 0.993132 17.247 0.00877919 0.999955 -0.00357105 -1.00754 -0.993104 0.00830141 -0.116943 56.8706 
-0.119113 0.00456419 0.99287 17.992 0.01349 0.999905 -0.00297811 -1.01763 -0.992789 0.0130391 -0.119164 56.7834 
-0.118896 0.00302191 0.992902 18.7529 0.0144468 0.999895 -0.00131321 -1.02596 -0.992802 0.0141881 -0.118927 56.7022 
-0.116097 0.00217703 0.993236 19.5274 0.0175854 0.999845 -0.000135968 -1.03291 -0.993082 0.0174507 -0.116117 56.6218 
-0.111458 0.00111557 0.993769 20.3155 0.0194277 0.999811 0.00105664 -1.04454 -0.993579 0.0194244 -0.111459 56.5432 
-0.107121 0.0020247 0.994244 21.1137 0.0180432 0.999837 -9.2039e-05 -1.05347 -0.994082 0.0179295 -0.107141 56.4765 
-0.102938 0.00303496 0.994683 21.9206 0.0176088 0.999844 -0.00122836 -1.0623 -0.994532 0.0173888 -0.102976 56.4128 
-0.0985356 0.00238711 0.995131 22.7281 0.0223294 0.999751 -0.000187143 -1.07256 -0.994883 0.0222022 -0.0985643 56.3444 
-0.0948905 0.000298586 0.995488 23.5392 0.0277284 0.999613 0.00234331 -1.08479 -0.995102 0.0278257 -0.094862 56.2764 
-0.0911364 -0.00305766 0.995834 24.3522 0.0303367 0.999523 0.00584537 -1.09425 -0.995376 0.0307431 -0.0910001 56.2127 
-0.0864219 -0.0066729 0.996236 25.1643 0.0332654 0.999401 0.00957986 -1.10378 -0.995703 0.0339681 -0.0861481 56.1517 
-0.0809425 -0.00959261 0.996673 25.975 0.0339805 0.999346 0.012378 -1.11296 -0.996139 0.0348693 -0.0805636 56.0999 
-0.076879 -0.0109779 0.99698 26.7871 0.0317881 0.999404 0.0134558 -1.11736 -0.996534 0.0327265 -0.0764842 56.0589 
-0.0731163 -0.012487 0.997245 27.5967 0.0249722 0.999585 0.0143472 -1.11976 -0.997011 0.0259524 -0.0727741 56.0272 
-0.0688793 -0.015885 0.997499 28.4106 0.0189497 0.999672 0.0172282 -1.12029 -0.997445 0.020089 -0.0685557 55.999 
-0.0645499 -0.0174116 0.997763 29.2246 0.0161317 0.999699 0.0184891 -1.12299 -0.997784 0.0172891 -0.0642496 55.9699 
-0.0604263 -0.0135545 0.998081 30.0343 0.0166352 0.999755 0.0145844 -1.12921 -0.998034 0.0174846 -0.060186 55.9375 
-0.0570798 -0.00577883 0.998353 30.8453 0.0176356 0.999821 0.00679567 -1.13244 -0.998214 0.0179945 -0.0569677 55.9059 
-0.0541967 0.000180386 0.99853 31.6618 0.0159166 0.999873 0.000683309 -1.1359 -0.998403 0.0159302 -0.0541927 55.8772 
-0.0523792 -0.000476698 0.998627 32.4845 0.0152038 0.999884 0.00127479 -1.14363 -0.998512 0.0152497 -0.0523658 55.8496 
-0.0509058 -0.00428796 0.998694 33.3149 0.0181444 0.999822 0.00521771 -1.15468 -0.998539 0.0183863 -0.0508189 55.8166 
-0.0498574 -0.00460088 0.998746 34.1479 0.0192806 0.999799 0.00556827 -1.16828 -0.99857 0.0195341 -0.0497587 55.7881 
-0.0499246 -0.00215532 0.998751 34.9755 0.0169303 0.999852 0.00300403 -1.17885 -0.99861 0.0170591 -0.0498808 55.7658 
-0.0498839 -0.000806428 0.998755 35.8127 0.0101477 0.999948 0.00131427 -1.18727 -0.998704 0.0102007 -0.0498731 55.7473 
-0.0508938 -0.00171286 0.998703 36.6568 0.00831863 0.999963 0.00213898 -1.1947 -0.998669 0.0084167 -0.0508776 55.7226 
-0.0521916 -0.00256806 0.998634 37.5071 0.00874034 0.999957 0.0030283 -1.20581 -0.998599 0.00888645 -0.0521669 55.6938 
-0.0537035 0.00126906 0.998556 38.3636 0.00831068 0.999965 -0.000823857 -1.21759 -0.998522 0.00825443 -0.0537122 55.6626 
-0.0550459 0.00540723 0.998469 39.2267 0.00890874 0.999948 -0.00492406 -1.22698 -0.998444 0.00862405 -0.0550913 55.6306 
-0.0556621 0.00821556 0.998416 40.0987 0.010144 0.999919 -0.00766236 -1.24005 -0.998398 0.00970138 -0.0557409 55.5948 
-0.0567662 0.0092112 0.998345 40.9795 0.0128316 0.999882 -0.00849573 -1.25956 -0.998305 0.0123281 -0.0568777 55.5573 
-0.0575487 0.0105953 0.998287 41.8743 0.0132504 0.999864 -0.00984816 -1.27799 -0.998255 0.0126609 -0.0576813 55.519 
-0.0587647 0.010435 0.998217 42.7779 0.0118618 0.999882 -0.00975405 -1.29136 -0.998201 0.0112675 -0.0588815 55.4814 
-0.0601413 0.00573925 0.998173 43.6976 0.010068 0.999936 -0.00514273 -1.30966 -0.998139 0.00974035 -0.0601953 55.4481 
-0.0616455 0.00425892 0.998089 44.6267 0.00987188 0.999945 -0.00365708 -1.32806 -0.998049 0.00962757 -0.0616842 55.4096 
-0.0630281 0.0074757 0.997984 45.5568 0.0105729 0.999921 -0.00682243 -1.34821 -0.997956 0.0101216 -0.0631021 55.3695 
-0.0635891 0.0113229 0.997912 46.4984 0.0116875 0.999876 -0.0106003 -1.36154 -0.997908 0.0109891 -0.0637135 55.3234 
-0.0634441 0.0126683 0.997905 47.4433 0.0146499 0.999824 -0.0117612 -1.38184 -0.997878 0.0138731 -0.0636184 55.2772 
-0.0633331 0.00932679 0.997949 48.4062 0.0191202 0.999784 -0.00813047 -1.40124 -0.997809 0.018566 -0.0634977 55.224 
-0.0635415 0.00357151 0.997973 49.3855 0.0209343 0.999778 -0.00224503 -1.41697 -0.99776 0.0207492 -0.0636022 55.1706 
-0.0627962 0.000661268 0.998026 50.3702 0.0222689 0.999752 0.0007388 -1.43361 -0.997778 0.0222714 -0.0627954 55.1231 
-0.0610962 0.00226151 0.998129 51.362 0.0215171 0.999768 -0.000948106 -1.44565 -0.9979 0.0214189 -0.0611307 55.0808 
-0.0601948 0.00513501 0.998173 52.3611 0.0212717 0.999766 -0.00386037 -1.46009 -0.99796 0.0210005 -0.06029 55.0381 
-0.0599708 0.00693807 0.998176 53.3664 0.0157964 0.999857 -0.00600066 -1.48264 -0.998075 0.0154077 -0.0600718 55.0045 
-0.0605597 0.00689304 0.998141 54.3807 0.0129832 0.999897 -0.0061174 -1.49828 -0.99808 0.0125886 -0.060643 54.9699 
-0.061089 0.00214753 0.99813 55.4101 0.0130922 0.999913 -0.00135004 -1.51354 -0.998046 0.0129853 -0.0611118 54.9272 
-0.0617252 -0.0037864 0.998086 56.451 0.0111715 0.999928 0.00448431 -1.52918 -0.998031 0.0114269 -0.0616784 54.8828 
-0.0622734 -0.00307617 0.998054 57.4898 0.0130793 0.999907 0.003898 -1.53847 -0.997973 0.0132966 -0.0622274 54.8319 
-0.0623757 0.000304374 0.998053 58.5224 0.0163794 0.999866 0.000718782 -1.54876 -0.997918 0.0163923 -0.0623723 54.7778 
-0.0633784 0.00314441 0.997985 59.5684 0.0185992 0.999825 -0.001969 -1.56445 -0.997816 0.0184369 -0.0634258 54.7234 
-0.0655718 9.17446e-05 0.997848 60.6273 0.0188654 0.999821 0.00114782 -1.57917 -0.99767 0.0189001 -0.0655618 54.6704 
-0.068259 -0.00506559 0.997655 61.7003 0.0204085 0.999771 0.00647271 -1.59301 -0.997459 0.0208025 -0.06814 54.6155 
-0.0712074 -0.00801372 0.997429 62.7693 0.0219054 0.999714 0.00959596 -1.60394 -0.997221 0.0225323 -0.0710115 54.5514 
-0.0748281 -0.00703838 0.997172 63.8436 0.0261411 0.999618 0.00901732 -1.6082 -0.996854 0.0267419 -0.0746155 54.4834 
-0.0784758 -0.00800772 0.996884 64.9199 0.0291145 0.999523 0.0103209 -1.61602 -0.996491 0.0298337 -0.0782052 54.417 
-0.0821292 -0.0101088 0.99657 65.9903 0.0330883 0.99937 0.0128641 -1.62554 -0.996072 0.0340314 -0.0817429 54.3435 
-0.0850034 -0.00962475 0.996334 67.0593 0.0368949 0.999237 0.0128006 -1.63045 -0.995697 0.0378478 -0.0845835 54.2681 
-0.0871984 -0.00602094 0.996173 68.1233 0.040923 0.999116 0.0096209 -1.6381 -0.99535 0.0416053 -0.086875 54.1864 
-0.0889899 -0.00151762 0.996031 69.1904 0.0431713 0.999053 0.00537938 -1.6489 -0.995097 0.0434787 -0.0888401 54.1057 
-0.0901526 0.00137031 0.995927 70.2644 0.0469968 0.998891 0.00287987 -1.65832 -0.994819 0.047065 -0.090117 54.0238 
-0.0896075 0.000643122 0.995977 71.3429 0.0459202 0.998939 0.00348642 -1.6743 -0.994918 0.0460478 -0.089542 53.9504 
-0.0867555 -0.00170601 0.996228 72.4138 0.0469624 0.99888 0.00580026 -1.68712 -0.995122 0.0472885 -0.0865782 53.8758 
-0.0821092 -0.00500499 0.996611 73.4875 0.0504011 0.998687 0.00916792 -1.69741 -0.995348 0.050983 -0.0817492 53.8006 
-0.0767199 -0.00795737 0.997021 74.5599 0.0506338 0.998647 0.0118666 -1.70389 -0.995766 0.0513934 -0.0762132 53.7341 
-0.0716143 -0.0111375 0.99737 75.6367 0.0522453 0.998523 0.0149018 -1.70856 -0.996063 0.053175 -0.0709266 53.6733 
-0.066788 -0.0124568 0.997689 76.7179 0.0535849 0.998434 0.0160532 -1.71633 -0.996327 0.0545332 -0.066016 53.6206 
-0.0628459 -0.00835958 0.997988 77.7958 0.0539528 0.998474 0.0117612 -1.72196 -0.996564 0.0545834 -0.062299 53.5697 
-0.060631 -0.00363937 0.998154 78.867 0.0534167 0.998549 0.00688554 -1.72727 -0.99673 0.0537355 -0.0603486 53.5237 
-0.0591494 -0.00380246 0.998242 79.9437 0.0537056 0.998532 0.00698585 -1.73481 -0.996803 0.0540244 -0.0588583 53.477 
-0.0575443 -0.00582731 0.998326 81.0251 0.054468 0.998475 0.0089678 -1.74682 -0.996856 0.0548929 -0.0571392 53.4314 
-0.0556988 -0.00286908 0.998444 82.1034 0.0548264 0.998478 0.00592774 -1.75775 -0.996941 0.0550712 -0.0554567 53.3887 
-0.0533739 0.00303854 0.99857 83.1729 0.0549376 0.99849 -0.000101827 -1.77151 -0.997062 0.0548536 -0.0534602 53.3466 
-0.0513483 0.00622109 0.998661 84.2421 0.0538246 0.998544 -0.00345281 -1.78987 -0.997229 0.0535753 -0.0516084 53.3112 
-0.0489557 0.00546375 0.998786 85.323 0.054396 0.998516 -0.002796 -1.81139 -0.997319 0.0541931 -0.0491803 53.2758 
-0.0452172 0.00231395 0.998975 86.4111 0.0524956 0.998621 6.30523e-05 -1.83316 -0.997597 0.0524446 -0.0452763 53.2457 
-0.040804 -0.00189479 0.999165 87.5018 0.0524065 0.998618 0.00403398 -1.8486 -0.997792 0.0525274 -0.0406483 53.2193 
-0.035926 -0.0042437 0.999345 88.5881 0.0508882 0.998686 0.00607035 -1.8627 -0.998058 0.051073 -0.0356629 53.1957 
-0.0325029 -0.000233442 0.999472 89.6795 0.0468882 0.998899 0.00175816 -1.88145 -0.998371 0.0469206 -0.0324561 53.1857 
-0.0307036 0.00906904 0.999487 90.7586 0.0436291 0.999018 -0.00772448 -1.90538 -0.998576 0.0433696 -0.0310691 53.1786 
-0.0297384 0.0170954 0.999412 91.8443 0.0379296 0.999153 -0.0159623 -1.93033 -0.998838 0.0374326 -0.0303616 53.1732 
-0.0291335 0.0166812 0.999436 92.9348 0.0374181 0.999178 -0.0155861 -1.96038 -0.998875 0.0369429 -0.0297337 53.1607 
-0.0284281 0.0105376 0.99954 94.0422 0.0373543 0.999257 -0.00947215 -1.99199 -0.998898 0.0370678 -0.0288006 53.1521 
-0.0296137 0.0044656 0.999551 95.143 0.0390724 0.999231 -0.00330653 -2.01496 -0.998798 0.038957 -0.0297654 53.1319 
-0.0316464 -0.00149076 0.999498 96.2438 0.0374126 0.999296 0.00267507 -2.03548 -0.998799 0.0374784 -0.0315684 53.1156 
-0.0334266 -0.00625814 0.999422 97.3388 0.0370339 0.999286 0.00749596 -2.05201 -0.998755 0.037263 -0.0331709 53.0919 
-0.0353769 -0.00572531 0.999358 98.429 0.0374973 0.999272 0.00705225 -2.06793 -0.99867 0.0377227 -0.0351364 53.0674 
-0.0370773 -0.00545917 0.999298 99.5122 0.0370125 0.999291 0.00683247 -2.07852 -0.998627 0.0372398 -0.0368489 53.0418 
-0.0387671 -0.00680272 0.999225 100.591 0.0384782 0.999225 0.0082956 -2.09318 -0.998507 0.03877 -0.0384753 53.0164 
-0.0395643 -0.00526563 0.999203 101.673 0.0393274 0.999203 0.00682287 -2.11054 -0.998443 0.039566 -0.0393257 52.9884 
-0.039932 0.00302553 0.999198 102.744 0.0400218 0.999198 -0.00142606 -2.12925 -0.998401 0.0399328 -0.0400211 52.9606 
-0.0402302 0.0109433 0.999131 103.808 0.0372225 0.999262 -0.00944589 -2.14965 -0.998497 0.0368102 -0.0406078 52.9356 
-0.0412192 0.0111889 0.999088 104.873 0.0347358 0.999349 -0.00975865 -2.17643 -0.998546 0.0343019 -0.0415811 52.9111 
-0.043391 0.00526691 0.999044 105.953 0.0303619 0.999531 -0.00395075 -2.20513 -0.998597 0.0301614 -0.0435306 52.8893 
-0.0461517 -0.00233092 0.998932 107.022 0.0242324 0.9997 0.00345231 -2.22483 -0.998641 0.0243658 -0.0460814 52.8685 
-0.0479341 -0.0104979 0.998795 108.084 0.0229715 0.999669 0.0116096 -2.23704 -0.998586 0.0235003 -0.0476771 52.839 
-0.0494369 -0.0170492 0.998632 109.15 0.0261793 0.999489 0.0183599 -2.24619 -0.998434 0.0270511 -0.0489653 52.7966 
-0.0513608 -0.0173692 0.998529 110.191 0.0251047 0.99951 0.0186776 -2.25071 -0.998365 0.0260271 -0.0508996 52.763 
-0.0519529 -0.00983745 0.998601 111.223 0.0288727 0.999519 0.0113486 -2.25952 -0.998232 0.0294219 -0.0516438 52.7219 
-0.0524731 0.00464763 0.998612 112.25 0.0375889 0.99929 -0.0026756 -2.27447 -0.997915 0.0373963 -0.0526105 52.6714 
-0.0536511 0.0157434 0.998436 113.272 0.0425597 0.999003 -0.0134654 -2.29391 -0.997652 0.0417707 -0.0542676 52.631 
-0.0539188 0.0126121 0.998466 114.305 0.0429475 0.999024 -0.0102999 -2.3186 -0.997621 0.0423262 -0.0544079 52.5912 
-0.0536749 0.00194111 0.998557 115.349 0.0455258 0.998963 0.00050527 -2.34279 -0.99752 0.0454872 -0.0537076 52.549 
-0.0529875 -0.00799508 0.998563 116.384 0.0455191 0.998909 0.0104133 -2.35837 -0.997557 0.0460054 -0.0525658 52.5081 
-0.0528059 -0.0133516 0.998516 117.407 0.0441629 0.998901 0.0156924 -2.3668 -0.997628 0.044926 -0.0521583 52.4744 
-0.052723 -0.0187471 0.998433 118.426 0.0416527 0.998912 0.0209556 -2.36889 -0.99774 0.0426922 -0.0518847 52.4414 
-0.0521319 -0.0220499 0.998397 119.446 0.0389915 0.998949 0.0240981 -2.37047 -0.997879 0.0401852 -0.0512173 52.4054 
-0.051836 -0.0200108 0.998455 120.448 0.0378501 0.999042 0.0219876 -2.37256 -0.997938 0.0389313 -0.0510289 52.3681 
-0.0509852 -0.0130114 0.998615 121.444 0.0353738 0.999264 0.014826 -2.37178 -0.998073 0.0360807 -0.0504875 52.3329 
-0.0504568 -0.00691277 0.998702 122.437 0.0353632 0.999337 0.00870384 -2.3755 -0.9981 0.0357565 -0.0501789 52.2946 
-0.0499545 -0.00180498 0.99875 123.42 0.0359297 0.999348 0.00360319 -2.38671 -0.998105 0.0360648 -0.049857 52.2575 
-0.0496073 0.00294636 0.998764 124.397 0.0374048 0.9993 -0.00109005 -2.40096 -0.998068 0.0373045 -0.0496827 52.2199 
-0.0492348 0.00725715 0.998761 125.367 0.0379129 0.999267 -0.00539184 -2.42169 -0.998067 0.0376005 -0.0494738 52.1904 
-0.0490576 0.00639832 0.998776 126.33 0.0394637 0.999211 -0.0044627 -2.44123 -0.998016 0.0391964 -0.0492714 52.1555 
-0.0488401 0.000148863 0.998807 127.29 0.0381203 0.999272 0.00171513 -2.46143 -0.998079 0.0381585 -0.0488102 52.1233 
-0.0493518 -0.00986792 0.998733 128.246 0.0362722 0.999274 0.0116657 -2.47831 -0.998123 0.036802 -0.048958 52.0959 
-0.0502054 -0.017813 0.99858 129.188 0.0310357 0.99933 0.0193868 -2.48944 -0.998257 0.0319649 -0.0496189 52.0706 
-0.0524092 -0.0207836 0.998409 130.111 0.0264891 0.999403 0.0221948 -2.49423 -0.998274 0.0276102 -0.0518273 52.0449 
-0.0542191 -0.0184104 0.998359 131.011 0.0216165 0.999574 0.0196068 -2.50028 -0.998295 0.0226441 -0.0537981 52.019 
-0.0553093 -0.0111752 0.998407 131.891 0.0185637 0.999753 0.0122187 -2.50615 -0.998297 0.01921 -0.0550881 51.9908 
-0.0558123 -0.00421349 0.998432 132.753 0.0207795 0.99977 0.00538075 -2.51572 -0.998225 0.0210473 -0.0557119 51.9565 
-0.054717 0.0017274 0.9985 133.597 0.0246794 0.999695 -0.000377011 -2.53059 -0.998197 0.0246218 -0.054743 51.9202 
-0.0516805 0.00395492 0.998656 134.421 0.0284442 0.999592 -0.0024866 -2.54997 -0.998259 0.0282774 -0.0517719 51.8868 
-0.0471706 0.00351225 0.998881 135.231 0.0325965 0.999467 -0.00197496 -2.56664 -0.998355 0.0324668 -0.0472599 51.8598 
-0.0421583 -0.00127428 0.99911 136.027 0.0355369 0.999365 0.00277415 -2.58126 -0.998479 0.0356223 -0.0420862 51.8366 
-0.0380143 -0.0055308 0.999262 136.794 0.0369222 0.999294 0.00693563 -2.60039 -0.998595 0.0371586 -0.0377833 51.8197 
-0.0338249 -0.00547851 0.999413 137.531 0.0377484 0.999264 0.00675532 -2.61972 -0.998715 0.0379547 -0.0335932 51.8081 
-0.0293151 -0.00101695 0.99957 138.235 0.0392062 0.999229 0.00216647 -2.6375 -0.998801 0.0392528 -0.0292526 51.7993 
-0.024882 0.0029585 0.999686 138.913 0.0394656 0.999219 -0.00197479 -2.64979 -0.998911 0.0394041 -0.0249793 51.7948 
-0.0203548 0.00358335 0.999786 139.567 0.0407183 0.999167 -0.0027521 -2.66412 -0.998963 0.0406536 -0.0204838 51.7929 
-0.0159531 0.00327296 0.999867 140.19 0.0381033 0.99927 -0.00266301 -2.68278 -0.999146 0.0380558 -0.0160662 51.7967 
-0.0121131 0.00230438 0.999924 140.784 0.0332438 0.999446 -0.00190052 -2.70199 -0.999374 0.0332182 -0.012183 51.8088 
-0.00849693 0.00264183 0.99996 141.349 0.0285107 0.999591 -0.00239855 -2.72006 -0.999557 0.0284892 -0.00856877 51.8231 
-0.00550405 0.00599543 0.999967 141.898 0.0268057 0.999624 -0.00584578 -2.7317 -0.999626 0.0267726 -0.00566269 51.832 
-0.00450326 0.0101027 0.999939 142.432 0.0258063 0.999617 -0.00998317 -2.74599 -0.999657 0.0257598 -0.00476225 51.8401 
-0.0048549 0.011225 0.999925 142.963 0.0225822 0.999683 -0.0111126 -2.76139 -0.999733 0.0225265 -0.00510684 51.8491 
-0.00647091 0.00948748 0.999934 143.496 0.0165794 0.999819 -0.00937905 -2.77558 -0.999842 0.0165176 -0.00662703 51.861 
-0.00862688 0.00520947 0.999949 144.026 0.0111313 0.999925 -0.00511327 -2.7882 -0.999901 0.0110866 -0.00868422 51.8722 
-0.0107496 7.04391e-05 0.999942 144.557 0.0101489 0.999949 3.87048e-05 -2.7985 -0.999891 0.0101487 -0.0107497 51.8741 
-0.0127897 -0.0030047 0.999914 145.079 0.0137672 0.9999 0.00318079 -2.81202 -0.999823 0.0138067 -0.012747 51.8658 
-0.0151691 -0.00103839 0.999884 145.588 0.0159443 0.999872 0.00128031 -2.82745 -0.999758 0.0159618 -0.0151506 51.8597 
-0.0181464 0.00238401 0.999833 146.093 0.015345 0.99988 -0.00210558 -2.83769 -0.999718 0.0153042 -0.0181808 51.8581 
-0.0207044 0.0040375 0.999778 146.594 0.0118187 0.999923 -0.00379329 -2.84697 -0.999716 0.0117375 -0.0207506 51.8604 
-0.0230503 0.00573754 0.999718 147.094 0.0106695 0.999928 -0.0054927 -2.85355 -0.999677 0.0105398 -0.0231099 51.8588 
-0.0249445 0.00719438 0.999663 147.592 0.012269 0.999901 -0.0068899 -2.86054 -0.999614 0.012093 -0.0250303 51.8508 
-0.0278673 0.00463797 0.999601 148.091 0.0126331 0.999911 -0.00428718 -2.87115 -0.999532 0.0125086 -0.0279234 51.843 
-0.0304587 -0.000529657 0.999536 148.591 0.0120066 0.999928 0.00089578 -2.88258 -0.999464 0.0120283 -0.0304501 51.836 
-0.0330513 -0.00363153 0.999447 149.082 0.011185 0.999929 0.00400321 -2.88759 -0.999391 0.0113112 -0.0330084 51.8302 
-0.0357642 -0.00476409 0.999349 149.576 0.00885814 0.999948 0.005084 -2.89509 -0.999321 0.00903419 -0.0357201 51.8234 
-0.0378308 -0.00626053 0.999265 150.068 0.00748926 0.999951 0.0065484 -2.90385 -0.999256 0.00773148 -0.037782 51.8151 
-0.0391356 -0.0078349 0.999203 150.558 0.00675453 0.999944 0.0081053 -2.91231 -0.999211 0.00706635 -0.0390805 51.8074 
-0.0401064 -0.00787901 0.999164 151.044 0.00632096 0.999947 0.00813895 -2.91655 -0.999175 0.0066421 -0.0400545 51.7994 
-0.039265 -0.0061155 0.99921 151.522 0.0091389 0.999937 0.00647912 -2.91858 -0.999187 0.00938609 -0.0392067 51.7891 
-0.0343233 -0.00334582 0.999405 151.996 0.0114363 0.999928 0.00374038 -2.92342 -0.999345 0.0115578 -0.0342826 51.779 
-0.0270524 -0.00160573 0.999633 152.461 0.0117697 0.999929 0.00192476 -2.93212 -0.999565 0.0118175 -0.0270316 51.7799 
-0.0169762 -0.00178306 0.999854 152.93 0.00979899 0.99995 0.00194965 -2.93866 -0.999808 0.00983066 -0.0169579 51.7911 
-0.00150113 -0.0026403 0.999995 153.388 0.0115335 0.99993 0.00265749 -2.94151 -0.999932 0.0115374 -0.00147057 51.807 
0.0208898 -0.00244955 0.999779 153.839 0.0174832 0.999845 0.00208445 -2.94403 -0.999629 0.0174358 0.0209294 51.827 
0.0507142 -0.00195482 0.998711 154.28 0.0243554 0.999703 0.000720045 -2.94763 -0.998416 0.0242875 0.0507468 51.8624 
0.0869256 -0.00243984 0.996212 154.717 0.0258783 0.999665 0.000190303 -2.95133 -0.995879 0.0257637 0.0869596 51.9262 
0.127615 -0.00277215 0.99182 155.145 0.0228058 0.99974 -0.000140028 -2.96516 -0.991562 0.0226371 0.127645 52.0183 
0.16934 0.00039471 0.985558 155.562 0.0183381 0.999826 -0.00355126 -2.97441 -0.985387 0.0186746 0.169304 52.1332 
0.210923 0.00480873 0.977491 155.97 0.0180054 0.999799 -0.00880363 -2.98325 -0.977337 0.019457 0.210794 52.2582 
0.253114 0.00919739 0.967393 156.369 0.0190077 0.999715 -0.0144779 -2.98717 -0.96725 0.0220525 0.252867 52.3947 
0.295605 0.0114362 0.955242 156.76 0.0201317 0.999632 -0.0181974 -2.99598 -0.955098 0.0246099 0.295265 52.5463 
0.336809 0.0136421 0.941474 157.139 0.0165596 0.999655 -0.0204092 -3.00316 -0.941428 0.0224644 0.336466 52.7244 
0.376997 0.0175181 0.926049 157.5 0.00879583 0.999708 -0.0224923 -3.01397 -0.926173 0.0166249 0.376733 52.9221 
0.416691 0.0226847 0.908765 157.851 0.000305266 0.999685 -0.0250942 -3.02548 -0.909048 0.010734 0.416553 53.1353 
0.45574 0.0286243 0.889652 158.198 -0.00426989 0.999542 -0.0299725 -3.03894 -0.890103 0.00986098 0.455654 53.3619 
0.493887 0.0321804 0.86893 158.549 -0.00548263 0.99941 -0.0338964 -3.05549 -0.869509 0.011977 0.493772 53.602 
0.531278 0.031373 0.846616 158.885 -0.0039884 0.999396 -0.0345316 -3.07022 -0.847188 0.0149692 0.531083 53.8493 
0.566917 0.029945 0.82323 159.229 -0.00562459 0.999457 -0.0324818 -3.08384 -0.823756 0.0137841 0.566778 54.1309 
0.600153 0.0307764 0.799293 159.559 -0.0101405 0.999472 -0.03087 -3.10172 -0.799821 0.0104215 0.600148 54.4329 
0.631641 0.0349198 0.774474 159.882 -0.0173493 0.999372 -0.0309103 -3.12167 -0.775067 0.00608762 0.63185 54.7579 
0.66136 0.038401 0.749085 160.201 -0.0227241 0.999256 -0.0311628 -3.14147 -0.749724 0.00358754 0.661741 55.0979 
0.688923 0.0394136 0.723762 160.52 -0.0228237 0.999205 -0.0326881 -3.1583 -0.724475 0.00600068 0.689275 55.4497 
0.713856 0.0373887 0.699293 160.841 -0.0180487 0.999224 -0.0350003 -3.17363 -0.70006 0.0123639 0.713977 55.8114 
0.736162 0.03869 0.675699 161.158 -0.019344 0.99916 -0.0361361 -3.18786 -0.676529 0.0135313 0.736292 56.1993 
0.755595 0.0427639 0.653642 161.463 -0.0261334 0.99904 -0.0351516 -3.20752 -0.654518 0.00947851 0.755987 56.6139 
0.771852 0.0453804 0.63418 161.772 -0.033731 0.998968 -0.03043 -3.23085 -0.634907 0.00209592 0.772586 57.0503 
0.784809 0.043322 0.618222 162.087 -0.0346417 0.999061 -0.0260329 -3.25184 -0.618769 -0.000985368 0.785573 57.492 
0.79553 0.0380858 0.604716 162.412 -0.0304819 0.999274 -0.0228353 -3.26855 -0.605147 -0.000266671 0.796114 57.9418 
0.80468 0.0303567 0.592932 162.744 -0.0240906 0.999539 -0.0184801 -3.28771 -0.59322 0.000586536 0.805041 58.405 
0.811958 0.0235083 0.583242 163.078 -0.0191317 0.999724 -0.0136609 -3.30756 -0.583402 -6.63043e-05 0.812183 58.885 
0.818527 0.020037 0.574119 163.411 -0.0172117 0.999798 -0.0103545 -3.32419 -0.57421 -0.00140607 0.818707 59.384 
0.825494 0.017042 0.564153 163.746 -0.0148206 0.999854 -0.00851738 -3.3356 -0.564216 -0.00133001 0.825626 59.8993 
0.832679 0.0126668 0.553611 164.088 -0.00941177 0.999918 -0.00872221 -3.34582 -0.553676 0.00205238 0.83273 60.4338 
0.839136 0.0130798 0.543764 164.426 -0.00762951 0.999896 -0.0122777 -3.36169 -0.543868 0.006154 0.839148 60.9793 
0.84472 0.0170937 0.534935 164.759 -0.00913922 0.999805 -0.0175165 -3.37861 -0.53513 0.00990767 0.844712 61.5428 
0.848852 0.0224054 0.528156 165.096 -0.0123705 0.99967 -0.0225259 -3.39447 -0.528487 0.0125877 0.848848 62.1294 
0.850966 0.0268988 0.524531 165.441 -0.0153042 0.999534 -0.0264289 -3.41329 -0.524998 0.0144626 0.850981 62.7253 
0.850813 0.0318482 0.524503 165.793 -0.0206986 0.999418 -0.0271095 -3.43802 -0.525061 0.0122086 0.850977 63.3454 
0.849033 0.0321753 0.527359 166.16 -0.0234107 0.999455 -0.0232883 -3.46551 -0.527821 0.00742673 0.849323 63.9724 
0.84656 0.0336219 0.53123 166.535 -0.0258025 0.999422 -0.0221354 -3.49114 -0.531667 0.00503187 0.846938 64.604 
0.843752 0.0351608 0.53558 166.925 -0.0281073 0.999377 -0.0213286 -3.51507 -0.535997 0.00294235 0.844215 65.255 
0.840777 0.0351017 0.540242 167.326 -0.0291296 0.999384 -0.0195996 -3.53571 -0.540597 0.000741877 0.841282 65.9136 
0.837588 0.0328751 0.545312 167.744 -0.0265615 0.999458 -0.0194561 -3.5555 -0.545656 0.0018119 0.838007 66.5746 
0.834329 0.0298074 0.550461 168.175 -0.0245644 0.999556 -0.0168938 -3.58042 -0.55072 0.000573273 0.83469 67.2445 
0.83054 0.0304418 0.556126 168.611 -0.0257582 0.999536 -0.0162452 -3.60345 -0.556362 -0.00083247 0.830939 67.9225 
0.827135 0.0326557 0.561054 169.056 -0.0271913 0.999467 -0.0180863 -3.62576 -0.561346 -0.000295908 0.827581 68.6073 
0.824214 0.0332567 0.5653 169.514 -0.0257143 0.999442 -0.0213056 -3.65328 -0.565694 0.00302408 0.82461 69.2943 
0.821481 0.0352701 0.569144 169.982 -0.0258383 0.999363 -0.0246369 -3.68082 -0.56965 0.0055331 0.821869 69.9894 
0.818669 0.0346742 0.573218 170.457 -0.0252846 0.999384 -0.0243416 -3.70661 -0.573709 0.00543413 0.819041 70.6981 
0.816255 0.0315874 0.576827 170.945 -0.0263368 0.999501 -0.0174646 -3.73426 -0.577091 -0.000936179 0.816679 71.421 
0.813867 0.0280817 0.580373 171.437 -0.0262337 0.999589 -0.0115776 -3.76335 -0.580459 -0.00580269 0.814269 72.1428 
0.812012 0.0266029 0.583034 171.931 -0.0220588 0.999646 -0.0148899 -3.79539 -0.583224 -0.00077025 0.812311 72.8477 
0.810655 0.0317101 0.584665 172.419 -0.0205531 0.999458 -0.0257095 -3.82516 -0.585164 0.00882488 0.810867 73.5462 
0.809246 0.0341765 0.586474 172.912 -0.0185498 0.999295 -0.0326373 -3.85816 -0.587176 0.0155327 0.80931 74.2458 
0.808488 0.0304591 0.587724 173.413 -0.014232 0.99938 -0.0322154 -3.89732 -0.588341 0.0176813 0.80842 74.9487 
0.807845 0.0247652 0.588874 173.916 -0.0116688 0.999593 -0.0260302 -3.93852 -0.589279 0.014157 0.807806 75.659 
0.807301 0.0207999 0.589773 174.415 -0.00891434 0.999695 -0.0230546 -3.97693 -0.590073 0.0133545 0.80724 76.3687 
0.807611 0.0161662 0.589493 174.913 -0.00463822 0.999767 -0.021063 -4.01038 -0.589697 0.0142766 0.807499 77.065 
0.807938 0.0116197 0.589153 175.411 0.000843575 0.999782 -0.0208751 -4.04499 -0.589267 0.0173628 0.807752 77.761 
0.808651 0.00979178 0.588208 175.902 0.00333615 0.999769 -0.0212293 -4.08284 -0.58828 0.0191295 0.808431 78.454 
0.809404 0.0119801 0.58713 176.385 0.00396863 0.999658 -0.0258685 -4.11835 -0.587239 0.0232682 0.809079 79.1408 
0.810003 0.0116758 0.586309 176.869 0.00718697 0.999529 -0.0298336 -4.15688 -0.586381 0.0283791 0.809538 79.8234 
0.810316 0.00863416 0.58593 177.352 0.00973471 0.999555 -0.0281919 -4.19159 -0.585912 0.0285482 0.809871 80.5083 
0.81 0.00729321 0.586385 177.826 0.00703771 0.99973 -0.0221556 -4.22835 -0.586388 0.0220729 0.809729 81.1989 
0.809431 0.00142708 0.587214 178.301 0.00774388 0.999884 -0.0131043 -4.26281 -0.587164 0.0151543 0.809326 81.8828 
0.809153 -0.00359071 0.587587 178.776 0.0103581 0.999913 -0.00815337 -4.28881 -0.587506 0.0126836 0.80912 82.5531 
0.808436 -0.00643198 0.588548 179.242 0.0131371 0.999888 -0.00711782 -4.31324 -0.588437 0.0134861 0.808431 83.2069 
0.807567 -0.00268013 0.589769 179.691 0.0107747 0.99989 -0.0102098 -4.34123 -0.589677 0.0145997 0.807507 83.8461 
0.806523 0.0048835 0.591182 180.126 0.00788846 0.999788 -0.0190206 -4.37027 -0.59115 0.0200041 0.806314 84.4663 
0.805038 0.00912115 0.593153 180.557 0.00815171 0.999617 -0.0264351 -4.40191 -0.593168 0.0261165 0.804655 85.0773 
