1 2.12261e-08 -2.11895e-08 0 2.12261e-08 1 2.10703e-08 0 -2.11895e-08 2.10703e-08 1 0 
0.999933 -0.00288362 0.0112449 0.012723 0.00287037 0.999995 0.00119882 -0.00674598 -0.0112483 -0.00116642 0.999936 0.290673 
0.99983 -0.00488462 0.0177914 0.0242137 0.00486173 0.999987 0.001332 -0.0109854 -0.0177977 -0.00124523 0.999841 0.58636 
0.999779 -0.00781465 0.0195376 0.0331448 0.00781514 0.99997 5.35165e-05 -0.0149148 -0.0195375 9.92263e-05 0.999809 0.888347 
0.999814 -0.009239 0.0169494 0.0413151 0.00926398 0.999956 -0.00139304 -0.0174156 -0.0169358 0.00154984 0.999855 1.19865 
0.999881 -0.011907 0.00978095 0.0447719 0.0119362 0.999925 -0.00292671 -0.0175244 -0.0097454 0.00304316 0.999948 1.51974 
0.999901 -0.0138013 -0.00281695 0.0375261 0.0137876 0.999893 -0.00480891 -0.0218876 0.00288298 0.00476964 0.999985 1.85064 
0.99972 -0.013128 -0.0197108 0.0178558 0.0130279 0.999902 -0.00520278 -0.0248526 0.0197771 0.00494458 0.999792 2.19317 
0.999184 -0.00873102 -0.0394304 -0.0166772 0.00853251 0.99995 -0.00520095 -0.0310962 0.0394738 0.00486031 0.999209 2.54755 
0.998218 -0.00519452 -0.0594523 -0.0599211 0.00481013 0.999967 -0.00660761 -0.0338455 0.0594845 0.00630991 0.998209 2.9135 
0.996779 -0.00508528 -0.0800416 -0.106384 0.00452417 0.999964 -0.00719046 -0.0363664 0.0800752 0.00680522 0.996766 3.28817 
0.994815 -0.00660115 -0.101488 -0.158659 0.00595204 0.99996 -0.00669782 -0.0379939 0.101528 0.00605907 0.994814 3.67597 
0.992559 -0.00809212 -0.121497 -0.221857 0.00742903 0.999955 -0.00591004 -0.0428514 0.121539 0.00496351 0.992574 4.06959 
0.990195 -0.0071385 -0.139507 -0.298182 0.00648779 0.999966 -0.0051189 -0.0506381 0.139539 0.00416366 0.990208 4.47287 
0.987867 -0.00584543 -0.155191 -0.384788 0.00520175 0.999976 -0.00455372 -0.055 0.155214 0.00369125 0.987874 4.88843 
0.985637 -0.00523442 -0.168795 -0.475868 0.00449187 0.999979 -0.00478093 -0.0620968 0.168817 0.0039541 0.98564 5.3141 
0.983446 -0.0067859 -0.181072 -0.569485 0.00584562 0.999967 -0.00572617 -0.0679302 0.181105 0.00457295 0.983453 5.75281 
0.981586 -0.0103414 -0.190741 -0.66503 0.00897507 0.999928 -0.00802591 -0.0753646 0.19081 0.00616625 0.981608 6.19948 
0.980006 -0.00969325 -0.198732 -0.771846 0.00787328 0.99992 -0.0099463 -0.080921 0.198812 0.00818281 0.980003 6.66461 
0.978463 -0.00926222 -0.206214 -0.886785 0.00699648 0.999907 -0.011714 -0.087941 0.206303 0.010019 0.978437 7.14085 
0.976662 -0.01014 -0.214543 -1.00432 0.00718233 0.999868 -0.014561 -0.0967683 0.214663 0.0126803 0.976606 7.63008 
0.974872 -0.0140095 -0.222324 -1.12857 0.0106291 0.999809 -0.0163944 -0.106045 0.222511 0.0136194 0.974835 8.12841 
0.972923 -0.0203632 -0.230231 -1.25175 0.0167453 0.999704 -0.0176577 -0.118144 0.230522 0.0133243 0.972976 8.64411 
0.970819 -0.0210649 -0.238889 -1.39499 0.0167126 0.999656 -0.0202301 -0.131797 0.239232 0.0156474 0.970836 9.16718 
0.968714 -0.0170329 -0.247594 -1.55227 0.0112913 0.999634 -0.0245914 -0.146419 0.247922 0.0210264 0.968552 9.69341 
0.966506 -0.0140246 -0.256261 -1.72037 0.00718107 0.999593 -0.0276217 -0.164821 0.256544 0.0248564 0.966213 10.235 
0.964159 -0.0166924 -0.264799 -1.88348 0.00922752 0.999525 -0.02941 -0.183992 0.265164 0.0259125 0.963855 10.7942 
0.961747 -0.019544 -0.273241 -2.05428 0.0112713 0.99943 -0.0318134 -0.204009 0.273707 0.0275167 0.96142 11.3586 
0.95945 -0.0192719 -0.281218 -2.2407 0.0100031 0.99936 -0.0343581 -0.227919 0.2817 0.0301519 0.959029 11.9359 
0.957123 -0.0184503 -0.289094 -2.44026 0.00779611 0.999249 -0.0379621 -0.254373 0.289578 0.0340807 0.956548 12.519 
0.954823 -0.0194758 -0.296536 -2.64299 0.00692764 0.999038 -0.0433083 -0.282885 0.297094 0.0392975 0.954039 13.1153 
0.95303 -0.0208411 -0.302159 -2.85226 0.00570234 0.998688 -0.0508982 -0.317517 0.302823 0.0467845 0.951898 13.7222 
0.951694 -0.0216034 -0.306287 -3.0686 0.00371594 0.998259 -0.0588643 -0.35738 0.307025 0.0548827 0.950118 14.335 
0.950419 -0.0217093 -0.310214 -3.29112 0.000715482 0.99771 -0.0676294 -0.39983 0.310972 0.0640543 0.948258 14.9595 
0.949089 -0.0211006 -0.314302 -3.52498 -0.00317869 0.997062 -0.0765361 -0.450563 0.314993 0.0736387 0.946233 15.5984 
0.947703 -0.0206907 -0.318483 -3.76136 -0.00627391 0.996496 -0.0834081 -0.507414 0.319093 0.0810442 0.944252 16.2424 
0.946105 -0.0191147 -0.323296 -4.0087 -0.0105904 0.995897 -0.089874 -0.572156 0.323687 0.0884542 0.94202 16.8916 
0.944473 -0.0180589 -0.328094 -4.26324 -0.0142024 0.995312 -0.0956679 -0.640491 0.328283 0.0950155 0.939788 17.5624 
0.94283 -0.0158989 -0.332896 -4.52688 -0.0189804 0.994679 -0.101262 -0.711242 0.332734 0.101791 0.937511 18.2353 
0.941076 -0.0132418 -0.337937 -4.80055 -0.0235516 0.994241 -0.104544 -0.785143 0.337375 0.106343 0.935344 18.9263 
0.939306 -0.012174 -0.342865 -5.0797 -0.0257431 0.994052 -0.105821 -0.866963 0.342113 0.108225 0.933406 19.6222 
0.937087 -0.0117796 -0.348899 -5.36509 -0.0265313 0.994137 -0.104823 -0.952866 0.348088 0.107485 0.93128 20.3331 
0.934788 -0.0113067 -0.355027 -5.659 -0.0272147 0.994276 -0.103322 -1.03742 0.354163 0.106246 0.929129 21.0517 
0.932199 -0.011408 -0.361768 -5.95739 -0.0272114 0.994466 -0.101478 -1.12218 0.360923 0.104442 0.926729 21.7688 
0.928968 -0.0105541 -0.37001 -6.26938 -0.0279292 0.994746 -0.0984946 -1.20476 0.369105 0.101832 0.923792 22.5011 
0.92564 -0.00846525 -0.378311 -6.59357 -0.0288936 0.99525 -0.0929661 -1.28471 0.377301 0.0969839 0.920998 23.2385 
0.922069 -0.00502581 -0.386993 -6.93186 -0.0314182 0.995644 -0.087789 -1.36608 0.385748 0.0931062 0.917894 23.9862 
0.918502 -0.00140675 -0.395414 -7.29817 -0.0345931 0.995874 -0.083899 -1.44137 0.3939 0.09074 0.914663 24.7511 
0.914699 -0.000541363 -0.404135 -7.6561 -0.0357577 0.995969 -0.0822665 -1.51463 0.402551 0.0897001 0.910992 25.505 
0.910668 -0.000612999 -0.41314 -8.02404 -0.0364602 0.995978 -0.0818458 -1.58662 0.411528 0.0895975 0.906982 26.2655 
0.906792 -0.000796625 -0.421577 -8.40189 -0.0365504 0.996084 -0.0805006 -1.65944 0.41999 0.0884062 0.903212 27.0285 
0.902808 3.45702e-05 -0.430044 -8.79229 -0.0376141 0.996174 -0.0788847 -1.73118 0.428396 0.0873935 0.899355 27.8007 
0.898893 -0.00116584 -0.438167 -9.19077 -0.0360605 0.996407 -0.0766288 -1.80364 0.436682 0.0846816 0.895622 28.5812 
0.895044 -0.000520121 -0.445977 -9.60599 -0.0356295 0.99672 -0.0726683 -1.87317 0.444552 0.0809313 0.892089 29.3664 
0.891288 0.00179903 -0.453433 -10.0317 -0.0361422 0.997092 -0.0670867 -1.9402 0.451994 0.0761818 0.888762 30.1599 
0.887473 0.00186428 -0.460856 -10.4674 -0.0347691 0.997413 -0.0629202 -2.0089 0.459547 0.0718636 0.885242 30.9556 
0.883582 0.000777778 -0.468277 -10.9098 -0.0332918 0.997573 -0.0611607 -2.07305 0.467093 0.0696303 0.881463 31.7628 
0.880316 -0.000126773 -0.474389 -11.3713 -0.0322454 0.997671 -0.060104 -2.13335 0.473291 0.0682074 0.878261 32.5788 
0.877139 -3.4134e-05 -0.480236 -11.8438 -0.0319422 0.997781 -0.0584125 -2.19023 0.479173 0.0665758 0.875192 33.4013 
0.874053 -0.00173555 -0.485828 -12.3246 -0.0298565 0.997912 -0.0572798 -2.25099 0.484913 0.0645708 0.872176 34.2364 
0.87132 -0.00296333 -0.490707 -12.8159 -0.0288786 0.997939 -0.0573046 -2.31287 0.489865 0.0641017 0.869438 35.0764 
0.869293 -0.00368879 -0.494283 -13.3199 -0.0287028 0.997908 -0.0579269 -2.3736 0.493462 0.0645429 0.867369 35.9166 
0.867925 -0.00314019 -0.496686 -13.8324 -0.0298205 0.997847 -0.0584181 -2.43541 0.495799 0.065514 0.865962 36.7682 
0.867385 -0.00332816 -0.497627 -14.3507 -0.0291969 0.997915 -0.0575656 -2.49899 0.496781 0.0644608 0.865479 37.6298 
0.867125 -0.00308552 -0.498082 -14.8808 -0.0286406 0.998017 -0.0560438 -2.56181 0.497267 0.0628623 0.865317 38.5145 
0.866781 -0.00453341 -0.498669 -15.4172 -0.0267473 0.998097 -0.0555656 -2.62628 0.497972 0.0615012 0.86501 39.4084 
0.866151 -0.00655639 -0.499739 -15.9599 -0.0250074 0.998093 -0.0564376 -2.69051 0.499156 0.0613807 0.864335 40.3089 
0.86488 -0.00891354 -0.501899 -16.5019 -0.0226635 0.998129 -0.0567805 -2.7564 0.501467 0.0604832 0.86306 41.2162 
0.863174 -0.0094615 -0.504818 -17.0581 -0.0211214 0.998273 -0.0548249 -2.8225 0.504465 0.0579859 0.861483 42.1389 
0.861034 -0.00914356 -0.508465 -17.6215 -0.0195118 0.998508 -0.0509971 -2.89025 0.508173 0.0538314 0.859571 43.0602 
0.858096 -0.00956009 -0.5134 -18.1881 -0.0169706 0.998753 -0.0469625 -2.95466 0.513209 0.0490111 0.856863 43.9719 
0.853997 -0.00985713 -0.520185 -18.7597 -0.0159655 0.998853 -0.0451385 -3.01927 0.520033 0.0468532 0.85286 44.8738 
0.848638 -0.0134129 -0.528804 -19.3381 -0.0137508 0.998781 -0.0474013 -3.08346 0.528796 0.0474981 0.847419 45.7707 
0.842485 -0.0171794 -0.538446 -19.9258 -0.0120787 0.998638 -0.0507611 -3.14546 0.538585 0.0492692 0.84113 46.6611 
0.836223 -0.0175707 -0.548108 -20.5333 -0.0118074 0.998678 -0.0500286 -3.21123 0.548263 0.0483069 0.83491 47.5442 
0.830403 -0.0141381 -0.556984 -21.1485 -0.0131583 0.998902 -0.044973 -3.27468 0.557008 0.0446747 0.829304 48.4206 
0.825205 -0.00971857 -0.56475 -21.7795 -0.0160652 0.999044 -0.0406664 -3.33464 0.564605 0.042631 0.824259 49.2992 
0.821092 -0.00983931 -0.570711 -22.416 -0.0173256 0.998961 -0.0421492 -3.39258 0.570533 0.0444963 0.820068 50.1751 
0.817662 -0.0121927 -0.575569 -23.0538 -0.0178442 0.998759 -0.0465072 -3.44968 0.575422 0.0482979 0.81643 51.0452 
0.814533 -0.0144568 -0.579938 -23.6957 -0.0204798 0.99835 -0.0536512 -3.51245 0.579756 0.0555777 0.812892 51.9037 
0.811334 -0.0157218 -0.584372 -24.3356 -0.0205414 0.998254 -0.0553762 -3.57607 0.584223 0.0569325 0.809594 52.76 
0.807849 -0.0143095 -0.589216 -24.991 -0.0198255 0.99848 -0.0514307 -3.64472 0.589056 0.0532297 0.806337 53.6235 
0.804563 -0.011615 -0.593754 -25.6482 -0.0197782 0.99873 -0.0463376 -3.70992 0.593538 0.049025 0.803311 54.4837 
0.801479 -0.00989229 -0.597941 -26.3082 -0.019951 0.998864 -0.0432674 -3.77204 0.59769 0.0466075 0.800371 55.3313 
0.798312 -0.00958981 -0.602168 -26.9755 -0.0210167 0.998821 -0.0437692 -3.83106 0.601877 0.0475971 0.797169 56.1754 
0.794741 -0.0109847 -0.60685 -27.6448 -0.0210352 0.998737 -0.0456265 -3.89089 0.606585 0.0490265 0.793506 57.0193 
0.790582 -0.0137636 -0.612202 -28.3201 -0.0200593 0.998629 -0.0483555 -3.95061 0.612028 0.0505094 0.789222 57.8623 
0.786286 -0.01479 -0.617686 -29.0055 -0.0194974 0.998622 -0.0487305 -4.0135 0.617555 0.0503595 0.784914 58.7 
0.781777 -0.0150376 -0.623377 -29.7075 -0.0189194 0.998677 -0.0478178 -4.07768 0.623271 0.0491768 0.780458 59.5422 
0.776824 -0.0147298 -0.629545 -30.4087 -0.0191871 0.998709 -0.0470432 -4.1438 0.629425 0.0486235 0.775538 60.3711 
0.771452 -0.0159921 -0.636086 -31.1182 -0.0189884 0.99866 -0.0481372 -4.20721 0.636004 0.0492138 0.770115 61.1976 
0.76595 -0.0174229 -0.642665 -31.8362 -0.0184385 0.998626 -0.0490487 -4.27234 0.642636 0.0494187 0.764576 62.0231 
0.760323 -0.0191196 -0.649264 -32.5653 -0.0175426 0.998598 -0.0499502 -4.33629 0.649309 0.0493681 0.758921 62.8424 
0.754577 -0.020699 -0.655885 -33.3084 -0.0170772 0.998545 -0.0511598 -4.40035 0.655989 0.0498047 0.753125 63.6659 
0.748309 -0.0226688 -0.662963 -34.0542 -0.0159857 0.998509 -0.0521859 -4.46806 0.663158 0.0496492 0.746831 64.4865 
0.742111 -0.0241951 -0.66984 -34.8112 -0.0146398 0.998525 -0.0522867 -4.53458 0.670117 0.0486089 0.740662 65.2953 
0.735605 -0.0241917 -0.676978 -35.5715 -0.0137167 0.998625 -0.0505903 -4.60413 0.677271 0.0465005 0.734262 66.0989 
0.729203 -0.0246855 -0.683853 -36.3567 -0.0131537 0.998659 -0.0500753 -4.67123 0.684171 0.0455103 0.7279 66.9024 
0.722633 -0.0268299 -0.690711 -37.1584 -0.0115458 0.998639 -0.0508705 -4.74016 0.691135 0.0447355 0.72134 67.7075 
0.716239 -0.0283249 -0.69728 -37.9564 -0.0119132 0.998534 -0.0527996 -4.80975 0.697753 0.046124 0.714852 68.4954 
0.710082 -0.0279676 -0.703563 -38.7662 -0.0126244 0.998545 -0.0524349 -4.87968 0.704006 0.0461152 0.708696 69.2775 
0.704613 -0.0274483 -0.709061 -39.5836 -0.0129211 0.99859 -0.0514962 -4.95256 0.709474 0.0454468 0.703264 70.0621 
0.69958 -0.0270285 -0.714043 -40.4192 -0.0140363 0.998572 -0.0515508 -5.02217 0.714417 0.0460865 0.698201 70.8444 
0.694882 -0.0277977 -0.718586 -41.2537 -0.0144635 0.99851 -0.0526127 -5.09214 0.718978 0.0469529 0.693445 71.6151 
0.689527 -0.0297304 -0.723649 -42.1021 -0.0151046 0.99835 -0.0554086 -5.16214 0.724102 0.0491362 0.68794 72.3959 
0.684487 -0.0324612 -0.728302 -42.9676 -0.0146433 0.998194 -0.058253 -5.23519 0.728878 0.0505382 0.682775 73.1765 
0.679386 -0.0329048 -0.733043 -43.8436 -0.0151711 0.998151 -0.0588656 -5.31331 0.733625 0.0511136 0.67763 73.9517 
0.674545 -0.0324916 -0.737518 -44.72 -0.0148327 0.998233 -0.0575436 -5.39078 0.738085 0.0497552 0.672871 74.719 
0.669533 -0.0327206 -0.742062 -45.6131 -0.0139716 0.998298 -0.0566251 -5.46683 0.742651 0.0482802 0.667936 75.49 
0.664279 -0.0341698 -0.746703 -46.5042 -0.0127734 0.99829 -0.0570461 -5.54583 0.747376 0.0474325 0.662706 76.2557 
0.659571 -0.0355091 -0.750803 -47.4096 -0.0115848 0.998285 -0.0573908 -5.62022 0.751553 0.0465512 0.658028 77.0194 
0.65508 -0.0363629 -0.754684 -48.3229 -0.0106413 0.998298 -0.0573378 -5.69617 0.755485 0.0455917 0.653578 77.7835 
0.651006 -0.0374005 -0.758151 -49.2378 -0.00924406 0.998321 -0.0571861 -5.77676 0.759016 0.0442369 0.649567 78.5368 
0.647092 -0.0403142 -0.761345 -50.1618 -0.00639047 0.998279 -0.0582916 -5.86017 0.762385 0.0425854 0.645721 79.2925 
0.642883 -0.0449628 -0.764644 -51.0911 -0.00325119 0.998106 -0.0614245 -5.94235 0.765958 0.0419748 0.641519 80.0477 
0.638203 -0.0489236 -0.768312 -52.0203 0.000777199 0.998019 -0.062905 -6.02634 0.769868 0.0395491 0.636977 80.7941 
0.631489 -0.0525317 -0.773604 -52.9622 0.00570893 0.99799 -0.0631086 -6.11206 0.775364 0.035436 0.630519 81.5418 
0.623109 -0.0562046 -0.780113 -53.9157 0.0102839 0.997917 -0.0636825 -6.19971 0.782068 0.0316586 0.622389 82.285 
0.614035 -0.0572851 -0.787197 -54.8886 0.0130001 0.997961 -0.0624822 -6.2847 0.789172 0.0281327 0.613528 83.025 
0.605256 -0.0558956 -0.794066 -55.8831 0.0133926 0.998106 -0.0600502 -6.37183 0.795918 0.0257112 0.604858 83.7552 
0.596194 -0.0555993 -0.800913 -56.882 0.012663 0.998126 -0.0598636 -6.45917 0.80274 0.0255484 0.595781 84.4717 
0.586516 -0.057048 -0.807926 -57.8891 0.0117228 0.99801 -0.0619597 -6.54156 0.809853 0.0268693 0.586018 85.1777 
0.576589 -0.0592757 -0.814881 -58.9086 0.0120928 0.997875 -0.0640304 -6.63025 0.816945 0.0270651 0.576081 85.8665 
0.566539 -0.0610602 -0.82177 -59.9493 0.0126754 0.997779 -0.0653997 -6.72115 0.823938 0.0266352 0.566054 86.5646 
0.556459 -0.0617317 -0.828579 -61.0052 0.0152544 0.997827 -0.0640967 -6.8126 0.830735 0.0230278 0.556191 87.2522 
0.546095 -0.0618137 -0.835439 -62.068 0.0163667 0.997871 -0.0631336 -6.90521 0.837563 0.0208036 0.545944 87.9259 
0.535636 -0.0625592 -0.842129 -63.1327 0.0167312 0.997843 -0.0634848 -6.99848 0.844283 0.019915 0.535527 88.5819 
0.525343 -0.0636996 -0.848503 -64.2031 0.0158398 0.997753 -0.0650972 -7.08688 0.850743 0.0207583 0.525172 89.2216 
0.515133 -0.0642627 -0.854698 -65.2907 0.0144275 0.997694 -0.0663188 -7.18193 0.856989 0.0218319 0.514872 89.8515 
0.505153 -0.0654875 -0.860542 -66.3832 0.0134582 0.997593 -0.068017 -7.2775 0.862925 0.0227777 0.504818 90.4698 
0.495602 -0.0652833 -0.866093 -67.486 0.0122291 0.997597 -0.0681979 -7.37584 0.868464 0.0232076 0.495209 91.0715 
0.486874 -0.0632427 -0.87118 -68.6028 0.0114566 0.997752 -0.0660284 -7.47463 0.873397 0.0221668 0.486504 91.6672 
0.478627 -0.0616993 -0.875848 -69.7275 0.0120871 0.997896 -0.0636918 -7.5728 0.877935 0.0198983 0.478366 92.2633 
0.470793 -0.0619836 -0.880064 -70.8558 0.0122097 0.997891 -0.0637507 -7.67031 0.882159 0.0192681 0.470557 92.8432 
0.463054 -0.0651632 -0.883932 -71.9926 0.0139692 0.997706 -0.0662328 -7.7645 0.88622 0.0183216 0.462902 93.4195 
0.455925 -0.0686431 -0.887367 -73.1348 0.016793 0.997507 -0.0685349 -7.8651 0.88986 0.0163452 0.455941 93.9901 
0.449646 -0.0714812 -0.890342 -74.2866 0.0177309 0.997311 -0.0711146 -7.96712 0.893031 0.0161899 0.449704 94.5511 
0.443941 -0.0751705 -0.892897 -75.4448 0.0198417 0.997055 -0.0740741 -8.07281 0.895836 0.0151679 0.444125 95.1145 
0.439001 -0.0762701 -0.895244 -76.5895 0.0227435 0.997015 -0.0737878 -8.18269 0.898199 0.012032 0.439425 95.6589 
0.434529 -0.0736418 -0.897642 -77.7412 0.0243688 0.997248 -0.070017 -8.29305 0.900328 0.00855003 0.435128 96.2018 
0.430371 -0.0717783 -0.899794 -78.8936 0.0275583 0.997414 -0.0663845 -8.39807 0.902231 0.00377324 0.431236 96.7406 
0.426905 -0.0711353 -0.901494 -80.0398 0.0295205 0.997466 -0.0647288 -8.50572 0.903815 0.00102058 0.427923 97.2658 
0.423695 -0.0711285 -0.903008 -81.1892 0.0312976 0.997466 -0.0638839 -8.60534 0.905264 -0.00119462 0.424848 97.793 
0.420944 -0.070357 -0.904354 -82.3395 0.0331521 0.997515 -0.0621736 -8.70094 0.906481 -0.00380961 0.42223 98.3174 
0.418334 -0.0698356 -0.905605 -83.4792 0.0352261 0.997537 -0.0606527 -8.79588 0.90761 -0.00652775 0.419764 98.8307 
0.416072 -0.0708539 -0.906567 -84.6248 0.0378502 0.997445 -0.0605851 -8.89097 0.908544 -0.00910598 0.41769 99.3397 
0.413483 -0.0717421 -0.907681 -85.7515 0.0410364 0.997346 -0.0601355 -8.9812 0.909587 -0.0123829 0.41533 99.8446 
0.411237 -0.0713103 -0.908735 -86.8817 0.0446286 0.997315 -0.0580652 -9.06961 0.910435 -0.016677 0.413315 100.34 
0.409028 -0.0706695 -0.909781 -87.9991 0.046546 0.997315 -0.0565423 -9.1591 0.911334 -0.0192193 0.411219 100.83 
0.407002 -0.0719237 -0.910591 -89.1001 0.0489508 0.99718 -0.0568837 -9.2503 0.912115 -0.0214223 0.409375 101.312 
0.405706 -0.0733057 -0.911059 -90.1917 0.0503025 0.997059 -0.057825 -9.33826 0.912618 -0.0223685 0.4082 101.783 
0.404915 -0.0745212 -0.911312 -91.2687 0.0504387 0.996976 -0.0591153 -9.42809 0.912962 -0.0220287 0.40745 102.248 
0.405247 -0.0754477 -0.911089 -92.335 0.0497195 0.996933 -0.0604415 -9.51672 0.912854 -0.0208051 0.407756 102.705 
0.407359 -0.0754328 -0.910148 -93.3884 0.0480019 0.996974 -0.0611445 -9.6077 0.912006 -0.018781 0.409747 103.159 
0.411475 -0.0757471 -0.908268 -94.4278 0.0461084 0.996995 -0.062258 -9.69763 0.910254 -0.0162611 0.413731 103.616 
0.416485 -0.0762626 -0.905938 -95.4441 0.0449314 0.996984 -0.0632707 -9.78877 0.908031 -0.0143537 0.418656 104.062 
0.422277 -0.0765255 -0.903231 -96.4666 0.0445632 0.996978 -0.063634 -9.87678 0.905371 -0.0133796 0.424411 104.523 
0.429202 -0.0752905 -0.900065 -97.4774 0.0433435 0.997088 -0.0627379 -9.96605 0.902168 -0.0120847 0.431216 104.985 
0.437248 -0.0742793 -0.896268 -98.4775 0.0422976 0.997179 -0.0620073 -10.052 0.898346 -0.0107974 0.439157 105.451 
0.445988 -0.0740615 -0.891969 -99.4768 0.0421875 0.997202 -0.0617053 -10.1359 0.894044 -0.0101101 0.447865 105.933 
0.455299 -0.073771 -0.887277 -100.465 0.04189 0.997233 -0.0614176 -10.2216 0.889353 -0.00920458 0.45713 106.424 
0.465101 -0.0746617 -0.882104 -101.445 0.041134 0.997184 -0.0627137 -10.3073 0.884302 -0.00711623 0.466862 106.921 
0.475498 -0.0760386 -0.876424 -102.415 0.0395198 0.997098 -0.0650671 -10.3953 0.878829 -0.00369682 0.477124 107.428 
0.486818 -0.0771357 -0.870091 -103.37 0.0380143 0.997021 -0.0671193 -10.4809 0.872676 -0.000400957 0.4883 107.944 
0.49939 -0.0753627 -0.863094 -104.326 0.0358329 0.997154 -0.0663354 -10.569 0.865636 0.00220013 0.500669 108.468 
0.512189 -0.0729666 -0.855768 -105.27 0.0345251 0.997329 -0.0643729 -10.6559 0.858179 0.00342564 0.51334 109.009 
0.524325 -0.0703604 -0.848607 -106.191 0.0336942 0.997514 -0.0618883 -10.7427 0.850852 0.0038565 0.525392 109.561 
0.535824 -0.0698093 -0.841439 -107.103 0.034288 0.997553 -0.0609268 -10.8315 0.843633 0.00379484 0.536907 110.129 
0.547313 -0.0704181 -0.83396 -107.996 0.0347745 0.997507 -0.0614057 -10.9155 0.836205 0.00460761 0.548397 110.694 
0.558188 -0.0714094 -0.826636 -108.876 0.0349523 0.997429 -0.0625618 -10.9977 0.828978 0.00602851 0.559249 111.274 
0.568909 -0.0731503 -0.819141 -109.744 0.0374487 0.997307 -0.063052 -11.0825 0.821548 0.00519511 0.570116 111.865 
0.57941 -0.0729814 -0.811762 -110.599 0.0380322 0.997319 -0.0625176 -11.1661 0.814148 0.00535029 0.580633 112.466 
0.589763 -0.0707689 -0.80447 -111.44 0.0373285 0.997477 -0.0603818 -11.2465 0.806713 0.00558134 0.590917 113.067 
0.599418 -0.0678914 -0.797551 -112.268 0.0377625 0.997686 -0.0565465 -11.3303 0.799545 0.00377748 0.600595 113.68 
0.609254 -0.0661589 -0.790211 -113.076 0.036693 0.997798 -0.0552484 -11.407 0.792126 0.00466518 0.61034 114.291 
0.619345 -0.0657762 -0.782359 -113.874 0.0351847 0.997809 -0.0560365 -11.4817 0.78433 0.0071789 0.620302 114.901 
0.628827 -0.0658007 -0.774756 -114.658 0.033715 0.997783 -0.057378 -11.552 0.776814 0.00995997 0.629651 115.513 
0.637784 -0.0653229 -0.767441 -115.42 0.0339146 0.997812 -0.056747 -11.6266 0.769469 0.0101649 0.638604 116.14 
0.64677 -0.0635397 -0.760033 -116.173 0.0340571 0.997936 -0.0544469 -11.6981 0.761924 0.00933014 0.647599 116.764 
0.655095 -0.0617893 -0.753016 -116.912 0.0343052 0.998055 -0.0520521 -11.7652 0.754767 0.00826679 0.655941 117.406 
0.663231 -0.0612964 -0.7459 -117.634 0.0347773 0.998088 -0.0510977 -11.8331 0.747606 0.00794926 0.664095 118.034 
0.67113 -0.0606904 -0.738851 -118.346 0.0339898 0.998114 -0.0511123 -11.8994 0.74056 0.00918967 0.671928 118.66 
0.678369 -0.0597732 -0.732286 -119.04 0.0335316 0.998165 -0.050413 -11.9624 0.733956 0.00964395 0.679128 119.292 
0.685437 -0.0571797 -0.725884 -119.732 0.0328705 0.998325 -0.0476017 -12.0225 0.72739 0.00876787 0.686169 119.935 
0.692596 -0.0545425 -0.719261 -120.41 0.0320507 0.998479 -0.0448536 -12.0829 0.720614 0.00801264 0.69329 120.582 
0.699696 -0.0532036 -0.712457 -121.081 0.0313143 0.998549 -0.0438144 -12.1407 0.713754 0.00834677 0.700347 121.23 
0.707018 -0.052404 -0.705251 -121.724 0.0307031 0.998585 -0.0434203 -12.195 0.706528 0.00904563 0.707627 121.873 
0.714626 -0.0495411 -0.69775 -122.359 0.0283168 0.99872 -0.0419087 -12.2505 0.698933 0.0101911 0.715115 122.522 
0.72363 -0.0469255 -0.688591 -122.984 0.027798 0.998858 -0.0388569 -12.3022 0.689628 0.0089766 0.724108 123.172 
0.733301 -0.0429528 -0.678546 -123.59 0.0258587 0.999042 -0.0352953 -12.3509 0.679412 0.00833582 0.733709 123.816 
0.743501 -0.040724 -0.667494 -124.177 0.0241084 0.999128 -0.0341036 -12.3988 0.6683 0.00926391 0.743834 124.455 
0.753653 -0.0401516 -0.656045 -124.759 0.0229335 0.999131 -0.0348038 -12.4415 0.656872 0.0111846 0.753919 125.11 
0.763831 -0.0412631 -0.644095 -125.355 0.0232631 0.999066 -0.0364161 -12.4918 0.644996 0.0128321 0.764078 125.774 
0.774003 -0.0405797 -0.63188 -125.922 0.0231134 0.99909 -0.0358501 -12.5276 0.63276 0.0131432 0.774237 126.454 
0.78446 -0.038746 -0.618967 -126.45 0.0226507 0.999171 -0.0338391 -12.5735 0.619765 0.0125255 0.784687 127.113 
0.794729 -0.0364701 -0.605868 -126.968 0.022474 0.999277 -0.0306717 -12.6138 0.606548 0.0107595 0.794974 127.778 
0.80455 -0.0352887 -0.592836 -127.476 0.0230564 0.999337 -0.0281954 -12.6496 0.593438 0.00901601 0.80483 128.462 
0.813902 -0.0337769 -0.580019 -127.987 0.0235944 0.999407 -0.0250912 -12.6863 0.580522 0.00673663 0.814217 129.165 
0.822212 -0.0328859 -0.56823 -128.477 0.0242628 0.999447 -0.0227346 -12.7212 0.568663 0.00490587 0.822556 129.861 
0.829642 -0.0334129 -0.557295 -128.971 0.0261257 0.999438 -0.0210288 -12.7492 0.557684 0.00288671 0.830048 130.597 
0.836381 -0.0331409 -0.547145 -129.468 0.0262237 0.999447 -0.0204508 -12.7823 0.54752 0.00275657 0.836788 131.343 
0.843374 -0.0322579 -0.536357 -129.956 0.0253763 0.999474 -0.0202089 -12.8186 0.536727 0.00343293 0.843749 132.076 
0.850124 -0.0304119 -0.525704 -130.415 0.0239472 0.999531 -0.0190973 -12.8484 0.526038 0.00364597 0.850454 132.806 
0.856546 -0.0294174 -0.515232 -130.858 0.0232633 0.99956 -0.0183964 -12.8787 0.515547 0.00377146 0.856853 133.528 
0.862645 -0.0298538 -0.504929 -131.296 0.0239281 0.999548 -0.0182182 -12.9072 0.505244 0.0036339 0.862969 134.256 
0.867933 -0.0311947 -0.495701 -131.745 0.0250731 0.999505 -0.0189983 -12.9348 0.496048 0.00406056 0.868285 135.009 
0.872419 -0.0312997 -0.487755 -132.188 0.0251365 0.9995 -0.0191786 -12.9655 0.488111 0.00447136 0.87277 135.773 
0.875721 -0.0301953 -0.481872 -132.596 0.0244757 0.999536 -0.018153 -12.9962 0.482196 0.00410288 0.876054 136.535 
0.878791 -0.028225 -0.476371 -133.024 0.024228 0.999601 -0.0145317 -13.0226 0.476591 0.00122883 0.879124 137.316 
0.881955 -0.0242484 -0.470709 -133.46 0.0220416 0.999705 -0.0102006 -13.0437 0.470818 -0.00137863 0.882229 138.116 
0.885456 -0.0212433 -0.464238 -133.913 0.0201951 0.99977 -0.00723037 -13.0668 0.464285 -0.0029731 0.885681 138.941 
0.888789 -0.0185802 -0.457941 -134.357 0.0183823 0.999819 -0.00488915 -13.0866 0.457949 -0.00407252 0.888969 139.772 
0.892037 -0.0169233 -0.451647 -134.79 0.0176611 0.999841 -0.00258243 -13.099 0.451618 -0.00567289 0.892193 140.603 
0.895274 -0.0155905 -0.445244 -135.221 0.0176098 0.999845 0.000398454 -13.108 0.445169 -0.00819732 0.895409 141.465 
0.898577 -0.0157875 -0.438532 -135.647 0.0187857 0.99982 0.00249848 -13.115 0.438414 -0.0104831 0.898712 142.334 
0.90211 -0.0158501 -0.431215 -136.08 0.0194121 0.999804 0.00386092 -13.1283 0.431069 -0.0118537 0.902241 143.228 
0.90596 -0.0163141 -0.423048 -136.528 0.0198992 0.999794 0.00405884 -13.1319 0.422895 -0.0120954 0.906098 144.143 
0.909898 -0.0189566 -0.4144 -136.948 0.0225272 0.999739 0.00372992 -13.1397 0.414221 -0.012729 0.910087 145.053 
0.913892 -0.0205986 -0.405434 -137.37 0.0237242 0.999715 0.00268495 -13.1472 0.405263 -0.0120723 0.91412 145.995 
0.918501 -0.0217305 -0.394821 -137.775 0.0240422 0.999711 0.000908057 -13.1582 0.394687 -0.0103264 0.918758 146.922 
0.924043 -0.0200026 -0.381766 -138.192 0.0217927 0.999762 0.000365547 -13.1664 0.381667 -0.00865745 0.924259 147.883 
0.930393 -0.0166842 -0.366183 -138.59 0.0185637 0.999826 0.00161182 -13.168 0.366092 -0.00829727 0.930542 148.872 
0.937395 -0.012964 -0.348027 -138.98 0.0156855 0.999864 0.00500335 -13.1776 0.347915 -0.0101491 0.937471 149.865 
0.944385 -0.00980891 -0.328695 -139.347 0.0127974 0.999894 0.0069297 -13.1847 0.328592 -0.0107507 0.944411 150.883 
0.951326 -0.00869481 -0.308063 -139.691 0.0116859 0.999901 0.0078658 -13.1852 0.307964 -0.0110829 0.951334 151.899 
0.957806 -0.00735466 -0.287321 -140.015 0.0106178 0.999896 0.00980036 -13.1843 0.287219 -0.0124375 0.957784 152.94 
0.963916 -0.00669799 -0.266122 -140.322 0.0104857 0.999863 0.0128144 -13.1838 0.265999 -0.0151424 0.963854 153.998 
0.969625 -0.00418923 -0.244561 -140.616 0.00858735 0.99982 0.0169201 -13.1866 0.244446 -0.0185063 0.969486 155.086 
0.974891 -0.00203335 -0.222675 -140.892 0.00698967 0.999745 0.021472 -13.1773 0.222575 -0.0224893 0.974656 156.206 
0.979723 -0.0002687 -0.200359 -141.189 0.00536649 0.999676 0.0249004 -13.1547 0.200287 -0.0254707 0.979406 157.387 
0.983913 0.00105738 -0.178643 -141.414 0.00349178 0.999678 0.0251485 -13.1406 0.178612 -0.0253677 0.983593 158.53 
0.98762 0.000244269 -0.156865 -141.628 0.00347181 0.99972 0.0234149 -13.1187 0.156827 -0.0236696 0.987342 159.707 
0.990742 0.000209194 -0.135757 -141.864 0.00290128 0.999738 0.0227135 -13.0872 0.135726 -0.022897 0.990482 160.956 
0.993281 -0.000980413 -0.115722 -142.028 0.00390564 0.999679 0.0250536 -13.0743 0.11566 -0.0253372 0.992966 162.169 
0.995367 -0.000358474 -0.0961527 -142.154 0.00297424 0.999629 0.0270619 -13.0558 0.0961074 -0.0272225 0.994999 163.411 
0.9971 0.000132591 -0.0761044 -142.255 0.00203394 0.999595 0.0283892 -13.0371 0.0760772 -0.0284616 0.996696 164.627 
0.998421 0.00165054 -0.0561531 -142.338 5.03535e-07 0.999568 0.0293892 -13.0155 0.0561773 -0.0293428 0.99799 165.867 
0.999355 0.00218412 -0.0358503 -142.398 -0.00109237 0.999536 0.0304434 -12.998 0.0359001 -0.0303845 0.998893 167.177 
0.999871 0.00446255 -0.0154409 -142.435 -0.00399138 0.99953 0.0304093 -12.9835 0.0155693 -0.0303437 0.999418 168.549 
0.999975 0.00563562 0.00434388 -142.46 -0.00576225 0.999542 0.0297206 -12.9608 -0.00417443 -0.0297448 0.999549 169.841 
0.999699 0.0055723 0.0239039 -142.443 -0.00623633 0.999594 0.0277969 -12.9428 -0.0237393 -0.0279376 0.999328 171.202 
0.999075 0.00757419 0.0423332 -142.358 -0.00866389 0.999634 0.0256182 -12.9247 -0.0421237 -0.0259613 0.998775 172.586 
0.998068 0.00771508 0.0616525 -142.311 -0.00921718 0.999667 0.0241175 -12.905 -0.061446 -0.0246392 0.997806 174.005 
0.996737 0.00785079 0.0803367 -142.198 -0.00960486 0.999723 0.0214714 -12.8965 -0.0801459 -0.0221729 0.996537 175.425 
0.995099 0.00886712 0.0984878 -142.035 -0.0105468 0.999808 0.0165472 -12.8943 -0.0983222 -0.0175048 0.995001 176.84 
0.993157 0.0102889 0.116332 -141.89 -0.0115482 0.999882 0.0101568 -12.8917 -0.116214 -0.0114307 0.993158 178.226 
0.990923 0.0122534 0.133874 -141.731 -0.0130851 0.9999 0.00533453 -12.8902 -0.133795 -0.00703782 0.990984 179.64 
0.988394 0.0141779 0.151249 -141.538 -0.0145471 0.999893 0.00133538 -12.8931 -0.151214 -0.00352009 0.988495 181.037 
0.985392 0.0163355 0.169514 -141.354 -0.0164038 0.999865 -0.000997576 -12.9242 -0.169508 -0.00179763 0.985527 182.514 
0.982276 0.0155838 0.186793 -141.117 -0.0157868 0.999875 -0.000400236 -12.944 -0.186776 -0.00255569 0.982399 183.894 
0.978977 0.0146813 0.203441 -140.766 -0.0148211 0.99989 -0.000835981 -12.9657 -0.203431 -0.00219678 0.979087 185.422 
0.975428 0.0143624 0.219852 -140.418 -0.0134423 0.999894 -0.00568055 -12.992 -0.21991 0.00258569 0.975517 186.871 
0.97155 0.0154488 0.236329 -140.109 -0.0135164 0.999861 -0.00979468 -13.0166 -0.236447 0.00632175 0.971624 188.285 
0.967386 0.0178619 0.252677 -139.687 -0.0159497 0.999827 -0.00961406 -13.052 -0.252805 0.00527043 0.967503 189.842 
0.962745 0.0199392 0.269677 -139.258 -0.0179326 0.99979 -0.00990253 -13.0907 -0.269817 0.00469764 0.9629 191.35 
0.957647 0.0235168 0.286985 -138.808 -0.0207444 0.999704 -0.0126973 -13.1304 -0.287198 0.00620628 0.957851 192.868 
0.952251 0.0241859 0.304356 -138.309 -0.0201046 0.999661 -0.0165366 -13.1713 -0.304653 0.00962803 0.952415 194.457 
0.946578 0.0251532 0.321492 -137.819 -0.0202058 0.999621 -0.0187166 -13.2159 -0.321841 0.0112208 0.946727 195.928 
0.940383 0.0252926 0.339174 -137.304 -0.0184849 0.999558 -0.0232873 -13.3077 -0.339614 0.0156295 0.940435 197.473 
0.933013 0.0286797 0.358697 -136.808 -0.0195192 0.999385 -0.0291341 -13.3506 -0.359312 0.0201811 0.932999 199.001 
0.924687 0.0317576 0.379402 -136.111 -0.0212117 0.999265 -0.031945 -13.47 -0.380137 0.0214914 0.92468 200.561 
0.914288 0.0350611 0.403544 -135.472 -0.0237798 0.999175 -0.0329344 -13.5492 -0.404366 0.0205153 0.914367 202.124 
0.902533 0.0398188 0.428776 -134.762 -0.02743 0.99901 -0.0350363 -13.6615 -0.429747 0.0198601 0.902731 203.689 
0.889884 0.0436337 0.454096 -134.047 -0.0296074 0.998841 -0.0379564 -13.7667 -0.455225 0.0203322 0.890144 205.21 
0.876345 0.0476527 0.479321 -133.266 -0.0320749 0.998659 -0.040641 -13.8895 -0.480615 0.0202414 0.876698 206.79 
0.862866 0.0488968 0.503061 -132.405 -0.0319116 0.998594 -0.042326 -14.0139 -0.504424 0.0204682 0.863214 208.266 
0.848234 0.0507475 0.527184 -131.624 -0.0320081 0.998491 -0.0446154 -14.0983 -0.528653 0.0209702 0.848579 209.677 
0.832746 0.0527427 0.551137 -130.789 -0.0304533 0.998309 -0.0495223 -14.1838 -0.552817 0.0244556 0.832944 211.16 
0.817525 0.0549216 0.573268 -129.91 -0.0287718 0.998094 -0.0545909 -14.2859 -0.575173 0.0281356 0.817548 212.516 
0.802217 0.0570567 0.5943 -128.991 -0.0281933 0.997933 -0.0577512 -14.3964 -0.596367 0.0295736 0.802167 213.868 
0.787351 0.058407 0.613732 -128.005 -0.0267574 0.997802 -0.0606308 -14.528 -0.615924 0.0313158 0.787183 215.16 
0.772475 0.0586852 0.632328 -127.045 -0.0250456 0.997762 -0.0620037 -14.6473 -0.634551 0.0320593 0.772216 216.419 
0.758175 0.0594772 0.649333 -126.015 -0.0238043 0.997692 -0.0635915 -14.7687 -0.651617 0.0327566 0.757841 217.678 
0.74416 0.0596136 0.665336 -124.959 -0.0210994 0.997611 -0.065786 -14.9045 -0.667668 0.0349171 0.743639 218.901 
0.730276 0.0609766 0.680426 -123.911 -0.0188507 0.997428 -0.0691531 -15.0236 -0.682892 0.0376743 0.729547 220.08 
0.716433 0.0625932 0.694843 -122.832 -0.0160381 0.997182 -0.0732921 -15.1511 -0.697472 0.0413649 0.715417 221.225 
0.702434 0.0640093 0.708865 -121.697 -0.0147782 0.997045 -0.0753872 -15.3108 -0.711595 0.0424788 0.701304 222.377 
0.688017 0.0649661 0.722781 -120.538 -0.0143855 0.99701 -0.0759212 -15.4625 -0.725552 0.0418375 0.686894 223.507 
0.672674 0.0662261 0.736969 -119.394 -0.0151374 0.99701 -0.0757772 -15.5994 -0.739784 0.0398176 0.671665 224.585 
0.656552 0.0674631 0.751257 -118.21 -0.0176727 0.997095 -0.0740944 -15.7469 -0.754073 0.0353701 0.655837 225.654 
0.639787 0.068201 0.76552 -117.016 -0.0198642 0.99719 -0.0722391 -15.8921 -0.768295 0.0310113 0.639344 226.708 
0.622798 0.0703702 0.779212 -115.811 -0.0231784 0.997169 -0.071528 -16.0332 -0.78204 0.0264866 0.622666 227.729 
0.605825 0.0735577 0.79219 -114.625 -0.0243722 0.996965 -0.0739331 -16.1722 -0.795224 0.0254831 0.60578 228.686 
0.588783 0.0771724 0.804598 -113.41 -0.0268634 0.99675 -0.0759445 -16.3169 -0.807844 0.0231006 0.588943 229.624 
0.57032 0.0773293 0.817775 -112.185 -0.0271708 0.99679 -0.0753081 -16.4594 -0.820973 0.0207301 0.570591 230.53 
0.550693 0.0764142 0.831203 -110.936 -0.0280618 0.996933 -0.0730584 -16.5971 -0.834236 0.0169077 0.551148 231.403 
0.530495 0.0746834 0.844392 -109.661 -0.0283999 0.997118 -0.070349 -16.7343 -0.847212 0.0133392 0.531087 232.247 
0.509917 0.0733836 0.857088 -108.414 -0.0292147 0.997257 -0.0680038 -16.8698 -0.859727 0.00963679 0.510663 233.035 
0.489609 0.0723443 0.868936 -107.152 -0.0287147 0.997349 -0.066856 -17.0024 -0.871469 0.00778208 0.490388 233.784 
0.469043 0.0721194 0.880226 -105.865 -0.0284955 0.997377 -0.0665336 -17.1287 -0.882716 0.00612459 0.469868 234.519 
0.449218 0.0711405 0.890585 -104.62 -0.0260803 0.997444 -0.0665213 -17.2501 -0.893041 0.00665589 0.449926 235.175 
0.429055 0.0714147 0.900451 -103.338 -0.0240444 0.997419 -0.0676483 -17.3769 -0.902958 0.00737412 0.429665 235.82 
0.409552 0.070513 0.909558 -102.054 -0.0201686 0.997465 -0.0682465 -17.4958 -0.912064 0.00960597 0.409936 236.407 
0.389296 0.0685626 0.918558 -100.764 -0.0185632 0.997607 -0.0665957 -17.6209 -0.920926 0.00887401 0.389637 236.984 
0.36934 0.0683688 0.926776 -99.4493 -0.0180897 0.99763 -0.0663865 -17.7499 -0.929118 0.0077541 0.369702 237.549 
0.349584 0.0731151 0.934048 -98.152 -0.0189735 0.997298 -0.070965 -17.8791 -0.936713 0.00708608 0.350026 238.082 
0.330489 0.0824357 0.940203 -96.8192 -0.020275 0.996569 -0.0802509 -18.0085 -0.943592 0.00745945 0.331026 238.599 
0.311224 0.0903328 0.946033 -95.5314 -0.0229711 0.995896 -0.087537 -18.1453 -0.950059 0.00551227 0.312022 239.069 
0.291878 0.0945947 0.951766 -94.2427 -0.0257111 0.995514 -0.0910578 -18.2847 -0.95611 0.00210678 0.293001 239.508 
0.272526 0.0960134 0.957346 -92.962 -0.0287148 0.995377 -0.0916533 -18.4325 -0.96172 -0.00251205 0.274023 239.914 
0.252763 0.0965014 0.962704 -91.6711 -0.0326027 0.995298 -0.0912086 -18.5742 -0.966979 -0.00833254 0.254721 240.301 
0.233688 0.0968413 0.967477 -90.4185 -0.0343747 0.995229 -0.0913161 -18.7163 -0.971704 -0.0119172 0.235902 240.646 
0.214655 0.095365 0.972023 -89.16 -0.0346339 0.995339 -0.0900042 -18.8549 -0.976076 -0.0143451 0.216957 240.968 
0.196154 0.0955258 0.975909 -87.9213 -0.0347512 0.995296 -0.0904385 -18.9875 -0.979957 -0.0161741 0.198551 241.255 
0.177974 0.0962487 0.979317 -86.6859 -0.034047 0.995212 -0.0916234 -19.1218 -0.983446 -0.0170363 0.180398 241.51 
0.159025 0.100005 0.982196 -85.4455 -0.0379717 0.99474 -0.0951346 -19.2547 -0.986544 -0.0221669 0.161986 241.758 
0.140424 0.101833 0.984841 -84.1911 -0.0383043 0.994511 -0.0973714 -19.3961 -0.98935 -0.0240504 0.143554 241.986 
0.123555 0.0988925 0.987398 -82.9399 -0.0386723 0.994746 -0.0947893 -19.5422 -0.991584 -0.0264732 0.126731 242.174 
0.10801 0.0944734 0.989651 -81.7049 -0.0363089 0.995185 -0.091039 -19.6777 -0.993487 -0.0261 0.11092 242.34 
0.0938585 0.0904242 0.991471 -80.5059 -0.0363288 0.995515 -0.0873539 -19.8062 -0.994923 -0.0278201 0.0967226 242.48 
0.0810767 0.0869781 0.992906 -79.3051 -0.0344897 0.995833 -0.0844183 -19.9353 -0.996111 -0.0274006 0.0837387 242.603 
0.0704215 0.087169 0.993701 -78.1386 -0.0342675 0.995798 -0.0849244 -20.058 -0.996929 -0.0280711 0.0731127 242.717 
0.0616325 0.0895455 0.994074 -76.9725 -0.0345112 0.995563 -0.0875399 -20.182 -0.997502 -0.0289114 0.0644493 242.823 
0.0545852 0.0912948 0.994327 -75.8295 -0.0357868 0.995351 -0.0894242 -20.3029 -0.997868 -0.0307026 0.0575985 242.92 
0.0486111 0.0953801 0.994253 -74.7057 -0.0365188 0.994934 -0.0936599 -20.4308 -0.99815 -0.031756 0.051848 243.001 
0.0430312 0.104008 0.993645 -73.5937 -0.0360191 0.994081 -0.102494 -20.5606 -0.998424 -0.0313798 0.0465228 243.078 
0.0379111 0.106728 0.993565 -72.4937 -0.0381608 0.993709 -0.105287 -20.6856 -0.998552 -0.0339237 0.0417454 243.153 
0.0341683 0.0983032 0.99457 -71.3884 -0.037024 0.994592 -0.0970335 -20.8131 -0.99873 -0.0335075 0.0376231 243.216 
0.0315984 0.0886321 0.995563 -70.2858 -0.0359688 0.995516 -0.0874862 -20.9319 -0.998853 -0.0330448 0.0346448 243.277 
0.0302654 0.0850678 0.995915 -69.1986 -0.0353262 0.99584 -0.0839878 -21.0418 -0.998917 -0.03264 0.0331447 243.332 
0.0299661 0.0871117 0.995748 -68.1243 -0.0363724 0.99563 -0.0860068 -21.1513 -0.998889 -0.0336405 0.0330036 243.393 
0.0302578 0.0901524 0.995468 -67.0671 -0.0359943 0.995377 -0.08905 -21.2613 -0.998894 -0.0331368 0.0333629 243.45 
0.0317389 0.0927101 0.995187 -66.0129 -0.0383602 0.995068 -0.0914756 -21.3716 -0.99876 -0.0352722 0.0351388 243.514 
0.0335059 0.0936597 0.99504 -64.9674 -0.0406269 0.994904 -0.0922788 -21.4809 -0.998612 -0.0373336 0.0371403 243.578 
0.0364218 0.0952882 0.994783 -63.938 -0.041591 0.994726 -0.0937599 -21.5896 -0.998471 -0.0379591 0.0401928 243.643 
0.0400229 0.0962908 0.994548 -62.9218 -0.0438302 0.994557 -0.0945278 -21.7012 -0.998237 -0.039808 0.0440255 243.712 
0.044329 0.097435 0.994254 -61.9034 -0.0450673 0.994414 -0.0954413 -21.8109 -0.998 -0.0405775 0.0484726 243.791 
0.0505437 0.0964958 0.994049 -60.8944 -0.0457999 0.994498 -0.0942106 -21.9201 -0.997671 -0.0407656 0.0546851 243.868 
0.0571705 0.0949643 0.993838 -59.8862 -0.0445802 0.994716 -0.0924837 -22.0317 -0.997369 -0.0390181 0.0611019 243.946 
0.06446 0.0942066 0.993464 -58.8896 -0.04265 0.994885 -0.091574 -22.1382 -0.997009 -0.0364684 0.0681481 244.029 
0.0716003 0.0950815 0.992891 -57.9014 -0.0414332 0.99487 -0.0922831 -22.2437 -0.996573 -0.0345312 0.0751725 244.124 
0.0783717 0.0948932 0.992398 -56.9105 -0.0420873 0.994887 -0.0918075 -22.3495 -0.996035 -0.0345722 0.0819648 244.228 
0.0847003 0.0938974 0.991972 -55.9239 -0.0432068 0.99496 -0.0904908 -22.4517 -0.995469 -0.0351953 0.0883304 244.344 
0.0912341 0.0917375 0.991595 -54.9308 -0.0438597 0.995152 -0.0880311 -22.5566 -0.994863 -0.0354596 0.0948154 244.462 
0.0976633 0.090146 0.991128 -53.9505 -0.0438339 0.995313 -0.0862072 -22.6574 -0.994254 -0.0350257 0.101157 244.585 
0.104222 0.0906591 0.990413 -52.9771 -0.0440232 0.995281 -0.0864721 -22.7575 -0.993579 -0.0345889 0.107721 244.715 
0.110771 0.0928672 0.989498 -52.0088 -0.043613 0.99512 -0.0885125 -22.8558 -0.992889 -0.0333503 0.114281 244.849 
0.117167 0.0942277 0.988632 -51.0431 -0.0435725 0.995018 -0.0896724 -22.9542 -0.992156 -0.0325705 0.120689 244.987 
0.123055 0.096082 0.987738 -50.0846 -0.0454068 0.994805 -0.0911125 -23.0553 -0.991361 -0.0336382 0.126778 245.14 
0.129458 0.0967922 0.986849 -49.1284 -0.0474161 0.99469 -0.091341 -23.1537 -0.990451 -0.0349677 0.13336 245.291 
0.135857 0.09652 0.986016 -48.1615 -0.0481953 0.994709 -0.0907303 -23.2551 -0.989555 -0.0351949 0.13979 245.458 
0.141958 0.094277 0.985373 -47.2051 -0.0491359 0.994898 -0.0881095 -23.3555 -0.988652 -0.0359093 0.145866 245.622 
0.148197 0.0926655 0.984607 -46.2514 -0.0491098 0.995062 -0.0862577 -23.4538 -0.987738 -0.0355707 0.152016 245.79 
0.154516 0.0919206 0.983705 -45.3047 -0.049037 0.995149 -0.0852874 -23.5507 -0.986773 -0.0350597 0.158274 245.963 
0.16154 0.0931147 0.982463 -44.3604 -0.0489545 0.995069 -0.0862601 -23.6451 -0.985651 -0.0341615 0.165302 246.137 
0.168681 0.0931705 0.981257 -43.4225 -0.0464735 0.995167 -0.0865023 -23.7415 -0.984575 -0.0310112 0.172195 246.318 
