1 -4.23778e-08 4.22719e-08 0 -4.23778e-08 1 -4.19404e-08 0 4.22719e-08 -4.19404e-08 1 0 
0.999991 -0.00264822 -0.00340634 -0.00700662 0.0026409 0.999994 -0.00212674 -0.00457609 0.00341204 0.00211764 0.999992 0.679619 
0.99997 -0.00129221 -0.00758943 -0.0229121 0.00126379 0.999992 -0.00373786 -0.00761404 0.00759428 0.00372808 0.999964 1.37874 
0.999931 -0.00145991 -0.0116844 -0.0407499 0.00139916 0.999985 -0.00519865 -0.0127279 0.0116919 0.00518186 0.999918 2.09747 
0.999861 7.62015e-05 -0.0166819 -0.0630913 -0.000173564 0.999983 -0.00583 -0.0177636 0.0166812 0.005832 0.999844 2.82878 
0.999774 -0.00116141 -0.0212377 -0.0873786 0.00103495 0.999982 -0.00596078 -0.0277602 0.0212443 0.00593737 0.999757 3.5777 
0.999661 0.000529042 -0.0260354 -0.117378 -0.000720419 0.999973 -0.0073386 -0.0335961 0.0260308 0.00735479 0.999634 4.34459 
0.999512 0.00325618 -0.031058 -0.155019 -0.00350696 0.999962 -0.00802083 -0.0418175 0.0310308 0.00812575 0.999485 5.12228 
0.999363 0.00364075 -0.0355081 -0.197356 -0.00387303 0.999971 -0.00647257 -0.0495228 0.0354836 0.00660589 0.999348 5.91664 
0.999189 0.00259349 -0.0401922 -0.238858 -0.00274486 0.999989 -0.00370934 -0.0592369 0.0401822 0.00381657 0.999185 6.72429 
0.999047 0.00227736 -0.0435824 -0.285431 -0.00232487 0.999997 -0.00103762 -0.0694513 0.0435799 0.00113787 0.999049 7.54132 
0.998917 0.00371924 -0.0463708 -0.337384 -0.00379638 0.999991 -0.00157387 -0.0786086 0.0463646 0.00174812 0.998923 8.36144 
0.998802 0.00307761 -0.0488288 -0.387666 -0.00317209 0.999993 -0.00185589 -0.0854902 0.0488228 0.00200847 0.998805 9.19056 
0.998714 0.000132728 -0.0506995 -0.433911 -0.00025849 0.999997 -0.00247235 -0.0909323 0.0506991 0.00248219 0.998711 10.0259 
0.998612 6.91438e-05 -0.0526592 -0.4927 -0.000153399 0.999999 -0.00159441 -0.101203 0.0526591 0.00160019 0.998611 10.8682 
0.99853 -0.00143543 -0.0541839 -0.547668 0.00133582 0.999997 -0.00187288 -0.110887 0.0541866 0.00179766 0.998529 11.7229 
0.998433 0.000729582 -0.05596 -0.610546 -0.000966457 0.999991 -0.00420452 -0.121707 0.0559565 0.00425193 0.998424 12.5843 
0.998346 0.00104969 -0.057479 -0.671765 -0.0014506 0.999975 -0.00693222 -0.129549 0.0574704 0.00700405 0.998323 13.455 
0.998232 0.00513277 -0.0592144 -0.740868 -0.00564753 0.999948 -0.00852766 -0.142348 0.0591676 0.00884692 0.998209 14.3321 
0.99817 0.00622433 -0.0601473 -0.80687 -0.0067262 0.999944 -0.00814387 -0.158446 0.0600933 0.00853345 0.998156 15.2166 
0.998086 0.00531809 -0.0616056 -0.872835 -0.00573874 0.999961 -0.00665187 -0.172523 0.0615679 0.00699259 0.998078 16.1124 
0.997986 0.00605068 -0.0631416 -0.940897 -0.00638828 0.999966 -0.0051449 -0.187738 0.0631084 0.00553781 0.997991 17.0134 
0.997926 0.00549 -0.0641287 -1.00984 -0.00582288 0.99997 -0.00500375 -0.2019 0.0640994 0.0053667 0.997929 17.919 
0.997818 0.00526451 -0.0658143 -1.082 -0.00565911 0.999967 -0.0058095 -0.216302 0.0657816 0.00616919 0.997815 18.8267 
0.99774 0.00384657 -0.067076 -1.15224 -0.00429102 0.99997 -0.00648213 -0.229184 0.0670491 0.00675522 0.997727 19.7456 
0.997703 0.00384749 -0.0676337 -1.22583 -0.004194 0.999979 -0.00498084 -0.239544 0.0676132 0.00525297 0.997698 20.6697 
0.997695 0.0051017 -0.0676675 -1.30372 -0.00521426 0.999985 -0.00148567 -0.254783 0.0676591 0.00183499 0.997707 21.6033 
0.997741 0.00603838 -0.0669032 -1.37858 -0.00590507 0.99998 0.00219132 -0.265115 0.0669152 -0.00179138 0.997757 22.5401 
0.997849 0.00495493 -0.0653659 -1.45084 -0.00463211 0.999976 0.00509054 -0.270818 0.0653896 -0.0047769 0.997848 23.4805 
0.997934 0.00519947 -0.0640425 -1.52167 -0.00484094 0.999972 0.00575363 -0.276402 0.0640707 -0.0054318 0.99793 24.4279 
0.998027 0.0052949 -0.0625642 -1.59509 -0.00512717 0.999983 0.00284251 -0.281513 0.0625782 -0.00251621 0.998037 25.3771 
0.998071 0.0060632 -0.0617877 -1.6668 -0.00619586 0.999979 -0.0019543 -0.289707 0.0617746 0.00233327 0.998087 26.3276 
0.998148 0.00522519 -0.0606107 -1.73601 -0.00553288 0.999973 -0.00490845 -0.300474 0.0605835 0.00523462 0.998149 27.2859 
0.998199 0.0027217 -0.0599193 -1.80405 -0.00295689 0.999988 -0.00383533 -0.312579 0.0599082 0.00400551 0.998196 28.2567 
0.998181 0.000724523 -0.0602842 -1.87099 -0.000657871 0.999999 0.00112683 -0.322716 0.0602851 -0.00108521 0.998181 29.2345 
0.998118 -0.00338422 -0.0612328 -1.93637 0.00367655 0.999982 0.00466345 -0.33424 0.061216 -0.00487989 0.998113 30.2172 
0.997998 -0.0105042 -0.0623673 -1.99805 0.010773 0.999934 0.0039775 -0.341318 0.0623215 -0.00464151 0.998045 31.1978 
0.997878 -0.0126301 -0.0638785 -2.06576 0.0126609 0.99992 7.79516e-05 -0.347467 0.0638724 -0.00088663 0.997958 32.1773 
0.997792 -0.0124261 -0.0652364 -2.14292 0.0121888 0.999917 -0.0040325 -0.356895 0.0652812 0.00322835 0.997862 33.1576 
0.997665 -0.0109035 -0.0674185 -2.22468 0.0106012 0.999932 -0.00483807 -0.368876 0.0674668 0.00411197 0.997713 34.146 
0.997616 -0.0107502 -0.0681703 -2.30255 0.0105331 0.999938 -0.00354196 -0.381363 0.0682042 0.00281538 0.997667 35.1442 
0.997546 -0.0076477 -0.0695958 -2.38795 0.00760452 0.999971 -0.000884229 -0.394784 0.0696006 0.000352729 0.997575 36.1442 
0.997476 -0.00745001 -0.070615 -2.47509 0.00749188 0.999972 0.000329242 -0.40782 0.0706107 -0.000857538 0.997504 37.1455 
0.997389 -0.00600792 -0.0719692 -2.55284 0.00622988 0.999976 0.00286114 -0.418513 0.0719504 -0.00330211 0.997403 38.143 
0.997389 -0.00620774 -0.0719523 -2.63275 0.00664374 0.999961 0.005823 -0.429547 0.0719135 -0.00628591 0.997391 39.1428 
0.997351 -0.000506869 -0.0727295 -2.72612 0.00110125 0.999966 0.00813378 -0.435609 0.072723 -0.00819242 0.997318 40.1418 
0.997335 -0.000645236 -0.0729577 -2.81182 0.00118659 0.999972 0.00737808 -0.439799 0.0729509 -0.00744508 0.997308 41.1475 
0.997341 -0.000645971 -0.0728683 -2.89487 0.00106273 0.999983 0.00568187 -0.445637 0.0728635 -0.00574429 0.997325 42.1428 
0.997331 0.00151886 -0.0729912 -2.98525 -0.00127848 0.999994 0.00334108 -0.452175 0.0729959 -0.00323893 0.997327 43.1397 
0.997267 0.000982317 -0.0738779 -3.07157 -0.000738492 0.999994 0.00332872 -0.461338 0.0738808 -0.00326515 0.997262 44.1374 
0.997157 -0.000973132 -0.0753443 -3.15323 0.00132458 0.999988 0.00461582 -0.470056 0.075339 -0.00470259 0.997147 45.1326 
0.997102 -0.000410253 -0.0760798 -3.24213 0.000848763 0.999983 0.00573263 -0.482929 0.0760763 -0.00578068 0.997085 46.1172 
0.997091 0.00191122 -0.0761985 -3.33523 -0.00175639 0.999996 0.0021 -0.495143 0.0762023 -0.00196015 0.99709 47.0915 
0.99701 0.00215681 -0.0772395 -3.42343 -0.00232184 0.999995 -0.00204575 -0.506193 0.0772348 0.00221889 0.99701 48.0569 
0.996937 0.00314606 -0.0781475 -3.5102 -0.00342061 0.999988 -0.00337854 -0.517257 0.0781361 0.00363541 0.996936 49.0278 
0.996928 0.00196133 -0.0783031 -3.59755 -0.00196903 0.999998 -2.01022e-05 -0.530281 0.078303 0.000174135 0.99693 50.0082 
0.996918 8.86619e-05 -0.0784518 -3.68207 0.000155739 0.999995 0.0031102 -0.543122 0.0784518 -0.00311292 0.996913 50.9804 
0.996887 -0.00178003 -0.0788258 -3.76633 0.00208445 0.999991 0.00378077 -0.554454 0.0788184 -0.0039334 0.996881 51.9431 
0.996854 -0.00491704 -0.0791099 -3.85188 0.00513719 0.999983 0.00258047 -0.566915 0.079096 -0.00297884 0.996862 52.9004 
0.996799 -0.00772463 -0.0795771 -3.93349 0.00784603 0.999968 0.00121402 -0.578198 0.0795653 -0.00183459 0.996828 53.8546 
0.996701 -0.0092438 -0.0806297 -4.02139 0.00946683 0.999952 0.00238535 -0.588206 0.0806039 -0.00314087 0.996741 54.8052 
0.996567 -0.0123809 -0.0818598 -4.10467 0.0129513 0.999895 0.00644264 -0.597356 0.0817715 -0.0074808 0.996623 55.7603 
0.996495 -0.0132747 -0.0825967 -4.19233 0.0142574 0.999834 0.0113198 -0.60186 0.0824328 -0.0124579 0.996519 56.7151 
0.996475 -0.0114382 -0.083102 -4.28674 0.0125964 0.99983 0.0134268 -0.607253 0.0829344 -0.0144264 0.99645 57.6633 
0.99638 -0.0103105 -0.0843809 -4.38284 0.0111513 0.999893 0.00950049 -0.613651 0.084274 -0.0104071 0.996388 58.5858 
0.996275 -0.00883316 -0.085778 -4.47451 0.00900521 0.999958 0.00162004 -0.618611 0.0857602 -0.00238654 0.996313 59.5069 
0.996219 -0.00714435 -0.0865766 -4.56928 0.00688874 0.999971 -0.00324993 -0.629041 0.0865973 0.00264115 0.99624 60.4195 
0.996157 -0.00215639 -0.0875632 -4.66753 0.00193824 0.999995 -0.00257542 -0.642175 0.0875684 0.00239571 0.996156 61.326 
0.996041 0.000453205 -0.088895 -4.76531 -0.0004652 1 -0.000113312 -0.659437 0.088895 0.00015413 0.996041 62.2287 
0.995948 0.002875 -0.0898856 -4.85846 -0.00274543 0.999995 0.001566 -0.676958 0.0898897 -0.00131297 0.995951 63.1165 
0.995831 0.00363205 -0.0911401 -4.94859 -0.00353853 0.999993 0.00118858 -0.687355 0.0911439 -0.00086121 0.995837 63.9857 
0.995684 0.00532727 -0.0926564 -5.04644 -0.00517315 0.999985 0.00190428 -0.698356 0.0926652 -0.00141682 0.995696 64.8369 
0.995544 0.00601409 -0.0941009 -5.13832 -0.00579686 0.99998 0.00258242 -0.713247 0.0941146 -0.00202551 0.995559 65.6768 
0.995406 0.00590469 -0.0955599 -5.22733 -0.00564295 0.999979 0.00300989 -0.726034 0.0955758 -0.00245691 0.995419 66.5025 
0.995283 0.00578917 -0.096841 -5.318 -0.0054233 0.999977 0.00404163 -0.735638 0.0968622 -0.00349746 0.995292 67.3124 
0.995123 0.00867073 -0.0982626 -5.41148 -0.00804654 0.999945 0.00674766 -0.74543 0.0983157 -0.00592417 0.995138 68.1091 
0.994973 0.0101666 -0.0996257 -5.50408 -0.0091334 0.9999 0.0108224 -0.753614 0.0997258 -0.00985812 0.994966 68.8976 
0.994756 0.0132527 -0.101414 -5.59626 -0.0120537 0.99985 0.0124277 -0.759544 0.101564 -0.0111402 0.994767 69.6732 
0.994584 0.016128 -0.102676 -5.68942 -0.0153551 0.999847 0.00831375 -0.769008 0.102794 -0.00669222 0.99468 70.4259 
0.99444 0.0162031 -0.104048 -5.77879 -0.0161832 0.999868 0.0010361 -0.779846 0.104051 0.000653398 0.994572 71.1551 
0.994281 0.0152204 -0.105701 -5.86118 -0.0158052 0.999864 -0.00469643 -0.788701 0.105615 0.0063401 0.994387 71.8662 
0.994222 0.0161297 -0.106126 -5.9474 -0.0168621 0.99984 -0.0060073 -0.795507 0.106012 0.007762 0.994334 72.5578 
0.994052 0.0188813 -0.107254 -6.02996 -0.019273 0.999811 -0.00261558 -0.806962 0.107185 0.00466705 0.994228 73.2377 
0.993913 0.0190991 -0.1085 -6.11739 -0.019228 0.999815 -0.000140981 -0.82682 0.108477 0.00222627 0.994096 73.8974 
0.993852 0.0158814 -0.109568 -6.19201 -0.016368 0.99986 -0.00354168 -0.838529 0.109496 0.00531322 0.993973 74.5324 
0.993937 0.00776428 -0.109677 -6.25816 -0.00877028 0.999924 -0.0086923 -0.849947 0.109601 0.00960141 0.993929 75.1496 
0.994076 0.00369148 -0.108625 -6.32731 -0.00518603 0.999896 -0.0134788 -0.86341 0.108564 0.0139622 0.993991 75.742 
0.994383 0.00610526 -0.105666 -6.39688 -0.00759202 0.999878 -0.0136731 -0.878626 0.10557 0.0143984 0.994308 76.3261 
0.994766 0.0110493 -0.101584 -6.46993 -0.0122154 0.999866 -0.0108633 -0.890996 0.10145 0.0120472 0.994768 76.9014 
0.995238 0.00942351 -0.0970121 -6.52629 -0.0102293 0.999917 -0.00781142 -0.903396 0.0969306 0.00876651 0.995252 77.4616 
0.995787 0.00568539 -0.0915197 -6.56922 -0.00604926 0.999975 -0.00369807 -0.914297 0.0914964 0.00423603 0.995796 78.0095 
0.996499 0.00129744 -0.0835953 -6.60662 -0.00131483 0.999999 -0.000151924 -0.930562 0.0835952 0.000261218 0.9965 78.539 
0.997321 0.00505185 -0.07298 -6.64716 -0.00509171 0.999987 -0.000359135 -0.941377 0.0729773 0.000729679 0.997333 79.0542 
0.998272 0.0102911 -0.0578572 -6.68464 -0.0103597 0.999946 -0.000884258 -0.9503 0.057845 0.00148203 0.998324 79.5556 
0.999089 0.0153082 -0.039843 -6.70801 -0.0153448 0.999882 -0.000609691 -0.955873 0.0398291 0.00122043 0.999206 80.0485 
0.999747 0.0137909 -0.0177808 -6.70608 -0.0137935 0.999905 -1.64853e-05 -0.962527 0.017779 0.000261656 0.999842 80.5292 
0.999909 0.0103741 0.00859234 -6.6863 -0.0103826 0.999946 0.000942322 -0.971406 -0.00858201 -0.00103153 0.999963 80.9929 
0.999226 0.00931885 0.0382165 -6.65345 -0.00942383 0.999952 0.0025656 -0.980928 -0.0381907 -0.00292384 0.999266 81.4464 
0.997408 0.00904827 0.0713816 -6.60608 -0.00934729 0.999949 0.0038549 -0.987582 -0.071343 -0.00451221 0.997442 81.8943 
0.994008 0.0089306 0.108943 -6.53748 -0.00946732 0.999945 0.00440954 -0.995195 -0.108897 -0.0054146 0.994038 82.3294 
0.988534 0.00922414 0.150718 -6.45091 -0.010007 0.99994 0.00443591 -1.00087 -0.150668 -0.00589336 0.988567 82.7552 
0.980587 0.00899167 0.19588 -6.34187 -0.0100445 0.99994 0.0043816 -1.00823 -0.195829 -0.00626413 0.980618 83.1675 
0.969455 0.0111407 0.245015 -6.21651 -0.0120824 0.999924 0.00234027 -1.01975 -0.24497 -0.00522922 0.969516 83.5646 
0.954449 0.0120077 0.298131 -6.06483 -0.0124253 0.999923 -0.000494621 -1.03017 -0.298114 -0.00323236 0.954525 83.9436 
0.935192 0.0122171 0.353931 -5.89149 -0.0121095 0.999923 -0.00251884 -1.03972 -0.353935 -0.00193041 0.935268 84.3058 
0.91142 0.0129495 0.411274 -5.70024 -0.0122095 0.999916 -0.00442656 -1.04584 -0.411297 -0.000987049 0.911501 84.6474 
0.882902 0.013233 0.46937 -5.48812 -0.0115232 0.999912 -0.00651521 -1.05072 -0.469415 0.00034358 0.882978 84.9683 
0.849936 0.0115721 0.526759 -5.25724 -0.00845912 0.99993 -0.00831821 -1.06231 -0.526818 0.00261397 0.849974 85.2643 
0.813363 0.0111311 0.58165 -5.01058 -0.00717744 0.999933 -0.00909932 -1.0761 -0.581712 0.00322624 0.813388 85.5454 
0.773566 0.00976701 0.63364 -4.74877 -0.00621859 0.99995 -0.00782168 -1.08869 -0.633685 0.00211018 0.773588 85.8113 
0.730599 0.00940303 0.682742 -4.47325 -0.00775147 0.999955 -0.00547718 -1.09884 -0.682763 -0.00129068 0.730639 86.0654 
0.685 0.0084753 0.728494 -4.18286 -0.00701294 0.999963 -0.00503947 -1.10647 -0.728509 -0.00165689 0.685034 86.2968 
0.638004 0.0071822 0.769999 -3.87748 -0.00387988 0.999974 -0.00611264 -1.1159 -0.770023 0.000912347 0.638015 86.5055 
0.590802 0.00447495 0.806804 -3.55844 0.00186919 0.999974 -0.00691526 -1.12354 -0.806815 0.00559359 0.590778 86.6902 
0.543618 0.0066717 0.839306 -3.23768 -8.28685e-05 0.999969 -0.00789526 -1.13302 -0.839333 0.00422242 0.543602 86.862 
0.495866 0.00966236 0.868345 -2.91122 -0.00387512 0.999953 -0.00891404 -1.14196 -0.86839 0.0010552 0.49588 87.0236 
0.449996 0.0119101 0.892951 -2.57873 -0.00468 0.999929 -0.0109786 -1.15044 -0.893018 0.000761294 0.45002 87.1629 
0.407459 0.00930135 0.913176 -2.23179 0.00257198 0.999932 -0.0113327 -1.15682 -0.91322 0.00696628 0.407408 87.2758 
0.367552 0.00172939 0.930001 -1.87239 0.0177317 0.999803 -0.00886716 -1.15899 -0.929834 0.0197496 0.367449 87.3691 
0.332079 -0.00181 0.94325 -1.51156 0.0218302 0.999745 -0.00576719 -1.16256 -0.942999 0.0225065 0.332033 87.4622 
0.298757 0.00231502 0.954326 -1.15322 0.0190747 0.999783 -0.00839682 -1.17051 -0.954138 0.0207121 0.298648 87.5604 
0.267582 0.0101401 0.963482 -0.792299 0.00842492 0.999882 -0.0128631 -1.1844 -0.963498 0.0115592 0.267465 87.6617 
0.239124 0.0145818 0.970879 -0.415374 0.00372791 0.999866 -0.0159354 -1.20164 -0.970982 0.00742987 0.239038 87.75 
0.21331 0.0162547 0.976849 -0.0255522 0.00515469 0.999829 -0.0177628 -1.21602 -0.976971 0.00882432 0.21319 87.8194 
0.189914 0.0175168 0.981644 0.375499 0.0125129 0.999716 -0.0202602 -1.22711 -0.981721 0.0161309 0.189641 87.8735 
0.169789 0.0238457 0.985192 0.783642 0.0196183 0.999427 -0.0275713 -1.22687 -0.985285 0.0240091 0.169224 87.9206 
0.149996 0.030631 0.988212 1.20331 0.0216296 0.999179 -0.0342541 -1.22793 -0.98845 0.0265126 0.14921 87.9734 
0.132358 0.0314704 0.990702 1.6396 0.0195531 0.999218 -0.0343534 -1.24066 -0.991009 0.0239182 0.13164 88.0306 
0.117007 0.0270703 0.992762 2.09123 0.0173895 0.999419 -0.0293014 -1.26414 -0.992979 0.0206921 0.116468 88.0825 
0.102542 0.0238014 0.994444 2.55572 0.0177038 0.999512 -0.0257483 -1.28513 -0.994571 0.0202457 0.10207 88.1236 
0.0893438 0.0213508 0.995772 3.03055 0.0200212 0.99953 -0.0232279 -1.30227 -0.9958 0.0220118 0.0888743 88.1594 
0.0776859 0.0205332 0.996766 3.52543 0.0237394 0.999466 -0.0224391 -1.31685 -0.996695 0.0254058 0.077157 88.1919 
0.0675698 0.0211216 0.997491 4.03509 0.0270259 0.99937 -0.0229922 -1.33105 -0.997348 0.0285116 0.0669564 88.2198 
0.0596617 0.0216442 0.997984 4.56352 0.0290203 0.999305 -0.0234079 -1.34628 -0.997797 0.0303584 0.0589921 88.2524 
0.054212 0.0219989 0.998287 5.10814 0.0307935 0.999245 -0.0236924 -1.36098 -0.998054 0.0320252 0.0534937 88.2785 
0.0486132 0.0230968 0.998551 5.66939 0.0321074 0.99918 -0.0246745 -1.37796 -0.998301 0.0332603 0.0478318 88.3078 
0.0426174 0.0237501 0.998809 6.25293 0.0325125 0.999155 -0.0251456 -1.39436 -0.998562 0.0335455 0.0418092 88.3364 
0.0383629 0.0237607 0.998981 6.85269 0.0351076 0.999068 -0.0251111 -1.41284 -0.998647 0.0360352 0.037493 88.3588 
0.0353681 0.0236115 0.999095 7.47704 0.0365751 0.99902 -0.0249045 -1.43474 -0.998705 0.0374228 0.0344699 88.3868 
0.0323461 0.0231805 0.999208 8.11759 0.0375561 0.998997 -0.0243914 -1.4533 -0.998771 0.0383153 0.0314431 88.411 
0.0299669 0.0225433 0.999297 8.77482 0.0398167 0.998925 -0.023729 -1.47308 -0.998757 0.0404998 0.0290371 88.4336 
0.0292725 0.0221447 0.999326 9.44751 0.0442905 0.998744 -0.0234293 -1.49317 -0.99859 0.0449465 0.0282549 88.4556 
0.0305908 0.0218297 0.999293 10.1383 0.0481093 0.998571 -0.0232868 -1.51343 -0.998373 0.0487876 0.0294969 88.4755 
0.0329979 0.0218382 0.999217 10.8485 0.0496678 0.99849 -0.0234626 -1.53238 -0.99822 0.0504031 0.0318634 88.5049 
0.0369952 0.0217713 0.999078 11.5725 0.0521743 0.998357 -0.0236876 -1.55335 -0.997952 0.0530025 0.0357986 88.5359 
0.0415704 0.0213125 0.998908 12.313 0.0526373 0.998337 -0.0234909 -1.57486 -0.997748 0.0535564 0.0403795 88.5714 
0.045524 0.0196782 0.998769 13.067 0.0540264 0.998294 -0.0221314 -1.59458 -0.997501 0.0549675 0.0443832 88.6129 
0.0495176 0.0182709 0.998606 13.8377 0.0537608 0.998334 -0.0209318 -1.61596 -0.997325 0.0547223 0.0484529 88.6623 
0.053702 0.0161696 0.998426 14.6238 0.050774 0.998531 -0.0189024 -1.63933 -0.997265 0.0517092 0.0528022 88.7201 
0.0578909 0.0152472 0.998206 15.4238 0.0500723 0.99858 -0.018157 -1.65801 -0.997066 0.0510337 0.0570453 88.7781 
0.0620811 0.0162912 0.997938 16.2262 0.047133 0.998703 -0.0192359 -1.68163 -0.996957 0.04823 0.0612328 88.843 
0.0654588 0.0203997 0.997647 17.0337 0.0452459 0.998702 -0.0233901 -1.70825 -0.996829 0.0466705 0.0644508 88.9025 
0.0668903 0.0260323 0.997421 17.8416 0.0394575 0.998808 -0.0287148 -1.7319 -0.99698 0.0412765 0.0657834 88.9757 
0.0666928 0.0291003 0.997349 18.6545 0.0369437 0.998817 -0.0316136 -1.76221 -0.997089 0.0389541 0.0655389 89.0449 
0.0668827 0.028692 0.997348 19.4726 0.0346869 0.998915 -0.0310633 -1.79489 -0.997158 0.0366725 0.0658149 89.1152 
0.0667547 0.0270454 0.997403 20.2966 0.0318975 0.999064 -0.0292254 -1.83018 -0.997259 0.0337656 0.0658295 89.1909 
0.0666182 0.025694 0.997448 21.1218 0.032903 0.999068 -0.0279333 -1.86632 -0.997236 0.0346799 0.0657107 89.256 
0.0670706 0.0251159 0.997432 21.9442 0.0304119 0.999167 -0.0272047 -1.90086 -0.997285 0.0321585 0.0662509 89.3269 
0.0670714 0.0254303 0.997424 22.7627 0.0288028 0.999209 -0.0274128 -1.93605 -0.997332 0.0305673 0.0662859 89.3982 
0.0671336 0.026239 0.997399 23.5839 0.0260211 0.999268 -0.0280397 -1.9675 -0.997405 0.0278359 0.0664017 89.4701 
0.0660256 0.0276832 0.997434 24.396 0.0232901 0.9993 -0.0292767 -2.00215 -0.997546 0.0251634 0.0653346 89.5379 
0.0633058 0.0272275 0.997623 25.211 0.0203186 0.999385 -0.028565 -2.03619 -0.997787 0.0220786 0.0627136 89.604 
0.0595278 0.0260401 0.997887 26.025 0.0178061 0.999473 -0.0271438 -2.07012 -0.998068 0.0193843 0.0590328 89.6644 
0.054972 0.0236556 0.998208 26.8403 0.0161493 0.999567 -0.0245773 -2.10294 -0.998357 0.0174715 0.0545662 89.7187 
0.0487915 0.0216299 0.998575 27.6548 0.0137603 0.999656 -0.0223258 -2.13582 -0.998714 0.01483 0.0484771 89.769 
0.0414504 0.0217954 0.998903 28.462 0.0132206 0.999662 -0.0223607 -2.16845 -0.999053 0.0141329 0.0411483 89.8109 
0.032797 0.022818 0.999201 29.2646 0.0131027 0.999644 -0.0232583 -2.19746 -0.999376 0.0138551 0.0324864 89.8458 
0.023037 0.0232615 0.999464 30.068 0.0134825 0.999631 -0.0235762 -2.22474 -0.999644 0.0140184 0.0227149 89.8685 
0.0128432 0.0223142 0.999668 30.8694 0.0147406 0.999638 -0.022503 -2.25411 -0.999809 0.0150248 0.0125096 89.8846 
0.00222547 0.0214013 0.999768 31.6653 0.0138866 0.999674 -0.0214302 -2.28348 -0.999901 0.0139311 0.00192755 89.892 
-0.00882854 0.0205597 0.99975 32.453 0.015301 0.999674 -0.0204231 -2.31231 -0.999844 0.0151169 -0.00914024 89.8887 
-0.0196551 0.0209705 0.999587 33.2375 0.01554 0.999666 -0.0206666 -2.34027 -0.999686 0.0151273 -0.0199744 89.8767 
-0.0306278 0.0214417 0.999301 34.0183 0.0160118 0.999652 -0.0209586 -2.36948 -0.999403 0.0153587 -0.0309605 89.8559 
-0.0412303 0.0226172 0.998894 34.7942 0.0155071 0.999638 -0.0219941 -2.39708 -0.999029 0.0145832 -0.0415661 89.8294 
-0.0514697 0.0238679 0.998389 35.5661 0.0167066 0.999595 -0.0230356 -2.42019 -0.998535 0.0154941 -0.0518476 89.7953 
-0.0609017 0.0244265 0.997845 36.3249 0.0173748 0.999575 -0.0234085 -2.45201 -0.997992 0.0159117 -0.0613002 89.7523 
-0.0705658 0.0249393 0.997195 37.0796 0.0181292 0.999554 -0.0237155 -2.47918 -0.997342 0.0164048 -0.0709865 89.7028 
-0.0798144 0.0253658 0.996487 37.8255 0.0188827 0.999535 -0.023931 -2.50831 -0.996631 0.0169064 -0.0802563 89.6474 
-0.0882628 0.0248432 0.995787 38.566 0.0201732 0.999528 -0.0231486 -2.53618 -0.995893 0.018045 -0.0887223 89.584 
-0.095594 0.0237008 0.995138 39.2977 0.0219629 0.999523 -0.0216955 -2.56493 -0.995178 0.0197822 -0.096069 89.5179 
-0.100776 0.022131 0.994663 40.0204 0.024944 0.999494 -0.0197113 -2.59011 -0.994596 0.0228245 -0.101278 89.4467 
-0.104514 0.0205083 0.994312 40.7341 0.0281005 0.999449 -0.0176607 -2.61648 -0.994126 0.0260948 -0.105033 89.3744 
-0.10718 0.0192937 0.994052 41.4376 0.0297792 0.999425 -0.0161873 -2.64142 -0.993793 0.0278672 -0.107693 89.3042 
-0.108993 0.0185433 0.993869 42.1248 0.0300881 0.999429 -0.0153475 -2.66371 -0.993587 0.0282308 -0.109489 89.236 
-0.109914 0.0190596 0.993758 42.8011 0.0308628 0.999399 -0.0157543 -2.68519 -0.993462 0.0289386 -0.110436 89.1717 
-0.108931 0.0201103 0.993846 43.4569 0.0317911 0.999354 -0.0167374 -2.7075 -0.993541 0.0297722 -0.1095 89.1051 
-0.105701 0.0216713 0.994162 44.0989 0.0328179 0.999294 -0.018294 -2.73004 -0.993856 0.0306926 -0.106338 89.0414 
-0.100561 0.0221955 0.994683 44.7276 0.0328898 0.999279 -0.0189731 -2.75269 -0.994387 0.030807 -0.101218 88.9885 
-0.0924857 0.0230869 0.995446 45.3353 0.032332 0.999274 -0.0201718 -2.77273 -0.995189 0.0303192 -0.0931649 88.9429 
-0.08139 0.0230414 0.996416 45.9256 0.0310886 0.999305 -0.0205689 -2.79624 -0.996197 0.029303 -0.0820497 88.9105 
-0.0676643 0.0232997 0.997436 46.4868 0.0303081 0.999314 -0.0212876 -2.82034 -0.997248 0.02879 -0.0683241 88.8892 
-0.0502275 0.0246415 0.998434 47.0414 0.0292409 0.999303 -0.0231921 -2.84349 -0.99831 0.0280303 -0.050913 88.8765 
-0.0288599 0.0271253 0.999215 47.5752 0.0275969 0.999272 -0.0263299 -2.86807 -0.999202 0.0268153 -0.0295875 88.8802 
-0.00394238 0.0301432 0.999538 48.1068 0.0258479 0.999215 -0.0300316 -2.89108 -0.999658 0.0257176 -0.00471842 88.8975 
0.0247264 0.031837 0.999187 48.6359 0.0240115 0.999185 -0.0324312 -2.9151 -0.999406 0.0247939 0.0239418 88.9323 
0.0583934 0.0313128 0.997802 49.1612 0.0218698 0.999228 -0.0326375 -2.93677 -0.998054 0.0237276 0.0576635 88.9838 
0.0970588 0.0290244 0.994855 49.6821 0.0209285 0.999294 -0.0311958 -2.95551 -0.995058 0.0238486 0.0963828 89.0526 
0.139739 0.025147 0.989869 50.1944 0.0186262 0.999434 -0.0280195 -2.98131 -0.990013 0.0223529 0.139192 89.1462 
0.185665 0.0207918 0.982393 50.6965 0.0159811 0.99958 -0.024176 -3.00461 -0.982483 0.0201884 0.185255 89.2645 
0.234878 0.0176847 0.971864 51.1912 0.0114524 0.999715 -0.0209593 -3.02488 -0.971957 0.016053 0.234609 89.4064 
0.287297 0.0159892 0.957708 51.6726 0.00772138 0.999789 -0.0190081 -3.04636 -0.95781 0.0128558 0.287113 89.5757 
0.343211 0.0154711 0.939131 52.1405 0.00686032 0.999796 -0.0189777 -3.06449 -0.939233 0.0129561 0.343035 89.7696 
0.401968 0.0156363 0.91552 52.5929 0.00881247 0.999742 -0.0209441 -3.08326 -0.915611 0.0164868 0.401727 89.9921 
0.462228 0.0187394 0.886563 53.0192 0.00956529 0.999613 -0.0261161 -3.1011 -0.886709 0.0205518 0.46187 90.2465 
0.521581 0.0216461 0.852927 53.4153 0.01068 0.999434 -0.0318954 -3.12082 -0.853135 0.0257453 0.521055 90.5302 
0.579167 0.0256721 0.814805 53.7825 0.00649789 0.999327 -0.0361047 -3.13845 -0.815183 0.0262051 0.57861 90.8466 
0.63438 0.0285243 0.772495 54.1234 0.00236184 0.999243 -0.0388366 -3.15467 -0.773018 0.0264616 0.633832 91.1886 
0.686413 0.0291211 0.726629 54.4299 0.000668775 0.999172 -0.0406758 -3.174 -0.727212 0.0284063 0.685825 91.5412 
0.734656 0.0276003 0.677878 54.7203 -0.000360776 0.999188 -0.0402918 -3.19069 -0.67844 0.029356 0.734069 91.9177 
0.779101 0.0241874 0.626431 54.9818 -0.00276705 0.999378 -0.0351461 -3.21055 -0.626892 0.025649 0.778684 92.3157 
0.819657 0.0193335 0.572529 55.2165 -0.00378315 0.999591 -0.0283389 -3.22769 -0.572843 0.0210621 0.819395 92.7309 
0.855277 0.0169509 0.517893 55.4158 -0.00641242 0.999734 -0.0221322 -3.24392 -0.518131 0.0156081 0.855159 93.1543 
0.885609 0.0135365 0.464235 55.5937 -0.00740231 0.99986 -0.0150337 -3.25821 -0.464373 0.00987752 0.885584 93.5977 
0.910436 0.014089 0.413409 55.742 -0.0110667 0.999892 -0.0097046 -3.2738 -0.413501 0.00426027 0.910494 94.0477 
0.929898 0.0160925 0.367464 55.8736 -0.0148409 0.99987 -0.0062318 -3.28833 -0.367517 0.00034139 0.930017 94.5058 
0.944598 0.0222654 0.327472 55.9831 -0.0222776 0.999745 -0.00371478 -3.29829 -0.327471 -0.00378637 0.944854 94.9705 
0.955983 0.0266542 0.292209 56.0845 -0.0263991 0.99964 -0.00481708 -3.30243 -0.292232 -0.00310908 0.956342 95.4399 
0.964858 0.028658 0.261206 56.1853 -0.0284094 0.999585 -0.00472878 -3.30792 -0.261233 -0.00285816 0.965271 95.9117 
0.970742 0.0229641 0.239023 56.2896 -0.0225375 0.999736 -0.00451838 -3.31506 -0.239064 -0.00100089 0.971003 96.3895 
0.974493 0.0199415 0.223532 56.3858 -0.0195802 0.999801 -0.00383332 -3.32619 -0.223563 -0.000641317 0.974689 96.8757 
0.977252 0.0242121 0.210694 56.4743 -0.023883 0.999706 -0.00410748 -3.33546 -0.210731 -0.00101802 0.977543 97.3673 
0.979157 0.029618 0.200935 56.5564 -0.0294852 0.999558 -0.00365465 -3.33888 -0.200954 -0.00234621 0.979598 97.873 
0.980081 0.0374295 0.19504 56.6335 -0.0371548 0.999297 -0.00506837 -3.34232 -0.195093 -0.00227934 0.980782 98.3921 
0.980455 0.0431133 0.191959 56.7186 -0.042223 0.99907 -0.00872863 -3.35051 -0.192157 0.000452865 0.981364 98.9185 
0.980594 0.0442252 0.190996 56.8138 -0.0428707 0.999018 -0.0112207 -3.36361 -0.191304 0.00281474 0.981527 99.4524 
0.980185 0.0426789 0.193433 56.9186 -0.0405895 0.999067 -0.0147547 -3.37615 -0.193882 0.0066109 0.981003 99.9955 
0.979453 0.0411194 0.197434 57.0257 -0.037656 0.999064 -0.0212666 -3.3858 -0.198124 0.0133949 0.980085 100.549 
0.978633 0.0412791 0.201427 57.1391 -0.0367838 0.998985 -0.0260112 -3.39545 -0.202296 0.0180461 0.979158 101.113 
0.977491 0.046131 0.205873 57.246 -0.0417325 0.998799 -0.0256592 -3.41023 -0.206809 0.01649 0.978242 101.697 
0.976121 0.0492211 0.211575 57.3597 -0.0456296 0.99872 -0.0218271 -3.42479 -0.212379 0.0116517 0.977118 102.296 
0.975259 0.0461988 0.216185 57.4908 -0.0435117 0.998905 -0.0171758 -3.44262 -0.216741 0.00734423 0.976201 102.901 
0.974594 0.0417677 0.220051 57.6288 -0.0401802 0.999124 -0.0116876 -3.45516 -0.220346 0.00254888 0.975418 103.524 
0.973843 0.0392727 0.2238 57.768 -0.0386626 0.999227 -0.00710922 -3.46843 -0.223906 -0.00172949 0.974609 104.156 
0.973365 0.0345313 0.226644 57.9127 -0.0339503 0.999403 -0.00646287 -3.47858 -0.226731 -0.00140396 0.973956 104.794 
0.973415 0.0309609 0.226947 58.0609 -0.0295666 0.999517 -0.00954159 -3.48973 -0.227133 0.00257779 0.97386 105.44 
0.973532 0.0299193 0.226584 58.2064 -0.0268705 0.999502 -0.0165289 -3.50452 -0.226965 0.0100029 0.973851 106.095 
0.973668 0.0319085 0.225725 58.3489 -0.0273543 0.999355 -0.0232762 -3.51841 -0.226322 0.0164886 0.973913 106.76 
0.974216 0.0345381 0.222957 58.491 -0.0292124 0.999205 -0.027142 -3.53068 -0.223717 0.019929 0.97445 107.44 
0.974834 0.0327716 0.22051 58.6396 -0.0283992 0.999333 -0.0229712 -3.54669 -0.221115 0.0161307 0.975114 108.143 
0.975281 0.0285269 0.219117 58.7932 -0.0257768 0.999549 -0.0154007 -3.56717 -0.219457 0.00937186 0.975577 108.858 
0.975857 0.0288241 0.216498 58.9429 -0.0273923 0.999578 -0.00961209 -3.58887 -0.216683 0.00344958 0.976236 109.585 
0.976174 0.0318947 0.214631 59.0885 -0.0303861 0.999485 -0.0103261 -3.60567 -0.21485 0.00355819 0.976641 110.316 
0.976462 0.0374458 0.212414 59.228 -0.0350718 0.999273 -0.0149348 -3.6209 -0.212818 0.00713351 0.977066 111.059 
0.977262 0.0382933 0.208549 59.3733 -0.0348124 0.999187 -0.0203377 -3.63496 -0.209158 0.0126151 0.9778 111.81 
0.978163 0.0367719 0.20456 59.5226 -0.0327253 0.999197 -0.0231313 -3.65341 -0.205247 0.0159318 0.978581 112.569 
0.979081 0.0343767 0.200548 59.6745 -0.0306342 0.999294 -0.0217363 -3.6738 -0.201153 0.0151379 0.979443 113.344 
0.979931 0.0303633 0.19701 59.8249 -0.0270177 0.999442 -0.0196487 -3.69602 -0.197497 0.0139316 0.980204 114.131 
0.980351 0.0293621 0.195064 59.9787 -0.0265693 0.999504 -0.0169195 -3.71852 -0.195464 0.0114042 0.980644 114.934 
0.980704 0.0260443 0.193755 60.1292 -0.0236714 0.999614 -0.0145526 -3.73898 -0.194059 0.00968527 0.980942 115.74 
0.980901 0.0210252 0.193368 60.2856 -0.0188048 0.999734 -0.0133121 -3.75686 -0.193597 0.00942153 0.981036 116.551 
0.980993 0.0219149 0.192801 60.43 -0.0200109 0.99973 -0.0118179 -3.77612 -0.193008 0.00773509 0.981167 117.37 
0.980815 0.0271637 0.193037 60.5746 -0.0249574 0.999592 -0.0138528 -3.79471 -0.193334 0.00876931 0.981094 118.191 
0.98055 0.0327892 0.193508 60.7179 -0.0300035 0.9994 -0.0173106 -3.81296 -0.19396 0.0111679 0.980946 119.02 
0.980049 0.0416301 0.194346 60.8627 -0.0386531 0.99907 -0.0190877 -3.83081 -0.19496 0.0111948 0.980747 119.859 
0.979207 0.0473518 0.197259 61.009 -0.0445872 0.998835 -0.0184358 -3.85537 -0.197902 0.00925719 0.980178 120.699 
0.978483 0.0499947 0.200181 61.1602 -0.047654 0.998728 -0.0164976 -3.88202 -0.200751 0.00660311 0.97962 121.546 
0.977935 0.0504797 0.202721 61.3211 -0.0479743 0.998699 -0.0172574 -3.90555 -0.203328 0.00715114 0.979084 122.394 
0.977634 0.0488776 0.204555 61.4855 -0.0457659 0.998754 -0.0199185 -3.92899 -0.205273 0.0101113 0.978652 123.239 
0.977628 0.0426428 0.205974 61.6588 -0.039672 0.999041 -0.0185342 -3.9549 -0.206567 0.00994803 0.978382 124.083 
0.977907 0.0356562 0.205978 61.8376 -0.0322539 0.999282 -0.0198537 -3.9842 -0.206538 0.0127714 0.978355 124.922 
0.977643 0.0351436 0.207315 62.0035 -0.0316977 0.999299 -0.0199213 -4.0137 -0.207869 0.0129044 0.978071 125.772 
0.97715 0.0378276 0.209157 62.17 -0.0350516 0.999241 -0.016965 -4.03863 -0.20964 0.00924602 0.977735 126.62 
0.976703 0.0401043 0.210814 62.3255 -0.0385456 0.999191 -0.0115 -4.05835 -0.211104 0.00310606 0.977459 127.469 
0.976404 0.0435662 0.211511 62.4909 -0.0430241 0.999048 -0.00716676 -4.08461 -0.211622 -0.00210249 0.977349 128.309 
0.976184 0.0428413 0.212672 62.6555 -0.0408656 0.999071 -0.0136796 -4.10877 -0.213061 0.00466278 0.977028 129.143 
0.976464 0.038248 0.212262 62.8328 -0.0330731 0.999064 -0.0278792 -4.13626 -0.213129 0.0202028 0.976815 129.958 
0.976672 0.0359894 0.211698 63.0056 -0.0287982 0.998902 -0.036956 -4.16539 -0.212796 0.0299973 0.976636 130.771 
0.976948 0.0331631 0.210886 63.174 -0.0279016 0.999222 -0.0278774 -4.19164 -0.211646 0.0213506 0.977113 131.598 
0.97736 0.0268872 0.209866 63.3463 -0.0259951 0.999637 -0.00700902 -4.22253 -0.209978 0.00139478 0.977705 132.444 
0.977644 0.0235922 0.208938 63.5143 -0.0258903 0.99963 0.00827033 -4.25031 -0.208666 -0.013495 0.977894 133.286 
0.977669 0.0281761 0.208255 63.6726 -0.0293092 0.999568 0.00235574 -4.26455 -0.208098 -0.00840698 0.978072 134.105 
0.977865 0.0359964 0.206116 63.8217 -0.0338953 0.999331 -0.0137172 -4.27504 -0.206472 0.00642714 0.978431 134.911 
0.978136 0.0359222 0.20484 63.9811 -0.0321569 0.999248 -0.0216828 -4.28868 -0.205465 0.0146216 0.978555 135.726 
0.978701 0.0317708 0.202817 64.141 -0.0278037 0.999363 -0.0223805 -4.31648 -0.203399 0.0162647 0.978961 136.549 
0.979282 0.0313892 0.200052 64.2946 -0.0278304 0.999401 -0.0205776 -4.35099 -0.200578 0.0145837 0.979569 137.371 
0.980026 0.0309355 0.19645 64.4424 -0.027139 0.99939 -0.021989 -4.37471 -0.19701 0.0162183 0.980267 138.181 
0.980971 0.0319338 0.191511 64.5866 -0.0279159 0.999331 -0.0236425 -4.40139 -0.192137 0.0178464 0.981206 138.998 
0.981367 0.0368319 0.188577 64.7232 -0.0329522 0.999177 -0.023669 -4.43427 -0.189293 0.0170139 0.981773 139.809 
0.981521 0.0427543 0.186515 64.8516 -0.0389451 0.998952 -0.024042 -4.45994 -0.187347 0.0163338 0.982158 140.621 
0.98182 0.0442382 0.184586 64.9867 -0.0408812 0.998923 -0.0219551 -4.48988 -0.185358 0.0140098 0.982571 141.426 
0.982137 0.0419568 0.183427 65.124 -0.039468 0.999073 -0.0172003 -4.51816 -0.183978 0.00965353 0.982883 142.232 
0.982548 0.0402779 0.181595 65.2623 -0.037783 0.999138 -0.0171792 -4.54456 -0.18213 0.0100181 0.983223 143.033 
0.983106 0.0385213 0.178938 65.3982 -0.0354746 0.999166 -0.0201967 -4.57303 -0.179567 0.0135076 0.983653 143.832 
0.984171 0.0334955 0.174025 65.5351 -0.0297893 0.999271 -0.0238672 -4.59982 -0.174697 0.0183053 0.984452 144.622 
0.985395 0.030619 0.167509 65.6611 -0.0268559 0.999334 -0.0246854 -4.62803 -0.168153 0.0198262 0.985561 145.413 
0.986543 0.0289749 0.160912 65.7834 -0.0261812 0.999468 -0.0194558 -4.65032 -0.16139 0.0149811 0.986777 146.212 
0.987642 0.0262273 0.154519 65.9003 -0.0248369 0.999632 -0.0109223 -4.67508 -0.154749 0.00694942 0.987929 147.023 
0.98826 0.0233454 0.150988 66.014 -0.0233491 0.999726 -0.00174926 -4.6915 -0.150987 -0.00179678 0.988534 147.835 
0.988723 0.029995 0.146718 66.1097 -0.0304343 0.999536 0.000749232 -4.70364 -0.146627 -0.00520612 0.989178 148.64 
0.989307 0.032822 0.142107 66.2012 -0.0325573 0.999461 -0.00418827 -4.71557 -0.142167 -0.0004832 0.989842 149.44 
0.990393 0.033085 0.134263 66.3002 -0.0314367 0.999402 -0.0143795 -4.73124 -0.134658 0.0100205 0.990841 150.232 
0.991364 0.0298162 0.1277 66.3944 -0.0275002 0.999424 -0.0198622 -4.74206 -0.128219 0.0161788 0.991614 151.036 
0.992216 0.0289309 0.121123 66.4755 -0.026843 0.999462 -0.0188355 -4.76214 -0.121603 0.0154375 0.992459 151.851 
0.992887 0.0356769 0.113587 66.5422 -0.0341476 0.999298 -0.0153822 -4.78671 -0.114056 0.011394 0.993409 152.67 
0.993549 0.0411718 0.105667 66.6007 -0.0395771 0.999069 -0.0171462 -4.80792 -0.106274 0.0128536 0.994254 153.485 
0.994496 0.0437453 0.0952082 66.6634 -0.0417338 0.998863 -0.0230198 -4.82928 -0.096107 0.0189196 0.995191 154.296 
0.995354 0.0421459 0.0865729 66.7234 -0.0400979 0.998876 -0.0252622 -4.85308 -0.0875403 0.0216734 0.995925 155.116 
0.996004 0.0425206 0.0785384 66.7738 -0.0408648 0.99891 -0.0225736 -4.87558 -0.0794125 0.0192739 0.996655 155.94 
0.996477 0.0451274 0.0706828 66.8118 -0.0441389 0.998905 -0.015487 -4.90018 -0.0713042 0.0123125 0.997379 156.77 
0.996868 0.0486084 0.0623728 66.843 -0.0480897 0.998795 -0.00979289 -4.92095 -0.0627736 0.00676266 0.998005 157.603 
0.997364 0.0476342 0.0547421 66.8734 -0.0473481 0.998857 -0.0065142 -4.93693 -0.0549898 0.00390502 0.998479 158.431 
0.997662 0.0482797 0.048363 66.9003 -0.0481193 0.998831 -0.00447708 -4.95124 -0.0485225 0.00213934 0.99882 159.26 
0.997904 0.0473449 0.0441187 66.9251 -0.0471193 0.99887 -0.00614241 -4.96952 -0.0443596 0.00405061 0.999007 160.085 
0.997852 0.0520615 0.0397713 66.9307 -0.0516415 0.998599 -0.0115186 -4.98854 -0.0403152 0.00943992 0.999142 160.904 
0.997683 0.057867 0.035775 66.937 -0.0572404 0.998193 -0.0182997 -5.00593 -0.0367692 0.0162095 0.999192 161.719 
0.997726 0.0590054 0.0325707 66.9468 -0.0583542 0.998083 -0.0205968 -5.02574 -0.0337235 0.0186493 0.999257 162.54 
0.997715 0.0607981 0.0294486 66.9564 -0.0603894 0.998068 -0.014577 -5.04526 -0.0302779 0.0127652 0.99946 163.374 
0.997628 0.063047 0.0276159 66.9585 -0.0629566 0.998008 -0.00413491 -5.06391 -0.0278215 0.00238642 0.99961 164.21 
0.997629 0.0642778 0.0245741 66.9614 -0.064376 0.99792 0.00322267 -5.07964 -0.0243158 -0.00479709 0.999693 165.043 
0.997974 0.0606936 0.0191016 66.97 -0.0607061 0.998156 6.92275e-05 -5.09438 -0.019062 -0.00122875 0.999817 165.861 
0.998761 0.0479826 0.0131913 66.9832 -0.0478572 0.998807 -0.0096658 -5.10665 -0.0136392 0.00902244 0.999866 166.676 
0.998944 0.0455871 0.00576519 66.9821 -0.045501 0.998862 -0.0142803 -5.11621 -0.00640954 0.0140028 0.999881 167.499 
0.998781 0.0493566 -0.00100331 66.9609 -0.0493656 0.998697 -0.012905 -5.13211 0.000365145 0.0129387 0.999916 168.331 
0.998838 0.0474519 -0.00844239 66.9384 -0.0475093 0.998848 -0.00672783 -5.15128 0.00811351 0.00712102 0.999942 169.166 
0.998988 0.0420024 -0.0161077 66.9214 -0.0420555 0.999111 -0.00296563 -5.1661 0.0159689 0.00363996 0.999866 170.002 
0.999206 0.0332485 -0.0219619 66.8996 -0.0332326 0.999447 0.00109232 -5.17058 0.0219862 -0.000361688 0.999758 170.846 
0.999182 0.0290353 -0.0281597 66.863 -0.0290163 0.999578 0.00108626 -5.18381 0.0281795 -0.000268364 0.999603 171.688 
0.999081 0.0255263 -0.0344285 66.8188 -0.0257401 0.999652 -0.0057789 -5.19767 0.0342691 0.0066597 0.99939 172.524 
0.998986 0.0162225 -0.0419992 66.7789 -0.0169033 0.999731 -0.0159019 -5.21091 0.04173 0.0165956 0.998991 173.355 
0.99881 0.00597878 -0.0484065 66.7419 -0.00695933 0.999773 -0.0201117 -5.22341 0.0482754 0.0204246 0.998625 174.19 
0.99844 0.00976281 -0.0549727 66.6799 -0.0104809 0.999863 -0.0127884 -5.23902 0.0548404 0.0133445 0.998406 175.033 
0.997981 0.0202431 -0.0601947 66.6016 -0.0202668 0.999795 0.00021962 -5.25407 0.0601869 0.00100069 0.998187 175.881 
0.99757 0.0254667 -0.0648455 66.5248 -0.0249908 0.999654 0.00814193 -5.27104 0.0650305 -0.00650169 0.997862 176.728 
0.997343 0.0248431 -0.0684834 66.4493 -0.0245534 0.999686 0.00507103 -5.27903 0.0685879 -0.00337614 0.997639 177.57 
0.997164 0.0261441 -0.070567 66.3741 -0.0266125 0.999629 -0.00570484 -5.28899 0.0703918 0.00756655 0.997491 178.399 
0.996634 0.0364146 -0.0734498 66.2826 -0.0376148 0.999179 -0.0150223 -5.30134 0.0728426 0.0177344 0.997186 179.231 
0.996513 0.0348273 -0.0758226 66.2052 -0.0363406 0.999165 -0.0186697 -5.31865 0.0751092 0.02136 0.996946 180.072 
0.996482 0.0296464 -0.0783864 66.1417 -0.0308027 0.999433 -0.0135815 -5.34001 0.0779394 0.0159481 0.99683 180.929 
0.996493 0.0299516 -0.0781318 66.0645 -0.0304249 0.999525 -0.00487324 -5.35657 0.0779489 0.00723322 0.996931 181.79 
0.996447 0.0317807 -0.0779963 65.9814 -0.0318312 0.999493 0.000596039 -5.37214 0.0779758 0.00188871 0.996953 182.651 
0.996318 0.0316199 -0.0796898 65.8991 -0.0317391 0.999496 -0.000228907 -5.38578 0.0796425 0.00275726 0.99682 183.503 
0.99623 0.0278115 -0.0821773 65.822 -0.0286856 0.999544 -0.00947411 -5.40201 0.0818764 0.0117956 0.996573 184.352 
0.996265 0.0168339 -0.0846914 65.7539 -0.0186618 0.999609 -0.020837 -5.42042 0.0843076 0.0223395 0.996189 185.199 
0.996205 0.00629802 -0.0868095 65.6853 -0.00847758 0.999657 -0.0247607 -5.44249 0.0866239 0.0254025 0.995917 186.053 
0.996086 0.00876863 -0.0879508 65.5976 -0.0106059 0.999735 -0.020443 -5.46417 0.0877483 0.0212957 0.995915 186.909 
0.9959 0.0146973 -0.0892611 65.5019 -0.0156438 0.999828 -0.00991299 -5.4894 0.0891001 0.0112686 0.995959 187.767 
0.995718 0.0156736 -0.091107 65.4136 -0.0163175 0.999847 -0.00632609 -5.514 0.090994 0.00778555 0.995821 188.616 
0.995654 0.0143631 -0.0920134 65.3269 -0.0153514 0.999832 -0.0100409 -5.5345 0.0918538 0.0114097 0.995707 189.458 
0.995673 0.0144668 -0.0917921 65.2372 -0.0160281 0.999739 -0.0162945 -5.55041 0.0915325 0.0176952 0.995645 190.293 
0.995521 0.0210696 -0.0921587 65.1388 -0.0227054 0.999602 -0.0167369 -5.57115 0.0917695 0.0187544 0.995604 191.126 
0.995418 0.0237811 -0.0926144 65.0448 -0.0251576 0.999589 -0.0137227 -5.59455 0.0922501 0.0159897 0.995607 191.961 
0.995258 0.0274751 -0.0933038 64.9499 -0.0286016 0.999533 -0.0107569 -5.61698 0.0929647 0.0133744 0.995579 192.796 
0.995144 0.0312291 -0.0933387 64.8554 -0.0321084 0.999453 -0.0079325 -5.63579 0.09304 0.0108909 0.995603 193.626 
0.994988 0.0337051 -0.0941412 64.7623 -0.0346294 0.999367 -0.00819983 -5.65679 0.0938053 0.0114187 0.995525 194.448 
