1 -4.23778e-08 4.22719e-08 0 -4.23778e-08 1 -4.19404e-08 0 4.22719e-08 -4.19404e-08 1 0 
0.999036 -0.000317165 0.0438906 0.0305358 0.00042245 0.999997 -0.00239153 -0.0210165 -0.0438897 0.00240768 0.999033 1.01845 
0.996046 -0.00489346 0.0887028 0.13409 0.00555172 0.999959 -0.00717681 -0.0491008 -0.0886639 0.0076408 0.996032 2.09076 
0.990952 -0.00485052 0.13413 0.239216 0.00642956 0.999915 -0.0113424 -0.0639052 -0.134063 0.0121021 0.990899 3.15451 
0.9837 -0.00258082 0.179797 0.41202 0.00510313 0.999895 -0.013568 -0.0930246 -0.179743 0.0142643 0.98361 4.16512 
0.974314 -0.00515929 0.225134 0.707158 0.00841368 0.999873 -0.0134988 -0.128894 -0.225036 0.0150462 0.974234 5.28379 
0.962822 -0.00603177 0.27007 0.9954 0.0103311 0.999841 -0.0145012 -0.16656 -0.26994 0.0167521 0.962731 6.29562 
0.949543 -0.00913396 0.313505 1.33272 0.0152822 0.999736 -0.0171596 -0.194111 -0.313265 0.0210847 0.949432 7.30816 
0.934546 -0.0112111 0.355665 1.71883 0.0191235 0.999641 -0.0187389 -0.225273 -0.355327 0.0243139 0.934426 8.29475 
0.917306 -0.011179 0.398025 2.13092 0.0205205 0.999605 -0.0192177 -0.261452 -0.397653 0.0257961 0.917173 9.24641 
0.897648 -0.0114586 0.440564 2.56696 0.0214286 0.999614 -0.0176619 -0.295377 -0.440192 0.0252948 0.897547 10.1667 
0.875877 -0.0113042 0.482403 3.04032 0.0220998 0.999616 -0.0167016 -0.328428 -0.482029 0.0252895 0.87579 11.0451 
0.851998 -0.0115091 0.523419 3.55893 0.022977 0.999617 -0.0154211 -0.360821 -0.523041 0.0251653 0.851936 11.9057 
0.826289 -0.0114944 0.563129 4.13737 0.024334 0.999587 -0.0153026 -0.393863 -0.56272 0.0263475 0.826227 12.7928 
0.798909 -0.0132921 0.601305 4.73318 0.0276338 0.999511 -0.0146205 -0.427715 -0.600817 0.0282968 0.798885 13.6059 
0.770138 -0.0122256 0.63776 5.37116 0.028324 0.999486 -0.0150436 -0.460426 -0.637248 0.0296495 0.770088 14.399 
0.739416 -0.0154799 0.673071 6.05107 0.0332103 0.999357 -0.0134998 -0.486489 -0.67243 0.0323348 0.739454 15.1606 
0.706938 -0.013948 0.707138 6.75086 0.0326804 0.999382 -0.0129588 -0.510951 -0.70652 0.0322706 0.706957 15.8946 
0.672786 -0.0127423 0.739728 7.49774 0.0339649 0.999329 -0.0136772 -0.539987 -0.739057 0.0343266 0.672767 16.5898 
0.63722 -0.0139709 0.770555 8.26265 0.0383491 0.999172 -0.0135975 -0.568313 -0.769727 0.0382146 0.637228 17.2257 
0.600668 -0.0121416 0.799406 9.11729 0.0386796 0.999155 -0.0138883 -0.583874 -0.798562 0.039263 0.600631 17.8811 
0.562933 -0.0110867 0.826428 9.98358 0.041525 0.999027 -0.0148833 -0.612548 -0.825459 0.0426957 0.562846 18.4856 
0.523713 -0.00958307 0.851841 10.8244 0.046224 0.998783 -0.0171826 -0.640929 -0.85064 0.0483742 0.523519 19.0171 
0.485215 -0.00892117 0.874349 11.6857 0.0481422 0.998704 -0.0165263 -0.667122 -0.873069 0.0501119 0.485015 19.4932 
0.447367 -0.0109209 0.894284 12.5644 0.053707 0.998449 -0.0146742 -0.692964 -0.892736 0.054594 0.44726 19.9242 
0.410369 -0.0116758 0.911845 13.4652 0.0577045 0.998247 -0.0131874 -0.719459 -0.910092 0.0580293 0.410323 20.3249 
0.375333 -0.00937316 0.926843 14.4229 0.0596093 0.998123 -0.0140454 -0.735261 -0.924971 0.0605201 0.375187 20.7189 
0.342349 -0.0101844 0.939517 15.4298 0.0605171 0.998104 -0.0112324 -0.748898 -0.937622 0.0607023 0.342316 21.0746 
0.309494 -0.0117378 0.950829 16.4773 0.0630857 0.997974 -0.0082146 -0.757876 -0.948806 0.062526 0.309608 21.3922 
0.276522 -0.0114843 0.960939 17.5482 0.0638524 0.997938 -0.00644789 -0.761144 -0.958884 0.0631413 0.276685 21.7347 
0.244225 -0.00847488 0.969681 18.5514 0.0613333 0.998095 -0.00672436 -0.772242 -0.967777 0.061116 0.24428 22.005 
0.213185 -0.00703775 0.976987 19.6008 0.0619556 0.998059 -0.00632963 -0.780897 -0.975045 0.0618791 0.213207 22.2565 
0.18304 -0.00705078 0.98308 20.6709 0.0641092 0.997931 -0.00477932 -0.796074 -0.981013 0.0638993 0.183113 22.4489 
0.153163 -0.00721021 0.988175 21.8216 0.0659358 0.997819 -0.00293928 -0.797246 -0.985999 0.0656063 0.153304 22.5942 
0.123037 -0.00788974 0.992371 22.9004 0.0647249 0.997903 -9.1175e-05 -0.808292 -0.990289 0.0642423 0.12329 22.7288 
0.0937028 -0.00809105 0.995567 24.0588 0.065004 0.997883 0.0019916 -0.804503 -0.993476 0.0645293 0.0940304 22.8586 
0.0668285 -0.00790586 0.997733 25.2912 0.0678364 0.997691 0.00336173 -0.815856 -0.995456 0.067458 0.0672105 22.9328 
0.0416935 -0.00747495 0.999102 26.5344 0.0718956 0.997402 0.00446187 -0.818493 -0.99654 0.0716451 0.0421226 22.9915 
0.0191822 -0.00713519 0.99979 27.8221 0.0763832 0.997062 0.00565014 -0.822081 -0.996894 0.0762588 0.0196708 23.0047 
-0.0010803 -0.00712904 0.999974 29.1015 0.0821412 0.996595 0.00719361 -0.808521 -0.99662 0.0821469 -0.000491041 23.0046 
-0.0187424 -0.00798045 0.999792 30.4151 0.0863195 0.996221 0.00957003 -0.810807 -0.996091 0.0864809 -0.0179827 22.9876 
-0.0340807 -0.00781566 0.999388 31.712 0.0894973 0.995928 0.0108405 -0.798467 -0.995404 0.089812 -0.0332424 22.953 
-0.0488344 -0.00847712 0.998771 32.9871 0.0919614 0.995678 0.0129472 -0.790966 -0.994564 0.0924807 -0.0478438 22.9325 
-0.0623057 -0.00958199 0.998011 34.2902 0.0918712 0.995653 0.0152948 -0.786053 -0.99382 0.0926415 -0.0611546 22.8729 
-0.0745713 -0.00955763 0.99717 35.5971 0.0914832 0.995672 0.0163846 -0.781003 -0.99301 0.0924461 -0.0733742 22.7975 
-0.085886 -0.0066808 0.996282 36.8799 0.0917114 0.995679 0.0145828 -0.765969 -0.992075 0.092623 -0.0849022 22.7072 
-0.0965837 -0.00333215 0.995319 38.1673 0.0920068 0.995683 0.0122614 -0.758288 -0.991063 0.0927604 -0.0958601 22.6271 
-0.106019 -0.000994266 0.994364 39.5148 0.0932698 0.995581 0.0109398 -0.752207 -0.98998 0.093904 -0.105457 22.4906 
-0.114165 0.000253434 0.993462 40.862 0.0928163 0.995629 0.010412 -0.731067 -0.989116 0.0933981 -0.11369 22.3827 
-0.120117 0.0009439 0.992759 42.2583 0.0925225 0.995658 0.0102478 -0.72508 -0.988439 0.0930835 -0.119683 22.2271 
-0.125184 0.00225058 0.992131 43.6558 0.0937619 0.995549 0.00957216 -0.72279 -0.987693 0.0942224 -0.124838 22.0502 
-0.130135 0.00398653 0.991488 45.0558 0.0926126 0.995669 0.00815216 -0.71106 -0.987161 0.0928852 -0.12994 21.8832 
-0.134265 0.00475021 0.990934 46.5023 0.093248 0.995612 0.00786173 -0.704881 -0.986548 0.0934582 -0.134118 21.7097 
-0.138256 0.00388939 0.990389 47.9921 0.0933176 0.995595 0.00911705 -0.68392 -0.98599 0.0936812 -0.13801 21.5859 
-0.140684 0.00188492 0.990053 49.4684 0.0941043 0.995496 0.0114766 -0.674371 -0.985572 0.0947828 -0.140228 21.3921 
-0.143248 0.000687689 0.989686 50.935 0.0937943 0.995508 0.0128841 -0.663006 -0.985232 0.0946725 -0.14267 21.2089 
-0.144981 0.00140944 0.989433 52.4433 0.0960726 0.995294 0.0126596 -0.645489 -0.984759 0.0968929 -0.144434 20.9629 
-0.146059 0.00106289 0.989275 53.9433 0.0960594 0.995289 0.013113 -0.636842 -0.984601 0.0969445 -0.145473 20.7498 
-0.146856 0.00232053 0.989155 55.4725 0.0976509 0.995146 0.0121632 -0.623884 -0.984326 0.0983781 -0.14637 20.5347 
-0.146818 0.00255989 0.98916 56.976 0.0981356 0.995101 0.0119906 -0.601468 -0.984283 0.0988322 -0.14635 20.3275 
-0.146277 0.004118 0.989235 58.5283 0.0979088 0.995142 0.010335 -0.589864 -0.984387 0.0983666 -0.145969 20.112 
-0.145361 0.00374047 0.989372 60.1007 0.0985905 0.99507 0.0107231 -0.584885 -0.984454 0.0991014 -0.145013 19.9046 
-0.143962 0.00272852 0.989579 61.6697 0.0979602 0.995124 0.0115072 -0.576163 -0.984723 0.098596 -0.143528 19.6968 
-0.142903 0.00354308 0.98973 63.2569 0.0989859 0.995031 0.01073 -0.561147 -0.984774 0.0995027 -0.142544 19.4757 
-0.141901 0.00422515 0.989872 64.8706 0.0990401 0.995034 0.00995039 -0.548264 -0.984914 0.099449 -0.141614 19.2633 
-0.14094 0.00478274 0.990007 66.492 0.100099 0.994933 0.00944368 -0.536702 -0.984945 0.100429 -0.140704 19.0507 
-0.140102 0.00476317 0.990126 68.1583 0.0997881 0.994965 0.00933341 -0.524663 -0.985096 0.10011 -0.139872 18.8387 
-0.139132 0.00319375 0.990269 69.8141 0.101801 0.994743 0.0110946 -0.511206 -0.985027 0.102354 -0.138725 18.6113 
-0.138579 0.00121942 0.990351 71.5111 0.103506 0.99454 0.0132589 -0.500183 -0.984927 0.104345 -0.137949 18.3928 
-0.137496 0.00247916 0.990499 73.2325 0.105082 0.99439 0.012098 -0.485229 -0.984912 0.105747 -0.136985 18.155 
-0.13671 0.004203 0.990602 74.9294 0.107398 0.994159 0.0106035 -0.48023 -0.984772 0.107838 -0.136363 17.9305 
-0.135901 0.00386693 0.990715 76.6455 0.106807 0.994221 0.0107705 -0.470408 -0.984948 0.107279 -0.135529 17.7107 
-0.135976 0.0037218 0.990705 78.3758 0.107184 0.994179 0.0109762 -0.469054 -0.984897 0.10768 -0.135583 17.5041 
-0.13558 0.00265138 0.990763 80.1315 0.107113 0.994174 0.0119972 -0.459868 -0.984959 0.10775 -0.135074 17.2795 
-0.135356 0.0028223 0.990793 81.9049 0.108611 0.994012 0.0120062 -0.452593 -0.984826 0.109236 -0.134852 17.0526 
-0.135321 0.00264106 0.990798 83.7002 0.109994 0.993855 0.0123734 -0.444811 -0.984677 0.110656 -0.13478 16.8261 
-0.135242 0.0034784 0.990806 85.5206 0.110358 0.993824 0.0115744 -0.440364 -0.984647 0.110908 -0.134791 16.5875 
-0.135856 0.00416756 0.99072 87.3052 0.109752 0.9939 0.010869 -0.43556 -0.984631 0.11021 -0.135484 16.3693 
-0.136746 0.00489517 0.990594 89.1289 0.109559 0.993928 0.0102124 -0.426191 -0.984529 0.109925 -0.136452 16.1398 
-0.137797 0.0055868 0.990445 90.9812 0.109502 0.99394 0.009628 -0.421319 -0.984389 0.109782 -0.137574 15.8977 
-0.138487 0.00488408 0.990352 92.8057 0.108819 0.994008 0.0103147 -0.415779 -0.984368 0.109198 -0.138189 15.6555 
-0.139643 0.0044271 0.990192 94.6325 0.108748 0.99401 0.0108922 -0.412715 -0.984212 0.109203 -0.139288 15.425 
-0.13982 0.00337808 0.990171 96.4562 0.106418 0.994253 0.011635 -0.407914 -0.984442 0.106999 -0.139376 15.1842 
-0.140843 0.00473354 0.990021 98.3257 0.107063 0.994197 0.0104774 -0.389466 -0.984226 0.10747 -0.140532 14.9217 
-0.143044 0.00551485 0.989701 100.221 0.106044 0.994313 0.00978615 -0.378564 -0.984019 0.106352 -0.142815 14.6603 
-0.147035 0.00628964 0.989111 102.089 0.106437 0.994274 0.00949965 -0.377434 -0.983388 0.106675 -0.146862 14.405 
-0.151349 0.00522368 0.988467 103.976 0.104676 0.994448 0.0107721 -0.376306 -0.982922 0.105099 -0.151055 14.1391 
-0.156147 0.00443658 0.987724 105.878 0.103198 0.99459 0.0118468 -0.37217 -0.982328 0.103781 -0.15576 13.8632 
-0.16063 0.00523285 0.987001 107.772 0.101818 0.994739 0.0112965 -0.366486 -0.981749 0.102309 -0.160318 13.5832 
-0.165072 0.00701606 0.986256 109.676 0.102588 0.994673 0.0100943 -0.363999 -0.980932 0.102844 -0.164913 13.2911 
-0.169484 0.00864177 0.985495 111.626 0.102025 0.994743 0.00882317 -0.363802 -0.980238 0.10204 -0.169475 12.9756 
-0.174491 0.00906131 0.984617 113.541 0.100874 0.994861 0.00872086 -0.363256 -0.979478 0.100844 -0.174508 12.6674 
-0.179058 0.00861505 0.983801 115.468 0.0993702 0.995006 0.00937272 -0.367506 -0.978807 0.0994387 -0.17902 12.3404 
-0.184252 0.00793864 0.982847 117.434 0.0974975 0.995183 0.0102393 -0.361441 -0.978031 0.0977117 -0.184139 11.995 
-0.189688 0.00750741 0.981816 119.403 0.0970987 0.995212 0.0111497 -0.355599 -0.977031 0.097448 -0.189509 11.642 
-0.194913 0.00721777 0.980794 121.371 0.0971254 0.9952 0.0119778 -0.350744 -0.976 0.0975947 -0.194678 11.276 
-0.200254 0.00898922 0.979703 123.356 0.097733 0.995153 0.0108458 -0.340958 -0.974857 0.0979212 -0.200162 10.8951 
-0.205545 0.00995755 0.978597 125.336 0.0972926 0.995202 0.0103088 -0.335597 -0.973799 0.0973291 -0.205527 10.5074 
-0.211393 0.0100491 0.977349 127.325 0.0975639 0.99517 0.01087 -0.328398 -0.972519 0.0976518 -0.211353 10.1067 
-0.216885 0.0099892 0.976146 129.314 0.096644 0.995255 0.011288 -0.324559 -0.971401 0.0967869 -0.216821 9.70501 
-0.221927 0.0106656 0.975005 131.318 0.0960923 0.995312 0.0109843 -0.317793 -0.970317 0.0961282 -0.221911 9.27693 
-0.227059 0.0112161 0.973816 133.36 0.0956485 0.995356 0.0108375 -0.312327 -0.969173 0.0956049 -0.227077 8.84121 
-0.231245 0.0104716 0.972839 135.38 0.0968013 0.995228 0.0122971 -0.304958 -0.968068 0.0970157 -0.231155 8.38497 
-0.234939 0.0103978 0.971955 137.434 0.098915 0.995007 0.013265 -0.294299 -0.966964 0.0992574 -0.234794 7.92017 
-0.238255 0.0111495 0.971138 139.454 0.0998452 0.994917 0.0130731 -0.281257 -0.966056 0.100078 -0.238158 7.44527 
-0.241264 0.0118371 0.970387 141.504 0.100652 0.994838 0.0128893 -0.272978 -0.965226 0.100781 -0.24121 6.95653 
-0.244404 0.0115265 0.969605 143.537 0.0999428 0.994903 0.0133648 -0.269527 -0.964509 0.100171 -0.244311 6.46667 
-0.248429 0.0120205 0.968575 145.6 0.0988386 0.995018 0.0130023 -0.269275 -0.963594 0.0989628 -0.248379 5.96709 
-0.253047 0.0131551 0.967364 147.652 0.0973954 0.995174 0.0119438 -0.251633 -0.962539 0.0972392 -0.253107 5.47197 
-0.25763 0.0123931 0.966164 149.64 0.0961905 0.995279 0.0128828 -0.259732 -0.961444 0.0962548 -0.257606 4.98985 
-0.2621 0.0131625 0.964951 151.712 0.0969775 0.995205 0.0127658 -0.24564 -0.960156 0.0969244 -0.26212 4.46922 
-0.266544 0.013772 0.963724 153.739 0.0966711 0.995238 0.0125146 -0.241929 -0.958962 0.0965 -0.266606 3.939 
-0.27098 0.0138848 0.962485 155.772 0.0962047 0.99528 0.0127277 -0.240517 -0.957765 0.0960445 -0.271037 3.39836 
-0.275052 0.013122 0.96134 157.828 0.0960054 0.995284 0.013883 -0.236536 -0.956624 0.0961124 -0.275015 2.84065 
-0.279184 0.0130607 0.960149 159.88 0.0965552 0.995221 0.0145376 -0.236994 -0.955371 0.096766 -0.279111 2.28426 
-0.283219 0.0137995 0.958956 161.913 0.0979865 0.99508 0.0146201 -0.233241 -0.954036 0.0981054 -0.283178 1.73433 
-0.286815 0.0153191 0.957863 163.976 0.0981797 0.995077 0.0134838 -0.214915 -0.952942 0.0979101 -0.286907 1.15083 
-0.290355 0.0169493 0.956769 166.034 0.0982505 0.995087 0.0121883 -0.209769 -0.951862 0.097542 -0.290594 0.563251 
-0.293682 0.0180598 0.955733 168.117 0.0988651 0.995033 0.0115772 -0.204887 -0.950777 0.0978887 -0.294009 -0.0415447 
-0.297154 0.0187214 0.954646 170.182 0.0984532 0.995079 0.0111313 -0.206974 -0.94974 0.0972957 -0.297535 -0.635575 
-0.300254 0.0188403 0.953673 172.289 0.0989283 0.995028 0.0114892 -0.19808 -0.948715 0.097795 -0.300625 -1.28008 
-0.304101 0.0191191 0.952448 174.386 0.0985328 0.995067 0.0114852 -0.193868 -0.94753 0.0973401 -0.304485 -1.91073 
-0.307711 0.0198956 0.951272 176.469 0.10091 0.994825 0.0118351 -0.193714 -0.946113 0.0996344 -0.308127 -2.55618 
-0.310855 0.020097 0.950245 178.602 0.102514 0.994653 0.0124992 -0.18506 -0.944913 0.101299 -0.311253 -3.22669 
-0.3133 0.0196776 0.94945 180.715 0.103574 0.994529 0.0135653 -0.178187 -0.943989 0.102588 -0.313624 -3.89948 
-0.315905 0.0192315 0.948596 182.835 0.103245 0.994554 0.0142198 -0.166394 -0.943157 0.10243 -0.31617 -4.58808 
-0.318676 0.0196965 0.947659 184.941 0.102039 0.994687 0.0136392 -0.160273 -0.942355 0.101044 -0.318993 -5.26165 
-0.321381 0.0216202 0.946703 187.066 0.101172 0.994801 0.0116264 -0.155545 -0.94153 0.0995163 -0.321897 -5.952 
-0.324238 0.0236853 0.945679 189.202 0.100976 0.994841 0.00970416 -0.151126 -0.940571 0.098637 -0.324958 -6.65761 
-0.327218 0.0244114 0.944634 191.309 0.100105 0.994936 0.00896447 -0.158442 -0.939632 0.0974956 -0.328004 -7.34994 
-0.330407 0.0251196 0.943504 193.413 0.0984736 0.995107 0.00799107 -0.171267 -0.938688 0.0955506 -0.331264 -8.05186 
-0.333974 0.0252995 0.942243 195.521 0.0995048 0.995 0.0085529 -0.179644 -0.937315 0.0966141 -0.334821 -8.75817 
-0.337843 0.0246845 0.940879 197.58 0.0987686 0.995066 0.0093588 -0.175785 -0.936006 0.096091 -0.338614 -9.45268 
-0.341424 0.0238042 0.939608 199.736 0.0981041 0.995121 0.0104372 -0.183024 -0.934775 0.0957429 -0.342094 -10.198 
-0.345069 0.023522 0.938282 201.778 0.0981477 0.995109 0.0111488 -0.18578 -0.933431 0.0959374 -0.345691 -10.9354 
-0.348699 0.0235942 0.936938 203.922 0.0970644 0.995217 0.0110625 -0.188606 -0.932195 0.0948008 -0.349321 -11.6962 
-0.352034 0.0241004 0.935677 206.087 0.0962058 0.995305 0.0105596 -0.190694 -0.93103 0.0937349 -0.3527 -12.4796 
-0.355536 0.0246347 0.934338 208.238 0.0961932 0.995309 0.0103613 -0.202905 -0.929699 0.0935608 -0.356238 -13.2287 
-0.358323 0.0253119 0.933255 210.341 0.0968873 0.995243 0.0102066 -0.215671 -0.928557 0.0940777 -0.359071 -14.0074 
-0.360797 0.0249656 0.93231 212.425 0.0983312 0.995088 0.0114067 -0.232464 -0.927446 0.0957907 -0.361479 -14.775 
-0.363424 0.0241977 0.93131 214.609 0.0991604 0.994988 0.0128429 -0.229788 -0.926332 0.0970165 -0.364002 -15.6013 
-0.366009 0.0250943 0.930273 216.796 0.100622 0.994843 0.0127527 -0.224634 -0.925155 0.0982732 -0.366647 -16.4393 
-0.368627 0.0257665 0.92922 218.915 0.100312 0.994881 0.0122073 -0.233084 -0.924149 0.0977123 -0.369325 -17.2425 
-0.371081 0.0259064 0.928239 221.117 0.0996634 0.994948 0.0120741 -0.228804 -0.923237 0.096992 -0.371788 -18.0968 
-0.373561 0.0273628 0.927202 223.333 0.0994121 0.994989 0.0106889 -0.227485 -0.922263 0.0961681 -0.374409 -18.9618 
-0.376331 0.0284033 0.92605 225.416 0.0995595 0.994982 0.00994164 -0.251162 -0.92112 0.0959384 -0.37727 -19.767 
-0.378643 0.0286304 0.9251 227.527 0.0975668 0.995187 0.00913443 -0.246927 -0.920386 0.0937178 -0.379614 -20.5999 
-0.382005 0.0293513 0.923694 229.615 0.0981707 0.995129 0.00897842 -0.277437 -0.918931 0.0941095 -0.383026 -21.4103 
-0.384378 0.0291024 0.922717 231.752 0.100005 0.994934 0.0102792 -0.279338 -0.917743 0.0962274 -0.385341 -22.2685 
-0.387295 0.0282063 0.921524 233.806 0.100315 0.994887 0.0117084 -0.281874 -0.916482 0.0969777 -0.388145 -23.0909 
-0.390223 0.0278724 0.920298 235.758 0.0993196 0.994983 0.0119789 -0.292278 -0.915348 0.0960781 -0.391034 -23.8941 
-0.392871 0.0281638 0.919162 237.853 0.097956 0.995126 0.0113772 -0.293167 -0.914361 0.0945073 -0.393715 -24.7547 
-0.396279 0.0278658 0.917707 239.981 0.0965652 0.99526 0.0114775 -0.287836 -0.913038 0.0931669 -0.397092 -25.642 
-0.399456 0.0272877 0.916346 242.134 0.0960414 0.995302 0.0122276 -0.284436 -0.911707 0.0928916 -0.400201 -26.5514 
-0.402565 0.0276243 0.914974 244.32 0.0956265 0.995345 0.0120223 -0.285738 -0.910383 0.0923355 -0.403333 -27.4795 
-0.40604 0.0273966 0.913444 246.487 0.0952428 0.995376 0.0124829 -0.286213 -0.908879 0.0920676 -0.406772 -28.4164 
-0.409527 0.0268394 0.911903 248.617 0.0943938 0.995449 0.013093 -0.290056 -0.907401 0.0914399 -0.410197 -29.3425 
-0.413412 0.0269316 0.910146 250.773 0.0935522 0.995529 0.0130357 -0.288703 -0.905725 0.0905353 -0.414083 -30.2796 
-0.416875 0.0279472 0.908534 252.948 0.0941074 0.995483 0.0125587 -0.277177 -0.904079 0.0907353 -0.417622 -31.2425 
-0.420241 0.0286657 0.906959 255.124 0.0946296 0.995435 0.0123846 -0.277026 -0.902465 0.0910298 -0.421036 -32.2038 
-0.423818 0.0287167 0.905292 257.259 0.0943239 0.995462 0.0125813 -0.270401 -0.900822 0.0907229 -0.424604 -33.1576 
-0.427451 0.029281 0.903564 259.39 0.0929004 0.995607 0.0116849 -0.26806 -0.899252 0.0889362 -0.428294 -34.1256 
-0.431107 0.0294836 0.901819 261.563 0.0932839 0.995567 0.012045 -0.268505 -0.897466 0.0893179 -0.431946 -35.1246 
-0.434147 0.0302129 0.900335 263.717 0.0939607 0.995505 0.0119017 -0.259079 -0.895929 0.0897633 -0.435034 -36.1397 
-0.438352 0.0316023 0.898248 265.849 0.0952487 0.995387 0.0114622 -0.248412 -0.893742 0.0905814 -0.43934 -37.0656 
-0.44159 0.0338172 0.896579 267.982 0.0976562 0.995164 0.0105627 -0.249018 -0.891887 0.0922209 -0.442757 -38.0842 
-0.444089 0.034691 0.895311 270.112 0.0990382 0.995027 0.0105697 -0.247517 -0.890492 0.0933639 -0.445316 -39.0989 
-0.446696 0.0368015 0.893928 272.258 0.100574 0.994886 0.00929887 -0.242213 -0.889015 0.0940595 -0.448113 -40.1367 
-0.449529 0.039417 0.892396 274.327 0.10237 0.994717 0.0076308 -0.235111 -0.88738 0.0947852 -0.451189 -41.0966 
-0.452447 0.0400965 0.890889 276.437 0.103843 0.994562 0.00797483 -0.258108 -0.885725 0.0961204 -0.45415 -42.098 
-0.455441 0.0409317 0.889324 278.622 0.103831 0.994567 0.00739849 -0.257105 -0.88419 0.0957093 -0.457217 -43.1846 
-0.459029 0.0409517 0.887477 280.856 0.102942 0.99466 0.00734713 -0.259228 -0.882437 0.0947314 -0.460794 -44.2884 
-0.462414 0.0423749 0.885651 283.019 0.103826 0.994573 0.00662279 -0.26454 -0.880564 0.0950158 -0.464305 -45.3791 
-0.465544 0.0429434 0.883982 285.177 0.103293 0.994632 0.0060801 -0.264486 -0.878976 0.0941401 -0.467481 -46.4842 
-0.468105 0.0427452 0.882638 287.333 0.101662 0.994802 0.00573878 -0.271929 -0.877805 0.0924168 -0.470018 -47.5866 
-0.470587 0.0431978 0.881295 289.506 0.103427 0.994616 0.00647449 -0.28381 -0.876271 0.0941962 -0.472521 -48.6933 
-0.473336 0.0433109 0.879816 291.648 0.105186 0.994423 0.00763649 -0.301223 -0.874579 0.0961587 -0.475252 -49.7496 
-0.475569 0.0436965 0.878593 293.77 0.106517 0.994277 0.00820622 -0.309068 -0.873206 0.0974881 -0.477501 -50.8475 
-0.47804 0.0433438 0.877268 295.927 0.106689 0.994252 0.00901294 -0.328597 -0.871834 0.0979031 -0.479917 -51.9179 
-0.480686 0.0430404 0.875836 298.174 0.107447 0.994159 0.010115 -0.350309 -0.870285 0.0989678 -0.482503 -53.0545 
-0.483281 0.0435187 0.874383 300.339 0.109374 0.99394 0.0109831 -0.353349 -0.868606 0.100943 -0.485112 -54.1968 
-0.485308 0.0436451 0.873253 302.533 0.109858 0.993882 0.0113791 -0.337543 -0.867414 0.101456 -0.487134 -55.3725 
-0.487067 0.044717 0.872219 304.814 0.109455 0.99394 0.0101648 -0.327249 -0.866479 0.10042 -0.48901 -56.5897 
-0.489401 0.0473623 0.870772 307.047 0.109416 0.993968 0.00743216 -0.31888 -0.865167 0.0989138 -0.491631 -57.8142 
-0.492819 0.0468788 0.868868 309.206 0.108047 0.994116 0.00764757 -0.323559 -0.863398 0.0976478 -0.494984 -58.9807 
-0.497204 0.0448541 0.866474 311.42 0.105524 0.994375 0.0090773 -0.321551 -0.861193 0.0959473 -0.49914 -60.1974 
-0.501927 0.0425553 0.863862 313.708 0.103488 0.994568 0.0111351 -0.317875 -0.858696 0.0949883 -0.503605 -61.4818 
-0.506352 0.0415991 0.861323 315.985 0.102702 0.994636 0.0123383 -0.3062 -0.856189 0.0947071 -0.507908 -62.7781 
-0.510841 0.0414761 0.858674 318.267 0.102603 0.994637 0.0129969 -0.296127 -0.85353 0.0947419 -0.512357 -64.0754 
-0.514782 0.0426833 0.856258 320.569 0.104767 0.994406 0.0134163 -0.285656 -0.850896 0.0966145 -0.516374 -65.4318 
-0.518597 0.0435857 0.853907 322.819 0.10593 0.994281 0.0135828 -0.271188 -0.848431 0.0974982 -0.520249 -66.7762 
-0.522197 0.0436719 0.851706 325.078 0.106872 0.994166 0.0145485 -0.255059 -0.846102 0.0986206 -0.523818 -68.1215 
-0.525982 0.0420534 0.849455 327.332 0.106433 0.99418 0.016685 -0.24701 -0.84381 0.0991861 -0.527396 -69.4753 
-0.530005 0.0404464 0.847029 329.595 0.104907 0.994316 0.0181633 -0.232995 -0.84148 0.0984863 -0.531235 -70.8437 
-0.533732 0.0401836 0.844698 331.86 0.103541 0.99446 0.0181152 -0.208597 -0.839291 0.0971292 -0.534936 -72.2248 
-0.537876 0.0400554 0.842072 334.117 0.103686 0.99443 0.0189268 -0.192943 -0.836623 0.0974911 -0.539033 -73.6108 
-0.541743 0.0396638 0.839608 336.35 0.104102 0.994361 0.0201958 -0.17393 -0.834073 0.0983462 -0.542817 -75.0114 
-0.545837 0.0389848 0.836984 338.512 0.1042 0.994321 0.0216406 -0.159997 -0.831387 0.099026 -0.546799 -76.3962 
-0.549642 0.0376612 0.834551 340.756 0.102276 0.994502 0.0224807 -0.135947 -0.829116 0.0977112 -0.550472 -77.8186 
-0.552957 0.0367298 0.8324 342.964 0.101325 0.994577 0.0234236 -0.105622 -0.827026 0.0972954 -0.55368 -79.2501 
-0.555449 0.036137 0.830765 345.167 0.101433 0.994539 0.0245574 -0.0731515 -0.825341 0.0979077 -0.556081 -80.6919 
-0.558189 0.0354277 0.828957 347.353 0.0991297 0.994779 0.0242357 -0.0390243 -0.823771 0.0957024 -0.558787 -82.1302 
-0.560902 0.0346572 0.827156 349.571 0.095902 0.995117 0.0233374 -0.00941546 -0.822308 0.0924159 -0.561487 -83.5808 
-0.563918 0.034305 0.825118 351.764 0.0929187 0.995428 0.0221183 0.0234185 -0.820587 0.0891418 -0.564527 -85.0345 
-0.566606 0.0316984 0.823379 353.975 0.0903506 0.995624 0.0238449 0.0613676 -0.81902 0.0879035 -0.566991 -86.4895 
-0.57026 0.0312351 0.82087 356.161 0.0910921 0.995518 0.0254011 0.101221 -0.816398 0.08926 -0.57055 -87.9484 
-0.573036 0.0314034 0.818928 358.359 0.0907029 0.995557 0.0252917 0.13271 -0.814495 0.0887722 -0.573338 -89.4443 
-0.576153 0.0303236 0.816779 360.505 0.0885503 0.995745 0.0254952 0.166154 -0.812531 0.0870152 -0.576387 -90.9223 
-0.57907 0.0268737 0.814835 362.707 0.0865515 0.995835 0.0286653 0.204916 -0.810671 0.0871244 -0.578984 -92.433 
-0.581857 0.0243535 0.812926 364.929 0.0838292 0.996023 0.0301625 0.248854 -0.808959 0.0856972 -0.581585 -93.9738 
-0.584937 0.0234615 0.81074 367.113 0.0821903 0.996151 0.030472 0.300647 -0.806904 0.0844591 -0.584613 -95.4975 
-0.587637 0.0238434 0.808773 369.257 0.0819481 0.99618 0.0301734 0.346481 -0.804964 0.0840084 -0.587346 -97.0187 
-0.590273 0.0230357 0.806875 371.458 0.0813707 0.996199 0.0310862 0.394496 -0.803092 0.0840053 -0.589903 -98.5721 
-0.592959 0.0226819 0.804913 373.659 0.0810687 0.996206 0.0316488 0.449113 -0.801141 0.0840197 -0.592548 -100.134 
-0.595528 0.0212996 0.803052 375.855 0.0779751 0.996461 0.0313953 0.498191 -0.799541 0.0813149 -0.595081 -101.706 
-0.597821 0.0177039 0.801434 377.966 0.0677459 0.997295 0.0285038 0.534239 -0.798762 0.071334 -0.597404 -103.273 
-0.600998 0.0209693 0.798975 380.148 0.0604386 0.997986 0.0192702 0.572726 -0.796962 0.0598703 -0.601055 -104.865 
-0.603253 0.0310262 0.796946 382.287 0.0707224 0.997388 0.014704 0.595222 -0.794408 0.0652322 -0.603872 -106.451 
-0.604027 0.0324081 0.796304 384.433 0.0784869 0.996735 0.01897 0.629486 -0.793089 0.0739579 -0.604599 -108.042 
-0.605962 0.0229083 0.795164 386.601 0.0773086 0.99655 0.0302035 0.675052 -0.791728 0.0797751 -0.605642 -109.667 
-0.608884 0.0128989 0.793155 388.86 0.0718069 0.996659 0.0389157 0.766809 -0.790003 0.0806491 -0.607776 -111.315 
-0.612138 0.00739075 0.790716 390.973 0.0659711 0.996947 0.0417535 0.85044 -0.787994 0.0777234 -0.610757 -112.884 
-0.614998 0.00661147 0.788501 393.121 0.0647021 0.997016 0.0421051 0.924874 -0.785869 0.0769123 -0.613591 -114.489 
-0.617481 0.0115521 0.786501 395.211 0.0699607 0.996736 0.0402861 0.980069 -0.783468 0.0799001 -0.616274 -116.072 
-0.619605 0.0181493 0.784704 397.308 0.0747197 0.996556 0.0359496 1.0204 -0.78135 0.0809074 -0.618827 -117.653 
-0.622103 0.0209411 0.782655 399.453 0.0754614 0.996592 0.0333161 1.09227 -0.77929 0.0797864 -0.621563 -119.31 
-0.625174 0.0213179 0.780194 401.552 0.0758974 0.99655 0.0335873 1.13864 -0.776787 0.0802127 -0.624635 -120.938 
-0.627999 0.0203379 0.777948 403.665 0.0761474 0.996467 0.0354193 1.19193 -0.77448 0.081482 -0.627329 -122.585 
-0.629364 0.0199133 0.776856 405.966 0.077112 0.996338 0.0369322 1.28087 -0.773276 0.0831487 -0.628595 -124.484 
-0.631056 0.020454 0.775468 408.117 0.0778167 0.996279 0.0370469 1.36028 -0.771825 0.083723 -0.630299 -126.188 
-0.632505 0.0206234 0.774281 410.423 0.0780347 0.996256 0.0372102 1.4195 -0.770615 0.0839565 -0.631746 -128.022 
-0.63429 0.0210164 0.772809 412.556 0.078196 0.996248 0.0370873 1.4956 -0.76913 0.0839547 -0.633554 -129.715 
-0.636126 0.0202669 0.771319 414.484 0.0794696 0.99606 0.0393684 1.54102 -0.767482 0.0863396 -0.63523 -131.241 
-0.636799 0.0194044 0.770785 416.558 0.0816376 0.995761 0.0423783 1.58451 -0.766695 0.0899115 -0.635684 -132.917 
-0.637741 0.0190215 0.770016 418.712 0.0829477 0.995577 0.0441052 1.68279 -0.765772 0.0919988 -0.636498 -134.673 
-0.638564 0.0183951 0.769349 420.876 0.0843117 0.995369 0.0461799 1.77352 -0.764936 0.0943539 -0.637158 -136.466 
-0.639825 0.0183744 0.768301 422.66 0.0803352 0.995836 0.0430854 1.80054 -0.76431 0.0892887 -0.638637 -137.919 
-0.640938 0.0174244 0.767395 424.572 0.0769799 0.996161 0.0416758 1.86893 -0.763723 0.0857856 -0.639818 -139.493 
-0.642188 0.0162615 0.766374 426.586 0.0761381 0.996184 0.0426625 1.91542 -0.762756 0.0857477 -0.640976 -141.121 
-0.643079 0.0146171 0.76566 428.67 0.0733622 0.996395 0.0425949 1.99949 -0.762278 0.0835624 -0.641833 -142.816 
-0.643914 0.0138802 0.764971 430.731 0.0709199 0.996614 0.0416134 2.07464 -0.761803 0.0810472 -0.642718 -144.508 
-0.644878 0.0133687 0.764169 432.789 0.069903 0.996688 0.0415541 2.15376 -0.761082 0.0802151 -0.643676 -146.188 
-0.645148 0.0121571 0.763961 434.85 0.0706983 0.996534 0.0438451 2.23256 -0.76078 0.0822973 -0.643771 -147.883 
-0.645103 0.0102211 0.764027 436.92 0.0721913 0.996253 0.0476266 2.31927 -0.760677 0.0858802 -0.643424 -149.585 
-0.643248 0.00907683 0.765604 439.008 0.0770001 0.995627 0.0528903 2.42458 -0.761776 0.0929732 -0.641135 -151.319 
-0.641584 0.00824013 0.767008 441.043 0.0810126 0.995078 0.0570747 2.53715 -0.762763 0.0987555 -0.639093 -153.011 
-0.639932 0.00601343 0.768408 443.097 0.0752451 0.995654 0.0548725 2.65211 -0.764738 0.0929336 -0.637604 -154.673 
-0.638788 0.00553285 0.769363 445.168 0.0679507 0.996472 0.0492521 2.76004 -0.766376 0.0837404 -0.63691 -156.344 
-0.636992 0.0033767 0.770863 447.247 0.0630425 0.996869 0.0477276 2.85249 -0.768288 0.0789993 -0.63521 -158.005 
-0.634142 0.00311652 0.77321 449.295 0.0612409 0.997053 0.0462074 2.94404 -0.770788 0.0766542 -0.632464 -159.648 
-0.631088 0.00346614 0.775703 451.371 0.062942 0.996921 0.046753 3.03021 -0.773153 0.0783296 -0.629363 -161.309 
-0.627703 0.00339556 0.778445 453.461 0.0634616 0.996885 0.0468242 3.12702 -0.775862 0.0787931 -0.625964 -162.987 
-0.625542 0.0039982 0.78018 455.555 0.0605 0.997224 0.0433978 3.20855 -0.777841 0.0743481 -0.624048 -164.608 
-0.624276 -0.000382288 0.781204 457.659 0.0539757 0.997589 0.0436212 3.28722 -0.779337 0.0693977 -0.62275 -166.235 
-0.622975 -0.00639144 0.782215 459.786 0.0451518 0.998006 0.0441146 3.37483 -0.780937 0.0628008 -0.621444 -167.891 
-0.622627 -0.00957299 0.78246 461.909 0.0383217 0.998352 0.042708 3.45524 -0.78158 0.0565763 -0.621234 -169.518 
-0.621453 -0.0100587 0.783386 464.021 0.0366396 0.99845 0.041886 3.53503 -0.782594 0.0547332 -0.620122 -171.155 
-0.620199 -0.0102518 0.784377 466.112 0.0383495 0.998323 0.0433705 3.60713 -0.783506 0.0569789 -0.618766 -172.756 
-0.619093 -0.0117567 0.785229 468.25 0.0397622 0.998136 0.0462937 3.68547 -0.78431 0.0598826 -0.617472 -174.389 
-0.617095 -0.014061 0.786763 470.308 0.0382696 0.998121 0.0478549 3.77061 -0.785958 0.0596401 -0.615397 -175.975 
-0.616309 -0.0143469 0.787374 472.413 0.0358492 0.998286 0.0462505 3.86172 -0.786688 0.0567314 -0.614738 -177.566 
-0.615194 -0.0131857 0.788266 474.512 0.0348279 0.998429 0.0438822 3.94844 -0.787606 0.0544497 -0.613768 -179.141 
-0.613918 -0.0118329 0.789281 476.599 0.0356872 0.998449 0.0427269 4.02671 -0.788563 0.054398 -0.612543 -180.721 
-0.612492 -0.01128 0.790396 478.708 0.0379954 0.998322 0.0436906 4.10185 -0.789563 0.0567915 -0.611036 -182.284 
-0.610292 -0.0111659 0.792098 480.833 0.0400181 0.998189 0.044904 4.19118 -0.791165 0.0591028 -0.60874 -183.916 
-0.609336 -0.0112144 0.792833 482.953 0.0404159 0.998161 0.0451805 4.27572 -0.791881 0.0595732 -0.607762 -185.499 
-0.607566 -0.0122096 0.794175 485.079 0.0398074 0.998157 0.0457993 4.35884 -0.793271 0.0594402 -0.60596 -187.106 
-0.606805 -0.012882 0.794746 487.157 0.0396523 0.998133 0.0464539 4.45372 -0.793861 0.059702 -0.605161 -188.64 
-0.60515 -0.0137093 0.795993 489.29 0.0394899 0.998104 0.0472122 4.54754 -0.795131 0.0600042 -0.603461 -190.244 
-0.604708 -0.0132645 0.796337 491.373 0.0383419 0.998217 0.0457425 4.62335 -0.795524 0.0581939 -0.603121 -191.749 
-0.603791 -0.0115903 0.797058 493.549 0.0391779 0.998254 0.0441942 4.71658 -0.796179 0.0579112 -0.602283 -193.379 
-0.603126 -0.0119097 0.797557 495.685 0.0398608 0.998189 0.0450491 4.79731 -0.796649 0.0589615 -0.601559 -194.936 
-0.603005 -0.0134304 0.797624 497.764 0.0387108 0.998188 0.0460729 4.87714 -0.796798 0.0586589 -0.601392 -196.403 
-0.603138 -0.0147878 0.7975 499.927 0.0373367 0.998209 0.0467466 4.96708 -0.796763 0.0579706 -0.601505 -197.985 
-0.603197 -0.0151 0.797449 501.942 0.0369594 0.998217 0.0468579 5.06299 -0.796735 0.0577378 -0.601564 -199.491 
-0.60299 -0.0141999 0.797622 504.047 0.0379082 0.998202 0.0464287 5.14902 -0.796848 0.0582325 -0.601367 -201.052 
-0.602776 -0.0136402 0.797794 506.15 0.0385346 0.998189 0.0461813 5.23443 -0.796979 0.0585797 -0.601159 -202.603 
-0.602123 -0.0151837 0.798259 507.802 0.0382256 0.998124 0.0478187 5.29575 -0.797488 0.0593067 -0.600413 -204.004 
-0.601903 -0.017089 0.798386 509.908 0.0370983 0.998093 0.0493319 5.3934 -0.797707 0.0593118 -0.600121 -205.561 
-0.601016 -0.0174286 0.799047 511.881 0.036663 0.998108 0.0493471 5.47256 -0.798396 0.0589538 -0.59924 -207.082 
-0.600885 -0.0179111 0.799135 513.967 0.0353274 0.998177 0.0489355 5.56464 -0.798554 0.057636 -0.599157 -208.634 
-0.600551 -0.017074 0.799404 515.997 0.0359154 0.998187 0.048301 5.64725 -0.79878 0.0577182 -0.598849 -210.141 
-0.600241 -0.0166681 0.799645 518.11 0.0366228 0.998161 0.0482963 5.73042 -0.79898 0.0582747 -0.598527 -211.679 
-0.599264 -0.0172353 0.800366 520.187 0.0362838 0.998156 0.0486615 5.8285 -0.799729 0.0582014 -0.597534 -213.219 
-0.598264 -0.0169027 0.801121 522.224 0.035917 0.998207 0.0478832 5.91709 -0.800494 0.0574207 -0.596584 -214.771 
-0.597689 -0.0166408 0.801555 524.119 0.0355674 0.99825 0.0472455 6.00008 -0.800938 0.0567474 -0.596051 -216.221 
-0.597886 -0.0173384 0.801394 526.253 0.0354786 0.998214 0.0480657 6.09334 -0.800796 0.0571702 -0.596203 -217.742 
-0.597954 -0.0186672 0.801313 528.405 0.0349566 0.99817 0.0493384 6.18698 -0.800767 0.0575133 -0.596208 -219.278 
-0.597351 -0.020001 0.801731 530.531 0.0350241 0.998084 0.0509951 6.28066 -0.801215 0.0585419 -0.595506 -220.829 
-0.59736 -0.01925 0.801742 532.691 0.0352561 0.998115 0.0502334 6.37696 -0.801198 0.0582737 -0.595555 -222.372 
-0.596309 -0.0178629 0.802556 534.57 0.0368083 0.998092 0.049564 6.46584 -0.801911 0.0590962 -0.594514 -223.855 
-0.593824 -0.0152872 0.80445 535.98 0.040122 0.998013 0.0485825 6.53931 -0.803594 0.0611256 -0.59203 -225.231 
-0.591325 -0.0127176 0.806333 537.394 0.0434325 0.997922 0.0475905 6.61175 -0.805263 0.0631625 -0.589544 -226.604 
-0.590883 -0.013182 0.80665 539.325 0.0427052 0.997954 0.0475904 6.694 -0.805626 0.0625685 -0.589111 -228.063 
-0.590748 -0.012613 0.806757 541.496 0.0427715 0.997982 0.046922 6.78197 -0.805721 0.0622253 -0.589017 -229.618 
-0.591111 -0.0141762 0.806466 543.623 0.0421332 0.997938 0.048424 6.86426 -0.805489 0.062603 -0.589295 -231.12 
-0.591048 -0.0158172 0.806481 545.802 0.0415348 0.997885 0.0500108 6.9656 -0.805566 0.0630559 -0.589141 -232.684 
-0.591097 -0.0169632 0.806422 547.865 0.0404703 0.997896 0.050655 7.06406 -0.805585 0.0625782 -0.589167 -234.161 
-0.591737 -0.0154919 0.805982 550.035 0.0400405 0.998016 0.0485799 7.15942 -0.805136 0.0610185 -0.589943 -235.709 
-0.592072 -0.0133765 0.805774 552.107 0.0399168 0.998148 0.0459003 7.24511 -0.804896 0.0593403 -0.590441 -237.171 
-0.591648 -0.0128429 0.806094 554.138 0.0404217 0.998143 0.0455709 7.32696 -0.805182 0.0595457 -0.59003 -238.659 
-0.591111 -0.0147299 0.806456 556.225 0.0410863 0.997985 0.0483432 7.41089 -0.805543 0.0617105 -0.589315 -240.196 
-0.591227 -0.0160669 0.806345 558.397 0.0417198 0.997854 0.0504725 7.49952 -0.805425 0.0634813 -0.589288 -241.743 
-0.59095 -0.0151763 0.806566 560.556 0.042305 0.997864 0.0497715 7.60315 -0.805598 0.0635342 -0.589046 -243.299 
-0.590866 -0.0145808 0.806638 562.735 0.0426197 0.997876 0.0492567 7.69977 -0.805643 0.0634828 -0.588989 -244.835 
-0.59067 -0.0135723 0.806799 564.827 0.0434828 0.99787 0.0486209 7.79045 -0.805741 0.0638008 -0.588821 -246.31 
-0.590002 -0.0133158 0.807292 566.989 0.0450996 0.997759 0.0494181 7.88848 -0.806141 0.0655653 -0.58808 -247.873 
-0.589782 -0.0142767 0.807436 569.168 0.0456593 0.997655 0.0509913 7.9805 -0.80627 0.0669408 -0.587747 -249.402 
-0.589127 -0.0152657 0.807896 571.396 0.0450045 0.99765 0.051669 8.09212 -0.806786 0.0667986 -0.587055 -251.01 
-0.589232 -0.0148763 0.807827 573.572 0.0454997 0.997633 0.0515593 8.19381 -0.806682 0.0671363 -0.587161 -252.546 
-0.589054 -0.0143119 0.807967 575.728 0.0468121 0.99756 0.0517989 8.29315 -0.806737 0.068335 -0.586946 -254.072 
-0.588912 -0.0151526 0.808055 578.035 0.0470283 0.997488 0.0529791 8.41921 -0.806827 0.0692016 -0.58672 -255.652 
-0.588801 -0.0162576 0.808115 580.264 0.0454943 0.997546 0.0532162 8.53921 -0.806997 0.0680984 -0.586616 -257.206 
-0.588785 -0.0176087 0.808098 582.502 0.0438519 0.997594 0.0536886 8.64952 -0.807099 0.0670477 -0.586596 -258.761 
-0.588595 -0.0166571 0.808257 584.711 0.0441755 0.997631 0.0527297 8.75895 -0.80722 0.0667416 -0.586465 -260.302 
-0.588464 -0.015192 0.808381 586.849 0.0458074 0.997591 0.0520935 8.86397 -0.807225 0.067685 -0.58635 -261.811 
-0.587486 -0.0142532 0.809108 588.98 0.0468253 0.997571 0.0515725 8.96341 -0.807878 0.068185 -0.585392 -263.323 
-0.586636 -0.0150034 0.809712 591.053 0.0470785 0.997506 0.0525914 9.04672 -0.808481 0.068972 -0.584467 -264.766 
-0.586426 -0.0160027 0.809845 593.159 0.0473161 0.997421 0.0539717 9.14824 -0.80862 0.0699691 -0.584156 -266.21 
-0.586086 -0.0146814 0.810116 595.3 0.0478021 0.997468 0.0526595 9.25289 -0.808838 0.0695883 -0.5839 -267.707 
-0.585426 -0.0151096 0.810585 597.523 0.0470676 0.997506 0.0525873 9.36012 -0.809358 0.0689382 -0.583255 -269.28 
-0.584914 -0.0152985 0.810951 599.786 0.0464207 0.997552 0.0523005 9.47608 -0.809766 0.0682363 -0.582772 -270.827 
-0.584088 -0.0159597 0.811534 601.917 0.0459546 0.997553 0.052693 9.57648 -0.810389 0.068071 -0.581925 -272.297 
-0.58394 -0.0164372 0.811631 603.828 0.0454674 0.997563 0.0529149 9.65539 -0.810523 0.0678018 -0.581769 -273.511 
-0.583597 -0.0177296 0.81185 606.001 0.0438523 0.997615 0.0533095 9.75949 -0.810859 0.0667127 -0.581427 -275.022 
-0.582649 -0.0181276 0.812522 608.166 0.0428319 0.997677 0.0529727 9.86783 -0.811594 0.0656663 -0.580519 -276.541 
-0.581312 -0.0185446 0.813469 610.322 0.0419581 0.997727 0.0527287 9.98263 -0.812598 0.0647835 -0.579213 -278.063 
-0.581509 -0.0182235 0.813335 612.493 0.0433341 0.997636 0.0533353 10.086 -0.812385 0.0662602 -0.579345 -279.562 
-0.581114 -0.019411 0.81359 614.636 0.0436527 0.997533 0.0549788 10.1979 -0.81265 0.0674644 -0.578833 -281.071 
-0.581479 -0.0205787 0.813301 616.614 0.0427291 0.997528 0.0557898 10.2715 -0.812438 0.0671923 -0.579163 -282.344 
-0.58145 -0.0198549 0.813339 618.78 0.0419592 0.99764 0.0543501 10.3818 -0.812499 0.065729 -0.579245 -283.849 
-0.581655 -0.020027 0.813189 620.928 0.0394774 0.997824 0.0528114 10.4785 -0.812477 0.0628206 -0.579599 -285.328 
-0.581684 -0.0184244 0.813206 623.134 0.0400513 0.997882 0.051257 10.6048 -0.812428 0.0623853 -0.579714 -286.885 
-0.582088 -0.0184072 0.812917 625.265 0.0401407 0.997874 0.0513378 10.7107 -0.812135 0.0625142 -0.580112 -288.355 
-0.581609 -0.0191423 0.813243 627.438 0.0406152 0.997793 0.052533 10.8152 -0.812454 0.0635837 -0.579547 -289.889 
-0.581375 -0.0199685 0.813391 629.614 0.040944 0.997714 0.0537584 10.9227 -0.812605 0.0645572 -0.579228 -291.413 
-0.580834 -0.0202525 0.81377 631.785 0.0412906 0.99767 0.0543008 11.0345 -0.812974 0.0651408 -0.578645 -292.922 
-0.581099 -0.01962 0.813596 634.251 0.0412473 0.997714 0.0535203 11.1776 -0.812787 0.0646593 -0.578962 -294.576 
-0.580901 -0.0189633 0.813753 636.447 0.0413714 0.997748 0.0527841 11.2818 -0.812922 0.0643285 -0.578809 -296.096 
-0.581371 -0.0189639 0.813418 638.351 0.0414066 0.997743 0.0528555 11.4166 -0.812584 0.0644096 -0.579274 -297.215 
-0.581112 -0.0193772 0.813593 640.539 0.0412862 0.997727 0.0532515 11.5294 -0.812775 0.0645353 -0.578991 -298.718 
-0.580768 -0.0197284 0.81383 642.686 0.040781 0.997746 0.053289 11.6411 -0.813047 0.0641373 -0.578655 -300.209 
-0.579962 -0.0200486 0.814397 644.818 0.0404378 0.997756 0.0533597 11.7392 -0.813639 0.063879 -0.57785 -301.694 
-0.580076 -0.0189145 0.814342 646.975 0.0406647 0.997811 0.0521423 11.836 -0.813546 0.0633615 -0.578038 -303.175 
-0.579441 -0.0193011 0.814786 649.156 0.0404418 0.997807 0.052397 11.9469 -0.81401 0.0633124 -0.57739 -304.68 
-0.578101 -0.01966 0.815728 651.333 0.0411603 0.997734 0.0532164 12.0541 -0.814926 0.0643401 -0.575982 -306.205 
-0.57757 -0.0196218 0.816105 653.53 0.041544 0.997709 0.0533895 12.1583 -0.815283 0.0647404 -0.575432 -307.717 
-0.577381 -0.0190491 0.816252 655.616 0.041204 0.997774 0.0524312 12.2587 -0.815434 0.0639056 -0.575311 -309.147 
-0.577357 -0.0187548 0.816276 657.692 0.0415523 0.997766 0.0523148 12.332 -0.815434 0.0641225 -0.575288 -310.556 
-0.576577 -0.0187976 0.816826 659.743 0.0423297 0.997705 0.0528395 12.4212 -0.815945 0.0650421 -0.574459 -311.994 
