1 -4.23778e-08 4.22719e-08 0 -4.23778e-08 1 -4.19404e-08 0 4.22719e-08 -4.19404e-08 1 0 
0.999995 -0.00281651 -0.00158285 -0.0149888 0.00282131 0.999991 0.00309231 -0.0231028 0.00157421 -0.00309685 0.999994 1.53338 
0.99999 -0.00337738 -0.00303547 -0.0410091 0.00338933 0.999986 0.00396746 -0.0406705 0.00302211 -0.00397779 0.999987 3.05464 
0.999987 -0.0023831 -0.0045857 -0.0682631 0.00239992 0.99999 0.00368535 -0.0560657 0.00457696 -0.00369639 0.999983 4.56153 
0.999979 -0.00195602 -0.00618242 -0.105718 0.00197757 0.999992 0.00349512 -0.0710102 0.00617562 -0.00350735 0.999975 6.08917 
0.99997 -0.00206831 -0.00745348 -0.143035 0.00209577 0.999991 0.00368858 -0.0831414 0.00744587 -0.00370417 0.999965 7.59029 
0.999952 -0.00254604 -0.00943076 -0.166072 0.00258256 0.999989 0.00387076 -0.0965347 0.00942089 -0.00389502 0.999948 9.11421 
0.999924 -0.00447224 -0.0114465 -0.194061 0.00450922 0.999985 0.00321402 -0.11585 0.0114321 -0.00326548 0.999929 10.621 
0.999899 -0.00572455 -0.0129799 -0.236115 0.0057712 0.999977 0.00356649 -0.133486 0.0129593 -0.00364113 0.999909 12.1352 
0.999881 -0.00541319 -0.0144079 -0.277318 0.00546375 0.999979 0.00347764 -0.147441 0.0143889 -0.00355603 0.99989 13.6396 
0.999863 -0.00504901 -0.0157518 -0.312232 0.00510337 0.999981 0.00341802 -0.162999 0.0157343 -0.00349803 0.99987 15.1166 
0.999855 -0.00376954 -0.0165948 -0.355348 0.00383364 0.999985 0.00383804 -0.176681 0.0165801 -0.00390118 0.999855 16.6122 
0.999848 -0.00207531 -0.0172832 -0.403105 0.0021534 0.999987 0.00450571 -0.191187 0.0172737 -0.00454233 0.99984 18.0991 
0.999837 -0.00117016 -0.0180055 -0.445593 0.00126868 0.999984 0.00546601 -0.213244 0.0179989 -0.00548805 0.999823 19.6003 
0.999824 -0.00160709 -0.0187038 -0.490618 0.00170887 0.999984 0.00543134 -0.229756 0.0186949 -0.00546243 0.99981 21.0564 
0.999808 -0.00100894 -0.0195569 -0.534619 0.00111963 0.999983 0.00565417 -0.243269 0.019551 -0.00567507 0.999793 22.5273 
0.999805 -0.000551073 -0.0197553 -0.582853 0.00067177 0.999981 0.00610772 -0.254112 0.0197517 -0.00611988 0.999786 24.0001 
0.999803 0.000136312 -0.0198358 -0.630163 9.0659e-06 0.999973 0.00733301 -0.268502 0.0198364 -0.00733183 0.999776 25.4524 
0.9998 0.000322987 -0.0199866 -0.676317 -0.000203538 0.999982 0.00598238 -0.277952 0.0199883 -0.0059772 0.999782 26.9306 
0.999797 0.000581644 -0.0201425 -0.726017 -0.000501847 0.999992 0.00397061 -0.292784 0.0201447 -0.00395978 0.999789 28.357 
0.999804 -0.00114113 -0.0197851 -0.775296 0.0012143 0.999992 0.00369099 -0.304915 0.0197808 -0.00371437 0.999797 29.7883 
0.999798 -0.00211405 -0.0200025 -0.814047 0.00224095 0.999977 0.00632812 -0.316556 0.0199888 -0.00637175 0.99978 31.227 
0.999789 -0.00365968 -0.020228 -0.853939 0.00381274 0.999964 0.00753763 -0.328197 0.0201998 -0.00761324 0.999767 32.6563 
0.999788 -0.00429051 -0.0201316 -0.89869 0.00443048 0.999966 0.00691727 -0.339373 0.0201014 -0.00700508 0.999773 34.0659 
0.999793 -0.00408207 -0.0199141 -0.94381 0.00418392 0.999978 0.00507989 -0.353555 0.019893 -0.00516225 0.999789 35.4528 
0.999804 -0.00299124 -0.0195595 -0.989166 0.00307133 0.999987 0.00407026 -0.364442 0.0195472 -0.00412962 0.9998 36.8381 
0.999821 -0.0022055 -0.0187742 -1.03472 0.0022658 0.999992 0.00319571 -0.382282 0.0187671 -0.00323777 0.999819 38.1968 
0.999846 -0.00152731 -0.017479 -1.08126 0.00160184 0.99999 0.00425573 -0.400244 0.0174724 -0.00428316 0.999838 39.5568 
0.999869 -0.000933696 -0.0161301 -1.12119 0.00103393 0.99998 0.0062121 -0.414329 0.0161241 -0.00622805 0.999851 40.8915 
0.99989 -0.00153741 -0.014777 -1.15182 0.00164276 0.999973 0.00712551 -0.428471 0.0147657 -0.00714908 0.999865 42.2197 
0.999919 -0.00102102 -0.0126873 -1.18333 0.00111826 0.99997 0.0076655 -0.440007 0.0126792 -0.00767915 0.99989 43.5195 
0.999954 -0.00146398 -0.00950422 -1.20953 0.00153124 0.999974 0.0070825 -0.455774 0.00949368 -0.00709681 0.99993 44.796 
0.99998 -0.00211514 -0.00602341 -1.23071 0.00214689 0.999984 0.00528276 -0.467458 0.00601222 -0.00529567 0.999968 46.0598 
0.999993 -0.00243966 -0.00275143 -1.25148 0.00244943 0.999991 0.00358173 -0.484651 0.00274275 -0.00358853 0.99999 47.2952 
0.999997 -0.00221951 0.00134616 -1.26651 0.00221369 0.999988 0.00424735 -0.500774 -0.00135549 -0.00424444 0.99999 48.526 
0.999975 -0.00185378 0.00674046 -1.27797 0.00182608 0.99999 0.0041002 -0.516698 -0.00674791 -0.00408788 0.999969 49.7304 
0.999916 0.000171024 0.0129421 -1.27676 -0.000210635 0.999995 0.00305271 -0.527122 -0.0129414 -0.00305526 0.999912 50.9621 
0.999794 0.00153912 0.020244 -1.27177 -0.0016016 0.999994 0.00306644 -0.542879 -0.0202391 -0.00309831 0.99979 52.1652 
0.999589 0.00263783 0.0285321 -1.25619 -0.00275136 0.999988 0.00393756 -0.5562 -0.0285213 -0.00401453 0.999585 53.3544 
0.999238 0.00489932 0.0387267 -1.22603 -0.00508255 0.999976 0.00463188 -0.570732 -0.038703 -0.00482526 0.999239 54.5583 
0.99864 0.00741226 0.0516107 -1.18351 -0.00765355 0.999961 0.0044774 -0.583468 -0.0515754 -0.0048664 0.998657 55.7272 
0.997743 0.00946858 0.0664788 -1.13063 -0.00982637 0.999939 0.00505582 -0.597374 -0.0664268 -0.00569774 0.997775 56.8833 
0.996523 0.0116508 0.0825013 -1.05409 -0.0122138 0.999905 0.00632185 -0.610111 -0.0824198 -0.0073076 0.996571 58.0217 
0.994905 0.0117069 0.10013 -0.958236 -0.0124757 0.999897 0.00705451 -0.621946 -0.100037 -0.00826785 0.994949 59.1402 
0.992832 0.0110474 0.119003 -0.840093 -0.0118692 0.99991 0.00619859 -0.633221 -0.118924 -0.00756671 0.992874 60.2421 
0.990221 0.0101562 0.139136 -0.702961 -0.0109903 0.999926 0.0052268 -0.643888 -0.139072 -0.0067049 0.990259 61.3307 
0.987076 0.0071984 0.160091 -0.542654 -0.00811315 0.999954 0.00506047 -0.653954 -0.160048 -0.00629399 0.987089 62.3983 
0.983386 0.00209056 0.181512 -0.356315 -0.00346022 0.999968 0.00722901 -0.665242 -0.181491 -0.00773706 0.983362 63.4536 
0.978845 -0.00339894 0.204575 -0.142976 0.00162608 0.99996 0.00883311 -0.677545 -0.204597 -0.00831367 0.978811 64.5029 
0.973569 -0.00866073 0.228227 0.0919916 0.00691053 0.99994 0.00846628 -0.688874 -0.228287 -0.00666541 0.973571 65.5212 
0.967302 -0.0148184 0.253193 0.351289 0.0135238 0.999885 0.00685272 -0.698193 -0.253266 -0.0032046 0.967391 66.5201 
0.960004 -0.0184664 0.279376 0.631885 0.0170519 0.999826 0.0074927 -0.70579 -0.279466 -0.00242921 0.960152 67.4965 
0.951612 -0.0209624 0.306586 0.932522 0.0188155 0.999773 0.00995639 -0.714119 -0.306725 -0.00370612 0.951791 68.4576 
0.94215 -0.0254212 0.334226 1.26473 0.0223883 0.999666 0.0129237 -0.719427 -0.334443 -0.0046934 0.942404 69.408 
0.931423 -0.0285178 0.36282 1.62025 0.0256446 0.99959 0.0127337 -0.725935 -0.363034 -0.00255617 0.931772 70.3334 
0.919561 -0.0277746 0.391964 1.99413 0.0264173 0.999612 0.00885645 -0.730949 -0.392058 0.00221051 0.919938 71.2333 
0.906701 -0.0288024 0.42079 2.39671 0.0301603 0.999539 0.00342846 -0.734659 -0.420695 0.00958248 0.907152 72.1089 
0.892745 -0.0307533 0.449512 2.82449 0.0338494 0.999426 0.00114933 -0.74265 -0.449289 0.0141896 0.893274 72.9613 
0.877298 -0.0312145 0.478929 3.27716 0.0331133 0.999441 0.00448232 -0.75075 -0.478802 0.0119265 0.877842 73.8062 
0.859835 -0.0300337 0.509688 3.75344 0.0288958 0.999531 0.0101512 -0.759414 -0.509754 0.00599946 0.860299 74.6358 
0.840456 -0.0301004 0.541043 4.25639 0.0267848 0.999543 0.014001 -0.768385 -0.541218 0.00272448 0.840878 75.4364 
0.819553 -0.0238928 0.572505 4.78117 0.0228041 0.999699 0.0090764 -0.771831 -0.572549 0.00561684 0.819851 76.212 
0.797771 -0.0169046 0.602723 5.33168 0.019732 0.999803 0.00192389 -0.773727 -0.602637 0.010358 0.797948 76.9617 
0.775528 -0.014601 0.631144 5.90666 0.0187825 0.999824 5.07072e-05 -0.780639 -0.631034 0.0118151 0.775665 77.6807 
0.752367 -0.0170044 0.658524 6.51474 0.0197335 0.9998 0.00327103 -0.790752 -0.658448 0.0105339 0.752553 78.3833 
0.728029 -0.0172166 0.68533 7.13853 0.0198843 0.999794 0.00399313 -0.803735 -0.685258 0.0107201 0.728221 79.0563 
0.703069 -0.0153699 0.710955 7.77935 0.0205915 0.999787 0.00125091 -0.813809 -0.710823 0.0137601 0.703236 79.6946 
0.677015 -0.0128512 0.735857 8.43451 0.0205482 0.999788 -0.00144461 -0.819833 -0.735682 0.0160985 0.677135 80.3062 
0.650247 -0.0104122 0.759652 9.11529 0.0187287 0.999822 -0.00232748 -0.830635 -0.759492 0.0157407 0.650326 80.9029 
0.622596 -0.00903743 0.782491 9.81857 0.0188017 0.999817 -0.00341245 -0.844815 -0.782317 0.0168367 0.622653 81.4681 
0.594059 -0.00254625 0.804417 10.5371 0.0172372 0.999806 -0.00956505 -0.862893 -0.804236 0.0195481 0.593988 82.0091 
0.564211 0.00670141 0.825604 11.2779 0.0161739 0.999685 -0.0191677 -0.880247 -0.825472 0.0241678 0.563925 82.5279 
0.533511 0.0149467 0.845661 12.0415 0.0150681 0.999517 -0.0271723 -0.905195 -0.845659 0.0272392 0.533028 83.0199 
0.501795 0.019943 0.864756 12.8321 0.0126279 0.999459 -0.0303773 -0.931548 -0.864894 0.0261632 0.501272 83.4934 
0.469472 0.019671 0.882728 13.6482 0.0105319 0.999556 -0.0278758 -0.962934 -0.882884 0.0223837 0.469057 83.9407 
0.436172 0.0185785 0.899672 14.4788 0.00570994 0.999709 -0.0234127 -0.995336 -0.899845 0.015349 0.435939 84.3634 
0.401934 0.0199672 0.915451 15.3289 0.00152032 0.999746 -0.0224734 -1.02577 -0.915667 0.0104246 0.401802 84.7531 
0.366887 0.0230754 0.929979 16.1931 -0.00552677 0.999729 -0.0226258 -1.05479 -0.930249 0.0031613 0.366915 85.1136 
0.331294 0.0249977 0.943196 17.0762 -0.010428 0.999685 -0.0228321 -1.08362 -0.94347 -0.00227149 0.33145 85.4431 
0.295255 0.0245066 0.955104 17.9781 -0.0130803 0.999681 -0.0216069 -1.11081 -0.955329 -0.0061135 0.295482 85.7394 
0.25918 0.0239379 0.965532 18.8944 -0.0137826 0.999683 -0.0210849 -1.14165 -0.965731 -0.0078428 0.259428 85.9967 
0.223241 0.0234181 0.974482 19.8248 -0.0132605 0.999692 -0.0209863 -1.17101 -0.974673 -0.00823717 0.223483 86.2201 
0.188109 0.0222397 0.981896 20.7688 -0.0108125 0.99973 -0.0205723 -1.19471 -0.982089 -0.00674693 0.188299 86.4044 
0.153734 0.0211634 0.987886 21.7209 -0.00277057 0.999776 -0.0209871 -1.22461 -0.988108 0.000489416 0.153758 86.5515 
0.120154 0.0246251 0.99245 22.6835 -0.000545323 0.999694 -0.0247389 -1.25571 -0.992755 0.00243126 0.12013 86.6695 
0.0873352 0.0295373 0.995741 23.6465 0.00031014 0.999559 -0.0296778 -1.28926 -0.996179 0.00290074 0.0872876 86.7635 
0.0582733 0.0332542 0.997747 24.6086 0.00705413 0.999406 -0.0337216 -1.325 -0.998276 0.0090033 0.0580042 86.8203 
0.0330467 0.0313976 0.99896 25.5859 0.00873837 0.999459 -0.0317024 -1.36385 -0.999416 0.00977695 0.0327545 86.8535 
0.0105831 0.0284101 0.99954 26.5708 0.0104364 0.999539 -0.0285207 -1.40205 -0.999889 0.0107334 0.0102818 86.8735 
-0.00823856 0.025758 0.999634 27.5608 0.0107295 0.999613 -0.0256691 -1.44026 -0.999908 0.0105141 -0.00851174 86.8733 
-0.024808 0.0288699 0.999275 28.5479 0.0125396 0.999513 -0.0285656 -1.47556 -0.999614 0.0118219 -0.025158 86.8554 
-0.039324 0.0334118 0.998668 29.5365 0.0154076 0.999342 -0.0328277 -1.51053 -0.999108 0.0140962 -0.0398129 86.8205 
-0.0515171 0.0384764 0.997931 30.5251 0.0197251 0.999102 -0.0375033 -1.55089 -0.998477 0.0177522 -0.0522298 86.7766 
-0.0602987 0.0418074 0.997304 31.5217 0.0247266 0.998878 -0.0403784 -1.59646 -0.997874 0.0222252 -0.0612648 86.7186 
-0.0660742 0.0472433 0.996696 32.525 0.0287738 0.998553 -0.045424 -1.64461 -0.9974 0.0256773 -0.067338 86.6512 
-0.0696474 0.0520785 0.996211 33.5258 0.0305401 0.99828 -0.0500515 -1.69674 -0.997104 0.0269384 -0.0711181 86.5874 
-0.0722973 0.0559077 0.995815 34.5312 0.0326875 0.998024 -0.0536587 -1.75777 -0.996847 0.0286713 -0.0739819 86.5184 
-0.0748938 0.0588675 0.995452 35.5394 0.0331299 0.997852 -0.056517 -1.82018 -0.996641 0.0287465 -0.0766832 86.4482 
-0.0771931 0.0621791 0.995075 36.5481 0.0341064 0.997634 -0.0596933 -1.88969 -0.996433 0.0293305 -0.0791311 86.3751 
-0.0791206 0.0658568 0.994687 37.5637 0.0354229 0.997371 -0.0632169 -1.95652 -0.996235 0.030233 -0.0812454 86.3052 
-0.0812384 0.0673124 0.994419 38.5782 0.0380192 0.9972 -0.0643948 -2.02723 -0.995969 0.0325757 -0.0835701 86.2253 
-0.0832713 0.0660191 0.994338 39.5967 0.038111 0.997284 -0.0630232 -2.10083 -0.995798 0.0326472 -0.0855612 86.1487 
-0.0852719 0.0657636 0.994185 40.622 0.0374708 0.997325 -0.0627575 -2.173 -0.995653 0.0319015 -0.0875081 86.0666 
-0.0872797 0.0672346 0.993912 41.6534 0.0375026 0.997234 -0.0641662 -2.24228 -0.995478 0.0316739 -0.0895598 85.9811 
-0.0895188 0.069503 0.993557 42.6792 0.0366304 0.997117 -0.0664517 -2.31593 -0.995311 0.0304457 -0.0918066 85.8977 
-0.0919559 0.0718895 0.993165 43.7185 0.0349547 0.997009 -0.0689314 -2.38974 -0.995149 0.0283772 -0.0941937 85.8098 
-0.0941785 0.0755275 0.992686 44.7636 0.032578 0.996818 -0.0727512 -2.46931 -0.995022 0.0254881 -0.0963393 85.7191 
-0.0963181 0.079853 0.992142 45.8073 0.029091 0.996577 -0.0773858 -2.55105 -0.994925 0.0214088 -0.0983114 85.6283 
-0.0990441 0.0823499 0.99167 46.8503 0.0268029 0.996429 -0.0800682 -2.63652 -0.994722 0.0186493 -0.100898 85.539 
-0.101561 0.0809512 0.99153 47.9043 0.0248039 0.99658 -0.0788229 -2.72109 -0.99452 0.0165885 -0.103222 85.4382 
-0.104572 0.0767103 0.991554 48.9533 0.0216555 0.99696 -0.0748447 -2.81023 -0.994281 0.013646 -0.105915 85.3468 
-0.106914 0.075151 0.991424 50.0069 0.0218117 0.997077 -0.0732274 -2.89434 -0.994029 0.0137956 -0.10824 85.245 
-0.108902 0.0757331 0.991163 51.0608 0.0211312 0.997045 -0.0738608 -2.97954 -0.993828 0.0129009 -0.11018 85.1448 
-0.109972 0.0785631 0.990825 52.1191 0.0225961 0.996811 -0.0765298 -3.06491 -0.993678 0.0139726 -0.111397 85.0358 
-0.110656 0.0813245 0.990526 53.1787 0.0228504 0.996591 -0.0792699 -3.15115 -0.993596 0.0138623 -0.112137 84.9265 
-0.111007 0.0819616 0.990434 54.2318 0.0216239 0.996557 -0.0800448 -3.24382 -0.993584 0.0125316 -0.112397 84.8251 
-0.110822 0.0808437 0.990547 55.2934 0.0186933 0.996679 -0.0792528 -3.33456 -0.993664 0.00973363 -0.111966 84.7233 
-0.110939 0.0801426 0.99059 56.3596 0.014907 0.996765 -0.0789728 -3.42801 -0.993715 0.00600556 -0.111775 84.6248 
-0.110928 0.0812363 0.990503 57.4319 0.010998 0.996693 -0.0805124 -3.52234 -0.993768 0.00196247 -0.111454 84.5233 
-0.111235 0.0815659 0.990441 58.5085 0.00665963 0.996665 -0.0813305 -3.61323 -0.993772 -0.00245078 -0.111407 84.4229 
-0.111401 0.081182 0.990454 59.5936 0.00341354 0.996683 -0.0813087 -3.70615 -0.99377 -0.00567689 -0.111308 84.319 
-0.111745 0.0759933 0.990827 60.6841 0.00363059 0.997096 -0.0760648 -3.79783 -0.99373 -0.00490259 -0.111697 84.2129 
-0.112018 0.0672849 0.991425 61.7842 0.00665967 0.997733 -0.0669606 -3.88558 -0.993684 -0.000898242 -0.112212 84.1013 
-0.111981 0.0617253 0.991791 62.8897 0.0120948 0.99808 -0.0607511 -3.96783 -0.993637 0.00519259 -0.112512 83.9859 
-0.111159 0.0641991 0.991727 63.9939 0.0202942 0.99785 -0.0623209 -4.04048 -0.993595 0.0131988 -0.112223 83.8631 
-0.110008 0.0697469 0.99148 65.0949 0.025711 0.997401 -0.0673107 -4.11634 -0.993598 0.0180873 -0.111515 83.7424 
-0.108875 0.0755167 0.991183 66.2069 0.0292757 0.996921 -0.0727383 -4.19658 -0.993624 0.0210982 -0.11075 83.6224 
-0.108117 0.0798093 0.990929 67.3175 0.0300037 0.99658 -0.0769909 -4.28612 -0.993685 0.0214075 -0.110142 83.5107 
-0.107902 0.0770558 0.991171 68.4417 0.0270145 0.996851 -0.0745566 -4.37636 -0.993794 0.0187312 -0.109644 83.4033 
-0.107722 0.0724622 0.991537 69.58 0.0260293 0.997204 -0.0700485 -4.4668 -0.99384 0.0182633 -0.109307 83.2949 
-0.107491 0.0703166 0.991716 70.7073 0.0236476 0.997394 -0.0681561 -4.55214 -0.993925 0.0161255 -0.108874 83.1866 
-0.107481 0.0711061 0.991661 71.8395 0.0219653 0.997365 -0.0691346 -4.63699 -0.993964 0.0143515 -0.108759 83.083 
-0.107034 0.0763784 0.991317 72.9808 0.0232506 0.996965 -0.0743032 -4.72355 -0.993983 0.0150957 -0.108485 82.9701 
-0.106111 0.0790659 0.991206 74.1206 0.0231101 0.99676 -0.077035 -4.81233 -0.994086 0.0147326 -0.107595 82.8562 
-0.105566 0.0779865 0.991349 75.2711 0.0235134 0.996837 -0.0759144 -4.90345 -0.994134 0.015296 -0.107066 82.7452 
-0.10456 0.0711562 0.99197 76.4355 0.0252403 0.997306 -0.0688786 -4.99476 -0.994198 0.0178357 -0.106074 82.6288 
-0.104888 0.0696226 0.992044 77.5899 0.0248289 0.997419 -0.0673748 -5.08282 -0.994174 0.0175645 -0.106346 82.5148 
-0.104192 0.0727614 0.991892 78.743 0.0223692 0.997239 -0.070804 -5.16835 -0.994306 0.0148106 -0.105532 82.408 
-0.103984 0.0760174 0.99167 79.9082 0.0216686 0.997011 -0.0741548 -5.25428 -0.994343 0.0137772 -0.105321 82.3036 
-0.103737 0.0755001 0.991735 81.0836 0.0209889 0.997059 -0.07371 -5.34672 -0.994383 0.013169 -0.105017 82.191 
-0.103433 0.0719523 0.99203 82.2646 0.0206625 0.99732 -0.0701817 -5.43886 -0.994422 0.0132387 -0.104643 82.0835 
-0.102326 0.0707387 0.992232 83.4541 0.0214184 0.997394 -0.0688979 -5.53115 -0.99452 0.014202 -0.103574 81.9666 
-0.10109 0.0711441 0.99233 84.6452 0.0228474 0.997343 -0.069176 -5.62043 -0.994615 0.0156792 -0.102447 81.8539 
-0.0999615 0.0713972 0.992426 85.8487 0.0254968 0.997278 -0.0691782 -5.70705 -0.994664 0.0183885 -0.10151 81.7388 
-0.0988146 0.0708772 0.992578 87.0432 0.0250532 0.997321 -0.0687218 -5.79792 -0.99479 0.0180766 -0.100326 81.6341 
-0.0974394 0.0714361 0.992674 88.245 0.0264862 0.997253 -0.0691659 -5.88852 -0.994889 0.0195527 -0.0990639 81.5285 
-0.0962265 0.0696342 0.992921 89.458 0.026796 0.997369 -0.0673494 -5.97771 -0.994999 0.0201255 -0.0978393 81.4225 
-0.0948386 0.0688316 0.99311 90.6753 0.0252739 0.997452 -0.066719 -6.06709 -0.995172 0.0187722 -0.0963366 81.3175 
-0.0934614 0.0682247 0.993283 91.8973 0.0264437 0.997467 -0.066024 -6.15325 -0.995272 0.0200953 -0.0950288 81.2142 
-0.0917769 0.0691925 0.993373 93.1225 0.0243605 0.99744 -0.0672252 -6.24235 -0.995481 0.0180293 -0.0932276 81.1159 
-0.090078 0.0718619 0.993339 94.3478 0.0250474 0.997241 -0.069873 -6.33134 -0.99562 0.0185866 -0.0916294 81.0138 
-0.0890248 0.0708297 0.993508 95.5787 0.0228078 0.997352 -0.0690601 -6.42064 -0.995768 0.0165117 -0.0904045 80.9216 
-0.088543 0.0694581 0.993648 96.8162 0.0192987 0.997498 -0.0680077 -6.5145 -0.995885 0.0131545 -0.089662 80.8288 
-0.0883801 0.0706841 0.993576 98.0549 0.0164585 0.997446 -0.0694956 -6.60422 -0.995951 0.0102107 -0.0893178 80.7369 
-0.0885502 0.0701549 0.993598 99.2984 0.0138854 0.997507 -0.0691935 -6.69537 -0.995975 0.00766941 -0.0893036 80.6435 
-0.0896 0.0676551 0.993677 100.548 0.0112877 0.997695 -0.0669109 -6.7896 -0.995914 0.00522114 -0.0901572 80.549 
-0.0908404 0.0660998 0.993669 101.808 0.00909211 0.997808 -0.065544 -6.88412 -0.995824 0.00308052 -0.0912422 80.4518 
-0.0924503 0.0655743 0.993556 103.069 0.00749089 0.997847 -0.0651606 -6.97305 -0.995689 0.00141851 -0.0927425 80.3543 
-0.0939372 0.0658076 0.993401 104.329 0.00783176 0.997831 -0.0653606 -7.06393 -0.995547 0.00164029 -0.0942488 80.249 
-0.0962439 0.0644236 0.993271 105.59 0.00733317 0.997922 -0.0640148 -7.15355 -0.995331 0.0011228 -0.0965164 80.143 
-0.0992621 0.0598538 0.993259 106.851 0.00468443 0.998206 -0.0596838 -7.24144 -0.99505 -0.00127148 -0.0993644 80.0354 
-0.103607 0.0597754 0.99282 108.107 0.0042796 0.99821 -0.0596533 -7.32784 -0.994609 -0.00193162 -0.103677 79.9226 
-0.109126 0.0657145 0.991853 109.339 -0.00074973 0.997807 -0.0661915 -7.41741 -0.994028 -0.0079668 -0.108837 79.809 
-0.116023 0.068765 0.990863 110.577 3.78512e-05 0.997601 -0.0692282 -7.50872 -0.993246 -0.00799456 -0.115747 79.6825 
-0.124881 0.0647829 0.990054 111.83 0.00187555 0.99788 -0.0650584 -7.6039 -0.99217 -0.00626765 -0.124738 79.5402 
-0.135508 0.0626632 0.988793 113.084 0.00419204 0.998025 -0.0626739 -7.69817 -0.990767 -0.00434776 -0.135503 79.3789 
-0.148305 0.0635715 0.986896 114.314 0.00492854 0.997967 -0.063544 -7.78753 -0.988929 -0.00455994 -0.148317 79.2072 
-0.162637 0.0637947 0.984621 115.538 0.00697015 0.997957 -0.0635074 -7.8754 -0.986661 -0.00346569 -0.162749 79.0249 
-0.176987 0.0613906 0.982297 116.754 0.00761605 0.998108 -0.0610066 -7.96765 -0.984184 -0.00331618 -0.17712 78.8225 
-0.192488 0.063771 0.979225 117.95 0.0118657 0.997964 -0.062659 -8.05676 -0.981228 -0.000441927 -0.192852 78.6012 
-0.207626 0.0672675 0.975893 119.13 0.0125537 0.997734 -0.0661022 -8.14491 -0.978128 -0.00147351 -0.208 78.3663 
-0.222787 0.0712169 0.972262 120.305 0.0125689 0.997455 -0.0701822 -8.23584 -0.974786 -0.0034154 -0.223115 78.1167 
-0.238759 0.0693172 0.968602 121.488 0.00904819 0.997564 -0.0691596 -8.3274 -0.971037 -0.00774835 -0.238804 77.8468 
-0.254659 0.0638403 0.964921 122.675 0.00388458 0.997878 -0.0649956 -8.4207 -0.967023 -0.0128034 -0.254367 77.5597 
-0.270438 0.0599982 0.960866 123.845 -3.92817e-05 0.998055 -0.0623315 -8.50966 -0.962737 -0.0168946 -0.26991 77.2586 
-0.285444 0.0616408 0.956411 125.012 -0.0013144 0.997903 -0.0647074 -8.59623 -0.958394 -0.0197275 -0.284765 76.9334 
-0.299876 0.0637295 0.951847 126.175 -0.00150289 0.997733 -0.0672753 -8.68286 -0.953977 -0.0216048 -0.299101 76.5881 
-0.31361 0.0661913 0.947242 127.325 0.000425996 0.997577 -0.0695677 -8.77328 -0.949552 -0.0214136 -0.312879 76.2221 
-0.327557 0.0663347 0.9425 128.466 0.00273658 0.997595 -0.0692613 -8.86488 -0.944827 -0.0201078 -0.326951 75.8376 
-0.341625 0.0643568 0.93763 129.604 0.00237968 0.997709 -0.0676134 -8.95726 -0.939833 -0.0208672 -0.340996 75.4437 
-0.356091 0.0632781 0.932306 130.738 0.00220824 0.997759 -0.0668772 -9.04735 -0.934448 -0.0217556 -0.355433 75.029 
-0.370757 0.0648427 0.926463 131.851 0.00106744 0.997589 -0.0693936 -9.13811 -0.928729 -0.0247392 -0.369932 74.6036 
-0.385961 0.067005 0.920078 132.96 0.00196571 0.997416 -0.0718127 -9.23044 -0.922513 -0.0259083 -0.385096 74.164 
-0.400523 0.0688119 0.913699 134.059 0.00328902 0.997278 -0.0736647 -9.32409 -0.916281 -0.0264992 -0.399659 73.6985 
-0.415081 0.0714722 0.906973 135.152 0.0061353 0.997107 -0.0757672 -9.42161 -0.909764 -0.0258849 -0.414318 73.2141 
-0.429821 0.0750217 0.899792 136.242 0.00591246 0.996755 -0.0802819 -9.52012 -0.902895 -0.0291869 -0.42887 72.7117 
-0.444918 0.0773683 0.892223 137.328 0.00689311 0.996528 -0.0829757 -9.62055 -0.895545 -0.0307672 -0.443907 72.1898 
-0.460231 0.0748336 0.884639 138.411 0.00575889 0.996672 -0.0813146 -9.72591 -0.88778 -0.032329 -0.459131 71.6498 
-0.476345 0.0705575 0.876423 139.498 0.00283605 0.996893 -0.0787148 -9.82999 -0.879254 -0.0350098 -0.475065 71.0865 
-0.492479 0.0706871 0.867449 140.567 0.00236175 0.996801 -0.079887 -9.93351 -0.870321 -0.037294 -0.491071 70.5057 
-0.508524 0.0698691 0.858209 141.637 0.00104465 0.996752 -0.0805293 -10.0344 -0.861047 -0.0400545 -0.506945 69.8976 
-0.524447 0.068938 0.848647 142.696 0.000521119 0.996743 -0.0806462 -10.139 -0.851443 -0.0418524 -0.522775 69.27 
-0.540248 0.0685777 0.838707 143.743 -0.000710976 0.996636 -0.081949 -10.2458 -0.841506 -0.0448691 -0.538382 68.6244 
-0.555769 0.0679494 0.828555 144.783 -0.00104295 0.996596 -0.08243 -10.3538 -0.831336 -0.0466761 -0.553806 67.956 
-0.571333 0.0652876 0.818117 145.827 -0.00148703 0.996747 -0.0805812 -10.4613 -0.820717 -0.0472552 -0.569377 67.2622 
-0.586831 0.0618112 0.807346 146.857 -0.00134364 0.997006 -0.0773085 -10.5679 -0.809708 -0.0464518 -0.584992 66.549 
-0.602027 0.0602878 0.796196 147.87 -0.000418423 0.997121 -0.0758183 -10.671 -0.798475 -0.0459778 -0.600269 65.8147 
-0.617155 0.0585248 0.784662 148.876 -0.00120365 0.997159 -0.0753209 -10.7768 -0.78684 -0.0474291 -0.615331 65.0602 
-0.632177 0.0597165 0.772519 149.864 -0.00250723 0.996863 -0.0791103 -10.8805 -0.77482 -0.0519486 -0.630044 64.2817 
-0.6476 0.0591074 0.759685 150.842 -0.00472376 0.996656 -0.0815718 -10.9882 -0.761966 -0.0564144 -0.645155 63.4851 
-0.663827 0.055991 0.745787 151.836 -0.00655525 0.99672 -0.080665 -11.0951 -0.747858 -0.0584364 -0.661282 62.6502 
-0.680357 0.0483419 0.731284 152.805 -0.010497 0.997077 -0.0756783 -11.2015 -0.732805 -0.0591645 -0.677861 61.7866 
-0.697681 0.0459303 0.714935 153.752 -0.0113516 0.997109 -0.075136 -11.3066 -0.716319 -0.0605366 -0.695142 60.9072 
-0.715409 0.0432609 0.697365 154.675 -0.0131544 0.99707 -0.0753478 -11.4096 -0.698582 -0.0630779 -0.712744 60.001 
-0.733406 0.0393518 0.67865 155.576 -0.016448 0.997003 -0.0755867 -11.514 -0.679591 -0.0665983 -0.730562 59.0788 
-0.750374 0.0374767 0.65995 156.444 -0.0161975 0.997049 -0.0750364 -11.6164 -0.660815 -0.0669949 -0.747553 58.1372 
-0.766645 0.0393576 0.640864 157.291 -0.014239 0.996832 -0.0782525 -11.7253 -0.641913 -0.0691172 -0.763656 57.1682 
-0.782048 0.038842 0.622006 158.113 -0.010916 0.997049 -0.0759868 -11.8327 -0.623122 -0.0662152 -0.779316 56.1687 
-0.796869 0.0399926 0.602827 158.918 -0.00702813 0.997125 -0.0754415 -11.944 -0.604111 -0.0643537 -0.794297 55.1322 
-0.811832 0.0412056 0.582435 159.691 -0.00518395 0.996959 -0.0777576 -12.0579 -0.583868 -0.0661454 -0.809149 54.1035 
-0.82574 0.0429541 0.562413 160.434 -0.00410942 0.996611 -0.0821493 -12.1669 -0.564036 -0.0701452 -0.822765 53.0561 
-0.839073 0.0433578 0.542287 161.153 -0.00151785 0.996628 -0.0820325 -12.279 -0.544016 -0.0696544 -0.836179 51.9823 
-0.851048 0.0413881 0.523453 161.851 -0.000296129 0.996851 -0.0792998 -12.3952 -0.525087 -0.067643 -0.848356 50.8833 
-0.861886 0.0430366 0.505273 162.514 0.00228704 0.996712 -0.0809937 -12.508 -0.507097 -0.0686517 -0.85915 49.7894 
-0.871592 0.0458034 0.488087 163.151 0.00511679 0.996421 -0.0843697 -12.6217 -0.490205 -0.0710385 -0.868707 48.6829 
-0.880818 0.0437193 0.471433 163.779 0.00361459 0.996319 -0.0856423 -12.7407 -0.473442 -0.0737312 -0.877734 47.5568 
-0.889343 0.0409462 0.455404 164.386 0.00246237 0.996397 -0.0847793 -12.8624 -0.457235 -0.0742764 -0.886239 46.4137 
-0.89697 0.0383134 0.440429 165.001 0.00121996 0.996448 -0.0841977 -13.0124 -0.44209 -0.0749855 -0.893831 45.2642 
-0.904041 0.0361349 0.425915 165.588 0.000409443 0.996493 -0.0836739 -13.1296 -0.427445 -0.0754703 -0.900885 44.0982 
-0.910604 0.033242 0.41194 166.156 -0.000969577 0.996585 -0.0825641 -13.2549 -0.413278 -0.0755826 -0.907463 42.919 
-0.916567 0.0283271 0.398875 166.698 -0.00348938 0.996883 -0.0788143 -13.3706 -0.399865 -0.0736305 -0.913612 41.7444 
-0.921733 0.0251556 0.387008 167.219 -0.0045357 0.997127 -0.0756161 -13.4774 -0.387798 -0.0714532 -0.918971 40.5591 
-0.926352 0.0251641 0.375818 167.729 -0.00223843 0.99738 -0.0723004 -13.585 -0.376653 -0.0678169 -0.923869 39.372 
-0.929516 0.0295448 0.367596 168.209 0.00242339 0.997253 -0.0740243 -13.6893 -0.368774 -0.067916 -0.927035 38.1745 
-0.931806 0.0347041 0.361293 168.682 0.00779653 0.997102 -0.0756689 -13.7925 -0.362873 -0.0676919 -0.929377 36.977 
-0.933746 0.0380026 0.355913 169.15 0.010735 0.996874 -0.0782779 -13.8938 -0.357775 -0.0692709 -0.931235 35.7841 
-0.93556 0.0353059 0.351399 169.614 0.00869945 0.996992 -0.077009 -14.0034 -0.353061 -0.0689896 -0.933053 34.5897 
-0.937477 0.0279445 0.346924 170.085 0.00244609 0.997276 -0.07372 -14.1059 -0.348039 -0.0682622 -0.934991 33.3895 
-0.939405 0.0217554 0.342118 170.553 -0.00314105 0.997396 -0.0720497 -14.2098 -0.342795 -0.0687585 -0.93689 32.184 
-0.941122 0.0152896 0.337721 171.014 -0.0101853 0.997241 -0.073531 -14.3119 -0.337914 -0.0726414 -0.93837 30.9821 
-0.942478 0.0130488 0.334014 171.47 -0.0132783 0.996988 -0.0764159 -14.415 -0.334005 -0.0764554 -0.939465 29.7737 
-0.943234 0.0134587 0.331855 171.914 -0.0135398 0.99679 -0.0789099 -14.5202 -0.331851 -0.0789238 -0.940024 28.5719 
-0.943553 0.0140812 0.330922 172.357 -0.0136263 0.9966 -0.0812591 -14.6265 -0.330942 -0.0811815 -0.940153 27.3711 
-0.943405 0.0167757 0.331217 172.795 -0.0113929 0.996491 -0.0829214 -14.7416 -0.331446 -0.082002 -0.939904 26.1641 
-0.943039 0.0176621 0.332213 173.236 -0.0111299 0.996356 -0.0845651 -14.8577 -0.332496 -0.0834457 -0.939406 24.9614 
-0.942545 0.0186396 0.333558 173.683 -0.0109081 0.996193 -0.0864916 -14.9769 -0.3339 -0.0851607 -0.938753 23.7436 
-0.941801 0.0198925 0.335581 174.126 -0.0096779 0.996229 -0.0862153 -15.0945 -0.33603 -0.0844454 -0.938058 22.5398 
-0.940935 0.0194874 0.338027 174.572 -0.0105558 0.996169 -0.0868128 -15.2139 -0.338424 -0.0852533 -0.937124 21.3455 
-0.939559 0.0182515 0.341901 175.025 -0.0122953 0.996135 -0.0869642 -15.3329 -0.342167 -0.0859117 -0.935703 20.154 
-0.937833 0.0166569 0.346686 175.483 -0.0137558 0.996279 -0.0850788 -15.4465 -0.346813 -0.0845586 -0.934115 18.9661 
-0.935868 0.0142145 0.352064 175.951 -0.0159371 0.996456 -0.082596 -15.5601 -0.351991 -0.0829098 -0.932324 17.7922 
-0.933198 0.0120995 0.359158 176.422 -0.0178476 0.996639 -0.0799487 -15.6718 -0.358919 -0.0810181 -0.929846 16.6116 
-0.930492 0.0142403 0.366034 176.902 -0.0163237 0.996639 -0.0802698 -15.781 -0.365947 -0.0806655 -0.927133 15.439 
-0.927304 0.0140901 0.374043 177.387 -0.01739 0.99659 -0.0806537 -15.8898 -0.373904 -0.0812951 -0.923897 14.2985 
-0.923293 0.0174199 0.3837 177.878 -0.0156808 0.996429 -0.0829703 -16 -0.383775 -0.0826226 -0.919723 13.1413 
-0.918865 0.0186334 0.394131 178.385 -0.0151313 0.996485 -0.0823878 -16.1097 -0.394281 -0.081667 -0.915354 11.9894 
-0.913618 0.0206799 0.406047 178.911 -0.014589 0.996395 -0.0835718 -16.2266 -0.406312 -0.0822765 -0.910023 10.8367 
-0.907577 0.0230181 0.419254 179.454 -0.0138726 0.996307 -0.0847304 -16.3436 -0.419656 -0.0827155 -0.903906 9.67997 
-0.901208 0.0256589 0.432626 180.02 -0.0121036 0.996366 -0.0843072 -16.4653 -0.433218 -0.0812147 -0.897623 8.52117 
-0.894719 0.0247807 0.445941 180.597 -0.0130938 0.996575 -0.0816501 -16.5827 -0.446437 -0.078893 -0.89133 7.38653 
-0.887845 0.0275504 0.459318 181.191 -0.0115843 0.996551 -0.0821663 -16.6959 -0.459997 -0.0782717 -0.884464 6.25728 
-0.880764 0.0295435 0.472632 181.798 -0.0100766 0.996657 -0.0810776 -16.8109 -0.473448 -0.0761728 -0.877522 5.14574 
-0.873073 0.0310786 0.486598 182.422 -0.00865186 0.996822 -0.0791897 -16.9222 -0.487513 -0.0733483 -0.870029 4.03899 
-0.865127 0.0325262 0.500497 183.057 -0.0067005 0.997056 -0.0763786 -17.0342 -0.501508 -0.0694307 -0.862363 2.95703 
-0.856808 0.035023 0.514445 183.703 -0.00401641 0.997207 -0.0745784 -17.1457 -0.515621 -0.0659656 -0.854274 1.89426 
-0.847327 0.0381328 0.529701 184.368 -0.000893364 0.997315 -0.0732252 -17.2514 -0.531071 -0.0625189 -0.845018 0.837923 
-0.836667 0.0405189 0.546212 185.052 0.00142191 0.997417 -0.0718121 -17.3578 -0.547711 -0.0593061 -0.834563 -0.199636 
-0.825382 0.0436215 0.562887 185.752 0.00442161 0.997479 -0.0708172 -17.4599 -0.564558 -0.0559623 -0.823494 -1.22078 
-0.813816 0.0453729 0.579348 186.474 0.00542117 0.997497 -0.0705059 -17.5578 -0.581097 -0.0542381 -0.812025 -2.22168 
-0.801878 0.0474801 0.595598 187.222 0.00659263 0.99748 -0.0706416 -17.6544 -0.597451 -0.0527194 -0.800171 -3.208 
-0.788693 0.0498051 0.612766 187.983 0.00835553 0.997489 -0.0703208 -17.7535 -0.61473 -0.0503416 -0.78713 -4.18097 
-0.774615 0.0506051 0.630406 188.762 0.00964426 0.997623 -0.0682326 -17.8492 -0.63236 -0.0467742 -0.773261 -5.13184 
-0.758887 0.0523178 0.649118 189.561 0.0114837 0.997688 -0.0669863 -17.9434 -0.651121 -0.0433808 -0.757733 -6.06443 
-0.741837 0.0549213 0.668327 190.381 0.0125302 0.997602 -0.0680718 -18.0382 -0.670463 -0.042124 -0.740746 -6.96895 
-0.724174 0.0577947 0.687191 191.21 0.0131512 0.997458 -0.0700301 -18.1343 -0.689492 -0.0416765 -0.723093 -7.84381 
-0.706396 0.0582832 0.705413 192.062 0.0114504 0.997415 -0.0709428 -18.2254 -0.707724 -0.0420364 -0.705237 -8.67464 
-0.687459 0.0583577 0.723875 192.942 0.00948213 0.997402 -0.071404 -18.317 -0.726162 -0.0422234 -0.686226 -9.48869 
-0.667145 0.0577459 0.742686 193.832 0.00735861 0.997453 -0.0709447 -18.4162 -0.744891 -0.0418653 -0.665871 -10.2772 
-0.646404 0.0584785 0.760751 194.735 0.00536762 0.997382 -0.0721075 -18.5084 -0.762976 -0.0425272 -0.645026 -11.034 
-0.625448 0.0581949 0.778092 195.669 0.00205669 0.997334 -0.0729392 -18.6002 -0.780263 -0.0440194 -0.623901 -11.7651 
-0.604098 0.0587114 0.794744 196.621 -4.29441e-06 0.997282 -0.0736771 -18.6859 -0.79691 -0.0445116 -0.602456 -12.4702 
-0.581101 0.0587112 0.811711 197.583 -0.000721425 0.997357 -0.0726556 -18.7796 -0.813831 -0.0428058 -0.579522 -13.1484 
-0.556764 0.0596032 0.82853 198.564 -0.00138178 0.997355 -0.0726768 -18.8731 -0.83067 -0.0416087 -0.555209 -13.7958 
-0.530984 0.0628524 0.845048 199.56 -0.000246109 0.997234 -0.0743263 -18.9679 -0.847382 -0.039674 -0.529499 -14.4165 
-0.5036 0.0636718 0.861587 200.58 -0.000995815 0.997237 -0.0742785 -19.06 -0.863936 -0.0382646 -0.502145 -15.0115 
-0.476062 0.0624661 0.87719 201.621 -0.00277009 0.997363 -0.0725272 -19.1584 -0.879407 -0.0369573 -0.474633 -15.5666 
-0.447534 0.0605462 0.892215 202.671 -0.00453294 0.997539 -0.0699673 -19.2523 -0.894256 -0.0353571 -0.446158 -16.0874 
-0.417927 0.0621217 0.906354 203.733 -0.00544988 0.99747 -0.0708798 -19.3369 -0.908464 -0.0345621 -0.416532 -16.5652 
-0.386583 0.0648222 0.919974 204.815 -0.00628402 0.997318 -0.0729126 -19.4262 -0.922233 -0.0339679 -0.385139 -17.0124 
-0.354519 0.0664054 0.932688 205.887 -0.00512169 0.997322 -0.0729541 -19.5215 -0.935035 -0.0306406 -0.35323 -17.4176 
-0.322961 0.0668677 0.944047 206.961 -0.00472274 0.997375 -0.0722607 -19.6124 -0.9464 -0.0277959 -0.321798 -17.7741 
-0.290388 0.0670858 0.954554 208.071 -0.00532702 0.997411 -0.0717184 -19.7013 -0.956894 -0.0259111 -0.289279 -18.0989 
-0.25652 0.0659495 0.964286 209.198 -0.00494769 0.997567 -0.0695419 -19.7966 -0.966526 -0.0226098 -0.255569 -18.3925 
-0.221502 0.0640837 0.973052 210.348 -0.00540935 0.997742 -0.0669412 -19.8893 -0.975145 -0.0200912 -0.220655 -18.6551 
-0.186552 0.062739 0.98044 211.495 -0.00510454 0.997883 -0.0648266 -19.9811 -0.982432 -0.0170982 -0.185837 -18.8704 
-0.151032 0.0621663 0.986572 212.643 -0.00462462 0.997965 -0.0635922 -20.0694 -0.988518 -0.014167 -0.150437 -19.046 
-0.115485 0.0618045 0.991384 213.793 -0.00503276 0.998013 -0.0628041 -20.152 -0.993296 -0.0122423 -0.114945 -19.1764 
-0.0796283 0.0618027 0.994907 214.943 -0.00499858 0.998039 -0.0623974 -20.2353 -0.996812 -0.00994171 -0.0791632 -19.2678 
-0.0443191 0.0623511 0.99707 216.099 -0.00651121 0.998011 -0.0626995 -20.3194 -0.998996 -0.00927091 -0.043825 -19.3119 
-0.00984077 0.0617609 0.998042 217.259 -0.00760301 0.998057 -0.0618369 -20.402 -0.999923 -0.00819665 -0.00935208 -19.3193 
0.0235943 0.0614107 0.997834 218.418 -0.00980028 0.998078 -0.0611941 -20.4798 -0.999673 -0.00833522 0.0241508 -19.2814 
0.0567993 0.0617811 0.996472 219.559 -0.0112444 0.99806 -0.0612386 -20.564 -0.998322 -0.00772637 0.0573838 -19.21 
0.089625 0.0621815 0.994033 220.719 -0.0115041 0.998047 -0.0613955 -20.6393 -0.995909 -0.00593284 0.0901653 -19.0999 
0.121974 0.0604273 0.990692 221.877 -0.0108998 0.998166 -0.0595413 -20.7135 -0.992473 -0.00353591 0.122409 -18.9556 
0.153361 0.0593711 0.986385 223.032 -0.00999228 0.998236 -0.0585309 -20.7914 -0.98812 -0.000879854 0.153684 -18.7761 
0.183758 0.0593505 0.981178 224.187 -0.00897743 0.998235 -0.058701 -20.8693 -0.98293 0.00197833 0.183967 -18.5571 
0.213893 0.059015 0.975073 225.335 -0.00741607 0.998243 -0.0587906 -20.9451 -0.976829 0.00534365 0.213954 -18.3017 
0.244021 0.0581585 0.968024 226.465 -0.00514243 0.998264 -0.0586791 -21.0207 -0.969756 0.00934091 0.243896 -18.0133 
0.274328 0.0565487 0.959972 227.6 -0.00294715 0.998314 -0.0579653 -21.0974 -0.961632 0.0130723 0.274032 -17.6911 
0.304671 0.0552433 0.950854 228.731 -0.00131887 0.99834 -0.0575796 -21.1732 -0.952457 0.0162888 0.304238 -17.333 
0.334197 0.0543606 0.940934 229.842 0.00137098 0.998306 -0.0581622 -21.2528 -0.942502 0.0207276 0.333556 -16.9376 
0.362991 0.0536992 0.930244 230.942 0.00179963 0.998296 -0.0583299 -21.3303 -0.931791 0.0228473 0.362276 -16.5099 
0.391298 0.0518471 0.918802 232.038 0.00236147 0.998352 -0.0573418 -21.4083 -0.920261 0.0246074 0.390531 -16.0456 
0.419473 0.0507912 0.906346 233.125 0.00253295 0.998364 -0.0571203 -21.4836 -0.907764 0.0262561 0.418659 -15.5454 
0.447657 0.0515387 0.892719 234.177 0.00399862 0.998212 -0.0596343 -21.5624 -0.894196 0.0302653 0.446651 -15.0148 
0.475804 0.0526723 0.877973 235.211 0.00490345 0.998031 -0.0625325 -21.6425 -0.879538 0.0340582 0.474608 -14.4607 
0.503008 0.0509111 0.862781 236.242 0.0060811 0.99803 -0.0624373 -21.7264 -0.86426 0.0366531 0.501707 -13.8623 
0.529494 0.0482067 0.846943 237.255 0.00684939 0.998108 -0.0610931 -21.8095 -0.848286 0.0381495 0.528162 -13.2302 
0.554544 0.0463975 0.83086 238.253 0.00613281 0.998189 -0.0598351 -21.8902 -0.832131 0.0382767 0.553256 -12.5621 
0.57748 0.046523 0.815078 239.226 0.0045308 0.998177 -0.0601841 -21.9753 -0.816392 0.038448 0.576216 -11.8664 
0.598144 0.0466346 0.800031 240.185 0.00323077 0.998157 -0.0605993 -22.0535 -0.801382 0.0388318 0.596891 -11.1365 
0.617438 0.0453053 0.785314 241.137 0.00245627 0.998224 -0.0595195 -22.1333 -0.786616 0.0386785 0.61623 -10.3745 
0.635501 0.0426498 0.770921 242.078 0.00240097 0.998359 -0.0572118 -22.2149 -0.772096 0.0382091 0.634356 -9.58695 
0.652767 0.0390895 0.75655 243.007 0.00407377 0.998472 -0.0551043 -22.2946 -0.757548 0.0390522 0.65161 -8.78656 
0.668969 0.0365398 0.742391 243.923 0.00496997 0.998549 -0.0536262 -22.3702 -0.743273 0.0395639 0.667817 -7.95852 
0.684225 0.0340059 0.728477 244.809 0.00696547 0.998562 -0.0531561 -22.447 -0.729237 0.0414449 0.683005 -7.11505 
0.699146 0.0334381 0.714196 245.681 0.00669992 0.998555 -0.0533105 -22.5237 -0.714947 0.0420569 0.697912 -6.24965 
0.713761 0.0320648 0.699655 246.53 0.00729327 0.998557 -0.0532038 -22.5948 -0.700351 0.0430776 0.712497 -5.36525 
0.727924 0.0299104 0.685005 247.365 0.00675131 0.998687 -0.0507815 -22.6658 -0.685625 0.0415897 0.726766 -4.45832 
0.742011 0.0269783 0.669845 248.182 0.00746074 0.998796 -0.0484916 -22.7371 -0.670347 0.0409788 0.740916 -3.53879 
0.755707 0.0251066 0.654429 248.986 0.00799827 0.998836 -0.0475557 -22.8085 -0.654861 0.0411724 0.754627 -2.59613 
0.768762 0.0243937 0.63907 249.761 0.00924411 0.998744 -0.049243 -22.8777 -0.639468 0.0437637 0.767571 -1.63108 
0.780847 0.0235654 0.624278 250.53 0.00973582 0.998708 -0.0498773 -22.9457 -0.624646 0.0450243 0.779609 -0.648058 
0.792271 0.0228759 0.609741 251.287 0.00917776 0.998737 -0.0493953 -23.0166 -0.6101 0.0447305 0.79106 0.357317 
0.803192 0.0204975 0.595367 252.036 0.00965451 0.998829 -0.0474129 -23.0829 -0.595641 0.0438296 0.802054 1.38234 
0.813549 0.0179214 0.581221 252.763 0.0111099 0.998863 -0.04635 -23.1524 -0.581391 0.0441652 0.812425 2.41887 
0.823093 0.0173249 0.567642 253.474 0.0112717 0.998839 -0.0468299 -23.2198 -0.567794 0.0449436 0.821943 3.47602 
0.831906 0.0144846 0.554727 254.174 0.0152568 0.998684 -0.0489572 -23.2867 -0.554707 0.0491911 0.83059 4.54515 
0.840044 0.0119518 0.542387 254.86 0.0166958 0.998714 -0.0478658 -23.3546 -0.542261 0.0492649 0.838764 5.62558 
0.847417 0.00888366 0.530854 255.535 0.0191543 0.998697 -0.0472896 -23.4244 -0.530582 0.0502421 0.846143 6.71932 
0.854055 0.00759677 0.520127 256.196 0.0201847 0.998656 -0.0477297 -23.4894 -0.519791 0.0512624 0.852754 7.82461 
0.85916 0.00654205 0.511666 256.85 0.0205089 0.998675 -0.0472064 -23.5559 -0.511296 0.0510514 0.857887 8.95361 
0.862877 0.00608049 0.505378 257.493 0.0196874 0.998764 -0.045631 -23.6247 -0.505031 0.0493234 0.861691 10.0857 
0.865638 0.0050926 0.500645 258.14 0.0197917 0.998819 -0.0443811 -23.6912 -0.500279 0.0483265 0.864514 11.2336 
0.868147 0.0038241 0.496293 258.78 0.0206275 0.998828 -0.0437795 -23.7621 -0.495879 0.0482443 0.867051 12.3753 
0.870468 0.0023155 0.49222 259.415 0.0217541 0.998831 -0.0431701 -23.8281 -0.491744 0.0482859 0.8694 13.5262 
0.872524 0.000249185 0.488571 260.053 0.022655 0.998903 -0.0409685 -23.8967 -0.488046 0.0468146 0.871562 14.6891 
0.874578 -0.00181168 0.484881 260.685 0.024264 0.998904 -0.0400329 -23.9671 -0.484276 0.046777 0.873664 15.851 
0.876768 -0.00255504 0.480907 261.312 0.0250893 0.998867 -0.040435 -24.0297 -0.480259 0.0475177 0.875839 17.0216 
0.878929 -0.00372387 0.476938 261.94 0.0258298 0.998874 -0.0398019 -24.0924 -0.476252 0.0473022 0.878035 18.1933 
0.880914 -0.00366301 0.473263 262.554 0.0253476 0.9989 -0.0394499 -24.1586 -0.472598 0.0467479 0.880037 19.3742 
0.882823 -0.00410129 0.469688 263.171 0.025417 0.998914 -0.0390513 -24.221 -0.469018 0.0464134 0.881968 20.5624 
0.884879 -0.00363547 0.465807 263.785 0.0246599 0.998933 -0.0390496 -24.2814 -0.465168 0.0460409 0.884024 21.7449 
