1 2.12261e-08 -2.11895e-08 0 2.12261e-08 1 2.10703e-08 0 -2.11895e-08 2.10703e-08 1 0 
1 -0.000528838 8.1372e-05 -0.030535 0.000528747 0.999999 0.00162386 -0.0192872 -8.22731e-05 -0.00162378 0.999999 1.35418 
0.999999 -0.00145356 -8.48769e-05 -0.0606714 0.00145373 0.999998 0.00147037 -0.0326574 8.2697e-05 -0.00147045 0.999999 2.70566 
0.999996 -0.00292952 -0.000147289 -0.0810953 0.00292961 0.999996 0.000317283 -0.0499562 0.000146316 -0.000317671 1 4.05849 
0.999995 -0.00308209 -1.38709e-05 -0.105169 0.00308213 0.999995 0.000246247 -0.0648494 1.30696e-05 -0.000246247 1 5.40319 
0.999994 -0.00334151 0.000114148 -0.126351 0.00334146 0.999994 0.00082517 -0.080234 -0.000116947 -0.000824741 1 6.77157 
0.999989 -0.00459944 0.000562387 -0.148446 0.00459836 0.999988 0.00198378 -0.0981375 -0.000571547 -0.00198113 0.999998 8.12528 
0.999992 -0.00402727 0.000217847 -0.166979 0.0040268 0.999989 0.0023275 -0.114935 -0.00022726 -0.00232656 0.999997 9.47774 
0.999995 -0.00316001 -3.89966e-05 -0.194028 0.00316007 0.999995 0.000386582 -0.132854 3.77325e-05 -0.000386661 1 10.8351 
1 -7.89021e-05 0.000156725 -0.22232 7.92545e-05 0.999998 -0.00197809 -0.154251 -0.000156611 0.00197815 0.999998 12.1894 
0.999994 0.0033894 0.000657118 -0.254969 -0.00338739 0.99999 -0.00297315 -0.175969 -0.000667231 0.00297095 0.999995 13.5524 
0.999982 0.00595185 0.000768588 -0.279894 -0.00594931 0.999977 -0.00321263 -0.198682 -0.000787734 0.00320804 0.999995 14.912 
0.999974 0.00706363 0.0012139 -0.306013 -0.00706056 0.999972 -0.00248074 -0.221308 -0.00123143 0.00247215 0.999996 16.2787 
0.999987 0.00470178 0.00188798 -0.328198 -0.00470224 0.999989 0.000263041 -0.242032 -0.00188677 -0.000271873 0.999998 17.651 
0.999997 0.000824728 0.00212965 -0.351847 -0.000828936 0.999998 0.00199587 -0.262932 -0.00212805 -0.00199759 0.999996 19.0063 
0.999997 -0.00147432 0.00200892 -0.371118 0.0014749 0.999999 -0.000266064 -0.285317 -0.00200857 0.000269068 0.999998 20.3707 
0.999995 -0.0023785 0.00209417 -0.395072 0.00238346 0.999994 -0.00234846 -0.305203 -0.00208862 0.00235348 0.999995 21.7351 
0.999996 -5.86026e-05 0.00299528 -0.423163 7.06108e-05 0.999992 -0.00399488 -0.331453 -0.00299507 0.00399511 0.999988 23.1028 
0.999988 0.0031291 0.00390756 -0.444047 -0.00312003 0.999992 -0.00231336 -0.349205 -0.00391481 0.00230118 0.99999 24.4917 
0.999985 0.00350014 0.00430864 -0.461085 -0.00350533 0.999993 0.00120628 -0.372131 -0.00430443 -0.00122132 0.99999 25.8829 
0.999987 0.00131529 0.00490805 -0.478396 -0.00133044 0.999994 0.00309325 -0.389905 -0.00490399 -0.0030997 0.999983 27.2575 
0.999987 -0.00266111 0.00444037 -0.490435 0.00265512 0.999996 0.00136517 -0.407938 -0.00444402 -0.00135331 0.999989 28.6377 
0.999986 -0.0030878 0.00426354 -0.50599 0.00309151 0.999995 -0.00085261 -0.432627 -0.00426093 0.000865821 0.999991 30.0196 
0.999982 -0.00324233 0.00505912 -0.521831 0.00325905 0.999989 -0.00329154 -0.458205 -0.00504843 0.00330801 0.999982 31.4125 
0.999983 4.26744e-05 0.00575511 -0.546663 -1.91193e-05 0.999992 -0.00408549 -0.487049 -0.00575528 0.00408535 0.999975 32.7949 
0.999981 0.000786611 0.0060977 -0.56721 -0.000749003 0.999981 -0.00616037 -0.514602 -0.00610247 0.00615573 0.999962 34.187 
0.999979 0.00180842 0.00622639 -0.581865 -0.00177297 0.999982 -0.00568735 -0.54167 -0.00623661 0.00567623 0.999964 35.5977 
0.999979 0.00186688 0.00614416 -0.600543 -0.00183949 0.999988 -0.00445334 -0.571747 -0.00615245 0.00444199 0.999971 36.9956 
0.999979 0.0028856 0.00583788 -0.618557 -0.00286832 0.999992 -0.00295839 -0.600305 -0.00584641 0.00294162 0.999979 38.4009 
0.999965 0.00579755 0.006037 -0.641017 -0.00578059 0.999979 -0.00281717 -0.626751 -0.00605325 0.00278221 0.999978 39.8064 
0.999943 0.0085102 0.00647235 -0.664284 -0.00848788 0.999958 -0.00346164 -0.648031 -0.00650158 0.00340655 0.999973 41.2289 
0.999923 0.0105709 0.00656876 -0.681959 -0.0105509 0.99994 -0.00306291 -0.674472 -0.00660078 0.00299341 0.999974 42.6493 
0.999917 0.0112109 0.00627902 -0.698323 -0.0111919 0.999933 -0.003049 -0.698839 -0.00631283 0.00297851 0.999976 44.0821 
0.999927 0.0104397 0.00604883 -0.725075 -0.0104199 0.99994 -0.0032886 -0.721664 -0.00608285 0.00322538 0.999976 45.5168 
0.999941 0.00941921 0.0053855 -0.738753 -0.009399 0.999949 -0.00375837 -0.747884 -0.00542067 0.00370758 0.999978 46.9485 
0.999948 0.00891585 0.00489716 -0.766062 -0.0088983 0.999954 -0.00358585 -0.773614 -0.00492895 0.00354213 0.999982 48.3623 
0.999948 0.00945376 0.00394737 -0.787106 -0.009444 0.999952 -0.00247249 -0.79966 -0.0039706 0.00243512 0.999989 49.795 
0.999951 0.00950106 0.00293641 -0.810178 -0.00949305 0.999951 -0.00271593 -0.830725 -0.00296212 0.00268796 0.999992 51.2194 
0.99995 0.00984483 0.00183714 -0.831743 -0.00984056 0.999949 -0.00229809 -0.857895 -0.00185971 0.00227994 0.999996 52.6489 
0.999954 0.00955886 0.000940533 -0.861281 -0.00955749 0.999953 -0.00139936 -0.885035 -0.000953908 0.00139035 0.999999 54.1111 
0.999965 0.00833042 0.000481175 -0.890956 -0.00833014 0.999965 -0.000495988 -0.91205 -0.000485333 0.000492004 1 55.5664 
0.999974 0.007196 6.57377e-05 -0.913623 -0.00719592 0.999974 -0.000526069 -0.935071 -6.95641e-05 0.000525625 1 57.0095 
0.999989 0.00477396 -0.000285582 -0.936481 -0.00477424 0.999988 -0.00112115 -0.961862 0.000280183 0.00112254 0.999999 58.4442 
0.999992 0.00397532 -0.000402696 -0.956701 -0.00397566 0.999992 -0.000943843 -0.986032 0.000398898 0.000945479 1 59.8871 
0.999997 0.00242565 5.91783e-05 -0.982939 -0.00242559 0.999997 -0.000190134 -1.01399 -5.96818e-05 0.000190032 1 61.3246 
0.999999 0.00135869 0.000534432 -1.00614 -0.00135884 0.999999 0.000348287 -1.0379 -0.000534001 -0.00034897 1 62.7871 
0.999999 -6.78552e-05 0.00115919 -1.03194 6.81247e-05 1 -0.000195831 -1.06413 -0.00115922 0.000195951 0.999999 64.2364 
0.999997 -0.00185916 0.00154277 -1.049 0.00186066 0.999998 -0.000948834 -1.09315 -0.00154104 0.000951744 0.999998 65.6646 
0.999997 -0.0010552 0.00214054 -1.07219 0.00105808 0.999999 -0.00132898 -1.1215 -0.00213917 0.00133129 0.999997 67.1 
0.999995 0.00015808 0.00305678 -1.09613 -0.000153479 0.999999 -0.00149154 -1.15185 -0.00305706 0.0014911 0.999994 68.5296 
0.999986 0.00380515 0.00362545 -1.12285 -0.00380415 0.999993 -0.000270373 -1.17864 -0.0036265 0.00025662 0.999993 69.9576 
0.999966 0.00682198 0.00468301 -1.15218 -0.00682686 0.999976 0.00103599 -1.20672 -0.00467588 -0.00106788 0.999989 71.3752 
0.999924 0.0109795 0.00555532 -1.17728 -0.0109874 0.999939 0.00139965 -1.23073 -0.00553966 -0.00146054 0.999984 72.7974 
0.999859 0.015531 0.00643846 -1.20753 -0.0155365 0.999879 0.00081804 -1.25472 -0.00642502 -0.000917914 0.999979 74.1933 
0.999808 0.0182836 0.00699444 -1.23382 -0.0182862 0.999833 0.000316487 -1.28273 -0.00698753 -0.000444287 0.999976 75.6045 
0.999768 0.0201011 0.00775793 -1.25254 -0.0201034 0.999798 0.00022485 -1.30776 -0.00775189 -0.000380717 0.99997 77.0204 
0.999767 0.0199614 0.00817747 -1.30122 -0.0199655 0.999801 0.000426553 -1.32521 -0.00816737 -0.00058968 0.999967 78.5152 
0.999781 0.0191683 0.00836356 -1.31115 -0.0191689 0.999816 3.12832e-06 -1.34893 -0.00836201 -0.000163406 0.999965 79.923 
0.999803 0.0179898 0.00835176 -1.32727 -0.0179834 0.999838 -0.000828491 -1.37727 -0.00836535 0.000678176 0.999965 81.3286 
0.999808 0.0178298 0.0080875 -1.34196 -0.017822 0.999841 -0.0010245 -1.40077 -0.00810452 0.000880212 0.999967 82.7394 
0.999815 0.0175682 0.00786919 -1.35529 -0.0175626 0.999846 -0.000773333 -1.43069 -0.00788161 0.000635028 0.999969 84.1256 
0.999823 0.0172699 0.00745633 -1.37657 -0.0172606 0.99985 -0.00130427 -1.45317 -0.00747778 0.00117538 0.999971 85.5403 
0.999826 0.0173734 0.00685474 -1.39479 -0.0173668 0.999849 -0.00100737 -1.47753 -0.00687125 0.00088819 0.999976 86.9391 
0.999847 0.0165004 0.00587436 -1.41417 -0.0164997 0.999864 -0.00015615 -1.50478 -0.00587618 5.92428e-05 0.999983 88.3508 
0.999888 0.0141334 0.00500993 -1.43133 -0.0141383 0.9999 0.000948562 -1.52935 -0.00499607 -0.00101925 0.999987 89.7441 
0.999922 0.0119541 0.00363588 -1.44456 -0.0119587 0.999928 0.00126522 -1.55049 -0.00362054 -0.00130856 0.999993 91.1389 
0.999946 0.00995788 0.00293939 -1.46695 -0.00996157 0.99995 0.00125872 -1.57329 -0.00292675 -0.0012879 0.999995 92.5342 
0.999964 0.00818204 0.00237119 -1.4825 -0.00818387 0.999966 0.000779662 -1.59225 -0.00236477 -0.000798998 0.999997 93.9388 
0.999972 0.00713292 0.00228101 -1.50147 -0.00713365 0.999975 0.000333538 -1.6169 -0.00227861 -0.000349759 0.999997 95.3066 
0.99997 0.00751095 0.00211956 -1.52453 -0.0075102 0.999972 -0.000341102 -1.64142 -0.00212211 0.000325215 0.999998 96.6708 
0.999969 0.00754252 0.00213255 -1.54614 -0.00754043 0.999971 -0.000965558 -1.66648 -0.00213981 0.00094949 0.999997 98.0374 
0.999962 0.00845039 0.00238175 -1.57315 -0.00844629 0.999963 -0.00171007 -1.69293 -0.00239616 0.00168993 0.999996 99.4088 
0.999947 0.00988986 0.00294334 -1.60393 -0.00988557 0.99995 -0.00145412 -1.72028 -0.00295762 0.00142499 0.999995 100.773 
0.999941 0.0104193 0.00317258 -1.62575 -0.0104194 0.999946 3.25434e-05 -1.74585 -0.00317212 -6.5556e-05 0.999995 102.143 
0.999931 0.0112903 0.00320473 -1.64648 -0.011295 0.999935 0.0014607 -1.77502 -0.00318808 -0.00149675 0.999994 103.513 
0.999936 0.0107326 0.00347414 -1.6692 -0.0107323 0.999942 -0.000111914 -1.79762 -0.00347518 7.46638e-05 0.999994 104.881 
0.999934 0.0107929 0.00400946 -1.69203 -0.0107825 0.999939 -0.00258942 -1.82072 -0.0040372 0.00254606 0.999989 106.238 
0.999941 0.0101772 0.00383701 -1.71446 -0.0101624 0.999941 -0.003843 -1.84684 -0.00387593 0.00380382 0.999985 107.589 
0.999959 0.00810757 0.00406713 -1.73183 -0.00809666 0.999964 -0.00268107 -1.87307 -0.00408876 0.00264807 0.999988 108.934 
0.999973 0.00568662 0.00475906 -1.7524 -0.00568207 0.999983 -0.000960032 -1.89604 -0.00476448 0.000933006 0.999988 110.292 
0.999973 0.00436368 0.00592983 -1.76752 -0.00436052 0.99999 -0.000537972 -1.91932 -0.00593216 0.000512142 0.999982 111.65 
0.999971 0.00362128 0.00669087 -1.77901 -0.00360806 0.999992 -0.0019808 -1.94542 -0.00669803 0.00195665 0.999976 112.989 
0.999954 0.00590663 0.00751104 -1.79554 -0.00587184 0.999972 -0.0046398 -1.96844 -0.00753828 0.00459553 0.999961 114.342 
0.999928 0.00810954 0.00884759 -1.81101 -0.00804926 0.999944 -0.00682253 -1.99701 -0.00890247 0.00675086 0.999938 115.682 
0.999881 0.011464 0.0103492 -1.82889 -0.011392 0.999911 -0.00698548 -2.02566 -0.0104284 0.00686679 0.999922 117.027 
0.999849 0.0124755 0.012123 -1.84391 -0.0124144 0.99991 -0.00509896 -2.05485 -0.0121855 0.00494773 0.999914 118.385 
0.99983 0.0126535 0.0133967 -1.85095 -0.0126136 0.999916 -0.0030522 -2.08229 -0.0134342 0.00288274 0.999906 119.744 
0.999827 0.0119856 0.0142037 -1.85616 -0.0119498 0.999925 -0.00260298 -2.10612 -0.0142339 0.00243284 0.999896 121.103 
0.999802 0.0126067 0.0154308 -1.8625 -0.0125568 0.999916 -0.00332292 -2.13027 -0.0154714 0.00312854 0.999875 122.455 
0.999755 0.0144479 0.016778 -1.86924 -0.0143829 0.999889 -0.00398817 -2.15713 -0.0168338 0.00374592 0.999851 123.797 
0.999702 0.0164451 0.018059 -1.87314 -0.0163697 0.999857 -0.00431625 -2.18411 -0.0181274 0.00401939 0.999828 125.155 
0.999672 0.0169589 0.0191735 -1.87623 -0.0168598 0.999844 -0.00531518 -2.21296 -0.0192607 0.00499021 0.999802 126.49 
0.999627 0.0183254 0.0202542 -1.87894 -0.0182008 0.999814 -0.00631913 -2.23954 -0.0203663 0.00594818 0.999775 127.855 
0.999618 0.0174757 0.0214315 -1.8744 -0.0173363 0.999828 -0.00666898 -2.26815 -0.0215444 0.00629493 0.999748 129.216 
0.999599 0.0170643 0.0226143 -1.87366 -0.0169413 0.999841 -0.00562154 -2.29572 -0.0227067 0.00523621 0.999729 130.581 
0.999586 0.0160162 0.0238879 -1.87483 -0.015903 0.999861 -0.00491814 -2.32076 -0.0239635 0.00453626 0.999703 131.954 
0.999587 0.0151733 0.0243983 -1.87052 -0.0150641 0.999876 -0.00464962 -2.34641 -0.0244659 0.0042802 0.999692 133.315 
0.999609 0.0129661 0.0247692 -1.86923 -0.0128601 0.999908 -0.00443169 -2.37534 -0.0248244 0.00411147 0.999683 134.684 
0.999628 0.0113174 0.0248152 -1.86359 -0.0112236 0.999929 -0.00391601 -2.40251 -0.0248578 0.00363608 0.999684 136.039 
0.999653 0.00985796 0.0244291 -1.85694 -0.00975917 0.999944 -0.00415808 -2.42992 -0.0244688 0.00391827 0.999693 137.402 
0.999686 0.00861608 0.0235194 -1.8532 -0.00851553 0.999954 -0.00436986 -2.45626 -0.023556 0.00416825 0.999714 138.763 
0.999718 0.0072307 0.0226275 -1.84758 -0.00715359 0.999968 -0.0034851 -2.48232 -0.022652 0.00332229 0.999738 140.126 
0.999749 0.00571521 0.0216441 -1.84152 -0.0056448 0.999979 -0.00331064 -2.51157 -0.0216626 0.00318768 0.99976 141.476 
0.999778 0.00531817 0.020386 -1.83856 -0.00525278 0.999981 -0.00325766 -2.54068 -0.020403 0.0031499 0.999787 142.824 
0.9998 0.00500768 0.0193696 -1.8393 -0.0049353 0.999981 -0.00378067 -2.57043 -0.0193882 0.00368436 0.999805 144.175 
0.999818 0.00511906 0.0183992 -1.83895 -0.00504248 0.999978 -0.00420358 -2.59778 -0.0184204 0.00411007 0.999822 145.532 
0.999841 0.00282267 0.0176025 -1.84102 -0.0027078 0.999975 -0.00654357 -2.62625 -0.0176205 0.00649491 0.999824 146.882 
0.999862 -0.00257399 0.0164074 -1.83209 0.0026858 0.999973 -0.00679388 -2.65926 -0.0163895 0.00683705 0.999842 148.236 
0.999827 -0.0102494 0.0155291 -1.82363 0.0103185 0.999937 -0.00437511 -2.68925 -0.0154834 0.00453463 0.99987 149.582 
0.999762 -0.016965 0.0137134 -1.81241 0.0170064 0.999851 -0.0029055 -2.71681 -0.0136621 0.00313806 0.999902 150.935 
0.999715 -0.0200539 0.0129436 -1.81064 0.0201372 0.999777 -0.00633202 -2.74465 -0.0128138 0.00659091 0.999896 152.295 
0.999723 -0.0194146 0.0132829 -1.81402 0.0195421 0.999764 -0.00953793 -2.77644 -0.0130947 0.00979491 0.999866 153.655 
0.999769 -0.0161373 0.0142309 -1.82107 0.0163053 0.999798 -0.011772 -2.81131 -0.0140381 0.0120013 0.999829 155.014 
0.999756 -0.0162053 0.0150425 -1.82527 0.0163858 0.999794 -0.011954 -2.84709 -0.0148457 0.0121977 0.999815 156.372 
0.999686 -0.0195193 0.015737 -1.82314 0.0196531 0.999772 -0.00839338 -2.88494 -0.0155696 0.00870007 0.999841 157.73 
0.999569 -0.0246264 0.0159821 -1.81287 0.024719 0.999679 -0.00562014 -2.91781 -0.0158386 0.00601282 0.999857 159.089 
0.999464 -0.0285432 0.0160197 -1.80322 0.0286127 0.999582 -0.00412516 -2.95159 -0.0158953 0.00458136 0.999863 160.463 
0.999419 -0.029951 0.0162408 -1.80372 0.030025 0.99954 -0.00433036 -2.98045 -0.0161037 0.00481551 0.999859 161.821 
0.999457 -0.0280254 0.017319 -1.80639 0.0280903 0.999599 -0.00351334 -3.01275 -0.0172136 0.00399797 0.999844 163.176 
0.999537 -0.0241061 0.0185702 -1.81127 0.0241927 0.999697 -0.0044551 -3.04318 -0.0184572 0.00490234 0.999818 164.53 
0.999597 -0.0205361 0.0196161 -1.81671 0.0206715 0.999764 -0.00671994 -3.07389 -0.0194735 0.00712276 0.999785 165.881 
0.999639 -0.0175689 0.0203092 -1.81437 0.0177199 0.999817 -0.00728029 -3.10518 -0.0201776 0.00763759 0.999767 167.244 
0.999661 -0.0157328 0.0207578 -1.80834 0.015864 0.999855 -0.00616751 -3.1389 -0.0206578 0.00649476 0.999766 168.621 
0.999691 -0.0137603 0.0207191 -1.80457 0.0138987 0.999882 -0.00654577 -3.1718 -0.0206266 0.00683175 0.999764 169.995 
0.999724 -0.0116843 0.0203692 -1.80548 0.0118683 0.99989 -0.00893182 -3.20614 -0.0202626 0.00917115 0.999753 171.36 
0.999767 -0.00758594 0.0202296 -1.81255 0.00782635 0.999899 -0.0118294 -3.24285 -0.0201379 0.011985 0.999725 172.721 
0.999792 -0.00221733 0.0202589 -1.8197 0.00248622 0.999909 -0.0132552 -3.27956 -0.0202278 0.0133028 0.999707 174.098 
0.999785 0.00247963 0.0205787 -1.82185 -0.00222929 0.999923 -0.0121772 -3.31843 -0.0206074 0.0121287 0.999714 175.479 
0.999758 0.00550136 0.0213025 -1.82489 -0.00528199 0.999933 -0.0103383 -3.35697 -0.021358 0.0102234 0.99972 176.863 
0.999752 0.00626894 0.0213896 -1.81984 -0.00609216 0.999947 -0.00831787 -3.39083 -0.0214406 0.00818554 0.999737 178.265 
0.999779 0.00336137 0.0207656 -1.81621 -0.00320591 0.999967 -0.00751316 -3.4218 -0.0207902 0.00744497 0.999756 179.648 
0.999816 0.00105082 0.0191654 -1.81135 -0.000909954 0.999973 -0.00735482 -3.457 -0.0191726 0.00733607 0.999789 181.039 
0.999849 0.000943973 0.0173302 -1.80892 -0.000743922 0.999933 -0.0115438 -3.49293 -0.0173399 0.0115292 0.999783 182.435 
0.999867 0.00288234 0.0160371 -1.81267 -0.00262937 0.999872 -0.0157705 -3.53199 -0.0160806 0.0157263 0.999747 183.836 
0.999851 0.00752902 0.0155198 -1.82439 -0.00727497 0.99984 -0.0163582 -3.5766 -0.0156406 0.0162429 0.999746 185.237 
0.999818 0.0109336 0.0156145 -1.83422 -0.0106951 0.999826 -0.0152793 -3.62182 -0.0157788 0.0151096 0.999761 186.645 
0.999789 0.0129879 0.0159382 -1.84116 -0.0127987 0.999847 -0.0119181 -3.66092 -0.0160906 0.0117117 0.999802 188.058 
0.99978 0.013543 0.0160136 -1.8422 -0.0133844 0.999861 -0.00996685 -3.69542 -0.0161464 0.00975037 0.999822 189.499 
0.999786 0.0129949 0.0161253 -1.84727 -0.0128468 0.999875 -0.0092512 -3.72404 -0.0162436 0.0090421 0.999827 190.947 
0.999809 0.0111457 0.0160317 -1.84566 -0.0110067 0.999901 -0.00873312 -3.75342 -0.0161275 0.00855504 0.999833 192.403 
0.999831 0.00852261 0.0162706 -1.84796 -0.0083903 0.999931 -0.00818029 -3.78699 -0.0163392 0.00804244 0.999834 193.837 
0.99985 0.00551544 0.0163976 -1.84786 -0.00538221 0.999952 -0.00815526 -3.82047 -0.0164419 0.00806582 0.999832 195.274 
0.999856 0.00243669 0.0168173 -1.84519 -0.00231484 0.999971 -0.00725863 -3.8497 -0.0168346 0.0072187 0.999832 196.72 
0.999851 -0.00167337 0.0171612 -1.83731 0.00177451 0.999981 -0.00587752 -3.87665 -0.0171511 0.00590714 0.999836 198.181 
0.999839 -0.00431266 0.0174458 -1.83079 0.00441719 0.999973 -0.00595513 -3.90865 -0.0174197 0.00603127 0.99983 199.636 
0.999841 -0.00210913 0.0177181 -1.83203 0.0022939 0.999943 -0.0104116 -3.94331 -0.0176952 0.0104507 0.999789 201.07 
0.999821 0.00524479 0.0181534 -1.842 -0.00496426 0.999868 -0.0154615 -3.98461 -0.0182321 0.0153687 0.999716 202.5 
0.999708 0.0142744 0.0195052 -1.85417 -0.0139709 0.999781 -0.0156074 -4.02407 -0.0197237 0.0153304 0.999688 203.929 
0.999548 0.02188 0.0206132 -1.86776 -0.0216335 0.999693 -0.012104 -4.06641 -0.0208718 0.0116526 0.999714 205.366 
0.999504 0.0228831 0.0216554 -1.87273 -0.0226688 0.999692 -0.0100885 -4.10159 -0.0218797 0.00959266 0.999715 206.833 
0.999559 0.0209078 0.0210797 -1.86277 -0.0207079 0.999739 -0.00965548 -4.13427 -0.0212761 0.00921475 0.999731 208.29 
0.999641 0.0178998 0.0199583 -1.8569 -0.0177095 0.999796 -0.0096725 -4.1704 -0.0201274 0.00931561 0.999754 209.748 
0.999693 0.0157655 0.019096 -1.85597 -0.0155717 0.999826 -0.0102548 -4.20693 -0.0192544 0.00995435 0.999765 211.213 
0.999693 0.0164298 0.0185702 -1.85366 -0.0162317 0.99981 -0.0107671 -4.24569 -0.0187436 0.0104624 0.99977 212.688 
0.999669 0.0178155 0.0185361 -1.85541 -0.0176197 0.999788 -0.0106722 -4.28471 -0.0187223 0.0103421 0.999771 214.157 
0.999642 0.0190917 0.0187277 -1.86175 -0.0189089 0.999772 -0.00988964 -4.32181 -0.0189123 0.00953203 0.999776 215.635 
0.999656 0.0184623 0.0186146 -1.86236 -0.0182704 0.999779 -0.0104271 -4.36109 -0.018803 0.0100835 0.999772 217.106 
0.999662 0.0183751 0.0183925 -1.86301 -0.0181647 0.999768 -0.011542 -4.39816 -0.0186004 0.011204 0.999764 218.575 
0.999674 0.0178957 0.0182336 -1.86704 -0.017682 0.999774 -0.0118127 -4.43872 -0.0184409 0.0114865 0.999764 220.051 
0.99967 0.0182384 0.0181084 -1.87194 -0.0180229 0.999766 -0.0119944 -4.47746 -0.018323 0.0116641 0.999764 221.544 
0.999661 0.0187686 0.0180628 -1.87543 -0.0185476 0.999752 -0.0123261 -4.51631 -0.0182897 0.0119869 0.999761 223.048 
0.999665 0.0187614 0.0178344 -1.8777 -0.0185391 0.999749 -0.0125462 -4.55747 -0.0180654 0.0122114 0.999762 224.54 
0.999653 0.0198642 0.0173308 -1.87754 -0.0196408 0.999723 -0.0129644 -4.59882 -0.0175835 0.0126195 0.999766 226.043 
0.999657 0.0198087 0.0171544 -1.88182 -0.0195847 0.999722 -0.0131264 -4.6398 -0.0174097 0.012786 0.999767 227.547 
0.99966 0.0199223 0.0168051 -1.87992 -0.0197026 0.99972 -0.0131345 -4.68438 -0.0170621 0.012799 0.999773 229.052 
0.999674 0.0192966 0.0167159 -1.88336 -0.0190771 0.999731 -0.0131853 -4.72654 -0.0169659 0.0128621 0.999773 230.554 
0.999695 0.017951 0.0169596 -1.88631 -0.017726 0.999754 -0.0133189 -4.771 -0.0171946 0.0130142 0.999768 232.064 
0.999711 0.0168723 0.0171418 -1.88519 -0.0166482 0.999775 -0.0131278 -4.81264 -0.0173595 0.0128387 0.999767 233.583 
0.999724 0.0155976 0.0175466 -1.89036 -0.0153815 0.999805 -0.0123821 -4.85677 -0.0177364 0.0121089 0.999769 235.1 
0.999724 0.0156034 0.0175791 -1.89109 -0.0153908 0.999808 -0.0121629 -4.89982 -0.0177655 0.011889 0.999772 236.622 
0.999718 0.015762 0.01778 -1.89254 -0.0155433 0.999803 -0.0123676 -4.94669 -0.0179715 0.0120878 0.999765 238.143 
0.9997 0.0164388 0.0181354 -1.89072 -0.0162052 0.999785 -0.0129488 -4.99167 -0.0183445 0.0126511 0.999752 239.656 
0.999667 0.0178196 0.0186929 -1.89538 -0.0175914 0.99977 -0.0123018 -5.03514 -0.0189079 0.0119689 0.99975 241.177 
0.999645 0.0179638 0.0196897 -1.90435 -0.0177653 0.99979 -0.0102077 -5.07836 -0.019869 0.00985436 0.999754 242.698 
0.999631 0.0179688 0.0203931 -1.90368 -0.017771 0.999794 -0.00983965 -5.11806 -0.0205658 0.00947365 0.999744 244.222 
0.999619 0.0181504 0.0207882 -1.90044 -0.0179146 0.999774 -0.0114723 -5.1615 -0.0209918 0.0110956 0.999718 245.741 
0.999604 0.0184574 0.0212657 -1.89927 -0.0181892 0.999754 -0.0127337 -5.20375 -0.0214955 0.0123419 0.999693 247.268 
0.999576 0.0193553 0.0217632 -1.90105 -0.0190896 0.999742 -0.0123504 -5.24702 -0.0219967 0.0119297 0.999687 248.794 
0.999587 0.0188331 0.0217216 -1.89893 -0.0185888 0.999762 -0.0113919 -5.28831 -0.021931 0.0109834 0.999699 250.34 
0.999587 0.0189343 0.0216401 -1.89863 -0.0186982 0.999764 -0.0110587 -5.32855 -0.0218445 0.0106495 0.999705 251.895 
0.999583 0.0193816 0.0213904 -1.89321 -0.0191458 0.999754 -0.0111691 -5.36387 -0.0216017 0.010755 0.999709 253.428 
0.999547 0.0209677 0.0215976 -1.89016 -0.0207311 0.999723 -0.0111171 -5.40343 -0.0218247 0.0106643 0.999705 254.989 
0.999512 0.0223146 0.0218533 -1.88583 -0.0220691 0.999691 -0.0114115 -5.44031 -0.0221012 0.0109237 0.999696 256.537 
0.999492 0.0228435 0.0222071 -1.88635 -0.0225959 0.99968 -0.011337 -5.48043 -0.022459 0.0108295 0.999689 258.084 
0.999516 0.02175 0.0222597 -1.87962 -0.0215047 0.999706 -0.0111976 -5.52529 -0.0224968 0.0107136 0.99969 259.604 
0.999553 0.0198382 0.0223738 -1.88129 -0.0196069 0.999753 -0.0105071 -5.56572 -0.0225768 0.0100638 0.999695 261.148 
0.999598 0.0174152 0.0223917 -1.86882 -0.0171987 0.999804 -0.00982403 -5.60468 -0.0225584 0.00943501 0.999701 262.696 
0.999631 0.0160521 0.021897 -1.85522 -0.0158218 0.999818 -0.010648 -5.64526 -0.022064 0.0102977 0.999704 264.239 
0.999648 0.0151595 0.0217658 -1.84474 -0.0149056 0.99982 -0.0117788 -5.68565 -0.0219405 0.0114502 0.999694 265.787 
0.999655 0.013674 0.0224316 -1.83725 -0.0134521 0.999859 -0.0100115 -5.72702 -0.0225654 0.00970633 0.999698 267.336 
0.999659 0.0119688 0.023205 -1.8347 -0.011776 0.999895 -0.0084287 -5.7676 -0.0233035 0.0081526 0.999695 268.894 
0.999677 0.010504 0.0231241 -1.82636 -0.0102913 0.999904 -0.00929295 -5.80818 -0.0232195 0.00905202 0.999689 270.448 
0.999666 0.0101884 0.0237489 -1.8192 -0.00994588 0.999897 -0.0103063 -5.8493 -0.0238516 0.0100667 0.999665 271.996 
0.999642 0.0108492 0.024446 -1.81034 -0.0105914 0.999887 -0.0106467 -5.89041 -0.0245588 0.010384 0.999644 273.544 
0.999598 0.0127659 0.0253268 -1.80218 -0.012499 0.999865 -0.0106653 -5.93399 -0.0254596 0.0103445 0.999622 275.093 
0.999551 0.0143774 0.0262727 -1.7927 -0.0140896 0.999839 -0.0111076 -5.97555 -0.0264282 0.0107325 0.999593 276.649 
0.999501 0.0158203 0.0273411 -1.78299 -0.015507 0.999812 -0.0116317 -6.01779 -0.02752 0.0112019 0.999559 278.203 
0.999472 0.0162776 0.0281149 -1.7694 -0.0159484 0.999802 -0.0118928 -6.06018 -0.028303 0.0114381 0.999534 279.758 
0.999462 0.0161399 0.0285362 -1.75193 -0.0157824 0.999795 -0.0127068 -6.10256 -0.0287355 0.0122497 0.999512 281.325 
0.999439 0.0157409 0.0295681 -1.73644 -0.0153587 0.999796 -0.0131072 -6.1509 -0.0297685 0.0126458 0.999477 282.87 
0.99941 0.0157127 0.0305464 -1.71695 -0.0153273 0.999801 -0.0128074 -6.20113 -0.0307416 0.0123317 0.999451 284.439 
0.999409 0.0143204 0.0312504 -1.69933 -0.0139545 0.999832 -0.0118948 -6.24569 -0.0314155 0.0114517 0.999441 286.013 
0.999416 0.0130791 0.0315757 -1.6803 -0.0127208 0.999853 -0.0115204 -6.2905 -0.0317217 0.011112 0.999435 287.567 
0.999424 0.0125926 0.0315162 -1.66246 -0.0121616 0.99983 -0.0138278 -6.33926 -0.0316851 0.0134366 0.999408 289.143 
0.999436 0.0114819 0.03157 -1.64209 -0.01098 0.999811 -0.0160244 -6.38629 -0.0317481 0.0156687 0.999373 290.704 
0.999455 0.0116178 0.0309003 -1.6193 -0.0111303 0.999812 -0.0159002 -6.44002 -0.0310793 0.0155477 0.999396 292.248 
0.9995 0.0105517 0.0298168 -1.59877 -0.0100842 0.999825 -0.0157848 -6.48617 -0.0299782 0.0154763 0.999431 293.794 
0.999535 0.0099868 0.0288188 -1.58334 -0.00952006 0.999822 -0.0162862 -6.53718 -0.0289763 0.0160043 0.999452 295.373 
0.999548 0.0101745 0.0283021 -1.56843 -0.00970591 0.999814 -0.0166447 -6.58448 -0.0284662 0.0163625 0.999461 296.972 
0.99957 0.00980477 0.0276236 -1.55312 -0.00936245 0.999827 -0.0160951 -6.6352 -0.0277766 0.0158296 0.999489 298.548 
0.999602 0.00931313 0.0266425 -1.53982 -0.00888922 0.999833 -0.0159837 -6.68202 -0.026787 0.0157405 0.999517 300.12 
0.999634 0.00854036 0.0256887 -1.52961 -0.0081673 0.99986 -0.0145907 -6.72612 -0.0258098 0.0143756 0.999564 301.724 
0.999627 0.0104242 0.0252309 -1.52823 -0.0100864 0.999858 -0.0134805 -6.77037 -0.0253679 0.013221 0.999591 303.336 
0.999605 0.0107033 0.0259726 -1.52121 -0.0103538 0.999855 -0.0135534 -6.81167 -0.026114 0.0132791 0.999571 304.942 
0.999578 0.0112595 0.0267828 -1.5075 -0.0108862 0.999842 -0.0140407 -6.85337 -0.0269367 0.0137432 0.999543 306.551 
0.999582 0.0100216 0.0271249 -1.4951 -0.00963717 0.999852 -0.0142663 -6.90052 -0.0272639 0.0139989 0.99953 308.157 
0.99961 0.00793462 0.0267926 -1.45963 -0.00752883 0.999856 -0.0152113 -6.94849 -0.0269095 0.0150037 0.999525 309.771 
0.999607 0.00662872 0.0272379 -1.45001 -0.0061625 0.999834 -0.0171635 -6.99782 -0.0273472 0.016989 0.999482 311.394 
0.999621 0.00596339 0.0268794 -1.43133 -0.00547809 0.999821 -0.0180908 -7.0512 -0.0269826 0.0179368 0.999475 313.009 
0.999676 0.00669683 0.0245467 -1.41884 -0.00622748 0.999797 -0.0191457 -7.10132 -0.02467 0.0189867 0.999515 314.632 
0.999719 0.00778109 0.0223826 -1.4134 -0.00736792 0.999802 -0.0184814 -7.15565 -0.022522 0.0183113 0.999579 316.249 
0.999723 0.00861251 0.0218973 -1.4066 -0.00828167 0.999851 -0.0151525 -7.20835 -0.0220246 0.014967 0.999645 317.886 
0.999726 0.00729108 0.0222542 -1.38621 -0.00701715 0.999899 -0.0123603 -7.25197 -0.0223421 0.0122008 0.999676 319.545 
0.999732 0.00635664 0.0222823 -1.38017 -0.00609549 0.999912 -0.0117662 -7.29319 -0.0223552 0.0116273 0.999683 321.182 
0.999733 0.00525927 0.0224854 -1.37209 -0.0049686 0.999904 -0.0129613 -7.33895 -0.0225514 0.0128461 0.999663 322.827 
0.999726 0.00439123 0.0229963 -1.3693 -0.00409169 0.999906 -0.0130545 -7.38352 -0.0230515 0.0129569 0.99965 324.478 
0.999714 0.00422037 0.0235334 -1.36699 -0.00391902 0.99991 -0.0128352 -7.43078 -0.0235855 0.0127393 0.999641 326.135 
0.999697 0.00431936 0.0242389 -1.36329 -0.00400761 0.999909 -0.0128938 -7.47888 -0.0242925 0.0127928 0.999623 327.79 
0.999679 0.00574996 0.0246637 -1.35902 -0.00541026 0.99989 -0.0138163 -7.5287 -0.0247405 0.0136784 0.9996 329.441 
0.999652 0.00656564 0.0255678 -1.35606 -0.00619777 0.999877 -0.014439 -7.57817 -0.0256595 0.0142755 0.999569 331.091 
0.999628 0.00522542 0.0267543 -1.35259 -0.00488821 0.999908 -0.0126519 -7.62543 -0.026818 0.0125165 0.999562 332.724 
0.999625 0.00444448 0.0270058 -1.34533 -0.00412491 0.999921 -0.011876 -7.67447 -0.0270565 0.0117602 0.999565 334.382 
0.99963 0.00310449 0.0270284 -1.32994 -0.00275349 0.999912 -0.0130123 -7.72002 -0.0270664 0.0129331 0.99955 336.012 
0.999616 0.00453406 0.0273362 -1.32064 -0.00418343 0.999908 -0.0128686 -7.77289 -0.0273921 0.0127494 0.999544 337.64 
0.999615 0.00624656 0.0270517 -1.30971 -0.00584635 0.999873 -0.0148463 -7.82674 -0.0271411 0.0146825 0.999524 339.263 
0.999608 0.007756 0.0268982 -1.31253 -0.00727475 0.999813 -0.0179417 -7.87238 -0.0270323 0.017739 0.999477 340.911 
0.999607 0.00917885 0.0264728 -1.30735 -0.00871594 0.999808 -0.0175474 -7.92619 -0.0266288 0.0173099 0.999496 342.541 
0.999626 0.00977905 0.0255495 -1.30338 -0.00941818 0.999855 -0.0142049 -7.97637 -0.0256847 0.0139589 0.999573 344.173 
0.999647 0.0106697 0.0243161 -1.28936 -0.0103985 0.999883 -0.0112502 -8.02832 -0.0244333 0.0109934 0.999641 345.816 
0.999657 0.011166 0.023674 -1.30357 -0.0108632 0.999858 -0.0128754 -8.0681 -0.0238145 0.0126138 0.999637 347.471 
0.999699 0.0106676 0.0220952 -1.29903 -0.0103527 0.999844 -0.0143182 -8.11497 -0.0222445 0.0140852 0.999653 349.089 
0.999743 0.0094597 0.0206034 -1.30002 -0.0091927 0.999873 -0.013013 -8.16655 -0.020724 0.0128203 0.999703 350.718 
0.999766 0.00811071 0.0200552 -1.30304 -0.00785608 0.999888 -0.0127408 -8.21366 -0.0201564 0.0125803 0.999718 352.34 
0.999776 0.00786163 0.0196338 -1.30371 -0.00759727 0.99988 -0.0135004 -8.26251 -0.0197376 0.0133483 0.999716 353.966 
0.999784 0.00735818 0.0194389 -1.30213 -0.00707965 0.999872 -0.0143563 -8.31335 -0.0195421 0.0142156 0.999708 355.59 
0.999786 0.00718458 0.0194251 -1.29758 -0.00690114 0.999869 -0.0146172 -8.36125 -0.0195276 0.01448 0.999704 357.201 
0.99978 0.00676361 0.0198335 -1.3024 -0.00646687 0.999867 -0.0149855 -8.40908 -0.0199323 0.014854 0.999691 358.809 
0.999784 0.00613469 0.0198691 -1.30306 -0.00582435 0.999861 -0.0156376 -8.45886 -0.0199623 0.0155185 0.99968 360.419 
0.999787 0.00572003 0.0198234 -1.30089 -0.00539686 0.999852 -0.0163155 -8.51109 -0.0199139 0.016205 0.99967 362.02 
0.99979 0.00488669 0.0199192 -1.29778 -0.00456635 0.99986 -0.016094 -8.56343 -0.0199951 0.0159997 0.999672 363.634 
0.999785 0.00505118 0.0201217 -1.29681 -0.00471324 0.999848 -0.0168045 -8.6168 -0.0202036 0.0167061 0.999656 365.234 
0.999787 0.00340293 0.0203558 -1.30033 -0.00303662 0.999833 -0.0179968 -8.67327 -0.0204137 0.0179312 0.999631 366.843 
0.99979 0.00187291 0.0204224 -1.30117 -0.00154006 0.999866 -0.0162997 -8.72463 -0.0204503 0.0162648 0.999659 368.455 
0.999793 5.96195e-05 0.0203292 -1.29438 0.000254111 0.999881 -0.0154275 -8.77802 -0.0203277 0.0154295 0.999674 370.068 
0.99979 -0.000353588 0.0205145 -1.29153 0.000691571 0.999864 -0.0164685 -8.8281 -0.0205059 0.0164793 0.999654 371.671 
0.999785 0.000469577 0.020739 -1.28834 -0.000115743 0.999855 -0.0170571 -8.88291 -0.020744 0.0170511 0.999639 373.272 
0.999776 0.00189805 0.0210861 -1.28902 -0.00155362 0.999865 -0.0163371 -8.93373 -0.0211143 0.0163007 0.999644 374.896 
0.999761 0.00344205 0.0215853 -1.29031 -0.00310458 0.999873 -0.0156464 -8.98331 -0.0216364 0.0155757 0.999645 376.51 
0.999748 0.0039096 0.0221279 -1.28821 -0.00355426 0.999865 -0.0160734 -9.03359 -0.0221878 0.0159908 0.999626 378.126 
0.999745 0.00385031 0.0222751 -1.28359 -0.00347189 0.999849 -0.0170004 -9.08454 -0.0223372 0.0169187 0.999607 379.737 
0.999746 0.00376465 0.0222393 -1.26821 -0.00338026 0.999845 -0.0172946 -9.13606 -0.022301 0.0172151 0.999603 381.378 
0.999737 0.00432114 0.0225421 -1.25306 -0.00392693 0.999839 -0.0175012 -9.19183 -0.0226141 0.0174081 0.999593 383.012 
0.999727 0.00558804 0.0226936 -1.25563 -0.00519092 0.999833 -0.0175187 -9.24347 -0.0227878 0.0173962 0.999589 384.659 
0.99971 0.00706822 0.0230101 -1.2523 -0.00667543 0.999832 -0.0171008 -9.29813 -0.0231271 0.0169423 0.999589 386.307 
0.999695 0.00844799 0.0232224 -1.24062 -0.00803447 0.999809 -0.0178408 -9.3528 -0.0233687 0.0176488 0.999571 387.946 
0.999686 0.00926885 0.0232893 -1.22744 -0.00883431 0.999786 -0.018691 -9.40232 -0.0234576 0.0184794 0.999554 389.591 
0.999674 0.0100645 0.023472 -1.21779 -0.00962089 0.999774 -0.0189354 -9.4543 -0.0236573 0.0187034 0.999545 391.222 
0.999661 0.0109796 0.0236044 -1.21138 -0.01055 0.999778 -0.0182424 -9.5041 -0.0237995 0.0179872 0.999555 392.877 
0.999651 0.011891 0.0236123 -1.19751 -0.0114675 0.999772 -0.0179886 -9.55867 -0.0238209 0.0177116 0.999559 394.518 
0.999629 0.0127783 0.0240716 -1.19273 -0.0123296 0.999749 -0.0186975 -9.61224 -0.0243045 0.0183938 0.999535 396.155 
0.999616 0.0131331 0.0243906 -1.18248 -0.0126828 0.999748 -0.0185253 -9.66667 -0.0246278 0.0182089 0.999531 397.794 
0.999612 0.0132142 0.024535 -1.1722 -0.0127686 0.999752 -0.0182303 -9.71733 -0.0247699 0.0179099 0.999533 399.446 
0.999608 0.0131673 0.0246922 -1.16161 -0.0126933 0.999734 -0.0192549 -9.77513 -0.0249392 0.018934 0.99951 401.077 
0.999615 0.0124149 0.0247979 -1.14681 -0.0119147 0.999725 -0.0202153 -9.8335 -0.025042 0.0199121 0.999488 402.704 
0.999616 0.0119212 0.0250283 -1.13697 -0.0114149 0.999729 -0.0202757 -9.8916 -0.0252633 0.0199823 0.999481 404.359 
0.999608 0.0119031 0.0253403 -1.12701 -0.0114205 0.999752 -0.0191033 -9.94329 -0.0255614 0.0188065 0.999496 406.017 
0.999622 0.0102969 0.0255094 -1.1129 -0.00984693 0.999795 -0.0176991 -10.0004 -0.0256865 0.0174412 0.999518 407.669 
0.999632 0.00871598 0.0256806 -1.09325 -0.00824361 0.999796 -0.0184411 -10.0597 -0.0258361 0.0182227 0.9995 409.299 
0.999634 0.00778946 0.0259222 -1.08737 -0.00729221 0.999789 -0.0192205 -10.1192 -0.0260664 0.0190244 0.999479 410.961 
