1 2.12261e-08 -2.11895e-08 0 2.12261e-08 1 2.10703e-08 0 -2.11895e-08 2.10703e-08 1 0 
0.999997 -0.00177334 -0.00187125 -0.00146081 0.00177181 0.999998 -0.000839999 -0.0104987 0.0018727 0.000836723 0.999998 0.576199 
0.999992 -0.00237239 -0.00321201 -0.00798436 0.0023652 0.999995 -0.00225221 -0.0219493 0.00321729 0.00224464 0.999992 1.15038 
0.999983 -0.00266744 -0.00520791 -0.0202079 0.00264849 0.99999 -0.00365008 -0.0335795 0.00521755 0.00363626 0.99998 1.71917 
0.999963 -0.00483347 -0.0071382 -0.0313475 0.00479519 0.999974 -0.00537646 -0.0441336 0.00716396 0.00534207 0.99996 2.28431 
0.999936 -0.00724273 -0.0087046 -0.0441879 0.00717954 0.999948 -0.00727363 -0.0554069 0.00875678 0.00721071 0.999936 2.85793 
0.99991 -0.00846806 -0.0104068 -0.0534588 0.00838287 0.999931 -0.0082063 -0.0628792 0.0104755 0.00811837 0.999912 3.44 
0.999895 -0.00858595 -0.0117067 -0.0717623 0.0084975 0.999935 -0.00758718 -0.0754006 0.0117711 0.00748694 0.999903 4.02904 
0.999878 -0.00891752 -0.0128103 -0.0911043 0.00881578 0.999929 -0.00797982 -0.0905912 0.0128806 0.00786596 0.999886 4.62284 
0.99987 -0.00827007 -0.0138241 -0.113234 0.00812049 0.999908 -0.0108444 -0.104607 0.0139125 0.0107308 0.999846 5.2248 
0.999865 -0.0065168 -0.0150953 -0.134717 0.00629459 0.999872 -0.0147241 -0.11947 0.0151893 0.0146271 0.999778 5.83035 
0.999855 -0.00514378 -0.0162186 -0.162483 0.00484219 0.999816 -0.0185826 -0.133108 0.0163111 0.0185014 0.999696 6.4502 
0.999844 -0.00330359 -0.0173784 -0.188176 0.00297885 0.999821 -0.0186813 -0.144155 0.017437 0.0186266 0.999674 7.08436 
0.999829 -0.000872993 -0.0184863 -0.218557 0.000656072 0.999931 -0.0117393 -0.157436 0.0184952 0.0117252 0.99976 7.74484 
0.999814 -0.000105474 -0.0192843 -0.24591 7.89659e-05 0.999999 -0.00137754 -0.168719 0.0192844 0.00137581 0.999813 8.4204 
0.999797 0.00103435 -0.0201321 -0.272495 -0.000930096 0.999986 0.00518534 -0.181352 0.0201372 -0.00516552 0.999784 9.10268 
0.999766 0.00317958 -0.021402 -0.301818 -0.00308691 0.999986 0.00435949 -0.197413 0.0214156 -0.00429236 0.999761 9.79148 
0.999741 0.00535634 -0.0221148 -0.337805 -0.00542544 0.999981 -0.00306807 -0.2027 0.0220979 0.00318731 0.999751 10.4908 
0.999715 0.00493449 -0.0233806 -0.366472 -0.00514936 0.999945 -0.00914078 -0.202439 0.0233342 0.0092586 0.999685 11.2068 
0.999693 0.00277879 -0.0246406 -0.393045 -0.00296548 0.999967 -0.00754496 -0.20527 0.0246188 0.00761575 0.999668 11.9494 
0.999678 0.00171227 -0.025311 -0.419728 -0.00166867 0.999997 0.00174192 -0.214005 0.0253138 -0.00169909 0.999678 12.7169 
0.999672 0.00117136 -0.0255848 -0.456846 -0.000936312 0.999957 0.0091956 -0.223453 0.0255945 -0.00916859 0.99963 13.5007 
0.999654 0.000393215 -0.0263014 -0.489226 -8.85304e-05 0.999933 0.0115829 -0.225996 0.0263041 -0.0115766 0.999587 14.3021 
0.999651 -0.00161681 -0.0263807 -0.520916 0.00189669 0.999942 0.0105861 -0.226489 0.026362 -0.0106324 0.999596 15.115 
0.999658 -0.0019689 -0.0260629 -0.553351 0.00217753 0.999966 0.00797701 -0.225464 0.0260463 -0.00803099 0.999629 15.9413 
0.999673 0.00053185 -0.0255711 -0.592873 -0.000418217 0.99999 0.00444729 -0.22642 0.0255732 -0.0044351 0.999663 16.7788 
0.999695 -0.00256871 -0.0245755 -0.628099 0.00254685 0.999996 -0.000922363 -0.234653 0.0245778 0.000859534 0.999698 17.6416 
0.9997 -0.00535514 -0.0239013 -0.658158 0.00518379 0.99996 -0.00722712 -0.245168 0.023939 0.00710109 0.999688 18.5166 
0.999732 -0.00439396 -0.0227428 -0.693839 0.00410504 0.999911 -0.0127367 -0.255959 0.0227967 0.01264 0.99966 19.4084 
0.999739 -0.00303121 -0.0226418 -0.731582 0.00272258 0.999903 -0.0136513 -0.271932 0.0226809 0.0135862 0.99965 20.315 
0.999737 -0.00291398 -0.0227502 -0.772412 0.00261879 0.999912 -0.0129961 -0.294507 0.0227861 0.0129331 0.999657 21.2428 
0.999732 -0.00153849 -0.0230994 -0.806629 0.001206 0.999896 -0.014403 -0.317885 0.0231191 0.0143713 0.999629 22.1819 
0.999735 0.00134782 -0.0229848 -0.849123 -0.00172855 0.999862 -0.0165545 -0.341398 0.0229593 0.0165898 0.999599 23.1374 
0.999713 0.00478266 -0.02347 -0.891842 -0.00519229 0.999835 -0.0174254 -0.365844 0.0233827 0.0175423 0.999573 24.1066 
0.999704 0.00637195 -0.023469 -0.936864 -0.00677919 0.999827 -0.0173155 -0.395818 0.0233545 0.0174695 0.999575 25.0797 
0.99969 0.0070667 -0.0238756 -0.978715 -0.00748293 0.999821 -0.0173907 -0.426584 0.0237484 0.017564 0.999564 26.0686 
0.99968 0.0073426 -0.0242037 -1.0174 -0.00776145 0.999821 -0.0172588 -0.456846 0.0240726 0.0174412 0.999558 27.0607 
0.999661 0.00816826 -0.024723 -1.06185 -0.00856405 0.999836 -0.0159471 -0.490771 0.0245887 0.0161535 0.999567 28.0711 
0.999647 0.00875664 -0.0250934 -1.1057 -0.0091088 0.999861 -0.0139555 -0.520588 0.0249677 0.0141792 0.999588 29.0865 
0.999635 0.00936771 -0.0253364 -1.1534 -0.00969537 0.999871 -0.0128424 -0.548647 0.0252128 0.0130834 0.999597 30.1052 
0.999635 0.00907603 -0.0254511 -1.19926 -0.00942974 0.99986 -0.0138139 -0.57839 0.0253221 0.0140489 0.999581 31.1357 
0.99961 0.010348 -0.0259567 -1.24326 -0.0107327 0.999834 -0.0147266 -0.605696 0.0257999 0.0149994 0.999555 32.1688 
0.999595 0.0103014 -0.0265287 -1.28904 -0.0106747 0.999845 -0.0139713 -0.631771 0.0263806 0.0142488 0.99955 33.2113 
0.999582 0.00948825 -0.0272987 -1.33288 -0.00979818 0.999889 -0.0112435 -0.660222 0.0271889 0.0115063 0.999564 34.2675 
0.999563 0.0097487 -0.0279151 -1.37895 -0.00996341 0.999922 -0.00756432 -0.685813 0.0278391 0.00783918 0.999582 35.3264 
0.999544 0.00986052 -0.0285422 -1.42605 -0.0100142 0.999936 -0.00524967 -0.709719 0.0284886 0.00553315 0.999579 36.3983 
0.999531 0.00991278 -0.0289719 -1.47613 -0.0100579 0.999938 -0.00486755 -0.732423 0.0289218 0.0051567 0.999568 37.4708 
0.999517 0.00950372 -0.0295865 -1.525 -0.0096915 0.999934 -0.00621126 -0.753975 0.0295255 0.00649504 0.999543 38.549 
0.999488 0.00996959 -0.0303962 -1.57866 -0.0101834 0.999924 -0.00688762 -0.773316 0.0303252 0.00719367 0.999514 39.6377 
0.999465 0.00969445 -0.0312226 -1.6296 -0.00987833 0.999935 -0.00574174 -0.79598 0.0311649 0.00604714 0.999496 40.7277 
0.99944 0.00967306 -0.0320391 -1.68332 -0.00979605 0.999945 -0.00368532 -0.820265 0.0320017 0.00399715 0.99948 41.8208 
0.999423 0.00963136 -0.0325636 -1.73778 -0.00967787 0.999952 -0.00127207 -0.84124 0.0325497 0.00158653 0.999469 42.9077 
0.999395 0.0106674 -0.0331039 -1.79075 -0.0107211 0.999942 -0.00144662 -0.864534 0.0330865 0.0018007 0.999451 43.995 
0.999368 0.0119906 -0.0334536 -1.84857 -0.0121743 0.999912 -0.0052942 -0.88743 0.0333871 0.00569817 0.999426 45.0736 
0.999351 0.0133412 -0.0334627 -1.90612 -0.0136613 0.999863 -0.00935747 -0.911055 0.0333332 0.00980858 0.999396 46.155 
0.999346 0.0135993 -0.0334988 -1.96145 -0.0139273 0.999857 -0.00957718 -0.937525 0.0333637 0.0100375 0.999393 47.2404 
0.999345 0.0141056 -0.0333196 -2.01885 -0.0143467 0.999873 -0.00700887 -0.963169 0.0332164 0.00748235 0.99942 48.3225 
0.999342 0.0148159 -0.033113 -2.07749 -0.0149852 0.999876 -0.00487236 -0.990088 0.0330366 0.0053654 0.99944 49.4096 
0.999357 0.0131805 -0.0333493 -2.12717 -0.0133105 0.999905 -0.00367996 -1.01372 0.0332976 0.00412153 0.999437 50.5036 
0.999379 0.0130098 -0.0327563 -2.18417 -0.0131658 0.999903 -0.00455185 -1.03893 0.0326939 0.00498033 0.999453 51.5911 
0.999396 0.0121747 -0.0325589 -2.23859 -0.0123873 0.999903 -0.00633689 -1.06379 0.0324786 0.00673642 0.99945 52.694 
0.999406 0.0121463 -0.0322452 -2.28994 -0.0124212 0.999888 -0.00834008 -1.09008 0.0321402 0.00873569 0.999445 53.7916 
0.999418 0.0107736 -0.0323534 -2.33821 -0.0111252 0.999881 -0.010706 -1.11908 0.0322341 0.0110598 0.999419 54.885 
0.999433 0.00906761 -0.032428 -2.38729 -0.0095208 0.999859 -0.0138494 -1.15301 0.0322978 0.0141503 0.999378 55.9728 
0.999453 0.00754381 -0.0322103 -2.44225 -0.00804715 0.999847 -0.015527 -1.18646 0.0320882 0.0157777 0.999361 57.0665 
0.999469 0.00591608 -0.0320336 -2.49367 -0.00634347 0.999892 -0.0132579 -1.21824 0.0319517 0.0134542 0.999399 58.1607 
0.999476 0.00457454 -0.0320305 -2.54285 -0.00481252 0.999961 -0.007358 -1.24707 0.0319956 0.00750833 0.99946 59.2576 
0.999482 0.0031723 -0.032042 -2.5925 -0.0032194 0.999994 -0.00141972 -1.27068 0.0320372 0.00152218 0.999486 60.356 
0.99948 0.00142829 -0.0322001 -2.64241 -0.00145128 0.999999 -0.00069209 -1.29147 0.0321991 0.000738505 0.999481 61.4556 
0.999482 -0.00204762 -0.0321155 -2.68942 0.0019268 0.999991 -0.00379398 -1.30972 0.032123 0.00373018 0.999477 62.5507 
0.999473 -0.0034707 -0.0322629 -2.74128 0.00324791 0.999971 -0.00695654 -1.33193 0.0322861 0.00684813 0.999455 63.6462 
0.999476 -0.00163165 -0.0323284 -2.7978 0.00128084 0.99994 -0.0108705 -1.3629 0.0323441 0.0108235 0.999418 64.7389 
0.999472 -0.00148532 -0.0324527 -2.8495 0.000991202 0.999883 -0.0152379 -1.39051 0.0324715 0.0151978 0.999357 65.8348 
0.999488 0.00156898 -0.0319644 -2.90588 -0.00208222 0.999869 -0.0160309 -1.41966 0.031935 0.0160893 0.99936 66.9397 
0.999502 0.00561299 -0.0310597 -2.9696 -0.00599653 0.999907 -0.0122705 -1.45487 0.0309879 0.0124507 0.999442 68.0456 
0.999488 0.00695743 -0.0312264 -3.0231 -0.00728206 0.999921 -0.0102958 -1.48477 0.0311522 0.010518 0.999459 69.1458 
0.999489 0.00627301 -0.0313386 -3.07472 -0.00657158 0.999934 -0.00943474 -1.51394 0.0312773 0.0096359 0.999464 70.2485 
0.999497 0.00463681 -0.031376 -3.12735 -0.00491 0.999951 -0.00863677 -1.542 0.0313344 0.00878653 0.99947 71.3493 
0.999491 0.00339289 -0.0317368 -3.17828 -0.00362383 0.999967 -0.00722337 -1.56983 0.0317112 0.00733474 0.99947 72.4504 
0.999477 0.00182271 -0.0322785 -3.22749 -0.00199253 0.999984 -0.00523086 -1.59598 0.0322684 0.00529248 0.999465 73.5511 
0.999449 0.000686688 -0.0331866 -3.28398 -0.000806236 0.999993 -0.0035903 -1.62349 0.0331839 0.00361512 0.999443 74.6605 
0.999431 -0.000200972 -0.0337227 -3.34476 3.73939e-05 0.999988 -0.0048525 -1.64986 0.0337232 0.00484852 0.999419 75.7593 
0.999405 -5.31423e-05 -0.034502 -3.39692 -0.000247934 0.999962 -0.00872322 -1.67485 0.0345011 0.00872662 0.999367 76.8473 
0.999375 0.000506234 -0.0353612 -3.45128 -0.000888508 0.999941 -0.0107968 -1.70302 0.0353536 0.0108215 0.999316 77.9406 
0.99934 0.00241473 -0.0362422 -3.51115 -0.00274689 0.999955 -0.00911919 -1.73287 0.0362185 0.00921277 0.999301 79.0264 
0.999305 0.00321686 -0.0371471 -3.56768 -0.00340246 0.999982 -0.00493516 -1.759 0.0371305 0.00505817 0.999298 80.1129 
0.99927 0.00472088 -0.0379161 -3.62501 -0.00475846 0.999988 -0.000902146 -1.78318 0.0379114 0.00108195 0.999281 81.1954 
0.999241 0.00582272 -0.0385114 -3.68967 -0.00584069 0.999983 -0.000355117 -1.80478 0.0385086 0.000579824 0.999258 82.2801 
0.999214 0.00559324 -0.0392468 -3.74667 -0.0056944 0.999981 -0.00246748 -1.82492 0.0392322 0.00268907 0.999227 83.3583 
0.999192 0.00556746 -0.0397976 -3.80693 -0.00570489 0.999978 -0.0033415 -1.8459 0.0397781 0.00356588 0.999202 84.4255 
0.999172 0.00475532 -0.0404197 -3.86709 -0.00489899 0.999982 -0.00345716 -1.87162 0.0404024 0.00365235 0.999177 85.48 
0.999142 0.00361378 -0.0412699 -3.92606 -0.00374672 0.999988 -0.00314525 -1.89785 0.041258 0.00329722 0.999143 86.5221 
0.999108 0.00248806 -0.0421581 -3.97522 -0.00256116 0.999995 -0.00168097 -1.91963 0.0421537 0.00178749 0.99911 87.5581 
0.999084 0.00259705 -0.0427164 -4.03799 -0.00255746 0.999996 0.00098037 -1.94272 0.0427187 -0.000870183 0.999087 88.5598 
0.999054 0.00168566 -0.0434612 -4.10302 -0.00160463 0.999997 0.00189808 -1.9666 0.0434643 -0.0018265 0.999053 89.5457 
0.998958 0.000806374 -0.0456375 -4.16243 -0.000713545 0.999998 0.00204941 -1.986 0.045639 -0.00201467 0.998956 90.509 
0.998807 0.000136469 -0.0488428 -4.2243 -8.15794e-05 0.999999 0.00112495 -2.00802 0.0488429 -0.00111958 0.998806 91.4517 
0.998638 0.000134036 -0.0521657 -4.29017 -0.00011899 1 0.000290741 -2.02939 0.0521657 -0.000284095 0.998638 92.3688 
0.998483 -0.000289988 -0.0550648 -4.35847 0.000319696 1 0.000529966 -2.04922 0.0550646 -0.000546722 0.998483 93.2672 
0.998319 0.00101936 -0.0579438 -4.42958 -0.000926634 0.999998 0.00162643 -2.06995 0.0579454 -0.00156996 0.998319 94.1359 
0.99813 0.00197913 -0.0610943 -4.49785 -0.0018134 0.999995 0.00276722 -2.09044 0.0610994 -0.00265121 0.998128 94.9811 
0.99796 0.00329219 -0.0637529 -4.57188 -0.00303998 0.999987 0.00405206 -2.10495 0.0637654 -0.00384994 0.997958 95.8018 
0.997784 0.00487731 -0.066356 -4.64226 -0.00456912 0.999978 0.00479485 -2.11963 0.0663779 -0.00448099 0.997785 96.5968 
0.997612 0.00706398 -0.0687078 -4.71624 -0.0067229 0.999964 0.00519348 -2.13709 0.0687419 -0.00471911 0.997623 97.3587 
0.997399 0.00894289 -0.0715177 -4.78444 -0.00867201 0.999954 0.00409657 -2.15491 0.071551 -0.00346567 0.997431 98.0941 
0.997202 0.0101459 -0.0740575 -4.85366 -0.0101437 0.999949 0.000405413 -2.1731 0.0740577 0.000346984 0.997254 98.7956 
0.996986 0.0125144 -0.0765663 -4.92492 -0.0128127 0.999912 -0.00340655 -2.18856 0.0765169 0.00437735 0.997059 99.4751 
0.996801 0.0142259 -0.0786528 -4.98624 -0.0147576 0.999872 -0.00618319 -2.20248 0.0785547 0.00732417 0.996883 100.128 
0.996704 0.0163249 -0.079466 -5.05 -0.0169485 0.999831 -0.0071799 -2.21859 0.0793353 0.00850311 0.996812 100.745 
0.996716 0.0185453 -0.0788195 -5.10705 -0.0191408 0.999794 -0.00680749 -2.23536 0.0786769 0.00829385 0.996866 101.339 
0.996867 0.0222904 -0.0758876 -5.1657 -0.0227554 0.999727 -0.00526963 -2.25428 0.0757494 0.00698002 0.997102 101.913 
0.997198 0.0250505 -0.070493 -5.21386 -0.0253883 0.99967 -0.00390105 -2.2692 0.0703719 0.00567986 0.997505 102.462 
0.997663 0.0258254 -0.0632624 -5.24887 -0.0260019 0.99966 -0.00196872 -2.28343 0.06319 0.00360911 0.997995 102.991 
0.998228 0.0257523 -0.0536448 -5.27872 -0.0257694 0.999668 0.000371323 -2.2932 0.0536365 0.00101177 0.99856 103.493 
0.998805 0.0252081 -0.0418631 -5.29774 -0.0251661 0.999682 0.00153087 -2.30459 0.0418884 -0.000475467 0.999122 103.972 
0.999297 0.0243403 -0.0285008 -5.30751 -0.0243058 0.999703 0.00155525 -2.31569 0.0285302 -0.000861379 0.999593 104.431 
0.999618 0.0241805 -0.013385 -5.30959 -0.0241723 0.999708 0.000767349 -2.32842 0.0133996 -0.000443468 0.99991 104.868 
0.999727 0.0228738 0.00470149 -5.30036 -0.0228629 0.999736 -0.00233965 -2.34052 -0.00475381 0.00223156 0.999986 105.294 
0.999408 0.0224089 0.0260986 -5.28305 -0.0222338 0.999728 -0.00697756 -2.3519 -0.0262479 0.0063932 0.999635 105.704 
0.998527 0.0202354 0.0503388 -5.24549 -0.0196667 0.999737 -0.011766 -2.3631 -0.0505637 0.0107587 0.998663 106.107 
0.996817 0.017984 0.0776695 -5.19885 -0.0169187 0.999754 -0.0143518 -2.37667 -0.0779085 0.0129921 0.996876 106.502 
0.994065 0.0151951 0.107721 -5.13715 -0.0135933 0.999786 -0.0155889 -2.38873 -0.107934 0.0140321 0.994059 106.884 
0.990028 0.0129873 0.140273 -5.06041 -0.0106486 0.999792 -0.0174099 -2.40229 -0.14047 0.0157426 0.98996 107.261 
0.984316 0.0105117 0.176102 -4.97006 -0.00728468 0.999794 -0.018961 -2.41646 -0.176265 0.0173808 0.984189 107.628 
0.976681 0.00722313 0.214576 -4.86424 -0.00316591 0.99981 -0.0192455 -2.43107 -0.214675 0.0181174 0.976518 107.979 
0.966933 0.00509923 0.254978 -4.74756 4.42446e-05 0.999797 -0.0201622 -2.445 -0.255029 0.0195068 0.966737 108.324 
0.95484 0.00605322 0.297059 -4.62271 0.000255182 0.999775 -0.0211927 -2.46028 -0.297121 0.0203115 0.954624 108.657 
0.939735 0.00819672 0.341806 -4.48853 -0.000866875 0.999767 -0.0215916 -2.47568 -0.341903 0.0199941 0.939522 108.976 
0.922047 0.00821987 0.386991 -4.33603 -0.000436374 0.999796 -0.0201963 -2.4901 -0.387078 0.0184531 0.921862 109.287 
0.901834 0.00772944 0.432014 -4.16614 0.000491683 0.999821 -0.0189147 -2.50201 -0.432083 0.0172704 0.901668 109.585 
0.878697 0.00624505 0.477339 -3.98477 0.00324397 0.999813 -0.0190521 -2.51943 -0.477369 0.0182895 0.878513 109.867 
0.853427 0.00676516 0.521168 -3.78938 0.00483585 0.99977 -0.0208965 -2.5365 -0.521189 0.020354 0.853198 110.137 
0.825518 0.00892299 0.564305 -3.5832 0.00561724 0.999696 -0.0240249 -2.55301 -0.564348 0.0230028 0.825217 110.401 
0.794604 0.0136767 0.606974 -3.36117 0.00427496 0.999595 -0.0281199 -2.56938 -0.607113 0.024939 0.794224 110.658 
0.760335 0.0200752 0.649221 -3.12492 0.00100836 0.999485 -0.0320869 -2.58012 -0.64953 0.0250515 0.759923 110.91 
0.722389 0.0248137 0.691041 -2.87125 -0.00124306 0.999401 -0.0345867 -2.59322 -0.691486 0.0241261 0.721987 111.155 
0.682492 0.0251472 0.730461 -2.59348 0.00109428 0.999372 -0.0354272 -2.60661 -0.730892 0.0249781 0.682035 111.381 
0.640706 0.0226233 0.767453 -2.29368 0.00512837 0.999417 -0.0337426 -2.62103 -0.767769 0.0255549 0.640217 111.593 
0.596 0.0207023 0.802717 -1.97996 0.00668125 0.999505 -0.0307381 -2.6322 -0.802957 0.0236831 0.595567 111.796 
0.548926 0.019452 0.835645 -1.66603 0.00688848 0.99959 -0.0277932 -2.64635 -0.835843 0.0210127 0.548567 111.973 
0.500379 0.0168763 0.865642 -1.32857 0.00855966 0.999665 -0.024437 -2.6612 -0.865764 0.0196374 0.500067 112.137 
0.448978 0.0131619 0.893446 -0.976021 0.0106832 0.999741 -0.0200963 -2.67868 -0.893479 0.0185677 0.448721 112.285 
0.396708 0.0132784 0.917849 -0.61591 0.00808651 0.999806 -0.0179591 -2.6961 -0.917909 0.0145467 0.396524 112.417 
0.345126 0.01823 0.938379 -0.255491 0.00438617 0.999769 -0.0210357 -2.71171 -0.938546 0.0113759 0.344966 112.529 
0.294285 0.0233255 0.955433 0.119197 0.00403987 0.999663 -0.0256496 -2.72297 -0.955709 0.0114081 0.294092 112.62 
0.24727 0.0254366 0.968613 0.509082 0.00505233 0.999608 -0.0275403 -2.73825 -0.968934 0.0117036 0.247044 112.695 
0.205761 0.0250324 0.978282 0.916334 0.0118216 0.999536 -0.0280627 -2.75555 -0.978531 0.0173391 0.20537 112.749 
0.170536 0.0249074 0.985037 1.34966 0.0198443 0.999391 -0.0287059 -2.76732 -0.985152 0.0244427 0.169938 112.794 
0.139973 0.0262243 0.989808 1.79293 0.0238745 0.999269 -0.0298511 -2.77918 -0.989868 0.0278095 0.139245 112.836 
0.111781 0.0248692 0.993422 2.26337 0.0220468 0.999379 -0.027499 -2.79301 -0.993488 0.0249756 0.111163 112.885 
0.0862287 0.0214905 0.996044 2.75138 0.016017 0.999608 -0.022954 -2.80759 -0.996147 0.0179329 0.0858507 112.931 
0.0622495 0.0175468 0.997906 3.25439 0.0110242 0.999772 -0.0182672 -2.82407 -0.998 0.0121382 0.0620419 112.965 
0.0395905 0.0149883 0.999104 3.77305 0.0153599 0.99976 -0.0156068 -2.84302 -0.999098 0.015964 0.0393508 112.975 
0.019352 0.0155228 0.999692 4.3205 0.0228412 0.999612 -0.0159637 -2.86446 -0.999552 0.0231431 0.0189899 112.975 
0.00210593 0.0178634 0.999838 4.87107 0.0281486 0.999443 -0.0179156 -2.87971 -0.999602 0.0281818 0.00160192 112.964 
-0.0124467 0.0233569 0.99965 5.44566 0.028482 0.99933 -0.0229948 -2.89323 -0.999517 0.0281859 -0.0131037 112.962 
-0.0232332 0.0280664 0.999336 6.04009 0.0258528 0.999288 -0.027464 -2.90512 -0.999396 0.0251976 -0.0239422 112.955 
-0.0296965 0.0278351 0.999171 6.66287 0.0284551 0.999231 -0.026991 -2.92071 -0.999154 0.02763 -0.0304657 112.944 
-0.0322197 0.0244472 0.999182 7.30387 0.0344215 0.999135 -0.023336 -2.94629 -0.998888 0.0336414 -0.0330333 112.921 
-0.0314506 0.022885 0.999243 7.95165 0.036231 0.999107 -0.0217415 -2.96369 -0.998848 0.0355198 -0.0322516 112.899 
-0.0295369 0.022527 0.99931 8.63268 0.0350079 0.999156 -0.0214887 -2.98441 -0.998951 0.034349 -0.0303005 112.894 
-0.0280699 0.0229668 0.999342 9.33025 0.0315441 0.999259 -0.0220788 -3.00564 -0.999108 0.0309036 -0.0287736 112.894 
-0.0270004 0.0242781 0.999341 10.0467 0.0307788 0.999251 -0.0234443 -3.02401 -0.999162 0.0301255 -0.0277274 112.894 
-0.0259914 0.0250692 0.999348 10.7792 0.0304418 0.999242 -0.0242748 -3.04837 -0.999199 0.029791 -0.0267349 112.887 
-0.0250829 0.0244539 0.999386 11.524 0.0301313 0.999265 -0.0236947 -3.07632 -0.999231 0.0295185 -0.0258012 112.882 
-0.0243707 0.0232868 0.999432 12.2863 0.0290341 0.999323 -0.0225763 -3.10018 -0.999281 0.0284674 -0.0250303 112.88 
-0.0239648 0.0220797 0.999469 13.0661 0.0296737 0.999331 -0.0213651 -3.12443 -0.999272 0.0291459 -0.0246039 112.877 
-0.0245382 0.0198183 0.999502 13.8527 0.0303805 0.999357 -0.0190695 -3.15093 -0.999237 0.0298975 -0.0251245 112.871 
-0.0259355 0.0181592 0.999499 14.6478 0.0279182 0.999458 -0.017434 -3.17554 -0.999274 0.027452 -0.0264284 112.874 
-0.0271526 0.0170276 0.999486 15.4461 0.0269247 0.999505 -0.0162964 -3.20114 -0.999269 0.0264684 -0.0275976 112.87 
-0.0280933 0.0145428 0.9995 16.2577 0.0295526 0.999469 -0.0137117 -3.22225 -0.999168 0.0291526 -0.0285082 112.855 
-0.0290626 0.0129297 0.999494 17.0829 0.0311183 0.999443 -0.0120242 -3.24505 -0.999093 0.0307531 -0.0294488 112.84 
-0.0307495 0.0120518 0.999455 17.9127 0.0283008 0.999537 -0.0111821 -3.27058 -0.999126 0.0279416 -0.0310764 112.829 
-0.0316292 0.0167765 0.999359 18.741 0.0255547 0.999546 -0.0159708 -3.29136 -0.999173 0.0250332 -0.0320435 112.82 
-0.0323112 0.0213936 0.999249 19.5791 0.0269478 0.999426 -0.0205259 -3.31547 -0.999115 0.0262644 -0.0328692 112.804 
-0.0333438 0.023072 0.999178 20.4251 0.0272765 0.999382 -0.0221665 -3.34075 -0.999072 0.026515 -0.0339525 112.789 
-0.0348237 0.0209276 0.999174 21.2744 0.0238297 0.999514 -0.0201041 -3.36884 -0.999109 0.02311 -0.0353054 112.78 
-0.0359836 0.0168121 0.999211 22.1281 0.0209779 0.999651 -0.016064 -3.39803 -0.999132 0.0203833 -0.0363237 112.77 
-0.0363927 0.0115494 0.999271 22.9831 0.0194537 0.999752 -0.0108464 -3.42526 -0.999148 0.0190448 -0.0366084 112.757 
-0.0367288 0.00599952 0.999307 23.8413 0.0158873 0.999859 -0.00541886 -3.4467 -0.999199 0.0156772 -0.036819 112.748 
-0.0366849 0.00471663 0.999316 24.6964 0.0133612 0.999902 -0.00422886 -3.47253 -0.999238 0.0131969 -0.0367443 112.739 
-0.035716 0.0115369 0.999295 25.5406 0.0163465 0.999806 -0.0109586 -3.49988 -0.999228 0.0159435 -0.0358977 112.721 
-0.0348042 0.0226399 0.999138 26.3768 0.0185349 0.999586 -0.0220044 -3.5238 -0.999222 0.017753 -0.0352094 112.706 
-0.0342045 0.0279606 0.999024 27.2145 0.0204884 0.999418 -0.0272701 -3.54594 -0.999205 0.0195356 -0.0347575 112.689 
-0.0328172 0.0223702 0.999211 28.0555 0.0221242 0.999521 -0.0216505 -3.57921 -0.999217 0.0213962 -0.0332964 112.674 
-0.031829 0.0145712 0.999387 28.8959 0.0252449 0.999586 -0.01377 -3.611 -0.999175 0.0247911 -0.0321837 112.655 
-0.0311333 0.0117298 0.999446 29.7268 0.0267025 0.999584 -0.0108996 -3.6374 -0.999159 0.0263484 -0.0314336 112.641 
-0.0313693 0.012237 0.999433 30.5504 0.0254635 0.99961 -0.0114399 -3.66602 -0.999183 0.0250902 -0.0316687 112.632 
-0.0321828 0.0131628 0.999395 31.3726 0.0226083 0.999667 -0.0124383 -3.69083 -0.999226 0.0221943 -0.0324697 112.624 
-0.0340902 0.0133723 0.999329 32.1882 0.0206629 0.999706 -0.0126724 -3.71485 -0.999205 0.0202171 -0.0343565 112.615 
-0.0363144 0.0133525 0.999251 33.0092 0.0204662 0.999711 -0.0126148 -3.74129 -0.999131 0.0199928 -0.0365772 112.603 
-0.0382135 0.0136835 0.999176 33.8165 0.0195822 0.999725 -0.0129421 -3.76856 -0.999078 0.0190715 -0.0384709 112.586 
-0.04019 0.0139758 0.999094 34.6237 0.0179199 0.999751 -0.0132641 -3.79531 -0.999031 0.0173706 -0.0404304 112.57 
-0.0421211 0.0131461 0.999026 35.4261 0.0162033 0.999791 -0.012473 -3.81918 -0.998981 0.0156622 -0.0423253 112.554 
-0.0441135 0.0119472 0.998955 36.2246 0.0170285 0.999792 -0.0112052 -3.84842 -0.998881 0.0165164 -0.0443077 112.532 
-0.0461501 0.0121189 0.998861 37.0168 0.0168214 0.999794 -0.011353 -3.87349 -0.998793 0.0162783 -0.0463445 112.514 
-0.0480225 0.0131753 0.998759 37.8047 0.0167141 0.999784 -0.0123851 -3.89705 -0.998706 0.0160986 -0.0482323 112.492 
-0.0488336 0.0134064 0.998717 38.5856 0.0172414 0.999772 -0.0125774 -3.92117 -0.998658 0.0166051 -0.0490536 112.466 
-0.0499668 0.0121861 0.998677 39.3706 0.0190726 0.999755 -0.011245 -3.94692 -0.998569 0.0184855 -0.050187 112.439 
-0.0515426 0.0112903 0.998607 40.1502 0.0192063 0.999762 -0.010312 -3.97424 -0.998486 0.018648 -0.0517472 112.414 
-0.0527136 0.010986 0.998549 40.9218 0.0181999 0.999784 -0.0100387 -3.99699 -0.998444 0.0176443 -0.0529021 112.39 
-0.0539572 0.0101758 0.998491 41.6779 0.0163745 0.999823 -0.00930446 -4.01857 -0.998409 0.0158477 -0.0541142 112.367 
-0.0547651 0.00899448 0.998459 42.4182 0.0152922 0.99985 -0.00816819 -4.04079 -0.998382 0.0148213 -0.0548944 112.344 
-0.0554548 0.00859511 0.998424 43.1349 0.0157426 0.999846 -0.00773293 -4.06404 -0.998337 0.015289 -0.0555815 112.317 
-0.0556347 0.0111869 0.998389 43.841 0.0158877 0.999821 -0.0103176 -4.08806 -0.998325 0.0152881 -0.0558025 112.291 
-0.055458 0.013898 0.998364 44.543 0.0158866 0.999789 -0.0130354 -4.11153 -0.998335 0.0151377 -0.055667 112.263 
-0.0554347 0.0155339 0.998342 45.2437 0.0141101 0.999791 -0.0147729 -4.13632 -0.998363 0.0132678 -0.0556424 112.239 
-0.0556429 0.0163364 0.998317 45.9381 0.0144836 0.999774 -0.015553 -4.16113 -0.998346 0.0135938 -0.055867 112.213 
-0.0553466 0.0162311 0.998335 46.6319 0.0158453 0.999756 -0.0153757 -4.18365 -0.998342 0.0149679 -0.0555903 112.183 
-0.0553957 0.0158808 0.998338 47.3205 0.0168353 0.999746 -0.014969 -4.20563 -0.998323 0.0159781 -0.055649 112.154 
-0.055435 0.0159012 0.998336 48.0053 0.0130147 0.9998 -0.0152018 -4.22965 -0.998378 0.0121503 -0.0556308 112.131 
-0.0552059 0.0161048 0.998345 48.6898 0.0105544 0.999824 -0.015545 -4.25512 -0.998419 0.00967881 -0.0553661 112.112 
-0.0549452 0.0146367 0.998382 49.3787 0.0125114 0.999824 -0.0139693 -4.27839 -0.998411 0.0117236 -0.0551186 112.084 
-0.0557911 0.014066 0.998343 50.0562 0.0130546 0.999826 -0.0133573 -4.30075 -0.998357 0.0122878 -0.055965 112.056 
-0.0593346 0.0136277 0.998145 50.7355 0.0100011 0.999865 -0.0130566 -4.32179 -0.998188 0.00920779 -0.0594629 112.033 
-0.0645172 0.0133006 0.997828 51.4106 0.00610715 0.999898 -0.0129333 -4.34537 -0.997898 0.00525947 -0.0645918 112.008 
-0.0702139 0.0170963 0.997385 52.0804 0.00998145 0.999815 -0.0164352 -4.36618 -0.997482 0.00880137 -0.0703716 111.968 
-0.0766828 0.0200146 0.996855 52.7545 0.0123827 0.999741 -0.0191199 -4.38466 -0.996979 0.0108776 -0.0769107 111.92 
-0.0840773 0.0217808 0.996221 53.4307 0.0116593 0.999714 -0.0208732 -4.40555 -0.996391 0.00986025 -0.0843072 111.876 
-0.0902754 0.0210257 0.995695 54.1116 0.0079927 0.99976 -0.0203868 -4.42944 -0.995885 0.00611786 -0.0904218 111.831 
-0.0955701 0.0198655 0.995225 54.7989 0.00764115 0.999786 -0.0192228 -4.45361 -0.995393 0.00576753 -0.0957014 111.777 
-0.1001 0.0204591 0.994767 55.4948 0.00539381 0.999785 -0.0200195 -4.47726 -0.994963 0.00336164 -0.100188 111.721 
-0.104039 0.019927 0.994374 56.1958 0.00333094 0.999801 -0.0196872 -4.49794 -0.994568 0.00126395 -0.104085 111.665 
-0.106665 0.0167611 0.994154 56.9026 0.00395729 0.999857 -0.0164326 -4.5197 -0.994287 0.00218136 -0.106716 111.603 
-0.108399 0.0137084 0.994013 57.6178 0.00611546 0.999895 -0.0131226 -4.5389 -0.994089 0.00465638 -0.108471 111.535 
-0.109732 0.0109362 0.993901 58.3394 0.00594831 0.999929 -0.0103458 -4.56086 -0.993943 0.00477676 -0.10979 111.47 
-0.111047 0.0107831 0.993757 59.0663 0.00510139 0.999934 -0.01028 -4.57945 -0.993802 0.00392798 -0.111095 111.406 
-0.111205 0.0146215 0.99369 59.7958 0.00708277 0.999878 -0.0139199 -4.59769 -0.993772 0.00549012 -0.111295 111.334 
-0.111159 0.0185038 0.99363 60.5346 0.0128985 0.999769 -0.0171751 -4.62026 -0.993719 0.0109072 -0.111372 111.256 
-0.111549 0.0232713 0.993486 61.276 0.020586 0.999565 -0.0211023 -4.64563 -0.993546 0.018098 -0.11198 111.174 
-0.112039 0.0245094 0.993402 62.0247 0.0211934 0.999527 -0.0222703 -4.6689 -0.993478 0.0185584 -0.112505 111.099 
-0.112261 0.0223426 0.993428 62.7778 0.019292 0.999608 -0.0203015 -4.6932 -0.993491 0.0168861 -0.112648 111.032 
-0.111958 0.0173746 0.993561 63.5319 0.0196441 0.99969 -0.0152681 -4.72214 -0.993519 0.0178082 -0.112265 110.958 
-0.111752 0.0153155 0.993618 64.2856 0.0218727 0.999677 -0.0129488 -4.74783 -0.993495 0.0202861 -0.112051 110.881 
-0.112734 0.0149178 0.993513 65.0327 0.0221395 0.999677 -0.0124981 -4.77355 -0.993379 0.0205869 -0.113028 110.809 
-0.114389 0.0157118 0.993312 65.7771 0.0204716 0.9997 -0.0134553 -4.79795 -0.993225 0.0187956 -0.114676 110.739 
-0.116446 0.0164285 0.993061 66.5182 0.0196984 0.999705 -0.0142286 -4.82041 -0.993002 0.0179048 -0.116736 110.667 
-0.11854 0.0165725 0.992811 67.2623 0.0209371 0.99968 -0.0141873 -4.84468 -0.992729 0.0191049 -0.118849 110.59 
-0.120261 0.0167923 0.9926 68.0048 0.0212957 0.999671 -0.0143318 -4.8686 -0.992514 0.0194145 -0.120579 110.51 
-0.122185 0.0164263 0.992371 68.7535 0.0212266 0.999678 -0.0139337 -4.89153 -0.99228 0.0193622 -0.122495 110.431 
-0.1237 0.0167869 0.992178 69.5022 0.0191714 0.999711 -0.0145242 -4.91407 -0.992134 0.0172248 -0.123986 110.353 
-0.124847 0.0182688 0.992008 70.2655 0.0191827 0.999688 -0.015996 -4.93805 -0.991991 0.0170323 -0.125158 110.274 
-0.1257 0.0186348 0.991893 71.0276 0.017872 0.999704 -0.0165166 -4.96089 -0.991907 0.015651 -0.125996 110.195 
-0.127165 0.0190687 0.991698 71.7983 0.0177731 0.999699 -0.0169434 -4.98266 -0.991722 0.0154709 -0.127465 110.119 
-0.128369 0.0173685 0.991574 72.5802 0.0183192 0.999718 -0.0151395 -5.00696 -0.991557 0.0162214 -0.12865 110.035 
-0.129514 0.0150813 0.991463 73.3676 0.0160069 0.999786 -0.0131169 -5.02979 -0.991448 0.0141715 -0.129727 109.953 
-0.131248 0.0131624 0.991262 74.1587 0.0132347 0.999846 -0.011524 -5.04882 -0.991261 0.0116066 -0.131402 109.87 
-0.133429 0.0126729 0.990977 74.9511 0.0146746 0.999834 -0.0108103 -5.07054 -0.99095 0.0130998 -0.133593 109.779 
-0.135166 0.0131732 0.990735 75.7431 0.0159615 0.999811 -0.0111162 -5.09436 -0.990694 0.0143111 -0.135351 109.684 
-0.137405 0.0144081 0.99041 76.5481 0.0154121 0.999804 -0.0124065 -5.11663 -0.990395 0.0135596 -0.1376 109.591 
-0.1389 0.0179867 0.990143 77.3544 0.0169766 0.999731 -0.0157794 -5.14088 -0.990161 0.0146175 -0.139168 109.492 
-0.139293 0.0219608 0.990008 78.1648 0.0188779 0.999631 -0.0195181 -5.16623 -0.990071 0.0159705 -0.139656 109.389 
-0.14031 0.025868 0.98977 78.9814 0.0199323 0.99953 -0.0232974 -5.19485 -0.989907 0.0164595 -0.14076 109.288 
-0.139986 0.0270104 0.989785 79.8116 0.0222691 0.999461 -0.0241249 -5.22292 -0.989903 0.0186645 -0.140512 109.185 
-0.139499 0.0263401 0.989872 80.6476 0.0259473 0.9994 -0.022937 -5.25457 -0.989882 0.0224848 -0.140098 109.079 
-0.139473 0.0245322 0.989922 81.4912 0.0264927 0.999428 -0.0210351 -5.28535 -0.989871 0.0232918 -0.140043 108.977 
-0.138875 0.0229243 0.990045 82.3369 0.0257893 0.999477 -0.0195251 -5.31515 -0.989974 0.022821 -0.139393 108.879 
-0.13706 0.0204377 0.990352 83.1864 0.0247622 0.999545 -0.0172004 -5.34565 -0.990253 0.0221658 -0.137504 108.779 
-0.135383 0.0173713 0.990641 84.0463 0.0254242 0.999578 -0.0140535 -5.37213 -0.990467 0.0232836 -0.135768 108.68 
-0.133806 0.0140163 0.990908 84.9037 0.0258893 0.999608 -0.0106434 -5.39791 -0.990669 0.0242298 -0.134117 108.581 
-0.132175 0.0137613 0.991131 85.7652 0.0241438 0.999652 -0.0106598 -5.42491 -0.990932 0.0225207 -0.132461 108.488 
-0.130853 0.0179212 0.99124 86.6205 0.0251564 0.999575 -0.014751 -5.45347 -0.991083 0.0230058 -0.131248 108.392 
-0.128849 0.0242779 0.991367 87.4713 0.0259063 0.999442 -0.0211085 -5.47899 -0.991326 0.0229628 -0.129406 108.297 
-0.127511 0.027748 0.991449 88.3284 0.0237941 0.999407 -0.0249105 -5.50651 -0.991552 0.0204143 -0.128095 108.207 
-0.126189 0.0252808 0.991684 89.1888 0.0223342 0.999494 -0.0226379 -5.53974 -0.991755 0.0192918 -0.12669 108.116 
-0.12484 0.0226704 0.991918 90.0512 0.0226907 0.999543 -0.0199889 -5.57292 -0.991917 0.0200119 -0.125297 108.024 
-0.124348 0.0211289 0.992014 90.9254 0.0236427 0.999553 -0.0183259 -5.6023 -0.991957 0.0211751 -0.124792 107.934 
-0.123614 0.0208424 0.992112 91.8013 0.0226261 0.999579 -0.0181801 -5.63213 -0.992072 0.0202003 -0.124033 107.845 
-0.123202 0.0207833 0.992164 92.6689 0.0218315 0.999596 -0.018228 -5.66433 -0.992142 0.0194147 -0.123606 107.758 
-0.122424 0.0190563 0.992295 93.5369 0.0245215 0.999569 -0.0161707 -5.69415 -0.992175 0.0223529 -0.122838 107.664 
-0.121163 0.0181692 0.992466 94.4086 0.0271646 0.999519 -0.0149819 -5.72806 -0.992261 0.0251447 -0.121598 107.568 
-0.120276 0.019487 0.992549 95.2781 0.0293683 0.99944 -0.0160634 -5.75954 -0.992306 0.0272174 -0.120781 107.476 
-0.119251 0.021538 0.992631 96.1496 0.03006 0.999385 -0.0180733 -5.79238 -0.992409 0.0276832 -0.119825 107.382 
-0.118169 0.0232017 0.992722 97.0178 0.0274498 0.999421 -0.0200907 -5.81988 -0.992614 0.0248759 -0.118737 107.292 
-0.117445 0.0190783 0.992896 97.8847 0.0225288 0.999609 -0.0165424 -5.8508 -0.992824 0.0204259 -0.117829 107.21 
-0.117246 0.0170216 0.992957 98.7506 0.0182533 0.999721 -0.0149822 -5.8853 -0.992935 0.0163682 -0.117524 107.126 
-0.118279 0.0174722 0.992827 99.6063 0.0147106 0.999766 -0.0158418 -5.9161 -0.992872 0.0127313 -0.118508 107.043 
-0.119398 0.0221663 0.992599 100.449 0.0117041 0.999713 -0.0209173 -5.94605 -0.992777 0.00912003 -0.119624 106.961 
-0.120129 0.0246701 0.992452 101.295 0.0110934 0.999662 -0.0235065 -5.97701 -0.992696 0.00818583 -0.120362 106.876 
-0.120536 0.025046 0.992393 102.131 0.0116691 0.999648 -0.0238118 -6.01216 -0.99264 0.00871017 -0.120786 106.788 
-0.120748 0.0245144 0.992381 102.966 0.0131735 0.999647 -0.023091 -6.04692 -0.992596 0.0102849 -0.121028 106.697 
-0.121196 0.0251812 0.992309 103.792 0.0145678 0.999616 -0.0235874 -6.08418 -0.992522 0.011597 -0.121516 106.609 
-0.121587 0.0282746 0.992178 104.613 0.0160006 0.99952 -0.026523 -6.12095 -0.992452 0.0126506 -0.121981 106.522 
-0.121968 0.0296089 0.992092 105.427 0.0155583 0.999489 -0.0279169 -6.15821 -0.992412 0.0120303 -0.122367 106.434 
-0.12284 0.0300341 0.991972 106.237 0.014032 0.999495 -0.0285242 -6.19294 -0.992327 0.0104154 -0.123199 106.346 
-0.12499 0.0288942 0.991737 107.043 0.0122271 0.999545 -0.0275807 -6.23125 -0.992083 0.00867875 -0.125287 106.262 
-0.128176 0.0300466 0.991296 107.844 0.0121907 0.999513 -0.0287194 -6.27096 -0.991677 0.00840346 -0.12848 106.176 
-0.131385 0.0326958 0.990792 108.64 0.0119646 0.999436 -0.0313944 -6.30814 -0.991259 0.00772968 -0.131702 106.085 
-0.134702 0.0340948 0.990299 109.43 0.0102759 0.999402 -0.0330104 -6.3459 -0.990833 0.00572962 -0.134972 105.996 
-0.137901 0.0341901 0.989856 110.214 0.0107877 0.999397 -0.0330168 -6.38421 -0.990387 0.00612519 -0.138187 105.901 
-0.140802 0.0328812 0.989492 110.997 0.0122588 0.99943 -0.031467 -6.4241 -0.989962 0.0076993 -0.141125 105.803 
-0.143093 0.0337487 0.989134 111.773 0.0138552 0.999389 -0.0320942 -6.46367 -0.989612 0.00911214 -0.143473 105.698 
-0.145076 0.0381639 0.988684 112.548 0.00929345 0.999264 -0.0372086 -6.50685 -0.989377 0.0037902 -0.145324 105.608 
-0.14674 0.0450662 0.988148 113.313 0.0070529 0.998984 -0.044513 -6.55294 -0.98915 0.000437496 -0.146908 105.513 
-0.14933 0.0480733 0.987618 114.08 0.0112714 0.998835 -0.046915 -6.59315 -0.988723 0.00412604 -0.149698 105.405 
-0.151887 0.0462068 0.987317 114.85 0.0133539 0.998911 -0.044695 -6.63598 -0.988308 0.00639595 -0.152339 105.293 
-0.155099 0.0382826 0.987157 115.626 0.0116957 0.99925 -0.0369139 -6.68482 -0.98783 0.00582021 -0.15543 105.189 
-0.157345 0.0360519 0.986885 116.394 0.0106242 0.999337 -0.0348129 -6.73287 -0.987487 0.00500722 -0.157624 105.083 
-0.158902 0.0390424 0.986522 117.154 0.0102938 0.999229 -0.0378872 -6.77328 -0.987241 0.00413473 -0.159181 104.971 
-0.161547 0.0424309 0.985952 117.907 0.00786893 0.999099 -0.0417073 -6.81416 -0.986834 0.00102069 -0.161735 104.862 
-0.164118 0.0449334 0.985417 118.653 0.0073725 0.99899 -0.0443244 -6.8588 -0.986413 -9.44881e-06 -0.164284 104.754 
-0.165901 0.0492157 0.984914 119.398 0.0114215 0.998783 -0.0479848 -6.90621 -0.986076 0.00328841 -0.166261 104.638 
-0.167683 0.0537728 0.984373 120.138 0.0117103 0.99855 -0.0525524 -6.95175 -0.985771 0.00271508 -0.16807 104.524 
-0.170693 0.0560723 0.983727 120.882 0.0111369 0.998426 -0.0549776 -6.99897 -0.985261 0.00157134 -0.171049 104.415 
-0.173324 0.0537065 0.9834 121.634 0.0120221 0.998553 -0.0524151 -7.04729 -0.984792 0.0027377 -0.173718 104.306 
-0.177192 0.050177 0.982896 122.376 0.0161686 0.998713 -0.0480696 -7.09975 -0.984044 0.00737448 -0.177775 104.18 
-0.183065 0.0488202 0.981888 123.115 0.0184484 0.998761 -0.0462196 -7.14701 -0.982928 0.00965304 -0.183739 104.056 
-0.189272 0.0475085 0.980775 123.847 0.0171462 0.998837 -0.0450745 -7.19479 -0.981775 0.00828529 -0.189866 103.929 
-0.197662 0.047756 0.979106 124.577 0.0161502 0.998836 -0.0454579 -7.24146 -0.980137 0.00682748 -0.198203 103.795 
-0.208282 0.0483216 0.976874 125.303 0.0153578 0.998817 -0.0461325 -7.28621 -0.977948 0.00539405 -0.208778 103.653 
-0.220056 0.0492976 0.974241 126.019 0.0160754 0.99877 -0.0469077 -7.33086 -0.975355 0.00533896 -0.220577 103.498 
-0.232428 0.0501024 0.971322 126.732 0.0172131 0.998728 -0.047397 -7.37662 -0.972461 0.00570306 -0.232994 103.334 
-0.24414 0.0501998 0.96844 127.441 0.0200666 0.998707 -0.04671 -7.42118 -0.969532 0.0080295 -0.244831 103.16 
-0.255086 0.0501996 0.965614 128.143 0.0234855 0.998678 -0.0457143 -7.46737 -0.966633 0.0110169 -0.255928 102.976 
-0.265164 0.0501634 0.962898 128.844 0.0274819 0.998633 -0.044457 -7.51175 -0.963812 0.0146739 -0.26618 102.786 
-0.274121 0.0508697 0.960349 129.542 0.0333276 0.998503 -0.0433776 -7.55467 -0.961117 0.0201154 -0.275406 102.59 
-0.281717 0.0508777 0.958148 130.233 0.0385227 0.998388 -0.0416879 -7.5993 -0.958724 0.0251663 -0.283222 102.389 
-0.288168 0.0511318 0.956214 130.923 0.0386432 0.998381 -0.0417409 -7.64087 -0.9568 0.0249228 -0.289678 102.19 
-0.292834 0.0492157 0.954896 131.612 0.0424078 0.99836 -0.0384508 -7.6803 -0.955222 0.0292353 -0.294441 101.986 
-0.294734 0.0465396 0.954445 132.299 0.0484071 0.998258 -0.0337277 -7.71802 -0.954352 0.0362612 -0.296474 101.773 
-0.29576 0.0452579 0.95419 132.979 0.0549153 0.998031 -0.0303158 -7.75401 -0.953683 0.0434334 -0.297663 101.56 
-0.296609 0.0437836 0.953995 133.654 0.0571627 0.997971 -0.0280293 -7.79155 -0.953287 0.0462192 -0.29851 101.358 
-0.296279 0.0490795 0.95384 134.318 0.0595723 0.997684 -0.0328312 -7.82661 -0.953242 0.0470952 -0.298517 101.158 
-0.294914 0.0525276 0.954079 134.982 0.059526 0.997558 -0.0365213 -7.85959 -0.953668 0.0460219 -0.297321 100.963 
-0.294078 0.0525112 0.954338 135.64 0.0617752 0.997446 -0.0358472 -7.89394 -0.953783 0.0484126 -0.29657 100.768 
-0.29237 0.0509025 0.95495 136.3 0.0630178 0.997437 -0.0338735 -7.92973 -0.954227 0.0502752 -0.294829 100.575 
-0.29038 0.048036 0.955705 136.955 0.0648702 0.99743 -0.0304231 -7.96942 -0.95471 0.0531625 -0.29275 100.382 
-0.289092 0.0486044 0.956067 137.603 0.0656146 0.997368 -0.0308637 -8.00618 -0.95505 0.0538095 -0.29152 100.196 
-0.286671 0.0510948 0.956666 138.242 0.0668373 0.99721 -0.033232 -8.03877 -0.955695 0.0544143 -0.289286 100.015 
-0.282335 0.0527735 0.957863 138.878 0.0686164 0.997039 -0.0347069 -8.07299 -0.956859 0.0559261 -0.28512 99.8357 
-0.276963 0.0518827 0.959479 139.511 0.0695878 0.997002 -0.0338245 -8.10703 -0.958357 0.0573998 -0.279743 99.664 
-0.271528 0.0501157 0.961125 140.145 0.0712255 0.996951 -0.0318618 -8.14289 -0.959791 0.0598052 -0.27427 99.4948 
-0.26681 0.0480311 0.962552 140.769 0.0709763 0.997024 -0.0300773 -8.17848 -0.961132 0.0602934 -0.269425 99.3315 
-0.262676 0.0471684 0.96373 141.388 0.0711044 0.997035 -0.0294181 -8.21198 -0.962261 0.0607981 -0.265251 99.1741 
-0.258917 0.0456612 0.96482 142.005 0.0716507 0.997038 -0.0279579 -8.24344 -0.963238 0.0618912 -0.261421 99.0195 
-0.255 0.0442272 0.965929 142.62 0.0750806 0.996843 -0.0258217 -8.2719 -0.964022 0.065938 -0.257516 98.863 
-0.251342 0.0425382 0.966963 143.23 0.0770414 0.996743 -0.0238229 -8.30065 -0.964827 0.0685084 -0.253801 98.7111 
-0.24798 0.0410914 0.967893 143.832 0.075347 0.996892 -0.0230181 -8.3335 -0.965831 0.0672198 -0.250305 98.5699 
-0.244302 0.041872 0.968795 144.429 0.0725485 0.997057 -0.0247989 -8.36617 -0.966982 0.0642262 -0.24662 98.4352 
-0.239635 0.0452632 0.969807 145.013 0.0738802 0.996866 -0.0282706 -8.39675 -0.968048 0.0648749 -0.242228 98.2993 
-0.233784 0.0485199 0.971077 145.596 0.0757355 0.996628 -0.0315634 -8.42397 -0.969334 0.066166 -0.23667 98.1652 
-0.227094 0.0493151 0.972623 146.182 0.0747558 0.996653 -0.033079 -8.45337 -0.970999 0.0651971 -0.230021 98.0411 
-0.218731 0.0477594 0.974616 146.77 0.071487 0.996902 -0.0328078 -8.485 -0.973163 0.0624963 -0.221467 97.9306 
