1 2.12261e-08 -2.11895e-08 0 2.12261e-08 1 2.10703e-08 0 -2.11895e-08 2.10703e-08 1 0 
0.999998 0.000768866 0.00180027 -0.0229441 -0.00076708 0.999999 -0.000969023 -0.021088 -0.00180106 0.000967682 0.999998 1.21708 
0.999994 0.00109308 0.00335891 -0.0442382 -0.00109114 0.999999 -0.000566609 -0.0395339 -0.00335957 0.000562983 0.999994 2.42862 
0.999991 0.000452167 0.00427359 -0.0557107 -0.000451145 1 -0.000230207 -0.061304 -0.00427373 0.000228319 0.999991 3.64328 
0.999987 0.000160477 0.00512071 -0.0760953 -0.000160982 1 0.000106463 -0.0872608 -0.00512074 -0.000107244 0.999987 4.85111 
0.999983 -0.000156367 0.00582644 -0.0855379 0.000155383 1 0.000176659 -0.108511 -0.00582651 -0.000175709 0.999983 6.06339 
0.999979 9.86794e-05 0.00643661 -0.0968569 -9.2971e-05 1 -0.000880552 -0.129057 -0.00643674 0.000879978 0.999979 7.27329 
0.999975 -0.000132176 0.00711566 -0.107143 0.000140391 0.999999 -0.00114798 -0.151122 -0.00711554 0.00114899 0.999974 8.48421 
0.999975 -0.00065367 0.00702957 -0.11629 0.000650911 1 0.000400819 -0.173387 -0.00702987 -0.000396191 0.999975 9.69511 
0.999982 -0.00120565 0.00594347 -0.136482 0.00119879 0.999999 0.00116592 -0.19012 -0.00594491 -0.00115873 0.999982 10.9062 
0.999991 -0.00238834 0.00358142 -0.157048 0.00238568 0.999997 0.000758844 -0.211795 -0.00358327 -0.00075025 0.999993 12.1054 
0.999997 -0.00207773 0.00158435 -0.175318 0.00207716 0.999998 0.00039342 -0.233214 -0.00158521 -0.000390086 0.999999 13.3107 
0.999998 -0.00186537 0.000448137 -0.20033 0.00186532 0.999998 0.00019022 -0.254908 -0.000448533 -0.000189341 1 14.5319 
1 -0.000323012 -0.000199591 -0.231168 0.000323043 1 -6.13405e-05 -0.275752 0.000199569 6.13182e-05 1 15.7444 
1 -0.000881315 -0.00054153 -0.260706 0.000881321 1 -6.8408e-05 -0.29813 0.000541548 6.79729e-05 1 16.962 
0.999998 -0.00147676 -0.00106437 -0.28738 0.00147736 0.999999 0.000523879 -0.321516 0.00106355 -0.000525408 0.999999 18.1788 
0.999997 -0.00180446 -0.00136954 -0.317748 0.00180556 0.999998 0.000766206 -0.342834 0.00136811 -0.000768635 0.999999 19.3975 
0.999997 -0.00154992 -0.00189595 -0.347283 0.00154975 0.999999 -0.000113554 -0.366931 0.00189608 0.000110657 0.999998 20.6152 
0.999995 -0.00202528 -0.00258081 -0.371447 0.00202307 0.999998 -0.000877373 -0.389123 0.00258254 0.00087219 0.999996 21.8172 
0.999993 -0.000671557 -0.00364212 -0.389974 0.000669741 1 -0.000511389 -0.402811 0.00364242 0.000508989 0.999993 23.0399 
0.99999 -0.000579879 -0.00436465 -0.416457 0.000575935 0.999999 -0.000914434 -0.422222 0.00436514 0.000911954 0.99999 24.2593 
0.999986 -0.000550201 -0.0052833 -0.442995 0.000541418 0.999998 -0.00167169 -0.443662 0.00528417 0.00166884 0.999985 25.4743 
0.99998 8.66326e-05 -0.00626839 -0.470822 -9.33282e-05 0.999999 -0.00107462 -0.462557 0.00626825 0.00107523 0.99998 26.6845 
0.999975 -0.00142344 -0.00696924 -0.499194 0.00142924 0.999999 0.000820253 -0.488605 0.00696802 -0.000830151 0.999975 27.9039 
0.999965 -0.00169775 -0.00824149 -0.524053 0.00170544 0.999998 0.000920916 -0.509987 0.00823987 -0.000934896 0.999966 29.1228 
0.99995 -0.00271507 -0.00959285 -0.549748 0.00271455 0.999996 -7.19095e-05 -0.529913 0.00959297 4.59081e-05 0.999954 30.3298 
0.999937 -0.00322189 -0.010766 -0.576744 0.0032099 0.999994 -0.00113496 -0.550702 0.0107696 0.00110037 0.999941 31.5428 
0.999931 -0.00265937 -0.0114123 -0.615663 0.00264682 0.999996 -0.00111845 -0.573027 0.0114152 0.00108821 0.999934 32.7576 
0.999924 -0.00330302 -0.011883 -0.655175 0.00329759 0.999994 -0.000480345 -0.59784 0.0118845 0.000441166 0.999929 33.9733 
0.999912 -0.00376464 -0.0127245 -0.690515 0.00376325 0.999993 -0.000136338 -0.619557 0.0127249 8.84825e-05 0.999919 35.1803 
0.999898 -0.0043833 -0.0135835 -0.71921 0.0043796 0.99999 -0.000305553 -0.641382 0.0135847 0.000246074 0.999908 36.3879 
0.999889 -0.004847 -0.014118 -0.758928 0.00484337 0.999988 -0.000294138 -0.664547 0.0141192 0.000225769 0.9999 37.5941 
0.999882 -0.00565751 -0.0143188 -0.795955 0.00566118 0.999984 0.00021264 -0.684913 0.0143174 -0.000293633 0.999898 38.8157 
0.999882 -0.00554855 -0.0143155 -0.83476 0.00557121 0.999983 0.00154075 -0.708836 0.0143067 -0.00162028 0.999896 40.0319 
0.999883 -0.00522754 -0.0143616 -0.873479 0.00526101 0.999984 0.00229046 -0.727955 0.0143493 -0.0023657 0.999894 41.2583 
0.999889 -0.00444533 -0.0142011 -0.914364 0.00447199 0.999988 0.00184287 -0.747955 0.0141927 -0.00190613 0.999898 42.4854 
0.999899 -0.00338298 -0.013842 -0.954896 0.00340836 0.999993 0.00180757 -0.767702 0.0138357 -0.00185453 0.999903 43.7177 
0.999914 -0.000631984 -0.013122 -0.999923 0.000679555 0.999993 0.003618 -0.785628 0.0131196 -0.00362656 0.999907 44.936 
0.999935 -0.000845715 -0.0113333 -1.03966 0.000922198 0.999977 0.00674132 -0.805306 0.0113273 -0.0067513 0.999913 46.149 
0.999953 -0.000260171 -0.00969029 -1.07513 0.000352781 0.999954 0.00955216 -0.818445 0.00968732 -0.00955509 0.999907 47.3575 
0.999965 0.000107628 -0.00832657 -1.10576 -8.7119e-07 0.999918 0.0128151 -0.826507 0.00832722 -0.0128146 0.999883 48.5715 
0.999975 -0.00089719 -0.00699755 -1.13756 0.000996116 0.9999 0.0141406 -0.834267 0.00698412 -0.0141471 0.999876 49.7859 
0.999981 -0.00294587 -0.00535082 -1.16562 0.00301305 0.999916 0.0125841 -0.835835 0.00531325 -0.0126 0.999907 50.9991 
0.999989 -0.00185714 -0.00425589 -1.1942 0.00190301 0.99994 0.0107914 -0.840091 0.00423556 -0.0107993 0.999933 52.2068 
0.999993 -0.0014946 -0.00344061 -1.2217 0.0015299 0.999946 0.0102678 -0.847012 0.00342503 -0.010273 0.999941 53.4222 
0.999993 -0.00184418 -0.00340075 -1.24616 0.00187709 0.999951 0.00968728 -0.854466 0.00338267 -0.00969355 0.999947 54.6366 
0.999988 -0.00258823 -0.00414319 -1.27477 0.00262414 0.999959 0.00867528 -0.86449 0.00412052 -0.00868601 0.999954 55.8579 
0.999981 -0.00246121 -0.00570805 -1.30542 0.00251289 0.999956 0.00905619 -0.874838 0.00568546 -0.00907032 0.999943 57.0779 
0.999973 -0.00238555 -0.00700636 -1.33654 0.00245763 0.999944 0.0102917 -0.8843 0.00698138 -0.0103086 0.999923 58.3016 
0.999965 -0.0025697 -0.00793509 -1.37041 0.00265345 0.999941 0.0105571 -0.894328 0.00790745 -0.0105777 0.999913 59.5238 
0.999961 -0.00152528 -0.00871859 -1.40501 0.00161454 0.999946 0.010235 -0.901883 0.00870247 -0.0102486 0.99991 60.7407 
0.999959 -0.00115636 -0.0089944 -1.44345 0.00124813 0.999947 0.0101993 -0.913384 0.00898209 -0.0102101 0.999908 61.9562 
0.999956 -0.00198062 -0.00915366 -1.47777 0.00206966 0.999951 0.0097238 -0.92457 0.0091339 -0.00974227 0.999911 63.1654 
0.99995 -0.00293809 -0.0095529 -1.50609 0.0030212 0.999958 0.00869238 -0.934405 0.00952691 -0.00872076 0.999917 64.3803 
0.999944 -0.00316418 -0.0100942 -1.53488 0.0032638 0.999946 0.00986416 -0.943353 0.0100624 -0.00989651 0.9999 65.5933 
0.999942 -0.00335538 -0.0102036 -1.57147 0.00347217 0.999929 0.0114456 -0.955492 0.0101644 -0.0114803 0.999882 66.799 
0.999942 -0.0029251 -0.0103886 -1.60782 0.00302896 0.999946 0.0099913 -0.974038 0.0103587 -0.0100221 0.999896 68.0037 
0.999949 -0.0012204 -0.0100399 -1.65104 0.00130918 0.99996 0.00883675 -0.984512 0.0100287 -0.0088494 0.999911 69.2127 
0.999951 0.00109358 -0.00983685 -1.69323 -0.00100291 0.999957 0.00921334 -0.996708 0.00984646 -0.00920298 0.999909 70.4179 
0.999952 0.00309161 -0.00927233 -1.73807 -0.00300495 0.999952 0.00934063 -1.00728 0.00930072 -0.00931227 0.999913 71.6089 
0.999951 0.00483517 -0.0086082 -1.78197 -0.00475092 0.999941 0.00977587 -1.01669 0.00865492 -0.00973446 0.999915 72.8024 
0.999957 0.00567824 -0.00729721 -1.81726 -0.00560076 0.999928 0.0105884 -1.02527 0.00735677 -0.010547 0.999917 73.993 
0.99996 0.00720029 -0.00529375 -1.8473 -0.00714005 0.999911 0.011304 -1.03546 0.00537463 -0.0112657 0.999922 75.1905 
0.99998 0.00576868 -0.00249889 -1.87507 -0.00574557 0.999942 0.00914309 -1.04782 0.00255145 -0.00912851 0.999955 76.3826 
0.999996 0.00294732 0.000232574 -1.89525 -0.00294824 0.999987 0.00425648 -1.06078 -0.000220069 -0.00425711 0.999991 77.5628 
0.999988 0.00399422 0.00270473 -1.91436 -0.00400401 0.999985 0.00364124 -1.07339 -0.00269019 -0.00365199 0.99999 78.7408 
0.99998 0.00307433 0.00558067 -1.92956 -0.00311517 0.999968 0.00733169 -1.09294 -0.005558 -0.00734889 0.999958 79.925 
0.999952 0.00351174 0.00911277 -1.94519 -0.00359024 0.999956 0.00861652 -1.10594 -0.00908216 -0.00864879 0.999921 81.096 
0.9999 0.00398906 0.0135676 -1.95425 -0.00408041 0.999969 0.00671511 -1.11726 -0.0135404 -0.00676975 0.999885 82.2656 
0.99984 0.00335584 0.0175501 -1.95609 -0.00342152 0.999987 0.00371615 -1.13421 -0.0175375 -0.00377556 0.999839 83.4303 
0.999773 0.00192444 0.021208 -1.95311 -0.00193523 0.999998 0.000490659 -1.15416 -0.0212071 -0.000531548 0.999775 84.5884 
0.999682 0.00168039 0.0251608 -1.94929 -0.00166849 0.999999 -0.000492303 -1.17625 -0.0251617 0.000450208 0.999683 85.7414 
0.99958 0.0013165 0.0289432 -1.93605 -0.00135558 0.999998 0.00133214 -1.1975 -0.0289414 -0.00137077 0.99958 86.9004 
0.999447 0.00258836 0.0331434 -1.93011 -0.0026466 0.999995 0.00171477 -1.21835 -0.0331389 -0.0018015 0.999449 88.0764 
0.999295 0.00222286 0.0374862 -1.91883 -0.00221115 0.999998 -0.000352669 -1.24046 -0.0374869 0.000269574 0.999297 89.2501 
0.999153 0.00202301 0.0410898 -1.89553 -0.00191479 0.999995 -0.00267185 -1.26312 -0.041095 0.00259095 0.999152 90.4185 
0.999022 0.00194267 0.0441785 -1.86184 -0.00181189 0.999994 -0.00299925 -1.28488 -0.0441841 0.00291631 0.999019 91.5844 
0.99889 0.000521683 0.0471019 -1.82673 -0.000438062 0.999998 -0.00178471 -1.30675 -0.0471028 0.00176214 0.998889 92.7516 
0.998772 -0.000210067 0.0495429 -1.78212 0.000225547 1 -0.000305997 -1.32689 -0.0495429 0.000316836 0.998772 93.923 
0.998641 -0.00099894 0.052103 -1.73752 0.000929858 0.999999 0.00135094 -1.34488 -0.0521043 -0.00130061 0.998641 95.0964 
0.998506 -0.0026319 0.0545734 -1.69823 0.00250301 0.999994 0.00243082 -1.36602 -0.0545795 -0.00229055 0.998507 96.2613 
0.998385 -0.00366833 0.0566976 -1.64321 0.00366166 0.999993 0.000222289 -1.38495 -0.056698 -1.42813e-05 0.998391 97.4418 
0.998238 -0.00480128 0.059145 -1.59962 0.00500945 0.999982 -0.00337114 -1.40313 -0.0591277 0.00366152 0.998244 98.6061 
0.998131 -0.0041825 0.060974 -1.54507 0.00457643 0.99997 -0.00632168 -1.42411 -0.0609457 0.00658894 0.998119 99.7814 
0.998021 -0.00422468 0.0627478 -1.4963 0.00468245 0.999964 -0.00714939 -1.45097 -0.0627153 0.00742909 0.998004 100.969 
0.997995 -0.00421318 0.0631576 -1.44547 0.00464234 0.999967 -0.00664914 -1.47527 -0.0631276 0.00692905 0.997981 102.173 
0.998037 -0.00394421 0.0625027 -1.39733 0.00425803 0.999979 -0.00488775 -1.50105 -0.0624821 0.00514433 0.998033 103.391 
0.998116 -0.00452867 0.0611836 -1.34514 0.00475645 0.999982 -0.0035771 -1.51889 -0.0611664 0.00386141 0.99812 104.605 
0.998232 -0.00416401 0.0592991 -1.29554 0.00433575 0.999987 -0.00276713 -1.54009 -0.0592869 0.00301938 0.998236 105.817 
0.998365 -0.00422356 0.0570082 -1.26166 0.0043597 0.999988 -0.00226329 -1.56155 -0.056998 0.00250817 0.998371 107.065 
0.998539 -0.00370403 0.0539069 -1.21577 0.00384059 0.99999 -0.0024291 -1.57925 -0.0538974 0.00263263 0.998543 108.302 
0.998733 -0.00233109 0.0502692 -1.1867 0.00248133 0.999993 -0.00292566 -1.60026 -0.050262 0.00304672 0.998731 109.521 
0.998925 -0.00191636 0.046322 -1.14819 0.00204442 0.999994 -0.00271641 -1.61697 -0.0463165 0.00280823 0.998923 110.76 
0.999107 -0.00144214 0.0422348 -1.11492 0.00151726 0.999997 -0.00174549 -1.63759 -0.0422322 0.00180806 0.999106 111.998 
0.999274 -0.000946973 0.0380912 -1.09084 0.000990228 0.999999 -0.00111558 -1.65683 -0.0380902 0.00115253 0.999274 113.219 
0.999421 -0.000904804 0.0340133 -1.08989 0.00092435 0.999999 -0.000557695 -1.67674 -0.0340128 0.000588853 0.999421 114.463 
0.99957 -0.000191884 0.0293087 -1.07442 0.000208884 1 -0.000575495 -1.69535 -0.0293087 0.000581412 0.99957 115.703 
0.999701 0.000614453 0.0244572 -1.07012 -0.000597491 1 -0.000699075 -1.71995 -0.0244577 0.000684294 0.999701 116.96 
0.999809 0.000982032 0.0195129 -1.06573 -0.000959887 0.999999 -0.00114203 -1.73806 -0.0195141 0.00112312 0.999809 118.224 
0.999886 0.00196258 0.0149448 -1.07542 -0.00193688 0.999997 -0.00173093 -1.75907 -0.0149482 0.00170183 0.999887 119.482 
0.999923 0.00399152 0.0117638 -1.09064 -0.00396762 0.99999 -0.0020499 -1.77721 -0.0117719 0.00200311 0.999929 120.727 
0.999936 0.0059364 0.00966079 -1.10543 -0.0059182 0.999981 -0.00190721 -1.80201 -0.00967197 0.00184995 0.999952 122 
0.999936 0.0070876 0.00876996 -1.12596 -0.00706831 0.999973 -0.00222345 -1.82321 -0.00878552 0.00216137 0.999959 123.275 
0.999928 0.00926363 0.0076871 -1.13802 -0.0092476 0.999955 -0.00211292 -1.84451 -0.00770637 0.00204172 0.999968 124.545 
0.999921 0.0105444 0.0068528 -1.15764 -0.0105356 0.999944 -0.0013143 -1.86786 -0.00686632 0.00124204 0.999976 125.813 
0.999924 0.0105513 0.0063838 -1.17341 -0.010546 0.999944 -0.000856969 -1.89177 -0.00639253 0.000789622 0.999979 127.074 
0.999887 0.0140311 0.00549078 -1.19392 -0.0140376 0.999901 0.00115821 -1.91117 -0.00547402 -0.00123511 0.999984 128.337 
0.999875 0.01503 0.00487066 -1.21874 -0.0150504 0.999878 0.00419375 -1.92377 -0.00480708 -0.00426649 0.999979 129.619 
0.999896 0.0138074 0.00424538 -1.23943 -0.0138232 0.999898 0.00371733 -1.93713 -0.00419366 -0.00377559 0.999984 130.895 
0.999899 0.0137632 0.00344235 -1.25766 -0.0137709 0.999903 0.00222185 -1.95197 -0.00341148 -0.00226899 0.999992 132.169 
0.999937 0.0108683 0.00275025 -1.28296 -0.0108769 0.999936 0.0031202 -1.96366 -0.0027162 -0.00314987 0.999991 133.453 
0.999963 0.00847383 0.00156158 -1.30608 -0.00848157 0.999951 0.00504995 -1.98149 -0.00151875 -0.00506296 0.999986 134.754 
0.999987 0.00500195 0.00109596 -1.32899 -0.00500916 0.999965 0.00671851 -1.9931 -0.00106236 -0.00672387 0.999977 136.043 
0.999996 0.00292455 0.000671538 -1.35087 -0.00292973 0.999964 0.00791232 -2.01024 -0.000648417 -0.00791421 0.999969 137.334 
0.999999 -0.00129559 0.00079851 -1.36733 0.00129079 0.999981 0.00603273 -2.02199 -0.000806354 -0.00603165 0.999982 138.614 
0.999992 -0.00378747 0.000986763 -1.3878 0.00378244 0.99998 0.00509434 -2.03493 -0.00100608 -0.00509052 0.999987 139.893 
0.999986 -0.00526337 0.0011737 -1.40756 0.00525754 0.999974 0.00495055 -2.05069 -0.00119977 -0.00494426 0.999987 141.174 
0.999984 -0.00543227 0.00172132 -1.43136 0.00542324 0.999972 0.00523264 -2.06375 -0.00174974 -0.00522318 0.999985 142.457 
0.999987 -0.00477634 0.00202486 -1.44708 0.00476176 0.999963 0.00716242 -2.07634 -0.00205904 -0.00715264 0.999972 143.747 
0.999993 -0.00237485 0.00283143 -1.47292 0.00235062 0.999961 0.0085438 -2.08839 -0.00285165 -0.00853704 0.99996 145.041 
0.999991 -0.00269772 0.00342835 -1.49086 0.00267405 0.999973 0.00690252 -2.1057 -0.00344692 -0.00689325 0.99997 146.328 
0.99999 -0.00205486 0.00406887 -1.51397 0.00203507 0.999986 0.00487081 -2.1187 -0.00407886 -0.00486244 0.99998 147.626 
0.999986 -0.00236539 0.00475506 -1.53611 0.00235356 0.999994 0.00250081 -2.13976 -0.00476099 -0.00248954 0.999986 148.909 
0.999982 -0.00344786 0.00499673 -1.55028 0.00345638 0.999993 -0.00168887 -2.15941 -0.00499091 0.00170615 0.999986 150.202 
0.999979 -0.00341258 0.00546936 -1.56803 0.00344133 0.99998 -0.00524846 -2.18451 -0.00545138 0.00526722 0.999971 151.486 
0.999977 -0.00363819 0.00569159 -1.5867 0.00367342 0.999974 -0.00618453 -2.21426 -0.00566898 0.00620534 0.999965 152.777 
0.999976 -0.00392742 0.00573165 -1.60494 0.00396092 0.999975 -0.00583795 -2.24753 -0.00570863 0.00586055 0.999967 154.065 
0.999978 -0.00345346 0.00563291 -1.62374 0.00348398 0.999979 -0.0054097 -2.27788 -0.00561415 0.00542925 0.99997 155.347 
0.999981 -0.00263029 0.00551065 -1.64204 0.00265452 0.999987 -0.00438596 -2.30781 -0.00549908 0.00440055 0.999975 156.639 
0.999984 -0.00205933 0.00525198 -1.66198 0.00207979 0.99999 -0.00388354 -2.33568 -0.00524397 0.00389445 0.999979 157.927 
0.999988 -0.00199409 0.00440567 -1.6735 0.00201298 0.999989 -0.00427637 -2.36532 -0.00439714 0.00428523 0.999981 159.19 
0.999992 -0.00149762 0.00365957 -1.69058 0.00151217 0.999991 -0.00396437 -2.39268 -0.00365364 0.00396992 0.999985 160.464 
0.999993 -0.00198582 0.00316364 -1.71761 0.00199514 0.999994 -0.00293427 -2.4176 -0.00315783 0.0029406 0.999991 161.78 
0.999996 -0.00128057 0.00250903 -1.74039 0.00128712 0.999996 -0.00259179 -2.44659 -0.00250574 0.00259505 0.999994 163.057 
0.999998 -0.00087469 0.00188866 -1.76255 0.000881474 0.999993 -0.00357147 -2.47411 -0.00188556 0.00357317 0.999992 164.337 
0.999999 -0.000610112 0.00113598 -1.78582 0.000615619 0.999988 -0.00481625 -2.50096 -0.00113307 0.00481699 0.999988 165.602 
1 0.000146459 0.000443581 -1.811 -0.000144298 0.999989 -0.00477334 -2.53204 -0.000444318 0.00477332 0.999989 166.866 
1 -0.000324886 -0.000192462 -1.83604 0.000323847 0.999984 -0.00559398 -2.56323 0.000194234 0.00559395 0.999984 168.142 
0.999999 6.74788e-05 -0.00106167 -1.85937 -7.45221e-05 0.999978 -0.00667568 -2.59199 0.00106115 0.00667579 0.999977 169.422 
0.999998 0.000178584 -0.00182229 -1.88834 -0.000190019 0.99998 -0.00630009 -2.62485 0.00182109 0.00630047 0.999979 170.71 
0.999996 0.000353421 -0.00266266 -1.9141 -0.000366761 0.999987 -0.00502717 -2.65472 0.00266081 0.00502817 0.999984 171.999 
0.999993 0.000100481 -0.00368264 -1.94052 -0.000117664 0.999989 -0.00467754 -2.68365 0.00368209 0.00467798 0.999982 173.271 
0.999989 0.000531594 -0.00471566 -1.96367 -0.000552351 0.99999 -0.00441056 -2.70933 0.00471322 0.00441316 0.999979 174.563 
0.999984 0.000896502 -0.00563466 -1.99426 -0.000920071 0.999991 -0.0041893 -2.73809 0.00563081 0.00419446 0.999975 175.843 
0.999982 0.00115449 -0.00592911 -2.03139 -0.00118455 0.999986 -0.0050775 -2.76602 0.00592312 0.00508448 0.99997 177.122 
0.999976 0.00210893 -0.00653654 -2.06449 -0.00214564 0.999982 -0.00562087 -2.79448 0.00652452 0.00563481 0.999963 178.401 
0.999975 0.00218214 -0.00678487 -2.10138 -0.00221769 0.999984 -0.00524265 -2.82523 0.00677327 0.0052576 0.999963 179.683 
0.999974 0.00191368 -0.00694465 -2.13464 -0.00195786 0.999978 -0.00636688 -2.85629 0.00693227 0.00638036 0.999956 180.967 
0.999974 0.00058924 -0.00719613 -2.16403 -0.000646408 0.999968 -0.00795046 -2.88594 0.00719117 0.00795495 0.999943 182.244 
0.999968 -0.00264965 -0.00760625 -2.19101 0.00259081 0.999967 -0.00774187 -2.91857 0.00762647 0.00772195 0.999941 183.52 
0.999965 -0.00229083 -0.00804347 -2.22265 0.00225932 0.99999 -0.00392946 -2.95023 0.00805235 0.00391119 0.99996 184.792 
0.999963 -0.00312396 -0.00798025 -2.25582 0.00312735 0.999995 0.000406916 -2.97777 0.0079789 -0.000431816 0.999968 186.067 
0.999968 -0.00188186 -0.00774257 -2.28953 0.00187953 0.999998 -0.000314167 -2.99991 0.0077431 0.000299647 0.99997 187.326 
0.999971 -0.000539271 -0.00758618 -2.3262 0.000511781 0.999993 -0.00363071 -3.02368 0.00758805 0.00362676 0.999965 188.567 
0.999968 8.18984e-05 -0.00806231 -2.35792 -0.000126767 0.999985 -0.00557011 -3.04836 0.00806169 0.00557099 0.999952 189.816 
0.999967 -0.000337667 -0.00814049 -2.39299 0.000295297 0.999986 -0.00521076 -3.07867 0.00814209 0.00520822 0.999953 191.066 
0.999969 -0.000448581 -0.00789096 -2.42658 0.00041743 0.999992 -0.00395429 -3.1108 0.00789263 0.00395091 0.999961 192.327 
0.999972 -0.000269626 -0.00750428 -2.46115 0.000255455 0.999998 -0.00189491 -3.13948 0.00750473 0.00189298 0.99997 193.582 
0.999977 -0.000903151 -0.00671626 -2.48918 0.000896116 0.999999 -0.00105678 -3.16628 0.00671717 0.00105078 0.999977 194.846 
0.999987 -0.000946863 -0.00502532 -2.52353 0.000938697 0.999998 -0.00163554 -3.19437 0.00502682 0.00163084 0.999986 196.095 
0.999991 -0.00209589 -0.00366476 -2.54998 0.00208493 0.999993 -0.0030026 -3.2227 0.00367099 0.00299497 0.999989 197.346 
0.999994 -0.00234004 -0.0023871 -2.57699 0.00232968 0.999988 -0.00434985 -3.25534 0.00239721 0.00434431 0.999988 198.579 
0.999995 -0.00300204 -0.000972893 -2.60042 0.00299745 0.999984 -0.00473392 -3.28666 0.000987047 0.00473102 0.999988 199.8 
0.999997 -0.00245595 0.000511823 -2.62755 0.00245809 0.999988 -0.00413639 -3.31422 -0.000501701 0.00413768 0.999991 201.031 
0.999994 -0.00302055 0.00187635 -2.64876 0.00302437 0.999993 -0.00201203 -3.34704 -0.0018703 0.00201774 0.999996 202.252 
0.999994 -0.00196954 0.00275569 -2.66771 0.00197399 0.999997 -0.00160089 -3.37272 -0.00275257 0.00160636 0.999995 203.467 
0.99999 -0.00233113 0.00377089 -2.684 0.00233718 0.999996 -0.0015903 -3.39858 -0.00376721 0.00159914 0.999992 204.689 
0.999988 -0.00177386 0.00466255 -2.6964 0.00178053 0.999997 -0.00141741 -3.42496 -0.00466006 0.00142574 0.999988 205.921 
0.999981 -0.0019443 0.00578946 -2.71511 0.00195135 0.999997 -0.00120459 -3.44936 -0.00578715 0.00121591 0.999983 207.133 
0.999975 -0.0017265 0.00684275 -2.7351 0.00173534 0.999998 -0.00127948 -3.47741 -0.00684056 0.00129137 0.999976 208.337 
0.99997 -0.00207291 0.00752888 -2.74776 0.00208149 0.999997 -0.00112597 -3.50533 -0.00752657 0.00114165 0.999971 209.529 
0.999963 -0.0031081 0.00803247 -2.75817 0.00311615 0.999995 -0.000984539 -3.53267 -0.00802941 0.00100957 0.999967 210.713 
0.999962 -0.00337627 0.00801395 -2.76397 0.00337806 0.999994 -0.000204393 -3.55894 -0.00801326 0.000231499 0.999968 211.883 
0.999964 -0.00393978 0.007538 -2.77227 0.00393295 0.999992 0.000926331 -3.58462 -0.00754163 -0.000896609 0.999971 213.025 
0.99997 -0.00374749 0.00674999 -2.78415 0.00374147 0.999993 0.000910585 -3.61105 -0.00675339 -0.00088526 0.999977 214.15 
0.999975 -0.00350268 0.00606805 -2.79431 0.00350203 0.999994 0.000125345 -3.63698 -0.00606849 -0.000104049 0.999982 215.257 
0.999978 -0.00335474 0.00578811 -2.81488 0.00335782 0.999994 -0.000514617 -3.66325 -0.00578639 0.000534083 0.999983 216.373 
0.99998 -0.00336659 0.00533957 -2.8348 0.00337004 0.999994 -0.000629272 -3.69044 -0.00533746 0.000647296 0.999986 217.469 
0.999985 -0.00382907 0.00383863 -2.8479 0.00383137 0.999993 -0.000581965 -3.71458 -0.00383642 0.000596706 0.999993 218.533 
0.999989 -0.0043194 0.00178288 -2.85843 0.00431913 0.999991 0.000181124 -3.73737 -0.00178368 -0.000173379 0.999998 219.588 
0.999985 -0.00551305 -0.000628867 -2.86961 0.00551419 0.999983 0.00176862 -3.7581 0.000619064 -0.00177202 0.999998 220.644 
0.999983 -0.00511796 -0.00291182 -2.89239 0.0051281 0.999981 0.00347082 -3.77923 0.00289396 -0.00348565 0.99999 221.693 
0.999974 -0.00479062 -0.00536693 -2.91778 0.00480951 0.999982 0.00350491 -3.79956 0.00535 -0.00353059 0.999979 222.724 
0.999956 -0.0046288 -0.00813679 -2.93864 0.00465395 0.999985 0.00306981 -3.8198 0.00812241 -0.0031075 0.999962 223.739 
0.999926 -0.00474605 -0.0112279 -2.96021 0.00478223 0.999984 0.00319383 -3.83754 0.0112125 -0.00324724 0.999932 224.735 
0.99989 -0.00421654 -0.0142487 -2.98759 0.00426929 0.999984 0.0036709 -3.85624 0.014233 -0.00373128 0.999892 225.704 
0.999837 -0.00409204 -0.0175647 -3.00415 0.00415467 0.999985 0.00352829 -3.87864 0.0175499 -0.00360065 0.99984 226.672 
0.999772 -0.00424369 -0.0209344 -3.03553 0.00430964 0.999986 0.00310404 -3.89816 0.0209209 -0.00319351 0.999776 227.594 
0.99969 -0.00449754 -0.0244733 -3.06633 0.00456079 0.999986 0.00252765 -3.91764 0.0244616 -0.00263844 0.999697 228.49 
0.999608 -0.00344067 -0.0277946 -3.10515 0.00350776 0.999991 0.00236366 -3.93726 0.0277862 -0.00246019 0.999611 229.354 
0.999515 -0.00319713 -0.030989 -3.14541 0.00325413 0.999993 0.00178786 -3.95744 0.030983 -0.00188779 0.999518 230.193 
0.999448 -0.00121553 -0.0331977 -3.19165 0.00127719 0.999998 0.00183482 -3.9759 0.0331954 -0.00187616 0.999447 231.022 
0.99943 -0.000507043 -0.0337596 -3.23684 0.000585965 0.999997 0.00232669 -3.99274 0.0337583 -0.0023451 0.999427 231.828 
0.999428 -0.000612688 -0.0338131 -3.26723 0.000726982 0.999994 0.00336676 -4.0084 0.0338108 -0.00338937 0.999423 232.629 
0.999446 -0.000261788 -0.0332712 -3.30839 0.000400265 0.999991 0.00415423 -4.02369 0.0332697 -0.0041652 0.999438 233.397 
0.999463 -0.000301845 -0.0327622 -3.34824 0.000423887 0.999993 0.00371691 -4.03842 0.0327608 -0.00372876 0.999456 234.145 
0.999473 0.000130845 -0.0324494 -3.38662 -7.23132e-05 0.999998 0.00180368 -4.05349 0.0324496 -0.00180034 0.999472 234.883 
0.9995 0.000183198 -0.031622 -3.42304 -0.000191081 1 -0.000247603 -4.06908 0.0316219 0.000253564 0.9995 235.614 
0.999538 7.70622e-05 -0.0304101 -3.46009 -0.000122973 0.999999 -0.00150925 -4.08596 0.0304099 0.00151233 0.999536 236.341 
0.999577 0.000628229 -0.0290675 -3.49499 -0.000685193 0.999998 -0.00195122 -4.10154 0.0290662 0.00197036 0.999576 237.067 
0.999625 0.000109401 -0.0273958 -3.52205 -0.000167048 0.999998 -0.00210349 -4.11544 0.0273955 0.00210732 0.999622 237.802 
0.999674 -6.0155e-05 -0.0255322 -3.55085 5.24983e-06 0.999998 -0.00215213 -4.12993 0.0255323 0.00215134 0.999672 238.527 
0.99972 1.09254e-05 -0.023681 -3.57674 -6.72535e-05 0.999997 -0.0023796 -4.14526 0.0236808 0.00238057 0.999717 239.251 
0.999766 -0.000216494 -0.0216149 -3.6017 0.000159448 0.999997 -0.00264283 -4.16054 0.0216154 0.00263881 0.999763 239.973 
0.999826 -0.000141889 -0.0186759 -3.62771 0.000101034 0.999998 -0.00219077 -4.17652 0.0186761 0.00218854 0.999823 240.7 
0.999879 -0.00111267 -0.0154951 -3.64741 0.00108673 0.999998 -0.00168509 -4.18762 0.0154969 0.00166809 0.999879 241.424 
0.99992 -0.002052 -0.012454 -3.66778 0.00203557 0.999997 -0.00133568 -4.20229 0.0124567 0.00131026 0.999922 242.146 
0.999953 -0.00233197 -0.00942729 -3.68237 0.00231965 0.999996 -0.00132215 -4.21632 0.00943029 0.00130027 0.999955 242.853 
0.999977 -0.00266864 -0.00628703 -3.70193 0.0026582 0.999995 -0.00167569 -4.22961 0.00629143 0.00165898 0.999979 243.56 
0.999992 -0.00267659 -0.00308799 -3.71911 0.0026706 0.999995 -0.00195677 -4.2421 0.00309317 0.00194854 0.999993 244.257 
0.999998 -0.00191154 -0.000214146 -3.73061 0.00191099 0.999994 -0.00275258 -4.25677 0.000219364 0.0027522 0.999996 244.952 
0.999994 -0.00170008 0.00291616 -3.74097 0.00170977 0.999993 -0.00331112 -4.27094 -0.00291055 0.00331613 0.99999 245.656 
0.999981 -0.00169444 0.0058805 -3.75015 0.00170844 0.999996 -0.00236814 -4.28595 -0.0058765 0.00237819 0.99998 246.363 
0.99996 -0.00124577 0.00885799 -3.75807 0.00126185 0.999998 -0.00180546 -4.29879 -0.00885576 0.00181661 0.999959 247.069 
0.999934 -0.00149886 0.0113712 -3.76382 0.00152073 0.999997 -0.00191104 -4.31376 -0.0113683 0.00192825 0.999934 247.773 
0.999903 -0.00126122 0.013855 -3.76737 0.00130993 0.999993 -0.0035046 -4.32725 -0.0138505 0.00352246 0.999898 248.48 
0.999872 -0.00126309 0.0159586 -3.77063 0.00135581 0.999982 -0.00579806 -4.34197 -0.0159511 0.005819 0.999856 249.19 
0.999851 -0.00241843 0.017073 -3.76952 0.00254396 0.99997 -0.00733195 -4.35657 -0.0170548 0.00737434 0.999827 249.905 
0.99985 -0.00223441 0.0171996 -3.76818 0.0023683 0.999967 -0.00776577 -4.37238 -0.0171817 0.00780538 0.999822 250.626 
0.999845 -0.00316769 0.0173483 -3.76842 0.00330951 0.999961 -0.00814965 -4.3901 -0.0173218 0.00820584 0.999816 251.349 
0.999843 -0.00193385 0.0175989 -3.76825 0.00208361 0.999962 -0.00849255 -4.40769 -0.0175818 0.00852793 0.999809 252.085 
0.999837 -0.00110142 0.0180113 -3.77032 0.0012645 0.999958 -0.00904311 -4.42615 -0.0180006 0.00906446 0.999797 252.817 
0.999826 -0.00202865 0.0185652 -3.78023 0.00223344 0.999937 -0.0110147 -4.4409 -0.0185417 0.0110543 0.999767 253.583 
0.999796 -0.00589897 0.0193015 -3.78653 0.00615426 0.999894 -0.0131915 -4.45858 -0.0192217 0.0133076 0.999727 254.354 
0.999756 -0.00906091 0.0201413 -3.78072 0.00934326 0.999859 -0.0139667 -4.47814 -0.0200119 0.0141515 0.9997 255.121 
0.999756 -0.0063861 0.0211598 -3.79082 0.00660386 0.999926 -0.0102349 -4.49172 -0.0210929 0.0103722 0.999724 255.9 
0.999758 -0.00290123 0.0218255 -3.7987 0.00299289 0.999987 -0.00416629 -4.50979 -0.0218132 0.00423065 0.999753 256.682 
0.999733 -0.0036144 0.0228386 -3.79686 0.00363064 0.999993 -0.000667598 -4.528 -0.0228361 0.00075038 0.999739 257.477 
0.99967 -0.00450583 0.0253043 -3.7864 0.00457523 0.999986 -0.00268342 -4.54347 -0.0252919 0.00279835 0.999676 258.27 
0.999553 -0.0032776 0.0297248 -3.78117 0.00354515 0.999954 -0.00895116 -4.55564 -0.0296941 0.00905258 0.999518 259.066 
0.999434 -0.00113988 0.0336132 -3.77482 0.00156092 0.999921 -0.0125012 -4.57272 -0.0335963 0.0125466 0.999357 259.872 
0.999313 0.000365157 0.0370522 -3.76327 9.42347e-05 0.999923 -0.0123948 -4.59131 -0.0370539 0.0123898 0.999237 260.692 
0.999172 -0.00138146 0.0406588 -3.74737 0.00178891 0.999949 -0.00998524 -4.61457 -0.040643 0.0100498 0.999123 261.524 
0.999028 -0.00464208 0.0438411 -3.72333 0.00494004 0.999965 -0.0066895 -4.63515 -0.0438086 0.00689961 0.999016 262.365 
0.998884 -0.0072253 0.0466855 -3.69247 0.00746881 0.999959 -0.00504276 -4.65413 -0.0466472 0.00538586 0.998897 263.209 
0.998739 -0.00676782 0.0497474 -3.66117 0.00700323 0.999965 -0.00455831 -4.67223 -0.0497148 0.004901 0.998751 264.057 
0.998622 -0.004432 0.0522983 -3.63624 0.00478778 0.999966 -0.00667871 -4.69009 -0.052267 0.00691994 0.998609 264.901 
0.9985 -0.00375364 0.0546286 -3.60573 0.00424651 0.999951 -0.00890807 -4.70973 -0.0545925 0.00912673 0.998467 265.74 
0.998367 -0.00342753 0.0570223 -3.56455 0.00394924 0.999951 -0.00903827 -4.72705 -0.0569886 0.00924875 0.998332 266.598 
0.998179 -0.00253207 0.0602726 -3.53912 0.00295696 0.999971 -0.00696051 -4.75106 -0.0602533 0.00712609 0.998158 267.456 
0.997975 -0.00117968 0.0635996 -3.49985 0.00152303 0.999985 -0.00534976 -4.77125 -0.0635924 0.00543583 0.997961 268.314 
0.997778 -0.000439062 0.0666254 -3.4611 0.000811446 0.999984 -0.00556161 -4.78994 -0.066622 0.00560335 0.997763 269.169 
0.997588 -0.000239953 0.0694142 -3.41887 0.000675415 0.99998 -0.00624935 -4.80577 -0.0694114 0.0062812 0.997568 270.017 
0.997383 -0.00185428 0.0722819 -3.37345 0.00234047 0.999975 -0.00664149 -4.82322 -0.0722679 0.00679332 0.997362 270.875 
0.997225 -0.00485598 0.0742867 -3.32608 0.00532171 0.999967 -0.0060721 -4.83804 -0.0742548 0.00645062 0.997218 271.725 
0.997134 -0.00604802 0.0754184 -3.27809 0.00653316 0.99996 -0.00618708 -4.8571 -0.0753779 0.00666211 0.997133 272.586 
0.997065 -0.00663418 0.0762718 -3.23048 0.00713444 0.999955 -0.00628778 -4.87217 -0.0762267 0.00681352 0.997067 273.441 
0.997012 -0.0064835 0.0769743 -3.18309 0.00699551 0.999955 -0.00638337 -4.8873 -0.0769295 0.00690281 0.997013 274.304 
0.996998 -0.00608908 0.0771831 -3.1392 0.00655955 0.999961 -0.00584282 -4.9052 -0.0771446 0.00633161 0.997 275.163 
0.997039 -0.00604495 0.0766635 -3.09116 0.0064791 0.999964 -0.00541493 -4.9255 -0.0766281 0.00589564 0.997042 276.021 
0.997121 -0.00631956 0.0755657 -3.04359 0.00680263 0.999958 -0.00613641 -4.9472 -0.0755238 0.00663282 0.997122 276.881 
0.997246 -0.00599112 0.073929 -2.99739 0.00653298 0.999954 -0.00708922 -4.96749 -0.0738831 0.00755271 0.997238 277.743 
0.997359 -0.00518617 0.0724496 -2.95326 0.00576337 0.999953 -0.00775951 -4.99012 -0.072406 0.00815661 0.997342 278.601 
0.997481 -0.00431832 0.0707979 -2.91164 0.00489307 0.999957 -0.00794609 -5.01325 -0.0707605 0.00827254 0.997459 279.448 
0.997596 -0.0031976 0.0692299 -2.874 0.0037789 0.999959 -0.00826662 -5.033 -0.0692006 0.0085084 0.997567 280.312 
0.997738 -0.00278816 0.0671591 -2.836 0.00331531 0.999965 -0.00773849 -5.05401 -0.0671352 0.00794369 0.997712 281.172 
0.99791 -0.00302053 0.0645457 -2.80468 0.00343518 0.999974 -0.00631354 -5.0753 -0.064525 0.00652211 0.997895 282.028 
0.998151 -0.00436309 0.0606305 -2.76991 0.00460641 0.999982 -0.00387321 -5.09862 -0.0606125 0.00414537 0.998153 282.885 
0.998407 -0.00556098 0.0561436 -2.74371 0.00569073 0.999982 -0.00215057 -5.11843 -0.0561307 0.00246668 0.99842 283.732 
0.998656 -0.00610743 0.0514755 -2.71674 0.00616396 0.999981 -0.00093873 -5.13613 -0.0514688 0.0012548 0.998674 284.575 
0.998879 -0.00638413 0.046903 -2.6971 0.00640296 0.99998 -0.000250151 -5.15454 -0.0469005 0.000550229 0.998899 285.4 
0.999081 -0.0069835 0.0422897 -2.6797 0.00698481 0.999976 0.000117878 -5.17052 -0.0422895 0.000177657 0.999105 286.22 
0.999258 -0.00801452 0.0376808 -2.66506 0.00800926 0.999968 0.000291698 -5.18607 -0.0376819 1.03551e-05 0.99929 287.026 
0.999399 -0.00831413 0.0336549 -2.65428 0.00832147 0.999965 -7.6695e-05 -5.20172 -0.0336531 0.000356748 0.999434 287.821 
0.999522 -0.00752468 0.0299834 -2.65049 0.00753528 0.999972 -0.000239056 -5.21719 -0.0299808 0.000464917 0.99955 288.592 
0.999632 -0.00740229 0.0260964 -2.64137 0.00740987 0.999973 -0.000192013 -5.23543 -0.0260943 0.000385355 0.999659 289.349 
0.999723 -0.0081962 0.0220802 -2.63363 0.00820068 0.999966 -0.000110476 -5.2526 -0.0220786 0.00029156 0.999756 290.088 
0.999798 -0.00911206 0.0179305 -2.63647 0.00912842 0.999958 -0.000828361 -5.2716 -0.0179223 0.000991913 0.999839 290.807 
0.999886 -0.00754223 0.0130461 -2.6422 0.00757203 0.999969 -0.00223308 -5.28975 -0.0130289 0.00233165 0.999912 291.503 
0.999961 -0.0059245 0.00652636 -2.65038 0.00595216 0.999973 -0.0042206 -5.30523 -0.00650123 0.00425933 0.99997 292.186 
0.999984 -0.00530362 -0.00179913 -2.66946 0.00529283 0.999968 -0.00597283 -5.32213 0.00183071 0.00596326 0.999981 292.848 
0.999908 -0.00560339 -0.0123654 -2.69635 0.00551571 0.99996 -0.00711732 -5.33872 0.0124047 0.0070485 0.999898 293.498 
0.999656 -0.00521411 -0.0256873 -2.73801 0.00502377 0.99996 -0.00747021 -5.35453 0.0257252 0.00733864 0.999642 294.146 
0.999089 -0.00402611 -0.0424947 -2.78749 0.00373855 0.99997 -0.00684514 -5.37446 0.042521 0.00668008 0.999073 294.774 
0.998042 -0.00159163 -0.0625265 -2.85254 0.00120962 0.99998 -0.00614764 -5.39313 0.062535 0.00606001 0.998024 295.402 
0.996367 -9.26587e-05 -0.0851635 -2.94008 -0.000456512 0.999979 -0.00642941 -5.40415 0.0851623 0.00644498 0.996346 296.03 
0.99385 0.00104455 -0.110727 -3.03455 -0.00179602 0.999976 -0.00668755 -5.41665 0.110718 0.00684534 0.993828 296.636 
0.990275 0.00232286 -0.139103 -3.13369 -0.0032293 0.999975 -0.00629128 -5.43631 0.139085 0.00667935 0.990258 297.244 
0.985398 0.00332484 -0.170232 -3.25815 -0.00425438 0.999978 -0.00509619 -5.44999 0.170212 0.00574606 0.985391 297.837 
0.978888 0.00311426 -0.204376 -3.40197 -0.00390584 0.999986 -0.00347007 -5.45937 0.204362 0.00419511 0.978886 298.41 
0.970491 0.00313166 -0.241119 -3.55281 -0.0036865 0.999992 -0.00185018 -5.47053 0.241111 0.00268451 0.970494 298.967 
0.960156 0.00417166 -0.279433 -3.72788 -0.0042048 0.999991 0.000480695 -5.47776 0.279432 0.000713462 0.960165 299.51 
0.947561 0.00513053 -0.319534 -3.90805 -0.00451438 0.999986 0.00266883 -5.48682 0.319543 -0.00108633 0.947571 300.041 
0.932811 0.00560694 -0.360322 -4.11813 -0.00414987 0.99998 0.00481723 -5.50396 0.360342 -0.00299823 0.932816 300.556 
0.915544 0.0057373 -0.402176 -4.34453 -0.00333155 0.999972 0.00668097 -5.51684 0.402203 -0.0047768 0.915538 301.066 
0.895622 0.0052208 -0.444786 -4.59206 -0.00190609 0.999967 0.00789923 -5.52464 0.444812 -0.00622687 0.895602 301.539 
0.872465 0.00433657 -0.488657 -4.85132 -0.000199009 0.999964 0.00851877 -5.52342 0.488676 -0.00733504 0.872435 302.01 
0.846172 0.0034242 -0.5329 -5.12594 0.00198627 0.999952 0.00957917 -5.52619 0.532907 -0.00916405 0.846124 302.458 
0.816727 0.00356735 -0.577014 -5.42874 0.00342325 0.999933 0.0110274 -5.52983 0.577015 -0.0109816 0.81666 302.886 
0.784642 0.0050979 -0.619928 -5.76958 0.0026863 0.999929 0.0116228 -5.53576 0.619943 -0.010785 0.784573 303.26 
0.74891 0.00409558 -0.66266 -6.12115 0.00479257 0.999921 0.0115964 -5.53895 0.662655 -0.0118604 0.748831 303.639 
0.709198 0.00330139 -0.705002 -6.44655 0.00890958 0.999867 0.0136448 -5.54922 0.704953 -0.0159581 0.709074 303.961 
0.665959 0.00278859 -0.745984 -6.83449 0.0148555 0.999745 0.016999 -5.5522 0.745841 -0.0224025 0.665747 304.242 
0.618296 0.00329219 -0.785938 -7.23508 0.0187285 0.999646 0.0189211 -5.54721 0.785722 -0.0264182 0.618016 304.491 
0.567462 0.00688687 -0.823371 -7.65234 0.0181654 0.999617 0.0208805 -5.54559 0.823199 -0.0268057 0.56712 304.702 
0.514694 0.0132215 -0.857272 -8.0855 0.0131665 0.999641 0.0233222 -5.5445 0.857273 -0.023291 0.514335 304.875 
0.458741 0.0171294 -0.888405 -8.49789 0.0102834 0.999645 0.0245842 -5.53893 0.888511 -0.0204136 0.458402 305.042 
0.400835 0.0192659 -0.915948 -8.91708 0.00964513 0.999635 0.025247 -5.53297 0.9161 -0.0189543 0.400503 305.18 
0.341603 0.0211474 -0.939606 -9.32735 0.0114667 0.999579 0.026666 -5.52492 0.939774 -0.0198833 0.341217 305.3 
0.281739 0.024336 -0.959182 -9.74699 0.0134544 0.99948 0.0293103 -5.51822 0.959397 -0.021163 0.281265 305.394 
0.220605 0.0279736 -0.974962 -10.1678 0.0155423 0.999361 0.0321904 -5.50783 0.975239 -0.0222545 0.220029 305.466 
0.15652 0.031185 -0.987182 -10.5997 0.0179416 0.999247 0.0344107 -5.49913 0.987512 -0.0230975 0.155842 305.513 
0.0909773 0.0348919 -0.995242 -11.0413 0.0182475 0.99916 0.0366974 -5.48519 0.995686 -0.0214992 0.0902642 305.522 
0.0243103 0.0405707 -0.998881 -11.4988 0.0201196 0.998954 0.0410634 -5.47311 0.999502 -0.0210953 0.0234686 305.505 
-0.043979 0.0470475 -0.997924 -11.9691 0.0219448 0.998695 0.0461168 -5.45402 0.998791 -0.019871 -0.0449541 305.455 
-0.112345 0.0539107 -0.992206 -12.4434 0.0241092 0.998381 0.0515164 -5.43605 0.993377 -0.0181337 -0.113463 305.371 
-0.180331 0.0600574 -0.981771 -12.9298 0.0263766 0.998071 0.0562096 -5.4161 0.983252 -0.0157593 -0.181568 305.249 
-0.247336 0.0661657 -0.966668 -13.4172 0.0302291 0.997707 0.0605557 -5.39724 0.968458 -0.0142438 -0.248769 305.096 
-0.312566 0.0703544 -0.947287 -13.91 0.0343445 0.997438 0.0627468 -5.36989 0.949275 -0.0129216 -0.314182 304.905 
-0.374842 0.0725707 -0.924244 -14.3971 0.037846 0.997298 0.0629578 -5.34064 0.926316 -0.0113797 -0.376576 304.672 
-0.433981 0.0728696 -0.89797 -14.8714 0.0408562 0.99729 0.0611839 -5.30846 0.899995 -0.010135 -0.435782 304.401 
-0.48974 0.0725758 -0.868843 -15.3438 0.0429724 0.997328 0.0590861 -5.27302 0.870809 -0.00839945 -0.49155 304.094 
-0.54115 0.0726524 -0.837782 -15.82 0.044991 0.997335 0.0574278 -5.23705 0.839722 -0.00661559 -0.542977 303.749 
-0.587146 0.0725201 -0.806226 -16.2859 0.0464246 0.997356 0.0559029 -5.20252 0.808149 -0.00460549 -0.588961 303.368 
-0.627533 0.0731362 -0.775147 -16.7503 0.0473682 0.997321 0.0557508 -5.16976 0.777148 -0.00173178 -0.629316 302.951 
-0.664176 0.0768824 -0.743612 -17.2032 0.0517869 0.99704 0.0568296 -5.13953 0.74578 -0.000764504 -0.666192 302.505 
-0.700085 0.0838424 -0.70912 -17.6566 0.0599206 0.996478 0.0586609 -5.10544 0.711541 -0.00142322 -0.702643 302.026 
-0.734932 0.0891631 -0.672254 -18.1095 0.0659248 0.996017 0.0600335 -5.06717 0.674929 -0.000197662 -0.737883 301.502 
-0.766971 0.0905687 -0.635258 -18.5445 0.0685694 0.995889 0.0591973 -5.03011 0.638008 0.00184327 -0.770028 300.938 
-0.796341 0.0873417 -0.598509 -18.9566 0.0680988 0.996174 0.0547656 -4.99976 0.601002 0.0028544 -0.799242 300.339 
-0.822736 0.084741 -0.562072 -19.3572 0.0691281 0.996402 0.0490364 -4.97031 0.564205 0.00148899 -0.825633 299.697 
-0.846883 0.0799735 -0.525732 -19.7394 0.067698 0.996797 0.042579 -4.93522 0.527453 0.000468489 -0.849584 299.015 
-0.868581 0.0774921 -0.489451 -20.1055 0.0677907 0.996993 0.0375469 -4.90615 0.490889 -0.000567673 -0.871222 298.301 
-0.888412 0.0760099 -0.45271 -20.4549 0.0669611 0.997106 0.0360074 -4.88193 0.454137 0.00167542 -0.89093 297.547 
-0.906808 0.0722959 -0.415297 -20.7815 0.0640254 0.997375 0.0338246 -4.86016 0.416653 0.00408287 -0.909057 296.755 
-0.923406 0.0718107 -0.377048 -21.0897 0.0647144 0.997407 0.031473 -4.83621 0.378331 0.00466191 -0.925659 295.932 
-0.938338 0.0740313 -0.337701 -21.3709 0.0676048 0.997238 0.0307688 -4.81326 0.339046 0.00604138 -0.940751 295.072 
-0.951133 0.0774308 -0.298914 -21.6194 0.0717319 0.996972 0.0300078 -4.79523 0.300333 0.00709978 -0.953808 294.184 
-0.962232 0.0782531 -0.260742 -21.8393 0.0726697 0.996874 0.0310015 -4.7734 0.262353 0.0108826 -0.964911 293.259 
-0.971407 0.0811308 -0.223131 -22.0293 0.0760488 0.996613 0.0312899 -4.7564 0.224913 0.0134264 -0.974286 292.313 
-0.979111 0.080749 -0.186604 -22.1855 0.0764781 0.99662 0.0299861 -4.73901 0.188395 0.0150886 -0.981978 291.34 
-0.985126 0.079248 -0.15247 -22.3067 0.0762312 0.996763 0.02554 -4.71778 0.154001 0.0135371 -0.987978 290.341 
