1 2.12261e-08 -2.11895e-08 0 2.12261e-08 1 2.10703e-08 0 -2.11895e-08 2.10703e-08 1 0 
0.999979 0.000475339 -0.0064812 -0.00980768 -0.000473189 1 0.000326646 -0.00100679 0.00648131 -0.00032353 0.999979 0.094937 
0.999907 0.00102906 -0.0135958 -0.0192119 -0.00102633 0.999999 0.000204159 -0.00171564 0.0135959 -0.000190144 0.999908 0.194315 
0.999775 0.00140644 -0.0211579 -0.0318304 -0.00141692 0.999999 -0.000482677 -0.00300688 0.0211572 0.00051259 0.999776 0.294579 
0.999533 0.001862 -0.0304916 -0.0460061 -0.00191841 0.999997 -0.00182231 -0.00408889 0.030488 0.00188 0.999533 0.401633 
0.999117 0.00194747 -0.0419732 -0.0648744 -0.00209195 0.999992 -0.00339942 -0.00461077 0.0419662 0.00348427 0.999113 0.521254 
0.998455 0.00186587 -0.0555383 -0.0888687 -0.00210665 0.999989 -0.0042779 -0.00505174 0.0555296 0.00438834 0.998447 0.65178 
0.997409 0.00174528 -0.0719209 -0.116961 -0.00206012 0.999989 -0.00430421 -0.00508917 0.0719125 0.00444127 0.997401 0.795386 
0.995887 0.000129891 -0.0906086 -0.149822 -0.000513841 0.999991 -0.00421459 -0.00740206 0.0906072 0.00424386 0.995878 0.953224 
0.993862 -0.00108677 -0.11062 -0.189017 0.000612779 0.999991 -0.00431911 -0.0104048 0.110624 0.00422486 0.993853 1.11806 
0.991138 -0.00119441 -0.13283 -0.238797 0.000583526 0.999989 -0.00463811 -0.0147352 0.132834 0.00451954 0.991128 1.2928 
0.987599 0.00242904 -0.156979 -0.299835 -0.00342121 0.999976 -0.00605072 -0.0200166 0.15696 0.00651278 0.987584 1.4705 
0.983213 0.00669264 -0.18234 -0.371916 -0.00821111 0.999938 -0.00757421 -0.0262847 0.182278 0.00894431 0.983206 1.65548 
0.977784 0.00956562 -0.209397 -0.449349 -0.0115864 0.999897 -0.00842614 -0.0335114 0.209295 0.0106651 0.977795 1.84574 
0.970947 0.0102706 -0.239074 -0.528509 -0.012654 0.999884 -0.00843637 -0.0384897 0.23896 0.0112166 0.970965 2.04705 
0.962826 0.0121627 -0.26985 -0.623696 -0.0148376 0.999859 -0.0078752 -0.0432459 0.269716 0.0115864 0.96287 2.25125 
0.95328 0.0138402 -0.30177 -0.730998 -0.0167158 0.999836 -0.00694895 -0.0446591 0.301624 0.0116687 0.953356 2.45939 
0.941898 0.0160218 -0.335517 -0.844321 -0.0191102 0.9998 -0.00590546 -0.0458002 0.335355 0.0119742 0.942016 2.66811 
0.929222 0.0182463 -0.36907 -0.966278 -0.021814 0.999747 -0.00549602 -0.0476345 0.368877 0.013158 0.929385 2.8714 
0.915159 0.0209208 -0.40255 -1.09933 -0.0250185 0.999675 -0.0049236 -0.0463391 0.402316 0.0145771 0.915385 3.07661 
0.89883 0.0213411 -0.437778 -1.23557 -0.0258258 0.999657 -0.00429286 -0.0444949 0.437536 0.0151646 0.899073 3.28117 
0.880016 0.0166654 -0.474652 -1.37538 -0.0216167 0.999754 -0.00497584 -0.0432547 0.474452 0.0146393 0.88016 3.48816 
0.858317 0.011432 -0.512993 -1.52493 -0.0166154 0.999847 -0.00551866 -0.0434282 0.512852 0.0132604 0.858375 3.69072 
0.832748 0.0129605 -0.5535 -1.69606 -0.0170928 0.999851 -0.00230429 -0.0477309 0.553388 0.0113798 0.832846 3.88734 
0.80292 0.0183167 -0.595805 -1.88824 -0.0217769 0.999762 0.00138848 -0.0521256 0.595689 0.01186 0.803128 4.07852 
0.769567 0.021182 -0.638215 -2.09475 -0.0248537 0.999686 0.00321011 -0.0552162 0.638082 0.0133916 0.769852 4.26011 
0.732678 0.0203661 -0.68027 -2.31465 -0.02419 0.9997 0.00387561 -0.0551323 0.680145 0.0136162 0.732951 4.44393 
0.692015 0.0161519 -0.721702 -2.54717 -0.0180518 0.999824 0.00506703 -0.0553623 0.721657 0.0095216 0.692185 4.6266 
0.648496 0.0127459 -0.761111 -2.80135 -0.0127984 0.999901 0.00584001 -0.0548725 0.76111 0.00595385 0.648595 4.80115 
0.603139 0.0123125 -0.797541 -3.07875 -0.0099359 0.999919 0.00792284 -0.0550048 0.797575 0.00314577 0.603212 4.95719 
0.554424 0.0129641 -0.832134 -3.37161 -0.00733508 0.999916 0.0106909 -0.0529756 0.832202 0.000176503 0.554472 5.10102 
0.503228 0.0136384 -0.864046 -3.68153 -0.00580115 0.999906 0.0124042 -0.0485774 0.864135 -0.00122961 0.503259 5.22122 
0.450243 0.0150662 -0.892779 -4.01133 -0.00525247 0.999885 0.0142247 -0.0419586 0.89289 -0.00171524 0.450271 5.32958 
0.39548 0.0170742 -0.918316 -4.36301 -0.00423348 0.999851 0.016767 -0.0360113 0.918465 -0.00274327 0.395493 5.42591 
0.339949 0.0191435 -0.940249 -4.72722 -0.00370585 0.999812 0.0190163 -0.0321784 0.940437 -0.0029801 0.339956 5.50248 
0.284841 0.022153 -0.958319 -5.11109 -0.00145672 0.999742 0.0226776 -0.0294806 0.958574 -0.00506346 0.284799 5.56516 
0.231161 0.024009 -0.972619 -5.50734 0.00277005 0.999675 0.0253352 -0.0247822 0.972912 -0.00855067 0.23102 5.6126 
0.180076 0.0244773 -0.983348 -5.91979 0.00539355 0.999651 0.0258708 -0.021608 0.983638 -0.0099624 0.179881 5.64654 
0.132782 0.0253753 -0.99082 -6.34708 0.00305907 0.999657 0.0260116 -0.0145214 0.991141 -0.00648481 0.132659 5.6523 
0.0903147 0.0255359 -0.995586 -6.78953 0.00112034 0.999668 0.0257422 -0.00533809 0.995913 -0.00344025 0.0902561 5.64636 
0.0522398 0.0240032 -0.998346 -7.24911 -0.000196579 0.999711 0.0240257 0.00491928 0.998635 -0.0010588 0.0522295 5.63384 
0.0176457 0.0212216 -0.999619 -7.71795 0.000621183 0.999774 0.0212359 0.0133428 0.999844 -0.000995628 0.0176286 5.61063 
-0.0138417 0.0185646 -0.999732 -8.20298 0.000800536 0.999828 0.0185553 0.018683 0.999904 -0.000543443 -0.0138542 5.57423 
-0.0404601 0.0166963 -0.999042 -8.70279 0.000137309 0.999861 0.0167044 0.0233368 0.999181 0.000538725 -0.0404568 5.5248 
-0.0614034 0.0144085 -0.998009 -9.21243 -0.000208949 0.999896 0.0144486 0.0314663 0.998113 0.00109577 -0.061394 5.46892 
-0.077879 0.0135963 -0.99687 -9.73734 0.000214951 0.999907 0.013621 0.0415716 0.996963 0.00084655 -0.0778746 5.40817 
-0.0911311 0.0140337 -0.99574 -10.2788 0.00113565 0.999902 0.0139884 0.0486888 0.995838 0.000144001 -0.091138 5.34399 
-0.100751 0.015224 -0.994795 -10.8378 -0.000251348 0.999883 0.0153273 0.045695 0.994912 0.00179433 -0.100736 5.26827 
-0.107558 0.0164512 -0.994063 -11.4095 -0.0021722 0.999857 0.0167821 0.0460356 0.994197 0.00396439 -0.107507 5.18765 
-0.112143 0.017403 -0.99354 -12.002 -0.00209999 0.99984 0.0177504 0.0510172 0.99369 0.00407704 -0.112089 5.10583 
-0.113724 0.0181331 -0.993347 -12.6057 0.000560002 0.999834 0.0181874 0.0606134 0.993512 0.00151211 -0.113715 5.03088 
-0.112968 0.020316 -0.993391 -13.2294 0.00263037 0.999794 0.0201478 0.068826 0.993595 -0.000336893 -0.112998 4.95443 
-0.111664 0.0227969 -0.993485 -13.8694 0.00193796 0.99974 0.0227227 0.0727688 0.993744 0.000612003 -0.111679 4.8723 
-0.110328 0.0225558 -0.993639 -14.5238 -7.26589e-05 0.999742 0.0227024 0.0792115 0.993895 0.00257694 -0.110298 4.78872 
-0.108928 0.019939 -0.99385 -15.188 -0.00174211 0.999793 0.0202492 0.0875278 0.994048 0.00393715 -0.108871 4.70425 
-0.107868 0.0196788 -0.99397 -15.8705 -0.00197026 0.999798 0.020008 0.0989443 0.994163 0.00411664 -0.107808 4.62193 
-0.106166 0.0224028 -0.994096 -16.5719 -0.001528 0.999741 0.0226933 0.11154 0.994347 0.00392827 -0.106104 4.53646 
-0.104411 0.0257337 -0.994201 -17.291 -0.00229021 0.999656 0.0261154 0.123194 0.994532 0.0050037 -0.104316 4.4485 
-0.102714 0.0278509 -0.994321 -18.0236 -0.00256527 0.999597 0.0282637 0.130789 0.994708 0.00545383 -0.102601 4.35959 
-0.100916 0.0270272 -0.994528 -18.764 -0.00428804 0.99961 0.0276005 0.14381 0.994886 0.00704994 -0.10076 4.26838 
-0.0992417 0.0238583 -0.994777 -19.5197 -0.00644902 0.999676 0.0246191 0.157183 0.995043 0.00885863 -0.0990557 4.17436 
-0.0976887 0.0231849 -0.994947 -20.287 -0.00729117 0.999685 0.0240112 0.169755 0.99519 0.00959999 -0.0974889 4.08151 
-0.0962234 0.025594 -0.995031 -21.0705 -0.00465299 0.999647 0.0261627 0.181342 0.995349 0.00714737 -0.0960703 3.99424 
-0.0951901 0.0278244 -0.99507 -21.8672 -0.00238542 0.9996 0.0281793 0.190898 0.995456 0.00505609 -0.0950857 3.90693 
-0.0940319 0.0296195 -0.995129 -22.6671 -0.00114072 0.999554 0.029859 0.200636 0.995569 0.0039429 -0.0939562 3.81778 
-0.0935141 0.0249641 -0.995305 -23.4682 -0.000828522 0.999683 0.0251518 0.208971 0.995618 0.00317672 -0.0934638 3.72844 
-0.0932489 0.0181016 -0.995478 -24.2736 0.000668723 0.999836 0.0181182 0.214141 0.995643 0.00102384 -0.0932457 3.63974 
-0.0934789 0.0135772 -0.995529 -25.0896 0.00393193 0.999904 0.0132677 0.222811 0.995614 -0.00267406 -0.0935233 3.55439 
-0.0941247 0.014347 -0.995457 -25.9172 0.00508953 0.99989 0.0139296 0.229353 0.995547 -0.00375525 -0.0941874 3.46567 
-0.0942352 0.0218356 -0.995311 -26.7556 0.00484901 0.999758 0.0214741 0.231125 0.995538 -0.00280262 -0.0943182 3.36865 
-0.0945528 0.0288797 -0.995101 -27.5995 0.00337583 0.999583 0.028689 0.239125 0.995514 -0.000646628 -0.0946108 3.27208 
-0.0950511 0.0340972 -0.994888 -28.4456 0.00141809 0.999417 0.0341169 0.248713 0.995471 0.00183205 -0.095044 3.17408 
-0.0955173 0.0343479 -0.994835 -29.287 -0.000160864 0.999404 0.0345211 0.260455 0.995428 0.00345743 -0.0954548 3.07552 
-0.095945 0.03083 -0.994909 -30.1234 -7.49399e-05 0.99952 0.0309801 0.272907 0.995387 0.00304698 -0.0958966 2.98038 
-0.0965843 0.0280907 -0.994928 -30.959 -0.000329638 0.999601 0.0282546 0.286584 0.995325 0.00305696 -0.0965364 2.88629 
-0.0967826 0.029173 -0.994878 -31.7975 -0.00169052 0.999564 0.0294749 0.299457 0.995304 0.00453455 -0.0966911 2.78901 
-0.0968395 0.0315579 -0.9948 -32.6344 -0.00231113 0.999487 0.0319315 0.307976 0.995297 0.00539139 -0.0967169 2.69223 
-0.0967235 0.0298371 -0.994864 -33.4743 -0.00300879 0.999537 0.0302698 0.316094 0.995307 0.00592117 -0.096589 2.59048 
-0.0964275 0.0246196 -0.995036 -34.3044 -0.00383185 0.999677 0.0251058 0.325999 0.995333 0.00623376 -0.0963021 2.49423 
-0.096156 0.0203761 -0.995158 -35.1385 -0.00508578 0.999767 0.0209618 0.335523 0.995353 0.0070768 -0.09603 2.39181 
-0.0956844 0.0210989 -0.995188 -35.9754 -0.00433132 0.999757 0.0216122 0.342606 0.995402 0.00637847 -0.0955697 2.29432 
-0.0954259 0.0236827 -0.995155 -36.8143 -0.00313433 0.999705 0.0240916 0.344838 0.995432 0.00541815 -0.0953235 2.20121 
-0.0950305 0.0284671 -0.995067 -37.6595 -0.00270998 0.99958 0.028855 0.35524 0.995471 0.00543876 -0.0949134 2.10437 
-0.094424 0.0340253 -0.99495 -38.5031 -0.00182746 0.999408 0.0343512 0.367296 0.99553 0.00506185 -0.094306 2.00727 
-0.094706 0.0372695 -0.994807 -39.3425 -0.00198633 0.99929 0.0376265 0.378344 0.995503 0.00553951 -0.0945647 1.91234 
-0.0945487 0.037101 -0.994829 -40.1722 -0.00156833 0.999299 0.0374168 0.393288 0.995519 0.00509797 -0.0944242 1.82251 
-0.0945568 0.0325849 -0.994986 -40.9988 -0.00132034 0.999459 0.0328569 0.410053 0.995519 0.0044206 -0.0944626 1.72729 
-0.0942621 0.02816 -0.995149 -41.8278 -0.00239429 0.999591 0.0285125 0.421735 0.995545 0.00507037 -0.0941561 1.6308 
-0.0941776 0.0252299 -0.995236 -42.6616 -0.00619212 0.999645 0.0259276 0.432588 0.995536 0.00860446 -0.0939879 1.52861 
-0.0948423 0.0232989 -0.99522 -43.4926 -0.00935251 0.999661 0.0242941 0.441904 0.995448 0.011612 -0.0945923 1.42986 
-0.0954785 0.0215541 -0.995198 -44.328 -0.00697656 0.999727 0.0223215 0.443687 0.995407 0.00907432 -0.095302 1.33108 
-0.0966434 0.0179397 -0.995157 -45.1552 -0.00358059 0.999825 0.0183716 0.447531 0.995313 0.00533878 -0.0965622 1.23705 
-0.0975645 0.0165519 -0.995092 -45.9792 0.000943028 0.999863 0.0165388 0.453803 0.995229 0.00067524 -0.0975667 1.1455 
-0.0997875 0.0200722 -0.994806 -46.8054 0.00140657 0.999798 0.0200318 0.455647 0.995008 0.000599697 -0.0997956 1.05003 
-0.101549 0.0263255 -0.994482 -47.6356 0.00393922 0.999653 0.0260601 0.458766 0.994823 -0.00127107 -0.101618 0.9516 
-0.103489 0.0300655 -0.994176 -48.4558 0.00577751 0.999544 0.0296265 0.463272 0.994614 -0.0026778 -0.103616 0.85317 
-0.105215 0.029118 -0.994023 -49.2614 0.00594536 0.999572 0.0286512 0.470954 0.994432 -0.00289526 -0.105343 0.757001 
-0.106266 0.0251945 -0.994019 -50.0603 0.00258073 0.999683 0.0250622 0.474553 0.994334 9.80096e-05 -0.106298 0.651019 
-0.10761 0.0214446 -0.993962 -50.8561 -0.00210459 0.99976 0.0217975 0.479954 0.994191 0.00443755 -0.107539 0.542739 
-0.109212 0.019696 -0.993823 -51.6522 -0.00611481 0.999771 0.0204858 0.486054 0.994 0.00831437 -0.109066 0.433523 
-0.110343 0.0207944 -0.993676 -52.4464 -0.00772165 0.999733 0.0217786 0.486896 0.993864 0.010076 -0.110153 0.326915 
-0.111584 0.0223515 -0.993504 -53.235 -0.00727855 0.999702 0.0233084 0.489512 0.993728 0.00983216 -0.111388 0.225859 
-0.112635 0.0217707 -0.993398 -54.0172 -0.00934931 0.999693 0.0229687 0.492576 0.993593 0.0118747 -0.112397 0.11827 
-0.113292 0.0215935 -0.993327 -54.7918 -0.0100015 0.999688 0.0228725 0.494384 0.993511 0.0125261 -0.113041 0.0135743 
-0.113924 0.0234593 -0.993213 -55.5681 -0.00831332 0.999664 0.0245653 0.498498 0.993455 0.0110555 -0.11369 -0.0885107 
-0.114186 0.0263726 -0.993109 -56.3385 -0.00743232 0.999597 0.0273994 0.503034 0.993432 0.0105098 -0.113944 -0.191221 
-0.114454 0.0305018 -0.99296 -57.1073 -0.00755341 0.999473 0.0315725 0.508876 0.9934 0.0111139 -0.114164 -0.29527 
-0.115231 0.032687 -0.992801 -57.87 -0.00736296 0.999403 0.033759 0.515281 0.993311 0.0112001 -0.114922 -0.395723 
-0.116159 0.0326022 -0.992696 -58.6213 -0.00699585 0.99941 0.0336413 0.524171 0.993206 0.0108525 -0.115862 -0.495102 
-0.116588 0.0307249 -0.992705 -59.3641 -0.00612965 0.99948 0.0316545 0.53195 0.993161 0.00977551 -0.116339 -0.59464 
-0.117175 0.0272481 -0.992737 -60.0983 -0.0057578 0.999588 0.0281157 0.538557 0.993095 0.00901049 -0.11697 -0.690343 
-0.117119 0.0243737 -0.992819 -60.825 -0.006039 0.999663 0.0252541 0.542641 0.9931 0.0089534 -0.116932 -0.790063 
-0.116018 0.0219279 -0.993005 -61.5378 -0.00637393 0.999719 0.0228208 0.549712 0.993227 0.00897701 -0.115846 -0.889103 
-0.113841 0.0210778 -0.993275 -62.2336 -0.00851333 0.999718 0.0221903 0.551967 0.993463 0.0109823 -0.113629 -0.984529 
-0.110013 0.0220957 -0.993685 -62.9161 -0.00871852 0.999693 0.0231946 0.551691 0.993892 0.0112152 -0.109787 -1.07089 
-0.104329 0.0235836 -0.994263 -63.5844 -0.00786812 0.999668 0.0245374 0.554215 0.994512 0.010383 -0.104109 -1.15136 
-0.0971968 0.0250898 -0.994949 -64.2357 -0.00681571 0.999642 0.025874 0.556881 0.995242 0.00929619 -0.096991 -1.22236 
-0.0885321 0.0264587 -0.995722 -64.8716 -0.00776319 0.999598 0.0272519 0.55751 0.996043 0.0101427 -0.0882912 -1.2883 
-0.0768555 0.0281353 -0.996645 -65.4908 -0.00987736 0.999531 0.0289785 0.559046 0.996993 0.0120714 -0.0765416 -1.34544 
-0.0619536 0.0295997 -0.99764 -66.0978 -0.0129618 0.999452 0.0304583 0.5631 0.997995 0.0148183 -0.061536 -1.39367 
-0.0436344 0.0307431 -0.998574 -66.6829 -0.0143243 0.999404 0.0313946 0.569357 0.998945 0.0156738 -0.043168 -1.42211 
-0.0215919 0.0314748 -0.999271 -67.2479 -0.0151337 0.99938 0.0318052 0.573441 0.999652 0.0158095 -0.0211021 -1.43156 
0.0037648 0.0319207 -0.999483 -67.7859 -0.0145053 0.999387 0.031863 0.575626 0.999888 0.0143778 0.00422551 -1.42057 
0.0330822 0.0315169 -0.998956 -68.3042 -0.0129604 0.999432 0.0311027 0.580801 0.999369 0.011918 0.0334719 -1.38998 
0.0671447 0.031547 -0.997244 -68.7989 -0.0117089 0.999456 0.0308286 0.586646 0.997675 0.00960674 0.0674776 -1.33756 
0.104769 0.0318301 -0.993987 -69.2732 -0.0109733 0.999464 0.0308488 0.591147 0.994436 0.00767533 0.105062 -1.2662 
0.145545 0.0315667 -0.988848 -69.7319 -0.0107147 0.999483 0.0303292 0.595073 0.989294 0.00618095 0.145808 -1.17288 
0.190891 0.032678 -0.981067 -70.1793 -0.00961516 0.99946 0.0314198 0.596789 0.981564 0.00343542 0.191102 -1.06277 
0.239709 0.0314474 -0.970335 -70.6063 -0.00630414 0.999505 0.0308353 0.597398 0.970824 -0.00127434 0.239789 -0.930172 
0.290275 0.0268846 -0.956566 -71.0112 0.00133379 0.999593 0.0284987 0.596929 0.956942 -0.00954827 0.290121 -0.772861 
0.342192 0.0218569 -0.939376 -71.401 0.00658979 0.999649 0.0256598 0.596862 0.939607 -0.0149708 0.341928 -0.596623 
0.395325 0.0171424 -0.918381 -71.7799 0.0117093 0.999651 0.0236997 0.603175 0.918467 -0.0201226 0.394986 -0.400659 
0.447481 0.0168251 -0.894135 -72.1544 0.0112708 0.999638 0.0244509 0.608795 0.894223 -0.0210189 0.447129 -0.190673 
0.496629 0.0154555 -0.867826 -72.5186 0.0127854 0.999603 0.0251191 0.617185 0.867869 -0.0235703 0.496234 0.0448024 
0.542368 0.011488 -0.840063 -72.8604 0.0203866 0.999432 0.0268295 0.619731 0.839894 -0.0316774 0.541825 0.308694 
0.586998 0.00513287 -0.809572 -73.182 0.0308168 0.999114 0.028679 0.622797 0.809002 -0.0417829 0.58632 0.594687 
0.630551 0.000248348 -0.776148 -73.4925 0.0320168 0.99914 0.0263304 0.623708 0.775487 -0.0414524 0.630001 0.882156 
0.672756 -0.00467651 -0.73985 -73.7899 0.0287286 0.999391 0.0198062 0.62916 0.739307 -0.0345795 0.67248 1.17892 
0.714367 -0.0117079 -0.699673 -74.0763 0.0251483 0.999644 0.00894901 0.634264 0.699319 -0.0239884 0.714407 1.49588 
0.754701 -0.0145461 -0.655908 -74.348 0.0202316 0.999795 0.00110637 0.638088 0.655757 -0.014105 0.75484 1.83545 
0.792766 -0.0157661 -0.609322 -74.612 0.018726 0.999824 -0.00150661 0.640748 0.609238 -0.0102157 0.792921 2.21289 
0.827685 -0.0170613 -0.560934 -74.8578 0.0187194 0.999821 -0.00278911 0.639192 0.560881 -0.00819177 0.827856 2.61783 
0.859212 -0.0155545 -0.511384 -75.0908 0.0153578 0.999871 -0.00460892 0.635342 0.51139 -0.00389365 0.85934 3.04262 
0.885986 -0.0139488 -0.463502 -75.3068 0.0143655 0.999893 -0.00263146 0.625792 0.463489 -0.00432693 0.886092 3.4945 
0.907926 -0.00758335 -0.419062 -75.5159 0.00770175 0.999969 -0.00140918 0.618992 0.41906 -0.00194803 0.907956 3.97447 
0.926023 -0.00329805 -0.377452 -75.7098 0.00245668 0.999993 -0.00271059 0.613488 0.377459 0.00158283 0.926025 4.47258 
0.939999 0.00192923 -0.341172 -75.8951 -0.00244909 0.999996 -0.00109315 0.610376 0.341169 0.00186317 0.94 4.99606 
0.950422 0.00257775 -0.310953 -76.0686 -0.00236614 0.999997 0.00105765 0.603487 0.310954 -0.000269413 0.950425 5.5472 
0.95806 0.00203035 -0.28656 -76.2321 -0.00129329 0.999995 0.0027612 0.598222 0.286564 -0.00227474 0.958058 6.11792 
0.964122 0.00213823 -0.26545 -76.3922 -0.000850419 0.999987 0.00496613 0.593221 0.265457 -0.00456217 0.964112 6.70709 
0.968969 0.00474463 -0.247137 -76.5521 -0.00298157 0.999967 0.00750758 0.594379 0.247164 -0.00653771 0.968952 7.31738 
0.972719 0.00942169 -0.231797 -76.7102 -0.00751713 0.99993 0.00909821 0.593167 0.231867 -0.0071075 0.972722 7.93997 
0.975756 0.0132234 -0.21846 -76.8642 -0.0112037 0.999882 0.0104811 0.588901 0.218573 -0.00777942 0.97579 8.58056 
0.978613 0.0117757 -0.205372 -77.0057 -0.00986636 0.999898 0.0103183 0.5879 0.205472 -0.00807127 0.97863 9.23793 
0.981379 0.0117667 -0.191722 -77.1392 -0.0100483 0.9999 0.00993249 0.58767 0.191819 -0.00782101 0.981399 9.91345 
0.984106 0.012221 -0.177163 -77.2685 -0.0105187 0.999889 0.0105449 0.590074 0.177272 -0.00851373 0.984125 10.6024 
0.986525 0.013842 -0.163022 -77.3952 -0.012191 0.999864 0.0111237 0.588227 0.163153 -0.00898636 0.98656 11.3007 
0.988517 0.0138156 -0.150474 -77.5095 -0.0126835 0.999884 0.00848062 0.582024 0.150574 -0.00647466 0.988578 12.0181 
0.990116 0.0143633 -0.139515 -77.6204 -0.0140568 0.999896 0.00318172 0.576948 0.139546 -0.00118908 0.990215 12.7449 
0.991434 0.012411 -0.13002 -77.7248 -0.0129014 0.999913 -0.00293057 0.572901 0.129972 0.00458295 0.991507 13.4786 
0.992478 0.012572 -0.121776 -77.8278 -0.0130506 0.99991 -0.00313362 0.568875 0.121725 0.00469934 0.992553 14.2288 
0.993243 0.0145029 -0.115146 -77.9282 -0.0142415 0.999894 0.00309223 0.560634 0.115178 -0.00143144 0.993344 14.9936 
0.99374 0.0189369 -0.110103 -78.0343 -0.0178033 0.999778 0.0112691 0.550027 0.110292 -0.00923835 0.993856 15.7631 
0.994183 0.0197198 -0.105886 -78.1299 -0.018234 0.999722 0.0149809 0.544552 0.106152 -0.012963 0.994265 16.5309 
0.99457 0.0185034 -0.102415 -78.222 -0.0171615 0.999755 0.0139686 0.541071 0.102648 -0.0121351 0.994644 17.2931 
0.99488 0.0181585 -0.099414 -78.3105 -0.0169496 0.999772 0.0129913 0.539689 0.0996272 -0.0112397 0.994961 18.0569 
0.99519 0.0167167 -0.0965296 -78.3963 -0.0153232 0.999768 0.0151594 0.538444 0.0967605 -0.0136073 0.995215 18.8246 
0.995442 0.0143691 -0.0942759 -78.4751 -0.0127639 0.999764 0.0176071 0.536554 0.0945066 -0.0163234 0.99539 19.5941 
0.99574 0.012408 -0.0913667 -78.5577 -0.0106775 0.999755 0.0194039 0.532787 0.091585 -0.0183456 0.995628 20.3567 
0.996005 0.011717 -0.0885312 -78.6406 -0.0103598 0.999822 0.015774 0.529624 0.0887003 -0.0147937 0.995949 21.118 
0.99613 0.0141049 -0.0867576 -78.7249 -0.0134328 0.999875 0.00832535 0.526941 0.0868641 -0.00712769 0.996195 21.8712 
0.996262 0.0144614 -0.0851669 -78.8054 -0.0144571 0.999895 0.00066769 0.520497 0.0851676 0.000566112 0.996367 22.6216 
0.996364 0.0149069 -0.0838844 -78.8831 -0.0152517 0.999878 -0.0034716 0.510916 0.0838223 0.00473841 0.996469 23.376 
0.996521 0.0166656 -0.0816546 -78.9635 -0.0168607 0.999856 -0.00170094 0.497094 0.0816145 0.00307182 0.996659 24.1354 
0.996656 0.0200767 -0.0792031 -79.047 -0.0199627 0.999798 0.00222929 0.482038 0.0792319 -0.00064068 0.996856 24.8935 
0.996753 0.0235005 -0.0770146 -79.128 -0.0230036 0.999709 0.00733153 0.46805 0.0771644 -0.00553606 0.997003 25.6522 
0.996996 0.02114 -0.0745167 -79.197 -0.0205131 0.999748 0.00916843 0.461789 0.0746917 -0.00761228 0.997178 26.4093 
0.997132 0.0183577 -0.0734226 -79.2629 -0.0177459 0.999802 0.00897613 0.453877 0.0735729 -0.00764739 0.997261 27.1618 
0.997237 0.0165528 -0.072412 -79.3272 -0.015935 0.999832 0.00909976 0.444187 0.0725504 -0.00792069 0.997333 27.9127 
0.997307 0.0162274 -0.0715283 -79.3933 -0.0157333 0.999848 0.00746501 0.43619 0.0716385 -0.00631949 0.997411 28.6608 
0.9974 0.0140282 -0.0706868 -79.4595 -0.0136189 0.999888 0.00626838 0.429769 0.0707668 -0.00528937 0.997479 29.4155 
0.997455 0.013102 -0.0700841 -79.5262 -0.012684 0.999899 0.00640467 0.421706 0.0701609 -0.00549938 0.997521 30.1786 
0.997462 0.0162492 -0.0693222 -79.5996 -0.0157778 0.999849 0.00734244 0.416759 0.069431 -0.00623001 0.997567 30.9488 
0.99747 0.0164644 -0.06916 -79.6728 -0.0160579 0.99985 0.00643002 0.4115 0.0692555 -0.00530315 0.997585 31.7257 
0.997365 0.0158405 -0.0707962 -79.7432 -0.0154285 0.999861 0.00636289 0.404002 0.0708871 -0.0052538 0.997471 32.5021 
0.997266 0.0132175 -0.0727015 -79.8174 -0.0127605 0.999896 0.00674645 0.39936 0.072783 -0.00580026 0.997331 33.2803 
0.99702 0.015166 -0.0756411 -79.8982 -0.0147167 0.999871 0.0064925 0.394278 0.0757297 -0.00535992 0.997114 34.0665 
0.996751 0.018632 -0.0783605 -79.9846 -0.0182002 0.999815 0.00621989 0.384864 0.0784619 -0.00477346 0.996906 34.8616 
0.996533 0.0191395 -0.0809714 -80.0702 -0.0191051 0.999817 0.00119823 0.378722 0.0809795 0.000352936 0.996716 35.6528 
0.996329 0.0197177 -0.0833022 -80.1577 -0.0199829 0.999798 -0.00235054 0.371778 0.083239 0.00400657 0.996522 36.4544 
0.996183 0.0186657 -0.0852708 -80.247 -0.01908 0.99981 -0.00404585 0.364176 0.085179 0.00565741 0.99635 37.2714 
0.995996 0.0188175 -0.0873949 -80.3362 -0.0191013 0.999815 -0.00241323 0.348668 0.0873333 0.00407298 0.996171 38.0946 
0.995824 0.0174979 -0.089607 -80.4261 -0.0177087 0.999842 -0.00155838 0.335171 0.0895656 0.00313874 0.995976 38.9223 
0.99568 0.0168047 -0.0913152 -80.5186 -0.0168579 0.999858 0.000188642 0.324599 0.0913053 0.0013516 0.995822 39.7551 
0.995574 0.0166028 -0.0924993 -80.6136 -0.0163132 0.999859 0.00388496 0.315199 0.0925508 -0.00235876 0.995705 40.5961 
0.995493 0.0163154 -0.0934246 -80.708 -0.0155762 0.999841 0.0086359 0.306361 0.0935507 -0.00714173 0.995589 41.4472 
0.995548 0.0163359 -0.0928283 -80.8019 -0.0153956 0.999823 0.0108366 0.299653 0.0929888 -0.00935913 0.995623 42.3028 
0.995667 0.0193264 -0.0909553 -80.8981 -0.0184214 0.999772 0.0107784 0.296503 0.0911428 -0.00905611 0.995797 43.1602 
0.995839 0.0195493 -0.0890063 -80.9942 -0.0187847 0.999779 0.0094204 0.293068 0.0891708 -0.00770921 0.995987 44.0208 
0.996018 0.0169723 -0.0875256 -81.0834 -0.0164064 0.99984 0.00718064 0.28752 0.0876334 -0.00571602 0.996136 44.8874 
0.996238 0.0131987 -0.0856525 -81.1682 -0.0127628 0.999903 0.00563487 0.280286 0.0857185 -0.00452046 0.996309 45.7563 
0.996419 0.0119153 -0.0837072 -81.2573 -0.011512 0.99992 0.00529859 0.275078 0.0837636 -0.00431594 0.996476 46.628 
0.996517 0.00953452 -0.0828407 -81.3439 -0.00891152 0.999929 0.00788655 0.264065 0.08291 -0.0071208 0.996532 47.5022 
0.996604 0.00673715 -0.0820696 -81.4252 -0.0058953 0.999928 0.0104953 0.254971 0.0821344 -0.00997576 0.996571 48.3762 
0.996677 0.00641598 -0.0812052 -81.5148 -0.00556043 0.999927 0.0107568 0.245789 0.0812682 -0.0102695 0.996639 49.2446 
0.996754 0.00763719 -0.0801489 -81.6041 -0.00705056 0.999946 0.00759927 0.234093 0.0802026 -0.00700946 0.996754 50.1069 
0.996784 0.0101438 -0.0794928 -81.6934 -0.0100306 0.999948 0.00182237 0.222827 0.0795071 -0.00101911 0.996834 50.9659 
0.996847 0.0118243 -0.0784606 -81.7815 -0.0121541 0.999919 -0.00372757 0.20923 0.0784101 0.00466948 0.99691 51.8203 
0.996837 0.0164043 -0.0777581 -81.8705 -0.0171836 0.999809 -0.00936423 0.188305 0.0775895 0.0106708 0.996928 52.672 
0.996929 0.0163095 -0.0765985 -81.9538 -0.0171509 0.999799 -0.0103398 0.168812 0.0764144 0.0116218 0.997008 53.5247 
0.99697 0.0132639 -0.0766469 -82.0297 -0.0136351 0.999898 -0.00432211 0.153675 0.0765817 0.00535414 0.997049 54.38 
0.996932 0.0124413 -0.0772783 -82.1097 -0.0121003 0.999915 0.004879 0.134745 0.0773324 -0.0039289 0.996998 55.2386 
0.996846 0.0115652 -0.0785145 -82.1921 -0.0106045 0.999864 0.0126416 0.119371 0.07865 -0.0117691 0.996833 56.0916 
0.996686 0.00953319 -0.080781 -82.2748 -0.00873044 0.999909 0.0102843 0.112285 0.0808717 -0.00954494 0.996679 56.937 
0.996559 0.00442086 -0.0827664 -82.3512 -0.00386101 0.999969 0.00692259 0.103231 0.0827944 -0.00657916 0.996545 57.7717 
0.996339 0.00290244 -0.0854376 -82.4349 -0.00244099 0.999982 0.00550449 0.0913295 0.085452 -0.00527574 0.996328 58.6021 
0.996099 0.00507696 -0.0880932 -82.5287 -0.00482271 0.999984 0.00309835 0.0781197 0.0881074 -0.00266137 0.996107 59.4262 
0.995785 0.00669008 -0.0914733 -82.6235 -0.00674404 0.999977 -0.000281304 0.0643615 0.0914693 0.000897062 0.995808 60.2481 
0.995418 0.00703438 -0.0953592 -82.7205 -0.00742727 0.999965 -0.00376622 0.0501918 0.0953294 0.00445727 0.995436 61.0637 
0.995101 0.00891206 -0.0984605 -82.8207 -0.00971125 0.999924 -0.00764101 0.0294455 0.0983848 0.00855979 0.995112 61.8713 
0.994723 0.0134228 -0.101717 -82.9277 -0.0142763 0.999869 -0.00766769 0.00974625 0.101601 0.00907941 0.994784 62.6783 
0.994327 0.0170175 -0.104993 -83.0386 -0.0177524 0.999824 -0.00606889 -0.00523879 0.104871 0.00789838 0.994455 63.4818 
0.993858 0.0202816 -0.108788 -83.1494 -0.0204214 0.999791 -0.000171991 -0.0226456 0.108762 0.00239259 0.994065 64.2848 
0.993389 0.0209843 -0.11286 -83.2597 -0.0205025 0.999775 0.00542723 -0.0385659 0.112948 -0.0030774 0.993596 65.0848 
0.992808 0.0201029 -0.118021 -83.3685 -0.0191643 0.999775 0.00908254 -0.0493441 0.118177 -0.00675537 0.99297 65.878 
0.992032 0.0195572 -0.124458 -83.484 -0.0184393 0.999779 0.0101273 -0.0572285 0.124629 -0.0077516 0.992173 66.6624 
0.991311 0.0172091 -0.13041 -83.6007 -0.0155329 0.999783 0.0138594 -0.0642802 0.13062 -0.0117133 0.991363 67.446 
0.990414 0.0177649 -0.136983 -83.724 -0.0160568 0.999779 0.0135644 -0.0704757 0.137194 -0.0112348 0.990481 68.2214 
0.989468 0.0224741 -0.142999 -83.8604 -0.0209088 0.999704 0.0124392 -0.0760499 0.143236 -0.00931819 0.989645 68.993 
0.988513 0.0243157 -0.149169 -83.9971 -0.0232813 0.999691 0.00867666 -0.081856 0.149334 -0.00510409 0.988774 69.7598 
0.987628 0.0234786 -0.15505 -84.1353 -0.0228648 0.999722 0.00574139 -0.0852991 0.155141 -0.00212513 0.98789 70.5264 
0.986746 0.0247034 -0.16038 -84.279 -0.0242885 0.999695 0.00454693 -0.0937734 0.160444 -0.000591223 0.987045 71.2906 
0.985937 0.0265228 -0.165 -84.4269 -0.0253072 0.999635 0.00946591 -0.098455 0.165191 -0.00515707 0.986248 72.0543 
0.984869 0.0273662 -0.171128 -84.5791 -0.0254191 0.999585 0.0135593 -0.103536 0.171428 -0.00900414 0.985155 72.8162 
0.983768 0.0264681 -0.177483 -84.7311 -0.0240408 0.999586 0.0158132 -0.11376 0.177828 -0.0112897 0.983997 73.5753 
0.982541 0.0239026 -0.184507 -84.888 -0.0220756 0.999685 0.0119503 -0.117101 0.184734 -0.00766847 0.982759 74.3225 
0.980982 0.0220446 -0.192845 -85.0504 -0.0215187 0.999757 0.00482108 -0.119224 0.192904 -0.000579563 0.981217 75.0612 
0.979222 0.0194368 -0.20186 -85.2214 -0.0192535 0.999811 0.00287132 -0.12626 0.201877 0.00107489 0.97941 75.801 
0.976973 0.019084 -0.212507 -85.4022 -0.0182844 0.999816 0.005727 -0.135254 0.212578 -0.0017095 0.977143 76.5383 
0.974548 0.0191522 -0.223362 -85.5927 -0.0169512 0.999787 0.011767 -0.137603 0.223539 -0.00768124 0.974665 77.2747 
0.971751 0.0209065 -0.235082 -85.7951 -0.0168154 0.999671 0.0193939 -0.14056 0.23541 -0.014893 0.971782 78.008 
0.968989 0.0214956 -0.246169 -86.0018 -0.0164052 0.999608 0.0227109 -0.144 0.24656 -0.0179681 0.968961 78.732 
0.965965 0.0246894 -0.257491 -86.2203 -0.020702 0.99962 0.0181855 -0.148824 0.257842 -0.012236 0.96611 79.4412 
0.962787 0.0239492 -0.269198 -86.4448 -0.0223449 0.99971 0.00902248 -0.150707 0.269336 -0.00267147 0.963043 80.1428 
0.959353 0.0214753 -0.281391 -86.6732 -0.0211996 0.999767 0.00402412 -0.148383 0.281412 0.00210488 0.959585 80.8459 
0.955775 0.020141 -0.293409 -86.9113 -0.0183692 0.999793 0.00879303 -0.148437 0.293525 -0.00301441 0.955947 81.5582 
0.952227 0.0214187 -0.304638 -87.1632 -0.017324 0.99972 0.0161379 -0.154607 0.304898 -0.0100893 0.952332 82.2724 
0.948335 0.0214342 -0.316545 -87.422 -0.0154645 0.999652 0.0213592 -0.155838 0.316893 -0.0153604 0.948337 82.9854 
0.944089 0.0189769 -0.329144 -87.6869 -0.0133264 0.999723 0.0194148 -0.155117 0.329421 -0.0139429 0.94408 83.6922 
0.940119 0.017041 -0.340419 -87.9602 -0.0127808 0.99981 0.014753 -0.154401 0.340606 -0.00951865 0.940158 84.3924 
0.936808 0.0128123 -0.34961 -88.2372 -0.0107173 0.999911 0.00792604 -0.16017 0.34968 -0.00367825 0.936862 85.0899 
0.933982 0.00865117 -0.357214 -88.5221 -0.00848796 0.999962 0.00202456 -0.164334 0.357218 0.00114116 0.93402 85.7887 
0.931177 0.00849361 -0.364469 -88.8146 -0.00916141 0.999958 -0.000103386 -0.170384 0.364452 0.00343537 0.931216 86.4867 
0.928112 0.0137361 -0.372047 -89.1229 -0.0148845 0.999889 -0.00021476 -0.181785 0.372003 0.00573709 0.928214 87.18 
0.924846 0.0136185 -0.380098 -89.4272 -0.0138883 0.999902 0.00203246 -0.192139 0.380088 0.00339926 0.924944 87.8796 
0.921469 0.0143146 -0.388187 -89.7361 -0.0119875 0.999893 0.00841593 -0.194278 0.388266 -0.00310158 0.921542 88.586 
0.918583 0.0164048 -0.394887 -90.0524 -0.0107585 0.999806 0.0165087 -0.196203 0.395081 -0.0109162 0.918581 89.2882 
0.915811 0.0261356 -0.400758 -90.3856 -0.0183298 0.999561 0.0232994 -0.203628 0.401191 -0.013992 0.915888 89.9829 
0.913077 0.0327453 -0.406471 -90.7224 -0.0268679 0.999436 0.0201597 -0.204714 0.406901 -0.00748627 0.913441 90.6654 
0.910567 0.0291803 -0.412329 -91.0494 -0.0263811 0.999574 0.0124804 -0.201888 0.412518 -0.000486435 0.910949 91.3487 
0.908505 0.0213306 -0.41733 -91.3762 -0.0212118 0.999763 0.00492282 -0.199696 0.417336 0.00437997 0.908742 92.0374 
0.906759 0.0221304 -0.421069 -91.7173 -0.0222754 0.999741 0.00457467 -0.206382 0.421061 0.00523138 0.907017 92.7255 
0.90444 0.0281033 -0.425674 -92.0706 -0.0265033 0.999602 0.00968218 -0.212378 0.425776 0.00252486 0.904825 93.4181 
0.901722 0.0305263 -0.431238 -92.4211 -0.0271053 0.999534 0.0140772 -0.218399 0.431466 -0.00100489 0.902129 94.1171 
0.89939 0.0268164 -0.436323 -92.7711 -0.0239734 0.99964 0.0120217 -0.225139 0.436489 -0.000352047 0.89971 94.8078 
0.896979 0.0249121 -0.441371 -93.1275 -0.0249734 0.999672 0.00567164 -0.231226 0.441367 0.00593522 0.897307 95.4909 
0.894685 0.0221364 -0.446148 -93.4903 -0.0251991 0.999682 -0.000932247 -0.23643 0.445986 0.0120766 0.894959 96.1737 
0.892284 0.0228724 -0.450896 -93.8578 -0.0267282 0.99964 -0.00218449 -0.246708 0.450684 0.0140009 0.892574 96.8573 
0.890184 0.0257876 -0.454871 -94.2308 -0.0279059 0.999608 0.00205793 -0.258821 0.454746 0.0108617 0.890555 97.5451 
0.887987 0.0273687 -0.459053 -94.6046 -0.0286392 0.999581 0.00419564 -0.27006 0.458975 0.00942128 0.888399 98.2276 
0.885583 0.0284856 -0.463608 -94.9796 -0.0295592 0.999551 0.00495185 -0.282129 0.463541 0.00931863 0.886027 98.9026 
0.883193 0.0263687 -0.468267 -95.3544 -0.0276209 0.99961 0.00419369 -0.292614 0.468195 0.00923017 0.883577 99.5789 
0.880997 0.0245125 -0.472486 -95.7292 -0.025911 0.999658 0.00354825 -0.302145 0.472412 0.00911667 0.881331 100.251 
0.878699 0.0239028 -0.476778 -96.1061 -0.0250447 0.999679 0.00396061 -0.309958 0.47672 0.00846065 0.879015 100.916 
0.87629 0.0254084 -0.481114 -96.4902 -0.0265436 0.999638 0.00444657 -0.319178 0.481053 0.00887407 0.876647 101.577 
0.873917 0.0257179 -0.485395 -96.8743 -0.0269346 0.999627 0.00446985 -0.332069 0.485329 0.00916771 0.874284 102.231 
0.871392 0.0226357 -0.490065 -97.2524 -0.0257336 0.999669 0.000416483 -0.343977 0.489912 0.0122483 0.871686 102.882 
0.868945 0.0190876 -0.49454 -97.6312 -0.0243443 0.999695 -0.00418992 -0.357584 0.494309 0.0156801 0.869145 103.522 
0.866837 0.0175187 -0.498284 -98.0134 -0.0241067 0.999686 -0.00679012 -0.370553 0.498009 0.0178979 0.866987 104.156 
0.864763 0.0192752 -0.50181 -98.396 -0.0240712 0.999706 -0.00308178 -0.381955 0.501602 0.0147442 0.864973 104.79 
0.86284 0.0234021 -0.504936 -98.7818 -0.0237888 0.999701 0.00568232 -0.394276 0.504918 0.00710892 0.863138 105.418 
0.861298 0.0253748 -0.507466 -99.164 -0.0205613 0.999675 0.0150889 -0.403429 0.507683 -0.00256186 0.86154 106.044 
0.859668 0.0248973 -0.510247 -99.5367 -0.0171521 0.999655 0.0198797 -0.411497 0.510566 -0.00833803 0.859798 106.653 
0.858027 0.0217417 -0.513145 -99.9023 -0.0139226 0.999721 0.0190779 -0.409411 0.513417 -0.009225 0.85809 107.245 
0.856252 0.0197449 -0.51618 -100.265 -0.013601 0.999785 0.015682 -0.413403 0.516379 -0.00640714 0.856336 107.819 
0.854571 0.0178689 -0.519026 -100.621 -0.0131743 0.999832 0.0127306 -0.417161 0.519167 -0.00404136 0.854663 108.379 
0.853059 0.0159866 -0.52157 -100.972 -0.0117434 0.999866 0.0114399 -0.419253 0.521682 -0.00363384 0.853132 108.925 
0.851822 0.0144862 -0.523631 -101.312 -0.0101363 0.999886 0.0111722 -0.425899 0.523733 -0.004209 0.851872 109.455 
0.850498 0.0150544 -0.525763 -101.648 -0.0101552 0.999874 0.0122023 -0.432947 0.525881 -0.00503872 0.850543 109.965 
0.849372 0.0149562 -0.527583 -101.974 -0.00904434 0.999864 0.0137838 -0.439692 0.527717 -0.00693592 0.849392 110.459 
0.847915 0.0135644 -0.529959 -102.283 -0.0070251 0.999872 0.014352 -0.444929 0.530086 -0.00844621 0.847902 110.935 
0.846433 0.0119067 -0.532363 -102.575 -0.0049336 0.999882 0.0145189 -0.450493 0.532473 -0.00966274 0.846392 111.392 
0.845188 0.0106539 -0.534363 -102.865 -0.00419716 0.999903 0.013297 -0.452139 0.534453 -0.00899562 0.845151 111.834 
0.843913 0.0105801 -0.536376 -103.145 -0.00633758 0.999932 0.00975239 -0.458784 0.536442 -0.0048308 0.843923 112.245 
0.842329 0.00771731 -0.538909 -103.413 -0.00568514 0.999969 0.00543373 -0.460278 0.538934 -0.00151317 0.842347 112.645 
0.839999 0.00377198 -0.542575 -103.666 -0.00254565 0.999992 0.0030108 -0.460134 0.542582 -0.00114781 0.840002 113.029 
0.837105 -0.00023862 -0.547042 -103.905 0.00244613 0.999992 0.00330691 -0.463071 0.547037 -0.00410632 0.837098 113.399 
0.833559 0.000780798 -0.552431 -104.146 0.0021648 0.999987 0.00467976 -0.466758 0.552427 -0.00509671 0.833546 113.747 
0.829558 0.00434228 -0.558404 -104.381 -0.000938746 0.999979 0.00638144 -0.472832 0.55842 -0.00476952 0.829545 114.078 
0.825739 0.0103506 -0.563957 -104.611 -0.00514867 0.999928 0.0108135 -0.477506 0.564028 -0.00602544 0.825733 114.388 
0.82149 0.0155413 -0.570011 -104.83 -0.00670967 0.999823 0.0175903 -0.481813 0.570183 -0.0106256 0.821449 114.688 
0.816579 0.0172448 -0.576976 -105.036 -0.00584324 0.999749 0.021611 -0.484009 0.577204 -0.0142756 0.816475 114.967 
0.811127 0.014238 -0.584697 -105.234 -0.00137531 0.999747 0.0224369 -0.480807 0.584869 -0.017395 0.810941 115.229 
0.803895 0.0118282 -0.594653 -105.419 0.00218446 0.999737 0.0228387 -0.47551 0.594767 -0.0196589 0.803658 115.475 
0.794982 0.0103301 -0.606545 -105.602 0.00520406 0.999702 0.0238469 -0.474991 0.60661 -0.0221143 0.794692 115.703 
0.78454 0.0109619 -0.619982 -105.785 0.00553626 0.99968 0.0246811 -0.478019 0.620054 -0.0227956 0.784228 115.91 
0.772009 0.0121096 -0.635496 -105.964 0.00397678 0.999707 0.0238808 -0.475449 0.635599 -0.0209634 0.771735 116.101 
0.757867 0.0105857 -0.652324 -106.142 0.00412004 0.999771 0.0210105 -0.477082 0.652396 -0.0186107 0.757649 116.275 
0.742755 0.0079271 -0.669516 -106.312 0.00333307 0.999874 0.0155362 -0.47743 0.669555 -0.0137711 0.742635 116.437 
0.727285 0.00415838 -0.686323 -106.474 0.0035039 0.999946 0.0097716 -0.473141 0.686326 -0.00951149 0.727232 116.586 
0.711666 0.00401163 -0.702506 -106.645 -0.000375847 0.999986 0.0053296 -0.469071 0.702518 -0.00352881 0.711658 116.726 
0.69555 0.00747507 -0.718439 -106.82 -0.00779487 0.999966 0.00285768 -0.466641 0.718435 0.00361252 0.695585 116.858 
0.677948 0.00919458 -0.735053 -106.995 -0.010393 0.999942 0.0029224 -0.465555 0.735037 0.00565821 0.678004 116.988 
0.658729 0.00777739 -0.75234 -107.17 -0.00725203 0.999966 0.00398753 -0.462701 0.752345 0.00282934 0.658763 117.124 
0.638161 0.00673434 -0.769873 -107.347 -0.00442207 0.999977 0.00508158 -0.456882 0.76989 0.000161612 0.638177 117.256 
0.615635 0.00843411 -0.787986 -107.536 -0.00447322 0.999964 0.00720814 -0.454885 0.788019 -0.000912691 0.61565 117.373 
0.591216 0.0125707 -0.806415 -107.733 -0.00800522 0.999921 0.00971811 -0.447676 0.806474 0.000710083 0.59127 117.482 
0.566298 0.0164388 -0.824037 -107.933 -0.0102397 0.999864 0.0129094 -0.442112 0.824137 0.00112732 0.56639 117.583 
0.54062 0.0189556 -0.841053 -108.134 -0.0121469 0.999818 0.0147259 -0.435653 0.841179 0.00225509 0.540752 117.677 
0.514496 0.0219804 -0.857211 -108.338 -0.0153223 0.999748 0.0164388 -0.434598 0.857356 0.00467681 0.514703 117.763 
0.487559 0.0259979 -0.872703 -108.546 -0.0196184 0.99963 0.0188187 -0.431152 0.87287 0.00794586 0.487889 117.837 
0.459475 0.0287096 -0.887727 -108.757 -0.0219122 0.99954 0.0209842 -0.429064 0.88792 0.00981037 0.459893 117.909 
0.429369 0.0282716 -0.902687 -108.968 -0.0208055 0.999554 0.0214091 -0.432634 0.90289 0.00958853 0.429766 117.979 
0.396937 0.0252371 -0.917499 -109.194 -0.0206823 0.999614 0.018548 -0.433091 0.917613 0.0116137 0.397306 118.042 
0.362174 0.0207518 -0.931879 -109.439 -0.0201167 0.999693 0.0144436 -0.428427 0.931893 0.0135152 0.36248 118.102 
0.322773 0.0184902 -0.946296 -109.7 -0.0198393 0.999722 0.0127671 -0.424385 0.946268 0.0146531 0.32305 118.156 
0.281013 0.0170572 -0.959553 -109.982 -0.019413 0.999739 0.0120863 -0.414868 0.959508 0.0152315 0.28127 118.202 
0.237228 0.0151783 -0.971336 -110.28 -0.0185897 0.999766 0.0110825 -0.409049 0.971276 0.0154278 0.237454 118.237 
0.189664 0.0123129 -0.981772 -110.596 -0.0176768 0.999802 0.00912414 -0.400045 0.98169 0.0156241 0.189844 118.262 
0.140347 0.0103792 -0.990048 -110.93 -0.0170077 0.999823 0.00807074 -0.395448 0.989956 0.0157058 0.140498 118.268 
0.0900369 0.00994569 -0.995889 -111.278 -0.0164509 0.999829 0.00849774 -0.388375 0.995803 0.0156182 0.0901851 118.257 
0.0376707 0.0111636 -0.999228 -111.647 -0.0157145 0.999821 0.0105778 -0.38202 0.999167 0.015304 0.0378393 118.231 
-0.0156124 0.0133659 -0.999789 -112.023 -0.0127313 0.999827 0.0135652 -0.375639 0.999797 0.0129405 -0.0154396 118.187 
-0.0693141 0.0152368 -0.997479 -112.407 -0.0095186 0.999828 0.0159341 -0.369098 0.99755 0.0105991 -0.0691572 118.121 
-0.123102 0.0171502 -0.992246 -112.8 -0.00541496 0.999824 0.017953 -0.366016 0.992379 0.00758307 -0.122988 118.035 
-0.17594 0.019041 -0.984217 -113.204 -0.00242163 0.999802 0.0197754 -0.361289 0.984398 0.00586273 -0.175859 117.921 
-0.227211 0.0206293 -0.973627 -113.621 -0.000405477 0.999774 0.021278 -0.355015 0.973846 0.0052294 -0.227151 117.781 
-0.276491 0.0219761 -0.960765 -114.041 0.00276257 0.999753 0.0220729 -0.34623 0.961013 0.00344879 -0.276483 117.618 
-0.324524 0.0237455 -0.945579 -114.463 0.0076054 0.999718 0.0224949 -0.340558 0.945847 0.000108664 -0.324613 117.433 
-0.37097 0.0251718 -0.928304 -114.9 0.0122297 0.999678 0.02222 -0.332095 0.928564 -0.00310988 -0.371159 117.221 
-0.414875 0.0273465 -0.909468 -115.339 0.0168338 0.999608 0.0223778 -0.32704 0.909723 -0.0060258 -0.415172 116.981 
