1 2.12261e-08 -2.11895e-08 -3.76608e-15 2.12261e-08 1 2.10703e-08 -1.11022e-15 -2.11895e-08 2.10703e-08 1 -2.84217e-14 
0.999996 0.00267162 6.53503e-05 -0.0134626 -0.00267168 0.999995 0.00161302 -0.0172201 -6.10831e-05 -0.00161315 0.999999 0.782014 
0.999986 0.00527056 6.90629e-05 -0.027162 -0.00527064 0.999984 0.00196389 -0.0331909 -5.87536e-05 -0.00196418 0.999998 1.54824 
0.999978 0.00665801 0.000390522 -0.0403867 -0.00665864 0.999976 0.00172991 -0.051656 -0.000379037 -0.00173243 0.999998 2.30311 
0.999964 0.00851512 0.000414427 -0.055156 -0.00851564 0.999963 0.00135727 -0.0661832 -0.000402897 -0.00136071 0.999999 3.03615 
0.999964 0.00849131 0.000643469 -0.0645956 -0.00849202 0.999963 0.00118108 -0.0802493 -0.000633459 -0.00118646 0.999999 3.75816 
0.999962 0.0086301 0.000811405 -0.0755228 -0.00863176 0.999961 0.00212593 -0.095259 -0.000793069 -0.00213281 0.999997 4.46502 
0.999956 0.00931483 0.00120276 -0.0839634 -0.00932064 0.999944 0.00495123 -0.107907 -0.00115662 -0.00496218 0.999987 5.155 
0.999955 0.00918613 0.0023549 -0.0901546 -0.00920678 0.999918 0.00893281 -0.116812 -0.00227269 -0.00895405 0.999957 5.82362 
0.99996 0.00835192 0.00333698 -0.0897996 -0.00839265 0.999888 0.0123997 -0.124533 -0.00323308 -0.0124272 0.999918 6.47226 
0.999962 0.00749956 0.00436367 -0.0947497 -0.00756305 0.999863 0.014729 -0.134062 -0.00425265 -0.0147614 0.999882 7.09236 
0.999954 0.0080099 0.0053656 -0.0993005 -0.0080872 0.999861 0.0145524 -0.142272 -0.00524834 -0.014595 0.99988 7.68222 
0.999939 0.00897381 0.00639975 -0.103882 -0.00904983 0.999888 0.0119567 -0.150403 -0.00629178 -0.0120138 0.999908 8.24319 
0.999935 0.00899798 0.00703997 -0.103824 -0.0090615 0.999918 0.00905037 -0.154169 -0.006958 -0.00911353 0.999934 8.7763 
0.999936 0.0072915 0.00865047 -0.103436 -0.00735688 0.999944 0.00755462 -0.157745 -0.00859494 -0.00761774 0.999934 9.28402 
0.99994 0.00350663 0.0104107 -0.0970729 -0.00356093 0.99998 0.00520549 -0.163272 -0.0103923 -0.00524221 0.999932 9.76398 
0.999924 0.00167952 0.0122273 -0.0931242 -0.00172994 0.99999 0.00411715 -0.172948 -0.0122203 -0.00413795 0.999917 10.2111 
0.99988 0.00595777 0.0142933 -0.0988473 -0.00598925 0.99998 0.00216374 -0.183334 -0.0142801 -0.00224904 0.999896 10.626 
0.999798 0.0102862 0.017295 -0.103693 -0.0103107 0.999946 0.0013323 -0.192502 -0.0172804 -0.00151031 0.99985 11.0122 
0.999724 0.0108303 0.0208355 -0.103935 -0.0108829 0.999938 0.00241485 -0.1999 -0.0208081 -0.0026409 0.99978 11.3662 
0.99969 0.00661136 0.0240147 -0.0964282 -0.00668352 0.999973 0.00292772 -0.203907 -0.0239947 -0.00308728 0.999707 11.6907 
0.999647 0.00185241 0.0265063 -0.0828134 -0.00192644 0.999994 0.00276936 -0.207523 -0.026501 -0.00281941 0.999645 11.983 
0.999582 -0.00161555 0.0288789 -0.071797 0.00149959 0.999991 0.00403829 -0.211906 -0.0288852 -0.00399325 0.999575 12.2434 
0.999501 -0.00190495 0.031518 -0.0665372 0.00174169 0.999985 0.00520774 -0.21941 -0.0315275 -0.00515021 0.99949 12.475 
0.999432 -0.00120212 0.0336884 -0.0623873 0.00105794 0.99999 0.00429843 -0.224007 -0.0336933 -0.0042603 0.999423 12.6813 
0.999357 -0.000100953 0.0358582 -0.0596329 2.01203e-06 0.999996 0.00276047 -0.227277 -0.0358584 -0.00275858 0.999353 12.8672 
0.999258 0.00214571 0.0384596 -0.0576356 -0.00222141 0.999996 0.00192691 -0.231358 -0.0384553 -0.00201087 0.999258 13.0407 
0.999186 0.00489474 0.0400506 -0.0558355 -0.00494993 0.999987 0.00127997 -0.23886 -0.0400438 -0.00147714 0.999197 13.2071 
0.999119 0.00631054 0.0414881 -0.053035 -0.00631411 0.99998 -4.40095e-05 -0.245125 -0.0414876 -0.000217948 0.999139 13.3645 
0.999045 0.00524326 0.0433805 -0.0453771 -0.00517528 0.999985 -0.0016783 -0.250719 -0.0433887 0.00145223 0.999057 13.5168 
0.998988 0.00399488 0.0447983 -0.0361083 -0.00385993 0.999988 -0.0030977 -0.252631 -0.0448102 0.00292169 0.998991 13.6616 
0.998936 0.00336657 0.0459965 -0.0291948 -0.00317689 0.999986 -0.00419528 -0.253932 -0.0460101 0.00404473 0.998933 13.8016 
0.998862 0.00401287 0.0475219 -0.0249649 -0.00375228 0.999977 -0.0055705 -0.257853 -0.0475432 0.00538588 0.998855 13.9339 
0.998801 0.00498176 0.0487079 -0.0184873 -0.00461381 0.99996 -0.00766297 -0.260566 -0.0487442 0.00742909 0.998784 14.0622 
0.998761 0.00504492 0.0495104 -0.0127298 -0.00456678 0.999942 -0.00976494 -0.264233 -0.0495568 0.00952678 0.998726 14.187 
0.998731 0.00415527 0.0501912 -0.00535812 -0.00355405 0.999921 -0.0120609 -0.268338 -0.0502374 0.0118673 0.998667 14.3119 
0.998759 0.00349237 0.049685 0.00114591 -0.00280602 0.9999 -0.0138761 -0.270791 -0.0497286 0.0137195 0.998669 14.4388 
0.998866 0.00307254 0.0475204 0.00630925 -0.00235536 0.999883 -0.0151398 -0.272961 -0.0475614 0.0150107 0.998756 14.5662 
0.999009 0.00303247 0.044415 0.00873326 -0.00232421 0.99987 -0.0159885 -0.276838 -0.0444577 0.0158694 0.998885 14.6963 
0.999179 0.00359044 0.0403612 0.00818128 -0.00289619 0.999847 -0.0172451 -0.279255 -0.040417 0.0171141 0.999036 14.8252 
0.999392 0.00370043 0.034675 0.00446616 -0.00306557 0.999827 -0.0183429 -0.28245 -0.0347369 0.0182255 0.99923 14.9516 
0.999604 0.0035041 0.0279378 0.00194304 -0.00297406 0.999815 -0.0189897 -0.286185 -0.0279993 0.0188992 0.999429 15.0827 
0.999778 0.00362484 0.0207517 -0.00449346 -0.00321364 0.999799 -0.0198122 -0.287861 -0.0208194 0.0197411 0.999588 15.2116 
0.999912 0.00349635 0.0127838 -0.0139165 -0.00323021 0.999779 -0.0207765 -0.29064 -0.0128536 0.0207334 0.999702 15.3419 
0.999994 0.00242246 0.00262406 -0.0222951 -0.00236418 0.999756 -0.021973 -0.293584 -0.00267669 0.0219667 0.999755 15.4824 
0.999945 0.000886736 -0.0104271 -0.0348132 -0.00113332 0.999719 -0.0236703 -0.296082 0.0104031 0.0236808 0.999665 15.6301 
0.999645 0.000176953 -0.0266429 -0.057293 -0.000857593 0.999673 -0.0255391 -0.299944 0.0266296 0.025553 0.999319 15.7926 
0.998942 0.000443585 -0.0459812 -0.0867541 -0.00166143 0.999649 -0.0264518 -0.305014 0.0459533 0.0265003 0.998592 15.9706 
0.997691 0.00109834 -0.0679107 -0.122593 -0.00287435 0.999656 -0.0260606 -0.310353 0.0678587 0.0261957 0.997351 16.1677 
0.995786 0.00176816 -0.0916878 -0.1684 -0.00404461 0.999688 -0.0246488 -0.316012 0.0916156 0.0249159 0.995483 16.3831 
0.99294 0.0025967 -0.118589 -0.225231 -0.00537541 0.999718 -0.023118 -0.32265 0.118495 0.0235923 0.992674 16.6133 
0.988854 0.00366594 -0.148847 -0.295082 -0.00688681 0.999753 -0.0211295 -0.328376 0.148733 0.0219191 0.988635 16.8625 
0.983253 0.00379785 -0.182206 -0.374122 -0.00711588 0.999821 -0.0175602 -0.335009 0.182107 0.0185627 0.983104 17.1246 
0.975667 0.00492941 -0.219204 -0.468815 -0.00809406 0.999876 -0.0135414 -0.340353 0.21911 0.0149862 0.975585 17.3954 
0.965779 0.00646749 -0.259284 -0.581501 -0.00890718 0.999926 -0.00823571 -0.342889 0.259212 0.0102634 0.965766 17.6797 
0.95351 0.0103242 -0.301185 -0.709761 -0.0119208 0.999923 -0.00346366 -0.346152 0.301126 0.00689304 0.95356 17.9671 
0.939042 0.0138728 -0.343522 -0.859608 -0.0144332 0.999895 0.000925625 -0.349148 0.343499 0.00408896 0.939144 18.261 
0.921843 0.0162161 -0.387224 -1.02318 -0.0148397 0.999869 0.00654429 -0.351891 0.387279 -0.000286475 0.921962 18.5652 
0.902044 0.019474 -0.431206 -1.20925 -0.014832 0.99979 0.014125 -0.352225 0.43139 -0.00634572 0.902143 18.877 
0.879636 0.0235016 -0.475067 -1.41798 -0.0155682 0.999666 0.0206274 -0.350716 0.475393 -0.0107486 0.879708 19.1844 
0.854017 0.0282523 -0.519477 -1.64301 -0.0178071 0.999527 0.0250855 -0.348402 0.51994 -0.012173 0.854116 19.4854 
0.825109 0.0311073 -0.564116 -1.88796 -0.0183747 0.999432 0.0282362 -0.343648 0.564674 -0.0129324 0.825213 19.7855 
0.793376 0.0344861 -0.607755 -2.16015 -0.0206724 0.999345 0.02972 -0.334797 0.608381 -0.0110154 0.793568 20.0784 
0.758877 0.0367745 -0.650195 -2.45677 -0.0207248 0.999262 0.0323284 -0.325252 0.650904 -0.011058 0.759079 20.3633 
0.720849 0.0404276 -0.691913 -2.77886 -0.021542 0.999122 0.0359346 -0.31126 0.692758 -0.0109982 0.721086 20.6501 
0.680896 0.0413805 -0.73121 -3.12841 -0.0190101 0.999065 0.0388368 -0.297446 0.732133 -0.0125434 0.681046 20.9316 
0.63908 0.0411121 -0.768041 -3.50463 -0.0161569 0.999068 0.0400345 -0.282819 0.768971 -0.0131761 0.639148 21.2034 
0.595701 0.0399763 -0.802211 -3.90701 -0.0105929 0.999065 0.04192 -0.269592 0.803137 -0.016474 0.595567 21.4603 
0.550469 0.0401327 -0.833891 -4.33201 -0.00580909 0.999004 0.0442444 -0.254596 0.834836 -0.0195109 0.550153 21.6988 
0.503186 0.041388 -0.863186 -4.78676 -0.0039006 0.998951 0.0456238 -0.233389 0.864169 -0.0195903 0.50282 21.9188 
0.453248 0.0408474 -0.890448 -5.25985 -0.00268817 0.999008 0.044459 -0.210975 0.891381 -0.0177572 0.452908 22.108 
0.400552 0.0397918 -0.91541 -5.76117 0.00255832 0.999004 0.044545 -0.191148 0.916271 -0.0201845 0.400051 22.285 
0.346644 0.0388607 -0.937191 -6.28505 0.00783373 0.998987 0.0443206 -0.169727 0.937964 -0.0227051 0.345989 22.4408 
0.292265 0.0377971 -0.95559 -6.83504 0.0104924 0.999032 0.0427244 -0.146089 0.95628 -0.0225132 0.291585 22.5705 
0.23857 0.0434926 -0.970151 -7.41415 0.0111261 0.998809 0.0475133 -0.117895 0.971062 -0.0221292 0.237802 22.6714 
0.186929 0.0486002 -0.981171 -8.01659 0.0136662 0.99855 0.0520647 -0.0929048 0.982278 -0.0231412 0.185993 22.7441 
0.138375 0.0500956 -0.989112 -8.63508 0.0192472 0.998395 0.0532584 -0.0698919 0.990193 -0.0264072 0.137189 22.7986 
0.0938675 0.0515683 -0.994248 -9.27306 0.0217082 0.998314 0.0538287 -0.0498119 0.995348 -0.0266361 0.0925898 22.8254 
0.0533252 0.0497485 -0.997337 -9.92314 0.0214446 0.998471 0.0509516 -0.0220651 0.998347 -0.0241044 0.0521768 22.8253 
0.017685 0.0452078 -0.998821 -10.5858 0.0187013 0.998788 0.0455374 0.0125443 0.999669 -0.0194845 0.0168181 22.7999 
-0.0107853 0.04504 -0.998927 -11.2727 0.0163645 0.998859 0.0448602 0.0448417 0.999808 -0.0158631 -0.0115101 22.7596 
-0.0318562 0.0491402 -0.998284 -11.9858 0.0150824 0.998701 0.0486794 0.0746542 0.999379 -0.0135057 -0.0325559 22.7112 
-0.0447163 0.0551463 -0.997477 -12.7171 0.0165784 0.998379 0.054453 0.104549 0.998862 -0.0141016 -0.0455581 22.6576 
-0.0529369 0.0577524 -0.996926 -13.4703 0.0162839 0.998243 0.056964 0.137099 0.998465 -0.0132183 -0.0537843 22.6012 
-0.0568208 0.0549859 -0.996869 -14.2509 0.0174123 0.998385 0.054077 0.169966 0.998233 -0.0142851 -0.0576865 22.5458 
-0.0560147 0.0512427 -0.997114 -15.0403 0.0248851 0.998444 0.0499131 0.206789 0.99812 -0.0220173 -0.0572027 22.4935 
-0.0516808 0.0498063 -0.997421 -15.8583 0.036544 0.998181 0.0479508 0.250912 0.997995 -0.0339716 -0.0534069 22.4566 
-0.0463614 0.0499687 -0.997674 -16.6985 0.0370697 0.998146 0.0482698 0.286401 0.998237 -0.0347456 -0.0481278 22.4156 
-0.041282 0.048399 -0.997975 -17.5621 0.0352155 0.998276 0.0469569 0.317398 0.998527 -0.0332057 -0.0429153 22.3667 
-0.0381367 0.0420134 -0.998389 -18.4265 0.03861 0.998432 0.0405404 0.352889 0.998526 -0.0370017 -0.0396991 22.3289 
-0.0359446 0.0312747 -0.998864 -19.2936 0.0364124 0.998888 0.0299651 0.378546 0.99869 -0.0352939 -0.0370434 22.2813 
-0.0353892 0.0226633 -0.999117 -20.198 0.0287152 0.999353 0.0216516 0.400522 0.998961 -0.0279235 -0.0360171 22.2205 
-0.0368598 0.0197407 -0.999125 -21.1243 0.0231483 0.999554 0.0188951 0.422318 0.999052 -0.0224315 -0.0373003 22.1653 
-0.0404244 0.0254437 -0.998859 -22.072 0.0140217 0.999592 0.0248949 0.437423 0.999084 -0.0129993 -0.0407647 22.0941 
-0.0452513 0.0334415 -0.998416 -23.0614 0.00911139 0.999412 0.0330619 0.458498 0.998934 -0.00760082 -0.0455293 22.0123 
-0.0496742 0.0428145 -0.997847 -24.0963 0.00748494 0.999069 0.0424943 0.494327 0.998737 -0.00535791 -0.0499484 21.934 
-0.0512915 0.0528002 -0.997287 -25.1297 0.00622763 0.998599 0.0525494 0.533231 0.998664 -0.00351535 -0.0515485 21.8613 
-0.0524304 0.0606017 -0.996784 -26.1639 0.00828417 0.998149 0.060249 0.574692 0.99859 -0.00509861 -0.0528354 21.7931 
-0.0540864 0.0614495 -0.996644 -27.1813 0.0096465 0.99809 0.0610152 0.62239 0.99849 -0.00631399 -0.0545759 21.7252 
-0.0559029 0.0586594 -0.996712 -28.2033 0.00853547 0.998264 0.058272 0.669239 0.9984 -0.00524979 -0.0563066 21.6497 
-0.0586171 0.0537557 -0.996832 -29.2208 0.00839122 0.99854 0.0533544 0.709923 0.998245 -0.00523712 -0.0589826 21.5688 
-0.0633142 0.0485728 -0.996811 -30.2386 0.00859159 0.998804 0.0481243 0.747764 0.997957 -0.00551721 -0.0636558 21.4849 
-0.0688365 0.04398 -0.996658 -31.2566 0.00881343 0.999016 0.0434753 0.782347 0.997589 -0.00579125 -0.0691564 21.3937 
-0.0757109 0.04203 -0.996244 -32.2898 0.0078829 0.999105 0.0415517 0.815169 0.997099 -0.00470734 -0.0759744 21.2887 
-0.0823537 0.0445691 -0.995606 -33.3446 0.00822283 0.998996 0.0440407 0.848141 0.996569 -0.00455974 -0.0826375 21.1791 
-0.0884409 0.0494571 -0.994853 -34.4196 0.00668824 0.998774 0.0490574 0.882639 0.996059 -0.0023151 -0.0886632 21.054 
-0.0937675 0.0520034 -0.994235 -35.5087 0.00377071 0.998646 0.0518785 0.92821 0.995587 0.00111558 -0.0938366 20.9037 
-0.0984255 0.0543839 -0.993657 -36.5751 0.000694312 0.998509 0.0545807 0.968302 0.995144 0.00468226 -0.0983165 20.7714 
-0.100987 0.0555944 -0.993333 -37.6583 -0.00375494 0.998409 0.0562603 1.01148 0.994881 0.00941149 -0.100618 20.632 
-0.102716 0.0566857 -0.993094 -38.7321 -0.0076762 0.9983 0.0577768 1.05702 0.994681 0.0135578 -0.102106 20.4922 
-0.104188 0.0563158 -0.992962 -39.8109 -0.00906108 0.9983 0.0575693 1.09985 0.994516 0.0149954 -0.103501 20.3541 
-0.105578 0.0553635 -0.992869 -40.8989 -0.00953211 0.998347 0.0566826 1.14856 0.994365 0.0154486 -0.104875 20.2122 
-0.106405 0.0546206 -0.992822 -41.9879 -0.010889 0.998366 0.0560926 1.19491 0.994263 0.0167794 -0.105636 20.0652 
-0.107136 0.0537636 -0.99279 -43.0768 -0.013026 0.998375 0.0554717 1.23795 0.994159 0.0188751 -0.106262 19.9208 
-0.107702 0.0512333 -0.992862 -44.1711 -0.0175874 0.998417 0.0534277 1.28063 0.994028 0.0232162 -0.10663 19.774 
-0.10789 0.0464337 -0.993078 -45.2657 -0.0229028 0.998528 0.0491768 1.31831 0.993899 0.02805 -0.106668 19.6231 
-0.107156 0.0457532 -0.993189 -46.3696 -0.0244925 0.998516 0.0486411 1.36222 0.993941 0.0295379 -0.105876 19.4803 
-0.105676 0.0499557 -0.993145 -47.486 -0.0252026 0.998282 0.0528958 1.4037 0.994081 0.0306197 -0.104235 19.3407 
-0.103686 0.0531894 -0.993187 -48.6086 -0.0252777 0.998106 0.0560917 1.44504 0.994289 0.0309215 -0.102145 19.2015 
-0.102094 0.0529934 -0.993362 -49.7197 -0.0231275 0.998184 0.0556275 1.4925 0.994506 0.0286532 -0.100683 19.0677 
-0.0995441 0.0521575 -0.993665 -50.836 -0.0229412 0.99824 0.0546958 1.53927 0.994769 0.0282406 -0.0981723 18.9343 
-0.095425 0.052614 -0.994045 -51.9626 -0.027416 0.998085 0.0554597 1.58557 0.995059 0.032545 -0.0937998 18.7943 
-0.0892201 0.0533882 -0.99458 -53.1016 -0.0324908 0.997875 0.0564797 1.63347 0.995482 0.0373538 -0.0872959 18.6565 
-0.0833642 0.0530914 -0.995104 -54.2301 -0.0363279 0.997754 0.0562761 1.67981 0.995857 0.0408415 -0.0812483 18.535 
-0.0777961 0.0522052 -0.995602 -55.3645 -0.0375941 0.997764 0.0552562 1.72809 0.99626 0.0417275 -0.0756596 18.4252 
-0.0721962 0.0513449 -0.996068 -56.4944 -0.0369835 0.997849 0.0541173 1.77435 0.996705 0.0407452 -0.070142 18.3248 
-0.0671084 0.0514087 -0.99642 -57.6328 -0.0352457 0.997926 0.0538602 1.81629 0.997123 0.038734 -0.0651573 18.2337 
-0.0615046 0.0519678 -0.996753 -58.7752 -0.0341558 0.997949 0.0541377 1.86452 0.997522 0.0373746 -0.0596035 18.1437 
-0.0560326 0.0537711 -0.99698 -59.924 -0.0329405 0.997906 0.0556724 1.90726 0.997885 0.0359605 -0.054144 18.061 
-0.050576 0.0550121 -0.997204 -61.0758 -0.0336177 0.997822 0.0567512 1.95451 0.998154 0.036394 -0.0486165 17.9826 
-0.0456951 0.0543538 -0.997476 -62.2272 -0.0331237 0.997887 0.0558937 2.001 0.998406 0.0355942 -0.0437982 17.9144 
-0.0408895 0.0497562 -0.997924 -63.3747 -0.0329834 0.998148 0.0511188 2.04601 0.998619 0.0350052 -0.0391727 17.8492 
-0.0364753 0.0445007 -0.998343 -64.5264 -0.0328312 0.998415 0.0457034 2.08766 0.998795 0.0344439 -0.0349565 17.7874 
-0.0327613 0.0441001 -0.99849 -65.6782 -0.0325377 0.99845 0.0451659 2.12391 0.998933 0.0339683 -0.0312756 17.7303 
-0.0295527 0.0466468 -0.998474 -66.8342 -0.0316006 0.998368 0.0475771 2.15768 0.999064 0.0329585 -0.0280304 17.6759 
-0.0273932 0.0461604 -0.998558 -68.0029 -0.0319432 0.998383 0.0470285 2.19673 0.999114 0.0331855 -0.0258744 17.6211 
-0.0262436 0.0458818 -0.998602 -69.1769 -0.0337854 0.998335 0.0467574 2.23835 0.999085 0.0349653 -0.0246497 17.5631 
-0.0251045 0.0466498 -0.998596 -70.3562 -0.0349939 0.998257 0.0475137 2.27943 0.999072 0.0361376 -0.0234283 17.504 
-0.0237436 0.0463107 -0.998645 -71.5378 -0.0358703 0.998244 0.047145 2.31567 0.999074 0.0369412 -0.0220408 17.4489 
-0.022559 0.0443045 -0.998763 -72.7229 -0.0363357 0.998321 0.0451056 2.35401 0.999085 0.0373083 -0.0209113 17.3978 
-0.0221308 0.0430224 -0.998829 -73.9103 -0.0344836 0.998446 0.0437699 2.39073 0.99916 0.0354119 -0.0206128 17.3542 
-0.0217332 0.0428391 -0.998846 -75.0989 -0.0311273 0.998568 0.0435045 2.42651 0.999279 0.0320369 -0.0203686 17.3114 
-0.0215957 0.0436189 -0.998815 -76.2786 -0.0288278 0.998605 0.044233 2.45917 0.999351 0.0297489 -0.0203082 17.2701 
-0.0217516 0.0462618 -0.998693 -77.4727 -0.0284179 0.998497 0.0468717 2.49534 0.999359 0.0294003 -0.0204043 17.2269 
-0.0213892 0.0500077 -0.99852 -78.6567 -0.0307509 0.998243 0.0506526 2.52895 0.999298 0.0317888 -0.0198138 17.1763 
-0.0207129 0.0498188 -0.998544 -79.8358 -0.0326548 0.998191 0.0504786 2.56756 0.999252 0.0336528 -0.0190486 17.1263 
-0.0204653 0.0476007 -0.998657 -81.019 -0.0340577 0.998253 0.0482794 2.61003 0.99921 0.035 -0.0188084 17.08 
-0.0203665 0.045217 -0.99877 -82.21 -0.0337469 0.998376 0.0458873 2.64852 0.999223 0.03464 -0.0188076 17.0412 
-0.0204402 0.0444041 -0.998805 -83.3853 -0.031404 0.998492 0.0450328 2.68518 0.999298 0.032287 -0.0190149 16.9995 
-0.0206877 0.0459353 -0.99873 -84.5648 -0.0300088 0.998465 0.0465447 2.71961 0.999336 0.0309336 -0.0192775 16.9621 
-0.0204653 0.0488983 -0.998594 -85.7403 -0.0293001 0.998345 0.0494865 2.75217 0.999361 0.0302717 -0.0189988 16.919 
-0.0199162 0.0510596 -0.998497 -86.9196 -0.0297346 0.998223 0.0516387 2.79182 0.999359 0.0307183 -0.0183626 16.872 
-0.0197511 0.0513715 -0.998484 -88.0899 -0.0311747 0.998162 0.0519716 2.82878 0.999319 0.032154 -0.0181133 16.8234 
-0.0196843 0.0492139 -0.998594 -89.2687 -0.0305427 0.998292 0.049801 2.87021 0.99934 0.0314801 -0.0181475 16.7853 
-0.01933 0.0479406 -0.998663 -90.4366 -0.0289545 0.998404 0.0484886 2.90625 0.999394 0.0298532 -0.017911 16.7436 
-0.0195503 0.0488844 -0.998613 -91.6112 -0.0271487 0.99841 0.049406 2.94507 0.99944 0.028077 -0.018192 16.7093 
-0.0194042 0.0517032 -0.998474 -92.7921 -0.0247379 0.998331 0.0521766 2.98613 0.999506 0.0257127 -0.0180928 16.6724 
-0.0195367 0.0544668 -0.998324 -93.9732 -0.0235383 0.998213 0.0549214 3.02467 0.999532 0.0245719 -0.0182197 16.6329 
-0.0191048 0.0561208 -0.998241 -95.1434 -0.0240489 0.998109 0.0565736 3.06959 0.999528 0.0250874 -0.0177191 16.5902 
-0.0189227 0.0578856 -0.998144 -96.317 -0.0263277 0.997948 0.0583733 3.11719 0.999474 0.0273834 -0.0173598 16.5467 
-0.0186845 0.0570856 -0.998194 -97.4779 -0.0285582 0.997931 0.0576051 3.16048 0.999418 0.029583 -0.0170156 16.5007 
-0.0188928 0.0531772 -0.998406 -98.6381 -0.0310034 0.998073 0.0537461 3.20307 0.999341 0.0319694 -0.0172077 16.4543 
-0.0187185 0.0514878 -0.998498 -99.8034 -0.0321454 0.998126 0.0520712 3.24598 0.999308 0.0330719 -0.0170283 16.4108 
-0.0187639 0.0498032 -0.998583 -100.975 -0.0320395 0.998216 0.0503869 3.29019 0.99931 0.0329396 -0.0171348 16.3703 
-0.0187948 0.0501949 -0.998563 -102.134 -0.0306082 0.998242 0.0507549 3.33054 0.999355 0.0315181 -0.0172254 16.3341 
-0.0191711 0.0522645 -0.998449 -103.286 -0.0304483 0.998139 0.0528329 3.37149 0.999353 0.0314139 -0.0175441 16.2945 
-0.0193053 0.0543353 -0.998336 -104.452 -0.0289242 0.998074 0.0548804 3.41534 0.999395 0.0299356 -0.0176965 16.2565 
-0.0199042 0.0533575 -0.998377 -105.616 -0.0327041 0.998006 0.0539896 3.4612 0.999267 0.0337256 -0.0181195 16.209 
-0.0202221 0.0544153 -0.998314 -106.785 -0.0369633 0.997794 0.0551358 3.50925 0.999112 0.0380159 -0.0181661 16.1583 
-0.020711 0.0534355 -0.998357 -107.957 -0.0401288 0.997722 0.054234 3.55627 0.99898 0.0411862 -0.0185195 16.109 
-0.0208525 0.0494553 -0.998559 -109.141 -0.0408804 0.997898 0.0502763 3.60304 0.998946 0.0418699 -0.0187869 16.0579 
-0.0215496 0.0455524 -0.99873 -110.325 -0.0410681 0.998078 0.0464088 3.64591 0.998924 0.0420161 -0.0196374 16.0092 
-0.0228119 0.0447579 -0.998737 -111.517 -0.0372504 0.998266 0.0455876 3.6835 0.999046 0.0382433 -0.0211051 15.9697 
-0.0234279 0.0442062 -0.998748 -112.719 -0.0327253 0.998453 0.0449607 3.7216 0.99919 0.0337377 -0.021945 15.9285 
-0.0239992 0.0459881 -0.998654 -113.938 -0.0318184 0.9984 0.046741 3.76581 0.999206 0.0328973 -0.0224975 15.8796 
-0.0249764 0.0500934 -0.998432 -115.154 -0.0310397 0.998223 0.0508594 3.80658 0.999206 0.0322614 -0.0233772 15.8308 
-0.025721 0.050224 -0.998407 -116.385 -0.0295088 0.998264 0.050977 3.85345 0.999234 0.030773 -0.0241943 15.7807 
-0.0263727 0.0458791 -0.998599 -117.622 -0.0294656 0.998477 0.0466516 3.89854 0.999218 0.0306547 -0.0249807 15.7228 
-0.0271947 0.0419814 -0.998748 -118.873 -0.0295393 0.998648 0.0427815 3.94594 0.999194 0.0306658 -0.0259178 15.6619 
-0.028041 0.0405616 -0.998784 -120.122 -0.0288456 0.998727 0.0413692 3.98431 0.999191 0.0299705 -0.0268353 15.6033 
-0.0288177 0.0418013 -0.99871 -121.376 -0.0307655 0.998615 0.042685 4.02198 0.999111 0.0319559 -0.0274917 15.544 
-0.0292822 0.0461372 -0.998506 -122.638 -0.0354853 0.998257 0.0471663 4.0641 0.998941 0.0368134 -0.0275939 15.4751 
-0.0296022 0.0492619 -0.998347 -123.903 -0.0408077 0.997893 0.0504495 4.10622 0.998728 0.0422337 -0.0275296 15.4068 
-0.0299444 0.0488477 -0.998357 -125.163 -0.0479784 0.997584 0.0502489 4.15226 0.998399 0.0494043 -0.0275285 15.3369 
-0.0298811 0.0467678 -0.998459 -126.43 -0.0511824 0.997523 0.0482557 4.1969 0.998242 0.0525455 -0.0274134 15.2667 
-0.0305825 0.0455359 -0.998495 -127.702 -0.0533901 0.997461 0.047124 4.23809 0.998105 0.0547509 -0.0280737 15.2019 
-0.031534 0.0450262 -0.998488 -128.975 -0.0534242 0.997481 0.046668 4.27647 0.998074 0.0548151 -0.029049 15.1405 
-0.0321982 0.0441653 -0.998505 -130.236 -0.0510256 0.997648 0.0457728 4.3151 0.998178 0.0524231 -0.0298689 15.0838 
-0.0327512 0.0447712 -0.99846 -131.499 -0.0510671 0.997616 0.0464084 4.35554 0.998158 0.0525084 -0.0303868 15.0207 
-0.0338229 0.0499488 -0.998179 -132.759 -0.0508554 0.997371 0.0516315 4.39527 0.998133 0.0525092 -0.0311938 14.9601 
-0.0348182 0.0541896 -0.997923 -134.029 -0.0495229 0.997209 0.0558787 4.43828 0.998166 0.0513657 -0.0320373 14.8993 
-0.0347596 0.0528991 -0.997995 -135.288 -0.0500291 0.997254 0.0546023 4.48729 0.998143 0.0518268 -0.0320177 14.8315 
-0.0341601 0.0514561 -0.998091 -136.547 -0.0495684 0.997357 0.0531148 4.53712 0.998186 0.0512882 -0.0315192 14.7668 
-0.0331639 0.0508875 -0.998154 -137.798 -0.048549 0.997442 0.0524643 4.57948 0.99827 0.0501993 -0.0306086 14.7041 
-0.0323572 0.0500217 -0.998224 -139.05 -0.0486073 0.997486 0.0515603 4.62482 0.998294 0.0501894 -0.0298444 14.6405 
-0.0317232 0.0519516 -0.998146 -140.309 -0.0483251 0.997401 0.0534487 4.67151 0.998328 0.0499311 -0.0291302 14.5781 
-0.0313078 0.0556008 -0.997962 -141.571 -0.0492264 0.997154 0.0571001 4.71931 0.998297 0.0509138 -0.0284816 14.5199 
-0.0301597 0.0566361 -0.997939 -142.826 -0.0509084 0.997011 0.0581219 4.76925 0.998248 0.0525565 -0.0271862 14.4578 
-0.0292752 0.0536618 -0.99813 -144.074 -0.0530144 0.997069 0.0551597 4.82072 0.998165 0.0545301 -0.0263446 14.3941 
-0.0293471 0.050671 -0.998284 -145.325 -0.0518061 0.997295 0.0521437 4.86965 0.998226 0.0532475 -0.0266426 14.3361 
-0.0292904 0.0491818 -0.99836 -146.566 -0.0490213 0.997516 0.0505785 4.91244 0.998368 0.0504224 -0.0268067 14.2802 
-0.0296174 0.0486829 -0.998375 -147.808 -0.0476462 0.997609 0.050059 4.9549 0.998425 0.0490515 -0.0272271 14.2222 
-0.0300146 0.0488055 -0.998357 -149.057 -0.0447653 0.997739 0.0501211 4.99947 0.998547 0.0461962 -0.027762 14.1667 
-0.0303561 0.0475012 -0.99841 -150.302 -0.0427525 0.997894 0.0487765 5.03951 0.998624 0.0441652 -0.0282614 14.1109 
-0.0306211 0.047755 -0.99839 -151.547 -0.0420476 0.997912 0.0490218 5.07967 0.998646 0.043481 -0.0285492 14.0526 
-0.0308748 0.0503161 -0.998256 -152.799 -0.0396372 0.997885 0.0515234 5.12577 0.998737 0.0411589 -0.0288151 13.9935 
-0.0310406 0.0517268 -0.998179 -154.036 -0.0370015 0.997916 0.0528638 5.16954 0.998833 0.038575 -0.0290619 13.9362 
-0.0314951 0.0504524 -0.99823 -155.263 -0.0346931 0.998068 0.0515389 5.21143 0.998902 0.0362549 -0.0296839 13.8814 
-0.0325761 0.0506366 -0.998186 -156.495 -0.0356169 0.998023 0.0517907 5.25496 0.998834 0.0372395 -0.0307082 13.8218 
-0.0328233 0.0551052 -0.997941 -157.751 -0.0362929 0.997755 0.0562886 5.30639 0.998802 0.0380658 -0.0307497 13.76 
-0.0323223 0.0614985 -0.997584 -158.988 -0.0412398 0.997173 0.0628094 5.35662 0.998626 0.0431704 -0.0296948 13.6915 
-0.031473 0.0614123 -0.997616 -160.214 -0.0458839 0.99697 0.06282 5.41211 0.998451 0.0477517 -0.0285598 13.624 
-0.0301789 0.0572403 -0.997904 -161.451 -0.0495639 0.997045 0.05869 5.47189 0.998315 0.0512312 -0.0272527 13.5537 
-0.0287442 0.0516796 -0.99825 -162.684 -0.0514604 0.997262 0.0531102 5.52397 0.998261 0.052897 -0.0260061 13.492 
-0.0275893 0.0498042 -0.998378 -163.925 -0.0539457 0.997228 0.0512376 5.57484 0.998163 0.0552718 -0.0248261 13.42 
-0.0263844 0.0469737 -0.998548 -165.151 -0.0487296 0.997647 0.0482189 5.61371 0.998464 0.0499311 -0.0240333 13.3695 
-0.0263741 0.0427882 -0.998736 -166.37 -0.0457782 0.997984 0.0439648 5.65023 0.998603 0.0468799 -0.0243621 13.3176 
-0.0269443 0.0397247 -0.998847 -167.588 -0.0394778 0.998388 0.0407714 5.68422 0.998857 0.0405309 -0.0253326 13.2718 
-0.0281897 0.0426773 -0.998691 -168.821 -0.0372428 0.99835 0.0437139 5.72175 0.998909 0.0384263 -0.0265537 13.2203 
-0.027603 0.0487496 -0.99843 -170.075 -0.0376795 0.99805 0.0497727 5.76504 0.998909 0.0389942 -0.0257123 13.1648 
-0.0261027 0.0518555 -0.998313 -171.31 -0.0393317 0.997827 0.0528587 5.8087 0.998885 0.0406452 -0.0240064 13.1089 
-0.0242524 0.048721 -0.998518 -172.53 -0.0405072 0.997944 0.0496768 5.85181 0.998885 0.0416519 -0.0222289 13.0519 
-0.0239189 0.0486395 -0.99853 -173.757 -0.042896 0.997846 0.0496337 5.89557 0.998793 0.0440201 -0.0217809 13.0007 
-0.0230645 0.0498262 -0.998492 -174.979 -0.0406762 0.997883 0.0507354 5.93404 0.998906 0.0417851 -0.0209889 12.9543 
-0.0226771 0.0478273 -0.998598 -176.187 -0.0407993 0.997979 0.0487241 5.97365 0.99891 0.041847 -0.0206799 12.9089 
-0.0210745 0.0463855 -0.998701 -177.368 -0.0411692 0.998036 0.0472233 6.0103 0.99893 0.042111 -0.0191235 12.8616 
-0.0196094 0.0482362 -0.998643 -178.531 -0.0421687 0.997907 0.0490286 6.04295 0.998918 0.0430729 -0.0175343 12.8167 
-0.0185092 0.0501491 -0.99857 -179.664 -0.0416696 0.997835 0.0508845 6.0718 0.99896 0.0425519 -0.0163795 12.7785 
-0.0180612 0.0515655 -0.998506 -180.768 -0.0426591 0.99772 0.0522965 6.10145 0.998926 0.04354 -0.0158203 12.735 
-0.0181136 0.0527821 -0.998442 -181.853 -0.0429772 0.997642 0.0535195 6.13257 0.998912 0.0438797 -0.0158024 12.6964 
-0.0184951 0.0538779 -0.998376 -182.911 -0.0421976 0.997615 0.0546186 6.16166 0.998938 0.0431393 -0.0161774 12.6584 
-0.0181042 0.0530212 -0.998429 -183.944 -0.0424286 0.997653 0.0537493 6.19412 0.998936 0.0433351 -0.0158121 12.6184 
-0.0168134 0.0530246 -0.998452 -184.935 -0.0435589 0.997606 0.0537131 6.22312 0.998909 0.0443946 -0.0144635 12.5821 
-0.0155727 0.0538171 -0.998429 -185.899 -0.0443421 0.997531 0.0544603 6.25324 0.998895 0.0451206 -0.0131479 12.5485 
-0.0165474 0.0523744 -0.99849 -186.85 -0.0425816 0.997684 0.0530378 6.2804 0.998956 0.0433949 -0.0142789 12.5187 
-0.019725 0.0495564 -0.998577 -187.788 -0.0404208 0.997915 0.050322 6.30582 0.998988 0.0413559 -0.0176808 12.4842 
-0.0249746 0.046049 -0.998627 -188.729 -0.0400485 0.998091 0.0470258 6.3326 0.998886 0.041168 -0.0230827 12.4448 
-0.0301829 0.0429689 -0.99862 -189.673 -0.0416442 0.998154 0.0442075 6.36231 0.998677 0.0429211 -0.0283378 12.3961 
-0.0343318 0.0419916 -0.998528 -190.608 -0.0436566 0.9981 0.0434746 6.39185 0.998457 0.0450849 -0.0324334 12.3451 
-0.037657 0.0425036 -0.998386 -191.546 -0.045073 0.998006 0.0441875 6.42032 0.998274 0.0466643 -0.0356662 12.2936 
-0.0401455 0.0443422 -0.998209 -192.484 -0.0436582 0.997983 0.0460879 6.4458 0.99824 0.0454303 -0.0381286 12.2459 
-0.0419831 0.0458166 -0.998067 -193.427 -0.0406677 0.998042 0.0475261 6.47677 0.99829 0.0425844 -0.0400376 12.1948 
-0.0437203 0.0462947 -0.997971 -194.355 -0.0390735 0.998082 0.0480116 6.50592 0.998279 0.0410933 -0.0418276 12.1425 
-0.0449364 0.045306 -0.997962 -195.262 -0.0393088 0.998117 0.0470831 6.53169 0.998216 0.0413445 -0.0430709 12.0847 
-0.0458269 0.0439287 -0.997983 -196.17 -0.0411104 0.998103 0.0458218 6.56027 0.998103 0.0431273 -0.0439341 12.0238 
-0.045827 0.0429569 -0.998025 -197.081 -0.0444902 0.997996 0.0449985 6.5894 0.997958 0.0464645 -0.043824 11.9602 
-0.045107 0.0411324 -0.998135 -197.991 -0.0470697 0.997955 0.0432521 6.61542 0.997873 0.0489329 -0.0430787 11.8981 
-0.0441877 0.0384554 -0.998283 -198.903 -0.0472568 0.99806 0.0405386 6.63943 0.997905 0.048967 -0.0422847 11.8397 
-0.043741 0.0358562 -0.998399 -199.817 -0.0470607 0.998172 0.0379098 6.66469 0.997934 0.0486436 -0.0419737 11.7824 
-0.0431244 0.0354168 -0.998442 -200.743 -0.0470972 0.998188 0.037442 6.68902 0.997959 0.0486385 -0.0413783 11.7244 
-0.0427788 0.0383129 -0.99835 -201.678 -0.0447845 0.998187 0.0402256 6.71156 0.99808 0.0464314 -0.0409854 11.6714 
-0.0429592 0.0396626 -0.998289 -202.62 -0.0443281 0.998152 0.0415647 6.73426 0.998093 0.0460379 -0.0411216 11.6147 
-0.0420319 0.0361402 -0.998462 -203.566 -0.0393822 0.998509 0.0377998 6.75595 0.99834 0.0409104 -0.0405459 11.5585 
-0.0417702 0.0329436 -0.998584 -204.506 -0.0379559 0.998683 0.0345345 6.78226 0.998406 0.0393447 -0.0404648 11.5056 
-0.0412786 0.0330029 -0.998603 -205.451 -0.0423217 0.9985 0.0347489 6.80899 0.998251 0.043697 -0.03982 11.4403 
-0.0398822 0.0368984 -0.998523 -206.41 -0.043581 0.998303 0.038631 6.83003 0.998254 0.0450573 -0.0382065 11.381 
-0.038081 0.0363168 -0.998615 -207.374 -0.0411479 0.998435 0.0378794 6.85605 0.998427 0.0425334 -0.0365271 11.3298 
-0.035962 0.0374938 -0.99865 -208.347 -0.0398486 0.998447 0.0389212 6.88782 0.998558 0.0411945 -0.0344121 11.2791 
-0.034378 0.0422293 -0.998516 -209.328 -0.0406248 0.998222 0.0436155 6.91589 0.998583 0.042064 -0.0326013 11.2265 
-0.0328403 0.0465576 -0.998376 -210.323 -0.0375688 0.998151 0.0477829 6.94402 0.998754 0.039077 -0.0310304 11.1813 
-0.0317628 0.0471226 -0.998384 -211.323 -0.0369886 0.998148 0.0482882 6.97804 0.998811 0.0384627 -0.029961 11.1344 
-0.0298785 0.0475493 -0.998422 -212.329 -0.040293 0.997999 0.048735 7.0162 0.998741 0.0416856 -0.0279028 11.0847 
-0.026995 0.0491352 -0.998427 -213.348 -0.0431407 0.997803 0.0502709 7.05418 0.998704 0.04443 -0.024816 11.0331 
-0.0235835 0.0493245 -0.998504 -214.371 -0.0441821 0.997755 0.050331 7.08992 0.998745 0.0453031 -0.0213513 10.9892 
-0.0207144 0.0466481 -0.998697 -215.396 -0.0469998 0.997761 0.0475792 7.12587 0.99868 0.0479242 -0.0184755 10.945 
-0.0182114 0.0433586 -0.998894 -216.432 -0.0467628 0.997929 0.0441693 7.16264 0.99874 0.0475155 -0.0161461 10.9129 
-0.0166026 0.0425036 -0.998958 -217.474 -0.0458379 0.998013 0.0432252 7.19682 0.998811 0.0465079 -0.0146214 10.8789 
-0.0151842 0.0447373 -0.998883 -218.528 -0.0466052 0.997881 0.0454009 7.23015 0.998798 0.0472426 -0.013067 10.8424 
-0.0138104 0.0479293 -0.998755 -219.592 -0.0481674 0.997659 0.0485427 7.26622 0.998744 0.0487779 -0.0114694 10.8062 
-0.012418 0.0477634 -0.998782 -220.654 -0.0481302 0.997672 0.0483088 7.29991 0.998764 0.0486715 -0.0100903 10.7735 
-0.0115673 0.0450655 -0.998917 -221.719 -0.0466704 0.997871 0.0455587 7.33401 0.998843 0.0471469 -0.00943946 10.7419 
-0.0116765 0.0422424 -0.999039 -222.796 -0.0438458 0.998125 0.0427162 7.36811 0.99897 0.0443025 -0.00980246 10.7161 
-0.0118984 0.0412041 -0.99908 -223.885 -0.0420455 0.998246 0.0416704 7.40068 0.999045 0.0425026 -0.010145 10.6902 
-0.0118026 0.0402453 -0.99912 -224.985 -0.0422039 0.998279 0.04071 7.43327 0.999039 0.0426473 -0.0100837 10.6591 
-0.0114702 0.0401827 -0.999127 -226.084 -0.0421852 0.998283 0.0406331 7.46466 0.999044 0.0426145 -0.00975536 10.6268 
-0.0117928 0.0410186 -0.999089 -227.192 -0.0438334 0.998177 0.0414986 7.49623 0.998969 0.0442829 -0.00997329 10.5937 
-0.0122474 0.0432752 -0.998988 -228.307 -0.0443251 0.998058 0.0437783 7.52819 0.998942 0.0448164 -0.0103054 10.5584 
-0.0132818 0.0449097 -0.998903 -229.436 -0.044612 0.99797 0.045461 7.56539 0.998916 0.0451669 -0.0112513 10.5243 
-0.0139818 0.0465874 -0.998816 -230.577 -0.0455732 0.997846 0.0471801 7.60529 0.998863 0.0461789 -0.0118286 10.4863 
-0.0152107 0.0476389 -0.998749 -231.722 -0.0476807 0.997693 0.0483148 7.6431 0.998747 0.048356 -0.0129041 10.4483 
-0.0160992 0.0462272 -0.998801 -232.886 -0.0499421 0.997647 0.0469788 7.68642 0.998622 0.0506386 -0.0137526 10.398 
-0.0170707 0.0416765 -0.998985 -234.059 -0.0485695 0.997917 0.0424619 7.72709 0.998674 0.0492451 -0.0150109 10.3525 
-0.018151 0.0355826 -0.999202 -235.226 -0.0454244 0.998305 0.0363758 7.76271 0.998803 0.0460484 -0.0165039 10.3084 
-0.0201823 0.031295 -0.999306 -236.415 -0.0405908 0.99866 0.0320945 7.79166 0.998972 0.0412104 -0.018885 10.2675 
-0.0223619 0.0315778 -0.999251 -237.613 -0.0343534 0.998887 0.032335 7.81801 0.99916 0.0350508 -0.0212522 10.2278 
-0.0246094 0.0357376 -0.999058 -238.819 -0.0298482 0.998889 0.0364668 7.84374 0.999251 0.0307176 -0.0235154 10.1817 
-0.026754 0.0382871 -0.998909 -240.028 -0.0276662 0.998855 0.039026 7.87131 0.999259 0.0286802 -0.0256641 10.128 
-0.0287606 0.037731 -0.998874 -241.235 -0.0258565 0.998925 0.0384774 7.90261 0.999252 0.026934 -0.0277541 10.0732 
-0.0309945 0.038459 -0.998779 -242.448 -0.0259977 0.99889 0.0392701 7.9339 0.999181 0.0271832 -0.0299603 10.0118 
-0.0329668 0.0400016 -0.998656 -243.669 -0.0249013 0.998856 0.0408316 7.96714 0.999146 0.026214 -0.0319329 9.94859 
-0.0349444 0.0393632 -0.998614 -244.904 -0.0243799 0.998893 0.0402274 8.00477 0.999092 0.0257519 -0.033946 9.87546 
-0.0371177 0.0379834 -0.998589 -246.131 -0.0243648 0.998946 0.0389026 8.03592 0.999014 0.0257744 -0.0361531 9.80292 
-0.0395953 0.0376217 -0.998507 -247.364 -0.0241334 0.998963 0.0385958 8.06784 0.998924 0.0256257 -0.0386464 9.73286 
-0.0419129 0.038723 -0.998371 -248.606 -0.0247685 0.998901 0.0397834 8.09812 0.998814 0.0263956 -0.0409077 9.65559 
-0.0442056 0.0390649 -0.998258 -249.856 -0.0252593 0.998872 0.0402075 8.12984 0.998703 0.0269927 -0.043169 9.57587 
-0.0468113 0.040032 -0.998101 -251.11 -0.0263866 0.998798 0.0412975 8.16243 0.998555 0.0282697 -0.0456987 9.49447 
-0.0491272 0.0417006 -0.997922 -252.372 -0.0284154 0.998665 0.0431306 8.19749 0.998388 0.0304752 -0.0478767 9.40652 
-0.0506422 0.0424476 -0.997814 -253.632 -0.0300682 0.998579 0.0440062 8.23223 0.998264 0.0322311 -0.0492939 9.31659 
-0.0517207 0.0427263 -0.997747 -254.9 -0.0324007 0.998487 0.0444375 8.26851 0.998136 0.0346261 -0.0502581 9.22449 
-0.0517143 0.0427402 -0.997747 -256.163 -0.03274 0.998474 0.0444683 8.30497 0.998125 0.034966 -0.0502361 9.13568 
-0.0519415 0.0416361 -0.997782 -257.428 -0.0316997 0.998558 0.0433187 8.33949 0.998147 0.0338795 -0.0505468 9.0484 
-0.0518709 0.0406942 -0.997824 -258.691 -0.0289358 0.998689 0.0422337 8.37433 0.998235 0.0310636 -0.0506254 8.9651 
-0.0523947 0.0405355 -0.997803 -259.95 -0.0276973 0.998733 0.0420276 8.4059 0.998242 0.0298386 -0.0512056 8.87963 
-0.0524331 0.0409773 -0.997783 -261.209 -0.0274335 0.998722 0.0424574 8.43849 0.998248 0.0295989 -0.0512419 8.78966 
-0.052515 0.0407479 -0.997788 -262.476 -0.026723 0.998752 0.0421937 8.47788 0.998263 0.0288797 -0.0513606 8.70637 
-0.0522837 0.0414647 -0.997771 -263.742 -0.026289 0.998734 0.0428822 8.51001 0.998286 0.0284725 -0.0511274 8.61567 
-0.0523971 0.0426684 -0.997714 -265.009 -0.0236732 0.998753 0.0439561 8.54161 0.998346 0.0259223 -0.0513216 8.52925 
-0.0526681 0.0452545 -0.997586 -266.262 -0.019273 0.998741 0.0463244 8.57557 0.998426 0.0216664 -0.0517296 8.44991 
-0.0528307 0.0486717 -0.997417 -267.525 -0.0160144 0.998642 0.0495797 8.61615 0.998475 0.0185924 -0.0519795 8.36035 
-0.0528955 0.0512117 -0.997286 -268.775 -0.0137155 0.998553 0.0520042 8.65422 0.998506 0.0164292 -0.0521166 8.27776 
-0.0527923 0.0495928 -0.997373 -270.009 -0.0141428 0.998629 0.0504038 8.69407 0.998505 0.0167667 -0.0520186 8.18971 
-0.0529639 0.0479569 -0.997444 -271.236 -0.0165003 0.998668 0.0488919 8.73474 0.99846 0.0190477 -0.052102 8.10068 
-0.0534353 0.050719 -0.997282 -272.472 -0.0223463 0.998398 0.0519731 8.77804 0.998321 0.0250628 -0.0522163 8.00257 
-0.0535085 0.0566048 -0.996962 -273.713 -0.0277286 0.997923 0.0581476 8.82069 0.998182 0.0307558 -0.0518278 7.90499 
-0.0531711 0.0559513 -0.997017 -274.944 -0.0318658 0.997826 0.0576961 8.8685 0.998077 0.0348386 -0.0512726 7.80615 
-0.0528509 0.0491534 -0.997392 -276.175 -0.0315136 0.998208 0.0508635 8.91665 0.998105 0.0341196 -0.0512072 7.71595 
-0.0531822 0.0437072 -0.997628 -277.412 -0.0284883 0.998569 0.0452671 8.95979 0.998178 0.0308281 -0.0518609 7.629 
-0.0531821 0.0429677 -0.99766 -278.636 -0.0227001 0.998764 0.0442253 8.99426 0.998327 0.024999 -0.052141 7.54957 
-0.0522847 0.0446503 -0.997634 -279.865 -0.0191629 0.998771 0.0457055 9.03208 0.998448 0.0215073 -0.0513648 7.47172 
-0.0507652 0.0469016 -0.997609 -281.099 -0.0183398 0.998684 0.0478854 9.06511 0.998542 0.0207269 -0.0498383 7.39023 
-0.0493962 0.0491044 -0.997571 -282.35 -0.0196591 0.998549 0.050126 9.10838 0.998586 0.0220875 -0.0483592 7.29654 
-0.0483696 0.0505031 -0.997552 -283.584 -0.0207429 0.998455 0.0515546 9.14946 0.998614 0.0231858 -0.0472473 7.21098 
-0.0477865 0.0516907 -0.997519 -284.818 -0.0213111 0.99838 0.0527562 9.18855 0.99863 0.0237793 -0.0466075 7.13455 
-0.0471322 0.0511005 -0.997581 -286.046 -0.020857 0.998423 0.0521291 9.22807 0.998671 0.0232635 -0.045992 7.05284 
-0.0469817 0.0493795 -0.997675 -287.274 -0.0215195 0.998496 0.0504335 9.27196 0.998664 0.0238389 -0.0458484 6.97133 
-0.046937 0.0482085 -0.997734 -288.498 -0.0214412 0.998556 0.0492569 9.31249 0.998668 0.0237046 -0.0458356 6.89434 
-0.0467956 0.0480501 -0.997748 -289.73 -0.0218473 0.998554 0.0491136 9.34946 0.998666 0.0240964 -0.0456782 6.811 
-0.0466079 0.0479415 -0.997762 -290.954 -0.0225 0.998544 0.0490301 9.38818 0.99866 0.0247349 -0.0454614 6.72913 
-0.0465855 0.0482781 -0.997747 -292.188 -0.0231389 0.998511 0.0493955 9.42758 0.998646 0.025388 -0.045399 6.65014 
-0.0463271 0.0484406 -0.997751 -293.417 -0.0222114 0.998527 0.0495096 9.46585 0.998679 0.0244551 -0.0451829 6.57092 
-0.0463803 0.0468457 -0.997825 -294.647 -0.0219265 0.998611 0.0479018 9.50252 0.998683 0.0241006 -0.0452887 6.48899 
-0.046354 0.0442923 -0.997943 -295.873 -0.0215329 0.99874 0.0453279 9.53986 0.998693 0.0235898 -0.0453419 6.40571 
-0.0467605 0.0413589 -0.99805 -297.096 -0.022633 0.998842 0.0424522 9.57538 0.99865 0.024574 -0.0457703 6.32104 
-0.0469759 0.0400931 -0.998091 -298.326 -0.0242787 0.998853 0.0412664 9.607 0.998601 0.0261709 -0.0459486 6.23453 
-0.0474352 0.0400809 -0.99807 -299.56 -0.0274451 0.998765 0.0414132 9.64069 0.998497 0.0293566 -0.0462766 6.14488 
-0.0477754 0.0410559 -0.998014 -300.805 -0.0308428 0.998618 0.0425572 9.67591 0.998382 0.0328148 -0.0464431 6.05546 
-0.0479931 0.0419135 -0.997968 -302.051 -0.0346007 0.99845 0.0435977 9.71011 0.998248 0.0366229 -0.0464685 5.96137 
-0.0482683 0.0419202 -0.997954 -303.283 -0.0360722 0.998394 0.0436834 9.74228 0.998183 0.038107 -0.0466786 5.87424 
-0.0486335 0.0396729 -0.998029 -304.53 -0.0359769 0.998493 0.0414445 9.78062 0.998169 0.0379216 -0.0471329 5.78775 
-0.0493004 0.0376723 -0.998073 -305.779 -0.0336995 0.998657 0.039359 9.81253 0.998215 0.035575 -0.0479646 5.70643 
-0.0504566 0.0372771 -0.99803 -307.026 -0.030918 0.998766 0.0388676 9.84477 0.998248 0.0328182 -0.0492418 5.62854 
-0.0515262 0.0391673 -0.997903 -308.276 -0.0288248 0.998756 0.0406891 9.87935 0.998256 0.030861 -0.0503331 5.54793 
