1 2.12261e-08 -2.11895e-08 0 2.12261e-08 1 2.10703e-08 0 -2.11895e-08 2.10703e-08 1 0 
0.999998 0.000628336 0.00177114 -0.00862137 -0.000626676 0.999999 -0.000913528 -0.00529781 -0.00177176 0.000912459 0.999998 0.45207 
0.999992 0.00203988 0.00357081 -0.015767 -0.00203267 0.999996 -0.00200918 -0.0105355 -0.00357493 0.00200195 0.999992 0.915159 
0.999981 0.00319848 0.0053127 -0.0258492 -0.00318423 0.999991 -0.00267947 -0.0164248 -0.00532127 0.00266255 0.999982 1.39191 
0.999972 0.00331196 0.00669747 -0.0302199 -0.00329355 0.999991 -0.00275041 -0.0228813 -0.00670656 0.00272831 0.999974 1.8824 
0.999961 0.00283531 0.00835808 -0.0341806 -0.00281572 0.999993 -0.00234938 -0.0314971 -0.00836473 0.0023258 0.999962 2.38389 
0.999946 0.00216845 0.0101905 -0.0377223 -0.00215562 0.999997 -0.00126524 -0.0400919 -0.0101933 0.00124325 0.999947 2.89181 
0.999928 0.00214851 0.011794 -0.0415593 -0.00215325 0.999998 0.000393371 -0.0481344 -0.0117932 -0.000418696 0.99993 3.4033 
0.999917 0.00253836 0.0126526 -0.0455325 -0.00255736 0.999996 0.00148916 -0.0562024 -0.0126488 -0.00152135 0.999919 3.91803 
0.999906 0.00357654 0.0132422 -0.0482127 -0.00359585 0.999993 0.0014381 -0.0637944 -0.013237 -0.00148554 0.999911 4.43341 
0.99989 0.00407825 0.0142806 -0.0510931 -0.004093 0.999991 0.00100664 -0.0720371 -0.0142764 -0.00106494 0.999898 4.95292 
0.999877 0.00434842 0.0150444 -0.0529899 -0.00436239 0.99999 0.000898687 -0.0798783 -0.0150404 -0.000964164 0.999886 5.47607 
0.999862 0.00546604 0.015687 -0.0559345 -0.00547222 0.999985 0.000354036 -0.0881213 -0.0156849 -0.000439788 0.999877 6.00189 
0.999843 0.00638879 0.0165503 -0.0574519 -0.00638328 0.99998 -0.000382779 -0.0953518 -0.0165525 0.000277115 0.999863 6.53397 
0.99982 0.0070641 0.0175839 -0.0586317 -0.00705646 0.999975 -0.00049407 -0.104547 -0.017587 0.000369943 0.999845 7.07254 
0.999801 0.0078774 0.0183349 -0.059116 -0.00785749 0.999969 -0.00115537 -0.113628 -0.0183434 0.00101112 0.999831 7.61493 
0.999767 0.00914108 0.019549 -0.0580719 -0.00911362 0.999957 -0.00149123 -0.123342 -0.0195618 0.00131276 0.999808 8.1628 
0.999694 0.0105693 0.0223622 -0.0561124 -0.0105365 0.999943 -0.00157938 -0.132643 -0.0223776 0.00134332 0.999749 8.71813 
0.999596 0.0112255 0.0261285 -0.0517669 -0.0111782 0.999936 -0.00195152 -0.142171 -0.0261487 0.00165871 0.999657 9.28237 
0.999481 0.0112499 0.0301706 -0.0414511 -0.0111844 0.999935 -0.00233728 -0.150672 -0.0301949 0.00199866 0.999542 9.85172 
0.999324 0.0110958 0.0350592 -0.0291084 -0.011005 0.999936 -0.00277936 -0.162633 -0.0350878 0.00239169 0.999381 10.427 
0.999091 0.011585 0.0410281 -0.014176 -0.0114832 0.99993 -0.00271552 -0.172812 -0.0410567 0.00224196 0.999154 11.0149 
0.998828 0.0111164 0.0471143 0.00534905 -0.0110171 0.999937 -0.00236566 -0.182338 -0.0471376 0.00184386 0.998887 11.6091 
0.998516 0.0114699 0.0532297 0.0258055 -0.0113295 0.999932 -0.00293688 -0.195152 -0.0532598 0.0023295 0.998578 12.2098 
0.998178 0.0094499 0.0595996 0.0562908 -0.00923602 0.99995 -0.00386233 -0.206781 -0.0596332 0.00330487 0.998215 12.8244 
0.997811 0.00823002 0.0656207 0.0912526 -0.00797151 0.999959 -0.00419967 -0.217649 -0.0656527 0.00366742 0.997836 13.4461 
0.997351 0.0109164 0.0719126 0.127836 -0.0104993 0.999926 -0.0061748 -0.227596 -0.0719747 0.00540346 0.997392 14.0811 
0.996827 0.0147358 0.0782222 0.160074 -0.0140553 0.999859 -0.00924205 -0.242913 -0.0783473 0.00811332 0.996893 14.7291 
0.9964 0.0117857 0.0839547 0.210664 -0.0110356 0.999895 -0.00939328 -0.251728 -0.0840566 0.00843301 0.996425 15.3978 
0.996054 0.00421721 0.0886521 0.275494 -0.0036319 0.999971 -0.00676208 -0.258141 -0.0886781 0.00641346 0.99604 16.0854 
0.99562 -0.00154426 0.0934779 0.340861 0.00185789 0.999993 -0.00326769 -0.26841 -0.0934722 0.00342709 0.995616 16.7862 
0.995231 -0.00088781 0.0975412 0.400713 0.000863337 1 0.000293561 -0.281157 -0.0975415 -0.00020791 0.995231 17.5002 
0.995011 -0.00212491 0.0997457 0.460918 0.0021134 0.999998 0.000221474 -0.287504 -0.0997459 -9.52673e-06 0.995013 18.2274 
0.994992 -0.00648138 0.0997496 0.531097 0.00666425 0.999977 -0.00149974 -0.296517 -0.0997376 0.00215702 0.995011 18.9711 
0.995111 -0.0125801 0.0979593 0.601553 0.0129722 0.99991 -0.00336669 -0.303015 -0.0979082 0.00462102 0.995185 19.7274 
0.995539 -0.0148989 0.0931679 0.658607 0.0153351 0.999875 -0.00396785 -0.309188 -0.0930971 0.00537893 0.995643 20.4971 
0.996224 -0.0143449 0.085626 0.711482 0.0147572 0.999882 -0.00418398 -0.319341 -0.0855559 0.00543183 0.996319 21.2901 
0.996973 -0.0143325 0.0764109 0.750136 0.0145522 0.999891 -0.00231896 -0.330646 -0.0763694 0.00342393 0.997074 22.0953 
0.997661 -0.0144218 0.0668212 0.787753 0.0144856 0.999895 -0.00046894 -0.337375 -0.0668075 0.00143583 0.997765 22.9178 
0.998255 -0.0134305 0.0575102 0.815747 0.0133046 0.999908 0.00257267 -0.348737 -0.0575395 -0.00180298 0.998342 23.7494 
0.998691 -0.0130155 0.0494721 0.839017 0.012799 0.999907 0.00469148 -0.358047 -0.0495286 -0.0040521 0.998765 24.5837 
0.999027 -0.0114847 0.0425793 0.853903 0.0112571 0.999921 0.00558196 -0.367381 -0.0426401 -0.00509717 0.999078 25.4194 
0.999261 -0.0101831 0.0370523 0.865736 0.00996411 0.999932 0.00609054 -0.3764 -0.0371118 -0.00571681 0.999295 26.2541 
0.999452 -0.00894559 0.0318568 0.871448 0.00875079 0.999942 0.00625021 -0.386893 -0.031911 -0.00596798 0.999473 27.0927 
0.999605 -0.00871502 0.0267028 0.878321 0.00855855 0.999946 0.00596995 -0.397406 -0.0267534 -0.00573902 0.999626 27.9297 
0.999719 -0.00841465 0.0221797 0.876762 0.00829294 0.99995 0.0055757 -0.407124 -0.0222256 -0.00539015 0.999738 28.763 
0.999817 -0.00723357 0.0177016 0.873454 0.00712383 0.999955 0.00625733 -0.417802 -0.0177461 -0.00613004 0.999824 29.6 
0.999884 -0.00585095 0.0140998 0.866956 0.00575267 0.999959 0.00700365 -0.430219 -0.0141403 -0.00692168 0.999876 30.4327 
0.999929 -0.00357102 0.0113734 0.859139 0.00348035 0.999962 0.00798529 -0.441183 -0.0114015 -0.00794509 0.999903 31.2615 
0.999951 -0.00220707 0.00966119 0.851788 0.00213192 0.999967 0.0077862 -0.45132 -0.0096781 -0.00776518 0.999923 32.0907 
0.999961 -0.00122062 0.00874353 0.843609 0.00115589 0.999972 0.00740947 -0.46253 -0.00875237 -0.00739903 0.999934 32.9092 
0.999968 0.000764568 0.00800132 0.830806 -0.000813028 0.999981 0.00606035 -0.47209 -0.00799658 -0.00606662 0.99995 33.7181 
0.999968 0.00321307 0.00738039 0.817239 -0.00325579 0.999978 0.00579001 -0.481169 -0.00736166 -0.00581381 0.999956 34.5219 
0.999965 0.00499585 0.00665327 0.803883 -0.00503869 0.999967 0.00644489 -0.493357 -0.00662089 -0.00647815 0.999957 35.3202 
0.999956 0.00709341 0.00619618 0.78877 -0.00713627 0.999951 0.00692909 -0.503691 -0.00614676 -0.00697296 0.999957 36.0996 
0.999951 0.00819956 0.00561125 0.777589 -0.00823932 0.999941 0.00710854 -0.516068 -0.00555267 -0.00715438 0.999959 36.8682 
0.999933 0.0104122 0.00505536 0.764061 -0.010447 0.999922 0.00690572 -0.526065 -0.0049831 -0.00695803 0.999963 37.6258 
0.999908 0.0125842 0.0049788 0.750113 -0.0126202 0.999894 0.00729126 -0.537219 -0.00488656 -0.00735338 0.999961 38.3674 
0.999871 0.0151982 0.00527738 0.738765 -0.0152368 0.999857 0.00736616 -0.549329 -0.00516471 -0.00744557 0.999959 39.0947 
0.999808 0.0184352 0.00670121 0.727876 -0.018484 0.999803 0.00730656 -0.560743 -0.00656523 -0.00742898 0.999951 39.8076 
0.999748 0.0203242 0.0095151 0.71662 -0.0203822 0.999774 0.00603749 -0.570358 -0.00939029 -0.00622986 0.999937 40.5048 
0.999671 0.0219226 0.0133151 0.712741 -0.0219938 0.999744 0.00523075 -0.584554 -0.013197 -0.00552184 0.999898 41.1916 
0.999601 0.0214776 0.0183581 0.713052 -0.0215798 0.999753 0.00538772 -0.594114 -0.0182379 -0.00578169 0.999817 41.8708 
0.999459 0.0227408 0.0237432 0.717157 -0.0228807 0.999722 0.00563732 -0.604541 -0.0236084 -0.00617749 0.999702 42.5369 
0.999293 0.0228075 0.0298939 0.727349 -0.023003 0.999716 0.00621249 -0.616456 -0.0297437 -0.00689571 0.999534 43.1867 
0.999056 0.0223098 0.0372624 0.740928 -0.0225757 0.999723 0.00673017 -0.626524 -0.037102 -0.00756501 0.999283 43.817 
0.998696 0.0224501 0.0458562 0.761784 -0.0227742 0.999719 0.00655974 -0.636627 -0.0456961 -0.00759548 0.998927 44.4363 
0.998148 0.0230694 0.0562816 0.787953 -0.0234688 0.999704 0.00644653 -0.646985 -0.0561162 -0.00775542 0.998394 45.046 
0.997413 0.022539 0.0682578 0.824847 -0.023024 0.999715 0.00632809 -0.656549 -0.0680958 -0.00788325 0.997648 45.6436 
0.996504 0.0212225 0.0808095 0.869554 -0.0218096 0.999742 0.00639002 -0.66626 -0.0806531 -0.00813006 0.996709 46.2302 
0.995376 0.020628 0.0938175 0.922065 -0.0212713 0.999757 0.00586213 -0.674112 -0.0936738 -0.0078306 0.995572 46.8044 
0.993873 0.020512 0.108611 0.982442 -0.0212691 0.999757 0.00581724 -0.682355 -0.108466 -0.00809162 0.994067 47.3669 
0.991947 0.0203237 0.125011 1.05303 -0.0212719 0.999754 0.00625437 -0.692638 -0.124853 -0.00886318 0.992136 47.9156 
0.989556 0.0229038 0.142316 1.12843 -0.0239363 0.999698 0.00554729 -0.700369 -0.142146 -0.00889583 0.989806 48.4551 
0.986377 0.0213828 0.163106 1.21943 -0.0224745 0.999736 0.00485103 -0.710253 -0.162959 -0.00845063 0.986597 48.9818 
0.982209 0.0247427 0.186152 1.31836 -0.0259183 0.999657 0.00388403 -0.720851 -0.185992 -0.00863964 0.982513 49.4972 
0.977108 0.0237196 0.211418 1.43401 -0.0246115 0.999696 0.00158805 -0.732291 -0.211316 -0.00675496 0.977395 49.9962 
0.971039 0.0228506 0.237827 1.56375 -0.0232144 0.99973 -0.00127075 -0.741368 -0.237792 -0.00428703 0.971307 50.478 
0.963769 0.0217668 0.26585 1.7066 -0.0214892 0.999761 -0.00395304 -0.749581 -0.265873 -0.00190305 0.964006 50.9458 
0.95516 0.0194036 0.295455 1.86038 -0.0187997 0.999811 -0.00488478 -0.761182 -0.295494 -0.000888676 0.955344 51.3956 
0.945064 0.0214142 0.326183 2.01899 -0.0201989 0.999771 -0.00711245 -0.773654 -0.32626 0.00013322 0.94528 51.8276 
0.933613 0.0219894 0.357607 2.1908 -0.0208918 0.999758 -0.00693262 -0.784591 -0.357673 -0.000998654 0.933846 52.2451 
0.920642 0.0215031 0.389816 2.37165 -0.0209559 0.999764 -0.00565684 -0.797403 -0.389846 -0.00296098 0.920875 52.6469 
0.905574 0.0203051 0.423702 2.55994 -0.0202727 0.999784 -0.00458388 -0.815417 -0.423704 -0.00443852 0.90579 53.026 
0.888455 0.0198692 0.458534 2.75954 -0.0198562 0.999791 -0.00484954 -0.828902 -0.458534 -0.00479612 0.888664 53.3872 
0.869209 0.0195413 0.494059 2.96568 -0.0191836 0.999799 -0.00579455 -0.841811 -0.494073 -0.00444112 0.869409 53.7269 
0.848014 0.018558 0.529649 3.18603 -0.0171526 0.999824 -0.00756924 -0.852863 -0.529696 -0.00266601 0.848183 54.0488 
0.824704 0.0173434 0.565299 3.41751 -0.0148156 0.999849 -0.0090612 -0.864329 -0.565371 -0.00090241 0.824837 54.3561 
0.799315 0.0144073 0.60074 3.6628 -0.0110415 0.999896 -0.00928869 -0.874762 -0.600811 0.000791545 0.799391 54.6486 
0.771439 0.0105901 0.636215 3.92136 -0.00796186 0.999944 -0.00699031 -0.886037 -0.636253 0.00032717 0.77148 54.9268 
0.741595 0.0060313 0.670821 4.18849 -0.0052975 0.999981 -0.00313428 -0.895775 -0.670827 -0.00122929 0.741613 55.194 
0.709409 0.0023108 0.704794 4.46661 -0.00415199 0.999991 0.000900587 -0.905833 -0.704785 -0.00356516 0.709412 55.4492 
0.674299 -3.34406e-05 0.738459 4.75049 -0.00537688 0.999973 0.00495507 -0.913284 -0.738439 -0.00731178 0.674281 55.6839 
0.636775 -0.00377965 0.77104 5.04467 -0.0045004 0.999953 0.00861858 -0.926352 -0.771036 -0.00895807 0.636728 55.8983 
0.597712 -0.00740404 0.801677 5.35052 -0.00153272 0.999945 0.010378 -0.929386 -0.801709 -0.00743179 0.597668 56.0901 
0.555519 -0.00961566 0.831448 5.66504 0.00129341 0.999942 0.0107002 -0.936234 -0.831503 -0.00486873 0.555499 56.2676 
0.510729 -0.00854805 0.859699 5.99621 0.00250012 0.999961 0.00845747 -0.939474 -0.859738 -0.00217011 0.51073 56.4372 
0.463811 -0.0060296 0.885914 6.34449 0.000974962 0.99998 0.00629557 -0.941747 -0.885934 -0.00205621 0.463808 56.5997 
0.414628 -0.00328428 0.909985 6.70543 -0.00292547 0.999984 0.00494212 -0.945545 -0.909986 -0.00471127 0.414612 56.7448 
0.364542 -0.000854413 0.931186 7.08479 -0.0080776 0.999959 0.0040798 -0.950177 -0.931152 -0.009009 0.364521 56.8743 
0.314645 -0.000301535 0.949209 7.48422 -0.010075 0.999943 0.00365739 -0.9505 -0.949156 -0.0107141 0.314624 56.9847 
0.266354 -0.000477941 0.963875 7.8967 -0.00854232 0.999959 0.00285644 -0.952934 -0.963837 -0.00899455 0.266339 57.0725 
0.221083 -0.00124169 0.975254 8.32359 -0.00731062 0.999969 0.00293047 -0.956357 -0.975228 -0.00777759 0.221067 57.1471 
0.179411 -0.00338804 0.983768 8.77394 -0.00720229 0.999963 0.00475735 -0.959667 -0.983748 -0.0079389 0.17938 57.2129 
0.140756 -0.00566753 0.990028 9.24996 -0.00746817 0.999949 0.00678614 -0.960435 -0.990016 -0.00834888 0.140706 57.2641 
0.104319 -0.00746551 0.994516 9.7459 -0.00863312 0.999927 0.00841175 -0.96335 -0.994506 -0.00946328 0.104247 57.3046 
0.0715848 -0.00883076 0.997395 10.2653 -0.00776197 0.999926 0.00941029 -0.966583 -0.997404 -0.00841538 0.0715109 57.3294 
0.0422589 -0.00936657 0.999063 10.8015 -0.00752544 0.999925 0.00969301 -0.967599 -0.999078 -0.00792801 0.0421853 57.338 
0.0158609 -0.00715732 0.999849 11.3586 -0.0100942 0.999922 0.00731801 -0.965134 -0.999823 -0.0102087 0.0157874 57.3433 
-0.00666354 -0.00478923 0.999966 11.9358 -0.0141142 0.999889 0.00469486 -0.964409 -0.999878 -0.0140824 -0.0067304 57.3413 
-0.0261988 -0.00396625 0.999649 12.535 -0.0141733 0.999893 0.00359581 -0.964555 -0.999556 -0.0140741 -0.0262522 57.3245 
-0.0432004 -0.00326065 0.999061 13.1533 -0.0104731 0.999941 0.0028107 -0.965092 -0.999012 -0.0103418 -0.043232 57.2902 
-0.0589442 -0.00350481 0.998255 13.792 -0.00817644 0.999962 0.00302805 -0.966735 -0.998228 -0.00798369 -0.0589707 57.2502 
-0.0743695 -0.00461063 0.99722 14.4494 -0.00895251 0.999952 0.00395565 -0.970435 -0.997191 -0.00863344 -0.0744072 57.2076 
-0.0889248 -0.00356571 0.996032 15.1219 -0.0081188 0.999963 0.00285499 -0.974007 -0.996005 -0.00783271 -0.0889504 57.1511 
-0.101113 -0.00182237 0.994873 15.8131 -0.00658817 0.999978 0.00116218 -0.978807 -0.994853 -0.00643689 -0.101123 57.0834 
-0.110714 0.000803785 0.993852 16.5201 0.000690988 1 -0.000731742 -0.982822 -0.993852 0.000605723 -0.110715 57.002 
-0.116554 0.00353062 0.993178 17.2437 0.00837531 0.999962 -0.00257181 -0.989973 -0.993149 0.00801842 -0.116579 56.9152 
-0.118764 0.00352001 0.992916 17.9888 0.0130839 0.999912 -0.00197978 -0.99931 -0.992836 0.0127561 -0.1188 56.8283 
-0.118548 0.00197731 0.992946 18.7497 0.0140409 0.999901 -0.000314777 -1.00687 -0.992849 0.0139046 -0.118564 56.7474 
-0.115752 0.0011313 0.993278 19.5242 0.0171824 0.999852 0.000863606 -1.01305 -0.99313 0.0171669 -0.115754 56.6673 
-0.111115 6.91469e-05 0.993808 20.3124 0.0190294 0.999817 0.0020581 -1.02387 -0.993625 0.0191402 -0.111096 56.5889 
-0.106777 0.000978794 0.994283 21.1106 0.0176492 0.999844 0.000911136 -1.032 -0.994126 0.0176456 -0.106777 56.5226 
-0.102593 0.00198925 0.994721 21.9175 0.0172191 0.999852 -0.00022354 -1.04 -0.994574 0.0171052 -0.102612 56.4591 
-0.098195 0.00133973 0.995166 22.7251 0.0219441 0.999759 0.000819392 -1.04945 -0.994925 0.0219185 -0.0982007 56.3911 
-0.0945554 -0.0007507 0.995519 23.5363 0.0273469 0.99962 0.00335127 -1.06085 -0.995144 0.0275412 -0.094499 56.3233 
-0.0908039 -0.00410791 0.99586 24.3492 0.029959 0.999528 0.00685478 -1.06948 -0.995418 0.0304574 -0.0906379 56.26 
-0.0860923 -0.00772421 0.996257 25.1614 0.0328925 0.999403 0.0105911 -1.07818 -0.995744 0.0336812 -0.0857869 56.1993 
-0.0806136 -0.0106442 0.996689 25.9721 0.0336131 0.999345 0.0133913 -1.08653 -0.996179 0.0345813 -0.080203 56.1477 
-0.0765476 -0.0120287 0.996993 26.7842 0.0314248 0.999401 0.0144706 -1.09011 -0.996571 0.032438 -0.0761238 56.107 
-0.0727776 -0.0135355 0.997256 27.5938 0.0246127 0.999579 0.0153633 -1.09167 -0.997044 0.0256633 -0.0724139 56.0756 
-0.0685343 -0.0169315 0.997505 28.4078 0.0185945 0.999661 0.0182457 -1.09136 -0.997476 0.0197986 -0.0681962 56.0477 
-0.0642018 -0.0184571 0.997766 29.2217 0.015781 0.999685 0.0195081 -1.09323 -0.997812 0.0169982 -0.0638903 56.0189 
-0.0600786 -0.0146002 0.998087 30.0315 0.0162886 0.999746 0.0156049 -1.09862 -0.998061 0.017195 -0.0598255 55.9868 
-0.0567331 -0.00682474 0.998366 30.8425 0.0172925 0.99982 0.00781738 -1.10101 -0.99824 0.0177077 -0.0566049 55.9555 
-0.0538482 -0.00086482 0.998549 31.659 0.0155764 0.999877 0.00170599 -1.10363 -0.998428 0.0156457 -0.0538281 55.9272 
-0.0520298 -0.00152167 0.998644 32.4817 0.0148655 0.999887 0.0022981 -1.11052 -0.998535 0.0149649 -0.0520013 55.8999 
-0.0505595 -0.00533401 0.998707 33.3122 0.0178076 0.999822 0.00624152 -1.12071 -0.998562 0.0181001 -0.0504555 55.8672 
-0.0495123 -0.00564733 0.998758 34.1451 0.0189449 0.999799 0.00659243 -1.13346 -0.998594 0.0192478 -0.0493954 55.8389 
-0.0495771 -0.00320092 0.998765 34.9728 0.0165945 0.999854 0.00402817 -1.14316 -0.998632 0.0167737 -0.0495167 55.8169 
-0.0495293 -0.00184962 0.998771 35.81 0.00981195 0.999949 0.00233842 -1.15072 -0.998725 0.00991571 -0.0495086 55.7987 
-0.0505372 -0.00275541 0.998718 36.6541 0.0079818 0.999963 0.00316278 -1.15728 -0.99869 0.00813141 -0.0505134 55.7744 
-0.0518355 -0.00361078 0.998649 37.5044 0.00840219 0.999957 0.00405166 -1.16752 -0.99862 0.00860085 -0.0518029 55.7459 
-0.053347 0.000226569 0.998576 38.361 0.00797097 0.999968 0.00019899 -1.17842 -0.998544 0.00797023 -0.0533471 55.715 
-0.0546901 0.00436461 0.998494 39.2241 0.00856766 0.999956 -0.00390169 -1.18691 -0.998467 0.00834137 -0.0547251 55.6833 
-0.0553075 0.00717258 0.998444 40.0961 0.00980225 0.99993 -0.00664023 -1.19909 -0.998421 0.00941974 -0.055374 55.6478 
-0.0564145 0.00816729 0.998374 40.977 0.0124887 0.999894 -0.00747399 -1.2177 -0.998329 0.0120468 -0.0565105 55.6107 
-0.0571975 0.0095513 0.998317 41.8718 0.0129068 0.999878 -0.00882672 -1.23521 -0.998279 0.0123802 -0.0573137 55.5727 
-0.058412 0.00939148 0.998248 42.7754 0.0115169 0.999896 -0.00873302 -1.24765 -0.998226 0.0109866 -0.0585141 55.5354 
-0.0597868 0.00469624 0.9982 43.6952 0.00972174 0.999944 -0.00412212 -1.265 -0.998164 0.00945779 -0.0598291 55.5025 
-0.0612908 0.00321595 0.998115 44.6243 0.00952405 0.999951 -0.00263698 -1.28244 -0.998075 0.00934447 -0.0613185 55.4643 
-0.0626742 0.00643256 0.998013 45.5544 0.0102237 0.999931 -0.00580284 -1.30164 -0.997982 0.00983966 -0.0627356 55.4246 
-0.0632364 0.0102794 0.997946 46.496 0.0113377 0.99989 -0.009581 -1.31401 -0.997934 0.0107086 -0.0633459 55.3788 
-0.0630944 0.0116239 0.99794 47.441 0.0143003 0.99984 -0.0107419 -1.33333 -0.997905 0.0135931 -0.0632505 55.3329 
-0.0629881 0.0082807 0.99798 48.404 0.0187707 0.999799 -0.00711103 -1.35175 -0.997838 0.0182848 -0.0631308 55.2802 
-0.0631953 0.00255954 0.997998 49.384 0.0206031 0.999787 -0.00125946 -1.36583 -0.997789 0.0204823 -0.0632346 55.2272 
-0.0624513 -0.00035123 0.998048 50.3688 0.0219385 0.999758 0.00172464 -1.3815 -0.997807 0.0220033 -0.0624285 55.1801 
-0.0607506 0.00124931 0.998152 51.3605 0.0211883 0.999776 3.82828e-05 -1.39255 -0.997928 0.0211515 -0.0607634 55.1382 
-0.0598489 0.00412296 0.998199 52.3597 0.0209438 0.999777 -0.00287371 -1.406 -0.997988 0.0207341 -0.0599218 55.0959 
-0.0596193 0.00592798 0.998204 53.365 0.0154687 0.999868 -0.00501393 -1.42755 -0.998101 0.015142 -0.0597031 55.0627 
-0.0602054 0.00588396 0.998169 54.3794 0.0126549 0.999907 -0.00513087 -1.44218 -0.998106 0.0123229 -0.0602743 55.0284 
-0.0607348 0.00113829 0.998153 55.4088 0.0127634 0.999919 -0.000363644 -1.45642 -0.998072 0.0127177 -0.0607444 54.986 
-0.0613691 -0.00479508 0.998104 56.4497 0.010842 0.999926 0.00547051 -1.47102 -0.998056 0.0111572 -0.0613126 54.9421 
-0.0619998 -0.00413398 0.998068 57.4875 0.0128054 0.999906 0.0049371 -1.48003 -0.997994 0.0130867 -0.061941 54.8928 
-0.0621056 -0.000754288 0.998069 58.5202 0.0161053 0.999869 0.00175785 -1.48925 -0.99794 0.0161834 -0.0620853 54.8391 
-0.0631106 0.0020852 0.998004 59.5662 0.0183241 0.999832 -0.000930222 -1.50385 -0.997838 0.0182288 -0.0631382 54.7849 
-0.0653043 -0.000967593 0.997865 60.6251 0.0185881 0.999825 0.00218601 -1.51746 -0.997692 0.0186911 -0.0652749 54.7322 
-0.0679932 -0.00612542 0.997667 61.6982 0.0201283 0.999769 0.00751016 -1.53018 -0.997483 0.020592 -0.0678543 54.6776 
-0.0709432 -0.00907399 0.997439 62.7672 0.0216221 0.99971 0.0106326 -1.54 -0.997246 0.0223211 -0.0707264 54.6139 
-0.0745685 -0.00809976 0.997183 63.8415 0.0258542 0.999615 0.0100529 -1.54314 -0.996881 0.0265309 -0.0743304 54.5462 
-0.0782195 -0.00906988 0.996895 64.9179 0.0288237 0.99952 0.0113554 -1.54984 -0.996519 0.0296225 -0.0779205 54.4801 
-0.0818771 -0.011172 0.99658 65.9883 0.0327938 0.999366 0.0138976 -1.55824 -0.996103 0.0338196 -0.0814588 54.4068 
-0.0847555 -0.0106889 0.996344 67.0573 0.0365975 0.999234 0.0138332 -1.56205 -0.995729 0.0376361 -0.0842994 54.3318 
-0.0869549 -0.00708606 0.996187 68.1213 0.0406233 0.999118 0.0106529 -1.56858 -0.995384 0.0413948 -0.0865903 54.2503 
-0.0887487 -0.00258322 0.996051 69.1884 0.0428698 0.99906 0.00641079 -1.57829 -0.995131 0.0432694 -0.0885546 54.17 
-0.0899156 0.000303837 0.995949 70.2625 0.0466941 0.998902 0.00391091 -1.58659 -0.994854 0.0468566 -0.089831 54.0884 
-0.0893694 -0.000423104 0.995999 71.341 0.045618 0.998949 0.00451763 -1.60144 -0.994953 0.0458392 -0.0892561 54.0153 
-0.0865183 -0.00277253 0.996246 72.412 0.0466632 0.998887 0.00683235 -1.61315 -0.995157 0.0470792 -0.0862927 53.9411 
-0.0818756 -0.00607237 0.996624 73.4857 0.0501067 0.998692 0.0102014 -1.62233 -0.995382 0.0507728 -0.0814643 53.8661 
-0.0764864 -0.00902482 0.99703 74.5581 0.050345 0.998649 0.0129017 -1.62769 -0.995799 0.0511823 -0.0759287 53.8 
-0.0713824 -0.0122053 0.997374 75.635 0.0519618 0.998522 0.0159383 -1.63123 -0.996095 0.0529631 -0.0706427 53.7394 
-0.0665575 -0.0135249 0.997691 76.7162 0.0533065 0.998432 0.0170911 -1.63787 -0.996358 0.0543209 -0.0657322 53.6871 
-0.0626157 -0.00942777 0.997993 77.7941 0.0536785 0.998476 0.0128003 -1.64238 -0.996593 0.0543723 -0.0620142 53.6365 
-0.0604002 -0.00470739 0.998163 78.8653 0.0531447 0.998555 0.00792514 -1.64657 -0.996759 0.0535257 -0.0600628 53.5908 
-0.0589189 -0.00487055 0.998251 79.942 0.0534352 0.998539 0.00802585 -1.65299 -0.996832 0.0538146 -0.0585725 53.5445 
-0.0573146 -0.0068956 0.998332 81.0234 0.0541993 0.99848 0.0100083 -1.66387 -0.996884 0.0546825 -0.0568537 53.4991 
-0.0554694 -0.00393742 0.998453 82.1018 0.0545595 0.998486 0.00696866 -1.67367 -0.996969 0.0548617 -0.0551706 53.4568 
-0.0531446 0.00197025 0.998585 83.1713 0.0546732 0.998504 0.00093965 -1.68631 -0.997089 0.0546458 -0.0531728 53.415 
-0.0511178 0.0051531 0.998679 84.2406 0.0535623 0.998562 -0.00241085 -1.70355 -0.997255 0.0533683 -0.0513203 53.3798 
-0.0487258 0.00439562 0.998803 85.3214 0.0541362 0.998532 -0.0017534 -1.72394 -0.997344 0.0539859 -0.0488923 53.3448 
-0.0449852 0.00124621 0.998987 86.4096 0.0522397 0.998634 0.00110666 -1.74456 -0.997621 0.0522365 -0.0449889 53.315 
-0.0405718 -0.00296254 0.999172 87.5003 0.0521552 0.998626 0.00507875 -1.75886 -0.997815 0.0523181 -0.0403616 53.2889 
-0.0356922 -0.00531111 0.999349 88.5866 0.050642 0.998692 0.00711636 -1.77182 -0.998079 0.050863 -0.0353765 53.2657 
-0.0322647 -0.00129988 0.999479 89.678 0.0466456 0.998908 0.00280497 -1.78942 -0.99839 0.0467117 -0.0321689 53.256 
-0.030462 0.0080035 0.999504 90.7572 0.0433883 0.999036 -0.00667736 -1.81222 -0.998594 0.0431634 -0.0307799 53.2492 
-0.0294907 0.0160314 0.999437 91.8429 0.0376897 0.999178 -0.0149151 -1.83602 -0.998854 0.0372287 -0.0300707 53.2441 
-0.0288852 0.0156173 0.999461 92.9334 0.0371789 0.999203 -0.0145388 -1.86493 -0.998891 0.0367389 -0.0294428 53.2319 
-0.0281798 0.00947359 0.999558 94.0409 0.0371158 0.999276 -0.0084245 -1.89538 -0.998914 0.036862 -0.028511 53.2237 
-0.0293672 0.00340111 0.999563 95.1417 0.0388327 0.999243 -0.00225907 -1.91718 -0.998814 0.0387494 -0.029477 53.2037 
-0.0313982 -0.0025549 0.999504 96.2425 0.0371707 0.999302 0.0037221 -1.93655 -0.998816 0.0372691 -0.0312813 53.1877 
-0.0331779 -0.0073222 0.999423 97.3376 0.0367901 0.999287 0.00854257 -1.95193 -0.998772 0.0370523 -0.0328849 53.1644 
-0.0351288 -0.00678949 0.99936 98.4278 0.0372515 0.999273 0.00809838 -1.9667 -0.998688 0.0375122 -0.0348503 53.1402 
-0.0368287 -0.00652323 0.9993 99.511 0.0367649 0.999293 0.00787817 -1.97616 -0.998645 0.0370293 -0.0365628 53.1149 
-0.0385201 -0.00786714 0.999227 100.59 0.0382289 0.999225 0.00934089 -1.98969 -0.998526 0.0385591 -0.0381895 53.0899 
-0.0393182 -0.00633027 0.999207 101.672 0.0390773 0.999205 0.00786796 -2.00592 -0.998462 0.0393556 -0.0390396 53.0622 
-0.0396866 0.00196079 0.99921 102.743 0.0397713 0.999209 -0.000381112 -2.0235 -0.99842 0.0397248 -0.0397332 53.0346 
-0.0399818 0.00987934 0.999152 103.807 0.0369717 0.999281 -0.00840113 -2.04279 -0.998516 0.0366044 -0.0403183 53.01 
-0.0409682 0.0101256 0.999109 104.872 0.0344839 0.999367 -0.00871414 -2.06845 -0.998565 0.0340962 -0.0412915 52.9858 
-0.0431354 0.00420464 0.99906 105.952 0.0301077 0.999542 -0.0029067 -2.09602 -0.998616 0.029954 -0.0432423 52.9643 
-0.0458896 -0.0033917 0.998941 107.021 0.0239752 0.999702 0.00449571 -2.11459 -0.998659 0.0241562 -0.0457946 52.9438 
-0.0476707 -0.0115584 0.998796 108.083 0.0227125 0.999662 0.0126525 -2.12568 -0.998605 0.0232884 -0.0473921 52.9146 
-0.0491769 -0.0181105 0.998626 109.149 0.0259188 0.999476 0.0194024 -2.13372 -0.998454 0.0268373 -0.0486817 52.8725 
-0.0510998 -0.0184302 0.998524 110.19 0.0248422 0.999497 0.0197195 -2.13715 -0.998385 0.0258132 -0.0506162 52.8392 
-0.0516958 -0.0108995 0.998603 111.222 0.0286095 0.999514 0.0123905 -2.14488 -0.998253 0.0292101 -0.0513588 52.7984 
-0.0522252 0.00358352 0.998629 112.249 0.0373253 0.999302 -0.0016339 -2.15876 -0.997938 0.0371888 -0.0523225 52.7482 
-0.0534086 0.0146783 0.998465 113.271 0.0422949 0.999028 -0.0124242 -2.17713 -0.997677 0.0415664 -0.0539775 52.7081 
-0.0536768 0.0115469 0.998492 114.304 0.0426824 0.999046 -0.00925875 -2.20074 -0.997646 0.042121 -0.0541184 52.6686 
-0.0534355 0.000875014 0.998571 115.348 0.045261 0.998974 0.00154668 -2.22384 -0.997545 0.045279 -0.0534203 52.6268 
-0.0527481 -0.00906126 0.998567 116.383 0.045255 0.99891 0.0114549 -2.23834 -0.997582 0.0457943 -0.0522806 52.5861 
-0.0525651 -0.0144175 0.998513 117.407 0.043899 0.998896 0.016734 -2.2457 -0.997652 0.0447133 -0.0518742 52.5527 
-0.0524795 -0.0198123 0.998425 118.425 0.0413888 0.998901 0.0219973 -2.24672 -0.997764 0.042478 -0.0516018 52.5201 
-0.0518856 -0.0231144 0.998386 119.445 0.0387282 0.998934 0.0251398 -2.24723 -0.997902 0.0399701 -0.050935 52.4843 
-0.0515885 -0.0210751 0.998446 120.447 0.0375871 0.999028 0.0230295 -2.24827 -0.997961 0.0387168 -0.0507462 52.4473 
-0.0507351 -0.0140751 0.998613 121.443 0.0351117 0.999257 0.0158681 -2.24645 -0.998095 0.0358681 -0.0502032 52.4124 
-0.0502066 -0.00797645 0.998707 122.437 0.0351017 0.999336 0.00974613 -2.24913 -0.998122 0.0355456 -0.0498933 52.3743 
-0.0497048 -0.00286876 0.99876 123.419 0.0356687 0.999353 0.00464561 -2.25931 -0.998127 0.0358553 -0.0495704 52.3376 
-0.0493592 0.00188227 0.998779 124.396 0.0371441 0.99931 -4.75801e-05 -2.27254 -0.99809 0.0370964 -0.0493951 52.3003 
-0.0489873 0.00619301 0.99878 125.366 0.0376527 0.999281 -0.00434932 -2.29226 -0.998089 0.0373937 -0.0491853 52.271 
-0.0488117 0.00533377 0.998794 126.33 0.0392036 0.999225 -0.00342013 -2.31078 -0.998038 0.0389894 -0.048983 52.2364 
-0.0485928 -0.000915442 0.998818 127.289 0.0378604 0.999279 0.00275783 -2.32998 -0.998101 0.0379497 -0.0485231 52.2045 
-0.0491026 -0.0109318 0.998734 128.245 0.0360118 0.999271 0.0127083 -2.34586 -0.998144 0.0365902 -0.0486731 52.1774 
-0.0499506 -0.0188756 0.998573 129.187 0.0307744 0.999318 0.0204291 -2.356 -0.998277 0.0317509 -0.0493356 52.1524 
-0.0521495 -0.021845 0.9984 130.111 0.0262255 0.999386 0.0232364 -2.35982 -0.998295 0.0273953 -0.0515446 52.1269 
-0.0539544 -0.0194705 0.998354 131.01 0.0213509 0.999559 0.020648 -2.36493 -0.998315 0.0224298 -0.0535149 52.1013 
-0.0550413 -0.0122346 0.998409 131.891 0.0182971 0.999745 0.0132597 -2.36987 -0.998316 0.0189978 -0.0548034 52.0733 
-0.0555467 -0.00527339 0.998442 132.753 0.0205123 0.999769 0.00642161 -2.37854 -0.998245 0.0208371 -0.0554257 52.0393 
-0.0544556 0.000666544 0.998516 133.596 0.0244134 0.999702 0.000664125 -2.39254 -0.998218 0.0244133 -0.0544556 52.0032 
-0.051423 0.00289312 0.998673 134.42 0.0281813 0.999602 -0.00144468 -2.41105 -0.998279 0.0280696 -0.051484 51.9701 
-0.0469174 0.00244938 0.998896 135.231 0.0323383 0.999477 -0.000931856 -2.42687 -0.998375 0.0322589 -0.0469721 51.9433 
-0.0419081 -0.00233795 0.999119 136.026 0.0352841 0.99937 0.00381857 -2.44066 -0.998498 0.035413 -0.0417992 51.9203 
-0.0377656 -0.00659484 0.999265 136.794 0.0366737 0.999295 0.0079811 -2.45898 -0.998613 0.0369481 -0.0374972 51.9037 
-0.0335771 -0.00654274 0.999415 137.531 0.0375043 0.999266 0.00780183 -2.47754 -0.998732 0.0377443 -0.033307 51.8923 
-0.0290688 -0.00208152 0.999575 138.235 0.0389668 0.999235 0.00321405 -2.49458 -0.998818 0.0390436 -0.0289654 51.8837 
-0.0246359 0.0018939 0.999695 138.913 0.0392308 0.99923 -0.000926193 -2.50615 -0.998926 0.039196 -0.0246912 51.8794 
-0.02011 0.00251843 0.999795 139.566 0.0404883 0.999179 -0.00170245 -2.5198 -0.998978 0.0404458 -0.0201955 51.8777 
-0.0157055 0.00220868 0.999874 140.19 0.0378779 0.999281 -0.00161236 -2.5378 -0.999159 0.0378478 -0.0157779 51.8817 
-0.0118604 0.00124132 0.999929 140.783 0.0330224 0.999454 -0.000849002 -2.55638 -0.999384 0.03301 -0.0118949 51.894 
-0.00823911 0.00157997 0.999965 141.349 0.0282931 0.999599 -0.00134623 -2.57385 -0.999566 0.028281 -0.0082805 51.9084 
-0.00524442 0.00493403 0.999974 141.898 0.0265912 0.999635 -0.00479285 -2.58491 -0.999633 0.0265654 -0.0053737 51.9174 
-0.00424256 0.00904157 0.99995 142.432 0.0255929 0.999633 -0.00893008 -2.59864 -0.999663 0.0255537 -0.0044724 51.9257 
-0.00459078 0.0101648 0.999938 142.963 0.0223684 0.999699 -0.0100596 -2.61347 -0.999739 0.0223208 -0.00481677 51.9348 
-0.00620043 0.00842882 0.999945 143.495 0.0163639 0.999831 -0.00832635 -2.6271 -0.999847 0.0163113 -0.00633732 51.947 
-0.00835065 0.00415227 0.999957 144.026 0.0109135 0.999932 -0.00406099 -2.63916 -0.999906 0.0108791 -0.00839539 51.9583 
-0.0104723 -0.000986512 0.999945 144.557 0.00992884 0.99995 0.00109054 -2.6489 -0.999896 0.00993972 -0.010462 51.9604 
-0.0125162 -0.00406265 0.999913 145.079 0.013545 0.999899 0.00423218 -2.66187 -0.99983 0.0135968 -0.0124599 51.9521 
-0.0148979 -0.00209694 0.999887 145.588 0.0157196 0.999874 0.00233117 -2.67676 -0.999765 0.0157525 -0.0148631 51.9462 
-0.0178746 0.00132565 0.999839 146.092 0.0151172 0.999885 -0.00105541 -2.68647 -0.999726 0.0150959 -0.0178926 51.9448 
-0.020429 0.00298011 0.999787 146.594 0.0115882 0.999929 -0.00274371 -2.69522 -0.999724 0.0115297 -0.0204621 51.9472 
-0.0227737 0.0046805 0.99973 147.094 0.0104365 0.999936 -0.00444368 -2.70127 -0.999686 0.0103325 -0.022821 51.9458 
-0.0246695 0.00613691 0.999677 147.592 0.012034 0.999911 -0.00584134 -2.70774 -0.999623 0.011886 -0.0247412 51.9379 
-0.0275927 0.00358038 0.999613 148.091 0.0123951 0.999918 -0.00323928 -2.71783 -0.999542 0.0123009 -0.0276349 51.9303 
-0.0301835 -0.00158713 0.999543 148.591 0.0117659 0.999929 0.00194308 -2.72873 -0.999475 0.0118191 -0.0301627 51.9234 
-0.0327753 -0.0046888 0.999452 149.082 0.0109416 0.999927 0.00504988 -2.73322 -0.999403 0.0111011 -0.0327216 51.9178 
-0.0354857 -0.00582072 0.999353 149.576 0.00861184 0.999944 0.00613 -2.74021 -0.999333 0.0088238 -0.0354336 51.9111 
-0.0375509 -0.00731678 0.999268 150.068 0.0072408 0.999945 0.00759387 -2.74845 -0.999269 0.00752066 -0.0374958 51.9029 
-0.0388549 -0.00889095 0.999205 150.558 0.00650471 0.999937 0.00915045 -2.7564 -0.999224 0.00685508 -0.0387947 51.8954 
-0.0398253 -0.00893495 0.999167 151.044 0.00607012 0.999939 0.00918384 -2.76012 -0.999188 0.00643081 -0.0397686 51.8875 
-0.0389869 -0.00717222 0.999214 151.522 0.00888895 0.999932 0.00752424 -2.76166 -0.9992 0.00917531 -0.0389205 51.8774 
-0.0340476 -0.00440315 0.999411 151.996 0.0111915 0.999926 0.00478673 -2.766 -0.999358 0.0113479 -0.0339958 51.8674 
-0.026777 -0.00266314 0.999638 152.461 0.0115326 0.999929 0.00297287 -2.7742 -0.999575 0.011608 -0.0267444 51.8684 
-0.0166986 -0.00283992 0.999857 152.93 0.0095724 0.99995 0.0030001 -2.78025 -0.999815 0.00962112 -0.0166705 51.8797 
-0.00122531 -0.00369763 0.999992 153.388 0.0113232 0.999929 0.00371132 -2.78262 -0.999935 0.0113277 -0.00118335 51.8958 
0.0211592 -0.00350849 0.99977 153.839 0.0172965 0.999846 0.00314273 -2.78465 -0.999627 0.0172261 0.0212166 51.9159 
0.050976 -0.00301558 0.998695 154.28 0.0242005 0.999706 0.00178342 -2.78778 -0.998407 0.024078 0.051034 51.9514 
0.0871851 -0.00350099 0.996186 154.717 0.025762 0.999667 0.0012586 -2.791 -0.995859 0.025554 0.0872462 52.0153 
0.127876 -0.00383247 0.991783 155.145 0.0227333 0.999741 0.000932136 -2.80437 -0.99153 0.0224273 0.12793 52.1076 
0.169605 -0.000664567 0.985512 155.562 0.0183109 0.999829 -0.002477 -2.81315 -0.985342 0.0184657 0.169588 52.2226 
0.211185 0.00374925 0.977439 155.97 0.0180237 0.999808 -0.00772921 -2.82154 -0.97728 0.0192494 0.211077 52.3478 
0.253373 0.00813725 0.967335 156.369 0.0190726 0.999728 -0.0134054 -2.82501 -0.967181 0.0218462 0.253149 52.4844 
0.295858 0.0103754 0.955176 156.76 0.020244 0.999648 -0.0171288 -2.83338 -0.955017 0.0244042 0.295544 52.6361 
0.337062 0.0125819 0.941398 157.139 0.0167181 0.999673 -0.0193465 -2.84012 -0.941334 0.0222594 0.336741 52.8143 
0.377254 0.0164596 0.925963 157.5 0.00899992 0.99973 -0.0214375 -2.85051 -0.926066 0.016421 0.377004 53.0121 
0.416952 0.0216279 0.908671 157.851 0.000554772 0.999711 -0.0240493 -2.8616 -0.908928 0.0105315 0.41682 53.2254 
0.456001 0.0275678 0.889552 158.198 -0.00397526 0.999573 -0.0289396 -2.87465 -0.889971 0.00966028 0.455916 53.4521 
0.494143 0.0311235 0.868823 158.549 -0.00514349 0.999446 -0.0328773 -2.89078 -0.869366 0.0117773 0.494029 53.6923 
0.531526 0.0303152 0.846499 158.885 -0.00360519 0.999431 -0.0335283 -2.9051 -0.847034 0.0147694 0.531333 53.9397 
0.56716 0.0288875 0.823101 159.229 -0.00519892 0.99949 -0.0314956 -2.91831 -0.823591 0.0135838 0.567021 54.2214 
0.600393 0.0297198 0.799153 159.558 -0.00967484 0.999506 -0.0299022 -2.93577 -0.799646 0.0102214 0.600384 54.5235 
0.631882 0.0338646 0.774325 159.881 -0.0168453 0.999409 -0.029962 -2.95531 -0.774882 0.00588877 0.632079 54.8486 
0.6616 0.0373467 0.748927 160.201 -0.0221834 0.999297 -0.030235 -2.97471 -0.749529 0.00338972 0.661963 55.1887 
0.689156 0.0383586 0.723597 160.52 -0.0222487 0.999247 -0.0317813 -2.99113 -0.724272 0.00580315 0.68949 55.5406 
0.714077 0.0363318 0.699124 160.84 -0.0174423 0.999266 -0.0341141 -3.00604 -0.69985 0.0121657 0.714186 55.9024 
0.736377 0.0376329 0.675524 161.157 -0.0187092 0.999203 -0.0352701 -3.01986 -0.676313 0.0133336 0.736494 56.2904 
0.755811 0.0417081 0.653461 161.461 -0.0254735 0.999087 -0.0343047 -3.0391 -0.654295 0.00928198 0.756183 56.7051 
0.77207 0.0443267 0.63399 161.771 -0.0330499 0.999015 -0.0296002 -3.06202 -0.634677 0.00190016 0.772775 57.1416 
0.785083 0.04242 0.617937 162.092 -0.0340507 0.999099 -0.0253248 -3.08054 -0.618455 -0.00115907 0.78582 57.5863 
0.795795 0.0371833 0.604424 162.416 -0.0298785 0.999308 -0.0221374 -3.09687 -0.604829 -0.000442461 0.796355 58.0361 
0.804934 0.0294536 0.592633 162.749 -0.0234767 0.999566 -0.0177911 -3.11564 -0.592899 0.000407666 0.805276 58.4995 
0.812204 0.0226053 0.582936 163.082 -0.0185094 0.999744 -0.0129793 -3.1351 -0.58308 -0.000247894 0.812414 58.9796 
0.818767 0.0191345 0.573807 163.415 -0.0165817 0.999816 -0.00967994 -3.15133 -0.573886 -0.00158904 0.818934 59.4788 
0.825728 0.0161394 0.563837 163.75 -0.0141824 0.999869 -0.00785048 -3.16234 -0.56389 -0.00151416 0.825849 59.9942 
0.832904 0.0117628 0.553292 164.092 -0.00876507 0.999929 -0.00806349 -3.17215 -0.553347 0.0018665 0.832949 60.5289 
0.839356 0.0121742 0.543446 164.43 -0.00697511 0.999908 -0.0116266 -3.18761 -0.543538 0.00596829 0.839364 61.0745 
0.844938 0.0161867 0.534619 164.763 -0.00847811 0.999822 -0.0168723 -3.20413 -0.534797 0.00972355 0.844925 61.6381 
0.849069 0.0214975 0.527844 165.099 -0.0117044 0.999692 -0.0218871 -3.21957 -0.528152 0.0124056 0.84906 62.2248 
0.851185 0.0259903 0.524221 165.444 -0.0146356 0.99956 -0.025793 -3.23796 -0.524661 0.0142824 0.851191 62.8209 
0.851037 0.0309407 0.524194 165.796 -0.0200301 0.999449 -0.0264736 -3.26225 -0.524724 0.0120304 0.851187 63.4411 
0.849261 0.0312697 0.527047 166.162 -0.0227443 0.999485 -0.0226501 -3.28929 -0.527484 0.00724859 0.849534 64.0683 
0.846792 0.0327172 0.530918 166.538 -0.0251391 0.999453 -0.0214942 -3.31447 -0.531331 0.0048543 0.847151 64.7 
0.843987 0.0342569 0.535268 166.927 -0.0274473 0.999409 -0.020684 -3.33792 -0.535661 0.0027654 0.844429 65.3511 
0.840981 0.0343304 0.539974 167.327 -0.0286631 0.99941 -0.018899 -3.36013 -0.540304 0.000416399 0.84147 66.0096 
0.837805 0.0320514 0.545028 167.745 -0.0260263 0.999485 -0.0187694 -3.37884 -0.545349 0.00154012 0.838208 66.6711 
0.834546 0.0289841 0.550175 168.176 -0.0240333 0.99958 -0.0162038 -3.40322 -0.550414 0.000300363 0.834892 67.3412 
0.830761 0.0296189 0.555841 168.612 -0.0252318 0.999561 -0.0155516 -3.4257 -0.556058 -0.00110515 0.831143 68.0193 
0.827358 0.0318327 0.560772 169.057 -0.0266691 0.999493 -0.0173897 -3.44744 -0.561042 -0.000567774 0.827787 68.7042 
0.824438 0.0324325 0.565022 169.514 -0.0251957 0.99947 -0.0206062 -3.4744 -0.565391 0.00275244 0.824818 69.3914 
0.821706 0.0344451 0.56887 169.982 -0.0253231 0.999393 -0.0239352 -3.50135 -0.569349 0.0052622 0.822079 70.0867 
0.818895 0.0338492 0.572944 170.457 -0.0247729 0.999414 -0.0236373 -3.52655 -0.573408 0.00516301 0.819253 70.7956 
0.816483 0.0307646 0.576549 170.945 -0.025828 0.999526 -0.016758 -3.55359 -0.576791 -0.00120844 0.816891 71.5186 
0.814096 0.0272606 0.58009 171.437 -0.0257279 0.99961 -0.0108688 -3.58208 -0.58016 -0.00607623 0.81448 72.2407 
0.812239 0.0257799 0.582755 171.93 -0.0215553 0.999667 -0.0141795 -3.61351 -0.582927 -0.00104433 0.812524 72.9457 
0.810881 0.0308838 0.584396 172.418 -0.0200512 0.999486 -0.0249981 -3.64267 -0.584868 0.00855268 0.811084 73.6445 
0.809472 0.0333479 0.586211 172.911 -0.0180497 0.999327 -0.0319249 -3.67508 -0.586881 0.0152614 0.809529 74.3442 
0.80871 0.0296297 0.587461 173.411 -0.0137328 0.999409 -0.0315022 -3.71362 -0.588047 0.0174087 0.808639 75.0473 
0.808066 0.0239369 0.588606 173.915 -0.0111704 0.999617 -0.0253163 -3.7542 -0.588987 0.0138823 0.808024 75.7578 
0.807519 0.0199718 0.589503 174.413 -0.00841664 0.999715 -0.02234 -3.792 -0.589781 0.0130784 0.807457 76.4677 
0.807826 0.0153377 0.589221 174.911 -0.00414016 0.999784 -0.0203486 -3.82485 -0.589406 0.0139987 0.807716 77.1641 
0.808148 0.0107901 0.58888 175.409 0.00134202 0.999796 -0.0201609 -3.85885 -0.588978 0.0170833 0.807969 77.8603 
0.808858 0.00896157 0.587935 175.899 0.00383546 0.999782 -0.0205157 -3.8961 -0.587991 0.0188493 0.808648 78.5535 
0.809611 0.0111485 0.586861 176.383 0.00446886 0.999674 -0.0251556 -3.93101 -0.58695 0.0229888 0.809297 79.2405 
0.810164 0.0108953 0.586103 176.864 0.00764719 0.999546 -0.0291515 -3.96831 -0.586154 0.0280996 0.809712 79.9247 
0.810474 0.00785363 0.585722 177.347 0.0101953 0.99957 -0.02751 -4.00246 -0.585686 0.0282678 0.810045 80.6097 
0.81016 0.00651438 0.586173 177.821 0.00749792 0.999741 -0.0214735 -4.03866 -0.586161 0.021792 0.809901 81.3004 
0.809591 0.000650093 0.586994 178.295 0.00820344 0.999889 -0.0124216 -4.07255 -0.586937 0.0148718 0.809496 81.9845 
0.809311 -0.00436701 0.587364 178.771 0.0108173 0.999914 -0.00747047 -4.098 -0.58728 0.0123997 0.809289 82.655 
0.808593 -0.0072085 0.588325 179.236 0.0135955 0.999887 -0.00643436 -4.12188 -0.588212 0.0132014 0.808599 83.3089 
0.807726 -0.00345696 0.589548 179.685 0.0112321 0.999892 -0.00952567 -4.14935 -0.589451 0.014316 0.807677 83.9482 
0.806684 0.00410521 0.590968 180.121 0.00834464 0.999797 -0.0183357 -4.17787 -0.590924 0.0197226 0.806486 84.5685 
0.805199 0.00834126 0.592946 180.551 0.00860617 0.999631 -0.0257491 -4.20901 -0.592942 0.0258362 0.804831 85.1797 
