1 2.12261e-08 -2.11895e-08 0 2.12261e-08 1 2.10703e-08 0 -2.11895e-08 2.10703e-08 1 0 
0.999933 -0.00288362 0.0112449 0.012723 0.00287037 0.999995 0.00119882 -0.00674598 -0.0112483 -0.00116642 0.999936 0.290673 
0.99983 -0.00488462 0.0177914 0.0242137 0.00486173 0.999987 0.001332 -0.0109854 -0.0177977 -0.00124523 0.999841 0.58636 
0.999779 -0.00781465 0.0195376 0.0331448 0.00781514 0.99997 5.35165e-05 -0.0149148 -0.0195375 9.92263e-05 0.999809 0.888347 
0.999814 -0.009239 0.0169494 0.0413151 0.00926398 0.999956 -0.00139304 -0.0174156 -0.0169358 0.00154984 0.999855 1.19865 
0.999881 -0.011907 0.00978095 0.0447719 0.0119362 0.999925 -0.00292671 -0.0175244 -0.0097454 0.00304316 0.999948 1.51974 
0.999901 -0.0138013 -0.00281695 0.0375261 0.0137876 0.999893 -0.00480891 -0.0218876 0.00288298 0.00476964 0.999985 1.85064 
0.99972 -0.013128 -0.0197108 0.0178558 0.0130279 0.999902 -0.00520278 -0.0248526 0.0197771 0.00494458 0.999792 2.19317 
0.999184 -0.00873102 -0.0394304 -0.0166772 0.00853251 0.99995 -0.00520095 -0.0310962 0.0394738 0.00486031 0.999209 2.54755 
0.998218 -0.00519452 -0.0594523 -0.0599211 0.00481013 0.999967 -0.00660761 -0.0338455 0.0594845 0.00630991 0.998209 2.9135 
0.996779 -0.00508528 -0.0800416 -0.106384 0.00452417 0.999964 -0.00719046 -0.0363664 0.0800752 0.00680522 0.996766 3.28817 
0.994815 -0.00660115 -0.101488 -0.158659 0.00595204 0.99996 -0.00669782 -0.0379939 0.101528 0.00605907 0.994814 3.67597 
0.992559 -0.00809212 -0.121497 -0.221857 0.00742903 0.999955 -0.00591004 -0.0428514 0.121539 0.00496351 0.992574 4.06959 
0.990195 -0.0071385 -0.139507 -0.298182 0.00648779 0.999966 -0.0051189 -0.0506381 0.139539 0.00416366 0.990208 4.47287 
0.987867 -0.00584543 -0.155191 -0.384788 0.00520175 0.999976 -0.00455372 -0.055 0.155214 0.00369125 0.987874 4.88843 
0.985637 -0.00523442 -0.168795 -0.475868 0.00449187 0.999979 -0.00478093 -0.0620968 0.168817 0.0039541 0.98564 5.3141 
0.983446 -0.0067859 -0.181072 -0.569485 0.00584562 0.999967 -0.00572617 -0.0679302 0.181105 0.00457295 0.983453 5.75281 
0.981586 -0.0103414 -0.190741 -0.66503 0.00897507 0.999928 -0.00802591 -0.0753646 0.19081 0.00616625 0.981608 6.19948 
0.980006 -0.00969325 -0.198732 -0.771846 0.00787328 0.99992 -0.0099463 -0.080921 0.198812 0.00818281 0.980003 6.66461 
0.978463 -0.00926222 -0.206214 -0.886785 0.00699648 0.999907 -0.011714 -0.087941 0.206303 0.010019 0.978437 7.14085 
0.976662 -0.01014 -0.214543 -1.00432 0.00718233 0.999868 -0.014561 -0.0967683 0.214663 0.0126803 0.976606 7.63008 
0.974872 -0.0140095 -0.222324 -1.12857 0.0106291 0.999809 -0.0163944 -0.106045 0.222511 0.0136194 0.974835 8.12841 
0.972923 -0.0203632 -0.230231 -1.25175 0.0167453 0.999704 -0.0176577 -0.118144 0.230522 0.0133243 0.972976 8.64411 
0.970819 -0.0210649 -0.238889 -1.39499 0.0167126 0.999656 -0.0202301 -0.131797 0.239232 0.0156474 0.970836 9.16718 
0.968714 -0.0170329 -0.247594 -1.55227 0.0112913 0.999634 -0.0245914 -0.146419 0.247922 0.0210264 0.968552 9.69341 
0.966506 -0.0140246 -0.256261 -1.72037 0.00718107 0.999593 -0.0276217 -0.164821 0.256544 0.0248564 0.966213 10.235 
0.964159 -0.0166924 -0.264799 -1.88348 0.00922752 0.999525 -0.02941 -0.183992 0.265164 0.0259125 0.963855 10.7942 
0.961747 -0.019544 -0.273241 -2.05428 0.0112713 0.99943 -0.0318134 -0.204009 0.273707 0.0275167 0.96142 11.3586 
0.95945 -0.0192719 -0.281218 -2.2407 0.0100031 0.99936 -0.0343581 -0.227919 0.2817 0.0301519 0.959029 11.9359 
0.957123 -0.0184503 -0.289094 -2.44026 0.00779611 0.999249 -0.0379621 -0.254373 0.289578 0.0340807 0.956548 12.519 
0.954823 -0.0194758 -0.296536 -2.64299 0.00692764 0.999038 -0.0433083 -0.282885 0.297094 0.0392975 0.954039 13.1153 
0.95303 -0.0208411 -0.302159 -2.85226 0.00570234 0.998688 -0.0508982 -0.317517 0.302823 0.0467845 0.951898 13.7222 
0.951694 -0.0216034 -0.306287 -3.0686 0.00371594 0.998259 -0.0588643 -0.35738 0.307025 0.0548827 0.950118 14.335 
0.950419 -0.0217093 -0.310214 -3.29112 0.000715482 0.99771 -0.0676294 -0.39983 0.310972 0.0640543 0.948258 14.9595 
0.949089 -0.0211006 -0.314302 -3.52498 -0.00317869 0.997062 -0.0765361 -0.450563 0.314993 0.0736387 0.946233 15.5984 
0.947703 -0.0206907 -0.318483 -3.76136 -0.00627391 0.996496 -0.0834081 -0.507414 0.319093 0.0810442 0.944252 16.2424 
0.946105 -0.0191147 -0.323296 -4.0087 -0.0105904 0.995897 -0.089874 -0.572156 0.323687 0.0884542 0.94202 16.8916 
0.944473 -0.0180589 -0.328094 -4.26324 -0.0142024 0.995312 -0.0956679 -0.640491 0.328283 0.0950155 0.939788 17.5624 
0.94283 -0.0158989 -0.332896 -4.52688 -0.0189804 0.994679 -0.101262 -0.711242 0.332734 0.101791 0.937511 18.2353 
0.941076 -0.0132418 -0.337937 -4.80055 -0.0235516 0.994241 -0.104544 -0.785143 0.337375 0.106343 0.935344 18.9263 
0.939306 -0.012174 -0.342865 -5.0797 -0.0257431 0.994052 -0.105821 -0.866963 0.342113 0.108225 0.933406 19.6222 
0.937087 -0.0117796 -0.348899 -5.36509 -0.0265313 0.994137 -0.104823 -0.952866 0.348088 0.107485 0.93128 20.3331 
0.934788 -0.0113067 -0.355027 -5.659 -0.0272147 0.994276 -0.103322 -1.03742 0.354163 0.106246 0.929129 21.0517 
0.932199 -0.011408 -0.361768 -5.95739 -0.0272114 0.994466 -0.101478 -1.12218 0.360923 0.104442 0.926729 21.7688 
0.928968 -0.0105541 -0.37001 -6.26938 -0.0279292 0.994746 -0.0984946 -1.20476 0.369105 0.101832 0.923792 22.5011 
0.92564 -0.00846525 -0.378311 -6.59357 -0.0288936 0.99525 -0.0929661 -1.28471 0.377301 0.0969839 0.920998 23.2385 
0.922069 -0.00502581 -0.386993 -6.93186 -0.0314182 0.995644 -0.087789 -1.36608 0.385748 0.0931062 0.917894 23.9862 
0.918502 -0.00140675 -0.395414 -7.29817 -0.0345931 0.995874 -0.083899 -1.44137 0.3939 0.09074 0.914663 24.7511 
0.914699 -0.000541363 -0.404135 -7.6561 -0.0357577 0.995969 -0.0822665 -1.51463 0.402551 0.0897001 0.910992 25.505 
0.910668 -0.000612999 -0.41314 -8.02404 -0.0364602 0.995978 -0.0818458 -1.58662 0.411528 0.0895975 0.906982 26.2655 
0.906792 -0.000796625 -0.421577 -8.40189 -0.0365504 0.996084 -0.0805006 -1.65944 0.41999 0.0884062 0.903212 27.0285 
0.902808 3.45702e-05 -0.430044 -8.79229 -0.0376141 0.996174 -0.0788847 -1.73118 0.428396 0.0873935 0.899355 27.8007 
0.898893 -0.00116584 -0.438167 -9.19077 -0.0360605 0.996407 -0.0766288 -1.80364 0.436682 0.0846816 0.895622 28.5812 
0.895044 -0.000520121 -0.445977 -9.60599 -0.0356295 0.99672 -0.0726683 -1.87317 0.444552 0.0809313 0.892089 29.3664 
0.891288 0.00179903 -0.453433 -10.0317 -0.0361422 0.997092 -0.0670867 -1.9402 0.451994 0.0761818 0.888762 30.1599 
0.887473 0.00186428 -0.460856 -10.4674 -0.0347691 0.997413 -0.0629202 -2.0089 0.459547 0.0718636 0.885242 30.9556 
0.883582 0.000777778 -0.468277 -10.9098 -0.0332918 0.997573 -0.0611607 -2.07305 0.467093 0.0696303 0.881463 31.7628 
0.880316 -0.000126773 -0.474389 -11.3713 -0.0322454 0.997671 -0.060104 -2.13335 0.473291 0.0682074 0.878261 32.5788 
0.877139 -3.4134e-05 -0.480236 -11.8438 -0.0319422 0.997781 -0.0584125 -2.19023 0.479173 0.0665758 0.875192 33.4013 
0.874053 -0.00173555 -0.485828 -12.3246 -0.0298565 0.997912 -0.0572798 -2.25099 0.484913 0.0645708 0.872176 34.2364 
0.87132 -0.00296333 -0.490707 -12.8159 -0.0288786 0.997939 -0.0573046 -2.31287 0.489865 0.0641017 0.869438 35.0764 
0.869293 -0.00368879 -0.494283 -13.3199 -0.0287028 0.997908 -0.0579269 -2.3736 0.493462 0.0645429 0.867369 35.9166 
0.867925 -0.00314019 -0.496686 -13.8324 -0.0298205 0.997847 -0.0584181 -2.43541 0.495799 0.065514 0.865962 36.7682 
0.867385 -0.00332816 -0.497627 -14.3507 -0.0291969 0.997915 -0.0575656 -2.49899 0.496781 0.0644608 0.865479 37.6298 
0.867125 -0.00308552 -0.498082 -14.8808 -0.0286406 0.998017 -0.0560438 -2.56181 0.497267 0.0628623 0.865317 38.5145 
0.866781 -0.00453341 -0.498669 -15.4172 -0.0267473 0.998097 -0.0555656 -2.62628 0.497972 0.0615012 0.86501 39.4084 
0.866151 -0.00655639 -0.499739 -15.9599 -0.0250074 0.998093 -0.0564376 -2.69051 0.499156 0.0613807 0.864335 40.3089 
0.86488 -0.00891354 -0.501899 -16.5019 -0.0226635 0.998129 -0.0567805 -2.7564 0.501467 0.0604832 0.86306 41.2162 
0.863174 -0.0094615 -0.504818 -17.0581 -0.0211214 0.998273 -0.0548249 -2.8225 0.504465 0.0579859 0.861483 42.1389 
0.861034 -0.00914356 -0.508465 -17.6215 -0.0195118 0.998508 -0.0509971 -2.89025 0.508173 0.0538314 0.859571 43.0602 
0.858096 -0.00956009 -0.5134 -18.1881 -0.0169706 0.998753 -0.0469625 -2.95466 0.513209 0.0490111 0.856863 43.9719 
0.853997 -0.00985713 -0.520185 -18.7597 -0.0159655 0.998853 -0.0451385 -3.01927 0.520033 0.0468532 0.85286 44.8738 
0.848638 -0.0134129 -0.528804 -19.3381 -0.0137508 0.998781 -0.0474013 -3.08346 0.528796 0.0474981 0.847419 45.7707 
0.842485 -0.0171794 -0.538446 -19.9258 -0.0120787 0.998638 -0.0507611 -3.14546 0.538585 0.0492692 0.84113 46.6611 
0.836223 -0.0175707 -0.548108 -20.5333 -0.0118074 0.998678 -0.0500286 -3.21123 0.548263 0.0483069 0.83491 47.5442 
0.830403 -0.0141381 -0.556984 -21.1485 -0.0131583 0.998902 -0.044973 -3.27468 0.557008 0.0446747 0.829304 48.4206 
0.825205 -0.00971857 -0.56475 -21.7795 -0.0160652 0.999044 -0.0406664 -3.33464 0.564605 0.042631 0.824259 49.2992 
0.821092 -0.00983931 -0.570711 -22.416 -0.0173256 0.998961 -0.0421492 -3.39258 0.570533 0.0444963 0.820068 50.1751 
0.817662 -0.0121927 -0.575569 -23.0538 -0.0178442 0.998759 -0.0465072 -3.44968 0.575422 0.0482979 0.81643 51.0452 
0.814533 -0.0144568 -0.579938 -23.6957 -0.0204798 0.99835 -0.0536512 -3.51245 0.579756 0.0555777 0.812892 51.9037 
0.811334 -0.0157218 -0.584372 -24.3356 -0.0205414 0.998254 -0.0553762 -3.57607 0.584223 0.0569325 0.809594 52.76 
0.807849 -0.0143095 -0.589216 -24.991 -0.0198255 0.99848 -0.0514307 -3.64472 0.589056 0.0532297 0.806337 53.6235 
0.804563 -0.011615 -0.593754 -25.6482 -0.0197782 0.99873 -0.0463376 -3.70992 0.593538 0.049025 0.803311 54.4837 
0.801479 -0.00989229 -0.597941 -26.3082 -0.019951 0.998864 -0.0432674 -3.77204 0.59769 0.0466075 0.800371 55.3313 
0.798312 -0.00958981 -0.602168 -26.9755 -0.0210167 0.998821 -0.0437692 -3.83106 0.601877 0.0475971 0.797169 56.1754 
0.794741 -0.0109847 -0.60685 -27.6448 -0.0210352 0.998737 -0.0456265 -3.89089 0.606585 0.0490265 0.793506 57.0193 
0.790582 -0.0137636 -0.612202 -28.3201 -0.0200593 0.998629 -0.0483555 -3.95061 0.612028 0.0505094 0.789222 57.8623 
0.786286 -0.01479 -0.617686 -29.0055 -0.0194974 0.998622 -0.0487305 -4.0135 0.617555 0.0503595 0.784914 58.7 
0.781777 -0.0150376 -0.623377 -29.7075 -0.0189194 0.998677 -0.0478178 -4.07768 0.623271 0.0491768 0.780458 59.5422 
0.776824 -0.0147298 -0.629545 -30.4087 -0.0191871 0.998709 -0.0470432 -4.1438 0.629425 0.0486235 0.775538 60.3711 
0.771452 -0.0159921 -0.636086 -31.1182 -0.0189884 0.99866 -0.0481372 -4.20721 0.636004 0.0492138 0.770115 61.1976 
0.76595 -0.0174229 -0.642665 -31.8362 -0.0184385 0.998626 -0.0490487 -4.27234 0.642636 0.0494187 0.764576 62.0231 
0.760323 -0.0191196 -0.649264 -32.5653 -0.0175426 0.998598 -0.0499502 -4.33629 0.649309 0.0493681 0.758921 62.8424 
0.754577 -0.020699 -0.655885 -33.3084 -0.0170772 0.998545 -0.0511598 -4.40035 0.655989 0.0498047 0.753125 63.6659 
0.748309 -0.0226688 -0.662963 -34.0542 -0.0159857 0.998509 -0.0521859 -4.46806 0.663158 0.0496492 0.746831 64.4865 
0.742111 -0.0241951 -0.66984 -34.8112 -0.0146398 0.998525 -0.0522867 -4.53458 0.670117 0.0486089 0.740662 65.2953 
0.735605 -0.0241917 -0.676978 -35.5715 -0.0137167 0.998625 -0.0505903 -4.60413 0.677271 0.0465005 0.734262 66.0989 
0.729203 -0.0246855 -0.683853 -36.3567 -0.0131537 0.998659 -0.0500753 -4.67123 0.684171 0.0455103 0.7279 66.9024 
0.722633 -0.0268299 -0.690711 -37.1584 -0.0115458 0.998639 -0.0508705 -4.74016 0.691135 0.0447355 0.72134 67.7075 
0.716239 -0.0283249 -0.69728 -37.9564 -0.0119132 0.998534 -0.0527996 -4.80975 0.697753 0.046124 0.714852 68.4954 
0.710082 -0.0279676 -0.703563 -38.7662 -0.0126244 0.998545 -0.0524349 -4.87968 0.704006 0.0461152 0.708696 69.2775 
0.704613 -0.0274483 -0.709061 -39.5836 -0.0129211 0.99859 -0.0514962 -4.95256 0.709474 0.0454468 0.703264 70.0621 
0.69958 -0.0270285 -0.714043 -40.4192 -0.0140363 0.998572 -0.0515508 -5.02217 0.714417 0.0460865 0.698201 70.8444 
0.694882 -0.0277977 -0.718586 -41.2537 -0.0144635 0.99851 -0.0526127 -5.09214 0.718978 0.0469529 0.693445 71.6151 
0.689527 -0.0297304 -0.723649 -42.1021 -0.0151046 0.99835 -0.0554086 -5.16214 0.724102 0.0491362 0.68794 72.3959 
0.684487 -0.0324612 -0.728302 -42.9676 -0.0146433 0.998194 -0.058253 -5.23519 0.728878 0.0505382 0.682775 73.1765 
0.679386 -0.0329048 -0.733043 -43.8436 -0.0151711 0.998151 -0.0588656 -5.31331 0.733625 0.0511136 0.67763 73.9517 
0.674545 -0.0324916 -0.737518 -44.72 -0.0148327 0.998233 -0.0575436 -5.39078 0.738085 0.0497552 0.672871 74.719 
0.669533 -0.0327206 -0.742062 -45.6131 -0.0139716 0.998298 -0.0566251 -5.46683 0.742651 0.0482802 0.667936 75.49 
0.664279 -0.0341698 -0.746703 -46.5042 -0.0127734 0.99829 -0.0570461 -5.54583 0.747376 0.0474325 0.662706 76.2557 
0.659571 -0.0355091 -0.750803 -47.4096 -0.0115848 0.998285 -0.0573908 -5.62022 0.751553 0.0465512 0.658028 77.0194 
0.65508 -0.0363629 -0.754684 -48.3229 -0.0106413 0.998298 -0.0573378 -5.69617 0.755485 0.0455917 0.653578 77.7835 
0.651006 -0.0374005 -0.758151 -49.2378 -0.00924406 0.998321 -0.0571861 -5.77676 0.759016 0.0442369 0.649567 78.5368 
0.647092 -0.0403142 -0.761345 -50.1618 -0.00639047 0.998279 -0.0582916 -5.86017 0.762385 0.0425854 0.645721 79.2925 
0.642883 -0.0449628 -0.764644 -51.0911 -0.00325119 0.998106 -0.0614245 -5.94235 0.765958 0.0419748 0.641519 80.0477 
0.638203 -0.0489236 -0.768312 -52.0203 0.000777199 0.998019 -0.062905 -6.02634 0.769868 0.0395491 0.636977 80.7941 
0.631489 -0.0525317 -0.773604 -52.9622 0.00570893 0.99799 -0.0631086 -6.11206 0.775364 0.035436 0.630519 81.5418 
0.623109 -0.0562046 -0.780113 -53.9157 0.0102839 0.997917 -0.0636825 -6.19971 0.782068 0.0316586 0.622389 82.285 
0.614035 -0.0572851 -0.787197 -54.8886 0.0130001 0.997961 -0.0624822 -6.2847 0.789172 0.0281327 0.613528 83.025 
0.605256 -0.0558956 -0.794066 -55.8831 0.0133926 0.998106 -0.0600502 -6.37183 0.795918 0.0257112 0.604858 83.7552 
0.596194 -0.0555993 -0.800913 -56.882 0.012663 0.998126 -0.0598636 -6.45917 0.80274 0.0255484 0.595781 84.4717 
0.586516 -0.057048 -0.807926 -57.8891 0.0117228 0.99801 -0.0619597 -6.54156 0.809853 0.0268693 0.586018 85.1777 
0.576589 -0.0592757 -0.814881 -58.9086 0.0120928 0.997875 -0.0640304 -6.63025 0.816945 0.0270651 0.576081 85.8665 
0.566539 -0.0610602 -0.82177 -59.9493 0.0126754 0.997779 -0.0653997 -6.72115 0.823938 0.0266352 0.566054 86.5646 
0.556459 -0.0617317 -0.828579 -61.0052 0.0152544 0.997827 -0.0640967 -6.8126 0.830735 0.0230278 0.556191 87.2522 
0.546095 -0.0618137 -0.835439 -62.068 0.0163667 0.997871 -0.0631336 -6.90521 0.837563 0.0208036 0.545944 87.9259 
0.535636 -0.0625592 -0.842129 -63.1327 0.0167312 0.997843 -0.0634848 -6.99848 0.844283 0.019915 0.535527 88.5819 
0.525343 -0.0636996 -0.848503 -64.2031 0.0158398 0.997753 -0.0650972 -7.08688 0.850743 0.0207583 0.525172 89.2216 
0.515133 -0.0642627 -0.854698 -65.2907 0.0144275 0.997694 -0.0663188 -7.18193 0.856989 0.0218319 0.514872 89.8515 
0.505153 -0.0654875 -0.860542 -66.3832 0.0134582 0.997593 -0.068017 -7.2775 0.862925 0.0227777 0.504818 90.4698 
0.495602 -0.0652833 -0.866093 -67.486 0.0122291 0.997597 -0.0681979 -7.37584 0.868464 0.0232076 0.495209 91.0715 
0.486874 -0.0632427 -0.87118 -68.6028 0.0114566 0.997752 -0.0660284 -7.47463 0.873397 0.0221668 0.486504 91.6672 
0.478627 -0.0616993 -0.875848 -69.7275 0.0120871 0.997896 -0.0636918 -7.5728 0.877935 0.0198983 0.478366 92.2633 
0.470793 -0.0619836 -0.880064 -70.8558 0.0122097 0.997891 -0.0637507 -7.67031 0.882159 0.0192681 0.470557 92.8432 
0.463054 -0.0651632 -0.883932 -71.9926 0.0139692 0.997706 -0.0662328 -7.7645 0.88622 0.0183216 0.462902 93.4195 
0.455925 -0.0686431 -0.887367 -73.1348 0.016793 0.997507 -0.0685349 -7.8651 0.88986 0.0163452 0.455941 93.9901 
0.449646 -0.0714812 -0.890342 -74.2866 0.0177309 0.997311 -0.0711146 -7.96712 0.893031 0.0161899 0.449704 94.5511 
0.443941 -0.0751705 -0.892897 -75.4448 0.0198417 0.997055 -0.0740741 -8.07281 0.895836 0.0151679 0.444125 95.1145 
0.439001 -0.0762701 -0.895244 -76.5895 0.0227435 0.997015 -0.0737878 -8.18269 0.898199 0.012032 0.439425 95.6589 
0.434529 -0.0736418 -0.897642 -77.7412 0.0243688 0.997248 -0.070017 -8.29305 0.900328 0.00855003 0.435128 96.2018 
0.430371 -0.0717783 -0.899794 -78.8936 0.0275583 0.997414 -0.0663845 -8.39807 0.902231 0.00377324 0.431236 96.7406 
0.426905 -0.0711353 -0.901494 -80.0398 0.0295205 0.997466 -0.0647288 -8.50572 0.903815 0.00102058 0.427923 97.2658 
0.423695 -0.0711285 -0.903008 -81.1892 0.0312976 0.997466 -0.0638839 -8.60534 0.905264 -0.00119462 0.424848 97.793 
0.420944 -0.070357 -0.904354 -82.3395 0.0331521 0.997515 -0.0621736 -8.70094 0.906481 -0.00380961 0.42223 98.3174 
0.418334 -0.0698356 -0.905605 -83.4792 0.0352261 0.997537 -0.0606527 -8.79588 0.90761 -0.00652775 0.419764 98.8307 
0.416072 -0.0708539 -0.906567 -84.6248 0.0378502 0.997445 -0.0605851 -8.89097 0.908544 -0.00910598 0.41769 99.3397 
0.413483 -0.0717421 -0.907681 -85.7515 0.0410364 0.997346 -0.0601355 -8.9812 0.909587 -0.0123829 0.41533 99.8446 
0.411237 -0.0713103 -0.908735 -86.8817 0.0446286 0.997315 -0.0580652 -9.06961 0.910435 -0.016677 0.413315 100.34 
0.409028 -0.0706695 -0.909781 -87.9991 0.046546 0.997315 -0.0565423 -9.1591 0.911334 -0.0192193 0.411219 100.83 
0.407002 -0.0719237 -0.910591 -89.1001 0.0489508 0.99718 -0.0568837 -9.2503 0.912115 -0.0214223 0.409375 101.312 
0.405706 -0.0733057 -0.911059 -90.1917 0.0503025 0.997059 -0.057825 -9.33826 0.912618 -0.0223685 0.4082 101.783 
0.404915 -0.0745212 -0.911312 -91.2687 0.0504387 0.996976 -0.0591153 -9.42809 0.912962 -0.0220287 0.40745 102.248 
0.405247 -0.0754477 -0.911089 -92.335 0.0497195 0.996933 -0.0604415 -9.51672 0.912854 -0.0208051 0.407756 102.705 
0.407359 -0.0754328 -0.910148 -93.3884 0.0480019 0.996974 -0.0611445 -9.6077 0.912006 -0.018781 0.409747 103.159 
0.411475 -0.0757471 -0.908268 -94.4278 0.0461084 0.996995 -0.062258 -9.69763 0.910254 -0.0162611 0.413731 103.616 
0.416485 -0.0762626 -0.905938 -95.4441 0.0449314 0.996984 -0.0632707 -9.78877 0.908031 -0.0143537 0.418656 104.062 
0.422277 -0.0765255 -0.903231 -96.4666 0.0445632 0.996978 -0.063634 -9.87678 0.905371 -0.0133796 0.424411 104.523 
0.429202 -0.0752905 -0.900065 -97.4774 0.0433435 0.997088 -0.0627379 -9.96605 0.902168 -0.0120847 0.431216 104.985 
0.437248 -0.0742793 -0.896268 -98.4775 0.0422976 0.997179 -0.0620073 -10.052 0.898346 -0.0107974 0.439157 105.451 
0.445988 -0.0740615 -0.891969 -99.4768 0.0421875 0.997202 -0.0617053 -10.1359 0.894044 -0.0101101 0.447865 105.933 
0.455299 -0.073771 -0.887277 -100.465 0.04189 0.997233 -0.0614176 -10.2216 0.889353 -0.00920458 0.45713 106.424 
0.465101 -0.0746617 -0.882104 -101.445 0.041134 0.997184 -0.0627137 -10.3073 0.884302 -0.00711623 0.466862 106.921 
0.475426 -0.0763736 -0.876434 -102.397 0.0401052 0.997071 -0.0651307 -10.3954 0.878841 -0.00418464 0.477097 107.415 
0.486747 -0.0774709 -0.870101 -103.352 0.0386004 0.996994 -0.0671754 -10.4811 0.87269 -0.000888814 0.488274 107.932 
0.49932 -0.0756981 -0.863105 -104.308 0.0364199 0.997129 -0.0663832 -10.5694 0.865652 0.00171232 0.500643 108.455 
0.51212 -0.0733021 -0.85578 -105.252 0.0351128 0.997305 -0.0644121 -10.6563 0.858196 0.00293791 0.513314 108.996 
0.524257 -0.070696 -0.848621 -106.173 0.0342824 0.997492 -0.0619193 -10.7431 0.85087 0.00336885 0.525365 109.548 
0.535756 -0.0701449 -0.841454 -107.084 0.0348766 0.997531 -0.0609497 -10.832 0.843652 0.00330721 0.53688 110.116 
0.547245 -0.0707537 -0.833976 -107.978 0.0353634 0.997485 -0.0614206 -10.916 0.836225 0.00411996 0.548371 110.681 
0.558118 -0.0715737 -0.826669 -108.86 0.0352332 0.997419 -0.06257 -10.9975 0.829013 0.00579524 0.559199 111.262 
0.568839 -0.0733145 -0.819175 -109.727 0.0377297 0.997297 -0.0630564 -11.0822 0.821583 0.00496173 0.570067 111.854 
0.579341 -0.0731456 -0.811797 -110.583 0.0383133 0.997308 -0.0625184 -11.1659 0.814185 0.00511693 0.580583 112.454 
0.589694 -0.0709331 -0.804506 -111.423 0.0376096 0.997467 -0.0603791 -11.2463 0.806751 0.00534811 0.590868 113.056 
0.59935 -0.0680555 -0.797589 -112.252 0.0380435 0.997675 -0.0565403 -11.3301 0.799583 0.00354443 0.600546 113.668 
0.609186 -0.0663231 -0.790249 -113.06 0.0369738 0.997788 -0.0552389 -11.4067 0.792165 0.00443224 0.610291 114.279 
0.619278 -0.0659407 -0.782398 -113.858 0.0354655 0.997799 -0.0560234 -11.4815 0.78437 0.00694598 0.620254 114.889 
0.62876 -0.0659654 -0.774796 -114.642 0.0339956 0.997775 -0.0573615 -11.5518 0.776856 0.00972705 0.629604 115.501 
0.637718 -0.0654876 -0.767481 -115.404 0.034195 0.997804 -0.0567272 -11.6264 0.769511 0.00993205 0.638557 116.128 
0.646705 -0.0637043 -0.760075 -116.157 0.0343372 0.997927 -0.0544239 -11.6978 0.761967 0.00909737 0.647552 116.752 
0.655031 -0.0619539 -0.753058 -116.896 0.0345851 0.998047 -0.052026 -11.7648 0.75481 0.00803413 0.655894 117.394 
0.663167 -0.0614609 -0.745944 -117.618 0.0350569 0.99808 -0.0510687 -11.8328 0.74765 0.00771663 0.664048 118.022 
0.671067 -0.060855 -0.738895 -118.33 0.0342691 0.998106 -0.0510803 -11.899 0.740604 0.00895708 0.671882 118.648 
0.678306 -0.0599379 -0.732331 -119.024 0.0338106 0.998158 -0.0503783 -11.962 0.734001 0.00941142 0.679083 119.28 
0.685375 -0.0573444 -0.725929 -119.716 0.0331492 0.998318 -0.0475643 -12.0221 0.727436 0.0085355 0.686123 119.923 
0.692534 -0.0547071 -0.719308 -120.395 0.0323289 0.998472 -0.0448135 -12.0824 0.72066 0.00778045 0.693245 120.57 
0.699635 -0.0533682 -0.712504 -121.066 0.0315921 0.998542 -0.0437716 -12.1402 0.713801 0.00811467 0.700301 121.218 
0.706958 -0.0525687 -0.705299 -121.708 0.0309805 0.998578 -0.0433746 -12.1944 0.706576 0.00881358 0.707582 121.861 
0.714567 -0.0497059 -0.697799 -122.344 0.0285937 0.998714 -0.0418601 -12.2499 0.698982 0.00995927 0.71507 122.51 
0.723572 -0.0470903 -0.688641 -122.969 0.0280743 0.998852 -0.0388047 -12.3016 0.689678 0.00874492 0.724063 123.16 
0.733244 -0.0431176 -0.678597 -123.575 0.0261342 0.999037 -0.0352393 -12.3503 0.679463 0.0081044 0.733665 123.803 
0.743445 -0.0408888 -0.667546 -124.161 0.024383 0.999123 -0.0340434 -12.3981 0.668353 0.00903265 0.74379 124.443 
0.753598 -0.0403166 -0.656098 -124.743 0.0232072 0.999127 -0.0347394 -12.4408 0.656926 0.0109534 0.753876 125.098 
0.763777 -0.0414281 -0.644149 -125.34 0.0235358 0.999062 -0.0363474 -12.491 0.645051 0.0126008 0.764036 125.762 
0.77395 -0.0407448 -0.631935 -125.907 0.0233849 0.999086 -0.0357771 -12.5267 0.632815 0.012912 0.774196 126.442 
0.784408 -0.038911 -0.619023 -126.434 0.022921 0.999167 -0.0337616 -12.5725 0.619821 0.0122943 0.784647 127.1 
0.794678 -0.036635 -0.605925 -126.952 0.022743 0.999273 -0.0305897 -12.6128 0.606605 0.0105285 0.794934 127.766 
0.8045 -0.0354535 -0.592894 -127.461 0.023324 0.999333 -0.0281091 -12.6485 0.593495 0.00878513 0.80479 128.449 
0.813853 -0.0339416 -0.580078 -127.972 0.0238606 0.999403 -0.0250006 -12.6851 0.58058 0.00650584 0.814177 129.152 
0.822164 -0.0330504 -0.56829 -128.462 0.0245277 0.999443 -0.0226402 -12.7199 0.568722 0.00467514 0.822517 129.849 
0.829594 -0.0335773 -0.557356 -128.956 0.0263892 0.999433 -0.0209308 -12.7479 0.557743 0.00265595 0.83001 130.584 
0.836334 -0.0333053 -0.547207 -129.453 0.0264861 0.999442 -0.0203497 -12.7809 0.54758 0.00252582 0.83675 131.33 
0.843328 -0.0324223 -0.53642 -129.941 0.0256374 0.999469 -0.0201044 -12.8171 0.536787 0.00320224 0.843712 132.063 
0.850079 -0.0305763 -0.525767 -130.4 0.024207 0.999527 -0.0189895 -12.8468 0.526098 0.00341542 0.850417 132.793 
0.856502 -0.0295819 -0.515296 -130.843 0.0235216 0.999556 -0.0182855 -12.877 0.515608 0.00354097 0.856817 133.515 
0.862601 -0.0300183 -0.504993 -131.282 0.0241851 0.999544 -0.0181041 -12.9054 0.505306 0.00340339 0.862934 134.243 
0.86789 -0.0313591 -0.495766 -131.731 0.0253289 0.999501 -0.0188815 -12.9329 0.49611 0.00382995 0.868251 134.996 
0.872377 -0.0314642 -0.48782 -132.173 0.0253912 0.999496 -0.0190595 -12.9635 0.488174 0.00424074 0.872736 135.761 
0.87568 -0.0303597 -0.481937 -132.581 0.0247296 0.999532 -0.0180322 -12.9941 0.482259 0.00387235 0.87602 136.522 
0.87875 -0.0283893 -0.476438 -133.009 0.0244811 0.999596 -0.0144092 -13.0203 0.476654 0.000998434 0.87909 137.303 
0.881915 -0.0244124 -0.470777 -133.446 0.0222939 0.999701 -0.0100766 -13.0414 0.470882 -0.00160874 0.882195 138.103 
0.885416 -0.0214073 -0.464306 -133.898 0.0204465 0.999766 -0.00710445 -13.0644 0.464349 -0.00320299 0.885646 138.928 
0.88875 -0.0187441 -0.458009 -134.343 0.0186328 0.999815 -0.00476144 -13.084 0.458014 -0.00430221 0.888935 139.759 
0.891998 -0.0170871 -0.451716 -134.775 0.0179107 0.999837 -0.00245295 -13.0964 0.451684 -0.00590246 0.892159 140.59 
0.895236 -0.0157541 -0.445314 -135.207 0.0178585 0.99984 0.000529721 -13.1052 0.445234 -0.00842679 0.895374 141.452 
0.89854 -0.0159509 -0.438602 -135.633 0.0190333 0.999815 0.0026316 -13.1121 0.438479 -0.0107126 0.898677 142.321 
0.902073 -0.0160133 -0.431286 -136.066 0.0196587 0.999799 0.00399605 -13.1252 0.431135 -0.0120832 0.902206 143.215 
0.905924 -0.0164774 -0.42312 -136.514 0.0201445 0.999788 0.0041962 -13.1287 0.422961 -0.0123249 0.906064 144.13 
0.909862 -0.0191198 -0.414471 -136.934 0.0227712 0.999733 0.0038696 -13.1363 0.414287 -0.0129587 0.910054 145.04 
0.913857 -0.0207619 -0.405506 -137.357 0.0239668 0.999709 0.00282703 -13.1437 0.405329 -0.0123021 0.914088 145.982 
0.918466 -0.0218939 -0.394893 -137.761 0.0242832 0.999705 0.00105294 -13.1546 0.394753 -0.0105563 0.918727 146.909 
0.924102 -0.0203196 -0.381605 -138.183 0.0221852 0.999754 0.000489467 -13.1603 0.381501 -0.00891826 0.924325 147.867 
0.930451 -0.0170011 -0.366022 -138.581 0.018954 0.999819 0.00174231 -13.1618 0.365926 -0.00855868 0.930605 148.856 
0.93745 -0.0132813 -0.347866 -138.971 0.0160733 0.999858 0.00514141 -13.1712 0.347748 -0.0104111 0.93753 149.849 
0.944423 -0.00973272 -0.328588 -139.332 0.0128194 0.999892 0.00722878 -13.1805 0.328482 -0.0110393 0.944446 150.855 
0.951362 -0.00861865 -0.307955 -139.676 0.0117015 0.999898 0.00816529 -13.1807 0.307853 -0.0113716 0.951366 151.871 
0.957839 -0.00727865 -0.287213 -140 0.0106268 0.999893 0.0101001 -13.1795 0.287108 -0.0127264 0.957814 152.912 
0.963947 -0.0066223 -0.266012 -140.307 0.0104881 0.999859 0.0131143 -13.1786 0.265888 -0.0154314 0.963881 153.97 
0.969653 -0.00411391 -0.244451 -140.601 0.00858308 0.999815 0.01722 -13.1811 0.244334 -0.0187955 0.969509 155.058 
0.974916 -0.0019585 -0.222564 -140.876 0.00697866 0.999739 0.0217717 -13.1715 0.222463 -0.0227787 0.974675 156.178 
0.979746 -0.000194182 -0.200247 -141.173 0.00534864 0.999668 0.0251997 -13.1485 0.200175 -0.0257603 0.979421 157.359 
0.983934 0.00113191 -0.17853 -141.399 0.00346733 0.99967 0.0254473 -13.1341 0.1785 -0.0256575 0.983605 158.503 
0.987638 0.000318993 -0.156752 -141.612 0.00344076 0.999713 0.0237131 -13.1117 0.156715 -0.0239593 0.987353 159.679 
0.990758 0.000284007 -0.135644 -141.848 0.00286387 0.999731 0.023011 -13.0799 0.135614 -0.0231867 0.99049 160.928 
0.993295 -0.000905879 -0.115608 -142.011 0.00386222 0.999671 0.0253503 -13.0666 0.115547 -0.0256268 0.992971 162.142 
0.995378 -0.000284157 -0.0960386 -142.137 0.002925 0.999621 0.0273576 -13.0478 0.0959944 -0.027512 0.995002 163.383 
0.997109 0.000206766 -0.0759899 -142.239 0.00197877 0.999587 0.0286839 -13.0287 0.0759644 -0.0287513 0.996696 164.599 
0.998427 0.00172462 -0.0560384 -142.321 -6.05424e-05 0.999559 0.0296827 -13.0067 0.0560649 -0.0296326 0.997987 165.839 
0.999359 0.00225807 -0.0357354 -142.381 -0.00115936 0.999527 0.0307356 -12.9888 0.0357878 -0.0306744 0.998889 167.15 
0.999872 0.00453651 -0.015326 -142.418 -0.0040643 0.99952 0.0307001 -12.974 0.0154579 -0.0306338 0.999411 168.522 
0.999974 0.00570965 0.00445876 -142.443 -0.0058409 0.999533 0.0300098 -12.9509 -0.00428537 -0.0300351 0.99954 169.814 
0.999696 0.00564653 0.0240186 -142.426 -0.00632063 0.999586 0.0280846 -12.9325 -0.0238501 -0.0282278 0.999317 171.174 
0.999069 0.00764865 0.0424477 -142.341 -0.00875347 0.999626 0.0259043 -12.914 -0.0422337 -0.0262517 0.998763 172.558 
0.99806 0.00778969 0.0617668 -142.294 -0.00931228 0.999659 0.0244018 -12.8939 -0.0615557 -0.0249297 0.997792 173.977 
0.996718 0.00787995 0.080567 -142.203 -0.00965817 0.999718 0.021706 -12.8832 -0.0803732 -0.0224128 0.996513 175.36 
0.99506 0.00879244 0.0988844 -142.057 -0.0105051 0.999804 0.0168125 -12.8858 -0.0987172 -0.0177682 0.994957 176.774 
0.993111 0.0102166 0.116728 -141.911 -0.0115113 0.999879 0.0104229 -12.8829 -0.116608 -0.0116947 0.993109 178.159 
0.99087 0.0121829 0.13427 -141.752 -0.0130529 0.999899 0.00560122 -12.881 -0.134188 -0.00730266 0.990929 179.573 
0.988334 0.0141088 0.151644 -141.558 -0.0145196 0.999893 0.0016026 -12.8835 -0.151606 -0.00378569 0.988434 180.969 
0.985326 0.0162671 0.169908 -141.373 -0.0163812 0.999866 -0.000729892 -12.9142 -0.169897 -0.00206409 0.98546 182.447 
0.982202 0.0155151 0.187186 -141.136 -0.015769 0.999876 -0.000132197 -12.9336 -0.187164 -0.00282185 0.982325 183.827 
0.978897 0.0146127 0.203833 -140.785 -0.0148078 0.99989 -0.000567679 -12.9549 -0.203819 -0.00246258 0.979006 185.354 
0.975341 0.0142958 0.220242 -140.436 -0.0134335 0.999895 -0.00541207 -12.9808 -0.220296 0.00232001 0.97543 186.803 
0.971457 0.0153837 0.236718 -140.126 -0.0135122 0.999863 -0.00952609 -13.005 -0.236832 0.00605564 0.971532 188.217 
0.967286 0.0177963 0.253064 -139.704 -0.01595 0.999829 -0.00934544 -13.04 -0.253187 0.00500338 0.967404 189.774 
0.962638 0.0198734 0.270062 -139.273 -0.0179377 0.999793 -0.00963396 -13.0782 -0.270198 0.00442976 0.962795 191.282 
0.957533 0.0234516 0.287368 -138.824 -0.0207543 0.999707 -0.0124289 -13.1175 -0.287576 0.005937 0.95774 192.8 
0.952131 0.024122 0.304738 -138.324 -0.0201194 0.999665 -0.0162684 -13.158 -0.305029 0.00935848 0.952297 194.389 
0.946451 0.02509 0.321872 -137.833 -0.0202255 0.999625 -0.0184487 -13.2022 -0.322214 0.0109508 0.946604 195.859 
0.940249 0.0252312 0.339552 -137.317 -0.0185096 0.999564 -0.0230199 -13.2935 -0.339985 0.0153595 0.940306 197.405 
0.932871 0.0286201 0.359072 -136.821 -0.0195495 0.999392 -0.0288673 -13.336 -0.35968 0.0199098 0.932863 198.933 
0.924487 0.0317406 0.37989 -136.139 -0.0211951 0.999266 -0.0319111 -13.434 -0.380624 0.0214497 0.924481 200.493 
0.914076 0.0350436 0.404027 -135.5 -0.0237641 0.999176 -0.0329001 -13.5132 -0.404847 0.0204718 0.914155 202.056 
0.902307 0.039801 0.429253 -134.789 -0.0274153 0.999011 -0.0350016 -13.6254 -0.430222 0.0198141 0.902506 203.62 
0.889645 0.0436161 0.454566 -134.074 -0.0295937 0.998842 -0.0379213 -13.7306 -0.455694 0.0202842 0.889906 205.142 
0.876092 0.0476352 0.479785 -133.291 -0.0320622 0.998661 -0.0406055 -13.8533 -0.481076 0.0201913 0.876446 206.72 
0.862601 0.0488794 0.503518 -132.43 -0.0318998 0.998596 -0.0422902 -13.9776 -0.504878 0.0204175 0.862949 208.196 
0.847957 0.0507303 0.527633 -131.648 -0.0319973 0.998493 -0.0445793 -14.062 -0.529099 0.0209185 0.848302 209.607 
0.832455 0.0527273 0.551578 -130.812 -0.0304436 0.998311 -0.0494859 -14.1474 -0.553255 0.0244028 0.832654 211.09 
0.817223 0.0549082 0.5737 -129.932 -0.0287631 0.998096 -0.0545542 -14.2495 -0.575604 0.0280816 0.817247 212.445 
0.801903 0.0570441 0.594725 -129.013 -0.0281856 0.997935 -0.0577143 -14.3599 -0.596789 0.0295186 0.801855 213.796 
0.787027 0.0583953 0.614149 -128.026 -0.0267506 0.997804 -0.0605937 -14.4914 -0.616339 0.0312601 0.786861 215.088 
0.772141 0.0586739 0.632736 -127.065 -0.0250397 0.997764 -0.0619665 -14.6107 -0.634957 0.0320034 0.771884 216.346 
0.757832 0.0594663 0.649734 -126.035 -0.0237992 0.997695 -0.0635542 -14.732 -0.652016 0.0327002 0.7575 217.605 
0.743808 0.0596038 0.66573 -124.977 -0.0210951 0.997613 -0.0657486 -14.8678 -0.66806 0.0348607 0.74329 218.828 
0.729916 0.0609683 0.680812 -123.929 -0.0188472 0.997431 -0.0691156 -14.9868 -0.683277 0.0376172 0.72919 220.006 
0.716065 0.0625868 0.695222 -122.85 -0.0160353 0.997184 -0.0732546 -15.1142 -0.697849 0.041307 0.715053 221.151 
0.702059 0.0640035 0.709236 -121.714 -0.0147762 0.997048 -0.0753496 -15.2739 -0.711965 0.0424201 0.700932 222.302 
0.687634 0.06496 0.723145 -120.555 -0.0143842 0.997013 -0.0758836 -15.4255 -0.725915 0.0417783 0.686515 223.431 
0.672284 0.0662189 0.737326 -119.41 -0.0151369 0.997013 -0.0757396 -15.5624 -0.740138 0.0397577 0.671278 224.509 
0.656155 0.0674535 0.751605 -118.225 -0.017673 0.997097 -0.0740567 -15.7098 -0.754419 0.0353096 0.655443 225.577 
0.639383 0.0681892 0.765859 -117.031 -0.0198653 0.997192 -0.0722015 -15.8549 -0.768632 0.0309503 0.638942 226.631 
0.622386 0.0703559 0.779542 -115.825 -0.0231804 0.997172 -0.0714904 -15.996 -0.782367 0.0264245 0.622257 227.65 
0.605407 0.0735429 0.792511 -114.639 -0.024375 0.996968 -0.0738956 -16.135 -0.795543 0.0254194 0.605364 228.607 
0.588358 0.0771564 0.804911 -113.424 -0.026867 0.996753 -0.075907 -16.2795 -0.808154 0.023035 0.588521 229.544 
0.569888 0.0773121 0.818077 -112.198 -0.0271753 0.996793 -0.0752707 -16.422 -0.821273 0.0206644 0.570161 230.45 
0.550254 0.076395 0.831495 -110.948 -0.0280671 0.996935 -0.0730211 -16.5597 -0.834526 0.0168425 0.550712 231.322 
0.530049 0.0746622 0.844674 -109.673 -0.0284061 0.997121 -0.0703118 -16.6968 -0.847491 0.0132748 0.530644 232.165 
0.509465 0.0733605 0.857359 -108.425 -0.0292218 0.99726 -0.0679668 -16.8322 -0.859995 0.00957314 0.510212 232.953 
0.48915 0.0723202 0.869196 -107.163 -0.0287227 0.997352 -0.0668192 -16.9648 -0.871727 0.00771898 0.489932 233.701 
0.468578 0.0720944 0.880475 -105.876 -0.0285044 0.997379 -0.0664969 -17.091 -0.882962 0.00606161 0.469405 234.436 
0.448748 0.0711158 0.890824 -104.631 -0.0260899 0.997446 -0.0664848 -17.2124 -0.893277 0.00659342 0.449458 235.091 
0.42858 0.0713904 0.900679 -103.348 -0.0240549 0.997422 -0.0676121 -17.3391 -0.903184 0.00731151 0.429192 235.735 
0.409072 0.0704899 0.909775 -102.064 -0.0201799 0.997467 -0.0682105 -17.458 -0.912279 0.00954383 0.409458 236.322 
0.388811 0.0685391 0.918765 -100.774 -0.0185753 0.99761 -0.0665599 -17.583 -0.92113 0.0088129 0.389154 236.898 
0.368851 0.0683447 0.926972 -99.4582 -0.0181026 0.997632 -0.0663511 -17.7119 -0.929312 0.00769309 0.369215 237.462 
0.34909 0.0730906 0.934234 -98.1607 -0.018987 0.997301 -0.0709298 -17.8411 -0.936897 0.00702257 0.349536 237.995 
0.329992 0.0824114 0.94038 -96.8276 -0.0202893 0.996571 -0.080216 -17.9704 -0.943766 0.00739105 0.330533 238.511 
0.310724 0.0903076 0.9462 -95.5395 -0.0229861 0.995899 -0.0875025 -18.1072 -0.950222 0.00543972 0.311526 238.98 
0.291375 0.0945677 0.951923 -94.2506 -0.0257268 0.995516 -0.0910236 -18.2466 -0.956263 0.00203199 0.292501 239.419 
0.27202 0.0959839 0.957493 -92.9697 -0.0287312 0.99538 -0.0916194 -18.3944 -0.961863 -0.00258758 0.273521 239.823 
0.252254 0.0964688 0.96284 -91.6785 -0.0326198 0.995301 -0.091175 -18.536 -0.967111 -0.00840832 0.254216 240.21 
0.233177 0.0968068 0.967604 -90.4258 -0.0343924 0.995231 -0.0912828 -18.678 -0.971826 -0.0119932 0.235394 240.555 
0.214141 0.0953293 0.97214 -89.1672 -0.0346523 0.995341 -0.0899713 -18.8165 -0.976188 -0.0144203 0.216447 240.876 
0.195639 0.0954891 0.976016 -87.9283 -0.0347701 0.995298 -0.090406 -18.9492 -0.98006 -0.0162493 0.198039 241.162 
0.177456 0.0962116 0.979414 -86.6927 -0.0340666 0.995214 -0.0915912 -19.0834 -0.983539 -0.0171119 0.179884 241.417 
0.158506 0.0999656 0.982284 -85.4522 -0.037992 0.994742 -0.0951028 -19.2163 -0.986627 -0.0222445 0.161471 241.664 
0.139904 0.101792 0.984919 -84.1976 -0.0383251 0.994513 -0.09734 -19.3577 -0.989423 -0.0241289 0.143037 241.891 
0.123034 0.0988504 0.987467 -82.9464 -0.0386936 0.994748 -0.0947582 -19.5037 -0.991648 -0.0265502 0.126212 242.078 
0.107487 0.0944315 0.989712 -81.7113 -0.0363308 0.995187 -0.0910082 -19.6392 -0.993542 -0.0261747 0.110401 242.244 
0.0933351 0.0903814 0.991524 -80.5122 -0.0363511 0.995517 -0.0873234 -19.7676 -0.994971 -0.0278926 0.0962021 242.383 
0.0805525 0.0869355 0.992952 -79.3113 -0.0345123 0.995835 -0.0843881 -19.8966 -0.996153 -0.0274714 0.0832174 242.505 
0.069897 0.087126 0.993742 -78.1447 -0.0342904 0.9958 -0.0848945 -20.0193 -0.996965 -0.028142 0.072591 242.619 
0.0611076 0.0895021 0.99411 -76.9786 -0.0345344 0.995565 -0.0875102 -20.1433 -0.997534 -0.0289835 0.0639275 242.725 
0.0540602 0.0912505 0.99436 -75.8355 -0.0358103 0.995352 -0.0893947 -20.2641 -0.997895 -0.0307756 0.0570766 242.821 
0.0480859 0.0953352 0.994283 -74.7117 -0.0365424 0.994936 -0.0936305 -20.392 -0.998175 -0.0318312 0.0513262 242.901 
0.0425059 0.103964 0.993672 -73.5997 -0.0360429 0.994083 -0.102465 -20.5217 -0.998446 -0.0314595 0.0460016 242.977 
0.0373857 0.106682 0.99359 -72.4996 -0.0381847 0.993712 -0.105258 -20.6468 -0.998571 -0.0340048 0.0412243 243.052 
0.0336429 0.0982574 0.994592 -71.3943 -0.037048 0.994594 -0.0970044 -20.7743 -0.998747 -0.0335842 0.0371012 243.114 
0.0310729 0.0885865 0.995584 -70.2916 -0.035993 0.995518 -0.0874572 -20.893 -0.998869 -0.0331165 0.0341221 243.174 
0.0297398 0.0850224 0.995935 -69.2044 -0.0353504 0.995842 -0.0839589 -21.0029 -0.998932 -0.0327098 0.0326218 243.229 
0.0294405 0.0870659 0.995767 -68.1301 -0.0363966 0.995632 -0.0859779 -21.1123 -0.998904 -0.0337113 0.0324808 243.29 
0.0297322 0.0901068 0.995488 -67.0728 -0.0360185 0.995378 -0.089021 -21.2223 -0.998909 -0.0332092 0.0328403 243.346 
0.0312135 0.0926634 0.995208 -66.0186 -0.0383843 0.99507 -0.0914466 -21.3326 -0.998775 -0.035346 0.0346164 243.41 
0.0329807 0.0936119 0.995062 -64.9731 -0.040651 0.994906 -0.0922498 -21.4419 -0.998629 -0.0374078 0.0366181 243.473 
0.0358966 0.09524 0.994807 -63.9436 -0.0416149 0.994728 -0.0937308 -21.5505 -0.998489 -0.0380342 0.0396708 243.538 
0.0394979 0.0962417 0.994574 -62.9274 -0.0438541 0.994559 -0.0944986 -21.6621 -0.998257 -0.0398836 0.0435036 243.606 
0.0438042 0.0973855 0.994282 -61.9089 -0.045091 0.994416 -0.095412 -21.7717 -0.998022 -0.0406538 0.0479508 243.684 
0.050019 0.0964462 0.994081 -60.8999 -0.0458235 0.9945 -0.0941812 -21.8809 -0.997697 -0.0408414 0.0541634 243.761 
0.056646 0.0949156 0.993872 -59.8916 -0.0446036 0.994717 -0.0924541 -21.9925 -0.997398 -0.0390931 0.0605803 243.839 
0.0639356 0.0941592 0.993502 -58.895 -0.0426731 0.994886 -0.0915442 -22.0989 -0.997041 -0.0365429 0.0676267 243.921 
0.0710761 0.0950351 0.992933 -57.9067 -0.0414561 0.994872 -0.0922531 -22.2044 -0.996609 -0.0346062 0.0746514 244.015 
0.0778479 0.0948469 0.992443 -56.9158 -0.04211 0.994889 -0.0917774 -22.3102 -0.996076 -0.0346471 0.081444 244.119 
0.0841767 0.0938507 0.992021 -55.9291 -0.0432293 0.994961 -0.0904606 -22.4124 -0.995513 -0.0352697 0.0878097 244.235 
0.0907109 0.0916907 0.991647 -54.936 -0.043882 0.995153 -0.0880007 -22.5173 -0.99491 -0.0355328 0.0942949 244.352 
0.0971404 0.0900993 0.991184 -53.9556 -0.043856 0.995314 -0.0861766 -22.618 -0.994304 -0.0350982 0.100637 244.474 
0.103699 0.0906127 0.990473 -52.9822 -0.0440451 0.995283 -0.0864414 -22.7181 -0.993633 -0.0346616 0.107201 244.603 
0.110249 0.0928215 0.98956 -52.0138 -0.0436348 0.995122 -0.0884817 -22.8164 -0.992946 -0.0334242 0.113761 244.737 
0.116645 0.0941824 0.988698 -51.048 -0.043594 0.99502 -0.0896414 -22.9147 -0.992217 -0.0326451 0.12017 244.875 
0.122533 0.0960361 0.987807 -50.0894 -0.0454282 0.994807 -0.0910815 -23.0158 -0.991424 -0.0337138 0.12626 245.027 
0.128938 0.0967457 0.986922 -49.1331 -0.0474373 0.994692 -0.0913098 -23.1141 -0.990517 -0.0350436 0.132842 245.178 
0.135337 0.0964733 0.986092 -48.1662 -0.0482162 0.99471 -0.0906989 -23.2155 -0.989626 -0.0352707 0.139273 245.344 
0.141438 0.0942299 0.985452 -47.2097 -0.0491567 0.9949 -0.088078 -23.3159 -0.988726 -0.0359839 0.145349 245.508 
0.147678 0.0926186 0.984689 -46.2559 -0.0491303 0.995063 -0.086226 -23.4142 -0.987815 -0.0356444 0.151499 245.675 
0.153997 0.091874 0.983791 -45.3091 -0.0490574 0.995151 -0.0852556 -23.5111 -0.986853 -0.0351331 0.157757 245.848 
0.161022 0.0930685 0.982553 -44.3646 -0.0489746 0.995071 -0.0862282 -23.6054 -0.985735 -0.0342355 0.164786 246.021 
0.168163 0.093126 0.981351 -43.4266 -0.0464933 0.995169 -0.0864702 -23.7017 -0.984662 -0.0310852 0.17168 246.202 
