1 2.12261e-08 -2.11895e-08 0 2.12261e-08 1 2.10703e-08 0 -2.11895e-08 2.10703e-08 1 0 
0.999874 0.00158988 0.0157997 0.00959221 -0.00157613 0.999998 -0.000880119 -0.00395275 -0.0158012 0.000855148 0.999875 0.12006 
0.999295 0.00456744 0.0372702 0.0268146 -0.00455256 0.99999 -0.00048301 -0.00655767 -0.0372721 0.000313036 0.999305 0.256442 
0.997903 0.00628461 0.0644211 0.0599745 -0.00634676 0.99998 0.000760852 -0.00337793 -0.0644151 -0.00116808 0.997923 0.412801 
0.995128 0.00584524 0.0984203 0.107257 -0.0061779 0.999976 0.003076 -0.00659221 -0.0984 -0.00366901 0.99514 0.570281 
0.990653 0.00295335 0.136372 0.179147 -0.00367302 0.999981 0.00502629 -0.000826917 -0.136354 -0.00548017 0.990645 0.738844 
0.984367 -0.000217721 0.176128 0.251039 -0.000743072 0.999985 0.00538937 0.00144446 -0.176127 -0.00543595 0.984353 0.917891 
0.975513 -4.00267e-05 0.21994 0.340379 -0.00144308 0.999977 0.0065828 -0.00040545 -0.219935 -0.00673896 0.975491 1.10572 
0.963371 0.000257571 0.268173 0.437129 -0.00285235 0.999953 0.00928641 0.00333515 -0.268158 -0.00971115 0.963326 1.30447 
0.948807 -0.0036846 0.315835 0.537878 -0.00164374 0.999861 0.0166027 -0.000748871 -0.315853 -0.0162719 0.948669 1.49512 
0.931754 -0.0132948 0.362847 0.657276 0.00467672 0.999686 0.0246195 -0.0121687 -0.363061 -0.0212424 0.931523 1.6783 
0.910215 -0.0184697 0.413724 0.790567 0.00715085 0.999557 0.0288907 -0.0137481 -0.414074 -0.0233382 0.909944 1.87471 
0.884585 -0.0199932 0.46595 0.921368 0.00520679 0.999442 0.0329997 -0.0191554 -0.46635 -0.0267649 0.884195 2.06081 
0.855969 -0.0222268 0.516549 1.09188 0.00330584 0.99929 0.0375209 -0.0177675 -0.517017 -0.0304091 0.855435 2.26561 
0.823237 -0.0271097 0.56705 1.24873 0.00410978 0.999118 0.0417997 -0.01631 -0.567683 -0.0320806 0.822622 2.43993 
0.786652 -0.0323444 0.616548 1.42891 0.00574462 0.998967 0.0450768 -0.0110406 -0.61737 -0.0319179 0.786026 2.61972 
0.747919 -0.0363662 0.662793 1.63369 0.00635281 0.998845 0.047636 -0.00871671 -0.66376 -0.0314173 0.747286 2.81184 
0.707114 -0.0391274 0.706016 1.86682 0.00704442 0.998808 0.0482987 0.00912648 -0.707064 -0.0291792 0.706547 3.01325 
0.664407 -0.0409738 0.746247 2.12863 0.00605671 0.998758 0.0494459 0.0197934 -0.747346 -0.0283324 0.66383 3.21156 
0.620794 -0.0409642 0.782903 2.41988 0.000885923 0.99867 0.0515515 0.0297398 -0.783973 -0.0313092 0.620005 3.42244 
0.577952 -0.0417772 0.815 2.73782 -0.00234944 0.998599 0.0528547 0.03694 -0.816067 -0.0324623 0.577045 3.64192 
0.537088 -0.0428801 0.842436 3.09773 -0.00433195 0.998554 0.0535884 0.0538518 -0.843515 -0.032431 0.536125 3.84768 
0.497858 -0.0450316 0.866089 3.49258 -0.00581823 0.998455 0.0552585 0.0707505 -0.867239 -0.0325499 0.496827 4.05061 
0.459873 -0.0446543 0.886861 3.90361 -0.00887771 0.998454 0.0548766 0.0914232 -0.88794 -0.0331095 0.458765 4.25124 
0.423011 -0.0439155 0.90506 4.3411 -0.00981931 0.998544 0.053041 0.110189 -0.906071 -0.031324 0.421964 4.43824 
0.388945 -0.0424552 0.920282 4.81299 -0.00868604 0.998724 0.049745 0.132449 -0.92122 -0.0273417 0.38808 4.62636 
0.358899 -0.040525 0.932496 5.32097 -0.0063777 0.998927 0.0458667 0.157847 -0.933355 -0.0224087 0.358256 4.80942 
0.333337 -0.0386176 0.942017 5.85895 -0.00519055 0.999071 0.0427933 0.181852 -0.942794 -0.0191542 0.332826 4.98955 
0.313119 -0.0379552 0.948955 6.42632 -0.00378469 0.999143 0.0412114 0.20822 -0.949706 -0.0164956 0.312707 5.16917 
0.297944 -0.0385178 0.953806 7.019 -0.00285715 0.999145 0.0412413 0.230218 -0.954579 -0.0150128 0.297579 5.36738 
0.286556 -0.04 0.957228 7.63529 -0.00182651 0.999103 0.0422967 0.252328 -0.958062 -0.0138687 0.286226 5.5493 
0.275707 -0.0417455 0.960335 8.28843 -0.00299075 0.999014 0.0442856 0.278605 -0.961237 -0.0150819 0.27531 5.74207 
0.264974 -0.0435503 0.963272 8.963 -0.00433367 0.998916 0.046354 0.304325 -0.964246 -0.0164571 0.264498 5.93947 
0.254891 -0.045261 0.96591 9.66308 -0.00530606 0.998823 0.0482035 0.332119 -0.966955 -0.0174118 0.254351 6.13084 
0.24489 -0.0469525 0.968413 10.384 -0.00602489 0.998734 0.0499462 0.365845 -0.969532 -0.0180659 0.244297 6.31643 
0.234404 -0.0485504 0.970926 11.138 -0.00602813 0.99866 0.0513926 0.396334 -0.972121 -0.0178995 0.233797 6.50868 
0.223983 -0.0496172 0.973329 11.9008 -0.00629172 0.998609 0.0523538 0.431899 -0.974573 -0.0178503 0.223359 6.69324 
0.213466 -0.0525044 0.975539 12.6785 -0.00772235 0.998433 0.0554264 0.464266 -0.97692 -0.0193651 0.212726 6.8707 
0.202151 -0.0559823 0.977753 13.4753 -0.00933245 0.998209 0.0590831 0.503863 -0.97931 -0.0210686 0.201267 7.04584 
0.189966 -0.0597774 0.979969 14.2705 -0.010126 0.997972 0.0628386 0.540847 -0.981739 -0.0218604 0.188975 7.20956 
0.177205 -0.0619243 0.982224 15.0725 -0.0108519 0.997835 0.0648663 0.579317 -0.984114 -0.0221536 0.17615 7.35822 
0.163072 -0.0624337 0.984637 15.8822 -0.011131 0.997816 0.0651129 0.618214 -0.986551 -0.0215781 0.162021 7.50226 
0.14848 -0.0612832 0.987015 16.6959 -0.0125209 0.997882 0.0638415 0.658094 -0.988836 -0.0218375 0.147398 7.63771 
0.131724 -0.0600658 0.989465 17.5144 -0.0131514 0.997969 0.0623329 0.697438 -0.991199 -0.0212235 0.130666 7.75866 
0.11118 -0.0583701 0.992085 18.339 -0.0156841 0.998046 0.0604786 0.735724 -0.993677 -0.022284 0.110048 7.86288 
0.0853367 -0.0571232 0.994713 19.1708 -0.0201751 0.998051 0.0590458 0.769408 -0.996148 -0.0251072 0.084018 7.94896 
0.0545178 -0.0566445 0.996905 20.0107 -0.0242449 0.99802 0.0580338 0.804097 -0.998218 -0.0273337 0.0530365 8.00951 
0.0211516 -0.0564213 0.998183 20.842 -0.0273291 0.998001 0.0569901 0.837294 -0.999403 -0.0284848 0.0195674 8.03308 
-0.0135934 -0.0557733 0.998351 21.6863 -0.0290869 0.998043 0.0553601 0.867633 -0.999484 -0.0282864 -0.0151891 8.02868 
-0.047753 -0.0544786 0.997372 22.5291 -0.0299339 0.998141 0.0530874 0.897583 -0.998411 -0.0273202 -0.049295 7.99387 
-0.0806878 -0.0524891 0.995356 23.3672 -0.0315609 0.998246 0.050083 0.923683 -0.99624 -0.0273732 -0.0822029 7.93019 
-0.113282 -0.0496566 0.992321 24.2109 -0.0339503 0.998361 0.0460831 0.947101 -0.992983 -0.0284692 -0.114782 7.84328 
-0.145796 -0.0451797 0.988283 25.0447 -0.0311493 0.998671 0.0410594 0.966591 -0.988824 -0.024798 -0.147009 7.72071 
-0.177322 -0.0392227 0.983371 25.8694 -0.0256665 0.99905 0.0352199 0.981764 -0.983818 -0.0189945 -0.17816 7.56665 
-0.207679 -0.0329774 0.977641 26.6935 -0.019401 0.999374 0.0295892 0.990818 -0.978005 -0.0128222 -0.208189 7.38721 
-0.236468 -0.0271011 0.971261 27.5079 -0.0130281 0.99961 0.0247203 0.997259 -0.971552 -0.00680812 -0.236728 7.18039 
-0.264327 -0.021123 0.964202 28.3178 -0.00461415 0.999776 0.0206374 0.995918 -0.964422 0.00100604 -0.264365 6.95451 
-0.29033 -0.0106669 0.956867 29.1167 0.00137664 0.999932 0.0115648 0.988277 -0.956926 0.00467486 -0.290296 6.70621 
-0.315315 0.00488932 0.948975 29.908 0.00634231 0.999975 -0.0030447 0.973613 -0.948966 0.00505865 -0.315338 6.43042 
-0.340042 0.0222286 0.940148 30.682 0.00716286 0.999753 -0.0210471 0.954293 -0.940383 -0.000422735 -0.340117 6.15398 
-0.365083 0.0370996 0.930235 31.4409 0.00782973 0.999293 -0.0367808 0.919598 -0.930942 -0.00614457 -0.365116 5.86035 
-0.389383 0.047576 0.919846 32.1946 0.0116648 0.99884 -0.0467237 0.876445 -0.921002 -0.00746365 -0.389486 5.54329 
-0.412576 0.0515662 0.909463 32.9488 0.0147135 0.998643 -0.0499479 0.823827 -0.910805 -0.00722595 -0.412775 5.19756 
-0.43506 0.0513223 0.898937 33.6828 0.0181136 0.998671 -0.0482497 0.774168 -0.900219 -0.00470853 -0.435412 4.84544 
-0.454963 0.0470902 0.889265 34.4184 0.0216262 0.998891 -0.041831 0.720842 -0.890248 0.000199887 -0.455476 4.4674 
-0.472548 0.045942 0.880107 35.1342 0.0292697 0.998908 -0.0364279 0.672983 -0.880819 0.00854649 -0.473377 4.07428 
-0.486061 0.0464039 0.872692 35.842 0.0314399 0.998871 -0.0356022 0.624441 -0.873359 0.0101325 -0.486971 3.67811 
-0.496961 0.0505829 0.866297 36.5384 0.0356933 0.998646 -0.0378348 0.577161 -0.867039 0.0121185 -0.498094 3.2817 
-0.50665 0.0529462 0.860524 37.2329 0.0360275 0.998541 -0.0402261 0.532407 -0.861399 0.010622 -0.507819 2.87196 
-0.517369 0.0522301 0.854167 37.917 0.0300432 0.998629 -0.0428664 0.48377 -0.855235 0.0034842 -0.518229 2.47713 
-0.528239 0.0508593 0.847571 38.5994 0.0294041 0.998702 -0.0416023 0.436338 -0.848586 0.00294605 -0.529049 2.06089 
-0.536864 0.0520943 0.842059 39.2798 0.0312388 0.998635 -0.0418643 0.388923 -0.84309 0.00382947 -0.537759 1.63416 
-0.544095 0.0550753 0.837214 39.9607 0.0342284 0.99847 -0.0434387 0.3417 -0.838325 0.0050217 -0.545148 1.19907 
-0.547719 0.0579558 0.834652 40.6549 0.03518 0.998311 -0.0462338 0.298812 -0.835922 0.0040399 -0.548833 0.762347 
-0.547373 0.0601319 0.834726 41.368 0.0345802 0.998189 -0.0492314 0.257465 -0.836174 0.00191706 -0.548461 0.306163 
-0.543997 0.060446 0.836907 42.0975 0.0367061 0.998161 -0.0482334 0.206999 -0.838284 0.00448078 -0.545215 -0.160038 
-0.53821 0.0592714 0.840724 42.8483 0.0347442 0.998236 -0.0481336 0.154857 -0.842094 0.00330431 -0.53932 -0.620609 
-0.531354 0.0579619 0.845165 43.6196 0.0322937 0.998317 -0.0481621 0.106618 -0.846534 0.00170238 -0.532332 -1.0828 
-0.524101 0.0576095 0.849705 44.4102 0.0304276 0.998339 -0.0489189 0.0562174 -0.851112 0.000216035 -0.524984 -1.55678 
-0.517767 0.0560775 0.853682 45.2149 0.0276789 0.998425 -0.048798 -0.00189958 -0.855074 -0.00163706 -0.518504 -2.02479 
-0.513463 0.0537332 0.856428 46.0385 0.0230968 0.998541 -0.048802 -0.0545226 -0.857801 -0.0052773 -0.513955 -2.49472 
-0.512268 0.0510626 0.857306 46.8766 0.0188206 0.998659 -0.0482359 -0.109306 -0.858619 -0.00857467 -0.512542 -2.96558 
-0.512774 0.0485236 0.857151 47.7224 0.0154777 0.998762 -0.047281 -0.16389 -0.858384 -0.0109778 -0.51289 -3.44491 
-0.513813 0.0473653 0.856594 48.5793 0.0144963 0.998812 -0.0465339 -0.223967 -0.85778 -0.0114923 -0.513889 -3.93637 
-0.514539 0.046481 0.856206 49.4394 0.0144275 0.998858 -0.0455549 -0.282746 -0.857345 -0.0110869 -0.514622 -4.42681 
-0.515254 0.0460858 0.855797 50.31 0.014212 0.998875 -0.045234 -0.335841 -0.85692 -0.0111444 -0.51533 -4.91475 
-0.516037 0.0450695 0.85538 51.2093 0.0142585 0.998928 -0.0440311 -0.398963 -0.856447 -0.0105252 -0.516127 -5.4002 
-0.516249 0.044686 0.855272 52.1068 0.0139355 0.998944 -0.0437809 -0.461998 -0.856325 -0.0106832 -0.516327 -5.92685 
-0.516619 0.0431613 0.855127 53.0111 0.0121666 0.998998 -0.0430725 -0.519476 -0.856129 -0.0118481 -0.516627 -6.44753 
-0.517061 0.0423066 0.854903 53.9102 0.0111489 0.999026 -0.0426958 -0.582272 -0.855876 -0.0125451 -0.517029 -6.95694 
-0.516663 0.0416472 0.855175 54.7954 0.00980717 0.999039 -0.0427282 -0.641195 -0.856133 -0.0136892 -0.516575 -7.46639 
-0.515647 0.0400067 0.855866 55.6793 0.00949657 0.999115 -0.0409811 -0.703638 -0.856748 -0.013004 -0.515571 -7.97166 
-0.513819 0.0381343 0.857051 56.5764 0.00970467 0.999206 -0.0386412 -0.758709 -0.857844 -0.0115372 -0.513781 -8.4827 
-0.511854 0.0366879 0.858289 57.4565 0.00996814 0.999274 -0.0367696 -0.817096 -0.859014 -0.0102652 -0.511849 -8.97531 
-0.510058 0.0363904 0.85937 58.3537 0.0101239 0.999289 -0.0363065 -0.876488 -0.860081 -0.00981828 -0.510064 -9.46225 
-0.508513 0.0365879 0.860276 59.2382 0.0102363 0.999283 -0.0364491 -0.932988 -0.860993 -0.00972878 -0.508523 -9.95602 
-0.508171 0.0370519 0.860459 60.1221 0.00988091 0.999259 -0.0371932 -0.98883 -0.8612 -0.0103984 -0.508161 -10.4456 
-0.509366 0.0383081 0.859697 61.0054 0.00918418 0.999194 -0.0390824 -1.04758 -0.860501 -0.0120116 -0.509307 -10.9407 
-0.512464 0.0401031 0.857772 61.8803 0.00790854 0.999087 -0.0419851 -1.10519 -0.858672 -0.0147321 -0.512313 -11.44 
-0.51732 0.0407054 0.854823 62.7822 0.00679617 0.999032 -0.0434595 -1.16485 -0.855765 -0.016673 -0.517096 -11.9418 
-0.5228 0.0394223 0.851543 63.6512 0.00818972 0.999116 -0.0412261 -1.22409 -0.852416 -0.0145791 -0.522661 -12.4546 
-0.528241 0.0371099 0.848283 64.5118 0.0093972 0.999239 -0.0378619 -1.28554 -0.849042 -0.0120288 -0.528188 -12.9763 
-0.53409 0.0345569 0.844721 65.3912 0.00617126 0.999297 -0.0369785 -1.34264 -0.845405 -0.0145369 -0.533928 -13.486 
-0.539079 0.0378216 0.841406 66.2337 0.00829548 0.999181 -0.0395988 -1.39917 -0.842215 -0.014367 -0.538951 -14.0108 
-0.544037 0.0394984 0.838131 67.0663 0.00880757 0.999105 -0.0413674 -1.45482 -0.839015 -0.0151235 -0.543898 -14.5372 
-0.548468 0.0406381 0.835183 67.9012 0.00780969 0.999024 -0.0434815 -1.51078 -0.836135 -0.0173257 -0.54825 -15.0625 
-0.552232 0.0407033 0.832696 68.7326 0.00642822 0.998986 -0.0445686 -1.57055 -0.833666 -0.0192595 -0.551934 -15.5927 
-0.555429 0.0401378 0.830595 69.5514 0.00756659 0.999037 -0.0432177 -1.62952 -0.831529 -0.0177196 -0.555198 -16.1231 
-0.557808 0.0336504 0.829288 70.3714 0.00843071 0.999356 -0.0348805 -1.6809 -0.829927 -0.0124651 -0.557732 -16.6575 
-0.559901 0.024997 0.828182 71.189 0.00803483 0.999662 -0.0247407 -1.73512 -0.828521 -0.00719807 -0.559912 -17.1928 
-0.56128 0.0236741 0.827287 71.9975 0.0092431 0.999708 -0.0223371 -1.78096 -0.827574 -0.00489069 -0.561335 -17.7237 
-0.562488 0.0280398 0.82633 72.796 0.00872207 0.99957 -0.0279812 -1.81902 -0.82676 -0.00853175 -0.562491 -18.2478 
-0.563579 0.034548 0.825339 73.5918 0.0105315 0.999344 -0.0346404 -1.86304 -0.825995 -0.0108306 -0.563574 -18.7751 
-0.563988 0.0383212 0.824893 74.3877 0.0155951 0.999239 -0.035758 -1.90697 -0.825636 -0.00730274 -0.564156 -19.3093 
-0.563748 0.0397455 0.82499 75.1774 0.0189637 0.999201 -0.0351798 -1.95629 -0.825729 -0.00418768 -0.564051 -19.8426 
-0.563276 0.0363332 0.825469 75.9682 0.0175399 0.999333 -0.0320171 -2.00565 -0.826082 -0.00355584 -0.563538 -20.3648 
-0.562597 0.0316286 0.826126 76.7622 0.0164025 0.999498 -0.0270959 -2.04859 -0.826569 -0.00169357 -0.562833 -20.8875 
-0.561928 0.0250022 0.826809 77.5581 0.0129862 0.999687 -0.021404 -2.0901 -0.827085 -0.0012904 -0.562076 -21.4028 
-0.561494 0.0193457 0.827254 78.3539 0.00438377 0.999782 -0.0204049 -2.1296 -0.827469 -0.00783075 -0.561457 -21.9066 
-0.559993 0.014174 0.828376 79.1539 -0.00306841 0.999811 -0.0191816 -2.16181 -0.828492 -0.0132834 -0.559844 -22.4094 
-0.557923 0.0151036 0.829755 79.9447 0.000360226 0.999839 -0.0179573 -2.19737 -0.829893 -0.00971992 -0.557839 -22.9244 
-0.554863 0.0182467 0.831742 80.7289 0.00422437 0.999808 -0.0191156 -2.23596 -0.831931 -0.00709299 -0.554834 -23.4338 
-0.549585 0.0216398 0.835158 81.5206 0.00661894 0.999746 -0.0215487 -2.26901 -0.835412 -0.006315 -0.549588 -23.9373 
-0.541685 0.0239776 0.84024 82.312 0.0117839 0.999712 -0.0209315 -2.30566 -0.840499 -0.00143697 -0.541811 -24.4408 
-0.533583 0.0273634 0.845305 83.1064 0.0191582 0.999611 -0.0202652 -2.34518 -0.845531 0.00538136 -0.533899 -24.9343 
-0.523921 0.0264221 0.851357 83.9116 0.0161023 0.999647 -0.021115 -2.37531 -0.851614 0.00264622 -0.524162 -25.4102 
-0.512935 0.0242651 0.858085 84.7232 0.0137591 0.999704 -0.0200451 -2.40644 -0.858317 0.00152465 -0.513117 -25.8751 
-0.501448 0.0209333 0.864934 85.5353 0.0139089 0.999773 -0.0161329 -2.44211 -0.865076 0.00394044 -0.501626 -26.3273 
-0.490571 0.0201549 0.871168 86.3504 0.0135305 0.999788 -0.0155113 -2.4788 -0.871296 0.00417791 -0.49074 -26.7653 
-0.478751 0.0194459 0.877735 87.1749 0.0139879 0.999797 -0.0145205 -2.50713 -0.877839 0.00532597 -0.478926 -27.1928 
-0.46704 0.0204431 0.884 88.004 0.0153812 0.999769 -0.014994 -2.54023 -0.884102 0.00659421 -0.467247 -27.6105 
-0.4552 0.0241671 0.890061 88.835 0.0150148 0.999698 -0.019465 -2.57893 -0.890263 0.00450364 -0.455425 -28.0153 
-0.443834 0.0335665 0.89548 89.6599 0.0177241 0.999432 -0.0286783 -2.61236 -0.895934 0.00314319 -0.444177 -28.4087 
-0.431171 0.0381066 0.901465 90.4927 0.0172527 0.999273 -0.0339891 -2.64958 -0.902106 0.000897618 -0.431515 -28.7888 
-0.419975 0.0346526 0.906874 91.3386 0.0156723 0.999399 -0.0309302 -2.69565 -0.907401 0.00122295 -0.420265 -29.1571 
-0.408533 0.0310045 0.912217 92.1839 0.0142979 0.999518 -0.0275684 -2.74098 -0.912632 0.00178018 -0.408779 -29.5156 
-0.398918 0.0317147 0.916438 93.0202 0.0115747 0.999496 -0.0295507 -2.78677 -0.916914 -0.00118081 -0.399084 -29.8569 
-0.392261 0.0360461 0.919148 93.8561 0.00678194 0.999318 -0.0362958 -2.83496 -0.919829 -0.00800383 -0.392238 -30.1851 
-0.38758 0.0408924 0.920929 94.6944 0.00116483 0.999037 -0.0438703 -2.88227 -0.921835 -0.0159305 -0.387254 -30.509 
-0.38416 0.0428123 0.922273 95.534 -0.0013685 0.998897 -0.0469392 -2.93654 -0.923266 -0.0192943 -0.383678 -30.8348 
-0.380677 0.0424742 0.923732 96.3704 -0.00313325 0.99888 -0.0472208 -2.99165 -0.924703 -0.0208701 -0.380117 -31.1562 
-0.37571 0.0426585 0.925755 97.204 -0.003904 0.998858 -0.0476115 -3.04722 -0.926729 -0.0215023 -0.375115 -31.4742 
-0.369857 0.0382754 0.9283 98.0461 -0.00666932 0.999016 -0.0438484 -3.10365 -0.929065 -0.0224088 -0.369238 -31.7897 
-0.364705 0.0345839 0.930481 98.892 -0.00683752 0.999184 -0.0398174 -3.15881 -0.931098 -0.0208838 -0.364171 -32.0995 
-0.358907 0.0315966 0.932839 99.7352 -0.00866379 0.999271 -0.0371801 -3.21272 -0.933333 -0.0214261 -0.358371 -32.4034 
-0.353383 0.0298569 0.935002 100.585 -0.017015 0.99912 -0.0383351 -3.26181 -0.935324 -0.029456 -0.352564 -32.6925 
-0.347456 0.0300455 0.937215 101.433 -0.0241173 0.99887 -0.040963 -3.31018 -0.937386 -0.0368359 -0.346339 -32.9733 
-0.340988 0.0341331 0.939448 102.273 -0.0224435 0.99876 -0.0444343 -3.36327 -0.9398 -0.036236 -0.339799 -33.2573 
-0.333928 0.0374147 0.941856 103.114 -0.0207575 0.998678 -0.0470313 -3.4157 -0.94237 -0.0352556 -0.33271 -33.5392 
-0.327687 0.0354738 0.94412 103.968 -0.0220787 0.998734 -0.0451889 -3.46737 -0.944529 -0.0356527 -0.326489 -33.814 
-0.320681 0.0307369 0.946688 104.824 -0.0223388 0.99895 -0.0400008 -3.52186 -0.946924 -0.0339754 -0.319658 -34.0847 
-0.313706 0.0280331 0.949106 105.686 -0.023889 0.999015 -0.0374032 -3.57571 -0.94922 -0.0344068 -0.312728 -34.3498 
-0.307444 0.0312816 0.951052 106.539 -0.0256365 0.998824 -0.0411403 -3.62417 -0.951221 -0.03703 -0.306281 -34.605 
-0.301163 0.0339298 0.952969 107.394 -0.0252321 0.998733 -0.0435331 -3.67441 -0.953239 -0.037156 -0.299925 -34.8554 
-0.294711 0.0346737 0.954957 108.264 -0.0270706 0.998638 -0.0446139 -3.72277 -0.955203 -0.0389995 -0.293371 -35.0917 
-0.287943 0.0340008 0.957044 109.122 -0.0272768 0.998673 -0.0436864 -3.77744 -0.957259 -0.0386843 -0.286634 -35.3288 
-0.279821 0.0339561 0.959452 109.979 -0.0229028 0.998854 -0.0420301 -3.83153 -0.959779 -0.033735 -0.278723 -35.5665 
-0.272093 0.0351122 0.96163 110.839 -0.0203481 0.998901 -0.0422305 -3.88309 -0.962056 -0.031058 -0.271079 -35.7982 
-0.265545 0.0354965 0.963445 111.697 -0.019483 0.99892 -0.0421734 -3.93712 -0.963902 -0.0299697 -0.264567 -36.0164 
-0.258966 0.034369 0.965275 112.565 -0.0256683 0.998769 -0.0424479 -3.98693 -0.965545 -0.0357696 -0.257765 -36.2201 
-0.25311 0.0324191 0.966894 113.441 -0.0297484 0.998705 -0.0412731 -4.0397 -0.96698 -0.0392102 -0.251818 -36.4203 
-0.248594 0.0326766 0.968057 114.319 -0.026819 0.998815 -0.0406019 -4.09092 -0.968237 -0.0360557 -0.247423 -36.6278 
-0.244147 0.0329379 0.969179 115.191 -0.0251558 0.998872 -0.0402841 -4.14318 -0.969412 -0.0342157 -0.243043 -36.8291 
-0.23951 0.0343048 0.970288 116.061 -0.0245458 0.998842 -0.0413733 -4.19203 -0.970584 -0.0337258 -0.238391 -37.0254 
-0.233551 0.0335286 0.971766 116.938 -0.0183169 0.999076 -0.0388731 -4.23975 -0.972172 -0.0268786 -0.232721 -37.2245 
-0.228141 0.0324816 0.973086 117.808 -0.0109556 0.999294 -0.035925 -4.2868 -0.973567 -0.0188567 -0.227624 -37.4236 
-0.223136 0.031478 0.974279 118.683 -0.00920357 0.999366 -0.0343963 -4.33752 -0.974744 -0.0166419 -0.222704 -37.6109 
-0.219093 0.0332193 0.975138 119.56 -0.0111251 0.99927 -0.0365409 -4.38181 -0.975641 -0.0188543 -0.218564 -37.7878 
-0.215528 0.035236 0.975862 120.433 -0.0127559 0.999162 -0.0388945 -4.42434 -0.976414 -0.0208309 -0.214898 -37.9614 
-0.213924 0.0346513 0.976235 121.305 -0.0152081 0.999131 -0.0387965 -4.47351 -0.976732 -0.0231462 -0.213212 -38.1299 
-0.212939 0.0336614 0.976486 122.179 -0.0155978 0.999162 -0.0378444 -4.52024 -0.976941 -0.0232896 -0.212235 -38.3008 
-0.211959 0.0291417 0.976844 123.056 -0.0142475 0.999357 -0.0329047 -4.56668 -0.977175 -0.020892 -0.211408 -38.4754 
-0.210776 0.024053 0.977238 123.927 -0.0149893 0.9995 -0.0278339 -4.61153 -0.977419 -0.0205149 -0.210311 -38.6465 
-0.209977 0.0222269 0.977454 124.791 -0.0145307 0.99956 -0.025851 -4.65324 -0.977598 -0.0196312 -0.209561 -38.8156 
-0.208736 0.0271419 0.977595 125.646 -0.0144398 0.99942 -0.030831 -4.69344 -0.977866 -0.0205519 -0.208223 -38.9834 
-0.208623 0.0308571 0.977509 126.497 -0.0145129 0.999294 -0.0346422 -4.73563 -0.977888 -0.0214137 -0.208028 -39.1495 
-0.208577 0.0299109 0.977549 127.353 -0.0177664 0.999251 -0.0343657 -4.77853 -0.977845 -0.0245354 -0.207889 -39.3119 
-0.208024 0.0290317 0.977693 128.203 -0.0193295 0.999242 -0.0337843 -4.82664 -0.977933 -0.0259263 -0.207305 -39.4742 
-0.207178 0.0298 0.977849 129.052 -0.0146595 0.999329 -0.0335604 -4.87333 -0.978194 -0.0212878 -0.206602 -39.6452 
-0.206233 0.0324244 0.977966 129.893 -0.0165337 0.999193 -0.0366148 -4.91436 -0.978363 -0.0237205 -0.20553 -39.8077 
-0.20675 0.0332467 0.977829 130.729 -0.0252368 0.998909 -0.0392994 -4.96137 -0.978068 -0.0328024 -0.205686 -39.9534 
-0.206254 0.0347158 0.977883 131.562 -0.0310278 0.998636 -0.0419968 -5.01036 -0.978007 -0.0390035 -0.204895 -40.103 
-0.206023 0.0382873 0.977798 132.387 -0.0282087 0.998587 -0.0450449 -5.06069 -0.97814 -0.0368627 -0.204652 -40.2599 
-0.205373 0.0393345 0.977893 133.213 -0.0268505 0.998589 -0.045806 -5.11273 -0.978315 -0.0356642 -0.204027 -40.4181 
-0.203587 0.0404859 0.97822 134.032 -0.0269205 0.998535 -0.0469294 -5.16755 -0.978687 -0.0358883 -0.202198 -40.5708 
-0.20157 0.0399784 0.978658 134.847 -0.0185686 0.998831 -0.044627 -5.21769 -0.979298 -0.0271678 -0.200592 -40.733 
-0.198343 0.0367062 0.979445 135.657 -0.0143193 0.999083 -0.0403419 -5.26823 -0.980028 -0.0220265 -0.197636 -40.8912 
-0.196258 0.0319336 0.980032 136.475 -0.0103636 0.999346 -0.0346382 -5.31974 -0.980498 -0.0169547 -0.195799 -41.0464 
-0.192629 0.0313954 0.980769 137.279 -0.00907798 0.999388 -0.0337743 -5.36692 -0.98123 -0.0154093 -0.192226 -41.1893 
-0.18785 0.036319 0.981526 138.077 -0.00875708 0.999214 -0.0386495 -5.41574 -0.982159 -0.0158556 -0.187384 -41.3275 
-0.181137 0.0395171 0.982664 138.872 -0.00712213 0.999114 -0.0414914 -5.4601 -0.983432 -0.0145143 -0.180695 -41.4604 
-0.173 0.0404069 0.984093 139.67 -0.00714853 0.99908 -0.042279 -5.50003 -0.984896 -0.0143491 -0.172552 -41.5836 
-0.163237 0.0359549 0.985932 140.475 -0.00512063 0.999291 -0.0372898 -5.54792 -0.986574 -0.0111357 -0.162937 -41.7031 
-0.151414 0.0346894 0.987862 141.271 -0.00134972 0.999376 -0.0353006 -5.59416 -0.98847 -0.00667836 -0.151273 -41.8142 
-0.137568 0.0375025 0.989782 142.059 0.00273665 0.999294 -0.0374825 -5.63518 -0.990489 -0.00244769 -0.137573 -41.9128 
-0.123227 0.0387634 0.991621 142.847 0.00281413 0.999246 -0.0387117 -5.67795 -0.992375 -0.00197978 -0.123243 -41.9973 
-0.109228 0.0388918 0.993256 143.634 0.00437861 0.999243 -0.0386447 -5.72137 -0.994007 0.000127999 -0.109315 -42.0703 
-0.095705 0.040589 0.994582 144.413 0.00503468 0.999175 -0.0402919 -5.76911 -0.995397 0.00115126 -0.0958304 -42.1296 
-0.0821364 0.0467257 0.995525 145.185 0.00189595 0.998906 -0.0467279 -5.8213 -0.996619 -0.0019506 -0.0821351 -42.1713 
-0.0695242 0.0560183 0.996006 145.948 -0.00549236 0.998386 -0.0565355 -5.87057 -0.997565 -0.00940101 -0.0691042 -42.1958 
-0.0559004 0.0639199 0.996388 146.707 -0.0097778 0.997866 -0.0645632 -5.92243 -0.998389 -0.0133516 -0.055156 -42.2136 
-0.0427182 0.0647154 0.996989 147.472 -0.0106488 0.997814 -0.0652252 -5.97693 -0.99903 -0.013403 -0.0419357 -42.2285 
-0.0310748 0.0607796 0.997667 148.239 -0.0147852 0.998012 -0.0612611 -6.03698 -0.999408 -0.0166544 -0.0301144 -42.2285 
-0.0202843 0.0585184 0.99808 149.003 -0.0185448 0.998092 -0.0588959 -6.09918 -0.999622 -0.0197039 -0.0191604 -42.2198 
-0.0113814 0.0649218 0.997825 149.757 -0.0221421 0.997629 -0.0651615 -6.16278 -0.99969 -0.0228356 -0.00991694 -42.205 
-0.0047294 0.0728833 0.997329 150.502 -0.0252141 0.997015 -0.0729799 -6.22089 -0.999671 -0.0254919 -0.0028776 -42.1891 
-0.00147178 0.075776 0.997124 151.253 -0.0282187 0.996725 -0.0757872 -6.27937 -0.999601 -0.0282491 0.000671332 -42.1716 
-0.00155351 0.0711639 0.997463 152.008 -0.0305478 0.996996 -0.0711781 -6.3437 -0.999532 -0.0305809 0.000625056 -42.1547 
-0.00327463 0.0667468 0.997765 152.759 -0.0320983 0.997249 -0.0668176 -6.41385 -0.999479 -0.0322453 -0.00112317 -42.1409 
-0.00613843 0.0639213 0.997936 153.505 -0.0306457 0.997474 -0.0640802 -6.47249 -0.999512 -0.0309758 -0.00416402 -42.1323 
-0.00880899 0.0642542 0.997895 154.248 -0.0287791 0.997504 -0.064483 -6.52863 -0.999547 -0.0292865 -0.00693783 -42.1288 
-0.0123694 0.0642605 0.997857 154.992 -0.0269182 0.99755 -0.0645744 -6.59013 -0.999561 -0.0276592 -0.0106093 -42.1283 
-0.0166886 0.06285 0.997883 155.738 -0.0278603 0.997606 -0.0632984 -6.65071 -0.999473 -0.0288577 -0.0148977 -42.1301 
-0.0219906 0.063296 0.997753 156.478 -0.0283776 0.997552 -0.0639087 -6.70365 -0.999355 -0.0297193 -0.0201406 -42.1346 
-0.027934 0.0613281 0.997727 157.215 -0.0296057 0.997628 -0.0621509 -6.76044 -0.999171 -0.0312745 -0.026052 -42.1403 
-0.0336993 0.0584539 0.997721 157.949 -0.0271342 0.997867 -0.0593789 -6.82291 -0.999064 -0.0290733 -0.0320413 -42.1562 
-0.0389742 0.0583839 0.997533 158.678 -0.0276032 0.997848 -0.0594807 -6.87794 -0.998859 -0.0298533 -0.0372788 -42.1732 
-0.0444056 0.0596999 0.997228 159.404 -0.0293517 0.997704 -0.0610354 -6.93155 -0.998582 -0.0319806 -0.0425513 -42.1903 
-0.0484271 0.0618174 0.996912 160.125 -0.0295922 0.997556 -0.0632948 -6.99201 -0.998388 -0.0325661 -0.0464794 -42.2119 
-0.0508881 0.0641583 0.996641 160.84 -0.0295075 0.997402 -0.0657139 -7.04968 -0.998268 -0.0327524 -0.0488628 -42.2369 
-0.0523338 0.0657285 0.996464 161.554 -0.0267762 0.997381 -0.0671952 -7.10394 -0.998271 -0.0301981 -0.0504367 -42.2669 
-0.0513676 0.0643131 0.996607 162.265 -0.0235034 0.99757 -0.0655867 -7.16005 -0.998403 -0.0267927 -0.0497312 -42.297 
-0.0473325 0.0605334 0.997043 162.976 -0.0208445 0.997885 -0.061574 -7.21975 -0.998662 -0.0236973 -0.0459706 -42.3219 
-0.0396477 0.0602835 0.997394 163.679 -0.0196303 0.997939 -0.0610967 -7.2792 -0.999021 -0.0220015 -0.0383826 -42.3376 
-0.0284405 0.0610875 0.997727 164.373 -0.0169807 0.997957 -0.0615856 -7.33447 -0.999451 -0.0186936 -0.027345 -42.3438 
-0.0138613 0.0612732 0.998025 165.065 -0.0144651 0.998004 -0.0614728 -7.38749 -0.999799 -0.0152886 -0.0129473 -42.3417 
0.00126133 0.0589308 0.998261 165.752 -0.0158706 0.998138 -0.0589034 -7.43705 -0.999873 -0.0157687 0.00219425 -42.3211 
0.0173835 0.0540976 0.998384 166.439 -0.0206186 0.998342 -0.0537363 -7.48825 -0.999636 -0.0196511 0.0184701 -42.2838 
0.0337258 0.0475171 0.998301 167.125 -0.0217165 0.998668 -0.0468009 -7.53551 -0.999195 -0.0201012 0.0347128 -42.2404 
0.0509354 0.0401778 0.997893 167.806 -0.0219866 0.998993 -0.0390998 -7.57621 -0.99846 -0.0199488 0.0517675 -42.1887 
0.0686547 0.0328082 0.997101 168.48 -0.0226698 0.999252 -0.031318 -7.61304 -0.997383 -0.020454 0.0693471 -42.124 
0.0857583 0.0268295 0.995955 169.146 -0.024543 0.999391 -0.0248087 -7.64872 -0.996014 -0.0223162 0.0863645 -42.0447 
0.103922 0.0245561 0.994282 169.804 -0.0250884 0.999442 -0.0220612 -7.68087 -0.994269 -0.0226523 0.104481 -41.9569 
0.121969 0.0231935 0.992263 170.451 -0.0236688 0.999511 -0.0204535 -7.70677 -0.992252 -0.020991 0.122458 -41.86 
0.139447 0.0226905 0.98997 171.092 -0.0251314 0.999497 -0.0193688 -7.72924 -0.989911 -0.0221784 0.139947 -41.7494 
0.155358 0.0216884 0.98762 171.724 -0.0300474 0.9994 -0.0172205 -7.75171 -0.987401 -0.0270001 0.155916 -41.6223 
0.169751 0.0180775 0.985321 172.352 -0.0322977 0.999397 -0.0127715 -7.77448 -0.984958 -0.0296557 0.170232 -41.4889 
0.182118 0.0141602 0.983175 172.974 -0.0287665 0.999545 -0.0090674 -7.79361 -0.982856 -0.0266312 0.182443 -41.3597 
0.192905 0.0131249 0.98113 173.59 -0.0269064 0.999605 -0.00808181 -7.81161 -0.980848 -0.0248396 0.193182 -41.2263 
0.20291 0.016743 0.979054 174.194 -0.0309765 0.999463 -0.0106721 -7.83318 -0.978707 -0.0281622 0.20332 -41.0795 
0.211989 0.0239287 0.976979 174.791 -0.0351644 0.99924 -0.0168437 -7.85465 -0.976639 -0.0307842 0.212669 -40.9248 
0.221158 0.0337372 0.974654 175.377 -0.0349054 0.999035 -0.0266608 -7.87805 -0.974613 -0.0281244 0.222123 -40.777 
0.229605 0.0394278 0.972485 175.97 -0.0291887 0.999009 -0.0336117 -7.89732 -0.972846 -0.0206682 0.230528 -40.6327 
0.236279 0.0374876 0.970962 176.571 -0.0284304 0.999094 -0.0316553 -7.91827 -0.971269 -0.0201254 0.237131 -40.4744 
0.242328 0.0300565 0.969729 177.181 -0.0309053 0.999252 -0.0232485 -7.93868 -0.969702 -0.024336 0.243075 -40.3044 
0.246574 0.0196023 0.968926 177.791 -0.0355683 0.999305 -0.0111654 -7.96379 -0.968471 -0.0317099 0.2471 -40.1254 
0.248772 0.0112705 0.968497 178.403 -0.035535 0.999365 -0.00250198 -7.98824 -0.96791 -0.0337931 0.249014 -39.9524 
0.249847 0.0106124 0.968227 179.018 -0.0321851 0.999478 -0.00264968 -8.00527 -0.96775 -0.0305004 0.250058 -39.7881 
0.251176 0.0125214 0.967861 179.619 -0.0285547 0.999577 -0.00552125 -8.01764 -0.96752 -0.0262501 0.251427 -39.6271 
0.2529 0.0120149 0.967418 180.224 -0.0250412 0.999669 -0.00586925 -8.0262 -0.967168 -0.0227409 0.253117 -39.4609 
0.254742 0.00968927 0.96696 180.833 -0.0266632 0.99964 -0.00299236 -8.03504 -0.966641 -0.02502 0.254909 -39.2878 
0.25782 0.0059344 0.966175 181.446 -0.026809 0.99964 0.00101398 -8.04631 -0.965821 -0.0261636 0.257887 -39.1127 
0.260984 0.000523157 0.965343 182.064 -0.0259401 0.999643 0.00647129 -8.05998 -0.964995 -0.02673 0.260904 -38.9352 
0.265402 -0.00226686 0.964135 182.681 -0.0247332 0.999652 0.00915884 -8.06663 -0.963821 -0.0262769 0.265253 -38.7535 
0.271922 -0.00455591 0.962309 183.302 -0.0227582 0.999679 0.0111637 -8.0686 -0.96205 -0.0249361 0.271731 -38.5681 
0.280017 -0.00771101 0.959964 183.93 -0.0211801 0.999675 0.0142082 -8.07143 -0.959761 -0.0243107 0.279763 -38.3766 
0.289835 -0.00966227 0.957028 184.556 -0.0187835 0.999699 0.0157817 -8.07693 -0.956892 -0.0225504 0.289567 -38.1751 
0.301135 -0.00772788 0.95355 185.177 -0.0201615 0.999692 0.0144689 -8.08314 -0.953368 -0.0235821 0.300886 -37.9631 
0.312796 -0.0040597 0.949812 185.797 -0.021132 0.999714 0.0112323 -8.08573 -0.949585 -0.0235848 0.31262 -37.7403 
0.324839 -0.000919794 0.945769 186.431 -0.0220417 0.999721 0.00854288 -8.08368 -0.945513 -0.0236214 0.324728 -37.5087 
0.336805 -0.000921507 0.941574 187.057 -0.0204372 0.999757 0.00828895 -8.08509 -0.941353 -0.0220349 0.336704 -37.272 
0.348149 -0.00409436 0.93743 187.681 -0.0195838 0.999741 0.0116397 -8.08676 -0.937235 -0.0224107 0.347978 -37.022 
0.359212 -0.0053668 0.933241 188.309 -0.0206493 0.999693 0.0136971 -8.08856 -0.933028 -0.0241909 0.358991 -36.7564 
0.370626 -0.00596522 0.928763 188.939 -0.0222873 0.999634 0.0153143 -8.08886 -0.928515 -0.0263754 0.370358 -36.4826 
0.38026 -0.00713937 0.924852 189.573 -0.0260608 0.99949 0.0184307 -8.08522 -0.924512 -0.0311109 0.379881 -36.1971 
0.387513 -0.00604804 0.921844 190.208 -0.0296905 0.999378 0.0190377 -8.08253 -0.921386 -0.0347474 0.387092 -35.9095 
0.392037 -0.0091774 0.919904 190.85 -0.0296112 0.999306 0.0225891 -8.08084 -0.919473 -0.0360952 0.391493 -35.6201 
0.394307 -0.0129483 0.918888 191.499 -0.0267401 0.999316 0.0255562 -8.07482 -0.91859 -0.0346482 0.393691 -35.3303 
0.394621 -0.0123443 0.918761 192.151 -0.0222294 0.999489 0.0229768 -8.0693 -0.918575 -0.0294907 0.394145 -35.0452 
0.393612 -0.0120327 0.919198 192.817 -0.0209689 0.999537 0.0220635 -8.06876 -0.919037 -0.027959 0.393177 -34.7492 
0.393083 -0.0108921 0.919438 193.488 -0.0172807 0.999666 0.0192305 -8.05977 -0.91934 -0.0234478 0.392764 -34.4554 
0.392937 -0.0128489 0.919476 194.167 -0.0140136 0.999703 0.0199587 -8.05128 -0.919459 -0.0207276 0.39264 -34.1623 
0.392345 -0.018714 0.919628 194.851 -0.0104482 0.999638 0.0247997 -8.04489 -0.919759 -0.0193385 0.392007 -33.8636 
0.391049 -0.0214666 0.92012 195.532 -0.0105238 0.999558 0.0277925 -8.03942 -0.92031 -0.0205514 0.39065 -33.5615 
0.389212 -0.0240545 0.920834 196.217 -0.00972599 0.999496 0.0302203 -8.03311 -0.921097 -0.0207181 0.388782 -33.2592 
0.387927 -0.0240345 0.921377 196.903 -0.0106402 0.999477 0.0305517 -8.01907 -0.921629 -0.0216555 0.387468 -32.9583 
0.385997 -0.0243166 0.92218 197.59 -0.0121226 0.999433 0.0314279 -8.00747 -0.922421 -0.0233102 0.385483 -32.6559 
0.384402 -0.023253 0.922873 198.277 -0.0129236 0.999449 0.0305655 -8.00311 -0.923076 -0.0236763 0.38389 -32.3551 
0.383187 -0.0198531 0.923458 198.965 -0.0118303 0.999582 0.0263986 -7.99716 -0.923595 -0.0210403 0.382791 -32.0604 
0.382753 -0.0138293 0.923747 199.65 -0.0120275 0.999729 0.0199504 -7.98791 -0.923772 -0.0187464 0.382483 -31.7677 
0.381625 -0.0109331 0.924253 200.334 -0.0142725 0.999741 0.0177193 -7.97997 -0.924207 -0.0199535 0.38137 -31.4703 
0.380089 -0.013484 0.924851 201.017 -0.0157664 0.999654 0.0210542 -7.97643 -0.924815 -0.022584 0.379745 -31.1722 
0.379111 -0.0165499 0.925203 201.71 -0.0175812 0.999531 0.0250835 -7.97508 -0.925184 -0.0257757 0.378642 -30.8752 
0.376638 -0.0157667 0.926226 202.39 -0.0214433 0.999439 0.0257326 -7.97254 -0.926112 -0.0295532 0.376088 -30.5797 
0.371953 -0.0155294 0.928122 203.072 -0.0241862 0.999358 0.0264143 -7.96553 -0.927936 -0.0322726 0.371339 -30.2894 
0.365416 -0.016867 0.930691 203.766 -0.0236329 0.999345 0.0273902 -7.95548 -0.930544 -0.0320037 0.364778 -30.0113 
0.356701 -0.0173382 0.934058 204.455 -0.0229977 0.999362 0.0273329 -7.95234 -0.933935 -0.0312309 0.356075 -29.7431 
0.346756 -0.0163404 0.937813 205.147 -0.0206192 0.999474 0.0250388 -7.95212 -0.937729 -0.0280192 0.346236 -29.4847 
0.336027 -0.0129808 0.941763 205.838 -0.0215497 0.999537 0.0214663 -7.94538 -0.941606 -0.0275079 0.335592 -29.2292 
0.32448 -0.0128836 0.945805 206.533 -0.0244088 0.99946 0.0219886 -7.93489 -0.945578 -0.0302208 0.32399 -28.9781 
0.313598 -0.020895 0.949326 207.239 -0.0192338 0.999413 0.0283511 -7.92736 -0.949361 -0.02715 0.313012 -28.743 
0.305107 -0.0297032 0.951855 207.947 -0.0148376 0.999244 0.0359381 -7.92245 -0.952203 -0.0250882 0.304435 -28.5158 
0.297958 -0.0351428 0.953932 208.656 -0.014553 0.999039 0.0413502 -7.90977 -0.954468 -0.0262032 0.297161 -28.2862 
0.293855 -0.0360283 0.955171 209.367 -0.0199902 0.998839 0.0438254 -7.89299 -0.955641 -0.0319723 0.292794 -28.0513 
0.291437 -0.0381397 0.955829 210.076 -0.0187907 0.998784 0.0455832 -7.87461 -0.956405 -0.0312454 0.290366 -27.8269 
0.289917 -0.0391418 0.956251 210.789 -0.0177815 0.998771 0.0462733 -7.85557 -0.956887 -0.030419 0.288864 -27.6022 
0.289152 -0.0371576 0.956562 211.503 -0.0180851 0.998856 0.0442674 -7.83448 -0.957112 -0.0300995 0.288149 -27.371 
0.288577 -0.0350324 0.956816 212.22 -0.0215759 0.998839 0.0430784 -7.8127 -0.957214 -0.0330756 0.287486 -27.1339 
0.289064 -0.035679 0.956645 212.94 -0.0220487 0.998792 0.0439133 -7.7906 -0.957056 -0.0337865 0.287928 -26.9017 
0.290803 -0.0370646 0.956065 213.661 -0.0225383 0.998707 0.0455732 -7.76957 -0.956518 -0.0348008 0.289592 -26.669 
0.292297 -0.0390204 0.955531 214.387 -0.0211866 0.998658 0.0472625 -7.75114 -0.956093 -0.0340591 0.291078 -26.4365 
0.294227 -0.0402916 0.954886 215.116 -0.0175264 0.998716 0.0475414 -7.73106 -0.955575 -0.0307237 0.293143 -26.2087 
0.29736 -0.0417163 0.953854 215.845 -0.0166356 0.998667 0.0488623 -7.70537 -0.95462 -0.0303976 0.29627 -25.969 
0.301311 -0.0431708 0.952548 216.576 -0.0183493 0.998527 0.051059 -7.68062 -0.953349 -0.0328632 0.300075 -25.718 
0.306631 -0.047099 0.950663 217.315 -0.0197219 0.998246 0.0558176 -7.65216 -0.951624 -0.0358643 0.305164 -25.4603 
0.311621 -0.0507548 0.94885 218.053 -0.0204485 0.997983 0.0600987 -7.62102 -0.949986 -0.0381306 0.309955 -25.2011 
0.315987 -0.0506792 0.947409 218.791 -0.0217648 0.997922 0.0606404 -7.58934 -0.948514 -0.0397817 0.314227 -24.936 
0.320254 -0.0461107 0.946209 219.521 -0.0267455 0.997977 0.0576858 -7.56246 -0.946954 -0.043781 0.318373 -24.6642 
0.32489 -0.0401189 0.944901 220.254 -0.0315207 0.998086 0.053215 -7.52654 -0.945226 -0.0470729 0.323003 -24.3895 
0.329534 -0.0369439 0.943421 220.994 -0.0353774 0.998049 0.0514404 -7.49391 -0.943481 -0.0503271 0.327584 -24.1096 
0.333853 -0.0370819 0.941896 221.733 -0.03728 0.997925 0.0525016 -7.46646 -0.941888 -0.0526417 0.331778 -23.827 
0.337816 -0.0347649 0.94057 222.472 -0.0389484 0.997945 0.0508744 -7.44166 -0.940406 -0.0538199 0.335768 -23.5416 
0.341842 -0.0321237 0.939208 223.208 -0.0392331 0.998056 0.0484161 -7.41548 -0.938938 -0.0533987 0.339917 -23.2583 
0.346459 -0.0320232 0.937518 223.948 -0.038907 0.998067 0.0484695 -7.39175 -0.937258 -0.0532687 0.344544 -22.9683 
0.351333 -0.0333586 0.935656 224.7 -0.038667 0.997995 0.0501004 -7.36628 -0.935452 -0.0537809 0.349338 -22.6783 
0.355572 -0.0339154 0.934033 225.439 -0.0345353 0.998182 0.0493918 -7.34358 -0.934011 -0.0498195 0.353755 -22.3838 
0.360037 -0.0338088 0.932325 226.175 -0.0315253 0.998332 0.0483765 -7.3201 -0.932405 -0.0468091 0.358371 -22.0893 
0.364105 -0.0315867 0.930822 226.906 -0.0325322 0.998384 0.0466049 -7.29403 -0.930789 -0.0472508 0.362489 -21.7866 
0.368746 -0.031934 0.928981 227.641 -0.0369543 0.998116 0.0489791 -7.27006 -0.928795 -0.0523907 0.366872 -21.473 
0.373239 -0.032085 0.92718 228.372 -0.0400188 0.997915 0.0506424 -7.24471 -0.926872 -0.0560063 0.371176 -21.1553 
0.377322 -0.0297958 0.925603 229.098 -0.03721 0.998187 0.047301 -7.22806 -0.925334 -0.0522894 0.37553 -20.845 
0.381196 -0.0232288 0.924202 229.819 -0.036371 0.998534 0.0400986 -7.20862 -0.923779 -0.0488996 0.379792 -20.5316 
0.384493 -0.0164857 0.922981 230.54 -0.042608 0.998458 0.0355835 -7.1834 -0.922144 -0.053008 0.383198 -20.2046 
0.38752 -0.0176625 0.921692 231.266 -0.0482666 0.998056 0.0394193 -7.16149 -0.920597 -0.0597627 0.385914 -19.8734 
0.390095 -0.0278442 0.920353 231.994 -0.047612 0.997596 0.0503617 -7.13952 -0.919543 -0.0634658 0.387831 -19.5463 
0.392062 -0.0401095 0.919064 232.734 -0.0439481 0.997092 0.0622626 -7.10756 -0.918889 -0.0648018 0.389159 -19.2224 
0.393827 -0.0478761 0.917937 233.465 -0.0452525 0.996422 0.0713845 -7.07323 -0.91807 -0.0696521 0.390251 -18.8915 
0.396154 -0.0496735 0.916839 234.198 -0.0465217 0.996167 0.0740728 -7.03694 -0.917005 -0.0719971 0.392325 -18.5567 
0.398912 -0.0450512 0.915882 234.919 -0.0463045 0.996529 0.0691861 -6.99578 -0.915819 -0.0700086 0.395441 -18.2271 
0.403016 -0.0392485 0.914351 235.636 -0.0451133 0.997014 0.0626813 -6.95323 -0.91408 -0.0665109 0.400042 -17.8971 
0.407531 -0.0350688 0.912518 236.353 -0.0446182 0.997304 0.0582538 -6.91759 -0.912101 -0.0644552 0.404868 -17.5614 
0.41168 -0.0331046 0.910727 237.072 -0.0428897 0.997529 0.0556475 -6.88418 -0.910319 -0.0619698 0.409243 -17.2231 
0.415529 -0.0309272 0.909054 237.78 -0.0423735 0.997679 0.0533113 -6.85307 -0.908593 -0.0606721 0.413253 -16.8796 
0.419602 -0.032359 0.907131 238.504 -0.0411252 0.99766 0.0546112 -6.8187 -0.906776 -0.0602209 0.41729 -16.5316 
0.423044 -0.037516 0.905332 239.227 -0.0393924 0.997436 0.05974 -6.78669 -0.905253 -0.0609358 0.420482 -16.181 
0.426084 -0.0434274 0.903641 239.952 -0.0373696 0.99715 0.0655418 -6.751 -0.903911 -0.061695 0.423247 -15.8259 
0.428521 -0.0489125 0.902207 240.674 -0.0360843 0.996811 0.0711803 -6.71192 -0.902811 -0.0630577 0.425389 -15.4691 
0.430549 -0.0541589 0.900941 241.403 -0.034216 0.996501 0.0762549 -6.66611 -0.901918 -0.063658 0.42719 -15.1079 
0.432235 -0.0607587 0.899712 242.137 -0.032806 0.996008 0.0830223 -6.61772 -0.901164 -0.0654011 0.428516 -14.7456 
0.43395 -0.0613736 0.898844 242.865 -0.0331057 0.995917 0.0839848 -6.56846 -0.900329 -0.066202 0.430146 -14.3795 
0.435703 -0.0496476 0.89872 243.577 -0.0421092 0.99626 0.0754507 -6.52554 -0.899105 -0.0707184 0.431983 -14.0053 
0.436322 -0.0360536 0.899068 244.288 -0.0439117 0.997153 0.0612975 -6.48005 -0.898719 -0.066225 0.433496 -13.6394 
0.437207 -0.0283605 0.898913 245.004 -0.0438305 0.997643 0.0527935 -6.43518 -0.898292 -0.0624815 0.434934 -13.275 
0.437134 -0.0308244 0.898868 245.733 -0.0434253 0.997524 0.055326 -6.39758 -0.898348 -0.0632185 0.434713 -12.9059 
