1 -4.23778e-08 4.22719e-08 0 -4.23778e-08 1 -4.19404e-08 0 4.22719e-08 -4.19404e-08 1 0 
0.99999 -0.00273052 -0.00344307 -0.0125488 0.0027273 0.999996 -0.000915443 -0.024763 0.00344563 0.00090596 0.999994 0.616729 
0.999976 -0.000307305 -0.00688798 -0.0494332 0.000291572 0.999997 -0.0022727 -0.0348546 0.00688875 0.00227055 0.999974 1.30856 
0.999939 -0.000606393 -0.0109831 -0.0715462 0.000560933 0.999991 -0.00413395 -0.0382596 0.0109856 0.00412746 0.999931 1.9939 
0.999868 0.000824691 -0.0162154 -0.102681 -0.000898016 0.999989 -0.00451003 -0.048704 0.0162116 0.00452391 0.999858 2.71772 
0.999801 -2.52136e-05 -0.0199334 -0.139742 -5.88772e-05 0.999991 -0.00421378 -0.0690323 0.0199334 0.00421403 0.999792 3.44796 
0.999702 0.00230447 -0.0242999 -0.165606 -0.00244405 0.999981 -0.0057126 -0.0792709 0.0242864 0.00577021 0.999688 4.20259 
0.99956 0.00620073 -0.0289908 -0.190104 -0.00638044 0.999961 -0.0061076 -0.089538 0.0289519 0.00628981 0.999561 4.98188 
0.999541 0.00632811 -0.0296187 -0.314183 -0.0065006 0.999962 -0.0057281 -0.0732631 0.0295814 0.00591793 0.999545 5.7096 
0.999439 0.00569578 -0.0329948 -0.368594 -0.00583391 0.999975 -0.00408922 -0.0655128 0.0329707 0.00427933 0.999447 6.51233 
0.999334 0.00574819 -0.0360278 -0.414222 -0.00579927 0.999982 -0.00131099 -0.0752912 0.0360197 0.00151896 0.99935 7.33272 
0.999286 0.00744431 -0.0370442 -0.479804 -0.00752844 0.999969 -0.00213001 -0.0844113 0.0370273 0.00240729 0.999311 8.12979 
0.999246 0.00638606 -0.0382952 -0.543534 -0.00651893 0.999973 -0.00334383 -0.0695474 0.0382729 0.00359087 0.999261 8.91873 
0.999239 0.00305395 -0.0388903 -0.606283 -0.00322568 0.999985 -0.0043518 -0.0694028 0.0388766 0.00447385 0.999234 9.73319 
0.999175 0.00328911 -0.0404651 -0.664636 -0.00344006 0.999987 -0.00365931 -0.0784719 0.0404526 0.00379541 0.999174 10.6137 
0.999173 0.00197141 -0.0406069 -0.752181 -0.00211887 0.999991 -0.00358672 -0.100571 0.0405996 0.00366971 0.999169 11.4711 
0.999116 0.00490665 -0.0417466 -0.811861 -0.00517331 0.999967 -0.00628001 -0.11118 0.0417145 0.00649034 0.999108 12.3287 
0.999069 0.00510409 -0.042834 -0.870126 -0.00551338 0.99994 -0.00944073 -0.113079 0.0427833 0.00966802 0.999038 13.2019 
0.999005 0.00902586 -0.0436742 -0.939287 -0.00953809 0.999888 -0.0115324 -0.116777 0.0435653 0.0119374 0.998979 14.0782 
0.998955 0.0105098 -0.0444685 -0.997124 -0.0110393 0.999871 -0.0116772 -0.124328 0.0443401 0.0121559 0.998942 14.9567 
0.999011 0.0100079 -0.0433244 -1.10353 -0.0104602 0.999893 -0.0102226 -0.138764 0.0432175 0.0106655 0.999009 15.8289 
0.99894 0.0102959 -0.0448574 -1.15417 -0.0107132 0.999901 -0.00907097 -0.152084 0.0447597 0.00954184 0.998952 16.7275 
0.998887 0.0098591 -0.0461247 -1.2036 -0.0103151 0.9999 -0.00965723 -0.161732 0.0460249 0.0101222 0.998889 17.6362 
0.998807 0.0101434 -0.0477673 -1.23776 -0.010589 0.999903 -0.00908334 -0.203926 0.0476706 0.00957823 0.998817 18.5278 
0.998797 0.0099465 -0.0480066 -1.31081 -0.01042 0.999899 -0.00962222 -0.220948 0.0479061 0.0101108 0.998801 19.4717 
0.998802 0.00968445 -0.0479632 -1.38269 -0.0100919 0.999915 -0.00825799 -0.229237 0.0478793 0.00873205 0.998815 20.3989 
0.998845 0.0118664 -0.0465514 -1.47658 -0.0121348 0.999911 -0.00548582 -0.236132 0.0464822 0.00604429 0.998901 21.3028 
0.998862 0.0112396 -0.0463413 -1.52326 -0.0113008 0.999936 -0.0010567 -0.266824 0.0463266 0.00157911 0.998925 22.2272 
0.998958 0.00939728 -0.0446655 -1.5806 -0.00930471 0.999954 0.00228187 -0.2782 0.044685 -0.00186398 0.998999 23.1522 
0.999014 0.0106169 -0.0431159 -1.62859 -0.0104922 0.99994 0.00311926 -0.286245 0.0431465 -0.00266388 0.999065 24.1199 
0.999068 0.00977613 -0.04205 -1.67827 -0.00975609 0.999952 0.000683693 -0.300913 0.0420548 -0.000272897 0.999115 25.052 
0.999115 0.0104093 -0.0407602 -1.74679 -0.0105913 0.999935 -0.00425185 -0.310895 0.0407134 0.00467971 0.99916 25.9716 
0.99921 0.00960031 -0.0385678 -1.81264 -0.00986224 0.999929 -0.00660474 -0.333123 0.0385017 0.0069798 0.999234 26.9279 
0.999273 0.0069536 -0.0374903 -1.86054 -0.00718459 0.999956 -0.00602788 -0.3426 0.0374469 0.00629276 0.999279 27.8733 
0.99925 0.00556047 -0.038308 -1.90301 -0.00559713 0.999984 -0.000847466 -0.349846 0.0383028 0.00106116 0.999266 28.8294 
0.999258 0.00190371 -0.0384676 -1.9723 -0.0018253 0.999996 0.00207567 -0.35143 0.0384715 -0.002004 0.999258 29.797 
0.999214 -0.00539446 -0.0392804 -2.01328 0.00543565 0.999985 0.000943959 -0.349134 0.0392748 -0.00115682 0.999228 30.8023 
0.999178 -0.00759296 -0.0398116 -2.1032 0.0074567 0.999966 -0.00356793 -0.341048 0.0398374 0.00326804 0.999201 31.7876 
0.999125 -0.00631545 -0.0413443 -2.14873 0.00600372 0.999953 -0.00765769 -0.364628 0.0413907 0.00740269 0.999116 32.7633 
0.999068 -0.00521026 -0.0428516 -2.21936 0.00485134 0.999952 -0.00847361 -0.380392 0.0428938 0.00825774 0.999045 33.7544 
0.999088 -0.0045781 -0.0424494 -2.293 0.00424595 0.99996 -0.00790955 -0.386147 0.042484 0.00772201 0.999067 34.7088 
0.999053 -0.00279395 -0.0434183 -2.37273 0.00257134 0.999983 -0.00518014 -0.407598 0.0434322 0.0050635 0.999043 35.7472 
0.999087 -0.00038977 -0.0427069 -2.46506 0.000241044 0.999994 -0.00348562 -0.456222 0.0427081 0.00347206 0.999081 36.6715 
0.999057 0.00230499 -0.0433645 -2.52831 -0.00231617 0.999997 -0.000205573 -0.48906 0.043364 0.000305733 0.999059 37.6309 
0.999041 0.00283907 -0.043684 -2.57486 -0.00274932 0.999994 0.00211641 -0.48784 0.0436898 -0.00199436 0.999043 38.6328 
0.999015 0.00910532 -0.0434261 -2.66311 -0.00891861 0.99995 0.0044933 -0.500755 0.0434649 -0.00410166 0.999046 39.6236 
0.99902 0.00854792 -0.0434169 -2.72198 -0.00836103 0.999955 0.00448637 -0.525517 0.0434534 -0.00411905 0.999047 40.6206 
0.99906 0.00921478 -0.0423445 -2.79168 -0.00909471 0.999954 0.00302936 -0.531788 0.0423706 -0.00264148 0.999098 41.6321 
0.999016 0.0118498 -0.0427376 -2.83991 -0.0118023 0.999929 0.00136592 -0.553109 0.0427509 -0.000860261 0.999085 42.6095 
0.998993 0.013297 -0.0428412 -2.92162 -0.0132553 0.999911 0.0012596 -0.570168 0.0428543 -0.000690541 0.999081 43.5853 
0.998958 0.0112353 -0.044232 -2.97343 -0.0111486 0.999935 0.0022078 -0.586288 0.044254 -0.00171246 0.999019 44.5527 
0.998923 0.0107966 -0.0451268 -3.02963 -0.0106744 0.999939 0.00295063 -0.584061 0.045156 -0.00246584 0.998977 45.5421 
0.99887 0.0143408 -0.0453111 -3.0915 -0.0143831 0.999896 -0.00060406 -0.596763 0.0452978 0.001255 0.998973 46.5146 
0.998801 0.01459 -0.0467274 -3.15019 -0.0148493 0.999876 -0.00520499 -0.601408 0.0466457 0.00589253 0.998894 47.4982 
0.998763 0.0145104 -0.047553 -3.20656 -0.0148408 0.999868 -0.00660041 -0.613915 0.047451 0.00729788 0.998847 48.4573 
0.998817 0.0129549 -0.0468594 -3.27952 -0.0131341 0.999907 -0.0035177 -0.621781 0.0468096 0.00412892 0.998895 49.4294 
0.998806 0.0102116 -0.047767 -3.3231 -0.0102513 0.999947 -0.000584642 -0.63588 0.0477586 0.00107353 0.998858 50.4008 
0.998835 0.0087296 -0.0474587 -3.39238 -0.00874898 0.999962 -0.000198939 -0.648898 0.0474552 0.000613836 0.998873 51.3511 
0.998894 0.00504013 -0.0467399 -3.45712 -0.00508669 0.999987 -0.000875547 -0.671829 0.046735 0.00111224 0.998907 52.3027 
0.998841 0.00209076 -0.04809 -3.49052 -0.00218398 0.999996 -0.00188431 -0.696905 0.048086 0.00198707 0.998841 53.2539 
0.998845 0.00089388 -0.0480288 -3.57525 -0.000940315 0.999999 -0.000942517 -0.701214 0.048028 0.000986506 0.998845 54.1813 
0.99883 -0.0018471 -0.0483207 -3.65025 0.00200836 0.999992 0.00329069 -0.716883 0.0483144 -0.00338397 0.998826 55.1242 
0.998824 -0.00248057 -0.0484212 -3.72271 0.00290403 0.999958 0.00867874 -0.732679 0.0483977 -0.00880924 0.998789 56.0511 
0.998771 -0.0016243 -0.0495377 -3.77388 0.00214868 0.999942 0.0105358 -0.737241 0.0495178 -0.0106294 0.998717 57.0003 
0.998706 -0.000952628 -0.0508432 -3.83578 0.00131991 0.999973 0.0071923 -0.754727 0.0508351 -0.00725018 0.998681 57.9471 
0.998634 0.00165959 -0.0522178 -3.9004 -0.00168712 0.999998 -0.000481545 -0.763913 0.052217 0.0005689 0.998636 58.8651 
0.998617 0.00356723 -0.0524517 -3.9774 -0.00386151 0.999977 -0.00550867 -0.779056 0.0524309 0.00570351 0.998608 59.7688 
0.998638 0.00829019 -0.0515162 -4.07173 -0.00855433 0.999951 -0.00490727 -0.781858 0.0514731 0.00534118 0.99866 60.5936 
0.998517 0.0112158 -0.0532732 -4.13276 -0.0113704 0.999932 -0.00259725 -0.802079 0.0532406 0.00319905 0.998577 61.4957 
0.998464 0.01325 -0.0537953 -4.20758 -0.0132748 0.999912 -0.000102681 -0.831932 0.0537893 0.00081656 0.998552 62.3817 
0.998407 0.014842 -0.0544245 -4.27593 -0.0149211 0.999888 -0.00104486 -0.832723 0.054403 0.00185518 0.998517 63.2191 
0.998322 0.0164623 -0.0555204 -4.33993 -0.0165505 0.999862 -0.00112758 -0.835219 0.0554943 0.00204449 0.998457 64.0515 
0.998256 0.0182604 -0.0561438 -4.40911 -0.0183053 0.999832 -0.000283994 -0.837696 0.0561293 0.00131114 0.998423 64.8488 
0.998194 0.0178472 -0.0573624 -4.47307 -0.0178333 0.999841 0.000755603 -0.866748 0.0573668 0.000268638 0.998353 65.6089 
0.998191 0.0179016 -0.0573933 -4.55669 -0.017858 0.99984 0.00127371 -0.866628 0.057407 -0.000246559 0.998351 66.3853 
0.998004 0.0203824 -0.0597745 -4.59769 -0.0201444 0.999786 0.00458274 -0.890867 0.0598553 -0.00336955 0.998201 67.1814 
0.997874 0.0204889 -0.0618632 -4.66872 -0.0200094 0.999765 0.00836327 -0.896007 0.0620201 -0.00710773 0.99805 68.0098 
0.997715 0.0242205 -0.0630657 -4.73767 -0.0236048 0.999666 0.0104909 -0.914043 0.0632989 -0.00897838 0.997954 68.7631 
0.997591 0.0259905 -0.0643165 -4.79843 -0.0255987 0.999648 0.00690943 -0.935633 0.0644735 -0.00524645 0.997906 69.5209 
0.997528 0.0268754 -0.0649328 -4.86894 -0.0269649 0.999636 -0.000501069 -0.950771 0.0648958 0.00225065 0.997889 70.2226 
0.997461 0.0258613 -0.066354 -4.93936 -0.0263066 0.999637 -0.00584456 -0.962783 0.0661788 0.00757518 0.997779 70.9471 
0.997385 0.0267151 -0.0671548 -4.98818 -0.0272395 0.999605 -0.00690339 -0.969122 0.0669439 0.00871452 0.997719 71.6244 
0.997388 0.0298141 -0.0657844 -5.0772 -0.0300697 0.999544 -0.00289761 -0.999355 0.0656681 0.00486807 0.99783 72.2634 
0.997279 0.0295417 -0.0675434 -5.12623 -0.0295912 0.999562 0.000270279 -1.03517 0.0675219 0.00172906 0.997716 72.9043 
0.997301 0.0264969 -0.0684716 -5.17746 -0.0267513 0.999638 -0.00280002 -1.05014 0.0683727 0.00462408 0.997649 73.5261 
0.997487 0.0189215 -0.0682755 -5.22424 -0.0195073 0.999778 -0.00792276 -1.05846 0.0681105 0.00923464 0.997635 74.1262 
0.997681 0.0148243 -0.0664238 -5.29214 -0.0156656 0.999803 -0.0121614 -1.0815 0.0662306 0.0131736 0.997717 74.7256 
0.997855 0.0176969 -0.0630168 -5.34201 -0.0185056 0.999753 -0.0122701 -1.10506 0.0627842 0.0134098 0.997937 75.3096 
0.998009 0.022351 -0.0589687 -5.39876 -0.0229774 0.999686 -0.00996374 -1.10658 0.0587276 0.0112988 0.99821 75.9006 
0.998223 0.0208936 -0.055806 -5.40115 -0.0213354 0.999745 -0.00732977 -1.10613 0.0556387 0.0085073 0.998415 76.46 
0.998625 0.0162409 -0.0498406 -5.43828 -0.0164379 0.999859 -0.00354376 -1.12605 0.0497761 0.00435808 0.998751 77.0075 
0.999074 0.0113434 -0.0415096 -5.45774 -0.0113284 0.999936 0.000599597 -1.14615 0.0415138 -0.000128891 0.999138 77.5269 
0.999396 0.0151222 -0.0312915 -5.46547 -0.0151099 0.999886 0.000631267 -1.1627 0.0312976 -0.000158157 0.99951 78.0404 
0.999677 0.0202126 -0.0153861 -5.50486 -0.0202203 0.999795 -0.000343782 -1.16128 0.0153761 0.000654699 0.999881 78.5761 
0.999675 0.0253972 0.00197778 -5.49254 -0.0253958 0.999677 -0.000793463 -1.1587 -0.00199721 0.000742896 0.999998 79.0688 
0.99941 0.0238883 0.0246842 -5.48345 -0.0238669 0.999714 -0.00116419 -1.15763 -0.0247049 0.000574283 0.999695 79.5516 
0.998452 0.0204852 0.0517095 -5.45772 -0.0204794 0.99979 -0.000642839 -1.16039 -0.0517117 -0.000417219 0.998662 79.9995 
0.996523 0.0191889 0.0810812 -5.40123 -0.0193111 0.999813 0.000722562 -1.17667 -0.0810521 -0.0022859 0.996707 80.4585 
0.993316 0.0192191 0.113812 -5.33229 -0.019604 0.999805 0.00226273 -1.18992 -0.113746 -0.00447885 0.9935 80.9018 
0.98825 0.0189963 0.15166 -5.25839 -0.0195598 0.999806 0.00222378 -1.19525 -0.151588 -0.00516417 0.98843 81.3228 
0.981058 0.0187025 0.192811 -5.14356 -0.0193947 0.99981 0.00170255 -1.20217 -0.192743 -0.0054099 0.981234 81.7334 
0.971189 0.0182316 0.23761 -5.02238 -0.0192589 0.999812 0.00200254 -1.21995 -0.237529 -0.00652103 0.971359 82.1239 
0.957417 0.0210501 0.287939 -4.9135 -0.0216288 0.999765 -0.00117206 -1.22473 -0.287896 -0.00510568 0.957648 82.5139 
0.940336 0.0216293 0.339559 -4.74061 -0.0214465 0.999761 -0.00429188 -1.24071 -0.339571 -0.0032466 0.940575 82.8737 
0.918554 0.0220401 0.394681 -4.55597 -0.0210432 0.999755 -0.00685472 -1.25142 -0.394735 -0.002009 0.918793 83.2237 
0.892139 0.0231318 0.451169 -4.3528 -0.0207539 0.999732 -0.0102187 -1.24696 -0.451284 -0.000247057 0.89238 83.5567 
0.861448 0.0234022 0.507306 -4.11929 -0.0194771 0.999725 -0.013044 -1.25375 -0.507471 0.00135582 0.861667 83.8575 
0.825517 0.0218421 0.563955 -3.88081 -0.0160569 0.999755 -0.015217 -1.27219 -0.564149 0.00350649 0.825666 84.1483 
0.785832 0.0224338 0.618032 -3.63599 -0.0147687 0.999738 -0.0175109 -1.28501 -0.618263 0.00463303 0.785958 84.4269 
0.743169 0.0205968 0.668786 -3.37433 -0.01318 0.999783 -0.0161448 -1.30691 -0.668974 0.00318367 0.743279 84.6747 
0.697537 0.0210981 0.716238 -3.08666 -0.0142418 0.999777 -0.0155805 -1.30801 -0.716407 0.000667409 0.697682 84.9266 
0.649171 0.0195013 0.760392 -2.79038 -0.012158 0.99981 -0.015262 -1.31791 -0.760545 0.000662749 0.649284 85.1555 
0.600335 0.0186279 0.799532 -2.4796 -0.00892277 0.999822 -0.0165947 -1.3316 -0.799699 0.00282832 0.600394 85.3409 
0.551331 0.0158409 0.834136 -2.15472 -0.00378567 0.999857 -0.0164861 -1.35763 -0.834278 0.00593149 0.551312 85.5093 
0.504392 0.017914 0.863289 -1.82046 -0.00351787 0.999819 -0.0186919 -1.36325 -0.863468 0.00639108 0.504364 85.6409 
0.454829 0.0209109 0.890333 -1.48301 -0.00725092 0.999778 -0.0197774 -1.37525 -0.890549 0.00253957 0.454879 85.7979 
0.406723 0.0225559 0.913273 -1.13797 -0.00797331 0.999745 -0.0211408 -1.39649 -0.913517 0.00131662 0.406799 85.9335 
0.363699 0.0199385 0.931303 -0.792579 0.000580827 0.999766 -0.0216312 -1.4059 -0.931516 0.00840815 0.363603 86.0239 
0.32163 0.0131332 0.946774 -0.438138 0.0152382 0.999702 -0.0190441 -1.41352 -0.946743 0.0205523 0.321334 86.115 
0.285931 0.00928291 0.958205 -0.0713348 0.0198563 0.999681 -0.01561 -1.42258 -0.958044 0.0234898 0.285656 86.1901 
0.252631 0.0131086 0.967474 0.293565 0.0150453 0.999734 -0.0174745 -1.44046 -0.967446 0.0189705 0.252366 86.2737 
0.220624 0.0209084 0.975135 0.659197 0.00489629 0.999734 -0.0225437 -1.45825 -0.975347 0.00974822 0.220463 86.3598 
0.191608 0.0247597 0.981159 1.03212 0.00324442 0.99966 -0.0258602 -1.47651 -0.981466 0.00813831 0.191463 86.4277 
0.165503 0.0264974 0.985853 1.45054 0.00675203 0.999585 -0.0280001 -1.48749 -0.986186 0.0112906 0.165255 86.494 
0.142015 0.0279609 0.989469 1.85088 0.0144857 0.999435 -0.0303217 -1.49514 -0.989758 0.0186393 0.14153 86.5228 
0.122717 0.0359803 0.991789 2.24143 0.0219332 0.999 -0.0389559 -1.47588 -0.992199 0.0265337 0.121805 86.5274 
0.101855 0.0415004 0.993933 2.64737 0.0261546 0.998672 -0.0443787 -1.48994 -0.994455 0.0305162 0.100635 86.5856 
0.085553 0.0416869 0.995461 3.00165 0.0250297 0.998719 -0.0439746 -1.5229 -0.996019 0.0286782 0.0844 86.601 
0.0701984 0.0376547 0.996822 3.39482 0.0251211 0.998904 -0.0395025 -1.53823 -0.997217 0.0278143 0.0691755 86.6229 
0.0543526 0.034261 0.997934 3.90837 0.0255336 0.999037 -0.0356896 -1.5559 -0.998195 0.0274206 0.0534255 86.6758 
0.0413109 0.0294515 0.998712 4.36845 0.0269766 0.999168 -0.0305809 -1.60905 -0.998782 0.0282052 0.040482 86.6822 
0.0299252 0.0297146 0.99911 4.86194 0.0315084 0.999033 -0.0306561 -1.62477 -0.999055 0.0323978 0.02896 86.688 
0.0176362 0.0312391 0.999356 5.35799 0.0335146 0.998932 -0.0318174 -1.62861 -0.999283 0.0340542 0.0165704 86.7291 
0.0108118 0.0319678 0.99943 5.87635 0.0364182 0.998813 -0.0323421 -1.64364 -0.999278 0.0367472 0.00963475 86.7239 
0.00725799 0.0321809 0.999456 6.4109 0.0384596 0.998733 -0.032437 -1.67201 -0.999234 0.0386741 0.00601114 86.6922 
0.000840922 0.0327194 0.999464 6.99037 0.039203 0.998695 -0.0327273 -1.69671 -0.999231 0.0392095 -0.000442876 86.7031 
-0.00521548 0.0339334 0.99941 7.58267 0.0404732 0.998612 -0.0336952 -1.71597 -0.999167 0.0402737 -0.00658164 86.7066 
-0.00892378 0.0343153 0.999371 8.17917 0.0429693 0.998501 -0.0339018 -1.7304 -0.999036 0.0426397 -0.0103849 86.6978 
-0.0115656 0.0340968 0.999352 8.7758 0.0444046 0.99845 -0.0335523 -1.761 -0.998947 0.0439877 -0.0130617 86.6955 
-0.0152098 0.0332281 0.999332 9.36932 0.0451695 0.99845 -0.0325113 -1.7976 -0.998863 0.0446449 -0.0166871 86.7116 
-0.0179788 0.0322027 0.99932 9.95134 0.0491321 0.998302 -0.031286 -1.84302 -0.99863 0.0485362 -0.0195305 86.7319 
-0.0184215 0.0313558 0.999338 10.6351 0.0531574 0.998125 -0.0303379 -1.87642 -0.998416 0.0525634 -0.0200538 86.7138 
-0.017924 0.0317972 0.999334 11.313 0.0547138 0.998028 -0.0307744 -1.89171 -0.998341 0.0541258 -0.0196284 86.7276 
-0.0145727 0.0318563 0.999386 12.0281 0.0562514 0.997935 -0.0309899 -1.91352 -0.99831 0.0557653 -0.0163346 86.6994 
-0.0103202 0.0314364 0.999452 12.7489 0.0595421 0.997751 -0.0307682 -1.95369 -0.998172 0.0591919 -0.0121688 86.6938 
-0.00623181 0.0316156 0.999481 13.486 0.0590193 0.997769 -0.0311936 -1.96737 -0.998237 0.0587943 -0.00808384 86.6973 
-0.00167601 0.030148 0.999544 14.2507 0.0614091 0.997662 -0.0299884 -1.99703 -0.998111 0.0613309 -0.00352345 86.6895 
0.00161493 0.0291157 0.999575 15.0121 0.0599566 0.997775 -0.0291603 -2.01857 -0.9982 0.0599782 -0.000134341 86.7198 
0.00483379 0.0262186 0.999644 15.7998 0.0571455 0.998015 -0.0264523 -2.05916 -0.998354 0.0572531 0.00332592 86.7597 
0.00842193 0.025679 0.999635 16.603 0.0557818 0.998101 -0.0261097 -2.078 -0.998407 0.0559813 0.00697352 86.7936 
0.0133163 0.026052 0.999572 17.4063 0.0538511 0.998191 -0.0267335 -2.11286 -0.99846 0.0541841 0.0118892 86.8098 
0.016591 0.0301882 0.999406 18.2071 0.0506038 0.998238 -0.030993 -2.14406 -0.998581 0.0510879 0.0150341 86.8347 
0.0169303 0.0345724 0.999259 18.9802 0.0447355 0.998375 -0.0352998 -2.19327 -0.998855 0.0453 0.0153562 86.877 
0.0171715 0.0369209 0.999171 19.7928 0.0422773 0.998397 -0.037619 -2.23007 -0.998958 0.0428882 0.0155831 86.8961 
0.0186146 0.0362094 0.999171 20.6159 0.0397971 0.998525 -0.0369275 -2.2731 -0.999034 0.0404515 0.0171462 86.9055 
0.0179064 0.033947 0.999263 21.4168 0.0372999 0.998705 -0.0345965 -2.3164 -0.999144 0.037892 0.016617 86.9439 
0.0183485 0.0329874 0.999287 22.2507 0.0383025 0.998699 -0.0336713 -2.35381 -0.999098 0.038893 0.0170611 86.9556 
0.0183957 0.0323319 0.999308 23.0657 0.0360372 0.998806 -0.0329791 -2.39436 -0.999181 0.036619 0.0172086 86.9915 
0.0184242 0.0331315 0.999281 23.8605 0.0335615 0.998867 -0.0337366 -2.42321 -0.999267 0.0341589 0.0172913 87.0325 
0.0187479 0.0336818 0.999257 24.6667 0.0305896 0.998945 -0.0342453 -2.46451 -0.999356 0.0312089 0.0176978 87.0619 
0.0187101 0.0349881 0.999212 25.4883 0.028099 0.998974 -0.035506 -2.50431 -0.99943 0.0287412 0.0177078 87.0722 
0.015801 0.0350413 0.999261 26.313 0.0249789 0.99906 -0.0354294 -2.53287 -0.999563 0.0255203 0.0149108 87.1018 
0.0118448 0.0334066 0.999372 27.1178 0.0213567 0.999205 -0.0336543 -2.57906 -0.999702 0.0217419 0.011122 87.1256 
0.00674149 0.0311011 0.999493 27.921 0.0197844 0.999316 -0.0312291 -2.61548 -0.999781 0.0199849 0.00612157 87.1439 
0.00127527 0.0286999 0.999587 28.7435 0.0180471 0.999425 -0.0287184 -2.65989 -0.999836 0.0180763 0.000756586 87.1481 
-0.00518937 0.0296111 0.999548 29.5414 0.0199495 0.999366 -0.0295022 -2.69182 -0.999787 0.0197873 -0.0057768 87.1505 
-0.013453 0.030443 0.999446 30.3436 0.0202917 0.999339 -0.0301667 -2.72751 -0.999704 0.0198747 -0.0140618 87.1331 
-0.0235518 0.0313253 0.999232 31.1604 0.0206805 0.99931 -0.0308404 -2.75634 -0.999509 0.0199383 -0.0241833 87.1254 
-0.0336571 0.0299761 0.998984 31.9535 0.0237732 0.999291 -0.0291845 -2.80324 -0.999151 0.0227667 -0.0343458 87.1001 
-0.0432573 0.0296654 0.998623 32.746 0.0233694 0.999316 -0.0286738 -2.83893 -0.998791 0.0220968 -0.0439209 87.0569 
-0.0547073 0.0291444 0.998077 33.5382 0.0252526 0.999295 -0.0277959 -2.87478 -0.998183 0.0236834 -0.0554047 87.0143 
-0.0651678 0.029066 0.997451 34.3145 0.026902 0.999263 -0.0273613 -2.91577 -0.997512 0.0250503 -0.0659017 86.9643 
-0.0759738 0.0285307 0.996701 35.0827 0.0267308 0.999289 -0.0265673 -2.96558 -0.996751 0.0246242 -0.0766825 86.8925 
-0.0862264 0.0292547 0.995846 35.8323 0.0260542 0.999293 -0.0271001 -2.99688 -0.995935 0.0236092 -0.0869277 86.8363 
-0.0951681 0.0302146 0.995002 36.5859 0.0272092 0.999245 -0.0277411 -3.02111 -0.995089 0.0244331 -0.0959183 86.7511 
-0.10414 0.0315472 0.994062 37.3441 0.0280297 0.999193 -0.0287737 -3.03966 -0.994168 0.0248668 -0.10494 86.6692 
-0.114382 0.0324672 0.992906 38.0861 0.0276118 0.999183 -0.0294917 -3.0648 -0.993053 0.0240426 -0.115185 86.606 
-0.124044 0.0329992 0.991728 38.8391 0.0282879 0.999158 -0.0297083 -3.09826 -0.991873 0.0243688 -0.124873 86.5132 
-0.131813 0.0328854 0.990729 39.5592 0.0302248 0.999118 -0.0291426 -3.12022 -0.990814 0.0261032 -0.132691 86.4026 
-0.138795 0.0312457 0.989828 40.2708 0.031828 0.999126 -0.0270763 -3.1558 -0.98981 0.0277462 -0.139668 86.3085 
-0.143028 0.0295629 0.989277 40.9979 0.0340835 0.999108 -0.024929 -3.18156 -0.989132 0.0301525 -0.143908 86.1941 
-0.14767 0.0282751 0.988632 41.7337 0.0367286 0.999058 -0.0230872 -3.20323 -0.988354 0.0329018 -0.14857 86.1077 
-0.150574 0.028048 0.988201 42.4333 0.0369738 0.999058 -0.0227225 -3.22009 -0.987907 0.0331161 -0.151469 86.003 
-0.152389 0.0262575 0.987972 43.106 0.038604 0.999042 -0.0205973 -3.26431 -0.987566 0.0350008 -0.153256 85.9134 
-0.155122 0.0263593 0.987544 43.7219 0.0383959 0.999049 -0.0206353 -3.30006 -0.987149 0.0347167 -0.155986 85.8539 
-0.154983 0.0274865 0.987535 44.3605 0.0385194 0.999021 -0.0217611 -3.32247 -0.987166 0.0346666 -0.15589 85.769 
-0.151287 0.029539 0.988048 45.0014 0.0405628 0.998897 -0.0236526 -3.34121 -0.987657 0.0364998 -0.152318 85.6781 
-0.146525 0.0299328 0.988754 45.6476 0.0401812 0.998897 -0.0242854 -3.36682 -0.988391 0.0361709 -0.147566 85.6004 
-0.139343 0.0309219 0.989761 46.2394 0.0390625 0.998906 -0.0257083 -3.38706 -0.989473 0.0350803 -0.140398 85.5425 
-0.127738 0.0305923 0.991336 46.8224 0.0383641 0.998928 -0.0258833 -3.41764 -0.991066 0.0347254 -0.128775 85.4749 
-0.113687 0.0313622 0.993021 47.3949 0.0366098 0.998955 -0.0273584 -3.42417 -0.992842 0.033244 -0.114716 85.4138 
-0.0973374 0.0325688 0.994718 47.9418 0.0354637 0.998943 -0.029237 -3.45695 -0.994619 0.0324305 -0.0983896 85.387 
-0.0763157 0.0342586 0.996495 48.4851 0.0332649 0.998941 -0.0317952 -3.48764 -0.996529 0.0307218 -0.0773745 85.3723 
-0.0527177 0.0371838 0.997917 49.0156 0.031757 0.998863 -0.0355415 -3.51672 -0.998104 0.0298172 -0.0538386 85.3837 
-0.0240082 0.0393169 0.998938 49.5288 0.0300089 0.998804 -0.0385905 -3.52874 -0.999261 0.0290506 -0.0251593 85.3964 
0.00799833 0.038223 0.999237 50.047 0.0269792 0.998897 -0.0384261 -3.56296 -0.999604 0.0272659 0.00695828 85.4445 
0.047218 0.0363151 0.998224 50.5588 0.026425 0.998944 -0.0375913 -3.57474 -0.998535 0.028153 0.0462085 85.4833 
0.0897983 0.0320595 0.995444 51.0762 0.0236425 0.999131 -0.0343111 -3.61077 -0.995679 0.0266159 0.0889623 85.5464 
0.136153 0.0280284 0.990291 51.5768 0.0214933 0.999281 -0.031238 -3.6296 -0.990455 0.0255378 0.135452 85.6325 
0.18664 0.0247811 0.982116 52.0541 0.0175869 0.999437 -0.0285604 -3.64388 -0.982271 0.0226029 0.186099 85.7312 
0.239752 0.0235022 0.97055 52.538 0.0139674 0.99952 -0.0276542 -3.66659 -0.970734 0.0201862 0.239308 85.8604 
0.295985 0.0239947 0.954891 53.0182 0.0126631 0.999498 -0.0290408 -3.67621 -0.955108 0.0206875 0.295533 86.043 
0.354847 0.0242619 0.934609 53.4856 0.0144219 0.999402 -0.0314196 -3.69742 -0.934813 0.024628 0.354285 86.2619 
0.41619 0.0308684 0.908754 53.9251 0.0116119 0.999162 -0.0392574 -3.69552 -0.909203 0.0268909 0.415483 86.4996 
0.478049 0.0341796 0.877668 54.3423 0.0122502 0.998886 -0.0455728 -3.72019 -0.878248 0.0325376 0.477098 86.7508 
0.538573 0.038061 0.841719 54.7558 0.00810352 0.998699 -0.0503445 -3.74592 -0.84254 0.033935 0.537564 87.0406 
0.595673 0.0415343 0.802152 55.105 0.00247686 0.998562 -0.0535436 -3.76891 -0.803223 0.0338813 0.594714 87.3591 
0.650236 0.0433092 0.758497 55.4436 -0.000917949 0.998418 -0.0562215 -3.78816 -0.759732 0.0358609 0.649247 87.7013 
0.700267 0.0424401 0.712618 55.7332 -0.00287828 0.998391 -0.056631 -3.80395 -0.713875 0.0376057 0.699263 88.0727 
0.745282 0.0424994 0.665394 55.9713 -0.00845634 0.998489 -0.0543031 -3.80638 -0.666696 0.0348442 0.744515 88.4633 
0.788601 0.0390414 0.613665 56.2226 -0.0118158 0.99876 -0.0483572 -3.82153 -0.614792 0.0308835 0.788084 88.8535 
0.827486 0.0336108 0.56048 56.457 -0.0136944 0.999118 -0.0396969 -3.85711 -0.561319 0.0251731 0.827216 89.2742 
0.860849 0.0296905 0.507993 56.6594 -0.0152919 0.999355 -0.0324954 -3.87405 -0.50863 0.0202054 0.860748 89.7035 
0.888116 0.0314492 0.458542 56.8177 -0.0212943 0.9994 -0.0273009 -3.89299 -0.459126 0.0144819 0.888253 90.1328 
0.90949 0.0319469 0.414497 56.9576 -0.0247827 0.999436 -0.0226524 -3.91807 -0.414987 0.0103298 0.909769 90.5484 
0.925866 0.0399523 0.375734 57.0876 -0.0349703 0.999187 -0.020073 -3.94293 -0.376231 0.00544535 0.92651 91.008 
0.938962 0.0457017 0.340971 57.2062 -0.0412398 0.998942 -0.0203268 -3.96826 -0.341539 0.00502443 0.939854 91.445 
0.949178 0.048138 0.311038 57.3255 -0.0441132 0.998827 -0.0199665 -3.98088 -0.311634 0.00523085 0.950188 91.9048 
0.956056 0.0447331 0.289751 57.4474 -0.0407702 0.998974 -0.0197018 -3.99477 -0.290336 0.00702274 0.956899 92.3683 
0.960631 0.0417389 0.274675 57.5596 -0.0378896 0.999095 -0.0193076 -4.00714 -0.275232 0.00814004 0.961343 92.8395 
0.963931 0.0458101 0.26218 57.6705 -0.0422557 0.998923 -0.0191823 -4.02288 -0.262776 0.00741172 0.964828 93.3328 
0.966007 0.0517588 0.253279 57.7727 -0.0483645 0.998637 -0.0196142 -4.0242 -0.253949 0.00669768 0.967194 93.8346 
0.967019 0.059571 0.247642 57.8697 -0.0563378 0.998209 -0.0201288 -4.04839 -0.248397 0.00551326 0.968643 94.3546 
0.967745 0.0651236 0.243369 58.0001 -0.0611588 0.997844 -0.0238204 -4.06369 -0.244395 0.00816788 0.969641 94.8578 
0.96783 0.0666003 0.242629 58.1203 -0.0620035 0.997723 -0.026542 -4.08622 -0.243844 0.0106443 0.969756 95.3968 
0.967216 0.0665381 0.245083 58.2578 -0.0610983 0.997688 -0.0297415 -4.11317 -0.246496 0.0137922 0.969046 95.9242 
0.96629 0.0655281 0.248977 58.3887 -0.0584333 0.99765 -0.0357888 -4.13835 -0.250736 0.0200338 0.967848 96.4751 
0.964975 0.0663872 0.253802 58.5177 -0.0580099 0.9975 -0.0403593 -4.16269 -0.255846 0.0242227 0.966414 97.0424 
0.963515 0.071096 0.258041 58.6663 -0.0629445 0.997226 -0.0397261 -4.1927 -0.260149 0.0220343 0.965317 97.6313 
0.961855 0.0739606 0.26337 58.8234 -0.0667961 0.997114 -0.0360673 -4.21513 -0.265278 0.0170993 0.96402 98.2066 
0.960807 0.0709427 0.267986 58.985 -0.0648364 0.997396 -0.0315792 -4.24194 -0.269529 0.0129662 0.962905 98.8181 
0.959939 0.0679254 0.271851 59.1596 -0.0633606 0.997664 -0.0255452 -4.27376 -0.272951 0.00729709 0.962 99.4084 
0.959241 0.0646437 0.275098 59.3401 -0.0610919 0.997901 -0.0214697 -4.28819 -0.275908 0.00378832 0.961176 100.019 
0.958734 0.0598083 0.277942 59.5201 -0.0562312 0.9982 -0.0208316 -4.30819 -0.278688 0.00434287 0.960372 100.619 
0.958952 0.056573 0.277866 59.7092 -0.0522856 0.998371 -0.0228223 -4.34544 -0.278705 0.00735707 0.960349 101.241 
0.95913 0.0562966 0.27731 59.8755 -0.0501312 0.998313 -0.0292792 -4.37743 -0.278491 0.0141805 0.960334 101.866 
0.959288 0.0587563 0.276249 60.0521 -0.0508164 0.998065 -0.0358195 -4.39813 -0.277819 0.0203232 0.960418 102.517 
0.959917 0.0626354 0.273197 60.2384 -0.0537937 0.997761 -0.0397433 -4.41316 -0.275074 0.0234539 0.961137 103.198 
0.960812 0.059931 0.270646 60.4182 -0.0519836 0.997983 -0.0364453 -4.43208 -0.272284 0.0209479 0.961989 103.895 
0.961402 0.0558494 0.26942 60.6109 -0.0499668 0.99834 -0.0286487 -4.45903 -0.270573 0.0140808 0.962596 104.601 
0.962249 0.0556037 0.266432 60.7985 -0.0514571 0.998421 -0.0225254 -4.49926 -0.267263 0.00796512 0.963591 105.299 
0.962506 0.0585839 0.264858 60.9776 -0.0544224 0.998252 -0.0230299 -4.52834 -0.265744 0.00775212 0.964012 106.028 
0.962894 0.0642076 0.262129 61.1625 -0.0588594 0.997867 -0.0282128 -4.54677 -0.263381 0.0117371 0.96462 106.76 
0.964201 0.0645619 0.257191 61.3608 -0.0580187 0.997771 -0.0329574 -4.56955 -0.258746 0.0168556 0.965798 107.479 
0.965318 0.0627471 0.253423 61.5361 -0.055673 0.997835 -0.0349976 -4.62442 -0.25507 0.0196749 0.966722 108.238 
0.966288 0.0603931 0.250278 61.7119 -0.0536622 0.997992 -0.0336375 -4.65994 -0.251807 0.0190729 0.967589 109.015 
0.96743 0.0556665 0.246942 61.9021 -0.0494978 0.998289 -0.0311232 -4.70177 -0.248252 0.0178863 0.96853 109.804 
0.967906 0.0547029 0.245288 62.0847 -0.0492047 0.998382 -0.0284932 -4.73268 -0.246449 0.0155094 0.969031 110.589 
0.968488 0.0501088 0.243968 62.2777 -0.0450264 0.998638 -0.0263687 -4.75841 -0.244957 0.0145526 0.969425 111.385 
0.968666 0.0455885 0.244148 62.4658 -0.0407871 0.998863 -0.0246886 -4.7946 -0.244996 0.0139568 0.969424 112.192 
0.968916 0.0455967 0.24315 62.6553 -0.0413434 0.99889 -0.0225698 -4.83653 -0.24391 0.0118155 0.969726 112.976 
0.96849 0.0516717 0.243634 62.8368 -0.0470632 0.998586 -0.024703 -4.8597 -0.244566 0.0124583 0.969553 113.792 
0.967948 0.0574371 0.244495 63.0085 -0.052117 0.998243 -0.0281797 -4.88957 -0.245684 0.014534 0.969241 114.615 
0.967338 0.0656337 0.244845 63.2049 -0.0601469 0.997744 -0.0298283 -4.91827 -0.24625 0.0141273 0.969103 115.441 
0.966067 0.0725625 0.24789 63.3844 -0.0675495 0.997304 -0.0286803 -4.95465 -0.249303 0.0109622 0.968364 116.245 
0.965331 0.0751225 0.249985 63.6016 -0.0704856 0.997135 -0.0274634 -4.9789 -0.251332 0.00889085 0.96786 117.08 
0.964638 0.0760157 0.252379 63.7992 -0.0710402 0.997058 -0.0287823 -5.00532 -0.253825 0.00983531 0.9672 117.896 
0.964453 0.0746481 0.253491 64.0176 -0.0689535 0.997129 -0.0312888 -5.0424 -0.255099 0.0126975 0.966832 118.728 
0.964748 0.0676684 0.254329 64.2418 -0.0619585 0.997615 -0.0304049 -5.0767 -0.25578 0.0135752 0.96664 119.551 
0.965149 0.0607603 0.254551 64.4398 -0.0545381 0.998017 -0.0314378 -5.11596 -0.255956 0.0164593 0.966548 120.382 
0.964764 0.0612586 0.255885 64.6519 -0.0551165 0.997995 -0.0311134 -5.16463 -0.257278 0.0159135 0.966206 121.214 
0.963963 0.0642901 0.258152 64.8482 -0.0590954 0.997864 -0.0278405 -5.20944 -0.259391 0.0115815 0.965703 122.059 
0.963472 0.0664435 0.259435 65.0517 -0.062965 0.99778 -0.0217049 -5.25386 -0.260301 0.00457672 0.965517 122.869 
0.963073 0.0688232 0.260295 65.2608 -0.0664753 0.997629 -0.0178244 -5.28478 -0.260905 -0.000137015 0.965364 123.707 
0.962818 0.0679646 0.261463 65.4603 -0.0637709 0.997664 -0.024501 -5.32027 -0.262517 0.00691618 0.964902 124.517 
0.963299 0.0647621 0.260501 65.6837 -0.0568279 0.997665 -0.0378834 -5.36615 -0.262346 0.0216892 0.96473 125.323 
0.963619 0.0627623 0.259808 65.8906 -0.0520384 0.997493 -0.0479577 -5.39857 -0.262166 0.0326929 0.964469 126.143 
0.96392 0.0592265 0.259518 66.0986 -0.0508513 0.997949 -0.0388743 -5.43165 -0.261289 0.0242748 0.964955 126.97 
0.964389 0.0527929 0.259165 66.3126 -0.0498841 0.998596 -0.0177926 -5.47558 -0.259741 0.00423065 0.965669 127.815 
0.964721 0.0480226 0.258858 66.5201 -0.0490749 0.998792 -0.00239925 -5.51486 -0.258661 -0.0103889 0.965912 128.653 
0.964601 0.0529985 0.258332 66.7085 -0.0525406 0.998581 -0.00868154 -5.53488 -0.258426 -0.00519877 0.966017 129.457 
0.964893 0.0624276 0.255116 66.912 -0.0581977 0.998014 -0.0241033 -5.56998 -0.256114 0.00840989 0.96661 130.221 
0.965283 0.0618829 0.25377 67.107 -0.0554773 0.997936 -0.0323286 -5.58885 -0.255247 0.0171277 0.966724 131.014 
0.966283 0.0573792 0.251008 67.3096 -0.0507428 0.998172 -0.0328376 -5.6259 -0.252433 0.0189934 0.967428 131.802 
0.966982 0.0570996 0.248364 67.5095 -0.0509733 0.998218 -0.0310337 -5.67217 -0.249694 0.017349 0.968169 132.612 
0.967953 0.0565798 0.244676 67.6997 -0.0502319 0.998221 -0.0321124 -5.70339 -0.246058 0.0187926 0.969073 133.41 
0.969193 0.0557708 0.239904 67.869 -0.0491783 0.998232 -0.033384 -5.75419 -0.241342 0.0205573 0.970222 134.203 
0.969563 0.0619884 0.236865 68.0495 -0.0556728 0.997895 -0.0332666 -5.80547 -0.238428 0.0190671 0.970973 135 
0.969642 0.0681961 0.234826 68.2126 -0.0621189 0.997517 -0.0331894 -5.84578 -0.236506 0.0175947 0.971471 135.797 
0.970168 0.069137 0.232367 68.3942 -0.0634065 0.997473 -0.0320506 -5.86898 -0.233995 0.0163609 0.9721 136.584 
0.9707 0.0663787 0.230946 68.5706 -0.0618787 0.997727 -0.0266828 -5.92024 -0.232192 0.0116103 0.972601 137.365 
0.971233 0.0644578 0.229243 68.7391 -0.0598605 0.997843 -0.0269599 -5.95045 -0.230486 0.0124617 0.972996 138.145 
0.972101 0.0615927 0.22633 68.9192 -0.0562413 0.997966 -0.0300234 -5.98733 -0.227718 0.0164566 0.973588 138.928 
0.973348 0.0560702 0.222374 69.0746 -0.0498715 0.998197 -0.033398 -6.02781 -0.223846 0.0214177 0.974389 139.735 
0.975019 0.0525023 0.215826 69.2153 -0.0459878 0.998325 -0.0350997 -6.04152 -0.217307 0.0242975 0.975801 140.483 
0.976538 0.0518546 0.209008 69.3802 -0.0466654 0.998469 -0.0296868 -6.06807 -0.210228 0.0192367 0.977463 141.264 
0.978051 0.0473321 0.202919 69.5314 -0.0439713 0.998811 -0.0210419 -6.09903 -0.203673 0.0116573 0.978969 142.084 
0.978811 0.0447416 0.199818 69.669 -0.0432585 0.998994 -0.0117849 -6.11453 -0.200144 0.00289128 0.979762 142.869 
0.979203 0.051953 0.196116 69.8018 -0.0512725 0.998648 -0.00854936 -6.14914 -0.196295 -0.00168386 0.980543 143.67 
0.980048 0.0537191 0.191365 69.9247 -0.0522014 0.998552 -0.0129679 -6.17536 -0.191784 0.00271958 0.981433 144.438 
0.981348 0.0550517 0.18419 70.052 -0.0516358 0.998394 -0.0232946 -6.19968 -0.185177 0.0133492 0.982614 145.224 
0.982725 0.0527524 0.177395 70.1925 -0.0484414 0.998418 -0.0285494 -6.2181 -0.178621 0.0194628 0.983725 146.037 
0.983841 0.0519602 0.171336 70.3024 -0.0480247 0.99848 -0.0270382 -6.25038 -0.17248 0.0183729 0.984841 146.842 
0.984772 0.0580999 0.163853 70.4132 -0.0550325 0.998215 -0.0232025 -6.27539 -0.164908 0.0138318 0.986212 147.648 
0.985698 0.0631864 0.156227 70.5145 -0.0601547 0.997899 -0.0240635 -6.31474 -0.157419 0.0143215 0.987428 148.464 
0.987184 0.0658379 0.145369 70.6184 -0.0621529 0.997623 -0.0297524 -6.34221 -0.146982 0.020336 0.98893 149.268 
0.988479 0.0638969 0.137206 70.7201 -0.0600636 0.997684 -0.0319043 -6.37396 -0.138926 0.0232956 0.990029 150.086 
0.989607 0.0646306 0.128457 70.8208 -0.0613043 0.997677 -0.029686 -6.39448 -0.130077 0.0215024 0.991271 150.887 
0.990237 0.0680003 0.121682 70.883 -0.0658262 0.997593 -0.0218033 -6.43534 -0.122872 0.0135805 0.99233 151.703 
0.990868 0.0724709 0.113703 70.9493 -0.0710513 0.997336 -0.0164949 -6.46002 -0.114596 0.00826543 0.993378 152.53 
0.991904 0.0704562 0.105647 71.0322 -0.0694944 0.997501 -0.0127635 -6.48389 -0.106282 0.00531827 0.994322 153.362 
0.992409 0.0711817 0.100283 71.0818 -0.0705216 0.997459 -0.0101174 -6.50904 -0.100748 0.00296844 0.994907 154.183 
0.992841 0.0707009 0.096275 71.145 -0.0697885 0.997479 -0.0128164 -6.5209 -0.0969384 0.00600565 0.995272 154.997 
0.992822 0.0758199 0.0925007 71.1757 -0.0744471 0.997059 -0.0182083 -6.54154 -0.0936091 0.0111911 0.995546 155.837 
0.992726 0.0821093 0.0880556 71.2317 -0.0802522 0.996475 -0.0244337 -6.56317 -0.0897513 0.0171893 0.995816 156.636 
0.992915 0.0830787 0.0849595 71.2776 -0.0810493 0.996342 -0.0270702 -6.58468 -0.0868976 0.0199924 0.996017 157.457 
0.992958 0.0849252 0.0826002 71.3156 -0.0834934 0.996294 -0.0206436 -6.61272 -0.0840472 0.0136015 0.996369 158.298 
0.992838 0.0876697 0.0811611 71.3617 -0.0871257 0.996145 -0.0102277 -6.63538 -0.0817448 0.00308316 0.996648 159.144 
0.992956 0.0889693 0.0782483 71.4107 -0.0890569 0.996024 -0.00237729 -6.65926 -0.0781485 -0.00460808 0.996931 159.973 
0.993668 0.0850081 0.0734611 71.4522 -0.0847988 0.99638 -0.00597015 -6.6681 -0.0737026 -0.000297139 0.99728 160.799 
0.994955 0.0738378 0.0679185 71.5016 -0.0730318 0.997227 -0.0142784 -6.71119 -0.0687844 0.00924608 0.997589 161.587 
0.995578 0.0722491 0.0600372 71.5516 -0.0712498 0.997285 -0.0186261 -6.73123 -0.0612198 0.014266 0.998022 162.398 
0.995666 0.0763538 0.0530955 71.5801 -0.0755643 0.997001 -0.0167245 -6.76252 -0.0542132 0.0126398 0.998449 163.237 
0.996217 0.0738543 0.0457968 71.6043 -0.0734768 0.997248 -0.00987671 -6.78842 -0.0464002 0.00647426 0.998902 164.071 
0.996873 0.0687956 0.0388678 71.6267 -0.0686158 0.997625 -0.00594264 -6.80601 -0.0391843 0.00325703 0.999227 164.914 
0.997728 0.0585917 0.0332469 71.6509 -0.058578 0.998282 -0.0013914 -6.82199 -0.0332712 -0.000559371 0.999446 165.732 
0.9982 0.0540343 0.0260278 71.6757 -0.0540286 0.998539 -0.000924324 -6.83845 -0.0260396 -0.000483664 0.999661 166.564 
0.998522 0.0507777 0.0193589 71.6775 -0.0506331 0.998686 -0.00789162 -6.85499 -0.0197341 0.00689967 0.999781 167.373 
0.999008 0.043186 0.0108457 71.6994 -0.042992 0.998922 -0.0175279 -6.87563 -0.0115908 0.0170442 0.999787 168.184 
0.999441 0.0330535 0.00494374 71.6922 -0.0329416 0.999231 -0.0212482 -6.89351 -0.00564218 0.0210734 0.999762 169.023 
0.999333 0.0364824 -0.00161679 71.6799 -0.0365006 0.999248 -0.0130815 -6.91966 0.00113841 0.0131317 0.999913 169.873 
0.998908 0.0463005 -0.00621155 71.6426 -0.0463033 0.998927 -0.000301756 -6.92685 0.006191 0.00058896 0.999981 170.719 
0.99864 0.0510277 -0.0106712 71.6083 -0.0509494 0.998673 0.00749017 -6.94271 0.0110393 -0.00693638 0.999915 171.578 
0.998693 0.0489504 -0.0146898 71.5854 -0.0488868 0.998793 0.00466508 -6.94961 0.0149005 -0.00394093 0.999881 172.401 
0.998509 0.0518172 -0.0171814 71.5538 -0.0519108 0.998639 -0.00504482 -6.97235 0.0168967 0.00592911 0.99984 173.224 
0.99786 0.0619858 -0.0208124 71.5162 -0.0622834 0.997961 -0.0139637 -6.9897 0.0199045 0.01523 0.999686 174.048 
0.997868 0.0611577 -0.0227875 71.4727 -0.0615583 0.997953 -0.0173101 -7.00882 0.0216823 0.0186758 0.99959 174.907 
0.998124 0.0558766 -0.0250372 71.4515 -0.0562149 0.998334 -0.0130132 -7.01934 0.0242685 0.0143962 0.999602 175.75 
0.998112 0.0565179 -0.0240277 71.4107 -0.0566435 0.998384 -0.0045744 -7.0314 0.0237304 0.00592669 0.999701 176.625 
0.99808 0.0576927 -0.02252 71.3496 -0.0576856 0.998334 0.000970328 -7.04533 0.0225386 0.000330534 0.999746 177.491 
0.998077 0.0574414 -0.0233093 71.3073 -0.0574537 0.998348 0.000145777 -7.06136 0.0232792 0.00119363 0.999728 178.329 
0.998157 0.0549851 -0.0256695 71.2673 -0.0552223 0.998437 -0.00862036 -7.08016 0.0251555 0.0100219 0.999633 179.167 
0.998532 0.0454893 -0.0294046 71.2576 -0.046064 0.998754 -0.019169 -7.10914 0.0284961 0.0204953 0.999384 180.013 
0.998903 0.0351588 -0.0309258 71.2276 -0.0359119 0.999063 -0.0241421 -7.11872 0.0300481 0.0252262 0.99923 180.867 
0.998821 0.0364824 -0.0320258 71.1905 -0.0371218 0.999118 -0.0196021 -7.13604 0.0312826 0.0207677 0.999295 181.719 
0.99854 0.0432871 -0.0322974 71.1247 -0.0436109 0.999004 -0.00938403 -7.16243 0.0318591 0.0107788 0.999434 182.577 
0.998439 0.0439038 -0.0345362 71.0851 -0.0441114 0.999013 -0.00526855 -7.19155 0.0342708 0.00678367 0.999389 183.433 
0.998536 0.0411594 -0.0351067 71.036 -0.0415518 0.999081 -0.0105182 -7.19129 0.0346416 0.0119615 0.999328 184.291 
0.998516 0.0415814 -0.0351578 70.9926 -0.0421729 0.998978 -0.0162507 -7.21076 0.0344462 0.0177092 0.99925 185.147 
0.998191 0.0485132 -0.0355089 70.9418 -0.0491105 0.998663 -0.016144 -7.22958 0.0346783 0.0178586 0.999239 185.985 
0.997969 0.053038 -0.0352762 70.8834 -0.0535094 0.998488 -0.0125522 -7.25779 0.0345572 0.0144142 0.999299 186.843 
0.997762 0.0564283 -0.0358637 70.8434 -0.0567752 0.998349 -0.00872538 -7.28604 0.0353122 0.0107419 0.999319 187.68 
0.997501 0.0613305 -0.0350867 70.7921 -0.0615949 0.99808 -0.00650055 -7.30024 0.0346207 0.00864538 0.999363 188.518 
0.997305 0.0641477 -0.0356022 70.7408 -0.0644184 0.997902 -0.00650587 -7.31386 0.0351103 0.0087817 0.999345 189.324 
