1 -4.23778e-08 4.22719e-08 0 -4.23778e-08 1 -4.19404e-08 0 4.22719e-08 -4.19404e-08 1 0 
0.999999 -0.00071359 -0.00062483 -0.0484909 0.000715828 0.999993 0.00372496 -0.0409973 0.000622252 -0.00372549 0.999993 1.52966 
0.999995 -0.00302095 3.29817e-05 -0.117295 0.00302069 0.999986 0.00439918 -0.0492753 -4.61864e-05 -0.00439915 0.99999 3.02793 
0.999998 -0.000690735 -0.00193294 -0.15776 0.000698971 0.99999 0.00430711 -0.073194 0.00193003 -0.00430854 0.999989 4.4639 
0.999997 -0.00180981 0.00154052 -0.383527 0.00180777 0.999997 0.00126694 -0.0116031 -0.00154272 -0.00126424 0.999998 5.89626 
0.999999 -0.000908821 0.000389911 -0.449322 0.000907805 0.999997 0.00238201 -0.0496353 -0.00039199 -0.00238174 0.999997 7.31899 
0.999996 2.28142e-05 -0.00281822 -0.427497 -1.92396e-05 0.999999 0.00129845 -0.0269862 0.00281833 -0.00129848 0.999995 8.7402 
0.999987 -0.000798328 -0.0049333 -0.4498 0.000798606 1 7.15133e-05 -0.0452795 0.00493332 -7.55363e-05 0.999988 10.2427 
0.999972 -0.00316715 -0.00671023 -0.480584 0.00317127 0.999995 0.000615051 -0.070604 0.00670833 -0.000636398 0.999977 11.7644 
0.99997 -0.00295286 -0.00715057 -0.551253 0.00296156 0.999995 0.00121919 -0.106864 0.00714701 -0.00124042 0.999974 13.269 
0.999969 -0.000368834 -0.00786968 -0.591929 0.000370402 1 0.000208542 -0.125926 0.00786969 -0.000211534 0.999969 14.8047 
0.999939 -0.000206187 -0.0110201 -0.557309 0.000226975 0.999998 0.00189284 -0.157357 0.0110198 -0.00189531 0.999937 16.3124 
0.999934 -0.000575967 -0.0114902 -0.599495 0.000594713 0.999998 0.00163548 -0.165714 0.0114893 -0.00164229 0.999933 17.7153 
0.999919 -0.00120849 -0.0126885 -0.641601 0.00125599 0.999992 0.00374289 -0.198949 0.012684 -0.0037586 0.999912 19.1215 
0.999915 -0.00243251 -0.0128184 -0.679919 0.00247106 0.999992 0.00299836 -0.208527 0.0128111 -0.00302987 0.999913 20.531 
0.999902 -0.00296517 -0.0136761 -0.694607 0.00301381 0.999989 0.00354347 -0.234088 0.0136655 -0.00358442 0.9999 22.0576 
0.999889 -0.00286154 -0.0146045 -0.729629 0.00292799 0.999985 0.00453699 -0.26958 0.0145914 -0.00457933 0.999883 23.4242 
0.999854 -0.00410947 -0.0165799 -0.752914 0.00421916 0.999969 0.00659106 -0.325165 0.0165524 -0.00666014 0.999841 24.4705 
0.999844 -0.0045358 -0.0170519 -0.791791 0.00462169 0.999977 0.00500555 -0.3398 0.0170289 -0.00508366 0.999842 25.9417 
0.999856 -0.00235521 -0.0168141 -0.849042 0.0024099 0.999992 0.0032383 -0.355064 0.0168064 -0.00327844 0.999853 27.3657 
0.999834 -0.00447033 -0.0176676 -0.845133 0.00451439 0.999987 0.00245989 -0.37335 0.0176564 -0.00253933 0.999841 28.7414 
0.999814 -0.00660347 -0.0181183 -0.875602 0.00668704 0.999967 0.00456014 -0.371586 0.0180877 -0.00468053 0.999825 30.134 
0.999812 -0.00758531 -0.0178398 -0.925963 0.00769284 0.999952 0.00597161 -0.382133 0.0177938 -0.00610781 0.999823 31.5772 
0.999794 -0.00820966 -0.0185554 -0.940178 0.0082858 0.999957 0.00403455 -0.364104 0.0185216 -0.00418755 0.99982 33.1365 
0.999767 -0.00879392 -0.0197185 -0.968951 0.00884251 0.999958 0.00238254 -0.391384 0.0196968 -0.00255643 0.999803 34.5532 
0.999797 -0.00723244 -0.0187831 -1.02651 0.0072504 0.999973 0.000892693 -0.402108 0.0187763 -0.00102878 0.999823 35.9089 
0.999842 -0.00492782 -0.0170449 -1.07378 0.00491209 0.999987 -0.000959682 -0.389405 0.0170495 0.000875719 0.999854 37.314 
0.999854 -0.00564856 -0.0161436 -1.12796 0.00565884 0.999984 0.000596195 -0.436824 0.01614 -0.000687546 0.999869 38.5786 
0.999848 -0.00664585 -0.0161303 -1.13982 0.00668571 0.999975 0.00242343 -0.459479 0.0161139 -0.00253099 0.999867 39.9112 
0.999859 -0.00732705 -0.0151211 -1.17027 0.00736965 0.999969 0.00276927 -0.463105 0.0151004 -0.0028804 0.999882 41.2652 
0.999859 -0.00805178 -0.0147273 -1.16951 0.00808077 0.999965 0.0019152 -0.453498 0.0147115 -0.00203402 0.99989 42.6065 
0.999869 -0.00859276 -0.0136787 -1.16032 0.00861755 0.999961 0.00176094 -0.483856 0.0136631 -0.00187867 0.999905 43.7615 
0.999887 -0.00910472 -0.0119373 -1.1567 0.00910805 0.999958 0.000231282 -0.497541 0.0119348 -0.000340066 0.999929 44.9172 
0.999905 -0.00983269 -0.00961808 -1.18383 0.00981985 0.999951 -0.00137253 -0.525181 0.00963119 0.00127786 0.999953 46.1049 
0.999927 -0.00958645 -0.007401 -1.15856 0.00958157 0.999954 -0.000683025 -0.536449 0.00740729 0.000611977 0.999972 47.3696 
0.999949 -0.00950738 -0.00349995 -1.14789 0.0095001 0.999953 -0.00206671 -0.534195 0.00351951 0.00203327 0.999992 48.5516 
0.999964 -0.00823695 0.00178362 -1.13953 0.00824088 0.999963 -0.00225176 -0.566278 -0.00176492 0.0022663 0.999996 49.7832 
0.999942 -0.00773213 0.00747692 -1.12333 0.00774948 0.999967 -0.00230525 -0.592562 -0.00745876 0.00236298 0.999969 50.9793 
0.999844 -0.0078983 0.0157734 -1.12297 0.00789703 0.999969 0.000137481 -0.654003 -0.0157739 -1.29801e-05 0.999875 52.0151 
0.999662 -0.00682001 0.0250834 -1.09532 0.0067955 0.999976 0.00105887 -0.683288 -0.02509 -0.000888138 0.999685 53.1738 
0.999268 -0.00307129 0.0381168 -1.06487 0.00307523 0.999995 -4.69217e-05 -0.691665 -0.0381164 0.000164023 0.999273 54.2239 
0.998662 -0.00175638 0.0516843 -1.00005 0.00176338 0.999998 -9.15531e-05 -0.690515 -0.0516839 0.000182488 0.998663 55.4307 
0.997691 0.00132402 0.0679075 -0.954648 -0.00141685 0.999998 0.00131761 -0.712766 -0.0679056 -0.00141087 0.997691 56.5566 
0.996246 0.00202965 0.0865452 -0.888513 -0.00215106 0.999997 0.00130853 -0.708346 -0.0865422 -0.00148986 0.996247 57.6644 
0.994442 0.001035 0.105282 -0.769588 -0.00106708 0.999999 0.00024756 -0.739675 -0.105282 -0.000358608 0.994442 58.7678 
0.992294 0.000625922 0.123907 -0.620783 -0.000588567 1 -0.000338803 -0.761499 -0.123907 0.000263186 0.992294 59.7853 
0.989334 -0.00131293 0.145659 -0.498751 0.00129989 0.999999 0.000184058 -0.792702 -0.145659 7.16888e-06 0.989335 60.9028 
0.986 -0.00664625 0.16661 -0.332693 0.00625674 0.999976 0.00286208 -0.823908 -0.166625 -0.00177965 0.986019 61.9515 
0.98168 -0.012235 0.190143 -0.14922 0.0115664 0.999922 0.00462538 -0.841233 -0.190185 -0.00234145 0.981745 63.0019 
0.976749 -0.0176125 0.213663 0.0750161 0.0172381 0.999845 0.00361499 -0.8463 -0.213693 0.000152121 0.976901 64.0992 
0.97098 -0.0238218 0.23797 0.358452 0.0239099 0.999711 0.0025163 -0.844773 -0.237961 0.00324649 0.971269 64.9678 
0.964145 -0.0299754 0.263677 0.639733 0.0302256 0.999538 0.00310813 -0.858496 -0.263648 0.00497303 0.964606 65.9244 
0.956412 -0.0303468 0.29044 0.920857 0.0295296 0.999538 0.00719682 -0.896637 -0.290524 0.00169337 0.956866 66.8806 
0.947322 -0.0343612 0.318435 1.26073 0.0328704 0.999409 0.0100556 -0.887479 -0.318592 0.000941143 0.947891 67.8672 
0.9369 -0.0384914 0.347473 1.59101 0.0371479 0.999254 0.0105296 -0.908687 -0.347619 0.00304269 0.937631 68.7906 
0.926009 -0.0370291 0.37568 1.95449 0.0373057 0.999282 0.00654014 -0.905793 -0.375653 0.0079587 0.926726 69.6566 
0.913635 -0.0379257 0.404763 2.31742 0.0409123 0.999162 0.00127226 -0.882826 -0.404472 0.0153973 0.914421 70.515 
0.900318 -0.0402967 0.433364 2.70607 0.0450968 0.998982 -0.000798092 -0.894169 -0.43289 0.0202618 0.901219 71.324 
0.88541 -0.0408217 0.463015 3.16806 0.0451172 0.99898 0.0017985 -0.884168 -0.462617 0.0192975 0.886348 72.2386 
0.868584 -0.0404179 0.49389 3.60024 0.0415017 0.9991 0.00877469 -0.915551 -0.4938 0.0128757 0.86948 73.0398 
0.849787 -0.0396701 0.525632 4.08444 0.0391722 0.999159 0.0120781 -0.903905 -0.525669 0.0103263 0.850626 73.8701 
0.828941 -0.0345782 0.558266 4.56577 0.0358604 0.999319 0.00864891 -0.920211 -0.558186 0.0128502 0.829617 74.6421 
0.807529 -0.0281609 0.589155 5.06865 0.033491 0.999437 0.00186703 -0.919804 -0.588876 0.0182236 0.808018 75.3793 
0.786319 -0.0256914 0.617286 5.66665 0.0312577 0.99951 0.00178226 -0.971253 -0.61703 0.0178935 0.786736 76.1188 
0.763392 -0.0271504 0.645364 6.25573 0.0313693 0.999496 0.0049422 -0.979066 -0.645173 0.0164717 0.763859 76.832 
0.73978 -0.0261555 0.67234 6.87144 0.0301525 0.999529 0.00570673 -0.979144 -0.672173 0.0160509 0.74022 77.5179 
0.714142 -0.0238023 0.699596 7.47651 0.0303913 0.999534 0.00298371 -0.98581 -0.699341 0.0191308 0.714532 78.1672 
0.688703 -0.0210833 0.724737 8.11758 0.0299931 0.99955 0.000575906 -0.994026 -0.724423 0.0213404 0.689026 78.7946 
0.661183 -0.0181378 0.750005 8.79078 0.0270766 0.999633 0.000304669 -1.00965 -0.749736 0.0201061 0.661432 79.4117 
0.633815 -0.0174772 0.773287 9.50084 0.0279135 0.99961 -0.000286714 -1.02406 -0.772981 0.0217668 0.634056 79.9873 
0.606469 -0.0109249 0.795032 10.2107 0.0256486 0.999654 -0.00582872 -1.03448 -0.794693 0.0239263 0.606539 80.5296 
0.577619 -0.0021138 0.816304 10.9434 0.0252914 0.999563 -0.015308 -1.05289 -0.815914 0.0294876 0.57742 81.054 
0.546398 0.00585833 0.837505 11.6573 0.024576 0.999433 -0.0230248 -1.06947 -0.837165 0.0331632 0.545944 81.5766 
0.515532 0.0109211 0.856801 12.4447 0.0220311 0.999419 -0.0259951 -1.07999 -0.856587 0.0322775 0.514992 82.0499 
0.483189 0.0113858 0.875442 13.2319 0.0218987 0.999445 -0.0250854 -1.0827 -0.875242 0.031292 0.482672 82.4941 
0.448911 0.00997504 0.893521 14.0361 0.0169483 0.999663 -0.019675 -1.10764 -0.893416 0.023976 0.44859 82.9481 
0.415462 0.0109578 0.909545 14.8593 0.0124377 0.999765 -0.0177262 -1.15556 -0.909526 0.0186772 0.415228 83.3472 
0.380198 0.0148852 0.924785 15.6996 0.00453539 0.999828 -0.0179578 -1.17589 -0.924894 0.0110218 0.380066 83.7223 
0.349833 0.0148605 0.936694 16.5723 -0.00212398 0.999884 -0.0150699 -1.24349 -0.93681 0.0032824 0.349824 83.9241 
0.313376 0.0145706 0.949517 17.4703 -0.00492236 0.999894 -0.0137191 -1.25748 -0.949616 -0.000374639 0.313414 84.2411 
0.276997 0.0133833 0.960778 18.3589 -0.00599216 0.999908 -0.0122009 -1.30243 -0.960852 -0.00237754 0.277051 84.5156 
0.240323 0.0125456 0.970612 19.261 -0.00488098 0.999919 -0.011716 -1.32039 -0.970681 -0.00192193 0.240365 84.765 
0.206194 0.0107438 0.978452 20.2267 -0.00333111 0.999942 -0.0102779 -1.34518 -0.978505 -0.00114011 0.206218 84.9479 
0.172853 0.010109 0.984896 21.1673 0.00394497 0.999932 -0.0109558 -1.35938 -0.98494 0.00577912 0.172802 85.0919 
0.138944 0.0127378 0.990218 22.134 0.00512723 0.999895 -0.0135818 -1.38211 -0.990287 0.00696419 0.138864 85.2313 
0.107618 0.0170781 0.994046 23.1427 0.00845032 0.999801 -0.0180919 -1.43556 -0.994156 0.010347 0.107452 85.3139 
0.0803316 0.0212504 0.996542 24.138 0.0144166 0.999643 -0.0224788 -1.451 -0.996664 0.0161725 0.0799966 85.3476 
0.0538548 0.019134 0.998365 25.1039 0.0154547 0.999681 -0.019993 -1.47896 -0.998429 0.0165061 0.0535419 85.4216 
0.0327371 0.0175147 0.99931 26.1118 0.0170945 0.99969 -0.0180814 -1.47681 -0.999318 0.0176746 0.0324275 85.4265 
0.0131877 0.0133523 0.999824 27.1017 0.0183099 0.99974 -0.0135928 -1.52887 -0.999745 0.0184859 0.0129398 85.4512 
-0.0077335 0.01726 0.999821 28.0044 0.0184127 0.999684 -0.0171153 -1.53872 -0.9998 0.018277 -0.00804885 85.546 
-0.0232956 0.022045 0.999485 28.9987 0.0217613 0.999531 -0.0215389 -1.57272 -0.999492 0.0212484 -0.0237644 85.5438 
-0.0347895 0.0268869 0.999033 29.9934 0.028139 0.999268 -0.0259134 -1.60073 -0.998998 0.0272103 -0.0355206 85.5024 
-0.0424662 0.0314346 0.998603 31.007 0.0324251 0.999022 -0.0300689 -1.62155 -0.998572 0.0311029 -0.0434439 85.4402 
-0.0467649 0.0374585 0.998203 32.0429 0.0358966 0.998714 -0.035796 -1.6483 -0.998261 0.0341581 -0.0480494 85.3675 
-0.0493976 0.0417355 0.997907 33.0774 0.0377349 0.998491 -0.0398921 -1.69745 -0.998066 0.0356854 -0.050898 85.3221 
-0.0543288 0.0456492 0.997479 34.133 0.0395353 0.998269 -0.0435322 -1.75057 -0.99774 0.0370706 -0.0560396 85.3155 
-0.0565048 0.0488952 0.997204 35.1867 0.0401368 0.998104 -0.0466651 -1.79651 -0.997595 0.0373878 -0.0583602 85.248 
-0.0595604 0.0525329 0.996841 36.1597 0.0405038 0.997919 -0.0501697 -1.85795 -0.997403 0.0373877 -0.0615642 85.2133 
-0.060723 0.0558959 0.996588 37.1758 0.042678 0.997663 -0.0533558 -1.9152 -0.997242 0.0392925 -0.0629667 85.1494 
-0.0628358 0.056766 0.996408 38.1951 0.0461455 0.997479 -0.053917 -1.99123 -0.996956 0.0425918 -0.0652968 85.0769 
-0.0649086 0.0558142 0.996329 39.2037 0.0444805 0.997604 -0.0529879 -2.03075 -0.996899 0.0408779 -0.0672358 85.0133 
-0.0654408 0.0549181 0.996344 40.1904 0.0455412 0.997608 -0.0519967 -2.13355 -0.996817 0.041972 -0.0677853 84.9209 
-0.0665602 0.0563785 0.996188 41.2544 0.0457177 0.997526 -0.0533996 -2.19994 -0.996734 0.0419892 -0.068973 84.8287 
-0.0676173 0.0581906 0.996013 42.1616 0.0463619 0.997402 -0.0551244 -2.28124 -0.996633 0.0424496 -0.0701395 84.8184 
-0.0690913 0.0594727 0.995836 43.1132 0.0454828 0.997371 -0.0564089 -2.36946 -0.996573 0.0413961 -0.0716146 84.7605 
-0.0714762 0.0636529 0.995409 44.128 0.0440421 0.99719 -0.0606044 -2.44032 -0.996469 0.0395081 -0.0740788 84.706 
-0.07194 0.0683003 0.995068 45.1808 0.0415029 0.996993 -0.065432 -2.51028 -0.996545 0.036591 -0.0745583 84.6144 
-0.075877 0.0706283 0.994613 46.1809 0.0388098 0.996941 -0.0678331 -2.5816 -0.996362 0.0334538 -0.078386 84.5887 
-0.0792042 0.068039 0.994534 47.2059 0.0372571 0.997173 -0.0652525 -2.6806 -0.996162 0.0318852 -0.0815152 84.5503 
-0.0819212 0.0641214 0.994574 48.272 0.0348373 0.997502 -0.0614408 -2.76252 -0.99603 0.029615 -0.0839504 84.4784 
-0.0897091 0.061289 0.99408 49.1712 0.0343531 0.997701 -0.0584122 -2.87051 -0.995375 0.0289096 -0.0916083 84.57 
-0.0920754 0.0624336 0.993793 50.2712 0.0338951 0.99765 -0.0595356 -2.92259 -0.995175 0.028203 -0.0939752 84.5011 
-0.0975982 0.0644139 0.993139 51.2942 0.0364221 0.997466 -0.0611153 -3.00437 -0.994559 0.0302075 -0.0996969 84.5349 
-0.0993964 0.0680912 0.992715 52.3322 0.0348131 0.997283 -0.0649189 -3.05828 -0.994439 0.0281068 -0.101497 84.4729 
-0.101047 0.0699499 0.992419 53.3486 0.0317886 0.997243 -0.0670532 -3.12041 -0.994374 0.0247721 -0.102992 84.4157 
-0.102274 0.0690004 0.99236 54.3415 0.0290197 0.997374 -0.0663583 -3.18565 -0.994333 0.0220112 -0.104008 84.383 
-0.104134 0.069261 0.992149 55.4164 0.024868 0.997442 -0.0670204 -3.25345 -0.994252 0.0176936 -0.10559 84.3302 
-0.103004 0.0677267 0.992372 56.3558 0.0210079 0.997605 -0.0659034 -3.39171 -0.994459 0.0140593 -0.10418 84.2608 
-0.103804 0.0673942 0.992312 57.4368 0.0173068 0.997673 -0.0659479 -3.47582 -0.994447 0.0103281 -0.104729 84.1969 
-0.104227 0.0661104 0.992354 58.4773 0.0129161 0.997794 -0.0651163 -3.58768 -0.99447 0.00603048 -0.104851 84.0977 
-0.105617 0.060912 0.992539 59.5608 0.012224 0.998126 -0.0599542 -3.65564 -0.994332 0.00580062 -0.106164 84.0246 
-0.109079 0.0518182 0.992681 60.6101 0.0147123 0.998615 -0.0505114 -3.7323 -0.993924 0.00909492 -0.109691 83.9651 
-0.107955 0.047086 0.99304 61.691 0.0213663 0.998757 -0.0450344 -3.78106 -0.993926 0.0163559 -0.108827 83.861 
-0.108587 0.0503554 0.992811 62.7678 0.0275984 0.998484 -0.0476247 -3.81947 -0.993704 0.0222286 -0.109812 83.7693 
-0.106455 0.0559113 0.992744 63.8215 0.0319937 0.998093 -0.0527818 -3.88656 -0.993803 0.0261427 -0.10804 83.6567 
-0.107095 0.0606915 0.992395 64.9026 0.0354027 0.997735 -0.0571976 -3.96766 -0.993618 0.0290079 -0.109001 83.577 
-0.106893 0.0665222 0.992043 65.9988 0.0375728 0.997317 -0.0628274 -4.01046 -0.99356 0.030558 -0.109106 83.4877 
-0.102742 0.063283 0.992693 67.0714 0.0358888 0.99756 -0.059879 -4.09987 -0.99406 0.0294745 -0.104762 83.2661 
-0.106155 0.0600511 0.992534 68.2766 0.0342348 0.997804 -0.0567085 -4.13394 -0.99376 0.0279594 -0.107978 83.27 
-0.104198 0.0591311 0.992797 69.4574 0.0312261 0.997933 -0.0561598 -4.18677 -0.994066 0.0251494 -0.105829 83.1352 
-0.103751 0.0591199 0.992845 70.698 0.0286341 0.997996 -0.0564344 -4.25978 -0.994191 0.0225741 -0.105236 82.9942 
-0.101912 0.0643771 0.992708 71.8161 0.0276855 0.997701 -0.0618588 -4.31539 -0.994408 0.0211794 -0.10346 82.8708 
-0.101956 0.0652661 0.992646 72.9099 0.0264341 0.997671 -0.0628816 -4.41174 -0.994438 0.0198286 -0.103444 82.7915 
-0.101508 0.0664397 0.992614 74.0788 0.0244912 0.997632 -0.0642711 -4.45175 -0.994533 0.0177863 -0.102895 82.6699 
-0.0988747 0.0610679 0.993224 75.3599 0.0283263 0.997883 -0.0585346 -4.52461 -0.994697 0.0223468 -0.100395 82.4651 
-0.0987975 0.05867 0.993376 76.5475 0.027065 0.998049 -0.0562543 -4.6184 -0.994739 0.021328 -0.100193 82.3317 
-0.100399 0.0637364 0.992904 77.65 0.025617 0.997781 -0.0614592 -4.66179 -0.994617 0.0192648 -0.101809 82.2885 
-0.0993959 0.0668043 0.992803 78.7816 0.0255905 0.997585 -0.0645642 -4.74166 -0.994719 0.0189889 -0.100865 82.1745 
-0.100987 0.0670108 0.992628 79.9476 0.0229151 0.997621 -0.0650166 -4.80181 -0.994624 0.0161804 -0.102282 82.0867 
-0.100493 0.0631736 0.99293 81.1196 0.0240028 0.997846 -0.0610571 -4.90279 -0.994648 0.0176973 -0.101793 81.9834 
-0.0998028 0.0617718 0.993088 82.3477 0.0256353 0.997899 -0.0594949 -4.99147 -0.994677 0.0195203 -0.101177 81.8936 
-0.100235 0.0628701 0.992975 83.5524 0.0266323 0.997813 -0.0604881 -5.06115 -0.994607 0.0203822 -0.10169 81.798 
-0.100317 0.0625444 0.992988 84.7168 0.0273086 0.997819 -0.0600899 -5.13438 -0.994581 0.021089 -0.101806 81.7409 
-0.098606 0.0618869 0.9932 85.9058 0.0259376 0.997885 -0.0596038 -5.20448 -0.994788 0.0198839 -0.100003 81.6325 
-0.0993347 0.0631126 0.99305 87.0881 0.0268608 0.997793 -0.0607272 -5.27786 -0.994691 0.0206418 -0.100811 81.5708 
-0.102026 0.0616558 0.992869 88.2842 0.0268032 0.997885 -0.0592131 -5.3628 -0.99442 0.0205708 -0.103463 81.5459 
-0.101488 0.0605319 0.992993 89.479 0.0248261 0.99799 -0.0582993 -5.43887 -0.994527 0.0187355 -0.102787 81.4452 
-0.0975952 0.0605709 0.993381 90.6402 0.0247879 0.997984 -0.0584164 -5.51172 -0.994917 0.0189227 -0.0988999 81.2756 
-0.096302 0.0599118 0.993547 91.7932 0.0254765 0.998008 -0.0577115 -5.59848 -0.995026 0.0197544 -0.0976365 81.153 
-0.0958804 0.0626462 0.993419 93.0344 0.0259992 0.997835 -0.0604154 -5.66761 -0.995053 0.0200355 -0.0973016 81.0647 
-0.0960603 0.0633519 0.993357 94.2514 0.0244247 0.997822 -0.0612748 -5.72489 -0.995076 0.0183764 -0.0973984 80.9984 
-0.0950242 0.0614119 0.993579 95.4288 0.016855 0.998051 -0.0600765 -5.81303 -0.995332 0.011038 -0.0958741 80.874 
-0.0943339 0.0626035 0.99357 96.6948 0.0189068 0.997953 -0.0610846 -5.91695 -0.995361 0.0130229 -0.0953245 80.7844 
-0.0940066 0.0624079 0.993614 97.9103 0.0143919 0.998014 -0.0613227 -5.99695 -0.995467 0.00853523 -0.0947181 80.6629 
-0.0942074 0.0595721 0.993769 99.1407 0.0126492 0.998199 -0.0586386 -6.08601 -0.995472 0.00704623 -0.0947913 80.5539 
-0.0952377 0.0582375 0.993749 100.425 0.0105044 0.99829 -0.057497 -6.16211 -0.995399 0.00496282 -0.0956866 80.4605 
-0.09604 0.0572706 0.993728 101.731 0.00808868 0.998355 -0.0567556 -6.24863 -0.995345 0.00258716 -0.0963453 80.3523 
-0.0995105 0.0579364 0.993348 102.966 0.00906868 0.998315 -0.0573177 -6.31777 -0.994995 0.00330465 -0.0998682 80.2898 
-0.102456 0.0559569 0.993162 104.19 0.00782962 0.998431 -0.0554461 -6.40011 -0.994707 0.00209528 -0.102734 80.1906 
-0.105613 0.0505585 0.993121 105.431 0.00326721 0.998719 -0.0504961 -6.49248 -0.994402 -0.00208828 -0.105642 80.09 
-0.110529 0.0514636 0.992539 106.66 0.00221142 0.998669 -0.0515352 -6.53849 -0.99387 -0.00350123 -0.110496 79.9967 
-0.116867 0.0564353 0.991543 107.869 -0.00307559 0.998359 -0.0571858 -6.63207 -0.993143 -0.00973272 -0.116502 79.8801 
-0.128959 0.059972 0.989835 109.09 -0.00340404 0.998137 -0.0609186 -6.70909 -0.991644 -0.0112254 -0.128515 79.828 
-0.137113 0.0562915 0.988955 110.29 -0.00317026 0.998354 -0.0572661 -6.79739 -0.99055 -0.0109872 -0.136709 79.6567 
-0.149514 0.0557487 0.987187 111.509 0.000795338 0.998416 -0.0562625 -6.8648 -0.988759 -0.00762685 -0.149321 79.5046 
-0.163387 0.0561533 0.984963 112.744 0.000773039 0.998386 -0.0567904 -6.95467 -0.986562 -0.00851739 -0.163167 79.3237 
-0.177681 0.0549284 0.982554 113.926 0.00151685 0.998455 -0.0555431 -7.06082 -0.984087 -0.00837854 -0.17749 79.1201 
-0.190616 0.0528451 0.980241 115.139 0.00649704 0.998596 -0.0525713 -7.13492 -0.981643 -0.00365225 -0.190692 78.8827 
-0.207625 0.0574593 0.976519 116.38 0.0112317 0.998347 -0.0563557 -7.18124 -0.978144 -0.000732827 -0.207927 78.6797 
-0.22138 0.061424 0.973251 117.505 0.010858 0.998108 -0.0605231 -7.23187 -0.975127 -0.00283103 -0.221628 78.3921 
-0.235699 0.0644127 0.969689 118.594 0.0105787 0.997912 -0.0637162 -7.33145 -0.971769 -0.00475971 -0.235888 78.147 
-0.251664 0.0642274 0.965681 119.794 0.00696556 0.99789 -0.0645544 -7.39492 -0.967789 -0.00951952 -0.25158 77.8563 
-0.268035 0.0570428 0.961719 120.95 0.00324126 0.998293 -0.0583089 -7.49816 -0.963404 -0.0125116 -0.267762 77.5764 
-0.281835 0.0560279 0.957826 122.192 -0.00162339 0.998264 -0.0588711 -7.51201 -0.959462 -0.0181468 -0.281255 77.1551 
-0.295598 0.0575825 0.953575 123.337 -0.00147395 0.998153 -0.0607314 -7.58334 -0.955311 -0.0193576 -0.294967 76.8058 
-0.311311 0.0589238 0.94848 124.478 -0.00312862 0.998007 -0.0630276 -7.66975 -0.950303 -0.0225886 -0.310506 76.4768 
-0.326067 0.061314 0.943356 125.6 -0.00163438 0.997856 -0.0654212 -7.74928 -0.945345 -0.0228735 -0.325268 76.1177 
-0.342165 0.0608236 0.937669 126.769 -0.000473654 0.997891 -0.0649029 -7.83679 -0.93964 -0.0226516 -0.341415 75.7562 
-0.35667 0.06003 0.9323 127.929 -0.000644837 0.997917 -0.0645018 -7.91123 -0.93423 -0.023607 -0.355888 75.3204 
-0.370717 0.0586113 0.926895 129.05 -1.56433e-05 0.998006 -0.0631143 -8.0057 -0.928746 -0.023412 -0.369977 74.904 
-0.384886 0.059379 0.921052 130.104 -0.00112692 0.997897 -0.0648042 -8.10833 -0.922963 -0.0259802 -0.38401 74.4428 
-0.402702 0.0615414 0.91326 131.212 -0.000776154 0.997714 -0.0675748 -8.19703 -0.915331 -0.0279213 -0.401734 74.0467 
-0.417079 0.0638665 0.906623 132.291 0.0025739 0.997607 -0.0690918 -8.30046 -0.908867 -0.0264832 -0.416245 73.5792 
-0.430032 0.0658533 0.900409 133.325 0.00611431 0.997526 -0.0700361 -8.4066 -0.902793 -0.0246124 -0.42937 73.0554 
-0.444715 0.071142 0.892842 134.376 0.0100767 0.997175 -0.0744362 -8.49438 -0.895616 -0.024106 -0.444175 72.5684 
-0.459715 0.0716896 0.885168 135.428 0.010544 0.997107 -0.0752795 -8.62332 -0.888004 -0.0252738 -0.459141 72.0041 
-0.47385 0.0709792 0.87774 136.487 0.00876263 0.997077 -0.075899 -8.66748 -0.880562 -0.0282734 -0.473087 71.4393 
-0.491267 0.0661737 0.868492 137.678 0.00330333 0.997244 -0.0741153 -8.74464 -0.871003 -0.0335415 -0.490131 70.8578 
-0.506446 0.0684265 0.859552 138.811 0.00584102 0.997096 -0.0759345 -8.83528 -0.862252 -0.033436 -0.505375 70.2145 
-0.523249 0.0692872 0.849358 139.875 0.00657288 0.996988 -0.077281 -8.90621 -0.852154 -0.0348545 -0.522128 69.5859 
-0.539342 0.068015 0.839336 140.909 0.00595168 0.997016 -0.0769681 -9.00218 -0.842066 -0.0365166 -0.538137 68.9748 
-0.554923 0.0678636 0.829129 141.937 0.00504245 0.996923 -0.0782227 -9.1138 -0.831886 -0.0392267 -0.553558 68.3181 
-0.570379 0.0684329 0.818526 143.031 0.0065514 0.996871 -0.0787783 -9.20009 -0.821355 -0.039571 -0.569043 67.6065 
-0.585808 0.0684127 0.807557 144.083 0.007851 0.996863 -0.0787547 -9.2689 -0.810412 -0.039795 -0.584507 66.8892 
-0.600804 0.0637738 0.796848 145.08 0.00741182 0.997214 -0.0742214 -9.37316 -0.799362 -0.0386864 -0.599603 66.1641 
-0.61788 0.0606468 0.78393 146.339 0.00590865 0.997351 -0.0725005 -9.47622 -0.78625 -0.0401646 -0.616601 65.4159 
-0.632346 0.0594244 0.772403 147.334 0.00517661 0.997355 -0.0724931 -9.57343 -0.774668 -0.0418423 -0.630982 64.6255 
-0.646613 0.0600844 0.760448 148.26 0.00400497 0.997147 -0.0753811 -9.69076 -0.762807 -0.0456968 -0.645009 63.8141 
-0.661098 0.0605416 0.747853 149.188 0.00276497 0.996929 -0.0782611 -9.78396 -0.750294 -0.0496704 -0.659235 62.9929 
-0.676372 0.0576135 0.734304 150.142 0.00148783 0.997041 -0.0768575 -9.89816 -0.736559 -0.0508917 -0.674456 62.1326 
-0.69388 0.0514299 0.718251 151.068 -0.00116457 0.997365 -0.0725407 -10.0026 -0.72009 -0.051171 -0.691992 61.3541 
-0.71044 0.0490932 0.702043 151.991 -0.00110456 0.997485 -0.070871 -10.1341 -0.703757 -0.051125 -0.708599 60.4606 
-0.727589 0.0474764 0.684368 152.892 -0.00197968 0.997453 -0.0713007 -10.2262 -0.68601 -0.0532324 -0.725642 59.5313 
-0.744094 0.0432122 0.666676 153.742 -0.00605136 0.997429 -0.071405 -10.3273 -0.668047 -0.0571663 -0.741919 58.5758 
-0.763458 0.0437009 0.644377 154.565 -0.00233978 0.997514 -0.0704225 -10.4044 -0.645853 -0.0552724 -0.761458 57.9304 
-0.779656 0.044953 0.624592 155.391 -0.000238799 0.997399 -0.0720826 -10.5268 -0.626208 -0.0563488 -0.777617 56.9787 
-0.794756 0.0433826 0.605377 156.201 0.000888605 0.997524 -0.0703181 -10.5917 -0.606929 -0.0553477 -0.792826 55.9777 
-0.808115 0.0461717 0.587212 156.931 0.00760335 0.997658 -0.0679809 -10.7221 -0.588976 -0.0504716 -0.806573 54.9188 
-0.821988 0.0459831 0.567645 157.675 0.00637111 0.997415 -0.0715716 -10.7938 -0.569469 -0.0552145 -0.820156 53.8207 
-0.836112 0.0476666 0.546483 158.402 0.00739657 0.997107 -0.0756553 -10.8889 -0.548508 -0.0592142 -0.834046 52.8015 
-0.849378 0.0489905 0.525506 159.11 0.0111327 0.997124 -0.0749635 -10.982 -0.527668 -0.0578221 -0.847481 51.7587 
-0.864513 0.0454691 0.50055 159.883 0.0100708 0.997267 -0.0731965 -11.0589 -0.50251 -0.0582384 -0.862608 50.9334 
-0.875077 0.0470584 0.481691 160.526 0.0130974 0.9972 -0.0736269 -11.2061 -0.483807 -0.0581203 -0.873243 49.8382 
-0.885055 0.049815 0.462812 161.136 0.0161606 0.996946 -0.0764021 -11.3021 -0.465205 -0.0601408 -0.883158 48.8042 
-0.89578 0.0476005 0.44194 161.779 0.0139755 0.996774 -0.0790334 -11.3809 -0.444277 -0.0646202 -0.893556 47.819 
-0.905309 0.0442011 0.422447 162.437 0.0126092 0.996929 -0.0772881 -11.5247 -0.424566 -0.0646429 -0.903086 46.7622 
-0.914107 0.0424899 0.40324 163.111 0.0118433 0.996868 -0.0781937 -11.6278 -0.405299 -0.0667017 -0.911747 45.7135 
-0.921833 0.0408469 0.38543 163.724 0.0123896 0.997028 -0.0760305 -11.766 -0.38739 -0.0653121 -0.919599 44.6106 
-0.927722 0.039136 0.371214 164.317 0.011489 0.997011 -0.0763994 -11.8435 -0.373094 -0.0666125 -0.925399 43.3439 
-0.933862 0.0327809 0.356128 164.823 0.0068054 0.997239 -0.0739485 -11.9262 -0.357569 -0.0666341 -0.931507 42.2449 
-0.939289 0.0293547 0.341868 165.373 0.00589003 0.997566 -0.0694737 -12.0426 -0.343075 -0.0632423 -0.937176 41.0794 
-0.944041 0.0287694 0.328569 165.844 0.00701334 0.997714 -0.067209 -12.126 -0.329752 -0.0611437 -0.942085 39.9098 
-0.947884 0.030532 0.31715 166.37 0.00880201 0.997527 -0.0697249 -12.2224 -0.318494 -0.0632995 -0.945809 38.6543 
-0.949958 0.0361587 0.310279 166.794 0.0148344 0.997379 -0.0708132 -12.3175 -0.312026 -0.0626667 -0.948004 37.4861 
-0.951922 0.0382853 0.303938 167.213 0.0164343 0.997113 -0.0741291 -12.4097 -0.305899 -0.0655701 -0.949803 36.2777 
-0.953778 0.0362025 0.298323 167.608 0.0151475 0.997247 -0.0725909 -12.5201 -0.30013 -0.0647168 -0.9517 35.1152 
-0.955327 0.0290742 0.294116 167.984 0.00913206 0.997578 -0.0689514 -12.6194 -0.295408 -0.0631853 -0.953279 33.9058 
-0.95726 0.0234861 0.288272 168.405 0.00402893 0.997684 -0.0679046 -12.6884 -0.289199 -0.063841 -0.955138 32.6633 
-0.959189 0.0149633 0.28237 168.807 -0.00462456 0.997635 -0.0685758 -12.8008 -0.282728 -0.067083 -0.956851 31.503 
-0.960397 0.0136931 0.278298 169.163 -0.00600729 0.997542 -0.0698129 -12.909 -0.27857 -0.0687199 -0.957954 30.33 
-0.961542 0.0115387 0.274415 169.549 -0.00908534 0.997234 -0.0737669 -13.002 -0.274507 -0.0734231 -0.958778 29.1214 
-0.962375 0.0118148 0.271469 169.95 -0.00896912 0.997129 -0.0751931 -13.1168 -0.271578 -0.0747987 -0.959505 27.9927 
-0.962127 0.0115077 0.272357 170.335 -0.0102488 0.996875 -0.0783249 -13.2073 -0.272408 -0.0781499 -0.959003 26.7189 
-0.962424 0.0111518 0.271321 170.731 -0.0110113 0.996732 -0.0800265 -13.3308 -0.271327 -0.080007 -0.959156 25.5299 
-0.962508 0.0109814 0.271031 171.057 -0.0118393 0.996527 -0.082421 -13.4392 -0.270995 -0.0825397 -0.959035 24.4016 
-0.962859 0.0064658 0.269925 171.436 -0.016954 0.996293 -0.0843424 -13.527 -0.26947 -0.0857862 -0.95918 23.3637 
-0.963679 -0.000575528 0.267061 171.917 -0.0250313 0.99579 -0.0881787 -13.6109 -0.265886 -0.0916609 -0.959637 22.2802 
-0.963526 -0.00502727 0.267566 172.323 -0.029945 0.99557 -0.0891287 -13.7192 -0.265932 -0.0938901 -0.959408 21.1517 
-0.963148 -0.00464238 0.268933 172.805 -0.0283642 0.996029 -0.0843891 -13.8732 -0.267473 -0.0889073 -0.959455 19.9704 
-0.96242 -0.0106104 0.271356 173.183 -0.0347319 0.995839 -0.0842451 -13.9528 -0.269333 -0.0905039 -0.958785 18.9073 
-0.96102 -0.013261 0.276161 173.575 -0.0371832 0.995974 -0.081569 -14.0799 -0.273967 -0.088658 -0.957644 17.7679 
-0.959161 -0.00884007 0.282722 173.954 -0.0327403 0.996263 -0.0799237 -14.1884 -0.280959 -0.0859161 -0.955866 16.609 
-0.95759 -0.0101892 0.287952 174.315 -0.0341751 0.996336 -0.0783943 -14.3154 -0.286099 -0.0849104 -0.954431 15.5842 
-0.955392 -0.0122406 0.295087 174.716 -0.0386767 0.995722 -0.0839181 -14.3989 -0.292798 -0.0915876 -0.951778 14.4876 
-0.953881 -0.0125254 0.299924 175.204 -0.0396524 0.995631 -0.0845311 -14.4511 -0.297555 -0.0925253 -0.95021 13.5446 
-0.95101 -0.0113635 0.308949 175.74 -0.0401831 0.99539 -0.0870803 -14.5605 -0.306536 -0.0952288 -0.947083 12.2806 
-0.948057 -0.0129373 0.317837 176.191 -0.0438055 0.994963 -0.0901661 -14.6647 -0.315069 -0.0994056 -0.943848 11.1883 
-0.942554 -0.010456 0.33389 176.524 -0.0423854 0.995175 -0.0884872 -14.8259 -0.331353 -0.097556 -0.93845 10.0607 
-0.938307 -0.0152806 0.345466 176.961 -0.0480937 0.995081 -0.086611 -14.9471 -0.342444 -0.0978824 -0.934426 9.00989 
-0.935118 -0.0174312 0.353908 177.582 -0.0528453 0.99448 -0.0906494 -15.0362 -0.350375 -0.10347 -0.930877 7.86576 
-0.932001 -0.0231082 0.361718 178.079 -0.0612247 0.993662 -0.0942717 -15.1181 -0.357247 -0.110007 -0.927509 6.9021 
-0.927842 -0.0207412 0.372396 178.537 -0.0582557 0.994257 -0.0897698 -15.2697 -0.368396 -0.104986 -0.923722 5.86547 
-0.917256 -0.0148491 0.398022 179.014 -0.0535743 0.994823 -0.0863497 -15.3797 -0.39468 -0.100529 -0.913303 4.3792 
-0.911424 -0.0156865 0.41117 179.4 -0.0555028 0.994827 -0.0850774 -15.5073 -0.407709 -0.100363 -0.90758 3.39592 
-0.912268 -0.00962853 0.409481 180.272 -0.0489853 0.995113 -0.0857334 -15.5382 -0.406655 -0.0982704 -0.908281 2.6113 
-0.909709 -0.0391611 0.413394 181.004 -0.0785694 0.993793 -0.0787561 -16.0684 -0.407744 -0.104125 -0.90714 1.74404 
-0.903762 -0.0394567 0.426212 181.696 -0.0812763 0.993446 -0.0803741 -16.1204 -0.420247 -0.10728 -0.901046 0.677514 
-0.896591 -0.038172 0.441211 182.226 -0.0811948 0.993559 -0.0790378 -16.2267 -0.435352 -0.106689 -0.893916 -0.348296 
-0.887934 -0.0383211 0.458372 182.818 -0.0845157 0.99315 -0.0806896 -16.3133 -0.45214 -0.110387 -0.88509 -1.44434 
-0.874724 -0.0266409 0.483889 183.438 -0.0712453 0.994708 -0.0740256 -16.4171 -0.479356 -0.0992267 -0.871993 -2.71079 
-0.865465 -0.0245639 0.500367 184.13 -0.0680583 0.995302 -0.0688567 -16.5243 -0.496325 -0.0936472 -0.863071 -3.80292 
-0.859988 -0.0294931 0.509461 185.299 -0.0786624 0.994058 -0.0752383 -16.5139 -0.504214 -0.104779 -0.857198 -4.88384 
-0.857686 -0.0399879 0.512616 186.579 -0.098268 0.991342 -0.0870853 -16.4662 -0.504696 -0.125066 -0.85419 -5.87423 
-0.84492 -0.0337547 0.533826 187.261 -0.0941015 0.991821 -0.0862258 -16.5779 -0.52655 -0.123088 -0.841186 -6.9352 
-0.831846 -0.0317431 0.554098 187.951 -0.0897532 0.992916 -0.0778611 -16.7531 -0.547701 -0.114501 -0.828802 -7.87959 
-0.817264 -0.0327527 0.575331 188.652 -0.0907482 0.993241 -0.0723651 -16.8908 -0.569073 -0.111352 -0.814713 -8.86106 
-0.799225 -0.0351297 0.600005 189.323 -0.0924622 0.993593 -0.0649887 -17.0393 -0.593877 -0.107418 -0.797352 -9.82499 
-0.783032 -0.0396681 0.620716 189.948 -0.101417 0.992751 -0.0644935 -17.1537 -0.613658 -0.113452 -0.781379 -10.6149 
-0.766455 -0.0412559 0.640971 190.732 -0.111557 0.991318 -0.0695913 -17.1642 -0.632536 -0.124844 -0.764403 -11.4515 
-0.750493 -0.0389158 0.659732 191.534 -0.115434 0.990638 -0.0728794 -17.1362 -0.650719 -0.130851 -0.747959 -12.2717 
-0.735161 -0.0398012 0.676722 192.334 -0.113706 0.991372 -0.0652178 -17.2427 -0.668288 -0.124893 -0.733344 -12.9565 
-0.715313 -0.0362134 0.697866 193.096 -0.110311 0.991987 -0.0615929 -17.2837 -0.690043 -0.12104 -0.713575 -13.7203 
-0.695817 -0.0334102 0.717442 193.926 -0.111402 0.991849 -0.0618549 -17.3509 -0.709527 -0.122964 -0.693867 -14.4359 
-0.674754 -0.0342723 0.737247 194.622 -0.107832 0.99278 -0.05254 -17.5042 -0.730123 -0.11495 -0.673577 -15.0581 
-0.652389 -0.0332135 0.757156 195.567 -0.0982201 0.994319 -0.0410125 -17.6058 -0.751493 -0.101124 -0.651945 -15.7992 
-0.631239 -0.0331798 0.774878 196.935 -0.0904766 0.995413 -0.031082 -17.633 -0.770293 -0.0897285 -0.631346 -16.4921 
-0.609345 -0.0291705 0.792368 197.751 -0.0836941 0.996107 -0.0276913 -17.636 -0.788475 -0.0831901 -0.609414 -16.9709 
-0.587695 -0.0291071 0.808559 198.845 -0.0966395 0.994724 -0.034433 -17.6474 -0.80329 -0.0983748 -0.587407 -17.4345 
-0.568478 -0.0307417 0.822124 200.215 -0.110694 0.993073 -0.0394082 -17.6811 -0.815217 -0.113407 -0.567943 -17.8627 
-0.548934 -0.03202 0.835252 201.594 -0.124836 0.991199 -0.0440449 -17.7152 -0.826491 -0.128447 -0.5481 -18.2586 
-0.526433 -0.0337195 0.849547 202.493 -0.125956 0.99128 -0.0387054 -17.778 -0.840835 -0.127381 -0.52609 -18.5398 
-0.500759 -0.0326334 0.864971 203.609 -0.12748 0.991173 -0.0364077 -17.774 -0.856148 -0.128498 -0.500499 -18.9881 
-0.470066 -0.0317735 0.882059 204.72 -0.125408 0.991617 -0.0311126 -17.7793 -0.873676 -0.125242 -0.470111 -19.5355 
-0.442282 -0.0322192 0.896297 205.84 -0.122777 0.992121 -0.0249211 -17.8012 -0.888433 -0.121067 -0.442753 -19.9582 
-0.413298 -0.0291524 0.910129 207.14 -0.13086 0.991014 -0.0276815 -17.738 -0.901144 -0.13054 -0.413399 -20.3327 
-0.383906 -0.0242736 0.923053 208.765 -0.141075 0.98946 -0.0326544 -17.6402 -0.912532 -0.142756 -0.383284 -20.6905 
-0.35402 -0.022661 0.934963 209.745 -0.144931 0.988959 -0.030908 -17.6865 -0.92394 -0.146447 -0.353396 -21.0353 
-0.323455 -0.0215299 0.945999 210.828 -0.148459 0.988515 -0.0282635 -17.7069 -0.934525 -0.149584 -0.322936 -21.3371 
-0.294525 -0.0179541 0.955475 212.034 -0.156991 0.987149 -0.0298432 -17.6101 -0.942661 -0.15879 -0.293559 -21.5749 
-0.264013 -0.0142302 0.964414 213.053 -0.167232 0.985422 -0.0312403 -17.5807 -0.949911 -0.169529 -0.262544 -21.866 
-0.239155 -0.013359 0.970889 213.969 -0.174093 0.984292 -0.0293404 -17.5926 -0.955247 -0.176042 -0.237724 -21.9395 
-0.210474 -0.0141087 0.977498 214.719 -0.17244 0.984753 -0.0229163 -17.6223 -0.962271 -0.173383 -0.209698 -22.0838 
-0.181264 -0.0132913 0.983345 215.864 -0.173315 0.98469 -0.0186384 -17.6037 -0.968042 -0.173807 -0.180792 -22.2407 
-0.15122 -0.0144028 0.988395 216.988 -0.172247 0.984981 -0.012 -17.6519 -0.973377 -0.172062 -0.151429 -22.3813 
-0.120702 -0.0122376 0.992613 218.125 -0.169603 0.985476 -0.00847415 -17.6382 -0.978093 -0.169373 -0.121024 -22.5277 
-0.0896036 -0.0116003 0.99591 219.239 -0.164855 0.986312 -0.00334379 -17.6472 -0.982239 -0.16448 -0.0902895 -22.6232 
-0.0590607 -0.010047 0.998204 220.419 -0.161704 0.986839 0.000364997 -17.6454 -0.98507 -0.161392 -0.059908 -22.6798 
-0.0307518 -0.00902028 0.999486 221.576 -0.160006 0.987108 0.00398547 -17.6187 -0.986637 -0.159801 -0.0317986 -22.6576 
-0.0023976 -0.00952142 0.999952 222.663 -0.156499 0.987637 0.00902883 -17.612 -0.987675 -0.15647 -0.00385804 -22.5878 
0.0258272 -0.00666001 0.999644 223.813 -0.153286 0.988125 0.0105435 -17.5726 -0.987844 -0.153504 0.0244996 -22.5107 
0.055734 -0.00626678 0.998426 224.951 -0.150077 0.988567 0.0145824 -17.5597 -0.987102 -0.150654 0.0541563 -22.4307 
0.0856573 -0.00732563 0.996298 226.059 -0.150074 0.988469 0.0201707 -17.5617 -0.984957 -0.151247 0.0835702 -22.3374 
0.115099 -0.0084843 0.993318 227.222 -0.147354 0.988754 0.0255196 -17.5511 -0.982364 -0.149306 0.112554 -22.1753 
0.143302 -0.00653592 0.989657 228.368 -0.146116 0.98888 0.0276882 -17.5456 -0.978833 -0.148573 0.140754 -21.9383 
0.173404 -0.00510766 0.984837 229.533 -0.141854 0.989429 0.0301082 -17.5236 -0.974581 -0.144924 0.170846 -21.7105 
0.202564 -0.00704455 0.979244 230.693 -0.137856 0.989811 0.0356372 -17.5103 -0.969517 -0.142214 0.199529 -21.4784 
0.232872 -0.00969615 0.972459 231.877 -0.133576 0.990154 0.0418596 -17.479 -0.96329 -0.139645 0.229284 -21.1951 
0.259329 -0.00961034 0.965741 232.918 -0.133588 0.989982 0.0457236 -17.4127 -0.956505 -0.140869 0.255447 -20.8668 
0.282571 -0.0108557 0.959185 233.883 -0.13296 0.98984 0.0503719 -17.3818 -0.949987 -0.141767 0.278257 -20.4886 
0.307362 -0.0117842 0.951519 235.073 -0.13048 0.989957 0.0544083 -17.3301 -0.942604 -0.140878 0.302738 -20.1068 
0.328371 -0.0085016 0.94451 236.144 -0.132536 0.989652 0.0549856 -17.2094 -0.935204 -0.143237 0.323846 -19.6856 
0.349597 -0.0128333 0.936812 237.181 -0.12895 0.989731 0.0616794 -17.166 -0.927984 -0.142365 0.344352 -19.2625 
0.366802 -0.014809 0.930181 237.948 -0.127528 0.989634 0.0660439 -17.1138 -0.921517 -0.142849 0.361111 -18.8203 
0.384587 -0.0168342 0.922935 239.034 -0.123929 0.98984 0.0696958 -17.0361 -0.914732 -0.141183 0.378593 -18.3268 
0.40208 -0.0166967 0.915452 240.128 -0.121089 0.990082 0.0712419 -16.937 -0.907562 -0.139497 0.39607 -17.8123 
0.419994 -0.0164258 0.907378 241.212 -0.119527 0.990125 0.0732487 -16.8504 -0.899621 -0.13922 0.413884 -17.2821 
0.437943 -0.0173703 0.898835 242.234 -0.118465 0.98998 0.076852 -16.7892 -0.891163 -0.140138 0.431496 -16.7322 
0.454739 -0.020695 0.890384 243.321 -0.117567 0.989586 0.0830447 -16.7174 -0.882831 -0.142444 0.44757 -16.1522 
0.470878 -0.024425 0.88186 244.439 -0.111003 0.990032 0.0866923 -16.5774 -0.875187 -0.138711 0.463473 -15.5185 
0.490827 -0.0272256 0.870832 245.516 -0.106995 0.990063 0.0912586 -16.4943 -0.864662 -0.137967 0.483036 -14.9399 
0.507222 -0.028099 0.861357 246.517 -0.102679 0.990379 0.0927714 -16.422 -0.855677 -0.135499 0.499457 -14.3163 
0.52375 -0.0286176 0.851391 247.546 -0.0996141 0.990521 0.0945736 -16.3176 -0.846028 -0.134344 0.515935 -13.655 
0.538783 -0.027263 0.842004 248.573 -0.0998942 0.990357 0.0959868 -16.1733 -0.836501 -0.135827 0.530864 -12.9715 
0.552615 -0.0294382 0.832916 249.605 -0.0984757 0.990069 0.100328 -16.0618 -0.827598 -0.137465 0.544228 -12.2666 
0.567041 -0.0312963 0.823095 250.629 -0.0954914 0.990042 0.103429 -15.9579 -0.818136 -0.137247 0.558406 -11.545 
0.579875 -0.0308285 0.814122 251.627 -0.0930195 0.990244 0.103753 -15.8317 -0.809378 -0.135893 0.57135 -10.8299 
0.592732 -0.0322359 0.804754 252.685 -0.0860736 0.990941 0.10309 -15.7025 -0.800787 -0.130373 0.584588 -10.0697 
0.603141 -0.0326111 0.796968 253.653 -0.0855203 0.99076 0.105262 -15.5686 -0.793037 -0.131645 0.594779 -9.29131 
0.613202 -0.0336483 0.789209 254.644 -0.0801598 0.991284 0.104547 -15.4198 -0.785848 -0.127371 0.60516 -8.50434 
0.621516 -0.0353519 0.782603 255.628 -0.075906 0.991563 0.105073 -15.27 -0.779715 -0.124709 0.613589 -7.65104 
0.628394 -0.0359418 0.777064 256.6 -0.0731891 0.991769 0.105059 -15.1281 -0.774444 -0.122891 0.620591 -6.8407 
0.63409 -0.0387761 0.772286 257.594 -0.0718466 0.991467 0.108771 -15.0192 -0.769914 -0.124457 0.625894 -6.00439 
0.638445 -0.039988 0.768628 258.545 -0.0699427 0.991503 0.109679 -14.8757 -0.766483 -0.123784 0.630223 -5.19681 
0.642489 -0.0404928 0.765224 259.548 -0.0693038 0.99144 0.110651 -14.7401 -0.763154 -0.124125 0.634183 -4.36034 
0.645248 -0.0332885 0.763247 260.628 -0.0774937 0.991045 0.108737 -14.5417 -0.760032 -0.129309 0.636891 -3.46784 
0.648053 -0.0352495 0.760779 261.67 -0.0766548 0.990837 0.111205 -14.4016 -0.757728 -0.130384 0.639412 -2.5742 
0.653543 -0.0369376 0.755988 262.773 -0.0754577 0.990653 0.113636 -14.2823 -0.753119 -0.131311 0.644647 -1.71979 
0.656178 -0.0388258 0.753607 263.719 -0.0718284 0.990927 0.113595 -14.1304 -0.75118 -0.128669 0.647436 -0.847725 
0.660062 -0.0384155 0.750228 264.81 -0.0740174 0.990506 0.11584 -14.0004 -0.747556 -0.131992 0.650952 0.0716984 
0.665707 -0.040126 0.745134 265.956 -0.0727832 0.9903 0.118353 -13.8835 -0.742655 -0.133022 0.656329 1.0073 
0.671348 -0.0407622 0.740021 267.049 -0.0717616 0.99022 0.119646 -13.7364 -0.73766 -0.133429 0.661857 1.91472 
0.675286 -0.0401946 0.73646 268.081 -0.0713651 0.990268 0.119484 -13.578 -0.734095 -0.133243 0.665845 2.80426 
0.677454 -0.0433633 0.734286 269 -0.0683507 0.99023 0.121539 -13.46 -0.732382 -0.132526 0.667872 3.70484 
