1 2.12261e-08 -2.11895e-08 0 2.12261e-08 1 2.10703e-08 0 -2.11895e-08 2.10703e-08 1 0 
0.999999 -0.00068987 -0.00101599 -0.0153936 0.000689504 1 -0.000402412 -0.0277133 0.00101623 0.000401754 0.999999 0.578184 
0.999999 -0.00107675 -0.00132944 -0.049952 0.00107396 0.999997 -0.00212776 -0.0360486 0.00133168 0.00212638 0.999997 1.15003 
0.999992 -0.00147078 -0.0038233 -0.0534912 0.001456 0.999991 -0.00387772 -0.0411572 0.00382893 0.00387216 0.999985 1.70767 
0.999979 -0.00389781 -0.00521074 -0.0692415 0.00386994 0.999978 -0.00535585 -0.0579336 0.00523146 0.00533561 0.999972 2.2792 
0.99997 -0.00542042 -0.00550019 -0.103595 0.00537866 0.999957 -0.00758653 -0.0755783 0.00554103 0.00755676 0.999956 2.83326 
0.999956 -0.00668419 -0.0065213 -0.12211 0.0066295 0.999943 -0.00837919 -0.0865196 0.00657689 0.00833564 0.999944 3.37881 
0.999952 -0.00704589 -0.00676905 -0.165918 0.00699015 0.999942 -0.00822993 -0.0863869 0.0068266 0.00818226 0.999943 3.96353 
0.999945 -0.00729211 -0.00754183 -0.175725 0.00722454 0.999934 -0.00895267 -0.0918163 0.00760658 0.00889773 0.999932 4.56373 
0.999928 -0.00753791 -0.00939316 -0.17509 0.00743004 0.999907 -0.0114711 -0.107975 0.00947871 0.0114005 0.99989 5.17687 
0.999938 -0.00481966 -0.0100127 -0.204254 0.00465984 0.999862 -0.0159285 -0.123406 0.0100881 0.0158809 0.999823 5.74763 
0.99991 -0.00454721 -0.0126051 -0.190297 0.00430229 0.999803 -0.0193925 -0.146169 0.0126907 0.0193366 0.999733 6.39824 
0.999908 -0.00202615 -0.0134456 -0.220805 0.00175507 0.999796 -0.0201453 -0.142282 0.0134837 0.0201198 0.999707 7.0144 
0.999893 0.000563966 -0.0146218 -0.257166 -0.000745155 0.999923 -0.0123921 -0.162468 0.0146137 0.0124017 0.999816 7.6291 
0.999878 0.00011589 -0.0156468 -0.255179 -0.000152756 0.999997 -0.00235762 -0.162511 0.0156465 0.00235977 0.999875 8.27746 
0.999871 0.0026252 -0.015873 -0.288222 -0.00254801 0.999985 0.0048784 -0.200898 0.0158855 -0.00483728 0.999862 8.90701 
0.999832 0.00537778 -0.0175084 -0.303307 -0.00531613 0.99998 0.00356328 -0.212871 0.0175272 -0.00346956 0.99984 9.60187 
0.999811 0.00659858 -0.0182824 -0.329232 -0.00665467 0.999973 -0.0030113 -0.23472 0.018262 0.00313243 0.999828 10.2859 
0.999794 0.00604314 -0.019379 -0.365556 -0.00622364 0.999938 -0.00926957 -0.231395 0.0193217 0.00938831 0.999769 10.9993 
0.999796 0.00514076 -0.0195345 -0.413294 -0.00526831 0.999965 -0.00648572 -0.263847 0.0195005 0.00658735 0.999788 11.6499 
0.999798 0.00164767 -0.0200434 -0.447281 -0.00158094 0.999993 0.00334285 -0.270788 0.0200488 -0.00331044 0.999794 12.4266 
0.99981 0.00196456 -0.0193917 -0.490071 -0.00176411 0.999945 0.0103462 -0.286384 0.0194109 -0.01031 0.999758 13.1608 
0.999842 0.000614404 -0.0177492 -0.573434 -0.000361397 0.999898 0.0142519 -0.313744 0.0177561 -0.0142432 0.999741 13.9049 
0.999831 -0.000918078 -0.0183885 -0.581921 0.00117632 0.999901 0.0140354 -0.322339 0.0183737 -0.0140546 0.999732 14.6987 
0.999866 -0.000249459 -0.0163889 -0.640323 0.000432777 0.999937 0.0111804 -0.315766 0.0163851 -0.0111859 0.999803 15.501 
0.999889 0.00330006 -0.0145578 -0.696051 -0.003191 0.999967 0.00750559 -0.31386 0.014582 -0.00745825 0.999866 16.3687 
0.999909 -0.000433086 -0.0135211 -0.724289 0.000462306 0.999998 0.00215494 -0.327908 0.0135201 -0.00216096 0.999906 17.2155 
0.999932 -0.000418599 -0.0116899 -0.780386 0.00038371 0.999995 -0.00299018 -0.354624 0.0116911 0.00298553 0.999927 18.0908 
0.999951 -0.000123327 -0.00992295 -0.799058 3.36157e-05 0.999959 -0.00904476 -0.359491 0.00992362 0.00904402 0.99991 18.9624 
0.999941 0.000970145 -0.0108591 -0.819044 -0.00107233 0.999955 -0.00941225 -0.375261 0.0108495 0.00942337 0.999897 19.8289 
0.999942 0.0027156 -0.0104065 -0.854981 -0.00280925 0.999956 -0.00899846 -0.396191 0.0103816 0.00902722 0.999905 20.7506 
0.999925 0.00505698 -0.0111638 -0.872624 -0.00516641 0.999939 -0.00979908 -0.430279 0.0111135 0.00985606 0.99989 21.7086 
0.999927 0.0075285 -0.00940515 -0.939241 -0.00764672 0.999891 -0.0126024 -0.435145 0.00930921 0.0126734 0.999876 22.6851 
0.99989 0.0117288 -0.00904237 -0.9767 -0.0118609 0.999822 -0.0147015 -0.429137 0.00886828 0.0148072 0.999851 23.6519 
0.999868 0.0121611 -0.0107713 -0.973985 -0.0123233 0.99981 -0.0151198 -0.456772 0.0105853 0.0152506 0.999828 24.611 
0.99987 0.0126305 -0.0100733 -1.02563 -0.012778 0.99981 -0.0147224 -0.489422 0.00988542 0.0148492 0.999841 25.6016 
0.999868 0.0133235 -0.00933711 -1.06829 -0.0134654 0.999792 -0.015306 -0.50768 0.0091312 0.0154298 0.999839 26.5981 
0.999851 0.013918 -0.0101972 -1.09451 -0.0140631 0.999799 -0.0143126 -0.536195 0.00999587 0.0144539 0.999846 27.5998 
0.999841 0.014341 -0.0106327 -1.11205 -0.0144676 0.999824 -0.0119315 -0.573409 0.0104597 0.0120834 0.999872 28.6413 
0.999821 0.015092 -0.0113825 -1.14186 -0.0152139 0.999827 -0.0107096 -0.601839 0.0112189 0.0108809 0.999878 29.6426 
0.999819 0.0140267 -0.0128499 -1.15582 -0.0141872 0.999821 -0.0124932 -0.615754 0.0126723 0.0126733 0.999839 30.6608 
0.999783 0.0153444 -0.0141142 -1.17765 -0.01553 0.999793 -0.0131395 -0.6376 0.0139097 0.0133559 0.999814 31.7059 
0.999778 0.0141272 -0.0156182 -1.20471 -0.0143328 0.999811 -0.0131368 -0.655751 0.0154296 0.0133578 0.999792 32.7422 
0.999748 0.0122622 -0.0188255 -1.2044 -0.0124516 0.999873 -0.00998241 -0.700728 0.0187006 0.0102143 0.999773 33.7848 
0.999736 0.0119094 -0.0196678 -1.23221 -0.0120378 0.999907 -0.00642184 -0.715248 0.0195895 0.00665695 0.999786 34.8431 
0.999736 0.0122489 -0.0194449 -1.29775 -0.0123217 0.999918 -0.00363289 -0.750173 0.0193987 0.00387157 0.999804 35.9322 
0.99969 0.0141464 -0.020492 -1.33192 -0.0142234 0.999892 -0.00361859 -0.759362 0.0204386 0.00390898 0.999784 37.0287 
0.999669 0.0128059 -0.0223022 -1.35902 -0.0129213 0.999904 -0.00504113 -0.777197 0.0222355 0.00532768 0.999739 38.0984 
0.999649 0.0128951 -0.0231348 -1.39891 -0.0130278 0.9999 -0.00559517 -0.80199 0.0230603 0.00589464 0.999717 39.1886 
0.999609 0.0127403 -0.0248855 -1.42883 -0.0128738 0.999904 -0.00521178 -0.807637 0.0248166 0.00553016 0.999677 40.2525 
0.999588 0.0122169 -0.025965 -1.48564 -0.0122883 0.999921 -0.00259526 -0.829051 0.0259312 0.0029133 0.99966 41.3393 
0.999567 0.0146855 -0.0254924 -1.53856 -0.0146923 0.999892 -8.41448e-05 -0.858129 0.0254884 0.000458694 0.999675 42.4196 
0.999574 0.0148097 -0.0251472 -1.60587 -0.0148126 0.99989 7.19088e-05 -0.886187 0.0251455 0.000300659 0.999684 43.4812 
0.999601 0.0171783 -0.0224027 -1.72194 -0.0172895 0.999839 -0.00477795 -0.896832 0.0223169 0.00516342 0.999738 44.4916 
0.999562 0.0204991 -0.0213434 -1.78697 -0.0207038 0.999741 -0.00941967 -0.924446 0.0211447 0.00985747 0.999728 45.5735 
0.999547 0.0213043 -0.0212443 -1.83224 -0.0215159 0.999721 -0.00978419 -0.955391 0.0210299 0.0102369 0.999726 46.6379 
0.999522 0.0242754 -0.0191348 -1.90587 -0.0244286 0.999671 -0.00782066 -0.97407 0.0189386 0.0082844 0.999786 47.7089 
0.999494 0.0246607 -0.0200811 -1.93452 -0.0247856 0.999675 -0.00599661 -1.00051 0.0199266 0.00649134 0.99978 48.8268 
0.999538 0.0234082 -0.0194019 -1.98177 -0.023511 0.999711 -0.00509429 -1.01918 0.019277 0.00554814 0.999799 49.8865 
0.999535 0.0234706 -0.0194427 -2.01181 -0.0235909 0.999704 -0.00598277 -1.0443 0.0192965 0.0064387 0.999793 50.9771 
0.999516 0.023562 -0.0202912 -2.03091 -0.0237114 0.999693 -0.00715866 -1.07936 0.0201163 0.00763637 0.999769 52.0716 
0.999536 0.0233434 -0.0195753 -2.08289 -0.0235523 0.999667 -0.010512 -1.08677 0.0193234 0.0109682 0.999753 53.1891 
0.999561 0.0224637 -0.019297 -2.12897 -0.0227029 0.999667 -0.0122689 -1.13116 0.0190149 0.0127016 0.999739 54.2512 
0.999587 0.0210792 -0.0195137 -2.16264 -0.0213758 0.999657 -0.0151221 -1.17573 0.0191882 0.0155331 0.999695 55.2865 
0.999619 0.0198605 -0.019181 -2.20304 -0.020203 0.999637 -0.0178358 -1.19976 0.0188197 0.0182165 0.999657 56.3696 
0.99964 0.0167391 -0.0209709 -2.18624 -0.0170373 0.999755 -0.0141241 -1.25799 0.0207293 0.0144764 0.99968 57.3917 
0.999629 0.0157615 -0.0222261 -2.19333 -0.0159277 0.999846 -0.00732262 -1.30555 0.0221073 0.00767396 0.999726 58.4425 
0.999664 0.0136024 -0.0220524 -2.24087 -0.0136492 0.999905 -0.00197705 -1.32792 0.0220233 0.00227743 0.999755 59.5522 
0.999695 0.0108541 -0.0221654 -2.28829 -0.0108769 0.99994 -0.000912062 -1.3585 0.0221541 0.00115292 0.999754 60.6291 
0.999705 0.00791293 -0.0229467 -2.29743 -0.00797983 0.999964 -0.00282746 -1.39439 0.0229235 0.00300978 0.999733 61.7385 
0.999731 0.00609744 -0.0223777 -2.3698 -0.00622667 0.999964 -0.00571152 -1.42316 0.022342 0.00584937 0.999733 62.8732 
0.999721 0.0093574 -0.0216744 -2.46057 -0.00957915 0.999903 -0.0101521 -1.44589 0.0215772 0.0103569 0.999714 64.014 
0.999707 0.00927925 -0.0223771 -2.48771 -0.00961186 0.999844 -0.0148039 -1.46221 0.0222362 0.0150147 0.99964 65.0641 
0.999662 0.0135896 -0.0221863 -2.53355 -0.0139272 0.999789 -0.0151345 -1.5043 0.0219759 0.0154384 0.999639 66.0492 
0.999655 0.0175487 -0.0195657 -2.62587 -0.0177954 0.999763 -0.0125109 -1.51849 0.0193415 0.0128548 0.99973 67.1829 
0.999644 0.0187575 -0.0189801 -2.69454 -0.0189802 0.999752 -0.0116223 -1.52864 0.0187574 0.0119785 0.999752 68.2621 
0.99967 0.0175891 -0.0187014 -2.73345 -0.0177943 0.999783 -0.0108668 -1.55575 0.0185062 0.011196 0.999766 69.3385 
0.999718 0.0152688 -0.0182033 -2.77302 -0.0154414 0.999837 -0.00938219 -1.60498 0.018057 0.00966067 0.99979 70.3998 
0.99972 0.0150327 -0.0182803 -2.82263 -0.0151616 0.999861 -0.00693441 -1.64499 0.0181734 0.00720967 0.999809 71.498 
0.999713 0.0145799 -0.019037 -2.85119 -0.0146631 0.999884 -0.00424344 -1.68682 0.0189728 0.00452141 0.99981 72.5801 
0.999698 0.0135194 -0.0205286 -2.89004 -0.0135485 0.999907 -0.00128002 -1.72366 0.0205094 0.0015578 0.999788 73.6912 
0.999679 0.0137587 -0.0212749 -2.91962 -0.0138323 0.999899 -0.00331621 -1.73711 0.0212271 0.00360946 0.999768 74.814 
0.99965 0.0146553 -0.0220442 -2.96184 -0.014812 0.999866 -0.00696367 -1.76551 0.0219392 0.00728779 0.999733 75.906 
0.999646 0.0154631 -0.0216388 -3.03409 -0.0156602 0.999837 -0.00896908 -1.79209 0.0214965 0.00930481 0.999726 77.0208 
0.999587 0.0177698 -0.022566 -3.08238 -0.0179429 0.999811 -0.00749625 -1.81311 0.0224284 0.0078981 0.999717 78.111 
0.999501 0.0190798 -0.0251769 -3.05224 -0.0191666 0.999811 -0.00321195 -1.8363 0.0251109 0.00369295 0.999678 79.2368 
0.999467 0.0200898 -0.0257474 -3.10762 -0.0200725 0.999798 0.000928826 -1.85747 0.0257608 -0.000411475 0.999668 80.3227 
0.999415 0.0224662 -0.0257769 -3.17732 -0.0224706 0.999748 0.000117695 -1.8656 0.025773 0.000461639 0.999668 81.4202 
0.999435 0.0218977 -0.0254914 -3.24158 -0.0219159 0.99976 -0.000434538 -1.91663 0.0254757 0.000993001 0.999675 82.4952 
0.999374 0.023248 -0.0266693 -3.27587 -0.0232506 0.99973 0.000211239 -1.96519 0.026667 0.000409014 0.999644 83.5256 
0.999374 0.0230441 -0.0268564 -3.31959 -0.0230314 0.999734 0.000779052 -1.99846 0.0268672 -0.000159981 0.999639 84.5348 
0.999362 0.0227754 -0.0275068 -3.36339 -0.0227408 0.99974 0.00157119 -2.01917 0.0275354 -0.000944617 0.99962 85.549 
0.999368 0.020619 -0.0289453 -3.3808 -0.0205624 0.999786 0.00225044 -2.03212 0.0289854 -0.00165379 0.999579 86.5711 
0.999356 0.0202973 -0.0296044 -3.43767 -0.0201488 0.999783 0.00530542 -2.04853 0.0297056 -0.00470547 0.999548 87.6035 
0.99935 0.0186589 -0.0308489 -3.48281 -0.0184763 0.99981 0.00619104 -2.06818 0.0309585 -0.005617 0.999505 88.5722 
0.999296 0.0179663 -0.0329358 -3.53461 -0.0177648 0.999822 0.00639825 -2.07579 0.0330448 -0.00580861 0.999437 89.5446 
0.999204 0.0172207 -0.0359958 -3.58833 -0.0170187 0.999838 0.00591121 -2.09907 0.0360917 -0.00529386 0.999335 90.4679 
0.999067 0.0191244 -0.038712 -3.65448 -0.0189646 0.99981 0.00449045 -2.12857 0.0387904 -0.00375207 0.99924 91.3863 
0.99898 0.0191255 -0.0409128 -3.71393 -0.0189481 0.999809 0.00471897 -2.13496 0.0409952 -0.00393889 0.999152 92.2435 
0.998748 0.0204129 -0.0456734 -3.74675 -0.0201749 0.99978 0.00566438 -2.14959 0.045779 -0.00473579 0.99894 93.1237 
0.998644 0.0218461 -0.047248 -3.82554 -0.0215753 0.999748 0.00623354 -2.15461 0.0473722 -0.00520565 0.998864 93.9608 
0.998512 0.0242367 -0.0488445 -3.91539 -0.023854 0.99968 0.00840165 -2.19249 0.0490325 -0.00722397 0.998771 94.7591 
0.998315 0.0264584 -0.0516494 -3.97768 -0.0260375 0.999622 0.00880524 -2.19762 0.0518629 -0.00744553 0.998627 95.5719 
0.998208 0.0282422 -0.0527631 -4.05178 -0.0277946 0.999571 0.00919657 -2.21558 0.0530002 -0.00771352 0.998565 96.3169 
0.997925 0.030397 -0.0567581 -4.09758 -0.0299339 0.999511 0.00899076 -2.23458 0.0570037 -0.00727307 0.998348 97.0571 
0.997717 0.0311343 -0.0599226 -4.15866 -0.0309075 0.999511 0.0047087 -2.23951 0.0600399 -0.00284585 0.998192 97.7458 
0.997507 0.034453 -0.0615809 -4.2273 -0.0343849 0.999406 0.00216503 -2.26298 0.0616189 -4.214e-05 0.9981 98.4255 
0.997388 0.0369454 -0.062071 -4.31419 -0.0370801 0.999312 -0.00102066 -2.26581 0.0619905 0.00331963 0.998071 99.076 
0.997168 0.0400554 -0.0636593 -4.35937 -0.0402151 0.99919 -0.00122852 -2.2942 0.0635585 0.00378514 0.997971 99.709 
0.997126 0.041834 -0.0631693 -4.4033 -0.0419929 0.999117 -0.00118922 -2.30367 0.0630637 0.0038385 0.998002 100.318 
0.997201 0.0449334 -0.0597679 -4.46545 -0.0450063 0.998987 0.000126046 -2.31571 0.0597129 0.00256428 0.998212 100.909 
0.99736 0.0477333 -0.0547163 -4.48238 -0.0477523 0.998859 0.00095893 -2.32708 0.0546996 0.00165647 0.998502 101.448 
0.997729 0.0486137 -0.0466137 -4.52825 -0.048558 0.998818 0.00232583 -2.3381 0.0466716 -5.70385e-05 0.99891 101.971 
0.998184 0.0487707 -0.0353712 -4.59217 -0.0486371 0.998806 0.00462794 -2.34162 0.0355547 -0.00289913 0.999364 102.478 
0.998518 0.0491132 -0.0234389 -4.60403 -0.04899 0.998782 0.00580142 -2.3567 0.0236952 -0.00464451 0.999708 102.96 
0.998816 0.0477717 -0.00921241 -4.62243 -0.0477152 0.998841 0.00625603 -2.38822 0.00950055 -0.00580901 0.999938 103.428 
0.998891 0.0466554 0.00626349 -4.61971 -0.0466894 0.998895 0.00539753 -2.40326 -0.00600479 -0.00568394 0.999966 103.842 
0.99866 0.0457671 0.0241715 -4.60723 -0.0458206 0.998948 0.00166338 -2.4123 -0.02407 -0.00276866 0.999706 104.276 
0.997877 0.0461295 0.0459724 -4.60296 -0.0460278 0.998935 -0.00326877 -2.41565 -0.0460743 0.00114586 0.998937 104.662 
0.996606 0.0442433 0.0694136 -4.54239 -0.0437525 0.999006 -0.00857462 -2.42979 -0.069724 0.00550854 0.997551 105.055 
0.99442 0.0417862 0.0968623 -4.49834 -0.0408011 0.999094 -0.0121283 -2.43892 -0.0972814 0.00810855 0.995224 105.441 
0.991115 0.0394928 0.127009 -4.43784 -0.0380719 0.999183 -0.0135963 -2.45517 -0.127442 0.00864004 0.991808 105.817 
0.986453 0.0367431 0.159875 -4.36122 -0.0345707 0.999269 -0.0163491 -2.46258 -0.160359 0.0106006 0.987002 106.202 
0.980183 0.0339167 0.19517 -4.25856 -0.030931 0.999354 -0.0183257 -2.48715 -0.195665 0.0119258 0.980598 106.573 
0.971818 0.0315168 0.233614 -4.13422 -0.0275363 0.999415 -0.0202814 -2.48743 -0.234117 0.013277 0.972118 106.937 
0.961161 0.02888 0.274473 -4.02279 -0.0236703 0.999472 -0.0222743 -2.50189 -0.274971 0.0149124 0.961337 107.288 
0.948173 0.0301151 0.316325 -3.89459 -0.0234803 0.999418 -0.0247661 -2.51985 -0.316887 0.0160551 0.948327 107.609 
0.932409 0.0310702 0.360067 -3.75271 -0.0236385 0.999407 -0.0250257 -2.54597 -0.360631 0.0148228 0.932591 107.919 
0.913684 0.0316317 0.405193 -3.58986 -0.0233608 0.999406 -0.0253422 -2.55194 -0.405754 0.0136892 0.91388 108.237 
0.892534 0.0301715 0.449969 -3.43806 -0.0216454 0.999476 -0.0240825 -2.58667 -0.45046 0.0117547 0.892719 108.511 
0.868514 0.0290058 0.494816 -3.24598 -0.0189562 0.9995 -0.0253174 -2.6019 -0.495303 0.0126087 0.868629 108.785 
0.842628 0.0298924 0.537666 -3.03225 -0.0170153 0.999438 -0.0288988 -2.61339 -0.538228 0.0152024 0.842662 109.054 
0.813689 0.0320783 0.580415 -2.83389 -0.0156384 0.999323 -0.0333068 -2.63232 -0.58109 0.0180246 0.813639 109.306 
0.781968 0.0373804 0.622197 -2.61199 -0.0164361 0.99909 -0.0393666 -2.64555 -0.623102 0.020557 0.781871 109.553 
0.746322 0.0437137 0.664148 -2.39449 -0.0199211 0.998861 -0.0433583 -2.66834 -0.665287 0.0191287 0.746342 109.795 
0.707727 0.0478053 0.704867 -2.13607 -0.0195318 0.998651 -0.0481191 -2.67699 -0.706217 0.0202879 0.707705 110.031 
0.666161 0.0481202 0.744254 -1.85448 -0.0174706 0.998649 -0.0489308 -2.71432 -0.745603 0.0195932 0.666102 110.266 
0.624074 0.0457136 0.780027 -1.55995 -0.0114068 0.998714 -0.0494035 -2.71833 -0.781282 0.0219339 0.623793 110.449 
0.578691 0.0439257 0.814363 -1.26614 -0.0089439 0.99883 -0.04752 -2.73048 -0.815498 0.0202158 0.578407 110.639 
0.530841 0.0423646 0.846412 -0.936032 -0.00754762 0.998947 -0.0452656 -2.75798 -0.847438 0.0176405 0.530602 110.816 
0.481585 0.0399591 0.875488 -0.601642 -0.00410549 0.999052 -0.0433404 -2.76933 -0.87639 0.0172778 0.481292 110.976 
0.430231 0.0357565 0.90201 -0.254645 -0.00117242 0.999237 -0.0390514 -2.80332 -0.902718 0.0157436 0.429944 111.098 
0.377059 0.0362424 0.92548 0.0890898 -0.00305626 0.999277 -0.0378871 -2.82214 -0.926184 0.0114572 0.376897 111.22 
0.32528 0.0412562 0.944717 0.437081 -0.00517949 0.999111 -0.0418482 -2.83856 -0.945604 0.00871923 0.325204 111.319 
0.273768 0.0465935 0.960667 0.810763 -0.0056615 0.998887 -0.0468338 -2.85602 -0.961779 0.00738277 0.273727 111.405 
0.226192 0.0485406 0.972873 1.19967 -0.00351636 0.998792 -0.0490163 -2.88199 -0.974076 0.00766612 0.226089 111.477 
0.185798 0.0477175 0.981429 1.57907 0.00389564 0.998777 -0.0492984 -2.91264 -0.98258 0.0129828 0.185384 111.511 
0.150668 0.0482599 0.987406 1.99938 0.0119233 0.998646 -0.0506287 -2.92731 -0.988513 0.0194013 0.149889 111.545 
0.120802 0.0495862 0.991437 2.44783 0.0174788 0.998491 -0.0520686 -2.94432 -0.992523 0.0236191 0.119752 111.572 
0.0920772 0.0476458 0.994611 2.89636 0.0158127 0.998659 -0.0493035 -2.97485 -0.995626 0.0202672 0.0912003 111.607 
0.0660853 0.043642 0.996859 3.38197 0.0100305 0.998964 -0.0443991 -3.00952 -0.997764 0.0129332 0.065579 111.644 
0.0417178 0.0395634 0.998346 3.89197 0.00504966 0.999195 -0.039808 -3.03605 -0.999117 0.00670201 0.0414844 111.682 
0.0183423 0.0382766 0.999099 4.40351 0.0103319 0.999206 -0.0384703 -3.06215 -0.999778 0.0110282 0.0179323 111.693 
-0.00172012 0.0389982 0.999238 4.96046 0.017645 0.999085 -0.0389618 -3.09549 -0.999843 0.0175645 -0.00240666 111.683 
-0.0191355 0.0414696 0.998957 5.5165 0.0226803 0.9989 -0.0410328 -3.12498 -0.99956 0.0218715 -0.020055 111.667 
-0.0335392 0.0472153 0.998322 6.09978 0.0234364 0.998646 -0.0464432 -3.14864 -0.999163 0.0218394 -0.0346004 111.659 
-0.0438333 0.0515579 0.997708 6.67011 0.0220537 0.998474 -0.0506286 -3.17021 -0.998795 0.019784 -0.0449034 111.625 
-0.0501612 0.0502025 0.997479 7.28722 0.0234623 0.99852 -0.0490749 -3.21693 -0.998466 0.0209415 -0.0512648 111.599 
-0.0522458 0.0468334 0.997536 7.92908 0.0303793 0.998512 -0.0452881 -3.25472 -0.998172 0.0279383 -0.0535908 111.564 
-0.0521584 0.0459659 0.99758 8.61048 0.0319825 0.998505 -0.0443363 -3.28667 -0.998127 0.0295926 -0.0535505 111.553 
-0.0507227 0.044953 0.997701 9.26877 0.0314989 0.998562 -0.0433903 -3.32945 -0.998216 0.0292256 -0.0520657 111.529 
-0.0500959 0.0449496 0.997732 9.95669 0.0274002 0.998673 -0.0436162 -3.37711 -0.998369 0.025153 -0.051261 111.532 
-0.049077 0.0457606 0.997746 10.6593 0.0256248 0.998679 -0.0445429 -3.42454 -0.998466 0.023381 -0.0501848 111.511 
-0.0487429 0.0465129 0.997728 11.3967 0.0264132 0.998626 -0.0452644 -3.47525 -0.998462 0.0241468 -0.0499044 111.493 
-0.0474969 0.0455178 0.997834 12.1473 0.0254917 0.998691 -0.0443435 -3.52773 -0.998546 0.0233303 -0.048595 111.46 
-0.0470416 0.0437769 0.997933 12.8931 0.0248244 0.998782 -0.0426439 -3.57695 -0.998584 0.0227671 -0.0480711 111.448 
-0.0468416 0.0419401 0.998022 13.6392 0.024142 0.998874 -0.0408428 -3.62884 -0.998611 0.0221811 -0.0478013 111.44 
-0.0477299 0.0398134 0.998067 14.4523 0.0247715 0.998945 -0.0386638 -3.67288 -0.998553 0.0228782 -0.0486658 111.41 
-0.0484832 0.0382953 0.99809 15.1815 0.0225368 0.999052 -0.0372374 -3.71617 -0.99857 0.0206883 -0.0493003 111.374 
-0.0505053 0.0372539 0.998029 15.9578 0.0212747 0.999117 -0.0362179 -3.75605 -0.998497 0.0194035 -0.0512532 111.363 
-0.0502319 0.0329429 0.998194 16.7443 0.0241163 0.999204 -0.0317627 -3.83766 -0.998446 0.0224772 -0.0509864 111.295 
-0.0505427 0.0308622 0.998245 17.5936 0.0253075 0.999241 -0.0296115 -3.88564 -0.998401 0.0237665 -0.0512853 111.25 
-0.0515209 0.0302312 0.998214 18.4182 0.0237172 0.999297 -0.0290398 -3.93142 -0.99839 0.0221787 -0.0522017 111.211 
-0.0519892 0.0341407 0.998064 19.2394 0.0208104 0.999236 -0.0330967 -3.9768 -0.998431 0.0190494 -0.0526599 111.165 
-0.0530151 0.0387911 0.99784 20.0574 0.0225497 0.999037 -0.0376395 -4.01891 -0.998339 0.0205056 -0.0538388 111.131 
-0.05426 0.0397672 0.997735 20.8732 0.0228454 0.998995 -0.0385749 -4.07225 -0.998266 0.0207006 -0.055114 111.098 
-0.0567522 0.0357813 0.997747 21.6935 0.0200001 0.999198 -0.0346957 -4.15878 -0.998188 0.017986 -0.0574223 111.105 
-0.058164 0.0315224 0.997809 22.5931 0.0167403 0.999392 -0.0305965 -4.20546 -0.998167 0.0149241 -0.0586563 111.065 
-0.0590764 0.0260143 0.997914 23.4557 0.0147418 0.999574 -0.0251848 -4.24519 -0.998145 0.0132232 -0.0594348 111.047 
-0.0582566 0.0209761 0.998081 24.3164 0.0104997 0.999737 -0.020398 -4.26698 -0.998246 0.0092912 -0.0584615 110.995 
-0.0573751 0.019243 0.998167 25.1524 0.0085336 0.999787 -0.0187836 -4.31554 -0.998316 0.00744025 -0.0575271 110.946 
-0.0571014 0.0260665 0.998028 25.9902 0.0113314 0.999612 -0.0254595 -4.34766 -0.998304 0.00985524 -0.0573746 110.93 
-0.0556768 0.0375126 0.997744 26.8368 0.0133485 0.999233 -0.0368236 -4.37838 -0.99836 0.0112681 -0.0561348 110.889 
-0.0547508 0.0417748 0.997626 27.6569 0.0159123 0.999034 -0.0409605 -4.43136 -0.998373 0.0136319 -0.0553626 110.844 
-0.0538922 0.0358834 0.997902 28.4982 0.017088 0.999241 -0.0350087 -4.47623 -0.998401 0.0151654 -0.0544645 110.825 
-0.052388 0.0281549 0.99823 29.3179 0.0204701 0.999423 -0.0271142 -4.51651 -0.998417 0.0190134 -0.0529341 110.787 
-0.0509319 0.0249562 0.99839 30.1376 0.0222788 0.999467 -0.0238465 -4.5632 -0.998454 0.0210284 -0.0514607 110.753 
-0.0505411 0.0256495 0.998393 30.9668 0.0215286 0.999466 -0.0245872 -4.60624 -0.99849 0.0202513 -0.0510663 110.718 
-0.0515601 0.0257938 0.998337 31.7765 0.0181942 0.999525 -0.0248848 -4.64807 -0.998504 0.0168808 -0.0520049 110.696 
-0.0524553 0.0260834 0.998283 32.5769 0.0167927 0.999541 -0.0252338 -4.68166 -0.998482 0.0154402 -0.0528692 110.657 
-0.055126 0.0260778 0.998139 33.3703 0.0159373 0.999555 -0.0252346 -4.72136 -0.998352 0.0145165 -0.055517 110.634 
-0.057837 0.0256723 0.997996 34.1915 0.0136146 0.999597 -0.0249245 -4.76133 -0.998233 0.0121458 -0.0581632 110.62 
-0.0600203 0.0257944 0.997864 34.9978 0.0135049 0.999596 -0.0250268 -4.80842 -0.998106 0.0119739 -0.0603443 110.586 
-0.0611586 0.0252427 0.997809 35.7839 0.0109707 0.999637 -0.0246165 -4.83042 -0.998068 0.00944112 -0.0614133 110.548 
-0.0642486 0.0232398 0.997663 36.583 0.0113933 0.999681 -0.0225531 -4.86401 -0.997869 0.00991764 -0.0644929 110.533 
-0.065843 0.0235684 0.997552 37.3697 0.011443 0.999673 -0.0228632 -4.89878 -0.997764 0.00990965 -0.0660911 110.487 
-0.0667817 0.025323 0.997446 38.154 0.0136846 0.999607 -0.0244616 -4.92842 -0.997674 0.0120161 -0.067102 110.436 
-0.0666343 0.0251718 0.99746 38.9587 0.0140716 0.999606 -0.0242858 -4.97155 -0.997678 0.0124175 -0.0669622 110.371 
-0.0677899 0.0245751 0.997397 39.7394 0.0153741 0.999604 -0.0235845 -5.00025 -0.997581 0.0137352 -0.0681409 110.327 
-0.0686912 0.0240056 0.997349 40.5152 0.0163172 0.999604 -0.022936 -5.036 -0.997505 0.0146984 -0.0690557 110.276 
-0.0698166 0.0235126 0.997283 41.2755 0.0148075 0.999637 -0.0225314 -5.07687 -0.99745 0.0131942 -0.0701394 110.242 
-0.0704563 0.0233001 0.997243 42.0294 0.0139667 0.999652 -0.0223696 -5.10052 -0.997417 0.0123521 -0.0707572 110.199 
-0.0714762 0.0230759 0.997175 42.7617 0.0138129 0.999659 -0.0221432 -5.12975 -0.997347 0.0121912 -0.0717706 110.162 
-0.0722766 0.0211535 0.99716 43.4746 0.0125869 0.999715 -0.0202953 -5.17171 -0.997305 0.0110843 -0.0725223 110.126 
-0.0715679 0.0244705 0.997136 44.1858 0.0132681 0.999634 -0.0235795 -5.19784 -0.997348 0.0115426 -0.0718664 110.079 
-0.0718263 0.0270305 0.997051 44.8965 0.0127339 0.999576 -0.0261816 -5.238 -0.997336 0.0108158 -0.0721401 110.043 
-0.0717985 0.029095 0.996995 45.6067 0.0114985 0.999532 -0.028341 -5.26368 -0.997353 0.00942914 -0.0720995 110.005 
-0.0718977 0.0289678 0.996991 46.2913 0.0121095 0.99953 -0.0281683 -5.30099 -0.997339 0.0100478 -0.0722147 109.965 
-0.0731444 0.0293871 0.996888 46.9568 0.012358 0.999516 -0.0285578 -5.31556 -0.997245 0.0102307 -0.0734722 109.962 
-0.0734663 0.0295408 0.99686 47.6459 0.0121573 0.999514 -0.0287234 -5.35143 -0.997224 0.0100089 -0.0737897 109.914 
-0.0735235 0.0287823 0.996878 48.289 0.00752232 0.999571 -0.0283052 -5.3857 -0.997265 0.00541774 -0.0737085 109.88 
-0.0723909 0.0283005 0.996975 48.976 0.00558471 0.999593 -0.0279692 -5.43363 -0.997361 0.0035431 -0.0725195 109.83 
-0.072427 0.0255513 0.997046 49.6383 0.00548798 0.999667 -0.0252198 -5.48461 -0.997359 0.00364517 -0.0725431 109.797 
-0.0733396 0.0246747 0.997002 50.3018 0.00608093 0.999686 -0.0242938 -5.51116 -0.997289 0.004281 -0.0734667 109.759 
-0.0759722 0.0247717 0.996802 50.9364 0.00446334 0.99969 -0.0245033 -5.5528 -0.9971 0.0025875 -0.0760592 109.716 
-0.0813133 0.0248636 0.996378 51.6409 0.00105083 0.99969 -0.0248605 -5.57345 -0.996688 -0.000974465 -0.0813142 109.679 
-0.0863337 0.0281114 0.99587 52.2943 0.00437054 0.999603 -0.0278378 -5.60672 -0.996257 0.00194914 -0.0864223 109.622 
-0.0926384 0.0314364 0.995203 52.9771 0.00699146 0.999497 -0.0309212 -5.63506 -0.995675 0.00409343 -0.0928116 109.552 
-0.099211 0.0330407 0.994518 53.6347 0.0064054 0.999449 -0.0325655 -5.66598 -0.995046 0.00313943 -0.099368 109.486 
-0.106113 0.031482 0.993856 54.3127 0.00156634 0.999503 -0.0314936 -5.70534 -0.994353 -0.00178516 -0.106109 109.443 
-0.110327 0.0307054 0.993421 54.9886 0.00181505 0.999527 -0.0306925 -5.73037 -0.993894 -0.0015831 -0.11033 109.365 
-0.113709 0.0314179 0.993017 55.6514 0.000544836 0.999502 -0.0315606 -5.76383 -0.993514 -0.0030477 -0.113669 109.282 
-0.117166 0.0303418 0.992649 56.3465 -0.00202794 0.999524 -0.0307912 -5.80099 -0.99311 -0.00562072 -0.117049 109.208 
-0.119301 0.0279888 0.992464 57.0617 -3.55685e-05 0.999603 -0.0281943 -5.81924 -0.992858 -0.00339893 -0.119253 109.131 
-0.121056 0.0245496 0.992342 57.7603 0.00098748 0.999697 -0.024611 -5.84478 -0.992645 -0.00199939 -0.121043 109.048 
-0.122285 0.0228501 0.992232 58.4828 0.0020874 0.999739 -0.0227657 -5.86475 -0.992493 -0.00071272 -0.122301 108.97 
-0.122606 0.0219755 0.992212 59.1951 0.000418174 0.999756 -0.0220909 -5.90419 -0.992455 -0.00229356 -0.122585 108.884 
-0.121723 0.0264893 0.992211 59.9025 0.00347663 0.999649 -0.0262613 -5.92385 -0.992558 0.000252937 -0.121773 108.789 
-0.12096 0.0313167 0.992163 60.6213 0.0099189 0.999491 -0.0303387 -5.94741 -0.992608 0.00617139 -0.121209 108.698 
-0.12145 0.0342647 0.992006 61.3521 0.0158355 0.999344 -0.0325794 -5.99846 -0.992471 0.0117522 -0.121913 108.604 
-0.121679 0.0366944 0.991891 62.0917 0.0177415 0.999237 -0.0347897 -6.02246 -0.992411 0.0133644 -0.122237 108.527 
-0.120937 0.0341147 0.992074 62.8337 0.0163054 0.999343 -0.032377 -6.0655 -0.992526 0.0122606 -0.121414 108.436 
-0.119724 0.0289484 0.992385 63.5755 0.0156501 0.999506 -0.027268 -6.09629 -0.992684 0.0122663 -0.120118 108.339 
-0.117697 0.0287568 0.992633 64.3268 0.0203063 0.999441 -0.0265463 -6.12277 -0.992842 0.0170323 -0.118216 108.233 
-0.117804 0.0287043 0.992622 65.0745 0.0210248 0.99943 -0.026406 -6.15539 -0.992814 0.0177589 -0.11834 108.144 
-0.11897 0.0299589 0.992446 65.8121 0.0203587 0.999408 -0.0277286 -6.18735 -0.992689 0.016906 -0.119509 108.064 
-0.120478 0.0305209 0.992247 66.5404 0.0198281 0.999402 -0.0283334 -6.22275 -0.992518 0.0162608 -0.121011 107.992 
-0.123342 0.031118 0.991876 67.2826 0.0215551 0.999356 -0.0286722 -6.25771 -0.99213 0.0178435 -0.123933 107.916 
-0.1246 0.0323214 0.991681 68.0348 0.0214048 0.999324 -0.0298811 -6.2834 -0.991976 0.0175035 -0.125208 107.819 
-0.127303 0.0307481 0.991387 68.7858 0.0201542 0.999393 -0.0284084 -6.32579 -0.991659 0.0163642 -0.127846 107.752 
-0.127173 0.0333811 0.991319 69.5067 0.0222371 0.999278 -0.0307963 -6.35514 -0.991631 0.0181275 -0.127824 107.653 
-0.127419 0.0364076 0.991181 70.2626 0.0240108 0.999146 -0.0336135 -6.38064 -0.991558 0.0195161 -0.128184 107.569 
-0.12864 0.0367907 0.991009 71.0498 0.0241509 0.999131 -0.0339573 -6.42528 -0.991397 0.0195655 -0.129416 107.488 
-0.130411 0.0374354 0.990753 71.8133 0.0222437 0.999146 -0.0348246 -6.44255 -0.99121 0.0174965 -0.131133 107.418 
-0.131476 0.0354733 0.990685 72.5972 0.0235295 0.99919 -0.0326551 -6.49392 -0.99104 0.019017 -0.132204 107.327 
-0.131636 0.0327556 0.990757 73.3458 0.0204867 0.99933 -0.030317 -6.54128 -0.991086 0.0163065 -0.132219 107.223 
-0.13422 0.0302898 0.990489 74.1409 0.0171267 0.999454 -0.0282431 -6.58136 -0.990804 0.013173 -0.134666 107.155 
-0.135632 0.0307394 0.990282 74.9276 0.0192164 0.999412 -0.0283908 -6.60264 -0.990573 0.0151789 -0.136143 107.045 
-0.136727 0.0315627 0.990106 75.7268 0.0206333 0.999366 -0.0290086 -6.64249 -0.990394 0.0164628 -0.137292 106.932 
-0.139283 0.0320753 0.989733 76.5297 0.020897 0.999348 -0.0294461 -6.68805 -0.990032 0.0165811 -0.139863 106.843 
-0.140142 0.0355841 0.989492 77.3249 0.0219947 0.999219 -0.0328188 -6.72356 -0.989887 0.0171643 -0.140815 106.738 
-0.141107 0.0403818 0.98917 78.1472 0.023996 0.999014 -0.0373605 -6.75785 -0.989703 0.0184643 -0.141937 106.639 
-0.142027 0.0442044 0.988875 78.9428 0.0260093 0.998824 -0.0409136 -6.79791 -0.989521 0.0199092 -0.143009 106.536 
-0.141845 0.0454595 0.988845 79.7703 0.0288637 0.99871 -0.0417727 -6.84113 -0.989468 0.0226165 -0.142974 106.44 
-0.141213 0.0457806 0.98892 80.6008 0.0321816 0.998615 -0.0416339 -6.8745 -0.989456 0.0259458 -0.142491 106.335 
-0.141579 0.0438402 0.988956 81.4328 0.0324696 0.998687 -0.0396232 -6.9174 -0.989394 0.0265011 -0.142816 106.237 
-0.140203 0.0429518 0.989191 82.2709 0.0319673 0.998734 -0.0388353 -6.95576 -0.989607 0.0261769 -0.141399 106.117 
-0.139801 0.0404151 0.989355 83.137 0.0307914 0.998861 -0.0364524 -7.0083 -0.989701 0.0253675 -0.140886 106.034 
-0.137997 0.0373193 0.989729 84.0052 0.0316015 0.998947 -0.0332606 -7.05387 -0.989928 0.0266871 -0.139031 105.921 
-0.136704 0.0337381 0.990037 84.8632 0.0324365 0.999036 -0.0295659 -7.10016 -0.990081 0.0280716 -0.137667 105.834 
-0.134822 0.0337075 0.990296 85.7408 0.0290554 0.999126 -0.0300523 -7.13587 -0.990444 0.0247218 -0.135684 105.731 
-0.133214 0.0371846 0.99039 86.5656 0.0303564 0.99898 -0.033424 -7.19345 -0.990622 0.0256121 -0.134207 105.639 
-0.132686 0.0432464 0.990214 87.3724 0.0348207 0.998634 -0.0389483 -7.25269 -0.990546 0.0293121 -0.13401 105.561 
-0.130671 0.0467166 0.990325 88.2187 0.0338678 0.998517 -0.0426342 -7.30565 -0.990847 0.0279691 -0.13206 105.464 
-0.13072 0.0433879 0.99047 89.0598 0.0315594 0.998718 -0.039584 -7.36739 -0.990917 0.0260842 -0.131921 105.406 
-0.128516 0.0418724 0.990823 89.8846 0.0334433 0.998723 -0.0378684 -7.4067 -0.991143 0.0282697 -0.129753 105.295 
-0.128397 0.0409834 0.990876 90.7216 0.0333133 0.99876 -0.0369928 -7.43667 -0.991163 0.0282596 -0.129603 105.231 
-0.127249 0.0406496 0.991038 91.5789 0.031698 0.998816 -0.0368986 -7.49305 -0.991364 0.0267186 -0.128387 105.132 
-0.126196 0.0407099 0.99117 92.4363 0.0325525 0.998789 -0.0368782 -7.54241 -0.991471 0.0276111 -0.127369 105.031 
-0.124384 0.0394619 0.991449 93.3715 0.0347867 0.998768 -0.0353889 -7.58418 -0.991624 0.0300874 -0.125603 104.866 
-0.122956 0.0392693 0.991635 94.2598 0.037795 0.998677 -0.0348618 -7.62198 -0.991692 0.0331923 -0.124278 104.762 
-0.122058 0.0401063 0.991712 95.0908 0.0398541 0.998575 -0.0354786 -7.68834 -0.991723 0.0351934 -0.123482 104.68 
-0.120537 0.0424047 0.991803 95.945 0.040096 0.99848 -0.0378171 -7.73137 -0.991899 0.0352089 -0.122054 104.577 
-0.120297 0.0437949 0.991771 96.8236 0.0368332 0.998536 -0.0396259 -7.78202 -0.992054 0.0317633 -0.121734 104.499 
-0.119815 0.0394137 0.992014 97.6938 0.0315205 0.998859 -0.0358787 -7.84044 -0.992296 0.02697 -0.12092 104.428 
-0.119147 0.0370221 0.992186 98.562 0.0274585 0.999045 -0.0339806 -7.89647 -0.992497 0.0231953 -0.12005 104.332 
-0.120576 0.0368124 0.992021 99.409 0.021979 0.999166 -0.0344061 -7.94023 -0.992461 0.0176551 -0.121284 104.256 
-0.122814 0.0422688 0.991529 100.267 0.0193376 0.999005 -0.0401922 -7.97393 -0.992241 0.0142376 -0.12351 104.192 
-0.12262 0.0433595 0.991506 101.092 0.0180395 0.998978 -0.0414553 -8.04579 -0.99229 0.012803 -0.123276 104.09 
-0.122017 0.0436348 0.991568 101.919 0.0188336 0.998955 -0.0416423 -8.09887 -0.992349 0.0135937 -0.122712 103.982 
-0.122642 0.0425522 0.991538 102.75 0.0196069 0.998989 -0.0404467 -8.15214 -0.992257 0.0144805 -0.123353 103.897 
-0.123353 0.0439281 0.99139 103.581 0.0214811 0.998904 -0.0415883 -8.19614 -0.99213 0.0161661 -0.124162 103.816 
-0.123314 0.0465599 0.991275 104.406 0.0234393 0.998757 -0.0439955 -8.25467 -0.992091 0.0178095 -0.124252 103.721 
-0.125039 0.0479387 0.990993 105.227 0.0225029 0.998712 -0.0454728 -8.29922 -0.991897 0.0166143 -0.125957 103.648 
-0.125904 0.0485641 0.990853 106.045 0.0205316 0.998715 -0.0463405 -8.34931 -0.99183 0.0145093 -0.126739 103.56 
-0.1294 0.0479628 0.990432 106.832 0.0195338 0.998759 -0.0458139 -8.39337 -0.9914 0.0134186 -0.130176 103.486 
-0.13185 0.0490611 0.990055 107.622 0.018963 0.998717 -0.0469649 -8.45186 -0.991088 0.0125821 -0.132611 103.393 
-0.135955 0.0509704 0.989403 108.418 0.0182949 0.998635 -0.048932 -8.51451 -0.990546 0.0114485 -0.136702 103.315 
-0.138789 0.0532209 0.988891 109.209 0.0179377 0.998526 -0.0512218 -8.56092 -0.990159 0.0106294 -0.13954 103.218 
-0.14223 0.0532795 0.988399 109.987 0.0176378 0.998528 -0.0512875 -8.61493 -0.989676 0.0101385 -0.142961 103.124 
-0.145108 0.0522764 0.988034 110.771 0.0188197 0.998568 -0.0500698 -8.66341 -0.989237 0.0113289 -0.145884 103.021 
-0.146975 0.0521874 0.987763 111.534 0.0200006 0.99856 -0.0497818 -8.72641 -0.988938 0.0124392 -0.147807 102.911 
-0.149304 0.0561826 0.987194 112.303 0.0156382 0.998394 -0.0544548 -8.79026 -0.988668 0.00730767 -0.149943 102.819 
-0.150039 0.0637252 0.986624 113.067 0.0133204 0.99796 -0.0624317 -8.84309 -0.98859 0.00377504 -0.150581 102.706 
-0.153202 0.0660041 0.985988 113.842 0.016935 0.997796 -0.0641631 -8.9005 -0.98805 0.00686776 -0.153982 102.603 
-0.155063 0.0645877 0.985791 114.602 0.0194553 0.997867 -0.0623186 -8.95229 -0.987713 0.00951558 -0.155989 102.483 
-0.15836 0.0564956 0.985764 115.37 0.0169175 0.99837 -0.0545004 -9.01364 -0.987237 0.00804603 -0.159057 102.372 
-0.160482 0.0542706 0.985546 116.15 0.016594 0.998495 -0.0522815 -9.07226 -0.986899 0.00796385 -0.161141 102.26 
-0.162187 0.0570727 0.985108 116.902 0.0155375 0.99835 -0.0552818 -9.12698 -0.986638 0.0063401 -0.162806 102.153 
-0.166111 0.0604515 0.984253 117.655 0.0127521 0.998167 -0.0591539 -9.19032 -0.986025 0.00272519 -0.166577 102.057 
-0.168736 0.0627828 0.98366 118.401 0.0123364 0.998026 -0.0615835 -9.24776 -0.985584 0.00174343 -0.169178 101.95 
-0.171009 0.0665903 0.983017 119.126 0.015881 0.99777 -0.0648269 -9.31845 -0.985142 0.0045253 -0.171685 101.845 
-0.172582 0.0713008 0.982411 119.872 0.0158838 0.997448 -0.0696018 -9.37587 -0.984867 0.00359244 -0.173274 101.724 
-0.175453 0.0738612 0.981713 120.628 0.0153337 0.997266 -0.0722908 -9.43333 -0.984368 0.00236965 -0.176105 101.617 
-0.177788 0.0722226 0.981415 121.346 0.0153329 0.997385 -0.0706202 -9.48017 -0.983949 0.00249249 -0.17843 101.492 
-0.181503 0.0687111 0.980987 122.096 0.0199141 0.997608 -0.0661907 -9.54689 -0.983189 0.00752162 -0.182438 101.362 
-0.187383 0.0670227 0.979998 122.82 0.0233317 0.997692 -0.0637715 -9.60907 -0.98201 0.0109153 -0.188515 101.238 
-0.194327 0.06668 0.978668 123.539 0.0210889 0.99774 -0.063792 -9.65814 -0.98071 0.00824258 -0.195294 101.117 
-0.203811 0.0671703 0.976703 124.278 0.0209144 0.997715 -0.064251 -9.72012 -0.978787 0.00733204 -0.20475 100.996 
-0.214034 0.0686117 0.974414 125.01 0.0197566 0.99763 -0.0659068 -9.76539 -0.976626 0.00514487 -0.214882 100.838 
-0.226976 0.0696852 0.971404 125.723 0.0208806 0.997556 -0.0666823 -9.82318 -0.973677 0.00514821 -0.227876 100.703 
-0.238567 0.0721304 0.968444 126.449 0.0227633 0.997379 -0.0686779 -9.8681 -0.970859 0.00566073 -0.239584 100.531 
-0.251065 0.0711279 0.965353 127.139 0.0256091 0.997436 -0.0668314 -9.93437 -0.967631 0.00794279 -0.252243 100.367 
-0.261156 0.070842 0.962694 127.844 0.0288572 0.997431 -0.0655698 -9.99471 -0.964865 0.0106567 -0.262529 100.17 
-0.271641 0.0715624 0.959734 128.54 0.0333236 0.997333 -0.064934 -10.0437 -0.961822 0.014343 -0.273301 99.9891 
-0.278862 0.0723296 0.957604 129.229 0.037744 0.997215 -0.0643301 -10.0903 -0.959589 0.0182046 -0.280815 99.7652 
-0.287957 0.0726454 0.954884 129.932 0.0446452 0.997053 -0.0623902 -10.1543 -0.956602 0.0246653 -0.290352 99.583 
-0.293224 0.0706405 0.953431 130.605 0.0461569 0.99715 -0.0596843 -10.245 -0.954929 0.0265065 -0.295648 99.3689 
-0.297684 0.0705979 0.952051 131.28 0.0493963 0.997065 -0.0584908 -10.2797 -0.953386 0.029616 -0.300298 99.1554 
-0.299931 0.0687578 0.95148 131.981 0.0546055 0.997001 -0.0548343 -10.3115 -0.952397 0.0355096 -0.302786 98.9432 
-0.301688 0.0661818 0.951107 132.656 0.0613631 0.996867 -0.0499017 -10.3723 -0.95143 0.0433082 -0.304804 98.741 
-0.302415 0.0655174 0.950922 133.359 0.0623169 0.99686 -0.0488642 -10.4079 -0.951137 0.0444812 -0.305548 98.5308 
-0.302653 0.0703365 0.950502 133.997 0.0664738 0.996403 -0.0525669 -10.4805 -0.95078 0.047274 -0.30624 98.3392 
-0.299899 0.0726001 0.951204 134.656 0.0666019 0.99626 -0.0550404 -10.5385 -0.951643 0.0468454 -0.303613 98.1244 
-0.29947 0.0722374 0.951367 135.315 0.0701061 0.9961 -0.053566 -10.5897 -0.951527 0.0506552 -0.303367 97.9322 
-0.299227 0.0704344 0.951579 135.991 0.0696615 0.996223 -0.0518336 -10.6345 -0.951636 0.0507784 -0.303003 97.7477 
-0.295508 0.0668293 0.953 136.658 0.07149 0.9963 -0.047698 -10.6934 -0.952662 0.0540349 -0.299192 97.5298 
-0.295247 0.0680595 0.952994 137.306 0.0730176 0.99615 -0.0485199 -10.7354 -0.952627 0.05526 -0.29908 97.3499 
-0.293146 0.0694595 0.953541 137.918 0.0722031 0.996118 -0.0503635 -10.7873 -0.953337 0.0540848 -0.297023 97.1695 
-0.289805 0.0715844 0.954405 138.544 0.0726968 0.995965 -0.0526272 -10.83 -0.954321 0.0541306 -0.293839 96.9979 
-0.285171 0.0713167 0.95582 139.18 0.0731675 0.995938 -0.0524803 -10.8711 -0.95568 0.054969 -0.289231 96.8302 
-0.281459 0.0681715 0.957149 139.799 0.0738939 0.996051 -0.049213 -10.9269 -0.956724 0.056876 -0.285385 96.672 
-0.276515 0.0659835 0.958742 140.407 0.0729542 0.996203 -0.0475206 -10.9786 -0.958237 0.0568041 -0.280279 96.5091 
-0.27278 0.0659283 0.959815 141.041 0.0752692 0.996054 -0.0470259 -11.0199 -0.959128 0.0594168 -0.276666 96.3346 
-0.270614 0.0649866 0.960492 141.661 0.0750464 0.996107 -0.0462523 -11.0581 -0.959758 0.0595649 -0.274438 96.1981 
-0.26761 0.0632483 0.961449 142.295 0.0768769 0.996064 -0.0441274 -11.1025 -0.960456 0.0621044 -0.271419 96.0489 
-0.263135 0.0614705 0.962799 142.926 0.0798002 0.995935 -0.0417765 -11.1456 -0.961453 0.0658387 -0.266971 95.8714 
-0.259958 0.0615933 0.963654 143.506 0.0794201 0.995946 -0.0422327 -11.1811 -0.962348 0.0655548 -0.263795 95.7433 
-0.25739 0.0626283 0.964276 144.056 0.0759616 0.996121 -0.0444204 -11.2176 -0.963317 0.0618146 -0.261149 95.6285 
-0.253732 0.0665668 0.964981 144.654 0.0755896 0.995943 -0.048827 -11.2465 -0.964316 0.0605536 -0.257734 95.486 
-0.247497 0.0702994 0.966335 145.229 0.0800424 0.995439 -0.0519162 -11.2954 -0.965577 0.0644986 -0.251995 95.3471 
-0.240509 0.070735 0.968066 145.821 0.0790374 0.995456 -0.0531 -11.3418 -0.967424 0.0637423 -0.245007 95.2118 
-0.231484 0.0689163 0.970395 146.379 0.0747716 0.995797 -0.0528838 -11.3836 -0.969961 0.0603162 -0.235664 95.0873 
-0.221412 0.0672612 0.972858 146.959 0.0732999 0.995944 -0.052175 -11.4256 -0.972422 0.0597582 -0.225444 94.9745 
