1 2.12261e-08 -2.11895e-08 0 2.12261e-08 1 2.10703e-08 0 -2.11895e-08 2.10703e-08 1 0 
1 0.000620898 -0.000130643 0.0138914 -0.00062088 1 -0.000186372 -0.019218 0.000130485 0.000186496 1 1.13076 
0.999999 0.00101166 0.000440287 -0.00576774 -0.00101172 1 0.000233683 -0.0313078 -0.000440093 -0.000234086 1 2.27478 
0.999997 0.00189852 0.00142805 -0.0393434 -0.0018999 0.999998 0.000998722 -0.0542741 -0.0014262 -0.00100139 0.999999 3.46384 
0.999993 0.00299204 0.00246029 -0.0562261 -0.00299634 0.999994 0.00176179 -0.0750972 -0.00245505 -0.00176911 0.999995 4.69895 
0.999996 0.00164332 0.00242574 -0.0627947 -0.00164714 0.999997 0.00159022 -0.0926605 -0.00242317 -0.00159417 0.999996 5.9008 
0.999991 0.00366058 0.00224413 -0.0630775 -0.00366089 0.999993 0.000151763 -0.0981187 -0.0022436 -0.000159935 0.999998 7.10238 
0.999982 0.00569703 0.00205555 -0.0324953 -0.00569919 0.999983 0.00106624 -0.12791 -0.00204949 -0.0010779 0.999997 8.31391 
0.999983 0.00554371 0.00180629 -0.0142076 -0.00554607 0.999984 0.00132777 -0.133877 -0.00179894 -0.00133773 0.999998 9.56616 
0.999989 0.00449322 -0.00108355 -0.00305792 -0.00448885 0.999982 0.00396118 -0.172641 0.00110128 -0.00395623 0.999992 10.6879 
0.99999 0.00362591 -0.00246988 -0.0650528 -0.00361883 0.999989 0.00285131 -0.174828 0.00248015 -0.00284231 0.999993 11.9084 
0.999985 0.00294584 -0.00467546 -0.0809037 -0.00292917 0.999989 0.00355764 -0.215385 0.00468585 -0.00354385 0.999983 13.1222 
0.999981 0.00287945 -0.00545953 -0.12738 -0.00286162 0.999991 0.00326319 -0.232032 0.00546883 -0.00324746 0.99998 14.2797 
0.999944 0.00719355 -0.00773275 -0.107506 -0.00716641 0.999968 0.00352711 -0.23443 0.00775784 -0.00347146 0.999964 15.46 
0.999941 0.00577335 -0.00919459 -0.140973 -0.00574905 0.99998 0.00266288 -0.245618 0.00920974 -0.00260982 0.999954 16.6893 
0.999932 0.00535445 -0.0103558 -0.188878 -0.00532037 0.99998 0.0033123 -0.276017 0.0103733 -0.00325694 0.999941 17.8876 
0.99992 0.0047345 -0.0117221 -0.193344 -0.00468694 0.999981 0.00407808 -0.308493 0.0117412 -0.00402278 0.999923 19.1072 
0.999924 0.00479195 -0.0113675 -0.256003 -0.00476052 0.999985 0.00278662 -0.318934 0.0113807 -0.00273225 0.999932 20.3081 
0.999925 0.000905275 -0.0122082 -0.266877 -0.000873167 0.999996 0.00263169 -0.363783 0.0122105 -0.00262079 0.999922 21.5306 
0.9999 0.0024973 -0.0139089 -0.296871 -0.00246619 0.999994 0.00225002 -0.367418 0.0139143 -0.00221546 0.999901 22.6928 
0.999891 0.00156369 -0.014664 -0.34734 -0.00153751 0.999997 0.00179404 -0.385838 0.0146667 -0.00177126 0.999891 23.8461 
0.999895 0.00102553 -0.0144245 -0.426486 -0.00098631 0.999996 0.00272287 -0.43361 0.0144272 -0.00270831 0.999892 25.0307 
0.999871 0.000594266 -0.0160752 -0.461422 -0.000555099 0.999997 0.00243824 -0.444607 0.0160765 -0.00242896 0.999868 26.2293 
0.99989 -0.000635167 -0.0148492 -0.520045 0.000711877 0.999986 0.00515839 -0.481891 0.0148457 -0.00516835 0.999876 27.4103 
0.999894 0.000183399 -0.0145355 -0.578401 -0.000120299 0.999991 0.0043389 -0.485797 0.0145362 -0.00433665 0.999885 28.578 
0.999891 -0.00119845 -0.0147512 -0.62982 0.00126115 0.99999 0.00423859 -0.510528 0.0147459 -0.00425669 0.999882 29.7461 
0.999892 0.000120725 -0.0147096 -0.685904 -7.27061e-05 0.999995 0.00326212 -0.532127 0.0147099 -0.00326065 0.999887 30.9244 
0.999876 -0.000457282 -0.0157362 -0.731101 0.000543598 0.999985 0.00547867 -0.586146 0.0157334 -0.0054865 0.999861 32.1478 
0.999882 6.79198e-05 -0.0153374 -0.785559 1.01669e-05 0.999987 0.00508839 -0.60418 0.0153375 -0.0050879 0.999869 33.3454 
0.999863 0.000709288 -0.0165321 -0.795936 -0.000602109 0.999979 0.00648463 -0.65325 0.0165363 -0.00647375 0.999842 34.4745 
0.999827 -0.00346391 -0.0182907 -0.816428 0.0035672 0.999978 0.00561497 -0.683722 0.0182708 -0.0056792 0.999817 35.6394 
0.999833 -0.00262757 -0.0180925 -0.892768 0.00271403 0.999985 0.00475325 -0.674012 0.0180797 -0.00480151 0.999825 36.8901 
0.999787 -0.0030988 -0.0203837 -0.905937 0.0032379 0.999972 0.0067925 -0.702382 0.020362 -0.00685702 0.999769 38.1416 
0.999764 -0.00338085 -0.0214786 -0.921279 0.00354234 0.999966 0.0074832 -0.71013 0.0214525 -0.00755747 0.999741 39.3963 
0.999757 -0.00280111 -0.0218762 -0.963823 0.0029592 0.99997 0.00719598 -0.698737 0.0218554 -0.00725893 0.999735 40.5877 
0.999747 -0.00350458 -0.0222083 -0.999369 0.00369336 0.999957 0.00846297 -0.752147 0.0221776 -0.00854281 0.999718 41.7893 
0.999738 -0.00365052 -0.0225949 -1.04769 0.0038459 0.999956 0.00860786 -0.770166 0.0225624 -0.00869246 0.999708 42.9829 
0.999713 -0.00140267 -0.0239217 -1.0866 0.0016658 0.999938 0.0109813 -0.799507 0.0239048 -0.011018 0.999654 44.1397 
0.999708 -0.00217052 -0.0240676 -1.10829 0.00253147 0.999885 0.0149754 -0.83445 0.0240323 -0.0150319 0.999598 45.3357 
0.999722 -0.00265982 -0.0234206 -1.14625 0.00307608 0.999838 0.0177536 -0.849491 0.0233696 -0.0178207 0.999568 46.5552 
0.999783 -0.00169374 -0.0207638 -1.22374 0.00210013 0.999806 0.0195639 -0.827792 0.0207266 -0.0196032 0.999593 47.7339 
0.999784 -0.0054015 -0.0200633 -1.2768 0.00584787 0.999735 0.0222542 -0.863769 0.0199377 -0.0223667 0.999551 48.9237 
0.999813 -0.00290441 -0.0191019 -1.25698 0.00326435 0.999817 0.0188368 -0.800158 0.0190436 -0.0188956 0.99964 50.2721 
0.999816 -0.00340372 -0.0189036 -1.28855 0.00374817 0.999827 0.0182139 -0.835535 0.0188383 -0.0182813 0.999655 51.4855 
0.999821 -0.003017 -0.0186632 -1.32557 0.00335064 0.999835 0.0178692 -0.837863 0.0186062 -0.0179285 0.999666 52.7146 
0.999846 -0.0035199 -0.017198 -1.40651 0.00382466 0.999836 0.0177173 -0.850729 0.0171328 -0.0177803 0.999695 53.8677 
0.999838 -0.00491189 -0.0173072 -1.44869 0.00520272 0.999845 0.0167966 -0.863984 0.0172219 -0.0168839 0.999709 55.0899 
0.999831 -0.00431498 -0.0178882 -1.5185 0.00461729 0.999847 0.0168909 -0.861096 0.0178125 -0.0169706 0.999697 56.3034 
0.999764 -0.00772401 -0.0203199 -1.55718 0.00808713 0.999808 0.0178473 -0.865708 0.0201781 -0.0180074 0.999634 57.5221 
0.999751 -0.00678341 -0.0212684 -1.60488 0.00717954 0.999801 0.0186025 -0.873606 0.021138 -0.0187506 0.999601 58.7338 
0.999736 -0.00644752 -0.0220755 -1.65803 0.00686618 0.999797 0.0189403 -0.888383 0.0219488 -0.0190868 0.999577 59.9733 
0.999714 -0.00652957 -0.0229976 -1.69284 0.00697323 0.99979 0.0192628 -0.90812 0.0228669 -0.0194176 0.99955 61.1809 
0.99975 -0.00644179 -0.0214232 -1.78478 0.00682719 0.999815 0.017964 -0.890003 0.0213035 -0.0181057 0.999609 62.3782 
0.999741 -0.00843713 -0.0211341 -1.83431 0.00880079 0.999814 0.0171717 -0.900124 0.0209853 -0.0173532 0.999629 63.5958 
0.999727 -0.00901774 -0.0215384 -1.88704 0.00943023 0.999773 0.0191253 -0.913969 0.021361 -0.0193231 0.999585 64.787 
0.99961 -0.0122378 -0.0251031 -1.86833 0.0127141 0.999741 0.0189025 -0.901183 0.0248652 -0.0192142 0.999506 66.0296 
0.999655 -0.0109021 -0.0239164 -1.96144 0.0113359 0.999772 0.0180747 -0.904461 0.0237138 -0.0183395 0.999551 67.1722 
0.999675 -0.00971825 -0.023583 -2.013 0.0101269 0.9998 0.0172699 -0.916734 0.0234104 -0.0175031 0.999573 68.401 
0.999708 -0.00734524 -0.0230331 -2.06289 0.00776257 0.999806 0.01808 -0.933723 0.0228957 -0.0182535 0.999571 69.6102 
0.999728 -0.00689161 -0.0222898 -2.14284 0.00729121 0.999813 0.017894 -0.933575 0.0221623 -0.0180516 0.999591 70.7668 
0.999669 -0.00980509 -0.0237986 -2.16319 0.0102014 0.99981 0.016588 -0.919658 0.0236314 -0.0168252 0.999579 71.9626 
0.999677 -0.0103898 -0.0231925 -2.20827 0.0108023 0.999785 0.0177295 -0.930246 0.0230032 -0.0179742 0.999574 73.15 
0.9997 -0.00947931 -0.0225784 -2.23927 0.00989826 0.99978 0.0185147 -0.93489 0.0223979 -0.0187326 0.999574 74.3293 
0.999702 -0.0123625 -0.0210377 -2.26892 0.0127274 0.999769 0.0172994 -0.953043 0.020819 -0.0175619 0.999629 75.5529 
0.999708 -0.0164473 -0.0177104 -2.32198 0.0166861 0.999771 0.013418 -0.974478 0.0174856 -0.0137096 0.999753 76.717 
0.999739 -0.0163778 -0.0159344 -2.3519 0.0166053 0.999761 0.0142484 -0.997323 0.0156972 -0.0145092 0.999772 77.9112 
0.999772 -0.0175875 -0.0120826 -2.43866 0.0178284 0.999639 0.0201225 -1.08438 0.0117243 -0.0203333 0.999725 79.188 
0.999846 -0.0155908 -0.008087 -2.49829 0.0157599 0.99965 0.0212738 -1.08891 0.00775245 -0.0213979 0.999741 80.3932 
0.999874 -0.0157499 -0.0019037 -2.54052 0.0157856 0.999667 0.0204279 -1.10679 0.00158129 -0.0204554 0.99979 81.4354 
0.999822 -0.0185646 0.00330527 -2.57334 0.0185022 0.999666 0.0180275 -1.10037 -0.00363888 -0.0179631 0.999832 82.5577 
0.999822 -0.0172559 0.00759948 -2.61434 0.0171557 0.999768 0.0130619 -1.09722 -0.00782315 -0.0129292 0.999886 83.7742 
0.999769 -0.0180948 0.0116363 -2.62374 0.0179324 0.999742 0.0139174 -1.11934 -0.0118851 -0.0137054 0.999835 84.9032 
0.999697 -0.0176556 0.0171483 -2.66745 0.0173773 0.999717 0.0162473 -1.15226 -0.0174304 -0.0159443 0.999721 86.0319 
0.999638 -0.015599 0.0219005 -2.67465 0.0152376 0.999747 0.0165717 -1.16935 -0.0221535 -0.0162319 0.999623 87.1899 
0.999555 -0.0157337 0.0253379 -2.64436 0.015375 0.99978 0.0142939 -1.16542 -0.0255573 -0.0138979 0.999577 88.3699 
0.999464 -0.0162184 0.0284276 -2.6386 0.0158659 0.999795 0.0125837 -1.18733 -0.0286259 -0.0121259 0.999517 89.5463 
0.999312 -0.0179902 0.0324485 -2.64387 0.0176095 0.999773 0.0119828 -1.1887 -0.0326568 -0.0114031 0.999402 90.7348 
0.999154 -0.0204258 0.0356973 -2.63398 0.0199799 0.999718 0.0128039 -1.1912 -0.0359488 -0.0120798 0.999281 91.8932 
0.999047 -0.0197203 0.0389399 -2.62825 0.0191885 0.999718 0.0139856 -1.19954 -0.0392048 -0.013225 0.999144 93.0026 
0.998902 -0.0201575 0.0423014 -2.6032 0.0195109 0.999687 0.0156433 -1.19842 -0.0426036 -0.0148007 0.998982 94.1866 
0.998799 -0.0223096 0.0436327 -2.53043 0.021583 0.999622 0.0170539 -1.21762 -0.0439967 -0.0160916 0.998902 95.383 
0.998695 -0.0227593 0.0457317 -2.50486 0.0220744 0.999637 0.0154275 -1.23066 -0.0460662 -0.0143978 0.998835 96.5059 
0.998542 -0.0216411 0.049444 -2.53097 0.0210792 0.999708 0.0118587 -1.23638 -0.0496862 -0.0107992 0.998707 97.6619 
0.998482 -0.0161412 0.0526555 -2.53674 0.0157409 0.999844 0.00800748 -1.19187 -0.0527766 -0.00716643 0.998581 98.8794 
0.998402 -0.0123738 0.0551395 -2.53049 0.0120353 0.999907 0.00646756 -1.19418 -0.0552145 -0.00579356 0.998458 99.969 
0.998402 -0.0107749 0.0554779 -2.49945 0.0104142 0.999923 0.00678763 -1.19611 -0.0555467 -0.00619899 0.998437 101.118 
0.998323 -0.0118234 0.0566662 -2.53126 0.0112996 0.999891 0.00955719 -1.23397 -0.0567731 -0.00890082 0.998347 102.341 
0.998295 -0.0109515 0.057338 -2.54971 0.0103822 0.999894 0.0102182 -1.22167 -0.0574438 -0.00960541 0.998303 103.442 
0.998353 -0.010092 0.0564701 -2.52991 0.00949541 0.999896 0.0108233 -1.22526 -0.0565735 -0.0102692 0.998346 104.603 
0.998424 -0.00964045 0.0552944 -2.53503 0.00903996 0.999898 0.0111006 -1.2226 -0.0553958 -0.0105832 0.998408 105.747 
0.998594 -0.00912844 0.0522176 -2.47495 0.00863933 0.999917 0.00958555 -1.20302 -0.0523008 -0.00912091 0.99859 106.961 
0.998734 -0.00869069 0.0495471 -2.45197 0.00824251 0.999923 0.00924372 -1.21417 -0.0496236 -0.00882358 0.998729 108.101 
0.998846 -0.00852376 0.0472718 -2.4803 0.00804757 0.999915 0.0102556 -1.22914 -0.0473552 -0.00986331 0.998829 109.243 
0.998839 -0.00797131 0.047519 -2.59793 0.00745945 0.999912 0.0109401 -1.26177 -0.0476021 -0.0105729 0.99881 110.387 
0.998946 -0.00732146 0.0453039 -2.64282 0.00679735 0.999908 0.011713 -1.275 -0.0453856 -0.0113926 0.998905 111.541 
0.999052 -0.00652475 0.043053 -2.67806 0.00603773 0.999916 0.0114334 -1.27935 -0.043124 -0.0111626 0.999007 112.728 
0.999154 -0.00614063 0.0406592 -2.73641 0.00567289 0.999917 0.0116103 -1.29067 -0.0407271 -0.0113698 0.999106 114.02 
0.99933 -0.00592868 0.0361279 -2.71738 0.0055353 0.999924 0.0109801 -1.28509 -0.0361903 -0.0107728 0.999287 115.194 
0.999465 -0.00332484 0.0325507 -2.74687 0.0029933 0.999943 0.0102301 -1.29849 -0.0325829 -0.0101272 0.999418 116.447 
0.999585 -0.00280938 0.0286792 -2.75606 0.0025279 0.999948 0.00984779 -1.31445 -0.0287055 -0.00977116 0.99954 117.702 
0.999681 -0.000879329 0.0252521 -2.74281 0.000637965 0.999954 0.00956636 -1.31463 -0.0252594 -0.00954715 0.999635 118.994 
0.999646 0.000831006 0.026588 -2.85502 -0.00108749 0.999953 0.00963506 -1.33845 -0.0265788 -0.00966053 0.9996 120.108 
0.999643 0.00369264 0.0264453 -2.87463 -0.00388894 0.999965 0.00737723 -1.31389 -0.0264171 -0.0074774 0.999623 121.33 
0.999596 0.00542427 0.027891 -2.92763 -0.00565 0.999952 0.0080225 -1.32338 -0.0278462 -0.00817681 0.999579 122.566 
0.999595 0.00750073 0.0274586 -2.9113 -0.00772769 0.999937 0.00817028 -1.3218 -0.0273956 -0.00837912 0.99959 123.818 
0.999534 0.0109113 0.0285046 -2.93916 -0.0110929 0.999919 0.00622176 -1.27401 -0.0284344 -0.00653502 0.999574 125.11 
0.999523 0.0139153 0.027586 -2.9215 -0.014169 0.999859 0.00902183 -1.28732 -0.0274566 -0.00940835 0.999579 126.371 
0.999483 0.0158821 0.0279449 -2.92287 -0.0162143 0.9998 0.011704 -1.29767 -0.0277534 -0.012151 0.999541 127.613 
0.999504 0.0146737 0.0278591 -2.89015 -0.0150052 0.999819 0.0117289 -1.30756 -0.027682 -0.0121411 0.999543 128.779 
0.999474 0.0163082 0.0280235 -2.91082 -0.0165649 0.999823 0.00895375 -1.28385 -0.0278725 -0.00941321 0.999567 130.103 
0.999611 0.0123331 0.025028 -2.8459 -0.0125977 0.999866 0.0104424 -1.29678 -0.0248959 -0.0107536 0.999632 131.354 
0.999623 0.0108482 0.025233 -2.85801 -0.0111673 0.999859 0.0125443 -1.30389 -0.0250934 -0.0128214 0.999603 132.698 
0.999721 0.00591027 0.0228804 -2.80503 -0.00621059 0.999895 0.013079 -1.29399 -0.0228007 -0.0132174 0.999653 133.996 
0.9998 0.00208895 0.0199017 -2.75047 -0.00232904 0.999925 0.0120506 -1.26968 -0.019875 -0.0120945 0.999729 135.202 
0.999769 -0.00217548 0.021375 -2.75248 0.00194388 0.999939 0.0108518 -1.27823 -0.0213974 -0.0108077 0.999713 136.534 
0.99974 -0.00515981 0.0221949 -2.75716 0.00494451 0.99994 0.00974614 -1.2879 -0.0222439 -0.00963382 0.999706 137.818 
0.999734 -0.0043533 0.0226627 -2.75435 0.00412896 0.999942 0.00993851 -1.3021 -0.0227047 -0.00984225 0.999694 139.134 
0.999727 -0.00562631 0.0226962 -2.72959 0.00541551 0.999942 0.00934019 -1.31097 -0.0227474 -0.00921468 0.999699 140.414 
0.999703 -0.006901 0.0233594 -2.74252 0.00662673 0.999908 0.0118005 -1.32251 -0.0234388 -0.0116421 0.999658 141.71 
0.999701 -0.00340807 0.0242142 -2.74911 0.00309448 0.999911 0.0129783 -1.31727 -0.0242563 -0.0128995 0.999623 142.96 
0.999667 -0.00451264 0.0253965 -2.75384 0.00423117 0.999929 0.0111276 -1.32726 -0.0254449 -0.0110164 0.999616 144.251 
0.999639 -0.00420393 0.0265492 -2.7524 0.00398088 0.999956 0.00845017 -1.30314 -0.0265836 -0.00834138 0.999612 145.582 
0.999595 -0.00456194 0.0280763 -2.7787 0.00437122 0.999967 0.00685188 -1.32965 -0.0281066 -0.00672634 0.999582 146.834 
0.99953 -0.00494221 0.0302473 -2.80412 0.00485412 0.999984 0.00298646 -1.34224 -0.0302616 -0.00283819 0.999538 148.094 
0.999505 -0.00606885 0.0308568 -2.79819 0.00609283 0.999981 -0.000681776 -1.35279 -0.0308521 0.000869485 0.999524 149.389 
0.999492 -0.00538955 0.031412 -2.78687 0.00543291 0.999984 -0.00129399 -1.37536 -0.0314046 0.00146403 0.999506 150.626 
0.999484 -0.00856507 0.0309702 -2.75067 0.00861405 0.999962 -0.00144705 -1.39913 -0.0309566 0.00171313 0.999519 151.825 
0.999496 -0.00830782 0.0306405 -2.72062 0.00835479 0.999964 -0.00140396 -1.41891 -0.0306278 0.00165929 0.99953 153.121 
0.99948 -0.00752027 0.0313422 -2.70078 0.0075266 0.999972 -8.28591e-05 -1.44904 -0.0313407 0.000318758 0.999509 154.416 
0.999498 -0.00459231 0.031342 -2.70805 0.00461237 0.999989 -0.000566312 -1.44513 -0.0313391 0.00071063 0.999509 155.67 
0.999547 -0.00437688 0.0297653 -2.68226 0.0044137 0.99999 -0.00116998 -1.45867 -0.0297599 0.00130087 0.999556 157.01 
0.999573 -0.00466346 0.0288318 -2.65963 0.00470579 0.999988 -0.00139897 -1.48346 -0.0288249 0.00153409 0.999583 158.264 
0.999586 -0.00457259 0.0284162 -2.64114 0.00459458 0.999989 -0.000707122 -1.48356 -0.0284127 0.000837431 0.999596 159.52 
0.999542 -0.00227915 0.0301918 -2.70475 0.00229797 0.999997 -0.000587389 -1.51101 -0.0301905 0.000656541 0.999544 160.792 
0.999592 -0.0020388 0.0285083 -2.68993 0.0020719 0.999997 -0.0011302 -1.54859 -0.028506 0.00118884 0.999593 162.01 
0.999543 -0.00150023 0.0301789 -2.71208 0.00155759 0.999997 -0.00187559 -1.57888 -0.0301761 0.00192178 0.999543 163.311 
0.999589 -0.00210627 0.0286025 -2.68902 0.00218627 0.999994 -0.00276453 -1.60042 -0.0285965 0.00282596 0.999587 164.594 
0.999627 -0.00232977 0.0272125 -2.65262 0.00245052 0.999987 -0.00440324 -1.61551 -0.0272019 0.00446832 0.99962 165.866 
0.999664 -0.00173345 0.02586 -2.63205 0.00185064 0.999988 -0.0045065 -1.66083 -0.025852 0.00455289 0.999655 167.094 
0.999652 -0.00170584 0.0263388 -2.64482 0.00185808 0.999982 -0.00575494 -1.67106 -0.0263285 0.00580192 0.999637 168.359 
0.999679 -0.00289926 0.0251745 -2.65074 0.00301002 0.999986 -0.00436121 -1.70256 -0.0251616 0.00443562 0.999674 169.614 
0.999712 -0.00247962 0.0238896 -2.60278 0.00259808 0.999985 -0.00492711 -1.70298 -0.023877 0.0049878 0.999703 170.961 
0.999754 -0.00207363 0.0220702 -2.57182 0.00215659 0.999991 -0.00373398 -1.74521 -0.0220623 0.0037807 0.999749 172.276 
0.999748 -0.0010669 0.0224338 -2.58112 0.00116213 0.99999 -0.00423009 -1.75972 -0.0224291 0.00425513 0.999739 173.473 
0.999745 -0.000112864 0.0225698 -2.578 0.000239579 0.999984 -0.00560983 -1.77798 -0.0225688 0.00561385 0.99973 174.713 
0.999758 6.45186e-05 0.02199 -2.59168 6.17203e-05 0.999984 -0.00573806 -1.81997 -0.02199 0.00573807 0.999742 175.951 
0.9998 -0.00100556 0.0199679 -2.55194 0.0011057 0.999987 -0.00500271 -1.85956 -0.0199627 0.00502383 0.999788 177.246 
0.9998 -0.000583225 0.0200031 -2.55389 0.000698906 0.999983 -0.00577452 -1.89074 -0.0199994 0.00578738 0.999783 178.533 
0.999795 -0.00276731 0.0200706 -2.55424 0.00289454 0.999976 -0.00631028 -1.92585 -0.0200527 0.00636712 0.999779 179.788 
0.999788 -0.00457747 0.0200665 -2.56861 0.00469956 0.999971 -0.00603876 -1.95911 -0.0200383 0.00613183 0.99978 181.046 
0.999775 -0.00561109 0.0204579 -2.59578 0.00567257 0.99998 -0.00294614 -1.97678 -0.020441 0.00306157 0.999786 182.319 
0.999781 -0.00845496 0.0191521 -2.58407 0.00841756 0.999963 0.00203508 -2.0021 -0.0191686 -0.00187338 0.999815 183.581 
0.999774 -0.00752581 0.0198825 -2.58844 0.00749556 0.999971 0.00159813 -2.0285 -0.019894 -0.00144869 0.999801 184.836 
0.999795 -0.00780017 0.0186894 -2.574 0.00784429 0.999967 -0.002286 -2.04241 -0.018671 0.00243218 0.999823 186.041 
0.999701 -0.0179507 0.0166244 -2.57679 0.0180311 0.999826 -0.00469495 -2.10623 -0.0165373 0.00499334 0.999851 187.271 
0.999769 -0.0138898 0.016382 -2.57566 0.0139589 0.999894 -0.00410837 -2.11762 -0.0163232 0.00433613 0.999857 188.564 
0.99976 -0.014367 0.016553 -2.58935 0.0144087 0.999893 -0.00240198 -2.15573 -0.0165168 0.00263995 0.99986 189.764 
0.999746 -0.0140779 0.0175748 -2.61102 0.0140893 0.999901 -0.000520438 -2.17666 -0.0175658 0.000767965 0.999845 191.012 
0.999696 -0.0153896 0.0192437 -2.63747 0.0153862 0.999882 0.000331378 -2.21663 -0.0192466 -3.51484e-05 0.999815 192.275 
0.999659 -0.0154847 0.0210203 -2.64183 0.0154808 0.99988 0.000346609 -2.24573 -0.0210231 -2.10372e-05 0.999779 193.528 
0.999667 -0.0139597 0.0217123 -2.5924 0.0139814 0.999902 -0.000844765 -2.25492 -0.0216985 0.00114809 0.999764 194.843 
0.999648 -0.0137629 0.0226859 -2.57766 0.0138339 0.9999 -0.00297175 -2.27976 -0.0226428 0.00328458 0.999738 196.097 
0.999632 -0.0106519 0.0249404 -2.58861 0.0107176 0.999939 -0.00249769 -2.3082 -0.0249124 0.00276411 0.999686 197.305 
0.999602 -0.0106859 0.0260994 -2.56769 0.0107277 0.999941 -0.00146233 -2.34613 -0.0260823 0.00174178 0.999658 198.507 
0.999578 -0.0109908 0.0268783 -2.55824 0.0109824 0.99994 0.000463043 -2.36346 -0.0268818 -0.000167619 0.999639 199.717 
0.999545 -0.00969895 0.0285528 -2.57247 0.00973502 0.999952 -0.00112313 -2.32959 -0.0285405 0.00140062 0.999592 200.905 
0.99952 -0.0108658 0.0290186 -2.53046 0.0109298 0.999938 -0.00204581 -2.34053 -0.0289947 0.00236204 0.999577 202.166 
0.999481 -0.0105968 0.0304175 -2.52462 0.010648 0.999942 -0.00151771 -2.3697 -0.0303997 0.00184084 0.999536 203.36 
0.999446 -0.0108222 0.0314784 -2.53326 0.0108716 0.99994 -0.00139973 -2.40726 -0.0314614 0.00174122 0.999503 204.516 
0.999417 -0.0105152 0.0324828 -2.52313 0.0105634 0.999943 -0.001312 -2.43701 -0.0324672 0.00165441 0.999471 205.728 
0.999418 -0.0110466 0.0322702 -2.48638 0.0110699 0.999939 -0.000543983 -2.47709 -0.0322622 0.000900937 0.999479 206.903 
0.999371 -0.01247 0.0332081 -2.46773 0.0124868 0.999922 -0.000298354 -2.50954 -0.0332019 0.000712872 0.999448 208.014 
0.999356 -0.0127158 0.0335646 -2.44656 0.0127049 0.999919 0.000541204 -2.53743 -0.0335688 -0.00011438 0.999436 209.165 
0.99938 -0.0144193 0.0321368 -2.40087 0.0143834 0.999896 0.00134658 -2.55905 -0.0321529 -0.00088346 0.999483 210.322 
0.99941 -0.0134341 0.0316244 -2.3749 0.0134072 0.99991 0.00106294 -2.585 -0.0316359 -0.000638277 0.999499 211.49 
0.999391 -0.0137383 0.0320912 -2.36164 0.0137341 0.999906 0.000353435 -2.61687 -0.032093 8.75647e-05 0.999485 212.619 
0.999414 -0.0125459 0.031856 -2.35917 0.0125515 0.999921 2.60485e-05 -2.65297 -0.0318539 0.00037385 0.999493 213.685 
0.999432 -0.0134469 0.0308938 -2.33666 0.0134918 0.999908 -0.00124267 -2.67099 -0.0308743 0.00165882 0.999522 214.754 
0.999473 -0.0152061 0.0286849 -2.30863 0.0152503 0.999883 -0.00132212 -2.69757 -0.0286614 0.00175892 0.999588 215.796 
0.99956 -0.0125448 0.0268875 -2.34309 0.0125192 0.999921 0.00112115 -2.73653 -0.0268995 -0.000784008 0.999638 216.621 
0.999634 -0.0123163 0.0240779 -2.3216 0.0122705 0.999923 0.00205252 -2.73642 -0.0241013 -0.00175628 0.999708 217.672 
0.999692 -0.0123042 0.0215396 -2.30619 0.0122414 0.99992 0.00304597 -2.74683 -0.0215755 -0.00278131 0.999763 218.723 
0.999735 -0.0131271 0.0189245 -2.27781 0.0130571 0.999908 0.00381767 -2.794 -0.0189729 -0.00356952 0.999814 219.786 
0.999773 -0.0134206 0.0165557 -2.28403 0.0133562 0.999903 0.0039972 -2.82659 -0.0166078 -0.00377513 0.999855 220.799 
0.999817 -0.0137443 0.0133011 -2.2889 0.0136978 0.9999 0.0035817 -2.83074 -0.0133491 -0.00339881 0.999905 221.759 
0.999864 -0.012901 0.0102411 -2.28465 0.0128587 0.999909 0.00419011 -2.85121 -0.0102943 -0.00405781 0.999939 222.722 
0.999908 -0.011649 0.00692718 -2.28223 0.0116247 0.999926 0.00355339 -2.86512 -0.0069681 -0.0034725 0.99997 223.664 
0.999937 -0.010669 0.00350751 -2.30208 0.0106577 0.999938 0.00322269 -2.87883 -0.00354171 -0.00318506 0.999989 224.556 
0.999939 -0.0110398 -0.000552645 -2.29894 0.0110408 0.999938 0.00171513 -2.89568 0.000533634 -0.00172108 0.999998 225.448 
0.999939 -0.0100483 -0.00465466 -2.30547 0.010054 0.999949 0.00118616 -2.90243 0.00464246 -0.00123284 0.999989 226.323 
0.99992 -0.00991902 -0.00779652 -2.32563 0.00991829 0.999951 -0.000138391 -2.92402 0.00779747 6.10945e-05 0.99997 227.162 
0.999925 -0.00751547 -0.00967624 -2.3491 0.00751387 0.999972 -0.000206477 -2.94181 0.00967748 0.000133798 0.999953 227.998 
0.999919 -0.00698054 -0.0106417 -2.37752 0.00698029 0.999976 -6.52188e-05 -2.96559 0.0106419 -9.02628e-06 0.999943 228.792 
0.999915 -0.00707008 -0.0109846 -2.39426 0.00707298 0.999975 0.000221061 -2.97687 0.0109827 -0.000298694 0.99994 229.55 
0.999936 -0.00474428 -0.0102426 -2.42305 0.00475671 0.999988 0.00118516 -2.98722 0.0102368 -0.00123376 0.999947 230.311 
0.999923 -0.00764076 -0.0097942 -2.45451 0.0076513 0.99997 0.00103456 -3.02191 0.00978597 -0.00110937 0.999952 231.034 
0.999937 -0.00568637 -0.00972899 -2.47163 0.00567792 0.999984 -0.000900603 -3.0383 0.00973391 0.000845347 0.999952 231.771 
0.999937 -0.0065252 -0.00910818 -2.49561 0.00650827 0.999977 -0.00189222 -3.07116 0.00912028 0.00183287 0.999957 232.483 
0.999956 -0.00563744 -0.00748242 -2.50912 0.0056172 0.999981 -0.00272899 -3.09035 0.00749761 0.00268688 0.999968 233.22 
0.999974 -0.00457778 -0.00562437 -2.54004 0.00456414 0.999987 -0.00244311 -3.11895 0.00563544 0.00241742 0.999981 233.942 
0.999976 -0.00598719 -0.00344194 -2.58081 0.00597907 0.999979 -0.00237842 -3.14919 0.00345606 0.00235782 0.999991 234.648 
0.999977 -0.00657792 -0.00144093 -2.59754 0.00657519 0.999977 -0.00192144 -3.17954 0.0014535 0.00191197 0.999997 235.387 
0.999979 -0.00644255 9.3236e-05 -2.6054 0.00644274 0.999978 -0.00174384 -3.20846 -8.20414e-05 0.00174444 0.999999 236.107 
0.999981 -0.00560086 0.0024055 -2.61267 0.00560646 0.999982 -0.00230687 -3.21379 -0.00239257 0.00232036 0.999994 236.805 
0.99997 -0.00640427 0.00446405 -2.61506 0.00641084 0.999978 -0.00144863 -3.24396 -0.00445471 0.00147725 0.999989 237.505 
0.999947 -0.007406 0.00719703 -2.61509 0.00741285 0.999972 -0.000919506 -3.24768 -0.00719006 0.00097285 0.999974 238.222 
0.999915 -0.00792942 0.0103619 -2.63192 0.00793571 0.999968 -0.000561649 -3.26568 -0.0103572 0.000643873 0.999946 238.944 
0.999885 -0.00820753 0.0127704 -2.62435 0.00822008 0.999966 -0.000927804 -3.28259 -0.0127624 0.00103271 0.999918 239.628 
0.999829 -0.00935997 0.0159808 -2.62764 0.00938238 0.999955 -0.00132511 -3.299 -0.0159677 0.00147486 0.999871 240.354 
0.999765 -0.010091 0.019169 -2.6249 0.0101057 0.999949 -0.000666307 -3.32511 -0.0191613 0.000859908 0.999816 241.039 
0.999716 -0.00806696 0.0224357 -2.6242 0.00809552 0.999967 -0.00118027 -3.34409 -0.0224255 0.00136161 0.999748 241.721 
0.999597 -0.00860292 0.027048 -2.64308 0.00863234 0.999962 -0.000969578 -3.35795 -0.0270386 0.00120272 0.999634 242.411 
0.999526 -0.00868069 0.0295417 -2.62327 0.00866968 0.999962 0.000502236 -3.37816 -0.029545 -0.000245839 0.999563 243.131 
0.999458 -0.00865834 0.0317718 -2.61389 0.00864701 0.999963 0.000495512 -3.38376 -0.0317749 -0.000220471 0.999495 243.815 
0.999344 -0.00795031 0.0353193 -2.60539 0.00794056 0.999968 0.000417539 -3.3956 -0.0353215 -0.000136769 0.999376 244.534 
0.999202 -0.00699651 0.0393185 -2.6111 0.00704375 0.999975 -0.0010621 -3.41157 -0.0393101 0.00133824 0.999226 245.228 
0.999151 -0.00546969 0.0408339 -2.59 0.00560063 0.99998 -0.0030918 -3.42765 -0.0408162 0.00331791 0.999161 245.938 
0.9991 -0.0077809 0.0416863 -2.56022 0.00801369 0.999953 -0.00541894 -3.43314 -0.0416422 0.00574817 0.999116 246.664 
0.999079 -0.00618832 0.042464 -2.54361 0.00645533 0.99996 -0.00615265 -3.44765 -0.0424243 0.00642115 0.999079 247.382 
0.99908 -0.00475512 0.042628 -2.51946 0.00508314 0.999958 -0.00758878 -3.45096 -0.0425901 0.00779852 0.999062 248.095 
0.999099 -0.0049678 0.0421601 -2.49277 0.00528804 0.999958 -0.00748662 -3.48873 -0.0421212 0.00770286 0.999083 248.801 
0.999038 -0.00346179 0.0437208 -2.48394 0.00380841 0.999962 -0.00784621 -3.53997 -0.043692 0.0080052 0.999013 249.374 
0.998984 -0.0037765 0.0449142 -2.48094 0.00422132 0.999943 -0.00981204 -3.54591 -0.0448746 0.00999171 0.998943 250.137 
0.998956 -0.0072767 0.045097 -2.4666 0.00782684 0.999897 -0.0120336 -3.56255 -0.0450048 0.0123741 0.99891 250.916 
0.998862 -0.0100797 0.0466156 -2.45269 0.0106937 0.999859 -0.0129412 -3.58386 -0.0464787 0.013425 0.998829 251.569 
0.998873 -0.00832358 0.046726 -2.41516 0.0087354 0.999925 -0.00861532 -3.60999 -0.0466509 0.00901382 0.998871 252.256 
0.998789 -0.00505899 0.0489307 -2.45318 0.00514028 0.999986 -0.00153459 -3.65989 -0.0489223 0.00178429 0.998801 252.929 
0.998809 -0.00490156 0.0485513 -2.4188 0.00478137 0.999985 0.00259243 -3.67949 -0.0485634 -0.00235715 0.998817 253.722 
0.998729 -0.00629859 0.0500008 -2.37807 0.0063047 0.99998 3.63056e-05 -3.68822 -0.0500001 0.000279022 0.998749 254.517 
0.998521 -0.006677 0.053963 -2.34891 0.00700756 0.999958 -0.005938 -3.70842 -0.0539212 0.00630741 0.998525 255.316 
0.998296 -0.00312029 0.0582782 -2.33228 0.0037271 0.99994 -0.0103059 -3.70738 -0.0582426 0.0105056 0.998247 256.12 
0.998037 -0.00269326 0.0625668 -2.31572 0.00334617 0.999941 -0.0103323 -3.71927 -0.0625353 0.0105214 0.997987 256.945 
0.99775 -0.00410022 0.0669224 -2.28329 0.00463885 0.999958 -0.0078945 -3.74172 -0.0668873 0.00818722 0.997727 257.78 
0.997396 -0.0076007 0.0717186 -2.26014 0.00792464 0.99996 -0.00423272 -3.76386 -0.0716836 0.00479008 0.997416 258.64 
0.997142 -0.0105982 0.0748043 -2.21642 0.0108582 0.999936 -0.00306866 -3.77915 -0.074767 0.00387216 0.997194 259.469 
0.996931 -0.0146418 0.0769053 -2.15961 0.0147951 0.99989 -0.00142444 -3.82699 -0.076876 0.00255793 0.997037 260.245 
0.996756 -0.0130981 0.0794055 -2.11694 0.0134034 0.999905 -0.00331262 -3.85799 -0.0793546 0.00436622 0.996837 261.045 
0.996559 -0.0131627 0.0818358 -2.06613 0.01367 0.999891 -0.00564159 -3.87501 -0.0817526 0.00674091 0.99663 261.898 
0.996331 -0.0122412 0.0847097 -2.01843 0.012758 0.999903 -0.00556194 -3.8912 -0.0846335 0.0066223 0.99639 262.725 
0.996039 -0.00919717 0.0884386 -1.98408 0.00970696 0.999939 -0.00533542 -3.86916 -0.0883842 0.00617279 0.996067 263.55 
0.995611 -0.00791832 0.0932566 -1.9668 0.00841222 0.999953 -0.00490376 -3.86814 -0.0932134 0.00566677 0.99563 264.374 
0.995286 -0.00723691 0.0967119 -1.92036 0.00780766 0.999954 -0.00552396 -3.88162 -0.0966676 0.00625305 0.995297 265.21 
0.99492 -0.00826487 0.10033 -1.8922 0.00891654 0.999942 -0.00604813 -3.90287 -0.100274 0.00691203 0.994936 266 
0.994625 -0.0091915 0.103133 -1.82614 0.00990655 0.99993 -0.00642284 -3.91633 -0.103067 0.00741006 0.994647 266.829 
0.99426 -0.0120501 0.106309 -1.78259 0.0128545 0.999894 -0.00688429 -3.91061 -0.106215 0.00821136 0.994309 267.641 
0.99414 -0.0129064 0.107324 -1.70946 0.0136536 0.999887 -0.0062295 -3.94076 -0.107232 0.0076584 0.994205 268.49 
0.994083 -0.0139941 0.107718 -1.63126 0.0148166 0.999867 -0.00683856 -3.95751 -0.107608 0.00839416 0.994158 269.354 
0.993974 -0.0134745 0.108786 -1.56534 0.0143408 0.999871 -0.00718379 -3.96586 -0.108675 0.00870061 0.994039 270.184 
0.994071 -0.0128396 0.107976 -1.4609 0.0136496 0.999884 -0.006765 -3.98276 -0.107877 0.00819876 0.99413 271.065 
0.994086 -0.012455 0.107875 -1.38801 0.0132298 0.999892 -0.00646996 -3.99597 -0.107783 0.00785891 0.994143 271.914 
0.994198 -0.0117057 0.106928 -1.32475 0.0125508 0.999895 -0.00723302 -4.01666 -0.106832 0.00853312 0.99424 272.77 
0.994195 -0.011211 0.10701 -1.27747 0.0122805 0.999881 -0.00933988 -4.02385 -0.106892 0.0105998 0.994214 273.618 
0.994393 -0.0110871 0.105162 -1.21036 0.0121279 0.999884 -0.00926292 -4.06114 -0.105047 0.0104864 0.994412 274.474 
0.994668 -0.0101753 0.102621 -1.13125 0.0112505 0.999888 -0.00990429 -4.08143 -0.102509 0.0110061 0.994671 275.33 
0.99486 -0.00902979 0.100855 -1.06611 0.0101417 0.999893 -0.0105167 -4.10608 -0.100749 0.0114855 0.994846 276.179 
0.994974 -0.0092044 0.0997096 -1.01554 0.0101502 0.999908 -0.00898219 -4.13559 -0.0996179 0.00994916 0.994976 276.98 
0.995248 -0.00883577 0.0969681 -0.96135 0.00972435 0.999915 -0.00869448 -4.14551 -0.0968831 0.00959616 0.99525 277.844 
0.995526 -0.0110687 0.0938415 -0.919333 0.0116603 0.999915 -0.00575852 -4.17003 -0.0937699 0.00682702 0.995571 278.679 
0.995921 -0.0109106 0.0895692 -0.862523 0.0113428 0.999926 -0.00431707 -4.18386 -0.0895156 0.00531546 0.995971 279.507 
0.996222 -0.0121715 0.0859818 -0.818995 0.0124472 0.999919 -0.00267006 -4.19838 -0.0859423 0.00373025 0.996293 280.338 
0.996554 -0.011683 0.0821188 -0.785321 0.0119041 0.999927 -0.00220354 -4.2208 -0.0820871 0.00317353 0.99662 281.164 
0.996912 -0.00967151 0.0779268 -0.751755 0.00988149 0.999949 -0.0023089 -4.2318 -0.0779005 0.00307184 0.996956 281.985 
0.997222 -0.00920596 0.0739199 -0.728259 0.00937609 0.999954 -0.00195423 -4.24196 -0.0738985 0.00264192 0.997262 282.816 
0.997487 -0.00951151 0.0702056 -0.694835 0.00968577 0.999951 -0.0021415 -4.26623 -0.0701819 0.00281616 0.99753 283.608 
0.997749 -0.00833771 0.0665443 -0.666369 0.00851708 0.999961 -0.00241165 -4.29427 -0.0665216 0.00297302 0.997781 284.365 
0.998007 -0.00821247 0.062572 -0.639198 0.008396 0.999961 -0.00267006 -4.30225 -0.0625477 0.00319013 0.998037 285.157 
0.997994 -0.0111121 0.0623318 -0.695403 0.0110912 0.999938 0.000681689 -4.38514 -0.0623356 1.10534e-05 0.998055 285.715 
0.998286 -0.0112882 0.0574255 -0.673802 0.0112979 0.999936 0.000157084 -4.39485 -0.0574237 0.000492013 0.99835 286.407 
0.998548 -0.0107105 0.052803 -0.65403 0.0108077 0.99994 -0.00155534 -4.40848 -0.0527832 0.00212381 0.998604 287.108 
0.998861 -0.00896412 0.0468639 -0.654081 0.00917314 0.999949 -0.004246 -4.41185 -0.0468234 0.0046711 0.998892 287.788 
0.999206 -0.00834952 0.0389494 -0.651209 0.00857672 0.999947 -0.00566875 -4.42786 -0.0389 0.00599835 0.999225 288.41 
0.999538 -0.00758165 0.0294346 -0.671151 0.00779343 0.999945 -0.0070856 -4.43713 -0.0293793 0.00731176 0.999542 289.089 
0.999835 -0.00738495 0.0165779 -0.70007 0.007508 0.999945 -0.00736956 -4.4565 -0.0165226 0.00749285 0.999835 289.693 
0.99998 -0.00631504 0.000918919 -0.767083 0.00632163 0.999953 -0.00730958 -4.46372 -0.000872758 0.00731529 0.999973 290.314 
0.99981 -0.00441532 -0.0189866 -0.802367 0.00428904 0.999968 -0.00668886 -4.48863 0.0190155 0.0066062 0.999797 290.93 
0.999144 -0.00337715 -0.0412233 -0.86435 0.00308458 0.99997 -0.00715959 -4.49738 0.0412462 0.00702635 0.999124 291.577 
0.997759 -0.00152483 -0.0668908 -0.929331 0.00105787 0.999975 -0.00701637 -4.53088 0.0668998 0.00692993 0.997736 292.155 
0.995546 0.000190271 -0.094274 -1.01709 -0.000846512 0.999976 -0.00692149 -4.54419 0.0942703 0.00697051 0.995522 292.734 
0.992075 0.000376245 -0.125644 -1.12732 -0.00116927 0.99998 -0.00623827 -4.54551 0.125639 0.00633579 0.992056 293.33 
0.987058 -0.000201822 -0.160364 -1.23611 -0.00056173 0.999989 -0.00471625 -4.56625 0.160363 0.00474534 0.987047 293.888 
0.980495 5.01471e-05 -0.196543 -1.37 -0.00068715 0.999995 -0.00317304 -4.57661 0.196542 0.00324625 0.98049 294.43 
0.971963 0.000913267 -0.235132 -1.52372 -0.00120596 0.999999 -0.00110116 -4.57647 0.235131 0.0013539 0.971963 294.956 
0.962102 0.00177495 -0.272683 -1.73994 -0.00157467 0.999998 0.000953207 -4.58942 0.272684 -0.000487652 0.962104 295.419 
0.949836 0.00223992 -0.312741 -1.95595 -0.00151261 0.999996 0.0025681 -4.60029 0.312745 -0.00196617 0.949835 295.896 
0.934873 0.00261785 -0.354972 -2.14609 -0.00130755 0.999991 0.00393101 -4.60326 0.354979 -0.00321081 0.934869 296.392 
0.917737 0.00193997 -0.397183 -2.41832 2.9918e-05 0.999988 0.00495331 -4.60889 0.397188 -0.00455767 0.917726 296.846 
0.897315 0.00156776 -0.441388 -2.66163 0.0010792 0.999983 0.00574572 -4.62454 0.441389 -0.00563202 0.897298 297.277 
0.875305 0.000529128 -0.483571 -3.00116 0.00325061 0.99997 0.006978 -4.63681 0.48356 -0.00767973 0.875278 297.649 
0.848737 0.000401048 -0.528815 -3.29486 0.00458694 0.999957 0.00812024 -4.63658 0.528795 -0.00931754 0.848698 298.071 
0.819558 0.00109143 -0.572995 -3.62635 0.00449899 0.999955 0.00833958 -4.63662 0.572978 -0.00941262 0.819517 298.431 
0.788034 -0.000249969 -0.615632 -4.01134 0.00642246 0.999949 0.00781495 -4.62319 0.615599 -0.0101123 0.787995 298.771 
0.750975 -0.00282792 -0.660325 -4.36433 0.0115498 0.999894 0.00885314 -4.61046 0.66023 -0.014275 0.750928 299.12 
0.712303 -0.00343742 -0.701863 -4.76212 0.0160666 0.999806 0.0114089 -4.6048 0.701688 -0.0194031 0.71222 299.36 
0.667223 -0.00268123 -0.744854 -5.1568 0.0199545 0.999699 0.0142762 -4.62729 0.744591 -0.0243886 0.667075 299.634 
0.61947 0.000913975 -0.78502 -5.55417 0.0189864 0.999689 0.0161463 -4.63131 0.78479 -0.0249068 0.619261 299.845 
0.571011 0.00733009 -0.82091 -5.99658 0.012748 0.99976 0.0177944 -4.62053 0.820843 -0.0206257 0.570781 299.997 
0.51713 0.013736 -0.855797 -6.392 0.00796617 0.999751 0.0208602 -4.6666 0.85587 -0.0176048 0.516892 300.189 
0.459427 0.0167043 -0.888058 -6.73218 0.00703056 0.999723 0.0224419 -4.67357 0.888188 -0.0165539 0.459183 300.393 
0.400451 0.0196342 -0.916108 -7.08615 0.00802546 0.999657 0.0249329 -4.69462 0.916283 -0.0173366 0.400156 300.565 
0.341442 0.0221005 -0.939643 -7.4779 0.0103466 0.999575 0.0272698 -4.68658 0.939846 -0.0190331 0.341068 300.692 
0.28136 0.0258089 -0.959255 -7.89624 0.0122296 0.999461 0.0304777 -4.6757 0.959524 -0.0203065 0.280893 300.793 
0.218135 0.0283777 -0.975506 -8.31154 0.0144666 0.999373 0.0323069 -4.66107 0.975812 -0.0211595 0.217587 300.865 
0.154506 0.0325473 -0.987456 -8.76167 0.0146109 0.999273 0.0352229 -4.6537 0.987884 -0.0198697 0.153918 300.873 
0.0876574 0.0386517 -0.995401 -9.21824 0.0164444 0.999055 0.0402417 -4.64402 0.996015 -0.0198962 0.0869389 300.894 
0.0205751 0.0457624 -0.99874 -9.6897 0.0182697 0.998768 0.0461401 -4.63957 0.999621 -0.0191959 0.0197137 300.855 
-0.0483634 0.0521473 -0.997468 -10.1614 0.020464 0.998478 0.0512079 -4.61159 0.99862 -0.0179356 -0.0493569 300.802 
-0.116944 0.058769 -0.991398 -10.656 0.022784 0.998144 0.0564813 -4.60009 0.992877 -0.0159828 -0.118066 300.708 
-0.184573 0.0643055 -0.980713 -11.1366 0.0260589 0.997827 0.0605233 -4.57246 0.982473 -0.0143853 -0.185848 300.584 
-0.250846 0.0691118 -0.965557 -11.6291 0.0300619 0.997523 0.0635899 -4.55857 0.96756 -0.0130751 -0.252302 300.425 
-0.312854 0.0709866 -0.947145 -12.1068 0.0338538 0.997403 0.063571 -4.52533 0.949198 -0.012176 -0.314444 300.204 
-0.373645 0.0731638 -0.924682 -12.5866 0.038504 0.997249 0.0633468 -4.51428 0.926772 -0.0119347 -0.375434 299.975 
-0.431033 0.0718912 -0.899468 -13.0664 0.0398607 0.997365 0.0606142 -4.46347 0.901455 -0.00972664 -0.432763 299.697 
-0.483935 0.0740934 -0.871962 -13.5391 0.0435967 0.997213 0.0605405 -4.45068 0.874017 -0.00871699 -0.485817 299.387 
-0.531528 0.073755 -0.843823 -14.0132 0.0448266 0.997255 0.0589293 -4.41277 0.845854 -0.0065031 -0.533375 299.033 
-0.573044 0.0747555 -0.816108 -14.4962 0.0465384 0.997192 0.0586652 -4.37713 0.818202 -0.00436259 -0.574914 298.641 
-0.611211 0.0786682 -0.787549 -14.9574 0.051174 0.996894 0.059864 -4.34942 0.789812 -0.00371246 -0.613338 298.224 
-0.648835 0.0853355 -0.756129 -15.4137 0.0587347 0.996344 0.0620455 -4.31832 0.758659 -0.00415375 -0.651474 297.781 
-0.684566 0.0913655 -0.723203 -15.8393 0.0649758 0.995813 0.0643011 -4.29665 0.72605 -0.00297236 -0.687636 297.301 
-0.719498 0.0931662 -0.688217 -16.3032 0.0683241 0.99565 0.0633547 -4.25775 0.691126 -0.00143827 -0.722733 296.772 
-0.751566 0.0907897 -0.65338 -16.7711 0.0685691 0.99587 0.0595067 -4.24 0.656084 -7.84169e-05 -0.754688 296.205 
-0.781012 0.0881472 -0.618264 -17.2093 0.0702404 0.996106 0.0532869 -4.19979 0.620553 -0.0018093 -0.784162 295.617 
-0.806686 0.0834113 -0.585064 -17.5959 0.0688353 0.996513 0.0471605 -4.17218 0.586958 -0.00222936 -0.809614 294.96 
-0.831898 0.0794892 -0.549206 -18.0563 0.0681315 0.99683 0.0410753 -4.11839 0.550731 -0.00324774 -0.834677 294.262 
-0.854002 0.078798 -0.514268 -18.449 0.0681182 0.99689 0.039629 -4.09589 0.515791 -0.00118774 -0.856714 293.547 
-0.875189 0.0742693 -0.478047 -18.82 0.0639318 0.997235 0.0378865 -4.07715 0.479539 0.0025955 -0.877517 292.801 
-0.894774 0.0765591 -0.439907 -19.2114 0.0669146 0.997057 0.0374177 -4.08576 0.441477 0.00404424 -0.897264 291.995 
-0.912996 0.0780841 -0.400426 -19.5531 0.0695925 0.996935 0.0357297 -4.04766 0.401989 0.00475438 -0.915632 291.157 
-0.929686 0.0803491 -0.359483 -19.972 0.0727542 0.996749 0.0346311 -4.01657 0.361097 0.00604211 -0.932509 290.231 
-0.942808 0.0807249 -0.323413 -20.2275 0.072995 0.996683 0.0359815 -3.99339 0.325245 0.0103161 -0.945573 289.31 
-0.954365 0.0851897 -0.286233 -20.4887 0.0777629 0.996276 0.0372361 -3.98518 0.28834 0.0132785 -0.957436 288.378 
-0.964054 0.0848983 -0.251779 -20.7067 0.0783741 0.996279 0.0358475 -3.96345 0.253885 0.014826 -0.967121 287.382 
-0.972454 0.0831548 -0.21776 -20.9002 0.078016 0.996435 0.0321062 -3.95135 0.219653 0.0142331 -0.975474 286.404 
-0.979419 0.0815499 -0.184631 -21.0618 0.0777957 0.99659 0.0274995 -3.92803 0.186244 0.01257 -0.982423 285.395 
-0.984982 0.0801698 -0.152913 -21.212 0.0770923 0.996686 0.0259591 -3.8972 0.154488 0.0137808 -0.987899 284.342 
-0.989119 0.0782415 -0.124588 -21.2706 0.0756057 0.996805 0.0257528 -3.89245 0.126205 0.016053 -0.991874 283.294 
-0.9922 0.0793173 -0.0961632 -21.3434 0.0772224 0.996692 0.0253198 -3.9068 0.0978534 0.0176963 -0.995044 282.297 
-0.994503 0.0785043 -0.0692842 -21.4059 0.0771184 0.996769 0.0224607 -3.86215 0.0708236 0.0169941 -0.997344 281.158 
