1 2.12261e-08 -2.11895e-08 0 2.12261e-08 1 2.10703e-08 0 -2.11895e-08 2.10703e-08 1 0 
0.999981 -1.9394e-05 -0.00622601 -0.012035 2.05969e-05 1 0.000186339 0.000611847 0.00622596 -0.000186422 0.999981 0.0931043 
0.999907 0.00128351 -0.0135644 -0.0224154 -0.00127951 0.999999 0.00030068 -0.00435371 0.0135647 -0.000283254 0.999908 0.198102 
0.999777 0.00159556 -0.0210633 -0.0377883 -0.00161083 0.999998 -0.000710242 -0.00277745 0.0210621 0.000744055 0.999778 0.300043 
0.999527 0.00205717 -0.0306977 -0.0487747 -0.0021019 0.999997 -0.00142638 -0.0114986 0.0306947 0.00149027 0.999528 0.400184 
0.999121 0.00223299 -0.0418652 -0.0688586 -0.00232838 0.999995 -0.00223076 -0.0188623 0.0418599 0.00232632 0.999121 0.515573 
0.998439 0.00215125 -0.0558148 -0.0862033 -0.00231667 0.999993 -0.00289996 -0.0251406 0.0558081 0.00302478 0.998437 0.643492 
0.997384 0.00187588 -0.0722583 -0.11512 -0.00213488 0.999992 -0.00350787 -0.0175545 0.0722511 0.003653 0.99738 0.788403 
0.995781 0.00107106 -0.0917562 -0.138614 -0.00141748 0.999992 -0.00371073 -0.0145526 0.0917515 0.00382518 0.995775 0.936316 
0.993705 -8.68619e-06 -0.112027 -0.167432 -0.000375184 0.999994 -0.00340585 -0.019703 0.112027 0.00342649 0.993699 1.11416 
0.990954 -6.16895e-05 -0.134205 -0.224826 -0.000377467 0.999995 -0.00324712 -0.0249592 0.134205 0.00326845 0.990948 1.27966 
0.987422 0.00279344 -0.158085 -0.290174 -0.00375905 0.999976 -0.00580981 -0.019484 0.158064 0.00633103 0.987409 1.46589 
0.982826 0.00728538 -0.184393 -0.348924 -0.00867736 0.99994 -0.00674338 -0.0320482 0.184333 0.00822765 0.98283 1.64243 
0.977178 0.0106051 -0.212155 -0.413956 -0.0125201 0.999892 -0.00768548 -0.0373433 0.212051 0.0101663 0.977206 1.82905 
0.970401 0.0119323 -0.241205 -0.496597 -0.0141535 0.999872 -0.00747856 -0.0461468 0.241085 0.0106712 0.970445 2.02955 
0.962046 0.0145699 -0.272497 -0.580079 -0.0170775 0.999831 -0.00683297 -0.0491008 0.272351 0.0112272 0.962133 2.22552 
0.952585 0.0161039 -0.303846 -0.692987 -0.0185193 0.999816 -0.00506949 -0.055483 0.303709 0.0104562 0.952708 2.42923 
0.941033 0.0182694 -0.33782 -0.799703 -0.0208523 0.999775 -0.00401842 -0.0533406 0.337671 0.0108259 0.941202 2.62152 
0.92807 0.0204311 -0.371844 -0.905693 -0.0236117 0.999713 -0.00400196 -0.0570018 0.371656 0.012494 0.928286 2.83025 
0.91349 0.0236216 -0.406176 -1.02911 -0.0270679 0.99963 -0.00274145 -0.0610171 0.405961 0.0134987 0.913791 3.02881 
0.896718 0.0228798 -0.442011 -1.15643 -0.0268475 0.999636 -0.00272201 -0.0526588 0.441788 0.0143078 0.897006 3.24636 
0.877825 0.0198143 -0.478572 -1.29776 -0.0237758 0.999715 -0.00221985 -0.0608639 0.478391 0.0133271 0.878046 3.44404 
0.855715 0.0148167 -0.517236 -1.43847 -0.0186356 0.999824 -0.00218976 -0.0655027 0.517112 0.0115128 0.85584 3.64478 
0.8296 0.0156505 -0.558139 -1.60237 -0.0187318 0.999825 0.000193216 -0.0575658 0.558044 0.0102947 0.829748 3.84803 
0.800076 0.021276 -0.599521 -1.79505 -0.0239233 0.999708 0.00355155 -0.0618562 0.599422 0.0115011 0.800351 4.0255 
0.766628 0.0240835 -0.641639 -2.00667 -0.0264301 0.999633 0.00594204 -0.0709466 0.641547 0.0124033 0.766984 4.20004 
0.729361 0.0231522 -0.683737 -2.22477 -0.0258284 0.999647 0.00629753 -0.0658221 0.683642 0.0130667 0.729701 4.38396 
0.688469 0.0184116 -0.725032 -2.44918 -0.0182172 0.999801 0.00809062 -0.0723619 0.725037 0.00763796 0.688667 4.55741 
0.6453 0.015388 -0.763774 -2.69684 -0.0124572 0.999876 0.00961981 -0.0768405 0.763827 0.0033069 0.645412 4.70525 
0.599512 0.0149861 -0.800225 -2.97156 -0.00931463 0.999888 0.0117469 -0.074028 0.800311 0.000411422 0.599585 4.86175 
0.551095 0.0156886 -0.834295 -3.26225 -0.0077583 0.999876 0.0136776 -0.0660406 0.834406 -0.00106488 0.551149 4.99657 
0.49991 0.0160332 -0.865929 -3.56157 -0.00725223 0.999871 0.0143264 -0.0520434 0.866047 -0.000881976 0.499962 5.10916 
0.447041 0.0171055 -0.89435 -3.8839 -0.0040353 0.999846 0.0171061 -0.0520788 0.894505 -0.00403811 0.447041 5.21087 
0.392555 0.0196768 -0.919518 -4.22466 -0.00439307 0.9998 0.0195193 -0.0442011 0.919718 -0.00362285 0.392563 5.2933 
0.337037 0.021416 -0.941248 -4.56285 -0.00199266 0.999755 0.0220336 -0.0472366 0.941489 -0.00555051 0.336997 5.36906 
0.281753 0.0244796 -0.959175 -4.95534 -0.00102849 0.999682 0.0252112 -0.0424427 0.959487 -0.00611678 0.281688 5.43612 
0.226949 0.0277337 -0.973512 -5.33649 0.00320154 0.999568 0.0292224 -0.0545542 0.973902 -0.00974867 0.226762 5.49146 
0.176977 0.027158 -0.98384 -5.76786 0.0048788 0.999583 0.0284702 -0.0367025 0.984203 -0.00983849 0.176771 5.5097 
0.130288 0.0283609 -0.991071 -6.19131 0.00310089 0.999574 0.0290119 -0.0334564 0.991471 -0.00685306 0.130144 5.50063 
0.0872508 0.0283636 -0.995783 -6.61565 0.0010412 0.999591 0.0285633 -0.02418 0.996186 -0.00352893 0.0871856 5.50341 
0.0492029 0.0269401 -0.998425 -7.08055 -0.000539903 0.999637 0.0269462 -0.0123276 0.998789 -0.000786737 0.0491996 5.48424 
0.0143316 0.0229051 -0.999635 -7.55431 0.000351073 0.999737 0.0229125 0.0121805 0.999897 -0.000679275 0.0143198 5.46013 
-0.0167157 0.0205269 -0.99965 -8.04267 -0.000272381 0.999789 0.0205343 0.0143129 0.99986 0.000615571 -0.0167065 5.41639 
-0.0441432 0.0188011 -0.998848 -8.57253 -0.00109355 0.999821 0.0188678 0.0223907 0.999025 0.00192521 -0.0441148 5.37565 
-0.0654012 0.0163243 -0.997726 -9.10063 -0.00177808 0.999863 0.0164759 0.0365975 0.997858 0.00285161 -0.0653632 5.32877 
-0.081874 0.0148038 -0.996533 -9.61471 -0.00136956 0.999887 0.0149661 0.0552251 0.996642 0.00259019 -0.0818445 5.26335 
-0.0950304 0.0155938 -0.995352 -10.1775 -0.00107889 0.999875 0.0157677 0.0567965 0.995474 0.00257232 -0.0950017 5.19129 
-0.105113 0.0159544 -0.994332 -10.7194 -0.0025254 0.999864 0.0163101 0.0783644 0.994457 0.00422553 -0.105058 5.11506 
-0.111691 0.0168417 -0.9936 -11.2845 -0.00655813 0.999822 0.0176844 0.0788559 0.993721 0.00849139 -0.111561 5.02925 
-0.116493 0.0190525 -0.993009 -11.846 -0.00490278 0.999793 0.0197578 0.0645715 0.993179 0.0071702 -0.116376 4.97008 
-0.118226 0.0191929 -0.992801 -12.4565 -0.00450975 0.999793 0.0198651 0.0872203 0.992976 0.0068259 -0.118115 4.89469 
-0.118043 0.021769 -0.99277 -13.065 -0.00168005 0.999754 0.0221219 0.0861209 0.993007 0.00427927 -0.117977 4.82041 
-0.117335 0.0247746 -0.992783 -13.7246 -0.00213949 0.99968 0.0251996 0.0876867 0.99309 0.00508089 -0.117245 4.7454 
-0.116384 0.0245764 -0.9929 -14.3625 -0.00433194 0.999672 0.0252517 0.0959636 0.993195 0.00724011 -0.116239 4.67859 
-0.114847 0.0223633 -0.993131 -15.0182 -0.00648667 0.999708 0.0232615 0.096583 0.993362 0.00911367 -0.114669 4.58858 
-0.113703 0.0220684 -0.99327 -15.6988 -0.00548794 0.999724 0.02284 0.11985 0.9935 0.00804802 -0.11355 4.50251 
-0.111865 0.0249345 -0.993411 -16.3992 -0.00581303 0.999652 0.0257457 0.133879 0.993706 0.00865481 -0.111681 4.41271 
-0.110068 0.027244 -0.993551 -17.1205 -0.00538762 0.999593 0.0280065 0.164104 0.99391 0.00843552 -0.109876 4.31359 
-0.108291 0.0302368 -0.993659 -17.8516 -0.00642056 0.999495 0.0311141 0.156291 0.994099 0.00974927 -0.108042 4.2293 
-0.105667 0.0289153 -0.993981 -18.6308 -0.00863521 0.999513 0.0299942 0.179113 0.994364 0.0117527 -0.105366 4.10075 
-0.10342 0.0255227 -0.99431 -19.3905 -0.0113557 0.999575 0.0268389 0.21146 0.994573 0.0140668 -0.103086 4.01007 
-0.103051 0.0243966 -0.994377 -20.2272 -0.0125957 0.999587 0.0258298 0.238634 0.994596 0.0151867 -0.102701 3.96569 
-0.10214 0.0268322 -0.994408 -20.9993 -0.00978612 0.999561 0.0279764 0.251263 0.994722 0.0125889 -0.101832 3.88537 
-0.0998631 0.0294995 -0.994564 -21.7922 -0.00779845 0.999507 0.0304291 0.244894 0.994971 0.0107948 -0.0995838 3.77768 
-0.0987762 0.03162 -0.994607 -22.5919 -0.00901 0.999426 0.032668 0.256365 0.995069 0.0121883 -0.0984346 3.6874 
-0.098015 0.0267844 -0.994824 -23.3972 -0.00696065 0.999595 0.0275987 0.274235 0.995161 0.00962975 -0.0977889 3.59189 
-0.0983263 0.0206053 -0.994941 -24.1904 -0.00570582 0.999758 0.0212689 0.264785 0.995138 0.00776829 -0.0981849 3.51668 
-0.0981625 0.0165857 -0.995032 -24.9994 -0.00372665 0.999848 0.0170336 0.264181 0.995163 0.00538024 -0.0980858 3.41568 
-0.099589 0.0175376 -0.994874 -25.8164 -0.00207524 0.999839 0.0178329 0.271039 0.995027 0.00384061 -0.0995366 3.33683 
-0.100095 0.0244098 -0.994678 -26.6595 -0.00309689 0.999687 0.0248444 0.282239 0.994973 0.00556725 -0.0999884 3.23742 
-0.100279 0.0318342 -0.99445 -27.5007 -0.00453025 0.999463 0.0324515 0.288714 0.994949 0.00775937 -0.100081 3.13392 
-0.101342 0.0369642 -0.994165 -28.3442 -0.00646199 0.999264 0.0378125 0.308916 0.994831 0.0102563 -0.101029 3.0398 
-0.101685 0.0369614 -0.99413 -29.1768 -0.00771703 0.99925 0.0379411 0.318022 0.994787 0.0115298 -0.101324 2.92856 
-0.101724 0.0342437 -0.994223 -30.0108 -0.00768439 0.999351 0.0352066 0.319129 0.994783 0.0112214 -0.101395 2.82142 
-0.103063 0.0314154 -0.994179 -30.8398 -0.00761803 0.999447 0.0323716 0.336477 0.994646 0.01091 -0.102767 2.73783 
-0.102847 0.0316478 -0.994194 -31.6902 -0.00813568 0.999434 0.0326562 0.366268 0.994664 0.0114471 -0.102531 2.62892 
-0.10191 0.0340433 -0.994211 -32.5526 -0.00784598 0.999356 0.0350237 0.383377 0.994763 0.0113699 -0.101577 2.50017 
-0.10241 0.0326589 -0.994206 -33.3751 -0.00889826 0.999391 0.0337458 0.387584 0.994703 0.0123026 -0.102057 2.41389 
-0.102237 0.0275002 -0.99438 -34.1993 -0.0114387 0.999519 0.0288184 0.393493 0.994694 0.0143208 -0.101873 2.31152 
-0.102207 0.0241799 -0.994469 -35.0266 -0.0128073 0.99959 0.0256207 0.390149 0.994681 0.0153551 -0.101855 2.21489 
-0.102378 0.0242643 -0.99445 -35.8376 -0.0135963 0.999575 0.0257891 0.403438 0.994653 0.0161611 -0.102004 2.13091 
-0.103245 0.0273021 -0.994281 -36.6591 -0.0117026 0.999521 0.0286611 0.40601 0.994587 0.0145948 -0.102876 2.05689 
-0.103685 0.0313635 -0.994116 -37.4864 -0.0105424 0.999412 0.0326302 0.427134 0.994554 0.0138636 -0.103293 1.97634 
-0.103569 0.0368987 -0.993938 -38.3208 -0.00958332 0.999228 0.0380937 0.44241 0.994576 0.0134706 -0.103135 1.88812 
-0.103798 0.0395037 -0.993814 -39.1486 -0.00938049 0.999128 0.0406946 0.477612 0.994554 0.0135465 -0.103337 1.7897 
-0.104082 0.0398618 -0.99377 -39.9747 -0.00879542 0.999121 0.0409976 0.484288 0.99453 0.0130078 -0.10364 1.70134 
-0.103066 0.0352524 -0.99405 -40.7951 -0.00886351 0.9993 0.0363576 0.503846 0.994635 0.012558 -0.102681 1.59272 
-0.103238 0.0320229 -0.994141 -41.6211 -0.0111083 0.999382 0.0333452 0.49764 0.994595 0.0144857 -0.102818 1.49959 
-0.103373 0.0291724 -0.994215 -42.4499 -0.0142619 0.999424 0.0308082 0.513487 0.99454 0.0173642 -0.102898 1.39602 
-0.104215 0.0274751 -0.994175 -43.2839 -0.0163069 0.999437 0.0293299 0.524085 0.994421 0.0192686 -0.103708 1.28919 
-0.104567 0.0252184 -0.994198 -44.0994 -0.0158537 0.999509 0.0270206 0.530341 0.994392 0.0185872 -0.104116 1.19429 
-0.106111 0.0222271 -0.994106 -44.8965 -0.012315 0.999644 0.0236654 0.530234 0.994278 0.0147536 -0.105799 1.10756 
-0.106761 0.020484 -0.994074 -45.7029 -0.00731235 0.999745 0.0213862 0.542667 0.994258 0.00955226 -0.106584 1.01246 
-0.10899 0.0238508 -0.993757 -46.5327 -0.005931 0.999679 0.0246434 0.550842 0.994025 0.0085799 -0.108814 0.905485 
-0.111668 0.0296404 -0.993304 -47.3637 -0.00405932 0.999533 0.0302826 0.560349 0.993737 0.00741376 -0.111495 0.812549 
-0.112895 0.0331548 -0.993054 -48.1839 -0.00201636 0.999433 0.033597 0.570895 0.993605 0.00579533 -0.112764 0.700268 
-0.113557 0.0329573 -0.992985 -48.9871 -0.00187827 0.999441 0.0333863 0.570969 0.99353 0.0056564 -0.113432 0.585541 
-0.115156 0.0287898 -0.99293 -49.797 -0.00522718 0.999549 0.029588 0.580672 0.993334 0.0085975 -0.114954 0.47238 
-0.115655 0.0248977 -0.992977 -50.5821 -0.0116591 0.999583 0.0264213 0.58879 0.993221 0.014633 -0.115317 0.354381 
-0.117866 0.0236407 -0.992748 -51.3749 -0.0148913 0.999562 0.025571 0.594142 0.992918 0.0177973 -0.117463 0.24914 
-0.119063 0.0248786 -0.992575 -52.1712 -0.0165496 0.999497 0.0270373 0.599298 0.992749 0.0196459 -0.118592 0.134123 
-0.121085 0.0266144 -0.992285 -52.9687 -0.0159275 0.99946 0.0287504 0.602676 0.992514 0.019286 -0.120596 0.0304412 
-0.121447 0.025799 -0.992263 -53.759 -0.0169108 0.999463 0.028056 0.614895 0.992454 0.0201873 -0.120946 -0.0884979 
-0.122274 0.0258312 -0.99216 -54.5523 -0.0160505 0.999479 0.0279998 0.624235 0.992367 0.0193483 -0.121795 -0.214942 
-0.122969 0.0262941 -0.992062 -55.3083 -0.0148359 0.999489 0.0283299 0.65214 0.9923 0.0182019 -0.122516 -0.324912 
-0.122465 0.028925 -0.992051 -56.0923 -0.0171097 0.999365 0.0312504 0.678626 0.992325 0.0208008 -0.121893 -0.437519 
-0.123142 0.0331595 -0.991835 -56.8446 -0.0181498 0.999199 0.0356591 0.684349 0.992223 0.0223928 -0.122441 -0.530283 
-0.124139 0.0357498 -0.991621 -57.6152 -0.0190726 0.99908 0.0384064 0.687293 0.992082 0.0236806 -0.123343 -0.635137 
-0.126213 0.0358965 -0.991353 -58.3779 -0.0194467 0.999064 0.0386516 0.694467 0.991813 0.024157 -0.125397 -0.707428 
-0.127884 0.0330713 -0.991238 -59.1125 -0.0171103 0.999222 0.0355451 0.723331 0.991642 0.021506 -0.127218 -0.798058 
-0.128035 0.029844 -0.991321 -59.8472 -0.0170107 0.999334 0.0322823 0.731262 0.991624 0.0209964 -0.127442 -0.907893 
-0.129131 0.0263225 -0.991278 -60.5298 -0.0168055 0.999446 0.0287286 0.76018 0.991485 0.0203687 -0.128617 -0.996763 
-0.129815 0.024066 -0.991246 -61.229 -0.0165489 0.999514 0.026434 0.767941 0.9914 0.0198356 -0.129353 -1.06324 
-0.12761 0.0230113 -0.991557 -61.924 -0.0191309 0.999488 0.0256574 0.769095 0.99164 0.0222435 -0.127104 -1.16247 
-0.124294 0.0240569 -0.991954 -62.5909 -0.0185485 0.999475 0.0265635 0.770886 0.992072 0.021701 -0.123782 -1.24765 
-0.119348 0.0253125 -0.99253 -63.2609 -0.0176071 0.999464 0.0276065 0.781721 0.992696 0.0207704 -0.118838 -1.33486 
-0.113198 0.026973 -0.993206 -63.8938 -0.0166805 0.999439 0.0290433 0.781307 0.993433 0.0198548 -0.112684 -1.40169 
-0.104869 0.0283052 -0.994083 -64.5222 -0.0170121 0.999398 0.0302512 0.786673 0.994341 0.0200839 -0.104324 -1.47465 
-0.0933524 0.0291749 -0.995206 -65.1375 -0.0198447 0.999318 0.031157 0.796619 0.995435 0.0226582 -0.0927097 -1.54157 
-0.0791331 0.0304367 -0.996399 -65.728 -0.0229192 0.999214 0.0323429 0.808124 0.996601 0.0253961 -0.0783733 -1.59325 
-0.0616821 0.0321256 -0.997579 -66.2882 -0.0234508 0.999159 0.0336265 0.795953 0.99782 0.0254682 -0.0608768 -1.61744 
-0.0380155 0.0316806 -0.998775 -66.8703 -0.0234502 0.999194 0.0325864 0.818977 0.999002 0.0246603 -0.0372419 -1.66547 
-0.0119554 0.032791 -0.999391 -67.4167 -0.0230892 0.999187 0.0330606 0.814022 0.999662 0.0234704 -0.0111885 -1.6773 
0.0169313 0.0333155 -0.999302 -67.9181 -0.0218691 0.999218 0.0329422 0.809195 0.999618 0.0212961 0.0176466 -1.6439 
0.0510887 0.0336555 -0.998127 -68.3964 -0.0203727 0.999259 0.0326509 0.807751 0.998486 0.0186665 0.0517366 -1.60444 
0.0885525 0.0335778 -0.995505 -68.8779 -0.0199717 0.999291 0.031929 0.822866 0.995871 0.0170546 0.0891602 -1.53577 
0.130752 0.0331261 -0.990862 -69.3157 -0.0192432 0.999338 0.0308702 0.832188 0.991228 0.0150311 0.131303 -1.47906 
0.175782 0.0344908 -0.983825 -69.7559 -0.0181369 0.99933 0.0317938 0.830863 0.984262 0.0122548 0.176289 -1.37017 
0.225226 0.0331277 -0.973743 -70.1591 -0.0150975 0.999421 0.0305092 0.835341 0.97419 0.00782968 0.225596 -1.26465 
0.276243 0.0294409 -0.960637 -70.5397 -0.00666768 0.999565 0.0287165 0.820252 0.961065 -0.00152746 0.276319 -1.13122 
0.328406 0.0237359 -0.944238 -70.9308 -0.00186343 0.999699 0.0244819 0.835617 0.944535 -0.00628045 0.328351 -0.96368 
0.382002 0.0188453 -0.923969 -71.3193 0.00359546 0.999754 0.0218774 0.843067 0.924155 -0.0116793 0.38184 -0.774107 
0.434081 0.0193251 -0.900666 -71.6868 0.00275238 0.999737 0.0227773 0.839388 0.900869 -0.0123661 0.433914 -0.570807 
0.484319 0.0180865 -0.874704 -72.0458 0.00407103 0.999729 0.0229258 0.849834 0.874882 -0.0146643 0.484114 -0.351768 
0.528973 0.013718 -0.848528 -72.3719 0.0121247 0.999645 0.0237197 0.848732 0.848552 -0.0228352 0.528619 -0.0834172 
0.574671 0.00838609 -0.818342 -72.7219 0.0219499 0.99943 0.0256559 0.850148 0.81809 -0.0327062 0.574159 0.19349 
0.618492 0.00256688 -0.785787 -73.0302 0.0242445 0.999456 0.0223477 0.854887 0.785417 -0.0328728 0.618093 0.48423 
0.661319 -0.00316313 -0.750098 -73.3374 0.0222093 0.999635 0.0153653 0.858375 0.749776 -0.0268205 0.661148 0.769817 
0.703122 -0.0100024 -0.710999 -73.6273 0.0183904 0.999822 0.00412104 0.860969 0.710832 -0.0159731 0.703181 1.08347 
0.744043 -0.0108053 -0.668044 -73.896 0.012123 0.999923 -0.00267112 0.84203 0.668022 -0.00611121 0.744117 1.41027 
0.782709 -0.0133653 -0.622245 -74.1378 0.0116022 0.999909 -0.00688307 0.855564 0.62228 -0.00183193 0.782793 1.76879 
0.818462 -0.0139177 -0.574392 -74.3905 0.0107727 0.999903 -0.00887775 0.856968 0.574459 0.00107842 0.818532 2.16312 
0.850915 -0.0123004 -0.52516 -74.6328 0.0076346 0.99991 -0.0110499 0.849431 0.525248 0.00539317 0.850932 2.58942 
0.878283 -0.0101337 -0.478035 -74.8488 0.00646248 0.999936 -0.00932399 0.842382 0.478098 0.00509985 0.878291 3.04468 
0.901092 -0.00300926 -0.433618 -75.0742 -0.000637489 0.999966 -0.00826448 0.827107 0.433628 0.00772354 0.901059 3.52927 
0.919999 0.00101954 -0.39192 -75.277 -0.00526496 0.999939 -0.0097579 0.817924 0.391885 0.0110408 0.919948 3.9965 
0.934537 0.00632346 -0.35581 -75.4814 -0.00997213 0.999915 -0.00842143 0.811684 0.355727 0.0114184 0.93452 4.53461 
0.945125 0.0053817 -0.326665 -75.6442 -0.00792017 0.999948 -0.00644136 0.793809 0.326613 0.00867518 0.945118 5.09315 
0.953088 0.00467405 -0.302659 -75.8159 -0.00641009 0.999968 -0.00474299 0.770879 0.302627 0.0064606 0.953087 5.66525 
0.959361 0.00516748 -0.282135 -75.9745 -0.00618021 0.999977 -0.00269987 0.763919 0.282115 0.00433385 0.959371 6.24486 
0.964574 0.00803349 -0.263689 -76.1421 -0.00811775 0.999967 0.000769919 0.74031 0.263686 0.00139796 0.964607 6.84217 
0.968623 0.0126097 -0.248215 -76.3189 -0.0123753 0.99992 0.00250481 0.732818 0.248226 0.000645555 0.968702 7.46411 
0.971835 0.0163363 -0.235096 -76.482 -0.0158188 0.999867 0.00408666 0.719744 0.235131 -0.000252579 0.971964 8.12279 
0.974905 0.0159918 -0.222047 -76.6296 -0.015463 0.999872 0.0041195 0.708385 0.222084 -0.00058255 0.975027 8.76262 
0.977921 0.0157895 -0.208378 -76.7723 -0.0152453 0.999875 0.00421746 0.698643 0.208419 -0.00094751 0.978039 9.4323 
0.980898 0.0162943 -0.19384 -76.9131 -0.0157074 0.999866 0.00456452 0.69668 0.193888 -0.00143256 0.981023 10.1108 
0.983699 0.0171638 -0.179 -77.0634 -0.0165158 0.999851 0.00511001 0.686578 0.179061 -0.00207034 0.983836 10.8194 
0.985931 0.0168187 -0.166307 -77.1915 -0.0167305 0.999858 0.0019309 0.684523 0.166316 0.000878702 0.986072 11.4794 
0.987836 0.016016 -0.154675 -77.3255 -0.0167257 0.999855 -0.00328835 0.67112 0.1546 0.00583544 0.98796 12.1846 
0.989334 0.0142335 -0.144966 -77.4469 -0.0157616 0.999832 -0.0093983 0.659488 0.144807 0.011583 0.989392 12.9277 
0.990672 0.0134128 -0.135608 -77.5791 -0.0147448 0.999852 -0.00882322 0.6365 0.13547 0.0107405 0.990723 13.6746 
0.991555 0.0171927 -0.128545 -77.6972 -0.0176936 0.99984 -0.00275574 0.62607 0.128477 0.00500692 0.9917 14.3983 
0.992007 0.0199103 -0.124601 -77.796 -0.0193104 0.999795 0.00602064 0.598718 0.124696 -0.00356638 0.992189 15.1761 
0.9927 0.0183838 -0.119201 -77.918 -0.0174101 0.999806 0.00920419 0.59359 0.119347 -0.00706166 0.992828 15.9486 
0.993121 0.0182311 -0.115668 -78.0135 -0.0173708 0.999814 0.00844085 0.575376 0.1158 -0.00637349 0.993252 16.6952 
0.993457 0.0174971 -0.112859 -78.1073 -0.0167595 0.999832 0.0074802 0.571766 0.11297 -0.00553976 0.993583 17.4545 
0.993789 0.0166347 -0.11003 -78.1918 -0.0157058 0.999833 0.00930339 0.564913 0.110166 -0.00751746 0.993885 18.1944 
0.994055 0.0139571 -0.107983 -78.2805 -0.0127671 0.99985 0.0117027 0.560806 0.10813 -0.0102544 0.994084 18.9594 
0.994454 0.0122178 -0.104465 -78.3889 -0.01085 0.999848 0.0136519 0.551403 0.104616 -0.0124427 0.994435 19.7225 
0.994791 0.0121556 -0.101211 -78.4869 -0.0112393 0.999891 0.00961839 0.548768 0.101316 -0.0084307 0.994819 20.4702 
0.994984 0.01268 -0.0992262 -78.5827 -0.012489 0.999919 0.00254558 0.540315 0.0992504 -0.00129353 0.995062 21.225 
0.995022 0.0137421 -0.0987071 -78.6615 -0.0142666 0.999888 -0.00461013 0.518747 0.0986326 0.00599544 0.995106 21.9679 
0.995128 0.0154568 -0.0973745 -78.7495 -0.0163833 0.999828 -0.00872326 0.503114 0.0972229 0.0102761 0.99521 22.7122 
0.995396 0.0162801 -0.0944607 -78.848 -0.0170578 0.999827 -0.00743182 0.492219 0.0943233 0.00900894 0.995501 23.4578 
0.995417 0.01896 -0.0937291 -78.9008 -0.0194033 0.999804 -0.00382077 0.48523 0.0936383 0.00562196 0.99559 24.1613 
0.995507 0.0231839 -0.0918111 -78.9885 -0.023151 0.999731 0.00142307 0.466681 0.0918193 0.00070888 0.995775 24.9217 
0.995814 0.0215886 -0.0888183 -79.0941 -0.0214739 0.999767 0.00224682 0.467327 0.0888461 -0.000330095 0.996045 25.7067 
0.996004 0.018148 -0.087444 -79.1747 -0.0180664 0.999835 0.00172354 0.458788 0.0874608 -0.000136808 0.996168 26.4641 
0.996109 0.0155011 -0.0867617 -79.2456 -0.0154461 0.99988 0.00130485 0.446568 0.0867715 4.03997e-05 0.996228 27.2046 
0.996158 0.0135282 -0.0865213 -79.3139 -0.0136107 0.999907 -0.000363706 0.433868 0.0865084 0.00153997 0.99625 27.9416 
0.996253 0.0120709 -0.0856446 -79.3861 -0.0122202 0.999925 -0.00121955 0.414206 0.0856233 0.00226161 0.996325 28.6936 
0.99634 0.00824224 -0.0850772 -79.4696 -0.00837407 0.999964 -0.00119329 0.401408 0.0850643 0.00190141 0.996374 29.463 
0.996385 0.0107257 -0.0842766 -79.5611 -0.0107685 0.999942 -5.38603e-05 0.384264 0.0842711 0.000961245 0.996442 30.2371 
0.996332 0.00852828 -0.0851413 -79.6307 -0.00868761 0.999961 -0.00150147 0.366609 0.0851252 0.00223568 0.996368 30.9944 
0.996205 0.00612662 -0.0868188 -79.7144 -0.00626475 0.99998 -0.00131907 0.34073 0.0868089 0.001858 0.996223 31.7782 
0.996122 0.00565766 -0.0877972 -79.8156 -0.00570674 0.999984 -0.000308508 0.329027 0.0877939 0.000808391 0.996138 32.5519 
0.995779 0.00364204 -0.091712 -79.8939 -0.00365429 0.999993 3.3877e-05 0.294541 0.0917115 0.000301452 0.995786 33.3209 
0.995635 0.00909297 -0.0928858 -80.0093 -0.0091752 0.999958 -0.000458681 0.29159 0.0928777 0.00130897 0.995677 34.1047 
0.995297 0.00970681 -0.0963843 -80.097 -0.0102868 0.999932 -0.00552275 0.277232 0.0963241 0.00648831 0.995329 34.881 
0.995176 0.0100386 -0.0975901 -80.2139 -0.0109558 0.999901 -0.00886678 0.261897 0.0974913 0.00989323 0.995187 35.6511 
0.994851 0.00938303 -0.100911 -80.2923 -0.010591 0.999878 -0.0114424 0.255023 0.100792 0.0124522 0.99483 36.4689 
0.994626 0.00885397 -0.103151 -80.3892 -0.00984302 0.99991 -0.00908378 0.230222 0.103061 0.0100503 0.994624 37.2856 
0.994542 0.00747973 -0.104073 -80.5094 -0.00847114 0.999923 -0.00908779 0.214698 0.103997 0.00991985 0.994528 38.1032 
0.994211 0.00516906 -0.107322 -80.5948 -0.00595403 0.999958 -0.00699538 0.189232 0.107281 0.00759393 0.9942 38.9387 
0.994081 0.00506648 -0.108527 -80.6991 -0.00546628 0.999979 -0.00338706 0.177277 0.108508 0.00396029 0.994088 39.7691 
0.994024 0.00428662 -0.109081 -80.8256 -0.00414997 0.99999 0.00147937 0.154875 0.109086 -0.00101781 0.994032 40.5743 
0.993988 0.00540229 -0.109358 -80.9125 -0.0050213 0.99998 0.00375862 0.142289 0.109376 -0.00318686 0.993995 41.4486 
0.994181 0.00895262 -0.107353 -81.0216 -0.00856446 0.999955 0.00407591 0.124654 0.107385 -0.00313272 0.994213 42.296 
0.994468 0.00782256 -0.104751 -81.1337 -0.0075041 0.999966 0.00343359 0.102534 0.104774 -0.00262849 0.994493 43.1634 
0.994603 0.00403961 -0.103672 -81.2339 -0.00396753 0.999992 0.000901052 0.0914572 0.103675 -0.000484822 0.994611 43.993 
0.994854 0.00156515 -0.10131 -81.339 -0.00168034 0.999998 -0.00105214 0.0774191 0.101308 0.001217 0.994854 44.8691 
0.99497 0.00137539 -0.10016 -81.4314 -0.00159804 0.999996 -0.00214314 0.0782381 0.100157 0.00229246 0.994969 45.7605 
0.995076 -0.000845717 -0.0991165 -81.5331 0.000926478 0.999999 0.000768382 0.0554727 0.0991158 -0.000856383 0.995076 46.6386 
0.995164 -0.00439172 -0.0981316 -81.6269 0.00473011 0.999984 0.00321559 0.0374316 0.0981158 -0.00366417 0.995168 47.5078 
0.995322 -0.00434232 -0.096521 -81.7465 0.00473729 0.999981 0.00386289 0.0150909 0.0965024 -0.00430202 0.995323 48.3491 
0.995491 -0.00235108 -0.0948281 -81.8684 0.00245594 0.999997 0.000988729 -0.000670396 0.0948254 -0.00121712 0.995493 49.177 
0.99545 -0.00216446 -0.0952566 -81.9623 0.00181546 0.999991 -0.00375076 -0.0385664 0.0952638 0.0035608 0.995446 50.0389 
0.995608 0.000568675 -0.0936221 -82.0658 -0.0014542 0.999955 -0.00939097 -0.0511486 0.0936125 0.00948591 0.995564 50.874 
0.995688 0.00354332 -0.092696 -82.1683 -0.00498777 0.99987 -0.0153561 -0.0718043 0.0926294 0.0157523 0.995576 51.7209 
0.995739 0.00405886 -0.0921305 -82.2661 -0.00555227 0.999857 -0.0159597 -0.10335 0.0920525 0.0164032 0.995619 52.5663 
0.995767 0.00128551 -0.0919103 -82.3609 -0.00218049 0.999951 -0.00963823 -0.129366 0.0918934 0.00979788 0.995721 53.4198 
0.995671 0.00099502 -0.0929377 -82.4531 -0.001064 0.999999 -0.000693104 -0.154533 0.0929369 0.000789033 0.995672 54.2606 
0.995561 -0.000766 -0.0941138 -82.5532 0.00128839 0.999984 0.00548954 -0.152066 0.0941081 -0.00558638 0.995546 55.1165 
0.995346 -0.00263148 -0.0963258 -82.6526 0.00299656 0.999989 0.00364516 -0.167538 0.0963151 -0.0039168 0.995343 55.9619 
0.995184 -0.00758768 -0.0977261 -82.753 0.00762099 0.999971 -3.28338e-05 -0.180752 0.0977234 -0.00071205 0.995213 56.7932 
0.994978 -0.00798338 -0.0997731 -82.8677 0.00784796 0.999968 -0.00175006 -0.195074 0.0997838 0.000958297 0.995009 57.5916 
0.994603 -0.00776935 -0.103464 -82.9584 0.00744059 0.999966 -0.00356348 -0.223279 0.103488 0.00277445 0.994627 58.4095 
0.99435 -0.00573419 -0.105996 -83.0718 0.00497385 0.99996 -0.00743659 -0.237996 0.106034 0.00686741 0.994339 59.205 
0.993929 -0.0049139 -0.109914 -83.1839 0.00382376 0.999941 -0.010127 -0.268522 0.109957 0.00964531 0.99389 60.0153 
0.993541 -0.00255002 -0.113449 -83.2915 0.00101458 0.999907 -0.0135902 -0.290904 0.113473 0.0133874 0.993451 60.8158 
0.993133 -0.000328303 -0.116992 -83.4073 -0.00128773 0.999905 -0.0137377 -0.324769 0.116986 0.013794 0.993038 61.5985 
0.992716 0.00482262 -0.120384 -83.5299 -0.00630555 0.999909 -0.0119407 -0.344637 0.120316 0.0126129 0.992656 62.4029 
0.992265 0.00874731 -0.123827 -83.6552 -0.00953039 0.999938 -0.00573332 -0.370903 0.123769 0.00686913 0.992287 63.1943 
0.991764 0.00937934 -0.127739 -83.7822 -0.00957181 0.999954 -0.000893207 -0.386019 0.127724 0.00210858 0.991808 63.9864 
0.991097 0.00962697 -0.132794 -83.8996 -0.00936424 0.999953 0.00260258 -0.404239 0.132813 -0.00133584 0.99114 64.7731 
0.990243 0.0104972 -0.138954 -84.0315 -0.0101605 0.999944 0.00313213 -0.412519 0.138979 -0.00168968 0.990294 65.5537 
0.989505 0.00647998 -0.144355 -84.1789 -0.00551249 0.99996 0.00710085 -0.430163 0.144395 -0.00623052 0.989501 66.3143 
0.988593 0.00507369 -0.150526 -84.3221 -0.00423722 0.999974 0.00587698 -0.423433 0.150552 -0.00517208 0.988589 67.1096 
0.987647 0.00932209 -0.156418 -84.478 -0.00860988 0.999949 0.00522991 -0.428856 0.156459 -0.00381852 0.987677 67.879 
0.986556 0.00984439 -0.163129 -84.6177 -0.00972218 0.999952 0.00154721 -0.441399 0.163136 5.96076e-05 0.986604 68.6276 
0.985767 0.0115839 -0.167721 -84.7993 -0.01214 0.999924 -0.0022913 -0.441042 0.167681 0.00429486 0.985832 69.3864 
0.984811 0.0135019 -0.173105 -84.9482 -0.0143647 0.99989 -0.00373296 -0.45549 0.173036 0.00616292 0.984896 70.1505 
0.983848 0.014053 -0.178456 -85.0914 -0.0140849 0.9999 0.00108797 -0.46581 0.178454 0.00144318 0.983947 70.9 
0.982862 0.0145921 -0.183763 -85.2709 -0.0141613 0.999893 0.00365654 -0.463458 0.183797 -0.000991503 0.982964 71.6343 
0.981787 0.0158601 -0.189323 -85.4269 -0.0148982 0.999868 0.00650248 -0.499157 0.189401 -0.00356343 0.981893 72.3465 
0.9805 0.0123396 -0.19613 -85.5821 -0.0119097 0.999923 0.00337091 -0.522421 0.196157 -0.000969273 0.980572 73.0752 
0.978639 0.0109483 -0.205295 -85.7399 -0.0119388 0.999922 -0.00358697 -0.539081 0.20524 0.00596137 0.978694 73.8065 
0.976808 0.0107313 -0.21385 -85.907 -0.012146 0.999912 -0.00530235 -0.554019 0.213774 0.00777684 0.976852 74.4506 
0.974478 0.00977065 -0.22427 -86.0992 -0.0107442 0.999937 -0.00312131 -0.561865 0.224226 0.00545131 0.974522 75.1873 
0.971937 0.0110825 -0.234979 -86.3025 -0.0107717 0.999939 0.00260614 -0.569029 0.234994 -1.83739e-06 0.971997 75.9238 
0.968909 0.0133051 -0.24706 -86.5037 -0.0108875 0.999879 0.0111488 -0.590413 0.247178 -0.00811221 0.968936 76.6367 
0.965948 0.0149964 -0.258302 -86.719 -0.0116501 0.999827 0.0144807 -0.602339 0.258474 -0.0109783 0.965956 77.3598 
0.96204 0.013072 -0.272596 -86.9056 -0.0102034 0.999877 0.0119381 -0.659245 0.272718 -0.00870348 0.962055 78.1274 
0.958828 0.016123 -0.28353 -87.1463 -0.0164033 0.999865 0.00138548 -0.633453 0.283514 0.00332244 0.958962 78.8376 
0.955092 0.0107517 -0.296114 -87.3804 -0.0124637 0.999915 -0.00389487 -0.644116 0.296047 0.0074107 0.955145 79.5292 
0.951272 0.0108234 -0.308164 -87.6351 -0.0114223 0.999935 -0.000139622 -0.634214 0.308142 0.0036528 0.951333 80.2584 
0.947305 0.00914114 -0.320202 -87.8891 -0.00719549 0.999948 0.00725885 -0.661075 0.320252 -0.00457228 0.947321 80.9391 
0.943208 0.00894325 -0.332084 -88.1588 -0.00527431 0.999915 0.0119478 -0.661939 0.332162 -0.00951773 0.943174 81.6344 
0.938823 0.00573699 -0.344353 -88.4319 -0.00261736 0.999951 0.00952347 -0.664642 0.344391 -0.0080395 0.938792 82.3284 
0.934441 0.00394742 -0.356096 -88.7068 -0.00230984 0.999985 0.00502369 -0.677835 0.35611 -0.00387177 0.934436 83.0286 
0.930638 -0.00111994 -0.365939 -88.9866 2.15126e-07 0.999995 -0.00305999 -0.679175 0.365941 0.00284771 0.930634 83.7168 
0.927347 -0.00384075 -0.374183 -89.276 0.000823958 0.999966 -0.00822205 -0.694594 0.374202 0.00731643 0.927318 84.408 
0.924665 -0.00501759 -0.380748 -89.5846 0.00128046 0.999949 -0.010068 -0.712552 0.380778 0.00882203 0.924624 85.102 
0.921718 0.000767359 -0.387861 -89.9068 -0.00505407 0.999937 -0.0100323 -0.735416 0.387829 0.0112073 0.921663 85.7688 
0.918441 -0.000442527 -0.395559 -90.2357 -0.00260017 0.999971 -0.00715609 -0.771443 0.39555 0.00760101 0.918413 86.4559 
0.915144 0.00227003 -0.403121 -90.5739 -0.0027455 0.999996 -0.000601656 -0.796997 0.403118 0.00165742 0.915147 87.1743 
0.912232 0.00368739 -0.409659 -90.904 -0.000854865 0.999974 0.00709719 -0.806269 0.409674 -0.00612403 0.912211 87.8614 
0.909822 0.0137971 -0.414768 -91.2563 -0.00905377 0.999869 0.0134001 -0.814617 0.414899 -0.00843648 0.909828 88.5441 
0.907418 0.0201085 -0.419747 -91.6122 -0.0178916 0.999797 0.00921803 -0.817493 0.419848 -0.000854605 0.907594 89.2089 
0.905029 0.0166296 -0.425026 -91.9564 -0.017306 0.999848 0.00226938 -0.828704 0.424999 0.00530171 0.905178 89.8746 
0.902165 0.00882875 -0.431301 -92.2579 -0.0122332 0.999912 -0.00512044 -0.84059 0.431218 0.00989574 0.902193 90.5505 
0.90033 0.00914136 -0.435112 -92.5939 -0.0128124 0.999903 -0.00550413 -0.860784 0.435019 0.0105304 0.90036 91.1958 
0.897073 0.0144316 -0.441646 -92.9272 -0.0160346 0.999871 0.000103098 -0.886836 0.44159 0.00698917 0.89719 91.8916 
0.894281 0.0170139 -0.447182 -93.2861 -0.0170879 0.999847 0.00386827 -0.887999 0.447179 0.00418214 0.894435 92.5871 
0.891532 0.0121499 -0.452794 -93.6275 -0.0128147 0.999917 0.00159929 -0.904778 0.452776 0.00437664 0.891614 93.2738 
0.889043 0.0105579 -0.457701 -93.9879 -0.0139179 0.999895 -0.00396938 -0.929677 0.457611 0.00989923 0.889097 93.94 
0.886474 0.00731403 -0.46272 -94.3555 -0.0135535 0.999857 -0.0101614 -0.949673 0.46258 0.0152794 0.886446 94.6179 
0.884233 0.00806123 -0.466977 -94.7493 -0.0150219 0.999825 -0.0111848 -0.974828 0.466804 0.0169049 0.884199 95.2947 
0.881533 0.0117225 -0.471978 -95.1087 -0.0165922 0.999843 -0.00615685 -1.00786 0.471832 0.0132586 0.881589 95.9723 
0.879278 0.0133277 -0.476122 -95.4851 -0.0176021 0.999835 -0.00451919 -1.01627 0.475983 0.0123544 0.879368 96.6382 
0.876264 0.0155692 -0.481581 -95.8603 -0.0188464 0.99982 -0.00196863 -1.05586 0.481463 0.0108012 0.8764 97.3287 
0.873603 0.0125199 -0.486478 -96.2378 -0.0162063 0.999863 -0.00337053 -1.0671 0.486369 0.0108286 0.873686 97.9898 
0.871229 0.0110968 -0.490751 -96.6218 -0.0148579 0.999883 -0.0037681 -1.08525 0.490652 0.0105745 0.871292 98.6499 
0.867737 0.00930403 -0.496937 -96.9801 -0.0123135 0.99992 -0.0027803 -1.1131 0.496872 0.00853166 0.867782 99.3003 
0.865659 0.0116401 -0.500499 -97.3935 -0.0150876 0.999882 -0.00284117 -1.12051 0.500407 0.0100109 0.865732 99.9512 
0.86298 0.0130598 -0.50507 -97.7951 -0.0166012 0.999859 -0.00251159 -1.13592 0.504966 0.0105523 0.863075 100.626 
0.860237 0.00893977 -0.509817 -98.1917 -0.015162 0.999853 -0.00805082 -1.13987 0.50967 0.0146555 0.860245 101.268 
0.857993 0.00601795 -0.513626 -98.5956 -0.0140445 0.999832 -0.0117462 -1.16811 0.513469 0.0172918 0.857934 101.898 
0.856194 0.00426528 -0.516638 -99.0003 -0.0144245 0.999774 -0.015651 -1.17163 0.516454 0.0208526 0.856061 102.513 
0.853909 0.00495565 -0.520399 -99.3908 -0.0139912 0.999812 -0.0134369 -1.16558 0.520235 0.018755 0.853817 103.138 
0.852407 0.0111269 -0.522761 -99.8035 -0.0147664 0.999887 -0.00279543 -1.20427 0.522671 0.0101022 0.852475 103.741 
0.849858 0.0133252 -0.526844 -100.173 -0.0117718 0.999911 0.00630095 -1.2188 0.526881 0.000847028 0.849939 104.361 
0.848205 0.0130792 -0.529506 -100.559 -0.00917867 0.999908 0.00999527 -1.21682 0.529588 -0.00361782 0.848247 104.953 
0.847207 0.0109566 -0.531149 -100.957 -0.00663252 0.999928 0.0100473 -1.22907 0.531221 -0.00498927 0.847219 105.516 
0.845501 0.00827455 -0.53391 -101.331 -0.00622155 0.999965 0.00564498 -1.23075 0.533938 -0.00145104 0.845523 106.078 
0.843273 0.0080315 -0.537426 -101.687 -0.00783269 0.999966 0.00265357 -1.23626 0.537429 0.00197186 0.843307 106.634 
0.842392 0.00692899 -0.53882 -102.061 -0.00798985 0.999968 0.000367749 -1.22872 0.538806 0.00399536 0.842421 107.16 
0.840681 0.00740384 -0.541481 -102.402 -0.00895221 0.99996 -0.000226111 -1.22567 0.541457 0.00503758 0.840713 107.689 
0.839504 0.00820594 -0.543292 -102.751 -0.00882088 0.99996 0.00147328 -1.23701 0.543282 0.00355554 0.839543 108.197 
0.838055 0.00853779 -0.545518 -103.082 -0.00889546 0.999959 0.00198439 -1.2363 0.545513 0.00318966 0.838096 108.687 
0.837018 0.00821729 -0.547113 -103.412 -0.00868575 0.999961 0.00173055 -1.2309 0.547106 0.00330364 0.837057 109.146 
0.835883 0.006048 -0.548875 -103.725 -0.00590668 0.999981 0.00202335 -1.24036 0.548877 0.0015508 0.835902 109.609 
0.834724 0.00553615 -0.550641 -104.012 -0.00686055 0.999976 -0.000346266 -1.23167 0.550626 0.00406679 0.834742 110.028 
0.832776 0.00355802 -0.553598 -104.291 -0.00627319 0.999976 -0.00300987 -1.25402 0.553574 0.00597942 0.832778 110.46 
0.83079 0.000182941 -0.556586 -104.562 -0.00591872 0.999946 -0.00850598 -1.23806 0.556554 0.010361 0.830747 110.854 
0.829057 -0.00330015 -0.559154 -104.835 -0.00392822 0.999924 -0.011726 -1.22886 0.55915 0.0119181 0.828981 111.223 
0.826032 -0.00686335 -0.563581 -105.068 0.000696769 0.999938 -0.0111562 -1.24187 0.563622 0.00882271 0.825985 111.575 
0.822534 -0.00619088 -0.568682 -105.324 0.000925389 0.999954 -0.00954744 -1.25854 0.568715 0.00732689 0.822502 111.917 
0.819046 -0.00292902 -0.573721 -105.584 -0.0026193 0.999957 -0.00884446 -1.24914 0.573722 0.00874681 0.819003 112.239 
0.815349 0.00381783 -0.578957 -105.819 -0.00709236 0.999969 -0.00339415 -1.26616 0.578926 0.00687364 0.815351 112.535 
0.810723 0.0100375 -0.585344 -106.036 -0.00893598 0.999949 0.00477049 -1.29431 0.585362 0.00136312 0.810771 112.839 
0.806059 0.0120129 -0.591714 -106.253 -0.00841153 0.999926 0.00884173 -1.30864 0.591776 -0.00214969 0.8061 113.1 
0.79953 0.00900163 -0.600559 -106.433 -0.00394707 0.999945 0.00973311 -1.30374 0.600613 -0.00541141 0.799521 113.368 
0.792505 0.0071505 -0.609823 -106.632 -0.00057519 0.99994 0.0109773 -1.31497 0.609865 -0.00834874 0.792462 113.602 
0.782723 0.00498989 -0.622351 -106.806 0.0030285 0.999926 0.0118261 -1.31432 0.622363 -0.0111413 0.782649 113.821 
0.772507 0.00597292 -0.634978 -107.012 0.00228381 0.999923 0.0121842 -1.31373 0.635002 -0.0108625 0.772434 114.024 
0.759962 0.00679584 -0.649932 -107.204 0.000556269 0.999938 0.011106 -1.31087 0.649967 -0.00880163 0.759912 114.205 
0.746429 0.00399924 -0.665453 -107.401 0.000888411 0.999975 0.00700614 -1.29127 0.665465 -0.00582073 0.746407 114.361 
0.731373 0.00216512 -0.681974 -107.555 -0.000978434 0.999997 0.00212544 -1.30178 0.681977 -0.000887169 0.731373 114.493 
0.716448 -0.00224828 -0.697637 -107.73 -0.000268081 0.999994 -0.00349803 -1.29849 0.69764 0.00269323 0.716443 114.626 
0.700743 -0.00483159 -0.713398 -107.891 -0.00368403 0.999939 -0.0103909 -1.25783 0.713405 0.0099096 0.700682 114.753 
0.683569 -0.000968321 -0.729885 -108.048 -0.0110369 0.999871 -0.0116631 -1.26521 0.729802 0.0160283 0.68347 114.889 
0.666533 -0.000444782 -0.745475 -108.245 -0.0137 0.999824 -0.0128458 -1.25042 0.745349 0.0187752 0.66641 115.008 
0.646931 -0.000346896 -0.762549 -108.401 -0.0115495 0.999881 -0.0102532 -1.26699 0.762461 0.0154402 0.64685 115.126 
0.628189 -0.00160606 -0.778059 -108.621 -0.00869059 0.999921 -0.00908064 -1.26618 0.778012 0.0124662 0.628125 115.23 
0.606118 0.000187455 -0.795375 -108.811 -0.00967899 0.999928 -0.00714027 -1.2613 0.795316 0.0120263 0.606076 115.324 
0.581075 0.00487967 -0.813835 -109 -0.0142364 0.99989 -0.00416948 -1.25934 0.813725 0.0140089 0.581081 115.435 
0.555978 0.0096372 -0.831141 -109.194 -0.0173011 0.99985 2.01368e-05 -1.26488 0.831017 0.0143685 0.556061 115.529 
0.530127 0.0121189 -0.847832 -109.391 -0.0189887 0.999817 0.00241827 -1.26654 0.847705 0.0148173 0.53026 115.62 
0.503853 0.0148308 -0.863662 -109.592 -0.0221459 0.999746 0.00424791 -1.26384 0.863505 0.0169863 0.504054 115.698 
0.477627 0.0188761 -0.87836 -109.808 -0.0268185 0.999617 0.00689879 -1.26148 0.878153 0.0202613 0.47795 115.755 
0.451181 0.0218383 -0.892165 -110.019 -0.0297273 0.999514 0.00943241 -1.25772 0.891937 0.022266 0.45161 115.8 
0.42022 0.0201898 -0.907198 -110.238 -0.0303597 0.999506 0.00818129 -1.24636 0.906914 0.0241043 0.420625 115.881 
0.388159 0.0174517 -0.921427 -110.476 -0.0297436 0.999537 0.00640134 -1.25064 0.921112 0.0249219 0.388499 115.928 
0.352088 0.0129792 -0.935877 -110.716 -0.0305363 0.999531 0.0023739 -1.24685 0.935469 0.0277424 0.352319 116.003 
0.31286 0.0111388 -0.949734 -110.966 -0.0305063 0.999533 0.00167353 -1.25509 0.949309 0.0284493 0.313054 116.051 
0.271361 0.013284 -0.962386 -111.259 -0.0294202 0.999552 0.00550147 -1.28887 0.962028 0.0268207 0.27163 116.09 
0.226505 0.0103886 -0.973955 -111.559 -0.0299016 0.999546 0.00370765 -1.27604 0.973551 0.028283 0.226712 116.139 
0.181472 0.00707222 -0.983371 -111.842 -0.0295082 0.999563 0.0017432 -1.26056 0.982953 0.0287012 0.181601 116.13 
0.131934 0.00359782 -0.991252 -112.182 -0.0294541 0.999566 -0.000292291 -1.23593 0.990821 0.0292351 0.131982 116.139 
0.0812409 0.00487691 -0.996683 -112.532 -0.0281583 0.9996 0.00259596 -1.25193 0.996297 0.027854 0.0813457 116.122 
0.0284012 0.00390394 -0.999589 -112.893 -0.0302184 0.999539 0.00304515 -1.23019 0.99914 0.0301195 0.028506 116.106 
-0.0223945 0.00722785 -0.999723 -113.247 -0.0276218 0.999588 0.00784561 -1.23276 0.999368 0.0277899 -0.0221856 116.021 
-0.076626 0.00910895 -0.997018 -113.61 -0.0220959 0.999697 0.0108316 -1.22219 0.996815 0.02286 -0.0764016 115.964 
-0.130165 0.0138237 -0.991396 -113.971 -0.0170443 0.999724 0.0161776 -1.25658 0.991346 0.0190034 -0.129893 115.882 
-0.182949 0.0151019 -0.983006 -114.375 -0.0145867 0.99973 0.0180736 -1.25247 0.983014 0.0176455 -0.18268 115.763 
-0.233539 0.018086 -0.972179 -114.779 -0.0125514 0.999688 0.0216129 -1.26053 0.972266 0.0172497 -0.233239 115.617 
-0.282983 0.0174796 -0.958966 -115.202 -0.0115329 0.9997 0.0216254 -1.23513 0.959056 0.0171793 -0.282696 115.455 
-0.330762 0.0192191 -0.943518 -115.618 -0.0070814 0.999714 0.0228462 -1.23151 0.943688 0.0142381 -0.330532 115.258 
-0.377023 0.0210129 -0.925965 -116.034 -0.0022905 0.999718 0.0236192 -1.22209 0.926201 0.0110259 -0.376869 115.051 
-0.421 0.0233472 -0.90676 -116.459 0.0034155 0.999702 0.0241545 -1.21209 0.907054 0.00707203 -0.420954 114.811 
