1 2.12261e-08 -2.11895e-08 0 2.12261e-08 1 2.10703e-08 0 -2.11895e-08 2.10703e-08 1 0 
0.999998 0.00106811 0.00178281 -0.0104215 -0.00106629 0.999999 -0.000998529 -0.000297211 -0.00178392 0.000996668 0.999998 0.445471 
0.999981 0.00258194 0.00559176 -0.0397958 -0.00256781 0.999994 -0.00252407 -0.00580522 -0.00559828 0.0025097 0.999981 0.914185 
0.999966 0.00379001 0.00729078 -0.0441776 -0.00377163 0.99999 -0.00252816 -0.0133368 -0.00730033 0.00250062 0.99997 1.38956 
0.999958 0.00347507 0.00847108 -0.0458821 -0.00345433 0.999991 -0.00245744 -0.0207384 -0.00847959 0.00242811 0.999961 1.87369 
0.999945 0.00300729 0.0100885 -0.0470093 -0.00299055 0.999994 -0.00167032 -0.0360019 -0.0100935 0.0016401 0.999948 2.38025 
0.999918 0.00270805 0.0125123 -0.0640874 -0.00268992 0.999995 -0.00146209 -0.0296083 -0.0125163 0.00142836 0.999921 2.87124 
0.999897 0.00263748 0.0141293 -0.070135 -0.0026392 0.999997 0.000106196 -0.0334587 -0.0141291 -0.000143433 0.9999 3.37378 
0.999883 0.00283154 0.0150174 -0.0712176 -0.00284259 0.999996 0.000717505 -0.0394014 -0.0150153 -0.000760067 0.999887 3.89051 
0.999865 0.00429082 0.0158563 -0.0768251 -0.00429828 0.999991 0.000438896 -0.0459836 -0.0158543 -0.00050695 0.999874 4.40448 
0.999818 0.00581774 0.0181968 -0.0916201 -0.00581318 0.999983 -0.000300966 -0.0501811 -0.0181983 0.000195171 0.999834 4.90703 
0.999809 0.00523914 0.0188407 -0.0897804 -0.00523058 0.999986 -0.000501478 -0.0586806 -0.0188431 0.000402876 0.999822 5.43368 
0.999789 0.00610811 0.0195916 -0.0921965 -0.00607967 0.99998 -0.0015084 -0.0623199 -0.0196005 0.00138902 0.999807 5.92827 
0.999733 0.00903204 0.0212795 -0.0887948 -0.00897252 0.999956 -0.00288898 -0.0637691 -0.0213047 0.00269732 0.999769 6.43403 
0.999745 0.00671556 0.0215716 -0.0749735 -0.00664932 0.999973 -0.00313905 -0.0657361 -0.0215922 0.00299485 0.999762 6.93884 
0.999698 0.00807101 0.0232238 -0.0773624 -0.00801161 0.999964 -0.00264757 -0.0839939 -0.0232444 0.00246075 0.999727 7.47114 
0.999662 0.00999376 0.024016 -0.0704475 -0.00991505 0.999945 -0.00339237 -0.09026 -0.0240486 0.00315314 0.999706 8.02067 
0.999593 0.00937008 0.0269614 -0.0645695 -0.00927415 0.99995 -0.00367931 -0.0908573 -0.0269946 0.00342781 0.99963 8.57313 
0.999483 0.0097371 0.0306499 -0.0510881 -0.00960931 0.999945 -0.00431239 -0.0952838 -0.0306902 0.00401567 0.999521 9.13652 
0.999378 0.00766114 0.0344324 -0.0318718 -0.00750139 0.999961 -0.00476495 -0.0977996 -0.0344676 0.00450374 0.999396 9.7023 
0.999171 0.00989593 0.0394843 -0.00471591 -0.00971353 0.999941 -0.00480774 -0.119207 -0.0395296 0.00442026 0.999209 10.2944 
0.998938 0.00777659 0.0454081 0.0159263 -0.00756871 0.99996 -0.00474713 -0.121837 -0.0454432 0.00439845 0.998957 10.8607 
0.998586 0.00908815 0.0523759 0.01734 -0.00887779 0.999952 -0.00424677 -0.132205 -0.052412 0.00377582 0.998618 11.46 
0.998251 0.00948789 0.058355 0.0581972 -0.00925226 0.999948 -0.00430601 -0.147559 -0.0583929 0.00375861 0.998287 12.0374 
0.997925 0.00632439 0.0640827 0.0965636 -0.00603504 0.999971 -0.0047071 -0.16243 -0.0641107 0.00431063 0.997934 12.6554 
0.997576 0.00580295 0.0693497 0.157426 -0.00539235 0.999967 -0.00610591 -0.148093 -0.0693829 0.00571719 0.997574 13.2974 
0.996996 0.00671297 0.0771568 0.149435 -0.00614297 0.999952 -0.00762202 -0.173568 -0.0772043 0.00712519 0.99699 13.9355 
0.996532 0.0115778 0.0824042 0.228466 -0.0106265 0.999872 -0.0119739 -0.167912 -0.0825323 0.0110567 0.996527 14.5922 
0.996101 0.00839565 0.0878201 0.284625 -0.00742916 0.999908 -0.0113259 -0.193116 -0.0879071 0.0106293 0.996072 15.2661 
0.995763 0.0013122 0.0919529 0.359986 -0.000393072 0.99995 -0.0100125 -0.181416 -0.0919615 0.00993397 0.995713 15.9445 
0.995199 -0.00233505 0.0978469 0.408805 0.00301332 0.999972 -0.00678433 -0.176843 -0.0978284 0.00704664 0.995178 16.6302 
0.994944 -0.00310557 0.100387 0.495421 0.00343509 0.999989 -0.00310937 -0.192698 -0.100376 0.00343853 0.994944 17.3356 
0.994607 -0.00512865 0.103589 0.533781 0.00550182 0.999979 -0.00331664 -0.208807 -0.10357 0.00386873 0.994615 18.0418 
0.994588 -0.00897416 0.103514 0.596889 0.00949704 0.999945 -0.0045591 -0.227559 -0.103467 0.00551754 0.994618 18.7708 
0.994643 -0.0144647 0.10235 0.656173 0.0152342 0.999861 -0.00673975 -0.235696 -0.102239 0.00826291 0.994726 19.4958 
0.995055 -0.0155904 0.0980942 0.705718 0.0163886 0.999839 -0.00733627 -0.239654 -0.097964 0.00890766 0.99515 20.2619 
0.995707 -0.0144965 0.0914145 0.734229 0.0152766 0.999853 -0.00783938 -0.249968 -0.0912874 0.00920227 0.995782 21.0212 
0.996495 -0.0143574 0.0824132 0.784039 0.0148712 0.999874 -0.00562354 -0.268616 -0.0823221 0.00682945 0.996582 21.8326 
0.997213 -0.0130492 0.073455 0.818359 0.0133721 0.999903 -0.00390521 -0.274343 -0.073397 0.00487661 0.997291 22.6477 
0.997842 -0.0127878 0.0644046 0.84965 0.012853 0.999917 -0.000597044 -0.28963 -0.0643916 0.00142359 0.997924 23.4684 
0.998372 -0.0128239 0.0555833 0.888004 0.0128118 0.999918 0.000576188 -0.298507 -0.0555862 0.000136911 0.998454 24.3232 
0.998719 -0.0102742 0.0495452 0.898704 0.0102296 0.999947 0.00115621 -0.301919 -0.0495545 -0.000647863 0.998771 25.1512 
0.99902 -0.00908808 0.0433141 0.927726 0.00904559 0.999958 0.00117787 -0.312724 -0.0433231 -0.000784869 0.999061 25.9802 
0.999215 -0.00889577 0.0386056 0.935198 0.00885844 0.99996 0.00113883 -0.315278 -0.0386143 -0.000795908 0.999254 26.8228 
0.999392 -0.00868774 0.0337772 0.932783 0.00865977 0.999962 0.000975627 -0.32901 -0.0337844 -0.00068249 0.999429 27.6332 
0.999557 -0.00920361 0.0283137 0.951767 0.00917105 0.999957 0.00128085 -0.356998 -0.0283243 -0.00102057 0.999598 28.4576 
0.999669 -0.00849407 0.0242709 0.961129 0.00845786 0.999963 0.00159618 -0.369487 -0.0242836 -0.00139033 0.999704 29.2636 
0.999752 -0.00704645 0.0211239 0.948646 0.00700592 0.999974 0.00199437 -0.382557 -0.0211375 -0.00184584 0.999775 30.0883 
0.999822 -0.00373642 0.0185003 0.946466 0.00368016 0.999989 0.00307694 -0.403217 -0.0185116 -0.00300826 0.999824 30.8893 
0.999869 -0.00242164 0.0160061 0.956937 0.00237654 0.999993 0.00283839 -0.401271 -0.0160129 -0.00279993 0.999868 31.6881 
0.999898 -0.00341706 0.0138851 0.974389 0.00339259 0.999993 0.00178841 -0.412273 -0.0138912 -0.00174108 0.999902 32.4892 
0.999905 -0.00240952 0.0135754 0.959652 0.00239898 0.999997 0.000795721 -0.436354 -0.0135774 -0.000763036 0.999908 33.2718 
0.999916 0.000422387 0.0129546 0.943524 -0.000428727 1 0.000489941 -0.452976 -0.0129545 -0.000495412 0.999916 34.061 
0.999912 0.00339006 0.0128239 0.928431 -0.00340314 0.999994 0.00100123 -0.47313 -0.0128204 -0.00104474 0.999917 34.8575 
0.999911 0.0048401 0.0124601 0.921651 -0.00486826 0.999986 0.00223351 -0.498613 -0.0124491 -0.00229392 0.99992 35.651 
0.999901 0.00712557 0.0121591 0.918211 -0.00714777 0.999973 0.00178697 -0.510201 -0.012146 -0.00187366 0.999925 36.4292 
0.999888 0.009203 0.011844 0.908831 -0.00922516 0.999956 0.00182197 -0.523188 -0.0118268 -0.00193099 0.999928 37.1799 
0.999849 0.0123739 0.0121858 0.90278 -0.0124016 0.999921 0.00220377 -0.531214 -0.0121576 -0.00235452 0.999923 37.9139 
0.999825 0.0141159 0.012245 0.895409 -0.0141395 0.999898 0.00184303 -0.53513 -0.0122177 -0.0020158 0.999923 38.6129 
0.999699 0.0197626 0.0145699 0.879128 -0.0197947 0.999802 0.00205972 -0.541799 -0.0145263 -0.00234746 0.999892 39.2953 
0.999618 0.0220695 0.0166275 0.907753 -0.0220763 0.999756 0.00022768 -0.550712 -0.0166185 -0.000594626 0.999862 39.9924 
0.999491 0.0241559 0.0208214 0.904669 -0.0241331 0.999708 -0.00134457 -0.55303 -0.0208479 0.000841437 0.999782 40.6699 
0.999388 0.023969 0.0254799 0.913454 -0.0239447 0.999713 -0.00125857 -0.565046 -0.0255028 0.00064773 0.999675 41.3464 
0.999248 0.0247018 0.0298985 0.948791 -0.0246998 0.999695 -0.000436139 -0.588604 -0.0299002 -0.000302635 0.999553 42.0172 
0.999042 0.0243811 0.036338 0.948767 -0.0243587 0.999703 -0.00105974 -0.592767 -0.036353 0.000173619 0.999339 42.6697 
0.99876 0.0236364 0.0438065 0.956199 -0.0236586 0.99972 -1.23233e-05 -0.608378 -0.0437945 -0.00102405 0.99904 43.3158 
0.998347 0.0238097 0.0523054 0.984578 -0.0238391 0.999716 -6.09096e-05 -0.628453 -0.052292 -0.00118606 0.998631 43.9227 
0.997657 0.0249226 0.0637177 1.0021 -0.0249639 0.999688 -0.000147831 -0.643828 -0.0637016 -0.00144312 0.997968 44.5165 
0.996893 0.0229232 0.0753531 1.04003 -0.0229913 0.999736 3.70541e-05 -0.673594 -0.0753324 -0.00176936 0.997157 45.1112 
0.995924 0.0215523 0.0875803 1.09803 -0.0216432 0.999766 8.89653e-05 -0.688314 -0.0875579 -0.00198408 0.996158 45.6952 
0.994679 0.0208882 0.100882 1.15272 -0.0209292 0.999781 -0.000651433 -0.697186 -0.100874 -0.00146337 0.994898 46.2752 
0.993093 0.0211827 0.115399 1.21917 -0.0212733 0.999774 -0.000446521 -0.705418 -0.115383 -0.00201145 0.993319 46.8118 
0.991191 0.0203316 0.130869 1.30571 -0.020483 0.99979 -0.000189091 -0.718408 -0.130845 -0.00249312 0.9914 47.3564 
0.988718 0.0227491 0.148049 1.38636 -0.0229157 0.999737 -0.000579914 -0.733999 -0.148023 -0.00281924 0.98898 47.8857 
0.98547 0.0207128 0.168581 1.48785 -0.0207799 0.999783 -0.00136605 -0.750589 -0.168573 -0.00215687 0.985687 48.4094 
0.981088 0.0244099 0.192015 1.5844 -0.0244333 0.999699 -0.00224595 -0.768023 -0.192012 -0.00248806 0.981389 48.9243 
0.975696 0.023876 0.217823 1.68883 -0.0234472 0.999715 -0.00455335 -0.77687 -0.21787 -0.000664627 0.975978 49.4179 
0.969355 0.0228516 0.244598 1.8113 -0.0217972 0.999738 -0.00701702 -0.794026 -0.244694 0.00147047 0.969599 49.9038 
0.962224 0.0202121 0.271509 1.97955 -0.0187052 0.999792 -0.00813708 -0.835417 -0.271617 0.0027511 0.962402 50.3588 
0.953155 0.0181341 0.301938 2.11283 -0.0162442 0.99983 -0.00876908 -0.85064 -0.302046 0.00345359 0.953287 50.7939 
0.94289 0.0198211 0.332514 2.26772 -0.0172662 0.999794 -0.0106365 -0.866897 -0.332657 0.00428783 0.943038 51.2034 
0.931053 0.0184959 0.364414 2.43987 -0.0162064 0.999825 -0.00934008 -0.900326 -0.364523 0.00279032 0.93119 51.6289 
0.917841 0.0186466 0.396511 2.62192 -0.0167158 0.999826 -0.00832469 -0.899257 -0.396597 0.00101277 0.917992 52.0241 
0.902667 0.0181512 0.429958 2.81009 -0.0163675 0.999835 -0.00784684 -0.914673 -0.430029 4.57764e-05 0.902815 52.3836 
0.88569 0.0169242 0.463968 3.00928 -0.0154506 0.999856 -0.00697736 -0.939592 -0.46402 -0.000988753 0.885824 52.7219 
0.866739 0.0172716 0.498462 3.2286 -0.0150591 0.999851 -0.00845935 -0.943484 -0.498534 -0.000174314 0.86687 53.0489 
0.845647 0.0171612 0.533466 3.45851 -0.0130686 0.999849 -0.011448 -0.938878 -0.533582 0.00270932 0.845744 53.3698 
0.821815 0.0164991 0.569516 3.6896 -0.0107821 0.999852 -0.0134072 -0.938262 -0.569653 0.00487769 0.821871 53.6863 
0.79609 0.0139197 0.605019 3.93288 -0.00745199 0.999885 -0.013199 -0.956353 -0.605133 0.00599898 0.796102 53.9775 
0.767793 0.0106126 0.64061 4.18995 -0.00368945 0.99992 -0.012143 -0.950049 -0.640688 0.00695987 0.76777 54.2593 
0.737582 0.00573892 0.675233 4.45888 -0.000153261 0.999965 -0.00833138 -0.95768 -0.675258 0.00604161 0.737557 54.5293 
0.704998 0.00302209 0.709203 4.73315 0.000801481 0.999987 -0.00505785 -0.961087 -0.709209 0.0041342 0.704986 54.7866 
0.66942 -4.13993e-05 0.742884 5.02189 0.000330185 1 -0.000241736 -0.972782 -0.742884 0.000407131 0.66942 55.0235 
0.631902 -0.00289568 0.775043 5.33297 0.00440699 0.99999 0.000143114 -0.954683 -0.775036 0.00332519 0.631908 55.2458 
0.592261 -0.00607345 0.805723 5.63864 0.00601734 0.999977 0.00311463 -0.965836 -0.805724 0.00300365 0.592284 55.4474 
0.549944 -0.00821366 0.835161 5.95403 0.0109458 0.999937 0.0026266 -0.966602 -0.83513 0.007697 0.549999 55.6176 
0.505193 -0.00679494 0.86298 6.28983 0.0152788 0.999883 -0.00107135 -0.951449 -0.862871 0.0137266 0.505237 55.7934 
0.457635 -0.00451464 0.889129 6.62215 0.0135979 0.999906 -0.00192167 -0.962301 -0.889036 0.0129697 0.457653 55.9454 
0.409092 -0.000950167 0.912493 6.98162 0.0105715 0.999937 -0.00369817 -0.956304 -0.912432 0.0111593 0.409077 56.0777 
0.359302 0.0020471 0.933219 7.35514 0.00715985 0.999962 -0.00495009 -0.948817 -0.933194 0.00846029 0.359273 56.1976 
0.308134 0.00249504 0.95134 7.7669 0.00395667 0.999985 -0.00390412 -0.960966 -0.951335 0.00496714 0.30812 56.3277 
0.260703 0.00187764 0.965417 8.1754 0.0085209 0.999955 -0.00424576 -0.974913 -0.965381 0.00933312 0.260675 56.3968 
0.214986 0.00150049 0.976616 8.61286 0.00963977 0.999947 -0.00365833 -0.973078 -0.97657 0.0102008 0.21496 56.4796 
0.17418 -0.00125513 0.984713 9.07092 0.00978089 0.999952 -0.000455484 -0.988183 -0.984665 0.00971071 0.174184 56.531 
0.135097 -0.00240203 0.99083 9.53989 0.0102436 0.999947 0.00102749 -0.982213 -0.99078 0.0100109 0.135114 56.5763 
0.0994188 -0.00426377 0.995037 10.0347 0.00995009 0.999945 0.00329068 -0.983479 -0.994996 0.00957355 0.0994558 56.604 
0.0657189 -0.00558706 0.997823 10.5382 0.0106368 0.999931 0.00489835 -0.987836 -0.997782 0.0102917 0.0657738 56.6432 
0.0357716 -0.00569894 0.999344 11.0698 0.0105151 0.999931 0.00532594 -0.985832 -0.999305 0.0103177 0.0358291 56.6616 
0.00923613 -0.00406139 0.999949 11.6344 0.00752254 0.999964 0.00399201 -0.993303 -0.999929 0.00748529 0.00926635 56.6627 
-0.0127262 -0.00084636 0.999919 12.2107 0.00333046 0.999994 0.000888853 -0.987034 -0.999914 0.0033415 -0.0127233 56.6481 
-0.0313579 0.000228109 0.999508 12.8026 0.00345551 0.999994 -0.000119767 -0.98853 -0.999502 0.00345005 -0.0313585 56.6245 
-0.048914 0.000472484 0.998803 13.4068 0.00745426 0.999972 -0.000107941 -0.997665 -0.998775 0.00744006 -0.0489162 56.6016 
-0.0667418 -0.000933812 0.99777 14.0286 0.00566275 0.999983 0.00131471 -1.02294 -0.997754 0.00573787 -0.0667354 56.5843 
-0.0825342 -0.00260572 0.996585 14.7085 0.00472222 0.999984 0.00300572 -1.03773 -0.996577 0.00495416 -0.0825206 56.5449 
-0.0969067 -0.00123219 0.995293 15.3669 0.00561804 0.999983 0.00178504 -1.04422 -0.995278 0.00576457 -0.0968981 56.4854 
-0.108788 0.000458213 0.994065 16.0594 0.00706018 0.999975 0.000311753 -1.04758 -0.99404 0.00705219 -0.108789 56.4089 
-0.11907 0.00303053 0.992881 16.7229 0.0144474 0.999895 -0.00131931 -1.05801 -0.992781 0.0141875 -0.119102 56.3389 
-0.124214 0.00582947 0.992238 17.4367 0.0218534 0.999756 -0.00313786 -1.06435 -0.992015 0.021294 -0.124311 56.237 
-0.127066 0.00605712 0.991876 18.1674 0.0265654 0.999643 -0.00270131 -1.07582 -0.991539 0.0260064 -0.127181 56.153 
-0.12669 0.00491305 0.99193 18.9297 0.0277781 0.999613 -0.00140322 -1.08164 -0.991553 0.0273761 -0.126778 56.0659 
-0.12378 0.00347323 0.992304 19.6647 0.031548 0.999502 0.000436908 -1.09714 -0.991808 0.0313592 -0.123828 55.9889 
-0.119182 0.00327134 0.992867 20.4437 0.0335583 0.999437 0.000735341 -1.09665 -0.992305 0.0334066 -0.119225 55.9114 
-0.113925 0.00312245 0.993484 21.2357 0.0327856 0.999462 0.000618411 -1.12259 -0.992948 0.0326425 -0.113966 55.8288 
-0.109849 0.0033178 0.993943 22.0163 0.0322719 0.999479 0.000230407 -1.14753 -0.993424 0.0321017 -0.109899 55.7589 
-0.105779 0.00290361 0.994385 22.8313 0.0372376 0.999306 0.00104327 -1.16479 -0.993692 0.0371389 -0.105814 55.7005 
-0.101454 0.000638726 0.99484 23.6181 0.042527 0.999089 0.0036955 -1.17722 -0.993931 0.0426825 -0.101389 55.6138 
-0.0975953 -0.00208869 0.995224 24.4343 0.045267 0.998954 0.0065356 -1.17578 -0.994196 0.0456886 -0.0973986 55.5513 
-0.0928661 -0.00545703 0.995664 25.2405 0.0487865 0.998759 0.0100244 -1.18632 -0.994483 0.0495058 -0.0924846 55.4922 
-0.0873622 -0.0070934 0.996151 26.0531 0.0507276 0.998646 0.01156 -1.17742 -0.994884 0.0515422 -0.0868841 55.4419 
-0.0834053 -0.00890698 0.996476 26.8667 0.0484441 0.998742 0.0129821 -1.18977 -0.995338 0.0493562 -0.0828689 55.395 
-0.0792977 -0.00953115 0.996805 27.6749 0.0415062 0.999056 0.0128546 -1.18275 -0.995987 0.0423929 -0.0788272 55.3547 
-0.0743685 -0.0124353 0.997153 28.4703 0.0362725 0.999227 0.0151664 -1.18516 -0.996571 0.0372971 -0.0738599 55.3114 
-0.0710122 -0.0138423 0.997379 29.2883 0.0336211 0.999302 0.0162628 -1.18831 -0.996909 0.0346878 -0.0704973 55.2912 
-0.0662263 -0.0100533 0.997754 30.1102 0.0328573 0.999385 0.0122507 -1.20285 -0.997264 0.0335948 -0.0658552 55.2374 
-0.062286 -0.00175355 0.998057 30.9363 0.0346695 0.999391 0.00391956 -1.19883 -0.997456 0.0348462 -0.0621873 55.2021 
-0.0586808 0.00424571 0.998268 31.7276 0.0334918 0.999436 -0.00228191 -1.21217 -0.997715 0.0332999 -0.0587899 55.1702 
-0.0586144 0.00382557 0.998273 32.5441 0.0310876 0.999515 -0.00200496 -1.22485 -0.997797 0.0309164 -0.0587049 55.166 
-0.0579669 0.000144215 0.998319 33.3546 0.0337827 0.999428 0.00181724 -1.24501 -0.997747 0.0338312 -0.0579386 55.1441 
-0.0579575 0.00060739 0.998319 34.1982 0.0327104 0.999464 0.00129096 -1.24762 -0.997783 0.0327303 -0.0579463 55.1102 
-0.0588101 0.00274007 0.998265 34.9909 0.0297296 0.999558 -0.000992138 -1.27224 -0.997826 0.0296197 -0.0588655 55.0959 
-0.0578117 0.00492438 0.998315 35.8078 0.0217329 0.999757 -0.00367292 -1.26457 -0.998091 0.021484 -0.0579046 55.0545 
-0.0591593 0.00467549 0.998238 36.6402 0.0199629 0.999795 -0.00349967 -1.26865 -0.998049 0.0197206 -0.0592404 55.0368 
-0.0595749 0.00385759 0.998216 37.4993 0.0197346 0.999802 -0.00268589 -1.28486 -0.998029 0.0195394 -0.0596393 54.9899 
-0.0618562 0.00698575 0.998061 38.3505 0.0215408 0.999752 -0.00566253 -1.30338 -0.997853 0.0211487 -0.0619913 54.9537 
-0.0637924 0.0111207 0.997901 39.2338 0.0225222 0.999699 -0.00970092 -1.31405 -0.997709 0.0218561 -0.0640237 54.9277 
-0.0632253 0.0139787 0.997901 40.1172 0.0254633 0.999599 -0.0123891 -1.32637 -0.997674 0.0246266 -0.0635559 54.8631 
-0.0648445 0.0152948 0.997778 41.0025 0.0280044 0.999517 -0.0135015 -1.33757 -0.997502 0.0270666 -0.0652415 54.8282 
-0.0668341 0.0169244 0.997621 41.8753 0.0283436 0.999485 -0.0150571 -1.35953 -0.997361 0.0272698 -0.0672794 54.7997 
-0.0685654 0.0160354 0.997518 42.7798 0.0251973 0.99958 -0.0143366 -1.38113 -0.997328 0.0241518 -0.0689406 54.7611 
-0.0691915 0.0122684 0.997528 43.6863 0.0246203 0.999641 -0.0105866 -1.40113 -0.9973 0.023827 -0.0694687 54.7061 
-0.0713083 0.0123368 0.997378 44.6078 0.0230501 0.999677 -0.0107172 -1.40662 -0.997188 0.0222255 -0.0715696 54.676 
-0.0738237 0.0143463 0.997168 45.5348 0.024256 0.999627 -0.0125858 -1.45402 -0.996976 0.0232582 -0.0741442 54.6394 
-0.0740404 0.0181284 0.997091 46.4672 0.0234591 0.99959 -0.0164318 -1.47954 -0.996979 0.0221742 -0.0744353 54.5822 
-0.0738638 0.0196452 0.997075 47.4297 0.0258456 0.999508 -0.0177784 -1.50907 -0.996933 0.0244568 -0.0743352 54.5378 
-0.0744587 0.0159434 0.997097 48.3826 0.031695 0.999405 -0.0136134 -1.54162 -0.99672 0.0305894 -0.0749197 54.4764 
-0.0746588 0.0108667 0.99715 49.3442 0.0333002 0.99941 -0.00839799 -1.56098 -0.996653 0.0325783 -0.0749766 54.418 
-0.0749329 0.00803885 0.997156 50.3245 0.0333147 0.99943 -0.00555366 -1.58783 -0.996632 0.0328038 -0.075158 54.3747 
-0.0740946 0.00946884 0.997206 51.2919 0.0325259 0.999446 -0.00707332 -1.6132 -0.996721 0.031911 -0.0743615 54.3417 
-0.0730534 0.0123839 0.997251 52.3159 0.031269 0.99946 -0.0101206 -1.63893 -0.996838 0.0304437 -0.0734012 54.2951 
-0.0734254 0.014737 0.997192 53.3066 0.0256248 0.999589 -0.0128856 -1.66233 -0.996971 0.0246067 -0.0737729 54.2412 
-0.0741955 0.0144368 0.997139 54.3067 0.0208996 0.999698 -0.0129187 -1.68455 -0.997025 0.0198813 -0.0744748 54.2069 
-0.074886 0.00993027 0.997143 55.2992 0.0206366 0.999752 -0.00840639 -1.70708 -0.996979 0.0199481 -0.0750724 54.1522 
-0.0745364 0.00468618 0.997207 56.3513 0.017458 0.999842 -0.00339363 -1.71971 -0.997066 0.0171563 -0.0746064 54.0787 
-0.0748301 0.00566621 0.99718 57.4032 0.0167642 0.99985 -0.00442333 -1.73521 -0.997055 0.0163859 -0.0749139 54.0063 
-0.0756088 0.00897555 0.997097 58.4352 0.0201648 0.999769 -0.00747048 -1.75626 -0.996934 0.0195415 -0.0757723 53.9405 
-0.0757181 0.0123256 0.997053 59.4523 0.02226 0.999695 -0.0106678 -1.77807 -0.996881 0.0213866 -0.0759694 53.8568 
-0.0767676 0.00982437 0.997001 60.4765 0.0237049 0.999687 -0.00802556 -1.79021 -0.996767 0.0230177 -0.0769765 53.7699 
-0.0795068 0.00481257 0.996823 61.5486 0.024821 0.999688 -0.00284663 -1.80362 -0.996525 0.0245158 -0.0796014 53.7073 
-0.0823559 0.00197915 0.996601 62.5717 0.0264954 0.999649 0.000204327 -1.83037 -0.996251 0.0264221 -0.0823795 53.6307 
-0.0860814 0.00212167 0.996286 63.6656 0.0289103 0.999582 0.000369271 -1.85482 -0.995869 0.0288347 -0.0861067 53.5469 
-0.0881328 0.000851969 0.996108 64.6952 0.0335678 0.999434 0.00211521 -1.87212 -0.995543 0.0336236 -0.0881115 53.4257 
-0.0928746 -9.892e-05 0.995678 65.7863 0.0377597 0.99928 0.00362145 -1.88004 -0.994962 0.0379328 -0.092804 53.3669 
-0.0955612 0.000272968 0.995424 66.8435 0.0400228 0.999192 0.00356825 -1.902 -0.994619 0.0401806 -0.095495 53.2752 
-0.0967238 0.00401868 0.995303 67.9183 0.0442576 0.99902 0.00026732 -1.91791 -0.994327 0.0440756 -0.0968069 53.155 
-0.0981087 0.0083819 0.99514 68.9826 0.0456653 0.998949 -0.00391191 -1.9349 -0.994127 0.0450596 -0.0983884 53.066 
-0.0992667 0.0114163 0.994995 70.0877 0.0509206 0.998682 -0.0063784 -1.9612 -0.993757 0.0500326 -0.0997172 52.9691 
-0.0998532 0.00989291 0.994953 71.1664 0.050918 0.998691 -0.00481992 -2.01734 -0.993699 0.0501797 -0.100226 52.9246 
-0.0970089 0.00724099 0.995257 72.2086 0.0508169 0.998705 -0.00231286 -2.04094 -0.993985 0.0503515 -0.0972512 52.8279 
-0.092394 0.00455849 0.995712 73.2959 0.0542418 0.998528 0.000461857 -2.05799 -0.994244 0.0540519 -0.0925052 52.7556 
-0.08679 0.000978995 0.996226 74.3586 0.0536778 0.998552 0.00369511 -2.08425 -0.99478 0.0537959 -0.0867169 52.6763 
-0.0821301 -0.00051767 0.996622 75.4461 0.0549416 0.998477 0.00504633 -2.06745 -0.995106 0.0551704 -0.0819765 52.6154 
-0.076384 -0.00203813 0.997076 76.5022 0.056742 0.998368 0.0063877 -2.09305 -0.995463 0.057064 -0.0761438 52.5258 
-0.0721414 0.00139269 0.997393 77.6018 0.0564369 0.998403 0.00268802 -2.12197 -0.995796 0.0564838 -0.0721047 52.4648 
-0.0700897 0.0056954 0.997524 78.6525 0.0577228 0.998331 -0.00164415 -2.14937 -0.995869 0.0574647 -0.0703015 52.4134 
-0.0677805 0.0055298 0.997685 79.7089 0.0579474 0.998318 -0.00159646 -2.16919 -0.996016 0.057705 -0.067987 52.3562 
-0.0663094 0.00339671 0.997793 80.8052 0.059246 0.998243 0.000539051 -2.18718 -0.996039 0.059151 -0.0663942 52.3096 
-0.0641163 0.00692929 0.997918 81.8826 0.0615917 0.998097 -0.00297323 -2.19734 -0.99604 0.0612728 -0.064421 52.2552 
-0.061997 0.0129091 0.997993 82.9481 0.0615584 0.998062 -0.00908584 -2.21063 -0.996176 0.0608715 -0.0626715 52.2043 
-0.0606735 0.0162275 0.998026 84.0155 0.0603223 0.9981 -0.0125615 -2.2369 -0.996333 0.059441 -0.0615371 52.1638 
-0.0583626 0.0160696 0.998166 85.1045 0.0605576 0.998086 -0.0125275 -2.26694 -0.996457 0.0597154 -0.0592241 52.1419 
-0.0545394 0.0128034 0.99843 86.1888 0.058639 0.998233 -0.0095977 -2.30082 -0.996788 0.0580235 -0.0551938 52.0992 
-0.0497537 0.00946965 0.998717 87.2536 0.0595636 0.998203 -0.00649743 -2.31512 -0.996984 0.0591638 -0.0502283 52.0534 
-0.0455832 0.00712631 0.998935 88.3571 0.0572567 0.998349 -0.00450936 -2.34167 -0.997318 0.0569902 -0.045916 52.0398 
-0.0415385 0.0107874 0.999079 89.3796 0.0536573 0.998523 -0.00855051 -2.37871 -0.997695 0.0532527 -0.042056 51.999 
-0.039356 0.0204826 0.999015 90.4517 0.0506731 0.998544 -0.0184766 -2.40791 -0.99794 0.049896 -0.0403367 51.9686 
-0.037685 0.0285912 0.998881 91.5162 0.0454562 0.998605 -0.0268683 -2.44172 -0.998255 0.0443928 -0.0389321 51.9471 
-0.0383863 0.0277161 0.998879 92.6081 0.0424619 0.998758 -0.0260809 -2.49599 -0.99836 0.0414131 -0.0395155 51.9557 
-0.0380841 0.021163 0.99905 93.7828 0.0428303 0.998892 -0.0195269 -2.55095 -0.998356 0.0420459 -0.0389483 51.9483 
-0.0396799 0.0156957 0.999089 94.8296 0.0443354 0.99892 -0.0139322 -2.58709 -0.998228 0.0437422 -0.0403329 51.9211 
-0.0428171 0.00989007 0.999034 95.9248 0.0417102 0.999097 -0.00810301 -2.61785 -0.998212 0.041323 -0.043191 51.9095 
-0.0451029 0.00576044 0.998966 97.0286 0.0403098 0.999179 -0.00394166 -2.64265 -0.998169 0.0400904 -0.0452981 51.8817 
-0.0467754 0.00577831 0.998889 98.1241 0.0403703 0.999177 -0.0038895 -2.68129 -0.998089 0.0401435 -0.0469702 51.8579 
-0.0488987 0.00585555 0.998787 99.1662 0.0391545 0.999225 -0.00394115 -2.70984 -0.998036 0.0389143 -0.0490901 51.8184 
-0.050789 0.00497887 0.998697 100.267 0.0410127 0.999154 -0.0028954 -2.73675 -0.997867 0.0408122 -0.0509503 51.7857 
-0.0523494 0.00650417 0.998608 101.356 0.0420986 0.999104 -0.00430045 -2.76574 -0.997741 0.0418148 -0.0525763 51.756 
-0.053249 0.0144633 0.998477 102.443 0.042043 0.999041 -0.0122292 -2.80299 -0.997696 0.0413278 -0.053806 51.7203 
-0.0539558 0.0228242 0.998282 103.493 0.0379922 0.999062 -0.0207885 -2.83416 -0.99782 0.0368053 -0.0547723 51.6788 
-0.0549272 0.0232422 0.99822 104.563 0.0366369 0.999103 -0.0212467 -2.87523 -0.997818 0.0354047 -0.0557295 51.6378 
-0.0574903 0.0170728 0.9982 105.62 0.0325413 0.999355 -0.0152183 -2.92386 -0.997816 0.0316078 -0.0580087 51.6052 
-0.0611978 0.0094278 0.998081 106.649 0.0254474 0.999645 -0.00788221 -2.95228 -0.997801 0.0249162 -0.061416 51.5692 
-0.0621123 0.00147258 0.998068 107.697 0.0251038 0.999685 8.73485e-05 -2.97318 -0.997753 0.0250607 -0.0621297 51.5118 
-0.065248 -0.00522891 0.997855 108.736 0.0282237 0.999577 0.00708347 -3.00162 -0.99747 0.0286254 -0.0650728 51.4797 
-0.0664017 -0.00508591 0.99778 109.772 0.0265273 0.999625 0.00686073 -3.01937 -0.99744 0.026924 -0.0662419 51.4257 
-0.0662717 0.00281207 0.997798 110.795 0.0312223 0.999512 -0.000743138 -3.03793 -0.997313 0.0311043 -0.0663271 51.3598 
-0.0663751 0.0170428 0.997649 111.813 0.0418085 0.999024 -0.0142846 -3.06759 -0.996918 0.040762 -0.0670228 51.2931 
-0.0671438 0.0284523 0.997338 112.853 0.0462168 0.998609 -0.0253771 -3.09389 -0.996672 0.0443899 -0.0683653 51.2303 
-0.0685956 0.0255984 0.997316 113.886 0.0469114 0.998648 -0.0224059 -3.13564 -0.996541 0.0452485 -0.0697037 51.1948 
-0.0687958 0.0141655 0.99753 114.929 0.0489778 0.998741 -0.0108048 -3.18236 -0.996428 0.0481135 -0.069403 51.1411 
-0.068945 0.00329385 0.997615 115.943 0.0477066 0.998861 -9.31962e-07 -3.22829 -0.996479 0.0475928 -0.0690236 51.0932 
-0.0685219 -0.00175738 0.997648 116.941 0.0462197 0.998919 0.00493419 -3.24576 -0.996578 0.0464491 -0.0683666 51.0436 
-0.0684879 -0.0065106 0.997631 117.938 0.0440883 0.998982 0.00954614 -3.25453 -0.996677 0.0446377 -0.0681311 50.9959 
-0.0679964 -0.0104906 0.99763 118.939 0.0419335 0.999031 0.0133634 -3.27378 -0.996804 0.0427428 -0.0674906 50.9505 
-0.0678645 -0.00784573 0.997664 119.951 0.0401884 0.999136 0.0105911 -3.27793 -0.996885 0.0408132 -0.0674906 50.8983 
-0.0664323 -0.00135235 0.99779 120.924 0.0374107 0.999293 0.00384521 -3.29932 -0.997089 0.0375834 -0.0663347 50.8486 
-0.0658461 0.00521535 0.997816 121.905 0.0378245 0.999281 -0.00272692 -3.31045 -0.997113 0.0375623 -0.065996 50.7987 
-0.0657659 0.00962678 0.997789 122.861 0.0384631 0.999235 -0.00710552 -3.339 -0.997094 0.0379108 -0.0660858 50.7446 
-0.066111 0.0136073 0.99772 123.865 0.0399442 0.999142 -0.0109799 -3.38958 -0.997012 0.0391272 -0.0665978 50.716 
-0.0665536 0.0181881 0.997617 124.81 0.0387224 0.999128 -0.0156323 -3.41671 -0.997031 0.0375897 -0.0671998 50.6814 
-0.0664216 0.0183315 0.997623 125.76 0.0393878 0.9991 -0.0157362 -3.44428 -0.997014 0.038249 -0.0670838 50.6303 
-0.0663681 0.0120246 0.997723 126.718 0.0375618 0.999249 -0.00954439 -3.47195 -0.997088 0.0368429 -0.0667699 50.5827 
-0.0673289 0.00205946 0.997729 127.681 0.0360323 0.999351 0.000368775 -3.50066 -0.99708 0.0359753 -0.0673594 50.545 
-0.0690312 -0.00533433 0.9976 128.615 0.030889 0.999495 0.00748194 -3.51579 -0.997136 0.0313314 -0.0688316 50.5107 
-0.0714442 -0.00851809 0.997408 129.532 0.0270739 0.999579 0.010476 -3.52828 -0.997077 0.0277521 -0.0711835 50.4724 
-0.0728325 -0.00605762 0.997326 130.439 0.0232554 0.999699 0.00777037 -3.54775 -0.997073 0.0237592 -0.0726697 50.4214 
-0.0748424 0.000458323 0.997195 131.306 0.019731 0.999805 0.00102138 -3.57093 -0.997 0.0197521 -0.0748369 50.3885 
-0.0757842 0.00856532 0.997087 132.162 0.0189209 0.999795 -0.00715045 -3.5835 -0.996945 0.0183239 -0.0759308 50.3492 
-0.0748742 0.0145474 0.997087 132.998 0.0227956 0.999657 -0.0128731 -3.61188 -0.996932 0.0217654 -0.0751801 50.297 
-0.0729799 0.0159768 0.997205 133.79 0.0284333 0.999499 -0.0139326 -3.64624 -0.996928 0.027337 -0.0733976 50.261 
-0.0687842 0.0150194 0.997519 134.595 0.032261 0.999397 -0.0128231 -3.68067 -0.99711 0.031299 -0.0692273 50.2206 
-0.0639277 0.0107842 0.997896 135.379 0.0352144 0.999343 -0.00854391 -3.69765 -0.997333 0.0345942 -0.0642655 50.1824 
-0.0618494 0.0066224 0.998064 136.13 0.0349961 0.999378 -0.00446239 -3.73293 -0.997472 0.0346523 -0.0620427 50.1745 
-0.0573486 0.00479467 0.998343 136.828 0.0387653 0.999245 -0.00257213 -3.76548 -0.997601 0.0385535 -0.0574912 50.1279 
-0.0528466 0.00908986 0.998561 137.525 0.0389116 0.999218 -0.00703648 -3.79231 -0.997844 0.0384838 -0.0531589 50.0957 
-0.0489372 0.0133389 0.998713 138.245 0.0396402 0.999149 -0.0114023 -3.80656 -0.998015 0.0390311 -0.0494243 50.1025 
-0.0447638 0.0146599 0.99889 138.862 0.0409107 0.99908 -0.0128293 -3.82601 -0.99816 0.040291 -0.0453224 50.0903 
-0.0412624 0.0152829 0.999031 139.472 0.0372234 0.999212 -0.0137483 -3.83533 -0.998455 0.0366201 -0.0417988 50.0918 
-0.0369638 0.0146048 0.99921 140.066 0.0331918 0.999359 -0.0133791 -3.86411 -0.998765 0.032671 -0.0374248 50.088 
-0.0339903 0.0144989 0.999317 140.61 0.0293786 0.999477 -0.0135019 -3.8886 -0.99899 0.0288996 -0.0343985 50.0879 
-0.0305998 0.0172511 0.999383 141.144 0.0288325 0.99945 -0.0163694 -3.91225 -0.999116 0.0283138 -0.0310803 50.0758 
-0.0284717 0.0211113 0.999372 141.661 0.0265292 0.999441 -0.0203569 -3.92809 -0.999243 0.025933 -0.0290159 50.0501 
-0.0288393 0.0223822 0.999333 142.167 0.0238609 0.99948 -0.0216968 -3.94812 -0.999299 0.0232193 -0.0293584 50.0431 
-0.0305354 0.0208019 0.999317 142.723 0.0187024 0.99962 -0.0202367 -3.96739 -0.999359 0.0180717 -0.0309128 50.0337 
-0.0323019 0.0176117 0.999323 143.256 0.01389 0.999756 -0.0171703 -3.97529 -0.999382 0.0133259 -0.0325387 50.0322 
-0.0340818 0.0117508 0.99935 143.804 0.0132575 0.999848 -0.0113045 -4.00026 -0.999331 0.0128636 -0.0342324 50.0104 
-0.0341814 0.00970469 0.999369 144.3 0.0182592 0.999792 -0.00908424 -4.00577 -0.999249 0.0179372 -0.0343515 49.9571 
-0.0370867 0.0116806 0.999244 144.792 0.0200795 0.999739 -0.0109411 -4.02459 -0.99911 0.0196585 -0.0373115 49.9461 
-0.0408771 0.0156537 0.999042 145.317 0.0190276 0.999708 -0.0148856 -4.03082 -0.998983 0.0184009 -0.041163 49.948 
-0.04324 0.0175427 0.998911 145.808 0.0144684 0.999752 -0.0169311 -4.03206 -0.99896 0.0137205 -0.0434831 49.9339 
-0.0458542 0.0184432 0.998778 146.282 0.01299 0.999756 -0.0178649 -4.05129 -0.998864 0.0121549 -0.0460825 49.9413 
-0.0483323 0.0199188 0.998633 146.77 0.0134817 0.999723 -0.019288 -4.06534 -0.99874 0.0125311 -0.0485875 49.9331 
-0.0509045 0.0179165 0.998543 147.276 0.0139756 0.999754 -0.0172258 -4.07629 -0.998606 0.0130784 -0.0511423 49.9072 
-0.0549608 0.0129036 0.998405 147.764 0.0139409 0.999829 -0.0121546 -4.08726 -0.998391 0.0132506 -0.0551313 49.9122 
-0.0586257 0.0102814 0.998227 148.267 0.0132597 0.999867 -0.00951948 -4.09743 -0.998192 0.0126781 -0.0587542 49.9209 
-0.0606669 0.00879064 0.998119 148.735 0.0113326 0.999903 -0.00811749 -4.12076 -0.998094 0.0108188 -0.0607606 49.8879 
-0.0631903 0.00791347 0.99797 149.24 0.00887486 0.999934 -0.00736705 -4.1224 -0.997962 0.00839131 -0.0632564 49.8846 
-0.0645073 0.0057178 0.997901 149.727 0.00866793 0.999949 -0.00516917 -4.15101 -0.99788 0.00831628 -0.0645536 49.8645 
-0.0648493 0.00688301 0.997871 150.207 0.00817365 0.999946 -0.0063661 -4.14367 -0.997862 0.00774341 -0.0649021 49.836 
-0.0639917 0.00764781 0.997921 150.68 0.0105795 0.99992 -0.00698468 -4.16902 -0.997894 0.0101106 -0.0640675 49.8194 
-0.0578336 0.0102692 0.998273 151.169 0.0136363 0.999862 -0.00949553 -4.17748 -0.998233 0.0130636 -0.0579657 49.7691 
-0.0498738 0.0121046 0.998682 151.644 0.0141019 0.999835 -0.0114142 -4.20009 -0.998656 0.0135141 -0.0500363 49.7488 
-0.040806 0.0112137 0.999104 152.105 0.0124537 0.999865 -0.0107136 -4.21919 -0.99909 0.0120054 -0.0409401 49.7737 
-0.0255692 0.0102218 0.999621 152.563 0.0142656 0.99985 -0.0098592 -4.2298 -0.999571 0.0140081 -0.0257112 49.7767 
-0.00300684 0.0102123 0.999943 153.005 0.0198488 0.999752 -0.0101506 -4.24542 -0.999799 0.0198171 -0.0032088 49.7846 
0.0267596 0.00964315 0.999595 153.441 0.0268285 0.999586 -0.0103612 -4.26666 -0.999282 0.0270949 0.0264898 49.8171 
0.062815 0.0090552 0.997984 153.87 0.0272579 0.99957 -0.0107852 -4.28208 -0.997653 0.0278804 0.0625412 49.8664 
0.103043 0.00802664 0.994645 154.293 0.0250099 0.99963 -0.0106578 -4.30536 -0.994362 0.0259742 0.102804 49.9569 
0.14575 0.0107608 0.989263 154.727 0.0203939 0.999696 -0.0138789 -4.3256 -0.989111 0.0221977 0.145486 50.0404 
0.187025 0.0157105 0.98223 155.115 0.0193551 0.999619 -0.019674 -4.33135 -0.982165 0.0226907 0.18665 50.1648 
0.228806 0.0198259 0.97327 155.499 0.020264 0.999479 -0.0251236 -4.3408 -0.973261 0.0254708 0.228285 50.2988 
0.271973 0.0212354 0.962071 155.895 0.0212473 0.99938 -0.0280654 -4.36703 -0.96207 0.0280745 0.271353 50.4355 
0.313449 0.0237037 0.949309 156.293 0.017758 0.999367 -0.030817 -4.37017 -0.949439 0.0265174 0.31283 50.6065 
0.353895 0.0273546 0.934885 156.664 0.00949504 0.999416 -0.032837 -4.38269 -0.935237 0.0204976 0.353429 50.8025 
0.393941 0.0320931 0.918575 157.046 0.00111118 0.999373 -0.0353925 -4.3986 -0.919135 0.0149633 0.393658 51.0193 
0.43359 0.0366972 0.900363 157.403 -0.0033832 0.99923 -0.0390976 -4.4307 -0.901104 0.0139062 0.43338 51.2306 
0.472662 0.04035 0.880319 157.777 -0.0048315 0.999055 -0.0431982 -4.4512 -0.88123 0.0161649 0.472411 51.4562 
0.510557 0.0397954 0.858923 158.128 -0.00362657 0.999019 -0.0441305 -4.46565 -0.859836 0.0194162 0.5102 51.7099 
0.547091 0.038808 0.836173 158.463 -0.00650372 0.999092 -0.042114 -4.48662 -0.837048 0.017602 0.546847 51.9714 
0.580891 0.0398616 0.813005 158.804 -0.0113848 0.9991 -0.0408514 -4.5052 -0.813902 0.0144743 0.580822 52.273 
0.613156 0.0444357 0.788711 159.144 -0.0190768 0.998958 -0.0414503 -4.52344 -0.789732 0.0103694 0.613365 52.5865 
0.642778 0.0486436 0.764507 159.442 -0.0252277 0.998785 -0.0423392 -4.53865 -0.765637 0.00792795 0.643224 52.925 
0.671132 0.0497038 0.73967 159.769 -0.0258591 0.998712 -0.0436477 -4.56145 -0.740886 0.0101662 0.671553 53.2596 
0.69637 0.0492649 0.71599 160.078 -0.0231697 0.998664 -0.0461799 -4.57765 -0.717309 0.015569 0.696581 53.6157 
0.719456 0.0506642 0.692688 160.421 -0.0252477 0.998585 -0.0468146 -4.60354 -0.694079 0.0161923 0.719717 54.0046 
0.739641 0.0551397 0.670739 160.744 -0.0331044 0.998412 -0.0455717 -4.63031 -0.672187 0.0115023 0.740292 54.4029 
0.755962 0.0572178 0.65211 161.046 -0.0399038 0.998348 -0.0413388 -4.6463 -0.653398 0.00522889 0.756996 54.8241 
0.769511 0.0565433 0.636126 161.386 -0.0426565 0.998399 -0.0371437 -4.67183 -0.637208 0.00144762 0.770691 55.2603 
0.780843 0.0502674 0.622701 161.725 -0.0372911 0.998731 -0.0338605 -4.69494 -0.623613 0.00321859 0.781727 55.7061 
0.790766 0.0422368 0.610659 162.07 -0.0306237 0.999097 -0.0294476 -4.71809 -0.611352 0.00458552 0.791346 56.1501 
0.797781 0.0352696 0.601915 162.392 -0.026255 0.999373 -0.0237604 -4.75971 -0.602375 0.00315235 0.798207 56.6216 
0.804378 0.0325423 0.593226 162.725 -0.0253935 0.99947 -0.0203953 -4.7795 -0.593575 0.00134146 0.804778 57.117 
0.811278 0.0295504 0.583913 163.077 -0.0226381 0.999561 -0.0191323 -4.784 -0.584222 0.00230297 0.811591 57.646 
0.818606 0.025354 0.573795 163.446 -0.0174918 0.999662 -0.0192168 -4.80276 -0.574089 0.0056943 0.818773 58.2015 
0.825359 0.0252257 0.564045 163.798 -0.0152403 0.999633 -0.0224053 -4.82677 -0.564403 0.00989622 0.82544 58.7503 
0.831306 0.0292973 0.555043 164.151 -0.0164885 0.99947 -0.0280605 -4.8475 -0.555571 0.0141751 0.831348 59.315 
0.835586 0.0338206 0.548317 164.506 -0.0191385 0.999289 -0.0324715 -4.8808 -0.549026 0.0166388 0.83564 59.892 
0.837762 0.0388925 0.544648 164.868 -0.0225464 0.999073 -0.0366619 -4.90097 -0.54557 0.0184341 0.837863 60.473 
0.83756 0.0433723 0.54462 165.226 -0.0283336 0.998951 -0.0359804 -4.967 -0.54561 0.0147047 0.837911 61.0401 
0.835325 0.0437092 0.548017 165.596 -0.0305541 0.998985 -0.0331051 -4.98267 -0.548907 0.0109094 0.835812 61.6888 
0.833219 0.0463154 0.551 166.005 -0.0338628 0.99889 -0.0327563 -4.9999 -0.551905 0.00863482 0.833862 62.3101 
0.830497 0.0482181 0.554932 166.429 -0.0373011 0.998824 -0.030964 -5.0502 -0.555772 0.00501596 0.83132 62.9549 
0.827273 0.0487367 0.559682 166.853 -0.0388169 0.998808 -0.0295995 -5.07656 -0.560458 0.00276174 0.828178 63.6169 
0.823959 0.0452038 0.564844 167.273 -0.0352524 0.998971 -0.0285223 -5.11302 -0.565552 0.00358912 0.824705 64.2571 
0.820765 0.0416643 0.569744 167.72 -0.0322947 0.999126 -0.0265407 -5.14 -0.570352 0.00338398 0.821393 64.9326 
0.817304 0.0413544 0.574721 168.181 -0.0327573 0.999143 -0.02531 -5.18441 -0.575276 0.0018597 0.817958 65.5846 
0.814177 0.0435298 0.578982 168.628 -0.0338916 0.999048 -0.0274526 -5.21399 -0.579626 0.00272865 0.814878 66.2464 
0.810599 0.0455062 0.583831 169.077 -0.0338527 0.99895 -0.0308607 -5.24802 -0.584623 0.00525138 0.811288 66.9159 
0.808175 0.0474823 0.587025 169.555 -0.0337896 0.998841 -0.0342732 -5.27898 -0.587972 0.00786343 0.808843 67.5812 
0.804869 0.0465547 0.591623 170.027 -0.033806 0.998896 -0.0326117 -5.3387 -0.592489 0.00624782 0.805555 68.2781 
0.802364 0.0443101 0.595188 170.509 -0.0351064 0.999018 -0.0270477 -5.36334 -0.595801 0.000807292 0.803131 68.9804 
0.800366 0.0399076 0.598182 171.026 -0.034113 0.999197 -0.0210181 -5.40807 -0.59854 -0.00358362 0.801085 69.6852 
0.798537 0.0386928 0.600701 171.552 -0.0301239 0.99925 -0.0243194 -5.46145 -0.601192 0.00132446 0.799104 70.3815 
0.797503 0.0429809 0.601782 172.043 -0.027344 0.999009 -0.0351147 -5.50654 -0.602695 0.011549 0.797888 71.0448 
0.796157 0.0461711 0.603326 172.554 -0.0262488 0.998781 -0.0417959 -5.5536 -0.60452 0.0174396 0.796399 71.7311 
0.795448 0.0420363 0.604562 173.061 -0.02112 0.998908 -0.0416673 -5.60039 -0.605654 0.0203759 0.795468 72.4051 
0.795 0.0362833 0.605523 173.582 -0.0182291 0.999188 -0.0359387 -5.64127 -0.606335 0.0175331 0.795016 73.1028 
0.794698 0.0316703 0.606179 174.092 -0.0148108 0.999352 -0.032795 -5.68709 -0.606825 0.0170841 0.794652 73.7891 
0.795071 0.0275055 0.605893 174.61 -0.0110519 0.999462 -0.0308695 -5.73435 -0.606416 0.0178472 0.794947 74.4857 
0.795892 0.0232885 0.604991 175.112 -0.00588687 0.99951 -0.0307307 -5.78075 -0.60541 0.0208968 0.795639 75.1383 
0.797118 0.0201834 0.603486 175.607 -0.0018188 0.999517 -0.0310261 -5.82032 -0.603821 0.0236339 0.79677 75.7642 
0.797632 0.0229964 0.602706 176.092 -0.00254327 0.999392 -0.0347662 -5.88087 -0.603139 0.0261978 0.797206 76.4302 
0.798606 0.0216922 0.601463 176.585 0.00201064 0.999249 -0.0387082 -5.93198 -0.601851 0.0321219 0.797962 77.0941 
0.799348 0.0185993 0.600581 177.063 0.00389358 0.99934 -0.0361305 -5.98894 -0.600856 0.0312193 0.798747 77.7153 
0.798669 0.0179327 0.601503 177.542 0.000641249 0.99953 -0.0306505 -6.02312 -0.60177 0.0248654 0.798282 78.4056 
0.798086 0.0121173 0.602422 178.03 0.000498881 0.999784 -0.0207709 -6.07429 -0.602543 0.0168775 0.797908 79.088 
0.798248 0.00766497 0.60228 178.523 0.00212735 0.999877 -0.0155445 -6.10868 -0.602325 0.0136896 0.798134 79.7224 
0.797879 0.00502768 0.602796 179.025 0.0048186 0.99988 -0.0147176 -6.14223 -0.602798 0.0146475 0.797759 80.3659 
0.796473 0.00947632 0.6046 179.458 0.00187967 0.999834 -0.0181472 -6.1699 -0.604672 0.0155902 0.796322 80.9852 
0.795037 0.0160606 0.606348 179.894 -4.7796e-05 0.999651 -0.0264155 -6.21027 -0.606561 0.0209723 0.79476 81.6082 
0.793381 0.0219605 0.608329 180.322 -0.00147432 0.999415 -0.0341557 -6.24964 -0.608724 0.0262016 0.792949 82.1878 
0.791672 0.0219712 0.610551 180.77 0.00193987 0.999258 -0.0384743 -6.276 -0.610943 0.0316435 0.791042 82.7644 
0.788967 0.0173595 0.614191 181.175 0.00538819 0.999367 -0.0351676 -6.32265 -0.614412 0.0310555 0.788374 83.3084 
0.786578 0.010441 0.617402 181.602 0.00890628 0.999561 -0.0282504 -6.34965 -0.617426 0.0277199 0.78614 83.8607 
