1 2.12261e-08 -2.11895e-08 0 2.12261e-08 1 2.10703e-08 0 -2.11895e-08 2.10703e-08 1 0 
0.999926 -0.00248272 0.0119413 -0.00117691 0.00246366 0.999996 0.00161422 -0.00948047 -0.0119453 -0.00158464 0.999927 0.29938 
0.999836 -0.0045193 0.017518 0.0258018 0.00449899 0.999989 0.00120092 -0.0141887 -0.0175232 -0.00112187 0.999846 0.571336 
0.9998 -0.00766984 0.0184797 0.0460132 0.00766502 0.999971 0.000333963 -0.0279032 -0.0184817 -0.000192207 0.999829 0.865038 
0.999828 -0.00955026 0.0159169 0.0561728 0.00958945 0.999951 -0.00238493 -0.0116516 -0.0158934 0.0025372 0.999871 1.18945 
0.999893 -0.0124084 0.00770512 0.0852462 0.0124368 0.999916 -0.00364034 -0.0172553 -0.00765934 0.00373582 0.999964 1.47983 
0.999885 -0.0144637 -0.00452927 0.0735731 0.0144395 0.999881 -0.00534626 -0.0219397 0.00460602 0.00528028 0.999975 1.79977 
0.999692 -0.0129851 -0.0211293 0.0466337 0.0128633 0.9999 -0.00589151 -0.0270402 0.0212036 0.00561795 0.999759 2.13187 
0.999098 -0.00849207 -0.0416113 0.0321842 0.00823363 0.999946 -0.00637914 -0.0248998 0.0416631 0.00603081 0.999114 2.48373 
0.998033 -0.00482538 -0.0625019 -0.00143774 0.00436624 0.999963 -0.00748116 -0.034386 0.0625357 0.00719359 0.998017 2.85907 
0.996609 -0.00464775 -0.0821498 -0.0518833 0.00411166 0.999969 -0.00669422 -0.0532643 0.0821783 0.00633379 0.996598 3.23653 
0.994654 -0.00627291 -0.103075 -0.120912 0.00562869 0.999963 -0.00654004 -0.0481456 0.103112 0.00592494 0.994652 3.6195 
0.992465 -0.00735123 -0.122307 -0.189429 0.00667205 0.99996 -0.00596204 -0.0564008 0.122345 0.00510113 0.992475 3.9871 
0.989942 -0.00686848 -0.141308 -0.249291 0.00608866 0.999964 -0.00595047 -0.055906 0.141343 0.00503029 0.989948 4.40211 
0.987464 -0.00606667 -0.157731 -0.33076 0.00523602 0.99997 -0.00568148 -0.0538338 0.15776 0.00478442 0.987466 4.81393 
0.985269 -0.0045843 -0.170953 -0.418265 0.00348766 0.999971 -0.00671485 -0.0539914 0.170979 0.00601975 0.985256 5.2342 
0.983126 -0.00558837 -0.182847 -0.524102 0.00403844 0.999953 -0.00884812 -0.0601623 0.182888 0.00796044 0.983102 5.6478 
0.981345 -0.0105053 -0.191968 -0.635793 0.00892658 0.999919 -0.00908731 -0.0821011 0.192048 0.00720421 0.981359 6.11055 
0.979644 -0.00932433 -0.200524 -0.738204 0.00732332 0.999916 -0.0107185 -0.0971033 0.200607 0.0090319 0.97963 6.56895 
0.978107 -0.00986599 -0.207871 -0.855555 0.00742304 0.999894 -0.0125293 -0.106021 0.207972 0.010712 0.978076 7.05179 
0.97619 -0.00942285 -0.216712 -0.969005 0.00630474 0.999867 -0.0150753 -0.113733 0.216825 0.0133501 0.976119 7.53422 
0.974508 -0.0144393 -0.223886 -1.10258 0.0106777 0.999781 -0.0180032 -0.118973 0.224097 0.0151537 0.974449 8.02824 
0.972691 -0.0199571 -0.231243 -1.23998 0.0158827 0.999684 -0.019468 -0.1297 0.231559 0.0152637 0.972701 8.52759 
0.970127 -0.0209689 -0.241689 -1.3684 0.015528 0.999582 -0.0243955 -0.127774 0.242099 0.0199138 0.970047 9.07222 
0.967674 -0.0176298 -0.251586 -1.50027 0.0109936 0.999554 -0.0277587 -0.147371 0.251963 0.0240956 0.967437 9.59936 
0.965231 -0.0147685 -0.260982 -1.67382 0.00665601 0.999468 -0.0319414 -0.161275 0.261315 0.0290938 0.964815 10.1404 
0.96337 -0.014764 -0.267771 -1.87965 0.00573666 0.99939 -0.0344644 -0.167244 0.268116 0.0316658 0.962866 10.6755 
0.960818 -0.021192 -0.276369 -2.07092 0.0114033 0.999251 -0.0369784 -0.171804 0.276946 0.0323781 0.96034 11.2822 
0.958532 -0.0198215 -0.284296 -2.26565 0.00886501 0.999169 -0.0397744 -0.20065 0.284848 0.0356048 0.957911 11.846 
0.955884 -0.0201201 -0.293054 -2.44287 0.00785542 0.999046 -0.0429685 -0.222918 0.293638 0.0387709 0.95513 12.4173 
0.953686 -0.0191197 -0.300197 -2.65308 0.00520004 0.998877 -0.0470992 -0.273936 0.30076 0.0433568 0.952714 12.9762 
0.951803 -0.0248467 -0.305701 -2.84859 0.0082448 0.998426 -0.0554798 -0.296392 0.306598 0.0502854 0.95051 13.5722 
0.950187 -0.0257038 -0.310618 -3.05282 0.00621735 0.997959 -0.0635626 -0.331963 0.311618 0.0584652 0.948407 14.2051 
0.949121 -0.0264504 -0.313799 -3.32345 0.00387465 0.997372 -0.0723501 -0.368335 0.314888 0.0674532 0.946729 14.8502 
0.94771 -0.0237794 -0.318245 -3.60067 -0.00250183 0.996636 -0.0819194 -0.420217 0.319122 0.0784321 0.944462 15.5139 
0.946214 -0.0224818 -0.322759 -3.83491 -0.00641339 0.996084 -0.0881843 -0.483443 0.323477 0.0855113 0.942364 16.1603 
0.944121 -0.0258965 -0.328579 -4.05507 -0.00487128 0.995703 -0.0924718 -0.573606 0.329562 0.0889053 0.939939 16.7909 
0.943019 -0.0249491 -0.331803 -4.32333 -0.00797287 0.995204 -0.0974919 -0.648207 0.332644 0.0945822 0.938298 17.4204 
0.942018 -0.018075 -0.335075 -4.68988 -0.0181665 0.994337 -0.10471 -0.738328 0.33507 0.104726 0.936355 18.1591 
0.940294 -0.0149198 -0.340036 -4.94955 -0.0228879 0.994006 -0.106906 -0.834115 0.339592 0.108305 0.934316 18.7914 
0.938967 -0.0131218 -0.343756 -5.27243 -0.025755 0.993786 -0.108284 -0.907185 0.343041 0.110529 0.932795 19.4648 
0.936901 -0.0124219 -0.349375 -5.62096 -0.027137 0.993769 -0.108105 -0.983089 0.348541 0.110765 0.930726 20.2021 
0.934499 -0.0160462 -0.355604 -5.92588 -0.0231743 0.994122 -0.105759 -1.05439 0.355211 0.107072 0.928634 20.9758 
0.93229 -0.0160274 -0.361356 -6.38029 -0.023616 0.994189 -0.105025 -1.12079 0.36094 0.106447 0.926494 21.8211 
0.929165 -0.0141198 -0.369396 -6.68867 -0.0255015 0.994441 -0.102157 -1.20967 0.368785 0.104341 0.92364 22.5375 
0.926414 -0.00951354 -0.376386 -7.03204 -0.0291883 0.994857 -0.0969885 -1.30451 0.375373 0.100838 0.921372 23.2494 
0.922752 -0.00668002 -0.385338 -7.37327 -0.0308753 0.995355 -0.0911908 -1.38932 0.384157 0.0960439 0.918259 24.0068 
0.918901 -0.00357044 -0.394473 -7.74004 -0.0336519 0.995605 -0.0874015 -1.47105 0.393051 0.0935881 0.914742 24.793 
0.916978 0.00428645 -0.398914 -8.14897 -0.0426737 0.995259 -0.0873993 -1.53484 0.396648 0.0971664 0.912814 25.4007 
0.913046 0.00454361 -0.407831 -8.48096 -0.0436311 0.995288 -0.0865924 -1.61272 0.405516 0.096857 0.908942 26.0317 
0.90926 0.00131767 -0.416226 -8.88723 -0.0405308 0.995523 -0.0853894 -1.67233 0.41425 0.0945112 0.905243 26.8567 
0.904918 0.00118327 -0.425585 -9.22272 -0.0404249 0.995714 -0.0831867 -1.76331 0.423663 0.0924814 0.901087 27.5855 
0.900825 -0.000172651 -0.434183 -9.61201 -0.039023 0.995921 -0.0813593 -1.83688 0.432426 0.0902337 0.897143 28.4175 
0.897631 0.00140036 -0.440746 -10.0625 -0.0399712 0.996133 -0.0782412 -1.89967 0.438932 0.0878489 0.894215 29.1914 
0.89407 0.00339331 -0.447914 -10.5196 -0.0405116 0.996486 -0.0733151 -1.9735 0.446091 0.0836946 0.891066 29.9925 
0.890513 0.00289978 -0.454948 -10.9529 -0.0388427 0.996813 -0.069677 -2.04413 0.453296 0.0797197 0.887788 30.7763 
0.88674 0.00302045 -0.462258 -11.3953 -0.0386013 0.99697 -0.0675338 -2.12877 0.460654 0.0777287 0.88417 31.6064 
0.884598 0.00389542 -0.466339 -11.826 -0.0394544 0.997005 -0.0665129 -2.19511 0.464683 0.0772364 0.882102 32.3675 
0.882161 0.00575751 -0.470912 -12.388 -0.0418939 0.99692 -0.0662914 -2.24855 0.46908 0.0782081 0.879686 33.2578 
0.87905 0.00560184 -0.476696 -12.8648 -0.0416732 0.997006 -0.0651312 -2.31343 0.474904 0.0771191 0.876652 34.095 
0.875868 0.00123542 -0.482549 -13.2202 -0.0361521 0.997354 -0.0630659 -2.40813 0.481194 0.0726827 0.873596 34.8619 
0.87441 0.0033844 -0.485176 -13.6904 -0.0395091 0.997151 -0.0642497 -2.48012 0.483576 0.0753494 0.872053 35.6152 
0.872296 -1.34217e-05 -0.488978 -14.1834 -0.0357633 0.99732 -0.0638261 -2.56293 0.487668 0.0731628 0.869958 36.5201 
0.87175 0.000304747 -0.48995 -14.6969 -0.0363522 0.997284 -0.0640598 -2.61931 0.4886 0.073655 0.869394 37.4084 
0.872274 0.000121339 -0.489017 -15.2815 -0.0343086 0.997551 -0.0609498 -2.70564 0.487812 0.0699424 0.870142 38.3077 
0.871685 -0.000882717 -0.490066 -15.772 -0.0327873 0.997653 -0.0601161 -2.80593 0.488968 0.0684703 0.86961 39.1689 
0.871048 -0.00307712 -0.491189 -16.2682 -0.0306428 0.997692 -0.0605905 -2.86906 0.490242 0.0678287 0.868943 40.0523 
0.870095 -0.00587096 -0.492849 -16.7917 -0.0276954 0.997767 -0.0607803 -2.95928 0.492105 0.0665343 0.86799 40.9634 
0.869556 -0.00773141 -0.493774 -17.5983 -0.0251662 0.997885 -0.0599434 -2.99692 0.493193 0.0645506 0.867522 42.0308 
0.87195 -0.00506463 -0.489568 -18.81 -0.0254817 0.998122 -0.0557101 -3.11961 0.488931 0.0610515 0.870183 43.2807 
0.870391 -0.0035339 -0.492349 -19.3883 -0.0260067 0.998248 -0.0531406 -3.17424 0.491675 0.0590575 0.868774 44.1439 
0.866055 -0.00316697 -0.499939 -19.9379 -0.0256591 0.998381 -0.0507743 -3.24588 0.49929 0.0568013 0.864571 45.0605 
0.861403 -0.00597321 -0.507887 -20.4998 -0.0242015 0.998312 -0.0527882 -3.32541 0.507345 0.0577635 0.859805 45.9422 
0.855676 -0.00912201 -0.517432 -21.061 -0.0238011 0.998093 -0.0569557 -3.37745 0.516965 0.0610511 0.853827 46.8063 
0.849933 -0.0102387 -0.526792 -21.6049 -0.0222647 0.99822 -0.0553235 -3.46362 0.526421 0.0587501 0.848192 47.6336 
0.84504 -0.00710761 -0.534657 -22.2319 -0.0227243 0.998531 -0.0491908 -3.55513 0.534221 0.0537179 0.843637 48.5261 
0.840159 -0.00319984 -0.542331 -22.8091 -0.025219 0.99867 -0.0449607 -3.62572 0.541754 0.0514512 0.838961 49.385 
0.835715 -0.00368282 -0.549152 -23.3898 -0.0254094 0.998647 -0.0453661 -3.70455 0.548576 0.0518668 0.83449 50.2746 
0.831183 -0.00645921 -0.555962 -23.9681 -0.0256184 0.998426 -0.0499002 -3.76864 0.555409 0.0557191 0.829709 51.1411 
0.82762 -0.0085011 -0.561224 -24.5778 -0.0280954 0.998005 -0.0565486 -3.84102 0.560585 0.0625686 0.82573 52.0272 
0.825861 -0.0105225 -0.563776 -25.1694 -0.0263728 0.998011 -0.05726 -3.92461 0.563257 0.0621572 0.823941 52.776 
0.822861 -0.00899778 -0.568171 -25.7676 -0.025345 0.998298 -0.0525157 -3.98978 0.567677 0.0576135 0.821233 53.6091 
0.819354 -0.00596221 -0.573257 -26.4051 -0.0258149 0.998548 -0.0472827 -4.04554 0.572707 0.0535399 0.81801 54.457 
0.816813 -0.00512233 -0.57688 -27.0076 -0.0254527 0.998667 -0.0449064 -4.09643 0.576341 0.0513633 0.815594 55.2542 
0.813244 -0.00438072 -0.581907 -27.6558 -0.0271861 0.998594 -0.0455115 -4.14701 0.581288 0.0528318 0.811981 56.1308 
0.811181 -0.00373686 -0.584784 -28.2835 -0.0294037 0.998454 -0.0471675 -4.21453 0.584056 0.0554562 0.809817 56.926 
0.808035 -0.00520748 -0.589112 -28.943 -0.0301285 0.998287 -0.0501491 -4.27767 0.588364 0.0582713 0.806494 57.7596 
0.803706 -0.00636282 -0.594992 -29.6117 -0.0288306 0.998352 -0.0496203 -4.3531 0.594327 0.0570342 0.802198 58.606 
0.800471 -0.00760558 -0.599324 -30.3126 -0.0269411 0.998452 -0.0486539 -4.41788 0.598766 0.0550925 0.799027 59.4433 
0.795745 -0.0056077 -0.605606 -30.9447 -0.028295 0.998521 -0.0464247 -4.49726 0.60497 0.0540779 0.79441 60.2824 
0.790766 -0.00836824 -0.612061 -31.6417 -0.0259607 0.998548 -0.0471929 -4.557 0.611568 0.0532081 0.789401 61.1105 
0.785574 -0.0104561 -0.618679 -32.3349 -0.0246299 0.998536 -0.0481501 -4.61123 0.618277 0.0530636 0.784167 61.9415 
0.781369 -0.00959538 -0.623996 -33.1403 -0.0275138 0.99838 -0.0498053 -4.66947 0.623463 0.0560848 0.779839 62.8035 
0.776595 -0.0095405 -0.629928 -33.818 -0.029405 0.998247 -0.0513703 -4.73183 0.629313 0.0584171 0.774953 63.5767 
0.772292 -0.00978371 -0.635192 -34.5671 -0.0314063 0.998071 -0.053558 -4.79988 0.634491 0.0613115 0.770495 64.3769 
0.766905 -0.0141674 -0.641605 -35.3777 -0.0276254 0.998101 -0.0550596 -4.82668 0.641166 0.0599501 0.765057 65.2102 
0.760724 -0.0137705 -0.648929 -36.1113 -0.0276077 0.998184 -0.0535456 -4.9077 0.648488 0.0586489 0.758962 66.0303 
0.754552 -0.0157421 -0.656052 -36.8159 -0.0254238 0.998261 -0.0531945 -4.96003 0.655748 0.0568174 0.752839 66.8192 
0.748896 -0.0176735 -0.662452 -37.6563 -0.024597 0.998214 -0.0544379 -5.02079 0.662231 0.0570627 0.747124 67.6601 
0.74261 -0.0180382 -0.669481 -38.3514 -0.0248869 0.998204 -0.0545005 -5.10199 0.669262 0.057134 0.740827 68.4117 
0.73658 -0.0170034 -0.676136 -39.0742 -0.0280583 0.998055 -0.0556657 -5.1645 0.675768 0.0599736 0.734671 69.183 
0.732077 -0.0166215 -0.681019 -39.9372 -0.0279427 0.998128 -0.0543988 -5.25869 0.680649 0.0588537 0.730242 70.0085 
0.727655 -0.0180531 -0.685706 -40.6501 -0.0260186 0.998208 -0.053891 -5.32249 0.68545 0.0570552 0.725881 70.7442 
0.722978 -0.0186968 -0.690618 -41.4132 -0.0260993 0.998181 -0.0543455 -5.39028 0.690378 0.0573153 0.721175 71.5144 
0.717411 -0.0200278 -0.696362 -42.1967 -0.027885 0.99796 -0.0574298 -5.48081 0.696092 0.0606189 0.715389 72.314 
0.713312 -0.0225367 -0.700484 -43.1209 -0.0276845 0.997797 -0.0602936 -5.55151 0.7003 0.0624008 0.711117 73.1226 
0.707618 -0.0261044 -0.706113 -44.0027 -0.0231309 0.997926 -0.0600727 -5.65659 0.706216 0.0588416 0.705547 73.981 
0.702669 -0.0272556 -0.710995 -44.9339 -0.0215539 0.997992 -0.059559 -5.71388 0.711191 0.057175 0.70067 74.8725 
0.699647 -0.0280224 -0.713939 -45.9673 -0.0204749 0.998034 -0.0592382 -5.77269 0.714195 0.0560637 0.697698 75.7093 
0.694553 -0.0289228 -0.71886 -46.8312 -0.0207127 0.997974 -0.0601651 -5.85602 0.719143 0.0566775 0.692547 76.5148 
0.689943 -0.0303259 -0.723229 -47.7455 -0.0198037 0.997957 -0.0607378 -5.92787 0.723593 0.0562282 0.687933 77.3053 
0.685367 -0.0320266 -0.727493 -48.6021 -0.0178862 0.997991 -0.0607853 -5.99051 0.727978 0.0546724 0.683417 78.0837 
0.681061 -0.0336288 -0.731455 -49.5364 -0.0163451 0.997998 -0.0611023 -6.07426 0.732045 0.0535701 0.679147 78.8857 
0.67834 -0.0340069 -0.73396 -50.4095 -0.0173023 0.997912 -0.0622278 -6.16318 0.734544 0.0549109 0.676336 79.6126 
0.67496 -0.039053 -0.73682 -51.3033 -0.0131264 0.997805 -0.0649101 -6.24665 0.737738 0.0534835 0.672966 80.3869 
0.670708 -0.0430354 -0.740472 -52.2483 -0.00884723 0.99778 -0.0660036 -6.33823 0.741668 0.0508204 0.668839 81.1509 
0.666841 -0.0427753 -0.743971 -53.0532 -0.00977792 0.997763 -0.0661315 -6.46801 0.745136 0.0513738 0.664931 81.7879 
0.660024 -0.0455068 -0.749865 -53.951 -0.00683748 0.997758 -0.066569 -6.56601 0.751213 0.0490644 0.658234 82.494 
0.651851 -0.04703 -0.756887 -54.9314 -0.00278192 0.99792 -0.0644027 -6.66896 0.758342 0.0440866 0.650365 83.2917 
0.645599 -0.0440793 -0.762403 -55.8326 -0.00470546 0.998084 -0.06169 -6.78027 0.763662 0.0434146 0.644155 83.937 
0.63759 -0.0429127 -0.76918 -56.7594 -0.00609194 0.998135 -0.060736 -6.88469 0.770352 0.0434105 0.636139 84.6403 
0.628817 -0.0431583 -0.776355 -57.6974 -0.00831231 0.998028 -0.0622141 -6.98315 0.777509 0.0455746 0.627218 85.3609 
0.621288 -0.0450133 -0.782289 -58.7351 -0.0085698 0.997899 -0.0642258 -7.05513 0.783536 0.0466068 0.619596 86.0819 
0.612613 -0.0462924 -0.789026 -59.7503 -0.00884763 0.997819 -0.0654118 -7.1539 0.790334 0.0470532 0.610867 86.8123 
0.604114 -0.0450831 -0.795622 -60.8578 -0.00870357 0.997966 -0.0631573 -7.25827 0.79685 0.045079 0.602493 87.5534 
0.593891 -0.0469535 -0.803174 -61.9018 -0.00461195 0.998081 -0.0617579 -7.35717 0.804532 0.0403817 0.592534 88.3138 
0.585969 -0.0466315 -0.808991 -62.917 -0.00643006 0.998044 -0.0621863 -7.44154 0.810308 0.0416411 0.584523 88.9517 
0.574695 -0.048374 -0.816937 -63.9325 -0.00711554 0.997918 -0.0640962 -7.52588 0.818337 0.0426488 0.573154 89.6506 
0.565134 -0.0479619 -0.823604 -64.9675 -0.00821663 0.997932 -0.0637518 -7.62983 0.824959 0.0427956 0.563571 90.3087 
0.556734 -0.0494691 -0.829217 -66.0239 -0.00890288 0.997813 -0.0655045 -7.72181 0.830643 0.043851 0.555075 90.9694 
0.547266 -0.0494333 -0.835497 -67.1063 -0.00976535 0.997809 -0.0654331 -7.80819 0.836902 0.0439683 0.545585 91.6187 
0.540673 -0.0474389 -0.839894 -68.2025 -0.0107943 0.997935 -0.0633141 -7.90292 0.841164 0.0432983 0.539045 92.2386 
0.533046 -0.0477541 -0.844737 -69.3817 -0.00899179 0.99803 -0.0620939 -7.98248 0.846038 0.0406947 0.531567 92.9283 
0.525491 -0.0492167 -0.849375 -70.5605 -0.00814059 0.997989 -0.0628646 -8.07414 0.85076 0.0399492 0.524033 93.6371 
0.518068 -0.05197 -0.853759 -71.6662 -0.00478915 0.997961 -0.0636539 -8.21097 0.855326 0.0370659 0.516762 94.2766 
0.511922 -0.0544468 -0.857305 -72.815 -0.00276783 0.99788 -0.0650274 -8.3195 0.859028 0.0356619 0.510686 94.9113 
0.507072 -0.0562295 -0.860068 -73.9201 -0.0048219 0.997669 -0.0680685 -8.42612 0.86189 0.0386628 0.505619 95.4958 
0.501729 -0.0596327 -0.862967 -75.006 -0.00442744 0.997431 -0.0714986 -8.51681 0.865014 0.0396937 0.500176 96.1138 
0.498346 -0.0599028 -0.864906 -76.0781 -0.000459479 0.997592 -0.0693573 -8.64224 0.866978 0.0349614 0.497119 96.6563 
0.494531 -0.0555565 -0.867382 -77.2136 -0.00198326 0.99788 -0.0650458 -8.74881 0.869158 0.0338875 0.493373 97.2775 
0.490597 -0.0528726 -0.869781 -78.3239 -0.000348854 0.998146 -0.0608724 -8.85758 0.871387 0.0301673 0.489668 97.8803 
0.487232 -0.0526378 -0.871685 -79.4614 0.00133664 0.998226 -0.059532 -8.95596 0.873271 0.0278409 0.486438 98.4954 
0.485737 -0.0525778 -0.872523 -80.5591 0.00267671 0.998274 -0.0586654 -9.0621 0.874101 0.0261605 0.485039 99.0502 
0.482179 -0.0531819 -0.874457 -81.628 0.00746757 0.998369 -0.0566002 -9.15145 0.876041 0.0207614 0.481789 99.6404 
0.479464 -0.0513606 -0.876058 -82.7034 0.00919042 0.998525 -0.0535106 -9.2537 0.877514 0.0176051 0.479228 100.223 
0.475202 -0.0517372 -0.878354 -83.7214 0.0118407 0.998555 -0.0524113 -9.36675 0.879797 0.0145057 0.475128 100.848 
0.473072 -0.0555707 -0.87927 -84.9576 0.016374 0.998391 -0.0542896 -9.39996 0.880872 0.0112858 0.47322 101.417 
0.471552 -0.0562601 -0.880042 -86.0214 0.0196509 0.998385 -0.0532962 -9.46865 0.88162 0.00783837 0.471896 101.955 
0.469836 -0.053706 -0.881119 -87.0777 0.0192824 0.998534 -0.0505808 -9.57443 0.882543 0.00677464 0.470182 102.488 
0.467169 -0.0571811 -0.882317 -88.1191 0.0237723 0.998358 -0.0521146 -9.62167 0.883848 0.00337167 0.467761 103.034 
0.466053 -0.0578762 -0.882862 -89.1659 0.0257435 0.998323 -0.0518556 -9.72058 0.884382 0.00143949 0.466761 103.563 
0.466106 -0.059929 -0.882697 -90.2585 0.0259701 0.9982 -0.0540574 -9.79911 0.884348 0.00227283 0.466823 104.105 
0.466673 -0.0606508 -0.882348 -91.2972 0.0249393 0.998152 -0.0554205 -9.88016 0.884078 0.00385816 0.467323 104.619 
0.469098 -0.0590662 -0.881169 -92.2845 0.0230667 0.99824 -0.0546339 -9.98744 0.882845 0.00530307 0.469635 105.126 
0.473014 -0.0591837 -0.879065 -93.2326 0.0209743 0.998215 -0.0559196 -10.0651 0.880805 0.00801302 0.473411 105.624 
0.476946 -0.0580645 -0.877013 -94.2239 0.0197767 0.998272 -0.0553376 -10.1756 0.87871 0.00904873 0.47727 106.132 
0.48218 -0.0592998 -0.874063 -95.2328 0.018893 0.998178 -0.0572979 -10.2322 0.875869 0.0111143 0.482422 106.664 
0.489575 -0.0595889 -0.869923 -96.222 0.0200304 0.998167 -0.0571009 -10.3057 0.871731 0.0105304 0.489872 107.169 
0.496567 -0.0590148 -0.86599 -97.1335 0.019756 0.998196 -0.056696 -10.3927 0.867773 0.0110449 0.496838 107.693 
0.506861 -0.06035 -0.859913 -98.1499 0.0210941 0.998116 -0.0576158 -10.4555 0.86177 0.0110641 0.507179 108.213 
0.515761 -0.0597807 -0.854644 -99.1321 0.0197268 0.998127 -0.0579124 -10.5252 0.856505 0.0130096 0.515974 108.773 
0.525592 -0.060464 -0.848586 -100.058 0.0190051 0.998057 -0.059343 -10.6065 0.850525 0.0150628 0.52572 109.33 
0.534736 -0.0613923 -0.842786 -100.995 0.0153081 0.997898 -0.0629785 -10.6792 0.844881 0.0207754 0.534551 109.92 
0.544602 -0.0630495 -0.836322 -101.893 0.0158077 0.997765 -0.0649268 -10.773 0.838546 0.0221389 0.544381 110.504 
0.556852 -0.061676 -0.828319 -102.79 0.0144647 0.997808 -0.0645719 -10.8504 0.830486 0.0239756 0.556523 111.069 
0.570258 -0.0589344 -0.819349 -103.693 0.0128193 0.99794 -0.0628581 -10.9472 0.821366 0.0253419 0.569839 111.638 
0.580748 -0.0570167 -0.812084 -104.578 0.0109031 0.998 -0.0622727 -11.0044 0.814011 0.0273106 0.580208 112.285 
0.592017 -0.05349 -0.804149 -105.487 0.00856005 0.998156 -0.060093 -11.1183 0.80588 0.0286926 0.591383 112.924 
0.603545 -0.0549454 -0.795434 -106.371 0.00970096 0.998055 -0.061581 -11.1991 0.79727 0.0294505 0.602904 113.566 
0.612962 -0.055622 -0.788152 -107.183 0.0101291 0.99799 -0.0625532 -11.2759 0.790047 0.0303595 0.612294 114.211 
0.6231 -0.0585082 -0.779951 -107.991 0.0143661 0.997886 -0.0633797 -11.3554 0.782011 0.0282871 0.622623 114.834 
0.633669 -0.0571696 -0.771489 -108.843 0.0146714 0.997974 -0.0619023 -11.462 0.773465 0.0279068 0.633224 115.491 
0.64375 -0.0551597 -0.763245 -109.678 0.0137478 0.998071 -0.0605352 -11.5382 0.765112 0.0284767 0.643267 116.162 
0.654601 -0.0434983 -0.754722 -110.452 0.00366202 0.998514 -0.054373 -11.698 0.755966 0.0328289 0.653788 116.8 
0.664279 -0.0400014 -0.746414 -111.244 -0.00030246 0.998553 -0.0537832 -11.7621 0.747485 0.0359528 0.663305 117.447 
0.674111 -0.0412076 -0.737479 -111.99 0.000199407 0.998453 -0.0556075 -11.8323 0.73863 0.0373387 0.673077 118.094 
0.682755 -0.0346041 -0.729828 -112.672 -0.00540758 0.998611 -0.052407 -11.9595 0.730628 0.0397278 0.681619 118.725 
0.6912 -0.0371025 -0.721711 -113.386 -0.00303223 0.998524 -0.0542372 -12.0132 0.722657 0.0396772 0.690067 119.426 
0.698968 -0.0366139 -0.714216 -114.083 -0.00166378 0.998603 -0.0528212 -12.0846 0.715151 0.0381086 0.69793 120.106 
0.70818 -0.034666 -0.70518 -114.748 -0.000967079 0.998745 -0.0500685 -12.1601 0.706031 0.0361395 0.707258 120.7 
0.715926 -0.0374093 -0.697173 -115.395 0.00217623 0.998678 -0.0513529 -12.1855 0.698173 0.0352477 0.715061 121.279 
0.724037 -0.034598 -0.688893 -116.065 6.47805e-05 0.998745 -0.0500915 -12.263 0.689762 0.0362235 0.72313 121.929 
0.730984 -0.0329238 -0.6816 -116.722 -0.000894185 0.998788 -0.0492041 -12.3309 0.682394 0.036577 0.730068 122.609 
0.737348 -0.0287985 -0.674899 -117.342 -0.00375063 0.998901 -0.0467217 -12.3963 0.675502 0.0369815 0.73643 123.286 
0.745158 -0.0268245 -0.666348 -117.955 -0.00475733 0.998952 -0.0455338 -12.4311 0.666871 0.0371 0.744249 123.936 
0.751859 -0.025403 -0.658834 -118.565 -0.00580565 0.998964 -0.0451429 -12.4835 0.659298 0.0377661 0.750932 124.588 
0.758937 -0.0249679 -0.650685 -119.136 -0.00530814 0.998994 -0.0445245 -12.5491 0.651142 0.0372452 0.758041 125.257 
0.766213 -0.0214482 -0.642229 -119.722 -0.00827917 0.99903 -0.0432416 -12.5999 0.642534 0.0384495 0.765292 125.928 
0.774641 -0.0176502 -0.632155 -120.279 -0.0103573 0.999122 -0.040588 -12.645 0.632317 0.0379886 0.773778 126.596 
0.783723 -0.0138432 -0.620956 -120.839 -0.0122739 0.999211 -0.037767 -12.6859 0.620989 0.0372205 0.782935 127.274 
0.792744 -0.0116608 -0.609443 -121.358 -0.0147877 0.999155 -0.0383527 -12.7065 0.609375 0.0394162 0.791902 127.951 
0.803599 -0.0112001 -0.595066 -121.949 -0.0159801 0.999056 -0.0403839 -12.7346 0.594957 0.0419617 0.802662 128.639 
0.813938 -0.0124652 -0.580819 -122.523 -0.015052 0.998982 -0.0425329 -12.783 0.580757 0.0433617 0.812921 129.321 
0.822524 -0.0117391 -0.56861 -122.947 -0.0147917 0.999007 -0.0420217 -12.8602 0.568539 0.0429746 0.821533 129.957 
0.830661 -0.00955206 -0.556696 -123.222 -0.0154379 0.999073 -0.040178 -12.8876 0.556564 0.0419686 0.829744 130.319 
0.839782 -0.00883976 -0.542852 -123.651 -0.0139632 0.999185 -0.0378715 -12.9123 0.542744 0.0393838 0.838974 130.952 
0.848293 -0.00912099 -0.529449 -124.106 -0.0123678 0.999238 -0.0370303 -12.9346 0.529383 0.0379607 0.847533 131.697 
0.856771 -0.00761936 -0.51564 -124.523 -0.0113568 0.99937 -0.0336373 -12.9945 0.515571 0.0346756 0.856145 132.342 
0.862989 -0.00872093 -0.505148 -124.932 -0.00831779 0.99947 -0.031465 -13.0521 0.505155 0.0313557 0.862459 133.109 
0.869204 -0.0115357 -0.49432 -125.304 -0.00428188 0.999515 -0.0308544 -13.0669 0.494436 0.0289355 0.868732 133.819 
0.875413 -0.0121208 -0.483224 -125.71 -0.0029431 0.999533 -0.0304034 -13.1026 0.483367 0.0280377 0.874969 134.513 
0.881688 -0.0112695 -0.471698 -126.113 -0.00367055 0.999521 -0.0307408 -13.1367 0.471818 0.0288353 0.881224 135.219 
0.887797 -0.00993182 -0.460128 -126.503 -0.0047735 0.999515 -0.0307847 -13.1473 0.460211 0.0295271 0.887319 135.962 
0.893463 -0.00781957 -0.449069 -126.914 -0.00645554 0.999522 -0.0302485 -13.1948 0.44909 0.0299249 0.892985 136.731 
0.89898 -0.00854939 -0.437906 -127.293 -0.00541769 0.999516 -0.030636 -13.2311 0.437955 0.0299137 0.898499 137.469 
0.903965 -0.0109469 -0.427467 -127.687 -0.00335131 0.99946 -0.0326819 -13.2392 0.427594 0.030976 0.90344 138.243 
0.907966 -0.0106468 -0.418909 -128.049 -0.0037401 0.999432 -0.0335077 -13.2687 0.419027 0.0319906 0.90741 138.987 
0.910505 -0.0115106 -0.413339 -128.406 -0.0029288 0.999408 -0.0342831 -13.2823 0.413489 0.0324256 0.909932 139.799 
0.913697 -0.0106308 -0.406257 -128.785 -0.00177797 0.999544 -0.0301546 -13.3421 0.406392 0.0282746 0.913261 140.588 
0.91618 -0.0100738 -0.40064 -129.189 -0.000864936 0.999632 -0.027113 -13.3464 0.400766 0.025187 0.915834 141.428 
0.920326 -0.00638667 -0.391099 -129.577 -0.00327165 0.999706 -0.0240241 -13.3975 0.391137 0.0233896 0.920035 142.174 
0.922844 -0.00108059 -0.385174 -129.832 -0.00769359 0.999745 -0.021238 -13.4411 0.385098 0.0225628 0.9226 142.872 
0.925414 -0.000509616 -0.378957 -130.163 -0.00773701 0.999765 -0.0202384 -13.436 0.378878 0.0216609 0.925193 143.707 
0.928572 -0.000470377 -0.371152 -130.573 -0.0068393 0.999808 -0.0183782 -13.4301 0.371089 0.0196039 0.92839 144.569 
0.931477 0.000399528 -0.363801 -130.911 -0.00668377 0.999849 -0.0160152 -13.4617 0.36374 0.0173494 0.931339 145.431 
0.9344 -0.00157771 -0.356223 -131.233 -0.00455278 0.999856 -0.0163708 -13.4331 0.356197 0.0169187 0.934258 146.313 
0.937485 -0.000563466 -0.348026 -131.485 -0.00511201 0.999869 -0.0153893 -13.467 0.347989 0.0162064 0.937359 147.101 
0.941168 -0.00199203 -0.337932 -131.825 -0.00354543 0.999869 -0.0157684 -13.4869 0.337919 0.0160389 0.941038 147.964 
0.944749 -0.00128199 -0.327791 -132.181 -0.00418001 0.999864 -0.015958 -13.5578 0.327767 0.0164466 0.944616 148.9 
0.948714 -0.00345905 -0.316115 -132.546 -0.00254166 0.999824 -0.0185685 -13.5819 0.316124 0.0184197 0.948539 149.882 
0.952938 -0.00285408 -0.303152 -132.814 -0.00331101 0.999798 -0.0198208 -13.6004 0.303148 0.0198918 0.952736 150.805 
0.95804 0.00118177 -0.286631 -133.101 -0.00684906 0.9998 -0.0187704 -13.6214 0.286551 0.019946 0.957857 151.738 
0.963432 0.00499323 -0.267908 -133.326 -0.00955052 0.999831 -0.0157104 -13.6588 0.267784 0.0176946 0.963317 152.63 
0.968658 0.00423328 -0.248362 -133.596 -0.00854787 0.999831 -0.0162965 -13.6507 0.248251 0.0179088 0.96853 153.659 
0.973843 0.00529724 -0.227161 -133.873 -0.00898806 0.999844 -0.0152164 -13.6774 0.227045 0.0168602 0.973738 154.223 
0.978688 0.00735923 -0.205221 -134.091 -0.0104519 0.999848 -0.0139901 -13.7036 0.205087 0.015837 0.978616 155.214 
0.982951 0.00756779 -0.183713 -134.337 -0.00981761 0.999888 -0.0113401 -13.7165 0.183607 0.0129504 0.982915 156.282 
0.986767 0.00870144 -0.161914 -134.49 -0.0101909 0.999913 -0.00837122 -13.7314 0.161827 0.00991054 0.986769 157.305 
0.990283 0.0110014 -0.138634 -134.683 -0.0116793 0.999924 -0.00407801 -13.7389 0.138578 0.00565757 0.990335 158.426 
0.993206 0.013442 -0.115592 -134.864 -0.0136854 0.999906 -0.00131321 -13.745 0.115563 0.00288626 0.993296 159.659 
0.995602 0.0156476 -0.0923732 -135.017 -0.0158554 0.999873 -0.0015165 -13.7693 0.0923377 0.00297448 0.995723 160.766 
0.997432 0.0150954 -0.0700117 -135.107 -0.0153547 0.999877 -0.00316644 -13.8011 0.0699552 0.00423336 0.997541 161.929 
0.998614 0.0168192 -0.0498744 -135.133 -0.0169429 0.999854 -0.00205819 -13.8818 0.0498325 0.0029004 0.998753 162.784 
0.99942 0.0163441 -0.0298742 -135.18 -0.0163268 0.999866 0.000819826 -13.9213 0.0298836 -0.000331557 0.999553 163.962 
0.999797 0.0163903 -0.0117136 -135.109 -0.0163492 0.99986 0.00359224 -13.9684 0.0117708 -0.00339996 0.999925 164.957 
0.99978 0.0191569 0.0085047 -135.05 -0.019207 0.999798 0.00585552 -14.0447 -0.00839086 -0.00601754 0.999947 166.135 
0.999407 0.0214692 0.0269181 -134.858 -0.0216732 0.999738 0.00731369 -14.098 -0.0267541 -0.00789271 0.999611 167.001 
0.998678 0.0221202 0.0463968 -134.678 -0.0225321 0.999711 0.00837355 -14.1427 -0.0461982 -0.00940786 0.998888 168.081 
0.997597 0.0234548 0.065186 -134.569 -0.0240454 0.999677 0.00829199 -14.1698 -0.0649705 -0.00983945 0.997839 169.294 
0.996049 0.0240233 0.0854935 -134.524 -0.0247279 0.999668 0.00719275 -14.1613 -0.0852924 -0.00927837 0.996313 170.589 
0.994437 0.0243359 0.102484 -134.145 -0.0250177 0.999673 0.0053729 -14.2513 -0.10232 -0.00790687 0.99472 171.654 
0.992462 0.0256418 0.119844 -133.938 -0.0262246 0.999651 0.00328876 -14.3123 -0.119717 -0.00640678 0.992787 172.693 
0.990042 0.0262966 0.138292 -133.732 -0.0268958 0.999635 0.00246618 -14.3606 -0.138177 -0.00616106 0.990389 173.821 
0.987298 0.0262833 0.15669 -133.596 -0.0268541 0.999638 0.00152728 -14.5254 -0.156594 -0.00571562 0.987647 174.984 
0.984363 0.0275918 0.173978 -133.354 -0.0275641 0.999617 -0.002576 -14.6091 -0.173983 -0.00225979 0.984746 175.939 
0.980933 0.0298747 0.192039 -133.152 -0.0287989 0.99955 -0.00839083 -14.66 -0.192203 0.00270035 0.981351 177.152 
0.977159 0.0318124 0.210113 -133.007 -0.0295639 0.999467 -0.0138343 -14.6304 -0.210441 0.0073066 0.977579 178.366 
0.973235 0.0333282 0.227381 -132.733 -0.0301683 0.999394 -0.0173591 -14.6946 -0.227822 0.0100348 0.973651 179.552 
0.968937 0.0348016 0.244848 -132.502 -0.0311021 0.999336 -0.0189607 -14.8131 -0.245346 0.0107564 0.969376 180.76 
0.964406 0.0336767 0.262272 -132.181 -0.0299596 0.999386 -0.0181593 -14.8801 -0.262722 0.00965541 0.964823 181.927 
0.959488 0.033269 0.279777 -131.803 -0.0293819 0.999405 -0.0180768 -14.9842 -0.280212 0.00912413 0.959895 183.249 
0.954027 0.0329815 0.2979 -131.438 -0.0270761 0.999347 -0.0239293 -15.0256 -0.298494 0.0147633 0.954297 184.651 
0.948916 0.0349864 0.313583 -131.013 -0.0275113 0.999223 -0.0282327 -15.0537 -0.314327 0.0181634 0.949141 186.028 
0.943403 0.036243 0.329664 -130.561 -0.0286375 0.9992 -0.0278992 -15.1266 -0.330411 0.0168795 0.943686 187.344 
0.937481 0.0391415 0.345827 -130.036 -0.0313888 0.999115 -0.0279921 -15.233 -0.346617 0.015387 0.937881 188.58 
0.931418 0.0414394 0.361584 -129.466 -0.0323754 0.998992 -0.0310924 -15.3425 -0.362508 0.0172536 0.931821 189.836 
0.92499 0.0419998 0.377663 -128.831 -0.0313739 0.998921 -0.0342471 -15.4457 -0.378693 0.0198295 0.92531 191.209 
0.917989 0.0424886 0.394323 -128.307 -0.0308004 0.99888 -0.0359262 -15.5274 -0.395407 0.0208346 0.91827 192.463 
0.91061 0.0425364 0.411073 -127.576 -0.0283855 0.998778 -0.0404703 -15.6654 -0.412291 0.0251842 0.910704 194.06 
0.901988 0.0459342 0.429311 -127.071 -0.0290482 0.998528 -0.0458069 -15.7654 -0.430783 0.0288466 0.901994 195.299 
0.891805 0.0489343 0.449767 -126.391 -0.0303767 0.998367 -0.0483901 -15.8962 -0.4514 0.0294921 0.891834 196.755 
0.879166 0.0521871 0.473649 -125.679 -0.0325404 0.99824 -0.0495868 -15.9842 -0.475403 0.0281824 0.879317 198.324 
0.865577 0.0563813 0.497593 -124.969 -0.0350495 0.998026 -0.0521148 -16.0732 -0.499549 0.027669 0.865844 199.667 
0.850415 0.0601816 0.522659 -124.264 -0.0367413 0.997804 -0.0551106 -16.176 -0.524827 0.0276638 0.850759 201.049 
0.835134 0.0637285 0.546342 -123.504 -0.0379532 0.997575 -0.0583479 -16.295 -0.548735 0.0279929 0.835527 202.245 
0.81982 0.0651255 0.568906 -122.586 -0.0373591 0.997478 -0.06035 -16.4393 -0.571401 0.0282223 0.820186 203.569 
0.802744 0.0675763 0.592483 -121.73 -0.037529 0.997314 -0.0629023 -16.5342 -0.595142 0.0282592 0.803124 204.887 
0.785815 0.0691117 0.614588 -120.888 -0.0361902 0.997172 -0.0658612 -16.7088 -0.617402 0.0295127 0.786094 205.982 
0.769351 0.0706056 0.634912 -119.952 -0.0329553 0.996937 -0.0709312 -16.8516 -0.637975 0.0336474 0.769321 207.238 
0.750889 0.0720782 0.656483 -119.42 -0.0314584 0.996802 -0.0734609 -16.9652 -0.659678 0.0345091 0.750755 208.203 
0.732583 0.0743511 0.676605 -118.46 -0.0313383 0.996647 -0.0755889 -17.1417 -0.679956 0.0341715 0.732456 209.322 
0.715874 0.0747483 0.694216 -117.46 -0.0298176 0.996619 -0.076561 -17.3044 -0.697592 0.0341082 0.715683 210.467 
0.69988 0.0741493 0.710401 -116.383 -0.0268417 0.996625 -0.0775801 -17.4238 -0.713756 0.0352284 0.699508 211.609 
0.686484 0.0739059 0.723379 -115.182 -0.024566 0.996611 -0.0785082 -17.6587 -0.72673 0.0361242 0.685973 212.52 
0.671538 0.0752643 0.737138 -114.124 -0.0222191 0.996426 -0.0814966 -17.8236 -0.740637 0.0383496 0.67081 213.509 
0.656309 0.0765701 0.750597 -112.961 -0.0188373 0.99619 -0.0851526 -17.998 -0.754257 0.0417473 0.655251 214.601 
0.639658 0.0785114 0.764639 -111.859 -0.0181147 0.996033 -0.0871165 -18.1738 -0.768446 0.0418736 0.638543 215.602 
0.624249 0.0782257 0.777299 -110.679 -0.0172606 0.996112 -0.0863846 -18.3773 -0.781035 0.0405089 0.623173 216.6 
0.606597 0.0795201 0.791022 -109.548 -0.018727 0.996138 -0.0857792 -18.5282 -0.794789 0.03722 0.605744 217.555 
0.590865 0.0788678 0.802907 -108.266 -0.0205349 0.996358 -0.0827582 -18.7268 -0.806509 0.0324113 0.590332 218.406 
0.572782 0.0780668 0.815982 -107.01 -0.0209109 0.996522 -0.0806609 -18.8901 -0.819441 0.0291382 0.572423 219.347 
0.55476 0.0790351 0.828248 -105.752 -0.0223653 0.996535 -0.0801134 -19.0692 -0.83171 0.0259197 0.554605 220.29 
0.535724 0.0825201 0.840351 -104.415 -0.025107 0.99633 -0.081831 -19.2296 -0.84402 0.0227401 0.53583 221.189 
0.516397 0.086881 0.85193 -103.13 -0.02921 0.996048 -0.0838727 -19.4037 -0.855851 0.0184268 0.516894 222.041 
0.496122 0.0867829 0.863905 -101.842 -0.0290194 0.996094 -0.0833966 -19.5445 -0.867768 0.0163049 0.496703 222.865 
0.474255 0.0844403 0.876329 -100.607 -0.0272034 0.99632 -0.0812801 -19.6805 -0.879967 0.0147085 0.474807 223.601 
0.454454 0.0820101 0.886987 -99.2422 -0.0262408 0.996553 -0.0786958 -19.8266 -0.890384 0.0124884 0.45504 224.308 
0.43209 0.0798819 0.898286 -98.0555 -0.0258108 0.996757 -0.0762231 -19.984 -0.901461 0.00974979 0.43275 224.96 
0.410454 0.0781289 0.908528 -96.8312 -0.024773 0.996911 -0.0745373 -20.1295 -0.911545 0.00808716 0.411121 225.546 
0.388231 0.0769584 0.918343 -95.5508 -0.0220137 0.996997 -0.0742433 -20.2635 -0.921299 0.00860745 0.388759 226.185 
0.367736 0.0753329 0.926874 -94.1955 -0.0181971 0.997105 -0.0738213 -20.3968 -0.929752 0.0102803 0.368042 226.778 
0.346839 0.075328 0.934895 -92.8283 -0.0160477 0.9971 -0.0743865 -20.5733 -0.937788 0.0107972 0.347042 227.279 
0.325694 0.0743339 0.942549 -91.5738 -0.0119073 0.997148 -0.0745253 -20.7219 -0.9454 0.0130493 0.32565 227.721 
0.305413 0.0726034 0.949448 -90.2346 -0.0107542 0.997288 -0.0728023 -20.8497 -0.952159 0.0120242 0.305366 228.172 
0.284249 0.072031 0.956041 -88.874 -0.0105309 0.997348 -0.0720122 -20.9924 -0.958693 0.0104014 0.284254 228.605 
0.26944 0.0732923 0.960224 -86.958 -0.00564941 0.997203 -0.0745296 -21.0735 -0.963001 0.0146566 0.269101 228.976 
0.249901 0.0812548 0.964856 -85.5559 -0.00676808 0.996595 -0.0821747 -21.2472 -0.968248 0.0140053 0.2496 229.362 
0.230493 0.0897657 0.968925 -84.1921 -0.0106605 0.995909 -0.0897297 -21.3737 -0.973016 0.0103529 0.230507 229.727 
0.211778 0.0943556 0.972752 -82.8303 -0.0123393 0.995507 -0.0938764 -21.4919 -0.97724 0.00787791 0.211991 230.043 
0.191992 0.0957838 0.976711 -81.5152 -0.0150916 0.995396 -0.0946497 -21.6382 -0.981281 0.00343185 0.192553 230.347 
0.172553 0.0951427 0.980395 -80.2441 -0.0191307 0.99546 -0.0932376 -21.7953 -0.984814 -0.00266714 0.17359 230.587 
0.153404 0.0947451 0.983611 -78.927 -0.0202102 0.995486 -0.0927369 -21.9411 -0.987957 -0.00565271 0.154627 230.828 
0.134485 0.0928545 0.986556 -77.7223 -0.020987 0.995644 -0.0908489 -22.0846 -0.990693 -0.00848697 0.135848 231.008 
0.114394 0.093661 0.98901 -76.3933 -0.0208528 0.995553 -0.0918686 -22.2255 -0.993217 -0.0101144 0.115839 231.231 
0.0956662 0.0947515 0.990894 -75.1183 -0.0212601 0.995427 -0.0931323 -22.3546 -0.995186 -0.0121568 0.0972431 231.388 
0.0753263 0.0978588 0.992346 -73.8451 -0.025369 0.995039 -0.0961987 -22.4951 -0.996836 -0.0179285 0.0774352 231.567 
0.0565504 0.0984454 0.993534 -72.6257 -0.0266326 0.994922 -0.0970669 -22.657 -0.998045 -0.0209712 0.058885 231.671 
0.0400011 0.0951534 0.994659 -71.3354 -0.0277271 0.995178 -0.094088 -22.8072 -0.998815 -0.0238154 0.0424466 231.715 
0.0245944 0.0903628 0.995605 -70.1306 -0.0254765 0.99564 -0.0897366 -22.9412 -0.999373 -0.0231576 0.0267893 231.771 
0.00882274 0.0863753 0.996224 -68.9699 -0.0256377 0.995954 -0.0861249 -23.0655 -0.999632 -0.024781 0.0110015 231.861 
-0.00368816 0.0843933 0.996426 -67.7883 -0.0224377 0.996175 -0.084455 -23.1555 -0.999741 -0.022669 -0.00178046 231.892 
-0.0152175 0.0831674 0.996419 -66.6894 -0.0215904 0.996275 -0.0834851 -23.3046 -0.999651 -0.0227835 -0.0133652 231.934 
-0.0234893 0.0860059 0.996018 -65.535 -0.021462 0.99602 -0.0865121 -23.421 -0.999494 -0.0234086 -0.02155 231.93 
-0.0312575 0.0864755 0.995764 -64.391 -0.0230008 0.995924 -0.0872115 -23.5522 -0.999247 -0.0256293 -0.0291411 231.953 
-0.0360302 0.0901886 0.995273 -63.2686 -0.0239944 0.995554 -0.0910827 -23.6869 -0.999063 -0.0271627 -0.033706 231.914 
-0.0414106 0.0978322 0.994341 -62.1678 -0.0232434 0.994831 -0.0988484 -23.8296 -0.998872 -0.0272052 -0.0389226 231.902 
-0.0468165 0.10075 0.99381 -61.0528 -0.0259239 0.994443 -0.102035 -23.9424 -0.998567 -0.0305403 -0.0439445 231.88 
-0.0504045 0.0910618 0.994569 -59.9579 -0.0252482 0.9954 -0.0924174 -24.0877 -0.99841 -0.0297694 -0.0478735 231.841 
-0.0525619 0.0819259 0.995251 -58.8711 -0.0236406 0.996248 -0.0832564 -24.1949 -0.998338 -0.0279045 -0.0504279 231.795 
-0.0559162 0.0781186 0.995375 -57.8091 -0.0232916 0.996561 -0.0795201 -24.3014 -0.998164 -0.0276304 -0.0539044 231.797 
-0.0555403 0.0801483 0.995234 -56.7735 -0.0240744 0.996376 -0.0815836 -24.4059 -0.998166 -0.0284908 -0.0534094 231.764 
-0.0544065 0.0829743 0.995065 -55.6916 -0.0247629 0.996123 -0.0844164 -24.516 -0.998212 -0.0292335 -0.0521408 231.712 
-0.054175 0.0857672 0.994841 -54.6255 -0.0271022 0.995811 -0.0873267 -24.6127 -0.998164 -0.0316933 -0.0516236 231.7 
-0.0536316 0.0865799 0.9948 -53.5831 -0.0286177 0.995692 -0.0882003 -24.7224 -0.998151 -0.0331992 -0.0509228 231.686 
-0.0510169 0.0868781 0.994912 -52.5675 -0.0292478 0.995652 -0.0884425 -24.8512 -0.998269 -0.033611 -0.0482541 231.669 
-0.0485916 0.088296 0.994908 -51.5252 -0.0319112 0.995439 -0.0899016 -24.9425 -0.998309 -0.0361172 -0.0455524 231.656 
-0.0443249 0.0894433 0.995005 -50.5142 -0.0334513 0.995293 -0.0909593 -25.0475 -0.998457 -0.037316 -0.0411243 231.647 
-0.0406642 0.0886187 0.995235 -49.55 -0.0345363 0.995339 -0.090039 -25.1344 -0.998576 -0.0380332 -0.0374142 231.693 
-0.0333858 0.08614 0.995724 -48.5291 -0.0338813 0.995609 -0.087266 -25.2592 -0.998868 -0.0366499 -0.0303207 231.678 
-0.0273243 0.0851779 0.995991 -47.5377 -0.0313726 0.995799 -0.0860221 -25.3715 -0.999134 -0.0335973 -0.0245373 231.698 
-0.0213473 0.0878889 0.995902 -46.5528 -0.0298706 0.995628 -0.088505 -25.4526 -0.999326 -0.0316376 -0.0186287 231.726 
-0.0158316 0.0868034 0.9961 -45.5411 -0.0298846 0.995738 -0.0872468 -25.5609 -0.999428 -0.0311493 -0.01317 231.76 
-0.00955153 0.0862104 0.996231 -44.5396 -0.0310881 0.995769 -0.0864685 -25.6606 -0.999471 -0.0317969 -0.006831 231.783 
-0.00351574 0.0828931 0.996552 -43.6171 -0.0316478 0.99605 -0.0829629 -25.775 -0.999493 -0.0318304 -0.000878464 231.838 
0.00255744 0.0818866 0.996638 -42.5925 -0.0314274 0.996156 -0.0817663 -25.871 -0.999503 -0.0311127 0.00512109 231.859 
0.00767244 0.082947 0.996524 -41.6219 -0.0339153 0.996002 -0.0826424 -25.9655 -0.999395 -0.0331634 0.0104549 231.899 
0.014459 0.0857872 0.996209 -40.6403 -0.0349306 0.995748 -0.0852405 -26.0663 -0.999285 -0.0335657 0.0173941 231.952 
0.0208012 0.0869027 0.996 -39.6662 -0.034663 0.995679 -0.0861508 -26.1632 -0.999183 -0.0327323 0.0237236 232.011 
0.0267046 0.0884664 0.995721 -38.6951 -0.0360452 0.995514 -0.0874812 -26.2668 -0.998993 -0.0335548 0.0297736 232.073 
0.0315108 0.0899586 0.995447 -37.7669 -0.0382314 0.995321 -0.0887369 -26.3528 -0.998772 -0.0352612 0.0348026 232.15 
0.0390635 0.088914 0.995273 -36.7943 -0.0384231 0.99543 -0.08742 -26.4647 -0.998498 -0.0348266 0.0423013 232.194 
0.0450265 0.0856421 0.995308 -35.8326 -0.0370923 0.995775 -0.0840042 -26.5577 -0.998297 -0.0331359 0.0480129 232.276 
0.0495602 0.0844683 0.995193 -34.8696 -0.0375726 0.99587 -0.0826546 -26.6531 -0.998064 -0.0332956 0.0525292 232.388 
0.0561605 0.0840457 0.994878 -33.909 -0.0397067 0.99585 -0.0818864 -26.7609 -0.997632 -0.0349045 0.0592646 232.453 
0.0615245 0.0851668 0.994465 -32.9824 -0.041081 0.995725 -0.082733 -26.839 -0.99726 -0.0357636 0.0647602 232.584 
