1 2.12261e-08 -2.11895e-08 0 2.12261e-08 1 2.10703e-08 0 -2.11895e-08 2.10703e-08 1 0 
0.999878 0.000415352 0.0156149 -0.000816767 -0.000406555 1 -0.000563798 -0.00279716 -0.0156151 0.000557423 0.999878 0.126048 
0.999258 0.00378941 0.038322 0.000982432 -0.00378814 0.999993 -0.000104633 -0.00559525 -0.0383222 -4.0573e-05 0.999265 0.239047 
0.997881 0.00461051 0.0649072 0.0397171 -0.00469273 0.999988 0.00111502 -0.0025976 -0.0649014 -0.00141721 0.997891 0.371557 
0.995131 0.00480118 0.0984476 0.131077 -0.00515347 0.999981 0.0033249 -0.0145804 -0.0984299 -0.00381601 0.995137 0.561195 
0.990626 0.00161796 0.136589 0.189239 -0.00239259 0.999982 0.00550754 -0.0153875 -0.136578 -0.00578267 0.990612 0.711368 
0.984467 -0.000235461 0.175571 0.277028 -0.0008509 0.999981 0.00611253 -0.0242313 -0.17557 -0.00616693 0.984448 0.879979 
0.975588 -0.0002074 0.219607 0.353676 -0.00125696 0.999978 0.00652855 -0.00417874 -0.219604 -0.00664518 0.975567 1.0748 
0.963572 -0.000912978 0.267448 0.458429 -0.00154627 0.999958 0.00898467 -0.000313945 -0.267445 -0.00907089 0.96353 1.29511 
0.948931 -0.00221821 0.315475 0.503297 -0.00284596 0.999874 0.0155911 0.0236662 -0.31547 -0.0156927 0.948806 1.40064 
0.931699 -0.0143576 0.362947 0.57856 0.00553491 0.999664 0.0253368 -0.025512 -0.363188 -0.0215974 0.931465 1.54468 
0.910184 -0.0187148 0.413781 0.646849 0.00718071 0.999542 0.0294129 -0.00193257 -0.414142 -0.0237999 0.909901 1.66795 
0.885208 -0.0191244 0.464803 0.797495 0.00453112 0.999462 0.0324937 0.0322844 -0.465174 -0.0266575 0.884818 1.81486 
0.856847 -0.0230842 0.515054 0.998756 0.00424632 0.999279 0.0377226 -0.00143585 -0.515554 -0.0301354 0.856327 2.03375 
0.824202 -0.0278166 0.565612 1.12637 0.00441541 0.999078 0.0427003 -0.032211 -0.566279 -0.0326962 0.823565 2.17405 
0.788221 -0.0337737 0.614465 1.29727 0.00716902 0.998929 0.0457094 -0.0330122 -0.615351 -0.0316239 0.787619 2.3382 
0.750049 -0.0367373 0.660361 1.4717 0.00653656 0.998819 0.0481421 -0.00422359 -0.66135 -0.0317924 0.749403 2.4742 
0.709427 -0.0391817 0.703689 1.67367 0.00677728 0.998787 0.0487803 0.0125793 -0.704747 -0.0298369 0.708831 2.67223 
0.667781 -0.0408457 0.743237 1.95353 0.00672661 0.998784 0.048846 0.0312546 -0.744328 -0.0276189 0.667243 2.83612 
0.625323 -0.041091 0.779283 2.25837 0.00143678 0.998672 0.0515064 0.0146099 -0.780364 -0.0310885 0.624552 3.00297 
0.583947 -0.0422553 0.810691 2.62698 0.000653192 0.998669 0.0515827 0.02535 -0.811792 -0.029592 0.583197 3.18315 
0.542914 -0.0426091 0.838707 2.96495 -0.00305313 0.998605 0.0527089 0.0426004 -0.839783 -0.0311771 0.542027 3.38805 
0.504923 -0.0446432 0.862009 3.3616 -0.00291564 0.998568 0.0534234 0.0921047 -0.86316 -0.029488 0.504069 3.55834 
0.466974 -0.0435784 0.883197 3.76778 -0.00365209 0.998681 0.0512077 0.158153 -0.884264 -0.0271381 0.466199 3.75373 
0.429786 -0.0425831 0.901926 4.1767 -0.00692671 0.998702 0.050453 0.176485 -0.902904 -0.0279314 0.428934 3.95806 
0.393705 -0.0413429 0.918307 4.67973 -0.00769372 0.998805 0.0482656 0.179124 -0.919205 -0.0260676 0.392916 4.19786 
0.363305 -0.0406411 0.930783 5.15174 -0.00643383 0.998915 0.0461272 0.176567 -0.931648 -0.0227468 0.36265 4.36932 
0.337553 -0.0397957 0.940465 5.67542 -0.00434298 0.999029 0.0438326 0.180467 -0.941296 -0.0188803 0.337053 4.53292 
0.316438 -0.0383214 0.947839 6.24263 -0.00376827 0.999125 0.041653 0.213396 -0.948606 -0.0167523 0.316016 4.74615 
0.302221 -0.0379933 0.95248 6.82964 -0.00249717 0.99917 0.0406481 0.268085 -0.953235 -0.0146632 0.301875 4.91313 
0.290455 -0.0403313 0.956038 7.44239 -0.000296766 0.999108 0.0422384 0.277018 -0.956889 -0.0125521 0.290184 5.12244 
0.27943 -0.0431806 0.959195 8.08054 -0.00147649 0.998968 0.0454012 0.27557 -0.960165 -0.0141027 0.279078 5.31784 
0.268357 -0.0445609 0.962288 8.75799 -0.00205712 0.998901 0.04683 0.320376 -0.963317 -0.0145467 0.26797 5.50936 
0.257488 -0.046253 0.965174 9.43028 -0.00295602 0.998811 0.0486536 0.351526 -0.966277 -0.0153808 0.257046 5.72023 
0.245937 -0.0485846 0.968068 10.1439 -0.00385872 0.998686 0.0511016 0.366068 -0.969278 -0.0163033 0.245426 5.95273 
0.235993 -0.0486966 0.970534 10.8705 -0.00419629 0.998683 0.0511294 0.416594 -0.971746 -0.0161388 0.235478 6.12622 
0.22531 -0.049258 0.973041 11.6221 -0.00257547 0.998688 0.0511527 0.467688 -0.974284 -0.0140312 0.224887 6.30499 
0.214472 -0.0511644 0.975389 12.3974 -0.00327513 0.998584 0.0531013 0.521514 -0.976725 -0.0145832 0.214 6.49888 
0.20324 -0.0552261 0.97757 13.1735 -0.0067077 0.998306 0.0577921 0.548593 -0.979106 -0.0183029 0.202525 6.67021 
0.19049 -0.0594195 0.979889 13.9705 -0.00782584 0.998043 0.0620417 0.584162 -0.981658 -0.0194868 0.189652 6.84137 
0.177916 -0.0612824 0.982136 14.752 -0.00938604 0.997908 0.0639669 0.61968 -0.984001 -0.0205991 0.176968 6.98764 
0.163624 -0.0618637 0.984581 15.5352 -0.00920404 0.997893 0.0642297 0.656704 -0.98648 -0.0195716 0.16271 7.13479 
0.149659 -0.0610235 0.986853 16.3095 -0.0102783 0.997944 0.0632681 0.689008 -0.988684 -0.0196118 0.148725 7.2635 
0.132529 -0.0598427 0.989371 17.1146 -0.0113994 0.998018 0.0618927 0.71889 -0.991114 -0.0194808 0.131585 7.38897 
0.111318 -0.0578723 0.992098 17.9015 -0.0133189 0.998126 0.0597184 0.762268 -0.993696 -0.0198614 0.110339 7.49729 
0.0854812 -0.0568749 0.994715 18.7265 -0.0185647 0.998105 0.0586642 0.793352 -0.996167 -0.0234813 0.0842634 7.58756 
0.0549056 -0.0574396 0.996838 19.5717 -0.0216733 0.99804 0.0587026 0.807556 -0.998256 -0.0248279 0.0535531 7.65818 
0.0212697 -0.0571149 0.998141 20.4076 -0.0250934 0.998022 0.0576429 0.845299 -0.999459 -0.0262728 0.0197944 7.6854 
-0.0131488 -0.0563175 0.998326 21.235 -0.0264653 0.998083 0.0559552 0.868155 -0.999563 -0.0256852 -0.014614 7.67958 
-0.0478509 -0.0548145 0.997349 22.068 -0.0281195 0.998171 0.0535106 0.900431 -0.998459 -0.0254844 -0.0493048 7.66069 
-0.0806776 -0.0533 0.995314 22.9243 -0.029689 0.998255 0.051051 0.93142 -0.996298 -0.0254312 -0.0821192 7.59432 
-0.113963 -0.0497614 0.992238 23.765 -0.0332133 0.998377 0.0462547 0.959254 -0.99293 -0.0276842 -0.115431 7.52382 
-0.146762 -0.045813 0.98811 24.5777 -0.0305282 0.998661 0.0417679 0.964281 -0.988701 -0.0240353 -0.147964 7.38865 
-0.178785 -0.039502 0.983095 25.4149 -0.0247961 0.999057 0.035634 0.990474 -0.983576 -0.0180061 -0.179596 7.24865 
-0.209398 -0.0347614 0.977212 26.1966 -0.0219813 0.999283 0.0308363 0.98723 -0.977583 -0.0150234 -0.210012 7.0762 
-0.238893 -0.0292121 0.970606 26.9891 -0.0156417 0.999534 0.0262329 0.991568 -0.97092 -0.00891505 -0.239239 6.9007 
-0.26811 -0.0246076 0.963074 27.468 -0.0093531 0.999693 0.0229395 0.963994 -0.963343 -0.00285742 -0.268258 6.85062 
-0.294247 -0.0158476 0.955598 28.1797 -0.00596355 0.999874 0.0147456 0.947278 -0.955711 -0.00135992 -0.294304 6.64756 
-0.318663 0.000114294 0.947868 29.0175 -0.000532242 1 -0.000299477 0.934341 -0.947868 -0.000599934 -0.318663 6.32662 
-0.343947 0.0171131 0.938833 29.7987 0.00025578 0.999836 -0.0181313 0.90955 -0.938989 -0.00599608 -0.343895 6.06777 
-0.37043 0.0304924 0.92836 30.4623 -0.000487883 0.999455 -0.0330221 0.841583 -0.92886 -0.0126853 -0.370213 5.88106 
-0.395633 0.0412252 0.917483 31.2621 0.00433012 0.999065 -0.0430236 0.791716 -0.918399 -0.0130488 -0.395441 5.62537 
-0.421141 0.0450848 0.905874 31.9874 0.00567993 0.998875 -0.0470728 0.766596 -0.906977 -0.014679 -0.420923 5.40603 
-0.444585 0.0454211 0.894584 32.6904 0.00867664 0.998885 -0.0464047 0.740454 -0.895695 -0.0128688 -0.444483 5.08633 
-0.464473 0.0407842 0.884648 33.4228 0.0118511 0.999136 -0.03984 0.687936 -0.885508 -0.00802049 -0.464554 4.68566 
-0.480926 0.0391861 0.875885 34.0331 0.0211343 0.999229 -0.0331001 0.59352 -0.876506 0.00259254 -0.481383 4.30249 
-0.496503 0.0384456 0.867183 34.6232 0.0228319 0.999252 -0.0312283 0.511487 -0.867735 0.00429449 -0.497009 4.0686 
-0.508674 0.0413982 0.859964 35.2867 0.0247093 0.999134 -0.0334821 0.468654 -0.860605 0.00421762 -0.509256 3.7296 
-0.519176 0.043412 0.853564 35.8296 0.0252372 0.999052 -0.0354611 0.431887 -0.854295 0.00313099 -0.51978 3.39357 
-0.531506 0.0428625 0.845969 36.4988 0.0201271 0.999076 -0.0379744 0.370755 -0.846815 -0.00315673 -0.531878 3.0849 
-0.544052 0.0399165 0.838102 37.016 0.0165781 0.999184 -0.0368268 0.33091 -0.838888 -0.00614151 -0.54427 2.8166 
-0.554355 0.0404051 0.831299 37.5842 0.0201923 0.99918 -0.0350996 0.233525 -0.832035 -0.0026718 -0.554716 2.56588 
-0.562003 0.0429014 0.826022 38.2378 0.023395 0.999079 -0.0359722 0.175504 -0.826805 -0.000891705 -0.562489 2.16474 
-0.568167 0.0449806 0.821683 38.8644 0.0257287 0.998988 -0.036896 0.0801569 -0.822511 0.000177735 -0.56875 1.92932 
-0.568656 0.0474967 0.821203 39.5201 0.0269876 0.998871 -0.0390847 0.032459 -0.822132 -6.34835e-05 -0.569296 1.52406 
-0.567769 0.0481387 0.821779 40.13 0.0325069 0.998821 -0.0360505 -0.0273674 -0.822546 0.00624513 -0.568664 1.29428 
-0.562406 0.0472724 0.825509 40.8283 0.0294753 0.998876 -0.0371191 -0.0311015 -0.826336 0.0034561 -0.563168 0.869307 
-0.555626 0.0459438 0.830162 41.553 0.0273307 0.998942 -0.0369922 -0.0764085 -0.830983 0.00213503 -0.556294 0.433442 
-0.549009 0.0457897 0.834561 42.2845 0.0257017 0.998951 -0.0379015 -0.11927 -0.835421 0.000641361 -0.54961 -0.0104404 
-0.543787 0.0432956 0.838106 42.8899 0.0252843 0.99906 -0.0352051 -0.215145 -0.838842 0.00204686 -0.544371 -0.363818 
-0.540703 0.0412932 0.840199 43.7036 0.0207322 0.999145 -0.0357628 -0.256136 -0.840958 -0.00191785 -0.541097 -0.808488 
-0.541784 0.0372482 0.839692 44.4956 0.0117517 0.999256 -0.0367439 -0.281458 -0.840436 -0.0100395 -0.541818 -1.21026 
-0.543422 0.0332423 0.838801 45.1895 0.00974319 0.999398 -0.0332947 -0.366188 -0.839403 -0.00992049 -0.543419 -1.59851 
-0.548249 0.0303641 0.835764 45.8333 0.00947378 0.999502 -0.0300982 -0.515333 -0.836262 -0.00858345 -0.548263 -1.83249 
-0.549497 0.0290027 0.834993 46.6212 0.00724901 0.999525 -0.029947 -0.555638 -0.835465 -0.0104029 -0.549446 -2.29979 
-0.551606 0.0279038 0.833638 47.4014 0.00746885 0.999565 -0.0285157 -0.628777 -0.834071 -0.00950312 -0.551575 -2.72005 
-0.554083 0.0257514 0.832063 48.1472 0.00655121 0.999625 -0.0265747 -0.695813 -0.832436 -0.00927356 -0.554044 -3.11044 
-0.555025 0.0251989 0.831452 49.0109 0.00697171 0.999647 -0.0256425 -0.755863 -0.831804 -0.00843563 -0.555005 -3.6313 
-0.557992 0.0248965 0.829473 49.893 0.00541563 0.999638 -0.0263608 -0.746406 -0.829829 -0.010217 -0.557924 -4.07546 
-0.559883 0.0251529 0.82819 50.9925 0.00375008 0.999606 -0.0278238 -0.766937 -0.828563 -0.0124723 -0.559757 -4.62046 
-0.560734 0.0273084 0.827546 52.4535 0.00209844 0.9995 -0.0315608 -0.726895 -0.827993 -0.0159607 -0.560511 -5.36553 
-0.563155 0.0252731 0.825965 53.3696 0.000681688 0.999546 -0.0301196 -0.803275 -0.826351 -0.0163989 -0.562916 -5.7525 
-0.563282 0.0224456 0.82596 54.197 -0.000304397 0.999625 -0.0273726 -0.864658 -0.826265 -0.0156699 -0.563064 -6.21181 
-0.563039 0.0204221 0.826178 55.0361 -0.00471233 0.999599 -0.0279203 -0.899884 -0.826417 -0.0196134 -0.562717 -6.71083 
-0.563281 0.0180103 0.826069 55.7674 -0.00310397 0.999709 -0.0239125 -1.01709 -0.826259 -0.0160336 -0.563062 -7.09544 
-0.563644 0.0175366 0.825831 56.5979 -0.00551574 0.999672 -0.0249927 -1.0692 -0.825999 -0.0186421 -0.563363 -7.55939 
-0.563158 0.0194658 0.82612 57.5138 -0.00562657 0.999609 -0.0273893 -1.05758 -0.82633 -0.0200727 -0.562828 -8.10374 
-0.567356 0.0201515 0.823226 58.3583 -0.00583355 0.999577 -0.0284888 -1.12554 -0.823452 -0.0209656 -0.566998 -8.51965 
-0.571184 0.0221006 0.820524 59.2183 -0.00644623 0.999486 -0.0314082 -1.18138 -0.820797 -0.0232292 -0.570748 -9.03774 
-0.578383 0.0221129 0.815466 60.0894 -0.00973633 0.999374 -0.0340056 -1.22249 -0.815707 -0.0276079 -0.577806 -9.49693 
-0.586468 0.0196232 0.809735 60.9361 -0.00923164 0.99948 -0.0309077 -1.30625 -0.80992 -0.0256016 -0.585982 -9.9737 
-0.594531 0.0164978 0.803904 61.858 -0.0101262 0.999557 -0.0280019 -1.37736 -0.804009 -0.0247885 -0.5941 -10.4815 
-0.600662 0.0117394 0.799417 62.6524 -0.0138857 0.999588 -0.0251122 -1.46317 -0.799382 -0.0261844 -0.600252 -11.0234 
-0.607122 0.0137663 0.794489 63.4517 -0.0127388 0.999553 -0.0270541 -1.53354 -0.794506 -0.026546 -0.606676 -11.5309 
-0.611942 0.0141085 0.790777 64.2062 -0.0129991 0.999526 -0.0278922 -1.60605 -0.790796 -0.0273478 -0.611469 -12.1167 
-0.6169 0.0154922 0.786889 65.0272 -0.015767 0.999362 -0.0320363 -1.61104 -0.786883 -0.0321701 -0.616263 -12.7007 
-0.62088 0.0141775 0.783777 65.7951 -0.0194921 0.999248 -0.0335159 -1.66262 -0.783663 -0.0360868 -0.620137 -13.2637 
-0.624787 0.0126281 0.780693 66.5736 -0.0180345 0.999369 -0.0305983 -1.73695 -0.780587 -0.0331969 -0.624165 -13.8139 
-0.626237 0.00768312 0.779595 67.3318 -0.0167159 0.999589 -0.0232788 -1.76292 -0.779454 -0.0276097 -0.625851 -14.4276 
-0.628791 0.00124794 0.777574 68.0682 -0.0146087 0.999803 -0.013418 -1.82031 -0.777437 -0.0197965 -0.628649 -14.9625 
-0.629559 4.72016e-05 0.776953 68.8236 -0.0124208 0.999872 -0.0101252 -1.86373 -0.776853 -0.0160248 -0.629478 -15.5661 
-0.631178 0.00429101 0.775626 69.5834 -0.0126122 0.999796 -0.0157945 -1.89294 -0.775535 -0.0197515 -0.630995 -16.1483 
-0.633415 0.0107403 0.773738 70.3451 -0.0111261 0.999674 -0.0229848 -1.91007 -0.773732 -0.0231676 -0.633089 -16.7028 
-0.635298 0.0148449 0.772124 71.107 -0.00431315 0.999731 -0.0227697 -1.96734 -0.772255 -0.0177959 -0.635063 -17.2766 
-0.635116 0.0167246 0.772236 71.8517 -0.0010758 0.999745 -0.0225366 -2.00297 -0.772416 -0.0151441 -0.634936 -17.8911 
-0.634874 0.0128292 0.772509 72.6005 -0.00227149 0.999827 -0.018471 -2.04648 -0.772612 -0.0134815 -0.634735 -18.4828 
-0.633952 0.00911891 0.773319 73.3492 -0.00243094 0.999902 -0.0137836 -2.08102 -0.773369 -0.010618 -0.633868 -19.0737 
-0.633223 0.00168419 0.773967 74.0821 -0.00687556 0.999946 -0.00780115 -2.10948 -0.773939 -0.0102613 -0.633177 -19.6502 
-0.633281 -0.00458305 0.773908 74.8226 -0.0161431 0.999843 -0.00728866 -2.13263 -0.773754 -0.017109 -0.633256 -20.2026 
-0.630865 -0.00969581 0.775832 75.5504 -0.0225224 0.999729 -0.00582007 -2.1585 -0.775566 -0.0211453 -0.630913 -20.7811 
-0.629612 -0.00803299 0.776868 76.2725 -0.0140621 0.999901 -0.00105741 -2.22713 -0.776782 -0.0115902 -0.629663 -21.3248 
-0.627275 -0.00385871 0.778788 76.9942 -0.0100348 0.999945 -0.00312802 -2.24251 -0.778733 -0.00977713 -0.627279 -21.8798 
-0.622433 -0.00141535 0.782672 77.7048 -0.0093353 0.999941 -0.00561577 -2.25585 -0.782617 -0.0108019 -0.622409 -22.4168 
-0.616735 0.00134798 0.78717 78.4562 -0.00469333 0.999975 -0.00538951 -2.26288 -0.787157 -0.00701835 -0.616713 -22.9613 
-0.609654 0.00499846 0.792652 79.2098 0.00174332 0.999986 -0.00496504 -2.27911 -0.792666 -0.00164511 -0.609654 -23.5296 
-0.600993 0.00436327 0.799242 79.9431 0.00258271 0.999991 -0.0035171 -2.31555 -0.79925 -4.9546e-05 -0.600999 -24.036 
-0.592728 0.0015683 0.805401 80.6874 -0.000907677 0.999996 -0.00261519 -2.32763 -0.805402 -0.00228115 -0.592724 -24.5208 
-0.580797 -0.000729854 0.814048 81.4656 0.000406636 0.999999 0.00118673 -2.351 -0.814048 0.00102026 -0.580796 -25.0675 
-0.571098 -0.00169484 0.82088 82.2214 0.000112368 0.999998 0.00214286 -2.3703 -0.820882 0.00131602 -0.571097 -25.5637 
-0.560162 -0.00111037 0.828382 82.9805 0.00323069 0.999989 0.00352505 -2.37493 -0.828377 0.00465084 -0.560152 -26.0739 
-0.548622 -8.71202e-05 0.836071 83.7528 0.00430405 0.999986 0.00292851 -2.3854 -0.83606 0.00520512 -0.548614 -26.5555 
-0.538613 0.00291738 0.842548 84.5225 0.00430385 0.999991 -0.000711192 -2.42127 -0.842542 0.00324314 -0.53862 -27.0092 
-0.527569 0.0109767 0.849441 85.325 0.00435545 0.999938 -0.0102163 -2.43587 -0.849501 -0.00169013 -0.527584 -27.5032 
-0.513505 0.0156361 0.857944 86.1141 0.00557636 0.999874 -0.0148851 -2.46778 -0.858069 -0.00285936 -0.513527 -27.9966 
-0.503412 0.0124381 0.863957 86.895 0.00301675 0.999916 -0.0126377 -2.47908 -0.864041 -0.00375562 -0.503407 -28.4081 
-0.493173 0.00664379 0.869906 87.705 -0.00233868 0.999957 -0.00896286 -2.49783 -0.869928 -0.00645468 -0.493136 -28.8359 
-0.482803 0.00819954 0.875691 88.5185 -0.00548076 0.999908 -0.0123844 -2.52342 -0.875712 -0.0107787 -0.482713 -29.2821 
-0.476639 0.00998959 0.879043 89.3618 -0.0114486 0.99978 -0.0175694 -2.58411 -0.879025 -0.0184381 -0.47642 -29.6853 
-0.473948 0.00871941 0.88051 90.1133 -0.032204 0.99911 -0.0272282 -2.60337 -0.879964 -0.0412607 -0.473246 -30.0342 
-0.471202 0.00799593 0.881989 91.0314 -0.0368086 0.99891 -0.0287208 -2.64797 -0.881257 -0.0459981 -0.470394 -30.4486 
-0.469314 0.00756357 0.882999 91.9473 -0.040218 0.998743 -0.0299309 -2.67493 -0.882115 -0.0495595 -0.46842 -30.8472 
-0.464784 0.00574656 0.885406 92.7096 -0.0435243 0.998622 -0.029329 -2.73484 -0.884354 -0.0521683 -0.463893 -31.2176 
-0.459087 0.00127351 0.88839 93.513 -0.0483696 0.99848 -0.0264269 -2.76754 -0.887073 -0.0551034 -0.458328 -31.5939 
-0.454931 -0.00216465 0.890524 94.3706 -0.0494553 0.998515 -0.0228374 -2.78617 -0.889152 -0.0544306 -0.454363 -31.9821 
-0.449781 -0.00469604 0.893127 95.1446 -0.0500418 0.998548 -0.0199508 -2.81731 -0.891736 -0.0536671 -0.449362 -32.3667 
-0.44552 -0.00913127 0.895226 96.0256 -0.0668636 0.997495 -0.023101 -2.85765 -0.892772 -0.07015 -0.445014 -32.7188 
-0.440175 -0.0107511 0.897848 96.8522 -0.0748329 0.996889 -0.0247501 -2.9057 -0.894789 -0.0780829 -0.43961 -33.0677 
-0.434815 -0.00628796 0.900498 97.6502 -0.0746586 0.996785 -0.0290893 -2.94112 -0.89742 -0.0798784 -0.433886 -33.4266 
-0.429872 -0.00343853 0.902883 98.4859 -0.0744534 0.996722 -0.0316521 -2.97673 -0.899815 -0.0808291 -0.428719 -33.7825 
-0.422684 -0.00440582 0.906267 99.3177 -0.0752689 0.996704 -0.0302599 -3.00227 -0.903146 -0.081004 -0.421622 -34.1628 
-0.416545 -0.00939997 0.909067 100.128 -0.076424 0.996769 -0.0247115 -3.04111 -0.905897 -0.0797679 -0.415917 -34.5201 
-0.411426 -0.0125989 0.911356 100.96 -0.079463 0.996593 -0.0220958 -3.08589 -0.907973 -0.0815099 -0.411025 -34.8537 
-0.406466 -0.011091 0.913599 101.826 -0.0853936 0.996011 -0.0259006 -3.12148 -0.909667 -0.0885432 -0.405791 -35.1747 
-0.400241 -0.0091899 0.916364 102.642 -0.0876582 0.995749 -0.0283004 -3.16014 -0.912208 -0.0916538 -0.399345 -35.5091 
-0.39266 -0.00958675 0.919634 103.452 -0.090121 0.995534 -0.0281014 -3.20279 -0.915257 -0.0939126 -0.391771 -35.8531 
-0.388333 -0.0110456 0.921453 104.356 -0.090465 0.995555 -0.0261913 -3.24265 -0.917068 -0.0935302 -0.387606 -36.1575 
-0.381935 -0.0121304 0.92411 105.227 -0.0899406 0.995655 -0.0241029 -3.28676 -0.919802 -0.0923208 -0.381367 -36.4621 
-0.376312 -0.0122801 0.926412 106.145 -0.0925617 0.995408 -0.0244041 -3.32275 -0.921858 -0.0949338 -0.37572 -36.7523 
-0.370677 -0.0131446 0.928669 106.848 -0.0959041 0.995097 -0.0241952 -3.3638 -0.923797 -0.0980317 -0.37012 -37.0211 
-0.363867 -0.0149658 0.931331 107.625 -0.1008 0.994632 -0.0233991 -3.41963 -0.925981 -0.102392 -0.363422 -37.3221 
-0.358168 -0.0181728 0.93348 108.475 -0.104366 0.994324 -0.020687 -3.46062 -0.927806 -0.104833 -0.358032 -37.6145 
-0.353982 -0.0181342 0.935076 109.253 -0.102699 0.99452 -0.0195906 -3.49754 -0.929597 -0.102966 -0.353904 -37.9004 
-0.348725 -0.0186418 0.93704 110.107 -0.100977 0.99473 -0.0177898 -3.55026 -0.931769 -0.100823 -0.34877 -38.2289 
-0.344813 -0.0175675 0.938507 110.926 -0.0998594 0.994838 -0.018067 -3.57681 -0.933345 -0.0999485 -0.344787 -38.4866 
-0.338786 -0.017079 0.940709 111.779 -0.0939662 0.995451 -0.015768 -3.5907 -0.93616 -0.0937368 -0.338849 -38.7901 
-0.334724 -0.0180963 0.942143 112.617 -0.0886542 0.995986 -0.0123665 -3.61332 -0.938137 -0.0876643 -0.334984 -39.0608 
-0.331583 -0.0190077 0.943235 113.465 -0.0880776 0.996054 -0.0108905 -3.63052 -0.939306 -0.086689 -0.331949 -39.3296 
-0.327619 -0.0181604 0.944635 114.322 -0.0877992 0.996074 -0.0113013 -3.67715 -0.940722 -0.0866408 -0.327927 -39.6062 
-0.323417 -0.01522 0.946134 115.15 -0.090643 0.995771 -0.0149659 -3.66884 -0.941905 -0.0906007 -0.323429 -39.8687 
-0.322036 -0.0163477 0.946586 116.017 -0.0909447 0.995761 -0.0137431 -3.71554 -0.942349 -0.0905128 -0.322157 -40.1389 
-0.319537 -0.0184435 0.947394 116.876 -0.092942 0.9956 -0.0119655 -3.73899 -0.943005 -0.0918761 -0.319845 -40.4289 
-0.31774 -0.0223935 0.947913 117.715 -0.0893799 0.995977 -0.00643118 -3.78179 -0.943956 -0.0867679 -0.318464 -40.6994 
-0.317851 -0.0275212 0.947741 118.563 -0.0900749 0.995934 -0.00128841 -3.79836 -0.943852 -0.0857772 -0.319038 -40.9425 
-0.316264 -0.0293021 0.948218 119.381 -0.0891929 0.996014 0.00103018 -3.82279 -0.944469 -0.0842485 -0.317617 -41.2054 
-0.316599 -0.0259983 0.948203 120.187 -0.0897002 0.995965 -0.00264235 -3.84243 -0.944309 -0.0858906 -0.317653 -41.4197 
-0.316896 -0.024004 0.948157 121.013 -0.0910085 0.995837 -0.00520609 -3.87169 -0.944084 -0.0879401 -0.317761 -41.6813 
-0.31532 -0.0227358 0.948713 121.853 -0.0909317 0.995837 -0.00635747 -3.89198 -0.944619 -0.0882728 -0.316075 -41.9569 
-0.310885 -0.0218574 0.950196 122.69 -0.0898233 0.995937 -0.00647882 -3.91881 -0.946194 -0.087364 -0.311585 -42.2762 
-0.308905 -0.0219773 0.950839 123.493 -0.0844521 0.996418 -0.00440562 -3.96269 -0.947336 -0.0816613 -0.309654 -42.5534 
-0.309424 -0.0202314 0.950709 124.341 -0.0894259 0.995962 -0.00791072 -3.9664 -0.94671 -0.0874658 -0.309984 -42.8024 
-0.30991 -0.0206272 0.950542 125.204 -0.0997043 0.994957 -0.0109161 -3.98131 -0.945524 -0.0981561 -0.310404 -43.0479 
-0.309684 -0.0193611 0.950642 126.029 -0.105806 0.994285 -0.0142176 -4.00149 -0.944934 -0.104986 -0.309963 -43.2917 
-0.311082 -0.0164009 0.950242 126.811 -0.106508 0.994154 -0.0177087 -4.03555 -0.944396 -0.106717 -0.31101 -43.5141 
-0.312025 -0.018244 0.949899 127.614 -0.113137 0.993415 -0.0180837 -4.07622 -0.943314 -0.113111 -0.312034 -43.7209 
-0.312071 -0.0194129 0.949861 128.094 -0.111008 0.993688 -0.0161624 -4.20329 -0.943551 -0.110486 -0.312256 -43.8685 
-0.309366 -0.0187435 0.950758 128.879 -0.0969941 0.995213 -0.0119409 -4.23724 -0.945984 -0.095912 -0.309703 -44.1259 
-0.304401 -0.0217442 0.952296 129.76 -0.0981541 0.995134 -0.0086525 -4.25769 -0.947474 -0.0961056 -0.305054 -44.425 
-0.306598 -0.0273154 0.951447 130.58 -0.100819 0.994897 -0.00392547 -4.26548 -0.946485 -0.0971278 -0.307787 -44.5872 
-0.301325 -0.0276457 0.953121 131.359 -0.0959125 0.995389 -0.00145059 -4.29027 -0.948686 -0.0918533 -0.302587 -44.828 
-0.295461 -0.0211865 0.95512 132.054 -0.0894178 0.995979 -0.0055681 -4.31144 -0.951161 -0.0870499 -0.296168 -45.0706 
-0.290798 -0.0183685 0.956608 132.898 -0.0917844 0.99574 -0.00878145 -4.31993 -0.952372 -0.0903554 -0.291245 -45.2619 
-0.2813 -0.0185611 0.95944 133.73 -0.0899362 0.995922 -0.00710167 -4.35082 -0.955396 -0.0882861 -0.281823 -45.5096 
-0.273072 -0.0236743 0.961702 134.498 -0.0889337 0.996037 -0.000732805 -4.37663 -0.957874 -0.0857279 -0.274095 -45.691 
-0.259737 -0.0247206 0.965363 135.399 -0.0905276 0.995893 0.00114549 -4.37382 -0.961427 -0.0870945 -0.260908 -45.9186 
-0.248343 -0.0233965 0.96839 136.136 -0.0866444 0.996238 0.00184941 -4.4094 -0.964789 -0.0834463 -0.249436 -46.0638 
-0.233386 -0.0264794 0.972024 136.874 -0.0942831 0.995535 0.00448226 -4.46652 -0.967803 -0.0905993 -0.23484 -46.2376 
-0.221428 -0.0258154 0.974835 137.627 -0.0926025 0.995689 0.00533364 -4.48074 -0.97077 -0.0890911 -0.222864 -46.3668 
-0.206532 -0.023116 0.978167 138.455 -0.0922856 0.995724 0.00404561 -4.48278 -0.974078 -0.0894352 -0.207782 -46.539 
-0.195355 -0.0162583 0.980598 139.132 -0.0964227 0.995337 -0.00270658 -4.48961 -0.975981 -0.0950806 -0.196011 -46.617 
-0.180565 -0.00912408 0.983521 139.879 -0.0986422 0.995083 -0.00887837 -4.52162 -0.978604 -0.0986197 -0.180577 -46.7339 
-0.165452 -0.00227668 0.986215 140.644 -0.10298 0.994571 -0.0149804 -4.5444 -0.980827 -0.104039 -0.164788 -46.8609 
-0.154158 -0.00138541 0.988045 141.388 -0.109822 0.993827 -0.0157412 -4.53081 -0.981924 -0.110936 -0.153358 -46.9491 
-0.141144 -0.00649809 0.989968 142.163 -0.112271 0.993632 -0.00948474 -4.56658 -0.983602 -0.112483 -0.140975 -47.0466 
-0.129831 -0.0112201 0.991473 142.915 -0.114894 0.993371 -0.00380339 -4.60027 -0.984857 -0.114408 -0.130259 -47.119 
-0.120253 -0.00481375 0.992732 143.684 -0.119068 0.99284 -0.00960889 -4.61611 -0.985577 -0.119358 -0.119965 -47.1923 
-0.113235 0.00228967 0.993566 144.456 -0.121969 0.992402 -0.0161876 -4.63436 -0.986053 -0.123017 -0.112096 -47.2698 
-0.11152 0.00338868 0.993756 145.104 -0.124634 0.992051 -0.0173693 -4.67061 -0.985916 -0.125793 -0.110211 -47.2911 
-0.110382 -0.00133546 0.993888 145.881 -0.124916 0.992088 -0.0125402 -4.68363 -0.986008 -0.125537 -0.109675 -47.3833 
-0.111452 -0.00674814 0.993747 146.543 -0.123906 0.992268 -0.00715834 -4.7207 -0.986015 -0.123929 -0.111426 -47.4773 
-0.114677 -0.0124185 0.993325 147.278 -0.129606 0.991562 -0.00256613 -4.786 -0.984912 -0.129035 -0.115318 -47.5323 
-0.117038 -0.0119435 0.993056 148.006 -0.130018 0.991506 -0.00339854 -4.7931 -0.98458 -0.129512 -0.117597 -47.6107 
-0.121135 -0.0125135 0.992557 148.74 -0.129023 0.991636 -0.00324453 -4.81416 -0.984215 -0.128456 -0.121737 -47.6912 
-0.123392 -0.0129827 0.992273 149.466 -0.126849 0.991918 -0.00279594 -4.81569 -0.984217 -0.126214 -0.124042 -47.7974 
-0.127797 -0.0133901 0.99171 150.233 -0.127295 0.99186 -0.00301178 -4.82044 -0.983597 -0.126624 -0.128462 -47.8782 
-0.13476 -0.0146016 0.990771 150.979 -0.128469 0.991709 -0.00285831 -4.81921 -0.982515 -0.127669 -0.135519 -47.9626 
-0.140167 -0.0179751 0.989965 151.78 -0.126152 0.992011 0.000150669 -4.83604 -0.982059 -0.124865 -0.141314 -48.0368 
-0.144297 -0.0184078 0.989363 152.471 -0.128616 0.991694 -0.000307299 -4.85937 -0.98114 -0.127293 -0.145466 -48.1479 
-0.149763 -0.017917 0.98856 153.167 -0.129833 0.991534 -0.00169818 -4.86664 -0.98016 -0.128602 -0.150821 -48.2486 
-0.153931 -0.0153571 0.987962 153.892 -0.130587 0.991425 -0.00493536 -4.86898 -0.979414 -0.129775 -0.154617 -48.3569 
-0.156957 -0.0122058 0.98753 154.602 -0.127232 0.991841 -0.00796306 -4.87497 -0.979376 -0.126895 -0.15723 -48.453 
-0.160358 -0.0111866 0.986995 155.337 -0.124252 0.99221 -0.00894161 -4.89455 -0.979207 -0.12407 -0.160499 -48.528 
-0.159778 -0.0115274 0.987086 156.008 -0.124328 0.992205 -0.00853761 -4.90482 -0.979292 -0.124086 -0.159966 -48.6474 
-0.155957 -0.0147514 0.987654 156.713 -0.119425 0.992835 -0.0040291 -4.91147 -0.980518 -0.118579 -0.156601 -48.7474 
-0.148673 -0.015422 0.988766 157.408 -0.118182 0.992989 -0.0022821 -4.93818 -0.981799 -0.117194 -0.149453 -48.8412 
-0.138282 -0.013929 0.990295 158.097 -0.112496 0.993651 -0.00173243 -4.9355 -0.983983 -0.111644 -0.138971 -48.9223 
-0.124776 -0.0141228 0.992084 158.768 -0.108921 0.99405 0.000451569 -4.94948 -0.986188 -0.108003 -0.125572 -48.986 
-0.109979 -0.0160304 0.993805 159.45 -0.104141 0.994552 0.00451782 -4.9215 -0.988463 -0.102999 -0.111049 -49.042 
-0.0947689 -0.0219625 0.995257 160.098 -0.103555 0.99455 0.0120864 -4.92531 -0.990099 -0.101918 -0.0965268 -49.0845 
-0.077894 -0.0276861 0.996577 160.709 -0.107085 0.994064 0.0192464 -4.92 -0.991194 -0.105219 -0.0803963 -49.1277 
-0.0626452 -0.0349827 0.997423 161.549 -0.114428 0.993047 0.0276423 -4.90783 -0.991454 -0.112401 -0.0662126 -49.059 
-0.0446124 -0.0427371 0.99809 162.214 -0.109855 0.993236 0.037619 -4.8926 -0.992946 -0.107967 -0.0490055 -49.0837 
-0.0284872 -0.0486288 0.998411 162.859 -0.114863 0.992359 0.0450567 -4.88997 -0.992973 -0.113397 -0.0338552 -49.0767 
-0.0104592 -0.0506293 0.998663 163.478 -0.116982 0.991922 0.0490624 -4.87881 -0.993079 -0.116312 -0.0162975 -49.0796 
0.00525094 -0.0512471 0.998672 164.132 -0.114452 0.992092 0.0515113 -4.83611 -0.993415 -0.114571 -0.000655943 -49.001 
0.023204 -0.0525604 0.998348 164.75 -0.110994 0.992308 0.0548222 -4.81627 -0.99355 -0.112082 0.0171916 -48.9843 
0.0387358 -0.0537357 0.997804 165.496 -0.11121 0.992118 0.0577469 -4.74145 -0.993042 -0.113202 0.0324546 -48.8608 
0.0540595 -0.0580007 0.996852 166.138 -0.109208 0.99198 0.0636396 -4.70866 -0.992548 -0.112304 0.0472918 -48.816 
0.0652876 -0.0615867 0.995964 166.763 -0.10465 0.992167 0.068212 -4.67663 -0.992364 -0.108681 0.0583311 -48.7618 
0.0757482 -0.0621138 0.995191 167.406 -0.099245 0.992632 0.0695081 -4.62469 -0.992176 -0.104033 0.0690256 -48.6912 
0.0869606 -0.0589308 0.994467 168.024 -0.101145 0.992568 0.0676629 -4.58989 -0.991064 -0.10647 0.0803537 -48.6294 
0.0953922 -0.0516884 0.994097 168.657 -0.107831 0.992238 0.0619392 -4.55423 -0.989582 -0.113103 0.0890781 -48.5191 
0.104739 -0.0407251 0.993666 169.267 -0.106008 0.993011 0.0518723 -4.50687 -0.988834 -0.11077 0.0996897 -48.4337 
0.111059 -0.032935 0.993268 169.864 -0.100074 0.994 0.0441487 -4.46529 -0.988762 -0.104304 0.107097 -48.3563 
0.11657 -0.0349458 0.992568 170.495 -0.0997673 0.993914 0.0467102 -4.43192 -0.988159 -0.104471 0.112374 -48.2571 
0.123032 -0.0425533 0.99149 171.11 -0.1023 0.993214 0.0553215 -4.40101 -0.987116 -0.108236 0.117844 -48.1662 
0.127985 -0.0539281 0.990309 171.685 -0.107799 0.991848 0.0679437 -4.37832 -0.9859 -0.11545 0.121129 -48.057 
0.129054 -0.0621771 0.989686 172.253 -0.108137 0.991198 0.0763731 -4.34262 -0.985724 -0.116878 0.121195 -47.9432 
0.129469 -0.0633385 0.989559 172.86 -0.103784 0.991611 0.0770484 -4.33161 -0.986137 -0.112675 0.121809 -47.8489 
0.130755 -0.0602626 0.989582 173.459 -0.100845 0.992165 0.0737448 -4.28676 -0.986273 -0.109437 0.123653 -47.7773 
0.132595 -0.0605096 0.989322 174.104 -0.0977122 0.992475 0.0737984 -4.24241 -0.986342 -0.106454 0.125684 -47.6974 
0.135066 -0.0615625 0.988922 174.722 -0.103383 0.991745 0.0758581 -4.19102 -0.985428 -0.112484 0.127586 -47.6036 
0.137868 -0.0671205 0.988174 175.346 -0.103367 0.991278 0.081753 -4.16059 -0.985042 -0.113416 0.129728 -47.4923 
0.139922 -0.0715482 0.987574 175.962 -0.10221 0.991014 0.0862788 -4.1167 -0.984873 -0.113012 0.131352 -47.394 
0.144298 -0.07476 0.986706 176.571 -0.10249 0.99065 0.0900472 -4.08381 -0.984212 -0.114121 0.135287 -47.2853 
0.148573 -0.077933 0.985826 177.16 -0.0996217 0.990639 0.0933274 -4.04316 -0.983871 -0.112076 0.139418 -47.1623 
0.156896 -0.0799981 0.98437 177.797 -0.0986326 0.990462 0.096214 -3.98402 -0.982678 -0.112186 0.147509 -47.0564 
0.166712 -0.0826446 0.982536 178.441 -0.0940231 0.990608 0.0992769 -3.94943 -0.981513 -0.108932 0.157375 -46.9427 
0.17804 -0.081062 0.980679 179.11 -0.0952078 0.990506 0.0991592 -3.89964 -0.979407 -0.111023 0.168632 -46.7875 
0.190295 -0.0776586 0.978651 179.767 -0.094743 0.990761 0.0970421 -3.85023 -0.977145 -0.111187 0.18118 -46.6478 
0.200472 -0.0751792 0.976811 180.409 -0.0942773 0.990944 0.0956156 -3.78898 -0.975153 -0.111259 0.191568 -46.4375 
0.21238 -0.0751715 0.974292 181.055 -0.0909623 0.991187 0.0963034 -3.72768 -0.972944 -0.109077 0.20367 -46.2836 
0.223803 -0.0785167 0.971467 181.73 -0.0883688 0.99101 0.100454 -3.67115 -0.97062 -0.108329 0.214853 -46.0921 
0.235277 -0.0804613 0.968592 182.317 -0.0897276 0.990513 0.104078 -3.62777 -0.967778 -0.111396 0.225825 -45.9445 
0.246741 -0.0801378 0.965762 182.942 -0.0911706 0.990235 0.105462 -3.54542 -0.964783 -0.114071 0.237026 -45.7537 
0.25858 -0.0834312 0.96238 183.604 -0.0930991 0.989473 0.110795 -3.49197 -0.961493 -0.118246 0.24809 -45.6067 
0.267696 -0.081342 0.960064 184.265 -0.0974299 0.989037 0.110963 -3.41487 -0.958565 -0.123243 0.256836 -45.4338 
0.27125 -0.0847114 0.958774 184.872 -0.0970951 0.98863 0.114819 -3.33907 -0.957599 -0.124237 0.259941 -45.2366 
0.273655 -0.0887011 0.957729 185.564 -0.093372 0.988586 0.118238 -3.26842 -0.957285 -0.121782 0.262249 -45.0431 
0.274235 -0.0880572 0.957623 186.251 -0.0890348 0.989197 0.116458 -3.21531 -0.957532 -0.117198 0.263432 -44.8543 
0.27284 -0.0871189 0.958107 186.91 -0.0883055 0.98942 0.115113 -3.1397 -0.957998 -0.116014 0.26226 -44.6617 
0.272678 -0.0852889 0.958318 187.599 -0.0856366 0.989958 0.112472 -3.06123 -0.958287 -0.112736 0.262636 -44.4737 
0.272285 -0.0860184 0.958364 188.291 -0.0833826 0.99014 0.112561 -2.9794 -0.958597 -0.110559 0.262428 -44.2664 
0.27026 -0.0911898 0.958459 188.998 -0.0811503 0.989805 0.117054 -2.89739 -0.959361 -0.109414 0.260104 -44.0543 
0.270285 -0.0940756 0.958173 189.693 -0.0800409 0.989574 0.119737 -2.81569 -0.959447 -0.109056 0.259937 -43.8729 
0.266315 -0.0950778 0.959185 190.434 -0.0805181 0.989451 0.120433 -2.71658 -0.960517 -0.109305 0.25585 -43.6331 
0.266138 -0.096527 0.95909 191.17 -0.0820403 0.989095 0.122312 -2.6562 -0.960437 -0.111236 0.255317 -43.4387 
0.263064 -0.0955962 0.960031 191.842 -0.0856804 0.988832 0.121942 -2.58333 -0.960966 -0.114334 0.251936 -43.2409 
0.261269 -0.0935925 0.960718 192.582 -0.0877877 0.98886 0.120208 -2.48656 -0.961266 -0.115746 0.250142 -43.03 
0.260371 -0.0915183 0.961161 193.316 -0.0847968 0.989483 0.117186 -2.4108 -0.961778 -0.112015 0.249872 -42.8361 
0.259999 -0.0834317 0.961998 194.018 -0.0910293 0.989706 0.110437 -2.33546 -0.961309 -0.116284 0.249728 -42.6472 
0.257835 -0.0806319 0.962819 194.754 -0.0952762 0.989533 0.108383 -2.24915 -0.96148 -0.119679 0.247454 -42.4218 
0.257698 -0.0828352 0.962668 195.476 -0.0962071 0.989167 0.110869 -2.17033 -0.961424 -0.121186 0.246937 -42.2397 
0.256894 -0.0830568 0.962864 196.175 -0.109933 0.987322 0.114497 -2.14771 -0.960167 -0.135264 0.244507 -42.0408 
0.254565 -0.083316 0.96346 196.838 -0.118176 0.986135 0.116501 -2.12243 -0.959808 -0.143515 0.241189 -41.8674 
0.248332 -0.0837293 0.96505 197.618 -0.120685 0.985821 0.116587 -2.03592 -0.961128 -0.145419 0.234706 -41.6039 
0.24175 -0.0852475 0.966587 198.392 -0.12383 0.985279 0.117867 -1.96781 -0.962405 -0.148186 0.227635 -41.4207 
0.231612 -0.0860482 0.968995 199.173 -0.118764 0.986128 0.115957 -1.86889 -0.965531 -0.141939 0.21818 -41.1967 
0.223218 -0.0840217 0.971141 199.846 -0.117435 0.986704 0.112361 -1.81735 -0.967669 -0.139127 0.210383 -41.0743 
0.212023 -0.0808625 0.973914 200.58 -0.119146 0.986998 0.107887 -1.75201 -0.969975 -0.138913 0.199631 -40.9149 
0.19961 -0.0809753 0.976524 201.267 -0.1229 0.986641 0.106936 -1.6851 -0.972138 -0.141361 0.186992 -40.7886 
0.186263 -0.0892779 0.978435 201.999 -0.118561 0.986543 0.112588 -1.62854 -0.97532 -0.136975 0.173172 -40.6402 
0.176627 -0.0966964 0.979517 202.722 -0.117122 0.986027 0.118459 -1.54848 -0.977285 -0.135646 0.162834 -40.5077 
0.169124 -0.10233 0.980268 203.468 -0.116847 0.985499 0.123035 -1.47378 -0.978644 -0.13535 0.154715 -40.3842 
0.166133 -0.103294 0.980678 204.176 -0.123314 0.984516 0.124588 -1.39294 -0.978363 -0.14163 0.150823 -40.267 
0.165095 -0.105489 0.98062 204.895 -0.120446 0.984665 0.126202 -1.32425 -0.978896 -0.138947 0.149858 -40.1716 
0.161711 -0.105808 0.981149 205.608 -0.119339 0.984842 0.125876 -1.24137 -0.979596 -0.137445 0.146633 -40.0413 
0.16232 -0.10404 0.981238 206.329 -0.11757 0.985303 0.12392 -1.15533 -0.979709 -0.135479 0.147702 -39.9271 
0.161476 -0.101433 0.98165 207.067 -0.122927 0.98489 0.121989 -1.07456 -0.979191 -0.14037 0.146567 -39.7916 
0.163943 -0.102856 0.981093 207.742 -0.12359 0.984571 0.123873 -1.0218 -0.978697 -0.141562 0.148702 -39.7083 
0.165103 -0.103735 0.980806 208.497 -0.124871 0.984252 0.12512 -0.929247 -0.97834 -0.143132 0.149549 -39.5646 
0.16644 -0.105479 0.980394 209.298 -0.126248 0.9838 0.127278 -0.849012 -0.977936 -0.144956 0.150427 -39.3958 
0.1668 -0.105209 0.980362 210.014 -0.124531 0.984081 0.126796 -0.756076 -0.978095 -0.143235 0.151043 -39.257 
0.168921 -0.1066 0.979848 210.773 -0.120692 0.984416 0.127904 -0.65172 -0.978212 -0.139865 0.153422 -39.1154 
0.173706 -0.108295 0.978825 211.534 -0.121975 0.983916 0.130505 -0.56805 -0.977215 -0.142062 0.157702 -38.987 
0.178274 -0.112898 0.977483 212.156 -0.121617 0.983251 0.135745 -0.490379 -0.976436 -0.143078 0.161558 -38.8363 
0.182419 -0.115716 0.976388 212.837 -0.123263 0.982524 0.139473 -0.389168 -0.975464 -0.145795 0.164968 -38.6708 
0.187593 -0.115662 0.975413 213.573 -0.124903 0.982173 0.140485 -0.297504 -0.974273 -0.148186 0.169802 -38.5304 
0.190527 -0.111262 0.975356 214.312 -0.127766 0.982295 0.137011 -0.200539 -0.973332 -0.150721 0.172938 -38.356 
0.19645 -0.105621 0.974808 215.078 -0.133135 0.982101 0.133242 -0.0998668 -0.971433 -0.155956 0.178872 -38.1959 
0.199924 -0.103084 0.974374 215.818 -0.137332 0.981686 0.132035 0.00966833 -0.970139 -0.16021 0.182106 -38.0103 
0.205021 -0.103598 0.973259 216.586 -0.138072 0.981377 0.133548 0.0923137 -0.96897 -0.16176 0.186899 -37.8392 
0.208495 -0.101003 0.972794 217.342 -0.140177 0.981298 0.13193 0.192006 -0.967926 -0.16387 0.190437 -37.6554 
0.212597 -0.0991155 0.9721 218.051 -0.137907 0.981841 0.130269 0.272035 -0.967359 -0.161754 0.195067 -37.4737 
0.217386 -0.0993216 0.971019 218.786 -0.136018 0.982021 0.130898 0.351485 -0.966562 -0.160531 0.199968 -37.2998 
0.220963 -0.101423 0.969994 219.437 -0.133648 0.982046 0.133128 0.413219 -0.966082 -0.159054 0.20344 -37.1138 
0.224047 -0.101415 0.969287 220.187 -0.12826 0.982852 0.132481 0.503187 -0.966102 -0.154003 0.207198 -36.9192 
0.227809 -0.101794 0.96837 220.977 -0.125161 0.983209 0.132797 0.588326 -0.965628 -0.151454 0.211243 -36.73 
0.232647 -0.0997507 0.967432 221.728 -0.124194 0.983536 0.131277 0.676667 -0.964599 -0.15069 0.216429 -36.5546 
0.236631 -0.100305 0.966408 222.485 -0.130806 0.982312 0.133985 0.772305 -0.962754 -0.158117 0.219325 -36.3354 
0.242638 -0.100519 0.964895 223.256 -0.132115 0.981927 0.135515 0.870423 -0.961079 -0.160358 0.224973 -36.1502 
0.246778 -0.0974625 0.964159 223.995 -0.130543 0.982518 0.132731 0.953254 -0.960239 -0.15862 0.229741 -35.9469 
0.250718 -0.090443 0.963826 224.751 -0.127947 0.983796 0.1256 1.04658 -0.959568 -0.154808 0.235083 -35.7486 
0.254047 -0.0845045 0.963493 225.496 -0.13206 0.983816 0.121108 1.13974 -0.958134 -0.158006 0.238776 -35.5303 
0.257851 -0.0860397 0.962346 226.224 -0.139227 0.982323 0.12513 1.23971 -0.956101 -0.16625 0.241314 -35.3082 
0.258546 -0.0981328 0.961002 226.894 -0.137817 0.980903 0.137243 1.30015 -0.956117 -0.167926 0.240084 -35.067 
0.260236 -0.109706 0.959292 227.678 -0.133904 0.979823 0.148379 1.41325 -0.956215 -0.167066 0.240296 -34.8624 
0.262413 -0.117502 0.957775 228.458 -0.136595 0.97804 0.157413 1.52162 -0.955239 -0.172135 0.2406 -34.6599 
0.264815 -0.119045 0.956923 229.218 -0.137692 0.977514 0.159712 1.63726 -0.954418 -0.174054 0.242469 -34.4459 
0.267093 -0.11441 0.956855 229.971 -0.137546 0.978235 0.155361 1.74975 -0.953804 -0.173107 0.245544 -34.2119 
0.270588 -0.10934 0.956466 230.714 -0.134673 0.97946 0.150068 1.84794 -0.953229 -0.169417 0.250305 -33.9923 
0.275571 -0.103814 0.955659 231.443 -0.134678 0.980177 0.145313 1.95699 -0.9518 -0.16875 0.256127 -33.778 
0.279511 -0.102848 0.954618 232.189 -0.131773 0.980729 0.144244 2.04502 -0.951057 -0.166111 0.260572 -33.5566 
0.283242 -0.100282 0.953791 232.948 -0.131242 0.981109 0.142128 2.15375 -0.950026 -0.165434 0.264731 -33.314 
0.287371 -0.101388 0.952438 233.737 -0.12924 0.981184 0.143442 2.27569 -0.94906 -0.164314 0.26886 -33.0562 
0.290912 -0.107582 0.950682 234.52 -0.124883 0.980887 0.149215 2.39556 -0.948565 -0.162132 0.271916 -32.8217 
0.293757 -0.113032 0.949174 235.273 -0.123201 0.980225 0.154859 2.50328 -0.947908 -0.16243 0.274022 -32.5874 
0.29668 -0.119139 0.947516 236.053 -0.119301 0.979791 0.160552 2.62073 -0.947496 -0.160672 0.276471 -32.3573 
0.298087 -0.124636 0.946367 236.797 -0.118233 0.978983 0.166173 2.72649 -0.947188 -0.161426 0.277086 -32.1127 
0.300458 -0.131067 0.944747 237.563 -0.11674 0.978013 0.172809 2.85389 -0.946624 -0.162211 0.278551 -31.8835 
0.301817 -0.130633 0.944374 238.325 -0.1179 0.97785 0.172944 2.9924 -0.946048 -0.163539 0.27973 -31.6324 
0.304404 -0.118398 0.945156 239.078 -0.127946 0.978171 0.163741 3.12647 -0.943911 -0.170772 0.28261 -31.3774 
0.306516 -0.103512 0.94622 239.826 -0.130165 0.980173 0.149391 3.23951 -0.942924 -0.168955 0.286966 -31.1495 
0.307709 -0.0950509 0.946721 240.558 -0.130343 0.981406 0.140898 3.35123 -0.94251 -0.166754 0.289599 -30.9241 
0.307447 -0.0982573 0.946479 241.322 -0.130656 0.980875 0.144269 3.43794 -0.942553 -0.168019 0.288729 -30.6788 
0.307449 -0.10433 0.945828 242.098 -0.128561 0.980304 0.149922 3.57 -0.94284 -0.16769 0.287981 -30.4182 
0.309058 -0.106377 0.945075 242.862 -0.124792 0.980597 0.151185 3.67991 -0.94282 -0.164663 0.289786 -30.1891 
