1 -4.23778e-08 4.22719e-08 0 -4.23778e-08 1 -4.19404e-08 0 4.22719e-08 -4.19404e-08 1 0 
0.999991 -0.00258067 -0.00339488 -0.00632097 0.00257366 0.999995 -0.0020429 -0.00625881 0.00340022 0.00203406 0.999992 0.676668 
0.999971 -0.00130894 -0.00746116 -0.0257575 0.00128129 0.999992 -0.00369794 -0.0105339 0.00746602 0.00368819 0.999965 1.37145 
0.99993 -0.00131938 -0.0117502 -0.0402732 0.00125753 0.999985 -0.0052621 -0.0121259 0.011757 0.00524687 0.999917 2.08948 
0.999858 -0.000195502 -0.0168728 -0.0600238 0.000100082 0.999984 -0.00565091 -0.0198675 0.0168737 0.00564833 0.999842 2.82155 
0.999768 -0.00135912 -0.021511 -0.0859571 0.00123163 0.999982 -0.00593496 -0.02699 0.0215187 0.005907 0.999751 3.57329 
0.999653 0.000281542 -0.0263271 -0.116796 -0.000468205 0.999975 -0.00708102 -0.0356515 0.0263246 0.00709081 0.999628 4.34059 
0.99951 0.00279524 -0.0311743 -0.15609 -0.00303818 0.999965 -0.00774581 -0.0431221 0.0311516 0.00783664 0.999484 5.11652 
0.999352 0.00344042 -0.0358351 -0.190655 -0.00366027 0.999975 -0.006069 -0.0541748 0.0358134 0.00619615 0.999339 5.90592 
0.999177 0.00235154 -0.0404924 -0.230259 -0.00249382 0.999991 -0.00346159 -0.0615954 0.040484 0.00355963 0.999174 6.71561 
0.999025 0.00170893 -0.0441076 -0.273472 -0.00174698 0.999998 -0.000822299 -0.0706666 0.0441062 0.000898467 0.999026 7.53076 
0.998893 0.0032553 -0.046929 -0.326967 -0.00333181 0.999993 -0.00155053 -0.0765257 0.0469238 0.00170509 0.998897 8.36013 
0.998764 0.00303113 -0.0496054 -0.375946 -0.00313178 0.999993 -0.00194985 -0.0814407 0.0495992 0.00210271 0.998767 9.1916 
0.998685 -0.0001127 -0.0512555 -0.424262 -1.66268e-05 0.999997 -0.00252113 -0.0864268 0.0512557 0.00251859 0.998682 10.0249 
0.998572 -2.60796e-05 -0.0534189 -0.481814 -6.33968e-05 0.999999 -0.00167175 -0.0958006 0.0534189 0.00167267 0.998571 10.8725 
0.998498 -0.00171588 -0.0547673 -0.538704 0.00160974 0.999997 -0.00198044 -0.102813 0.0547706 0.00188922 0.998497 11.729 
0.998417 0.000337689 -0.0562497 -0.608192 -0.000582669 0.99999 -0.00433742 -0.114712 0.0562478 0.00436324 0.998407 12.5842 
0.998338 0.000687983 -0.0576233 -0.670912 -0.00108637 0.999976 -0.00688112 -0.126453 0.0576172 0.00693219 0.998315 13.4534 
0.998217 0.0046445 -0.0595043 -0.737815 -0.00515158 0.999952 -0.0083697 -0.141623 0.0594626 0.00866124 0.998193 14.334 
0.998157 0.0053915 -0.0604389 -0.805417 -0.00587595 0.999952 -0.00783934 -0.15691 0.0603938 0.00817994 0.998141 15.219 
0.99808 0.00436935 -0.061778 -0.874363 -0.00476924 0.999969 -0.00632563 -0.171157 0.0617485 0.00660803 0.99807 16.114 
0.997977 0.00482993 -0.0633985 -0.939493 -0.00514571 0.999975 -0.00481721 -0.18293 0.0633737 0.00513361 0.997977 17.0183 
0.997926 0.00435275 -0.0642255 -1.01388 -0.00467962 0.999977 -0.00493866 -0.194205 0.0642026 0.00522888 0.997923 17.923 
0.9978 0.00424774 -0.0661519 -1.0808 -0.00463865 0.999973 -0.00575545 -0.208204 0.0661257 0.00604956 0.997793 18.8282 
0.997712 0.00293747 -0.0675442 -1.14835 -0.00337501 0.999974 -0.00636341 -0.221744 0.0675238 0.00657672 0.997696 19.7407 
0.997688 0.00302495 -0.0678869 -1.22566 -0.00335749 0.999983 -0.00478365 -0.233375 0.0678714 0.00500043 0.997681 20.6621 
0.9977 0.00421904 -0.0676536 -1.30807 -0.0043204 0.99999 -0.00135077 -0.247223 0.0676473 0.00163987 0.997708 21.5912 
0.997762 0.00531732 -0.0666457 -1.38823 -0.00519801 0.999984 0.0019647 -0.253083 0.0666552 -0.00161396 0.997775 22.5273 
0.997875 0.00409622 -0.0650332 -1.46119 -0.00377732 0.99998 0.00502709 -0.263202 0.0650526 -0.00477084 0.99787 23.4666 
0.997938 0.00432043 -0.064039 -1.52319 -0.00395397 0.999975 0.00584942 -0.267799 0.0640628 -0.00558424 0.99793 24.4143 
0.998024 0.0046952 -0.0626496 -1.59677 -0.00451841 0.999985 0.00296449 -0.274282 0.0626627 -0.00267565 0.998031 25.3636 
0.998095 0.00548196 -0.0614471 -1.67434 -0.00560761 0.999982 -0.00187122 -0.281179 0.0614359 0.00221214 0.998108 26.3107 
0.99816 0.00455732 -0.0604607 -1.73828 -0.00486825 0.999976 -0.00499505 -0.288737 0.0604365 0.00528011 0.998158 27.2671 
0.998222 0.00163782 -0.0595799 -1.81008 -0.00187319 0.999991 -0.00389347 -0.301723 0.0595731 0.00399807 0.998216 28.2372 
0.99819 0.000372013 -0.0601284 -1.87691 -0.000315415 0.999999 0.000952131 -0.310869 0.0601288 -0.000931529 0.99819 29.2056 
0.998144 -0.0037444 -0.0607818 -1.9449 0.00403248 0.999981 0.00461896 -0.323897 0.0607635 -0.00485558 0.99814 30.1745 
0.998026 -0.0107669 -0.0618628 -2.01126 0.0110254 0.999932 0.0038391 -0.330993 0.0618174 -0.00451367 0.998077 31.1486 
0.997916 -0.0133093 -0.0631332 -2.0805 0.0133448 0.999911 0.000141977 -0.340844 0.0631258 -0.00098427 0.998005 32.1105 
0.997857 -0.0123204 -0.0642644 -2.15995 0.0120704 0.999918 -0.00427582 -0.346194 0.0643119 0.00349088 0.997924 33.0771 
0.997721 -0.0109092 -0.0665852 -2.2377 0.0106112 0.999932 -0.0048267 -0.361225 0.0666334 0.00410907 0.997769 34.0597 
0.997685 -0.0109205 -0.0671266 -2.32013 0.0107001 0.999936 -0.00363971 -0.372143 0.0671621 0.00291294 0.997738 35.0518 
0.997623 -0.00732906 -0.0685135 -2.40649 0.00726919 0.999973 -0.0011218 -0.384181 0.06852 0.000621005 0.997649 36.0598 
0.997572 -0.00702237 -0.0692825 -2.49623 0.00702604 0.999975 -0.000189614 -0.393793 0.0692822 -0.000297714 0.997597 37.049 
0.997495 -0.00567855 -0.0705098 -2.57852 0.00585633 0.99998 0.00231606 -0.404589 0.0704953 -0.00272327 0.997508 38.0405 
0.997524 -0.00563864 -0.0700943 -2.66402 0.00602043 0.999968 0.00523779 -0.415269 0.0700626 -0.00564691 0.997527 39.0295 
0.997506 0.00029837 -0.0705813 -2.7631 0.000234988 0.999971 0.00754938 -0.422669 0.0705816 -0.00754722 0.997477 40.0236 
0.997498 9.58975e-05 -0.0706906 -2.848 0.000386191 0.999977 0.00680715 -0.429217 0.0706897 -0.00681751 0.997475 41.0182 
0.997489 0.000302346 -0.0708236 -2.92436 4.92198e-05 0.999988 0.00496331 -0.43152 0.0708243 -0.00495442 0.997476 42.0169 
0.9975 0.00248427 -0.0706284 -3.01936 -0.00229523 0.999993 0.0027587 -0.440455 0.0706349 -0.00258978 0.997499 43.0098 
0.997453 0.00216347 -0.0712903 -3.10713 -0.00197818 0.999994 0.00267082 -0.448272 0.0712958 -0.00252308 0.997452 44.006 
0.99735 0.000198346 -0.0727492 -3.19051 0.000105391 0.999991 0.00417239 -0.461836 0.0727495 -0.00416908 0.997341 45.007 
0.997316 0.00102439 -0.0732128 -3.27888 -0.000643617 0.999986 0.00522544 -0.473469 0.0732172 -0.00516438 0.997303 45.9934 
0.997285 0.00349405 -0.0735511 -3.36461 -0.0033826 0.999993 0.00164086 -0.489535 0.0735564 -0.0013877 0.99729 46.9691 
0.997218 0.00402294 -0.074435 -3.45463 -0.00423006 0.999988 -0.00262403 -0.500851 0.0744236 0.00293151 0.997222 47.9373 
0.997169 0.0051303 -0.0750122 -3.54267 -0.00543452 0.999978 -0.00385104 -0.515359 0.0749908 0.00424771 0.997175 48.9101 
0.997167 0.00382174 -0.0751278 -3.62677 -0.00385825 0.999992 -0.000339834 -0.530305 0.075126 0.000628646 0.997174 49.8899 
0.997155 0.00203226 -0.0753491 -3.70799 -0.00182922 0.999994 0.00276462 -0.542761 0.0753544 -0.00261901 0.997153 50.8628 
0.997133 6.88706e-05 -0.0756685 -3.78936 0.000189301 0.999994 0.00340578 -0.555181 0.0756684 -0.00341042 0.997127 51.8263 
0.997124 -0.00309869 -0.0757277 -3.87158 0.00328224 0.999992 0.00230052 -0.567369 0.0757201 -0.00254255 0.997126 52.7851 
0.997086 -0.00584325 -0.0760611 -3.95338 0.0059258 0.999982 0.000860701 -0.577474 0.0760548 -0.001309 0.997103 53.7459 
0.996981 -0.00749297 -0.0772807 -4.03661 0.0076715 0.999968 0.00201452 -0.587414 0.0772632 -0.00260138 0.997007 54.701 
0.996855 -0.0107013 -0.0785217 -4.11723 0.0112031 0.999919 0.00595443 -0.59458 0.0784518 -0.00681548 0.996895 55.652 
0.996787 -0.0115427 -0.0792627 -4.20028 0.0124668 0.99986 0.0111755 -0.603387 0.0791227 -0.0121278 0.996791 56.6058 
0.996774 -0.0100426 -0.079633 -4.29098 0.0111312 0.99985 0.0132392 -0.605938 0.0794882 -0.014083 0.996736 57.5527 
0.996663 -0.00885955 -0.0811445 -4.37911 0.00965244 0.999909 0.00938519 -0.61531 0.0810541 -0.0101372 0.996658 58.4894 
0.996573 -0.00730854 -0.0823978 -4.47123 0.00747176 0.999971 0.00167376 -0.621238 0.0823832 -0.00228376 0.996598 59.4111 
0.996519 -0.00586253 -0.083154 -4.56396 0.00560588 0.999979 -0.00331851 -0.629041 0.0831718 0.00284072 0.996531 60.3206 
0.996439 -0.000959815 -0.0843127 -4.65598 0.000765795 0.999997 -0.00233255 -0.64556 0.0843148 0.00225959 0.996437 61.2315 
0.99632 0.00177247 -0.0856956 -4.74758 -0.00175475 0.999998 0.000283073 -0.664907 0.085696 -0.000131744 0.996321 62.1313 
0.996234 0.00414364 -0.0866026 -4.83854 -0.00398243 0.99999 0.00203508 -0.684361 0.0866102 -0.00168262 0.996241 63.0151 
0.996138 0.00495156 -0.087659 -4.92929 -0.00481359 0.999987 0.00178618 -0.69654 0.0876668 -0.00135741 0.996149 63.8784 
0.996002 0.00641382 -0.089102 -5.02171 -0.0062078 0.999977 0.00258992 -0.709257 0.0891167 -0.00202652 0.996019 64.727 
0.995863 0.00718703 -0.0905836 -5.10911 -0.00691154 0.99997 0.00335553 -0.725441 0.0906052 -0.00271566 0.995883 65.5683 
0.995733 0.00716515 -0.0919988 -5.19557 -0.00681558 0.999968 0.00411423 -0.74342 0.0920254 -0.00346974 0.995751 66.3899 
0.995609 0.00698167 -0.0933426 -5.28289 -0.00655028 0.999966 0.00492803 -0.750405 0.093374 -0.00429507 0.995622 67.1964 
0.995442 0.00944193 -0.0948999 -5.37432 -0.00875456 0.999932 0.00765768 -0.757739 0.0949659 -0.00679206 0.995457 67.9996 
0.995292 0.0111225 -0.0962797 -5.46256 -0.0100279 0.999879 0.0118464 -0.767457 0.0964 -0.0108252 0.995284 68.7846 
0.995077 0.0141187 -0.0980889 -5.55132 -0.0128555 0.999826 0.0134991 -0.772643 0.0982626 -0.0121717 0.995086 69.5573 
0.994923 0.0171366 -0.0991641 -5.64994 -0.0162609 0.999821 0.00963367 -0.786269 0.0993115 -0.00797235 0.995024 70.3062 
0.994782 0.0172816 -0.100551 -5.73666 -0.017141 0.99985 0.00226307 -0.793663 0.100576 -0.000527794 0.994929 71.0335 
0.994663 0.0166579 -0.101826 -5.81994 -0.0171054 0.999847 -0.00352233 -0.800785 0.101752 0.00524522 0.994796 71.7437 
0.994633 0.017549 -0.101962 -5.90938 -0.0181378 0.999824 -0.0048493 -0.80762 0.101859 0.00667256 0.994776 72.4354 
0.994508 0.0201526 -0.102699 -5.99991 -0.0204111 0.999791 -0.00146556 -0.818517 0.102648 0.00355362 0.994711 73.1076 
0.994359 0.020385 -0.104091 -6.07981 -0.0204061 0.999791 0.000863038 -0.835452 0.104087 0.00126583 0.994567 73.7631 
0.994306 0.017491 -0.105118 -6.15463 -0.0178411 0.999838 -0.00238979 -0.848491 0.10506 0.00425152 0.994457 74.3988 
0.994426 0.00943998 -0.105011 -6.22193 -0.0102738 0.99992 -0.00740137 -0.861739 0.104933 0.00843889 0.994443 75.0161 
0.994553 0.00533746 -0.104096 -6.28783 -0.0066679 0.9999 -0.0124364 -0.870357 0.104019 0.0130626 0.994489 75.6159 
0.994834 0.00774476 -0.101214 -6.3505 -0.00905799 0.999881 -0.0125208 -0.887235 0.101105 0.0133729 0.994786 76.2007 
0.995207 0.0128949 -0.0969355 -6.42605 -0.0138722 0.999859 -0.0094139 -0.904225 0.0968005 0.0107134 0.995246 76.7704 
0.995675 0.0110725 -0.0922449 -6.48217 -0.011707 0.999911 -0.00633941 -0.916664 0.0921666 0.00739182 0.995716 77.329 
0.996217 0.00750024 -0.0865726 -6.52873 -0.00772954 0.999967 -0.00231282 -0.928156 0.0865525 0.00297315 0.996243 77.8719 
0.996894 0.00306727 -0.0786981 -6.56168 -0.00296824 0.999995 0.00137633 -0.944023 0.078702 -0.00113855 0.996897 78.403 
0.997648 0.00672076 -0.0682078 -6.59637 -0.0066606 0.999977 0.00111055 -0.952701 0.0682138 -0.00065372 0.99767 78.92 
0.998523 0.0119397 -0.0529923 -6.6331 -0.0119264 0.999929 0.000568185 -0.96199 0.0529954 6.45773e-05 0.998595 79.4201 
0.999241 0.017146 -0.0349623 -6.65359 -0.0171211 0.999853 0.00101417 -0.967725 0.0349747 -0.000414894 0.999388 79.9158 
0.999791 0.0154963 -0.0133353 -6.63821 -0.0154817 0.999879 0.00120311 -0.968737 0.0133524 -0.000996488 0.99991 80.3995 
0.999842 0.0120373 0.0130608 -6.61651 -0.0120666 0.999925 0.00216368 -0.979199 -0.0130337 -0.00232103 0.999912 80.868 
0.999029 0.010987 0.0426697 -6.58022 -0.0111512 0.999931 0.00361135 -0.985486 -0.042627 -0.00408374 0.999083 81.3169 
0.997064 0.0107333 0.0758197 -6.52978 -0.0111395 0.999926 0.00493552 -0.991904 -0.075761 -0.0057657 0.997109 81.7668 
0.99348 0.0105854 0.113514 -6.46246 -0.0112469 0.999923 0.0051883 -0.996323 -0.11345 -0.00643124 0.993523 82.2003 
0.98784 0.0108753 0.155094 -6.37181 -0.0117825 0.999918 0.0049309 -1.00013 -0.155028 -0.00669842 0.987887 82.626 
0.979661 0.010658 0.200377 -6.26538 -0.0118729 0.999918 0.00486217 -1.00816 -0.200309 -0.00714242 0.979707 83.0338 
0.968285 0.0129693 0.249513 -6.1404 -0.01406 0.999898 0.00258917 -1.01862 -0.249454 -0.00601529 0.968368 83.4283 
0.952958 0.0137862 0.302789 -5.9939 -0.0144132 0.999896 -0.000163975 -1.02968 -0.30276 -0.00420796 0.953058 83.8013 
0.933366 0.01427 0.358642 -5.82054 -0.014259 0.999895 -0.00267594 -1.03364 -0.358643 -0.00261632 0.933471 84.1636 
0.90932 0.0147768 0.415834 -5.62533 -0.0141648 0.999889 -0.00455683 -1.04227 -0.415856 -0.00174667 0.909429 84.507 
0.880415 0.0150333 0.473965 -5.41617 -0.0134858 0.999887 -0.00666417 -1.04885 -0.474012 -0.000524612 0.880518 84.8261 
0.847062 0.0134074 0.531324 -5.18427 -0.0103358 0.999908 -0.00875403 -1.05846 -0.531393 0.00192349 0.847123 85.1225 
0.810322 0.0128996 0.585843 -4.9348 -0.00885744 0.999913 -0.00976575 -1.07153 -0.585918 0.00272428 0.810366 85.4013 
0.770321 0.0115698 0.637552 -4.67173 -0.00797831 0.999932 -0.00850639 -1.08427 -0.637607 0.00146602 0.770361 85.6652 
0.727254 0.0112489 0.686276 -4.39066 -0.00920274 0.999936 -0.00663811 -1.09011 -0.686306 -0.00148807 0.727311 85.9181 
0.681293 0.00996975 0.731943 -4.0985 -0.00836101 0.999948 -0.00583793 -1.10258 -0.731963 -0.00214248 0.681341 86.1496 
0.634112 0.00881805 0.773191 -3.78982 -0.00504701 0.999961 -0.00726526 -1.10959 -0.773225 0.000704652 0.634131 86.3585 
0.58669 0.00624902 0.809788 -3.46766 0.000449134 0.999967 -0.00804213 -1.1197 -0.809812 0.00508191 0.586668 86.5415 
0.539378 0.00816863 0.842024 -3.14353 -0.00158126 0.999961 -0.00868801 -1.13307 -0.842062 0.00335463 0.53937 86.7137 
0.491482 0.0111153 0.870816 -2.81572 -0.00538967 0.999938 -0.0097217 -1.14374 -0.870871 8.46096e-05 0.491512 86.8742 
0.44538 0.0134087 0.895241 -2.48521 -0.00602666 0.99991 -0.0119783 -1.15246 -0.895321 -6.04315e-05 0.445421 87.0123 
0.402901 0.0107964 0.91518 -2.13704 0.00124033 0.999923 -0.0123423 -1.1591 -0.915243 0.00610781 0.402856 87.123 
0.362988 0.00336991 0.931788 -1.77795 0.0161826 0.99982 -0.00992014 -1.1614 -0.931653 0.0186796 0.362868 87.2131 
0.327455 -0.000244998 0.944866 -1.42003 0.0205387 0.999765 -0.00685881 -1.16581 -0.944643 0.0216522 0.327384 87.303 
0.294116 0.00408419 0.955761 -1.05959 0.0176655 0.999797 -0.00970866 -1.17289 -0.955606 0.0197394 0.293984 87.3994 
0.263083 0.0117955 0.964701 -0.696498 0.00703346 0.999875 -0.0141437 -1.18802 -0.964748 0.0105061 0.262967 87.498 
0.234461 0.0160325 0.971993 -0.321262 0.00200402 0.999854 -0.0169756 -1.20878 -0.972123 0.005928 0.234395 87.5846 
0.208689 0.0178852 0.977818 0.0698002 0.00400127 0.999809 -0.0191415 -1.22065 -0.977974 0.00790714 0.208578 87.6526 
0.185383 0.0192491 0.982478 0.481695 0.011698 0.999694 -0.0217938 -1.22956 -0.982597 0.0155332 0.185102 87.71 
0.165078 0.0255686 0.985949 0.888498 0.0188181 0.9994 -0.0290683 -1.23206 -0.986101 0.0233522 0.164498 87.7555 
0.145277 0.0322648 0.988865 1.30634 0.0207814 0.999148 -0.0356534 -1.23487 -0.989173 0.0257296 0.144482 87.8058 
0.127532 0.0329452 0.991287 1.74639 0.0184843 0.999196 -0.0355862 -1.2493 -0.991662 0.0228616 0.126821 87.8623 
0.112006 0.0287883 0.99329 2.18207 0.0166092 0.999386 -0.030838 -1.273 -0.993569 0.0199518 0.111459 87.9123 
0.0973399 0.0256013 0.994922 2.65168 0.016912 0.999482 -0.0273734 -1.29013 -0.995107 0.0194906 0.0968566 87.959 
0.0838144 0.0233153 0.996209 3.12323 0.0183223 0.999521 -0.0249344 -1.31034 -0.996313 0.0203427 0.0833471 87.9992 
0.0721468 0.0223966 0.997142 3.62162 0.0220295 0.999468 -0.0240428 -1.32837 -0.997151 0.0237011 0.071615 88.0285 
0.0618991 0.0231197 0.997815 4.13084 0.025349 0.999373 -0.0247284 -1.34384 -0.99776 0.0268243 0.0612742 88.0543 
0.0540582 0.0235961 0.998259 4.66571 0.0277794 0.999298 -0.0251251 -1.35977 -0.998151 0.0290892 0.0533647 88.0826 
0.0485283 0.0240493 0.998532 5.20783 0.029151 0.99925 -0.0254834 -1.37542 -0.998396 0.0303449 0.0477909 88.1066 
0.0429134 0.0251391 0.998762 5.77263 0.0302733 0.999192 -0.0264507 -1.39319 -0.99862 0.0313709 0.0421177 88.1325 
0.0369321 0.0258084 0.998984 6.36215 0.0307818 0.999163 -0.0269511 -1.4119 -0.998843 0.0317459 0.0361068 88.1605 
0.0322285 0.0259346 0.999144 6.95577 0.0329409 0.999093 -0.0269959 -1.42943 -0.998937 0.0337827 0.0313449 88.1867 
0.0296002 0.0255728 0.999235 7.57547 0.0350959 0.99903 -0.0266073 -1.45212 -0.998945 0.0358566 0.028674 88.2014 
0.0264721 0.0251407 0.999333 8.21133 0.0361062 0.999007 -0.0260891 -1.47379 -0.998997 0.0367727 0.0255381 88.2235 
0.0241654 0.0244326 0.999409 8.86775 0.0380721 0.998954 -0.0253422 -1.49533 -0.998983 0.038662 0.0232099 88.2421 
0.0235095 0.0243051 0.999428 9.5436 0.0423885 0.998781 -0.0252866 -1.51487 -0.998824 0.0429587 0.0224506 88.2603 
0.0244124 0.0238778 0.999417 10.2318 0.0459015 0.998633 -0.0249804 -1.53671 -0.998648 0.0464846 0.023283 88.2814 
0.0267682 0.0238538 0.999357 10.9354 0.0475567 0.998553 -0.0251085 -1.55685 -0.99851 0.0481982 0.0255951 88.3092 
0.0307508 0.0238578 0.999242 11.6629 0.0497715 0.998438 -0.0253704 -1.57926 -0.998287 0.0505139 0.0295153 88.3372 
0.0351833 0.0234295 0.999106 12.4069 0.0504003 0.998411 -0.0251881 -1.59937 -0.998109 0.0512414 0.0339465 88.3701 
0.0390649 0.0218385 0.998998 13.1583 0.0517391 0.998376 -0.0238482 -1.62226 -0.997896 0.0526189 0.0378715 88.4118 
0.0429598 0.020368 0.998869 13.9223 0.0514476 0.998421 -0.0225716 -1.64574 -0.997751 0.0523591 0.0418441 88.46 
0.0470036 0.0183401 0.998726 14.702 0.0484175 0.998614 -0.0206169 -1.66736 -0.997721 0.0493249 0.0460505 88.5113 
0.0511974 0.0172103 0.99854 15.501 0.0476844 0.998669 -0.0196574 -1.69128 -0.997549 0.0486212 0.0503086 88.565 
0.0553576 0.0181735 0.998301 16.3024 0.044845 0.99878 -0.020669 -1.71723 -0.997459 0.045913 0.054475 88.6233 
0.0583045 0.0224139 0.998047 17.1048 0.0429029 0.998768 -0.0249365 -1.74197 -0.997376 0.044273 0.0572711 88.6866 
0.0595471 0.0279179 0.997835 17.9179 0.0370312 0.998859 -0.0301565 -1.76952 -0.997538 0.0387468 0.0584453 88.7582 
0.0591908 0.0310794 0.997763 18.734 0.0344702 0.998855 -0.0331584 -1.79885 -0.997651 0.0363558 0.0580517 88.825 
0.059479 0.030475 0.997764 19.5554 0.03221 0.998955 -0.0324316 -1.83668 -0.99771 0.034067 0.0584352 88.8863 
0.059289 0.0290376 0.997818 20.371 0.0294767 0.99909 -0.0308261 -1.87089 -0.997805 0.03124 0.0583791 88.9544 
0.0590577 0.0278342 0.997866 21.1981 0.0303645 0.999098 -0.0296658 -1.90405 -0.997793 0.0320517 0.0581593 89.0162 
0.0591964 0.0273229 0.997872 22.0187 0.0276647 0.999196 -0.0290004 -1.93924 -0.997863 0.0293225 0.058393 89.0824 
0.0593355 0.0277375 0.997853 22.8389 0.026085 0.999229 -0.029327 -1.97266 -0.997897 0.0277692 0.0585663 89.1457 
0.0594205 0.0283397 0.997831 23.6579 0.0231709 0.999288 -0.029761 -2.00987 -0.997964 0.0248891 0.0587216 89.208 
0.0580755 0.0295444 0.997875 24.4696 0.0201513 0.999324 -0.0307602 -2.04617 -0.998109 0.0218949 0.0574408 89.2729 
0.0556047 0.0294473 0.998018 25.2898 0.0171679 0.999389 -0.0304444 -2.07869 -0.998305 0.0188267 0.0550652 89.3292 
0.0517509 0.0280326 0.998266 26.1012 0.0147611 0.999475 -0.0288319 -2.11611 -0.998551 0.0162276 0.05131 89.384 
0.0472969 0.0258383 0.998547 26.9249 0.0133414 0.99956 -0.0264965 -2.14824 -0.998792 0.0145752 0.0469313 89.4272 
0.0409555 0.0238558 0.998876 27.7311 0.0112602 0.99964 -0.0243358 -2.18341 -0.999097 0.0122442 0.0406721 89.4731 
0.0335828 0.0242688 0.999141 28.5409 0.0112299 0.999633 -0.0246583 -2.21158 -0.999373 0.0120483 0.033298 89.5087 
0.0248693 0.0252087 0.999373 29.3483 0.0109434 0.999615 -0.0254872 -2.24211 -0.999631 0.0115704 0.0245839 89.5406 
0.0150425 0.0258435 0.999553 30.1521 0.0116444 0.999594 -0.0260198 -2.26941 -0.999819 0.0120306 0.0147355 89.5572 
0.00462513 0.0249791 0.999677 30.955 0.0130032 0.999602 -0.0250375 -2.29948 -0.999905 0.0131148 0.00429848 89.572 
-0.00600348 0.0241098 0.999691 31.7435 0.0118494 0.999641 -0.0240376 -2.33101 -0.999912 0.0117015 -0.00628701 89.5734 
-0.0170009 0.0232153 0.999586 32.5321 0.0134733 0.999645 -0.0229876 -2.36171 -0.999765 0.0130769 -0.0173076 89.5631 
-0.0280571 0.0235521 0.999329 33.3132 0.0135618 0.999639 -0.0231787 -2.39403 -0.999514 0.0129024 -0.0283664 89.5473 
-0.0390489 0.0243294 0.998941 34.0905 0.0141598 0.999617 -0.0237924 -2.42147 -0.999137 0.0132158 -0.0393784 89.5228 
-0.0496798 0.0254179 0.998442 34.8573 0.0135969 0.999601 -0.0247709 -2.45384 -0.998673 0.0123451 -0.0500055 89.4883 
-0.0599005 0.026496 0.997853 35.6263 0.0143524 0.999567 -0.0256801 -2.48222 -0.998101 0.0127834 -0.0602549 89.4465 
-0.0689309 0.027227 0.99725 36.3953 0.014844 0.999545 -0.0262637 -2.5131 -0.997511 0.0129928 -0.0693037 89.3858 
-0.0787904 0.0277988 0.996503 37.1553 0.0155749 0.999523 -0.0266517 -2.54024 -0.996769 0.0134205 -0.0791858 89.3332 
-0.088331 0.0283216 0.995688 37.897 0.0162907 0.999503 -0.026985 -2.56979 -0.995958 0.0138369 -0.0887484 89.2783 
-0.0968107 0.0279733 0.99491 38.6305 0.017393 0.9995 -0.02641 -2.59758 -0.995151 0.0147477 -0.0972489 89.2071 
-0.104291 0.0268474 0.994184 39.3566 0.0192743 0.999502 -0.0249692 -2.62804 -0.99436 0.0165581 -0.104757 89.1379 
-0.109351 0.0255685 0.993674 40.0777 0.0223382 0.99948 -0.0232597 -2.64986 -0.993752 0.0196535 -0.109866 89.0576 
-0.113471 0.0238326 0.993255 40.7819 0.0252616 0.999458 -0.0210956 -2.68112 -0.99322 0.0226975 -0.114011 88.9885 
-0.116022 0.0230031 0.99298 41.4924 0.0270694 0.999434 -0.0199898 -2.70311 -0.992878 0.0245602 -0.116579 88.91 
-0.117756 0.0222499 0.992793 42.1866 0.0272779 0.999444 -0.0191635 -2.72754 -0.992668 0.0248247 -0.118297 88.8334 
-0.118573 0.0227612 0.992684 42.8666 0.027871 0.99942 -0.0195866 -2.75041 -0.992554 0.0253446 -0.119139 88.7585 
-0.117819 0.02379 0.99275 43.5259 0.0290494 0.999368 -0.0205011 -2.77714 -0.99261 0.0264233 -0.118436 88.6891 
-0.115524 0.0247526 0.992996 44.1798 0.0291891 0.999342 -0.021515 -2.82082 -0.992876 0.0264992 -0.11617 88.6447 
-0.11038 0.025614 0.993559 44.8043 0.0289423 0.999327 -0.0225474 -2.8396 -0.993468 0.0262671 -0.111047 88.5868 
-0.102495 0.0261253 0.99439 45.4001 0.0278443 0.999339 -0.0233854 -2.86663 -0.994344 0.0252913 -0.103155 88.5386 
-0.0912335 0.0260869 0.995488 45.984 0.0267995 0.999359 -0.0237323 -2.89234 -0.995469 0.0245134 -0.0918741 88.4986 
-0.0774526 0.0264629 0.996645 46.5473 0.0259773 0.999362 -0.0245163 -2.91566 -0.996657 0.0239913 -0.0780906 88.4683 
-0.0602769 0.0277696 0.997795 47.0874 0.0252295 0.999336 -0.0262885 -2.9406 -0.997863 0.0235893 -0.0609375 88.4524 
-0.0388224 0.0301869 0.99879 47.6275 0.0234814 0.999295 -0.0292895 -2.96829 -0.99897 0.0223159 -0.0395038 88.4504 
-0.0140665 0.0332645 0.999348 48.16 0.0214758 0.999226 -0.0329583 -2.98965 -0.99967 0.0209982 -0.01477 88.463 
0.0145193 0.034925 0.999284 48.6907 0.0196722 0.999186 -0.0352075 -3.01321 -0.999701 0.0201693 0.0138204 88.4936 
0.048319 0.0341702 0.998247 49.2074 0.0172368 0.999237 -0.0350385 -3.04107 -0.998683 0.0188996 0.0476932 88.5328 
0.0869631 0.0316046 0.99571 49.7296 0.0160551 0.999322 -0.0331215 -3.06679 -0.996082 0.0188665 0.0863968 88.5977 
0.129783 0.0275205 0.99116 50.235 0.0133399 0.999476 -0.0294982 -3.09722 -0.991453 0.0170503 0.129348 88.6824 
0.175735 0.0231707 0.984165 50.7372 0.0107694 0.999618 -0.0254576 -3.12034 -0.984378 0.0150727 0.175418 88.7921 
0.225045 0.020019 0.974143 51.2293 0.00613861 0.99974 -0.0219632 -3.14211 -0.974329 0.0109226 0.224863 88.9319 
0.277549 0.0184084 0.960535 51.7018 0.00263094 0.999798 -0.0199211 -3.15891 -0.960708 0.00805619 0.277444 89.0917 
0.333644 0.0179202 0.942529 52.1769 0.00180823 0.999805 -0.0196493 -3.1772 -0.942697 0.00826017 0.333547 89.2795 
0.393186 0.0184189 0.919274 52.6301 0.00376442 0.999759 -0.0216418 -3.19228 -0.919451 0.0119698 0.393022 89.4883 
0.453337 0.0220504 0.891066 53.0501 0.0042312 0.999629 -0.0268897 -3.20677 -0.891329 0.0159603 0.453075 89.7387 
0.512625 0.0249402 0.85825 53.4448 0.00534336 0.999466 -0.0322355 -3.22649 -0.858596 0.0211106 0.512218 90.0216 
0.570634 0.0296612 0.820668 53.812 0.00067395 0.99933 -0.0365873 -3.2383 -0.821204 0.021431 0.570232 90.3322 
0.626105 0.0328844 0.779045 54.154 -0.00366702 0.999223 -0.0392315 -3.25141 -0.77973 0.0217062 0.62574 90.6723 
0.67866 0.0339451 0.733668 54.467 -0.0055974 0.999141 -0.0410503 -3.26801 -0.734431 0.0237526 0.678267 91.0227 
0.72722 0.0319786 0.685659 54.7474 -0.00630355 0.999183 -0.0399156 -3.28977 -0.686375 0.0247053 0.726828 91.3875 
0.772261 0.0275544 0.634707 55.0036 -0.00791904 0.999399 -0.0337515 -3.31682 -0.635255 0.0210387 0.772015 91.7634 
0.813393 0.0228226 0.581266 55.2415 -0.00892361 0.999602 -0.0267609 -3.33205 -0.581646 0.0165801 0.813273 92.173 
0.849566 0.02049 0.527085 55.4481 -0.0115952 0.999729 -0.0201745 -3.34721 -0.527355 0.0110279 0.849573 92.6009 
0.880617 0.0172711 0.473513 55.6381 -0.0126182 0.999836 -0.013002 -3.35837 -0.47366 0.00547486 0.880691 93.0423 
0.90595 0.0178775 0.423007 55.7892 -0.0162824 0.99984 -0.00738461 -3.37257 -0.423072 -0.000197539 0.906096 93.4728 
0.925763 0.0198299 0.377584 55.9191 -0.0199403 0.999795 -0.00361773 -3.38637 -0.377578 -0.00418004 0.925968 93.9263 
0.940889 0.0260659 0.33771 56.0344 -0.0272943 0.999627 -0.00111157 -3.39267 -0.337613 -0.00817176 0.941249 94.3909 
0.952695 0.0302151 0.302422 56.1427 -0.0310923 0.999515 -0.0019146 -3.398 -0.302333 -0.00757905 0.953172 94.856 
0.961881 0.0323333 0.27155 56.2481 -0.033107 0.99945 -0.00173312 -3.40193 -0.271457 -0.00732323 0.962423 95.3267 
0.967982 0.0270153 0.249561 56.3557 -0.0275128 0.99962 -0.00149538 -3.40757 -0.249507 -0.00541869 0.968358 95.8074 
0.97191 0.0241546 0.234112 56.4538 -0.0246436 0.999696 -0.000836922 -3.41479 -0.234061 -0.00495603 0.972209 96.2992 
0.974792 0.0283249 0.221309 56.5454 -0.0287754 0.999585 -0.00118925 -3.42025 -0.221251 -0.00520906 0.975203 96.7914 
0.976753 0.0336418 0.21171 56.6313 -0.0342588 0.999413 -0.00075443 -3.42121 -0.211611 -0.00651613 0.977332 97.298 
0.977759 0.0412646 0.205633 56.7157 -0.0416909 0.999128 -0.00226164 -3.42077 -0.205547 -0.00636178 0.978626 97.8226 
0.978086 0.0473166 0.202752 56.8054 -0.0471152 0.998872 -0.00582301 -3.42914 -0.202799 -0.00385738 0.979213 98.3382 
0.97817 0.0488369 0.201986 56.901 -0.0482182 0.998805 -0.00798575 -3.44437 -0.202135 -0.00192806 0.979356 98.8689 
0.977767 0.0472056 0.204309 57.0126 -0.045813 0.998883 -0.0115438 -3.45537 -0.204626 0.00192708 0.978838 99.4119 
0.977008 0.0458913 0.208207 57.1268 -0.0430478 0.998908 -0.0181707 -3.46206 -0.208813 0.00879 0.977916 99.9642 
0.976143 0.0460314 0.212195 57.247 -0.0421427 0.998851 -0.0228153 -3.46996 -0.213001 0.0133285 0.976961 100.524 
0.974917 0.0509986 0.216645 57.3593 -0.0472263 0.998629 -0.0225579 -3.48357 -0.217499 0.0117607 0.97599 101.108 
0.973426 0.0538399 0.222581 57.4736 -0.0509169 0.998525 -0.018855 -3.49436 -0.223268 0.00702071 0.974732 101.708 
0.972543 0.0505953 0.227156 57.6143 -0.0485975 0.998715 -0.0143828 -3.50804 -0.227592 0.00294864 0.973752 102.307 
0.971895 0.046049 0.230865 57.7606 -0.045301 0.998937 -0.00854285 -3.52728 -0.231013 -0.00215572 0.972948 102.92 
0.971086 0.0434944 0.234732 57.9046 -0.0437472 0.999034 -0.00413315 -3.53699 -0.234685 -0.00625532 0.972051 103.552 
0.97059 0.0386919 0.237607 58.0565 -0.038913 0.999235 -0.0037617 -3.54184 -0.237571 -0.005595 0.971354 104.19 
0.970676 0.0353416 0.23778 58.213 -0.0347648 0.999374 -0.00662032 -3.55502 -0.237865 -0.00184028 0.971296 104.826 
0.970792 0.0344208 0.237442 58.3652 -0.0321022 0.999392 -0.013626 -3.56733 -0.237766 0.00560554 0.971306 105.48 
0.970902 0.0363956 0.236695 58.5134 -0.0325396 0.999267 -0.0201789 -3.5833 -0.237256 0.0118897 0.971374 106.143 
0.971519 0.0392797 0.233683 58.666 -0.034613 0.999112 -0.0240395 -3.59367 -0.234419 0.0152663 0.972016 106.823 
0.972204 0.0375697 0.231102 58.8238 -0.033875 0.999227 -0.0199364 -3.60509 -0.231672 0.0115535 0.972725 107.52 
0.972663 0.0333766 0.229808 58.9845 -0.0314114 0.999432 -0.012206 -3.62467 -0.230085 0.00465365 0.973159 108.235 
0.973191 0.0335277 0.22754 59.1404 -0.032933 0.999437 -0.00641137 -3.64319 -0.227627 -0.00125414 0.973748 108.967 
0.97354 0.0365389 0.225576 59.2939 -0.0358419 0.999332 -0.00718584 -3.65735 -0.225688 -0.00108945 0.974199 109.693 
0.973865 0.0421485 0.223182 59.4436 -0.0405203 0.999108 -0.011872 -3.66805 -0.223484 0.00251823 0.974704 110.433 
0.974755 0.0427177 0.219153 59.5982 -0.039908 0.999055 -0.017234 -3.68114 -0.219682 0.00805288 0.975538 111.181 
0.975715 0.0413404 0.215107 59.7536 -0.0379597 0.999082 -0.0198262 -3.6997 -0.215729 0.0111792 0.976389 111.94 
0.976671 0.0390267 0.211163 59.9138 -0.0359228 0.999183 -0.0185173 -3.71715 -0.211713 0.0104997 0.977275 112.706 
0.977573 0.0349082 0.207681 60.0758 -0.0322073 0.999347 -0.0163737 -3.73933 -0.208117 0.00931754 0.978059 113.502 
0.978013 0.0338952 0.205771 60.2346 -0.0317512 0.999402 -0.0137139 -3.75756 -0.206112 0.00687883 0.978504 114.298 
0.978457 0.0300991 0.204245 60.396 -0.0283708 0.999533 -0.0113857 -3.77543 -0.204492 0.00534573 0.978854 115.1 
0.97873 0.0248354 0.203646 60.5618 -0.0232748 0.999678 -0.0100556 -3.79206 -0.20383 0.00510179 0.978993 115.908 
0.978897 0.0254937 0.202757 60.7225 -0.0242892 0.999669 -0.00842761 -3.81009 -0.202905 0.00332489 0.979193 116.726 
0.978655 0.0309704 0.203163 60.8703 -0.0294701 0.999511 -0.0104066 -3.82804 -0.203386 0.00419717 0.97909 117.547 
0.978285 0.0366493 0.203996 61.0149 -0.0345541 0.999307 -0.013825 -3.8461 -0.204361 0.00647589 0.978874 118.373 
0.977747 0.0457345 0.204743 61.1696 -0.0434893 0.998934 -0.0154556 -3.86472 -0.205232 0.00620744 0.978694 119.21 
0.976769 0.0515995 0.20799 61.3116 -0.0495792 0.998659 -0.0149187 -3.8859 -0.208481 0.00426005 0.978017 120.045 
0.976057 0.0543147 0.210624 61.4771 -0.0528022 0.998523 -0.012803 -3.91085 -0.211009 0.00137495 0.977483 120.883 
0.975447 0.0550467 0.213244 61.6451 -0.0533686 0.998482 -0.013623 -3.93096 -0.21367 0.00190791 0.976904 121.73 
0.975169 0.0534538 0.214912 61.8234 -0.0510998 0.998557 -0.0164989 -3.94901 -0.215484 0.00510723 0.976494 122.58 
0.975182 0.0472177 0.216311 62.0075 -0.0450364 0.998873 -0.0150056 -3.97184 -0.216776 0.00489118 0.976209 123.428 
0.975489 0.0402661 0.216334 62.193 -0.0376377 0.999159 -0.0162583 -3.99831 -0.216807 0.0077174 0.976184 124.264 
0.975282 0.0392858 0.217444 62.3792 -0.0365938 0.999196 -0.016395 -4.02548 -0.217913 0.00803251 0.975935 125.117 
0.974723 0.0419184 0.21945 62.5509 -0.0399333 0.999111 -0.0134764 -4.04656 -0.219819 0.00437232 0.975531 125.965 
0.974347 0.0438835 0.220729 62.7238 -0.0432065 0.999035 -0.00789687 -4.06689 -0.220863 -0.00184271 0.975303 126.808 
0.974022 0.0471627 0.221487 62.8965 -0.0475225 0.998863 -0.00370805 -4.08841 -0.22141 -0.00691397 0.975156 127.649 
0.973818 0.0463647 0.222551 63.0713 -0.0452508 0.998924 -0.0101053 -4.10875 -0.22278 -0.000229991 0.974869 128.478 
0.974104 0.0422138 0.222125 63.2523 -0.0377246 0.99899 -0.0244165 -4.13287 -0.222932 0.0154046 0.974712 129.289 
0.974339 0.0400247 0.221497 63.4358 -0.0334356 0.998882 -0.0334201 -4.15946 -0.222587 0.0251565 0.974588 130.101 
0.974615 0.0371223 0.220788 63.6115 -0.0325342 0.999173 -0.0243824 -4.18296 -0.221511 0.0165803 0.975017 130.926 
0.975049 0.03071 0.219856 63.7926 -0.0306732 0.999523 -0.00358232 -4.20943 -0.219862 -0.00325083 0.975526 131.772 
0.97541 0.027055 0.21873 63.9745 -0.030337 0.999472 0.0116592 -4.23271 -0.218298 -0.0180082 0.975716 132.612 
0.975415 0.0315414 0.218105 64.1363 -0.0336474 0.999416 0.00594721 -4.24839 -0.21779 -0.0131397 0.975907 133.432 
0.975653 0.0395763 0.215719 64.2953 -0.0382862 0.999215 -0.0101581 -4.25721 -0.215952 0.00165169 0.976403 134.233 
0.975938 0.0395102 0.214438 64.4617 -0.0364746 0.999171 -0.0180964 -4.26716 -0.214975 0.00983933 0.97657 135.048 
0.976562 0.0353708 0.212311 64.6335 -0.032107 0.999307 -0.0188023 -4.29386 -0.212829 0.0115448 0.977021 135.861 
0.977199 0.034937 0.209429 64.7963 -0.0320968 0.999341 -0.0169468 -4.32326 -0.209883 0.00983835 0.977677 136.68 
0.977971 0.0344882 0.205869 64.9526 -0.031367 0.999338 -0.0184073 -4.34351 -0.206368 0.0115443 0.978406 137.493 
0.97903 0.0353545 0.200624 65.11 -0.0320435 0.999292 -0.0197285 -4.37195 -0.201179 0.0128861 0.97947 138.3 
0.979452 0.0401262 0.197644 65.2567 -0.0369282 0.999121 -0.0198417 -4.40029 -0.198267 0.0121353 0.980073 139.119 
0.979604 0.0462539 0.195539 65.3897 -0.0431532 0.998866 -0.0200905 -4.4259 -0.196247 0.0112425 0.98049 139.925 
0.979931 0.0474118 0.193614 65.5342 -0.0447346 0.998833 -0.018179 -4.45166 -0.19425 0.00915291 0.980909 140.729 
0.98029 0.0453445 0.192289 65.681 -0.0435928 0.99896 -0.0133336 -4.47628 -0.192693 0.0046883 0.981248 141.528 
0.980702 0.0439208 0.190512 65.8259 -0.0421831 0.999023 -0.0131694 -4.50157 -0.190904 0.00487878 0.981597 142.325 
0.981304 0.0419 0.187846 65.969 -0.0395566 0.999086 -0.0162085 -4.52556 -0.188354 0.00847483 0.982065 143.121 
0.982408 0.0373204 0.182978 66.1123 -0.0342859 0.999217 -0.0197208 -4.55141 -0.183571 0.0131002 0.982919 143.91 
0.983761 0.0343696 0.17616 66.2534 -0.0312181 0.9993 -0.0206319 -4.5757 -0.176745 0.0147974 0.984145 144.699 
0.984975 0.0321693 0.169674 66.3838 -0.0300069 0.999433 -0.0152943 -4.59967 -0.170069 0.00997301 0.985382 145.496 
0.986135 0.0292728 0.163342 66.5061 -0.0285482 0.999569 -0.00678247 -4.62101 -0.16347 0.00202524 0.986546 146.298 
0.986807 0.0260659 0.159791 66.6271 -0.0268034 0.999638 0.00246071 -4.63454 -0.159669 -0.00671127 0.987148 147.097 
0.987308 0.032705 0.155411 66.7305 -0.0339413 0.99941 0.00530692 -4.65041 -0.155145 -0.0105145 0.987836 147.894 
0.987962 0.035591 0.150547 66.8352 -0.036131 0.999347 0.000851521 -4.66729 -0.150418 -0.00628074 0.988602 148.688 
0.989105 0.0358668 0.142778 66.9368 -0.0348969 0.999348 -0.00929289 -4.6772 -0.143019 0.00420904 0.989711 149.478 
0.990133 0.0326132 0.136285 67.0376 -0.0309135 0.999416 -0.0145708 -4.68846 -0.136681 0.0102139 0.990562 150.278 
0.99107 0.0316239 0.12954 67.1312 -0.0301053 0.999453 -0.0136656 -4.701 -0.129901 0.00964362 0.99148 151.087 
0.991826 0.0382951 0.121713 67.2123 -0.037331 0.999251 -0.0101932 -4.72122 -0.122012 0.00556609 0.992513 151.903 
0.992578 0.0435989 0.113528 67.2842 -0.0425189 0.999024 -0.0119186 -4.73792 -0.113937 0.00700292 0.993463 152.71 
0.993492 0.0465312 0.103968 67.3333 -0.0449333 0.998834 -0.0176609 -4.75785 -0.104668 0.0128742 0.994424 153.531 
0.994431 0.0448353 0.0953723 67.4018 -0.0431247 0.998871 -0.0199239 -4.77663 -0.0961579 0.0157 0.995242 154.35 
0.995183 0.0446988 0.0872539 67.4602 -0.0433569 0.998911 -0.017216 -4.79552 -0.0879284 0.01335 0.996037 155.173 
0.995655 0.0480313 0.0797783 67.4984 -0.0473639 0.998825 -0.0102387 -4.81399 -0.0801763 0.00641551 0.99676 156.005 
0.996126 0.0512851 0.0714329 67.5383 -0.0511069 0.998684 -0.00432336 -4.83381 -0.0715605 0.000655827 0.997436 156.834 
0.996687 0.0501593 0.0640168 67.5762 -0.0502 0.998739 -0.000976163 -4.84637 -0.0639849 -0.00224079 0.997948 157.661 
0.99703 0.0509945 0.0577154 67.6087 -0.051142 0.998691 0.00107911 -4.85618 -0.0575847 -0.00402767 0.998332 158.488 
0.997294 0.0504703 0.0534585 67.6428 -0.0505277 0.998723 -0.000280565 -4.87452 -0.0534043 -0.00242141 0.99857 159.303 
0.99729 0.0550663 0.0487838 67.6637 -0.0548524 0.998478 -0.00571579 -4.88705 -0.0490242 0.00302431 0.998793 160.118 
0.997143 0.0608299 0.0447736 67.6768 -0.06033 0.998101 -0.0124369 -4.90188 -0.0454451 0.00970008 0.99892 160.938 
0.997197 0.0620607 0.0417813 67.6921 -0.0614969 0.998 -0.0146495 -4.91878 -0.0426068 0.012039 0.999019 161.757 
0.997189 0.0640212 0.0389342 67.7055 -0.063735 0.99793 -0.00855139 -4.93427 -0.039401 0.0060458 0.999205 162.586 
0.997108 0.066368 0.0370201 67.7156 -0.0664673 0.997787 0.00145369 -4.94124 -0.0368417 -0.00391019 0.999313 163.437 
0.99716 0.0672042 0.0339982 67.726 -0.0675483 0.997675 0.00907173 -4.95459 -0.0333094 -0.0113426 0.999381 164.269 
0.997563 0.0636477 0.02859 67.74 -0.0638396 0.997943 0.00584803 -4.96322 -0.0281589 -0.00765903 0.999574 165.092 
0.998405 0.0516638 0.0227504 67.7604 -0.0515933 0.998661 -0.00367948 -4.97309 -0.0229099 0.00249976 0.999734 165.9 
0.998672 0.049175 0.0153851 67.7668 -0.0490487 0.99876 -0.00848709 -4.97397 -0.0157833 0.00772112 0.999846 166.724 
0.998574 0.0527155 0.00843506 67.7539 -0.052657 0.998588 -0.00703005 -4.98861 -0.00879366 0.00657578 0.99994 167.561 
0.998701 0.0509513 0.000962525 67.7398 -0.0509506 0.998701 -0.000789516 -5.0008 -0.00100141 0.000739368 0.999999 168.398 
0.99895 0.0452923 -0.00690071 67.7375 -0.0452733 0.99897 0.00289526 -5.0113 0.00702483 -0.00257989 0.999972 169.225 
0.999248 0.036725 -0.0124124 67.7169 -0.0366381 0.999303 0.00716431 -5.01441 0.0126669 -0.00670424 0.999897 170.071 
0.999308 0.0322102 -0.0185731 67.6853 -0.0320839 0.99946 0.00706432 -5.01827 0.0187907 -0.00646363 0.999802 170.919 
0.999265 0.0289464 -0.025127 67.6566 -0.0289513 0.999581 0.000172436 -5.02704 0.0251216 0.000555067 0.999684 171.747 
0.999272 0.0195387 -0.0327502 67.6251 -0.0198704 0.999754 -0.0098294 -5.03661 0.0325502 0.0104729 0.999415 172.571 
0.999182 0.00946086 -0.0393256 67.5981 -0.0100131 0.999854 -0.0138687 -5.04554 0.0391887 0.0142511 0.99913 173.406 
0.998865 0.0128783 -0.0458642 67.5443 -0.0131962 0.999891 -0.00663202 -5.05472 0.0457738 0.00722963 0.998926 174.247 
0.998415 0.0238243 -0.0509948 67.4716 -0.0235353 0.999703 0.00626213 -5.06435 0.051129 -0.00505211 0.998679 175.097 
0.998039 0.0287636 -0.0555961 67.4034 -0.0280112 0.999506 0.0142662 -5.07609 0.055979 -0.012681 0.998351 175.948 
0.99785 0.0281599 -0.0591739 67.337 -0.0275453 0.999558 0.0111784 -5.07976 0.0594626 -0.00952445 0.998185 176.789 
0.997673 0.0296383 -0.0614011 67.2735 -0.0296665 0.99956 0.000452708 -5.08407 0.0613876 0.00136982 0.998113 177.612 
0.997118 0.0399624 -0.06448 67.1912 -0.0406105 0.999136 -0.00877129 -5.09341 0.0640739 0.0113645 0.99788 178.441 
0.997023 0.0384523 -0.0668279 67.1216 -0.0393481 0.999152 -0.0121382 -5.10886 0.0663046 0.0147316 0.997691 179.29 
0.997059 0.0331036 -0.069114 67.0595 -0.0336797 0.999407 -0.00718596 -5.12269 0.0688352 0.00949248 0.997583 180.149 
0.997089 0.0332888 -0.0685909 66.9889 -0.0332513 0.999446 0.00169056 -5.13631 0.0686092 0.000595011 0.997643 181.003 
0.997028 0.0356018 -0.0683264 66.9109 -0.0351788 0.999354 0.00738685 -5.15036 0.0685453 -0.00496134 0.997636 181.858 
0.996907 0.0355771 -0.0700771 66.8359 -0.035196 0.999358 0.00666632 -5.15823 0.0702693 -0.00417935 0.997519 182.712 
0.996855 0.0317512 -0.0726108 66.7676 -0.0320321 0.999483 -0.00270593 -5.16632 0.0724875 0.00502321 0.997357 183.558 
0.996919 0.0211085 -0.0755369 66.7156 -0.0222004 0.99966 -0.0136439 -5.18509 0.0752233 0.0152787 0.99705 184.403 
0.996945 0.010362 -0.0774093 66.65 -0.011755 0.999777 -0.01756 -5.1996 0.0772101 0.0184162 0.996845 185.259 
0.996837 0.0128966 -0.0784161 66.57 -0.0139867 0.999813 -0.0133676 -5.21347 0.0782291 0.014422 0.996831 186.112 
0.996642 0.0188984 -0.0796696 66.4821 -0.0191819 0.999812 -0.00279377 -5.23111 0.0796019 0.00431251 0.996817 186.971 
0.996466 0.0201548 -0.0815458 66.402 -0.0201274 0.999797 0.00115804 -5.25364 0.0815526 0.000487271 0.996669 187.82 
0.996424 0.0186571 -0.0824059 66.323 -0.018955 0.999816 -0.002833 -5.26587 0.082338 0.00438479 0.996595 188.662 
0.996444 0.0189675 -0.0820887 66.2401 -0.0197604 0.999765 -0.00885654 -5.27801 0.0819016 0.0104471 0.996586 189.499 
0.996254 0.0257071 -0.0825687 66.1498 -0.026575 0.999602 -0.00942768 -5.29154 0.0822936 0.0115865 0.996541 190.337 
0.996131 0.0283707 -0.0831703 66.0669 -0.0289947 0.99956 -0.00630316 -5.31052 0.0829549 0.00869019 0.996515 191.173 
0.995966 0.0318717 -0.0838841 65.9815 -0.0322767 0.999473 -0.00347461 -5.32644 0.0837292 0.00616801 0.996469 192.005 
0.995831 0.0356502 -0.0839621 65.8957 -0.035808 0.999359 -0.000372974 -5.34024 0.0838951 0.00337785 0.996469 192.83 
0.995665 0.0384093 -0.0847053 65.8088 -0.038602 0.999254 -0.000637593 -5.3545 0.0846177 0.00390454 0.996406 193.648 
