1 -4.23778e-08 4.22719e-08 0 -4.23778e-08 1 -4.19404e-08 0 4.22719e-08 -4.19404e-08 1 0 
0.999047 -0.000418461 0.0436527 0.0420008 0.00052152 0.999997 -0.00235152 -0.0232286 -0.0436515 0.00237196 0.999044 1.02259 
0.996072 -0.00541445 0.0883748 0.0923588 0.00604947 0.999958 -0.00692031 -0.0686994 -0.0883336 0.00742767 0.996063 1.97297 
0.991095 -0.00478566 0.13307 0.251369 0.00626335 0.999923 -0.0106889 -0.0963614 -0.133009 0.0114271 0.991049 3.03573 
0.983843 -0.00276235 0.17901 0.443672 0.00509997 0.999908 -0.0126003 -0.160587 -0.178959 0.0133095 0.983766 4.1 
0.974566 -0.00504697 0.224045 0.760272 0.00797557 0.999894 -0.0121688 -0.21289 -0.22396 0.0136461 0.974503 5.1519 
0.96296 -0.00574925 0.269583 1.03053 0.0096797 0.999865 -0.013253 -0.247046 -0.26947 0.0153715 0.962886 6.14446 
0.94965 -0.00832131 0.313201 1.34489 0.0138686 0.999784 -0.0154881 -0.284377 -0.313005 0.0190519 0.94956 7.14768 
0.934617 -0.010395 0.355504 1.70327 0.0176038 0.9997 -0.0170491 -0.309721 -0.35522 0.0221926 0.934519 8.15388 
0.91748 -0.0103748 0.397647 2.13266 0.0190175 0.999661 -0.0177972 -0.342015 -0.397327 0.0238908 0.917366 9.1245 
0.898099 -0.0109158 0.439657 2.57148 0.0202226 0.999659 -0.0164899 -0.373339 -0.439327 0.0237005 0.898014 10.0374 
0.876347 -0.0105916 0.481563 3.06338 0.0206375 0.999666 -0.0155695 -0.398543 -0.481237 0.0235825 0.876273 10.9424 
0.852362 -0.0107904 0.522841 3.56975 0.0213718 0.999671 -0.0142103 -0.430615 -0.522516 0.0232863 0.852311 11.7891 
0.826739 -0.0115649 0.562467 4.15214 0.0234549 0.999628 -0.0139218 -0.470636 -0.562097 0.0247022 0.826702 12.7201 
0.79958 -0.0132916 0.600413 4.77974 0.026553 0.99956 -0.0132336 -0.515115 -0.599972 0.026524 0.799581 13.5458 
0.771021 -0.0124041 0.636689 5.41079 0.0272223 0.999538 -0.0134928 -0.554595 -0.636227 0.0277353 0.771003 14.315 
0.740139 -0.0157503 0.67227 6.08402 0.0320209 0.999417 -0.0118388 -0.59105 -0.671691 0.030289 0.740212 15.1017 
0.707942 -0.01473 0.706117 6.82284 0.0321092 0.99942 -0.0113439 -0.61314 -0.70554 0.0307036 0.708005 15.8831 
0.67341 -0.0135992 0.739144 7.53253 0.0330569 0.999385 -0.01173 -0.655398 -0.738529 0.0323329 0.673445 16.5955 
0.63754 -0.0143456 0.770284 8.30046 0.0366999 0.999257 -0.0117656 -0.685931 -0.769543 0.0357704 0.637592 17.2498 
0.601168 -0.0125108 0.799025 9.12487 0.036548 0.999262 -0.0118519 -0.716172 -0.798286 0.0363277 0.601181 17.8626 
0.563555 -0.0117603 0.825995 9.96459 0.0394214 0.999142 -0.0126707 -0.753628 -0.825137 0.0397025 0.563535 18.4271 
0.524316 -0.0100215 0.851464 10.8559 0.0439901 0.998914 -0.0153315 -0.771342 -0.850386 0.0454945 0.524188 19.0103 
0.485984 -0.00936127 0.873918 11.7023 0.0458803 0.998837 -0.0148147 -0.792058 -0.872763 0.0472953 0.485848 19.4794 
0.447345 -0.0109682 0.894294 12.6349 0.0507903 0.998623 -0.0131587 -0.806053 -0.892918 0.0513079 0.447286 19.965 
0.410368 -0.0116808 0.911845 13.5594 0.0546735 0.998434 -0.0118154 -0.833557 -0.910279 0.0547024 0.410364 20.3723 
0.375008 -0.00932513 0.926975 14.492 0.0561061 0.998345 -0.0126547 -0.85778 -0.925322 0.0567546 0.37491 20.7614 
0.342393 -0.0102078 0.939501 15.5431 0.0568882 0.998332 -0.00988547 -0.878889 -0.937833 0.0568313 0.342402 21.1075 
0.309576 -0.0121177 0.950797 16.5682 0.0591702 0.998226 -0.00654356 -0.900551 -0.949032 0.0582846 0.309744 21.4121 
0.276272 -0.0118689 0.961006 17.6283 0.0600353 0.998184 -0.00493113 -0.906646 -0.959203 0.0590566 0.276483 21.7584 
0.24453 -0.00889874 0.969601 18.7155 0.0584414 0.998275 -0.00557688 -0.905483 -0.967879 0.0580285 0.244628 22.0224 
0.213429 -0.00742749 0.97693 19.8014 0.0585813 0.998269 -0.00520853 -0.910087 -0.975201 0.0583415 0.213494 22.2981 
0.183278 -0.00743443 0.983033 20.827 0.0612463 0.998115 -0.00387047 -0.924832 -0.981151 0.0609165 0.183388 22.4895 
0.1531 -0.00766411 0.988181 21.9465 0.0634932 0.99798 -0.00209706 -0.928583 -0.986169 0.0630638 0.153278 22.6412 
0.122896 -0.00802306 0.992387 23.0684 0.0620097 0.998075 0.000389774 -0.930765 -0.99048 0.0614897 0.123157 22.7949 
0.0935624 -0.00857452 0.995576 24.1634 0.0627435 0.998026 0.00269902 -0.936914 -0.993634 0.0622134 0.0939157 22.9052 
0.0663384 -0.00824939 0.997763 25.3056 0.064988 0.997878 0.00392939 -0.941058 -0.995678 0.0645819 0.0667338 22.999 
0.0417398 -0.0078252 0.999098 26.544 0.0693349 0.997581 0.0049166 -0.937986 -0.99672 0.0690672 0.0421814 23.0169 
0.0187748 -0.0073187 0.999797 27.7752 0.0735298 0.997275 0.00591937 -0.921289 -0.997116 0.0734037 0.0192618 23.0772 
-0.00174261 -0.0071447 0.999973 29.1145 0.0789092 0.996855 0.00725986 -0.908479 -0.99688 0.0789197 -0.00117335 23.093 
-0.0201115 -0.00752876 0.999769 30.38 0.0830187 0.996506 0.00917412 -0.89134 -0.996345 0.0831841 -0.0194162 23.1006 
-0.0366717 -0.00714923 0.999302 31.6653 0.0856738 0.99627 0.0102715 -0.884548 -0.995648 0.0859906 -0.0359224 23.1208 
-0.051502 -0.00787201 0.998642 32.9514 0.0884498 0.996003 0.0124127 -0.873777 -0.994748 0.0889689 -0.0505999 23.0743 
-0.0648474 -0.00927397 0.997852 34.2324 0.0884054 0.995972 0.0150016 -0.875901 -0.993971 0.0891883 -0.0637663 23.0057 
-0.0778842 -0.00914128 0.99692 35.4708 0.0881921 0.995975 0.0160225 -0.862437 -0.993054 0.0891684 -0.0767645 22.9425 
-0.0888484 -0.00603926 0.996027 36.8085 0.0887556 0.995956 0.013956 -0.833756 -0.992083 0.0896429 -0.087953 22.8165 
-0.0987922 -0.00251994 0.995105 38.1567 0.0890805 0.995959 0.0113658 -0.807425 -0.991113 0.0897673 -0.0981686 22.6729 
-0.10856 -0.000114146 0.99409 39.4208 0.0896547 0.995924 0.00990504 -0.797298 -0.990039 0.0902001 -0.108107 22.5624 
-0.116036 0.000903733 0.993245 40.6933 0.0896962 0.995923 0.00957252 -0.78596 -0.989187 0.090201 -0.115644 22.4261 
-0.122049 0.0014708 0.992523 42.0418 0.0894781 0.995943 0.00952708 -0.792483 -0.988482 0.0899718 -0.121686 22.2713 
-0.127585 0.00308909 0.991823 43.3982 0.090117 0.995895 0.00849057 -0.78237 -0.987725 0.0904634 -0.12734 22.1354 
-0.13291 0.00446566 0.991118 44.7604 0.0891232 0.995993 0.00746387 -0.787283 -0.987113 0.0893237 -0.132776 21.9975 
-0.137425 0.00522468 0.990498 46.2634 0.0896808 0.995945 0.00718915 -0.795582 -0.986444 0.0898167 -0.137336 21.8417 
-0.140731 0.0039613 0.99004 47.7498 0.0894274 0.995955 0.00872677 -0.804918 -0.986001 0.0897649 -0.140516 21.6588 
-0.142906 0.00194376 0.989734 49.1815 0.0902255 0.99586 0.0110716 -0.800034 -0.985615 0.0908815 -0.14249 21.4662 
-0.14509 0.00105913 0.989418 50.6948 0.0901991 0.995849 0.0121609 -0.776712 -0.985298 0.0910091 -0.144584 21.2725 
-0.147569 0.00174899 0.98905 52.2213 0.0925836 0.995632 0.012053 -0.767259 -0.984709 0.0933485 -0.147086 21.0916 
-0.148523 0.0019789 0.988907 53.7684 0.0923425 0.995656 0.0118763 -0.737869 -0.984588 0.0930821 -0.14806 20.8817 
-0.149535 0.00301166 0.988752 55.2492 0.0943582 0.995475 0.0112381 -0.738435 -0.984244 0.0949774 -0.149142 20.6781 
-0.150104 0.00353686 0.988664 56.7818 0.0941126 0.995504 0.0107273 -0.722147 -0.984181 0.094656 -0.149762 20.4908 
-0.149078 0.00455071 0.988815 58.3084 0.0949269 0.995437 0.0097303 -0.726249 -0.984258 0.0953157 -0.148829 20.2601 
-0.148507 0.00435933 0.988902 59.8083 0.0951742 0.995411 0.00990452 -0.723919 -0.984321 0.0955889 -0.14824 20.0588 
-0.14691 0.00339909 0.989144 61.4001 0.0944597 0.995472 0.0106084 -0.713336 -0.984629 0.0949928 -0.146565 19.8364 
-0.145954 0.00408414 0.989283 62.9816 0.0963615 0.995295 0.0101077 -0.713898 -0.984587 0.0968041 -0.145661 19.6364 
-0.145295 0.00472641 0.989377 64.5352 0.0954595 0.99539 0.00926348 -0.704689 -0.984772 0.0957914 -0.145076 19.4304 
-0.144329 0.00524165 0.989516 66.1597 0.0962447 0.995319 0.00876566 -0.699967 -0.984838 0.0965008 -0.144158 19.2069 
-0.14313 0.00503597 0.989691 67.8101 0.0962688 0.995316 0.0088578 -0.691738 -0.985011 0.0965441 -0.142944 18.9807 
-0.14242 0.00341522 0.9898 69.4589 0.0976769 0.995161 0.0106207 -0.678026 -0.984975 0.0981932 -0.142064 18.7679 
-0.142151 0.001439 0.989844 71.1175 0.0991301 0.994992 0.0127895 -0.673788 -0.984869 0.0999414 -0.141582 18.5619 
-0.142024 0.00269628 0.989859 72.8549 0.100704 0.994847 0.011739 -0.655855 -0.984727 0.10135 -0.141564 18.383 
-0.141485 0.00416996 0.989932 74.5886 0.1021 0.99472 0.0104024 -0.651985 -0.984661 0.102544 -0.141164 18.1551 
-0.141138 0.00380759 0.989982 76.3233 0.101652 0.994763 0.0106661 -0.650952 -0.984757 0.102139 -0.140786 17.9521 
-0.140935 0.00370006 0.990012 78.0021 0.102133 0.994712 0.0108217 -0.647236 -0.984736 0.102638 -0.140568 17.7228 
-0.141198 0.00224837 0.989979 79.7317 0.100928 0.99482 0.0121357 -0.647941 -0.984823 0.10163 -0.140694 17.4943 
-0.140979 0.00238068 0.99001 81.4843 0.102525 0.994655 0.0122078 -0.643759 -0.984689 0.103222 -0.14047 17.2681 
-0.140991 0.00233601 0.990008 83.2539 0.103945 0.994505 0.0124565 -0.62967 -0.984539 0.104663 -0.140459 17.0377 
-0.140864 0.00299248 0.990024 85.0221 0.104559 0.994448 0.0118711 -0.630109 -0.984492 0.105188 -0.140395 16.8061 
-0.141588 0.00338539 0.98992 86.8221 0.104105 0.9945 0.011489 -0.638135 -0.984436 0.104683 -0.141162 16.5768 
-0.142565 0.00390532 0.989778 88.624 0.103096 0.994611 0.0109252 -0.628211 -0.984402 0.1036 -0.142199 16.3464 
-0.143639 0.00436407 0.98962 90.4639 0.102404 0.994688 0.0104771 -0.620813 -0.984318 0.102846 -0.143323 16.1001 
-0.144345 0.00362918 0.989521 92.2865 0.101354 0.994788 0.0111363 -0.612368 -0.984323 0.101899 -0.14396 15.8492 
-0.145082 0.00313724 0.989415 94.1329 0.101858 0.994729 0.0117818 -0.607857 -0.984163 0.10249 -0.144637 15.5891 
-0.14505 0.00206162 0.989422 95.981 0.0995891 0.99495 0.0125267 -0.601965 -0.984399 0.100353 -0.144523 15.3186 
-0.146267 0.0028401 0.989241 97.8249 0.100195 0.994896 0.0119582 -0.598232 -0.984158 0.100866 -0.145805 15.059 
-0.148761 0.0032837 0.988868 99.7104 0.0985822 0.995062 0.011526 -0.59777 -0.983947 0.0991994 -0.148351 14.797 
-0.152384 0.0039792 0.988313 101.576 0.0992656 0.994997 0.0112991 -0.593044 -0.983324 0.0998274 -0.152016 14.5118 
-0.156762 0.00309965 0.987631 103.479 0.0976567 0.995143 0.0123773 -0.58267 -0.982796 0.0983891 -0.156304 14.2352 
-0.162219 0.00186779 0.986753 105.36 0.0959466 0.995289 0.0138893 -0.591818 -0.982079 0.0969287 -0.161634 13.9943 
-0.165913 0.00235899 0.986137 107.239 0.0952423 0.995361 0.013643 -0.588963 -0.98153 0.0961856 -0.165368 13.6864 
-0.169886 0.00393767 0.985456 109.17 0.0961755 0.995285 0.012603 -0.589807 -0.980759 0.0969178 -0.169463 13.3467 
-0.17468 0.00575656 0.984608 111.04 0.0961385 0.995304 0.0112369 -0.586175 -0.97992 0.0966217 -0.174414 13.0557 
-0.180034 0.00594109 0.983642 112.938 0.0948369 0.995428 0.0113455 -0.584171 -0.979078 0.0953282 -0.179775 12.7558 
-0.185051 0.00561482 0.982713 114.935 0.0927463 0.99562 0.0117761 -0.573214 -0.978343 0.0933221 -0.184761 12.4177 
-0.190544 0.00494524 0.981666 116.893 0.090776 0.995791 0.0126034 -0.567666 -0.977473 0.0915132 -0.190191 12.073 
-0.196027 0.00468764 0.980587 118.879 0.090201 0.995835 0.0132713 -0.550902 -0.976441 0.0910515 -0.195634 11.7021 
-0.201281 0.00449921 0.979523 120.847 0.0904065 0.995806 0.0140035 -0.544091 -0.975352 0.0913739 -0.200844 11.3259 
-0.206517 0.00596657 0.978425 122.802 0.0909953 0.995765 0.013134 -0.536547 -0.974203 0.0917444 -0.206185 10.9382 
-0.211296 0.00716927 0.977396 124.779 0.0915252 0.995724 0.0124824 -0.52809 -0.973127 0.0920938 -0.211049 10.5062 
-0.217105 0.00693862 0.976123 126.713 0.0924176 0.995629 0.0134778 -0.526205 -0.971763 0.0931371 -0.216798 10.0975 
-0.222534 0.00687797 0.9749 128.726 0.0910969 0.995747 0.013769 -0.516961 -0.970659 0.0918745 -0.222214 9.67803 
-0.227923 0.00761487 0.973649 130.734 0.0901099 0.995843 0.0133055 -0.507372 -0.9695 0.0907681 -0.227662 9.2379 
-0.233221 0.00809299 0.97239 132.747 0.0892635 0.995922 0.0131203 -0.488562 -0.968318 0.0898589 -0.232993 8.80126 
-0.237814 0.00764078 0.971281 134.753 0.090581 0.995786 0.0143447 -0.48338 -0.967078 0.091391 -0.237503 8.35671 
-0.241638 0.00770905 0.970336 136.728 0.0939615 0.995455 0.0154901 -0.482708 -0.965806 0.0949172 -0.241264 7.88674 
-0.244394 0.00873264 0.969637 138.757 0.0961951 0.995245 0.0152824 -0.470702 -0.964893 0.0970093 -0.244072 7.37079 
-0.247348 0.00938376 0.968881 140.758 0.0965524 0.995215 0.0150102 -0.455566 -0.964104 0.0972606 -0.247071 6.88648 
-0.250102 0.00911438 0.968177 142.783 0.0954894 0.995313 0.0152972 -0.439335 -0.963499 0.0962765 -0.2498 6.37295 
-0.253508 0.00971457 0.967284 144.779 0.0946763 0.995398 0.014816 -0.428515 -0.962689 0.095335 -0.253261 5.85843 
-0.25792 0.0102033 0.966112 146.776 0.0935781 0.995507 0.0144684 -0.426734 -0.961624 0.0941387 -0.257716 5.36601 
-0.26217 0.0100515 0.964969 148.842 0.092929 0.995561 0.0148774 -0.412995 -0.960537 0.093574 -0.261941 4.83796 
-0.266463 0.00989002 0.963794 150.877 0.0920413 0.995639 0.01523 -0.437761 -0.95944 0.0927671 -0.266211 4.2991 
-0.271849 0.0103265 0.962284 153.035 0.0916382 0.995676 0.0152033 -0.436237 -0.957967 0.092315 -0.27162 3.83481 
-0.276303 0.0102001 0.961016 155.028 0.0910549 0.995723 0.0156107 -0.429601 -0.956747 0.0918185 -0.27605 3.29372 
-0.280802 0.00951448 0.959719 157.1 0.0902027 0.995786 0.0165201 -0.41846 -0.955517 0.0912081 -0.280477 2.72906 
-0.284331 0.0102565 0.958671 158.971 0.0913536 0.995683 0.0164419 -0.356054 -0.954364 0.0922531 -0.28404 2.12809 
-0.288757 0.0112183 0.957337 161.039 0.0925855 0.995572 0.0162597 -0.341856 -0.952915 0.0933306 -0.288517 1.55269 
-0.291951 0.0124365 0.956352 163.097 0.0929801 0.995548 0.0154382 -0.33126 -0.951903 0.093429 -0.291807 0.955395 
-0.295271 0.0138601 0.955313 165.121 0.0931471 0.995549 0.0143463 -0.329643 -0.950862 0.0932207 -0.295248 0.366956 
-0.298856 0.014803 0.954183 167.178 0.0936785 0.995505 0.0138966 -0.330069 -0.949689 0.0935396 -0.2989 -0.228308 
-0.301844 0.0151163 0.953237 169.14 0.0929562 0.995577 0.0136469 -0.331595 -0.948815 0.0927286 -0.301914 -0.851473 
-0.305274 0.0150928 0.952145 171.186 0.0931733 0.99555 0.0140922 -0.330997 -0.947695 0.0930165 -0.305322 -1.47556 
-0.309267 0.0152055 0.950854 173.282 0.0927757 0.995585 0.0142545 -0.327335 -0.946439 0.0926246 -0.309312 -2.1196 
-0.31307 0.0159929 0.949595 175.313 0.0945693 0.995414 0.0144137 -0.323715 -0.94501 0.094315 -0.313147 -2.74293 
-0.316538 0.0160237 0.948444 177.403 0.0961159 0.995253 0.0152636 -0.325516 -0.943698 0.0959921 -0.316576 -3.39224 
-0.319344 0.0156455 0.94751 179.539 0.0970018 0.995151 0.0162608 -0.310317 -0.942661 0.0971029 -0.319313 -4.06375 
-0.322035 0.0150328 0.946608 181.702 0.0961548 0.995223 0.0169068 -0.281674 -0.941832 0.0964655 -0.321942 -4.77723 
-0.324656 0.0155419 0.945704 183.849 0.094757 0.995369 0.0161715 -0.265077 -0.941074 0.0948623 -0.324625 -5.48083 
-0.327798 0.0171142 0.944593 185.898 0.092918 0.995572 0.014207 -0.262521 -0.940167 0.0924268 -0.327937 -6.14926 
-0.330587 0.0189977 0.943584 187.93 0.0929415 0.995593 0.0125173 -0.261421 -0.939188 0.0918362 -0.330895 -6.85066 
-0.333913 0.0198768 0.942394 190.017 0.0922462 0.995668 0.0116845 -0.258962 -0.938079 0.0908339 -0.3343 -7.55257 
-0.337523 0.0204566 0.941095 192.115 0.0902314 0.995863 0.0107143 -0.267247 -0.936983 0.0885327 -0.337973 -8.26243 
-0.340978 0.020617 0.939845 194.239 0.0915323 0.995737 0.0113649 -0.266578 -0.935605 0.0899014 -0.341411 -8.99637 
-0.344277 0.0201133 0.938652 196.363 0.0921432 0.995668 0.012461 -0.267874 -0.934335 0.0907805 -0.344639 -9.75015 
-0.347888 0.0195583 0.937332 198.435 0.0921829 0.995651 0.0134382 -0.272317 -0.932993 0.091081 -0.348178 -10.4752 
-0.3519 0.019208 0.935841 200.534 0.0924132 0.995618 0.0143148 -0.283156 -0.931465 0.0915214 -0.352133 -11.2072 
-0.35622 0.0188784 0.934211 202.509 0.0907714 0.995766 0.0144893 -0.297489 -0.929983 0.0899611 -0.356426 -11.9118 
-0.360065 0.0193566 0.932726 204.639 0.0898104 0.99586 0.014003 -0.301584 -0.928594 0.0888106 -0.360313 -12.6805 
-0.363194 0.0199859 0.931499 206.768 0.090026 0.995845 0.0137349 -0.307425 -0.927354 0.0888475 -0.363485 -13.4822 
-0.365811 0.0206907 0.930459 208.936 0.0904488 0.995811 0.013416 -0.304566 -0.926284 0.0890666 -0.36615 -14.294 
-0.368478 0.0203129 0.929415 210.925 0.0921448 0.995636 0.0147716 -0.336789 -0.925059 0.0910838 -0.368741 -15.0384 
-0.37069 0.0193744 0.928555 213.102 0.0926677 0.995565 0.0162213 -0.32963 -0.924122 0.0920601 -0.370841 -15.8914 
-0.373958 0.0197392 0.927235 215.182 0.0929504 0.995537 0.0162941 -0.349201 -0.922776 0.0922802 -0.374124 -16.6605 
-0.377062 0.0202382 0.925967 217.267 0.0925224 0.995583 0.0159162 -0.36378 -0.921555 0.0916741 -0.377269 -17.4381 
-0.379766 0.0202658 0.924861 219.4 0.0923143 0.9956 0.0160901 -0.375875 -0.920465 0.0914883 -0.379966 -18.2777 
-0.383301 0.0209416 0.923386 221.493 0.0914761 0.995688 0.0153907 -0.41283 -0.919082 0.090367 -0.383564 -19.0655 
-0.386822 0.0215819 0.921902 223.484 0.0904592 0.995792 0.0146442 -0.430626 -0.917707 0.0890592 -0.387147 -19.8441 
-0.389182 0.0215444 0.920909 225.575 0.0882805 0.995997 0.0140068 -0.433848 -0.916921 0.0867495 -0.389527 -20.683 
-0.393147 0.0221835 0.919208 227.607 0.0887033 0.995961 0.0139028 -0.452637 -0.915187 0.0870027 -0.393527 -21.4401 
-0.395836 0.0213081 0.918074 229.705 0.0899615 0.995822 0.015675 -0.465647 -0.913904 0.0887961 -0.396099 -22.2933 
-0.399 0.0204517 0.916723 231.668 0.0904642 0.995752 0.0171593 -0.467544 -0.912477 0.0897772 -0.399155 -23.0812 
-0.401926 0.0201003 0.915451 233.639 0.0897581 0.995809 0.0175432 -0.47864 -0.911262 0.0892203 -0.402046 -23.9145 
-0.405691 0.0198012 0.913796 235.666 0.0878127 0.995985 0.0174033 -0.490784 -0.909782 0.0873032 -0.405801 -24.7404 
-0.409448 0.0192143 0.912131 237.754 0.0859499 0.996144 0.0175981 -0.48799 -0.908276 0.0856031 -0.409521 -25.6305 
-0.412761 0.0183897 0.910654 239.866 0.0850322 0.996208 0.0184241 -0.48216 -0.906861 0.0850396 -0.41276 -26.5519 
-0.416362 0.0187078 0.909006 241.942 0.0850439 0.996206 0.0184511 -0.480755 -0.905213 0.0849878 -0.416374 -27.4466 
-0.420507 0.0183592 0.907104 244.07 0.0843529 0.996256 0.0189398 -0.476912 -0.90336 0.0844812 -0.420481 -28.3635 
-0.424618 0.0172364 0.905209 246.021 0.0826833 0.996379 0.0198128 -0.491067 -0.901589 0.0832586 -0.424505 -29.2411 
-0.428543 0.0173155 0.903355 248.019 0.0821984 0.996417 0.0198947 -0.482321 -0.899775 0.0827801 -0.428431 -30.1356 
-0.432509 0.0181604 0.901446 250.158 0.0823827 0.996411 0.0194531 -0.461177 -0.897858 0.0826773 -0.432453 -31.115 
-0.43605 0.0188249 0.899726 252.328 0.0826738 0.996391 0.0192201 -0.445028 -0.896117 0.0827647 -0.436032 -32.1209 
-0.43953 0.0186104 0.898035 254.354 0.0823338 0.996411 0.0196479 -0.434646 -0.894447 0.0825745 -0.439484 -33.0888 
-0.44291 0.0187163 0.896371 256.453 0.0810479 0.996524 0.0192394 -0.446246 -0.892895 0.0811703 -0.442888 -34.0775 
-0.446172 0.0192054 0.894741 258.567 0.0817169 0.996467 0.0193601 -0.419483 -0.891208 0.0817534 -0.446166 -35.1083 
-0.450177 0.0199105 0.892717 260.697 0.0819803 0.99645 0.0191167 -0.382596 -0.889168 0.0817912 -0.450211 -36.0888 
-0.453658 0.020852 0.890932 262.784 0.0837357 0.996301 0.0193196 -0.378996 -0.887233 0.0833673 -0.453726 -37.0954 
-0.457829 0.0228787 0.888746 264.929 0.0852629 0.996191 0.0182777 -0.37318 -0.884942 0.0841451 -0.458035 -38.0634 
-0.460701 0.023849 0.887235 267.02 0.0871216 0.996026 0.0184649 -0.354525 -0.883269 0.0858041 -0.460948 -39.0783 
-0.463261 0.02584 0.885845 269.063 0.0888304 0.995895 0.0174044 -0.348353 -0.881759 0.0867528 -0.463654 -40.1084 
-0.465943 0.0286003 0.884353 271.121 0.0907486 0.995751 0.01561 -0.324074 -0.880149 0.0875271 -0.466558 -41.1329 
-0.468938 0.0288557 0.882759 273.107 0.091433 0.995682 0.0160239 -0.328784 -0.878486 0.0882275 -0.469552 -42.1476 
-0.471391 0.0301522 0.881409 275.204 0.0914418 0.9957 0.0148425 -0.278477 -0.877171 0.0875943 -0.472121 -43.2801 
-0.474846 0.0299504 0.879559 277.375 0.0907587 0.995758 0.0150905 -0.267113 -0.875376 0.0869933 -0.47555 -44.3997 
-0.478526 0.031184 0.877519 279.534 0.0915529 0.995694 0.0145418 -0.260526 -0.873287 0.0872981 -0.479321 -45.5118 
-0.481284 0.0316218 0.875994 281.639 0.0904817 0.995803 0.0137652 -0.239499 -0.871882 0.0858864 -0.482125 -46.6575 
-0.484165 0.0311231 0.874423 283.778 0.0881638 0.996016 0.013365 -0.232856 -0.870524 0.0835633 -0.48498 -47.7768 
-0.486826 0.031793 0.87292 285.893 0.0903559 0.995809 0.0141225 -0.231453 -0.868813 0.0857486 -0.487659 -48.8864 
-0.490173 0.0320459 0.871036 288.044 0.0921326 0.99563 0.0152174 -0.247269 -0.866742 0.08771 -0.490983 -49.9207 
-0.492505 0.0320191 0.86972 290.166 0.0931031 0.995527 0.0160716 -0.232723 -0.865315 0.0888891 -0.493283 -51.0842 
-0.493692 0.0315841 0.869063 292.125 0.0923393 0.995595 0.0162729 -0.195278 -0.864721 0.0882825 -0.494433 -52.2376 
-0.495821 0.03061 0.867885 294.296 0.091676 0.995639 0.0172584 -0.174253 -0.863572 0.0881214 -0.496465 -53.4299 
-0.49837 0.0315672 0.866389 296.479 0.0936074 0.995454 0.0175757 -0.121389 -0.861896 0.0898597 -0.499059 -54.6496 
-0.501102 0.0315474 0.864813 298.645 0.0949814 0.995303 0.0187279 -0.125211 -0.86016 0.0915258 -0.501745 -55.8001 
-0.503114 0.0322798 0.863617 300.833 0.0938106 0.995437 0.017444 -0.0907692 -0.859113 0.0897928 -0.503847 -57.0246 
-0.505665 0.0346961 0.862032 303.007 0.0936649 0.995493 0.0148756 -0.0642793 -0.85763 0.0882642 -0.506636 -58.2379 
-0.509004 0.034007 0.860092 305.155 0.0918989 0.995655 0.0150189 -0.0507302 -0.855844 0.0866862 -0.509918 -59.4619 
-0.513525 0.0327294 0.85745 307.29 0.0904749 0.995767 0.016176 -0.0366892 -0.853292 0.0858845 -0.514312 -60.6483 
-0.51889 0.0305986 0.854293 309.411 0.0873718 0.996024 0.0173938 -0.0250921 -0.850364 0.0836666 -0.519501 -61.7653 
-0.52423 0.0284537 0.851101 311.526 0.0842605 0.99627 0.0185927 -0.0101633 -0.847398 0.0814611 -0.524673 -62.8952 
-0.529544 0.026295 0.847875 313.634 0.0811412 0.996506 0.0197725 0.008053 -0.844393 0.079268 -0.529827 -64.0378 
-0.533875 0.0275628 0.845114 315.904 0.0829849 0.996351 0.0199278 0.0431415 -0.841481 0.0807707 -0.534215 -65.425 
-0.538562 0.0279934 0.842121 318.104 0.0835005 0.996301 0.0202825 0.0620862 -0.838438 0.0812409 -0.538907 -66.7204 
-0.54292 0.0283428 0.839306 320.28 0.0853121 0.996121 0.0215472 0.0846833 -0.83544 0.0833014 -0.543232 -68.0029 
-0.546856 0.0273708 0.836779 322.447 0.0854582 0.99607 0.0232679 0.127994 -0.832853 0.0842338 -0.547046 -69.3812 
-0.550768 0.0256323 0.834264 324.646 0.0843186 0.996124 0.0250605 0.144451 -0.830388 0.0841466 -0.550795 -70.7699 
-0.554509 0.0257215 0.83178 326.865 0.0833039 0.996217 0.0247283 0.186748 -0.827998 0.0830026 -0.554554 -72.1947 
-0.558812 0.0253191 0.828907 329.028 0.0827284 0.99625 0.0253411 0.231807 -0.825157 0.0827351 -0.558811 -73.5938 
-0.562454 0.0249289 0.826452 331.201 0.0827835 0.996221 0.0262898 0.277456 -0.822674 0.0832035 -0.562392 -75.0414 
-0.566742 0.0236365 0.823556 333.381 0.0818197 0.996262 0.0277121 0.305145 -0.819823 0.0830887 -0.566557 -76.501 
-0.570324 0.0227495 0.821105 335.572 0.0806637 0.996336 0.028423 0.34471 -0.81745 0.0824436 -0.570069 -77.9557 
-0.573792 0.0217297 0.818713 337.615 0.0795715 0.996398 0.0293217 0.387365 -0.815126 0.0819708 -0.573454 -79.3227 
-0.577292 0.0211198 0.816265 339.785 0.0794399 0.996376 0.0304027 0.422871 -0.812664 0.0823953 -0.576877 -80.7473 
-0.579799 0.0196385 0.814523 341.897 0.0764715 0.996608 0.0304057 0.451794 -0.811163 0.079917 -0.579334 -82.2239 
-0.582833 0.0188174 0.812374 343.983 0.0727661 0.996924 0.0291133 0.507197 -0.809328 0.0760815 -0.582409 -83.6419 
-0.586314 0.0178981 0.809886 346.137 0.0692066 0.997207 0.028064 0.549724 -0.807122 0.0725037 -0.585916 -85.1296 
-0.588965 0.0149338 0.80802 348.282 0.0657569 0.9974 0.0294962 0.6095 -0.805479 0.0705052 -0.588416 -86.6255 
-0.591688 0.0155534 0.806017 350.467 0.0678381 0.997228 0.030556 0.667086 -0.803307 0.0727583 -0.591104 -88.2015 
-0.594222 0.0154501 0.804152 352.655 0.0673786 0.997257 0.0306286 0.710118 -0.801474 0.0723829 -0.593633 -89.7927 
-0.597299 0.0145462 0.801887 354.813 0.0652832 0.997399 0.0305344 0.763205 -0.799357 0.0705879 -0.596695 -91.3379 
-0.599896 0.0107447 0.800006 356.891 0.0624612 0.997487 0.0334404 0.810539 -0.797636 0.0700301 -0.599059 -92.8629 
-0.602983 0.00837839 0.79771 359.019 0.0602325 0.997569 0.0350517 0.861694 -0.795477 0.0691837 -0.602022 -94.4089 
-0.605637 0.00777557 0.795703 361.164 0.0597667 0.997572 0.0357423 0.925587 -0.793493 0.0692034 -0.604632 -95.9937 
-0.608566 0.0073384 0.793469 363.307 0.0583684 0.997662 0.0355398 0.981822 -0.791354 0.0679418 -0.607571 -97.5726 
-0.611403 0.00682983 0.79129 365.411 0.0581478 0.997647 0.0363178 1.03932 -0.78918 0.0682166 -0.610361 -99.1319 
-0.614589 0.00635438 0.788822 367.516 0.0581898 0.997608 0.0373007 1.09664 -0.786698 0.068826 -0.613489 -100.693 
-0.617765 0.00588139 0.786341 369.615 0.0582279 0.997569 0.0382837 1.15653 -0.784204 0.0694373 -0.616606 -102.262 
-0.618555 0.00220204 0.785738 371.047 0.0481955 0.998219 0.0351433 1.26474 -0.784262 0.0596071 -0.61756 -103.758 
-0.621984 0.00536331 0.783011 373.151 0.0410011 0.998828 0.0257276 1.32101 -0.781955 0.0481065 -0.621475 -105.329 
-0.624821 0.0141688 0.780639 375.091 0.0499243 0.998514 0.0218359 1.32388 -0.77917 0.0526164 -0.6246 -106.87 
-0.625968 0.0152855 0.779698 377.168 0.057357 0.998002 0.0264829 1.35816 -0.777736 0.0612986 -0.625595 -108.447 
-0.62793 0.00573695 0.778249 379.083 0.0563674 0.997682 0.0381254 1.36576 -0.776226 0.067808 -0.626797 -109.946 
-0.631001 -0.00504382 0.775765 381.138 0.0496206 0.997669 0.0468476 1.44015 -0.774193 0.0680549 -0.62928 -111.531 
-0.634563 -0.0116572 0.772783 383.187 0.0429668 0.997808 0.0503333 1.51345 -0.771676 0.0651437 -0.632671 -113.095 
-0.637666 -0.0119017 0.770221 385.199 0.0424196 0.997821 0.0505378 1.57504 -0.769144 0.0648987 -0.635772 -114.55 
-0.640585 -0.00613169 0.767862 387.306 0.0482437 0.997671 0.0482138 1.65436 -0.76637 0.0679296 -0.638798 -116.234 
-0.642376 0.000641777 0.766389 389.146 0.0536541 0.997584 0.0441367 1.70798 -0.764509 0.0694723 -0.640858 -117.742 
-0.644608 0.00325086 0.764506 391.188 0.0546613 0.997628 0.0418465 1.77683 -0.762556 0.0687635 -0.643257 -119.425 
-0.647412 0.00377809 0.762131 393.241 0.0552268 0.997591 0.0419684 1.85442 -0.760137 0.0692609 -0.646061 -121.066 
-0.651075 0.003137 0.759007 395.048 0.0549509 0.997562 0.0430138 1.93714 -0.757021 0.0697134 -0.64966 -122.376 
-0.653886 0.0021085 0.75659 397.246 0.0553563 0.997449 0.0450622 1.99903 -0.754565 0.0713476 -0.652335 -124.198 
-0.655297 0.00307102 0.755365 399.249 0.0572241 0.99732 0.0455885 2.06726 -0.7532 0.0730991 -0.653717 -125.889 
-0.657259 0.00365065 0.753656 401.143 0.057692 0.997298 0.045482 2.15758 -0.751453 0.0733734 -0.655694 -127.418 
-0.659216 0.004231 0.751941 403.032 0.0581602 0.997275 0.0453767 2.2476 -0.749701 0.0736462 -0.657666 -128.952 
-0.661169 0.00481206 0.750222 404.918 0.0586286 0.997253 0.0452727 2.33733 -0.747943 0.0739174 -0.659634 -130.491 
-0.663731 0.00466599 0.747956 406.758 0.0614045 0.996945 0.0482706 2.38148 -0.745446 0.0779666 -0.66199 -131.989 
-0.664625 0.00438016 0.747164 408.572 0.0634171 0.996705 0.0505683 2.44024 -0.744481 0.080992 -0.662713 -133.569 
-0.665934 0.00455816 0.745997 410.468 0.0620952 0.99685 0.04934 2.50952 -0.743422 0.07918 -0.664119 -135.194 
-0.667566 0.00485358 0.744535 412.349 0.0583226 0.997247 0.0457922 2.58825 -0.742263 0.0739926 -0.666011 -136.786 
-0.668644 0.0053354 0.743563 414.421 0.0540774 0.997675 0.04147 2.70285 -0.741613 0.0679387 -0.667379 -138.567 
-0.669724 0.00580839 0.742587 416.49 0.0498366 0.998067 0.0371398 2.80586 -0.740936 0.0618815 -0.668718 -140.351 
-0.66976 0.0047723 0.742562 418.399 0.0481972 0.99815 0.0370568 2.85151 -0.741012 0.0606086 -0.668751 -142.098 
-0.671654 0.00392853 0.740854 420.359 0.0456475 0.998305 0.03609 2.89341 -0.739457 0.0580582 -0.670695 -143.737 
-0.672228 0.00308123 0.740338 422.274 0.0440247 0.998388 0.0358192 2.95874 -0.739034 0.0566718 -0.67128 -145.431 
-0.673085 0.00144038 0.739564 424.197 0.0438572 0.998316 0.0379705 3.02681 -0.738264 0.0579925 -0.672014 -147.131 
-0.672954 -0.000314593 0.739684 426.174 0.0460812 0.99804 0.0423484 3.08541 -0.738248 0.0625841 -0.67162 -148.888 
-0.673382 -0.00152847 0.739293 428.136 0.0501933 0.997596 0.0477807 3.17393 -0.737589 0.0692822 -0.671686 -150.591 
-0.672638 -0.00279351 0.739966 430.089 0.0532324 0.997219 0.0521536 3.2685 -0.738054 0.0744707 -0.670619 -152.309 
-0.670151 -0.0053334 0.742206 432.058 0.0475857 0.997608 0.0501346 3.36916 -0.740698 0.0689162 -0.668294 -154.072 
-0.669162 -0.00596517 0.743093 434.053 0.0408181 0.998163 0.0447698 3.45469 -0.741995 0.0602899 -0.667689 -155.832 
-0.667094 -0.00844236 0.744925 436.074 0.0355508 0.998436 0.0431518 3.53745 -0.744124 0.0552691 -0.665751 -157.6 
-0.663918 -0.00875564 0.747754 438.112 0.0340334 0.998541 0.0419098 3.61732 -0.747031 0.0532733 -0.662651 -159.393 
-0.660964 -0.00770473 0.750378 440.04 0.0367741 0.998413 0.0426436 3.68895 -0.749516 0.0557804 -0.659632 -161.087 
-0.658043 -0.00825195 0.752935 442.068 0.0373591 0.998351 0.0435923 3.76463 -0.752053 0.0568146 -0.656649 -162.832 
-0.65496 -0.007472 0.755626 444.175 0.0344171 0.998618 0.0397067 3.86912 -0.754879 0.0520128 -0.653798 -164.622 
-0.653531 -0.0118379 0.756807 446.169 0.0284621 0.998786 0.0402009 3.93968 -0.756365 0.0478129 -0.6524 -166.273 
-0.652944 -0.0186803 0.757175 448.198 0.0187437 0.998991 0.0408095 4.01138 -0.757174 0.0408386 -0.651936 -167.949 
-0.651749 -0.0215872 0.758127 450.164 0.0120853 0.999172 0.0388402 4.09755 -0.758338 0.0344763 -0.650949 -169.618 
-0.649896 -0.0226989 0.759684 451.916 0.00945844 0.999235 0.037948 4.18887 -0.759964 0.0318477 -0.649184 -171.295 
-0.648622 -0.0237572 0.76074 453.678 0.00684165 0.99929 0.0370402 4.27131 -0.76108 0.0292298 -0.647999 -173.012 
-0.648117 -0.0237216 0.761171 455.576 0.0100877 0.99916 0.0397278 4.35175 -0.761474 0.0334267 -0.647333 -174.555 
-0.646409 -0.025934 0.76255 457.488 0.00879975 0.999102 0.0414385 4.43257 -0.762941 0.0334964 -0.6456 -176.208 
-0.645304 -0.0266256 0.763462 459.515 0.00633667 0.999171 0.0402019 4.4913 -0.7639 0.0307803 -0.644601 -177.888 
-0.643166 -0.0257277 0.765295 461.524 0.00542202 0.999257 0.0381498 4.5526 -0.765708 0.0286861 -0.642548 -179.576 
-0.641728 -0.024087 0.766553 463.562 0.00650038 0.9993 0.0368423 4.62253 -0.766904 0.0286256 -0.641123 -181.272 
-0.640479 -0.0236403 0.767612 465.657 0.00849717 0.999247 0.0378638 4.69845 -0.767929 0.0307735 -0.639796 -182.987 
-0.638419 -0.0232821 0.769337 467.82 0.0112594 0.999153 0.0395803 4.78537 -0.769607 0.0339311 -0.637616 -184.791 
-0.636007 -0.0235121 0.771325 469.96 0.0170562 0.998863 0.0445119 4.83659 -0.771495 0.0414658 -0.634883 -186.633 
-0.635067 -0.024614 0.772064 471.86 0.0163088 0.998842 0.0452586 4.88921 -0.772284 0.0413337 -0.633931 -188.061 
-0.634131 -0.0256748 0.772799 473.906 0.0155177 0.998825 0.0459172 4.96996 -0.773069 0.0411096 -0.632988 -189.695 
-0.633591 -0.0275833 0.773176 475.971 0.013282 0.998829 0.0465176 5.04884 -0.773554 0.0397424 -0.632483 -191.328 
-0.634105 -0.0267867 0.772783 477.569 0.0128997 0.998894 0.045209 5.02265 -0.773139 0.0386359 -0.633058 -192.18 
-0.634487 -0.0272381 0.772453 479.264 0.0116346 0.998929 0.0447806 4.97478 -0.772846 0.0373999 -0.633491 -193.143 
-0.63504 -0.027885 0.771976 480.574 0.0114488 0.998899 0.0454997 4.97565 -0.772394 0.0377323 -0.634021 -193.9 
-0.635195 -0.0293006 0.771796 481.656 0.0100037 0.998884 0.0461549 4.95265 -0.772287 0.0370382 -0.634193 -194.406 
-0.635348 -0.0307162 0.771615 482.738 0.00855858 0.998867 0.0468097 4.93083 -0.772178 0.0363444 -0.634365 -194.912 
-0.634934 -0.0316948 0.771916 484.158 0.00778563 0.998845 0.0474164 4.91924 -0.772527 0.0361162 -0.633954 -196.2 
-0.634652 -0.032047 0.772133 485.396 0.00887236 0.998772 0.0487461 4.86349 -0.772747 0.0377875 -0.633588 -197.333 
-0.634933 -0.0316401 0.771919 487.335 0.00931353 0.998775 0.0485993 4.94195 -0.772511 0.0380466 -0.63386 -198.886 
-0.636691 -0.03332 0.770399 489.316 0.00862207 0.998696 0.0503195 4.97382 -0.771071 0.0386804 -0.635573 -199.826 
-0.63915 -0.034693 0.768299 491.212 0.00905633 0.998573 0.0526251 5.01715 -0.769029 0.0405933 -0.637923 -200.498 
-0.638072 -0.0348182 0.769189 492.843 0.008998 0.998572 0.0526656 5.06523 -0.769924 0.0405257 -0.636848 -201.914 
-0.638399 -0.0352282 0.768899 494.734 0.00754618 0.998618 0.0520184 5.16601 -0.769669 0.0390107 -0.63725 -203.431 
-0.638333 -0.0344278 0.76899 496.716 0.00793517 0.998652 0.0512966 5.26885 -0.769719 0.0388464 -0.6372 -205.014 
-0.637942 -0.0335883 0.769351 498.776 0.00903022 0.998653 0.0510869 5.38743 -0.770031 0.0395379 -0.63678 -206.689 
-0.638715 -0.032694 0.768748 500.977 0.00984866 0.998668 0.0506549 5.54802 -0.76938 0.0399252 -0.637542 -208.403 
-0.639487 -0.0317992 0.768144 503.175 0.0106675 0.998681 0.0502236 5.70734 -0.768728 0.0403116 -0.638304 -210.118 
-0.640258 -0.030904 0.767538 505.372 0.0114868 0.998693 0.0497931 5.86539 -0.768074 0.040697 -0.639066 -211.836 
-0.640622 -0.0318563 0.767195 507.35 0.0109133 0.99866 0.0505802 5.95276 -0.767779 0.0407754 -0.639416 -213.431 
-0.638037 -0.0325644 0.769317 509.409 0.0108925 0.998624 0.0513044 6.066 -0.769929 0.0411139 -0.636804 -215.155 
-0.637462 -0.0330112 0.769774 511.7 0.0116877 0.998552 0.052501 6.23722 -0.770393 0.0424643 -0.636154 -216.889 
-0.637501 -0.0319321 0.769788 514.145 0.0144632 0.998469 0.0533959 6.46881 -0.770314 0.0451735 -0.636062 -218.637 
-0.637536 -0.030853 0.769803 516.589 0.0172385 0.998376 0.0542905 6.70251 -0.770228 0.0478824 -0.635969 -220.384 
-0.637568 -0.0297737 0.769819 519.034 0.0200136 0.998275 0.0551848 6.93831 -0.770134 0.0505909 -0.635872 -222.131 
-0.637597 -0.0286944 0.769836 521.479 0.0227884 0.998166 0.0560789 7.17621 -0.770033 0.0532991 -0.635774 -223.877 
-0.63767 -0.0296745 0.769738 523.183 0.0214068 0.998189 0.0562155 7.24475 -0.770012 0.0523246 -0.63588 -225.333 
-0.63691 -0.0299258 0.770357 524.914 0.0202345 0.998253 0.055508 7.36603 -0.770672 0.0509415 -0.635192 -226.761 
-0.638711 -0.0304644 0.768844 526.709 0.0212771 0.998134 0.0572254 7.48371 -0.769153 0.0529093 -0.636871 -227.617 
-0.640725 -0.0316215 0.767119 528.956 0.0232895 0.997891 0.0605864 7.53546 -0.767417 0.056685 -0.638638 -228.66 
-0.639926 -0.0325999 0.767745 530.798 0.0224638 0.997879 0.0610957 7.6291 -0.768108 0.0563432 -0.637836 -230.227 
-0.637929 -0.034712 0.769312 532.628 0.0193738 0.997944 0.0610932 7.7101 -0.769851 0.0538776 -0.635945 -231.804 
-0.638102 -0.0334939 0.769223 533.793 0.0182249 0.998116 0.0585788 7.71216 -0.769736 0.0513983 -0.63629 -232.887 
-0.637667 -0.0312392 0.769678 535.033 0.019224 0.998221 0.0564419 7.76864 -0.770072 0.0507874 -0.635932 -234.013 
-0.638789 -0.033356 0.768658 536.614 0.0192999 0.998051 0.0593495 7.81859 -0.76914 0.0527469 -0.6369 -235.069 
-0.638965 -0.0348513 0.768446 538.655 0.0187169 0.997973 0.0608241 7.94455 -0.769008 0.0532474 -0.637017 -236.709 
-0.639104 -0.039754 0.768092 540.57 0.0123705 0.998003 0.0619464 8.0409 -0.769021 0.0490919 -0.637336 -238.252 
-0.639213 -0.044657 0.767732 542.485 0.00602342 0.997991 0.0630656 8.14022 -0.769006 0.0449367 -0.63766 -239.796 
-0.639129 -0.0437163 0.767856 544.453 0.00666151 0.998031 0.0623656 8.26371 -0.76907 0.0449748 -0.63758 -241.384 
-0.639789 -0.0439887 0.767291 546.133 0.00745471 0.997958 0.0634287 8.30198 -0.768515 0.0463009 -0.638155 -242.496 
-0.640368 -0.0450189 0.766747 548.255 0.00774631 0.997851 0.0650574 8.44053 -0.768029 0.0476002 -0.638644 -244.166 
-0.641566 -0.0458157 0.765698 550.418 0.008577 0.997724 0.0668855 8.58231 -0.767019 0.0494789 -0.639713 -245.884 
-0.642764 -0.0466094 0.764645 552.579 0.00940481 0.997592 0.0687145 8.7291 -0.766007 0.0513586 -0.640778 -247.605 
-0.64396 -0.0474002 0.763589 554.736 0.0102297 0.997456 0.0705446 8.88089 -0.764991 0.0532392 -0.641837 -249.329 
-0.645155 -0.0481879 0.76253 556.891 0.0110518 0.997316 0.0723756 9.0377 -0.763971 0.0551208 -0.642891 -251.056 
-0.644711 -0.0502763 0.762771 558.236 0.00848043 0.997303 0.0729027 9.09749 -0.764379 0.0534698 -0.642546 -252.267 
-0.645497 -0.051502 0.762024 559.757 0.00701215 0.997282 0.073342 9.25127 -0.76373 0.0526855 -0.643382 -253.08 
-0.645925 -0.0520031 0.761628 561.478 0.00725283 0.997214 0.0742396 9.42947 -0.763366 0.0534772 -0.643748 -253.991 
-0.646352 -0.0525037 0.761231 563.197 0.007493 0.997145 0.0751374 9.60928 -0.763002 0.0542691 -0.644114 -254.903 
-0.647857 -0.0515536 0.760016 564.409 0.00829996 0.99717 0.0747154 9.6964 -0.761717 0.054713 -0.645596 -255.493 
-0.649315 -0.0497009 0.758894 565.529 0.010502 0.997181 0.0742922 9.8224 -0.760447 0.056209 -0.646963 -255.99 
-0.6511 -0.0508898 0.757284 566.491 0.0107113 0.997034 0.0762104 9.76242 -0.758916 0.057732 -0.648624 -256.323 
-0.65351 -0.05149 0.755164 567.422 0.0127 0.996797 0.0789559 9.70012 -0.756811 0.0611891 -0.650764 -256.583 
-0.655916 -0.0520791 0.753035 568.352 0.0146799 0.996548 0.0817067 9.63942 -0.754691 0.0646473 -0.652887 -256.846 
-0.658316 -0.052657 0.750897 569.281 0.0166509 0.996287 0.0844629 9.58034 -0.752557 0.0681064 -0.654995 -257.112 
-0.659963 -0.0531317 0.749417 570.432 0.0162743 0.996251 0.0849632 9.70725 -0.751122 0.0682688 -0.656624 -257.614 
-0.662143 -0.0525399 0.747533 571.776 0.0168566 0.996242 0.0849513 9.89294 -0.749188 0.0688508 -0.658769 -258.154 
-0.664317 -0.0519464 0.745644 573.119 0.017439 0.996233 0.084941 10.0783 -0.747247 0.069431 -0.660909 -258.698 
-0.666485 -0.0513511 0.743747 574.46 0.0180214 0.996224 0.0849323 10.2634 -0.7453 0.0700096 -0.663043 -259.246 
-0.668648 -0.0507542 0.741845 575.8 0.0186038 0.996214 0.0849253 10.4482 -0.743346 0.0705863 -0.665172 -259.798 
-0.670804 -0.0501557 0.739936 577.138 0.0191863 0.996203 0.08492 10.6328 -0.741386 0.0711614 -0.667295 -260.353 
-0.671835 -0.0510009 0.738943 578.668 0.0196411 0.996049 0.0866033 10.7768 -0.740441 0.0726968 -0.668179 -261.433 
-0.672168 -0.0528324 0.738511 580.31 0.0180252 0.995987 0.0876578 10.9283 -0.740179 0.0722326 -0.668519 -262.814 
-0.673772 -0.0555781 0.736846 581.644 0.0158157 0.995854 0.0895762 11.0196 -0.73877 0.0720077 -0.6701 -263.893 
-0.67629 -0.0531547 0.734715 583.345 0.0165074 0.996049 0.0872561 11.2034 -0.736451 0.0711387 -0.67274 -264.507 
-0.678518 -0.0507527 0.732828 585.223 0.0160701 0.996346 0.0838819 11.4376 -0.734408 0.068692 -0.675223 -265.152 
-0.680741 -0.0483577 0.730926 587.1 0.015643 0.996631 0.0805054 11.666 -0.732357 0.0662372 -0.677691 -265.803 
-0.682958 -0.0459696 0.729009 588.975 0.0152261 0.996905 0.0771267 11.8886 -0.730299 0.0637743 -0.680145 -266.46 
-0.684633 -0.0478298 0.727317 590.083 0.0130352 0.996882 0.0778271 11.972 -0.728771 0.0627638 -0.681875 -267.021 
-0.685585 -0.0514732 0.72617 591.304 0.00713257 0.996974 0.0774025 12.0775 -0.727957 0.0582455 -0.683144 -267.653 
-0.685561 -0.0510551 0.726222 592.98 0.00731198 0.997005 0.0769943 12.1963 -0.727978 0.0580944 -0.683135 -269.045 
-0.685707 -0.0506035 0.726116 594.775 0.00703909 0.997073 0.0761339 12.3562 -0.727843 0.0573168 -0.683344 -270.613 
-0.685987 -0.0509569 0.725828 596.685 0.00691972 0.997043 0.0765375 12.4963 -0.727581 0.0575262 -0.683605 -272.208 
-0.6857 -0.051281 0.726076 598.367 0.00721522 0.996987 0.0772287 12.6077 -0.727848 0.0581945 -0.683264 -273.754 
-0.685327 -0.0521635 0.726365 600.35 0.00602729 0.996991 0.077285 12.808 -0.728211 0.0573435 -0.68295 -275.595 
-0.684823 -0.0524225 0.726822 602.027 0.00547571 0.997011 0.0770692 12.9547 -0.728689 0.0567586 -0.682488 -277.184 
-0.684243 -0.0534892 0.727289 603.686 0.00366041 0.997042 0.0767721 13.1228 -0.729245 0.055193 -0.682023 -278.882 
-0.683635 -0.0534404 0.727865 605.52 0.00424742 0.997007 0.0771904 13.2768 -0.729812 0.0558616 -0.681362 -280.526 
-0.682576 -0.0526505 0.728915 607.514 0.00528783 0.997019 0.0769676 13.5151 -0.730795 0.0563907 -0.680264 -282.362 
-0.681877 -0.0523521 0.729591 609.419 0.00596824 0.997004 0.0771182 13.6882 -0.731443 0.0569395 -0.679522 -284.115 
-0.681754 -0.0516756 0.729754 611.556 0.00625358 0.997054 0.076446 13.7895 -0.731555 0.0566809 -0.679422 -285.979 
-0.68116 -0.0508404 0.730367 613.3 0.0058346 0.997177 0.0748542 13.957 -0.732111 0.0552491 -0.678941 -287.593 
