1 -4.23778e-08 4.22719e-08 0 -4.23778e-08 1 -4.19404e-08 0 4.22719e-08 -4.19404e-08 1 0 
0.999997 -0.00215971 -0.000989144 -0.0217991 0.00216254 0.999993 0.00295244 -0.0165003 0.000982846 -0.00295466 0.999995 1.56059 
0.999994 -0.00258438 -0.00245391 -0.044584 0.00259326 0.99999 0.00365906 -0.0328433 0.00244451 -0.00366549 0.99999 3.09466 
0.999989 -0.00197978 -0.00422214 -0.0572015 0.00199358 0.999993 0.00328639 -0.0469673 0.00421569 -0.00329486 0.999986 4.58905 
0.999981 -0.00158116 -0.00586024 -0.0949727 0.00160086 0.999993 0.00337156 -0.0666464 0.00585496 -0.00338096 0.999977 6.1231 
0.999972 -0.00153787 -0.00728819 -0.12541 0.0015642 0.999992 0.00361958 -0.0824546 0.00728265 -0.00363097 0.999967 7.63634 
0.999956 -0.00149983 -0.00919679 -0.161867 0.00153778 0.99999 0.00413013 -0.102684 0.00919059 -0.00414418 0.999949 9.1206 
0.999934 -0.00287102 -0.0111044 -0.185739 0.00290941 0.99999 0.00344992 -0.119858 0.0110944 -0.00348209 0.999932 10.5895 
0.999911 -0.00452446 -0.0125671 -0.224988 0.0045723 0.999982 0.003788 -0.139576 0.0125498 -0.0038452 0.999914 12.1244 
0.999893 -0.00459052 -0.0138669 -0.262343 0.00463968 0.999983 0.00352151 -0.149569 0.0138506 -0.00358556 0.999898 13.6404 
0.99988 -0.00364592 -0.0150202 -0.300009 0.00369888 0.999987 0.0035048 -0.169271 0.0150073 -0.00356002 0.999881 15.1283 
0.99987 -0.0024777 -0.0158973 -0.338399 0.00253916 0.999989 0.00385216 -0.182833 0.0158876 -0.00389211 0.999866 16.6351 
0.999858 -0.000257888 -0.0168593 -0.375754 0.00033819 0.999989 0.00476536 -0.200289 0.0168579 -0.00477047 0.999846 18.1001 
0.999842 0.000368757 -0.0177561 -0.421662 -0.000268683 0.999984 0.00564283 -0.214273 0.017758 -0.00563726 0.999826 19.5892 
0.99983 -4.52558e-05 -0.0184335 -0.459066 0.000150232 0.999984 0.00569802 -0.23363 0.0184331 -0.00569991 0.999814 21.0483 
0.999812 0.000721607 -0.0193914 -0.504024 -0.000609362 0.999983 0.00579802 -0.245811 0.0193953 -0.0057852 0.999795 22.5074 
0.999806 0.000894772 -0.0196655 -0.553653 -0.000771889 0.99998 0.00625961 -0.255564 0.0196708 -0.00624331 0.999787 23.9686 
0.999812 0.00188233 -0.0193174 -0.637747 -0.00174008 0.999971 0.00738199 -0.257576 0.0193308 -0.00734707 0.999786 25.4311 
0.999805 0.00231366 -0.0196042 -0.68259 -0.00219889 0.99998 0.0058781 -0.269714 0.0196175 -0.00583393 0.99979 26.8862 
0.999795 0.00259466 -0.0201005 -0.725569 -0.00251145 0.999988 0.00416788 -0.287776 0.0201112 -0.00411663 0.999789 28.3093 
0.999793 0.000470317 -0.0203587 -0.759998 -0.000391806 0.999992 0.00386433 -0.297867 0.0203605 -0.00385564 0.999785 29.7601 
0.999799 -0.000124552 -0.0200469 -0.807877 0.000252871 0.999979 0.00640266 -0.311051 0.0200458 -0.00640653 0.999778 31.191 
0.999792 -0.00167946 -0.0203431 -0.846489 0.001839 0.999968 0.00783024 -0.328387 0.0203293 -0.0078661 0.999762 32.5689 
0.999785 -0.0029538 -0.0205116 -0.893599 0.00310568 0.999968 0.00738089 -0.343366 0.0204892 -0.0074431 0.999762 33.9881 
0.999789 -0.00277107 -0.020346 -0.936634 0.00288282 0.999981 0.00546918 -0.35485 0.0203305 -0.00552677 0.999778 35.3629 
0.999797 -0.00204379 -0.0200541 -0.979907 0.00213893 0.999986 0.00472791 -0.368775 0.0200442 -0.00476993 0.999788 36.7409 
0.999816 -0.00105244 -0.0191586 -1.02566 0.00112706 0.999992 0.0038885 -0.387009 0.0191544 -0.00390946 0.999809 38.1063 
0.999837 -2.99258e-05 -0.0180303 -1.06742 0.000114405 0.999989 0.00468904 -0.396447 0.01803 -0.00469043 0.999826 39.452 
0.999861 0.000533773 -0.0166408 -1.10872 -0.000419738 0.999976 0.00686051 -0.414016 0.0166442 -0.00685266 0.999838 40.7785 
0.999884 -0.000127165 -0.0152385 -1.13721 0.000244925 0.99997 0.00773167 -0.426413 0.0152371 -0.00773459 0.999854 42.1545 
0.999917 0.000455513 -0.0128538 -1.17337 -0.000350039 0.999966 0.00821325 -0.43645 0.0128572 -0.00820815 0.999884 43.4582 
0.999951 -2.71955e-05 -0.00990488 -1.19703 0.000103816 0.99997 0.00774368 -0.450748 0.00990445 -0.00774442 0.999921 44.7433 
0.999979 -0.000433237 -0.00647752 -1.22509 0.000472563 0.999981 0.00608387 -0.465339 0.00647484 -0.00608688 0.99996 45.9983 
0.999994 -0.000620385 -0.00348336 -1.23825 0.000634945 0.999991 0.00420455 -0.47569 0.0034808 -0.00420682 0.999985 47.2397 
1 -0.000369253 0.000302898 -1.25198 0.000367728 0.999989 0.00474189 -0.492943 -0.00030456 -0.00474187 0.999989 48.4533 
0.999985 -0.000127224 0.00549018 -1.26089 0.000101101 0.999989 0.00474266 -0.508148 -0.00549064 -0.00474212 0.999974 49.6594 
0.999929 0.00175545 0.0117461 -1.26797 -0.00179845 0.999992 0.0036439 -0.520557 -0.0117396 -0.00366486 0.999924 50.8725 
0.999817 0.00284944 0.0189123 -1.26642 -0.00292093 0.999989 0.00374924 -0.538584 -0.0189013 -0.00380388 0.999814 52.0614 
0.999619 0.0038546 0.0273235 -1.25327 -0.00398477 0.999981 0.00470789 -0.550222 -0.0273048 -0.00481506 0.999615 53.2451 
0.999268 0.00630037 0.0377322 -1.21619 -0.00650269 0.999965 0.00523948 -0.55972 -0.0376978 -0.00548109 0.999274 54.4605 
0.998695 0.00837257 0.0503853 -1.17368 -0.00864385 0.999949 0.00516696 -0.573214 -0.0503394 -0.00559582 0.998716 55.6152 
0.997816 0.0102039 0.0652674 -1.12053 -0.0105885 0.999928 0.0055479 -0.586377 -0.0652061 -0.00622695 0.997852 56.7724 
0.996608 0.0123678 0.0813618 -1.05332 -0.0129633 0.999893 0.00679339 -0.598224 -0.081269 -0.00782514 0.996661 57.9027 
0.99502 0.0122184 0.0989183 -0.959926 -0.0130323 0.999886 0.00758514 -0.610508 -0.0988143 -0.00883659 0.995067 59.0211 
0.99294 0.0118916 0.118023 -0.846491 -0.0127827 0.999895 0.00679539 -0.622767 -0.117929 -0.00825613 0.992988 60.1125 
0.990392 0.0110881 0.137842 -0.709833 -0.0120363 0.999909 0.00604684 -0.637455 -0.137762 -0.00764793 0.990436 61.1813 
0.987272 0.00821716 0.158831 -0.55013 -0.00925549 0.99994 0.0057981 -0.644607 -0.158774 -0.00719444 0.987289 62.2415 
0.983636 0.00293178 0.180145 -0.363369 -0.00446856 0.999957 0.00812512 -0.658948 -0.180113 -0.00879722 0.983607 63.3107 
0.979124 -0.00251255 0.20325 -0.1538 0.000586986 0.999954 0.00953318 -0.67045 -0.203264 -0.00921493 0.97908 64.3432 
0.973875 -0.00775054 0.226953 0.0840106 0.00583633 0.999941 0.00910382 -0.681395 -0.227011 -0.00754147 0.973863 65.3633 
0.967677 -0.0138957 0.251808 0.341689 0.012383 0.999894 0.00759079 -0.693139 -0.251887 -0.00422737 0.967747 66.3548 
0.960455 -0.0176857 0.277874 0.628283 0.0160649 0.999838 0.0081084 -0.699744 -0.277972 -0.0033238 0.960583 67.3429 
0.952087 -0.0204896 0.305141 0.929386 0.0181784 0.99978 0.0104136 -0.705222 -0.305288 -0.00436772 0.95225 68.3085 
0.942677 -0.0248121 0.332783 1.258 0.0216049 0.999678 0.0133347 -0.711288 -0.333007 -0.00538067 0.942909 69.2532 
0.932001 -0.0277345 0.361392 1.60479 0.0246277 0.999609 0.0132005 -0.719195 -0.361617 -0.00340268 0.93232 70.1741 
0.920203 -0.0269488 0.390513 1.97554 0.0253459 0.999636 0.00925817 -0.724726 -0.39062 0.00137845 0.920551 71.0744 
0.907387 -0.0280706 0.419358 2.37533 0.029051 0.99957 0.00404904 -0.732486 -0.419291 0.00850863 0.907812 71.952 
0.893487 -0.0301993 0.448072 2.79778 0.0328168 0.999459 0.00192276 -0.742993 -0.447888 0.0129863 0.893995 72.8058 
0.878294 -0.0311753 0.477103 3.24425 0.032708 0.999452 0.00509506 -0.751294 -0.477 0.0111301 0.878832 73.6309 
0.86075 -0.0297834 0.508156 3.7221 0.0280869 0.999545 0.0110083 -0.760911 -0.508253 0.00479716 0.861194 74.4777 
0.841383 -0.0300689 0.539602 4.22705 0.0261491 0.999547 0.0149253 -0.768783 -0.539806 0.00155215 0.841788 75.281 
0.820615 -0.0243295 0.570963 4.74638 0.0223508 0.999695 0.0104745 -0.781167 -0.571044 0.00416587 0.820909 76.0527 
0.798874 -0.0171742 0.601253 5.29911 0.0196069 0.999805 0.00250698 -0.761225 -0.601179 0.00978588 0.799054 76.8078 
0.776593 -0.0148244 0.629828 5.87871 0.0187121 0.999825 0.000460511 -0.765621 -0.629724 0.0114277 0.776735 77.5341 
0.753706 -0.0171521 0.656987 6.48563 0.0195819 0.999802 0.00363722 -0.776365 -0.656919 0.0101236 0.753893 78.227 
0.729565 -0.0173388 0.683691 7.10677 0.0196416 0.999797 0.00439581 -0.788927 -0.683629 0.0102217 0.729758 78.8965 
0.704848 -0.0156113 0.709186 7.74843 0.0205975 0.999787 0.0015366 -0.797463 -0.709059 0.0135244 0.70502 79.5306 
0.678781 -0.0130989 0.734223 8.39654 0.0204043 0.999791 -0.00102687 -0.804406 -0.734057 0.0156783 0.678907 80.1427 
0.652019 -0.0107133 0.758127 9.07532 0.0186437 0.999824 -0.00190565 -0.817107 -0.757974 0.0153768 0.652104 80.7388 
0.624254 -0.00914257 0.781168 9.76839 0.0183189 0.999828 -0.0029376 -0.830612 -0.781006 0.0161439 0.624314 81.3054 
0.596138 -0.00286489 0.802877 10.4906 0.0170629 0.999813 -0.00910176 -0.848419 -0.8027 0.0191253 0.596076 81.8395 
0.566069 0.0064944 0.824332 11.2295 0.0155733 0.999706 -0.0185704 -0.868199 -0.824211 0.0233497 0.565801 82.3608 
0.535372 0.0149066 0.844485 11.9884 0.014289 0.999541 -0.0267023 -0.889927 -0.844496 0.0263625 0.534913 82.8578 
0.503891 0.0198183 0.86354 12.7804 0.0120052 0.999479 -0.0299435 -0.916549 -0.863683 0.0254552 0.503391 83.3316 
0.471483 0.0196869 0.881655 13.5898 0.00962037 0.999576 -0.0274648 -0.947622 -0.881823 0.021431 0.471094 83.778 
0.438289 0.0184798 0.898644 14.4174 0.00485033 0.999725 -0.0229242 -0.980613 -0.898821 0.0144061 0.438079 84.2006 
0.404324 0.0195614 0.914406 15.2723 0.000700854 0.999764 -0.0216974 -1.01467 -0.914615 0.00941362 0.404215 84.5863 
0.369318 0.0228639 0.929022 16.1356 -0.00640457 0.999736 -0.0220583 -1.04125 -0.929281 0.00219652 0.369367 84.9515 
0.333592 0.025101 0.942383 17.0176 -0.0115093 0.999679 -0.022553 -1.06925 -0.942647 -0.0033227 0.333774 85.2854 
0.297871 0.0241324 0.954301 17.9138 -0.0139915 0.999683 -0.0209129 -1.10316 -0.954504 -0.00712277 0.298114 85.578 
0.261808 0.0241246 0.964818 18.8412 -0.0149179 0.999669 -0.020948 -1.12694 -0.965005 -0.00890868 0.262081 85.8382 
0.225737 0.023325 0.973909 19.7761 -0.0142803 0.999685 -0.0206325 -1.15857 -0.974084 -0.00925021 0.225999 86.0722 
0.190318 0.0222719 0.98147 20.7149 -0.0123549 0.999718 -0.0202903 -1.18022 -0.981645 -0.00826441 0.190539 86.2719 
0.15597 0.0210827 0.987537 21.6761 -0.00415579 0.999777 -0.0206878 -1.21256 -0.987753 -0.000877319 0.156023 86.4207 
0.122719 0.0244207 0.992141 22.6417 -0.00174273 0.999701 -0.0243913 -1.24377 -0.99244 0.00126424 0.122724 86.5364 
0.0898576 0.0295972 0.995515 23.6009 -0.000858393 0.99956 -0.0296401 -1.27332 -0.995954 0.00180884 0.0898435 86.6357 
0.0606272 0.033207 0.997608 24.5627 0.0057294 0.999418 -0.0336155 -1.30912 -0.998144 0.00775371 0.0604017 86.6997 
0.0348855 0.0314164 0.998897 25.5379 0.00741301 0.99947 -0.0316934 -1.34589 -0.999364 0.00851048 0.0346341 86.7432 
0.0125524 0.0282734 0.999521 26.5202 0.00951283 0.999551 -0.0283938 -1.38503 -0.999876 0.00986468 0.0122778 86.7629 
-0.00615862 0.0258412 0.999647 27.507 0.00951209 0.999622 -0.025782 -1.42031 -0.999936 0.00934995 -0.0064021 86.7666 
-0.0234677 0.0289419 0.999305 28.4902 0.0109652 0.999528 -0.0286909 -1.45732 -0.999664 0.0102843 -0.023774 86.7572 
-0.0382078 0.0336154 0.998704 29.4818 0.0133409 0.999362 -0.0331272 -1.48902 -0.999181 0.0120579 -0.0386319 86.7278 
-0.050167 0.0387139 0.99799 30.473 0.017811 0.999124 -0.0378627 -1.53018 -0.998582 0.0158757 -0.0508126 86.6815 
-0.0590326 0.0420822 0.997369 31.4569 0.0226719 0.99891 -0.0408054 -1.57901 -0.997998 0.0202034 -0.0599223 86.6298 
-0.0650288 0.0469804 0.996777 32.4655 0.0265709 0.998618 -0.0453338 -1.64016 -0.997529 0.0235373 -0.0661873 86.5667 
-0.0689125 0.0515553 0.99629 33.459 0.0278736 0.998373 -0.0497353 -1.69628 -0.997233 0.0243428 -0.0702374 86.5119 
-0.072128 0.0556544 0.995841 34.4647 0.0303078 0.998103 -0.0535857 -1.75135 -0.996935 0.0263167 -0.073678 86.4559 
-0.0747631 0.0586527 0.995475 35.4652 0.0302632 0.997942 -0.0565253 -1.8116 -0.996742 0.0259003 -0.0763843 86.3898 
-0.0766849 0.0618318 0.995136 36.4693 0.0316933 0.997722 -0.0595503 -1.88462 -0.996551 0.0269726 -0.0784698 86.3086 
-0.0788133 0.0650349 0.994766 37.4808 0.0330808 0.997491 -0.0625922 -1.95873 -0.99634 0.0279746 -0.0807669 86.2433 
-0.0809127 0.0666634 0.994489 38.512 0.0356041 0.997317 -0.0639562 -2.02775 -0.996085 0.030233 -0.0830692 86.1652 
-0.0826845 0.0649674 0.994456 39.5242 0.0356791 0.997426 -0.0621949 -2.10668 -0.995937 0.0303387 -0.0847897 86.0838 
-0.0844268 0.0647693 0.994322 40.537 0.0355246 0.997446 -0.0619565 -2.18004 -0.995796 0.0300921 -0.0865121 86.0018 
-0.0864313 0.0662137 0.994055 41.5869 0.0351239 0.997371 -0.0633807 -2.24533 -0.995638 0.029437 -0.0885298 85.9077 
-0.0887844 0.0683507 0.993703 42.6046 0.0340925 0.997267 -0.0655498 -2.31912 -0.995467 0.0280581 -0.090872 85.8285 
-0.0912058 0.0711052 0.99329 43.6498 0.0325049 0.997129 -0.0683954 -2.38699 -0.995301 0.0260488 -0.0932552 85.7371 
-0.0935111 0.0746297 0.992817 44.7015 0.0303647 0.996936 -0.0720794 -2.46721 -0.995155 0.0234064 -0.0954908 85.6428 
-0.0954354 0.0785577 0.992331 45.7396 0.027282 0.996713 -0.0762809 -2.55537 -0.995062 0.0197929 -0.097265 85.5485 
-0.0980342 0.080897 0.99189 46.7786 0.0248547 0.996579 -0.0788229 -2.63975 -0.994873 0.0169257 -0.0997095 85.4589 
-0.100577 0.0793269 0.991762 47.8177 0.0229843 0.996736 -0.0773939 -2.72794 -0.994664 0.0150109 -0.102072 85.3604 
-0.103512 0.0753148 0.991773 48.8755 0.0201656 0.997083 -0.0736134 -2.81344 -0.994424 0.0123799 -0.104729 85.2655 
-0.10587 0.0738457 0.991634 49.9188 0.0200932 0.997194 -0.0721146 -2.8962 -0.994177 0.0122904 -0.107056 85.169 
-0.107684 0.0741502 0.991416 50.9721 0.0192997 0.997183 -0.0724853 -2.98219 -0.993998 0.0113285 -0.108812 85.0671 
-0.108771 0.0768161 0.991094 52.0295 0.0207592 0.996968 -0.0749931 -3.06641 -0.99385 0.0124173 -0.110036 84.9622 
-0.109513 0.0796204 0.990791 53.0867 0.0210438 0.996749 -0.0777732 -3.15354 -0.993763 0.0123328 -0.110832 84.8584 
-0.110031 0.0804496 0.990667 54.1302 0.019527 0.996701 -0.0787709 -3.24037 -0.993736 0.0106775 -0.111239 84.7609 
-0.109709 0.0791059 0.990811 55.1979 0.0166976 0.996834 -0.077738 -3.33215 -0.993823 0.00801569 -0.110682 84.6623 
-0.109658 0.0783529 0.990876 56.2689 0.012846 0.996917 -0.077409 -3.42584 -0.993886 0.00424027 -0.110326 84.5567 
-0.109583 0.079326 0.990807 57.3428 0.00914651 0.996849 -0.0787982 -3.5184 -0.993935 0.000427504 -0.109963 84.456 
-0.109862 0.0795451 0.990759 58.411 0.00497389 0.996824 -0.0794806 -3.60903 -0.993934 -0.00380396 -0.109909 84.3553 
-0.110551 0.0789171 0.990732 59.4899 0.00164801 0.996856 -0.079221 -3.70408 -0.993869 -0.00712521 -0.110333 84.2601 
-0.110757 0.0737785 0.991105 60.5613 0.00230132 0.997257 -0.0739793 -3.79343 -0.993845 -0.00591287 -0.110623 84.1551 
-0.111253 0.0650526 0.991661 61.6669 0.00527858 0.99788 -0.0648684 -3.87838 -0.993778 -0.00198226 -0.111361 84.0508 
-0.111178 0.0592426 0.992033 62.7594 0.011128 0.998233 -0.0583658 -3.9624 -0.993738 0.00455035 -0.11164 83.941 
-0.110583 0.0615834 0.991957 63.8494 0.0195807 0.99802 -0.059777 -4.03502 -0.993674 0.0128128 -0.11157 83.8261 
-0.109487 0.0670309 0.991725 64.9449 0.0248274 0.997597 -0.0646868 -4.10838 -0.993678 0.0175396 -0.110888 83.7144 
-0.108417 0.0726135 0.99145 66.0449 0.0285957 0.997144 -0.0699036 -4.18989 -0.993694 0.0207725 -0.110183 83.603 
-0.107846 0.0767598 0.9912 67.1481 0.0288262 0.996837 -0.07406 -4.27709 -0.99375 0.0205855 -0.109718 83.4946 
-0.107717 0.0739229 0.991429 68.2736 0.0258543 0.997103 -0.0715369 -4.36928 -0.993845 0.017927 -0.109316 83.3895 
-0.107507 0.069229 0.991791 69.4123 0.0250336 0.997445 -0.0669101 -4.45923 -0.993889 0.0176347 -0.108966 83.2818 
-0.107027 0.0674225 0.991967 70.5575 0.0227003 0.997604 -0.0653565 -4.53757 -0.993997 0.015523 -0.108301 83.173 
-0.106862 0.0679694 0.991948 71.7008 0.021053 0.997592 -0.0660881 -4.62623 -0.994051 0.0138212 -0.108035 83.0664 
-0.107167 0.0728576 0.991568 72.8238 0.0221382 0.997239 -0.0708818 -4.7144 -0.993994 0.0143554 -0.108484 82.9816 
-0.106281 0.0757176 0.991449 73.9756 0.0219727 0.997032 -0.0737886 -4.7972 -0.994093 0.0139425 -0.107629 82.8672 
-0.105669 0.0745628 0.991602 75.1243 0.0226414 0.997107 -0.072564 -4.88712 -0.994143 0.0147835 -0.107052 82.754 
-0.104722 0.0676555 0.992198 76.2881 0.0247895 0.997551 -0.0654042 -4.97231 -0.994192 0.0177468 -0.106142 82.6379 
-0.105188 0.0660831 0.992254 77.4308 0.0237798 0.997671 -0.0639231 -5.05757 -0.994168 0.0168716 -0.106515 82.5284 
-0.104702 0.0693825 0.99208 78.5906 0.0213169 0.997491 -0.0675113 -5.13615 -0.994275 0.0140796 -0.105918 82.4248 
-0.104122 0.0726046 0.991911 79.7602 0.0209646 0.99727 -0.0707963 -5.21674 -0.994343 0.0134235 -0.10536 82.3115 
-0.104529 0.0722438 0.991894 80.9406 0.0200436 0.997308 -0.0705259 -5.29968 -0.99432 0.0125091 -0.105696 82.2164 
-0.104483 0.0686003 0.992158 82.1232 0.0199373 0.997562 -0.0668745 -5.39215 -0.994327 0.0127938 -0.105596 82.1079 
-0.103988 0.0674541 0.992288 83.3223 0.0213174 0.997619 -0.0655826 -5.48002 -0.99435 0.0143332 -0.105179 82.0114 
-0.102788 0.0677612 0.992393 84.5152 0.022876 0.997574 -0.0657457 -5.5669 -0.99444 0.0159441 -0.104088 81.9008 
-0.102209 0.0680895 0.99243 85.6961 0.025498 0.997506 -0.0658119 -5.64834 -0.994436 0.0185784 -0.10369 81.7954 
-0.100658 0.0680078 0.992594 86.8944 0.0255211 0.997509 -0.0657566 -5.72543 -0.994594 0.0187132 -0.102142 81.6795 
-0.0992579 0.0686646 0.99269 88.1086 0.0268163 0.997438 -0.0663118 -5.81038 -0.9947 0.0200383 -0.100845 81.5705 
-0.0981207 0.0666431 0.992941 89.3146 0.0271024 0.997564 -0.0642753 -5.90187 -0.994805 0.0206044 -0.0996879 81.4625 
-0.0970781 0.0658786 0.993094 90.5282 0.025317 0.997647 -0.0637059 -5.98736 -0.994955 0.0189578 -0.0985176 81.3578 
-0.0956705 0.065023 0.993287 91.751 0.0262464 0.997682 -0.0627828 -6.07404 -0.995067 0.0200637 -0.0971554 81.2493 
-0.0943219 0.0659732 0.993353 92.9791 0.0242654 0.997658 -0.0639551 -6.15945 -0.995246 0.0180718 -0.0957018 81.1533 
-0.0927783 0.0685082 0.993327 94.2034 0.0251275 0.997473 -0.0664473 -6.24562 -0.99537 0.018795 -0.0942653 81.0507 
-0.0917721 0.0675923 0.993483 95.4349 0.0227016 0.997576 -0.0657738 -6.32713 -0.995521 0.0165175 -0.0930841 80.9557 
-0.0912217 0.0660898 0.993635 96.6648 0.0190988 0.997728 -0.0646087 -6.4197 -0.995647 0.0130835 -0.0922767 80.8576 
-0.0911135 0.0668238 0.993596 97.9135 0.0157963 0.997717 -0.0656525 -6.51389 -0.995715 0.00971327 -0.091961 80.7677 
-0.0914461 0.0664249 0.993592 99.1622 0.0134729 0.997764 -0.0654638 -6.59682 -0.995719 0.00740016 -0.0921365 80.6726 
-0.0926943 0.0641963 0.993623 100.413 0.0103856 0.997927 -0.0635056 -6.68241 -0.99564 0.00443272 -0.0931689 80.579 
-0.0940993 0.0629616 0.99357 101.668 0.00783596 0.998014 -0.0625012 -6.76595 -0.995532 0.00190426 -0.0944058 80.4818 
-0.0955884 0.0625051 0.993456 102.938 0.00591916 0.998045 -0.0622243 -6.85171 -0.995403 -6.74913e-05 -0.0957715 80.3836 
-0.0972107 0.0627005 0.993287 104.194 0.00579419 0.998032 -0.0624331 -6.93904 -0.995247 -0.000313871 -0.0973828 80.2759 
-0.0989614 0.0614536 0.993192 105.463 0.00593673 0.99811 -0.0611665 -7.02378 -0.995073 -0.000156799 -0.0991391 80.1524 
-0.102165 0.0565129 0.993161 106.719 0.00303632 0.998398 -0.0564986 -7.11415 -0.994763 -0.00275664 -0.102173 80.0437 
-0.107035 0.0562553 0.992662 107.982 0.00240804 0.99841 -0.0563214 -7.19826 -0.994252 -0.00363801 -0.107001 79.9356 
-0.112619 0.0619273 0.991707 109.214 -0.00317733 0.998028 -0.0626829 -7.28607 -0.993633 -0.0102102 -0.1122 79.8239 
-0.119503 0.0650944 0.990697 110.446 -0.00189132 0.997832 -0.0657914 -7.36998 -0.992832 -0.00973601 -0.119121 79.6934 
-0.128345 0.0609586 0.989854 111.698 -0.000857572 0.998102 -0.0615778 -7.46437 -0.991729 -0.00875205 -0.128049 79.5442 
-0.138981 0.0584977 0.988566 112.95 0.00120079 0.998263 -0.0589028 -7.55784 -0.990294 -0.00699929 -0.13881 79.3801 
-0.151865 0.0591912 0.986627 114.184 0.0014563 0.998217 -0.0596625 -7.64256 -0.9884 -0.00762381 -0.151681 79.2056 
-0.165874 0.0593744 0.984358 115.4 0.00368155 0.998216 -0.05959 -7.72443 -0.98614 -0.00626046 -0.165797 79.0139 
-0.180464 0.0566819 0.981947 116.623 0.00383885 0.998371 -0.0569245 -7.8127 -0.983574 -0.00650326 -0.180388 78.813 
-0.196157 0.0592149 0.978783 117.823 0.00819815 0.998239 -0.058749 -7.89522 -0.980538 -0.00349984 -0.196297 78.5892 
-0.210824 0.0625967 0.975518 118.995 0.00862341 0.998028 -0.0621775 -7.97894 -0.977486 -0.0046962 -0.210948 78.3424 
-0.225939 0.0667412 0.971852 120.18 0.00869926 0.997749 -0.0664973 -8.05915 -0.974103 -0.0065699 -0.226011 78.0835 
-0.241953 0.0645349 0.968139 121.367 0.00506804 0.997856 -0.0652493 -8.15188 -0.970275 -0.0108807 -0.241762 77.8081 
-0.257679 0.0592003 0.964415 122.54 0.00016956 0.998124 -0.0612242 -8.23913 -0.96623 -0.0156127 -0.257206 77.5155 
-0.273668 0.0555078 0.960221 123.71 -0.00409155 0.998257 -0.0588728 -8.31942 -0.961816 -0.0200404 -0.272964 77.218 
-0.288455 0.0572999 0.955777 124.865 -0.00536439 0.998095 -0.0614559 -8.40133 -0.957478 -0.0228544 -0.287598 76.8847 
-0.302618 0.0594453 0.951256 126.017 -0.00532321 0.997932 -0.0640557 -8.48522 -0.953097 -0.0244481 -0.301676 76.532 
-0.316366 0.0614071 0.946648 127.174 -0.00381727 0.997812 -0.0660019 -8.57845 -0.94863 -0.0244943 -0.315439 76.1645 
-0.330576 0.0616499 0.941763 128.308 -0.00132538 0.997833 -0.0657856 -8.66659 -0.943778 -0.0229953 -0.329778 75.7796 
-0.344711 0.0595482 0.936818 129.443 -0.00156777 0.997948 -0.0640108 -8.7595 -0.938708 -0.0235339 -0.34391 75.3828 
-0.35953 0.0580231 0.931328 130.562 -0.00240982 0.998004 -0.0631075 -8.8484 -0.933131 -0.0249333 -0.358672 74.9766 
-0.374433 0.0595395 0.92534 131.674 -0.00384701 0.997828 -0.0657603 -8.93303 -0.927246 -0.0281826 -0.373391 74.5516 
-0.389461 0.0619615 0.918956 132.792 -0.0028545 0.997649 -0.0684772 -9.01948 -0.921038 -0.0292924 -0.388369 74.1027 
-0.404122 0.0637801 0.912479 133.901 -0.00126242 0.997526 -0.0702839 -9.10601 -0.914704 -0.0295552 -0.403042 73.6375 
-0.41896 0.0662481 0.905585 134.988 0.00126678 0.997376 -0.0723771 -9.2014 -0.908004 -0.0291759 -0.417944 73.1607 
-0.433612 0.0696895 0.8984 136.077 0.000928342 0.997039 -0.076893 -9.29626 -0.901099 -0.0325077 -0.432393 72.6492 
-0.448417 0.0718771 0.89093 137.15 0.00193234 0.996837 -0.0794489 -9.39743 -0.893822 -0.0339046 -0.447137 72.1148 
-0.463743 0.0689512 0.883283 138.222 7.02826e-06 0.996967 -0.0778221 -9.49774 -0.88597 -0.0360832 -0.462337 71.5754 
-0.479991 0.0647424 0.874881 139.289 -0.00278165 0.997156 -0.0753171 -9.59888 -0.877269 -0.0385852 -0.478446 71.0242 
-0.4963 0.064701 0.865737 140.349 -0.00358819 0.997057 -0.0765723 -9.69697 -0.868144 -0.0411093 -0.494607 70.4427 
-0.512133 0.0638691 0.856528 141.409 -0.00506736 0.996989 -0.0773728 -9.79597 -0.858891 -0.0439655 -0.510267 69.8252 
-0.528097 0.0629391 0.846848 142.468 -0.00542481 0.996979 -0.0774801 -9.89837 -0.849166 -0.045511 -0.526161 69.1957 
-0.543928 0.0624145 0.836808 143.514 -0.00701908 0.996857 -0.0789144 -10.0007 -0.839103 -0.0487973 -0.54178 68.5466 
-0.559217 0.061712 0.826721 144.537 -0.00730196 0.99682 -0.0793486 -10.1054 -0.828989 -0.0504098 -0.556988 67.8789 
-0.574394 0.0591759 0.816437 145.568 -0.0073616 0.99697 -0.0774403 -10.211 -0.818546 -0.0504915 -0.572218 67.1766 
-0.589719 0.0558732 0.805673 146.591 -0.00716833 0.997202 -0.0744026 -10.3134 -0.807577 -0.049652 -0.587669 66.4532 
-0.604622 0.0542143 0.794665 147.605 -0.00664382 0.997303 -0.0730939 -10.4126 -0.796485 -0.0494738 -0.602631 65.7066 
-0.619506 0.0525155 0.783233 148.613 -0.00741794 0.997323 -0.0727375 -10.5142 -0.784957 -0.0508713 -0.617458 64.9403 
-0.634261 0.0536072 0.771258 149.592 -0.0087796 0.997029 -0.0765199 -10.6178 -0.773069 -0.055305 -0.631907 64.1644 
-0.649629 0.0531881 0.758389 150.583 -0.0111628 0.996775 -0.0794689 -10.7165 -0.76017 -0.060091 -0.64694 63.3436 
-0.665405 0.0499809 0.744808 151.541 -0.0130628 0.996823 -0.0785629 -10.8185 -0.746369 -0.0620054 -0.662638 62.5171 
-0.682052 0.0420961 0.730091 152.487 -0.016818 0.997175 -0.0732073 -10.931 -0.731111 -0.0622098 -0.679417 61.6971 
-0.699729 0.0394478 0.713318 153.417 -0.0176431 0.997216 -0.0724549 -11.0387 -0.71419 -0.0632839 -0.697085 60.8536 
-0.717429 0.0369389 0.695651 154.335 -0.0193189 0.997154 -0.0728723 -11.1348 -0.696363 -0.0657199 -0.714674 59.9462 
-0.735261 0.0328043 0.676989 155.24 -0.0230414 0.997041 -0.0733375 -11.2369 -0.677392 -0.069521 -0.73233 59.019 
-0.752207 0.0311202 0.658192 156.107 -0.0224244 0.997096 -0.0727716 -11.3389 -0.658545 -0.0694988 -0.749325 58.077 
-0.768446 0.0331212 0.639057 156.948 -0.0203985 0.996884 -0.0761954 -11.4419 -0.639589 -0.0715878 -0.765376 57.1024 
-0.783603 0.0326667 0.620403 157.758 -0.0170604 0.997109 -0.07405 -11.5478 -0.621028 -0.0686101 -0.78078 56.1033 
-0.798289 0.0341121 0.601308 158.553 -0.0128055 0.997208 -0.0735718 -11.6569 -0.602139 -0.0664316 -0.795623 55.0656 
-0.813066 0.0352268 0.581105 159.321 -0.0111291 0.997045 -0.0760128 -11.7677 -0.582066 -0.0682705 -0.810271 54.0257 
-0.826836 0.0366672 0.561246 160.058 -0.0105217 0.99669 -0.0806161 -11.8691 -0.562344 -0.0725616 -0.823713 52.9782 
-0.840257 0.037388 0.540898 160.775 -0.0075543 0.996715 -0.0806302 -11.982 -0.542136 -0.0718362 -0.837214 51.9246 
-0.852499 0.0351364 0.521547 161.464 -0.00646265 0.996954 -0.077728 -12.1006 -0.522689 -0.0696336 -0.849675 50.8635 
-0.863369 0.0369141 0.503221 162.127 -0.00348712 0.99686 -0.0791081 -12.2175 -0.504561 -0.0700542 -0.860529 49.7907 
-0.873406 0.0396014 0.48538 162.812 -0.000943422 0.996549 -0.0830045 -12.3242 -0.486992 -0.0729545 -0.870354 48.6806 
-0.882719 0.0373512 0.468414 163.443 -0.00281401 0.996398 -0.0847556 -12.4314 -0.469892 -0.0761335 -0.879434 47.5649 
-0.891561 0.0341563 0.45161 164.074 -0.00430844 0.996467 -0.0838709 -12.5598 -0.452879 -0.0767218 -0.888265 46.4393 
-0.899026 0.0318302 0.436737 164.68 -0.00531752 0.996487 -0.0835721 -12.6972 -0.437863 -0.0774558 -0.895699 45.2605 
-0.906182 0.0295738 0.421853 165.278 -0.0059318 0.996565 -0.0826059 -12.8304 -0.422846 -0.0773583 -0.902893 44.0948 
-0.912714 0.0267178 0.407724 165.828 -0.0071753 0.996658 -0.0813724 -12.9623 -0.408536 -0.0771953 -0.909472 42.9441 
-0.918805 0.0216905 0.394116 166.394 -0.00979553 0.996928 -0.0777032 -13.0788 -0.394591 -0.0752546 -0.91577 41.7536 
-0.924112 0.0185049 0.381674 166.915 -0.01075 0.997172 -0.0743744 -13.1884 -0.381971 -0.0728332 -0.9213 40.5719 
-0.9286 0.0186001 0.370616 167.415 -0.00854753 0.997406 -0.0714732 -13.2919 -0.370984 -0.0695379 -0.926032 39.3755 
-0.931817 0.0225497 0.362228 167.886 -0.00408121 0.997354 -0.0725868 -13.4023 -0.362907 -0.0691159 -0.929259 38.1789 
-0.934289 0.0274936 0.355455 168.351 0.00101576 0.997223 -0.074463 -13.5023 -0.356515 -0.0692089 -0.931722 36.9985 
-0.93623 0.030627 0.350049 168.814 0.00374748 0.997008 -0.0772089 -13.6009 -0.351366 -0.0709736 -0.933544 35.8147 
-0.938163 0.0274611 0.345103 169.28 0.00119765 0.9971 -0.076087 -13.7039 -0.346192 -0.0709687 -0.935475 34.6211 
-0.940135 0.0202925 0.340197 169.742 -0.00468977 0.997361 -0.0724521 -13.8084 -0.34077 -0.0697102 -0.937559 33.427 
-0.941949 0.0142603 0.335453 170.203 -0.0102303 0.997415 -0.0711274 -13.9081 -0.3356 -0.0704301 -0.939368 32.2133 
-0.94358 0.00782654 0.33105 170.656 -0.017113 0.997232 -0.0723528 -14.0096 -0.330701 -0.073936 -0.940835 30.9969 
-0.945073 0.0053522 0.326815 171.115 -0.0202853 0.996978 -0.0749876 -14.1147 -0.326229 -0.0774983 -0.942109 29.7913 
-0.945732 0.00569 0.324896 171.547 -0.0206694 0.996768 -0.0776227 -14.2154 -0.324288 -0.0801257 -0.942559 28.5875 
-0.946041 0.0059089 0.323993 171.981 -0.0211796 0.996568 -0.0800184 -14.3138 -0.323355 -0.0825627 -0.942669 27.4048 
-0.946005 0.00853028 0.324039 172.413 -0.019146 0.996438 -0.0821263 -14.4196 -0.323585 -0.083896 -0.942472 26.2105 
-0.945649 0.00913247 0.325061 172.851 -0.0193524 0.996253 -0.0842885 -14.5311 -0.324613 -0.0859981 -0.941929 25.0068 
-0.945296 0.0100175 0.326059 173.287 -0.0190713 0.996122 -0.0858945 -14.6521 -0.325655 -0.0874141 -0.941439 23.7966 
-0.944889 0.0120202 0.32717 173.723 -0.0167482 0.996243 -0.0849718 -14.7756 -0.326963 -0.0857684 -0.941137 22.6178 
-0.944248 0.0107856 0.329057 174.159 -0.0183918 0.996174 -0.0854283 -14.8958 -0.32872 -0.0867175 -0.940438 21.436 
-0.943084 0.00847315 0.332446 174.606 -0.0214933 0.996032 -0.0863584 -15.0089 -0.331859 -0.0885886 -0.93916 20.2617 
-0.941306 0.00725706 0.337477 175.047 -0.0225074 0.996195 -0.0842008 -15.1251 -0.336804 -0.0868544 -0.93756 19.0619 
-0.939722 0.00403164 0.341916 175.515 -0.0252638 0.996379 -0.0811839 -15.2493 -0.341005 -0.0849284 -0.936217 17.8979 
-0.937177 0.00160591 0.348851 175.974 -0.0276189 0.996509 -0.0787847 -15.3559 -0.34776 -0.08347 -0.933861 16.714 
-0.934849 0.00348269 0.355028 176.446 -0.026335 0.996517 -0.07912 -15.4622 -0.354067 -0.0833149 -0.931501 15.5501 
-0.931853 0.00366608 0.362818 176.916 -0.0269214 0.996494 -0.0792132 -15.5714 -0.361836 -0.0835826 -0.928487 14.4092 
-0.928458 0.00597124 0.37139 177.401 -0.0259794 0.996378 -0.0809671 -15.683 -0.370529 -0.084823 -0.92494 13.2689 
-0.924385 0.00712061 0.381394 177.894 -0.0254785 0.99644 -0.0803558 -15.7868 -0.380609 -0.0839971 -0.920913 12.1165 
-0.919482 0.00804294 0.393051 178.406 -0.0262018 0.996314 -0.0816826 -15.905 -0.392259 -0.0854043 -0.915882 10.9721 
-0.913611 0.0106913 0.406449 178.926 -0.0250957 0.996265 -0.0826157 -16.0139 -0.405815 -0.0856787 -0.909931 9.8186 
-0.90816 0.0124825 0.418437 179.479 -0.0245602 0.996245 -0.0830237 -16.1205 -0.417902 -0.0856757 -0.904443 8.68782 
-0.902007 0.0111201 0.431579 180.048 -0.0262645 0.996403 -0.0805668 -16.2335 -0.430923 -0.084007 -0.89847 7.54546 
-0.896007 0.0144794 0.443804 180.64 -0.0240499 0.996419 -0.0810639 -16.3415 -0.443388 -0.0833073 -0.89245 6.40648 
-0.889463 0.0162093 0.456719 181.226 -0.0229887 0.996519 -0.0801379 -16.4495 -0.456428 -0.081779 -0.885994 5.29161 
-0.883102 0.017604 0.46885 181.841 -0.021279 0.996765 -0.077506 -16.5604 -0.468698 -0.0784224 -0.879871 4.23105 
-0.875947 0.0194149 0.482015 182.448 -0.0183185 0.99713 -0.0734525 -16.6831 -0.482058 -0.0731703 -0.873078 3.16907 
-0.868051 0.0221955 0.495978 183.076 -0.0157273 0.997269 -0.0721544 -16.7737 -0.496226 -0.0704341 -0.865332 2.10724 
-0.85946 0.0251271 0.510585 183.709 -0.0125185 0.997457 -0.0701595 -16.8868 -0.51105 -0.0666911 -0.85696 1.07261 
-0.849917 0.0270858 0.52622 184.385 -0.0117452 0.997456 -0.0703117 -16.9735 -0.526786 -0.0659397 -0.847437 0.0307702 
-0.840122 0.0294206 0.541599 185.058 -0.00978832 0.997543 -0.0693719 -17.0709 -0.542309 -0.0635822 -0.83777 -0.967789 
-0.829104 0.0312992 0.558217 185.749 -0.00857061 0.997603 -0.0686652 -17.1646 -0.559028 -0.0617149 -0.826849 -1.9766 
-0.817808 0.0332086 0.574531 186.468 -0.00748319 0.997636 -0.0683164 -17.2606 -0.575442 -0.0601691 -0.815626 -2.96946 
-0.805205 0.0362106 0.59189 187.223 -0.00533112 0.997651 -0.0682867 -17.3442 -0.592973 -0.0581402 -0.803121 -3.97454 
-0.792368 0.0373313 0.608899 187.98 -0.0031 0.997866 -0.0652128 -17.4426 -0.610035 -0.0535602 -0.790562 -4.91117 
-0.776119 0.0394803 0.62935 188.743 -0.000325921 0.998013 -0.0630091 -17.5357 -0.630587 -0.0491077 -0.774563 -5.89321 
-0.761436 0.0421516 0.646869 189.571 9.78105e-05 0.997891 -0.06491 -17.6097 -0.64824 -0.0493615 -0.759834 -6.78851 
-0.744507 0.0450634 0.666092 190.371 0.000768319 0.997776 -0.0666443 -17.7016 -0.667614 -0.0491054 -0.742886 -7.67159 
-0.727192 0.0458414 0.684901 191.23 -0.000732868 0.997715 -0.0675566 -17.7837 -0.686433 -0.0496286 -0.725497 -8.55749 
-0.709399 0.0460496 0.703301 192.071 -0.00126789 0.997778 -0.0666098 -17.8804 -0.704806 -0.0481446 -0.707764 -9.36026 
-0.689442 0.0447211 0.722958 192.906 -0.00211358 0.997964 -0.0637481 -17.9934 -0.724337 -0.0454787 -0.687944 -10.155 
-0.669268 0.0446982 0.741676 193.778 -0.00375114 0.997973 -0.0635293 -18.0918 -0.743012 -0.0453002 -0.667743 -10.9208 
-0.648869 0.0446506 0.759589 194.687 -0.00655684 0.997912 -0.064261 -18.1659 -0.760872 -0.0466775 -0.647221 -11.6751 
-0.628433 0.0453228 0.776542 195.608 -0.00727673 0.997915 -0.0641321 -18.238 -0.77783 -0.0459534 -0.626793 -12.3886 
-0.605912 0.0456584 0.79422 196.551 -0.00842555 0.997927 -0.0637972 -18.3092 -0.795487 -0.0453472 -0.604272 -13.105 
-0.582321 0.0464163 0.811633 197.515 -0.00954247 0.99791 -0.0639157 -18.3928 -0.812903 -0.0449644 -0.58066 -13.7785 
-0.55755 0.0500117 0.828635 198.505 -0.00738532 0.997845 -0.0651935 -18.4735 -0.83011 -0.0424684 -0.55598 -14.4366 
-0.531262 0.0508758 0.845678 199.497 -0.00699682 0.997898 -0.0644288 -18.5585 -0.847178 -0.0401456 -0.52979 -15.0524 
-0.503871 0.0497076 0.862347 200.522 -0.00872232 0.997999 -0.0626235 -18.6451 -0.863735 -0.0390758 -0.50243 -15.6455 
-0.477819 0.0478154 0.877156 201.455 -0.0109632 0.998115 -0.0603813 -18.7201 -0.87839 -0.0384677 -0.476395 -16.1189 
-0.451061 0.0487996 0.891158 202.376 -0.0120731 0.998079 -0.0607654 -18.7977 -0.892411 -0.038168 -0.449606 -16.523 
-0.420524 0.0516239 0.905811 203.428 -0.0143517 0.997876 -0.0635337 -18.864 -0.907168 -0.0397174 -0.418891 -17.0035 
-0.391044 0.0531944 0.918833 204.363 -0.0145057 0.997848 -0.0639424 -18.9437 -0.920257 -0.0383326 -0.389431 -17.3901 
-0.361229 0.054179 0.930902 205.398 -0.0145632 0.997861 -0.0637273 -19.0141 -0.932363 -0.0365771 -0.359668 -17.7491 
-0.328557 0.053579 0.942963 206.502 -0.0150968 0.997964 -0.0619644 -19.108 -0.944363 -0.0345945 -0.327079 -18.1381 
-0.295278 0.0525046 0.953967 207.618 -0.0134489 0.998161 -0.0590998 -19.1919 -0.955316 -0.0302807 -0.294029 -18.474 
-0.261267 0.0514731 0.963893 208.746 -0.0149273 0.998242 -0.0573536 -19.2606 -0.965151 -0.0293729 -0.260039 -18.7691 
-0.227145 0.050809 0.972535 209.876 -0.01482 0.998342 -0.0556187 -19.3314 -0.973748 -0.0270464 -0.226015 -19.0205 
-0.191941 0.050017 0.980131 211.007 -0.0136861 0.998467 -0.053633 -19.4141 -0.981311 -0.0237085 -0.190962 -19.2427 
-0.156656 0.0496644 0.986404 212.149 -0.013476 0.998534 -0.0524155 -19.4851 -0.987561 -0.0215039 -0.155757 -19.4242 
-0.121889 0.0497595 0.991296 213.275 -0.0138516 0.99856 -0.0518274 -19.558 -0.992447 -0.0200482 -0.121024 -19.5495 
-0.0864721 0.0498756 0.995005 214.413 -0.0151085 0.998565 -0.0513672 -19.6332 -0.99614 -0.0194749 -0.0855945 -19.6432 
-0.0516503 0.0503897 0.997393 215.613 -0.0169462 0.998538 -0.0513252 -19.6887 -0.998521 -0.019553 -0.0507209 -19.7007 
-0.0185578 0.0499868 0.998577 216.784 -0.0184711 0.998562 -0.0503294 -19.7522 -0.999657 -0.0193789 -0.0176078 -19.7024 
0.0147564 0.050821 0.998599 217.926 -0.0193941 0.998534 -0.0505312 -19.8113 -0.999703 -0.0186213 0.0157204 -19.6828 
0.046968 0.0511452 0.997586 219.068 -0.0191392 0.998551 -0.0502937 -19.8722 -0.998713 -0.0167308 0.0478788 -19.6107 
0.0783069 0.0494155 0.995704 220.209 -0.0186134 0.998669 -0.048099 -19.9373 -0.996755 -0.014767 0.0791225 -19.5022 
0.109584 0.0482505 0.992806 221.359 -0.0172151 0.998763 -0.04664 -20.0011 -0.993828 -0.0119803 0.110279 -19.3683 
0.139748 0.0492279 0.988963 222.509 -0.0172149 0.998733 -0.0472817 -20.0601 -0.990037 -0.0104173 0.140419 -19.1993 
0.170015 0.0489978 0.984223 223.657 -0.0151088 0.998775 -0.0471125 -20.1224 -0.985326 -0.0068606 0.170547 -18.9984 
0.200267 0.0481584 0.978557 224.801 -0.0121323 0.998836 -0.0466736 -20.1837 -0.979666 -0.00252491 0.200619 -18.7598 
0.230433 0.0458354 0.972008 225.941 -0.00857516 0.998947 -0.0450728 -20.2507 -0.97305 0.00205112 0.230583 -18.4834 
0.260265 0.0442005 0.964525 227.074 -0.00605344 0.999007 -0.0441473 -20.3118 -0.965518 0.00565132 0.260275 -18.1683 
0.289712 0.0443532 0.956085 228.191 -0.00355056 0.998969 -0.0452668 -20.3655 -0.957107 0.0097197 0.289571 -17.8157 
0.318731 0.0434546 0.946849 229.303 -0.00253485 0.998984 -0.0449941 -20.4287 -0.947842 0.0119409 0.318517 -17.4436 
0.347205 0.0413129 0.936879 230.409 -0.00124062 0.999048 -0.0435947 -20.4888 -0.937788 0.013974 0.346926 -17.0311 
0.375284 0.0403012 0.926033 231.495 -0.000561403 0.999064 -0.0432521 -20.552 -0.926909 0.015712 0.374956 -16.5791 
0.403864 0.0414628 0.913879 232.568 0.00114116 0.998949 -0.0458268 -20.6125 -0.914818 0.0195506 0.403392 -16.0979 
0.43268 0.0429673 0.900523 233.629 0.00162302 0.998825 -0.0484376 -20.6787 -0.901546 0.0224195 0.432102 -15.5938 
0.460445 0.0413743 0.886723 234.684 0.0032432 0.998828 -0.0482893 -20.7439 -0.887682 0.0251104 0.459772 -15.0389 
0.487974 0.0385333 0.872007 235.723 0.00475975 0.998893 -0.0468039 -20.8164 -0.872845 0.0269896 0.48725 -14.471 
0.513377 0.0362439 0.857397 236.727 0.00444427 0.998982 -0.0448902 -20.8838 -0.858151 0.0268561 0.512694 -13.8594 
0.536519 0.0363967 0.843103 237.731 0.00306624 0.998979 -0.0450772 -20.9507 -0.843883 0.0267699 0.535859 -13.2016 
0.557711 0.036391 0.829237 238.734 0.00213255 0.998972 -0.0452742 -21.0154 -0.830032 0.0270183 0.55706 -12.5134 
0.577474 0.0354429 0.815639 239.7 0.00125776 0.999017 -0.044302 -21.0765 -0.816408 0.0266091 0.576862 -11.807 
0.596395 0.033096 0.802009 240.674 0.00109666 0.999115 -0.0420455 -21.1391 -0.80269 0.0259552 0.595831 -11.0737 
0.614018 0.029625 0.788736 241.626 0.00281946 0.999207 -0.0397254 -21.2022 -0.789287 0.0266159 0.613447 -10.3227 
0.631134 0.0272142 0.775196 242.587 0.0041034 0.999253 -0.0384209 -21.2581 -0.775663 0.0274297 0.630551 -9.54166 
0.64704 0.0254851 0.76203 243.53 0.00588206 0.999245 -0.0384131 -21.3097 -0.762433 0.0293371 0.646402 -8.73133 
0.662368 0.0250918 0.748758 244.434 0.0058909 0.999234 -0.0386969 -21.3658 -0.749156 0.0300424 0.661712 -7.9107 
0.677666 0.0242692 0.734969 245.317 0.0064087 0.999222 -0.0389042 -21.4159 -0.735342 0.0310742 0.676983 -7.07351 
0.692795 0.0224386 0.720786 246.204 0.00596461 0.999303 -0.0368421 -21.4635 -0.72111 0.0298232 0.692178 -6.21063 
0.707923 0.0197257 0.706014 247.082 0.00691336 0.999368 -0.0348542 -21.5146 -0.706255 0.029555 0.70734 -5.32468 
0.721842 0.0178839 0.691827 247.92 0.0075449 0.999403 -0.0337072 -21.5717 -0.692017 0.029551 0.721276 -4.41607 
0.735593 0.017544 0.677197 248.738 0.00872122 0.999336 -0.035363 -21.6231 -0.677368 0.0319187 0.734952 -3.50061 
0.748246 0.0178179 0.663182 249.551 0.00843955 0.999303 -0.0363707 -21.6649 -0.663368 0.0328112 0.747574 -2.55631 
0.760226 0.0174547 0.649424 250.348 0.00783139 0.99932 -0.0360266 -21.7153 -0.649611 0.0324742 0.759572 -1.59434 
0.771747 0.0154444 0.635742 251.138 0.00844762 0.999368 -0.034533 -21.756 -0.635874 0.0320212 0.771128 -0.614514 
0.782595 0.0125329 0.622405 251.907 0.0104407 0.999392 -0.0332521 -21.8129 -0.622443 0.0325212 0.781989 0.385723 
0.792687 0.0122014 0.609507 252.666 0.0105869 0.999373 -0.0337748 -21.8644 -0.609537 0.0332256 0.792061 1.40108 
0.801944 0.00992607 0.597317 253.419 0.0143072 0.999256 -0.0358141 -21.9159 -0.597228 0.0372668 0.801205 2.42922 
0.810721 0.00763612 0.585383 254.155 0.0158494 0.999262 -0.0349857 -21.9631 -0.585218 0.0376415 0.810002 3.4666 
0.81878 0.00417477 0.574092 254.893 0.0189807 0.99923 -0.0343371 -22.0153 -0.573793 0.0390112 0.818071 4.53147 
0.825764 0.00228434 0.564011 255.603 0.0206411 0.999199 -0.0342676 -22.0678 -0.563638 0.0399387 0.825056 5.59937 
0.831075 0.000873633 0.55616 256.307 0.021664 0.999189 -0.0339424 -22.1175 -0.555738 0.0402573 0.830382 6.69682 
0.835102 0.000228671 0.550095 257.01 0.0210467 0.999254 -0.0323667 -22.1677 -0.549692 0.0386071 0.834474 7.79766 
0.837744 -0.000474008 0.546063 257.711 0.0210315 0.999286 -0.0313982 -22.2146 -0.545658 0.0377881 0.837155 8.9128 
0.840225 -0.00100833 0.542237 258.423 0.0214338 0.999278 -0.0313547 -22.268 -0.541814 0.0379672 0.83964 10.066 
0.842779 -0.00197835 0.538255 259.125 0.0219157 0.99929 -0.0306421 -22.32 -0.537813 0.0376207 0.842224 11.193 
0.845208 -0.00554443 0.534409 259.887 0.0247962 0.999276 -0.0288499 -22.3664 -0.533862 0.0376354 0.844734 12.3888 
0.847204 -0.00635378 0.531229 260.611 0.0254577 0.999265 -0.0286484 -22.4095 -0.530656 0.0377949 0.846744 13.5536 
0.849507 -0.00704982 0.52753 261.314 0.0266192 0.99921 -0.0295132 -22.4484 -0.526905 0.039114 0.849024 14.7078 
0.851784 -0.00812024 0.52383 262.021 0.0273424 0.999206 -0.0289715 -22.4973 -0.523179 0.0390002 0.85133 15.8738 
0.85439 -0.00797554 0.519572 262.727 0.0266198 0.999241 -0.0284356 -22.5574 -0.518951 0.0381259 0.853953 17.0291 
0.856939 -0.010313 0.515314 263.509 0.0285711 0.999213 -0.0275152 -22.6281 -0.514625 0.0383019 0.85656 18.2651 
0.859009 -0.00976686 0.511867 264.185 0.0277343 0.999238 -0.0274772 -22.6792 -0.511208 0.0377994 0.858625 19.4262 
