1 2.12261e-08 -2.11895e-08 0 2.12261e-08 1 2.10703e-08 0 -2.11895e-08 2.10703e-08 1 0 
1 -0.000541791 -6.75113e-05 -0.0177427 0.000541933 0.999999 0.00149526 -0.0162529 6.66587e-05 -0.00149525 0.999999 1.34524 
0.999998 -0.00180494 0.000878056 -0.108221 0.00180394 0.999998 0.00119132 -0.0166412 -0.000880247 -0.00118969 0.999999 2.6676 
0.999995 -0.00304124 0.00124873 -0.134554 0.00304109 0.999995 0.000150419 -0.0390859 -0.00124922 -0.000146579 0.999999 4.011 
0.999992 -0.00356131 0.00189525 -0.169226 0.00356091 0.999994 0.000237368 -0.0562249 -0.00189613 -0.000230575 0.999998 5.37316 
0.999989 -0.0040978 0.00221152 -0.197042 0.0040952 0.999991 0.00119596 -0.0773057 -0.00221645 -0.00118684 0.999997 6.71897 
0.99998 -0.00553448 0.00297513 -0.226936 0.00552759 0.999982 0.00233175 -0.0968486 -0.00298802 -0.00231521 0.999993 8.04401 
0.999986 -0.0047207 0.00243582 -0.236681 0.00471438 0.999986 0.00261236 -0.1113 -0.00244815 -0.0026008 0.999994 9.42306 
0.999989 -0.00423949 0.00208897 -0.258621 0.00423828 0.999991 0.000603636 -0.124241 -0.00209155 -0.000594733 0.999998 10.7958 
0.999997 -0.00149687 0.00213257 -0.279159 0.00149992 0.999998 -0.00140671 -0.150372 -0.0021305 0.00140995 0.999997 12.1769 
0.999993 0.00200801 0.00310705 -0.313373 -0.00200081 0.999995 -0.00230791 -0.172991 -0.00311172 0.00230172 0.999993 13.5214 
0.999985 0.0043164 0.00325143 -0.340048 -0.00430987 0.999989 -0.00199891 -0.202129 -0.00326006 0.00198491 0.999993 14.875 
0.999979 0.00526505 0.00366311 -0.363638 -0.00526081 0.999986 -0.0011546 -0.224871 -0.00366918 0.00113535 0.999993 16.238 
0.999988 0.00263503 0.00404237 -0.37844 -0.00264275 0.999995 0.00191699 -0.249485 -0.00403734 -0.00192761 0.99999 17.6014 
0.999988 -0.0012661 0.00468076 -0.40245 0.00124779 0.999992 0.00392312 -0.270259 -0.00468573 -0.0039172 0.999981 18.9674 
0.999983 -0.00333882 0.00469728 -0.418997 0.00333143 0.999993 0.00158963 -0.285832 -0.0047026 -0.00157392 0.999988 20.3378 
0.999981 -0.00410698 0.0046037 -0.434518 0.00410988 0.999991 -0.000610692 -0.304037 -0.0046012 0.000629643 0.999989 21.7045 
0.999984 -0.00191665 0.00535762 -0.456539 0.00192742 0.999996 -0.00199813 -0.329575 -0.00535382 0.00200847 0.999984 23.0741 
0.999979 0.0010217 0.00636416 -0.477083 -0.00102077 1 -0.000143456 -0.345179 -0.00636435 0.000136999 0.99998 24.4458 
0.999977 0.00162701 0.00656262 -0.493075 -0.00164726 0.999994 0.00308755 -0.359999 -0.0065576 -0.00309825 0.999974 25.8136 
0.999976 -0.000317785 0.00694777 -0.499318 0.000284581 0.999989 0.00478564 -0.373628 -0.00694925 -0.00478351 0.999964 27.1952 
0.999973 -0.00368957 0.00641291 -0.507825 0.00367128 0.999989 0.00286727 -0.387197 -0.00642346 -0.00284361 0.999975 28.5687 
0.999973 -0.00392446 0.00616688 -0.528147 0.00392144 0.999992 0.000507832 -0.408723 -0.00616887 -0.000483593 0.999981 29.9281 
0.999969 -0.00405106 0.0067626 -0.542902 0.00406232 0.99999 -0.00164567 -0.435455 -0.00675591 0.00167314 0.999976 31.3139 
0.999973 -0.000710577 0.00731229 -0.565399 0.000727979 0.999997 -0.00237167 -0.462886 -0.00731062 0.00237698 0.99997 32.6928 
0.999971 -0.000143286 0.00763827 -0.585188 0.000178114 0.99999 -0.00455367 -0.484066 -0.00763758 0.00455494 0.999961 34.0896 
0.999967 0.000950704 0.00801775 -0.605138 -0.000919613 0.999992 -0.00387528 -0.510881 -0.00802142 0.00386782 0.99996 35.489 
0.999964 0.00142265 0.00841102 -0.625433 -0.00139905 0.999995 -0.00280643 -0.535106 -0.00841501 0.0027946 0.999961 36.9053 
0.999961 0.00206488 0.0085584 -0.643497 -0.00205305 0.999997 -0.00138538 -0.553775 -0.00856128 0.0013678 0.999962 38.3095 
0.999946 0.00511157 0.00909263 -0.667639 -0.00510027 0.999986 -0.00126132 -0.57335 -0.00909899 0.00121492 0.999958 39.7281 
0.999924 0.0075547 0.00976193 -0.690544 -0.00754052 0.999971 -0.00148435 -0.60137 -0.0097729 0.00141067 0.999951 41.1298 
0.999908 0.00928087 0.0099338 -0.70177 -0.00927194 0.999957 -0.000940405 -0.625888 -0.00994213 0.000848254 0.99995 42.5648 
0.999895 0.0102736 0.0102452 -0.725356 -0.0102668 0.999947 -0.000707071 -0.65092 -0.010252 0.000601852 0.999947 43.9795 
0.999909 0.00900346 0.010078 -0.742137 -0.00899595 0.999959 -0.000785136 -0.670488 -0.0100847 0.000694445 0.999949 45.416 
0.999917 0.00854093 0.00963654 -0.756621 -0.00853096 0.999963 -0.00107074 -0.694478 -0.00964538 0.000988484 0.999953 46.858 
0.999921 0.00824217 0.00944171 -0.78303 -0.00823233 0.999966 -0.00107671 -0.714086 -0.0094503 0.000998936 0.999955 48.2865 
0.99993 0.00820091 0.00848826 -0.79801 -0.008203 0.999966 0.000217305 -0.738963 -0.00848623 -0.000286878 0.999964 49.7206 
0.999929 0.00914204 0.00763611 -0.815397 -0.00913973 0.999958 -0.000332852 -0.756826 -0.00763887 0.000263078 0.999971 51.1451 
0.999938 0.00895457 0.00659678 -0.832301 -0.00895827 0.99996 0.000538387 -0.787566 -0.00659173 -0.000597407 0.999978 52.5767 
0.999939 0.00940003 0.00586743 -0.855094 -0.00940582 0.999955 0.000967884 -0.809325 -0.00585811 -0.00102297 0.999982 54.0146 
0.999951 0.00793833 0.00589636 -0.885826 -0.0079515 0.999966 0.00222002 -0.837937 -0.00587858 -0.00226675 0.99998 55.4854 
0.999962 0.00666691 0.00567466 -0.901522 -0.00668043 0.999975 0.00237552 -0.863234 -0.00565872 -0.0024133 0.999981 56.9254 
0.999977 0.00452848 0.00515374 -0.912039 -0.0045377 0.999988 0.00178767 -0.884838 -0.00514563 -0.00181097 0.999985 58.3744 
0.999982 0.00329409 0.0050884 -0.929883 -0.00330498 0.999992 0.00214057 -0.910736 -0.00508135 -0.00215731 0.999985 59.7968 
0.99998 0.00221622 0.00594705 -0.947719 -0.00223497 0.999993 0.00315534 -0.939451 -0.00594006 -0.00316852 0.999977 61.2388 
0.999978 0.00119693 0.00657912 -0.96569 -0.001222 0.999992 0.00381495 -0.962926 -0.00657454 -0.00382286 0.999971 62.6763 
0.999976 -1.10831e-05 0.00699648 -0.974733 -1.05499e-05 0.999995 0.00309803 -0.980849 -0.00699652 -0.00309799 0.999971 64.1328 
0.999969 -0.00165019 0.00769856 -1.00139 0.00163311 0.999996 0.00222972 -1.00401 -0.00770226 -0.00221703 0.999968 65.5803 
0.999966 -0.00134743 0.0081084 -1.01763 0.00133347 0.999998 0.00173243 -1.02098 -0.00811076 -0.00172152 0.999966 67.0283 
0.99996 0.000230352 0.00896349 -1.03425 -0.000243043 0.999999 0.00141956 -1.04423 -0.0089632 -0.00142164 0.999959 68.437 
0.999948 0.00368655 0.00946589 -1.04119 -0.00371103 0.99999 0.00257426 -1.06474 -0.00945635 -0.00260921 0.999952 69.9015 
0.99992 0.00675783 0.0107144 -1.063 -0.00679954 0.999969 0.00386542 -1.08376 -0.010688 -0.00393792 0.999935 71.3303 
0.999883 0.0103912 0.0111998 -1.07558 -0.0104424 0.999935 0.00452127 -1.10124 -0.0111521 -0.00463765 0.999927 72.7628 
0.999823 0.0146501 0.011807 -1.0871 -0.0147001 0.999883 0.00415851 -1.12286 -0.0117447 -0.0043313 0.999922 74.1956 
0.999759 0.0180017 0.0125349 -1.10903 -0.0180421 0.999832 0.00312286 -1.13608 -0.0124767 -0.00334823 0.999917 75.6146 
0.999719 0.0194591 0.013523 -1.12277 -0.0195011 0.999805 0.00298427 -1.15432 -0.0134623 -0.0032471 0.999904 77.0393 
0.999709 0.019835 0.0137359 -1.1255 -0.0198843 0.999796 0.00346859 -1.176 -0.0136643 -0.00374067 0.9999 78.4716 
0.999728 0.0188531 0.0137662 -1.13005 -0.0189 0.999816 0.00328648 -1.20052 -0.0137018 -0.00354572 0.9999 79.8815 
0.999754 0.017478 0.0136685 -1.14076 -0.017513 0.999844 0.00244462 -1.22498 -0.0136237 -0.00268335 0.999904 81.3185 
0.999758 0.0172362 0.0136555 -1.15644 -0.0172686 0.999848 0.00226671 -1.2503 -0.0136144 -0.00250194 0.999904 82.7371 
0.999763 0.0169666 0.0136586 -1.16674 -0.0170036 0.999852 0.00260109 -1.27163 -0.0136125 -0.00283268 0.999903 84.1238 
0.999764 0.0170954 0.0134275 -1.18005 -0.0171216 0.999852 0.00184152 -1.28126 -0.0133941 -0.00207095 0.999908 85.5197 
0.999773 0.0169712 0.0128543 -1.19005 -0.0170016 0.999853 0.00226631 -1.30436 -0.012814 -0.00248429 0.999915 86.9154 
0.999787 0.0165797 0.012335 -1.21111 -0.016616 0.999858 0.00284782 -1.32572 -0.0122861 -0.00305213 0.99992 88.3257 
0.99984 0.0138654 0.0113122 -1.22373 -0.0139116 0.999895 0.00401317 -1.3414 -0.0112555 -0.00416985 0.999928 89.7032 
0.999877 0.0119998 0.010071 -1.2286 -0.0120436 0.999918 0.00430242 -1.35577 -0.0100186 -0.00442314 0.99994 91.0847 
0.999907 0.00967368 0.00961414 -1.24562 -0.00971777 0.999942 0.00455427 -1.3774 -0.00956957 -0.00464723 0.999943 92.466 
0.999921 0.00821533 0.00955605 -1.26951 -0.00825548 0.999957 0.00417382 -1.39608 -0.0095214 -0.00425234 0.999946 93.8502 
0.999929 0.00718461 0.00954039 -1.27796 -0.00722114 0.999967 0.00380377 -1.41724 -0.00951278 -0.00387235 0.999947 95.2337 
0.999925 0.00761153 0.00960856 -1.29539 -0.00764148 0.999966 0.00308765 -1.43404 -0.00958478 -0.0031608 0.999949 96.6062 
0.999928 0.00702176 0.00970892 -1.30776 -0.00704533 0.999972 0.00239936 -1.45205 -0.00969185 -0.00246755 0.99995 97.9606 
0.999926 0.0074624 0.00961907 -1.32728 -0.00748155 0.99997 0.00196052 -1.47053 -0.0096042 -0.0020323 0.999952 99.3344 
0.999907 0.00910657 0.0101542 -1.34674 -0.00912949 0.999956 0.00221745 -1.49637 -0.0101336 -0.0023099 0.999946 100.715 
0.999899 0.00925925 0.0107912 -1.37066 -0.00929878 0.99995 0.0036229 -1.512 -0.0107572 -0.00372284 0.999935 102.092 
0.999884 0.010298 0.0112107 -1.39083 -0.0103567 0.999933 0.0051947 -1.53852 -0.0111565 -0.00531016 0.999924 103.458 
0.999888 0.00943686 0.0115833 -1.40391 -0.0094825 0.999947 0.00389575 -1.56132 -0.0115459 -0.00400512 0.999925 104.822 
0.999882 0.00952522 0.0120712 -1.42249 -0.00954271 0.999954 0.00139564 -1.57678 -0.0120574 -0.00151062 0.999926 106.169 
0.999888 0.00879396 0.0121179 -1.42812 -0.00879871 0.999961 0.000342124 -1.5992 -0.0121144 -0.000448666 0.999927 107.514 
0.999901 0.00667369 0.0123519 -1.43772 -0.00669312 0.999976 0.00153589 -1.61832 -0.0123414 -0.00161837 0.999923 108.858 
0.999906 0.0040177 0.0130903 -1.44711 -0.00406738 0.999985 0.00377406 -1.64027 -0.0130749 -0.00382691 0.999907 110.208 
0.999897 0.00218879 0.0141981 -1.45585 -0.00225241 0.999988 0.00446979 -1.6644 -0.0141882 -0.00450127 0.999889 111.568 
0.999882 0.00171765 0.0152613 -1.46251 -0.00176042 0.999995 0.00279223 -1.67718 -0.0152565 -0.00281872 0.99988 112.906 
0.999868 0.00348588 0.0158847 -1.46199 -0.00349844 0.999994 0.000766105 -1.70288 -0.015882 -0.000821534 0.999874 114.243 
0.999829 0.00607356 0.0174753 -1.47315 -0.00604544 0.99998 -0.00165929 -1.71833 -0.0174851 0.0015534 0.999846 115.585 
0.99978 0.00913204 0.0188865 -1.47817 -0.009108 0.999958 -0.00135616 -1.74309 -0.0188981 0.00118388 0.999821 116.92 
0.99973 0.0104021 0.0207681 -1.49351 -0.0104133 0.999946 0.000432353 -1.76847 -0.0207625 -0.000648459 0.999784 118.269 
0.999692 0.0106025 0.0224407 -1.49688 -0.0106624 0.99994 0.00255152 -1.78868 -0.0224123 -0.00278996 0.999745 119.604 
0.999679 0.00983247 0.0233619 -1.49722 -0.00990347 0.999947 0.00292733 -1.80345 -0.0233319 -0.00315771 0.999723 120.972 
0.999646 0.0104821 0.0244366 -1.49071 -0.0105405 0.999942 0.00226547 -1.82088 -0.0244115 -0.00252221 0.999699 122.319 
0.999593 0.0117775 0.0259817 -1.48461 -0.0118314 0.999928 0.00192443 -1.84754 -0.0259572 -0.00223101 0.999661 123.664 
0.999519 0.014029 0.0276551 -1.48274 -0.0140734 0.9999 0.00141185 -1.86483 -0.0276326 -0.00180033 0.999617 125.035 
0.999457 0.0146207 0.0295469 -1.48972 -0.0146386 0.999893 0.000388615 -1.888 -0.0295381 -0.000820887 0.999563 126.399 
0.999397 0.0160724 0.0307942 -1.48711 -0.0160659 0.999871 -0.000457231 -1.90889 -0.0307976 -3.77407e-05 0.999526 127.753 
0.999358 0.0153497 0.0323697 -1.48222 -0.0153393 0.999882 -0.000570598 -1.93809 -0.0323746 7.37461e-05 0.999476 129.115 
0.999318 0.0148594 0.033815 -1.47763 -0.0148865 0.999889 0.000550487 -1.95806 -0.0338031 -0.00105346 0.999428 130.484 
0.999293 0.0137281 0.0349903 -1.46256 -0.013788 0.999904 0.00147174 -1.98148 -0.0349667 -0.0019531 0.999387 131.849 
0.999283 0.0127682 0.0356478 -1.44654 -0.0128402 0.999916 0.0017921 -2.00328 -0.035622 -0.0022485 0.999363 133.201 
0.999297 0.0107744 0.0359046 -1.42918 -0.0108546 0.999939 0.00204172 -2.02686 -0.0358804 -0.00242997 0.999353 134.557 
0.999278 0.00983421 0.0367069 -1.42856 -0.00992811 0.999948 0.00237784 -2.04275 -0.0366817 -0.00274051 0.999323 135.9 
0.999319 0.00810034 0.0359903 -1.39503 -0.00818738 0.999964 0.00227274 -2.06537 -0.0359706 -0.00256582 0.99935 137.266 
0.99934 0.00695417 0.0356624 -1.38272 -0.00702273 0.999974 0.00179872 -2.07689 -0.035649 -0.00204794 0.999362 138.64 
0.99937 0.00556407 0.0350558 -1.38405 -0.00566832 0.99998 0.00287642 -2.10558 -0.0350392 -0.00307327 0.999381 139.957 
0.999406 0.00420192 0.0341959 -1.36441 -0.00430165 0.999987 0.00284462 -2.11994 -0.0341836 -0.00298999 0.999411 141.316 
0.999444 0.00410527 0.0330855 -1.3465 -0.00420122 0.999987 0.00283223 -2.13829 -0.0330735 -0.00296962 0.999449 142.666 
0.999472 0.00426134 0.0322021 -1.33153 -0.004328 0.999989 0.002002 -2.15525 -0.0321932 -0.00214027 0.999479 144.018 
0.999491 0.00448736 0.031598 -1.32616 -0.00453969 0.999988 0.00158622 -2.17913 -0.0315906 -0.00172882 0.999499 145.362 
0.999531 0.00204184 0.0305706 -1.30281 -0.00202404 0.999998 -0.000611998 -2.20475 -0.0305718 0.000549876 0.999532 146.73 
0.999548 -0.00288861 0.0299209 -1.29732 0.00291645 0.999995 -0.000885255 -2.22719 -0.0299182 0.000972159 0.999552 148.048 
0.999517 -0.0112361 0.0289922 -1.26881 0.0111927 0.999936 0.00165913 -2.25336 -0.0290091 -0.00133378 0.999578 149.396 
0.999462 -0.0179414 0.0274428 -1.24799 0.017852 0.999835 0.00350192 -2.27759 -0.0275011 -0.00301009 0.999617 150.735 
0.999428 -0.0207554 0.0266992 -1.23593 0.0207555 0.999785 0.000275949 -2.29798 -0.0266992 0.000278405 0.999644 152.062 
0.99944 -0.0199835 0.0268393 -1.21836 0.0200681 0.999795 -0.00288332 -2.32204 -0.0267762 0.00342037 0.999636 153.401 
0.999477 -0.0167614 0.0276595 -1.20737 0.016904 0.999845 -0.00492836 -2.35034 -0.0275727 0.00539338 0.999605 154.741 
0.999448 -0.0169331 0.028587 -1.19628 0.0170708 0.999844 -0.00457592 -2.3828 -0.0285051 0.00506144 0.999581 156.08 
0.999366 -0.0202887 0.0292676 -1.17747 0.020325 0.999793 -0.000939246 -2.41198 -0.0292426 0.00153356 0.999571 157.432 
0.999232 -0.0256269 0.0296401 -1.15215 0.0255853 0.999671 0.00178323 -2.4339 -0.0296761 -0.00102347 0.999559 158.776 
0.999123 -0.0294123 0.0297972 -1.13158 0.029319 0.999564 0.00356627 -2.46067 -0.0298892 -0.00268948 0.99955 160.117 
0.999067 -0.0309961 0.0300658 -1.11286 0.0309095 0.999517 0.00333947 -2.47556 -0.0301549 -0.00240699 0.999542 161.484 
0.999071 -0.0297948 0.0311466 -1.09526 0.0296689 0.99955 0.0044997 -2.5021 -0.0312667 -0.00357139 0.999505 162.843 
0.999127 -0.0260557 0.032671 -1.08896 0.0259382 0.999656 0.00401654 -2.52941 -0.0327645 -0.00316556 0.999458 164.187 
0.999176 -0.0220223 0.0340999 -1.08878 0.0219691 0.999757 0.00193549 -2.55371 -0.0341342 -0.00118471 0.999417 165.511 
0.999216 -0.0187925 0.0348479 -1.06751 0.0187632 0.999823 0.00116872 -2.5697 -0.0348637 -0.000513909 0.999392 166.878 
0.999238 -0.0163146 0.035472 -1.04458 0.0162618 0.999866 0.00177876 -2.58391 -0.0354963 -0.00120053 0.999369 168.251 
0.999258 -0.0146134 0.0356424 -1.02337 0.0145675 0.999893 0.00154617 -2.60667 -0.0356612 -0.00102575 0.999363 169.62 
0.999297 -0.0128499 0.0352154 -0.997577 0.0128794 0.999917 -0.000609252 -2.63438 -0.0352047 0.00106242 0.99938 170.989 
0.99933 -0.00949816 0.0353535 -0.988162 0.00960849 0.99995 -0.00295104 -2.66247 -0.0353238 0.0032888 0.999371 172.335 
0.999368 -0.00441867 0.0352712 -0.973826 0.004574 0.99998 -0.00432299 -2.69037 -0.0352514 0.00448163 0.999368 173.703 
0.999347 0.00102368 0.036112 -0.966561 -0.000893902 0.999993 -0.00360839 -2.70714 -0.0361155 0.00357379 0.999341 175.1 
0.999331 0.0030752 0.0364396 -0.941782 -0.00303532 0.999995 -0.00114852 -2.74412 -0.036443 0.00103718 0.999335 176.498 
0.999302 0.00488117 0.0370369 -0.919471 -0.00491548 0.999988 0.000836487 -2.76219 -0.0370324 -0.00101792 0.999314 177.904 
0.999332 0.00139425 0.0365086 -0.898925 -0.00146099 0.999997 0.00180257 -2.78204 -0.036506 -0.00185467 0.999332 179.296 
0.99939 -0.000455617 0.0349251 -0.869561 0.000390724 0.999998 0.0018661 -2.80051 -0.034926 -0.00185127 0.999388 180.69 
0.999458 -0.00139794 0.032897 -0.837583 0.00147346 0.999996 -0.00227027 -2.82704 -0.0328937 0.00231755 0.999456 182.087 
0.999511 0.0010776 0.0312485 -0.814439 -0.000866357 0.999977 -0.00677146 -2.84894 -0.0312551 0.00674112 0.999489 183.485 
0.9995 0.00613758 0.0310299 -0.810663 -0.00590925 0.999955 -0.00744321 -2.88192 -0.0310743 0.00725617 0.999491 184.865 
0.999472 0.00941591 0.0311133 -0.801547 -0.0092184 0.999937 -0.00648424 -2.9126 -0.0311724 0.00619404 0.999495 186.279 
0.999445 0.0115579 0.0312528 -0.788827 -0.0114606 0.999929 -0.00329093 -2.93382 -0.0312887 0.00293096 0.999506 187.704 
0.999439 0.0117188 0.0313778 -0.769837 -0.0116838 0.999931 -0.00129554 -2.95718 -0.0313909 0.000928243 0.999507 189.143 
0.999442 0.0112905 0.0314218 -0.746588 -0.0112708 0.999936 -0.00080454 -2.96305 -0.0314289 0.000449985 0.999506 190.587 
0.999453 0.00933675 0.0317401 -0.723469 -0.00934883 0.999956 0.000233461 -2.98747 -0.0317365 -0.000530024 0.999496 192.033 
0.99946 0.0070709 0.0320763 -0.714833 -0.00708648 0.999975 0.000373646 -3.00418 -0.0320729 -0.000600711 0.999485 193.48 
0.999481 0.00428113 0.0319326 -0.688907 -0.00430254 0.999991 0.000602967 -3.02682 -0.0319298 -0.000740004 0.99949 194.927 
0.999467 0.00124348 0.0326083 -0.667193 -0.00130041 0.999998 0.00172611 -3.047 -0.0326062 -0.00176755 0.999467 196.375 
0.999451 -0.00329504 0.0329802 -0.638796 0.00318948 0.99999 0.00325429 -3.06669 -0.0329906 -0.00314727 0.999451 197.823 
0.999415 -0.00553867 0.0337367 -0.623215 0.00543357 0.99998 0.00320749 -3.08624 -0.0337538 -0.00302226 0.999426 199.266 
0.99942 -0.00374566 0.0338485 -0.597327 0.00379392 0.999992 -0.00136053 -3.10612 -0.0338432 0.00148821 0.999426 200.701 
0.999407 0.00323294 0.0342779 -0.581605 -0.00302176 0.999976 -0.00620973 -3.13528 -0.0342972 0.00610251 0.999393 202.135 
0.999297 0.0121054 0.0354948 -0.569532 -0.0118895 0.99991 -0.00628683 -3.16423 -0.0355678 0.00586043 0.99935 203.563 
0.999126 0.0199266 0.0367399 -0.562411 -0.0198395 0.999799 -0.00273065 -3.19189 -0.036787 0.00199941 0.999321 205.005 
0.999073 0.0209242 0.0376095 -0.539498 -0.0209094 0.999781 -0.0007848 -3.209 -0.0376177 -2.27791e-06 0.999292 206.501 
0.999122 0.019065 0.0373099 -0.511453 -0.019059 0.999818 -0.000514146 -3.2261 -0.037313 -0.000197357 0.999304 207.959 
0.99922 0.0158835 0.0361592 -0.485083 -0.0158712 0.999874 -0.000625925 -3.24751 -0.0361646 5.15877e-05 0.999346 209.419 
0.999291 0.0135756 0.0351055 -0.454431 -0.0135473 0.999908 -0.001043 -3.27501 -0.0351164 0.000566722 0.999383 210.881 
0.999285 0.014403 0.0349683 -0.437058 -0.0143625 0.999896 -0.00140858 -3.30299 -0.034985 0.000905387 0.999387 212.341 
0.999265 0.0158691 0.0349039 -0.41732 -0.0158371 0.999874 -0.00119348 -3.33016 -0.0349185 0.000639864 0.99939 213.797 
0.999242 0.0168964 0.0350724 -0.398594 -0.0169093 0.999857 7.35238e-05 -3.36195 -0.0350662 -0.000666476 0.999385 215.264 
0.999272 0.015894 0.0346834 -0.371099 -0.0158902 0.999874 -0.000383289 -3.3896 -0.0346852 -0.000168077 0.999398 216.74 
0.999261 0.0162981 0.0347996 -0.356051 -0.0162567 0.999867 -0.00147313 -3.41543 -0.034819 0.000906363 0.999393 218.212 
0.999279 0.0152204 0.0347717 -0.335461 -0.0151758 0.999884 -0.00154502 -3.43895 -0.0347912 0.00101626 0.999394 219.692 
0.999273 0.0160457 0.0345898 -0.316875 -0.0159912 0.99987 -0.00185123 -3.46171 -0.034615 0.00129679 0.9994 221.19 
0.99927 0.0159698 0.0346945 -0.306361 -0.0159098 0.999871 -0.00200418 -3.48378 -0.0347221 0.00145078 0.999396 222.685 
0.999281 0.0155657 0.0345789 -0.285343 -0.0155034 0.999878 -0.00206793 -3.51039 -0.0346069 0.00153039 0.9994 224.175 
0.999271 0.016885 0.0342549 -0.268355 -0.0168216 0.999856 -0.00213655 -3.54057 -0.0342861 0.00155882 0.999411 225.661 
0.999284 0.0164834 0.0340472 -0.241859 -0.0164211 0.999863 -0.00210703 -3.56942 -0.0340774 0.00154647 0.999418 227.173 
0.999297 0.0161699 0.0338393 -0.227416 -0.0161034 0.999868 -0.00223652 -3.58971 -0.033871 0.00169006 0.999425 228.661 
0.999294 0.0157001 0.0341286 -0.212127 -0.0156341 0.999875 -0.00220009 -3.61745 -0.0341589 0.00166501 0.999415 230.172 
0.999312 0.0142881 0.0342211 -0.189534 -0.0142211 0.999897 -0.00219737 -3.64688 -0.034249 0.00170923 0.999412 231.681 
0.999322 0.0129157 0.034477 -0.162373 -0.012865 0.999916 -0.00168919 -3.67919 -0.034496 0.00124453 0.999404 233.198 
0.999337 0.0120404 0.0343586 -0.119863 -0.0120129 0.999927 -0.00100652 -3.7037 -0.0343683 0.000593149 0.999409 234.736 
0.999336 0.0118993 0.0344457 -0.0972426 -0.0118747 0.999929 -0.000917761 -3.73065 -0.0344542 0.000508162 0.999406 236.254 
0.999327 0.0120906 0.0346456 -0.0763122 -0.0120608 0.999927 -0.00106742 -3.75446 -0.034656 0.000648886 0.999399 237.782 
0.999302 0.0131651 0.0349562 -0.051594 -0.013103 0.999912 -0.00200414 -3.78228 -0.0349796 0.00154475 0.999387 239.281 
0.999263 0.01446 0.0355579 -0.0345768 -0.0144232 0.999895 -0.00128963 -3.81008 -0.0355728 0.000775864 0.999367 240.807 
0.999238 0.0144486 0.0362523 -0.0108308 -0.0144872 0.999895 0.000803826 -3.83577 -0.0362369 -0.00132837 0.999342 242.313 
0.999217 0.0140776 0.0369858 0.0116636 -0.0141413 0.999899 0.00146115 -3.86086 -0.0369615 -0.00198299 0.999315 243.82 
0.999188 0.0146987 0.0375035 0.0393845 -0.0146965 0.999892 -0.000334919 -3.88192 -0.0375044 -0.000216481 0.999296 245.338 
0.999173 0.0148835 0.0378502 0.0693371 -0.014839 0.999889 -0.0014544 -3.91116 -0.0378677 0.000891574 0.999282 246.856 
0.999145 0.0155085 0.0383152 0.092234 -0.015471 0.99988 -0.00127225 -3.93225 -0.0383303 0.000678432 0.999265 248.382 
0.999179 0.0148711 0.0376868 0.135821 -0.014876 0.999889 -0.000150312 -3.95728 -0.0376849 -0.000410399 0.99929 249.946 
0.999189 0.015127 0.0373183 0.169955 -0.0151466 0.999885 0.000243521 -3.9819 -0.0373104 -0.000808528 0.999303 251.491 
0.99919 0.0154118 0.037179 0.201485 -0.0154274 0.999881 0.000134076 -4.00609 -0.0371725 -0.0007075 0.999309 253.036 
0.999155 0.0169461 0.0374555 0.229021 -0.0169627 0.999856 0.000126661 -4.02596 -0.037448 -0.000761859 0.999298 254.569 
0.999145 0.018044 0.0372005 0.265659 -0.01805 0.999837 -0.000173827 -4.04246 -0.0371976 -0.00049775 0.999308 256.118 
0.999138 0.0181782 0.0373104 0.295504 -0.0181905 0.999835 -1.07096e-05 -4.0649 -0.0373044 -0.000667951 0.999304 257.67 
0.999153 0.0168627 0.0375238 0.326712 -0.0168825 0.999857 0.000212409 -4.0913 -0.0375149 -0.000845683 0.999296 259.209 
0.999191 0.015182 0.0372282 0.364138 -0.015222 0.999884 0.000794184 -4.11175 -0.0372119 -0.00136019 0.999307 260.763 
0.999189 0.0124918 0.038286 0.376887 -0.0125689 0.999919 0.00177618 -4.14091 -0.0382608 -0.00225591 0.999265 262.303 
0.999202 0.0108384 0.0384461 0.40291 -0.010903 0.99994 0.00147184 -4.16851 -0.0384279 -0.00188981 0.99926 263.871 
0.999202 0.00993158 0.0386962 0.424207 -0.00994394 0.999951 0.000127898 -4.18731 -0.0386931 -0.000512548 0.999251 265.416 
0.999199 0.00778146 0.0392553 0.456108 -0.00787573 0.999967 0.00224846 -4.2134 -0.0392365 -0.00255579 0.999227 266.971 
0.999169 0.00651369 0.0402356 0.483926 -0.00667158 0.999971 0.00379234 -4.23604 -0.0402098 -0.00405758 0.999183 268.539 
0.999169 0.00518748 0.0404409 0.51667 -0.00531117 0.999982 0.00295265 -4.25318 -0.0404249 -0.00316494 0.999178 270.102 
0.999147 0.00548017 0.0409218 0.56086 -0.00555101 0.999983 0.00161879 -4.27242 -0.0409123 -0.00184453 0.999161 271.675 
0.999115 0.00621423 0.041591 0.601271 -0.006269 0.99998 0.00118775 -4.29292 -0.0415828 -0.00144739 0.999134 273.238 
0.999034 0.00769409 0.0432675 0.627567 -0.00776216 0.999969 0.00140644 -4.3227 -0.0432554 -0.00174089 0.999063 274.76 
0.998972 0.00902199 0.0444339 0.65466 -0.00907244 0.999958 0.00093486 -4.34199 -0.0444237 -0.00133698 0.999012 276.302 
0.998899 0.0106944 0.0456764 0.688016 -0.0107302 0.999942 0.000537649 -4.36945 -0.045668 -0.00102713 0.998956 277.846 
0.998862 0.0115208 0.0462767 0.737913 -0.0115354 0.999934 4.98474e-05 -4.38822 -0.0462731 -0.000583571 0.998929 279.424 
0.998836 0.010726 0.047036 0.769192 -0.0107259 0.999942 -0.000252584 -4.41351 -0.0470361 -0.000252174 0.998893 281.029 
0.998797 0.00923426 0.0481623 0.813858 -0.00919694 0.999957 -0.000995591 -4.43038 -0.0481695 0.000551487 0.998839 282.622 
0.998741 0.00866486 0.0494118 0.857316 -0.00864072 0.999962 -0.000701274 -4.45689 -0.0494161 0.000273478 0.998778 284.173 
0.998701 0.00768303 0.0503707 0.907112 -0.00771728 0.99997 0.000486268 -4.48725 -0.0503655 -0.000874321 0.998731 285.733 
0.998703 0.0061996 0.0505343 0.963163 -0.00625163 0.99998 0.000872502 -4.5145 -0.0505279 -0.00118725 0.998722 287.286 
0.99871 0.00553443 0.0504665 1.02205 -0.00547036 0.999984 -0.00140677 -4.54725 -0.0504735 0.00112892 0.998725 288.876 
0.998717 0.00440399 0.0504394 1.07059 -0.00423762 0.999985 -0.00340408 -4.57801 -0.0504536 0.00318601 0.998721 290.447 
0.998728 0.00421965 0.0502423 1.11062 -0.00404148 0.999985 -0.0036464 -4.59818 -0.050257 0.00343875 0.99873 291.962 
0.998789 0.00288456 0.0491189 1.15451 -0.00271279 0.99999 -0.00356238 -4.62722 -0.0491287 0.00342486 0.998787 293.514 
0.998839 0.00354069 0.048039 1.19829 -0.00334734 0.999986 -0.00410384 -4.65264 -0.0480529 0.00393832 0.998837 295.08 
0.998868 0.00445465 0.04736 1.2407 -0.00426272 0.999982 -0.00415183 -4.68244 -0.0473777 0.00394529 0.998869 296.638 
0.998888 0.0041979 0.0469656 1.27394 -0.00403223 0.999985 -0.00362078 -4.71617 -0.0469802 0.00342742 0.99889 298.176 
0.998939 0.00296979 0.0459531 1.31978 -0.00282528 0.999991 -0.00320836 -4.74709 -0.0459622 0.00307517 0.998938 299.726 
0.99898 0.00228183 0.045089 1.36424 -0.00220636 0.999996 -0.00172254 -4.77344 -0.0450928 0.00162134 0.998982 301.36 
0.999002 0.0037248 0.0445042 1.40344 -0.00371477 0.999993 -0.000307218 -4.80307 -0.0445051 0.000141629 0.999009 302.962 
0.998929 0.00449809 0.0460531 1.42005 -0.00448937 0.99999 -0.000291733 -4.82907 -0.0460539 8.47118e-05 0.998939 304.562 
0.998895 0.00502181 0.0467383 1.4648 -0.00500505 0.999987 -0.000474774 -4.85239 -0.0467401 0.000240363 0.998907 306.167 
0.998884 0.00358806 0.0470936 1.50846 -0.00356718 0.999994 -0.000526547 -4.87695 -0.0470952 0.000358009 0.99889 307.765 
0.998869 0.0013213 0.0475286 1.55964 -0.00125657 0.999998 -0.0013909 -4.90774 -0.0475304 0.00132965 0.998869 309.365 
0.998856 0.000159603 0.0478169 1.61312 4.31745e-06 0.999994 -0.00342706 -4.93233 -0.0478172 0.00342339 0.99885 311.016 
0.998865 5.74002e-05 0.0476293 1.6659 0.000141323 0.999991 -0.004168 -4.96652 -0.0476292 0.00417004 0.998856 312.629 
0.998961 0.000870313 0.0455632 1.6878 -0.000629637 0.999986 -0.00529537 -4.98698 -0.0455672 0.00526122 0.998947 314.189 
0.999037 0.00175849 0.0438472 1.71447 -0.00156213 0.999989 -0.00451096 -5.01842 -0.0438547 0.00443816 0.999028 315.799 
0.999045 0.00268059 0.0436039 1.74861 -0.00263851 0.999996 -0.00102158 -5.05277 -0.0436065 0.000905594 0.999048 317.42 
0.999027 0.000704224 0.0441002 1.7987 -0.000797896 0.999998 0.00210749 -5.07715 -0.0440986 -0.00214058 0.999025 319.058 
0.999014 0.000198275 0.0444038 1.83964 -0.000311672 0.999997 0.00254785 -5.09482 -0.0444032 -0.00255913 0.99901 320.709 
0.998997 -0.000670315 0.0447842 1.87704 0.000612818 0.999999 0.00129856 -5.11782 -0.044785 -0.00126977 0.998996 322.339 
0.998969 -0.00155265 0.0453679 1.91543 0.00149531 0.999998 0.00129868 -5.14287 -0.0453699 -0.00122946 0.99897 323.988 
0.998941 -0.00155112 0.0459855 1.95223 0.00148052 0.999998 0.00157019 -5.16961 -0.0459879 -0.0015004 0.998941 325.624 
0.998889 -0.0013263 0.0471046 1.9776 0.00125266 0.999998 0.00159363 -5.19083 -0.0471067 -0.00153281 0.998889 327.247 
0.998854 0.000392524 0.0478553 2.01776 -0.00042217 1 0.000610282 -5.22028 -0.0478551 -0.000629745 0.998854 328.912 
0.998813 0.00109175 0.0487035 2.05819 -0.0010968 0.999999 7.78089e-05 -5.24559 -0.0487034 -0.000131093 0.998813 330.548 
0.998764 -0.000335825 0.0497008 2.11075 0.00023892 0.999998 0.00195656 -5.26882 -0.0497014 -0.00194223 0.998762 332.196 
0.998744 -0.00138778 0.050095 2.16158 0.00124306 0.999995 0.00292085 -5.29864 -0.0500989 -0.00285486 0.99874 333.813 
0.998719 -0.00270743 0.0505347 2.20302 0.00260885 0.999995 0.00201745 -5.32576 -0.0505399 -0.00188298 0.99872 335.435 
0.99867 -0.000890136 0.0515596 2.23154 0.000784396 0.999998 0.00207187 -5.35126 -0.0515614 -0.00202863 0.998668 337.046 
0.998641 0.00153286 0.0520881 2.26346 -0.00151194 0.999999 -0.00044016 -5.36825 -0.0520888 0.000360849 0.998642 338.691 
0.998637 0.00293658 0.0521186 2.31075 -0.00277984 0.999991 -0.00307864 -5.4045 -0.0521272 0.0029296 0.998636 340.324 
0.998644 0.0043562 0.0518848 2.35376 -0.00423247 0.999988 -0.00249353 -5.43687 -0.051895 0.00227059 0.99865 341.929 
0.998678 0.00568031 0.0510934 2.40252 -0.00572863 0.999983 0.000800228 -5.46612 -0.051088 -0.00109182 0.998694 343.571 
0.998709 0.00649155 0.0503852 2.44753 -0.00667701 0.999972 0.00351426 -5.48885 -0.050361 -0.00384611 0.998724 345.197 
0.998741 0.00682338 0.0497063 2.50001 -0.00694505 0.999973 0.00227636 -5.5105 -0.0496895 -0.00261866 0.998761 346.786 
0.998782 0.00660277 0.0488963 2.52242 -0.00665587 0.999977 0.000924142 -5.53318 -0.0488891 -0.00124842 0.998803 348.452 
0.998858 0.00528081 0.0474757 2.55656 -0.00539747 0.999983 0.00233044 -5.55876 -0.0474626 -0.00258399 0.99887 350.092 
0.998875 0.00382519 0.0472669 2.58863 -0.00395716 0.999989 0.00269974 -5.57684 -0.0472561 -0.0028837 0.998879 351.727 
0.998892 0.00328257 0.0469491 2.63482 -0.00337023 0.999993 0.00178905 -5.59872 -0.046943 -0.00194526 0.998896 353.361 
0.998901 0.00235615 0.0468018 2.67495 -0.00240941 0.999997 0.0010825 -5.62348 -0.0467991 -0.00119403 0.998904 354.986 
0.998895 0.0021803 0.0469447 2.72341 -0.00223421 0.999997 0.00109674 -5.6518 -0.0469422 -0.00120037 0.998897 356.577 
0.998875 0.00173577 0.0473906 2.76651 -0.00178656 0.999998 0.00103037 -5.67366 -0.0473887 -0.00111383 0.998876 358.195 
0.998873 0.000936988 0.0474608 2.8167 -0.000965179 0.999999 0.000571981 -5.70133 -0.0474602 -0.000617103 0.998873 359.792 
0.998859 0.000779838 0.0477439 2.85659 -0.000780153 1 -1.11299e-05 -5.72775 -0.047744 -2.60893e-05 0.99886 361.416 
0.998845 0.000329609 0.048049 2.902 -0.000346862 1 0.000351634 -5.75961 -0.0480489 -0.000367854 0.998845 363.02 
0.998839 0.000496191 0.0481698 2.95385 -0.00049107 1 -0.000117255 -5.79567 -0.0481699 9.35054e-05 0.998839 364.637 
0.998833 -0.000636055 0.0482996 2.99598 0.000705993 0.999999 -0.00143006 -5.81969 -0.0482987 0.00146253 0.998832 366.215 
0.998825 -0.00264791 0.0483826 3.04224 0.00261961 0.999996 0.000649241 -5.84371 -0.0483842 -0.000521693 0.998829 367.814 
0.998832 -0.00409925 0.0481538 3.10528 0.00404901 0.999991 0.00114172 -5.86466 -0.0481581 -0.000945374 0.998839 369.445 
0.998812 -0.00427547 0.04854 3.14308 0.00427257 0.999991 0.000164406 -5.89016 -0.0485403 4.32212e-05 0.998821 371.058 
0.998816 -0.0039707 0.0484963 3.19853 0.00397668 0.999992 -2.58806e-05 -5.92159 -0.0484959 0.000218745 0.998823 372.65 
0.998803 -0.00239764 0.0488503 3.24093 0.0023567 0.999997 0.000896374 -5.94896 -0.0488524 -0.000780134 0.998806 374.231 
0.998772 -0.00120022 0.049531 3.27601 0.00110766 0.999998 0.00189694 -5.97762 -0.0495332 -0.00183971 0.998771 375.817 
0.998741 -0.000944543 0.0501633 3.32484 0.000859196 0.999998 0.0017238 -6.01154 -0.0501649 -0.00167848 0.99874 377.419 
0.998742 -0.0016796 0.0501189 3.37164 0.0016298 0.999998 0.00103539 -6.04214 -0.0501206 -0.000952362 0.998743 379.004 
0.998736 -0.00116039 0.0502481 3.42266 0.00113164 0.999999 0.000601275 -6.06546 -0.0502488 -0.000543611 0.998737 380.624 
0.998686 -0.000241852 0.0512541 3.46617 0.000222645 1 0.000381291 -6.09233 -0.0512542 -0.000369337 0.998686 382.22 
0.998674 0.000843988 0.0514707 3.51789 -0.000868236 1 0.000449579 -6.11771 -0.0514703 -0.00049363 0.998674 383.848 
0.998644 0.00246165 0.0519949 3.57197 -0.00249624 0.999997 0.000601084 -6.13761 -0.0519933 -0.00073002 0.998647 385.51 
0.99863 0.00374638 0.0522008 3.63504 -0.00375118 0.999993 -5.28932e-06 -6.1585 -0.0522005 -0.000190491 0.998637 387.165 
0.998653 0.0041762 0.0517153 3.70781 -0.00412512 0.999991 -0.00109359 -6.17743 -0.0517194 0.000878831 0.998661 388.82 
0.99863 0.00559237 0.0520236 3.76323 -0.00553707 0.999984 -0.00120603 -6.21037 -0.0520296 0.000916362 0.998645 390.431 
0.998613 0.0072923 0.0521384 3.83246 -0.00723876 0.999973 -0.00121492 -6.21602 -0.0521459 0.000835861 0.998639 392.099 
0.998601 0.00790429 0.0522763 3.89131 -0.00788018 0.999969 -0.000666405 -6.25062 -0.05228 0.000253567 0.998632 393.74 
0.998539 0.00909589 0.0532679 3.93187 -0.0090432 0.999958 -0.00122925 -6.27643 -0.0532769 0.000745781 0.99858 395.366 
0.998507 0.00960739 0.0537658 3.98134 -0.00956083 0.999954 -0.00112227 -6.30474 -0.0537741 0.000606594 0.998553 396.985 
0.99849 0.00906183 0.0541834 4.04139 -0.00904542 0.999959 -0.00054729 -6.33144 -0.0541861 5.63933e-05 0.998531 398.626 
0.998482 0.00861263 0.0543938 4.10172 -0.00854296 0.999962 -0.00151243 -6.36099 -0.0544049 0.00104549 0.998518 400.291 
0.998477 0.00821574 0.0545547 4.16918 -0.00808404 0.999964 -0.0026336 -6.39304 -0.0545744 0.0021886 0.998507 401.956 
0.998472 0.00653332 0.0548663 4.22249 -0.00639807 0.999976 -0.00263959 -6.42265 -0.0548823 0.00228456 0.99849 403.611 
0.998459 0.00514691 0.0552632 4.27665 -0.00508415 0.999986 -0.00127548 -6.45182 -0.0552691 0.000992584 0.998471 405.252 
0.998462 0.00369712 0.0553122 4.34104 -0.00372289 0.999993 0.000363666 -6.48226 -0.0553105 -0.000568987 0.998469 406.909 
0.998447 0.00228255 0.0556602 4.39996 -0.0022634 0.999997 -0.000406189 -6.51463 -0.055661 0.000279618 0.99845 408.557 
0.998455 0.000936421 0.0555648 4.4567 -0.000901186 0.999999 -0.000658397 -6.54964 -0.0555654 0.000607346 0.998455 410.177 
