1 2.12261e-08 -2.11895e-08 0 2.12261e-08 1 2.10703e-08 0 -2.11895e-08 2.10703e-08 1 0 
0.999997 -0.00169633 -0.00155756 -0.00798931 0.00169509 0.999998 -0.000826499 -0.0111819 0.00155892 0.000823899 0.999998 0.580753 
0.999995 -0.0023675 -0.00226231 -0.0320199 0.00236238 0.999995 -0.00228072 -0.0231503 0.00226766 0.0022754 0.999995 1.14927 
0.999988 -0.00264148 -0.00408283 -0.0455321 0.00262733 0.999991 -0.00347596 -0.0381318 0.00409193 0.00346523 0.999986 1.71941 
0.999971 -0.00485829 -0.00594684 -0.0589801 0.00482721 0.999975 -0.00523549 -0.0456983 0.00597208 0.00520667 0.999969 2.287 
0.999947 -0.00718047 -0.00739404 -0.0728869 0.00712944 0.999951 -0.00691129 -0.063604 0.00744326 0.00685825 0.999949 2.85609 
0.999928 -0.00824458 -0.00867178 -0.0978351 0.0081782 0.999937 -0.00766726 -0.0774631 0.00873441 0.00759584 0.999933 3.41313 
0.999908 -0.00873458 -0.010397 -0.106914 0.00866219 0.999938 -0.00699109 -0.0894623 0.0104573 0.00690043 0.999922 4.00448 
0.999893 -0.00901245 -0.0115194 -0.126615 0.00892612 0.999932 -0.00752801 -0.102642 0.0115864 0.00742443 0.999905 4.59796 
0.999885 -0.00843349 -0.0125825 -0.14707 0.00830697 0.999915 -0.0100777 -0.121901 0.0126664 0.00997202 0.99987 5.19892 
0.999892 -0.00623237 -0.0132831 -0.179551 0.00604454 0.999882 -0.0141374 -0.135868 0.0133696 0.0140556 0.999812 5.79906 
0.999878 -0.00490604 -0.0148177 -0.19652 0.00464043 0.999829 -0.0179097 -0.149179 0.014903 0.0178388 0.99973 6.42439 
0.999868 -0.00339696 -0.0158652 -0.224331 0.00311121 0.999833 -0.0180037 -0.159092 0.0159237 0.017952 0.999712 7.05426 
0.999854 -0.000662626 -0.0171038 -0.249585 0.00047075 0.999937 -0.0112224 -0.172141 0.0171101 0.0112127 0.999791 7.70556 
0.999841 0.000131799 -0.0178213 -0.278197 -0.000140053 1 -0.000464303 -0.1894 0.0178212 0.000466768 0.999841 8.38061 
0.999827 0.00130971 -0.0185498 -0.307228 -0.0011995 0.999982 0.00594938 -0.201149 0.0185572 -0.00592606 0.99981 9.05841 
0.999797 0.00357554 -0.0198088 -0.336477 -0.0034746 0.999981 0.00512602 -0.215231 0.0198267 -0.00505611 0.999791 9.74559 
0.999773 0.00580623 -0.0204837 -0.370476 -0.00585538 0.99998 -0.00234262 -0.220395 0.0204696 0.00246207 0.999787 10.4529 
0.99975 0.00557479 -0.0216342 -0.397673 -0.00575906 0.999948 -0.00846619 -0.221866 0.0215859 0.00858871 0.99973 11.165 
0.999727 0.00325166 -0.0231506 -0.417249 -0.00341364 0.99997 -0.00696265 -0.221658 0.0231272 0.00703982 0.999708 11.9167 
0.999714 0.0019724 -0.0238157 -0.444679 -0.00192306 0.999996 0.00209273 -0.22724 0.0238197 -0.00204629 0.999714 12.6837 
0.999715 0.00160049 -0.0238053 -0.484853 -0.00136989 0.999952 0.00969822 -0.237477 0.0238197 -0.0096628 0.99967 13.4507 
0.999707 0.000611041 -0.0242023 -0.519674 -0.000318558 0.999927 0.0120852 -0.238039 0.0242078 -0.0120739 0.999634 14.2465 
0.999697 -0.00183128 -0.024531 -0.549072 0.00209817 0.999939 0.0108567 -0.235037 0.0245096 -0.0109048 0.99964 15.0519 
0.999713 -0.00238927 -0.0238244 -0.584204 0.00258869 0.999962 0.00834138 -0.233914 0.0238035 -0.00840062 0.999681 15.883 
0.999725 -0.000131483 -0.0234649 -0.6171 0.000246652 0.999988 0.00490353 -0.234431 0.0234639 -0.00490793 0.999713 16.7175 
0.999745 -0.00314862 -0.0223678 -0.655906 0.00314711 0.999995 -0.000104258 -0.250851 0.022368 3.38797e-05 0.99975 17.5621 
0.999744 -0.00536548 -0.0219986 -0.677896 0.00522498 0.999966 -0.00644098 -0.259023 0.0220324 0.00632443 0.999737 18.4304 
0.999774 -0.00427199 -0.0208136 -0.717032 0.00403014 0.999924 -0.0116498 -0.277636 0.0208617 0.0115633 0.999716 19.3234 
0.999781 -0.00301675 -0.0206913 -0.751691 0.00275615 0.999917 -0.0126137 -0.292922 0.0207276 0.012554 0.999706 20.2347 
0.999773 -0.00298087 -0.0211015 -0.784997 0.00272815 0.999924 -0.0119967 -0.31486 0.0211357 0.0119365 0.999705 21.1613 
0.999784 -0.00121862 -0.0207556 -0.834128 0.000937766 0.999908 -0.0135379 -0.335762 0.0207701 0.0135155 0.999693 22.1093 
0.999778 0.00179014 -0.0209726 -0.87003 -0.0021169 0.999877 -0.0155708 -0.35858 0.0209421 0.0156118 0.999659 23.0622 
0.99977 0.00510453 -0.020851 -0.919163 -0.00544674 0.999851 -0.0163905 -0.383782 0.0207642 0.0165004 0.999648 24.0306 
0.999758 0.0069225 -0.0208634 -0.963171 -0.00726531 0.999839 -0.0164028 -0.40936 0.0207464 0.0165505 0.999648 25.0042 
0.999746 0.00801225 -0.0210883 -1.00594 -0.00836388 0.999827 -0.0166408 -0.439797 0.0209512 0.016813 0.999639 25.9901 
0.999739 0.00754465 -0.021576 -1.0403 -0.00790365 0.999831 -0.0166043 -0.466069 0.021447 0.0167705 0.999629 26.9829 
0.999724 0.00837377 -0.0219721 -1.08097 -0.0087112 0.999845 -0.0153087 -0.498177 0.0218405 0.0154959 0.999641 27.9829 
0.999706 0.00925219 -0.0224095 -1.12137 -0.00955748 0.999862 -0.0135564 -0.525529 0.022281 0.0137667 0.999657 28.9937 
0.999684 0.00982584 -0.0231258 -1.15801 -0.0101106 0.999874 -0.0122319 -0.55422 0.0230026 0.0124619 0.999658 30.0107 
0.99968 0.00957361 -0.0234182 -1.19919 -0.00988492 0.999864 -0.013216 -0.582123 0.0232885 0.0134433 0.999638 31.0381 
0.999649 0.0110602 -0.0240728 -1.24057 -0.0114019 0.999836 -0.0141052 -0.608634 0.0239128 0.0143747 0.999611 32.0764 
0.999647 0.0106014 -0.0243832 -1.28737 -0.0109203 0.999856 -0.0129841 -0.63934 0.024242 0.0132458 0.999618 33.1128 
0.999638 0.00987335 -0.0250361 -1.3294 -0.0101384 0.999894 -0.0104829 -0.664376 0.0249299 0.010733 0.999632 34.1699 
0.999618 0.0101348 -0.0257202 -1.37353 -0.0103143 0.999923 -0.00685519 -0.686638 0.0256487 0.0071179 0.999646 35.2299 
0.999609 0.0103851 -0.0259489 -1.43384 -0.010514 0.999933 -0.00483969 -0.703222 0.0258969 0.00511067 0.999652 36.319 
0.999598 0.010133 -0.0264974 -1.47325 -0.0102414 0.99994 -0.00396042 -0.732043 0.0264556 0.00423024 0.999641 37.3957 
0.999594 0.00965738 -0.0268251 -1.52625 -0.00980437 0.999938 -0.00535491 -0.75374 0.0267716 0.00561577 0.999626 38.4765 
0.999566 0.0102578 -0.0276313 -1.57743 -0.0104212 0.999929 -0.00577669 -0.774839 0.0275701 0.00606217 0.999602 39.5637 
0.999553 0.00984993 -0.0282205 -1.62964 -0.00997935 0.99994 -0.00445023 -0.798262 0.0281749 0.0047299 0.999592 40.6525 
0.999533 0.00970162 -0.0289664 -1.68082 -0.00977489 0.999949 -0.00239035 -0.820215 0.0289417 0.00267242 0.999578 41.7429 
0.999511 0.0097146 -0.029722 -1.72572 -0.0097204 0.999953 -5.21061e-05 -0.837972 0.02972 0.000341033 0.999558 42.8253 
0.999495 0.0110679 -0.0297892 -1.78625 -0.0110836 0.999939 -0.000361068 -0.856668 0.0297833 0.000691098 0.999556 43.911 
0.999475 0.0123591 -0.0299352 -1.84291 -0.0124876 0.999914 -0.00411081 -0.883632 0.0298818 0.00448252 0.999543 44.9869 
0.999468 0.0133724 -0.0297385 -1.8999 -0.0136075 0.999878 -0.00772065 -0.909271 0.0296316 0.00812125 0.999528 46.064 
0.999462 0.0139248 -0.0296801 -1.95315 -0.0141734 0.999866 -0.00818484 -0.931169 0.0295621 0.00860116 0.999526 47.1528 
0.999465 0.01448 -0.0293167 -2.00947 -0.0146492 0.999877 -0.00556729 -0.955546 0.0292324 0.00599382 0.999555 48.2354 
0.999461 0.0150332 -0.0291759 -2.06179 -0.0151329 0.99988 -0.00320242 -0.982936 0.0291242 0.00364226 0.999569 49.322 
0.999479 0.0136741 -0.02925 -2.11016 -0.013737 0.999904 -0.00194966 -1.00446 0.0292205 0.00235049 0.99957 50.4086 
0.999493 0.013556 -0.0288032 -2.16172 -0.0136376 0.999904 -0.00264124 -1.02974 0.0287645 0.00303275 0.999582 51.5035 
0.999507 0.0127107 -0.0287145 -2.21244 -0.0128534 0.999906 -0.00479075 -1.04556 0.0286508 0.0051575 0.999576 52.6093 
0.999516 0.0129475 -0.0283019 -2.2588 -0.0131452 0.99989 -0.00681101 -1.07129 0.0282106 0.00717979 0.999576 53.6976 
0.999544 0.0114632 -0.0279306 -2.31459 -0.0117243 0.999889 -0.00920452 -1.09726 0.027822 0.00952783 0.999568 54.803 
0.999555 0.00975338 -0.0281738 -2.35744 -0.0101028 0.999874 -0.012288 -1.13122 0.0280503 0.0125672 0.999528 55.896 
0.999581 0.00822438 -0.02776 -2.40929 -0.00862036 0.999862 -0.0141763 -1.157 0.0276396 0.0144097 0.999514 56.983 
0.999594 0.00667512 -0.0277182 -2.45441 -0.00700229 0.999907 -0.0117246 -1.18833 0.0276373 0.011914 0.999547 58.0712 
0.999598 0.00449981 -0.0279821 -2.49326 -0.00466379 0.999972 -0.00579915 -1.2171 0.0279552 0.00592736 0.999592 59.1666 
0.999606 0.00281457 -0.0279352 -2.53792 -0.00280681 0.999996 0.000315282 -1.24195 0.0279359 -0.000236706 0.99961 60.2685 
0.999609 0.00124728 -0.0279211 -2.58499 -0.00121705 0.999999 0.00109813 -1.26242 0.0279224 -0.00106368 0.99961 61.3639 
0.999608 -0.00220553 -0.0279168 -2.62788 0.00215183 0.999996 -0.00195491 -1.28042 0.0279209 0.00189411 0.999608 62.4635 
0.999593 -0.00375275 -0.0282978 -2.67496 0.0036101 0.999981 -0.00509176 -1.29992 0.0283163 0.00498757 0.999587 63.5596 
0.99959 -0.00193027 -0.0285725 -2.72072 0.00167219 0.999958 -0.00905523 -1.32729 0.0285887 0.00900378 0.999551 64.6454 
0.999584 -0.00166126 -0.0287956 -2.76925 0.00127464 0.999909 -0.0134412 -1.35234 0.0288153 0.013399 0.999495 65.7442 
0.999594 0.00133453 -0.028468 -2.82592 -0.00173181 0.999901 -0.0139366 -1.38066 0.0284466 0.0139802 0.999498 66.8697 
0.999609 0.00513496 -0.0275023 -2.89031 -0.00541726 0.999933 -0.0102017 -1.41431 0.027448 0.0103467 0.99957 67.9812 
0.999598 0.00669221 -0.0275533 -2.94066 -0.00692184 0.999942 -0.00824835 -1.44118 0.0274964 0.00843579 0.999586 69.0824 
0.999596 0.0060082 -0.027773 -2.99583 -0.00621766 0.999953 -0.00746317 -1.46897 0.0277268 0.00763288 0.999586 70.2068 
0.999603 0.00418921 -0.0278677 -3.03955 -0.00437558 0.999968 -0.00663152 -1.49798 0.027839 0.00675087 0.99959 71.3005 
0.999595 0.00306793 -0.0283006 -3.08784 -0.0032201 0.999981 -0.00533416 -1.52039 0.0282836 0.00542317 0.999585 72.3939 
0.999583 0.00145612 -0.0288505 -3.1294 -0.0015516 0.999993 -0.00328882 -1.54597 0.0288455 0.00333225 0.999578 73.4884 
0.999553 0.000274942 -0.0299097 -3.17447 -0.000319429 0.999999 -0.001484 -1.57266 0.0299092 0.00149293 0.999552 74.5913 
0.999525 -0.000518993 -0.0308242 -3.22248 0.000439696 0.999997 -0.00258063 -1.59951 0.0308254 0.00256589 0.999522 75.6831 
0.999504 -0.000172027 -0.0315088 -3.27915 -3.11043e-05 0.999979 -0.00644753 -1.62287 0.0315092 0.00644535 0.999483 76.774 
0.999467 0.000360543 -0.0326391 -3.33131 -0.000641087 0.999963 -0.00858655 -1.64783 0.0326347 0.00860295 0.99943 77.8614 
0.999446 0.00273004 -0.0331592 -3.39136 -0.00295737 0.999972 -0.00680978 -1.67791 0.0331397 0.00690412 0.999427 78.9382 
0.999416 0.0034771 -0.033982 -3.4512 -0.00356969 0.99999 -0.0026656 -1.70082 0.0339724 0.00278539 0.999419 80.0419 
0.999383 0.00489824 -0.0347819 -3.50924 -0.00485341 0.999987 0.00137192 -1.72347 0.0347881 -0.00120222 0.999394 81.1296 
0.99935 0.00572334 -0.0356048 -3.56592 -0.00566107 0.999982 0.00184843 -1.7417 0.0356147 -0.00164562 0.999364 82.2079 
0.999331 0.0055476 -0.0361473 -3.62733 -0.00556463 0.999984 -0.000371649 -1.7585 0.0361446 0.00057259 0.999346 83.287 
0.999299 0.00565114 -0.0370141 -3.68407 -0.00569375 0.999983 -0.00104717 -1.78051 0.0370075 0.00125723 0.999314 84.3548 
0.999275 0.00534379 -0.0376971 -3.73656 -0.0053983 0.999985 -0.0013455 -1.80152 0.0376892 0.00154807 0.999288 85.4097 
0.999252 0.00452369 -0.0384058 -3.78918 -0.00458108 0.999989 -0.00140749 -1.81881 0.0383989 0.00158242 0.999261 86.4594 
0.999241 0.00355578 -0.0387854 -3.85013 -0.00356477 0.999994 -0.000163725 -1.83667 0.0387846 0.000301905 0.999248 87.4909 
0.999219 0.00391967 -0.0393207 -3.90891 -0.00382171 0.999989 0.00256513 -1.86019 0.0393303 -0.00241281 0.999223 88.5032 
0.999195 0.00333129 -0.0399829 -3.96966 -0.00318924 0.999988 0.00361493 -1.88155 0.0399944 -0.00348446 0.999194 89.4805 
0.999114 0.00252598 -0.0420089 -4.02795 -0.00237082 0.99999 0.0037419 -1.90018 0.0420179 -0.00363895 0.99911 90.4438 
0.998992 0.00199758 -0.0448386 -4.08916 -0.00186724 0.999994 0.00294749 -1.92278 0.0448442 -0.00286075 0.99899 91.3859 
0.998825 0.00152105 -0.0484426 -4.14694 -0.00142268 0.999997 0.00206427 -1.94155 0.0484455 -0.00199288 0.998824 92.301 
0.998672 0.0013165 -0.0515075 -4.21222 -0.00120713 0.999997 0.00215358 -1.95812 0.0515101 -0.0020885 0.99867 93.1881 
0.998494 0.00226376 -0.05481 -4.27109 -0.00209236 0.999993 0.00318363 -1.97584 0.0548167 -0.00306411 0.998492 94.069 
0.998323 0.00307644 -0.0578124 -4.33789 -0.00282651 0.999986 0.00440352 -1.99835 0.0578251 -0.00423268 0.998318 94.9148 
0.998138 0.00373338 -0.0608768 -4.40218 -0.00337622 0.999977 0.00596806 -2.0151 0.0608976 -0.00575137 0.998127 95.7326 
0.997977 0.00549354 -0.0633457 -4.47368 -0.00508151 0.999965 0.00666303 -2.02792 0.06338 -0.00632762 0.997969 96.5342 
0.997818 0.00753496 -0.0655997 -4.54575 -0.00707593 0.999949 0.00722641 -2.04437 0.0656508 -0.00674642 0.99782 97.3027 
0.997633 0.00880732 -0.0682 -4.61614 -0.00840608 0.999946 0.00616757 -2.06127 0.0682506 -0.00557963 0.997653 98.0378 
0.997449 0.0098915 -0.0706988 -4.68186 -0.00975255 0.99995 0.00230969 -2.07503 0.070718 -0.00161426 0.997495 98.7474 
0.99726 0.0124701 -0.0729204 -4.75277 -0.0126234 0.999919 -0.00164229 -2.08621 0.072894 0.00255834 0.997336 99.422 
0.997121 0.0142009 -0.0744793 -4.8235 -0.0145537 0.999885 -0.00419581 -2.10325 0.0744111 0.00526773 0.997214 100.069 
0.997034 0.0164065 -0.075197 -4.88548 -0.0168473 0.999844 -0.00523228 -2.11624 0.0750994 0.00648367 0.997155 100.69 
0.997065 0.018655 -0.0742536 -4.94516 -0.0190694 0.999806 -0.00487627 -2.13243 0.0741482 0.00627797 0.997228 101.294 
0.997167 0.0222589 -0.0718578 -4.98996 -0.0225647 0.999739 -0.00344688 -2.14845 0.0717623 0.0050586 0.997409 101.867 
0.997489 0.0246628 -0.0663895 -5.03623 -0.0248587 0.999689 -0.00212694 -2.16229 0.0663163 0.003772 0.997792 102.424 
0.997927 0.0255314 -0.0590708 -5.07397 -0.0255771 0.999673 -1.9445e-05 -2.17592 0.059051 0.00153031 0.998254 102.952 
0.998458 0.0248726 -0.0496372 -5.09302 -0.024801 0.99969 0.00205752 -2.187 0.049673 -0.000823253 0.998765 103.47 
0.998994 0.024424 -0.0375979 -5.11369 -0.0243183 0.999699 0.00326342 -2.19679 0.0376663 -0.00234578 0.999288 103.946 
0.999424 0.0236088 -0.0243981 -5.11844 -0.0235345 0.999718 0.00332788 -2.20856 0.0244698 -0.00275172 0.999697 104.404 
0.999681 0.0235752 -0.00902937 -5.12073 -0.0235518 0.999719 0.00269129 -2.22174 0.00909024 -0.00247773 0.999956 104.841 
0.999717 0.0220856 0.00889356 -5.10814 -0.0220837 0.999756 -0.000309901 -2.23453 -0.00889828 0.000113453 0.99996 105.266 
0.999311 0.0215553 0.0302141 -5.08929 -0.0214186 0.999759 -0.00483899 -2.24641 -0.0303111 0.00418855 0.999532 105.677 
0.998313 0.0195112 0.0546792 -5.05458 -0.0190218 0.999774 -0.00945744 -2.25941 -0.0548515 0.00840143 0.998459 106.082 
0.996512 0.0172002 0.0816547 -5.00064 -0.0162546 0.999793 -0.0122302 -2.26831 -0.0818482 0.0108603 0.996586 106.475 
0.993619 0.0145234 0.111849 -4.94252 -0.0130967 0.999823 -0.0134801 -2.2799 -0.112026 0.0119293 0.993634 106.855 
0.989473 0.0121898 0.144201 -4.86155 -0.01007 0.99983 -0.0154208 -2.29242 -0.144364 0.0138064 0.989428 107.229 
0.983625 0.00965173 0.179969 -4.76771 -0.00674016 0.999836 -0.0167825 -2.30775 -0.180101 0.0152947 0.983529 107.596 
0.975824 0.00628026 0.218469 -4.66189 -0.00263356 0.999852 -0.016979 -2.32325 -0.218544 0.0159932 0.975696 107.947 
0.965941 0.00423014 0.258726 -4.54578 0.000428371 0.999839 -0.0179463 -2.33358 -0.258761 0.017446 0.965784 108.288 
0.95363 0.00504297 0.300939 -4.42198 0.000583113 0.999827 -0.0186022 -2.35177 -0.300981 0.0179151 0.953462 108.622 
0.938388 0.0071558 0.34551 -4.28544 -0.000628273 0.999819 -0.0190006 -2.36679 -0.345583 0.0176129 0.938223 108.936 
0.92061 0.00716033 0.390419 -4.13117 -0.000300965 0.999845 -0.0176275 -2.37892 -0.390484 0.0161106 0.920469 109.243 
0.90028 0.00650899 0.435262 -3.95875 0.000715083 0.999865 -0.0164311 -2.39014 -0.43531 0.0151039 0.900154 109.539 
0.876916 0.00516552 0.480616 -3.7769 0.00309275 0.999861 -0.016389 -2.40768 -0.480634 0.0158582 0.876778 109.821 
0.85139 0.00561298 0.524503 -3.58296 0.00471698 0.99982 -0.0183563 -2.42301 -0.524511 0.0181024 0.851211 110.092 
0.823478 0.00780494 0.567294 -3.37364 0.00538882 0.999753 -0.0215771 -2.43901 -0.567322 0.0208253 0.823233 110.35 
0.792275 0.012575 0.610035 -3.15297 0.00404548 0.999657 -0.0258605 -2.4535 -0.610151 0.0229565 0.791952 110.607 
0.758006 0.0187833 0.651977 -2.91474 0.000957472 0.999552 -0.0299099 -2.46166 -0.652247 0.0232962 0.757649 110.855 
0.719982 0.0236347 0.69359 -2.6605 -0.00140808 0.999468 -0.0325961 -2.47244 -0.693991 0.022492 0.719632 111.098 
0.680026 0.0239698 0.732796 -2.38333 0.00100385 0.999434 -0.033623 -2.48304 -0.733187 0.0236002 0.679617 111.32 
0.638234 0.0212995 0.769548 -2.0846 0.00524628 0.999474 -0.0320144 -2.49493 -0.769825 0.0244699 0.637786 111.527 
0.593395 0.0194807 0.804676 -1.7721 0.0062403 0.999566 -0.0288006 -2.50874 -0.804887 0.0221115 0.593015 111.728 
0.546334 0.0178728 0.837377 -1.45031 0.0068744 0.999643 -0.0258212 -2.52378 -0.83754 0.0198635 0.546016 111.907 
0.497709 0.0154149 0.867207 -1.11144 0.0084708 0.999708 -0.0226317 -2.5366 -0.867303 0.01861 0.497433 112.072 
0.446078 0.0116763 0.894918 -0.758823 0.0105772 0.999776 -0.0183167 -2.55151 -0.894932 0.0176364 0.445855 112.222 
0.393533 0.0118487 0.919234 -0.405094 0.00824246 0.999831 -0.0164163 -2.56803 -0.919274 0.0140371 0.393369 112.358 
0.341801 0.0166917 0.939624 -0.0353365 0.0040416 0.999807 -0.0192309 -2.58431 -0.939764 0.0103707 0.341668 112.475 
0.290844 0.0219171 0.956519 0.346019 0.0034839 0.999707 -0.0239659 -2.59197 -0.956764 0.0103028 0.290683 112.569 
0.243796 0.0240928 0.969527 0.737124 0.00460008 0.999651 -0.0259981 -2.60672 -0.969816 0.0107981 0.243601 112.641 
0.202212 0.0235937 0.979057 1.15433 0.0119447 0.999576 -0.0265551 -2.62151 -0.979269 0.0170643 0.201845 112.7 
0.167078 0.0235949 0.985661 1.57979 0.0195396 0.999438 -0.0272368 -2.63384 -0.98575 0.0238101 0.166523 112.74 
0.13656 0.0247341 0.990323 2.02453 0.0239333 0.999314 -0.0282589 -2.64559 -0.990343 0.0275607 0.135874 112.78 
0.108192 0.0233041 0.993857 2.49722 0.0214992 0.999437 -0.0257753 -2.66159 -0.993898 0.0241558 0.10763 112.832 
0.0826563 0.0198752 0.99638 2.98122 0.0150691 0.999662 -0.0211907 -2.67479 -0.996464 0.0167661 0.0823288 112.876 
0.0589853 0.016102 0.998129 3.48605 0.00996648 0.999811 -0.0167181 -2.68927 -0.998209 0.010934 0.0588136 112.903 
0.0361571 0.0137503 0.999252 4.00399 0.013615 0.999806 -0.0142506 -2.70671 -0.999253 0.0141201 0.0359629 112.912 
0.0155957 0.0144421 0.999774 4.53531 0.0209625 0.999671 -0.0147675 -2.72285 -0.999659 0.0211881 0.0152878 112.909 
-0.00198936 0.0167774 0.999857 5.09259 0.0257503 0.999529 -0.0167206 -2.74232 -0.999666 0.0257134 -0.00242044 112.903 
-0.0161529 0.0222434 0.999622 5.65804 0.0261521 0.99942 -0.0218163 -2.75345 -0.999528 0.0257898 -0.0167252 112.884 
-0.0269513 0.0268293 0.999277 6.25274 0.0233925 0.999383 -0.0262012 -2.76847 -0.999363 0.0226695 -0.0275622 112.874 
-0.0332507 0.0264234 0.999098 6.88427 0.0260021 0.999335 -0.0255643 -2.78454 -0.999109 0.0251286 -0.0339156 112.858 
-0.0360123 0.0232729 0.99908 7.52897 0.0320105 0.999243 -0.0221228 -2.80539 -0.998839 0.0311843 -0.03673 112.838 
-0.0354946 0.0217862 0.999132 8.19481 0.0338245 0.999216 -0.0205864 -2.82019 -0.998797 0.0330644 -0.0362037 112.826 
-0.0335823 0.0214035 0.999207 8.87869 0.0326571 0.99926 -0.0203071 -2.84171 -0.998902 0.0319493 -0.0342565 112.818 
-0.0321459 0.0214653 0.999253 9.57003 0.0290864 0.999366 -0.0205319 -2.86854 -0.99906 0.0284047 -0.0327499 112.814 
-0.0308738 0.022775 0.999264 10.2874 0.0281167 0.999365 -0.0219085 -2.88588 -0.999128 0.0274196 -0.0314945 112.807 
-0.0299976 0.0235236 0.999273 11.0207 0.0281628 0.999346 -0.0226799 -2.91025 -0.999153 0.0274619 -0.0306404 112.802 
-0.028916 0.0231213 0.999314 11.7698 0.0276518 0.999368 -0.0223224 -2.9335 -0.999199 0.0269873 -0.0295371 112.79 
-0.0284405 0.0218194 0.999357 12.5302 0.0266907 0.999422 -0.0210612 -2.95832 -0.999239 0.0260745 -0.0290065 112.79 
-0.0278654 0.0206803 0.999398 13.3135 0.0276398 0.99942 -0.01991 -2.97869 -0.99923 0.0270683 -0.0284208 112.781 
-0.0284507 0.018277 0.999428 14.1028 0.0280344 0.999454 -0.0174794 -3.00655 -0.999202 0.0275211 -0.0289475 112.772 
-0.0296609 0.0167262 0.99942 14.8954 0.0253611 0.999551 -0.0159757 -3.02907 -0.999238 0.0248726 -0.0300718 112.768 
-0.0308759 0.0153773 0.999405 15.6896 0.0247735 0.999586 -0.0146147 -3.0607 -0.999216 0.0243075 -0.0312441 112.762 
-0.032115 0.0127667 0.999403 16.4994 0.0272818 0.999557 -0.0118919 -3.0811 -0.999112 0.0268836 -0.0324491 112.746 
-0.0332252 0.0112369 0.999385 17.3204 0.028664 0.999536 -0.0102856 -3.10118 -0.999037 0.0283046 -0.0335319 112.724 
-0.0351193 0.010445 0.999329 18.1583 0.0262064 0.999611 -0.00952694 -3.12329 -0.99904 0.0258542 -0.0353793 112.717 
-0.0362646 0.0152911 0.999225 18.9857 0.022996 0.999631 -0.0144627 -3.14025 -0.999078 0.0224537 -0.0366029 112.709 
-0.0370965 0.0197505 0.999117 19.8197 0.0247624 0.999516 -0.0188389 -3.1666 -0.999005 0.0240417 -0.0375676 112.692 
-0.0380805 0.02117 0.99905 20.6667 0.0248604 0.999486 -0.0202316 -3.19368 -0.998965 0.0240663 -0.0385872 112.669 
-0.0394006 0.0189844 0.999043 21.5289 0.0214194 0.999606 -0.0181503 -3.22293 -0.998994 0.0206837 -0.0397917 112.65 
-0.0404582 0.0147433 0.999072 22.3872 0.0188521 0.999724 -0.0139895 -3.24952 -0.999003 0.0182686 -0.040725 112.637 
-0.0405811 0.00924647 0.999134 23.2429 0.01724 0.999815 -0.00855251 -3.27839 -0.999028 0.0168779 -0.040733 112.616 
-0.0412392 0.00360683 0.999143 24.1096 0.013397 0.999906 -0.00305659 -3.30053 -0.99906 0.0132595 -0.0412836 112.611 
-0.0414076 0.00207706 0.99914 24.9638 0.0105164 0.999943 -0.00164285 -3.32454 -0.999087 0.0104394 -0.0414271 112.6 
-0.0406882 0.00881691 0.999133 25.8094 0.0134748 0.999875 -0.00827468 -3.3531 -0.999081 0.0131264 -0.0408019 112.58 
-0.0395988 0.0200657 0.999014 26.6387 0.0155315 0.99969 -0.0194636 -3.37682 -0.999095 0.0147455 -0.0398981 112.561 
-0.0392165 0.0252188 0.998912 27.4725 0.0172976 0.999549 -0.0245557 -3.39794 -0.999081 0.0163158 -0.039635 112.547 
-0.0378958 0.0197092 0.999087 28.3246 0.019001 0.999639 -0.0189993 -3.42892 -0.999101 0.0182637 -0.0382566 112.528 
-0.036661 0.0117717 0.999258 29.1706 0.0223466 0.99969 -0.0109569 -3.45761 -0.999078 0.0219283 -0.0369127 112.504 
-0.0360324 0.00876164 0.999312 30.0205 0.0234164 0.999694 -0.00792062 -3.48005 -0.999076 0.0231149 -0.0362266 112.48 
-0.0361956 0.00970268 0.999298 30.8462 0.0226931 0.999703 -0.0088846 -3.5014 -0.999087 0.0223556 -0.036405 112.465 
-0.0368621 0.0105103 0.999265 31.6587 0.0197506 0.999757 -0.00978683 -3.52534 -0.999125 0.0193753 -0.0370608 112.451 
-0.0385311 0.0111403 0.999195 32.4744 0.0180029 0.999783 -0.0104526 -3.53993 -0.999095 0.0175857 -0.0387233 112.434 
-0.0409965 0.0110258 0.999098 33.294 0.0173854 0.999796 -0.0103201 -3.56489 -0.999008 0.0169466 -0.0411798 112.42 
-0.0427496 0.0112795 0.999022 34.1029 0.016848 0.999802 -0.0105673 -3.59115 -0.998944 0.0163798 -0.0429312 112.4 
-0.0448354 0.0116183 0.998927 34.9047 0.0149668 0.999828 -0.0109569 -3.61428 -0.998882 0.0144595 -0.0450016 112.383 
-0.046879 0.0109867 0.99884 35.7212 0.0131592 0.99986 -0.0103803 -3.63401 -0.998814 0.0126574 -0.047017 112.364 
-0.0487735 0.00962927 0.998763 36.5186 0.013831 0.999864 -0.00896442 -3.65826 -0.998714 0.0133766 -0.0489 112.339 
-0.0511474 0.0100282 0.998641 37.3209 0.0135347 0.999865 -0.00934721 -3.67911 -0.998599 0.0130382 -0.0512762 112.323 
-0.0524513 0.0109318 0.998564 38.1087 0.0132295 0.99986 -0.0102511 -3.70426 -0.998536 0.0126729 -0.0525886 112.289 
-0.0534017 0.0112279 0.99851 38.8941 0.0139652 0.999847 -0.010496 -3.72616 -0.998475 0.0133839 -0.0535503 112.267 
-0.0545809 0.0101377 0.998458 39.6808 0.0158366 0.999832 -0.00928592 -3.75047 -0.998384 0.0153053 -0.0547323 112.235 
-0.0557919 0.00931866 0.998399 40.4545 0.0162275 0.999833 -0.00842519 -3.77429 -0.998311 0.0157314 -0.0559338 112.203 
-0.0570616 0.00887047 0.998331 41.2213 0.0145977 0.999861 -0.00804967 -3.79652 -0.998264 0.014114 -0.0571832 112.176 
-0.05837 0.00789303 0.998264 41.9747 0.0127159 0.999894 -0.00716235 -3.81902 -0.998214 0.0122758 -0.0584641 112.151 
-0.0589618 0.00670775 0.998238 42.715 0.0116041 0.999915 -0.00603357 -3.83828 -0.998193 0.0112279 -0.0590346 112.123 
-0.0595779 0.00613844 0.998205 43.4332 0.0117075 0.999917 -0.00545016 -3.86219 -0.998155 0.0113617 -0.0596448 112.093 
-0.0599581 0.00868764 0.998163 44.1394 0.0116995 0.9999 -0.00799994 -3.88401 -0.998132 0.0111984 -0.0600537 112.066 
-0.0598774 0.0114917 0.99814 44.844 0.0118053 0.999872 -0.0108034 -3.90436 -0.998136 0.0111365 -0.0600054 112.039 
-0.0599761 0.0130019 0.998115 45.5428 0.0101602 0.999871 -0.0124142 -3.92868 -0.998148 0.00939652 -0.0601005 112.012 
-0.0598119 0.0137759 0.998115 46.2367 0.0107452 0.999856 -0.013156 -3.95205 -0.998152 0.00993801 -0.0599513 111.98 
-0.0597095 0.0136975 0.998122 46.9395 0.0122926 0.99984 -0.0129857 -3.97304 -0.99814 0.0114941 -0.0598683 111.948 
-0.059964 0.0132525 0.998113 47.6245 0.0130335 0.999837 -0.0124923 -3.9926 -0.998115 0.0122599 -0.060127 111.92 
-0.0601535 0.0134194 0.998099 48.3173 0.00934587 0.999873 -0.01288 -4.01234 -0.998145 0.00855333 -0.0602713 111.898 
-0.059558 0.0136573 0.998131 49.0013 0.0067369 0.999889 -0.0132793 -4.03465 -0.998202 0.00593342 -0.0596434 111.87 
-0.0596208 0.0122194 0.998146 49.6825 0.00871742 0.999893 -0.01172 -4.05751 -0.998183 0.00800251 -0.0597209 111.843 
-0.0604651 0.0116367 0.998103 50.3698 0.00891113 0.999899 -0.0111177 -4.07536 -0.998131 0.00822199 -0.0605626 111.813 
-0.063933 0.0110986 0.997893 51.0446 0.00615191 0.999924 -0.010727 -4.09795 -0.997935 0.00545313 -0.0639963 111.784 
-0.0690335 0.0106262 0.997558 51.7154 0.00241947 0.999942 -0.0104841 -4.12191 -0.997611 0.00168981 -0.0690552 111.754 
-0.0747272 0.0145886 0.997097 52.3943 0.00598754 0.999882 -0.0141805 -4.13784 -0.997186 0.00491049 -0.0748057 111.709 
-0.0811022 0.0175395 0.996551 53.0676 0.00836642 0.999822 -0.0169161 -4.1539 -0.996671 0.00696563 -0.0812345 111.657 
-0.0882156 0.0191468 0.995917 53.74 0.0076251 0.999799 -0.0185459 -4.17499 -0.996072 0.00595793 -0.0883439 111.606 
-0.094307 0.0182013 0.995377 54.4223 0.00409361 0.999832 -0.0178949 -4.20133 -0.995535 0.00238706 -0.0943656 111.556 
-0.0994541 0.0170981 0.994895 55.1093 0.00374233 0.999852 -0.0168091 -4.22275 -0.995035 0.00205149 -0.0995034 111.497 
-0.103952 0.017779 0.994423 55.8057 0.00136389 0.999842 -0.0177332 -4.24452 -0.994581 -0.000487125 -0.10396 111.436 
-0.108011 0.0170371 0.994004 56.5114 -0.000842634 0.999851 -0.0172289 -4.26455 -0.994149 -0.0026985 -0.107981 111.378 
-0.110589 0.0140979 0.993766 57.2246 -0.00032316 0.999899 -0.0142209 -4.28058 -0.993866 -0.00189382 -0.110573 111.312 
-0.111995 0.0109601 0.993648 57.9359 0.00163055 0.99994 -0.0108457 -4.30089 -0.993707 0.000405527 -0.112006 111.239 
-0.113256 0.00839882 0.99353 58.6591 0.00177449 0.999964 -0.00825089 -4.31786 -0.993564 0.00082855 -0.113267 111.17 
-0.114116 0.00832707 0.993433 59.3832 0.000928188 0.999965 -0.00827517 -4.33446 -0.993467 -2.22433e-05 -0.11412 111.095 
-0.114545 0.0117165 0.993349 60.1228 0.00256964 0.999931 -0.0114978 -4.35437 -0.993415 0.00123553 -0.114567 111.026 
-0.114488 0.0157756 0.993299 60.8604 0.00844528 0.999853 -0.0149062 -4.37316 -0.993389 0.0066821 -0.114605 110.944 
-0.114702 0.0206627 0.993185 61.6027 0.0161384 0.999691 -0.0189342 -4.39699 -0.993269 0.0138566 -0.115 110.858 
-0.115389 0.0218265 0.993081 62.3523 0.0167402 0.999659 -0.0200259 -4.41869 -0.993179 0.0143136 -0.115715 110.782 
-0.115548 0.0196451 0.993108 63.1034 0.0148817 0.999726 -0.0180445 -4.4439 -0.99319 0.0126941 -0.115808 110.71 
-0.115076 0.0148495 0.993246 63.8557 0.0153972 0.999795 -0.0131635 -4.46902 -0.993237 0.0137784 -0.115281 110.631 
-0.114732 0.0129886 0.993312 64.6048 0.0180078 0.999777 -0.0109931 -4.49178 -0.993233 0.0166261 -0.11494 110.55 
-0.115498 0.0128086 0.993225 65.3539 0.0183023 0.999775 -0.0107647 -4.51426 -0.993139 0.016935 -0.115707 110.473 
-0.11696 0.013453 0.993046 66.0957 0.0170365 0.999788 -0.0115378 -4.54055 -0.992991 0.0155686 -0.117164 110.399 
-0.118967 0.014385 0.992794 66.8348 0.0164763 0.999786 -0.0125119 -4.56164 -0.992761 0.0148691 -0.119179 110.323 
-0.120687 0.0146492 0.992583 67.5832 0.0181249 0.999757 -0.0125513 -4.58422 -0.992525 0.0164757 -0.120923 110.239 
-0.122187 0.0147681 0.992397 68.3251 0.0187447 0.999745 -0.0125695 -4.60703 -0.99233 0.0170663 -0.122432 110.153 
-0.123878 0.0142531 0.992195 69.0606 0.018359 0.999759 -0.0120695 -4.63053 -0.992128 0.0167205 -0.12411 110.075 
-0.125493 0.0146376 0.991987 69.8128 0.0160804 0.99979 -0.0127185 -4.65118 -0.991964 0.0143555 -0.125702 109.999 
-0.126533 0.0161738 0.991831 70.5717 0.0166106 0.999761 -0.014184 -4.67585 -0.991823 0.0146801 -0.126772 109.915 
-0.127289 0.0166293 0.991726 71.3374 0.0155971 0.999769 -0.0147622 -4.69923 -0.991743 0.013589 -0.127519 109.833 
-0.128589 0.0169418 0.991553 72.1082 0.0154102 0.999768 -0.0150836 -4.71931 -0.991578 0.0133405 -0.128821 109.751 
-0.129661 0.0152413 0.991441 72.89 0.0160769 0.999783 -0.0132669 -4.74203 -0.991428 0.0142191 -0.129877 109.666 
-0.130713 0.0128034 0.991338 73.6703 0.0134803 0.999847 -0.0111358 -4.76655 -0.991329 0.011908 -0.130866 109.581 
-0.132304 0.010963 0.991149 74.4618 0.0106868 0.999897 -0.0096332 -4.78232 -0.991152 0.00931765 -0.132407 109.495 
-0.134846 0.0104109 0.990812 75.2573 0.0120815 0.999888 -0.00886197 -4.80137 -0.990793 0.0107755 -0.134957 109.409 
-0.136553 0.0109827 0.990572 76.0492 0.0132754 0.999869 -0.00925564 -4.82306 -0.990544 0.0118863 -0.136681 109.312 
-0.138598 0.0122515 0.990273 76.855 0.0125855 0.999865 -0.0106087 -4.84163 -0.990269 0.0109927 -0.138734 109.211 
-0.140048 0.0158565 0.990018 77.6619 0.0141512 0.999802 -0.0140114 -4.86522 -0.990044 0.0120477 -0.140245 109.111 
-0.140635 0.0198684 0.989862 78.4759 0.0161607 0.999712 -0.0177701 -4.88926 -0.98993 0.0134978 -0.140915 109.009 
-0.14188 0.0238803 0.989596 79.2914 0.0172327 0.999617 -0.0216514 -4.91332 -0.989734 0.0139815 -0.142237 108.913 
-0.141438 0.024957 0.989633 80.1214 0.0194148 0.99956 -0.0224326 -4.94328 -0.989757 0.0160407 -0.14186 108.804 
-0.140783 0.0242645 0.989743 80.9529 0.0231376 0.999507 -0.0212127 -4.97455 -0.98977 0.0199139 -0.141275 108.696 
-0.140596 0.0224942 0.989812 81.7987 0.0238371 0.999529 -0.0193291 -5.00187 -0.98978 0.0208766 -0.141066 108.591 
-0.140103 0.0208356 0.989918 82.6442 0.023343 0.99957 -0.0177349 -5.02939 -0.989862 0.0206229 -0.140529 108.492 
-0.138252 0.0184591 0.990225 83.4975 0.0219297 0.999638 -0.0155727 -5.05738 -0.990154 0.0195624 -0.138606 108.391 
-0.136488 0.0150493 0.990527 84.3548 0.0222569 0.999679 -0.0121214 -5.08522 -0.990392 0.0203916 -0.136779 108.289 
-0.135033 0.0118542 0.99077 85.2196 0.0227031 0.999703 -0.0088668 -5.10643 -0.990581 0.0212963 -0.135262 108.19 
-0.133318 0.0115509 0.991006 86.0827 0.0210524 0.99974 -0.00882051 -5.13389 -0.99085 0.0196872 -0.133526 108.095 
-0.131785 0.0155738 0.991156 86.9465 0.0215099 0.999686 -0.0128478 -5.15972 -0.991045 0.0196266 -0.132079 107.992 
-0.129855 0.0219968 0.991289 87.801 0.0226042 0.99956 -0.0192193 -5.18445 -0.991275 0.0199116 -0.130295 107.897 
-0.128305 0.0253972 0.99141 88.6576 0.0206154 0.999524 -0.022937 -5.21483 -0.99152 0.0174953 -0.128768 107.803 
-0.126891 0.0231409 0.991647 89.5201 0.0188285 0.999604 -0.0209173 -5.24092 -0.991738 0.016017 -0.127276 107.711 
-0.125627 0.0205633 0.991864 90.383 0.0192773 0.999647 -0.018283 -5.27318 -0.99189 0.0168236 -0.125979 107.616 
-0.124833 0.0190673 0.991995 91.2548 0.0200364 0.99966 -0.0166932 -5.29969 -0.991975 0.0177921 -0.125173 107.519 
-0.123623 0.0187799 0.992152 92.1202 0.0198398 0.999668 -0.0164501 -5.32837 -0.992131 0.0176505 -0.123954 107.422 
-0.123008 0.0185129 0.992233 92.9883 0.0190779 0.999685 -0.0162868 -5.36331 -0.992222 0.0169263 -0.123322 107.33 
-0.122198 0.0167421 0.992365 93.862 0.0218845 0.99966 -0.0141704 -5.39045 -0.992264 0.0199858 -0.122523 107.235 
-0.120683 0.016073 0.992561 94.7313 0.0246045 0.99961 -0.0131955 -5.41879 -0.992386 0.022829 -0.121031 107.133 
-0.119367 0.0172919 0.9927 95.5986 0.0271321 0.999532 -0.0141484 -5.45179 -0.992479 0.0252451 -0.11978 107.027 
-0.1181 0.0194143 0.992812 96.4641 0.0279523 0.999478 -0.0162195 -5.47844 -0.992608 0.0258359 -0.118581 106.931 
-0.11695 0.0207195 0.992922 97.3281 0.0249387 0.999528 -0.0179199 -5.51294 -0.992825 0.0226664 -0.117411 106.839 
-0.116078 0.0163302 0.993106 98.1888 0.0198015 0.999704 -0.0141242 -5.54374 -0.993043 0.0180255 -0.116367 106.759 
-0.115975 0.0141863 0.993151 99.051 0.0155667 0.999801 -0.0124635 -5.57921 -0.99313 0.0140146 -0.116172 106.677 
-0.11673 0.0144541 0.993059 99.9055 0.0120898 0.999841 -0.0131317 -5.60945 -0.99309 0.010473 -0.116886 106.592 
-0.117632 0.0191922 0.992872 100.749 0.00918369 0.999792 -0.0182379 -5.63809 -0.993015 0.00697287 -0.117783 106.511 
-0.118169 0.0213682 0.992764 101.588 0.00887839 0.999751 -0.0204618 -5.67234 -0.992954 0.00639619 -0.118329 106.424 
-0.118609 0.0218023 0.992702 102.432 0.0095708 0.999738 -0.0208133 -5.70379 -0.992895 0.00703231 -0.118786 106.34 
-0.118003 0.0210555 0.99279 103.273 0.0114639 0.999737 -0.0198402 -5.73925 -0.992947 0.00904006 -0.118214 106.238 
-0.118268 0.0218108 0.992742 104.102 0.0130361 0.999707 -0.0204108 -5.77095 -0.992896 0.0105275 -0.118518 106.147 
-0.118587 0.0250816 0.992627 104.924 0.0144718 0.999618 -0.0235294 -5.80444 -0.992838 0.0115748 -0.118905 106.06 
-0.119174 0.026372 0.992523 105.737 0.0140931 0.999591 -0.0248676 -5.83886 -0.992773 0.0110241 -0.119497 105.977 
-0.120517 0.0267716 0.99235 106.559 0.0124847 0.999598 -0.0254509 -5.87273 -0.992633 0.00932189 -0.120803 105.901 
-0.122579 0.0256627 0.992127 107.367 0.0111003 0.999639 -0.0244856 -5.9068 -0.992397 0.00801145 -0.122819 105.816 
-0.125941 0.0270067 0.99167 108.17 0.0109971 0.999606 -0.0258262 -5.9416 -0.991977 0.00765286 -0.126189 105.739 
-0.129416 0.0295869 0.991149 108.966 0.0105392 0.999539 -0.0284612 -5.97873 -0.991534 0.00676253 -0.129668 105.657 
-0.132906 0.0310418 0.990643 109.753 0.00898192 0.999506 -0.0301144 -6.01267 -0.991088 0.00489548 -0.133119 105.572 
-0.136287 0.0310566 0.990183 110.538 0.00936865 0.999504 -0.0300595 -6.04733 -0.990625 0.00517996 -0.13651 105.482 
-0.138973 0.0299639 0.989843 111.32 0.0107805 0.999529 -0.0287435 -6.0823 -0.990238 0.00667644 -0.13923 105.383 
-0.14155 0.0308119 0.989452 112.097 0.0122247 0.999494 -0.0293757 -6.11911 -0.989856 0.00793764 -0.141855 105.284 
-0.143154 0.0349382 0.989084 112.87 0.00738046 0.999387 -0.0342339 -6.16366 -0.989673 0.00239917 -0.143324 105.19 
-0.144836 0.0418129 0.988572 113.644 0.0052345 0.999125 -0.0414923 -6.20709 -0.989442 -0.000834899 -0.144928 105.098 
-0.14717 0.0450745 0.988084 114.409 0.00962606 0.998979 -0.0441378 -6.24253 -0.989064 0.00301558 -0.147454 104.986 
-0.14977 0.043217 0.987776 115.18 0.0117229 0.999052 -0.0419328 -6.28079 -0.988651 0.00529927 -0.150135 104.877 
-0.152814 0.0354004 0.987621 115.953 0.0101922 0.999362 -0.0342442 -6.32798 -0.988203 0.00483301 -0.153077 104.773 
-0.155009 0.0332762 0.987353 116.724 0.00903854 0.999439 -0.0322644 -6.37337 -0.987872 0.00392295 -0.155222 104.666 
-0.156705 0.0363567 0.986976 117.487 0.0085479 0.999335 -0.0354547 -6.41105 -0.987609 0.00288065 -0.156911 104.558 
-0.159337 0.0398173 0.986421 118.245 0.00590886 0.999207 -0.0393789 -6.44981 -0.987207 -0.000445878 -0.159446 104.453 
-0.161753 0.0422419 0.985927 118.994 0.00536333 0.999106 -0.0419266 -6.49351 -0.986817 -0.00149391 -0.161835 104.343 
-0.163498 0.0462983 0.985457 119.735 0.00909656 0.998927 -0.0454219 -6.54128 -0.986502 0.00153788 -0.163744 104.225 
-0.165367 0.0510596 0.98491 120.486 0.00955853 0.998695 -0.0501694 -6.58358 -0.986186 0.00111793 -0.165639 104.117 
-0.168065 0.0534415 0.984326 121.228 0.00901011 0.998571 -0.0526765 -6.62828 -0.985735 1.5819e-05 -0.168306 104.003 
-0.170771 0.0510451 0.983988 121.973 0.00951745 0.998696 -0.0501564 -6.67563 -0.985265 0.000799805 -0.171034 103.896 
-0.174478 0.0476235 0.983509 122.718 0.0140203 0.998849 -0.045879 -6.72293 -0.984561 0.00578421 -0.174944 103.768 
-0.180335 0.0465091 0.982505 123.46 0.0162407 0.998886 -0.0443036 -6.76406 -0.983471 0.00796704 -0.18089 103.646 
-0.186687 0.0453017 0.981374 124.195 0.0149415 0.998952 -0.0432707 -6.8075 -0.982306 0.00658515 -0.187169 103.526 
-0.195002 0.0458676 0.97973 124.926 0.0138371 0.998935 -0.0440126 -6.84844 -0.980705 0.00497409 -0.195429 103.391 
-0.205393 0.0463072 0.977584 125.647 0.0131771 0.99892 -0.0445493 -6.89264 -0.978591 0.00373157 -0.205781 103.25 
-0.217691 0.0473678 0.974868 126.364 0.0137698 0.998871 -0.0454592 -6.93491 -0.975921 0.00352771 -0.218097 103.106 
-0.230183 0.0478873 0.971969 127.076 0.0144933 0.998846 -0.0457792 -6.98026 -0.97304 0.00354947 -0.230611 102.944 
-0.241788 0.0480179 0.96914 127.786 0.0178109 0.998826 -0.0450451 -7.02466 -0.970166 0.00636991 -0.242359 102.766 
-0.252532 0.0479614 0.966399 128.494 0.0212911 0.998804 -0.044006 -7.07047 -0.967354 0.0094628 -0.253251 102.582 
-0.262785 0.0480929 0.963655 129.194 0.0254763 0.998755 -0.0428973 -7.11314 -0.964518 0.0132776 -0.263683 102.395 
-0.27126 0.0485546 0.961281 129.891 0.0315689 0.998638 -0.0415332 -7.16045 -0.961988 0.0190802 -0.272424 102.197 
-0.278916 0.0485361 0.959088 130.583 0.0365617 0.998535 -0.0398997 -7.2024 -0.959619 0.0239372 -0.280281 101.998 
-0.285385 0.048624 0.957179 131.272 0.0362904 0.998544 -0.0399053 -7.24404 -0.957726 0.023348 -0.286734 101.805 
-0.28989 0.0464704 0.955931 131.96 0.0403059 0.998527 -0.0363182 -7.28549 -0.956211 0.0280014 -0.291336 101.599 
-0.291542 0.0441452 0.955539 132.642 0.0465465 0.998406 -0.0319239 -7.31742 -0.955425 0.0351699 -0.293132 101.387 
-0.29274 0.0428022 0.955234 133.322 0.0528123 0.998197 -0.0285425 -7.35241 -0.954733 0.0420926 -0.294472 101.181 
-0.293512 0.0413338 0.955062 133.995 0.0550632 0.998137 -0.0262759 -7.38892 -0.954368 0.0448765 -0.295241 100.979 
-0.292614 0.0467001 0.95509 134.658 0.0577424 0.997847 -0.0311 -7.42216 -0.954486 0.0460489 -0.29468 100.776 
-0.291347 0.050061 0.955307 135.32 0.0577907 0.997727 -0.034659 -7.45389 -0.95487 0.0451101 -0.293577 100.586 
-0.290562 0.049734 0.955563 135.984 0.0599319 0.997633 -0.0336999 -7.49098 -0.954977 0.0474768 -0.292855 100.393 
-0.288611 0.0481224 0.956237 136.646 0.0607208 0.997646 -0.0318796 -7.52505 -0.955519 0.0488627 -0.290853 100.2 
-0.286851 0.0452978 0.956904 137.3 0.0627777 0.997623 -0.0284064 -7.56418 -0.955916 0.0519238 -0.289013 100.013 
-0.285646 0.0458368 0.957238 137.944 0.0634042 0.997571 -0.0288478 -7.6004 -0.956235 0.0524527 -0.287858 99.8298 
-0.283233 0.0485759 0.95782 138.584 0.0646397 0.997412 -0.0314694 -7.62989 -0.95687 0.053 -0.285641 99.653 
-0.278454 0.0503029 0.959131 139.222 0.0662753 0.997254 -0.0330612 -7.661 -0.95816 0.0543607 -0.281023 99.4697 
-0.273275 0.0492478 0.960675 139.858 0.0673498 0.997217 -0.0319627 -7.69597 -0.959575 0.0559666 -0.275831 99.3016 
-0.267798 0.0476757 0.962295 140.491 0.069533 0.997127 -0.030051 -7.72961 -0.960963 0.0588637 -0.270344 99.1348 
-0.263196 0.0457588 0.963657 141.118 0.0695333 0.997176 -0.0283593 -7.76107 -0.962233 0.0595422 -0.265635 98.9772 
-0.259228 0.0446425 0.964784 141.742 0.0690137 0.997234 -0.0276007 -7.79639 -0.963347 0.0594284 -0.261592 98.8247 
-0.255417 0.0433841 0.965857 142.362 0.0700713 0.997196 -0.0262617 -7.82434 -0.964288 0.0609712 -0.257741 98.6725 
-0.251408 0.0420159 0.966969 142.976 0.0733013 0.997015 -0.0242633 -7.85096 -0.965101 0.0647801 -0.253738 98.5205 
-0.247903 0.0401426 0.967953 143.576 0.0742382 0.99699 -0.0223336 -7.87897 -0.965936 0.0663225 -0.250137 98.3769 
-0.244596 0.0387815 0.968849 144.178 0.0728443 0.997111 -0.0215224 -7.90603 -0.966885 0.0653108 -0.246715 98.2384 
-0.241314 0.0396668 0.969636 144.776 0.0696912 0.997293 -0.0234541 -7.93731 -0.967941 0.0619152 -0.243426 98.1094 
-0.236663 0.0431346 0.970634 145.369 0.0712224 0.997096 -0.0269449 -7.96589 -0.968978 0.0627541 -0.239048 97.9785 
-0.23114 0.0463548 0.971816 145.951 0.0731599 0.996864 -0.0301489 -7.99231 -0.970166 0.0641293 -0.233807 97.8506 
-0.224473 0.0472887 0.973332 146.527 0.0722619 0.99688 -0.0317674 -8.0176 -0.971797 0.0632039 -0.22719 97.735 
