1 2.12261e-08 -2.11895e-08 0 2.12261e-08 1 2.10703e-08 0 -2.11895e-08 2.10703e-08 1 0 
0.999997 0.0011103 0.00221194 -0.0264153 -0.00110788 0.999999 -0.00107499 -0.0167435 -0.00221317 0.00107258 0.999997 1.22246 
0.999993 0.00146806 0.00335653 -0.0439544 -0.00146614 0.999999 -0.000559588 -0.0385109 -0.00335739 0.000554705 0.999994 2.4215 
0.99999 0.000800963 0.0043482 -0.0562384 -0.000800097 1 -0.000191097 -0.0584401 -0.00434839 0.000187658 0.999991 3.62892 
0.999989 6.29799e-05 0.00468724 -0.0658156 -6.156e-05 1 -0.000294011 -0.078695 -0.0046873 0.000293761 0.999989 4.83266 
0.999986 -0.000322362 0.0053787 -0.0749471 0.000323171 1 -0.000141546 -0.101138 -0.0053787 0.000143325 0.999986 6.04957 
0.999982 0.000416048 0.00592125 -0.0797108 -0.000409291 0.999999 -0.00113499 -0.119901 -0.00592176 0.00113259 0.999982 7.25088 
0.999978 3.51044e-05 0.00667789 -0.0937249 -2.41946e-05 0.999999 -0.0016274 -0.140965 -0.00667798 0.00162725 0.999976 8.46878 
0.999978 -0.000390912 0.00666423 -0.108338 0.000392975 1 -0.000301769 -0.157784 -0.00666416 0.000304423 0.999978 9.6696 
0.999984 -0.000997079 0.00561505 -0.130599 0.000992518 0.999999 0.000822508 -0.185135 -0.00561591 -0.00081688 0.999984 10.887 
0.999992 -0.00157937 0.00375397 -0.161076 0.00157817 0.999999 0.000334351 -0.207362 -0.00375454 -0.000328381 0.999993 12.0921 
0.999998 -0.00108308 0.00181546 -0.17613 0.00108358 0.999999 -0.000250521 -0.224928 -0.00181523 0.00025253 0.999998 13.3038 
0.999999 -0.00107966 0.000643077 -0.202958 0.00107987 0.999999 -0.000254597 -0.247492 -0.000642844 0.000255333 1 14.5181 
1 0.000240056 -0.000390946 -0.226792 -0.000240199 1 -0.00047601 -0.266793 0.00039079 0.000476146 1 15.7238 
1 -0.000264569 -0.00075874 -0.255217 0.000264284 1 -0.000431705 -0.291284 0.000758812 0.000431546 1 16.9396 
0.999999 -0.000812279 -0.00128002 -0.282927 0.00081242 1 7.69043e-05 -0.313253 0.00127991 -7.7902e-05 0.999999 18.1574 
0.999999 -0.000871046 -0.00134812 -0.316022 0.000871366 1 0.000205083 -0.332868 0.0013479 -0.000206216 0.999999 19.3786 
0.999998 -0.000722378 -0.00172192 -0.350566 0.000721145 1 -0.000741597 -0.353756 0.00172242 0.000740396 0.999998 20.5856 
0.999996 -0.00131838 -0.00238802 -0.365483 0.00131462 0.999998 -0.00159066 -0.375882 0.00239007 0.00158756 0.999996 21.8204 
0.999995 0.000207549 -0.00315308 -0.394566 -0.000211769 0.999999 -0.00135168 -0.394937 0.00315275 0.00135239 0.999994 23.0337 
0.999993 6.31541e-05 -0.00384998 -0.424711 -6.78715e-05 0.999999 -0.00123618 -0.422461 0.00384986 0.00123647 0.999992 24.2369 
0.999988 -5.78977e-05 -0.0048953 -0.445448 4.92527e-05 0.999998 -0.00177474 -0.448698 0.00489535 0.00177452 0.999986 25.4577 
0.999984 0.000421852 -0.00560082 -0.474686 -0.000427541 0.999999 -0.00102214 -0.472773 0.00560034 0.00102456 0.999984 26.6672 
0.99998 -0.00042602 -0.00624645 -0.500365 0.000430433 1 0.000698326 -0.490437 0.00624611 -0.000700959 0.99998 27.8784 
0.999973 -0.00103638 -0.00727658 -0.527353 0.00104303 0.999999 0.000903917 -0.515888 0.0072756 -0.000911439 0.999973 29.0957 
0.999962 -0.00208982 -0.00846921 -0.549755 0.00209079 0.999998 0.000101013 -0.536252 0.00846894 -0.000118674 0.999964 30.3004 
0.999952 -0.00273553 -0.00940899 -0.580641 0.00272786 0.999996 -0.000832101 -0.555808 0.00941119 0.000806437 0.999955 31.5245 
0.999947 -0.0022118 -0.0100665 -0.612119 0.0022021 0.999997 -0.000978546 -0.568858 0.0100686 0.000956369 0.999949 32.7233 
0.999942 -0.00209184 -0.0105514 -0.643652 0.00208823 0.999998 -0.000356689 -0.59279 0.0105521 0.000334677 0.999944 33.9372 
0.999939 -0.00250143 -0.0107712 -0.686826 0.0025015 0.999997 -1.10298e-05 -0.618255 0.0107711 -1.58726e-05 0.999942 35.1519 
0.99993 -0.00299638 -0.0114506 -0.716059 0.0029965 0.999996 -9.71474e-06 -0.642281 0.0114506 -2.45553e-05 0.999934 36.3512 
0.999916 -0.003964 -0.0123602 -0.742939 0.00396204 0.999992 -0.000186636 -0.662319 0.0123608 0.000137691 0.999924 37.5562 
0.999906 -0.00511869 -0.0127041 -0.773402 0.00512372 0.999987 0.000360292 -0.684475 0.0127021 -0.000425308 0.999919 38.7643 
0.999906 -0.00487341 -0.0128246 -0.807531 0.00489498 0.999987 0.00164819 -0.705857 0.0128163 -0.00171077 0.999916 39.9649 
0.999909 -0.0046704 -0.0126818 -0.846694 0.00470268 0.999986 0.00251359 -0.728322 0.0126698 -0.00257295 0.999916 41.1888 
0.999912 -0.0041653 -0.0126345 -0.88671 0.00419186 0.999989 0.00207262 -0.750481 0.0126257 -0.00212535 0.999918 42.4054 
0.999922 -0.0033409 -0.0119975 -0.930737 0.0033695 0.999992 0.00236132 -0.774653 0.0119895 -0.00240152 0.999925 43.6309 
0.999936 -0.000761853 -0.0113195 -0.97407 0.000804753 0.999993 0.00378209 -0.787244 0.0113164 -0.00379091 0.999929 44.8443 
0.999945 -0.00116933 -0.0104691 -0.993114 0.00123892 0.999977 0.00663882 -0.801691 0.010461 -0.00665138 0.999923 46.0557 
0.999963 -0.000938495 -0.00849936 -1.03355 0.00102133 0.999952 0.0097416 -0.820838 0.00848977 -0.00974988 0.999916 47.2712 
0.999979 -0.000118482 -0.0065142 -1.07259 0.000203935 0.999914 0.0131125 -0.825261 0.00651204 -0.0131135 0.999893 48.4891 
0.999986 -0.00078354 -0.00527127 -1.08589 0.000858528 0.999898 0.0142306 -0.828408 0.00525954 -0.0142349 0.999885 49.7308 
0.999989 -0.00277451 -0.00379392 -1.10658 0.00282164 0.999918 0.0124618 -0.828024 0.00375899 -0.0124723 0.999915 50.9491 
0.999993 -0.00207385 -0.00305953 -1.12491 0.00210682 0.999939 0.0108003 -0.834244 0.0030369 -0.0108067 0.999937 52.1572 
0.999997 -0.0014365 -0.00204329 -1.15531 0.00145731 0.999947 0.0101994 -0.840876 0.00202849 -0.0102023 0.999946 53.3677 
0.999996 -0.00185682 -0.00207094 -1.17478 0.00187691 0.999951 0.00972256 -0.849755 0.00205274 -0.00972637 0.999951 54.582 
0.999992 -0.00271945 -0.00293605 -1.19908 0.00274478 0.999959 0.00864127 -0.859929 0.00291239 -0.00864922 0.999958 55.8003 
0.999986 -0.00254295 -0.00455744 -1.22715 0.00258399 0.999956 0.00901394 -0.86974 0.00453428 -0.00902555 0.999949 57.0107 
0.999979 -0.00246153 -0.00592751 -1.25531 0.00252172 0.999945 0.0101612 -0.879973 0.00590213 -0.0101759 0.999931 58.2294 
0.999974 -0.00265682 -0.00669045 -1.2908 0.00272788 0.99994 0.0106286 -0.890882 0.00666176 -0.0106465 0.999921 59.4492 
0.99997 -0.00186667 -0.00751947 -1.3222 0.001943 0.999947 0.01015 -0.899658 0.00750008 -0.0101643 0.99992 60.6687 
0.999969 -0.00158498 -0.00767383 -1.36035 0.00166304 0.999947 0.0101706 -0.911428 0.00765726 -0.010183 0.999919 61.8866 
0.999971 -0.00191916 -0.0073832 -1.39271 0.00199093 0.999951 0.0097195 -0.920048 0.00736414 -0.00973387 0.999926 63.1028 
0.999967 -0.00313989 -0.00751296 -1.41941 0.00320591 0.999956 0.00878686 -0.931224 0.007485 -0.00881062 0.999933 64.3266 
0.999961 -0.00338008 -0.00811181 -1.44773 0.00346167 0.999943 0.0100606 -0.941709 0.0080773 -0.0100882 0.999917 65.535 
0.999957 -0.00396917 -0.00841542 -1.47819 0.00406941 0.999921 0.0119225 -0.960069 0.00836739 -0.0119562 0.999894 66.7487 
0.999958 -0.00301686 -0.00868639 -1.50985 0.00310532 0.999943 0.0101842 -0.968012 0.00865513 -0.0102107 0.99991 67.9582 
0.999965 -0.00137244 -0.00829117 -1.55195 0.00144924 0.999956 0.00925853 -0.98449 0.00827805 -0.00927017 0.999923 69.1669 
0.999968 0.000755977 -0.00794563 -1.59144 -0.000680159 0.999954 0.00953512 -0.992383 0.00795243 -0.00952937 0.999923 70.3632 
0.999968 0.00251436 -0.00762052 -1.63074 -0.00244069 0.99995 0.00965646 -1.00328 0.00764438 -0.00963751 0.999924 71.5517 
0.999966 0.0047058 -0.00684521 -1.67108 -0.0046365 0.999938 0.010098 -1.01115 0.00689226 -0.0100658 0.999926 72.7489 
0.999971 0.00504887 -0.00573718 -1.70086 -0.00498592 0.999928 0.0109269 -1.01947 0.00579189 -0.0108979 0.999924 73.9383 
0.999971 0.00689844 -0.00332594 -1.73866 -0.00685895 0.999908 0.0117296 -1.02869 0.00340651 -0.0117064 0.999926 75.1253 
0.999983 0.00576682 -0.000289987 -1.76472 -0.00576381 0.99994 0.00936696 -1.03656 0.000343944 -0.00936509 0.999956 76.3164 
0.999993 0.00279757 0.00245998 -1.78387 -0.00280853 0.999986 0.00447872 -1.04885 -0.00244746 -0.00448555 0.999987 77.4839 
0.999981 0.00381657 0.00485266 -1.79875 -0.00383572 0.999985 0.00395186 -1.06146 -0.00483754 -0.00397036 0.99998 78.6582 
0.999964 0.00327405 0.0077794 -1.81481 -0.00333139 0.999967 0.00737486 -1.07776 -0.00775504 -0.00740047 0.999943 79.84 
0.999926 0.00428708 0.011367 -1.83366 -0.00438311 0.999955 0.00844014 -1.08623 -0.0113303 -0.00848929 0.9999 81.0413 
0.99986 0.00479652 0.0160209 -1.84427 -0.00490465 0.999965 0.00671959 -1.10308 -0.0159881 -0.00679718 0.999849 82.2117 
0.999798 0.00396017 0.0196929 -1.84269 -0.00403758 0.999984 0.00389446 -1.12135 -0.0196772 -0.00397314 0.999799 83.3773 
0.999719 0.00275384 0.0235279 -1.84926 -0.00276391 0.999996 0.000397323 -1.14396 -0.0235267 -0.000462199 0.999723 84.556 
0.999636 0.00195594 0.0268942 -1.83922 -0.00194648 0.999998 -0.000376423 -1.16661 -0.0268949 0.000323979 0.999638 85.7517 
0.999519 0.00176526 0.0309713 -1.83244 -0.00181289 0.999997 0.00151149 -1.19138 -0.0309685 -0.00156687 0.999519 86.9313 
0.999402 0.00271627 0.0344772 -1.81507 -0.00277894 0.999995 0.00177101 -1.20801 -0.0344722 -0.00186572 0.999404 88.1049 
0.999247 0.00267784 0.0387138 -1.79581 -0.00266762 0.999996 -0.000314494 -1.23224 -0.0387146 0.000211024 0.99925 89.2763 
0.999131 0.0019789 0.0416327 -1.76432 -0.00186923 0.999995 -0.0026719 -1.25575 -0.0416378 0.0025918 0.999129 90.4342 
0.999 0.0019776 0.0446713 -1.73393 -0.00185433 0.999994 -0.00279986 -1.28162 -0.0446766 0.00271426 0.998998 91.5996 
0.998861 0.000820972 0.0477045 -1.69803 -0.000742707 0.999998 -0.00165742 -1.29906 -0.0477058 0.00162014 0.99886 92.7743 
0.998722 -0.000210327 0.0505416 -1.66393 0.000228052 1 -0.000344067 -1.31874 -0.0505416 0.000355194 0.998722 93.9386 
0.998598 -0.000942271 0.0529278 -1.61704 0.000881891 0.999999 0.00116496 -1.33496 -0.0529288 -0.00111661 0.998598 95.1124 
0.998456 -0.0019227 0.0555124 -1.5711 0.00180821 0.999996 0.00211332 -1.3521 -0.0555163 -0.00200964 0.998456 96.2798 
0.998313 -0.00302546 0.0579835 -1.52937 0.00304927 0.999995 -0.000321305 -1.36701 -0.0579823 0.000497611 0.998318 97.4398 
0.998162 -0.00454578 0.0604394 -1.47716 0.00477573 0.999982 -0.00366012 -1.39005 -0.0604217 0.00394207 0.998165 98.6153 
0.998036 -0.00345657 0.0625517 -1.42945 0.0038817 0.99997 -0.00667551 -1.40973 -0.0625268 0.00690525 0.998019 99.7821 
0.997931 -0.00336307 0.0642032 -1.37452 0.00385456 0.999964 -0.00753216 -1.43586 -0.0641756 0.00776409 0.997908 100.963 
0.997904 -0.00343865 0.0646132 -1.3183 0.00388404 0.99997 -0.00676815 -1.46853 -0.064588 0.00700497 0.997887 102.148 
0.997935 -0.00346079 0.0641463 -1.27368 0.00378359 0.999981 -0.00491065 -1.49162 -0.0641281 0.00514325 0.997928 103.361 
0.998012 -0.0038093 0.0629043 -1.21603 0.00405911 0.999984 -0.00384337 -1.51125 -0.0628887 0.0040911 0.998012 104.567 
0.998125 -0.00383688 0.0610873 -1.16623 0.00401374 0.999988 -0.00277201 -1.53828 -0.061076 0.00301204 0.998129 105.781 
0.998273 -0.00380372 0.0586309 -1.10716 0.00394597 0.99999 -0.00230974 -1.55718 -0.0586216 0.00253714 0.998277 107.012 
0.998431 -0.00303189 0.0559059 -1.0721 0.00317847 0.999992 -0.0025325 -1.57478 -0.0558978 0.00270627 0.998433 108.253 
0.998622 -0.00152534 0.0524504 -1.04395 0.00168545 0.999994 -0.0030078 -1.59839 -0.0524455 0.0030921 0.998619 109.466 
0.998807 -0.00162421 0.0487991 -1.01277 0.00175845 0.999995 -0.00270713 -1.61831 -0.0487945 0.00278975 0.998805 110.669 
0.998961 -0.000858827 0.0455624 -1.00983 0.000941782 0.999998 -0.0017983 -1.63984 -0.0455608 0.00183938 0.99896 111.898 
0.999129 -0.000492912 0.0417143 -0.988506 0.000532299 0.999999 -0.000932068 -1.66074 -0.0417139 0.000953502 0.999129 113.115 
0.999288 -0.000408453 0.0377399 -0.980201 0.000421438 1 -0.000334983 -1.68295 -0.0377398 0.000350691 0.999288 114.375 
0.999439 0.000545188 0.0334961 -0.989648 -0.000525641 1 -0.000591082 -1.6978 -0.0334964 0.000573185 0.999439 115.638 
0.999585 0.001374 0.0287776 -0.986751 -0.00135934 0.999999 -0.000527449 -1.71853 -0.0287783 0.000488153 0.999586 116.888 
0.999709 0.0016567 0.0240759 -0.991979 -0.00163383 0.999998 -0.000967873 -1.74177 -0.0240775 0.000928297 0.99971 118.157 
0.999803 0.0023688 0.0196889 -0.991313 -0.0023382 0.999996 -0.00157452 -1.76331 -0.0196926 0.00152821 0.999805 119.398 
0.999852 0.00447822 0.0166124 -1.00664 -0.00445165 0.999989 -0.00163309 -1.78951 -0.0166196 0.00155894 0.999861 120.638 
0.999873 0.00626303 0.0146308 -1.01626 -0.00624397 0.99998 -0.00134504 -1.81681 -0.0146389 0.00125355 0.999892 121.882 
0.999879 0.00770017 0.013554 -1.02357 -0.00767561 0.999969 -0.00186002 -1.83342 -0.0135679 0.0017558 0.999906 123.151 
0.999874 0.0100638 0.0123147 -1.02945 -0.0100425 0.999948 -0.00178026 -1.84933 -0.012332 0.0016564 0.999923 124.407 
0.999867 0.0114662 0.0115854 -1.03842 -0.0114564 0.999934 -0.0009017 -1.86937 -0.011595 0.000768895 0.999933 125.68 
0.999874 0.011544 0.0108628 -1.04276 -0.0115385 0.999933 -0.000565698 -1.88875 -0.0108686 0.000440329 0.999941 126.937 
0.999824 0.0156664 0.0103006 -1.06541 -0.015681 0.999876 0.00134291 -1.9059 -0.0102784 -0.00150416 0.999946 128.19 
0.999816 0.0164934 0.00984861 -1.08502 -0.0165377 0.999853 0.0044435 -1.92109 -0.00977392 -0.00460551 0.999942 129.467 
0.999839 0.0153555 0.00926335 -1.09934 -0.0153946 0.999873 0.0041771 -1.93654 -0.00919808 -0.00431899 0.999948 130.734 
0.99984 0.0155622 0.00880219 -1.11187 -0.0155859 0.999875 0.00264371 -1.94875 -0.00876 -0.00278043 0.999958 132.023 
0.999889 0.0125501 0.00804204 -1.12239 -0.0125787 0.999915 0.00351741 -1.96009 -0.00799725 -0.00361813 0.999962 133.299 
0.999912 0.0108636 0.00765738 -1.15393 -0.0109031 0.999927 0.00514233 -1.96564 -0.007601 -0.00522533 0.999958 134.606 
0.99995 0.0072397 0.00684166 -1.15746 -0.00728705 0.999949 0.00692743 -1.97813 -0.0067912 -0.0069769 0.999953 135.887 
0.999966 0.00551275 0.00611148 -1.16695 -0.00556217 0.999952 0.00810587 -1.99255 -0.00606654 -0.00813955 0.999949 137.168 
0.99998 0.00143925 0.00609743 -1.17532 -0.00147698 0.99998 0.00619577 -2.00169 -0.00608843 -0.00620461 0.999962 138.436 
0.999978 -0.0010548 0.00655625 -1.19615 0.00102182 0.999987 0.0050388 -2.01384 -0.00656152 -0.00503195 0.999966 139.724 
0.999973 -0.00165494 0.00714695 -1.21142 0.00162089 0.999987 0.00477447 -2.02801 -0.0071548 -0.00476271 0.999963 141.006 
0.999969 -0.00195901 0.00763522 -1.2271 0.00192159 0.999986 0.00491113 -2.04258 -0.00764478 -0.00489627 0.999959 142.291 
0.999965 -0.0017434 0.00814193 -1.24277 0.00168594 0.999974 0.00706437 -2.06071 -0.00815407 -0.00705036 0.999942 143.562 
0.999961 0.000674494 0.00886653 -1.25781 -0.000748483 0.999965 0.0083489 -2.07225 -0.00886063 -0.00835517 0.999926 144.836 
0.999955 0.000895653 0.00946174 -1.2713 -0.000959133 0.999977 0.00671116 -2.08827 -0.00945556 -0.00671989 0.999933 146.126 
0.99995 0.00119736 0.00994721 -1.28222 -0.00124494 0.999988 0.0047826 -2.10058 -0.00994141 -0.00479471 0.999939 147.424 
0.999943 0.00126406 0.0105627 -1.29511 -0.00128671 0.999997 0.00214123 -2.12018 -0.01056 -0.00215465 0.999942 148.711 
0.99994 0.00057527 0.0109722 -1.30375 -0.000558205 0.999999 -0.0015544 -2.1578 -0.0109731 0.00154822 0.999939 149.998 
0.999935 0.00062906 0.0114203 -1.31454 -0.000566674 0.999985 -0.00546136 -2.17344 -0.0114236 0.00545458 0.99992 151.311 
0.999931 0.000318558 0.0117513 -1.33047 -0.000245635 0.999981 -0.0062028 -2.20354 -0.0117531 0.00619952 0.999912 152.599 
0.999929 0.000622303 0.0118927 -1.34016 -0.000548705 0.999981 -0.0061872 -2.232 -0.0118964 0.00618028 0.99991 153.884 
0.999925 0.00157903 0.0121273 -1.36027 -0.00151183 0.999984 -0.00554469 -2.26402 -0.0121359 0.00552598 0.999911 155.182 
0.999934 0.00156794 0.0113483 -1.35343 -0.00151649 0.999989 -0.0045374 -2.29633 -0.0113553 0.00451993 0.999925 156.414 
0.999939 0.00186452 0.0108675 -1.35597 -0.00182246 0.999991 -0.00387528 -2.32663 -0.0108747 0.00385528 0.999933 157.675 
0.999945 0.00217912 0.0102434 -1.36344 -0.00213418 0.999988 -0.00439245 -2.35239 -0.0102529 0.00437039 0.999938 158.954 
0.999953 0.00270807 0.00929797 -1.36947 -0.00266963 0.999988 -0.00413927 -2.37933 -0.00930911 0.00411429 0.999948 160.223 
0.99996 0.00247998 0.00861394 -1.37807 -0.00245364 0.999992 -0.00306274 -2.40588 -0.00862151 0.00304153 0.999958 161.504 
0.999962 0.0031352 0.00811395 -1.40153 -0.00311317 0.999991 -0.00272101 -2.43255 -0.00812246 0.00269569 0.999963 162.801 
0.999964 0.00365617 0.00764747 -1.41806 -0.00362946 0.999987 -0.0034985 -2.46489 -0.0076602 0.00347066 0.999965 164.094 
0.999962 0.00457309 0.00747799 -1.44649 -0.00453798 0.999979 -0.00470022 -2.49284 -0.00749937 0.00466615 0.999961 165.372 
0.999966 0.00509819 0.0064106 -1.45551 -0.00506871 0.999977 -0.00459857 -2.52326 -0.00643394 0.00456596 0.999969 166.639 
0.999971 0.0050507 0.00563832 -1.47426 -0.00502066 0.999973 -0.00532067 -2.55222 -0.00566508 0.00529225 0.99997 167.913 
0.999971 0.00560049 0.0052002 -1.49156 -0.00556576 0.999962 -0.00666013 -2.57302 -0.00523735 0.00663104 0.999964 169.212 
0.999975 0.00573883 0.00415262 -1.4971 -0.00571143 0.999962 -0.00656966 -2.59974 -0.00419021 0.00654582 0.99997 170.521 
0.99998 0.0053943 0.00333822 -1.50875 -0.00537673 0.999972 -0.00523507 -2.6308 -0.00336641 0.00521705 0.999981 171.831 
0.99998 0.00577557 0.00269732 -1.52813 -0.00576243 0.999972 -0.00483879 -2.65997 -0.00272523 0.00482319 0.999985 173.116 
0.999981 0.00586335 0.00189081 -1.55185 -0.00585489 0.999973 -0.0044236 -2.69209 -0.00191674 0.00441249 0.999988 174.4 
0.99998 0.00617052 0.00102887 -1.57058 -0.00616613 0.999972 -0.00417674 -2.71878 -0.00105465 0.00417035 0.999991 175.681 
0.999981 0.00609375 0.000683139 -1.59608 -0.00609034 0.99997 -0.00482005 -2.75062 -0.000712533 0.00481584 0.999988 176.956 
0.999975 0.00713835 8.48966e-05 -1.62058 -0.00713777 0.999961 -0.00518725 -2.78339 -0.000121964 0.00518655 0.999987 178.237 
0.999972 0.00749068 -0.000400413 -1.63927 -0.00749256 0.999959 -0.00502318 -2.80765 0.000362727 0.00502608 0.999987 179.529 
0.999974 0.00726981 -0.000280688 -1.66898 -0.00727129 0.999956 -0.00588493 -2.84374 0.000237851 0.00588686 0.999983 180.813 
0.999983 0.00584514 -0.000782954 -1.68694 -0.00585073 0.999956 -0.00740545 -2.87144 0.00073959 0.00740995 0.999972 182.082 
0.999996 0.00294239 -0.000646415 -1.71545 -0.00294691 0.99997 -0.00716088 -2.90419 0.000625283 0.0071628 0.999974 183.355 
0.999994 0.00343861 -0.000994823 -1.73749 -0.0034421 0.999988 -0.0035688 -2.93286 0.000982496 0.00357224 0.999993 184.633 
0.999996 0.00278284 -0.000834336 -1.76342 -0.0027821 0.999996 0.000826419 -2.95668 0.000836589 -0.000824052 0.999999 185.904 
0.99999 0.00426953 -0.000949333 -1.7815 -0.00426955 0.999991 -6.41121e-05 -2.97757 0.000949008 6.82068e-05 1 187.16 
0.999983 0.00576789 -0.000586407 -1.81236 -0.00576962 0.999979 -0.0030596 -3.00389 0.000568705 0.00306297 0.999995 188.401 
0.999981 0.00604533 -0.001265 -1.83565 -0.00605141 0.99997 -0.0048951 -3.02969 0.00123533 0.00490271 0.999987 189.648 
0.99998 0.00617158 -0.00142467 -1.86145 -0.00617827 0.99997 -0.00477448 -3.05736 0.00139512 0.00478322 0.999988 190.901 
0.999982 0.00593405 -0.00112646 -1.89083 -0.00593759 0.999977 -0.00320342 -3.09312 0.00110739 0.0032101 0.999994 192.151 
0.999981 0.00620042 -0.000784759 -1.92138 -0.00620126 0.99998 -0.00112668 -3.12093 0.000777715 0.00113156 0.999999 193.405 
0.999985 0.00552076 0.000269189 -1.94881 -0.0055207 0.999985 -6.61257e-05 -3.15085 -0.000269592 6.46806e-05 1 194.66 
0.999983 0.00557155 0.00197619 -1.96728 -0.00557001 0.999984 -0.000767033 -3.16816 -0.00198047 0.000756054 0.999998 195.943 
0.999985 0.00453582 0.00322164 -1.98514 -0.00452901 0.999988 -0.00210332 -3.19573 -0.00323118 0.00208873 0.999993 197.183 
0.999983 0.00398612 0.00418876 -1.99596 -0.00397135 0.999986 -0.0035172 -3.22576 -0.00420276 0.00350055 0.999985 198.414 
0.999978 0.00331668 0.00579451 -2.00808 -0.00329254 0.999986 -0.00416295 -3.25237 -0.00580828 0.00414382 0.999975 199.644 
0.999968 0.00362764 0.0071487 -2.02402 -0.00360382 0.999988 -0.00333521 -3.28459 -0.00716076 0.00330938 0.999969 200.873 
0.999959 0.00342442 0.00843466 -2.03416 -0.0034122 0.999993 -0.00145728 -3.30964 -0.00843964 0.00142848 0.999963 202.092 
0.999944 0.0045127 0.00954502 -2.04937 -0.00450344 0.999989 -0.000986917 -3.33981 -0.00954942 0.000943918 0.999954 203.316 
0.999939 0.00385868 0.0103169 -2.04671 -0.00384749 0.999992 -0.00110083 -3.36162 -0.0103211 0.00106111 0.999946 204.551 
0.999927 0.00413852 0.011359 -2.05434 -0.0041262 0.999991 -0.00110389 -3.38394 -0.0113635 0.00105699 0.999935 205.761 
0.999916 0.00391537 0.0123947 -2.06289 -0.00390604 0.999992 -0.000773379 -3.41345 -0.0123976 0.000724941 0.999923 206.964 
0.999903 0.00407113 0.0133264 -2.06973 -0.00405733 0.999991 -0.00105919 -3.43755 -0.0133306 0.00100506 0.999911 208.171 
0.99989 0.00406294 0.0142497 -2.07971 -0.00404805 0.999991 -0.00107073 -3.46273 -0.014254 0.00101297 0.999898 209.371 
0.999887 0.00285755 0.0147754 -2.08508 -0.00284596 0.999996 -0.000802689 -3.49075 -0.0147777 0.000760589 0.999891 210.541 
0.999884 0.00276861 0.0150056 -2.0871 -0.0027679 0.999996 -6.52523e-05 -3.51597 -0.0150058 2.37525e-05 0.999887 211.719 
0.99989 0.00221455 0.0146791 -2.08729 -0.00222734 0.999997 0.000857804 -3.53718 -0.0146772 -0.000890363 0.999892 212.873 
0.999895 0.00257078 0.0142477 -2.09204 -0.00258333 0.999996 0.000865556 -3.55846 -0.0142455 -0.00090223 0.999898 213.989 
0.999901 0.00299484 0.0137199 -2.09675 -0.00299695 0.999996 0.00013598 -3.58657 -0.0137195 -0.000177043 0.999906 215.091 
0.999906 0.00317176 0.0133337 -2.10051 -0.0031657 0.999995 -0.000472641 -3.61278 -0.0133352 0.000430428 0.999911 216.194 
0.999912 0.00320929 0.0128413 -2.10876 -0.00320078 0.999995 -0.000680087 -3.6355 -0.0128435 0.000638967 0.999917 217.271 
0.999928 0.00305919 0.011578 -2.11778 -0.00305325 0.999995 -0.000526793 -3.66039 -0.0115796 0.000491447 0.999933 218.343 
0.999952 0.00232766 0.00957278 -2.11946 -0.00232925 0.999997 0.000159526 -3.68231 -0.00957243 -0.000181773 0.999954 219.391 
0.999972 0.000819793 0.00749699 -2.13126 -0.000833572 0.999998 0.00184057 -3.70416 -0.0074955 -0.00184673 0.99997 220.445 
0.999987 0.00087032 0.00494651 -2.14108 -0.000888049 0.999993 0.00359182 -3.72877 -0.00494339 -0.00359612 0.999981 221.481 
0.999996 0.00107778 0.00268919 -2.15673 -0.00108757 0.999993 0.003655 -3.74927 -0.00268527 -0.00365787 0.99999 222.515 
0.999999 0.0014631 3.24306e-05 -2.17505 -0.00146316 0.999994 0.00329197 -3.77014 -2.76564e-05 -0.00329197 0.999995 223.517 
0.999995 0.00140338 -0.00282714 -2.19269 -0.00139363 0.999993 0.003433 -3.78649 0.00283189 -0.003429 0.99999 224.49 
0.999983 0.00206147 -0.00554693 -2.21649 -0.002039 0.99999 0.00404658 -3.80685 0.00555517 -0.00403516 0.999976 225.446 
0.999966 0.00239117 -0.00793385 -2.24839 -0.00235963 0.999989 0.00397581 -3.82737 0.00794323 -0.00395691 0.999961 226.378 
0.999934 0.00211046 -0.0112899 -2.27317 -0.00206994 0.999991 0.00359542 -3.84678 0.0112974 -0.00357177 0.99993 227.29 
0.999892 0.00217448 -0.0145613 -2.30224 -0.00212832 0.999993 0.00318181 -3.86787 0.0145681 -0.00315043 0.999889 228.177 
0.999835 0.00320466 -0.0178985 -2.33446 -0.00315258 0.999991 0.00293531 -3.88452 0.0179077 -0.00287836 0.999836 229.043 
0.999779 0.00364389 -0.0206869 -2.3672 -0.00359512 0.999991 0.00239234 -3.904 0.0206954 -0.0023174 0.999783 229.907 
0.999724 0.005508 -0.0228265 -2.40946 -0.00545098 0.999982 0.00255736 -3.92263 0.0228402 -0.00243219 0.999736 230.737 
0.999702 0.00640681 -0.0235579 -2.4423 -0.00633446 0.999975 0.00314274 -3.93935 0.0235774 -0.00299254 0.999718 231.543 
0.999709 0.00627194 -0.0232905 -2.47432 -0.0061708 0.999971 0.00440995 -3.95599 0.0233174 -0.00426491 0.999719 232.33 
0.999727 0.00628502 -0.0225084 -2.50965 -0.00617225 0.999968 0.00507442 -3.97014 0.0225396 -0.00493406 0.999734 233.095 
0.999733 0.00632334 -0.0222409 -2.54058 -0.00621931 0.999969 0.00474201 -3.98477 0.0222701 -0.00460238 0.999741 233.84 
0.99974 0.00683732 -0.0217765 -2.57304 -0.00676976 0.999972 0.00317286 -4.00327 0.0217976 -0.00302457 0.999758 234.579 
0.999759 0.00665711 -0.0209441 -2.60042 -0.00664006 0.999978 0.000881438 -4.01638 0.0209495 -0.000742112 0.99978 235.31 
0.999782 0.00665261 -0.0197744 -2.62929 -0.00666038 0.999978 -0.000329409 -4.03284 0.0197717 0.000461084 0.999804 236.036 
0.999799 0.00747716 -0.0185856 -2.65341 -0.0074945 0.999972 -0.000865953 -4.04504 0.0185785 0.00100511 0.999827 236.769 
0.999832 0.00710777 -0.0168892 -2.67524 -0.00712624 0.999974 -0.00103608 -4.05777 0.0168814 0.00115631 0.999857 237.502 
0.999865 0.00679214 -0.0149752 -2.69969 -0.00680711 0.999976 -0.000951953 -4.07454 0.0149683 0.0010538 0.999887 238.226 
0.999892 0.00696478 -0.0129642 -2.72242 -0.0069813 0.999975 -0.00123228 -4.08688 0.0129553 0.00132269 0.999915 238.953 
0.999916 0.00678636 -0.0110574 -2.73313 -0.00680445 0.999976 -0.00160315 -4.10055 0.0110463 0.0016783 0.999938 239.683 
0.999943 0.0069428 -0.0080563 -2.75654 -0.00695318 0.999975 -0.00126709 -4.11599 0.00804726 0.00132308 0.999967 240.416 
0.999972 0.00587681 -0.00472581 -2.77334 -0.00587823 0.999983 -0.000296176 -4.13489 0.00472395 0.000323989 0.999989 241.131 
0.999986 0.0050383 -0.00173733 -2.7856 -0.0050382 0.999987 3.60639e-05 -4.14943 0.00173745 -2.72683e-05 0.999999 241.844 
0.999988 0.00474558 0.00131282 -2.79372 -0.00474576 0.999989 0.000160589 -4.16441 -0.00131209 -0.000166775 0.999999 242.555 
0.99998 0.0044755 0.00437248 -2.80285 -0.00447491 0.99999 -0.000134406 -4.17833 -0.00437308 0.000114879 0.99999 243.251 
0.999962 0.00436558 0.00761711 -2.81067 -0.00436327 0.99999 -0.000314723 -4.19086 -0.00761845 0.000281518 0.999971 243.949 
0.999931 0.00512184 0.0105653 -2.81423 -0.00511122 0.999986 -0.00102766 -4.20748 -0.0105705 0.000973633 0.999944 244.659 
0.999891 0.00556006 0.0136629 -2.8163 -0.00553752 0.999983 -0.00168437 -4.21996 -0.0136721 0.00160857 0.999905 245.374 
0.999838 0.00598403 0.0169687 -2.824 -0.00596953 0.999982 -0.00090211 -4.22954 -0.0169739 0.00080071 0.999856 246.068 
0.999789 0.00564654 0.0197386 -2.82261 -0.00564205 0.999984 -0.000280803 -4.24249 -0.0197399 0.000169419 0.999805 246.781 
0.999728 0.00559432 0.022644 -2.82147 -0.0055875 0.999984 -0.000362558 -4.25631 -0.0226457 0.000235978 0.999744 247.491 
0.999663 0.00506091 0.0254593 -2.8185 -0.00501318 0.999986 -0.00193675 -4.27122 -0.0254688 0.00180851 0.999674 248.195 
0.999619 0.00599019 0.0269454 -2.81131 -0.00587622 0.999974 -0.00430541 -4.28123 -0.0269705 0.00414548 0.999628 248.9 
0.999588 0.00488691 0.0283013 -2.80337 -0.00473282 0.999974 -0.00550769 -4.29614 -0.0283275 0.00537151 0.999584 249.615 
0.999597 0.00402524 0.0280848 -2.79363 -0.0038595 0.999975 -0.00595155 -4.31185 -0.0281081 0.0058408 0.999588 250.332 
0.999594 0.00350462 0.0282632 -2.78334 -0.00332303 0.999974 -0.00646809 -4.32724 -0.0282852 0.00637159 0.99958 251.054 
0.999582 0.00439821 0.0285724 -2.77586 -0.00421456 0.99997 -0.00648313 -4.35248 -0.0286001 0.00636004 0.999571 251.773 
0.999562 0.00502147 0.0291713 -2.77714 -0.0048213 0.999964 -0.00692656 -4.36788 -0.0292051 0.00678293 0.99955 252.556 
0.999547 0.00450836 0.029763 -2.76368 -0.00424254 0.999951 -0.00898713 -4.38502 -0.0298021 0.00885683 0.999517 253.303 
0.999531 0.000643274 0.0306065 -2.76167 -0.000308352 0.99994 -0.0109449 -4.40077 -0.0306117 0.0109304 0.999472 254.071 
0.999489 -0.0021783 0.0319048 -2.76042 0.00255399 0.999928 -0.011738 -4.42027 -0.031877 0.0118136 0.999422 254.85 
0.999457 4.3708e-05 0.0329468 -2.76492 0.000213804 0.99997 -0.00781111 -4.4372 -0.0329462 0.00781396 0.999427 255.638 
0.999417 0.00406959 0.0338925 -2.76795 -0.00400548 0.99999 -0.00195801 -4.4464 -0.0339002 0.00182115 0.999424 256.422 
0.999377 0.00311599 0.0351573 -2.76058 -0.00316774 0.999994 0.00141755 -4.45969 -0.0351527 -0.001528 0.999381 257.215 
0.999304 0.00243545 0.0372254 -2.73649 -0.0024162 0.999997 -0.000561075 -4.47373 -0.0372267 0.000470782 0.999307 258.002 
0.999134 0.00376412 0.0414276 -2.72243 -0.00349033 0.999972 -0.00667826 -4.48557 -0.0414516 0.00652793 0.999119 258.79 
0.99895 0.00598719 0.0454294 -2.70873 -0.00553062 0.999933 -0.0101682 -4.50122 -0.0454872 0.0099063 0.998916 259.596 
0.998771 0.00753627 0.0489926 -2.68821 -0.00705451 0.999925 -0.00999793 -4.52002 -0.0490643 0.00964006 0.998749 260.419 
0.998592 0.00598536 0.0527086 -2.66483 -0.00558314 0.999954 -0.00777409 -4.53606 -0.0527528 0.0074689 0.99858 261.253 
0.998427 0.00305316 0.0559783 -2.6298 -0.0027933 0.999985 -0.00471904 -4.55123 -0.0559919 0.00455529 0.998421 262.09 
0.998266 0.000877741 0.0588517 -2.59414 -0.000691246 0.999995 -0.00318844 -4.56692 -0.0588542 0.00314227 0.998262 262.929 
0.998073 0.00103422 0.0620498 -2.55754 -0.000868943 0.999996 -0.0026898 -4.58432 -0.0620524 0.00263073 0.998069 263.767 
0.997898 0.00341048 0.064718 -2.52685 -0.00310615 0.999984 -0.0048018 -4.60139 -0.0647334 0.00459072 0.997892 264.6 
0.997738 0.00387364 0.0671059 -2.4906 -0.00341437 0.99997 -0.00695669 -4.61879 -0.0671309 0.00671187 0.997722 265.429 
0.997566 0.00461053 0.0695715 -2.44338 -0.00411644 0.999965 -0.00724287 -4.63279 -0.0696025 0.0069389 0.997551 266.275 
0.997352 0.00556213 0.0725175 -2.39774 -0.00519538 0.999973 -0.00524446 -4.65276 -0.0725447 0.00485386 0.997353 267.131 
0.997086 0.00680678 0.0759873 -2.35583 -0.00656248 0.999973 -0.00346368 -4.67649 -0.0760088 0.00295496 0.997103 267.984 
0.996834 0.00749983 0.0791571 -2.31036 -0.00723348 0.999967 -0.00365051 -4.69054 -0.0791819 0.00306641 0.996856 268.835 
0.996586 0.0078657 0.0821892 -2.26367 -0.00753296 0.999962 -0.00435722 -4.7023 -0.0822204 0.00372325 0.996607 269.699 
0.996334 0.00615463 0.085332 -2.21706 -0.00577081 0.999972 -0.00474345 -4.7212 -0.0853589 0.00423367 0.996341 270.54 
0.996165 0.00303447 0.0874393 -2.16008 -0.00267308 0.999987 -0.00424935 -4.73299 -0.0874511 0.00399936 0.996161 271.396 
0.996069 0.00232065 0.0885511 -2.1014 -0.00192668 0.999988 -0.00453378 -4.74435 -0.0885606 0.00434539 0.996061 272.246 
0.995974 0.00195174 0.0896273 -2.04744 -0.00153747 0.999988 -0.00469038 -4.7599 -0.0896354 0.00453374 0.995964 273.096 
0.995899 0.00208526 0.0904473 -1.99296 -0.00167143 0.999988 -0.00465036 -4.77688 -0.0904559 0.00448015 0.99589 273.955 
0.995879 0.00263748 0.0906581 -1.93799 -0.00226095 0.999988 -0.00425522 -4.79004 -0.0906683 0.00403275 0.995873 274.81 
0.995877 0.00341562 0.0906547 -1.88346 -0.00306824 0.999987 -0.00397041 -4.80659 -0.0906671 0.00367593 0.995875 275.671 
0.995984 0.00301648 0.0894765 -1.82037 -0.00260658 0.999986 -0.00469704 -4.82796 -0.0894894 0.00444499 0.995978 276.532 
0.996128 0.00301053 0.0878582 -1.76904 -0.00254178 0.999982 -0.00544624 -4.84734 -0.0878731 0.00520188 0.996118 277.371 
0.996284 0.00397992 0.0860419 -1.70768 -0.00346329 0.999975 -0.00615235 -4.86662 -0.0860642 0.00583154 0.996273 278.224 
0.996362 0.00598942 0.085006 -1.67163 -0.00545013 0.999964 -0.00657429 -4.88566 -0.0850423 0.00608712 0.996359 279.075 
0.996513 0.00666051 0.0831674 -1.61415 -0.00612332 0.999959 -0.00671211 -4.90541 -0.0832087 0.00617949 0.996513 279.934 
0.996681 0.00689866 0.0811095 -1.56482 -0.00641449 0.99996 -0.00622783 -4.92321 -0.0811493 0.00568693 0.996686 280.788 
0.996891 0.00682121 0.0784944 -1.51835 -0.00646132 0.999967 -0.00483736 -4.93952 -0.0785249 0.00431518 0.996903 281.645 
0.997182 0.00548702 0.074826 -1.47984 -0.00532364 0.999983 -0.00238216 -4.96168 -0.0748378 0.00197714 0.997194 282.497 
0.997512 0.00420043 0.0703791 -1.43753 -0.00416072 0.999991 -0.000710142 -4.97963 -0.0703815 0.000415587 0.99752 283.334 
0.997806 0.00389253 0.0660967 -1.40352 -0.00393353 0.999992 0.00049074 -4.99314 -0.0660943 -0.000749615 0.997813 284.17 
0.998098 0.00391663 0.0615222 -1.37198 -0.0039928 0.999991 0.0011159 -5.00872 -0.0615174 -0.00135938 0.998105 284.997 
0.998364 0.00382573 0.0570554 -1.34231 -0.0039164 0.999991 0.00147821 -5.02195 -0.0570493 -0.0016992 0.99837 285.815 
0.998614 0.00251119 0.0525649 -1.32351 -0.0026156 0.999995 0.00191856 -5.04252 -0.0525599 -0.00205335 0.998616 286.595 
0.998816 0.0021612 0.0486041 -1.30226 -0.00223431 0.999996 0.00145071 -5.05296 -0.0486008 -0.00155755 0.998817 287.385 
0.999 0.00242216 0.0446562 -1.28372 -0.00248545 0.999996 0.00136278 -5.06782 -0.0446528 -0.00147237 0.999002 288.16 
0.999143 0.00254939 0.0413203 -1.28251 -0.00260126 0.999996 0.00120264 -5.08072 -0.0413171 -0.00130905 0.999145 288.936 
0.999287 0.00210681 0.0376971 -1.26623 -0.0021643 0.999997 0.00148551 -5.10024 -0.0376939 -0.00156599 0.999288 289.689 
0.999434 0.00144709 0.0336066 -1.26141 -0.00146927 0.999999 0.000636721 -5.11115 -0.0336056 -0.000685696 0.999435 290.407 
0.999582 0.00309107 0.0287366 -1.25719 -0.00306346 0.999995 -0.00100326 -5.12191 -0.0287396 0.000914851 0.999587 291.106 
0.99973 0.00493953 0.022713 -1.27201 -0.00487422 0.999984 -0.00292821 -5.13854 -0.0227272 0.00281676 0.999738 291.763 
0.999879 0.00562963 0.0145342 -1.28927 -0.00556137 0.999973 -0.00472927 -5.15008 -0.0145605 0.00464791 0.999883 292.443 
0.999975 0.00562182 0.00421834 -1.30944 -0.00559828 0.999969 -0.00555981 -5.16958 -0.00424951 0.0055361 0.999976 293.1 
0.999937 0.0059469 -0.00947446 -1.33049 -0.00600172 0.999965 -0.00577219 -5.18736 0.00943976 0.00582873 0.999938 293.742 
0.999633 0.00717366 -0.0261178 -1.37294 -0.00730548 0.999961 -0.00495678 -5.20177 0.0260812 0.0051458 0.999647 294.366 
0.998902 0.00968826 -0.0458319 -1.43634 -0.00989348 0.999942 -0.00425375 -5.21065 0.045788 0.00470256 0.99894 295 
0.997567 0.0110133 -0.068844 -1.50009 -0.0113232 0.999927 -0.00411341 -5.22563 0.0687937 0.00488298 0.997619 295.599 
0.995433 0.0124232 -0.0946554 -1.57871 -0.0128554 0.99991 -0.00395859 -5.23707 0.0945976 0.00515739 0.995502 296.195 
0.992353 0.0138374 -0.122654 -1.68424 -0.0143572 0.999891 -0.0033559 -5.2509 0.122595 0.00509126 0.992444 296.791 
0.987961 0.0145676 -0.154014 -1.79343 -0.0150272 0.999885 -0.0018204 -5.26417 0.15397 0.00411293 0.988067 297.377 
0.982062 0.0142862 -0.188015 -1.92677 -0.0144843 0.999895 0.000320212 -5.27399 0.188 0.00240885 0.982166 297.926 
0.97424 0.0141467 -0.225071 -2.06147 -0.0140279 0.999899 0.00212716 -5.27861 0.225078 0.00108495 0.97434 298.493 
0.964607 0.0153348 -0.263246 -2.22974 -0.0145264 0.999882 0.00501673 -5.28666 0.263292 -0.00101511 0.964716 299.032 
0.952793 0.0167129 -0.30316 -2.40966 -0.0151006 0.999857 0.00766176 -5.28803 0.303244 -0.00272214 0.952909 299.555 
0.9388 0.0168355 -0.344052 -2.60914 -0.014323 0.999849 0.00984273 -5.28825 0.344165 -0.00431244 0.938899 300.058 
0.922349 0.0166125 -0.386001 -2.82639 -0.0130247 0.999844 0.011908 -5.29411 0.386139 -0.00595571 0.922421 300.56 
0.903078 0.0164343 -0.429163 -3.0508 -0.0116575 0.999837 0.013757 -5.30322 0.429319 -0.0074206 0.903122 301.037 
0.880789 0.0155234 -0.473254 -3.30431 -0.00974362 0.999845 0.0146621 -5.29725 0.473408 -0.00830299 0.880804 301.5 
0.855362 0.0142857 -0.517834 -3.57934 -0.00702347 0.999848 0.0159817 -5.28772 0.517983 -0.0100331 0.855332 301.948 
0.826605 0.0144223 -0.562598 -3.86712 -0.00508199 0.999822 0.0181638 -5.29682 0.56276 -0.0121551 0.826531 302.387 
0.79497 0.0156975 -0.606445 -4.20253 -0.00529916 0.999807 0.0189328 -5.29363 0.606625 -0.0118374 0.7949 302.79 
0.759917 0.0147295 -0.649854 -4.53889 -0.00265764 0.999805 0.0195537 -5.29683 0.650015 -0.0131321 0.759808 303.171 
0.722198 0.0136857 -0.691551 -4.91273 0.00145699 0.999772 0.0213069 -5.28507 0.691685 -0.0163953 0.722014 303.469 
0.679891 0.0125675 -0.733206 -5.28321 0.00822577 0.99966 0.0247623 -5.27662 0.733267 -0.0228668 0.679556 303.749 
0.633039 0.0131408 -0.774009 -5.66831 0.012583 0.999549 0.0272612 -5.2719 0.774018 -0.0269967 0.632588 303.997 
0.582989 0.0166574 -0.812309 -6.08431 0.0123261 0.999493 0.0293421 -5.26091 0.812387 -0.0271187 0.582488 304.217 
0.531034 0.0229513 -0.84704 -6.50395 0.00765719 0.999462 0.0318819 -5.25396 0.847316 -0.0234162 0.530573 304.389 
0.476297 0.0272615 -0.878862 -6.91507 0.00511523 0.999416 0.0337732 -5.25036 0.879269 -0.0205816 0.47588 304.546 
0.419193 0.0293998 -0.907421 -7.33084 0.00500571 0.999386 0.0346918 -5.23906 0.907883 -0.0190848 0.418788 304.685 
0.360138 0.0314945 -0.932367 -7.72476 0.00722435 0.999306 0.0365462 -5.23168 0.932871 -0.0198974 0.359661 304.818 
0.30023 0.0348256 -0.953231 -8.13126 0.00994756 0.999165 0.0396368 -5.22423 0.953815 -0.0213824 0.299633 304.93 
0.239301 0.0385826 -0.970179 -8.53963 0.0126131 0.999002 0.04284 -5.21297 0.970864 -0.0224886 0.238576 305.014 
0.175455 0.0418911 -0.983596 -8.96178 0.0156162 0.99885 0.0453264 -5.20095 0.984364 -0.0233127 0.174599 305.07 
0.109979 0.0460215 -0.992868 -9.39881 0.016527 0.998705 0.0481227 -5.18735 0.993797 -0.0217016 0.109076 305.089 
0.0434244 0.051704 -0.997718 -9.85158 0.0189229 0.998438 0.0525649 -5.17036 0.998878 -0.0211622 0.0423781 305.08 
-0.0249703 0.0578053 -0.998016 -10.3237 0.0216791 0.998123 0.0572692 -5.13994 0.999453 -0.020206 -0.0261766 305.042 
-0.0931411 0.0648176 -0.993541 -10.7964 0.0245526 0.997725 0.0627888 -5.11984 0.99535 -0.0185458 -0.0945206 304.962 
-0.161127 0.070851 -0.984387 -11.2781 0.0276081 0.997353 0.0672652 -5.09169 0.986548 -0.0163389 -0.162656 304.849 
-0.228302 0.0768 -0.970556 -11.7617 0.0319029 0.996939 0.0713831 -5.06687 0.973067 -0.0146666 -0.230054 304.703 
-0.293402 0.0812885 -0.952527 -12.2507 0.0369475 0.996598 0.0736688 -5.0361 0.955275 -0.0135789 -0.295407 304.515 
-0.35575 0.0837167 -0.930824 -12.7328 0.0413549 0.996415 0.0738105 -5.00416 0.933666 -0.012236 -0.357937 304.291 
-0.415094 0.0843083 -0.905864 -13.1988 0.045374 0.996376 0.0719405 -4.96913 0.908646 -0.0112405 -0.417415 304.031 
-0.47138 0.083835 -0.877937 -13.6746 0.0480026 0.996435 0.0693771 -4.92579 0.880623 -0.00944021 -0.473724 303.734 
-0.523213 0.0838908 -0.848063 -14.1508 0.0505724 0.996446 0.0673682 -4.88599 0.8507 -0.0076406 -0.525596 303.399 
-0.56974 0.0838229 -0.817539 -14.6209 0.0524853 0.996465 0.0655915 -4.84556 0.820147 -0.00553864 -0.572126 303.026 
-0.610489 0.0845811 -0.787496 -15.0779 0.0539309 0.996413 0.0652112 -4.81269 0.790187 -0.00265961 -0.61286 302.623 
-0.64781 0.0883954 -0.756656 -15.5405 0.058907 0.996084 0.0659331 -4.77462 0.759521 -0.00186017 -0.65048 302.187 
-0.684505 0.0954704 -0.72273 -16.0058 0.0675728 0.995429 0.0674943 -4.73797 0.72587 -0.0026366 -0.687827 301.721 
-0.719977 0.101094 -0.686595 -16.4657 0.0742744 0.994876 0.0685988 -4.69576 0.690012 -0.00160686 -0.723796 301.21 
-0.752372 0.103184 -0.650608 -16.8895 0.0776985 0.994662 0.0678975 -4.66541 0.654141 0.000532974 -0.756373 300.663 
-0.782166 0.10006 -0.614983 -17.3082 0.0776972 0.99498 0.0630678 -4.63022 0.618206 0.00154703 -0.786014 300.069 
-0.809436 0.0970015 -0.57914 -17.7215 0.0787718 0.995284 0.0566068 -4.59157 0.5819 0.000199731 -0.81326 299.44 
-0.834299 0.0923852 -0.543517 -18.1162 0.0777057 0.995723 0.0499716 -4.55574 0.545809 -0.000543131 -0.837909 298.765 
-0.856753 0.0903077 -0.507759 -18.4958 0.0784772 0.995913 0.0447122 -4.52585 0.509721 -0.00154013 -0.860338 298.063 
-0.877513 0.0882335 -0.471366 -18.8665 0.077428 0.9961 0.0423139 -4.48836 0.473261 0.000634065 -0.880922 297.315 
-0.896611 0.0848952 -0.434604 -19.1994 0.0750595 0.996385 0.0397812 -4.46553 0.43641 0.00304711 -0.899743 296.534 
-0.914072 0.0845722 -0.396635 -19.5259 0.0760778 0.99641 0.0371325 -4.44007 0.398352 0.00376661 -0.917225 295.718 
-0.929797 0.0866411 -0.357731 -19.8278 0.0790448 0.996227 0.0358331 -4.41121 0.359486 0.00504072 -0.933137 294.857 
-0.943384 0.0903591 -0.319158 -20.0957 0.0836204 0.99589 0.034784 -4.39355 0.32099 0.00612656 -0.947063 293.977 
-0.955458 0.0908047 -0.280812 -20.3539 0.0844603 0.995825 0.0346398 -4.35567 0.282785 0.0093794 -0.959138 293.042 
-0.965388 0.0937848 -0.243374 -20.5654 0.0879578 0.995519 0.0347249 -4.3407 0.24554 0.0121164 -0.969311 292.092 
-0.973903 0.0934523 -0.206831 -20.7512 0.088521 0.995528 0.0329907 -4.32362 0.20899 0.0138208 -0.97782 291.138 
-0.980564 0.0927247 -0.172908 -20.8901 0.0891432 0.995614 0.0283816 -4.30323 0.174782 0.0124164 -0.984529 290.146 
-0.985966 0.0910117 -0.139955 -20.9996 0.0885396 0.995788 0.0238028 -4.28267 0.141531 0.0110772 -0.989872 289.123 
