1 2.12261e-08 -2.11895e-08 0 2.12261e-08 1 2.10703e-08 0 -2.11895e-08 2.10703e-08 1 0 
0.999978 0.000552773 -0.00661872 -0.00833379 -0.000551475 1 0.000191501 2.47219e-05 0.00661879 -0.000187804 0.999978 0.0945765 
0.999906 0.000970514 -0.0136492 -0.0200704 -0.000968433 1 0.000155961 -0.0015539 0.0136493 -0.000142686 0.999907 0.193684 
0.999776 0.00140395 -0.0211005 -0.0344152 -0.00141831 0.999999 -0.000667794 5.45159e-05 0.0210994 0.000697614 0.999777 0.293232 
0.999541 0.00227446 -0.0302235 -0.0513416 -0.00233779 0.999995 -0.00206159 0.00164097 0.0302186 0.00213134 0.999541 0.393382 
0.999124 0.00225007 -0.0417986 -0.0690973 -0.00240649 0.99999 -0.00369347 0.00221535 0.0417898 0.00379087 0.999119 0.515197 
0.998461 0.00226565 -0.0554191 -0.0916283 -0.00251502 0.999987 -0.00443103 -0.000644407 0.0554083 0.00456363 0.998453 0.64488 
0.99743 0.00223772 -0.0716156 -0.12449 -0.00257297 0.999986 -0.00458986 0.00170172 0.0716043 0.00476237 0.997422 0.78608 
0.995891 0.00052645 -0.0905615 -0.152929 -0.000926691 0.99999 -0.004378 -0.00236538 0.0905583 0.00444397 0.995881 0.944685 
0.993876 -0.000591054 -0.110501 -0.192596 0.000101251 0.99999 -0.00443851 -0.00417159 0.110502 0.00440018 0.993866 1.11396 
0.991141 -0.000784275 -0.13281 -0.241945 0.000164627 0.999989 -0.00467689 -0.00961546 0.132812 0.00461364 0.991131 1.28743 
0.987607 0.00302326 -0.156916 -0.302704 -0.004035 0.999973 -0.00612974 -0.0129486 0.156893 0.00668698 0.987593 1.4612 
0.983175 0.00721862 -0.182522 -0.370599 -0.00874973 0.999933 -0.00758497 -0.021141 0.182455 0.00905442 0.983173 1.64797 
0.977736 0.00995465 -0.209605 -0.447583 -0.0119873 0.999893 -0.00842949 -0.0279799 0.209498 0.0107544 0.97775 1.83779 
0.970936 0.0107436 -0.239098 -0.530009 -0.0131685 0.999877 -0.0085468 -0.0319047 0.238977 0.011447 0.970958 2.03395 
0.96284 0.012809 -0.26977 -0.625153 -0.0155608 0.999846 -0.00806436 -0.0341124 0.269625 0.0119626 0.962891 2.23891 
0.953268 0.0145248 -0.301776 -0.731963 -0.0174477 0.999823 -0.00699221 -0.0366435 0.301621 0.0119308 0.953353 2.44234 
0.941796 0.0162397 -0.335792 -0.837889 -0.0193945 0.999794 -0.00604341 -0.0364612 0.335624 0.0122042 0.941917 2.64806 
0.929074 0.018633 -0.369425 -0.956811 -0.0222046 0.999739 -0.00541815 -0.0403062 0.369228 0.0132369 0.929245 2.84838 
0.914849 0.0213906 -0.40323 -1.08384 -0.0254747 0.999664 -0.00476674 -0.0399826 0.402992 0.0146331 0.915086 3.05197 
0.898552 0.0220111 -0.438315 -1.21966 -0.0263809 0.999644 -0.00388169 -0.0423054 0.438074 0.0150511 0.898813 3.25211 
0.879612 0.0172537 -0.47538 -1.35905 -0.022234 0.999741 -0.00485526 -0.0357322 0.475173 0.0148404 0.879767 3.45963 
0.857755 0.012804 -0.513899 -1.50147 -0.0176267 0.999835 -0.00450957 -0.0459445 0.513756 0.0129265 0.857839 3.65397 
0.832139 0.0144977 -0.554377 -1.67258 -0.0182749 0.999832 -0.00128428 -0.0478231 0.554266 0.0111999 0.832265 3.85291 
0.802337 0.0197924 -0.596543 -1.86807 -0.0227778 0.999737 0.00253403 -0.0515109 0.596436 0.0115548 0.802577 4.04122 
0.769128 0.0225214 -0.638697 -2.07422 -0.0257091 0.99966 0.00429015 -0.0545349 0.638577 0.0131207 0.769446 4.22035 
0.732397 0.0216319 -0.680534 -2.29642 -0.0249632 0.999676 0.00491071 -0.0522725 0.68042 0.0133917 0.7327 4.40076 
0.692035 0.0178009 -0.721645 -2.52705 -0.019031 0.999798 0.006412 -0.05485 0.721613 0.00929634 0.692234 4.57383 
0.648478 0.0142101 -0.761101 -2.78014 -0.013597 0.999883 0.00708324 -0.0523097 0.761112 0.00575541 0.648595 4.74879 
0.602934 0.013985 -0.797669 -3.05407 -0.010771 0.999898 0.0093891 -0.054119 0.797719 0.00293071 0.603023 4.90641 
0.55422 0.0146482 -0.832241 -3.34651 -0.00815502 0.999893 0.0121683 -0.0512545 0.83233 4.30773e-05 0.55428 5.04891 
0.503121 0.0152443 -0.864082 -3.65504 -0.00704185 0.999884 0.0135399 -0.0437539 0.864188 -0.000727433 0.503169 5.16773 
0.450082 0.0168027 -0.892829 -3.97757 -0.00539485 0.999856 0.0160973 -0.0449098 0.892971 -0.00242836 0.450107 5.27698 
0.395492 0.018908 -0.918275 -4.32405 -0.00460733 0.999816 0.0186027 -0.0375575 0.918458 -0.00312637 0.395506 5.36899 
0.339903 0.0206328 -0.940234 -4.6894 -0.00399664 0.999782 0.0204947 -0.0293333 0.940452 -0.00320838 0.339911 5.4486 
0.284799 0.0239008 -0.958289 -5.07652 -0.00131397 0.999698 0.0245431 -0.0295767 0.958586 -0.00573064 0.284744 5.51475 
0.231152 0.025553 -0.972582 -5.47362 0.00238845 0.999637 0.0268315 -0.0216508 0.972915 -0.00852508 0.231007 5.56235 
0.180261 0.0261848 -0.98327 -5.88806 0.00498365 0.999609 0.0275335 -0.0194801 0.983606 -0.00986345 0.18006 5.59258 
0.132624 0.0270823 -0.990796 -6.32627 0.00302505 0.999611 0.0277282 -0.012241 0.991162 -0.00667459 0.132491 5.60616 
0.0901174 0.0270431 -0.995564 -6.77237 0.000905344 0.999629 0.0272355 0.00102892 0.995931 -0.00335567 0.0900594 5.60106 
0.0523727 0.0255537 -0.998301 -7.22892 -0.000448057 0.999673 0.0255653 0.0128787 0.998628 -0.000891587 0.0523671 5.58414 
0.0175256 0.0228738 -0.999585 -7.70318 0.000560815 0.999738 0.0228871 0.0200836 0.999846 -0.000961652 0.0175082 5.5661 
-0.0139824 0.0200801 -0.999701 -8.18929 0.000717886 0.999798 0.020072 0.028533 0.999902 -0.000436975 -0.013994 5.5302 
-0.040503 0.0182835 -0.999012 -8.69319 0.0003619 0.999833 0.0182839 0.0328782 0.999179 0.000379051 -0.0405029 5.47893 
-0.0613906 0.0156878 -0.997991 -9.21465 -0.000399931 0.999876 0.015742 0.0461449 0.998114 0.00136558 -0.0613767 5.42281 
-0.0780049 0.0148903 -0.996842 -9.74287 0.000273424 0.999889 0.0149144 0.0564357 0.996953 0.000890878 -0.0780003 5.36246 
-0.0906673 0.0154472 -0.995761 -10.2801 0.000454844 0.99988 0.0154697 0.060079 0.995881 0.000949721 -0.0906635 5.2905 
-0.100357 0.016498 -0.994815 -10.8365 -0.000485024 0.999862 0.0166307 0.0625118 0.994951 0.00215154 -0.100335 5.22001 
-0.106993 0.0179033 -0.994099 -11.4162 -0.0025859 0.99983 0.0182848 0.0602456 0.994256 0.00452702 -0.106928 5.13365 
-0.111746 0.0187828 -0.993559 -12.0028 -0.00220233 0.999814 0.0191488 0.0667915 0.993734 0.00432798 -0.111684 5.05569 
-0.113099 0.0194939 -0.993393 -12.6114 0.000198592 0.999808 0.0195971 0.0760293 0.993584 0.00201918 -0.113081 4.97861 
-0.11235 0.0216992 -0.993432 -13.2361 0.00228149 0.999765 0.0215795 0.0854922 0.993666 0.000157996 -0.112373 4.90039 
-0.111102 0.0243336 -0.993511 -13.8755 0.00177403 0.999703 0.0242869 0.0891419 0.993808 0.000935828 -0.111112 4.81894 
-0.109562 0.0241387 -0.993687 -14.5248 -0.000791291 0.999703 0.0243721 0.0961801 0.99398 0.0034566 -0.109511 4.73368 
-0.108202 0.0214623 -0.993897 -15.19 -0.00215072 0.99976 0.0218231 0.106446 0.994127 0.00449894 -0.10813 4.65067 
-0.107127 0.0212883 -0.994017 -15.8771 -0.00247468 0.999762 0.021678 0.116948 0.994242 0.00478221 -0.107049 4.56626 
-0.105515 0.0239179 -0.99413 -16.5802 -0.00183963 0.999704 0.0242473 0.132324 0.994416 0.00438733 -0.10544 4.48289 
-0.103449 0.0273198 -0.99426 -17.3011 -0.00299879 0.99961 0.0277788 0.142975 0.99463 0.00585529 -0.103326 4.39078 
-0.101798 0.0294671 -0.994369 -18.037 -0.00315694 0.999547 0.0299438 0.151731 0.9948 0.00618741 -0.101659 4.30168 
-0.0999106 0.0285908 -0.994586 -18.7752 -0.00511152 0.999559 0.0292472 0.166586 0.994983 0.00800599 -0.0997205 4.21144 
-0.0982765 0.0255555 -0.994831 -19.5256 -0.00714648 0.999626 0.0263847 0.181748 0.995134 0.00970258 -0.0980572 4.11919 
-0.0968928 0.0248985 -0.994983 -20.2983 -0.00799893 0.999635 0.0257939 0.194188 0.995263 0.0104581 -0.0966583 4.02942 
-0.0955566 0.0273429 -0.995048 -21.0788 -0.00515375 0.999596 0.0279628 0.211147 0.995411 0.0078003 -0.095377 3.94821 
-0.0944151 0.0294475 -0.995097 -21.8717 -0.00287336 0.99955 0.0298519 0.22466 0.995529 0.00567778 -0.094288 3.86077 
-0.0931612 0.0311848 -0.995163 -22.6673 -0.00162063 0.999503 0.0314725 0.236413 0.99565 0.00454485 -0.0930644 3.77414 
-0.0928365 0.0265941 -0.995326 -23.4642 -0.00139735 0.999639 0.0268397 0.243979 0.99568 0.00388256 -0.0927659 3.68965 
-0.092501 0.0195397 -0.995521 -24.2705 0.000282187 0.999808 0.0195976 0.252991 0.995713 0.00153191 -0.0924888 3.59901 
-0.092749 0.0152534 -0.995573 -25.0823 0.00347619 0.999882 0.0149956 0.258354 0.995683 -0.00206993 -0.0927911 3.51414 
-0.0932174 0.016068 -0.995516 -25.9093 0.00442914 0.999867 0.0157235 0.266123 0.995636 -0.00294353 -0.0932761 3.42381 
-0.0934473 0.0233649 -0.99535 -26.7558 0.00422389 0.999725 0.023071 0.271427 0.995615 -0.00204828 -0.0935203 3.32936 
-0.0936532 0.0304731 -0.995138 -27.5983 0.00255368 0.999536 0.0303674 0.279853 0.995602 0.000302777 -0.0936876 3.23101 
-0.0940675 0.0357285 -0.994925 -28.442 0.000753764 0.999358 0.0358165 0.290705 0.995566 0.00261927 -0.0940341 3.13195 
-0.0945708 0.0359863 -0.994868 -29.2849 -0.000801871 0.999343 0.0362245 0.303012 0.995518 0.00422357 -0.0944798 3.03535 
-0.0950523 0.0325307 -0.994941 -30.1194 -0.000557325 0.999464 0.0327319 0.317293 0.995472 0.00366578 -0.0949832 2.94434 
-0.0955736 0.0299754 -0.994971 -30.9552 -0.000680748 0.999544 0.0301786 0.330291 0.995422 0.00356164 -0.0955096 2.84913 
-0.0960204 0.031207 -0.99489 -31.7923 -0.0018768 0.999501 0.0315328 0.344426 0.995378 0.00489504 -0.0959139 2.75555 
-0.0958478 0.0333735 -0.994836 -32.6336 -0.00277012 0.999425 0.0337943 0.355618 0.995392 0.00599497 -0.0957003 2.65285 
-0.0958614 0.0319588 -0.994882 -33.4657 -0.00373533 0.999466 0.0324659 0.360744 0.995388 0.00682847 -0.0956908 2.55894 
-0.0954751 0.0269549 -0.995067 -34.2987 -0.00469789 0.99961 0.0275287 0.368962 0.995421 0.00730306 -0.0953113 2.45919 
-0.0951989 0.0227278 -0.995199 -35.1354 -0.00590358 0.999709 0.0233955 0.380619 0.995441 0.0081025 -0.095037 2.35286 
-0.0947489 0.0234425 -0.995225 -35.9668 -0.00531805 0.999697 0.0240542 0.386203 0.995487 0.00757181 -0.0945955 2.25696 
-0.0943074 0.0260761 -0.995202 -36.8062 -0.00411477 0.999638 0.0265823 0.390375 0.995535 0.00660197 -0.094166 2.15933 
-0.0941326 0.0308605 -0.995081 -37.6486 -0.00386349 0.999501 0.0313631 0.402307 0.995552 0.00679681 -0.0939664 2.07101 
-0.093619 0.0362783 -0.994947 -38.4877 -0.00273532 0.999323 0.0366952 0.417987 0.995604 0.00615691 -0.0934564 1.97899 
-0.0939998 0.0395953 -0.994785 -39.3238 -0.0028079 0.999194 0.0400362 0.430964 0.995568 0.00655669 -0.0938129 1.88853 
-0.0935101 0.0391827 -0.994847 -40.157 -0.00238823 0.999214 0.0395792 0.451054 0.995616 0.00607702 -0.093343 1.7899 
-0.0935511 0.0347895 -0.995007 -40.981 -0.00235941 0.999379 0.0351642 0.466932 0.995612 0.00563732 -0.0934109 1.69902 
-0.0933555 0.0303934 -0.995169 -41.8015 -0.0033519 0.999519 0.0308407 0.48084 0.995627 0.0062149 -0.0932087 1.60915 
-0.0934594 0.0273709 -0.995247 -42.6273 -0.00706606 0.999579 0.0281536 0.495268 0.995598 0.00966373 -0.0932266 1.51374 
-0.094103 0.0254635 -0.995237 -43.4552 -0.0102852 0.999595 0.0265475 0.504786 0.995509 0.0127345 -0.093803 1.41729 
-0.0949019 0.0235386 -0.995208 -44.281 -0.00804244 0.99967 0.0244111 0.511352 0.995454 0.0103206 -0.0946813 1.32503 
-0.0959749 0.0201189 -0.99518 -45.1003 -0.0048369 0.999775 0.0206782 0.515009 0.995372 0.00679822 -0.0958559 1.23238 
-0.0970674 0.0185893 -0.995104 -45.924 -0.000541259 0.999824 0.0187302 0.523264 0.995278 0.00235674 -0.0970403 1.14506 
-0.0991729 0.0221202 -0.994824 -46.7487 3.265e-05 0.999753 0.0222265 0.527243 0.99507 0.00217182 -0.0991491 1.04901 
-0.101045 0.0283372 -0.994478 -47.5792 0.00275989 0.999598 0.0282027 0.533746 0.994878 0.000105143 -0.101083 0.951527 
-0.103259 0.0319401 -0.994142 -48.3965 0.00466591 0.999489 0.0316273 0.541152 0.994644 -0.00137274 -0.103355 0.858631 
-0.104823 0.0311756 -0.994002 -49.2043 0.00473843 0.999513 0.0308487 0.548885 0.99448 -0.00147631 -0.10492 0.759986 
-0.106027 0.0269482 -0.993998 -50.0074 0.00139093 0.999636 0.0269526 0.556586 0.994362 0.00147517 -0.106026 0.654326 
-0.107416 0.0230411 -0.993947 -50.7987 -0.00327414 0.999718 0.0235287 0.56479 0.994209 0.00578172 -0.10731 0.548849 
-0.108972 0.021401 -0.993814 -51.5924 -0.00723395 0.999725 0.0223215 0.570862 0.994018 0.00962167 -0.108788 0.44067 
-0.10996 0.0225814 -0.99368 -52.3864 -0.00875607 0.999681 0.0236867 0.572762 0.993897 0.0113054 -0.109727 0.334727 
-0.111225 0.0240966 -0.993503 -53.177 -0.00832875 0.999648 0.0251781 0.578984 0.99376 0.0110751 -0.110985 0.2321 
-0.112403 0.0236228 -0.993382 -53.9581 -0.00995517 0.99964 0.0248981 0.582472 0.993613 0.0126879 -0.112127 0.128725 
-0.112987 0.023545 -0.993318 -54.7439 -0.0107209 0.999632 0.0249141 0.581684 0.993539 0.0134642 -0.112693 0.0208597 
-0.113668 0.0254884 -0.993192 -55.5235 -0.0087939 0.999606 0.0266594 0.589131 0.99348 0.0117644 -0.113399 -0.0806451 
-0.113861 0.0281019 -0.993099 -56.3009 -0.00753617 0.999547 0.0291484 0.600373 0.993468 0.0108031 -0.113598 -0.187259 
-0.114004 0.0325808 -0.992946 -57.0741 -0.00779445 0.999402 0.0336875 0.603958 0.99345 0.01158 -0.113682 -0.291767 
-0.114777 0.0346773 -0.992786 -57.8392 -0.00803619 0.999325 0.0358348 0.61145 0.993359 0.0120913 -0.114421 -0.395178 
-0.11569 0.0345619 -0.992684 -58.5981 -0.00720099 0.999339 0.0356329 0.625619 0.993259 0.0112707 -0.115365 -0.496524 
-0.116179 0.0326988 -0.99269 -59.3509 -0.00620059 0.999415 0.033646 0.631089 0.993209 0.0100643 -0.115909 -0.59482 
-0.116631 0.0291431 -0.992748 -60.0904 -0.0057013 0.999533 0.0300121 0.641715 0.993159 0.00916033 -0.11641 -0.694171 
-0.116612 0.0265199 -0.992823 -60.8117 -0.00622594 0.999604 0.0274323 0.64327 0.993158 0.00938023 -0.116401 -0.791323 
-0.115813 0.0240881 -0.992979 -61.5188 -0.00683234 0.999663 0.0250471 0.651647 0.993248 0.0096852 -0.11561 -0.881175 
-0.113713 0.0232276 -0.993242 -62.2159 -0.00888252 0.999663 0.0243947 0.655306 0.993474 0.0115965 -0.113469 -0.975712 
-0.109936 0.0241793 -0.993645 -62.8955 -0.00921232 0.999636 0.0253443 0.657591 0.993896 0.0119401 -0.109673 -1.06085 
-0.104292 0.0257091 -0.994214 -63.5622 -0.00813442 0.99961 0.0267019 0.661587 0.994513 0.0108722 -0.104042 -1.13934 
-0.097314 0.0271985 -0.994882 -64.2133 -0.00723646 0.999581 0.0280348 0.665588 0.995227 0.00992764 -0.0970764 -1.20897 
-0.0885207 0.0283701 -0.99567 -64.8504 -0.00815658 0.99954 0.0292056 0.670274 0.996041 0.0107066 -0.0882486 -1.27792 
-0.07698 0.030053 -0.99658 -65.4697 -0.0100759 0.999471 0.0309185 0.674039 0.996982 0.0124216 -0.0766364 -1.33351 
-0.0620436 0.031361 -0.997581 -66.0747 -0.0134754 0.999389 0.0322559 0.681233 0.997983 0.0154442 -0.061583 -1.38013 
-0.0437938 0.0325923 -0.998509 -66.6652 -0.0151388 0.999331 0.0332831 0.686407 0.998926 0.0165739 -0.0432711 -1.4071 
-0.0216433 0.0334113 -0.999207 -67.2296 -0.0161615 0.999299 0.0337645 0.690695 0.999635 0.0168795 -0.0210881 -1.41659 
0.00358524 0.0338574 -0.99942 -67.7691 -0.0156812 0.999306 0.0337973 0.694181 0.999871 0.015551 0.00411368 -1.40143 
0.0328267 0.0334256 -0.998902 -68.2865 -0.0141781 0.999356 0.0329749 0.700807 0.999361 0.0130801 0.0332794 -1.36978 
0.0671337 0.0334332 -0.997184 -68.7782 -0.0128794 0.999384 0.0326399 0.707332 0.997661 0.0106519 0.067523 -1.32136 
0.104736 0.0336794 -0.99393 -69.25 -0.0122736 0.999394 0.0325713 0.713477 0.994424 0.00878772 0.105086 -1.24999 
0.145723 0.0334731 -0.988759 -69.7055 -0.0120643 0.999413 0.0320558 0.716611 0.989252 0.00725746 0.146042 -1.16055 
0.191166 0.0345301 -0.98095 -70.1482 -0.0112509 0.999393 0.0329867 0.720391 0.981493 0.0047307 0.191438 -1.0528 
0.240152 0.0332418 -0.970166 -70.576 -0.00791878 0.999447 0.0322849 0.722132 0.970703 -7.06972e-05 0.240282 -0.9221 
0.290843 0.0289035 -0.956334 -70.9786 -0.000388394 0.999547 0.0300914 0.720311 0.956771 -0.00838038 0.290722 -0.765002 
0.343069 0.0241168 -0.939001 -71.3544 0.00490904 0.999611 0.027467 0.713741 0.939297 -0.0140326 0.342817 -0.605833 
0.396154 0.0193369 -0.917981 -71.735 0.010126 0.999625 0.0254266 0.720847 0.918128 -0.0193682 0.395809 -0.408077 
0.448343 0.0189367 -0.893661 -72.1107 0.00955402 0.999617 0.0259751 0.730474 0.893811 -0.0201838 0.44799 -0.197621 
0.497431 0.0178458 -0.86732 -72.4674 0.0109477 0.99958 0.0268459 0.734984 0.867434 -0.0228491 0.497027 0.0335716 
0.543233 0.013466 -0.839474 -72.8121 0.0185609 0.999434 0.0280429 0.743595 0.839377 -0.0308152 0.542676 0.297171 
0.587736 0.00727274 -0.80902 -73.1291 0.0287309 0.999141 0.0298542 0.746035 0.808542 -0.0407903 0.587023 0.584741 
0.63132 0.00267114 -0.775518 -73.4368 0.0295706 0.999184 0.0275138 0.746929 0.774959 -0.0403025 0.630726 0.868079 
0.673488 -0.00258973 -0.739193 -73.7353 0.0264291 0.999439 0.0205784 0.757128 0.738725 -0.0333955 0.673179 1.16638 
0.715143 -0.00927469 -0.698916 -74.0171 0.0224621 0.999701 0.00971748 0.76281 0.698617 -0.0226485 0.715137 1.47875 
0.755424 -0.0120131 -0.655126 -74.2954 0.0173996 0.999847 0.00172913 0.767144 0.655005 -0.0127051 0.755517 1.82391 
0.793542 -0.0128481 -0.60838 -74.5574 0.0155751 0.999878 -0.000800595 0.765879 0.608316 -0.00884019 0.793646 2.19438 
0.828304 -0.0141327 -0.560101 -74.8005 0.0154996 0.999877 -0.00230784 0.764908 0.560064 -0.00676971 0.828421 2.59922 
0.859773 -0.012923 -0.510512 -75.034 0.0123338 0.999914 -0.00453979 0.765666 0.510527 -0.00239332 0.859858 3.02837 
0.886551 -0.0113257 -0.462492 -75.2522 0.0113718 0.999932 -0.00268817 0.755837 0.46249 -0.0028761 0.88662 3.48678 
0.908454 -0.00488018 -0.417956 -75.4622 0.00460571 0.999988 -0.00166544 0.751781 0.417959 -0.000411965 0.908466 3.97013 
0.92648 -0.000674145 -0.376343 -75.6582 -0.000558702 0.999995 -0.00316679 0.748371 0.376343 0.00314428 0.926475 4.47237 
0.940402 0.0044524 -0.340036 -75.8418 -0.00531703 0.999985 -0.00161113 0.743683 0.340023 0.00332314 0.940411 5.0019 
0.950807 0.00533399 -0.309737 -76.016 -0.00549196 0.999985 0.000361833 0.736983 0.309735 0.00135708 0.950822 5.55319 
0.958418 0.00428491 -0.285335 -76.1777 -0.00389663 0.999991 0.00192839 0.730822 0.285341 -0.000736311 0.958426 6.12154 
0.964437 0.0045139 -0.264274 -76.3366 -0.00355952 0.999985 0.00408995 0.725489 0.264288 -0.00300376 0.964439 6.7138 
0.96926 0.00728194 -0.245931 -76.4957 -0.00581647 0.999961 0.00668459 0.722292 0.24597 -0.00504861 0.969264 7.31773 
0.972964 0.0120134 -0.230643 -76.65 -0.010369 0.999912 0.0083403 0.719234 0.230723 -0.00572324 0.973003 7.9418 
0.975988 0.0156532 -0.217259 -76.8058 -0.0138937 0.999857 0.00962368 0.713524 0.217379 -0.00637402 0.976067 8.57931 
0.978821 0.0138535 -0.204251 -76.9458 -0.0122252 0.999883 0.00923201 0.714004 0.204355 -0.00653944 0.978875 9.23731 
0.981506 0.0137478 -0.190935 -77.071 -0.0122495 0.999884 0.00902509 0.70652 0.191037 -0.00651929 0.981561 9.90232 
0.984197 0.014083 -0.176516 -77.1987 -0.0125362 0.999873 0.00987472 0.705782 0.176632 -0.00750579 0.984248 10.5934 
0.986559 0.0152391 -0.162692 -77.3202 -0.0137255 0.999852 0.0104235 0.702922 0.162827 -0.00805036 0.986622 11.2974 
0.988589 0.0153438 -0.149855 -77.4409 -0.0143882 0.999869 0.00745857 0.699983 0.14995 -0.00521728 0.98868 12.0121 
0.990171 0.0157969 -0.138968 -77.5552 -0.0156371 0.999875 0.00224147 0.693722 0.138986 -4.63323e-05 0.990294 12.7373 
0.991489 0.0138112 -0.129455 -77.6607 -0.0144401 0.999888 -0.00392067 0.689833 0.129386 0.00575669 0.991578 13.477 
0.992524 0.0137647 -0.121274 -77.7607 -0.0143762 0.999888 -0.00416906 0.683546 0.121203 0.00588139 0.99261 14.229 
0.993278 0.0153627 -0.114726 -77.8604 -0.0152159 0.999882 0.00215544 0.673909 0.114745 -0.000395261 0.993395 14.9917 
0.993773 0.0200078 -0.109614 -77.968 -0.0190099 0.999768 0.0101411 0.667211 0.109792 -0.00799414 0.993923 15.7627 
0.9942 0.0208812 -0.105503 -78.0595 -0.0195133 0.999712 0.0139805 0.656415 0.105765 -0.0118406 0.994321 16.5285 
0.994599 0.0193622 -0.101968 -78.1531 -0.0181775 0.999756 0.0125338 0.658704 0.102185 -0.0106126 0.994709 17.2943 
0.994898 0.0192559 -0.0990276 -78.2378 -0.0181798 0.999766 0.0117577 0.652621 0.0992308 -0.00989741 0.995015 18.0521 
0.995207 0.0172895 -0.0962474 -78.3224 -0.016031 0.999776 0.0138327 0.655812 0.0964649 -0.0122235 0.995261 18.8191 
0.995511 0.0153032 -0.0934003 -78.411 -0.0138654 0.999776 0.0160231 0.655711 0.0936245 -0.0146561 0.9955 19.5924 
0.995822 0.0129331 -0.0903927 -78.4927 -0.0113735 0.999778 0.0177468 0.65417 0.0906021 -0.0166446 0.995748 20.3618 
0.996055 0.0117921 -0.0879562 -78.5676 -0.0105858 0.999844 0.0141684 0.649919 0.0881095 -0.0131814 0.996024 21.1187 
0.996159 0.0147978 -0.0862981 -78.6509 -0.0142721 0.999876 0.00670565 0.646071 0.0863866 -0.0054482 0.996247 21.8698 
0.996301 0.0152675 -0.0845675 -78.7307 -0.0154026 0.999881 -0.000945015 0.636497 0.084543 0.00224412 0.996417 22.6168 
0.996385 0.0163017 -0.0833763 -78.8058 -0.0167639 0.999848 -0.00484737 0.623727 0.0832846 0.00622761 0.996506 23.3652 
0.996539 0.0177629 -0.0812034 -78.8855 -0.0180741 0.999832 -0.0030991 0.608477 0.0811346 0.00455609 0.996693 24.1225 
0.996667 0.0212851 -0.0787471 -78.9671 -0.0212795 0.999773 0.000909744 0.590862 0.0787486 0.000769027 0.996894 24.8824 
0.996751 0.0245408 -0.0767218 -79.0455 -0.0241393 0.99969 0.00615561 0.572968 0.0768491 -0.00428355 0.997034 25.6511 
0.996992 0.0216309 -0.074426 -79.1093 -0.0210809 0.999744 0.00816791 0.564455 0.0745836 -0.00657433 0.997193 26.3999 
0.997149 0.0185777 -0.0731354 -79.178 -0.0180498 0.999806 0.00787314 0.557856 0.0732675 -0.00653057 0.997291 27.1541 
0.997259 0.0168444 -0.0720463 -79.242 -0.0162959 0.999834 0.00819322 0.545328 0.0721723 -0.00699666 0.997368 27.9053 
0.997357 0.0161769 -0.0708334 -79.3149 -0.0157834 0.999857 0.00611047 0.541702 0.0709221 -0.00497629 0.997469 28.6481 
0.997425 0.0144502 -0.0702421 -79.378 -0.0141506 0.999889 0.00476032 0.536505 0.0703031 -0.00375405 0.997519 29.404 
0.997479 0.0138014 -0.0696061 -79.4431 -0.0134948 0.999897 0.00487219 0.529841 0.0696661 -0.00392054 0.997563 30.1648 
0.99747 0.0172738 -0.0689516 -79.5101 -0.0169242 0.999841 0.00565095 0.527131 0.0690382 -0.00446966 0.997604 30.937 
0.997472 0.016856 -0.0690369 -79.5808 -0.0165764 0.999852 0.00462119 0.522161 0.0691045 -0.00346508 0.997603 31.714 
0.997361 0.01605 -0.0708046 -79.6516 -0.0157517 0.999865 0.00476793 0.509811 0.0708715 -0.00364001 0.997479 32.4921 
0.997268 0.0132665 -0.0726612 -79.7245 -0.0129171 0.999903 0.00527536 0.501917 0.0727241 -0.00432233 0.997343 33.2645 
0.997019 0.0150353 -0.0756781 -79.8063 -0.0146975 0.999879 0.00501737 0.497059 0.0757443 -0.00389009 0.99712 34.0439 
0.996749 0.0187036 -0.0783684 -79.8902 -0.0183948 0.99982 0.00465984 0.487419 0.0784414 -0.00320307 0.996914 34.8466 
0.996572 0.0195416 -0.0803879 -79.985 -0.0196517 0.999807 -0.000577922 0.484538 0.080361 0.00215574 0.996764 35.6276 
0.996356 0.0200823 -0.0828898 -80.0695 -0.0204733 0.999783 -0.00387118 0.47141 0.082794 0.00555415 0.996551 36.436 
0.996226 0.0189574 -0.0847039 -80.1604 -0.0194927 0.999795 -0.00549731 0.462325 0.0845823 0.00712772 0.996391 37.255 
0.996015 0.0191061 -0.0871175 -80.2449 -0.0195088 0.999803 -0.00377424 0.443503 0.0870282 0.00545881 0.996191 38.0805 
0.99585 0.0177275 -0.0892633 -80.3352 -0.0180838 0.999831 -0.0031851 0.431036 0.0891917 0.00478614 0.996003 38.9086 
0.995703 0.0171365 -0.091004 -80.4275 -0.0173396 0.999849 -0.00144244 0.420739 0.0909655 0.00301426 0.99585 39.7441 
0.995584 0.0167945 -0.0923607 -80.5216 -0.0166405 0.999859 0.00243678 0.406383 0.0923885 -0.000889046 0.995723 40.5867 
0.995518 0.0162521 -0.0931641 -80.6185 -0.0156434 0.999851 0.00725923 0.394821 0.0932682 -0.00576924 0.995624 41.4354 
0.995592 0.0164708 -0.0923344 -80.7162 -0.0156562 0.999832 0.00953924 0.386566 0.092476 -0.00805153 0.995682 42.2866 
0.995725 0.0194458 -0.0902965 -80.816 -0.0186727 0.999782 0.00939843 0.382669 0.0904594 -0.00767213 0.995871 43.1463 
0.995901 0.0195728 -0.0883064 -80.9111 -0.0189402 0.999789 0.00799481 0.377022 0.0884442 -0.00628946 0.996061 44.0121 
0.996059 0.0171819 -0.0870171 -80.9962 -0.0167369 0.999843 0.0058407 0.369447 0.0871037 -0.00436124 0.99619 44.8852 
0.996288 0.0134158 -0.0850305 -81.0819 -0.0131083 0.999905 0.00417258 0.362748 0.0850784 -0.00304244 0.99637 45.7524 
0.996455 0.012288 -0.0832266 -81.1655 -0.0120001 0.99992 0.00395864 0.35366 0.0832686 -0.00294584 0.996523 46.6207 
0.996533 0.00949622 -0.0826584 -81.2508 -0.00899777 0.999939 0.00640028 0.342881 0.082714 -0.0056343 0.996557 47.5065 
0.996636 0.00701575 -0.0816569 -81.3356 -0.00631031 0.999941 0.00889351 0.333271 0.0817144 -0.00834827 0.996621 48.3788 
0.996712 0.00644776 -0.0807647 -81.4231 -0.0057067 0.99994 0.00940256 0.319592 0.0808204 -0.00891071 0.996689 49.2391 
0.99679 0.0077236 -0.0796844 -81.5091 -0.00726023 0.999955 0.00610255 0.308903 0.079728 -0.00550439 0.996802 50.1113 
0.996845 0.0103721 -0.0786867 -81.6075 -0.0103619 0.999946 0.00053725 0.29347 0.078688 0.000279835 0.996899 50.9743 
0.99692 0.0123513 -0.0774477 -81.6969 -0.0127782 0.999906 -0.0050189 0.280038 0.0773783 0.00599313 0.996984 51.8317 
0.996902 0.0167068 -0.0768586 -81.7831 -0.017602 0.999785 -0.0109855 0.260698 0.0766585 0.0123044 0.996982 52.6766 
0.997 0.0168644 -0.0755422 -81.8682 -0.0177934 0.999774 -0.0116423 0.235743 0.0753288 0.0129516 0.997075 53.5275 
0.997074 0.0140753 -0.0751335 -81.9504 -0.0145564 0.999877 -0.00585945 0.221567 0.0750418 0.00693602 0.997156 54.3803 
0.997029 0.0134825 -0.0758403 -82.0301 -0.0132785 0.999907 0.00319381 0.202499 0.0758763 -0.00217724 0.997115 55.2356 
0.996956 0.0126403 -0.0769323 -82.1134 -0.0118388 0.999871 0.0108661 0.186457 0.0770597 -0.00992219 0.996977 56.096 
0.996787 0.0106675 -0.0793839 -82.1932 -0.0100081 0.999912 0.008699 0.175576 0.0794697 -0.00787653 0.996806 56.9368 
0.996672 0.00548029 -0.0813274 -82.269 -0.00507305 0.999974 0.00521279 0.16903 0.0813538 -0.00478282 0.996674 57.7759 
0.996459 0.00419896 -0.0839754 -82.3526 -0.00389914 0.999985 0.0037335 0.156982 0.0839898 -0.0033928 0.996461 58.6074 
0.996213 0.00776719 -0.0865975 -82.4442 -0.00767834 0.99997 0.00135858 0.148147 0.0866053 -0.000688467 0.996243 59.4316 
0.99592 0.00940434 -0.0897551 -82.5396 -0.00960297 0.999952 -0.00178198 0.129758 0.089734 0.00263667 0.995962 60.2509 
0.995577 0.0098312 -0.0934384 -82.6388 -0.0103892 0.999931 -0.00548741 0.11618 0.0933779 0.00643393 0.99561 61.0678 
0.995251 0.0118589 -0.0966219 -82.7358 -0.0128133 0.999875 -0.00926361 0.0949572 0.0964999 0.0104577 0.995278 61.8721 
0.994889 0.0166379 -0.0995997 -82.8442 -0.0176369 0.999803 -0.00915904 0.0722221 0.0994276 0.0108689 0.994985 62.6777 
0.994475 0.0202197 -0.10301 -82.9522 -0.0211232 0.999747 -0.00768814 0.0585617 0.102828 0.00982161 0.994651 63.4819 
0.993997 0.023256 -0.106904 -83.0622 -0.0235796 0.99972 -0.00176377 0.0399984 0.106833 0.00427397 0.994268 64.2778 
0.993536 0.0236503 -0.111026 -83.1719 -0.0233562 0.999719 0.00394852 0.0201619 0.111089 -0.0013298 0.99381 65.0744 
0.992991 0.0229474 -0.115943 -83.2815 -0.0222213 0.999725 0.00755148 0.00909617 0.116084 -0.00492211 0.993227 65.8673 
0.992205 0.0223122 -0.122601 -83.3937 -0.021399 0.999733 0.00876035 -0.00148276 0.122764 -0.00606849 0.992417 66.654 
0.991551 0.019393 -0.12826 -83.5125 -0.0179462 0.999762 0.0124259 -0.0115933 0.12847 -0.0100191 0.991663 67.4289 
0.990696 0.0203136 -0.134568 -83.6359 -0.0188067 0.999746 0.0124602 -0.0208222 0.134787 -0.00981348 0.990826 68.193 
0.989765 0.0252127 -0.140463 -83.775 -0.0238536 0.999651 0.0113513 -0.0279941 0.140701 -0.0078845 0.990021 68.969 
0.988842 0.0270121 -0.146502 -83.9119 -0.0261852 0.999628 0.00757002 -0.0331469 0.146652 -0.00364933 0.989182 69.7422 
0.987954 0.0259269 -0.152559 -84.0452 -0.0254969 0.999664 0.00477382 -0.0406535 0.152632 -0.00082648 0.988283 70.5088 
0.987078 0.0271929 -0.157919 -84.1872 -0.0269596 0.99963 0.00361933 -0.0485454 0.157959 0.000684915 0.987446 71.2712 
0.986295 0.0289245 -0.162439 -84.3329 -0.02792 0.999574 0.00846382 -0.0528948 0.162615 -0.00381248 0.986682 72.0346 
0.985378 0.029586 -0.167796 -84.4983 -0.0278648 0.999532 0.012603 -0.0572276 0.16809 -0.00774311 0.985741 72.7736 
0.984352 0.0291025 -0.173794 -84.6505 -0.0269256 0.999527 0.0148702 -0.066195 0.174144 -0.00995794 0.98467 73.5315 
0.983115 0.0266861 -0.18103 -84.8025 -0.0250645 0.999623 0.0112397 -0.0740221 0.181262 -0.00651249 0.983413 74.2777 
0.981635 0.024134 -0.189234 -84.9666 -0.0238571 0.999708 0.00374128 -0.0711335 0.189269 0.000842047 0.981925 75.0216 
0.979907 0.0221795 -0.198216 -85.1337 -0.0222184 0.999751 0.00202771 -0.0811659 0.198212 0.00241713 0.980156 75.7599 
0.977689 0.0213739 -0.20897 -85.3117 -0.0208226 0.999772 0.00483785 -0.0889418 0.209025 -0.000378583 0.97791 76.5031 
0.975307 0.0212248 -0.219832 -85.4969 -0.0192332 0.999752 0.0111961 -0.0943923 0.220015 -0.00669155 0.975473 77.241 
0.972517 0.0229227 -0.231702 -85.6963 -0.0190754 0.999641 0.0188315 -0.0976301 0.23205 -0.013894 0.972605 77.9775 
0.969816 0.023345 -0.242717 -85.9008 -0.0185102 0.999583 0.022181 -0.100634 0.243133 -0.0170187 0.969844 78.7007 
0.966853 0.0264692 -0.253957 -86.1167 -0.0227106 0.999585 0.0177207 -0.107313 0.254321 -0.0113657 0.967053 79.4124 
0.963642 0.0259139 -0.265936 -86.334 -0.0245054 0.999663 0.00861353 -0.110689 0.266069 -0.00178345 0.963952 80.111 
0.960302 0.0234485 -0.277977 -86.5623 -0.0233415 0.999721 0.0036949 -0.10978 0.277986 0.00294021 0.960581 80.8144 
0.956679 0.0221792 -0.2903 -86.7934 -0.020583 0.999752 0.00855113 -0.110753 0.290417 -0.0022054 0.956898 81.5289 
0.953215 0.0230886 -0.301412 -87.0443 -0.019133 0.999688 0.0160694 -0.118495 0.301689 -0.00955064 0.953359 82.246 
0.949359 0.0229853 -0.313353 -87.2985 -0.0171181 0.999623 0.0214626 -0.120215 0.313728 -0.0150117 0.949394 82.9615 
0.945146 0.0206376 -0.325995 -87.5592 -0.015147 0.999698 0.019372 -0.118154 0.326296 -0.0133715 0.945173 83.6677 
0.941265 0.0186636 -0.337154 -87.831 -0.0144773 0.999784 0.0149265 -0.119752 0.337359 -0.00916864 0.941331 84.3706 
0.937993 0.0143677 -0.346356 -88.1058 -0.0123104 0.999891 0.00813915 -0.125836 0.346435 -0.00337065 0.938068 85.0659 
0.93519 0.0106604 -0.353985 -88.3872 -0.010538 0.999942 0.00227341 -0.128664 0.353989 0.00160426 0.935248 85.7619 
0.932422 0.0104902 -0.361219 -88.6775 -0.0111919 0.999937 0.000149211 -0.134596 0.361198 0.00390365 0.932481 86.4626 
0.929336 0.0154228 -0.368913 -88.9825 -0.0165583 0.999863 8.78647e-05 -0.144837 0.368864 0.00602697 0.929464 87.1557 
0.926137 0.015282 -0.376879 -89.2841 -0.0155844 0.999876 0.00224698 -0.15503 0.376866 0.00379245 0.92626 87.8566 
0.922793 0.0159875 -0.384965 -89.5899 -0.0136061 0.999868 0.00890928 -0.160903 0.385057 -0.00298351 0.922888 88.5582 
0.919891 0.0176815 -0.391775 -89.9048 -0.0119787 0.999784 0.0169959 -0.163522 0.391991 -0.0109414 0.919904 89.2627 
0.917245 0.027394 -0.39738 -90.2397 -0.0196107 0.999528 0.0236377 -0.169496 0.39784 -0.0138886 0.91735 89.9556 
0.914612 0.0337016 -0.402926 -90.5768 -0.0278102 0.999404 0.0204652 -0.171984 0.403376 -0.00751221 0.915004 90.6348 
0.912159 0.0301206 -0.408729 -90.9033 -0.0272902 0.999546 0.0127564 -0.168264 0.408928 -0.000481534 0.912567 91.3226 
0.910158 0.0223856 -0.413657 -91.2284 -0.0221627 0.99974 0.00533827 -0.165911 0.413669 0.00430914 0.910417 92.0134 
0.908299 0.0230606 -0.417687 -91.5606 -0.0232069 0.99972 0.00472904 -0.170059 0.417678 0.00539789 0.908579 92.7028 
0.906049 0.0289366 -0.422183 -91.9119 -0.027355 0.999578 0.00980461 -0.174544 0.422288 0.00266541 0.906458 93.3923 
0.903432 0.0313584 -0.427583 -92.2596 -0.0280294 0.999508 0.0140799 -0.179392 0.427814 -0.000735279 0.903867 94.0915 
0.901203 0.0279725 -0.432494 -92.6066 -0.0250928 0.999609 0.0123649 -0.188365 0.432671 -0.000290758 0.901552 94.7811 
0.898705 0.0258975 -0.437788 -92.9559 -0.0258589 0.999647 0.00605042 -0.1951 0.43779 0.00588322 0.899058 95.4627 
0.896456 0.023269 -0.442521 -93.3131 -0.0262124 0.999656 -0.000536293 -0.199212 0.442356 0.0120803 0.896758 96.1451 
0.894058 0.0242652 -0.447293 -93.6795 -0.0280827 0.999604 -0.00190496 -0.207965 0.44707 0.0142644 0.894385 96.8328 
0.892211 0.0272978 -0.450793 -94.0555 -0.0293216 0.999567 0.00249527 -0.220997 0.450666 0.0109917 0.892625 97.5154 
0.890173 0.0288573 -0.454708 -94.4281 -0.030069 0.999537 0.00456854 -0.231518 0.454629 0.00960584 0.890629 98.1948 
0.887668 0.0296637 -0.459528 -94.7984 -0.0307341 0.999514 0.00515223 -0.239312 0.459457 0.00954974 0.888149 98.8765 
0.885208 0.0279934 -0.464352 -95.1643 -0.0290991 0.999565 0.00478617 -0.25382 0.464284 0.00927553 0.885638 99.555 
0.883072 0.0258984 -0.468522 -95.5344 -0.0271174 0.999624 0.00414497 -0.263992 0.468453 0.00904485 0.883442 100.221 
0.880712 0.025269 -0.472978 -95.9085 -0.0262382 0.999645 0.00454933 -0.270352 0.472925 0.00840349 0.881062 100.894 
0.878421 0.0269522 -0.477127 -96.2916 -0.0279645 0.999597 0.00498119 -0.27815 0.477069 0.00896709 0.87882 101.55 
0.876047 0.0273053 -0.481453 -96.6699 -0.0283878 0.999584 0.00503663 -0.289719 0.48139 0.0092551 0.876458 102.206 
0.873581 0.024661 -0.486054 -97.0441 -0.027663 0.999617 0.000999094 -0.302078 0.485892 0.012573 0.873928 102.852 
0.871449 0.0215201 -0.490014 -97.4243 -0.0264939 0.999644 -0.00321558 -0.318568 0.48977 0.0157847 0.871709 103.487 
0.86942 0.0198764 -0.493674 -97.8052 -0.026121 0.999642 -0.00575451 -0.331064 0.493383 0.0178984 0.869628 104.122 
0.867466 0.0215672 -0.497029 -98.1834 -0.0260593 0.999658 -0.00210393 -0.33936 0.496813 0.0147774 0.867732 104.754 
0.865445 0.0255939 -0.500351 -98.5637 -0.0258445 0.999645 0.00643099 -0.347033 0.500338 0.00736571 0.865799 105.387 
0.863754 0.0280178 -0.503134 -98.9352 -0.023012 0.999605 0.0161588 -0.359331 0.503388 -0.00237902 0.864057 106.012 
0.862282 0.0279037 -0.50566 -99.3094 -0.0201655 0.999581 0.0207722 -0.362607 0.506027 -0.00771458 0.862483 106.623 
0.860596 0.0246052 -0.508694 -99.6682 -0.0167409 0.999659 0.0200309 -0.360252 0.509013 -0.00872245 0.860714 107.217 
0.858762 0.022817 -0.511867 -100.031 -0.0167872 0.999725 0.0163998 -0.360306 0.5121 -0.00549066 0.858908 107.797 
0.857138 0.0208859 -0.514663 -100.384 -0.0162518 0.999777 0.0135061 -0.36213 0.514831 -0.00321231 0.857286 108.354 
0.855801 0.0191304 -0.516952 -100.733 -0.0148529 0.999813 0.0124106 -0.364776 0.517092 -0.00294267 0.855925 108.899 
0.85466 0.0173379 -0.518898 -101.071 -0.0128464 0.999843 0.0122486 -0.375474 0.519029 -0.00380237 0.854748 109.424 
0.85332 0.0176317 -0.52109 -101.401 -0.0126491 0.999834 0.0131168 -0.380003 0.521235 -0.00460149 0.853401 109.936 
0.852062 0.0173746 -0.523152 -101.719 -0.0114076 0.999828 0.0146258 -0.38319 0.523316 -0.00649415 0.852114 110.435 
0.850862 0.0161366 -0.525141 -102.04 -0.00984603 0.999842 0.0147702 -0.378251 0.525297 -0.00739678 0.850887 110.915 
0.849447 0.0144622 -0.527476 -102.332 -0.00772437 0.999858 0.0149745 -0.384104 0.527618 -0.00864555 0.849438 111.373 
0.848148 0.0134325 -0.52959 -102.613 -0.00726261 0.999879 0.0137296 -0.383482 0.52971 -0.00779847 0.848143 111.815 
0.846981 0.0134088 -0.531454 -102.893 -0.00922316 0.999902 0.0105289 -0.396407 0.531543 -0.00401605 0.847022 112.225 
0.845615 0.0108418 -0.533683 -103.16 -0.00872498 0.999941 0.00648921 -0.401717 0.533722 -0.000830946 0.845659 112.609 
0.843327 0.00680184 -0.537358 -103.413 -0.00537087 0.999977 0.00422857 -0.403564 0.537374 -0.00067993 0.843344 112.995 
0.840503 0.00248608 -0.541801 -103.651 -0.000323782 0.999992 0.00408617 -0.40041 0.541806 -0.00325897 0.840497 113.367 
0.836888 0.00347898 -0.547363 -103.887 -0.000554212 0.999985 0.00550837 -0.403317 0.547374 -0.00430649 0.836877 113.722 
0.833078 0.00712161 -0.55311 -104.123 -0.00372496 0.999967 0.00726468 -0.406781 0.553143 -0.00399168 0.833077 114.047 
0.82926 0.0130629 -0.55871 -104.346 -0.00783571 0.9999 0.0117481 -0.412183 0.558808 -0.00536425 0.82928 114.356 
0.82498 0.0179313 -0.564878 -104.559 -0.00944755 0.999794 0.0179393 -0.407525 0.565083 -0.0094628 0.82498 114.659 
0.820063 0.019743 -0.571932 -104.76 -0.00866117 0.999718 0.0220912 -0.408813 0.572208 -0.0131625 0.820003 114.937 
0.814631 0.0169252 -0.579733 -104.956 -0.00402846 0.999715 0.0235257 -0.414906 0.579966 -0.0168293 0.814467 115.201 
0.807629 0.0148134 -0.589505 -105.141 -0.000583473 0.999704 0.0243217 -0.413523 0.589691 -0.0192989 0.807399 115.445 
0.798949 0.0128087 -0.601263 -105.325 0.00245283 0.999695 0.0245558 -0.402452 0.601394 -0.0210936 0.798674 115.672 
0.788808 0.0134101 -0.614494 -105.509 0.00306595 0.999664 0.0257513 -0.407846 0.614632 -0.0221968 0.788501 115.876 
0.776618 0.0148906 -0.629795 -105.692 0.00115618 0.999685 0.0250618 -0.406008 0.62997 -0.0201916 0.776357 116.065 
0.762581 0.0134109 -0.646754 -105.863 0.00114992 0.999755 0.0220865 -0.406098 0.646892 -0.0175864 0.762379 116.237 
0.74752 0.0109479 -0.664149 -106.026 0.000537945 0.999854 0.0170871 -0.412591 0.664239 -0.0131302 0.747405 116.4 
0.732363 0.00762796 -0.680872 -106.19 0.000675516 0.999929 0.011929 -0.4155 0.680915 -0.00919624 0.732305 116.55 
0.716637 0.007478 -0.697407 -106.355 -0.00300513 0.999966 0.00763421 -0.412112 0.69744 -0.00337511 0.716635 116.693 
0.700833 0.0109576 -0.713242 -106.528 -0.0104482 0.999932 0.00509561 -0.407177 0.713249 0.003881 0.7009 116.822 
0.683333 0.0127847 -0.729995 -106.702 -0.0132193 0.999899 0.00513736 -0.403881 0.729987 0.00613954 0.683434 116.954 
0.664079 0.0109479 -0.747582 -106.873 -0.0101707 0.999933 0.00560866 -0.3929 0.747593 0.00387892 0.664146 117.097 
0.644091 0.0102745 -0.76488 -107.054 -0.00728163 0.999947 0.0073004 -0.39269 0.764915 0.000867507 0.644131 117.22 
0.621731 0.0123087 -0.783134 -107.235 -0.00712776 0.999924 0.0100573 -0.396092 0.783199 -0.000670891 0.621771 117.337 
0.597261 0.0166889 -0.801873 -107.429 -0.0106936 0.99986 0.0128445 -0.390706 0.801975 0.000903453 0.597356 117.45 
0.572454 0.0205529 -0.819679 -107.626 -0.0129763 0.999788 0.0160065 -0.383004 0.819834 0.00147344 0.572599 117.554 
0.546753 0.023327 -0.836969 -107.826 -0.0144368 0.999726 0.0184322 -0.380909 0.83717 0.00200539 0.54694 117.652 
0.52086 0.0259467 -0.853248 -108.031 -0.0174657 0.999653 0.0197369 -0.373888 0.853464 0.00462249 0.521132 117.738 
0.493832 0.0302821 -0.86903 -108.236 -0.0218191 0.99951 0.02243 -0.371224 0.869284 0.00788487 0.494251 117.819 
0.46645 0.0328123 -0.883939 -108.447 -0.023753 0.999416 0.0245645 -0.366465 0.884228 0.00953812 0.466957 117.883 
0.436522 0.032341 -0.899112 -108.656 -0.022474 0.999434 0.0250384 -0.368735 0.899413 0.00927685 0.437002 117.955 
0.40446 0.0289653 -0.914097 -108.883 -0.0226278 0.999509 0.0216596 -0.36338 0.914276 0.0119236 0.404917 118.017 
0.369532 0.0242698 -0.928901 -109.125 -0.0220526 0.999606 0.0173443 -0.354312 0.928956 0.0140755 0.369922 118.084 
0.330284 0.0220158 -0.943625 -109.392 -0.0218558 0.999638 0.0156728 -0.348318 0.943629 0.0154472 0.330646 118.142 
0.288514 0.0203472 -0.95726 -109.677 -0.0213254 0.999663 0.0148211 -0.332423 0.957238 0.0161379 0.28885 118.193 
0.244619 0.0184812 -0.969443 -109.974 -0.0204632 0.999694 0.0138944 -0.325544 0.969403 0.0164391 0.244922 118.232 
0.197736 0.015869 -0.980127 -110.289 -0.0192934 0.999738 0.0122941 -0.318521 0.980066 0.016479 0.19799 118.253 
0.149295 0.013696 -0.988698 -110.613 -0.0185896 0.999766 0.0110423 -0.309599 0.988618 0.016731 0.149515 118.253 
0.0993312 0.0134619 -0.994963 -110.955 -0.0177255 0.999774 0.0117574 -0.304791 0.994897 0.0164683 0.0995474 118.24 
0.0474204 0.0152505 -0.998759 -111.311 -0.0164118 0.99976 0.0144865 -0.304782 0.99874 0.0157045 0.0476594 118.21 
-0.00591182 0.0175054 -0.999829 -111.688 -0.0129202 0.999762 0.0175806 -0.296867 0.999899 0.013022 -0.00568423 118.173 
-0.0596647 0.0193222 -0.998031 -112.069 -0.00946982 0.999757 0.0199217 -0.288118 0.998174 0.0106398 -0.0594672 118.112 
-0.113178 0.0206343 -0.99336 -112.461 -0.00568544 0.999755 0.0214149 -0.27699 0.993558 0.00807142 -0.113033 118.027 
-0.165675 0.0227861 -0.985917 -112.864 -0.00250124 0.99972 0.0235255 -0.272892 0.986177 0.00636364 -0.165572 117.91 
-0.217176 0.0251165 -0.975809 -113.279 0.000250116 0.99967 0.025675 -0.275806 0.976132 0.00533196 -0.217111 117.778 
-0.266406 0.0265252 -0.963496 -113.694 0.00381422 0.999642 0.0264657 -0.26726 0.963853 0.00337567 -0.266412 117.617 
-0.314675 0.0280184 -0.948786 -114.126 0.00883116 0.999607 0.0265902 -0.257289 0.949158 -1.15457e-05 -0.314799 117.438 
-0.361246 0.0295906 -0.932001 -114.565 0.0135595 0.999557 0.0264798 -0.248919 0.932372 -0.00307174 -0.361487 117.233 
-0.405246 0.0312408 -0.913674 -115 0.0180417 0.999495 0.0261731 -0.238967 0.91403 -0.00587762 -0.405605 116.994 
