1 2.12261e-08 -2.11895e-08 -3.55185e-15 2.12261e-08 1 2.10703e-08 -8.88178e-16 -2.11895e-08 2.10703e-08 1 -2.18159e-14 
0.999997 0.00264913 -6.43251e-05 -0.0111737 -0.00264898 0.999995 0.00156719 -0.0187754 6.8434e-05 -0.00156698 0.999999 0.784496 
0.999987 0.0050651 0.000128431 -0.0379378 -0.0050653 0.999985 0.00202301 -0.0362626 -0.000118225 -0.0020236 0.999998 1.53235 
0.99998 0.00638051 0.000555509 -0.0562841 -0.00638145 0.999978 0.00178206 -0.0537052 -0.000544169 -0.00178553 0.999998 2.27102 
0.999965 0.00836446 0.000694049 -0.0718897 -0.00836555 0.999964 0.00164912 -0.0721653 -0.000680273 -0.00165483 0.999998 2.99522 
0.999964 0.00841707 0.000981465 -0.0887436 -0.00841846 0.999964 0.00146849 -0.0852636 -0.000969111 -0.00147666 0.999998 3.71581 
0.999964 0.00845213 0.000844397 -0.0926063 -0.00845413 0.999961 0.00245096 -0.0993674 -0.000823691 -0.00245797 0.999997 4.42656 
0.999958 0.00914805 0.00107345 -0.102183 -0.00915354 0.999944 0.0052702 -0.110328 -0.00102522 -0.00527976 0.999986 5.11538 
0.999958 0.00888869 0.00210439 -0.10576 -0.00890752 0.999919 0.00913873 -0.116324 -0.00202303 -0.00915706 0.999956 5.79067 
0.999961 0.00817099 0.00326614 -0.111105 -0.00821196 0.999885 0.0127484 -0.12814 -0.00316164 -0.0127747 0.999913 6.43033 
0.999966 0.00723593 0.00387613 -0.110865 -0.00729326 0.999861 0.0149982 -0.135522 -0.00376711 -0.0150259 0.99988 7.04994 
0.999955 0.00788762 0.00520618 -0.121239 -0.00796389 0.999859 0.0148041 -0.144179 -0.00508871 -0.0148448 0.999877 7.63909 
0.999941 0.00887271 0.00628859 -0.126305 -0.00894801 0.999887 0.012056 -0.15123 -0.00618096 -0.0121115 0.999908 8.19997 
0.999937 0.00882314 0.00700813 -0.127004 -0.00888823 0.999917 0.00931752 -0.158898 -0.00692538 -0.00937918 0.999932 8.73083 
0.999939 0.00724301 0.00839575 -0.125103 -0.00731014 0.999941 0.00799777 -0.163495 -0.00833737 -0.00805861 0.999933 9.24359 
0.999942 0.00347137 0.0101635 -0.120673 -0.00353069 0.999977 0.00582856 -0.171969 -0.0101431 -0.00586406 0.999931 9.72053 
0.99993 0.00180959 0.0117198 -0.110868 -0.00186517 0.999987 0.00473618 -0.179604 -0.0117111 -0.00475766 0.99992 10.1662 
0.999885 0.00587856 0.0139767 -0.119006 -0.0059188 0.999978 0.0028426 -0.191994 -0.0139597 -0.00292496 0.999898 10.5852 
0.999807 0.0100559 0.0168954 -0.122424 -0.0100923 0.999947 0.00207484 -0.202593 -0.0168736 -0.00224491 0.999855 10.9718 
0.999742 0.0103496 0.0202047 -0.119016 -0.0104182 0.99994 0.00329375 -0.210623 -0.0201695 -0.00350336 0.99979 11.332 
0.99971 0.00633131 0.0232425 -0.107147 -0.00641758 0.999973 0.00364088 -0.213223 -0.0232189 -0.00378894 0.999723 11.6605 
0.999667 0.00131072 0.025766 -0.0911283 -0.00140012 0.999993 0.00345333 -0.216691 -0.0257614 -0.00348821 0.999662 11.9527 
0.999605 -0.0023747 0.0280145 -0.0783702 0.00224399 0.999986 0.0046977 -0.219045 -0.0280253 -0.00463294 0.999597 12.2128 
0.999532 -0.00253561 0.0304974 -0.0704724 0.002356 0.99998 0.0059253 -0.226619 -0.0305118 -0.00585063 0.999517 12.451 
0.999463 -0.00185925 0.0327024 -0.0677317 0.00170451 0.999987 0.00476044 -0.229424 -0.0327109 -0.0047021 0.999454 12.6553 
0.999389 -0.000939402 0.0349372 -0.0634029 0.000821903 0.999994 0.00337859 -0.234122 -0.0349402 -0.00334777 0.999384 12.8442 
0.999288 0.00141555 0.0377101 -0.0652453 -0.00151739 0.999995 0.00267346 -0.240893 -0.0377061 -0.00272873 0.999285 13.0173 
0.999219 0.00420832 0.0393025 -0.0601311 -0.00428801 0.999989 0.00194441 -0.244804 -0.0392939 -0.00211138 0.999226 13.1856 
0.999169 0.00519615 0.0404318 -0.0531563 -0.00522908 0.999986 0.000709647 -0.252806 -0.0404276 -0.000920437 0.999182 13.345 
0.999107 0.00410568 0.0420611 -0.0440601 -0.00406922 0.999991 -0.000951248 -0.258376 -0.0420647 0.000779284 0.999115 13.4954 
0.999049 0.00288469 0.0435148 -0.0362142 -0.00277477 0.999993 -0.00258525 -0.259137 -0.043522 0.00246209 0.999049 13.6387 
0.998986 0.00218333 0.0449642 -0.0338708 -0.00201973 0.999991 -0.0036826 -0.258251 -0.0449719 0.00358809 0.998982 13.7786 
0.998909 0.00281043 0.0466076 -0.0312624 -0.00257816 0.999984 -0.00504187 -0.262444 -0.046621 0.00491625 0.998901 13.9097 
0.998859 0.00361546 0.0476297 -0.023598 -0.00327827 0.999969 -0.0071548 -0.263858 -0.0476541 0.00699053 0.998839 14.0409 
0.99883 0.00355129 0.0482302 -0.0153359 -0.00310938 0.999953 -0.00923362 -0.267631 -0.0482607 0.0090729 0.998794 14.1643 
0.998792 0.00282611 0.049066 -0.0102119 -0.0022616 0.999931 -0.0115558 -0.27046 -0.0490953 0.0114309 0.998729 14.2874 
0.998809 0.00171004 0.0487639 -0.0105449 -0.00106048 0.99991 -0.0133423 -0.275344 -0.0487824 0.0132747 0.998721 14.4108 
0.998909 0.00140103 0.0466857 -0.00565587 -0.000730359 0.999896 -0.0143786 -0.279178 -0.0467011 0.0143289 0.998806 14.5367 
0.999041 0.00135804 0.0437602 -0.00636329 -0.000678136 0.999879 -0.0155471 -0.280616 -0.0437761 0.0155026 0.998921 14.6624 
0.999214 0.0019386 0.0395872 -0.00490005 -0.00128214 0.999861 -0.0166002 -0.285007 -0.0396139 0.0165365 0.999078 14.7895 
0.999429 0.00230259 0.033698 -0.00396824 -0.00170342 0.99984 -0.017797 -0.28611 -0.0337336 0.0177295 0.999274 14.921 
0.999633 0.00173523 0.0270291 -0.00930272 -0.00124027 0.999832 -0.0183166 -0.293571 -0.0270563 0.0182764 0.999467 15.0463 
0.999793 0.00147475 0.0202783 -0.0299411 -0.00109011 0.99982 -0.0189642 -0.3 -0.0203026 0.0189382 0.999615 15.175 
0.999925 0.00117155 0.0121559 -0.0382365 -0.000929778 0.999802 -0.0198726 -0.304525 -0.0121768 0.0198599 0.999729 15.3078 
0.999998 9.32035e-05 0.00213441 -0.0507674 -4.82489e-05 0.999779 -0.0210321 -0.30763 -0.00213594 0.021032 0.999777 15.444 
0.999938 -0.00150767 -0.011021 -0.0615829 0.00125564 0.999738 -0.0228433 -0.309112 0.0110525 0.022828 0.999678 15.5976 
0.999626 -0.00196605 -0.0272817 -0.0810521 0.00129341 0.999695 -0.0246525 -0.31392 0.0273218 0.024608 0.999324 15.7604 
0.998919 -0.00183799 -0.0464393 -0.113635 0.000646347 0.99967 -0.0256632 -0.318244 0.0464711 0.0256055 0.998591 15.9376 
0.997655 -0.00109021 -0.0684327 -0.149512 -0.000652397 0.999676 -0.0254376 -0.32218 0.0684382 0.0254227 0.997331 16.1312 
0.995725 -0.00018324 -0.092366 -0.193963 -0.00205648 0.999706 -0.024153 -0.326213 0.0923432 0.0242397 0.995432 16.3507 
0.992872 0.000524326 -0.119182 -0.248513 -0.00326978 0.999734 -0.0228418 -0.330424 0.119138 0.0230688 0.99261 16.589 
0.988781 0.00147642 -0.149365 -0.324279 -0.00462872 0.999774 -0.0207596 -0.337926 0.1493 0.0212181 0.988564 16.8322 
0.983169 0.00159867 -0.182694 -0.405733 -0.00485329 0.999837 -0.0173691 -0.344913 0.182637 0.0179634 0.983016 17.0999 
0.975556 0.00277397 -0.219736 -0.500929 -0.00587996 0.999892 -0.0134825 -0.347035 0.219674 0.014445 0.975466 17.3735 
0.96557 0.00431892 -0.260109 -0.605289 -0.00674146 0.999942 -0.00842231 -0.347863 0.260057 0.00988589 0.965543 17.6678 
0.953333 0.00815709 -0.301812 -0.742175 -0.00973934 0.999946 -0.00373816 -0.3494 0.301765 0.0065032 0.95336 17.9619 
0.938737 0.0115831 -0.344441 -0.889949 -0.0121525 0.999926 0.000505644 -0.352044 0.344421 0.0037112 0.938808 18.2581 
0.921422 0.0141437 -0.388306 -1.05427 -0.0127631 0.9999 0.00613445 -0.356749 0.388354 -0.00069636 0.92151 18.5628 
0.901431 0.0170527 -0.432586 -1.23448 -0.0123741 0.999831 0.0136281 -0.358471 0.432745 -0.00693188 0.90149 18.871 
0.878773 0.0212329 -0.476767 -1.43289 -0.0132967 0.999711 0.0200138 -0.358058 0.477054 -0.0112481 0.878802 19.1733 
0.852866 0.0257739 -0.521493 -1.65349 -0.0152668 0.999585 0.0244349 -0.356181 0.521907 -0.0128781 0.852905 19.4765 
0.823815 0.0293273 -0.566099 -1.90264 -0.0163971 0.999476 0.027917 -0.358463 0.566621 -0.013716 0.823864 19.7769 
0.79207 0.0328035 -0.609549 -2.17044 -0.0187414 0.999391 0.02943 -0.352932 0.610143 -0.0118868 0.792202 20.0594 
0.757028 0.0353666 -0.652424 -2.45977 -0.018912 0.999302 0.0322258 -0.346773 0.653108 -0.0120572 0.757168 20.3492 
0.718711 0.038842 -0.694223 -2.7704 -0.0196962 0.999175 0.0355131 -0.328666 0.69503 -0.0118501 0.718883 20.6321 
0.678647 0.0400024 -0.733375 -3.11701 -0.0174327 0.999112 0.0383653 -0.314124 0.734258 -0.0132517 0.678742 20.9063 
0.636929 0.0397407 -0.769898 -3.49556 -0.0146907 0.999115 0.039419 -0.298283 0.770783 -0.0137967 0.636949 21.173 
0.593352 0.0386661 -0.804014 -3.89491 -0.00926844 0.999108 0.0412085 -0.285461 0.80489 -0.0169991 0.593181 21.4296 
0.548257 0.0390574 -0.835398 -4.31343 -0.00493362 0.999043 0.0434704 -0.271583 0.836296 -0.0197114 0.547924 21.6615 
0.500865 0.0402715 -0.864588 -4.76975 -0.00298366 0.998991 0.0448033 -0.250665 0.86552 -0.0198607 0.50048 21.88 
0.450864 0.0397211 -0.891708 -5.24393 -0.00168466 0.999045 0.0436507 -0.22825 0.892591 -0.0181783 0.450501 22.0678 
0.398245 0.0384207 -0.916474 -5.74292 0.00314312 0.999059 0.0432487 -0.20598 0.917274 -0.0201041 0.39775 22.2415 
0.34404 0.0378348 -0.938192 -6.26494 0.00842453 0.999023 0.0433772 -0.190465 0.938917 -0.0228273 0.343385 22.3965 
0.289541 0.0365733 -0.956467 -6.81338 0.011264 0.99907 0.0416122 -0.165133 0.957099 -0.022822 0.28886 22.5258 
0.235664 0.0422931 -0.970914 -7.39331 0.0119598 0.998851 0.0464129 -0.1381 0.971761 -0.0225498 0.234887 22.6272 
0.183885 0.0472111 -0.981813 -7.99315 0.0143313 0.998611 0.050703 -0.112166 0.982843 -0.0233941 0.182953 22.6992 
0.135219 0.0484102 -0.989632 -8.6123 0.0198351 0.998473 0.0515528 -0.0862069 0.990617 -0.0266004 0.134052 22.7521 
0.0908603 0.0500262 -0.994606 -9.2396 0.0224185 0.998382 0.0522641 -0.0700292 0.995611 -0.0270463 0.0895917 22.7736 
0.0504097 0.0481303 -0.997568 -9.88466 0.0218617 0.998546 0.0492822 -0.0432252 0.998489 -0.0242928 0.0492841 22.7724 
0.0150925 0.0434452 -0.998942 -10.5456 0.018693 0.998869 0.0437245 -0.0090882 0.999711 -0.0193331 0.0142633 22.7401 
-0.0132739 0.0433108 -0.998974 -11.2285 0.0164244 0.998936 0.043091 0.0221442 0.999777 -0.0158355 -0.0139711 22.6957 
-0.0341868 0.0474413 -0.998289 -11.9379 0.0150527 0.998784 0.0469493 0.0472662 0.999302 -0.0134219 -0.0348594 22.6417 
-0.0470219 0.0534252 -0.997464 -12.6669 0.0166316 0.998472 0.0526951 0.0737644 0.998755 -0.0141116 -0.0478386 22.5871 
-0.0550589 0.0557425 -0.996926 -13.4223 0.0158313 0.998364 0.0549485 0.108028 0.998358 -0.0127572 -0.0558513 22.5241 
-0.0586592 0.0532002 -0.99686 -14.1738 0.0171285 0.998486 0.0522791 0.132691 0.998131 -0.014008 -0.0594816 22.4547 
-0.0579645 0.0495706 -0.997087 -14.9585 0.0244799 0.998537 0.0482195 0.164248 0.998019 -0.0216135 -0.0590932 22.4025 
-0.0538955 0.0481624 -0.997384 -15.7493 0.0361797 0.998275 0.0462504 0.202429 0.997891 -0.0335923 -0.055545 22.3626 
-0.0479392 0.0483195 -0.997681 -16.5818 0.0367227 0.998239 0.046582 0.234938 0.998175 -0.0344044 -0.0496292 22.3023 
-0.0426099 0.0467687 -0.997997 -17.4238 0.0348192 0.998367 0.0452994 0.259075 0.998485 -0.0328192 -0.0441688 22.2412 
-0.0397095 0.0407681 -0.998379 -18.2768 0.0385777 0.998485 0.0392381 0.288361 0.998466 -0.0369571 -0.0412221 22.2081 
-0.0374994 0.0299151 -0.998849 -19.143 0.0362491 0.998935 0.0285568 0.313162 0.998639 -0.0351364 -0.0385439 22.1577 
-0.0368332 0.0214659 -0.999091 -20.0452 0.0288249 0.999376 0.0204094 0.328988 0.998906 -0.028047 -0.037429 22.0945 
-0.0383136 0.0184634 -0.999095 -20.9761 0.0233633 0.999573 0.0175763 0.349088 0.998993 -0.0226687 -0.0387286 22.0343 
-0.0420783 0.0241955 -0.998821 -21.925 0.0144551 0.999617 0.0236058 0.363939 0.99901 -0.0134448 -0.0424119 21.9686 
-0.0473847 0.0323213 -0.998354 -22.9124 0.00973476 0.999444 0.0318946 0.38016 0.998829 -0.00820737 -0.047673 21.8971 
-0.0521178 0.041547 -0.997776 -23.935 0.00799711 0.99912 0.0411852 0.416661 0.998609 -0.0058328 -0.0524042 21.8264 
-0.0541759 0.0513997 -0.997208 -24.9697 0.00710895 0.998669 0.0510888 0.455174 0.998506 -0.00432128 -0.0544692 21.7601 
-0.0551916 0.0591246 -0.996724 -26.0089 0.00912028 0.998234 0.0587091 0.498938 0.998434 -0.00585011 -0.0556333 21.6864 
-0.0565678 0.059636 -0.996616 -27.0332 0.0102277 0.998197 0.0591501 0.551471 0.998346 -0.00684711 -0.0570757 21.6065 
-0.0582481 0.056924 -0.996678 -28.0442 0.00896739 0.998363 0.0564961 0.593148 0.998262 -0.00564676 -0.0586632 21.5235 
-0.0610308 0.0520183 -0.99678 -29.0664 0.00852051 0.998632 0.0515933 0.634171 0.9981 -0.00534426 -0.0613905 21.4405 
-0.0657018 0.0467802 -0.996742 -30.0884 0.00895989 0.998888 0.0462903 0.671536 0.997799 -0.0058893 -0.0660479 21.3522 
-0.0711428 0.0423125 -0.996568 -31.1088 0.00901223 0.999086 0.0417761 0.703096 0.997425 -0.00600919 -0.0714591 21.2597 
-0.0783936 0.0403496 -0.996106 -32.1403 0.00827567 0.999173 0.0398225 0.733326 0.996888 -0.00512157 -0.0786626 21.1606 
-0.0852352 0.0427649 -0.995443 -33.188 0.00875667 0.999072 0.0421711 0.766171 0.996322 -0.00512226 -0.0855306 21.0503 
-0.0914168 0.0477361 -0.994668 -34.2603 0.00763184 0.998855 0.0472356 0.800685 0.995784 -0.00327298 -0.0916764 20.9249 
-0.0973513 0.0506198 -0.993962 -35.3432 0.00502871 0.998718 0.0503695 0.835134 0.995237 -9.47789e-05 -0.097481 20.7882 
-0.102697 0.0530148 -0.993299 -36.3909 0.00229773 0.998589 0.0530596 0.871096 0.99471 0.00316679 -0.102674 20.6687 
-0.105485 0.0543082 -0.992937 -37.4647 -0.00191138 0.998495 0.0548152 0.910689 0.994419 0.00768011 -0.105222 20.5292 
-0.107335 0.0554501 -0.992675 -38.5424 -0.00602958 0.998389 0.0564212 0.954336 0.994205 0.0120414 -0.106828 20.3868 
-0.108543 0.0546452 -0.992589 -39.6343 -0.00727262 0.998418 0.0557614 1.00305 0.994065 0.0132713 -0.107974 20.2417 
-0.109888 0.0537608 -0.992489 -40.7211 -0.00760141 0.998462 0.0549259 1.0497 0.993915 0.01358 -0.10931 20.0957 
-0.110406 0.0527726 -0.992485 -41.7972 -0.00915255 0.998493 0.0541102 1.09773 0.993844 0.0150579 -0.109757 19.9402 
-0.111033 0.0516786 -0.992472 -42.8904 -0.0111272 0.99852 0.0532384 1.14079 0.993754 0.0169547 -0.110294 19.7891 
-0.111805 0.0489776 -0.992522 -43.9642 -0.015724 0.998572 0.0510474 1.18473 0.993606 0.0213138 -0.110875 19.6392 
-0.112001 0.0440539 -0.992731 -45.0514 -0.0211758 0.998684 0.0467071 1.22076 0.993483 0.0262532 -0.110921 19.4853 
-0.111716 0.0434025 -0.992792 -46.1688 -0.0228396 0.99867 0.0462295 1.26221 0.993478 0.0278396 -0.110576 19.348 
-0.110318 0.0475615 -0.992758 -47.2854 -0.0236399 0.998446 0.0504609 1.30142 0.993615 0.0290354 -0.109022 19.2037 
-0.108402 0.0505994 -0.992819 -48.4071 -0.0238517 0.998284 0.0534822 1.34644 0.993821 0.0294781 -0.107009 19.0592 
-0.106743 0.0501121 -0.993023 -49.5151 -0.022183 0.998361 0.052766 1.39414 0.994039 0.0276607 -0.105456 18.9166 
-0.104466 0.0494258 -0.9933 -50.6351 -0.0216775 0.998414 0.0519601 1.4348 0.994292 0.0269603 -0.103229 18.7822 
-0.100464 0.0497597 -0.993696 -51.7672 -0.0261529 0.998271 0.052633 1.48129 0.994597 0.0312758 -0.0989887 18.6385 
-0.0944637 0.0505719 -0.994243 -52.8897 -0.0312658 0.998066 0.0537369 1.52146 0.995037 0.036162 -0.0926998 18.4985 
-0.0884524 0.0501699 -0.994816 -54.0226 -0.0353272 0.997944 0.0534688 1.566 0.995454 0.0398736 -0.0864983 18.3669 
-0.0834104 0.0491827 -0.995301 -55.1451 -0.0364265 0.997963 0.0523669 1.61163 0.995849 0.0406233 -0.0814489 18.2599 
-0.0775746 0.0487022 -0.995796 -56.2811 -0.0360317 0.998017 0.0516178 1.6529 0.996335 0.0398845 -0.0756659 18.1492 
-0.0730346 0.0486465 -0.996142 -57.4206 -0.0338361 0.998114 0.0512235 1.69508 0.996755 0.0374467 -0.0712509 18.0572 
-0.0677727 0.0488956 -0.996502 -58.5707 -0.0323788 0.998165 0.0511793 1.74634 0.997175 0.0357341 -0.0660651 17.9647 
-0.0627459 0.050677 -0.996742 -59.7235 -0.0309894 0.99813 0.0526984 1.78791 0.997548 0.0341951 -0.0610581 17.882 
-0.057467 0.0517011 -0.997008 -60.8774 -0.0313814 0.998071 0.0535651 1.833 0.997854 0.0343658 -0.0557337 17.8013 
-0.0524237 0.0508165 -0.997331 -62.0484 -0.0308968 0.998144 0.052482 1.88003 0.998147 0.0335657 -0.0507564 17.7242 
-0.0477581 0.0463854 -0.997781 -63.1939 -0.0311491 0.998366 0.0479035 1.91986 0.998373 0.0333678 -0.0462352 17.6518 
-0.0429027 0.0411173 -0.998233 -64.342 -0.0308616 0.998621 0.0424597 1.95552 0.998603 0.0326287 -0.0415746 17.5774 
-0.0388721 0.0405217 -0.998422 -65.4967 -0.0310277 0.998647 0.0417388 1.99109 0.998762 0.0326012 -0.0375622 17.5064 
-0.0360478 0.0425793 -0.998443 -66.6632 -0.0305432 0.998578 0.0436879 2.02913 0.998883 0.0320705 -0.0346961 17.4471 
-0.0333613 0.042037 -0.998559 -67.8292 -0.0310816 0.998588 0.0430767 2.06503 0.99896 0.0324739 -0.0320077 17.3756 
-0.0318704 0.0413981 -0.998634 -69.0124 -0.0331234 0.998549 0.0424516 2.10788 0.998943 0.0344311 -0.0304529 17.305 
-0.0306887 0.0424381 -0.998628 -70.1845 -0.0343076 0.998465 0.0434855 2.13748 0.99894 0.0355951 -0.0291856 17.2406 
-0.0293159 0.0420266 -0.998686 -71.3667 -0.0351985 0.998453 0.04305 2.17019 0.99895 0.0364144 -0.0277913 17.1837 
-0.0279114 0.0399083 -0.998813 -72.5543 -0.0359466 0.998516 0.040901 2.20762 0.998964 0.0370456 -0.0264354 17.1212 
-0.0274261 0.0387891 -0.998871 -73.7297 -0.0344395 0.998617 0.0397248 2.23695 0.99903 0.0354902 -0.0260523 17.0703 
-0.0271509 0.0384422 -0.998892 -74.9247 -0.030626 0.998759 0.0392695 2.27024 0.999162 0.0316583 -0.0259399 17.0238 
-0.0268144 0.0392284 -0.99887 -76.0985 -0.0285528 0.998792 0.0399918 2.2995 0.999233 0.0295929 -0.0256619 16.9745 
-0.0267989 0.0420485 -0.998756 -77.2822 -0.028552 0.998675 0.0428113 2.3289 0.999233 0.0296638 -0.0255628 16.9221 
-0.0263663 0.0455468 -0.998614 -78.4715 -0.0306865 0.998454 0.0463497 2.36356 0.999181 0.0318661 -0.0249278 16.8686 
-0.0260031 0.0455608 -0.998623 -79.6466 -0.0318358 0.998416 0.0463803 2.39014 0.999155 0.0329981 -0.0245114 16.8172 
-0.0257543 0.0436902 -0.998713 -80.8528 -0.0330287 0.998462 0.0445309 2.41774 0.999123 0.0341331 -0.0242716 16.7697 
-0.02534 0.041225 -0.998829 -82.0248 -0.0325954 0.998584 0.0420419 2.45049 0.999147 0.0336226 -0.0239604 16.7198 
-0.0259301 0.0407732 -0.998832 -83.1983 -0.0300168 0.998686 0.0415465 2.47815 0.999213 0.0310591 -0.0246721 16.6806 
-0.0259773 0.0424593 -0.99876 -84.3653 -0.028499 0.99866 0.0431962 2.50541 0.999256 0.0295858 -0.0247324 16.6327 
-0.0256787 0.0453722 -0.99864 -85.5454 -0.0279323 0.998547 0.0460862 2.53786 0.99928 0.0290778 -0.0243741 16.5831 
-0.0250456 0.0476927 -0.998548 -86.7293 -0.0279696 0.998437 0.0483889 2.57335 0.999295 0.029141 -0.0236725 16.5317 
-0.0248175 0.0481847 -0.99853 -87.8985 -0.0300746 0.99835 0.0489235 2.60214 0.99924 0.0312446 -0.0233274 16.4833 
-0.0246821 0.0460163 -0.998636 -89.0673 -0.0294269 0.998474 0.0467362 2.63469 0.999262 0.0305403 -0.0232903 16.4349 
-0.0243552 0.0446656 -0.998705 -90.2323 -0.0275086 0.998593 0.0453314 2.66971 0.999325 0.0285771 -0.0230923 16.3869 
-0.0245605 0.0456824 -0.998654 -91.3907 -0.0259881 0.998589 0.0463185 2.70278 0.999361 0.0270908 -0.0233387 16.3427 
-0.024453 0.0486546 -0.998516 -92.5793 -0.0237457 0.998505 0.0492356 2.74086 0.999419 0.0249145 -0.0232611 16.2979 
-0.0246926 0.0510764 -0.998389 -93.7566 -0.0218215 0.998429 0.0516181 2.77877 0.999457 0.023061 -0.0235393 16.2561 
-0.0245148 0.0527176 -0.998309 -94.9224 -0.0220559 0.998337 0.0532607 2.82021 0.999456 0.0233243 -0.0233113 16.2136 
-0.0241128 0.0547954 -0.998206 -96.0949 -0.0247938 0.998157 0.0553916 2.86012 0.999402 0.0260851 -0.0227098 16.1584 
-0.0237875 0.0539454 -0.998261 -97.257 -0.0264858 0.998159 0.0545711 2.89754 0.999366 0.0277379 -0.0223149 16.1096 
-0.02413 0.0499525 -0.99846 -98.4244 -0.0290092 0.998295 0.0506453 2.93851 0.999288 0.0301866 -0.0226398 16.0592 
-0.0241867 0.0482378 -0.998543 -99.5917 -0.0301524 0.998346 0.0489586 2.97866 0.999253 0.0312927 -0.0226922 16.0144 
-0.024405 0.0465298 -0.998619 -100.747 -0.0297379 0.99844 0.0472483 3.01781 0.99926 0.03085 -0.0229833 15.9715 
-0.0247005 0.0469018 -0.998594 -101.894 -0.0282852 0.998466 0.0475954 3.05586 0.999295 0.0294211 -0.023336 15.9301 
-0.0250556 0.049003 -0.998484 -103.043 -0.0281969 0.998366 0.0497048 3.09276 0.999288 0.0293996 -0.0236329 15.8837 
-0.0254389 0.0511582 -0.998367 -104.195 -0.0263986 0.998307 0.0518278 3.12911 0.999328 0.027674 -0.0240453 15.8467 
-0.0259385 0.0499988 -0.998412 -105.356 -0.0299038 0.998263 0.0507682 3.17358 0.999216 0.0311732 -0.0243983 15.7896 
-0.0262724 0.0507828 -0.998364 -106.526 -0.0337022 0.998096 0.0516561 3.22 0.999087 0.0350043 -0.0245108 15.7361 
-0.026665 0.0499178 -0.998397 -107.696 -0.0370698 0.998016 0.0508888 3.26175 0.998957 0.0383674 -0.0247616 15.6807 
-0.0270814 0.0462362 -0.998563 -108.866 -0.0380873 0.998157 0.0472503 3.2987 0.998907 0.0393123 -0.0252705 15.6283 
-0.0282506 0.0421808 -0.998711 -110.031 -0.0382057 0.998334 0.0432456 3.33823 0.998871 0.0393782 -0.026592 15.5816 
-0.0298381 0.0414768 -0.998694 -111.22 -0.034667 0.998495 0.0425042 3.36923 0.998953 0.03589 -0.0283553 15.5474 
-0.030292 0.040741 -0.99871 -112.435 -0.0302597 0.998674 0.0416573 3.40956 0.999083 0.0314826 -0.029019 15.4951 
-0.0312167 0.0426082 -0.998604 -113.646 -0.0289752 0.998633 0.0435152 3.44762 0.999093 0.0302932 -0.0299394 15.4412 
-0.032128 0.0462055 -0.998415 -114.885 -0.0280256 0.998496 0.0471111 3.49455 0.999091 0.0294949 -0.0307847 15.3832 
-0.0330675 0.0461877 -0.998385 -116.114 -0.026368 0.998544 0.0470684 3.53649 0.999105 0.0278819 -0.0318014 15.3273 
-0.034008 0.0417967 -0.998547 -117.347 -0.026338 0.998741 0.0427018 3.57797 0.999074 0.027752 -0.0328643 15.2635 
-0.0346584 0.0378768 -0.998681 -118.599 -0.0265268 0.998895 0.0388055 3.61937 0.999047 0.0278368 -0.0336153 15.1896 
-0.0359024 0.0365267 -0.998688 -119.831 -0.0256278 0.99897 0.0374583 3.64929 0.999027 0.0269391 -0.0349293 15.1289 
-0.0367559 0.0375439 -0.998619 -121.084 -0.027015 0.998892 0.0385485 3.68445 0.998959 0.0283946 -0.0357009 15.058 
-0.0368785 0.0419509 -0.998439 -122.368 -0.0317994 0.998563 0.0431307 3.72258 0.998814 0.0333404 -0.0354915 14.9726 
-0.0370238 0.0449657 -0.998302 -123.646 -0.0370207 0.99824 0.0463359 3.76347 0.998628 0.0386734 -0.035294 14.8906 
-0.037522 0.0446063 -0.9983 -124.896 -0.0443509 0.997945 0.0462574 3.80028 0.998311 0.0460112 -0.0354666 14.8119 
-0.0377382 0.0423872 -0.998388 -126.156 -0.047235 0.997908 0.0441523 3.83899 0.998171 0.0488251 -0.0356571 14.7412 
-0.0385708 0.0411129 -0.99841 -127.427 -0.0489584 0.997876 0.0429823 3.8728 0.998056 0.0505385 -0.0364761 14.669 
-0.0396925 0.0404983 -0.998391 -128.7 -0.0489293 0.997901 0.0424237 3.90774 0.998013 0.0505346 -0.0376276 14.6008 
-0.0405419 0.040134 -0.998372 -129.961 -0.0468182 0.998019 0.042021 3.93311 0.99808 0.0484456 -0.0385826 14.532 
-0.0409539 0.0406198 -0.998335 -131.23 -0.0462224 0.998027 0.0425034 3.96999 0.998091 0.0478862 -0.0389955 14.4543 
-0.0419858 0.0458321 -0.998066 -132.499 -0.046046 0.997797 0.0477568 4.00416 0.998057 0.0479621 -0.0397829 14.3754 
-0.0431225 0.0501519 -0.99781 -133.774 -0.0448616 0.997635 0.0520819 4.04085 0.998062 0.0470093 -0.0407706 14.3065 
-0.0433339 0.0488132 -0.997867 -135.031 -0.0450882 0.997692 0.0507626 4.0842 0.998043 0.0471918 -0.041033 14.2355 
-0.0432857 0.0471636 -0.997949 -136.29 -0.0442946 0.997812 0.0490785 4.13222 0.99808 0.0463282 -0.0411019 14.1692 
-0.0428399 0.046802 -0.997985 -137.553 -0.0432561 0.997879 0.0486538 4.17154 0.998145 0.0452533 -0.0407245 14.1081 
-0.0419028 0.0458623 -0.998069 -138.812 -0.0435774 0.997911 0.0476846 4.21685 0.998171 0.0454914 -0.0398168 14.0281 
-0.0413746 0.0479348 -0.997993 -140.075 -0.0436395 0.997809 0.0497351 4.25857 0.99819 0.0456098 -0.0391921 13.9538 
-0.0408577 0.0516176 -0.997831 -141.34 -0.0444832 0.997581 0.0534261 4.29885 0.998174 0.0465696 -0.0384627 13.8799 
-0.040024 0.0527018 -0.997808 -142.596 -0.0460275 0.997451 0.0545292 4.34347 0.998138 0.0481092 -0.0374963 13.8103 
-0.0392112 0.0495082 -0.998004 -143.851 -0.0481546 0.997518 0.0513761 4.39358 0.99807 0.050073 -0.0367298 13.74 
-0.0397372 0.0459963 -0.998151 -145.113 -0.0465327 0.997771 0.0478313 4.44389 0.998126 0.0483474 -0.0375083 13.6838 
-0.0397311 0.0445633 -0.998216 -146.359 -0.0437734 0.997968 0.0462945 4.48176 0.998251 0.0455346 -0.0376997 13.6135 
-0.0398074 0.0440426 -0.998236 -147.615 -0.0420253 0.99807 0.0457112 4.51682 0.998323 0.0437708 -0.0378797 13.5402 
-0.0402077 0.0446887 -0.998192 -148.854 -0.0396812 0.99814 0.0462847 4.55215 0.998403 0.0414705 -0.0383596 13.4736 
-0.0408368 0.0434031 -0.998223 -150.095 -0.0380958 0.998262 0.0449633 4.58817 0.998439 0.0398643 -0.0391124 13.4071 
-0.0414036 0.0437029 -0.998186 -151.338 -0.0373219 0.998278 0.045255 4.62319 0.998445 0.039128 -0.0397012 13.3361 
-0.0423637 0.046765 -0.998007 -152.572 -0.0349929 0.998222 0.0482604 4.65858 0.998489 0.0369677 -0.0406519 13.2765 
-0.042731 0.048289 -0.997919 -153.809 -0.0325154 0.998235 0.0496967 4.69762 0.998557 0.0345714 -0.0410855 13.2042 
-0.043082 0.0467776 -0.997976 -155.027 -0.0298806 0.998396 0.0480873 4.73788 0.998625 0.0318918 -0.0416151 13.1361 
-0.0443557 0.0468118 -0.997918 -156.267 -0.0310341 0.998355 0.0482117 4.78148 0.998534 0.033108 -0.04283 13.0645 
-0.0448856 0.0515511 -0.997661 -157.51 -0.0318824 0.998085 0.0530074 4.82346 0.998483 0.0341871 -0.043156 12.9923 
-0.0444035 0.0576535 -0.997349 -158.755 -0.0369331 0.997556 0.0593098 4.87384 0.998331 0.0394688 -0.0421657 12.9065 
-0.0439238 0.0574922 -0.997379 -159.991 -0.0412841 0.997386 0.0593107 4.92924 0.998182 0.0437811 -0.0414354 12.8273 
-0.0425586 0.053604 -0.997655 -161.226 -0.0449301 0.997447 0.0555095 4.97952 0.998083 0.0471872 -0.0400415 12.7426 
-0.0409829 0.0479634 -0.998008 -162.459 -0.0471622 0.997641 0.0498824 5.02879 0.998046 0.0491127 -0.0386241 12.6614 
-0.0400664 0.0459214 -0.998141 -163.692 -0.0497492 0.997613 0.0478941 5.07647 0.997958 0.0515757 -0.0376862 12.5836 
-0.0394185 0.0432579 -0.998286 -164.879 -0.0445398 0.997993 0.0450039 5.10362 0.99823 0.0462375 -0.0374127 12.5299 
-0.0393178 0.0386581 -0.998479 -166.088 -0.0410941 0.998343 0.0402711 5.14042 0.998381 0.042615 -0.0376641 12.4639 
-0.0404767 0.0356693 -0.998544 -167.303 -0.0342189 0.998727 0.0370629 5.16695 0.998594 0.0356693 -0.0392046 12.4131 
-0.0419026 0.03863 -0.998375 -168.548 -0.0319225 0.99869 0.0399821 5.19815 0.998612 0.0335461 -0.0406146 12.3464 
-0.0413119 0.045123 -0.998127 -169.784 -0.0326543 0.998385 0.0464862 5.22989 0.998613 0.0345136 -0.0397717 12.2711 
-0.0399239 0.0481809 -0.99804 -171.036 -0.0343135 0.998182 0.0495604 5.27362 0.998613 0.036225 -0.038198 12.205 
-0.0393712 0.0451408 -0.998205 -172.252 -0.03564 0.99828 0.0465499 5.30974 0.998589 0.0374088 -0.0376946 12.1459 
-0.0384407 0.0448934 -0.998252 -173.472 -0.0383749 0.998187 0.0463682 5.35196 0.998524 0.0400903 -0.0366482 12.0699 
-0.0373778 0.046383 -0.998224 -174.685 -0.0363848 0.998197 0.0477442 5.38302 0.998639 0.0381048 -0.0356227 12.0033 
-0.0369198 0.0444829 -0.998328 -175.901 -0.0363713 0.998287 0.0458261 5.41906 0.998656 0.0380024 -0.0352386 11.9395 
-0.0350433 0.0430659 -0.998458 -177.088 -0.0362644 0.998358 0.0443344 5.45385 0.998728 0.0377622 -0.033424 11.875 
-0.0331144 0.0446874 -0.998452 -178.266 -0.0381956 0.998214 0.0459436 5.48905 0.998721 0.0396579 -0.0313484 11.8038 
-0.0318786 0.0464255 -0.998413 -179.385 -0.0377599 0.998152 0.047619 5.51456 0.998778 0.039218 -0.0300666 11.7519 
-0.0317963 0.0479233 -0.998345 -180.472 -0.0382643 0.998059 0.0491283 5.53743 0.998762 0.0397631 -0.0299008 11.7015 
-0.0318623 0.049387 -0.998271 -181.535 -0.0390473 0.997955 0.0506177 5.56 0.998729 0.0405927 -0.0298687 11.6522 
-0.0320526 0.0503825 -0.998216 -182.588 -0.0385245 0.997924 0.0516048 5.5875 0.998744 0.0401099 -0.0300451 11.5922 
-0.0319983 0.0494157 -0.998266 -183.609 -0.0384576 0.997977 0.0506341 5.61648 0.998748 0.0400112 -0.0300332 11.5447 
-0.0311356 0.0493185 -0.998298 -184.598 -0.0392806 0.99795 0.0505264 5.64217 0.998743 0.0407869 -0.0291345 11.5036 
-0.0298654 0.0501293 -0.998296 -185.559 -0.0399314 0.997885 0.0513032 5.66978 0.998756 0.0413956 -0.0278005 11.4587 
-0.0308043 0.0483486 -0.998355 -186.509 -0.0383153 0.998038 0.0495154 5.69652 0.998791 0.0397776 -0.0288914 11.4132 
-0.0343697 0.045735 -0.998362 -187.463 -0.0360142 0.998247 0.0469695 5.71778 0.99876 0.0375696 -0.0326623 11.3674 
-0.03995 0.0421401 -0.998313 -188.386 -0.0361959 0.998394 0.043592 5.74288 0.998546 0.0378764 -0.0383605 11.3159 
-0.0453609 0.0390565 -0.998207 -189.316 -0.0376799 0.998458 0.0407786 5.76725 0.99826 0.0394621 -0.0438193 11.2588 
-0.0497973 0.0381887 -0.998029 -190.242 -0.039647 0.998406 0.0401813 5.79103 0.997972 0.0415698 -0.0482038 11.1983 
-0.0530764 0.0384735 -0.997849 -191.184 -0.0406803 0.998345 0.0406564 5.81745 0.997762 0.0427507 -0.0514234 11.1306 
-0.055687 0.040591 -0.997623 -192.117 -0.0394811 0.998302 0.0428225 5.83695 0.997667 0.0417719 -0.0539899 11.0672 
-0.0577301 0.0422268 -0.997439 -193.058 -0.036947 0.99833 0.044403 5.86362 0.997648 0.0394158 -0.0560736 11.0025 
-0.0600133 0.0432474 -0.99726 -193.97 -0.0351009 0.998352 0.045407 5.88101 0.99758 0.0377298 -0.0583963 10.9441 
-0.0611774 0.0417314 -0.997254 -194.881 -0.035159 0.998415 0.0439369 5.91078 0.997508 0.0377504 -0.0596133 10.8717 
-0.0621787 0.0405028 -0.997243 -195.788 -0.0371313 0.998391 0.0428645 5.93247 0.997374 0.0396942 -0.0605747 10.7994 
-0.0624428 0.039215 -0.997278 -196.705 -0.040538 0.998304 0.0417936 5.96216 0.997225 0.0430374 -0.0607472 10.727 
-0.0619197 0.037189 -0.997388 -197.613 -0.0431392 0.998272 0.0399001 5.98627 0.997148 0.0454972 -0.0602084 10.6524 
-0.0612354 0.0346867 -0.99752 -198.522 -0.043391 0.998359 0.0373796 6.00583 0.99718 0.0455724 -0.0596298 10.5818 
-0.0608669 0.032103 -0.99763 -199.429 -0.0433066 0.998457 0.0347718 6.02879 0.997206 0.0453204 -0.0593827 10.5083 
-0.0604231 0.0316839 -0.99767 -200.352 -0.043326 0.998471 0.0343333 6.04899 0.997232 0.0452996 -0.0589579 10.4355 
-0.0605657 0.0343354 -0.997574 -201.283 -0.0410718 0.998476 0.0368601 6.07214 0.997319 0.0432046 -0.0590632 10.3735 
-0.0608725 0.0356775 -0.997508 -202.223 -0.0403874 0.998455 0.038176 6.09444 0.997328 0.0426107 -0.0593375 10.3024 
-0.0602532 0.0321731 -0.997665 -203.163 -0.0356836 0.998772 0.0343639 6.11217 0.997545 0.0376708 -0.0590311 10.2329 
-0.0600749 0.0288442 -0.997777 -204.105 -0.0339866 0.998944 0.0309242 6.13628 0.997615 0.0357689 -0.0590311 10.1627 
-0.0598209 0.0288557 -0.997792 -205.051 -0.0386695 0.998765 0.0312022 6.15906 0.99746 0.0404507 -0.0586311 10.0819 
-0.0588537 0.0326644 -0.997732 -206.013 -0.0402078 0.998576 0.0350638 6.17794 0.997457 0.0421802 -0.0574565 10.0112 
-0.0567174 0.0319692 -0.997878 -206.975 -0.0376056 0.99871 0.0341332 6.20348 0.997682 0.0394618 -0.055442 9.93758 
-0.0549723 0.0329788 -0.997943 -207.94 -0.0361272 0.998734 0.034995 6.23352 0.997834 0.0379767 -0.0537113 9.87332 
-0.0535779 0.0378432 -0.997846 -208.921 -0.0365227 0.998539 0.0398305 6.2558 0.997896 0.0385781 -0.0521175 9.80215 
-0.0519437 0.041977 -0.997767 -209.917 -0.0330843 0.998495 0.04373 6.28404 0.998102 0.035282 -0.0504768 9.73803 
-0.0508436 0.0426029 -0.997798 -210.916 -0.0328219 0.998479 0.0443044 6.31358 0.998167 0.0350022 -0.049368 9.67166 
-0.0487464 0.0429989 -0.997885 -211.916 -0.035979 0.998349 0.0447765 6.34657 0.998163 0.0380857 -0.0471188 9.60059 
-0.0459039 0.0447683 -0.997942 -212.931 -0.0386072 0.998169 0.0465543 6.37786 0.9982 0.0406648 -0.0440915 9.53194 
-0.0423706 0.044887 -0.998093 -213.953 -0.0396928 0.998126 0.0465735 6.41014 0.998313 0.0415905 -0.0405095 9.46982 
-0.0400337 0.0420383 -0.998314 -214.972 -0.042449 0.998141 0.0437333 6.44365 0.998296 0.0441283 -0.0381747 9.41556 
-0.0374072 0.0390191 -0.998538 -216.009 -0.042375 0.998277 0.0405964 6.47326 0.998401 0.0438317 -0.0356893 9.36192 
-0.0361388 0.0381725 -0.998618 -217.057 -0.0412711 0.998361 0.0396562 6.50251 0.998494 0.0426473 -0.0345041 9.30995 
-0.0343512 0.0406165 -0.998584 -218.116 -0.0421889 0.998224 0.0420531 6.52838 0.998519 0.0435737 -0.0325766 9.24855 
-0.0324906 0.0436359 -0.998519 -219.177 -0.0439512 0.998018 0.0450441 6.56107 0.998505 0.0453496 -0.0305083 9.18551 
-0.0313496 0.0433154 -0.99857 -220.238 -0.0439106 0.998036 0.0446708 6.59242 0.998544 0.0452483 -0.029386 9.13687 
-0.0305068 0.0405734 -0.998711 -221.302 -0.0428626 0.998204 0.0418621 6.62369 0.998615 0.0440845 -0.0287129 9.08328 
-0.0310408 0.0376392 -0.998809 -222.381 -0.0396812 0.998457 0.0388591 6.656 0.99873 0.0408402 -0.0294994 9.03833 
-0.0312935 0.0366253 -0.998839 -223.473 -0.0381123 0.998558 0.0378091 6.68782 0.998783 0.0392513 -0.0298525 8.99262 
-0.0312848 0.0356726 -0.998874 -224.563 -0.0381325 0.998593 0.0368569 6.71531 0.998783 0.0392427 -0.0298805 8.93886 
-0.0308265 0.0356922 -0.998887 -225.661 -0.0382119 0.99859 0.0368608 6.74197 0.998794 0.0393057 -0.0294191 8.88398 
-0.0314379 0.0365596 -0.998837 -226.764 -0.0402993 0.998472 0.0378146 6.76744 0.998693 0.0414412 -0.0299166 8.83015 
-0.0316783 0.0388663 -0.998742 -227.886 -0.0412146 0.998343 0.0401581 6.79794 0.998648 0.0424349 -0.030024 8.7718 
-0.0326885 0.0405209 -0.998644 -229.014 -0.0412972 0.99827 0.0418575 6.83036 0.998612 0.0426095 -0.0309586 8.71311 
-0.0335004 0.0418486 -0.998562 -230.15 -0.0425926 0.998156 0.0432605 6.87219 0.998531 0.0439807 -0.0316562 8.65465 
-0.0346865 0.0428388 -0.99848 -231.29 -0.0447735 0.998011 0.0443741 6.90617 0.998395 0.0462446 -0.0326994 8.5959 
-0.0355211 0.0412476 -0.998517 -232.45 -0.0470493 0.997971 0.0428988 6.94428 0.998261 0.0485034 -0.0335084 8.52529 
-0.0366793 0.0369753 -0.998643 -233.605 -0.0454812 0.998218 0.03863 6.97851 0.998292 0.0468365 -0.0349323 8.46028 
-0.0379862 0.0311301 -0.998793 -234.759 -0.0426446 0.998554 0.0327445 7.00241 0.998368 0.043837 -0.0366038 8.39424 
-0.0405578 0.0268059 -0.998818 -235.925 -0.0373168 0.998902 0.0283234 7.02828 0.99848 0.0384215 -0.039513 8.3331 
-0.0426599 0.0273848 -0.998714 -237.1 -0.0307382 0.999115 0.0287088 7.04619 0.998617 0.0319234 -0.0417804 8.26604 
-0.0449394 0.0314845 -0.998493 -238.299 -0.0262856 0.99912 0.0326873 7.06946 0.998644 0.027715 -0.0440722 8.1986 
-0.0470367 0.0341542 -0.998309 -239.5 -0.023913 0.99909 0.0353076 7.0939 0.998607 0.0255334 -0.0461772 8.12105 
-0.0492937 0.0337999 -0.998212 -240.704 -0.0219625 0.999149 0.0349162 7.11864 0.998543 0.0236444 -0.0485094 8.04474 
-0.051274 0.0343404 -0.998094 -241.947 -0.0223303 0.999119 0.0355229 7.15385 0.998435 0.0241092 -0.050462 7.94812 
-0.0535604 0.0358307 -0.997922 -243.172 -0.0209308 0.999096 0.0369963 7.1829 0.998345 0.0228689 -0.052762 7.86771 
-0.0559143 0.0353664 -0.997809 -244.392 -0.0204585 0.999122 0.0365594 7.21102 0.998226 0.0224579 -0.0551417 7.77447 
-0.0583504 0.0340701 -0.997715 -245.615 -0.0202953 0.99917 0.0353067 7.23842 0.99809 0.0223091 -0.0576105 7.68414 
-0.0608647 0.0336188 -0.99758 -246.842 -0.0202116 0.999186 0.0349061 7.26728 0.997941 0.0222873 -0.0601357 7.58873 
-0.0632598 0.0345989 -0.997397 -248.09 -0.0206257 0.99914 0.0359675 7.2946 0.997784 0.0228474 -0.0624918 7.48613 
-0.0658068 0.0348343 -0.997224 -249.334 -0.0210513 0.99912 0.0362897 7.32135 0.99761 0.023381 -0.0650155 7.3861 
-0.0683604 0.0359347 -0.997013 -250.582 -0.0225667 0.99904 0.037555 7.34635 0.997405 0.0250666 -0.0674838 7.27379 
-0.0706513 0.0376411 -0.996791 -251.844 -0.0244693 0.998922 0.0394559 7.37759 0.997201 0.0271784 -0.0696541 7.15641 
-0.0721652 0.0383011 -0.996657 -253.109 -0.0256468 0.998861 0.0402428 7.40864 0.997063 0.0284652 -0.0711007 7.04328 
-0.0733235 0.0384777 -0.996566 -254.373 -0.0282982 0.998773 0.040645 7.44029 0.996907 0.0311813 -0.0721446 6.92575 
-0.0732962 0.0383641 -0.996572 -255.645 -0.0287641 0.998763 0.040564 7.47556 0.996895 0.0316388 -0.072102 6.79736 
-0.0734324 0.0372092 -0.996606 -256.897 -0.0278395 0.998838 0.0393438 7.50741 0.996912 0.0306342 -0.0723111 6.67962 
-0.0735857 0.0365955 -0.996617 -258.155 -0.0248948 0.998948 0.0385192 7.53255 0.996978 0.0276451 -0.0725972 6.57215 
-0.0736135 0.0363041 -0.996626 -259.423 -0.0238147 0.998988 0.0381492 7.56317 0.997003 0.0265427 -0.0726745 6.45457 
-0.0735484 0.0365039 -0.996623 -260.685 -0.0237008 0.998984 0.0383394 7.59526 0.99701 0.0264406 -0.0726084 6.33497 
-0.0736123 0.0364052 -0.996622 -261.952 -0.0231369 0.999002 0.0382011 7.62661 0.997019 0.0258708 -0.0726966 6.22064 
-0.0734784 0.0372689 -0.9966 -263.207 -0.0226618 0.998981 0.0390287 7.65249 0.997039 0.0254526 -0.072559 6.10325 
-0.0734401 0.0381732 -0.996569 -264.472 -0.0199603 0.999011 0.0397376 7.68644 0.9971 0.0228102 -0.0726055 5.98821 
-0.0738125 0.0407581 -0.996439 -265.716 -0.0154191 0.998998 0.042005 7.71602 0.997153 0.0184648 -0.0731101 5.88566 
-0.0741041 0.044394 -0.996262 -266.969 -0.0121555 0.998894 0.0454154 7.7479 0.997176 0.0154756 -0.0734826 5.77569 
-0.0746227 0.0470699 -0.9961 -268.228 -0.00962621 0.998805 0.0479189 7.78206 0.997165 0.0131645 -0.0740804 5.67317 
-0.074675 0.0450728 -0.996189 -269.442 -0.00999866 0.998894 0.0459447 7.82261 0.997158 0.0133915 -0.0741417 5.56722 
-0.0745939 0.0435121 -0.996264 -270.67 -0.012221 0.998933 0.0445437 7.85708 0.997139 0.015498 -0.0739825 5.44883 
-0.0751043 0.0461149 -0.996109 -271.921 -0.0177101 0.998711 0.0475707 7.8968 0.997018 0.021214 -0.0741908 5.32613 
-0.0752679 0.0519478 -0.995809 -273.165 -0.0232547 0.998279 0.0538344 7.93428 0.996892 0.0272093 -0.0739303 5.20205 
-0.0752771 0.0510134 -0.995857 -274.405 -0.0267599 0.998228 0.0531576 7.97952 0.996804 0.0306506 -0.0737785 5.08472 
-0.0749419 0.0442925 -0.996204 -275.625 -0.0264149 0.998574 0.046385 8.01904 0.996838 0.0297908 -0.073665 4.96961 
-0.0756296 0.0391091 -0.996369 -276.84 -0.023292 0.998889 0.0409759 8.05012 0.996864 0.0263064 -0.0746346 4.85726 
-0.0756345 0.0384677 -0.996393 -278.069 -0.0174444 0.999052 0.0398945 8.08263 0.996983 0.0203989 -0.0748918 4.75153 
-0.0744699 0.0405524 -0.996398 -279.31 -0.0137821 0.999036 0.0416898 8.09864 0.997128 0.0168372 -0.0738392 4.63415 
-0.0729975 0.0426774 -0.996419 -280.549 -0.0129509 0.998959 0.043735 8.13139 0.997248 0.0160971 -0.0723688 4.51878 
-0.0715596 0.0448779 -0.996426 -281.784 -0.0140723 0.998842 0.0459973 8.17014 0.997337 0.0173136 -0.0708452 4.39648 
-0.0706238 0.0462707 -0.996429 -282.997 -0.0151732 0.998758 0.0474543 8.20289 0.997388 0.0184705 -0.069834 4.28304 
-0.0702213 0.0477223 -0.996389 -284.223 -0.015982 0.998673 0.048958 8.22908 0.997403 0.0193622 -0.0693654 4.18172 
-0.0697608 0.0468973 -0.996461 -285.456 -0.0158136 0.998717 0.0481105 8.26917 0.997438 0.0191139 -0.0689296 4.07861 
-0.0698407 0.0452655 -0.996531 -286.668 -0.0162364 0.998786 0.0465059 8.30259 0.997426 0.0194281 -0.069021 3.97005 
-0.069481 0.044083 -0.996609 -287.892 -0.0162948 0.99884 0.0453177 8.33833 0.99745 0.0193883 -0.068682 3.86324 
-0.0697123 0.0437051 -0.996609 -289.13 -0.0169229 0.998844 0.0449869 8.37845 0.997424 0.0200016 -0.0688921 3.76003 
-0.0693876 0.0435725 -0.996638 -290.347 -0.0173965 0.998841 0.04488 8.41163 0.997438 0.0204521 -0.0685491 3.65165 
-0.0694879 0.0439041 -0.996616 -291.581 -0.0183504 0.998806 0.0452801 8.44421 0.997414 0.0214348 -0.0685993 3.54587 
-0.0690023 0.0441937 -0.996637 -292.805 -0.0183804 0.998792 0.0455619 8.47835 0.997447 0.0214625 -0.0681067 3.43827 
-0.069114 0.0424253 -0.996706 -294.036 -0.0181229 0.998877 0.0437744 8.51543 0.997444 0.0210886 -0.0682675 3.32885 
-0.069272 0.0400894 -0.996792 -295.269 -0.0179774 0.99898 0.0414267 8.54332 0.997436 0.0207895 -0.0684807 3.22157 
-0.0696068 0.0371578 -0.996882 -296.496 -0.0186385 0.999083 0.0385413 8.57385 0.9974 0.0212632 -0.0688504 3.11157 
-0.0699868 0.0356666 -0.99691 -297.727 -0.0203975 0.999101 0.0371769 8.60361 0.997339 0.0229364 -0.0691963 3.00277 
-0.0703546 0.0353889 -0.996894 -298.954 -0.0233722 0.999038 0.0371145 8.63291 0.997248 0.0259108 -0.0694598 2.8844 
-0.0708594 0.0364998 -0.996818 -300.197 -0.0265055 0.998909 0.0384604 8.65915 0.997134 0.0291465 -0.0698146 2.77184 
-0.071233 0.0371519 -0.996768 -301.423 -0.0303286 0.998763 0.0393937 8.69436 0.996999 0.0330368 -0.0700181 2.64851 
-0.0714303 0.0369069 -0.996763 -302.651 -0.031836 0.998722 0.0392609 8.72444 0.996937 0.0345374 -0.070164 2.52943 
-0.0719343 0.0348614 -0.9968 -303.893 -0.031485 0.998812 0.0372038 8.75087 0.996912 0.0340605 -0.0707512 2.41289 
-0.0727542 0.0329563 -0.996805 -305.147 -0.0289337 0.998964 0.0351395 8.77721 0.99693 0.0313978 -0.0717253 2.30628 
-0.0739312 0.0327594 -0.996725 -306.382 -0.0266113 0.99904 0.0348093 8.8059 0.996908 0.0290977 -0.0729885 2.19644 
-0.0750921 0.0348863 -0.996566 -307.629 -0.0240075 0.999035 0.0367817 8.82915 0.996888 0.0266871 -0.0741821 2.08585 
