1 2.12261e-08 -2.11895e-08 0 2.12261e-08 1 2.10703e-08 0 -2.11895e-08 2.10703e-08 1 0 
0.999998 0.000583772 0.00183096 -0.0103137 -0.000582151 1 -0.000862795 -0.00470714 -0.00183151 0.00086177 0.999998 0.448773 
0.999992 0.00202059 0.00359844 -0.0182766 -0.00201353 0.999996 -0.00195323 -0.0102125 -0.00360242 0.00194601 0.999992 0.911115 
0.999979 0.00333036 0.00553897 -0.0294736 -0.00331598 0.999991 -0.00259511 -0.0168828 -0.00554761 0.00257673 0.999981 1.38976 
0.99997 0.00341906 0.00700327 -0.0349072 -0.00340088 0.999991 -0.0025996 -0.0239368 -0.00701214 0.00257575 0.999972 1.87903 
0.999959 0.00275429 0.00857663 -0.0371073 -0.00273415 0.999994 -0.0023531 -0.0313289 -0.0085831 0.00232959 0.99996 2.38053 
0.99994 0.00244893 0.0107085 -0.0402872 -0.0024336 0.999996 -0.00144018 -0.0373496 -0.010712 0.00141408 0.999942 2.88703 
0.999923 0.00215198 0.0122221 -0.0418457 -0.00215291 0.999998 6.67027e-05 -0.0448369 -0.012222 -9.29689e-05 0.999925 3.39855 
0.999912 0.00276013 0.0129475 -0.0432798 -0.00277426 0.999996 0.00107747 -0.0525379 -0.0129445 -0.00111325 0.999916 3.91325 
0.999901 0.00373086 0.0135873 -0.0470336 -0.00374558 0.999992 0.0010613 -0.0603454 -0.0135833 -0.00111205 0.999907 4.428 
0.999885 0.00411986 0.0145851 -0.0412674 -0.00412821 0.999991 0.000545387 -0.068074 -0.0145828 -0.000605493 0.999894 4.9593 
0.99987 0.00459858 0.0154314 -0.0445141 -0.00460593 0.999989 0.0004435 -0.0763444 -0.0154293 -0.000514477 0.999881 5.47791 
0.999853 0.00580426 0.0161601 -0.0465921 -0.0058001 0.999983 -0.000301973 -0.084049 -0.0161617 0.00020824 0.999869 6.00163 
0.999832 0.00685901 0.0170023 -0.0495033 -0.00684323 0.999976 -0.000983861 -0.0926381 -0.0170087 0.000867387 0.999855 6.52805 
0.999803 0.00799824 0.0181511 -0.0522708 -0.00797889 0.999968 -0.00113572 -0.102088 -0.0181597 0.00099071 0.999835 7.06703 
0.999789 0.00805475 0.01889 -0.0517766 -0.00802303 0.999966 -0.00175214 -0.109791 -0.0189035 0.00160026 0.99982 7.60374 
0.999759 0.00888389 0.0200687 -0.0491227 -0.00884218 0.999959 -0.00216421 -0.118169 -0.0200871 0.00198628 0.999796 8.15102 
0.99968 0.0104915 0.0229993 -0.0543876 -0.0104408 0.999943 -0.00232578 -0.124226 -0.0230224 0.00208495 0.999733 8.71888 
0.999579 0.011275 0.026734 -0.0459869 -0.0112117 0.999934 -0.00251289 -0.13807 -0.0267606 0.00221214 0.999639 9.27659 
0.999467 0.0113845 0.0305952 -0.0361498 -0.0112955 0.999932 -0.003078 -0.144835 -0.0306281 0.00273082 0.999527 9.84772 
0.999292 0.0113496 0.0358685 -0.0275908 -0.0112259 0.99993 -0.00364586 -0.155803 -0.0359074 0.00324066 0.99935 10.4191 
0.999065 0.0115952 0.0416505 -0.00772368 -0.0114582 0.999928 -0.00352568 -0.171106 -0.0416885 0.00304518 0.999126 11.0098 
0.998797 0.011009 0.0477766 0.0120669 -0.0108748 0.999936 -0.00306613 -0.181789 -0.0478074 0.00254292 0.998853 11.6046 
0.998488 0.0109857 0.0538621 0.0338854 -0.0108137 0.999936 -0.00348247 -0.199104 -0.0538969 0.00289479 0.998542 12.2026 
0.998152 0.00871521 0.0601347 0.0631268 -0.00846846 0.999955 -0.00435617 -0.21057 -0.06017 0.00383892 0.998181 12.8161 
0.997778 0.00757357 0.0661996 0.0990552 -0.0072747 0.999962 -0.00475387 -0.220978 -0.0662331 0.00426176 0.997795 13.4384 
0.997305 0.0103576 0.0726324 0.136821 -0.00987889 0.999927 -0.00694706 -0.229717 -0.0726991 0.00621085 0.997335 14.0722 
0.996851 0.0144897 0.0779664 0.199696 -0.0137322 0.999853 -0.0102427 -0.237978 -0.0781034 0.00913987 0.996903 14.7406 
0.996423 0.0117483 0.0836881 0.25489 -0.0108983 0.999884 -0.0106061 -0.24586 -0.0838031 0.00965615 0.996436 15.4114 
0.996105 0.00419792 0.0880738 0.323306 -0.00350575 0.999962 -0.00801175 -0.25078 -0.0881041 0.00767182 0.996082 16.0967 
0.995653 -0.00117578 0.0931282 0.380193 0.00161636 0.999988 -0.00465517 -0.258706 -0.0931216 0.0047855 0.995643 16.7837 
0.995227 -0.00061449 0.0975889 0.427139 0.000721376 0.999999 -0.00105954 -0.272784 -0.0975882 0.00112492 0.995226 17.4876 
0.995037 -0.00205804 0.0994852 0.4976 0.00219237 0.999997 -0.00124047 -0.275876 -0.0994824 0.00145246 0.995038 18.2316 
0.995029 -0.00608058 0.0993974 0.571856 0.00639602 0.999976 -0.00285479 -0.288708 -0.0993777 0.00347639 0.995044 18.9797 
0.995143 -0.0114244 0.0977802 0.633726 0.0119702 0.999916 -0.00499589 -0.287833 -0.0977149 0.00614211 0.995196 19.7254 
0.995577 -0.0136781 0.0929433 0.694412 0.0142495 0.999883 -0.00548633 -0.298137 -0.0928574 0.0067865 0.995656 20.4919 
0.996239 -0.0131888 0.0856356 0.741754 0.0137316 0.999889 -0.00575142 -0.309848 -0.0855503 0.00690574 0.99631 21.279 
0.996977 -0.0130357 0.076602 0.782901 0.0133852 0.999902 -0.00405 -0.319142 -0.0765418 0.00506312 0.997054 22.0856 
0.997678 -0.0132541 0.0667994 0.819841 0.0134178 0.999908 -0.00200122 -0.332411 -0.0667668 0.00289291 0.997764 22.8996 
0.998258 -0.0124584 0.0576728 0.844462 0.0124211 0.999922 0.00100566 -0.343129 -0.0576808 -0.000287509 0.998335 23.7319 
0.998684 -0.0119447 0.0498692 0.866473 0.0118039 0.999926 0.00311758 -0.354672 -0.0499027 -0.00252478 0.998751 24.5629 
0.999018 -0.0100891 0.0431361 0.880511 0.00993594 0.999944 0.00376486 -0.361323 -0.0431717 -0.00333253 0.999062 25.4039 
0.999249 -0.00896186 0.0376994 0.891786 0.00880843 0.999952 0.00423514 -0.372422 -0.0377356 -0.00389984 0.99928 26.2382 
0.999442 -0.00773265 0.0324998 0.89881 0.00759781 0.999962 0.00427149 -0.382526 -0.0325316 -0.00402213 0.999463 27.0767 
0.999592 -0.00738766 0.0275932 0.900585 0.0072758 0.999965 0.00415351 -0.395541 -0.0276229 -0.00395101 0.999611 27.916 
0.999712 -0.00739277 0.022823 0.901385 0.007314 0.999967 0.00353457 -0.40625 -0.0228484 -0.00336659 0.999733 28.7561 
0.999806 -0.00651679 0.0185675 0.895681 0.00643702 0.99997 0.00435526 -0.421697 -0.0185954 -0.00423486 0.999818 29.5926 
0.999878 -0.00484111 0.014841 0.891971 0.00476529 0.999975 0.00514241 -0.431954 -0.0148656 -0.00507102 0.999877 30.422 
0.999923 -0.0023895 0.0121595 0.883343 0.00231512 0.999979 0.00613092 -0.444013 -0.0121739 -0.00610225 0.999907 31.252 
0.999946 -0.000524462 0.0104061 0.878619 0.000463856 0.999983 0.00582967 -0.451574 -0.010409 -0.00582448 0.999929 32.0789 
0.999954 0.000382832 0.00954185 0.868283 -0.000435201 0.999985 0.00549135 -0.463249 -0.00953964 -0.00549521 0.999939 32.9038 
0.99996 0.00213077 0.0086795 0.859203 -0.00216603 0.999989 0.00405942 -0.475362 -0.0086708 -0.00407802 0.999954 33.7126 
0.999957 0.00456911 0.00806369 0.8467 -0.00460004 0.999982 0.00382688 -0.487457 -0.0080461 -0.00386377 0.99996 34.5145 
0.999952 0.00647209 0.00740407 0.831879 -0.00650584 0.999969 0.00454909 -0.502347 -0.00737444 -0.004597 0.999962 35.3077 
0.999944 0.00809197 0.00687993 0.819169 -0.00812867 0.999953 0.00532842 -0.518984 -0.00683653 -0.005384 0.999962 36.0865 
0.99994 0.00902718 0.00624899 0.809524 -0.00906018 0.999945 0.00528072 -0.532471 -0.00620102 -0.00533698 0.999967 36.8511 
0.999922 0.0112217 0.00556441 0.796599 -0.0112508 0.999923 0.00523486 -0.542726 -0.00550528 -0.00529701 0.999971 37.6062 
0.999896 0.0132835 0.00564442 0.779301 -0.0133144 0.999896 0.0054852 -0.554596 -0.00557101 -0.00555974 0.999969 38.3515 
0.999853 0.0161245 0.00589103 0.766915 -0.0161573 0.999854 0.00556858 -0.566499 -0.00580042 -0.0056629 0.999967 39.0748 
0.999783 0.0194865 0.0074061 0.754427 -0.0195273 0.999794 0.0054878 -0.579276 -0.00729768 -0.00563119 0.999958 39.7849 
0.999722 0.0212766 0.0101556 0.746972 -0.021322 0.999763 0.00438796 -0.593621 -0.0100599 -0.00460324 0.999939 40.4888 
0.999638 0.0230114 0.0139761 0.743279 -0.023062 0.999728 0.00347613 -0.606123 -0.0138923 -0.00379714 0.999896 41.1793 
0.999569 0.022423 0.0189546 0.744618 -0.0224979 0.99974 0.00375405 -0.618928 -0.0188656 -0.00417883 0.999813 41.8533 
0.999425 0.0234746 0.0244492 0.748051 -0.0235781 0.999714 0.00395443 -0.628716 -0.0243494 -0.00452858 0.999693 42.5129 
0.999242 0.0240396 0.0306243 0.753461 -0.0241746 0.9997 0.00404725 -0.627253 -0.0305178 -0.00478447 0.999523 43.169 
0.998998 0.0235511 0.0380479 0.768267 -0.0237452 0.999707 0.00465891 -0.64034 -0.0379271 -0.00555765 0.999265 43.7987 
0.998626 0.0236294 0.046766 0.787129 -0.0238654 0.999705 0.00449573 -0.650735 -0.046646 -0.0056056 0.998896 44.4189 
0.998063 0.0244306 0.0572209 0.813792 -0.0247159 0.999685 0.00428378 -0.660468 -0.0570983 -0.0056897 0.998352 45.0262 
0.997325 0.0235585 0.0691949 0.850963 -0.0238959 0.999706 0.00405284 -0.670336 -0.0690791 -0.00569543 0.997595 45.6257 
0.996396 0.0224632 0.0818007 0.896477 -0.022862 0.999731 0.0039424 -0.676796 -0.0816902 -0.00579827 0.996641 46.2133 
0.99526 0.0218622 0.0947594 0.950086 -0.0222724 0.999747 0.00327356 -0.684625 -0.0946639 -0.00536852 0.995495 46.7916 
0.993739 0.0216818 0.109606 1.00894 -0.0221924 0.999748 0.00344145 -0.69671 -0.109504 -0.00585229 0.993969 47.3536 
0.991774 0.0214503 0.126193 1.07553 -0.0220952 0.999749 0.00371263 -0.705013 -0.126082 -0.0064703 0.991999 47.9041 
0.989325 0.023941 0.143743 1.14568 -0.0246346 0.999692 0.00304745 -0.714775 -0.143626 -0.00655593 0.98961 48.44 
0.986131 0.0223628 0.164459 1.23735 -0.0230648 0.999731 0.00236061 -0.725136 -0.164362 -0.00612104 0.986381 48.9702 
0.98192 0.0255156 0.187567 1.33445 -0.0262254 0.999655 0.00130365 -0.735816 -0.187469 -0.00619907 0.982251 49.4805 
0.976724 0.0245503 0.213091 1.44832 -0.0249142 0.999689 -0.000977317 -0.747335 -0.213049 -0.0043544 0.977032 49.9827 
0.97062 0.0235475 0.239462 1.57899 -0.0233103 0.999721 -0.00382279 -0.757641 -0.239485 -0.00187142 0.970898 50.465 
0.963279 0.0224854 0.267559 1.71891 -0.0215778 0.999747 -0.00633209 -0.769343 -0.267634 0.00032627 0.963521 50.9298 
0.954614 0.0200958 0.297167 1.8747 -0.0188464 0.999797 -0.00706873 -0.787473 -0.297248 0.00114743 0.9548 51.3798 
0.944466 0.0219435 0.327876 2.03594 -0.0199645 0.999757 -0.00940068 -0.799683 -0.328002 0.00233277 0.944674 51.8105 
0.932883 0.0225984 0.359469 2.20238 -0.0206989 0.999744 -0.00913269 -0.812434 -0.359583 0.00107915 0.933112 52.2235 
0.919804 0.0215302 0.391787 2.38454 -0.0202692 0.999768 -0.00735479 -0.833604 -0.391854 -0.00117619 0.920027 52.6276 
0.904638 0.0205641 0.425684 2.57407 -0.0196335 0.999786 -0.0065739 -0.849262 -0.425728 -0.00241063 0.904848 53.0082 
0.887445 0.0197952 0.460489 2.77384 -0.0189461 0.9998 -0.00646618 -0.866998 -0.460525 -0.00298606 0.887642 53.3673 
0.868164 0.0197787 0.495884 2.98615 -0.0184881 0.999801 -0.00750996 -0.879447 -0.495933 -0.00264803 0.868357 53.7074 
0.846782 0.0187913 0.531607 3.20465 -0.0164256 0.999823 -0.00917776 -0.891582 -0.531686 -0.000960402 0.846941 54.029 
0.823538 0.0175521 0.566989 3.43864 -0.0140665 0.999846 -0.0105206 -0.905205 -0.567086 0.000688588 0.823658 54.3305 
0.798297 0.0145078 0.60209 3.69117 -0.0101376 0.999892 -0.0106519 -0.918087 -0.602179 0.00239968 0.798358 54.6206 
0.770377 0.0106191 0.6375 3.95108 -0.00699713 0.999942 -0.00820071 -0.931502 -0.63755 0.001857 0.770407 54.8989 
0.740708 0.00615948 0.671799 4.22241 -0.00447981 0.999981 -0.00422907 -0.940524 -0.671812 0.000122994 0.740722 55.1634 
0.708478 0.00261289 0.705728 4.50355 -0.00308516 0.999995 -0.000605122 -0.947429 -0.705726 -0.00174855 0.708483 55.4177 
0.673288 0.000305693 0.739381 4.79072 -0.00362507 0.999989 0.00288765 -0.94986 -0.739372 -0.0046245 0.673281 55.654 
0.635454 -0.00334806 0.772132 5.08533 -0.00240074 0.999977 0.00631187 -0.959971 -0.772135 -0.00586457 0.635431 55.8733 
0.596454 -0.00699014 0.802617 5.38565 0.000348538 0.999964 0.00844993 -0.966878 -0.802647 -0.00476024 0.596435 56.0577 
0.554247 -0.00919367 0.832301 5.70382 0.00307379 0.999955 0.00899874 -0.976267 -0.832346 -0.0024292 0.55425 56.2355 
0.509425 -0.0080797 0.860477 6.03621 0.0048679 0.999967 0.00650762 -0.975227 -0.860501 0.000873583 0.509448 56.4067 
0.462532 -0.00549438 0.886586 6.38355 0.00424159 0.999983 0.00398435 -0.973449 -0.886592 0.00191765 0.462548 56.5658 
0.413171 -0.00265784 0.91065 6.74963 -0.000107937 0.999996 0.00296764 -0.979107 -0.910654 -0.00132442 0.413169 56.7166 
0.362936 -0.000313704 0.931814 7.1226 -0.00498593 0.999985 0.0022787 -0.982528 -0.931801 -0.00547297 0.362929 56.8461 
0.312951 0.000123427 0.949769 7.52622 -0.0073665 0.99997 0.00229737 -0.987311 -0.949741 -0.00771543 0.312942 56.9584 
0.264699 0.000204128 0.964331 7.93596 -0.00560409 0.999983 0.00132664 -0.987614 -0.964315 -0.00575535 0.264696 57.0436 
0.21936 -0.000780242 0.975644 8.36295 -0.00449566 0.999988 0.00181055 -0.996042 -0.975634 -0.00478332 0.219354 57.1182 
0.177425 -0.0028731 0.98413 8.81826 -0.00426106 0.999984 0.00368765 -0.99795 -0.984125 -0.00484771 0.17741 57.1852 
0.138788 -0.00529549 0.990308 9.29245 -0.00425492 0.999973 0.00594353 -1.0017 -0.990313 -0.00503857 0.138762 57.236 
0.102557 -0.00699941 0.994702 9.79 -0.0052825 0.999957 0.00758108 -1.00399 -0.994713 -0.00603201 0.102516 57.2715 
0.0699884 -0.00832785 0.997513 10.3085 -0.00430469 0.999953 0.0086503 -1.00703 -0.997539 -0.00489941 0.0699493 57.2931 
0.0407993 -0.00882203 0.999128 10.8435 -0.00418183 0.999951 0.0090001 -1.00821 -0.999159 -0.00454539 0.0407604 57.3014 
0.0140849 -0.00662333 0.999879 11.4035 -0.00670869 0.999955 0.00671838 -1.00605 -0.999878 -0.00680251 0.0140398 57.3093 
-0.00858324 -0.00430247 0.999954 11.9832 -0.01085 0.999932 0.00420929 -1.00487 -0.999904 -0.0108134 -0.00862934 57.3062 
-0.0281219 -0.00352657 0.999598 12.5813 -0.010888 0.999936 0.00322148 -1.00544 -0.999545 -0.0107931 -0.0281585 57.2888 
-0.0454039 -0.00290362 0.998965 13.1932 -0.00733486 0.99997 0.00257321 -1.00802 -0.998942 -0.00721043 -0.0454239 57.2571 
-0.0613558 -0.00309147 0.998111 13.8331 -0.00493725 0.999984 0.00279381 -1.01007 -0.998104 -0.00475651 -0.06137 57.2207 
-0.0767019 -0.00411165 0.997046 14.4929 -0.00576404 0.999977 0.00368035 -1.0117 -0.997037 -0.00546472 -0.0767238 57.1745 
-0.0912433 -0.00303043 0.995824 15.1678 -0.00495388 0.999984 0.00258923 -1.01594 -0.995816 -0.00469694 -0.0912569 57.1164 
-0.103312 -0.00114034 0.994648 15.8591 -0.00327611 0.999994 0.000806225 -1.01918 -0.994644 -0.00317529 -0.103315 57.0454 
-0.112798 0.00162243 0.993617 16.5693 0.00418513 0.999991 -0.00115769 -1.02077 -0.993609 0.00402783 -0.112803 56.9604 
-0.118557 0.00431927 0.992938 17.2895 0.0121902 0.999922 -0.0028941 -1.02808 -0.992872 0.011761 -0.1186 56.8698 
-0.120947 0.00445916 0.992649 18.0384 0.0167502 0.999857 -0.0024506 -1.03621 -0.992518 0.0163307 -0.121005 56.7822 
-0.120775 0.00276833 0.992676 18.7965 0.0174123 0.999848 -0.000669795 -1.04599 -0.992527 0.0172039 -0.120805 56.7029 
-0.117895 0.00204844 0.993024 19.5693 0.0209697 0.99978 0.00042725 -1.04993 -0.992805 0.0208737 -0.117912 56.6196 
-0.113641 0.000953415 0.993521 20.3592 0.0227052 0.999741 0.00163773 -1.06139 -0.993262 0.0227442 -0.113633 56.5458 
-0.109086 0.0018979 0.994031 21.1551 0.0217281 0.999764 0.000475649 -1.07009 -0.993795 0.0216502 -0.109101 56.4748 
-0.104937 0.00278805 0.994475 21.9512 0.0210949 0.999777 -0.000576931 -1.08 -0.994255 0.0209179 -0.104973 56.4092 
-0.100313 0.00211359 0.994954 22.7552 0.0259187 0.999664 0.000489608 -1.09108 -0.994618 0.025837 -0.100334 56.3372 
-0.096335 0.000102104 0.995349 23.5664 0.0316648 0.999494 0.00296219 -1.10192 -0.994845 0.0318028 -0.0962895 56.2605 
-0.0920282 -0.00332153 0.995751 24.3759 0.0340447 0.999399 0.00648018 -1.11151 -0.995174 0.0344964 -0.0918598 56.1876 
-0.0870086 -0.00684038 0.996184 25.1868 0.0370833 0.999261 0.0101005 -1.11908 -0.995517 0.0378206 -0.0866907 56.1217 
-0.0818292 -0.0100284 0.996596 25.9941 0.0378928 0.999195 0.0131659 -1.13173 -0.995926 0.0388412 -0.0813833 56.0705 
-0.0773844 -0.0114564 0.996936 26.8 0.0356535 0.999263 0.0142507 -1.13637 -0.996364 0.036647 -0.0769189 56.0218 
-0.0735415 -0.0129394 0.997208 27.6087 0.0290107 0.999465 0.0151081 -1.13807 -0.99687 0.0300408 -0.0731268 55.9886 
-0.0692392 -0.0163512 0.997466 28.4199 0.0231544 0.99957 0.017993 -1.13794 -0.997331 0.0243415 -0.0688308 55.9585 
-0.0649707 -0.0177869 0.997729 29.2319 0.0203762 0.999609 0.0191473 -1.14005 -0.997679 0.0215739 -0.0645828 55.9292 
-0.0608594 -0.013902 0.99805 30.0367 0.0209464 0.999665 0.0152019 -1.14455 -0.997927 0.0218308 -0.0605478 55.897 
-0.0576106 -0.00612736 0.99832 30.8458 0.0218507 0.999734 0.00739702 -1.14761 -0.9981 0.0222401 -0.0574614 55.866 
-0.054873 -0.000112866 0.998493 31.6615 0.020277 0.999794 0.00122739 -1.14904 -0.998287 0.0203138 -0.0548594 55.8368 
-0.0529243 -0.000509703 0.998598 32.4871 0.0196587 0.999806 0.00155224 -1.15308 -0.998405 0.0197133 -0.052904 55.8087 
-0.0516156 -0.0044232 0.998657 33.313 0.0224071 0.999733 0.00558611 -1.16576 -0.998416 0.0226653 -0.0515027 55.7793 
-0.050511 -0.00475451 0.998712 34.1391 0.0235378 0.999705 0.00594972 -1.17863 -0.998446 0.023808 -0.0503842 55.7461 
-0.0504362 -0.00225928 0.998725 34.9629 0.0210379 0.999773 0.00332412 -1.18878 -0.998506 0.0211787 -0.0503772 55.7203 
-0.0507031 -0.00103319 0.998713 35.7995 0.0140508 0.9999 0.00174779 -1.19854 -0.998615 0.0141214 -0.0506835 55.7052 
-0.0516666 -0.00173742 0.998663 36.6447 0.0123481 0.999921 0.00237849 -1.20316 -0.998588 0.0124545 -0.0516411 55.6789 
-0.0528494 -0.00293961 0.998598 37.4932 0.012612 0.999914 0.00361099 -1.21726 -0.998523 0.0127851 -0.0528078 55.6488 
-0.0546946 0.00106076 0.998503 38.3436 0.0120613 0.999927 -0.000401556 -1.22844 -0.99843 0.0120213 -0.0547034 55.6224 
-0.0563368 0.0050741 0.998399 39.2053 0.0121808 0.999916 -0.00439444 -1.23721 -0.998338 0.0119138 -0.0563939 55.595 
-0.0571731 0.00791677 0.998333 40.0812 0.012849 0.999892 -0.00719325 -1.25451 -0.998282 0.0124163 -0.0572686 55.5608 
-0.0581677 0.00892551 0.998267 40.9641 0.014621 0.99986 -0.00808777 -1.27339 -0.9982 0.0141252 -0.05829 55.5184 
-0.0590453 0.0103437 0.998202 41.8587 0.0145664 0.999849 -0.00949908 -1.29087 -0.998149 0.0139793 -0.059187 55.4798 
-0.0601951 0.010185 0.998135 42.7636 0.0142117 0.999855 -0.00934539 -1.30505 -0.998085 0.0136226 -0.0603311 55.444 
-0.0615029 0.00552785 0.998092 43.6835 0.011808 0.999919 -0.00481031 -1.32307 -0.998037 0.0114896 -0.0615631 55.4083 
-0.0629637 0.00371904 0.998009 44.6125 0.0119366 0.999924 -0.00297306 -1.34668 -0.997944 0.0117256 -0.0630034 55.367 
-0.0641345 0.00702354 0.997917 45.5388 0.0126547 0.999901 -0.00622417 -1.36342 -0.997861 0.0122291 -0.064217 55.3206 
-0.0648825 0.0108912 0.997834 46.4715 0.0135775 0.999858 -0.0100304 -1.37752 -0.997801 0.0128973 -0.0650211 55.2761 
-0.0645601 0.0121228 0.99784 47.4147 0.0167147 0.999799 -0.0110651 -1.39656 -0.997774 0.0159642 -0.0647498 55.2259 
-0.0643086 0.008587 0.997893 48.3806 0.0211631 0.99975 -0.0072391 -1.41761 -0.997706 0.0206529 -0.0644743 55.1706 
-0.0645404 0.00316714 0.99791 49.3578 0.0231471 0.999731 -0.00167582 -1.42895 -0.997647 0.0229905 -0.0645963 55.1168 
-0.0634745 0.000299284 0.997983 50.3443 0.024432 0.999701 0.00125418 -1.44587 -0.997684 0.0244623 -0.0634628 55.0642 
-0.0619222 0.00204787 0.998079 51.3357 0.0238646 0.999715 -0.000570594 -1.45585 -0.997796 0.0237834 -0.0619534 55.024 
-0.061092 0.00494766 0.99812 52.334 0.0238287 0.99971 -0.00349701 -1.46793 -0.997848 0.0235703 -0.0611922 54.9825 
-0.0608292 0.00691595 0.998124 53.3287 0.0181345 0.999819 -0.00582247 -1.48869 -0.997983 0.0177463 -0.0609436 54.9491 
-0.0615525 0.00666411 0.998082 54.3383 0.0150021 0.999871 -0.00575082 -1.50459 -0.997991 0.0146193 -0.0616445 54.9175 
-0.0623548 0.0020121 0.998052 55.3579 0.0145025 0.999894 -0.0011097 -1.52026 -0.997949 0.0144051 -0.0623774 54.8768 
-0.0629785 -0.00373664 0.998008 56.4001 0.0124565 0.999912 0.00452986 -1.53384 -0.997937 0.012717 -0.0629264 54.8301 
-0.0634276 -0.00331327 0.997981 57.4352 0.0142107 0.99989 0.00422282 -1.54561 -0.997885 0.0144498 -0.0633735 54.7751 
-0.0638688 -0.000194796 0.997958 58.4779 0.0174984 0.999846 0.00131509 -1.56265 -0.997805 0.0175466 -0.0638555 54.7275 
-0.0644586 0.00293185 0.997916 59.5174 0.0200571 0.999798 -0.00164178 -1.57109 -0.997719 0.0199095 -0.0645044 54.6622 
-0.0666747 -0.000188449 0.997775 60.5728 0.0203484 0.999792 0.00154862 -1.5873 -0.997567 0.0204064 -0.066657 54.6087 
-0.0695995 -0.00526697 0.997561 61.6508 0.0213583 0.999749 0.00676872 -1.60146 -0.997346 0.0217773 -0.0694696 54.5583 
-0.072716 -0.00820045 0.997319 62.7425 0.0226838 0.999694 0.00987392 -1.6141 -0.997095 0.0233409 -0.0725077 54.5014 
-0.0766493 -0.00708484 0.997033 63.8266 0.0270352 0.999592 0.00918146 -1.61641 -0.996692 0.0276587 -0.0764265 54.4389 
-0.0800871 -0.00793075 0.996756 64.9049 0.0302647 0.999488 0.0103842 -1.62196 -0.996328 0.0309982 -0.0798061 54.3651 
-0.0839319 -0.0100559 0.996421 65.9741 0.0341004 0.999334 0.0129577 -1.63174 -0.995888 0.0350659 -0.0835331 54.2946 
-0.0866019 -0.00959646 0.996197 67.0391 0.0375614 0.999211 0.0128908 -1.63653 -0.995535 0.0385349 -0.0861731 54.2134 
-0.0887393 -0.00611152 0.996036 68.1157 0.0416027 0.999086 0.00983676 -1.6449 -0.995186 0.0423107 -0.0884039 54.1283 
-0.0903079 -0.00145814 0.995913 69.1852 0.0440117 0.999016 0.00545363 -1.6555 -0.994941 0.0443243 -0.0901548 54.0432 
-0.0913521 0.00116462 0.995818 70.2557 0.0476118 0.998861 0.00319957 -1.67078 -0.99468 0.047705 -0.0913035 53.9568 
-0.0906392 0.000679787 0.995884 71.3281 0.0461807 0.998927 0.00352126 -1.67908 -0.994813 0.0463098 -0.0905734 53.8775 
-0.0876834 -0.0016652 0.996147 72.4004 0.0475303 0.998853 0.0058535 -1.69182 -0.995014 0.0478604 -0.0875037 53.7975 
-0.0833572 -0.00519629 0.996506 73.4727 0.0506796 0.99867 0.00944693 -1.7049 -0.99523 0.05129 -0.082983 53.7273 
-0.0780237 -0.00813296 0.996918 74.5505 0.0509377 0.998628 0.0121336 -1.71337 -0.995649 0.0517274 -0.0775024 53.6635 
-0.0734557 -0.0114503 0.997233 75.6026 0.0521158 0.998524 0.015304 -1.72226 -0.995936 0.0530957 -0.0727505 53.6123 
-0.0686584 -0.0127034 0.997559 76.6677 0.0530183 0.998459 0.016364 -1.73014 -0.99623 0.0540124 -0.0678792 53.5538 
-0.0647392 -0.00878844 0.997864 77.7445 0.0532576 0.998506 0.0122494 -1.73815 -0.99648 0.0539368 -0.0641744 53.4998 
-0.062531 -0.00391343 0.998035 78.8102 0.0522203 0.99861 0.00718754 -1.74142 -0.996676 0.0525671 -0.0622398 53.4511 
-0.0611912 -0.00388593 0.998119 79.8855 0.0529136 0.998574 0.00713169 -1.74579 -0.996723 0.0532505 -0.0608983 53.4051 
-0.059645 -0.0058745 0.998202 80.9568 0.0533169 0.998537 0.00906232 -1.75997 -0.996795 0.0537616 -0.0592444 53.3542 
-0.0578507 -0.00284189 0.998321 82.032 0.0533238 0.99856 0.00593261 -1.77134 -0.9969 0.0535775 -0.0576159 53.3132 
-0.0558728 0.00304398 0.998433 83.1116 0.0535845 0.998563 -4.57264e-05 -1.78284 -0.996999 0.053498 -0.0559557 53.2747 
-0.0537497 0.0061967 0.998535 84.1886 0.0525806 0.998611 -0.0033668 -1.80161 -0.997169 0.0523226 -0.0540009 53.24 
-0.0513146 0.00555105 0.998667 85.2729 0.0529369 0.998594 -0.00283054 -1.82203 -0.997279 0.0527211 -0.0515363 53.2047 
-0.0477538 0.00234382 0.998856 86.3571 0.0508861 0.998705 8.93702e-05 -1.8429 -0.997562 0.0508322 -0.0478112 53.1754 
-0.0437122 -0.00201685 0.999042 87.4497 0.050636 0.998708 0.00423175 -1.86177 -0.99776 0.0507725 -0.0435536 53.1546 
-0.0390965 -0.00444031 0.999226 88.5378 0.0491448 0.998771 0.00636121 -1.87577 -0.998026 0.0493554 -0.0388303 53.1352 
-0.0354548 -0.00059654 0.999371 89.6136 0.0450252 0.998983 0.00219371 -1.89869 -0.998357 0.0450746 -0.0353919 53.1178 
-0.0337357 0.00897849 0.999391 90.6943 0.0415266 0.999109 -0.00757413 -1.91543 -0.998568 0.0412458 -0.0340784 53.1085 
-0.0329023 0.0166633 0.99932 91.7673 0.0357322 0.999241 -0.0154855 -1.94835 -0.99882 0.0351984 -0.0334728 53.0995 
-0.0324121 0.0164837 0.999339 92.8719 0.0350586 0.999267 -0.0153454 -1.97366 -0.99886 0.0345381 -0.0329663 53.0878 
-0.0316873 0.0101814 0.999446 93.973 0.0348626 0.999351 -0.00907509 -2.00672 -0.99889 0.0345557 -0.0320217 53.0715 
-0.0327637 0.0042097 0.999454 95.0768 0.0363359 0.999335 -0.00301801 -2.02762 -0.998802 0.0362172 -0.0328949 53.0459 
-0.034537 -0.00154399 0.999402 96.1759 0.0349977 0.999384 0.00275344 -2.04089 -0.99879 0.0350719 -0.0344617 53.0191 
-0.036305 -0.00629345 0.999321 97.2833 0.0346813 0.99937 0.00755376 -2.05556 -0.998739 0.034932 -0.0360639 52.9943 
-0.0386948 -0.00584882 0.999234 98.3669 0.0351754 0.999355 0.00721172 -2.07154 -0.998632 0.0354275 -0.0384642 52.9757 
-0.0405558 -0.0054904 0.999162 99.4403 0.0350928 0.99936 0.00691594 -2.08329 -0.998561 0.0353439 -0.0403371 52.9484 
-0.0424973 -0.00679215 0.999074 100.525 0.0363142 0.999306 0.00833845 -2.09679 -0.998436 0.0366349 -0.0422212 52.9231 
-0.0434633 -0.00495708 0.999043 101.611 0.0369301 0.999296 0.00656502 -2.11135 -0.998372 0.0371801 -0.0432497 52.8929 
-0.0438482 0.00325427 0.999033 102.683 0.0380758 0.999274 -0.00158384 -2.12933 -0.998312 0.0379695 -0.0439403 52.8588 
-0.0441872 0.0112464 0.99896 103.744 0.0351354 0.999336 -0.00969645 -2.14849 -0.998405 0.0346704 -0.0445529 52.8303 
-0.0453776 0.0115266 0.998903 104.818 0.032789 0.999412 -0.0100429 -2.17496 -0.998432 0.0322974 -0.0457288 52.8022 
-0.0476474 0.0055722 0.998849 105.888 0.0282961 0.999591 -0.00422651 -2.20158 -0.998463 0.0280621 -0.0477856 52.7735 
-0.0505991 -0.00205238 0.998717 106.95 0.0222759 0.999747 0.00318313 -2.22085 -0.998471 0.0224083 -0.0505405 52.7483 
-0.0526442 -0.010366 0.99856 108.013 0.0203268 0.999728 0.0114498 -2.23664 -0.998406 0.0209002 -0.0524191 52.7177 
-0.054244 -0.0170004 0.998383 109.071 0.023687 0.999552 0.0183073 -2.24688 -0.998247 0.0246417 -0.053817 52.6746 
-0.0562723 -0.0170307 0.99827 110.111 0.0224573 0.99958 0.018319 -2.24935 -0.998163 0.0234493 -0.0558662 52.6373 
-0.0575055 -0.00966052 0.998298 111.135 0.026056 0.999598 0.0111741 -2.26245 -0.998005 0.0266542 -0.0572307 52.5967 
-0.057917 0.00486429 0.99831 112.16 0.034487 0.999401 -0.0028688 -2.27849 -0.997726 0.0342626 -0.05805 52.5407 
-0.0591807 0.016235 0.998115 113.189 0.03987 0.999108 -0.0138871 -2.29473 -0.997451 0.038973 -0.0597752 52.4951 
-0.0593546 0.0131519 0.99815 114.22 0.0397906 0.99915 -0.0107989 -2.31644 -0.997444 0.039076 -0.0598275 52.4472 
-0.059244 0.00271245 0.99824 115.261 0.0419891 0.999118 -0.000222806 -2.33743 -0.99736 0.041902 -0.0593056 52.4 
-0.0589472 -0.00728071 0.998235 116.297 0.0424481 0.999051 0.00979332 -2.35302 -0.997358 0.0429505 -0.0585821 52.3575 
-0.0588318 -0.01249 0.99819 117.318 0.0402472 0.999079 0.0148733 -2.36196 -0.997456 0.0410494 -0.0582749 52.3173 
-0.0588943 -0.0178973 0.998104 118.333 0.0376124 0.99909 0.0201344 -2.36366 -0.997555 0.0387269 -0.0581675 52.2788 
-0.0585645 -0.0212502 0.998057 119.348 0.0348735 0.99912 0.0233192 -2.36552 -0.997674 0.0361715 -0.0577719 52.2386 
-0.0588323 -0.019361 0.99808 120.346 0.0333378 0.999216 0.0213482 -2.37222 -0.997711 0.0345298 -0.0581407 52.2049 
-0.0579464 -0.0124502 0.998242 121.339 0.0311767 0.999412 0.0142746 -2.37267 -0.997833 0.0319491 -0.0575242 52.1632 
-0.057879 -0.00619983 0.998304 122.324 0.0306889 0.999497 0.00798654 -2.37453 -0.997852 0.0310991 -0.0576596 52.1262 
-0.0579132 -0.00114213 0.998321 123.303 0.0308559 0.99952 0.00293351 -2.38937 -0.997845 0.030974 -0.0578502 52.088 
-0.0576681 0.00341379 0.99833 124.277 0.0327071 0.999464 -0.00152831 -2.40442 -0.9978 0.0325644 -0.0577488 52.0444 
-0.0574489 0.00772291 0.998319 125.24 0.0324112 0.999457 -0.00586655 -2.4298 -0.997822 0.0320197 -0.0576681 52.0069 
-0.0573706 0.00717509 0.998327 126.207 0.0339029 0.999411 -0.00523455 -2.44719 -0.997777 0.0335459 -0.0575801 51.9656 
-0.0573056 0.00105335 0.998356 127.172 0.032473 0.999472 0.000809459 -2.46524 -0.997828 0.032466 -0.0573096 51.9277 
-0.0578886 -0.00861432 0.998286 128.13 0.0302876 0.999487 0.0103811 -2.479 -0.997864 0.0308367 -0.057598 51.8926 
-0.0587444 -0.0166086 0.998135 129.07 0.0248573 0.999527 0.0180948 -2.49019 -0.997964 0.0258739 -0.0583038 51.8601 
-0.061311 -0.0195287 0.997928 129.994 0.0197186 0.99959 0.0207728 -2.49447 -0.997924 0.0209513 -0.0609008 51.8297 
-0.0628748 -0.0171353 0.997874 130.893 0.0149361 0.999725 0.0181083 -2.50099 -0.99791 0.0160429 -0.0626015 51.7942 
-0.0641407 -0.00971524 0.997894 131.771 0.0117016 0.999877 0.0104867 -2.50756 -0.997872 0.0123496 -0.0640191 51.7578 
-0.0648428 -0.00221785 0.997893 132.636 0.0134628 0.999905 0.00309717 -2.51508 -0.997805 0.0136353 -0.0648068 51.7159 
-0.0636926 0.00352626 0.997963 133.476 0.0171491 0.99985 -0.00243839 -2.53213 -0.997822 0.0169589 -0.0637435 51.673 
-0.0607879 0.00593923 0.998133 134.299 0.0203937 0.999781 -0.00470698 -2.5531 -0.997942 0.0200695 -0.0608957 51.6337 
-0.0562441 0.00525828 0.998403 135.103 0.0245192 0.999692 -0.00388376 -2.5735 -0.998116 0.0242616 -0.0563557 51.5992 
-0.0512803 0.000200823 0.998684 135.896 0.027405 0.999624 0.00120621 -2.59159 -0.998308 0.0274308 -0.0512665 51.5681 
-0.0473394 -0.00388948 0.998871 136.662 0.0288467 0.99957 0.00525937 -2.61103 -0.998462 0.0290631 -0.0472069 51.5463 
-0.0432887 -0.00360618 0.999056 137.404 0.0290267 0.999567 0.00486578 -2.6291 -0.998641 0.0292099 -0.0431653 51.5327 
-0.0387692 0.000708813 0.999248 138.111 0.0306628 0.99953 0.000480698 -2.64977 -0.998778 0.0306584 -0.0387727 51.5146 
-0.0343816 0.00466257 0.999398 138.789 0.0307884 0.999519 -0.0036039 -2.66515 -0.998934 0.030646 -0.0345086 51.505 
-0.0300379 0.00523397 0.999535 139.442 0.032281 0.99947 -0.00426348 -2.67975 -0.999027 0.0321379 -0.0301909 51.4989 
-0.0259415 0.00527966 0.99965 140.066 0.0291414 0.999565 -0.00452293 -2.69657 -0.999239 0.0290139 -0.0260841 51.5022 
-0.0220431 0.00412886 0.999749 140.66 0.0248232 0.999685 -0.00358124 -2.71608 -0.999449 0.024738 -0.0221387 51.5086 
-0.0186964 0.00450391 0.999815 141.224 0.0199563 0.999792 -0.00413058 -2.737 -0.999626 0.0198754 -0.0187824 51.5205 
-0.015771 0.00777767 0.999845 141.769 0.0180969 0.999808 -0.00749189 -2.74984 -0.999712 0.0179759 -0.0159087 51.5209 
-0.0143752 0.0115449 0.99983 142.306 0.0176887 0.99978 -0.01129 -2.76813 -0.99974 0.0175234 -0.0145762 51.5159 
-0.0145155 0.012988 0.99981 142.86 0.0146195 0.999812 -0.0127757 -2.77871 -0.999788 0.0144313 -0.0147026 51.5122 
-0.0162041 0.0112544 0.999805 143.391 0.00882504 0.999899 -0.0111124 -2.79278 -0.99983 0.00864326 -0.0163018 51.5192 
-0.0183729 0.0068721 0.999808 143.921 0.00304989 0.999972 -0.00681714 -2.80616 -0.999827 0.00292405 -0.0183934 51.5257 
-0.020431 0.00161181 0.99979 144.448 0.00199376 0.999997 -0.00157136 -2.82067 -0.999789 0.00196124 -0.0204341 51.5192 
-0.0224691 -0.00140403 0.999747 144.967 0.00547952 0.999984 0.00152756 -2.83511 -0.999733 0.00551246 -0.0224611 51.506 
-0.0247214 0.000826975 0.999694 145.48 0.00781243 0.999969 -0.000633968 -2.85065 -0.999664 0.00779436 -0.0247271 51.4914 
-0.027772 0.0040166 0.999606 145.986 0.00733964 0.999966 -0.00381408 -2.8647 -0.999587 0.00723083 -0.0278005 51.4847 
-0.0305682 0.00540811 0.999518 146.48 0.00356802 0.99998 -0.00530144 -2.87522 -0.999526 0.00340424 -0.0305869 51.4844 
-0.0327199 0.00719702 0.999439 146.981 0.00283987 0.999971 -0.00710784 -2.88232 -0.999461 0.0026057 -0.0327394 51.4751 
-0.0347655 0.00859929 0.999359 147.477 0.00433798 0.999955 -0.00845347 -2.8916 -0.999386 0.00404131 -0.0348012 51.464 
-0.0377338 0.00584545 0.999271 147.968 0.00480868 0.999972 -0.00566793 -2.90723 -0.999276 0.0045913 -0.0377609 51.4531 
-0.0403888 0.000629511 0.999184 148.466 0.00384559 0.999993 -0.000474534 -2.92033 -0.999177 0.00382328 -0.0403909 51.442 
-0.0427302 -0.00245905 0.999084 148.964 0.00277554 0.999993 0.00258003 -2.92471 -0.999083 0.00288324 -0.0427231 51.4291 
-0.0453963 -0.003504 0.998963 149.458 0.000394786 0.999994 0.00352559 -2.93274 -0.998969 0.000554424 -0.0453946 51.4161 
-0.0477279 -0.00499862 0.998848 149.953 -0.000759642 0.999987 0.00496807 -2.94347 -0.99886 -0.000521652 -0.0477311 51.407 
-0.0488562 -0.00681567 0.998783 150.442 -0.00134691 0.999976 0.00675797 -2.95568 -0.998805 -0.0010151 -0.0488642 51.3914 
-0.0498086 -0.00682235 0.998736 150.929 -0.00200622 0.999975 0.00673081 -2.95847 -0.998757 -0.00166843 -0.049821 51.379 
-0.0489508 -0.00476725 0.99879 151.416 0.000810239 0.999988 0.00481272 -2.95761 -0.998801 0.00104484 -0.0489463 51.3633 
-0.0439797 -0.00234295 0.99903 151.887 0.00334725 0.999991 0.0024926 -2.96675 -0.999027 0.00345363 -0.0439715 51.3485 
-0.0368079 -0.000430162 0.999322 152.358 0.00349738 0.999994 0.000559311 -2.97348 -0.999316 0.0035156 -0.0368062 51.3458 
-0.0266975 -0.000535293 0.999643 152.822 0.00155686 0.999999 0.000577104 -2.98145 -0.999642 0.00157172 -0.0266967 51.3526 
-0.0116846 -0.00145503 0.999931 153.279 0.00316766 0.999994 0.00149218 -2.98481 -0.999927 0.00318487 -0.01168 51.3701 
0.0108185 -0.00106297 0.999941 153.73 0.00886262 0.99996 0.000967145 -2.98503 -0.999902 0.00885163 0.0108275 51.3874 
0.0407198 -0.000384499 0.999171 154.174 0.015834 0.999875 -0.00026048 -2.98758 -0.999045 0.0158315 0.0407208 51.4164 
0.076819 -0.00114855 0.997044 154.608 0.0173451 0.99985 -0.000184557 -2.99658 -0.996894 0.017308 0.0768274 51.4767 
0.1175 -0.00133977 0.993072 155.033 0.0141183 0.9999 -0.000321449 -3.00854 -0.992973 0.0140582 0.117508 51.5628 
0.159221 0.00176855 0.987241 155.447 0.00985036 0.999946 -0.00337992 -3.01592 -0.987194 0.0102628 0.159195 51.6744 
0.200927 0.00663846 0.979584 155.864 0.00940653 0.999918 -0.00870563 -3.01713 -0.979561 0.0109637 0.200848 51.7947 
0.243329 0.0104275 0.969888 156.265 0.0109086 0.99985 -0.0134864 -3.0277 -0.969882 0.0138617 0.243179 51.9258 
0.285835 0.0129613 0.958191 156.66 0.0118819 0.999784 -0.0170683 -3.03216 -0.958205 0.0162638 0.285619 52.0773 
0.327421 0.0148388 0.944762 157.049 0.00880495 0.999785 -0.0187544 -3.04165 -0.944838 0.0144592 0.32722 52.2504 
0.367577 0.0187126 0.929805 157.396 0.00095961 0.999789 -0.0205003 -3.0516 -0.929993 0.00842772 0.367482 52.441 
0.407217 0.0236278 0.913026 157.721 -0.0071667 0.999717 -0.0226748 -3.06289 -0.913303 0.00269019 0.407272 52.6352 
0.446455 0.0298163 0.894309 158.071 -0.0119285 0.999554 -0.0273702 -3.07315 -0.894727 0.00155181 0.446612 52.8587 
0.484726 0.033146 0.874038 158.419 -0.0125365 0.999442 -0.0309491 -3.08786 -0.874577 0.00404444 0.484871 53.0937 
0.522552 0.0322473 0.851997 158.775 -0.0109698 0.999456 -0.0311003 -3.10317 -0.852537 0.0069053 0.522622 53.3481 
0.558459 0.0310314 0.828951 159.125 -0.0124808 0.999501 -0.0290076 -3.11271 -0.829438 0.00585358 0.558568 53.6259 
0.591952 0.0318093 0.805345 159.461 -0.01684 0.999491 -0.0270997 -3.1278 -0.805797 0.00247973 0.592186 53.9298 
0.623543 0.0360298 0.780959 159.783 -0.0238071 0.999349 -0.0270969 -3.1413 -0.781427 -0.00169625 0.623995 54.2517 
0.653469 0.0396128 0.755916 160.107 -0.029171 0.999206 -0.0271444 -3.1581 -0.756391 -0.00431277 0.654106 54.5933 
0.681335 0.0403815 0.730857 160.44 -0.0290452 0.999182 -0.0281299 -3.17725 -0.731395 -0.00206194 0.681951 54.9464 
0.706592 0.0384857 0.706574 160.767 -0.0239158 0.999248 -0.0305106 -3.18599 -0.707217 0.00466032 0.706981 55.305 
0.729127 0.0394505 0.683241 161.086 -0.0248134 0.999205 -0.0312145 -3.20114 -0.683929 0.00580583 0.729526 55.6908 
0.748899 0.0436896 0.661242 161.395 -0.0317613 0.999044 -0.030037 -3.21675 -0.661923 0.00149276 0.749571 56.0994 
0.765413 0.0460219 0.641891 161.706 -0.0388811 0.998925 -0.025257 -3.23697 -0.642364 -0.00562537 0.766379 56.5264 
0.77847 0.0441105 0.62613 162.027 -0.0398968 0.998988 -0.0207742 -3.25213 -0.626413 -0.00880852 0.779442 56.9669 
0.789247 0.0388679 0.612845 162.352 -0.0356278 0.999212 -0.0174891 -3.26601 -0.613042 -0.00803112 0.79001 57.414 
0.798661 0.0310902 0.600978 162.693 -0.0292375 0.99949 -0.0128514 -3.28344 -0.601071 -0.00730715 0.799162 57.8721 
0.805946 0.0244939 0.591482 163.03 -0.0244037 0.999669 -0.00814498 -3.29804 -0.591486 -0.00786995 0.806277 58.3501 
0.812557 0.0210528 0.582501 163.364 -0.0225016 0.999736 -0.0047439 -3.31091 -0.582447 -0.0092525 0.812816 58.8448 
0.819475 0.0183919 0.57282 163.696 -0.0205019 0.999786 -0.00277071 -3.32029 -0.572748 -0.00947337 0.819677 59.3563 
0.826891 0.0139824 0.562188 164.045 -0.0150042 0.999884 -0.00279952 -3.33192 -0.562162 -0.00612026 0.827004 59.8811 
0.83328 0.0143668 0.552665 164.384 -0.0130618 0.999895 -0.00629878 -3.34154 -0.552697 -0.00197013 0.83338 60.4311 
0.838886 0.0184742 0.543993 164.721 -0.0144369 0.999827 -0.0116913 -3.34916 -0.544115 0.00195417 0.839008 60.9985 
0.843205 0.0240522 0.537054 165.066 -0.0178371 0.9997 -0.0167667 -3.36166 -0.537297 0.00455827 0.843381 61.5735 
0.845409 0.0283435 0.533367 165.419 -0.0205303 0.999578 -0.0205768 -3.37492 -0.533724 0.00644564 0.845634 62.1636 
0.845337 0.033373 0.53319 165.78 -0.0260246 0.999434 -0.0212956 -3.39498 -0.533599 0.00412592 0.845728 62.7791 
0.843605 0.0331632 0.535939 166.153 -0.0281685 0.99945 -0.0175054 -3.41501 -0.536224 -0.000328907 0.844076 63.3979 
0.841183 0.0343389 0.53966 166.542 -0.0303298 0.999407 -0.016317 -3.44019 -0.5399 -0.00264212 0.841725 64.0337 
0.838287 0.0360501 0.544037 166.938 -0.0329066 0.999338 -0.0155155 -3.45976 -0.544236 -0.00489589 0.838918 64.6774 
0.835233 0.0361811 0.548704 167.347 -0.0341067 0.99932 -0.0139773 -3.47511 -0.548837 -0.00704015 0.8359 65.3352 
0.831966 0.0336315 0.553807 167.766 -0.0311793 0.999418 -0.0138527 -3.49017 -0.55395 -0.00574233 0.83253 65.9891 
0.828551 0.0307648 0.559068 168.2 -0.0295339 0.999501 -0.0112312 -3.51294 -0.559134 -0.00720584 0.829046 66.6508 
0.824821 0.0312649 0.564529 168.649 -0.0305807 0.999475 -0.0106723 -3.53222 -0.564566 -0.00846087 0.825345 67.3258 
0.821425 0.0334182 0.569336 169.103 -0.0319668 0.99941 -0.012541 -3.55046 -0.56942 -0.00789833 0.822009 68.0047 
0.818599 0.0351268 0.573291 169.575 -0.0315804 0.999371 -0.0161402 -3.56142 -0.573497 -0.00489232 0.819193 68.6801 
0.81581 0.0369264 0.577139 170.045 -0.0315055 0.999315 -0.0194035 -3.58764 -0.577461 -0.00235347 0.816415 69.3658 
0.813014 0.0367671 0.581083 170.53 -0.0312643 0.999321 -0.0194874 -3.60363 -0.581405 -0.00232354 0.813611 70.0653 
0.810654 0.0335459 0.584564 171.023 -0.0322645 0.9994 -0.0126083 -3.62833 -0.584637 -0.00863968 0.811249 70.7824 
0.808206 0.0298459 0.588143 171.521 -0.0320281 0.999465 -0.00670679 -3.65277 -0.588028 -0.0134166 0.80873 71.4954 
0.806371 0.0284464 0.590725 172.026 -0.0278395 0.999561 -0.0101314 -3.67911 -0.590754 -0.0082758 0.806809 72.1952 
0.805169 0.0334265 0.592102 172.519 -0.0261415 0.99944 -0.0208737 -3.70516 -0.592469 0.0013285 0.805593 72.8774 
0.803711 0.0360412 0.593927 173.016 -0.0240615 0.999316 -0.0280808 -3.73139 -0.594533 0.00827808 0.804029 73.5741 
0.802902 0.0323403 0.595234 173.522 -0.0198964 0.999425 -0.0274627 -3.76966 -0.595779 0.0102069 0.803083 74.2763 
0.802249 0.0266791 0.596393 174.031 -0.0173255 0.999621 -0.0214113 -3.80551 -0.596738 0.00684437 0.802407 74.9815 
0.801618 0.0226402 0.597408 174.537 -0.0144202 0.999724 -0.0185374 -3.83948 -0.597663 0.0062452 0.801723 75.6861 
0.801959 0.0179097 0.59711 175.042 -0.0100924 0.999814 -0.0164335 -3.87072 -0.597294 0.00715279 0.801991 76.3791 
0.80231 0.0136006 0.596752 175.548 -0.00481136 0.999855 -0.0163189 -3.90119 -0.596888 0.0102217 0.80226 77.0676 
0.803095 0.0116656 0.595737 176.046 -0.00233457 0.999862 -0.0164319 -3.9371 -0.595846 0.0118056 0.803012 77.7584 
0.803675 0.0141738 0.594899 176.531 -0.00189362 0.999772 -0.0212619 -3.96656 -0.595065 0.0159611 0.803519 78.4455 
0.80417 0.0140527 0.594234 177.016 0.00110386 0.999684 -0.0251348 -4.00251 -0.594399 0.0208686 0.8039 79.1254 
0.804421 0.0113382 0.593952 177.509 0.00344969 0.999712 -0.0237559 -4.02915 -0.59405 0.0211587 0.80415 79.8126 
0.804144 0.00986618 0.594353 177.99 0.000837421 0.999842 -0.0177302 -4.06091 -0.594435 0.0147553 0.804009 80.495 
0.803663 0.00373506 0.595073 178.481 0.00171524 0.999962 -0.0085928 -4.0921 -0.595082 0.00792644 0.803626 81.1786 
0.803464 -0.00117954 0.595353 178.966 0.00422689 0.999984 -0.00372313 -4.11679 -0.595339 0.00550791 0.803456 81.8399 
0.802901 -0.004182 0.596098 179.436 0.00719495 0.999971 -0.00267556 -4.13748 -0.59607 0.00643713 0.802907 82.4792 
0.801913 -0.000596514 0.59744 179.884 0.00502951 0.999971 -0.00575235 -4.16332 -0.597419 0.00761774 0.801893 83.1089 
0.800719 0.00714154 0.598997 180.321 0.00195658 0.999892 -0.0145366 -4.18853 -0.599037 0.0128118 0.800619 83.726 
0.799359 0.0112976 0.600747 180.756 0.00231797 0.999758 -0.0218855 -4.21855 -0.600849 0.018887 0.799139 84.3234 
0.797281 0.011136 0.603505 181.189 0.00552044 0.999654 -0.0257387 -4.24638 -0.603583 0.0238526 0.796944 84.9037 
