1 2.12261e-08 -2.11895e-08 0 2.12261e-08 1 2.10703e-08 0 -2.11895e-08 2.10703e-08 1 0 
0.999932 -0.00273229 0.0113393 0.0135634 0.00271869 0.999996 0.0012185 -0.0067524 -0.0113426 -0.00118755 0.999935 0.291727 
0.999828 -0.00503133 0.0178427 0.0221595 0.00501012 0.999987 0.00123542 -0.00988386 -0.0178487 -0.00114578 0.99984 0.590714 
0.99978 -0.00801764 0.0194076 0.0357462 0.00801927 0.999968 -3.74867e-06 -0.013364 -0.019407 0.000159425 0.999812 0.892255 
0.999811 -0.00929518 0.0170552 0.0412574 0.00932256 0.999955 -0.00152425 -0.0152713 -0.0170403 0.00168301 0.999853 1.20332 
0.999878 -0.0119742 0.010013 0.0405849 0.0120034 0.999924 -0.00285944 -0.0178794 -0.00997802 0.00297932 0.999946 1.52088 
0.999902 -0.0137176 -0.00263427 0.0366215 0.0137053 0.999895 -0.00464783 -0.0215211 0.00269771 0.00461132 0.999986 1.85451 
0.999732 -0.0127838 -0.0193009 0.0130616 0.0126854 0.999906 -0.00521495 -0.0232843 0.0193658 0.00496875 0.9998 2.19631 
0.999203 -0.0083764 -0.0390257 -0.0212563 0.0081812 0.999953 -0.00515985 -0.0287717 0.039067 0.0048365 0.999225 2.55328 
0.998256 -0.00462421 -0.0588479 -0.0661521 0.0042633 0.999971 -0.00625785 -0.0356422 0.0588751 0.00599609 0.998247 2.91842 
0.996832 -0.0044916 -0.0794153 -0.109279 0.0039776 0.99997 -0.00662987 -0.040866 0.0794426 0.00629302 0.99682 3.28969 
0.994923 -0.0061771 -0.100449 -0.167694 0.0055934 0.999966 -0.00609194 -0.0433406 0.100484 0.0054992 0.994924 3.67129 
0.9927 -0.00754455 -0.120374 -0.231365 0.00693673 0.999961 -0.00546802 -0.047849 0.120411 0.00459314 0.992714 4.0619 
0.990286 -0.00695903 -0.138868 -0.29908 0.00636506 0.999969 -0.00472118 -0.0547678 0.138897 0.00379146 0.9903 4.47023 
0.988016 -0.00575352 -0.154243 -0.388203 0.00514964 0.999977 -0.00431468 -0.0579892 0.154264 0.00346873 0.988024 4.88564 
0.985765 -0.00513871 -0.16805 -0.473566 0.0044746 0.999981 -0.00433051 -0.067919 0.168069 0.00351696 0.985769 5.30427 
0.983616 -0.0066343 -0.180152 -0.570289 0.00583162 0.999971 -0.00498505 -0.0777524 0.18018 0.00385285 0.983626 5.73825 
0.981755 -0.0101805 -0.189879 -0.667508 0.00890506 0.999932 -0.00756943 -0.0814778 0.189943 0.00574048 0.981778 6.18137 
0.980258 -0.00949962 -0.197494 -0.777039 0.00780652 0.999926 -0.00934992 -0.0915028 0.197568 0.00762364 0.980259 6.63821 
0.978684 -0.00885896 -0.205179 -0.890723 0.00666943 0.999913 -0.0113606 -0.0948721 0.205262 0.00975006 0.978659 7.10964 
0.976933 -0.00932735 -0.213341 -1.00975 0.00639917 0.999876 -0.014412 -0.10358 0.213448 0.0127144 0.976872 7.59117 
0.975102 -0.0130594 -0.22137 -1.13 0.00972093 0.999822 -0.0161639 -0.112762 0.221542 0.0136095 0.975056 8.09061 
0.973269 -0.0192263 -0.228861 -1.25827 0.0157449 0.999731 -0.0170283 -0.128771 0.229127 0.0129697 0.97331 8.59712 
0.971251 -0.0194906 -0.237257 -1.40055 0.0152389 0.999689 -0.0197412 -0.141638 0.237568 0.0155581 0.971246 9.11723 
0.969112 -0.014863 -0.246173 -1.5582 0.00922316 0.999668 -0.0240477 -0.156275 0.246448 0.0210344 0.968928 9.65623 
0.967006 -0.0117091 -0.254485 -1.73074 0.00497242 0.99962 -0.0270991 -0.173154 0.254705 0.0249397 0.966697 10.1985 
0.964673 -0.0138649 -0.263086 -1.89615 0.00643822 0.999557 -0.0290704 -0.190717 0.263372 0.0263497 0.964334 10.758 
0.962268 -0.0171505 -0.271564 -2.06494 0.00907762 0.99948 -0.0309561 -0.215078 0.271953 0.0273229 0.961922 11.3225 
0.960137 -0.0161671 -0.279062 -2.25313 0.007071 0.999411 -0.0335715 -0.238904 0.27944 0.03026 0.959686 11.8937 
0.957667 -0.0153816 -0.287467 -2.44449 0.00489526 0.999297 -0.0371617 -0.264824 0.287837 0.0341813 0.957069 12.4794 
0.955369 -0.0166352 -0.294945 -2.64823 0.004327 0.999094 -0.0423343 -0.29436 0.295382 0.0391688 0.954576 13.0695 
0.953585 -0.0175418 -0.300613 -2.8575 0.00269958 0.99876 -0.0497179 -0.327972 0.301112 0.0465987 0.95245 13.6762 
0.952346 -0.0183402 -0.304467 -3.0986 0.000660188 0.998312 -0.0580706 -0.361001 0.305018 0.0551023 0.950751 14.3083 
0.951259 -0.0184119 -0.307842 -3.32775 -0.00235593 0.997753 -0.0669554 -0.402625 0.308383 0.0644173 0.949079 14.9334 
0.949961 -0.0181994 -0.311839 -3.57226 -0.00580487 0.9971 -0.0758757 -0.44953 0.312316 0.0738892 0.9471 15.5836 
0.948595 -0.0184324 -0.315955 -3.80265 -0.00811321 0.996558 -0.0824963 -0.509112 0.316388 0.080819 0.945181 16.2152 
0.94706 -0.0160685 -0.320654 -4.05328 -0.0133139 0.995922 -0.0892303 -0.568522 0.320781 0.0887757 0.942984 16.8703 
0.945417 -0.0152363 -0.325506 -4.29879 -0.0166407 0.995346 -0.0949226 -0.639498 0.325437 0.0951582 0.940763 17.5181 
0.94388 -0.0130027 -0.330032 -4.5695 -0.0214972 0.994688 -0.100671 -0.703444 0.329587 0.102116 0.938587 18.2046 
0.942211 -0.0103713 -0.334859 -4.83834 -0.0259151 0.99427 -0.103714 -0.780905 0.334016 0.106398 0.936543 18.8844 
0.940505 -0.00911597 -0.339657 -5.11387 -0.0282667 0.994076 -0.10495 -0.864207 0.338601 0.108307 0.934676 19.5744 
0.938284 -0.00879468 -0.345753 -5.39523 -0.0290442 0.994142 -0.104106 -0.949084 0.344644 0.107723 0.932532 20.2772 
0.935952 -0.00854579 -0.352024 -5.68418 -0.029478 0.994295 -0.102513 -1.03388 0.350891 0.106324 0.93036 20.9949 
0.933573 -0.00824702 -0.358293 -5.99219 -0.0298325 0.994477 -0.100622 -1.11936 0.357144 0.104627 0.928171 21.7182 
0.93044 -0.00689481 -0.366379 -6.30955 -0.0312339 0.994692 -0.0980392 -1.19353 0.36511 0.102663 0.925286 22.457 
0.927347 -0.00383967 -0.374183 -6.64546 -0.0331274 0.995179 -0.0923126 -1.277 0.372733 0.0980016 0.922749 23.1903 
0.923923 0.000711528 -0.382579 -6.97371 -0.0367998 0.995527 -0.0870197 -1.36293 0.380805 0.0944783 0.919816 23.8988 
0.920476 0.00462071 -0.390772 -7.32957 -0.0402875 0.995725 -0.0831244 -1.43828 0.388717 0.0922573 0.916726 24.663 
0.91654 0.00571443 -0.399902 -7.68884 -0.0416338 0.995829 -0.0811911 -1.51516 0.39777 0.0910644 0.912955 25.4319 
0.912672 0.00606371 -0.408649 -8.04998 -0.0427333 0.995825 -0.0806637 -1.58875 0.406453 0.0910824 0.90912 26.1805 
0.908933 0.00608037 -0.416898 -8.42376 -0.0431172 0.995904 -0.0794806 -1.65664 0.414707 0.090218 0.905472 26.9355 
0.905125 0.00723025 -0.425085 -8.82234 -0.0444464 0.995986 -0.0776981 -1.7306 0.422817 0.08922 0.901813 27.7085 
0.901279 0.00594583 -0.433198 -9.21359 -0.0428642 0.996224 -0.0755064 -1.79948 0.431113 0.0866211 0.89813 28.4868 
0.897527 0.00701814 -0.440903 -9.63061 -0.04273 0.996552 -0.0711211 -1.87335 0.438883 0.082673 0.894733 29.2832 
0.893791 0.00943612 -0.448384 -10.0513 -0.0434313 0.996901 -0.0655947 -1.93854 0.446375 0.0781019 0.891431 30.0792 
0.890054 0.00924739 -0.455762 -10.48 -0.0417449 0.997247 -0.0612893 -2.00457 0.45394 0.0735765 0.887989 30.8684 
0.886393 0.00863564 -0.462853 -10.9171 -0.0407422 0.997402 -0.0594151 -2.07023 0.461137 0.0715229 0.884442 31.6706 
0.883435 0.00725545 -0.468498 -11.39 -0.0392869 0.997506 -0.0586345 -2.11886 0.466904 0.0702056 0.881517 32.4868 
0.88032 0.00769797 -0.474319 -11.8555 -0.0392673 0.997619 -0.056688 -2.17766 0.472753 0.0685288 0.878526 33.311 
0.877674 0.00694133 -0.479207 -12.3635 -0.0382195 0.997724 -0.0555476 -2.23703 0.477731 0.0670678 0.875942 34.1573 
0.875246 0.00655055 -0.483634 -12.8837 -0.0381226 0.997732 -0.0554779 -2.29477 0.482174 0.0669942 0.87351 35.0162 
0.873367 0.00602056 -0.487025 -13.3827 -0.0381967 0.997691 -0.0561637 -2.35306 0.485562 0.0676543 0.87158 35.8535 
0.871906 0.00617046 -0.489634 -13.8849 -0.0387224 0.997658 -0.0563816 -2.41405 0.488139 0.0681194 0.870103 36.7081 
0.871406 0.00622147 -0.490523 -14.4082 -0.0384635 0.997708 -0.0556756 -2.47319 0.489052 0.0673834 0.869648 37.5837 
0.871167 0.00672386 -0.490941 -14.9329 -0.0380736 0.997821 -0.0538951 -2.53752 0.489508 0.0656436 0.869524 38.4797 
0.870961 0.0059973 -0.491316 -15.4581 -0.0368713 0.997904 -0.0531812 -2.60432 0.489967 0.0644343 0.869356 39.3658 
0.870297 0.00353987 -0.492515 -15.9873 -0.0348743 0.997907 -0.0544523 -2.65936 0.491291 0.0645658 0.868599 40.2642 
0.869358 0.00144088 -0.494181 -16.5265 -0.0328846 0.997948 -0.0549406 -2.72535 0.493087 0.064014 0.867622 41.1641 
0.867912 0.000977602 -0.496717 -17.0734 -0.0313705 0.99811 -0.0528491 -2.79398 0.495727 0.0614507 0.866302 42.0767 
0.865865 0.00140098 -0.500276 -17.6388 -0.0298807 0.998356 -0.0489209 -2.85708 0.499385 0.0573076 0.864483 43.0042 
0.863115 0.00123431 -0.505005 -18.192 -0.0277533 0.998602 -0.0449931 -2.9194 0.504244 0.0528499 0.861943 43.9236 
0.859433 0.000740381 -0.511248 -18.7882 -0.0264807 0.998721 -0.0430691 -2.97715 0.510563 0.0505533 0.858353 44.8474 
0.854276 -0.00295732 -0.519811 -19.3528 -0.0240266 0.99869 -0.045168 -3.04367 0.519264 0.0510753 0.853086 45.7373 
0.848255 -0.00681671 -0.529544 -19.9316 -0.0219797 0.998602 -0.0480633 -3.10746 0.529131 0.0524092 0.84692 46.6397 
0.842332 -0.00683546 -0.538915 -20.5316 -0.0222708 0.998624 -0.0474759 -3.16558 0.538498 0.0519926 0.841021 47.5189 
0.836734 -0.0030687 -0.547601 -21.1379 -0.0240363 0.998815 -0.0423247 -3.22545 0.547082 0.0485769 0.835668 48.383 
0.831641 0.0015234 -0.555312 -21.7547 -0.0270675 0.998919 -0.0377962 -3.28638 0.554654 0.0464638 0.830783 49.256 
0.827729 0.00200897 -0.561124 -22.3847 -0.0290521 0.998806 -0.0392796 -3.34223 0.560375 0.0488148 0.826799 50.1286 
0.824491 -3.98867e-05 -0.565874 -22.9959 -0.0297556 0.998614 -0.0434249 -3.40065 0.565092 0.0526415 0.823347 50.9723 
0.821496 -0.00221026 -0.57021 -23.6149 -0.0322945 0.998207 -0.0503956 -3.46059 0.569299 0.0598145 0.819952 51.813 
0.81846 -0.00369003 -0.574552 -24.2436 -0.0320776 0.998126 -0.0521055 -3.52417 0.573668 0.0610766 0.816808 52.6705 
0.814983 -0.00207799 -0.579481 -24.8812 -0.0315253 0.998354 -0.0479173 -3.59028 0.578626 0.0573201 0.813576 53.5292 
0.811862 -1.09933e-05 -0.583849 -25.525 -0.0304373 0.998639 -0.0423429 -3.65775 0.583056 0.0521474 0.810757 54.3871 
0.808878 0.00186439 -0.587973 -26.177 -0.0309398 0.998745 -0.0393973 -3.71331 0.587161 0.0500595 0.807921 55.2332 
0.805641 0.00228794 -0.5924 -26.8364 -0.0319739 0.998703 -0.0396262 -3.77249 0.591541 0.0508659 0.804669 56.0923 
0.802452 0.0014856 -0.596715 -27.4921 -0.0327631 0.998598 -0.0415731 -3.82701 0.595817 0.0529107 0.801375 56.9224 
0.798562 -0.00158191 -0.60191 -28.1656 -0.031183 0.998545 -0.0439952 -3.88568 0.601104 0.0539023 0.797351 57.7614 
0.794541 -0.00261103 -0.607205 -28.839 -0.0308443 0.998526 -0.0446543 -3.94119 0.606426 0.0542085 0.79329 58.6014 
0.790058 -0.00294219 -0.613025 -29.516 -0.0301694 0.99859 -0.0436747 -3.99913 0.612289 0.0530002 0.788856 59.4368 
0.785325 -0.00215999 -0.619079 -30.2094 -0.0312626 0.99858 -0.0431419 -4.05226 0.618293 0.0532346 0.784143 60.2704 
0.780237 -0.00385052 -0.625473 -30.9057 -0.0301191 0.99859 -0.0437192 -4.11689 0.624759 0.0529501 0.77902 61.0942 
0.774752 -0.00533445 -0.632242 -31.6119 -0.0293759 0.998581 -0.0444228 -4.18 0.631582 0.0529894 0.773496 61.9207 
0.769319 -0.00613265 -0.638835 -32.3249 -0.029859 0.998516 -0.0455434 -4.23881 0.638166 0.0541124 0.767995 62.7399 
0.7636 -0.00813435 -0.645639 -33.0398 -0.0284193 0.998528 -0.0461921 -4.30639 0.645064 0.0536209 0.762245 63.5682 
0.75761 -0.0101311 -0.652629 -33.7944 -0.0274668 0.998499 -0.0473854 -4.36103 0.652129 0.0538253 0.756195 64.4142 
0.751305 -0.0117527 -0.659851 -34.5368 -0.0262738 0.998516 -0.0477 -4.42008 0.659432 0.0531741 0.749881 65.2424 
0.745394 -0.01145 -0.666526 -35.3232 -0.025676 0.998617 -0.0458691 -4.48277 0.66613 0.0513044 0.744069 66.0534 
0.739165 -0.0118591 -0.67342 -36.1015 -0.0248884 0.998681 -0.0449053 -4.55185 0.673064 0.0499529 0.737895 66.8717 
0.732804 -0.0140054 -0.680295 -36.878 -0.023399 0.998678 -0.0457651 -4.61134 0.680037 0.0494551 0.731508 67.6684 
0.726742 -0.0149492 -0.686748 -37.6702 -0.0239504 0.998604 -0.0470829 -4.68152 0.686493 0.0506651 0.72537 68.4601 
0.72064 -0.0142334 -0.693164 -38.4661 -0.0251667 0.998593 -0.0466693 -4.74587 0.692853 0.0510765 0.719268 69.2449 
0.715633 -0.0135555 -0.698345 -39.2922 -0.0254159 0.998644 -0.0454296 -4.81589 0.698014 0.05026 0.714318 70.0408 
0.710586 -0.0132117 -0.703487 -40.0909 -0.0264097 0.998618 -0.0454305 -4.8804 0.703115 0.0508612 0.709255 70.8207 
0.705932 -0.0141528 -0.708138 -40.892 -0.0261379 0.998599 -0.0460145 -4.95172 0.707797 0.0509924 0.704573 71.5842 
0.701164 -0.0154157 -0.712834 -41.7292 -0.0273274 0.998451 -0.0484724 -5.01967 0.712476 0.0534671 0.699656 72.3586 
0.696131 -0.0179945 -0.717689 -42.5716 -0.0268034 0.998337 -0.0510294 -5.08735 0.717414 0.0547597 0.694491 73.1472 
0.691237 -0.0184314 -0.722393 -43.407 -0.0274773 0.998281 -0.0517626 -5.1551 0.722106 0.0556297 0.689542 73.9032 
0.686238 -0.0180776 -0.727152 -44.2593 -0.0270272 0.998367 -0.0503268 -5.22607 0.726874 0.0541891 0.684629 74.6836 
0.681361 -0.0182315 -0.73172 -45.1223 -0.0261354 0.998446 -0.049214 -5.29944 0.73148 0.0526564 0.679826 75.4532 
0.676309 -0.0194765 -0.736361 -46.0063 -0.0251209 0.998459 -0.0494812 -5.36769 0.73619 0.0519627 0.674778 76.2343 
0.671993 -0.0208399 -0.740265 -46.9208 -0.0238768 0.998475 -0.0497838 -5.43486 0.740173 0.0511296 0.67047 77.0129 
0.667653 -0.0211853 -0.744171 -47.8223 -0.0233458 0.998508 -0.0493712 -5.50563 0.744106 0.0503361 0.666162 77.7886 
0.663879 -0.0218423 -0.747521 -48.7225 -0.0221584 0.99856 -0.0488566 -5.5864 0.747512 0.0489988 0.662439 78.5491 
0.660159 -0.024761 -0.750718 -49.637 -0.0193894 0.998562 -0.0499861 -5.65929 0.750876 0.0475548 0.658729 79.3194 
0.655943 -0.0294997 -0.754234 -50.5523 -0.0161909 0.998456 -0.0531327 -5.73055 0.754637 0.0470638 0.654453 80.0946 
0.651274 -0.0338786 -0.758086 -51.4726 -0.0116051 0.998441 -0.0545899 -5.80245 0.758754 0.0443507 0.649865 80.8581 
0.64474 -0.03687 -0.763512 -52.3806 -0.0073155 0.998493 -0.0543948 -5.88432 0.764367 0.040656 0.643499 81.6071 
0.637087 -0.0402054 -0.769743 -53.3142 -0.00371067 0.998467 -0.0552234 -5.95956 0.770783 0.0380384 0.635961 82.3435 
0.62816 -0.0410805 -0.776999 -54.2747 -0.000886439 0.998567 -0.0535117 -6.03758 0.778084 0.0343027 0.627224 83.0963 
0.619493 -0.0394914 -0.784009 -55.2611 -0.000847308 0.9987 -0.0509751 -6.11532 0.785002 0.0322431 0.618654 83.8465 
0.610699 -0.039424 -0.790881 -56.2512 -0.00112383 0.998716 -0.050652 -6.19016 0.791862 0.031822 0.60987 84.5734 
0.601472 -0.0407639 -0.797853 -57.2394 -0.00175083 0.998628 -0.0523418 -6.26583 0.798892 0.0328791 0.600576 85.282 
0.59151 -0.0431834 -0.805141 -58.2548 -0.00142039 0.998507 -0.0545981 -6.33917 0.806297 0.033439 0.590566 86.0012 
0.582062 -0.0446443 -0.811918 -59.2858 -0.00115113 0.998445 -0.055726 -6.41819 0.813143 0.0333707 0.581106 86.6974 
0.571859 -0.0456433 -0.819081 -60.3199 0.00210963 0.99853 -0.0541702 -6.49673 0.820349 0.0292498 0.571115 87.4045 
0.561934 -0.0456028 -0.825924 -61.3636 0.00332231 0.998596 -0.0528763 -6.5809 0.827176 0.0269691 0.561296 88.0913 
0.551463 -0.0471264 -0.832867 -62.437 0.0047181 0.998563 -0.0533781 -6.65265 0.834186 0.0255066 0.550893 88.7796 
0.541802 -0.0475564 -0.83916 -63.5052 0.00378892 0.998526 -0.0541416 -6.74172 0.840498 0.0261546 0.541184 89.4282 
0.532042 -0.0479371 -0.84536 -64.5882 0.00238277 0.998477 -0.0551202 -6.82574 0.846714 0.027312 0.531346 90.0787 
0.52213 -0.0488693 -0.851465 -65.675 0.000989519 0.998391 -0.0566953 -6.90868 0.852866 0.0287598 0.521338 90.7222 
0.512667 -0.0488873 -0.857194 -66.7666 0.000251618 0.998386 -0.0567892 -6.99201 0.858587 0.0288983 0.511852 91.3491 
0.503623 -0.0469115 -0.862649 -67.8751 -0.000227484 0.998517 -0.054433 -7.08016 0.863923 0.02761 0.502866 91.9763 
0.495589 -0.0453369 -0.867373 -68.9922 0.000261585 0.998645 -0.0520489 -7.16476 0.868557 0.025568 0.494929 92.5928 
0.487909 -0.0458702 -0.871689 -70.1088 0.000515457 0.998633 -0.0522618 -7.24283 0.872894 0.0250497 0.487266 93.1908 
0.480664 -0.0488758 -0.875542 -71.2102 0.00224861 0.998511 -0.054506 -7.3241 0.876902 0.0242304 0.480059 93.7608 
0.473479 -0.0527448 -0.879225 -72.3664 0.00537595 0.99836 -0.0569968 -7.40642 0.880789 0.0222602 0.472986 94.3766 
0.466774 -0.0558531 -0.882611 -73.469 0.00720499 0.998211 -0.059358 -7.49042 0.884347 0.0213476 0.466341 94.9431 
0.46186 -0.0593748 -0.884964 -74.6095 0.00907294 0.998021 -0.0622251 -7.58638 0.886907 0.0207101 0.461484 95.5046 
0.456757 -0.060638 -0.887523 -75.766 0.0123722 0.998011 -0.0618196 -7.68075 0.889506 0.017256 0.456599 96.0943 
0.452178 -0.0580479 -0.890037 -76.8992 0.0140735 0.99822 -0.0579536 -7.77561 0.891817 0.0136795 0.45219 96.6613 
0.447816 -0.0563423 -0.892349 -78.0401 0.0173411 0.998372 -0.0543341 -7.86461 0.893958 0.00885738 0.448064 97.2274 
0.443983 -0.0559508 -0.894287 -79.1842 0.0191038 0.998413 -0.052981 -7.95359 0.895832 0.0064384 0.444347 97.7867 
0.441448 -0.0556952 -0.895557 -80.3167 0.0201109 0.998435 -0.05218 -8.03869 0.897062 0.00502439 0.441877 98.3147 
0.438763 -0.0554002 -0.896894 -81.4574 0.022935 0.998463 -0.0504541 -8.1211 0.89831 0.00156722 0.439359 98.8578 
0.435928 -0.0549863 -0.8983 -82.5909 0.0253794 0.998486 -0.0488027 -8.20133 0.899624 -0.00152383 0.436663 99.3993 
0.433375 -0.0559453 -0.899476 -83.7088 0.0281344 0.998425 -0.0485444 -8.28647 0.900775 -0.00426826 0.434266 99.929 
0.430975 -0.0564323 -0.900598 -84.8465 0.0302271 0.998385 -0.0480948 -8.3605 0.901857 -0.00649475 0.431985 100.452 
0.428986 -0.0561589 -0.901564 -85.9616 0.0339627 0.998363 -0.0460284 -8.43191 0.902673 -0.010874 0.430191 100.967 
0.426298 -0.0558039 -0.90286 -87.0553 0.0365095 0.998344 -0.0444671 -8.50682 0.903846 -0.0140067 0.427629 101.479 
0.424776 -0.0569934 -0.903503 -88.1568 0.0385338 0.99825 -0.0448537 -8.58206 0.904478 -0.0157626 0.426229 101.978 
0.423589 -0.058769 -0.903946 -89.2362 0.0399212 0.998135 -0.0461856 -8.64912 0.904975 -0.0165229 0.425145 102.471 
0.422921 -0.0602751 -0.90416 -90.3221 0.0409569 0.998037 -0.0473758 -8.73107 0.90524 -0.0169953 0.42456 102.96 
0.422975 -0.0611485 -0.904076 -91.3882 0.0398976 0.99801 -0.0488357 -8.80091 0.905263 -0.0154142 0.424572 103.443 
0.424868 -0.0608828 -0.903206 -92.4261 0.038012 0.998056 -0.0493956 -8.87816 0.904457 -0.0133461 0.426356 103.92 
0.429158 -0.0611768 -0.901155 -93.4688 0.0352544 0.998078 -0.0509674 -8.94866 0.902541 -0.00989648 0.43049 104.392 
0.434514 -0.0619737 -0.898531 -94.5022 0.034419 0.998044 -0.0521929 -9.02601 0.900007 -0.008248 0.435797 104.862 
0.43993 -0.0620582 -0.895885 -95.5164 0.0340035 0.998045 -0.0524372 -9.10278 0.897388 -0.00739455 0.44118 105.346 
0.446223 -0.0604874 -0.892876 -96.5135 0.0332066 0.998145 -0.0510235 -9.18613 0.894306 -0.00688142 0.447403 105.837 
0.454051 -0.0591844 -0.889008 -97.5061 0.0313701 0.998235 -0.0504342 -9.25901 0.890423 -0.00498853 0.455106 106.327 
0.462575 -0.0590583 -0.884611 -98.5009 0.0311379 0.998246 -0.0503623 -9.32788 0.886033 -0.00424851 0.463602 106.829 
0.471699 -0.0592024 -0.87977 -99.4841 0.0311759 0.998239 -0.0504593 -9.40023 0.881208 -0.00362589 0.472715 107.341 
0.481409 -0.0599113 -0.874446 -100.452 0.0305297 0.998202 -0.0515827 -9.47795 0.875965 -0.00186418 0.482372 107.855 
0.490905 -0.0609312 -0.86908 -101.4 0.0286584 0.998141 -0.0537918 -9.55886 0.870742 0.00150029 0.491738 108.387 
0.502612 -0.0619957 -0.862287 -102.351 0.0268666 0.998064 -0.0560976 -9.63151 0.864095 0.00502867 0.503304 108.906 
0.514586 -0.060008 -0.855336 -103.292 0.0241519 0.998167 -0.0554983 -9.70489 0.857099 0.0079007 0.515092 109.454 
0.52713 -0.0572781 -0.847852 -104.227 0.0223579 0.998315 -0.0535424 -9.78248 0.84949 0.00926766 0.527523 110.013 
0.539081 -0.0552396 -0.840441 -105.146 0.0220806 0.998431 -0.0514608 -9.85617 0.841964 0.00918416 0.539455 110.583 
0.550383 -0.0548971 -0.833106 -106.059 0.0223157 0.998447 -0.0510496 -9.93124 0.834614 0.00950554 0.550753 111.174 
0.561737 -0.0554556 -0.825455 -106.957 0.0226641 0.998408 -0.0516516 -10.0071 0.827005 0.0103065 0.5621 111.766 
0.57317 -0.056332 -0.817498 -107.84 0.0223446 0.998338 -0.0531269 -10.0777 0.819132 0.0121841 0.573476 112.355 
0.583884 -0.0576668 -0.809787 -108.696 0.0246677 0.998274 -0.0533032 -10.1572 0.811463 0.0111473 0.584298 112.96 
0.594307 -0.0575162 -0.802179 -109.537 0.0251209 0.99828 -0.0529655 -10.233 0.803846 0.0113263 0.59473 113.574 
0.604642 -0.0551402 -0.794586 -110.363 0.0240715 0.99841 -0.0509673 -10.3055 0.796133 0.0116902 0.605008 114.193 
0.61447 -0.0525979 -0.787185 -111.19 0.0246347 0.998568 -0.0474923 -10.3775 0.788556 0.00979056 0.614886 114.821 
0.624191 -0.0502769 -0.779653 -111.993 0.0226528 0.998672 -0.0462649 -10.4436 0.780944 0.0112168 0.624501 115.45 
0.634062 -0.04981 -0.771677 -112.775 0.0207378 0.99866 -0.0474217 -10.5119 0.773004 0.0140654 0.634245 116.07 
0.643365 -0.049589 -0.763952 -113.559 0.0191489 0.99863 -0.0486959 -10.5778 0.76532 0.0167005 0.643433 116.706 
0.652123 -0.0494181 -0.756501 -114.305 0.0193753 0.998634 -0.0485334 -10.64 0.757865 0.0169924 0.65219 117.345 
0.661198 -0.0476465 -0.748697 -115.056 0.0198146 0.998742 -0.0460603 -10.7129 0.74995 0.0156199 0.66131 117.989 
0.669851 -0.045367 -0.741108 -115.788 0.0194442 0.998861 -0.0435708 -10.7765 0.742241 0.0147757 0.66997 118.627 
0.677817 -0.0450902 -0.733847 -116.498 0.0202428 0.998884 -0.0426777 -10.8378 0.734952 0.0140726 0.677973 119.265 
0.685291 -0.0446753 -0.726898 -117.182 0.0194248 0.998883 -0.0430787 -10.8973 0.72801 0.0154017 0.685393 119.9 
0.692089 -0.0439097 -0.720476 -117.869 0.0192759 0.998916 -0.0423629 -10.9562 0.721555 0.0154311 0.692185 120.561 
0.698808 -0.0416275 -0.714097 -118.561 0.0187158 0.999028 -0.0399221 -11.0059 0.715064 0.0145331 0.698908 121.231 
0.705781 -0.038944 -0.707359 -119.239 0.0178426 0.999148 -0.0372059 -11.0588 0.708206 0.0136381 0.705875 121.89 
0.712761 -0.0377538 -0.70039 -119.888 0.017163 0.99919 -0.0363941 -11.1056 0.701197 0.0139196 0.712832 122.553 
0.719884 -0.0365328 -0.693132 -120.529 0.016041 0.999223 -0.0360058 -11.1553 0.693909 0.0148015 0.71991 123.215 
0.727461 -0.0337575 -0.685318 -121.152 0.0135325 0.999301 -0.0348591 -11.2009 0.686015 0.0160846 0.727409 123.87 
0.736221 -0.0313582 -0.676014 -121.762 0.0130731 0.999399 -0.0321216 -11.2442 0.676614 0.0148111 0.736189 124.518 
0.745586 -0.0274806 -0.665842 -122.356 0.0111716 0.999524 -0.0287428 -11.288 0.666316 0.0139917 0.745539 125.177 
0.755586 -0.0250633 -0.65457 -122.925 0.00920875 0.999575 -0.0276437 -11.332 0.654985 0.0148595 0.755496 125.813 
0.765644 -0.0246908 -0.64279 -123.51 0.0081396 0.999555 -0.0286996 -11.365 0.643213 0.0167417 0.765505 126.473 
0.77548 -0.0257951 -0.630845 -124.077 0.00829374 0.999495 -0.0306738 -11.4063 0.631318 0.0185549 0.775302 127.158 
0.785092 -0.0247399 -0.618884 -124.562 0.00782589 0.999518 -0.0300281 -11.4528 0.619329 0.0187316 0.784908 127.794 
0.795253 -0.0234961 -0.605823 -125.09 0.00780624 0.999563 -0.0285198 -11.4847 0.606228 0.0179513 0.795088 128.473 
0.805222 -0.020951 -0.592604 -125.59 0.00736176 0.999652 -0.0253389 -11.5277 0.592928 0.0160409 0.805095 129.156 
0.814441 -0.0195511 -0.579917 -126.031 0.00765638 0.999707 -0.0229511 -11.5577 0.580196 0.0142523 0.814352 129.827 
0.823463 -0.018254 -0.567076 -126.499 0.0082765 0.999762 -0.0201636 -11.5811 0.56731 0.0119106 0.823418 130.509 
0.831585 -0.0175729 -0.55512 -126.985 0.0090634 0.999796 -0.0180725 -11.613 0.555324 0.00999758 0.831574 131.22 
0.839004 -0.0181537 -0.543822 -127.471 0.0108216 0.999802 -0.0166796 -11.6347 0.544017 0.00810929 0.839035 131.937 
0.845527 -0.0180937 -0.533626 -127.934 0.0110863 0.999805 -0.0163345 -11.6663 0.533817 0.0078954 0.845563 132.661 
0.852156 -0.0170969 -0.523008 -128.38 0.0100769 0.999817 -0.016265 -11.6904 0.52319 0.00859009 0.852173 133.379 
0.858837 -0.0152769 -0.512021 -128.833 0.00873421 0.999847 -0.0151816 -11.7192 0.512175 0.00856647 0.858839 134.108 
0.865002 -0.014084 -0.501572 -129.252 0.00783524 0.999863 -0.0145634 -11.75 0.501708 0.00866751 0.864994 134.816 
0.870868 -0.0147905 -0.491294 -129.679 0.00872775 0.999855 -0.01463 -11.7708 0.491439 0.00845297 0.870871 135.556 
0.875882 -0.0163376 -0.482248 -130.111 0.0100026 0.999827 -0.015705 -11.7957 0.482421 0.00893208 0.875894 136.332 
0.880076 -0.0170697 -0.474525 -130.54 0.0106475 0.999812 -0.016218 -11.8209 0.474713 0.00922064 0.880093 137.126 
0.883414 -0.0158249 -0.468327 -130.942 0.00982052 0.999835 -0.0152602 -11.8503 0.468491 0.00888189 0.883423 137.891 
0.886443 -0.0133849 -0.462644 -131.363 0.00895673 0.999891 -0.0117667 -11.8754 0.462751 0.00628676 0.886466 138.68 
0.889656 -0.00938188 -0.456536 -131.79 0.0067057 0.99995 -0.00748173 -11.892 0.456583 0.00359482 0.889674 139.477 
0.892907 -0.00672922 -0.450192 -132.192 0.00518597 0.999976 -0.00466133 -11.9174 0.450212 0.0018275 0.89292 140.271 
0.896102 -0.00364465 -0.443833 -132.617 0.00295827 0.999993 -0.002239 -11.9352 0.443838 0.00069344 0.896107 141.107 
0.899368 -0.00206262 -0.437189 -133.036 0.00230452 0.999997 2.27963e-05 -11.9444 0.437187 -0.00102796 0.89937 141.941 
0.902714 -0.000364007 -0.430241 -133.458 0.00179695 0.999994 0.00292417 -11.9563 0.430237 -0.00341276 0.90271 142.795 
0.905955 -0.000754974 -0.423374 -133.869 0.0031225 0.999983 0.00489839 -11.9642 0.423363 -0.00575966 0.905942 143.679 
0.909571 -0.000703397 -0.415547 -134.296 0.00355625 0.999975 0.00609138 -11.9746 0.415532 -0.00701828 0.909551 144.58 
0.913046 -0.00157083 -0.407854 -134.717 0.00439741 0.999972 0.00599288 -11.976 0.407834 -0.00726523 0.913027 145.509 
0.916892 -0.00425349 -0.399112 -135.115 0.00699895 0.999961 0.00542187 -11.9789 0.399074 -0.00776459 0.916886 146.424 
0.920824 -0.00580683 -0.389935 -135.519 0.008103 0.999958 0.00424382 -11.9804 0.389894 -0.00706741 0.920833 147.349 
0.92519 -0.00669068 -0.379446 -135.904 0.00828534 0.999962 0.00256967 -11.995 0.379414 -0.00552122 0.925211 148.277 
0.930124 -0.00546072 -0.367205 -136.28 0.00650896 0.999978 0.00161629 -11.9966 0.367187 -0.00389342 0.930139 149.229 
0.936042 -0.000924528 -0.351886 -136.616 0.00225381 0.999992 0.00336787 -12.0147 0.35188 -0.00394551 0.936037 150.184 
0.942594 0.0027581 -0.333931 -136.966 -0.000602101 0.999978 0.00655965 -12.0283 0.333942 -0.00598198 0.942575 151.161 
0.949274 0.00549799 -0.314402 -137.328 -0.00317603 0.999964 0.00789698 -12.0267 0.314434 -0.0064978 0.949257 152.195 
0.955927 0.00718379 -0.293518 -137.661 -0.00481848 0.99995 0.00878068 -12.0337 0.293566 -0.00697933 0.955913 153.223 
0.962186 0.00844738 -0.272264 -137.976 -0.00586307 0.99993 0.0103039 -12.0373 0.272332 -0.00831794 0.962167 154.294 
0.967958 0.00936439 -0.250936 -138.272 -0.00628968 0.999895 0.013052 -12.0342 0.251032 -0.0110554 0.967916 155.37 
0.973333 0.0120142 -0.22908 -138.543 -0.00842585 0.999826 0.0166359 -12.0375 0.22924 -0.014262 0.973265 156.464 
0.978245 0.0144752 -0.206947 -138.802 -0.0103669 0.999727 0.0209226 -12.0353 0.207193 -0.018322 0.978128 157.576 
0.98269 0.0164601 -0.184524 -139.045 -0.0121658 0.999629 0.0243801 -12.0301 0.184857 -0.0217132 0.982526 158.721 
0.986525 0.0182811 -0.162587 -139.259 -0.0145242 0.9996 0.0242651 -12.0158 0.162966 -0.0215766 0.986396 159.875 
0.989876 0.0171797 -0.14089 -139.457 -0.0141783 0.999651 0.022279 -12.004 0.141224 -0.0200558 0.989775 161.086 
0.992618 0.017297 -0.120041 -139.624 -0.0148402 0.999662 0.0213303 -11.984 0.120369 -0.0193914 0.99254 162.3 
0.994829 0.0163068 -0.100251 -139.719 -0.0139951 0.999621 0.0237185 -12.0016 0.1006 -0.0221928 0.994679 163.562 
0.996587 0.0168524 -0.0808164 -139.803 -0.0148427 0.999567 0.0254033 -11.9938 0.0812095 -0.024117 0.996405 164.79 
0.997987 0.01772 -0.0608948 -139.887 -0.0161272 0.999517 0.02655 -11.9796 0.0613359 -0.0255144 0.997791 165.985 
0.998983 0.0194111 -0.0407047 -139.952 -0.0183114 0.999462 0.0272158 -11.9616 0.041211 -0.0264427 0.998801 167.196 
0.999593 0.0195758 -0.0207299 -139.98 -0.0189939 0.99943 0.027905 -11.9487 0.0212643 -0.0274998 0.999396 168.412 
0.999758 0.0219935 -0.00102558 -139.957 -0.0219566 0.999374 0.0277332 -11.9522 0.00163484 -0.027704 0.999615 169.727 
0.999568 0.0230014 0.0182811 -139.915 -0.0234862 0.999366 0.0267644 -11.9442 -0.0176539 -0.0271821 0.999475 171.088 
0.999018 0.0231792 0.0377564 -139.89 -0.0241201 0.999405 0.0246592 -11.9398 -0.0371623 -0.0255456 0.998983 172.42 
0.9981 0.025028 0.0563059 -139.819 -0.026314 0.999407 0.0222163 -11.933 -0.0557165 -0.0236557 0.998166 173.776 
0.99692 0.0253678 0.074204 -139.621 -0.0270003 0.999413 0.0210802 -11.9699 -0.0736258 -0.0230188 0.99702 175.132 
0.995369 0.0253537 0.0927268 -139.502 -0.0271447 0.999468 0.0181055 -11.9606 -0.0922184 -0.0205387 0.995527 176.522 
0.99339 0.0265419 0.111675 -139.371 -0.0281768 0.999517 0.0130867 -11.9737 -0.111274 -0.0161469 0.993659 177.936 
0.991172 0.0285381 0.129476 -139.231 -0.029645 0.999539 0.00662991 -11.979 -0.129227 -0.0104097 0.99156 179.256 
0.988708 0.0299143 0.146841 -139.064 -0.0304908 0.999534 0.00167636 -11.9902 -0.146723 -0.0061347 0.989159 180.607 
0.985911 0.0322695 0.164128 -138.852 -0.0323413 0.999474 -0.00223505 -12.0128 -0.164114 -0.00310453 0.986436 181.995 
0.982744 0.0343436 0.181754 -138.633 -0.0339988 0.999409 -0.00501359 -12.0352 -0.181819 -0.00125231 0.983331 183.388 
0.97938 0.0337004 0.199197 -138.369 -0.0334901 0.999429 -0.00442539 -12.0877 -0.199232 -0.00233695 0.97995 184.815 
0.975804 0.032612 0.216201 -138.086 -0.0323189 0.999466 -0.00489143 -12.121 -0.216245 -0.00221428 0.976337 186.224 
0.971877 0.0324009 0.23325 -137.802 -0.0308984 0.999472 -0.0100935 -12.1419 -0.233454 0.00260266 0.972364 187.617 
0.967895 0.0335257 0.249108 -137.408 -0.0309601 0.99942 -0.014211 -12.1893 -0.24944 0.00604235 0.968371 189.105 
0.963533 0.0357003 0.265197 -136.96 -0.0331124 0.99935 -0.014224 -12.2414 -0.265533 0.00492399 0.964089 190.648 
0.958536 0.0379699 0.282431 -136.572 -0.035184 0.999269 -0.014931 -12.2719 -0.282791 0.0043749 0.959172 192.064 
0.953348 0.0410846 0.299066 -136.072 -0.0375141 0.99914 -0.0176724 -12.3461 -0.299535 0.00562873 0.954069 193.565 
0.94784 0.0413529 0.316052 -135.559 -0.0363074 0.999102 -0.0218385 -12.397 -0.316671 0.00922445 0.948491 195.135 
0.94203 0.0423987 0.332839 -134.982 -0.0365493 0.999048 -0.0238185 -12.483 -0.333532 0.0102728 0.942683 196.691 
0.935533 0.042619 0.350659 -134.499 -0.0348409 0.998987 -0.0284636 -12.5773 -0.351517 0.0144114 0.936071 198.149 
0.927644 0.0460769 0.370613 -133.999 -0.0357756 0.99876 -0.0346256 -12.6342 -0.371749 0.0188613 0.928142 199.669 
0.918679 0.0497641 0.391857 -133.416 -0.0378428 0.998557 -0.0380926 -12.7028 -0.393188 0.0201659 0.919237 201.118 
0.907791 0.0528481 0.416079 -132.808 -0.0402037 0.998426 -0.039099 -12.8077 -0.417491 0.0187658 0.908487 202.596 
0.895518 0.0576628 0.441274 -132.156 -0.0435918 0.998168 -0.0419691 -12.8974 -0.442885 0.0183482 0.896391 204.028 
0.882081 0.0621442 0.466981 -131.427 -0.0461665 0.997893 -0.0455919 -12.996 -0.468831 0.0186569 0.883091 205.597 
0.867848 0.0663019 0.492385 -130.689 -0.0484335 0.997625 -0.0489686 -13.0929 -0.494463 0.0186495 0.868999 207.103 
0.853883 0.0672116 0.516108 -129.927 -0.0473875 0.997548 -0.0515074 -13.1811 -0.518304 0.0195242 0.854974 208.465 
0.839083 0.0691794 0.539587 -129.127 -0.0474946 0.99741 -0.0540196 -13.2772 -0.541926 0.0196995 0.840195 209.811 
0.823654 0.0712695 0.562596 -128.226 -0.0460055 0.997199 -0.0589716 -13.4052 -0.565223 0.0226897 0.824626 211.224 
0.807898 0.0732695 0.584749 -127.293 -0.0441562 0.996978 -0.0639151 -13.5586 -0.587665 0.0258166 0.808692 212.627 
0.792749 0.0747768 0.604944 -126.324 -0.0428285 0.996827 -0.0670925 -13.7039 -0.608041 0.0272787 0.793437 213.941 
0.777754 0.0761386 0.623941 -125.355 -0.0413097 0.996682 -0.0701304 -13.8509 -0.62721 0.0287694 0.778318 215.196 
0.76342 0.0758153 0.641438 -124.34 -0.0392801 0.996699 -0.0710556 -14.028 -0.644707 0.0290495 0.763877 216.405 
0.748652 0.0767241 0.658508 -123.291 -0.0381654 0.996621 -0.0727284 -14.1748 -0.661864 0.0293161 0.749051 217.669 
0.734152 0.076999 0.674606 -122.254 -0.035369 0.996537 -0.0752529 -14.3138 -0.678064 0.0313869 0.734333 218.883 
0.719908 0.0787243 0.68959 -121.15 -0.033679 0.996339 -0.0785832 -14.4664 -0.693252 0.033348 0.719924 220.083 
0.70582 0.0803136 0.703824 -120.064 -0.030655 0.996085 -0.0829216 -14.6198 -0.707728 0.036952 0.705518 221.219 
0.691687 0.0818226 0.717547 -118.944 -0.0291665 0.995916 -0.0854497 -14.7811 -0.721608 0.0381762 0.691248 222.326 
0.677117 0.0831314 0.731165 -117.79 -0.0291788 0.99585 -0.0862035 -14.9478 -0.735297 0.0370354 0.676733 223.408 
0.661389 0.0844555 0.745273 -116.625 -0.0298599 0.995817 -0.0863485 -15.1122 -0.749448 0.0348562 0.661145 224.487 
0.644794 0.0853219 0.759579 -115.486 -0.0316891 0.99588 -0.0849646 -15.2665 -0.763699 0.0307143 0.644841 225.515 
0.627708 0.0861897 0.773663 -114.309 -0.0336721 0.995928 -0.0836312 -15.4166 -0.77772 0.0264451 0.628054 226.524 
0.610654 0.0879374 0.786999 -113.102 -0.0365751 0.995887 -0.0828983 -15.5845 -0.791052 0.0218377 0.611359 227.503 
0.59308 0.0909608 0.799989 -111.899 -0.0374983 0.99564 -0.085407 -15.7508 -0.80427 0.0206549 0.593905 228.468 
0.575717 0.0942833 0.812195 -110.694 -0.0391587 0.995369 -0.0877896 -15.906 -0.816711 0.0187375 0.576743 229.373 
0.557438 0.0943435 0.824841 -109.475 -0.039385 0.995409 -0.0872357 -16.0714 -0.829284 0.0161422 0.558594 230.234 
0.537535 0.0933434 0.838059 -108.245 -0.0399408 0.995557 -0.0852673 -16.2261 -0.842295 0.0123614 0.538875 231.067 
0.516767 0.0917151 0.851199 -106.999 -0.0404243 0.99575 -0.0827484 -16.3885 -0.855171 0.00835257 0.518279 231.876 
0.495417 0.0903432 0.863944 -105.736 -0.0407586 0.995899 -0.0807693 -16.5399 -0.867698 0.00480133 0.497068 232.669 
0.475117 0.08925 0.875385 -104.458 -0.0399506 0.996005 -0.0798646 -16.6959 -0.879015 0.00297291 0.476785 233.399 
0.454347 0.0888044 0.886387 -103.211 -0.0390201 0.996048 -0.0797898 -16.8415 -0.88997 0.00166539 0.456017 234.08 
0.433926 0.0878153 0.896658 -101.949 -0.0368481 0.996136 -0.0797255 -16.9936 -0.900195 0.00155489 0.435485 234.734 
0.414032 0.0878745 0.906011 -100.622 -0.0340074 0.996128 -0.0810741 -17.1377 -0.909627 0.00275619 0.415417 235.365 
0.393808 0.0866569 0.915099 -99.3242 -0.0300853 0.996228 -0.0813925 -17.2971 -0.9187 0.00452202 0.394929 235.972 
0.373362 0.0848151 0.923801 -98.0187 -0.0282329 0.996389 -0.0800689 -17.4367 -0.927256 0.00381307 0.374408 236.535 
0.353112 0.0846087 0.931748 -96.7385 -0.0273668 0.99641 -0.080109 -17.5777 -0.935181 0.00278843 0.354159 237.052 
0.333526 0.0892918 0.938503 -95.4062 -0.0278226 0.996003 -0.0848749 -17.7312 -0.94233 0.00219636 0.334677 237.566 
0.314495 0.0982944 0.944156 -94.0971 -0.0288034 0.995155 -0.0940094 -17.882 -0.948822 0.00237053 0.315802 238.035 
0.293685 0.106358 0.949967 -92.7542 -0.0310198 0.994328 -0.101734 -18.0451 -0.955399 0.00041007 0.295318 238.575 
0.273838 0.110566 0.955399 -91.4642 -0.0336491 0.993863 -0.105373 -18.2028 -0.961187 -0.00329319 0.275878 238.998 
0.254216 0.111759 0.960669 -90.1792 -0.0359064 0.993707 -0.106101 -18.3699 -0.966481 -0.00752162 0.256629 239.386 
0.234079 0.112169 0.965725 -88.904 -0.0402261 0.993589 -0.105655 -18.5331 -0.971385 -0.0141159 0.23709 239.75 
0.214733 0.112399 0.970184 -87.6161 -0.0416632 0.993506 -0.10588 -18.6942 -0.975784 -0.0176851 0.218021 240.089 
0.195687 0.110934 0.974372 -86.3624 -0.0419865 0.993618 -0.104693 -18.8537 -0.979767 -0.0204233 0.199096 240.375 
0.177108 0.110915 0.977922 -85.1214 -0.0421407 0.993573 -0.105058 -19.0079 -0.983289 -0.0226037 0.180644 240.636 
0.159037 0.111493 0.980957 -83.9036 -0.0413717 0.993483 -0.106209 -19.1619 -0.986405 -0.0236926 0.162613 240.864 
0.140038 0.115056 0.983439 -82.6701 -0.0452703 0.992931 -0.10972 -19.3141 -0.989111 -0.0291557 0.144256 241.076 
0.121666 0.116655 0.985692 -81.4419 -0.045467 0.992682 -0.11187 -19.4733 -0.991529 -0.0312056 0.12608 241.269 
0.104925 0.113741 0.987954 -80.1893 -0.0457861 0.992937 -0.109452 -19.6352 -0.993426 -0.0337503 0.109392 241.429 
0.0892668 0.109356 0.989986 -78.9543 -0.0434732 0.993435 -0.105817 -19.7865 -0.995059 -0.0335919 0.0934348 241.574 
0.0751612 0.105203 0.991606 -77.7589 -0.0430219 0.993835 -0.102178 -19.9354 -0.996243 -0.034981 0.0792239 241.698 
0.0620792 0.101721 0.992874 -76.5747 -0.0409128 0.994216 -0.0993 -20.0813 -0.997232 -0.0344568 0.0658818 241.811 
0.0516543 0.101752 0.993468 -75.4017 -0.0406018 0.994187 -0.0997144 -20.2238 -0.997839 -0.0351859 0.0554854 241.897 
0.0425697 0.104202 0.993645 -74.2377 -0.0410251 0.99389 -0.10247 -20.3624 -0.998251 -0.0364023 0.0465844 241.983 
0.0357598 0.105772 0.993747 -73.1021 -0.0422859 0.993653 -0.104241 -20.503 -0.998465 -0.0382939 0.0400055 242.052 
0.0295558 0.110168 0.993473 -71.9722 -0.042732 0.993138 -0.10886 -20.642 -0.998649 -0.0392356 0.0340607 242.121 
0.0240894 0.118671 0.992641 -70.8653 -0.0419272 0.992176 -0.117598 -20.7887 -0.99883 -0.0387858 0.0288765 242.174 
0.0191469 0.121574 0.992398 -69.7557 -0.0438884 0.991725 -0.120644 -20.927 -0.998853 -0.0412448 0.0243241 242.229 
0.0155802 0.11281 0.993494 -68.653 -0.0426782 0.992785 -0.11206 -21.0755 -0.998967 -0.0406547 0.0202823 242.269 
0.0132209 0.103148 0.994578 -67.5454 -0.041629 0.99386 -0.10252 -21.2124 -0.999046 -0.0400478 0.0174337 242.308 
0.0119758 0.0994959 0.994966 -66.4552 -0.0407343 0.99426 -0.098935 -21.3415 -0.999098 -0.0393444 0.0159599 242.344 
0.0117355 0.101524 0.994764 -65.3828 -0.0417791 0.994013 -0.100954 -21.4672 -0.999058 -0.0403756 0.0159069 242.387 
0.0119747 0.104349 0.994469 -64.3204 -0.0410482 0.993753 -0.10378 -21.5969 -0.999085 -0.0395784 0.0161832 242.427 
0.0135594 0.106711 0.994198 -63.2744 -0.043703 0.993402 -0.106029 -21.7277 -0.998953 -0.0420117 0.0181335 242.468 
0.0151314 0.107676 0.994071 -62.2264 -0.0460279 0.993206 -0.106882 -21.8494 -0.998826 -0.0441377 0.0199847 242.519 
0.0185636 0.109397 0.993825 -61.1896 -0.0470504 0.992991 -0.108426 -21.9754 -0.99872 -0.0447471 0.0235806 242.555 
0.0221346 0.110627 0.993616 -60.1677 -0.0492195 0.992774 -0.109437 -22.0984 -0.998543 -0.046483 0.0274197 242.611 
0.0265379 0.111672 0.993391 -59.159 -0.050267 0.992633 -0.110244 -22.2183 -0.998383 -0.0470092 0.0319558 242.673 
0.0323812 0.110755 0.99332 -58.1615 -0.0513934 0.992711 -0.109011 -22.3399 -0.998153 -0.0475202 0.0378373 242.737 
0.0389847 0.109304 0.993244 -57.1382 -0.0501935 0.992959 -0.107302 -22.4688 -0.997978 -0.0456713 0.0441965 242.808 
0.0460987 0.108605 0.993016 -56.1369 -0.0480288 0.993164 -0.106392 -22.5875 -0.997782 -0.0427888 0.0509997 242.874 
0.0526379 0.109551 0.992586 -55.1523 -0.0471999 0.993126 -0.107108 -22.7057 -0.997498 -0.041212 0.0574469 242.967 
0.0594395 0.109344 0.992225 -54.1662 -0.0474042 0.99317 -0.106609 -22.8254 -0.997106 -0.0406988 0.064217 243.051 
0.0659577 0.108136 0.991946 -53.1847 -0.0485125 0.993282 -0.105056 -22.9424 -0.996642 -0.0411925 0.0707606 243.145 
0.0723655 0.105894 0.991741 -52.1974 -0.0489234 0.993528 -0.102515 -23.0589 -0.996178 -0.0411007 0.0770778 243.25 
0.078372 0.104655 0.991416 -51.2265 -0.0496314 0.993651 -0.100968 -23.1714 -0.995688 -0.0412923 0.0830686 243.363 
0.0850115 0.105195 0.990811 -50.2443 -0.0497477 0.993619 -0.101225 -23.2857 -0.995137 -0.0406853 0.0897023 243.474 
0.0914991 0.107447 0.989991 -49.2672 -0.0494673 0.993425 -0.103248 -23.3992 -0.994576 -0.0395251 0.0962126 243.593 
0.0976988 0.108937 0.989236 -48.3018 -0.0494462 0.993295 -0.104501 -23.5124 -0.993987 -0.0387043 0.10243 243.716 
0.103966 0.110934 0.988375 -47.3313 -0.0513604 0.993033 -0.106054 -23.6244 -0.993254 -0.0397374 0.108939 243.846 
0.109976 0.111518 0.987658 -46.3741 -0.0535301 0.992908 -0.10615 -23.7386 -0.992492 -0.0411955 0.115165 243.987 
0.116419 0.111142 0.986962 -45.4063 -0.0540185 0.992957 -0.105445 -23.8526 -0.99173 -0.0410384 0.121603 244.136 
0.122407 0.109096 0.986466 -44.4436 -0.0549468 0.993161 -0.103018 -23.9624 -0.990958 -0.0415929 0.127565 244.282 
0.128713 0.107368 0.985853 -43.4879 -0.0549488 0.993367 -0.101012 -24.077 -0.990158 -0.0411699 0.133759 244.435 
0.13495 0.106747 0.985086 -42.5267 -0.0545988 0.993471 -0.100176 -24.1861 -0.989347 -0.0402659 0.139897 244.592 
0.141646 0.107707 0.98404 -41.5809 -0.0545355 0.993403 -0.100882 -24.2978 -0.988414 -0.0393756 0.146585 244.763 
0.148742 0.107932 0.982968 -40.6513 -0.0527724 0.993476 -0.1011 -24.4045 -0.987467 -0.0368357 0.153467 244.925 
0.157174 0.10975 0.981454 -39.7155 -0.0512127 0.993374 -0.102882 -24.5112 -0.986242 -0.0340926 0.161753 245.101 
