1 2.12261e-08 -2.11895e-08 0 2.12261e-08 1 2.10703e-08 0 -2.11895e-08 2.10703e-08 1 0 
0.999876 0.0015327 0.0156516 0.0107813 -0.00151742 0.999998 -0.000985609 0.000569365 -0.0156532 0.000961779 0.999877 0.128407 
0.999307 0.00417384 0.0369944 0.0272918 -0.00415195 0.999991 -0.000667361 -0.000535919 -0.0369969 0.000513341 0.999315 0.269058 
0.997911 0.00577536 0.0643414 0.0550243 -0.00583605 0.999983 0.000756105 -0.00402677 -0.064336 -0.00112998 0.997928 0.42207 
0.995133 0.00505174 0.0984123 0.0985404 -0.00534669 0.999982 0.00273401 -0.00213038 -0.0983967 -0.00324685 0.995142 0.586559 
0.990602 0.00215412 0.136758 0.159525 -0.00283045 0.999985 0.00475145 -0.000832736 -0.136746 -0.00509384 0.990593 0.755222 
0.984324 -0.00064617 0.176366 0.234546 -0.000231112 0.999988 0.00495388 0.00861856 -0.176367 -0.00491694 0.984312 0.930613 
0.975501 -0.000646649 0.219995 0.323367 -0.000724575 0.999981 0.00615243 0.0114632 -0.219995 -0.00616107 0.975482 1.11983 
0.963384 -1.03286e-05 0.268127 0.419955 -0.00244523 0.999958 0.00882443 0.0170595 -0.268116 -0.0091569 0.963343 1.32408 
0.948812 -0.00316593 0.315826 0.51407 -0.00186396 0.999876 0.0156229 0.0371988 -0.315837 -0.0154119 0.948688 1.49167 
0.931786 -0.0126026 0.362789 0.64531 0.00429687 0.99971 0.0236922 0.0247479 -0.362983 -0.0205172 0.93157 1.72095 
0.910328 -0.0186659 0.413467 0.769397 0.00759629 0.999568 0.0284007 0.0141093 -0.413818 -0.0227131 0.910076 1.89806 
0.884673 -0.0200278 0.465781 0.899931 0.00555601 0.999459 0.0324223 0.00880631 -0.466179 -0.0260953 0.884306 2.09172 
0.856017 -0.0219649 0.51648 1.0539 0.00347397 0.999319 0.0367414 0.0215677 -0.516935 -0.029657 0.855511 2.29645 
0.823302 -0.0268862 0.566967 1.22417 0.00439613 0.99915 0.0409971 0.0165804 -0.567587 -0.0312605 0.82272 2.47554 
0.786752 -0.0321449 0.616431 1.39893 0.00604086 0.998996 0.0443845 0.0222705 -0.617239 -0.0311958 0.786157 2.65788 
0.747849 -0.0361409 0.662884 1.61686 0.00666412 0.998875 0.0469412 0.0275678 -0.663836 -0.0306874 0.747249 2.86634 
0.707249 -0.0391064 0.705882 1.84515 0.00763446 0.998833 0.047687 0.0403774 -0.706923 -0.0283375 0.706723 3.05076 
0.664487 -0.0410731 0.74617 2.1055 0.00666035 0.998774 0.0490466 0.0474786 -0.74727 -0.0276211 0.663946 3.25197 
0.620716 -0.0410002 0.782963 2.3972 0.00135911 0.998687 0.0512192 0.056502 -0.784035 -0.0307284 0.619956 3.47445 
0.57828 -0.0413904 0.814788 2.72906 -0.0016222 0.998652 0.0518819 0.0791598 -0.815837 -0.031324 0.577433 3.6773 
0.537494 -0.0425786 0.842192 3.08842 -0.00313382 0.998617 0.052487 0.0988702 -0.843262 -0.0308507 0.536617 3.88181 
0.498293 -0.0446813 0.865856 3.47747 -0.00465243 0.998519 0.0542046 0.113952 -0.866996 -0.0310381 0.497347 4.08417 
0.460445 -0.0443436 0.88658 3.89015 -0.00805706 0.998502 0.054126 0.126932 -0.887652 -0.0320652 0.459397 4.28193 
0.423311 -0.043746 0.904928 4.32987 -0.0092621 0.998572 0.0526056 0.141245 -0.905937 -0.03065 0.422301 4.47655 
0.389013 -0.0425698 0.920248 4.79856 -0.00820526 0.998732 0.049669 0.157685 -0.921196 -0.0268728 0.388171 4.67124 
0.358867 -0.040207 0.932522 5.30336 -0.00604962 0.998951 0.0453993 0.194815 -0.933369 -0.0219337 0.358247 4.85455 
0.333191 -0.0388184 0.94206 5.84198 -0.00474875 0.99907 0.0428472 0.207154 -0.942847 -0.0187499 0.332697 5.03497 
0.31262 -0.0379439 0.94912 6.40551 -0.00371847 0.999145 0.0411687 0.236776 -0.949871 -0.0163994 0.312212 5.22356 
0.297954 -0.0383023 0.953812 7.00368 -0.00249853 0.99916 0.0409039 0.264015 -0.954577 -0.0145706 0.297608 5.40575 
0.286503 -0.0399102 0.957248 7.62961 -0.00155646 0.999111 0.0421215 0.284924 -0.958078 -0.0135578 0.286186 5.5936 
0.275706 -0.0416353 0.96034 8.27826 -0.00284417 0.999022 0.0441289 0.311692 -0.961238 -0.0148979 0.275318 5.78465 
0.265249 -0.0436348 0.963192 8.96027 -0.00411524 0.998915 0.0463865 0.332617 -0.964171 -0.0162677 0.264782 5.97754 
0.254994 -0.0450351 0.965893 9.65046 -0.00484762 0.998843 0.0478511 0.368077 -0.96693 -0.016884 0.254481 6.17124 
0.244808 -0.0468025 0.968441 10.3797 -0.00587154 0.998744 0.0497513 0.399959 -0.969554 -0.0178658 0.244226 6.36409 
0.234125 -0.0481584 0.971013 11.1203 -0.0059801 0.998682 0.0509726 0.433203 -0.972188 -0.0177407 0.233528 6.55678 
0.223598 -0.0493566 0.973431 11.8779 -0.00624254 0.998624 0.052068 0.463304 -0.974661 -0.017719 0.222983 6.74456 
0.212654 -0.0522453 0.97573 12.6521 -0.00738468 0.998455 0.0550716 0.494875 -0.9771 -0.0189167 0.21194 6.92765 
0.201299 -0.0557202 0.977944 13.4391 -0.00906801 0.998232 0.0587428 0.532965 -0.979488 -0.0206929 0.200438 7.09811 
0.189142 -0.0594682 0.980147 14.2434 -0.00956872 0.998006 0.0623983 0.573935 -0.981903 -0.0211809 0.188196 7.26258 
0.175754 -0.0616601 0.982501 15.0349 -0.010389 0.997865 0.0644827 0.612492 -0.984379 -0.0215403 0.174738 7.42108 
0.161516 -0.062345 0.984899 15.8409 -0.0108406 0.99783 0.0649414 0.648241 -0.986811 -0.0211659 0.160489 7.56441 
0.147209 -0.061103 0.987216 16.6429 -0.0116329 0.997914 0.0634998 0.691592 -0.989037 -0.0208319 0.146191 7.68976 
0.130853 -0.0602143 0.989571 17.4549 -0.0123358 0.997978 0.062357 0.724097 -0.991325 -0.0203668 0.129846 7.8009 
0.110209 -0.0587804 0.992169 18.28 -0.0148118 0.998042 0.0607737 0.760081 -0.993798 -0.0213936 0.109123 7.90505 
0.084501 -0.0574303 0.994767 19.1152 -0.0194866 0.998052 0.0592752 0.793298 -0.996233 -0.0243935 0.0832172 7.98725 
0.0537705 -0.0568759 0.996932 19.948 -0.0231924 0.998036 0.0581898 0.827985 -0.998284 -0.0262501 0.0523458 8.04484 
0.0202084 -0.0565192 0.998197 20.7906 -0.0261705 0.998029 0.0570396 0.863862 -0.999453 -0.027276 0.0186894 8.0717 
-0.0145024 -0.0559732 0.998327 21.6472 -0.0278544 0.998067 0.0555541 0.895551 -0.999507 -0.0270022 -0.0160334 8.06825 
-0.048649 -0.0545745 0.997324 22.4904 -0.0291463 0.998159 0.0531985 0.927341 -0.998391 -0.0264802 -0.0501501 8.03513 
-0.0817498 -0.052598 0.995264 23.3293 -0.0308127 0.998263 0.0502256 0.951665 -0.996177 -0.0265609 -0.0832285 7.97292 
-0.114364 -0.0496337 0.992198 24.1742 -0.0331028 0.998387 0.0461277 0.976188 -0.992887 -0.0275692 -0.115823 7.88707 
-0.146867 -0.0450491 0.98813 25.0124 -0.0299713 0.998706 0.0410766 0.995907 -0.988702 -0.0235827 -0.148027 7.76709 
-0.178096 -0.0386139 0.983255 25.8441 -0.0236295 0.999109 0.0349566 1.01568 -0.983729 -0.0170083 -0.178849 7.60911 
-0.208297 -0.0318793 0.977546 26.6676 -0.0171033 0.999435 0.0289487 1.03191 -0.977916 -0.0106893 -0.208725 7.42436 
-0.237284 -0.026464 0.97108 27.4717 -0.0113567 0.999636 0.0244672 1.03336 -0.971374 -0.00522264 -0.237498 7.2344 
-0.264698 -0.0203842 0.964116 28.275 -0.00266475 0.999788 0.0204068 1.03372 -0.964328 0.0028325 -0.264696 7.0032 
-0.291009 -0.0101128 0.956667 29.0604 0.00302495 0.999929 0.0114903 1.02176 -0.956716 0.00623764 -0.290957 6.7648 
-0.316389 0.0052393 0.948615 29.8403 0.00725926 0.999969 -0.00310174 1.00888 -0.948602 0.00590488 -0.316417 6.50762 
-0.341133 0.0226214 0.939743 30.5909 0.00806741 0.999744 -0.0211372 0.991173 -0.939981 0.00037069 -0.341228 6.25244 
-0.36645 0.0372315 0.929693 31.3035 0.00823313 0.99929 -0.0367734 0.950817 -0.930401 -0.00582136 -0.366496 5.98013 
-0.390733 0.04742 0.919282 32.0548 0.0119435 0.998849 -0.0464479 0.904073 -0.920427 -0.00716931 -0.390849 5.6658 
-0.414045 0.051604 0.908793 32.7794 0.0144919 0.998639 -0.0501032 0.862822 -0.910141 -0.00757486 -0.414229 5.34609 
-0.436685 0.051169 0.898158 33.5157 0.0179927 0.998678 -0.0481476 0.808535 -0.899435 -0.00486508 -0.437028 4.99175 
-0.45677 0.0469588 0.888345 34.2361 0.020942 0.998897 -0.0420347 0.766652 -0.889339 -0.000596455 -0.457249 4.62811 
-0.474367 0.0457004 0.87914 34.9437 0.028669 0.998924 -0.0364579 0.714485 -0.87986 0.00790963 -0.475167 4.24263 
-0.488008 0.0462028 0.871615 35.6496 0.0306459 0.998889 -0.035791 0.669539 -0.872301 0.00924517 -0.488882 3.84993 
-0.498973 0.0503959 0.865151 36.3428 0.0348305 0.998667 -0.0380849 0.622317 -0.865917 0.0111303 -0.500063 3.45502 
-0.508688 0.052854 0.859327 37.0307 0.0357668 0.99855 -0.0402445 0.574383 -0.860208 0.0102634 -0.509841 3.05689 
-0.519715 0.0521612 0.852746 37.7054 0.0296056 0.998635 -0.0430415 0.531542 -0.853827 0.00287676 -0.520549 2.67633 
-0.53085 0.0508951 0.845936 38.3989 0.0288919 0.998702 -0.0419556 0.487137 -0.846973 0.00216857 -0.531631 2.25684 
-0.539436 0.0522447 0.840405 39.0619 0.0310545 0.998629 -0.0421477 0.440901 -0.841454 0.00336234 -0.540318 1.8418 
-0.546977 0.054996 0.835339 39.7382 0.0338159 0.998477 -0.0435939 0.393007 -0.836464 0.00440287 -0.548004 1.42349 
-0.550961 0.0578281 0.832525 40.4089 0.0346138 0.998321 -0.0464372 0.349776 -0.833813 0.00323172 -0.552038 1.02293 
-0.550599 0.0599735 0.832613 41.1041 0.0346053 0.998198 -0.0490166 0.298852 -0.834052 0.00182428 -0.551683 0.573225 
-0.547436 0.060049 0.834691 41.8204 0.0363419 0.998187 -0.0479761 0.252329 -0.836058 0.00407041 -0.548625 0.127077 
-0.541496 0.0589546 0.838634 42.5629 0.0343686 0.998257 -0.0479844 0.20223 -0.840001 0.00283932 -0.542578 -0.34001 
-0.534769 0.057458 0.843043 43.3247 0.0322808 0.998346 -0.047566 0.142804 -0.844382 0.00177734 -0.535739 -0.784943 
-0.5279 0.0568836 0.847399 44.1 0.0308861 0.99838 -0.0477775 0.0889966 -0.848745 0.000951063 -0.528802 -1.23653 
-0.521783 0.0554723 0.851273 44.8995 0.0279741 0.99846 -0.0479169 0.037629 -0.852619 -0.00118868 -0.522531 -1.69525 
-0.517709 0.0530437 0.853911 45.7002 0.0235625 0.998582 -0.047745 -0.0207336 -0.855232 -0.00459773 -0.518224 -2.15093 
-0.5165 0.0502666 0.854811 46.526 0.0192096 0.998704 -0.0471213 -0.0777072 -0.856072 -0.00791756 -0.516796 -2.6193 
-0.517534 0.047862 0.854323 47.3919 0.0161625 0.998803 -0.0461652 -0.122334 -0.85551 -0.0100841 -0.517688 -3.07424 
-0.519492 0.0467839 0.853194 48.2402 0.0147437 0.998842 -0.0457931 -0.170328 -0.854348 -0.0112099 -0.51958 -3.51029 
-0.52138 0.0457323 0.852098 49.0605 0.0144163 0.998892 -0.0447897 -0.227466 -0.853203 -0.0110684 -0.521462 -3.92691 
-0.523113 0.0448449 0.851083 49.8777 0.0142448 0.998935 -0.04388 -0.29921 -0.852144 -0.0108307 -0.523195 -4.355 
-0.524029 0.0438618 0.85057 50.7694 0.0142105 0.998984 -0.0427601 -0.355929 -0.851582 -0.0103205 -0.52412 -4.85079 
-0.524708 0.0432835 0.850181 51.6561 0.0134729 0.999004 -0.042545 -0.41534 -0.851176 -0.0108693 -0.524769 -5.36621 
-0.525376 0.0417722 0.849844 52.5376 0.0116664 0.999054 -0.041894 -0.469455 -0.85079 -0.0120955 -0.525367 -5.87446 
-0.525782 0.0407969 0.849641 53.4275 0.0104255 0.999083 -0.041521 -0.531849 -0.850556 -0.012973 -0.525725 -6.39997 
-0.525539 0.0400603 0.849826 54.3077 0.0092424 0.999101 -0.0413814 -0.590074 -0.850719 -0.0138931 -0.525436 -6.90681 
-0.525062 0.0383803 0.850198 55.1805 0.00911375 0.999179 -0.0394773 -0.653796 -0.851015 -0.0129795 -0.524981 -7.38338 
-0.524152 0.0360029 0.850863 56.0461 0.00927364 0.999288 -0.0365705 -0.723139 -0.851574 -0.0112779 -0.524113 -7.85777 
-0.523005 0.0338782 0.851656 56.8775 0.00893691 0.999373 -0.0342661 -0.794163 -0.852283 -0.0103102 -0.52298 -8.31951 
-0.520912 0.0337026 0.852945 57.7845 0.00919893 0.999384 -0.0338709 -0.85174 -0.853561 -0.0097976 -0.520901 -8.83369 
-0.520042 0.0337995 0.853472 58.6756 0.00954389 0.999384 -0.0337626 -0.91437 -0.854088 -0.00941251 -0.520044 -9.30104 
-0.520061 0.0340914 0.853449 59.5661 0.00890619 0.999365 -0.0344929 -0.970548 -0.854083 -0.0103375 -0.520035 -9.79172 
-0.521407 0.0350301 0.852589 60.4358 0.00790418 0.999312 -0.0362246 -1.03307 -0.853271 -0.0121488 -0.521326 -10.2887 
-0.525313 0.0369222 0.850108 61.3329 0.00635333 0.999201 -0.0394717 -1.08616 -0.850886 -0.015334 -0.525127 -10.776 
-0.530079 0.0369633 0.847143 62.2058 0.00446422 0.999157 -0.0408028 -1.14736 -0.847937 -0.0178469 -0.529797 -11.2878 
-0.536041 0.035577 0.843442 63.0579 0.00498089 0.999228 -0.0389826 -1.2 -0.844177 -0.0166952 -0.535804 -11.7951 
-0.541833 0.0336129 0.839814 63.9094 0.00613622 0.999332 -0.0360384 -1.25054 -0.840464 -0.0143735 -0.541677 -12.3195 
-0.547629 0.0308948 0.836151 64.7786 0.00308934 0.999386 -0.0349028 -1.31036 -0.836715 -0.0165306 -0.547388 -12.849 
-0.553078 0.0342417 0.832425 65.6323 0.0051022 0.999276 -0.037715 -1.36385 -0.833114 -0.0166121 -0.552852 -13.3795 
-0.55832 0.0360316 0.828843 66.4686 0.00536979 0.999192 -0.0398199 -1.41195 -0.829608 -0.0177815 -0.558063 -13.9149 
-0.562987 0.0368125 0.825645 67.291 0.00420475 0.999122 -0.0416801 -1.47102 -0.826455 -0.0199937 -0.562648 -14.4489 
-0.566872 0.0366252 0.822992 68.1079 0.00251753 0.999084 -0.0427277 -1.53136 -0.823802 -0.0221492 -0.566444 -14.9837 
-0.569857 0.0362788 0.820943 68.9062 0.00404836 0.999137 -0.0413433 -1.58744 -0.821734 -0.0202363 -0.569512 -15.5203 
-0.572168 0.0294452 0.819608 69.7247 0.0046178 0.999455 -0.0326826 -1.64068 -0.820124 -0.0149152 -0.571992 -16.071 
-0.574275 0.0207937 0.818399 70.5315 0.00396904 0.999736 -0.0226159 -1.69067 -0.818653 -0.0097395 -0.574206 -16.6158 
-0.575422 0.0199679 0.817613 71.3276 0.00597508 0.999778 -0.0202116 -1.73599 -0.817835 -0.00674488 -0.575413 -17.1603 
-0.576459 0.0244662 0.81676 72.1163 0.00595497 0.999651 -0.0257418 -1.77432 -0.817105 -0.00997532 -0.576403 -17.6988 
-0.577872 0.0307622 0.815548 72.8994 0.00772797 0.999451 -0.0322231 -1.81675 -0.816091 -0.0123183 -0.577792 -18.2302 
-0.578232 0.034881 0.815126 73.6902 0.0127848 0.99935 -0.033695 -1.85219 -0.815772 -0.00906238 -0.578303 -18.7827 
-0.57824 0.0359346 0.815075 74.4691 0.0161664 0.999338 -0.0325892 -1.90874 -0.815706 -0.00566756 -0.578439 -19.324 
-0.577605 0.0324753 0.81567 75.2533 0.01479 0.999461 -0.0293194 -1.95829 -0.816182 -0.00487124 -0.577774 -19.8668 
-0.576776 0.0275815 0.816437 76.0351 0.0136717 0.999616 -0.0241114 -2.00301 -0.816788 -0.00274481 -0.576931 -20.4054 
-0.576203 0.0208942 0.817039 76.8209 0.00995552 0.999778 -0.0185464 -2.04079 -0.817246 -0.00255246 -0.576284 -20.9312 
-0.57603 0.0153603 0.817284 77.6062 0.00130452 0.999839 -0.0178718 -2.07215 -0.817428 -0.00922857 -0.575958 -21.4396 
-0.574554 0.00982432 0.818408 78.3934 -0.00646751 0.999842 -0.0165427 -2.10554 -0.818441 -0.0147977 -0.574399 -21.9542 
-0.572817 0.0106473 0.819614 79.1773 -0.00300209 0.999882 -0.0150872 -2.13993 -0.819678 -0.0111027 -0.572717 -22.4821 
-0.56989 0.0141472 0.8216 79.9494 0.000664672 0.999859 -0.0167556 -2.16868 -0.821721 -0.00900275 -0.569819 -22.999 
-0.564364 0.0172348 0.825346 80.73 0.00285017 0.999817 -0.0189292 -2.20199 -0.825521 -0.00833057 -0.56431 -23.523 
-0.556944 0.0198832 0.830312 81.5142 0.00810701 0.999796 -0.0185039 -2.23416 -0.83051 -0.00357428 -0.556992 -24.031 
-0.548976 0.0236054 0.835505 82.3013 0.0157394 0.999716 -0.0179031 -2.27173 -0.83569 0.00332199 -0.549191 -24.5382 
-0.539499 0.0225361 0.841684 83.0889 0.0130534 0.999746 -0.0184013 -2.30169 -0.841885 0.0010593 -0.539656 -25.0219 
-0.528686 0.0203414 0.848574 83.8918 0.0107027 0.999793 -0.0172982 -2.33018 -0.84875 -6.33014e-05 -0.528795 -25.4995 
-0.517528 0.0170044 0.855498 84.7013 0.0109595 0.999852 -0.0132438 -2.36539 -0.855596 0.00252182 -0.517637 -25.9653 
-0.506842 0.0164702 0.861881 85.512 0.0103339 0.999862 -0.0130299 -2.39579 -0.861977 0.00230246 -0.506943 -26.4188 
-0.494446 0.0158363 0.869064 86.3302 0.0108419 0.999869 -0.0120514 -2.41977 -0.869141 0.00346355 -0.494553 -26.8773 
-0.482771 0.0169103 0.875583 87.1405 0.0124818 0.999845 -0.012428 -2.4506 -0.875658 0.00492892 -0.482907 -27.3062 
-0.471398 0.0206394 0.881679 87.9628 0.0119164 0.999784 -0.0170329 -2.48566 -0.88184 0.00247716 -0.471542 -27.7206 
-0.460241 0.0300007 0.887287 88.7772 0.014946 0.999549 -0.0260438 -2.51887 -0.887668 0.00127499 -0.460482 -28.1253 
-0.447802 0.03457 0.893464 89.6056 0.0142251 0.999401 -0.0315393 -2.552 -0.894019 -0.00141376 -0.448026 -28.522 
-0.436775 0.0315929 0.899016 90.4455 0.0136197 0.999501 -0.0285071 -2.59733 -0.899468 -0.000206841 -0.436987 -28.9049 
-0.425282 0.0277701 0.904635 91.2794 0.0126288 0.999614 -0.0247488 -2.64199 -0.904973 0.000899206 -0.425469 -29.2777 
-0.415661 0.0285043 0.909073 92.114 0.00963605 0.999591 -0.0269365 -2.68257 -0.909469 -0.00243658 -0.415765 -29.6378 
-0.409089 0.0324062 0.911919 92.9451 0.00416123 0.999425 -0.0336491 -2.72786 -0.912485 -0.00997078 -0.408989 -29.981 
-0.404277 0.0368881 0.913892 93.7898 -0.00132373 0.999162 -0.0409155 -2.77927 -0.914636 -0.0177509 -0.403889 -30.3232 
-0.401104 0.0384637 0.915225 94.6144 -0.00424422 0.999029 -0.0438458 -2.82712 -0.916023 -0.0214712 -0.400552 -30.6596 
-0.397689 0.0378952 0.916737 95.4599 -0.00595733 0.999019 -0.0438808 -2.88319 -0.917501 -0.0229123 -0.397073 -31.0021 
-0.392641 0.037928 0.91891 96.2949 -0.00665771 0.999006 -0.0440787 -2.94214 -0.919668 -0.0234249 -0.391998 -31.3378 
-0.387046 0.0341554 0.921428 97.1536 -0.00909102 0.999124 -0.040854 -2.98558 -0.922016 -0.0241891 -0.386396 -31.6739 
-0.382003 0.0304591 0.923659 97.984 -0.00926382 0.99928 -0.0367841 -3.03776 -0.924115 -0.0226083 -0.381446 -31.9951 
-0.37666 0.0273804 0.925947 98.8307 -0.0125593 0.99932 -0.0346589 -3.08573 -0.926267 -0.0246838 -0.37606 -32.3148 
-0.371223 0.0254958 0.928194 99.6691 -0.020009 0.999171 -0.0354478 -3.13438 -0.928328 -0.0317313 -0.370405 -32.6154 
-0.365164 0.0253262 0.930599 100.512 -0.0277458 0.99889 -0.0380721 -3.18216 -0.93053 -0.0397227 -0.364056 -32.9151 
-0.358792 0.0293429 0.932956 101.347 -0.0259712 0.998805 -0.0414018 -3.2335 -0.933056 -0.0390847 -0.357601 -33.2146 
-0.351945 0.0327739 0.935447 102.186 -0.0237932 0.998751 -0.0439434 -3.2822 -0.935718 -0.0377229 -0.350725 -33.5123 
-0.345996 0.0305783 0.937738 103.035 -0.025302 0.998801 -0.0419051 -3.33482 -0.937895 -0.0382257 -0.344808 -33.794 
-0.339165 0.0256951 0.940376 103.89 -0.0259521 0.998991 -0.0366568 -3.38794 -0.940369 -0.0368374 -0.338156 -34.0812 
-0.332142 0.023245 0.942943 104.744 -0.0275897 0.999029 -0.0343457 -3.43644 -0.942826 -0.0374231 -0.331178 -34.3649 
-0.325828 0.0265779 0.945055 105.587 -0.0283558 0.99888 -0.0378678 -3.48046 -0.945004 -0.0391362 -0.324709 -34.639 
-0.319929 0.0294423 0.946984 106.473 -0.0281647 0.99878 -0.0405678 -3.51978 -0.947023 -0.0396504 -0.318709 -34.9049 
-0.313544 0.029956 0.949101 107.32 -0.0310674 0.998644 -0.0417831 -3.56287 -0.949065 -0.042587 -0.312188 -35.159 
-0.306664 0.0292675 0.951368 108.182 -0.03143 0.998671 -0.0408539 -3.61516 -0.951299 -0.0424299 -0.305336 -35.4158 
-0.298543 0.0291738 0.95395 109.053 -0.0271668 0.998868 -0.0390495 -3.66816 -0.954009 -0.0375738 -0.297412 -35.6686 
-0.290696 0.0300637 0.956343 109.864 -0.0245935 0.998941 -0.0388784 -3.7202 -0.956499 -0.0348216 -0.289649 -35.9214 
-0.284337 0.0307076 0.958232 110.722 -0.0235225 0.998963 -0.0389927 -3.76802 -0.958436 -0.0336271 -0.28332 -36.1532 
-0.277658 0.0294339 0.960229 111.586 -0.0294273 0.998801 -0.0391254 -3.81404 -0.960229 -0.0391204 -0.276459 -36.3726 
-0.271915 0.0275224 0.961928 112.453 -0.0333239 0.998722 -0.0379951 -3.86253 -0.961744 -0.0423866 -0.270651 -36.5868 
-0.267224 0.027766 0.963234 113.317 -0.0301806 0.998853 -0.0371655 -3.91225 -0.963162 -0.0390026 -0.26608 -36.8106 
-0.263002 0.0280752 0.964387 114.186 -0.0286308 0.998909 -0.0368882 -3.96018 -0.96437 -0.0373129 -0.261911 -37.0247 
-0.257959 0.0292929 0.965712 115.056 -0.0278444 0.9989 -0.0377373 -4.00791 -0.965755 -0.0366243 -0.256859 -37.2461 
-0.251956 0.0286362 0.967315 115.927 -0.0215578 0.999148 -0.0351937 -4.0526 -0.967498 -0.0297204 -0.251124 -37.4662 
-0.24666 0.02781 0.968703 116.795 -0.0139474 0.999383 -0.0322421 -4.0953 -0.969002 -0.0214638 -0.24612 -37.6814 
-0.241705 0.0269342 0.969976 117.663 -0.0118856 0.999458 -0.0307146 -4.14241 -0.970277 -0.0189527 -0.241254 -37.8843 
-0.23782 0.028349 0.970896 118.536 -0.0139824 0.999371 -0.0326054 -4.18655 -0.971209 -0.0213297 -0.237274 -38.0764 
-0.234266 0.030164 0.971705 119.404 -0.0157776 0.999269 -0.0348233 -4.22675 -0.972045 -0.0234891 -0.233618 -38.2667 
-0.232545 0.0295138 0.972138 120.275 -0.017988 0.999238 -0.0346394 -4.27247 -0.972419 -0.0255421 -0.231837 -38.4551 
-0.231742 0.0283955 0.972363 121.144 -0.0185058 0.999264 -0.0335915 -4.31583 -0.972601 -0.0257789 -0.231046 -38.6382 
-0.230383 0.0239937 0.972804 122.012 -0.016775 0.99945 -0.0286235 -4.36023 -0.972956 -0.0229132 -0.229853 -38.8341 
-0.229525 0.0184767 0.973127 122.883 -0.0179862 0.999569 -0.023221 -4.40375 -0.973137 -0.0228326 -0.229093 -39.0178 
-0.228848 0.0164656 0.973323 123.744 -0.0172844 0.999631 -0.0209745 -4.44586 -0.973309 -0.0216233 -0.228479 -39.201 
-0.227606 0.0215152 0.973516 124.59 -0.0170477 0.999515 -0.0260755 -4.48053 -0.973604 -0.0225311 -0.227128 -39.3847 
-0.227292 0.0249614 0.973507 125.438 -0.0167271 0.999424 -0.0295313 -4.5222 -0.973683 -0.0229962 -0.226743 -39.5724 
-0.226845 0.0242421 0.973629 126.293 -0.0189238 0.999392 -0.0292925 -4.5653 -0.973747 -0.0250696 -0.226248 -39.7563 
-0.226582 0.0229256 0.973722 127.145 -0.0209923 0.999376 -0.0284144 -4.6144 -0.973766 -0.0268789 -0.225959 -39.9371 
-0.225831 0.0240435 0.97387 127.974 -0.0159703 0.99947 -0.0283788 -4.65262 -0.974036 -0.0219618 -0.225327 -40.1182 
-0.224986 0.0267107 0.973996 128.815 -0.0178628 0.999343 -0.031532 -4.68996 -0.974198 -0.0244926 -0.224361 -40.2976 
-0.225055 0.0272502 0.973965 129.648 -0.0259748 0.999086 -0.0339551 -4.73533 -0.974 -0.0329403 -0.224142 -40.462 
-0.225042 0.0282258 0.97394 130.475 -0.0322572 0.998817 -0.0364001 -4.78184 -0.973815 -0.0396082 -0.223865 -40.6206 
-0.224594 0.0314656 0.973944 131.286 -0.0288895 0.998824 -0.0389314 -4.83204 -0.974024 -0.0368805 -0.223421 -40.7942 
-0.224251 0.032103 0.974003 132.089 -0.0289375 0.998797 -0.0395826 -4.88597 -0.974102 -0.0370617 -0.223052 -40.9557 
-0.222863 0.0331879 0.974285 132.905 -0.0304841 0.998694 -0.0409924 -4.92933 -0.974373 -0.0388358 -0.22156 -41.1202 
-0.221015 0.032907 0.974715 133.724 -0.021421 0.999026 -0.0385849 -4.97868 -0.975035 -0.0294073 -0.220095 -41.2938 
-0.217804 0.0298526 0.975536 134.531 -0.0162655 0.999282 -0.0342108 -5.02504 -0.975857 -0.0233188 -0.217163 -41.4678 
-0.215896 0.0251468 0.976092 135.337 -0.0121999 0.999521 -0.0284488 -5.06941 -0.97634 -0.0180502 -0.215486 -41.6319 
-0.212524 0.0246089 0.976846 136.117 -0.00967906 0.999581 -0.0272874 -5.11159 -0.977108 -0.0152542 -0.212197 -41.7892 
-0.20792 0.0296269 0.977697 136.909 -0.00975677 0.999429 -0.0323603 -5.15408 -0.978097 -0.0162675 -0.207512 -41.9381 
-0.201605 0.0327234 0.97892 137.689 -0.00831555 0.999349 -0.0351188 -5.19236 -0.979432 -0.0152204 -0.201202 -42.083 
-0.193601 0.0335199 0.980508 138.475 -0.00996648 0.999297 -0.0361301 -5.22777 -0.98103 -0.016767 -0.193131 -42.2157 
-0.183607 0.0293721 0.982561 139.283 -0.00665027 0.999494 -0.031121 -5.26925 -0.982977 -0.0122483 -0.183319 -42.3644 
-0.172067 0.0280772 0.984685 140.074 -0.00320315 0.999573 -0.0290614 -5.31079 -0.98508 -0.0081546 -0.171904 -42.4863 
-0.158143 0.0306599 0.98694 140.854 0.000714778 0.999521 -0.0309362 -5.34691 -0.987416 -0.00418692 -0.15809 -42.6026 
-0.144915 0.0315305 0.988942 141.587 -0.00138288 0.999485 -0.0320692 -5.38612 -0.989443 -0.00601489 -0.144796 -42.6827 
-0.130865 0.0311648 0.99091 142.382 -0.000782882 0.999502 -0.0315383 -5.43062 -0.9914 -0.00490302 -0.130775 -42.7761 
-0.117441 0.033242 0.992523 143.17 -0.000460172 0.999438 -0.033528 -5.4675 -0.99308 -0.00439428 -0.117359 -42.8544 
-0.103645 0.0393448 0.993836 143.941 -0.00358253 0.999196 -0.0399306 -5.51802 -0.994608 -0.00769905 -0.103421 -42.9144 
-0.0914188 0.0485242 0.99463 144.707 -0.0106871 0.998707 -0.0497053 -5.56245 -0.995755 -0.0151737 -0.090782 -42.9507 
-0.0776122 0.0559841 0.995411 145.466 -0.0144194 0.998255 -0.0572683 -5.61472 -0.996879 -0.018798 -0.0766695 -42.9866 
-0.0639009 0.0567428 0.996342 146.226 -0.0143653 0.998227 -0.0577714 -5.66163 -0.997853 -0.0180043 -0.0629724 -43.0238 
-0.0525199 0.0531392 0.997205 147.003 -0.0198868 0.99833 -0.0542464 -5.70904 -0.998422 -0.0226803 -0.0513754 -43.0364 
-0.0420957 0.0505076 0.997836 147.771 -0.0237202 0.998389 -0.0515363 -5.76663 -0.998832 -0.0258384 -0.0408298 -43.0414 
-0.0329071 0.0567454 0.997846 148.526 -0.0272619 0.997965 -0.0576512 -5.82398 -0.999087 -0.0291003 -0.0312931 -43.0444 
-0.0262608 0.064826 0.997551 149.278 -0.0312549 0.997354 -0.065636 -5.87518 -0.999166 -0.032902 -0.0241652 -43.0445 
-0.0232963 0.0675942 0.997441 150.028 -0.0351959 0.997038 -0.0683889 -5.92729 -0.999109 -0.036699 -0.0208482 -43.037 
-0.0229864 0.0629352 0.997753 150.789 -0.0367515 0.997289 -0.0637526 -5.9872 -0.99906 -0.0381344 -0.0206111 -43.0384 
-0.0251165 0.0581448 0.997992 151.536 -0.0387124 0.997502 -0.0590905 -6.05392 -0.998935 -0.0401189 -0.0228028 -43.0354 
-0.0279963 0.0552072 0.998082 152.278 -0.0379388 0.997696 -0.05625 -6.10362 -0.998888 -0.0394408 -0.0258373 -43.0422 
-0.0309065 0.055665 0.997971 153.02 -0.0362002 0.997731 -0.0567727 -6.15321 -0.998867 -0.0378814 -0.0288213 -43.0539 
-0.0345498 0.0554717 0.997862 153.754 -0.0347605 0.997788 -0.056671 -6.21141 -0.998798 -0.0366442 -0.0325452 -43.0691 
-0.0392496 0.0539664 0.997771 154.494 -0.0362109 0.997808 -0.0553928 -6.26503 -0.998573 -0.0383044 -0.0372094 -43.0808 
-0.0444541 0.0544586 0.997526 155.235 -0.0365974 0.997754 -0.056102 -6.31132 -0.998341 -0.0390008 -0.0423612 -43.1002 
-0.0503007 0.0526191 0.997347 155.978 -0.0368425 0.997834 -0.0545029 -6.35814 -0.998054 -0.0394863 -0.0482531 -43.1245 
-0.0561345 0.0500238 0.997169 156.718 -0.0345915 0.998047 -0.0520151 -6.41258 -0.997824 -0.0374134 -0.0542945 -43.1561 
-0.0614999 0.0499578 0.996856 157.441 -0.0354103 0.998009 -0.0522001 -6.46192 -0.997479 -0.0385093 -0.0596084 -43.1903 
-0.0671917 0.0513678 0.996417 158.168 -0.0369137 0.997862 -0.0539315 -6.50868 -0.997057 -0.0404052 -0.0651519 -43.2203 
-0.0708083 0.0535082 0.996054 158.886 -0.0372636 0.997721 -0.0562468 -6.56099 -0.996794 -0.0410993 -0.068653 -43.2613 
-0.0732556 0.0561192 0.995733 159.606 -0.0380993 0.997529 -0.0590233 -6.61073 -0.996585 -0.0422606 -0.0709365 -43.304 
-0.0746428 0.0580712 0.995518 160.329 -0.0353492 0.997522 -0.0608384 -6.65844 -0.996584 -0.0397319 -0.072405 -43.3504 
-0.0738403 0.0563378 0.995678 161.045 -0.0312175 0.997783 -0.0587721 -6.71168 -0.996781 -0.0354223 -0.0719179 -43.3949 
-0.0697964 0.0527773 0.996164 161.751 -0.0291965 0.998064 -0.0549236 -6.76843 -0.997134 -0.032918 -0.0681203 -43.4363 
-0.0623449 0.0528407 0.996655 162.455 -0.0282233 0.998105 -0.054683 -6.82124 -0.997656 -0.0315381 -0.0607354 -43.4658 
-0.0511941 0.0535027 0.997255 163.149 -0.025916 0.998157 -0.0548815 -6.87497 -0.998352 -0.0286545 -0.0497132 -43.4856 
-0.0365183 0.0538316 0.997882 163.845 -0.0236234 0.998223 -0.0547144 -6.92125 -0.999054 -0.0255715 -0.0351817 -43.5005 
-0.021487 0.0511796 0.998458 164.538 -0.0248051 0.998354 -0.051708 -6.96883 -0.999461 -0.0258779 -0.0201821 -43.4942 
-0.00532474 0.0461614 0.99892 165.226 -0.0295904 0.998489 -0.0462992 -7.01407 -0.999548 -0.029805 -0.00395076 -43.4735 
0.0115932 0.0387987 0.99918 165.918 -0.0307872 0.998787 -0.0384262 -7.06065 -0.999459 -0.0303165 0.0127737 -43.4467 
0.0288109 0.0316083 0.999085 166.599 -0.0317306 0.999025 -0.0306914 -7.09462 -0.999081 -0.0308173 0.0297858 -43.4086 
0.0463767 0.0237171 0.998642 167.277 -0.0313253 0.999261 -0.022277 -7.13 -0.998433 -0.0302497 0.0470854 -43.3571 
0.0636224 0.0179367 0.997813 167.952 -0.0346956 0.999274 -0.0157507 -7.1649 -0.997371 -0.0336176 0.0641985 -43.286 
0.081499 0.0157419 0.996549 168.611 -0.0352802 0.999294 -0.0129 -7.18938 -0.996049 -0.0341071 0.0819969 -43.2097 
0.0992506 0.014415 0.994958 169.26 -0.0338631 0.999365 -0.0111009 -7.2076 -0.994486 -0.0325906 0.0996757 -43.1249 
0.116508 0.0137924 0.993094 169.902 -0.034668 0.999351 -0.00981212 -7.22454 -0.992585 -0.0332854 0.11691 -43.0247 
0.132693 0.0125936 0.991077 170.531 -0.0401967 0.999165 -0.0073145 -7.24418 -0.990342 -0.0388674 0.133088 -42.9165 
0.147282 0.00886115 0.989055 171.159 -0.0414308 0.999138 -0.00278189 -7.25675 -0.988226 -0.0405676 0.147522 -42.7961 
0.159687 0.00481405 0.987156 171.798 -0.0378217 0.999284 0.00124505 -7.26947 -0.986443 -0.0375347 0.159754 -42.6784 
0.170646 0.0038493 0.985325 172.416 -0.0355403 0.999366 0.00225105 -7.27812 -0.984691 -0.0354029 0.170675 -42.5609 
0.180558 0.00775613 0.983534 173.02 -0.0400992 0.999196 -0.000518156 -7.28766 -0.982747 -0.0393453 0.180724 -42.4265 
0.189504 0.0147286 0.98177 173.62 -0.043881 0.999016 -0.00651728 -7.29939 -0.980899 -0.0418459 0.189964 -42.2804 
0.198675 0.024522 0.979759 174.22 -0.0437386 0.998913 -0.016132 -7.31867 -0.979089 -0.0396482 0.199532 -42.1418 
0.206998 0.0303834 0.97787 174.823 -0.0377256 0.999022 -0.0230547 -7.33145 -0.977614 -0.0321184 0.207942 -42.0074 
0.213508 0.0287108 0.976519 175.428 -0.03725 0.99908 -0.0212296 -7.34237 -0.976231 -0.0318427 0.214381 -41.8596 
0.219464 0.021279 0.975389 176.035 -0.0401385 0.999113 -0.0127653 -7.35981 -0.974795 -0.0363491 0.220123 -41.7064 
0.223687 0.0105675 0.974604 176.642 -0.0445399 0.999007 -0.000609494 -7.37832 -0.973643 -0.0432724 0.223935 -41.5417 
0.225729 0.00255527 0.974187 177.26 -0.0451196 0.998951 0.00783448 -7.39343 -0.973145 -0.0457234 0.225607 -41.3808 
0.226614 0.00165403 0.973983 177.857 -0.0413397 0.999114 0.00792173 -7.4095 -0.973107 -0.0420594 0.226481 -41.2292 
0.227834 0.00397454 0.973692 178.46 -0.0380745 0.999263 0.00483019 -7.41167 -0.972955 -0.0381733 0.227818 -41.0814 
0.229633 0.00357428 0.973271 179.072 -0.034972 0.999378 0.00458116 -7.41434 -0.972649 -0.0350892 0.229615 -40.9284 
0.231227 0.00159272 0.972899 179.686 -0.0368167 0.999297 0.00711425 -7.41148 -0.972203 -0.0374639 0.231123 -40.7635 
0.234128 -0.00242782 0.972203 180.303 -0.0367911 0.999259 0.0113555 -7.41639 -0.97151 -0.038427 0.233865 -40.6028 
0.23716 -0.00757873 0.971441 180.919 -0.0362055 0.999206 0.0166343 -7.4225 -0.970796 -0.0391165 0.236697 -40.4397 
0.241938 -0.0104363 0.970236 181.548 -0.0346458 0.999212 0.0193873 -7.4227 -0.969673 -0.0383051 0.241386 -40.2751 
0.248392 -0.0128608 0.968574 182.172 -0.0322982 0.999246 0.0215511 -7.42062 -0.968121 -0.0366363 0.247789 -40.1052 
0.256113 -0.0159503 0.966515 182.798 -0.0308898 0.999218 0.0246754 -7.41787 -0.966153 -0.0361751 0.25542 -39.926 
0.265893 -0.0176064 0.963842 183.43 -0.0284291 0.999255 0.026096 -7.41111 -0.963583 -0.0343399 0.265194 -39.738 
0.27715 -0.0158954 0.960695 184.053 -0.0296659 0.999245 0.0250916 -7.41283 -0.960369 -0.035454 0.276469 -39.5408 
0.28889 -0.0121839 0.957285 184.68 -0.0305166 0.999294 0.0219279 -7.40724 -0.956876 -0.0355478 0.288315 -39.3315 
0.300757 -0.00954606 0.953653 185.307 -0.0311235 0.999319 0.0198187 -7.4044 -0.953193 -0.0356416 0.300255 -39.1114 
0.312296 -0.00928022 0.94994 185.927 -0.0293339 0.999381 0.0194069 -7.39706 -0.949532 -0.0339261 0.31183 -38.8872 
0.323705 -0.0125286 0.946075 186.564 -0.0282945 0.999337 0.0229151 -7.3918 -0.945735 -0.0341865 0.323136 -38.6526 
0.334768 -0.0143915 0.942191 187.196 -0.0288912 0.999257 0.0255284 -7.38853 -0.941858 -0.0357671 0.334104 -38.4016 
0.346061 -0.0148987 0.938094 187.831 -0.0307499 0.999157 0.0272121 -7.38184 -0.937708 -0.0382633 0.345311 -38.1413 
0.355522 -0.0161825 0.934528 188.477 -0.0343047 0.998951 0.0303486 -7.36998 -0.934038 -0.0428483 0.354594 -37.8649 
0.362746 -0.0154774 0.93176 189.111 -0.0378358 0.998793 0.0313208 -7.36217 -0.93112 -0.0466153 0.361723 -37.5948 
0.367421 -0.0185346 0.92987 189.762 -0.0379979 0.998668 0.0349201 -7.35255 -0.929278 -0.0481634 0.366227 -37.3237 
0.369857 -0.0225504 0.928815 190.42 -0.0346073 0.998677 0.0380274 -7.33844 -0.928444 -0.0462085 0.368587 -37.0545 
0.369974 -0.0216697 0.928789 191.08 -0.030293 0.998915 0.0353728 -7.32128 -0.928548 -0.0412228 0.368916 -36.7841 
0.369016 -0.0213394 0.929178 191.757 -0.0289576 0.998987 0.0344429 -7.30917 -0.928972 -0.0396167 0.368024 -36.5058 
0.368252 -0.0198948 0.929513 192.434 -0.0252683 0.999188 0.0313969 -7.2893 -0.929382 -0.0350492 0.367451 -36.2275 
0.367688 -0.0216574 0.929697 193.119 -0.0225316 0.999228 0.0321883 -7.27175 -0.929676 -0.0327828 0.366916 -35.946 
0.366888 -0.0267809 0.92988 193.807 -0.0195765 0.999142 0.0364998 -7.25228 -0.930059 -0.0315951 0.366048 -35.665 
0.365265 -0.0299106 0.930423 194.493 -0.0198447 0.999006 0.0399061 -7.24145 -0.930692 -0.0330402 0.364308 -35.379 
0.363757 -0.0322855 0.930934 195.188 -0.0192086 0.998927 0.0421492 -7.22522 -0.931296 -0.033214 0.362746 -35.0985 
0.362153 -0.0316706 0.931581 195.875 -0.0207746 0.9989 0.0420355 -7.19833 -0.931887 -0.0345765 0.361097 -34.8134 
0.359847 -0.0320408 0.932461 196.569 -0.0224658 0.998823 0.042991 -7.17905 -0.932741 -0.0364186 0.358704 -34.528 
0.358185 -0.0306563 0.933147 197.266 -0.0236176 0.998844 0.0418802 -7.16197 -0.933352 -0.0370396 0.357046 -34.2485 
0.356616 -0.0270129 0.93386 197.962 -0.0232065 0.999017 0.0377597 -7.147 -0.933963 -0.0351373 0.355639 -33.9687 
0.355688 -0.0209821 0.934369 198.647 -0.0235037 0.999231 0.0313858 -7.1297 -0.934309 -0.0331246 0.354922 -33.6924 
0.35493 -0.0180902 0.934718 199.34 -0.0261209 0.999231 0.0292575 -7.11521 -0.934528 -0.0348 0.354184 -33.4178 
0.353785 -0.0202917 0.935107 200.039 -0.0278781 0.999092 0.0322275 -7.10039 -0.934911 -0.0374706 0.352898 -33.142 
0.352591 -0.0239466 0.935471 200.73 -0.0287051 0.998925 0.0363903 -7.09085 -0.935337 -0.0396836 0.351524 -32.8673 
0.350884 -0.0230638 0.936135 201.413 -0.032038 0.998816 0.0366167 -7.07464 -0.935871 -0.0428401 0.349729 -32.6109 
0.345999 -0.0229314 0.937955 202.11 -0.0347007 0.998705 0.0372173 -7.06036 -0.937593 -0.0454248 0.344755 -32.335 
0.339719 -0.024263 0.940214 202.781 -0.034654 0.998666 0.0382927 -7.04882 -0.939888 -0.045591 0.338425 -32.1001 
0.330399 -0.0247945 0.943516 203.483 -0.0343699 0.998676 0.0382797 -7.03745 -0.943215 -0.0450761 0.329109 -31.8388 
0.319987 -0.0235601 0.947129 204.181 -0.0319392 0.998854 0.0356375 -7.03192 -0.946883 -0.0416541 0.318868 -31.5921 
0.309339 -0.0203457 0.950734 204.877 -0.0329303 0.998942 0.0320919 -7.0201 -0.950382 -0.0412353 0.308342 -31.3634 
0.297856 -0.0203884 0.954393 205.581 -0.0359789 0.998822 0.0325662 -7.00182 -0.953933 -0.0440381 0.296772 -31.1318 
0.28704 -0.0286022 0.957492 206.293 -0.0311807 0.998746 0.0391821 -6.98952 -0.957411 -0.0411021 0.285788 -30.9205 
0.278072 -0.0370064 0.959847 207.009 -0.0271115 0.998557 0.0463532 -6.97422 -0.960177 -0.0389124 0.276668 -30.7081 
0.271321 -0.0425408 0.961548 207.722 -0.0266149 0.998309 0.0516772 -6.95366 -0.962121 -0.0396126 0.26973 -30.5035 
0.266969 -0.0434809 0.962724 208.432 -0.0323141 0.998016 0.0540359 -6.92741 -0.963163 -0.0455355 0.265035 -30.2877 
0.264385 -0.045313 0.963352 209.147 -0.0314578 0.997959 0.0555742 -6.90091 -0.963904 -0.0449979 0.26242 -30.0825 
0.26271 -0.0462872 0.963764 209.865 -0.0303804 0.997957 0.0562108 -6.87235 -0.964396 -0.0440467 0.260767 -29.8744 
0.261898 -0.0442161 0.964082 210.577 -0.0309657 0.998051 0.054186 -6.84547 -0.964599 -0.0440446 0.260018 -29.6649 
0.260873 -0.0420753 0.964456 211.299 -0.0347599 0.997993 0.0529405 -6.81292 -0.964747 -0.0473352 0.258887 -29.4434 
0.261467 -0.0428449 0.964261 212.029 -0.0347651 0.997948 0.0537686 -6.78189 -0.964586 -0.0475814 0.259441 -29.2323 
0.26339 -0.0442492 0.963674 212.755 -0.0354119 0.997831 0.0554963 -6.75706 -0.964039 -0.0487426 0.261251 -29.0243 
0.264825 -0.0461143 0.963193 213.482 -0.0338612 0.997795 0.0570809 -6.73169 -0.963702 -0.0477313 0.26268 -28.8141 
0.266358 -0.0470265 0.962726 214.217 -0.0303821 0.997903 0.0571507 -6.70238 -0.963395 -0.0444721 0.26437 -28.6029 
0.269703 -0.0481043 0.961741 214.96 -0.0295101 0.997869 0.058187 -6.66293 -0.962491 -0.0440743 0.267708 -28.3838 
0.273511 -0.0496035 0.960589 215.703 -0.0312046 0.997686 0.0604041 -6.6315 -0.961363 -0.046496 0.27133 -28.1508 
0.278865 -0.0537492 0.958825 216.449 -0.0320774 0.997354 0.0652385 -6.59422 -0.959794 -0.0489494 0.276403 -27.9172 
0.284061 -0.0574469 0.957084 217.199 -0.0327227 0.997041 0.0695573 -6.5546 -0.958248 -0.0510769 0.28134 -27.6784 
0.288177 -0.0576944 0.955838 217.945 -0.0331951 0.996982 0.0701859 -6.51826 -0.957002 -0.051955 0.285392 -27.4357 
0.292737 -0.0532061 0.954712 218.686 -0.0386564 0.996976 0.0674145 -6.48447 -0.955411 -0.0566404 0.289794 -27.1889 
0.29733 -0.0472567 0.953605 219.426 -0.0434134 0.997072 0.0629469 -6.43794 -0.953787 -0.0601152 0.294408 -26.9358 
0.301918 -0.0440789 0.952314 220.166 -0.0470014 0.997028 0.0610497 -6.39482 -0.952175 -0.0631921 0.298948 -26.6777 
0.306106 -0.0445068 0.950957 220.908 -0.0488517 0.996856 0.0623801 -6.36424 -0.950743 -0.0655508 0.302969 -26.418 
0.310617 -0.0421937 0.949598 221.673 -0.0501246 0.996897 0.0606913 -6.32963 -0.949213 -0.0664499 0.307538 -26.161 
0.314576 -0.0391448 0.948425 222.411 -0.0507718 0.997025 0.0579909 -6.29165 -0.947874 -0.0663957 0.311652 -25.9041 
0.319428 -0.038536 0.946827 223.159 -0.0511839 0.997013 0.0578464 -6.25619 -0.946227 -0.0669401 0.316502 -25.6375 
0.323845 -0.039906 0.945268 223.914 -0.0514272 0.996891 0.0597041 -6.22321 -0.944711 -0.0679474 0.320786 -25.36 
0.328399 -0.040498 0.943671 224.656 -0.0470242 0.997141 0.0591572 -6.19278 -0.943368 -0.0638025 0.325555 -25.0942 
0.332613 -0.0402549 0.942204 225.393 -0.0440709 0.997334 0.0581681 -6.16244 -0.942033 -0.0608712 0.329952 -24.8201 
0.336624 -0.0380845 0.940869 226.132 -0.0450415 0.997387 0.0564872 -6.12937 -0.940561 -0.0613931 0.334029 -24.5377 
0.341161 -0.0384826 0.939217 226.872 -0.0493891 0.997048 0.0587922 -6.0945 -0.938707 -0.0664447 0.338253 -24.2424 
0.345841 -0.0387973 0.937491 227.621 -0.0522231 0.9968 0.060517 -6.06157 -0.936839 -0.0698879 0.342708 -23.946 
0.34996 -0.0363779 0.936058 228.357 -0.0492332 0.99715 0.0571587 -6.03286 -0.93547 -0.0660884 0.347172 -23.657 
0.354061 -0.0297159 0.93475 229.085 -0.0478774 0.997609 0.049849 -6.00441 -0.933996 -0.062403 0.351792 -23.3722 
0.357147 -0.0229846 0.933766 229.815 -0.0544059 0.997488 0.0453624 -5.96958 -0.932463 -0.0670034 0.354999 -23.0635 
0.360681 -0.0243986 0.93237 230.554 -0.0597171 0.997003 0.0491912 -5.93941 -0.930776 -0.0734208 0.358143 -22.7591 
0.362793 -0.034696 0.931224 231.285 -0.0590092 0.996446 0.0601154 -5.90984 -0.93 -0.0767602 0.359456 -22.4487 
0.364676 -0.0469263 0.929951 232.031 -0.0555891 0.995851 0.0720508 -5.86751 -0.929474 -0.0779704 0.360555 -22.147 
0.366576 -0.0546975 0.928779 232.76 -0.0564624 0.995123 0.0808896 -5.82287 -0.928673 -0.0820932 0.3617 -21.8436 
0.368506 -0.0564805 0.927908 233.494 -0.0584417 0.994771 0.0837597 -5.77962 -0.927786 -0.0850944 0.363278 -21.528 
0.371357 -0.0519821 0.927034 234.22 -0.0579713 0.995186 0.0790262 -5.73453 -0.926679 -0.0830883 0.366556 -21.2217 
0.375754 -0.0462257 0.925566 234.971 -0.0562867 0.995773 0.072583 -5.68383 -0.925009 -0.0793703 0.371564 -20.9148 
0.380612 -0.0419933 0.923781 235.705 -0.0556578 0.996117 0.0682134 -5.63906 -0.923059 -0.0773785 0.376796 -20.605 
0.384807 -0.0396295 0.922146 236.439 -0.0545408 0.996356 0.0655784 -5.59381 -0.921384 -0.0755296 0.381243 -20.2889 
0.388738 -0.037515 0.920584 237.15 -0.0536285 0.996555 0.0632568 -5.55451 -0.919786 -0.0739599 0.385387 -19.9674 
0.392676 -0.0390402 0.918848 237.878 -0.0521424 0.996546 0.0646249 -5.51452 -0.918197 -0.0732875 0.389284 -19.6401 
0.395851 -0.0440074 0.91726 238.599 -0.0506857 0.996281 0.0696725 -5.47387 -0.916915 -0.0740719 0.392149 -19.3103 
0.398937 -0.0498215 0.915624 239.331 -0.0487706 0.995957 0.075442 -5.42926 -0.915681 -0.0747521 0.394894 -18.9777 
0.401395 -0.0555144 0.914221 240.067 -0.0470246 0.995596 0.0811023 -5.38109 -0.914697 -0.0755449 0.397017 -18.6449 
0.403394 -0.0608245 0.913003 240.798 -0.0451354 0.995251 0.0862463 -5.32826 -0.913913 -0.076 0.398733 -18.3057 
0.4048 -0.0674614 0.911913 241.537 -0.0438699 0.994694 0.0930593 -5.27183 -0.913352 -0.0776759 0.399693 -17.9621 
0.406605 -0.0679972 0.91107 242.276 -0.0442995 0.994586 0.094001 -5.21419 -0.91253 -0.0785812 0.401391 -17.6212 
0.40839 -0.0570004 0.911026 242.995 -0.0529664 0.994887 0.0859909 -5.16782 -0.911269 -0.0833716 0.403283 -17.2709 
0.409043 -0.0433925 0.911483 243.712 -0.0547989 0.995898 0.0720032 -5.11594 -0.910868 -0.0794006 0.404987 -16.9285 
0.409906 -0.0353953 0.911441 244.436 -0.054755 0.99649 0.0633233 -5.06009 -0.910483 -0.0758625 0.406529 -16.5892 
0.409749 -0.0378983 0.911411 245.18 -0.0546582 0.996321 0.0660021 -5.01619 -0.91056 -0.0768603 0.40617 -16.2419 
