1 -4.23778e-08 4.22719e-08 0 -4.23778e-08 1 -4.19404e-08 0 4.22719e-08 -4.19404e-08 1 0 
0.99999 -0.00275361 -0.00346576 -0.00564413 0.00274624 0.999994 -0.00210505 -0.00470572 0.00347162 0.00209543 0.999992 0.68227 
0.99997 -0.00138587 -0.00763744 -0.0209611 0.00135723 0.999992 -0.00374271 -0.00648609 0.00764265 0.00373214 0.999964 1.38044 
0.999932 -0.00120987 -0.011568 -0.0432853 0.0011479 0.999985 -0.00535485 -0.00926985 0.0115744 0.00534113 0.999919 2.09771 
0.999862 0.000163656 -0.0166345 -0.0658801 -0.000262176 0.999982 -0.00591557 -0.0155777 0.0166333 0.00591903 0.999844 2.83075 
0.999773 -0.00100579 -0.021288 -0.0877754 0.000879948 0.999982 -0.0059162 -0.0261695 0.0212936 0.00589603 0.999756 3.57783 
0.999663 0.000674585 -0.025939 -0.120495 -0.000861528 0.999974 -0.00719326 -0.0340083 0.0259336 0.0072131 0.999638 4.34313 
0.999515 0.00323671 -0.0309779 -0.157658 -0.00347889 0.999964 -0.00776447 -0.0431251 0.0309517 0.00786839 0.99949 5.12301 
0.999364 0.00344469 -0.0354988 -0.195328 -0.00367029 0.999973 -0.0062894 -0.0520838 0.0354763 0.00641561 0.99935 5.91647 
0.999194 0.00276278 -0.0400488 -0.236793 -0.0029087 0.999989 -0.00358381 -0.0620963 0.0400386 0.00369732 0.999191 6.71793 
0.99905 0.00237204 -0.0435111 -0.281387 -0.00241475 0.999997 -0.00092709 -0.0711507 0.0435089 0.00103119 0.999052 7.53218 
0.998917 0.00377757 -0.0463824 -0.332652 -0.00385124 0.999991 -0.00149709 -0.079228 0.0463764 0.00167401 0.998923 8.35564 
0.9988 0.00323548 -0.048876 -0.382035 -0.00333344 0.999993 -0.00192113 -0.0831256 0.0488695 0.00208166 0.998803 9.18635 
0.998718 0.000377195 -0.0506255 -0.42946 -0.000500615 0.999997 -0.00242363 -0.0901696 0.0506245 0.00244578 0.998715 10.0206 
0.998608 0.000352139 -0.0527514 -0.486177 -0.00043282 0.999999 -0.00151648 -0.100813 0.0527508 0.00153711 0.998606 10.8662 
0.998524 -0.00114162 -0.0542981 -0.541249 0.0010429 0.999998 -0.00184486 -0.108851 0.0543002 0.00178542 0.998523 11.7213 
0.99843 0.00115322 -0.0560007 -0.605472 -0.00139015 0.99999 -0.0041905 -0.120676 0.0559955 0.00426168 0.998422 12.5811 
0.998344 0.00150586 -0.0574967 -0.666804 -0.00189812 0.999975 -0.00676687 -0.131127 0.0574852 0.00686472 0.998323 13.4524 
0.998231 0.00537386 -0.0592052 -0.737162 -0.00587493 0.999948 -0.00829101 -0.143406 0.0591577 0.00862408 0.998211 14.3333 
0.998169 0.00626026 -0.0601636 -0.805842 -0.00674785 0.999946 -0.00790318 -0.157037 0.060111 0.0082946 0.998157 15.2233 
0.998088 0.00514119 -0.0615912 -0.871988 -0.00553972 0.999965 -0.00630016 -0.170779 0.0615567 0.00662923 0.998081 16.1191 
0.997996 0.00579787 -0.0630051 -0.940187 -0.00611403 0.99997 -0.0048251 -0.184188 0.0629753 0.00520056 0.998001 17.0204 
0.997932 0.00514003 -0.0640676 -1.00901 -0.00545317 0.999974 -0.00471254 -0.197796 0.0640418 0.00505208 0.997934 17.925 
0.997819 0.00473437 -0.0658437 -1.07833 -0.00511409 0.999971 -0.0055983 -0.211081 0.0658154 0.00592274 0.997814 18.8316 
0.997747 0.00323853 -0.067013 -1.14857 -0.00367323 0.999973 -0.00636338 -0.222879 0.0669906 0.00659511 0.997732 19.7471 
0.997716 0.00327425 -0.067462 -1.22375 -0.003604 0.999982 -0.00476552 -0.233222 0.0674453 0.00499768 0.99771 20.669 
0.997705 0.0045056 -0.0675625 -1.29915 -0.0046056 0.999988 -0.00132316 -0.246865 0.0675559 0.0016312 0.997714 21.5996 
0.997759 0.00540358 -0.0666956 -1.37442 -0.00525367 0.999983 0.00242406 -0.257485 0.0667077 -0.00206832 0.99777 22.5395 
0.997875 0.00453885 -0.0649997 -1.44825 -0.00420961 0.999978 0.00520255 -0.261272 0.0650219 -0.00491795 0.997872 23.4765 
0.997963 0.00451215 -0.0636325 -1.51755 -0.00414315 0.999974 0.0059309 -0.267348 0.0636577 -0.00565527 0.997956 24.421 
0.998048 0.00492762 -0.062258 -1.58853 -0.00474352 0.999984 0.00310591 -0.273639 0.0622723 -0.00280461 0.998055 25.3668 
0.998106 0.00562131 -0.061261 -1.66373 -0.00573513 0.999982 -0.00168094 -0.281866 0.0612506 0.00202901 0.99812 26.3123 
0.99818 0.00475893 -0.060123 -1.73133 -0.00504571 0.999977 -0.00461753 -0.29201 0.0600997 0.0049124 0.99818 27.2658 
0.998235 0.00208791 -0.0593504 -1.80138 -0.00230363 0.999991 -0.00356497 -0.302071 0.0593425 0.00369531 0.998231 28.2363 
0.998211 0.000207894 -0.0597869 -1.86705 -0.000127799 0.999999 0.00134487 -0.31146 0.0597872 -0.00133491 0.99821 29.214 
0.998152 -0.00384021 -0.0606427 -1.93268 0.00414784 0.999979 0.00494913 -0.322957 0.0606225 -0.00519161 0.998147 30.1945 
0.998026 -0.0112919 -0.0617704 -1.99559 0.0115803 0.999924 0.00431302 -0.330945 0.0617171 -0.00501991 0.998081 31.1739 
0.997921 -0.0134044 -0.0630427 -2.06651 0.013465 0.999909 0.000536811 -0.339108 0.0630298 -0.00138465 0.998011 32.1448 
0.997827 -0.0135313 -0.0644888 -2.13954 0.0133313 0.999905 -0.0035301 -0.345901 0.0645305 0.00266262 0.997912 33.1241 
0.997701 -0.0119214 -0.0667079 -2.21958 0.0116673 0.999923 -0.00419512 -0.358915 0.0667529 0.00340708 0.997764 34.1116 
0.997661 -0.0119596 -0.0672937 -2.29812 0.0117959 0.999926 -0.0028292 -0.371989 0.0673227 0.00202871 0.997729 35.0968 
0.9976 -0.00873578 -0.0686861 -2.38582 0.00873837 0.999962 -0.000261486 -0.383849 0.0686858 -0.000339433 0.997638 36.0931 
0.997528 -0.00888822 -0.0697065 -2.47026 0.0089851 0.999959 0.00107753 -0.39758 0.0696942 -0.00170128 0.997567 37.0877 
0.997466 -0.00749263 -0.0707487 -2.55801 0.00777177 0.999963 0.00367216 -0.410035 0.0707186 -0.00421279 0.997487 38.0842 
0.997493 -0.00749331 -0.0703705 -2.64066 0.00798685 0.999945 0.00673584 -0.421565 0.0703163 -0.00728108 0.997498 39.0781 
0.997465 -0.00160934 -0.0711336 -2.73192 0.00225273 0.999957 0.00896666 -0.425947 0.0711163 -0.00910426 0.997426 40.0764 
0.997455 -0.00171759 -0.0712789 -2.82025 0.00231948 0.999962 0.00836341 -0.433442 0.0712619 -0.00850755 0.997421 41.0774 
0.997465 -0.00162113 -0.0711352 -2.90352 0.00210624 0.999975 0.00674627 -0.442038 0.0711226 -0.00687909 0.997444 42.0825 
0.997461 0.000615396 -0.0712089 -2.99323 -0.000292136 0.99999 0.00455107 -0.448242 0.0712111 -0.0045188 0.997451 43.0864 
0.997394 0.000191323 -0.072145 -3.07461 0.000133878 0.99999 0.00450387 -0.455832 0.0721452 -0.00450188 0.997384 44.0797 
0.997291 -0.00167715 -0.0735392 -3.15709 0.0021013 0.999982 0.00569176 -0.463103 0.0735284 -0.00583096 0.997276 45.0724 
0.997231 -0.00123492 -0.0743571 -3.24308 0.00174211 0.999976 0.00675762 -0.473674 0.074347 -0.00686853 0.997209 46.0626 
0.997212 0.00125199 -0.0746138 -3.33107 -0.00101978 0.999994 0.00315132 -0.483808 0.0746174 -0.00306653 0.997207 47.0372 
0.997142 0.00180245 -0.0755243 -3.42042 -0.0018898 0.999998 -0.00108405 -0.491649 0.0755222 0.00122359 0.997143 48.0049 
0.997089 0.00264844 -0.0762018 -3.50717 -0.0028322 0.999993 -0.00230254 -0.504137 0.0761953 0.00251157 0.99709 48.9805 
0.997082 0.00153932 -0.0763157 -3.59315 -0.00145367 0.999998 0.00117887 -0.518461 0.0763175 -0.00106457 0.997083 49.9565 
0.997083 -0.000345634 -0.0763229 -3.68161 0.000673295 0.999991 0.00426846 -0.528524 0.0763208 -0.00430748 0.997074 50.9299 
0.99706 -0.00240002 -0.0765874 -3.76607 0.00279049 0.999984 0.0049928 -0.540372 0.0765742 -0.00519192 0.99705 51.8945 
0.997029 -0.00553586 -0.0768266 -3.84777 0.00584021 0.999976 0.00373855 -0.547271 0.0768042 -0.00417622 0.997037 52.857 
0.996974 -0.00836901 -0.0772766 -3.92654 0.00857895 0.99996 0.00238627 -0.556782 0.0772536 -0.00304209 0.997007 53.8179 
0.996871 -0.00988868 -0.0784202 -4.00944 0.0101978 0.999942 0.00354301 -0.566255 0.0783806 -0.00433172 0.996914 54.7686 
0.99675 -0.0130414 -0.0794995 -4.09271 0.013698 0.999876 0.00772139 -0.574798 0.079389 -0.00878537 0.996805 55.7246 
0.996681 -0.0139084 -0.0802084 -4.17835 0.0149702 0.999808 0.0126524 -0.577624 0.0800171 -0.0138112 0.996698 56.6795 
0.996663 -0.0122423 -0.0807053 -4.26956 0.013484 0.999799 0.0148595 -0.581434 0.0805072 -0.0158982 0.996627 57.631 
0.996568 -0.0111612 -0.0820268 -4.36233 0.0120923 0.999868 0.0108649 -0.585981 0.0818948 -0.0118195 0.996571 58.5628 
0.996469 -0.00980426 -0.0833817 -4.45503 0.0100888 0.999945 0.00299234 -0.58965 0.0833478 -0.00382308 0.996513 59.4811 
0.996419 -0.00803216 -0.0841689 -4.54541 0.00791297 0.999967 -0.00174863 -0.601119 0.0841803 0.00107625 0.99645 60.3886 
0.996356 -0.00297386 -0.0852366 -4.63963 0.00289276 0.999995 -0.00107407 -0.611308 0.0852395 0.000823504 0.99636 61.2934 
0.996237 -0.000454027 -0.0866724 -4.7332 0.000575371 0.999999 0.00137599 -0.62577 0.0866717 -0.00142077 0.996236 62.1921 
0.996151 0.00201386 -0.0876337 -4.82507 -0.00176473 0.999994 0.00292116 -0.641156 0.0876391 -0.00275535 0.996148 63.0766 
0.996047 0.00259534 -0.0887848 -4.91529 -0.00237358 0.999994 0.00260409 -0.649707 0.0887911 -0.00238315 0.996047 63.9451 
0.995896 0.00441071 -0.0904017 -5.00775 -0.00412751 0.999986 0.00332028 -0.660135 0.0904152 -0.00293361 0.9959 64.801 
0.995767 0.0051469 -0.091771 -5.09719 -0.00479673 0.99998 0.00403676 -0.674909 0.0917901 -0.00357956 0.995772 65.6394 
0.995634 0.00503898 -0.0932036 -5.18405 -0.00464407 0.999979 0.00445425 -0.684024 0.0932242 -0.00400205 0.995637 66.4652 
0.9955 0.00481241 -0.0946434 -5.26996 -0.00430808 0.999975 0.0055332 -0.692794 0.0946678 -0.00510065 0.995496 67.2732 
0.995342 0.00754034 -0.0961108 -5.36256 -0.00678668 0.999944 0.00816685 -0.699284 0.096167 -0.00747662 0.995337 68.0739 
0.995198 0.00908449 -0.0974617 -5.4524 -0.00794059 0.999895 0.0121192 -0.704302 0.0975616 -0.0112872 0.995165 68.863 
0.994992 0.012103 -0.09922 -5.54149 -0.0107902 0.999847 0.0137583 -0.709495 0.0993714 -0.0126189 0.99497 69.638 
0.994813 0.0146625 -0.100658 -5.62851 -0.0137577 0.999858 0.00967744 -0.717124 0.100785 -0.00824251 0.994874 70.3871 
0.994676 0.0146912 -0.102001 -5.71627 -0.0145208 0.999892 0.00241381 -0.727527 0.102026 -0.000919905 0.994781 71.1128 
0.994532 0.0137727 -0.103521 -5.80032 -0.0142073 0.999893 -0.00346108 -0.73354 0.103463 0.00491282 0.994621 71.8261 
0.9945 0.014705 -0.103696 -5.8896 -0.0152853 0.999872 -0.00480313 -0.737626 0.103612 0.00636165 0.994597 72.5196 
0.994355 0.0172946 -0.104681 -5.97663 -0.0175311 0.999845 -0.00133879 -0.750588 0.104642 0.00316633 0.994505 73.1982 
0.994195 0.0174851 -0.106162 -6.05433 -0.0174718 0.999847 0.00105543 -0.768832 0.106164 0.00080545 0.994348 73.8589 
0.994147 0.0143828 -0.107071 -6.1314 -0.0147174 0.999889 -0.0023351 -0.780603 0.107025 0.00389715 0.994249 74.4961 
0.994235 0.00627214 -0.10704 -6.19693 -0.0071064 0.999947 -0.00741355 -0.79295 0.106988 0.0081314 0.994227 75.1127 
0.994351 0.00227552 -0.106118 -6.26201 -0.00358356 0.99992 -0.0121365 -0.807655 0.106082 0.0124481 0.994279 75.7123 
0.994668 0.00461828 -0.103026 -6.33285 -0.00593185 0.999905 -0.0124463 -0.819453 0.102958 0.012991 0.994601 76.3006 
0.995038 0.00955432 -0.0990307 -6.40239 -0.0105535 0.999898 -0.00956959 -0.832449 0.0989293 0.0105671 0.995038 76.8728 
0.995478 0.00798628 -0.0946514 -6.4539 -0.00863179 0.999942 -0.00641149 -0.844546 0.0945948 0.00719942 0.99549 77.4349 
0.996016 0.00429235 -0.0890675 -6.49629 -0.00450773 0.999987 -0.00221628 -0.856501 0.089057 0.00260885 0.996023 77.9807 
0.996709 -0.000155345 -0.0810597 -6.53351 0.000270463 0.999999 0.0014102 -0.871927 0.0810595 -0.00142757 0.996708 78.5127 
0.997513 0.00353766 -0.0703864 -6.574 -0.00347095 0.999993 0.00107123 -0.878058 0.0703898 -0.000824349 0.997519 79.0279 
0.998434 0.00878527 -0.055246 -6.6088 -0.00876625 0.999961 0.000588117 -0.887773 0.0552491 -0.000102982 0.998473 79.5321 
0.999211 0.0137796 -0.0372569 -6.62962 -0.0137554 0.999905 0.000909986 -0.892695 0.037266 -0.00039687 0.999305 80.0252 
0.999809 0.012289 -0.015194 -6.62711 -0.0122681 0.999924 0.00146925 -0.897781 0.0152109 -0.00128265 0.999883 80.5059 
0.999898 0.00871639 0.0113115 -6.60906 -0.0087468 0.999958 0.00263447 -0.90772 -0.0112879 -0.00273322 0.999932 80.9713 
0.999136 0.00772903 0.0408431 -6.57268 -0.00790123 0.99996 0.00405436 -0.912405 -0.0408101 -0.00437365 0.999157 81.4276 
0.997244 0.007393 0.0738236 -6.52116 -0.00782113 0.999954 0.00551081 -0.919769 -0.0737794 -0.00607308 0.997256 81.8755 
0.99374 0.00733158 0.111473 -6.45309 -0.00807636 0.999948 0.00623037 -0.928326 -0.111422 -0.00709175 0.993748 82.3125 
0.98817 0.00759101 0.153177 -6.36452 -0.00865422 0.999943 0.00627489 -0.933035 -0.15312 -0.00752636 0.988179 82.7398 
0.98012 0.00729392 0.19827 -6.25422 -0.00873281 0.999941 0.00638333 -0.940518 -0.198211 -0.00798796 0.980127 83.1514 
0.96889 0.00960418 0.247303 -6.12844 -0.0110399 0.999929 0.00441924 -0.950587 -0.247243 -0.00701204 0.968928 83.546 
0.953722 0.010614 0.300501 -5.9805 -0.0116183 0.999931 0.00155508 -0.958506 -0.300464 -0.0049745 0.95378 83.9228 
0.934286 0.0109706 0.356355 -5.80908 -0.0115044 0.999934 -0.000621733 -0.964298 -0.356338 -0.00351885 0.93435 84.2816 
0.910333 0.0117695 0.413708 -5.61687 -0.0118026 0.999927 -0.0024762 -0.969783 -0.413707 -0.00262875 0.910406 84.6247 
0.881624 0.0118822 0.471802 -5.4057 -0.0111758 0.999928 -0.00429975 -0.976353 -0.47182 -0.00148204 0.881694 84.9468 
0.848479 0.0100674 0.529133 -5.17495 -0.0081284 0.999949 -0.00599125 -0.987954 -0.529166 0.000782394 0.848518 85.2419 
0.811742 0.00979478 0.583934 -4.92659 -0.00705136 0.999951 -0.00697085 -0.998664 -0.583973 0.00154095 0.811771 85.5247 
0.771773 0.0085132 0.635841 -4.6618 -0.00613102 0.999963 -0.00594683 -1.00847 -0.635868 0.000691205 0.771797 85.7926 
0.728726 0.00819069 0.684756 -4.38326 -0.00774073 0.999963 -0.00372339 -1.01543 -0.684761 -0.00258722 0.728763 86.046 
0.683036 0.00714668 0.73035 -4.09143 -0.00713758 0.99997 -0.00310993 -1.02386 -0.73035 -0.00308878 0.683066 86.2768 
0.636026 0.00594906 0.771645 -3.78501 -0.00406946 0.999982 -0.00435533 -1.03102 -0.771657 -0.000370113 0.636039 86.4826 
0.588673 0.00327594 0.808365 -3.4646 0.00140619 0.999986 -0.00507664 -1.03949 -0.80837 0.00412516 0.58866 86.668 
0.541402 0.00545369 0.840746 -3.14293 -0.000681437 0.999981 -0.00604792 -1.04908 -0.840763 0.00270141 0.541396 86.8407 
0.493479 0.00843295 0.869717 -2.81719 -0.00485339 0.999964 -0.00694215 -1.05888 -0.869744 -0.0007953 0.493502 87.0018 
0.447621 0.0106699 0.89416 -2.48425 -0.00560594 0.999943 -0.00912592 -1.06599 -0.894206 -0.000927681 0.447655 87.1383 
0.405027 0.00812903 0.914269 -2.1372 0.00151193 0.999953 -0.00956078 -1.07175 -0.914303 0.00525466 0.404996 87.251 
0.365238 0.000595879 0.930914 -1.77438 0.0166455 0.999836 -0.00717086 -1.07195 -0.930765 0.0181146 0.365168 87.3426 
0.329693 -0.00305595 0.944083 -1.41298 0.0206737 0.999778 -0.00398353 -1.07683 -0.943862 0.020831 0.329683 87.4366 
0.296421 0.00112504 0.955057 -1.0535 0.0179283 0.999816 -0.00674228 -1.08256 -0.954889 0.0191211 0.296347 87.5325 
0.265172 0.0089217 0.96416 -0.692111 0.00670769 0.999916 -0.0110975 -1.09707 -0.964178 0.00941 0.265089 87.6344 
0.236762 0.0133921 0.971475 -0.318237 0.00255753 0.999893 -0.0144072 -1.11183 -0.971564 0.00589565 0.236702 87.7193 
0.211043 0.0150744 0.97736 0.0711532 0.00400866 0.999859 -0.0162871 -1.12608 -0.977468 0.00735518 0.210953 87.7866 
0.187618 0.0163543 0.982106 0.473353 0.0114562 0.999757 -0.0188369 -1.13551 -0.982175 0.0147853 0.187385 87.8413 
0.167436 0.0225281 0.985626 0.882128 0.0183613 0.999494 -0.0259644 -1.13581 -0.985712 0.0224447 0.166937 87.8872 
0.147769 0.0294404 0.988583 1.30095 0.0206182 0.999248 -0.03284 -1.13489 -0.988807 0.0252356 0.147051 87.9373 
0.130201 0.0301564 0.991029 1.73733 0.0186652 0.999286 -0.03286 -1.14789 -0.991312 0.0227762 0.129545 87.9933 
0.114564 0.0257938 0.993081 2.18929 0.016172 0.999482 -0.0278258 -1.17102 -0.993284 0.019248 0.114088 88.0465 
0.100149 0.0225292 0.994717 2.6581 0.0166825 0.999565 -0.0243187 -1.1903 -0.994833 0.0190299 0.0997294 88.09 
0.0868551 0.0201352 0.996017 3.14285 0.0187906 0.999585 -0.021846 -1.20603 -0.996044 0.0206132 0.0864406 88.1263 
0.0752381 0.0193622 0.996978 3.64225 0.0227741 0.999517 -0.0211303 -1.21883 -0.996905 0.0242951 0.0747608 88.1569 
0.0650552 0.0199797 0.997682 4.14643 0.0260216 0.999425 -0.0217115 -1.23248 -0.997542 0.0273737 0.0644979 88.1857 
0.0572184 0.020433 0.998152 4.67475 0.0280706 0.999362 -0.0220669 -1.24799 -0.997967 0.0292814 0.0566083 88.2121 
0.0515899 0.0208349 0.998451 5.22212 0.0295529 0.999313 -0.0223799 -1.26239 -0.998231 0.0306617 0.0509387 88.2407 
0.0459898 0.022021 0.998699 5.78898 0.0306888 0.999254 -0.0234466 -1.27664 -0.99847 0.0317272 0.0452797 88.2684 
0.040193 0.0226648 0.998935 6.3683 0.0312842 0.999224 -0.0239302 -1.29308 -0.998702 0.0322127 0.0394528 88.2918 
0.0357664 0.0227402 0.999101 6.96963 0.0336001 0.999148 -0.0239442 -1.30841 -0.998795 0.0344263 0.0349718 88.3164 
0.0329344 0.0226849 0.9992 7.58623 0.0352815 0.999093 -0.0238455 -1.32533 -0.998835 0.0360386 0.0321042 88.3384 
0.0299018 0.0222033 0.999306 8.22287 0.0360071 0.99908 -0.0232758 -1.3448 -0.998904 0.0366781 0.0290748 88.3557 
0.0275476 0.0215687 0.999388 8.87846 0.0380396 0.99902 -0.0226094 -1.36394 -0.998896 0.0386391 0.0267002 88.3792 
0.0269688 0.0212541 0.99941 9.55435 0.0425019 0.998845 -0.0223891 -1.38211 -0.998732 0.0430807 0.0260343 88.3985 
0.0281337 0.0209552 0.999384 10.2451 0.0461369 0.998687 -0.0222395 -1.40156 -0.998539 0.0467342 0.02713 88.4184 
0.0304653 0.0210483 0.999314 10.9547 0.0476247 0.998612 -0.0224855 -1.41837 -0.998401 0.0482771 0.0294206 88.4478 
0.0344602 0.0210411 0.999184 11.6783 0.0501163 0.998484 -0.0227549 -1.43789 -0.998149 0.0508596 0.0333535 88.4775 
0.0388881 0.0206425 0.99903 12.4225 0.0506028 0.998463 -0.0226006 -1.45742 -0.997961 0.0514326 0.0377838 88.5135 
0.0430208 0.0188943 0.998895 13.183 0.0521986 0.998413 -0.0211334 -1.47983 -0.99771 0.0530501 0.0419663 88.5535 
0.0470393 0.0175032 0.99874 13.9563 0.0520842 0.998443 -0.0199512 -1.49782 -0.997534 0.052957 0.0460545 88.6014 
0.0513717 0.015404 0.998561 14.7441 0.0489945 0.998638 -0.0179258 -1.52025 -0.997477 0.0498449 0.050547 88.6526 
0.0554449 0.0144159 0.998358 15.5446 0.0482751 0.998688 -0.0171017 -1.53952 -0.997294 0.049144 0.0546762 88.7091 
0.0597511 0.0154535 0.998094 16.3511 0.0454569 0.998801 -0.0181858 -1.56149 -0.997178 0.0464569 0.058977 88.7695 
0.0627773 0.0195918 0.997835 17.1549 0.0433859 0.998808 -0.0223405 -1.58568 -0.997084 0.0446945 0.0618525 88.8351 
0.0640829 0.0249635 0.997632 17.9607 0.0377026 0.998913 -0.0274175 -1.61229 -0.997232 0.0393704 0.063072 88.9078 
0.0638029 0.0281731 0.997565 18.7747 0.0350207 0.998922 -0.0304514 -1.64123 -0.997348 0.0368783 0.0627475 88.9768 
0.0640852 0.027612 0.997562 19.5914 0.0328893 0.999016 -0.0297652 -1.67543 -0.997402 0.0347167 0.063114 89.0411 
0.0640857 0.0260559 0.997604 20.4151 0.0300358 0.999156 -0.028026 -1.70782 -0.997492 0.0317599 0.063249 89.1084 
0.0641411 0.0247163 0.997635 21.2429 0.0309569 0.999163 -0.0267446 -1.74243 -0.99746 0.0325991 0.0633223 89.1658 
0.0644468 0.0241014 0.99763 22.0634 0.0283674 0.99926 -0.0259734 -1.77581 -0.997518 0.0299741 0.0637154 89.2356 
0.0644507 0.0244411 0.997621 22.8798 0.0266155 0.999302 -0.0262019 -1.80904 -0.997566 0.0282409 0.0637552 89.3043 
0.0645703 0.0251904 0.997595 23.6987 0.0236603 0.999362 -0.0267665 -1.84217 -0.997633 0.0253317 0.063933 89.3723 
0.0635253 0.0265795 0.997626 24.5152 0.0209699 0.999389 -0.0279618 -1.87417 -0.99776 0.0226964 0.0629291 89.4362 
0.0607943 0.0261219 0.997808 25.3321 0.017757 0.999471 -0.0272474 -1.90756 -0.997992 0.0193746 0.0602983 89.4991 
0.0570349 0.025002 0.998059 26.1452 0.0154278 0.999545 -0.025921 -1.93795 -0.998253 0.0168762 0.0566232 89.5569 
0.052283 0.0224922 0.998379 26.9565 0.0136124 0.999637 -0.0232335 -1.9715 -0.998539 0.014805 0.0519579 89.612 
0.0461074 0.0205443 0.998725 27.7719 0.0116146 0.99971 -0.0211008 -2.0016 -0.998869 0.0125727 0.0458554 89.6609 
0.0386471 0.0208979 0.999034 28.5801 0.0111639 0.99971 -0.021344 -2.03098 -0.99919 0.011978 0.0384025 89.7022 
0.0300357 0.0217725 0.999312 29.3821 0.0111344 0.999693 -0.0221155 -2.06098 -0.999487 0.0117909 0.029784 89.7347 
0.0202391 0.0223296 0.999546 30.1889 0.0116621 0.999677 -0.0225687 -2.08602 -0.999727 0.0121136 0.0199722 89.7557 
0.00993329 0.0213668 0.999722 30.9839 0.0130151 0.999684 -0.0214953 -2.11487 -0.999866 0.0132251 0.00965206 89.7708 
-0.000759507 0.0204643 0.99979 31.7774 0.0120781 0.999718 -0.0204537 -2.1443 -0.999927 0.0120601 -0.00100646 89.7772 
-0.0117872 0.0195739 0.999739 32.5631 0.0134495 0.999721 -0.0194151 -2.17197 -0.99984 0.0132172 -0.0120472 89.7712 
-0.0227201 0.0199562 0.999543 33.3459 0.013687 0.999713 -0.0196486 -2.19884 -0.999648 0.0132343 -0.0229867 89.7578 
-0.0336757 0.0204714 0.999223 34.123 0.0141337 0.9997 -0.0200049 -2.22745 -0.999333 0.0134491 -0.0339549 89.7357 
-0.0443418 0.0217583 0.998779 34.8934 0.0137914 0.999681 -0.0211658 -2.25367 -0.998921 0.012836 -0.0446277 89.7074 
-0.0546469 0.0227701 0.998246 35.6593 0.0147951 0.999649 -0.0219922 -2.28055 -0.998396 0.0135673 -0.0549646 89.67 
-0.0640907 0.0234643 0.997668 36.4215 0.0156169 0.999625 -0.0225071 -2.30844 -0.997822 0.014138 -0.0644331 89.6232 
-0.0737822 0.024015 0.996985 37.1766 0.0163755 0.999604 -0.0228663 -2.33413 -0.99714 0.014639 -0.0741463 89.5723 
-0.0831371 0.0243756 0.99624 37.9241 0.0172048 0.999587 -0.0230218 -2.36206 -0.99639 0.0152262 -0.0835221 89.5157 
-0.0916693 0.0238914 0.995503 38.6651 0.0184486 0.999581 -0.0222906 -2.38833 -0.995619 0.0163223 -0.0920716 89.45 
-0.0990324 0.0227785 0.994823 39.394 0.0203847 0.999575 -0.0208581 -2.41374 -0.994875 0.0182136 -0.0994546 89.3811 
-0.104482 0.0211342 0.994302 40.1149 0.0231748 0.999554 -0.0188107 -2.44147 -0.994257 0.0210773 -0.104925 89.3117 
-0.108133 0.0195706 0.993944 40.8268 0.0261129 0.999517 -0.0168396 -2.46597 -0.993793 0.0241339 -0.108592 89.2359 
-0.11074 0.0186182 0.993675 41.5297 0.0280105 0.999486 -0.0156055 -2.48694 -0.993454 0.0261052 -0.111205 89.1609 
-0.112504 0.0177057 0.993493 42.2205 0.0282429 0.999494 -0.0146144 -2.51151 -0.99325 0.0264149 -0.112948 89.0903 
-0.113208 0.0181202 0.993406 42.8955 0.0291155 0.999465 -0.0149128 -2.53388 -0.993145 0.0272353 -0.113675 89.0202 
-0.112238 0.0192409 0.993495 43.5546 0.0299979 0.999422 -0.0159668 -2.55428 -0.993228 0.0280107 -0.11275 88.9504 
-0.109247 0.0207829 0.993797 44.1954 0.0310718 0.999364 -0.0174838 -2.57759 -0.993529 0.028969 -0.109823 88.8891 
-0.104019 0.0213588 0.994346 44.8235 0.031379 0.999342 -0.0181836 -2.59838 -0.99408 0.0293101 -0.104621 88.8326 
-0.0959943 0.0220666 0.995137 45.4289 0.0308242 0.999341 -0.0191864 -2.62028 -0.994904 0.0288326 -0.0966112 88.7856 
-0.0848036 0.0218901 0.996157 46.0121 0.0295659 0.999374 -0.0194439 -2.64488 -0.995959 0.0278034 -0.0853976 88.7481 
-0.0711192 0.0221448 0.997222 46.5767 0.0287525 0.999384 -0.0201424 -2.66719 -0.997053 0.0272401 -0.0717121 88.7271 
-0.053833 0.0234789 0.998274 47.1259 0.0280074 0.999366 -0.0219944 -2.69027 -0.998157 0.0267751 -0.0544564 88.7135 
-0.0324852 0.0258705 0.999137 47.6652 0.0262948 0.999341 -0.0250209 -2.71373 -0.999126 0.0254593 -0.0331441 88.7143 
-0.00785696 0.0289012 0.999551 48.1932 0.0243756 0.999291 -0.0287022 -2.7362 -0.999672 0.0241392 -0.00855587 88.7336 
0.0207623 0.0305911 0.999316 48.7231 0.0226548 0.999261 -0.0310602 -2.75951 -0.999528 0.0232842 0.020054 88.7649 
0.0543105 0.0300362 0.998072 49.2581 0.0206621 0.9993 -0.0311976 -2.78202 -0.99831 0.0223166 0.0536518 88.8152 
0.0927253 0.027674 0.995307 49.7802 0.0196566 0.999368 -0.0296182 -2.8001 -0.995498 0.0223107 0.0921227 88.885 
0.135296 0.0239148 0.990517 50.296 0.0174036 0.999497 -0.0265089 -2.8223 -0.990652 0.0208251 0.134811 88.9786 
0.181267 0.019586 0.983239 50.8011 0.0149661 0.999631 -0.0226717 -2.84384 -0.98332 0.0188248 0.180907 89.0934 
0.230497 0.0163181 0.972936 51.293 0.0106107 0.999758 -0.0192818 -2.86281 -0.973015 0.014768 0.230268 89.2345 
0.282914 0.0150817 0.959027 51.7751 0.00739577 0.999812 -0.0179049 -2.87543 -0.959117 0.0121583 0.282749 89.4023 
0.3389 0.0145263 0.94071 52.2362 0.00631368 0.999823 -0.0177138 -2.89441 -0.940801 0.0119425 0.338748 89.5912 
0.397886 0.0145402 0.91732 52.6875 0.00844662 0.999774 -0.019511 -2.91469 -0.917396 0.0155114 0.397673 89.8088 
0.457831 0.0176592 0.888864 53.1128 0.00922291 0.999654 -0.0246109 -2.93383 -0.888991 0.0194655 0.45751 90.0644 
0.517224 0.0208057 0.855597 53.5059 0.0103124 0.99948 -0.0305387 -2.95033 -0.855788 0.0246186 0.516741 90.3437 
0.575097 0.0251022 0.8177 53.8784 0.00616545 0.999368 -0.0350155 -2.96513 -0.818062 0.0251787 0.574579 90.6595 
0.630516 0.028085 0.775668 54.2285 0.00203639 0.999282 -0.037837 -2.97919 -0.776173 0.0254364 0.630006 91.0062 
0.682827 0.0292236 0.729995 54.543 6.31309e-05 0.999197 -0.0400596 -2.99403 -0.73058 0.0273998 0.682277 91.3629 
0.731251 0.0278577 0.68154 54.8355 -0.00108981 0.999212 -0.0396733 -3.0109 -0.682108 0.0282684 0.730705 91.7392 
0.775944 0.0248366 0.630313 55.0967 -0.00376391 0.999389 -0.0347462 -3.02796 -0.630791 0.0245886 0.775563 92.1324 
0.816699 0.0197878 0.576724 55.3291 -0.004607 0.999604 -0.0277733 -3.0462 -0.577045 0.0200254 0.816466 92.5452 
0.852627 0.0170891 0.522241 55.5343 -0.00691725 0.999747 -0.0214213 -3.06185 -0.522475 0.0146518 0.852529 92.9716 
0.883222 0.0139394 0.468747 55.7144 -0.00812167 0.999863 -0.0144308 -3.0746 -0.468884 0.00893852 0.883214 93.4123 
0.908319 0.0144752 0.418026 55.868 -0.0118114 0.99989 -0.00895937 -3.09049 -0.41811 0.00320044 0.908391 93.8582 
0.928012 0.0167804 0.372172 56.0015 -0.0158121 0.999859 -0.00565418 -3.10302 -0.372214 -0.000637723 0.928147 94.3121 
0.942912 0.0225763 0.332275 56.1132 -0.0229528 0.999733 -0.00279261 -3.11551 -0.332249 -0.00499351 0.943178 94.7747 
0.954341 0.0274299 0.297458 56.2097 -0.0275552 0.999613 -0.00377313 -3.12223 -0.297447 -0.00459574 0.954727 95.2543 
0.963378 0.0292706 0.266543 56.3103 -0.029379 0.999562 -0.00358197 -3.12827 -0.266531 -0.00438007 0.963816 95.7277 
0.969366 0.0237175 0.244474 56.418 -0.0236128 0.999715 -0.00335977 -3.13459 -0.244484 -0.00251596 0.96965 96.2057 
0.97327 0.0207019 0.228727 56.522 -0.0206439 0.999783 -0.00264706 -3.14482 -0.228732 -0.00214558 0.973487 96.6878 
0.976057 0.0246521 0.216112 56.6092 -0.0245873 0.999693 -0.00298935 -3.14988 -0.216119 -0.0023959 0.976364 97.1841 
0.977989 0.0301399 0.206467 56.6936 -0.03025 0.999539 -0.00262504 -3.15143 -0.206451 -0.00367843 0.97845 97.6901 
0.978954 0.0379795 0.200516 56.775 -0.0379432 0.999272 -0.00402609 -3.15452 -0.200523 -0.00366695 0.979682 98.2069 
0.979327 0.0439063 0.197459 56.8647 -0.0432724 0.999035 -0.00752646 -3.16497 -0.197598 -0.00117371 0.980282 98.7242 
0.979435 0.0451069 0.19665 56.9616 -0.0439878 0.998981 -0.010058 -3.17516 -0.196904 0.00120085 0.980422 99.2594 
0.979029 0.0436371 0.198993 57.0702 -0.0417496 0.999034 -0.0136742 -3.18691 -0.199397 0.00507946 0.979905 99.7973 
0.978284 0.0423736 0.202892 57.1829 -0.0391049 0.999033 -0.0200949 -3.1959 -0.203547 0.0117243 0.978995 100.346 
0.977451 0.0424631 0.20685 57.3001 -0.0381283 0.998962 -0.0249003 -3.20428 -0.207692 0.016452 0.978056 100.909 
0.976258 0.0473244 0.211378 57.4093 -0.0431049 0.998769 -0.0245286 -3.21877 -0.212278 0.0148347 0.977097 101.494 
0.974862 0.0504899 0.217012 57.5287 -0.0471214 0.998675 -0.0206724 -3.23311 -0.217768 0.00992678 0.97595 102.086 
0.973956 0.0472352 0.221763 57.6611 -0.0447953 0.998868 -0.0160224 -3.24995 -0.222268 0.00567107 0.974969 102.693 
0.973294 0.042773 0.22554 57.805 -0.0414814 0.999084 -0.0104651 -3.26389 -0.225781 0.000829812 0.974178 103.312 
0.972521 0.0403283 0.229295 57.9478 -0.0400614 0.99918 -0.0058214 -3.27745 -0.229342 -0.0035245 0.973339 103.939 
0.971992 0.0356856 0.232289 58.0948 -0.0354037 0.999359 -0.00538439 -3.284 -0.232332 -0.00299038 0.972632 104.577 
0.972086 0.0320355 0.232428 58.248 -0.0309389 0.999486 -0.00836323 -3.29748 -0.232576 0.000938641 0.972578 105.222 
0.97221 0.0311755 0.232027 58.3971 -0.0283965 0.999479 -0.0153088 -3.31122 -0.232384 0.00829452 0.972589 105.87 
0.972321 0.0333718 0.231252 58.5412 -0.0290473 0.999334 -0.0220813 -3.32414 -0.231835 0.0147528 0.972643 106.534 
0.972854 0.0360487 0.228595 58.6839 -0.0309531 0.999187 -0.0258392 -3.33823 -0.22934 0.018062 0.973179 107.215 
0.973473 0.0343187 0.226212 58.8358 -0.0301906 0.999309 -0.0216847 -3.35299 -0.2268 0.0142799 0.973837 107.918 
0.973927 0.0302147 0.22484 58.9931 -0.0277575 0.999515 -0.0140829 -3.37274 -0.225156 0.00747465 0.974294 108.63 
0.974526 0.0302963 0.222219 59.1481 -0.029185 0.99954 -0.00828411 -3.39302 -0.222367 0.00158756 0.974962 109.356 
0.974794 0.0336881 0.220549 59.2944 -0.0324986 0.999431 -0.00902108 -3.40873 -0.220728 0.00162608 0.975334 110.09 
0.975123 0.0391789 0.218174 59.4416 -0.0370636 0.999218 -0.0137815 -3.41982 -0.218543 0.00535226 0.975812 110.827 
0.975969 0.0399121 0.214221 59.5916 -0.0366886 0.999146 -0.0190045 -3.43624 -0.214796 0.0106883 0.9766 111.573 
0.976906 0.0383998 0.210188 59.7456 -0.0345824 0.999164 -0.0218091 -3.45387 -0.21085 0.0140365 0.977418 112.334 
0.977832 0.0359743 0.206276 59.8997 -0.0325009 0.999267 -0.0202043 -3.47563 -0.206852 0.0130522 0.978285 113.105 
0.978715 0.0320529 0.202705 60.0574 -0.0289632 0.999415 -0.0181914 -3.49655 -0.203169 0.0119331 0.979071 113.89 
0.979135 0.0308227 0.20086 60.2138 -0.0282802 0.99948 -0.0155165 -3.51657 -0.201233 0.00951233 0.979497 114.69 
0.97949 0.027599 0.199593 60.3736 -0.0254717 0.999588 -0.0132191 -3.53126 -0.199876 0.00786392 0.97979 115.509 
0.979715 0.0224422 0.199133 60.5355 -0.0204419 0.999718 -0.0120959 -3.5467 -0.199348 0.0077798 0.979898 116.313 
0.97986 0.0231485 0.198338 60.6901 -0.0214918 0.999714 -0.0105026 -3.56591 -0.198525 0.00602838 0.980077 117.135 
0.979658 0.0286579 0.198619 60.8388 -0.0267161 0.999565 -0.0124506 -3.58504 -0.198889 0.00689091 0.979998 117.951 
0.979382 0.0340628 0.199125 60.9862 -0.0315438 0.999377 -0.0158104 -3.604 -0.199539 0.00920322 0.979847 118.779 
0.978835 0.0429115 0.2001 61.1317 -0.0402131 0.999037 -0.0175329 -3.62071 -0.20066 0.00911514 0.979619 119.609 
0.977955 0.0487944 0.203032 61.2811 -0.0463249 0.998783 -0.0169012 -3.64307 -0.20361 0.00712311 0.979026 120.448 
0.977222 0.0513159 0.205919 61.4371 -0.0492979 0.998673 -0.0149226 -3.66678 -0.206412 0.00443129 0.978455 121.294 
0.976654 0.0518596 0.208466 61.6025 -0.0496533 0.998641 -0.0158069 -3.68913 -0.209002 0.00508675 0.977902 122.141 
0.976332 0.0504818 0.210304 61.7715 -0.0476317 0.998692 -0.0185989 -3.70965 -0.210967 0.00814153 0.977459 122.986 
0.976333 0.044195 0.211708 61.9512 -0.0414777 0.99899 -0.0172613 -3.73332 -0.212257 0.00807154 0.977181 123.834 
0.976591 0.0373711 0.211831 62.1329 -0.0341932 0.999241 -0.0186472 -3.75938 -0.212367 0.0109675 0.977128 124.677 
0.976363 0.036668 0.213003 62.3092 -0.0334396 0.999265 -0.0187415 -3.78755 -0.213534 0.0111757 0.976872 125.524 
0.975832 0.0393431 0.214951 62.4793 -0.036795 0.999197 -0.015845 -3.80942 -0.215402 0.00755291 0.976496 126.372 
0.975404 0.0415615 0.216472 62.6439 -0.0402776 0.999135 -0.0103416 -3.82897 -0.216714 0.00136819 0.976234 127.215 
0.975071 0.0449104 0.217299 62.8101 -0.0446428 0.998984 -0.00614353 -3.85222 -0.217354 -0.00371053 0.976086 128.055 
0.974859 0.0441351 0.218408 62.9808 -0.0424208 0.999021 -0.0125351 -3.87722 -0.218747 0.00295486 0.975777 128.883 
0.975122 0.039825 0.218063 63.1603 -0.0347993 0.999034 -0.0268412 -3.9013 -0.218921 0.0185849 0.975566 129.696 
0.975338 0.0374816 0.217512 63.3377 -0.0303953 0.998895 -0.0358352 -3.92997 -0.218614 0.02834 0.9754 130.506 
0.975626 0.0345402 0.216706 63.513 -0.0294062 0.999206 -0.0268723 -3.95442 -0.217462 0.0198447 0.975867 131.335 
0.976055 0.027969 0.215719 63.6915 -0.0272709 0.999609 -0.00621328 -3.9795 -0.215809 0.000181572 0.976436 132.181 
0.97639 0.0243006 0.214646 63.8671 -0.0268554 0.999599 0.00899319 -4.00546 -0.214341 -0.0145453 0.976651 133.024 
0.976407 0.0286691 0.214027 64.0281 -0.0300541 0.999543 0.00321875 -4.01962 -0.213836 -0.00957525 0.976822 133.838 
0.976603 0.0367931 0.21188 64.1815 -0.0348845 0.99931 -0.0127408 -4.03086 -0.212203 0.00505126 0.977213 134.643 
0.976843 0.0368816 0.210753 64.3429 -0.0332427 0.999231 -0.0207846 -4.04365 -0.211357 0.0132973 0.977318 135.457 
0.977448 0.0327563 0.208621 64.5106 -0.0289292 0.999353 -0.0213708 -4.07181 -0.209186 0.0148536 0.977763 136.274 
0.978035 0.0323388 0.205915 64.6691 -0.0289218 0.99939 -0.0195842 -4.105 -0.206422 0.0131985 0.978374 137.098 
0.978782 0.0317229 0.202435 64.821 -0.0280299 0.999385 -0.0210848 -4.12551 -0.202979 0.0149631 0.979069 137.915 
0.979758 0.0329796 0.19745 64.9705 -0.029084 0.999321 -0.0225988 -4.15341 -0.198061 0.0163986 0.980052 138.727 
0.980139 0.038052 0.194627 65.1114 -0.0342821 0.999154 -0.0227033 -4.18352 -0.195327 0.0155801 0.980614 139.539 
0.980289 0.0439446 0.192622 65.244 -0.0402413 0.998923 -0.0230986 -4.20765 -0.193429 0.0148919 0.981001 140.346 
0.980617 0.0452568 0.190638 65.386 -0.0420026 0.998895 -0.0210789 -4.23536 -0.191381 0.012663 0.981434 141.154 
0.980943 0.0431235 0.18945 65.5317 -0.0407764 0.999036 -0.0162719 -4.26349 -0.189969 0.00823664 0.981755 141.96 
0.981346 0.0414584 0.187725 65.6741 -0.0390982 0.999103 -0.0162602 -4.28787 -0.188231 0.00861713 0.982087 142.762 
0.981922 0.0397268 0.18507 65.8151 -0.0368266 0.999139 -0.019084 -4.31867 -0.185669 0.0119235 0.98254 143.557 
0.983008 0.0348721 0.18022 65.9561 -0.03127 0.999251 -0.0227911 -4.34345 -0.18088 0.0167683 0.983362 144.346 
0.984298 0.0320305 0.173585 66.0916 -0.0283305 0.999316 -0.0237524 -4.3684 -0.174227 0.0184616 0.984532 145.136 
0.985452 0.0301969 0.167246 66.2136 -0.0275253 0.999454 -0.0182703 -4.39555 -0.167707 0.0134009 0.985746 145.937 
0.986569 0.0276209 0.16099 66.3346 -0.0263852 0.999604 -0.00980928 -4.41744 -0.161197 0.00542971 0.986907 146.746 
0.987239 0.0245739 0.157336 66.4553 -0.0247635 0.999693 -0.000756181 -4.43175 -0.157306 -0.00314973 0.987545 147.566 
0.987687 0.031125 0.153318 66.5512 -0.0317772 0.999493 0.00180391 -4.44363 -0.153184 -0.00665378 0.988175 148.371 
0.988308 0.0340539 0.14862 66.6509 -0.0340014 0.999418 -0.00289546 -4.45772 -0.148632 -0.00219174 0.98889 149.165 
0.989449 0.0343702 0.140744 66.7546 -0.0328526 0.999374 -0.0130937 -4.47155 -0.141106 0.00833163 0.989959 149.957 
0.990435 0.0311501 0.134415 66.8509 -0.028913 0.999409 -0.0185645 -4.48173 -0.134914 0.0145005 0.990751 150.759 
0.991361 0.0303628 0.127597 66.9415 -0.0283465 0.999443 -0.0175895 -4.49951 -0.12806 0.0138206 0.99167 151.57 
0.992087 0.0368212 0.120031 67.0146 -0.0353602 0.999273 -0.0142811 -4.52002 -0.120469 0.00992375 0.992667 152.39 
0.992782 0.0422263 0.112253 67.0769 -0.0406963 0.999045 -0.0158881 -4.54229 -0.112817 0.011205 0.993552 153.205 
0.993793 0.0448855 0.101783 67.1464 -0.0428983 0.998845 -0.0216321 -4.5641 -0.102636 0.0171315 0.994571 154.011 
0.994682 0.0433613 0.0934237 67.2074 -0.0412895 0.998859 -0.0239981 -4.5851 -0.0943576 0.020013 0.995337 154.827 
0.995409 0.0433364 0.0853352 67.2633 -0.0416777 0.998908 -0.0211251 -4.60834 -0.0861574 0.0174715 0.996128 155.649 
0.995897 0.0462341 0.0777971 67.3045 -0.0452816 0.998877 -0.0139649 -4.63273 -0.0783553 0.0103848 0.996871 156.477 
0.996351 0.0495479 0.0695007 67.3415 -0.0490876 0.99876 -0.00831663 -4.65273 -0.0698265 0.00487458 0.997547 157.307 
0.996904 0.0485229 0.0618652 67.3794 -0.0483138 0.99882 -0.00487375 -4.66905 -0.0620286 0.00186965 0.998073 158.133 
0.997258 0.0489708 0.0554735 67.4121 -0.048884 0.9988 -0.00292218 -4.67891 -0.05555 0.000202325 0.998456 158.962 
0.997521 0.0481618 0.0513036 67.4418 -0.0479887 0.998837 -0.0046025 -4.69602 -0.0514655 0.00212902 0.998672 159.786 
0.99751 0.0529132 0.0466329 67.4614 -0.0524976 0.99857 -0.0100943 -4.71209 -0.0471003 0.00762098 0.998861 160.604 
0.997352 0.058831 0.0427473 67.4724 -0.0581564 0.998165 -0.0168605 -4.72833 -0.0436607 0.0143297 0.998944 161.42 
0.997404 0.0601955 0.03952 67.4898 -0.0594728 0.998045 -0.0192191 -4.74593 -0.0405996 0.0168187 0.999034 162.241 
0.997413 0.0619959 0.0363844 67.5051 -0.061556 0.998018 -0.0130929 -4.76458 -0.0371239 0.0108193 0.999252 163.072 
0.997359 0.0639964 0.0343284 67.5179 -0.0639383 0.99795 -0.00279015 -4.77923 -0.0344364 0.000587802 0.999407 163.906 
0.997378 0.0652709 0.03125 67.5277 -0.0654414 0.997846 0.00446354 -4.79231 -0.0308913 -0.00649696 0.999502 164.741 
0.997754 0.0617308 0.025983 67.5394 -0.0617887 0.998088 0.00142621 -4.80737 -0.0258452 -0.00302854 0.999661 165.563 
0.998579 0.049369 0.0200517 67.5598 -0.0492129 0.998754 -0.00821359 -4.81882 -0.0204322 0.00721503 0.999765 166.377 
0.998817 0.0469643 0.0126122 67.5637 -0.0468012 0.99882 -0.0129348 -4.82484 -0.0132047 0.0123291 0.999837 167.201 
0.998698 0.0506662 0.00594054 67.5456 -0.0505948 0.998652 -0.0116238 -4.83723 -0.00652138 0.011308 0.999915 168.037 
0.998813 0.0486876 -0.00151539 67.5313 -0.0486954 0.998798 -0.00550146 -4.85293 0.00124581 0.00556864 0.999984 168.874 
0.999029 0.043119 -0.00900386 67.5156 -0.0431362 0.999068 -0.0017168 -4.86645 0.00892152 0.00210344 0.999958 169.711 
0.999303 0.0342878 -0.014728 67.4979 -0.0342573 0.99941 0.00232581 -4.87078 0.0147991 -0.00181973 0.999889 170.551 
0.999327 0.0299736 -0.0211296 67.4749 -0.0299309 0.999549 0.00233836 -4.88157 0.0211902 -0.00170445 0.999774 171.388 
0.999266 0.0267001 -0.0274574 67.4386 -0.0268312 0.99963 -0.00441357 -4.8968 0.0273295 0.00514697 0.999613 172.224 
0.999235 0.0173723 -0.0350325 67.4051 -0.0178936 0.999733 -0.0146191 -4.90717 0.0347693 0.0152347 0.999279 173.055 
0.999109 0.00698913 -0.0416124 67.3781 -0.00777162 0.999795 -0.0186702 -4.91971 0.0414734 0.0189768 0.998959 173.886 
0.998779 0.0106352 -0.0482441 67.3253 -0.0111938 0.999873 -0.0113225 -4.93511 0.0481177 0.0118486 0.998771 174.725 
0.998343 0.0213208 -0.0534378 67.2554 -0.021265 0.999772 0.001615 -4.94833 0.0534601 -0.000476058 0.99857 175.571 
0.997959 0.026675 -0.0580133 67.1818 -0.026163 0.999612 0.00956938 -4.96488 0.0582462 -0.00803213 0.99827 176.422 
0.997744 0.0261068 -0.0618531 67.1191 -0.0257448 0.999646 0.0066436 -4.9745 0.0620048 -0.0050363 0.998063 177.256 
0.99757 0.0277555 -0.0639092 67.0489 -0.0280838 0.999596 -0.00424345 -4.9817 0.0637657 0.00602786 0.997947 178.089 
0.997038 0.0380061 -0.0668567 66.9636 -0.038994 0.999148 -0.0135319 -4.99291 0.0662855 0.0160987 0.997671 178.92 
0.996929 0.0363671 -0.0693549 66.8956 -0.0376282 0.999148 -0.0169634 -5.01155 0.068679 0.0195209 0.997448 179.761 
0.996932 0.0312234 -0.0717744 66.8341 -0.0321656 0.99941 -0.0120073 -5.03049 0.0713573 0.014279 0.997349 180.618 
0.996958 0.0314375 -0.0713226 66.7614 -0.0317499 0.99949 -0.00324876 -5.04732 0.0711842 0.00550327 0.997448 181.479 
0.996924 0.0330359 -0.0710656 66.681 -0.0329578 0.999454 0.00227234 -5.06185 0.0711019 7.67293e-05 0.997469 182.335 
0.996802 0.0329121 -0.0728143 66.6042 -0.0328962 0.999458 0.00141944 -5.0735 0.0728216 0.000980325 0.997344 183.191 
0.99674 0.029505 -0.0750873 66.531 -0.0301704 0.999515 -0.00774087 -5.08863 0.0748226 0.00998096 0.997147 184.038 
0.996802 0.0183763 -0.077762 66.4721 -0.0199303 0.999616 -0.0192541 -5.1034 0.0773784 0.0207423 0.996786 184.885 
0.996771 0.00776783 -0.079914 66.4112 -0.00965542 0.999683 -0.02326 -5.12234 0.0797081 0.0239564 0.99653 185.737 
0.996674 0.0102486 -0.0808463 66.3275 -0.0118035 0.999754 -0.0187781 -5.14466 0.080634 0.0196698 0.99655 186.594 
0.99649 0.0164214 -0.0820819 66.2398 -0.0171415 0.99982 -0.00807505 -5.17046 0.0819347 0.00945363 0.996593 187.448 
0.996323 0.0174416 -0.0838844 66.1572 -0.0178861 0.99983 -0.00454956 -5.19397 0.0837908 0.00603311 0.996465 188.298 
0.99627 0.0161859 -0.0847563 66.0766 -0.0169577 0.999821 -0.00839314 -5.21185 0.0846054 0.00979902 0.996366 189.141 
0.996289 0.0164933 -0.0844755 65.9923 -0.0177779 0.999737 -0.0144761 -5.22828 0.0842146 0.015924 0.99632 189.976 
0.996124 0.0229785 -0.0849059 65.901 -0.0243398 0.999591 -0.0150318 -5.24573 0.0845259 0.0170401 0.996275 190.81 
0.996024 0.0258841 -0.0852416 65.8125 -0.0269867 0.999566 -0.0118074 -5.27005 0.0848991 0.0140607 0.99629 191.647 
0.995852 0.0295098 -0.0860697 65.7253 -0.030382 0.999499 -0.00884033 -5.29016 0.0857659 0.0114185 0.99625 192.48 
0.995735 0.0332695 -0.0860496 65.6383 -0.0339175 0.999406 -0.00607838 -5.30769 0.0857964 0.00897097 0.996272 193.308 
