1 -4.23778e-08 4.22719e-08 0 -4.23778e-08 1 -4.19404e-08 0 4.22719e-08 -4.19404e-08 1 0 
0.999064 -0.000685663 0.043244 0.0514921 0.000794241 0.999996 -0.00249569 -0.0233353 -0.0432421 0.00252762 0.999061 1.04058 
0.996081 -0.00512632 0.0882922 0.14863 0.00579898 0.999956 -0.00736479 -0.0408875 -0.0882504 0.00784786 0.996067 2.11123 
0.991108 -0.00462383 0.132978 0.319255 0.00614926 0.99992 -0.0110636 -0.0818903 -0.132916 0.0117829 0.991057 3.16494 
0.983854 -0.00249902 0.178955 0.502409 0.00495792 0.999899 -0.0132949 -0.111493 -0.178904 0.0139674 0.983767 4.19579 
0.974422 -0.00506001 0.22467 0.762536 0.00821858 0.99988 -0.0131261 -0.142804 -0.224577 0.0146368 0.974346 5.30009 
0.962888 -0.00578757 0.26984 1.05271 0.0100198 0.999847 -0.0143098 -0.171362 -0.269716 0.0164824 0.962799 6.36665 
0.949465 -0.00807847 0.313768 1.37749 0.0140497 0.999761 -0.0167743 -0.199773 -0.313557 0.0203349 0.949352 7.38219 
0.9344 -0.00997974 0.356087 1.73294 0.0176599 0.999676 -0.0183242 -0.23115 -0.355788 0.0234105 0.934273 8.34671 
0.917051 -0.00989197 0.398648 2.13402 0.0190494 0.999638 -0.0190168 -0.259284 -0.398315 0.0250333 0.916907 9.30596 
0.897397 -0.010256 0.441105 2.5762 0.0200295 0.999646 -0.0175063 -0.294991 -0.44077 0.0245451 0.897285 10.2451 
0.875444 -0.00999231 0.483216 3.0422 0.0204468 0.999657 -0.0163721 -0.336255 -0.482887 0.0242131 0.875348 11.1269 
0.851394 -0.0101463 0.524429 3.56556 0.0211572 0.999663 -0.0150075 -0.377034 -0.5241 0.0238727 0.851322 12.0081 
0.825667 -0.0100863 0.564067 4.12246 0.0224504 0.999636 -0.0149877 -0.408657 -0.56371 0.0250383 0.825593 12.8539 
0.798126 -0.0118415 0.602374 4.73691 0.0257046 0.999566 -0.0144084 -0.443698 -0.601941 0.0269835 0.798084 13.7023 
0.769185 -0.0106722 0.638937 5.3779 0.0261765 0.999547 -0.0148173 -0.479218 -0.63849 0.0281223 0.769116 14.5027 
0.73863 -0.0139991 0.673965 6.05073 0.0310269 0.999431 -0.0132447 -0.513616 -0.673396 0.030694 0.738644 15.2418 
0.706653 -0.0131439 0.707439 6.74781 0.0310788 0.999439 -0.0124753 -0.546107 -0.706878 0.030802 0.706665 15.9445 
0.672649 -0.012247 0.739861 7.48707 0.0327207 0.999377 -0.0132056 -0.578417 -0.739238 0.0330915 0.672631 16.6191 
0.636862 -0.0133078 0.770863 8.26719 0.0370094 0.999226 -0.0133259 -0.60214 -0.770089 0.037016 0.636862 17.2804 
0.600346 -0.0116529 0.799655 9.05482 0.0369864 0.999228 -0.0132068 -0.633787 -0.798884 0.037505 0.600314 17.8734 
0.562585 -0.0110327 0.826665 9.85347 0.0401334 0.999096 -0.0139788 -0.668248 -0.825764 0.0410411 0.56252 18.4225 
0.52383 -0.00939545 0.851771 10.7171 0.044847 0.998856 -0.0165627 -0.690116 -0.850641 0.0468754 0.523653 18.9458 
0.485021 -0.00853654 0.874461 11.6573 0.0466411 0.998782 -0.0161195 -0.714802 -0.873258 0.0486041 0.484828 19.4802 
0.446715 -0.0104869 0.894615 12.5467 0.0517343 0.998561 -0.0141276 -0.739275 -0.893179 0.0525932 0.446615 19.9231 
0.409562 -0.011164 0.912214 13.5469 0.0558027 0.998359 -0.0128359 -0.764251 -0.910574 0.056161 0.409513 20.3852 
0.374574 -0.00888526 0.927154 14.471 0.0570826 0.998278 -0.0134948 -0.789595 -0.925438 0.0579792 0.374436 20.7571 
0.341619 -0.00950961 0.93979 15.5105 0.0577867 0.998269 -0.0109045 -0.796897 -0.93806 0.0580325 0.341578 21.1148 
0.308608 -0.0113326 0.951122 16.5087 0.0602887 0.998151 -0.00766885 -0.815383 -0.949277 0.0597085 0.30872 21.424 
0.276023 -0.0114299 0.961083 17.4806 0.0610939 0.998116 -0.00567592 -0.836822 -0.959207 0.060283 0.276201 21.7051 
0.244133 -0.00846167 0.969705 18.4907 0.0589738 0.998241 -0.00613665 -0.843988 -0.967947 0.0586854 0.244202 21.9649 
0.213556 -0.00720323 0.976904 19.5352 0.0593004 0.998224 -0.00560304 -0.86151 -0.975129 0.0591273 0.213604 22.1875 
0.18309 -0.00703009 0.983071 20.7209 0.0613072 0.99811 -0.00428047 -0.881916 -0.981183 0.0610531 0.183175 22.4314 
0.152851 -0.00743096 0.988221 21.8 0.0630854 0.998006 -0.00225316 -0.893168 -0.986234 0.0626867 0.153015 22.5877 
0.122832 -0.00796346 0.992395 22.9407 0.0617977 0.998089 0.000360148 -0.895878 -0.990501 0.0612836 0.123089 22.7237 
0.0935813 -0.00838894 0.995576 24.0101 0.0625168 0.998041 0.00253322 -0.90305 -0.993647 0.0620032 0.0939224 22.8314 
0.0665451 -0.00809365 0.997751 25.1313 0.0651925 0.997866 0.00374648 -0.905133 -0.995651 0.0647966 0.0669307 22.9113 
0.0413155 -0.00774106 0.999116 26.3865 0.0692361 0.997588 0.00486609 -0.907704 -0.996744 0.0689739 0.0417518 22.9778 
0.0185457 -0.00734771 0.999801 27.5964 0.0738401 0.997252 0.00595921 -0.900637 -0.997098 0.0737149 0.0190373 23.0076 
-0.00187319 -0.00740072 0.999971 28.8417 0.0795509 0.996802 0.0075262 -0.895026 -0.996829 0.0795626 -0.00127847 23.0216 
-0.0198247 -0.00800826 0.999771 30.1326 0.0837467 0.99644 0.00964213 -0.887838 -0.99629 0.0839187 -0.0190835 23.0204 
-0.0352656 -0.00805849 0.999345 31.3803 0.0871439 0.996134 0.0111077 -0.881516 -0.995571 0.0874786 -0.034427 22.9794 
-0.0499298 -0.00854635 0.998716 32.6652 0.0893523 0.995915 0.0129894 -0.86287 -0.994748 0.0898861 -0.0489622 22.9526 
-0.0632013 -0.00979178 0.997953 33.9675 0.0896329 0.995855 0.0154477 -0.864658 -0.993967 0.0904257 -0.0620617 22.8891 
-0.0756334 -0.00977543 0.997088 35.2642 0.0895393 0.995846 0.0165551 -0.861103 -0.993107 0.0905306 -0.0744439 22.8077 
-0.0873693 -0.00699068 0.996151 36.5411 0.0894172 0.995884 0.0148312 -0.850302 -0.992155 0.0903688 -0.0863846 22.7237 
-0.0977124 -0.00378251 0.995207 37.804 0.0897813 0.995882 0.0126 -0.837922 -0.991157 0.0905822 -0.0969704 22.6062 
-0.107533 -0.00130107 0.994201 39.093 0.0907586 0.995811 0.0111196 -0.826532 -0.99005 0.091428 -0.106965 22.4988 
-0.114659 -0.000315391 0.993405 40.4849 0.0906033 0.995829 0.0107735 -0.816282 -0.989265 0.091241 -0.114152 22.3046 
-0.120573 0.000208444 0.992704 41.8425 0.0902111 0.995865 0.0107477 -0.813934 -0.988597 0.0908488 -0.120093 22.1523 
-0.125561 0.00167253 0.992084 43.2094 0.0916284 0.995744 0.00991795 -0.802652 -0.987845 0.0921484 -0.12518 21.9723 
-0.130091 0.00340206 0.991496 44.5619 0.090707 0.995841 0.00848437 -0.790095 -0.987344 0.0910394 -0.129859 21.806 
-0.134018 0.00439878 0.990969 45.9483 0.0914445 0.995778 0.00794671 -0.772367 -0.986751 0.0916837 -0.133855 21.6243 
-0.137235 0.0032221 0.990533 47.3847 0.0913808 0.995771 0.00942126 -0.76511 -0.986314 0.0918087 -0.136949 21.4382 
-0.139597 0.0012819 0.990208 48.8944 0.0922531 0.995667 0.0117165 -0.76113 -0.985902 0.0929853 -0.13911 21.2322 
-0.142081 -3.19545e-05 0.989855 50.3778 0.092166 0.995655 0.0132613 -0.753004 -0.985555 0.0931151 -0.141461 21.0418 
-0.14413 0.000553055 0.989559 51.8535 0.0947878 0.995409 0.0132495 -0.735802 -0.985009 0.0957078 -0.14352 20.8267 
-0.145277 0.000364902 0.989391 53.3331 0.0948263 0.995401 0.0135566 -0.726094 -0.984836 0.0957897 -0.144644 20.6242 
-0.146049 0.00153676 0.989276 54.85 0.0966326 0.995239 0.01272 -0.715569 -0.984546 0.0974541 -0.145502 20.415 
-0.145979 0.00172963 0.989286 56.3837 0.0971403 0.995191 0.012594 -0.704071 -0.984507 0.097938 -0.145445 20.2033 
-0.145461 0.00307432 0.989359 57.937 0.0969143 0.99523 0.0111563 -0.698523 -0.984606 0.0975059 -0.145065 20.0063 
-0.144518 0.0025946 0.989499 59.4643 0.0973232 0.995185 0.0116047 -0.692566 -0.984704 0.0979783 -0.144075 19.7996 
-0.143143 0.00143013 0.989701 61.0408 0.0966262 0.995242 0.0125371 -0.685812 -0.984974 0.0974256 -0.1426 19.5895 
-0.142155 0.00214933 0.989842 62.6418 0.0976526 0.99515 0.0118634 -0.675042 -0.985016 0.0983471 -0.141676 19.3739 
-0.141434 0.0026677 0.989944 64.2249 0.0973366 0.995188 0.0112246 -0.659668 -0.985151 0.0979453 -0.141013 19.1748 
-0.140699 0.00306915 0.990048 65.8492 0.0987626 0.995051 0.0109508 -0.6574 -0.985114 0.0993204 -0.140306 18.9698 
-0.139894 0.00294269 0.990162 67.5045 0.0984948 0.995077 0.0109583 -0.644293 -0.985255 0.0990588 -0.139495 18.7641 
-0.139302 0.00121557 0.990249 69.186 0.100457 0.994858 0.0129104 -0.639712 -0.985141 0.101276 -0.138708 18.551 
-0.13888 -0.00113442 0.990309 70.8615 0.102017 0.994663 0.0154461 -0.647113 -0.98504 0.103173 -0.138023 18.3404 
-0.138245 -0.00014695 0.990398 72.5471 0.103525 0.99452 0.0145981 -0.633237 -0.984972 0.10455 -0.137472 18.1309 
-0.137508 0.00131129 0.9905 74.2689 0.106021 0.994273 0.0134023 -0.645963 -0.98481 0.106857 -0.13686 17.9028 
-0.136854 0.00105744 0.990591 75.9813 0.105267 0.994353 0.0134815 -0.630044 -0.984982 0.106121 -0.136193 17.6845 
-0.13709 0.00102555 0.990558 77.7008 0.105499 0.994327 0.0135712 -0.615082 -0.984924 0.106363 -0.136421 17.4836 
-0.137453 -0.000282047 0.990508 79.3803 0.106083 0.994244 0.0150042 -0.625805 -0.984811 0.107139 -0.136632 17.3257 
-0.137169 8.2452e-06 0.990548 81.1433 0.107609 0.994082 0.0148932 -0.610007 -0.984685 0.108635 -0.136358 17.0996 
-0.137091 -0.00019022 0.990558 82.9175 0.108491 0.993981 0.0152056 -0.589648 -0.984599 0.109551 -0.136245 16.8702 
-0.136943 0.000848439 0.990578 84.7106 0.108753 0.993968 0.0141832 -0.569242 -0.984591 0.10967 -0.136209 16.6357 
-0.137061 0.00134818 0.990562 86.5327 0.10893 0.993955 0.0137195 -0.559538 -0.984555 0.109783 -0.136379 16.3909 
-0.13794 0.0020173 0.990438 88.3775 0.10816 0.994048 0.0130389 -0.541212 -0.984517 0.108924 -0.137337 16.1557 
-0.139116 0.00254764 0.990273 90.21 0.107439 0.994133 0.0125357 -0.529086 -0.984431 0.108138 -0.138574 15.9198 
-0.140054 0.00169637 0.990142 92.0647 0.106176 0.994258 0.013315 -0.510653 -0.984434 0.106994 -0.13943 15.6808 
-0.141052 0.00142634 0.990001 93.9498 0.105985 0.994274 0.0136679 -0.49361 -0.984313 0.106853 -0.140396 15.4332 
-0.141974 6.58593e-05 0.98987 95.7035 0.103802 0.994487 0.0148218 -0.498978 -0.984413 0.104855 -0.141198 15.2446 
-0.143689 0.000870804 0.989622 97.5638 0.103804 0.994496 0.0141968 -0.490834 -0.984164 0.104767 -0.142989 14.9969 
-0.14596 0.0017119 0.989289 99.433 0.10311 0.994578 0.0134918 -0.474802 -0.983902 0.103975 -0.145346 14.7402 
-0.149998 0.00242265 0.988683 101.327 0.103922 0.994496 0.0133295 -0.464134 -0.983209 0.104745 -0.149424 14.4746 
-0.154468 0.00155402 0.987997 103.212 0.102238 0.994655 0.0144198 -0.4556 -0.982694 0.103238 -0.153801 14.2058 
-0.159535 0.000820787 0.987192 105.116 0.100609 0.994806 0.0154317 -0.439683 -0.982052 0.101782 -0.158789 13.9328 
-0.164095 0.0015935 0.986443 107 0.0993985 0.994936 0.0149276 -0.430467 -0.981424 0.100501 -0.163422 13.6448 
-0.168905 0.00317257 0.985627 108.904 0.0999445 0.994895 0.0139248 -0.425603 -0.980552 0.10086 -0.16836 13.3524 
-0.173376 0.00489465 0.984843 110.843 0.0992713 0.994981 0.012531 -0.416597 -0.97984 0.0999393 -0.172992 13.0311 
-0.177958 0.00514884 0.984024 112.752 0.098253 0.995082 0.012562 -0.410337 -0.979121 0.0989189 -0.177589 12.708 
-0.182915 0.00472796 0.983117 114.695 0.0963508 0.995261 0.0131402 -0.400403 -0.978396 0.0971277 -0.182504 12.3767 
-0.18816 0.00399932 0.98213 116.665 0.0942911 0.995446 0.014011 -0.385975 -0.977602 0.0952425 -0.18768 12.0244 
-0.193546 0.00348805 0.981085 118.643 0.0935064 0.995507 0.0149073 -0.371082 -0.976625 0.094623 -0.193003 11.6578 
-0.198955 0.00332189 0.980003 120.611 0.0938522 0.995463 0.015679 -0.35831 -0.975504 0.0950948 -0.198364 11.2872 
-0.204452 0.00497954 0.978864 122.59 0.0943841 0.995428 0.0146498 -0.342614 -0.974316 0.0953844 -0.203987 10.9002 
-0.209875 0.00589931 0.97771 124.573 0.0941209 0.995459 0.0141974 -0.328838 -0.973187 0.0950026 -0.209477 10.5039 
-0.215785 0.00597181 0.976423 126.57 0.0946904 0.995396 0.0148382 -0.31343 -0.971839 0.0956597 -0.215357 10.0871 
-0.221006 0.00602893 0.975254 128.547 0.0941971 0.995438 0.0151926 -0.298189 -0.970713 0.0952237 -0.220565 9.66585 
-0.226173 0.00675446 0.974064 130.538 0.0936067 0.995499 0.0148318 -0.288126 -0.969579 0.0945334 -0.225787 9.24017 
-0.230842 0.00718378 0.972965 132.535 0.0931285 0.995545 0.0147448 -0.274302 -0.968524 0.0940145 -0.230483 8.77884 
-0.23498 0.00661187 0.971978 134.528 0.0938699 0.995457 0.0159218 -0.250432 -0.967457 0.0949808 -0.234533 8.31846 
-0.238709 0.00647844 0.971069 136.533 0.0968136 0.995155 0.0171596 -0.246177 -0.966253 0.0981089 -0.23818 7.84161 
-0.24207 0.0069442 0.970234 138.532 0.0974857 0.995088 0.0172002 -0.226262 -0.965349 0.0987476 -0.241558 7.36621 
-0.245344 0.00758139 0.969406 140.554 0.0978998 0.995051 0.0169952 -0.21019 -0.96448 0.0990743 -0.244872 6.88313 
-0.248431 0.00733904 0.968622 142.618 0.0969096 0.995142 0.0173153 -0.184943 -0.96379 0.0981704 -0.247936 6.3867 
-0.252335 0.00800109 0.967607 144.688 0.0960156 0.995238 0.0168095 -0.164124 -0.962864 0.097147 -0.251901 5.87783 
-0.256442 0.00880414 0.966519 146.701 0.0949901 0.995347 0.0161365 -0.146413 -0.961881 0.0959478 -0.256085 5.365 
-0.260311 0.0084509 0.965488 148.763 0.0940137 0.995432 0.0166346 -0.127539 -0.960937 0.0950992 -0.259917 4.83758 
-0.264952 0.00890006 0.96422 150.742 0.0945725 0.995376 0.0167993 -0.129887 -0.959613 0.0956398 -0.264568 4.32399 
-0.269342 0.0093602 0.962999 152.803 0.0940994 0.995424 0.0166433 -0.118338 -0.958436 0.0951004 -0.26899 3.78054 
-0.273993 0.00960932 0.961683 154.78 0.0935125 0.995478 0.0166956 -0.0926637 -0.957174 0.0945039 -0.273653 3.25622 
-0.277961 0.00858726 0.960554 156.76 0.0930952 0.995494 0.0180398 -0.0915588 -0.956071 0.0944373 -0.277508 2.7049 
-0.282016 0.00860546 0.959371 158.739 0.093736 0.995423 0.0186257 -0.0808609 -0.95482 0.0951803 -0.281532 2.15221 
-0.285943 0.00933319 0.958201 160.766 0.0948342 0.995319 0.0186052 -0.0679931 -0.953542 0.0961903 -0.285489 1.5856 
-0.28938 0.0107189 0.957154 162.862 0.0954613 0.995275 0.0177153 -0.0435381 -0.952442 0.0964977 -0.289036 0.976151 
-0.292831 0.0123772 0.956084 164.913 0.0955029 0.995295 0.016366 -0.0319582 -0.951383 0.0961013 -0.292635 0.38094 
-0.296392 0.013388 0.954972 167 0.0959774 0.995257 0.0158355 -0.0204749 -0.950231 0.0963493 -0.296272 -0.215242 
-0.299448 0.0142058 0.954007 169.087 0.0957315 0.995291 0.015228 -0.00505407 -0.949298 0.0958886 -0.299397 -0.842071 
-0.302802 0.0143957 0.952945 171.167 0.096297 0.995231 0.0155642 0.0135946 -0.948176 0.0964786 -0.302744 -1.45509 
-0.306552 0.0143966 0.951745 173.145 0.0959555 0.995259 0.0158519 0.0154062 -0.947005 0.0961846 -0.30648 -2.07855 
-0.310699 0.0151651 0.950387 175.21 0.0982721 0.995027 0.0162495 0.0156308 -0.945414 0.0984453 -0.310645 -2.6736 
-0.313929 0.0150909 0.949327 177.254 0.0996169 0.994878 0.0171268 0.0172914 -0.944206 0.0999455 -0.313824 -3.31264 
-0.316469 0.0145783 0.948491 179.368 0.100506 0.994769 0.0182447 0.0266602 -0.943263 0.101103 -0.316279 -3.99052 
-0.318956 0.0140996 0.947665 181.449 0.100056 0.994803 0.018875 0.0466457 -0.942473 0.10084 -0.318709 -4.67286 
-0.321693 0.0144545 0.946734 183.476 0.0994278 0.994871 0.0185954 0.0446874 -0.941609 0.100114 -0.32148 -5.33552 
-0.324528 0.0163646 0.945734 185.549 0.0987042 0.994977 0.0166535 0.0564457 -0.940712 0.0987526 -0.324513 -6.02022 
-0.327769 0.0181539 0.944583 187.586 0.0980772 0.995067 0.0149084 0.0609191 -0.939653 0.0975286 -0.327932 -6.68809 
-0.330936 0.019007 0.943462 189.71 0.09719 0.995167 0.0140423 0.069464 -0.938635 0.0963421 -0.331183 -7.39279 
-0.333938 0.0198888 0.942385 191.824 0.0953647 0.99536 0.0127859 0.07986 -0.937759 0.09414 -0.334285 -8.12031 
-0.33731 0.0200183 0.941181 193.973 0.0965454 0.995238 0.0134327 0.0806332 -0.93643 0.0953977 -0.337636 -8.86147 
-0.340621 0.0193679 0.940001 196.129 0.0959543 0.995283 0.0142632 0.0958085 -0.935291 0.0950556 -0.340873 -9.62404 
-0.344318 0.0185572 0.938669 198.228 0.0952598 0.995335 0.0152653 0.101284 -0.934008 0.0946736 -0.34448 -10.3546 
-0.348109 0.0183609 0.937274 200.37 0.0953401 0.995317 0.0159118 0.111207 -0.932593 0.0948989 -0.348229 -11.1173 
-0.351794 0.0181805 0.935901 202.472 0.0942764 0.995416 0.0161006 0.111095 -0.931318 0.0938975 -0.351895 -11.8625 
-0.355444 0.0188091 0.934508 204.585 0.0937956 0.995469 0.0156394 0.113875 -0.92998 0.0932117 -0.355597 -12.6297 
-0.358466 0.0193062 0.933343 206.655 0.0940323 0.995448 0.0155237 0.113343 -0.928795 0.0933291 -0.35865 -13.3969 
-0.361142 0.0202443 0.932291 208.806 0.0950039 0.995361 0.0151878 0.1211 -0.927659 0.0940563 -0.36139 -14.2014 
-0.363656 0.0198853 0.931321 210.92 0.0956948 0.99528 0.0161153 0.126061 -0.926605 0.094983 -0.363843 -14.9912 
-0.366009 0.0191765 0.930413 213.067 0.0967543 0.995153 0.0175507 0.132183 -0.925568 0.0964452 -0.366091 -15.8161 
-0.368343 0.0198661 0.929478 215.13 0.0979365 0.995038 0.0175438 0.136847 -0.924517 0.097492 -0.36846 -16.6436 
-0.370837 0.0207102 0.928467 217.275 0.0978551 0.995057 0.0168885 0.145637 -0.923528 0.0971181 -0.371031 -17.4692 
-0.373275 0.0208336 0.927487 219.398 0.0975459 0.995087 0.0169061 0.145508 -0.922578 0.0967832 -0.373473 -18.2855 
-0.375962 0.0222534 0.926368 221.615 0.0972481 0.995138 0.0155622 0.166273 -0.921518 0.0959383 -0.376298 -19.1482 
-0.378876 0.023431 0.925151 223.772 0.0969302 0.995186 0.0144909 0.176513 -0.920357 0.0951653 -0.379323 -19.9989 
-0.381485 0.0233723 0.92408 225.825 0.0949582 0.995382 0.0140255 0.16799 -0.919485 0.0930995 -0.381942 -20.7944 
-0.384727 0.0243598 0.922709 227.839 0.0955543 0.995332 0.0135646 0.16951 -0.918071 0.0933875 -0.385259 -21.5942 
-0.387394 0.0235478 0.921613 229.973 0.0967913 0.995188 0.0152579 0.157381 -0.916819 0.095115 -0.387809 -22.4444 
-0.390214 0.0228345 0.920441 232.109 0.0974246 0.995104 0.0166157 0.16832 -0.915555 0.0961573 -0.390528 -23.3297 
-0.393563 0.0224145 0.919024 234.143 0.0963025 0.995207 0.016968 0.165575 -0.914239 0.0951824 -0.393836 -24.145 
-0.396491 0.0225999 0.91776 236.255 0.0948838 0.995352 0.0164811 0.169776 -0.913122 0.0936152 -0.396792 -25.0146 
-0.400301 0.021781 0.916125 238.367 0.0930928 0.995512 0.0170084 0.165832 -0.911643 0.0920931 -0.400532 -25.8825 
-0.403807 0.0208441 0.914606 240.451 0.0922487 0.995572 0.0180393 0.16341 -0.910181 0.0916557 -0.403942 -26.7517 
-0.407353 0.0210855 0.913027 242.601 0.0913472 0.995661 0.0177613 0.177584 -0.908691 0.0906376 -0.407512 -27.6743 
-0.411291 0.0205746 0.911272 244.719 0.0907665 0.995701 0.0184854 0.179903 -0.906974 0.0903159 -0.41139 -28.5847 
-0.414951 0.0201826 0.90962 246.848 0.0900874 0.995752 0.0190024 0.189215 -0.905373 0.0898304 -0.415007 -29.5171 
-0.418727 0.0202696 0.907886 248.966 0.0894533 0.995809 0.0190243 0.208383 -0.903695 0.0891794 -0.418786 -30.4489 
-0.422284 0.0209115 0.906222 251.124 0.0895319 0.995808 0.0187416 0.218999 -0.902031 0.0890501 -0.422386 -31.4184 
-0.425755 0.0214598 0.904584 253.263 0.0897752 0.995788 0.0186304 0.233223 -0.900374 0.0891412 -0.425888 -32.3913 
-0.430276 0.0211391 0.90245 255.374 0.0892665 0.995822 0.0192347 0.230375 -0.898273 0.0888348 -0.430365 -33.2757 
-0.43377 0.0217809 0.90076 257.477 0.0885534 0.995898 0.0185623 0.240961 -0.896661 0.0878171 -0.43392 -34.2457 
-0.437566 0.0219606 0.898918 259.579 0.0892626 0.995824 0.0191223 0.242221 -0.894745 0.088607 -0.437699 -35.2077 
-0.440914 0.022395 0.89727 261.704 0.0898658 0.995767 0.0193061 0.262704 -0.893039 0.0891463 -0.44106 -36.2222 
-0.444478 0.0236038 0.895478 263.85 0.0911016 0.995661 0.0189745 0.287919 -0.891145 0.0900134 -0.4447 -37.2346 
-0.447991 0.0258827 0.893663 265.968 0.0933479 0.995471 0.0179637 0.30049 -0.889151 0.0914691 -0.448379 -38.2455 
-0.450877 0.026624 0.892189 268.065 0.0947787 0.995332 0.0181954 0.314626 -0.88754 0.0927645 -0.451295 -39.2455 
-0.453648 0.0288956 0.890712 270.174 0.096538 0.995186 0.0168828 0.339086 -0.885936 0.0936464 -0.454254 -40.2679 
-0.456213 0.0313395 0.889319 272.279 0.097977 0.995073 0.0151951 0.35657 -0.88446 0.0940649 -0.457036 -41.2963 
-0.459084 0.0319688 0.887818 274.397 0.099093 0.994959 0.0154134 0.364632 -0.882849 0.0950526 -0.459937 -42.3417 
-0.461993 0.0328613 0.886275 276.569 0.0992875 0.994948 0.0148654 0.386509 -0.881308 0.0948637 -0.462921 -43.4456 
-0.464998 0.0330483 0.884694 278.765 0.0985859 0.995021 0.0146474 0.414234 -0.879805 0.0940294 -0.465941 -44.5717 
-0.468531 0.0344452 0.882775 280.93 0.0993655 0.994954 0.0139156 0.427845 -0.877841 0.0942373 -0.469589 -45.676 
-0.471924 0.0348894 0.880949 283.086 0.0985201 0.995045 0.013369 0.445396 -0.876117 0.0931003 -0.473023 -46.773 
-0.47463 0.0344892 0.87951 285.228 0.0968912 0.995207 0.0132614 0.447065 -0.874836 0.0915111 -0.475696 -47.8762 
-0.477379 0.0349272 0.878003 287.352 0.0985975 0.995028 0.0140259 0.448925 -0.873148 0.0932646 -0.478449 -48.9603 
-0.479722 0.0354447 0.876704 289.482 0.10067 0.994809 0.0148656 0.469808 -0.871626 0.0953888 -0.4808 -50.0718 
-0.481898 0.0356485 0.875502 291.628 0.101816 0.994682 0.0155405 0.486822 -0.870292 0.0966288 -0.482965 -51.2059 
-0.48389 0.0355034 0.874408 293.756 0.102011 0.994653 0.0160662 0.494404 -0.869163 0.0969734 -0.484925 -52.3228 
-0.486084 0.0348402 0.873217 295.984 0.101809 0.994659 0.0169875 0.514543 -0.867961 0.0971589 -0.487035 -53.5124 
-0.488612 0.0351703 0.871792 298.182 0.103279 0.994494 0.0177642 0.540573 -0.866367 0.0987177 -0.489554 -54.7043 
-0.490801 0.0349277 0.870571 300.338 0.103547 0.994453 0.0184787 0.559857 -0.865097 0.0992146 -0.491695 -55.8632 
-0.49273 0.0358351 0.869444 302.539 0.103237 0.994502 0.0175165 0.581289 -0.864037 0.0983894 -0.493721 -57.0723 
-0.495209 0.0382332 0.867932 304.681 0.10303 0.994565 0.0149736 0.598418 -0.862643 0.0968384 -0.496457 -58.2344 
-0.498827 0.0374798 0.865891 306.808 0.10159 0.994706 0.0154689 0.599383 -0.860727 0.0956822 -0.499994 -59.3928 
-0.503123 0.0360047 0.863464 309.012 0.099743 0.994874 0.0166339 0.627469 -0.85844 0.0944935 -0.504135 -60.6125 
-0.507871 0.0334818 0.860782 311.231 0.0971031 0.995101 0.0185855 0.656552 -0.855943 0.0930237 -0.508634 -61.8652 
-0.512492 0.0323993 0.85808 313.504 0.0961144 0.995173 0.0198291 0.686405 -0.853296 0.0926361 -0.513132 -63.1714 
-0.516649 0.0324575 0.855582 315.776 0.096605 0.99511 0.0205848 0.720314 -0.85073 0.0932886 -0.517258 -64.5014 
-0.521486 0.0338917 0.852587 318.034 0.0987133 0.994898 0.0208293 0.765604 -0.847531 0.0950239 -0.52217 -65.7823 
-0.52549 0.0345478 0.850098 320.297 0.0994588 0.994819 0.0210514 0.798592 -0.844966 0.095612 -0.526204 -67.1392 
-0.529133 0.0349045 0.84782 322.583 0.100548 0.994693 0.0218015 0.841768 -0.84256 0.0967822 -0.529835 -68.513 
-0.53292 0.0336686 0.845495 324.814 0.100644 0.994637 0.0238287 0.875907 -0.840159 0.0977929 -0.533451 -69.8725 
-0.537109 0.032034 0.842904 327.055 0.0989807 0.994768 0.0252661 0.911201 -0.837685 0.097002 -0.53747 -71.2407 
-0.540944 0.032027 0.840448 329.188 0.0984518 0.994816 0.0254577 0.942762 -0.835276 0.0965149 -0.541293 -72.5567 
-0.544842 0.0320303 0.837927 331.438 0.0985033 0.994796 0.0260226 0.985758 -0.832733 0.0967168 -0.545162 -73.9669 
-0.54867 0.0318504 0.835432 333.647 0.100047 0.994595 0.0277875 1.00436 -0.830031 0.0988289 -0.548891 -75.3749 
-0.553023 0.0314616 0.832571 335.793 0.100546 0.994504 0.0292051 1.04275 -0.827076 0.0998626 -0.553147 -76.739 
-0.556904 0.0322558 0.82995 337.834 0.104236 0.99406 0.0313095 1.06359 -0.82401 0.103947 -0.556958 -78.0526 
-0.560359 0.0313622 0.827655 339.977 0.103789 0.994065 0.0326019 1.10896 -0.821721 0.104171 -0.560289 -79.46 
-0.563105 0.030993 0.825804 342.058 0.10436 0.993963 0.0338575 1.16159 -0.819769 0.105246 -0.56294 -80.8395 
-0.56596 0.0297166 0.823897 344.234 0.101541 0.994254 0.0338907 1.20654 -0.818156 0.10284 -0.565725 -82.2903 
-0.568798 0.0289296 0.821969 346.423 0.0979084 0.994657 0.0327445 1.26858 -0.816629 0.0991027 -0.568591 -83.7483 
-0.572474 0.0281754 0.819439 348.569 0.0939902 0.995076 0.0314487 1.32998 -0.814518 0.0950228 -0.572303 -85.1714 
-0.57502 0.0251238 0.817753 350.753 0.0915065 0.995232 0.0337682 1.37284 -0.813006 0.0942472 -0.574578 -86.6601 
-0.579246 0.0244891 0.814784 352.979 0.0913626 0.995201 0.0350398 1.44099 -0.810016 0.0947375 -0.578704 -88.1554 
-0.582268 0.0249691 0.812613 355.2 0.0907192 0.995281 0.0344217 1.51446 -0.80792 0.0937623 -0.581786 -89.6713 
-0.585388 0.0242263 0.810391 357.375 0.0889793 0.995435 0.0345162 1.57565 -0.805856 0.0923135 -0.584871 -91.1832 
-0.588605 0.0205989 0.808158 359.516 0.0863995 0.995553 0.0375519 1.64313 -0.80379 0.0919278 -0.587767 -92.6748 
-0.591772 0.0182447 0.805899 361.636 0.08394 0.995703 0.0390954 1.70731 -0.801723 0.0907827 -0.590761 -94.1641 
-0.594812 0.0172832 0.803679 363.775 0.0823304 0.995821 0.0395184 1.77693 -0.799637 0.0896733 -0.59375 -95.682 
-0.597747 0.017509 0.801493 365.927 0.0820078 0.995852 0.0394059 1.84074 -0.797479 0.0892835 -0.596704 -97.2279 
-0.600051 0.0168966 0.799783 367.992 0.081694 0.995844 0.0402535 1.89867 -0.795779 0.0894916 -0.598938 -98.7365 
-0.60283 0.0163926 0.797701 370.151 0.0813218 0.995845 0.0409913 1.96703 -0.793714 0.0895813 -0.601658 -100.317 
-0.605433 0.0148011 0.795759 372.306 0.0779859 0.996119 0.0408058 2.02951 -0.792066 0.0867631 -0.604237 -101.905 
-0.607673 0.0114057 0.794105 374.478 0.0680332 0.996969 0.0377415 2.10328 -0.791268 0.07696 -0.606607 -103.546 
-0.610622 0.0139197 0.7918 376.606 0.0602733 0.997762 0.0289411 2.14086 -0.789625 0.0653965 -0.610095 -105.114 
-0.613197 0.0241302 0.789561 378.555 0.0708501 0.997185 0.0245489 2.17323 -0.786746 0.0709938 -0.613181 -106.537 
-0.613936 0.0250095 0.788959 380.697 0.0780757 0.996521 0.0291662 2.21745 -0.785485 0.0795048 -0.613753 -108.174 
-0.615367 0.0155121 0.788088 382.836 0.0767141 0.996239 0.0402919 2.29469 -0.784499 0.0852518 -0.614243 -109.86 
-0.617709 0.00513647 0.78639 384.983 0.0707828 0.996283 0.0490924 2.39103 -0.783215 0.0859877 -0.615777 -111.533 
-0.620587 -0.000781457 0.784137 387.101 0.0648325 0.996524 0.0523032 2.49715 -0.781453 0.0832963 -0.618379 -113.159 
-0.62382 -0.00794148 0.781527 389.293 0.0573366 0.996789 0.0558953 2.57668 -0.779462 0.0796787 -0.621362 -114.857 
-0.626341 -0.00265853 0.779544 391.164 0.0629767 0.996553 0.0539985 2.65126 -0.777001 0.0829146 -0.624015 -116.323 
-0.628513 0.0036895 0.77779 393.219 0.0671793 0.996509 0.0495589 2.74154 -0.774892 0.0833998 -0.626567 -117.884 
-0.6311 0.00657063 0.775674 395.333 0.0684464 0.996535 0.0472475 2.83717 -0.772676 0.08291 -0.629363 -119.535 
-0.634191 0.00697608 0.773145 397.389 0.0690274 0.996477 0.0476302 2.91301 -0.770089 0.0835749 -0.632439 -121.176 
-0.636248 0.00596359 0.771462 399.446 0.0694418 0.996354 0.0495686 3.00289 -0.768353 0.0851096 -0.634342 -122.835 
-0.638768 0.00516659 0.769382 401.51 0.0698941 0.996232 0.0513386 3.10011 -0.766218 0.0865687 -0.636723 -124.498 
-0.640226 0.00540775 0.768168 403.567 0.0698945 0.996237 0.0512398 3.20714 -0.765 0.0864957 -0.638195 -126.166 
-0.64127 0.00448388 0.767302 405.63 0.0667534 0.996518 0.0499655 3.34679 -0.764406 0.0832615 -0.639336 -127.858 
-0.642948 0.00509099 0.765893 407.687 0.0676834 0.996443 0.050195 3.44305 -0.762913 0.0841111 -0.641006 -129.53 
-0.644453 0.00424329 0.764632 409.725 0.0684916 0.996285 0.0521977 3.52742 -0.761571 0.0860098 -0.642349 -131.165 
-0.645341 0.00385242 0.763884 411.695 0.0709914 0.995962 0.0549518 3.61776 -0.760588 0.0896919 -0.643009 -132.793 
-0.646665 0.00320505 0.762767 413.503 0.0721167 0.995769 0.0569556 3.71963 -0.759357 0.0918395 -0.64416 -134.261 
-0.648273 0.00359297 0.761399 415.389 0.0712368 0.995889 0.055953 3.79466 -0.758068 0.0905125 -0.645864 -135.797 
-0.649631 0.00376124 0.76024 417.304 0.0674377 0.996331 0.0526967 3.89232 -0.757253 0.0855023 -0.647501 -137.373 
-0.6502 0.00308539 0.759756 419.148 0.0647461 0.996579 0.0513626 3.97393 -0.756999 0.0825873 -0.648176 -138.958 
-0.651686 0.00233394 0.758486 421.161 0.0642091 0.996575 0.0521014 4.07628 -0.755767 0.0826554 -0.649604 -140.613 
-0.652864 0.00167743 0.757473 423.232 0.0631206 0.99664 0.0521964 4.17064 -0.754841 0.0818893 -0.650776 -142.329 
-0.654245 0.000718662 0.756283 425.318 0.0602287 0.996873 0.0511552 4.27678 -0.753881 0.0790179 -0.652242 -144.062 
-0.655035 0.000114935 0.755598 427.349 0.059132 0.996941 0.0511103 4.37792 -0.753281 0.0781591 -0.653038 -145.769 
-0.655607 -0.000633367 0.755102 429.377 0.0608005 0.996708 0.0536252 4.47835 -0.75265 0.0810676 -0.653411 -147.476 
-0.655357 -0.00189245 0.755317 431.355 0.0631864 0.996354 0.0573205 4.59334 -0.752672 0.0852912 -0.652848 -149.157 
-0.654225 -0.00335118 0.756292 433.378 0.0675732 0.995732 0.0628658 4.71022 -0.753275 0.0922335 -0.651206 -150.878 
-0.652664 -0.00432712 0.757635 435.429 0.0712344 0.995203 0.0670488 4.85221 -0.754291 0.0977301 -0.649226 -152.611 
-0.651174 -0.0066645 0.758899 437.426 0.065363 0.995753 0.0648293 4.98434 -0.756108 0.0918191 -0.647973 -154.257 
-0.650457 -0.00706323 0.75951 439.446 0.0580747 0.996567 0.0590038 5.11953 -0.75732 0.0824878 -0.647813 -155.902 
-0.648685 -0.00938944 0.760999 441.503 0.0533272 0.996905 0.0577569 5.23609 -0.759186 0.078048 -0.646177 -157.622 
-0.645753 -0.00945669 0.763488 443.55 0.0519494 0.997062 0.0562882 5.35198 -0.761777 0.076011 -0.643365 -159.316 
-0.642811 -0.00902019 0.765972 445.538 0.0536403 0.996946 0.0567556 5.47348 -0.764144 0.0775701 -0.640364 -160.942 
-0.639283 -0.0089005 0.76892 447.575 0.0546345 0.99688 0.0569626 5.59449 -0.767028 0.0784248 -0.636803 -162.64 
-0.637126 -0.00830204 0.770715 449.503 0.0520242 0.997198 0.0537484 5.68297 -0.769002 0.0743403 -0.634909 -164.116 
-0.635484 -0.0129274 0.772005 451.6 0.0454848 0.997497 0.0541446 5.78897 -0.770773 0.0695226 -0.633306 -165.796 
-0.635058 -0.0192934 0.772223 453.686 0.0362593 0.997841 0.054749 5.89924 -0.771613 0.0627691 -0.632988 -167.419 
-0.634693 -0.0223434 0.772442 455.758 0.0296768 0.99814 0.0532564 6.0091 -0.772195 0.0567251 -0.632849 -169.051 
-0.63453 -0.023033 0.772555 457.842 0.0283459 0.99819 0.0530417 6.10835 -0.772378 0.0555553 -0.632729 -170.682 
-0.633799 -0.0231626 0.773151 459.806 0.0298023 0.998078 0.0543318 6.20125 -0.772923 0.0574771 -0.631891 -172.239 
-0.632943 -0.0241747 0.77382 461.852 0.0314442 0.997885 0.0568943 6.32175 -0.773559 0.0603431 -0.630844 -173.847 
-0.631566 -0.026419 0.774871 463.953 0.0301398 0.997827 0.0585863 6.44121 -0.774736 0.0603556 -0.629398 -175.511 
-0.630366 -0.0266314 0.775841 466.072 0.0275597 0.998014 0.0566497 6.57241 -0.775808 0.057092 -0.62838 -177.197 
-0.629504 -0.0261005 0.776559 468.153 0.0256346 0.998194 0.0543299 6.69477 -0.776575 0.0541076 -0.627698 -178.832 
-0.62861 -0.0247909 0.777326 470.224 0.0263655 0.998238 0.0531576 6.79476 -0.777274 0.05391 -0.626848 -180.448 
-0.627431 -0.0243769 0.778291 472.337 0.0284819 0.998122 0.0542233 6.90199 -0.778151 0.0561886 -0.625558 -182.107 
-0.626218 -0.0243426 0.779268 474.405 0.0302569 0.998001 0.0554897 7.01225 -0.779061 0.058327 -0.624229 -183.709 
-0.62581 -0.024904 0.779578 476.492 0.0297801 0.997998 0.0557875 7.11741 -0.779407 0.0581283 -0.623816 -185.312 
-0.624116 -0.0257802 0.780906 478.538 0.0292272 0.997986 0.0563057 7.22943 -0.780785 0.057965 -0.622105 -186.93 
-0.622627 -0.026551 0.782068 479.958 0.0291438 0.997944 0.057082 7.31676 -0.781976 0.0583332 -0.620573 -188.439 
-0.621553 -0.027736 0.782881 481.165 0.0288257 0.997886 0.0582388 7.34878 -0.782842 0.0587656 -0.619439 -189.511 
-0.620622 -0.0269682 0.783646 483.185 0.028134 0.997999 0.0566261 7.45597 -0.783605 0.0571905 -0.618622 -191.033 
-0.621244 -0.026026 0.783185 484.64 0.0281758 0.99806 0.0555163 7.43636 -0.78311 0.056556 -0.619305 -191.811 
-0.621701 -0.0246222 0.782867 486.179 0.0293737 0.99807 0.0547172 7.42153 -0.782703 0.0570135 -0.619778 -192.682 
-0.620828 -0.0256917 0.783526 488.074 0.0293815 0.997998 0.0560046 7.51053 -0.783396 0.0577904 -0.61883 -194.185 
-0.620078 -0.0267644 0.784084 490.147 0.0285108 0.997989 0.0566132 7.62506 -0.784022 0.0574594 -0.618068 -195.799 
-0.618216 -0.0279376 0.785512 492.408 0.0267963 0.998038 0.0565856 7.78258 -0.785551 0.0560309 -0.616254 -197.535 
-0.618243 -0.0273462 0.785511 494.095 0.0270234 0.998064 0.0560148 7.84642 -0.785522 0.055858 -0.616307 -198.927 
-0.618119 -0.0266056 0.785634 496.008 0.0279297 0.998053 0.0557736 7.94192 -0.785588 0.0564173 -0.616172 -200.455 
-0.618054 -0.0279321 0.785639 497.816 0.0278516 0.997963 0.0573914 8.02043 -0.785642 0.0573523 -0.616017 -201.878 
-0.617929 -0.0303865 0.785647 499.622 0.0266151 0.997872 0.0595281 8.10695 -0.785783 0.0576943 -0.615805 -203.248 
-0.617451 -0.0308741 0.786003 501.718 0.0257797 0.997898 0.0594486 8.2318 -0.786187 0.0569695 -0.615358 -204.868 
-0.617145 -0.0304872 0.786258 503.753 0.0259121 0.99792 0.0590331 8.34585 -0.786422 0.0568056 -0.615072 -206.437 
-0.616916 -0.0296187 0.786471 505.908 0.0262411 0.997962 0.0581673 8.47198 -0.786591 0.0565223 -0.614882 -208.089 
-0.615706 -0.0293527 0.787429 507.833 0.0267909 0.997948 0.0581484 8.56621 -0.78752 0.0568983 -0.613656 -209.621 
-0.614622 -0.0295449 0.788268 509.846 0.026938 0.997929 0.0584069 8.68683 -0.788362 0.0571325 -0.612553 -211.164 
-0.615271 -0.0292462 0.787773 511.337 0.0268591 0.997954 0.0580267 8.73916 -0.787858 0.056861 -0.613226 -212.118 
-0.615176 -0.0287047 0.787867 512.87 0.0277928 0.997926 0.0580588 8.81178 -0.7879 0.0576134 -0.613102 -213.21 
-0.615089 -0.0293057 0.787913 514.408 0.028103 0.997859 0.0590532 8.861 -0.787957 0.0584656 -0.612948 -214.457 
-0.614924 -0.0301927 0.788008 515.813 0.0292993 0.997702 0.0610909 8.86484 -0.788042 0.0606544 -0.612626 -215.582 
-0.61476 -0.0310801 0.788101 517.217 0.030496 0.997539 0.063128 8.87238 -0.788124 0.0628425 -0.6123 -216.707 
-0.61419 -0.030067 0.788585 519.144 0.0308349 0.997596 0.0620519 9.01945 -0.788555 0.0624276 -0.611787 -218.226 
-0.613746 -0.028945 0.788972 520.665 0.0322682 0.997573 0.0616995 9.1155 -0.788844 0.0633266 -0.611323 -219.562 
-0.613196 -0.0292741 0.789388 522.682 0.0328708 0.997502 0.0625259 9.23428 -0.789247 0.0642885 -0.610702 -221.12 
-0.612985 -0.0300358 0.789523 524.657 0.03242 0.997479 0.0631179 9.35916 -0.789429 0.0642867 -0.610466 -222.63 
-0.613127 -0.0306229 0.78939 526.585 0.0310259 0.997544 0.062796 9.51143 -0.789374 0.0629935 -0.610671 -224.081 
-0.613253 -0.0299596 0.789318 528.608 0.0314287 0.997564 0.062282 9.61731 -0.789261 0.0630019 -0.610817 -225.64 
-0.613391 -0.0309306 0.789174 530.921 0.0314371 0.997485 0.0635296 9.78101 -0.789154 0.0637778 -0.610876 -227.338 
-0.614044 -0.0312055 0.788655 533.417 0.0336671 0.997273 0.0656731 9.96964 -0.788553 0.0668779 -0.611319 -229.104 
-0.614358 -0.0321318 0.788373 535.55 0.0329728 0.997252 0.0663398 10.1059 -0.788338 0.0667513 -0.61161 -230.718 
-0.614673 -0.0309535 0.788174 537.723 0.0319131 0.997436 0.0640597 10.2523 -0.788136 0.0645289 -0.612109 -232.354 
-0.614928 -0.0303185 0.788 540.074 0.0303654 0.997609 0.0620793 10.4196 -0.787999 0.0621022 -0.612537 -234.087 
-0.614652 -0.0306393 0.788203 541.913 0.0298694 0.997624 0.0620725 10.5027 -0.788233 0.0616962 -0.612277 -235.522 
-0.614514 -0.0323607 0.788242 543.933 0.0305376 0.997434 0.064756 10.6149 -0.788315 0.0638645 -0.611949 -237.054 
-0.614596 -0.0335102 0.78813 545.912 0.031244 0.997279 0.0667674 10.7393 -0.788223 0.0656593 -0.611876 -238.577 
-0.614604 -0.0325877 0.788162 547.907 0.0318626 0.997305 0.0660812 10.8706 -0.788192 0.0657267 -0.61191 -240.087 
-0.614775 -0.032104 0.788049 550.04 0.0318883 0.997342 0.0655071 11.014 -0.788058 0.0654017 -0.612117 -241.679 
-0.614844 -0.0312414 0.78803 552.121 0.0323515 0.997375 0.0647824 11.1503 -0.787985 0.065325 -0.612219 -243.227 
-0.615523 -0.0312861 0.787498 553.781 0.0334205 0.997277 0.0657424 11.2298 -0.78741 0.0667845 -0.612801 -244.361 
-0.615567 -0.0320117 0.787434 555.849 0.0342162 0.997147 0.0672853 11.3634 -0.787341 0.0683616 -0.612716 -245.915 
-0.615498 -0.0330219 0.787446 557.968 0.0336732 0.997108 0.0681342 11.5078 -0.787419 0.0684523 -0.612606 -247.514 
-0.615211 -0.0332501 0.78766 560.214 0.0332302 0.997128 0.0680473 11.6671 -0.787661 0.0680377 -0.61234 -249.209 
-0.615287 -0.0327596 0.787622 562.335 0.0343783 0.99707 0.0683273 11.8095 -0.787553 0.069118 -0.612358 -250.745 
-0.615869 -0.0315927 0.787215 564.632 0.0369196 0.996941 0.0688931 11.9948 -0.786983 0.0714928 -0.612818 -252.319 
-0.615485 -0.032877 0.787463 566.698 0.0353463 0.996973 0.0692509 12.1363 -0.787356 0.0704568 -0.61246 -253.904 
-0.614678 -0.0345535 0.788021 568.783 0.0335388 0.996992 0.0698777 12.2771 -0.788065 0.0693816 -0.61167 -255.496 
-0.614461 -0.0339622 0.788215 570.671 0.0331939 0.997075 0.068838 12.3909 -0.788248 0.0684623 -0.611537 -256.847 
-0.614011 -0.0322815 0.788637 572.969 0.0355082 0.997022 0.068457 12.5406 -0.788498 0.0700365 -0.611037 -258.578 
-0.613141 -0.0316427 0.789339 574.742 0.0363693 0.997007 0.0682184 12.6379 -0.789136 0.0705352 -0.610155 -259.962 
-0.612064 -0.0322527 0.79015 576.426 0.0368191 0.996922 0.0692136 12.7226 -0.78995 0.0714558 -0.608993 -261.309 
-0.611234 -0.0335377 0.790739 578.154 0.0367265 0.996823 0.0706676 12.8095 -0.790597 0.0722355 -0.608061 -262.671 
-0.611064 -0.0325742 0.790911 579.923 0.0366763 0.996915 0.0693949 12.8978 -0.790731 0.0714124 -0.607984 -263.894 
-0.610861 -0.0330035 0.79105 581.691 0.0358893 0.996949 0.0693081 13.023 -0.790924 0.0707279 -0.607813 -265.067 
-0.609885 -0.0331752 0.791795 583.725 0.0352296 0.997001 0.0689088 13.1582 -0.791706 0.0699211 -0.606887 -266.61 
-0.609826 -0.0337635 0.791816 586.06 0.0346047 0.997005 0.069164 13.363 -0.791779 0.0695786 -0.606831 -268.269 
-0.609838 -0.0344714 0.791776 588.369 0.0335295 0.997037 0.0692326 13.5255 -0.791817 0.0687686 -0.606875 -269.874 
-0.609108 -0.035237 0.792304 590.257 0.0323316 0.997079 0.0692001 13.6783 -0.792428 0.0677668 -0.60619 -271.343 
-0.609015 -0.0360634 0.792338 592.4 0.0307847 0.997138 0.0690469 13.8223 -0.792561 0.0664425 -0.606162 -272.895 
-0.60903 -0.0356308 0.792346 594.289 0.0295814 0.997275 0.0675837 13.9331 -0.792595 0.0645992 -0.606317 -274.36 
-0.609029 -0.0355078 0.792353 596.396 0.0305235 0.997208 0.0681494 14.0764 -0.79256 0.0656903 -0.606245 -275.93 
-0.609115 -0.0367728 0.792229 598.468 0.0304971 0.9971 0.0697302 14.2284 -0.792495 0.0666344 -0.606227 -277.477 
-0.609851 -0.0388209 0.791565 600.642 0.0287096 0.997062 0.071018 14.3871 -0.791996 0.0660359 -0.606944 -279.058 
-0.609563 -0.0380053 0.791826 602.512 0.0281836 0.99718 0.0695579 14.5143 -0.792236 0.0647165 -0.606773 -280.523 
-0.609608 -0.0362254 0.791875 604.591 0.0285152 0.997307 0.0675749 14.6547 -0.79219 0.0637747 -0.606933 -282.087 
-0.609609 -0.0349812 0.79193 606.452 0.0288006 0.997389 0.0662266 14.7585 -0.792179 0.0631804 -0.607009 -283.369 
-0.609655 -0.0347063 0.791906 608.621 0.0295251 0.997353 0.0664404 14.9101 -0.792117 0.0638868 -0.607017 -284.979 
-0.609418 -0.035266 0.792064 610.669 0.0299487 0.997273 0.0674453 15.0541 -0.792283 0.0648237 -0.6067 -286.526 
-0.609636 -0.0358738 0.791869 612.849 0.030587 0.997167 0.0687222 15.2078 -0.792091 0.0661164 -0.606811 -288.152 
-0.609718 -0.0360677 0.791797 615.188 0.030823 0.997129 0.0691559 15.3905 -0.792018 0.0665712 -0.606857 -289.872 
-0.609477 -0.0357502 0.791997 617.4 0.0303247 0.9972 0.068349 15.5575 -0.792224 0.0656743 -0.606687 -291.579 
-0.609113 -0.0368989 0.792224 619.706 0.0287346 0.997234 0.0685404 15.7264 -0.792562 0.0645131 -0.606368 -293.394 
-0.60845 -0.0370688 0.792726 621.516 0.0289723 0.997205 0.0688678 15.8229 -0.793063 0.0648697 -0.605676 -294.824 
-0.608285 -0.0375946 0.792828 623.114 0.0291209 0.997148 0.0696256 15.8934 -0.793185 0.06544 -0.605455 -295.881 
-0.609952 -0.0375877 0.791546 625.172 0.0282346 0.997209 0.0691111 16.1176 -0.791935 0.0645035 -0.607189 -296.609 
-0.611618 -0.0379847 0.790241 627.315 0.0272992 0.997239 0.069063 16.3538 -0.790682 0.0638132 -0.608892 -297.377 
-0.611696 -0.0372687 0.790214 629.146 0.0264717 0.997366 0.0675299 16.4991 -0.79065 0.0622262 -0.609098 -298.688 
-0.612102 -0.0362328 0.789948 631.063 0.0256283 0.997516 0.0656118 16.7018 -0.790363 0.0604062 -0.609653 -299.988 
-0.611651 -0.0363504 0.790292 633.144 0.0264917 0.997442 0.0663818 16.8383 -0.790684 0.0615386 -0.609123 -301.552 
-0.611031 -0.0365462 0.790763 635.204 0.0263871 0.997438 0.0664875 16.9818 -0.791167 0.0614918 -0.608501 -303.129 
-0.610402 -0.0354334 0.791299 637.4 0.0266705 0.997513 0.0652409 17.1276 -0.791643 0.0609275 -0.607939 -304.784 
-0.610385 -0.0339798 0.791376 639.694 0.0269318 0.997611 0.0636074 17.3017 -0.791647 0.0601382 -0.608012 -306.455 
-0.609468 -0.0340203 0.79208 641.642 0.0276428 0.997559 0.0641155 17.4083 -0.792328 0.0609717 -0.60704 -307.916 
