1 -4.23778e-08 4.22719e-08 0 -4.23778e-08 1 -4.19404e-08 0 4.22719e-08 -4.19404e-08 1 0 
0.999997 -0.00212435 -0.00148893 -0.0124361 0.00212829 0.999994 0.00270927 -0.0118797 0.00148325 -0.00271251 0.999995 1.54423 
0.999991 -0.00265488 -0.00321085 -0.0292582 0.00266617 0.99999 0.00354523 -0.031036 0.00320149 -0.00355385 0.999988 3.07595 
0.999987 -0.00172793 -0.00480079 -0.0574017 0.00174432 0.999993 0.00343145 -0.0496808 0.00479491 -0.00343986 0.999983 4.58352 
0.999978 -0.0014157 -0.0064481 -0.0887355 0.00143705 0.999993 0.00332082 -0.0667663 0.00644344 -0.0033301 0.999974 6.10173 
0.999967 -0.00127343 -0.0079827 -0.115256 0.00130162 0.999993 0.00353766 -0.0819586 0.00797822 -0.00354802 0.999962 7.6164 
0.999952 -0.00145652 -0.00971879 -0.15301 0.00149415 0.999991 0.00387524 -0.0989008 0.00971315 -0.00388966 0.999945 9.12413 
0.999927 -0.00374933 -0.0115166 -0.188068 0.00378658 0.999988 0.00322235 -0.116046 0.0115045 -0.00326581 0.999928 10.6196 
0.999903 -0.00517957 -0.0129418 -0.225745 0.00522488 0.99998 0.00347624 -0.131159 0.0129237 -0.00354361 0.99991 12.1264 
0.999886 -0.00448112 -0.0144073 -0.262022 0.0045322 0.999983 0.00352091 -0.149687 0.0143913 -0.00358589 0.99989 13.6407 
0.999869 -0.0040833 -0.0156752 -0.2987 0.00413934 0.999985 0.00354974 -0.165832 0.0156605 -0.00361425 0.999871 15.1049 
0.999862 -0.00243327 -0.0164384 -0.34436 0.00250251 0.999988 0.00419779 -0.186902 0.016428 -0.00423844 0.999856 16.5906 
0.999851 -0.000673743 -0.0172298 -0.388054 0.000756708 0.999988 0.00481399 -0.196882 0.0172264 -0.00482639 0.99984 18.061 
0.999839 -8.62467e-05 -0.017944 -0.436897 0.000186422 0.999984 0.00558573 -0.211421 0.0179433 -0.00558826 0.999823 19.5454 
0.999831 -6.24084e-05 -0.0183672 -0.480968 0.000165156 0.999984 0.00559715 -0.224359 0.0183667 -0.00559933 0.999816 21.0271 
0.999817 0.000793894 -0.0191007 -0.526676 -0.000686057 0.999984 0.00565599 -0.234376 0.019105 -0.00564194 0.999801 22.5033 
0.999811 0.001566 -0.0193677 -0.575088 -0.0014482 0.99998 0.00609884 -0.242064 0.019377 -0.00606973 0.999794 23.9764 
0.999805 0.00255702 -0.0195829 -0.616926 -0.00241451 0.99997 0.00730172 -0.252119 0.0196011 -0.0072531 0.999781 25.4397 
0.999803 0.00231585 -0.0197033 -0.663343 -0.00219939 0.99998 0.00593503 -0.263466 0.0197167 -0.00589061 0.999788 26.9007 
0.999796 0.0028553 -0.0200061 -0.703016 -0.00277887 0.999989 0.00385128 -0.273594 0.020017 -0.00379499 0.999792 28.3712 
0.999801 0.000562579 -0.0199345 -0.746526 -0.000489001 0.999993 0.0036999 -0.289492 0.0199365 -0.0036895 0.999794 29.7936 
0.999806 -0.000194583 -0.0196819 -0.792884 0.000320878 0.999979 0.00641806 -0.303184 0.0196803 -0.00642322 0.999786 31.208 
0.999805 -0.00185376 -0.0196721 -0.835751 0.00200283 0.999969 0.00756488 -0.315412 0.0196576 -0.00760289 0.999778 32.6252 
0.999804 -0.00225946 -0.019686 -0.87551 0.00239872 0.999972 0.00705733 -0.328261 0.0196696 -0.00710325 0.999781 34.0144 
0.999809 -0.00248759 -0.019386 -0.919437 0.00258982 0.999983 0.00525422 -0.341266 0.0193727 -0.00530351 0.999798 35.4056 
0.999817 -0.00167821 -0.0190493 -0.961734 0.00176338 0.999988 0.00445971 -0.355768 0.0190417 -0.00449257 0.999809 36.7755 
0.99983 -0.0010498 -0.0184296 -1.00214 0.0011161 0.999993 0.00359191 -0.373249 0.0184258 -0.00361195 0.999824 38.135 
0.999852 -0.000844576 -0.0171621 -1.04272 0.00092472 0.999989 0.00466733 -0.391151 0.0171581 -0.0046826 0.999842 39.4821 
0.999877 -0.0003854 -0.015658 -1.08929 0.000492867 0.999976 0.0068655 -0.408647 0.015655 -0.00687246 0.999854 40.8059 
0.9999 -0.000796588 -0.0141026 -1.12313 0.000906993 0.999969 0.00782992 -0.421024 0.014096 -0.00784202 0.99987 42.1502 
0.999929 -0.000242663 -0.0118777 -1.15452 0.000342423 0.999965 0.00840463 -0.432708 0.0118753 -0.00840819 0.999894 43.4429 
0.999963 -0.000639767 -0.00857998 -1.18305 0.000707186 0.999969 0.00786676 -0.446709 0.00857476 -0.00787262 0.999932 44.726 
0.999987 -0.00144035 -0.0049262 -1.21042 0.0014698 0.999981 0.00599585 -0.459139 0.00491755 -0.00600309 0.99997 45.9833 
0.999997 -0.00177801 -0.00160787 -1.22912 0.0017848 0.999989 0.00428156 -0.47323 0.00160033 -0.00428451 0.999989 47.2294 
0.999996 -0.00135894 0.00259279 -1.24664 0.00134617 0.999987 0.00488559 -0.487973 -0.00259931 -0.00488217 0.999985 48.4572 
0.999969 -0.000983635 0.00775331 -1.25261 0.000946814 0.999988 0.0047404 -0.502681 -0.0077578 -0.004733 0.999959 49.673 
0.999898 0.00065646 0.0142514 -1.2592 -0.0007109 0.999992 0.00380932 -0.516101 -0.0142487 -0.00381915 0.999891 50.8841 
0.999762 0.00207692 0.021695 -1.25553 -0.00216136 0.99999 0.0038654 -0.529306 -0.0216867 -0.00391146 0.999757 52.0779 
0.999542 0.00325608 0.0300966 -1.24336 -0.00340428 0.999982 0.00487138 -0.545355 -0.0300802 -0.00497168 0.999535 53.2545 
0.999175 0.00524946 0.0402764 -1.21149 -0.00547957 0.999969 0.00560298 -0.562113 -0.0402456 -0.00581913 0.999173 54.4468 
0.998565 0.00740361 0.0530381 -1.16905 -0.00770989 0.999955 0.0055707 -0.576648 -0.0529944 -0.00597171 0.998577 55.6024 
0.997638 0.00963103 0.0680169 -1.12018 -0.010066 0.999931 0.00605404 -0.589696 -0.0679538 -0.00672448 0.997666 56.7455 
0.996394 0.0116717 0.0840365 -1.04284 -0.0123277 0.999897 0.00729058 -0.601183 -0.0839427 -0.00830035 0.996436 57.8761 
0.994756 0.0118408 0.101589 -0.943999 -0.0127209 0.999887 0.00801962 -0.611805 -0.101483 -0.00926996 0.994794 58.99 
0.992643 0.0112878 0.12055 -0.824553 -0.0122523 0.999898 0.00726188 -0.622738 -0.120455 -0.00868554 0.992681 60.0973 
0.990012 0.0102745 0.140604 -0.687152 -0.0112649 0.999917 0.00624908 -0.631832 -0.140529 -0.00777064 0.990046 61.1813 
0.986836 0.00739408 0.161554 -0.525081 -0.00846488 0.999946 0.0059403 -0.639081 -0.161501 -0.00722972 0.986846 62.2543 
0.983114 0.00229909 0.182979 -0.335217 -0.00387665 0.999958 0.00826382 -0.651986 -0.182952 -0.0088337 0.983082 63.3247 
0.978537 -0.00327683 0.206043 -0.120907 0.00130667 0.999952 0.00969677 -0.659762 -0.206065 -0.0092195 0.978495 64.3719 
0.97319 -0.00824808 0.229853 0.115118 0.00628961 0.999937 0.0092515 -0.669997 -0.229915 -0.00755786 0.973181 65.3991 
0.966883 -0.0142431 0.254824 0.375906 0.0127056 0.99989 0.0076785 -0.678791 -0.254905 -0.0041866 0.966957 66.3992 
0.959565 -0.0180462 0.280908 0.6603 0.0163529 0.999831 0.00837083 -0.686629 -0.281011 -0.00343879 0.959698 67.3806 
0.951099 -0.02054 0.308203 0.963983 0.0181091 0.999778 0.0107454 -0.693179 -0.308356 -0.00463873 0.95126 68.3495 
0.941653 -0.0251102 0.335647 1.29926 0.021765 0.999669 0.013725 -0.698405 -0.33588 -0.00561889 0.941888 69.2942 
0.930902 -0.0281854 0.364181 1.65555 0.02498 0.999597 0.0135096 -0.705349 -0.364415 -0.00347897 0.93123 70.2158 
0.918881 -0.027543 0.393571 2.02238 0.025752 0.99962 0.00983137 -0.714884 -0.393692 0.00110132 0.919242 71.1174 
0.906002 -0.0287636 0.422296 2.42514 0.0295299 0.999553 0.00472769 -0.722975 -0.422243 0.00818699 0.906446 71.9875 
0.89198 -0.0305849 0.451039 2.85531 0.0330673 0.99945 0.00237805 -0.72937 -0.450864 0.0127934 0.892501 72.8473 
0.876526 -0.0311396 0.480347 3.31561 0.0324205 0.999458 0.00563174 -0.736307 -0.480262 0.0106367 0.87706 73.6952 
0.859029 -0.0300158 0.511046 3.79483 0.0281697 0.999539 0.0113556 -0.744063 -0.511151 0.00464115 0.859478 74.525 
0.839572 -0.0301021 0.542414 4.30266 0.0260628 0.999546 0.01513 -0.750946 -0.542623 0.00143405 0.839975 75.3313 
0.818642 -0.0242501 0.573792 4.83058 0.0224109 0.999696 0.0102757 -0.756772 -0.573866 0.00444707 0.818937 76.108 
0.796852 -0.017294 0.603927 5.37908 0.019258 0.999809 0.00322032 -0.761235 -0.603868 0.00906428 0.797033 76.8549 
0.774655 -0.0150659 0.632204 5.96032 0.0184919 0.999828 0.00116794 -0.764653 -0.632113 0.0107858 0.774801 77.5742 
0.751611 -0.0174786 0.659375 6.56973 0.0195219 0.9998 0.00424964 -0.772351 -0.659318 0.00967815 0.751802 78.2698 
0.727334 -0.0179453 0.686049 7.18702 0.0196963 0.999792 0.00527032 -0.792745 -0.686001 0.00967931 0.727536 78.9341 
0.702279 -0.0160182 0.711721 7.82865 0.0202915 0.999791 0.00247908 -0.800509 -0.711612 0.0127009 0.702457 79.5732 
0.67634 -0.0136344 0.736464 8.48705 0.0201744 0.999796 -1.79617e-05 -0.807354 -0.736313 0.0148698 0.676477 80.1786 
0.64954 -0.0113688 0.760242 9.16404 0.0184721 0.999829 -0.000830736 -0.818499 -0.760103 0.0145828 0.649639 80.7665 
0.621878 -0.0100894 0.783049 9.86993 0.0185152 0.999827 -0.0018219 -0.831859 -0.782895 0.0156313 0.621957 81.3297 
0.59329 -0.00343037 0.804982 10.5907 0.0168193 0.999825 -0.00813563 -0.847866 -0.804813 0.018366 0.593244 81.872 
0.563411 0.00591728 0.826155 11.3303 0.015349 0.999727 -0.0176281 -0.865362 -0.826034 0.0226125 0.563166 82.3903 
0.532933 0.01404 0.846041 12.0983 0.0142711 0.999571 -0.0255776 -0.890732 -0.846037 0.0257051 0.532504 82.8798 
0.501315 0.0190312 0.865055 12.8896 0.0117113 0.999517 -0.0287763 -0.917292 -0.865185 0.0245569 0.50085 83.3502 
0.469064 0.0185242 0.88297 13.7005 0.00962367 0.999613 -0.0260838 -0.950096 -0.883112 0.0207324 0.468705 83.7906 
0.435914 0.0173514 0.899821 14.5291 0.00462392 0.999758 -0.0215187 -0.98481 -0.899977 0.013541 0.435728 84.2113 
0.401616 0.0186438 0.915618 15.3754 0.000383991 0.999789 -0.0205262 -1.01471 -0.915808 0.00859524 0.401525 84.6008 
0.366789 0.0217111 0.930051 16.2397 -0.0067656 0.999763 -0.0206704 -1.04213 -0.93028 0.00128929 0.366849 84.9583 
0.330975 0.0236592 0.943343 17.1213 -0.0118051 0.999711 -0.0209312 -1.06872 -0.943566 -0.00420856 0.331159 85.2887 
0.295142 0.0232718 0.95517 18.03 -0.0145259 0.999697 -0.0198683 -1.09082 -0.955343 -0.00801078 0.29539 85.5814 
0.259017 0.0228444 0.965603 18.9542 -0.0152785 0.999692 -0.0195526 -1.1185 -0.965752 -0.00968849 0.259286 85.8435 
0.223262 0.0223426 0.974502 19.8908 -0.0148429 0.999699 -0.0195199 -1.14473 -0.974645 -0.0101064 0.223527 86.0647 
0.188022 0.0211394 0.981937 20.8317 -0.0126211 0.999738 -0.0191061 -1.16709 -0.982084 -0.00880079 0.188239 86.2504 
0.153847 0.0200212 0.987892 21.7935 -0.00432852 0.999799 -0.0195885 -1.19462 -0.988085 -0.00126249 0.153902 86.3925 
0.12032 0.0234501 0.992458 22.7586 -0.0021287 0.999725 -0.0233638 -1.22431 -0.992733 0.000698493 0.120337 86.5096 
0.0877586 0.0286562 0.995729 23.7248 -0.00137839 0.999589 -0.0286459 -1.25294 -0.996141 0.00114142 0.087762 86.6013 
0.0588902 0.0322748 0.997743 24.6956 0.00548564 0.999452 -0.0326539 -1.28852 -0.998249 0.00739625 0.0586809 86.6543 
0.0334543 0.0305446 0.998973 25.6748 0.00716314 0.9995 -0.0308007 -1.32295 -0.999414 0.0081862 0.0332188 86.6922 
0.0110393 0.0274215 0.999563 26.66 0.00888474 0.999582 -0.0275202 -1.36158 -0.9999 0.00918466 0.010791 86.711 
-0.00775823 0.0247395 0.999664 27.6461 0.00945726 0.999651 -0.0246658 -1.39947 -0.999925 0.00926272 -0.00798949 86.7112 
-0.0241506 0.0279238 0.999318 28.6314 0.0111943 0.999555 -0.02766 -1.43493 -0.999646 0.0105186 -0.0244524 86.6894 
-0.0388804 0.0322225 0.998724 29.6167 0.0141138 0.999398 -0.0316949 -1.4708 -0.999144 0.0128635 -0.0393117 86.6588 
-0.0508951 0.037248 0.998009 30.6001 0.0184643 0.999168 -0.0363498 -1.51081 -0.998533 0.0165776 -0.0515405 86.6121 
-0.0595099 0.0407638 0.997395 31.612 0.024218 0.998931 -0.0393816 -1.55365 -0.997934 0.0218113 -0.0604335 86.5512 
-0.0654179 0.0461611 0.99679 32.6194 0.027797 0.998626 -0.0444219 -1.60016 -0.997471 0.0248018 -0.0666112 86.4886 
-0.0688046 0.0509518 0.996328 33.6224 0.0296183 0.998359 -0.0490103 -1.65151 -0.99719 0.0261374 -0.0702008 86.4231 
-0.0715807 0.0550155 0.995916 34.6233 0.0315189 0.998104 -0.052871 -1.70833 -0.996937 0.0276057 -0.073179 86.3535 
-0.0742464 0.0578051 0.995563 35.6266 0.0316357 0.997953 -0.0555846 -1.77158 -0.996738 0.0273684 -0.0759231 86.2864 
-0.076576 0.0612636 0.99518 36.6293 0.0327203 0.997727 -0.0589028 -1.83814 -0.996527 0.0280521 -0.0784066 86.2165 
-0.0782593 0.0649672 0.994814 37.642 0.0342102 0.997462 -0.062449 -1.90481 -0.996346 0.0291456 -0.0802832 86.1412 
-0.0805135 0.0664938 0.994533 38.6562 0.0368263 0.99729 -0.0636968 -1.97276 -0.996073 0.0314965 -0.082744 86.0646 
-0.0826549 0.0652216 0.994442 39.688 0.037018 0.997368 -0.0623368 -2.04502 -0.99589 0.0316598 -0.0848518 85.99 
-0.0849151 0.0651738 0.994254 40.7339 0.0361854 0.997402 -0.0622897 -2.11051 -0.995731 0.0306882 -0.0870528 85.9047 
-0.0866747 0.0664146 0.99402 41.7515 0.0363946 0.99732 -0.0634617 -2.18379 -0.995572 0.0306765 -0.0888596 85.8183 
-0.0892788 0.0686064 0.993641 42.785 0.035203 0.997219 -0.0656906 -2.25594 -0.995384 0.0291143 -0.0914456 85.7406 
-0.0920062 0.0707957 0.993238 43.821 0.0335213 0.997124 -0.0679676 -2.33487 -0.995194 0.0270413 -0.0941148 85.6613 
-0.0944299 0.0743171 0.992754 44.8609 0.0311882 0.996941 -0.071664 -2.41597 -0.995043 0.024195 -0.0964588 85.5751 
-0.0965698 0.0785754 0.99222 45.9055 0.0278961 0.996701 -0.0762153 -2.49744 -0.994935 0.0203189 -0.0984432 85.4833 
-0.0991076 0.0809392 0.991779 46.9429 0.0259018 0.996558 -0.0787409 -2.58217 -0.994739 0.0178851 -0.100863 85.3927 
-0.102044 0.0796069 0.991589 47.9943 0.0236436 0.996705 -0.0775846 -2.66377 -0.994499 0.0155277 -0.10359 85.3003 
-0.104717 0.0753598 0.991643 49.049 0.0207323 0.997073 -0.0735833 -2.75152 -0.994286 0.0128536 -0.105973 85.2024 
-0.107337 0.0737662 0.991482 50.0958 0.0208724 0.997191 -0.0719314 -2.83485 -0.994004 0.0129738 -0.108575 85.1082 
-0.109184 0.074343 0.991238 51.1494 0.0198599 0.997163 -0.0726 -2.91679 -0.993823 0.0117591 -0.110351 85.0035 
-0.11049 0.0770934 0.990883 52.2069 0.0216811 0.996937 -0.0751469 -3.00029 -0.993641 0.0131805 -0.111823 84.9008 
-0.111215 0.0798146 0.990586 53.2724 0.0217657 0.996726 -0.0778657 -3.08602 -0.993558 0.0129009 -0.112588 84.7908 
-0.111413 0.0804415 0.990513 54.3298 0.0204079 0.996693 -0.078648 -3.17676 -0.993565 0.0114519 -0.112686 84.6811 
-0.111231 0.0791934 0.990634 55.3962 0.0174973 0.996821 -0.0777234 -3.2652 -0.99364 0.00868817 -0.112263 84.5796 
-0.111496 0.0785233 0.990658 56.4583 0.013597 0.9969 -0.077488 -3.357 -0.993672 0.00483033 -0.112218 84.4802 
-0.111471 0.079668 0.990569 57.5274 0.0100078 0.996821 -0.0790447 -3.4459 -0.993717 0.00110227 -0.111914 84.3802 
-0.111686 0.0797925 0.990535 58.6022 0.00613713 0.996807 -0.0796059 -3.53813 -0.993725 -0.00281182 -0.111819 84.2794 
-0.111998 0.0793578 0.990535 59.6915 0.00253365 0.996826 -0.0795754 -3.62964 -0.993705 -0.00640258 -0.111843 84.1763 
-0.112503 0.0741585 0.99088 60.7842 0.00284053 0.997231 -0.0743114 -3.71778 -0.993647 -0.00554558 -0.112402 84.0775 
-0.112838 0.0654898 0.991453 61.8875 0.00607339 0.997852 -0.0652213 -3.80388 -0.993595 -0.00133795 -0.112993 83.9635 
-0.112408 0.0601243 0.991841 62.9974 0.011607 0.998179 -0.0591931 -3.88369 -0.993594 0.00485853 -0.112901 83.838 
-0.111747 0.0623424 0.991779 64.0975 0.0198616 0.997971 -0.0604938 -3.95893 -0.993538 0.0129383 -0.112758 83.7154 
-0.110624 0.068043 0.99153 65.2048 0.0251069 0.997526 -0.0656534 -4.02907 -0.993545 0.0176314 -0.112059 83.5972 
-0.109659 0.0737432 0.99123 66.3136 0.0286006 0.997065 -0.0710133 -4.10827 -0.993558 0.0205625 -0.111447 83.4805 
-0.108949 0.0780216 0.990981 67.4261 0.0293916 0.996732 -0.0752432 -4.19767 -0.993613 0.0209288 -0.110886 83.3667 
-0.108755 0.0752663 0.991215 68.5605 0.0264701 0.996995 -0.072801 -4.28413 -0.993716 0.01832 -0.110421 83.2596 
-0.10855 0.0705728 0.991583 69.6946 0.0256252 0.997344 -0.0681777 -4.37447 -0.993761 0.0180088 -0.11007 83.1486 
-0.108458 0.0683933 0.991745 70.8323 0.0233486 0.99753 -0.0662389 -4.45879 -0.993827 0.0159717 -0.109787 83.039 
-0.108345 0.0691801 0.991703 71.9706 0.0213788 0.997507 -0.0672494 -4.54039 -0.993883 0.0139153 -0.109554 82.9294 
-0.108136 0.0741894 0.991364 73.0988 0.0226294 0.997137 -0.0721531 -4.6301 -0.993878 0.0146316 -0.109505 82.8206 
-0.107449 0.0768165 0.991238 74.2457 0.0220174 0.99695 -0.0748725 -4.71476 -0.993967 0.0137795 -0.108813 82.7088 
-0.107396 0.0760169 0.991306 75.3961 0.0223413 0.997005 -0.0740336 -4.79848 -0.993965 0.0141962 -0.108772 82.6096 
-0.106135 0.0691704 0.991943 76.5623 0.0244385 0.997458 -0.0669401 -4.88818 -0.994051 0.0171369 -0.107555 82.4849 
-0.106789 0.0676656 0.991976 77.7185 0.0236484 0.997572 -0.0655016 -4.97261 -0.994 0.0164638 -0.10813 82.372 
-0.106354 0.0708114 0.991804 78.872 0.0213222 0.997394 -0.0689242 -5.05387 -0.9941 0.0138171 -0.107587 82.2686 
-0.105889 0.0737652 0.991638 80.0359 0.0207609 0.997191 -0.0719615 -5.14278 -0.994161 0.0129674 -0.107123 82.1574 
-0.105813 0.0732776 0.991682 81.1964 0.0200783 0.997235 -0.0715457 -5.23341 -0.994183 0.0123409 -0.106992 82.0456 
-0.105854 0.0697225 0.991934 82.3768 0.019753 0.997489 -0.0680051 -5.32505 -0.994185 0.0123951 -0.106966 81.9417 
-0.104797 0.0685471 0.992128 83.5667 0.0207028 0.997556 -0.0667354 -5.4112 -0.994278 0.0135461 -0.10596 81.8257 
-0.103665 0.06885 0.992226 84.7575 0.0224555 0.997509 -0.0668705 -5.49942 -0.994359 0.0153488 -0.104953 81.714 
-0.102395 0.0689097 0.992354 85.9591 0.0251055 0.997459 -0.0666737 -5.58627 -0.994427 0.0180865 -0.103865 81.595 
-0.101232 0.0684872 0.992503 87.1608 0.0249868 0.997488 -0.0662827 -5.67122 -0.994549 0.0180896 -0.102689 81.4853 
-0.100304 0.0692946 0.992541 88.3568 0.0262062 0.99741 -0.0669863 -5.75508 -0.994612 0.0192917 -0.10186 81.3847 
-0.0994451 0.0672534 0.992768 89.5658 0.0263889 0.997541 -0.0649335 -5.84434 -0.994693 0.0197408 -0.100975 81.2807 
-0.0981566 0.066454 0.99295 90.7846 0.0250688 0.997616 -0.0642883 -5.93137 -0.994855 0.0185818 -0.0995886 81.175 
-0.0968338 0.0656439 0.993133 92.009 0.0262415 0.997644 -0.0633835 -6.01804 -0.994954 0.0199236 -0.0983283 81.0686 
-0.0951854 0.0666018 0.993229 93.237 0.0242034 0.997619 -0.0645768 -6.10323 -0.995165 0.0178927 -0.0965708 80.9663 
-0.0935128 0.069282 0.993205 94.4624 0.0249261 0.997426 -0.0672297 -6.18978 -0.995306 0.0184699 -0.0949991 80.8612 
-0.0923989 0.068226 0.993382 95.6933 0.0225429 0.997537 -0.0664147 -6.27424 -0.995467 0.0162571 -0.0937094 80.7648 
-0.0920765 0.066694 0.993516 96.9285 0.0189619 0.997691 -0.065217 -6.36585 -0.995571 0.012834 -0.0931285 80.6705 
-0.0917026 0.0676396 0.993486 98.1531 0.0162771 0.997659 -0.0664213 -6.45723 -0.995653 0.0100801 -0.0925889 80.5677 
-0.0918831 0.0670759 0.993508 99.3994 0.0135165 0.997721 -0.0661103 -6.54391 -0.995678 0.00735436 -0.0925803 80.4677 
-0.0928868 0.0645531 0.993582 100.653 0.0107851 0.997903 -0.0638257 -6.63435 -0.995618 0.00478728 -0.0933882 80.3689 
-0.0940978 0.0630922 0.993562 101.908 0.00900334 0.998003 -0.0625216 -6.7231 -0.995522 0.00306223 -0.0944779 80.2688 
-0.0954301 0.0624975 0.993472 103.175 0.00735262 0.998044 -0.0620789 -6.8111 -0.995409 0.00138043 -0.095703 80.163 
-0.0969414 0.0625529 0.993322 104.433 0.00740542 0.998041 -0.0621274 -6.89929 -0.995262 0.00133326 -0.0972147 80.0537 
-0.0990515 0.0613366 0.99319 105.694 0.00732857 0.998116 -0.06091 -6.98252 -0.995055 0.00124544 -0.0993144 79.9402 
-0.102017 0.0567544 0.993162 106.96 0.00470383 0.998387 -0.0565699 -7.06498 -0.994771 -0.0010994 -0.102119 79.827 
-0.106234 0.056638 0.992727 108.219 0.00436785 0.998393 -0.056494 -7.14906 -0.994331 -0.00166551 -0.106311 79.7084 
-0.111836 0.0626511 0.99175 109.449 -0.000374374 0.998008 -0.0630887 -7.23104 -0.993727 -0.00742685 -0.11159 79.5926 
-0.118686 0.0656605 0.990758 110.685 0.000493498 0.997815 -0.0660691 -7.31936 -0.992932 -0.00735254 -0.118459 79.463 
-0.12753 0.061923 0.9899 111.948 0.00223312 0.998064 -0.0621461 -7.40601 -0.991832 -0.0057149 -0.127421 79.32 
-0.138262 0.0594045 0.988612 113.208 0.00429549 0.998226 -0.0593815 -7.50224 -0.990386 -0.00396365 -0.138272 79.1618 
-0.151123 0.0604247 0.986666 114.448 0.00494639 0.998164 -0.0603712 -7.58448 -0.988503 -0.00424303 -0.151144 78.987 
-0.165435 0.0607111 0.98435 115.668 0.0070384 0.998151 -0.0603794 -7.66708 -0.986195 -0.00306063 -0.165557 78.8003 
-0.179483 0.0588089 0.982002 116.883 0.00821608 0.998266 -0.0582814 -7.75014 -0.983727 -0.00239229 -0.179655 78.5888 
-0.195112 0.0610239 0.978881 118.081 0.0121313 0.998136 -0.0598064 -7.83877 -0.980706 0.000206206 -0.195488 78.3636 
-0.210298 0.064366 0.975516 119.259 0.0125525 0.997926 -0.0631387 -7.92288 -0.977557 -0.00103282 -0.21067 78.1254 
-0.225076 0.0682933 0.971945 120.428 0.0127329 0.997661 -0.0671518 -8.01121 -0.974258 -0.00273852 -0.225419 77.8663 
-0.241304 0.0662086 0.968188 121.606 0.00906216 0.99778 -0.0659737 -8.09981 -0.970407 -0.00714585 -0.241369 77.5984 
-0.25707 0.0606583 0.964487 122.787 0.00352886 0.99808 -0.0618305 -8.18979 -0.966386 -0.0124912 -0.25679 77.3063 
-0.27279 0.0566722 0.960403 123.956 -0.000405773 0.998257 -0.0590212 -8.27618 -0.962073 -0.0164901 -0.272292 76.9996 
-0.287586 0.0583408 0.955976 125.122 -0.00181242 0.998108 -0.0614573 -8.35842 -0.957753 -0.0194069 -0.286937 76.668 
-0.301842 0.0602525 0.951452 126.274 -0.00233784 0.997951 -0.0639389 -8.43842 -0.953355 -0.0215238 -0.301083 76.3201 
-0.315609 0.0622968 0.946842 127.43 -0.000806561 0.997824 -0.0659201 -8.52967 -0.948889 -0.0215687 -0.314872 75.9489 
-0.329783 0.0624758 0.941987 128.577 0.00156083 0.997842 -0.0656339 -8.61473 -0.944055 -0.0201747 -0.329169 75.5617 
-0.343564 0.0602865 0.937192 129.716 0.00106952 0.997962 -0.0638036 -8.70629 -0.939128 -0.0209183 -0.342929 75.1592 
-0.358034 0.0589071 0.931848 130.842 0.000605678 0.998022 -0.0628577 -8.79375 -0.933708 -0.0219408 -0.357362 74.744 
-0.372852 0.0604931 0.925917 131.963 -0.000936919 0.997847 -0.0655699 -8.87662 -0.92789 -0.0253154 -0.371993 74.3156 
-0.387627 0.0626447 0.919685 133.067 -0.000179757 0.997683 -0.0680334 -8.96338 -0.921816 -0.0265369 -0.386718 73.8686 
-0.402223 0.0643094 0.91328 134.166 0.000817651 0.997555 -0.0698836 -9.05221 -0.915541 -0.027362 -0.401292 73.3973 
-0.416606 0.0669942 0.906615 135.263 0.00366092 0.997396 -0.0720202 -9.14526 -0.90908 -0.026685 -0.415767 72.9029 
-0.431353 0.0704549 0.899428 136.356 0.00317944 0.997058 -0.0765779 -9.23828 -0.902178 -0.0301724 -0.430308 72.3954 
-0.446204 0.072869 0.891959 137.436 0.00456814 0.996852 -0.0791531 -9.33656 -0.894919 -0.0312439 -0.445133 71.8643 
-0.461522 0.0702917 0.884339 138.527 0.0031788 0.996981 -0.0775861 -9.43533 -0.887123 -0.0329965 -0.460352 71.3203 
-0.477601 0.0659948 0.876095 139.621 0.00042242 0.997192 -0.0748866 -9.53667 -0.878577 -0.0353958 -0.476288 70.7524 
-0.493719 0.0660691 0.867108 140.695 -0.000517049 0.997087 -0.0762673 -9.63108 -0.869621 -0.0381029 -0.492246 70.1663 
-0.509906 0.0651859 0.857757 141.764 -0.00193521 0.997035 -0.0769209 -9.72777 -0.860228 -0.0408824 -0.508268 69.5597 
-0.525666 0.0641734 0.848267 142.82 -0.00271882 0.997019 -0.0771117 -9.82804 -0.850687 -0.0428413 -0.523924 68.9306 
-0.541576 0.0637051 0.838234 143.866 -0.00414763 0.99691 -0.0784441 -9.9304 -0.840641 -0.0459601 -0.539638 68.2899 
-0.557172 0.0629224 0.828009 144.912 -0.00467334 0.996872 -0.0788994 -10.0339 -0.830384 -0.0478301 -0.555135 67.6189 
-0.572706 0.0601897 0.817548 145.951 -0.00519568 0.997014 -0.0770422 -10.1366 -0.819744 -0.0483702 -0.570683 66.9252 
-0.588156 0.0567099 0.806756 146.988 -0.00517365 0.997254 -0.0738726 -10.2403 -0.808731 -0.0476225 -0.586248 66.2063 
-0.603237 0.0552101 0.795649 148.004 -0.00411958 0.997372 -0.0723311 -10.3386 -0.797551 -0.0469105 -0.601424 65.4669 
-0.618176 0.0534314 0.784222 149.009 -0.00505497 0.997396 -0.0719403 -10.4389 -0.786024 -0.048436 -0.616296 64.7051 
-0.633242 0.0545614 0.772028 149.994 -0.00647324 0.997104 -0.0757778 -10.5391 -0.773927 -0.0529832 -0.631055 63.9294 
-0.648758 0.0541201 0.759068 150.979 -0.00883979 0.996865 -0.0786298 -10.6393 -0.760943 -0.0577217 -0.646246 63.1276 
-0.664875 0.0508125 0.745224 151.954 -0.0106788 0.996935 -0.0775027 -10.7451 -0.746878 -0.0594877 -0.662295 62.3022 
-0.681494 0.0432468 0.730544 152.921 -0.0144561 0.997262 -0.0725215 -10.8481 -0.731681 -0.0599838 -0.679003 61.4482 
-0.698658 0.0406911 0.714297 153.857 -0.0155226 0.997284 -0.0719948 -10.9491 -0.715287 -0.0613875 -0.696129 60.5734 
-0.716561 0.038055 0.696485 154.781 -0.0174986 0.997216 -0.0724895 -11.0436 -0.697304 -0.0641306 -0.7139 59.6788 
-0.734332 0.0342518 0.677925 155.678 -0.0208979 0.997112 -0.0730153 -11.1411 -0.678468 -0.0677847 -0.731496 58.7531 
-0.751133 0.0320767 0.659371 156.544 -0.020863 0.997166 -0.072276 -11.245 -0.659821 -0.0680453 -0.748335 57.8032 
-0.767326 0.0344068 0.640333 157.383 -0.0184923 0.996957 -0.0757289 -11.3474 -0.640991 -0.06995 -0.764355 56.8435 
-0.782835 0.0336479 0.621319 158.206 -0.0154665 0.997176 -0.0734898 -11.4516 -0.622037 -0.06714 -0.780104 55.851 
-0.797759 0.0347863 0.601972 159.009 -0.0116846 0.997255 -0.0731137 -11.5584 -0.602863 -0.065361 -0.795163 54.8266 
-0.812409 0.0357508 0.581991 159.772 -0.0102401 0.99709 -0.075544 -11.6671 -0.582998 -0.0673323 -0.809679 53.7911 
-0.826424 0.0374401 0.561802 160.517 -0.00912828 0.996765 -0.0798553 -11.7763 -0.562974 -0.0711226 -0.823409 52.7448 
-0.839753 0.0377414 0.541656 161.238 -0.00665924 0.99679 -0.0797785 -11.887 -0.542928 -0.0706012 -0.836806 51.665 
-0.85171 0.0356339 0.5228 161.932 -0.00572761 0.996992 -0.0772859 -11.9968 -0.523981 -0.0688196 -0.848945 50.5677 
-0.862538 0.037203 0.504623 162.591 -0.00318696 0.996874 -0.0789412 -12.1074 -0.505983 -0.069698 -0.859723 49.4826 
-0.872266 0.0398449 0.487406 163.235 -0.000612537 0.996585 -0.082566 -12.2141 -0.489032 -0.072318 -0.869263 48.3815 
-0.881352 0.0377691 0.470948 163.864 -0.00218084 0.996464 -0.0839959 -12.3321 -0.472455 -0.075057 -0.878153 47.2322 
-0.889882 0.0350007 0.454846 164.482 -0.00348149 0.996502 -0.0834928 -12.45 -0.456178 -0.0758822 -0.886647 46.0783 
-0.897534 0.0327451 0.439728 165.094 -0.00461977 0.996486 -0.0836345 -12.5732 -0.440922 -0.0770963 -0.894228 44.9316 
-0.904463 0.030596 0.425453 165.676 -0.00537149 0.996528 -0.0830833 -12.6931 -0.426518 -0.0774311 -0.901158 43.7621 
-0.911051 0.0278249 0.411354 166.239 -0.00671314 0.996587 -0.0822793 -12.8102 -0.41224 -0.077722 -0.907754 42.5975 
-0.917219 0.0223648 0.397755 166.791 -0.00981883 0.99685 -0.0786926 -12.9238 -0.398263 -0.0760838 -0.91411 41.4223 
-0.922464 0.0191968 0.385606 167.315 -0.0107406 0.9971 -0.0753332 -13.0354 -0.385934 -0.0736338 -0.919583 40.2371 
-0.927102 0.0194424 0.374304 167.826 -0.00825503 0.997352 -0.0722519 -13.1407 -0.374718 -0.0700747 -0.924487 39.0482 
-0.930366 0.0233867 0.365885 168.309 -0.00412748 0.997232 -0.0742366 -13.2388 -0.366608 -0.0705774 -0.927695 37.8608 
-0.932623 0.0286361 0.359713 168.779 0.00139207 0.997124 -0.07577 -13.3454 -0.360848 -0.0701641 -0.929981 36.6496 
-0.93466 0.0318981 0.354108 169.243 0.00440722 0.99693 -0.078171 -13.4519 -0.355514 -0.0715027 -0.931932 35.4579 
-0.936521 0.0289105 0.349417 169.709 0.00200881 0.997021 -0.0771087 -13.5585 -0.350605 -0.071512 -0.933789 34.2696 
-0.938384 0.0216326 0.344916 170.177 -0.00408873 0.997274 -0.0736713 -13.6634 -0.34557 -0.0705423 -0.935738 33.0684 
-0.94023 0.0153708 0.340192 170.643 -0.00963804 0.997379 -0.0717022 -13.7706 -0.340403 -0.0706954 -0.937618 31.8593 
-0.941788 0.00921145 0.33608 171.101 -0.0163398 0.997189 -0.0731201 -13.8732 -0.335809 -0.0743551 -0.938991 30.6446 
-0.943178 0.00700193 0.332213 171.555 -0.0193314 0.996928 -0.0758952 -13.9772 -0.331724 -0.0780049 -0.940146 29.4434 
-0.943805 0.00737505 0.330421 171.992 -0.0195324 0.996759 -0.0780397 -14.0855 -0.329926 -0.0801081 -0.940602 28.2349 
-0.944212 0.00817387 0.329235 172.436 -0.019305 0.996599 -0.0801072 -14.1933 -0.328771 -0.0819941 -0.940844 27.0394 
-0.944141 0.0106999 0.329368 172.872 -0.0173215 0.99648 -0.0820241 -14.3042 -0.329086 -0.0831474 -0.940632 25.8223 
-0.943767 0.011996 0.330392 173.312 -0.0165765 0.996368 -0.0835273 -14.4218 -0.330194 -0.0843071 -0.94014 24.6172 
-0.943431 0.0130041 0.331312 173.757 -0.0162241 0.996223 -0.0853013 -14.5379 -0.33117 -0.0858512 -0.939657 23.4105 
-0.942822 0.0145266 0.33298 174.202 -0.0145508 0.996303 -0.0846649 -14.6591 -0.332979 -0.084669 -0.939125 22.2034 
-0.942037 0.0138803 0.33522 174.646 -0.0155772 0.996257 -0.0850267 -14.778 -0.335146 -0.0853201 -0.938295 21.0094 
-0.940956 0.0123817 0.338301 175.101 -0.0175793 0.996195 -0.085356 -14.8937 -0.338071 -0.0862633 -0.937159 19.8402 
-0.939043 0.0111329 0.343618 175.55 -0.0185233 0.996385 -0.0829027 -15.012 -0.343299 -0.0842141 -0.935443 18.6346 
-0.937131 0.00846218 0.348875 176.015 -0.0209521 0.996538 -0.0804524 -15.1213 -0.348348 -0.0827041 -0.93371 17.4585 
-0.934461 0.00628302 0.356009 176.484 -0.0228323 0.996729 -0.0775216 -15.2342 -0.355331 -0.0805694 -0.931261 16.2674 
-0.931658 0.00869384 0.363232 176.954 -0.0208683 0.996783 -0.077383 -15.3423 -0.362736 -0.0796745 -0.928479 15.0938 
-0.928302 0.00924885 0.371711 177.438 -0.02097 0.996797 -0.0771721 -15.45 -0.371235 -0.0794338 -0.925135 13.9246 
-0.924416 0.0122053 0.38119 177.931 -0.0196422 0.996638 -0.0795452 -15.5571 -0.38088 -0.0810203 -0.921068 12.7604 
-0.920048 0.0134948 0.391574 178.435 -0.0186692 0.996761 -0.0782168 -15.6687 -0.391361 -0.0792736 -0.916816 11.6171 
-0.915207 0.0151004 0.402701 178.958 -0.0184818 0.996673 -0.079376 -15.7813 -0.40256 -0.0800881 -0.911883 10.4996 
-0.909339 0.017273 0.415698 179.5 -0.0178014 0.996608 -0.0803513 -15.8911 -0.415676 -0.0804665 -0.905946 9.34148 
-0.903161 0.0197272 0.428848 180.056 -0.0164091 0.996627 -0.0804031 -15.9991 -0.428988 -0.079654 -0.899791 8.20093 
-0.896986 0.0185099 0.44167 180.631 -0.0176534 0.996826 -0.0776282 -16.1131 -0.441705 -0.0774284 -0.893813 7.07788 
-0.890446 0.0213474 0.454588 181.223 -0.0159273 0.996825 -0.0780093 -16.2207 -0.45481 -0.0767034 -0.887279 5.95334 
-0.883497 0.0235832 0.467842 181.821 -0.0140214 0.996953 -0.0767337 -16.3293 -0.468226 -0.0743539 -0.880475 4.84481 
-0.87607 0.0249362 0.481539 182.437 -0.0124128 0.997165 -0.0742203 -16.4416 -0.482025 -0.0709994 -0.873276 3.74576 
-0.868461 0.0267997 0.495033 183.065 -0.0097249 0.997425 -0.0710588 -16.5465 -0.495662 -0.0665259 -0.865964 2.67744 
-0.860103 0.0298805 0.509244 183.707 -0.00646712 0.997564 -0.0694562 -16.6456 -0.510079 -0.0630328 -0.857815 1.60153 
-0.850672 0.0334985 0.524628 184.366 -0.00275143 0.99767 -0.0681645 -16.7439 -0.52569 -0.0594291 -0.848598 0.533504 
-0.840104 0.0360769 0.541224 185.053 -0.000493708 0.997734 -0.0672733 -16.8346 -0.542425 -0.0567838 -0.838183 -0.514731 
-0.829301 0.0388142 0.557453 185.748 0.00238355 0.997821 -0.0659302 -16.9332 -0.558797 -0.0533472 -0.827587 -1.52643 
-0.817968 0.0407636 0.573818 186.462 0.00368057 0.997837 -0.065639 -17.0237 -0.575252 -0.0515786 -0.816348 -2.52999 
-0.80606 0.0427341 0.590288 187.204 0.00478697 0.997828 -0.0657014 -17.1118 -0.591814 -0.0501336 -0.804514 -3.52273 
-0.793204 0.0453253 0.607266 187.958 0.00686231 0.997828 -0.0655127 -17.1987 -0.608917 -0.0477977 -0.791793 -4.49539 
-0.77968 0.0460953 0.62448 188.729 0.00924169 0.998025 -0.0621298 -17.3022 -0.62611 -0.04267 -0.778566 -5.43493 
-0.764573 0.0475962 0.642777 189.51 0.0117537 0.998133 -0.0599287 -17.3939 -0.64443 -0.0382648 -0.763705 -6.35366 
-0.747553 0.0505311 0.662277 190.327 0.0133689 0.998045 -0.0610595 -17.4766 -0.664068 -0.0367913 -0.746766 -7.28231 
-0.729817 0.0537688 0.681525 191.152 0.014752 0.997909 -0.0629326 -17.5628 -0.683484 -0.0358754 -0.729084 -8.17301 
-0.712126 0.0542518 0.699952 191.996 0.0139225 0.997905 -0.063181 -17.6506 -0.701913 -0.0352478 -0.71139 -9.01303 
-0.693726 0.0543309 0.718187 192.858 0.0134994 0.997956 -0.0624559 -17.7417 -0.720113 -0.0336321 -0.693042 -9.81698 
-0.673681 0.0539474 0.737051 193.737 0.0121425 0.998005 -0.0619491 -17.8279 -0.738923 -0.0327843 -0.672992 -10.609 
-0.65271 0.0543179 0.755658 194.634 0.00997419 0.997956 -0.0631194 -17.9115 -0.757542 -0.0336616 -0.651918 -11.3857 
-0.631437 0.0542939 0.773524 195.557 0.00729577 0.997917 -0.0640886 -17.9895 -0.775393 -0.0348245 -0.630518 -12.1347 
-0.610171 0.0543173 0.790406 196.492 0.00634022 0.99795 -0.0636855 -18.0758 -0.792245 -0.0338476 -0.609264 -12.8402 
-0.58729 0.0542846 0.807554 197.456 0.00642055 0.998029 -0.0624193 -18.1605 -0.809351 -0.0314733 -0.586481 -13.5364 
-0.56336 0.0549228 0.824384 198.428 0.0061007 0.998037 -0.0623231 -18.2448 -0.826189 -0.030081 -0.562589 -14.188 
-0.538073 0.0578731 0.840909 199.405 0.00753641 0.99793 -0.0638574 -18.328 -0.842865 -0.0280225 -0.537395 -14.8037 
-0.510965 0.0587675 0.85759 200.415 0.00683119 0.997906 -0.0643128 -18.4054 -0.859574 -0.0270032 -0.510297 -15.404 
-0.48347 0.0575346 0.873468 201.455 0.0054855 0.998017 -0.0627024 -18.4928 -0.875344 -0.0255233 -0.482827 -15.9736 
-0.455249 0.0558318 0.888612 202.506 0.00345146 0.998135 -0.0609451 -18.5706 -0.890358 -0.0246781 -0.454592 -16.5069 
-0.42808 0.0563642 0.901981 203.411 0.00142752 0.998094 -0.0616928 -18.6637 -0.90374 -0.0251219 -0.427345 -16.902 
-0.397017 0.0588127 0.915925 204.486 0.00160433 0.997988 -0.0633867 -18.7449 -0.91781 -0.0236961 -0.396313 -17.3678 
-0.365101 0.0606238 0.928992 205.537 0.00373492 0.997965 -0.063657 -18.8232 -0.93096 -0.0197715 -0.364585 -17.7929 
-0.333159 0.0602623 0.940943 206.606 0.00627912 0.998075 -0.0616981 -18.9221 -0.94285 -0.014647 -0.332896 -18.17 
-0.300117 0.0604399 0.951985 207.729 0.00555243 0.998084 -0.0616163 -18.9989 -0.953886 -0.0132063 -0.299878 -18.521 
-0.266705 0.0595104 0.961939 208.855 0.00635028 0.998179 -0.0599917 -19.0777 -0.963757 -0.00989149 -0.266597 -18.8256 
-0.232106 0.0572627 0.971003 209.993 0.00681743 0.998337 -0.0572451 -19.1656 -0.972666 -0.00666719 -0.232111 -19.1001 
-0.19733 0.0558895 0.978742 211.131 0.0075462 0.998431 -0.0554924 -19.2457 -0.980308 -0.00356454 -0.197443 -19.3287 
-0.162318 0.0557019 0.985165 212.268 0.00808763 0.998447 -0.0551204 -19.3199 -0.986705 -0.000979376 -0.162516 -19.5109 
-0.126769 0.0548627 0.990414 213.412 0.00873049 0.998492 -0.0541928 -19.3975 -0.991894 0.00177685 -0.127057 -19.6553 
-0.0909649 0.0550479 0.994331 214.573 0.00884013 0.998476 -0.0544687 -19.4678 -0.995815 0.00383529 -0.0913129 -19.7608 
-0.0559306 0.0554082 0.996896 215.714 0.00766774 0.998453 -0.0550647 -19.545 -0.998405 0.00456414 -0.056269 -19.8188 
-0.0212763 0.054757 0.998273 216.868 0.00724532 0.998481 -0.0546141 -19.6197 -0.999747 0.00607082 -0.0216407 -19.8408 
0.0126833 0.053524 0.998486 218.022 0.00638784 0.998542 -0.0536082 -19.6969 -0.999899 0.0070581 0.0123229 -19.826 
0.0454932 0.0539157 0.997509 219.158 0.00522483 0.998516 -0.0542085 -19.7702 -0.998951 0.00767793 0.045144 -19.7637 
0.0785639 0.0534662 0.995474 220.316 0.00652874 0.998512 -0.0541447 -19.8417 -0.996888 0.010753 0.0780979 -19.6746 
0.11079 0.0512197 0.992523 221.487 0.00775059 0.998596 -0.0523984 -19.9124 -0.993813 0.0134979 0.110238 -19.5419 
0.141871 0.0501177 0.988615 222.632 0.00871644 0.998615 -0.0518756 -19.9839 -0.989847 0.0159769 0.141238 -19.3764 
0.171845 0.0500477 0.983852 223.783 0.0101662 0.998565 -0.052572 -20.0543 -0.985071 0.0190363 0.17109 -19.1697 
0.201982 0.0496636 0.978129 224.926 0.011992 0.998513 -0.053175 -20.124 -0.979316 0.0224701 0.201086 -18.9331 
0.232258 0.0487539 0.971431 226.078 0.0147969 0.99845 -0.0536478 -20.193 -0.972541 0.0268344 0.231177 -18.6562 
0.262089 0.046965 0.9639 227.221 0.0172639 0.998427 -0.0533415 -20.2658 -0.964889 0.0306209 0.260866 -18.3428 
0.2922 0.0456058 0.955269 228.355 0.0191815 0.998382 -0.0535314 -20.3367 -0.956165 0.0339653 0.290853 -17.9992 
0.321624 0.0453031 0.945783 229.466 0.0215169 0.998247 -0.0551333 -20.4064 -0.946623 0.0380825 0.320086 -17.6205 
0.350292 0.0440456 0.935604 230.549 0.0225934 0.998206 -0.0554518 -20.486 -0.936368 0.0405628 0.348668 -17.2171 
0.378153 0.0427038 0.924758 231.639 0.0226714 0.998209 -0.0553666 -20.5566 -0.925465 0.0419026 0.376507 -16.7651 
0.406181 0.0418746 0.912833 232.725 0.0226655 0.99818 -0.0558753 -20.6303 -0.913511 0.0433853 0.404493 -16.2782 
0.434562 0.0433162 0.8996 233.794 0.0233711 0.997964 -0.0593422 -20.7049 -0.900339 0.0468124 0.432665 -15.7605 
0.462716 0.0441636 0.885406 234.846 0.0247146 0.997727 -0.0626822 -20.7851 -0.886162 0.0508865 0.460573 -15.2136 
0.489968 0.0424413 0.870707 235.882 0.0258283 0.997669 -0.0631642 -20.8689 -0.871358 0.0534372 0.487729 -14.637 
0.516933 0.0397794 0.855101 236.908 0.026442 0.997701 -0.0623983 -20.9555 -0.855617 0.0548664 0.514693 -14.0257 
0.542003 0.0375153 0.839539 237.904 0.0259584 0.997779 -0.061345 -21.0396 -0.839976 0.0550422 0.539825 -13.3808 
0.565298 0.037593 0.824029 238.899 0.0244973 0.997755 -0.0623242 -21.1253 -0.824523 0.0554182 0.563108 -12.7004 
0.586135 0.0374065 0.80935 239.878 0.0232419 0.997746 -0.0629459 -21.2096 -0.80988 0.0557056 0.583944 -11.9836 
0.605778 0.0358939 0.794824 240.844 0.0224707 0.997811 -0.062187 -21.2975 -0.795316 0.0555317 0.603646 -11.2397 
0.624101 0.033166 0.780639 241.792 0.0223818 0.99793 -0.0602915 -21.3821 -0.781023 0.0551 0.622067 -10.4731 
0.641415 0.0298522 0.766613 242.736 0.0236543 0.997998 -0.0586538 -21.4648 -0.76683 0.055755 0.639424 -9.68345 
0.657385 0.0275455 0.753051 243.65 0.0243138 0.998036 -0.0577318 -21.5428 -0.753162 0.0562615 0.655425 -8.87506 
0.673156 0.025429 0.739063 244.567 0.0260319 0.997974 -0.0580479 -21.6186 -0.739042 0.0583144 0.67113 -8.04443 
0.688334 0.0248968 0.724967 245.448 0.0257537 0.997942 -0.0587238 -21.6986 -0.724937 0.0590921 0.686276 -7.19829 
0.703179 0.0236383 0.710619 246.323 0.0262378 0.997904 -0.0591579 -21.7758 -0.710528 0.0602437 0.701085 -6.32296 
0.717688 0.0212744 0.69604 247.178 0.0257083 0.998042 -0.0570131 -21.856 -0.69589 0.0588115 0.715736 -5.42812 
0.731895 0.0181134 0.681177 248.023 0.0262994 0.998151 -0.0547999 -21.9423 -0.68091 0.0580222 0.730065 -4.50778 
0.745653 0.0164822 0.666131 248.853 0.0266138 0.99816 -0.0544887 -22.0183 -0.665803 0.0583579 0.743842 -3.56605 
0.758976 0.0162848 0.650915 249.655 0.0272428 0.998017 -0.0567344 -22.0935 -0.650549 0.0607928 0.757027 -2.61606 
0.771139 0.0156445 0.636475 250.433 0.0273315 0.997963 -0.0576443 -22.1721 -0.63608 0.0618475 0.769141 -1.64901 
0.782618 0.0146973 0.622329 251.201 0.0268786 0.997991 -0.0573708 -22.2526 -0.621922 0.0616267 0.78065 -0.659882 
0.793453 0.0119374 0.608515 251.959 0.027411 0.998092 -0.0553216 -22.3332 -0.608014 0.060575 0.791612 0.347436 
0.804121 0.00927458 0.594393 252.71 0.0287543 0.998101 -0.0544741 -22.4134 -0.593769 0.0608951 0.802328 1.3706 
0.813891 0.00880044 0.580951 253.439 0.0285602 0.99807 -0.0551311 -22.4924 -0.580315 0.0614627 0.81207 2.41194 
0.822759 0.00637122 0.568355 254.153 0.032033 0.997828 -0.0575572 -22.5686 -0.567487 0.0655617 0.820768 3.46326 
0.831136 0.003696 0.556057 254.855 0.0334082 0.99784 -0.0565676 -22.6495 -0.555065 0.0655922 0.829217 4.52557 
0.838585 0.000358263 0.544771 255.541 0.0361373 0.997761 -0.0562838 -22.729 -0.543571 0.0668853 0.836694 5.59736 
0.845465 -0.00124922 0.534029 256.224 0.0372517 0.997699 -0.0566425 -22.8089 -0.53273 0.0677827 0.843566 6.69409 
0.850937 -0.00298753 0.525259 256.9 0.0381331 0.997696 -0.0561025 -22.8901 -0.523881 0.0677694 0.849091 7.8076 
0.85477 -0.00369554 0.518994 257.564 0.0374387 0.997809 -0.0545558 -22.9701 -0.517655 0.0660631 0.853035 8.93415 
0.857435 -0.00478909 0.514569 258.225 0.037583 0.997869 -0.0533382 -23.0505 -0.513217 0.0650731 0.855788 10.069 
0.859965 -0.00619962 0.510315 258.884 0.0386584 0.997845 -0.0530236 -23.1278 -0.508886 0.0653263 0.858352 11.2037 
0.862307 -0.00745348 0.506331 259.54 0.0394055 0.997847 -0.0524208 -23.206 -0.50485 0.065155 0.860744 12.3484 
0.864406 -0.00933629 0.502707 260.198 0.0402356 0.997905 -0.0506522 -23.2783 -0.501182 0.0640107 0.862971 13.504 
0.866513 -0.0113657 0.499025 260.853 0.0418974 0.997869 -0.0500239 -23.3552 -0.497393 0.0642542 0.865142 14.6599 
0.868808 -0.0121455 0.495001 261.518 0.0427691 0.997804 -0.0505846 -23.4285 -0.493299 0.065119 0.867419 15.8372 
0.87098 -0.0134095 0.491135 262.16 0.0435733 0.997797 -0.0500302 -23.5058 -0.489382 0.0649757 0.869645 17.0022 
0.8733 -0.0134041 0.486999 262.84 0.0431901 0.997816 -0.0499862 -23.5849 -0.485265 0.0646865 0.871971 18.2122 
0.875453 -0.0139584 0.483102 263.499 0.0433441 0.997822 -0.0497159 -23.6677 -0.481356 0.0644635 0.874151 19.406 
0.877421 -0.0134635 0.479532 264.134 0.0424079 0.997869 -0.0495793 -23.7475 -0.477843 0.0638378 0.876123 20.5941 
0.879011 -0.0129907 0.476624 264.809 0.0415587 0.997912 -0.049446 -23.836 -0.474987 0.0632714 0.877715 21.8127 
