1 2.12261e-08 -2.11895e-08 0 2.12261e-08 1 2.10703e-08 0 -2.11895e-08 2.10703e-08 1 0 
1 -0.00041267 3.24511e-05 -0.0270955 0.000412669 0.999999 0.00131378 -0.015004 -3.30356e-05 -0.00131372 0.999999 1.33513 
0.999999 -0.00134472 -8.86485e-05 -0.0610221 0.00134487 0.999998 0.00128357 -0.0318629 8.68799e-05 -0.00128365 0.999999 2.68311 
0.999996 -0.00276316 -0.000161961 -0.080347 0.00276322 0.999996 6.21946e-05 -0.0470731 0.000161746 -6.25997e-05 1 4.04776 
0.999995 -0.00301299 9.10809e-05 -0.104466 0.00301302 0.999995 0.00015179 -0.0671224 -9.15801e-05 -0.000151472 1 5.38789 
0.999994 -0.00357964 0.000218152 -0.130885 0.00357945 0.999993 0.00105723 -0.0871917 -0.000221978 -0.0010564 0.999999 6.72605 
0.999987 -0.00507135 0.000697134 -0.15527 0.00506984 0.999985 0.00221283 -0.105208 -0.000708388 -0.00220922 0.999997 8.08292 
0.999989 -0.00457409 0.000760701 -0.183646 0.00457211 0.999986 0.00264587 -0.124343 -0.000772835 -0.00264232 0.999996 9.42129 
0.999993 -0.00371213 0.000637517 -0.212667 0.00371174 0.999993 0.000677882 -0.138964 -0.000640071 -0.000675468 1 10.786 
0.999999 -0.000897065 0.000829814 -0.24145 0.000898453 0.999998 -0.00162207 -0.157795 -0.0008284 0.00162286 0.999998 12.143 
0.999995 0.00264628 0.00160361 -0.280816 -0.00264206 0.999993 -0.00260161 -0.180623 -0.00161052 0.0025974 0.999995 13.4936 
0.999983 0.00541286 0.00199812 -0.315539 -0.0054072 0.999981 -0.00280263 -0.205471 -0.00201329 0.00279182 0.999994 14.8355 
0.999977 0.00641762 0.00226107 -0.339239 -0.00641296 0.999977 -0.00204461 -0.22808 -0.00227418 0.0020301 0.999995 16.1986 
0.999986 0.00420516 0.00309392 -0.362635 -0.00420728 0.999991 0.000693892 -0.248199 -0.00309102 -0.000706858 0.999995 17.5541 
0.999995 0.000171229 0.00316744 -0.378415 -0.000179322 0.999997 0.00256857 -0.270314 -0.00316704 -0.00256908 0.999992 18.917 
0.999994 -0.00216472 0.0028265 -0.391708 0.0021641 0.999998 0.00023577 -0.289958 -0.00282704 -0.00022961 0.999996 20.2828 
0.999991 -0.00326227 0.00270352 -0.409633 0.0032674 0.999993 -0.00188008 -0.308714 -0.00269741 0.00188894 0.999995 21.6452 
0.999994 -0.000920856 0.00340992 -0.432862 0.000932309 0.999994 -0.00334606 -0.335443 -0.00340686 0.00334926 0.999989 23.015 
0.999989 0.00170371 0.00445133 -0.459893 -0.00169707 0.999998 -0.00148429 -0.354984 -0.00445389 0.00147676 0.999989 24.3904 
0.999985 0.00232036 0.00499652 -0.48228 -0.00232994 0.999995 0.00192206 -0.373099 -0.00499208 -0.00193363 0.999986 25.7694 
0.999985 -2.96563e-05 0.00554043 -0.496831 8.19757e-06 0.999993 0.00388076 -0.391751 -0.00554054 -0.00388062 0.999977 27.1434 
0.999979 -0.00404732 0.00498537 -0.50713 0.00403692 0.99999 0.00210222 -0.411083 -0.00499386 -0.00208201 0.999985 28.5111 
0.999979 -0.00433456 0.00481942 -0.523104 0.00433641 0.999991 -0.000366017 -0.428845 -0.00481783 0.000386951 0.999988 29.8871 
0.999974 -0.00451675 0.00563983 -0.537474 0.00453251 0.999986 -0.00277669 -0.452964 -0.00562725 0.00280222 0.99998 31.2751 
0.99998 -0.000967945 0.00622389 -0.557467 0.000990572 0.999993 -0.00362662 -0.482161 -0.00622038 0.00363276 0.999974 32.6622 
0.999979 9.41122e-05 0.00652236 -0.57673 -5.60475e-05 0.999983 -0.00582941 -0.507391 -0.00652284 0.00582897 0.999962 34.061 
0.999977 0.00129616 0.00672635 -0.592008 -0.00126018 0.999985 -0.00534378 -0.53487 -0.00673321 0.00533522 0.999963 35.4611 
0.999977 0.00118073 0.00668995 -0.606921 -0.00115347 0.999991 -0.00406984 -0.565042 -0.00669473 0.00406207 0.999969 36.857 
0.999977 0.00222531 0.00647766 -0.628281 -0.00220902 0.999994 -0.00251348 -0.593567 -0.00648326 0.00249915 0.999976 38.2576 
0.999963 0.00528159 0.00676189 -0.652116 -0.00526563 0.999983 -0.00236963 -0.616486 -0.00677434 0.00233397 0.999974 39.6777 
0.999941 0.00802583 0.00727761 -0.677563 -0.0080046 0.999964 -0.00293663 -0.638367 -0.00730096 0.00287825 0.999969 41.0997 
0.999919 0.0102917 0.00747139 -0.699972 -0.0102724 0.999944 -0.00260111 -0.662628 -0.00749779 0.00252419 0.999969 42.52 
0.999911 0.0110596 0.00750721 -0.72221 -0.0110404 0.999936 -0.00258769 -0.686355 -0.00753539 0.00250462 0.999969 43.9449 
0.999923 0.0101295 0.00712413 -0.731468 -0.0101103 0.999945 -0.0027125 -0.712782 -0.00715126 0.0026403 0.999971 45.3856 
0.999934 0.0092699 0.00684124 -0.761827 -0.00924888 0.999952 -0.00309169 -0.738447 -0.00686961 0.00302825 0.999972 46.8269 
0.999943 0.00861133 0.00634535 -0.785649 -0.00859373 0.999959 -0.00278961 -0.765862 -0.00636916 0.00273496 0.999976 48.2531 
0.999944 0.00902992 0.00554538 -0.804798 -0.00902046 0.999958 -0.00172106 -0.790156 -0.00556073 0.00167098 0.999983 49.6793 
0.99994 0.00994576 0.00465141 -0.827986 -0.00993585 0.999948 -0.00214125 -0.813239 -0.00467251 0.00209495 0.999987 51.0926 
0.999941 0.0103034 0.0034376 -0.846557 -0.0102974 0.999945 -0.00176681 -0.836846 -0.00345566 0.00173135 0.999993 52.5282 
0.999944 0.0103375 0.00226653 -0.862811 -0.0103352 0.999946 -0.000983616 -0.860799 -0.00227662 0.000960178 0.999997 53.9799 
0.999959 0.00882435 0.00207794 -0.894598 -0.0088241 0.999961 -0.000108126 -0.882449 -0.00207886 8.98273e-05 0.999998 55.4241 
0.999968 0.00780573 0.00170385 -0.91158 -0.00780562 0.99997 -5.18924e-05 -0.907947 -0.00170425 3.86331e-05 0.999999 56.8771 
0.999987 0.00498278 0.00130537 -0.931701 -0.00498208 0.999988 -0.000510224 -0.936044 -0.00130793 0.000503756 0.999999 58.3149 
0.999991 0.00410832 0.00128599 -0.952187 -0.00410804 0.999992 -0.00019189 -0.963516 -0.00128681 0.000186647 0.999999 59.7589 
0.999995 0.00264304 0.00187843 -0.977463 -0.00264411 0.999996 0.000586154 -0.990217 -0.00187692 -0.000591075 0.999998 61.1936 
0.999995 0.00185287 0.00259775 -0.99984 -0.00185638 0.999997 0.00136417 -1.0205 -0.00259526 -0.00136894 0.999996 62.6135 
0.999994 0.000581806 0.00341842 -1.02347 -0.000584341 1 0.00075289 -1.0455 -0.00341802 -0.000754841 0.999994 64.0403 
0.999992 -0.000855861 0.00388073 -1.04297 0.000856149 1 -6.15e-05 -1.06912 -0.00388072 6.4864e-05 0.999993 65.4661 
0.999989 -3.48116e-05 0.00471418 -1.06982 3.79312e-05 1 -0.000652643 -1.09075 -0.0047142 0.000652857 0.999989 66.9075 
0.999984 0.0015577 0.00546684 -1.08549 -0.00155278 0.999998 -0.000895 -1.1187 -0.00546827 0.000886538 0.999985 68.3337 
0.99997 0.00465658 0.00616051 -1.11275 -0.00465852 0.999989 0.000307782 -1.14437 -0.00615905 -0.00033643 0.999981 69.7654 
0.999939 0.00842244 0.00713217 -1.136 -0.00843192 0.999964 0.00130556 -1.16255 -0.00712096 -0.00136558 0.999974 71.1933 
0.999895 0.0119229 0.00822241 -1.19464 -0.0119349 0.999928 0.00142379 -1.1776 -0.00820488 -0.00152173 0.999965 72.6556 
0.999826 0.0163436 0.0089661 -1.21812 -0.0163533 0.999866 0.00101436 -1.20235 -0.00894836 -0.00116077 0.999959 74.068 
0.999758 0.0198606 0.00946854 -1.22767 -0.0198646 0.999803 0.000325099 -1.23019 -0.00946026 -0.000513067 0.999955 75.5007 
0.999715 0.021482 0.0103815 -1.24573 -0.0214876 0.999769 0.000430934 -1.25668 -0.0103699 -0.000653843 0.999946 76.9046 
0.999703 0.021842 0.0107799 -1.25562 -0.0218503 0.999761 0.000655303 -1.27877 -0.010763 -0.00089061 0.999942 78.3222 
0.999726 0.0207263 0.0108787 -1.25892 -0.0207321 0.999785 0.000424978 -1.30498 -0.0108676 -0.000650359 0.999941 79.7285 
0.999759 0.0192876 0.0104773 -1.26277 -0.0192813 0.999814 -0.000697695 -1.32138 -0.0104888 0.000495552 0.999945 81.1676 
0.999764 0.0190986 0.0103364 -1.27895 -0.0190926 0.999818 -0.00067835 -1.35139 -0.0103475 0.000480883 0.999946 82.5889 
0.99977 0.0187622 0.0103801 -1.31524 -0.0187582 0.999824 -0.000484657 -1.37724 -0.0103874 0.000289875 0.999946 84.0246 
0.999779 0.0185476 0.00991227 -1.32541 -0.0185389 0.999828 -0.000965346 -1.40312 -0.00992851 0.000781411 0.99995 85.4208 
0.999784 0.0185048 0.0094959 -1.3514 -0.0184987 0.999829 -0.000717606 -1.42462 -0.00950759 0.00054183 0.999955 86.8213 
0.999802 0.0178393 0.00885753 -1.37792 -0.0178417 0.999841 0.000203681 -1.45286 -0.00885253 -0.000361632 0.999961 88.2245 
0.999843 0.0156999 0.00816867 -1.40189 -0.0157082 0.999876 0.000951566 -1.46986 -0.00815276 -0.00107969 0.999966 89.6102 
0.999888 0.013249 0.00689506 -1.41688 -0.0132597 0.999911 0.00152289 -1.49364 -0.00687431 -0.0016141 0.999975 90.9902 
0.999916 0.0113407 0.0062681 -1.4341 -0.0113503 0.999935 0.00149934 -1.51309 -0.00625073 -0.00157032 0.999979 92.3923 
0.999933 0.00981454 0.00612516 -1.4601 -0.00982118 0.999951 0.00106135 -1.53769 -0.00611448 -0.00112139 0.999981 93.77 
0.999941 0.00900965 0.00601103 -1.47794 -0.0090138 0.999959 0.00067012 -1.5646 -0.00600479 -0.000724221 0.999982 95.1437 
0.999938 0.00943231 0.00599732 -1.49876 -0.00943261 0.999956 2.86691e-05 -1.58794 -0.00599683 -8.51958e-05 0.999982 96.5104 
0.999938 0.00932238 0.00615446 -1.51717 -0.00931916 0.999956 -0.000543788 -1.61244 -0.0061593 0.000486442 0.999981 97.8739 
0.999928 0.0101798 0.00642247 -1.54075 -0.0101725 0.999948 -0.00115445 -1.63967 -0.00643393 0.00108907 0.999979 99.2312 
0.999913 0.0113697 0.00675589 -1.56298 -0.0113649 0.999935 -0.000739568 -1.66677 -0.0067639 0.000662765 0.999977 100.579 
0.999902 0.0121328 0.00700707 -1.58126 -0.0121363 0.999926 0.000467158 -1.68806 -0.00700093 -0.000552111 0.999975 101.938 
0.999887 0.0131579 0.00727289 -1.60716 -0.0131707 0.999912 0.00171659 -1.70873 -0.00724971 -0.00181214 0.999972 103.286 
0.99989 0.0126806 0.0077321 -1.63208 -0.0126825 0.99992 0.000196911 -1.73085 -0.00772902 -0.00029491 0.99997 104.643 
0.999889 0.0126479 0.00794031 -1.64874 -0.01263 0.999918 -0.00230309 -1.75163 -0.00796883 0.00220259 0.999966 105.996 
0.999895 0.0120004 0.00809662 -1.67183 -0.0119721 0.999922 -0.003524 -1.77852 -0.00813832 0.00342674 0.999961 107.333 
0.999916 0.00976284 0.00850138 -1.69411 -0.00974517 0.99995 -0.00211252 -1.8061 -0.00852162 0.00202953 0.999962 108.668 
0.999929 0.0074545 0.00930731 -1.71103 -0.00745323 0.999972 -0.000166773 -1.83014 -0.00930834 9.74335e-05 0.999957 110.024 
0.999929 0.00589264 0.0104076 -1.72152 -0.00589643 0.999983 0.000336689 -1.85255 -0.0104055 -0.000397991 0.999946 111.378 
0.999925 0.00510165 0.0111687 -1.72774 -0.00509034 0.999987 -0.00103771 -1.87872 -0.0111739 0.000980824 0.999937 112.712 
0.999902 0.00738013 0.0119275 -1.73565 -0.00733831 0.999967 -0.0035425 -1.90427 -0.0119532 0.00345467 0.999923 114.064 
0.999869 0.00956743 0.0130907 -1.74248 -0.00949312 0.999939 -0.00572318 -1.92881 -0.0131447 0.0055982 0.999898 115.412 
0.999812 0.0127175 0.0146366 -1.75764 -0.0126354 0.999904 -0.00568455 -1.95892 -0.0147075 0.00549859 0.999877 116.771 
0.999768 0.0140109 0.0163504 -1.76269 -0.0139495 0.999895 -0.00386183 -1.98558 -0.0164028 0.00363289 0.999859 118.148 
0.999747 0.0140743 0.0175624 -1.7648 -0.0140481 0.9999 -0.00161341 -2.01386 -0.0175834 0.00136632 0.999845 119.51 
0.999736 0.0136889 0.0184769 -1.76309 -0.0136668 0.999906 -0.00131997 -2.03615 -0.0184933 0.00106714 0.999828 120.861 
0.99971 0.0140679 0.0195518 -1.76283 -0.014035 0.9999 -0.0018125 -2.06202 -0.0195753 0.00153761 0.999807 122.198 
0.999653 0.0160913 0.020872 -1.76372 -0.0160443 0.999868 -0.00241434 -2.08775 -0.0209081 0.00207867 0.999779 123.544 
0.999583 0.0183307 0.0222962 -1.76753 -0.0182699 0.999829 -0.00292424 -2.10959 -0.022346 0.00251571 0.999747 124.914 
0.99954 0.019137 0.0235451 -1.76889 -0.0190484 0.999811 -0.00398032 -2.13631 -0.0236169 0.00353003 0.999715 126.243 
0.999489 0.0202557 0.0247419 -1.77235 -0.0201426 0.999786 -0.0048093 -2.16427 -0.0248341 0.00430851 0.999682 127.616 
0.999471 0.019658 0.0258993 -1.7676 -0.0195307 0.999796 -0.0051605 -2.18889 -0.0259955 0.00465198 0.999651 128.976 
0.999451 0.0189984 0.0271617 -1.76393 -0.0188949 0.999813 -0.00406064 -2.21703 -0.0272338 0.00354523 0.999623 130.359 
0.999439 0.0180499 0.0282179 -1.75402 -0.0179664 0.999833 -0.00321083 -2.24292 -0.0282712 0.00270209 0.999597 131.731 
0.999437 0.0171921 0.0288238 -1.74592 -0.0171167 0.999849 -0.00285622 -2.26967 -0.0288686 0.00236129 0.99958 133.086 
0.999462 0.0150272 0.029156 -1.73831 -0.0149566 0.999885 -0.0026354 -2.29718 -0.0291923 0.00219794 0.999571 134.445 
0.999482 0.0136864 0.0291313 -1.72492 -0.0136333 0.999905 -0.00201935 -2.32157 -0.0291562 0.00162119 0.999574 135.802 
0.999504 0.0122741 0.0290177 -1.72058 -0.0122107 0.999923 -0.00235999 -2.34501 -0.0290445 0.00200454 0.999576 137.162 
0.999541 0.0109692 0.0282298 -1.71511 -0.0108989 0.999937 -0.00263949 -2.36464 -0.028257 0.00233065 0.999598 138.526 
0.999583 0.00966277 0.0272066 -1.6982 -0.0096171 0.999952 -0.00180728 -2.38922 -0.0272228 0.00154492 0.999628 139.905 
0.999623 0.0081958 0.026217 -1.68299 -0.00815427 0.999965 -0.00168876 -2.41174 -0.02623 0.00147438 0.999655 141.278 
0.999655 0.00778242 0.0250772 -1.67784 -0.00774266 0.999969 -0.00168018 -2.43767 -0.0250895 0.00148548 0.999684 142.633 
0.999684 0.00772923 0.0239314 -1.66856 -0.00767328 0.999968 -0.0024271 -2.46092 -0.0239495 0.00224274 0.999711 143.988 
0.999703 0.00788428 0.0230559 -1.66528 -0.00782167 0.999966 -0.0028025 -2.48616 -0.0230772 0.00262137 0.99973 145.342 
0.999728 0.00579475 0.0225985 -1.66798 -0.00568227 0.999971 -0.00503654 -2.51641 -0.0226271 0.0049068 0.999732 146.699 
0.99977 0.000338621 0.0214424 -1.65093 -0.000222947 0.999985 -0.00539476 -2.54585 -0.021444 0.00538878 0.999756 148.047 
0.999762 -0.00751349 0.0204894 -1.63537 0.0075712 0.999968 -0.00273835 -2.57892 -0.0204682 0.00289286 0.999786 149.392 
0.999724 -0.0140985 0.0187928 -1.62134 0.0141253 0.999899 -0.00129182 -2.60366 -0.0187728 0.00155696 0.999823 150.741 
0.99969 -0.017386 0.0178394 -1.61 0.0174714 0.999837 -0.0046399 -2.63298 -0.0177558 0.00495019 0.99983 152.093 
0.999695 -0.0165731 0.0183386 -1.61206 0.0167184 0.99983 -0.00779795 -2.66245 -0.0182063 0.0081022 0.999801 153.444 
0.999725 -0.0131255 0.0194409 -1.6152 0.0133213 0.999862 -0.00997678 -2.69586 -0.0193073 0.0102331 0.999761 154.799 
0.999707 -0.0130915 0.0203467 -1.61787 0.0132974 0.999862 -0.0100121 -2.7319 -0.0202128 0.0102797 0.999743 156.15 
0.999643 -0.0165721 0.0209534 -1.60158 0.0167114 0.999839 -0.00648926 -2.76903 -0.0208425 0.00683715 0.999759 157.525 
0.999541 -0.0214663 0.0213846 -1.5845 0.0215514 0.999761 -0.00375626 -2.7972 -0.0212989 0.00421544 0.999764 158.89 
0.999445 -0.0251724 0.0218253 -1.57858 0.0252286 0.999679 -0.00230151 -2.82697 -0.0217604 0.0028509 0.999759 160.234 
0.999398 -0.0268483 0.0219685 -1.56873 0.0269047 0.999635 -0.00227284 -2.85609 -0.0218995 0.00286257 0.999756 161.595 
0.999419 -0.0247244 0.0234636 -1.57412 0.0247694 0.999692 -0.00162573 -2.88106 -0.0234163 0.00220601 0.999723 162.936 
0.999482 -0.0203497 0.0249413 -1.5732 0.0204224 0.999788 -0.00266318 -2.9062 -0.0248819 0.0031712 0.999685 164.288 
0.999521 -0.0167221 0.0260616 -1.57026 0.0168529 0.999846 -0.00480619 -2.93597 -0.0259773 0.00524315 0.999649 165.639 
0.999544 -0.0140761 0.0267051 -1.55699 0.0142248 0.999884 -0.00538253 -2.96285 -0.0266263 0.00576 0.999629 166.994 
0.999551 -0.0124821 0.0272246 -1.54785 0.0125983 0.999912 -0.00409762 -2.99587 -0.0271711 0.00443881 0.999621 168.362 
0.999575 -0.010682 0.0271353 -1.5348 0.0108031 0.999932 -0.0043195 -3.02763 -0.0270873 0.00461085 0.999622 169.737 
0.999611 -0.00785209 0.0267557 -1.52182 0.00804319 0.999943 -0.00704045 -3.05447 -0.026699 0.00725296 0.999617 171.114 
0.999642 -0.00383223 0.0264714 -1.51296 0.00409567 0.999943 -0.00990312 -3.08663 -0.0264319 0.010008 0.999601 172.489 
0.999646 0.00107477 0.0265893 -1.52522 -0.00077866 0.999938 -0.0111426 -3.12384 -0.0265997 0.011118 0.999584 173.871 
0.99962 0.00566182 0.0269937 -1.51905 -0.00538821 0.999934 -0.0101962 -3.15528 -0.0270497 0.0100469 0.999584 175.258 
0.999587 0.00813355 0.0275468 -1.51274 -0.00791034 0.999935 -0.00820044 -3.19259 -0.0276118 0.0079792 0.999587 176.647 
0.999573 0.00885237 0.0278507 -1.50109 -0.00868522 0.999944 -0.00611513 -3.22124 -0.0279033 0.00587067 0.999593 178.059 
0.999615 0.00545492 0.0272082 -1.48509 -0.00531859 0.999973 -0.0050791 -3.25365 -0.0272352 0.00493247 0.999617 179.46 
0.999671 0.00342936 0.0254327 -1.46696 -0.00330271 0.999982 -0.00501844 -3.28194 -0.0254495 0.00493283 0.999664 180.858 
0.999718 0.00320604 0.0235424 -1.45841 -0.00298833 0.999953 -0.00927499 -3.31524 -0.023571 0.00920206 0.99968 182.248 
0.999742 0.00558641 0.0220356 -1.45345 -0.00528453 0.999892 -0.0137322 -3.3452 -0.0221099 0.0136122 0.999663 183.666 
0.999718 0.0102954 0.0214189 -1.45294 -0.009984 0.999844 -0.0145908 -3.37863 -0.0215658 0.0143729 0.999664 185.094 
0.999678 0.0137966 0.0212778 -1.45526 -0.0135056 0.999814 -0.0137544 -3.4163 -0.0214637 0.0134626 0.999679 186.526 
0.999644 0.0156294 0.0216392 -1.45958 -0.015405 0.999826 -0.0104987 -3.44809 -0.0217995 0.0101617 0.999711 187.97 
0.99963 0.0161047 0.0219404 -1.45881 -0.0159229 0.999838 -0.00843164 -3.48645 -0.0220727 0.0080792 0.999724 189.419 
0.999636 0.0155481 0.0220476 -1.45429 -0.0153862 0.999854 -0.00749077 -3.51542 -0.0221608 0.00714885 0.999729 190.86 
0.999661 0.0135893 0.0222273 -1.44745 -0.0134413 0.999887 -0.00679356 -3.54724 -0.0223172 0.00649253 0.99973 192.302 
0.999689 0.0111706 0.0223033 -1.43019 -0.0110323 0.999919 -0.0063081 -3.57652 -0.022372 0.00606012 0.999731 193.741 
0.999711 0.00871544 0.0223995 -1.42167 -0.00857192 0.999942 -0.00649359 -3.60161 -0.0224548 0.00629975 0.999728 195.183 
0.999726 0.00553058 0.022767 -1.40719 -0.00541003 0.999971 -0.00535157 -3.63414 -0.022796 0.00522697 0.999727 196.633 
0.999726 0.00145841 0.0233524 -1.39419 -0.00136864 0.999992 -0.0038578 -3.66073 -0.0233579 0.00382482 0.99972 198.086 
0.999722 -0.00130423 0.0235507 -1.37389 0.00139918 0.999991 -0.00401363 -3.68927 -0.0235453 0.0040455 0.999715 199.547 
0.999715 0.000898688 0.0238682 -1.36619 -0.000692708 0.999963 -0.00863497 -3.71912 -0.0238751 0.00861601 0.999678 200.997 
0.999673 0.00822933 0.0242096 -1.362 -0.00789488 0.999873 -0.0138763 -3.75321 -0.0243207 0.0136807 0.999611 202.435 
0.999519 0.0173608 0.025702 -1.37125 -0.0170052 0.999758 -0.013989 -3.79125 -0.0259387 0.0135452 0.999572 203.875 
0.999339 0.0246301 0.026752 -1.37388 -0.0243605 0.99965 -0.0103585 -3.83025 -0.0269978 0.00970002 0.999588 205.346 
0.999287 0.0255695 0.0277702 -1.36557 -0.0253481 0.999644 -0.00829651 -3.86567 -0.0279725 0.00758671 0.99958 206.811 
0.99935 0.0234866 0.0273374 -1.3478 -0.0232826 0.999699 -0.00775563 -3.89679 -0.0275114 0.00711415 0.999596 208.282 
0.999446 0.0203777 0.0263069 -1.32961 -0.0201798 0.999766 -0.00776352 -3.92916 -0.0264589 0.0072284 0.999624 209.751 
0.999495 0.0188592 0.0255691 -1.32098 -0.0186512 0.999791 -0.00834598 -3.96285 -0.0257212 0.00786491 0.999638 211.211 
0.999501 0.0192554 0.02505 -1.31219 -0.0190414 0.99978 -0.00875114 -4.00135 -0.025213 0.00826983 0.999648 212.675 
0.999469 0.0208534 0.0250445 -1.30576 -0.0206401 0.999749 -0.00874289 -4.03525 -0.0252205 0.00822136 0.999648 214.14 
0.999439 0.0221737 0.0251111 -1.30151 -0.0219814 0.999727 -0.00790405 -4.06965 -0.0252796 0.00734768 0.999653 215.611 
0.99945 0.0216881 0.0250709 -1.29453 -0.0214841 0.999734 -0.00837659 -4.10733 -0.0252459 0.0078334 0.999651 217.089 
0.99947 0.0212242 0.0246797 -1.28175 -0.0209975 0.999735 -0.00941082 -4.14373 -0.0248729 0.00888766 0.999651 218.562 
0.999482 0.0207173 0.0246224 -1.27661 -0.0204859 0.999744 -0.00961197 -4.18013 -0.0248152 0.00910262 0.999651 220.044 
0.999482 0.0209273 0.0244638 -1.26701 -0.020695 0.999739 -0.00970667 -4.21626 -0.0246605 0.00919541 0.999654 221.542 
0.999474 0.0213066 0.0244688 -1.26084 -0.0210697 0.999729 -0.00989926 -4.25522 -0.0246732 0.00937854 0.999652 223.037 
0.999477 0.0211968 0.0244306 -1.25752 -0.0209585 0.999731 -0.00997115 -4.29384 -0.0246354 0.00945394 0.999652 224.536 
0.99946 0.0222809 0.0241587 -1.25172 -0.022037 0.999704 -0.0103157 -4.32966 -0.0243814 0.00977776 0.999655 226.031 
0.999469 0.0220175 0.0240421 -1.24955 -0.0217738 0.999709 -0.0103516 -4.36886 -0.0242631 0.00982268 0.999657 227.53 
0.999457 0.022899 0.0236967 -1.23851 -0.0226565 0.999689 -0.0104496 -4.40455 -0.0239286 0.00990708 0.999665 229.038 
0.999468 0.0223718 0.0237188 -1.22959 -0.0221281 0.9997 -0.0104837 -4.44115 -0.0239463 0.0099533 0.999664 230.558 
0.999488 0.0211014 0.0240526 -1.22677 -0.020852 0.999727 -0.0105724 -4.48085 -0.0242692 0.0100655 0.999655 232.068 
0.999511 0.0199142 0.0241139 -1.21809 -0.0196689 0.999753 -0.010364 -4.51718 -0.0243143 0.00988472 0.999656 233.584 
0.999531 0.0185214 0.0243938 -1.20867 -0.0182935 0.999787 -0.00953306 -4.55778 -0.0245652 0.00908238 0.999657 235.095 
0.999531 0.0183526 0.0245089 -1.19838 -0.0181317 0.999793 -0.00920287 -4.5995 -0.0246727 0.00875421 0.999657 236.615 
0.999522 0.0187252 0.0246003 -1.19108 -0.0184974 0.999784 -0.00945128 -4.63799 -0.024772 0.00899176 0.999653 238.138 
0.999508 0.0191383 0.0248654 -1.18208 -0.0188915 0.99977 -0.0101206 -4.67651 -0.0250534 0.00964594 0.99964 239.671 
0.999464 0.0204663 0.0255353 -1.17873 -0.0202273 0.99975 -0.00957992 -4.71446 -0.025725 0.00905832 0.999628 241.183 
0.999441 0.0205924 0.0263251 -1.16715 -0.0204049 0.999765 -0.00736864 -4.75267 -0.0264707 0.0068274 0.999626 242.71 
0.999419 0.0207908 0.0269938 -1.15525 -0.0206092 0.999763 -0.00698706 -4.79042 -0.0271328 0.00642672 0.999611 244.217 
0.999392 0.0210626 0.027799 -1.14904 -0.0208295 0.999746 -0.00864724 -4.82757 -0.0279741 0.00806298 0.999576 245.746 
0.999369 0.0213397 0.0283877 -1.13574 -0.0210653 0.999729 -0.00993071 -4.86602 -0.0285919 0.00932649 0.999548 247.273 
0.999339 0.0222735 0.0287343 -1.12241 -0.022003 0.999711 -0.00969381 -4.90104 -0.0289419 0.0090552 0.99954 248.811 
0.999351 0.021699 0.0287496 -1.1089 -0.0214588 0.999732 -0.0086359 -4.94155 -0.0289293 0.00801341 0.999549 250.349 
0.999351 0.0219446 0.0285842 -1.0924 -0.0217173 0.99973 -0.00823614 -4.97852 -0.0287572 0.00761006 0.999557 251.887 
0.999339 0.0226297 0.0284453 -1.07934 -0.0224044 0.999715 -0.00821039 -5.0178 -0.028623 0.0075677 0.999562 253.423 
0.999298 0.0241211 0.0286639 -1.06571 -0.0239 0.999682 -0.00803286 -5.05504 -0.0288486 0.00734219 0.999557 254.955 
0.999266 0.025235 0.0288134 -1.05455 -0.0250173 0.999656 -0.00788736 -5.09599 -0.0290025 0.00716078 0.999554 256.493 
0.99925 0.025407 0.0292278 -1.04539 -0.0251948 0.999654 -0.00760543 -5.13396 -0.0294109 0.00686338 0.999544 258.052 
0.99928 0.0239035 0.0294687 -1.02902 -0.0236952 0.999692 -0.00739715 -5.17121 -0.0296365 0.0066936 0.999538 259.592 
0.99932 0.0221952 0.029449 -1.00797 -0.0220073 0.999735 -0.0066902 -5.20639 -0.0295897 0.0060376 0.999544 261.143 
0.999363 0.0199377 0.0296167 -0.985098 -0.0197684 0.999787 -0.00599612 -5.24163 -0.02973 0.00540687 0.999543 262.698 
0.999397 0.0186714 0.0292646 -0.956861 -0.0184857 0.999807 -0.00660302 -5.27873 -0.0293822 0.00605811 0.99955 264.249 
0.999416 0.0178059 0.0291745 -0.941398 -0.0175894 0.999816 -0.00765896 -5.31433 -0.0293055 0.00714136 0.999545 265.777 
0.999422 0.0161926 0.0299016 -0.929005 -0.0160245 0.999855 -0.00585229 -5.34866 -0.029992 0.00536979 0.999536 267.312 
0.999441 0.0141176 0.0303084 -0.901414 -0.0139957 0.999893 -0.00422996 -5.37998 -0.0303649 0.00380345 0.999532 268.873 
0.999455 0.0132793 0.0302242 -0.879488 -0.013125 0.9999 -0.00529454 -5.40577 -0.0302916 0.004895 0.999529 270.422 
0.999436 0.0130411 0.0309403 -0.861091 -0.0128494 0.999897 -0.00638647 -5.43728 -0.0310204 0.00598535 0.999501 271.972 
0.999361 0.0151555 0.0323627 -0.857455 -0.0149365 0.999864 -0.00699775 -5.47213 -0.0324644 0.00650993 0.999452 273.47 
0.999287 0.0174428 0.0334895 -0.839845 -0.017214 0.999827 -0.00710641 -5.51248 -0.0336076 0.0065249 0.999414 275.012 
0.999223 0.0192095 0.0344198 -0.81993 -0.0189649 0.999793 -0.00741736 -5.55177 -0.0345552 0.00675886 0.99938 276.555 
0.999157 0.0205718 0.0355181 -0.801628 -0.0203099 0.999764 -0.00771902 -5.58591 -0.0356686 0.00699118 0.999339 278.142 
0.999104 0.0212997 0.0365839 -0.776946 -0.0210198 0.999747 -0.00801702 -5.62311 -0.0367454 0.00724089 0.999298 279.686 
0.999059 0.0219414 0.0374148 -0.754801 -0.0216208 0.999726 -0.00895162 -5.66021 -0.037601 0.0081343 0.99926 281.259 
0.999027 0.0216638 0.0384272 -0.726234 -0.0213205 0.999729 -0.00931835 -5.70417 -0.0386187 0.00849003 0.999218 282.8 
0.999005 0.0209602 0.0393705 -0.692579 -0.0206219 0.999747 -0.0089761 -5.74645 -0.0395487 0.00815531 0.999184 284.364 
0.999008 0.0195124 0.0400335 -0.657387 -0.019201 0.999782 -0.00814794 -5.7809 -0.0401838 0.00737121 0.999165 285.934 
0.999008 0.0188429 0.0403477 -0.624537 -0.0185337 0.999796 -0.00802384 -5.81577 -0.0404907 0.00726813 0.999154 287.499 
0.999004 0.0186976 0.0405139 -0.594283 -0.0182786 0.999776 -0.0106872 -5.85033 -0.0407046 0.00993602 0.999122 289.092 
0.999029 0.0173655 0.0404837 -0.563028 -0.0168594 0.999776 -0.0128062 -5.89149 -0.040697 0.0121113 0.999098 290.662 
0.999059 0.0170109 0.0399099 -0.533065 -0.0165212 0.999785 -0.0125668 -5.93764 -0.0401152 0.0118956 0.999124 292.191 
0.999132 0.015514 0.0386611 -0.493836 -0.0150402 0.999809 -0.0125147 -5.97933 -0.0388479 0.0119224 0.999174 293.743 
0.999179 0.0154893 0.0374291 -0.467726 -0.0150145 0.999804 -0.0129325 -6.02837 -0.0376221 0.01236 0.999216 295.284 
0.999199 0.0152227 0.0370053 -0.448188 -0.0147497 0.999806 -0.0130206 -6.0731 -0.0371963 0.0124644 0.99923 296.813 
0.999225 0.0150091 0.0363955 -0.427213 -0.0145566 0.999814 -0.0126647 -6.10995 -0.0365789 0.0121251 0.999257 298.407 
0.999272 0.014566 0.0352681 -0.398461 -0.0141364 0.999823 -0.0123997 -6.155 -0.0354426 0.0118922 0.999301 299.97 
0.999306 0.0141498 0.0344649 -0.378333 -0.0137734 0.999843 -0.0111336 -6.19154 -0.0346171 0.0106512 0.999344 301.58 
0.999304 0.0158151 0.033772 -0.355278 -0.0154912 0.999832 -0.00983193 -6.23008 -0.0339218 0.00930197 0.999381 303.17 
0.999274 0.0160685 0.0345376 -0.333768 -0.0157476 0.999831 -0.00954026 -6.27678 -0.0346851 0.00898949 0.999358 304.762 
0.999244 0.0164041 0.03526 -0.301163 -0.0160604 0.999821 -0.0100085 -6.31113 -0.0354179 0.00943463 0.999328 306.378 
0.999244 0.0154028 0.0356937 -0.273898 -0.0150474 0.999835 -0.0102025 -6.35416 -0.035845 0.00965775 0.999311 308.009 
0.999267 0.0135292 0.0358141 -0.243396 -0.0131332 0.99985 -0.0112687 -6.39253 -0.0359613 0.0107901 0.999295 309.61 
0.999274 0.0118954 0.0362007 -0.215548 -0.011419 0.999846 -0.0133362 -6.42927 -0.0363538 0.0129132 0.999256 311.266 
0.999288 0.0113977 0.0359639 -0.183125 -0.0108921 0.99984 -0.0142215 -6.47896 -0.0361203 0.0138197 0.999252 312.867 
0.999366 0.0119117 0.0335443 -0.157816 -0.011411 0.999821 -0.0150771 -6.52744 -0.0337179 0.0146848 0.999324 314.47 
0.999426 0.0128763 0.0313404 -0.135142 -0.0124312 0.99982 -0.0143561 -6.57745 -0.0315196 0.0139583 0.999406 316.086 
0.999424 0.0137528 0.0310211 -0.118059 -0.0134166 0.999849 -0.0110185 -6.62307 -0.031168 0.010596 0.999458 317.724 
0.999424 0.0122619 0.0316347 -0.0968682 -0.0120095 0.999895 -0.00815333 -6.66111 -0.0317314 0.00776876 0.999466 319.367 
0.999427 0.0114436 0.0318454 -0.0838502 -0.0112105 0.999909 -0.00748846 -6.6956 -0.0319283 0.00712721 0.999465 321.016 
0.999425 0.0103625 0.0322877 -0.0618142 -0.0100867 0.999911 -0.00869277 -6.73489 -0.032375 0.00836213 0.999441 322.668 
0.999415 0.00945482 0.0328768 -0.0446424 -0.00917123 0.99992 -0.00876455 -6.77351 -0.0329571 0.00845794 0.999421 324.318 
0.999394 0.00939957 0.0335155 -0.0278009 -0.00911831 0.999922 -0.00853364 -6.81272 -0.0335931 0.0082229 0.999402 325.974 
0.999378 0.00937665 0.0339966 -0.00314905 -0.00909369 0.999923 -0.00846715 -6.85599 -0.0340734 0.00815277 0.999386 327.617 
0.999342 0.0108901 0.0346105 0.0156599 -0.0105669 0.999899 -0.00950649 -6.89611 -0.0347106 0.00913454 0.999356 329.256 
0.999301 0.0117245 0.0354877 0.0363858 -0.011371 0.999884 -0.0101441 -6.9396 -0.0356026 0.00973351 0.999319 330.898 
0.999276 0.0103192 0.0366335 0.0550554 -0.0100218 0.999915 -0.0082909 -6.98003 -0.036716 0.0079178 0.999294 332.571 
0.99928 0.00897032 0.0368542 0.0772614 -0.00869917 0.999934 -0.00750984 -7.01867 -0.0369191 0.00718388 0.999292 334.249 
0.999282 0.00784522 0.0370562 0.104961 -0.0075341 0.999935 -0.00852697 -7.06105 -0.0371208 0.00824171 0.999277 335.873 
0.99927 0.00925466 0.037064 0.139045 -0.00894765 0.999924 -0.0084395 -7.10353 -0.0371393 0.00810175 0.999277 337.497 
0.999256 0.010996 0.0369624 0.163211 -0.0106181 0.99989 -0.0104022 -7.14875 -0.0370728 0.0100021 0.999263 339.118 
0.999247 0.0125923 0.0367037 0.182777 -0.0121106 0.999838 -0.0133159 -7.19304 -0.0368655 0.0128614 0.999238 340.751 
0.999245 0.0140486 0.0362267 0.204143 -0.0135896 0.999825 -0.0128855 -7.23934 -0.0364014 0.0123835 0.999261 342.37 
0.999264 0.0145713 0.0354904 0.226606 -0.0142409 0.999853 -0.00954375 -7.2816 -0.0356243 0.00903135 0.999324 343.997 
0.999283 0.0157147 0.034455 0.251584 -0.0154903 0.999857 -0.00676953 -7.32337 -0.0345565 0.00623099 0.999383 345.619 
0.999283 0.0162482 0.0341897 0.24707 -0.0159809 0.99984 -0.00807606 -7.36054 -0.0343155 0.00752393 0.999383 347.294 
0.999351 0.0155351 0.0324868 0.270604 -0.0152344 0.999839 -0.00948347 -7.402 -0.0326289 0.00898244 0.999427 348.89 
0.999415 0.0142452 0.0310948 0.284302 -0.0139933 0.999868 -0.0083006 -7.43805 -0.031209 0.00786066 0.999482 350.53 
0.999456 0.0125496 0.0304901 0.303014 -0.0123179 0.999894 -0.00777349 -7.47772 -0.0305844 0.00739373 0.999505 352.156 
0.999467 0.0124128 0.0301914 0.320139 -0.0121587 0.999889 -0.00858396 -7.52016 -0.0302946 0.00821234 0.999507 353.768 
0.999482 0.011551 0.0300384 0.337359 -0.0112752 0.999893 -0.00933307 -7.56203 -0.030143 0.00898959 0.999505 355.396 
0.999476 0.0114398 0.0302865 0.348757 -0.0111581 0.999893 -0.00945206 -7.60329 -0.0303914 0.0091092 0.999497 357.018 
0.999481 0.0108291 0.0303426 0.36693 -0.0105458 0.999899 -0.00947964 -7.6464 -0.0304423 0.00915477 0.999495 358.62 
0.999485 0.010323 0.030384 0.384561 -0.0100228 0.9999 -0.0100148 -7.68909 -0.0304844 0.00970516 0.999488 360.229 
0.999482 0.0101208 0.0305659 0.395931 -0.00979869 0.999895 -0.0106672 -7.73045 -0.0306707 0.0103622 0.999476 361.851 
0.999482 0.00923396 0.0308313 0.417029 -0.00891656 0.999906 -0.0104149 -7.77498 -0.0309246 0.0101346 0.99947 363.459 
0.999473 0.00961515 0.0310064 0.436653 -0.0092722 0.999895 -0.011184 -7.81838 -0.0311107 0.0108906 0.999457 365.077 
0.999485 0.00808449 0.0310687 0.461279 -0.00770321 0.999894 -0.0123709 -7.86671 -0.0311654 0.0121253 0.999441 366.658 
0.999485 0.00665494 0.0313883 0.477678 -0.0063265 0.999924 -0.0105502 -7.91412 -0.0314561 0.0103463 0.999452 368.275 
0.999488 0.0050928 0.0315968 0.496827 -0.00478345 0.99994 -0.0098573 -7.95369 -0.0316452 0.00970115 0.999452 369.878 
0.999487 0.00446079 0.0317069 0.513595 -0.00411479 0.999931 -0.010968 -7.99338 -0.0317537 0.010832 0.999437 371.485 
0.999466 0.00555395 0.0321965 0.522669 -0.00517941 0.999918 -0.0117035 -8.03376 -0.0322589 0.0115305 0.999413 373.079 
0.999443 0.0072024 0.0325937 0.54105 -0.00684756 0.999916 -0.0109841 -8.07718 -0.0326701 0.0107549 0.999408 374.684 
0.999415 0.00890153 0.0330354 0.560918 -0.00856389 0.99991 -0.0103467 -8.11711 -0.0331246 0.0100578 0.999401 376.293 
0.999397 0.00901764 0.0335443 0.583158 -0.00866411 0.999906 -0.0106683 -8.16184 -0.0336374 0.0103712 0.99938 377.91 
0.999389 0.00922954 0.0337213 0.605707 -0.0088408 0.999893 -0.0116579 -8.20499 -0.0338253 0.0113527 0.999363 379.517 
0.99939 0.00884907 0.0337803 0.630007 -0.008456 0.999895 -0.01176 -8.25274 -0.0338809 0.0114673 0.99936 381.123 
0.999363 0.00915285 0.034497 0.657399 -0.00875019 0.999892 -0.0118041 -8.30037 -0.0346014 0.0114947 0.999335 382.759 
0.999348 0.0106089 0.0345033 0.684868 -0.0102106 0.999879 -0.0116986 -8.34367 -0.0346233 0.0113387 0.999336 384.403 
0.999319 0.01208 0.0348566 0.717315 -0.0116862 0.999866 -0.0114801 -8.38517 -0.0349906 0.011065 0.999326 386.037 
0.999284 0.0133003 0.0354236 0.734688 -0.0128775 0.999843 -0.0121369 -8.43259 -0.0355795 0.0116721 0.999299 387.64 
0.999263 0.0142655 0.0356284 0.762289 -0.0138136 0.999821 -0.0128953 -8.4742 -0.035806 0.0123937 0.999282 389.266 
0.999224 0.0153023 0.0363002 0.777324 -0.01484 0.999806 -0.0129686 -8.52229 -0.0364916 0.0124199 0.999257 390.885 
0.999197 0.0164413 0.0365454 0.806604 -0.0160047 0.999797 -0.0122047 -8.56549 -0.0367387 0.01161 0.999258 392.515 
0.999178 0.017386 0.036628 0.8375 -0.0169597 0.999785 -0.0119171 -8.61556 -0.0368274 0.0112862 0.999258 394.151 
0.999139 0.0181592 0.0372992 0.859187 -0.0176994 0.999764 -0.0126202 -8.65955 -0.0375197 0.0119492 0.999224 395.785 
0.999135 0.0183302 0.0373353 0.890658 -0.0178813 0.999764 -0.0123203 -8.70935 -0.0375524 0.0116421 0.999227 397.418 
0.99914 0.018234 0.037238 0.925566 -0.0178055 0.999772 -0.0118066 -8.75257 -0.0374449 0.0111334 0.999237 399.073 
0.999134 0.018134 0.0374479 0.953197 -0.0176579 0.99976 -0.0130029 -8.79413 -0.0376747 0.0123304 0.999214 400.752 
0.999143 0.0174902 0.0375087 0.990511 -0.01698 0.99976 -0.0138786 -8.84356 -0.0377425 0.0132298 0.9992 402.415 
0.999157 0.0164497 0.0376231 1.03076 -0.0159508 0.999781 -0.0135227 -8.9014 -0.0378374 0.0129112 0.999201 404.056 
0.999148 0.0161342 0.0379982 1.05911 -0.015669 0.999799 -0.012507 -8.94025 -0.0381924 0.011901 0.9992 405.714 
0.999179 0.0139052 0.0380657 1.1 -0.0134989 0.999849 -0.0109082 -8.98651 -0.0382117 0.0103854 0.999216 407.398 
0.999179 0.0126285 0.0385041 1.12889 -0.0121898 0.999858 -0.0116069 -9.0343 -0.0386453 0.011128 0.999191 409.03 
0.999194 0.0113769 0.0384881 1.16462 -0.010907 0.999864 -0.0123951 -9.08239 -0.0386239 0.0119654 0.999182 410.695 
