1 2.12261e-08 -2.11895e-08 0 2.12261e-08 1 2.10703e-08 0 -2.11895e-08 2.10703e-08 1 0 
0.999997 -0.00173253 -0.00175073 -0.00283308 0.00173133 0.999998 -0.000710153 -0.0123615 0.00175191 0.000707162 0.999998 0.584544 
0.999994 -0.00222662 -0.00268026 -0.0238845 0.00222078 0.999995 -0.00219488 -0.0230594 0.00268509 0.00218896 0.999994 1.15784 
0.999985 -0.00269451 -0.00467977 -0.0356728 0.00267776 0.99999 -0.00359021 -0.0341489 0.00468935 0.00357767 0.999983 1.73049 
0.999966 -0.00483953 -0.00665532 -0.0467303 0.00480515 0.999975 -0.00517739 -0.0472982 0.00668017 0.00514527 0.999964 2.29547 
0.999941 -0.00707274 -0.00821105 -0.0591901 0.00701373 0.99995 -0.0071982 -0.0566048 0.00826151 0.00714023 0.99994 2.86444 
0.999919 -0.00842843 -0.00958373 -0.0754461 0.00835271 0.999934 -0.00791819 -0.0672944 0.00964979 0.00783754 0.999923 3.44504 
0.999903 -0.00863099 -0.0109308 -0.0942633 0.00855234 0.999937 -0.00722627 -0.0797849 0.0109925 0.00713212 0.999914 4.03106 
0.999889 -0.00882746 -0.0120059 -0.11521 0.00873567 0.999932 -0.00767951 -0.0940918 0.0120728 0.00757382 0.999898 4.62522 
0.999881 -0.0082894 -0.0129877 -0.138331 0.0081545 0.999913 -0.0104088 -0.108756 0.0130728 0.0103017 0.999862 5.22725 
0.999881 -0.00644121 -0.0140481 -0.165477 0.00624009 0.999878 -0.0143166 -0.124186 0.0141385 0.0142272 0.999799 5.83335 
0.999874 -0.00505565 -0.0150427 -0.194138 0.00478316 0.999825 -0.0180983 -0.136229 0.0151316 0.0180241 0.999723 6.44772 
0.999864 -0.0033266 -0.0161423 -0.222183 0.00303336 0.999831 -0.0181594 -0.14706 0.0161999 0.018108 0.999705 7.0791 
0.999852 -0.000973074 -0.0171695 -0.253897 0.000775818 0.999934 -0.0114941 -0.155595 0.0171795 0.0114791 0.999787 7.73153 
0.999841 -5.14108e-05 -0.0178409 -0.280742 2.98601e-05 0.999999 -0.00121056 -0.164725 0.0178409 0.00120988 0.99984 8.40474 
0.999824 0.000834341 -0.0187313 -0.30723 -0.000729089 0.999984 0.00562299 -0.181026 0.0187356 -0.0056083 0.999809 9.08637 
0.999797 0.00294515 -0.0199195 -0.338508 -0.0028533 0.999985 0.00463588 -0.19584 0.0199328 -0.00457806 0.999791 9.77812 
0.999778 0.00504787 -0.0204687 -0.375975 -0.00510143 0.999984 -0.0025673 -0.203786 0.0204554 0.00267119 0.999787 10.4771 
0.999757 0.005025 -0.021459 -0.408544 -0.00521456 0.999948 -0.00878878 -0.200175 0.0214137 0.00889859 0.999731 11.1894 
0.999738 0.00265388 -0.0227407 -0.434082 -0.00281613 0.999971 -0.00710779 -0.203197 0.0227211 0.00717001 0.999716 11.9325 
0.999733 0.00152599 -0.0230653 -0.468023 -0.00147952 0.999997 0.00202972 -0.210065 0.0230683 -0.00199501 0.999732 12.7014 
0.999724 0.00106842 -0.0234789 -0.499038 -0.00084262 0.999953 0.00962317 -0.219095 0.0234881 -0.00960069 0.999678 13.4822 
0.99971 -3.79089e-05 -0.0240882 -0.531471 0.000328312 0.999927 0.0120503 -0.221159 0.0240859 -0.0120547 0.999637 14.2812 
0.999702 -0.00207222 -0.0243226 -0.562177 0.00234354 0.999935 0.01113 -0.223284 0.0242979 -0.0111837 0.999642 15.0958 
0.999712 -0.00237884 -0.0238727 -0.593301 0.00258498 0.99996 0.0086062 -0.222915 0.0238512 -0.00866539 0.999678 15.9265 
0.999727 -0.000127173 -0.0233865 -0.632914 0.000244435 0.999987 0.00500953 -0.221556 0.0233855 -0.00501383 0.999714 16.7685 
0.999741 -0.00340698 -0.0225072 -0.662794 0.00339909 0.999994 -0.000390946 -0.229484 0.0225083 0.000314384 0.999747 17.6286 
0.99974 -0.00609219 -0.0219946 -0.689305 0.00594734 0.99996 -0.00664725 -0.240385 0.0220341 0.00651475 0.999736 18.4982 
0.999772 -0.00508232 -0.0207643 -0.724791 0.00483143 0.999915 -0.0121173 -0.25047 0.0208241 0.0120142 0.999711 19.3872 
0.99978 -0.00372592 -0.0206453 -0.760223 0.00345923 0.99991 -0.0129406 -0.267199 0.0206916 0.0128664 0.999703 20.2929 
0.999772 -0.00364798 -0.0210474 -0.793596 0.00338963 0.999919 -0.0122994 -0.289452 0.0210905 0.0122253 0.999703 21.2211 
0.999771 -0.00222606 -0.0212786 -0.830383 0.00193685 0.999906 -0.0136048 -0.312528 0.0213068 0.0135605 0.999681 22.1608 
0.999777 0.000748765 -0.0210896 -0.872286 -0.00108164 0.999875 -0.015779 -0.335925 0.0210751 0.0157984 0.999653 23.1125 
0.99976 0.00406449 -0.0215291 -0.911378 -0.0044247 0.999851 -0.016712 -0.358805 0.0214579 0.0168033 0.999629 24.0814 
0.99975 0.00578984 -0.021603 -0.951255 -0.00614775 0.999844 -0.0165404 -0.388741 0.0215038 0.0166691 0.99963 25.0581 
0.999743 0.00650592 -0.0217136 -0.995127 -0.00686743 0.999838 -0.0166182 -0.418232 0.0216019 0.0167631 0.999626 26.0468 
0.99974 0.00663373 -0.021804 -1.0352 -0.00699454 0.999839 -0.0165157 -0.446728 0.0216909 0.0166639 0.999626 27.0403 
0.999723 0.00759242 -0.0222677 -1.07499 -0.00793629 0.99985 -0.0153969 -0.476594 0.0221474 0.0155694 0.999634 28.046 
0.999711 0.00816923 -0.0225932 -1.11661 -0.00847317 0.999874 -0.013392 -0.50546 0.0224809 0.0135796 0.999655 29.0607 
0.999694 0.00883795 -0.0230884 -1.15782 -0.00911917 0.999885 -0.0121052 -0.533921 0.0229787 0.0123121 0.99966 30.0796 
0.999692 0.00877109 -0.023231 -1.20047 -0.00907723 0.999873 -0.0131074 -0.561435 0.0231131 0.0133143 0.999644 31.1051 
0.999672 0.00994547 -0.0236073 -1.24367 -0.0102793 0.999848 -0.0140653 -0.589252 0.0234638 0.0143034 0.999622 32.1425 
0.999662 0.00962132 -0.0241706 -1.28593 -0.00994003 0.999865 -0.013102 -0.614894 0.0240413 0.0133379 0.999622 33.1872 
0.999653 0.00872502 -0.0248764 -1.32735 -0.00898552 0.999906 -0.0103808 -0.642618 0.0247835 0.0106008 0.999637 34.2407 
0.999639 0.00918661 -0.0252349 -1.3746 -0.00935791 0.999934 -0.00668025 -0.667565 0.0251718 0.00691403 0.999659 35.3003 
0.999625 0.00909506 -0.0258466 -1.42028 -0.00920684 0.999949 -0.00421051 -0.692246 0.0258069 0.00444694 0.999657 36.3686 
0.999612 0.00903675 -0.0263574 -1.46367 -0.00913757 0.999951 -0.00370877 -0.715986 0.0263226 0.00394821 0.999646 37.4447 
0.999597 0.00865274 -0.0270214 -1.51058 -0.00879842 0.999947 -0.0052788 -0.7338 0.0269743 0.00551447 0.999621 38.5257 
0.999574 0.0089347 -0.0277845 -1.56197 -0.00910099 0.999941 -0.00586583 -0.752749 0.0277304 0.00611624 0.999597 39.6137 
0.999554 0.00870817 -0.0285653 -1.61102 -0.00884383 0.99995 -0.00462759 -0.775663 0.0285235 0.0048782 0.999581 40.703 
0.999531 0.0087569 -0.0293551 -1.66134 -0.00883107 0.999958 -0.0023993 -0.800848 0.0293328 0.00265745 0.999566 41.7933 
0.999514 0.00876585 -0.0299272 -1.71432 -0.00876603 0.999962 0.000123849 -0.822476 0.029927 0.000138596 0.999552 42.8817 
0.999489 0.00996787 -0.0303669 -1.7676 -0.00997336 0.99995 -3.06987e-05 -0.845101 0.030365 0.000333586 0.999539 43.9676 
0.999469 0.0112705 -0.0305784 -1.82378 -0.0113933 0.999928 -0.00384721 -0.867634 0.0305328 0.00419359 0.999525 45.043 
0.999458 0.012499 -0.0304449 -1.88031 -0.0127404 0.999889 -0.00774767 -0.889727 0.0303446 0.00813139 0.999506 46.1185 
0.999462 0.0128408 -0.0301699 -1.93609 -0.0130926 0.999881 -0.00816435 -0.913011 0.0300614 0.00855501 0.999511 47.1996 
0.999458 0.0134282 -0.0300662 -1.99048 -0.0135971 0.999893 -0.00541957 -0.939186 0.0299902 0.00582548 0.999533 48.2845 
0.999459 0.0139564 -0.0297963 -2.04504 -0.0140593 0.999896 -0.00324773 -0.963836 0.0297478 0.00366493 0.999551 49.3719 
0.999477 0.0125567 -0.0298162 -2.09445 -0.0126278 0.999918 -0.00219729 -0.983584 0.0297861 0.0025727 0.999553 50.4598 
0.999494 0.0126589 -0.0291876 -2.15074 -0.0127563 0.999914 -0.00315535 -1.00621 0.0291451 0.00352612 0.999569 51.555 
0.999512 0.0118418 -0.0289155 -2.20383 -0.0119905 0.999916 -0.00497417 -1.02892 0.0288542 0.0053185 0.99957 52.6541 
0.999517 0.0119657 -0.028668 -2.25323 -0.0121727 0.999901 -0.00705818 -1.05273 0.0285807 0.00740379 0.999564 53.7503 
0.999537 0.0105712 -0.0285424 -2.29969 -0.0108432 0.999897 -0.00939499 -1.08046 0.0284401 0.00970017 0.999548 54.8442 
0.999551 0.00895771 -0.0285967 -2.34598 -0.00932235 0.999877 -0.0126446 -1.11129 0.0284799 0.0129056 0.999511 55.9338 
0.999568 0.00742965 -0.0284234 -2.39579 -0.00784077 0.999866 -0.0143816 -1.1407 0.0283127 0.0145983 0.999493 57.0291 
0.999585 0.00569028 -0.0282483 -2.4459 -0.00603428 0.999909 -0.0121092 -1.17071 0.0281768 0.0122746 0.999528 58.1283 
0.999601 0.00418595 -0.0279356 -2.49422 -0.00436114 0.999971 -0.0062145 -1.19853 0.0279087 0.00633389 0.99959 59.2226 
0.999605 0.00248073 -0.0280121 -2.53958 -0.00248684 0.999997 -0.000184574 -1.22075 0.0280115 0.000254205 0.999608 60.3262 
0.999607 0.000756282 -0.0280188 -2.58601 -0.000738119 1 0.000657078 -1.24202 0.0280192 -0.000636096 0.999607 61.4264 
0.999605 -0.0026117 -0.0279871 -2.62852 0.0025463 0.999994 -0.00237367 -1.25951 0.027993 0.00230151 0.999606 62.5254 
0.999593 -0.00408967 -0.0282225 -2.6733 0.0039345 0.999977 -0.00555308 -1.27868 0.0282445 0.00543982 0.999586 63.6187 
0.999592 -0.0021117 -0.0284925 -2.72224 0.00183943 0.999952 -0.00958008 -1.30583 0.0285113 0.00952381 0.999548 64.7099 
0.999594 -0.00178377 -0.0284475 -2.77229 0.00138941 0.999903 -0.0138778 -1.33571 0.0284694 0.0138327 0.999499 65.7964 
0.999617 0.00139425 -0.027641 -2.83512 -0.00179761 0.999892 -0.0145747 -1.36511 0.0276176 0.0146189 0.999512 66.8983 
0.999625 0.00512402 -0.0269188 -2.888 -0.00542015 0.999925 -0.0109409 -1.3971 0.0268607 0.0110827 0.999578 68.0012 
0.999614 0.00655806 -0.0269835 -2.94273 -0.00679812 0.999938 -0.00881607 -1.42656 0.0269239 0.00899615 0.999597 69.1057 
0.999618 0.00605939 -0.0269605 -2.98965 -0.00628299 0.999947 -0.00821822 -1.45109 0.0269093 0.00838452 0.999603 70.2055 
0.999622 0.00428254 -0.0271412 -3.03617 -0.0044814 0.999964 -0.00727189 -1.47851 0.027109 0.00739082 0.999605 71.3055 
0.999612 0.00282213 -0.0277094 -3.08017 -0.00298506 0.999979 -0.00584179 -1.5041 0.0276923 0.00592228 0.999599 72.4115 
0.999601 0.00114651 -0.0282197 -3.12439 -0.00125304 0.999992 -0.00375929 -1.53018 0.0282152 0.0037932 0.999595 73.513 
0.999575 4.16452e-05 -0.0291526 -3.1687 -0.000103709 0.999998 -0.00212885 -1.55336 0.0291524 0.00213101 0.999573 74.615 
0.999552 -0.000879681 -0.0299097 -3.21635 0.000778402 0.999994 -0.00339903 -1.57761 0.0299125 0.00337427 0.999547 75.7081 
0.999523 -0.000602173 -0.0308768 -3.26519 0.000382757 0.999975 -0.00711293 -1.60457 0.0308803 0.00709776 0.999498 76.7978 
0.999502 -0.000172322 -0.0315629 -3.32558 -0.000118594 0.999958 -0.00921621 -1.62756 0.0315631 0.00921541 0.999459 77.8923 
0.99948 0.00166095 -0.0321897 -3.39004 -0.00190882 0.999969 -0.00767229 -1.65404 0.0321759 0.00772979 0.999452 78.99 
0.999462 0.00260593 -0.0327083 -3.45061 -0.00271795 0.999991 -0.0033821 -1.67969 0.0326992 0.00346922 0.999459 80.0827 
0.999451 0.00419452 -0.0328609 -3.52238 -0.0041792 0.999991 0.000533499 -1.70135 0.0328628 -0.000395831 0.99946 81.1852 
0.999419 0.00533759 -0.0336751 -3.5748 -0.00530481 0.999985 0.00106154 -1.72181 0.0336802 -0.000882244 0.999432 82.266 
0.999393 0.0050437 -0.0344613 -3.62868 -0.00508161 0.999987 -0.00101366 -1.7406 0.0344556 0.00118821 0.999406 83.3547 
0.999373 0.00485361 -0.03507 -3.68244 -0.00491727 0.999986 -0.00173044 -1.76279 0.035061 0.00190185 0.999383 84.422 
0.999355 0.00405865 -0.0356807 -3.7348 -0.00412561 0.99999 -0.00180426 -1.78681 0.035673 0.00195035 0.999362 85.4811 
0.999336 0.00324268 -0.0362984 -3.79452 -0.00330246 0.999993 -0.00158842 -1.80953 0.036293 0.00170728 0.99934 86.5249 
0.999322 0.00206623 -0.0367729 -3.84886 -0.00207672 0.999998 -0.000248136 -1.8274 0.0367723 0.000324377 0.999324 87.5545 
0.999302 0.00209113 -0.0373006 -3.90737 -0.00199539 0.999995 0.00260261 -1.85212 0.0373058 -0.00252632 0.999301 88.5595 
0.999271 0.00109442 -0.038174 -3.96203 -0.000961477 0.999993 0.00349954 -1.87437 0.0381775 -0.00346024 0.999265 89.5452 
0.999182 0.000303222 -0.0404286 -4.01672 -0.000150467 0.999993 0.00378034 -1.89393 0.0404294 -0.00377112 0.999175 90.508 
0.999051 -0.000583399 -0.0435572 -4.07479 0.000714283 0.999995 0.00298843 -1.91423 0.0435552 -0.00301666 0.999047 91.45 
0.998895 -0.000621513 -0.0469968 -4.13289 0.000716393 0.999998 0.00200116 -1.93316 0.0469954 -0.00203257 0.998893 92.3707 
0.998755 -0.000778181 -0.0498879 -4.19562 0.000890236 0.999997 0.00222313 -1.95136 0.049886 -0.00226473 0.998752 93.2661 
0.998597 0.000402166 -0.0529516 -4.25946 -0.000224587 0.999994 0.00335874 -1.97126 0.0529527 -0.00334209 0.998591 94.1363 
0.998424 0.00157205 -0.0561018 -4.32209 -0.00131488 0.999989 0.00461976 -1.99126 0.0561084 -0.00453866 0.998414 94.9825 
0.998252 0.00231843 -0.0590566 -4.38762 -0.00195716 0.999979 0.00617383 -2.00857 0.0590697 -0.00604741 0.998236 95.8063 
0.9981 0.00410269 -0.0614862 -4.45717 -0.00368343 0.999969 0.00692988 -2.0216 0.0615127 -0.00669019 0.998084 96.5973 
0.997938 0.00601882 -0.0639101 -4.52514 -0.0055655 0.999958 0.00726815 -2.03669 0.0639511 -0.00689742 0.997929 97.3665 
0.997758 0.00782913 -0.0664633 -4.5959 -0.0074355 0.999953 0.00616733 -2.05443 0.0665085 -0.00565927 0.99777 98.105 
0.997589 0.00920406 -0.0687885 -4.66797 -0.00906145 0.999956 0.0023843 -2.06784 0.0688074 -0.00175518 0.997628 98.8147 
0.997396 0.0116569 -0.071178 -4.73615 -0.0117787 0.99993 -0.00129314 -2.08512 0.0711579 0.0021282 0.997463 99.4918 
0.997235 0.0134066 -0.0730945 -4.80212 -0.0137377 0.999898 -0.00402987 -2.09729 0.073033 0.00502292 0.997317 100.139 
0.997132 0.0152694 -0.07412 -4.86012 -0.0156963 0.999863 -0.00518122 -2.11083 0.0740307 0.00632982 0.997236 100.765 
0.997164 0.0175091 -0.073195 -4.91769 -0.0179052 0.999828 -0.00475905 -2.12639 0.0730991 0.00605617 0.997306 101.36 
0.997297 0.0213812 -0.0703038 -4.97186 -0.0216619 0.99976 -0.00323321 -2.14388 0.0702177 0.00474742 0.99752 101.932 
0.99762 0.0239817 -0.0646428 -5.02195 -0.0241613 0.999706 -0.00199936 -2.15585 0.0645759 0.0035565 0.997907 102.481 
0.998054 0.0247819 -0.0572286 -5.05892 -0.0248254 0.999692 -5.07039e-05 -2.16872 0.0572097 0.00147137 0.998361 103.007 
0.998559 0.0246163 -0.0476924 -5.08208 -0.0245228 0.999696 0.00254267 -2.18123 0.0477405 -0.00136941 0.998859 103.512 
0.999056 0.0243045 -0.0359931 -5.0983 -0.0241898 0.999701 0.00361773 -2.19038 0.0360703 -0.00274361 0.999346 103.988 
0.999467 0.0234377 -0.0227366 -5.10285 -0.02336 0.99972 0.00367608 -2.2006 0.0228164 -0.00314295 0.999735 104.449 
0.999704 0.0231708 -0.0074647 -5.10383 -0.0231495 0.999728 0.00292459 -2.21379 0.00753039 -0.00275088 0.999968 104.887 
0.999708 0.0217972 0.0104299 -5.09004 -0.0217987 0.999762 3.70753e-05 -2.2279 -0.0104266 -0.000264381 0.999946 105.307 
0.999277 0.0212234 0.0315338 -5.06527 -0.0210883 0.999767 -0.00460804 -2.23885 -0.0316243 0.00393976 0.999492 105.718 
0.998248 0.0192452 0.0559501 -5.02957 -0.0187505 0.999781 -0.00935157 -2.24835 -0.0561178 0.00828614 0.99839 106.119 
0.996396 0.0168231 0.0831385 -4.97957 -0.0158847 0.999803 -0.0119353 -2.26045 -0.0833229 0.0105717 0.996467 106.509 
0.993494 0.014134 0.113009 -4.91346 -0.0127321 0.999833 -0.0131168 -2.27214 -0.113175 0.0115927 0.993507 106.895 
0.989281 0.0119299 0.145536 -4.83481 -0.00986593 0.99984 -0.0148948 -2.2843 -0.145691 0.0132993 0.989241 107.268 
0.983236 0.00950027 0.182089 -4.75141 -0.00658669 0.999841 -0.0165987 -2.2946 -0.182218 0.0151211 0.983142 107.64 
0.975323 0.0062357 0.220696 -4.6429 -0.00258312 0.999855 -0.0168347 -2.3106 -0.220769 0.0158492 0.975197 107.996 
0.965316 0.00418772 0.261052 -4.52589 0.000468722 0.999842 -0.0177722 -2.32229 -0.261085 0.0172782 0.965161 108.339 
0.952864 0.00506262 0.303355 -4.40259 0.000608258 0.999827 -0.0185963 -2.33866 -0.303397 0.0179043 0.952696 108.674 
0.937507 0.00696347 0.347897 -4.26461 -0.000419131 0.999822 -0.0188827 -2.35431 -0.347967 0.0175569 0.937343 108.993 
0.919496 0.00699207 0.393036 -4.11095 -9.87718e-05 0.999846 -0.0175559 -2.36658 -0.393099 0.0161038 0.919355 109.302 
0.899091 0.00634911 0.437715 -3.93829 0.000869444 0.999867 -0.016289 -2.37713 -0.43776 0.0150259 0.898966 109.597 
0.875702 0.00511955 0.482825 -3.75359 0.0032583 0.999858 -0.0165113 -2.39274 -0.482841 0.0160322 0.875561 109.877 
0.850064 0.00567338 0.526648 -3.55828 0.00474889 0.999819 -0.0184358 -2.40736 -0.526658 0.0181726 0.849883 110.15 
0.821946 0.00786727 0.569511 -3.34946 0.00532541 0.999755 -0.0214965 -2.4248 -0.56954 0.0207019 0.821703 110.412 
0.790688 0.0128017 0.612085 -3.12761 0.00393498 0.999654 -0.0259908 -2.43543 -0.612206 0.0229592 0.790365 110.67 
0.756157 0.0190746 0.654112 -2.89096 0.000590196 0.999555 -0.0298303 -2.44671 -0.65439 0.0229425 0.755809 110.919 
0.718172 0.0238874 0.695456 -2.63525 -0.00164972 0.999466 -0.0326258 -2.45568 -0.695864 0.0222837 0.717828 111.158 
0.678047 0.02427 0.734617 -2.35696 0.000575734 0.999437 -0.0335503 -2.46836 -0.735018 0.0231716 0.677652 111.383 
0.636131 0.0217228 0.771276 -2.05786 0.0044924 0.999482 -0.0318553 -2.48166 -0.771568 0.023729 0.635704 111.591 
0.591274 0.0199301 0.806225 -1.74576 0.00557748 0.99957 -0.0288 -2.49455 -0.806452 0.0215254 0.590908 111.788 
0.544171 0.0184531 0.838771 -1.42134 0.00617818 0.999643 -0.0260005 -2.50765 -0.838951 0.0193308 0.543863 111.969 
0.495473 0.0159398 0.868477 -1.07675 0.00799099 0.999706 -0.0229071 -2.51971 -0.868587 0.0182899 0.4952 112.138 
0.443988 0.012145 0.895951 -0.728795 0.00989252 0.999781 -0.0184547 -2.53803 -0.895978 0.0170569 0.44377 112.277 
0.391584 0.0122806 0.92006 -0.371476 0.00714045 0.99984 -0.0163845 -2.55553 -0.920115 0.0129856 0.391434 112.407 
0.33978 0.0172243 0.940347 0.00326394 0.00317735 0.999806 -0.0194614 -2.57089 -0.9405 0.00960041 0.339659 112.528 
0.288794 0.0223637 0.95713 0.385139 0.00234663 0.999708 -0.0240665 -2.58254 -0.957388 0.00919631 0.288658 112.621 
0.241669 0.0244561 0.970051 0.774559 0.00350759 0.999654 -0.0260762 -2.59774 -0.970352 0.00970436 0.241499 112.694 
0.200049 0.0240064 0.979492 1.18507 0.01057 0.999589 -0.0266577 -2.61356 -0.979729 0.0156861 0.199713 112.748 
0.164703 0.0239967 0.986051 1.61934 0.0181412 0.999461 -0.0273532 -2.62624 -0.986176 0.0223933 0.164179 112.794 
0.134039 0.0253468 0.990652 2.07449 0.0224539 0.999339 -0.0286071 -2.63604 -0.990722 0.0260785 0.133381 112.842 
0.105861 0.0238031 0.994096 2.53836 0.0203095 0.999453 -0.0260941 -2.65222 -0.994174 0.022952 0.10532 112.884 
0.0804873 0.0201738 0.996551 3.01455 0.0132849 0.999685 -0.0213102 -2.67231 -0.996667 0.0149543 0.080194 112.92 
0.0565429 0.0161537 0.99827 3.51282 0.00847849 0.999825 -0.016659 -2.68847 -0.998364 0.00940577 0.0563961 112.95 
0.0339459 0.0139175 0.999327 4.04066 0.0128048 0.999815 -0.0143592 -2.70124 -0.999342 0.0132836 0.0337614 112.961 
0.0136348 0.0144588 0.999803 4.57822 0.0202729 0.999686 -0.0147335 -2.72136 -0.999702 0.0204698 0.0133374 112.954 
-0.00371066 0.0168143 0.999852 5.13284 0.025237 0.999542 -0.0167154 -2.73851 -0.999675 0.0251712 -0.0041333 112.943 
-0.0182151 0.0223104 0.999585 5.70604 0.0256925 0.999431 -0.0218388 -2.75038 -0.999504 0.025284 -0.018778 112.936 
-0.0291402 0.0271113 0.999208 6.29999 0.0227698 0.999391 -0.0264522 -2.76208 -0.999316 0.0219809 -0.0297397 112.929 
-0.0356228 0.0269279 0.999002 6.92764 0.025232 0.999343 -0.0260373 -2.77697 -0.999047 0.0242793 -0.0362788 112.913 
-0.0381385 0.0237044 0.998991 7.56905 0.0315235 0.99925 -0.022507 -2.79864 -0.998775 0.0306333 -0.0388572 112.886 
-0.0377696 0.0219284 0.999046 8.22744 0.0330145 0.999241 -0.0206845 -2.82051 -0.998741 0.0322018 -0.0384649 112.871 
-0.0358459 0.0217168 0.999121 8.9174 0.0318772 0.99928 -0.0205766 -2.83863 -0.998849 0.0311116 -0.0365123 112.865 
-0.0344212 0.021959 0.999166 9.60915 0.0282536 0.99938 -0.0209903 -2.86345 -0.999008 0.0275075 -0.0350203 112.86 
-0.0332513 0.0232818 0.999176 10.3185 0.02747 0.999372 -0.0223721 -2.88095 -0.999069 0.0267034 -0.03387 112.853 
-0.0322844 0.0240322 0.99919 11.0457 0.0273154 0.999359 -0.0231537 -2.90441 -0.999105 0.0265458 -0.0329201 112.842 
-0.0312637 0.0234366 0.999236 11.7931 0.0271931 0.999375 -0.022589 -2.92991 -0.999141 0.0264661 -0.0318815 112.831 
-0.0306146 0.0222837 0.999283 12.5585 0.0262145 0.999426 -0.0214837 -2.95315 -0.999187 0.025538 -0.0311812 112.824 
-0.0301375 0.0209169 0.999327 13.3378 0.0269083 0.999436 -0.0201076 -2.97766 -0.999184 0.0262842 -0.0306833 112.813 
-0.0306141 0.018719 0.999356 14.1251 0.0276192 0.999459 -0.0178748 -3.00283 -0.99915 0.0270542 -0.0311146 112.799 
-0.0317395 0.017098 0.99935 14.9185 0.025266 0.999548 -0.0162989 -3.0268 -0.999177 0.0247323 -0.0321572 112.791 
-0.0329107 0.0159866 0.99933 15.7175 0.0242308 0.999591 -0.0151927 -3.04968 -0.999165 0.0237146 -0.0332846 112.78 
-0.0338882 0.0135202 0.999334 16.5281 0.0267336 0.999563 -0.0126167 -3.06923 -0.999068 0.0262883 -0.0342348 112.759 
-0.0349948 0.0119622 0.999316 17.3498 0.0280742 0.999546 -0.0109818 -3.08925 -0.998993 0.0276706 -0.0353148 112.739 
-0.0366796 0.0110242 0.999266 18.1794 0.0254125 0.999626 -0.0100953 -3.11559 -0.999004 0.0250236 -0.0369461 112.722 
-0.0375678 0.015767 0.99917 19.0066 0.0225172 0.999635 -0.0149276 -3.13508 -0.99904 0.0219377 -0.0379092 112.709 
-0.0382841 0.020425 0.999058 19.8385 0.0236603 0.999529 -0.0195279 -3.15788 -0.998987 0.0228904 -0.0387493 112.688 
-0.0392459 0.0220337 0.998987 20.6886 0.0240052 0.999489 -0.0211017 -3.18413 -0.998941 0.0231527 -0.0397547 112.665 
-0.0406914 0.0197865 0.998976 21.5387 0.0206331 0.999607 -0.0189585 -3.21101 -0.998959 0.0198405 -0.0410837 112.652 
-0.0419167 0.0154973 0.999001 22.3897 0.017609 0.999736 -0.0147698 -3.24062 -0.998966 0.0169723 -0.0421785 112.64 
-0.0422342 0.0101826 0.999056 23.2422 0.0160296 0.999826 -0.00951279 -3.26649 -0.998979 0.0156127 -0.04239 112.621 
-0.0423636 0.00451484 0.999092 24.093 0.0124659 0.999914 -0.00398994 -3.28774 -0.999025 0.0122856 -0.0424163 112.604 
-0.0422839 0.00333667 0.9991 24.9407 0.0100283 0.999946 -0.00291504 -3.31055 -0.999055 0.00989602 -0.042315 112.587 
-0.0411285 0.00999232 0.999104 25.776 0.0127942 0.999873 -0.0094733 -3.33878 -0.999072 0.0123931 -0.0412512 112.563 
-0.0399607 0.0211 0.998978 26.6098 0.0148461 0.999679 -0.0205209 -3.36108 -0.999091 0.0140109 -0.0402611 112.54 
-0.039341 0.026277 0.99888 27.4458 0.0170375 0.999527 -0.0256229 -3.38357 -0.999081 0.0160104 -0.0397701 112.52 
-0.0379396 0.0206701 0.999066 28.2909 0.0185922 0.999628 -0.0199756 -3.41589 -0.999107 0.017817 -0.0383098 112.501 
-0.0369401 0.0128303 0.999235 29.1327 0.0215846 0.999695 -0.0120383 -3.4457 -0.999084 0.0211234 -0.0372057 112.481 
-0.0365955 0.00972642 0.999283 29.9679 0.0224381 0.999709 -0.0089088 -3.47249 -0.999078 0.022096 -0.0368031 112.467 
-0.036589 0.0102748 0.999278 30.7938 0.0213139 0.999728 -0.00949897 -3.49865 -0.999103 0.0209509 -0.0367981 112.449 
-0.0374907 0.0111342 0.999235 31.613 0.0183748 0.999777 -0.0104508 -3.52236 -0.999128 0.017969 -0.0376869 112.437 
-0.0392551 0.0114103 0.999164 32.4313 0.0161093 0.999812 -0.0107847 -3.54404 -0.999099 0.0156725 -0.0394315 112.419 
-0.0412923 0.0112974 0.999083 33.2443 0.0157956 0.999819 -0.0106529 -3.56994 -0.999022 0.0153412 -0.0414633 112.401 
-0.0433387 0.0116116 0.998993 34.0484 0.0146547 0.999832 -0.0109856 -3.59515 -0.998953 0.0141639 -0.0435016 112.382 
-0.045433 0.0119911 0.998895 34.8596 0.0131334 0.999849 -0.0114051 -3.61697 -0.998881 0.0126007 -0.0455836 112.364 
-0.0474338 0.0110238 0.998814 35.6639 0.0111957 0.999882 -0.0105038 -3.64094 -0.998812 0.0106841 -0.0475516 112.344 
-0.0494181 0.00990825 0.998729 36.4619 0.0119359 0.999885 -0.00932907 -3.66558 -0.998707 0.0114597 -0.0495307 112.318 
-0.0513145 0.0100184 0.998632 37.252 0.0117382 0.999887 -0.00942783 -3.69041 -0.998614 0.0112384 -0.0514263 112.294 
-0.0530386 0.011086 0.998531 38.0427 0.0117818 0.999876 -0.0104751 -3.71123 -0.998523 0.0112089 -0.0531627 112.266 
-0.0538843 0.0112208 0.998484 38.8257 0.0122465 0.999869 -0.0105754 -3.73515 -0.998472 0.0116581 -0.0540147 112.236 
-0.0550555 0.0101177 0.998432 39.608 0.0142603 0.999855 -0.00934576 -3.75785 -0.998381 0.0137234 -0.0551918 112.206 
-0.0565373 0.00934097 0.998357 40.3838 0.0144601 0.999859 -0.0085361 -3.78179 -0.998296 0.0139537 -0.0566644 112.176 
-0.0577083 0.0089579 0.998293 41.1514 0.0131377 0.99988 -0.00821264 -3.8034 -0.998247 0.0126414 -0.0578191 112.147 
-0.0588735 0.00818156 0.998232 41.9054 0.01158 0.999905 -0.00751227 -3.82324 -0.998198 0.0111173 -0.0589626 112.12 
-0.0597653 0.00693276 0.998188 42.6476 0.0104155 0.999926 -0.00632117 -3.84337 -0.998158 0.0100189 -0.0598331 112.094 
-0.0604752 0.00666936 0.998147 43.3694 0.0106798 0.999925 -0.00603413 -3.86407 -0.998113 0.0102951 -0.0605419 112.065 
-0.0606628 0.00916811 0.998116 44.0773 0.0108785 0.999905 -0.00852333 -3.88707 -0.998099 0.0103409 -0.0607568 112.036 
-0.060527 0.0119361 0.998095 44.7812 0.0110542 0.999875 -0.011287 -3.9081 -0.998105 0.01035 -0.0606514 112.005 
-0.060572 0.0135901 0.998071 45.4845 0.00928976 0.999872 -0.0130508 -3.92965 -0.998121 0.00848132 -0.0606905 111.979 
-0.0606626 0.0143919 0.998055 46.176 0.00984965 0.999856 -0.0138192 -3.95328 -0.99811 0.00899218 -0.0607956 111.95 
-0.0606382 0.0141635 0.998059 46.8699 0.0113033 0.999845 -0.013502 -3.9759 -0.998096 0.0104626 -0.0607889 111.92 
-0.060755 0.0137207 0.998058 47.5613 0.0122964 0.99984 -0.0129967 -3.9971 -0.998077 0.0114829 -0.060914 111.887 
-0.0610799 0.0136481 0.99804 48.2479 0.00812936 0.99988 -0.0131757 -4.02083 -0.9981 0.00730865 -0.0611835 111.865 
-0.0606441 0.0139469 0.998062 48.9346 0.00558485 0.999892 -0.013633 -4.04204 -0.998144 0.00474726 -0.0607154 111.84 
-0.0605559 0.0124294 0.998087 49.6227 0.00715993 0.999902 -0.0120176 -4.06468 -0.998139 0.0064185 -0.060639 111.81 
-0.0614667 0.0119285 0.998038 50.3049 0.00783904 0.999904 -0.011468 -4.08305 -0.998078 0.00711875 -0.0615543 111.78 
-0.0649952 0.0115502 0.997819 50.9842 0.00473757 0.999925 -0.011266 -4.10311 -0.997874 0.003995 -0.0650451 111.752 
-0.0701548 0.0111005 0.997474 51.663 0.000867894 0.999938 -0.0110668 -4.12776 -0.997536 8.9311e-05 -0.0701601 111.723 
-0.075881 0.015009 0.997004 52.3345 0.00467607 0.999881 -0.0146963 -4.14539 -0.997106 0.00354688 -0.0759422 111.679 
-0.0823453 0.0180595 0.99644 53.0079 0.00698212 0.999822 -0.0175437 -4.16057 -0.996579 0.00551262 -0.0824567 111.629 
-0.0897074 0.019636 0.995775 53.6844 0.00622306 0.999797 -0.0191547 -4.18193 -0.995949 0.00447844 -0.0898114 111.58 
-0.0959401 0.0188444 0.995209 54.3658 0.00248899 0.999822 -0.0186918 -4.20441 -0.995384 0.000683765 -0.0959699 111.531 
-0.101262 0.0176489 0.994703 55.0569 0.00230496 0.999844 -0.0175054 -4.22798 -0.994857 0.000520121 -0.101287 111.474 
-0.10574 0.018427 0.994223 55.7517 0.000207207 0.999829 -0.0185088 -4.24793 -0.994394 -0.00175111 -0.105725 111.413 
-0.109687 0.0178137 0.993807 56.4532 -0.00199714 0.999833 -0.0181421 -4.26805 -0.993964 -0.00397471 -0.109633 111.353 
-0.112176 0.0146205 0.993581 57.1668 -0.00126736 0.999889 -0.0148564 -4.28841 -0.993688 -0.00292576 -0.112145 111.283 
-0.113873 0.0114953 0.993429 57.8833 0.000637888 0.999934 -0.0114974 -4.30868 -0.993495 -0.00067555 -0.113873 111.212 
-0.115199 0.00850487 0.993306 58.604 0.000433871 0.999964 -0.00851151 -4.33151 -0.993342 -0.000549556 -0.115199 111.142 
-0.116358 0.00834337 0.993172 59.329 -0.000369715 0.999964 -0.0084437 -4.34845 -0.993207 -0.00134968 -0.11635 111.071 
-0.116457 0.0120499 0.993123 60.0607 0.00146274 0.999927 -0.0119609 -4.36654 -0.993195 5.97419e-05 -0.116466 110.994 
-0.116352 0.0160632 0.993078 60.7998 0.00744612 0.999855 -0.0153004 -4.3861 -0.99318 0.00561436 -0.116454 110.911 
-0.116676 0.020774 0.992953 61.5399 0.0147924 0.999707 -0.0191771 -4.41054 -0.99306 0.0124506 -0.11695 110.823 
-0.117576 0.0219021 0.992822 62.2914 0.0151925 0.999679 -0.0202542 -4.43307 -0.992948 0.012702 -0.117872 110.748 
-0.117759 0.0196645 0.992848 63.0475 0.013276 0.999746 -0.0182265 -4.4568 -0.992954 0.0110347 -0.11799 110.675 
-0.117319 0.0149426 0.992982 63.8034 0.0136693 0.999816 -0.0134304 -4.48048 -0.993 0.0119977 -0.117502 110.594 
-0.117097 0.0127158 0.993039 64.5518 0.0156135 0.999818 -0.0109615 -4.50546 -0.992998 0.0142212 -0.117274 110.513 
-0.117926 0.0123263 0.992946 65.2996 0.0158742 0.999819 -0.0105263 -4.52877 -0.992896 0.0145209 -0.1181 110.436 
-0.119576 0.0131358 0.992738 66.0429 0.0145034 0.999829 -0.0114826 -4.55247 -0.992719 0.0130251 -0.119746 110.361 
-0.121631 0.0138866 0.992478 66.7871 0.0138283 0.999829 -0.0122947 -4.57261 -0.992479 0.0122288 -0.121802 110.282 
-0.123662 0.0141841 0.992223 67.5301 0.0153006 0.999806 -0.0123855 -4.59371 -0.992206 0.01365 -0.123855 110.2 
-0.125254 0.0143064 0.992022 68.2695 0.0158578 0.999797 -0.0124162 -4.61628 -0.991998 0.0141761 -0.125456 110.115 
-0.127159 0.0139013 0.991785 69.0195 0.0158159 0.999803 -0.0119859 -4.63707 -0.991756 0.0141618 -0.127354 110.032 
-0.128651 0.0142669 0.991587 69.7727 0.0135921 0.999828 -0.0126219 -4.65855 -0.991597 0.011854 -0.128822 109.947 
-0.129446 0.0158151 0.99146 70.5232 0.0140722 0.999801 -0.0141108 -4.68188 -0.991487 0.0121254 -0.129642 109.86 
-0.130416 0.016408 0.991324 71.292 0.0128873 0.999807 -0.014853 -4.69885 -0.991376 0.0108384 -0.130602 109.779 
-0.131583 0.0167913 0.991163 72.0625 0.0129052 0.999801 -0.0152244 -4.7185 -0.991221 0.0107879 -0.131773 109.692 
-0.132745 0.0151648 0.991034 72.8418 0.0133047 0.99982 -0.0135171 -4.73998 -0.991061 0.0113911 -0.132922 109.607 
-0.133853 0.0129944 0.990916 73.6293 0.010991 0.999872 -0.0116271 -4.76 -0.99094 0.00933485 -0.133978 109.519 
-0.135466 0.0110568 0.99072 74.4225 0.00830269 0.999915 -0.0100241 -4.77943 -0.990747 0.00686772 -0.135546 109.431 
-0.137765 0.0106023 0.990408 75.2228 0.00974285 0.999909 -0.00934874 -4.79939 -0.990417 0.00836147 -0.137855 109.337 
-0.139234 0.0110438 0.990198 76.0143 0.0110312 0.999893 -0.00960076 -4.82251 -0.990198 0.0095863 -0.139341 109.233 
-0.141693 0.0123844 0.989833 76.8214 0.010477 0.999885 -0.0110103 -4.84011 -0.989855 0.00881039 -0.141806 109.14 
-0.143135 0.0159274 0.989575 77.6281 0.0120501 0.999824 -0.0143493 -4.86411 -0.98963 0.0098706 -0.143302 109.037 
-0.143775 0.0199547 0.989409 78.4398 0.014109 0.999736 -0.0181128 -4.88741 -0.98951 0.0113554 -0.144018 108.932 
-0.144694 0.023892 0.989188 79.2568 0.0152112 0.999644 -0.0219195 -4.91359 -0.98936 0.0118751 -0.145006 108.825 
-0.144356 0.0249409 0.989211 80.0888 0.0174082 0.999592 -0.0226622 -4.94126 -0.989373 0.0139489 -0.144732 108.717 
-0.14382 0.0243824 0.989303 80.9238 0.0211464 0.999544 -0.0215606 -4.97174 -0.989378 0.0178194 -0.14427 108.605 
-0.143804 0.0225124 0.98935 81.7675 0.0216642 0.999573 -0.019596 -5.00105 -0.989369 0.0186155 -0.14423 108.5 
-0.143293 0.0209711 0.989458 82.618 0.0210939 0.999613 -0.0181314 -5.02794 -0.989455 0.0182734 -0.14368 108.4 
-0.141461 0.0185261 0.989771 83.4696 0.0201911 0.999671 -0.0158256 -5.05652 -0.989738 0.0177459 -0.141788 108.296 
-0.13994 0.0153418 0.990041 84.331 0.0205754 0.999709 -0.0125833 -5.08219 -0.989946 0.0186096 -0.140215 108.195 
-0.138271 0.0120152 0.990322 85.1904 0.0211354 0.999735 -0.00917838 -5.10534 -0.990169 0.0196617 -0.138488 108.091 
-0.136701 0.0117652 0.990542 86.0506 0.0193576 0.99977 -0.00920331 -5.1297 -0.990423 0.0179164 -0.136898 107.994 
-0.135394 0.0159645 0.990663 86.9081 0.0204013 0.999703 -0.0133218 -5.15702 -0.990582 0.0184071 -0.13568 107.893 
-0.133638 0.0223087 0.990779 87.7744 0.0210072 0.999586 -0.0196734 -5.18116 -0.990808 0.0181844 -0.134051 107.799 
-0.132041 0.0258288 0.990908 88.6296 0.0190562 0.999542 -0.0235146 -5.20904 -0.991061 0.015778 -0.132473 107.7 
-0.130721 0.0233753 0.991144 89.4914 0.0173225 0.999623 -0.0212906 -5.23922 -0.991268 0.0143859 -0.131076 107.606 
-0.129431 0.0206662 0.991373 90.3492 0.017915 0.999668 -0.0185001 -5.27297 -0.991427 0.0153659 -0.129758 107.51 
-0.128857 0.0190408 0.99148 91.2176 0.0190618 0.999679 -0.0167208 -5.30615 -0.99148 0.0167448 -0.129178 107.417 
-0.127875 0.0185701 0.991617 92.0834 0.0183849 0.999697 -0.0163506 -5.3397 -0.99162 0.0161399 -0.128177 107.319 
-0.127386 0.0185035 0.991681 92.9492 0.0176906 0.999709 -0.0163808 -5.36962 -0.991695 0.0154567 -0.127677 107.224 
-0.126469 0.0167344 0.991829 93.8162 0.0204008 0.99969 -0.0142656 -5.39858 -0.991761 0.0184299 -0.126771 107.123 
-0.125092 0.0159133 0.992018 94.6831 0.0229291 0.999651 -0.0131443 -5.43031 -0.99188 0.0211018 -0.125414 107.021 
-0.124232 0.0173061 0.992102 95.5537 0.0251509 0.999582 -0.0142871 -5.45821 -0.991934 0.0231774 -0.124615 106.923 
-0.123287 0.0193759 0.992182 96.423 0.0257986 0.999534 -0.0163137 -5.48668 -0.992036 0.0235856 -0.12373 106.827 
-0.122162 0.0210036 0.992288 97.2857 0.023084 0.999566 -0.0183157 -5.51234 -0.992242 0.0206685 -0.122594 106.734 
-0.121578 0.0166419 0.992442 98.1432 0.0178678 0.999734 -0.0145753 -5.54247 -0.992421 0.0159607 -0.121843 106.651 
-0.121527 0.0147394 0.992479 99.0101 0.0134397 0.999823 -0.0132028 -5.57166 -0.992497 0.0117341 -0.121703 106.566 
-0.122212 0.0150506 0.99239 99.8599 0.0101116 0.999852 -0.0139185 -5.60233 -0.992453 0.00833362 -0.122346 106.475 
-0.123408 0.0196108 0.992162 100.699 0.00702545 0.999797 -0.0188878 -5.63232 -0.992331 0.00463947 -0.123521 106.392 
-0.124195 0.02204 0.992013 101.539 0.00633453 0.999751 -0.0214188 -5.66323 -0.992238 0.00362383 -0.124304 106.305 
-0.124431 0.0224728 0.991974 102.379 0.00714269 0.999738 -0.0217527 -5.69536 -0.992203 0.00437866 -0.124559 106.21 
-0.124673 0.0217553 0.991959 103.208 0.00875607 0.999745 -0.0208255 -5.73157 -0.992159 0.00608929 -0.124832 106.117 
-0.125123 0.022564 0.991885 104.032 0.0100674 0.999719 -0.0214722 -5.76365 -0.99209 0.00729898 -0.125315 106.024 
-0.1253 0.0257194 0.991786 104.851 0.0114021 0.999635 -0.0244825 -5.79914 -0.992053 0.0082408 -0.125547 105.93 
-0.12597 0.0270811 0.991664 105.669 0.0111695 0.999603 -0.025879 -5.83536 -0.991971 0.00781636 -0.126223 105.846 
-0.12689 0.0274681 0.991536 106.477 0.00959452 0.999604 -0.0264637 -5.86857 -0.99187 0.00615532 -0.127103 105.757 
-0.129028 0.0264189 0.991289 107.283 0.0080854 0.99964 -0.025589 -5.90278 -0.991608 0.00471327 -0.129195 105.669 
-0.132237 0.0276229 0.990833 108.087 0.00797153 0.999609 -0.0268036 -5.94029 -0.991186 0.00435403 -0.132405 105.581 
-0.135518 0.0303105 0.990311 108.882 0.00769433 0.999534 -0.0295398 -5.97506 -0.990745 0.00361659 -0.135689 105.49 
-0.138831 0.0317498 0.989807 109.673 0.00620385 0.999494 -0.0311903 -6.00995 -0.990297 0.00181042 -0.138958 105.397 
-0.142039 0.0318511 0.989349 110.456 0.00670365 0.99949 -0.0312152 -6.04629 -0.989838 0.00219849 -0.14218 105.299 
-0.144914 0.0304789 0.988975 111.239 0.00800991 0.999529 -0.0296304 -6.08452 -0.989412 0.00362774 -0.14509 105.197 
-0.147146 0.0312902 0.98862 112.013 0.00961384 0.999498 -0.0302035 -6.12337 -0.989068 0.00506011 -0.147373 105.09 
-0.149111 0.0356973 0.988176 112.787 0.00494286 0.999363 -0.0353555 -6.16437 -0.988808 -0.000387471 -0.149192 104.995 
-0.1508 0.0426236 0.987645 113.555 0.00264756 0.999084 -0.042713 -6.20773 -0.988561 -0.00382627 -0.150774 104.896 
-0.15338 0.0455921 0.987115 114.32 0.00712794 0.99896 -0.0450316 -6.24728 -0.988142 0.000129149 -0.153545 104.785 
-0.156001 0.0437812 0.986786 115.091 0.00915803 0.999038 -0.0428769 -6.28719 -0.987714 0.00234816 -0.156252 104.671 
-0.15908 0.0358399 0.986615 115.867 0.00758475 0.999356 -0.0350798 -6.33518 -0.987237 0.00190272 -0.159249 104.563 
-0.161272 0.0335963 0.986338 116.638 0.00651629 0.999435 -0.0329769 -6.38136 -0.986888 0.001109 -0.1614 104.453 
-0.162635 0.0365874 0.986008 117.398 0.00629866 0.99933 -0.0360428 -6.42113 -0.986666 0.000348715 -0.162756 104.335 
-0.165435 0.039936 0.985412 118.15 0.00380097 0.999198 -0.0398566 -6.45984 -0.986213 -0.00284817 -0.165455 104.226 
-0.16788 0.0423906 0.984896 118.897 0.00310692 0.999093 -0.042472 -6.50291 -0.985803 -0.00407022 -0.16786 104.113 
-0.169378 0.0465127 0.984453 119.638 0.00689054 0.998917 -0.0460105 -6.55109 -0.985527 -0.00100976 -0.169515 103.989 
-0.170946 0.0510015 0.98396 120.38 0.00711204 0.998697 -0.0505298 -6.59588 -0.985255 -0.00163989 -0.171086 103.867 
-0.174087 0.0534161 0.983281 121.129 0.00650528 0.998568 -0.0530948 -6.63936 -0.984709 -0.00284659 -0.174185 103.757 
-0.176496 0.0510268 0.982978 121.876 0.00743302 0.998696 -0.0505081 -6.68702 -0.984273 -0.001608 -0.176645 103.639 
-0.180155 0.0477073 0.982481 122.616 0.011475 0.998857 -0.0463983 -6.73445 -0.983571 0.00291507 -0.180497 103.506 
-0.185914 0.0463147 0.981474 123.357 0.0139432 0.998912 -0.0444964 -6.7804 -0.982467 0.00541241 -0.186357 103.377 
-0.192092 0.0450506 0.980342 124.088 0.0126261 0.998977 -0.0434329 -6.82581 -0.981296 0.00403484 -0.192464 103.248 
-0.200576 0.045311 0.97863 124.818 0.0115814 0.99897 -0.0438791 -6.87195 -0.97961 0.00253284 -0.200894 103.114 
-0.211242 0.0457635 0.976362 125.546 0.0108133 0.998952 -0.0444828 -6.91582 -0.977374 0.00116104 -0.211515 102.971 
-0.223215 0.0467862 0.973646 126.263 0.0112883 0.998905 -0.045412 -6.9575 -0.974704 0.000854185 -0.223499 102.816 
-0.235495 0.0476179 0.970708 126.972 0.0124483 0.998865 -0.0459791 -7.00222 -0.971796 0.00125587 -0.23582 102.649 
-0.24717 0.0477349 0.967796 127.682 0.0156218 0.998852 -0.0452769 -7.04471 -0.968846 0.00392757 -0.247632 102.471 
-0.258093 0.047761 0.964939 128.383 0.0189014 0.998836 -0.0443832 -7.0891 -0.965935 0.00678365 -0.258696 102.284 
-0.267919 0.0478116 0.962255 129.085 0.0230311 0.9988 -0.0432149 -7.13116 -0.963166 0.0105837 -0.268698 102.088 
-0.27675 0.0485165 0.959717 129.782 0.0288493 0.998694 -0.0421677 -7.17291 -0.960509 0.0160172 -0.277788 101.889 
-0.284287 0.0485994 0.957507 130.473 0.0339423 0.998599 -0.0406074 -7.21523 -0.958138 0.0209558 -0.285538 101.684 
-0.29069 0.0488585 0.955569 131.166 0.0344027 0.998583 -0.0405923 -7.2561 -0.956199 0.0210744 -0.291959 101.485 
-0.295368 0.0470308 0.954225 131.855 0.0381821 0.998571 -0.0373977 -7.29367 -0.95462 0.0253883 -0.296741 101.278 
-0.297369 0.0443045 0.953734 132.54 0.0440154 0.998497 -0.0326602 -7.3301 -0.953748 0.0322668 -0.298872 101.065 
-0.298301 0.0430128 0.953502 133.219 0.0504254 0.998299 -0.0292581 -7.36516 -0.953139 0.039353 -0.299963 100.849 
-0.299307 0.0414175 0.953258 133.894 0.0527175 0.998249 -0.0268199 -7.40332 -0.952699 0.0422259 -0.300966 100.647 
-0.298803 0.0468234 0.953166 134.56 0.0552859 0.997967 -0.0316929 -7.43781 -0.952712 0.0432267 -0.300784 100.444 
-0.297522 0.0501176 0.953399 135.223 0.0549332 0.997865 -0.0353123 -7.47016 -0.953133 0.0418671 -0.29964 100.248 
-0.296946 0.0501172 0.953578 135.881 0.0570325 0.99777 -0.0346797 -7.50353 -0.953189 0.0440869 -0.299143 100.057 
-0.295049 0.0484877 0.954251 136.539 0.0584277 0.997758 -0.0326328 -7.53832 -0.953694 0.0461264 -0.29722 99.8603 
-0.293072 0.0454904 0.955007 137.194 0.0603931 0.997754 -0.0289931 -7.57817 -0.954181 0.0491788 -0.295161 99.6651 
-0.29179 0.0461868 0.955367 137.84 0.0613098 0.997683 -0.0295071 -7.61389 -0.954515 0.0499635 -0.293946 99.4787 
-0.289133 0.0486804 0.95605 138.482 0.0624242 0.997539 -0.0319143 -7.64446 -0.955251 0.0504532 -0.291461 99.2921 
-0.284826 0.0501952 0.957264 139.122 0.0637097 0.997411 -0.0333441 -7.67787 -0.95646 0.0514898 -0.287286 99.1125 
-0.279662 0.0494067 0.958826 139.754 0.0646902 0.997375 -0.0325247 -7.71043 -0.957917 0.0529307 -0.282124 98.9428 
-0.274054 0.0475302 0.960539 140.383 0.0662716 0.997337 -0.030443 -7.74553 -0.959428 0.0553134 -0.276474 98.771 
-0.269483 0.0455257 0.961928 141.01 0.065618 0.997428 -0.028823 -7.77929 -0.960767 0.0553525 -0.271777 98.6081 
-0.265293 0.0447053 0.963131 141.632 0.0658009 0.997435 -0.0281727 -7.81178 -0.96192 0.0559009 -0.267554 98.4472 
-0.261496 0.0431015 0.964242 142.254 0.0664504 0.997436 -0.0265643 -7.84272 -0.962915 0.0571278 -0.263689 98.2913 
-0.257855 0.0417316 0.965282 142.873 0.0698367 0.997259 -0.0244586 -7.86958 -0.963656 0.0611054 -0.260063 98.1366 
-0.253915 0.0402448 0.966389 143.486 0.0721854 0.997136 -0.0225588 -7.89739 -0.964529 0.0640311 -0.256093 97.9791 
-0.250675 0.03886 0.967291 144.091 0.0702905 0.997287 -0.0218491 -7.9282 -0.965516 0.0625144 -0.252726 97.8364 
-0.246989 0.0396224 0.968208 144.687 0.0673174 0.997451 -0.0236465 -7.95974 -0.966677 0.0593368 -0.249027 97.6999 
-0.242271 0.0432061 0.969246 145.278 0.068784 0.997259 -0.0272616 -7.98706 -0.967767 0.0600639 -0.244579 97.5604 
-0.236723 0.0463297 0.970472 145.864 0.070249 0.997064 -0.0304636 -8.01363 -0.969034 0.0609633 -0.239282 97.429 
-0.230177 0.0473327 0.971997 146.452 0.0694689 0.997067 -0.0321027 -8.04099 -0.970666 0.0601343 -0.23279 97.3066 
