1 2.12261e-08 -2.11895e-08 0 2.12261e-08 1 2.10703e-08 0 -2.11895e-08 2.10703e-08 1 0 
0.999998 0.000858219 0.00165933 -0.0208569 -0.000856643 0.999999 -0.000924931 -0.0213452 -0.00166016 0.00092355 0.999998 1.21023 
0.999994 0.00125863 0.00309154 -0.0406103 -0.00125725 0.999999 -0.000434735 -0.0398346 -0.00309212 0.000430888 0.999995 2.4268 
0.999992 0.000489091 0.00397906 -0.0537189 -0.000488285 1 -0.000192992 -0.0601743 -0.0039792 0.00019109 0.999992 3.63377 
0.999989 0.000488686 0.00470736 -0.0748738 -0.000488451 1 -4.20653e-05 -0.0739819 -0.00470742 3.98076e-05 0.999989 4.84531 
0.999985 0.000343252 0.00543124 -0.0880435 -0.000342843 1 -6.83875e-05 -0.092962 -0.00543131 6.65664e-05 0.999985 6.05573 
0.999982 0.000893987 0.00600537 -0.0961247 -0.000887803 0.999999 -0.00102518 -0.113875 -0.00600632 0.00101987 0.999981 7.26316 
0.999978 0.000667969 0.0066462 -0.105012 -0.000658883 0.999999 -0.00136271 -0.132381 -0.00664714 0.00135835 0.999977 8.47505 
0.999977 0.00029398 0.00683688 -0.120067 -0.000293781 1 -2.39052e-05 -0.149047 -0.00683693 2.19381e-05 0.999977 9.69108 
0.999985 -0.000235958 0.00555218 -0.134252 0.000231129 1 0.000878003 -0.168954 -0.00555243 -0.000876665 0.999984 10.8896 
0.999994 -0.0014528 0.00316428 -0.153471 0.00145152 0.999999 0.000421098 -0.18957 -0.00316493 -0.00041646 0.999995 12.0943 
0.999998 -0.00132298 0.00132926 -0.181988 0.00132308 0.999999 -4.77502e-05 -0.210156 -0.00132923 4.9551e-05 0.999999 13.304 
1 -0.000982533 -4.61746e-05 -0.203793 0.000982565 1 -0.000221432 -0.230532 4.63498e-05 0.000221429 1 14.5116 
1 0.00054351 -0.000801285 -0.229484 -0.000543761 1 -0.000366051 -0.251458 0.000801044 0.000366528 1 15.7273 
0.999999 1.42999e-05 -0.00119861 -0.259226 -1.47539e-05 1 -0.000414184 -0.272864 0.00119857 0.000414243 0.999999 16.9466 
0.999998 -0.000727826 -0.00181089 -0.284416 0.000728155 1 0.000157778 -0.296206 0.00181073 -0.000159054 0.999998 18.1564 
0.999997 -0.00113323 -0.00215109 -0.312764 0.00113434 0.999999 0.000495375 -0.31996 0.00215049 -0.000497771 0.999998 19.3747 
0.999995 -0.00084497 -0.00291819 -0.326897 0.000843563 1 -0.000497765 -0.338644 0.00291856 0.000495343 0.999996 20.601 
0.999994 -0.00105806 -0.00341043 -0.356967 0.00105349 0.999999 -0.00135476 -0.356955 0.00341181 0.0013512 0.999993 21.8086 
0.999991 -0.00065861 -0.00424988 -0.391137 0.000655395 1 -0.000767645 -0.380155 0.00425034 0.000764894 0.999991 23.0113 
0.999988 -0.00067416 -0.00483832 -0.422963 0.000669707 0.999999 -0.000930616 -0.401222 0.00483891 0.000927407 0.999988 24.2231 
0.999984 -0.000743727 -0.00561656 -0.452922 0.000734256 0.999998 -0.0016957 -0.422022 0.00561777 0.0016916 0.999983 25.4394 
0.999978 -0.000515809 -0.00668603 -0.479614 0.000509778 0.999999 -0.000909959 -0.44594 0.00668646 0.000906572 0.999977 26.6522 
0.999971 -0.00185045 -0.0073981 -0.506403 0.0018559 0.999998 0.000723884 -0.465547 0.0073967 -0.000737551 0.999972 27.8633 
0.99996 -0.00219538 -0.00872183 -0.529333 0.00220356 0.999997 0.000923583 -0.486675 0.00871973 -0.000942723 0.999962 29.0753 
0.999948 -0.00303261 -0.00969544 -0.554984 0.00303338 0.999995 6.04341e-05 -0.506406 0.00969517 -8.97985e-05 0.999953 30.2903 
0.999936 -0.00361196 -0.0107126 -0.586723 0.0036005 0.999993 -0.00109267 -0.524221 0.0107165 0.00105408 0.999942 31.4996 
0.999929 -0.00314829 -0.0114793 -0.620671 0.00313702 0.999995 -0.00100299 -0.547711 0.0114824 0.000966953 0.999934 32.7057 
0.99992 -0.00404021 -0.0119771 -0.661751 0.00403209 0.999992 -0.000705448 -0.562171 0.0119798 0.000657142 0.999928 33.9173 
0.999914 -0.00396796 -0.0125133 -0.702061 0.00396278 0.999992 -0.00044178 -0.578986 0.0125149 0.000392198 0.999922 35.132 
0.999899 -0.00497498 -0.0133092 -0.733457 0.00496838 0.999988 -0.000532583 -0.602802 0.0133116 0.000466446 0.999911 36.3472 
0.999888 -0.00537675 -0.0139344 -0.773878 0.00536996 0.999985 -0.000527534 -0.624891 0.013937 0.000452691 0.999903 37.5419 
0.999879 -0.00640203 -0.0141563 -0.807368 0.00640415 0.99998 0.000101369 -0.648686 0.0141554 -0.000191974 0.9999 38.757 
0.999882 -0.00610629 -0.0140716 -0.844584 0.00612508 0.99998 0.0012897 -0.668767 0.0140634 -0.00137569 0.9999 39.9743 
0.999885 -0.005717 -0.0140563 -0.883927 0.00574839 0.999981 0.00219057 -0.690653 0.0140434 -0.00227108 0.999899 41.2036 
0.99989 -0.00516696 -0.0139182 -0.925765 0.00519123 0.999985 0.00170513 -0.710894 0.0139091 -0.00177715 0.999902 42.4272 
0.999903 -0.00401056 -0.0133238 -0.970284 0.00403196 0.999991 0.00157698 -0.727488 0.0133173 -0.00163051 0.99991 43.653 
0.999918 -0.00134794 -0.012718 -1.01135 0.00139053 0.999994 0.00333718 -0.74385 0.0127134 -0.00335455 0.999914 44.8724 
0.999937 -0.00165127 -0.0111214 -1.04663 0.00172421 0.999977 0.0065481 -0.765695 0.0111103 -0.00656682 0.999917 46.0912 
0.999955 -0.00116682 -0.00945055 -1.08069 0.00125464 0.999956 0.00928689 -0.777897 0.00943925 -0.00929829 0.999912 47.3072 
0.99997 -0.000788007 -0.00774572 -1.11224 0.00088533 0.999921 0.0125639 -0.784959 0.00773516 -0.0125704 0.999891 48.5362 
0.99998 -0.00146552 -0.00619203 -1.1436 0.00155109 0.999903 0.0138294 -0.790959 0.00617113 -0.0138387 0.999885 49.7597 
0.999982 -0.00340272 -0.00485541 -1.16584 0.00346162 0.99992 0.0121648 -0.791573 0.00481358 -0.0121813 0.999914 50.9705 
0.999989 -0.00262827 -0.00382181 -1.19173 0.00266869 0.99994 0.0105996 -0.799713 0.00379368 -0.0106096 0.999937 52.178 
0.999992 -0.00234307 -0.00321606 -1.21341 0.00237537 0.999947 0.0100628 -0.805868 0.00319227 -0.0100703 0.999944 53.3983 
0.999991 -0.00294669 -0.00312647 -1.23889 0.00297672 0.999949 0.00962859 -0.814542 0.0030979 -0.00963776 0.999949 54.6075 
0.999985 -0.00378595 -0.00387214 -1.26581 0.00381958 0.999955 0.00870385 -0.827042 0.00383897 -0.00871847 0.999955 55.8228 
0.999979 -0.00369883 -0.00530781 -1.29611 0.00374628 0.999953 0.00894964 -0.834313 0.00527441 -0.0089693 0.999946 57.0483 
0.999971 -0.00383249 -0.00654926 -1.32739 0.00389961 0.99994 0.0102603 -0.844088 0.0065095 -0.0102855 0.999926 58.2695 
0.999964 -0.00389219 -0.00750846 -1.3614 0.00397211 0.999935 0.0106537 -0.855676 0.00746647 -0.0106831 0.999915 59.4884 
0.999962 -0.00292477 -0.00820595 -1.39719 0.00300886 0.999943 0.0102481 -0.862292 0.00817547 -0.0102724 0.999914 60.6945 
0.999956 -0.00269615 -0.0089976 -1.4287 0.00278723 0.999945 0.0101205 -0.872204 0.00896977 -0.0101451 0.999908 61.9069 
0.999954 -0.00351882 -0.0088937 -1.46337 0.0036054 0.999946 0.00973274 -0.883384 0.00885893 -0.00976432 0.999913 63.1279 
0.999949 -0.00473507 -0.0089187 -1.49535 0.0048127 0.999951 0.00869827 -0.893408 0.00887703 -0.00874071 0.999922 64.3482 
0.999945 -0.00505731 -0.00916726 -1.53144 0.00514864 0.999937 0.00996212 -0.90442 0.00911626 -0.0100087 0.999908 65.5585 
0.999942 -0.00549155 -0.00928939 -1.56622 0.00559915 0.999917 0.0115925 -0.919496 0.00922492 -0.0116438 0.99989 66.7702 
0.999943 -0.00497971 -0.00940268 -1.59632 0.00507323 0.999938 0.00994348 -0.928614 0.00935254 -0.00999057 0.999906 67.9913 
0.999952 -0.00313479 -0.00925349 -1.63306 0.00321574 0.999957 0.00874204 -0.937932 0.00922564 -0.00877134 0.999919 69.2059 
0.99996 -0.000808874 -0.0088674 -1.67455 0.000889358 0.999958 0.00907155 -0.950341 0.00885965 -0.00907904 0.99992 70.4132 
0.999965 0.000824605 -0.00838714 -1.71349 -0.000746686 0.999957 0.00928414 -0.963314 0.00839439 -0.00927751 0.999922 71.6151 
0.999966 0.0025028 -0.0079234 -1.75241 -0.00242611 0.99995 0.00966914 -0.970748 0.00794716 -0.00964954 0.999922 72.812 
0.999972 0.00309498 -0.00675436 -1.78434 -0.00302164 0.999937 0.0108353 -0.983232 0.00678742 -0.0108146 0.999919 74.0053 
0.999977 0.00483323 -0.00470802 -1.81433 -0.00477823 0.999921 0.0116151 -0.992918 0.00476374 -0.0115923 0.999922 75.2047 
0.999992 0.00357506 -0.00178565 -1.84258 -0.00355797 0.999949 0.00945951 -1.00317 0.00181934 -0.00945304 0.999954 76.398 
0.999999 0.000899795 0.0011014 -1.85854 -0.000904676 0.99999 0.00447777 -1.01451 -0.0010974 -0.00447872 0.999989 77.5874 
0.999991 0.0018347 0.00377402 -1.88022 -0.00184999 0.99999 0.00406177 -1.02756 -0.00376657 -0.00406867 0.999985 78.7591 
0.999977 0.00103115 0.00670739 -1.89554 -0.00108305 0.999969 0.00774411 -1.04572 -0.00669924 -0.00775116 0.999948 79.943 
0.999947 0.00213585 0.0100366 -1.90401 -0.00222476 0.999958 0.00885994 -1.05587 -0.0100173 -0.00888176 0.99991 81.1216 
0.999894 0.00229482 0.0143765 -1.91237 -0.00239676 0.999972 0.00708064 -1.06546 -0.0143599 -0.00711431 0.999872 82.2938 
0.999834 0.00164782 0.018171 -1.91652 -0.00171873 0.999991 0.0038898 -1.07801 -0.0181645 -0.00392034 0.999827 83.4544 
0.999757 0.00033668 0.0220553 -1.92287 -0.000349993 1 0.000601679 -1.09912 -0.0220551 -0.00060921 0.999757 84.6461 
0.999671 -0.000276514 0.0256625 -1.91577 0.000285331 1 -0.000338246 -1.11956 -0.0256624 0.000345498 0.999671 85.8145 
0.999563 -0.00054846 0.0295573 -1.90483 0.000503489 0.999999 0.00153034 -1.14316 -0.0295582 -0.00151475 0.999562 86.9776 
0.999438 0.000785983 0.0335267 -1.89237 -0.00085113 0.999998 0.00193021 -1.16257 -0.0335252 -0.00195762 0.999436 88.1671 
0.999294 0.000380921 0.0375598 -1.87482 -0.000375837 1 -0.000141282 -1.18374 -0.0375598 0.000127108 0.999294 89.3274 
0.999153 0.000271901 0.0411429 -1.85258 -0.00017549 0.999997 -0.00234586 -1.20727 -0.0411435 0.0023367 0.999151 90.4862 
0.999012 0.00012464 0.0444353 -1.82577 -1.14849e-05 0.999997 -0.00254577 -1.23363 -0.0444355 0.00254279 0.999009 91.6561 
0.998882 -0.00142696 0.0472523 -1.78791 0.00148896 0.999998 -0.00127593 -1.25587 -0.0472504 0.0013449 0.998882 92.8191 
0.99876 -0.00192993 0.0497384 -1.74314 0.00192307 0.999998 0.000186605 -1.27343 -0.0497388 -9.06817e-05 0.998762 93.9907 
0.998619 -0.00266448 0.0524661 -1.70306 0.0025634 0.999995 0.0019947 -1.29403 -0.0524711 -0.00185741 0.998621 95.1631 
0.998488 -0.00402808 0.0548193 -1.65565 0.00387091 0.999988 0.00297363 -1.30968 -0.0548306 -0.00275689 0.998492 96.3276 
0.998362 -0.00500418 0.0569866 -1.60388 0.00497105 0.999987 0.000723902 -1.32715 -0.0569895 -0.000439392 0.998375 97.5026 
0.998229 -0.00655968 0.059134 -1.54829 0.00675044 0.999973 -0.00302599 -1.34384 -0.0591126 0.00341985 0.998246 98.6711 
0.99811 -0.0057877 0.061184 -1.49949 0.00615431 0.999964 -0.00580449 -1.36629 -0.0611483 0.00617011 0.99811 99.8432 
0.998015 -0.00571219 0.0627244 -1.44318 0.0061345 0.99996 -0.00654162 -1.39523 -0.0626846 0.00691345 0.998009 101.034 
0.997991 -0.00564751 0.0631062 -1.3936 0.0060292 0.999965 -0.00585895 -1.42196 -0.0630709 0.0062277 0.99799 102.224 
0.998039 -0.00560248 0.062347 -1.33364 0.0058753 0.999974 -0.0041927 -1.44152 -0.062322 0.00455083 0.998046 103.449 
0.998135 -0.0065169 0.0606977 -1.27645 0.00669871 0.999974 -0.00279167 -1.46249 -0.060678 0.0031931 0.998152 104.64 
0.998248 -0.00617514 0.0588475 -1.22832 0.00629655 0.999978 -0.0018773 -1.48601 -0.0588347 0.00224458 0.998265 105.854 
0.99839 -0.0058625 0.0564168 -1.18129 0.00594907 0.999981 -0.00136594 -1.50752 -0.0564078 0.00169941 0.998406 107.085 
0.99856 -0.00534315 0.0533796 -1.13326 0.00543079 0.999984 -0.00149613 -1.52511 -0.0533708 0.00178391 0.998573 108.317 
0.998756 -0.00377933 0.0497258 -1.09345 0.00388953 0.99999 -0.00211861 -1.54361 -0.0497173 0.00230943 0.998761 109.544 
0.998953 -0.00359106 0.0456061 -1.04115 0.00367284 0.999992 -0.00170854 -1.56417 -0.0455996 0.00187429 0.998958 110.793 
0.999132 -0.0030185 0.0415512 -1.0084 0.00305063 0.999995 -0.000708656 -1.58521 -0.0415489 0.000834839 0.999136 112.035 
0.999296 -0.0025601 0.0374311 -0.986873 0.00256086 0.999997 2.8645e-05 -1.6036 -0.0374311 6.72726e-05 0.999299 113.272 
0.99945 -0.0027445 0.0330399 -0.964353 0.0027232 0.999996 0.000690986 -1.62345 -0.0330417 -0.00060059 0.999454 114.499 
0.999594 -0.00216399 0.0284283 -0.964055 0.00214186 0.999997 0.000810605 -1.64905 -0.0284301 -0.000749345 0.999596 115.765 
0.999721 -0.00138309 0.0235819 -0.955377 0.00137118 0.999999 0.000522779 -1.6625 -0.0235827 -0.000490256 0.999722 117.018 
0.999829 -0.000949661 0.0184941 -0.94943 0.000945961 1 0.000211149 -1.67965 -0.0184944 -0.000193576 0.999829 118.277 
0.999904 0.000175587 0.0138331 -0.957242 -0.000170829 1 -0.000342055 -1.70551 -0.0138332 0.000339701 0.999904 119.537 
0.999946 0.00196036 0.0101952 -0.960152 -0.00195531 0.999998 -0.000500985 -1.72152 -0.0101962 0.000481065 0.999948 120.788 
0.999959 0.00411342 0.0080139 -0.974745 -0.00410955 0.999991 -0.000493668 -1.74171 -0.0080159 0.000460756 0.999968 122.032 
0.999961 0.00534513 0.00697745 -0.991275 -0.00533967 0.999985 -0.000794783 -1.76253 -0.00698164 0.000757537 0.999975 123.317 
0.999955 0.00737911 0.00601402 -1.00865 -0.00737493 0.999973 -0.000709835 -1.77977 -0.00601914 0.000665491 0.999982 124.571 
0.999947 0.00890239 0.00526134 -1.0293 -0.00890284 0.99996 7.17212e-05 -1.79822 -0.00526054 -0.000118516 0.999986 125.823 
0.999949 0.00885811 0.00476913 -1.04718 -0.00886049 0.999961 0.000487868 -1.81912 -0.00476467 -0.000530058 0.999989 127.079 
0.999912 0.0126764 0.00386641 -1.07197 -0.0126854 0.999917 0.00233649 -1.83146 -0.00383652 -0.00238529 0.99999 128.344 
0.999902 0.0136083 0.00337716 -1.10063 -0.0136266 0.999892 0.00544766 -1.8461 -0.00330271 -0.0054931 0.99998 129.632 
0.99992 0.0123905 0.00268266 -1.12155 -0.0124038 0.999911 0.0050058 -1.85837 -0.00262044 -0.00503864 0.999984 130.895 
0.999921 0.0124103 0.00216643 -1.145 -0.0124179 0.999917 0.00352157 -1.87146 -0.00212259 -0.00354815 0.999991 132.164 
0.999951 0.00976127 0.00151035 -1.17071 -0.00976782 0.999943 0.00441804 -1.87991 -0.00146718 -0.00443253 0.999989 133.46 
0.99997 0.00775489 0.000494202 -1.19553 -0.00775781 0.99995 0.00631302 -1.89319 -0.000445263 -0.00631663 0.99998 134.743 
0.999992 0.00402292 -9.93159e-06 -1.21104 -0.00402267 0.999959 0.00812457 -1.90622 4.25731e-05 -0.00812442 0.999967 136.032 
0.999998 0.00206023 -0.000282669 -1.23591 -0.00205752 0.999956 0.00913988 -1.91823 0.000301445 -0.00913923 0.999958 137.31 
0.999998 -0.00202093 -0.000245431 -1.24789 0.00202275 0.99997 0.00750005 -1.93209 0.000230224 -0.00750049 0.999972 138.599 
0.999989 -0.0046371 -0.00019488 -1.26669 0.00463831 0.999968 0.00647874 -1.94191 0.000164789 -0.00647953 0.999979 139.882 
0.999981 -0.00615102 1.68852e-06 -1.28646 0.00615094 0.999962 0.00619621 -1.95601 -3.98438e-05 -0.00619604 0.999981 141.161 
0.99998 -0.00633275 0.00069035 -1.31399 0.00632811 0.999958 0.00658532 -1.96845 -0.000732067 -0.00658078 0.999978 142.452 
0.999984 -0.00552646 0.00139127 -1.3399 0.00551438 0.999948 0.00857404 -1.98015 -0.00143862 -0.00856619 0.999962 143.738 
0.999993 -0.00317802 0.00196571 -1.35919 0.00315817 0.999945 0.0100421 -1.99238 -0.00199755 -0.0100358 0.999948 145.03 
0.999991 -0.00329905 0.00272984 -1.38046 0.00327621 0.99996 0.00834449 -2.00418 -0.0027573 -0.00833543 0.999962 146.317 
0.999992 -0.00263625 0.00316272 -1.40222 0.00261555 0.999975 0.00654453 -2.01963 -0.00317994 -0.00653616 0.999974 147.604 
0.999989 -0.0027974 0.00374267 -1.42079 0.0027823 0.999988 0.00404577 -2.03586 -0.00375399 -0.00403527 0.999985 148.896 
0.999984 -0.0040397 0.00406529 -1.43922 0.00403978 0.999992 5.36565e-07 -2.05589 -0.0040653 1.59284e-05 0.999992 150.182 
0.999981 -0.00416126 0.00444892 -1.45686 0.00417659 0.999985 -0.00343334 -2.08142 -0.00443461 0.0034519 0.999984 151.468 
0.99998 -0.00425106 0.0046313 -1.47498 0.00427144 0.999981 -0.0043904 -2.10847 -0.00461259 0.00441014 0.99998 152.764 
0.999979 -0.00446199 0.0048009 -1.49676 0.00448187 0.999981 -0.00413005 -2.13677 -0.00478243 0.00415152 0.99998 154.046 
0.999981 -0.00399414 0.00463624 -1.51324 0.00401093 0.999985 -0.00360721 -2.16477 -0.00462181 0.00362578 0.999983 155.341 
0.999985 -0.00327742 0.00447814 -1.53259 0.00328874 0.999991 -0.00251196 -2.19308 -0.00446992 0.00252669 0.999987 156.627 
0.999988 -0.00280019 0.00394384 -1.5457 0.00280802 0.999994 -0.00197035 -2.22084 -0.00393834 0.00198144 0.99999 157.902 
0.999991 -0.00274576 0.00331917 -1.56747 0.00275323 0.999994 -0.0022341 -2.24739 -0.00331305 0.00224326 0.999992 159.183 
0.999994 -0.00217312 0.00253256 -1.58343 0.00217843 0.999996 -0.00207986 -2.27054 -0.00252807 0.00208541 0.999995 160.469 
0.999994 -0.00273163 0.00196092 -1.60758 0.00273349 0.999996 -0.000924175 -2.29416 -0.00195843 0.000929572 0.999998 161.757 
0.999998 -0.00147185 0.00140872 -1.6305 0.00147271 0.999999 -0.000583683 -2.32136 -0.0014079 0.000585799 0.999999 163.03 
0.999999 -0.00104331 0.000763574 -1.65229 0.00104458 0.999998 -0.00161361 -2.34382 -0.000761932 0.00161445 0.999998 164.321 
1 -0.000578889 0.000197313 -1.67757 0.000579469 0.999996 -0.00273578 -2.37113 -0.000195771 0.00273593 0.999996 165.592 
1 0.000342691 -0.00062292 -1.70295 -0.000344395 0.999996 -0.00280509 -2.39679 0.000621913 0.00280534 0.999996 166.855 
0.999999 -0.000138605 -0.00137899 -1.72778 0.00013372 0.999994 -0.00357287 -2.42783 0.00137943 0.00357272 0.999993 168.127 
0.999998 0.00017711 -0.00219925 -1.75536 -0.000187204 0.999989 -0.00460979 -2.45475 0.00219837 0.00461023 0.999987 169.414 
0.999996 0.000398193 -0.00279862 -1.78467 -0.000410392 0.99999 -0.0043749 -2.48116 0.00279681 0.00437607 0.999987 170.708 
0.999994 0.000576959 -0.00343008 -1.81327 -0.000587586 0.999995 -0.00311033 -2.5087 0.00342823 0.00311237 0.999989 171.99 
0.999991 0.000303884 -0.00432016 -1.84107 -0.000315159 0.999997 -0.00261921 -2.53794 0.0043193 0.00262059 0.999987 173.26 
0.999987 0.000843217 -0.00496957 -1.87244 -0.000854862 0.999997 -0.00235031 -2.56266 0.00496753 0.00235457 0.999985 174.548 
0.999983 0.00106761 -0.00568094 -1.90448 -0.0010788 0.999998 -0.00197473 -2.59046 0.00567877 0.00198087 0.999982 175.828 
0.999981 0.00133069 -0.00604848 -1.93886 -0.0013484 0.999995 -0.0029312 -2.61428 0.00604451 0.00293934 0.999977 177.113 
0.999977 0.0020145 -0.00655565 -1.97332 -0.00203551 0.999993 -0.00320587 -2.6445 0.00654911 0.00321918 0.999973 178.398 
0.999972 0.00221058 -0.00713502 -1.99865 -0.00223187 0.999993 -0.00298284 -2.66801 0.00712833 0.00299873 0.99997 179.696 
0.999972 0.00199041 -0.00718902 -2.03316 -0.00201885 0.99999 -0.00395623 -2.69876 0.00718103 0.00397068 0.999966 180.974 
0.999973 0.000629349 -0.00726938 -2.06523 -0.000669687 0.999984 -0.00555372 -2.72445 0.00726573 0.00555848 0.999958 182.246 
0.999967 -0.00256609 -0.00774923 -2.08737 0.00252503 0.999983 -0.00530953 -2.75455 0.00776268 0.00528982 0.999956 183.526 
0.999963 -0.00228813 -0.00826116 -2.1179 0.00227519 0.999996 -0.00158143 -2.78137 0.00826471 0.00156262 0.999965 184.798 
0.999958 -0.00325771 -0.00852482 -2.14653 0.00328152 0.999991 0.00277507 -2.80565 0.00851566 -0.00280288 0.99996 186.069 
0.999962 -0.00204478 -0.00853451 -2.17441 0.0020614 0.999996 0.00193433 -2.82425 0.00853048 -0.00195181 0.999962 187.335 
0.999965 -0.000790809 -0.00837163 -2.21187 0.00078016 0.999999 -0.00128031 -2.84591 0.00837259 0.00127378 0.999964 188.573 
0.999961 -0.00037526 -0.00882576 -2.24444 0.000348383 0.999995 -0.0030514 -2.87002 0.00882683 0.00304825 0.999956 189.819 
0.999959 -0.000580203 -0.00902359 -2.27527 0.00055547 0.999996 -0.00274794 -2.89803 0.00902511 0.00274285 0.999956 191.073 
0.999961 -0.000934154 -0.00875765 -2.31313 0.000922627 0.999999 -0.00132497 -2.92952 0.00875884 0.00131688 0.999961 192.323 
0.999964 -0.000727936 -0.00850735 -2.3459 0.000735539 0.999999 0.000885608 -2.95602 0.00850666 -0.000891791 0.999963 193.574 
0.999969 -0.00149059 -0.00772336 -2.37327 0.00150379 0.999997 0.00169845 -2.98127 0.00772077 -0.00170997 0.999969 194.847 
0.999981 -0.00133977 -0.00606833 -2.40233 0.00134653 0.999999 0.00110243 -3.00186 0.0060668 -0.00111054 0.999981 196.112 
0.999985 -0.00261652 -0.0047669 -2.4266 0.00261475 0.999997 -0.000386304 -3.02517 0.00476785 0.000373877 0.999989 197.359 
0.99999 -0.0028689 -0.00356852 -2.45261 0.00286264 0.999994 -0.00176948 -3.05049 0.00357353 0.00175929 0.999992 198.591 
0.999991 -0.00365393 -0.00206025 -2.48029 0.00364938 0.999991 -0.00222954 -3.07959 0.00206834 0.00222204 0.999995 199.838 
0.999995 -0.00320945 -0.000594907 -2.50506 0.0032086 0.999994 -0.00149719 -3.10469 0.000599666 0.00149532 0.999999 201.063 
0.999993 -0.00377907 0.000744552 -2.52545 0.00377881 0.999993 0.000414191 -3.13018 -0.000746154 -0.000411332 1 202.299 
0.999994 -0.00283633 0.00187097 -2.55109 0.00283486 0.999996 0.000811437 -3.15586 -0.0018733 -0.000806086 0.999998 203.516 
0.999991 -0.00279845 0.00305332 -2.57116 0.00279599 0.999996 0.000825644 -3.17721 -0.00305566 -0.000817058 0.999995 204.744 
0.99999 -0.00259217 0.00371178 -2.58034 0.00258828 0.999996 0.00106245 -3.20251 -0.00371456 -0.00105279 0.999993 205.928 
0.999985 -0.0028249 0.00467951 -2.5922 0.00281857 0.999995 0.00136783 -3.22718 -0.0046834 -0.00135458 0.999988 207.141 
0.999982 -0.00248012 0.00546176 -2.60552 0.00247373 0.999996 0.00118424 -3.248 -0.00546472 -0.00117066 0.999984 208.344 
0.999978 -0.00266686 0.00609415 -2.61915 0.00265911 0.999996 0.00128575 -3.2704 -0.00609759 -0.00126947 0.999981 209.537 
0.999971 -0.00374104 0.00668063 -2.62916 0.00373228 0.999992 0.00132989 -3.29246 -0.0066856 -0.00130488 0.999977 210.728 
0.99997 -0.00393814 0.00674513 -2.63914 0.00392426 0.99999 0.00207578 -3.31267 -0.00675329 -0.00204921 0.999975 211.898 
0.999971 -0.00432435 0.00632453 -2.64647 0.00430515 0.999986 0.00305244 -3.33244 -0.00633769 -0.00302509 0.999975 213.055 
0.999976 -0.00407422 0.00563947 -2.6596 0.00405679 0.999987 0.00310621 -3.35645 -0.00565209 -0.00308322 0.999979 214.185 
0.99998 -0.00360632 0.00521443 -2.67416 0.00359467 0.999991 0.00224996 -3.37766 -0.00522254 -0.00223113 0.999984 215.298 
0.999982 -0.00379249 0.00474949 -2.68938 0.00378474 0.999992 0.00164935 -3.40235 -0.00475575 -0.00163131 0.999987 216.395 
0.999984 -0.00375922 0.00430012 -2.70913 0.0037524 0.999992 0.00160239 -3.42392 -0.00430616 -0.00158618 0.99999 217.485 
0.999987 -0.00426438 0.00268837 -2.7221 0.00425989 0.99999 0.00168815 -3.44612 -0.00269558 -0.00167664 0.999995 218.548 
0.999987 -0.00499818 0.000633582 -2.72853 0.0049967 0.999985 0.00237823 -3.46455 -0.000645501 -0.002375 0.999997 219.623 
0.999978 -0.00642167 -0.0015565 -2.74616 0.00642807 0.999971 0.00411392 -3.48814 0.00152999 -0.0041238 0.99999 220.678 
0.999971 -0.00634376 -0.00410451 -2.76046 0.00636757 0.999963 0.00580406 -3.50743 0.00406749 -0.00582999 0.999975 221.72 
0.99996 -0.00607572 -0.00656228 -2.78115 0.00611538 0.999963 0.00603261 -3.52921 0.00652535 -0.00607246 0.99996 222.756 
0.999938 -0.00595031 -0.00938834 -2.80066 0.00600333 0.999966 0.00562547 -3.54703 0.00935451 -0.00568144 0.99994 223.773 
0.999905 -0.00599406 -0.0123882 -2.82582 0.00606671 0.999965 0.00583214 -3.56326 0.0123528 -0.0059067 0.999906 224.761 
0.999866 -0.00551539 -0.0154232 -2.8536 0.00561508 0.999964 0.00642497 -3.58273 0.0153871 -0.00651067 0.99986 225.728 
0.999815 -0.0053575 -0.0184653 -2.88532 0.00547441 0.999965 0.00628441 -3.60212 0.0184309 -0.00638429 0.99981 226.666 
0.999748 -0.00554916 -0.0217731 -2.91795 0.00567838 0.999967 0.00587592 -3.61819 0.0217397 -0.00599803 0.999746 227.584 
0.999662 -0.00562295 -0.0253705 -2.9524 0.00576168 0.999969 0.00539672 -3.63645 0.0253394 -0.00554103 0.999664 228.471 
0.999571 -0.00465075 -0.0289099 -2.9839 0.00480135 0.999975 0.00514093 -3.65252 0.0288852 -0.00527749 0.999569 229.354 
0.999477 -0.00430269 -0.0320436 -3.02484 0.00445006 0.99998 0.00452784 -3.66921 0.0320234 -0.00466803 0.999476 230.199 
0.999393 -0.0027059 -0.0347376 -3.06391 0.00286668 0.999985 0.00457801 -3.68685 0.0347247 -0.00467477 0.999386 231.032 
0.99935 -0.00211559 -0.035978 -3.09244 0.00229749 0.999985 0.00501408 -3.69994 0.0359668 -0.00509344 0.99934 231.854 
0.999356 -0.002195 -0.0358126 -3.13247 0.00241027 0.999979 0.00596759 -3.71418 0.0357987 -0.00605003 0.999341 232.642 
0.999368 -0.00222685 -0.0354924 -3.17123 0.00246973 0.999974 0.00679973 -3.72902 0.0354763 -0.00688304 0.999347 233.412 
0.999383 -0.00223915 -0.0350664 -3.21157 0.00246172 0.999977 0.00630413 -3.74115 0.0350515 -0.00638652 0.999365 234.163 
0.9994 -0.00182375 -0.0345834 -3.2521 0.00197701 0.999988 0.00439666 -3.75486 0.0345749 -0.00446235 0.999392 234.905 
0.999438 -0.00180883 -0.033475 -3.29158 0.00188886 0.999995 0.00235795 -3.76789 0.0334706 -0.00241981 0.999437 235.637 
0.999473 -0.00184918 -0.0324245 -3.32642 0.00188315 0.999998 0.00101587 -3.78211 0.0324225 -0.00107635 0.999474 236.365 
0.99951 -0.00122598 -0.031285 -3.35938 0.00124334 0.999999 0.000533923 -3.79446 0.0312843 -0.000572517 0.99951 237.099 
0.999562 -0.00167341 -0.0295528 -3.39051 0.00168514 0.999999 0.000370602 -3.80746 0.0295521 -0.000420198 0.999563 237.828 
0.999613 -0.00173737 -0.0277542 -3.4209 0.00174781 0.999998 0.000350246 -3.82088 0.0277535 -0.000398577 0.999615 238.55 
0.999665 -0.00159423 -0.0258266 -3.45005 0.00160356 0.999999 0.000339016 -3.83606 0.025826 -0.000380274 0.999666 239.267 
0.99971 -0.00188461 -0.0240212 -3.46946 0.00188448 0.999998 -2.97949e-05 -3.84809 0.0240212 -1.54387e-05 0.999711 239.995 
0.999776 -0.00177271 -0.0211114 -3.49653 0.00177766 0.999998 0.000213682 -3.85844 0.021111 -0.00025112 0.999777 240.725 
0.999834 -0.00273362 -0.0180103 -3.51582 0.00274962 0.999996 0.000861258 -3.87093 0.0180079 -0.000910595 0.999837 241.436 
0.999877 -0.00385489 -0.0151783 -3.53407 0.00387462 0.999992 0.00126779 -3.88448 0.0151733 -0.0013264 0.999884 242.158 
0.999917 -0.00412663 -0.0122023 -3.5484 0.00414299 0.999991 0.00131288 -3.89707 0.0121968 -0.00136328 0.999925 242.873 
0.999948 -0.0045375 -0.00912177 -3.56417 0.00454715 0.999989 0.00103278 -3.90967 0.00911695 -0.00107416 0.999958 243.567 
0.999971 -0.00469073 -0.00599735 -3.58076 0.00469585 0.999989 0.000832556 -3.9213 0.00599334 -0.000860652 0.999982 244.265 
0.999989 -0.00370246 -0.00306052 -3.5941 0.00370198 0.999993 -0.000173708 -3.93143 0.0030611 0.000162418 0.999995 244.966 
0.999993 -0.00363551 -0.000184363 -3.60369 0.00363542 0.999993 -0.00071485 -3.94452 0.000186918 0.000714217 1 245.669 
0.999991 -0.00346295 0.00265861 -3.61317 0.00346204 0.999994 0.000362228 -3.95709 -0.00265989 -0.000352979 0.999996 246.37 
0.99998 -0.00318097 0.00543405 -3.62339 0.0031762 0.999995 0.00089381 -3.96859 -0.0054369 -0.000876491 0.999985 247.072 
0.999963 -0.00331053 0.00799977 -3.63105 0.00330481 0.999994 0.00073345 -3.98031 -0.00800219 -0.000706942 0.999968 247.777 
0.99994 -0.00340404 0.0104588 -3.63759 0.00341313 0.999994 -0.000847016 -3.99284 -0.0104559 0.000882704 0.999945 248.481 
0.999922 -0.00322747 0.0120303 -3.63863 0.00326796 0.999989 -0.00334363 -4.00449 -0.0120195 0.00338273 0.999922 249.194 
0.999905 -0.00439864 0.0130995 -3.63902 0.00446234 0.999978 -0.0048344 -4.01726 -0.013078 0.00489244 0.999903 249.911 
0.999903 -0.00458028 0.0131755 -3.64059 0.00464996 0.999975 -0.00525954 -4.03142 -0.0131512 0.00532034 0.999899 250.63 
0.999896 -0.00571154 0.0132804 -3.64294 0.00578782 0.999967 -0.00570921 -4.04791 -0.0132474 0.00578552 0.999896 251.352 
0.999896 -0.00450162 0.0137071 -3.6509 0.00458485 0.999971 -0.00604345 -4.0648 -0.0136796 0.0061057 0.999888 252.073 
0.999892 -0.00360839 0.0142518 -3.6585 0.00370344 0.999971 -0.00664525 -4.07862 -0.0142274 0.00669735 0.999876 252.811 
0.99988 -0.00457936 0.0148089 -3.66589 0.00470507 0.999953 -0.00846257 -4.09554 -0.0147695 0.00853127 0.999855 253.558 
0.999851 -0.00858173 0.014948 -3.65895 0.00873979 0.999906 -0.0105379 -4.11352 -0.0148562 0.010667 0.999833 254.315 
0.999802 -0.011845 0.0160014 -3.66484 0.0120251 0.999865 -0.0112043 -4.13342 -0.0158665 0.0113945 0.999809 255.098 
0.999811 -0.00945396 0.0170183 -3.67718 0.00957962 0.999927 -0.00731491 -4.15106 -0.0169479 0.0074766 0.999828 255.885 
0.999824 -0.00574076 0.0178665 -3.68982 0.00576369 0.999983 -0.00122964 -4.16639 -0.0178592 0.00133244 0.99984 256.676 
0.999803 -0.00638001 0.0187811 -3.68629 0.0063374 0.999977 0.00232949 -4.18332 -0.0187956 -0.00220997 0.999821 257.471 
0.999751 -0.00745492 0.0210171 -3.67716 0.00745055 0.999972 0.000288381 -4.19539 -0.0210188 -0.000131678 0.999779 258.261 
0.999661 -0.00634059 0.0252461 -3.67287 0.00649353 0.999961 -0.00597886 -4.20491 -0.0252072 0.00614081 0.999663 259.053 
0.999572 -0.00430494 0.0289526 -3.66712 0.00458571 0.999943 -0.00963655 -4.21778 -0.0289095 0.00976523 0.999534 259.857 
0.99948 -0.00283232 0.0321103 -3.65625 0.0031348 0.999951 -0.00937231 -4.23589 -0.0320822 0.00946814 0.99944 260.679 
0.99936 -0.00445126 0.0355005 -3.64104 0.0046999 0.999965 -0.00692226 -4.25529 -0.0354685 0.00708471 0.999346 261.513 
0.999224 -0.00762142 0.0386398 -3.61939 0.00777075 0.999963 -0.00371489 -4.27207 -0.0386101 0.00401231 0.999246 262.354 
0.999081 -0.00982023 0.0417179 -3.59924 0.00992357 0.999948 -0.00226971 -4.28379 -0.0416934 0.00268166 0.999127 263.197 
0.99896 -0.0093331 0.0446303 -3.57196 0.00942678 0.999954 -0.001888 -4.29684 -0.0446106 0.0023068 0.999002 264.042 
0.998858 -0.00695112 0.0472703 -3.54606 0.00714997 0.999966 -0.00403804 -4.31187 -0.0472407 0.00437145 0.998874 264.897 
0.998755 -0.00588926 0.0495301 -3.51686 0.00621627 0.99996 -0.00644982 -4.32573 -0.0494902 0.00674973 0.998752 265.741 
0.998629 -0.00557238 0.0520508 -3.48786 0.00591737 0.999962 -0.00647529 -4.34312 -0.0520128 0.00677445 0.998623 266.585 
0.99847 -0.00447842 0.0551228 -3.45813 0.00473863 0.999978 -0.00459004 -4.35806 -0.0551011 0.00484426 0.998469 267.44 
0.998287 -0.00295857 0.0584308 -3.42754 0.00313668 0.999991 -0.00295597 -4.37737 -0.0584216 0.00313422 0.998287 268.294 
0.998104 -0.00234152 0.0615105 -3.3978 0.00253991 0.999992 -0.00314662 -4.39446 -0.0615027 0.00329692 0.998102 269.151 
0.997924 -0.00237554 0.0643566 -3.36273 0.00261118 0.99999 -0.00357699 -4.41109 -0.0643475 0.00373765 0.997921 270 
0.997736 -0.00410761 0.0671283 -3.31928 0.00438526 0.999982 -0.00398865 -4.4278 -0.0671108 0.00427403 0.997736 270.846 
0.997567 -0.00754751 0.0692999 -3.27878 0.0077889 0.999965 -0.00321307 -4.44397 -0.0692732 0.00374507 0.997591 271.695 
0.997488 -0.00855294 0.0703235 -3.23141 0.00881056 0.999956 -0.0033533 -4.46218 -0.0702918 0.0039645 0.997519 272.55 
0.997416 -0.0093915 0.0712264 -3.18893 0.00965332 0.999948 -0.00333199 -4.47917 -0.0711914 0.00401099 0.997455 273.403 
0.997374 -0.00972764 0.0717735 -3.14322 0.00998377 0.999945 -0.00321 -4.49611 -0.0717383 0.00391818 0.997416 274.259 
0.997385 -0.00966641 0.0716227 -3.09491 0.00988157 0.999948 -0.00264967 -4.51498 -0.0715934 0.00335053 0.997428 275.129 
0.997412 -0.00918129 0.071312 -3.05121 0.00937154 0.999953 -0.00233304 -4.53061 -0.0712873 0.00299535 0.997451 275.991 
0.99749 -0.00949934 0.0701707 -3.00373 0.00974391 0.999948 -0.00314327 -4.55123 -0.0701372 0.00381916 0.99753 276.853 
0.997607 -0.00931654 0.0685045 -2.96333 0.00961893 0.999945 -0.00408496 -4.56788 -0.0684628 0.00473417 0.997642 277.714 
0.997727 -0.00849803 0.0668479 -2.92065 0.00884251 0.999949 -0.00485838 -4.58485 -0.0668032 0.00543848 0.997751 278.573 
0.997823 -0.00714066 0.0655602 -2.89034 0.00749984 0.999958 -0.00523339 -4.60393 -0.0655202 0.00571373 0.997835 279.435 
0.997942 -0.00585434 0.0638481 -2.85349 0.00620732 0.999967 -0.00533074 -4.6249 -0.0638148 0.00571613 0.997945 280.291 
0.998069 -0.0053099 0.0618904 -2.82108 0.00562752 0.999972 -0.00495801 -4.642 -0.0618624 0.00529676 0.998071 281.151 
0.998231 -0.00565248 0.0591918 -2.79064 0.00586377 0.999977 -0.00339579 -4.66263 -0.0591713 0.00373691 0.998241 282.001 
0.998444 -0.00712581 0.0553104 -2.76148 0.00719108 0.999974 -0.000980349 -4.6842 -0.055302 0.00137661 0.998469 282.854 
0.998689 -0.00787159 0.050589 -2.73576 0.00785229 0.999969 0.000580972 -4.69853 -0.050592 -0.000182929 0.998719 283.7 
0.998902 -0.00867665 0.046049 -2.71881 0.00859534 0.999961 0.00196442 -4.71373 -0.0460643 -0.00156641 0.998937 284.54 
0.999107 -0.00859125 0.0413711 -2.6999 0.00849618 0.999961 0.00247436 -4.72749 -0.0413908 -0.00212061 0.999141 285.371 
0.999284 -0.00920177 0.0367049 -2.68657 0.00909762 0.999954 0.00300468 -4.74269 -0.0367309 -0.00266856 0.999322 286.184 
0.999433 -0.0104113 0.0320351 -2.67648 0.0103155 0.999942 0.00315651 -4.75449 -0.0320661 -0.00282422 0.999482 287.003 
0.99955 -0.0105143 0.0280814 -2.67246 0.0104368 0.999941 0.00290554 -4.77266 -0.0281103 -0.00261111 0.999601 287.796 
0.999648 -0.00981089 0.0246348 -2.68299 0.00974516 0.999949 0.00278856 -4.78687 -0.0246609 -0.00254746 0.999693 288.609 
0.999732 -0.00975699 0.0209852 -2.68595 0.00970198 0.999949 0.00272382 -4.80239 -0.0210107 -0.00251945 0.999776 289.363 
0.999801 -0.0101847 0.0171763 -2.68993 0.0101369 0.999945 0.00287121 -4.82535 -0.0172046 -0.00269648 0.999848 290.122 
0.999856 -0.0109112 0.0129621 -2.69277 0.0108835 0.999938 0.00220607 -4.84094 -0.0129854 -0.00206464 0.999914 290.846 
0.999923 -0.00939536 0.00805114 -2.70356 0.00938966 0.999956 0.000751801 -4.86007 -0.00805789 -0.000676104 0.999967 291.553 
0.999966 -0.00805142 0.00167181 -2.72435 0.00805344 0.999967 -0.00117738 -4.8759 -0.00166232 0.00119085 0.999998 292.237 
0.999953 -0.00712136 -0.00657053 -2.75848 0.0071026 0.999971 -0.00288082 -4.89318 0.00659081 0.00283406 0.999974 292.916 
0.999829 -0.0073077 -0.0169996 -2.7898 0.00724063 0.999966 -0.00400647 -4.91046 0.0170282 0.00388274 0.999848 293.586 
0.999519 -0.00693046 -0.0302318 -2.83355 0.00680304 0.999968 -0.00431689 -4.9279 0.0302607 0.00410919 0.999534 294.231 
0.998882 -0.00581249 -0.0469149 -2.89022 0.00564067 0.999977 -0.00379479 -4.94499 0.0469358 0.00352596 0.998892 294.863 
0.997761 -0.00336392 -0.0667981 -2.95974 0.00316339 0.99999 -0.00310819 -4.96252 0.0668079 0.00288997 0.997762 295.501 
0.995983 -0.00178356 -0.089529 -3.04414 0.00149728 0.999994 -0.00326521 -4.97604 0.0895342 0.00311809 0.995979 296.11 
0.99337 -0.000506612 -0.114957 -3.14138 8.79531e-05 0.999993 -0.00364726 -4.98483 0.114958 0.00361301 0.993364 296.719 
0.989703 0.00058436 -0.143132 -3.25368 -0.00108196 0.999994 -0.00339897 -4.99875 0.143129 0.00351888 0.989698 297.317 
0.984749 0.00166195 -0.173974 -3.38547 -0.00209929 0.999995 -0.00233007 -5.01017 0.173969 0.0026598 0.984748 297.888 
0.978049 0.00148017 -0.208371 -3.52051 -0.00163722 0.999999 -0.000581399 -5.02507 0.20837 0.000909832 0.97805 298.456 
0.969538 0.00140448 -0.244938 -3.67792 -0.00118855 0.999999 0.0010292 -5.03617 0.244939 -0.000706682 0.969538 299.005 
0.959015 0.00265978 -0.283343 -3.84585 -0.00176121 0.999993 0.00342588 -5.04966 0.28335 -0.0027864 0.959013 299.546 
0.946349 0.00404547 -0.32312 -4.03408 -0.00225455 0.99998 0.00591657 -5.0646 0.323138 -0.0048706 0.946339 300.072 
0.931433 0.00439331 -0.363887 -4.23413 -0.00167918 0.999968 0.00777466 -5.0751 0.36391 -0.0066305 0.931411 300.575 
0.914057 0.00431804 -0.405563 -4.45734 -0.000572942 0.999956 0.00935521 -5.08254 0.405585 -0.00831878 0.914019 301.076 
0.893903 0.00390491 -0.448244 -4.70441 0.00103181 0.999942 0.0107687 -5.09793 0.44826 -0.0100886 0.893846 301.561 
0.870658 0.00313054 -0.491879 -4.96204 0.00280923 0.999932 0.0113365 -5.10087 0.491881 -0.0112519 0.87059 302.017 
0.844483 0.00242388 -0.535577 -5.25068 0.00492428 0.999912 0.0122898 -5.10538 0.53556 -0.0130158 0.844397 302.458 
0.815234 0.00273338 -0.579125 -5.5598 0.00645609 0.999884 0.0138075 -5.11244 0.579095 -0.0149952 0.815122 302.869 
0.782401 0.00409605 -0.622762 -5.88329 0.00599499 0.999883 0.0141082 -5.11612 0.622747 -0.0147716 0.782284 303.277 
0.746647 0.00320699 -0.665213 -6.23376 0.00819971 0.999868 0.0140238 -5.12221 0.66517 -0.0159253 0.746522 303.643 
0.706832 0.00230804 -0.707377 -6.5709 0.0125546 0.999796 0.0158071 -5.12976 0.70727 -0.0200538 0.706659 303.97 
0.663691 0.00155859 -0.748005 -6.96014 0.0186758 0.999652 0.0186536 -5.12569 0.747774 -0.0263498 0.663431 304.24 
0.616214 0.00216643 -0.787576 -7.36598 0.0227787 0.999529 0.0205719 -5.12474 0.787249 -0.0306166 0.615874 304.478 
0.565304 0.00584307 -0.824862 -7.78541 0.0219404 0.999515 0.0221167 -5.11957 0.824591 -0.0306004 0.564902 304.689 
0.512006 0.0118547 -0.8589 -8.20668 0.0173336 0.999559 0.0241289 -5.11426 0.858807 -0.027242 0.511574 304.874 
0.456512 0.0156087 -0.889581 -8.63227 0.0145912 0.99958 0.0250266 -5.10673 0.889598 -0.0244049 0.456092 305.031 
0.398722 0.017948 -0.916896 -9.05284 0.013789 0.999578 0.0255627 -5.10302 0.916968 -0.0228355 0.398306 305.165 
0.339545 0.0197074 -0.940384 -9.46378 0.015593 0.999525 0.026577 -5.09407 0.940461 -0.0236874 0.339076 305.281 
0.279373 0.0231094 -0.959905 -9.87368 0.0175875 0.999419 0.0291794 -5.09137 0.960022 -0.0250342 0.278804 305.379 
0.218067 0.0266823 -0.975569 -10.2933 0.0196183 0.999304 0.0317168 -5.07909 0.975737 -0.0260554 0.217392 305.455 
0.153979 0.0300887 -0.987616 -10.7215 0.0218801 0.999187 0.0338525 -5.07496 0.987832 -0.0268216 0.153195 305.501 
0.0885353 0.0339586 -0.995494 -11.1642 0.0221858 0.999104 0.0360549 -5.0643 0.995826 -0.0252779 0.0877025 305.509 
0.0219833 0.0396068 -0.998974 -11.6164 0.0237765 0.998912 0.0401276 -5.05274 0.999476 -0.0246342 0.0210176 305.489 
-0.0461025 0.0465061 -0.997854 -12.084 0.0253917 0.998648 0.04537 -5.04103 0.998614 -0.0232455 -0.047221 305.436 
-0.114233 0.0530681 -0.992036 -12.5608 0.0274186 0.99836 0.0502492 -5.02025 0.993076 -0.0214601 -0.1155 305.345 
-0.182135 0.0592586 -0.981486 -13.0417 0.029424 0.998064 0.0547993 -5.00263 0.982833 -0.0188983 -0.183526 305.223 
-0.248814 0.0650777 -0.966363 -13.5239 0.033129 0.997728 0.0586601 -4.98001 0.967985 -0.0174191 -0.250405 305.065 
-0.313677 0.0691377 -0.947009 -14.0094 0.0368747 0.99748 0.0606084 -4.95417 0.948813 -0.0159092 -0.315436 304.869 
-0.375659 0.0710771 -0.924028 -14.4887 0.0400482 0.997368 0.0604371 -4.92321 0.925892 -0.0143019 -0.377517 304.634 
-0.434874 0.0717843 -0.897626 -14.9635 0.0432817 0.997332 0.0587892 -4.89594 0.899451 -0.0132849 -0.43682 304.365 
-0.490472 0.0716487 -0.868507 -15.4348 0.0453512 0.997363 0.0566676 -4.8628 0.870276 -0.0115939 -0.492427 304.056 
-0.541636 0.0716162 -0.837557 -15.9032 0.0470218 0.997386 0.0548742 -4.82971 0.839297 -0.00966154 -0.543587 303.709 
-0.587534 0.0714923 -0.806035 -16.3666 0.0482078 0.997413 0.0533272 -4.7967 0.807762 -0.0075256 -0.589461 303.328 
-0.627858 0.0720948 -0.774982 -16.8295 0.0490488 0.997387 0.0530473 -4.76529 0.776781 -0.00470577 -0.629753 302.912 
-0.664571 0.0755892 -0.743392 -17.2853 0.0532169 0.997132 0.0538155 -4.73351 0.745328 -0.00379679 -0.666687 302.465 
-0.700303 0.08296 -0.709009 -17.7294 0.0615297 0.996543 0.0558297 -4.70612 0.711189 -0.00452737 -0.702986 301.987 
-0.734894 0.0885247 -0.67238 -18.1717 0.0674268 0.996069 0.0574455 -4.67534 0.674822 -0.00312003 -0.737974 301.467 
-0.766827 0.0901714 -0.635489 -18.6038 0.0701746 0.995926 0.056637 -4.64295 0.638007 -0.00116443 -0.77003 300.903 
-0.796219 0.0865102 -0.598792 -19.019 0.0692204 0.996251 0.0518899 -4.60989 0.601036 -0.000132867 -0.799222 300.303 
-0.822394 0.0840427 -0.562677 -19.4076 0.0702202 0.996461 0.0462016 -4.58314 0.564569 -0.00151535 -0.825385 299.666 
-0.846548 0.0791057 -0.526402 -19.7917 0.0684671 0.996863 0.0396975 -4.55022 0.527891 -0.00243545 -0.849308 298.983 
-0.868376 0.076585 -0.489957 -20.1641 0.0683952 0.997057 0.0346293 -4.52353 0.491167 -0.00343943 -0.871059 298.268 
-0.888177 0.075063 -0.453329 -20.515 0.0673578 0.997178 0.0331447 -4.50163 0.454537 -0.00109682 -0.890727 297.514 
-0.906701 0.0710718 -0.415744 -20.8466 0.0640923 0.99747 0.0307389 -4.47896 0.416877 0.00122502 -0.908962 296.723 
-0.923236 0.0705646 -0.377698 -21.1499 0.0646293 0.997506 0.0283837 -4.45723 0.378759 0.0017945 -0.925494 295.901 
-0.938289 0.0728075 -0.338101 -21.4396 0.0674698 0.997341 0.0275293 -4.43636 0.339207 0.00301882 -0.940707 295.044 
-0.95116 0.0764113 -0.299091 -21.692 0.0716448 0.997068 0.0268868 -4.42369 0.300269 0.00414534 -0.953846 294.163 
-0.962187 0.0776642 -0.261082 -21.9069 0.0728754 0.996948 0.0279891 -4.4064 0.262459 0.00790437 -0.964911 293.244 
-0.971401 0.0805615 -0.223361 -22.0992 0.0761921 0.996696 0.0281261 -4.38959 0.224889 0.0103034 -0.97433 292.301 
-0.979121 0.0802509 -0.186766 -22.2599 0.0765536 0.996702 0.026937 -4.37759 0.188311 0.012077 -0.982035 291.33 
-0.985122 0.0787491 -0.152751 -22.3835 0.0761894 0.996838 0.0225481 -4.36104 0.154044 0.0105746 -0.988007 290.326 
