1 2.12261e-08 -2.11895e-08 0 2.12261e-08 1 2.10703e-08 0 -2.11895e-08 2.10703e-08 1 0 
0.999979 0.00051614 -0.00649359 -0.00902882 -0.000514177 1 0.000297586 -0.000567779 0.0064937 -0.000294199 0.999979 0.0943988 
0.999909 0.00111459 -0.0134651 -0.0211635 -0.00111197 0.999999 0.000199022 -0.00189959 0.0134653 -0.000183988 0.999909 0.192902 
0.999778 0.00130951 -0.0210341 -0.0334804 -0.00131824 0.999999 -0.000402968 -0.00335324 0.0210335 0.000430649 0.999779 0.294541 
0.999539 0.00191032 -0.0303105 -0.0482325 -0.0019648 0.999997 -0.00176879 -0.00415108 0.030307 0.00182757 0.999539 0.40329 
0.999122 0.00207528 -0.0418342 -0.0663174 -0.00221248 0.999992 -0.00323455 -0.00578161 0.0418271 0.00332431 0.999119 0.520942 
0.998461 0.00194636 -0.0554292 -0.090269 -0.00218389 0.999989 -0.00422564 -0.00421781 0.0554203 0.00434023 0.998454 0.650662 
0.997423 0.002016 -0.0717125 -0.120134 -0.00232224 0.999989 -0.00418785 -0.00539208 0.0717032 0.00434363 0.997417 0.794135 
0.995914 0.00049986 -0.0903076 -0.153308 -0.000877577 0.999991 -0.00414336 -0.00675115 0.0903046 0.00420572 0.995905 0.949782 
0.993892 -0.000639824 -0.110358 -0.191963 0.000167558 0.999991 -0.00428899 -0.00914737 0.11036 0.00424434 0.993883 1.11533 
0.991165 -0.000819903 -0.13263 -0.240037 0.000225451 0.99999 -0.00449728 -0.0142972 0.132632 0.00442769 0.991155 1.28991 
0.987659 0.00281613 -0.156593 -0.303324 -0.00378938 0.999975 -0.00591724 -0.018905 0.156572 0.00643765 0.987646 1.4676 
0.983258 0.00717104 -0.18208 -0.373974 -0.00866811 0.999935 -0.00742777 -0.024543 0.182015 0.00888175 0.983256 1.65125 
0.977837 0.00998727 -0.209131 -0.451327 -0.0119622 0.999895 -0.00818119 -0.0329058 0.209027 0.0105016 0.977854 1.84175 
0.97107 0.0108444 -0.238548 -0.532659 -0.0132185 0.999878 -0.00835523 -0.0355404 0.238428 0.0112668 0.971095 2.03904 
0.963007 0.0126912 -0.269177 -0.629322 -0.0153781 0.999851 -0.00787573 -0.0376135 0.269036 0.0117239 0.963059 2.24321 
0.953492 0.0145298 -0.301067 -0.736473 -0.0174172 0.999824 -0.00690862 -0.0382343 0.300914 0.0118311 0.953578 2.44818 
0.942108 0.0163737 -0.33491 -0.847802 -0.0194866 0.999793 -0.00593642 -0.0374658 0.334743 0.012119 0.942231 2.6562 
0.929517 0.0186547 -0.368308 -0.969912 -0.0222196 0.999738 -0.00544014 -0.039984 0.36811 0.0132404 0.929688 2.86034 
0.915416 0.021359 -0.401942 -1.10057 -0.0254022 0.999666 -0.00473155 -0.0393206 0.401706 0.0145416 0.915653 3.06506 
0.899113 0.0217644 -0.437176 -1.2359 -0.0262346 0.999647 -0.00418869 -0.0364816 0.43693 0.0152353 0.899366 3.26957 
0.880336 0.0170957 -0.474043 -1.37536 -0.0220393 0.999745 -0.00487432 -0.0343458 0.473839 0.0147386 0.880488 3.47536 
0.858695 0.0119739 -0.512347 -1.52671 -0.0171138 0.999839 -0.00531593 -0.0344533 0.512201 0.013333 0.858762 3.6798 
0.833134 0.0133995 -0.552908 -1.69912 -0.0175259 0.999844 -0.00217768 -0.0374013 0.552793 0.0115046 0.833239 3.8816 
0.803413 0.0187795 -0.595126 -1.89196 -0.0221938 0.999752 0.0015864 -0.0416237 0.595008 0.0119336 0.803631 4.07039 
0.770011 0.0216961 -0.637662 -2.09751 -0.0252819 0.999674 0.00348417 -0.0446022 0.637529 0.0134385 0.770309 4.25684 
0.733199 0.0208806 -0.679693 -2.3163 -0.0245513 0.99969 0.00422711 -0.0451422 0.67957 0.0135881 0.733485 4.43789 
0.692758 0.0168299 -0.720974 -2.54865 -0.0185854 0.999812 0.00548087 -0.0445712 0.720931 0.00960272 0.692941 4.61566 
0.649512 0.0132325 -0.760236 -2.80207 -0.013015 0.999896 0.0062845 -0.0452959 0.76024 0.00581268 0.649617 4.78521 
0.604212 0.0128184 -0.796721 -3.07758 -0.0102297 0.999913 0.00832963 -0.0438124 0.796758 0.00311741 0.604291 4.942 
0.555638 0.0133604 -0.831317 -3.37271 -0.00775427 0.999911 0.0108871 -0.0389833 0.831388 0.000397014 0.555692 5.08722 
0.504558 0.0140607 -0.863263 -3.67964 -0.00595234 0.9999 0.0128072 -0.0377703 0.863357 -0.00132347 0.504592 5.20854 
0.451714 0.0155536 -0.892027 -4.00202 -0.00521811 0.999877 0.0147917 -0.0320947 0.892147 -0.00202687 0.45174 5.31295 
0.39716 0.0175577 -0.917581 -4.34373 -0.00394919 0.99984 0.0174223 -0.0269134 0.917741 -0.00329568 0.397166 5.40696 
0.341703 0.0195713 -0.939604 -4.70549 -0.0035347 0.999803 0.0195398 -0.0218394 0.939801 -0.00335552 0.341705 5.48361 
0.2867 0.0226715 -0.957752 -5.08856 -0.00113561 0.999727 0.0233252 -0.0199335 0.95802 -0.00559966 0.286648 5.54845 
0.23293 0.0245431 -0.972184 -5.48472 0.0032952 0.999656 0.0260262 -0.0165814 0.972488 -0.00926577 0.232769 5.60163 
0.181933 0.0250397 -0.982992 -5.89775 0.00581393 0.999631 0.0265396 -0.0115257 0.983294 -0.0105434 0.18172 5.6354 
0.134726 0.0258301 -0.990546 -6.32597 0.0036002 0.999641 0.026557 -0.00334817 0.990876 -0.00714403 0.134585 5.64105 
0.0921874 0.0261089 -0.995399 -6.76976 0.00162515 0.999651 0.0263709 0.00559431 0.99574 -0.0040487 0.0921128 5.63876 
0.0541863 0.0246335 -0.998227 -7.22666 0.000332813 0.999695 0.0246878 0.0144248 0.998531 -0.00166992 0.0541615 5.62609 
0.0196499 0.0219939 -0.999565 -7.69754 0.0011796 0.999757 0.0220213 0.0212577 0.999806 -0.00161176 0.0196192 5.6027 
-0.0116627 0.0189694 -0.999752 -8.2032 0.00149915 0.999819 0.0189532 0.0346084 0.999931 -0.00127769 -0.011689 5.56209 
-0.038326 0.017058 -0.99912 -8.70666 0.000737003 0.999855 0.0170423 0.0404195 0.999265 -8.31481e-05 -0.038333 5.51679 
-0.0593657 0.0146621 -0.998129 -9.21722 0.000320526 0.999892 0.014669 0.0481109 0.998236 0.000550948 -0.059364 5.46439 
-0.0757201 0.0137851 -0.997034 -9.74712 0.000620676 0.999905 0.0137777 0.0593094 0.997129 0.000424454 -0.0757215 5.40181 
-0.0887353 0.0142413 -0.995953 -10.2957 0.00178614 0.999898 0.0141386 0.0653204 0.996054 -0.000524278 -0.0887517 5.3329 
-0.098206 0.0152784 -0.995049 -10.8592 0.000720516 0.999883 0.0152816 0.0698815 0.995166 0.000783832 -0.0982055 5.25377 
-0.105089 0.0166163 -0.994324 -11.4312 -0.000960939 0.999858 0.0168104 0.0689917 0.994462 0.0027221 -0.105058 5.17517 
-0.109765 0.0176463 -0.993801 -12.0189 -0.000892754 0.99984 0.0178521 0.0736357 0.993957 0.00284679 -0.109731 5.09863 
-0.111243 0.0183049 -0.993625 -12.631 0.00153669 0.999832 0.0182472 0.0842943 0.993792 0.000503019 -0.111253 5.02072 
-0.110484 0.0204899 -0.993667 -13.2515 0.00361367 0.999789 0.0202144 0.0924851 0.993871 -0.00135738 -0.110535 4.94489 
-0.109215 0.0229403 -0.993753 -13.8918 0.00282121 0.999737 0.0227684 0.0969034 0.994014 -0.00031689 -0.109251 4.86546 
-0.107624 0.02278 -0.993931 -14.544 0.00061559 0.999739 0.0228464 0.102021 0.994192 0.00184701 -0.10761 4.78097 
-0.10626 0.0201752 -0.994134 -15.2101 -0.00114585 0.999791 0.0204125 0.109569 0.994338 0.00330819 -0.106214 4.69889 
-0.105099 0.0199957 -0.994261 -15.8895 -0.00132671 0.999794 0.0202472 0.120688 0.994461 0.00344709 -0.105051 4.6179 
-0.103313 0.0225647 -0.994393 -16.594 -0.000832565 0.99974 0.0227725 0.135381 0.994649 0.00318062 -0.103267 4.53122 
-0.10152 0.0260059 -0.994494 -17.3118 -0.00176007 0.999652 0.0263205 0.146001 0.994832 0.00442247 -0.101439 4.44562 
-0.0997202 0.0281173 -0.994618 -18.0456 -0.00215192 0.999592 0.0284737 0.153528 0.995013 0.00497978 -0.099619 4.35719 
-0.0980187 0.0273542 -0.994809 -18.7857 -0.00390498 0.999604 0.0278708 0.166021 0.995177 0.0066166 -0.0978731 4.26993 
-0.096186 0.024255 -0.995068 -19.537 -0.00601888 0.999671 0.024949 0.179647 0.995345 0.00838898 -0.0960083 4.17871 
-0.0948398 0.0235997 -0.995213 -20.3042 -0.00656385 0.999682 0.0243312 0.192087 0.995471 0.00884003 -0.0946548 4.09189 
-0.0933729 0.0260869 -0.995289 -21.0878 -0.003969 0.999639 0.0265732 0.203031 0.995623 0.00643156 -0.0932356 4.00727 
-0.0923176 0.0282853 -0.995328 -21.8811 -0.00168892 0.999591 0.0285631 0.214912 0.995728 0.00431794 -0.092232 3.92303 
-0.0910319 0.0299826 -0.995397 -22.6814 -0.000582604 0.999545 0.0301608 0.226039 0.995848 0.00332555 -0.090973 3.83464 
-0.0904697 0.0254821 -0.995573 -23.481 -0.000306701 0.999672 0.0256149 0.233241 0.995899 0.00262275 -0.0904322 3.74774 
-0.09017 0.0185287 -0.995754 -24.2893 0.00122198 0.999828 0.0184939 0.239111 0.995926 0.000450845 -0.0901771 3.66186 
-0.0904181 0.0141196 -0.995804 -25.1015 0.00432971 0.999896 0.0137845 0.247767 0.995895 -0.00306514 -0.0904698 3.57994 
-0.0909072 0.0148903 -0.995748 -25.9308 0.00559141 0.99988 0.0144416 0.254473 0.995844 -0.00425476 -0.0909796 3.48945 
-0.0910771 0.0223093 -0.995594 -26.7725 0.00522227 0.999746 0.0219246 0.257844 0.99583 -0.00320239 -0.0911705 3.39756 
-0.0914423 0.0293005 -0.995379 -27.6235 0.00392401 0.99957 0.0290633 0.268275 0.995803 -0.00124822 -0.0915179 3.30067 
-0.0918115 0.0345858 -0.995176 -28.4681 0.0019461 0.999401 0.0345531 0.277076 0.995775 0.0012357 -0.0918238 3.20434 
-0.0923477 0.0348838 -0.995116 -29.3126 0.000528793 0.999388 0.0349845 0.289252 0.995727 0.00270457 -0.0923096 3.10952 
-0.0926793 0.0314324 -0.9952 -30.1469 0.00033044 0.999503 0.0315375 0.300836 0.995696 0.00259406 -0.0926436 3.01586 
-0.0932375 0.028669 -0.995231 -30.9807 0.000301724 0.999586 0.0287661 0.315221 0.995644 0.00238184 -0.0932076 2.9242 
-0.0935305 0.029881 -0.995168 -31.8207 -0.00111303 0.999546 0.0301171 0.327313 0.995616 0.00392456 -0.0934548 2.83054 
-0.0934248 0.0322266 -0.995105 -32.6633 -0.00174558 0.999469 0.0325319 0.336268 0.995625 0.00477635 -0.0933189 2.7338 
-0.0933972 0.0305024 -0.995162 -33.4985 -0.00234094 0.999521 0.0308557 0.346085 0.995626 0.00521149 -0.0932811 2.63836 
-0.0929449 0.0252847 -0.99535 -34.334 -0.00294611 0.999666 0.0256694 0.357557 0.995667 0.0053183 -0.0928394 2.53819 
-0.0926984 0.0209964 -0.995473 -35.1674 -0.00406616 0.999761 0.0214655 0.368527 0.995686 0.00603761 -0.0925909 2.43855 
-0.0921787 0.0217457 -0.995505 -36.0056 -0.00351432 0.999748 0.0221638 0.374425 0.995736 0.0055416 -0.0920791 2.34375 
-0.0917452 0.0241788 -0.995489 -36.8475 -0.00229809 0.999697 0.0244928 0.38146 0.99578 0.00453486 -0.0916618 2.25134 
-0.0912809 0.0290942 -0.9954 -37.6893 -0.00202395 0.999566 0.0294016 0.389627 0.995823 0.00469848 -0.0911824 2.15727 
-0.0908361 0.0347389 -0.99526 -38.5298 -0.00104322 0.999388 0.0349782 0.401011 0.995865 0.00421559 -0.0907443 2.06766 
-0.0909152 0.0378726 -0.995138 -39.37 -0.00113307 0.999272 0.0381334 0.414558 0.995858 0.00459451 -0.0908061 1.97261 
-0.0906005 0.037609 -0.995177 -40.1987 -0.000648981 0.999284 0.0378233 0.432287 0.995887 0.0040727 -0.0905113 1.88232 
-0.0906899 0.0331132 -0.995329 -41.0258 -0.000466755 0.999446 0.0332927 0.450379 0.995879 0.00348392 -0.0906242 1.79329 
-0.090366 0.0288072 -0.995492 -41.8524 -0.00152293 0.999576 0.0290637 0.461153 0.995908 0.00414247 -0.0902838 1.70112 
-0.0902655 0.0258144 -0.995583 -42.6821 -0.00530655 0.999637 0.0264007 0.472336 0.995904 0.00766622 -0.0900958 1.60281 
-0.0907139 0.0238836 -0.995591 -43.5137 -0.00853989 0.999657 0.0247592 0.482531 0.99584 0.0107483 -0.0904788 1.50414 
-0.0914147 0.0221643 -0.995566 -44.3454 -0.00627525 0.99972 0.022833 0.485117 0.995793 0.00833474 -0.0912499 1.41092 
-0.0927053 0.0185671 -0.995521 -45.1699 -0.00305053 0.999816 0.0189313 0.487993 0.995689 0.00479193 -0.0926316 1.32531 
-0.0934253 0.0171338 -0.995479 -45.9868 0.0011149 0.999853 0.0171044 0.493072 0.995626 0.000488167 -0.0934307 1.23381 
-0.095741 0.020438 -0.995196 -46.8146 0.0016809 0.999791 0.0203706 0.499166 0.995405 0.000277516 -0.0957553 1.14362 
-0.0974792 0.0268669 -0.994875 -47.642 0.00415946 0.999638 0.026588 0.499679 0.995229 -0.00154633 -0.0975556 1.0485 
-0.0995243 0.0306119 -0.994564 -48.4601 0.00593232 0.999527 0.030171 0.504939 0.995017 -0.00289728 -0.0996589 0.957109 
-0.101129 0.0297554 -0.994428 -49.2687 0.00595317 0.999553 0.0293033 0.512508 0.994856 -0.00295653 -0.101261 0.861207 
-0.102156 0.025786 -0.994434 -50.067 0.00283062 0.999668 0.0256309 0.517083 0.994764 -0.000196469 -0.102195 0.757161 
-0.103513 0.0219443 -0.994386 -50.862 -0.00191371 0.99975 0.0222619 0.524056 0.994626 0.00420739 -0.103445 0.652351 
-0.105012 0.0203316 -0.994263 -51.6581 -0.00601078 0.99976 0.0210788 0.528523 0.994453 0.00818986 -0.104864 0.546459 
-0.106129 0.0214816 -0.99412 -52.4519 -0.00747345 0.999721 0.0224005 0.53069 0.994324 0.00980688 -0.105938 0.443472 
-0.107232 0.023074 -0.993966 -53.2375 -0.00715934 0.999687 0.0239792 0.532708 0.994208 0.00968753 -0.107034 0.344581 
-0.108296 0.0224735 -0.993865 -54.0204 -0.00904103 0.999681 0.0235902 0.536907 0.994078 0.0115403 -0.108058 0.241837 
-0.108874 0.0223813 -0.993804 -54.8009 -0.00968242 0.999675 0.0235742 0.539432 0.994008 0.0121891 -0.108622 0.13846 
-0.109473 0.0241132 -0.993697 -55.5802 -0.00785304 0.999654 0.0251229 0.546797 0.993959 0.0105539 -0.109246 0.0373223 
-0.109884 0.0270619 -0.993576 -56.3553 -0.00693752 0.999584 0.0279928 0.552309 0.99392 0.00996896 -0.109651 -0.0606963 
-0.110091 0.0311956 -0.993432 -57.1224 -0.00719255 0.999456 0.0321819 0.559218 0.993896 0.0106883 -0.109806 -0.160435 
-0.110834 0.0333165 -0.99328 -57.8853 -0.00695756 0.999387 0.0342977 0.566565 0.993815 0.0107122 -0.110534 -0.258979 
-0.111579 0.0332668 -0.993199 -58.6489 -0.00649982 0.999394 0.0342045 0.576685 0.993734 0.0102721 -0.111295 -0.361405 
-0.112104 0.0312924 -0.993204 -59.3972 -0.00546692 0.99947 0.0321068 0.586639 0.993682 0.0090291 -0.111873 -0.458792 
-0.112628 0.027919 -0.993245 -60.1334 -0.00505518 0.999576 0.0286702 0.592487 0.993624 0.00825013 -0.112439 -0.551717 
-0.112682 0.0249162 -0.993319 -60.8603 -0.00517558 0.999657 0.0256623 0.600243 0.993618 0.00803273 -0.112515 -0.646525 
-0.11169 0.0225411 -0.993487 -61.5718 -0.00566308 0.999712 0.023319 0.606477 0.993727 0.00823074 -0.11153 -0.739435 
-0.109518 0.0216198 -0.99375 -62.2766 -0.0076555 0.999715 0.0225933 0.610162 0.993955 0.010082 -0.109321 -0.836071 
-0.105657 0.0225469 -0.994147 -62.9606 -0.00801805 0.999691 0.0235247 0.610861 0.99437 0.0104567 -0.105444 -0.92044 
-0.10007 0.0240861 -0.994689 -63.631 -0.00719083 0.999663 0.02493 0.614231 0.994954 0.00964743 -0.0998636 -0.99645 
-0.092928 0.0256438 -0.995343 -64.2866 -0.00613034 0.999635 0.0263267 0.617525 0.995654 0.00854832 -0.0927369 -1.06761 
-0.0842311 0.0269394 -0.996082 -64.9205 -0.00726157 0.999591 0.0276484 0.618677 0.99642 0.00956201 -0.084001 -1.12858 
-0.0725337 0.0285174 -0.996958 -65.5438 -0.00937681 0.999528 0.0292731 0.622059 0.997322 0.0114716 -0.0722321 -1.18465 
-0.0577405 0.0299351 -0.997883 -66.1499 -0.0123234 0.999453 0.0306953 0.62766 0.998256 0.0140697 -0.05734 -1.22781 
-0.0394026 0.0310819 -0.99874 -66.7407 -0.0137946 0.999404 0.0316468 0.634612 0.999128 0.0150242 -0.0389504 -1.25395 
-0.0172228 0.0318804 -0.999343 -67.3075 -0.014637 0.999376 0.0321337 0.638371 0.999745 0.0151808 -0.0167454 -1.26273 
0.00812237 0.0322043 -0.999448 -67.8497 -0.0139766 0.999387 0.0320888 0.643614 0.999869 0.0137082 0.0085675 -1.24855 
0.0373348 0.0319009 -0.998794 -68.3667 -0.0124517 0.999428 0.0314557 0.647271 0.999225 0.0112623 0.0377106 -1.21313 
0.0714685 0.0318457 -0.996934 -68.8617 -0.0113278 0.999452 0.031114 0.654038 0.997379 0.00906942 0.0717901 -1.1607 
0.109044 0.032094 -0.993519 -69.3366 -0.0105913 0.999459 0.0311235 0.659078 0.993981 0.00712885 0.109325 -1.08561 
0.149887 0.0317695 -0.988193 -69.7939 -0.0103155 0.99948 0.0305678 0.664377 0.988649 0.00561207 0.150137 -0.992374 
0.195269 0.0327098 -0.980204 -70.2406 -0.00916518 0.999461 0.0315266 0.668893 0.980707 0.00282763 0.195464 -0.881735 
0.244001 0.0314963 -0.969263 -70.6633 -0.00579081 0.999502 0.0310211 0.668573 0.969758 -0.00195632 0.244062 -0.747252 
0.294447 0.0268678 -0.95529 -71.0659 0.00177486 0.999588 0.0286607 0.669804 0.955666 -0.0101345 0.294278 -0.586613 
0.346305 0.0218229 -0.937868 -71.4564 0.00703564 0.999641 0.0258581 0.670263 0.938096 -0.0155532 0.346027 -0.409031 
0.399253 0.0171188 -0.916681 -71.8338 0.0119865 0.999643 0.0238887 0.677293 0.916763 -0.0205254 0.398905 -0.211721 
0.451036 0.0167643 -0.892349 -72.2065 0.0116032 0.999629 0.0246445 0.68414 0.892431 -0.0214696 0.450674 0.00355593 
0.499974 0.0154948 -0.865902 -72.57 0.0129671 0.999594 0.0253743 0.692042 0.865943 -0.0239147 0.49957 0.241268 
0.545653 0.0113973 -0.837934 -72.9111 0.0205353 0.999425 0.0269661 0.697235 0.83776 -0.0319213 0.545105 0.50433 
0.590015 0.00515333 -0.807376 -73.2272 0.0307999 0.999108 0.0288851 0.69884 0.806805 -0.0419096 0.58933 0.791459 
0.633343 0.000159582 -0.773872 -73.538 0.032083 0.999135 0.026463 0.701306 0.773206 -0.0415882 0.63279 1.08211 
0.675493 -0.00456469 -0.737352 -73.8353 0.0286071 0.99939 0.0200202 0.705357 0.736811 -0.0346169 0.675212 1.37903 
0.716893 -0.01124 -0.697092 -74.1204 0.0246918 0.999652 0.00927456 0.710929 0.696746 -0.0238613 0.716921 1.69878 
0.757066 -0.0143115 -0.653182 -74.3941 0.0199703 0.9998 0.00124032 0.71687 0.653034 -0.0139832 0.7572 2.04125 
0.795064 -0.015318 -0.606332 -74.6573 0.0183731 0.999831 -0.0011672 0.715888 0.606247 -0.0102121 0.795211 2.40762 
0.829795 -0.0166099 -0.557822 -74.9033 0.0183081 0.999829 -0.00253683 0.715433 0.557768 -0.00810754 0.829957 2.8129 
0.861154 -0.015352 -0.508113 -75.1413 0.0151871 0.999875 -0.00447081 0.712793 0.508118 -0.00386665 0.861279 3.24783 
0.887813 -0.0135417 -0.460005 -75.3618 0.0139318 0.9999 -0.00254666 0.70444 0.459993 -0.00414771 0.887913 3.70536 
0.909568 -0.00714225 -0.415494 -75.569 0.00729115 0.999973 -0.00122815 0.697119 0.415491 -0.0019123 0.909595 4.18281 
0.927523 -0.00282196 -0.373755 -75.7645 0.00199371 0.999995 -0.00260269 0.694407 0.37376 0.00166895 0.927524 4.67631 
0.941371 0.00228215 -0.337366 -75.949 -0.00278467 0.999996 -0.00100573 0.689926 0.337363 0.00188626 0.941373 5.20139 
0.951694 0.00299218 -0.307032 -76.1246 -0.00274998 0.999996 0.00122134 0.683281 0.307035 -0.000317957 0.951698 5.75738 
0.959241 0.00233238 -0.282581 -76.2861 -0.00158109 0.999995 0.00288658 0.67734 0.282586 -0.00232209 0.959239 6.33233 
0.965223 0.00242651 -0.261419 -76.4442 -0.00116853 0.999987 0.00496732 0.676063 0.261427 -0.00448905 0.965213 6.92074 
0.969997 0.00494535 -0.243068 -76.6028 -0.00318692 0.999966 0.00762682 0.673976 0.243098 -0.0066233 0.969979 7.52659 
0.973675 0.00993572 -0.227722 -76.7586 -0.0080475 0.999925 0.00921863 0.672884 0.227797 -0.00714331 0.973682 8.1521 
0.976695 0.0135149 -0.214207 -76.9176 -0.0115413 0.999879 0.0104611 0.672995 0.214322 -0.00774507 0.976732 8.79387 
0.979477 0.0122236 -0.201183 -77.0559 -0.010359 0.999893 0.0103181 0.670862 0.201288 -0.00802224 0.979499 9.45135 
0.982193 0.0123012 -0.187471 -77.1875 -0.010629 0.999894 0.0099222 0.670759 0.187573 -0.00775284 0.98222 10.1254 
0.984869 0.0125249 -0.172848 -77.3181 -0.0108622 0.999885 0.0105619 0.673267 0.17296 -0.00852459 0.984892 10.8175 
0.987204 0.014006 -0.158845 -77.4394 -0.0123988 0.999862 0.0111045 0.672356 0.158979 -0.00899286 0.987241 11.5193 
0.989157 0.0142585 -0.146172 -77.5521 -0.0131763 0.999878 0.00836884 0.668215 0.146273 -0.00635204 0.989224 12.2354 
0.990716 0.0149061 -0.13513 -77.661 -0.0146235 0.999888 0.00308311 0.661616 0.13516 -0.00107837 0.990823 12.9564 
0.992003 0.0133267 -0.125507 -77.7648 -0.0138193 0.9999 -0.0030551 0.659788 0.125454 0.00476513 0.992088 13.689 
0.993002 0.0132248 -0.117359 -77.8626 -0.0137092 0.999901 -0.00332133 0.657876 0.117303 0.00490702 0.993084 14.4394 
0.993751 0.0153217 -0.11056 -77.9626 -0.0150819 0.999882 0.00300494 0.64771 0.110593 -0.00131867 0.993865 15.1985 
0.994222 0.019753 -0.105512 -78.0665 -0.0186841 0.999764 0.0111099 0.637359 0.105706 -0.00907426 0.994356 15.9711 
0.994644 0.0205063 -0.101303 -78.1576 -0.0190929 0.999707 0.0149018 0.631343 0.101579 -0.0128878 0.994744 16.7404 
0.995011 0.019176 -0.0979007 -78.2435 -0.0179112 0.999745 0.0137817 0.628969 0.0981399 -0.0119594 0.995101 17.5011 
0.995319 0.0190763 -0.094738 -78.331 -0.0179424 0.999757 0.0128059 0.62746 0.0949592 -0.0110461 0.99542 18.264 
0.995622 0.0177362 -0.0917703 -78.4145 -0.0164245 0.999752 0.015028 0.625035 0.092014 -0.0134549 0.995667 19.033 
0.995875 0.0156549 -0.0893735 -78.4911 -0.0141487 0.999747 0.0174615 0.623034 0.0896243 -0.0161249 0.995845 19.8016 
0.99616 0.0135331 -0.0865045 -78.5647 -0.0119066 0.999743 0.0192899 0.619224 0.0867433 -0.0181858 0.996065 20.5668 
0.996403 0.0127756 -0.0837706 -78.6421 -0.0115042 0.999812 0.0156423 0.61542 0.0839546 -0.0146223 0.996362 21.326 
0.996508 0.0152909 -0.0820901 -78.7216 -0.0146532 0.999858 0.00836427 0.610344 0.0822063 -0.00713213 0.99659 22.0769 
0.99664 0.0158959 -0.0803439 -78.7977 -0.015891 0.999874 0.000700725 0.603213 0.0803449 0.000578417 0.996767 22.8273 
0.996716 0.0169022 -0.0791959 -78.8671 -0.0172251 0.999846 -0.00339616 0.593051 0.0791263 0.00474921 0.996853 23.5814 
0.996864 0.0187438 -0.0768861 -78.9467 -0.0189233 0.99982 -0.00160649 0.578705 0.076842 0.00305643 0.997039 24.3407 
0.996981 0.022038 -0.074458 -79.0252 -0.0219274 0.999757 0.00230094 0.563853 0.0744905 -0.000661273 0.997222 25.0998 
0.997052 0.0253646 -0.0724121 -79.0996 -0.0248903 0.999663 0.00744453 0.549329 0.0725764 -0.00562018 0.997347 25.861 
0.997296 0.0227776 -0.0698644 -79.1651 -0.0221764 0.99971 0.00936891 0.542012 0.0700575 -0.0077942 0.997513 26.6175 
0.997441 0.0198213 -0.0686901 -79.2276 -0.0192317 0.999772 0.00923331 0.534332 0.0688575 -0.00788861 0.997595 27.371 
0.997543 0.0179719 -0.0677135 -79.2875 -0.0173781 0.999805 0.00934786 0.524332 0.0678682 -0.00814812 0.997661 28.1218 
0.997627 0.0174692 -0.0665908 -79.3545 -0.0170111 0.999828 0.00744052 0.520479 0.0667092 -0.00629005 0.997753 28.8752 
0.997706 0.015515 -0.0658899 -79.4149 -0.0151353 0.999866 0.00625599 0.514405 0.0659781 -0.00524433 0.997807 29.6325 
0.997758 0.0145575 -0.0653214 -79.4763 -0.0141726 0.999879 0.00635134 0.507029 0.0654059 -0.00541128 0.997844 30.3958 
0.997751 0.0177431 -0.0646323 -79.5439 -0.0173125 0.999824 0.00721714 0.50341 0.0647489 -0.00608193 0.997883 31.1656 
0.997754 0.017225 -0.0647349 -79.6077 -0.016849 0.999838 0.00634827 0.496386 0.0648337 -0.00524325 0.997882 31.9485 
0.997659 0.0167307 -0.0663123 -79.6741 -0.0163542 0.999847 0.0062168 0.489393 0.0664061 -0.00511772 0.99778 32.7279 
0.99755 0.0145925 -0.0684202 -79.7386 -0.0141655 0.999877 0.00672126 0.484301 0.0685099 -0.00573554 0.997634 33.509 
0.997313 0.016294 -0.0714264 -79.8146 -0.0158661 0.999853 0.00655224 0.477994 0.0715226 -0.00540133 0.997424 34.2954 
0.997048 0.0197339 -0.0742035 -79.8957 -0.0193242 0.999794 0.0062349 0.469388 0.0743112 -0.00478253 0.997224 35.0862 
0.996843 0.0199668 -0.0768413 -79.977 -0.0199229 0.999801 0.00133835 0.460271 0.0768527 0.00019682 0.997042 35.8824 
0.996626 0.0206553 -0.0794419 -80.0568 -0.0208922 0.999779 -0.00215215 0.45341 0.0793799 0.00380465 0.996837 36.6848 
0.996492 0.0195459 -0.0813787 -80.1418 -0.0199175 0.999795 -0.0037576 0.444555 0.0812885 0.00536531 0.996676 37.4993 
0.996317 0.0199059 -0.0834065 -80.2282 -0.0201549 0.999795 -0.0021448 0.430181 0.0833466 0.00381799 0.996513 38.3231 
0.996142 0.0184581 -0.085795 -80.3118 -0.0186363 0.999826 -0.00127757 0.416549 0.0857564 0.00287159 0.996312 39.1533 
0.996003 0.0175822 -0.0875752 -80.399 -0.0176229 0.999845 0.000307945 0.40868 0.087567 0.00123666 0.996158 39.9898 
0.995901 0.0172664 -0.0887917 -80.4919 -0.01698 0.999848 0.0039797 0.399001 0.0888469 -0.00245565 0.996042 40.8301 
0.995822 0.0168338 -0.0897475 -80.5813 -0.0161116 0.999832 0.00876532 0.39086 0.0898799 -0.00728268 0.995926 41.6849 
0.99588 0.0169285 -0.0890906 -80.6726 -0.0160081 0.999811 0.0110349 0.382545 0.0892606 -0.0095632 0.995962 42.536 
0.995998 0.019756 -0.0871703 -80.7665 -0.0188675 0.999761 0.011005 0.379465 0.0873668 -0.0093162 0.996133 43.3952 
0.996148 0.0199432 -0.0853847 -80.8558 -0.0191904 0.99977 0.0096288 0.378143 0.085557 -0.0079531 0.996302 44.2598 
0.996328 0.0173087 -0.0838547 -80.9415 -0.0167508 0.999833 0.00735133 0.373265 0.0839678 -0.00591965 0.996451 45.1244 
0.996533 0.0135984 -0.0820748 -81.0222 -0.013166 0.999897 0.00580734 0.366314 0.0821452 -0.00470657 0.996609 46.0015 
0.996704 0.0124215 -0.0801677 -81.1075 -0.0120091 0.999912 0.00562388 0.359729 0.0802305 -0.00464256 0.996766 46.8709 
0.996796 0.0101009 -0.0793521 -81.1882 -0.00948623 0.999922 0.00811889 0.350682 0.0794279 -0.00734008 0.996814 47.7478 
0.996893 0.00745451 -0.0784123 -81.2686 -0.00663108 0.99992 0.0107558 0.341044 0.0784861 -0.0102024 0.996863 48.6211 
0.996949 0.00698321 -0.0777444 -81.3509 -0.00614795 0.999921 0.0109773 0.33467 0.0778149 -0.0104658 0.996913 49.4933 
0.997023 0.00860945 -0.0766248 -81.4358 -0.00803729 0.999938 0.00777178 0.325668 0.0766869 -0.00713275 0.99703 50.3561 
0.997048 0.0109591 -0.0759934 -81.5227 -0.0108439 0.999939 0.00192718 0.315162 0.0760098 -0.00109738 0.997107 51.2181 
0.997106 0.0125656 -0.0749728 -81.6051 -0.0128604 0.999911 -0.00345074 0.301681 0.0749228 0.00440498 0.99718 52.0663 
0.997102 0.0171917 -0.074108 -81.6917 -0.0179276 0.999796 -0.00927712 0.28192 0.0739333 0.0105789 0.997207 52.9147 
0.997187 0.0171863 -0.0729633 -81.7718 -0.0179732 0.999787 -0.0101423 0.261749 0.0727734 0.0114252 0.997283 53.7691 
0.99724 0.0143419 -0.0728429 -81.8478 -0.0146828 0.999884 -0.0041477 0.246734 0.0727749 0.00520584 0.997335 54.6238 
0.997198 0.0135789 -0.0735631 -81.9228 -0.0132557 0.9999 0.00487925 0.229868 0.073622 -0.0038904 0.997279 55.4849 
0.997114 0.0126315 -0.0748572 -82.0001 -0.011712 0.999851 0.0127091 0.213948 0.0750065 -0.0117957 0.997113 56.3373 
0.996953 0.0105463 -0.0772839 -82.078 -0.00976403 0.999897 0.0104921 0.206888 0.0773866 -0.00970552 0.996954 57.1813 
0.996841 0.00534114 -0.0792377 -82.1514 -0.00479783 0.999964 0.007045 0.198902 0.0792724 -0.00664253 0.996831 58.0147 
0.99665 0.00401956 -0.0816874 -82.2345 -0.00358341 0.999979 0.00548469 0.189624 0.0817077 -0.00517355 0.996643 58.8442 
0.996416 0.00624644 -0.0843625 -82.3255 -0.00600835 0.999977 0.00307539 0.176042 0.0843797 -0.00255744 0.99643 59.6717 
0.996121 0.00776216 -0.08765 -82.4165 -0.00782009 0.999969 -0.000318077 0.163288 0.0876448 0.00100232 0.996151 60.4929 
0.995768 0.00828698 -0.0915321 -82.51 -0.00866505 0.999956 -0.00373423 0.148737 0.091497 0.0045116 0.995795 61.3055 
0.995455 0.0102753 -0.0946771 -82.6064 -0.0110519 0.999909 -0.00768246 0.130136 0.0945895 0.00869395 0.995478 62.1133 
0.995091 0.0147566 -0.097862 -82.7116 -0.0155817 0.999849 -0.00767324 0.11009 0.097734 0.00916047 0.99517 62.9241 
0.994702 0.018153 -0.101181 -82.8186 -0.0188648 0.999804 -0.00608221 0.09487 0.101051 0.00795879 0.994849 63.7297 
0.994237 0.0212582 -0.105078 -82.924 -0.0214078 0.999771 -0.000296204 0.0780698 0.105047 0.00254403 0.994464 64.5336 
0.993787 0.0218173 -0.10914 -83.0312 -0.0213526 0.999757 0.0054239 0.0619182 0.109232 -0.00305973 0.994012 65.3323 
0.99324 0.0211674 -0.114133 -83.1389 -0.0202711 0.999754 0.00900753 0.0513942 0.114295 -0.006633 0.993425 66.1259 
0.992492 0.0210276 -0.120487 -83.2519 -0.0199596 0.99975 0.0100634 0.0456534 0.120668 -0.00758292 0.992664 66.9111 
0.9918 0.0189066 -0.126394 -83.3647 -0.0173201 0.999757 0.0136392 0.040275 0.126621 -0.0113382 0.991886 67.6957 
0.990939 0.0187378 -0.133 -83.4839 -0.0170919 0.999763 0.0135061 0.0314166 0.133221 -0.0111105 0.991024 68.466 
0.990025 0.0235721 -0.13891 -83.6178 -0.022043 0.999678 0.0125361 0.025101 0.139161 -0.00934907 0.990226 69.2382 
0.989122 0.0254375 -0.144884 -83.7548 -0.0244425 0.999664 0.00864399 0.0217456 0.145055 -0.0050086 0.989411 70.0113 
0.988262 0.0240063 -0.150871 -83.8888 -0.023391 0.999709 0.00585183 0.0161017 0.150967 -0.00225408 0.988536 70.7792 
0.987411 0.0250801 -0.156176 -84.0295 -0.0246586 0.999685 0.00463608 0.00804873 0.156243 -0.000726605 0.987718 71.5488 
0.986619 0.0270999 -0.160772 -84.1767 -0.0258936 0.999619 0.0095935 0.0040282 0.160971 -0.0053021 0.986945 72.3148 
0.985624 0.0281324 -0.166597 -84.3295 -0.0262066 0.999562 0.0137467 -0.00294985 0.16691 -0.0091831 0.985929 73.0747 
0.984555 0.0274277 -0.172916 -84.4781 -0.025044 0.999559 0.0159519 -0.0114179 0.173278 -0.011375 0.984807 73.8317 
0.983382 0.0249391 -0.179828 -84.6338 -0.0231589 0.99966 0.0119923 -0.0139778 0.180066 -0.00762838 0.983625 74.5801 
0.981865 0.0233245 -0.188142 -84.7939 -0.0228213 0.999728 0.00484044 -0.0163912 0.188204 -0.000458964 0.98213 75.321 
0.980183 0.0209226 -0.196984 -84.9633 -0.0207521 0.99978 0.00292949 -0.0226345 0.197002 0.00121646 0.980402 76.0616 
0.977983 0.0204411 -0.207683 -85.1391 -0.0196465 0.99979 0.00588815 -0.0321409 0.20776 -0.00167822 0.978178 76.8005 
0.975614 0.0201381 -0.218569 -85.3239 -0.0179527 0.999767 0.0119803 -0.0347621 0.218759 -0.0077642 0.975748 77.5346 
0.972857 0.0219956 -0.23036 -85.5215 -0.0179625 0.999647 0.0195908 -0.0368353 0.230709 -0.0149212 0.972908 78.2695 
0.970159 0.0225532 -0.241417 -85.725 -0.0174729 0.999579 0.0231641 -0.0439152 0.241837 -0.0182546 0.970145 78.9914 
0.967229 0.0256838 -0.252604 -85.9407 -0.0216577 0.99959 0.0187062 -0.0487617 0.252981 -0.0126223 0.967389 79.6969 
0.96407 0.0249806 -0.264472 -86.1587 -0.023272 0.999683 0.00959204 -0.0513145 0.264628 -0.00309257 0.964346 80.4012 
0.960708 0.0225588 -0.276645 -86.3846 -0.0221576 0.999744 0.00457621 -0.048549 0.276677 0.00173342 0.960961 81.1063 
0.957175 0.0213475 -0.288721 -86.6191 -0.0194661 0.999766 0.00938632 -0.0476998 0.288854 -0.00336404 0.957367 81.8214 
0.953654 0.0225808 -0.300056 -86.8647 -0.0183723 0.999689 0.0168399 -0.0534749 0.300343 -0.0105467 0.953773 82.5385 
0.949844 0.0225967 -0.311906 -87.1219 -0.0164673 0.999616 0.0222715 -0.055556 0.312289 -0.0160181 0.949852 83.2523 
0.94572 0.0201444 -0.324357 -87.3843 -0.0143613 0.999693 0.0202136 -0.0522278 0.324664 -0.0144582 0.945719 83.9579 
0.94179 0.0183072 -0.335704 -87.6505 -0.013886 0.999782 0.0155656 -0.0512199 0.335916 -0.00999789 0.941839 84.6606 
0.938557 0.014169 -0.344834 -87.9252 -0.0118221 0.99989 0.0089077 -0.0568397 0.344923 -0.00428365 0.938621 85.3578 
0.935839 0.0101627 -0.35228 -88.2097 -0.00976762 0.999948 0.00289897 -0.0599988 0.352292 0.000728024 0.93589 86.0593 
0.933035 0.0101921 -0.359641 -88.4965 -0.0105371 0.999944 0.00100096 -0.0665489 0.359631 0.0028557 0.93309 86.7651 
0.929975 0.0151772 -0.36731 -88.8004 -0.0159986 0.999872 0.000808364 -0.0761371 0.367275 0.00512474 0.930098 87.4606 
0.92688 0.0150122 -0.375058 -89.106 -0.0149894 0.999883 0.00297833 -0.0847255 0.375059 0.00286141 0.926997 88.1597 
0.923611 0.0158151 -0.383004 -89.413 -0.0131885 0.999868 0.00948281 -0.0860544 0.383104 -0.00370711 0.923698 88.8668 
0.920758 0.0174554 -0.389744 -89.7268 -0.0115124 0.999779 0.0175792 -0.0875146 0.389965 -0.0116993 0.920755 89.5726 
0.918089 0.0273091 -0.395432 -90.0588 -0.0191935 0.999516 0.0244657 -0.0939161 0.395909 -0.0148719 0.918169 90.2686 
0.915391 0.0340083 -0.401126 -90.3928 -0.0277732 0.999386 0.0213499 -0.0940426 0.401606 -0.00840286 0.915774 90.9521 
0.913136 0.0304647 -0.406516 -90.7276 -0.0272515 0.999535 0.0136924 -0.0906583 0.406744 -0.0014248 0.913541 91.6374 
0.911129 0.0225014 -0.411507 -91.0482 -0.0219681 0.999741 0.00602609 -0.0867013 0.411536 0.00354951 0.911387 92.3244 
0.909473 0.0231914 -0.415115 -91.3872 -0.0230338 0.99972 0.00538696 -0.0884149 0.415124 0.00466244 0.909753 93.0135 
0.907201 0.0292053 -0.419682 -91.7373 -0.0272863 0.999572 0.0105761 -0.0937157 0.419811 0.00185697 0.90761 93.7098 
0.904552 0.0314826 -0.425199 -92.0818 -0.0277022 0.999503 0.0150726 -0.100241 0.425462 -0.00185492 0.904975 94.4088 
0.902323 0.0280173 -0.43015 -92.4267 -0.0247175 0.999607 0.0132583 -0.109095 0.430352 -0.00133097 0.90266 95.0985 
0.899932 0.0261664 -0.435245 -92.7775 -0.0257205 0.999645 0.00691658 -0.11402 0.435271 0.00497029 0.900286 95.7824 
0.897636 0.0236022 -0.440106 -93.1322 -0.0261192 0.999659 0.000337554 -0.117762 0.439964 0.0111923 0.897946 96.4688 
0.895282 0.0244629 -0.444828 -93.4953 -0.0277766 0.999614 -0.000931762 -0.126144 0.444634 0.0131901 0.895615 97.1535 
0.89325 0.0274257 -0.448723 -93.8641 -0.0289596 0.999575 0.0034448 -0.139495 0.448627 0.00991784 0.893664 97.8432 
0.891176 0.0290321 -0.452729 -94.2335 -0.0297174 0.999543 0.00560028 -0.149499 0.452684 0.00846314 0.891631 98.5243 
0.888695 0.0301464 -0.457507 -94.6019 -0.0306017 0.999511 0.00641738 -0.160252 0.457477 0.00829747 0.889183 99.2122 
0.886416 0.0281791 -0.462032 -94.9726 -0.028853 0.999568 0.00560809 -0.168618 0.46199 0.00835996 0.886846 99.8902 
0.884227 0.0261855 -0.466322 -95.3422 -0.0270372 0.999623 0.0048647 -0.176283 0.466274 0.00830661 0.884602 100.565 
0.882027 0.0256381 -0.470501 -95.7162 -0.0261939 0.999643 0.00536699 -0.184845 0.470471 0.00759048 0.882383 101.233 
0.879635 0.0269131 -0.474888 -96.0936 -0.0273416 0.999608 0.00600537 -0.194858 0.474863 0.00770172 0.880026 101.895 
0.877321 0.0274145 -0.47912 -96.4731 -0.0279194 0.999592 0.00607154 -0.206129 0.479091 0.00805008 0.877728 102.552 
0.874895 0.0243388 -0.483701 -96.847 -0.0266713 0.999642 0.00205808 -0.218068 0.483578 0.0111004 0.875231 103.202 
0.872584 0.0210735 -0.48801 -97.222 -0.0255052 0.999672 -0.00243622 -0.2298 0.487798 0.0145726 0.872835 103.84 
0.870417 0.0194539 -0.49193 -97.5978 -0.025191 0.99967 -0.00503967 -0.24147 0.49167 0.0167789 0.87062 104.48 
0.868485 0.0211333 -0.495265 -97.9771 -0.0251188 0.999684 -0.00139061 -0.250865 0.495078 0.0136482 0.868741 105.113 
0.866522 0.0250935 -0.498507 -98.3573 -0.0247039 0.999668 0.00737932 -0.261339 0.498527 0.00592078 0.866854 105.747 
0.865023 0.0271445 -0.500997 -98.7366 -0.0216259 0.999625 0.0168212 -0.269437 0.501266 -0.00371615 0.865285 106.378 
0.863443 0.026663 -0.503741 -99.1066 -0.0183341 0.999601 0.0214829 -0.275049 0.504113 -0.00931357 0.863588 106.992 
0.861887 0.0236509 -0.506549 -99.4707 -0.0152076 0.999668 0.020799 -0.273891 0.506873 -0.0102229 0.86196 107.585 
0.86023 0.0218039 -0.50944 -99.8315 -0.0151365 0.999737 0.0172293 -0.273263 0.509682 -0.00710997 0.860334 108.161 
0.858585 0.0199631 -0.512282 -100.182 -0.0146626 0.999789 0.0143863 -0.275737 0.512461 -0.00484048 0.858697 108.722 
0.857112 0.0181407 -0.514811 -100.527 -0.0132374 0.999825 0.0131924 -0.278713 0.51496 -0.00449261 0.857202 109.269 
0.855951 0.0166018 -0.51679 -100.861 -0.0116579 0.99985 0.012811 -0.281965 0.516925 -0.00494085 0.856016 109.8 
0.854519 0.0170035 -0.519141 -101.187 -0.0114794 0.999838 0.0138523 -0.287814 0.519293 -0.00587752 0.854576 110.312 
0.853258 0.0166742 -0.521222 -101.503 -0.0101365 0.99983 0.0153914 -0.294193 0.52139 -0.0078494 0.853282 110.808 
0.851904 0.0154306 -0.52347 -101.811 -0.00827575 0.999838 0.0160046 -0.298011 0.523632 -0.00930221 0.851894 111.285 
0.850431 0.0138993 -0.525904 -102.101 -0.00637333 0.99985 0.0161191 -0.30076 0.526049 -0.0103564 0.850391 111.75 
0.849216 0.0126022 -0.527895 -102.383 -0.00552354 0.999873 0.0149839 -0.303844 0.528016 -0.00980867 0.849178 112.185 
0.847996 0.012628 -0.529853 -102.66 -0.00768 0.999904 0.0115393 -0.311974 0.529948 -0.00571599 0.848011 112.598 
0.846255 0.0100111 -0.532683 -102.919 -0.00713167 0.999947 0.00746286 -0.317206 0.53273 -0.00251652 0.846282 112.999 
0.844123 0.00630414 -0.536112 -103.173 -0.00400652 0.999977 0.00545029 -0.323602 0.536134 -0.00245272 0.844129 113.377 
0.841431 0.00213559 -0.540361 -103.415 0.00112295 0.999983 0.00570066 -0.323782 0.540364 -0.00540345 0.841414 113.751 
0.837829 0.00293842 -0.545925 -103.65 0.000966142 0.999976 0.00686501 -0.324751 0.545932 -0.00627909 0.837806 114.105 
0.833889 0.00643524 -0.551894 -103.883 -0.00202018 0.999961 0.00860738 -0.329907 0.551928 -0.00606262 0.83387 114.437 
0.83014 0.012295 -0.557419 -104.111 -0.0060676 0.999897 0.0130184 -0.33359 0.557522 -0.00742487 0.830129 114.75 
0.826069 0.0175942 -0.563294 -104.327 -0.00785909 0.999775 0.019702 -0.333879 0.563514 -0.0118482 0.826021 115.047 
0.821355 0.0192102 -0.570094 -104.535 -0.00682875 0.999692 0.0238477 -0.337152 0.570377 -0.0156943 0.821233 115.327 
0.815655 0.0163885 -0.578307 -104.719 -0.00241169 0.999686 0.0249283 -0.336448 0.578534 -0.0189381 0.815439 115.592 
0.808501 0.0142034 -0.588323 -104.899 0.0011051 0.99967 0.0256528 -0.335332 0.588493 -0.0213904 0.808219 115.838 
0.799734 0.0127793 -0.600218 -105.08 0.00409175 0.999634 0.0267352 -0.334873 0.60034 -0.0238369 0.79939 116.065 
0.789433 0.0134256 -0.61369 -105.257 0.0045064 0.999607 0.0276651 -0.338983 0.61382 -0.0246052 0.789062 116.27 
0.777278 0.0147218 -0.628985 -105.439 0.00294956 0.99963 0.0270419 -0.338095 0.62915 -0.0228743 0.776947 116.46 
0.763092 0.0132764 -0.646153 -105.607 0.00320694 0.999699 0.0243279 -0.340777 0.646282 -0.0206366 0.76282 116.637 
0.748246 0.0108353 -0.663333 -105.777 0.00244839 0.999815 0.0190934 -0.343246 0.663417 -0.0159106 0.748081 116.798 
0.73319 0.00715587 -0.679987 -105.941 0.00280177 0.999904 0.0135435 -0.342095 0.680019 -0.0118351 0.733099 116.946 
0.717554 0.00725224 -0.696465 -106.104 -0.00109093 0.999956 0.00928847 -0.339741 0.696502 -0.00590513 0.717531 117.087 
0.701593 0.0107097 -0.712498 -106.277 -0.00839198 0.999942 0.00676681 -0.335673 0.712529 0.00123178 0.701642 117.22 
0.684094 0.0125354 -0.729287 -106.451 -0.0109381 0.999916 0.0069269 -0.335038 0.729312 0.00323838 0.684173 117.355 
0.665169 0.0111092 -0.74661 -106.624 -0.00782998 0.999938 0.00790269 -0.330255 0.746652 0.000589369 0.665215 117.49 
0.644797 0.00984434 -0.76429 -106.802 -0.00473691 0.999949 0.00888337 -0.322822 0.764339 -0.00210754 0.644811 117.625 
0.622548 0.0115332 -0.782497 -106.991 -0.00467152 0.999928 0.0110212 -0.320187 0.782568 -0.00320574 0.622557 117.744 
0.598333 0.0158251 -0.801091 -107.185 -0.00819802 0.999874 0.0136289 -0.313386 0.801206 -0.00158718 0.598387 117.854 
0.573719 0.0198491 -0.818812 -107.384 -0.0103831 0.999802 0.0169614 -0.30963 0.818986 -0.00122921 0.573812 117.956 
0.548086 0.0226877 -0.836114 -107.584 -0.0120583 0.999743 0.0192233 -0.306529 0.836335 -0.00045385 0.548218 118.055 
0.521905 0.025602 -0.85262 -107.788 -0.015246 0.99967 0.0206851 -0.301684 0.852868 0.00220347 0.522123 118.146 
0.495275 0.0296839 -0.868229 -107.999 -0.0192875 0.999545 0.023171 -0.298922 0.868522 0.00527004 0.495623 118.222 
0.467138 0.0326953 -0.88358 -108.206 -0.021356 0.999442 0.0256919 -0.30035 0.883926 0.00686809 0.467576 118.299 
0.437358 0.0319849 -0.898719 -108.418 -0.0201653 0.999465 0.0257571 -0.298583 0.899062 0.00685792 0.437769 118.372 
0.404983 0.0288234 -0.91387 -108.645 -0.0200966 0.999542 0.0226197 -0.295705 0.914103 0.00920511 0.405377 118.439 
0.370489 0.0241748 -0.928522 -108.89 -0.0195238 0.999643 0.0182363 -0.287755 0.928632 0.011372 0.370829 118.5 
0.331488 0.0217621 -0.943208 -109.154 -0.0191888 0.999683 0.0163213 -0.280554 0.943264 0.0126888 0.331801 118.555 
0.289941 0.0206074 -0.956823 -109.439 -0.0185796 0.999701 0.0159008 -0.272343 0.956864 0.0131671 0.290237 118.605 
0.246537 0.0185238 -0.968956 -109.741 -0.0177565 0.999736 0.0145943 -0.262583 0.968971 0.0136073 0.246801 118.641 
0.199416 0.0157927 -0.979788 -110.06 -0.0163144 0.999785 0.0127945 -0.254684 0.979779 0.0134332 0.19963 118.667 
0.150579 0.0134776 -0.988506 -110.391 -0.0158911 0.999811 0.011211 -0.243023 0.98847 0.0140204 0.150764 118.674 
0.100386 0.0131871 -0.994861 -110.742 -0.0152415 0.999815 0.0117148 -0.236902 0.994832 0.0139872 0.100569 118.667 
0.0481187 0.0145904 -0.998735 -111.11 -0.0141085 0.999804 0.0139263 -0.231622 0.998742 0.0134206 0.0483151 118.646 
-0.00537687 0.0164619 -0.99985 -111.494 -0.0111119 0.999802 0.0165209 -0.220059 0.999924 0.0111991 -0.00519288 118.61 
-0.0589744 0.0185841 -0.998087 -111.878 -0.00729713 0.999792 0.019047 -0.215797 0.998233 0.00840649 -0.0588266 118.548 
-0.112703 0.0200838 -0.993426 -112.273 -0.00339382 0.999782 0.0205973 -0.207293 0.993623 0.00569293 -0.112611 118.467 
-0.165589 0.0218211 -0.985953 -112.681 -0.000515011 0.999753 0.0222131 -0.200587 0.986195 0.00418606 -0.165537 118.358 
-0.216851 0.0233522 -0.975925 -113.096 0.0016311 0.999721 0.0235591 -0.192318 0.976203 0.00351703 -0.216828 118.224 
-0.26622 0.0245094 -0.963601 -113.516 0.0047224 0.999698 0.0241228 -0.181572 0.963901 0.00187151 -0.266255 118.067 
-0.314383 0.0261901 -0.948935 -113.946 0.00976015 0.999656 0.0243564 -0.17382 0.949246 -0.00160445 -0.314531 117.888 
-0.360884 0.0277358 -0.932198 -114.379 0.0145332 0.999604 0.0241151 -0.166733 0.932498 -0.00484506 -0.361144 117.683 
-0.40491 0.0297309 -0.913873 -114.818 0.0191859 0.999527 0.0240168 -0.159653 0.914155 -0.00780876 -0.405289 117.448 
