1 2.12261e-08 -2.11895e-08 0 2.12261e-08 1 2.10703e-08 0 -2.11895e-08 2.10703e-08 1 0 
0.999998 0.000681443 0.00167524 -0.00722119 -0.000679846 0.999999 -0.000928509 -0.00623431 -0.00167591 0.000927411 0.999998 0.448855 
0.999991 0.00211406 0.00356412 -0.0155474 -0.00210714 0.999996 -0.00193334 -0.0116418 -0.00356824 0.00192585 0.999992 0.912491 
0.99998 0.00338546 0.00533892 -0.0240225 -0.0033715 0.999991 -0.00261449 -0.0171477 -0.00534776 0.00259648 0.999982 1.39015 
0.99997 0.00351123 0.00684755 -0.0300593 -0.00349257 0.99999 -0.00273 -0.0232344 -0.00685711 0.00270604 0.999973 1.87751 
0.99996 0.00309853 0.0084107 -0.0327786 -0.00307753 0.999992 -0.00250412 -0.0308067 -0.00841843 0.00247818 0.999962 2.3801 
0.999943 0.00261325 0.0103108 -0.0344262 -0.00260037 0.999996 -0.00125846 -0.039989 -0.0103141 0.00123161 0.999946 2.88951 
0.999926 0.00257951 0.0119076 -0.036478 -0.00258273 0.999997 0.000258598 -0.046621 -0.0119069 -0.000289291 0.999929 3.40418 
0.999915 0.00293173 0.0127308 -0.0391642 -0.00294901 0.999995 0.00134234 -0.0543886 -0.0127269 -0.00137973 0.999918 3.91718 
0.999904 0.00362629 0.0133559 -0.0423233 -0.00364339 0.999993 0.00125985 -0.062161 -0.0133513 -0.00130835 0.99991 4.43243 
0.999887 0.00420487 0.0144097 -0.0473805 -0.00421841 0.999991 0.00091286 -0.0710904 -0.0144058 -0.000973501 0.999896 4.94623 
0.999874 0.00450298 0.015208 -0.049982 -0.00451387 0.99999 0.000684175 -0.0776497 -0.0152048 -0.000752694 0.999884 5.46711 
0.999862 0.00545296 0.0156858 -0.0504645 -0.00545328 0.999985 -1.97581e-05 -0.0858865 -0.0156857 -6.57419e-05 0.999877 5.99338 
0.999845 0.00607058 0.0165068 -0.0510068 -0.0060616 0.999981 -0.000591767 -0.0948496 -0.0165101 0.000491659 0.999864 6.52554 
0.999822 0.00702423 0.0175389 -0.0518809 -0.00701188 0.999975 -0.000762754 -0.10405 -0.0175439 0.000639679 0.999846 7.05969 
0.999808 0.00738728 0.0181309 -0.0506807 -0.00736359 0.999972 -0.0013707 -0.111288 -0.0181405 0.00123697 0.999835 7.60274 
0.999772 0.00867333 0.0195249 -0.0512387 -0.00863973 0.999961 -0.00180226 -0.120327 -0.0195398 0.0016332 0.999808 8.15196 
0.999702 0.00993751 0.0222944 -0.0483675 -0.00989769 0.999949 -0.00189386 -0.128323 -0.0223121 0.00167267 0.99975 8.71177 
0.99961 0.0102877 0.0259514 -0.0411026 -0.0102342 0.999945 -0.00218967 -0.137217 -0.0259725 0.00192326 0.999661 9.2763 
0.99949 0.0107166 0.0300743 -0.0333566 -0.0106441 0.99994 -0.00256989 -0.147347 -0.0301001 0.00224851 0.999544 9.84439 
0.999326 0.0105657 0.0351584 -0.0250671 -0.0104616 0.99994 -0.00314403 -0.158581 -0.0351895 0.00277414 0.999377 10.4298 
0.999098 0.0108172 0.0410525 -0.00798856 -0.0106964 0.999938 -0.00316006 -0.168312 -0.0410841 0.00271813 0.999152 11.0173 
0.998845 0.0101652 0.0469637 0.0151625 -0.010054 0.999946 -0.00260287 -0.178709 -0.0469877 0.00212773 0.998893 11.6133 
0.998539 0.0105436 0.0529946 0.039447 -0.0103857 0.999941 -0.00325458 -0.188954 -0.0530258 0.00269948 0.99859 12.2151 
0.998198 0.0084055 0.059413 0.0688129 -0.00817244 0.999958 -0.00416387 -0.199638 -0.0594455 0.00367086 0.998225 12.8214 
0.997821 0.00756149 0.0655416 0.101457 -0.00727141 0.999963 -0.00466261 -0.207841 -0.0655745 0.00417591 0.997839 13.448 
0.997368 0.0102053 0.0717786 0.138284 -0.00976187 0.999931 -0.00652551 -0.220933 -0.0718403 0.00580769 0.997399 14.0814 
0.996851 0.014056 0.078038 0.172589 -0.013347 0.999865 -0.00959869 -0.236223 -0.0781624 0.00852693 0.996904 14.7311 
0.996428 0.0110559 0.0837241 0.223308 -0.0102806 0.9999 -0.00968596 -0.24717 -0.0838229 0.00879066 0.996442 15.3996 
0.996091 0.00365254 0.0882635 0.292126 -0.00304812 0.999971 -0.00698122 -0.255271 -0.0882865 0.00668493 0.996073 16.0899 
0.995655 -0.00212578 0.0930974 0.356905 0.00245472 0.999991 -0.0034184 -0.265109 -0.0930894 0.00363212 0.995651 16.7916 
0.995251 -0.00121389 0.0973313 0.413262 0.0012134 0.999999 6.4622e-05 -0.277404 -0.0973313 5.38268e-05 0.995252 17.5068 
0.995057 -0.00249256 0.0992779 0.478593 0.00249587 0.999997 9.12799e-05 -0.286246 -0.0992778 0.000156996 0.99506 18.2394 
0.995028 -0.00627847 0.0993995 0.5484 0.00649377 0.999977 -0.00184218 -0.289592 -0.0993857 0.00247854 0.995046 18.9814 
0.99515 -0.0124922 0.0975692 0.616902 0.0129221 0.999909 -0.00377507 -0.294939 -0.0975133 0.0050176 0.995222 19.7351 
0.995581 -0.0150065 0.0927051 0.675486 0.0154657 0.999871 -0.00423704 -0.305818 -0.0926297 0.0056521 0.995685 20.5046 
0.996247 -0.0145164 0.0853322 0.723494 0.0149421 0.999879 -0.00435145 -0.317052 -0.0852587 0.0056102 0.996343 21.2876 
0.996996 -0.0143023 0.0761231 0.764839 0.0145434 0.999891 -0.00261352 -0.326141 -0.0760775 0.00371279 0.997095 22.0858 
0.997683 -0.0146759 0.066437 0.801019 0.0147407 0.999891 -0.000483873 -0.336442 -0.0664228 0.00146212 0.997791 22.9022 
0.998268 -0.0135011 0.0572533 0.829039 0.0133771 0.999907 0.00254989 -0.347725 -0.0572824 -0.00177956 0.998356 23.7338 
0.998704 -0.0129018 0.0492414 0.851947 0.012685 0.999908 0.00471338 -0.357844 -0.0492977 -0.00408261 0.998776 24.5713 
0.999037 -0.0113985 0.0423719 0.86617 0.011167 0.999921 0.00569852 -0.367394 -0.0424335 -0.00521983 0.999086 25.412 
0.999269 -0.0103625 0.0368035 0.878117 0.0101424 0.99993 0.00616275 -0.375097 -0.0368648 -0.00578493 0.999304 26.2491 
0.999458 -0.0091865 0.0316266 0.883995 0.00899684 0.999941 0.00613527 -0.382944 -0.0316811 -0.00584736 0.999481 27.0887 
0.999608 -0.00884315 0.0265692 0.886695 0.00868694 0.999944 0.00599083 -0.393884 -0.0266208 -0.00575763 0.999629 27.9244 
0.999722 -0.00881698 0.0218533 0.887353 0.00869606 0.999946 0.00562382 -0.404326 -0.0219017 -0.00543218 0.999745 28.7637 
0.999817 -0.00773308 0.017475 0.883352 0.00762251 0.999951 0.00638707 -0.416636 -0.0175236 -0.00625266 0.999827 29.6003 
0.999886 -0.00609407 0.0138304 0.875891 0.00599701 0.999957 0.00705117 -0.426128 -0.0138728 -0.00696738 0.99988 30.4278 
0.99993 -0.00380903 0.0112448 0.865463 0.00371969 0.999961 0.00795914 -0.436738 -0.0112747 -0.00791671 0.999905 31.2574 
0.999951 -0.00228742 0.0096362 0.856592 0.00221246 0.999967 0.00778749 -0.446607 -0.00965374 -0.00776575 0.999923 32.0838 
0.999961 -0.00131148 0.0087941 0.846812 0.00124595 0.999971 0.00745836 -0.457589 -0.00880367 -0.00744707 0.999934 32.9047 
0.999968 0.000583656 0.00801262 0.834544 -0.000633486 0.99998 0.00622312 -0.470633 -0.00800887 -0.00622795 0.999949 33.7135 
0.999968 0.00305267 0.00734091 0.821127 -0.00309676 0.999977 0.00600737 -0.481095 -0.00732245 -0.00602987 0.999955 34.5198 
0.999967 0.00469724 0.00667744 0.807598 -0.00474102 0.999967 0.00656227 -0.491625 -0.00664644 -0.00659367 0.999956 35.3145 
0.999959 0.00669081 0.00610603 0.794915 -0.00673473 0.999951 0.00720771 -0.505428 -0.00605755 -0.00724849 0.999955 36.0963 
0.999954 0.00777683 0.00554612 0.784264 -0.00781754 0.999942 0.00736309 -0.517944 -0.00548858 -0.00740607 0.999958 36.8647 
0.999938 0.00997105 0.00497857 0.769797 -0.0100072 0.999923 0.0072927 -0.528779 -0.00490552 -0.00734203 0.999961 37.6218 
0.999917 0.011926 0.0048929 0.757431 -0.0119633 0.999899 0.00766512 -0.538588 -0.00480104 -0.00772298 0.999959 38.3654 
0.999879 0.0146036 0.0053034 0.741906 -0.0146438 0.999864 0.00762011 -0.547574 -0.00519144 -0.00769681 0.999957 39.0938 
0.999815 0.0179235 0.00698437 0.725187 -0.0179765 0.99981 0.00759666 -0.557083 -0.00684693 -0.00772077 0.999947 39.808 
0.999753 0.0200242 0.00966644 0.720686 -0.020085 0.999779 0.00624489 -0.566371 -0.00953929 -0.00643746 0.999934 40.5108 
0.999679 0.0213801 0.0135709 0.714579 -0.0214545 0.999755 0.00536579 -0.577734 -0.0134529 -0.00565518 0.999894 41.1976 
0.999605 0.0210067 0.0186874 0.715692 -0.0211151 0.999761 0.00562306 -0.589153 -0.0185648 -0.00601538 0.99981 41.8792 
0.999467 0.0220683 0.0240416 0.71937 -0.0222167 0.999736 0.0059252 -0.599126 -0.0239045 -0.00645612 0.999693 42.5467 
0.999296 0.0223035 0.0301713 0.73103 -0.0225022 0.999727 0.00626568 -0.606469 -0.0300234 -0.00694015 0.999525 43.1963 
0.999052 0.0217274 0.0377115 0.743245 -0.0220022 0.999734 0.0068895 -0.618031 -0.0375518 -0.00771267 0.999265 43.8297 
0.998683 0.0219446 0.0463818 0.76356 -0.0222822 0.999729 0.00677419 -0.626612 -0.0462206 -0.00779871 0.998901 44.4502 
0.998133 0.0225083 0.0567751 0.790594 -0.0229206 0.999715 0.00662244 -0.63659 -0.0566099 -0.00791135 0.998365 45.0574 
0.997386 0.0220868 0.0687927 0.827993 -0.0225905 0.999723 0.00655321 -0.647352 -0.0686289 -0.0080901 0.997609 45.6555 
0.996466 0.0209755 0.0813355 0.873323 -0.0215735 0.999746 0.00648097 -0.653239 -0.081179 -0.00821272 0.996666 46.2427 
0.995344 0.0203085 0.094226 0.928596 -0.0209716 0.999762 0.00605275 -0.662668 -0.0940807 -0.00800059 0.995532 46.8169 
0.993824 0.0201095 0.109128 0.987215 -0.0208903 0.999764 0.0060166 -0.67079 -0.108982 -0.00825912 0.994009 47.3796 
0.991877 0.0199596 0.125625 1.05594 -0.0209243 0.999761 0.00636467 -0.679699 -0.125468 -0.00894154 0.992057 47.9304 
0.989457 0.0225137 0.143067 1.13035 -0.0235732 0.999706 0.00571499 -0.68751 -0.142897 -0.00902724 0.989697 48.4697 
0.986271 0.0209254 0.163804 1.22219 -0.0220428 0.999745 0.00500701 -0.696882 -0.163658 -0.00854894 0.98648 48.9947 
0.982056 0.0243897 0.187008 1.31462 -0.0255998 0.999664 0.00405827 -0.706183 -0.186847 -0.00877278 0.98235 49.5041 
0.976916 0.0232672 0.212354 1.43074 -0.0242013 0.999706 0.00180019 -0.717448 -0.21225 -0.00689783 0.977191 50.0057 
0.9708 0.0224187 0.238841 1.55983 -0.0228256 0.999739 -0.00106226 -0.725264 -0.238803 -0.00442041 0.971058 50.4886 
0.963484 0.0214455 0.266906 1.70015 -0.0212295 0.999768 -0.00369501 -0.735017 -0.266923 -0.00210616 0.963715 50.9517 
0.954822 0.0190161 0.296569 1.85252 -0.0184907 0.999819 -0.00457668 -0.747538 -0.296602 -0.00111382 0.955001 51.4005 
0.944679 0.0215269 0.32729 2.01529 -0.020301 0.999768 -0.00716141 -0.754003 -0.327369 0.000120926 0.944897 51.8352 
0.933081 0.022079 0.358989 2.17904 -0.0210441 0.999756 -0.00679072 -0.76818 -0.359051 -0.00121826 0.933317 52.2502 
0.920032 0.0214528 0.391256 2.3576 -0.0209744 0.999765 -0.0054967 -0.780976 -0.391282 -0.00314918 0.920265 52.6481 
0.904945 0.0205031 0.425034 2.5521 -0.0204738 0.99978 -0.00463708 -0.797252 -0.425035 -0.00450572 0.905166 53.033 
0.887782 0.0199971 0.45983 2.75172 -0.0199566 0.999789 -0.00494908 -0.808952 -0.459831 -0.0047829 0.887993 53.3956 
0.868486 0.0196468 0.495324 2.96073 -0.0192062 0.999798 -0.00598068 -0.822662 -0.495342 -0.00431915 0.868688 53.7363 
0.847172 0.0187915 0.530987 3.17838 -0.0173479 0.99982 -0.00770533 -0.833382 -0.531036 -0.00268375 0.847345 54.0553 
0.823858 0.0174697 0.566527 3.40933 -0.0148649 0.999847 -0.00921478 -0.844153 -0.566601 -0.000829671 0.823992 54.3595 
0.798449 0.0144977 0.601888 3.65325 -0.0111127 0.999895 -0.0093426 -0.856966 -0.60196 0.000770991 0.798526 54.6495 
0.770394 0.0106378 0.637479 3.91276 -0.008078 0.999943 -0.00692402 -0.870246 -0.637517 0.000184694 0.770437 54.9301 
0.740562 0.00599948 0.671961 4.1838 -0.00539897 0.999981 -0.00297792 -0.879845 -0.671967 -0.00142254 0.74058 55.1985 
0.708345 0.002421 0.705862 4.46186 -0.0039988 0.999992 0.000583125 -0.886158 -0.705855 -0.00323564 0.708349 55.4513 
0.673198 5.87814e-05 0.739463 4.7482 -0.00490984 0.999978 0.00439043 -0.890556 -0.739446 -0.00658625 0.673183 55.6862 
0.635535 -0.00356537 0.772064 5.04426 -0.00340103 0.999967 0.0074175 -0.897937 -0.772064 -0.00733987 0.635502 55.9035 
0.596523 -0.00722689 0.802563 5.35025 -0.000647872 0.999955 0.00948596 -0.904383 -0.802596 -0.00617854 0.596492 56.0943 
0.554322 -0.00933127 0.83225 5.66602 0.00283452 0.999953 0.00932369 -0.906523 -0.832298 -0.00280928 0.554322 56.2706 
0.509598 -0.00823038 0.860373 5.99753 0.00407735 0.999966 0.00715078 -0.910138 -0.860403 -0.000135966 0.509614 56.4376 
0.462739 -0.00604725 0.886474 6.34608 0.00178523 0.999981 0.00588972 -0.921161 -0.886493 -0.00114283 0.462741 56.5968 
0.413548 -0.00309663 0.910477 6.70764 -0.00203182 0.999989 0.004324 -0.922188 -0.91048 -0.0036381 0.413537 56.742 
0.3635 -0.000591943 0.931594 7.09211 -0.00735149 0.999967 0.00350393 -0.925744 -0.931565 -0.00812228 0.363484 56.8773 
0.313547 -0.000118183 0.949573 7.48917 -0.00968274 0.999948 0.00332172 -0.928498 -0.949523 -0.010236 0.313529 56.9873 
0.265248 -0.000312031 0.96418 7.90263 -0.00802264 0.999965 0.00253071 -0.931851 -0.964147 -0.00840653 0.265236 57.0751 
0.220186 -0.00122118 0.975457 8.33167 -0.00686461 0.999973 0.00280144 -0.936391 -0.975434 -0.00731296 0.220172 57.1456 
0.178452 -0.00312798 0.983944 8.78595 -0.00683614 0.999967 0.00441879 -0.936681 -0.983925 -0.00751492 0.178425 57.2103 
0.139669 -0.00550523 0.990183 9.26233 -0.00706369 0.999954 0.00655595 -0.939148 -0.990173 -0.00791 0.139624 57.2617 
0.10324 -0.00728244 0.99463 9.7583 -0.00797744 0.999935 0.00814936 -0.941863 -0.994625 -0.00877593 0.103175 57.3012 
0.0705682 -0.00853226 0.997471 10.2768 -0.00704394 0.999934 0.00905172 -0.943508 -0.997482 -0.00766488 0.0705035 57.3247 
0.0412264 -0.00917993 0.999108 10.813 -0.00674844 0.999932 0.00946601 -0.945615 -0.999127 -0.00713266 0.0411617 57.3337 
0.0148328 -0.00690651 0.999866 11.3697 -0.00923138 0.999933 0.00704396 -0.943152 -0.999847 -0.00933462 0.0147681 57.3385 
-0.00773152 -0.00451415 0.99996 11.9457 -0.0133685 0.999901 0.00441057 -0.9421 -0.999881 -0.0133339 -0.0077911 57.337 
-0.0273955 -0.00382149 0.999617 12.5401 -0.0135313 0.999903 0.00345178 -0.944803 -0.999533 -0.0134315 -0.0274446 57.3224 
-0.0445178 -0.00319035 0.999004 13.1566 -0.0096205 0.99995 0.00276471 -0.94633 -0.998962 -0.00948784 -0.0445462 57.2882 
-0.0603579 -0.00347195 0.998171 13.7944 -0.00727552 0.999969 0.00303831 -0.948629 -0.99815 -0.00707883 -0.0603813 57.2497 
-0.0757635 -0.00457076 0.997115 14.4497 -0.00806976 0.99996 0.00397067 -0.952211 -0.997093 -0.00774565 -0.0757974 57.2053 
-0.0904419 -0.00356513 0.995895 15.1237 -0.00721877 0.99997 0.00292419 -0.956572 -0.995876 -0.00692468 -0.0904649 57.1497 
-0.102672 -0.00178301 0.994714 15.8181 -0.00536167 0.999985 0.00123908 -0.960864 -0.994701 -0.00520611 -0.10268 57.0809 
-0.112387 0.000794436 0.993664 16.5246 0.00175339 0.999998 -0.000601146 -0.965958 -0.993663 0.00167472 -0.112388 57.002 
-0.118224 0.00351609 0.992981 17.2473 0.00933121 0.999954 -0.00242977 -0.971759 -0.992943 0.00897845 -0.118252 56.913 
-0.120381 0.00340586 0.992722 17.9925 0.0140583 0.9999 -0.00172568 -0.981551 -0.992628 0.0137482 -0.120417 56.8241 
-0.120246 0.00184201 0.992742 18.7533 0.014851 0.99989 -5.63907e-05 -0.988454 -0.992633 0.0147365 -0.12026 56.7432 
-0.117427 0.00112026 0.993081 19.5331 0.0183917 0.99983 0.00104689 -0.99292 -0.992911 0.0183874 -0.117428 56.663 
-0.113034 3.06122e-06 0.993591 20.3251 0.0201636 0.999794 0.00229083 -1.00452 -0.993387 0.0202933 -0.113011 56.586 
-0.108651 0.000839702 0.99408 21.1229 0.0186788 0.999825 0.00119705 -1.01252 -0.993904 0.0186983 -0.108648 56.5159 
-0.104509 0.00177095 0.994522 21.9299 0.0183369 0.999832 0.000146551 -1.02237 -0.994355 0.0182517 -0.104524 56.4498 
-0.100005 0.00110828 0.994986 22.7366 0.0231526 0.999731 0.00121351 -1.0322 -0.994718 0.0231579 -0.100004 56.3787 
-0.0962198 -0.00102848 0.99536 23.5472 0.028853 0.999576 0.00382205 -1.04367 -0.994942 0.0290869 -0.0961493 56.3063 
-0.0925342 -0.00444236 0.9957 24.3618 0.0313501 0.999481 0.00737276 -1.05195 -0.995216 0.0318976 -0.0923469 56.2423 
-0.088033 -0.00806196 0.996085 25.1741 0.0342482 0.999352 0.0111153 -1.05876 -0.995529 0.0350926 -0.0876998 56.1845 
-0.0825708 -0.0109366 0.996525 25.9851 0.0349773 0.999292 0.0138652 -1.0654 -0.995971 0.0360007 -0.0821298 56.1304 
-0.078351 -0.0123552 0.996849 26.7947 0.0327557 0.999351 0.0149608 -1.06944 -0.996388 0.0338247 -0.0778955 56.0853 
-0.0743924 -0.013946 0.997132 27.6027 0.0262062 0.99953 0.0159347 -1.07052 -0.996885 0.0273165 -0.073992 56.05 
-0.0701154 -0.0173433 0.997388 28.4173 0.0202731 0.999618 0.0188073 -1.06963 -0.997333 0.0215388 -0.069737 56.0205 
-0.065761 -0.0187978 0.997658 29.23 0.0178279 0.999641 0.0200103 -1.06977 -0.997676 0.019102 -0.0654023 55.9893 
-0.0617035 -0.0149651 0.997982 30.0407 0.0187194 0.999694 0.0161482 -1.07457 -0.997919 0.0196781 -0.0614045 55.9569 
-0.058258 -0.00716088 0.998276 30.8496 0.0198559 0.999768 0.00833039 -1.07559 -0.998104 0.020307 -0.0581023 55.9238 
-0.0557092 -0.0010191 0.998447 31.6703 0.0183594 0.999829 0.00204493 -1.07702 -0.998278 0.0184448 -0.0556809 55.898 
-0.053608 -0.00166514 0.998561 32.4963 0.017714 0.99984 0.0026183 -1.08284 -0.998405 0.0178289 -0.0535699 55.8651 
-0.0522147 -0.00547869 0.998621 33.3263 0.0206658 0.999765 0.00656556 -1.09275 -0.998422 0.0209801 -0.0520892 55.8314 
-0.0510777 -0.00563495 0.998679 34.1563 0.0214812 0.999747 0.00673968 -1.10252 -0.998464 0.0217971 -0.0509437 55.7969 
-0.0511115 -0.00324106 0.998688 34.9817 0.0195322 0.9998 0.00424434 -1.1135 -0.998502 0.0197235 -0.0510379 55.774 
-0.0511359 -0.00208709 0.99869 35.8156 0.0123931 0.99992 0.00272427 -1.12335 -0.998615 0.0125161 -0.0511059 55.7552 
-0.0522295 -0.00296304 0.998631 36.663 0.010709 0.999936 0.00352705 -1.12921 -0.998578 0.0108786 -0.0521944 55.7282 
-0.0533489 -0.00390774 0.998568 37.5173 0.01094 0.99993 0.00449758 -1.14046 -0.998516 0.0111642 -0.0533024 55.6964 
-0.0549463 -6.50732e-05 0.998489 38.3677 0.0105571 0.999944 0.000646157 -1.15166 -0.998434 0.0105766 -0.0549425 55.6659 
-0.0563428 0.00404433 0.998403 39.2249 0.0111447 0.999932 -0.00342156 -1.16084 -0.998349 0.0109342 -0.056384 55.6333 
-0.056973 0.00687389 0.998352 40.0972 0.0126122 0.999902 -0.00616478 -1.17048 -0.998296 0.0122402 -0.0570541 55.5964 
-0.0580395 0.00788304 0.998283 40.9785 0.0154603 0.999856 -0.00699657 -1.1895 -0.998195 0.0150277 -0.0581531 55.5548 
-0.0588993 0.00922987 0.998221 41.8743 0.0157418 0.999842 -0.00831598 -1.20558 -0.99814 0.015224 -0.0590353 55.5159 
-0.0602303 0.00906632 0.998143 42.7823 0.0145356 0.999861 -0.00820476 -1.21868 -0.998079 0.0140144 -0.0603537 55.478 
-0.06163 0.00431718 0.99809 43.6937 0.0126156 0.999914 -0.00354604 -1.23742 -0.998019 0.012373 -0.0616791 55.4456 
-0.0631168 0.00262691 0.998003 44.6274 0.0125423 0.99992 -0.00183869 -1.25729 -0.997927 0.0124012 -0.0631447 55.4026 
-0.0643496 0.00587002 0.99791 45.5568 0.0129689 0.999903 -0.00504541 -1.27505 -0.997843 0.0126171 -0.0644195 55.3588 
-0.0648989 0.00940006 0.997848 46.489 0.0139557 0.999866 -0.00851137 -1.29046 -0.997794 0.0133733 -0.0650214 55.3112 
-0.0648001 0.0105726 0.997842 47.4342 0.016964 0.999811 -0.0094918 -1.30932 -0.997754 0.0163124 -0.0649672 55.2641 
-0.0648984 0.00729662 0.997865 48.4003 0.0214712 0.999752 -0.00591395 -1.3268 -0.997661 0.0210416 -0.065039 55.2126 
-0.0652441 0.0017138 0.997868 49.3773 0.0233969 0.999726 -0.000187173 -1.33797 -0.997595 0.0233348 -0.0652664 55.1613 
-0.0644513 -0.00128329 0.99792 50.3608 0.0247676 0.999689 0.00288523 -1.35347 -0.997613 0.024902 -0.0643994 55.1114 
-0.0629119 0.000164939 0.998019 51.3521 0.0237441 0.999717 0.00133157 -1.36376 -0.997737 0.0237809 -0.062898 55.0699 
-0.062153 0.00311087 0.998062 52.3478 0.0235542 0.999721 -0.00164919 -1.37505 -0.997789 0.0234061 -0.0622089 55.0281 
-0.0619463 0.00502854 0.998067 53.3499 0.0176558 0.999836 -0.00394158 -1.39366 -0.997923 0.0173775 -0.0620249 54.9911 
-0.0626167 0.00479505 0.998026 54.3607 0.0145175 0.999887 -0.00389311 -1.40724 -0.997932 0.0142451 -0.0626792 54.9558 
-0.0630557 9.44307e-05 0.99801 55.3893 0.0143171 0.999897 0.000810009 -1.42057 -0.997907 0.0143397 -0.0630506 54.9073 
-0.0637336 -0.00588907 0.99795 56.4249 0.0123823 0.999901 0.00669142 -1.43491 -0.99789 0.0127834 -0.0636544 54.8625 
-0.064351 -0.00537971 0.997913 57.463 0.0141852 0.99988 0.0063051 -1.44447 -0.997827 0.0145613 -0.064267 54.8099 
-0.0646934 -0.00200921 0.997903 58.4974 0.0169396 0.999852 0.00311136 -1.45234 -0.997761 0.0171054 -0.0646498 54.7561 
-0.0655501 0.000982026 0.997849 59.5385 0.019408 0.999812 0.00029102 -1.46139 -0.997661 0.0193853 -0.0655568 54.6955 
-0.0679476 -0.00203485 0.997687 60.5959 0.0194918 0.999804 0.00336669 -1.47396 -0.997499 0.0196754 -0.0678946 54.6429 
-0.0705319 -0.00710072 0.997484 61.6724 0.0210965 0.99974 0.00860855 -1.48423 -0.997286 0.0216506 -0.0703638 54.5833 
-0.0738059 -0.0100432 0.997222 62.7471 0.0226385 0.999675 0.0117435 -1.49209 -0.997016 0.0234423 -0.0735545 54.5217 
-0.0774004 -0.00907481 0.996959 63.8157 0.0267356 0.99958 0.0111744 -1.49349 -0.996642 0.0275192 -0.0771253 54.4507 
-0.0808706 -0.0101188 0.996673 64.8823 0.0299642 0.999472 0.0125786 -1.49983 -0.996274 0.0308818 -0.0805247 54.3794 
-0.0847311 -0.0120925 0.996331 65.9562 0.0335417 0.999325 0.0149814 -1.5057 -0.995839 0.034688 -0.0842683 54.3104 
-0.0876712 -0.0118248 0.996079 67.0273 0.0370136 0.9992 0.0151197 -1.51081 -0.995462 0.038194 -0.0871635 54.2346 
-0.0899381 -0.00809847 0.995914 68.0889 0.0409103 0.999093 0.0118188 -1.51629 -0.995107 0.0418061 -0.0895252 54.1505 
-0.0915229 -0.00351283 0.995797 69.1579 0.0434713 0.999026 0.00751968 -1.52299 -0.994854 0.0439768 -0.0912811 54.0623 
-0.0927928 -0.000739714 0.995685 70.2289 0.0471093 0.998877 0.00513247 -1.53363 -0.99457 0.0473823 -0.0926537 53.976 
-0.0922172 -0.0014345 0.995738 71.2971 0.0459686 0.998927 0.00569637 -1.5447 -0.994677 0.046298 -0.0920523 53.8988 
-0.0894516 -0.00380777 0.995984 72.3711 0.0470263 0.998861 0.00804235 -1.55512 -0.99488 0.0475568 -0.0891707 53.8234 
-0.0848428 -0.00710353 0.996369 73.4473 0.0503319 0.998667 0.0114058 -1.56249 -0.995122 0.0511169 -0.0843722 53.7453 
-0.079638 -0.0101238 0.996772 74.5198 0.0506444 0.998616 0.0141888 -1.56876 -0.995537 0.0516109 -0.0790151 53.6813 
-0.0747552 -0.0134097 0.997112 75.5996 0.052065 0.998493 0.0173317 -1.57073 -0.995842 0.0532102 -0.0739444 53.6225 
-0.0698076 -0.0146382 0.997453 76.6701 0.053246 0.998412 0.0183788 -1.57392 -0.996138 0.0543934 -0.0689174 53.5602 
-0.0662575 -0.0105798 0.997747 77.745 0.0535857 0.998463 0.0141459 -1.57797 -0.996363 0.0544022 -0.0655887 53.5142 
-0.0640897 -0.0058204 0.997927 78.8186 0.0528882 0.998558 0.00922074 -1.58136 -0.996542 0.0533695 -0.0636894 53.4641 
-0.0626803 -0.00615723 0.998015 79.8925 0.0534713 0.998524 0.00951868 -1.58806 -0.9966 0.0539618 -0.0622585 53.4147 
-0.0611674 -0.00816228 0.998094 80.9706 0.0541705 0.998466 0.0114852 -1.59666 -0.996656 0.0547698 -0.0606314 53.366 
-0.059228 -0.00520912 0.998231 82.0439 0.0545201 0.998477 0.00844528 -1.60468 -0.996755 0.0549238 -0.0588538 53.3195 
-0.0572301 0.000639429 0.998361 83.122 0.0547937 0.998495 0.00250153 -1.61637 -0.996856 0.0548471 -0.057179 53.2783 
-0.0552726 0.0037653 0.998464 84.2023 0.0536597 0.998559 -0.000795142 -1.63211 -0.997028 0.0535333 -0.055395 53.242 
-0.0529221 0.00307411 0.998594 85.2847 0.0542626 0.998527 -0.000198126 -1.65155 -0.997123 0.0541759 -0.053011 53.2033 
-0.0492761 -0.000145813 0.998785 86.376 0.0522517 0.99863 0.00272372 -1.66869 -0.997418 0.0523224 -0.049201 53.1727 
-0.0449653 -0.00435273 0.998979 87.4605 0.0521165 0.998619 0.00669703 -1.68251 -0.997628 0.0523644 -0.0446764 53.1447 
-0.0403305 -0.00679505 0.999163 88.5503 0.0507586 0.998672 0.00884058 -1.69469 -0.997896 0.0510727 -0.039932 53.1218 
-0.0369559 -0.00280325 0.999313 89.6376 0.0470655 0.998882 0.00454263 -1.70807 -0.998208 0.047201 -0.0367826 53.1081 
-0.0352173 0.00658664 0.999358 90.7263 0.0436945 0.999032 -0.00504466 -1.72492 -0.998424 0.0434888 -0.035471 53.0973 
-0.0343964 0.0145888 0.999302 91.8141 0.0380882 0.999186 -0.0132761 -1.74762 -0.998682 0.0376049 -0.0349241 53.0918 
-0.0339486 0.0141562 0.999323 92.9086 0.0374461 0.999216 -0.0128825 -1.77561 -0.998722 0.0369834 -0.0344521 53.0767 
-0.033033 0.00781806 0.999424 94.0078 0.0373831 0.999279 -0.0065813 -1.80631 -0.998755 0.0371441 -0.0333015 53.057 
-0.0342456 0.00182597 0.999412 95.1166 0.0390979 0.999235 -0.000485892 -1.82536 -0.998648 0.0390583 -0.0342908 53.0329 
-0.036301 -0.00398063 0.999333 96.2133 0.03744 0.999285 0.0053405 -1.83881 -0.998639 0.0376089 -0.0361259 53.0126 
-0.0382726 -0.0088518 0.999228 97.3145 0.0370359 0.999261 0.0102707 -1.85532 -0.998581 0.0374004 -0.0379165 52.9878 
-0.0404306 -0.00825438 0.999148 98.4094 0.0374366 0.999251 0.00977015 -1.86466 -0.998481 0.0377997 -0.0400913 52.9609 
-0.04237 -0.00796643 0.99907 99.4939 0.0369837 0.99927 0.00953652 -1.87514 -0.998417 0.0373534 -0.0420444 52.9318 
-0.0439982 -0.00922337 0.998989 100.583 0.0380327 0.999217 0.0109006 -1.88457 -0.998307 0.0384738 -0.0436129 52.9017 
-0.0446561 -0.00758716 0.998974 101.664 0.0389947 0.999196 0.00933203 -1.89813 -0.998241 0.0393714 -0.0443244 52.8662 
-0.0450064 0.000696875 0.998986 102.733 0.0394959 0.999219 0.00108237 -1.91241 -0.998206 0.0395046 -0.0449988 52.8314 
-0.0454336 0.00851317 0.998931 103.801 0.0366162 0.999306 -0.00685094 -1.93128 -0.998296 0.0362658 -0.0457137 52.8026 
-0.0465197 0.0088899 0.998878 104.864 0.0342187 0.999388 -0.00730076 -1.95317 -0.998331 0.0338407 -0.0467954 52.7726 
-0.0488278 0.00283572 0.998803 105.941 0.0295031 0.999564 -0.00139554 -1.97949 -0.998371 0.0293996 -0.0488901 52.748 
-0.0518128 -0.00474756 0.998646 107.011 0.0233615 0.999709 0.00596472 -1.99741 -0.998384 0.0236389 -0.0516868 52.7212 
-0.0538524 -0.0130711 0.998463 108.068 0.0215801 0.999666 0.0142508 -2.00794 -0.998316 0.0223144 -0.0535523 52.6892 
-0.0553556 -0.0194319 0.998278 109.126 0.0248756 0.999473 0.0208346 -2.0121 -0.998157 0.025986 -0.0548431 52.6393 
-0.0573081 -0.0197161 0.998162 110.167 0.0238263 0.999493 0.0211104 -2.01305 -0.998072 0.0249923 -0.0568093 52.5991 
-0.0579562 -0.0121643 0.998245 111.204 0.0277383 0.99952 0.0137903 -2.02089 -0.997934 0.0284888 -0.0575909 52.5512 
-0.0583509 0.00251492 0.998293 112.231 0.0366179 0.999329 -0.000377148 -2.02991 -0.997624 0.0365334 -0.0584038 52.4908 
-0.0594949 0.0136933 0.998135 113.249 0.0415996 0.999071 -0.0112265 -2.04492 -0.997361 0.0408541 -0.0600093 52.4405 
-0.0597857 0.0105441 0.998156 114.281 0.0419878 0.999086 -0.00803899 -2.0674 -0.997328 0.0414298 -0.0601738 52.3933 
-0.0593567 -0.000106406 0.998237 115.319 0.0445623 0.999003 0.00275627 -2.08926 -0.997242 0.0446473 -0.0592928 52.3421 
-0.0591183 -0.00990482 0.998202 116.347 0.0448269 0.998916 0.0125668 -2.10115 -0.997244 0.0454892 -0.0586102 52.2993 
-0.058838 -0.0154501 0.998148 117.365 0.0433453 0.998898 0.0180168 -2.1101 -0.997326 0.0443251 -0.0581034 52.2566 
-0.0588934 -0.020704 0.99805 118.381 0.0410822 0.998888 0.0231456 -2.1087 -0.997419 0.0423652 -0.0579773 52.2185 
-0.0585689 -0.0241315 0.997992 119.393 0.0382548 0.998919 0.026399 -2.10956 -0.99755 0.0397241 -0.0575825 52.1797 
-0.0584076 -0.0219536 0.998051 120.396 0.0371267 0.999019 0.0241477 -2.10694 -0.997602 0.0384647 -0.0575352 52.1373 
-0.057684 -0.0149156 0.998224 121.395 0.0348094 0.99925 0.0169425 -2.10348 -0.997728 0.0357248 -0.0571216 52.0962 
-0.0574461 -0.00878711 0.99831 122.384 0.0349617 0.99933 0.0108079 -2.10546 -0.997736 0.0355235 -0.0571004 52.0553 
-0.0570238 -0.00368233 0.998366 123.369 0.0356063 0.99935 0.00571973 -2.11392 -0.997738 0.0358743 -0.0568556 52.0114 
-0.05695 0.000900973 0.998377 124.338 0.0368453 0.99932 0.00119996 -2.12919 -0.997697 0.0368538 -0.0569445 51.9698 
-0.0565719 0.00516622 0.998385 125.304 0.0371551 0.999305 -0.00306561 -2.14845 -0.997707 0.0369216 -0.0567245 51.9322 
-0.0565591 0.00441255 0.99839 126.267 0.0387855 0.999245 -0.00221908 -2.16543 -0.997646 0.0385975 -0.0566876 51.8923 
-0.0564024 -0.00209897 0.998406 127.23 0.0372726 0.999296 0.0042065 -2.18487 -0.997712 0.0374505 -0.0562844 51.8556 
-0.0571181 -0.0118895 0.998297 128.187 0.0352845 0.99928 0.0139201 -2.19816 -0.997744 0.0360195 -0.0566575 51.8226 
-0.0578892 -0.0195596 0.998131 129.132 0.0298236 0.999328 0.0213128 -2.20345 -0.997877 0.0310016 -0.057267 51.7885 
-0.0601087 -0.022787 0.997932 130.053 0.0250908 0.999389 0.0243316 -2.2074 -0.997876 0.0265015 -0.0595003 51.7564 
-0.0621364 -0.0203352 0.997861 130.952 0.0201821 0.999562 0.0216266 -2.21045 -0.997864 0.0214827 -0.0616988 51.7245 
-0.0632709 -0.0133412 0.997907 131.831 0.0171088 0.999749 0.0144507 -2.21653 -0.99785 0.0179873 -0.0630267 51.6893 
-0.0640344 -0.00618761 0.997929 132.692 0.0191764 0.999789 0.00742968 -2.22272 -0.997763 0.0196124 -0.0639022 51.6491 
-0.0627471 -0.000366632 0.998029 133.535 0.0234643 0.999723 0.00184252 -2.23578 -0.997754 0.0235337 -0.0627211 51.6036 
-0.0597782 0.00180743 0.99821 134.359 0.0272391 0.999629 -0.000178729 -2.25428 -0.99784 0.0271797 -0.0598052 51.5641 
-0.0552466 0.00142678 0.998472 135.168 0.0310629 0.999517 0.000290511 -2.26909 -0.997989 0.0310315 -0.0552643 51.5314 
-0.0502263 -0.00360562 0.998731 135.961 0.034197 0.999401 0.00532785 -2.28341 -0.998152 0.0344212 -0.0500729 51.4996 
-0.0462575 -0.00793357 0.998898 136.722 0.0351175 0.999337 0.00956334 -2.30408 -0.998312 0.0355212 -0.0459483 51.4783 
-0.0420364 -0.0077149 0.999086 137.461 0.0357919 0.999317 0.00922266 -2.32012 -0.998475 0.0361469 -0.0417315 51.4603 
-0.0376474 -0.00319122 0.999286 138.167 0.0368774 0.999309 0.00458066 -2.33474 -0.99861 0.0370235 -0.0375037 51.4465 
-0.0331947 0.000901013 0.999449 138.851 0.0372919 0.999304 0.000337731 -2.34523 -0.998753 0.0372825 -0.0332052 51.437 
-0.0287797 0.00171475 0.999584 139.512 0.0386457 0.999253 -0.000601471 -2.354 -0.998838 0.0386123 -0.0288245 51.4323 
-0.024668 0.00142838 0.999695 140.139 0.0357565 0.99936 -0.000545549 -2.36976 -0.999056 0.0357322 -0.0247033 51.4346 
-0.0208527 0.000349946 0.999783 140.728 0.0307186 0.999528 0.000290889 -2.38803 -0.999311 0.030718 -0.0208536 51.4416 
-0.0171837 0.000721543 0.999852 141.296 0.0262055 0.999657 -0.000270986 -2.40258 -0.999509 0.026197 -0.0171967 51.4482 
-0.0143061 0.00409552 0.999889 141.847 0.0243253 0.999697 -0.00374665 -2.412 -0.999602 0.024269 -0.0144014 51.453 
-0.0129487 0.00803745 0.999884 142.383 0.0235339 0.999693 -0.0077311 -2.42637 -0.999639 0.023431 -0.0131339 51.4507 
-0.0133423 0.00910533 0.99987 142.914 0.0202252 0.999756 -0.00883438 -2.4424 -0.999706 0.0201047 -0.0135233 51.4556 
-0.01512 0.00717046 0.99986 143.442 0.0144278 0.999872 -0.00695233 -2.45678 -0.999782 0.0143207 -0.0152215 51.4638 
-0.0174804 0.00289111 0.999843 143.971 0.00884374 0.999957 -0.00273678 -2.46793 -0.999808 0.00879451 -0.0175052 51.4721 
-0.0198085 -0.00232699 0.999801 144.497 0.00787556 0.999966 0.00248345 -2.47828 -0.999773 0.00792319 -0.0197894 51.4722 
-0.021867 -0.00524289 0.999747 145.02 0.0113223 0.999921 0.00549149 -2.48873 -0.999697 0.0114395 -0.0218059 51.4583 
-0.0243708 -0.00321503 0.999698 145.53 0.0134798 0.999903 0.00354435 -2.50318 -0.999612 0.0135621 -0.0243251 51.4478 
-0.0272938 5.25128e-05 0.999627 146.04 0.0131947 0.999913 0.000307779 -2.51263 -0.99954 0.0131981 -0.0272921 51.4404 
-0.029855 0.00179898 0.999553 146.542 0.00931842 0.999955 -0.00152134 -2.5185 -0.999511 0.00926883 -0.0298704 51.4377 
-0.0321234 0.00348094 0.999478 147.039 0.00851268 0.999959 -0.00320897 -2.52376 -0.999448 0.00840515 -0.0321517 51.4322 
-0.0340825 0.00482593 0.999407 147.533 0.00978312 0.999942 -0.00449484 -2.53169 -0.999371 0.00962412 -0.0341277 51.4204 
-0.0368576 0.00212855 0.999318 148.034 0.0106437 0.999942 -0.00173727 -2.54355 -0.999264 0.0105724 -0.0368781 51.406 
-0.0392276 -0.00306096 0.999226 148.536 0.00994587 0.999945 0.00345366 -2.55305 -0.999181 0.0100736 -0.039195 51.3918 
-0.0415867 -0.00630053 0.999115 149.032 0.00926585 0.999935 0.00669142 -2.55852 -0.999092 0.00953593 -0.0415256 51.3789 
-0.0442671 -0.00726107 0.998993 149.527 0.00684403 0.999948 0.00757132 -2.56311 -0.998996 0.0071723 -0.0442151 51.3671 
-0.0463399 -0.00891729 0.998886 150.018 0.0054367 0.999943 0.00917898 -2.57252 -0.998911 0.00585599 -0.0462888 51.3552 
-0.0474217 -0.0105784 0.998819 150.508 0.00495209 0.999929 0.0108253 -2.58115 -0.998863 0.0054596 -0.047366 51.34 
-0.0483271 -0.010731 0.998774 150.995 0.00441728 0.99993 0.0109572 -2.5843 -0.998822 0.00494139 -0.0482763 51.3251 
-0.0474211 -0.00890838 0.998835 151.477 0.00739554 0.99993 0.00926929 -2.5849 -0.998848 0.00782648 -0.0473519 51.3102 
-0.0425236 -0.0061354 0.999077 151.949 0.00970397 0.999931 0.00655372 -2.5884 -0.999048 0.00997369 -0.0424611 51.2966 
-0.0352294 -0.00432102 0.99937 152.418 0.0100212 0.999939 0.00467678 -2.59413 -0.999329 0.0101797 -0.035184 51.2928 
-0.0251589 -0.0044889 0.999673 152.884 0.00801628 0.999957 0.00469196 -2.5994 -0.999651 0.0081317 -0.0251218 51.2995 
-0.00968456 -0.00553504 0.999938 153.344 0.0097583 0.999937 0.00562959 -2.60277 -0.999906 0.00981222 -0.00962993 51.3113 
0.0127834 -0.00532373 0.999904 153.794 0.0157569 0.999863 0.0051221 -2.60476 -0.999794 0.0156899 0.0128655 51.3258 
0.042745 -0.00464775 0.999075 154.238 0.0226177 0.999737 0.00368318 -2.60649 -0.99883 0.0224393 0.0428389 51.3556 
0.0788649 -0.00537838 0.996871 154.676 0.0242322 0.9997 0.00347661 -2.61224 -0.996591 0.0238822 0.0789716 51.4178 
0.119497 -0.00553447 0.992819 155.102 0.0212104 0.999771 0.00302036 -2.62254 -0.992608 0.0206971 0.119587 51.5081 
0.161467 -0.00238968 0.986875 155.521 0.0169015 0.999857 -0.00034417 -2.6301 -0.986733 0.0167353 0.161484 51.6159 
0.20307 0.00208267 0.979162 155.929 0.0167208 0.999845 -0.00559438 -2.63639 -0.979022 0.0175085 0.203003 51.7383 
0.24524 0.00642256 0.969441 156.331 0.017755 0.999781 -0.011115 -2.64031 -0.9693 0.0199383 0.245072 51.8727 
0.287729 0.00869305 0.957673 156.723 0.0189035 0.999712 -0.0147541 -2.64775 -0.957525 0.0223485 0.287481 52.023 
0.329145 0.0105994 0.94422 157.108 0.0157609 0.999736 -0.0167166 -2.65564 -0.944148 0.020384 0.328891 52.1989 
0.369488 0.0146467 0.92912 157.47 0.00801543 0.999788 -0.0189482 -2.66245 -0.929201 0.0144484 0.369292 52.3927 
0.409265 0.0195365 0.912207 157.826 -8.12175e-05 0.999772 -0.0213754 -2.67392 -0.912416 0.00867411 0.409173 52.6035 
0.448558 0.0255579 0.893388 158.187 -0.00462927 0.999644 -0.0262733 -2.68491 -0.893742 0.00764935 0.448516 52.8321 
0.486703 0.0292753 0.873077 158.532 -0.00585874 0.999525 -0.0302492 -2.69958 -0.873548 0.00960726 0.486644 53.0681 
0.524293 0.0283867 0.851065 158.881 -0.00399498 0.999515 -0.030877 -2.71232 -0.851529 0.0127886 0.524152 53.3212 
0.56008 0.0268959 0.828002 159.225 -0.00543688 0.999571 -0.0287913 -2.72527 -0.828421 0.0116237 0.559986 53.5975 
0.59358 0.0275349 0.804304 159.561 -0.0096094 0.999586 -0.0271285 -2.74145 -0.804717 0.00837407 0.593599 53.8993 
0.625157 0.0316645 0.779856 159.883 -0.0167074 0.999491 -0.0271892 -2.75967 -0.78032 0.00396818 0.625368 54.221 
0.65513 0.0350804 0.754701 160.205 -0.0219544 0.999384 -0.0273959 -2.7789 -0.755197 0.00137887 0.655497 54.5571 
0.68289 0.0359771 0.729635 160.526 -0.0218236 0.999346 -0.0288506 -2.79521 -0.730195 0.00377854 0.683228 54.9065 
0.707967 0.0340224 0.705425 160.852 -0.0168246 0.999368 -0.0313138 -2.80794 -0.706045 0.0103007 0.708092 55.269 
0.730485 0.0352369 0.682019 161.169 -0.0179302 0.999313 -0.0324257 -2.82089 -0.682693 0.0114578 0.730615 55.6543 
0.750253 0.0392674 0.659984 161.483 -0.0246683 0.999202 -0.0314078 -2.83927 -0.66069 0.00728316 0.750623 56.0678 
0.766578 0.0416958 0.640796 161.795 -0.0319866 0.99913 -0.0267468 -2.85948 -0.641354 6.65762e-06 0.767245 56.5034 
0.779667 0.0396486 0.624938 162.114 -0.032901 0.999209 -0.0223468 -2.87894 -0.62533 -0.003138 0.780355 56.9433 
0.790425 0.0344772 0.611588 162.442 -0.0287513 0.999403 -0.0191809 -2.89349 -0.611884 -0.00242289 0.790944 57.3907 
0.799637 0.026818 0.599884 162.778 -0.0223339 0.999639 -0.0149183 -2.90992 -0.600068 -0.00146846 0.799948 57.8493 
0.806992 0.0200377 0.590222 163.119 -0.0173746 0.999797 -0.0101866 -2.9265 -0.590307 -0.00203433 0.807177 58.331 
0.81361 0.016748 0.58117 163.458 -0.0156361 0.999854 -0.00692368 -2.94005 -0.581201 -0.00345401 0.813753 58.8294 
0.820619 0.0137811 0.571309 163.797 -0.0133036 0.999899 -0.00501032 -2.94992 -0.571321 -0.00348887 0.82072 59.3429 
0.827803 0.00941392 0.560941 164.139 -0.00784393 0.999956 -0.00520595 -2.95836 -0.560965 -9.04472e-05 0.82784 59.8739 
0.834361 0.00983846 0.551131 164.482 -0.00602789 0.999944 -0.00872464 -2.97198 -0.551186 0.00395736 0.834373 60.4131 
0.839958 0.0138303 0.542475 164.817 -0.00743898 0.999875 -0.0139731 -2.98677 -0.5426 0.0077014 0.839956 60.9779 
0.844314 0.0189242 0.535514 165.161 -0.0104196 0.999767 -0.0189021 -3.00083 -0.535747 0.0103795 0.844315 61.5566 
0.846456 0.0235396 0.531939 165.511 -0.0133885 0.999647 -0.022932 -3.01524 -0.532291 0.0122891 0.846472 62.1494 
0.846415 0.028368 0.531768 165.87 -0.0186492 0.999547 -0.0236385 -3.03688 -0.532197 0.0100909 0.84656 62.7577 
0.844698 0.0286474 0.534477 166.244 -0.0213318 0.999575 -0.019863 -3.05994 -0.534819 0.00537686 0.84495 63.3815 
0.842228 0.0300386 0.538284 166.628 -0.0236837 0.999544 -0.0187221 -3.08286 -0.538601 0.00301972 0.842556 64.0191 
0.839401 0.0315253 0.542598 167.025 -0.0259541 0.999503 -0.0179207 -3.10495 -0.542893 0.000960042 0.839802 64.6656 
0.836342 0.0316764 0.547292 167.433 -0.0273152 0.999497 -0.0161077 -3.12401 -0.547527 -0.00147782 0.836787 65.3219 
0.833113 0.0293062 0.552327 167.858 -0.0245324 0.999571 -0.0160327 -3.14009 -0.552559 -0.000192858 0.833474 65.9812 
0.829725 0.0262299 0.557555 168.292 -0.0225038 0.999655 -0.013539 -3.16216 -0.557718 -0.00131342 0.830029 66.6474 
0.825811 0.0268807 0.563307 168.732 -0.0238079 0.999635 -0.0127995 -3.18275 -0.563445 -0.00284115 0.826149 67.3217 
0.822417 0.0289936 0.568145 169.184 -0.025111 0.999577 -0.014661 -3.20196 -0.56833 -0.00220919 0.822798 68.0009 
0.81946 0.0296971 0.572367 169.651 -0.0237957 0.999559 -0.0177933 -3.2278 -0.572643 0.000960981 0.819804 68.6854 
0.816551 0.0318803 0.576392 170.12 -0.0240894 0.999486 -0.0211551 -3.2517 -0.57677 0.00338933 0.816899 69.3792 
0.813735 0.0311625 0.5804 170.603 -0.0234103 0.999509 -0.0208431 -3.274 -0.580764 0.00337348 0.814065 70.0814 
0.811248 0.0283538 0.584014 171.096 -0.0248472 0.999593 -0.014015 -3.2973 -0.584174 -0.0031415 0.811623 70.7983 
0.808787 0.0247197 0.587583 171.587 -0.0247835 0.999661 -0.00794215 -3.32526 -0.58758 -0.00813884 0.809125 71.5118 
0.806828 0.0233582 0.590324 172.085 -0.020618 0.999723 -0.0113776 -3.35369 -0.590426 -0.00299151 0.807086 72.2106 
0.805413 0.0285965 0.592023 172.576 -0.0192337 0.99957 -0.0221158 -3.38173 -0.592401 0.00642561 0.805617 72.9009 
0.803958 0.0308732 0.593884 173.071 -0.016851 0.999433 -0.0291439 -3.41002 -0.594447 0.0134229 0.804023 73.5954 
0.803159 0.0274041 0.595134 173.578 -0.0128353 0.999506 -0.0287022 -3.44685 -0.595627 0.0154137 0.803113 74.2924 
0.80243 0.0217257 0.596351 174.085 -0.0103924 0.999694 -0.0224362 -3.48772 -0.596656 0.011806 0.80241 74.9977 
0.801949 0.0176042 0.597133 174.591 -0.00747606 0.999783 -0.0194344 -3.52245 -0.597345 0.0111213 0.801907 75.6967 
0.80219 0.0129763 0.596928 175.096 -0.00318231 0.999843 -0.0174585 -3.55238 -0.597061 0.0121054 0.802105 76.3924 
0.80249 0.00869422 0.596602 175.6 0.00203301 0.999848 -0.0173052 -3.58237 -0.596662 0.0151002 0.80235 77.0833 
0.803093 0.00676515 0.595816 176.095 0.00464418 0.999834 -0.0176123 -3.61805 -0.595836 0.0169114 0.802928 77.7736 
0.803854 0.00907101 0.594758 176.585 0.00518629 0.999739 -0.0222571 -3.6502 -0.594804 0.0209761 0.803597 78.4555 
0.804439 0.00889839 0.593969 177.075 0.00828631 0.999622 -0.026198 -3.68503 -0.593978 0.0259965 0.804061 79.1363 
0.804626 0.006023 0.593752 177.562 0.0106542 0.999641 -0.0245783 -3.71703 -0.593687 0.0261023 0.804273 79.8192 
0.804347 0.0044627 0.594143 178.045 0.00807615 0.999797 -0.018443 -3.75115 -0.594105 0.019633 0.804148 80.5044 
0.803846 -0.00131944 0.594836 178.531 0.00866629 0.999917 -0.00949333 -3.78145 -0.594775 0.0127862 0.803791 81.1863 
0.803543 -0.00622902 0.595215 179.014 0.0110802 0.999929 -0.00449382 -3.80546 -0.595144 0.0102061 0.803554 81.8484 
0.802834 -0.00903452 0.596134 179.486 0.0139001 0.999897 -0.00356602 -3.82566 -0.596041 0.0111493 0.802877 82.4957 
0.801886 -0.00536155 0.597453 179.937 0.0116227 0.999911 -0.00662643 -3.85117 -0.597364 0.0122577 0.801877 83.1307 
0.800685 0.00223648 0.599081 180.368 0.00868968 0.999845 -0.0153465 -3.87925 -0.599022 0.0174935 0.800541 83.7445 
0.799233 0.00668833 0.600984 180.801 0.00882663 0.9997 -0.0228638 -3.90625 -0.600957 0.0235782 0.798934 84.3389 
