1 2.12261e-08 -2.11895e-08 -2.25167e-15 2.12261e-08 1 2.10703e-08 -6.66134e-16 -2.11895e-08 2.10703e-08 1 -2.28706e-14 
0.999997 0.00263214 0.000201934 -0.0145913 -0.00263241 0.999995 0.00152607 -0.0167642 -0.000197959 -0.00152655 0.999999 0.782831 
0.999987 0.00517533 0.000312558 -0.0306639 -0.00517588 0.999985 0.00191958 -0.0330113 -0.000302662 -0.00192113 0.999998 1.55591 
0.999979 0.00642038 0.000655849 -0.0428073 -0.0064214 0.999978 0.00163649 -0.0495167 -0.00064537 -0.00164063 0.999998 2.30854 
0.999964 0.00844968 0.000740331 -0.0575178 -0.00845056 0.999964 0.00125332 -0.0628355 -0.000729757 -0.00125949 0.999999 3.0454 
0.999963 0.00849425 0.00105809 -0.0695328 -0.00849537 0.999963 0.00109945 -0.0781873 -0.00104875 -0.00110836 0.999999 3.76046 
0.999964 0.00847011 0.00103741 -0.0764751 -0.00847231 0.999962 0.00218197 -0.0950334 -0.00101893 -0.00219063 0.999997 4.4681 
0.999956 0.00930059 0.00141376 -0.0829149 -0.00930727 0.999945 0.00482655 -0.105622 -0.00136884 -0.00483945 0.999987 5.16087 
0.999956 0.00898367 0.00275992 -0.0915576 -0.00900795 0.99992 0.008932 -0.114736 -0.0026795 -0.00895643 0.999956 5.83635 
0.999956 0.00839246 0.0041218 -0.0987369 -0.00844342 0.999886 0.0125159 -0.124478 -0.00401634 -0.0125501 0.999913 6.47828 
0.999959 0.00759168 0.00498878 -0.101929 -0.00766455 0.999862 0.0147638 -0.132536 -0.00487605 -0.0148014 0.999879 7.0967 
0.99995 0.00820881 0.00574886 -0.09877 -0.00829141 0.999861 0.0145022 -0.137904 -0.00562906 -0.0145491 0.999878 7.69102 
0.999937 0.0090642 0.0066562 -0.102152 -0.00914308 0.999887 0.0119234 -0.145623 -0.00654741 -0.0119835 0.999907 8.25495 
0.999929 0.00918435 0.00759054 -0.105664 -0.00925221 0.999917 0.00895903 -0.148078 -0.00750767 -0.00902858 0.999931 8.79483 
0.99993 0.00747243 0.00913293 -0.105058 -0.00754101 0.999943 0.00750266 -0.153265 -0.00907639 -0.00757097 0.99993 9.3055 
0.999932 0.00385661 0.0109796 -0.100015 -0.00391373 0.999979 0.00518885 -0.157731 -0.0109594 -0.00523142 0.999926 9.787 
0.999919 0.00197135 0.0125657 -0.0931102 -0.00202232 0.99999 0.00404788 -0.166831 -0.0125576 -0.00407292 0.999913 10.235 
0.999875 0.0061694 0.0145457 -0.0984367 -0.00620027 0.999979 0.00208138 -0.177182 -0.0145326 -0.00217127 0.999892 10.6534 
0.999791 0.0104477 0.0175641 -0.103562 -0.0104746 0.999944 0.00144503 -0.189586 -0.0175481 -0.00162866 0.999845 11.0383 
0.999723 0.0110619 0.0207823 -0.0981432 -0.0111127 0.999936 0.00233016 -0.193383 -0.0207552 -0.00256042 0.999781 11.3948 
0.999693 0.00692366 0.0237903 -0.0846498 -0.00699333 0.999972 0.00284862 -0.198385 -0.02377 -0.00301407 0.999713 11.7227 
0.999656 0.00199972 0.026161 -0.0683406 -0.00207008 0.999994 0.0026646 -0.201331 -0.0261555 -0.0027178 0.999654 12.0152 
0.999588 -0.00134176 0.0286811 -0.0583737 0.00122529 0.999991 0.0040797 -0.20812 -0.0286863 -0.00404283 0.99958 12.2781 
0.999511 -0.00176434 0.0312336 -0.0510352 0.00160358 0.999985 0.00517273 -0.214387 -0.0312424 -0.00512007 0.999499 12.5129 
0.999442 -0.000972959 0.0334015 -0.0473999 0.000831267 0.999991 0.004257 -0.218877 -0.0334054 -0.00422681 0.999433 12.7194 
0.999368 1.03166e-05 0.0355471 -0.0425986 -0.000106827 0.999996 0.00271431 -0.221326 -0.035547 -0.00271635 0.999364 12.9095 
0.999272 0.00219722 0.0380797 -0.0403209 -0.00227477 0.999995 0.00199446 -0.227798 -0.0380752 -0.00207959 0.999273 13.0816 
0.999197 0.00486158 0.0397687 -0.0399704 -0.00492316 0.999987 0.00145197 -0.236306 -0.0397611 -0.00164655 0.999208 13.2458 
0.999135 0.00597917 0.0411637 -0.0364448 -0.00598454 0.999982 8.30867e-06 -0.241778 -0.0411629 -0.000254606 0.999152 13.4058 
0.999065 0.00516132 0.0429248 -0.0266526 -0.00509103 0.999986 -0.00174579 -0.245374 -0.0429332 0.00152567 0.999077 13.557 
0.999007 0.00373189 0.0443867 -0.0173324 -0.00359536 0.999989 -0.00315437 -0.248596 -0.044398 0.00299169 0.999009 13.707 
0.998964 0.0030137 0.0454074 -0.00599107 -0.0028271 0.999987 -0.00417211 -0.251127 -0.0454194 0.00403946 0.99896 13.8495 
0.998889 0.00356732 0.0469837 -0.00134665 -0.00331035 0.999979 -0.00554501 -0.25452 -0.0470025 0.00538336 0.99888 13.983 
0.998826 0.00457981 0.0482214 0.00282296 -0.00422117 0.999963 -0.0075358 -0.259003 -0.0482542 0.00732345 0.998808 14.1103 
0.998786 0.00460543 0.0490534 0.00743331 -0.00413058 0.999944 -0.00977637 -0.261048 -0.0490957 0.00956192 0.998748 14.2344 
0.998761 0.00381745 0.0496255 0.0174257 -0.0032221 0.999922 -0.0120705 -0.264375 -0.0496678 0.0118957 0.998695 14.3608 
0.998791 0.00267778 0.0490912 0.0233585 -0.00199075 0.9999 -0.0140377 -0.266778 -0.0491239 0.013923 0.998696 14.4874 
0.998891 0.00229601 0.0470179 0.0272724 -0.00158449 0.999884 -0.0151637 -0.270943 -0.0470473 0.0150725 0.998779 14.6148 
0.99903 0.00255094 0.0439687 0.0289821 -0.00184361 0.999868 -0.0161192 -0.27221 -0.044004 0.0160225 0.998903 14.7445 
0.999199 0.00291479 0.0399228 0.0269051 -0.00222627 0.999848 -0.0172788 -0.277595 -0.0399671 0.0171761 0.999053 14.8716 
0.999413 0.00292483 0.0341266 0.0217739 -0.00229807 0.999828 -0.0183892 -0.281416 -0.0341746 0.0183 0.999248 15.0018 
0.99962 0.00286189 0.0274289 0.0205919 -0.00233984 0.999816 -0.0190445 -0.284685 -0.0274784 0.0189732 0.999442 15.1352 
0.99979 0.00280447 0.0203023 0.0124997 -0.00240241 0.999801 -0.0197988 -0.287999 -0.0203539 0.0197459 0.999598 15.2614 
0.999921 0.0028427 0.0122207 0.00379214 -0.00258758 0.99978 -0.0208381 -0.290451 -0.0122773 0.0208048 0.999708 15.3927 
0.999996 0.00161381 0.00216111 -0.00711656 -0.00156598 0.999758 -0.0219358 -0.29525 -0.00219603 0.0219324 0.999757 15.5312 
0.999941 -1.27719e-05 -0.0109004 -0.0194109 -0.000245011 0.99972 -0.0236512 -0.297294 0.0108976 0.0236525 0.999661 15.6807 
0.999629 -0.000885308 -0.027225 -0.0395492 0.00019226 0.999676 -0.0254499 -0.302603 0.0272387 0.0254353 0.999305 15.8418 
0.99892 -0.000497097 -0.046461 -0.0708466 -0.000729635 0.999652 -0.0263837 -0.307643 0.0464578 0.0263892 0.998572 16.0178 
0.997662 0.000277062 -0.0683441 -0.108388 -0.00205747 0.99966 -0.0259822 -0.312855 0.0683136 0.0260621 0.997323 16.2131 
0.995742 0.000688954 -0.0921814 -0.153387 -0.00297468 0.999691 -0.0246614 -0.317493 0.0921359 0.0248306 0.995437 16.428 
0.992904 0.00159301 -0.118906 -0.21205 -0.00437367 0.999723 -0.0231283 -0.324101 0.118836 0.0234843 0.992636 16.6573 
0.988823 0.00260428 -0.149075 -0.285636 -0.00581633 0.99976 -0.0211149 -0.330568 0.148984 0.021746 0.9886 16.9031 
0.983224 0.00262722 -0.182383 -0.364935 -0.00595863 0.999825 -0.0177207 -0.335921 0.182304 0.0185102 0.983068 17.1681 
0.97566 0.00348847 -0.219262 -0.465793 -0.00668167 0.999882 -0.0138237 -0.340582 0.219188 0.0149523 0.975568 17.446 
0.965805 0.00523207 -0.259219 -0.578385 -0.00767385 0.999935 -0.0084089 -0.345749 0.259158 0.0101106 0.965782 17.7269 
0.953591 0.00932698 -0.300959 -0.714311 -0.0109587 0.999933 -0.00373398 -0.347861 0.300904 0.00685885 0.95363 18.0193 
0.939084 0.0127092 -0.343453 -0.862994 -0.0133182 0.999911 0.000585768 -0.350731 0.343429 0.00402413 0.93917 18.3134 
0.921918 0.0151157 -0.387091 -1.02934 -0.0137644 0.999886 0.00626273 -0.353703 0.387141 -0.000445601 0.92202 18.6196 
0.90207 0.0183635 -0.431199 -1.20607 -0.0137262 0.99981 0.0138637 -0.35586 0.431372 -0.00658729 0.90215 18.9194 
0.87954 0.0222383 -0.475305 -1.40854 -0.0142883 0.999691 0.0203329 -0.356136 0.47561 -0.0110923 0.879586 19.2289 
0.853838 0.0272096 -0.519827 -1.62943 -0.0167434 0.999552 0.0248183 -0.355442 0.520269 -0.0124871 0.853911 19.5275 
0.824954 0.0301673 -0.564395 -1.87199 -0.0174626 0.999458 0.0278973 -0.350238 0.564931 -0.0131581 0.825034 19.8249 
0.793187 0.0332809 -0.608068 -2.14146 -0.0195532 0.999383 0.0291924 -0.339452 0.608664 -0.0112653 0.793348 20.1182 
0.758383 0.0355764 -0.650837 -2.43389 -0.0196159 0.999303 0.0317671 -0.328716 0.651514 -0.0113249 0.758552 20.4077 
0.72039 0.0391369 -0.692464 -2.75127 -0.020476 0.999172 0.0351697 -0.312558 0.693267 -0.0111569 0.720595 20.6903 
0.680615 0.0402832 -0.731533 -3.10202 -0.0181925 0.999109 0.0380914 -0.299489 0.732416 -0.0126171 0.680741 20.9657 
0.638968 0.0400138 -0.768192 -3.47865 -0.0153773 0.999111 0.0392515 -0.285324 0.769079 -0.0132677 0.639016 21.2353 
0.595685 0.0388321 -0.802279 -3.87701 -0.00985468 0.999109 0.0410421 -0.272308 0.803158 -0.0165419 0.595536 21.4884 
0.550479 0.0390332 -0.833936 -4.30118 -0.0052285 0.999048 0.0433101 -0.257022 0.834833 -0.019481 0.550159 21.7274 
0.503399 0.0403947 -0.863109 -4.75221 -0.00309718 0.998985 0.0449474 -0.239833 0.864048 -0.0199532 0.503013 21.9423 
0.453435 0.0398385 -0.890399 -5.22887 -0.00187205 0.999041 0.043746 -0.217432 0.891288 -0.018169 0.453074 22.1352 
0.400874 0.0387895 -0.915312 -5.72725 0.00308871 0.99904 0.0436905 -0.197262 0.916128 -0.0203415 0.40037 22.3088 
0.347007 0.0380268 -0.937091 -6.25519 0.00824567 0.999015 0.043593 -0.178545 0.937826 -0.022854 0.346352 22.4659 
0.292491 0.0370132 -0.955552 -6.81037 0.0107017 0.999061 0.0419742 -0.154688 0.956208 -0.0225031 0.29182 22.6023 
0.238618 0.0427412 -0.970173 -7.38707 0.0115729 0.998835 0.0468503 -0.128285 0.971045 -0.022407 0.237845 22.7043 
0.18694 0.0476483 -0.981215 -7.98769 0.0138546 0.998596 0.0511319 -0.100407 0.982274 -0.0231529 0.186017 22.7779 
0.138401 0.0491647 -0.989155 -8.60587 0.0192963 0.998444 0.0523263 -0.0773485 0.990188 -0.026329 0.137236 22.8336 
0.0938333 0.0506514 -0.994299 -9.23951 0.0219176 0.998358 0.0529265 -0.0587138 0.995347 -0.0267589 0.0925691 22.8618 
0.0533843 0.0488764 -0.997377 -9.89131 0.0215723 0.998512 0.0500867 -0.0318718 0.998341 -0.0241895 0.0522505 22.8624 
0.0176019 0.0445073 -0.998854 -10.5584 0.019077 0.998812 0.0448416 -0.000436567 0.999663 -0.0198444 0.0167319 22.8402 
-0.0110234 0.0443663 -0.998955 -11.2461 0.0167333 0.998884 0.0441785 0.0314871 0.999799 -0.0162287 -0.0117535 22.8007 
-0.0320061 0.048517 -0.998309 -11.9572 0.0154896 0.998725 0.0480406 0.0594149 0.999368 -0.0139258 -0.0327168 22.7508 
-0.0449114 0.0544174 -0.997508 -12.6914 0.0167283 0.998416 0.0537138 0.088746 0.998851 -0.0142742 -0.0457506 22.6977 
-0.0527133 0.0570787 -0.996977 -13.4242 0.0164041 0.99828 0.0562859 0.117972 0.998475 -0.0133874 -0.053559 22.6317 
-0.0565204 0.0544093 -0.996918 -14.2006 0.0176656 0.998412 0.0534893 0.149206 0.998245 -0.0145879 -0.0573918 22.5747 
-0.0559041 0.050722 -0.997147 -14.9972 0.0252364 0.998462 0.049374 0.184501 0.998117 -0.0224041 -0.0570981 22.526 
-0.0517986 0.0494282 -0.997434 -15.8043 0.0370621 0.998182 0.0475406 0.224963 0.99797 -0.0345045 -0.0535363 22.4926 
-0.0466546 0.0494575 -0.997686 -16.6401 0.0375877 0.998153 0.0477229 0.260696 0.998204 -0.0352742 -0.0484274 22.4553 
-0.0416185 0.0480198 -0.997979 -17.4871 0.0360768 0.998265 0.046529 0.285501 0.998482 -0.0340674 -0.0432787 22.4045 
-0.0382464 0.0415617 -0.998404 -18.3427 0.0396314 0.998412 0.0400438 0.325317 0.998482 -0.0380366 -0.0398328 22.3578 
-0.0360762 0.0307206 -0.998877 -19.2127 0.0374442 0.998867 0.029368 0.351522 0.998647 -0.0363426 -0.0371856 22.3106 
-0.0354062 0.0221916 -0.999127 -20.1133 0.0297732 0.999333 0.0211411 0.372148 0.998929 -0.0289987 -0.0360433 22.2473 
-0.0366311 0.019119 -0.999146 -21.0439 0.0241313 0.999542 0.0182419 0.396797 0.999038 -0.0234424 -0.0370757 22.1859 
-0.0402665 0.0249601 -0.998877 -21.9945 0.0151543 0.999588 0.0243669 0.40902 0.999074 -0.0141561 -0.0406282 22.1174 
-0.045347 0.032926 -0.998429 -22.9816 0.0101273 0.999421 0.0324988 0.431641 0.99892 -0.00863764 -0.0456542 22.0413 
-0.0500084 0.0423335 -0.997851 -23.9982 0.00857811 0.999083 0.0419558 0.464039 0.998712 -0.00646149 -0.0503257 21.9684 
-0.0518191 0.0523258 -0.997285 -25.0214 0.00756481 0.998618 0.0520027 0.502531 0.998628 -0.00484949 -0.0521433 21.8991 
-0.0529018 0.0601002 -0.99679 -26.0468 0.0093082 0.998174 0.0596896 0.544689 0.998556 -0.00612059 -0.0533646 21.8297 
-0.0543777 0.0607962 -0.996668 -27.0754 0.0105054 0.998124 0.0603118 0.595054 0.998465 -0.00719069 -0.0549144 21.7555 
-0.0561197 0.0580945 -0.996733 -28.0952 0.00946753 0.998292 0.0576524 0.639072 0.998379 -0.00620112 -0.0565738 21.6787 
-0.0587665 0.0531838 -0.996854 -29.1079 0.00916686 0.998567 0.0527348 0.679265 0.99823 -0.00603895 -0.0591698 21.5954 
-0.063547 0.0480164 -0.996823 -30.1303 0.00934637 0.998827 0.0475171 0.717827 0.997935 -0.00629707 -0.0639212 21.5124 
-0.0690282 0.0434226 -0.996669 -31.1499 0.00959708 0.999035 0.0428609 0.75202 0.997569 -0.00660646 -0.0693783 21.4221 
-0.0761715 0.0413767 -0.996236 -32.1861 0.00885835 0.999127 0.0408195 0.786235 0.997055 -0.00571568 -0.0764716 21.3212 
-0.0828204 0.0439799 -0.995594 -33.2484 0.00928211 0.999016 0.043359 0.817741 0.996521 -0.00565017 -0.0831471 21.2107 
-0.0891921 0.0486742 -0.994824 -34.333 0.00798685 0.998808 0.048153 0.85641 0.995982 -0.00365061 -0.0894745 21.0909 
-0.0952873 0.0515187 -0.994116 -35.4119 0.00531331 0.998672 0.0512455 0.892748 0.995436 -0.000398962 -0.0954345 20.9606 
-0.0999711 0.0535924 -0.993546 -36.4853 0.00225106 0.998558 0.0536362 0.937049 0.994988 0.00312558 -0.0999476 20.8278 
-0.102636 0.0549141 -0.993202 -37.5585 -0.00215883 0.99846 0.055428 0.976697 0.994717 0.00783312 -0.10236 20.6878 
-0.104441 0.0561162 -0.992947 -38.6466 -0.00611295 0.998352 0.0570646 1.02041 0.994512 0.0120298 -0.103926 20.5486 
-0.105923 0.0556268 -0.992817 -39.7387 -0.00748009 0.998361 0.0567354 1.06601 0.994346 0.013436 -0.105333 20.408 
-0.107251 0.0545891 -0.992732 -40.8305 -0.00792257 0.998413 0.0557574 1.1161 0.9942 0.0138451 -0.106648 20.2659 
-0.108493 0.053858 -0.992637 -41.9139 -0.00932166 0.998432 0.0551912 1.16154 0.994054 0.0152409 -0.107821 20.125 
-0.109059 0.0528373 -0.99263 -43.0152 -0.0115709 0.998451 0.0544185 1.20666 0.993968 0.0174205 -0.108278 19.9742 
-0.109725 0.0502091 -0.992693 -44.1104 -0.016065 0.998503 0.0522787 1.25052 0.993832 0.0216839 -0.108754 19.8266 
-0.109941 0.0452487 -0.992908 -45.2025 -0.0214546 0.998622 0.0478848 1.28848 0.993707 0.026567 -0.108819 19.673 
-0.109306 0.0445722 -0.993008 -46.3039 -0.0229092 0.998616 0.0473457 1.32988 0.993744 0.0279242 -0.108134 19.5301 
-0.107996 0.0488701 -0.992949 -47.4101 -0.0235418 0.998385 0.0516981 1.36737 0.993873 0.028959 -0.106671 19.3926 
-0.106435 0.0521349 -0.992952 -48.5202 -0.0232889 0.99822 0.0549078 1.40524 0.994047 0.0289689 -0.105031 19.2589 
-0.104941 0.0519 -0.993123 -49.6327 -0.0214521 0.998287 0.0544367 1.45267 0.994247 0.0270172 -0.103648 19.1233 
-0.102425 0.0510793 -0.993428 -50.7507 -0.0212658 0.99834 0.0535244 1.49828 0.994513 0.0266084 -0.101169 18.9862 
-0.0986022 0.0515749 -0.99379 -51.8859 -0.0254708 0.998198 0.0543309 1.54293 0.994801 0.0306698 -0.0971109 18.849 
-0.0930159 0.0524939 -0.99428 -53.0189 -0.0303246 0.997997 0.055527 1.58599 0.995203 0.0353161 -0.0912377 18.7177 
-0.0874113 0.0518881 -0.99482 -54.1385 -0.0342845 0.997894 0.0550609 1.6327 0.995582 0.0389199 -0.0854482 18.5946 
-0.0818124 0.0512865 -0.995327 -55.2726 -0.0355379 0.99789 0.0543397 1.67755 0.996014 0.0398175 -0.0798172 18.4801 
-0.0763474 0.0503864 -0.995807 -56.4059 -0.0350544 0.997969 0.0531833 1.72486 0.996465 0.0389679 -0.0744261 18.3774 
-0.0713866 0.0505323 -0.996168 -57.5379 -0.0331933 0.998042 0.0530061 1.76431 0.996896 0.0368501 -0.0695695 18.2829 
-0.0659562 0.0510928 -0.996514 -58.6837 -0.0323764 0.998053 0.0533146 1.81165 0.997297 0.03578 -0.0641735 18.1884 
-0.0607828 0.052818 -0.996753 -59.8394 -0.0310866 0.998014 0.0547805 1.85581 0.997667 0.0343154 -0.0590201 18.1052 
-0.0554081 0.0539691 -0.997004 -60.9931 -0.0319763 0.99793 0.0557963 1.9043 0.997952 0.0349722 -0.0535677 18.0229 
-0.0504096 0.0534184 -0.997299 -62.1525 -0.0312824 0.997994 0.0550368 1.94916 0.998239 0.0339723 -0.0486374 17.9485 
-0.0453826 0.0489735 -0.997769 -63.295 -0.031745 0.998223 0.0504397 1.99215 0.998465 0.0339633 -0.0437473 17.8741 
-0.0411366 0.043954 -0.998186 -64.443 -0.0314169 0.998481 0.0452617 2.0294 0.99866 0.0332219 -0.0396932 17.8098 
-0.0371858 0.0432278 -0.998373 -65.6003 -0.0313956 0.99852 0.0444035 2.07226 0.998815 0.0329957 -0.0357736 17.7422 
-0.0339307 0.0456 -0.998383 -66.7643 -0.0308081 0.998436 0.0466494 2.10713 0.998949 0.0323412 -0.0324728 17.6813 
-0.0319444 0.0451033 -0.998471 -67.9305 -0.0310228 0.998455 0.0460951 2.14745 0.999008 0.0324479 -0.0304958 17.6251 
-0.0308918 0.0447262 -0.998522 -69.1011 -0.0327067 0.998418 0.0457335 2.18927 0.998988 0.0340712 -0.0293801 17.5649 
-0.0300619 0.0455536 -0.99851 -70.2813 -0.0339615 0.998338 0.0465682 2.22712 0.998971 0.0353108 -0.0284648 17.5104 
-0.0289363 0.0451339 -0.998562 -71.4631 -0.0348369 0.998328 0.0461329 2.26558 0.998974 0.0361218 -0.0273156 17.4525 
-0.0277889 0.0432253 -0.998679 -72.6394 -0.0351992 0.998403 0.0441928 2.29976 0.998994 0.0363808 -0.026223 17.3981 
-0.0272305 0.0416773 -0.99876 -73.8202 -0.0333771 0.998536 0.0425779 2.33968 0.999072 0.0344952 -0.0257995 17.3464 
-0.0268216 0.0418041 -0.998766 -75.0135 -0.030204 0.998635 0.0426097 2.37116 0.999184 0.0313097 -0.0255223 17.2981 
-0.0265352 0.0427294 -0.998734 -76.1988 -0.0278386 0.998667 0.0434662 2.40213 0.99926 0.0289567 -0.0253103 17.2498 
-0.0266061 0.0456347 -0.998604 -77.3879 -0.0277109 0.99854 0.0463701 2.43573 0.999262 0.0289059 -0.0253027 17.1989 
-0.0262156 0.0491855 -0.998446 -78.5726 -0.03014 0.998296 0.0499695 2.47094 0.999202 0.0314032 -0.0246885 17.1448 
-0.0257082 0.049118 -0.998462 -79.7511 -0.0325598 0.998221 0.0499445 2.5087 0.999139 0.0337938 -0.0240632 17.0901 
-0.0255348 0.0472195 -0.998558 -80.9212 -0.0335859 0.998279 0.0480651 2.54493 0.99911 0.0347649 -0.023905 17.0391 
-0.0252813 0.044756 -0.998678 -82.0981 -0.0333857 0.998402 0.0455888 2.58134 0.999123 0.0344942 -0.0237467 16.9905 
-0.0252676 0.0442221 -0.998702 -83.2747 -0.0314306 0.998492 0.045008 2.61325 0.999187 0.0325271 -0.0238395 16.9407 
-0.0253011 0.045932 -0.998624 -84.4476 -0.0299294 0.998461 0.0466828 2.64539 0.999232 0.0310694 -0.0238874 16.8939 
-0.0249378 0.0487279 -0.998501 -85.6252 -0.0294824 0.998341 0.0494565 2.68155 0.999254 0.0306715 -0.0234598 16.8426 
-0.0243009 0.0510507 -0.9984 -86.79 -0.0297574 0.998216 0.0517655 2.71959 0.999262 0.0309677 -0.0227384 16.7892 
-0.0243042 0.0513989 -0.998382 -87.951 -0.0311474 0.998154 0.0521453 2.75333 0.999219 0.0323644 -0.0226584 16.7387 
-0.0241589 0.0492553 -0.998494 -89.1241 -0.0308319 0.998274 0.0499904 2.79524 0.999233 0.0319933 -0.0225986 16.6941 
-0.0240153 0.0480271 -0.998557 -90.2944 -0.0292753 0.998383 0.0487228 2.83405 0.999283 0.0304032 -0.0225705 16.6517 
-0.024242 0.0490557 -0.998502 -91.4655 -0.0278272 0.998375 0.0497251 2.87234 0.999319 0.028991 -0.0228376 16.6092 
-0.0242486 0.0521561 -0.998345 -92.6386 -0.0255271 0.99828 0.0527727 2.90922 0.99938 0.0267645 -0.0228755 16.5692 
-0.0242278 0.0546106 -0.998214 -93.822 -0.0242294 0.998182 0.0551969 2.95598 0.999413 0.0255234 -0.0228606 16.5221 
-0.0236371 0.0565457 -0.99812 -94.9953 -0.0247556 0.99806 0.0571285 2.99767 0.999414 0.0260594 -0.0221914 16.4699 
-0.0234169 0.0583359 -0.998022 -96.1697 -0.0274351 0.997883 0.0589715 3.04596 0.999349 0.0287618 -0.0217668 16.4186 
-0.0232071 0.0575118 -0.998075 -97.3227 -0.0292626 0.997877 0.0581808 3.08762 0.999302 0.0305565 -0.0214749 16.3707 
-0.0233137 0.0535013 -0.998296 -98.4861 -0.0315882 0.998029 0.0542247 3.13333 0.999229 0.0327986 -0.0215778 16.3192 
-0.0232731 0.0517812 -0.998387 -99.6524 -0.0326132 0.998087 0.0525259 3.17876 0.999197 0.0337831 -0.0215398 16.2744 
-0.0233849 0.0502332 -0.998464 -100.816 -0.0324301 0.998173 0.0509781 3.21977 0.9992 0.0335724 -0.0217131 16.232 
-0.0232363 0.0506402 -0.998447 -101.97 -0.03129 0.99819 0.0513554 3.26242 0.99924 0.0324348 -0.0216098 16.188 
-0.0235507 0.0526917 -0.998333 -103.125 -0.0311892 0.998085 0.0534143 3.3055 0.999236 0.0323952 -0.0218622 16.1422 
-0.0235355 0.0548428 -0.998218 -104.298 -0.0300694 0.998004 0.05554 3.35135 0.999271 0.031323 -0.0218394 16.0942 
-0.0242347 0.0537223 -0.998262 -105.465 -0.033293 0.997958 0.0545142 3.39899 0.999152 0.0345563 -0.0223967 16.0443 
-0.024342 0.0548733 -0.998197 -106.629 -0.0378042 0.997728 0.0557694 3.44638 0.998989 0.0390936 -0.0222123 15.9865 
-0.0247485 0.053716 -0.99825 -107.802 -0.0410314 0.997659 0.0547015 3.49741 0.998851 0.0423134 -0.0224866 15.9321 
-0.0252787 0.0498181 -0.998438 -108.971 -0.04166 0.997837 0.0508429 3.54211 0.998812 0.0428802 -0.0231486 15.8851 
-0.026035 0.0457366 -0.998614 -110.152 -0.041755 0.998031 0.0467985 3.58872 0.998789 0.0429156 -0.0240741 15.8336 
-0.0270847 0.0448924 -0.998625 -111.346 -0.0380814 0.99822 0.045907 3.6301 0.998908 0.0392724 -0.0253269 15.7833 
-0.027644 0.0441879 -0.998641 -112.571 -0.0335349 0.998419 0.0451064 3.6747 0.999055 0.0347363 -0.0261185 15.7355 
-0.0284121 0.0462258 -0.998527 -113.783 -0.032788 0.99835 0.0471506 3.71384 0.999058 0.0340794 -0.0268495 15.6846 
-0.0293071 0.0503627 -0.998301 -115.026 -0.0318567 0.998176 0.0512916 3.7544 0.999063 0.0333059 -0.0276492 15.6267 
-0.0300779 0.0504454 -0.998274 -116.265 -0.0303515 0.998219 0.0513571 3.80348 0.999087 0.0318439 -0.0284932 15.5731 
-0.0306681 0.0459621 -0.998472 -117.502 -0.030375 0.998438 0.0468935 3.85227 0.999068 0.0317668 -0.0292241 15.5108 
-0.0315416 0.0421689 -0.998613 -118.753 -0.030544 0.998602 0.0431332 3.89791 0.999036 0.0318622 -0.0302095 15.4521 
-0.0323061 0.0407387 -0.998647 -120.018 -0.0297848 0.998686 0.0417038 3.93795 0.999034 0.0310918 -0.0310502 15.3836 
-0.0331096 0.041778 -0.998578 -121.28 -0.0314928 0.998586 0.0428225 3.9807 0.998955 0.0328659 -0.0317471 15.3187 
-0.0333659 0.0461997 -0.998375 -122.541 -0.0362735 0.998217 0.0474047 4.02245 0.998785 0.0377963 -0.0316306 15.2414 
-0.0337991 0.049267 -0.998214 -123.798 -0.0416187 0.997849 0.0506582 4.06519 0.998562 0.0432566 -0.031676 15.1691 
-0.0341389 0.0488846 -0.998221 -125.065 -0.0488938 0.997525 0.0505227 4.11192 0.99822 0.0505316 -0.0316642 15.0948 
-0.0344004 0.0467207 -0.998316 -126.332 -0.0519224 0.997474 0.0484705 4.15751 0.998058 0.0535024 -0.0318876 15.0278 
-0.0351224 0.0455443 -0.998345 -127.604 -0.0539604 0.997417 0.0474004 4.19803 0.997925 0.0555359 -0.0325741 14.961 
-0.0359149 0.0448945 -0.998346 -128.88 -0.0539904 0.997444 0.0467963 4.23666 0.997895 0.0555818 -0.0333992 14.8936 
-0.0364234 0.0440887 -0.998363 -130.163 -0.0516657 0.997607 0.0459403 4.28011 0.998 0.0532545 -0.0340584 14.8256 
-0.0365859 0.0446312 -0.998333 -131.444 -0.0516424 0.997583 0.0464902 4.3225 0.997995 0.0532572 -0.0341926 14.7465 
-0.037588 0.0497124 -0.998056 -132.708 -0.0510154 0.997364 0.0515993 4.36538 0.99799 0.0528557 -0.0349528 14.681 
-0.0383054 0.0536956 -0.997822 -133.993 -0.0496101 0.997222 0.0555678 4.41423 0.998034 0.0516307 -0.0355351 14.6118 
-0.0379199 0.0520378 -0.997925 -135.27 -0.0501075 0.997288 0.0539086 4.47264 0.998024 0.0520478 -0.0352095 14.5258 
-0.037475 0.0505558 -0.998018 -136.525 -0.0497457 0.997387 0.0523917 4.52289 0.998059 0.0516105 -0.0348621 14.461 
-0.0363907 0.0501622 -0.998078 -137.786 -0.0487962 0.997459 0.0519102 4.56451 0.998146 0.0505915 -0.0338505 14.395 
-0.0356856 0.0495247 -0.998135 -139.039 -0.0491505 0.997476 0.0512492 4.60803 0.998154 0.0508877 -0.0331613 14.3305 
-0.0351978 0.0514549 -0.998055 -140.299 -0.0489941 0.997384 0.0531482 4.65584 0.998179 0.0507695 -0.0325847 14.2678 
-0.0346718 0.055259 -0.99787 -141.561 -0.0499658 0.997126 0.0569539 4.70241 0.998149 0.0518341 -0.0318111 14.2037 
-0.0333185 0.0562903 -0.997858 -142.822 -0.0517371 0.996977 0.0579681 4.75256 0.998105 0.0535578 -0.0303054 14.1345 
-0.0326216 0.0534342 -0.998038 -144.073 -0.0534985 0.997045 0.0551297 4.80242 0.998035 0.055192 -0.0296665 14.0708 
-0.032908 0.0504485 -0.998184 -145.318 -0.0523184 0.997269 0.052127 4.8509 0.998088 0.0539389 -0.0301788 14.0127 
-0.0330341 0.0489124 -0.998257 -146.577 -0.049411 0.997501 0.0505104 4.89542 0.998232 0.0509934 -0.0305347 13.9572 
-0.0335682 0.0485307 -0.998257 -147.823 -0.0479944 0.99759 0.0501121 4.93719 0.998283 0.049593 -0.0311581 13.8997 
-0.0338667 0.0487983 -0.998234 -149.077 -0.0453909 0.997702 0.0503123 4.98364 0.998395 0.0470147 -0.0315739 13.8382 
-0.0342821 0.04745 -0.998285 -150.335 -0.0433482 0.997862 0.0489185 5.02641 0.998472 0.0449509 -0.0321519 13.7756 
-0.0345945 0.0477285 -0.998261 -151.582 -0.0427583 0.997874 0.0491917 5.068 0.998486 0.0443857 -0.0324801 13.7152 
-0.0353692 0.0502248 -0.998112 -152.846 -0.040256 0.997854 0.0516384 5.11744 0.998563 0.0420065 -0.0332714 13.6611 
-0.0358342 0.0516557 -0.998022 -154.08 -0.0376284 0.997885 0.0529997 5.16024 0.998649 0.0394532 -0.0338147 13.6024 
-0.0361557 0.0503032 -0.998079 -155.316 -0.0354263 0.99804 0.0515845 5.20573 0.998718 0.0372233 -0.0343027 13.5408 
-0.0373354 0.0503536 -0.998033 -156.546 -0.0365093 0.997994 0.0517174 5.25134 0.998636 0.0383685 -0.0354221 13.4778 
-0.0375952 0.0548581 -0.997786 -157.796 -0.0371855 0.997724 0.0562557 5.30036 0.998601 0.0392181 -0.0354697 13.4097 
-0.0373508 0.0612348 -0.997424 -159.034 -0.0421861 0.997134 0.0627967 5.35073 0.998411 0.044423 -0.0346605 13.3406 
-0.0367848 0.0611414 -0.997451 -160.256 -0.0467782 0.996927 0.0628344 5.40649 0.998228 0.0489703 -0.0338117 13.27 
-0.0354778 0.0570551 -0.997741 -161.497 -0.0502816 0.997003 0.0588009 5.46448 0.998105 0.0522541 -0.0325026 13.1957 
-0.033675 0.05157 -0.998102 -162.74 -0.0524612 0.9972 0.0532934 5.51807 0.998055 0.0541563 -0.0308753 13.1185 
-0.0328638 0.0497463 -0.998221 -163.976 -0.0549783 0.997158 0.0515034 5.56618 0.997947 0.0565731 -0.0300355 13.0468 
-0.0314353 0.046857 -0.998407 -165.204 -0.049622 0.997596 0.0483813 5.60936 0.998273 0.0510638 -0.0290346 12.9861 
-0.0313974 0.0425565 -0.998601 -166.425 -0.0465959 0.997945 0.0439936 5.64733 0.99842 0.047912 -0.0293499 12.9287 
-0.0317177 0.0395097 -0.998716 -167.644 -0.040536 0.998345 0.0407824 5.68257 0.998675 0.0417775 -0.0300636 12.8747 
-0.0326808 0.0422935 -0.998571 -168.877 -0.0382929 0.998318 0.0435361 5.72098 0.998732 0.039661 -0.0310063 12.8156 
-0.0325102 0.0486422 -0.998287 -170.117 -0.0387409 0.998003 0.04989 5.75882 0.99872 0.0402965 -0.0305608 12.7596 
-0.0311101 0.0516935 -0.998178 -171.353 -0.0403489 0.997783 0.0529306 5.80398 0.998701 0.0419221 -0.0289554 12.6987 
-0.0296727 0.0483013 -0.998392 -172.594 -0.0413016 0.99792 0.049506 5.85186 0.998706 0.0427042 -0.027616 12.6494 
-0.0292696 0.0481871 -0.998409 -173.817 -0.0436579 0.997823 0.0494387 5.89609 0.998618 0.0450356 -0.0271021 12.5925 
-0.0284854 0.0493945 -0.998373 -175.038 -0.0418129 0.997845 0.0505614 5.93433 0.998719 0.0431852 -0.0263587 12.5431 
-0.0280091 0.0474829 -0.998479 -176.241 -0.042161 0.997926 0.0486393 5.97421 0.998718 0.0434593 -0.0259491 12.4887 
-0.0263412 0.0459387 -0.998597 -177.424 -0.0421981 0.998002 0.0470245 6.01017 0.998762 0.0433776 -0.0243501 12.4341 
-0.0246598 0.0479558 -0.998545 -178.579 -0.0438962 0.997833 0.0490057 6.03995 0.998732 0.0450409 -0.0225013 12.3798 
-0.0231723 0.0500166 -0.99848 -179.715 -0.0435774 0.997748 0.0509913 6.06866 0.998781 0.0446928 -0.0209405 12.3284 
-0.0227571 0.0512983 -0.998424 -180.815 -0.0443145 0.997649 0.0522686 6.09863 0.998758 0.0454342 -0.0204304 12.2823 
-0.0226455 0.0524932 -0.998365 -181.903 -0.0447072 0.997568 0.0534655 6.12999 0.998743 0.0458448 -0.0202436 12.2351 
-0.0229175 0.053637 -0.998298 -182.963 -0.0441164 0.997533 0.0546087 6.15955 0.998764 0.0452928 -0.0204946 12.191 
-0.0226434 0.0526732 -0.998355 -184.001 -0.0439154 0.997595 0.0536291 6.19333 0.998779 0.0450576 -0.0202758 12.1503 
-0.0214672 0.0525401 -0.998388 -184.99 -0.0446834 0.99757 0.0534578 6.22257 0.998771 0.045759 -0.0190673 12.1154 
-0.0201346 0.0533375 -0.998374 -185.949 -0.0451563 0.997508 0.0542019 6.25008 0.998777 0.0461742 -0.0176759 12.0781 
-0.0209261 0.0518672 -0.998435 -186.905 -0.0436702 0.997653 0.0527418 6.27796 0.998827 0.0447055 -0.0186119 12.0397 
-0.0243403 0.0490913 -0.998498 -187.842 -0.0415295 0.997882 0.0500734 6.30282 0.998841 0.042686 -0.02225 12.0072 
-0.029279 0.0455039 -0.998535 -188.794 -0.0412559 0.998057 0.0466918 6.33367 0.99872 0.0425625 -0.0273448 11.9568 
-0.0346549 0.0421675 -0.998509 -189.736 -0.0429405 0.998124 0.0436416 6.36677 0.998476 0.0443889 -0.0327792 11.9101 
-0.039161 0.0413514 -0.998377 -190.672 -0.044787 0.998067 0.0430953 6.39314 0.998229 0.046402 -0.0372333 11.8656 
-0.0424595 0.0419716 -0.998216 -191.595 -0.0464316 0.997955 0.0439356 6.41684 0.998019 0.0482143 -0.0404239 11.8108 
-0.0447623 0.0437243 -0.99804 -192.529 -0.0449682 0.997941 0.0457368 6.44302 0.997985 0.0469274 -0.042704 11.7584 
-0.046504 0.0455001 -0.997881 -193.458 -0.0420407 0.997988 0.0474642 6.46732 0.998033 0.0441589 -0.0444976 11.7045 
-0.048206 0.0458997 -0.997782 -194.382 -0.0405887 0.998029 0.047872 6.49734 0.998012 0.0428064 -0.0462479 11.6484 
-0.0493244 0.0448045 -0.997777 -195.294 -0.0411495 0.998054 0.0468512 6.52385 0.997935 0.043369 -0.0473847 11.5875 
-0.0502916 0.0434513 -0.997789 -196.206 -0.0430131 0.998032 0.0456298 6.55076 0.997808 0.0452129 -0.0483237 11.5242 
-0.0503285 0.0425719 -0.997825 -197.114 -0.0464972 0.997908 0.0449207 6.57866 0.99765 0.0486569 -0.0482438 11.4564 
-0.0495863 0.0404934 -0.997949 -198.027 -0.0493155 0.99786 0.0429402 6.60841 0.997552 0.0513437 -0.0474832 11.3909 
-0.0487185 0.0378773 -0.998094 -198.937 -0.0496313 0.997954 0.0402945 6.63305 0.997579 0.0514998 -0.0467389 11.329 
-0.0482792 0.0351327 -0.998216 -199.844 -0.049305 0.998079 0.0375125 6.65818 0.997616 0.0510281 -0.0464543 11.268 
-0.0478463 0.0345687 -0.998256 -200.772 -0.0494329 0.998094 0.0369324 6.6848 0.997631 0.0511139 -0.0460463 11.2077 
-0.0472291 0.0373152 -0.998187 -201.704 -0.0469132 0.998116 0.0395322 6.70937 0.997782 0.0486953 -0.0453896 11.146 
-0.0475187 0.0386147 -0.998124 -202.643 -0.0463886 0.998089 0.0408219 6.73195 0.997793 0.0482414 -0.0456366 11.0884 
-0.0468011 0.0350128 -0.99829 -203.588 -0.0417991 0.998442 0.0369777 6.75554 0.998029 0.0434583 -0.0452646 11.032 
-0.0466269 0.0318715 -0.998404 -204.528 -0.0402604 0.998619 0.0337586 6.78157 0.998101 0.0417703 -0.0452793 10.9756 
-0.0461041 0.0320462 -0.998423 -205.468 -0.0445261 0.998426 0.0341024 6.80557 0.997944 0.0460281 -0.0446047 10.9067 
-0.0447649 0.0361142 -0.998345 -206.434 -0.0461424 0.998205 0.0381781 6.8259 0.997931 0.0477751 -0.0430182 10.8408 
-0.0429929 0.0354822 -0.998445 -207.397 -0.043573 0.998352 0.0373552 6.85431 0.998125 0.0451113 -0.0413759 10.7869 
-0.0408803 0.0367178 -0.998489 -208.367 -0.0427195 0.998347 0.0384615 6.88559 0.99825 0.0442273 -0.0392442 10.7297 
-0.0389856 0.0415955 -0.998374 -209.358 -0.043715 0.998106 0.0432914 6.91351 0.998283 0.0453316 -0.0370934 10.6652 
-0.0370026 0.04571 -0.998269 -210.357 -0.0408309 0.99805 0.0472135 6.94435 0.998481 0.0425073 -0.035064 10.6093 
-0.0358589 0.0461043 -0.998293 -211.361 -0.0404833 0.998048 0.0475472 6.98108 0.998537 0.0421192 -0.0339224 10.5576 
-0.0336569 0.046545 -0.998349 -212.367 -0.0440374 0.997876 0.0480076 7.01897 0.998463 0.0455805 -0.0315356 10.4982 
-0.0308129 0.0481964 -0.998363 -213.391 -0.0470211 0.997661 0.0496138 7.05818 0.998419 0.0484729 -0.0284746 10.4415 
-0.0273735 0.0483939 -0.998453 -214.417 -0.0484041 0.997592 0.0496792 7.09365 0.998453 0.0496891 -0.0249651 10.3939 
-0.0244229 0.0454674 -0.998667 -215.444 -0.0513175 0.997591 0.0466734 7.13417 0.998384 0.052389 -0.0220308 10.3462 
-0.0216899 0.0421745 -0.998875 -216.473 -0.0513494 0.997744 0.0432417 7.1708 0.998445 0.0522296 -0.0194754 10.304 
-0.0201553 0.0413493 -0.998941 -217.512 -0.0504617 0.997829 0.0423214 7.20391 0.998523 0.0512613 -0.018025 10.268 
-0.0186528 0.0432944 -0.998888 -218.563 -0.0508864 0.997726 0.0441943 7.23878 0.99853 0.0516542 -0.0164073 10.23 
-0.0172868 0.0467059 -0.998759 -219.626 -0.052819 0.997471 0.0475598 7.27264 0.998455 0.0535757 -0.0147761 10.191 
-0.0158107 0.0462711 -0.998804 -220.69 -0.0528148 0.997496 0.0470465 7.30815 0.998479 0.0534955 -0.0133273 10.1542 
-0.0149233 0.0436214 -0.998937 -221.748 -0.0516031 0.997683 0.0443376 7.34253 0.998556 0.0522099 -0.0126377 10.1198 
-0.0150894 0.0407679 -0.999055 -222.833 -0.0488408 0.997946 0.0414603 7.37677 0.998693 0.0494203 -0.0130673 10.0915 
-0.0151674 0.0398594 -0.99909 -223.916 -0.0473338 0.998056 0.0405368 7.40702 0.998764 0.0479056 -0.0132513 10.0566 
-0.0147335 0.038861 -0.999136 -225.016 -0.0477418 0.998077 0.0395238 7.43814 0.998751 0.0482829 -0.0128499 10.0164 
-0.0144699 0.038934 -0.999137 -226.127 -0.0477848 0.998073 0.0395846 7.46884 0.998753 0.0483164 -0.0125815 9.9829 
-0.0148028 0.039667 -0.999103 -227.234 -0.0499664 0.997935 0.0403609 7.50228 0.998641 0.0505191 -0.0127902 9.94552 
-0.0150982 0.0418235 -0.999011 -228.359 -0.0506565 0.99781 0.0425388 7.53743 0.998602 0.0512487 -0.0129465 9.90645 
-0.0159627 0.0432913 -0.998935 -229.501 -0.0508167 0.997736 0.0440514 7.57592 0.99858 0.0514658 -0.0137266 9.86502 
-0.0167205 0.0451183 -0.998842 -230.649 -0.0519002 0.997596 0.0459308 7.61252 0.998512 0.0526081 -0.0143386 9.82727 
-0.0175984 0.0460225 -0.998785 -231.808 -0.0544435 0.997414 0.0469185 7.65233 0.998362 0.0552031 -0.0150472 9.78409 
-0.0186363 0.0448869 -0.998818 -232.957 -0.0565714 0.997344 0.0458762 7.68839 0.998225 0.0573595 -0.0160475 9.73164 
-0.0198126 0.0402833 -0.998992 -234.114 -0.0549219 0.997635 0.0413178 7.72825 0.998294 0.0556852 -0.0175533 9.6874 
-0.0210876 0.0341963 -0.999193 -235.281 -0.051987 0.998025 0.0352536 7.76177 0.998425 0.0526885 -0.0192682 9.64099 
-0.0232358 0.0297978 -0.999286 -236.463 -0.047207 0.998408 0.0308693 7.79077 0.998615 0.0478906 -0.0217921 9.60022 
-0.0256924 0.0300305 -0.999219 -237.658 -0.0408839 0.998681 0.0310656 7.81734 0.998834 0.0416502 -0.0244308 9.56549 
-0.0280186 0.0342478 -0.999021 -238.847 -0.0365213 0.998711 0.0352614 7.83972 0.99894 0.0374735 -0.0267317 9.51507 
-0.0301853 0.0366729 -0.998871 -240.054 -0.0341927 0.998704 0.0377001 7.86751 0.998959 0.0352921 -0.0288922 9.45828 
-0.0321212 0.0362701 -0.998826 -241.252 -0.0325047 0.998775 0.0373136 7.89527 0.998955 0.0336651 -0.0309029 9.39733 
-0.0345886 0.036822 -0.998723 -242.465 -0.0323411 0.998756 0.0379433 7.92839 0.998878 0.0336123 -0.0333547 9.33792 
-0.0365 0.0383022 -0.998599 -243.693 -0.0313093 0.998731 0.0394516 7.96167 0.998843 0.0327055 -0.0352544 9.26782 
-0.0388114 0.0380163 -0.998523 -244.917 -0.0304968 0.998766 0.0392109 7.99194 0.998781 0.0319737 -0.0376041 9.1996 
-0.0412667 0.036709 -0.998474 -246.14 -0.0302636 0.99882 0.0379726 8.02268 0.99869 0.0317844 -0.0401071 9.12928 
-0.0435172 0.0363134 -0.998393 -247.378 -0.0302034 0.998835 0.037646 8.05457 0.998596 0.0317931 -0.0423697 9.05239 
-0.0456758 0.0373486 -0.998258 -248.62 -0.0308429 0.998772 0.0387791 8.08617 0.99848 0.0325605 -0.0444677 8.96776 
-0.0481399 0.0377415 -0.998127 -249.872 -0.0312531 0.99874 0.039272 8.1163 0.998352 0.0330852 -0.0468997 8.88766 
-0.0506309 0.0387372 -0.997966 -251.125 -0.0325697 0.998652 0.0404163 8.14796 0.998186 0.0345498 -0.049301 8.799 
-0.0529037 0.0403515 -0.997784 -252.382 -0.0346123 0.998509 0.042216 8.18262 0.998 0.0367691 -0.0514282 8.70679 
-0.054364 0.0411598 -0.997673 -253.643 -0.0362154 0.998411 0.0431637 8.21582 0.997864 0.0384777 -0.052787 8.61276 
-0.0552297 0.0413546 -0.997617 -254.913 -0.0388759 0.998295 0.043535 8.25384 0.997717 0.0411877 -0.0535279 8.51186 
-0.0552722 0.041343 -0.997615 -256.186 -0.0393349 0.998277 0.0435498 8.29028 0.997696 0.0416483 -0.0535507 8.41482 
-0.0554803 0.0402287 -0.997649 -257.464 -0.0382178 0.99837 0.0423831 8.32603 0.997728 0.0404794 -0.0538524 8.32291 
-0.0552026 0.0393995 -0.997698 -258.726 -0.0357567 0.998502 0.0414097 8.35866 0.997835 0.0379604 -0.0537111 8.23099 
-0.0553455 0.0391471 -0.9977 -259.993 -0.0347151 0.998552 0.0411063 8.39346 0.997864 0.0369103 -0.0539063 8.13512 
-0.0552093 0.0394999 -0.997693 -261.264 -0.0347484 0.998536 0.0414561 8.42702 0.99787 0.036957 -0.0537559 8.03923 
-0.0550533 0.0394229 -0.997705 -262.528 -0.0336735 0.998579 0.0413156 8.45888 0.997915 0.0358709 -0.0536475 7.94622 
-0.0549499 0.0402508 -0.997678 -263.804 -0.0334308 0.998553 0.0421275 8.48994 0.997929 0.0356681 -0.0535247 7.85838 
-0.055248 0.0412323 -0.997621 -265.08 -0.0308567 0.998599 0.0429816 8.52581 0.997996 0.033158 -0.0538983 7.77393 
-0.0554815 0.0437173 -0.997502 -266.34 -0.0266119 0.998621 0.0452465 8.56096 0.998105 0.0290559 -0.0542416 7.69313 
-0.0560515 0.0473787 -0.997303 -267.598 -0.0232353 0.998541 0.0487434 8.59673 0.998158 0.0259048 -0.0548688 7.61345 
-0.0563255 0.0498514 -0.997167 -268.852 -0.0208749 0.998476 0.051096 8.63586 0.998194 0.0236938 -0.055199 7.5328 
-0.0561184 0.0483147 -0.997254 -270.085 -0.0215679 0.998537 0.0495905 8.67314 0.998191 0.0242917 -0.0549943 7.43798 
-0.0561566 0.0466163 -0.997333 -271.321 -0.0238028 0.998563 0.0480141 8.71556 0.998138 0.0264356 -0.0549663 7.34571 
-0.0567038 0.0493341 -0.997171 -272.558 -0.0292402 0.998268 0.051051 8.7614 0.997963 0.0320523 -0.055163 7.24534 
-0.0567883 0.055095 -0.996865 -273.799 -0.0343304 0.997778 0.0571012 8.80464 0.997796 0.0374655 -0.0547706 7.1468 
-0.0566084 0.0543719 -0.996915 -275.028 -0.0384525 0.997656 0.0565958 8.85191 0.997656 0.0415377 -0.054385 7.0467 
-0.0564373 0.0476509 -0.997268 -276.256 -0.0382662 0.998023 0.0498526 8.89789 0.997673 0.0409753 -0.0545023 6.95312 
-0.0570293 0.0422394 -0.997479 -277.484 -0.0353854 0.998391 0.0443011 8.93948 0.997745 0.0378227 -0.0554429 6.86728 
-0.0574237 0.0416788 -0.99748 -278.724 -0.0294526 0.998623 0.0434221 8.97027 0.997915 0.0318718 -0.056117 6.79249 
-0.0566841 0.0433906 -0.997449 -279.963 -0.0258228 0.998657 0.0449107 9.00302 0.998058 0.0283027 -0.0554875 6.70894 
-0.0553351 0.0454758 -0.997432 -281.201 -0.0248396 0.99859 0.0469067 9.03723 0.998159 0.0273715 -0.0541275 6.62639 
-0.0540802 0.04778 -0.997393 -282.451 -0.0261687 0.998444 0.0492493 9.07611 0.998194 0.0287639 -0.0527457 6.53288 
-0.0531558 0.0490939 -0.997379 -283.675 -0.0272895 0.998346 0.050596 9.11546 0.998213 0.0299075 -0.0517281 6.44345 
-0.0524524 0.0502155 -0.99736 -284.906 -0.0281604 0.998263 0.051742 9.15422 0.998226 0.0308001 -0.0509472 6.35411 
-0.0516296 0.0496228 -0.997433 -286.132 -0.0278808 0.998304 0.0511093 9.1942 0.998277 0.030448 -0.0501585 6.26447 
-0.051452 0.0478771 -0.997527 -287.356 -0.0284197 0.998376 0.0493837 9.23625 0.998271 0.0308903 -0.0500078 6.1782 
-0.0512548 0.0467871 -0.997589 -288.588 -0.0282423 0.998435 0.0482778 9.27511 0.998286 0.0306488 -0.0498531 6.09641 
-0.0512434 0.0464377 -0.997606 -289.823 -0.0286793 0.998438 0.0479496 9.31457 0.998274 0.0310677 -0.0498315 6.01269 
-0.0508791 0.0464334 -0.997625 -291.045 -0.0291587 0.998424 0.0479577 9.35027 0.998279 0.0315295 -0.049445 5.92481 
-0.0508844 0.046652 -0.997614 -292.276 -0.0298188 0.998392 0.0482093 9.39073 0.998259 0.0322008 -0.0494114 5.84033 
-0.0507255 0.0468346 -0.997614 -293.516 -0.0290473 0.998408 0.0483489 9.42827 0.99829 0.0314305 -0.0492844 5.76338 
-0.0507464 0.0451325 -0.997691 -294.749 -0.0286128 0.998503 0.0466246 9.46506 0.998302 0.0309128 -0.0493791 5.68002 
-0.0508432 0.0426609 -0.997795 -295.98 -0.0280338 0.998633 0.0441252 9.49712 0.998313 0.0302155 -0.0495777 5.59604 
-0.0513394 0.039817 -0.997887 -297.207 -0.0289547 0.998726 0.0413401 9.53102 0.998261 0.031016 -0.0501211 5.51033 
-0.0516652 0.0384969 -0.997922 -298.433 -0.030892 0.998717 0.0401269 9.56275 0.998187 0.032901 -0.0504096 5.42031 
-0.0519549 0.0385455 -0.997905 -299.671 -0.0339283 0.99861 0.0403392 9.59309 0.998073 0.0359531 -0.0505749 5.3241 
-0.0521625 0.0394143 -0.997861 -300.914 -0.0372292 0.99845 0.0413837 9.62827 0.997944 0.0393083 -0.0506142 5.22968 
-0.0525772 0.0401378 -0.99781 -302.162 -0.0406777 0.998277 0.0423 9.66222 0.997788 0.0428127 -0.0508539 5.13571 
-0.0527952 0.0401844 -0.997797 -303.404 -0.0423641 0.9982 0.0424423 9.69428 0.997706 0.0445116 -0.0509978 5.044 
-0.0533704 0.0381276 -0.997847 -304.639 -0.0420375 0.998299 0.0403932 9.72429 0.99769 0.0441028 -0.0516768 4.95637 
-0.0540732 0.0359499 -0.99789 -305.891 -0.0396279 0.998487 0.0381188 9.75803 0.99775 0.0416056 -0.0525667 4.87086 
-0.055081 0.0357377 -0.997842 -307.141 -0.0367787 0.998608 0.0377953 9.78684 0.997804 0.0387812 -0.05369 4.78149 
-0.0563879 0.0379953 -0.997686 -308.39 -0.0345003 0.998605 0.0399802 9.81381 0.997813 0.0366749 -0.0549984 4.70096 
