1 2.12261e-08 -2.11895e-08 0 2.12261e-08 1 2.10703e-08 0 -2.11895e-08 2.10703e-08 1 0 
0.999933 -0.00287516 0.0112395 0.0145461 0.00286282 0.999995 0.00111736 -0.00542245 -0.0112427 -0.00108507 0.999936 0.290019 
0.999829 -0.00502637 0.017786 0.0246233 0.00500706 0.999987 0.00113282 -0.00858102 -0.0177915 -0.00104353 0.999841 0.587033 
0.999777 -0.00789648 0.0195827 0.0358536 0.00789983 0.999969 -9.1627e-05 -0.0121041 -0.0195814 0.000246348 0.999808 0.891396 
0.999811 -0.00942972 0.0169769 0.044456 0.00945775 0.999954 -0.00156916 -0.0158685 -0.0169613 0.00172947 0.999855 1.20239 
0.999876 -0.0121722 0.00994664 0.0457241 0.0122039 0.999921 -0.00312744 -0.0164813 -0.00990783 0.00324848 0.999946 1.52794 
0.999901 -0.0138505 -0.00260955 0.0399093 0.0138373 0.999892 -0.00503118 -0.0201306 0.00267891 0.00499462 0.999984 1.86319 
0.999726 -0.0130931 -0.0194209 0.0189018 0.0129958 0.999902 -0.00512917 -0.0279187 0.0194862 0.00487542 0.999798 2.20124 
0.999199 -0.00859979 -0.0390715 -0.0152754 0.00839266 0.99995 -0.0054634 -0.0298781 0.0391165 0.00513116 0.999222 2.55582 
0.998245 -0.00518059 -0.0589974 -0.0600222 0.00479578 0.999966 -0.00666285 -0.0362931 0.0590298 0.00636826 0.998236 2.91927 
0.99681 -0.00495341 -0.0796561 -0.103658 0.00440424 0.999965 -0.00706898 -0.0396356 0.0796883 0.00669565 0.996797 3.29551 
0.994873 -0.0063506 -0.100935 -0.158016 0.00570286 0.999961 -0.00670505 -0.0396454 0.100973 0.0060951 0.994871 3.68313 
0.992662 -0.00775645 -0.120675 -0.222769 0.00710254 0.999958 -0.00584832 -0.0455029 0.120715 0.00494835 0.992675 4.07688 
0.99037 -0.00663447 -0.138286 -0.302246 0.00594291 0.999968 -0.00541346 -0.0498791 0.138317 0.00453956 0.990378 4.48205 
0.988067 -0.00549597 -0.153927 -0.388089 0.0048122 0.999977 -0.00481465 -0.0545585 0.15395 0.00401651 0.98807 4.89862 
0.985812 -0.0048036 -0.167783 -0.47476 0.00400994 0.999979 -0.00506896 -0.059238 0.167804 0.00432429 0.985811 5.33235 
0.983649 -0.00621305 -0.179987 -0.568674 0.00519331 0.999968 -0.00613648 -0.0637818 0.18002 0.00510146 0.98365 5.77308 
0.981801 -0.00977228 -0.18966 -0.664997 0.00835568 0.999931 -0.00826754 -0.071226 0.189728 0.00653239 0.981815 6.2249 
0.980267 -0.00886877 -0.197479 -0.7741 0.00699858 0.999924 -0.0101664 -0.0779408 0.197554 0.00858377 0.980255 6.68505 
0.978706 -0.00859098 -0.205086 -0.886847 0.00626442 0.999909 -0.0119911 -0.0845901 0.20517 0.0104511 0.978671 7.15684 
0.977003 -0.00936391 -0.213021 -1.00901 0.00637997 0.999872 -0.014691 -0.0960456 0.213131 0.0129941 0.976937 7.63224 
0.975228 -0.012974 -0.220821 -1.12812 0.00952708 0.999816 -0.0166676 -0.103959 0.220996 0.014151 0.975172 8.14114 
0.97335 -0.0190231 -0.228534 -1.2535 0.0153492 0.999723 -0.0178432 -0.11627 0.22881 0.0138599 0.973372 8.64845 
0.971252 -0.0193167 -0.237267 -1.39294 0.014899 0.999681 -0.0203984 -0.129032 0.237585 0.016277 0.97123 9.17226 
0.969172 -0.0152782 -0.245912 -1.55551 0.00943341 0.999645 -0.0249284 -0.140664 0.246205 0.0218402 0.968972 9.70388 
0.966976 -0.0121094 -0.254581 -1.71982 0.00515526 0.999596 -0.0279658 -0.160468 0.254817 0.0257299 0.966647 10.248 
0.9647 -0.0144065 -0.262956 -1.88582 0.00681925 0.999534 -0.0297437 -0.182096 0.263262 0.0269007 0.964349 10.8064 
0.962331 -0.017098 -0.271343 -2.05643 0.00869693 0.999446 -0.0321336 -0.202315 0.271742 0.0285633 0.961946 11.3746 
0.960141 -0.0162923 -0.27904 -2.24384 0.00688658 0.999376 -0.0346548 -0.227561 0.27943 0.031352 0.959654 11.9453 
0.957819 -0.0154129 -0.286958 -2.4435 0.00463501 0.999259 -0.0382008 -0.254576 0.287335 0.0352594 0.957181 12.5318 
0.955553 -0.0161545 -0.294378 -2.64707 0.00351694 0.999051 -0.0434088 -0.284318 0.2948 0.0404441 0.954703 13.1294 
0.953772 -0.0178599 -0.3 -2.8546 0.00273455 0.998707 -0.0507622 -0.321032 0.300519 0.0475952 0.952588 13.7374 
0.952458 -0.0184092 -0.304112 -3.07103 0.000495942 0.998265 -0.0588762 -0.359719 0.304668 0.0559264 0.950815 14.3552 
0.951299 -0.0174151 -0.307779 -3.2989 -0.00367391 0.997692 -0.0678083 -0.398263 0.308249 0.0656367 0.949039 14.9693 
0.949983 -0.0166986 -0.311854 -3.53184 -0.00772104 0.997008 -0.0769064 -0.447282 0.312205 0.0754677 0.947013 15.6056 
0.948648 -0.0163587 -0.315909 -3.77046 -0.0107046 0.99643 -0.083743 -0.504401 0.316151 0.0828244 0.945087 16.2546 
0.947032 -0.0148185 -0.320798 -4.01661 -0.0150077 0.995801 -0.0903031 -0.568143 0.320789 0.0903344 0.942833 16.9178 
0.945445 -0.0136568 -0.325494 -4.26963 -0.0186561 0.995212 -0.095946 -0.639461 0.325246 0.0967842 0.940664 17.5714 
0.943825 -0.0117551 -0.330236 -4.52947 -0.0231023 0.994574 -0.10143 -0.709286 0.329637 0.103361 0.938433 18.2361 
0.942111 -0.00893666 -0.335182 -4.80129 -0.027793 0.994123 -0.104625 -0.785893 0.334147 0.107884 0.936326 18.9203 
0.940331 -0.00801353 -0.340166 -5.07899 -0.0298673 0.99392 -0.105978 -0.865951 0.338946 0.109814 0.934375 19.6182 
0.938105 -0.00724708 -0.346274 -5.36111 -0.031137 0.993968 -0.105157 -0.9488 0.344947 0.109431 0.932221 20.3291 
0.935806 -0.0071991 -0.352443 -5.65222 -0.0313884 0.994119 -0.103649 -1.0325 0.351116 0.108058 0.930076 21.0474 
0.933259 -0.00744549 -0.359128 -5.95329 -0.0312253 0.994319 -0.101759 -1.11703 0.357846 0.106181 0.927724 21.7712 
0.930123 -0.0061565 -0.367197 -6.26661 -0.0323959 0.994586 -0.0987354 -1.19935 0.365817 0.103732 0.924888 22.5065 
0.926814 -0.00409082 -0.375499 -6.59092 -0.0333462 0.995094 -0.0931468 -1.28048 0.374037 0.0988512 0.92213 23.2446 
0.923327 -0.000644306 -0.384014 -6.93084 -0.0359723 0.995456 -0.0881626 -1.35846 0.382326 0.0952168 0.919109 23.9961 
0.919804 0.00380995 -0.39236 -7.27998 -0.0399652 0.995662 -0.0840217 -1.43995 0.390338 0.0929643 0.915966 24.7414 
0.91592 0.00462941 -0.401335 -7.62981 -0.0409585 0.995791 -0.0819884 -1.51883 0.399266 0.0915329 0.912254 25.4922 
0.912009 0.00497151 -0.410141 -8.00209 -0.0421164 0.995776 -0.0815818 -1.58912 0.408003 0.091677 0.908366 26.2564 
0.908131 0.00467561 -0.41866 -8.37782 -0.0421596 0.995877 -0.0803282 -1.66059 0.416558 0.0905992 0.904584 27.0225 
0.904181 0.00573066 -0.427112 -8.76707 -0.0434137 0.995965 -0.0785423 -1.73313 0.424938 0.0895589 0.900781 27.7957 
0.900437 0.00485544 -0.43496 -9.16756 -0.0421891 0.996198 -0.0762178 -1.80547 0.432937 0.0869799 0.897218 28.5741 
0.896591 0.0052904 -0.442828 -9.58004 -0.0415954 0.996514 -0.0723129 -1.87186 0.440901 0.0832548 0.893686 29.3579 
0.892851 0.00750176 -0.450289 -10.005 -0.0419735 0.996895 -0.0666186 -1.93745 0.448391 0.0783808 0.890394 30.1538 
0.88908 0.007765 -0.457687 -10.4348 -0.040825 0.997217 -0.0623863 -2.00619 0.455928 0.0741515 0.886922 30.9458 
0.885439 0.0069077 -0.464704 -10.8732 -0.0395716 0.997379 -0.0605732 -2.06948 0.463068 0.072023 0.883392 31.739 
0.882113 0.00606537 -0.470999 -11.3312 -0.0385656 0.99749 -0.0593824 -2.12871 0.469457 0.0705464 0.880133 32.5571 
0.878935 0.00648716 -0.476898 -11.8 -0.0385912 0.997596 -0.0575545 -2.18451 0.475378 0.0689908 0.877072 33.3901 
0.875905 0.0047245 -0.482461 -12.2748 -0.0363378 0.997758 -0.0562007 -2.24548 0.481114 0.0667581 0.874113 34.2262 
0.873394 0.00398986 -0.486998 -12.8022 -0.0358591 0.997779 -0.056136 -2.3066 0.485692 0.0664922 0.871597 35.0914 
0.871436 0.0038305 -0.490494 -13.3016 -0.0362829 0.997733 -0.0566703 -2.36665 0.489165 0.0671812 0.8696 35.9288 
0.870082 0.00358455 -0.492894 -13.804 -0.0364137 0.997709 -0.0570236 -2.4268 0.49156 0.0675634 0.868219 36.7734 
0.869618 0.00364139 -0.493712 -14.3188 -0.0360498 0.997772 -0.0561386 -2.48773 0.492408 0.0666174 0.867812 37.6289 
0.86949 0.00458226 -0.493929 -14.8484 -0.0363155 0.997844 -0.054671 -2.54861 0.492613 0.0654732 0.867782 38.5121 
0.869206 0.00321458 -0.49444 -15.3797 -0.0344883 0.997938 -0.0541409 -2.61217 0.493246 0.064112 0.867524 39.4034 
0.868519 0.000980414 -0.495655 -15.9201 -0.0324918 0.99796 -0.0549602 -2.67328 0.49459 0.0638388 0.866779 40.3114 
0.867468 -0.000797588 -0.497492 -16.4623 -0.0308108 0.997993 -0.0553242 -2.74096 0.496538 0.0633202 0.865703 41.2156 
0.865868 -0.00150325 -0.50027 -17.0096 -0.0290679 0.998155 -0.0533101 -2.80705 0.499427 0.0607014 0.864227 42.1357 
0.863884 -0.000342457 -0.503691 -17.5726 -0.028544 0.99836 -0.0496349 -2.86954 0.502882 0.0572562 0.862457 43.0544 
0.861071 -0.000890186 -0.508485 -18.1269 -0.0257631 0.998638 -0.0453756 -2.93456 0.507832 0.0521718 0.859875 43.9519 
0.857115 -0.000989956 -0.515124 -18.7007 -0.0249493 0.998745 -0.0434326 -2.99417 0.51452 0.0500788 0.856015 44.8611 
0.851903 -0.00464086 -0.523679 -19.2643 -0.0225 0.998713 -0.045453 -3.0579 0.523216 0.0505044 0.850703 45.7408 
0.845862 -0.008162 -0.533339 -19.8413 -0.0210053 0.998598 -0.0485961 -3.11712 0.532988 0.0523087 0.844505 46.6219 
0.839643 -0.00866885 -0.54307 -20.4321 -0.0206154 0.998644 -0.0478146 -3.17864 0.542748 0.0513428 0.838325 47.5002 
0.833877 -0.00558723 -0.551922 -21.0478 -0.0214313 0.998867 -0.0424915 -3.23977 0.551534 0.0472612 0.832812 48.3857 
0.828725 -0.00090092 -0.559656 -21.6733 -0.0245579 0.998977 -0.037973 -3.29874 0.559118 0.0452132 0.827855 49.2636 
0.824628 -0.00126952 -0.565674 -22.303 -0.025436 0.998903 -0.0393219 -3.35723 0.565103 0.0468145 0.823691 50.1471 
0.821341 -0.00352076 -0.570427 -22.9331 -0.0258911 0.99872 -0.0434442 -3.41359 0.569849 0.0504515 0.820199 51.015 
0.818265 -0.00553448 -0.574815 -23.5727 -0.0286945 0.998314 -0.0504594 -3.47312 0.574125 0.0577833 0.816726 51.8812 
0.815147 -0.00712925 -0.57921 -24.2129 -0.0280461 0.998266 -0.0517577 -3.54139 0.578575 0.0584348 0.813533 52.7397 
0.811961 -0.00532811 -0.583688 -24.8694 -0.0278236 0.998468 -0.0478194 -3.60074 0.583049 0.0550678 0.810569 53.5952 
0.808872 -0.00270822 -0.587978 -25.5248 -0.027563 0.998715 -0.0425181 -3.66445 0.587338 0.0505982 0.807759 54.4549 
0.805737 -0.000975311 -0.592273 -26.1914 -0.02798 0.998819 -0.0397092 -3.71565 0.591613 0.0485671 0.804758 55.3263 
0.802604 -0.00106051 -0.596512 -26.8603 -0.0285352 0.998785 -0.0401697 -3.76869 0.59583 0.049262 0.801598 56.1933 
0.799066 -0.00200409 -0.601241 -27.5164 -0.0288544 0.998714 -0.0416773 -3.82711 0.600551 0.0506513 0.79798 57.0274 
0.795049 -0.00475279 -0.606527 -28.184 -0.027765 0.998636 -0.0442204 -3.88636 0.605909 0.0519977 0.793833 57.8725 
0.790814 -0.00575984 -0.61203 -28.8657 -0.026975 0.998656 -0.0442532 -3.95379 0.611462 0.0515056 0.789596 58.73 
0.786317 -0.00627112 -0.617792 -29.5548 -0.0260357 0.998724 -0.0432758 -4.01316 0.617275 0.0501131 0.78515 59.5703 
0.781396 -0.00571341 -0.624009 -30.2491 -0.0265286 0.99875 -0.0423642 -4.07563 0.623471 0.0496573 0.780268 60.4066 
0.776218 -0.00713983 -0.630424 -30.9516 -0.0259064 0.99873 -0.0432087 -4.13791 0.629932 0.0498714 0.775048 61.2289 
0.770808 -0.0083819 -0.637013 -31.6601 -0.0255333 0.998704 -0.0440373 -4.19719 0.636556 0.0502094 0.769595 62.053 
0.765291 -0.0099911 -0.643606 -32.3818 -0.0245202 0.998701 -0.0446597 -4.26053 0.643217 0.0499591 0.764053 62.8744 
0.759619 -0.0116086 -0.650265 -33.1113 -0.0237746 0.998677 -0.0456014 -4.32399 0.649933 0.0500995 0.758338 63.6969 
0.753442 -0.0136484 -0.657373 -33.8514 -0.0226305 0.998654 -0.0466719 -4.383 0.657125 0.0500413 0.752119 64.5208 
0.747237 -0.0148079 -0.664393 -34.6108 -0.0217004 0.998675 -0.0466646 -4.44438 0.664204 0.0492872 0.745925 65.3423 
0.740891 -0.0149699 -0.671459 -35.3744 -0.0204675 0.998784 -0.0448514 -4.50682 0.671314 0.0469731 0.739683 66.1541 
0.734304 -0.0155055 -0.678644 -36.1403 -0.0196734 0.998833 -0.0441081 -4.57102 0.678536 0.04574 0.733142 66.9632 
0.727894 -0.0173683 -0.685469 -36.9174 -0.0182823 0.998832 -0.0447221 -4.63882 0.685446 0.045085 0.726727 67.7512 
0.721677 -0.0185325 -0.691982 -37.7231 -0.0188678 0.998744 -0.0464255 -4.70151 0.691973 0.0465604 0.72042 68.5492 
0.715538 -0.018185 -0.698337 -38.533 -0.0195442 0.998749 -0.0460334 -4.76769 0.6983 0.0465871 0.714288 69.3451 
0.710322 -0.017468 -0.70366 -39.3491 -0.0200109 0.998787 -0.0449947 -4.83256 0.703592 0.0460417 0.709111 70.1282 
0.705641 -0.0164455 -0.708379 -40.1697 -0.0218443 0.998751 -0.0449467 -4.89588 0.708233 0.0471903 0.7044 70.8968 
0.701002 -0.0177 -0.712939 -41.0112 -0.0217506 0.998696 -0.0461809 -4.95387 0.712827 0.0478799 0.699703 71.6797 
0.695772 -0.0190836 -0.718009 -41.8562 -0.0229314 0.998547 -0.048761 -5.0219 0.717896 0.0503915 0.694324 72.4661 
0.690859 -0.0214456 -0.722671 -42.7097 -0.0224362 0.998443 -0.0510778 -5.0957 0.722641 0.0515016 0.689302 73.2438 
0.685864 -0.0218931 -0.7274 -43.5765 -0.0230901 0.998389 -0.0518209 -5.16248 0.727363 0.0523379 0.684254 74.0257 
0.681018 -0.0212439 -0.731958 -44.4309 -0.0229703 0.998467 -0.0503506 -5.23471 0.731906 0.051103 0.679487 74.7917 
0.676042 -0.0208697 -0.736568 -45.2933 -0.0228523 0.998524 -0.0492664 -5.30582 0.736509 0.0501385 0.674567 75.5476 
0.670975 -0.0220044 -0.741153 -46.184 -0.0221638 0.998518 -0.0497106 -5.37572 0.741148 0.0497814 0.669493 76.322 
0.666211 -0.023027 -0.745408 -47.0756 -0.0212118 0.998534 -0.0498046 -5.44575 0.745462 0.0489919 0.664746 77.0929 
0.661845 -0.0237481 -0.749264 -47.9746 -0.020155 0.998573 -0.0494535 -5.51521 0.74937 0.0478321 0.660422 77.8609 
0.657728 -0.0248284 -0.752847 -48.8829 -0.0187726 0.998606 -0.0493341 -5.58548 0.753022 0.0465813 0.656345 78.6305 
0.653831 -0.0274886 -0.756142 -49.7951 -0.0163406 0.998594 -0.0504323 -5.65668 0.756465 0.04533 0.652462 79.3926 
0.64971 -0.032328 -0.759495 -50.7172 -0.0130347 0.998475 -0.0536508 -5.72748 0.760071 0.0447573 0.648297 80.1552 
0.64497 -0.0366109 -0.76333 -51.6353 -0.00870262 0.998435 -0.0552403 -5.80159 0.764158 0.0422714 0.643642 80.9097 
0.638483 -0.039884 -0.768602 -52.5724 -0.00403571 0.998469 -0.0551647 -5.88042 0.769626 0.0383236 0.637344 81.6629 
0.63027 -0.0438892 -0.775135 -53.525 0.00102511 0.998447 -0.0557 -5.95527 0.776375 0.0343115 0.629336 82.4169 
0.621206 -0.0450266 -0.782353 -54.4869 0.00402767 0.998518 -0.0542695 -6.03295 0.783637 0.0305615 0.620467 83.1634 
0.61241 -0.0435948 -0.789337 -55.471 0.00447789 0.998654 -0.0516812 -6.11042 0.790527 0.0281156 0.611781 83.9027 
0.603335 -0.0434511 -0.796303 -56.4571 0.00394454 0.998665 -0.0515045 -6.18644 0.797478 0.0279335 0.602701 84.6238 
0.593973 -0.0448024 -0.803236 -57.464 0.00290767 0.998561 -0.053547 -6.25802 0.80448 0.02947 0.593249 85.3355 
0.584041 -0.0468581 -0.81037 -58.4766 0.00339476 0.998465 -0.0552876 -6.3384 0.811717 0.0295393 0.583304 86.038 
0.574318 -0.0485183 -0.817194 -59.5192 0.00399393 0.998396 -0.0564698 -6.4216 0.818623 0.0291678 0.57359 86.7433 
0.564162 -0.0493682 -0.824187 -60.5653 0.00704847 0.998462 -0.0549825 -6.50221 0.825634 0.0252098 0.563643 87.4413 
0.554027 -0.0493974 -0.831032 -61.625 0.00835287 0.998518 -0.0537844 -6.58379 0.832457 0.0228565 0.553618 88.126 
0.543676 -0.0501548 -0.837795 -62.6843 0.00861429 0.998494 -0.0541849 -6.66197 0.839251 0.0222421 0.54329 88.7918 
0.533625 -0.0512712 -0.844166 -63.7495 0.00783044 0.998417 -0.0556899 -6.73959 0.845685 0.0231074 0.533182 89.4415 
0.523634 -0.0515159 -0.850384 -64.833 0.00616436 0.998373 -0.0566853 -6.82394 0.851921 0.0244403 0.5231 90.0807 
0.514027 -0.0522618 -0.85618 -65.9161 0.00464095 0.998297 -0.0581504 -6.90955 0.857761 0.0259174 0.513394 90.7004 
0.504325 -0.0522133 -0.861934 -67.0235 0.00375978 0.998294 -0.0582737 -6.99076 0.863506 0.0261483 0.503661 91.3241 
0.495825 -0.0501223 -0.866975 -68.137 0.0027514 0.998419 -0.0561479 -7.0742 0.868418 0.0254542 0.495179 91.9276 
0.48777 -0.0485402 -0.871622 -69.2415 0.00341988 0.998552 -0.053695 -7.15893 0.872966 0.02321 0.487229 92.526 
0.480082 -0.048854 -0.875862 -70.3711 0.00336721 0.998543 -0.0538513 -7.2394 0.877217 0.0229039 0.479547 93.1198 
0.47241 -0.0521108 -0.879837 -71.5093 0.00549131 0.998405 -0.0561848 -7.3217 0.881362 0.0217109 0.471942 93.7112 
0.46547 -0.0555451 -0.883319 -72.6488 0.00775049 0.998246 -0.0586878 -7.40414 0.88503 0.0204713 0.465084 94.2956 
0.459377 -0.0582737 -0.886328 -73.7995 0.0086181 0.998091 -0.0611552 -7.4961 0.888199 0.0204549 0.459003 94.8666 
0.453987 -0.0618779 -0.888857 -74.9504 0.0107378 0.997893 -0.0639842 -7.59107 0.890944 0.0195036 0.453695 95.4328 
0.448928 -0.0630041 -0.891344 -76.1071 0.0138788 0.997883 -0.0635446 -7.68902 0.89346 0.0161562 0.448852 96.0096 
0.44448 -0.0605347 -0.893741 -77.2509 0.0154988 0.998084 -0.0598941 -7.78293 0.895655 0.0127699 0.444567 96.5649 
0.440407 -0.0588593 -0.895867 -78.4014 0.0185915 0.998233 -0.0564453 -7.87191 0.897606 0.00820342 0.440723 97.1189 
0.436994 -0.0584667 -0.897562 -79.5585 0.0203848 0.998273 -0.0551023 -7.96094 0.899234 0.00578273 0.437431 97.6621 
0.434075 -0.0584225 -0.898981 -80.6991 0.0219672 0.998285 -0.0542692 -8.04685 0.900609 0.00380887 0.434614 98.1915 
0.431546 -0.0577028 -0.900243 -81.8351 0.0240116 0.998333 -0.0524797 -8.13205 0.901771 0.00103122 0.432213 98.7184 
0.429042 -0.0567996 -0.901497 -82.9679 0.025671 0.998385 -0.0506867 -8.2167 0.90292 -0.00139555 0.429807 99.2439 
0.426657 -0.0579228 -0.902557 -84.1157 0.028485 0.998313 -0.0506026 -8.30149 0.903965 -0.00411929 0.427587 99.7681 
0.424217 -0.058527 -0.903667 -85.2498 0.031346 0.99826 -0.0499383 -8.38013 0.905018 -0.00714156 0.425314 100.288 
0.421978 -0.057876 -0.904757 -86.355 0.0349057 0.998258 -0.0475771 -8.45984 0.905934 -0.0115046 0.423263 100.791 
0.419779 -0.0573232 -0.905814 -87.4607 0.0370743 0.998254 -0.0459919 -8.53865 0.906869 -0.0142759 0.421172 101.287 
0.417935 -0.0584134 -0.906597 -88.5578 0.0392676 0.99816 -0.0462108 -8.61866 0.907628 -0.0162867 0.41946 101.778 
0.417091 -0.0599525 -0.906885 -89.6772 0.0408307 0.998051 -0.0472006 -8.69004 0.907947 -0.0173418 0.418726 102.264 
0.416493 -0.0610436 -0.907087 -90.7432 0.0407202 0.997995 -0.0484645 -8.76878 0.908226 -0.0167516 0.418144 102.738 
0.416753 -0.061918 -0.906908 -91.8058 0.0400164 0.99796 -0.0497456 -8.84658 0.908138 -0.0155596 0.418381 103.206 
0.419119 -0.0616952 -0.905833 -92.8519 0.0379628 0.998007 -0.0504081 -8.92425 0.907137 -0.0132609 0.420626 103.667 
0.423288 -0.0619058 -0.903878 -93.8926 0.0355326 0.99803 -0.0517142 -8.99961 0.905298 -0.0102271 0.424653 104.133 
0.428527 -0.0624706 -0.901367 -94.925 0.0342966 0.998013 -0.0528635 -9.07608 0.902878 -0.00826034 0.429818 104.6 
0.433971 -0.0625945 -0.89875 -95.9376 0.0338751 0.998012 -0.0531508 -9.15415 0.90029 -0.00737923 0.435229 105.074 
0.440778 -0.0616919 -0.895494 -96.9517 0.0330689 0.998074 -0.0524817 -9.22908 0.897007 -0.00648021 0.441969 105.556 
0.449147 -0.0599502 -0.891444 -97.9574 0.0310639 0.998191 -0.0514777 -9.30945 0.892918 -0.00457056 0.450197 106.033 
0.45757 -0.0595756 -0.887175 -98.9499 0.0307237 0.998216 -0.0511862 -9.38174 0.888642 -0.003836 0.458585 106.529 
0.467225 -0.0589665 -0.88217 -99.9363 0.0296033 0.998257 -0.0510473 -9.4556 0.883643 -0.00226457 0.468156 107.027 
0.4767 -0.0599781 -0.877018 -100.908 0.0291004 0.9982 -0.0524481 -9.53109 0.878584 -0.000519527 0.477587 107.54 
0.487055 -0.0611628 -0.871227 -101.877 0.0270952 0.998123 -0.0549238 -9.60728 0.872951 0.00314483 0.487797 108.056 
0.498171 -0.0621198 -0.864851 -102.827 0.0257031 0.99805 -0.0568817 -9.68416 0.866698 0.00610753 0.498796 108.59 
0.510289 -0.0604462 -0.857876 -103.775 0.0236277 0.998136 -0.0562746 -9.76101 0.859678 0.00844673 0.510766 109.127 
0.522658 -0.0582792 -0.850548 -104.712 0.0224489 0.998256 -0.0546053 -9.83426 0.852247 0.00944609 0.523055 109.688 
0.534809 -0.0561896 -0.843103 -105.642 0.0219272 0.998373 -0.0526286 -9.90946 0.844688 0.00965938 0.535171 110.259 
0.546476 -0.0560708 -0.835595 -106.551 0.0223295 0.998377 -0.0523905 -9.98221 0.837177 0.00997177 0.546841 110.828 
0.557644 -0.0567265 -0.82814 -107.447 0.0226517 0.998331 -0.0531315 -10.0554 0.829771 0.0108697 0.557998 111.42 
0.568461 -0.0577056 -0.820684 -108.322 0.0228902 0.99826 -0.0543365 -10.1306 0.822392 0.0121026 0.568793 112.009 
0.579438 -0.059354 -0.812852 -109.187 0.0251594 0.998172 -0.0549512 -10.2067 0.814628 0.01139 0.579872 112.607 
0.589834 -0.0590262 -0.805364 -110.038 0.0255018 0.998189 -0.0544816 -10.2835 0.807122 0.0115969 0.590271 113.22 
0.600238 -0.0563927 -0.797831 -110.874 0.0244498 0.998339 -0.0521706 -10.3605 0.799447 0.011808 0.60062 113.828 
0.609859 -0.0536637 -0.790691 -111.695 0.0247074 0.998507 -0.0487112 -10.4302 0.792125 0.0101711 0.610274 114.449 
0.619552 -0.0521567 -0.783221 -112.503 0.0235508 0.998576 -0.0478684 -10.4951 0.784602 0.0112115 0.619898 115.077 
0.629432 -0.0517071 -0.775333 -113.293 0.0217002 0.998564 -0.0489777 -10.561 0.776753 0.0140033 0.62965 115.701 
0.638563 -0.0516955 -0.767831 -114.066 0.020322 0.998526 -0.0503268 -10.6242 0.769301 0.0165331 0.638673 116.327 
0.647552 -0.051402 -0.760286 -114.824 0.0205224 0.998537 -0.0500305 -10.6906 0.761745 0.0167945 0.64766 116.957 
0.656281 -0.0495175 -0.75289 -115.579 0.0203618 0.998643 -0.0479317 -10.7562 0.754242 0.0161265 0.656399 117.607 
0.664428 -0.0479455 -0.745813 -116.316 0.0207334 0.998738 -0.0457343 -10.8186 0.747065 0.0149239 0.664583 118.265 
0.672197 -0.0475887 -0.738842 -117.027 0.0212895 0.998762 -0.0449609 -10.8801 0.740067 0.014493 0.672378 118.905 
0.679447 -0.0467433 -0.732234 -117.722 0.0201664 0.998781 -0.0450461 -10.9373 0.733447 0.01584 0.679562 119.556 
0.686346 -0.045754 -0.725834 -118.425 0.0195289 0.998819 -0.0444955 -11.0009 0.727013 0.0163646 0.686429 120.226 
0.693129 -0.043195 -0.719518 -119.111 0.019021 0.998951 -0.0416469 -11.0594 0.720563 0.0151808 0.693224 120.882 
0.700205 -0.0405903 -0.712787 -119.785 0.0181916 0.999073 -0.0390227 -11.1132 0.71371 0.0143572 0.700294 121.538 
0.7075 -0.039117 -0.70563 -120.441 0.0173332 0.999127 -0.0380081 -11.1661 0.706501 0.01466 0.707561 122.183 
0.714882 -0.0384396 -0.698188 -121.091 0.0168919 0.999146 -0.0377134 -11.2181 0.699041 0.015167 0.714921 122.836 
0.722507 -0.0356036 -0.690446 -121.72 0.0143126 0.999229 -0.0365491 -11.2663 0.691215 0.016525 0.72246 123.484 
0.73169 -0.0328683 -0.680845 -122.337 0.0135484 0.999341 -0.0336837 -11.3123 0.681503 0.0154217 0.731653 124.124 
0.741241 -0.0289075 -0.670617 -122.937 0.0115537 0.999474 -0.0303127 -11.3575 0.67114 0.014721 0.741185 124.771 
0.75138 -0.0265709 -0.659334 -123.53 0.00968882 0.999526 -0.0292391 -11.4057 0.659798 0.0155815 0.751281 125.426 
0.761378 -0.0254755 -0.647808 -124.091 0.00792292 0.999519 -0.0299949 -11.4498 0.64826 0.017705 0.761213 126.073 
0.771099 -0.0265688 -0.636161 -124.635 0.00807433 0.999457 -0.0319546 -11.4831 0.636664 0.0195036 0.770894 126.741 
0.781121 -0.0256551 -0.623852 -125.183 0.00775008 0.999477 -0.0313984 -11.5244 0.624331 0.0196911 0.780911 127.414 
0.791229 -0.0246603 -0.611023 -125.722 0.00793703 0.999517 -0.0300618 -11.5576 0.611469 0.0189361 0.791042 128.099 
0.801495 -0.0222877 -0.597587 -126.247 0.0075908 0.999604 -0.0271005 -11.595 0.597954 0.0171848 0.801346 128.773 
0.811294 -0.0210953 -0.584258 -126.76 0.00807201 0.999658 -0.0248851 -11.6291 0.584583 0.015473 0.811187 129.461 
0.820303 -0.0196805 -0.571591 -127.25 0.00858057 0.999719 -0.0221072 -11.6579 0.571865 0.0132301 0.820241 130.169 
0.828488 -0.0190009 -0.559684 -127.733 0.00934843 0.999754 -0.0201028 -11.6873 0.559929 0.0114228 0.828462 130.874 
0.83581 -0.0192146 -0.548683 -128.22 0.0109378 0.999772 -0.01835 -11.7329 0.54891 0.00933577 0.835829 131.593 
0.842391 -0.0190825 -0.538529 -128.687 0.0111442 0.999776 -0.0179944 -11.7631 0.538751 0.00915688 0.842415 132.325 
0.84926 -0.0181415 -0.527663 -129.164 0.0102931 0.999788 -0.0178071 -11.7918 0.527874 0.00969166 0.849267 133.055 
0.85591 -0.0160975 -0.516874 -129.613 0.00865608 0.999821 -0.0168046 -11.8194 0.517052 0.00990918 0.855897 133.782 
0.862094 -0.014937 -0.506528 -130.049 0.00775909 0.999837 -0.0162786 -11.8466 0.506689 0.0101035 0.86207 134.521 
0.867984 -0.0154876 -0.49635 -130.49 0.00854294 0.999831 -0.0162585 -11.8742 0.496518 0.00987187 0.86797 135.266 
0.872989 -0.0169266 -0.487446 -130.922 0.00977481 0.999804 -0.0172122 -11.8986 0.487642 0.0102614 0.872983 136.038 
0.877437 -0.0175239 -0.479372 -131.352 0.010288 0.99979 -0.0177172 -11.9239 0.479582 0.010614 0.877433 136.797 
0.880879 -0.0168908 -0.473041 -131.795 0.00997736 0.999804 -0.0171204 -11.9438 0.473237 0.0103614 0.880874 137.601 
0.883966 -0.0149821 -0.467311 -132.222 0.00973219 0.99986 -0.0136464 -11.9676 0.467449 0.00751509 0.883988 138.391 
0.88712 -0.0106598 -0.461416 -132.656 0.00717032 0.999931 -0.00931516 -11.9931 0.461484 0.00495521 0.887135 139.194 
0.890433 -0.00803255 -0.455045 -133.086 0.00570406 0.999963 -0.0064899 -12.0123 0.45508 0.00318326 0.890445 140.012 
0.893722 -0.00535442 -0.44859 -133.515 0.00380176 0.999983 -0.00436176 -12.0249 0.448606 0.00219282 0.893727 140.832 
0.896897 -0.00404239 -0.442221 -133.94 0.00339546 0.999992 -0.00225454 -12.0334 0.442226 0.000520593 0.896903 141.68 
0.900101 -0.00257448 -0.435674 -134.376 0.00315883 0.999995 0.00061691 -12.0445 0.43567 -0.00193145 0.900105 142.563 
0.903328 -0.00280366 -0.428942 -134.785 0.00435099 0.999987 0.00262672 -12.0496 0.428929 -0.00423906 0.903328 143.436 
0.906894 -0.00297509 -0.421349 -135.212 0.00500019 0.999981 0.00370139 -12.0621 0.42133 -0.00546354 0.906891 144.339 
0.910587 -0.00375901 -0.413299 -135.637 0.00586294 0.999976 0.00382233 -12.0697 0.413275 -0.00590367 0.910587 145.244 
0.914487 -0.00615349 -0.40457 -136.054 0.00822406 0.999961 0.00338019 -12.0791 0.404533 -0.0064183 0.914501 146.168 
0.918443 -0.00767474 -0.395479 -136.46 0.0093897 0.999953 0.00240086 -12.0875 0.395442 -0.00591843 0.918472 147.114 
0.923021 -0.00846759 -0.384656 -136.869 0.00938896 0.999956 0.000517237 -12.1024 0.384634 -0.00408889 0.92306 148.067 
0.92839 -0.00664948 -0.371547 -137.29 0.00708837 0.999975 -0.000184565 -12.1106 0.371539 -0.00246227 0.928414 149.06 
0.934506 -0.00307151 -0.355935 -137.674 0.00370401 0.999993 0.00109541 -12.1216 0.355929 -0.00234201 0.93451 150.066 
0.941196 0.000799203 -0.33786 -138.043 0.000686951 0.999991 0.00427904 -12.1374 0.33786 -0.00425946 0.941187 151.056 
0.947907 0.00396773 -0.318522 -138.396 -0.00217895 0.99998 0.00597187 -12.1423 0.31854 -0.00496668 0.947897 152.065 
0.954603 0.00536831 -0.297832 -138.736 -0.00348669 0.999971 0.00684853 -12.1518 0.29786 -0.00549913 0.954594 153.101 
0.96097 0.00686828 -0.276568 -139.068 -0.00472445 0.999953 0.00841697 -12.1537 0.276613 -0.00678178 0.960958 154.166 
0.966876 0.00774625 -0.255127 -139.375 -0.00508546 0.999926 0.0110871 -12.154 0.255194 -0.00942238 0.966844 155.257 
0.972317 0.0101955 -0.233442 -139.643 -0.00691451 0.999866 0.0148687 -12.16 0.233562 -0.0128429 0.972257 156.319 
0.977364 0.0122121 -0.21121 -139.902 -0.00841206 0.999786 0.0188807 -12.1511 0.211395 -0.0166766 0.977258 157.434 
0.98182 0.0143246 -0.189273 -140.121 -0.0102925 0.999699 0.0222685 -12.151 0.189535 -0.0199155 0.981672 158.66 
0.985735 0.015674 -0.167576 -140.327 -0.0121255 0.999681 0.0221777 -12.1414 0.16787 -0.0198294 0.98561 159.781 
0.989213 0.0148414 -0.145732 -140.519 -0.0120236 0.999724 0.0201973 -12.1282 0.145991 -0.0182272 0.989118 160.935 
0.992031 0.0151036 -0.125083 -140.673 -0.0127687 0.999729 0.0194472 -12.1245 0.125343 -0.017695 0.991956 162.138 
0.994387 0.0137946 -0.104899 -140.821 -0.0116141 0.999704 0.0213685 -12.1112 0.105163 -0.0200302 0.994253 163.332 
0.996283 0.0147317 -0.0848735 -140.951 -0.012807 0.999649 0.023177 -12.1023 0.0851852 -0.0220038 0.996122 164.552 
0.997789 0.0151943 -0.0647049 -141.051 -0.0136514 0.999614 0.0242193 -12.0866 0.0650479 -0.0232824 0.997611 165.759 
0.998865 0.0167278 -0.0445924 -141.127 -0.015633 0.999571 0.024789 -12.0696 0.0449879 -0.0240637 0.998698 167.004 
0.999565 0.0170346 -0.0240925 -141.182 -0.0164162 0.999537 0.0256366 -12.0588 0.024518 -0.0252299 0.999381 168.26 
0.999805 0.0193996 -0.00371741 -141.214 -0.0192998 0.999495 0.0252276 -12.0428 0.0042049 -0.0251509 0.999675 169.531 
0.999659 0.0204722 0.016194 -141.208 -0.0208583 0.999493 0.0240474 -12.027 -0.0156935 -0.024377 0.99958 170.886 
0.999154 0.0204947 0.0356625 -141.185 -0.0212822 0.999535 0.0218472 -12.0178 -0.0351982 -0.0225877 0.999125 172.163 
0.998256 0.0223368 0.0546471 -141.149 -0.0234238 0.999539 0.019334 -12.0079 -0.0541901 -0.0205803 0.998319 173.512 
0.997017 0.0225701 0.0738033 -141.084 -0.0239381 0.999557 0.0177054 -11.9968 -0.073371 -0.0194193 0.997116 174.816 
0.99545 0.0226755 0.0925475 -140.978 -0.0241362 0.999601 0.0146955 -11.9917 -0.0921774 -0.0168623 0.9956 176.201 
0.993572 0.0235971 0.110715 -140.839 -0.024824 0.999645 0.00971592 -12.0006 -0.110447 -0.0124018 0.993805 177.58 
0.99141 0.0252311 0.128335 -140.678 -0.0258413 0.999661 0.00309225 -12.0075 -0.128214 -0.00638199 0.991726 178.949 
0.988933 0.0273097 0.145826 -140.502 -0.0273337 0.999625 -0.00183896 -12.0221 -0.145821 -0.00216732 0.989309 180.36 
0.986113 0.0295557 0.163425 -140.292 -0.0290229 0.999563 -0.00564752 -12.071 -0.163521 0.000826064 0.98654 181.812 
0.983008 0.0316377 0.180814 -140.046 -0.0306308 0.999496 -0.0083584 -12.0992 -0.180987 0.00267793 0.983482 183.238 
0.97959 0.0311615 0.198575 -139.803 -0.0301602 0.999513 -0.00806538 -12.1263 -0.198729 0.00191175 0.980053 184.68 
0.97599 0.0304489 0.215677 -139.532 -0.0292861 0.999534 -0.00858539 -12.1587 -0.215838 0.00206293 0.976427 186.062 
0.972256 0.0301517 0.231968 -139.147 -0.0277528 0.999522 -0.0135987 -12.1983 -0.232267 0.00678366 0.972628 187.543 
0.96822 0.0312565 0.24814 -138.799 -0.0276993 0.999458 -0.0178147 -12.2393 -0.248562 0.0103752 0.96856 188.981 
0.963782 0.0333292 0.264602 -138.373 -0.0297141 0.999403 -0.017654 -12.3148 -0.265032 0.00915223 0.964196 190.535 
0.958859 0.0355476 0.281647 -137.91 -0.0317015 0.999332 -0.0182017 -12.3674 -0.282106 0.00852424 0.959345 192.068 
0.953491 0.0391218 0.298872 -137.429 -0.034369 0.999186 -0.021144 -12.4299 -0.299456 0.00988869 0.954059 193.574 
0.947969 0.0396871 0.315878 -136.923 -0.0335339 0.999128 -0.0248933 -12.5007 -0.316591 0.0130055 0.948473 195.096 
0.942119 0.0404299 0.332834 -136.392 -0.0333057 0.999078 -0.0270845 -12.5771 -0.333622 0.0144316 0.942597 196.603 
0.935874 0.040548 0.349994 -135.854 -0.0313119 0.998997 -0.0320099 -12.6618 -0.350941 0.0189983 0.936205 198.102 
0.928484 0.0436168 0.368803 -135.255 -0.0317789 0.998768 -0.0381148 -12.7413 -0.370011 0.0236689 0.928726 199.673 
0.919536 0.0468959 0.390198 -134.624 -0.0333893 0.998588 -0.04133 -12.8522 -0.391585 0.0249761 0.919803 201.229 
0.909018 0.0497407 0.413778 -133.951 -0.0353811 0.998478 -0.0423003 -12.9747 -0.415253 0.0238118 0.909394 202.767 
0.896837 0.0546188 0.438976 -133.262 -0.038871 0.99824 -0.0447899 -13.0839 -0.44065 0.0231058 0.897382 204.284 
0.88388 0.0589506 0.463984 -132.488 -0.0412926 0.997987 -0.0481358 -13.19 -0.465887 0.0233872 0.884535 205.815 
0.870111 0.062699 0.488851 -131.745 -0.0431623 0.997758 -0.0511452 -13.3061 -0.490962 0.0234022 0.870867 207.27 
0.856093 0.0642239 0.512816 -130.945 -0.0427346 0.997648 -0.0536019 -13.4029 -0.515052 0.0239733 0.856823 208.701 
0.841216 0.066076 0.536646 -130.073 -0.0426189 0.99752 -0.0560153 -13.5298 -0.539017 0.0242497 0.841946 210.211 
0.825864 0.0681473 0.559736 -129.24 -0.0410181 0.997301 -0.0609 -13.6434 -0.562376 0.0273358 0.82643 211.56 
0.810348 0.0702602 0.581722 -128.355 -0.0388491 0.997043 -0.0663051 -13.7633 -0.58466 0.0311308 0.810681 212.909 
0.794846 0.0723912 0.602478 -127.393 -0.0379705 0.996846 -0.0696825 -13.8962 -0.605623 0.0325104 0.795088 214.294 
0.77946 0.0737532 0.622095 -126.446 -0.036214 0.99669 -0.072789 -14.0315 -0.625404 0.0342076 0.779551 215.573 
0.76481 0.0737505 0.640021 -125.447 -0.0340147 0.996663 -0.0742 -14.1864 -0.643358 0.0349788 0.764766 216.8 
0.7503 0.0743451 0.656904 -124.411 -0.0325867 0.996608 -0.0755712 -14.3516 -0.660294 0.0352947 0.750177 218.046 
0.735796 0.0749033 0.673048 -123.368 -0.0298392 0.996485 -0.0782773 -14.4847 -0.676546 0.0375129 0.735445 219.26 
0.721762 0.0761191 0.687943 -122.279 -0.0274421 0.9963 -0.0814468 -14.6424 -0.691597 0.0399066 0.72118 220.451 
0.707787 0.078033 0.702103 -121.187 -0.0248536 0.996016 -0.0856441 -14.7976 -0.705988 0.0431681 0.706907 221.587 
0.693607 0.0796045 0.715942 -120.039 -0.0231167 0.995823 -0.0883285 -14.957 -0.719983 0.0447151 0.69255 222.742 
0.679166 0.0802885 0.72958 -118.88 -0.022084 0.995785 -0.0890256 -15.1254 -0.733652 0.0443512 0.678077 223.847 
0.663466 0.0815592 0.743748 -117.733 -0.0227084 0.995778 -0.0889394 -15.2865 -0.747861 0.042119 0.662517 224.918 
0.647008 0.0826538 0.75799 -116.551 -0.0250471 0.995875 -0.0872137 -15.452 -0.762072 0.0374425 0.646409 225.973 
0.63019 0.0835939 0.771928 -115.369 -0.0270167 0.995946 -0.0857972 -15.6093 -0.775971 0.0332136 0.629893 226.984 
0.613313 0.0854221 0.785207 -114.161 -0.0295585 0.99592 -0.0852577 -15.7726 -0.789287 0.0290801 0.613336 227.97 
0.596042 0.088424 0.79807 -112.967 -0.0303445 0.995689 -0.0876566 -15.9358 -0.80238 0.02803 0.596155 228.915 
0.578747 0.0920318 0.810297 -111.758 -0.0326347 0.99543 -0.0897496 -16.0989 -0.814854 0.0254985 0.579105 229.827 
0.560187 0.0919813 0.823244 -110.509 -0.0324071 0.995489 -0.0891743 -16.2675 -0.827732 0.0232753 0.56064 230.729 
0.540293 0.0908967 0.836553 -109.245 -0.0331203 0.995676 -0.0867953 -16.4388 -0.840825 0.0191879 0.540967 231.594 
0.51991 0.0888654 0.849586 -107.995 -0.0331082 0.995923 -0.0839112 -16.6044 -0.853579 0.0154981 0.520733 232.405 
0.499081 0.0876718 0.862109 -106.721 -0.033399 0.996076 -0.0819605 -16.7554 -0.865911 0.0121114 0.500051 233.197 
0.478236 0.0867167 0.87394 -105.45 -0.0328345 0.996183 -0.0808786 -16.9065 -0.877618 0.00998371 0.479258 233.943 
0.457743 0.0861942 0.884896 -104.177 -0.0315379 0.996237 -0.0807253 -17.0529 -0.888525 0.00904371 0.458739 234.645 
0.43756 0.0853308 0.895131 -102.866 -0.0294673 0.996313 -0.0805719 -17.2127 -0.898706 0.00887796 0.438461 235.324 
0.417503 0.085537 0.904641 -101.574 -0.027047 0.996288 -0.08172 -17.3605 -0.908273 0.00965054 0.418267 235.945 
0.397363 0.0846781 0.913746 -100.24 -0.0231203 0.996341 -0.0822778 -17.5115 -0.91737 0.011568 0.397867 236.562 
0.376982 0.0827003 0.922521 -98.9296 -0.0214721 0.996519 -0.0805593 -17.6645 -0.925972 0.0105609 0.377445 237.13 
0.357355 0.0824333 0.930324 -97.6324 -0.020522 0.99655 -0.0804185 -17.8087 -0.933743 0.0096459 0.357814 237.634 
0.337833 0.0873296 0.937146 -96.2977 -0.0210864 0.996139 -0.0852255 -17.9528 -0.94097 0.00903094 0.33837 238.15 
0.31881 0.0965997 0.942883 -94.9516 -0.0219401 0.995278 -0.0945492 -18.1051 -0.947565 0.00945632 0.319424 238.643 
0.299816 0.104531 0.948253 -93.6499 -0.0239847 0.994491 -0.102044 -18.2587 -0.953696 0.00785094 0.300671 239.088 
0.280568 0.108504 0.953682 -92.3482 -0.0261709 0.994085 -0.105401 -18.4249 -0.959477 0.00461355 0.281748 239.513 
0.261043 0.109984 0.959041 -91.0497 -0.028633 0.993933 -0.106192 -18.5869 -0.964903 0.000260351 0.262608 239.907 
0.24122 0.110262 0.964186 -89.7698 -0.0323671 0.993886 -0.105561 -18.7515 -0.969931 -0.00574448 0.243314 240.274 
0.221969 0.110689 0.968751 -88.4994 -0.0338241 0.993812 -0.105802 -18.9084 -0.974467 -0.00928231 0.22434 240.615 
0.203067 0.109183 0.973059 -87.2323 -0.0340807 0.99395 -0.104415 -19.0673 -0.978572 -0.0119594 0.205559 240.919 
0.184735 0.109278 0.976694 -85.9958 -0.0339252 0.993916 -0.104788 -19.219 -0.982203 -0.0137765 0.187319 241.184 
0.166521 0.109991 0.979884 -84.7643 -0.0331888 0.993821 -0.105916 -19.372 -0.985479 -0.014884 0.169142 241.427 
0.147608 0.113585 0.982502 -83.5364 -0.0368409 0.993326 -0.109302 -19.5233 -0.98836 -0.0200624 0.150807 241.655 
0.12916 0.115503 0.984874 -82.2814 -0.0368889 0.993065 -0.111626 -19.6785 -0.990937 -0.0219134 0.132525 241.858 
0.112452 0.112675 0.987248 -81.0569 -0.0371749 0.993332 -0.109135 -19.8356 -0.992962 -0.0244285 0.115891 242.028 
0.0971946 0.108147 0.989372 -79.8412 -0.0345452 0.993846 -0.105243 -19.9888 -0.994666 -0.023949 0.100332 242.17 
0.0833249 0.104043 0.991076 -78.6369 -0.0344221 0.994242 -0.101481 -20.137 -0.995928 -0.0256591 0.0864264 242.291 
0.0705477 0.100502 0.992433 -77.4405 -0.032079 0.994625 -0.0984437 -20.2864 -0.996993 -0.0248913 0.0733925 242.406 
0.0599484 0.100461 0.993133 -76.2682 -0.0314261 0.99462 -0.0987139 -20.4311 -0.997707 -0.0252926 0.0627829 242.507 
0.0512402 0.102769 0.993385 -75.1119 -0.0320546 0.994348 -0.101216 -20.5696 -0.998172 -0.0266562 0.0542448 242.595 
0.044354 0.104386 0.993547 -73.9607 -0.0330396 0.994135 -0.102973 -20.7098 -0.998469 -0.0282592 0.0475427 242.673 
0.0386456 0.108451 0.99335 -72.8409 -0.0334694 0.993676 -0.107185 -20.8529 -0.998692 -0.0291047 0.042031 242.739 
0.0332473 0.117076 0.992566 -71.7376 -0.0328069 0.992708 -0.115994 -20.9964 -0.998909 -0.0287066 0.0368457 242.801 
0.0281867 0.119816 0.992396 -70.6426 -0.0346731 0.99231 -0.118821 -21.1343 -0.999001 -0.0310603 0.0321243 242.864 
0.0243892 0.111604 0.993453 -69.5404 -0.0336604 0.993277 -0.110758 -21.273 -0.999136 -0.0307388 0.0279818 242.918 
0.0220063 0.101681 0.994574 -68.4408 -0.0322479 0.994369 -0.100947 -21.4109 -0.999238 -0.0298514 0.0251614 242.966 
0.0205885 0.0979991 0.994974 -67.3514 -0.0318367 0.994744 -0.0973177 -21.5381 -0.999281 -0.029673 0.0236003 243.011 
0.0203744 0.100151 0.994764 -66.2767 -0.0326562 0.994506 -0.0994563 -21.6614 -0.999259 -0.0304588 0.023533 243.064 
0.0207132 0.103163 0.994449 -65.2123 -0.032331 0.994211 -0.102465 -21.7875 -0.999263 -0.0300292 0.0239286 243.108 
0.0221606 0.105696 0.994152 -64.1665 -0.0347412 0.993877 -0.104892 -21.9115 -0.999151 -0.0322136 0.0256969 243.161 
0.0242171 0.10656 0.994011 -63.1298 -0.0368767 0.993722 -0.10563 -22.0343 -0.999026 -0.0340978 0.0279946 243.209 
0.0272093 0.108189 0.993758 -62.1028 -0.0377573 0.993528 -0.10713 -22.1571 -0.998916 -0.0346066 0.0311181 243.264 
0.0308516 0.109238 0.993537 -61.0865 -0.039823 0.993355 -0.107981 -22.2803 -0.99873 -0.0362342 0.0349968 243.322 
0.0353133 0.110429 0.993257 -60.0729 -0.0410974 0.993196 -0.108961 -22.4028 -0.998531 -0.0369725 0.0396114 243.389 
0.0418242 0.10942 0.993115 -59.0571 -0.0421351 0.993294 -0.107665 -22.525 -0.998236 -0.0373421 0.0461542 243.451 
0.0478925 0.108231 0.992971 -58.0449 -0.0410245 0.993487 -0.106309 -22.6443 -0.99801 -0.0356448 0.0520207 243.531 
0.055252 0.107179 0.992703 -57.0448 -0.038754 0.993703 -0.10513 -22.7696 -0.99772 -0.0326626 0.0590577 243.603 
0.0623827 0.108108 0.99218 -56.0474 -0.0378702 0.993657 -0.105888 -22.888 -0.997334 -0.0309685 0.066081 243.69 
0.0689623 0.108016 0.991754 -55.0602 -0.0387341 0.993661 -0.105531 -23.0063 -0.996867 -0.0311371 0.0727091 243.783 
0.0754351 0.107046 0.991388 -54.0727 -0.0398998 0.993749 -0.104265 -23.1218 -0.996352 -0.031691 0.0792347 243.887 
0.0818282 0.105063 0.991093 -53.0879 -0.0408128 0.993947 -0.101996 -23.2369 -0.99581 -0.0321032 0.0856208 243.996 
0.0884909 0.103427 0.990693 -52.0966 -0.0406506 0.994141 -0.100156 -23.3534 -0.995247 -0.0314094 0.0921768 244.109 
0.0951478 0.104194 0.989995 -51.1183 -0.0410164 0.994073 -0.100681 -23.464 -0.994618 -0.0310265 0.0988574 244.226 
0.10185 0.106331 0.989101 -50.1507 -0.0406646 0.993885 -0.102658 -23.5766 -0.993968 -0.0297657 0.105551 244.349 
0.108166 0.10779 0.988272 -49.182 -0.0408968 0.993745 -0.103911 -23.689 -0.993291 -0.0291775 0.111898 244.477 
0.114417 0.109763 0.987351 -48.2346 -0.0431605 0.993488 -0.105443 -23.8018 -0.992495 -0.03055 0.118409 244.615 
0.120371 0.110582 0.986551 -47.2633 -0.0454611 0.993348 -0.105797 -23.9128 -0.991688 -0.0321147 0.124598 244.77 
0.126926 0.110106 0.985782 -46.3053 -0.0461654 0.993399 -0.105012 -24.0289 -0.990837 -0.0321802 0.131171 244.923 
0.133178 0.108031 0.985187 -45.343 -0.0473265 0.993601 -0.102556 -24.1414 -0.989962 -0.0329672 0.137439 245.079 
0.139503 0.106494 0.984479 -44.3889 -0.0475221 0.993775 -0.100765 -24.2538 -0.989081 -0.0327275 0.143695 245.239 
0.145975 0.105749 0.98362 -43.4386 -0.0474095 0.993876 -0.0998158 -24.3654 -0.988152 -0.0320624 0.150094 245.404 
0.152936 0.106915 0.982436 -42.4996 -0.0473881 0.99378 -0.100772 -24.4746 -0.987099 -0.0311441 0.157051 245.572 
0.160152 0.107369 0.981236 -41.5566 -0.0451579 0.993823 -0.101376 -24.5805 -0.986059 -0.028075 0.164012 245.746 
0.168595 0.108844 0.979657 -40.6283 -0.044101 0.993722 -0.102817 -24.6909 -0.984698 -0.0258694 0.172337 245.93 
