1 2.12261e-08 -2.11895e-08 0 2.12261e-08 1 2.10703e-08 0 -2.11895e-08 2.10703e-08 1 0 
0.999874 0.00156451 0.0157989 0.0121406 -0.00154932 0.999998 -0.000970465 -0.00370607 -0.0158005 0.000945906 0.999875 0.124866 
0.999298 0.00443011 0.0372037 0.028002 -0.00441391 0.99999 -0.000516318 -0.00651359 -0.0372057 0.000351783 0.999308 0.264279 
0.997905 0.00625382 0.0643894 0.0593408 -0.00632007 0.99998 0.000825887 -0.00714325 -0.064383 -0.00123106 0.997925 0.417079 
0.995118 0.00585296 0.0985155 0.1063 -0.00618756 0.999976 0.00309169 -0.00758102 -0.0984951 -0.00368612 0.995131 0.580902 
0.990616 0.00275254 0.136647 0.168614 -0.00348133 0.999981 0.00509497 -0.00604331 -0.13663 -0.00552284 0.990607 0.751543 
0.98435 -0.000104049 0.176224 0.238237 -0.000870798 0.999985 0.0054548 -0.00340634 -0.176222 -0.00552285 0.984335 0.928893 
0.975552 0.000396963 0.219768 0.328271 -0.00185558 0.999978 0.00643093 0.00274334 -0.21976 -0.00668147 0.975531 1.11627 
0.963435 0.000722678 0.267943 0.423334 -0.00330643 0.999952 0.00919199 0.00584973 -0.267924 -0.00974178 0.963391 1.31553 
0.948965 -0.00354293 0.315362 0.517553 -0.00179112 0.99986 0.0166228 -0.00505358 -0.315377 -0.0163392 0.948826 1.49327 
0.931899 -0.0130385 0.362483 0.639662 0.00439455 0.999686 0.0246609 -0.01276 -0.362691 -0.0213884 0.931664 1.68146 
0.910451 -0.0182429 0.413214 0.778906 0.00691696 0.999559 0.028889 -0.0101336 -0.413558 -0.0234438 0.910176 1.87588 
0.884943 -0.0194079 0.465296 0.905695 0.00468225 0.999452 0.0327831 -0.00782119 -0.465677 -0.0268325 0.884548 2.05585 
0.856394 -0.0215764 0.515872 1.06586 0.00269555 0.9993 0.0373211 -0.00367099 -0.516316 -0.030571 0.855852 2.24904 
0.823722 -0.0266145 0.566368 1.23912 0.00366121 0.999127 0.0416257 -0.00568437 -0.566982 -0.0322144 0.8231 2.44253 
0.787379 -0.0319828 0.615639 1.43787 0.00560234 0.998983 0.0447327 -0.000317635 -0.616443 -0.0317726 0.786758 2.63143 
0.74885 -0.0362237 0.661749 1.65118 0.00630633 0.998849 0.0475401 -0.00195121 -0.662709 -0.0314272 0.748217 2.81888 
0.70827 -0.0392955 0.704847 1.88353 0.00717728 0.998799 0.0484714 0.00915421 -0.705905 -0.0292719 0.707701 3.01245 
0.665544 -0.0408942 0.745237 2.14671 0.00597964 0.998758 0.0494658 0.0227486 -0.746334 -0.0284654 0.664962 3.22004 
0.621841 -0.0409869 0.78207 2.44055 0.000960602 0.998669 0.0515747 0.0339524 -0.783143 -0.03132 0.621053 3.45187 
0.579477 -0.0417395 0.813919 2.75933 -0.0021729 0.998605 0.0527577 0.0421753 -0.814986 -0.0323404 0.578578 3.65539 
0.538707 -0.0432171 0.841384 3.11524 -0.00403392 0.99854 0.0538721 0.0524593 -0.842484 -0.0324153 0.537746 3.86021 
0.499467 -0.0453418 0.865146 3.49237 -0.00580265 0.998432 0.0556773 0.0676048 -0.866314 -0.0328291 0.49842 4.06255 
0.461639 -0.0450335 0.885924 3.9003 -0.0089767 0.998422 0.0554297 0.0855401 -0.887022 -0.0335412 0.460507 4.26073 
0.424766 -0.044348 0.904217 4.34599 -0.00993467 0.998511 0.0536397 0.104961 -0.905249 -0.0317674 0.423693 4.45537 
0.390825 -0.0428256 0.919468 4.81829 -0.00852006 0.998706 0.0501378 0.132283 -0.920425 -0.027429 0.389955 4.64082 
0.360912 -0.0409554 0.9317 5.32404 -0.00648095 0.998901 0.04642 0.15626 -0.932578 -0.0227918 0.36025 4.82122 
0.335293 -0.0389963 0.941306 5.86159 -0.00521246 0.999051 0.0432453 0.182438 -0.942099 -0.0194064 0.334772 5.00385 
0.314888 -0.0385134 0.948347 6.42459 -0.00400093 0.999114 0.0419036 0.203749 -0.949121 -0.0169892 0.314455 5.19009 
0.300086 -0.0389479 0.953117 7.02771 -0.00305946 0.999122 0.0417911 0.229883 -0.953907 -0.015457 0.299704 5.38072 
0.288453 -0.0403191 0.956645 7.64916 -0.00194586 0.999086 0.0426946 0.255828 -0.957492 -0.0141769 0.288111 5.57392 
0.27742 -0.042242 0.95982 8.29359 -0.00322535 0.998986 0.0448981 0.277652 -0.960743 -0.0155514 0.277003 5.76973 
0.266803 -0.0440629 0.962743 8.96889 -0.00459554 0.998885 0.0469907 0.301452 -0.96374 -0.0169616 0.266303 5.96681 
0.256631 -0.0455679 0.965435 9.66366 -0.00548361 0.998803 0.0486006 0.33375 -0.966494 -0.0177665 0.256074 6.16097 
0.246465 -0.0474671 0.967989 10.3903 -0.00643622 0.998698 0.0506118 0.364364 -0.96913 -0.0187042 0.245839 6.35432 
0.236242 -0.0488384 0.970466 11.14 -0.00633875 0.998637 0.0517992 0.398598 -0.971674 -0.0183887 0.23561 6.53852 
0.225694 -0.0500774 0.97291 11.9046 -0.00652019 0.998578 0.0529112 0.433005 -0.974176 -0.0182853 0.225047 6.7302 
0.215137 -0.0529966 0.975145 12.6856 -0.00790103 0.998399 0.0560036 0.466317 -0.976552 -0.0197531 0.214374 6.91181 
0.203851 -0.0564359 0.977374 13.4748 -0.00953328 0.998175 0.0596254 0.505201 -0.978956 -0.0214723 0.202941 7.08436 
0.191474 -0.060347 0.979641 14.2689 -0.0101055 0.997934 0.0634491 0.542548 -0.981446 -0.0220487 0.190469 7.25542 
0.178312 -0.0625021 0.981987 15.0683 -0.0112089 0.997787 0.0655431 0.579034 -0.98391 -0.0226942 0.177217 7.41292 
0.164157 -0.0630128 0.98442 15.8758 -0.0114788 0.997768 0.0657815 0.619709 -0.986368 -0.0220984 0.163067 7.55916 
0.149693 -0.0620944 0.986781 16.6871 -0.0128784 0.997819 0.0647427 0.656148 -0.988649 -0.0223997 0.148567 7.69088 
0.133097 -0.0608906 0.989231 17.4974 -0.0135158 0.997907 0.0632432 0.695408 -0.991011 -0.0217877 0.131995 7.80778 
0.112355 -0.0592766 0.991899 18.3239 -0.0162814 0.997975 0.0614841 0.732774 -0.993535 -0.0230575 0.111162 7.91835 
0.0865157 -0.0579088 0.994566 19.1581 -0.0207504 0.997988 0.0599131 0.769257 -0.996034 -0.025821 0.08514 8.0042 
0.0557987 -0.0572833 0.996797 19.9968 -0.0247636 0.997966 0.0587367 0.806748 -0.998135 -0.0279617 0.0542667 8.06434 
0.022446 -0.0571504 0.998113 20.8329 -0.027966 0.997938 0.0577693 0.839498 -0.999357 -0.0292099 0.0208014 8.08884 
-0.0122539 -0.0564163 0.998332 21.6697 -0.0294331 0.997995 0.056036 0.869574 -0.999492 -0.0286973 -0.0138898 8.08653 
-0.0460716 -0.0549389 0.997426 22.5091 -0.0302712 0.998105 0.0535781 0.902841 -0.998479 -0.0277249 -0.0476474 8.05036 
-0.0790801 -0.0529197 0.995463 23.3444 -0.0323184 0.998201 0.0504979 0.9292 -0.996344 -0.0281784 -0.0806481 7.99037 
-0.111445 -0.0500775 0.992508 24.1774 -0.0343509 0.998327 0.046514 0.952483 -0.993177 -0.0289098 -0.112978 7.90426 
-0.144061 -0.0455649 0.988519 25.008 -0.0314161 0.998646 0.0414533 0.972975 -0.98907 -0.0250836 -0.145297 7.78564 
-0.175701 -0.0396493 0.983645 25.8376 -0.0263872 0.999019 0.0355557 0.989864 -0.98409 -0.0197085 -0.176575 7.63688 
-0.206134 -0.0331607 0.977962 26.631 -0.0192699 0.999369 0.0298249 0.993935 -0.978334 -0.0126974 -0.206643 7.47804 
-0.234889 -0.0280152 0.971618 27.3978 -0.014009 0.999578 0.0254347 0.98308 -0.971921 -0.00763707 -0.235182 7.28077 
-0.262904 -0.0218324 0.964575 28.2264 -0.00531068 0.999762 0.0211814 0.981999 -0.964807 0.000446115 -0.262957 7.06693 
-0.289077 -0.0116229 0.957235 29.0239 0.000621711 0.999924 0.012329 0.973464 -0.957306 0.00415916 -0.289047 6.82486 
-0.314566 0.00368709 0.949229 29.783 0.00499803 0.999985 -0.00222791 0.956137 -0.949223 0.00404344 -0.314579 6.57945 
-0.339063 0.0212775 0.940523 30.5539 0.00670558 0.999774 -0.0202005 0.932932 -0.94074 -0.000542513 -0.339129 6.30499 
-0.36414 0.0361326 0.930643 31.3027 0.00724077 0.999327 -0.0359661 0.899133 -0.931316 -0.00635812 -0.364156 6.02354 
-0.388389 0.0466067 0.920316 32.06 0.0111585 0.998885 -0.0458764 0.856554 -0.921428 -0.00754856 -0.388476 5.70161 
-0.411482 0.0506366 0.91001 32.8135 0.0143975 0.998692 -0.049061 0.801411 -0.911304 -0.00708593 -0.411673 5.35677 
-0.433992 0.0504332 0.899504 33.5527 0.0183059 0.998719 -0.0471638 0.74712 -0.900731 -0.00400247 -0.434359 5.00096 
-0.453973 0.0460806 0.889823 34.2808 0.0213368 0.998938 -0.0408455 0.698681 -0.89076 0.000443227 -0.454474 4.63139 
-0.471363 0.0450134 0.88079 34.9975 0.0293257 0.998944 -0.0353578 0.649758 -0.881452 0.00916336 -0.472186 4.23524 
-0.484957 0.0455173 0.873353 35.7049 0.0315255 0.998905 -0.0345553 0.601982 -0.87397 0.0107751 -0.485861 3.84178 
-0.495915 0.0495662 0.866955 36.4051 0.0352531 0.998696 -0.0369327 0.558014 -0.867655 0.0122474 -0.497015 3.44205 
-0.505922 0.0520238 0.861009 37.0825 0.0360763 0.998582 -0.0391381 0.51226 -0.861825 0.0112611 -0.507081 3.06353 
-0.517071 0.0511865 0.854411 37.7267 0.0298569 0.998681 -0.0417608 0.46703 -0.855421 0.00391668 -0.517918 2.70654 
-0.527987 0.0497832 0.847792 38.4162 0.0291163 0.998755 -0.0405148 0.421748 -0.848754 0.00329334 -0.528778 2.28762 
-0.536714 0.051124 0.842214 39.0918 0.0309928 0.998684 -0.0408713 0.377283 -0.843195 0.00416639 -0.537592 1.86857 
-0.544024 0.0540711 0.837325 39.7728 0.0342314 0.998521 -0.0422398 0.325233 -0.838371 0.00568332 -0.545071 1.43729 
-0.547531 0.0569833 0.834843 40.4599 0.0352376 0.998364 -0.0450341 0.283963 -0.836043 0.00476035 -0.548643 1.00359 
-0.547265 0.0592354 0.834861 41.1681 0.0351716 0.998239 -0.0477719 0.239405 -0.83622 0.00321953 -0.548384 0.553921 
-0.54422 0.0593717 0.836839 41.8927 0.0368998 0.998221 -0.0468244 0.193827 -0.83813 0.00539643 -0.545443 0.103645 
-0.538358 0.0582155 0.840703 42.6438 0.0349438 0.998295 -0.0467513 0.142902 -0.841992 0.0042084 -0.539474 -0.362269 
-0.531508 0.0568534 0.845143 43.4069 0.0324747 0.998379 -0.0467384 0.0970933 -0.84643 0.00260386 -0.532493 -0.817621 
-0.52447 0.0564347 0.849556 44.1868 0.0309276 0.998405 -0.0472295 0.0436604 -0.850867 0.00150426 -0.525379 -1.27458 
-0.51815 0.0549842 0.853521 44.9882 0.0279675 0.998487 -0.0473446 -0.00698855 -0.854832 -0.000660733 -0.518904 -1.73671 
-0.51442 0.0526411 0.855921 45.7819 0.0233906 0.998604 -0.0473583 -0.0534925 -0.857219 -0.00434153 -0.514933 -2.16755 
-0.513075 0.0499578 0.856888 46.613 0.0192328 0.998723 -0.046711 -0.108004 -0.858128 -0.00748591 -0.513381 -2.63892 
-0.513603 0.0472495 0.856726 47.4654 0.0159666 0.998836 -0.0455151 -0.167436 -0.857879 -0.00969765 -0.51376 -3.11894 
-0.514635 0.0461543 0.856167 48.3202 0.0147184 0.998879 -0.0450005 -0.222308 -0.857283 -0.0105574 -0.514737 -3.60726 
-0.515262 0.0453838 0.85583 49.1775 0.0145049 0.998916 -0.0442385 -0.276343 -0.85691 -0.0103807 -0.515361 -4.09855 
-0.51577 0.045062 0.855541 50.0602 0.0143646 0.99893 -0.0439546 -0.327478 -0.856607 -0.0103809 -0.515865 -4.59245 
-0.516424 0.0442157 0.855191 50.9337 0.0147517 0.998977 -0.0427417 -0.382993 -0.856206 -0.0094573 -0.516548 -5.08011 
-0.517039 0.0438542 0.854837 51.8247 0.0138524 0.998985 -0.0428705 -0.432914 -0.855849 -0.0103242 -0.517122 -5.58081 
-0.517534 0.0419974 0.854631 52.7468 0.011974 0.999052 -0.0418434 -0.500765 -0.855579 -0.011422 -0.517547 -6.10237 
-0.517725 0.041402 0.854545 53.6218 0.0116246 0.999077 -0.0413617 -0.558513 -0.855468 -0.0114803 -0.517728 -6.60354 
-0.517403 0.0405027 0.854783 54.5084 0.00979904 0.999094 -0.0414093 -0.616054 -0.855686 -0.0130492 -0.517331 -7.11181 
-0.51639 0.0389329 0.855468 55.3911 0.00930898 0.999162 -0.0398532 -0.674834 -0.856303 -0.0126163 -0.516319 -7.61449 
-0.514988 0.0368085 0.856407 56.2679 0.00956438 0.999262 -0.037197 -0.735977 -0.857144 -0.010965 -0.51496 -8.1044 
-0.51303 0.0352861 0.857645 57.1547 0.00947118 0.999327 -0.0354498 -0.792168 -0.858318 -0.0100639 -0.513019 -8.60251 
-0.510803 0.0350407 0.858984 58.0457 0.00957512 0.999339 -0.0350722 -0.847595 -0.859645 -0.00969013 -0.5108 -9.10809 
-0.509138 0.0351677 0.859966 58.93 0.00969343 0.999336 -0.0351282 -0.90475 -0.86063 -0.00954909 -0.509141 -9.60522 
-0.508443 0.0358061 0.860351 59.8226 0.00974089 0.99931 -0.0358326 -0.957737 -0.86104 -0.00983829 -0.508442 -10.1073 
-0.5098 0.0371063 0.859493 60.7124 0.00881084 0.999242 -0.0379136 -1.01357 -0.860248 -0.0117555 -0.50974 -10.5946 
-0.512996 0.0388534 0.857511 61.5936 0.0073479 0.999137 -0.0408746 -1.06979 -0.85836 -0.0146676 -0.512839 -11.0947 
-0.517572 0.0393531 0.854735 62.4725 0.00613965 0.999087 -0.0422815 -1.12882 -0.855618 -0.0166359 -0.517341 -11.6018 
-0.523183 0.0381744 0.851365 63.3515 0.00719068 0.999158 -0.0403825 -1.18136 -0.85219 -0.0150055 -0.523017 -12.1146 
-0.528666 0.036053 0.848064 64.2148 0.0085824 0.999274 -0.0371311 -1.23771 -0.848787 -0.0123515 -0.528591 -12.6338 
-0.5341 0.0335266 0.844757 65.0908 0.00570645 0.999334 -0.0360535 -1.29569 -0.845402 -0.0144356 -0.533935 -13.1528 
-0.539196 0.0368993 0.841372 65.94 0.00769842 0.999214 -0.0388881 -1.34941 -0.842145 -0.0144911 -0.539056 -13.6764 
-0.544375 0.0383302 0.837966 66.7767 0.00798303 0.999147 -0.0405168 -1.40612 -0.838804 -0.0153669 -0.544216 -14.1996 
-0.54909 0.039197 0.834844 67.6078 0.00665944 0.999073 -0.0425277 -1.46259 -0.835737 -0.017792 -0.548842 -14.7199 
-0.552923 0.0392799 0.832306 68.4349 0.00524741 0.999033 -0.0436624 -1.52183 -0.833216 -0.0197745 -0.552594 -15.2448 
-0.556221 0.0385012 0.830142 69.2512 0.00594353 0.999085 -0.0423543 -1.57923 -0.831013 -0.0186243 -0.55594 -15.7734 
-0.558661 0.0316251 0.828793 70.0715 0.00646587 0.999409 -0.033777 -1.63129 -0.829371 -0.013511 -0.558535 -16.3061 
-0.560743 0.0228902 0.827674 70.8884 0.00588726 0.999703 -0.0236593 -1.68462 -0.827969 -0.00839404 -0.560711 -16.8428 
-0.562168 0.0219026 0.826733 71.6952 0.00752515 0.999743 -0.0213691 -1.72887 -0.826989 -0.00579174 -0.562189 -17.3715 
-0.563406 0.0260734 0.825769 72.4928 0.00685791 0.999615 -0.0268835 -1.76777 -0.826152 -0.00948328 -0.563367 -17.8945 
-0.564573 0.0326262 0.824738 73.2878 0.00885227 0.9994 -0.0334759 -1.81223 -0.825336 -0.0115988 -0.564523 -18.4226 
-0.564922 0.036387 0.824342 74.0792 0.0142236 0.999308 -0.0343626 -1.85953 -0.825022 -0.00768714 -0.565049 -18.9565 
-0.564692 0.0378738 0.824432 74.8719 0.0178285 0.999273 -0.0336942 -1.9092 -0.825109 -0.00432845 -0.564957 -19.4974 
-0.564424 0.0341944 0.824776 75.6639 0.016265 0.999408 -0.0303037 -1.95826 -0.825325 -0.00368919 -0.564647 -20.0179 
-0.563631 0.029675 0.825494 76.4589 0.0152134 0.999558 -0.0255449 -1.99898 -0.825887 -0.00183929 -0.563833 -20.5446 
-0.562814 0.0230345 0.826263 77.2537 0.011784 0.999734 -0.0198437 -2.03795 -0.8265 -0.00143161 -0.562935 -21.0645 
-0.562471 0.0173122 0.826636 78.0504 0.00309148 0.999818 -0.0188356 -2.07447 -0.826811 -0.00803897 -0.562422 -21.5695 
-0.560916 0.0120665 0.827785 78.8497 -0.00447645 0.999835 -0.0176077 -2.10508 -0.82786 -0.013582 -0.56077 -22.0739 
-0.558712 0.0129211 0.829261 79.6411 -0.000951937 0.999868 -0.0162208 -2.14136 -0.829361 -0.00985217 -0.558626 -22.5963 
-0.555784 0.0160036 0.831173 80.4266 0.00295749 0.999846 -0.0172737 -2.1791 -0.831322 -0.00714226 -0.555746 -23.1062 
-0.550656 0.0195081 0.834505 81.2137 0.00511084 0.999787 -0.0199994 -2.20643 -0.834717 -0.00674776 -0.550638 -23.6055 
-0.542803 0.0217824 0.839578 82.005 0.0102881 0.999761 -0.0192868 -2.24101 -0.839797 -0.00183125 -0.542898 -24.1091 
-0.534821 0.0253055 0.844586 82.8036 0.0180021 0.999666 -0.0185524 -2.27985 -0.844774 0.00528208 -0.535098 -24.6062 
-0.52501 0.0243354 0.850748 83.6058 0.0153436 0.999699 -0.0191273 -2.31067 -0.850957 0.00301143 -0.525226 -25.0835 
-0.514126 0.021983 0.857433 84.4132 0.0131925 0.999756 -0.0177215 -2.34245 -0.857613 0.00220061 -0.514291 -25.5462 
-0.502441 0.0187332 0.864409 85.229 0.0134615 0.999814 -0.0138431 -2.37529 -0.864507 0.00468091 -0.502599 -26.0049 
-0.491636 0.0180734 0.870613 86.045 0.0130091 0.999826 -0.0134095 -2.40691 -0.870704 0.00473326 -0.491785 -26.4438 
-0.479989 0.0174277 0.877101 86.8686 0.0137165 0.99983 -0.01236 -2.43283 -0.877167 0.00609811 -0.480146 -26.8719 
-0.468108 0.0185263 0.883477 87.6934 0.0151712 0.999801 -0.0129272 -2.46343 -0.883541 0.00735208 -0.468296 -27.2916 
-0.456193 0.0223398 0.889601 88.5221 0.0149801 0.999736 -0.0174237 -2.50088 -0.889755 0.00537773 -0.456407 -27.6981 
-0.444971 0.0313854 0.894995 89.3447 0.0175832 0.999499 -0.0263081 -2.53385 -0.895372 0.00403053 -0.4453 -28.0884 
-0.43232 0.0359915 0.901002 90.1775 0.0172185 0.99935 -0.0316583 -2.5686 -0.901556 0.00182739 -0.432659 -28.4709 
-0.421122 0.0326071 0.906418 91.0216 0.0152105 0.999467 -0.0288875 -2.6098 -0.906877 0.00162192 -0.421393 -28.8401 
-0.4095 0.0288861 0.911853 91.8642 0.0139193 0.99958 -0.0254141 -2.65394 -0.912204 0.00228529 -0.40973 -29.2009 
-0.399858 0.0295164 0.916102 92.7025 0.0114488 0.999564 -0.0272084 -2.69941 -0.916506 -0.000391198 -0.400021 -29.5435 
-0.393064 0.033905 0.918886 93.5412 0.00691954 0.999401 -0.0339159 -2.74668 -0.919485 -0.00697286 -0.393063 -29.876 
-0.388353 0.0386204 0.920701 94.3771 0.00093866 0.999137 -0.0415146 -2.79092 -0.92151 -0.0152581 -0.388055 -30.2009 
-0.384976 0.0406157 0.922032 95.2075 -0.00127044 0.999007 -0.0445368 -2.84257 -0.922926 -0.018317 -0.384542 -30.5246 
-0.381559 0.0401154 0.923474 96.0478 -0.00307499 0.998997 -0.0446666 -2.89757 -0.92434 -0.0198826 -0.381053 -30.8457 
-0.376483 0.040262 0.925548 96.8832 -0.00339995 0.998988 -0.0448397 -2.95234 -0.926417 -0.0200282 -0.375966 -31.1685 
-0.370715 0.035698 0.92806 97.7347 -0.00666041 0.999133 -0.0410923 -3.00683 -0.928723 -0.0214148 -0.370156 -31.4894 
-0.365566 0.0322016 0.930228 98.5816 -0.00687255 0.999281 -0.0372927 -3.05768 -0.93076 -0.020026 -0.365082 -31.7996 
-0.359755 0.029156 0.932591 99.4297 -0.00856644 0.999366 -0.0345482 -3.10892 -0.933008 -0.0204179 -0.359277 -32.1071 
-0.354285 0.027403 0.934736 100.277 -0.0170822 0.999214 -0.0357677 -3.15477 -0.934982 -0.0286393 -0.353538 -32.3964 
-0.348282 0.0275999 0.936984 101.129 -0.0242929 0.998965 -0.0384555 -3.20141 -0.937075 -0.0361554 -0.347251 -32.6789 
-0.34181 0.0317556 0.939232 101.971 -0.0227877 0.998855 -0.0420645 -3.25079 -0.939493 -0.0357811 -0.340695 -32.9664 
-0.334886 0.0351901 0.941601 102.818 -0.020952 0.998777 -0.0447786 -3.30044 -0.942026 -0.0347241 -0.333739 -33.2499 
-0.328478 0.033329 0.943923 103.671 -0.0223754 0.998822 -0.0430539 -3.34888 -0.944247 -0.0352629 -0.327346 -33.5274 
-0.321685 0.0284798 0.946418 104.533 -0.0226941 0.999029 -0.0377766 -3.40193 -0.946575 -0.0336302 -0.320726 -33.7983 
-0.314818 0.0258271 0.948801 105.395 -0.024406 0.999079 -0.0352938 -3.45155 -0.948838 -0.0342675 -0.313898 -34.063 
-0.308888 0.0287399 0.950664 106.263 -0.0274572 0.998857 -0.0391182 -3.49878 -0.950702 -0.0381857 -0.307746 -34.315 
-0.302371 0.0318028 0.95266 107.112 -0.025854 0.998802 -0.0415491 -3.54467 -0.95284 -0.0371933 -0.301187 -34.5701 
-0.295749 0.032087 0.954727 107.969 -0.0289934 0.998674 -0.0425453 -3.59624 -0.954826 -0.0402635 -0.294426 -34.8111 
-0.289115 0.031439 0.956778 108.827 -0.0293597 0.998699 -0.0416883 -3.64847 -0.956844 -0.0401434 -0.287816 -35.0485 
-0.280894 0.0311774 0.959232 109.677 -0.0250468 0.998894 -0.0398009 -3.70058 -0.959412 -0.0352056 -0.279802 -35.2859 
-0.273087 0.0324397 0.961442 110.531 -0.0223457 0.998948 -0.0400522 -3.74857 -0.96173 -0.0324219 -0.272074 -35.5202 
-0.266767 0.0326965 0.963206 111.392 -0.0219571 0.998959 -0.0399913 -3.79869 -0.963511 -0.0318176 -0.265771 -35.7374 
-0.260129 0.0314112 0.965063 112.259 -0.0283145 0.998793 -0.0401411 -3.8492 -0.965159 -0.0377671 -0.258925 -35.9428 
-0.254164 0.029382 0.966715 113.133 -0.0323821 0.99872 -0.0388685 -3.9005 -0.966619 -0.0411832 -0.252888 -36.1431 
-0.249573 0.0296587 0.967902 114.006 -0.0293708 0.998839 -0.0381799 -3.9483 -0.967911 -0.0379567 -0.248412 -36.3524 
-0.244989 0.0301261 0.969058 114.877 -0.0278409 0.998886 -0.0380918 -3.99584 -0.969126 -0.0363115 -0.243877 -36.5571 
-0.240391 0.031578 0.970162 115.749 -0.0270433 0.998865 -0.0392131 -4.04077 -0.970299 -0.0356629 -0.239265 -36.7539 
-0.234326 0.0307267 0.971673 116.625 -0.020549 0.999121 -0.0365501 -4.08772 -0.971941 -0.0285315 -0.233488 -36.9545 
-0.228875 0.0298819 0.972997 117.498 -0.0131846 0.999342 -0.0337923 -4.13083 -0.973367 -0.0205628 -0.22833 -37.1558 
-0.223822 0.0288563 0.974203 118.369 -0.0113569 0.999417 -0.0322123 -4.18029 -0.974564 -0.0182737 -0.223363 -37.3445 
-0.219937 0.0305838 0.975035 119.243 -0.0133035 0.999321 -0.0343464 -4.22174 -0.975423 -0.0205254 -0.219381 -37.5185 
-0.216244 0.0324803 0.975799 120.116 -0.0146459 0.999226 -0.0365057 -4.26585 -0.97623 -0.0221856 -0.215601 -37.6952 
-0.214775 0.0317867 0.976146 120.991 -0.0171761 0.999193 -0.0363162 -4.31472 -0.976513 -0.0245662 -0.214056 -37.8632 
-0.213914 0.0305867 0.976374 121.868 -0.0178765 0.99922 -0.0352189 -4.35917 -0.976689 -0.0249879 -0.2132 -38.035 
-0.212988 0.0263437 0.9767 122.743 -0.0163874 0.9994 -0.0305295 -4.40025 -0.976917 -0.022508 -0.212429 -38.2095 
-0.211905 0.0211464 0.977061 123.617 -0.017371 0.999526 -0.0254 -4.44285 -0.977136 -0.0223549 -0.211438 -38.3805 
-0.211235 0.019351 0.977244 124.484 -0.0168796 0.999583 -0.0234419 -4.48099 -0.97729 -0.0214472 -0.21082 -38.5492 
-0.210119 0.0238951 0.977384 125.334 -0.0175324 0.999448 -0.0282037 -4.52211 -0.977519 -0.023062 -0.209584 -38.7149 
-0.209866 0.0277051 0.977338 126.183 -0.0172527 0.999338 -0.0320334 -4.56061 -0.977578 -0.0235845 -0.209249 -38.8824 
-0.209995 0.026893 0.977333 127.045 -0.0205299 0.99928 -0.0319081 -4.59892 -0.977487 -0.0267651 -0.209292 -39.0493 
-0.209343 0.0258219 0.977501 127.893 -0.022142 0.99927 -0.0311388 -4.64636 -0.977592 -0.0281625 -0.208618 -39.2112 
-0.208711 0.0266768 0.977614 128.738 -0.0175976 0.999364 -0.0310272 -4.68855 -0.977819 -0.0236794 -0.208109 -39.3819 
-0.208114 0.0289091 0.977677 129.571 -0.0194396 0.999243 -0.0336848 -4.73008 -0.977912 -0.0260159 -0.207394 -39.5394 
-0.208463 0.0298574 0.977574 130.408 -0.0272639 0.998968 -0.0363246 -4.77492 -0.97765 -0.0342248 -0.207434 -39.6888 
-0.208029 0.0311889 0.977625 131.242 -0.033069 0.998696 -0.0388978 -4.82161 -0.977563 -0.040421 -0.206726 -39.841 
-0.207664 0.0348527 0.977579 132.07 -0.029251 0.998697 -0.0418193 -4.87029 -0.977763 -0.0372796 -0.206374 -40.0025 
-0.20711 0.035731 0.977665 132.889 -0.0274969 0.998725 -0.0423256 -4.9211 -0.977931 -0.0356488 -0.205864 -40.1597 
-0.205513 0.0369404 0.977957 133.71 -0.028333 0.998644 -0.0436758 -4.96883 -0.978244 -0.0366844 -0.204188 -40.3145 
-0.203413 0.0365693 0.97841 134.53 -0.0198033 0.998944 -0.041454 -5.0148 -0.978893 -0.027808 -0.202474 -40.482 
-0.20026 0.0332129 0.97918 135.35 -0.0152047 0.9992 -0.0370016 -5.06532 -0.979625 -0.0222981 -0.199595 -40.6415 
-0.19803 0.0284567 0.979783 136.153 -0.0105296 0.999459 -0.0311564 -5.11466 -0.98014 -0.0164867 -0.197623 -40.7978 
-0.194434 0.0279481 0.980517 136.962 -0.00926609 0.999497 -0.0303265 -5.15769 -0.980872 -0.0149821 -0.194078 -40.9445 
-0.189684 0.032711 0.9813 137.751 -0.0081759 0.999358 -0.0348933 -5.20869 -0.981811 -0.0146417 -0.189295 -41.0815 
-0.182813 0.0360396 0.982487 138.547 -0.0064896 0.999262 -0.0378624 -5.24826 -0.983126 -0.0132977 -0.182444 -41.219 
-0.174763 0.0368022 0.983923 139.343 -0.00726691 0.999226 -0.0386653 -5.28457 -0.984584 -0.0139073 -0.17436 -41.3413 
-0.165291 0.0323925 0.985713 140.142 -0.00517166 0.999418 -0.0337101 -5.32943 -0.986231 -0.0106697 -0.165027 -41.4592 
-0.153253 0.0310214 0.9877 140.938 -0.00067628 0.999504 -0.031497 -5.37554 -0.988187 -0.00549497 -0.153156 -41.5735 
-0.139426 0.0339213 0.989651 141.75 0.0028755 0.999423 -0.0338511 -5.40676 -0.990228 -0.00187398 -0.139443 -41.6839 
-0.125227 0.0350434 0.991509 142.539 0.00281331 0.999385 -0.0349663 -5.44644 -0.992124 -0.00158929 -0.125248 -41.7689 
-0.111541 0.0350057 0.993143 143.33 0.00380515 0.999387 -0.0347984 -5.48703 -0.993753 -0.000102396 -0.111606 -41.8408 
-0.0980011 0.0368874 0.994502 144.117 0.00434521 0.999319 -0.0366378 -5.52908 -0.995177 0.000730773 -0.0980947 -41.9038 
-0.0843246 0.0433109 0.995497 144.891 0.000781908 0.999058 -0.0433996 -5.57544 -0.996438 -0.00288127 -0.084279 -41.9483 
-0.0714704 0.0523148 0.99607 145.655 -0.00590445 0.998584 -0.0528705 -5.6253 -0.997425 -0.00965992 -0.0710603 -41.9771 
-0.0579141 0.060173 0.996507 146.415 -0.0100577 0.998096 -0.0608535 -5.67406 -0.998271 -0.0135468 -0.0571986 -41.9969 
-0.0447901 0.0608313 0.997143 147.177 -0.0107535 0.998057 -0.06137 -5.72605 -0.998939 -0.0134716 -0.0440489 -42.0125 
-0.0328317 0.0567882 0.997846 147.95 -0.0140236 0.99826 -0.0572731 -5.78412 -0.999363 -0.0158738 -0.0319782 -42.018 
-0.02206 0.0545479 0.998267 148.718 -0.0186233 0.998315 -0.0549619 -5.84014 -0.999583 -0.0198035 -0.0210069 -42.012 
-0.0129974 0.0609126 0.998059 149.468 -0.0222572 0.997878 -0.0611913 -5.90046 -0.999668 -0.0230094 -0.0116141 -41.9993 
-0.00665134 0.0684741 0.997631 150.211 -0.02555 0.997315 -0.0686227 -5.95957 -0.999651 -0.0259459 -0.00488397 -41.9816 
-0.00349089 0.0715281 0.997433 150.965 -0.0283314 0.997031 -0.0715985 -6.01297 -0.999593 -0.0285086 -0.00145404 -41.9669 
-0.00390645 0.0673542 0.997722 151.724 -0.0313826 0.997229 -0.0674438 -6.06978 -0.9995 -0.0315746 -0.00178188 -41.9478 
-0.0057475 0.0627739 0.998011 152.475 -0.0324561 0.99749 -0.062928 -6.13772 -0.999457 -0.0327533 -0.00369568 -41.9343 
-0.00845639 0.0596193 0.998185 153.222 -0.0309761 0.997726 -0.0598543 -6.19636 -0.999484 -0.031426 -0.00659039 -41.9306 
-0.0113106 0.0600207 0.998133 153.965 -0.0290202 0.997757 -0.0603269 -6.24793 -0.999515 -0.0296483 -0.00954344 -41.9268 
-0.0150235 0.0598919 0.998092 154.709 -0.0274971 0.997802 -0.0602884 -6.30725 -0.999509 -0.0283504 -0.0133436 -41.9279 
-0.0193967 0.0584075 0.998104 155.449 -0.0282037 0.997863 -0.0589414 -6.36616 -0.999414 -0.0292935 -0.0177079 -41.9292 
-0.0249009 0.0587088 0.997965 156.186 -0.0288684 0.997816 -0.0594203 -6.41694 -0.999273 -0.0302893 -0.0231517 -41.9337 
-0.0309322 0.0568254 0.997905 156.921 -0.0300113 0.99788 -0.0577542 -6.47025 -0.999071 -0.0317348 -0.0291612 -41.9412 
-0.0366122 0.0539323 0.997873 157.66 -0.0274499 0.998112 -0.0549522 -6.52923 -0.998953 -0.0294034 -0.0350627 -41.961 
-0.0417559 0.0540396 0.997665 158.393 -0.0278877 0.998084 -0.0552294 -6.58057 -0.998739 -0.0301288 -0.0401689 -41.9831 
-0.0470728 0.0552745 0.997361 159.117 -0.0288519 0.997976 -0.0566702 -6.63086 -0.998475 -0.0314434 -0.0453828 -42.0021 
-0.0509436 0.0575332 0.997043 159.842 -0.0296113 0.997813 -0.0590905 -6.68591 -0.998262 -0.0325341 -0.0491286 -42.0265 
-0.0537874 0.0599034 0.996754 160.559 -0.0292283 0.997677 -0.061536 -6.74033 -0.998125 -0.0324433 -0.0519116 -42.0505 
-0.0552928 0.0612066 0.996592 161.273 -0.0263847 0.997681 -0.0627373 -6.79448 -0.998122 -0.0297637 -0.0535497 -42.0809 
-0.0542158 0.0597352 0.996741 161.992 -0.0229854 0.99787 -0.0610531 -6.84853 -0.998265 -0.0262205 -0.0527273 -42.1148 
-0.0501827 0.0559807 0.99717 162.705 -0.0203175 0.998164 -0.057059 -6.90567 -0.998533 -0.0231234 -0.0489532 -42.144 
-0.042574 0.0558784 0.99753 163.408 -0.0192375 0.998204 -0.0567371 -6.96046 -0.998908 -0.0216055 -0.0414225 -42.1622 
-0.031127 0.0566271 0.99791 164.107 -0.0164332 0.99823 -0.0571578 -7.01307 -0.99938 -0.018178 -0.0301414 -42.1731 
-0.0165736 0.0565022 0.998265 164.798 -0.0138523 0.998293 -0.0567338 -7.06504 -0.999767 -0.0147686 -0.0157626 -42.1729 
-0.00139183 0.0543902 0.998519 165.487 -0.0150852 0.998405 -0.0544049 -7.11039 -0.999885 -0.0151386 -0.00056913 -42.1553 
0.0145795 0.0497205 0.998657 166.174 -0.0201731 0.998574 -0.0494219 -7.15718 -0.99969 -0.0194255 0.0155617 -42.1197 
0.0308575 0.0431931 0.99859 166.857 -0.0218525 0.998856 -0.0425293 -7.20058 -0.999285 -0.0205094 0.0317661 -42.0766 
0.0481705 0.0360616 0.998188 167.537 -0.0221083 0.999142 -0.0350291 -7.23724 -0.998594 -0.0203809 0.0489264 -42.0276 
0.0656298 0.0285231 0.997436 168.21 -0.0225576 0.999378 -0.0270943 -7.27233 -0.997589 -0.0207216 0.0662324 -41.9631 
0.0825417 0.022601 0.996331 168.875 -0.0242531 0.999492 -0.0206634 -7.30485 -0.996293 -0.0224586 0.0830479 -41.885 
0.1006 0.0202384 0.994721 169.532 -0.0250305 0.999528 -0.0178047 -7.33422 -0.994612 -0.0231072 0.101059 -41.7978 
0.11871 0.0188587 0.99275 170.18 -0.023522 0.999592 -0.0161759 -7.35734 -0.99265 -0.0214312 0.119105 -41.704 
0.135945 0.0182919 0.990548 170.823 -0.0249087 0.999577 -0.0150401 -7.37912 -0.990403 -0.0226286 0.136343 -41.5914 
0.15198 0.0171724 0.988234 171.457 -0.0294405 0.999484 -0.0128402 -7.39814 -0.987945 -0.0271427 0.152407 -41.4665 
0.166383 0.0140068 0.985962 172.08 -0.0325855 0.999431 -0.00869923 -7.41244 -0.985523 -0.0306807 0.166744 -41.3337 
0.178571 0.010205 0.983874 172.704 -0.0292154 0.99956 -0.00506514 -7.42858 -0.983493 -0.0278398 0.17879 -41.2055 
0.189332 0.00925136 0.98187 173.327 -0.027425 0.999615 -0.0041302 -7.44471 -0.98153 -0.0261458 0.189513 -41.0734 
0.199413 0.0128308 0.979831 173.931 -0.0314533 0.999483 -0.00668678 -7.46305 -0.979411 -0.0294855 0.199714 -40.929 
0.208493 0.0199108 0.977821 174.527 -0.0352616 0.999296 -0.0128295 -7.48231 -0.977388 -0.0318046 0.209049 -40.778 
0.217389 0.0297123 0.975633 175.101 -0.0351192 0.999128 -0.0226026 -7.50137 -0.975453 -0.0293499 0.218242 -40.6249 
0.225703 0.0352893 0.973557 175.692 -0.0289854 0.999145 -0.0294969 -7.52024 -0.973765 -0.0215614 0.226533 -40.4808 
0.232365 0.033457 0.972053 176.293 -0.0284837 0.999214 -0.0275829 -7.53619 -0.972212 -0.0212783 0.233135 -40.3274 
0.238222 0.0260883 0.97086 176.899 -0.0311143 0.999331 -0.0192187 -7.55501 -0.970712 -0.0256293 0.238874 -40.1572 
0.242504 0.0155725 0.970026 177.511 -0.0356426 0.999339 -0.0071325 -7.57596 -0.969496 -0.0328445 0.242899 -39.9805 
0.244441 0.00740615 0.969636 178.122 -0.0358737 0.999355 0.0014105 -7.59631 -0.969001 -0.0351292 0.244549 -39.8061 
0.245546 0.00658554 0.969363 178.725 -0.0322382 0.999479 0.00137605 -7.61424 -0.968849 -0.0315884 0.245631 -39.6471 
0.246841 0.00859525 0.969018 179.33 -0.0288227 0.999583 -0.00152422 -7.62521 -0.968627 -0.0275535 0.246986 -39.4869 
0.248655 0.0080159 0.968559 179.935 -0.0253765 0.999676 -0.00175858 -7.63119 -0.96826 -0.0241413 0.248778 -39.3259 
0.250568 0.00607435 0.96808 180.553 -0.0273812 0.999625 0.000814832 -7.63367 -0.967712 -0.0267113 0.250641 -39.1551 
0.253409 0.00220854 0.967357 181.168 -0.0277516 0.999602 0.0049877 -7.64408 -0.966961 -0.0281096 0.253369 -38.979 
0.25653 -0.00307547 0.966531 181.79 -0.026996 0.999582 0.0103458 -7.65364 -0.966159 -0.0287465 0.25634 -38.8034 
0.261111 -0.00599899 0.96529 182.412 -0.0255504 0.999587 0.0131236 -7.65922 -0.964971 -0.0280903 0.26085 -38.6255 
0.267486 -0.00832433 0.963526 183.034 -0.023386 0.999612 0.0151284 -7.65781 -0.963278 -0.0265796 0.267187 -38.4417 
0.275511 -0.0117199 0.961226 183.663 -0.0215203 0.9996 0.0183561 -7.65986 -0.961057 -0.0257432 0.275149 -38.2518 
0.28542 -0.0135718 0.958306 184.286 -0.0190507 0.999622 0.019831 -7.6615 -0.958213 -0.0239166 0.285054 -38.0536 
0.29657 -0.0116038 0.954941 184.908 -0.0203795 0.999622 0.0184759 -7.66391 -0.954794 -0.0249406 0.296221 -37.8412 
0.308182 -0.00795492 0.951294 185.527 -0.0213098 0.999656 0.0152629 -7.66384 -0.951089 -0.0249757 0.307906 -37.6193 
0.320092 -0.00484141 0.947374 186.154 -0.0223641 0.99967 0.0126649 -7.66197 -0.947122 -0.0252411 0.319878 -37.3878 
0.331754 -0.00458554 0.943355 186.769 -0.0211158 0.999702 0.0122854 -7.66234 -0.94313 -0.0239954 0.331558 -37.1589 
0.343006 -0.00766961 0.939302 187.396 -0.0204387 0.999669 0.0156262 -7.66255 -0.939111 -0.024558 0.342736 -36.9092 
0.353975 -0.00909002 0.935211 188.021 -0.0215546 0.999608 0.0178744 -7.66397 -0.935006 -0.0264852 0.353641 -36.6472 
0.365277 -0.00969757 0.930848 188.653 -0.0230485 0.999545 0.0194578 -7.66142 -0.930613 -0.0285621 0.364887 -36.3751 
0.374955 -0.0110518 0.926977 189.287 -0.026686 0.999386 0.0227094 -7.65565 -0.926659 -0.0332523 0.37443 -36.0946 
0.382046 -0.00984263 0.924091 189.921 -0.0303486 0.99927 0.0231904 -7.64892 -0.923645 -0.0369046 0.381468 -35.809 
0.386418 -0.0127764 0.922235 190.562 -0.030335 0.999187 0.0265529 -7.64228 -0.921825 -0.0382365 0.385716 -35.5214 
0.388519 -0.0166503 0.92129 191.216 -0.0273361 0.999188 0.0295861 -7.63368 -0.921035 -0.0366792 0.387748 -35.2331 
0.388571 -0.0157641 0.921284 191.866 -0.0231541 0.999371 0.0268661 -7.62342 -0.921128 -0.0317709 0.387962 -34.9496 
0.387393 -0.0154879 0.921785 192.525 -0.0216475 0.99943 0.0258903 -7.61681 -0.921661 -0.029984 0.386837 -34.6616 
0.386944 -0.0143984 0.921991 193.197 -0.0180805 0.999567 0.023198 -7.60627 -0.921926 -0.0256463 0.386516 -34.371 
0.386548 -0.0163099 0.922125 193.872 -0.0149971 0.9996 0.023967 -7.59598 -0.922148 -0.0230936 0.386148 -34.0813 
0.385703 -0.0220626 0.922359 194.555 -0.0115488 0.99952 0.0287376 -7.5853 -0.922551 -0.0217363 0.385263 -33.7886 
0.384544 -0.0251624 0.922764 195.244 -0.011066 0.999431 0.0318646 -7.57795 -0.92304 -0.0224647 0.384046 -33.4911 
0.382901 -0.0275963 0.923377 195.931 -0.0103142 0.999364 0.0341443 -7.56849 -0.923732 -0.0225977 0.382372 -33.1948 
0.381829 -0.0278388 0.923814 196.615 -0.0110505 0.999337 0.0346821 -7.55232 -0.924167 -0.0234512 0.381268 -32.901 
0.379823 -0.0279391 0.924637 197.302 -0.0126718 0.999293 0.0354003 -7.53689 -0.924972 -0.0251627 0.379201 -32.6024 
0.378324 -0.0268431 0.925284 197.992 -0.0135663 0.999311 0.0345377 -7.52959 -0.925574 -0.0256191 0.377699 -32.3101 
0.377037 -0.0231459 0.925909 198.682 -0.0134513 0.999445 0.0304617 -7.52106 -0.926101 -0.0239399 0.376517 -32.0163 
0.376307 -0.017024 0.926339 199.367 -0.013824 0.999617 0.0239864 -7.50692 -0.926392 -0.021832 0.375927 -31.7262 
0.375055 -0.0138631 0.926899 200.046 -0.0166947 0.999625 0.0217061 -7.49722 -0.926852 -0.0236153 0.374683 -31.4331 
0.373574 -0.0165725 0.927453 200.735 -0.0179405 0.999524 0.0250867 -7.49057 -0.927427 -0.0260107 0.373099 -31.1398 
0.372484 -0.0199147 0.927825 201.418 -0.0192115 0.99939 0.0291635 -7.487 -0.92784 -0.0286878 0.371874 -30.8517 
0.369807 -0.0190042 0.928914 202.114 -0.0235734 0.999277 0.0298285 -7.4819 -0.92881 -0.0329284 0.369091 -30.5528 
0.36514 -0.0188035 0.930763 202.807 -0.0256664 0.999213 0.0302554 -7.46629 -0.930599 -0.0349367 0.364369 -30.2655 
0.358537 -0.0200331 0.933301 203.496 -0.0252042 0.999198 0.03113 -7.45242 -0.933175 -0.0346844 0.357744 -29.9931 
0.349757 -0.0205317 0.936615 204.196 -0.0248208 0.999206 0.0311726 -7.44727 -0.936512 -0.0341503 0.34897 -29.7249 
0.339698 -0.0196154 0.94033 204.887 -0.021858 0.999348 0.0287428 -7.44313 -0.940281 -0.0303176 0.339048 -29.4689 
0.328952 -0.0162642 0.944207 205.574 -0.0228101 0.999423 0.0251622 -7.43378 -0.944071 -0.0298146 0.328391 -29.2219 
0.317474 -0.0162712 0.948128 206.27 -0.0256517 0.99934 0.0257394 -7.42107 -0.94792 -0.0324927 0.316846 -28.9795 
0.306507 -0.0242528 0.95156 206.979 -0.0205405 0.999274 0.0320853 -7.41041 -0.951647 -0.0293799 0.305786 -28.7478 
0.298064 -0.0329035 0.953979 207.69 -0.0164018 0.999082 0.0395838 -7.40171 -0.954405 -0.0274455 0.297251 -28.5275 
0.290995 -0.0383846 0.955954 208.401 -0.0161609 0.998855 0.0450266 -7.3858 -0.956588 -0.0285516 0.290042 -28.3017 
0.286701 -0.0391251 0.957221 209.107 -0.0219096 0.998637 0.0473802 -7.36422 -0.95777 -0.0345563 0.285453 -28.072 
0.284248 -0.0411495 0.957867 209.817 -0.0207303 0.998581 0.0490504 -7.34347 -0.958527 -0.0337993 0.282992 -27.8543 
0.282704 -0.0420739 0.958284 210.532 -0.0194774 0.99858 0.0495892 -7.31962 -0.959009 -0.0326839 0.281483 -27.6333 
0.28192 -0.0402887 0.958592 211.246 -0.0195437 0.99867 0.047721 -7.29615 -0.959239 -0.0321879 0.280758 -27.4091 
0.281302 -0.0381244 0.958862 211.963 -0.0228702 0.99866 0.0464163 -7.27093 -0.959347 -0.0349864 0.280054 -27.1775 
0.281805 -0.0387819 0.958688 212.687 -0.0238494 0.998591 0.0474067 -7.24774 -0.959175 -0.0362236 0.280483 -26.9509 
0.283803 -0.0401863 0.95804 213.407 -0.0242668 0.9985 0.0490722 -7.2271 -0.958575 -0.0371755 0.282403 -26.7323 
0.285081 -0.0420543 0.95758 214.126 -0.0233854 0.998435 0.0508106 -7.20816 -0.958218 -0.0368785 0.283652 -26.5046 
0.286872 -0.0430117 0.957003 214.857 -0.0199926 0.998505 0.0508701 -7.18332 -0.95776 -0.0337261 0.285583 -26.28 
0.289951 -0.0444792 0.956007 215.591 -0.01875 0.998464 0.0521414 -7.15366 -0.956858 -0.0330436 0.288672 -26.0448 
0.294024 -0.0457952 0.954701 216.325 -0.0204453 0.998322 0.0541843 -7.12512 -0.95558 -0.0354506 0.292594 -25.8026 
0.299293 -0.0499138 0.952855 217.068 -0.0222636 0.997994 0.0592715 -7.09845 -0.953901 -0.0389536 0.297581 -25.5478 
0.304194 -0.053576 0.951102 217.811 -0.0226814 0.997727 0.0634567 -7.06405 -0.95234 -0.0408754 0.302287 -25.2928 
0.308605 -0.0538857 0.949663 218.552 -0.0235219 0.997656 0.0642528 -7.03358 -0.950899 -0.0421666 0.306615 -25.0375 
0.312858 -0.049151 0.948527 219.292 -0.0288013 0.99771 0.0611993 -7.00071 -0.949363 -0.0464655 0.310726 -24.7722 
0.317375 -0.043146 0.947318 220.023 -0.0332511 0.997844 0.0565872 -6.9624 -0.947717 -0.0494587 0.315256 -24.5015 
0.321978 -0.040041 0.9459 220.759 -0.0370029 0.99781 0.054834 -6.92634 -0.946024 -0.0526564 0.319791 -24.2281 
0.326271 -0.0402105 0.944421 221.5 -0.0389147 0.997677 0.0559219 -6.89774 -0.944475 -0.0549975 0.323948 -23.9514 
0.33027 -0.037849 0.943128 222.239 -0.0406013 0.997701 0.0542571 -6.86896 -0.943013 -0.0562117 0.327974 -23.6741 
0.334292 -0.0349883 0.94182 222.98 -0.0410656 0.997821 0.0516448 -6.83758 -0.941574 -0.0559408 0.332127 -23.3965 
0.338849 -0.0346329 0.940203 223.718 -0.0411382 0.997821 0.0515816 -6.80826 -0.939941 -0.0561567 0.336686 -23.1131 
0.343616 -0.0359896 0.93842 224.462 -0.0409773 0.997739 0.053269 -6.78077 -0.938216 -0.056758 0.341364 -22.8291 
0.347864 -0.0366164 0.93683 225.202 -0.0367173 0.997938 0.0526388 -6.75554 -0.936826 -0.052709 0.345802 -22.5397 
0.352091 -0.0364138 0.935257 225.937 -0.0336268 0.998106 0.0515201 -6.72836 -0.935362 -0.0495895 0.350199 -22.2497 
0.356129 -0.034204 0.933811 226.67 -0.0350079 0.99814 0.0499114 -6.70038 -0.933781 -0.0504657 0.354269 -21.9524 
0.360636 -0.0343815 0.932073 227.404 -0.0396924 0.997849 0.0521656 -6.67143 -0.931862 -0.055809 0.358495 -21.6449 
0.36532 -0.0347045 0.930235 228.141 -0.0426012 0.997635 0.0539494 -6.6438 -0.929907 -0.059338 0.362978 -21.3338 
0.369368 -0.0322164 0.928725 228.876 -0.0399541 0.997924 0.0505072 -6.62131 -0.928424 -0.0557621 0.367314 -21.0267 
0.373335 -0.0255789 0.927344 229.6 -0.0393466 0.998284 0.043376 -6.59968 -0.926862 -0.0526816 0.371688 -20.7214 
0.376496 -0.0188016 0.926228 230.323 -0.0455308 0.99821 0.0387703 -6.5696 -0.925299 -0.0567687 0.374966 -20.4001 
0.37962 -0.0197507 0.924932 231.052 -0.0518584 0.997746 0.0425898 -6.54277 -0.923688 -0.0641334 0.37774 -20.0753 
0.382236 -0.0301032 0.923574 231.786 -0.0509062 0.997266 0.0535736 -6.51908 -0.922661 -0.0674934 0.379659 -19.7572 
0.384088 -0.0425137 0.922317 232.523 -0.0470793 0.996738 0.0655498 -6.48519 -0.922096 -0.0685989 0.380833 -19.4407 
0.385788 -0.0504078 0.921209 233.258 -0.0481382 0.996046 0.0746624 -6.44924 -0.921331 -0.0731492 0.381836 -19.1151 
0.388083 -0.0522845 0.92014 233.99 -0.0496324 0.995755 0.0775143 -6.41254 -0.920287 -0.0757507 0.38384 -18.7896 
0.390629 -0.0475844 0.919318 234.713 -0.0493961 0.996141 0.0725498 -6.36943 -0.919222 -0.0737508 0.386771 -18.4655 
0.394808 -0.0418926 0.917808 235.432 -0.0479185 0.996661 0.0661047 -6.32426 -0.917513 -0.0700786 0.391483 -18.1448 
0.399328 -0.0373155 0.916049 236.152 -0.0480612 0.996946 0.0615619 -6.28281 -0.915548 -0.0686097 0.396314 -17.8145 
0.403278 -0.0353264 0.914396 236.88 -0.0464729 0.997174 0.0590205 -6.24786 -0.913897 -0.0662963 0.400496 -17.4794 
0.407325 -0.0331642 0.912681 237.595 -0.0457617 0.997344 0.0566639 -6.21295 -0.912136 -0.0648464 0.404725 -17.1429 
0.411481 -0.034524 0.910764 238.324 -0.0446996 0.997315 0.0580001 -6.17582 -0.910321 -0.0645768 0.408833 -16.8033 
0.414676 -0.0395433 0.90911 239.047 -0.0430633 0.997083 0.0630126 -6.14015 -0.90895 -0.065279 0.411763 -16.4556 
0.417776 -0.0457186 0.907399 239.772 -0.0405908 0.996797 0.0689113 -6.10131 -0.907643 -0.0656215 0.414582 -16.1119 
0.420399 -0.0511205 0.905898 240.506 -0.0393962 0.996442 0.0745126 -6.05987 -0.906484 -0.067014 0.416889 -15.764 
0.422416 -0.0564054 0.904645 241.235 -0.0374123 0.996126 0.0795787 -6.01079 -0.90563 -0.0674601 0.418669 -15.4087 
0.42396 -0.0630043 0.903487 241.97 -0.0360344 0.995614 0.086338 -5.9582 -0.904964 -0.0691605 0.419831 -15.0521 
0.425781 -0.0633467 0.902606 242.702 -0.0366288 0.995522 0.0871465 -5.90522 -0.904084 -0.0701668 0.421554 -14.6942 
0.427549 -0.051979 0.902497 243.419 -0.0452987 0.995859 0.0788161 -5.86243 -0.902857 -0.0745797 0.423424 -14.3253 
0.42831 -0.038318 0.902819 244.132 -0.0472241 0.996786 0.06471 -5.81417 -0.902397 -0.0703507 0.425123 -13.9683 
0.429182 -0.0305271 0.902702 244.852 -0.0472015 0.997305 0.0561679 -5.76617 -0.901984 -0.0667151 0.426584 -13.6113 
0.429054 -0.0331409 0.902671 245.583 -0.0467443 0.997173 0.0588289 -5.72716 -0.902068 -0.0674355 0.426292 -13.2492 
