1 2.12261e-08 -2.11895e-08 -1.35829e-15 2.12261e-08 1 2.10703e-08 -6.66134e-16 -2.11895e-08 2.10703e-08 1 -2.28706e-14 
0.999996 0.00274335 0.000144121 -0.0126586 -0.00274352 0.999995 0.00147413 -0.0145527 -0.000140119 -0.00147448 0.999999 0.782211 
0.999985 0.0054022 0.000252573 -0.0277838 -0.00540264 0.999984 0.00192927 -0.0317654 -0.00024219 -0.00193056 0.999998 1.55057 
0.999976 0.00683696 0.000706123 -0.0431337 -0.00683805 0.999975 0.0016109 -0.0478902 -0.000695134 -0.00161564 0.999998 2.29965 
0.999961 0.00882667 0.000818139 -0.0613427 -0.00882779 0.99996 0.00142551 -0.0650225 -0.000805566 -0.00143263 0.999999 3.02894 
0.999961 0.00874775 0.000879577 -0.0691651 -0.00874893 0.999961 0.00139323 -0.080907 -0.000867397 -0.00140082 0.999999 3.74968 
0.99996 0.00885168 0.00138939 -0.0889378 -0.00885498 0.999958 0.00242267 -0.0965226 -0.00136793 -0.00243483 0.999996 4.45146 
0.999952 0.00968072 0.00175091 -0.096728 -0.00968963 0.99994 0.00517728 -0.108022 -0.00170072 -0.00519396 0.999985 5.14314 
0.999952 0.00938081 0.00296789 -0.0996895 -0.00940743 0.999914 0.00910242 -0.115293 -0.00288229 -0.00912985 0.999954 5.81986 
0.999953 0.00874241 0.00411721 -0.103379 -0.00879374 0.999882 0.0126303 -0.124213 -0.00400634 -0.0126659 0.999912 6.4627 
0.999956 0.00789351 0.00507607 -0.108142 -0.00796882 0.999856 0.015001 -0.134742 -0.00495697 -0.0150407 0.999875 7.08019 
0.999945 0.00854063 0.00610901 -0.111393 -0.00863011 0.999854 0.014782 -0.141347 -0.00598191 -0.0148339 0.999872 7.6701 
0.999933 0.00931451 0.00693195 -0.110144 -0.00939839 0.999882 0.0121742 -0.148774 -0.00681778 -0.0122385 0.999902 8.23809 
0.999926 0.00943158 0.00771401 -0.112271 -0.00950369 0.999911 0.00937065 -0.154141 -0.00762498 -0.00944323 0.999926 8.77071 
0.999928 0.00759876 0.0093052 -0.112539 -0.00767294 0.999939 0.00796671 -0.159254 -0.00924413 -0.0080375 0.999925 9.27417 
0.999932 0.00385311 0.0110069 -0.105528 -0.00391507 0.999977 0.00561705 -0.16459 -0.010985 -0.00565972 0.999924 9.75457 
0.999914 0.00198245 0.0129457 -0.104189 -0.00204098 0.999988 0.0045129 -0.173457 -0.0129366 -0.00453889 0.999906 10.2091 
0.99987 0.00614619 0.014893 -0.108391 -0.00618483 0.999978 0.00255287 -0.183727 -0.014877 -0.0026446 0.999886 10.6206 
0.999785 0.0105742 0.0178234 -0.110856 -0.0106075 0.999942 0.00177648 -0.193086 -0.0178037 -0.00196512 0.99984 11.011 
0.999714 0.0109759 0.0212691 -0.108636 -0.0110383 0.999935 0.00282002 -0.199263 -0.0212369 -0.00305395 0.99977 11.3651 
0.999678 0.00704151 0.0243877 -0.0975653 -0.0071255 0.999969 0.00336067 -0.203881 -0.0243633 -0.00353332 0.999697 11.6884 
0.999639 0.00214501 0.0267955 -0.0796576 -0.00223022 0.999993 0.00315196 -0.20724 -0.0267886 -0.00321054 0.999636 11.9824 
0.999572 -0.00124066 0.029213 -0.0684217 0.00110977 0.999989 0.00449754 -0.211956 -0.0292183 -0.00446315 0.999563 12.249 
0.999493 -0.00171298 0.0317945 -0.0619509 0.00153766 0.999984 0.00553921 -0.218283 -0.0318036 -0.00548747 0.999479 12.4808 
0.999423 -0.00104696 0.0339621 -0.0580793 0.000893079 0.999989 0.00454707 -0.219756 -0.0339666 -0.00451407 0.999413 12.6881 
0.999349 1.71439e-05 0.0360872 -0.0530914 -0.000127742 0.999995 0.00306363 -0.223074 -0.036087 -0.00306621 0.999344 12.8782 
0.999243 0.00235733 0.0388375 -0.0548793 -0.00244919 0.999994 0.0023191 -0.228699 -0.0388319 -0.00241242 0.999243 13.0474 
0.999174 0.00487314 0.0403462 -0.0516583 -0.00494316 0.999986 0.00163694 -0.235204 -0.0403377 -0.00183499 0.999184 13.2189 
0.999109 0.00613598 0.0417627 -0.048424 -0.00615819 0.999981 0.000404236 -0.24351 -0.0417594 -0.000661017 0.999128 13.3762 
0.999035 0.00513881 0.0436164 -0.0391919 -0.00508287 0.999986 -0.00139245 -0.247935 -0.0436229 0.00116946 0.999047 13.5302 
0.998978 0.00377836 0.0450328 -0.0282238 -0.00365485 0.999989 -0.00282376 -0.25002 -0.045043 0.00265633 0.998982 13.679 
0.998927 0.00307224 0.0462145 -0.0202335 -0.00289227 0.999988 -0.0039595 -0.252118 -0.0462262 0.00382163 0.998924 13.8178 
0.998854 0.00381201 0.0477143 -0.013097 -0.00356495 0.99998 -0.0052611 -0.25513 -0.0477335 0.00508501 0.998847 13.9536 
0.998792 0.00479592 0.048909 -0.00863267 -0.00444002 0.999963 -0.00738197 -0.257877 -0.0489426 0.00715593 0.998776 14.0827 
0.998748 0.00484124 0.0497951 -0.00404737 -0.00437177 0.999945 -0.0095318 -0.261766 -0.0498385 0.00930221 0.998714 14.2068 
0.998719 0.00411774 0.0504358 0.00298352 -0.00352103 0.999923 -0.0119132 -0.264355 -0.050481 0.0117204 0.998656 14.3319 
0.998748 0.0030321 0.0499416 0.0067232 -0.00235023 0.999903 -0.0137056 -0.268438 -0.0499784 0.0135711 0.998658 14.4592 
0.998846 0.00269583 0.0479602 0.00939955 -0.00198912 0.999889 -0.014776 -0.272169 -0.0479948 0.0146636 0.99874 14.5864 
0.998991 0.00281181 0.0448182 0.0139818 -0.00210234 0.999872 -0.0158681 -0.273591 -0.0448572 0.0157579 0.998869 14.7185 
0.999158 0.00273709 0.0409448 0.00732183 -0.00204366 0.999854 -0.0169669 -0.281079 -0.0409853 0.016869 0.999017 14.8399 
0.999378 0.00305863 0.035131 0.00543079 -0.00242408 0.999833 -0.0180896 -0.284061 -0.0351806 0.0179932 0.999219 14.9652 
0.999594 0.00283897 0.0283652 0.00427889 -0.00230766 0.999822 -0.0187448 -0.286711 -0.0284134 0.0186717 0.999422 15.0959 
0.999772 0.00284865 0.0211657 -0.00145724 -0.00243682 0.999808 -0.0194557 -0.290435 -0.0212171 0.0193998 0.999587 15.2283 
0.999912 0.0026533 0.0130252 -0.00925306 -0.00238599 0.999787 -0.020492 -0.293293 -0.0130768 0.0204592 0.999705 15.3612 
0.999995 0.00155681 0.00287958 -0.018884 -0.00149404 0.999764 -0.0216593 -0.296802 -0.00291266 0.0216549 0.999761 15.5003 
0.999948 -0.000101352 -0.0102367 -0.0296901 -0.000137051 0.999729 -0.0232898 -0.301165 0.0102363 0.0232901 0.999676 15.6496 
0.999653 -0.000735856 -0.0263407 -0.0527213 7.36785e-05 0.999684 -0.0251327 -0.305518 0.0263508 0.0251221 0.999337 15.8101 
0.998959 -0.000333126 -0.045617 -0.0832948 -0.000857066 0.99966 -0.0260699 -0.309652 0.0456101 0.0260819 0.998619 15.9845 
0.997716 9.57953e-05 -0.0675509 -0.117516 -0.00183003 0.99967 -0.0256121 -0.31573 0.0675262 0.0256773 0.997387 16.1835 
0.995832 0.000845236 -0.0912019 -0.163142 -0.00308765 0.999696 -0.0244495 -0.316943 0.0911535 0.0246292 0.995532 16.397 
0.993002 0.00162806 -0.118087 -0.219234 -0.00437394 0.999726 -0.022998 -0.322862 0.118017 0.0233536 0.992737 16.6308 
0.988935 0.00276449 -0.148321 -0.289038 -0.00594431 0.999762 -0.021 -0.328596 0.148228 0.0216494 0.988716 16.8751 
0.983359 0.00263007 -0.181654 -0.369471 -0.00591682 0.999828 -0.0175542 -0.335786 0.181576 0.0183369 0.983206 17.1389 
0.97583 0.00366825 -0.218501 -0.468514 -0.00679657 0.999885 -0.0135674 -0.339797 0.218426 0.0147246 0.975742 17.414 
0.965989 0.00543312 -0.258525 -0.58366 -0.00783764 0.999935 -0.00827134 -0.342424 0.258463 0.0100163 0.965969 17.7 
0.953794 0.00932541 -0.300316 -0.71691 -0.0108842 0.999935 -0.00351796 -0.345767 0.300263 0.00662415 0.953833 17.9907 
0.939295 0.0128868 -0.342868 -0.864874 -0.0134297 0.99991 0.000790873 -0.345942 0.342847 0.00386179 0.939383 18.2905 
0.922116 0.0152579 -0.386613 -1.02855 -0.0138522 0.999883 0.00642175 -0.349132 0.386666 -0.000566121 0.92222 18.5938 
0.902276 0.0185605 -0.43076 -1.21005 -0.0138913 0.999806 0.0139824 -0.350231 0.430936 -0.00663212 0.902358 18.9031 
0.879699 0.0225525 -0.474995 -1.40888 -0.0145578 0.999684 0.0205029 -0.350248 0.475307 -0.0111215 0.87975 19.2095 
0.854032 0.027597 -0.519487 -1.63163 -0.0169971 0.999539 0.0251559 -0.350908 0.519942 -0.0126541 0.854108 19.5117 
0.825138 0.0304249 -0.564112 -1.87449 -0.0175952 0.999448 0.0281676 -0.344643 0.564658 -0.0133164 0.825218 19.8103 
0.793423 0.0334507 -0.607751 -2.14502 -0.0195289 0.999374 0.0295107 -0.333348 0.608357 -0.0115457 0.793579 20.102 
0.758708 0.0359005 -0.650441 -2.43496 -0.0196675 0.999288 0.0322136 -0.324366 0.651134 -0.0116481 0.758873 20.3863 
0.720641 0.0394877 -0.692183 -2.75297 -0.0205539 0.999155 0.0356009 -0.307941 0.693003 -0.0114284 0.720844 20.6721 
0.680795 0.0406075 -0.731348 -3.1023 -0.0183356 0.999094 0.0384057 -0.293041 0.732245 -0.0127367 0.680923 20.9477 
0.639106 0.0403801 -0.768058 -3.47532 -0.0153554 0.999092 0.0397492 -0.280929 0.768965 -0.0136101 0.639146 21.2177 
0.595781 0.0392135 -0.802189 -3.87661 -0.00992916 0.999091 0.0414643 -0.266196 0.803085 -0.0167385 0.595629 21.4726 
0.550722 0.0394225 -0.833757 -4.29879 -0.00529713 0.999029 0.0437381 -0.250951 0.834672 -0.019671 0.550396 21.7077 
0.503456 0.04072 -0.863061 -4.74999 -0.00362611 0.99898 0.0450176 -0.229287 0.864013 -0.0195348 0.50309 21.9255 
0.453519 0.0402197 -0.890339 -5.22621 -0.00238722 0.999033 0.0439138 -0.207361 0.891243 -0.0177902 0.453176 22.1169 
0.401134 0.0388513 -0.915195 -5.72038 0.00255199 0.999049 0.0435296 -0.182917 0.916016 -0.0197967 0.400654 22.2867 
0.347284 0.0382712 -0.936979 -6.2433 0.00772878 0.999016 0.0436697 -0.165842 0.937728 -0.0224074 0.346647 22.4408 
0.293166 0.0371778 -0.955339 -6.79687 0.0102165 0.999065 0.0420146 -0.141737 0.956007 -0.0220774 0.292512 22.5708 
0.239514 0.0429802 -0.969941 -7.37414 0.0109822 0.998836 0.0469725 -0.115071 0.970831 -0.0219026 0.238764 22.6717 
0.187894 0.0480033 -0.981016 -7.97347 0.0134601 0.998585 0.0514411 -0.0890569 0.982097 -0.0228699 0.186982 22.7441 
0.139404 0.0494035 -0.989002 -8.59407 0.0188374 0.998442 0.0525302 -0.0642354 0.990056 -0.0259531 0.138256 22.8015 
0.0949885 0.050815 -0.994181 -9.2262 0.0213482 0.998363 0.0530685 -0.0449799 0.995249 -0.0262648 0.0937482 22.829 
0.0544693 0.048971 -0.997314 -9.87656 0.0209196 0.998521 0.0501728 -0.0176095 0.998296 -0.0235962 0.0533643 22.8301 
0.0187219 0.0445769 -0.998831 -10.5419 0.0182722 0.998824 0.0449191 0.0155311 0.999658 -0.0190917 0.0178854 22.8083 
-0.00980808 0.0443351 -0.998969 -11.2292 0.0161756 0.998893 0.0441729 0.0478726 0.999821 -0.0157256 -0.0105144 22.7702 
-0.0309811 0.0485817 -0.998339 -11.9364 0.0148712 0.99873 0.0481393 0.0750985 0.999409 -0.0133551 -0.0316642 22.7232 
-0.043951 0.0545467 -0.997544 -12.6678 0.0165961 0.99841 0.0538629 0.103782 0.998896 -0.014188 -0.0447864 22.6722 
-0.0520169 0.0571608 -0.997009 -13.4178 0.0161597 0.998278 0.0563904 0.133736 0.998515 -0.0131781 -0.052851 22.6145 
-0.0559703 0.0545634 -0.99694 -14.1905 0.0175932 0.998405 0.0536558 0.164903 0.998277 -0.0145362 -0.056841 22.5595 
-0.0553207 0.050894 -0.997171 -14.9712 0.0249013 0.99846 0.0495784 0.19935 0.998158 -0.0220881 -0.0565028 22.5108 
-0.0512364 0.0494464 -0.997462 -15.778 0.0368072 0.998189 0.0475918 0.240899 0.998008 -0.0342753 -0.0529636 22.4775 
-0.0460129 0.0496658 -0.997705 -16.6094 0.0375139 0.998145 0.0479576 0.273032 0.998236 -0.0352212 -0.0477907 22.4361 
-0.0410203 0.0480353 -0.998003 -17.4573 0.0358727 0.998271 0.0465738 0.3014 0.998514 -0.0338905 -0.0426725 22.3865 
-0.0376682 0.0417771 -0.998417 -18.3248 0.039397 0.998411 0.0402905 0.336643 0.998513 -0.0378169 -0.0392543 22.3433 
-0.0355133 0.0310269 -0.998887 -19.2017 0.037188 0.998867 0.0297041 0.362629 0.998677 -0.0360917 -0.0366269 22.2981 
-0.0348657 0.0224579 -0.99914 -20.0977 0.0296794 0.99933 0.0214265 0.382407 0.998951 -0.0289068 -0.0355089 22.2368 
-0.0361128 0.0194146 -0.999159 -21.0239 0.0238626 0.999543 0.0185596 0.407102 0.999063 -0.0231722 -0.0365596 22.1775 
-0.0397406 0.0251013 -0.998895 -21.9783 0.014863 0.999589 0.0245274 0.422684 0.9991 -0.0138718 -0.0400974 22.11 
-0.0449966 0.0330604 -0.99844 -22.9614 0.00993025 0.999418 0.0326452 0.444445 0.998938 -0.00844579 -0.0452987 22.0374 
-0.0499182 0.0426271 -0.997843 -23.9766 0.00858932 0.99907 0.0422498 0.474478 0.998716 -0.00646172 -0.0502379 21.9711 
-0.0516357 0.0525356 -0.997283 -25.0039 0.00756988 0.998607 0.0522134 0.513779 0.998637 -0.00485319 -0.0519615 21.8976 
-0.0529555 0.0603002 -0.996775 -26.0282 0.00954966 0.99816 0.0598767 0.556665 0.998551 -0.00634803 -0.0534339 21.8312 
-0.0546011 0.0611274 -0.996635 -27.0445 0.0108271 0.998102 0.0606242 0.603003 0.99845 -0.00748047 -0.0551593 21.7623 
-0.0562448 0.0583947 -0.996708 -28.0666 0.00959366 0.998274 0.0579451 0.648339 0.998371 -0.00630293 -0.0567079 21.6836 
-0.0590879 0.0533925 -0.996824 -29.0856 0.0093387 0.998555 0.0529316 0.690784 0.998209 -0.00618138 -0.0595011 21.6054 
-0.0637825 0.0483628 -0.996791 -30.1013 0.00944986 0.99881 0.0478561 0.726503 0.997919 -0.00636712 -0.0641636 21.5207 
-0.0692932 0.0438068 -0.996634 -31.1238 0.00956015 0.999019 0.0432469 0.760342 0.997551 -0.00653122 -0.069644 21.4293 
-0.0762404 0.0417895 -0.996213 -32.1587 0.00865088 0.999111 0.041249 0.795635 0.997052 -0.00547325 -0.0765342 21.3242 
-0.0827265 0.0442323 -0.99559 -33.2242 0.00899311 0.999007 0.0436368 0.830068 0.996532 -0.00534349 -0.0830421 21.2093 
-0.0891659 0.0489777 -0.994812 -34.3035 0.0077812 0.998794 0.0484763 0.867755 0.995986 -0.00341836 -0.0894395 21.0905 
-0.0953703 0.0518246 -0.994092 -35.3849 0.00497095 0.998656 0.0515856 0.906501 0.99543 -2.18021e-05 -0.0954997 20.9639 
-0.10036 0.0541208 -0.993478 -36.4494 0.00197738 0.998528 0.0541962 0.944803 0.994949 0.00347467 -0.100319 20.8374 
-0.103095 0.0552802 -0.993134 -37.5252 -0.00235393 0.998438 0.0558198 0.989275 0.994669 0.00809254 -0.102804 20.6996 
-0.104956 0.0565609 -0.992867 -38.604 -0.00656484 0.99832 0.0575655 1.0321 0.994455 0.0125599 -0.104408 20.5596 
-0.106468 0.0560923 -0.992733 -39.6899 -0.00787823 0.998329 0.0572534 1.07824 0.994285 0.0139167 -0.105848 20.4191 
-0.108036 0.0551452 -0.992616 -40.7727 -0.00820207 0.998377 0.0563579 1.125 0.994113 0.0142302 -0.107409 20.2808 
-0.109237 0.054311 -0.992531 -41.8633 -0.00940275 0.998405 0.0556673 1.17263 0.993971 0.0154135 -0.108552 20.1404 
-0.110154 0.0534464 -0.992477 -42.9513 -0.011638 0.998415 0.0550579 1.21551 0.993846 0.0176154 -0.109357 19.9962 
-0.111051 0.0508497 -0.992513 -44.0405 -0.015976 0.99847 0.0529424 1.2581 0.993686 0.0217357 -0.110069 19.8484 
-0.111335 0.0458497 -0.992725 -45.1305 -0.0214262 0.998592 0.0485237 1.2973 0.993552 0.0266728 -0.110196 19.6945 
-0.110278 0.0451003 -0.992877 -46.2414 -0.0227452 0.998594 0.0478862 1.34047 0.993641 0.027864 -0.109097 19.5387 
-0.108804 0.0492138 -0.992844 -47.3502 -0.0234618 0.998368 0.0520587 1.38239 0.993786 0.0289581 -0.107471 19.3966 
-0.106972 0.0523958 -0.992881 -48.4669 -0.023477 0.998199 0.0552059 1.42335 0.993985 0.0292154 -0.105549 19.2567 
-0.105455 0.0521251 -0.993057 -49.5843 -0.0215169 0.998272 0.0546837 1.4718 0.994191 0.0271342 -0.104151 19.1217 
-0.103027 0.0515187 -0.993344 -50.704 -0.0211326 0.998319 0.0539686 1.51569 0.994454 0.0265522 -0.101765 18.9874 
-0.0992825 0.0518098 -0.99371 -51.8445 -0.0255237 0.998182 0.0545931 1.5657 0.994732 0.0307834 -0.0977797 18.8515 
-0.0938733 0.052651 -0.994191 -52.9694 -0.0303466 0.997985 0.0557173 1.60881 0.995122 0.0354007 -0.0920863 18.7231 
-0.0882544 0.052305 -0.994724 -54.0907 -0.0338132 0.997888 0.0554714 1.65222 0.995524 0.0385305 -0.0862994 18.5986 
-0.0827445 0.051494 -0.99524 -55.2283 -0.0352662 0.997887 0.054563 1.69943 0.995947 0.0396131 -0.0807537 18.4855 
-0.0771763 0.0507453 -0.995725 -56.3567 -0.0348355 0.997957 0.053559 1.74406 0.996409 0.0388201 -0.0752509 18.3806 
-0.0719352 0.0509776 -0.996106 -57.4881 -0.0333311 0.998012 0.0534822 1.78486 0.996852 0.0370486 -0.0700931 18.2794 
-0.066441 0.0514437 -0.996463 -58.6394 -0.0326245 0.998024 0.0536995 1.83434 0.997257 0.036077 -0.0646314 18.1859 
-0.0610866 0.0531107 -0.996718 -59.799 -0.0313898 0.997987 0.0551022 1.88117 0.997639 0.0346528 -0.0592965 18.0997 
-0.0557869 0.0543649 -0.996962 -60.947 -0.0318281 0.997912 0.0561977 1.92867 0.997935 0.0348665 -0.0539401 18.0182 
-0.0508142 0.0537919 -0.997258 -62.1013 -0.0312048 0.997975 0.0554206 1.97454 0.998221 0.0339355 -0.0490327 17.9449 
-0.0460052 0.0491984 -0.997729 -63.2555 -0.0312962 0.998225 0.0506659 2.02102 0.998451 0.033556 -0.0443838 17.8718 
-0.041659 0.0440771 -0.998159 -64.4044 -0.0310891 0.998486 0.0453891 2.05918 0.998648 0.0329228 -0.0402256 17.8059 
-0.0376622 0.0433181 -0.998351 -65.5724 -0.0312427 0.998521 0.044504 2.10325 0.998802 0.0328674 -0.0362531 17.7354 
-0.0344202 0.0458211 -0.998357 -66.7402 -0.0305818 0.998432 0.0468789 2.13703 0.998939 0.0321452 -0.032965 17.6758 
-0.0320605 0.0453698 -0.998456 -67.9063 -0.030904 0.998447 0.0463617 2.17638 0.999008 0.0323427 -0.0306086 17.6122 
-0.0311793 0.0450927 -0.998496 -69.0815 -0.0327165 0.998401 0.04611 2.21873 0.998978 0.034105 -0.0296542 17.5561 
-0.0303119 0.0458859 -0.998487 -70.26 -0.0339716 0.998321 0.0469096 2.2573 0.998963 0.0353421 -0.0287022 17.4974 
-0.0290491 0.0454823 -0.998543 -71.4291 -0.0348291 0.998312 0.046485 2.29299 0.998971 0.0361287 -0.0274159 17.4386 
-0.0278798 0.0434183 -0.998668 -72.6137 -0.0351352 0.998396 0.0443873 2.33192 0.998994 0.036326 -0.0263096 17.383 
-0.0273651 0.0421243 -0.998738 -73.7964 -0.033438 0.998514 0.043031 2.36894 0.999066 0.0345734 -0.0259159 17.331 
-0.0269225 0.04184 -0.998762 -74.9834 -0.030306 0.99863 0.0426515 2.40495 0.999178 0.0314167 -0.0256176 17.2816 
-0.026738 0.042694 -0.99873 -76.1685 -0.0280573 0.998662 0.0434422 2.43765 0.999249 0.0291833 -0.0255043 17.2342 
-0.0266545 0.0456451 -0.998602 -77.3498 -0.0275003 0.998545 0.0463765 2.47018 0.999266 0.0286981 -0.0253605 17.1827 
-0.0264955 0.0493062 -0.998432 -78.5366 -0.0293639 0.998314 0.0500796 2.50375 0.999218 0.0306448 -0.025003 17.1319 
-0.0259716 0.049179 -0.998452 -79.7118 -0.0319562 0.998238 0.0499997 2.54112 0.999152 0.0332054 -0.0243542 17.076 
-0.025566 0.0470069 -0.998567 -80.8865 -0.0329149 0.998313 0.0478376 2.58135 0.999131 0.0340908 -0.0239757 17.0221 
-0.0252835 0.0447005 -0.99868 -82.0586 -0.0325984 0.998432 0.0455147 2.61535 0.999149 0.0337062 -0.0237867 16.9715 
-0.0253098 0.0440815 -0.998707 -83.235 -0.0303115 0.998534 0.044842 2.65046 0.99922 0.0314073 -0.0239366 16.9238 
-0.0253379 0.0456734 -0.998635 -84.4048 -0.0285637 0.998515 0.0463926 2.68153 0.999271 0.0297003 -0.0239957 16.8772 
-0.0249838 0.0484784 -0.998512 -85.5786 -0.0281719 0.998393 0.0491775 2.71783 0.999291 0.0293586 -0.0235779 16.8272 
-0.0244672 0.0507826 -0.99841 -86.7539 -0.028359 0.998272 0.0514706 2.75686 0.999298 0.0295733 -0.0229848 16.7773 
-0.0246639 0.0511289 -0.998388 -87.9147 -0.0297376 0.998212 0.0518545 2.79239 0.999253 0.0309686 -0.0230993 16.7296 
-0.0244069 0.0489571 -0.998503 -89.0838 -0.0293546 0.998334 0.0496664 2.83286 0.999271 0.0305229 -0.0229292 16.6813 
-0.0242109 0.0476925 -0.998569 -90.2514 -0.0276987 0.998446 0.0483582 2.87011 0.999323 0.0288299 -0.0228523 16.6387 
-0.0241279 0.0489084 -0.998512 -91.4314 -0.0266762 0.998415 0.0495482 2.90619 0.999353 0.027832 -0.022785 16.5894 
-0.0240385 0.0518755 -0.998364 -92.6155 -0.0239499 0.998336 0.0524508 2.94582 0.999424 0.0251716 -0.0227561 16.5484 
-0.0241421 0.054381 -0.998228 -93.7911 -0.0227002 0.998232 0.0549302 2.98908 0.999451 0.0239861 -0.0228649 16.5038 
-0.023752 0.0561334 -0.998141 -94.9639 -0.0232491 0.998121 0.0566855 3.03384 0.999448 0.0245523 -0.0224023 16.4568 
-0.0236845 0.0580371 -0.998033 -96.132 -0.0254664 0.997955 0.0586369 3.07758 0.999395 0.0268051 -0.0221581 16.4112 
-0.0234519 0.0572064 -0.998087 -97.3002 -0.0275375 0.997946 0.0578454 3.12186 0.999346 0.0288415 -0.0218284 16.363 
-0.0235699 0.0530988 -0.998311 -98.4575 -0.0298811 0.998105 0.0537933 3.16841 0.999276 0.0310986 -0.0219386 16.3096 
-0.023463 0.0514904 -0.998398 -99.6236 -0.0310606 0.998153 0.0522077 3.21101 0.999242 0.0322358 -0.0218203 16.2624 
-0.0236056 0.0498011 -0.99848 -100.788 -0.0307385 0.99825 0.0505164 3.25505 0.999249 0.0318843 -0.0220335 16.22 
-0.023669 0.0500205 -0.998468 -101.947 -0.0293718 0.998282 0.0507074 3.29778 0.999288 0.0305271 -0.0221591 16.1793 
-0.0238976 0.0521771 -0.998352 -103.106 -0.0294836 0.998166 0.0528732 3.34122 0.99928 0.0306986 -0.0223154 16.1316 
-0.0241203 0.0541152 -0.998243 -104.269 -0.0280119 0.998105 0.0547846 3.38644 0.999317 0.0292841 -0.0225588 16.0892 
-0.0248419 0.0530755 -0.998281 -105.431 -0.0315095 0.998052 0.0538474 3.4318 0.999195 0.0327931 -0.0231212 16.0384 
-0.0250539 0.0541659 -0.998218 -106.602 -0.0358106 0.997842 0.0550443 3.47887 0.999045 0.0371258 -0.0230601 15.9825 
-0.0253512 0.0531277 -0.998266 -107.769 -0.0392179 0.997765 0.054097 3.52551 0.998909 0.0405214 -0.023211 15.9261 
-0.0256757 0.0492484 -0.998457 -108.953 -0.0400245 0.997934 0.0502519 3.57158 0.998869 0.041253 -0.0236515 15.872 
-0.0265161 0.0450279 -0.998634 -110.139 -0.0397639 0.998147 0.0460617 3.61906 0.998857 0.040931 -0.0246765 15.8216 
-0.027904 0.0443146 -0.998628 -111.326 -0.0363612 0.998311 0.0453165 3.65554 0.998949 0.0375759 -0.0262455 15.7793 
-0.0284216 0.0437779 -0.998637 -112.546 -0.0318463 0.998494 0.044678 3.69647 0.999089 0.0330728 -0.0269847 15.7278 
-0.0290884 0.0454171 -0.998545 -113.761 -0.0306414 0.998457 0.0463057 3.74278 0.999107 0.0319438 -0.0276519 15.6773 
-0.029903 0.0494926 -0.998327 -114.991 -0.0297591 0.998287 0.050382 3.78294 0.99911 0.0312159 -0.0283789 15.618 
-0.0307958 0.0494881 -0.9983 -116.222 -0.0280913 0.998336 0.0503564 3.83054 0.999131 0.0295944 -0.0293544 15.5659 
-0.0314799 0.045103 -0.998486 -117.455 -0.0281414 0.998545 0.0459929 3.87615 0.999108 0.0295467 -0.0301649 15.5053 
-0.0322807 0.0413115 -0.998625 -118.712 -0.0283839 0.998705 0.0422323 3.9203 0.999076 0.0297082 -0.0310663 15.4414 
-0.0331304 0.0397969 -0.998658 -119.967 -0.0274936 0.998793 0.0407143 3.95953 0.999073 0.0288056 -0.0319962 15.3774 
-0.0336116 0.0410071 -0.998593 -121.229 -0.0295704 0.99868 0.042006 3.99861 0.998997 0.0309408 -0.0323546 15.3077 
-0.0341537 0.0454965 -0.998381 -122.494 -0.034313 0.998321 0.0466676 4.03725 0.998827 0.0358513 -0.0325352 15.2369 
-0.0345084 0.0486697 -0.998219 -123.757 -0.0396401 0.997961 0.0500275 4.07761 0.998618 0.0412959 -0.0325087 15.1635 
-0.0347776 0.0483299 -0.998226 -125.019 -0.0471956 0.997636 0.0499456 4.1229 0.99828 0.0488489 -0.0324145 15.0854 
-0.0347531 0.0463514 -0.998321 -126.296 -0.0503519 0.997574 0.0480696 4.16557 0.998127 0.0519379 -0.0323349 15.0133 
-0.0355619 0.0449885 -0.998354 -127.566 -0.052296 0.997534 0.0468144 4.20781 0.997998 0.0538748 -0.0331214 14.9485 
-0.0368887 0.0444391 -0.998331 -128.844 -0.0522819 0.997557 0.0463365 4.24494 0.997951 0.053904 -0.0344752 14.8893 
-0.0372166 0.0437636 -0.998349 -130.133 -0.0500575 0.997705 0.0456014 4.28264 0.998053 0.051672 -0.0349405 14.8172 
-0.0378599 0.0444517 -0.998294 -131.396 -0.0500996 0.997669 0.0463239 4.31973 0.998026 0.051768 -0.0355447 14.75 
-0.0388107 0.0493779 -0.998026 -132.674 -0.0496714 0.997448 0.0512809 4.36596 0.998011 0.0515636 -0.036259 14.6807 
-0.039655 0.0535402 -0.997778 -133.953 -0.0482567 0.997296 0.0554322 4.4129 0.998048 0.0503476 -0.036964 14.6111 
-0.0396482 0.0520781 -0.997856 -135.224 -0.0488034 0.997348 0.0539907 4.46461 0.998021 0.0508394 -0.0370015 14.5367 
-0.0391131 0.0506653 -0.99795 -136.482 -0.0483794 0.997446 0.052536 4.5144 0.998063 0.0503351 -0.036562 14.4666 
-0.0380723 0.0500837 -0.998019 -137.739 -0.0473138 0.997533 0.0518642 4.55954 0.998154 0.0491947 -0.0356087 14.3977 
-0.0374648 0.0494429 -0.998074 -138.993 -0.0475398 0.997556 0.0512018 4.60227 0.998167 0.0493666 -0.0350227 14.3302 
-0.037011 0.051502 -0.997987 -140.265 -0.0475404 0.99745 0.0532373 4.65007 0.998183 0.0494151 -0.0344681 14.2687 
-0.0366172 0.0551596 -0.997806 -141.525 -0.048354 0.997208 0.0569011 4.69838 0.998159 0.0503315 -0.0338478 14.2046 
-0.035711 0.0561217 -0.997785 -142.785 -0.04981 0.997081 0.0578649 4.74847 0.99812 0.0517661 -0.0328113 14.1407 
-0.0351373 0.0534418 -0.997953 -144.041 -0.051875 0.997126 0.055224 4.79589 0.998035 0.0537093 -0.032264 14.0781 
-0.0352769 0.050333 -0.998109 -145.293 -0.050554 0.997362 0.0520821 4.84516 0.998098 0.0522958 -0.0326393 14.0165 
-0.0353721 0.0487325 -0.998185 -146.534 -0.0475623 0.997597 0.0503892 4.88984 0.998242 0.0492584 -0.0329693 13.9549 
-0.035797 0.0484569 -0.998184 -147.786 -0.0463548 0.997668 0.0500942 4.93051 0.998283 0.0480639 -0.0334673 13.8936 
-0.0361119 0.0486415 -0.998163 -149.043 -0.0438968 0.997774 0.0502106 4.9781 0.998383 0.0456295 -0.0338963 13.829 
-0.0366971 0.0473478 -0.998204 -150.299 -0.041869 0.997927 0.0488738 5.02038 0.998449 0.0435874 -0.0346386 13.771 
-0.0370074 0.047505 -0.998185 -151.546 -0.0411316 0.997951 0.0490187 5.06192 0.998468 0.0428711 -0.0349776 13.707 
-0.037513 0.0503015 -0.998029 -152.8 -0.0386082 0.997914 0.0517468 5.10605 0.99855 0.0404733 -0.0354927 13.6444 
-0.0376291 0.0514992 -0.997964 -154.043 -0.036044 0.997951 0.0528577 5.15473 0.998642 0.0379597 -0.0356958 13.5782 
-0.0380185 0.0503234 -0.998009 -155.266 -0.0338003 0.998095 0.0516154 5.1948 0.998705 0.0356954 -0.0362451 13.5161 
-0.0391657 0.0501658 -0.997973 -156.494 -0.0346464 0.99807 0.0515304 5.24276 0.998632 0.0365944 -0.0373521 13.4527 
-0.039508 0.054851 -0.997713 -157.741 -0.0353208 0.997792 0.056254 5.28858 0.998595 0.0374625 -0.0374834 13.3846 
-0.0391391 0.0611706 -0.99736 -158.981 -0.0403717 0.997213 0.0627459 5.34029 0.998418 0.042721 -0.0365605 13.3115 
-0.0380872 0.0609422 -0.997414 -160.218 -0.0450765 0.997018 0.0626393 5.39873 0.998257 0.0473458 -0.0352265 13.2318 
-0.0371438 0.0569338 -0.997687 -161.459 -0.0486244 0.99709 0.0587101 5.45617 0.998126 0.0506927 -0.0342673 13.1615 
-0.0354708 0.0513009 -0.998053 -162.701 -0.050377 0.99732 0.0530537 5.51087 0.9981 0.0521608 -0.0327913 13.0887 
-0.0346516 0.0493949 -0.998178 -163.951 -0.0526449 0.997301 0.0511791 5.5598 0.998012 0.0543224 -0.0319577 13.0143 
-0.033655 0.0465891 -0.998347 -165.168 -0.0474447 0.997712 0.0481588 5.59814 0.998307 0.0489871 -0.0313676 12.9574 
-0.0337283 0.0422485 -0.998538 -166.377 -0.0443126 0.99806 0.0437251 5.63777 0.998448 0.0457226 -0.0317908 12.8997 
-0.0341205 0.0392685 -0.998646 -167.611 -0.0379917 0.998455 0.040559 5.6722 0.998695 0.0393242 -0.0325759 12.8433 
-0.0356586 0.0419772 -0.998482 -168.861 -0.0358115 0.998422 0.0432536 5.71401 0.998722 0.0372996 -0.034099 12.7937 
-0.0354154 0.0483429 -0.998203 -170.12 -0.036344 0.998106 0.0496277 5.75356 0.998712 0.0380363 -0.0335914 12.7397 
-0.0339331 0.0515489 -0.998094 -171.346 -0.0379136 0.997884 0.0528271 5.79227 0.998705 0.039634 -0.0319068 12.6742 
-0.0323876 0.0482 -0.998313 -172.57 -0.0389777 0.998016 0.0494502 5.83775 0.998715 0.0405136 -0.0304446 12.6154 
-0.031971 0.0480706 -0.998332 -173.805 -0.0410758 0.997936 0.049367 5.88184 0.998644 0.0425856 -0.0299305 12.5564 
-0.0314509 0.0494038 -0.998284 -175.029 -0.0390006 0.997956 0.0506163 5.91688 0.998744 0.0405256 -0.0294598 12.5059 
-0.0310449 0.0475438 -0.998387 -176.232 -0.0394021 0.998033 0.0487522 5.9568 0.998741 0.0408521 -0.0291105 12.4482 
-0.029365 0.04586 -0.998516 -177.422 -0.0393457 0.99812 0.0469989 5.9957 0.998794 0.0406675 -0.0275054 12.3908 
-0.0279108 0.047771 -0.998468 -178.58 -0.0408905 0.997967 0.04889 6.02549 0.998774 0.0421924 -0.0259007 12.3364 
-0.0264303 0.0496702 -0.998416 -179.714 -0.0406935 0.997884 0.050721 6.05593 0.998822 0.0419696 -0.0243531 12.2843 
-0.0259405 0.0511846 -0.998352 -180.816 -0.0416494 0.997766 0.0522368 6.08463 0.998796 0.0429358 -0.0237507 12.2327 
-0.0258736 0.0523369 -0.998294 -181.9 -0.0421111 0.997685 0.0533964 6.1161 0.998778 0.0434208 -0.0236098 12.1844 
-0.0262288 0.0534119 -0.998228 -182.962 -0.0413565 0.997659 0.0544681 6.14515 0.9988 0.0427119 -0.0239585 12.1392 
-0.0258275 0.0525713 -0.998283 -183.997 -0.0413135 0.997707 0.0536098 6.17573 0.998812 0.0426272 -0.0235964 12.0942 
-0.0245869 0.0525566 -0.998315 -184.986 -0.0422806 0.997669 0.0535639 6.20411 0.998803 0.0435264 -0.0223074 12.0521 
-0.0233004 0.0532248 -0.998311 -185.949 -0.0427273 0.997616 0.0541851 6.23513 0.998815 0.0439177 -0.0209707 12.0132 
-0.024614 0.0518903 -0.998349 -186.901 -0.0409784 0.99776 0.05287 6.26049 0.998857 0.0422121 -0.0224325 11.9823 
-0.0276992 0.0489037 -0.998419 -187.845 -0.0388746 0.997994 0.0499614 6.28941 0.99886 0.0401971 -0.0257426 11.9381 
-0.032732 0.0454327 -0.998431 -188.786 -0.038853 0.998153 0.0466938 6.31684 0.998709 0.0403204 -0.0309064 11.8879 
-0.037861 0.0422778 -0.998388 -189.727 -0.0405508 0.998217 0.0438084 6.34506 0.99846 0.0421441 -0.036079 11.8332 
-0.0420829 0.0413476 -0.998258 -190.674 -0.0425298 0.998164 0.0431366 6.37591 0.998209 0.044271 -0.0402471 11.778 
-0.0455638 0.0419373 -0.998081 -191.607 -0.0439148 0.998068 0.0439415 6.40163 0.997996 0.0458327 -0.0436341 11.7243 
-0.0479078 0.043835 -0.997889 -192.549 -0.042682 0.998034 0.0458905 6.42779 0.997939 0.0447905 -0.0459426 11.667 
-0.0499456 0.0453626 -0.997721 -193.479 -0.0396853 0.998089 0.047366 6.4572 0.997963 0.0419607 -0.0480499 11.6131 
-0.0517219 0.0458432 -0.997609 -194.413 -0.0378771 0.998137 0.0478312 6.48622 0.997943 0.0402605 -0.0498892 11.5572 
-0.052762 0.0446032 -0.997611 -195.332 -0.0382903 0.998177 0.0466537 6.51677 0.997873 0.0406604 -0.0509579 11.4921 
-0.0538716 0.0432997 -0.997609 -196.24 -0.0403274 0.99815 0.0455009 6.5439 0.997733 0.0426822 -0.0520257 11.4278 
-0.0537445 0.0424026 -0.997654 -197.151 -0.0440063 0.998027 0.0447891 6.57115 0.997585 0.0463103 -0.0517725 11.3531 
-0.0531002 0.0403145 -0.997775 -198.064 -0.0466622 0.997993 0.0428066 6.60133 0.997498 0.0488314 -0.0511125 11.2863 
-0.0524176 0.0375948 -0.997917 -198.973 -0.0469518 0.998093 0.0400677 6.62588 0.997521 0.0489543 -0.0505525 11.2238 
-0.052011 0.0350635 -0.998031 -199.887 -0.0466414 0.998208 0.0375004 6.64923 0.997557 0.0485 -0.0502824 11.1598 
-0.0514807 0.0345617 -0.998076 -200.813 -0.0466276 0.998228 0.036972 6.67415 0.997585 0.0484413 -0.049778 11.095 
-0.0508305 0.0371937 -0.998015 -201.745 -0.0439201 0.998256 0.0394397 6.70011 0.997741 0.0458377 -0.0491084 11.0314 
-0.0508925 0.0386449 -0.997956 -202.685 -0.0434596 0.998219 0.0408714 6.72119 0.997758 0.0454509 -0.0491223 10.9648 
-0.0502775 0.03495 -0.998124 -203.624 -0.0384465 0.998579 0.0369026 6.74553 0.997995 0.0402297 -0.0488624 10.9072 
-0.0499155 0.0317301 -0.998249 -204.567 -0.0372438 0.998741 0.033608 6.77237 0.998059 0.0388562 -0.0486709 10.845 
-0.0495515 0.0317434 -0.998267 -205.511 -0.0416705 0.998559 0.0338211 6.79875 0.997902 0.0432742 -0.0481573 10.7761 
-0.0484327 0.0356872 -0.998189 -206.474 -0.043116 0.998355 0.0377852 6.8184 0.997895 0.0448679 -0.0468143 10.7129 
-0.0463715 0.0352581 -0.998302 -207.438 -0.0406889 0.998481 0.0371544 6.84323 0.998095 0.0423428 -0.0448665 10.6511 
-0.0444272 0.036519 -0.998345 -208.414 -0.0394432 0.998488 0.0382795 6.87463 0.998234 0.0410786 -0.0429196 10.5956 
-0.0432211 0.0410618 -0.998221 -209.403 -0.0401117 0.998278 0.0428009 6.90526 0.99826 0.0418903 -0.0414996 10.5396 
-0.0416786 0.045292 -0.998104 -210.394 -0.0372381 0.998208 0.0468517 6.93243 0.998437 0.0391202 -0.0399173 10.4866 
-0.0403954 0.0455601 -0.998145 -211.396 -0.0367828 0.998215 0.0470519 6.96969 0.998507 0.0386153 -0.0386474 10.4284 
-0.038492 0.0462319 -0.998189 -212.402 -0.0402824 0.998045 0.0477786 7.00383 0.998447 0.0420486 -0.0365544 10.3677 
-0.0355987 0.0478025 -0.998222 -213.419 -0.043246 0.997846 0.0493267 7.04181 0.99843 0.0449251 -0.0334547 10.3039 
-0.0321797 0.0480738 -0.998325 -214.445 -0.0444665 0.997785 0.0494811 7.07762 0.998493 0.0459844 -0.0299707 10.2512 
-0.0290121 0.0452293 -0.998555 -215.473 -0.0475525 0.997782 0.0465759 7.11557 0.998447 0.0488351 -0.026797 10.1949 
-0.02623 0.0421231 -0.998768 -216.507 -0.0474923 0.997931 0.0433351 7.14921 0.998527 0.0485705 -0.0241752 10.1494 
-0.0245571 0.041349 -0.998843 -217.543 -0.0468992 0.997997 0.042467 7.18114 0.998598 0.0478879 -0.0225687 10.1072 
-0.0232486 0.0434767 -0.998784 -218.6 -0.0473659 0.997884 0.0445401 7.21544 0.998607 0.0483438 -0.0211401 10.0668 
-0.0221003 0.0469979 -0.998651 -219.657 -0.0493539 0.997625 0.0480419 7.24851 0.998537 0.0503491 -0.0197283 10.0219 
-0.0204317 0.0465647 -0.998706 -220.723 -0.0497149 0.997632 0.0475317 7.28604 0.998554 0.0506218 -0.0180683 9.97505 
-0.0196631 0.0437418 -0.998849 -221.791 -0.048543 0.997823 0.0446524 7.32248 0.998628 0.0493652 -0.0174969 9.93823 
-0.0196888 0.0409336 -0.998968 -222.867 -0.0456976 0.998081 0.0417979 7.35561 0.998761 0.0464734 -0.0177805 9.90179 
-0.0200532 0.0399654 -0.999 -223.954 -0.0440238 0.998196 0.040817 7.38736 0.998829 0.0447983 -0.0182576 9.86894 
-0.0199604 0.0390395 -0.999038 -225.056 -0.0443471 0.998219 0.0398935 7.418 0.998817 0.0451008 -0.0181936 9.82863 
-0.0195848 0.0390682 -0.999045 -226.161 -0.0446745 0.998204 0.0399111 7.4492 0.99881 0.0454135 -0.0178043 9.78718 
-0.0196201 0.0399176 -0.99901 -227.273 -0.0467237 0.998074 0.0407978 7.48081 0.998715 0.047478 -0.0177172 9.73844 
-0.0199375 0.0420517 -0.998917 -228.39 -0.0473036 0.997957 0.0429554 7.5149 0.998682 0.0481088 -0.0179076 9.69118 
-0.0209373 0.0437027 -0.998825 -229.526 -0.0475109 0.997872 0.0446569 7.55195 0.998651 0.0483901 -0.0188164 9.64735 
-0.0217646 0.0453469 -0.998734 -230.669 -0.0488177 0.997731 0.0463652 7.59382 0.998571 0.0497651 -0.0195015 9.6041 
-0.0228001 0.0463454 -0.998665 -231.823 -0.0511623 0.997562 0.0474623 7.63193 0.99843 0.0521762 -0.0203734 9.55562 
-0.0236734 0.0449543 -0.998709 -232.978 -0.0532046 0.997516 0.0461618 7.67293 0.998303 0.0542288 -0.0212228 9.4984 
-0.0248725 0.0404986 -0.99887 -234.137 -0.0518278 0.997783 0.041745 7.71172 0.998346 0.0528076 -0.0227184 9.44988 
-0.0261466 0.0342615 -0.999071 -235.31 -0.0485269 0.998191 0.0355013 7.74813 0.99848 0.04941 -0.0244367 9.39964 
-0.0282117 0.0299316 -0.999154 -236.496 -0.0439428 0.998548 0.0311542 7.77721 0.998636 0.0447845 -0.0268555 9.35258 
-0.0304984 0.0303437 -0.999074 -237.685 -0.0377344 0.998792 0.0314871 7.80068 0.998822 0.0386598 -0.0293165 9.30608 
-0.0329501 0.0344826 -0.998862 -238.888 -0.0330554 0.99882 0.0355716 7.82658 0.99891 0.03419 -0.0317714 9.25296 
-0.0349113 0.0369331 -0.998708 -240.095 -0.0309382 0.998798 0.0380179 7.85619 0.998911 0.0322256 -0.0337267 9.18816 
-0.036964 0.03653 -0.998649 -241.3 -0.0293063 0.998862 0.0376226 7.88443 0.998887 0.0306574 -0.0358514 9.12334 
-0.0391741 0.0372119 -0.998539 -242.523 -0.0294111 0.99883 0.0383766 7.91678 0.9988 0.0308716 -0.0380339 9.05307 
-0.0411843 0.0387639 -0.998399 -243.749 -0.0282983 0.998801 0.0399468 7.94713 0.998751 0.0298982 -0.040038 8.97974 
-0.0435377 0.0384564 -0.998311 -244.974 -0.0274315 0.998836 0.039673 7.97862 0.998675 0.0291125 -0.0424321 8.90484 
-0.0458005 0.0369938 -0.998265 -246.203 -0.0271849 0.998898 0.0382644 8.01314 0.998581 0.0288903 -0.0447443 8.8253 
-0.0480146 0.0366571 -0.998174 -247.439 -0.0270531 0.998912 0.0379855 8.04471 0.99848 0.0288276 -0.0469707 8.74206 
-0.0504247 0.0376367 -0.998018 -248.682 -0.0277302 0.998852 0.0390692 8.07643 0.998343 0.0296454 -0.0493231 8.65696 
-0.05279 0.0379457 -0.997884 -249.93 -0.0282506 0.998821 0.0394759 8.10947 0.998206 0.0302748 -0.0516558 8.5677 
-0.0553751 0.039018 -0.997703 -251.186 -0.0294689 0.998737 0.040694 8.13942 0.998031 0.0316547 -0.0541553 8.4762 
-0.0577908 0.0406625 -0.9975 -252.44 -0.0312052 0.998608 0.0425156 8.17286 0.997841 0.0335842 -0.0564415 8.38104 
-0.0593235 0.0414077 -0.99738 -253.71 -0.0325581 0.998528 0.0433919 8.20808 0.997708 0.035047 -0.057888 8.28552 
-0.0604333 0.0416709 -0.997302 -254.982 -0.0352878 0.998415 0.0438557 8.24454 0.997548 0.037843 -0.0588671 8.18629 
-0.0604279 0.0416976 -0.997301 -256.247 -0.0356772 0.998398 0.0439053 8.28021 0.997535 0.0382341 -0.0588435 8.08261 
-0.0604913 0.0407643 -0.997336 -257.521 -0.0347717 0.998473 0.0429198 8.31121 0.997563 0.0372754 -0.0589815 7.9834 
-0.0602133 0.0398088 -0.997391 -258.784 -0.0319556 0.998615 0.0417868 8.347 0.997674 0.0343884 -0.0588578 7.88613 
-0.0605304 0.039564 -0.997382 -260.044 -0.0308443 0.998663 0.0414867 8.38113 0.99769 0.0332748 -0.0592291 7.78735 
-0.0605425 0.0400184 -0.997363 -261.304 -0.0306348 0.998651 0.0419297 8.41402 0.997695 0.0330926 -0.0592349 7.68656 
-0.0603796 0.0398225 -0.997381 -262.57 -0.0297321 0.998689 0.0416746 8.44981 0.997733 0.0321706 -0.0591164 7.59057 
-0.0601154 0.0406578 -0.997363 -263.844 -0.0294543 0.998663 0.0424861 8.48119 0.997757 0.0319307 -0.0588374 7.49203 
-0.0604151 0.0416324 -0.997305 -265.114 -0.0268531 0.9987 0.0433174 8.51666 0.997812 0.0293978 -0.0592186 7.40037 
-0.060653 0.0442155 -0.997179 -266.378 -0.0225258 0.998703 0.0456532 8.55286 0.997905 0.0252313 -0.0595783 7.31346 
-0.0610871 0.0477651 -0.996989 -267.634 -0.0190864 0.998616 0.0490125 8.58998 0.99795 0.022023 -0.0600909 7.22094 
-0.0611199 0.0504369 -0.996855 -268.888 -0.0171125 0.998523 0.0515705 8.62779 0.997984 0.0202107 -0.0601665 7.13029 
-0.0611763 0.048832 -0.996932 -270.121 -0.0174495 0.998598 0.0499844 8.66777 0.997974 0.0204538 -0.0602384 7.03476 
-0.0612103 0.0473277 -0.997002 -271.343 -0.0198935 0.998619 0.0486258 8.70653 0.997927 0.0228103 -0.0601843 6.93359 
-0.0617118 0.0500505 -0.996838 -272.579 -0.0257068 0.998331 0.0517169 8.74907 0.997763 0.0288171 -0.0603221 6.82603 
-0.0616582 0.0559137 -0.99653 -273.815 -0.0310698 0.997838 0.0579094 8.79142 0.997614 0.0345326 -0.0597877 6.71707 
-0.0614193 0.055154 -0.996587 -275.056 -0.0350661 0.997737 0.0573787 8.84092 0.997496 0.0384706 -0.0593462 6.60924 
-0.061098 0.0483769 -0.996959 -276.281 -0.0347406 0.998117 0.0505621 8.88795 0.997527 0.0377242 -0.0593023 6.50982 
-0.0617799 0.0431264 -0.997158 -277.504 -0.0313173 0.99849 0.0451244 8.92743 0.997598 0.0340161 -0.0603361 6.41794 
-0.0617606 0.0423012 -0.997194 -278.725 -0.0255869 0.998706 0.04395 8.96262 0.997763 0.0282296 -0.0605983 6.32736 
-0.060848 0.0440473 -0.997175 -279.958 -0.0223782 0.998715 0.0454808 8.99725 0.997896 0.0250825 -0.0597841 6.23852 
-0.0592433 0.0459719 -0.997184 -281.209 -0.0214457 0.99865 0.0473135 9.03892 0.998013 0.0241884 -0.0581774 6.14327 
-0.0579362 0.048309 -0.997151 -282.462 -0.022593 0.998509 0.0496875 9.07674 0.998065 0.0254074 -0.0567584 6.04074 
-0.0569748 0.0496139 -0.997142 -283.683 -0.0236942 0.998416 0.0510311 9.11978 0.998094 0.026534 -0.055709 5.9416 
-0.0562786 0.0504898 -0.997138 -284.925 -0.0249131 0.998339 0.0519567 9.16528 0.998104 0.0277659 -0.0549272 5.85165 
-0.0556385 0.0498763 -0.997204 -286.149 -0.0243881 0.998386 0.0512961 9.206 0.998153 0.027174 -0.0543323 5.76087 
-0.0555261 0.0481555 -0.997295 -287.375 -0.024951 0.998457 0.0496008 9.24562 0.998145 0.0276377 -0.0542389 5.67146 
-0.0553189 0.046941 -0.997365 -288.607 -0.0246772 0.998525 0.0483643 9.28577 0.998164 0.0272877 -0.0540789 5.58235 
-0.055287 0.0466063 -0.997382 -289.842 -0.0253202 0.998523 0.0480632 9.32581 0.998149 0.0279112 -0.0540253 5.49308 
-0.0549793 0.0466235 -0.997398 -291.066 -0.0255819 0.998516 0.0480859 9.35913 0.99816 0.0281591 -0.053705 5.40304 
-0.0550167 0.0470335 -0.997377 -292.298 -0.0260323 0.998483 0.0485216 9.3957 0.998146 0.0286335 -0.0537089 5.31299 
-0.0547561 0.0471644 -0.997385 -293.54 -0.0254773 0.998493 0.0486155 9.43631 0.998175 0.0280727 -0.053472 5.228 
-0.0549693 0.0454938 -0.997451 -294.781 -0.0252211 0.99858 0.0469352 9.47621 0.99817 0.0277368 -0.0537438 5.14042 
-0.0552482 0.0428873 -0.997551 -296.013 -0.0246217 0.998715 0.044301 9.51266 0.998169 0.027009 -0.0541212 5.05656 
-0.0556603 0.0398299 -0.997655 -297.244 -0.0253671 0.998825 0.0412918 9.548 0.998128 0.027606 -0.0545846 4.96747 
-0.0559234 0.0384777 -0.997693 -298.478 -0.0272449 0.998826 0.0400485 9.57975 0.998063 0.0294218 -0.0548094 4.86826 
-0.0562781 0.0384917 -0.997673 -299.716 -0.0303433 0.998729 0.0402441 9.61001 0.997954 0.0325376 -0.0550386 4.76679 
-0.0563905 0.0394302 -0.99763 -300.96 -0.0337487 0.998574 0.0413751 9.64351 0.997838 0.0360019 -0.0549793 4.66257 
-0.0565819 0.0402319 -0.997587 -302.205 -0.0373894 0.998402 0.0423854 9.67786 0.997698 0.0396975 -0.0549872 4.55902 
-0.0569074 0.0400956 -0.997574 -303.445 -0.0390808 0.998338 0.0423557 9.71253 0.997614 0.0413964 -0.0552458 4.46555 
-0.0572097 0.0381187 -0.997634 -304.679 -0.0387479 0.998433 0.0403712 9.74144 0.99761 0.0409659 -0.0556431 4.36859 
-0.0580614 0.036125 -0.997659 -305.932 -0.0363183 0.998607 0.038273 9.77036 0.997652 0.0384555 -0.0566686 4.28313 
-0.0593636 0.0359029 -0.997591 -307.185 -0.0335126 0.998718 0.0379377 9.801 0.997674 0.035684 -0.0580843 4.19772 
-0.0608142 0.0381976 -0.997418 -308.449 -0.0312008 0.998706 0.0401493 9.82677 0.997661 0.0335619 -0.0595437 4.11648 
