1 -4.23778e-08 4.22719e-08 0 -4.23778e-08 1 -4.19404e-08 0 4.22719e-08 -4.19404e-08 1 0 
0.999991 -0.00258338 -0.00342788 -0.00621943 0.00257592 0.999994 -0.00215383 -0.00385094 0.00343351 0.0021449 0.999992 0.677576 
0.99997 -0.00147208 -0.00756364 -0.0207156 0.00144369 0.999992 -0.00374615 -0.00658511 0.00756917 0.00373504 0.999964 1.37521 
0.99993 -0.00145127 -0.0117009 -0.038245 0.00138955 0.999985 -0.00527375 -0.0103368 0.0117085 0.00525704 0.999918 2.09286 
0.999857 -0.00010896 -0.016903 -0.0586846 9.20223e-06 0.999983 -0.00589679 -0.0161436 0.0169034 0.0058957 0.99984 2.82543 
0.99977 -0.00123359 -0.0213904 -0.0833375 0.00110345 0.999981 -0.00609097 -0.0248054 0.0213976 0.00606588 0.999753 3.56989 
0.999663 0.000499832 -0.0259692 -0.116606 -0.000694251 0.999972 -0.0074748 -0.0322599 0.0259648 0.00749023 0.999635 4.33194 
0.999512 0.00302565 -0.0310781 -0.152819 -0.0032792 0.999962 -0.00810788 -0.0414088 0.0310525 0.00820575 0.999484 5.11041 
0.999358 0.00344836 -0.0356625 -0.190453 -0.00368401 0.999972 -0.00654196 -0.0500831 0.035639 0.00666906 0.999342 5.90836 
0.999192 0.00253243 -0.040121 -0.23414 -0.0026923 0.999989 -0.00392919 -0.0593466 0.0401107 0.00403395 0.999187 6.71039 
0.999038 0.00242151 -0.0437779 -0.276649 -0.00248602 0.999996 -0.00141742 -0.0673465 0.0437744 0.0015248 0.99904 7.52506 
0.998902 0.00377738 -0.0467035 -0.325249 -0.00387596 0.99999 -0.00201854 -0.0761726 0.0466955 0.00219726 0.998907 8.34768 
0.998783 0.00315195 -0.0492229 -0.373912 -0.00326279 0.999992 -0.00216998 -0.0840513 0.0492157 0.00232785 0.998785 9.17736 
0.998695 0.00035065 -0.0510602 -0.420956 -0.000495877 0.999996 -0.00282997 -0.0903538 0.0510591 0.00285151 0.998691 10.014 
0.998582 0.000270947 -0.0532257 -0.474198 -0.000379376 0.999998 -0.00202551 -0.0991008 0.0532251 0.00204274 0.99858 10.8541 
0.998498 -0.00122432 -0.0547704 -0.529123 0.00110456 0.999997 -0.00221546 -0.110181 0.054773 0.00215155 0.998496 11.7107 
0.998409 0.001013 -0.0563729 -0.595996 -0.0012822 0.999988 -0.00473795 -0.118675 0.0563675 0.00480261 0.998398 12.5713 
0.998328 0.00139535 -0.0577807 -0.659317 -0.00182292 0.999971 -0.0073463 -0.129018 0.0577689 0.00743926 0.998302 13.4404 
0.998215 0.00519952 -0.0594874 -0.730447 -0.00574488 0.999943 -0.00899893 -0.140121 0.0594373 0.00932453 0.998188 14.3213 
0.99815 0.00620678 -0.060485 -0.796146 -0.00672808 0.999942 -0.00841756 -0.156085 0.0604293 0.00880884 0.998134 15.2083 
0.998062 0.00516395 -0.062014 -0.860614 -0.00560529 0.99996 -0.00694353 -0.16992 0.0619758 0.00727759 0.998051 16.1044 
0.99796 0.00579611 -0.0635751 -0.927301 -0.00614816 0.999967 -0.00534192 -0.185331 0.0635421 0.00572181 0.997963 17.0072 
0.997905 0.00543902 -0.0644697 -0.998037 -0.00579281 0.999969 -0.00530077 -0.1979 0.064439 0.00566304 0.997905 17.9116 
0.997797 0.00512935 -0.0661411 -1.0701 -0.00555137 0.999965 -0.0061972 -0.211698 0.0661071 0.00655063 0.997791 18.8162 
0.997723 0.00370632 -0.0673467 -1.14113 -0.00417652 0.999968 -0.00684105 -0.226006 0.0673193 0.00710666 0.997706 19.7368 
0.99768 0.00373299 -0.0679699 -1.21214 -0.00409146 0.999978 -0.00513436 -0.238159 0.0679494 0.00540046 0.997674 20.6629 
0.997674 0.00487745 -0.0679927 -1.29043 -0.0050072 0.999986 -0.00173683 -0.251192 0.0679834 0.00207316 0.997684 21.5927 
0.997725 0.00570514 -0.0671701 -1.36551 -0.0055799 0.999982 0.00205326 -0.263089 0.0671807 -0.00167387 0.997739 22.5283 
0.997831 0.0046805 -0.0656576 -1.4365 -0.00436555 0.999978 0.00494075 -0.269655 0.0656794 -0.00464349 0.99783 23.4673 
0.997933 0.00491854 -0.064076 -1.51069 -0.00457006 0.999974 0.00558525 -0.273041 0.0641019 -0.00528096 0.997929 24.4119 
0.998009 0.00519933 -0.0628537 -1.57815 -0.00503629 0.999983 0.00275338 -0.278866 0.062867 -0.00243143 0.998019 25.3594 
0.99805 0.00590081 -0.062132 -1.64827 -0.00604152 0.99998 -0.00207577 -0.287169 0.0621186 0.00244701 0.998066 26.3096 
0.998141 0.00510554 -0.060731 -1.72318 -0.0054259 0.999972 -0.00511001 -0.293932 0.0607033 0.00542994 0.998141 27.2701 
0.998191 0.00255688 -0.0600681 -1.79146 -0.0028074 0.999988 -0.00408514 -0.304076 0.060057 0.0042463 0.998186 28.2407 
0.998177 0.000564398 -0.0603553 -1.85954 -0.00050937 0.999999 0.000928489 -0.31526 0.0603559 -0.00089614 0.998176 29.222 
0.998123 -0.0032835 -0.0611533 -1.92698 0.0035551 0.999984 0.00433435 -0.325825 0.0611382 -0.00454371 0.998119 30.2023 
0.997992 -0.0108044 -0.0624038 -1.98924 0.0110661 0.999931 0.00384995 -0.334821 0.0623581 -0.00453287 0.998043 31.1845 
0.997877 -0.0127685 -0.0638609 -2.05588 0.0127829 0.999918 -0.000181211 -0.339233 0.0638581 -0.000635591 0.997959 32.1663 
0.997799 -0.0124433 -0.0651302 -2.13435 0.0121975 0.999917 -0.00416833 -0.351472 0.0651767 0.00336465 0.997868 33.1383 
0.997681 -0.0106431 -0.0672226 -2.21914 0.0103312 0.999934 -0.00498421 -0.362982 0.0672713 0.00427807 0.997725 34.1195 
0.997622 -0.0107993 -0.0680642 -2.29728 0.0105774 0.999937 -0.00361733 -0.375027 0.0680991 0.0028887 0.997674 35.1192 
0.997576 -0.0074346 -0.0691855 -2.39134 0.00737997 0.999972 -0.00104409 -0.388165 0.0691914 0.000530883 0.997603 36.1125 
0.997494 -0.007456 -0.0703534 -2.47569 0.00748203 0.999972 0.000107663 -0.399369 0.0703507 -0.000633866 0.997522 37.1177 
0.997419 -0.00612729 -0.0715328 -2.55736 0.0063409 0.999976 0.00276072 -0.411629 0.0715143 -0.00320727 0.997434 38.1175 
0.997435 -0.00624434 -0.0712991 -2.64022 0.00666563 0.999962 0.00567346 -0.418573 0.071261 -0.00613425 0.997439 39.1205 
0.997411 -0.000352504 -0.0719089 -2.73568 0.000926276 0.999968 0.00794709 -0.426077 0.0719039 -0.00799321 0.997379 40.1174 
0.997403 -0.000600722 -0.0720252 -2.82285 0.00113719 0.999972 0.00740875 -0.434021 0.0720188 -0.0074715 0.997375 41.122 
0.9974 -0.000481593 -0.0720648 -2.90417 0.000887927 0.999984 0.00560765 -0.439155 0.072061 -0.00565715 0.997384 42.1143 
0.997393 0.00170969 -0.072138 -2.9927 -0.00146256 0.999993 0.00347973 -0.448445 0.0721436 -0.00336524 0.997388 43.1104 
0.997333 0.00142805 -0.072971 -3.07577 -0.00119003 0.999994 0.0033064 -0.454616 0.0729754 -0.00321083 0.997328 44.1046 
0.997231 -0.000470826 -0.074362 -3.16087 0.000814537 0.999989 0.00459297 -0.464284 0.0743591 -0.00464091 0.997221 45.0998 
0.997181 8.04243e-05 -0.0750291 -3.24767 0.000342587 0.999984 0.00562615 -0.473956 0.0750285 -0.00563608 0.997165 46.0859 
0.99716 0.00259246 -0.075264 -3.33678 -0.00245046 0.999995 0.00198005 -0.486463 0.0752688 -0.00179009 0.997162 47.0558 
0.997093 0.00310742 -0.0761292 -3.42611 -0.0032827 0.999992 -0.00217638 -0.496213 0.0761219 0.00241987 0.997096 48.0257 
0.997038 0.00389823 -0.0768048 -3.51516 -0.00416628 0.999986 -0.00332904 -0.511117 0.0767909 0.00363908 0.99704 49.0006 
0.997033 0.00280826 -0.0769259 -3.60166 -0.00280932 0.999996 9.55702e-05 -0.525252 0.0769259 0.000120736 0.997037 49.9799 
0.997028 0.000831385 -0.0770389 -3.68713 -0.000585222 0.999995 0.00321889 -0.538131 0.0770412 -0.00316433 0.997023 50.951 
0.997003 -0.00111364 -0.0773602 -3.7687 0.00142242 0.999991 0.00393753 -0.550587 0.0773552 -0.00403586 0.996995 51.9153 
0.99697 -0.00410384 -0.077682 -3.85107 0.00432679 0.999987 0.00270299 -0.561319 0.07767 -0.003031 0.996974 52.873 
0.99692 -0.00681121 -0.0781317 -3.9316 0.00694242 0.999975 0.00140889 -0.572727 0.0781202 -0.00194706 0.996942 53.8281 
0.996819 -0.00832784 -0.07926 -4.01644 0.00854985 0.99996 0.00246308 -0.581735 0.0792364 -0.00313299 0.996851 54.7822 
0.996693 -0.0115121 -0.0804416 -4.10022 0.0120822 0.999905 0.00660545 -0.591037 0.080358 -0.0075556 0.996737 55.7356 
0.996629 -0.0123713 -0.0811037 -4.18636 0.0133502 0.999844 0.0115393 -0.595532 0.0809484 -0.0125833 0.996639 56.6897 
0.996605 -0.0106168 -0.0816449 -4.27719 0.0117811 0.999835 0.0137935 -0.601235 0.0814851 -0.0147086 0.996566 57.6356 
0.9965 -0.00952482 -0.0830465 -4.36596 0.0103793 0.999897 0.0098647 -0.608176 0.0829441 -0.0106922 0.996497 58.5658 
0.996392 -0.00802893 -0.0844884 -4.45689 0.00821999 0.999964 0.0019147 -0.611985 0.0844701 -0.00260237 0.996423 59.4871 
0.996334 -0.00649278 -0.0853037 -4.55013 0.00626232 0.999976 -0.00296801 -0.622068 0.085321 0.00242284 0.99635 60.3972 
0.99627 -0.00145014 -0.0862801 -4.64771 0.00127404 0.999997 -0.0020951 -0.636342 0.0862829 0.00197727 0.996269 61.2976 
0.996139 0.0012434 -0.087784 -4.73813 -0.00123698 0.999999 0.000128544 -0.649258 0.0877842 -1.95486e-05 0.996139 62.2068 
0.996044 0.00374653 -0.0887786 -4.8314 -0.00360363 0.999992 0.00177077 -0.667808 0.0887846 -0.00144392 0.99605 63.1088 
0.995941 0.00447147 -0.0899006 -4.92363 -0.00435711 0.999989 0.00146911 -0.677409 0.0899063 -0.00107153 0.99595 63.9741 
0.995785 0.00615213 -0.0915149 -5.01671 -0.00598299 0.99998 0.00212338 -0.687402 0.0915262 -0.00156698 0.995801 64.8313 
0.995642 0.0070126 -0.0929941 -5.10679 -0.00678479 0.999973 0.00276651 -0.70108 0.0930111 -0.0021236 0.995663 65.6736 
0.99551 0.00702198 -0.0943933 -5.19786 -0.00674914 0.999972 0.00321024 -0.712255 0.0944133 -0.00255884 0.99553 66.499 
0.995394 0.00667644 -0.0956355 -5.28947 -0.00629876 0.999971 0.00425129 -0.719688 0.0956612 -0.00362941 0.995407 67.3103 
0.995228 0.00939952 -0.0971207 -5.38048 -0.00876994 0.999938 0.00690816 -0.726855 0.0971796 -0.00602354 0.995249 68.1095 
0.995073 0.010925 -0.0985394 -5.47004 -0.00988588 0.99989 0.0110284 -0.736556 0.0986492 -0.00999999 0.995072 68.8951 
0.994857 0.0141179 -0.100302 -5.56025 -0.0129171 0.999837 0.0126121 -0.739969 0.100464 -0.0112517 0.994877 69.6726 
0.994692 0.0166643 -0.101539 -5.65454 -0.0158791 0.999837 0.00853787 -0.74882 0.101665 -0.0068803 0.994795 70.422 
0.994559 0.016629 -0.102835 -5.74327 -0.0165909 0.999862 0.00122671 -0.759158 0.102842 0.000486011 0.994698 71.1468 
0.994409 0.0156371 -0.104431 -5.82605 -0.0162185 0.999857 -0.00471911 -0.763745 0.104342 0.00638635 0.994521 71.8596 
0.994362 0.0165114 -0.104747 -5.91337 -0.0172358 0.999833 -0.00601426 -0.77097 0.10463 0.00778566 0.994481 72.5545 
0.994212 0.0192634 -0.10569 -6.00102 -0.0196408 0.999804 -0.00253061 -0.785172 0.105621 0.00459172 0.994396 73.2348 
0.994068 0.0193746 -0.10702 -6.08482 -0.0195077 0.99981 -0.000196142 -0.802919 0.106996 0.00228261 0.994257 73.8963 
0.994008 0.0162267 -0.108092 -6.15872 -0.0167045 0.999854 -0.0035156 -0.817551 0.108019 0.00530007 0.994135 74.5336 
0.994098 0.00797527 -0.108196 -6.22353 -0.00895564 0.999923 -0.00857749 -0.831169 0.108119 0.00949574 0.994092 75.1503 
0.994231 0.00395844 -0.107191 -6.29036 -0.00541516 0.999897 -0.0133015 -0.847987 0.107127 0.0138052 0.994149 75.7502 
0.994534 0.00636258 -0.10422 -6.35926 -0.00783166 0.999876 -0.013692 -0.858196 0.10412 0.0144333 0.99446 76.3357 
0.994913 0.0113148 -0.100096 -6.43126 -0.0124585 0.999864 -0.010808 -0.872481 0.0999602 0.012 0.994919 76.9083 
0.995374 0.0098337 -0.0955722 -6.48631 -0.0106269 0.999913 -0.0077927 -0.883168 0.0954873 0.00877219 0.995392 77.4702 
0.995915 0.0060972 -0.0900897 -6.52842 -0.0064445 0.999973 -0.00356376 -0.897067 0.0900656 0.0041297 0.995927 78.0175 
0.996633 0.00172679 -0.081972 -6.5676 -0.00174123 0.999998 -0.000103718 -0.910414 0.0819718 0.000246014 0.996635 78.5475 
0.997439 0.00532808 -0.0713262 -6.60686 -0.00536197 0.999986 -0.000282473 -0.920796 0.0713238 0.000664112 0.997453 79.0632 
0.998364 0.010577 -0.0561916 -6.64327 -0.0106394 0.999943 -0.00080987 -0.930687 0.05618 0.0014063 0.99842 79.5655 
0.999149 0.0156624 -0.0381649 -6.66521 -0.015692 0.999877 -0.000474396 -0.936515 0.0381528 0.00107279 0.999271 80.0579 
0.999774 0.0140426 -0.0159358 -6.66531 -0.0140455 0.999901 -6.30135e-05 -0.940539 0.0159334 0.000286741 0.999873 80.538 
0.999891 0.0105048 0.0103942 -6.6442 -0.010517 0.999944 0.00110977 -0.95222 -0.0103818 -0.00121905 0.999945 81.0036 
0.999155 0.00944323 0.0400002 -6.60923 -0.0095528 0.999951 0.00254695 -0.958831 -0.0399741 -0.002927 0.999196 81.4589 
0.997282 0.00910846 0.0731062 -6.56066 -0.00942157 0.999948 0.00393804 -0.966699 -0.0730664 -0.00461619 0.997316 81.902 
0.993807 0.00905264 0.110747 -6.49194 -0.00959861 0.999944 0.00439692 -0.973363 -0.110701 -0.00543278 0.993839 82.3417 
0.988278 0.00924835 0.152384 -6.40241 -0.0100368 0.99994 0.00440488 -0.979599 -0.152334 -0.00588277 0.988311 82.7682 
0.980254 0.00892853 0.197542 -6.29451 -0.0100128 0.99994 0.00449025 -0.988196 -0.19749 -0.0063796 0.980284 83.1786 
0.969071 0.0111742 0.24653 -6.16629 -0.0121526 0.999923 0.00244725 -0.999477 -0.246483 -0.00536761 0.969132 83.5747 
0.953961 0.0120958 0.299687 -6.01791 -0.0125153 0.999921 -0.000519971 -1.00751 -0.29967 -0.00325472 0.954037 83.9517 
0.93457 0.0123359 0.355566 -5.84631 -0.0122467 0.999922 -0.00250207 -1.01713 -0.355569 -0.00201621 0.934648 84.3117 
0.910674 0.0131345 0.412917 -5.65523 -0.012375 0.999913 -0.00451402 -1.022 -0.41294 -0.000999085 0.910758 84.6532 
0.882 0.0131753 0.471065 -5.44472 -0.0115471 0.999913 -0.00634666 -1.02986 -0.471107 0.000158271 0.882076 84.9767 
0.84886 0.011514 0.528493 -5.21314 -0.00850208 0.999931 -0.00812921 -1.041 -0.52855 0.00240722 0.848899 85.2736 
0.81219 0.0112373 0.583285 -4.96567 -0.00713798 0.999931 -0.00932523 -1.05048 -0.583349 0.00341033 0.812214 85.5561 
0.772312 0.00989183 0.635167 -4.70256 -0.00616984 0.999948 -0.00807091 -1.06283 -0.635214 0.00231433 0.772333 85.8221 
0.729314 0.00954949 0.684112 -4.42451 -0.00752334 0.999954 -0.00593802 -1.07059 -0.684137 -0.000816168 0.729353 86.0752 
0.683773 0.00861941 0.729643 -4.13144 -0.00686525 0.999962 -0.00537922 -1.07896 -0.729662 -0.00133106 0.683807 86.3057 
0.636773 0.00740155 0.771016 -3.82665 -0.00363873 0.999972 -0.00659442 -1.08685 -0.771042 0.0013936 0.636782 86.5115 
0.589472 0.00477609 0.807774 -3.5069 0.00206974 0.99997 -0.00742299 -1.09509 -0.807786 0.0060475 0.589445 86.6972 
0.542174 0.00696379 0.840237 -3.18576 0.000128618 0.999965 -0.00837071 -1.10484 -0.840266 0.00464642 0.542154 86.8709 
0.494482 0.00996395 0.869131 -2.85946 -0.00361996 0.999949 -0.00940426 -1.11368 -0.86918 0.00150399 0.494493 87.0299 
0.448533 0.0122083 0.893683 -2.52653 -0.00447467 0.999925 -0.0114139 -1.12341 -0.893755 0.00112058 0.448554 87.1691 
0.406059 0.00964162 0.913796 -2.18002 0.00275279 0.999927 -0.0117738 -1.12982 -0.913842 0.00729631 0.406003 87.2808 
0.366329 0.00208722 0.930483 -1.82084 0.0178897 0.999797 -0.00928592 -1.13203 -0.930313 0.0200477 0.366217 87.3702 
0.330819 -0.00146103 0.943693 -1.46017 0.0222074 0.999734 -0.00623727 -1.13511 -0.943433 0.0230204 0.330763 87.4635 
0.297498 0.00267782 0.954718 -1.09651 0.019628 0.999767 -0.00892052 -1.14154 -0.95452 0.021393 0.297377 87.5621 
0.266319 0.0104622 0.963828 -0.736086 0.00875319 0.999874 -0.0132722 -1.15708 -0.963845 0.0119712 0.266194 87.6634 
0.237924 0.0149887 0.971168 -0.357379 0.00429299 0.999855 -0.0164833 -1.17289 -0.971274 0.00809098 0.237825 87.7505 
0.212197 0.0167102 0.977084 0.0346544 0.00559553 0.999817 -0.0183143 -1.18666 -0.977211 0.00935354 0.212065 87.8204 
0.188892 0.0179523 0.981834 0.43661 0.0131051 0.999698 -0.0208002 -1.19802 -0.98191 0.016796 0.1886 87.874 
0.168712 0.0242393 0.985367 0.845122 0.0199354 0.999409 -0.0279981 -1.19809 -0.985464 0.0243673 0.168129 87.9202 
0.14897 0.0310371 0.988354 1.26507 0.0221651 0.999151 -0.0347171 -1.19896 -0.988593 0.0270788 0.148155 87.9735 
0.131296 0.0318671 0.990831 1.69953 0.019516 0.999206 -0.0347226 -1.21427 -0.991151 0.023896 0.13057 88.0303 
0.115925 0.0274518 0.992878 2.1556 0.0179332 0.999397 -0.0297259 -1.23703 -0.993096 0.0212515 0.115363 88.0815 
0.101417 0.0242783 0.994548 2.62212 0.0179609 0.999494 -0.0262307 -1.25749 -0.994682 0.0205232 0.10093 88.1255 
0.088362 0.0215821 0.995855 3.10447 0.0203904 0.999516 -0.0234708 -1.27618 -0.99588 0.0223798 0.0878792 88.1601 
0.0766869 0.020785 0.996838 3.59795 0.02442 0.999444 -0.0227181 -1.29109 -0.996756 0.026085 0.0761366 88.1913 
0.0665495 0.0214495 0.997552 4.11253 0.0278366 0.99934 -0.0233451 -1.30313 -0.997395 0.0293221 0.0659084 88.2212 
0.05863 0.021985 0.998038 4.64303 0.0298089 0.999273 -0.0237635 -1.31911 -0.997835 0.0311437 0.057932 88.2518 
0.053022 0.0223115 0.998344 5.18916 0.0313683 0.99922 -0.0239971 -1.33465 -0.9981 0.0325887 0.0522807 88.2807 
0.0475647 0.0233987 0.998594 5.74985 0.0326228 0.999156 -0.0249658 -1.35091 -0.998335 0.0337644 0.0467613 88.3051 
0.0417013 0.0240878 0.99884 6.33185 0.0332503 0.999122 -0.0254828 -1.36842 -0.998577 0.0342744 0.0408638 88.3311 
0.0372958 0.0242109 0.999011 6.93524 0.0356767 0.999037 -0.0255435 -1.384 -0.998667 0.0365941 0.0363961 88.3551 
0.0345692 0.0240941 0.999112 7.55318 0.0373879 0.998978 -0.0253846 -1.40358 -0.998703 0.0382322 0.033633 88.3749 
0.0313992 0.0236885 0.999226 8.19329 0.0381893 0.998961 -0.0248823 -1.42277 -0.998777 0.038941 0.0304619 88.4009 
0.0291827 0.0231126 0.999307 8.85059 0.0403329 0.998891 -0.0242809 -1.44223 -0.99876 0.0410135 0.0282181 88.4222 
0.0284352 0.0227716 0.999336 9.52853 0.0448103 0.998706 -0.0240324 -1.46162 -0.998591 0.0454639 0.027378 88.444 
0.029511 0.0224259 0.999313 10.221 0.0484576 0.998541 -0.0238396 -1.48241 -0.998389 0.0491279 0.0283813 88.4668 
0.0319192 0.0224558 0.999238 10.9281 0.0501113 0.998454 -0.024039 -1.50234 -0.998233 0.0508404 0.0307446 88.4963 
0.0358082 0.0224264 0.999107 11.6512 0.0525776 0.998321 -0.0242933 -1.52362 -0.997975 0.0534005 0.034569 88.5287 
0.0402749 0.0219778 0.998947 12.3945 0.0530854 0.998299 -0.0241039 -1.54632 -0.997777 0.0540002 0.0390397 88.5663 
0.0443135 0.0203577 0.99881 13.1545 0.0546134 0.998248 -0.0227693 -1.5672 -0.997524 0.0555574 0.0431241 88.609 
0.0483907 0.0189038 0.998649 13.9243 0.0544558 0.998284 -0.0215356 -1.58881 -0.997343 0.0554244 0.0472782 88.6563 
0.0526986 0.0168997 0.998467 14.7143 0.051339 0.998489 -0.0196098 -1.61064 -0.99729 0.0522937 0.0517514 88.7099 
0.0566148 0.0159406 0.998269 15.5137 0.0504633 0.998549 -0.0188071 -1.63081 -0.99712 0.0514407 0.0557282 88.7708 
0.0608451 0.0168495 0.998005 16.3188 0.0478386 0.998659 -0.0197772 -1.65639 -0.997 0.0489465 0.0599575 88.8334 
0.0640013 0.0210886 0.997727 17.123 0.0458794 0.998657 -0.0240514 -1.68148 -0.996895 0.0473144 0.0629478 88.8979 
0.0653395 0.0265067 0.997511 17.9324 0.0400207 0.998773 -0.0291618 -1.70937 -0.99706 0.0418265 0.0641985 88.9721 
0.0651023 0.0296358 0.997438 18.7476 0.0373728 0.998785 -0.0321152 -1.74045 -0.997178 0.0393679 0.0639157 89.041 
0.0654042 0.0292167 0.997431 19.5659 0.0350319 0.998888 -0.0315566 -1.77258 -0.997244 0.0370058 0.0643079 89.107 
0.0654958 0.0275372 0.997473 20.3922 0.0324925 0.99903 -0.0297138 -1.80866 -0.997324 0.0343565 0.0645376 89.1761 
0.0652291 0.0261973 0.997526 21.2123 0.0334059 0.999038 -0.0284216 -1.8436 -0.997311 0.0351772 0.0642912 89.2416 
0.0657345 0.0257342 0.997505 22.0354 0.0309567 0.999134 -0.0278164 -1.87765 -0.997357 0.032708 0.0648809 89.3094 
0.0657949 0.0260769 0.997492 22.8551 0.0293103 0.999177 -0.0280543 -1.91292 -0.997403 0.0310826 0.0649764 89.3782 
0.0660019 0.0267562 0.997461 23.6748 0.0264554 0.999242 -0.0285546 -1.94779 -0.997469 0.0282729 0.0652441 89.4448 
0.0648611 0.0281259 0.997498 24.494 0.0236323 0.999279 -0.0297128 -1.98248 -0.997614 0.0255003 0.0641497 89.5112 
0.0621164 0.0277734 0.997682 25.3127 0.0204836 0.999367 -0.0290957 -2.01572 -0.997859 0.0222435 0.0615082 89.576 
0.0584079 0.0265283 0.99794 26.1282 0.0182521 0.999451 -0.0276368 -2.04953 -0.998126 0.0198287 0.0578917 89.6336 
0.0537798 0.0242175 0.998259 26.9432 0.0163463 0.99955 -0.0251295 -2.0825 -0.998419 0.0176693 0.0533598 89.6866 
0.047529 0.0220532 0.998626 27.7578 0.0143732 0.999638 -0.0227597 -2.11615 -0.998766 0.0154352 0.0471948 89.7361 
0.0402002 0.0224708 0.998939 28.5615 0.0139602 0.999637 -0.0230484 -2.14573 -0.999094 0.0148719 0.0398719 89.7764 
0.0315595 0.0233381 0.999229 29.363 0.0138635 0.999621 -0.0237852 -2.17709 -0.999406 0.0146035 0.031224 89.81 
0.0217177 0.0239319 0.999478 30.1702 0.0145392 0.9996 -0.0242508 -2.20294 -0.999658 0.0150583 0.021361 89.8319 
0.0114299 0.0228929 0.999672 30.9671 0.015759 0.99961 -0.0230717 -2.2345 -0.99981 0.0160176 0.0110647 89.8476 
0.000776863 0.0219805 0.999758 31.7623 0.0148543 0.999648 -0.0219897 -2.26374 -0.999889 0.0148678 0.000450086 89.8547 
-0.0103258 0.0212181 0.999721 32.5498 0.01614 0.999648 -0.0210499 -2.29199 -0.999816 0.0159182 -0.0106646 89.85 
-0.0213008 0.0215767 0.99954 33.3326 0.0163414 0.999641 -0.0212307 -2.32081 -0.999639 0.0158816 -0.0216458 89.8391 
-0.0323609 0.0220607 0.999233 34.1067 0.0165126 0.999632 -0.0215348 -2.35051 -0.99934 0.015803 -0.0327132 89.8198 
-0.0429656 0.0232694 0.998805 34.8792 0.0161769 0.999614 -0.0225924 -2.37771 -0.998945 0.0151869 -0.0433254 89.7917 
-0.0532661 0.0243288 0.998284 35.6452 0.0170664 0.999579 -0.0234498 -2.4048 -0.998434 0.015788 -0.0536589 89.7562 
-0.0628026 0.0251439 0.997709 36.4061 0.0179463 0.999549 -0.0240607 -2.43122 -0.997865 0.0163941 -0.0632255 89.7132 
-0.0723883 0.025635 0.997047 37.1575 0.0186734 0.999529 -0.0243431 -2.45899 -0.997202 0.0168561 -0.072833 89.6608 
-0.0818541 0.0260334 0.996304 37.8996 0.0194717 0.99951 -0.0245175 -2.48788 -0.996454 0.0173929 -0.0823209 89.6064 
-0.0903798 0.0254862 0.995581 38.6376 0.0207276 0.999504 -0.0237051 -2.51601 -0.995692 0.0184936 -0.0908632 89.5443 
-0.0975555 0.0243798 0.994931 39.357 0.0226888 0.999494 -0.022267 -2.54487 -0.994971 0.0204016 -0.0980593 89.4661 
-0.102647 0.0226403 0.99446 40.0799 0.025567 0.999471 -0.0201155 -2.57394 -0.994389 0.0233606 -0.103171 89.3916 
-0.106279 0.0209569 0.994115 40.7927 0.0285603 0.99943 -0.0180157 -2.6008 -0.993926 0.0264775 -0.106817 89.3163 
-0.108874 0.0199294 0.993856 41.4947 0.0304391 0.999397 -0.016706 -2.62319 -0.993589 0.0284333 -0.109415 89.2423 
-0.110773 0.0190431 0.993663 42.1891 0.0307094 0.999404 -0.0157297 -2.64738 -0.993371 0.0287724 -0.111291 89.1734 
-0.111472 0.0195716 0.993575 42.8662 0.0315215 0.999373 -0.0161494 -2.66861 -0.993267 0.0295188 -0.112019 89.1063 
-0.110459 0.0206074 0.993667 43.5294 0.0324567 0.999326 -0.0171169 -2.69088 -0.99335 0.0303605 -0.111054 89.0356 
-0.107594 0.0222309 0.993946 44.1758 0.0333197 0.999269 -0.0187432 -2.71317 -0.993636 0.0311014 -0.108256 88.9755 
-0.102324 0.022817 0.994489 44.8018 0.0333995 0.999252 -0.0194899 -2.73476 -0.99419 0.0312211 -0.10301 88.9202 
-0.0942734 0.0232079 0.995276 45.399 0.032376 0.999271 -0.0202344 -2.76617 -0.99502 0.0303155 -0.094956 88.8704 
-0.0831627 0.023137 0.996267 45.9798 0.0313031 0.999298 -0.0205945 -2.78963 -0.996044 0.0294736 -0.0838285 88.8363 
-0.0694116 0.0233328 0.997315 46.5492 0.0305789 0.999306 -0.0212512 -2.81387 -0.997119 0.0290218 -0.070077 88.8124 
-0.0522607 0.0246802 0.998328 47.0991 0.0296506 0.999292 -0.023152 -2.8372 -0.998193 0.0283911 -0.0529555 88.803 
-0.0309017 0.0271821 0.999153 47.6352 0.0280605 0.99926 -0.0263172 -2.86048 -0.999128 0.0272235 -0.0316415 88.8047 
-0.00613125 0.0301572 0.999526 48.1681 0.0261072 0.999209 -0.0299876 -2.88469 -0.99964 0.025911 -0.00691373 88.8229 
0.022397 0.0319536 0.999238 48.6965 0.0243812 0.999174 -0.0324981 -2.90627 -0.999452 0.0250905 0.0215994 88.8552 
0.0558004 0.0313064 0.997951 49.2222 0.0222696 0.999221 -0.0325915 -2.93159 -0.998193 0.0240426 0.0550597 88.9079 
0.0943737 0.02889 0.995117 49.741 0.0213347 0.999291 -0.0310345 -2.95182 -0.995308 0.0241594 0.0936904 88.9748 
0.136801 0.0251383 0.990279 50.2582 0.0190312 0.999427 -0.0279996 -2.97503 -0.990416 0.0226765 0.136244 89.0725 
0.182896 0.0209316 0.982909 50.7591 0.0168903 0.999559 -0.0244291 -2.99506 -0.982987 0.0210696 0.182461 89.1845 
0.2319 0.0177771 0.972577 51.2526 0.0123831 0.999698 -0.0212255 -3.01493 -0.972661 0.0169657 0.231609 89.33 
0.284347 0.0163774 0.958581 51.7333 0.00896729 0.999765 -0.0197412 -3.03077 -0.958679 0.0142092 0.284134 89.4961 
0.340265 0.0156637 0.940199 52.1991 0.00772817 0.999781 -0.0194533 -3.05342 -0.940298 0.0138853 0.34007 89.6865 
0.399034 0.0160357 0.916796 52.654 0.0098582 0.999714 -0.0217769 -3.06954 -0.916883 0.0177277 0.398762 89.9091 
0.459014 0.019341 0.888219 53.0796 0.010444 0.999576 -0.0271632 -3.08731 -0.888368 0.0217448 0.458617 90.1633 
0.518432 0.0224045 0.854825 53.4769 0.0114181 0.999386 -0.0331183 -3.10666 -0.855042 0.02693 0.517858 90.4446 
0.576114 0.0267619 0.816931 53.8467 0.00685344 0.99927 -0.0375685 -3.124 -0.817341 0.0272425 0.57551 90.7617 
0.631663 0.0292318 0.774692 54.1997 0.00290359 0.999193 -0.0400707 -3.14428 -0.775238 0.0275605 0.631068 91.1076 
0.684059 0.0300308 0.728808 54.5172 0.00104325 0.999111 -0.042148 -3.162 -0.729426 0.029592 0.683419 91.4642 
0.73229 0.0281725 0.68041 54.8004 0.000207125 0.999135 -0.0415924 -3.1823 -0.680993 0.0305986 0.73165 91.8337 
0.776979 0.0248046 0.629038 55.0643 -0.00233398 0.99933 -0.0365235 -3.20213 -0.629522 0.0269098 0.776516 92.2294 
0.817658 0.0202009 0.575349 55.2998 -0.00362805 0.999545 -0.0299389 -3.21888 -0.575692 0.0223923 0.81736 92.6447 
0.853474 0.0177263 0.520834 55.5055 -0.0062785 0.999698 -0.0237359 -3.23431 -0.521098 0.0169879 0.853328 93.0766 
0.883993 0.0144804 0.467276 55.6849 -0.00749528 0.999831 -0.0168043 -3.24756 -0.46744 0.0113525 0.883952 93.5189 
0.908992 0.0151183 0.41654 55.8373 -0.0114031 0.99987 -0.011406 -3.26479 -0.416658 0.00561806 0.909046 93.9693 
0.928586 0.0171243 0.370721 55.9684 -0.0152947 0.999852 -0.00787495 -3.28057 -0.370801 0.00164242 0.928711 94.4189 
0.943486 0.0228691 0.330623 56.0819 -0.0223722 0.999736 -0.00530895 -3.28983 -0.330657 -0.00238793 0.943748 94.883 
0.954918 0.0271517 0.295625 56.1806 -0.0264479 0.99963 -0.00638016 -3.29597 -0.295689 -0.00172621 0.955283 95.3518 
0.963902 0.0290782 0.264663 56.2834 -0.0284353 0.999576 -0.00626131 -3.30212 -0.264733 -0.00149055 0.964321 95.8255 
0.969864 0.0232653 0.242533 56.3889 -0.0224617 0.999729 -0.00607864 -3.30878 -0.242609 0.00044767 0.970124 96.3073 
0.973662 0.0204288 0.227081 56.4859 -0.0197131 0.999791 -0.0054201 -3.32116 -0.227144 0.000800808 0.973861 96.7968 
0.976439 0.0244546 0.214401 56.5727 -0.0237765 0.999701 -0.00574165 -3.32815 -0.214477 0.000508586 0.976729 97.2948 
0.978374 0.029835 0.204681 56.6573 -0.0293558 0.999554 -0.00537853 -3.33025 -0.20475 -0.000746412 0.978814 97.8023 
0.979343 0.0376445 0.19867 56.7388 -0.037038 0.999291 -0.0067697 -3.33504 -0.198784 -0.000728551 0.980043 98.3175 
0.9797 0.0435423 0.195684 56.8241 -0.0423194 0.99905 -0.0104288 -3.34511 -0.195952 0.00193578 0.980612 98.842 
0.979818 0.0447337 0.194821 56.9211 -0.0430417 0.99899 -0.0129119 -3.35823 -0.195202 0.00426586 0.980754 99.3767 
0.9794 0.0431726 0.19726 57.027 -0.0407218 0.999035 -0.0164663 -3.37039 -0.19778 0.00809422 0.980213 99.9143 
0.978716 0.0414263 0.200996 57.141 -0.0375737 0.99903 -0.022947 -3.3796 -0.201752 0.0149063 0.979323 100.461 
0.977894 0.0414724 0.204948 57.2586 -0.0365491 0.998946 -0.0277518 -3.38966 -0.205883 0.0196475 0.978379 101.022 
0.976718 0.046456 0.209438 57.3682 -0.041633 0.998758 -0.0273816 -3.4056 -0.21045 0.0180244 0.977438 101.606 
0.975317 0.049491 0.215189 57.484 -0.0454897 0.998688 -0.0235108 -3.42179 -0.21607 0.0131416 0.976289 102.203 
0.974392 0.0465458 0.219987 57.615 -0.0434401 0.998876 -0.0189372 -3.43933 -0.220622 0.00889587 0.975319 102.811 
0.973744 0.0420317 0.223733 57.7587 -0.0400845 0.999108 -0.0132405 -3.45727 -0.22409 0.0039246 0.974561 103.43 
0.972977 0.03946 0.227503 57.9 -0.0384865 0.999221 -0.00871553 -3.47059 -0.22767 -0.000275873 0.973738 104.063 
0.972438 0.0350334 0.230516 58.0478 -0.034097 0.999386 -0.00804623 -3.48447 -0.230656 -3.55139e-05 0.973035 104.706 
0.972507 0.0314785 0.230734 58.1997 -0.0297368 0.999497 -0.0110239 -3.49897 -0.230965 0.00385948 0.972954 105.354 
0.972645 0.0304039 0.230297 58.3476 -0.0269997 0.999475 -0.0179198 -3.51774 -0.23072 0.0112116 0.972955 106.002 
0.972791 0.0325214 0.229389 58.4928 -0.0275913 0.999315 -0.0246679 -3.53274 -0.230034 0.0176675 0.973022 106.664 
0.97333 0.0353519 0.226667 58.6374 -0.0296421 0.999153 -0.0285465 -3.54614 -0.227484 0.0210663 0.973554 107.343 
0.973937 0.0337023 0.224302 58.7881 -0.0289836 0.999284 -0.0242983 -3.56429 -0.22496 0.0171639 0.974217 108.049 
0.974392 0.0296183 0.222895 58.9449 -0.0265462 0.999507 -0.0167675 -3.58343 -0.223282 0.010421 0.974698 108.763 
0.974971 0.029916 0.220311 59.0969 -0.0281938 0.999542 -0.0109587 -3.60511 -0.220538 0.00447291 0.975368 109.487 
0.975263 0.0331389 0.218551 59.2441 -0.0313496 0.99944 -0.0116515 -3.62368 -0.218814 0.00451173 0.975756 110.224 
0.975564 0.0385532 0.216307 59.3888 -0.0358581 0.999223 -0.0163724 -3.63899 -0.21677 0.00821588 0.976188 110.965 
0.976417 0.039254 0.212293 59.5387 -0.0354682 0.999137 -0.0216134 -3.65625 -0.212959 0.0135739 0.976967 111.711 
0.977344 0.0376336 0.208284 59.6924 -0.0332691 0.999148 -0.0244195 -3.67575 -0.209026 0.0169367 0.977763 112.475 
0.978278 0.0353696 0.204256 59.8486 -0.0313255 0.999244 -0.0230002 -3.69731 -0.204915 0.0161022 0.978647 113.251 
0.979134 0.031329 0.200783 60.0051 -0.0276807 0.999397 -0.0209532 -3.7208 -0.201319 0.0149581 0.979411 114.039 
0.979568 0.0301635 0.198837 60.1587 -0.027091 0.999468 -0.0181561 -3.74544 -0.199279 0.0123984 0.979864 114.836 
0.97991 0.0268853 0.197621 60.3134 -0.0242226 0.99958 -0.0158798 -3.76382 -0.197965 0.0107738 0.98015 115.648 
0.98016 0.0214051 0.197047 60.4769 -0.0188857 0.999714 -0.014657 -3.78443 -0.197305 0.0106447 0.980284 116.457 
0.980279 0.0225186 0.19633 60.6282 -0.0203808 0.999709 -0.0129031 -3.80733 -0.196564 0.00864722 0.980453 117.271 
0.980068 0.0276816 0.196726 60.7725 -0.025221 0.999569 -0.0150031 -3.82552 -0.197056 0.00974235 0.980344 118.098 
0.979776 0.0333797 0.197291 60.9183 -0.0303411 0.99937 -0.0184057 -3.84519 -0.197781 0.0120474 0.980172 118.929 
0.979275 0.0421431 0.198101 61.0652 -0.0389207 0.999039 -0.0201343 -3.8638 -0.198759 0.0120067 0.979975 119.761 
0.978383 0.0481492 0.201118 61.2127 -0.0451333 0.998789 -0.0195572 -3.88759 -0.201816 0.0100572 0.979372 120.6 
0.97765 0.0507096 0.204031 61.3685 -0.04812 0.998686 -0.0176369 -3.91336 -0.204657 0.00742466 0.978805 121.448 
0.977039 0.0511814 0.206821 61.5273 -0.0484336 0.998658 -0.0183314 -3.94271 -0.207482 0.00789333 0.978207 122.299 
0.976766 0.0496372 0.208482 61.698 -0.0462528 0.998707 -0.0210808 -3.96568 -0.209258 0.0109481 0.977799 123.143 
0.976761 0.0434232 0.209885 61.8764 -0.0401723 0.998998 -0.0197297 -3.99237 -0.210532 0.0108395 0.977527 123.988 
0.976988 0.03675 0.210104 62.0539 -0.0330504 0.999231 -0.0210944 -4.02137 -0.210718 0.0136649 0.977451 124.826 
0.97677 0.0360636 0.211233 62.2284 -0.0323085 0.999253 -0.0212029 -4.05125 -0.21184 0.0138857 0.977206 125.678 
0.976272 0.0386007 0.21308 62.3987 -0.0355001 0.999201 -0.0183605 -4.07459 -0.213618 0.0103605 0.976862 126.527 
0.975848 0.0408834 0.214591 62.5637 -0.0390655 0.999156 -0.0127077 -4.09867 -0.21493 0.00401763 0.976621 127.372 
0.97552 0.0443178 0.215396 62.7306 -0.0435216 0.999017 -0.00844064 -4.12464 -0.215559 -0.00114046 0.97649 128.209 
0.975325 0.0434156 0.216464 62.9023 -0.041158 0.999041 -0.0149295 -4.1505 -0.216905 0.00565184 0.976176 129.04 
0.975582 0.0391693 0.216114 63.0803 -0.033632 0.999006 -0.0292426 -4.17789 -0.217045 0.0212601 0.97593 129.853 
0.975809 0.0368067 0.215504 63.256 -0.0292361 0.998842 -0.0382143 -4.20798 -0.216661 0.0309893 0.975755 130.662 
0.976087 0.0338346 0.214732 63.4289 -0.0281836 0.999172 -0.0293254 -4.23406 -0.215546 0.0225721 0.976233 131.489 
0.976527 0.0271284 0.21368 63.6066 -0.0258997 0.999628 -0.00854828 -4.26338 -0.213832 0.0028133 0.976866 132.334 
0.976873 0.0233963 0.212537 63.783 -0.0253949 0.999655 0.00667767 -4.29157 -0.212307 -0.0119207 0.97713 133.178 
0.976884 0.0280388 0.211922 63.9432 -0.0288735 0.999583 0.000843883 -4.308 -0.21181 -0.00694339 0.977286 133.991 
0.977069 0.0360357 0.209849 64.095 -0.0335756 0.999319 -0.015276 -4.31856 -0.210256 0.00787984 0.977614 134.801 
0.977316 0.0360725 0.208691 64.2557 -0.0319186 0.99922 -0.0232396 -4.33372 -0.209367 0.0160512 0.977705 135.618 
0.977925 0.0318606 0.206511 64.4225 -0.0275271 0.999337 -0.0238248 -4.3652 -0.207133 0.0176141 0.978154 136.436 
0.978512 0.0313317 0.203797 64.5803 -0.0273899 0.99938 -0.022135 -4.39888 -0.204364 0.0160773 0.978763 137.26 
0.979269 0.0309845 0.20018 64.732 -0.0268112 0.999364 -0.0235264 -4.42477 -0.200781 0.0176715 0.979477 138.079 
0.980231 0.0320391 0.195245 64.8784 -0.0276736 0.999303 -0.0250474 -4.45286 -0.195912 0.019149 0.980434 138.892 
0.980594 0.0370384 0.192519 65.0137 -0.0328024 0.999145 -0.0251454 -4.48503 -0.193286 0.0183422 0.980971 139.702 
0.980744 0.0432479 0.190451 65.1452 -0.0390893 0.998909 -0.0255406 -4.51127 -0.191348 0.0176041 0.981364 140.508 
0.981072 0.0445326 0.188452 65.286 -0.0408421 0.998891 -0.0234238 -4.54233 -0.189286 0.0152836 0.981803 141.317 
0.981396 0.0421881 0.187304 65.4276 -0.0393845 0.99905 -0.0186664 -4.5707 -0.187913 0.0109421 0.982125 142.125 
0.981813 0.0405365 0.185473 65.5699 -0.0377296 0.999114 -0.0186406 -4.59826 -0.186064 0.0113037 0.982473 142.93 
0.982385 0.0386892 0.18282 65.7099 -0.0353254 0.999142 -0.0216219 -4.62782 -0.1835 0.0147828 0.982909 143.725 
0.983442 0.0340515 0.177994 65.8489 -0.0300387 0.999231 -0.0251924 -4.65682 -0.178715 0.0194285 0.983709 144.515 
0.984715 0.0310198 0.171387 65.9824 -0.0269418 0.999297 -0.0260704 -4.6852 -0.172075 0.0210543 0.984859 145.302 
0.985869 0.0290443 0.164979 66.1023 -0.025954 0.999445 -0.0208576 -4.71002 -0.165493 0.016281 0.986076 146.103 
0.986971 0.0264417 0.158707 66.2201 -0.024776 0.999615 -0.0124658 -4.73286 -0.158976 0.00837123 0.987247 146.91 
0.987634 0.0234231 0.155014 66.341 -0.0232106 0.999725 -0.00318121 -4.75182 -0.155046 -0.000456176 0.987907 147.722 
0.988126 0.0300431 0.150678 66.4411 -0.0302908 0.999541 -0.000651933 -4.76657 -0.150628 -0.00392004 0.988583 148.524 
0.98873 0.0328868 0.146052 66.5367 -0.0324412 0.999459 -0.00543297 -4.78066 -0.146152 0.000633555 0.989262 149.322 
0.989855 0.0330525 0.138183 66.6387 -0.0311937 0.999392 -0.0155969 -4.79844 -0.138614 0.0111281 0.990284 150.116 
0.99085 0.0297701 0.131641 66.7371 -0.0272221 0.999406 -0.0211142 -4.81016 -0.132191 0.0173374 0.991072 150.918 
0.99175 0.0287715 0.124917 66.8256 -0.0264805 0.99945 -0.0199633 -4.83264 -0.125422 0.0164906 0.991966 151.729 
0.992465 0.0353721 0.117308 66.8977 -0.033653 0.999296 -0.0166044 -4.85605 -0.117813 0.0125314 0.992957 152.55 
0.993134 0.0410708 0.109536 66.9572 -0.0392951 0.99906 -0.0183227 -4.88067 -0.110186 0.0138926 0.993814 153.366 
0.994106 0.0437354 0.0991938 67.0218 -0.0415448 0.998847 -0.024045 -4.90516 -0.100131 0.0197823 0.994778 154.173 
0.994978 0.042377 0.0906747 67.0836 -0.0401316 0.998844 -0.0264474 -4.92797 -0.0916906 0.0226756 0.995529 154.987 
0.995675 0.0424508 0.0826357 67.1377 -0.0406191 0.998893 -0.023725 -4.95105 -0.0835513 0.0202658 0.996297 155.81 
0.996163 0.0451934 0.0749389 67.1769 -0.044072 0.998891 -0.0165536 -4.9783 -0.0756039 0.0131873 0.997051 156.636 
0.996584 0.0486672 0.0667274 67.2107 -0.0480419 0.998785 -0.0109457 -4.99919 -0.067179 0.00770255 0.997711 157.467 
0.997094 0.0477581 0.0593585 67.2425 -0.0473835 0.998847 -0.00770458 -5.01653 -0.0596579 0.00486949 0.998207 158.293 
0.997405 0.0486688 0.05306 67.271 -0.0484393 0.99881 -0.00560513 -5.03247 -0.0532696 0.00302032 0.998576 159.121 
0.99768 0.0475481 0.048722 67.3009 -0.0472388 0.998856 -0.00748397 -5.04711 -0.049022 0.00516496 0.998784 159.948 
0.997656 0.0523268 0.0440923 67.3179 -0.0518024 0.998573 -0.0129555 -5.06583 -0.0447072 0.010641 0.998943 160.768 
0.997493 0.0582585 0.0401688 67.3268 -0.0575053 0.998152 -0.0196609 -5.08498 -0.0412399 0.0173016 0.998999 161.582 
0.99754 0.0595079 0.0370483 67.3411 -0.0587197 0.998032 -0.0220138 -5.10544 -0.0382853 0.0197841 0.999071 162.402 
0.997548 0.0612138 0.033934 67.3546 -0.0607032 0.998029 -0.0158831 -5.12664 -0.0348393 0.0137842 0.999298 163.234 
0.99747 0.0634562 0.0320484 67.3621 -0.0633082 0.997978 -0.00561682 -5.14329 -0.03234 0.0035736 0.99947 164.072 
0.997476 0.064861 0.028902 67.3708 -0.0649379 0.997888 0.00172785 -5.16049 -0.0287287 -0.0036004 0.999581 164.903 
0.997846 0.061212 0.0236009 67.3811 -0.061194 0.998125 -0.0014872 -5.17599 -0.0236475 3.9685e-05 0.99972 165.728 
0.998655 0.0487581 0.0176452 67.4004 -0.0485668 0.998758 -0.0111157 -5.18985 -0.0181652 0.0102437 0.999782 166.541 
0.998871 0.0463842 0.0102306 67.4029 -0.0462191 0.998806 -0.0158341 -5.19914 -0.0109528 0.0153433 0.999822 167.361 
0.998736 0.0501299 0.00349751 67.3838 -0.0500745 0.998641 -0.0144595 -5.21638 -0.00421752 0.014266 0.999889 168.2 
0.998829 0.0482096 -0.00393363 67.3665 -0.0482415 0.9988 -0.00843957 -5.23413 0.00352213 0.00861937 0.999957 169.037 
0.999024 0.0426948 -0.0113253 67.3473 -0.0427502 0.999075 -0.0046869 -5.25014 0.0111148 0.0051664 0.999925 169.873 
0.999283 0.0338642 -0.0169246 67.3243 -0.0338793 0.999426 -0.000603201 -5.25642 0.0168945 0.00117608 0.999857 170.715 
0.999289 0.0295908 -0.0233401 67.2992 -0.029612 0.999561 -0.000561186 -5.27059 0.0233134 0.00125185 0.999727 171.551 
0.999215 0.0262552 -0.0296639 67.2613 -0.0264839 0.999622 -0.0073376 -5.28817 0.0294601 0.00811737 0.999533 172.391 
0.999162 0.0170385 -0.037224 67.2262 -0.017703 0.999688 -0.0175927 -5.30067 0.0369127 0.0182368 0.999152 173.224 
0.999019 0.00672947 -0.0437578 67.1974 -0.0076867 0.999734 -0.0217422 -5.31527 0.0435999 0.0220571 0.998805 174.056 
0.99868 0.0104505 -0.0502885 67.1405 -0.0111841 0.999835 -0.0143272 -5.33383 0.0501305 0.0148706 0.998632 174.897 
0.99824 0.0212932 -0.0553543 67.0641 -0.0214046 0.99977 -0.00141921 -5.35069 0.0553114 0.00260147 0.998466 175.749 
0.997841 0.0265116 -0.0600793 66.9928 -0.0261651 0.999636 0.00654759 -5.36814 0.0602311 -0.00496156 0.998172 176.598 
0.99763 0.0258673 -0.0637614 66.9244 -0.0256963 0.999664 0.00350288 -5.37846 0.0638306 -0.00185623 0.997959 177.437 
0.997454 0.0273431 -0.0658536 66.853 -0.0278889 0.999584 -0.00738158 -5.38752 0.0656245 0.00919929 0.997802 178.267 
0.996904 0.0378879 -0.0688941 66.7679 -0.0391265 0.999094 -0.0167158 -5.40064 0.0681984 0.0193596 0.997484 179.099 
0.996808 0.0361139 -0.0712035 66.6934 -0.0376405 0.999087 -0.0202135 -5.42113 0.0704086 0.022829 0.997257 179.944 
0.996805 0.031014 -0.0736062 66.6307 -0.0322211 0.999364 -0.0152678 -5.44278 0.0730859 0.0175906 0.99717 180.805 
0.996824 0.0311185 -0.073302 66.5588 -0.0316724 0.999478 -0.00640428 -5.46256 0.0730646 0.0087055 0.997289 181.664 
0.996775 0.0329897 -0.0731459 66.4769 -0.0331581 0.999449 -0.00108738 -5.47768 0.0730698 0.00350917 0.997321 182.523 
0.996659 0.0327772 -0.0748045 66.3987 -0.0330204 0.999453 -0.00201521 -5.49112 0.0746976 0.00447846 0.997196 183.382 
0.996591 0.0292841 -0.0771305 66.3235 -0.0302392 0.999479 -0.0112431 -5.50865 0.0767612 0.0135371 0.996958 184.229 
0.996646 0.0182547 -0.0797645 66.2612 -0.020115 0.999543 -0.0225803 -5.52888 0.0793159 0.0241089 0.996558 185.076 
0.99661 0.00771134 -0.081903 66.1976 -0.00991796 0.999598 -0.0265683 -5.55211 0.0816653 0.0272905 0.996286 185.93 
0.996495 0.0100686 -0.0830415 66.1152 -0.0119475 0.999683 -0.022159 -5.57593 0.0827922 0.0230734 0.9963 186.784 
0.996313 0.0163902 -0.0842132 66.0226 -0.0174199 0.999782 -0.0115065 -5.60365 0.0840064 0.0129309 0.996381 187.643 
0.996154 0.0173545 -0.0858883 65.9381 -0.0181024 0.999805 -0.00793566 -5.6302 0.0857339 0.00945984 0.996273 188.491 
0.996086 0.0163031 -0.0868757 65.8566 -0.0173748 0.999782 -0.0115934 -5.65279 0.0866679 0.0130574 0.996152 189.332 
0.996107 0.0162104 -0.0866518 65.7715 -0.0178185 0.999682 -0.0178166 -5.67033 0.0863356 0.0192912 0.996079 190.166 
0.995937 0.0228997 -0.0870941 65.6782 -0.0245899 0.999529 -0.0183821 -5.69091 0.0866322 0.020449 0.99603 191.001 
0.995835 0.0257954 -0.0874484 65.5893 -0.0272318 0.999512 -0.0152709 -5.71722 0.087012 0.0175886 0.996052 191.836 
0.995666 0.0296785 -0.0881419 65.499 -0.0308632 0.99945 -0.0121074 -5.74262 0.0877342 0.0147751 0.996034 192.668 
0.995556 0.0332493 -0.0881039 65.4092 -0.0342085 0.99937 -0.00939771 -5.76212 0.0877361 0.0123698 0.996067 193.497 
0.995381 0.0365327 -0.0887815 65.3188 -0.037547 0.999247 -0.0097799 -5.78163 0.0883575 0.0130681 0.996003 194.318 
