1 -4.23778e-08 4.22719e-08 0 -4.23778e-08 1 -4.19404e-08 0 4.22719e-08 -4.19404e-08 1 0 
0.999046 -0.000414877 0.0436657 0.0331498 0.000514905 0.999997 -0.00228152 -0.0220455 -0.0436646 0.00230175 0.999044 1.02038 
0.996062 -0.00477331 0.0885341 0.140943 0.00544048 0.999958 -0.007297 -0.0332954 -0.0884955 0.00774985 0.996046 2.0831 
0.991022 -0.00428136 0.13363 0.280455 0.00582307 0.999921 -0.0111491 -0.0584385 -0.133571 0.0118271 0.990969 3.15335 
0.98375 -0.00197906 0.179535 0.454003 0.00448461 0.999898 -0.0135515 -0.0864298 -0.179489 0.0141364 0.983658 4.19384 
0.974273 -0.00469979 0.22532 0.670671 0.00788558 0.999881 -0.0132415 -0.121059 -0.225231 0.0146775 0.974195 5.22494 
0.962721 -0.00539014 0.270441 0.950765 0.009596 0.999853 -0.0142324 -0.160873 -0.270325 0.0162969 0.962631 6.24872 
0.94928 -0.00782324 0.314335 1.28624 0.0137597 0.999766 -0.0166717 -0.190762 -0.314131 0.0201512 0.949166 7.2743 
0.934183 -0.00948696 0.356667 1.65063 0.0170817 0.999689 -0.0181501 -0.222818 -0.356384 0.023048 0.934055 8.2366 
0.916853 -0.00914349 0.399121 2.04825 0.0180662 0.999664 -0.0186002 -0.256477 -0.398817 0.0242642 0.91671 9.18577 
0.897319 -0.00959691 0.441279 2.55566 0.0191926 0.999666 -0.0172867 -0.288123 -0.440965 0.0239809 0.897204 10.1798 
0.875314 -0.00915425 0.483468 3.03405 0.019511 0.999675 -0.0163963 -0.321252 -0.48316 0.0237848 0.875209 11.0854 
0.851336 -0.00943508 0.524537 3.55077 0.0204054 0.999677 -0.0151369 -0.357123 -0.524224 0.0235899 0.851253 11.9492 
0.825974 -0.00981766 0.563622 4.12919 0.0221399 0.999642 -0.015033 -0.391913 -0.563272 0.0248953 0.825896 12.7929 
0.798482 -0.0115703 0.601907 4.72735 0.0254394 0.999571 -0.0145332 -0.42478 -0.601481 0.0269166 0.798434 13.6067 
0.769828 -0.0104426 0.638165 5.37941 0.0260823 0.999546 -0.0151076 -0.455437 -0.637718 0.028275 0.769751 14.4098 
0.739392 -0.0138272 0.673133 6.07404 0.0310615 0.999425 -0.0135893 -0.485733 -0.672558 0.0309563 0.739396 15.1535 
0.707398 -0.0129026 0.706697 6.77858 0.0311972 0.999429 -0.0129811 -0.515677 -0.706126 0.0312297 0.707397 15.8747 
0.673209 -0.0117127 0.73936 7.54128 0.0324273 0.99938 -0.0136943 -0.546302 -0.738741 0.0331945 0.673171 16.5857 
0.637672 -0.0130565 0.770197 8.29891 0.036949 0.999224 -0.0136525 -0.576131 -0.769421 0.0371638 0.63766 17.2176 
0.601264 -0.0114428 0.798969 9.08111 0.0370548 0.999221 -0.0135749 -0.606336 -0.798191 0.0377677 0.601219 17.8079 
0.563708 -0.010596 0.825906 9.8956 0.0402504 0.999082 -0.0146546 -0.634732 -0.824993 0.0415039 0.563617 18.3606 
0.525105 -0.0089189 0.850991 10.7806 0.044806 0.998848 -0.0171792 -0.662362 -0.849857 0.0471503 0.5249 18.8869 
0.486539 -0.00810655 0.873621 11.6266 0.0463811 0.998786 -0.0165628 -0.689013 -0.872427 0.0485779 0.486324 19.3603 
0.448504 -0.0100987 0.893724 12.5057 0.0514997 0.998567 -0.0145613 -0.716077 -0.892296 0.0525573 0.448382 19.7943 
0.412098 -0.0108497 0.911075 13.4677 0.055624 0.998364 -0.0132709 -0.73175 -0.90944 0.0561465 0.412027 20.1962 
0.377196 -0.00852794 0.926094 14.4822 0.0577238 0.99823 -0.0143187 -0.745463 -0.924333 0.0588586 0.377021 20.6016 
0.344329 -0.00915324 0.938805 15.5204 0.0584618 0.998221 -0.0117098 -0.758538 -0.937027 0.0589163 0.344251 20.9714 
0.311554 -0.0109089 0.950166 16.5549 0.0609179 0.998106 -0.00851546 -0.777462 -0.948274 0.0605351 0.311629 21.2832 
0.278679 -0.0106872 0.960325 17.6537 0.0617516 0.998068 -0.00681275 -0.789326 -0.958397 0.0612001 0.278801 21.6212 
0.246919 -0.00771225 0.969005 18.7554 0.0593603 0.998211 -0.00718138 -0.810174 -0.967216 0.0592936 0.246935 21.8884 
0.21633 -0.00599401 0.976302 19.9051 0.0593833 0.99821 -0.0070298 -0.82381 -0.974513 0.0594968 0.216299 22.1401 
0.185562 -0.00594166 0.982614 20.919 0.0613808 0.998099 -0.00555627 -0.841115 -0.980713 0.0613447 0.185574 22.3408 
0.155679 -0.00617594 0.987788 22.0353 0.0633832 0.997982 -0.00374984 -0.84269 -0.985772 0.063193 0.155756 22.4943 
0.125602 -0.0069167 0.992057 23.1141 0.0622729 0.998059 -0.00092577 -0.854597 -0.990124 0.0618945 0.125789 22.6338 
0.0960471 -0.00727457 0.99535 24.2464 0.062777 0.998027 0.00123633 -0.860782 -0.993395 0.0623663 0.0963143 22.7781 
0.0691447 -0.00699359 0.997582 25.4488 0.0654298 0.997854 0.00246033 -0.856466 -0.995459 0.0651014 0.0694539 22.8639 
0.0439312 -0.00642089 0.999014 26.7567 0.0693749 0.997585 0.00336089 -0.84617 -0.996623 0.0691589 0.0442706 22.9304 
0.0209079 -0.00599797 0.999763 28.0296 0.0735682 0.99728 0.00444447 -0.850022 -0.997071 0.0734579 0.0212923 22.9876 
0.00121038 -0.00611555 0.99998 29.2577 0.0795329 0.996814 0.00599984 -0.841684 -0.996831 0.0795241 0.00169291 22.9904 
-0.0164451 -0.00679314 0.999842 30.4733 0.0832857 0.996492 0.00814017 -0.831993 -0.99639 0.0834064 -0.0158216 22.9878 
-0.0323181 -0.00675702 0.999455 31.7801 0.0865003 0.996206 0.00953202 -0.827313 -0.995727 0.0867612 -0.031611 22.9719 
-0.0469078 -0.00748433 0.998871 33.1078 0.0886686 0.995993 0.0116266 -0.826225 -0.994956 0.0891139 -0.0460562 22.9328 
-0.0602881 -0.00848126 0.998145 34.3806 0.0885279 0.995978 0.0138099 -0.811616 -0.994247 0.0891963 -0.0592948 22.8715 
-0.072621 -0.00849366 0.997323 35.6749 0.0883351 0.995979 0.0149143 -0.810114 -0.99344 0.0891818 -0.0715787 22.8007 
-0.0837695 -0.00584907 0.996468 36.9312 0.0887601 0.995964 0.0133078 -0.811559 -0.992524 0.0895613 -0.0829122 22.7096 
-0.0945318 -0.00240807 0.995519 38.2221 0.0889254 0.995979 0.0108532 -0.801224 -0.991542 0.0895529 -0.0939376 22.6368 
-0.104023 -6.51076e-05 0.994575 39.5177 0.0902178 0.995877 0.00950107 -0.800862 -0.990475 0.0907167 -0.103589 22.5183 
-0.111667 0.000878088 0.993745 40.8556 0.0899326 0.995905 0.00922565 -0.796502 -0.989668 0.0904003 -0.111289 22.3823 
-0.117518 0.00157203 0.993069 42.2095 0.0893462 0.99596 0.00899636 -0.783648 -0.989043 0.0897842 -0.117183 22.2287 
-0.122509 0.0029064 0.992463 43.5712 0.090228 0.995887 0.00822117 -0.773017 -0.988357 0.0905552 -0.122267 22.058 
-0.127245 0.00443746 0.991861 44.9567 0.0893799 0.995973 0.00701055 -0.774288 -0.987836 0.0895445 -0.127129 21.906 
-0.13139 0.00526321 0.991317 46.345 0.0896459 0.995952 0.00659389 -0.768583 -0.987269 0.0897339 -0.13133 21.7458 
-0.134148 0.00409559 0.990953 47.7576 0.0896765 0.995939 0.00802346 -0.761711 -0.986895 0.0899416 -0.13397 21.5524 
-0.136948 0.00204651 0.990576 49.2272 0.0901097 0.995877 0.0104002 -0.767455 -0.986471 0.0906848 -0.136568 21.3815 
-0.139516 0.000843391 0.990219 50.6804 0.0900759 0.995864 0.0118429 -0.753943 -0.986114 0.0908471 -0.139015 21.1984 
-0.141754 0.00155924 0.989901 52.1432 0.0925922 0.995635 0.0116908 -0.741767 -0.985562 0.0933143 -0.141279 21.0092 
-0.143136 0.00121308 0.989702 53.6086 0.092047 0.995681 0.0120919 -0.729512 -0.985413 0.0928299 -0.14263 20.8216 
-0.14368 0.00244952 0.989621 55.1585 0.0942605 0.995484 0.0112213 -0.719276 -0.985125 0.0948945 -0.143262 20.607 
-0.143985 0.00263054 0.989576 56.6603 0.0940087 0.99551 0.011032 -0.70663 -0.985104 0.0946172 -0.143586 20.4103 
-0.143343 0.00400311 0.989665 58.2145 0.0940341 0.995523 0.00959297 -0.699011 -0.985196 0.0944373 -0.143077 20.1944 
-0.142109 0.00356619 0.989845 59.7677 0.0946077 0.995464 0.00999601 -0.695692 -0.985319 0.0950674 -0.141802 19.9812 
-0.140591 0.00251222 0.990065 61.3697 0.0938312 0.995529 0.010798 -0.689507 -0.985611 0.0944171 -0.140198 19.7674 
-0.139382 0.00322089 0.990233 62.9732 0.0949756 0.995428 0.0101306 -0.679452 -0.985674 0.0954601 -0.13905 19.5471 
-0.138725 0.00373981 0.990324 64.5795 0.0948682 0.995444 0.00952999 -0.671167 -0.985776 0.0952723 -0.138448 19.3569 
-0.137731 0.0043725 0.99046 66.2167 0.0962595 0.995316 0.00899162 -0.656733 -0.985781 0.0965797 -0.137507 19.143 
-0.136678 0.00406484 0.990607 67.8228 0.096616 0.995279 0.0092464 -0.657007 -0.985893 0.0969723 -0.136425 18.9394 
-0.136125 0.00249235 0.990688 69.5054 0.0981468 0.995111 0.0109823 -0.644647 -0.985818 0.0987279 -0.135704 18.7344 
-0.13534 0.000390575 0.990799 71.172 0.099844 0.994915 0.0132461 -0.635439 -0.985756 0.100718 -0.134691 18.5155 
-0.134735 0.00149269 0.99088 72.8893 0.10144 0.994766 0.0122946 -0.628367 -0.985676 0.102171 -0.134181 18.312 
-0.134259 0.0031178 0.990941 74.6242 0.103754 0.994543 0.010928 -0.631712 -0.9855 0.104281 -0.13385 18.1059 
-0.133664 0.00276634 0.991023 76.3144 0.103208 0.994597 0.0111437 -0.623518 -0.985638 0.103771 -0.133227 17.8926 
-0.133389 0.00269784 0.99106 78.0175 0.104039 0.994509 0.0112955 -0.617245 -0.985588 0.104615 -0.132938 17.6802 
-0.133071 0.00127917 0.991106 79.7709 0.104078 0.994488 0.0126905 -0.622819 -0.985627 0.104841 -0.132471 17.4511 
-0.13268 0.00156185 0.991158 81.5333 0.105871 0.9943 0.0126054 -0.610784 -0.985488 0.106607 -0.132089 17.2213 
-0.132405 0.00134075 0.991195 83.3117 0.107031 0.994171 0.0129525 -0.596214 -0.9854 0.107803 -0.131777 16.9964 
-0.132478 0.00229284 0.991183 85.1154 0.107644 0.994116 0.0120875 -0.587902 -0.985323 0.108296 -0.131945 16.7809 
-0.132867 0.00288499 0.99113 86.8858 0.107432 0.994146 0.011508 -0.585614 -0.985294 0.108008 -0.132399 16.5625 
-0.133635 0.00341698 0.991025 88.7731 0.106539 0.994248 0.0109381 -0.579719 -0.985287 0.107044 -0.133231 16.309 
-0.134877 0.00411774 0.990854 90.6203 0.105997 0.994313 0.0102964 -0.571561 -0.985176 0.106417 -0.134547 16.085 
-0.135804 0.00328966 0.99073 92.4914 0.104781 0.994434 0.0110609 -0.563546 -0.985179 0.105312 -0.135393 15.8567 
-0.13663 0.00294719 0.990618 94.3614 0.104926 0.994413 0.0115133 -0.553879 -0.985049 0.105515 -0.136176 15.6127 
-0.137115 0.00167297 0.990554 96.1841 0.102612 0.994643 0.0125238 -0.55385 -0.985226 0.10336 -0.136552 15.3876 
-0.138875 0.00266173 0.990306 98.0589 0.102551 0.994659 0.0117077 -0.542651 -0.984986 0.103183 -0.138407 15.1549 
-0.141187 0.00330459 0.989977 99.9295 0.10148 0.994775 0.011152 -0.537235 -0.984768 0.102037 -0.140785 14.9066 
-0.145129 0.00415538 0.989404 101.821 0.102181 0.994707 0.0108105 -0.52672 -0.984122 0.102667 -0.144786 14.6464 
-0.149541 0.00329031 0.98875 103.715 0.100297 0.994887 0.0118584 -0.520154 -0.983655 0.100942 -0.149107 14.3828 
-0.154551 0.0023077 0.987982 105.623 0.0986995 0.995031 0.0131154 -0.521311 -0.983042 0.0995404 -0.15401 14.113 
-0.159046 0.00335619 0.987265 107.545 0.0973481 0.995174 0.0122994 -0.504699 -0.98246 0.0980646 -0.158605 13.8227 
-0.163737 0.00517069 0.98649 109.461 0.0980135 0.995124 0.0110522 -0.497088 -0.981623 0.0984991 -0.163445 13.5287 
-0.168031 0.00694392 0.985757 111.402 0.0975668 0.995182 0.00962075 -0.491675 -0.980941 0.0977938 -0.167899 13.2132 
-0.172893 0.00718904 0.984914 113.31 0.0960972 0.995326 0.00960388 -0.489385 -0.980241 0.096308 -0.172775 12.9072 
-0.1776 0.00701899 0.984078 115.259 0.0945537 0.99547 0.00996418 -0.483996 -0.97955 0.0948179 -0.17746 12.5782 
-0.182881 0.00626987 0.983115 117.23 0.0927203 0.995632 0.0108982 -0.479182 -0.978753 0.0931478 -0.182664 12.239 
-0.188223 0.00577698 0.982109 119.205 0.0918529 0.995703 0.0117467 -0.471441 -0.977822 0.0924206 -0.187945 11.8837 
-0.19361 0.00550544 0.981063 121.189 0.0919861 0.995681 0.0125657 -0.464965 -0.976757 0.092677 -0.19328 11.517 
-0.199102 0.00717145 0.979952 123.161 0.0925674 0.99564 0.0115211 -0.457025 -0.975597 0.0930056 -0.198898 11.1421 
-0.204513 0.00822383 0.978829 125.135 0.0925361 0.995649 0.0109689 -0.451683 -0.97448 0.0928204 -0.204384 10.7572 
-0.210145 0.00823305 0.977635 127.156 0.0926894 0.995628 0.0115392 -0.436471 -0.973266 0.0930414 -0.20999 10.3372 
-0.215466 0.00827111 0.976476 129.115 0.0922042 0.995669 0.0119117 -0.434683 -0.972149 0.0926018 -0.215295 9.94675 
-0.220682 0.00904087 0.975304 131.102 0.0915827 0.995731 0.0114921 -0.426434 -0.971037 0.091857 -0.220568 9.52464 
-0.225547 0.00962961 0.974185 133.101 0.0910622 0.995782 0.0112399 -0.417169 -0.969967 0.0912465 -0.225472 9.07894 
-0.229752 0.00913947 0.973206 135.122 0.0927587 0.995609 0.0125483 -0.406331 -0.968819 0.0931564 -0.229591 8.62733 
-0.233329 0.00911873 0.972355 137.18 0.0954522 0.995341 0.0135706 -0.396094 -0.967702 0.0959799 -0.233112 8.14835 
-0.23666 0.00977338 0.971543 139.203 0.0963223 0.995259 0.0134513 -0.381966 -0.966806 0.0967647 -0.236479 7.67779 
-0.239522 0.010416 0.970835 141.237 0.0968483 0.995211 0.0132166 -0.372697 -0.966048 0.0971894 -0.239384 7.19414 
-0.242475 0.0101695 0.970104 143.278 0.0958786 0.995301 0.0135309 -0.363252 -0.965408 0.0962932 -0.242311 6.69739 
-0.245989 0.0106721 0.969214 145.31 0.0945288 0.995437 0.0130308 -0.353743 -0.964652 0.0948241 -0.245876 6.19048 
-0.250179 0.0116384 0.968129 147.367 0.0936121 0.995534 0.0122229 -0.339729 -0.963663 0.0936866 -0.250151 5.68213 
-0.254337 0.011357 0.967049 149.434 0.0933791 0.995547 0.0128672 -0.329609 -0.962597 0.0935748 -0.254265 5.17798 
-0.258897 0.0117673 0.965833 151.511 0.0935708 0.995528 0.0129531 -0.333948 -0.961362 0.0937273 -0.258841 4.68025 
-0.26391 0.0122426 0.964469 153.538 0.0931857 0.995566 0.0128613 -0.33313 -0.960035 0.093269 -0.263881 4.19779 
-0.268276 0.0126273 0.963259 155.603 0.0929448 0.995588 0.0128348 -0.3207 -0.958848 0.0929732 -0.268266 3.65025 
-0.272514 0.0118981 0.962078 157.647 0.0929509 0.995572 0.0140164 -0.316199 -0.957651 0.0932457 -0.272413 3.10811 
-0.276603 0.0119852 0.96091 159.659 0.0935142 0.995512 0.0145017 -0.315095 -0.956424 0.0938699 -0.276482 2.56346 
-0.280637 0.0127631 0.959729 161.713 0.0947759 0.995393 0.0144762 -0.310292 -0.955123 0.0950218 -0.280554 1.99866 
-0.284341 0.0140691 0.95862 163.779 0.0949878 0.995386 0.0135661 -0.299413 -0.954006 0.0949146 -0.284365 1.42392 
-0.28786 0.0156043 0.957545 165.816 0.0950218 0.995399 0.0123445 -0.302093 -0.952947 0.0945412 -0.288018 0.848372 
-0.291117 0.0165641 0.956544 167.871 0.0956771 0.995341 0.0118826 -0.301856 -0.951891 0.0949786 -0.291346 0.25465 
-0.29432 0.0172234 0.955552 169.925 0.095504 0.995363 0.0114752 -0.301552 -0.950923 0.0946364 -0.2946 -0.35255 
-0.297649 0.0171468 0.954521 171.983 0.0957977 0.995328 0.0119927 -0.303251 -0.949857 0.0950106 -0.297901 -0.962003 
-0.301533 0.0175277 0.953294 174.115 0.095714 0.995337 0.0119742 -0.295316 -0.948639 0.0948543 -0.301805 -1.59513 
-0.305123 0.01828 0.952138 176.119 0.0979922 0.995111 0.0122975 -0.28604 -0.947258 0.0970543 -0.305422 -2.23058 
-0.308254 0.0184397 0.951125 178.148 0.100054 0.994895 0.0131384 -0.289362 -0.946028 0.0992135 -0.308525 -2.85047 
-0.310896 0.0179907 0.950273 180.273 0.100518 0.994836 0.0140515 -0.277867 -0.945113 0.0998881 -0.311099 -3.51425 
-0.313581 0.0174284 0.949401 182.38 0.100131 0.994864 0.0148096 -0.266542 -0.944267 0.0997088 -0.313715 -4.19108 
-0.316324 0.0180165 0.94848 184.515 0.0992408 0.994962 0.014198 -0.257008 -0.943446 0.0986191 -0.316518 -4.87393 
-0.319248 0.0200285 0.947459 186.607 0.0984012 0.995073 0.0121213 -0.25148 -0.942548 0.0971008 -0.319646 -5.53781 
-0.322502 0.0218053 0.946318 188.7 0.0980092 0.99513 0.0104711 -0.255167 -0.941481 0.0961248 -0.323069 -6.21668 
-0.325703 0.0225885 0.945202 190.823 0.0969229 0.995245 0.00961374 -0.256132 -0.940491 0.094743 -0.326344 -6.91745 
-0.328981 0.0232803 0.944049 192.893 0.0949244 0.995448 0.00853133 -0.268488 -0.939553 0.09242 -0.329693 -7.60518 
-0.332788 0.0233132 0.942713 194.977 0.0958148 0.995356 0.00920849 -0.283685 -0.938121 0.0933904 -0.333476 -8.30026 
-0.336397 0.0226704 0.941447 197.031 0.0954857 0.995379 0.0101497 -0.29138 -0.936867 0.0933091 -0.337008 -9.00431 
-0.340304 0.021854 0.940061 199.109 0.0950858 0.995405 0.0112805 -0.302728 -0.935496 0.0932254 -0.340818 -9.70397 
-0.344278 0.021568 0.93862 201.249 0.0952178 0.995383 0.0120527 -0.309225 -0.934027 0.0935228 -0.344742 -10.4418 
-0.348144 0.0214494 0.937195 203.334 0.0940723 0.995491 0.0121618 -0.318674 -0.932709 0.0923982 -0.348593 -11.1606 
-0.35175 0.021782 0.935841 205.4 0.0933718 0.99556 0.0119232 -0.334733 -0.931426 0.0915751 -0.352222 -11.8989 
-0.355071 0.02251 0.934568 207.595 0.0935841 0.995544 0.0115767 -0.334154 -0.930143 0.0915712 -0.355596 -12.6955 
-0.358063 0.0231157 0.933411 209.699 0.0941122 0.995496 0.0114488 -0.344424 -0.928942 0.0919448 -0.358625 -13.4656 
-0.360783 0.022656 0.932374 211.775 0.0952687 0.995371 0.0126774 -0.362559 -0.927771 0.0933999 -0.361271 -14.2224 
-0.363124 0.0222006 0.931476 213.945 0.0967767 0.995207 0.0140075 -0.355429 -0.926701 0.0952317 -0.363532 -15.0505 
-0.365796 0.0229214 0.930412 216.097 0.0977752 0.995111 0.0139254 -0.354234 -0.925545 0.0960652 -0.366249 -15.8694 
-0.368591 0.0237623 0.929288 218.168 0.097733 0.995123 0.0133188 -0.35838 -0.92444 0.0957313 -0.369116 -16.6525 
-0.370949 0.0238462 0.928347 220.309 0.0971581 0.995181 0.0132594 -0.360645 -0.923557 0.095115 -0.371478 -17.4782 
-0.373779 0.0250106 0.92718 222.442 0.0969543 0.995213 0.0122398 -0.371097 -0.922436 0.0944691 -0.374415 -18.3006 
-0.376627 0.0262665 0.925992 224.533 0.096826 0.995239 0.0111511 -0.366863 -0.921291 0.0938599 -0.377377 -19.1218 
-0.379259 0.0262035 0.924919 226.632 0.0944516 0.995474 0.0105271 -0.376284 -0.920457 0.0913526 -0.380018 -19.9416 
-0.382398 0.0271854 0.923598 228.617 0.0953333 0.995393 0.0101722 -0.388217 -0.919067 0.0919395 -0.383228 -20.7279 
-0.384792 0.0265144 0.922622 230.718 0.0967822 0.995236 0.011763 -0.407342 -0.917915 0.0938197 -0.385525 -21.5716 
-0.387838 0.0255434 0.921374 232.726 0.097282 0.995167 0.0133601 -0.414193 -0.916579 0.0948146 -0.388448 -22.3648 
-0.391131 0.0252595 0.919988 234.699 0.0964112 0.995248 0.0136631 -0.419262 -0.915271 0.0940412 -0.391708 -23.158 
-0.394135 0.0254579 0.9187 236.819 0.094928 0.995397 0.013142 -0.422783 -0.914137 0.0923901 -0.394737 -24.0214 
-0.397821 0.024994 0.917123 238.917 0.0932492 0.995554 0.0133172 -0.415693 -0.912712 0.0908189 -0.398383 -24.8861 
-0.401196 0.0239874 0.915678 241.016 0.0923651 0.995621 0.0143873 -0.425079 -0.911323 0.0903488 -0.401655 -25.7654 
-0.404558 0.0243116 0.914189 243.113 0.0916912 0.995688 0.0140973 -0.415371 -0.909904 0.0895262 -0.405043 -26.675 
-0.408637 0.023783 0.912387 245.222 0.0909519 0.995746 0.0147793 -0.422376 -0.908154 0.0890228 -0.409062 -27.5782 
-0.412264 0.0231549 0.91077 247.359 0.0900614 0.995816 0.0154496 -0.42414 -0.906602 0.0883945 -0.412625 -28.5086 
-0.415941 0.0231655 0.909097 249.473 0.0895507 0.99586 0.0155958 -0.419505 -0.904972 0.0878972 -0.416293 -29.4379 
-0.419647 0.0238565 0.907374 251.588 0.0894602 0.995874 0.0151905 -0.413948 -0.903268 0.0875485 -0.42005 -30.3857 
-0.423148 0.0244393 0.905731 253.716 0.0897195 0.995853 0.0150449 -0.406143 -0.901607 0.0876279 -0.423586 -31.3434 
-0.426918 0.0242803 0.903964 255.93 0.0893713 0.995878 0.0154585 -0.399874 -0.899863 0.087388 -0.427328 -32.3458 
-0.430684 0.0247411 0.902164 258.096 0.0882391 0.995989 0.0148102 -0.397263 -0.898179 0.0859846 -0.431139 -33.321 
-0.434469 0.0250181 0.900339 260.207 0.0889784 0.995917 0.0152635 -0.397324 -0.896281 0.0867423 -0.434921 -34.2925 
-0.43796 0.0254537 0.898634 262.31 0.0891236 0.995904 0.0152266 -0.382154 -0.894566 0.0867581 -0.438435 -35.2753 
-0.441583 0.0264453 0.896831 264.461 0.0903153 0.995799 0.0151059 -0.377866 -0.892663 0.087668 -0.442116 -36.283 
-0.444857 0.0288574 0.895136 266.605 0.0927129 0.995595 0.0139796 -0.364479 -0.89079 0.0892097 -0.445573 -37.3194 
-0.447823 0.0295926 0.893632 268.697 0.0939701 0.995475 0.0141258 -0.352939 -0.889171 0.0903006 -0.448577 -38.3004 
-0.450781 0.031865 0.892065 270.802 0.0959853 0.995298 0.012951 -0.345291 -0.887459 0.0914632 -0.45172 -39.3014 
-0.453563 0.0345647 0.890554 272.91 0.0976963 0.995154 0.0111327 -0.331486 -0.885853 0.0920532 -0.454742 -40.2919 
-0.45636 0.0353345 0.889093 275.067 0.0987362 0.995051 0.0111344 -0.322119 -0.8843 0.0928671 -0.45759 -41.3618 
-0.459245 0.036226 0.88757 277.261 0.0990559 0.995025 0.0106415 -0.312644 -0.882769 0.0928062 -0.460549 -42.4696 
-0.462608 0.0362566 0.885821 279.459 0.0982461 0.995106 0.010578 -0.298627 -0.881102 0.091922 -0.463906 -43.5791 
-0.466204 0.0377164 0.883873 281.614 0.0991481 0.995024 0.00983673 -0.291022 -0.879104 0.0922203 -0.467624 -44.6668 
-0.469596 0.0380353 0.882061 283.765 0.0983374 0.995108 0.00944336 -0.285076 -0.877388 0.0911742 -0.471039 -45.7619 
-0.472477 0.0376941 0.880537 285.917 0.0964436 0.995296 0.00914273 -0.281594 -0.87605 0.0892419 -0.47389 -46.8682 
-0.475145 0.0382127 0.879077 288.067 0.09835 0.995103 0.00990239 -0.291601 -0.874394 0.0911623 -0.476577 -47.972 
-0.477418 0.0386765 0.877825 290.252 0.100517 0.994876 0.0108338 -0.291174 -0.872908 0.0934085 -0.478859 -49.1169 
-0.479858 0.0389153 0.876482 292.411 0.101799 0.994738 0.0115675 -0.295479 -0.87142 0.0947762 -0.481295 -50.2258 
-0.481513 0.0388768 0.875576 294.518 0.101962 0.994717 0.0119061 -0.284193 -0.870487 0.0950087 -0.482934 -51.3429 
-0.484317 0.0382511 0.874056 296.712 0.102367 0.994659 0.0131925 -0.301866 -0.868883 0.0958636 -0.485646 -52.4477 
-0.486968 0.0386461 0.872565 298.871 0.104138 0.994463 0.0140732 -0.293925 -0.86719 0.0977206 -0.488296 -53.6015 
-0.489125 0.0384579 0.871365 301.062 0.104276 0.99444 0.0146436 -0.276239 -0.865958 0.0980251 -0.490416 -54.7942 
-0.490776 0.0392046 0.870403 303.307 0.103478 0.994539 0.01355 -0.255864 -0.865119 0.0967177 -0.492153 -56.0239 
-0.493567 0.041691 0.868708 305.47 0.103473 0.994571 0.0110581 -0.25001 -0.86353 0.0953457 -0.495202 -57.1864 
-0.497322 0.0409785 0.866598 307.64 0.102259 0.99469 0.0116484 -0.259253 -0.861518 0.0944101 -0.498871 -58.3595 
-0.502012 0.0398025 0.863944 309.8 0.101135 0.994789 0.0129356 -0.251209 -0.858927 0.0938687 -0.503421 -59.5101 
-0.506771 0.0374069 0.861268 312.065 0.0990735 0.994966 0.0150812 -0.237666 -0.856369 0.0929716 -0.507926 -60.7951 
-0.51156 0.0360527 0.858491 314.335 0.0977118 0.995079 0.016436 -0.220384 -0.853673 0.0922927 -0.512566 -62.0915 
-0.515998 0.0360226 0.855832 316.601 0.0978291 0.995056 0.0171005 -0.193944 -0.850985 0.0925491 -0.516971 -63.4063 
-0.5199 0.0373076 0.853412 318.854 0.100109 0.994823 0.0174967 -0.165968 -0.848341 0.0945305 -0.520943 -64.7461 
-0.52391 0.0383851 0.850908 321.131 0.101462 0.994684 0.0176002 -0.143186 -0.845709 0.0955561 -0.525019 -66.1032 
-0.527225 0.0383336 0.848861 323.26 0.101935 0.994621 0.0183953 -0.121054 -0.84359 0.0962267 -0.528296 -67.4249 
-0.53095 0.0367764 0.846605 325.517 0.101776 0.994593 0.0206237 -0.108323 -0.841269 0.0971139 -0.531822 -68.8017 
-0.535124 0.0351655 0.844041 327.737 0.100195 0.994723 0.0220805 -0.0795772 -0.838811 0.0963847 -0.535823 -70.1515 
-0.538562 0.0351338 0.841853 329.981 0.0995154 0.994789 0.0221469 -0.0467138 -0.836688 0.0957048 -0.539252 -71.5476 
-0.542411 0.0347581 0.839394 332.164 0.0993384 0.994788 0.0229991 -0.026989 -0.83422 0.0958591 -0.543036 -72.9325 
-0.546184 0.0348466 0.83694 334.393 0.100461 0.994648 0.0241475 0.00337499 -0.831619 0.0972688 -0.546761 -74.3486 
-0.550358 0.0345478 0.834213 336.579 0.100997 0.994561 0.0254427 0.0412761 -0.828797 0.0982556 -0.550854 -75.7357 
-0.553778 0.0336164 0.831985 338.786 0.0997908 0.994662 0.0262323 0.0726614 -0.826663 0.0975514 -0.554177 -77.1792 
-0.55701 0.0327509 0.82986 340.986 0.0990908 0.994705 0.027254 0.11818 -0.824573 0.0974122 -0.557306 -78.6257 
-0.560106 0.0322414 0.827793 343.132 0.0991515 0.994668 0.0283473 0.165518 -0.822466 0.0979544 -0.560316 -80.009 
-0.56269 0.0316098 0.826063 345.262 0.0974415 0.994839 0.0283061 0.199739 -0.820905 0.0964204 -0.562866 -81.4238 
-0.565375 0.0305456 0.824268 347.431 0.0933945 0.995258 0.0271782 0.241408 -0.819529 0.092348 -0.565547 -82.8678 
-0.568797 0.0297709 0.821939 349.55 0.0894836 0.995652 0.0258614 0.283785 -0.817596 0.0882599 -0.568988 -84.2798 
-0.571079 0.0269129 0.820453 351.744 0.0873573 0.995779 0.0281412 0.315345 -0.816233 0.0877435 -0.57102 -85.7693 
-0.574569 0.0258394 0.818048 353.893 0.0868298 0.995785 0.0295327 0.35257 -0.813837 0.0879996 -0.574391 -87.2407 
-0.577438 0.0260826 0.816018 356.043 0.0862302 0.995847 0.0291884 0.402058 -0.811868 0.0872199 -0.577289 -88.7113 
-0.580476 0.025238 0.813886 358.223 0.0845761 0.995982 0.0294363 0.443516 -0.809873 0.0859224 -0.580278 -90.2244 
-0.583575 0.0215581 0.811773 360.41 0.0819393 0.996109 0.0324517 0.494639 -0.807915 0.0854541 -0.583071 -91.7464 
-0.586615 0.019117 0.80964 362.58 0.0792915 0.996274 0.033926 0.547912 -0.805975 0.0840991 -0.585945 -93.2643 
-0.589478 0.0180146 0.807583 364.772 0.0775355 0.996397 0.0343688 0.604713 -0.804055 0.0828761 -0.588751 -94.8155 
-0.592572 0.0181037 0.805314 366.944 0.0767763 0.996465 0.0340933 0.66101 -0.80185 0.0820318 -0.591867 -96.353 
-0.594986 0.0173763 0.803548 368.963 0.0764388 0.996458 0.0350511 0.720094 -0.800093 0.0822772 -0.594207 -97.855 
-0.597779 0.01639 0.801493 371.123 0.0753033 0.996518 0.0357854 0.773318 -0.798116 0.0817468 -0.596932 -99.4148 
-0.600115 0.0151185 0.79977 373.251 0.0721965 0.996764 0.0353309 0.840184 -0.796649 0.0789432 -0.599265 -100.967 
-0.602641 0.011427 0.79793 375.421 0.0618639 0.997557 0.0324372 0.895904 -0.795611 0.0689111 -0.601876 -102.566 
-0.606004 0.0145984 0.795328 377.632 0.0546542 0.998233 0.0233212 0.942008 -0.793582 0.0576007 -0.605731 -104.174 
-0.608896 0.0241181 0.792883 379.705 0.064244 0.997754 0.0189863 0.945082 -0.790644 0.0624987 -0.609077 -105.697 
-0.609373 0.0250686 0.792487 381.824 0.0717348 0.997144 0.0236171 0.969958 -0.789632 0.0712406 -0.609431 -107.306 
-0.611696 0.0155427 0.79094 383.968 0.0704476 0.996905 0.0348925 1.00958 -0.78795 0.0770634 -0.610898 -108.9 
-0.614338 0.00479443 0.789028 386.114 0.0638745 0.997002 0.0436746 1.08642 -0.786453 0.0772298 -0.612803 -110.548 
-0.617625 -0.000925514 0.786472 388.191 0.0581031 0.997213 0.0468025 1.17496 -0.784323 0.0746029 -0.61585 -112.113 
-0.620169 -0.00113764 0.784467 390.31 0.0574306 0.99725 0.0468485 1.25856 -0.782363 0.0741064 -0.618398 -113.727 
-0.622213 0.0039961 0.782838 392.448 0.0623908 0.997059 0.0444996 1.35168 -0.780358 0.0765301 -0.620633 -115.393 
-0.624463 0.0108379 0.780979 394.497 0.0673448 0.996927 0.0400135 1.41217 -0.778146 0.0775819 -0.623274 -116.94 
-0.627143 0.0132372 0.778792 396.462 0.0677476 0.996993 0.0376095 1.46515 -0.775952 0.0763478 -0.626154 -118.427 
-0.629717 0.0149294 0.776681 398.348 0.0669374 0.997139 0.0351044 1.52108 -0.773935 0.0740949 -0.628915 -119.806 
-0.632708 0.0141989 0.77426 399.9 0.0672542 0.997062 0.0366738 1.5769 -0.771464 0.075276 -0.631804 -121.042 
-0.635937 0.0133621 0.771625 401.238 0.0674515 0.996986 0.0383257 1.6035 -0.768788 0.0764201 -0.634922 -122.14 
-0.638482 0.0133597 0.76952 402.873 0.0681099 0.996907 0.0392043 1.59996 -0.766617 0.0774433 -0.637418 -123.399 
-0.640603 0.0137659 0.767749 404.764 0.0690364 0.996823 0.0397301 1.6353 -0.764762 0.0784539 -0.639518 -124.874 
-0.64279 0.0152995 0.76589 406.393 0.0730468 0.996469 0.0414005 1.61511 -0.762552 0.0825577 -0.641638 -126.148 
-0.644575 0.0145023 0.764404 408.249 0.0741244 0.996295 0.0436028 1.66016 -0.760939 0.0847663 -0.643262 -127.61 
-0.646061 0.0137863 0.763161 410.25 0.0760666 0.996022 0.0464018 1.72474 -0.759486 0.0880295 -0.64454 -129.219 
-0.647777 0.0130591 0.761718 412.097 0.0774781 0.995798 0.0488163 1.77729 -0.75788 0.0906385 -0.646067 -130.701 
-0.649172 0.013302 0.760525 414.037 0.0762071 0.995954 0.0476293 1.84882 -0.756814 0.0888771 -0.647559 -132.304 
-0.650378 0.0132301 0.759495 415.988 0.0721326 0.996406 0.0444123 1.91905 -0.756178 0.0836692 -0.648995 -133.916 
-0.65215 0.0128561 0.757981 417.851 0.0692963 0.996681 0.0427163 2.02428 -0.754916 0.0803827 -0.650877 -135.438 
-0.653001 0.0119109 0.757263 419.837 0.0684983 0.996707 0.0433902 2.10099 -0.754253 0.0802051 -0.651667 -137.112 
-0.653801 0.0105936 0.756592 421.852 0.0661153 0.996877 0.0431749 2.19182 -0.753772 0.0782501 -0.65246 -138.802 
-0.655195 0.00965577 0.755398 423.901 0.0630854 0.997125 0.0419716 2.27521 -0.752821 0.0751542 -0.653921 -140.514 
-0.655826 0.00923317 0.754856 425.955 0.0621779 0.997188 0.0418234 2.35802 -0.752347 0.0743642 -0.654556 -142.255 
-0.656696 0.00754105 0.754117 427.995 0.0624163 0.997063 0.0443825 2.43521 -0.751568 0.076215 -0.655238 -143.967 
-0.656253 0.00616032 0.754515 430.014 0.0645886 0.996755 0.0480389 2.52429 -0.751771 0.0802588 -0.654522 -145.691 
-0.654948 0.0048595 0.755658 432.012 0.0692683 0.996155 0.0536305 2.61622 -0.752492 0.0874684 -0.652767 -147.404 
-0.653687 0.00388526 0.756755 434.037 0.0729973 0.995647 0.0579434 2.7291 -0.753236 0.093118 -0.651125 -149.106 
-0.652228 0.00168307 0.758021 436.043 0.067342 0.996172 0.0557315 2.84256 -0.755026 0.0873963 -0.649844 -150.761 
-0.651582 0.00109787 0.758577 438.033 0.0600204 0.996938 0.0501118 2.94518 -0.7562 0.0781821 -0.649653 -152.392 
-0.65023 -0.000775848 0.759737 440.106 0.0553834 0.99729 0.0484189 3.05089 -0.757716 0.0735603 -0.648425 -154.09 
-0.647578 -0.00103767 0.761998 442.121 0.0537381 0.997447 0.0470272 3.13819 -0.760101 0.0714021 -0.645869 -155.771 
-0.644923 -0.000740796 0.764247 444.153 0.0553007 0.997333 0.0476332 3.22967 -0.762244 0.0729832 -0.643162 -157.437 
-0.641958 -0.000965078 0.766739 446.155 0.0556252 0.997305 0.0478279 3.31822 -0.764719 0.0733535 -0.640175 -159.083 
-0.639981 -0.000402744 0.76839 448.226 0.0530182 0.997593 0.0446809 3.40404 -0.766559 0.0693337 -0.63842 -160.737 
-0.639211 -0.00479462 0.769016 450.319 0.0467409 0.99789 0.0450729 3.4889 -0.76761 0.0647556 -0.637638 -162.395 
-0.638088 -0.0108755 0.769886 452.38 0.0381345 0.998227 0.0457072 3.57621 -0.769018 0.0585245 -0.636542 -164.042 
-0.637003 -0.0147605 0.77072 454.352 0.0302068 0.998571 0.0440902 3.65852 -0.770269 0.0513666 -0.635647 -165.675 
-0.636381 -0.0159221 0.77121 456.443 0.0277829 0.998665 0.0435437 3.73758 -0.770874 0.0491369 -0.63509 -167.326 
-0.634625 -0.0158603 0.772657 458.496 0.029685 0.998551 0.0448791 3.8254 -0.77225 0.0514177 -0.633235 -168.994 
-0.633403 -0.0170534 0.773634 460.606 0.0311408 0.998385 0.0475037 3.92091 -0.773195 0.0541807 -0.63185 -170.667 
-0.631518 -0.0197125 0.775111 462.604 0.0288979 0.998384 0.0489351 4.00264 -0.774823 0.0533024 -0.629927 -172.288 
-0.630551 -0.0197985 0.775895 464.73 0.0268865 0.998517 0.0473291 4.1031 -0.775682 0.0507045 -0.629084 -173.968 
-0.629207 -0.0188419 0.777009 466.805 0.0258226 0.998647 0.045127 4.1961 -0.776808 0.0484586 -0.62787 -175.621 
-0.627934 -0.0171358 0.778077 468.806 0.0268944 0.998683 0.0436988 4.27934 -0.777801 0.0483659 -0.626646 -177.238 
-0.626238 -0.0167422 0.779452 470.913 0.0291024 0.998571 0.0448305 4.35955 -0.779088 0.0507585 -0.624856 -178.918 
-0.62491 -0.0168734 0.780514 472.898 0.0309164 0.998447 0.0463376 4.42242 -0.780084 0.0530876 -0.623418 -180.514 
-0.623734 -0.0171508 0.781448 474.932 0.0307155 0.998449 0.0464298 4.51666 -0.781033 0.0529625 -0.62224 -182.113 
-0.622296 -0.0182061 0.78257 476.78 0.0298499 0.99845 0.0469648 4.59058 -0.782213 0.0525856 -0.620788 -183.475 
-0.621657 -0.01928 0.783052 478.639 0.0289856 0.998446 0.0475947 4.64891 -0.782753 0.0522848 -0.620132 -184.82 
-0.620741 -0.0200603 0.783759 480.733 0.028798 0.998415 0.0483624 4.74662 -0.783487 0.0525912 -0.619179 -186.444 
-0.619283 -0.0189858 0.784938 482.818 0.0287852 0.998486 0.0468613 4.84116 -0.78464 0.0516151 -0.617799 -188.095 
-0.618477 -0.017667 0.785604 484.876 0.0289273 0.998558 0.0452293 4.91728 -0.78527 0.0506987 -0.617074 -189.632 
-0.617903 -0.0178589 0.786051 487.011 0.029737 0.998496 0.0460614 5.01206 -0.785691 0.0518363 -0.616443 -191.274 
-0.617092 -0.0177205 0.786691 489.312 0.0299319 0.998494 0.0459704 5.16605 -0.786321 0.0519152 -0.615633 -193.108 
-0.61659 -0.0192653 0.787048 491.304 0.0284977 0.998499 0.0467668 5.23146 -0.786768 0.0512651 -0.615116 -194.674 
-0.616852 -0.0199246 0.786827 493.235 0.0278778 0.998499 0.0471402 5.29982 -0.786585 0.0510136 -0.615371 -196.122 
-0.616994 -0.0195525 0.786725 495.288 0.0279963 0.998513 0.0467723 5.37315 -0.78647 0.0508836 -0.615529 -197.688 
-0.617036 -0.0191227 0.786702 497.276 0.0285229 0.998504 0.0466424 5.44979 -0.786418 0.0512191 -0.615568 -199.208 
-0.616651 -0.0212313 0.78695 498.437 0.0274624 0.998448 0.0484567 5.43806 -0.786757 0.0514924 -0.615111 -200.47 
-0.616302 -0.0233134 0.787165 500.191 0.0263322 0.998393 0.0501858 5.49807 -0.787069 0.0516574 -0.614698 -201.924 
-0.616465 -0.0237065 0.787025 502.307 0.0255587 0.998417 0.0500937 5.60247 -0.786967 0.0509964 -0.614884 -203.53 
-0.61599 -0.0237474 0.787396 504.324 0.0251555 0.998443 0.0497918 5.68075 -0.787353 0.0504786 -0.614433 -205.1 
-0.615208 -0.0240212 0.787999 506.848 0.0243283 0.998481 0.049431 5.81934 -0.78799 0.049581 -0.613689 -206.987 
-0.614425 -0.024294 0.788601 509.373 0.0235007 0.998519 0.0490709 5.95686 -0.788625 0.0486831 -0.612944 -208.871 
-0.614002 -0.0248581 0.788913 511.534 0.0231105 0.998509 0.0494489 6.06173 -0.788966 0.0485939 -0.612512 -210.505 
-0.613663 -0.0255768 0.789154 513.865 0.0217789 0.998547 0.0492989 6.20191 -0.789268 0.0474398 -0.612214 -212.236 
-0.613432 -0.0255954 0.789333 515.882 0.0209806 0.998594 0.048686 6.28314 -0.789469 0.0464262 -0.612032 -213.769 
-0.612995 -0.025683 0.789669 518.323 0.0200171 0.998646 0.0480184 6.46274 -0.789833 0.0452419 -0.611651 -215.544 
-0.611761 -0.0264403 0.790601 520.528 0.0201463 0.998596 0.0489854 6.5665 -0.790786 0.0458951 -0.610369 -217.24 
-0.611016 -0.0280955 0.791119 522.418 0.0197207 0.99852 0.0506922 6.63153 -0.791372 0.0465752 -0.609558 -218.694 
-0.610607 -0.0272073 0.791466 524.439 0.0199154 0.998566 0.0496909 6.73776 -0.791683 0.046104 -0.609189 -220.251 
-0.610264 -0.026188 0.791765 526.295 0.0213107 0.998549 0.049453 6.79017 -0.791912 0.0470525 -0.60882 -221.694 
-0.609974 -0.0268373 0.791967 528.08 0.0213951 0.998504 0.0503147 6.8545 -0.792133 0.0476349 -0.608487 -223.101 
-0.609791 -0.027867 0.792072 529.672 0.0207631 0.998477 0.0511136 6.89235 -0.79229 0.0476145 -0.608284 -224.376 
-0.609248 -0.0283856 0.792471 531.303 0.020111 0.998484 0.051226 6.95956 -0.792724 0.0471468 -0.607754 -225.838 
-0.608653 -0.0281797 0.792936 533.03 0.0197199 0.998523 0.0506228 7.02417 -0.793192 0.0464484 -0.607198 -227.352 
-0.608777 -0.0292326 0.792803 535.121 0.0195974 0.998462 0.0518642 7.12425 -0.7931 0.0471106 -0.607267 -228.907 
-0.608654 -0.0301061 0.792864 537.346 0.0185062 0.998469 0.0521196 7.29798 -0.79322 0.0463957 -0.607165 -230.554 
-0.60853 -0.0309794 0.792926 539.571 0.017415 0.998476 0.0523752 7.47247 -0.79334 0.0456807 -0.607063 -232.202 
-0.608665 -0.029671 0.792872 541.247 0.0166614 0.998602 0.0501603 7.54086 -0.793252 0.0437412 -0.60732 -233.555 
-0.60984 -0.0275957 0.792044 542.831 0.0168122 0.998718 0.0477411 7.60239 -0.792346 0.0424305 -0.608594 -234.53 
-0.611237 -0.0258489 0.791025 544.337 0.0178507 0.998762 0.0464307 7.50225 -0.791246 0.0425005 -0.610019 -235.485 
-0.610964 -0.0273037 0.791187 546.175 0.0188663 0.998619 0.0490308 7.59209 -0.791434 0.0448829 -0.609605 -236.96 
-0.611116 -0.0285496 0.791026 548.353 0.0194259 0.998507 0.0510456 7.68632 -0.791303 0.0465612 -0.609649 -238.579 
-0.611083 -0.027497 0.791089 550.422 0.0203737 0.998519 0.0504447 7.78563 -0.791304 0.0469433 -0.609618 -240.15 
-0.61112 -0.027433 0.791062 552.229 0.020024 0.998544 0.0500973 7.83761 -0.791284 0.0464557 -0.609681 -241.509 
-0.611288 -0.0263381 0.79097 554.329 0.0208736 0.998562 0.0493824 7.93186 -0.791133 0.0466972 -0.609859 -243.095 
-0.611031 -0.0262342 0.791172 556.392 0.0220939 0.998496 0.0501721 8.02363 -0.791298 0.0481368 -0.609532 -244.667 
-0.61089 -0.0268809 0.791259 558.411 0.0229797 0.9984 0.0516593 8.11729 -0.791382 0.0497411 -0.609295 -246.189 
-0.610703 -0.0278591 0.79137 560.578 0.022425 0.998372 0.0524518 8.22758 -0.791542 0.049779 -0.609083 -247.794 
-0.61074 -0.0277522 0.791344 562.816 0.0225123 0.998373 0.052387 8.34848 -0.791511 0.0498099 -0.609122 -249.457 
-0.61085 -0.0274121 0.791271 564.981 0.0233252 0.998344 0.0525924 8.42528 -0.791402 0.0505826 -0.609199 -250.963 
-0.611092 -0.0268295 0.791105 567.283 0.0245863 0.9983 0.052848 8.53426 -0.791178 0.0517453 -0.609393 -252.447 
-0.610998 -0.0280694 0.791134 569.409 0.0230049 0.998319 0.0531871 8.63141 -0.791298 0.0506972 -0.609326 -254.03 
-0.610871 -0.0296208 0.791176 571.575 0.0214159 0.998316 0.0539111 8.72711 -0.79144 0.0498765 -0.609208 -255.667 
-0.61026 -0.028962 0.791671 573.814 0.0214113 0.998363 0.0530284 8.82916 -0.791912 0.0493119 -0.608641 -257.379 
-0.608445 -0.0273194 0.793126 576.281 0.0238852 0.998324 0.0527109 8.92823 -0.793237 0.0510157 -0.606773 -259.466 
-0.606622 -0.0256806 0.794575 578.753 0.0263583 0.998279 0.0523876 9.02665 -0.794553 0.0527231 -0.604901 -261.546 
-0.604792 -0.0240458 0.79602 581.23 0.0288304 0.998228 0.0520584 9.12439 -0.795861 0.0544341 -0.603027 -263.621 
-0.604263 -0.0250582 0.796391 583.436 0.0290263 0.99815 0.0534302 9.2306 -0.796256 0.0554022 -0.602417 -265.232 
-0.603432 -0.0239035 0.797056 585.381 0.0294179 0.998203 0.0522073 9.31212 -0.796872 0.0549512 -0.601644 -266.695 
-0.603011 -0.0242971 0.797363 587.34 0.0284968 0.998242 0.0519691 9.4029 -0.797224 0.0540602 -0.601258 -268.082 
-0.602528 -0.0244865 0.797722 589.414 0.0278665 0.998274 0.0516904 9.50333 -0.797611 0.0533746 -0.600806 -269.595 
-0.60171 -0.025875 0.798295 591.502 0.0261414 0.998302 0.0520616 9.61178 -0.798286 0.0521946 -0.600012 -271.133 
-0.601105 -0.026433 0.798733 593.655 0.0256967 0.998297 0.0523759 9.70475 -0.798757 0.0520082 -0.599402 -272.722 
-0.60107 -0.0275191 0.798722 595.782 0.0241665 0.998324 0.0525823 9.80586 -0.798831 0.050908 -0.599398 -274.257 
-0.600758 -0.0285014 0.798923 597.893 0.0222905 0.998378 0.0523784 9.91238 -0.79912 0.0492751 -0.599148 -275.781 
-0.600736 -0.0280024 0.798956 599.729 0.0216076 0.998452 0.0512411 9.95438 -0.799155 0.0480459 -0.599202 -277.204 
-0.600926 -0.0280652 0.798812 601.889 0.022225 0.99841 0.0517971 10.0579 -0.798995 0.0488798 -0.599347 -278.791 
-0.601614 -0.028904 0.798263 604.076 0.0225622 0.998331 0.0531523 10.1483 -0.798468 0.0499878 -0.599958 -280.406 
-0.601894 -0.0302625 0.798002 606.035 0.021472 0.998307 0.0540539 10.2315 -0.798287 0.0496695 -0.600226 -281.854 
-0.602665 -0.0315679 0.797369 608.146 0.021535 0.99821 0.0557956 10.3391 -0.797704 0.0507975 -0.600906 -283.362 
-0.602683 -0.0298871 0.797421 610.137 0.0216693 0.998317 0.0537941 10.4345 -0.797686 0.0497004 -0.601021 -284.841 
-0.602143 -0.0285985 0.797876 612.239 0.0220506 0.998381 0.0524264 10.5454 -0.798084 0.0491618 -0.600537 -286.387 
-0.60203 -0.028256 0.797973 614.214 0.0230425 0.998343 0.0527354 10.6386 -0.798141 0.0501356 -0.600381 -287.85 
-0.602142 -0.0290853 0.797859 616.339 0.0232314 0.998275 0.0539239 10.7395 -0.798051 0.0510052 -0.600428 -289.407 
-0.602329 -0.0300135 0.797684 618.51 0.0239015 0.998167 0.0556047 10.8296 -0.79789 0.0525581 -0.600507 -291.002 
-0.601884 -0.0303733 0.798005 620.738 0.0240075 0.998137 0.0560979 10.9624 -0.798222 0.0529226 -0.600033 -292.684 
-0.601915 -0.0298426 0.798002 622.897 0.023868 0.998183 0.0553317 11.0778 -0.798204 0.0523517 -0.600109 -294.246 
-0.601687 -0.029545 0.798185 625.025 0.0236208 0.99822 0.054755 11.1891 -0.798383 0.0517991 -0.599918 -295.791 
-0.601089 -0.0295396 0.798636 627.18 0.0237972 0.998212 0.0548323 11.31 -0.798828 0.0519644 -0.599311 -297.395 
-0.601396 -0.0305163 0.798368 628.741 0.0232553 0.998178 0.0556715 11.3397 -0.798613 0.0520469 -0.599591 -298.403 
-0.602337 -0.0318268 0.797607 630.404 0.0220831 0.998158 0.056506 11.4025 -0.797936 0.0516493 -0.600525 -299.467 
-0.601606 -0.0321371 0.798146 632.426 0.0215518 0.998174 0.0564358 11.511 -0.798502 0.0511536 -0.599815 -300.931 
-0.601229 -0.0311133 0.798471 634.506 0.0214803 0.998251 0.055072 11.6131 -0.798788 0.0502623 -0.599509 -302.459 
-0.600745 -0.0314373 0.798823 636.591 0.0215901 0.998224 0.0555211 11.727 -0.799149 0.0506007 -0.598999 -303.958 
-0.600997 -0.0324452 0.798592 638.708 0.0204391 0.998225 0.0559376 11.8457 -0.79899 0.0499409 -0.599267 -305.412 
-0.599924 -0.0324708 0.799398 640.921 0.0206753 0.998213 0.0560626 11.9743 -0.79979 0.0501611 -0.59818 -307.098 
-0.599796 -0.0313919 0.799537 643.06 0.0209778 0.99827 0.0549317 12.0884 -0.799878 0.0497203 -0.598099 -308.639 
-0.599515 -0.029747 0.79981 645.15 0.0219395 0.998323 0.0535754 12.1883 -0.800063 0.0496667 -0.597857 -310.178 
