1 -4.23778e-08 4.22719e-08 0 -4.23778e-08 1 -4.19404e-08 0 4.22719e-08 -4.19404e-08 1 0 
0.999996 -0.002475 -0.00151887 -0.0153632 0.00247938 0.999992 0.00294817 -0.0196977 0.00151164 -0.00295201 0.999994 1.52796 
0.999991 -0.00294841 -0.00315479 -0.0340925 0.00295996 0.999989 0.00368879 -0.0341994 0.00314396 -0.00369818 0.999988 3.05278 
0.999988 -0.00203544 -0.00452743 -0.0684715 0.0020517 0.999991 0.00361015 -0.0547075 0.00452013 -0.00361947 0.999983 4.56641 
0.99998 -0.00172999 -0.00604164 -0.104252 0.00175113 0.999992 0.00350953 -0.0722954 0.00603561 -0.00352013 0.999976 6.07811 
0.999972 -0.00177837 -0.00721805 -0.145252 0.00180572 0.999991 0.00379593 -0.0893882 0.00721132 -0.00380895 0.999967 7.58125 
0.999959 -0.00183123 -0.00888759 -0.185616 0.00186881 0.999989 0.0042319 -0.107548 0.00887983 -0.00424841 0.999951 9.09227 
0.999935 -0.00391003 -0.0107467 -0.218266 0.00394798 0.999986 0.00352068 -0.126354 0.0107329 -0.00356296 0.999936 10.5907 
0.999913 -0.00497974 -0.0121975 -0.259549 0.00502885 0.999979 0.00400551 -0.14719 0.0121774 -0.00406659 0.999917 12.0919 
0.999895 -0.0046999 -0.0136726 -0.293664 0.0047541 0.999981 0.00394025 -0.162099 0.0136539 -0.00400492 0.999899 13.5923 
0.999881 -0.00441254 -0.0147984 -0.337516 0.00447175 0.999982 0.0039757 -0.180736 0.0147807 -0.00404149 0.999883 15.103 
0.999876 -0.00273164 -0.0155343 -0.378679 0.0028017 0.999986 0.0044955 -0.196756 0.0155219 -0.00453855 0.999869 16.5851 
0.999867 -0.00113108 -0.0162413 -0.422605 0.00121423 0.999986 0.00511622 -0.205317 0.0162354 -0.00513535 0.999855 18.0959 
0.999855 -0.000147096 -0.0170316 -0.465222 0.000247844 0.999982 0.00591833 -0.217318 0.0170305 -0.00592178 0.999837 19.5801 
0.999843 -0.000432726 -0.0177046 -0.505485 0.000538692 0.999982 0.00598563 -0.231463 0.0177017 -0.00599431 0.999825 21.0466 
0.99983 0.000224098 -0.0184137 -0.553595 -0.000111448 0.999981 0.0061231 -0.243714 0.0184148 -0.0061201 0.999812 22.5199 
0.999823 0.000919105 -0.0187624 -0.596383 -0.000795677 0.999978 0.00658936 -0.252935 0.0187681 -0.00657335 0.999802 23.9829 
0.99982 0.00191834 -0.0188873 -0.638228 -0.00177089 0.999968 0.00782498 -0.263423 0.0189018 -0.00779021 0.999791 25.4622 
0.99982 0.00180877 -0.0188562 -0.685795 -0.00168651 0.999977 0.00650241 -0.276563 0.0188676 -0.00646952 0.999801 26.9204 
0.999817 0.00222916 -0.0190105 -0.729136 -0.00214411 0.999988 0.00449756 -0.28804 0.0190203 -0.00445606 0.999809 28.3655 
0.999822 0.000198436 -0.0188729 -0.773073 -0.000115235 0.99999 0.00441389 -0.304858 0.0188737 -0.00441102 0.999812 29.7908 
0.999821 -0.000891637 -0.0188724 -0.81348 0.00102639 0.999974 0.00713616 -0.317378 0.0188656 -0.00715434 0.999796 31.228 
0.999818 -0.00248893 -0.0189285 -0.855729 0.00264202 0.999964 0.00807163 -0.322158 0.0189078 -0.00812025 0.999788 32.6451 
0.999818 -0.00321675 -0.0187955 -0.898303 0.00336076 0.999965 0.00763967 -0.337526 0.0187703 -0.00770153 0.999794 34.0496 
0.99982 -0.00375949 -0.0186141 -0.937305 0.00386864 0.999975 0.00583581 -0.351417 0.0185918 -0.00590685 0.99981 35.4404 
0.999828 -0.00290574 -0.0182901 -0.980217 0.00300015 0.999982 0.00514077 -0.366775 0.0182749 -0.00519485 0.999819 36.8167 
0.999844 -0.00235766 -0.0174856 -1.02634 0.00243225 0.999988 0.0042503 -0.387189 0.0174754 -0.00429225 0.999838 38.1675 
0.999869 -0.00207103 -0.0160261 -1.07521 0.00215731 0.999983 0.00537322 -0.404452 0.0160148 -0.00540718 0.999857 39.5094 
0.999891 -0.00163498 -0.014666 -1.11416 0.00174548 0.99997 0.00753021 -0.421958 0.0146533 -0.00755507 0.999864 40.8384 
0.999914 -0.00209157 -0.0129197 -1.1558 0.00220243 0.999961 0.00857847 -0.435956 0.0129013 -0.00860627 0.99988 42.154 
0.999941 -0.00154768 -0.0107674 -1.18435 0.00164674 0.999956 0.00920483 -0.446502 0.0107527 -0.0092221 0.9999 43.4435 
0.999971 -0.00184725 -0.00741325 -1.21488 0.00191097 0.999961 0.00860964 -0.459548 0.00739714 -0.00862364 0.999935 44.7126 
0.99999 -0.0026388 -0.00365445 -1.24406 0.00266338 0.999974 0.00676214 -0.468637 0.00363659 -0.00677188 0.99997 45.955 
0.999996 -0.00278891 -0.000469342 -1.26059 0.00279119 0.999983 0.00510134 -0.484561 0.000455191 -0.00510271 0.999987 47.1847 
0.99999 -0.00265205 0.0035616 -1.27086 0.00263149 0.99998 0.00574124 -0.499634 -0.00357667 -0.00573189 0.999977 48.4083 
0.999959 -0.00213548 0.00880088 -1.27623 0.00208637 0.999982 0.00557597 -0.511297 -0.00881255 -0.00555746 0.999946 49.6172 
0.999885 -0.000400512 0.0151865 -1.27933 0.000328996 0.999989 0.00470579 -0.526205 -0.0151881 -0.00470033 0.999874 50.826 
0.999744 0.00108715 0.0225806 -1.27337 -0.00119605 0.999988 0.00480592 -0.539323 -0.022575 -0.00483178 0.999733 52.0187 
0.999516 0.00193413 0.0310459 -1.25766 -0.00211606 0.999981 0.00582538 -0.55357 -0.0310339 -0.00588834 0.999501 53.2107 
0.999133 0.00428647 0.0414095 -1.23021 -0.00455927 0.999968 0.00649355 -0.568778 -0.0413803 -0.0066768 0.999121 54.3873 
0.998511 0.00662707 0.054144 -1.18354 -0.00698888 0.999954 0.006494 -0.580082 -0.0540984 -0.00686282 0.998512 55.5485 
0.997593 0.00858753 0.0688088 -1.12422 -0.00908411 0.999935 0.0069059 -0.588599 -0.0687449 -0.00751443 0.997606 56.7033 
0.996317 0.0108382 0.085061 -1.04864 -0.0115705 0.9999 0.00811952 -0.597436 -0.0849644 -0.00907389 0.996343 57.8511 
0.99466 0.0108699 0.10263 -0.948804 -0.0118447 0.99989 0.00889302 -0.60778 -0.102522 -0.0100612 0.99468 58.9664 
0.99251 0.0106134 0.121698 -0.82952 -0.0116778 0.999899 0.00803573 -0.615604 -0.121601 -0.0093968 0.992535 60.0808 
0.98984 0.0098073 0.14185 -0.693625 -0.0109425 0.999914 0.00722431 -0.626151 -0.141767 -0.00870318 0.989862 61.1692 
0.986624 0.00698973 0.162865 -0.53235 -0.00823754 0.999942 0.00698696 -0.634048 -0.162807 -0.00823518 0.986624 62.2406 
0.982875 0.00199844 0.18426 -0.341805 -0.0037492 0.999951 0.00915311 -0.642668 -0.184233 -0.00968728 0.982835 63.3116 
0.978258 -0.00364136 0.207362 -0.123601 0.00146972 0.999942 0.0106254 -0.650579 -0.207388 -0.0100897 0.978207 64.3651 
0.972859 -0.00860635 0.231236 0.113202 0.00642898 0.999928 0.0101677 -0.658505 -0.231307 -0.00840518 0.972844 65.3918 
0.966503 -0.0147508 0.25623 0.37775 0.0130134 0.999879 0.00847485 -0.664997 -0.256324 -0.00485662 0.966579 66.3954 
0.959115 -0.0183414 0.282423 0.66155 0.0164268 0.999823 0.00914544 -0.671594 -0.282541 -0.0041323 0.959246 67.3745 
0.950725 -0.0210239 0.30932 0.966096 0.0183291 0.999764 0.0116156 -0.679361 -0.309492 -0.00537374 0.950887 68.3261 
0.941235 -0.0254653 0.33679 1.29983 0.021846 0.999656 0.014532 -0.682816 -0.337044 -0.00632062 0.941468 69.2696 
0.930416 -0.0286756 0.365383 1.6564 0.025188 0.99958 0.0143088 -0.687503 -0.36564 -0.00410992 0.930747 70.1886 
0.918487 -0.0280087 0.394459 2.03125 0.0259697 0.999607 0.0105075 -0.692843 -0.394598 0.000592892 0.918854 71.086 
0.905532 -0.0291277 0.423277 2.43552 0.0296699 0.999546 0.00530938 -0.696899 -0.423239 0.00775071 0.905985 71.9616 
0.891519 -0.031041 0.451918 2.86522 0.0332486 0.999442 0.00305776 -0.705076 -0.451761 0.0122995 0.892054 72.815 
0.876032 -0.0317071 0.48121 3.32486 0.0326855 0.999445 0.0063505 -0.713201 -0.481145 0.0101653 0.876582 73.6615 
0.85834 -0.0302951 0.512186 3.8028 0.0281623 0.999532 0.0119253 -0.716449 -0.512307 0.00418826 0.858792 74.5069 
0.838837 -0.0303549 0.543536 4.30749 0.0260169 0.999539 0.0156692 -0.722864 -0.543761 0.00099715 0.839239 75.3096 
0.817915 -0.0241541 0.574832 4.83791 0.0219472 0.999701 0.0107785 -0.725822 -0.57492 0.0038 0.8182 76.0845 
0.796101 -0.017109 0.604921 5.38877 0.018753 0.999818 0.00359809 -0.726804 -0.604873 0.00847958 0.796277 76.8297 
0.773871 -0.0148463 0.633169 5.97089 0.0178907 0.999839 0.00157729 -0.730693 -0.63309 0.0101071 0.774012 77.549 
0.750818 -0.0173052 0.660282 6.57954 0.0188282 0.999811 0.00479376 -0.74001 -0.66024 0.00883266 0.751003 78.2431 
0.726574 -0.0174616 0.686866 7.20239 0.0188693 0.999807 0.00545703 -0.752463 -0.686829 0.00899568 0.726763 78.9073 
0.701521 -0.0156845 0.712476 7.84159 0.0195896 0.999804 0.00272124 -0.762043 -0.71238 0.0120481 0.701691 79.542 
0.675613 -0.01338 0.737135 8.50444 0.0194609 0.99981 0.0003111 -0.771653 -0.736999 0.0141351 0.675746 80.151 
0.648712 -0.0110502 0.760954 9.18208 0.0177358 0.999842 -0.000600554 -0.781224 -0.760827 0.0138856 0.648806 80.7403 
0.620922 -0.00982711 0.783811 9.88441 0.0178025 0.99984 -0.00156737 -0.795171 -0.78367 0.014927 0.620998 81.3052 
0.592348 -0.00313 0.805676 10.6076 0.016084 0.999839 -0.00794103 -0.810248 -0.805521 0.0176623 0.592303 81.8451 
0.562407 0.0061657 0.826838 11.3453 0.0147069 0.999739 -0.0174586 -0.828224 -0.82673 0.0219791 0.562169 82.3611 
0.531764 0.0144689 0.846769 12.1137 0.0135657 0.99958 -0.0255993 -0.849845 -0.846784 0.0250997 0.531345 82.8529 
0.500283 0.0193917 0.865645 12.9072 0.0109063 0.999529 -0.0286941 -0.87888 -0.865793 0.0237961 0.499835 83.3183 
0.467917 0.018929 0.88357 13.7191 0.0088831 0.999619 -0.0261196 -0.910703 -0.883728 0.0200706 0.467571 83.76 
0.434689 0.0177779 0.900405 14.5463 0.00385153 0.999759 -0.0215991 -0.943378 -0.900572 0.0128568 0.434516 84.1752 
0.400449 0.019039 0.916121 15.3908 -0.000455345 0.999788 -0.0205789 -0.97498 -0.916319 0.00782363 0.400373 84.5598 
0.365545 0.0220971 0.930531 16.2538 -0.0077379 0.999756 -0.0207013 -1.004 -0.930761 0.000366905 0.365627 84.9152 
0.329758 0.0240138 0.94376 17.1323 -0.0128878 0.999698 -0.0209341 -1.03052 -0.943977 -0.00525978 0.329968 85.243 
0.293887 0.0236558 0.955547 18.0409 -0.0155134 0.99968 -0.0199772 -1.0537 -0.955714 -0.00895275 0.29416 85.5361 
0.257793 0.0230243 0.965926 18.9547 -0.0161773 0.999679 -0.0195115 -1.08472 -0.966065 -0.0105962 0.258082 85.7932 
0.22185 0.0224649 0.974822 19.8888 -0.0155275 0.999689 -0.0195044 -1.11306 -0.974957 -0.0108095 0.222129 86.0153 
0.186479 0.0213402 0.982227 20.8336 -0.0135272 0.999725 -0.0191522 -1.13527 -0.982366 -0.00971531 0.186716 86.2012 
0.152159 0.0201302 0.988151 21.7879 -0.00590817 0.999793 -0.0194577 -1.17057 -0.988338 -0.0028775 0.152247 86.3459 
0.118719 0.0237063 0.992645 22.7605 -0.00376361 0.999718 -0.0234252 -1.19803 -0.992921 -0.000954916 0.118775 86.4602 
0.0860957 0.0288067 0.99587 23.7282 -0.00279003 0.999585 -0.0286731 -1.2269 -0.996283 -0.000309884 0.0861403 86.5515 
0.0573441 0.0323596 0.99783 24.6962 0.00402769 0.999459 -0.032644 -1.26464 -0.998346 0.00589089 0.0571827 86.6033 
0.0317843 0.030582 0.999027 25.6771 0.00557581 0.999511 -0.0307743 -1.30097 -0.999479 0.00654852 0.0315982 86.6407 
0.00937198 0.0275976 0.999575 26.6697 0.00733984 0.99959 -0.0276669 -1.33699 -0.999929 0.00759602 0.00916557 86.6611 
-0.0094214 0.0249961 0.999643 27.6563 0.00771768 0.999659 -0.0249239 -1.37366 -0.999926 0.00748011 -0.0096111 86.6603 
-0.0258954 0.0281658 0.999268 28.6468 0.00925239 0.999567 -0.0279345 -1.40855 -0.999622 0.00852225 -0.0261448 86.6367 
-0.0406579 0.0324555 0.998646 29.6313 0.0122543 0.999413 -0.0319817 -1.44519 -0.999098 0.0109374 -0.0410318 86.6049 
-0.0527236 0.0375255 0.997904 30.6192 0.0165289 0.99919 -0.0367006 -1.48428 -0.998472 0.0145592 -0.0533011 86.5601 
-0.0614878 0.0410994 0.997261 31.629 0.0215492 0.998974 -0.0398414 -1.52623 -0.997875 0.0190404 -0.0623104 86.4998 
-0.0673476 0.0463376 0.996653 32.6328 0.0255499 0.998673 -0.0447051 -1.57743 -0.997402 0.0224536 -0.0684421 86.4333 
-0.0709115 0.0511668 0.996169 33.6317 0.0273524 0.998408 -0.0493348 -1.6296 -0.997107 0.0237492 -0.0721981 86.3697 
-0.0736869 0.0551416 0.995756 34.6307 0.0297181 0.998148 -0.053075 -1.68672 -0.996838 0.0256811 -0.0751891 86.3 
-0.076189 0.0581722 0.995395 35.6413 0.0301412 0.997975 -0.056016 -1.74797 -0.996638 0.0257346 -0.0777881 86.2278 
-0.0784103 0.0615514 0.995019 36.651 0.0312335 0.997754 -0.0592593 -1.81504 -0.996432 0.0264314 -0.0801567 86.1511 
-0.0801403 0.0653119 0.994641 37.6719 0.0328543 0.997482 -0.0628514 -1.88188 -0.996242 0.0276413 -0.0820843 86.0687 
-0.0824241 0.0668189 0.994355 38.6965 0.0356394 0.997309 -0.0640633 -1.95064 -0.99596 0.0301579 -0.0845837 85.9895 
-0.0841464 0.0655125 0.994297 39.7169 0.0357963 0.997391 -0.062687 -2.02402 -0.99581 0.0303173 -0.086272 85.9051 
-0.0866477 0.0651959 0.994103 40.7419 0.0351326 0.997436 -0.0623523 -2.09542 -0.995619 0.0295227 -0.088716 85.8366 
-0.0885174 0.0666562 0.993842 41.7886 0.034768 0.997357 -0.0637954 -2.16071 -0.995468 0.0289069 -0.090601 85.739 
-0.0907389 0.068887 0.993489 42.8183 0.0335267 0.99725 -0.0660858 -2.23111 -0.99531 0.0273118 -0.092799 85.651 
-0.0933824 0.0711108 0.993088 43.8544 0.0317537 0.997151 -0.068416 -2.30766 -0.995124 0.0251454 -0.0953744 85.567 
-0.0959139 0.0748308 0.992573 44.9045 0.0292451 0.996951 -0.072335 -2.38457 -0.99496 0.02209 -0.0978099 85.4769 
-0.09818 0.0790909 0.992021 45.9417 0.0259172 0.996702 -0.0768992 -2.46672 -0.994831 0.0181605 -0.099906 85.3895 
-0.101068 0.0816504 0.991523 46.9816 0.0236036 0.996543 -0.0796579 -2.55073 -0.994599 0.0153526 -0.102646 85.3012 
-0.10386 0.0801529 0.991357 48.0291 0.021482 0.996696 -0.078334 -2.6376 -0.99436 0.0131606 -0.105239 85.2058 
-0.106754 0.075978 0.991378 49.0817 0.0184034 0.997056 -0.0744315 -2.72509 -0.994115 0.0102989 -0.107838 85.1116 
-0.108999 0.0743158 0.99126 50.1405 0.0185426 0.99718 -0.0727207 -2.81062 -0.993869 0.010454 -0.11007 85.0052 
-0.110982 0.0748465 0.991 51.1952 0.0175464 0.997152 -0.0733462 -2.8942 -0.993667 0.00924836 -0.11198 84.9033 
-0.112069 0.0777464 0.990654 52.2568 0.0189047 0.996921 -0.0760997 -2.97536 -0.99352 0.0101996 -0.113194 84.7904 
-0.112813 0.0805281 0.990348 53.3159 0.0191361 0.996702 -0.078865 -3.06114 -0.993432 0.0100544 -0.113982 84.6816 
-0.112957 0.0811654 0.990279 54.3764 0.0178973 0.996662 -0.0796472 -3.15162 -0.993439 0.00872666 -0.114032 84.5716 
-0.112866 0.0798388 0.990397 55.4425 0.0148117 0.996791 -0.0786664 -3.24214 -0.9935 0.00579071 -0.113686 84.4694 
-0.112995 0.0792418 0.990431 56.5031 0.0110514 0.996853 -0.0784949 -3.33304 -0.993534 0.00207615 -0.113515 84.3682 
-0.11313 0.0802759 0.990332 57.5688 0.00725407 0.996771 -0.0799693 -3.42377 -0.993554 -0.00186298 -0.113347 84.2673 
-0.113403 0.0805609 0.990277 58.6478 0.00338328 0.996733 -0.0806987 -3.5137 -0.993543 -0.00580111 -0.113305 84.1625 
-0.113771 0.0799775 0.990283 59.7261 -6.28743e-05 0.996754 -0.0805075 -3.60897 -0.993507 -0.00922171 -0.113397 84.0644 
-0.114016 0.0747237 0.990665 60.8124 0.000362025 0.99717 -0.0751728 -3.70143 -0.993479 -0.00821222 -0.11372 83.9567 
-0.114474 0.0660457 0.991228 61.9134 0.00338896 0.997808 -0.0660928 -3.78715 -0.99342 -0.00420666 -0.114447 83.8451 
-0.114073 0.0605577 0.991625 63.019 0.00904414 0.998162 -0.0599166 -3.86837 -0.993431 0.00213355 -0.114411 83.7213 
-0.113343 0.0629149 0.991562 64.1246 0.0173074 0.997967 -0.061343 -3.94271 -0.993405 0.0102086 -0.114202 83.5953 
-0.112077 0.0686309 0.991327 65.2238 0.0226577 0.997529 -0.0664987 -4.01215 -0.993441 0.0150081 -0.113356 83.4711 
-0.11112 0.0741525 0.991037 66.3294 0.0261324 0.997086 -0.071675 -4.09376 -0.993463 0.0179337 -0.112733 83.3525 
-0.110517 0.0784841 0.99077 67.4419 0.026807 0.99675 -0.0759676 -4.18162 -0.993513 0.0181639 -0.112262 83.2394 
-0.110216 0.0757667 0.991015 68.5666 0.0237786 0.997006 -0.0735802 -4.26826 -0.993623 0.0154552 -0.111687 83.1299 
-0.109973 0.0711248 0.991386 69.7099 0.0228893 0.997353 -0.0690138 -4.35863 -0.993671 0.0151025 -0.11131 83.0166 
-0.109775 0.0692713 0.99154 70.8296 0.0206681 0.997512 -0.0674004 -4.43644 -0.993741 0.0130943 -0.110934 82.9104 
-0.109687 0.0698828 0.991506 71.9695 0.0188386 0.997492 -0.0682207 -4.52189 -0.993788 0.0111956 -0.110729 82.802 
-0.109255 0.0750766 0.991174 73.1063 0.0200046 0.997108 -0.073321 -4.60847 -0.993812 0.0118174 -0.110441 82.6866 
-0.108341 0.0777702 0.991067 74.2517 0.0197172 0.996907 -0.0760731 -4.69496 -0.993918 0.0112993 -0.109539 82.5714 
-0.107899 0.0768224 0.991189 75.4047 0.0200805 0.996975 -0.075085 -4.7848 -0.993959 0.011802 -0.109115 82.4542 
-0.106983 0.069807 0.991807 76.5697 0.0220262 0.997454 -0.0678286 -4.88079 -0.994017 0.0145892 -0.108248 82.3367 
-0.107561 0.0682792 0.991851 77.7254 0.0211759 0.99757 -0.0663766 -4.96597 -0.993973 0.0138638 -0.108746 82.2266 
-0.10729 0.0713858 0.991662 78.8675 0.0187199 0.997387 -0.0697727 -5.04995 -0.994051 0.0110779 -0.108346 82.1289 
-0.106839 0.0743776 0.99149 80.0244 0.0183564 0.997176 -0.0728262 -5.13914 -0.994107 0.0104195 -0.107903 82.0168 
-0.106613 0.0737893 0.991559 81.1976 0.0174004 0.997228 -0.0723403 -5.23126 -0.994148 0.0095411 -0.107602 81.9004 
-0.10643 0.0700437 0.99185 82.3748 0.0170965 0.997497 -0.068608 -5.32651 -0.994173 0.00965518 -0.107362 81.791 
-0.105442 0.068859 0.992038 83.5654 0.0179247 0.997569 -0.0673378 -5.41561 -0.994264 0.0106818 -0.10642 81.6762 
-0.104347 0.0691957 0.992131 84.7564 0.0194778 0.997527 -0.0675236 -5.5033 -0.99435 0.0122786 -0.105437 81.5624 
-0.103402 0.0693559 0.992219 85.9485 0.0220157 0.997481 -0.0674295 -5.59046 -0.994396 0.014872 -0.104668 81.4482 
-0.10256 0.0688399 0.992342 87.1411 0.0216297 0.997521 -0.0669638 -5.67792 -0.994492 0.0145963 -0.103794 81.3444 
-0.101073 0.0693735 0.992457 88.3409 0.022985 0.997462 -0.0673826 -5.76678 -0.994613 0.016001 -0.102411 81.234 
-0.0999459 0.0675442 0.992698 89.5521 0.0230348 0.997583 -0.0655576 -5.85446 -0.994726 0.0163144 -0.10126 81.1247 
-0.0986895 0.0667644 0.992876 90.7733 0.0214532 0.997658 -0.0649537 -5.93998 -0.994887 0.0148901 -0.0998907 81.0188 
-0.0971303 0.0662652 0.993063 91.996 0.0225643 0.997671 -0.0643657 -6.02039 -0.995016 0.0161559 -0.0983994 80.9103 
-0.0955167 0.0669493 0.993174 93.2244 0.020589 0.997655 -0.0652714 -6.10939 -0.995215 0.014214 -0.0966711 80.8087 
-0.0940983 0.069695 0.99312 94.4443 0.0207838 0.997467 -0.0680309 -6.19585 -0.995346 0.0142392 -0.0953085 80.7059 
-0.0930422 0.0686501 0.993293 95.6741 0.0187344 0.997564 -0.0671906 -6.28189 -0.995486 0.0123572 -0.0941017 80.6079 
-0.0925433 0.0672316 0.993436 96.9079 0.0152373 0.997697 -0.0661006 -6.37187 -0.995592 0.00902014 -0.0933545 80.5105 
-0.0925766 0.0682547 0.993363 98.1517 0.0122985 0.99765 -0.0674032 -6.46073 -0.99563 0.00597692 -0.0931985 80.4195 
-0.0926831 0.0676837 0.993392 99.4039 0.00966319 0.997701 -0.0670757 -6.54938 -0.995649 0.00338256 -0.0931241 80.3185 
-0.0936999 0.0652177 0.993462 100.658 0.00732534 0.99787 -0.0648162 -6.63923 -0.995573 0.00120418 -0.093978 80.2179 
-0.0951703 0.0637777 0.993416 101.924 0.00503072 0.997963 -0.0635878 -6.72942 -0.995448 -0.00105407 -0.0952973 80.12 
-0.0965692 0.0630221 0.993329 103.184 0.0031757 0.998008 -0.0630103 -6.81963 -0.995321 -0.00293033 -0.096577 80.0152 
-0.0980752 0.063115 0.993176 104.442 0.00334142 0.998002 -0.0630918 -6.90918 -0.995173 -0.00286912 -0.0980902 79.9066 
-0.100194 0.0617552 0.993049 105.705 0.00263605 0.998085 -0.0618024 -6.99584 -0.994964 -0.00357451 -0.100165 79.7925 
-0.103226 0.0569951 0.993024 106.971 0.000267703 0.998358 -0.0572735 -7.08486 -0.994658 -0.00564628 -0.103072 79.6774 
-0.10745 0.0569982 0.992575 108.211 -1.82956e-05 0.998355 -0.0573322 -7.1672 -0.99421 -0.00617852 -0.107273 79.5596 
-0.113082 0.0629298 0.991591 109.447 -0.00468201 0.997947 -0.0638672 -7.25172 -0.993575 -0.0118649 -0.112555 79.4455 
-0.120096 0.06601 0.990565 110.679 -0.00411559 0.997745 -0.0669876 -7.33948 -0.992754 -0.0121217 -0.119553 79.3176 
-0.128932 0.0619932 0.989714 111.933 -0.0025294 0.99802 -0.0628431 -7.43168 -0.99165 -0.0106058 -0.128519 79.1707 
-0.139613 0.0596929 0.988405 113.18 -0.000249172 0.998179 -0.0603184 -7.52396 -0.990206 -0.0086675 -0.139344 79.0095 
-0.152622 0.0606038 0.986425 114.42 7.64571e-05 0.998119 -0.0613105 -7.60922 -0.988284 -0.00928193 -0.15234 78.8359 
-0.16683 0.0608312 0.984107 115.638 0.00203127 0.998114 -0.0613527 -7.69367 -0.985983 -0.0082365 -0.166639 78.647 
-0.18116 0.0585422 0.98171 116.862 0.00262537 0.998252 -0.0590443 -7.7823 -0.98345 -0.00811909 -0.180997 78.4389 
-0.19655 0.0611119 0.978587 118.06 0.0069761 0.998118 -0.0609304 -7.86877 -0.980469 -0.00514916 -0.196607 78.2082 
-0.211796 0.0643484 0.975193 119.239 0.00741093 0.997907 -0.0642378 -7.95625 -0.977286 -0.00637823 -0.21183 77.9686 
-0.226839 0.0681414 0.971546 120.406 0.00747011 0.997642 -0.0682276 -8.04632 -0.973904 -0.0082191 -0.226813 77.7174 
-0.242851 0.0660377 0.967813 121.57 0.00410734 0.997741 -0.0670493 -8.1377 -0.970055 -0.0123079 -0.242574 77.4471 
-0.258848 0.0604386 0.964025 122.756 -0.00116519 0.99802 -0.0628828 -8.22794 -0.965917 -0.0174004 -0.258265 77.1553 
-0.274643 0.056638 0.959877 123.923 -0.0049862 0.998166 -0.060324 -8.31453 -0.961533 -0.0213537 -0.273857 76.8503 
-0.289662 0.0579913 0.95537 125.088 -0.0067565 0.998014 -0.0626283 -8.39873 -0.957105 -0.024596 -0.288695 76.5202 
-0.303889 0.0599678 0.950818 126.248 -0.00694187 0.997851 -0.0651528 -8.48588 -0.952682 -0.0263997 -0.30282 76.1648 
-0.31767 0.0621622 0.946162 127.396 -0.00537597 0.997715 -0.0673542 -8.57655 -0.948186 -0.0264829 -0.316609 75.7939 
-0.331704 0.0622129 0.94133 128.535 -0.00318339 0.997744 -0.0670632 -8.66554 -0.943378 -0.0252418 -0.330758 75.4065 
-0.345498 0.0601591 0.936489 129.676 -0.00349557 0.997854 -0.0653908 -8.75573 -0.938413 -0.0258659 -0.344546 74.9999 
-0.359928 0.058872 0.931121 130.806 -0.00391325 0.997903 -0.0646072 -8.84368 -0.932972 -0.0268976 -0.358943 74.5817 
-0.374574 0.0603781 0.925229 131.927 -0.00541339 0.997718 -0.0673002 -8.93176 -0.927181 -0.0302175 -0.373392 74.1484 
-0.389292 0.0626339 0.918982 133.032 -0.00440818 0.997547 -0.0698559 -9.02007 -0.921104 -0.0312454 -0.388061 73.6961 
-0.404006 0.0643196 0.912492 134.142 -0.00319245 0.99742 -0.0717195 -9.11435 -0.914751 -0.0318882 -0.402759 73.2237 
-0.41849 0.066786 0.905762 135.235 -0.000727599 0.997268 -0.0738694 -9.20855 -0.908221 -0.0315726 -0.417298 72.7299 
-0.433221 0.070285 0.898543 136.323 -0.000894021 0.996921 -0.0784113 -9.30824 -0.901287 -0.0347727 -0.431824 72.2258 
-0.448066 0.0727638 0.891034 137.404 0.000199304 0.99669 -0.0812917 -9.40437 -0.894 -0.0362464 -0.446597 71.688 
-0.463378 0.0701056 0.883383 138.494 -0.00111848 0.996819 -0.0796946 -9.50583 -0.88616 -0.0379167 -0.461825 71.1426 
-0.479606 0.0658167 0.875012 139.586 -0.00396982 0.99701 -0.0771691 -9.6088 -0.877475 -0.0404844 -0.477911 70.5773 
-0.495779 0.0658592 0.865948 140.653 -0.00461838 0.996906 -0.0784634 -9.71053 -0.868437 -0.0428997 -0.493941 69.9954 
-0.511854 0.0650467 0.856606 141.717 -0.00592107 0.996838 -0.0792334 -9.81013 -0.859052 -0.0456279 -0.509851 69.3879 
-0.527703 0.0641243 0.847005 142.773 -0.00633007 0.996822 -0.0794104 -9.91337 -0.849405 -0.0472667 -0.52562 68.7571 
-0.543593 0.063736 0.836925 143.823 -0.00760965 0.996697 -0.0808461 -10.0152 -0.839314 -0.0503161 -0.541313 68.1134 
-0.559292 0.0630032 0.826573 144.866 -0.00814252 0.996642 -0.0814758 -10.1212 -0.828931 -0.0522991 -0.556901 67.4432 
-0.574804 0.0604014 0.816059 145.904 -0.00843374 0.996782 -0.0797184 -10.2257 -0.818247 -0.0527049 -0.572445 66.746 
-0.590343 0.0568936 0.805145 146.942 -0.00830695 0.997032 -0.0765437 -10.3331 -0.80711 -0.0518753 -0.588118 66.0257 
-0.60552 0.0553294 0.793904 147.953 -0.00736726 0.997148 -0.0751131 -10.4357 -0.795796 -0.0513314 -0.603385 65.2854 
-0.620388 0.0534121 0.782474 148.948 -0.00847705 0.997163 -0.074788 -10.5389 -0.784249 -0.0530306 -0.618175 64.5263 
-0.635429 0.05443 0.770238 149.93 -0.00984055 0.996861 -0.0785629 -10.6445 -0.772097 -0.0575007 -0.632898 63.7489 
-0.650877 0.0537556 0.757277 150.905 -0.0119808 0.996638 -0.0810443 -10.7602 -0.759089 -0.0618226 -0.648045 62.949 
-0.666856 0.0505303 0.743471 151.888 -0.0139612 0.996676 -0.080262 -10.8664 -0.745056 -0.0639029 -0.663934 62.1052 
-0.683478 0.0430374 0.728701 152.854 -0.0175644 0.997002 -0.0753577 -10.9737 -0.72976 -0.0643045 -0.680673 61.2498 
-0.700633 0.0404099 0.712377 153.792 -0.0188299 0.997 -0.0750749 -11.0756 -0.713273 -0.0660139 -0.69777 60.3722 
-0.718689 0.0378146 0.694303 154.744 -0.0205356 0.99693 -0.0755538 -11.1748 -0.695029 -0.0685576 -0.715706 59.4672 
-0.736345 0.034027 0.67575 155.643 -0.0238232 0.996811 -0.0761534 -11.2783 -0.676186 -0.0721737 -0.733187 58.5358 
-0.753066 0.032206 0.657156 156.51 -0.0233724 0.996861 -0.0756379 -11.3849 -0.657529 -0.0723197 -0.74995 57.5794 
-0.769295 0.0346115 0.637955 157.356 -0.0208018 0.996645 -0.0791563 -11.4934 -0.638555 -0.0741651 -0.765994 56.6014 
-0.784626 0.034025 0.619035 158.175 -0.0176162 0.996866 -0.0771209 -11.6016 -0.619719 -0.0714161 -0.781568 55.5978 
-0.799525 0.0350895 0.599606 158.982 -0.0136812 0.996969 -0.0765863 -11.7171 -0.600476 -0.069436 -0.796622 54.5728 
-0.814354 0.0359924 0.579252 159.746 -0.0122206 0.99679 -0.0791172 -11.8271 -0.58024 -0.0715082 -0.8113 53.549 
-0.828275 0.0375515 0.559062 160.489 -0.0112983 0.99643 -0.0836679 -11.939 -0.560208 -0.0756164 -0.824894 52.4922 
-0.84164 0.037703 0.538721 161.208 -0.00893411 0.996451 -0.0836955 -12.0543 -0.539965 -0.0752544 -0.838316 51.4177 
-0.853494 0.0359035 0.519865 161.899 -0.00743432 0.996683 -0.0810395 -12.1736 -0.52105 -0.0730315 -0.850396 50.3268 
-0.864114 0.0375694 0.501891 162.553 -0.00479854 0.99655 -0.0828591 -12.2867 -0.503273 -0.0740081 -0.860953 49.2218 
-0.873749 0.0401829 0.484713 163.187 -0.00226326 0.996235 -0.0866679 -12.3964 -0.486371 -0.0768231 -0.870369 48.111 
-0.883186 0.0378661 0.467492 163.849 -0.00388549 0.996111 -0.0880237 -12.5256 -0.469007 -0.0795577 -0.879604 46.9635 
-0.891607 0.0350055 0.451456 164.459 -0.00508507 0.99617 -0.0872851 -12.6538 -0.452782 -0.0801197 -0.888014 45.8184 
-0.899365 0.0328703 0.435961 165.085 -0.00595219 0.996157 -0.0873867 -12.7851 -0.437158 -0.0811875 -0.895713 44.6726 
-0.906357 0.0307319 0.421393 165.666 -0.00655111 0.996209 -0.0867436 -12.9133 -0.422461 -0.0813812 -0.90272 43.5044 
-0.912966 0.0278372 0.407085 166.226 -0.00794353 0.996268 -0.0859416 -13.036 -0.407959 -0.0816954 -0.909338 42.3448 
-0.918805 0.0228903 0.394046 166.76 -0.0104738 0.996551 -0.0823122 -13.1548 -0.394571 -0.079756 -0.915397 41.1663 
-0.923961 0.0197105 0.381978 167.278 -0.0114303 0.996802 -0.0790848 -13.269 -0.382315 -0.0774374 -0.920781 39.9746 
-0.928405 0.0199581 0.371034 167.776 -0.00901337 0.997053 -0.0761855 -13.3748 -0.371461 -0.0740752 -0.925489 38.7795 
-0.931629 0.0240164 0.362615 168.255 -0.00472537 0.996929 -0.0781681 -13.4789 -0.363379 -0.0745371 -0.928655 37.5855 
-0.933951 0.0291453 0.35621 168.724 0.000742067 0.996825 -0.0796151 -13.5907 -0.3574 -0.0740923 -0.931008 36.3904 
-0.935794 0.0324834 0.351047 169.18 0.00372998 0.996603 -0.0822754 -13.6978 -0.352527 -0.0756834 -0.932736 35.192 
-0.937656 0.0297487 0.346288 169.643 0.001612 0.996692 -0.0812584 -13.8087 -0.347559 -0.0756342 -0.934602 33.9937 
-0.939591 0.0222061 0.341578 170.113 -0.00472222 0.996958 -0.0778022 -13.9184 -0.342267 -0.0747152 -0.936627 32.7893 
-0.94143 0.0161505 0.336821 170.577 -0.0101114 0.997051 -0.0760702 -14.029 -0.337056 -0.0750205 -0.938491 31.576 
-0.943087 0.00979031 0.332401 171.032 -0.0168922 0.996866 -0.0772874 -14.1384 -0.332116 -0.0785037 -0.939966 30.369 
-0.944427 0.00747847 0.328636 171.479 -0.0199833 0.996586 -0.0801061 -14.2468 -0.328113 -0.0822216 -0.941053 29.1685 
-0.945376 0.00807502 0.32588 171.923 -0.0197882 0.996428 -0.0820959 -14.3624 -0.325379 -0.0840601 -0.94184 27.9751 
-0.945597 0.00865364 0.325224 172.355 -0.0198065 0.996261 -0.0840969 -14.4746 -0.324736 -0.0859633 -0.94189 26.7726 
-0.945571 0.0112787 0.325221 172.789 -0.0176605 0.996148 -0.0858939 -14.5914 -0.324937 -0.0869623 -0.941729 25.5722 
-0.945212 0.0122563 0.326226 173.225 -0.0173361 0.996 -0.0876494 -14.7096 -0.325996 -0.0885028 -0.941219 24.367 
-0.944936 0.0127665 0.327005 173.665 -0.0175059 0.995836 -0.0894645 -14.8325 -0.326786 -0.0902627 -0.940778 23.1603 
-0.944249 0.0142603 0.328924 174.103 -0.0160063 0.995892 -0.0891259 -14.955 -0.328844 -0.0894219 -0.940141 21.9441 
-0.943464 0.0140874 0.331176 174.543 -0.0165034 0.995861 -0.0893771 -15.0793 -0.331064 -0.0897896 -0.939326 20.7531 
-0.942164 0.0128116 0.334906 174.988 -0.0182315 0.99583 -0.089384 -15.2031 -0.334655 -0.0903202 -0.938002 19.5716 
-0.940461 0.0111038 0.339721 175.439 -0.0197378 0.995996 -0.0871952 -15.324 -0.339328 -0.088709 -0.936476 18.3789 
-0.938353 0.00932835 0.345552 175.895 -0.0211536 0.996213 -0.0843365 -15.4424 -0.34503 -0.0864471 -0.934602 17.1856 
-0.935755 0.00724355 0.352576 176.359 -0.0230713 0.99639 -0.0817031 -15.5549 -0.351895 -0.0845885 -0.93221 15.9923 
-0.933052 0.00922963 0.359622 176.824 -0.0214434 0.996466 -0.0812098 -15.674 -0.359101 -0.0834845 -0.929557 14.8326 
-0.929856 0.00967671 0.367796 177.298 -0.0218451 0.996438 -0.0814447 -15.7825 -0.367275 -0.0837664 -0.926333 13.6876 
-0.925971 0.0123046 0.377394 177.778 -0.0208744 0.996272 -0.0837 -15.8963 -0.377017 -0.0853817 -0.922263 12.5334 
-0.921786 0.0132663 0.387471 178.278 -0.0204181 0.996366 -0.0826881 -16.0121 -0.38716 -0.0841322 -0.918166 11.3927 
-0.916573 0.0149952 0.399587 178.79 -0.0203499 0.996252 -0.0840648 -16.1275 -0.39935 -0.085183 -0.912833 10.2395 
-0.910861 0.0171383 0.412358 179.33 -0.0197635 0.99618 -0.0850588 -16.2433 -0.41224 -0.0856264 -0.907042 9.0858 
-0.904702 0.0198919 0.42558 179.884 -0.0182249 0.996188 -0.0853054 -16.3557 -0.425654 -0.0849322 -0.900891 7.93447 
-0.898669 0.0191374 0.43821 180.458 -0.018852 0.996439 -0.0821774 -16.4794 -0.438223 -0.0821113 -0.895108 6.80473 
-0.892014 0.0219445 0.451475 181.048 -0.0172848 0.996434 -0.0825839 -16.5922 -0.451677 -0.0814696 -0.888454 5.66307 
-0.885153 0.0245958 0.464649 181.651 -0.0152112 0.996538 -0.0817281 -16.7015 -0.465051 -0.0794097 -0.881715 4.53997 
-0.877443 0.0264165 0.478953 182.26 -0.0132173 0.996772 -0.0791908 -16.8178 -0.479499 -0.0758158 -0.874261 3.42855 
-0.869752 0.0288678 0.492644 182.885 -0.0098754 0.997069 -0.0758608 -16.9304 -0.49339 -0.0708451 -0.866918 2.34713 
-0.861405 0.0322026 0.506896 183.538 -0.00627516 0.997237 -0.0740173 -17.0384 -0.507879 -0.0669398 -0.858823 1.25127 
-0.852099 0.0352362 0.522193 184.187 -0.00331953 0.997347 -0.0727151 -17.1441 -0.52337 -0.0636939 -0.849722 0.201266 
-0.841602 0.0377752 0.538775 184.86 -0.00110337 0.997429 -0.0716565 -17.2427 -0.540097 -0.0609007 -0.839397 -0.837539 
-0.830455 0.0408988 0.555582 185.552 0.0021285 0.997527 -0.0702507 -17.3472 -0.557082 -0.0571575 -0.828488 -1.8648 
-0.819748 0.0426361 0.571135 186.277 0.00315639 0.997546 -0.069938 -17.4413 -0.572716 -0.0555288 -0.817871 -2.8538 
-0.807897 0.0448247 0.587616 187.011 0.00420675 0.997516 -0.0703091 -17.5326 -0.589309 -0.0543306 -0.806079 -3.85053 
-0.794784 0.0472458 0.60505 187.763 0.00617212 0.997543 -0.0697863 -17.6317 -0.606861 -0.0517306 -0.793123 -4.83073 
-0.780241 0.0479648 0.623637 188.51 0.00720061 0.997678 -0.0677241 -17.7264 -0.625437 -0.0483505 -0.778775 -5.80777 
-0.765039 0.0493843 0.642087 189.303 0.00891669 0.997772 -0.0661167 -17.8211 -0.643922 -0.0448566 -0.763775 -6.74228 
-0.748745 0.051825 0.660828 190.108 0.010228 0.997723 -0.0666571 -17.9198 -0.662779 -0.0431502 -0.747571 -7.63341 
-0.731378 0.0546036 0.679783 190.921 0.0108573 0.997595 -0.0684506 -18.0169 -0.681886 -0.0426826 -0.730212 -8.50348 
-0.714865 0.0547326 0.697117 191.769 0.00931055 0.997589 -0.0687759 -18.1083 -0.699201 -0.0426749 -0.713651 -9.31847 
-0.695882 0.0547344 0.716068 192.638 0.00823764 0.997634 -0.0682512 -18.2027 -0.718109 -0.0415961 -0.694686 -10.1477 
-0.675387 0.0545101 0.735446 193.517 0.00688553 0.997687 -0.0676238 -18.2978 -0.737432 -0.0406083 -0.6742 -10.9607 
-0.65433 0.0550485 0.754203 194.42 0.0050869 0.997645 -0.0684038 -18.3899 -0.756192 -0.0409221 -0.653069 -11.7416 
-0.634069 0.0547102 0.771339 195.353 0.00212984 0.997614 -0.0690089 -18.4771 -0.773274 -0.0421136 -0.632672 -12.4793 
-0.613037 0.0546168 0.788164 196.294 0.000839816 0.997652 -0.0684804 -18.5688 -0.790054 -0.0413191 -0.611644 -13.1936 
-0.590212 0.0544463 0.80541 197.253 0.000837976 0.997764 -0.0668355 -18.6628 -0.807248 -0.0387722 -0.588938 -13.8906 
-0.566218 0.0550383 0.822416 198.223 0.000249471 0.997779 -0.0666024 -18.7519 -0.824256 -0.0375063 -0.564974 -14.5473 
-0.540714 0.0585458 0.839167 199.217 0.00233763 0.997676 -0.0680983 -18.8377 -0.841203 -0.03486 -0.539594 -15.1862 
-0.514419 0.0591243 0.855498 200.219 0.00118533 0.997668 -0.0682372 -18.9225 -0.857538 -0.0340884 -0.51329 -15.7754 
-0.487107 0.0579068 0.87142 201.236 -0.000681581 0.997774 -0.0666842 -19.0109 -0.873342 -0.0330763 -0.485983 -16.3374 
-0.458891 0.0560495 0.886723 202.273 -0.00228037 0.997931 -0.0642591 -19.097 -0.88849 -0.0315099 -0.457814 -16.8669 
-0.429517 0.0576064 0.901219 203.331 -0.00257823 0.997881 -0.0650139 -19.1772 -0.903055 -0.0302481 -0.428459 -17.3544 
-0.398352 0.060228 0.915253 204.422 -0.00318668 0.997745 -0.0670434 -19.2591 -0.917227 -0.0296235 -0.397262 -17.8251 
-0.366601 0.0619731 0.928312 205.5 -0.00211487 0.997721 -0.067442 -19.3424 -0.930376 -0.0266875 -0.365634 -18.2491 
-0.335851 0.061927 0.939877 206.517 -0.000538931 0.997824 -0.0659376 -19.4372 -0.941915 -0.0226517 -0.335087 -18.6017 
-0.303135 0.0618794 0.950936 207.637 -0.000812935 0.997872 -0.0651929 -19.523 -0.952947 -0.0205353 -0.30244 -18.9505 
-0.26917 0.0606092 0.961183 208.779 0.000687843 0.99803 -0.06274 -19.6112 -0.963092 -0.0162266 -0.268682 -19.2715 
-0.234654 0.0588415 0.970296 209.922 -9.18552e-05 0.998165 -0.0605538 -19.6926 -0.972079 -0.0142983 -0.234218 -19.5457 
-0.200535 0.0574883 0.977998 211.037 0.000591165 0.998284 -0.0585595 -19.7783 -0.979686 -0.0111651 -0.200225 -19.764 
-0.165615 0.0571098 0.984535 212.174 0.000971645 0.998331 -0.0577466 -19.858 -0.98619 -0.00860706 -0.165394 -19.9519 
-0.129854 0.0562315 0.989937 213.319 0.00204499 0.998404 -0.0564443 -19.9416 -0.991531 -0.00530512 -0.129762 -20.1053 
-0.0943168 0.0566598 0.993928 214.469 0.00160183 0.998386 -0.056762 -20.0118 -0.995541 -0.0037615 -0.0942554 -20.209 
-0.0589182 0.057302 0.996617 215.622 0.000242431 0.998352 -0.0573875 -20.0882 -0.998263 -0.00313956 -0.058835 -20.2745 
-0.0243454 0.0566648 0.998096 216.784 -0.000481746 0.998391 -0.0566934 -20.1643 -0.999703 -0.00186105 -0.0242789 -20.2975 
0.00931205 0.0559494 0.99839 217.94 -0.00219049 0.998432 -0.0559314 -20.2405 -0.999954 -0.00166612 0.00942001 -20.2817 
0.042757 0.056537 0.997484 219.097 -0.0034597 0.9984 -0.0564407 -20.3141 -0.999079 -0.00103776 0.0428842 -20.2305 
0.0755595 0.0558723 0.995575 220.246 -0.00245672 0.998436 -0.0558466 -20.3921 -0.997138 0.00177389 0.0755786 -20.1423 
0.107562 0.0539089 0.992736 221.409 -0.00177377 0.998538 -0.0540319 -20.4634 -0.994197 0.00405088 0.1075 -20.0111 
0.138884 0.0524823 0.988917 222.562 -0.000360608 0.998597 -0.0529455 -20.5373 -0.990308 0.00699669 0.138708 -19.8482 
0.169031 0.0526895 0.984201 223.715 0.000274104 0.998567 -0.0535058 -20.6065 -0.985611 0.00931391 0.168774 -19.6454 
0.199381 0.0527218 0.978503 224.854 0.00187698 0.998529 -0.0541834 -20.6729 -0.97992 0.0126398 0.198989 -19.411 
0.229716 0.0517672 0.97188 225.99 0.00450101 0.998517 -0.05425 -20.7437 -0.973247 0.0168365 0.229142 -19.1432 
0.259967 0.0496887 0.964338 227.121 0.00725018 0.998546 -0.0534059 -20.8184 -0.96559 0.0208754 0.259229 -18.8376 
0.290136 0.0483545 0.955763 228.249 0.00917201 0.998536 -0.0533029 -20.8866 -0.956941 0.0242313 0.289267 -18.4949 
0.319674 0.0479074 0.946316 229.364 0.0116285 0.998447 -0.0544749 -20.9576 -0.947456 0.0284184 0.318621 -18.1178 
0.34826 0.0477353 0.936182 230.472 0.0116819 0.998404 -0.0552538 -21.0274 -0.937325 0.030179 0.347147 -17.7041 
0.376403 0.0456144 0.925332 231.571 0.0127919 0.998436 -0.0544216 -21.1034 -0.926368 0.0323212 0.375231 -17.2536 
0.404378 0.044925 0.913488 232.656 0.0125338 0.998427 -0.0546508 -21.1766 -0.914506 0.033549 0.403179 -16.7699 
0.432681 0.0457263 0.900386 233.707 0.0140615 0.998249 -0.0574537 -21.2531 -0.901437 0.0375199 0.431281 -16.2584 
0.460664 0.047113 0.886323 234.759 0.0149368 0.998037 -0.0608147 -21.3262 -0.887449 0.0412539 0.459057 -15.7089 
0.487777 0.0451855 0.871798 235.777 0.016294 0.998014 -0.060844 -21.4094 -0.872816 0.0438834 0.486072 -15.136 
0.514771 0.0426952 0.856264 236.81 0.0169092 0.998059 -0.059931 -21.4911 -0.857161 0.0453294 0.51305 -14.5248 
0.539642 0.0405827 0.840916 237.799 0.01638 0.998142 -0.0586822 -21.5712 -0.841735 0.0454415 0.537975 -13.873 
0.562791 0.0404362 0.825609 238.787 0.0150782 0.998134 -0.0591644 -21.6569 -0.826461 0.0457459 0.561132 -13.1943 
0.583491 0.040601 0.811104 239.767 0.0136076 0.99812 -0.0597515 -21.7341 -0.812006 0.0459016 0.581841 -12.4757 
0.603193 0.0394766 0.796618 240.735 0.0128122 0.998166 -0.0591658 -21.8101 -0.797492 0.0458948 0.601581 -11.7377 
0.621559 0.0367178 0.782506 241.678 0.0127242 0.998296 -0.0569505 -21.8942 -0.783264 0.0453548 0.620033 -10.9802 
0.638975 0.033488 0.768498 242.618 0.0140645 0.998376 -0.0551994 -21.971 -0.769099 0.0460796 0.637466 -10.1966 
0.655111 0.0312628 0.754886 243.537 0.0147887 0.998421 -0.0541827 -22.0441 -0.755388 0.0466594 0.653614 -9.388 
0.670247 0.029393 0.741555 244.442 0.0162519 0.998394 -0.0542625 -22.1175 -0.74196 0.048421 0.668694 -8.55115 
0.685539 0.0288291 0.727465 245.337 0.0159884 0.998378 -0.0546324 -22.1941 -0.72786 0.0490836 0.683967 -7.69996 
0.700612 0.0274473 0.713014 246.219 0.0166593 0.998358 -0.0548013 -22.267 -0.713347 0.0502728 0.699005 -6.83143 
0.715112 0.0252011 0.698555 247.08 0.0161997 0.998484 -0.0526052 -22.3374 -0.698822 0.048935 0.71362 -5.93572 
0.729327 0.0223018 0.683802 247.915 0.0167474 0.998587 -0.0504308 -22.4148 -0.68396 0.0482324 0.727923 -5.02881 
0.743317 0.0205938 0.668622 248.741 0.0171305 0.998612 -0.049802 -22.486 -0.66872 0.0484725 0.741933 -4.09959 
0.75676 0.0207212 0.653365 249.541 0.0173715 0.998507 -0.051788 -22.5566 -0.653462 0.0505409 0.75527 -3.15491 
0.769014 0.019929 0.638921 250.324 0.0177392 0.998464 -0.0524951 -22.6262 -0.638986 0.0517034 0.767479 -2.19036 
0.780645 0.0190532 0.624685 251.101 0.0172524 0.998497 -0.0520146 -22.7009 -0.624737 0.0513822 0.779143 -1.20105 
0.791646 0.0163575 0.61076 251.862 0.0178052 0.998599 -0.0498234 -22.7734 -0.61072 0.0503172 0.790246 -0.201773 
0.802133 0.0139535 0.596983 252.607 0.0191271 0.998614 -0.0490411 -22.8449 -0.596839 0.050756 0.800754 0.821325 
0.811949 0.0135946 0.58357 253.335 0.0189463 0.998588 -0.0496238 -22.9151 -0.58342 0.0513484 0.810545 1.8517 
0.820886 0.0109421 0.570987 254.047 0.0228735 0.998384 -0.0520171 -22.9831 -0.570633 0.0557606 0.81931 2.89819 
0.829198 0.00857942 0.558889 254.752 0.0240036 0.998413 -0.0509396 -23.0557 -0.55844 0.0556543 0.827676 3.9612 
0.836861 0.00526981 0.54739 255.453 0.0267717 0.998363 -0.0505407 -23.1298 -0.54676 0.0569501 0.83535 5.04285 
0.843644 0.00390623 0.536889 256.133 0.0277871 0.998316 -0.0509269 -23.2012 -0.536184 0.0578827 0.842114 6.13184 
0.849155 0.00258926 0.528137 256.812 0.0283656 0.998321 -0.0505018 -23.2729 -0.527381 0.0578647 0.847656 7.2411 
0.853107 0.00149955 0.521733 257.486 0.028002 0.998423 -0.0486572 -23.3477 -0.520983 0.0561193 0.85172 8.36635 
0.855959 0.000122378 0.517044 258.156 0.0285568 0.998462 -0.047512 -23.418 -0.516254 0.0554334 0.854639 9.50081 
0.858531 -0.000809106 0.512761 258.82 0.0290919 0.998465 -0.0471342 -23.4905 -0.511936 0.0553833 0.857236 10.6368 
0.860923 -0.00218241 0.50873 259.485 0.0300632 0.998461 -0.0465928 -23.5599 -0.507845 0.0554069 0.859664 11.7833 
0.863293 -0.00450904 0.504683 260.209 0.0314252 0.9985 -0.0448341 -23.6316 -0.503724 0.0545647 0.86214 13.0048 
0.865435 -0.00638792 0.500981 260.875 0.0328882 0.998486 -0.0440825 -23.7002 -0.499941 0.0546268 0.864335 14.1704 
0.867682 -0.00708788 0.49707 261.541 0.0336701 0.99844 -0.0445374 -23.7673 -0.495979 0.0553806 0.866567 15.3478 
0.869968 -0.0084953 0.493035 262.193 0.0346872 0.998429 -0.0440028 -23.8357 -0.491887 0.055383 0.868896 16.5143 
0.872073 -0.00826506 0.489306 262.841 0.0340989 0.998453 -0.0439082 -23.9052 -0.488186 0.0549759 0.871006 17.6945 
0.874043 -0.00844435 0.485775 263.483 0.0338248 0.99848 -0.0435035 -23.9759 -0.484669 0.0544551 0.873001 18.8714 
0.876057 -0.00794906 0.482142 264.134 0.0328868 0.998521 -0.0432932 -24.0507 -0.481085 0.0537834 0.875022 20.0621 
0.877296 -0.00703058 0.479898 264.765 0.0317706 0.99855 -0.0434509 -24.1221 -0.478896 0.0533659 0.876248 21.2432 
