1 2.12261e-08 -2.11895e-08 0 2.12261e-08 1 2.10703e-08 0 -2.11895e-08 2.10703e-08 1 0 
1 -0.000604696 2.44875e-05 -0.0247241 0.000604703 0.999999 0.00142152 -0.014364 -2.53894e-05 -0.00142146 0.999999 1.34562 
0.999999 -0.00167181 -0.000465571 -0.0446869 0.00167254 0.999998 0.00148773 -0.0313412 0.00046304 -0.00148846 0.999999 2.68668 
0.999995 -0.00314422 -0.000564666 -0.0648678 0.0031445 0.999995 0.000411264 -0.0509069 0.000563328 -0.000412996 1 4.03064 
0.999995 -0.00323959 -0.000427631 -0.0875218 0.00323976 0.999995 0.000316329 -0.0660015 0.000426561 -0.00031767 1 5.38308 
0.999992 -0.00389833 -0.000190224 -0.118425 0.00389862 0.999992 0.00133557 -0.0878188 0.000184973 -0.00133626 0.999999 6.73613 
0.999985 -0.00541274 0.000195772 -0.141604 0.00541228 0.999982 0.0025077 -0.106784 -0.000209385 -0.00250657 0.999997 8.08278 
0.999987 -0.00503245 -2.63261e-05 -0.165193 0.00503255 0.999983 0.00297134 -0.124663 1.13302e-05 -0.0029714 0.999996 9.44222 
0.999991 -0.00417788 -0.000183173 -0.191209 0.0041781 0.999991 0.000997227 -0.139486 0.000178962 -0.000997941 1 10.819 
0.999999 -0.00143762 0.000146137 -0.223985 0.00143784 0.999998 -0.00121166 -0.161116 -0.000144437 0.00121191 0.999999 12.1664 
0.999998 0.00204863 0.000707357 -0.259616 -0.0020471 0.999996 -0.00210775 -0.184914 -0.000711714 0.00210634 0.999998 13.5167 
0.999989 0.0046807 0.000902691 -0.290351 -0.00467843 0.999986 -0.00245709 -0.205682 -0.000914222 0.00245288 0.999997 14.8699 
0.999984 0.00555419 0.00118404 -0.315865 -0.00555243 0.999984 -0.00145222 -0.230851 -0.00119213 0.00144566 0.999998 16.2401 
0.999993 0.00328005 0.00177938 -0.340222 -0.00328235 0.999994 0.00131678 -0.25122 -0.00177509 -0.00132257 0.999998 17.5908 
0.999998 -0.00054666 0.00187525 -0.355497 0.000541056 0.999995 0.00301028 -0.268569 -0.00187693 -0.00300922 0.999994 18.9591 
0.999994 -0.00291657 0.00163759 -0.371753 0.0029154 0.999996 0.000743817 -0.288299 -0.00163979 -0.000738997 0.999998 20.3243 
0.999991 -0.00380775 0.00171833 -0.396078 0.00381019 0.999992 -0.00139313 -0.3061 -0.00171305 0.00139971 0.999998 21.6901 
0.999996 -0.00113729 0.0024543 -0.420337 0.001145 0.999994 -0.00312652 -0.327704 -0.00245077 0.00312936 0.999992 23.0692 
0.999992 0.0015405 0.00360488 -0.45306 -0.00153639 0.999998 -0.00113016 -0.350327 -0.00360665 0.00112465 0.999993 24.4387 
0.999989 0.00218394 0.00413543 -0.47836 -0.00219313 0.999995 0.00222807 -0.368019 -0.00413058 -0.00223708 0.999989 25.8136 
0.999989 0.000276688 0.00478089 -0.496797 -0.000296115 0.999992 0.00407211 -0.382964 -0.00477976 -0.00407344 0.99998 27.1869 
0.999984 -0.00382842 0.00422229 -0.506943 0.00381836 0.99999 0.00239757 -0.401933 -0.00423146 -0.00238136 0.999988 28.5634 
0.999984 -0.00366092 0.0043071 -0.527519 0.00366168 0.999993 -0.000158861 -0.418481 -0.00430654 0.000174672 0.999991 29.9396 
0.99998 -0.00378666 0.00513027 -0.542603 0.00379983 0.99999 -0.00255171 -0.442111 -0.00512059 0.0025712 0.999984 31.3229 
0.999984 -0.000152579 0.00565531 -0.563637 0.000172495 0.999994 -0.00351376 -0.467177 -0.00565478 0.00351472 0.999978 32.6996 
0.999982 0.000552721 0.00597295 -0.5835 -0.000520504 0.999985 -0.00538688 -0.497484 -0.00597588 0.00538371 0.999968 34.09 
0.99998 0.00152792 0.00617363 -0.604319 -0.00149793 0.999987 -0.00485301 -0.524614 -0.00618101 0.00484371 0.999969 35.4922 
0.999979 0.00160154 0.00632499 -0.624654 -0.00157899 0.999992 -0.00356292 -0.554027 -0.00633069 0.0035529 0.999974 36.895 
0.999975 0.00290116 0.00641335 -0.657528 -0.0028866 0.999993 -0.00227166 -0.576352 -0.00641994 0.00225313 0.999977 38.3133 
0.999959 0.006062 0.00675011 -0.683907 -0.00604774 0.999979 -0.00212406 -0.599728 -0.00676289 0.0020832 0.999975 39.7137 
0.999939 0.00834312 0.00730997 -0.708754 -0.00832324 0.999962 -0.00274102 -0.619483 -0.00733261 0.00268005 0.99997 41.1337 
0.99991 0.0111061 0.00756469 -0.733312 -0.0110877 0.999936 -0.00245507 -0.646547 -0.00759152 0.00237101 0.999968 42.5402 
0.999903 0.0116943 0.00761725 -0.758729 -0.0116765 0.999929 -0.00237286 -0.671367 -0.00764451 0.00228373 0.999968 43.9669 
0.999911 0.0111523 0.0072843 -0.773397 -0.0111335 0.999935 -0.00260166 -0.693881 -0.00731288 0.00252037 0.99997 45.388 
0.999921 0.0105582 0.00676954 -0.79145 -0.0105381 0.99994 -0.00299708 -0.720387 -0.00680082 0.00292555 0.999973 46.8165 
0.999935 0.00960067 0.00623368 -0.812724 -0.00958394 0.99995 -0.00270207 -0.748761 -0.00625936 0.0026422 0.999977 48.2368 
0.999934 0.010109 0.00548012 -0.837802 -0.0101001 0.999948 -0.00162815 -0.771592 -0.00549634 0.00157273 0.999984 49.6514 
0.999928 0.011059 0.00458802 -0.861396 -0.0110498 0.999937 -0.00202347 -0.798122 -0.00461015 0.00197267 0.999987 51.0854 
0.99993 0.0112811 0.00355425 -0.884901 -0.0112757 0.999935 -0.00152594 -0.824689 -0.00357128 0.0014858 0.999993 52.5056 
0.999933 0.0112882 0.00268752 -0.909446 -0.0112865 0.999936 -0.000606439 -0.850714 -0.00269423 0.000576107 0.999996 53.9606 
0.999952 0.00954366 0.00219346 -0.934221 -0.00954428 0.999954 0.000292253 -0.87312 -0.00219061 -0.000313132 0.999998 55.407 
0.999964 0.00830264 0.00181879 -0.956651 -0.00830367 0.999965 0.000586284 -0.901273 -0.00181391 -0.000601324 0.999998 56.8439 
0.999983 0.00575756 0.00134091 -0.980755 -0.00575742 0.999983 -8.00002e-05 -0.923807 -0.00134139 7.23206e-05 0.999999 58.2724 
0.999991 0.00415673 0.00126663 -1.00419 -0.00415711 0.999991 0.000332904 -0.952312 -0.00126527 -0.000338125 0.999999 59.7217 
0.999994 0.00295257 0.00174053 -1.02416 -0.00295457 0.999995 0.00117091 -0.979875 -0.00173711 -0.001176 0.999998 61.1582 
0.999995 0.00197464 0.00230872 -1.04052 -0.0019789 0.999996 0.00186518 -1.00555 -0.00230507 -0.0018697 0.999996 62.5975 
0.999995 0.000601012 0.00301393 -1.06671 -0.000605134 0.999999 0.00138102 -1.02879 -0.00301314 -0.00138279 0.999995 64.0284 
0.999993 -0.000703659 0.00377909 -1.08641 0.000702275 1 0.000378879 -1.0485 -0.00377939 -0.00037618 0.999993 65.4629 
0.99999 0.000187234 0.00448995 -1.10767 -0.00018685 1 -7.6418e-05 -1.07516 -0.00449 7.56203e-05 0.99999 66.9103 
0.999984 0.00164074 0.00548517 -1.12891 -0.0016386 0.999999 -0.00038715 -1.10031 -0.00548584 0.000378198 0.999985 68.3299 
0.999972 0.00482878 0.00578359 -1.14474 -0.00483414 0.999988 0.000920805 -1.12452 -0.00577911 -0.000948696 0.999983 69.7813 
0.999942 0.00830863 0.00689994 -1.16482 -0.00832227 0.999963 0.00195626 -1.14588 -0.00688348 -0.00201353 0.999974 71.2148 
0.999898 0.0120988 0.00764643 -1.18911 -0.0121165 0.999924 0.00228034 -1.16466 -0.00761831 -0.00237271 0.999968 72.6394 
0.999829 0.0164665 0.00841614 -1.21216 -0.0164833 0.999862 0.00192511 -1.18952 -0.00838332 -0.00206346 0.999963 74.0546 
0.999759 0.0198509 0.00940912 -1.24041 -0.0198635 0.999802 0.00125097 -1.2125 -0.00938247 -0.00143753 0.999955 75.4479 
0.999717 0.0215009 0.0102252 -1.25827 -0.0215144 0.999768 0.00121805 -1.2384 -0.0101967 -0.00143765 0.999947 76.8528 
0.999704 0.021846 0.0107514 -1.28043 -0.0218636 0.99976 0.00152626 -1.25972 -0.0107155 -0.00176083 0.999941 78.2956 
0.999719 0.0211503 0.0107005 -1.2845 -0.0211616 0.999776 0.000946984 -1.2789 -0.0106781 -0.00117312 0.999942 79.719 
0.999755 0.0195006 0.01051 -1.29393 -0.0195016 0.99981 -4.2475e-06 -1.29785 -0.0105082 -0.000200674 0.999945 81.1503 
0.999763 0.0191727 0.0103065 -1.30452 -0.0191723 0.999816 -0.000131958 -1.32092 -0.0103072 -6.56316e-05 0.999947 82.5762 
0.999774 0.0186763 0.0101729 -1.32149 -0.0186783 0.999826 0.000104503 -1.34332 -0.0101692 -0.00029445 0.999948 83.9886 
0.999784 0.0184087 0.00960826 -1.33137 -0.0184061 0.999831 -0.000344582 -1.36835 -0.00961302 0.000167698 0.999954 85.4026 
0.999788 0.0185521 0.00892573 -1.34893 -0.0185501 0.999828 -0.000304345 -1.38426 -0.00892988 0.000138748 0.99996 86.8035 
0.999807 0.0179889 0.00793984 -1.36436 -0.0179935 0.999838 0.000524746 -1.41071 -0.00792916 -0.000667468 0.999968 88.2058 
0.999841 0.0162798 0.00730815 -1.38761 -0.0162895 0.999867 0.00127284 -1.43205 -0.0072865 -0.00139164 0.999973 89.5816 
0.999879 0.0142588 0.00625693 -1.4058 -0.0142696 0.999897 0.00169504 -1.45288 -0.00623216 -0.00178407 0.999979 90.9698 
0.999916 0.0117746 0.00541771 -1.42492 -0.0117852 0.999929 0.0019353 -1.476 -0.00539458 -0.00199895 0.999983 92.3838 
0.999935 0.0102542 0.00505486 -1.44089 -0.0102613 0.999946 0.0013778 -1.49616 -0.0050405 -0.00142954 0.999986 93.7771 
0.999944 0.00931361 0.0050507 -1.46225 -0.00931777 0.999956 0.000810004 -1.51726 -0.00504298 -0.000856978 0.999987 95.1629 
0.999939 0.00988253 0.00485801 -1.48071 -0.00988304 0.999951 9.02827e-05 -1.53995 -0.00485692 -0.000138247 0.999988 96.5409 
0.999939 0.00977223 0.00508006 -1.5024 -0.00976991 0.999952 -0.000473931 -1.5657 -0.0050845 0.000424312 0.999987 97.8992 
0.999929 0.0107575 0.00516128 -1.52035 -0.0107515 0.999942 -0.0011949 -1.59107 -0.00517388 0.00113937 0.999986 99.2659 
0.999915 0.0118005 0.00558263 -1.54756 -0.0117959 0.99993 -0.000845809 -1.61841 -0.00559226 0.000779926 0.999984 100.618 
0.999906 0.012315 0.00601851 -1.56617 -0.0123195 0.999924 0.000728607 -1.64642 -0.00600912 -0.000802642 0.999982 101.968 
0.999894 0.0131912 0.00618637 -1.58667 -0.0132043 0.999911 0.00207859 -1.66988 -0.00615844 -0.00216002 0.999979 103.329 
0.999906 0.0121767 0.00626319 -1.60163 -0.0121812 0.999926 0.000692856 -1.69312 -0.00625433 -0.000769042 0.99998 104.702 
0.999906 0.0121087 0.00647629 -1.61843 -0.0120984 0.999926 -0.00161702 -1.71757 -0.00649543 0.00153856 0.999978 106.048 
0.999914 0.0114013 0.0065535 -1.64722 -0.0113834 0.999931 -0.00275123 -1.7448 -0.00658446 0.00267643 0.999975 107.403 
0.999935 0.00920158 0.00677252 -1.65665 -0.0091911 0.999957 -0.00157033 -1.76866 -0.00678672 0.00150803 0.999976 108.767 
0.999952 0.00638126 0.00747734 -1.6737 -0.00638546 0.99998 0.000544043 -1.79558 -0.00747376 -0.000591722 0.999972 110.115 
0.999951 0.0050894 0.00855187 -1.68527 -0.00509879 0.999986 0.0010805 -1.81833 -0.0085463 -0.00112401 0.999963 111.475 
0.999948 0.0040293 0.00937732 -1.69952 -0.00402793 0.999992 -0.000160088 -1.84406 -0.00937793 0.00012235 0.999956 112.813 
0.999928 0.00628215 0.010207 -1.71369 -0.00625532 0.999977 -0.00265465 -1.86925 -0.0102235 0.00259066 0.999944 114.18 
0.999897 0.00857792 0.0115223 -1.7275 -0.00852352 0.999952 -0.00475859 -1.89578 -0.0115626 0.00465993 0.999922 115.529 
0.999851 0.0115076 0.0128369 -1.74353 -0.0114484 0.999924 -0.00467309 -1.92605 -0.0128898 0.00452547 0.999907 116.872 
0.99981 0.0128072 0.0147316 -1.75665 -0.0127659 0.999914 -0.0028942 -1.95087 -0.0147675 0.00270563 0.999887 118.244 
0.999784 0.0131173 0.016107 -1.76816 -0.0131072 0.999914 -0.000732816 -1.97644 -0.0161153 0.000521582 0.99987 119.591 
0.999777 0.01263 0.0169271 -1.76945 -0.0126267 0.99992 -0.00030338 -1.99869 -0.0169296 8.96206e-05 0.999857 120.945 
0.999752 0.0130145 0.0180758 -1.77128 -0.0130008 0.999915 -0.00087458 -2.02354 -0.0180857 0.000639405 0.999836 122.286 
0.9997 0.0148421 0.0195096 -1.77582 -0.0148164 0.999889 -0.00146306 -2.04717 -0.0195292 0.0011736 0.999809 123.643 
0.99964 0.0168473 0.0209041 -1.77996 -0.0168117 0.999857 -0.00187548 -2.07068 -0.0209327 0.00152341 0.99978 125.008 
0.999597 0.0176514 0.0222178 -1.77641 -0.0175887 0.999841 -0.00301233 -2.09301 -0.0222675 0.00262037 0.999749 126.371 
0.999552 0.0186872 0.0233799 -1.77789 -0.0186012 0.999819 -0.0038913 -2.11719 -0.0234484 0.0034547 0.999719 127.723 
0.99954 0.0178081 0.02456 -1.77401 -0.017711 0.999835 -0.00416362 -2.14158 -0.0246302 0.00372676 0.99969 129.086 
0.999517 0.0174241 0.025751 -1.77222 -0.0173496 0.999845 -0.00311214 -2.16857 -0.0258012 0.0026639 0.999664 130.45 
0.99951 0.016134 0.0268334 -1.76788 -0.0160775 0.999868 -0.00231787 -2.19151 -0.0268673 0.00188536 0.999637 131.82 
0.999508 0.015217 0.0274458 -1.76368 -0.0151704 0.999883 -0.00190647 -2.21675 -0.0274717 0.00148921 0.999622 133.178 
0.999524 0.0132704 0.0278534 -1.75817 -0.0132266 0.999911 -0.00175506 -2.24172 -0.0278743 0.00138586 0.999611 134.529 
0.999545 0.0118556 0.0277463 -1.74847 -0.0118265 0.999929 -0.00121089 -2.26384 -0.0277587 0.000882235 0.999614 135.888 
0.99958 0.0101674 0.0271565 -1.73265 -0.0101333 0.999948 -0.00139442 -2.28922 -0.0271693 0.00111869 0.99963 137.264 
0.999609 0.00921219 0.0264002 -1.72775 -0.00916801 0.999956 -0.00179247 -2.3097 -0.0264156 0.00154977 0.99965 138.624 
0.999641 0.0079803 0.025577 -1.71981 -0.00796173 0.999968 -0.000825875 -2.33314 -0.0255828 0.000621983 0.999673 139.983 
0.999675 0.00667252 0.0246174 -1.71108 -0.00665569 0.999978 -0.000764045 -2.35382 -0.0246219 0.000599993 0.999697 141.345 
0.999706 0.0063558 0.0234107 -1.70714 -0.00634082 0.99998 -0.000712144 -2.37923 -0.0234148 0.000563533 0.999726 142.691 
0.999725 0.00655755 0.0225241 -1.70731 -0.00652738 0.999978 -0.00141058 -2.4035 -0.0225328 0.00126321 0.999745 144.042 
0.999749 0.00647434 0.0214703 -1.70373 -0.00644164 0.999978 -0.00158941 -2.43027 -0.0214802 0.00145075 0.999768 145.398 
0.99978 0.00423254 0.0205414 -1.69561 -0.0041532 0.999984 -0.00390131 -2.45892 -0.0205576 0.00381518 0.999781 146.747 
0.999809 -0.00113336 0.019499 -1.68728 0.00121702 0.99999 -0.00427687 -2.485 -0.019494 0.00429982 0.999801 148.104 
0.999789 -0.00898891 0.0184757 -1.67581 0.00902347 0.999958 -0.00178604 -2.51351 -0.0184589 0.00195242 0.999828 149.447 
0.999738 -0.0156399 0.0167332 -1.66625 0.0156468 0.999878 -0.000278859 -2.53697 -0.0167268 0.000540649 0.99986 150.797 
0.9997 -0.0186762 0.0158266 -1.6585 0.0187377 0.999817 -0.00375004 -2.56028 -0.0157537 0.00404551 0.999868 152.155 
0.999711 -0.017838 0.0161325 -1.65969 0.0179511 0.999815 -0.00689343 -2.58817 -0.0160066 0.00718108 0.999846 153.501 
0.999747 -0.0144769 0.0171903 -1.664 0.0146329 0.999853 -0.00898511 -2.62038 -0.0170578 0.00923443 0.999812 154.859 
0.999732 -0.0145083 0.0180301 -1.66109 0.0146725 0.999852 -0.00900758 -2.65651 -0.0178968 0.00926975 0.999797 156.229 
0.999671 -0.0175769 0.0187009 -1.65525 0.0176845 0.999828 -0.00560005 -2.68745 -0.0185993 0.00592897 0.999809 157.592 
0.999551 -0.0230833 0.0191066 -1.64118 0.0231354 0.999729 -0.00250765 -2.7225 -0.0190436 0.00294861 0.999814 158.95 
0.999449 -0.0268896 0.0194458 -1.63524 0.026919 0.999637 -0.00125248 -2.7472 -0.0194051 0.0017753 0.99981 160.306 
0.999401 -0.0285166 0.0196113 -1.62534 0.0285466 0.999592 -0.00125199 -2.77402 -0.0195677 0.00181112 0.999807 161.675 
0.999425 -0.0266719 0.0209199 -1.62513 0.0266875 0.999644 -0.00046028 -2.8004 -0.0209002 0.00101836 0.999781 163.033 
0.999492 -0.0229819 0.0220815 -1.6196 0.0230158 0.999734 -0.00127741 -2.82947 -0.0220463 0.00178503 0.999755 164.394 
0.999553 -0.0191522 0.0229738 -1.61508 0.0192399 0.999808 -0.00359792 -2.85401 -0.0229006 0.00403837 0.99973 165.756 
0.99958 -0.0163 0.023946 -1.61202 0.0164058 0.999857 -0.00422628 -2.87993 -0.0238738 0.0046174 0.999704 167.114 
0.999595 -0.0146029 0.0244421 -1.60229 0.0146778 0.999888 -0.00288361 -2.91057 -0.0243973 0.00324124 0.999697 168.487 
0.999629 -0.0125267 0.02419 -1.59 0.0126148 0.999914 -0.00348992 -2.93699 -0.0241442 0.00379382 0.999701 169.867 
0.999656 -0.0105718 0.0239836 -1.58455 0.0107134 0.999926 -0.00578351 -2.96893 -0.0239207 0.00603851 0.999696 171.227 
0.999698 -0.00654588 0.0236787 -1.58481 0.00674816 0.999941 -0.00847112 -3.00132 -0.0236219 0.00862839 0.999684 172.588 
0.999715 -0.00161841 0.0237989 -1.58811 0.00185234 0.99995 -0.00980915 -3.03403 -0.0237819 0.00985048 0.999669 173.963 
0.999703 0.00289081 0.0241816 -1.58796 -0.00268112 0.999959 -0.00869785 -3.06864 -0.0242058 0.00863048 0.99967 175.341 
0.999681 0.00545195 0.0246606 -1.5808 -0.00528926 0.999964 -0.00665587 -3.10468 -0.024696 0.00652336 0.999674 176.729 
0.99967 0.00652272 0.0248504 -1.57441 -0.00640924 0.999969 -0.00464164 -3.13233 -0.02488 0.00448088 0.99968 178.122 
0.999703 0.00322593 0.0241682 -1.56316 -0.00313698 0.999988 -0.00371541 -3.16021 -0.02418 0.00363853 0.999701 179.514 
0.999747 0.00113493 0.022487 -1.54924 -0.00105163 0.999993 -0.00371395 -3.18492 -0.0224911 0.0036894 0.99974 180.917 
0.999787 0.00107666 0.0205969 -1.5431 -0.000911723 0.999968 -0.00801336 -3.21453 -0.0206049 0.00799292 0.999756 182.313 
0.999816 0.00268824 0.0190156 -1.53946 -0.00245674 0.999923 -0.012185 -3.24808 -0.0190469 0.0121361 0.999745 183.719 
0.999798 0.0076317 0.0185855 -1.54553 -0.00739074 0.999888 -0.0129973 -3.28629 -0.0186827 0.0128574 0.999743 185.125 
0.999772 0.0107087 0.0184665 -1.55046 -0.0104895 0.999874 -0.0119285 -3.32668 -0.0185919 0.0117321 0.999758 186.563 
0.999747 0.0124945 0.0187284 -1.55314 -0.0123367 0.999888 -0.00851625 -3.35626 -0.0188328 0.00828308 0.999788 187.999 
0.999736 0.0127794 0.0190886 -1.55439 -0.0126567 0.999899 -0.00652895 -3.38538 -0.0191702 0.00628567 0.999797 189.437 
0.999741 0.0122387 0.0191765 -1.5521 -0.0121298 0.99991 -0.00578545 -3.40994 -0.0192456 0.00555139 0.999799 190.876 
0.999757 0.0105687 0.0193455 -1.54393 -0.010467 0.999931 -0.00535266 -3.4326 -0.0194007 0.00514891 0.999799 192.324 
0.999777 0.00825211 0.0194243 -1.53604 -0.00815866 0.999955 -0.00488292 -3.4621 -0.0194637 0.0047234 0.999799 193.755 
0.999787 0.00587735 0.019765 -1.5401 -0.00578116 0.999971 -0.00491783 -3.4901 -0.0197933 0.00480256 0.999793 195.187 
0.999797 0.00263376 0.0199806 -1.52659 -0.00255706 0.999989 -0.00386126 -3.51757 -0.0199906 0.00380943 0.999793 196.643 
0.999788 -0.00160403 0.0205058 -1.51658 0.00165091 0.999996 -0.00226755 -3.54582 -0.0205021 0.00230097 0.999787 198.097 
0.999777 -0.00408708 0.0207426 -1.49906 0.00413933 0.999988 -0.00247462 -3.57103 -0.0207322 0.00255997 0.999782 199.551 
0.999772 -0.00187345 0.0212651 -1.49949 0.00202232 0.999974 -0.00697938 -3.59692 -0.0212515 0.00702084 0.99975 201.003 
0.999748 0.00537511 0.0218108 -1.50819 -0.00511043 0.999913 -0.012171 -3.62755 -0.0218744 0.0120565 0.999688 202.445 
0.999623 0.0145446 0.0232917 -1.51885 -0.0142642 0.999824 -0.0121579 -3.66708 -0.0234645 0.0118211 0.999655 203.879 
0.99946 0.0220674 0.0243537 -1.52551 -0.0218568 0.999722 -0.0088774 -3.70046 -0.0245428 0.00834035 0.999664 205.337 
0.99941 0.0231217 0.0253845 -1.52233 -0.022954 0.999713 -0.00687554 -3.72958 -0.0255362 0.00628885 0.999654 206.809 
0.999463 0.0211748 0.0249988 -1.513 -0.0210221 0.999759 -0.00635263 -3.7582 -0.0251274 0.00582373 0.999667 208.269 
0.999548 0.0181227 0.0239848 -1.50012 -0.0179741 0.999818 -0.0063957 -3.78779 -0.0240964 0.00596175 0.999692 209.744 
0.999606 0.0160836 0.0230083 -1.48638 -0.0159294 0.99985 -0.00686725 -3.82114 -0.0231153 0.00649807 0.999712 211.216 
0.999614 0.0163542 0.0224508 -1.48103 -0.0161957 0.999843 -0.00722384 -3.85769 -0.0225654 0.00685749 0.999722 212.689 
0.999586 0.0179446 0.0224701 -1.47924 -0.0177867 0.999816 -0.00720791 -3.89018 -0.0225954 0.0068053 0.999722 214.163 
0.999556 0.0194572 0.0225883 -1.47857 -0.0193182 0.999793 -0.00635078 -3.92247 -0.0227072 0.00591164 0.999725 215.64 
0.999569 0.0188686 0.0224696 -1.47264 -0.0187186 0.999801 -0.0068646 -3.956 -0.0225947 0.00644108 0.999724 217.122 
0.999585 0.0183412 0.0221943 -1.46557 -0.0181738 0.999805 -0.00771997 -3.99136 -0.0223316 0.00731345 0.999724 218.586 
0.999593 0.0179749 0.0221354 -1.46454 -0.0177972 0.999808 -0.00819421 -4.02286 -0.0222785 0.00779697 0.999721 220.074 
0.99959 0.0183789 0.0219775 -1.46405 -0.0182009 0.9998 -0.0082733 -4.05834 -0.0221252 0.00786994 0.999724 221.564 
0.999582 0.0188767 0.0218926 -1.46117 -0.0186939 0.999789 -0.00852457 -4.09428 -0.0220489 0.0081118 0.999724 223.05 
0.999587 0.0186664 0.021862 -1.46192 -0.0184823 0.999792 -0.00859338 -4.12855 -0.022018 0.00818581 0.999724 224.562 
0.999567 0.0199199 0.0216777 -1.46151 -0.0197278 0.999765 -0.00903813 -4.16471 -0.0218526 0.0086066 0.999724 226.051 
0.999584 0.0196283 0.0211327 -1.4513 -0.0194384 0.999769 -0.00915348 -4.19985 -0.0213076 0.00873892 0.999735 227.562 
0.999579 0.0199927 0.0210412 -1.44863 -0.0198043 0.999762 -0.00912436 -4.23811 -0.0212186 0.00870385 0.999737 229.071 
0.999592 0.0194561 0.0208987 -1.44008 -0.019266 0.999772 -0.00925738 -4.27034 -0.0210741 0.00885101 0.999739 230.588 
0.99961 0.0179083 0.0214428 -1.44712 -0.0177144 0.999801 -0.0091983 -4.31318 -0.0216033 0.00881491 0.999728 232.088 
0.999634 0.0164773 0.0214593 -1.43865 -0.0162892 0.999828 -0.00891127 -4.35129 -0.0216025 0.0085585 0.99973 233.612 
0.999647 0.0150917 0.0218625 -1.43938 -0.0149179 0.999856 -0.00808763 -4.38783 -0.0219814 0.00775868 0.999728 235.127 
0.999646 0.0150968 0.0219204 -1.43618 -0.014929 0.999858 -0.00779961 -4.42726 -0.0220351 0.00746964 0.999729 236.652 
0.999636 0.0156155 0.0219962 -1.43153 -0.0154409 0.999848 -0.0080838 -4.4639 -0.0221192 0.00774126 0.999725 238.17 
0.99962 0.0158703 0.0225563 -1.43528 -0.0156724 0.999837 -0.00892294 -4.49419 -0.0226943 0.00856607 0.999706 239.7 
0.999583 0.0172361 0.0231658 -1.43395 -0.0170477 0.99982 -0.0083067 -4.53163 -0.0233048 0.00790836 0.999697 241.22 
0.999554 0.0174894 0.0242172 -1.43229 -0.0173443 0.99983 -0.00618988 -4.56785 -0.0243213 0.00576713 0.999688 242.744 
0.999537 0.0172859 0.0250259 -1.42822 -0.0171471 0.999837 -0.00574698 -4.60241 -0.0251212 0.00531524 0.99967 244.25 
0.999511 0.0178554 0.0256704 -1.42131 -0.0176709 0.999817 -0.00739405 -4.63798 -0.0257977 0.00693686 0.999643 245.765 
0.999495 0.0180919 0.0261131 -1.40794 -0.0178679 0.999802 -0.00878414 -4.67278 -0.0262669 0.00831316 0.99962 247.298 
0.999469 0.0190741 0.0264267 -1.39704 -0.0188552 0.999786 -0.0085033 -4.70452 -0.0265833 0.00800054 0.999615 248.836 
0.999471 0.0189149 0.0264606 -1.38488 -0.0187297 0.999798 -0.00722942 -4.7453 -0.026592 0.00673004 0.999624 250.344 
0.99948 0.0192008 0.0258904 -1.35995 -0.019031 0.999796 -0.00679063 -4.78397 -0.0260155 0.00629442 0.999642 251.903 
0.999479 0.0193913 0.0258136 -1.35172 -0.0192247 0.999793 -0.0066866 -4.82163 -0.0259379 0.0061869 0.999644 253.435 
0.999446 0.0206971 0.026081 -1.34424 -0.0205366 0.999769 -0.00640461 -4.85883 -0.0262076 0.00586548 0.999639 254.976 
0.999405 0.0222228 0.0263802 -1.33297 -0.0220592 0.999736 -0.00647272 -4.89214 -0.0265171 0.00588698 0.999631 256.512 
0.999395 0.0227269 0.0263345 -1.31801 -0.0225692 0.999726 -0.00626721 -4.92558 -0.0264698 0.00566911 0.999634 258.071 
0.999419 0.0212939 0.0266208 -1.30584 -0.0211372 0.999758 -0.00615047 -4.96104 -0.0267453 0.00558425 0.999627 259.611 
0.999449 0.0197726 0.0266751 -1.29179 -0.0196348 0.999793 -0.00541745 -4.99402 -0.0267768 0.00489074 0.99963 261.161 
0.999484 0.0175363 0.026916 -1.27307 -0.0174156 0.999837 -0.00470882 -5.02637 -0.0269942 0.00423767 0.999627 262.717 
0.999509 0.0165472 0.0266231 -1.24617 -0.0164064 0.99985 -0.00549505 -5.05847 -0.02671 0.0050556 0.99963 264.278 
0.999522 0.0155507 0.0267167 -1.23358 -0.0153842 0.999861 -0.00642527 -5.09531 -0.0268129 0.00601122 0.999622 265.817 
0.999541 0.0135805 0.0270938 -1.21702 -0.0134669 0.9999 -0.0043709 -5.13213 -0.0271505 0.00400406 0.999623 267.374 
0.999554 0.0115627 0.0275374 -1.19871 -0.011494 0.99993 -0.00265069 -5.16495 -0.0275662 0.00233304 0.999617 268.921 
0.999558 0.0109283 0.0276574 -1.18774 -0.0108387 0.999936 -0.00338467 -5.197 -0.0276927 0.00308344 0.999612 270.476 
0.999537 0.010954 0.028388 -1.17549 -0.0108294 0.999931 -0.00453627 -5.22764 -0.0284358 0.00422678 0.999587 272.032 
0.999511 0.0117275 0.0289849 -1.15396 -0.0115895 0.999921 -0.00492104 -5.257 -0.0290403 0.00458276 0.999568 273.586 
0.999464 0.0132549 0.0299272 -1.13621 -0.0131147 0.999902 -0.00487636 -5.29361 -0.0299889 0.0044813 0.99954 275.136 
0.999408 0.0149708 0.0309807 -1.12482 -0.0148237 0.999878 -0.00497011 -5.3319 -0.0310514 0.00450796 0.999508 276.676 
0.999356 0.0158304 0.0322036 -1.11267 -0.0156696 0.999864 -0.00523924 -5.36727 -0.0322822 0.00473129 0.999468 278.246 
0.999307 0.0164791 0.0333637 -1.09169 -0.0163011 0.999852 -0.00559752 -5.40139 -0.0334511 0.00504982 0.999428 279.794 
0.999283 0.0164658 0.0340991 -1.07315 -0.0162684 0.999849 -0.00605687 -5.43909 -0.0341937 0.00549783 0.9994 281.367 
0.999265 0.0155494 0.0350512 -1.04925 -0.0153346 0.999862 -0.00638722 -5.47852 -0.0351457 0.00584507 0.999365 282.93 
0.999232 0.0151182 0.0361647 -1.0243 -0.0149044 0.99987 -0.00617148 -5.51256 -0.0362533 0.00562776 0.999327 284.492 
0.999213 0.0139963 0.0371275 -0.999544 -0.0138104 0.999891 -0.00525871 -5.54251 -0.0371971 0.00474187 0.999297 286.057 
0.99921 0.0131623 0.0375022 -0.971717 -0.0129863 0.999904 -0.004931 -5.57607 -0.0375636 0.00444013 0.999284 287.625 
0.999211 0.0127277 0.0376218 -0.9443 -0.0124527 0.999894 -0.00753426 -5.60815 -0.0377138 0.00705986 0.999264 289.203 
0.999224 0.0113863 0.0377072 -0.915141 -0.0110324 0.999893 -0.00958019 -5.64646 -0.0378123 0.00915679 0.999243 290.779 
0.999246 0.0116096 0.0370471 -0.88195 -0.0112573 0.99989 -0.00970108 -5.68313 -0.0371557 0.00927675 0.999266 292.32 
0.9993 0.0101792 0.036004 -0.857852 -0.00984445 0.999907 -0.00946142 -5.72315 -0.036097 0.0091004 0.999307 293.842 
0.999343 0.00978579 0.0349115 -0.830923 -0.00944521 0.999906 -0.00990585 -5.76522 -0.0350052 0.00956963 0.999341 295.402 
0.999357 0.00987694 0.0344798 -0.811518 -0.00953227 0.999903 -0.0101452 -5.80585 -0.0345767 0.00981003 0.999354 296.971 
0.999382 0.00973316 0.0337855 -0.785743 -0.00941228 0.999909 -0.00964227 -5.84396 -0.0338764 0.00931835 0.999383 298.534 
0.999422 0.00920056 0.0327177 -0.759045 -0.00889591 0.999916 -0.00944353 -5.88064 -0.0328019 0.00914707 0.99942 300.139 
0.999459 0.00854519 0.0317539 -0.737653 -0.00829197 0.999933 -0.00809624 -5.91581 -0.031821 0.0078286 0.999463 301.753 
0.99946 0.010468 0.0311327 -0.718025 -0.0102618 0.999924 -0.00677364 -5.95154 -0.0312013 0.00645055 0.999492 303.351 
0.99944 0.0107204 0.0317063 -0.698129 -0.0105148 0.999923 -0.00664267 -5.98513 -0.0317751 0.00630561 0.999475 304.964 
0.999409 0.0111669 0.032506 -0.673166 -0.010948 0.999916 -0.006902 -6.02237 -0.0325804 0.00654209 0.999448 306.599 
0.999404 0.010109 0.0329996 -0.662761 -0.00988129 0.999926 -0.00705505 -6.05731 -0.0330685 0.00672481 0.999431 308.201 
0.999425 0.0078942 0.0329866 -0.630745 -0.00763316 0.999939 -0.00803058 -6.0927 -0.033048 0.00777421 0.999424 309.802 
0.999422 0.0064308 0.033394 -0.607558 -0.00610014 0.999932 -0.00999274 -6.13052 -0.033456 0.0097833 0.999392 311.425 
0.999437 0.00571249 0.0330748 -0.579019 -0.00535152 0.999925 -0.0109907 -6.17268 -0.0331352 0.0108075 0.999392 313.022 
0.999508 0.00642828 0.0306855 -0.555314 -0.00606466 0.999911 -0.0119266 -6.21381 -0.0307594 0.0117347 0.999458 314.648 
0.999566 0.00744211 0.0284893 -0.535963 -0.00712165 0.99991 -0.0113322 -6.25382 -0.0285712 0.0111244 0.99953 316.284 
0.999568 0.00847056 0.0281579 -0.524355 -0.0082487 0.999934 -0.0079845 -6.29636 -0.0282238 0.00774882 0.999572 317.918 
0.999561 0.00709212 0.0287586 -0.505473 -0.00694844 0.999963 -0.0050917 -6.32851 -0.0287937 0.00488968 0.999573 319.557 
0.999561 0.00613924 0.0290011 -0.49099 -0.00601149 0.999972 -0.00448863 -6.36002 -0.0290279 0.00431236 0.999569 321.191 
0.999554 0.0051516 0.0294303 -0.472893 -0.00498382 0.999971 -0.00576984 -6.39178 -0.0294593 0.00562063 0.99955 322.839 
0.999538 0.00422882 0.0301127 -0.461067 -0.00405408 0.999975 -0.00586018 -6.42492 -0.0301368 0.00573544 0.999529 324.494 
0.99952 0.00408671 0.0307252 -0.444677 -0.00391724 0.999977 -0.00557243 -6.4609 -0.0307473 0.00544944 0.999512 326.147 
0.9995 0.00403235 0.0313517 -0.425401 -0.00386092 0.999977 -0.00552531 -6.49719 -0.0313733 0.00540154 0.999493 327.778 
0.999477 0.0053947 0.0318954 -0.407015 -0.00519238 0.999966 -0.00642122 -6.53678 -0.031929 0.00625229 0.999471 329.401 
0.999441 0.00622699 0.0328596 -0.387351 -0.0060006 0.999958 -0.00698264 -6.57835 -0.0329018 0.0067816 0.999436 331.028 
0.999412 0.00488757 0.0339268 -0.367094 -0.00471883 0.999976 -0.00505081 -6.61615 -0.0339507 0.00488779 0.999412 332.667 
0.999408 0.00360179 0.0342266 -0.350436 -0.00346115 0.999985 -0.00416607 -6.65052 -0.0342411 0.00404518 0.999405 334.359 
0.999402 0.00235549 0.0344853 -0.328876 -0.00217541 0.999984 -0.00525739 -6.68392 -0.0344971 0.00517927 0.999391 336.012 
0.999388 0.00405495 0.034754 -0.306306 -0.00387152 0.999978 -0.0053425 -6.71694 -0.034775 0.00520472 0.999382 337.648 
0.999381 0.00575731 0.0347071 -0.289173 -0.00550474 0.999958 -0.00736719 -6.75675 -0.0347481 0.00717161 0.99937 339.27 
0.999385 0.00749514 0.0342691 -0.264543 -0.00714558 0.999921 -0.01031 -6.79909 -0.0343437 0.0100589 0.99936 340.891 
0.999386 0.00893106 0.0338936 -0.253155 -0.00859833 0.999914 -0.0099488 -6.83877 -0.0339795 0.0096513 0.999376 342.518 
0.999397 0.00972721 0.0333455 -0.251646 -0.009505 0.999932 -0.00681474 -6.86888 -0.0334095 0.00649372 0.999421 344.169 
0.999407 0.0107299 0.0327227 -0.23948 -0.0106001 0.999935 -0.00413536 -6.90192 -0.032765 0.00378608 0.999456 345.809 
0.999435 0.0110901 0.0317379 -0.22478 -0.0109238 0.999926 -0.00540737 -6.93526 -0.0317955 0.00505766 0.999482 347.442 
0.999486 0.0106831 0.0302269 -0.213953 -0.0104806 0.999922 -0.00684832 -6.97319 -0.0302978 0.00652804 0.99952 349.057 
0.999547 0.0093738 0.0286123 -0.196192 -0.00922418 0.999943 -0.00535535 -7.01268 -0.0286609 0.00508904 0.999576 350.679 
0.999571 0.00790038 0.0282084 -0.193405 -0.00776488 0.999958 -0.00490814 -7.04837 -0.028246 0.00468705 0.99959 352.293 
0.999582 0.00762625 0.027897 -0.181866 -0.00746627 0.999955 -0.00583276 -7.08194 -0.0279403 0.00562207 0.999594 353.919 
0.999592 0.00674654 0.0277419 -0.171054 -0.00656246 0.999956 -0.00671975 -7.11769 -0.0277861 0.00653499 0.999593 355.536 
0.999583 0.00657987 0.0281054 -0.162443 -0.00639363 0.999957 -0.00670957 -7.1572 -0.0281483 0.00652712 0.999582 357.159 
0.99958 0.00635415 0.0282712 -0.148513 -0.00615632 0.999956 -0.00707763 -7.19228 -0.0283149 0.00690065 0.999575 358.757 
0.999578 0.00600909 0.0284067 -0.135834 -0.00579491 0.999954 -0.00761457 -7.23253 -0.0284512 0.00744678 0.999567 360.359 
0.999581 0.00567163 0.028387 -0.119922 -0.00543845 0.999951 -0.00828334 -7.27291 -0.0284326 0.00812553 0.999563 361.959 
0.999587 0.00471515 0.0283573 -0.0954573 -0.00449037 0.999958 -0.00798368 -7.31586 -0.0283938 0.00785309 0.999566 363.57 
0.999579 0.00529284 0.0285206 -0.0779132 -0.0050487 0.99995 -0.00862381 -7.35899 -0.0285648 0.00847623 0.999556 365.168 
0.999584 0.00342511 0.0286414 -0.0593655 -0.00314053 0.999945 -0.00997341 -7.39869 -0.0286741 0.00987935 0.99954 366.768 
0.999583 0.00189305 0.0288322 -0.0475513 -0.00165455 0.999964 -0.00829206 -7.43699 -0.0288469 0.00824094 0.99955 368.367 
0.999585 0.000351427 0.0287908 -0.0288625 -0.000132411 0.999971 -0.0076072 -7.47404 -0.0287927 0.00760028 0.999557 369.965 
0.999582 -0.00026598 0.028903 -0.0119777 0.000517458 0.999962 -0.00869212 -7.51195 -0.0288997 0.00870348 0.999544 371.574 
0.999571 0.00102597 0.0292778 -0.00111434 -0.000750956 0.999956 -0.00940134 -7.55046 -0.0292862 0.00937536 0.999527 373.169 
0.999551 0.00242103 0.029857 0.00699214 -0.0021682 0.999962 -0.00849607 -7.59593 -0.0298764 0.00842756 0.999518 374.775 
0.999534 0.00404489 0.0302429 0.0279601 -0.00380876 0.999962 -0.0078599 -7.63218 -0.0302736 0.0077411 0.999512 376.397 
0.999514 0.00445055 0.0308538 0.0412265 -0.00419887 0.999957 -0.00821573 -7.6705 -0.0308891 0.00808222 0.99949 378.013 
0.999513 0.00418383 0.0309209 0.059785 -0.0038994 0.99995 -0.00925177 -7.70941 -0.030958 0.00912674 0.999479 379.621 
0.999506 0.00454323 0.0310922 0.0830478 -0.0042496 0.999946 -0.00950185 -7.74952 -0.0311337 0.00936507 0.999471 381.24 
0.99949 0.00485652 0.0315609 0.106413 -0.00455708 0.999944 -0.00955141 -7.79285 -0.0316056 0.00940276 0.999456 382.867 
0.999479 0.00607418 0.0316967 0.130283 -0.00577953 0.999939 -0.00937797 -7.83498 -0.0317518 0.00918993 0.999454 384.498 
0.99946 0.00775863 0.0319431 0.156596 -0.00747168 0.999931 -0.00909152 -7.8745 -0.0320115 0.00884798 0.999448 386.148 
0.99943 0.00917051 0.0324926 0.17539 -0.00885378 0.999912 -0.00987713 -7.91505 -0.0325804 0.00958386 0.999423 387.797 
0.99941 0.010394 0.0327287 0.201874 -0.0100492 0.999893 -0.0106792 -7.95439 -0.0328362 0.010344 0.999407 389.438 
0.999391 0.0114212 0.0329715 0.219977 -0.0110744 0.999882 -0.0106791 -7.99932 -0.0330896 0.0103075 0.999399 391.062 
0.999371 0.0127586 0.0330841 0.246759 -0.0124417 0.999875 -0.00976618 -8.0475 -0.0332046 0.00934846 0.999405 392.689 
0.999348 0.0136698 0.0334205 0.26876 -0.0133537 0.999864 -0.00966092 -8.08665 -0.033548 0.00920837 0.999395 394.319 
0.999327 0.0142504 0.0337962 0.288782 -0.0139101 0.99985 -0.0102801 -8.12621 -0.0339377 0.00980316 0.999376 395.962 
0.999303 0.0148674 0.0342377 0.307277 -0.014524 0.999842 -0.0102556 -8.16361 -0.0343848 0.00975119 0.999361 397.587 
0.999298 0.014912 0.0343639 0.336622 -0.0145856 0.999846 -0.00972739 -8.20612 -0.0345038 0.00921938 0.999362 399.218 
0.99928 0.0149364 0.0348668 0.357178 -0.014568 0.999836 -0.0107965 -8.24861 -0.0350224 0.0102809 0.999334 400.864 
0.999278 0.0148682 0.0349734 0.382939 -0.0144681 0.999827 -0.0116634 -8.29407 -0.0351408 0.011149 0.99932 402.495 
0.999277 0.0143384 0.0352159 0.412503 -0.0139331 0.999834 -0.0117242 -8.33787 -0.0353782 0.0112251 0.999311 404.168 
0.999266 0.0143293 0.0355269 0.437068 -0.0139607 0.999846 -0.0106015 -8.37823 -0.0356734 0.0100978 0.999313 405.822 
0.999266 0.0127863 0.0361071 0.458909 -0.012463 0.99988 -0.009162 -8.4226 -0.03622 0.00870532 0.999306 407.47 
0.999275 0.0113985 0.0363278 0.494341 -0.0110417 0.999889 -0.0100036 -8.46528 -0.0364378 0.00959531 0.99929 409.118 
0.999284 0.0102801 0.0363995 0.522515 -0.00989011 0.999892 -0.0108772 -8.50964 -0.0365074 0.0105095 0.999278 410.752 
