1 2.12261e-08 -2.11895e-08 0 2.12261e-08 1 2.10703e-08 0 -2.11895e-08 2.10703e-08 1 0 
0.999997 -0.00174081 -0.00149087 -0.0120412 0.00173974 0.999998 -0.000748944 -0.0120541 0.00149213 0.000746391 0.999999 0.573619 
0.999994 -0.00221755 -0.002746 -0.0211866 0.00221147 0.999995 -0.00222769 -0.0231769 0.00275088 0.00222165 0.999994 1.14741 
0.999986 -0.00258038 -0.00454808 -0.0362725 0.00256412 0.99999 -0.00358598 -0.03536 0.00455724 0.00357432 0.999983 1.71785 
0.999969 -0.00465779 -0.00641916 -0.0484234 0.00462424 0.999976 -0.00523788 -0.0471254 0.00644336 0.00520807 0.999966 2.2796 
0.999945 -0.00692468 -0.00786417 -0.0648633 0.00686731 0.99995 -0.00730321 -0.0564469 0.0079143 0.00724885 0.999942 2.85097 
0.999922 -0.00822389 -0.00939115 -0.0773628 0.00814876 0.999935 -0.00801485 -0.0668481 0.0094564 0.00793774 0.999924 3.43142 
0.999909 -0.00844217 -0.0104947 -0.102784 0.00836551 0.999938 -0.00733098 -0.0792654 0.0105559 0.00724256 0.999918 4.01768 
0.999895 -0.00872544 -0.0116042 -0.12101 0.00863484 0.999932 -0.00783817 -0.093336 0.0116718 0.00773719 0.999902 4.6107 
0.999887 -0.00818008 -0.0126286 -0.141588 0.00804678 0.999912 -0.0105744 -0.109653 0.0127139 0.0104716 0.999864 5.21056 
0.999883 -0.00654129 -0.0138019 -0.167267 0.00634126 0.999875 -0.01449 -0.124402 0.0138949 0.0144009 0.9998 5.81849 
0.999875 -0.00494629 -0.0150243 -0.19011 0.00467167 0.999822 -0.0182614 -0.138189 0.0151119 0.0181889 0.99972 6.43211 
0.999868 -0.00335485 -0.0158721 -0.225722 0.00306388 0.999827 -0.0183233 -0.148989 0.0159308 0.0182723 0.999706 7.06483 
0.999855 -0.000749209 -0.0170142 -0.251799 0.00055509 0.999935 -0.0114136 -0.161929 0.0170216 0.0114025 0.99979 7.71197 
0.999839 -3.66344e-05 -0.0179629 -0.27281 2.06612e-05 1 -0.000891762 -0.17416 0.0179629 0.00089129 0.999838 8.38026 
0.999824 0.000795924 -0.0187534 -0.30061 -0.000686581 0.999983 0.00583404 -0.189619 0.0187577 -0.00582009 0.999807 9.06041 
0.999795 0.00285209 -0.0200521 -0.329143 -0.00275691 0.999985 0.00477051 -0.20133 0.0200653 -0.00471421 0.999788 9.74701 
0.999773 0.00495433 -0.0207324 -0.364294 -0.00500886 0.999984 -0.00258115 -0.206044 0.0207192 0.00268445 0.999782 10.4446 
0.999753 0.00469547 -0.0217353 -0.397766 -0.00488316 0.999951 -0.00859212 -0.207277 0.0216938 0.00869617 0.999727 11.1587 
0.999733 0.00259861 -0.0229559 -0.424576 -0.0027599 0.999972 -0.00699921 -0.209797 0.022937 0.00706074 0.999712 11.9025 
0.999721 0.00144537 -0.0235985 -0.452322 -0.00138989 0.999996 0.00236587 -0.218241 0.0236018 -0.00233236 0.999719 12.6719 
0.999714 0.000740962 -0.0239224 -0.484041 -0.000506273 0.999952 0.00981327 -0.224545 0.0239284 -0.0097983 0.999666 13.4525 
0.999696 -0.000116607 -0.0246416 -0.516054 0.000418504 0.999925 0.012245 -0.227189 0.0246383 -0.0122516 0.999621 14.2503 
0.999689 -0.00225682 -0.0248574 -0.547173 0.00253799 0.999933 0.011284 -0.226959 0.0248303 -0.0113435 0.999627 15.0641 
0.999702 -0.00293312 -0.0242193 -0.58179 0.00314204 0.999958 0.0085909 -0.222949 0.024193 -0.00866439 0.99967 15.8918 
0.999718 -0.000448342 -0.0237556 -0.618774 0.000572148 0.999986 0.00520336 -0.224818 0.0237529 -0.00521544 0.999704 16.7278 
0.999737 -0.00352721 -0.0226798 -0.652291 0.00352355 0.999994 -0.000203523 -0.233809 0.0226804 0.000123599 0.999743 17.5862 
0.999741 -0.00625783 -0.0219003 -0.683766 0.0061204 0.999961 -0.00633854 -0.246587 0.0219391 0.0062029 0.99974 18.4603 
0.999772 -0.00517937 -0.0207178 -0.719459 0.0049356 0.999918 -0.0118019 -0.258284 0.0207772 0.011697 0.999716 19.3473 
0.999783 -0.00387954 -0.0204884 -0.755031 0.0036223 0.999914 -0.0125794 -0.275448 0.0205354 0.0125025 0.999711 20.2523 
0.999773 -0.00381362 -0.0209675 -0.786424 0.00356391 0.999922 -0.011936 -0.296965 0.0210114 0.0118586 0.999709 21.1764 
0.999772 -0.00241577 -0.0212212 -0.822308 0.00213549 0.99991 -0.0132224 -0.319994 0.0212512 0.0131741 0.999687 22.116 
0.999776 0.00035695 -0.0211628 -0.861885 -0.000683117 0.999881 -0.0154091 -0.342116 0.0211547 0.0154202 0.999657 23.0689 
0.999764 0.00379524 -0.0214128 -0.906944 -0.00414429 0.999859 -0.0162822 -0.365114 0.0213479 0.0163671 0.999638 24.0394 
0.999755 0.00552276 -0.0214161 -0.949186 -0.0058707 0.999851 -0.0162198 -0.393653 0.0213233 0.0163416 0.999639 25.0158 
0.999745 0.00613541 -0.0217522 -0.987686 -0.00648852 0.999848 -0.0162019 -0.423626 0.0216495 0.016339 0.999632 26.001 
0.99974 0.00615833 -0.0219352 -1.02498 -0.00651142 0.99985 -0.0160637 -0.452346 0.0218329 0.0162024 0.99963 26.9917 
0.999722 0.00705739 -0.0224899 -1.06506 -0.00739412 0.999861 -0.0149267 -0.480708 0.0223814 0.0150889 0.999636 27.9989 
0.999711 0.00758613 -0.0227942 -1.10809 -0.00788378 0.999884 -0.0129986 -0.507645 0.0226929 0.0131746 0.999656 29.0128 
0.999699 0.00831658 -0.0230841 -1.15275 -0.00858901 0.999894 -0.0117297 -0.536939 0.0229841 0.0119244 0.999665 30.0366 
0.999693 0.00827289 -0.0233664 -1.19437 -0.00857215 0.999882 -0.0127382 -0.563525 0.0232583 0.0129346 0.999646 31.0647 
0.999675 0.00951949 -0.0236674 -1.23975 -0.00984175 0.99986 -0.0135388 -0.591227 0.0235351 0.0137674 0.999628 32.0992 
0.999668 0.0091867 -0.0240876 -1.28404 -0.00949405 0.999875 -0.0126781 -0.616383 0.0239681 0.0129026 0.99963 33.1409 
0.999659 0.00841525 -0.0247117 -1.32822 -0.00866448 0.999913 -0.00999762 -0.642392 0.0246254 0.0102084 0.999645 34.1969 
0.999643 0.00894626 -0.0251717 -1.37289 -0.00910967 0.999938 -0.00638655 -0.666632 0.025113 0.00661362 0.999663 35.2557 
0.999627 0.00890335 -0.0258156 -1.41964 -0.00900505 0.999952 -0.00382784 -0.691368 0.0257803 0.00405893 0.999659 36.3266 
0.999616 0.00888232 -0.0262385 -1.46653 -0.00897578 0.999954 -0.00344767 -0.712236 0.0262066 0.0036819 0.99965 37.4 
0.999604 0.00866308 -0.0267788 -1.51384 -0.00879765 0.999949 -0.00491313 -0.731281 0.0267348 0.00514682 0.999629 38.4786 
0.999582 0.00922765 -0.0274089 -1.56711 -0.00938126 0.999941 -0.0054826 -0.751272 0.0273566 0.00573747 0.999609 39.5667 
0.999564 0.0091331 -0.0280874 -1.61895 -0.0092565 0.999948 -0.00426807 -0.771998 0.0280469 0.00452624 0.999596 40.657 
0.999538 0.00917682 -0.0289757 -1.66932 -0.00924493 0.999955 -0.00221874 -0.794467 0.028954 0.00248564 0.999578 41.7462 
0.999522 0.00931734 -0.0294918 -1.72035 -0.00931322 0.999957 0.000275886 -0.81507 0.029493 -1.04764e-06 0.999565 42.8338 
0.999498 0.0105117 -0.0298809 -1.77425 -0.0105115 0.999945 0.000161791 -0.837482 0.0298809 0.000152426 0.999553 43.9185 
0.999474 0.0117506 -0.0302397 -1.82736 -0.0118668 0.999923 -0.00366929 -0.859632 0.0301942 0.00402625 0.999536 44.9994 
0.999464 0.0130646 -0.030009 -1.8843 -0.0132969 0.999883 -0.00755628 -0.882815 0.0299068 0.00795131 0.999521 46.076 
0.999463 0.0136855 -0.0297727 -1.94141 -0.0139311 0.999871 -0.00805981 -0.904528 0.0296585 0.00847029 0.999524 47.1582 
0.999456 0.0142906 -0.029727 -1.99251 -0.0144554 0.999881 -0.00533761 -0.930093 0.0296472 0.00576447 0.999544 48.2443 
0.999449 0.0150104 -0.0296097 -2.04207 -0.015114 0.99988 -0.00328172 -0.954096 0.0295569 0.00372748 0.999556 49.3371 
0.999469 0.0133105 -0.0297413 -2.08831 -0.0133705 0.999909 -0.00181992 -0.977127 0.0297143 0.00221665 0.999556 50.4323 
0.999483 0.0134252 -0.0292225 -2.14347 -0.0135135 0.999905 -0.00282797 -0.999898 0.0291817 0.00322145 0.999569 51.5301 
0.999503 0.0124274 -0.0289782 -2.19458 -0.01257 0.99991 -0.00474741 -1.01903 0.0289166 0.00510935 0.999569 52.6267 
0.999506 0.0125236 -0.0288273 -2.24332 -0.0127236 0.999896 -0.00676673 -1.04434 0.0287395 0.00713022 0.999562 53.7324 
0.999529 0.0112473 -0.0285716 -2.29367 -0.0115088 0.999893 -0.00900421 -1.07394 0.0284672 0.00932883 0.999551 54.8247 
0.999545 0.00964389 -0.0285731 -2.33916 -0.0100002 0.999874 -0.0123559 -1.1031 0.0284503 0.0126361 0.999515 55.9142 
0.999563 0.00813722 -0.0284082 -2.38735 -0.00853845 0.999865 -0.0140325 -1.13326 0.0282901 0.014269 0.999498 57.0074 
0.999579 0.00649645 -0.028296 -2.43418 -0.00683083 0.999908 -0.0117381 -1.16418 0.028217 0.0119264 0.999531 58.0985 
0.999591 0.00493417 -0.0281575 -2.47906 -0.00509663 0.999971 -0.00570228 -1.19376 0.0281285 0.0058435 0.999587 59.19 
0.9996 0.00339742 -0.0280916 -2.52661 -0.00339015 0.999994 0.000305101 -1.21741 0.0280924 -0.000209701 0.999605 60.2893 
0.999602 0.00150385 -0.0281674 -2.57257 -0.00147565 0.999998 0.00102038 -1.23599 0.0281688 -0.000978367 0.999603 61.386 
0.999606 -0.00175684 -0.0280139 -2.6177 0.00170279 0.999997 -0.00195474 -1.25473 0.0280172 0.00190631 0.999606 62.4803 
0.999594 -0.0032576 -0.0283198 -2.66497 0.00311594 0.999982 -0.00504612 -1.27465 0.0283357 0.00495587 0.999586 63.5793 
0.99959 -0.00133541 -0.0285962 -2.71501 0.00107623 0.999958 -0.00907844 -1.30222 0.0286071 0.00904398 0.99955 64.668 
0.999596 -0.00110572 -0.028406 -2.77006 0.000724628 0.99991 -0.0134241 -1.32935 0.0284182 0.0133981 0.999506 65.7634 
0.999609 0.00200295 -0.0278945 -2.82448 -0.00239749 0.999897 -0.0141194 -1.35788 0.0278633 0.0141808 0.999511 66.8653 
0.99962 0.00588271 -0.0269168 -2.88397 -0.00616584 0.999926 -0.0104492 -1.39147 0.0268533 0.0106112 0.999583 67.9748 
0.999615 0.00741445 -0.0267399 -2.94257 -0.00763998 0.999936 -0.00834339 -1.41958 0.0266763 0.00854451 0.999608 69.0822 
0.999613 0.00685369 -0.0269512 -2.98832 -0.00706016 0.999946 -0.00757475 -1.44516 0.0268978 0.00776214 0.999608 70.1831 
0.999621 0.00531619 -0.0269979 -3.0397 -0.00549739 0.999963 -0.00664316 -1.47379 0.0269615 0.00678911 0.999613 71.2863 
0.999617 0.00416931 -0.0273691 -3.08878 -0.00431168 0.999978 -0.00514648 -1.50114 0.027347 0.00526255 0.999612 72.3863 
0.999606 0.00241395 -0.0279624 -3.13231 -0.0024981 0.999992 -0.00297646 -1.52758 0.027955 0.00304518 0.999605 73.4874 
0.999583 0.00118015 -0.0288377 -3.17811 -0.00122131 0.999998 -0.00141103 -1.5484 0.028836 0.00144571 0.999583 74.5917 
0.999561 0.000315758 -0.0296439 -3.22584 -0.000394283 0.999996 -0.00264454 -1.57345 0.0296429 0.00265511 0.999557 75.6888 
0.999537 0.000518725 -0.0304189 -3.2753 -0.000715843 0.999979 -0.00647096 -1.5977 0.0304148 0.00648978 0.999516 76.7823 
0.99951 0.00120048 -0.0312854 -3.32886 -0.00146746 0.999963 -0.00851354 -1.62187 0.0312739 0.00855532 0.999474 77.8643 
0.999479 0.00307159 -0.032144 -3.38217 -0.00329305 0.999971 -0.00684035 -1.6501 0.032122 0.00694268 0.99946 78.9478 
0.999457 0.00396528 -0.0326978 -3.44405 -0.00405279 0.999988 -0.0026117 -1.67354 0.032687 0.00274284 0.999462 80.0392 
0.999436 0.00548301 -0.0331351 -3.51101 -0.0054381 0.999984 0.00144417 -1.69618 0.0331425 -0.00126312 0.99945 81.1269 
0.999402 0.00659863 -0.0339487 -3.56294 -0.00654157 0.999977 0.00179032 -1.71132 0.0339597 -0.00156713 0.999422 82.2204 
0.999381 0.00655452 -0.0345688 -3.62017 -0.00656983 0.999978 -0.000330379 -1.7282 0.0345658 0.000557328 0.999402 83.2907 
0.999367 0.00651931 -0.0349772 -3.68105 -0.00656448 0.999978 -0.00117791 -1.74544 0.0349687 0.00140682 0.999387 84.3553 
0.99935 0.00612411 -0.0355231 -3.73469 -0.00617832 0.99998 -0.00141767 -1.76765 0.0355137 0.00163626 0.999368 85.4103 
0.999328 0.00499412 -0.0363127 -3.79171 -0.00503341 0.999987 -0.000991705 -1.79346 0.0363072 0.00117386 0.99934 86.4449 
0.999316 0.0037354 -0.0367795 -3.8441 -0.00373038 0.999993 0.000204063 -1.8093 0.03678 -6.66788e-05 0.999323 87.4714 
0.999302 0.00393881 -0.0371523 -3.9047 -0.00382275 0.999988 0.00319324 -1.83623 0.0371643 -0.00304895 0.999305 88.479 
0.999267 0.00304629 -0.0381603 -3.95797 -0.00290064 0.999988 0.00387067 -1.85612 0.0381716 -0.0037571 0.999264 89.4634 
0.999181 0.00204006 -0.0404085 -4.01136 -0.00187239 0.99999 0.00418572 -1.87547 0.0404166 -0.00410659 0.999175 90.4269 
0.99905 0.00135341 -0.0435638 -4.07031 -0.00120797 0.999994 0.00336382 -1.89463 0.043568 -0.00330796 0.999045 91.3643 
0.998901 0.00126355 -0.0468453 -4.13176 -0.00115077 0.999996 0.00243351 -1.9133 0.0468482 -0.00237688 0.998899 92.2809 
0.998764 0.001276 -0.0496902 -4.19854 -0.001152 0.999996 0.00252323 -1.92952 0.0496932 -0.00246283 0.998762 93.1787 
0.998602 0.00250707 -0.0528042 -4.26258 -0.00231535 0.999991 0.00369092 -1.94709 0.0528129 -0.00356346 0.998598 94.0487 
0.998437 0.00340186 -0.0557947 -4.32662 -0.00313546 0.999983 0.00486077 -1.96646 0.0558102 -0.00467818 0.99843 94.8965 
0.998256 0.00441026 -0.0588657 -4.39014 -0.00404057 0.999971 0.00639717 -1.98216 0.0588922 -0.00614812 0.998245 95.7196 
0.998112 0.00616365 -0.0611092 -4.46195 -0.00574825 0.999959 0.00697045 -1.99419 0.0611496 -0.00660598 0.998107 96.5136 
0.997945 0.00824125 -0.0635506 -4.53034 -0.0077839 0.999942 0.00744034 -2.01029 0.0636082 -0.00693033 0.997951 97.2786 
0.997757 0.0100862 -0.066177 -4.59817 -0.00969201 0.999933 0.00627436 -2.02672 0.0662359 -0.00561885 0.997788 98.016 
0.997579 0.0114394 -0.0685947 -4.666 -0.0112859 0.999933 0.00262508 -2.04358 0.0686201 -0.00184453 0.997641 98.7203 
0.997377 0.0137816 -0.0710595 -4.73032 -0.0139001 0.999903 -0.00117365 -2.057 0.0710363 0.00215835 0.997471 99.3973 
0.997211 0.0156024 -0.0729843 -4.79418 -0.0159269 0.999866 -0.00386629 -2.07051 0.0729141 0.00501796 0.997326 100.037 
0.997109 0.0175892 -0.073917 -4.85224 -0.017998 0.999826 -0.0048695 -2.08499 0.0738185 0.00618582 0.997253 100.661 
0.997129 0.0199643 -0.0730459 -4.90997 -0.0203507 0.999783 -0.00454894 -2.09895 0.0729392 0.00602246 0.997318 101.257 
0.99725 0.0236572 -0.0702328 -4.96271 -0.0239342 0.999709 -0.00310513 -2.11491 0.0701389 0.0047776 0.997526 101.831 
0.997556 0.0262528 -0.064758 -5.00837 -0.0264189 0.99965 -0.0017101 -2.12917 0.0646904 0.0034168 0.9979 102.38 
0.997983 0.0270018 -0.0574473 -5.04375 -0.0270347 0.999635 0.000204203 -2.14262 0.0574318 0.00134932 0.998349 102.905 
0.998496 0.0268844 -0.0477882 -5.06959 -0.0267799 0.999637 0.0028243 -2.15604 0.0478467 -0.00154024 0.998854 103.407 
0.998999 0.0265191 -0.0360386 -5.08532 -0.0263932 0.999644 0.00396405 -2.16658 0.0361309 -0.00300886 0.999343 103.887 
0.999415 0.0255539 -0.0227503 -5.09223 -0.0254652 0.999667 0.00417815 -2.18021 0.0228495 -0.00359632 0.999732 104.341 
0.999649 0.025428 -0.00746008 -5.0934 -0.0254029 0.999671 0.00343389 -2.19264 0.0075449 -0.00324314 0.999966 104.779 
0.999655 0.0240657 0.0105099 -5.08174 -0.0240714 0.99971 0.000419888 -2.20533 -0.0104968 -0.000672691 0.999945 105.203 
0.999223 0.0234469 0.0316797 -5.05756 -0.0233243 0.999719 -0.00423124 -2.21647 -0.03177 0.00348908 0.999489 105.613 
0.998193 0.0215086 0.0561057 -5.02043 -0.0210339 0.999738 -0.00903693 -2.22592 -0.0562854 0.00784051 0.998384 106.015 
0.996357 0.0189536 0.0831499 -4.96799 -0.018043 0.999769 -0.0116884 -2.2383 -0.0833522 0.0101456 0.996469 106.41 
0.993437 0.0163561 0.113209 -4.90578 -0.0149754 0.999803 -0.0130353 -2.24747 -0.1134 0.0112544 0.993486 106.792 
0.989251 0.014058 0.14555 -4.82418 -0.0120202 0.999817 -0.0148705 -2.2609 -0.145732 0.0129611 0.989239 107.168 
0.983357 0.0116176 0.181314 -4.73186 -0.008795 0.999827 -0.0163637 -2.27425 -0.181473 0.0144967 0.983289 107.535 
0.975514 0.00821146 0.219784 -4.62412 -0.00465328 0.99985 -0.0167021 -2.29055 -0.219888 0.0152704 0.975406 107.886 
0.965601 0.00606119 0.259957 -4.50601 -0.0015224 0.999843 -0.0176574 -2.30404 -0.260023 0.0166543 0.965459 108.228 
0.953298 0.00689776 0.301951 -4.37953 -0.00135731 0.999827 -0.0185547 -2.32026 -0.302027 0.0172783 0.953143 108.559 
0.937979 0.00894075 0.346576 -4.24366 -0.00250868 0.999816 -0.019003 -2.33505 -0.346682 0.016955 0.937829 108.876 
0.920099 0.00903093 0.391583 -4.08826 -0.00221179 0.999838 -0.0178617 -2.34557 -0.391681 0.0155685 0.91997 109.187 
0.899696 0.00825548 0.436438 -3.91688 -0.00119294 0.999864 -0.0164537 -2.36009 -0.436515 0.0142827 0.899584 109.483 
0.876324 0.00702647 0.48167 -3.73279 0.00125654 0.999857 -0.0168716 -2.37408 -0.48172 0.0153903 0.87619 109.766 
0.850689 0.0075633 0.525614 -3.53809 0.00272885 0.99982 -0.0188033 -2.39022 -0.525662 0.0174301 0.850515 110.039 
0.822616 0.00972365 0.568515 -3.32946 0.00343072 0.999751 -0.0220633 -2.40664 -0.568588 0.0201001 0.822377 110.301 
0.791399 0.0145174 0.611128 -3.10859 0.00218512 0.999644 -0.0265762 -2.41893 -0.611296 0.0223678 0.791086 110.559 
0.756851 0.0209021 0.653253 -2.87108 -0.00114259 0.999529 -0.030658 -2.42896 -0.653587 0.0224572 0.756519 110.813 
0.718927 0.0256813 0.694611 -2.61664 -0.00334521 0.999434 -0.0334889 -2.43941 -0.695078 0.0217525 0.718606 111.05 
0.678906 0.0259776 0.733765 -2.33894 -0.00124205 0.999413 -0.0342331 -2.45418 -0.734224 0.0223297 0.67854 111.273 
0.637075 0.023496 0.770444 -2.04011 0.00274903 0.99946 -0.0327534 -2.46659 -0.770797 0.0229843 0.636666 111.478 
0.592303 0.0216594 0.805424 -1.72808 0.00401436 0.999547 -0.0298318 -2.47896 -0.805705 0.0209028 0.591948 111.677 
0.545175 0.0203073 0.838077 -1.40575 0.00457104 0.99962 -0.0271951 -2.49029 -0.83831 0.0186569 0.544874 111.858 
0.49638 0.0177594 0.867924 -1.06914 0.00578079 0.999701 -0.0237619 -2.5081 -0.868086 0.0168123 0.496129 112.022 
0.44484 0.0139491 0.895501 -0.72125 0.0077677 0.999781 -0.019432 -2.52639 -0.895576 0.0156001 0.444635 112.165 
0.392499 0.0141158 0.919644 -0.352042 0.00514995 0.999833 -0.0175446 -2.54308 -0.919738 0.0116224 0.392361 112.302 
0.34082 0.018959 0.939937 0.011743 0.00129948 0.999786 -0.0206374 -2.56062 -0.940128 0.00825507 0.340723 112.415 
0.289917 0.0242193 0.956745 0.393682 0.000383852 0.999677 -0.0254224 -2.57265 -0.957052 0.00773763 0.289814 112.506 
0.2427 0.0261848 0.969748 0.781889 0.00183307 0.999622 -0.0274502 -2.58826 -0.9701 0.00843979 0.242561 112.581 
0.201183 0.0257015 0.979216 1.18927 0.00885275 0.999567 -0.0280545 -2.60609 -0.979514 0.0143128 0.200869 112.634 
0.166034 0.0256858 0.985785 1.61853 0.0165831 0.999447 -0.0288347 -2.61811 -0.985981 0.0211349 0.165516 112.676 
0.135474 0.0270379 0.990412 2.07044 0.0209153 0.999327 -0.0301422 -2.62948 -0.99056 0.0247982 0.134818 112.719 
0.107259 0.025551 0.993903 2.53474 0.0188336 0.999438 -0.0277257 -2.64504 -0.994053 0.0216926 0.106718 112.763 
0.0817453 0.0221748 0.996407 3.02818 0.012773 0.999647 -0.0232947 -2.65809 -0.996571 0.0146313 0.0814332 112.809 
0.0577625 0.0183267 0.998162 3.54741 0.00825926 0.999789 -0.0188345 -2.6702 -0.998296 0.00933201 0.057599 112.848 
0.0352722 0.0158171 0.999253 4.06556 0.0126401 0.999788 -0.0162717 -2.68868 -0.999298 0.0132046 0.0350648 112.853 
0.0150158 0.0163173 0.999754 4.59715 0.0200384 0.999661 -0.0166167 -2.71066 -0.999686 0.020283 0.0146838 112.844 
-0.00226296 0.0187821 0.999821 5.1534 0.0248849 0.999515 -0.01872 -2.72813 -0.999688 0.024838 -0.00272925 112.832 
-0.0167137 0.0242546 0.999566 5.72982 0.025508 0.999391 -0.0238238 -2.74078 -0.999535 0.0250988 -0.0173222 112.826 
-0.0275691 0.0289471 0.999201 6.32488 0.0229881 0.999335 -0.0283167 -2.75232 -0.999356 0.022189 -0.0282162 112.817 
-0.0339378 0.0287651 0.99901 6.94953 0.0255001 0.999285 -0.0279067 -2.76989 -0.999099 0.0245278 -0.0346471 112.799 
-0.0364537 0.0255648 0.999008 7.60104 0.0317324 0.999198 -0.0244117 -2.79075 -0.998831 0.030811 -0.0372357 112.775 
-0.0358661 0.0239406 0.99907 8.25731 0.0333693 0.999184 -0.0227454 -2.81183 -0.998799 0.0325225 -0.0366357 112.755 
-0.033791 0.0235727 0.999151 8.9392 0.0321958 0.999229 -0.0224856 -2.83405 -0.99891 0.0314086 -0.0345239 112.746 
-0.0323791 0.023828 0.999192 9.63532 0.028555 0.99933 -0.0229059 -2.85881 -0.999068 0.0277902 -0.0330378 112.742 
-0.0312605 0.0250366 0.999198 10.3465 0.0275713 0.999327 -0.0241772 -2.88223 -0.999131 0.0267934 -0.0319298 112.736 
-0.0301942 0.0258241 0.99921 11.0819 0.0274503 0.999311 -0.0249972 -2.90659 -0.999167 0.0266739 -0.0308822 112.726 
-0.0293437 0.0253867 0.999247 11.8279 0.0271546 0.999329 -0.0245913 -2.93057 -0.999201 0.0264125 -0.0300134 112.719 
-0.0286255 0.0241324 0.999299 12.5912 0.0261433 0.999385 -0.0233856 -2.95569 -0.999248 0.0254555 -0.0292388 112.711 
-0.0282019 0.0227749 0.999343 13.371 0.0270095 0.999393 -0.0220138 -2.98149 -0.999237 0.0263709 -0.0287999 112.702 
-0.0287069 0.0205786 0.999376 14.158 0.0274935 0.999426 -0.0197899 -3.00815 -0.99921 0.0269082 -0.0292562 112.691 
-0.0298151 0.0188336 0.999378 14.9483 0.0252243 0.999518 -0.0180837 -3.0361 -0.999237 0.0246694 -0.0302758 112.682 
-0.0309734 0.0177417 0.999363 15.7453 0.0243057 0.99956 -0.0169918 -3.06093 -0.999225 0.0237639 -0.031391 112.671 
-0.0319473 0.0151016 0.999376 16.5513 0.0267718 0.99954 -0.0142482 -3.08339 -0.999131 0.0262999 -0.0323369 112.653 
-0.0330863 0.0136952 0.999359 17.3828 0.0282167 0.99952 -0.0127631 -3.10316 -0.999054 0.0277763 -0.0334568 112.633 
-0.0348891 0.0127103 0.99931 18.2109 0.0255978 0.999602 -0.0118203 -3.13154 -0.999063 0.0251678 -0.0352006 112.622 
-0.0356738 0.0174627 0.999211 19.0413 0.0228439 0.9996 -0.0166539 -3.15324 -0.999102 0.0222317 -0.0360585 112.606 
-0.0364649 0.0221247 0.99909 19.8788 0.0239988 0.999486 -0.0212575 -3.17709 -0.999047 0.0232018 -0.0369771 112.588 
-0.0375174 0.0237253 0.999014 20.7205 0.0243218 0.999444 -0.0228221 -3.20551 -0.999 0.0234416 -0.0380736 112.572 
-0.038928 0.0215293 0.99901 21.5715 0.0208378 0.999568 -0.0207293 -3.2349 -0.999025 0.0200102 -0.0393598 112.557 
-0.0400633 0.0172011 0.999049 22.4245 0.0180259 0.999702 -0.0164895 -3.26681 -0.999035 0.0173481 -0.0403614 112.545 
-0.0402434 0.0118546 0.99912 23.2789 0.0165326 0.999801 -0.0111967 -3.29502 -0.999053 0.0160674 -0.0404314 112.526 
-0.0403414 0.00624846 0.999166 24.134 0.0130601 0.999898 -0.00572569 -3.3172 -0.999101 0.0128182 -0.0404189 112.507 
-0.0401783 0.00483596 0.999181 24.9802 0.0104605 0.999936 -0.00441895 -3.34212 -0.999138 0.0102744 -0.0402263 112.493 
-0.0392208 0.0116424 0.999163 25.8237 0.0133773 0.999849 -0.0111252 -3.36992 -0.999141 0.0129298 -0.0393706 112.474 
-0.0380032 0.022769 0.999018 26.6563 0.0156095 0.999632 -0.0221892 -3.39346 -0.999156 0.0147509 -0.0383446 112.452 
-0.0373971 0.0280642 0.998906 27.4953 0.0174256 0.999472 -0.0274276 -3.41507 -0.999149 0.0163808 -0.0378664 112.433 
-0.0359068 0.0225192 0.999101 28.3336 0.0191392 0.999578 -0.0218421 -3.4481 -0.999172 0.0183377 -0.0363226 112.412 
-0.0348003 0.0146594 0.999287 29.1798 0.0221982 0.999657 -0.0138917 -3.48104 -0.999148 0.0216989 -0.0351137 112.391 
-0.0342468 0.0116733 0.999345 30.0077 0.0231887 0.999672 -0.0108824 -3.50712 -0.999144 0.0228008 -0.0345063 112.375 
-0.034272 0.0123028 0.999337 30.8346 0.0220427 0.99969 -0.0115511 -3.53277 -0.999169 0.0216322 -0.0345326 112.36 
-0.0351686 0.0132286 0.999294 31.6535 0.0191857 0.999737 -0.0125593 -3.55865 -0.999197 0.0187305 -0.0354132 112.351 
-0.0368859 0.0133968 0.99923 32.4696 0.0171624 0.999771 -0.0127705 -3.58345 -0.999172 0.0166781 -0.0371074 112.337 
-0.0388453 0.0133069 0.999157 33.2854 0.0170997 0.999774 -0.0126503 -3.61239 -0.999099 0.0165939 -0.0390641 112.317 
-0.0410146 0.0136777 0.999065 34.0992 0.0159928 0.999787 -0.013031 -3.63838 -0.999031 0.0154434 -0.0412246 112.303 
-0.0431219 0.0139968 0.998972 34.9066 0.0142217 0.999809 -0.0133946 -3.66232 -0.998969 0.0136295 -0.0433127 112.287 
-0.0451622 0.01313 0.998893 35.7122 0.0123678 0.999844 -0.0125832 -3.68769 -0.998903 0.0117859 -0.0453176 112.267 
-0.0471265 0.0118744 0.998818 36.5069 0.0132566 0.999849 -0.0112612 -3.71682 -0.998801 0.0127103 -0.0472768 112.244 
-0.0487728 0.0118857 0.998739 37.2997 0.0132161 0.999849 -0.0112535 -3.74473 -0.998722 0.0126506 -0.0489225 112.216 
-0.0505552 0.0128839 0.998638 38.0847 0.0131286 0.999839 -0.0122348 -3.76866 -0.998635 0.0124922 -0.0507162 112.189 
-0.0514315 0.0131021 0.998591 38.8671 0.0136514 0.99983 -0.0124152 -3.79408 -0.998583 0.0129937 -0.0516016 112.162 
-0.0525475 0.0120048 0.998546 39.6509 0.0157145 0.999814 -0.0111931 -3.81685 -0.998495 0.0151035 -0.0527264 112.133 
-0.0539724 0.0111793 0.99848 40.426 0.0159901 0.999819 -0.0103299 -3.84453 -0.998414 0.0154083 -0.0541413 112.104 
-0.0550981 0.0107236 0.998423 41.1953 0.0145384 0.999845 -0.00993651 -3.86874 -0.998375 0.013968 -0.0552455 112.076 
-0.0562211 0.00992957 0.998369 41.9502 0.0129959 0.999873 -0.00921265 -3.88998 -0.998334 0.0124568 -0.056343 112.051 
-0.0570101 0.00857827 0.998337 42.6928 0.0118368 0.999899 -0.00791571 -3.91309 -0.998303 0.0113658 -0.0571058 112.025 
-0.057806 0.00842125 0.998292 43.4073 0.0120564 0.999897 -0.00773662 -3.93398 -0.998255 0.0115886 -0.0579016 112 
-0.0578652 0.0109319 0.998265 44.1136 0.0124769 0.99987 -0.0102262 -3.95785 -0.998246 0.0118635 -0.0579941 111.971 
-0.0576544 0.0137351 0.998242 44.8191 0.0125867 0.999836 -0.01303 -3.98045 -0.998257 0.0118133 -0.0578178 111.94 
-0.0575606 0.0152263 0.998226 45.5219 0.0106405 0.999836 -0.0146373 -4.00462 -0.998285 0.00977905 -0.0577132 111.913 
-0.0574882 0.0160789 0.998217 46.2204 0.01132 0.999817 -0.0154527 -4.02782 -0.998282 0.0104115 -0.0576596 111.884 
-0.0571299 0.0159006 0.99824 46.915 0.0127395 0.999803 -0.0151963 -4.05056 -0.998286 0.0118489 -0.0573212 111.851 
-0.0572336 0.0154618 0.998241 47.6071 0.0137446 0.999798 -0.0146978 -4.07323 -0.998266 0.0128792 -0.0574345 111.82 
-0.0573916 0.0156527 0.998229 48.2941 0.010012 0.999836 -0.0151022 -4.09577 -0.998302 0.00912756 -0.0575389 111.797 
-0.0570668 0.0157084 0.998247 48.9786 0.00750573 0.999855 -0.0153046 -4.12283 -0.998342 0.00661918 -0.0571764 111.774 
-0.0567775 0.0144469 0.998282 49.665 0.00982457 0.999855 -0.0139109 -4.14454 -0.998339 0.00901787 -0.0569112 111.744 
-0.0577331 0.0139515 0.998235 50.3454 0.0101877 0.999859 -0.0133849 -4.1634 -0.99828 0.00939698 -0.0578671 111.716 
-0.0612366 0.0133323 0.998034 51.0204 0.00696467 0.999892 -0.0129297 -4.18799 -0.998099 0.0061592 -0.0613228 111.691 
-0.0664305 0.0129037 0.997708 51.6968 0.00294929 0.999915 -0.0127358 -4.21146 -0.997787 0.00209648 -0.0664629 111.664 
-0.0721579 0.0167802 0.997252 52.3682 0.00669445 0.999844 -0.0163394 -4.23057 -0.997371 0.00549704 -0.072259 111.622 
-0.0786525 0.0197383 0.996707 53.0439 0.0090276 0.999777 -0.0190866 -4.24893 -0.996861 0.00749665 -0.0788132 111.573 
-0.0860801 0.0214007 0.996058 53.7124 0.00840019 0.999749 -0.020754 -4.27113 -0.996253 0.00658057 -0.0862383 111.527 
-0.0922025 0.020627 0.995527 54.3948 0.0047657 0.999783 -0.0202737 -4.29555 -0.995729 0.00287509 -0.0922809 111.479 
-0.0975556 0.0195388 0.995038 55.084 0.00453064 0.999806 -0.0191882 -4.31866 -0.99522 0.00263624 -0.0976252 111.425 
-0.102155 0.0203292 0.994561 55.7812 0.00251677 0.999793 -0.0201776 -4.33851 -0.994765 0.00044183 -0.102185 111.37 
-0.106119 0.0197206 0.994158 56.4818 0.000357922 0.999804 -0.0197943 -4.35979 -0.994353 -0.00174473 -0.106105 111.312 
-0.108882 0.0165418 0.993917 57.2009 0.00106761 0.999863 -0.0165238 -4.38196 -0.994054 -0.000738031 -0.108885 111.249 
-0.110619 0.013378 0.993773 57.9134 0.00305946 0.999909 -0.01312 -4.4031 -0.993858 0.00158909 -0.11065 111.18 
-0.111928 0.0105359 0.993661 58.6379 0.00285082 0.999943 -0.0102814 -4.42584 -0.993712 0.00168197 -0.111951 111.11 
-0.113161 0.0103944 0.993522 59.3619 0.00192371 0.999946 -0.0102424 -4.44349 -0.993575 0.0007522 -0.113175 111.043 
-0.113394 0.0140885 0.99345 60.0897 0.00382264 0.999898 -0.0137436 -4.46293 -0.993543 0.00223916 -0.113437 110.97 
-0.113277 0.0180556 0.993399 60.8311 0.00968491 0.999807 -0.0170677 -4.48443 -0.993516 0.00768761 -0.11343 110.889 
-0.113516 0.0228094 0.993274 61.5733 0.0171611 0.999632 -0.0209941 -4.51041 -0.993388 0.0146625 -0.113865 110.802 
-0.114131 0.0241575 0.993172 62.3255 0.0180638 0.99959 -0.0222378 -4.53249 -0.993302 0.0154025 -0.11452 110.725 
-0.114319 0.0218516 0.993204 63.0807 0.0160692 0.999668 -0.0201442 -4.55936 -0.993314 0.0136571 -0.114633 110.654 
-0.114081 0.0170467 0.993325 63.8333 0.0164464 0.999748 -0.0152681 -4.58554 -0.993335 0.0145948 -0.114333 110.579 
-0.11375 0.0149109 0.993398 64.5833 0.0186898 0.999743 -0.012866 -4.61238 -0.993334 0.0171028 -0.114 110.499 
-0.114617 0.0145292 0.993304 65.3353 0.0188946 0.999744 -0.0124431 -4.63727 -0.99323 0.0173419 -0.114862 110.421 
-0.116281 0.0153454 0.993098 66.0812 0.0175287 0.999757 -0.0133959 -4.66293 -0.993062 0.01585 -0.116521 110.35 
-0.118363 0.016002 0.992841 66.8249 0.0167484 0.99976 -0.0141168 -4.68509 -0.992829 0.0149576 -0.118603 110.274 
-0.120297 0.0162346 0.992605 67.5698 0.018245 0.999734 -0.01414 -4.70883 -0.99257 0.0164091 -0.120561 110.193 
-0.121975 0.0163687 0.992398 68.311 0.0186639 0.999725 -0.0141956 -4.73284 -0.992358 0.0167905 -0.122247 110.111 
-0.123835 0.0160048 0.992174 69.0571 0.0183863 0.999735 -0.0138319 -4.75564 -0.992132 0.0165296 -0.124097 110.031 
-0.125416 0.0163035 0.99197 69.8101 0.0162529 0.999765 -0.0143767 -4.7795 -0.991971 0.0143193 -0.125652 109.954 
-0.126565 0.0177142 0.9918 70.5755 0.0165481 0.999739 -0.0157443 -4.80525 -0.99182 0.0144198 -0.126825 109.873 
-0.127428 0.0181198 0.991682 71.3403 0.0156171 0.999746 -0.0162603 -4.82885 -0.991725 0.0134152 -0.127679 109.791 
-0.128751 0.0185682 0.991503 72.112 0.01553 0.99974 -0.0167058 -4.84825 -0.991555 0.0132471 -0.129006 109.709 
-0.129923 0.016901 0.99138 72.8942 0.0158863 0.999762 -0.0149619 -4.87193 -0.991397 0.0138054 -0.13016 109.624 
-0.131035 0.0147349 0.991268 73.6829 0.0137963 0.99982 -0.0130383 -4.89395 -0.991282 0.0119674 -0.131214 109.542 
-0.132748 0.0129286 0.991066 74.4788 0.0110611 0.999872 -0.0115619 -4.9123 -0.991088 0.00942744 -0.132874 109.456 
-0.134872 0.0123117 0.990787 75.2719 0.0124534 0.999865 -0.0107293 -4.93467 -0.990785 0.0108916 -0.135007 109.362 
-0.136642 0.0129817 0.990535 76.069 0.0136233 0.999844 -0.0112243 -4.95486 -0.990527 0.0119606 -0.136798 109.266 
-0.138831 0.0142298 0.990214 76.8757 0.013151 0.999835 -0.0125242 -4.97556 -0.990229 0.0112836 -0.138995 109.169 
-0.140252 0.0179231 0.989954 77.6848 0.014772 0.999763 -0.0160078 -4.99839 -0.990006 0.0123784 -0.140483 109.067 
-0.140791 0.0217443 0.989801 78.4948 0.0167245 0.999668 -0.0195821 -5.02551 -0.989898 0.0137969 -0.141108 108.966 
-0.141822 0.0256763 0.989559 79.3133 0.0179201 0.999566 -0.0233676 -5.05293 -0.98973 0.014419 -0.142221 108.863 
-0.141569 0.0269136 0.989563 80.1445 0.020127 0.999502 -0.0243045 -5.08034 -0.989724 0.0164762 -0.14204 108.758 
-0.1411 0.026229 0.989648 80.9817 0.0239453 0.999447 -0.0230746 -5.11191 -0.989706 0.0204415 -0.14165 108.651 
-0.140977 0.0244552 0.989711 81.8284 0.0244626 0.999476 -0.021212 -5.14116 -0.989711 0.0212205 -0.141502 108.547 
-0.140227 0.0228833 0.989855 82.6739 0.0239037 0.99952 -0.0197203 -5.17104 -0.989831 0.0208958 -0.140707 108.443 
-0.138505 0.0203881 0.990152 83.5264 0.0230856 0.999583 -0.017353 -5.20012 -0.990093 0.0204548 -0.138918 108.345 
-0.136878 0.0172032 0.990439 84.3868 0.023574 0.999623 -0.0141047 -5.22786 -0.990307 0.021418 -0.137231 108.244 
-0.135347 0.0139006 0.990701 85.245 0.0241653 0.99965 -0.0107248 -5.25275 -0.990504 0.022489 -0.135636 108.144 
-0.133765 0.013782 0.990917 86.1053 0.0225471 0.999687 -0.0108603 -5.27846 -0.990757 0.0208896 -0.134034 108.05 
-0.132473 0.017795 0.991027 86.9604 0.0233156 0.999618 -0.0148326 -5.30879 -0.990912 0.0211415 -0.132837 107.954 
-0.13041 0.0240306 0.991169 87.8122 0.0240495 0.999489 -0.021068 -5.33631 -0.991168 0.0210897 -0.130921 107.853 
-0.12907 0.0274825 0.991255 88.6659 0.0219774 0.99945 -0.024848 -5.3656 -0.991392 0.0185781 -0.129602 107.761 
-0.127608 0.0250166 0.991509 89.5239 0.020538 0.999534 -0.0225757 -5.39811 -0.991612 0.0174827 -0.128062 107.667 
-0.126327 0.0224289 0.991735 90.3848 0.0208392 0.999584 -0.0199519 -5.43108 -0.99177 0.0181465 -0.126742 107.572 
-0.125658 0.0208933 0.991854 91.2597 0.0218761 0.999594 -0.0182848 -5.46101 -0.991832 0.0194003 -0.126064 107.477 
-0.124907 0.020538 0.991956 92.1276 0.0207329 0.999621 -0.018086 -5.4916 -0.991952 0.0183071 -0.125286 107.386 
-0.124177 0.0203144 0.992052 92.9943 0.0203692 0.999632 -0.01792 -5.52756 -0.992051 0.0179821 -0.124545 107.289 
-0.123321 0.0185471 0.992194 93.8634 0.0229691 0.999611 -0.0158309 -5.55678 -0.992101 0.0208375 -0.123699 107.192 
-0.121934 0.0178208 0.992378 94.7332 0.0256176 0.999562 -0.0148021 -5.58877 -0.992208 0.0236175 -0.122337 107.091 
-0.121142 0.0190727 0.992452 95.6017 0.0276946 0.999491 -0.0158275 -5.61944 -0.992249 0.0255682 -0.121609 106.996 
-0.120127 0.0211993 0.992532 96.4673 0.0285385 0.999433 -0.0178926 -5.64998 -0.992348 0.026176 -0.120664 106.902 
-0.119286 0.0226226 0.992602 97.3376 0.0257688 0.999474 -0.0196824 -5.6829 -0.992526 0.0232303 -0.119806 106.816 
-0.118508 0.0184988 0.992781 98.1992 0.0208389 0.999653 -0.0161392 -5.71139 -0.992734 0.0187758 -0.118853 106.733 
-0.118364 0.0163926 0.992835 99.0645 0.0163575 0.99976 -0.0145568 -5.7445 -0.992836 0.0145173 -0.118604 106.648 
-0.119319 0.016701 0.992716 99.9101 0.0128789 0.9998 -0.0152722 -5.77599 -0.992773 0.0109628 -0.11951 106.564 
-0.12046 0.0212994 0.99249 100.754 0.00978801 0.999747 -0.0202671 -5.80755 -0.99267 0.00727313 -0.120638 106.482 
-0.12113 0.0237922 0.992351 101.595 0.0090141 0.999698 -0.022868 -5.83811 -0.992596 0.00617515 -0.121308 106.395 
-0.121477 0.0242441 0.992298 102.435 0.0097197 0.999683 -0.0232346 -5.87178 -0.992547 0.00682237 -0.121674 106.305 
-0.121526 0.023676 0.992306 103.267 0.0113311 0.999683 -0.0224643 -5.90766 -0.992524 0.00851393 -0.121755 106.212 
-0.121959 0.0244318 0.992234 104.093 0.0126853 0.999654 -0.0230552 -5.94082 -0.992454 0.00977502 -0.122226 106.122 
-0.122277 0.0274521 0.992116 104.912 0.0140883 0.999565 -0.0259218 -5.97839 -0.992396 0.0108076 -0.122611 106.034 
-0.122671 0.0289158 0.992026 105.726 0.0138694 0.999528 -0.0274194 -6.01371 -0.992351 0.0103953 -0.123014 105.945 
-0.123818 0.0293733 0.99187 106.539 0.0123737 0.99953 -0.0280554 -6.04685 -0.992228 0.00879935 -0.124123 105.863 
-0.125921 0.0282222 0.991639 107.347 0.0107313 0.999576 -0.0270853 -6.08504 -0.991982 0.00723098 -0.126171 105.777 
-0.128979 0.0293894 0.991212 108.147 0.0106643 0.999544 -0.0282487 -6.12371 -0.99159 0.00692706 -0.129234 105.687 
-0.132282 0.0319729 0.990696 108.94 0.0101809 0.999471 -0.0308966 -6.16294 -0.99116 0.00599915 -0.132537 105.597 
-0.135511 0.0333833 0.990213 109.727 0.00869429 0.999434 -0.0325043 -6.19894 -0.990738 0.00420451 -0.135724 105.505 
-0.138752 0.0335595 0.989758 110.512 0.00910612 0.999427 -0.0326108 -6.23598 -0.990285 0.00448805 -0.138978 105.41 
-0.141568 0.0320611 0.989409 111.295 0.0104071 0.999468 -0.0308979 -6.27695 -0.989874 0.00592274 -0.141826 105.311 
-0.144008 0.0330538 0.989024 112.072 0.0120112 0.999427 -0.0316525 -6.31526 -0.989504 0.00732111 -0.144323 105.207 
-0.145885 0.037499 0.988591 112.845 0.00749924 0.999295 -0.0367983 -6.35677 -0.989273 0.00204534 -0.146064 105.114 
-0.147611 0.0443427 0.988051 113.614 0.00505042 0.999015 -0.0440803 -6.40244 -0.989033 -0.00151668 -0.14769 105.018 
-0.150068 0.0473125 0.987543 114.378 0.00945373 0.998877 -0.0464188 -6.44253 -0.98863 0.00236996 -0.150347 104.908 
-0.152665 0.0455118 0.987229 115.149 0.0116496 0.998953 -0.0442507 -6.48338 -0.988209 0.00474531 -0.153036 104.796 
-0.15579 0.0376118 0.987074 115.926 0.0099679 0.999284 -0.0365037 -6.5321 -0.98774 0.00415212 -0.156053 104.69 
-0.157943 0.0354708 0.986811 116.696 0.00900932 0.999365 -0.03448 -6.57795 -0.987407 0.00344462 -0.158162 104.582 
-0.159423 0.0383771 0.986464 117.456 0.00862039 0.99926 -0.0374817 -6.61871 -0.987173 0.00252826 -0.159636 104.469 
-0.162198 0.0419021 0.985868 118.209 0.00608682 0.999122 -0.041464 -6.65807 -0.98674 -0.00072457 -0.16231 104.362 
-0.164598 0.0444821 0.985357 118.955 0.00554878 0.999009 -0.0441714 -6.70205 -0.986345 -0.001803 -0.164682 104.25 
-0.166231 0.0485182 0.984893 119.696 0.00936416 0.998821 -0.0476239 -6.7521 -0.986042 0.00130613 -0.166489 104.13 
-0.168152 0.0531159 0.984329 120.441 0.00976457 0.998588 -0.0522173 -6.79716 -0.985713 0.000831104 -0.168433 104.018 
-0.171344 0.0555126 0.983646 121.19 0.00896367 0.998458 -0.0547871 -6.84125 -0.985171 -0.000570361 -0.171577 103.91 
-0.173651 0.0532262 0.983368 121.939 0.0099061 0.998582 -0.0523004 -6.8892 -0.984757 0.00065931 -0.173932 103.793 
-0.177415 0.0498209 0.982874 122.681 0.0139834 0.998745 -0.0481012 -6.93844 -0.984037 0.00521002 -0.177889 103.664 
-0.183077 0.0482544 0.981914 123.422 0.0161645 0.998807 -0.0460708 -6.98801 -0.982966 0.00743765 -0.183638 103.536 
-0.189279 0.0471143 0.980792 124.156 0.014954 0.998871 -0.0450967 -7.03327 -0.981809 0.00613088 -0.18977 103.41 
-0.197661 0.0473433 0.979127 124.885 0.0139221 0.998868 -0.0454873 -7.08086 -0.980172 0.00464045 -0.198096 103.275 
-0.208413 0.0477101 0.976877 125.608 0.0133141 0.998855 -0.045943 -7.1271 -0.97795 0.00343114 -0.20881 103.135 
-0.220196 0.048556 0.974246 126.323 0.0137793 0.998816 -0.0466662 -7.17256 -0.975358 0.00314877 -0.220604 102.98 
-0.232595 0.0494011 0.971318 127.037 0.0150554 0.998772 -0.0471921 -7.21806 -0.972457 0.00364688 -0.233053 102.816 
-0.244233 0.0494487 0.968455 127.746 0.0182543 0.998757 -0.0463924 -7.26167 -0.969545 0.00634793 -0.244832 102.64 
-0.255072 0.0496481 0.965647 128.449 0.0215378 0.998725 -0.0456596 -7.305 -0.966682 0.00915146 -0.255816 102.453 
-0.26517 0.0495803 0.962926 129.152 0.0253213 0.998691 -0.0444488 -7.34847 -0.963869 0.012596 -0.266079 102.263 
-0.273899 0.0500649 0.960455 129.849 0.030994 0.998585 -0.0432137 -7.39362 -0.961259 0.0179322 -0.275063 102.064 
-0.281463 0.0500763 0.958265 130.54 0.0362022 0.998481 -0.0415444 -7.4381 -0.958889 0.0229981 -0.282848 101.861 
-0.287751 0.0502133 0.956388 131.231 0.0364807 0.998475 -0.0414469 -7.48115 -0.95701 0.0229633 -0.289144 101.663 
-0.292371 0.0484389 0.955078 131.918 0.040398 0.99845 -0.0382719 -7.51941 -0.955451 0.0273936 -0.293875 101.457 
-0.294277 0.0457697 0.954624 132.607 0.0462407 0.998365 -0.0336125 -7.55515 -0.954601 0.034251 -0.295912 101.244 
-0.295274 0.0443874 0.954381 133.285 0.0526418 0.998159 -0.0301367 -7.59211 -0.953961 0.0413417 -0.297067 101.033 
-0.296023 0.0428125 0.954221 133.959 0.0550567 0.998099 -0.0277012 -7.62984 -0.953593 0.044336 -0.297817 100.829 
-0.295728 0.0480805 0.954061 134.621 0.0572618 0.997829 -0.0325368 -7.6645 -0.953554 0.0450092 -0.297839 100.632 
-0.294321 0.0512827 0.95433 135.285 0.0572849 0.997711 -0.0359468 -7.69921 -0.953988 0.0440888 -0.296585 100.436 
-0.293407 0.0511947 0.954616 135.947 0.0593181 0.997616 -0.0352688 -7.73282 -0.954145 0.0462779 -0.295745 100.241 
-0.29174 0.0497378 0.955204 136.607 0.060599 0.997602 -0.0334372 -7.76701 -0.954576 0.0481295 -0.294054 100.049 
-0.28968 0.0468802 0.955975 137.265 0.0628167 0.997578 -0.0298856 -7.80661 -0.95506 0.0513939 -0.291923 99.8538 
-0.288561 0.0474202 0.956287 137.909 0.063536 0.99752 -0.0302927 -7.84435 -0.955351 0.0520173 -0.290858 99.6717 
-0.28596 0.0498794 0.956943 138.548 0.0648207 0.997364 -0.0326162 -7.87609 -0.956047 0.0527028 -0.288439 99.4889 
-0.281679 0.0512607 0.958139 139.185 0.0661152 0.997235 -0.0339155 -7.9104 -0.957228 0.0537942 -0.284289 99.3107 
-0.276274 0.0504635 0.959753 139.82 0.0673507 0.997182 -0.0330439 -7.94393 -0.958716 0.0555109 -0.278895 99.1376 
-0.27088 0.0487318 0.961379 140.453 0.0688863 0.997139 -0.0311348 -7.97932 -0.960145 0.057792 -0.273462 98.9696 
-0.26615 0.0466997 0.9628 141.077 0.0686964 0.997205 -0.0293785 -8.01318 -0.961481 0.0583217 -0.268614 98.8073 
-0.262237 0.0458409 0.963914 141.698 0.0686717 0.997225 -0.0287426 -8.04663 -0.962557 0.0586562 -0.264657 98.6517 
-0.258346 0.0444491 0.965029 142.32 0.0693919 0.997214 -0.0273547 -8.07521 -0.963557 0.0598982 -0.260711 98.4971 
-0.254663 0.0430822 0.96607 142.938 0.0726701 0.997035 -0.0253067 -8.1035 -0.964296 0.0637597 -0.257039 98.3435 
-0.251031 0.0414933 0.967089 143.552 0.0744127 0.996952 -0.0234589 -8.1298 -0.965115 0.0660748 -0.253354 98.1921 
-0.247635 0.040047 0.968025 144.156 0.0726647 0.997099 -0.022661 -8.16096 -0.966125 0.0647296 -0.249827 98.0504 
-0.244128 0.040819 0.968884 144.751 0.0696017 0.997275 -0.0244777 -8.19276 -0.967242 0.0614603 -0.246303 97.9179 
-0.239769 0.0444035 0.969814 145.344 0.0707646 0.997096 -0.0281573 -8.21855 -0.968248 0.0618773 -0.242214 97.7872 
-0.234133 0.0475654 0.97104 145.932 0.0724381 0.99688 -0.0313651 -8.24525 -0.969502 0.0629967 -0.236848 97.6564 
-0.227514 0.0485485 0.972564 146.519 0.0716237 0.996885 -0.0330075 -8.27359 -0.971137 0.062149 -0.230283 97.5346 
-0.219082 0.0468742 0.97458 147.11 0.0683036 0.997132 -0.0326045 -8.30575 -0.973313 0.0594243 -0.221655 97.4207 
