1 2.12261e-08 -2.11895e-08 0 2.12261e-08 1 2.10703e-08 0 -2.11895e-08 2.10703e-08 1 0 
0.999998 0.000726921 0.00177734 -0.0234025 -0.000725273 0.999999 -0.000903371 -0.0213506 -0.00177804 0.000902122 0.999998 1.212 
0.999995 0.000931516 0.0030219 -0.0408597 -0.00092999 0.999999 -0.00049232 -0.0407482 -0.0030224 0.00048955 0.999995 2.41981 
0.999992 0.000199751 0.00399011 -0.055587 -0.000199039 1 -0.000168119 -0.0629595 -0.00399019 0.000167365 0.999992 3.62415 
0.99999 -0.000296527 0.00456944 -0.0692726 0.00029687 1 -6.50891e-05 -0.0832645 -0.00456946 6.6487e-05 0.99999 4.83012 
0.999986 -0.000586016 0.00535006 -0.0819254 0.000585692 1 7.01482e-05 -0.10567 -0.00535014 -6.69716e-05 0.999986 6.0402 
0.999982 -0.000280952 0.00593049 -0.0926935 0.000287017 0.999999 -0.0010147 -0.126547 -0.00593024 0.00101643 0.999982 7.24832 
0.999979 -0.000729159 0.0063776 -0.0971624 0.000738763 0.999999 -0.00149697 -0.14414 -0.00637654 0.00150169 0.999979 8.46221 
0.99998 -0.0012723 0.00622299 -0.104401 0.00127261 0.999999 -3.87984e-05 -0.164085 -0.00622298 4.67591e-05 0.999981 9.67019 
0.999985 -0.00197055 0.00507966 -0.126169 0.00196662 0.999998 0.000786364 -0.181293 -0.00508124 -0.000776321 0.999987 10.8918 
0.999992 -0.00313923 0.00266013 -0.144395 0.00313871 0.999995 0.000217036 -0.200347 -0.00266084 -0.000208643 0.999996 12.106 
0.999996 -0.00286355 0.000599881 -0.167781 0.00286377 0.999996 -0.000295824 -0.21958 -0.000599073 0.000297583 1 13.3127 
0.999997 -0.0025097 -0.000726601 -0.190306 0.00250939 0.999997 -0.000488836 -0.24071 0.000727783 0.000487054 1 14.5235 
0.999999 -0.00122829 -0.00119388 -0.223938 0.00122752 0.999999 -0.000682131 -0.263173 0.00119468 0.000680707 0.999999 15.7461 
0.999997 -0.00166617 -0.00184208 -0.247442 0.00166472 0.999998 -0.000810523 -0.28142 0.00184338 0.000807496 0.999998 16.9629 
0.999995 -0.00228115 -0.002299 -0.278185 0.00228062 0.999997 -0.000247774 -0.304815 0.00229952 0.000242572 0.999997 18.1795 
0.999991 -0.00290421 -0.00302055 -0.297859 0.00290473 0.999996 0.000154696 -0.333164 0.00302004 -0.000163426 0.999995 19.3943 
0.99999 -0.00270741 -0.00345249 -0.330956 0.0027049 0.999996 -0.000744514 -0.354985 0.00345445 0.00073521 0.999994 20.6131 
0.999989 -0.00290255 -0.00382239 -0.366577 0.0028964 0.999995 -0.00162476 -0.373976 0.00382705 0.00161372 0.999991 21.8129 
0.999987 -0.00225563 -0.00463878 -0.396976 0.00225065 0.999997 -0.00108734 -0.395843 0.00464117 0.00107692 0.999989 23.0177 
0.999983 -0.00236278 -0.00534841 -0.426413 0.0023565 0.999997 -0.001188 -0.417435 0.00535116 0.00117542 0.999985 24.2284 
0.999977 -0.00238671 -0.00628402 -0.456353 0.00237513 0.999995 -0.00185656 -0.441044 0.00628838 0.00184164 0.999979 25.4257 
0.999973 -0.00174327 -0.00710135 -0.487118 0.00173529 0.999998 -0.00113516 -0.462868 0.00710327 0.00112285 0.999974 26.6322 
0.999963 -0.00310751 -0.00797795 -0.511641 0.00311213 0.999995 0.000561743 -0.482561 0.00797613 -0.000586508 0.999968 27.8389 
0.999953 -0.00334339 -0.00909558 -0.540022 0.00335051 0.999994 0.00076342 -0.503402 0.00909293 -0.000793817 0.999958 29.0479 
0.999941 -0.00427451 -0.00997189 -0.571106 0.00427395 0.999991 -8.18489e-05 -0.525505 0.00997211 3.92672e-05 0.99995 30.2497 
0.999927 -0.0048983 -0.011008 -0.603158 0.00488723 0.999988 -0.00103673 -0.549231 0.0110129 0.000982898 0.999939 31.4582 
0.999922 -0.00438233 -0.0117081 -0.636661 0.00437162 0.99999 -0.000944428 -0.57151 0.011712 0.000893213 0.999931 32.6582 
0.999912 -0.00508877 -0.0122614 -0.672186 0.00508466 0.999987 -0.000369613 -0.591836 0.012263 0.000307278 0.999925 33.8671 
0.999902 -0.00536954 -0.0129207 -0.712123 0.00536899 0.999986 -8.06816e-05 -0.610285 0.0129209 1.13454e-05 0.999917 35.0765 
0.999891 -0.0059349 -0.0134909 -0.748987 0.00593316 0.999982 -0.000172328 -0.633229 0.0134917 9.23076e-05 0.999909 36.2883 
0.999877 -0.00663313 -0.0142027 -0.786879 0.00663175 0.999978 -0.000146968 -0.656037 0.0142033 5.28036e-05 0.999899 37.4868 
0.999867 -0.00773906 -0.0143537 -0.824785 0.00774625 0.99997 0.000442289 -0.677434 0.0143498 -0.000553375 0.999897 38.6958 
0.999868 -0.00761825 -0.0143682 -0.862295 0.00764439 0.999969 0.00176226 -0.700424 0.0143543 -0.00187182 0.999895 39.9109 
0.999872 -0.00714446 -0.0142957 -0.904148 0.00718107 0.999971 0.00250838 -0.717295 0.0142773 -0.00261068 0.999895 41.1343 
0.99988 -0.00636305 -0.0141126 -0.946236 0.00639211 0.999978 0.00201189 -0.735426 0.0140994 -0.00210182 0.999898 42.3589 
0.999892 -0.00540486 -0.0136791 -0.989956 0.00543239 0.999983 0.00197303 -0.753845 0.0136681 -0.00204708 0.999905 43.5789 
0.999912 -0.00277797 -0.0130079 -1.03171 0.00282711 0.999989 0.00375766 -0.772393 0.0129972 -0.00379406 0.999908 44.8027 
0.99993 -0.00309244 -0.0114236 -1.06894 0.0031719 0.999971 0.00694055 -0.792009 0.0114017 -0.00697626 0.999911 46.0142 
0.999949 -0.00276029 -0.00973554 -1.10372 0.00285449 0.999949 0.00967139 -0.804116 0.00970831 -0.00969864 0.999906 47.2306 
0.999965 -0.00226017 -0.0080762 -1.13726 0.00236542 0.999912 0.0130411 -0.811256 0.00804598 -0.0130597 0.999882 48.4506 
0.999972 -0.00339768 -0.00667122 -1.16973 0.00349283 0.999892 0.0142979 -0.817631 0.00662187 -0.0143208 0.999876 49.6607 
0.999971 -0.0056366 -0.00519659 -1.1955 0.00570298 0.999901 0.0128407 -0.823078 0.00512366 -0.01287 0.999904 50.8722 
0.999979 -0.00482045 -0.00424736 -1.22075 0.00486766 0.999926 0.0111643 -0.828991 0.00419319 -0.0111847 0.999929 52.0855 
0.999985 -0.00429396 -0.00340463 -1.24814 0.00432969 0.999935 0.010544 -0.832991 0.00335909 -0.0105585 0.999939 53.2977 
0.999983 -0.00477616 -0.00341566 -1.27259 0.0048105 0.999937 0.0101041 -0.842362 0.00336714 -0.0101203 0.999943 54.508 
0.999975 -0.00558705 -0.00433983 -1.29544 0.00562654 0.999943 0.00913063 -0.852108 0.00428853 -0.00915478 0.999949 55.7286 
0.999969 -0.00540562 -0.0057437 -1.32874 0.00545985 0.99994 0.00946102 -0.860694 0.00569217 -0.00949205 0.999939 56.953 
0.999961 -0.00546428 -0.00696583 -1.36246 0.00553852 0.999928 0.0106781 -0.868611 0.00690693 -0.0107162 0.999919 58.1711 
0.999951 -0.00586127 -0.00795544 -1.39406 0.00594877 0.999922 0.0110153 -0.879631 0.00789021 -0.0110621 0.999908 59.389 
0.99995 -0.00493747 -0.00870937 -1.43071 0.00503132 0.999929 0.0107819 -0.889922 0.00865548 -0.0108252 0.999904 60.5936 
0.999947 -0.0045694 -0.00923136 -1.46544 0.00466772 0.999932 0.0106524 -0.898169 0.00918202 -0.0106949 0.999901 61.8095 
0.999942 -0.0053187 -0.00936126 -1.49825 0.00541439 0.999933 0.0102216 -0.910551 0.00930622 -0.0102717 0.999904 63.0331 
0.999934 -0.00647241 -0.00949555 -1.52428 0.00655888 0.999937 0.00909944 -0.918235 0.00943601 -0.00916108 0.999914 64.2593 
0.999929 -0.00682537 -0.00980507 -1.56063 0.00692778 0.999922 0.0104443 -0.931022 0.00973297 -0.0105114 0.999897 65.4629 
0.999926 -0.00697411 -0.00994247 -1.59681 0.00709491 0.999901 0.0121622 -0.942701 0.00985662 -0.0122318 0.999877 66.6684 
0.999927 -0.0067077 -0.0100959 -1.63121 0.00681357 0.999922 0.0104846 -0.953629 0.0100248 -0.0105526 0.999894 67.8754 
0.999941 -0.0047682 -0.00974037 -1.67065 0.00485793 0.999946 0.00920479 -0.960042 0.00969591 -0.00925153 0.99991 69.1021 
0.999953 -0.00264646 -0.00937827 -1.71465 0.00273565 0.999951 0.00950591 -0.970141 0.00935261 -0.00953107 0.999911 70.2992 
0.99996 -0.000770134 -0.00886081 -1.7537 0.000856955 0.999952 0.00979394 -0.981384 0.0088528 -0.00980111 0.999913 71.5029 
0.999963 0.000894732 -0.00854165 -1.79079 -0.000807041 0.999947 0.0102593 -0.99031 0.00855034 -0.0102519 0.999911 72.7083 
0.999972 0.00122982 -0.00745383 -1.82169 -0.00114517 0.999935 0.0113448 -1.00206 0.00746726 -0.0113359 0.999908 73.9011 
0.99998 0.00316066 -0.00551909 -1.85073 -0.00309479 0.999924 0.0118961 -1.00748 0.00555623 -0.0118787 0.999914 75.0946 
0.999995 0.00181682 -0.00268075 -1.87969 -0.00179053 0.999951 0.00976196 -1.01759 0.00269832 -0.00975706 0.999949 76.2921 
1 -0.00099082 2.17674e-05 -1.90029 0.000990746 0.999988 0.00480261 -1.02866 -2.65681e-05 -0.00480254 0.999989 77.4692 
0.999997 0.000310724 0.00253923 -1.91882 -0.000321359 0.999991 0.0042056 -1.04063 -0.00253795 -0.00420636 0.999988 78.6457 
0.999985 -0.000511249 0.00540001 -1.93305 0.000469174 0.99997 0.00779787 -1.05509 -0.00540388 -0.00779518 0.999955 79.8238 
0.999962 7.22769e-05 0.00866677 -1.94554 -0.000151744 0.999958 0.0091738 -1.06852 -0.00866578 -0.00917473 0.99992 81.0164 
0.999914 0.000283949 0.0131461 -1.96689 -0.000382342 0.999972 0.00748595 -1.08588 -0.0131436 -0.00749028 0.999886 82.2272 
0.999854 -0.000208182 0.0170981 -1.97715 0.000130281 0.99999 0.00455961 -1.10481 -0.0170989 -0.00455668 0.999843 83.4071 
0.999781 -0.00147578 0.0208729 -1.98521 0.001451 0.999998 0.00120434 -1.1269 -0.0208747 -0.00117374 0.999781 84.6024 
0.999697 -0.00207158 0.0245494 -1.9864 0.00206912 0.999998 0.000127366 -1.14111 -0.0245496 -7.64904e-05 0.999699 85.7915 
0.99959 -0.0020587 0.0285569 -1.97939 0.00200309 0.999996 0.00197729 -1.1646 -0.0285609 -0.00191924 0.99959 86.961 
0.999472 -0.000694087 0.032488 -1.96849 0.000611457 0.999997 0.00255458 -1.18623 -0.0324897 -0.00253333 0.999469 88.1307 
0.999324 -0.00133428 0.0367278 -1.95673 0.00131394 0.999999 0.000579134 -1.20825 -0.0367286 -0.000530444 0.999325 89.2969 
0.999191 -0.00159443 0.0401928 -1.93418 0.00165881 0.999997 -0.00156732 -1.23263 -0.0401903 0.00163276 0.999191 90.4508 
0.999054 -0.00154157 0.0434517 -1.90635 0.00162066 0.999997 -0.00178408 -1.25558 -0.0434489 0.00185285 0.999054 91.6082 
0.998929 -0.00306765 0.0461733 -1.86892 0.00309292 0.999995 -0.000475031 -1.27817 -0.0461717 0.000617374 0.998933 92.7769 
0.998804 -0.00371867 0.0487488 -1.82628 0.0036742 0.999993 0.00100283 -1.29737 -0.0487522 -0.000822473 0.998811 93.9502 
0.998665 -0.00426869 0.0514696 -1.78969 0.00412744 0.999987 0.00285124 -1.31789 -0.0514812 -0.00263495 0.998671 95.1252 
0.998528 -0.00581623 0.0539253 -1.74172 0.00561814 0.999977 0.00382523 -1.33208 -0.0539463 -0.00351659 0.998538 96.2999 
0.998397 -0.00698914 0.0561719 -1.69183 0.00691414 0.999975 0.0015303 -1.35047 -0.0561812 -0.00113942 0.99842 97.4759 
0.998274 -0.00827649 0.0581378 -1.62218 0.00841554 0.999962 -0.00214648 -1.36409 -0.0581179 0.00263208 0.998306 98.6825 
0.998172 -0.00762949 0.0599622 -1.56678 0.00794855 0.999956 -0.00508361 -1.38356 -0.0599208 0.00555097 0.998188 99.8704 
0.998068 -0.00761587 0.0616623 -1.51586 0.00799395 0.999951 -0.00588646 -1.40989 -0.0616144 0.00636805 0.99808 101.07 
0.998051 -0.0073763 0.0619676 -1.45988 0.00772502 0.999956 -0.00538898 -1.43143 -0.0619252 0.00585722 0.998064 102.278 
0.998078 -0.00750415 0.0615119 -1.42207 0.00773174 0.999964 -0.00346199 -1.45646 -0.0614837 0.00393097 0.9981 103.483 
0.998144 -0.00815525 0.0603541 -1.37853 0.00829592 0.999963 -0.00207978 -1.47825 -0.0603349 0.00257666 0.998175 104.695 
0.998264 -0.00782511 0.0583843 -1.32536 0.00791066 0.999968 -0.00123359 -1.49702 -0.0583729 0.00169335 0.998293 105.913 
0.998413 -0.0076093 0.0557986 -1.27464 0.00766919 0.99997 -0.000858488 -1.51499 -0.0557904 0.0012851 0.998442 107.143 
0.998583 -0.00711787 0.0527416 -1.2295 0.0071721 0.999974 -0.000838214 -1.53705 -0.0527343 0.00121534 0.998608 108.365 
0.998776 -0.00551006 0.0491582 -1.19739 0.00558325 0.999984 -0.00135079 -1.55854 -0.04915 0.00162364 0.99879 109.582 
0.998968 -0.00549025 0.0450982 -1.15918 0.00553896 0.999984 -0.0009542 -1.5787 -0.0450923 0.00120305 0.998982 110.816 
0.999145 -0.00492708 0.0410408 -1.12933 0.00492975 0.999988 3.7326e-05 -1.59905 -0.0410406 0.000165068 0.999158 112.061 
0.999302 -0.00439125 0.0370894 -1.11619 0.00436079 0.99999 0.000903214 -1.62008 -0.037093 -0.000740803 0.999312 113.307 
0.999448 -0.00459856 0.032898 -1.09962 0.00455222 0.999989 0.00148445 -1.64055 -0.0329045 -0.00133383 0.999458 114.557 
0.999598 -0.0039921 0.0280877 -1.08626 0.00394977 0.999991 0.00156391 -1.66034 -0.0280937 -0.0014523 0.999604 115.806 
0.999726 -0.0032225 0.0231709 -1.07912 0.00319288 0.999994 0.00131695 -1.67418 -0.023175 -0.00124256 0.999731 117.056 
0.999829 -0.0027783 0.0183117 -1.07822 0.00276133 0.999996 0.000954742 -1.69372 -0.0183144 -0.000903972 0.999832 118.305 
0.999903 -0.00172536 0.013821 -1.08879 0.00172049 0.999998 0.00036721 -1.713 -0.0138216 -0.000343353 0.999904 119.542 
0.999945 0.000108796 0.0104544 -1.10427 -0.000111453 1 0.000257727 -1.73413 -0.0104544 -0.000258836 0.999945 120.778 
0.999962 0.00211666 0.00841417 -1.12581 -0.00211948 0.999998 0.000330939 -1.75165 -0.0084135 -0.000348718 0.999965 122.029 
0.999968 0.00331638 0.00733964 -1.14038 -0.00331627 0.999995 -2.08272e-05 -1.77093 -0.00733971 -3.47182e-06 0.999973 123.277 
0.999965 0.00547768 0.00631828 -1.15662 -0.00547782 0.999985 1.05839e-05 -1.78682 -0.00631817 -4.5152e-05 0.99998 124.536 
0.999962 0.00672638 0.0054812 -1.17829 -0.00673076 0.999977 0.000787233 -1.80417 -0.00547582 -0.000824054 0.999985 125.803 
0.999967 0.00652703 0.00489054 -1.19614 -0.00653343 0.999978 0.00130232 -1.82587 -0.00488197 -0.00133419 0.999987 127.055 
0.999938 0.0103354 0.00418916 -1.23032 -0.0103489 0.999941 0.00320829 -1.84048 -0.00415579 -0.0032514 0.999986 128.338 
0.999928 0.0114562 0.00346223 -1.24906 -0.0114785 0.999913 0.00649865 -1.86077 -0.00338752 -0.00653788 0.999973 129.609 
0.999943 0.0102221 0.00305135 -1.27661 -0.0102405 0.999929 0.00606224 -1.87365 -0.00298921 -0.0060931 0.999977 130.896 
0.999946 0.0100511 0.00251889 -1.29843 -0.0100623 0.999939 0.00446172 -1.88338 -0.00247393 -0.00448679 0.999987 132.167 
0.99997 0.00744468 0.00191489 -1.32281 -0.00745512 0.999957 0.00552678 -1.8969 -0.00187371 -0.00554085 0.999983 133.457 
0.999986 0.00525579 0.000919589 -1.34457 -0.0052625 0.999958 0.00750825 -1.91207 -0.000880131 -0.00751294 0.999971 134.742 
0.999999 0.00163339 0.000539898 -1.36274 -0.00163835 0.999954 0.00940418 -1.92432 -0.000524555 -0.00940501 0.999956 136.034 
1 -0.000389763 1.49793e-05 -1.38225 0.000389626 0.999944 0.010554 -1.93762 -1.91346e-05 -0.010554 0.999944 137.311 
0.99999 -0.00450303 0.000137078 -1.39571 0.0045017 0.999952 0.00872701 -1.94634 -0.000176411 -0.00872627 0.999962 138.595 
0.999974 -0.00722506 0.000267191 -1.41555 0.00722282 0.999944 0.00773199 -1.95607 -0.000323083 -0.00772982 0.99997 139.869 
0.999962 -0.00868214 0.000425267 -1.43647 0.00867869 0.999933 0.00762741 -1.97011 -0.000491504 -0.00762339 0.999971 141.149 
0.99996 -0.00886325 0.000786521 -1.45816 0.00885676 0.999929 0.00795835 -1.98303 -0.000857044 -0.00795103 0.999968 142.431 
0.999966 -0.00811188 0.0014038 -1.4808 0.00809771 0.999919 0.0098464 -1.99207 -0.0014836 -0.00983466 0.999951 143.714 
0.999981 -0.00574076 0.00220515 -1.50451 0.00571529 0.999919 0.0114032 -2.00383 -0.00227048 -0.0113903 0.999933 145.004 
0.999979 -0.00590733 0.00281898 -1.5267 0.00587966 0.999935 0.00974184 -2.0158 -0.00287639 -0.00972501 0.999949 146.294 
0.999981 -0.0051974 0.00327946 -1.54513 0.00517152 0.999956 0.00786233 -2.02628 -0.00332022 -0.00784518 0.999964 147.59 
0.999979 -0.00534432 0.00365335 -1.56154 0.00532433 0.999971 0.00547148 -2.04116 -0.00368253 -0.00545187 0.999978 148.874 
0.999971 -0.00646347 0.00392322 -1.57681 0.00645772 0.999978 0.00148768 -2.06124 -0.00393279 -0.00146226 0.999991 150.159 
0.999968 -0.0065178 0.00466197 -1.60009 0.00652684 0.999977 -0.00191778 -2.08633 -0.0046494 0.00194819 0.999987 151.443 
0.999966 -0.00665507 0.00497055 -1.62077 0.00666877 0.999974 -0.00273671 -2.11428 -0.00495225 0.00276981 0.999984 152.731 
0.999965 -0.00662512 0.0050401 -1.63838 0.0066374 0.999975 -0.00241399 -2.14106 -0.00502403 0.0024474 0.999984 154.018 
0.99997 -0.00600141 0.00496517 -1.65906 0.00601068 0.99998 -0.00184556 -2.16837 -0.00495403 0.00187539 0.999986 155.294 
0.999975 -0.00523602 0.00482563 -1.67821 0.00523996 0.999986 -0.000795634 -2.19386 -0.00482143 0.000820942 0.999988 156.576 
0.999979 -0.0048433 0.00430554 -1.69044 0.00484468 0.999988 -0.000299366 -2.21732 -0.00430408 0.000320261 0.999991 157.887 
0.999983 -0.00445798 0.00369826 -1.70658 0.00446049 0.99999 -0.000661246 -2.2395 -0.00369532 0.000677773 0.999993 159.166 
0.999987 -0.00406559 0.00301117 -1.72774 0.00406653 0.999992 -0.000290372 -2.26444 -0.00301 0.000302655 0.999995 160.447 
0.999987 -0.00437543 0.00270394 -1.75511 0.00437304 0.99999 0.000905818 -2.28745 -0.00270792 -0.000893939 0.999996 161.767 
0.999992 -0.00355461 0.00198447 -1.77561 0.0035523 0.999993 0.00118649 -2.30819 -0.00198872 -0.00117939 0.999997 163.046 
0.999995 -0.0029424 0.00151973 -1.80177 0.00294187 0.999996 0.00037765 -2.33324 -0.00152087 -0.000373135 0.999999 164.319 
0.999997 -0.00250438 0.000873642 -1.82793 0.0025052 0.999997 -0.000893196 -2.35466 -0.000871444 0.000895424 0.999999 165.59 
0.999998 -0.00191401 1.42267e-05 -1.84992 0.00191406 0.999998 -0.000885999 -2.37919 -1.25732e-05 0.000886067 1 166.866 
0.999997 -0.00225984 -0.000834023 -1.87209 0.00225835 0.999996 -0.0018365 -2.40376 0.000838127 0.00183465 0.999998 168.145 
0.999997 -0.00168335 -0.00156433 -1.89987 0.00167884 0.999994 -0.00290875 -2.4284 0.00156917 0.00290616 0.999995 169.437 
0.999996 -0.00152223 -0.00221442 -1.92776 0.00151633 0.999995 -0.00268379 -2.45315 0.00221846 0.00268046 0.999994 170.724 
0.999995 -0.00111328 -0.00286591 -1.95647 0.00110961 0.999999 -0.00129778 -2.47909 0.00286731 0.00129464 0.999995 172.006 
0.999993 -0.00121259 -0.00354109 -1.98731 0.00120937 0.999999 -0.000924715 -2.50397 0.00354216 0.000920468 0.999993 173.29 
0.999991 -0.000707882 -0.00418065 -2.02196 0.000705412 1 -0.000602478 -2.527 0.00418103 0.000599566 0.999991 174.574 
0.999988 -0.000475158 -0.00481391 -2.05553 0.000473365 1 -0.000382445 -2.54911 0.00481405 0.000380204 0.999988 175.855 
0.999986 -0.000159027 -0.00534846 -2.08736 0.000152749 0.999999 -0.00118211 -2.57391 0.0053486 0.00118132 0.999985 177.134 
0.999981 0.000670582 -0.00614263 -2.11681 -0.000679473 0.999999 -0.00145233 -2.60364 0.00614161 0.00145652 0.99998 178.409 
0.999979 0.000672131 -0.00650329 -2.151 -0.000679214 0.999999 -0.00109349 -2.62893 0.00650251 0.00109792 0.999978 179.688 
0.999977 0.00068838 -0.0067479 -2.18253 -0.000702627 0.999998 -0.00211556 -2.65528 0.00674638 0.0021203 0.999975 180.972 
0.999977 -0.00081297 -0.00676649 -2.21336 0.000787793 0.999993 -0.00372899 -2.67984 0.00676943 0.00372361 0.99997 182.248 
0.999966 -0.00399755 -0.00721338 -2.23742 0.0039721 0.999986 -0.00354413 -2.70572 0.0072274 0.0035154 0.999968 183.526 
0.999964 -0.00376391 -0.00766239 -2.26935 0.00376574 0.999993 0.000217804 -2.73145 0.00766147 -0.000246609 0.999971 184.799 
0.99996 -0.00447518 -0.0077749 -2.29852 0.00451163 0.999979 0.00467101 -2.75217 0.00775379 -0.00470585 0.999959 186.063 
0.999967 -0.00284346 -0.00766423 -2.32998 0.00287311 0.999988 0.00385534 -2.76882 0.00765314 -0.00387719 0.999963 187.319 
0.99997 -0.00173239 -0.00749951 -2.36342 0.00173729 0.999998 0.00064136 -2.78907 0.00749835 -0.000654327 0.999972 188.57 
0.999968 -0.00157091 -0.00783605 -2.39821 0.00156132 0.999998 -0.00123506 -2.81023 0.00783794 0.00122283 0.999969 189.817 
0.999969 -0.00162595 -0.00773985 -2.43788 0.00161832 0.999998 -0.000997835 -2.83606 0.00774142 0.000985321 0.99997 191.11 
0.999971 -0.00184019 -0.00737513 -2.47593 0.0018429 0.999998 0.000356068 -2.86097 0.00737442 -0.000369607 0.999973 192.365 
0.999974 -0.00166317 -0.00707341 -2.5079 0.00168061 0.999996 0.00245333 -2.88421 0.00706926 -0.00246511 0.999972 193.624 
0.999978 -0.00234258 -0.00619496 -2.54253 0.00236354 0.999992 0.00337012 -2.90737 0.00618697 -0.00338465 0.999975 194.874 
0.999987 -0.00221116 -0.00464151 -2.57309 0.00222409 0.999994 0.00277175 -2.92831 0.00463531 -0.002782 0.999985 196.119 
0.999989 -0.00347788 -0.00316052 -2.59889 0.00348194 0.999993 0.00126803 -2.94898 0.00315605 -0.00127897 0.999994 197.358 
0.999991 -0.00374758 -0.00218508 -2.61578 0.00374737 0.999993 -0.000121303 -2.97246 0.00218548 0.000113155 0.999998 198.602 
0.99999 -0.00444651 -0.000718911 -2.63809 0.00444613 0.99999 -0.000597007 -2.99659 0.000721516 0.000593847 1 199.833 
0.999992 -0.00396804 0.000694602 -2.66343 0.00396796 0.999992 0.000180728 -3.02061 -0.000695356 -0.000177928 1 201.056 
0.999988 -0.00440473 0.00233776 -2.69096 0.00439966 0.999988 0.002186 -3.04792 -0.0023474 -0.00217565 0.999995 202.304 
0.999989 -0.00334729 0.00329035 -2.70573 0.00333888 0.999991 0.00257053 -3.07048 -0.00329896 -0.00255948 0.999991 203.537 
0.999983 -0.00376917 0.00449166 -2.72441 0.00375749 0.99999 0.00261492 -3.09321 -0.00450151 -0.00259795 0.999987 204.762 
0.99998 -0.00340245 0.00540144 -2.73962 0.00338797 0.999991 0.00269717 -3.11204 -0.00541061 -0.00267877 0.999982 205.978 
0.999973 -0.00353846 0.0064098 -2.75131 0.00351952 0.999989 0.00297134 -3.1318 -0.00642029 -0.00294866 0.999975 207.183 
0.999969 -0.00313752 0.00723385 -2.7635 0.00311724 0.999991 0.00281935 -3.15101 -0.00724268 -0.00279667 0.99997 208.394 
0.999963 -0.00328915 0.00791749 -2.77336 0.00326572 0.99999 0.00297631 -3.17432 -0.00792724 -0.0029503 0.999964 209.587 
0.999955 -0.00433149 0.00845844 -2.78625 0.00430623 0.999986 0.00300814 -3.1949 -0.0084714 -0.00297154 0.99996 210.778 
0.999953 -0.00468456 0.00852185 -2.7947 0.00465224 0.999982 0.00381313 -3.21448 -0.0085396 -0.00377326 0.999956 211.939 
0.999954 -0.00520451 0.00810591 -2.79866 0.00516567 0.999975 0.00480983 -3.23319 -0.00813078 -0.0047677 0.999956 213.082 
0.999959 -0.00498797 0.00752965 -2.81132 0.00495159 0.999976 0.00484933 -3.25633 -0.0075537 -0.00481181 0.99996 214.202 
0.999963 -0.00461065 0.00725595 -2.82743 0.00458107 0.999981 0.00409408 -3.27683 -0.00727473 -0.00406064 0.999965 215.309 
0.999967 -0.00454753 0.00671972 -2.84066 0.00452532 0.999984 0.00332428 -3.29575 -0.00673477 -0.00329372 0.999972 216.402 
0.999971 -0.00463356 0.00606106 -2.85276 0.00461456 0.999984 0.00315106 -3.31596 -0.00607561 -0.00312296 0.999977 217.486 
0.999977 -0.00489167 0.00465658 -2.86411 0.00487617 0.999983 0.00334393 -3.33683 -0.0046729 -0.0033211 0.999984 218.56 
0.999981 -0.00551278 0.00268491 -2.86948 0.00550199 0.999977 0.00402796 -3.35492 -0.0027071 -0.00401307 0.999988 219.632 
0.999977 -0.00671643 0.000277562 -2.87668 0.00671477 0.999961 0.0057265 -3.37353 -0.000316056 -0.00572446 0.999984 220.697 
0.999977 -0.00641951 -0.00212834 -2.89339 0.00643504 0.999952 0.00734811 -3.39007 0.00208102 -0.00736159 0.999971 221.744 
0.999969 -0.00623179 -0.00474237 -2.90904 0.0062671 0.999953 0.00745838 -3.4089 0.00469562 -0.00748783 0.999961 222.78 
0.999955 -0.00605994 -0.00728108 -2.93431 0.00611183 0.999956 0.00711914 -3.42558 0.00723758 -0.00716328 0.999948 223.792 
0.999929 -0.00597002 -0.0103023 -2.95573 0.00604582 0.999955 0.00733827 -3.44135 0.0102579 -0.0074 0.99992 224.782 
0.999897 -0.00549624 -0.0132559 -2.98419 0.00560092 0.999953 0.00786934 -3.4576 0.013212 -0.00794274 0.999881 225.748 
0.999857 -0.00501678 -0.0161724 -3.01646 0.00514242 0.999957 0.00773437 -3.47483 0.0161328 -0.00781639 0.999839 226.682 
0.999789 -0.00546776 -0.0197899 -3.04436 0.00561227 0.999958 0.00725155 -3.49085 0.0197494 -0.00736105 0.999778 227.592 
0.999709 -0.00552555 -0.0234899 -3.07438 0.00568579 0.999961 0.00675864 -3.50683 0.0234516 -0.00689019 0.999701 228.484 
0.999619 -0.00453051 -0.0272148 -3.10198 0.00471123 0.999967 0.00657836 -3.52322 0.0271841 -0.00670403 0.999608 229.362 
0.999524 -0.00432556 -0.0305459 -3.12976 0.00451011 0.999972 0.00597401 -3.53869 0.0305192 -0.00610889 0.999516 230.231 
0.999451 -0.0026627 -0.0330366 -3.17147 0.00286157 0.999978 0.00597237 -3.55393 0.0330199 -0.00606358 0.999436 231.059 
0.999419 -0.00203804 -0.0340288 -3.20661 0.00225864 0.999977 0.00644455 -3.56765 0.0340148 -0.00651762 0.9994 231.875 
0.999429 -0.00181198 -0.0337397 -3.24679 0.00206681 0.99997 0.00751832 -3.57996 0.0337251 -0.00758371 0.999402 232.663 
0.999446 -0.00172606 -0.0332249 -3.28517 0.00200683 0.999963 0.00841786 -3.59412 0.0332091 -0.00847983 0.999412 233.435 
0.999457 -0.00168138 -0.0328934 -3.32306 0.00194523 0.999966 0.00798987 -3.60606 0.0328788 -0.00804948 0.999427 234.183 
0.999469 -0.00111585 -0.0325666 -3.36096 0.00131777 0.99998 0.00617831 -3.61771 0.032559 -0.0062179 0.999451 234.919 
0.999498 -0.00116352 -0.0316553 -3.39853 0.00129366 0.999991 0.00408983 -3.62939 0.0316502 -0.00412869 0.999491 235.65 
0.999538 -0.000979256 -0.0303902 -3.43512 0.00106404 0.999996 0.00277232 -3.64138 0.0303873 -0.00280333 0.999534 236.377 
0.999576 -0.000315104 -0.0291183 -3.46833 0.000382365 0.999997 0.00230297 -3.65337 0.0291174 -0.00231309 0.999573 237.107 
0.999624 -0.000721465 -0.0274282 -3.49664 0.00077946 0.999998 0.00210228 -3.66333 0.0274266 -0.00212283 0.999622 237.837 
0.999672 -0.000831194 -0.0255873 -3.52592 0.000883974 0.999998 0.00204985 -3.67367 0.0255855 -0.00207175 0.999671 238.562 
0.999723 -0.000771406 -0.0235296 -3.55778 0.000817728 0.999998 0.00195731 -3.6878 0.023528 -0.00197597 0.999721 239.289 
0.999774 -0.0010847 -0.0212121 -3.59132 0.00112093 0.999998 0.00169403 -3.70064 0.0212102 -0.00171738 0.999774 240.014 
0.99983 -0.000886926 -0.0184174 -3.61089 0.000924142 0.999998 0.00201004 -3.70998 0.0184155 -0.00202668 0.999828 240.739 
0.999881 -0.00198781 -0.0153062 -3.62879 0.00202921 0.999994 0.00268702 -3.71982 0.0153007 -0.00271771 0.999879 241.454 
0.999918 -0.00302017 -0.0124875 -3.64301 0.00305829 0.999991 0.00303157 -3.73082 0.0124781 -0.00306947 0.999917 242.173 
0.999953 -0.00318487 -0.00919677 -3.66543 0.00321348 0.99999 0.00309333 -3.74302 0.00918679 -0.0031227 0.999953 242.886 
0.999974 -0.00356822 -0.00621742 -3.67934 0.00358589 0.99999 0.002826 -3.75503 0.00620723 -0.00284818 0.999977 243.583 
0.999988 -0.0037732 -0.00315858 -3.69358 0.00378155 0.999989 0.00262733 -3.76502 0.00314859 -0.0026392 0.999992 244.283 
0.999996 -0.00279818 1.01596e-05 -3.70903 0.0027982 0.999995 0.00175628 -3.77535 -1.51163e-05 -0.0017562 0.999999 244.975 
0.999992 -0.002554 0.00322737 -3.72113 0.00255023 0.999996 0.00118507 -3.78662 -0.00323043 -0.00117679 0.999994 245.672 
0.999978 -0.00253837 0.0061144 -3.72812 0.00252453 0.999994 0.00227645 -3.79871 -0.00612019 -0.00226092 0.999979 246.378 
0.999959 -0.00199436 0.00882592 -3.73334 0.00196942 0.999994 0.00283811 -3.80823 -0.00883157 -0.00282057 0.999957 247.089 
0.999933 -0.00206298 0.0113519 -3.73642 0.00203221 0.999994 0.00272503 -3.8196 -0.0113575 -0.00270174 0.999932 247.796 
0.999902 -0.00221058 0.0137985 -3.73914 0.00219394 0.999997 0.0012241 -3.8316 -0.0138012 -0.00119366 0.999904 248.505 
0.999878 -0.00192517 0.0154742 -3.73829 0.00194353 0.999997 -0.00116904 -3.84179 -0.015472 0.00119901 0.99988 249.216 
0.999859 -0.00315993 0.0165097 -3.73671 0.00320545 0.999991 -0.00272894 -3.85295 -0.016501 0.00278152 0.99986 249.931 
0.999857 -0.00283094 0.0166634 -3.73585 0.00288366 0.999991 -0.00313793 -3.86458 -0.0166544 0.00318557 0.999856 250.651 
0.999852 -0.00374533 0.0168032 -3.73382 0.00380698 0.999986 -0.00363573 -3.87881 -0.0167894 0.0036992 0.999852 251.377 
0.999849 -0.00241403 0.0171847 -3.73993 0.00248226 0.999989 -0.00394768 -3.89394 -0.0171751 0.00398978 0.999845 252.129 
0.999843 -0.00169018 0.0176676 -3.7421 0.00177033 0.999988 -0.0045196 -3.90616 -0.0176598 0.0045502 0.999834 252.879 
0.999829 -0.00272781 0.0183017 -3.75367 0.00284997 0.999974 -0.00664974 -3.91189 -0.0182831 0.0067008 0.99981 253.643 
0.999797 -0.00648796 0.0191005 -3.76261 0.00665701 0.999939 -0.00879797 -3.92723 -0.0190423 0.00892338 0.999779 254.43 
0.999749 -0.00975684 0.0201802 -3.7633 0.00995301 0.999904 -0.00964117 -3.94142 -0.0200842 0.00983965 0.99975 255.204 
0.999757 -0.00742466 0.0207783 -3.76685 0.00754638 0.999955 -0.00578379 -3.95525 -0.0207344 0.00593922 0.999767 255.969 
0.999764 -0.00369471 0.021425 -3.77289 0.00368774 0.999993 0.000366955 -3.97227 -0.0214262 -0.000287817 0.99977 256.761 
0.999741 -0.00433102 0.0223543 -3.77038 0.00424324 0.999983 0.00397464 -3.98828 -0.0223712 -0.00387871 0.999742 257.553 
0.99968 -0.00531936 0.0247315 -3.76051 0.00527243 0.999984 0.00196413 -4.00109 -0.0247416 -0.00183306 0.999692 258.345 
0.999568 -0.00406767 0.0290997 -3.7545 0.004193 0.999982 -0.00424551 -4.01025 -0.0290819 0.00436573 0.999568 259.141 
0.999458 -0.00184408 0.032879 -3.7453 0.00210478 0.999967 -0.0078949 -4.02025 -0.0328634 0.00795986 0.999428 259.951 
0.999347 -0.000293444 0.0361282 -3.73127 0.000571125 0.99997 -0.00767471 -4.03681 -0.0361249 0.00769037 0.999318 260.773 
0.999216 -0.00223226 0.0395164 -3.71413 0.0024451 0.999983 -0.00533757 -4.05382 -0.0395038 0.00543005 0.999205 261.605 
0.999078 -0.00521775 0.0426204 -3.68876 0.0053149 0.999984 -0.00216541 -4.06842 -0.0426085 0.00238998 0.999089 262.445 
0.99893 -0.00755239 0.0456348 -3.6633 0.00758938 0.999971 -0.000636408 -4.08091 -0.0456287 0.000982109 0.998958 263.288 
0.998788 -0.00737361 0.0486563 -3.63746 0.00738031 0.999973 4.29245e-05 -4.09746 -0.0486553 0.000316267 0.998816 264.125 
0.998667 -0.00497173 0.0513797 -3.61597 0.00508171 0.999985 -0.00200924 -4.11433 -0.051369 0.0022677 0.998677 264.958 
0.998559 -0.00417389 0.0535021 -3.5811 0.00440766 0.999981 -0.0042514 -4.128 -0.0534834 0.00448113 0.998559 265.799 
0.998404 -0.00361541 0.0563631 -3.55389 0.00386801 0.999983 -0.00437235 -4.14196 -0.0563463 0.00458342 0.998401 266.638 
0.998234 -0.0026865 0.059348 -3.52018 0.00283023 0.999993 -0.00233705 -4.16012 -0.0593413 0.00250094 0.998235 267.496 
0.998024 -0.00126629 0.0628179 -3.48997 0.00130497 0.999999 -0.000573982 -4.17961 -0.0628172 0.000654865 0.998025 268.339 
0.997818 -0.000522525 0.0660282 -3.45839 0.000577385 1 -0.000811108 -4.19263 -0.0660278 0.000847503 0.997817 269.19 
0.997636 -0.000610636 0.0687123 -3.41293 0.000690997 0.999999 -0.00114513 -4.21059 -0.0687116 0.00118994 0.997636 270.043 
0.997451 -0.00205649 0.0713275 -3.3636 0.00218336 0.999996 -0.00170017 -4.22251 -0.0713238 0.00185161 0.997452 270.893 
0.997295 -0.00516561 0.0733153 -3.31374 0.00524871 0.999986 -0.00094024 -4.23756 -0.0733094 0.00132255 0.997308 271.743 
0.997212 -0.00599835 0.0743832 -3.26359 0.00610028 0.999981 -0.00114263 -4.25165 -0.074375 0.00159324 0.997229 272.605 
0.99714 -0.00666632 0.075279 -3.21777 0.00677404 0.999976 -0.00117515 -4.26536 -0.0752694 0.00168177 0.997162 273.463 
0.997081 -0.00656046 0.0760667 -3.17622 0.00666923 0.999977 -0.00117538 -4.27969 -0.0760573 0.0016793 0.997102 274.319 
0.997087 -0.00654073 0.0759955 -3.12855 0.00659766 0.999978 -0.00049748 -4.29586 -0.0759906 0.000997463 0.997108 275.178 
0.997114 -0.00611802 0.075668 -3.08334 0.00614249 0.999981 -9.00936e-05 -4.30965 -0.0756661 0.000554664 0.997133 276.043 
0.997206 -0.00614453 0.0744416 -3.03397 0.00624117 0.99998 -0.00106503 -4.32294 -0.0744336 0.0015267 0.997225 276.906 
0.997323 -0.00626815 0.0728535 -2.98893 0.00641695 0.999978 -0.00180786 -4.34097 -0.0728406 0.00227056 0.997341 277.763 
0.997441 -0.00544272 0.0712909 -2.94407 0.00564158 0.999981 -0.00258763 -4.35747 -0.0712755 0.00298325 0.997452 278.619 
0.997564 -0.0045278 0.0696114 -2.89951 0.00473876 0.999985 -0.00286505 -4.37563 -0.0695974 0.00318798 0.99757 279.473 
0.997682 -0.00317178 0.0679687 -2.86685 0.00338369 0.99999 -0.00300231 -4.39681 -0.0679585 0.00322538 0.997683 280.329 
0.997825 -0.00260628 0.0658628 -2.82724 0.00278354 0.999993 -0.00259896 -4.4146 -0.0658556 0.00277668 0.997825 281.182 
0.998 -0.00297628 0.0631385 -2.79151 0.0030475 0.999995 -0.00103105 -4.43157 -0.0631351 0.00122144 0.998004 282.041 
0.998228 -0.00424828 0.0593525 -2.76175 0.00418926 0.999991 0.0011196 -4.44608 -0.0593567 -0.000868929 0.998237 282.894 
0.998484 -0.00544102 0.0547744 -2.73317 0.00529134 0.999982 0.0028782 -4.46064 -0.0547892 -0.00258396 0.998495 283.742 
0.998715 -0.00586721 0.0503446 -2.70977 0.00566449 0.999975 0.0041692 -4.4752 -0.0503678 -0.00387863 0.998723 284.581 
0.99894 -0.00621067 0.0456217 -2.68639 0.00599682 0.99997 0.00482381 -4.48929 -0.0456504 -0.00454507 0.998947 285.414 
0.999134 -0.00683286 0.0410379 -2.67371 0.00662098 0.999964 0.00529779 -4.50484 -0.0410726 -0.00502145 0.999144 286.211 
0.999307 -0.00781746 0.0363933 -2.65837 0.00762358 0.999956 0.00546413 -4.51712 -0.0364345 -0.00518285 0.999323 287.014 
0.99944 -0.00799027 0.032481 -2.6553 0.00782776 0.999956 0.00512876 -4.53111 -0.0325206 -0.0048716 0.999459 287.821 
0.999553 -0.00758403 0.0289216 -2.66156 0.00744253 0.99996 0.00499851 -4.53963 -0.0289583 -0.00478098 0.999569 288.615 
0.999658 -0.00742346 0.0250961 -2.65936 0.00729982 0.999961 0.00501641 -4.55457 -0.0251324 -0.00483146 0.999673 289.379 
0.999739 -0.00771729 0.02151 -2.66603 0.00761153 0.999959 0.00499667 -4.56703 -0.0215477 -0.0048316 0.999756 290.131 
0.999814 -0.00869965 0.0171925 -2.66436 0.00862865 0.999954 0.00420188 -4.57729 -0.0172283 -0.00405271 0.999843 290.858 
0.9999 -0.00731857 0.0121404 -2.66981 0.0072859 0.99997 0.00273632 -4.59163 -0.0121601 -0.00264755 0.999923 291.552 
0.999966 -0.00574773 0.00593213 -2.69127 0.00574291 0.999983 0.00083606 -4.60816 -0.00593687 -0.000801922 0.999982 292.255 
0.999986 -0.00488023 -0.00228856 -2.71754 0.00487864 0.999988 -0.000720604 -4.62505 0.002292 0.000709471 0.999997 292.931 
0.999902 -0.00512475 -0.0130303 -2.74025 0.00510036 0.999985 -0.00190763 -4.63824 0.0130399 0.00184102 0.999913 293.588 
0.999638 -0.00478171 -0.0264726 -2.77465 0.0047249 0.999986 -0.00220957 -4.65376 0.0264828 0.00208373 0.999647 294.236 
0.999054 -0.00388348 -0.0433062 -2.82542 0.00381264 0.999991 -0.00171928 -4.67022 0.0433125 0.00155259 0.99906 294.861 
0.99799 -0.00143842 -0.0633621 -2.88565 0.00137483 0.999999 -0.00104779 -4.68321 0.0633635 0.000958613 0.99799 295.495 
0.996296 7.65025e-05 -0.0859938 -2.97053 -0.000174459 0.999999 -0.00113207 -4.69791 0.0859936 0.00114292 0.996295 296.109 
0.993771 0.00131929 -0.111436 -3.06796 -0.00148058 0.999998 -0.00136498 -4.70731 0.111433 0.00152151 0.993771 296.719 
0.990212 0.0024472 -0.139547 -3.17902 -0.00264922 0.999996 -0.0012622 -4.7141 0.139543 0.00161958 0.990215 297.32 
0.985339 0.00344433 -0.170571 -3.30295 -0.00351292 0.999994 -0.000100536 -4.72642 0.17057 0.000698312 0.985345 297.898 
0.978802 0.00321964 -0.204784 -3.44298 -0.00295268 0.999994 0.00160899 -4.73544 0.204788 -0.000970175 0.978806 298.469 
0.970435 0.0031524 -0.241341 -3.59794 -0.00243559 0.999992 0.00326818 -4.74385 0.241349 -0.0025837 0.970435 299.015 
0.96008 0.00433944 -0.279693 -3.76739 -0.00287966 0.99998 0.0056298 -4.75404 0.279712 -0.00459959 0.960073 299.56 
0.947587 0.0057899 -0.319446 -3.95399 -0.00342426 0.999962 0.00796649 -4.76144 0.319481 -0.00645503 0.947571 300.084 
0.932847 0.00619219 -0.360219 -4.15989 -0.0027806 0.999946 0.00998824 -4.77261 0.360261 -0.00831583 0.932815 300.596 
0.91565 0.00610403 -0.401929 -4.38022 -0.00157782 0.999932 0.0115912 -4.77927 0.401972 -0.00997928 0.915597 301.093 
0.895553 0.00561268 -0.44492 -4.61257 9.30875e-05 0.999918 0.0128013 -4.78686 0.444955 -0.0115056 0.895479 301.576 
0.872429 0.00493644 -0.488716 -4.87068 0.00196509 0.999906 0.0136078 -4.79393 0.488737 -0.0128321 0.872337 302.04 
0.846337 0.00416684 -0.532632 -5.15197 0.00423803 0.999885 0.0145563 -4.79615 0.532632 -0.0145768 0.846222 302.478 
0.816847 0.00446547 -0.576837 -5.43608 0.00594038 0.999852 0.0161522 -4.80573 0.576823 -0.0166204 0.8167 302.902 
0.784652 0.00601321 -0.619907 -5.77652 0.00537977 0.999849 0.0165082 -4.80931 0.619913 -0.0162881 0.784502 303.286 
0.749071 0.00489998 -0.662472 -6.12779 0.00774735 0.99984 0.0161554 -4.80472 0.662445 -0.0172339 0.748913 303.653 
0.709674 0.00397691 -0.704519 -6.49194 0.0121685 0.999766 0.017901 -4.81027 0.704425 -0.0212768 0.709459 303.984 
0.666668 0.00326593 -0.745348 -6.87813 0.0183457 0.999616 0.0207892 -4.80647 0.745129 -0.0275333 0.666352 304.258 
0.619204 0.00368728 -0.785222 -7.28174 0.0227189 0.999486 0.0226089 -4.80057 0.784901 -0.0318388 0.618802 304.502 
0.568511 0.00746007 -0.822642 -7.70394 0.0219092 0.999467 0.0242046 -4.79673 0.822384 -0.0317839 0.568045 304.717 
0.515521 0.0137086 -0.856768 -8.12523 0.0171706 0.999506 0.0263241 -4.79323 0.856705 -0.0282818 0.515031 304.9 
0.460081 0.017403 -0.887706 -8.545 0.0148292 0.999518 0.0272807 -4.784 0.887753 -0.0257153 0.459602 305.058 
0.402217 0.0196654 -0.915333 -8.95645 0.014148 0.999516 0.0276909 -4.77898 0.915435 -0.0240878 0.401744 305.199 
0.342753 0.0218737 -0.939171 -9.35875 0.0159139 0.99945 0.0290855 -4.77629 0.939291 -0.0249149 0.342216 305.326 
0.282496 0.0251283 -0.958939 -9.76339 0.0180831 0.99934 0.0315141 -4.77168 0.959098 -0.0262432 0.281855 305.428 
0.221383 0.0289609 -0.974757 -10.1804 0.0201606 0.999209 0.0342662 -4.76414 0.974979 -0.0272376 0.220624 305.502 
0.156976 0.0322582 -0.987075 -10.6037 0.0226284 0.999087 0.0362493 -4.75662 0.987343 -0.0280262 0.156103 305.557 
0.0912065 0.0361032 -0.995177 -11.0473 0.0231464 0.998996 0.038363 -4.74487 0.995563 -0.0265336 0.0902792 305.573 
0.0245528 0.0414916 -0.998837 -11.5004 0.0250493 0.998799 0.0421057 -4.72715 0.999385 -0.026054 0.023484 305.556 
-0.0436234 0.0481153 -0.997889 -11.9734 0.0266878 0.998539 0.04698 -4.71025 0.998692 -0.0245819 -0.0448437 305.505 
-0.111708 0.0547555 -0.992231 -12.4456 0.0288533 0.998239 0.0518386 -4.68974 0.993322 -0.0228383 -0.113091 305.416 
-0.179424 0.0608812 -0.981886 -12.9243 0.0309639 0.997938 0.0562183 -4.67002 0.983284 -0.0203161 -0.180939 305.292 
-0.246148 0.066802 -0.966927 -13.4064 0.034751 0.997589 0.0600738 -4.64901 0.968609 -0.0188146 -0.247876 305.136 
-0.311101 0.0710597 -0.947716 -13.8927 0.0388504 0.997318 0.0620257 -4.62347 0.949582 -0.0175229 -0.313028 304.943 
-0.372971 0.0731857 -0.924952 -14.3676 0.042215 0.997191 0.0618791 -4.59456 0.926882 -0.0159677 -0.375013 304.71 
-0.432104 0.0734501 -0.898828 -14.8417 0.0451409 0.99719 0.0597869 -4.56264 0.900694 -0.0147397 -0.434205 304.441 
-0.487752 0.0733615 -0.869895 -15.3118 0.0473713 0.997219 0.0575381 -4.52906 0.871696 -0.0131437 -0.48987 304.133 
-0.538976 0.073367 -0.83912 -15.7788 0.0490702 0.997243 0.0556739 -4.49599 0.840891 -0.0111688 -0.54109 303.789 
-0.585068 0.0731807 -0.807676 -16.249 0.0503135 0.997277 0.0539135 -4.46128 0.809422 -0.0090939 -0.587157 303.409 
-0.625341 0.073867 -0.776848 -16.7052 0.0512079 0.997248 0.0536029 -4.43117 0.778669 -0.00626058 -0.627403 302.995 
-0.662256 0.077563 -0.745252 -17.1648 0.0555201 0.996973 0.0544241 -4.40145 0.747218 -0.00533379 -0.664558 302.551 
-0.698322 0.0849747 -0.710722 -17.6205 0.0638821 0.996365 0.0563589 -4.37322 0.712928 -0.00604575 -0.701212 302.074 
-0.733124 0.0905158 -0.674045 -18.0703 0.0698758 0.995884 0.0577345 -4.34019 0.676496 -0.00477284 -0.736431 301.553 
-0.765186 0.0923389 -0.637153 -18.5045 0.0727621 0.995724 0.0569211 -4.30932 0.639684 -0.00280525 -0.768633 300.992 
-0.7948 0.0885328 -0.600379 -18.9289 0.0717182 0.996072 0.0519395 -4.27412 0.602619 -0.00177657 -0.798027 300.389 
-0.821264 0.0857638 -0.564066 -19.3336 0.0724792 0.996311 0.0459571 -4.24447 0.565926 -0.00314007 -0.82445 299.747 
-0.845321 0.0809838 -0.528086 -19.7074 0.0708626 0.996707 0.0394168 -4.21355 0.529539 -0.00410163 -0.848276 299.069 
-0.867164 0.078592 -0.491782 -20.0769 0.0708369 0.996894 0.0344071 -4.1891 0.492959 -0.00499969 -0.870038 298.357 
-0.887066 0.0773599 -0.455116 -20.4302 0.0700502 0.997 0.0329337 -4.17107 0.456298 -0.00266655 -0.889823 297.604 
-0.90559 0.0738465 -0.417676 -20.7616 0.0671934 0.99727 0.0306343 -4.15325 0.418798 -0.000322968 -0.90808 296.812 
-0.922315 0.0734203 -0.3794 -21.0736 0.0677876 0.997301 0.0282042 -4.13305 0.380447 0.000294576 -0.924803 295.99 
-0.937378 0.0756721 -0.339995 -21.3586 0.0705754 0.997131 0.027351 -4.11576 0.341089 0.00164294 -0.940029 295.135 
-0.950292 0.0792281 -0.301112 -21.6106 0.0746741 0.996853 0.0266232 -4.10241 0.302273 0.00281452 -0.953217 294.248 
-0.961474 0.0802847 -0.26291 -21.8329 0.0756631 0.996749 0.0276734 -4.08619 0.264277 0.00671471 -0.964424 293.333 
-0.970743 0.0829619 -0.225336 -22.026 0.0787572 0.996512 0.0276012 -4.0683 0.22684 0.0090468 -0.97389 292.386 
-0.978603 0.0824203 -0.188529 -22.1975 0.0788713 0.996539 0.0262626 -4.05493 0.190041 0.0108312 -0.981716 291.405 
-0.98466 0.0810546 -0.154516 -22.321 0.0786338 0.996667 0.0217255 -4.03828 0.155762 0.00924208 -0.987751 290.406 
