1 2.12261e-08 -2.11895e-08 0 2.12261e-08 1 2.10703e-08 0 -2.11895e-08 2.10703e-08 1 0 
0.999979 0.000485248 -0.00646541 -0.0100168 -0.000483651 1 0.000242006 -0.000165417 0.00646548 -0.000238831 0.999979 0.094351 
0.999908 0.00109215 -0.0135224 -0.0209254 -0.00108951 0.999999 0.000199288 -0.00191609 0.0135225 -0.000184495 0.999909 0.192531 
0.999776 0.00144365 -0.0210974 -0.0334631 -0.00145528 0.999999 -0.000538086 -0.00189436 0.0210965 0.000568711 0.999777 0.293916 
0.999539 0.00190508 -0.0302874 -0.0496947 -0.00196286 0.999996 -0.00187959 -0.00294985 0.0302837 0.00193821 0.99954 0.400522 
0.999124 0.00202313 -0.041794 -0.0679929 -0.00217091 0.999992 -0.00349187 -0.00229144 0.0417866 0.00357959 0.99912 0.520105 
0.998457 0.00186174 -0.0554927 -0.0904889 -0.00210536 0.999988 -0.00433258 -0.00403747 0.055484 0.00444278 0.99845 0.651644 
0.997422 0.00187854 -0.0717332 -0.120126 -0.00219239 0.999988 -0.00429737 -0.00413086 0.0717243 0.0044436 0.997415 0.794977 
0.995909 0.000352064 -0.0903572 -0.154519 -0.000744943 0.99999 -0.00431482 -0.00518577 0.0903548 0.00436453 0.9959 0.950963 
0.993897 -0.000873045 -0.110306 -0.19385 0.000392436 0.99999 -0.00437906 -0.00888092 0.110309 0.0043091 0.993888 1.11644 
0.991177 -0.00100273 -0.132545 -0.242511 0.000388629 0.999989 -0.00465924 -0.0132727 0.132548 0.00456666 0.991166 1.28931 
0.987653 0.00255023 -0.156636 -0.30397 -0.00354726 0.999975 -0.00608627 -0.0172399 0.156617 0.0065668 0.987638 1.46958 
0.983264 0.0068032 -0.182059 -0.375414 -0.00833681 0.999936 -0.00765995 -0.0236412 0.181995 0.00904959 0.983258 1.65592 
0.977852 0.00960885 -0.209077 -0.453371 -0.0116461 0.999896 -0.00851519 -0.0301144 0.208973 0.0107616 0.977862 1.8465 
0.971112 0.0104426 -0.238396 -0.53703 -0.0128776 0.99988 -0.00865911 -0.0334575 0.238277 0.011479 0.971129 2.044 
0.96304 0.0124474 -0.269071 -0.632486 -0.0151986 0.999851 -0.00814381 -0.0372707 0.26893 0.0119323 0.963086 2.24735 
0.953531 0.0142686 -0.300958 -0.739268 -0.0172027 0.999827 -0.00710157 -0.0397093 0.300805 0.0119489 0.953611 2.45365 
0.942188 0.0163137 -0.334687 -0.850894 -0.019459 0.999792 -0.0060467 -0.0401254 0.334519 0.0122098 0.94231 2.66162 
0.929576 0.0185405 -0.368164 -0.972877 -0.0221714 0.999738 -0.00563432 -0.0413781 0.367963 0.0134003 0.929744 2.86758 
0.915448 0.0212113 -0.401877 -1.09855 -0.0252993 0.999668 -0.00486713 -0.0421473 0.40164 0.0146228 0.915681 3.0678 
0.899134 0.0217051 -0.437136 -1.23505 -0.0262364 0.999646 -0.00432963 -0.0390337 0.436887 0.0153618 0.899385 3.27384 
0.880353 0.0170372 -0.474013 -1.37265 -0.0220339 0.999745 -0.00498879 -0.0376189 0.473807 0.0148363 0.880504 3.47601 
0.858716 0.0117822 -0.512317 -1.52242 -0.0169961 0.999841 -0.0054936 -0.0376445 0.51217 0.0134249 0.858779 3.67875 
0.833193 0.0134637 -0.552819 -1.69235 -0.0176089 0.999843 -0.00218884 -0.0423872 0.552703 0.0115583 0.833298 3.8766 
0.803439 0.0188497 -0.595089 -1.88559 -0.0222569 0.999751 0.00161804 -0.046413 0.594971 0.0119449 0.803658 4.06657 
0.770088 0.0216777 -0.637569 -2.09169 -0.0253169 0.999674 0.00341043 -0.0484182 0.637435 0.013515 0.770386 4.2512 
0.733253 0.02073 -0.67964 -2.31014 -0.0245373 0.999691 0.00401907 -0.0476303 0.679513 0.0137296 0.733535 4.43375 
0.692813 0.0166397 -0.720926 -2.54382 -0.0185557 0.999814 0.00524458 -0.0467464 0.720879 0.00974379 0.692993 4.61377 
0.649604 0.0131587 -0.760159 -2.79667 -0.0131962 0.999895 0.0060316 -0.0464733 0.760159 0.0061131 0.649709 4.78305 
0.604439 0.0127281 -0.79655 -3.07218 -0.0104219 0.999913 0.00806924 -0.0458461 0.796583 0.00342422 0.604519 4.93785 
0.555812 0.0133526 -0.831201 -3.36559 -0.00801828 0.999911 0.0107011 -0.0423132 0.83127 0.000717052 0.555869 5.08257 
0.504623 0.0140132 -0.863226 -3.67439 -0.00670652 0.999902 0.0123114 -0.037146 0.863314 -0.000423345 0.504667 5.206 
0.451651 0.015516 -0.89206 -3.99146 -0.0054446 0.999878 0.0146347 -0.0359071 0.892178 -0.00175283 0.451681 5.31242 
0.397054 0.0176013 -0.917626 -4.3334 -0.00424216 0.999841 0.0173427 -0.030868 0.917785 -0.00299321 0.397066 5.40685 
0.341546 0.0195207 -0.939662 -4.70156 -0.00385609 0.999805 0.0193685 -0.024702 0.939857 -0.00299175 0.341555 5.48615 
0.286445 0.0225684 -0.957831 -5.08414 -0.00150803 0.999732 0.0231046 -0.0220923 0.958096 -0.00517372 0.286402 5.55333 
0.232711 0.0245395 -0.972236 -5.47563 0.00265998 0.999662 0.0258684 -0.0192301 0.972542 -0.00860596 0.232567 5.60458 
0.181735 0.0249926 -0.98303 -5.88123 0.00548043 0.999636 0.026428 -0.0153255 0.983332 -0.0101903 0.181532 5.63732 
0.134272 0.0258779 -0.990607 -6.31156 0.00310484 0.999643 0.0265348 -0.00793978 0.99094 -0.00663851 0.134144 5.64699 
0.0918802 0.0261165 -0.995428 -6.75124 0.00102675 0.999653 0.0263222 0.000878482 0.99577 -0.0034405 0.0918215 5.64124 
0.0539245 0.0245737 -0.998243 -7.20778 -0.000491767 0.999698 0.024583 0.0110921 0.998545 -0.000834679 0.0539203 5.6272 
0.0194112 0.0218231 -0.999573 -7.67684 0.000618142 0.999761 0.0218392 0.0196856 0.999811 -0.00104176 0.0193931 5.60276 
-0.0121234 0.0192607 -0.999741 -8.16624 0.00091552 0.999814 0.019251 0.0241322 0.999926 -0.000681854 -0.0121388 5.57031 
-0.0388382 0.0173275 -0.999095 -8.66787 0.000518632 0.99985 0.0173205 0.0301281 0.999245 0.000154573 -0.0388413 5.52228 
-0.0597515 0.0148572 -0.998103 -9.18079 7.6273e-05 0.999889 0.0148792 0.0386126 0.998213 0.000812969 -0.059746 5.46841 
-0.0761881 0.0140803 -0.996994 -9.70841 0.00065357 0.999901 0.0140714 0.0479276 0.997093 0.000420509 -0.0761897 5.40707 
-0.0892821 0.014562 -0.9959 -10.254 0.00146303 0.999894 0.0144892 0.0536697 0.996005 -0.000163358 -0.0892939 5.33917 
-0.0990095 0.0156478 -0.994963 -10.8105 0.000541206 0.999877 0.0156712 0.0566377 0.995086 0.00101316 -0.0990058 5.26747 
-0.105972 0.0170388 -0.994223 -11.382 -0.00113419 0.999851 0.0172561 0.0554124 0.994369 0.00295634 -0.105937 5.18959 
-0.110555 0.0180018 -0.993707 -11.9737 -0.000896077 0.999834 0.0182125 0.0613484 0.99387 0.00290396 -0.110521 5.10989 
-0.111949 0.0186624 -0.993539 -12.5812 0.00149939 0.999826 0.0186116 0.0707936 0.993713 0.000593877 -0.111957 5.03199 
-0.111277 0.020916 -0.993569 -13.2059 0.00365164 0.99978 0.0206378 0.0777986 0.993783 -0.00133161 -0.111329 4.95727 
-0.11008 0.0233774 -0.993648 -13.8462 0.0030054 0.999727 0.0231875 0.0830166 0.993918 -0.000433784 -0.11012 4.87772 
-0.108609 0.0232728 -0.993812 -14.4988 0.000936602 0.999728 0.023309 0.0883419 0.994084 0.00160081 -0.108602 4.79397 
-0.107208 0.0205575 -0.994024 -15.1651 -0.00057762 0.999785 0.020739 0.0982566 0.994236 0.0027976 -0.107173 4.70985 
-0.106013 0.0202738 -0.994158 -15.8461 -0.000871091 0.99979 0.0204815 0.110204 0.994364 0.00303735 -0.105973 4.6269 
-0.104479 0.0229957 -0.994261 -16.5481 -0.000398735 0.999732 0.0231642 0.12309 0.994527 0.00281665 -0.104442 4.54461 
-0.102525 0.0264911 -0.994378 -17.2679 -0.00148222 0.99964 0.0267841 0.131214 0.994729 0.00421998 -0.102449 4.4546 
-0.100825 0.0286435 -0.994492 -17.9971 -0.0018228 0.999579 0.0289748 0.138565 0.994903 0.00473418 -0.10073 4.36843 
-0.0989454 0.0278179 -0.994704 -18.741 -0.00349151 0.999593 0.0283019 0.1525 0.995087 0.00627341 -0.0988081 4.2774 
-0.097271 0.0247248 -0.994951 -19.4879 -0.0058464 0.99966 0.0254134 0.164681 0.995241 0.0082889 -0.0970933 4.1879 
-0.0958804 0.0240853 -0.995101 -20.2583 -0.00662522 0.99967 0.0248342 0.177491 0.995371 0.00897392 -0.0956892 4.0998 
-0.0944536 0.0266079 -0.995174 -21.0391 -0.00404092 0.999624 0.0271105 0.188789 0.995521 0.00658213 -0.0943106 4.01747 
-0.0934162 0.0287721 -0.995211 -21.8347 -0.00176503 0.999576 0.029064 0.200553 0.995626 0.00447166 -0.0933258 3.9313 
-0.0920926 0.0305014 -0.995283 -22.6346 -0.000769194 0.999528 0.0307027 0.211667 0.99575 0.0035931 -0.0920257 3.84227 
-0.0916726 0.0259635 -0.995451 -23.4341 -0.000384953 0.999659 0.0261087 0.218849 0.995789 0.00277669 -0.0916313 3.75623 
-0.0913248 0.0191091 -0.995638 -24.2402 0.00105139 0.999817 0.0190928 0.223309 0.995821 0.000696883 -0.0913282 3.66987 
-0.0916215 0.0145945 -0.995687 -25.0591 0.00418986 0.999889 0.0142706 0.233585 0.995785 -0.00286425 -0.0916725 3.58581 
-0.0922237 0.0153417 -0.99562 -25.8894 0.00542955 0.999874 0.0149043 0.242235 0.995724 -0.00403119 -0.0922954 3.49777 
-0.0924442 0.0228109 -0.995457 -26.7319 0.00495857 0.999736 0.0224485 0.245117 0.995706 -0.00286077 -0.0925328 3.40453 
-0.0927319 0.029832 -0.995244 -27.5818 0.00367539 0.999555 0.0296187 0.255265 0.995684 -0.000911269 -0.0928002 3.30647 
-0.093128 0.0351102 -0.995035 -28.4255 0.00166628 0.999382 0.0351076 0.264582 0.995653 0.00161154 -0.0931289 3.21005 
-0.0936257 0.0353492 -0.99498 -29.2691 4.91651e-05 0.99937 0.0355005 0.276615 0.995608 0.00327488 -0.0935684 3.11154 
-0.0940856 0.0320147 -0.995049 -30.1045 3.02537e-05 0.999483 0.0321545 0.288242 0.995564 0.00299521 -0.0940379 3.01852 
-0.0946427 0.0291882 -0.995083 -30.9403 -1.00068e-05 0.99957 0.0293207 0.304185 0.995511 0.00278499 -0.0946017 2.925 
-0.0949654 0.0303814 -0.995017 -31.7808 -0.00138958 0.999529 0.0306518 0.317878 0.99548 0.00429355 -0.0948785 2.83124 
-0.0949288 0.0326695 -0.994948 -32.6202 -0.00198807 0.999453 0.0330071 0.328118 0.995482 0.00511139 -0.0948119 2.73542 
-0.094833 0.0310347 -0.995009 -33.4564 -0.00282088 0.999502 0.0314437 0.337274 0.995489 0.00578874 -0.0946982 2.63658 
-0.094564 0.0259268 -0.995181 -34.28 -0.00362158 0.999645 0.0263873 0.34723 0.995512 0.00609945 -0.0944365 2.54601 
-0.0943851 0.0217115 -0.995299 -35.1141 -0.00483857 0.99974 0.0222672 0.357634 0.995524 0.00691756 -0.0942555 2.44632 
-0.0938895 0.0224463 -0.99533 -35.9496 -0.00424019 0.999728 0.0229455 0.365102 0.995574 0.00637476 -0.0937688 2.35084 
-0.0935557 0.0249254 -0.995302 -36.7865 -0.00301423 0.999675 0.0253182 0.371526 0.99561 0.00536877 -0.0934502 2.2601 
-0.0930163 0.0297474 -0.99522 -37.6317 -0.0027276 0.999542 0.0301315 0.381894 0.995661 0.00551732 -0.0928926 2.16367 
-0.0926483 0.0352765 -0.995074 -38.4716 -0.00168196 0.999365 0.0355853 0.395803 0.995698 0.00497062 -0.0925302 2.07493 
-0.09289 0.0386007 -0.994928 -39.3129 -0.0018529 0.99924 0.0389409 0.407769 0.995675 0.00546076 -0.0927478 1.98298 
-0.0925076 0.0383765 -0.994972 -40.1478 -0.00147286 0.999251 0.0386785 0.425195 0.995711 0.00504354 -0.0923817 1.88776 
-0.0924919 0.0337354 -0.995142 -40.9764 -0.00129984 0.999421 0.0340013 0.44497 0.995713 0.00443841 -0.0923945 1.7949 
-0.092228 0.0294515 -0.995302 -41.8023 -0.00225646 0.999554 0.0297864 0.456116 0.995735 0.00499304 -0.0921204 1.70157 
-0.0921494 0.0265409 -0.995391 -42.6299 -0.0061042 0.999611 0.0272185 0.467962 0.995727 0.00858427 -0.0919515 1.60327 
-0.0926683 0.0245719 -0.995394 -43.4599 -0.00927312 0.999631 0.0255398 0.478616 0.995654 0.0115972 -0.0924062 1.50343 
-0.0933443 0.0227881 -0.995373 -44.2889 -0.00705933 0.999698 0.0235492 0.481871 0.995609 0.00922489 -0.0931552 1.41057 
-0.0945288 0.0192575 -0.995336 -45.1157 -0.00361784 0.9998 0.0196875 0.485879 0.995516 0.00546204 -0.0944401 1.32179 
-0.0954101 0.017792 -0.995279 -45.9398 0.000747246 0.999841 0.017802 0.494304 0.995438 0.000954808 -0.0954082 1.2322 
-0.0975468 0.0212302 -0.995005 -46.7661 0.00131179 0.999774 0.0212034 0.499219 0.99523 0.000763129 -0.0975526 1.13644 
-0.0995324 0.0276018 -0.994651 -47.5922 0.00390148 0.999618 0.0273492 0.500643 0.995027 -0.00115844 -0.0996021 1.0439 
-0.10153 0.0314437 -0.994335 -48.4122 0.00590428 0.999502 0.0310042 0.505692 0.994815 -0.00272292 -0.101665 0.949042 
-0.103138 0.0305073 -0.994199 -49.2202 0.00588403 0.999531 0.0300605 0.514501 0.99465 -0.00274947 -0.103269 0.851817 
-0.104296 0.0265066 -0.994193 -50.02 0.00266875 0.999649 0.0263721 0.5198 0.994543 9.72961e-05 -0.10433 0.74775 
-0.105568 0.0226864 -0.994153 -50.8152 -0.00206194 0.999733 0.0230326 0.527166 0.99441 0.00448142 -0.105493 0.640454 
-0.107094 0.0210445 -0.994026 -51.6102 -0.00621409 0.999742 0.021835 0.532568 0.99423 0.00851541 -0.106936 0.532181 
-0.108243 0.0222221 -0.993876 -52.4039 -0.00762578 0.999702 0.0231829 0.535371 0.994095 0.0100885 -0.108041 0.428729 
-0.109461 0.023715 -0.993708 -53.191 -0.00739568 0.999668 0.0246719 0.538598 0.993964 0.0100498 -0.109249 0.329724 
-0.110581 0.023241 -0.993595 -53.9711 -0.00902971 0.999662 0.0243878 0.542641 0.993826 0.0116687 -0.110333 0.226773 
-0.111146 0.0232062 -0.993533 -54.754 -0.00987753 0.999652 0.0244541 0.542904 0.993755 0.0125317 -0.110878 0.118063 
-0.111666 0.0250021 -0.993431 -55.5295 -0.00813678 0.999627 0.0260726 0.550215 0.993713 0.0109948 -0.11142 0.0162704 
-0.112 0.0278437 -0.993318 -56.3034 -0.00722784 0.999558 0.0288336 0.558651 0.993682 0.0104089 -0.111749 -0.0845592 
-0.112248 0.0321087 -0.993161 -57.0696 -0.00728027 0.999424 0.033134 0.564876 0.993654 0.0109497 -0.111949 -0.185761 
-0.112954 0.0342755 -0.993009 -57.8342 -0.00719216 0.99935 0.0353125 0.572623 0.993574 0.0111306 -0.112634 -0.286921 
-0.113864 0.034321 -0.992903 -58.5899 -0.00676351 0.999353 0.0353196 0.581544 0.993473 0.0107372 -0.113558 -0.386335 
-0.114348 0.0323813 -0.992913 -59.3384 -0.00584787 0.999429 0.0332673 0.592242 0.993424 0.00961051 -0.114093 -0.485605 
-0.114837 0.0288489 -0.992965 -60.0729 -0.00541381 0.999545 0.0296662 0.599821 0.99337 0.00878254 -0.114629 -0.581348 
-0.114803 0.0260416 -0.993047 -60.7974 -0.00570267 0.999623 0.0268734 0.603935 0.993372 0.00874821 -0.114612 -0.678308 
-0.113849 0.0237502 -0.993214 -61.5074 -0.00631677 0.999677 0.0246288 0.609488 0.993478 0.0090779 -0.113662 -0.77091 
-0.1117 0.0229646 -0.993477 -62.2063 -0.00848542 0.999675 0.0240619 0.612276 0.993706 0.0111178 -0.111469 -0.86648 
-0.10784 0.0237592 -0.993884 -62.8916 -0.00868704 0.999654 0.0248397 0.616027 0.99413 0.0113127 -0.107596 -0.953244 
-0.102284 0.0253251 -0.994433 -63.5586 -0.00788551 0.999624 0.0262684 0.619714 0.994724 0.0105285 -0.102046 -1.02829 
-0.0951969 0.0267289 -0.9951 -64.2151 -0.00680599 0.999599 0.0275008 0.62594 0.995435 0.00939067 -0.0949768 -1.10018 
-0.0863208 0.0280236 -0.995873 -64.8553 -0.0077927 0.999555 0.0288026 0.628449 0.996237 0.0102469 -0.086064 -1.16935 
-0.0746669 0.0296911 -0.996766 -65.4779 -0.00989131 0.999485 0.0305131 0.631579 0.99716 0.0121377 -0.0743348 -1.22661 
-0.0598136 0.031078 -0.997726 -66.0858 -0.012898 0.999408 0.0319036 0.638268 0.998126 0.014777 -0.0593773 -1.27345 
-0.0415509 0.0322425 -0.998616 -66.6748 -0.0143948 0.999356 0.0328653 0.645567 0.999033 0.0157405 -0.04106 -1.29973 
-0.0195392 0.0329534 -0.999266 -67.2408 -0.0152398 0.999331 0.0332535 0.651637 0.999693 0.0158784 -0.0190239 -1.30711 
0.00587111 0.0333962 -0.999425 -67.7824 -0.0147443 0.999336 0.0333066 0.654878 0.999874 0.0145403 0.00635962 -1.29517 
0.0350698 0.0329808 -0.998841 -68.2989 -0.0132403 0.999383 0.0325339 0.660749 0.999297 0.012084 0.0354849 -1.2605 
0.0691271 0.0329413 -0.997064 -68.7938 -0.0118983 0.999411 0.0321939 0.66835 0.997537 0.00963797 0.0694783 -1.20781 
0.106924 0.0331659 -0.993714 -69.2682 -0.011255 0.99942 0.0321453 0.674576 0.994204 0.00774719 0.107235 -1.1375 
0.14779 0.032734 -0.988477 -69.7248 -0.011 0.999445 0.0314526 0.682201 0.988958 0.00622488 0.148068 -1.0458 
0.193106 0.0337955 -0.980596 -70.1735 -0.00988936 0.999423 0.0324969 0.685323 0.981128 0.00342217 0.193329 -0.932389 
0.241854 0.0325121 -0.969768 -70.6026 -0.00664602 0.999471 0.0318505 0.688186 0.97029 -0.00125803 0.241942 -0.79833 
0.292384 0.0278648 -0.955895 -71.0065 0.00108776 0.999565 0.0294705 0.688704 0.9563 -0.00965645 0.292226 -0.639748 
0.344191 0.0227409 -0.938624 -71.3956 0.00618234 0.99963 0.026486 0.690714 0.938879 -0.0149191 0.343923 -0.460377 
0.397136 0.0180347 -0.917583 -71.7749 0.0112381 0.999636 0.0245113 0.697942 0.917691 -0.0200462 0.396789 -0.262055 
0.449121 0.0176626 -0.893297 -72.1509 0.0107373 0.999626 0.0251633 0.704992 0.893407 -0.0208929 0.448763 -0.0502924 
0.498202 0.0164471 -0.866905 -72.5147 0.0121215 0.99959 0.0259305 0.712029 0.866976 -0.0234268 0.497798 0.185078 
0.543772 0.0124862 -0.83914 -72.8515 0.0196125 0.999427 0.0275803 0.715883 0.839004 -0.031455 0.543216 0.448639 
0.588144 0.006165 -0.808733 -73.1666 0.0300149 0.999116 0.0294443 0.717996 0.808199 -0.0415915 0.587439 0.734998 
0.631559 0.00129602 -0.775327 -73.4736 0.0311586 0.999148 0.027051 0.719305 0.774702 -0.0412424 0.63098 1.02211 
0.673748 -0.00348864 -0.738953 -73.7689 0.0277647 0.999402 0.0205965 0.7235 0.73844 -0.0343936 0.673442 1.31695 
0.715268 -0.0102296 -0.698775 -74.0504 0.0238207 0.999669 0.00974845 0.729616 0.698444 -0.023618 0.715275 1.63149 
0.755531 -0.0133531 -0.654977 -74.3246 0.0190986 0.999816 0.00164717 0.735099 0.654835 -0.0137536 0.755647 1.97359 
0.793563 -0.0142342 -0.608322 -74.585 0.0173485 0.999849 -0.000764381 0.734119 0.608241 -0.00994682 0.79369 2.34396 
0.828477 -0.0158804 -0.559797 -74.8414 0.0175355 0.999843 -0.00241178 0.737904 0.559748 -0.00781818 0.828626 2.75533 
0.859877 -0.0143811 -0.510299 -75.0658 0.0142285 0.99989 -0.00420302 0.73187 0.510303 -0.00364665 0.859987 3.16966 
0.88661 -0.0126854 -0.462343 -75.2847 0.0130739 0.999912 -0.00236371 0.724924 0.462332 -0.00394888 0.886698 3.6254 
0.908426 -0.00626102 -0.417999 -75.4908 0.00638307 0.999979 -0.00110615 0.718365 0.417997 -0.00166321 0.908447 4.10751 
0.926454 -0.00215533 -0.376403 -75.6867 0.00125533 0.999996 -0.0026364 0.716603 0.376407 0.00197004 0.926452 4.60777 
0.940379 0.00293695 -0.340115 -75.871 -0.00350331 0.999993 -0.00105124 0.711663 0.34011 0.00218014 0.940383 5.13148 
0.950777 0.00362095 -0.309856 -76.0462 -0.00343834 0.999993 0.00113536 0.703922 0.309858 -1.40411e-05 0.950783 5.68306 
0.958398 0.00305993 -0.285418 -76.2079 -0.0023478 0.999993 0.00283707 0.698681 0.285424 -0.00204889 0.958399 6.25964 
0.964427 0.00335976 -0.264329 -76.3658 -0.00213448 0.999986 0.00492236 0.695491 0.264342 -0.00418301 0.96442 6.84521 
0.969256 0.00563147 -0.245991 -76.5246 -0.00390122 0.999964 0.00752041 0.693379 0.246024 -0.00632949 0.969243 7.45527 
0.972982 0.0104503 -0.230646 -76.6859 -0.0086141 0.999923 0.00896652 0.694856 0.230721 -0.00673741 0.972997 8.08275 
0.975981 0.0141604 -0.217393 -76.8381 -0.012204 0.999872 0.0103391 0.690949 0.217512 -0.00743762 0.976029 8.7227 
0.978847 0.0128874 -0.204186 -76.9801 -0.0110476 0.999888 0.0101479 0.68999 0.204294 -0.00767743 0.97888 9.3775 
0.981568 0.0128952 -0.19068 -77.1104 -0.0112247 0.999889 0.00983846 0.68847 0.190786 -0.00751675 0.981603 10.0506 
0.984281 0.0130758 -0.176126 -77.2387 -0.0114248 0.999881 0.0103845 0.691857 0.176241 -0.00820899 0.984313 10.742 
0.986661 0.0144314 -0.162149 -77.3596 -0.0128126 0.999857 0.0110248 0.688283 0.162285 -0.00880011 0.986705 11.4396 
0.988644 0.014601 -0.149568 -77.474 -0.0135038 0.999874 0.00834873 0.68284 0.149671 -0.00623415 0.988716 12.1526 
0.990238 0.0151299 -0.13856 -77.5861 -0.01484 0.999885 0.00312536 0.674683 0.138591 -0.00103858 0.990349 12.8674 
0.991554 0.0132821 -0.129015 -77.6912 -0.0138005 0.9999 -0.00312536 0.673626 0.12896 0.00487947 0.991638 13.6079 
0.992585 0.0131398 -0.12084 -77.7926 -0.0136435 0.999901 -0.00334252 0.670914 0.120784 0.00496646 0.992666 14.36 
0.993354 0.0150933 -0.114104 -77.8968 -0.0148553 0.999885 0.00293539 0.660877 0.114135 -0.0012208 0.993465 15.1251 
0.993826 0.0196864 -0.10919 -77.9969 -0.018585 0.999766 0.0110953 0.650159 0.109382 -0.00899742 0.993959 15.8918 
0.994263 0.0202901 -0.105019 -78.0905 -0.0188294 0.999712 0.0148813 0.643819 0.105291 -0.0128184 0.994359 16.6602 
0.994641 0.0190838 -0.101615 -78.1813 -0.0177736 0.999747 0.0137838 0.641111 0.101853 -0.0119038 0.994728 17.4267 
0.994963 0.0189392 -0.0984352 -78.2742 -0.017753 0.999759 0.0129123 0.637076 0.0986559 -0.0110997 0.99506 18.1961 
0.995275 0.0174858 -0.0955068 -78.3605 -0.0161137 0.999756 0.015118 0.6358 0.0957477 -0.0135075 0.995314 18.9658 
0.995543 0.0156138 -0.0930067 -78.4414 -0.0140325 0.999746 0.017632 0.632474 0.0932583 -0.0162483 0.995509 19.7335 
0.995844 0.0136688 -0.0900487 -78.5197 -0.0119686 0.99974 0.0193934 0.628794 0.0902904 -0.018235 0.995749 20.4989 
0.996083 0.0130518 -0.0874506 -78.5976 -0.0117055 0.999805 0.0158897 0.623946 0.0876409 -0.0148038 0.996042 21.2564 
0.996188 0.0156152 -0.0858295 -78.6789 -0.0149342 0.999852 0.00857013 0.619685 0.0859506 -0.00725561 0.996273 22.009 
0.996322 0.0160518 -0.0841693 -78.7587 -0.0160333 0.999871 0.000894732 0.612299 0.0841728 0.000458114 0.996451 22.7625 
0.996411 0.0171148 -0.0829025 -78.8345 -0.017432 0.999843 -0.00310468 0.599911 0.0828364 0.00453874 0.996553 23.5118 
0.996567 0.0186157 -0.0806697 -78.9139 -0.0187727 0.999823 -0.00118785 0.585138 0.0806333 0.0026982 0.99674 24.2657 
0.996699 0.0219484 -0.0781648 -78.9959 -0.0218085 0.999759 0.00264242 0.571725 0.0782039 -0.000929 0.996937 25.023 
0.996784 0.0253368 -0.0760286 -79.0746 -0.0248137 0.999662 0.00781666 0.558024 0.0762008 -0.00590492 0.997075 25.7841 
0.997029 0.0228601 -0.0735613 -79.1412 -0.0222077 0.999707 0.00967306 0.552051 0.0737608 -0.00801065 0.997244 26.5419 
0.997176 0.0199023 -0.0724163 -79.2057 -0.0192643 0.999769 0.00949811 0.544131 0.0725886 -0.00807619 0.997329 27.295 
0.997283 0.0182228 -0.0713708 -79.2694 -0.0175765 0.999799 0.00967172 0.534284 0.0715327 -0.00839095 0.997403 28.0459 
0.997375 0.0176756 -0.070215 -79.3388 -0.0171758 0.999823 0.00771427 0.530491 0.0703389 -0.00648798 0.997502 28.799 
0.997459 0.0157431 -0.0694861 -79.4034 -0.0153294 0.999862 0.00648129 0.525885 0.0695785 -0.00539959 0.997562 29.557 
0.997517 0.0146907 -0.068882 -79.4682 -0.0142717 0.999877 0.00657083 0.51909 0.06897 -0.00557141 0.997603 30.3184 
0.997512 0.0175972 -0.0682698 -79.5391 -0.0171235 0.999825 0.00751697 0.513517 0.0683901 -0.0063292 0.997639 31.0886 
0.997523 0.0170329 -0.0682417 -79.6079 -0.0166183 0.99984 0.00663765 0.506476 0.0683438 -0.0054871 0.997647 31.8693 
0.997409 0.0165926 -0.0699979 -79.6746 -0.0161708 0.999848 0.00658787 0.499022 0.0700965 -0.00543884 0.997525 32.6441 
0.997306 0.0141839 -0.07197 -79.7437 -0.0137142 0.999881 0.00701561 0.49495 0.072061 -0.00600965 0.997382 33.4298 
0.99705 0.015961 -0.075079 -79.8217 -0.0154889 0.999857 0.0068663 0.48894 0.0751778 -0.00568311 0.997154 34.2157 
0.99678 0.0194781 -0.0777776 -79.9057 -0.0190375 0.999798 0.00640222 0.483113 0.0778866 -0.00490087 0.99695 35.0047 
0.996574 0.0198787 -0.0802785 -79.9907 -0.0198209 0.999802 0.00151666 0.475197 0.0802928 7.97756e-05 0.996771 35.8015 
0.996347 0.0205373 -0.0828871 -80.0719 -0.0207694 0.999782 -0.00193878 0.466307 0.0828292 0.00365325 0.996557 36.6032 
0.996191 0.0194533 -0.0849977 -80.1572 -0.0198181 0.999798 -0.00345063 0.455752 0.0849133 0.00512203 0.996375 37.4185 
0.996016 0.0197129 -0.086964 -80.2473 -0.019953 0.999799 -0.00189341 0.441765 0.0869092 0.0036211 0.99621 38.2403 
0.995839 0.0182914 -0.0892807 -80.3343 -0.018467 0.999829 -0.00114231 0.42914 0.0892444 0.00278635 0.996006 39.0695 
0.995691 0.0175771 -0.0910506 -80.4241 -0.0175996 0.999845 0.000555272 0.420306 0.0910462 0.00104962 0.995846 39.9003 
0.995578 0.0171582 -0.0923545 -80.5183 -0.0168303 0.999849 0.00432819 0.410003 0.0924148 -0.00275465 0.995717 40.7397 
0.995499 0.017113 -0.0932155 -80.6134 -0.0163404 0.999826 0.00904523 0.403338 0.093354 -0.00748129 0.995605 41.5939 
0.99556 0.0169677 -0.0925828 -80.7082 -0.0159942 0.999809 0.0112468 0.396255 0.0927559 -0.00971608 0.995642 42.4458 
0.995684 0.0201205 -0.0905976 -80.8059 -0.0191818 0.999753 0.0112196 0.393493 0.0908009 -0.00943333 0.995824 43.3012 
0.995841 0.0201379 -0.0888588 -80.8993 -0.0193294 0.999764 0.00994897 0.390527 0.0890381 -0.00818996 0.995995 44.1612 
0.996026 0.0175694 -0.0873169 -80.9893 -0.0169536 0.999826 0.00778922 0.383889 0.0874385 -0.00627789 0.99615 45.0265 
0.996235 0.013651 -0.0856118 -81.0729 -0.0131656 0.999894 0.00623235 0.37734 0.0856878 -0.00508171 0.996309 45.8946 
0.996415 0.0124936 -0.0836754 -81.1614 -0.0120377 0.99991 0.00594997 0.372525 0.0837421 -0.00492134 0.996475 46.7639 
0.996506 0.0101279 -0.0829015 -81.2463 -0.00946126 0.99992 0.00842915 0.363486 0.0829802 -0.0076153 0.996522 47.6387 
0.996597 0.00722021 -0.0821126 -81.3271 -0.00632619 0.999918 0.0111423 0.354265 0.0821862 -0.0105848 0.996561 48.5126 
0.996664 0.00687151 -0.0813217 -81.414 -0.00596849 0.999918 0.0113416 0.348352 0.0813929 -0.0108184 0.996623 49.3855 
0.996751 0.00807634 -0.0801351 -81.5032 -0.00744013 0.999938 0.0082341 0.337314 0.0801966 -0.00761109 0.99675 50.2511 
0.996775 0.0105793 -0.0795464 -81.5915 -0.010428 0.999943 0.00231605 0.328905 0.0795663 -0.00147902 0.996829 51.1118 
0.99683 0.0121227 -0.0786294 -81.6774 -0.0124013 0.999918 -0.00305616 0.314087 0.0785859 0.00402163 0.996899 51.971 
0.996827 0.0167091 -0.0778241 -81.7678 -0.0174451 0.999809 -0.00878804 0.294718 0.0776624 0.0101178 0.996928 52.821 
0.996929 0.0167883 -0.0764943 -81.8531 -0.0175797 0.999799 -0.00968447 0.27425 0.0763163 0.0109995 0.997023 53.6692 
0.996971 0.0137742 -0.0765437 -81.9284 -0.0140987 0.999894 -0.00370053 0.259117 0.0764846 0.00476853 0.997059 54.5256 
0.996942 0.0131705 -0.0770318 -82.012 -0.012779 0.999903 0.00557226 0.239517 0.0770977 -0.00457078 0.997013 55.3867 
0.996859 0.0120921 -0.0782748 -82.094 -0.011071 0.999848 0.0134658 0.223283 0.0784256 -0.0125569 0.996841 56.2416 
0.996697 0.0103138 -0.0805548 -82.1781 -0.00944135 0.999893 0.011204 0.217343 0.0806617 -0.0104064 0.996687 57.0894 
0.996583 0.00511371 -0.0824435 -82.2543 -0.00449025 0.99996 0.00774537 0.210512 0.0824798 -0.00734867 0.996566 57.9223 
0.996375 0.00359137 -0.0849986 -82.3385 -0.00306621 0.999975 0.00630764 0.199541 0.0850191 -0.0060241 0.996361 58.7524 
0.996123 0.00580571 -0.0877775 -82.4305 -0.00547453 0.999977 0.00401275 0.186624 0.0877988 -0.0035166 0.996132 59.5798 
0.995817 0.00740762 -0.0910722 -82.5256 -0.00738517 0.999973 0.000583004 0.174477 0.091074 9.2063e-05 0.995844 60.4015 
0.995447 0.00804417 -0.0949771 -82.6218 -0.00835046 0.999961 -0.00282827 0.161505 0.0949506 0.00360854 0.995475 61.2171 
0.995129 0.00996448 -0.0980807 -82.7208 -0.0106792 0.99992 -0.00676499 0.143672 0.0980054 0.0077795 0.995156 62.0274 
0.994755 0.0144544 -0.101256 -82.8279 -0.0152207 0.999861 -0.00679953 0.124031 0.101144 0.0083051 0.994837 62.8347 
0.994344 0.0180827 -0.10466 -82.9365 -0.0187196 0.999812 -0.00510692 0.10957 0.104547 0.00703727 0.994495 63.638 
0.993873 0.0209133 -0.108534 -83.0456 -0.020968 0.99978 0.000636947 0.0937054 0.108524 0.00164274 0.994093 64.4404 
0.993412 0.0215902 -0.112542 -83.1565 -0.0210129 0.999759 0.00631333 0.078197 0.112651 -0.00390686 0.993627 65.2383 
0.992849 0.0206451 -0.117578 -83.2657 -0.0196256 0.999759 0.00982238 0.0686581 0.117752 -0.00744457 0.993015 66.0319 
0.992081 0.0203959 -0.123931 -83.3812 -0.0191952 0.999757 0.0108739 0.0618347 0.124123 -0.00840891 0.992231 66.816 
0.991398 0.0183638 -0.129587 -83.4987 -0.0166104 0.999755 0.014599 0.0555096 0.129823 -0.0123209 0.991461 67.5974 
0.990499 0.0184807 -0.136272 -83.619 -0.0166885 0.999759 0.0142819 0.0501093 0.136503 -0.011872 0.990568 68.3712 
0.989569 0.0234343 -0.14214 -83.7571 -0.0217616 0.999675 0.0133115 0.0447153 0.142406 -0.0100794 0.989757 69.1437 
0.988627 0.0255039 -0.148212 -83.8943 -0.024357 0.999658 0.00954833 0.0400668 0.148405 -0.00582969 0.98891 69.9092 
0.987727 0.0239784 -0.154341 -84.0286 -0.0232163 0.999708 0.00673841 0.0346164 0.154458 -0.00307242 0.987995 70.6748 
0.986859 0.0252849 -0.159591 -84.1721 -0.024729 0.999679 0.00546843 0.0269193 0.159678 -0.00145 0.987168 71.4467 
0.986062 0.0274515 -0.164101 -84.3229 -0.026103 0.999606 0.0103681 0.0248593 0.16432 -0.00594001 0.986389 72.2103 
0.985013 0.0281347 -0.170168 -84.476 -0.0260369 0.999555 0.014547 0.020822 0.170502 -0.00989828 0.985308 72.9745 
0.983935 0.0272826 -0.176432 -84.6272 -0.0247294 0.999555 0.0166541 0.0135573 0.176808 -0.0120234 0.984172 73.732 
0.982727 0.0247329 -0.183401 -84.7841 -0.0227767 0.999659 0.0127653 0.0111517 0.183654 -0.00836745 0.982955 74.4777 
0.981183 0.0231011 -0.191692 -84.9476 -0.0224473 0.999732 0.00558138 0.0105037 0.19177 -0.00117333 0.981439 75.2167 
0.979406 0.0206103 -0.200846 -85.1141 -0.0202677 0.999788 0.00376233 0.00390364 0.200881 0.000385882 0.979616 75.9561 
0.977192 0.0203074 -0.211384 -85.2962 -0.0193231 0.999791 0.00672132 -0.0047948 0.211476 -0.00248339 0.97738 76.6969 
0.974757 0.0202365 -0.222349 -85.4824 -0.0178654 0.99976 0.0126697 -0.00472329 0.222552 -0.0083775 0.974885 77.4326 
0.971954 0.0219822 -0.234143 -85.6826 -0.0176981 0.999636 0.0203825 -0.0079484 0.234506 -0.0156669 0.971988 78.1654 
0.969224 0.0228486 -0.245119 -85.8896 -0.0175203 0.999561 0.023896 -0.0109223 0.245557 -0.018866 0.969199 78.8887 
0.966242 0.0258568 -0.256335 -86.1071 -0.0215817 0.999577 0.0194772 -0.0179621 0.25673 -0.0132875 0.966392 79.5991 
0.963031 0.0249042 -0.268236 -86.3271 -0.0229976 0.999683 0.0102479 -0.0188637 0.268406 -0.0037002 0.963299 80.3006 
0.95961 0.0224378 -0.280438 -86.5549 -0.0218494 0.999748 0.00522466 -0.015468 0.280484 0.00111382 0.959858 81.0076 
0.956012 0.0212841 -0.292555 -86.7909 -0.0192047 0.999766 0.00997808 -0.0133761 0.292698 -0.00392069 0.956197 81.7246 
0.952436 0.0226252 -0.303898 -87.0414 -0.0181599 0.999682 0.017512 -0.0200046 0.304197 -0.0111602 0.952544 82.4439 
0.948599 0.0225698 -0.315676 -87.3007 -0.0161706 0.999608 0.0228764 -0.021343 0.316068 -0.0165958 0.948591 83.1546 
0.9444 0.0202619 -0.328174 -87.5662 -0.0141826 0.999681 0.0209078 -0.0181588 0.328493 -0.0150909 0.944386 83.8589 
0.940423 0.0183318 -0.339513 -87.8355 -0.0136159 0.999775 0.0162674 -0.016022 0.339735 -0.0106754 0.940461 84.5599 
0.937212 0.0142695 -0.348467 -88.1147 -0.0116983 0.999887 0.00948163 -0.0195155 0.348563 -0.00480978 0.937273 85.2565 
0.934333 0.0100325 -0.356261 -88.3968 -0.0093799 0.99995 0.00355926 -0.0236587 0.356279 1.62055e-05 0.93438 85.9577 
0.931596 0.00984489 -0.363363 -88.6909 -0.0100162 0.999949 0.00141276 -0.0277197 0.363358 0.00232342 0.931647 86.6571 
0.928437 0.0150266 -0.371187 -88.9936 -0.0156291 0.999877 0.00138499 -0.0388019 0.371162 0.00451551 0.928557 87.3514 
0.925241 0.0148972 -0.379088 -89.2995 -0.0146172 0.999887 0.00361665 -0.0480425 0.379098 0.00219497 0.925354 88.0529 
0.921943 0.015581 -0.387012 -89.609 -0.0126304 0.999869 0.0101661 -0.0500286 0.387119 -0.00448443 0.922019 88.7566 
0.919047 0.0175779 -0.393757 -89.9231 -0.0112871 0.999769 0.0182865 -0.0505632 0.393987 -0.0123617 0.919033 89.4577 
0.916322 0.0274252 -0.399502 -90.2565 -0.0189576 0.999504 0.0251322 -0.0571779 0.399993 -0.0154555 0.916388 90.1517 
0.913609 0.0338738 -0.405181 -90.5922 -0.0273515 0.999386 0.0218775 -0.0557902 0.405674 -0.00890511 0.913975 90.8339 
0.911141 0.030113 -0.410994 -90.9208 -0.0265962 0.999544 0.0142737 -0.0526525 0.411237 -0.00207443 0.911526 91.5192 
0.909129 0.0223453 -0.415914 -91.2471 -0.0214235 0.999747 0.00688334 -0.0513751 0.415962 0.00265253 0.909378 92.2066 
0.907442 0.0230322 -0.419545 -91.5881 -0.0224781 0.999728 0.0062646 -0.0529419 0.419575 0.00374588 0.907713 92.895 
0.905151 0.0289825 -0.4241 -91.9419 -0.0266912 0.999579 0.0113433 -0.0559478 0.42425 0.00105237 0.905544 93.5906 
0.902556 0.0311615 -0.429443 -92.2916 -0.0270623 0.999511 0.0156505 -0.0601006 0.42972 -0.00250371 0.902959 94.2886 
0.900199 0.0276739 -0.434599 -92.6379 -0.0240972 0.999615 0.0137392 -0.0668896 0.434812 -0.00189531 0.900519 94.98 
0.897768 0.0256626 -0.43972 -92.9911 -0.0249849 0.999661 0.00733016 -0.0709829 0.439759 0.00440562 0.898105 95.6643 
0.895534 0.0230695 -0.444394 -93.3517 -0.0253363 0.999679 0.000838184 -0.0755407 0.44427 0.0105087 0.895831 96.3467 
0.893169 0.0238778 -0.449087 -93.7203 -0.0269792 0.999636 -0.00050737 -0.0823296 0.448912 0.0125692 0.893488 97.0326 
0.891076 0.0267766 -0.453064 -94.0894 -0.0280446 0.999599 0.00392002 -0.0958316 0.452988 0.00921302 0.891469 97.7202 
0.88896 0.0284672 -0.457099 -94.4615 -0.0289236 0.999564 0.00600062 -0.104766 0.457071 0.00788667 0.889395 98.3994 
0.886604 0.0294023 -0.461594 -94.838 -0.0296624 0.999538 0.0066939 -0.113872 0.461577 0.00775721 0.887066 99.078 
0.884306 0.0275875 -0.466091 -95.2109 -0.0279838 0.99959 0.00607168 -0.125258 0.466068 0.00767383 0.884716 99.7525 
0.882143 0.0258006 -0.470274 -95.5838 -0.0263601 0.999638 0.00539663 -0.133421 0.470243 0.0076359 0.882504 100.422 
0.879931 0.0253376 -0.474425 -95.9615 -0.0255867 0.999655 0.00593186 -0.140968 0.474411 0.00691939 0.880276 101.088 
0.877551 0.0266315 -0.478744 -96.3428 -0.0267869 0.99962 0.00650546 -0.149713 0.478735 0.00711525 0.87793 101.748 
0.875259 0.0270133 -0.482899 -96.7259 -0.0272945 0.999607 0.00644628 -0.15967 0.482883 0.00753834 0.875653 102.404 
0.872751 0.0240194 -0.487575 -97.1026 -0.0262083 0.999654 0.00233346 -0.169467 0.487462 0.010742 0.873078 103.057 
0.870355 0.0207795 -0.491986 -97.4789 -0.0250004 0.999685 -0.0020046 -0.183322 0.491789 0.0140446 0.870601 103.695 
0.868231 0.0192776 -0.495786 -97.8592 -0.0248878 0.999679 -0.00471367 -0.193289 0.495536 0.0164316 0.868432 104.33 
0.866249 0.0209025 -0.499175 -98.2418 -0.0246485 0.999696 -0.00091273 -0.202696 0.499004 0.0130946 0.866501 104.964 
0.8643 0.0250966 -0.50235 -98.6263 -0.024477 0.99967 0.00782887 -0.213206 0.502381 0.00552956 0.864629 105.595 
0.862764 0.0268623 -0.504893 -99.0078 -0.0210664 0.99963 0.0171859 -0.220778 0.505168 -0.00419104 0.863011 106.224 
0.861237 0.0264201 -0.507516 -99.3808 -0.017755 0.999602 0.0219073 -0.226578 0.507893 -0.00985641 0.861364 106.834 
0.859601 0.0233664 -0.510432 -99.7464 -0.0144622 0.999666 0.0214071 -0.226767 0.510762 -0.0110195 0.859652 107.427 
0.857808 0.021428 -0.513523 -100.107 -0.0143224 0.999739 0.0177917 -0.227314 0.513771 -0.00790696 0.857891 108.003 
0.856142 0.0193962 -0.516377 -100.46 -0.0136591 0.999796 0.0149078 -0.229454 0.516561 -0.00570986 0.856232 108.564 
0.854606 0.0175661 -0.518979 -100.809 -0.0121818 0.999831 0.0137819 -0.232757 0.519133 -0.00545593 0.854676 109.111 
0.853372 0.0160039 -0.521056 -101.145 -0.0105888 0.999855 0.0133676 -0.234639 0.521194 -0.00589011 0.853418 109.642 
0.851998 0.0164201 -0.523288 -101.476 -0.0104006 0.999842 0.01444 -0.2413 0.523442 -0.00686029 0.852034 110.153 
0.850754 0.016066 -0.525319 -101.796 -0.00911194 0.999833 0.0158214 -0.244898 0.525485 -0.00867339 0.850759 110.65 
0.849241 0.0147808 -0.527798 -102.102 -0.00715102 0.999838 0.016494 -0.249904 0.527956 -0.010233 0.84921 111.129 
0.847895 0.0132284 -0.529999 -102.399 -0.00528367 0.99985 0.0165027 -0.250789 0.530138 -0.0111921 0.847838 111.591 
0.846741 0.012114 -0.531867 -102.686 -0.00460127 0.99987 0.015448 -0.255098 0.531985 -0.0106331 0.846687 112.023 
0.845397 0.0119611 -0.534005 -102.961 -0.00662079 0.999907 0.0119151 -0.260556 0.534098 -0.0065374 0.845397 112.439 
0.843946 0.00945029 -0.536346 -103.229 -0.00614456 0.99995 0.0079503 -0.267982 0.536394 -0.00341396 0.843961 112.833 
0.841572 0.00576393 -0.540114 -103.478 -0.00305131 0.999978 0.00591705 -0.274328 0.540136 -0.00333152 0.841571 113.215 
0.838832 0.00164743 -0.544389 -103.721 0.00203248 0.999979 0.00615788 -0.274479 0.544387 -0.00627183 0.838811 113.584 
0.835194 0.00250766 -0.54995 -103.956 0.00199046 0.999969 0.00758247 -0.279379 0.549952 -0.00742744 0.835163 113.932 
0.831174 0.00619365 -0.555978 -104.188 -0.00116721 0.999955 0.00939459 -0.28558 0.556012 -0.00715954 0.831144 114.264 
0.827328 0.0122115 -0.561587 -104.416 -0.00525021 0.999888 0.0140076 -0.291197 0.561695 -0.0086404 0.827299 114.578 
0.823224 0.0174579 -0.567449 -104.636 -0.00693076 0.999762 0.0207035 -0.292003 0.567675 -0.0131107 0.823149 114.876 
0.818332 0.0189313 -0.574434 -104.84 -0.00587141 0.999681 0.0245816 -0.291388 0.574715 -0.0167431 0.818182 115.157 
0.812763 0.016154 -0.58237 -105.03 -0.00149493 0.99967 0.0256429 -0.290985 0.582592 -0.0199709 0.812519 115.42 
0.805576 0.0142743 -0.592321 -105.21 0.00185956 0.999644 0.0266193 -0.292567 0.59249 -0.0225453 0.805262 115.663 
0.796693 0.0128232 -0.604248 -105.391 0.00488403 0.999606 0.0276529 -0.291887 0.604364 -0.024982 0.796316 115.891 
0.786301 0.0134469 -0.617697 -105.57 0.00533997 0.999578 0.0285578 -0.294328 0.61782 -0.0257535 0.785898 116.098 
0.773877 0.014679 -0.633165 -105.747 0.00379425 0.999606 0.0278118 -0.291952 0.633324 -0.0239253 0.773517 116.289 
0.759664 0.0131374 -0.650183 -105.919 0.00400538 0.999682 0.0248791 -0.291704 0.650304 -0.021504 0.75937 116.464 
0.744611 0.0106927 -0.667413 -106.086 0.00328767 0.999801 0.0196858 -0.29434 0.66749 -0.0168525 0.744428 116.624 
0.729364 0.00670982 -0.684093 -106.248 0.00365198 0.9999 0.013701 -0.287588 0.684116 -0.0124912 0.729266 116.775 
0.713637 0.00660087 -0.700485 -106.412 -0.00011731 0.999957 0.00930334 -0.282569 0.700516 -0.00655698 0.713607 116.915 
0.697558 0.0101544 -0.716456 -106.586 -0.00741785 0.999948 0.0069501 -0.281133 0.71649 0.000466519 0.697598 117.048 
0.680001 0.0120354 -0.733112 -106.761 -0.0100252 0.999924 0.00711662 -0.280644 0.733143 0.00251036 0.68007 117.182 
0.660655 0.0105003 -0.750616 -106.932 -0.00672399 0.999945 0.00806999 -0.276426 0.750659 -0.000284296 0.660689 117.322 
0.640294 0.00958872 -0.76807 -107.112 -0.0037795 0.999949 0.00933277 -0.272707 0.768121 -0.00307275 0.640298 117.452 
0.617618 0.0110789 -0.7864 -107.298 -0.00366079 0.99993 0.0112121 -0.266637 0.78647 -0.00404589 0.617616 117.576 
0.593347 0.0152837 -0.804801 -107.495 -0.00710244 0.99988 0.0137521 -0.259719 0.804915 -0.00244365 0.593385 117.684 
0.568463 0.0192771 -0.822483 -107.693 -0.00917317 0.999812 0.0170932 -0.256362 0.822658 -0.002172 0.568533 117.788 
0.542657 0.0220587 -0.839665 -107.893 -0.0109302 0.999756 0.0192005 -0.251458 0.839883 -0.00124151 0.542766 117.887 
0.51642 0.0251197 -0.855967 -108.096 -0.0139393 0.999684 0.0209275 -0.250621 0.856222 0.00112426 0.516607 117.976 
0.489632 0.0292473 -0.871439 -108.308 -0.0181771 0.999562 0.0233343 -0.246384 0.87174 0.0044151 0.489949 118.054 
0.461502 0.0321382 -0.886557 -108.516 -0.0202998 0.999465 0.025664 -0.246038 0.886907 0.00615305 0.461907 118.128 
0.431588 0.0312126 -0.901531 -108.73 -0.0190947 0.999493 0.025463 -0.241145 0.901869 0.00622499 0.431965 118.199 
0.399349 0.0280206 -0.916371 -108.96 -0.0190006 0.999571 0.0222843 -0.239194 0.916602 0.00851246 0.39971 118.262 
0.364692 0.0237055 -0.930827 -109.206 -0.0183698 0.999665 0.0182614 -0.235253 0.930947 0.0104393 0.365005 118.323 
0.325496 0.0213179 -0.945303 -109.47 -0.0180142 0.999704 0.0163419 -0.22833 0.945372 0.0117097 0.325784 118.377 
0.283891 0.019969 -0.958649 -109.756 -0.0173416 0.999727 0.0156892 -0.218821 0.9587 0.0121705 0.28416 118.425 
0.239844 0.0181209 -0.970642 -110.058 -0.0164098 0.999759 0.0146096 -0.21207 0.970673 0.0124241 0.240084 118.467 
0.192616 0.0150499 -0.981159 -110.381 -0.0153224 0.999807 0.0123279 -0.200437 0.981155 0.0126592 0.19281 118.492 
0.143311 0.0128982 -0.989594 -110.714 -0.01451 0.999835 0.0109304 -0.193127 0.989571 0.0127926 0.143475 118.502 
0.0930568 0.0124802 -0.995583 -111.065 -0.0138043 0.999842 0.0112433 -0.184741 0.995565 0.0126971 0.0932143 118.493 
0.0407515 0.0138125 -0.999074 -111.433 -0.012518 0.999833 0.0133124 -0.179345 0.999091 0.0119639 0.0409176 118.469 
-0.012664 0.0157038 -0.999797 -111.815 -0.00973193 0.999827 0.0158275 -0.167977 0.999872 0.00993043 -0.012509 118.429 
-0.0662705 0.0176874 -0.997645 -112.2 -0.00624211 0.999816 0.0181405 -0.162302 0.997782 0.00742963 -0.0661479 118.365 
-0.120095 0.0195466 -0.99257 -112.6 -0.00212606 0.999799 0.0199462 -0.158782 0.99276 0.00450574 -0.120029 118.283 
-0.172886 0.0214354 -0.984709 -113.003 0.000995789 0.999766 0.0215884 -0.154149 0.984941 0.0027518 -0.172867 118.17 
-0.224155 0.0230238 -0.974281 -113.419 0.00293738 0.999732 0.0229494 -0.14746 0.974549 0.00228244 -0.224163 118.034 
-0.273546 0.0243466 -0.961551 -113.84 0.00620787 0.999704 0.0235466 -0.137687 0.961839 0.00047194 -0.273616 117.875 
-0.321677 0.0261765 -0.946488 -114.273 0.0112935 0.999653 0.0238086 -0.131889 0.946782 -0.00303048 -0.321861 117.693 
-0.368138 0.0275604 -0.929362 -114.71 0.0158795 0.999601 0.0233532 -0.121862 0.929635 -0.00616057 -0.368429 117.484 
-0.411943 0.0294391 -0.910734 -115.145 0.0203114 0.999526 0.0231221 -0.114433 0.910983 -0.00897324 -0.412346 117.246 
