1 2.12261e-08 -2.11895e-08 0 2.12261e-08 1 2.10703e-08 0 -2.11895e-08 2.10703e-08 1 0 
0.999999 0.000487516 0.00162375 -0.0063102 -0.000486002 1 -0.000906964 -0.00618265 -0.00162424 0.000906215 0.999998 0.450928 
0.999992 0.00204104 0.00352122 -0.0153232 -0.0020341 0.999996 -0.00196285 -0.011391 -0.00352525 0.00195571 0.999992 0.912591 
0.99998 0.00343005 0.0053013 -0.0249474 -0.00341589 0.999991 -0.00266962 -0.0171548 -0.00531045 0.0026515 0.999982 1.38949 
0.999971 0.00353663 0.00669273 -0.0299704 -0.00351868 0.99999 -0.00268611 -0.0232688 -0.00670221 0.00266252 0.999974 1.87875 
0.99996 0.00312781 0.00833124 -0.0337244 -0.00310794 0.999992 -0.0023915 -0.031218 -0.0083387 0.00236556 0.999962 2.38016 
0.999946 0.00233871 0.0101164 -0.035428 -0.00232547 0.999996 -0.00131557 -0.0399796 -0.0101194 0.00129202 0.999948 2.88963 
0.99993 0.00208579 0.0116449 -0.0374878 -0.00208915 0.999998 0.000280284 -0.0473162 -0.0116444 -0.00030455 0.999932 3.40251 
0.99992 0.0027432 0.0123884 -0.0411623 -0.00275963 0.999995 0.0013133 -0.0543867 -0.0123848 -0.00134734 0.999922 3.91412 
0.999909 0.00347726 0.0130275 -0.0443442 -0.00349483 0.999993 0.00132921 -0.0633565 -0.0130229 -0.00137458 0.999914 4.43039 
0.999894 0.00393412 0.0140314 -0.0458517 -0.00394691 0.999992 0.00088719 -0.071054 -0.0140279 -0.000942435 0.999901 4.95046 
0.999881 0.00441705 0.0147941 -0.048208 -0.00442733 0.99999 0.000665148 -0.0780879 -0.014791 -0.000730525 0.99989 5.46976 
0.99987 0.00488842 0.0153884 -0.0496439 -0.00489031 0.999988 8.79901e-05 -0.0866399 -0.0153878 -0.000163191 0.999882 5.99604 
0.999853 0.00562249 0.0162031 -0.0511143 -0.00561356 0.999984 -0.000594005 -0.0946521 -0.0162062 0.000503003 0.999869 6.52573 
0.99983 0.00661154 0.0171916 -0.0521747 -0.00659876 0.999978 -0.000797866 -0.10209 -0.0171965 0.00068433 0.999852 7.06412 
0.999813 0.00725788 0.0179271 -0.0528947 -0.0072345 0.999973 -0.00136637 -0.111497 -0.0179366 0.00123646 0.999838 7.60408 
0.999778 0.00861139 0.0192166 -0.052323 -0.00857965 0.999962 -0.00173134 -0.121522 -0.0192309 0.00156613 0.999814 8.1517 
0.999703 0.0100935 0.022182 -0.0538826 -0.0100561 0.999948 -0.00179516 -0.13143 -0.022199 0.00157161 0.999752 8.71205 
0.9996 0.0109077 0.0260908 -0.0531447 -0.0108535 0.999939 -0.00221905 -0.139181 -0.0261135 0.00193502 0.999657 9.28074 
0.999486 0.0109288 0.0301554 -0.0451465 -0.010854 0.999938 -0.00264066 -0.148112 -0.0301824 0.00231204 0.999542 9.8511 
0.999331 0.0105471 0.0350242 -0.0313981 -0.0104421 0.99994 -0.00317784 -0.15895 -0.0350557 0.00281003 0.999381 10.4292 
0.999104 0.0107848 0.0409227 -0.0137362 -0.0106682 0.999938 -0.00306482 -0.169599 -0.0409533 0.00262554 0.999158 11.0152 
0.998842 0.0104808 0.0469533 0.00777029 -0.0103715 0.999943 -0.00257176 -0.180769 -0.0469776 0.00208185 0.998894 11.6113 
0.998534 0.0107415 0.0530579 0.0310109 -0.0105827 0.999939 -0.00327116 -0.188284 -0.0530899 0.0027049 0.998586 12.2109 
0.9982 0.0086894 0.0593369 0.0630917 -0.00846141 0.999956 -0.00409174 -0.20305 -0.0593699 0.00358234 0.99823 12.8224 
0.997823 0.00792139 0.0654716 0.0966783 -0.00763927 0.99996 -0.00455754 -0.212844 -0.0655052 0.0040475 0.997844 13.4471 
0.997367 0.0104814 0.0717602 0.132412 -0.0100496 0.999929 -0.00637596 -0.226713 -0.071822 0.00563805 0.997402 14.0832 
0.996843 0.0145178 0.0780542 0.166861 -0.0138075 0.999858 -0.00963119 -0.239146 -0.078183 0.00852309 0.996903 14.7287 
0.996433 0.0114609 0.0836004 0.222067 -0.0106867 0.999896 -0.00970166 -0.249959 -0.0837029 0.00877369 0.996452 15.3991 
0.996082 0.00407954 0.0883369 0.285516 -0.00346842 0.999969 -0.00706994 -0.257256 -0.088363 0.00673589 0.996066 16.0861 
0.995653 -0.00163695 0.0931233 0.353948 0.00197599 0.999992 -0.00354828 -0.267497 -0.0931167 0.00371691 0.995648 16.7864 
0.995247 -0.000963327 0.0973793 0.409258 0.000964867 1 3.17285e-05 -0.281716 -0.0973793 6.24204e-05 0.995247 17.5005 
0.99504 -0.0021168 0.0994562 0.473389 0.00212544 0.999998 1.95066e-05 -0.288659 -0.0994561 0.000192018 0.995042 18.2347 
0.995004 -0.00622962 0.0996394 0.539978 0.00643505 0.999978 -0.00173999 -0.295181 -0.0996264 0.00237252 0.995022 18.9649 
0.995118 -0.0121202 0.0979428 0.605276 0.012549 0.999914 -0.00376336 -0.298915 -0.0978889 0.00497412 0.995185 19.7155 
0.995566 -0.0143934 0.0929603 0.66875 0.0148688 0.99988 -0.00442355 -0.305161 -0.0928854 0.00578619 0.99566 20.4886 
0.996239 -0.0140487 0.0854992 0.717583 0.0144865 0.999885 -0.00450088 -0.316893 -0.0854262 0.00572258 0.996328 21.2739 
0.996989 -0.0138305 0.0763013 0.759242 0.0140775 0.999897 -0.00269992 -0.326826 -0.0762562 0.00376596 0.997081 22.0824 
0.99767 -0.0141326 0.0667474 0.795617 0.0142103 0.999899 -0.000688146 -0.335403 -0.066731 0.00163508 0.99777 22.9023 
0.998256 -0.0131126 0.0575523 0.822659 0.0129954 0.999913 0.00241114 -0.348752 -0.057579 -0.00165898 0.99834 23.7332 
0.998697 -0.0124673 0.0494966 0.84541 0.0122557 0.999914 0.00457823 -0.357434 -0.0495495 -0.00396561 0.998764 24.5697 
0.999036 -0.0106745 0.0425768 0.861921 0.0104518 0.999931 0.00545047 -0.364337 -0.0426321 -0.00500017 0.999078 25.4097 
0.99927 -0.0097034 0.0369545 0.875116 0.0094883 0.999937 0.00599271 -0.373268 -0.0370103 -0.00563765 0.999299 26.2473 
0.999461 -0.00837468 0.0317464 0.883304 0.00818577 0.999948 0.00607741 -0.383616 -0.0317957 -0.00581422 0.999478 27.0852 
0.999608 -0.00837316 0.0267283 0.882587 0.00821824 0.999949 0.00590238 -0.394744 -0.0267764 -0.00568036 0.999625 27.9284 
0.999723 -0.00836468 0.022012 0.885011 0.00824378 0.99995 0.00557951 -0.406885 -0.0220576 -0.00539646 0.999742 28.7647 
0.999819 -0.00720154 0.0176374 0.881408 0.00709086 0.999955 0.0063321 -0.41819 -0.0176823 -0.00620585 0.999824 29.6033 
0.999885 -0.00554707 0.0141151 0.875385 0.00544766 0.99996 0.00707473 -0.427719 -0.0141538 -0.00699698 0.999875 30.4334 
0.999929 -0.00335872 0.0114009 0.868401 0.00326727 0.999962 0.00803356 -0.439931 -0.0114275 -0.0079957 0.999903 31.2648 
0.99995 -0.00187565 0.00980169 0.858675 0.00179764 0.999967 0.0079653 -0.45011 -0.00981634 -0.00794724 0.99992 32.0901 
0.99996 -0.00105616 0.00888803 0.849541 0.000988972 0.999971 0.00756532 -0.459852 -0.0088958 -0.00755618 0.999932 32.91 
0.999967 0.000853103 0.0081358 0.835443 -0.000903613 0.99998 0.00621195 -0.47137 -0.00813039 -0.00621905 0.999948 33.7155 
0.999966 0.00332242 0.0075626 0.819979 -0.00336842 0.999976 0.00608357 -0.483395 -0.00754225 -0.0061088 0.999953 34.5218 
0.999962 0.00522683 0.00697502 0.80622 -0.00527305 0.999964 0.0066313 -0.49524 -0.00694015 -0.00666778 0.999954 35.317 
0.999958 0.00670205 0.00625437 0.794963 -0.00674684 0.999952 0.00717489 -0.507619 -0.00620602 -0.00721675 0.999955 36.1016 
0.99995 0.00818852 0.00577055 0.782543 -0.00823051 0.99994 0.00729859 -0.519315 -0.00571048 -0.00734568 0.999957 36.8694 
0.999932 0.0103707 0.0052591 0.769508 -0.0104084 0.99992 0.00720075 -0.530287 -0.00518405 -0.00725496 0.99996 37.6245 
0.999912 0.0122899 0.00508398 0.757036 -0.0123282 0.999895 0.00756728 -0.540225 -0.00499049 -0.00762925 0.999958 38.3686 
0.999872 0.015011 0.00546383 0.744081 -0.0150523 0.999858 0.00760816 -0.550493 -0.00534889 -0.00768939 0.999956 39.0951 
0.999801 0.0186309 0.00707994 0.730792 -0.0186846 0.999797 0.00760648 -0.562381 -0.00693682 -0.00773721 0.999946 39.8076 
0.999739 0.0206547 0.00980285 0.723356 -0.0207179 0.999765 0.00639007 -0.573461 -0.00966861 -0.00659145 0.999932 40.506 
0.999657 0.0222735 0.013756 0.71691 -0.0223485 0.999736 0.00532649 -0.583057 -0.0136338 -0.00563205 0.999891 41.1942 
0.999589 0.0217644 0.0186486 0.722315 -0.0218726 0.999745 0.00562154 -0.595047 -0.0185215 -0.00602708 0.99981 41.8754 
0.99945 0.0228469 0.024054 0.726405 -0.022995 0.999718 0.00590259 -0.605054 -0.0239124 -0.00645242 0.999693 42.5382 
0.99927 0.0232297 0.0303414 0.733692 -0.0234302 0.999706 0.0062703 -0.612847 -0.0301869 -0.00697659 0.99952 43.1899 
0.999034 0.0226473 0.0376523 0.749961 -0.0229192 0.999714 0.00680808 -0.622626 -0.0374873 -0.00766442 0.999268 43.8242 
0.998671 0.022739 0.0462477 0.772646 -0.0230743 0.999711 0.00672955 -0.632568 -0.0460813 -0.0077877 0.998907 44.4477 
0.998121 0.0234337 0.0566168 0.800799 -0.0238366 0.999695 0.0064528 -0.641563 -0.0564484 -0.00779019 0.998375 45.054 
0.997375 0.0231281 0.0686233 0.837249 -0.023618 0.999701 0.00633664 -0.651651 -0.0684562 -0.0079407 0.997623 45.6506 
0.996461 0.0219403 0.0811432 0.883064 -0.0225269 0.999726 0.00632079 -0.659382 -0.0809824 -0.00812628 0.996682 46.2341 
0.995333 0.0212519 0.0941259 0.936255 -0.0219042 0.999743 0.00590248 -0.668078 -0.0939763 -0.00793664 0.995543 46.8096 
0.993821 0.0212004 0.108955 0.996077 -0.0219666 0.999742 0.0058366 -0.676151 -0.108803 -0.00819387 0.99403 47.3706 
0.991874 0.0210505 0.125469 1.06419 -0.0219935 0.999739 0.00613618 -0.684264 -0.125307 -0.00884579 0.992079 47.9217 
0.989457 0.0235959 0.142892 1.13935 -0.0246339 0.999681 0.00549953 -0.693107 -0.142716 -0.00896148 0.989723 48.4643 
0.986256 0.0220013 0.163753 1.22718 -0.0230968 0.999722 0.00478886 -0.702689 -0.163602 -0.00850517 0.98649 48.988 
0.982066 0.0252527 0.186836 1.32667 -0.026453 0.999642 0.00393386 -0.716984 -0.18667 -0.00880566 0.982383 49.5128 
0.976926 0.0241513 0.212207 1.44413 -0.0250886 0.999684 0.00172516 -0.728913 -0.212099 -0.00700929 0.977223 50.0126 
0.970835 0.0232874 0.238617 1.57526 -0.0236866 0.999719 -0.00119429 -0.737764 -0.238578 -0.00449254 0.971113 50.4956 
0.963522 0.0223204 0.266697 1.71854 -0.0221032 0.999748 -0.00381663 -0.746622 -0.266715 -0.00221741 0.963773 50.9634 
0.954859 0.0201109 0.296378 1.87039 -0.0195417 0.999797 -0.00488296 -0.757951 -0.296416 -0.00112916 0.955058 51.4132 
0.944734 0.022238 0.327083 2.03013 -0.0210359 0.999753 -0.00721237 -0.768801 -0.327162 -6.66917e-05 0.944968 51.8434 
0.933144 0.0229336 0.358771 2.19553 -0.0218381 0.999736 -0.00710594 -0.780652 -0.358839 -0.00120399 0.933399 52.2585 
0.920061 0.0222498 0.391144 2.37699 -0.0217837 0.999747 -0.0056292 -0.795626 -0.39117 -0.00334132 0.920312 52.6634 
0.904952 0.0214385 0.424973 2.56731 -0.0213044 0.99976 -0.00506836 -0.807119 -0.42498 -0.00446712 0.905192 53.0449 
0.887839 0.0206422 0.45969 2.77111 -0.0205961 0.999775 -0.00511529 -0.824934 -0.459693 -0.00492623 0.888065 53.4072 
0.868627 0.0204299 0.495046 2.98052 -0.0200088 0.999781 -0.00615127 -0.837905 -0.495063 -0.0045621 0.868845 53.7463 
0.847329 0.0194537 0.530712 3.19839 -0.0180026 0.999807 -0.00790602 -0.850057 -0.530763 -0.00285514 0.847516 54.0674 
0.824003 0.0180948 0.566296 3.4301 -0.0155773 0.999836 -0.00928143 -0.863147 -0.566371 -0.00117338 0.82415 54.3716 
0.798526 0.0149919 0.601774 3.67312 -0.0117781 0.999888 -0.00928104 -0.877728 -0.601846 0.000323424 0.798612 54.664 
0.770536 0.0111987 0.637298 3.93176 -0.008652 0.999937 -0.00711007 -0.888333 -0.637338 -3.53071e-05 0.770585 54.9449 
0.740748 0.00647361 0.671751 4.20327 -0.00609189 0.999977 -0.00291902 -0.901358 -0.671755 -0.00192996 0.740771 55.2126 
0.708711 0.00284387 0.705494 4.4829 -0.00472087 0.999989 0.00071149 -0.908064 -0.705484 -0.00383477 0.708716 55.4639 
0.67343 0.000350557 0.739251 4.76808 -0.00603007 0.999969 0.00501905 -0.918715 -0.739226 -0.0078377 0.673412 55.7014 
0.635776 -0.00324584 0.771867 5.06414 -0.0046643 0.999957 0.00804698 -0.9258 -0.77186 -0.00871628 0.635733 55.9182 
0.596676 -0.00706777 0.802451 5.36732 -0.00223279 0.999943 0.0104675 -0.935967 -0.802479 -0.0080374 0.596626 56.1088 
0.554476 -0.00920384 0.832149 5.68429 0.000613497 0.999943 0.010651 -0.942106 -0.832199 -0.00539518 0.55445 56.2877 
0.509689 -0.00814746 0.86032 6.01554 0.0018217 0.999963 0.00839073 -0.944807 -0.860357 -0.0027094 0.509685 56.4564 
0.462911 -0.0056207 0.886387 6.36212 0.000554151 0.999982 0.00605167 -0.944795 -0.886405 -0.00231018 0.462905 56.6148 
0.413713 -0.002776 0.910403 6.72581 -0.00318313 0.999985 0.00449571 -0.946646 -0.910402 -0.00475785 0.413698 56.7608 
0.363677 -0.000317415 0.931525 7.10449 -0.00846462 0.999958 0.00364546 -0.950285 -0.931487 -0.00921077 0.363659 56.8898 
0.313828 0.000235072 0.94948 7.49997 -0.0105644 0.999939 0.00324428 -0.951504 -0.949421 -0.0110488 0.313811 56.9985 
0.265719 8.78641e-05 0.96405 7.91258 -0.00919794 0.999955 0.00244412 -0.954715 -0.964007 -0.00951672 0.265708 57.0845 
0.220525 -0.000687545 0.975381 8.34073 -0.00787929 0.999966 0.00248636 -0.957841 -0.97535 -0.00823361 0.220512 57.158 
0.178895 -0.00279835 0.983864 8.79426 -0.00788516 0.99996 0.00427793 -0.960461 -0.983837 -0.00852322 0.178865 57.2219 
0.140122 -0.0050996 0.990121 9.2712 -0.00811394 0.999947 0.00629854 -0.961712 -0.990101 -0.00891635 0.140073 57.2729 
0.103797 -0.00685221 0.994575 9.76785 -0.00898832 0.999929 0.00782718 -0.964748 -0.994558 -0.00975199 0.103728 57.312 
0.0711758 -0.00815822 0.99743 10.285 -0.00811763 0.999929 0.00875797 -0.967202 -0.997431 -0.00872012 0.0711045 57.3358 
0.0418382 -0.0087098 0.999086 10.8214 -0.0079667 0.999927 0.00905079 -0.967995 -0.999093 -0.00833809 0.0417658 57.3458 
0.0153872 -0.00644599 0.999861 11.3782 -0.0103112 0.999925 0.00660513 -0.965746 -0.999828 -0.0104114 0.0153196 57.3519 
-0.00712687 -0.00413446 0.999966 11.9571 -0.0144964 0.999887 0.00403086 -0.965474 -0.99987 -0.0144672 -0.007186 57.3484 
-0.026699 -0.00322555 0.999638 12.5573 -0.0145283 0.99989 0.00283838 -0.965637 -0.999538 -0.0144472 -0.0267429 57.3316 
-0.04381 -0.00263998 0.999036 13.1744 -0.0108821 0.999938 0.0021652 -0.967111 -0.998981 -0.0107768 -0.0438361 57.2975 
-0.0596051 -0.00290457 0.998218 13.8115 -0.00865091 0.99996 0.00239312 -0.969201 -0.998185 -0.00849285 -0.0596278 57.2582 
-0.0750538 -0.00401932 0.997171 14.4674 -0.00948856 0.99995 0.00331639 -0.973105 -0.997134 -0.00921282 -0.0750881 57.2145 
-0.0897205 -0.0030097 0.995962 15.1422 -0.00872242 0.99996 0.00223607 -0.977664 -0.995929 -0.00848658 -0.0897431 57.1591 
-0.101982 -0.00127273 0.994785 15.8295 -0.00687827 0.999976 0.000574277 -0.984373 -0.994763 -0.00678384 -0.101988 57.0919 
-0.111585 0.00122465 0.993754 16.5361 0.000168153 0.999999 -0.00121342 -0.9892 -0.993755 3.17005e-05 -0.111585 57.0115 
-0.117318 0.00406951 0.993086 17.2619 0.00807803 0.999962 -0.00314335 -0.995033 -0.993062 0.0076534 -0.117347 56.9214 
-0.1195 0.00400221 0.992826 18.0031 0.012892 0.999914 -0.00247901 -1.00554 -0.992751 0.0125033 -0.119541 56.8339 
-0.119256 0.00243323 0.992861 18.7628 0.0137842 0.999905 -0.000794784 -1.01359 -0.992768 0.013591 -0.119278 56.7529 
-0.11646 0.00176908 0.993194 19.5401 0.0172033 0.999852 0.000236316 -1.01768 -0.993046 0.0171137 -0.116473 56.6731 
-0.112028 0.000707048 0.993705 20.3298 0.0189253 0.99982 0.00142224 -1.02754 -0.993525 0.0189655 -0.112021 56.5952 
-0.107582 0.00155123 0.994195 21.1269 0.0175109 0.999847 0.000334836 -1.03783 -0.994042 0.0174453 -0.107592 56.5252 
-0.103504 0.00252696 0.994626 21.9311 0.0170622 0.999854 -0.000764662 -1.0477 -0.994483 0.0168914 -0.103532 56.4627 
-0.0988962 0.0018115 0.995096 22.7406 0.0218836 0.999761 0.000354916 -1.05799 -0.994857 0.0218114 -0.0989122 56.391 
-0.0951462 -0.000269315 0.995463 23.5535 0.0274989 0.999618 0.00289881 -1.0698 -0.995083 0.0276499 -0.0951024 56.3195 
-0.0913707 -0.00370797 0.99581 24.366 0.0301484 0.999524 0.00648811 -1.07898 -0.995361 0.0306149 -0.0912154 56.2566 
-0.086906 -0.00737988 0.996189 25.1761 0.0331006 0.999399 0.0102913 -1.08851 -0.995666 0.0338688 -0.0866095 56.2019 
-0.0814744 -0.0102819 0.996622 25.9864 0.0339033 0.99934 0.0130816 -1.09634 -0.996099 0.0348546 -0.081072 56.1493 
-0.0773996 -0.0117368 0.996931 26.7981 0.0315956 0.9994 0.0142189 -1.10128 -0.996499 0.0325991 -0.0769823 56.1071 
-0.0735944 -0.0133272 0.997199 27.6052 0.0248252 0.999576 0.0151911 -1.10262 -0.996979 0.0258737 -0.0732324 56.0742 
-0.0692751 -0.0167622 0.997457 28.4157 0.0189375 0.999657 0.0181144 -1.10256 -0.997418 0.0201442 -0.0689339 56.0449 
-0.0648061 -0.0182537 0.997731 29.2312 0.0163805 0.999679 0.0193533 -1.10405 -0.997763 0.0175976 -0.0644863 56.0135 
-0.0608041 -0.0143487 0.998047 30.0383 0.0172343 0.999733 0.015423 -1.10918 -0.998001 0.0181384 -0.0605406 55.9833 
-0.0573609 -0.00650569 0.998332 30.849 0.0184857 0.9998 0.00757743 -1.111 -0.998182 0.0188895 -0.0572292 55.9509 
-0.054639 -0.000509316 0.998506 31.6645 0.0168963 0.999856 0.00143462 -1.11414 -0.998363 0.0169494 -0.0546225 55.9238 
-0.0525296 -0.00111241 0.998619 32.4929 0.0160822 0.999869 0.0019598 -1.11974 -0.99849 0.0161629 -0.0525048 55.8922 
-0.0510477 -0.00499583 0.998684 33.3217 0.018908 0.999803 0.00596796 -1.13071 -0.998517 0.0191877 -0.0509432 55.8569 
-0.0500585 -0.00524075 0.998733 34.1495 0.0198664 0.999783 0.00624205 -1.14194 -0.998549 0.0201537 -0.0499436 55.827 
-0.0499449 -0.00285094 0.998748 34.9816 0.0179305 0.999832 0.00375074 -1.15236 -0.998591 0.0180954 -0.0498854 55.8007 
-0.0501333 -0.00156788 0.998741 35.8166 0.0108534 0.999939 0.0021146 -1.16238 -0.998684 0.0109457 -0.0501132 55.7853 
-0.0512327 -0.00237324 0.998684 36.6619 0.00928895 0.999953 0.00285282 -1.1699 -0.998644 0.00942288 -0.0512082 55.7605 
-0.0523778 -0.00342376 0.998622 37.515 0.00958021 0.999946 0.00393082 -1.18232 -0.998581 0.00977289 -0.0523422 55.7294 
-0.0539457 0.000379076 0.998544 38.3679 0.00931955 0.999957 0.000123911 -1.19378 -0.9985 0.00931266 -0.0539469 55.6997 
-0.0551871 0.00447828 0.998466 39.2351 0.00975697 0.999945 -0.00394559 -1.2035 -0.998428 0.00952425 -0.0552278 55.6658 
-0.0558523 0.00737011 0.998412 40.1087 0.0108891 0.999918 -0.00677204 -1.21344 -0.99838 0.0104936 -0.0559279 55.6288 
-0.0568038 0.00831187 0.998351 40.9922 0.0133464 0.999882 -0.00756521 -1.23339 -0.998296 0.0128946 -0.056908 55.5873 
-0.0578996 0.00979919 0.998274 41.8796 0.0136162 0.999867 -0.00902504 -1.2486 -0.99823 0.0130701 -0.0580253 55.5561 
-0.0592668 0.00952304 0.998197 42.786 0.0124991 0.999883 -0.00879697 -1.26308 -0.998164 0.0119552 -0.0593789 55.5199 
-0.0606395 0.0048084 0.998148 43.704 0.0105652 0.999936 -0.00417512 -1.28219 -0.998104 0.0102924 -0.0606864 55.4869 
-0.0620469 0.00318644 0.998068 44.6343 0.0105729 0.999941 -0.0025351 -1.30207 -0.998017 0.0103952 -0.0620769 55.445 
-0.063312 0.00643834 0.997973 45.5642 0.010772 0.999925 -0.00576751 -1.3194 -0.997936 0.010385 -0.0633766 55.4014 
-0.063885 0.0102006 0.997905 46.499 0.0120113 0.999883 -0.00945179 -1.33337 -0.997885 0.0113824 -0.064 55.356 
-0.0637163 0.011402 0.997903 47.4453 0.014801 0.999836 -0.010479 -1.35276 -0.997858 0.0141022 -0.0638746 55.3075 
-0.063598 0.00799048 0.997944 48.4125 0.0194699 0.999788 -0.00676441 -1.37266 -0.997786 0.0189997 -0.06374 55.2514 
-0.0640483 0.00236404 0.997944 49.3925 0.0211898 0.999775 -0.00100838 -1.38522 -0.997722 0.0210816 -0.064084 55.2017 
-0.0633363 -0.000837528 0.997992 50.3744 0.0224227 0.999746 0.00226207 -1.40546 -0.99774 0.022521 -0.0633015 55.1541 
-0.0617186 0.00076147 0.998093 51.3656 0.0215384 0.999768 0.000569151 -1.41534 -0.997861 0.0215324 -0.0617207 55.1115 
-0.0609381 0.00377633 0.998134 52.3597 0.0213231 0.99977 -0.00248065 -1.42532 -0.997914 0.0211322 -0.0610045 55.0709 
-0.0606788 0.00560008 0.998142 53.355 0.0155027 0.999869 -0.0046673 -1.44494 -0.998037 0.0151906 -0.0607576 55.0341 
-0.0613731 0.00536418 0.998101 54.3696 0.0126329 0.99991 -0.00459707 -1.46128 -0.998035 0.0123267 -0.0614354 54.9985 
-0.0618229 0.000593805 0.998087 55.3989 0.0124864 0.999922 0.000178572 -1.47502 -0.998009 0.0124736 -0.0618255 54.9525 
-0.0625988 -0.00543499 0.998024 56.4377 0.0104945 0.999926 0.00610363 -1.49064 -0.997984 0.0108559 -0.0625371 54.9088 
-0.0631087 -0.00477855 0.997995 57.4789 0.0126171 0.999905 0.00558558 -1.49954 -0.997927 0.0129443 -0.0630424 54.8554 
-0.0632789 -0.00139379 0.997995 58.5108 0.015638 0.999875 0.002388 -1.50909 -0.997873 0.0157577 -0.0632491 54.8011 
-0.0644788 0.00145458 0.997918 59.5598 0.0179047 0.99984 -0.000300462 -1.52463 -0.997758 0.017848 -0.0644945 54.7521 
-0.0667009 -0.00150325 0.997772 60.6236 0.0183559 0.999828 0.00273347 -1.53632 -0.997604 0.0184973 -0.0666618 54.7005 
-0.0694578 -0.0066258 0.997563 61.6984 0.0195935 0.999776 0.00800479 -1.54774 -0.997392 0.0201018 -0.0693124 54.6447 
-0.0725941 -0.00959401 0.997315 62.7679 0.020976 0.999718 0.011144 -1.55691 -0.997141 0.0217286 -0.0723723 54.5819 
-0.0761925 -0.00861836 0.997056 63.8342 0.0253245 0.999623 0.0105758 -1.56081 -0.996772 0.0260557 -0.0759455 54.5132 
-0.0795975 -0.0096864 0.99678 64.9047 0.028614 0.999519 0.011998 -1.56728 -0.996416 0.0294769 -0.079282 54.4424 
-0.0832939 -0.0117569 0.996456 65.9738 0.0321805 0.999377 0.0144813 -1.5743 -0.996005 0.0332726 -0.0828637 54.3681 
-0.086212 -0.0113371 0.996212 67.0421 0.0357555 0.999256 0.0144661 -1.5788 -0.995635 0.0368672 -0.0857425 54.2925 
-0.0884707 -0.00770083 0.996049 68.1087 0.0396106 0.999152 0.0112431 -1.58535 -0.995291 0.0404488 -0.0880907 54.2116 
-0.090158 -0.0032132 0.995922 69.175 0.0418165 0.999101 0.00700902 -1.5929 -0.995049 0.0422779 -0.0899425 54.1306 
-0.0915022 -0.000407398 0.995805 70.2429 0.0454597 0.998956 0.00458591 -1.6038 -0.994767 0.0456886 -0.0913882 54.0473 
-0.090863 -0.00110371 0.995863 71.3111 0.0443938 0.999001 0.00515773 -1.61569 -0.994873 0.0446788 -0.0907232 53.9711 
-0.0880933 -0.00356357 0.996106 72.3833 0.0456134 0.99893 0.00760765 -1.62805 -0.995067 0.0461059 -0.0878365 53.895 
-0.0834795 -0.00675596 0.996487 73.4579 0.0487253 0.998753 0.0108533 -1.63492 -0.995318 0.0494601 -0.0830462 53.8184 
-0.0781635 -0.00990357 0.996891 74.526 0.0491011 0.998699 0.0137714 -1.644 -0.995731 0.0500249 -0.0775755 53.7533 
-0.0732751 -0.0131496 0.997225 75.6002 0.0505348 0.99858 0.0168808 -1.64614 -0.996031 0.0516315 -0.0725065 53.6962 
-0.0684464 -0.0145361 0.997549 76.6735 0.0518533 0.998491 0.0181078 -1.65184 -0.996306 0.0529656 -0.0675893 53.6391 
-0.0647898 -0.0105042 0.997844 77.7423 0.0521289 0.998544 0.0138964 -1.65702 -0.996536 0.0529169 -0.0641479 53.5913 
-0.0625383 -0.00582291 0.998026 78.81 0.0514649 0.998634 0.0090514 -1.65992 -0.996715 0.0519294 -0.0621532 53.5411 
-0.0611216 -0.00594027 0.998113 79.8859 0.052003 0.998605 0.00912776 -1.66316 -0.996775 0.0524627 -0.0607275 53.493 
-0.0595751 -0.00790861 0.998193 80.9631 0.0526044 0.998554 0.0110511 -1.67282 -0.996837 0.0531677 -0.059073 53.445 
-0.0576481 -0.00488311 0.998325 82.045 0.0531459 0.998555 0.00795317 -1.68026 -0.996921 0.0535154 -0.0573053 53.4016 
-0.0555768 0.000961179 0.998454 83.118 0.0532416 0.99858 0.00200232 -1.69193 -0.997034 0.0532706 -0.055549 53.3599 
-0.0535498 0.00402354 0.998557 84.193 0.0520969 0.998641 -0.00123003 -1.70794 -0.997205 0.0519558 -0.0536866 53.324 
-0.0511872 0.00335673 0.998683 85.2724 0.0526862 0.998611 -0.000656028 -1.72738 -0.997298 0.0525833 -0.051293 53.2872 
-0.0475275 6.90274e-05 0.99887 86.3602 0.0508552 0.998703 0.00235078 -1.74574 -0.997575 0.0509095 -0.0474694 53.2547 
-0.043271 -0.0041231 0.999055 87.4518 0.0506444 0.998697 0.00631517 -1.76151 -0.997779 0.0508698 -0.0430058 53.231 
-0.0385853 -0.0066761 0.999233 88.5384 0.0489463 0.998765 0.00856307 -1.7745 -0.998056 0.0492391 -0.0382109 53.2066 
-0.0351514 -0.00262918 0.999379 89.6167 0.0450142 0.998978 0.00421146 -1.78718 -0.998368 0.0451342 -0.0349971 53.1948 
-0.0332316 0.0066668 0.999425 90.6987 0.0417242 0.999115 -0.00527733 -1.80698 -0.998576 0.0415249 -0.0334804 53.1815 
-0.0322749 0.0146102 0.999372 91.7834 0.0360202 0.999261 -0.0134452 -1.83249 -0.99883 0.0355637 -0.0327773 53.1729 
-0.0316775 0.0141547 0.999398 92.8745 0.0353973 0.999288 -0.0130312 -1.86022 -0.998871 0.0349632 -0.032156 53.1585 
-0.0307101 0.00786885 0.999497 93.9772 0.0351682 0.999358 -0.00678716 -1.88997 -0.998909 0.0349421 -0.0309672 53.1403 
-0.0320673 0.00168326 0.999484 95.0867 0.0367433 0.999325 -0.000504086 -1.91451 -0.99881 0.0367082 -0.0321075 53.1197 
-0.0340844 -0.00415451 0.99941 96.1837 0.0350715 0.999371 0.00535048 -1.92779 -0.998803 0.0352332 -0.0339172 53.1001 
-0.0359018 -0.00916128 0.999313 97.2785 0.0346694 0.999345 0.0104072 -1.94558 -0.998754 0.0350192 -0.0355607 53.0763 
-0.0380376 -0.00852736 0.99924 98.3744 0.035206 0.999331 0.00986836 -1.95564 -0.998656 0.0355546 -0.0377119 53.0518 
-0.0398667 -0.00825221 0.999171 99.4601 0.0347272 0.99935 0.00963935 -1.96553 -0.998601 0.0350827 -0.0395542 53.0243 
-0.0413522 -0.00951723 0.999099 100.545 0.0359661 0.999292 0.0110077 -1.97517 -0.998497 0.0363889 -0.0409807 52.9927 
-0.0421791 -0.00802229 0.999078 101.623 0.0368213 0.999276 0.00957845 -1.99018 -0.998431 0.0371914 -0.0418532 52.9614 
-0.0425835 0.000338293 0.999093 102.694 0.0375001 0.999296 0.00126001 -2.00355 -0.998389 0.0375198 -0.0425662 52.9304 
-0.0429559 0.00822981 0.999043 103.761 0.0346404 0.999377 -0.00674309 -2.02185 -0.998476 0.0343176 -0.0432142 52.9039 
-0.044082 0.00844739 0.998992 104.823 0.0320533 0.999461 -0.00703692 -2.04563 -0.998514 0.0317108 -0.044329 52.8775 
-0.0463786 0.00244834 0.998921 105.899 0.0273405 0.999626 -0.00118065 -2.07029 -0.99855 0.0272562 -0.0464281 52.8535 
-0.0493561 -0.00504948 0.998769 106.965 0.0211952 0.999757 0.00610192 -2.08532 -0.998556 0.0214702 -0.049237 52.8316 
-0.0513033 -0.0133492 0.998594 108.023 0.0195684 0.999705 0.0143695 -2.09502 -0.998491 0.0202781 -0.051027 52.8002 
-0.0530183 -0.0196978 0.998399 109.08 0.0227923 0.999521 0.0209304 -2.10005 -0.998333 0.0238655 -0.0525439 52.7575 
-0.0551501 -0.0200196 0.998277 110.119 0.0214565 0.999544 0.0212304 -2.1015 -0.998248 0.0225904 -0.0546954 52.7222 
-0.0557536 -0.0123489 0.998368 111.154 0.0251743 0.999588 0.0137699 -2.1068 -0.998127 0.025901 -0.0554198 52.6762 
-0.0564398 0.00227545 0.998403 112.182 0.03397 0.999423 -0.000357406 -2.1176 -0.997828 0.0338956 -0.0564845 52.6264 
-0.057553 0.0134041 0.998253 113.203 0.0388671 0.999182 -0.0111757 -2.13412 -0.997586 0.038156 -0.0580269 52.5751 
-0.0579316 0.0102601 0.998268 114.232 0.0391196 0.999203 -0.00799944 -2.15646 -0.997554 0.0385884 -0.0582868 52.5319 
-0.0576406 -0.000350882 0.998337 115.268 0.0416074 0.99913 0.00275347 -2.17811 -0.99747 0.041697 -0.0575759 52.4843 
-0.0572993 -0.0102392 0.998305 116.297 0.0416719 0.999051 0.0126387 -2.19148 -0.997487 0.0423254 -0.0568183 52.4424 
-0.056929 -0.0157554 0.998254 117.32 0.0404059 0.99902 0.0180718 -2.19993 -0.99756 0.0413642 -0.0562366 52.4004 
-0.0569638 -0.0211305 0.998153 118.34 0.0380235 0.999005 0.0233185 -2.19884 -0.997652 0.0392816 -0.0561037 52.3633 
-0.0564774 -0.0245752 0.998101 119.355 0.0351197 0.999029 0.0265853 -2.19867 -0.997786 0.0365545 -0.0555595 52.3235 
-0.0563859 -0.0224462 0.998157 120.354 0.0337818 0.999132 0.0243765 -2.19628 -0.997837 0.035094 -0.0555787 52.2849 
-0.0555925 -0.0155533 0.998332 121.349 0.0316179 0.99935 0.0173298 -2.1948 -0.997953 0.0325286 -0.0550646 52.2454 
-0.0552404 -0.00934982 0.998429 122.344 0.0313895 0.999446 0.0110961 -2.19476 -0.99798 0.0319531 -0.0549162 52.2047 
-0.0549515 -0.00425677 0.99848 123.324 0.0319819 0.99947 0.00602116 -2.20511 -0.997977 0.0322641 -0.0547863 52.1658 
-0.0549707 0.000359325 0.998488 124.295 0.0333759 0.999442 0.00147785 -2.21884 -0.99793 0.0334067 -0.054952 52.1262 
-0.0545859 0.00476251 0.998498 125.264 0.0336171 0.999431 -0.00292914 -2.23564 -0.997943 0.0334067 -0.0547149 52.0914 
-0.0543748 0.00398832 0.998513 126.231 0.0351154 0.999381 -0.00207951 -2.25322 -0.997903 0.0349501 -0.0544812 52.051 
-0.0543777 -0.00229617 0.998518 127.195 0.0339829 0.999414 0.00414893 -2.26959 -0.997942 0.0341581 -0.0542678 52.0175 
-0.0548557 -0.0123232 0.998418 128.152 0.0319555 0.99939 0.014091 -2.28475 -0.997983 0.0326779 -0.0544284 51.9843 
-0.0560354 -0.0202697 0.998223 129.093 0.0265064 0.999411 0.0217818 -2.2922 -0.998077 0.0276798 -0.0554651 51.9566 
-0.0582442 -0.0232579 0.998031 130.014 0.0218194 0.99946 0.0245646 -2.29408 -0.998064 0.0232072 -0.0577053 51.9261 
-0.0601605 -0.0207572 0.997973 130.914 0.0170989 0.999616 0.0218222 -2.29702 -0.998042 0.018377 -0.0597824 51.8951 
-0.0611339 -0.0136903 0.998036 131.793 0.014155 0.999794 0.0145815 -2.30278 -0.998029 0.0150186 -0.0609275 51.86 
-0.0616005 -0.00675019 0.998078 132.655 0.0163579 0.999836 0.00777172 -2.31009 -0.997967 0.0168052 -0.06148 51.819 
-0.0605273 -0.000761187 0.998166 133.498 0.0200851 0.999796 0.0019804 -2.32156 -0.997964 0.0201681 -0.0604997 51.7769 
-0.057383 0.00171699 0.998351 134.326 0.0238118 0.999716 -0.000350652 -2.33827 -0.998068 0.0237524 -0.0574076 51.7368 
-0.0528745 0.0011094 0.998601 135.135 0.0280244 0.999607 0.000373374 -2.35474 -0.998208 0.0280049 -0.0528848 51.7046 
-0.0479173 -0.00384498 0.998844 135.928 0.0307435 0.999513 0.00532245 -2.36993 -0.998378 0.030963 -0.0477758 51.6761 
-0.0438261 -0.00815627 0.999006 136.697 0.0316195 0.999454 0.00954711 -2.38845 -0.998539 0.0320064 -0.0435443 51.6556 
-0.0396907 -0.00789313 0.999181 137.434 0.032239 0.999438 0.00917584 -2.40412 -0.998692 0.0325768 -0.0394139 51.6413 
-0.034995 -0.00347327 0.999381 138.144 0.0335587 0.999426 0.00464858 -2.42028 -0.998824 0.0337007 -0.0348583 51.6255 
-0.030426 0.000570332 0.999537 138.824 0.0339597 0.999423 0.00046351 -2.43186 -0.99896 0.0339581 -0.0304278 51.6154 
-0.0261032 0.00122015 0.999659 139.475 0.0351582 0.999382 -0.000301713 -2.44432 -0.999041 0.0351383 -0.02613 51.6117 
-0.0218846 0.000909669 0.99976 140.099 0.0323802 0.999476 -0.000200571 -2.46028 -0.999236 0.032368 -0.0219026 51.6148 
-0.0182257 -9.48488e-05 0.999834 140.695 0.0276035 0.999619 0.000598045 -2.47753 -0.999453 0.0276098 -0.0182161 51.6266 
-0.0146454 0.000258071 0.999893 141.259 0.0230464 0.999734 7.95709e-05 -2.49388 -0.999627 0.0230451 -0.0146475 51.6356 
-0.011576 0.00348835 0.999927 141.804 0.0213074 0.999768 -0.00324108 -2.50511 -0.999706 0.0212684 -0.0116476 51.6385 
-0.0104881 0.00752419 0.999917 142.345 0.0203622 0.999766 -0.00730944 -2.51833 -0.999738 0.0202838 -0.0106388 51.6429 
-0.0107905 0.00866969 0.999904 142.875 0.017381 0.999813 -0.00848129 -2.53241 -0.999791 0.0172878 -0.0109391 51.6479 
-0.0126766 0.00698874 0.999895 143.406 0.0113219 0.999913 -0.00684528 -2.5421 -0.999856 0.011234 -0.0127546 51.6597 
-0.014911 0.00270687 0.999885 143.934 0.00559838 0.999981 -0.0026236 -2.55373 -0.999873 0.00555862 -0.0149259 51.668 
-0.0170117 -0.00241082 0.999852 144.465 0.00474189 0.999986 0.00249186 -2.56335 -0.999844 0.00478358 -0.017 51.6657 
-0.0190806 -0.00533036 0.999804 144.989 0.00813134 0.999952 0.00548637 -2.57344 -0.999785 0.00823443 -0.0190363 51.6528 
-0.0216326 -0.00323201 0.999761 145.5 0.0103098 0.999941 0.00345571 -2.58727 -0.999713 0.0103821 -0.021598 51.6445 
-0.0246014 -6.41129e-05 0.999697 146.002 0.0098478 0.999952 0.000306514 -2.59807 -0.999649 0.00985236 -0.0245996 51.639 
-0.0271159 0.00163501 0.999631 146.505 0.00601384 0.999981 -0.00147241 -2.60563 -0.999614 0.0059717 -0.0271253 51.637 
-0.0294525 0.00337464 0.999561 147.005 0.00526999 0.999981 -0.00322074 -2.6107 -0.999552 0.00517281 -0.0294697 51.6323 
-0.0312505 0.00467167 0.999501 147.502 0.00661292 0.999968 -0.00446706 -2.61811 -0.99949 0.00647002 -0.0312804 51.62 
-0.0339375 0.0021015 0.999422 148.004 0.0073068 0.999972 -0.00185449 -2.62788 -0.999397 0.00723964 -0.0339518 51.6065 
-0.0364124 -0.00311715 0.999332 148.505 0.0067831 0.999971 0.00336634 -2.63778 -0.999314 0.00690114 -0.0363902 51.5957 
-0.0387763 -0.00633268 0.999228 149 0.00589317 0.999961 0.00656606 -2.64294 -0.999231 0.00614323 -0.0387374 51.5841 
-0.0415192 -0.0072487 0.999111 149.494 0.00346494 0.999967 0.00739894 -2.64611 -0.999132 0.00376906 -0.0414927 51.5757 
-0.0435127 -0.00880189 0.999014 149.986 0.00202569 0.999958 0.00889848 -2.6547 -0.999051 0.00241089 -0.0434931 51.564 
-0.0445429 -0.0104183 0.998953 150.477 0.00146234 0.999944 0.0104939 -2.66339 -0.999006 0.00192824 -0.0445252 51.5484 
-0.0455156 -0.0106424 0.998907 150.963 0.00100561 0.999942 0.0106993 -2.66862 -0.998963 0.0014915 -0.0455022 51.5371 
-0.0445963 -0.00882794 0.998966 151.444 0.00396538 0.999952 0.00901371 -2.66866 -0.998997 0.00436326 -0.0445592 51.5227 
-0.0395462 -0.00606313 0.999199 151.92 0.00626693 0.99996 0.00631582 -2.67187 -0.999198 0.00651168 -0.0395067 51.5092 
-0.0322502 -0.00422726 0.999471 152.389 0.00652862 0.999969 0.00444007 -2.67746 -0.999459 0.00666836 -0.0322216 51.5076 
-0.0221912 -0.00443795 0.999744 152.857 0.00459745 0.999979 0.00454108 -2.68392 -0.999743 0.00469705 -0.0221703 51.5156 
-0.00666218 -0.00550351 0.999963 153.314 0.00622029 0.999965 0.00554501 -2.68759 -0.999959 0.006257 -0.00662772 51.5287 
0.0156664 -0.0049861 0.999865 153.768 0.0120563 0.999916 0.0047975 -2.68525 -0.999805 0.0119795 0.0157252 51.5463 
0.0455511 -0.00468371 0.998951 154.209 0.01895 0.999813 0.00382369 -2.69219 -0.998782 0.0187559 0.0456313 51.5786 
0.0815936 -0.00546161 0.996651 154.645 0.0206072 0.999781 0.00379174 -2.69875 -0.996453 0.0202288 0.0816882 51.6419 
0.122263 -0.00573966 0.992481 155.072 0.0177758 0.999836 0.00359245 -2.70906 -0.992339 0.0172029 0.122345 51.7316 
0.164121 -0.00277447 0.986436 155.489 0.0134664 0.999909 0.000571901 -2.71916 -0.986348 0.0131899 0.164143 51.8418 
0.205805 0.00177888 0.978591 155.897 0.0133071 0.999901 -0.00461615 -2.72312 -0.978503 0.0139722 0.205761 51.9639 
0.248066 0.0059227 0.968725 156.3 0.0146223 0.999845 -0.0098573 -2.72801 -0.968633 0.0166102 0.247941 52.0984 
0.290349 0.0082445 0.956885 156.692 0.0158092 0.999785 -0.0134111 -2.73407 -0.95679 0.0190215 0.290156 52.2518 
0.331684 0.0101344 0.943336 157.07 0.0127156 0.999803 -0.0152119 -2.74256 -0.943305 0.0170406 0.33149 52.4268 
0.37189 0.0141903 0.928168 157.426 0.00498363 0.999838 -0.0172828 -2.74962 -0.928263 0.011053 0.371759 52.6207 
0.411505 0.0192326 0.911205 157.774 -0.00317798 0.999802 -0.0196674 -2.76009 -0.911402 0.00519744 0.411484 52.8324 
0.450745 0.0251397 0.892299 158.13 -0.00757929 0.999675 -0.0243362 -2.77099 -0.892621 0.00420645 0.450789 53.0582 
0.488925 0.0288306 0.87185 158.48 -0.00851355 0.999564 -0.0282795 -2.78343 -0.872285 0.00640404 0.488957 53.2968 
0.526526 0.027928 0.8497 158.825 -0.00665862 0.999565 -0.0287276 -2.7969 -0.850133 0.009468 0.526483 53.5459 
0.562222 0.0263323 0.826567 159.169 -0.00796112 0.999619 -0.0264302 -2.80996 -0.826948 0.00827926 0.562218 53.8248 
0.595697 0.0270649 0.802753 159.509 -0.012086 0.999621 -0.0247336 -2.82512 -0.803118 0.00503161 0.595798 54.1272 
0.627311 0.0310736 0.778149 159.832 -0.0189501 0.999517 -0.0246365 -2.8427 -0.778539 0.000708803 0.627597 54.4504 
0.657169 0.0345954 0.752949 160.156 -0.0241439 0.9994 -0.0248462 -2.85917 -0.753357 -0.00185095 0.65761 54.7911 
0.684883 0.0355651 0.727784 160.475 -0.0240525 0.999367 -0.026202 -2.87496 -0.728256 0.000440333 0.685305 55.139 
0.70988 0.0334471 0.703528 160.801 -0.0188306 0.999416 -0.0285134 -2.88763 -0.704071 0.00699323 0.710095 55.5055 
0.732331 0.0348312 0.680058 161.118 -0.0199917 0.99936 -0.0296568 -2.89777 -0.680656 0.00812312 0.732559 55.8917 
0.751897 0.0390057 0.658126 161.426 -0.0267763 0.999231 -0.0286309 -2.91502 -0.658737 0.00390535 0.752363 56.3048 
0.768288 0.0414642 0.63876 161.74 -0.0340516 0.999134 -0.0239008 -2.93418 -0.639198 -0.0033881 0.769035 56.739 
0.781246 0.0397368 0.622957 162.057 -0.0351962 0.999188 -0.0195962 -2.95008 -0.62323 -0.00661623 0.782011 57.1858 
0.79205 0.0343478 0.609489 162.387 -0.0307223 0.999394 -0.0163962 -2.96321 -0.609682 -0.00573829 0.792625 57.635 
0.801184 0.0267164 0.597822 162.722 -0.0243485 0.999631 -0.0120419 -2.97777 -0.597923 -0.00490823 0.801539 58.0972 
0.808484 0.0198269 0.588184 163.058 -0.0192635 0.999788 -0.00722306 -2.99449 -0.588203 -0.00549072 0.808695 58.5785 
0.814993 0.0165758 0.579234 163.394 -0.0174731 0.999839 -0.00402712 -3.00594 -0.579208 -0.00683891 0.815151 59.0766 
0.822061 0.0134819 0.56924 163.732 -0.0149826 0.999886 -0.00204434 -3.01566 -0.569203 -0.0068481 0.822169 59.5882 
0.829258 0.00919076 0.558791 164.077 -0.00950902 0.999952 -0.00233512 -3.02029 -0.558786 -0.00337711 0.829305 60.118 
0.835745 0.00952153 0.549035 164.416 -0.00754039 0.999954 -0.00586338 -3.0307 -0.549066 0.000760379 0.835779 60.6629 
0.84132 0.0136358 0.540365 164.753 -0.0090383 0.999897 -0.0111595 -3.04356 -0.540462 0.00450477 0.841356 61.2325 
0.845626 0.0189865 0.533439 165.095 -0.0122321 0.999794 -0.0161944 -3.05491 -0.533636 0.00716933 0.845684 61.8118 
0.847716 0.0234446 0.529933 165.441 -0.0150223 0.999683 -0.0201959 -3.06645 -0.530238 0.00915962 0.847799 62.405 
0.847627 0.0285486 0.529824 165.798 -0.0205746 0.999569 -0.0209442 -3.08437 -0.530194 0.00685198 0.847849 63.0189 
0.845894 0.0286334 0.532582 166.17 -0.0230539 0.999588 -0.017125 -3.10622 -0.532853 0.00220788 0.846205 63.6444 
0.843456 0.030059 0.536357 166.553 -0.0254339 0.999548 -0.016021 -3.12687 -0.536596 -0.000128637 0.843839 64.2758 
0.840608 0.0315913 0.540722 166.947 -0.0277992 0.999498 -0.0151782 -3.14623 -0.540931 -0.00227274 0.841064 64.9251 
0.837589 0.0316557 0.545383 167.352 -0.0290453 0.999488 -0.0134062 -3.16279 -0.545528 -0.0046119 0.83808 65.5789 
0.834388 0.0294689 0.55039 167.774 -0.0265026 0.99956 -0.0133404 -3.1758 -0.55054 -0.00345565 0.834801 66.2378 
0.831005 0.0264028 0.555637 168.209 -0.0245256 0.999641 -0.0108207 -3.19605 -0.555723 -0.00463523 0.831354 66.9077 
0.827143 0.0271925 0.561333 168.649 -0.0260179 0.999611 -0.0100855 -3.21448 -0.561389 -0.00626248 0.827528 67.5817 
0.823769 0.0294024 0.566162 169.099 -0.0274982 0.999551 -0.0118993 -3.23129 -0.566258 -0.00576617 0.824208 68.2634 
0.820725 0.0301924 0.570525 169.561 -0.02624 0.999541 -0.0151486 -3.25269 -0.570721 -0.00253778 0.82114 68.9522 
0.817819 0.0322829 0.57457 170.03 -0.0264119 0.999479 -0.0185632 -3.27287 -0.57487 5.88317e-06 0.818245 69.65 
0.814961 0.031715 0.578647 170.51 -0.0259141 0.999497 -0.018284 -3.29382 -0.578936 -9.43435e-05 0.815373 70.3516 
0.812524 0.0286537 0.582223 171.003 -0.0271246 0.999568 -0.0113391 -3.31697 -0.582296 -0.00657926 0.81295 71.0694 
0.810155 0.0250168 0.585682 171.498 -0.0270623 0.99962 -0.00526329 -3.34188 -0.585591 -0.0115858 0.810524 71.7847 
0.808206 0.0235943 0.588428 171.993 -0.0228822 0.999701 -0.00865643 -3.36921 -0.588456 -0.00646832 0.808504 72.4842 
0.806816 0.0288856 0.590096 172.484 -0.0215251 0.999578 -0.0194996 -3.39293 -0.590411 0.0030307 0.807097 73.1783 
0.805329 0.0314638 0.591993 172.98 -0.0196449 0.999459 -0.0263959 -3.41999 -0.592503 0.00962774 0.805511 73.8746 
0.804561 0.0278838 0.593215 173.495 -0.015433 0.999542 -0.0260515 -3.45346 -0.593669 0.011805 0.804623 74.5819 
0.803956 0.0221135 0.594278 174.003 -0.0128819 0.999722 -0.0197733 -3.49043 -0.59455 0.00824145 0.804017 75.288 
0.803367 0.0180315 0.595212 174.507 -0.00991001 0.999808 -0.0169126 -3.52104 -0.595402 0.0076885 0.803391 75.9937 
0.803649 0.0133724 0.594954 175.01 -0.00561476 0.999873 -0.0148892 -3.54969 -0.595078 0.00862517 0.803622 76.6881 
0.803959 0.00910955 0.594615 175.514 -0.000376453 0.99989 -0.0148093 -3.57828 -0.594685 0.0116823 0.803874 77.3801 
0.804666 0.00740124 0.593681 176.007 0.00198422 0.999883 -0.0151545 -3.60908 -0.593724 0.0133724 0.804558 78.0664 
0.805453 0.00958183 0.592582 176.498 0.00265862 0.999801 -0.01978 -3.64005 -0.592654 0.0175073 0.805267 78.7524 
0.805905 0.0094137 0.59197 176.984 0.00571721 0.999703 -0.0236809 -3.67254 -0.592017 0.022469 0.805612 79.4383 
0.806221 0.00650829 0.591579 177.472 0.00807281 0.999725 -0.0220003 -3.70314 -0.59156 0.0225128 0.805947 80.1183 
0.805945 0.00502733 0.591969 177.954 0.00543442 0.999859 -0.0158901 -3.73566 -0.591965 0.0160235 0.805804 80.8055 
0.805341 -0.000666099 0.592811 178.434 0.00593527 0.999958 -0.00693948 -3.76349 -0.592782 0.00910717 0.805312 81.487 
0.805054 -0.00554621 0.593175 178.915 0.00836237 0.999963 -0.00199958 -3.78482 -0.593142 0.00657015 0.805071 82.1529 
0.804372 -0.00843599 0.594066 179.383 0.0111866 0.999937 -0.000947197 -3.80437 -0.594021 0.00740751 0.804416 82.8005 
0.803467 -0.00467171 0.59533 179.833 0.00882299 0.999953 -0.00406068 -3.82676 -0.595283 0.00851525 0.803471 83.4365 
0.802258 0.00306748 0.596969 180.267 0.00574448 0.999901 -0.0128578 -3.85143 -0.596949 0.0137445 0.802161 84.0538 
0.800802 0.0074556 0.598883 180.7 0.00595321 0.999774 -0.0204067 -3.87628 -0.5989 0.019907 0.800576 84.6557 
