1 2.12261e-08 -2.11895e-08 -3.19189e-16 2.12261e-08 1 2.10703e-08 -6.66134e-16 -2.11895e-08 2.10703e-08 1 -2.28151e-14 
0.999996 0.0026619 0.000102271 -0.0119538 -0.00266201 0.999995 0.00157418 -0.0170854 -9.81228e-05 -0.00157441 0.999999 0.786519 
0.999987 0.00516334 0.000186396 -0.0251486 -0.00516365 0.999985 0.00194953 -0.0326323 -0.000176369 -0.00195042 0.999998 1.55824 
0.999979 0.00651715 0.000528571 -0.040963 -0.006518 0.999977 0.00171266 -0.0502309 -0.00051744 -0.00171602 0.999998 2.30326 
0.999964 0.00844479 0.000621524 -0.0538351 -0.0084456 0.999963 0.001377 -0.0649015 -0.000609915 -0.00138216 0.999999 3.04658 
0.999964 0.00840039 0.000923293 -0.063852 -0.0084014 0.999964 0.00113286 -0.0774854 -0.000913786 -0.00114054 0.999999 3.76972 
0.999964 0.00849749 0.000894379 -0.0691783 -0.00849936 0.999962 0.00216065 -0.0920744 -0.000876027 -0.00216814 0.999997 4.48185 
0.999955 0.0093488 0.00140759 -0.0814612 -0.00935572 0.999944 0.00502513 -0.105481 -0.00136058 -0.00503804 0.999986 5.17072 
0.999956 0.00899481 0.00254371 -0.0851258 -0.00901726 0.999919 0.00897408 -0.113682 -0.00246283 -0.00899658 0.999957 5.84349 
0.999959 0.00832248 0.00368316 -0.0874461 -0.00836795 0.999887 0.0125182 -0.123256 -0.00357861 -0.0125484 0.999915 6.49143 
0.999962 0.0074599 0.00451419 -0.0876749 -0.00752573 0.999863 0.0147559 -0.130556 -0.00440353 -0.0147893 0.999881 7.11663 
0.999952 0.00805013 0.0055715 -0.0923372 -0.00813139 0.999859 0.0147267 -0.141202 -0.00545221 -0.0147713 0.999876 7.71178 
0.999938 0.00900768 0.00656995 -0.0963771 -0.00908654 0.999886 0.0120799 -0.148712 -0.00646043 -0.0121388 0.999905 8.2724 
0.999933 0.00892953 0.00735075 -0.0986723 -0.00899725 0.999917 0.00923722 -0.153535 -0.0072677 -0.00930269 0.99993 8.80925 
0.999937 0.0069807 0.00874646 -0.093315 -0.00704939 0.999944 0.00785211 -0.160655 -0.0086912 -0.00791323 0.999931 9.31968 
0.999939 0.00344908 0.0104931 -0.0870345 -0.00350663 0.999979 0.00547473 -0.164674 -0.010474 -0.00551115 0.99993 9.80297 
0.999924 0.00143383 0.0122213 -0.0810184 -0.00148554 0.99999 0.00422633 -0.172192 -0.0122152 -0.00424413 0.999916 10.2532 
0.999884 0.00551227 0.0142031 -0.0852901 -0.00554594 0.999982 0.00233589 -0.184054 -0.01419 -0.00241434 0.999896 10.6731 
0.999805 0.00994479 0.017083 -0.0873996 -0.00997308 0.999949 0.00157435 -0.193124 -0.0170666 -0.00174437 0.999853 11.0597 
0.999733 0.0104769 0.0205864 -0.0849797 -0.0105299 0.999942 0.00246798 -0.197592 -0.0205594 -0.00268405 0.999785 11.4151 
0.999702 0.00633559 0.0235701 -0.0726753 -0.006408 0.999975 0.00299945 -0.201871 -0.0235506 -0.00314955 0.999718 11.7381 
0.999664 0.00160909 0.0258538 -0.054838 -0.00168185 0.999995 0.0027941 -0.204709 -0.0258492 -0.0028366 0.999662 12.0304 
0.999597 -0.00179583 0.0283387 -0.045533 0.0016781 0.99999 0.00417922 -0.21091 -0.028346 -0.00412993 0.99959 12.2932 
0.999522 -0.00211991 0.0308369 -0.0377952 0.00196158 0.999985 0.00516515 -0.215456 -0.0308475 -0.00510215 0.999511 12.5293 
0.999454 -0.00144518 0.033013 -0.0332415 0.00130307 0.99999 0.00432687 -0.221927 -0.0330189 -0.00428145 0.999446 12.7326 
0.999383 -0.000493808 0.0351127 -0.028786 0.000393008 0.999996 0.00287884 -0.225526 -0.035114 -0.00286322 0.999379 12.922 
0.999292 0.00164359 0.0375837 -0.0262144 -0.00172547 0.999996 0.00214743 -0.231758 -0.0375801 -0.00221072 0.999291 13.0939 
0.999221 0.00428759 0.0392285 -0.0261449 -0.00435158 0.999989 0.00154708 -0.238234 -0.0392215 -0.00171654 0.999229 13.259 
0.999156 0.00552112 0.0407145 -0.0227864 -0.00553053 0.999985 0.000119688 -0.243268 -0.0407133 -0.000344719 0.999171 13.4187 
0.999083 0.00452914 0.042586 -0.0141829 -0.00446764 0.999989 -0.00153817 -0.2486 -0.0425925 0.00134654 0.999092 13.5691 
0.999024 0.00311814 0.0440659 -0.0059541 -0.00299 0.999991 -0.00297248 -0.250694 -0.0440748 0.00283786 0.999024 13.7166 
0.99897 0.00249844 0.0453158 -0.000346459 -0.00231533 0.999989 -0.00409194 -0.252365 -0.0453256 0.00398285 0.998964 13.8538 
0.998897 0.00316616 0.0468434 0.00472563 -0.00291068 0.999981 -0.00552032 -0.255272 -0.04686 0.00537792 0.998887 13.988 
0.998845 0.00385857 0.047894 0.0141443 -0.00350019 0.999965 -0.0075636 -0.260325 -0.0479215 0.00738726 0.998824 14.1178 
0.998808 0.00383688 0.0486519 0.019995 -0.00337036 0.999948 -0.00966637 -0.26459 -0.0486865 0.00949092 0.998769 14.2423 
0.998784 0.00304195 0.0492024 0.0301203 -0.00245863 0.999926 -0.0119108 -0.268322 -0.049235 0.0117754 0.998718 14.3663 
0.998808 0.00211949 0.0487726 0.0364318 -0.00144907 0.999904 -0.0137761 -0.27114 -0.0487971 0.0136891 0.998715 14.4935 
0.998908 0.00163351 0.0466839 0.0383499 -0.000940124 0.999889 -0.0148699 -0.276429 -0.0467031 0.0148098 0.998799 14.6213 
0.999044 0.0016929 0.0436884 0.0403762 -0.00100755 0.999876 -0.0157034 -0.280548 -0.0437097 0.0156444 0.998922 14.7502 
0.99921 0.00197049 0.0396836 0.038321 -0.00129995 0.999856 -0.0169148 -0.284963 -0.0397113 0.0168499 0.999069 14.8762 
0.999421 0.00246546 0.0339306 0.0352494 -0.00185108 0.999834 -0.0181251 -0.286015 -0.0339697 0.0180519 0.99926 15.0022 
0.999627 0.00227022 0.0272112 0.0333967 -0.00175848 0.999822 -0.0188138 -0.289889 -0.0272491 0.0187589 0.999453 15.1338 
0.999796 0.00211895 0.0200705 0.026675 -0.00172746 0.999808 -0.0195006 -0.293203 -0.020108 0.019462 0.999608 15.2628 
0.999926 0.0021567 0.0119855 0.0191573 -0.00191009 0.999787 -0.0205453 -0.295405 -0.0120273 0.0205209 0.999717 15.3968 
0.999998 0.000953025 0.00189625 0.00796912 -0.000911621 0.999764 -0.0216948 -0.300194 -0.00191652 0.0216931 0.999763 15.5342 
0.999937 -0.000649521 -0.0111918 -0.00327104 0.000388425 0.999728 -0.0233195 -0.303716 0.0112038 0.0233137 0.999665 15.6853 
0.999621 -0.00138165 -0.0275136 -0.0234067 0.000687105 0.999681 -0.0252389 -0.307728 0.0275396 0.0252105 0.999303 15.8476 
0.9989 -0.0010902 -0.0468876 -0.0504083 -0.000139218 0.999656 -0.0262102 -0.311687 0.0469 0.026188 0.998556 16.0259 
0.997632 -0.000253192 -0.0687749 -0.0883112 -0.00152253 0.999667 -0.0257662 -0.317593 0.0687585 0.02581 0.997299 16.2224 
0.995709 0.000375205 -0.0925385 -0.134846 -0.00264662 0.999698 -0.0244246 -0.322666 0.0925014 0.0245647 0.99541 16.4361 
0.992865 0.00122736 -0.119241 -0.195243 -0.00399845 0.999727 -0.0230033 -0.328216 0.11918 0.023316 0.992599 16.6689 
0.988771 0.00217492 -0.149421 -0.266846 -0.00535695 0.999767 -0.0208968 -0.336608 0.149341 0.0214626 0.988553 16.9129 
0.983168 0.00225872 -0.18269 -0.348442 -0.00554381 0.999832 -0.0174732 -0.343222 0.18262 0.018192 0.983015 17.173 
0.975572 0.00322004 -0.219656 -0.447382 -0.00635219 0.999888 -0.0135548 -0.346912 0.219587 0.014619 0.975483 17.4485 
0.965652 0.00492645 -0.259792 -0.555074 -0.00735067 0.999938 -0.00836086 -0.34829 0.259735 0.00998337 0.965628 17.7442 
0.953422 0.00904063 -0.301505 -0.691135 -0.0105832 0.999938 -0.00348311 -0.352853 0.301455 0.00651179 0.953458 18.0331 
0.938866 0.0124251 -0.344058 -0.834593 -0.0129452 0.999916 0.000785375 -0.353786 0.344039 0.0037166 0.938948 18.3305 
0.921626 0.0147501 -0.3878 -0.999084 -0.0133455 0.999891 0.0063148 -0.354678 0.38785 -0.000644458 0.921722 18.6361 
0.901815 0.0178514 -0.431754 -1.18381 -0.0131797 0.999818 0.0138099 -0.355904 0.431921 -0.00676359 0.901886 18.9455 
0.879155 0.0218013 -0.476036 -1.37434 -0.0138342 0.9997 0.0202344 -0.354741 0.476335 -0.0112036 0.879193 19.2478 
0.853454 0.0268422 -0.520476 -1.59559 -0.0163636 0.999561 0.0247174 -0.354272 0.520911 -0.0125782 0.853518 19.5457 
0.824543 0.0297938 -0.565014 -1.83722 -0.0170976 0.999469 0.0277519 -0.349334 0.56554 -0.0132222 0.824615 19.8428 
0.792754 0.0328455 -0.608656 -2.10638 -0.0191871 0.999397 0.0289409 -0.337292 0.60924 -0.0112646 0.792906 20.1351 
0.757918 0.0351187 -0.651403 -2.39852 -0.0193472 0.999321 0.0313649 -0.324965 0.652062 -0.0111691 0.758083 20.423 
0.719954 0.0386427 -0.692945 -2.72069 -0.0201612 0.999192 0.0347738 -0.308954 0.693729 -0.0110649 0.720152 20.7073 
0.680013 0.0396216 -0.732129 -3.06926 -0.0177422 0.999136 0.0375924 -0.294843 0.732985 -0.0125737 0.680128 20.9852 
0.638367 0.0394035 -0.768723 -3.44274 -0.015036 0.999137 0.0387279 -0.281404 0.769585 -0.0131641 0.638408 21.2507 
0.59492 0.0382099 -0.802876 -3.84274 -0.0097228 0.999139 0.0403458 -0.266414 0.803726 -0.0161963 0.594779 21.5064 
0.54991 0.0384522 -0.834338 -4.26481 -0.00533574 0.999081 0.0425279 -0.251831 0.835207 -0.0189347 0.54961 21.7398 
0.50265 0.0396601 -0.86358 -4.71551 -0.00339534 0.99903 0.0439044 -0.231289 0.864483 -0.0191363 0.502297 21.9565 
0.452877 0.0393181 -0.890705 -5.18878 -0.00256341 0.99908 0.0427987 -0.210819 0.891569 -0.0170993 0.452562 22.1434 
0.400201 0.0381716 -0.915632 -5.68794 0.00258288 0.999081 0.0427794 -0.191237 0.916424 -0.0194853 0.399734 22.3196 
0.346461 0.0374391 -0.937317 -6.20869 0.00772996 0.999055 0.0427623 -0.172337 0.938033 -0.0220609 0.345844 22.4718 
0.292114 0.0362954 -0.955694 -6.75653 0.0102014 0.999105 0.0410621 -0.148102 0.956329 -0.0217442 0.291482 22.5999 
0.23839 0.0420185 -0.97026 -7.33422 0.0106213 0.998891 0.045868 -0.121199 0.971111 -0.0212398 0.237679 22.7004 
0.186754 0.0470325 -0.98128 -7.93606 0.0131524 0.998644 0.0503678 -0.0959512 0.982319 -0.0223125 0.185882 22.7741 
0.138141 0.0485225 -0.989223 -8.5537 0.0186245 0.998495 0.0515781 -0.0725582 0.990237 -0.0255488 0.13703 22.8288 
0.0937748 0.0499949 -0.994337 -9.1906 0.0209009 0.998419 0.0521713 -0.0539378 0.995374 -0.0256749 0.0925816 22.8556 
0.0534166 0.048185 -0.997409 -9.8377 0.0205123 0.998571 0.0493397 -0.0288086 0.998362 -0.0230947 0.0523519 22.8542 
0.0177117 0.04372 -0.998887 -10.5 0.01774 0.998873 0.0440339 0.00303913 0.999686 -0.0185001 0.0169162 22.8301 
-0.0108166 0.0436199 -0.99899 -11.1878 0.0156534 0.998933 0.0434479 0.0338666 0.999819 -0.0151676 -0.0114879 22.7903 
-0.0318829 0.0477498 -0.99835 -11.8962 0.0142707 0.998778 0.0473145 0.0621253 0.99939 -0.0127386 -0.0325254 22.7405 
-0.0448219 0.0537621 -0.997547 -12.6272 0.0157755 0.998464 0.0531027 0.0896854 0.99887 -0.0133566 -0.0456012 22.687 
-0.0529773 0.0563857 -0.997003 -13.3764 0.0155748 0.99833 0.0556332 0.120407 0.998474 -0.0125808 -0.053767 22.6309 
-0.0568891 0.0535685 -0.996942 -14.1556 0.0166208 0.998472 0.0527023 0.154395 0.998242 -0.0135717 -0.0576925 22.5765 
-0.0563161 0.0498816 -0.997166 -14.9402 0.0241686 0.998527 0.0485847 0.189276 0.99812 -0.021364 -0.0574387 22.5291 
-0.0521894 0.0485265 -0.997458 -15.7442 0.0358893 0.998265 0.0466879 0.227646 0.997992 -0.0333614 -0.0538404 22.4935 
-0.0468359 0.0485697 -0.997721 -16.5839 0.0364765 0.998234 0.0468824 0.26209 0.998236 -0.0341975 -0.0485249 22.4502 
-0.0418423 0.0470833 -0.998014 -17.4306 0.0347255 0.998354 0.0456434 0.287088 0.998521 -0.0327467 -0.0434084 22.3998 
-0.0386534 0.0408997 -0.998415 -18.2948 0.0383112 0.998488 0.0394195 0.318997 0.998518 -0.0367268 -0.0401619 22.3636 
-0.0367421 0.0301428 -0.99887 -19.158 0.0362321 0.998928 0.0288118 0.343268 0.998668 -0.0351325 -0.0377948 22.322 
-0.0360071 0.0215262 -0.99912 -20.0622 0.0286231 0.99938 0.0205003 0.363886 0.998942 -0.0278597 -0.0366009 22.2579 
-0.0374162 0.01857 -0.999127 -20.9875 0.0230114 0.999578 0.0177167 0.384396 0.999035 -0.0223284 -0.0378277 22.1999 
-0.0408559 0.0243345 -0.998869 -21.9402 0.0138184 0.999622 0.0237876 0.398295 0.99907 -0.0128309 -0.0411767 22.1268 
-0.045949 0.0322189 -0.998424 -22.9274 0.00899363 0.999453 0.0318382 0.420332 0.998903 -0.00751649 -0.0462136 22.05 
-0.0508733 0.0417015 -0.997834 -23.9444 0.0077096 0.999115 0.0413619 0.449748 0.998675 -0.00558865 -0.0511497 21.983 
-0.0526888 0.0516449 -0.997275 -24.9739 0.00661844 0.998658 0.0513669 0.488326 0.998589 -0.00389391 -0.0529599 21.9144 
-0.05377 0.0594712 -0.996781 -25.9978 0.00842753 0.998216 0.0591023 0.529392 0.998518 -0.00522243 -0.0541753 21.8447 
-0.0553042 0.0602286 -0.996651 -27.0182 0.00953275 0.998165 0.0597912 0.577375 0.998424 -0.00619409 -0.0557769 21.7711 
-0.0570896 0.057534 -0.99671 -28.0372 0.00843259 0.99833 0.0571445 0.621067 0.998333 -0.00514245 -0.0574795 21.693 
-0.059814 0.0524935 -0.996828 -29.0571 0.00825727 0.998608 0.0520917 0.663365 0.998175 -0.00511522 -0.0601642 21.6126 
-0.0644398 0.0473891 -0.996796 -30.0762 0.00847735 0.998862 0.0469393 0.698173 0.997886 -0.00542539 -0.0647682 21.5275 
-0.0700655 0.0429204 -0.996619 -31.0968 0.00863782 0.999063 0.0424183 0.73031 0.997505 -0.00563651 -0.0703706 21.44 
-0.0771949 0.0409694 -0.996174 -32.1341 0.00795549 0.999149 0.0404753 0.762705 0.996984 -0.00480053 -0.0774551 21.3391 
-0.0838179 0.04345 -0.995533 -33.1942 0.00836656 0.999044 0.0428988 0.79545 0.996446 -0.00473346 -0.0841013 21.2281 
-0.0900013 0.0482989 -0.99477 -34.2706 0.0069424 0.99883 0.0478679 0.83103 0.995917 -0.00259787 -0.0902313 21.1037 
-0.0962133 0.0511265 -0.994047 -35.3463 0.00438459 0.998692 0.050941 0.867651 0.995351 0.000542753 -0.0963116 20.975 
-0.100986 0.0532161 -0.993464 -36.4213 0.00136969 0.998575 0.0533506 0.910554 0.994887 0.00402699 -0.100915 20.845 
-0.103899 0.0545994 -0.993088 -37.4955 -0.00316828 0.998469 0.0552267 0.950599 0.994583 0.00888444 -0.103567 20.7076 
-0.10575 0.055726 -0.99283 -38.5752 -0.00689113 0.998364 0.0567706 0.993892 0.994369 0.0128452 -0.105193 20.5673 
-0.107347 0.0552308 -0.992686 -39.6642 -0.00815073 0.998373 0.0564286 1.04006 0.994188 0.0141486 -0.106722 20.4248 
-0.108729 0.0542865 -0.992588 -40.7525 -0.00861061 0.998419 0.0555487 1.08675 0.994034 0.0145866 -0.10809 20.2816 
-0.109705 0.0535713 -0.99252 -41.8445 -0.00992468 0.998438 0.0549877 1.13193 0.993915 0.0158829 -0.109002 20.1365 
-0.110485 0.0525826 -0.992486 -42.9343 -0.0121569 0.998453 0.0542521 1.1749 0.993804 0.0180596 -0.109674 19.9888 
-0.111251 0.0500631 -0.992531 -44.0221 -0.0164059 0.998502 0.0522032 1.21618 0.993657 0.0220911 -0.110263 19.841 
-0.111621 0.0451805 -0.992723 -45.1169 -0.021824 0.998614 0.0479024 1.25213 0.993511 0.0270122 -0.110481 19.6905 
-0.110892 0.0445475 -0.992834 -46.2188 -0.0232585 0.998605 0.0474043 1.29302 0.99356 0.0283486 -0.109701 19.543 
-0.109275 0.0486332 -0.992821 -47.3355 -0.0240431 0.998381 0.0515518 1.33575 0.993721 0.0295039 -0.107929 19.3954 
-0.107585 0.0518176 -0.992845 -48.4523 -0.0240353 0.998213 0.0547022 1.37671 0.993905 0.0297485 -0.106148 19.2559 
-0.1062 0.0515319 -0.993009 -49.5614 -0.022181 0.998285 0.0541779 1.42421 0.994097 0.0277797 -0.104874 19.1198 
-0.103889 0.0509099 -0.993285 -50.6776 -0.0219444 0.998329 0.0534636 1.46683 0.994347 0.0273513 -0.102598 18.9861 
-0.100039 0.0514488 -0.993653 -51.8069 -0.0262464 0.998178 0.0543256 1.50992 0.994637 0.0315145 -0.0985063 18.8494 
-0.0943144 0.0522127 -0.994172 -52.9376 -0.0314784 0.997968 0.0553983 1.55616 0.995045 0.0365199 -0.0924792 18.7157 
-0.0887347 0.0516926 -0.994713 -54.0633 -0.0349754 0.997875 0.054977 1.60179 0.995441 0.0396689 -0.0867382 18.5917 
-0.0832061 0.0509955 -0.995227 -55.1938 -0.0365376 0.997862 0.0541853 1.64593 0.995862 0.0408718 -0.081165 18.478 
-0.0775908 0.0502414 -0.995719 -56.3246 -0.0358961 0.997941 0.0531507 1.692 0.996339 0.0398664 -0.0756276 18.3712 
-0.0727383 0.0503528 -0.996079 -57.4668 -0.034145 0.998014 0.052944 1.73369 0.996766 0.0378623 -0.0708745 18.2742 
-0.0671114 0.0509113 -0.996446 -58.6098 -0.033406 0.998023 0.0532418 1.77984 0.997186 0.0368604 -0.0652779 18.1778 
-0.061636 0.0525982 -0.996712 -59.7612 -0.0320383 0.997992 0.054647 1.82505 0.997584 0.0353012 -0.059827 18.09 
-0.0563909 0.0536817 -0.996965 -60.9075 -0.0327661 0.997916 0.0555863 1.8728 0.997871 0.0358012 -0.0545144 18.0083 
-0.0513609 0.0530387 -0.997271 -62.0622 -0.0321972 0.997982 0.0547347 1.91778 0.998161 0.0349206 -0.0495495 17.9319 
-0.046698 0.0485057 -0.997731 -63.2118 -0.031963 0.998236 0.0500263 1.96195 0.998398 0.0342266 -0.0450653 17.8613 
-0.0422452 0.0433369 -0.998167 -64.3564 -0.0319547 0.998489 0.0447033 2.00061 0.998596 0.0337847 -0.0407965 17.794 
-0.0383716 0.0427035 -0.998351 -65.5068 -0.0318114 0.998528 0.0439338 2.03871 0.998757 0.0334448 -0.0369566 17.7258 
-0.0352813 0.0451501 -0.998357 -66.6738 -0.0312191 0.998442 0.0462572 2.07233 0.99889 0.0327998 -0.0338168 17.6658 
-0.0330245 0.0444823 -0.998464 -67.8377 -0.0314502 0.998468 0.0455227 2.1127 0.99896 0.0329054 -0.0315749 17.6041 
-0.0320219 0.0441979 -0.99851 -69.0091 -0.0331635 0.998425 0.0452577 2.15326 0.998937 0.0345634 -0.0305057 17.5431 
-0.0310892 0.0450574 -0.998501 -70.1823 -0.0343254 0.998346 0.0461192 2.18882 0.998927 0.0357077 -0.0294912 17.4805 
-0.0300384 0.0445303 -0.998556 -71.3612 -0.0350921 0.998344 0.0455765 2.22818 0.998933 0.0364105 -0.0284259 17.4237 
-0.0290991 0.0425924 -0.998669 -72.5198 -0.0351508 0.99843 0.0436064 2.25923 0.998958 0.0363729 -0.0275563 17.3709 
-0.0286051 0.0413942 -0.998733 -73.7039 -0.0333686 0.998546 0.0423421 2.29474 0.999034 0.0345376 -0.0271822 17.3172 
-0.0282085 0.041154 -0.998755 -74.893 -0.0303436 0.998656 0.042007 2.33009 0.999141 0.0314908 -0.0269218 17.2675 
-0.0278683 0.0421865 -0.998721 -76.0808 -0.0279739 0.998685 0.0429656 2.35983 0.99922 0.0291355 -0.0266516 17.2167 
-0.027805 0.0450307 -0.998599 -77.2628 -0.0275741 0.99857 0.0457972 2.39256 0.999233 0.0288089 -0.0265236 17.1628 
-0.0277106 0.0485558 -0.998436 -78.4495 -0.0298312 0.998335 0.0493788 2.42764 0.999171 0.0311529 -0.026216 17.1109 
-0.0272269 0.048458 -0.998454 -79.6268 -0.0324952 0.998254 0.0493344 2.46463 0.999101 0.0337883 -0.0256047 17.0549 
-0.0269911 0.0465966 -0.998549 -80.8044 -0.0333619 0.998315 0.0474874 2.50028 0.999079 0.0345953 -0.0253911 17.0011 
-0.0268308 0.0442556 -0.99866 -81.9992 -0.0334069 0.998422 0.0451426 2.53708 0.999082 0.0345734 -0.02531 16.9489 
-0.0269495 0.0435756 -0.998687 -83.1787 -0.0310086 0.998532 0.0444056 2.57099 0.999156 0.0321646 -0.0255588 16.901 
-0.0270601 0.045234 -0.99861 -84.3504 -0.0296688 0.998499 0.0460329 2.60231 0.999193 0.0308732 -0.0256774 16.8537 
-0.0266615 0.04794 -0.998494 -85.5242 -0.0290603 0.99839 0.048711 2.6411 0.999222 0.0303153 -0.0252255 16.8003 
-0.0260012 0.0503242 -0.998394 -86.6909 -0.029323 0.998264 0.0510813 2.67561 0.999232 0.0306042 -0.0244804 16.7481 
-0.0259312 0.0506068 -0.998382 -87.8648 -0.0309014 0.9982 0.0514001 2.7134 0.999186 0.0321843 -0.0243207 16.6945 
-0.0258986 0.0483832 -0.998493 -89.0373 -0.0300253 0.99834 0.0491546 2.75496 0.999214 0.0312531 -0.0244029 16.6511 
-0.0257347 0.047127 -0.998557 -90.2145 -0.0286261 0.998444 0.0478594 2.79176 0.999259 0.0298165 -0.0243456 16.6062 
-0.0258973 0.0483143 -0.998496 -91.3919 -0.0272172 0.998427 0.0490169 2.82644 0.999294 0.0284457 -0.0245416 16.5607 
-0.0258358 0.0513309 -0.998348 -92.5736 -0.0250202 0.998335 0.0519777 2.86413 0.999353 0.0263218 -0.0245084 16.5145 
-0.025903 0.0539731 -0.998206 -93.7496 -0.023783 0.998226 0.0545913 2.904 0.999382 0.0251545 -0.0245734 16.4677 
-0.0254945 0.0556886 -0.998123 -94.9273 -0.0241163 0.998122 0.0563045 2.9496 0.999384 0.0255066 -0.0241036 16.4185 
-0.0252129 0.057582 -0.998022 -96.0996 -0.0267556 0.997943 0.0582534 2.99416 0.999324 0.0281714 -0.0236204 16.3658 
-0.0248709 0.0567185 -0.99808 -97.2621 -0.0288165 0.997934 0.0574282 3.03824 0.999275 0.0301895 -0.0231851 16.3123 
-0.0251348 0.052726 -0.998293 -98.4272 -0.0313244 0.998076 0.0535033 3.08345 0.999193 0.0326158 -0.0234348 16.2595 
-0.0249183 0.0508131 -0.998397 -99.6001 -0.0321905 0.998149 0.0516039 3.13201 0.999171 0.0334248 -0.0232364 16.2111 
-0.0250223 0.0491437 -0.998478 -100.769 -0.0319086 0.998243 0.0499318 3.17433 0.999178 0.0331095 -0.0234102 16.1679 
-0.0249763 0.049494 -0.998462 -101.921 -0.030922 0.998258 0.0502574 3.21493 0.99921 0.0321298 -0.0234024 16.1217 
-0.0252528 0.0517332 -0.998342 -103.073 -0.0311606 0.998134 0.0525107 3.25324 0.999195 0.032435 -0.0235936 16.0742 
-0.0255098 0.0539495 -0.998218 -104.227 -0.0295848 0.998065 0.0546973 3.29338 0.999237 0.0309274 -0.0238643 16.0302 
-0.0260123 0.052871 -0.998263 -105.399 -0.0334297 0.997996 0.053728 3.34073 0.999103 0.0347693 -0.0241927 15.9706 
-0.0264091 0.0539262 -0.998196 -106.572 -0.0375526 0.997786 0.0548976 3.38866 0.998946 0.0389346 -0.0243255 15.9161 
-0.026709 0.0529719 -0.998239 -107.741 -0.0407901 0.997706 0.054035 3.43634 0.998811 0.0421616 -0.024487 15.8582 
-0.0270581 0.0490799 -0.998428 -108.923 -0.0415731 0.997875 0.0501793 3.48188 0.998769 0.0428655 -0.0249602 15.8034 
-0.0277675 0.0449408 -0.998604 -110.108 -0.0416118 0.998071 0.0460739 3.52923 0.998748 0.0428331 -0.0258439 15.7477 
-0.0288539 0.0440049 -0.998615 -111.317 -0.0378327 0.998267 0.0450827 3.57194 0.998867 0.0390811 -0.0271391 15.696 
-0.029567 0.0432742 -0.998626 -112.53 -0.0328879 0.998479 0.0442416 3.615 0.999022 0.0341508 -0.0280988 15.6503 
-0.0301005 0.0449095 -0.998538 -113.749 -0.0319529 0.998436 0.0458681 3.66104 0.999036 0.0332868 -0.0286185 15.5928 
-0.0309662 0.0487734 -0.99833 -114.978 -0.0309084 0.998284 0.0497299 3.70514 0.999042 0.0323967 -0.0294056 15.5347 
-0.0318479 0.0489519 -0.998293 -116.204 -0.029085 0.998332 0.0498816 3.74912 0.999069 0.030624 -0.030371 15.4813 
-0.0325463 0.0444467 -0.998482 -117.442 -0.0291834 0.998543 0.0454007 3.79544 0.999044 0.0306168 -0.0312017 15.4196 
-0.0333426 0.0406414 -0.998617 -118.697 -0.0293697 0.998702 0.0416255 3.83936 0.999012 0.030717 -0.0321057 15.3517 
-0.0340815 0.0391758 -0.998651 -119.957 -0.0286234 0.998783 0.0401578 3.87909 0.999009 0.0299535 -0.0329187 15.2836 
-0.034658 0.0402789 -0.998587 -121.215 -0.0305501 0.998678 0.0413428 3.91781 0.998932 0.0319399 -0.0333817 15.2143 
-0.0352118 0.0448827 -0.998372 -122.477 -0.0354682 0.998306 0.0461307 3.95549 0.99875 0.0370349 -0.0335602 15.1396 
-0.0355825 0.0478774 -0.998219 -123.742 -0.0408041 0.997949 0.0493189 3.99709 0.998533 0.0424864 -0.0335559 15.0658 
-0.0360576 0.0473227 -0.998229 -125.003 -0.0478227 0.997652 0.0490228 4.04349 0.998205 0.0495056 -0.0337098 14.9914 
-0.0361508 0.045228 -0.998322 -126.267 -0.0509314 0.997594 0.0470393 4.08449 0.998048 0.0525465 -0.0337603 14.9209 
-0.0370402 0.0437606 -0.998355 -127.537 -0.052805 0.997559 0.0456848 4.1272 0.997918 0.0544103 -0.0346391 14.8522 
-0.0382307 0.0431879 -0.998335 -128.806 -0.0526925 0.997589 0.0451735 4.16435 0.997879 0.0543318 -0.0358628 14.7883 
-0.0389652 0.0425627 -0.998334 -130.08 -0.0504975 0.997732 0.044508 4.19853 0.997964 0.0521476 -0.0367275 14.7229 
-0.0392784 0.0431631 -0.998296 -131.352 -0.0505746 0.9977 0.0451272 4.23757 0.997948 0.052261 -0.0370051 14.6453 
-0.040384 0.0482417 -0.998019 -132.617 -0.0500334 0.997483 0.0502403 4.27888 0.997931 0.0519632 -0.0378687 14.5776 
-0.0411824 0.0523604 -0.997779 -133.891 -0.0488228 0.997328 0.0543519 4.32468 0.997958 0.0509528 -0.038516 14.5053 
-0.0413749 0.0508669 -0.997848 -135.154 -0.0492297 0.997386 0.0528846 4.37376 0.99793 0.0513119 -0.0387626 14.4327 
-0.040683 0.0493861 -0.997951 -136.407 -0.0487294 0.997491 0.0513498 4.42293 0.997983 0.0507187 -0.0381743 14.3587 
-0.0399727 0.0488778 -0.998005 -137.666 -0.0478378 0.997564 0.0507722 4.46529 0.998055 0.0497719 -0.0375371 14.2932 
-0.0392749 0.0481151 -0.998069 -138.929 -0.0479937 0.997596 0.0499809 4.50893 0.998075 0.0498641 -0.0368713 14.2261 
-0.0387445 0.0501115 -0.997992 -140.199 -0.0479563 0.997498 0.0519485 4.55539 0.998098 0.0498727 -0.0362444 14.1598 
-0.0379568 0.0537898 -0.997831 -141.472 -0.0490654 0.997245 0.0556247 4.60364 0.998074 0.0510704 -0.035213 14.0855 
-0.0371337 0.054896 -0.997801 -142.733 -0.0506688 0.997102 0.0567432 4.6503 0.998025 0.0526645 -0.0342446 14.0205 
-0.0362445 0.0520105 -0.997989 -143.986 -0.052648 0.997159 0.0538793 4.69854 0.997955 0.054495 -0.0334033 13.9501 
-0.0362855 0.0491605 -0.998132 -145.237 -0.0513366 0.997379 0.0509897 4.74284 0.998022 0.0530909 -0.0336666 13.8828 
-0.0364518 0.0477836 -0.998192 -146.483 -0.04856 0.997592 0.0495281 4.78383 0.998155 0.0502777 -0.0340437 13.8221 
-0.0369402 0.0474374 -0.998191 -147.728 -0.0472212 0.997674 0.0491604 4.82433 0.998201 0.0489518 -0.0346143 13.7573 
-0.0373429 0.0478748 -0.998155 -148.978 -0.0445586 0.997779 0.0495238 4.86378 0.998309 0.0463258 -0.0351267 13.6945 
-0.0378306 0.0464189 -0.998205 -150.222 -0.0426378 0.997936 0.0480222 4.90472 0.998374 0.044378 -0.0357733 13.6311 
-0.0384918 0.0464936 -0.998177 -151.465 -0.0418312 0.997966 0.0480969 4.94657 0.998383 0.0436063 -0.0364686 13.5714 
-0.039014 0.0491809 -0.998028 -152.728 -0.0393965 0.997936 0.0507164 4.99297 0.998462 0.0412975 -0.0369959 13.5065 
-0.0390041 0.0505308 -0.997961 -153.978 -0.0371072 0.997958 0.051981 5.03846 0.99855 0.039059 -0.0370494 13.436 
-0.039617 0.0490946 -0.998008 -155.205 -0.0346667 0.998123 0.0504764 5.08226 0.998613 0.0365974 -0.0378407 13.3752 
-0.040748 0.0492683 -0.997954 -156.439 -0.0356797 0.998075 0.0507311 5.12403 0.998532 0.037674 -0.0389117 13.3074 
-0.0407361 0.0538501 -0.997718 -157.692 -0.0364972 0.9978 0.0553446 5.1737 0.998503 0.0386684 -0.0386811 13.2291 
-0.0404381 0.060153 -0.99737 -158.933 -0.0415768 0.99722 0.0618297 5.22462 0.998317 0.0439677 -0.0378247 13.154 
-0.039724 0.0598914 -0.997414 -160.162 -0.046153 0.997027 0.0617063 5.28244 0.998144 0.0484849 -0.0368417 13.0791 
-0.0381315 0.0558205 -0.997712 -161.405 -0.0498532 0.997089 0.057691 5.34072 0.998028 0.051939 -0.0352377 12.9926 
-0.0363726 0.0501576 -0.998079 -162.647 -0.0516403 0.997311 0.0520009 5.39534 0.998003 0.0534325 -0.0336846 12.9165 
-0.0358357 0.0483395 -0.998188 -163.882 -0.0543025 0.99726 0.0502441 5.44025 0.997881 0.0560047 -0.0331125 12.8473 
-0.03475 0.0455158 -0.998359 -165.106 -0.0490372 0.997681 0.0471918 5.47896 0.998192 0.0505967 -0.0324375 12.7895 
-0.0347634 0.0410451 -0.998552 -166.312 -0.0456873 0.998046 0.0426149 5.5165 0.998351 0.0471027 -0.0328202 12.7317 
-0.0353277 0.0380783 -0.99865 -167.54 -0.0395833 0.998436 0.0394704 5.54862 0.998592 0.0409243 -0.0337652 12.6749 
-0.036293 0.0408687 -0.998505 -168.793 -0.0374241 0.998407 0.042225 5.58844 0.99864 0.0389007 -0.0347057 12.6126 
-0.0359807 0.0472811 -0.998233 -170.037 -0.0378978 0.998097 0.0486407 5.62472 0.998634 0.039581 -0.0341204 12.5512 
-0.0343676 0.050276 -0.998144 -171.269 -0.0396864 0.997878 0.051629 5.66789 0.998621 0.0413871 -0.0322994 12.4818 
-0.0326175 0.0472131 -0.998352 -172.491 -0.0408179 0.997987 0.0485294 5.7086 0.998634 0.0423336 -0.0306248 12.4191 
-0.032379 0.0471341 -0.998364 -173.722 -0.0430553 0.997894 0.0485083 5.75155 0.998548 0.0445555 -0.0302814 12.36 
-0.0316957 0.0482896 -0.99833 -174.952 -0.0407977 0.997937 0.0495659 5.78832 0.998665 0.0423007 -0.0296603 12.3112 
-0.0313286 0.0463716 -0.998433 -176.155 -0.0408508 0.998029 0.0476346 5.82611 0.998674 0.0422792 -0.0293725 12.2545 
-0.0294812 0.0449531 -0.998554 -177.346 -0.0412188 0.998084 0.0461489 5.86186 0.998715 0.0425198 -0.0275718 12.1914 
-0.0278632 0.0467 -0.99852 -178.502 -0.0429321 0.997931 0.0478705 5.89228 0.998689 0.0442025 -0.0258006 12.1339 
-0.0264334 0.0485632 -0.99847 -179.647 -0.0427238 0.997852 0.0496642 5.92296 0.998737 0.0439713 -0.0243018 12.076 
-0.0261461 0.0498954 -0.998412 -180.75 -0.0434203 0.997754 0.0509996 5.95157 0.998715 0.0446849 -0.0239209 12.0297 
-0.0261471 0.0511332 -0.99835 -181.833 -0.0436623 0.99768 0.0522424 5.98117 0.998704 0.0449563 -0.0238538 11.9827 
-0.0264415 0.0521386 -0.99829 -182.906 -0.0428152 0.997663 0.0532399 6.01104 0.998733 0.0441498 -0.0241474 11.9355 
-0.0259615 0.0511054 -0.998356 -183.944 -0.042779 0.997721 0.0521853 6.04517 0.998747 0.0440636 -0.023716 11.8872 
-0.0246143 0.0511027 -0.99839 -184.935 -0.0438653 0.997676 0.0521476 6.07168 0.998734 0.0450783 -0.0223154 11.8428 
-0.0232682 0.0518344 -0.998385 -185.9 -0.044565 0.997609 0.0528327 6.10043 0.998736 0.0457224 -0.0209025 11.8018 
-0.0239041 0.0503164 -0.998447 -186.859 -0.0427043 0.99777 0.0513047 6.12694 0.998802 0.0438645 -0.0217021 11.7558 
-0.0274284 0.04734 -0.998502 -187.796 -0.0403517 0.998011 0.0484252 6.15187 0.998809 0.0416195 -0.0254636 11.7242 
-0.0326062 0.043886 -0.998504 -188.737 -0.0403803 0.998162 0.0451896 6.1769 0.998652 0.0417935 -0.0307741 11.6772 
-0.0379418 0.0404562 -0.998461 -189.701 -0.0418027 0.998241 0.0420358 6.21088 0.998405 0.0433333 -0.0361838 11.631 
-0.0427208 0.039432 -0.998309 -190.625 -0.0436376 0.998194 0.0412949 6.23694 0.998134 0.045328 -0.0409229 11.5859 
-0.045948 0.0400418 -0.998141 -191.561 -0.0453341 0.998083 0.0421264 6.26031 0.997915 0.0471854 -0.0440447 11.5269 
-0.0483894 0.0416307 -0.997961 -192.502 -0.0440535 0.99807 0.0437713 6.28908 0.997857 0.0460818 -0.0464621 11.4729 
-0.0502421 0.0434484 -0.997792 -193.421 -0.040931 0.998124 0.0455239 6.31007 0.997898 0.0431278 -0.0483695 11.417 
-0.0517561 0.0439829 -0.997691 -194.338 -0.0394355 0.998161 0.0460493 6.33473 0.997881 0.0417278 -0.0499264 11.3543 
-0.0529362 0.0427981 -0.99768 -195.255 -0.0396692 0.998202 0.0449253 6.36193 0.99781 0.0419554 -0.0511433 11.2898 
-0.053643 0.0415559 -0.997695 -196.164 -0.0413193 0.998186 0.0437979 6.38567 0.997705 0.0435736 -0.0518286 11.2197 
-0.0536255 0.0405139 -0.997739 -197.072 -0.0448866 0.998069 0.0429398 6.41386 0.997552 0.0470878 -0.0517034 11.1483 
-0.0529138 0.0385048 -0.997857 -197.985 -0.0478054 0.998013 0.0410458 6.44023 0.997454 0.0498749 -0.0509679 11.079 
-0.0520568 0.0358237 -0.998001 -198.895 -0.0479488 0.998114 0.0383288 6.46284 0.997492 0.0498483 -0.0502409 11.0146 
-0.0516157 0.0331502 -0.998117 -199.807 -0.0479175 0.998216 0.0356315 6.4864 0.997517 0.0496665 -0.0499351 10.9491 
-0.051079 0.0327539 -0.998157 -200.733 -0.0481522 0.998219 0.0352201 6.50835 0.997533 0.0498625 -0.0494108 10.8826 
-0.0506096 0.0354277 -0.99809 -201.664 -0.0454346 0.998254 0.0377373 6.53159 0.997685 0.0472578 -0.0489116 10.8205 
-0.0509244 0.0368411 -0.998023 -202.605 -0.0448788 0.998226 0.0391386 6.55047 0.997694 0.0467832 -0.0491806 10.7584 
-0.0502995 0.0332406 -0.998181 -203.547 -0.0399857 0.998578 0.0352688 6.5724 0.997933 0.041687 -0.0488988 10.7018 
-0.0500313 0.029999 -0.998297 -204.488 -0.0386644 0.998741 0.0319501 6.59841 0.997999 0.0401971 -0.0488084 10.6419 
-0.0495141 0.0299757 -0.998324 -205.431 -0.0429767 0.99856 0.0321143 6.62487 0.997848 0.0444948 -0.0481545 10.5699 
-0.0484218 0.0339947 -0.998248 -206.391 -0.0444492 0.998357 0.0361545 6.64145 0.997838 0.046122 -0.0468312 10.5065 
-0.0464859 0.0334412 -0.998359 -207.354 -0.0418945 0.998495 0.0353964 6.66609 0.99804 0.0434712 -0.0450149 10.4467 
-0.0446275 0.034775 -0.998398 -208.325 -0.0407084 0.998501 0.0365982 6.69376 0.998174 0.0422765 -0.0431449 10.3909 
-0.0431998 0.0395 -0.998285 -209.308 -0.0415565 0.998282 0.0412982 6.72059 0.998202 0.0432693 -0.0414842 10.3322 
-0.0413649 0.0437183 -0.998187 -210.303 -0.0385771 0.998227 0.0453187 6.7484 0.998399 0.0403818 -0.0396051 10.2751 
-0.0400916 0.0441039 -0.998222 -211.303 -0.0382425 0.998226 0.04564 6.78341 0.998464 0.0400043 -0.0383338 10.2165 
-0.0379732 0.0446854 -0.998279 -212.31 -0.0417564 0.998056 0.0462638 6.81725 0.998406 0.0434413 -0.0360334 10.1562 
-0.0350865 0.0461664 -0.998317 -213.337 -0.0446345 0.997863 0.0477141 6.85546 0.998387 0.0462335 -0.0329509 10.0974 
-0.0318287 0.0464568 -0.998413 -214.362 -0.0459357 0.997796 0.0478925 6.88828 0.998437 0.0473872 -0.0296245 10.0476 
-0.0289681 0.0435808 -0.99863 -215.389 -0.0489705 0.997788 0.0449646 6.9253 0.99838 0.050206 -0.0267698 9.99462 
-0.0261128 0.0404028 -0.998842 -216.425 -0.0488386 0.997938 0.041643 6.95877 0.998465 0.0498695 -0.0240857 9.94823 
-0.0244865 0.0396003 -0.998916 -217.468 -0.0483203 0.998 0.0407485 6.99045 0.998532 0.0492657 -0.022524 9.90525 
-0.0230234 0.0416549 -0.998867 -218.52 -0.049151 0.997876 0.0427465 7.02357 0.998526 0.0500795 -0.0209271 9.86092 
-0.0215828 0.0448849 -0.998759 -219.586 -0.0512098 0.997631 0.0459408 7.05683 0.998455 0.0521378 -0.0192331 9.81596 
-0.0201958 0.0445101 -0.998805 -220.651 -0.0514892 0.997637 0.0454991 7.0903 0.998469 0.0523466 -0.0178563 9.77215 
-0.0190212 0.0418919 -0.998941 -221.723 -0.0504414 0.997809 0.0428049 7.12351 0.998546 0.0512022 -0.0168664 9.7287 
-0.0190381 0.0390954 -0.999054 -222.804 -0.0475865 0.998067 0.0399636 7.15478 0.998686 0.0483023 -0.0171409 9.6936 
-0.0192995 0.0380015 -0.999091 -223.899 -0.0461206 0.99818 0.0388578 7.18643 0.998749 0.0468287 -0.0175117 9.66052 
-0.0191218 0.0370654 -0.99913 -225.001 -0.0464489 0.998201 0.0379199 7.2157 0.998738 0.0471336 -0.0173657 9.61993 
-0.0186703 0.0370681 -0.999138 -226.106 -0.0464151 0.998203 0.0379007 7.24464 0.998748 0.0470828 -0.0169162 9.57736 
-0.0186183 0.0378787 -0.999109 -227.212 -0.0486416 0.998065 0.0387455 7.27472 0.998643 0.0493197 -0.0167398 9.53003 
-0.0190078 0.040075 -0.999016 -228.336 -0.049275 0.997945 0.0409696 7.30809 0.998604 0.0500053 -0.0169941 9.48658 
-0.0197881 0.0417676 -0.998931 -229.477 -0.0494279 0.997864 0.0427022 7.34172 0.998582 0.0502201 -0.0176814 9.4391 
-0.0204654 0.0434109 -0.998848 -230.62 -0.0506269 0.99773 0.0443996 7.38091 0.998508 0.0514773 -0.0182212 9.39256 
-0.0216465 0.0443821 -0.99878 -231.768 -0.0528299 0.997568 0.0454732 7.41608 0.998369 0.0537498 -0.0192491 9.34962 
-0.022663 0.0430093 -0.998818 -232.92 -0.0550587 0.997504 0.044202 7.45482 0.998226 0.0559954 -0.0202384 9.29548 
-0.0236803 0.0386266 -0.998973 -234.085 -0.0533296 0.997782 0.0398447 7.48897 0.998296 0.0542184 -0.0215678 9.24683 
-0.0249075 0.0324561 -0.999163 -235.249 -0.0504239 0.99816 0.0336805 7.52204 0.998417 0.0512206 -0.0232251 9.19533 
-0.0271116 0.0281844 -0.999235 -236.434 -0.0457004 0.998522 0.0294043 7.54795 0.998587 0.0464626 -0.0257835 9.14982 
-0.0293495 0.0284589 -0.999164 -237.624 -0.0396557 0.998775 0.0296126 7.57088 0.998782 0.0404917 -0.0281849 9.10191 
-0.0317347 0.0326527 -0.998963 -238.824 -0.035057 0.998815 0.0337615 7.59343 0.998881 0.0360921 -0.0305524 9.05062 
-0.0338629 0.0350798 -0.998811 -240.038 -0.0327728 0.998807 0.0361908 7.62069 0.998889 0.0339594 -0.0326728 8.99133 
-0.0359762 0.0346523 -0.998752 -241.241 -0.0308957 0.998882 0.0357697 7.64738 0.998875 0.032144 -0.0348653 8.92798 
-0.0381448 0.0352912 -0.998649 -242.451 -0.0311613 0.998848 0.0364885 7.67713 0.998786 0.032511 -0.0370011 8.85777 
-0.0402953 0.0369154 -0.998506 -243.672 -0.0301735 0.998817 0.0381445 7.70384 0.998732 0.0316655 -0.0391338 8.78982 
-0.0425341 0.0365645 -0.998426 -244.897 -0.0292575 0.998856 0.0378267 7.73424 0.998667 0.0308204 -0.0414156 8.71298 
-0.0449208 0.0352099 -0.99837 -246.127 -0.0290072 0.998911 0.0365342 7.76387 0.998569 0.0306011 -0.0438505 8.63706 
-0.0472488 0.0348541 -0.998275 -247.365 -0.0288507 0.998927 0.0362424 7.79315 0.998466 0.0305133 -0.0461925 8.55562 
-0.049707 0.0358348 -0.998121 -248.605 -0.029265 0.998875 0.0373193 7.82271 0.998335 0.031065 -0.0486023 8.47338 
-0.0521202 0.0361767 -0.997985 -249.851 -0.0296137 0.998848 0.0377546 7.85034 0.998202 0.0315219 -0.0509888 8.38722 
-0.0544914 0.0372097 -0.997821 -251.114 -0.0310735 0.998758 0.0389416 7.88028 0.998031 0.0331278 -0.0532675 8.28743 
-0.0568816 0.0389195 -0.997622 -252.377 -0.0329422 0.998623 0.0408368 7.91137 0.997837 0.0351868 -0.0555212 8.19325 
-0.0583824 0.039667 -0.997506 -253.651 -0.0347001 0.998526 0.0417385 7.94427 0.997691 0.0370504 -0.0569199 8.09461 
-0.0594789 0.039974 -0.997429 -254.919 -0.0372876 0.998412 0.0422369 7.97876 0.997533 0.0397039 -0.0578938 7.99229 
-0.0595119 0.0399845 -0.997427 -256.194 -0.0376999 0.998395 0.0422727 8.01274 0.997515 0.0401186 -0.0579089 7.89125 
-0.0595205 0.0388612 -0.99747 -257.467 -0.0368985 0.998473 0.041102 8.04848 0.997545 0.0392517 -0.0579957 7.78881 
-0.0593316 0.0377896 -0.997523 -258.726 -0.0340312 0.998626 0.0398555 8.0827 0.997658 0.0363116 -0.057964 7.6953 
-0.0597763 0.0375929 -0.997504 -259.99 -0.032798 0.998677 0.0396025 8.11448 0.997673 0.0350834 -0.0584642 7.59919 
-0.0596648 0.0379397 -0.997497 -261.259 -0.0327718 0.998664 0.0399443 8.14593 0.99768 0.0350731 -0.0583417 7.49851 
-0.0593666 0.0377835 -0.997521 -262.526 -0.0319245 0.9987 0.0397282 8.17907 0.997726 0.0342039 -0.0580832 7.39936 
-0.0592522 0.038583 -0.997497 -263.801 -0.0314357 0.998685 0.0404963 8.20826 0.997748 0.0337566 -0.0579614 7.30397 
-0.0593836 0.0399119 -0.997437 -265.062 -0.0286368 0.998721 0.0416682 8.23094 0.997824 0.0310378 -0.0581647 7.20987 
-0.0595628 0.0424569 -0.997321 -266.319 -0.0242078 0.99874 0.043963 8.26396 0.997931 0.0267616 -0.0584599 7.12285 
-0.0600104 0.0461289 -0.997131 -267.574 -0.0209398 0.998654 0.0474596 8.29804 0.997978 0.0237279 -0.0589636 7.03387 
-0.0601568 0.048739 -0.996998 -268.823 -0.0186798 0.998577 0.0499433 8.33314 0.998014 0.0216282 -0.0591608 6.94464 
-0.0599603 0.0471714 -0.997086 -270.057 -0.0192636 0.998642 0.0484034 8.36999 0.998015 0.0221097 -0.0589702 6.84842 
-0.0599717 0.045542 -0.997161 -271.283 -0.0216918 0.998663 0.0469152 8.40848 0.997964 0.0244439 -0.0589037 6.74807 
-0.0604939 0.0484017 -0.996994 -272.518 -0.0275939 0.998361 0.0501424 8.44809 0.997787 0.0305443 -0.0590591 6.64431 
-0.0604764 0.0541545 -0.9967 -273.756 -0.0329189 0.997876 0.0562158 8.49024 0.997627 0.03621 -0.0585652 6.53938 
-0.0602557 0.0533796 -0.996755 -274.986 -0.0371243 0.997758 0.0556776 8.53639 0.997492 0.0403587 -0.0581389 6.43696 
-0.0599071 0.0467319 -0.997109 -276.216 -0.0367938 0.998121 0.0489899 8.58007 0.997526 0.0396223 -0.0580751 6.33645 
-0.0604302 0.0412581 -0.997319 -277.452 -0.0337954 0.998488 0.0433542 8.62212 0.9976 0.0363248 -0.0589445 6.24315 
-0.0606818 0.0405265 -0.997334 -278.679 -0.0275537 0.998727 0.0422596 8.65588 0.997777 0.0300447 -0.0594878 6.16039 
-0.0600029 0.0421536 -0.997308 -279.927 -0.0240412 0.998757 0.0436613 8.69123 0.997909 0.0265963 -0.0589149 6.07697 
-0.0583439 0.0439622 -0.997328 -281.18 -0.0232477 0.998699 0.0453827 8.73274 0.998026 0.0258334 -0.057246 5.97651 
-0.0569435 0.0461717 -0.997309 -282.422 -0.0243076 0.99857 0.047618 8.77299 0.998081 0.0269537 -0.0557397 5.87081 
-0.0559816 0.0475063 -0.997301 -283.659 -0.0253903 0.998477 0.0489876 8.81115 0.998109 0.0280642 -0.0546901 5.77725 
-0.0552801 0.0485246 -0.997291 -284.894 -0.0261513 0.998405 0.0500284 8.85153 0.998128 0.028846 -0.053923 5.68775 
-0.0546211 0.0478839 -0.997358 -286.122 -0.0257694 0.998449 0.0493476 8.88829 0.998175 0.0283968 -0.0533024 5.59747 
-0.0545454 0.0462297 -0.997441 -287.343 -0.0263957 0.998512 0.0477228 8.92616 0.998162 0.0289313 -0.0532439 5.50919 
-0.0546669 0.0450993 -0.997486 -288.578 -0.0262732 0.998569 0.0465882 8.96564 0.998159 0.028754 -0.0534038 5.43157 
-0.0545356 0.0447423 -0.997509 -289.803 -0.026825 0.998569 0.0462564 9.00326 0.998151 0.0292809 -0.0532574 5.33847 
-0.0541781 0.0445895 -0.997535 -291.033 -0.027451 0.998558 0.0461261 9.03791 0.998154 0.0298824 -0.052876 5.24612 
-0.0541117 0.0449088 -0.997525 -292.265 -0.0279417 0.998529 0.0464697 9.0746 0.998144 0.0303872 -0.0527773 5.15829 
-0.0538431 0.0450701 -0.997532 -293.495 -0.0272616 0.998542 0.0465872 9.11038 0.998177 0.0297027 -0.0525359 5.07043 
-0.0537974 0.0435286 -0.997603 -294.718 -0.0270585 0.998619 0.0450322 9.144 0.998185 0.0294163 -0.0525453 4.97626 
-0.0539397 0.0409717 -0.997703 -295.939 -0.0263918 0.99875 0.0424415 9.17619 0.998195 0.0286205 -0.052791 4.89056 
-0.0542032 0.0380158 -0.997806 -297.173 -0.0273169 0.998845 0.0395393 9.20854 0.998156 0.0294002 -0.0531021 4.79856 
-0.0544626 0.0366027 -0.997845 -298.406 -0.029076 0.998846 0.0382264 9.23964 0.998092 0.0310953 -0.0533355 4.7011 
-0.0546571 0.0364708 -0.997839 -299.653 -0.0324811 0.998739 0.0382828 9.27152 0.997977 0.0345034 -0.0534035 4.60007 
-0.0549197 0.0376147 -0.997782 -300.895 -0.0357054 0.998577 0.03961 9.29918 0.997852 0.0378016 -0.0534985 4.5018 
-0.0552191 0.0383641 -0.997737 -302.139 -0.0392602 0.998405 0.0405626 9.33093 0.997702 0.0414112 -0.0536248 4.4004 
-0.0552362 0.0382881 -0.997739 -303.384 -0.040752 0.998345 0.0405675 9.36191 0.997641 0.0429007 -0.0535845 4.30151 
-0.0558884 0.036176 -0.997781 -304.624 -0.040516 0.998438 0.0384692 9.39362 0.997615 0.0425761 -0.0543354 4.21364 
-0.0565906 0.0340635 -0.997816 -305.876 -0.0381668 0.998614 0.0362553 9.42366 0.997668 0.0401352 -0.055212 4.12338 
-0.0574245 0.0336757 -0.997782 -307.129 -0.035271 0.998739 0.035738 9.45266 0.997727 0.037245 -0.0561643 4.03089 
-0.0585637 0.0359795 -0.997635 -308.378 -0.032919 0.998737 0.0379517 9.47558 0.997741 0.0350638 -0.0573053 3.94368 
