1 2.12261e-08 -2.11895e-08 0 2.12261e-08 1 2.10703e-08 0 -2.11895e-08 2.10703e-08 1 0 
0.999933 -0.00297052 0.0111505 0.0149373 0.0029582 0.999995 0.00112462 -0.0062143 -0.0111538 -0.00109152 0.999937 0.284909 
0.99983 -0.0051461 0.0176875 0.0254501 0.00512648 0.999986 0.00115708 -0.0102363 -0.0176933 -0.00106617 0.999843 0.576874 
0.99978 -0.00810273 0.0193536 0.0375817 0.00810635 0.999967 -0.00010648 -0.012991 -0.0193522 0.000263386 0.999813 0.880443 
0.999812 -0.00958011 0.0168516 0.0454742 0.00960838 0.999953 -0.00159491 -0.017787 -0.0168356 0.00175657 0.999857 1.19298 
0.999877 -0.0120789 0.00996795 0.0424747 0.0121102 0.999922 -0.00308424 -0.018826 -0.00992996 0.00320462 0.999946 1.51281 
0.9999 -0.013915 -0.00259995 0.0363513 0.0139017 0.999891 -0.00505862 -0.0223946 0.00267001 0.00502201 0.999984 1.84596 
0.999722 -0.0132055 -0.0195191 0.0161507 0.0131048 0.9999 -0.00528332 -0.0285369 0.0195869 0.0050261 0.999796 2.18652 
0.999195 -0.00874013 -0.0391459 -0.0202115 0.00853581 0.999949 -0.0053845 -0.0330046 0.0391909 0.00504607 0.999219 2.542 
0.998233 -0.005287 -0.0591943 -0.0626671 0.00490296 0.999966 -0.00663189 -0.0379014 0.0592273 0.00632999 0.998224 2.90928 
0.996804 -0.00508252 -0.0797244 -0.108555 0.00452191 0.999964 -0.00721126 -0.039925 0.0797581 0.00682775 0.996791 3.28455 
0.994865 -0.00667646 -0.100993 -0.162515 0.00603436 0.99996 -0.00666239 -0.0436779 0.101033 0.0060188 0.994865 3.67094 
0.992643 -0.00801202 -0.120816 -0.227219 0.00734358 0.999955 -0.00597726 -0.0464371 0.120858 0.00504611 0.992657 4.06767 
0.990308 -0.00682513 -0.138725 -0.304588 0.00612839 0.999966 -0.00544929 -0.0515541 0.138757 0.00454636 0.990316 4.46604 
0.987992 -0.0055625 -0.154408 -0.391239 0.00486957 0.999976 -0.00486581 -0.0566759 0.154431 0.00405552 0.987995 4.88396 
0.985774 -0.00482487 -0.16801 -0.484315 0.00403448 0.999979 -0.00504566 -0.0621931 0.16803 0.00429609 0.985772 5.30693 
0.983579 -0.00640396 -0.180366 -0.576042 0.00541394 0.999968 -0.00598092 -0.0699229 0.180398 0.00490626 0.983581 5.74736 
0.981675 -0.0101526 -0.190295 -0.668283 0.0087366 0.999928 -0.00827883 -0.0759291 0.190365 0.00646463 0.981692 6.19945 
0.980149 -0.00915832 -0.19805 -0.779647 0.0072802 0.999921 -0.0102094 -0.081791 0.198128 0.0085649 0.980139 6.65976 
0.9786 -0.00874034 -0.205585 -0.892495 0.00643304 0.999909 -0.011889 -0.0898035 0.20567 0.0103121 0.978567 7.1349 
0.976881 -0.00966817 -0.213563 -1.01178 0.0066815 0.99987 -0.0147025 -0.0990639 0.213678 0.0129358 0.976819 7.62129 
0.975103 -0.0134959 -0.221341 -1.13335 0.0101115 0.999814 -0.0164169 -0.109937 0.221521 0.0137701 0.975058 8.12086 
0.973201 -0.0197449 -0.229105 -1.25638 0.0161102 0.999713 -0.0177247 -0.12165 0.229389 0.0135588 0.97324 8.63884 
0.971088 -0.0203613 -0.237852 -1.39696 0.0160327 0.999669 -0.0201197 -0.137833 0.238183 0.0157246 0.971093 9.157 
0.969007 -0.0159457 -0.24652 -1.55696 0.0101804 0.999644 -0.0246439 -0.148582 0.246825 0.0213705 0.968824 9.68821 
0.966761 -0.0127657 -0.255365 -1.72265 0.00586282 0.999597 -0.0277745 -0.166424 0.255616 0.0253542 0.966446 10.234 
0.964504 -0.0153302 -0.263624 -1.88776 0.00782953 0.999535 -0.0294796 -0.187587 0.263953 0.0263692 0.964175 10.7884 
0.962109 -0.018072 -0.272067 -2.05721 0.00979921 0.999448 -0.0317356 -0.2093 0.27249 0.0278671 0.961755 11.3528 
0.959825 -0.0175178 -0.280052 -2.24191 0.00821259 0.999376 -0.0343659 -0.232349 0.280479 0.0306853 0.959369 11.9273 
0.957493 -0.0164654 -0.287986 -2.44087 0.0058443 0.999272 -0.0377018 -0.262092 0.288397 0.0344162 0.956892 12.5143 
0.955271 -0.0176048 -0.295208 -2.64526 0.005118 0.999061 -0.043018 -0.290548 0.295688 0.039583 0.954464 13.1062 
0.953483 -0.0190739 -0.300842 -2.85277 0.00401461 0.998711 -0.0505961 -0.324109 0.301419 0.0470349 0.952331 13.7137 
0.952181 -0.019774 -0.304895 -3.07081 0.00190569 0.998269 -0.0587915 -0.360949 0.305529 0.0553992 0.95057 14.3304 
0.950894 -0.0200436 -0.308867 -3.2928 -0.000904614 0.997717 -0.0675311 -0.404171 0.309515 0.0644943 0.948705 14.9535 
0.949509 -0.0197124 -0.313119 -3.52405 -0.00452649 0.99706 -0.0764961 -0.452883 0.313707 0.0740511 0.946628 15.5916 
0.948198 -0.0191392 -0.317104 -3.76232 -0.00782079 0.996475 -0.0835292 -0.508986 0.317585 0.0816823 0.944705 16.2378 
0.946606 -0.0172184 -0.321934 -4.00944 -0.0124932 0.995864 -0.0899978 -0.574332 0.322152 0.0892145 0.942475 16.8963 
0.944939 -0.0165128 -0.326829 -4.26189 -0.0156774 0.995295 -0.0956136 -0.644542 0.326871 0.0954729 0.940234 17.5609 
0.943346 -0.0142171 -0.331505 -4.52362 -0.0205819 0.994651 -0.101226 -0.714281 0.331171 0.102314 0.938007 18.2232 
0.94158 -0.0116775 -0.336588 -4.79273 -0.0248819 0.994256 -0.1041 -0.795614 0.33587 0.106394 0.93588 18.9039 
0.93982 -0.010913 -0.341497 -5.0729 -0.0267704 0.994065 -0.105441 -0.876198 0.340621 0.108237 0.93395 19.6053 
0.937725 -0.0100492 -0.347234 -5.36138 -0.0281203 0.994105 -0.104711 -0.95845 0.346239 0.107954 0.931914 20.303 
0.935421 -0.0097984 -0.353399 -5.65451 -0.0286117 0.994239 -0.1033 -1.04069 0.352375 0.10674 0.929752 21.0183 
0.932879 -0.00980047 -0.360058 -5.95573 -0.0286804 0.994435 -0.101376 -1.12477 0.359047 0.104898 0.927406 21.7426 
0.929619 -0.00908777 -0.368411 -6.27084 -0.0292749 0.994716 -0.0984071 -1.20529 0.367358 0.102266 0.92444 22.4884 
0.926288 -0.00696963 -0.376752 -6.59384 -0.0301862 0.995243 -0.0926274 -1.28879 0.375606 0.0971724 0.921671 23.2342 
0.922832 -0.00370043 -0.385185 -6.93364 -0.0325394 0.995631 -0.0875232 -1.36955 0.383826 0.0933029 0.91868 23.9789 
0.919205 0.000254982 -0.393779 -7.2752 -0.0360176 0.995862 -0.0834318 -1.44769 0.392128 0.090874 0.915411 24.7199 
0.91543 0.00123181 -0.402475 -7.63482 -0.0372862 0.995954 -0.0817593 -1.52124 0.400746 0.0898517 0.911772 25.476 
0.911452 0.00135621 -0.411404 -8.00165 -0.0381986 0.995954 -0.0813446 -1.59176 0.409629 0.0898568 0.907816 26.2305 
0.907574 0.00137315 -0.41989 -8.37929 -0.038584 0.996037 -0.0801406 -1.66301 0.418115 0.0889346 0.90403 26.9947 
0.903679 0.00255374 -0.428203 -8.76807 -0.0398963 0.996135 -0.0782563 -1.73803 0.426348 0.0878023 0.900288 27.7617 
0.899967 0.00199406 -0.435954 -9.16793 -0.0390737 0.996334 -0.0761052 -1.80935 0.434203 0.0855266 0.896746 28.5352 
0.896126 0.00233909 -0.443794 -9.58003 -0.0382619 0.99667 -0.0720067 -1.87804 0.442148 0.0815074 0.893231 29.3234 
0.892298 0.00446991 -0.451425 -9.99792 -0.0385247 0.997057 -0.0662762 -1.94557 0.449801 0.0765291 0.889844 30.1092 
0.888515 0.00461131 -0.458825 -10.434 -0.0372523 0.997374 -0.0621153 -2.01229 0.457334 0.0722827 0.886353 30.9091 
0.884899 0.0035848 -0.465768 -10.8798 -0.0356418 0.99756 -0.0600372 -2.0782 0.464416 0.0697277 0.882868 31.7117 
0.881604 0.00273863 -0.471981 -11.3346 -0.0347134 0.997651 -0.0590518 -2.13609 0.470711 0.0684445 0.879629 32.5239 
0.87847 0.00319332 -0.477787 -11.8062 -0.0346111 0.997776 -0.056968 -2.19613 0.476543 0.0665815 0.876627 33.3447 
0.875533 0.00180652 -0.483155 -12.2862 -0.032821 0.997906 -0.0557443 -2.25735 0.482042 0.0646637 0.873759 34.1755 
0.872986 0.000629653 -0.487745 -12.7863 -0.0317059 0.997957 -0.0554602 -2.31871 0.486714 0.0638804 0.871223 35.0185 
0.871043 0.000406848 -0.491206 -13.2868 -0.0320595 0.997915 -0.0560238 -2.37879 0.490159 0.064547 0.86924 35.8601 
0.869799 0.000296996 -0.493407 -13.794 -0.0323525 0.997882 -0.0564319 -2.4373 0.492345 0.0650474 0.867966 36.7051 
0.869466 0.000811383 -0.493992 -14.3068 -0.0324991 0.997926 -0.0555621 -2.49724 0.492922 0.0643637 0.86769 37.5553 
0.869252 0.00124175 -0.494368 -14.8274 -0.0320181 0.998039 -0.053791 -2.56202 0.493331 0.0625867 0.867587 38.4356 
0.868881 -0.000138966 -0.495021 -15.353 -0.0301226 0.998132 -0.0531528 -2.62625 0.494103 0.0610948 0.867254 39.3181 
0.86833 -0.00174557 -0.495984 -15.8834 -0.0288278 0.998126 -0.0539822 -2.68974 0.495149 0.0611726 0.866652 40.1973 
0.867297 -0.00362105 -0.497778 -16.4337 -0.0270805 0.99815 -0.0544444 -2.75303 0.497054 0.0606996 0.865594 41.1033 
0.86571 -0.00417526 -0.500528 -16.9864 -0.0255931 0.998288 -0.0525932 -2.81494 0.49989 0.0583406 0.864121 42.0221 
0.863695 -0.0033315 -0.504004 -17.5484 -0.0246636 0.998501 -0.0488655 -2.87503 0.503411 0.0546355 0.862318 42.94 
0.860857 -0.00364186 -0.508834 -18.1127 -0.0222567 0.998748 -0.0448027 -2.94051 0.50836 0.0498938 0.859698 43.8561 
0.856951 -0.00364394 -0.515385 -18.6792 -0.0215238 0.99885 -0.0428506 -3.00274 0.514949 0.047814 0.855887 44.7555 
0.851737 -0.00743912 -0.523916 -19.2495 -0.0188226 0.998819 -0.0447825 -3.06588 0.523631 0.0480045 0.850592 45.6453 
0.845649 -0.0108856 -0.533629 -19.8307 -0.0174824 0.998691 -0.0480771 -3.12604 0.533454 0.0499855 0.844351 46.5405 
0.839717 -0.0112456 -0.542907 -20.4178 -0.0171623 0.998737 -0.0472327 -3.18707 0.542752 0.0489797 0.838463 47.3808 
0.833908 -0.00785051 -0.551847 -21.0308 -0.0183083 0.998955 -0.0418771 -3.24855 0.551599 0.0450251 0.832893 48.2682 
0.828727 -0.00326226 -0.559644 -21.6544 -0.0214089 0.999066 -0.0375263 -3.30554 0.559244 0.0430805 0.827883 49.1493 
0.824739 -0.00341405 -0.565504 -22.2904 -0.0225677 0.998987 -0.0389442 -3.36164 0.565064 0.0448809 0.823826 50.0272 
0.821516 -0.00549957 -0.570158 -22.924 -0.0232148 0.998802 -0.0430834 -3.41682 0.569712 0.0486298 0.820404 50.8962 
0.818553 -0.00748232 -0.574382 -23.5643 -0.0260648 0.998402 -0.050151 -3.47653 0.573839 0.0560225 0.81705 51.7484 
0.815483 -0.00861416 -0.578717 -24.1988 -0.0262135 0.998314 -0.0517979 -3.53975 0.578187 0.0574105 0.813882 52.5991 
0.811962 -0.00716838 -0.583667 -24.8376 -0.025311 0.998552 -0.0474749 -3.60907 0.583162 0.0533211 0.810604 53.4611 
0.808763 -0.00484922 -0.588114 -25.4914 -0.0248095 0.998795 -0.042353 -3.67036 0.587611 0.0488445 0.807668 54.3321 
0.805953 -0.00279108 -0.591973 -26.1526 -0.025472 0.998899 -0.0393891 -3.72754 0.591431 0.0468246 0.804995 55.1753 
0.80279 -0.00267646 -0.596256 -26.8194 -0.0262191 0.998864 -0.0397847 -3.78268 0.595685 0.0475721 0.801808 56.0377 
0.799271 -0.00361764 -0.60096 -27.4855 -0.026746 0.998777 -0.0415844 -3.83676 0.600375 0.0493105 0.798197 56.8927 
0.795369 -0.00623715 -0.606093 -28.1522 -0.0257346 0.998698 -0.0440486 -3.89785 0.605578 0.0506325 0.794173 57.7274 
0.791296 -0.00754247 -0.611387 -28.8304 -0.0247632 0.998708 -0.0443708 -3.95584 0.610932 0.0502504 0.790087 58.5543 
0.786805 -0.0078705 -0.617152 -29.5181 -0.024108 0.998764 -0.0434724 -4.01544 0.616731 0.0490826 0.785642 59.3971 
0.781975 -0.0076846 -0.623262 -30.2117 -0.02404 0.998808 -0.0424768 -4.08119 0.622846 0.0481991 0.780859 60.2198 
0.776682 -0.00888401 -0.62983 -30.9137 -0.0238504 0.998769 -0.0434995 -4.13937 0.629441 0.048807 0.775514 61.0517 
0.771198 -0.0102515 -0.636512 -31.6271 -0.0233707 0.99874 -0.0444014 -4.19751 0.636166 0.0491181 0.769987 61.8872 
0.76558 -0.0116674 -0.643235 -32.3541 -0.0228179 0.998714 -0.0452734 -4.25657 0.642936 0.0493377 0.764329 62.724 
0.760002 -0.0132031 -0.649787 -33.0872 -0.0222106 0.998682 -0.0462703 -4.31938 0.649541 0.0495977 0.758707 63.5438 
0.753917 -0.0154122 -0.656788 -33.8274 -0.0209834 0.99865 -0.0475209 -4.37857 0.656634 0.0496085 0.752576 64.3657 
0.747837 -0.0168038 -0.66367 -34.5941 -0.0198489 0.998667 -0.0476519 -4.43996 0.663586 0.048809 0.746506 65.1906 
0.741724 -0.0162484 -0.670508 -35.3709 -0.0198224 0.998739 -0.0461301 -4.50293 0.670412 0.0475069 0.740466 66.0059 
0.735072 -0.0168483 -0.67778 -36.1342 -0.0188294 0.998798 -0.0452493 -4.56886 0.677727 0.0460238 0.733872 66.8198 
0.728613 -0.0191987 -0.684657 -36.917 -0.0168261 0.998804 -0.0459141 -4.63297 0.684719 0.0449738 0.727418 67.6206 
0.722351 -0.0203502 -0.691227 -37.6943 -0.0172971 0.998722 -0.0474791 -4.70149 0.69131 0.0462529 0.721076 68.3995 
0.716202 -0.0199409 -0.697609 -38.5059 -0.0182262 0.998716 -0.04726 -4.76242 0.697655 0.0465625 0.714919 69.1987 
0.711235 -0.0188853 -0.7027 -39.3358 -0.0193609 0.998734 -0.0464373 -4.8278 0.702687 0.0466328 0.709969 69.9779 
0.706356 -0.0183212 -0.707619 -40.153 -0.0204173 0.998722 -0.0462391 -4.89399 0.707562 0.047109 0.705079 70.7579 
0.701706 -0.0192514 -0.712207 -40.9927 -0.0205744 0.99867 -0.0472658 -4.95998 0.71217 0.04782 0.700377 71.5433 
0.696569 -0.020629 -0.717193 -41.8364 -0.0218918 0.99851 -0.0499829 -5.0285 0.717155 0.0505172 0.69508 72.328 
0.691657 -0.022886 -0.721864 -42.6897 -0.0219709 0.998369 -0.0527038 -5.09329 0.721892 0.0523129 0.690025 73.1072 
0.686621 -0.0233132 -0.726642 -43.5517 -0.0226544 0.998314 -0.0534361 -5.16431 0.726663 0.053152 0.684935 73.8856 
0.682094 -0.0228306 -0.730908 -44.4273 -0.0223448 0.998395 -0.0520384 -5.23469 0.730923 0.0518272 0.68049 74.6541 
0.676998 -0.0224825 -0.735641 -45.2965 -0.0222193 0.998453 -0.0509626 -5.30891 0.735649 0.0508471 0.675452 75.4231 
0.671898 -0.0236846 -0.740265 -46.1719 -0.0214231 0.998449 -0.0513897 -5.38179 0.740334 0.0503875 0.670348 76.1876 
0.667104 -0.0246387 -0.744557 -47.0606 -0.0206225 0.998459 -0.0515181 -5.45438 0.744679 0.0497226 0.665568 76.9595 
0.662739 -0.0251502 -0.748428 -47.9546 -0.0199781 0.998486 -0.051244 -5.52492 0.748584 0.0489136 0.661234 77.7195 
0.658626 -0.0260519 -0.752019 -48.8619 -0.0187749 0.99852 -0.0510347 -5.59876 0.752236 0.0477319 0.657163 78.4901 
0.654716 -0.0290006 -0.755318 -49.7754 -0.0159381 0.998512 -0.0521534 -5.67237 0.755707 0.046184 0.65328 79.2583 
0.65075 -0.0335399 -0.758551 -50.7108 -0.0131752 0.998375 -0.0554469 -5.74461 0.759177 0.0460762 0.649251 80.0248 
0.64596 -0.0378021 -0.762435 -51.6258 -0.00879336 0.998338 -0.0569484 -5.82155 0.763321 0.0434908 0.644554 80.7811 
0.639436 -0.0411984 -0.76774 -52.5549 -0.00404682 0.998369 -0.056945 -5.90227 0.768834 0.0395196 0.638226 81.533 
0.631095 -0.0449654 -0.774401 -53.4982 0.000894707 0.99836 -0.0572404 -5.98393 0.775705 0.0354313 0.630101 82.2825 
0.62207 -0.0461213 -0.781602 -54.4554 0.0037022 0.998426 -0.0559693 -6.06156 0.782953 0.0319232 0.621262 83.0265 
0.6133 -0.0446345 -0.788588 -55.4398 0.00395644 0.998563 -0.0534422 -6.14177 0.78984 0.0296562 0.612595 83.7657 
0.604219 -0.0444953 -0.795575 -56.4239 0.00353692 0.99858 -0.0531629 -6.22192 0.79681 0.0293082 0.603519 84.4876 
0.594767 -0.045835 -0.802591 -57.4237 0.00264427 0.998479 -0.0550624 -6.29722 0.803894 0.0306271 0.593984 85.1982 
0.584782 -0.0481009 -0.809763 -58.4418 0.0031366 0.998367 -0.057039 -6.37713 0.811185 0.0308156 0.583978 85.9091 
0.574964 -0.04976 -0.816664 -59.4792 0.00340191 0.998286 -0.0584313 -6.45631 0.818172 0.0308177 0.574147 86.6124 
0.56502 -0.0506193 -0.823523 -60.531 0.00621139 0.998349 -0.0571037 -6.5366 0.825054 0.0271496 0.564402 87.3087 
0.554803 -0.050681 -0.830437 -61.5864 0.00738229 0.998404 -0.056 -6.62082 0.831949 0.0249385 0.554292 87.9925 
0.544587 -0.0514554 -0.837124 -62.6503 0.00772642 0.998382 -0.056341 -6.70434 0.838669 0.0242147 0.544104 88.6592 
0.534407 -0.0523785 -0.843603 -63.7189 0.00670289 0.998309 -0.057738 -6.78588 0.845201 0.0252011 0.533855 89.313 
0.52442 -0.0526378 -0.849831 -64.7981 0.00487825 0.998257 -0.0588209 -6.87204 0.851446 0.0267012 0.523762 89.9488 
0.514738 -0.0536999 -0.855664 -65.8967 0.00388376 0.998172 -0.0603072 -6.95989 0.857339 0.0277193 0.514006 90.5782 
0.505342 -0.0533812 -0.861267 -67.0034 0.00261573 0.998175 -0.060332 -7.04713 0.862915 0.0282355 0.504559 91.196 
0.496576 -0.0514111 -0.866469 -68.1143 0.00194436 0.998308 -0.0581193 -7.13532 0.867991 0.027176 0.495836 91.8087 
0.488775 -0.0498194 -0.870986 -69.2326 0.00255734 0.998446 -0.0556749 -7.22217 0.872406 0.0249851 0.488143 92.4077 
0.480957 -0.0504071 -0.875294 -70.3586 0.00298226 0.998434 -0.0558599 -7.30527 0.876739 0.0242559 0.480354 93.005 
0.473297 -0.0535097 -0.879276 -71.4949 0.00478621 0.998295 -0.0581764 -7.39076 0.88089 0.0233264 0.472747 93.5978 
0.466431 -0.0570111 -0.882719 -72.6353 0.00727322 0.998134 -0.0606221 -7.47708 0.884528 0.0218559 0.465975 94.1788 
0.460514 -0.0595097 -0.885655 -73.7727 0.00772471 0.997981 -0.0630405 -7.5697 0.887619 0.0221897 0.460044 94.7376 
0.454804 -0.0632423 -0.888343 -74.9175 0.00995584 0.997774 -0.0659358 -7.66288 0.890536 0.0211437 0.454421 95.3144 
0.449845 -0.0644401 -0.890779 -76.0714 0.0126098 0.997752 -0.0658108 -7.75662 0.893018 0.0183722 0.449647 95.8876 
0.445522 -0.0619405 -0.893126 -77.2222 0.0143488 0.99797 -0.062054 -7.85691 0.895156 0.0148312 0.445507 96.4476 
0.441354 -0.060197 -0.895312 -78.3721 0.0176949 0.998137 -0.0583877 -7.95444 0.897159 0.00992723 0.441597 97.0047 
0.437968 -0.0596615 -0.897009 -79.519 0.0193788 0.99819 -0.0569295 -8.0481 0.898782 0.00755041 0.438331 97.5442 
0.435191 -0.0595255 -0.898369 -80.6533 0.0207121 0.99821 -0.0561075 -8.13645 0.9001 0.00581045 0.435644 98.0692 
0.432609 -0.0588074 -0.899662 -81.7818 0.0227159 0.998265 -0.0543296 -8.2235 0.901295 0.00306696 0.433194 98.5956 
0.430071 -0.0579963 -0.90093 -82.9041 0.024378 0.998317 -0.0526283 -8.3107 0.902466 0.00067106 0.430761 99.1137 
0.427688 -0.0591883 -0.901986 -84.0344 0.0271711 0.998245 -0.0526213 -8.39761 0.903518 -0.00200241 0.428546 99.6341 
0.425171 -0.0596318 -0.903147 -85.1671 0.0296673 0.998209 -0.0519421 -8.48028 0.904627 -0.00470961 0.426178 100.157 
0.422885 -0.059192 -0.904248 -86.2888 0.033071 0.998208 -0.0498765 -8.55723 0.90558 -0.00881233 0.424084 100.668 
0.421024 -0.058269 -0.905176 -87.4126 0.0345957 0.99824 -0.0481684 -8.63779 0.90639 -0.0110351 0.422299 101.165 
0.419391 -0.0591724 -0.905875 -88.5076 0.0366036 0.998164 -0.0482544 -8.72416 0.907068 -0.0129208 0.420787 101.65 
0.418212 -0.0606586 -0.906322 -89.6041 0.038504 0.998055 -0.049031 -8.80175 0.907533 -0.0143916 0.419734 102.139 
0.417523 -0.0620207 -0.906547 -90.674 0.0391039 0.99797 -0.0502655 -8.88408 0.907825 -0.0144624 0.419101 102.617 
0.417955 -0.0629765 -0.906283 -91.7386 0.0382896 0.997929 -0.0516868 -8.96081 0.907661 -0.0130984 0.4195 103.086 
0.420338 -0.0627811 -0.905193 -92.7831 0.0363151 0.997968 -0.0523523 -9.04343 0.906641 -0.0108665 0.421764 103.548 
0.424061 -0.0630247 -0.903438 -93.8139 0.0343806 0.997977 -0.0534821 -9.12312 0.904981 -0.00838097 0.42537 104.023 
0.428965 -0.0637823 -0.901066 -94.8385 0.03356 0.997941 -0.0546629 -9.20307 0.902697 -0.00679123 0.430223 104.494 
0.43478 -0.064007 -0.898259 -95.8588 0.0327799 0.997935 -0.0552432 -9.27943 0.89994 -0.00542619 0.43598 104.966 
0.441643 -0.063098 -0.894969 -96.8694 0.0320311 0.997997 -0.0545553 -9.35847 0.896619 -0.00457278 0.44278 105.445 
0.449673 -0.0618062 -0.891052 -97.867 0.0305917 0.998083 -0.053792 -9.43637 0.892669 -0.00306992 0.450702 105.927 
0.458391 -0.0616854 -0.886608 -98.8628 0.0303711 0.998093 -0.0537397 -9.50992 0.888232 -0.00229345 0.45939 106.422 
0.467653 -0.0609412 -0.881809 -99.8465 0.0293957 0.998141 -0.0533913 -9.58895 0.883423 -0.000952691 0.468575 106.926 
0.477326 -0.0618581 -0.876547 -100.816 0.0287346 0.998085 -0.0547876 -9.66687 0.878257 0.000964328 0.478189 107.434 
0.487389 -0.063694 -0.870859 -101.781 0.0273843 0.99796 -0.0576641 -9.74314 0.872755 0.00425708 0.488139 107.954 
0.498811 -0.064257 -0.864326 -102.743 0.0255986 0.997905 -0.0594146 -9.82492 0.866333 0.00751114 0.499411 108.487 
0.510611 -0.0623643 -0.857547 -103.687 0.0233678 0.998004 -0.0586649 -9.90717 0.859494 0.00991599 0.511049 109.034 
0.523264 -0.0599112 -0.850062 -104.609 0.0221217 0.998144 -0.0567306 -9.98698 0.851883 0.0108803 0.523619 109.574 
0.535533 -0.0576229 -0.842546 -105.533 0.0215661 0.998277 -0.0545659 -10.0641 0.844239 0.0110515 0.535853 110.139 
0.547218 -0.0570382 -0.835044 -106.432 0.0214751 0.998304 -0.0541168 -10.1423 0.836715 0.011681 0.547515 110.705 
0.55826 -0.0573844 -0.827679 -107.321 0.0215217 0.998271 -0.0546957 -10.217 0.829387 0.0127214 0.55853 111.292 
0.569604 -0.0589654 -0.819801 -108.21 0.0221723 0.998163 -0.0563889 -10.2871 0.82162 0.0139425 0.569865 111.88 
0.580542 -0.0604543 -0.811983 -109.07 0.0241195 0.998079 -0.057065 -10.3644 0.813873 0.013544 0.580885 112.473 
0.590878 -0.0604861 -0.80449 -109.909 0.0249112 0.998078 -0.0567445 -10.4425 0.806376 0.0134883 0.591249 113.081 
0.60131 -0.0582325 -0.796891 -110.746 0.0240961 0.998209 -0.0547616 -10.5166 0.798653 0.0137268 0.601636 113.695 
0.61085 -0.0555353 -0.789797 -111.565 0.0246209 0.998387 -0.0511601 -10.591 0.791364 0.0118056 0.611232 114.321 
0.620577 -0.0542695 -0.782265 -112.366 0.0238179 0.998447 -0.0503721 -10.6589 0.783784 0.0126279 0.620905 114.937 
0.630087 -0.0537023 -0.774666 -113.149 0.0220886 0.998442 -0.051249 -10.7315 0.776211 0.0151801 0.630291 115.568 
0.639149 -0.0533895 -0.767228 -113.923 0.0203921 0.998413 -0.0524893 -10.8015 0.768813 0.0179031 0.639223 116.201 
0.647811 -0.0531295 -0.759946 -114.682 0.0204265 0.998418 -0.0523892 -10.8655 0.761527 0.0184154 0.647871 116.852 
0.65654 -0.051172 -0.752553 -115.433 0.0202985 0.998533 -0.0501894 -10.9351 0.754018 0.0176757 0.656616 117.501 
0.665377 -0.0496752 -0.744853 -116.174 0.0206761 0.998627 -0.0481298 -10.9967 0.746221 0.0166239 0.665491 118.134 
0.672979 -0.0494599 -0.738006 -116.895 0.0214432 0.998647 -0.0473738 -11.0609 0.739351 0.0160564 0.673129 118.791 
0.680486 -0.0489122 -0.731127 -117.606 0.0206357 0.998653 -0.0476032 -11.1239 0.732471 0.017306 0.680578 119.443 
0.687526 -0.0482367 -0.724556 -118.302 0.0203411 0.998679 -0.0471847 -11.1834 0.725875 0.0177025 0.687599 120.096 
0.694191 -0.0456366 -0.718343 -118.995 0.0197312 0.99882 -0.0443876 -11.2403 0.71952 0.0166397 0.694272 120.762 
0.701271 -0.043105 -0.71159 -119.664 0.0190029 0.998946 -0.0417844 -11.2968 0.712641 0.0157799 0.701351 121.416 
0.708326 -0.0415086 -0.704664 -120.321 0.0179899 0.999007 -0.0407637 -11.353 0.705657 0.0161972 0.708369 122.068 
0.715671 -0.0408467 -0.697242 -120.959 0.0175595 0.999025 -0.0405026 -11.4066 0.698217 0.0167434 0.715691 122.706 
0.723383 -0.0380927 -0.689395 -121.587 0.0151805 0.999113 -0.0392774 -11.4577 0.69028 0.0179473 0.72332 123.354 
0.732259 -0.03544 -0.680103 -122.196 0.0146498 0.999234 -0.0362966 -11.5107 0.680868 0.0166152 0.732217 123.993 
0.74165 -0.0315896 -0.670043 -122.794 0.012883 0.999377 -0.0328566 -11.559 0.670663 0.015736 0.741595 124.642 
0.751907 -0.0293649 -0.658615 -123.392 0.0111307 0.999431 -0.0318531 -11.6099 0.659176 0.0166198 0.751805 125.296 
0.761816 -0.0292384 -0.647133 -123.953 0.0103273 0.999402 -0.0329969 -11.647 0.647711 0.0184545 0.761662 125.942 
0.771737 -0.0302203 -0.635223 -124.525 0.0104349 0.999338 -0.0348654 -11.6894 0.635856 0.0202785 0.771542 126.625 
0.781517 -0.0293636 -0.623193 -125.074 0.0101492 0.999358 -0.0343601 -11.7324 0.623801 0.0205282 0.781313 127.32 
0.791783 -0.0277362 -0.610173 -125.625 0.00985539 0.999419 -0.0326411 -11.7741 0.610723 0.0198312 0.791596 128.009 
0.801959 -0.0255082 -0.596834 -126.132 0.00974517 0.999514 -0.029624 -11.8216 0.597299 0.0179411 0.801818 128.676 
0.811689 -0.0242331 -0.583586 -126.638 0.0102236 0.999575 -0.0272871 -11.8579 0.584 0.0161824 0.811593 129.365 
0.820696 -0.0226948 -0.570914 -127.129 0.0107942 0.999648 -0.0242209 -11.8954 0.571263 0.0137155 0.820653 130.072 
0.828775 -0.0218828 -0.559154 -127.623 0.011475 0.99969 -0.0221152 -11.9312 0.559465 0.0119123 0.828769 130.803 
0.836137 -0.0220042 -0.548078 -128.077 0.012805 0.999706 -0.020601 -11.9611 0.54837 0.0102072 0.836173 131.493 
0.842729 -0.021881 -0.537893 -128.539 0.0131089 0.999711 -0.0201294 -11.9925 0.538178 0.00991254 0.842773 132.205 
0.849422 -0.0212096 -0.527288 -128.991 0.0124423 0.999719 -0.0201691 -12.0196 0.527568 0.0105714 0.849447 132.926 
0.855993 -0.0192623 -0.516629 -129.441 0.0109442 0.999757 -0.0191424 -12.0489 0.516872 0.0107317 0.855995 133.661 
0.862019 -0.0185528 -0.506537 -129.853 0.0105567 0.99977 -0.0186532 -12.0743 0.506767 0.0107321 0.862016 134.377 
0.867944 -0.0190916 -0.496295 -130.285 0.0113563 0.999763 -0.0185987 -12.1027 0.496533 0.0105066 0.867955 135.118 
0.872972 -0.0204096 -0.487343 -130.713 0.0124874 0.999732 -0.0194996 -12.1301 0.48761 0.010937 0.872993 135.878 
0.87737 -0.0210561 -0.479351 -131.138 0.0130966 0.999715 -0.0199427 -12.1573 0.479635 0.0112193 0.877396 136.641 
0.880975 -0.0202365 -0.472731 -131.56 0.0126944 0.999736 -0.0191394 -12.1853 0.472993 0.0108604 0.880999 137.396 
0.883951 -0.0184035 -0.467217 -131.981 0.012443 0.999797 -0.0158402 -12.2089 0.467413 0.00818847 0.884001 138.191 
0.887151 -0.014184 -0.461261 -132.41 0.0100507 0.999884 -0.0114162 -12.2372 0.461369 0.00549198 0.887191 138.984 
0.890459 -0.0117385 -0.454912 -132.833 0.00881834 0.999925 -0.00854069 -12.2583 0.454978 0.00359361 0.890495 139.792 
0.893725 -0.00904599 -0.448525 -133.262 0.00696083 0.999956 -0.00629745 -12.2774 0.448562 0.00250613 0.893748 140.613 
0.896907 -0.0074244 -0.442158 -133.684 0.00624415 0.999972 -0.00412479 -12.2901 0.442176 0.000938699 0.896928 141.448 
0.900201 -0.0062006 -0.435431 -134.114 0.0062774 0.99998 -0.00126216 -12.3003 0.43543 -0.00159712 0.900221 142.308 
0.903627 -0.00615507 -0.428275 -134.532 0.00718471 0.999974 0.000787714 -12.3124 0.428259 -0.00378879 0.903648 143.165 
0.907162 -0.0063815 -0.420732 -134.952 0.00793297 0.999967 0.00193751 -12.324 0.420706 -0.00509524 0.907183 144.059 
0.910893 -0.00716121 -0.412581 -135.387 0.00876912 0.99996 0.00200391 -12.3316 0.41255 -0.00544327 0.910919 144.983 
0.91484 -0.00937512 -0.403708 -135.828 0.0109859 0.999938 0.001674 -12.349 0.403667 -0.0059665 0.914887 145.93 
0.918884 -0.0108456 -0.39438 -136.236 0.0121072 0.999926 0.000710519 -12.3627 0.394343 -0.00542766 0.918947 146.861 
0.923364 -0.0116365 -0.383749 -136.638 0.0121166 0.999926 -0.00116641 -12.3769 0.383734 -0.00357265 0.923437 147.802 
0.9287 -0.00996534 -0.370698 -137.045 0.0100394 0.999948 -0.00172994 -12.3922 0.370696 -0.00211493 0.928752 148.785 
0.934944 -0.0062843 -0.354739 -137.452 0.0065598 0.999978 -0.000426086 -12.4037 0.354734 -0.0019286 0.934965 149.791 
0.941688 -0.00271258 -0.336477 -137.841 0.00383728 0.999989 0.00267757 -12.4131 0.336466 -0.00381254 0.941688 150.802 
0.94845 0.000601882 -0.316927 -138.198 0.000844486 0.99999 0.00442623 -12.4209 0.316927 -0.00446565 0.94844 151.838 
0.955119 0.00208566 -0.296214 -138.534 -0.000517541 0.999985 0.00537206 -12.4322 0.29622 -0.00497761 0.955107 152.879 
0.961435 0.00328964 -0.275013 -138.857 -0.00143283 0.999975 0.00695221 -12.4343 0.275029 -0.00629 0.961415 153.936 
0.967299 0.00416764 -0.253605 -139.161 -0.00176194 0.999951 0.00971223 -12.4355 0.253633 -0.00894775 0.967259 155.038 
0.972717 0.00624188 -0.231913 -139.45 -0.00321644 0.999905 0.0134213 -12.4363 0.231975 -0.0123091 0.972644 156.172 
0.97767 0.00827348 -0.209982 -139.707 -0.004665 0.999833 0.017674 -12.4326 0.210093 -0.0162998 0.977546 157.307 
0.982099 0.0103354 -0.188081 -139.933 -0.00647017 0.999755 0.021153 -12.431 0.188253 -0.0195574 0.981926 158.423 
0.986037 0.0120343 -0.16609 -140.154 -0.00862018 0.999737 0.0212612 -12.421 0.166302 -0.0195326 0.985881 159.585 
0.989466 0.0111516 -0.144332 -140.34 -0.00844521 0.999777 0.01935 -12.4107 0.144516 -0.0179272 0.98934 160.72 
0.992258 0.0113327 -0.123672 -140.503 -0.00909183 0.999784 0.0186686 -12.4048 0.123857 -0.0173996 0.992148 161.909 
0.994576 0.0102339 -0.103504 -140.643 -0.00812775 0.999752 0.0207494 -12.3968 0.103691 -0.0197956 0.994413 163.086 
0.996445 0.0108158 -0.0835468 -140.774 -0.0089578 0.999705 0.022581 -12.3871 0.0837663 -0.0217523 0.996248 164.304 
0.997916 0.0111818 -0.063547 -140.865 -0.00968971 0.999671 0.023739 -12.3794 0.0637915 -0.0230738 0.997697 165.546 
0.99898 0.0127641 -0.043316 -140.935 -0.0117095 0.999631 0.0245132 -12.3668 0.0436129 -0.0239809 0.998761 166.78 
0.999658 0.0132515 -0.0225347 -141.013 -0.0126823 0.999602 0.0252155 -12.3405 0.0228598 -0.024921 0.999428 168.088 
0.999876 0.0155759 -0.00227434 -141.031 -0.0155144 0.999569 0.0249102 -12.3357 0.00266131 -0.0248718 0.999687 169.409 
0.999701 0.0166924 0.0178847 -141.048 -0.0171184 0.999567 0.0239417 -12.32 -0.0174773 -0.0242407 0.999553 170.745 
0.999157 0.0167308 0.0374776 -141.032 -0.0175547 0.999609 0.0217651 -12.3014 -0.0370989 -0.0224046 0.99906 172.087 
0.998233 0.0186641 0.0564116 -140.977 -0.0197857 0.999616 0.0193909 -12.2979 -0.0560281 -0.0204728 0.998219 173.449 
0.996954 0.0188016 0.075698 -140.91 -0.0201945 0.99964 0.0176782 -12.2844 -0.0753384 -0.019153 0.996974 174.811 
0.995334 0.0192222 0.0945606 -140.812 -0.0207205 0.999674 0.0148884 -12.2817 -0.0942436 -0.0167782 0.995408 176.126 
0.993409 0.0201792 0.112837 -140.683 -0.0214211 0.999722 0.00980545 -12.2825 -0.112608 -0.0121579 0.993565 177.456 
0.991189 0.0219247 0.130625 -140.516 -0.022548 0.99974 0.00329468 -12.3014 -0.130519 -0.00621096 0.991426 178.856 
0.988677 0.0240279 0.148121 -140.347 -0.024066 0.999709 -0.00153484 -12.3133 -0.148115 -0.00204718 0.988968 180.218 
0.98583 0.0264308 0.165655 -140.149 -0.0258957 0.99965 -0.00538923 -12.3376 -0.16574 0.00102315 0.986169 181.57 
0.982644 0.0283674 0.183322 -139.924 -0.0273401 0.999593 -0.00812919 -12.3665 -0.183478 0.0029761 0.983019 183.006 
0.979282 0.0276865 0.200599 -139.656 -0.026675 0.999614 -0.00774366 -12.3988 -0.200736 0.00223227 0.979643 184.438 
0.975666 0.0266238 0.217641 -139.38 -0.0254399 0.999642 -0.00824024 -12.429 -0.217783 0.00250298 0.975994 185.837 
0.97185 0.0264608 0.23411 -139.044 -0.0240606 0.999625 -0.013103 -12.4681 -0.234369 0.00710138 0.972122 187.256 
0.967773 0.0274955 0.250319 -138.697 -0.0239223 0.999564 -0.0173063 -12.5061 -0.250686 0.0107604 0.968009 188.677 
0.963392 0.0295032 0.26647 -138.267 -0.0258285 0.999517 -0.017285 -12.5571 -0.266851 0.00976974 0.963688 190.172 
0.958414 0.031779 0.283606 -137.823 -0.0279242 0.999455 -0.0176252 -12.6099 -0.284011 0.0089728 0.958779 191.687 
0.953201 0.0352189 0.300278 -137.262 -0.0304466 0.999325 -0.0205587 -12.6737 -0.300799 0.0104542 0.95363 193.237 
0.947738 0.0356536 0.317053 -136.736 -0.0294773 0.999271 -0.0242572 -12.738 -0.317686 0.0136437 0.948098 194.727 
0.941672 0.036575 0.334538 -136.277 -0.0293734 0.999216 -0.0265624 -12.7943 -0.335247 0.0151866 0.942008 196.191 
0.935326 0.0367793 0.35187 -135.731 -0.027382 0.999124 -0.0316479 -12.8585 -0.352725 0.0199663 0.935514 197.713 
0.927938 0.0397843 0.370606 -135.156 -0.0278248 0.998907 -0.0375632 -12.9363 -0.371696 0.0245443 0.92803 199.219 
0.918828 0.0433637 0.392268 -134.525 -0.0297481 0.998727 -0.0407249 -13.0398 -0.393534 0.0257501 0.918949 200.789 
0.908159 0.0463968 0.416046 -133.847 -0.0318547 0.998617 -0.0418305 -13.1479 -0.417412 0.0247357 0.908381 202.367 
0.895787 0.051469 0.441494 -133.152 -0.0353975 0.998379 -0.0445687 -13.2336 -0.443073 0.0242963 0.896157 203.92 
0.882522 0.0557089 0.466961 -132.459 -0.0376155 0.998139 -0.0479883 -13.3203 -0.468765 0.0247858 0.882975 205.406 
0.868566 0.0598509 0.491946 -131.726 -0.0397721 0.997897 -0.051185 -13.4135 -0.493975 0.0248918 0.86912 206.844 
0.854202 0.0613147 0.516314 -130.939 -0.0393628 0.997799 -0.0533706 -13.5252 -0.51845 0.0252657 0.854735 208.301 
0.839076 0.0631835 0.540332 -130.104 -0.039277 0.997676 -0.0556697 -13.64 -0.542594 0.0254885 0.839608 209.773 
0.823408 0.0648472 0.563732 -129.218 -0.0373679 0.997489 -0.0601622 -13.7944 -0.566218 0.0284726 0.823764 211.238 
0.807564 0.0671933 0.58594 -128.305 -0.0355429 0.997228 -0.0653715 -13.9219 -0.588708 0.0319657 0.807713 212.63 
0.792254 0.0693678 0.606236 -127.407 -0.034862 0.99704 -0.068526 -14.0395 -0.609195 0.0331555 0.792327 213.871 
0.777225 0.0704599 0.625266 -126.436 -0.0328471 0.996899 -0.0715084 -14.186 -0.628365 0.0350399 0.777129 215.122 
0.762406 0.070753 0.64322 -125.417 -0.0308516 0.996849 -0.0730832 -14.3258 -0.646364 0.0358747 0.762186 216.372 
0.747716 0.0714962 0.660159 -124.346 -0.0295142 0.996782 -0.0745243 -14.4822 -0.663363 0.036239 0.74742 217.658 
0.732829 0.0718868 0.676605 -123.205 -0.026835 0.996683 -0.0768289 -14.6588 -0.679883 0.0381458 0.732328 219.016 
0.718562 0.0733937 0.69158 -122.087 -0.0247015 0.996482 -0.0800861 -14.8157 -0.695024 0.0404638 0.717847 220.232 
0.704335 0.0752396 0.705869 -120.96 -0.0221833 0.996214 -0.0840527 -14.9853 -0.709521 0.0435428 0.703338 221.397 
0.690133 0.076941 0.719581 -119.819 -0.0209985 0.996043 -0.0863623 -15.1559 -0.723378 0.0444914 0.689017 222.51 
0.675505 0.0777231 0.733248 -118.651 -0.0200761 0.995999 -0.0870791 -15.3184 -0.737082 0.0441016 0.674362 223.622 
0.659669 0.0789721 0.747396 -117.486 -0.0207642 0.996 -0.0869133 -15.4833 -0.751269 0.041815 0.65867 224.704 
0.64312 0.0800998 0.761565 -116.295 -0.0228939 0.996081 -0.0854323 -15.6428 -0.765423 0.037508 0.642433 225.758 
0.626225 0.0810453 0.775418 -115.109 -0.0250235 0.996159 -0.0839077 -15.7968 -0.779241 0.0331414 0.625848 226.761 
0.60919 0.0828186 0.788688 -113.902 -0.027577 0.996143 -0.0833022 -15.9528 -0.792545 0.0289973 0.609124 227.744 
0.591833 0.0857163 0.80149 -112.695 -0.0283235 0.995927 -0.085596 -16.1129 -0.805563 0.0279575 0.591851 228.695 
0.574637 0.0892313 0.813529 -111.469 -0.0306979 0.995689 -0.0875278 -16.2793 -0.817832 0.0253231 0.574899 229.592 
0.556164 0.0892222 0.826269 -110.238 -0.0305985 0.995745 -0.0869265 -16.4392 -0.830509 0.0230628 0.556528 230.468 
0.535698 0.088497 0.839759 -108.976 -0.031848 0.995903 -0.0846355 -16.6031 -0.843809 0.0185945 0.536322 231.345 
0.515072 0.0867995 0.852741 -107.712 -0.0319801 0.996113 -0.0820765 -16.7584 -0.85655 0.0150046 0.515846 232.162 
0.494268 0.0853988 0.865105 -106.433 -0.03242 0.996282 -0.079825 -16.9148 -0.868705 0.0114083 0.495199 232.95 
0.473074 0.0842904 0.876981 -105.197 -0.0315542 0.996395 -0.0787463 -17.062 -0.880458 0.0095804 0.474028 233.684 
0.452452 0.0837229 0.88785 -103.928 -0.0303073 0.996452 -0.0785192 -17.2021 -0.891274 0.00861786 0.453384 234.375 
0.432526 0.0827479 0.897816 -102.654 -0.0277396 0.99653 -0.0784822 -17.347 -0.901195 0.0090405 0.43332 235.014 
0.412342 0.0826709 0.90727 -101.329 -0.0252833 0.996529 -0.0793132 -17.5083 -0.910678 0.0097654 0.413001 235.645 
0.392269 0.0817869 0.916208 -100.049 -0.0214198 0.996582 -0.0797908 -17.6485 -0.919601 0.0116745 0.392679 236.225 
0.371703 0.0798075 0.924915 -98.7423 -0.0197103 0.996752 -0.0780849 -17.7964 -0.928142 0.010794 0.372069 236.792 
0.351635 0.0796072 0.932746 -97.4167 -0.0188149 0.996777 -0.077979 -17.9378 -0.935948 0.00987071 0.352 237.33 
0.332231 0.084277 0.939425 -96.0818 -0.0191386 0.996397 -0.0826195 -18.0815 -0.943004 0.00946944 0.332647 237.832 
0.313259 0.0935712 0.945047 -94.7779 -0.0204556 0.995568 -0.0917929 -18.2266 -0.949447 0.00942349 0.313785 238.295 
0.294051 0.101408 0.950395 -93.4795 -0.022678 0.994816 -0.0991316 -18.3771 -0.955521 0.00759673 0.294827 238.741 
0.27474 0.105542 0.955709 -92.1569 -0.0250799 0.994406 -0.102606 -18.5373 -0.961191 0.00422082 0.27585 239.162 
0.255221 0.10688 0.960957 -90.8657 -0.027855 0.994272 -0.103188 -18.7025 -0.966481 -0.00043185 0.256736 239.542 
0.235278 0.107149 0.966004 -89.5896 -0.0316538 0.994222 -0.102569 -18.8609 -0.971412 -0.00644544 0.237311 239.901 
0.216113 0.1075 0.970432 -88.3113 -0.0332388 0.994154 -0.102726 -19.0163 -0.975802 -0.0100557 0.218423 240.227 
0.197496 0.105969 0.974559 -87.0459 -0.0332562 0.994292 -0.101375 -19.1716 -0.97974 -0.012389 0.199893 240.512 
0.178843 0.106114 0.978138 -85.8024 -0.0333271 0.99425 -0.101769 -19.318 -0.983313 -0.0143979 0.181352 240.78 
0.160695 0.10688 0.9812 -84.5777 -0.032577 0.994152 -0.102956 -19.4629 -0.986466 -0.0154201 0.163238 241.01 
0.141751 0.110439 0.983723 -83.3465 -0.0362705 0.993669 -0.106329 -19.6126 -0.989238 -0.0206079 0.144859 241.232 
0.123365 0.112295 0.985987 -82.0941 -0.0363002 0.993423 -0.1086 -19.7638 -0.991697 -0.0223941 0.12663 241.429 
0.10605 0.109456 0.988318 -80.8476 -0.0364627 0.993683 -0.106137 -19.9207 -0.993692 -0.0247809 0.109371 241.612 
0.0909083 0.104835 0.990326 -79.604 -0.0340087 0.99419 -0.102122 -20.0793 -0.995278 -0.024396 0.0939454 241.74 
0.0768393 0.100678 0.991947 -78.4004 -0.0335923 0.994585 -0.0983433 -20.2233 -0.996477 -0.0257652 0.0798052 241.861 
0.0641581 0.0972239 0.993193 -77.2037 -0.0315549 0.994943 -0.0953568 -20.3657 -0.997441 -0.0252221 0.0669015 241.965 
0.0536472 0.0972531 0.993813 -76.0322 -0.0312089 0.994923 -0.095677 -20.5031 -0.998072 -0.025883 0.05641 242.054 
0.0450481 0.0994996 0.994017 -74.8756 -0.0315638 0.994672 -0.0981347 -20.6388 -0.998486 -0.0269542 0.0479487 242.135 
0.0379546 0.101262 0.994136 -73.7362 -0.0330175 0.994436 -0.100032 -20.7696 -0.998734 -0.0290272 0.0410868 242.21 
0.0320689 0.105269 0.993927 -72.6162 -0.0334011 0.993996 -0.104198 -20.9098 -0.998927 -0.0298567 0.0353925 242.272 
0.0265329 0.113983 0.993128 -71.5044 -0.0328008 0.993042 -0.113097 -21.0486 -0.99911 -0.0295747 0.030087 242.328 
0.0215486 0.116632 0.992941 -70.405 -0.0345819 0.992665 -0.115849 -21.1858 -0.99917 -0.0318414 0.0254239 242.382 
0.0177551 0.108273 0.993963 -69.3019 -0.0333476 0.99363 -0.107641 -21.3238 -0.999286 -0.0312351 0.0212527 242.429 
0.0152343 0.0983716 0.995033 -68.2043 -0.0320807 0.994684 -0.0978459 -21.4583 -0.999369 -0.0304307 0.0183092 242.471 
0.0139153 0.0947947 0.9954 -67.1189 -0.0316428 0.995039 -0.094318 -21.5808 -0.999402 -0.0301847 0.0168458 242.507 
0.0137653 0.0968546 0.995203 -66.0499 -0.0325107 0.994815 -0.0963671 -21.7011 -0.999377 -0.0310283 0.0168427 242.55 
0.0141081 0.0998949 0.994898 -64.9857 -0.031989 0.994533 -0.0994046 -21.8228 -0.999389 -0.0304233 0.0172265 242.588 
0.0158462 0.102369 0.99462 -63.9349 -0.0345455 0.994207 -0.101776 -21.9458 -0.999278 -0.0327469 0.0192908 242.629 
0.0176828 0.103109 0.994513 -62.8955 -0.0368111 0.994061 -0.102408 -22.0669 -0.999166 -0.0347983 0.0213733 242.674 
0.020829 0.104797 0.994276 -61.869 -0.0376206 0.993869 -0.103966 -22.1867 -0.999075 -0.0352397 0.0246438 242.718 
0.0240674 0.105806 0.994096 -60.8458 -0.0400735 0.993686 -0.104792 -22.3087 -0.998907 -0.0373148 0.0281554 242.777 
0.0286313 0.10686 0.993862 -59.8249 -0.0413787 0.993544 -0.105634 -22.4297 -0.998733 -0.0381003 0.0328682 242.836 
0.0346729 0.105978 0.993764 -58.7928 -0.0420998 0.993634 -0.104496 -22.5448 -0.998512 -0.0382141 0.0389138 242.907 
0.0409761 0.104668 0.993663 -57.7762 -0.0406786 0.993848 -0.10301 -22.6638 -0.998332 -0.0361998 0.0449818 242.977 
0.0480295 0.103846 0.993433 -56.7909 -0.0390347 0.994016 -0.10202 -22.7827 -0.998083 -0.0338784 0.0517957 243.049 
0.0553352 0.104777 0.992955 -55.7915 -0.0379653 0.99398 -0.10277 -22.8978 -0.997746 -0.0320111 0.0589801 243.127 
0.06202 0.104797 0.992558 -54.7979 -0.0385384 0.993982 -0.10254 -23.011 -0.997331 -0.0318921 0.0656855 243.213 
0.0683326 0.103706 0.992258 -53.8137 -0.0395797 0.994081 -0.101171 -23.1259 -0.996877 -0.03236 0.0720328 243.312 
0.0748631 0.10155 0.99201 -52.8274 -0.0403112 0.994296 -0.0987422 -23.2395 -0.996379 -0.0325969 0.0785297 243.415 
0.081592 0.100121 0.991624 -51.8451 -0.0403048 0.994459 -0.097091 -23.3499 -0.995851 -0.0320454 0.0851753 243.518 
0.0882251 0.100714 0.990996 -50.8671 -0.0407258 0.994408 -0.0974353 -23.4612 -0.995268 -0.0317629 0.0918334 243.63 
0.0947434 0.102732 0.990187 -49.8961 -0.0401045 0.994248 -0.0993157 -23.5715 -0.994694 -0.0303014 0.0983184 243.75 
0.10114 0.104258 0.989394 -48.9308 -0.0400986 0.994113 -0.100656 -23.678 -0.994064 -0.0294929 0.104726 243.873 
0.107305 0.106091 0.98855 -47.976 -0.0420512 0.993885 -0.102099 -23.7916 -0.993336 -0.030614 0.11111 244.006 
0.11339 0.106864 0.987787 -47.0165 -0.0443794 0.993751 -0.102415 -23.9011 -0.992559 -0.0322245 0.117424 244.148 
0.11982 0.10644 0.987073 -46.0519 -0.0449189 0.993799 -0.101712 -24.0127 -0.991779 -0.0321511 0.123858 244.299 
0.126052 0.104166 0.98654 -45.0925 -0.0459644 0.994017 -0.0990828 -24.1236 -0.990958 -0.0328561 0.130086 244.446 
0.13212 0.102671 0.985902 -44.1302 -0.0465639 0.994166 -0.0972912 -24.2324 -0.990139 -0.0330534 0.13613 244.602 
0.138468 0.102025 0.985098 -43.1789 -0.0465628 0.99425 -0.0964276 -24.3395 -0.989272 -0.0325168 0.142423 244.761 
0.145279 0.103222 0.983992 -42.2427 -0.0464434 0.994158 -0.0974311 -24.4449 -0.9883 -0.0315452 0.149225 244.926 
0.152625 0.10333 0.982868 -41.3011 -0.0442219 0.994237 -0.0976584 -24.5513 -0.987294 -0.0285592 0.156314 245.089 
0.161292 0.105028 0.981302 -40.3584 -0.0430046 0.994125 -0.0993319 -24.6572 -0.985969 -0.0261791 0.164861 245.265 
