1 2.12261e-08 -2.11895e-08 0 2.12261e-08 1 2.10703e-08 0 -2.11895e-08 2.10703e-08 1 0 
0.999876 0.00144906 0.0156878 0.0153069 -0.00143311 0.999998 -0.00102549 0.000843279 -0.0156893 0.00100293 0.999876 0.117579 
0.999304 0.00434105 0.0370614 0.0322428 -0.00432279 0.999991 -0.000571662 -0.000927156 -0.0370636 0.000411097 0.999313 0.250149 
0.997915 0.00599302 0.0642585 0.0609974 -0.00605462 0.999981 0.000764665 -0.00110536 -0.0642527 -0.00115209 0.997933 0.404328 
0.99513 0.00574123 0.0984019 0.104118 -0.00607373 0.999977 0.00308016 -0.00397519 -0.098382 -0.00366278 0.995142 0.568997 
0.990636 0.00263253 0.136503 0.167605 -0.00334486 0.999982 0.00498969 -0.0020414 -0.136487 -0.00539952 0.990627 0.745783 
0.984376 -0.000287711 0.17608 0.243246 -0.000667844 0.999985 0.00536781 0.000648643 -0.176079 -0.0054015 0.984361 0.930363 
0.975568 -0.000209154 0.2197 0.309257 -0.00127071 0.999977 0.00659472 0.000849296 -0.219696 -0.00671273 0.975545 1.08342 
0.963454 0.000249189 0.267875 0.381941 -0.00280738 0.999954 0.00916716 0.0124786 -0.267861 -0.00958413 0.96341 1.25147 
0.948996 -0.00410037 0.315261 0.492104 -0.00122444 0.99986 0.0166904 -0.00417996 -0.315285 -0.0162251 0.948858 1.43609 
0.931933 -0.0134796 0.362379 0.611755 0.00485948 0.999683 0.0246888 -0.0111745 -0.362598 -0.0212473 0.931704 1.62428 
0.910468 -0.0188036 0.413151 0.74495 0.00742916 0.999548 0.0291204 -0.0116424 -0.413512 -0.0234438 0.910197 1.80992 
0.88503 -0.0199012 0.465108 0.903917 0.00522013 0.999447 0.0328317 -0.00441834 -0.465505 -0.0266291 0.884645 2.01847 
0.856467 -0.0220027 0.515732 1.04861 0.00319486 0.999298 0.0373275 0.0022825 -0.516191 -0.030322 0.855936 2.19965 
0.823864 -0.0267184 0.566157 1.24286 0.00397094 0.999136 0.0413734 0.00821209 -0.566773 -0.0318378 0.823259 2.40439 
0.787531 -0.0323151 0.615427 1.43411 0.00599197 0.998979 0.0447873 0.00581559 -0.616246 -0.0315838 0.78692 2.58665 
0.749045 -0.0365064 0.661512 1.65507 0.0066366 0.998844 0.0476078 0.00483869 -0.662486 -0.0312702 0.748422 2.77719 
0.708358 -0.0392483 0.704761 1.88721 0.00725129 0.998805 0.0483354 0.0220208 -0.705816 -0.0291283 0.707796 2.97611 
0.665418 -0.041035 0.745342 2.14783 0.00597885 0.998749 0.0496487 0.0319611 -0.746447 -0.0285808 0.664831 3.19069 
0.621793 -0.0411937 0.782097 2.4373 0.000952098 0.998655 0.0518431 0.0401987 -0.783181 -0.031491 0.620996 3.40858 
0.579186 -0.04186 0.81412 2.76355 -0.00218211 0.998598 0.0528979 0.0529964 -0.815192 -0.0324142 0.578283 3.62228 
0.538269 -0.0431736 0.841666 3.11557 -0.00393357 0.998547 0.0537366 0.0690848 -0.842764 -0.0322355 0.537318 3.83006 
0.499122 -0.0452502 0.865349 3.49263 -0.00557865 0.998447 0.0554278 0.0877269 -0.866514 -0.0324927 0.498095 4.0292 
0.461858 -0.0450237 0.88581 3.90292 -0.00898395 0.998422 0.0554317 0.0975134 -0.886908 -0.0335597 0.460725 4.20335 
0.424843 -0.0442886 0.904183 4.33803 -0.0100134 0.998512 0.053614 0.11635 -0.905212 -0.0318314 0.423767 4.40173 
0.390724 -0.0428456 0.91951 4.81844 -0.00887324 0.998694 0.0503058 0.139444 -0.920465 -0.0278147 0.389834 4.59263 
0.360781 -0.0409632 0.93175 5.32388 -0.00664316 0.998897 0.0464875 0.164123 -0.932627 -0.0229616 0.360111 4.77337 
0.335084 -0.0391774 0.941373 5.86065 -0.00549593 0.999037 0.0435335 0.185526 -0.942172 -0.0197611 0.334546 4.95875 
0.31454 -0.0385027 0.948463 6.42435 -0.00437927 0.999108 0.042011 0.211851 -0.949234 -0.0173677 0.314091 5.14807 
0.299708 -0.0390762 0.95323 7.02506 -0.00324753 0.999113 0.0419782 0.23615 -0.954025 -0.0156769 0.299316 5.3386 
0.288106 -0.0404627 0.956743 7.65146 -0.002403 0.999073 0.0429766 0.261425 -0.957595 -0.0146809 0.287742 5.53136 
0.277227 -0.0423102 0.959872 8.30372 -0.00338375 0.998981 0.0450114 0.286054 -0.960799 -0.0157263 0.276801 5.72283 
0.266521 -0.0440674 0.962821 8.97356 -0.00498749 0.998878 0.0470984 0.31089 -0.963816 -0.0173548 0.266002 5.91814 
0.256125 -0.0458015 0.965558 9.67847 -0.00579649 0.998786 0.0489153 0.341949 -0.966626 -0.0181253 0.255549 6.12225 
0.246093 -0.0475504 0.968079 10.4053 -0.00665995 0.998689 0.050747 0.375404 -0.969223 -0.0189358 0.245454 6.31201 
0.235601 -0.0491315 0.970607 11.1479 -0.00673353 0.998615 0.0521838 0.405218 -0.971827 -0.0188302 0.234944 6.5026 
0.225003 -0.0503559 0.973056 11.9161 -0.00676459 0.998559 0.05324 0.441315 -0.974335 -0.0185615 0.224338 6.69411 
0.214398 -0.0531063 0.975302 12.6964 -0.00794896 0.998393 0.0561111 0.478496 -0.976714 -0.0197827 0.213631 6.87869 
0.202884 -0.0567223 0.977559 13.4886 -0.00973415 0.998155 0.0599377 0.513418 -0.979155 -0.0216761 0.201957 7.06068 
0.190568 -0.060643 0.979799 14.2842 -0.0103985 0.997909 0.0637864 0.552048 -0.981619 -0.0223441 0.189539 7.22744 
0.177586 -0.0628128 0.982099 15.0841 -0.0113181 0.997765 0.0658614 0.589681 -0.98404 -0.0228115 0.176478 7.38066 
0.163554 -0.0635253 0.984487 15.8946 -0.0117575 0.997728 0.0663331 0.626023 -0.986464 -0.0224242 0.162436 7.52344 
0.148989 -0.0623648 0.98687 16.7058 -0.0131675 0.997796 0.0650431 0.666246 -0.988751 -0.0226853 0.147839 7.65637 
0.132331 -0.0612464 0.989312 17.5224 -0.0138353 0.997878 0.0636274 0.704781 -0.991109 -0.0221074 0.131203 7.77422 
0.111655 -0.0595982 0.991958 18.3437 -0.0164574 0.997952 0.0618108 0.742657 -0.993611 -0.0232265 0.110445 7.88039 
0.0859242 -0.0581397 0.994604 19.1757 -0.0208681 0.997972 0.0601394 0.780102 -0.996083 -0.0259229 0.0845367 7.96561 
0.055126 -0.0575645 0.996819 20.0101 -0.0250125 0.997944 0.0590128 0.815047 -0.998166 -0.0281861 0.0535728 8.02655 
0.0218089 -0.0572925 0.998119 20.8502 -0.0280589 0.997928 0.0578946 0.851202 -0.999368 -0.0292688 0.0201562 8.05056 
-0.0128452 -0.056692 0.998309 21.6839 -0.0297914 0.99797 0.0562895 0.882458 -0.999474 -0.029018 -0.0145081 8.04927 
-0.0469468 -0.055375 0.997361 22.528 -0.0304622 0.998077 0.0539809 0.91205 -0.998433 -0.0278476 -0.0485434 8.01562 
-0.0799456 -0.0534142 0.995367 23.3692 -0.0325626 0.99817 0.0509494 0.940203 -0.996267 -0.0283386 -0.0815386 7.95548 
-0.112251 -0.0503606 0.992403 24.2092 -0.0343902 0.998314 0.0467707 0.963311 -0.993085 -0.0288789 -0.113793 7.86541 
-0.144822 -0.0460636 0.988385 25.0461 -0.0321062 0.998609 0.0418358 0.98234 -0.988937 -0.0256746 -0.146099 7.74787 
-0.176242 -0.0400452 0.983532 25.8756 -0.026688 0.998999 0.0358927 1.0007 -0.983985 -0.0199227 -0.177135 7.59338 
-0.20655 -0.0336048 0.977859 26.6896 -0.0198649 0.999348 0.0301473 1.00789 -0.978234 -0.0131981 -0.207083 7.41594 
-0.235364 -0.0279949 0.971504 27.5038 -0.0142156 0.999577 0.0253599 1.01402 -0.971803 -0.00784171 -0.235663 7.21188 
-0.263034 -0.0217779 0.964541 28.3075 -0.00484289 0.999762 0.0212525 1.00984 -0.964774 0.000918981 -0.263077 6.98729 
-0.289074 -0.0114162 0.957239 29.1152 0.00102776 0.999925 0.0122357 1.00418 -0.957306 0.00452082 -0.28904 6.73195 
-0.314339 0.00400165 0.949302 29.8919 0.00545451 0.999982 -0.00240911 0.988757 -0.949295 0.0044207 -0.314356 6.47208 
-0.338905 0.0214782 0.940575 30.6484 0.00716385 0.999769 -0.0202486 0.962449 -0.940793 -0.000124219 -0.338981 6.2096 
-0.363889 0.0364149 0.93073 31.4044 0.0077308 0.999319 -0.0360759 0.932059 -0.93141 -0.00593233 -0.363922 5.91714 
-0.388255 0.0467554 0.920365 32.1553 0.01146 0.99888 -0.0459096 0.888084 -0.921481 -0.00727725 -0.388356 5.60336 
-0.411448 0.0506933 0.910023 32.9094 0.0144063 0.998689 -0.0491189 0.834858 -0.911319 -0.00709982 -0.411639 5.2584 
-0.433936 0.0504262 0.899531 33.6494 0.0180334 0.998719 -0.0472871 0.78384 -0.900763 -0.00429797 -0.434289 4.90548 
-0.454045 0.0464444 0.889767 34.3734 0.0216997 0.998921 -0.0410687 0.734753 -0.890714 0.000660583 -0.454563 4.54546 
-0.47162 0.0452134 0.880642 35.0885 0.0294461 0.998935 -0.0355171 0.686314 -0.88131 0.00918097 -0.472449 4.15638 
-0.485298 0.0457347 0.873152 35.7947 0.031747 0.998894 -0.0346758 0.639122 -0.873772 0.0108919 -0.486213 3.76648 
-0.496239 0.049794 0.866757 36.4923 0.0355331 0.998682 -0.0370293 0.595702 -0.867459 0.0124232 -0.497354 3.37075 
-0.506169 0.0522267 0.860851 37.1867 0.036062 0.998573 -0.0393782 0.550869 -0.86168 0.011112 -0.507331 2.97432 
-0.516828 0.0515878 0.854534 37.871 0.0303813 0.998659 -0.0419137 0.501096 -0.85555 0.00429971 -0.517702 2.57924 
-0.527905 0.0499617 0.847833 38.5548 0.0297291 0.998744 -0.0403437 0.448032 -0.848783 0.00390766 -0.528727 2.17066 
-0.536484 0.0512892 0.84235 39.2337 0.0316348 0.998672 -0.0406595 0.403453 -0.843317 0.00483436 -0.537394 1.74271 
-0.543812 0.054298 0.837449 39.9185 0.034361 0.998509 -0.0424277 0.362083 -0.838503 0.00570286 -0.544867 1.30681 
-0.547319 0.0570602 0.834977 40.6053 0.0353509 0.998359 -0.0450531 0.318033 -0.836177 0.00485875 -0.548438 0.872174 
-0.547115 0.0592726 0.834956 41.3138 0.034979 0.998237 -0.0479433 0.277018 -0.836326 0.0029754 -0.548224 0.421659 
-0.54385 0.0595538 0.837066 42.0425 0.0370709 0.99821 -0.0469332 0.229165 -0.838363 0.00550616 -0.545085 -0.0357618 
-0.537927 0.0584724 0.840961 42.7923 0.0351618 0.99828 -0.0469193 0.179975 -0.842258 0.00433052 -0.539058 -0.49807 
-0.531106 0.0571262 0.845377 43.5597 0.0327052 0.998363 -0.0469173 0.133075 -0.846674 0.00273014 -0.532105 -0.959071 
-0.523985 0.0566032 0.849845 44.3377 0.0309741 0.998396 -0.0473997 0.0815034 -0.851164 0.00148646 -0.524897 -1.41806 
-0.517664 0.0551257 0.853806 45.1361 0.0280417 0.998479 -0.0474647 0.0271753 -0.855124 -0.000628588 -0.518422 -1.88038 
-0.513507 0.0527055 0.856466 45.9461 0.0234955 0.998601 -0.0473652 -0.0243512 -0.857764 -0.00419928 -0.514027 -2.33485 
-0.512385 0.0500367 0.857297 46.78 0.0193886 0.998721 -0.0467028 -0.0819796 -0.858537 -0.007308 -0.5127 -2.8022 
-0.513125 0.0473529 0.857007 47.6253 0.0160339 0.998832 -0.0455891 -0.137401 -0.858164 -0.00965175 -0.513285 -3.27044 
-0.514263 0.0463024 0.856382 48.4759 0.0148234 0.998872 -0.0451049 -0.191046 -0.857504 -0.0105013 -0.51437 -3.75384 
-0.515119 0.0456089 0.855904 49.3415 0.0143907 0.998903 -0.044568 -0.240429 -0.856998 -0.0106408 -0.515211 -4.23935 
-0.516409 0.0449624 0.855161 50.2234 0.0141274 0.998932 -0.0439903 -0.303942 -0.856226 -0.0106358 -0.516493 -4.6917 
-0.517042 0.0439931 0.854829 51.1023 0.0140721 0.99898 -0.0429002 -0.357228 -0.855844 -0.0101519 -0.517134 -5.17659 
-0.517311 0.0436502 0.854684 51.991 0.0135325 0.998991 -0.0428295 -0.415505 -0.85569 -0.0105902 -0.51738 -5.69174 
-0.517886 0.042006 0.854418 52.8831 0.0115292 0.999046 -0.0421281 -0.473698 -0.855372 -0.0119668 -0.517876 -6.20344 
-0.517915 0.0412162 0.854439 53.7764 0.0108296 0.999074 -0.0416288 -0.532443 -0.855364 -0.012307 -0.517882 -6.72344 
-0.517438 0.0404441 0.854764 54.6588 0.00933546 0.99909 -0.0416217 -0.591382 -0.85567 -0.0135571 -0.517345 -7.23271 
-0.516392 0.0387401 0.855476 55.5397 0.00877812 0.999163 -0.0399482 -0.653764 -0.856308 -0.0131194 -0.5163 -7.73791 
-0.514893 0.0364272 0.85648 56.4337 0.00869039 0.999267 -0.0372756 -0.718969 -0.857211 -0.0117498 -0.514832 -8.23466 
-0.513426 0.03492 0.857423 57.3109 0.0089899 0.999336 -0.0353165 -0.780744 -0.858087 -0.0104242 -0.513399 -8.71081 
-0.511538 0.0344845 0.858568 58.2217 0.00864835 0.99935 -0.0349863 -0.839279 -0.859217 -0.0104717 -0.511504 -9.211 
-0.510312 0.0347434 0.859287 59.1095 0.00866979 0.999341 -0.0352573 -0.891996 -0.859946 -0.0105424 -0.510276 -9.69238 
-0.509507 0.035301 0.859742 60.0065 0.0087268 0.999319 -0.0358602 -0.945922 -0.860422 -0.0107683 -0.509468 -10.2004 
-0.510908 0.0367151 0.858851 60.9084 0.00794015 0.999246 -0.0379934 -1.00075 -0.859599 -0.0125917 -0.510814 -10.6921 
-0.514476 0.038315 0.856649 61.8056 0.00637943 0.999145 -0.040857 -1.06319 -0.857481 -0.015555 -0.51428 -11.1797 
-0.518977 0.0387704 0.853908 62.6761 0.00517206 0.999095 -0.0422189 -1.12307 -0.854773 -0.0174942 -0.518708 -11.6866 
-0.524635 0.03732 0.850509 63.5568 0.00591911 0.999174 -0.0401921 -1.18042 -0.851307 -0.016052 -0.524423 -12.199 
-0.530266 0.0350921 0.847105 64.4126 0.0072316 0.999294 -0.0368699 -1.23847 -0.847801 -0.0134249 -0.530145 -12.7137 
-0.535635 0.0327397 0.843815 65.2744 0.00456857 0.999346 -0.0358741 -1.29227 -0.844438 -0.0153604 -0.535434 -13.234 
-0.540566 0.0360384 0.84053 66.1218 0.00650696 0.999231 -0.038658 -1.34704 -0.841277 -0.0154279 -0.540385 -13.7626 
-0.545608 0.0375947 0.837197 66.9591 0.0069295 0.999162 -0.0403518 -1.40309 -0.838012 -0.0162149 -0.545411 -14.2893 
-0.550101 0.0386272 0.834205 67.7871 0.00588984 0.999084 -0.0423778 -1.45994 -0.835078 -0.0183987 -0.549824 -14.8122 
-0.553934 0.038727 0.83166 68.6117 0.00451665 0.999043 -0.0435129 -1.51785 -0.832549 -0.020347 -0.553578 -15.3388 
-0.557073 0.0380146 0.829593 69.4284 0.0052974 0.999094 -0.0422244 -1.57455 -0.830446 -0.0191274 -0.55677 -15.8711 
-0.559407 0.0314364 0.828297 70.2536 0.00617492 0.999411 -0.0337603 -1.626 -0.82887 -0.0137711 -0.559272 -16.4121 
-0.561568 0.0227193 0.827119 71.073 0.00559258 0.999704 -0.0236627 -1.67738 -0.827412 -0.00866251 -0.561529 -16.9511 
-0.562999 0.0215991 0.826176 71.8811 0.00727142 0.999749 -0.0211817 -1.72482 -0.826426 -0.00591782 -0.563014 -17.4824 
-0.564295 0.0259499 0.825165 72.6769 0.00698697 0.99962 -0.0266581 -1.76454 -0.825544 -0.00927762 -0.564262 -18.0039 
-0.565481 0.0324057 0.824125 73.4712 0.00872185 0.999407 -0.0333135 -1.80673 -0.824715 -0.0116502 -0.565428 -18.5333 
-0.565823 0.0362599 0.823729 74.2623 0.0142316 0.999313 -0.0342132 -1.85295 -0.824404 -0.00763561 -0.56595 -19.0672 
-0.565544 0.0376484 0.823858 75.0574 0.0176381 0.999281 -0.033557 -1.90227 -0.824529 -0.00444669 -0.565802 -19.6108 
-0.565262 0.0342459 0.8242 75.8509 0.0159447 0.999405 -0.0305903 -1.94495 -0.824757 -0.00414991 -0.565472 -20.135 
-0.564585 0.0295392 0.824846 76.6411 0.0147936 0.999561 -0.0256701 -1.98656 -0.825243 -0.00229049 -0.564774 -20.6565 
-0.563913 0.02278 0.82552 77.4362 0.0112498 0.999739 -0.0199028 -2.02711 -0.825758 -0.00193646 -0.564021 -21.1758 
-0.563519 0.0169782 0.825928 78.2331 0.00252498 0.99982 -0.0188301 -2.06398 -0.826099 -0.00852566 -0.563461 -21.6822 
-0.562096 0.0116586 0.82699 79.0277 -0.0050927 0.999833 -0.0175567 -2.09461 -0.827056 -0.0140802 -0.561943 -22.1816 
-0.559837 0.0126446 0.828506 79.8156 -0.00140666 0.999868 -0.0162104 -2.13014 -0.828602 -0.0102406 -0.559745 -22.7026 
-0.557083 0.0158482 0.830306 80.6026 0.00236725 0.999844 -0.0174959 -2.16403 -0.830454 -0.00778113 -0.557034 -23.2121 
-0.551795 0.0192171 0.833759 81.3886 0.00445268 0.999788 -0.0200969 -2.19358 -0.833968 -0.00737693 -0.551763 -23.7156 
-0.544098 0.021635 0.838743 82.1788 0.0092423 0.999761 -0.0197929 -2.22497 -0.838971 -0.00301735 -0.544168 -24.2177 
-0.535997 0.0250978 0.843847 82.9747 0.0169222 0.999677 -0.0189838 -2.26444 -0.844051 0.00410448 -0.536248 -24.7162 
-0.526332 0.0241386 0.849936 83.775 0.0141019 0.999707 -0.0196594 -2.29411 -0.850162 0.0016383 -0.526518 -25.1919 
-0.515385 0.0219384 0.856678 84.5832 0.0120771 0.999759 -0.0183368 -2.32583 -0.856874 0.000895627 -0.515526 -25.6574 
-0.503987 0.0186406 0.86351 85.3966 0.0124713 0.99982 -0.0143041 -2.36093 -0.863622 0.00356002 -0.504128 -26.1113 
-0.493067 0.0179139 0.869807 86.2139 0.0120867 0.999833 -0.0137402 -2.39394 -0.869908 0.00373819 -0.493201 -26.5553 
-0.481525 0.0173073 0.876262 87.0323 0.0126458 0.999838 -0.012799 -2.41894 -0.876341 0.00491796 -0.481666 -26.9814 
-0.469479 0.0184656 0.88275 87.8585 0.0141855 0.99981 -0.01337 -2.45008 -0.88283 0.00624529 -0.469652 -27.4046 
-0.457787 0.0220619 0.888788 88.6843 0.0138487 0.999748 -0.0176832 -2.48929 -0.888954 0.00421344 -0.457977 -27.8094 
-0.446466 0.0313882 0.89425 89.5081 0.0165301 0.999503 -0.0268297 -2.52012 -0.894648 0.0028035 -0.446763 -28.2041 
-0.433832 0.0359918 0.900275 90.3399 0.0158671 0.999352 -0.0323066 -2.55438 -0.900854 0.00026907 -0.434122 -28.5882 
-0.422613 0.0325272 0.905726 91.1842 0.0143917 0.999471 -0.0291786 -2.59889 -0.906196 0.000703669 -0.422857 -28.9591 
-0.411187 0.028851 0.911094 92.0267 0.0129973 0.999583 -0.0257873 -2.64201 -0.911458 0.00123831 -0.411391 -29.3193 
-0.40141 0.0297953 0.915414 92.864 0.0104015 0.999555 -0.0279729 -2.68561 -0.915839 -0.0017069 -0.401541 -29.6652 
-0.394659 0.0341714 0.918192 93.7057 0.00592762 0.999382 -0.0346451 -2.73338 -0.918808 -0.00823032 -0.394618 -30.0048 
-0.389768 0.0390356 0.920085 94.545 0.000617671 0.999112 -0.0421267 -2.7807 -0.920913 -0.0158513 -0.389446 -30.335 
-0.386522 0.0408322 0.921376 95.3834 -0.00261174 0.998967 -0.0453664 -2.83156 -0.922277 -0.0199415 -0.386016 -30.6602 
-0.382996 0.0404444 0.922864 96.2201 -0.00411373 0.998957 -0.0454863 -2.88845 -0.923741 -0.0212175 -0.38243 -30.9864 
-0.378152 0.0406017 0.924853 97.0518 -0.0049588 0.998935 -0.0458814 -2.9424 -0.92573 -0.0219363 -0.377548 -31.3043 
-0.372416 0.036364 0.927353 97.8951 -0.00811939 0.999066 -0.0424366 -2.99371 -0.92803 -0.0233337 -0.371773 -31.624 
-0.367346 0.0325449 0.929515 98.7427 -0.00864306 0.999225 -0.0384013 -3.04872 -0.930044 -0.0221404 -0.36678 -31.9375 
-0.361497 0.0296345 0.931902 99.5835 -0.0100879 0.999312 -0.0356914 -3.1007 -0.932319 -0.0223033 -0.36095 -32.2443 
-0.35584 0.0279136 0.93413 100.437 -0.0182811 0.999155 -0.0368205 -3.14798 -0.934368 -0.0301792 -0.355029 -32.5387 
-0.350005 0.0281233 0.936326 101.283 -0.0256494 0.998887 -0.0395902 -3.19356 -0.936397 -0.037873 -0.348894 -32.8202 
-0.343392 0.0322566 0.938638 102.124 -0.0239844 0.998783 -0.043098 -3.24518 -0.938886 -0.0373121 -0.342201 -33.1094 
-0.336367 0.0355278 0.941061 102.966 -0.0223154 0.998707 -0.0456804 -3.29753 -0.941467 -0.0363655 -0.335139 -33.3946 
-0.3302 0.0335763 0.943314 103.822 -0.0238456 0.998752 -0.0438965 -3.34838 -0.94361 -0.0369885 -0.328987 -33.6712 
-0.323129 0.0287867 0.945917 104.682 -0.0241964 0.998959 -0.0386664 -3.40253 -0.946045 -0.0353821 -0.322096 -33.9455 
-0.316174 0.0261831 0.94834 105.542 -0.0255211 0.999023 -0.036091 -3.45219 -0.948358 -0.0356137 -0.315197 -34.2133 
-0.310027 0.0291535 0.950281 106.395 -0.0282728 0.998805 -0.039866 -3.50325 -0.950307 -0.0392266 -0.308832 -34.4674 
-0.303813 0.0316847 0.952205 107.246 -0.0278629 0.998724 -0.0421226 -3.55172 -0.952324 -0.0393286 -0.302542 -34.7178 
-0.297314 0.0321489 0.954238 108.106 -0.0305804 0.9986 -0.0431714 -3.602 -0.95429 -0.0420165 -0.295915 -34.9601 
-0.290393 0.0316437 0.956384 108.957 -0.0306742 0.998632 -0.0423554 -3.65537 -0.956416 -0.0416361 -0.289025 -35.2033 
-0.282112 0.0314511 0.958866 109.811 -0.0268245 0.998813 -0.0406535 -3.70622 -0.959006 -0.0371899 -0.280934 -35.443 
-0.274575 0.0322854 0.961023 110.672 -0.0247113 0.998869 -0.0406171 -3.75951 -0.961248 -0.0349006 -0.273467 -35.6749 
-0.268222 0.0326617 0.962803 111.533 -0.0243554 0.998876 -0.0406705 -3.81031 -0.963049 -0.0343582 -0.267125 -35.8966 
-0.261292 0.0315424 0.964744 112.392 -0.0300085 0.998717 -0.0407806 -3.85954 -0.964793 -0.0396061 -0.26001 -36.1068 
-0.255598 0.0296293 0.966329 113.267 -0.0341047 0.998632 -0.0396405 -3.91046 -0.966182 -0.0430884 -0.254237 -36.3061 
-0.250967 0.0295617 0.967544 114.139 -0.0312604 0.998765 -0.0386241 -3.96375 -0.967491 -0.0399392 -0.249733 -36.5161 
-0.246412 0.0299598 0.968702 115.015 -0.0293198 0.998834 -0.0383499 -4.01401 -0.968722 -0.0378521 -0.245246 -36.7218 
-0.241859 0.0312946 0.969807 115.885 -0.0286101 0.998815 -0.0393657 -4.06102 -0.96989 -0.0372673 -0.240677 -36.92 
-0.235785 0.0304711 0.971327 116.757 -0.0222673 0.999077 -0.0367469 -4.10746 -0.97155 -0.0302932 -0.234889 -37.122 
-0.230471 0.0295615 0.97263 117.633 -0.0152393 0.999306 -0.0339833 -4.15061 -0.97296 -0.0226543 -0.22986 -37.3244 
-0.225538 0.0285754 0.973815 118.508 -0.0134128 0.999384 -0.0324321 -4.19891 -0.974142 -0.0203763 -0.225016 -37.5135 
-0.221388 0.0301874 0.974719 119.383 -0.0153494 0.999289 -0.0344346 -4.24342 -0.975065 -0.0225848 -0.220767 -37.6936 
-0.217887 0.0320336 0.975448 120.256 -0.0170463 0.999184 -0.0366207 -4.28707 -0.975825 -0.0246069 -0.217163 -37.8679 
-0.216308 0.0314483 0.975819 121.132 -0.0194714 0.999143 -0.0365162 -4.33354 -0.976131 -0.0268993 -0.21551 -38.0393 
-0.215578 0.0303342 0.976015 122.005 -0.0204082 0.999159 -0.0355612 -4.37507 -0.976273 -0.027585 -0.214777 -38.2071 
-0.214624 0.0259784 0.976351 122.879 -0.0188305 0.99935 -0.0307297 -4.41708 -0.976515 -0.0249805 -0.213996 -38.3829 
-0.213467 0.0208465 0.976728 123.754 -0.0197114 0.999477 -0.02564 -4.45986 -0.976752 -0.024726 -0.212944 -38.5579 
-0.212616 0.0189497 0.976952 124.622 -0.0188898 0.999545 -0.0234989 -4.50103 -0.976953 -0.0234507 -0.212161 -38.733 
-0.21164 0.0237429 0.977059 125.47 -0.0185572 0.999427 -0.0283061 -4.54153 -0.977172 -0.0241222 -0.211078 -38.8963 
-0.211615 0.0275602 0.976964 126.321 -0.0186282 0.999307 -0.0322254 -4.57846 -0.977176 -0.0250185 -0.210955 -39.0623 
-0.211649 0.0266611 0.976982 127.184 -0.0219771 0.999245 -0.0320296 -4.61851 -0.977099 -0.0282503 -0.210903 -39.23 
-0.210888 0.0257024 0.977172 128.033 -0.0236051 0.999229 -0.0313768 -4.66464 -0.977225 -0.0296832 -0.210119 -39.3972 
-0.210233 0.0267901 0.977284 128.878 -0.0189898 0.999324 -0.0314793 -4.705 -0.977467 -0.0251764 -0.209582 -39.5682 
-0.209208 0.0295318 0.977425 129.717 -0.0207411 0.999185 -0.0346287 -4.74332 -0.977651 -0.0275174 -0.208425 -39.7346 
-0.209641 0.0304031 0.977306 130.559 -0.0295015 0.998865 -0.0374021 -4.78647 -0.977333 -0.036673 -0.208506 -39.8862 
-0.209387 0.0316559 0.97732 131.403 -0.0360797 0.998545 -0.0400733 -4.83166 -0.977167 -0.0436522 -0.20794 -40.041 
-0.209218 0.0352769 0.977233 132.228 -0.0332702 0.998514 -0.0431679 -4.87942 -0.977303 -0.0415442 -0.207733 -40.2015 
-0.208434 0.0363803 0.97736 133.05 -0.0312111 0.998552 -0.0438252 -4.93167 -0.977538 -0.0396391 -0.206997 -40.3623 
-0.206549 0.0376577 0.977711 133.874 -0.0309777 0.998506 -0.0450029 -4.98368 -0.977946 -0.0395826 -0.205074 -40.5222 
-0.204196 0.0373699 0.978217 134.69 -0.0213012 0.998865 -0.0426052 -5.03258 -0.978698 -0.029537 -0.203168 -40.6908 
-0.200982 0.0342799 0.978995 135.5 -0.0162146 0.999134 -0.0383138 -5.08269 -0.979461 -0.0235744 -0.200252 -40.8508 
-0.198967 0.0297174 0.979556 136.313 -0.0119645 0.999392 -0.0327494 -5.13053 -0.979933 -0.018236 -0.198491 -41.0068 
-0.195303 0.02927 0.980306 137.118 -0.0104928 0.999435 -0.0319316 -5.17398 -0.980687 -0.0165225 -0.194885 -41.1522 
-0.190396 0.0340822 0.981116 137.909 -0.00939826 0.999288 -0.0365372 -5.2241 -0.981662 -0.0161773 -0.189941 -41.2908 
-0.183848 0.0375046 0.982239 138.706 -0.00818985 0.999179 -0.0396842 -5.26441 -0.982921 -0.0153403 -0.18339 -41.4249 
-0.175715 0.0381436 0.983702 139.507 -0.00817703 0.999158 -0.0402035 -5.30437 -0.984407 -0.0151081 -0.175255 -41.5516 
-0.166069 0.0336663 0.985539 140.301 -0.00631746 0.99936 -0.0352029 -5.35079 -0.986094 -0.0120722 -0.16575 -41.6721 
-0.154173 0.0324536 0.987511 141.091 -0.00240292 0.999445 -0.0332209 -5.39531 -0.988041 -0.00749468 -0.154009 -41.7834 
-0.140598 0.0352483 0.989439 141.876 0.00219994 0.999375 -0.0352896 -5.43561 -0.990064 -0.00278493 -0.140587 -41.8838 
-0.126338 0.0365335 0.991314 142.66 0.00194251 0.999329 -0.0365812 -5.47591 -0.991985 -0.00269596 -0.126324 -41.968 
-0.112486 0.0365879 0.992979 143.446 0.00305623 0.99933 -0.0364757 -5.51679 -0.993649 -0.00106824 -0.112523 -42.0421 
-0.0990075 0.0384781 0.994343 144.229 0.00334147 0.999259 -0.0383356 -5.55864 -0.995081 -0.000472949 -0.0990628 -42.1052 
-0.0854651 0.0447871 0.995334 145.006 0.000444228 0.998991 -0.0449134 -5.60912 -0.996341 -0.00339638 -0.0853988 -42.15 
-0.072738 0.0538578 0.995896 145.769 -0.00604652 0.998499 -0.0544401 -5.65996 -0.997333 -0.00998157 -0.0723031 -42.1792 
-0.0591573 0.0616955 0.99634 146.526 -0.0103818 0.997996 -0.0624144 -5.71049 -0.998195 -0.014036 -0.0583983 -42.1978 
-0.046102 0.0624318 0.996984 147.292 -0.010876 0.997955 -0.0629954 -5.76326 -0.998878 -0.0137474 -0.0453287 -42.2145 
-0.0341655 0.0584371 0.997706 148.064 -0.0144235 0.998156 -0.0589574 -5.82339 -0.999312 -0.0164047 -0.0332596 -42.221 
-0.0234634 0.0560922 0.99815 148.83 -0.018357 0.998232 -0.0565283 -5.88363 -0.999556 -0.0196494 -0.0223922 -42.2155 
-0.0143601 0.0624229 0.997947 149.585 -0.0220536 0.997787 -0.0627302 -5.94602 -0.999654 -0.0229091 -0.0129517 -42.205 
-0.00800767 0.0704191 0.997485 150.334 -0.0255571 0.997177 -0.0706025 -6.00227 -0.999641 -0.0260582 -0.00618535 -42.1897 
-0.00504474 0.0730549 0.997315 151.085 -0.0285657 0.99691 -0.0731697 -6.06014 -0.999579 -0.0288581 -0.00294229 -42.1732 
-0.00498886 0.0687006 0.997625 151.839 -0.0308249 0.997153 -0.0688222 -6.12148 -0.999512 -0.031095 -0.00285697 -42.1598 
-0.0066905 0.064017 0.997926 152.592 -0.0325459 0.997406 -0.0642018 -6.19137 -0.999448 -0.0329079 -0.00458965 -42.1476 
-0.00933981 0.0609326 0.998098 153.341 -0.0309045 0.997647 -0.0611942 -6.24899 -0.999479 -0.0314173 -0.00743474 -42.1453 
-0.0119977 0.0612803 0.998049 154.092 -0.0287449 0.997687 -0.0616036 -6.30317 -0.999515 -0.0294279 -0.0102084 -42.1463 
-0.015687 0.0612359 0.998 154.834 -0.0270354 0.997732 -0.0616443 -6.36249 -0.999511 -0.0279483 -0.0139959 -42.1476 
-0.0200462 0.0595551 0.998024 155.581 -0.0276737 0.997809 -0.060098 -6.42268 -0.999416 -0.0288237 -0.0183542 -42.1508 
-0.0253318 0.0600315 0.997875 156.326 -0.0280489 0.99776 -0.0607366 -6.47428 -0.999286 -0.0295279 -0.0235912 -42.1598 
-0.0313278 0.0581602 0.997816 157.06 -0.0294 0.99782 -0.0590834 -6.52794 -0.999077 -0.0311868 -0.0295496 -42.1666 
-0.0372781 0.0553193 0.997773 157.796 -0.0271934 0.998041 -0.0563501 -6.58885 -0.998935 -0.0292334 -0.0357007 -42.1848 
-0.0427757 0.0555416 0.99754 158.524 -0.0279791 0.997995 -0.0567667 -6.63861 -0.998693 -0.0303385 -0.0411359 -42.2023 
-0.0482505 0.0568063 0.997219 159.249 -0.0297591 0.997857 -0.0582825 -6.69091 -0.998392 -0.0324885 -0.0464565 -42.2205 
-0.0522775 0.0588581 0.996897 159.972 -0.0300734 0.997716 -0.0604835 -6.74881 -0.99818 -0.033142 -0.050388 -42.2444 
-0.0547683 0.061217 0.996621 160.689 -0.0304369 0.997553 -0.0629468 -6.80499 -0.998035 -0.0337816 -0.052771 -42.2728 
-0.0561879 0.062846 0.99644 161.405 -0.0274099 0.997544 -0.0644612 -6.85794 -0.998044 -0.0309342 -0.0543273 -42.3055 
-0.0551683 0.0612423 0.996597 162.122 -0.0238431 0.997752 -0.0626331 -6.91287 -0.998192 -0.0272174 -0.0535841 -42.3397 
-0.0512285 0.0573232 0.997041 162.83 -0.021333 0.998061 -0.0584779 -6.97221 -0.998459 -0.0242656 -0.0499063 -42.3662 
-0.0438959 0.0572453 0.997395 163.531 -0.0202891 0.9981 -0.0581786 -7.02844 -0.99883 -0.02279 -0.042651 -42.3805 
-0.0326295 0.0580506 0.99778 164.225 -0.0177942 0.99812 -0.0586522 -7.08158 -0.999309 -0.0196684 -0.0315351 -42.3898 
-0.0179262 0.0581741 0.998146 164.919 -0.0151903 0.998175 -0.0584485 -7.13276 -0.999724 -0.0162099 -0.0170098 -42.3917 
-0.00279468 0.0558099 0.998438 165.606 -0.0163681 0.998305 -0.0558483 -7.18058 -0.999862 -0.0164986 -0.00187644 -42.3742 
0.0132484 0.0510716 0.998607 166.294 -0.0212762 0.998483 -0.050783 -7.22838 -0.999686 -0.0205738 0.0143149 -42.3401 
0.0295675 0.044464 0.998573 166.978 -0.0225756 0.998785 -0.043805 -7.27332 -0.999308 -0.0212482 0.0305353 -42.2985 
0.0467622 0.0367885 0.998228 167.659 -0.0228817 0.999099 -0.0357487 -7.31478 -0.998644 -0.0211695 0.0475619 -42.2488 
0.0644457 0.0294486 0.997487 168.333 -0.0234371 0.999333 -0.0279889 -7.34945 -0.997646 -0.0215745 0.065093 -42.1866 
0.0813498 0.0234036 0.996411 168.996 -0.0251693 0.999454 -0.0214202 -7.38358 -0.996368 -0.0233364 0.0818944 -42.1085 
0.0993593 0.0210829 0.994828 169.653 -0.0259365 0.999491 -0.0185912 -7.41275 -0.994714 -0.0239552 0.0998555 -42.0214 
0.11725 0.0198437 0.992904 170.304 -0.0247477 0.999548 -0.0170541 -7.4356 -0.992794 -0.0225725 0.117688 -41.9266 
0.134792 0.0193268 0.990685 170.945 -0.0261867 0.99953 -0.0159363 -7.45717 -0.990528 -0.0237947 0.135235 -41.8194 
0.150933 0.018274 0.988375 171.579 -0.0309164 0.999427 -0.0137571 -7.4766 -0.98806 -0.0284806 0.151412 -41.6976 
0.165547 0.0145528 0.986095 172.209 -0.0329688 0.999414 -0.00921447 -7.49794 -0.985651 -0.0309849 0.165929 -41.5683 
0.177967 0.0108405 0.983977 172.83 -0.0297519 0.999541 -0.00563087 -7.51316 -0.983587 -0.0282731 0.178208 -41.4478 
0.188603 0.00969979 0.982006 173.445 -0.0275799 0.999609 -0.00457666 -7.52938 -0.981666 -0.0262204 0.188797 -41.3135 
0.198551 0.0134561 0.979998 174.05 -0.0319482 0.999463 -0.00725045 -7.54848 -0.97957 -0.0298696 0.198875 -41.1682 
0.207684 0.0204369 0.977983 174.646 -0.035668 0.999275 -0.0133073 -7.56811 -0.977546 -0.032119 0.208262 -41.0198 
0.216749 0.0304461 0.975752 175.237 -0.0358522 0.999088 -0.0232102 -7.5869 -0.975569 -0.0299521 0.217643 -40.8703 
0.225212 0.0361801 0.973638 175.829 -0.0298117 0.999098 -0.0302305 -7.60467 -0.973854 -0.0222175 0.226088 -40.7294 
0.231768 0.0343359 0.972165 176.433 -0.0292087 0.999172 -0.0283263 -7.62102 -0.972333 -0.0218305 0.232579 -40.5704 
0.237716 0.0266943 0.970968 177.04 -0.0314854 0.999309 -0.0197651 -7.64116 -0.970824 -0.0258729 0.238392 -40.4019 
0.242193 0.0161321 0.970094 177.658 -0.0359158 0.999326 -0.00765144 -7.66327 -0.969563 -0.0329886 0.242609 -40.2293 
0.244153 0.0078679 0.969705 178.263 -0.0359682 0.999353 0.000947691 -7.68521 -0.96907 -0.0351099 0.244278 -40.0604 
0.245253 0.00715985 0.969433 178.867 -0.0324043 0.999475 0.000816145 -7.70076 -0.968918 -0.0316139 0.245356 -39.9003 
0.246505 0.00917768 0.969098 179.469 -0.0289468 0.999579 -0.00210323 -7.71082 -0.968709 -0.0275339 0.246666 -39.7402 
0.248355 0.00874461 0.96863 180.076 -0.0256358 0.999668 -0.00245181 -7.7161 -0.96833 -0.0242226 0.248496 -39.5796 
0.250192 0.00632306 0.968176 180.684 -0.0271843 0.99963 0.000496424 -7.7245 -0.967815 -0.0264434 0.250271 -39.4098 
0.253084 0.00243283 0.967441 181.301 -0.0274372 0.999613 0.00466393 -7.73511 -0.967055 -0.0277243 0.253053 -39.2349 
0.256277 -0.00279541 0.966599 181.919 -0.0267676 0.999592 0.00998782 -7.74552 -0.966233 -0.0284331 0.256098 -39.06 
0.260755 -0.00565416 0.965388 182.538 -0.0253601 0.999598 0.0127044 -7.75019 -0.965072 -0.027795 0.260507 -38.8807 
0.26724 -0.0079194 0.963598 183.16 -0.023369 0.999619 0.0146966 -7.7499 -0.963347 -0.0264458 0.266953 -38.6962 
0.275111 -0.0112633 0.961347 183.786 -0.0215559 0.999608 0.0178803 -7.75138 -0.961171 -0.0256417 0.27476 -38.5038 
0.285013 -0.0131341 0.958434 184.412 -0.0191531 0.999628 0.0193942 -7.75402 -0.958332 -0.0238846 0.284655 -38.3072 
0.296183 -0.0113867 0.955063 185.031 -0.0202067 0.99963 0.0181846 -7.7582 -0.954917 -0.0246846 0.295844 -38.0968 
0.307928 -0.00778079 0.951378 185.653 -0.021257 0.999661 0.0150559 -7.75851 -0.951172 -0.0248595 0.307659 -37.8766 
0.319601 -0.00470395 0.947541 186.272 -0.0221938 0.999676 0.0124487 -7.7561 -0.947292 -0.0250081 0.319393 -37.6468 
0.331092 -0.00442311 0.943588 186.896 -0.0206399 0.999716 0.0119285 -7.75249 -0.943373 -0.023425 0.330906 -37.4064 
0.342407 -0.00768961 0.93952 187.52 -0.0197661 0.999686 0.0153858 -7.75232 -0.939344 -0.0238388 0.342148 -37.1609 
0.353307 -0.00904279 0.935464 188.151 -0.0207604 0.999631 0.017504 -7.75328 -0.935277 -0.0256049 0.352989 -36.8946 
0.36471 -0.00971492 0.931071 188.779 -0.0222879 0.999568 0.0191601 -7.75228 -0.930855 -0.0277395 0.364335 -36.6275 
0.374209 -0.0108689 0.927281 189.416 -0.0259921 0.999416 0.0222037 -7.74482 -0.92698 -0.0324108 0.373708 -36.3442 
0.381327 -0.00979822 0.924388 190.052 -0.0295064 0.999305 0.0227643 -7.73809 -0.923969 -0.035956 0.380773 -36.0593 
0.385748 -0.0128216 0.922515 190.7 -0.0295151 0.99922 0.0262294 -7.73332 -0.922132 -0.0373461 0.385069 -35.771 
0.387861 -0.0166763 0.921567 191.354 -0.0265044 0.999221 0.0292365 -7.72487 -0.921337 -0.0357653 0.387117 -35.4825 
0.387946 -0.0159814 0.921544 192.007 -0.0220606 0.999402 0.0266187 -7.71481 -0.921418 -0.0306564 0.387362 -35.2004 
0.386911 -0.015683 0.921984 192.67 -0.0206229 0.999458 0.0256553 -7.71011 -0.921887 -0.0289402 0.386378 -34.9112 
0.386001 -0.0144729 0.922385 193.338 -0.0173039 0.999587 0.0229256 -7.69935 -0.922336 -0.0248102 0.385592 -34.6192 
0.385661 -0.0164669 0.922493 194.019 -0.014164 0.999617 0.023765 -7.68905 -0.922532 -0.0222314 0.385281 -34.3296 
0.384714 -0.0221052 0.922771 194.706 -0.0109056 0.999535 0.0284909 -7.67853 -0.922971 -0.0210242 0.384294 -34.0334 
0.383347 -0.0248067 0.923271 195.391 -0.0109187 0.999448 0.031387 -7.66813 -0.92354 -0.022113 0.382865 -33.7348 
0.381732 -0.0273775 0.923867 196.075 -0.0101154 0.999378 0.0337948 -7.66065 -0.924218 -0.0222458 0.381218 -33.4424 
0.380476 -0.0274672 0.924383 196.761 -0.0109785 0.999354 0.0342137 -7.64505 -0.924726 -0.0231658 0.379929 -33.1492 
0.378341 -0.0277889 0.925249 197.449 -0.0122877 0.99931 0.0350378 -7.63086 -0.925585 -0.0246254 0.377739 -32.8505 
0.376567 -0.0265526 0.926009 198.136 -0.0133533 0.99933 0.0340852 -7.62278 -0.926293 -0.0252006 0.37596 -32.5554 
0.375385 -0.0230084 0.926583 198.823 -0.0127299 0.99947 0.0299755 -7.61428 -0.926782 -0.0230477 0.374893 -32.2688 
0.374858 -0.0171149 0.926924 199.508 -0.0131302 0.999631 0.0237675 -7.60368 -0.926989 -0.0210802 0.374495 -31.9836 
0.373452 -0.0143166 0.927539 200.187 -0.0155531 0.999644 0.0216917 -7.59849 -0.927519 -0.0225269 0.373097 -31.6902 
0.372176 -0.016978 0.928007 200.882 -0.016584 0.999551 0.024938 -7.59092 -0.928014 -0.0246714 0.371727 -31.4002 
0.370991 -0.0200787 0.928419 201.566 -0.0185802 0.999406 0.0290385 -7.58735 -0.928451 -0.0280232 0.370398 -31.1123 
0.368609 -0.0189348 0.929392 202.248 -0.0231365 0.999296 0.0295353 -7.58198 -0.929296 -0.0323899 0.367912 -30.828 
0.363876 -0.0190134 0.931254 202.939 -0.0252895 0.999221 0.0302827 -7.57139 -0.931104 -0.0345701 0.363111 -30.5407 
0.357441 -0.0204016 0.933713 203.628 -0.0245683 0.99921 0.031238 -7.55911 -0.933613 -0.0341055 0.356657 -30.2724 
0.348656 -0.0206702 0.937023 204.322 -0.0243536 0.999219 0.031104 -7.55233 -0.936934 -0.0336645 0.34788 -30.0098 
0.338486 -0.0195756 0.940768 205.017 -0.0213423 0.999367 0.0284739 -7.54611 -0.94073 -0.0297162 0.337854 -29.7511 
0.327895 -0.0162301 0.944575 205.709 -0.022437 0.999437 0.0249615 -7.53747 -0.944448 -0.0293782 0.327346 -29.5045 
0.316408 -0.016204 0.948485 206.403 -0.025373 0.999352 0.0255373 -7.52559 -0.948284 -0.0321461 0.315791 -29.2634 
0.305418 -0.0243694 0.951907 207.111 -0.0202862 0.999279 0.032091 -7.51753 -0.952002 -0.0291117 0.304703 -29.0348 
0.296993 -0.0329936 0.954309 207.822 -0.0160437 0.999089 0.0395348 -7.50905 -0.954745 -0.0270522 0.296193 -28.8158 
0.289921 -0.0385322 0.956275 208.537 -0.0153365 0.998874 0.0448985 -7.49233 -0.956928 -0.0276829 0.289004 -28.59 
0.285543 -0.039326 0.957559 209.246 -0.0211266 0.998657 0.0473138 -7.47108 -0.958133 -0.0337401 0.284329 -28.3569 
0.283102 -0.0413401 0.958198 209.959 -0.0198004 0.998606 0.0489335 -7.45032 -0.958885 -0.0328259 0.281889 -28.1396 
0.281485 -0.0422897 0.958633 210.675 -0.0186944 0.998597 0.0495419 -7.42738 -0.959384 -0.0318664 0.280299 -27.9196 
0.28073 -0.0405607 0.958929 211.39 -0.018872 0.99868 0.047767 -7.40566 -0.959601 -0.0315066 0.279594 -27.6971 
0.280209 -0.0383411 0.959173 212.111 -0.0223586 0.99867 0.0464517 -7.37942 -0.959679 -0.0344619 0.278979 -27.4654 
0.280575 -0.0390761 0.959036 212.82 -0.0229046 0.998614 0.0473897 -7.35576 -0.959559 -0.0352627 0.279291 -27.2401 
0.282341 -0.0402167 0.958471 213.546 -0.0236033 0.998527 0.0488505 -7.33175 -0.959024 -0.0364156 0.280975 -27.0128 
0.283709 -0.0421066 0.957985 214.276 -0.0221375 0.998482 0.0504426 -7.30806 -0.958655 -0.0355185 0.282346 -26.7835 
0.285377 -0.0432005 0.957441 215.008 -0.01847 0.99855 0.0505607 -7.28333 -0.958237 -0.0321128 0.284165 -26.5597 
0.288562 -0.0447158 0.956417 215.744 -0.0173356 0.998501 0.0519138 -7.25451 -0.957304 -0.0315604 0.287354 -26.3279 
0.29257 -0.046092 0.955133 216.481 -0.0190367 0.998359 0.0540092 -7.22734 -0.956055 -0.033984 0.291213 -26.0837 
0.297908 -0.050175 0.953275 217.22 -0.0205917 0.998048 0.0589667 -7.19881 -0.954372 -0.0371962 0.296293 -25.8359 
0.302995 -0.053934 0.951465 217.964 -0.0209594 0.997779 0.0632339 -7.16536 -0.952762 -0.0391017 0.301191 -25.5836 
0.307283 -0.0539531 0.950088 218.704 -0.0220389 0.99772 0.063786 -7.13221 -0.951363 -0.0405392 0.305393 -25.3273 
0.311556 -0.0491924 0.948954 219.438 -0.0274505 0.997776 0.0607357 -7.10034 -0.949831 -0.0449718 0.309513 -25.0624 
0.316129 -0.0430874 0.947737 220.174 -0.0322366 0.997903 0.056121 -7.06057 -0.948168 -0.0482933 0.314077 -24.7932 
0.320759 -0.040107 0.946311 220.912 -0.0358856 0.997871 0.054456 -7.02728 -0.946481 -0.0514262 0.318637 -24.5218 
0.325185 -0.040336 0.94479 221.657 -0.0377295 0.997741 0.0555828 -6.9981 -0.944898 -0.0537212 0.322928 -24.2455 
0.329127 -0.0379563 0.943523 222.399 -0.039623 0.997757 0.0539597 -6.97017 -0.943454 -0.0551448 0.326885 -23.9687 
0.332942 -0.0352102 0.94229 223.135 -0.0399511 0.997879 0.0514035 -6.93974 -0.942101 -0.0547599 0.330829 -23.69 
0.337531 -0.0346617 0.940676 223.876 -0.0403852 0.997868 0.05126 -6.90926 -0.940448 -0.0552912 0.335411 -23.4061 
0.342204 -0.0361618 0.93893 224.617 -0.0403065 0.997774 0.0531184 -6.88339 -0.938761 -0.0560223 0.339985 -23.1216 
0.34655 -0.0366884 0.937314 225.359 -0.0362263 0.997966 0.0524563 -6.8585 -0.937332 -0.0521341 0.344516 -22.8367 
0.350973 -0.0365003 0.935674 226.099 -0.0331491 0.998129 0.051371 -6.8316 -0.935799 -0.0490466 0.349107 -22.5502 
0.354972 -0.0342213 0.93425 226.835 -0.0343691 0.998177 0.0496216 -6.80238 -0.934245 -0.0497237 0.353149 -22.2521 
0.359614 -0.0345745 0.93246 227.57 -0.0389383 0.997887 0.0520175 -6.77566 -0.932288 -0.0550147 0.357508 -21.9464 
0.364199 -0.0347252 0.930673 228.32 -0.0418877 0.997683 0.0536173 -6.74456 -0.930379 -0.0585112 0.361901 -21.6319 
0.368287 -0.032277 0.929152 229.055 -0.0391489 0.997972 0.0501852 -6.72282 -0.928887 -0.0548578 0.366277 -21.3282 
0.372144 -0.025437 0.927826 229.776 -0.0386975 0.99833 0.0428913 -6.69893 -0.927368 -0.0518663 0.370538 -21.0232 
0.375427 -0.0185651 0.926666 230.499 -0.0453621 0.998233 0.0383768 -6.66869 -0.925741 -0.0564432 0.373921 -20.7049 
0.378453 -0.0197128 0.925411 231.224 -0.0511921 0.997797 0.0421901 -6.6437 -0.924204 -0.0633407 0.37661 -20.3798 
0.381029 -0.0301891 0.92407 231.959 -0.0499662 0.997334 0.0531856 -6.62231 -0.923212 -0.0664375 0.378505 -20.0622 
0.383005 -0.042547 0.922766 232.699 -0.0463221 0.996797 0.065187 -6.58879 -0.922584 -0.0677114 0.379807 -19.7482 
0.384623 -0.0502698 0.921704 233.43 -0.0476962 0.9961 0.0742309 -6.55273 -0.921841 -0.0725127 0.380725 -19.4226 
0.386807 -0.052201 0.920682 234.161 -0.0491249 0.995812 0.0770996 -6.51669 -0.920851 -0.075051 0.382623 -19.0976 
0.389549 -0.0478041 0.919765 234.885 -0.0484684 0.996204 0.0723049 -6.47587 -0.91973 -0.0727458 0.385753 -18.7755 
0.393722 -0.042178 0.918261 235.608 -0.0470367 0.996714 0.0659494 -6.4316 -0.918025 -0.0691577 0.390444 -18.4556 
0.398169 -0.0377138 0.916536 236.326 -0.0470413 0.997 0.0614609 -6.39297 -0.916105 -0.0675869 0.395201 -18.1247 
0.402139 -0.0359665 0.914872 237.051 -0.044985 0.997245 0.0589784 -6.36021 -0.914473 -0.064873 0.399414 -17.7936 
0.406294 -0.033713 0.91312 237.773 -0.0443612 0.997413 0.0565638 -6.32226 -0.912665 -0.0634887 0.403747 -17.4589 
0.410238 -0.0351772 0.9113 238.497 -0.04314 0.997389 0.0579207 -6.28828 -0.910957 -0.0630748 0.40765 -17.1189 
0.413589 -0.0403763 0.909568 239.224 -0.0413612 0.997152 0.0630716 -6.25581 -0.909524 -0.0637065 0.410741 -16.7746 
0.416728 -0.0463833 0.907847 239.95 -0.0393381 0.996842 0.0689875 -6.21823 -0.90818 -0.0644619 0.413587 -16.4294 
0.41919 -0.0518885 0.906415 240.679 -0.037963 0.996491 0.0746017 -6.17737 -0.907105 -0.0656825 0.415749 -16.0795 
0.421402 -0.0572141 0.905067 241.411 -0.0358644 0.996176 0.0796721 -6.12805 -0.906165 -0.0660337 0.417738 -15.7284 
0.422902 -0.0640545 0.903909 242.147 -0.0342256 0.995658 0.086569 -6.07887 -0.905529 -0.067547 0.418873 -15.3728 
0.424719 -0.0645297 0.903023 242.88 -0.0346222 0.995569 0.087427 -6.02706 -0.904663 -0.0683966 0.420603 -15.0175 
0.426262 -0.0528476 0.903055 243.591 -0.0436036 0.995931 0.0788647 -5.98101 -0.903549 -0.0729934 0.422223 -14.6474 
0.426998 -0.0392621 0.9034 244.306 -0.0454692 0.996861 0.0648153 -5.9334 -0.903109 -0.0687529 0.423873 -14.2911 
0.427845 -0.0314255 0.903306 245.026 -0.045406 0.997386 0.0562049 -5.88462 -0.902711 -0.0650624 0.4253 -13.9349 
