1 -4.23778e-08 4.22719e-08 0 -4.23778e-08 1 -4.19404e-08 0 4.22719e-08 -4.19404e-08 1 0 
0.999992 -0.00231616 -0.0032452 -0.0143865 0.00231084 0.999996 -0.00161472 -0.0129676 0.00324902 0.00160712 0.999993 0.657828 
0.999977 0.000223658 -0.00672518 -0.0501308 -0.00024389 0.999995 -0.00299512 -0.0224257 0.00672456 0.00299661 0.999973 1.35241 
0.999946 -0.00058999 -0.0103317 -0.0907858 0.000537171 0.999987 -0.0051062 -0.0209213 0.0103347 0.00510029 0.999934 2.04904 
0.999879 0.000917829 -0.0155349 -0.121539 -0.0010029 0.999984 -0.00546401 -0.0316419 0.0155297 0.00547885 0.999864 2.7745 
0.999815 0.000102934 -0.0192292 -0.157679 -0.000202691 0.999986 -0.00518153 -0.052285 0.0192285 0.00518438 0.999802 3.5057 
0.999764 0.00282552 -0.0215373 -0.248208 -0.00295315 0.999978 -0.00589284 -0.0782304 0.0215202 0.00595497 0.999751 4.22437 
0.999679 0.00769255 -0.0241527 -0.330842 -0.00783841 0.999952 -0.00594686 -0.121233 0.0241058 0.00613419 0.999691 4.97506 
0.999556 0.00738105 -0.0288652 -0.371154 -0.00750011 0.999964 -0.00401554 -0.13584 0.0288346 0.00423017 0.999575 5.75448 
0.999459 0.00676117 -0.0321843 -0.426547 -0.00683927 0.999974 -0.00231457 -0.127579 0.0321679 0.00253335 0.999479 6.55463 
0.999369 0.00643881 -0.0349222 -0.477973 -0.00645636 0.999979 -0.000387348 -0.112369 0.034919 0.000612488 0.99939 7.36246 
0.999311 0.00794891 -0.0362513 -0.538498 -0.00799448 0.999967 -0.00110993 -0.120701 0.0362414 0.00139889 0.999342 8.17005 
0.999275 0.00709817 -0.0373977 -0.601626 -0.00719315 0.999971 -0.00240369 -0.102693 0.0373796 0.00267087 0.999297 8.96494 
0.999258 0.00376805 -0.0383317 -0.656194 -0.00390799 0.999986 -0.00357439 -0.0988245 0.0383177 0.00372145 0.999259 9.78757 
0.999192 0.00380625 -0.0400052 -0.709844 -0.00392286 0.999988 -0.00283462 -0.108467 0.039994 0.00298918 0.999195 10.6642 
0.999151 0.00148045 -0.0411647 -0.763524 -0.001583 0.999996 -0.00245671 -0.123071 0.041161 0.0025197 0.999149 11.5031 
0.999093 0.00432004 -0.0423553 -0.82312 -0.00454246 0.999976 -0.00515445 -0.133036 0.0423321 0.00534209 0.999089 12.3603 
0.99904 0.00458081 -0.0435541 -0.878873 -0.00495272 0.999952 -0.00843289 -0.132036 0.0435135 0.00864042 0.999015 13.2367 
0.999034 0.00869145 -0.0430721 -0.970418 -0.00912131 0.99991 -0.00979152 -0.142218 0.0429833 0.0101748 0.999024 14.0978 
0.998991 0.0103158 -0.0437049 -1.0295 -0.0107576 0.999893 -0.00988283 -0.148517 0.0435984 0.0103429 0.998996 14.9774 
0.999058 0.00970119 -0.0422923 -1.14483 -0.0100701 0.999913 -0.00851625 -0.159145 0.0422061 0.00893403 0.999069 15.855 
0.999061 0.00899635 -0.0423898 -1.22518 -0.00936315 0.99992 -0.00846059 -0.148687 0.0423104 0.00884945 0.999065 16.7426 
0.999027 0.0085994 -0.0432558 -1.27967 -0.00899763 0.999919 -0.00901812 -0.158404 0.0431748 0.00939846 0.999023 17.6432 
0.998981 0.00884282 -0.044259 -1.32462 -0.00923488 0.99992 -0.00865982 -0.19538 0.044179 0.00905964 0.998982 18.5286 
0.998969 0.00852324 -0.0445792 -1.39344 -0.00893929 0.999918 -0.00913995 -0.212957 0.0444977 0.00952895 0.998964 19.465 
0.998971 0.00831969 -0.0445734 -1.46102 -0.00867838 0.999931 -0.00785787 -0.220529 0.044505 0.00823652 0.998975 20.3913 
0.998994 0.00937067 -0.0438596 -1.53087 -0.00957469 0.999944 -0.00444183 -0.239467 0.0438156 0.00485722 0.999028 21.3198 
0.999006 0.00923059 -0.0436084 -1.5749 -0.00924633 0.999957 -0.000157225 -0.26554 0.0436052 0.000560201 0.999049 22.2481 
0.999077 0.00739993 -0.0423083 -1.62117 -0.00727465 0.999969 0.00311638 -0.275164 0.0423301 -0.00280581 0.9991 23.1807 
0.999134 0.00857612 -0.0407051 -1.66954 -0.00842501 0.999957 0.00388451 -0.281654 0.0407367 -0.00353829 0.999164 24.1433 
0.999206 0.0071366 -0.0391882 -1.73185 -0.0070584 0.999973 0.00213559 -0.306491 0.0392024 -0.00185738 0.999229 25.0582 
0.999257 0.00786972 -0.0377349 -1.79914 -0.00798485 0.999964 -0.00289919 -0.314104 0.0377108 0.00319826 0.999283 25.9782 
0.999354 0.00637247 -0.0353771 -1.86105 -0.00656329 0.999964 -0.00527814 -0.334273 0.0353423 0.00550683 0.99936 26.9297 
0.99941 0.00389469 -0.034117 -1.90564 -0.00405519 0.999981 -0.00463406 -0.342916 0.0340984 0.00476959 0.999407 27.8822 
0.99939 0.00249395 -0.0348289 -1.94693 -0.0024748 0.999997 0.00059556 -0.351804 0.0348304 -0.000509087 0.999393 28.8655 
0.999387 -0.00113009 -0.0349937 -2.01293 0.00125461 0.999993 0.00353881 -0.352166 0.0349895 -0.00358063 0.999381 29.8332 
0.999317 -0.00853021 -0.0359388 -2.04875 0.00862155 0.99996 0.00238946 -0.348706 0.0359171 -0.00269777 0.999351 30.8384 
0.999232 -0.0104877 -0.0377395 -2.09029 0.0104313 0.999944 -0.00168766 -0.356709 0.0377551 0.0012926 0.999286 31.8509 
0.999172 -0.00940464 -0.0395856 -2.1268 0.0091978 0.999943 -0.0054018 -0.386975 0.0396342 0.00503314 0.999201 32.8363 
0.999122 -0.00825781 -0.0410685 -2.19705 0.00800458 0.999948 -0.00632486 -0.398283 0.0411187 0.00599048 0.999136 33.8264 
0.999234 -0.00757565 -0.0383993 -2.3161 0.00731427 0.999949 -0.00694055 -0.376308 0.03845 0.00665428 0.999238 34.7676 
0.999219 -0.0052181 -0.0391708 -2.39605 0.00504083 0.999977 -0.00462103 -0.388333 0.0391941 0.00441988 0.999222 35.7808 
0.999219 -0.0052446 -0.0391618 -2.47484 0.00511889 0.999981 -0.00330744 -0.405489 0.0391785 0.00310431 0.999227 36.7656 
0.999176 -0.0026872 -0.0404966 -2.51772 0.00270278 0.999996 0.000332116 -0.445431 0.0404957 -0.000441381 0.99918 37.7577 
0.999166 -0.00227071 -0.0407604 -2.56387 0.00237862 0.999994 0.00260102 -0.443155 0.0407543 -0.00269589 0.999165 38.7629 
0.999213 0.00387734 -0.0394612 -2.68164 -0.00368497 0.999981 0.00494849 -0.465916 0.0394798 -0.00479927 0.999209 39.7301 
0.999216 0.00331967 -0.0394522 -2.73639 -0.0031272 0.999983 0.0049415 -0.490299 0.039468 -0.00481434 0.999209 40.7273 
0.999256 0.00405953 -0.0383577 -2.80158 -0.00393004 0.999986 0.00345289 -0.495464 0.0383713 -0.00329966 0.999258 41.7404 
0.999228 0.00665789 -0.0387138 -2.8461 -0.00659283 0.999977 0.00181005 -0.517923 0.0387251 -0.00155351 0.999249 42.7208 
0.999219 0.00798266 -0.0387081 -2.92508 -0.00792189 0.999967 0.00172513 -0.534973 0.0387207 -0.00141723 0.999249 43.697 
0.999184 0.00555649 -0.0399941 -2.97597 -0.0054539 0.999981 0.0026759 -0.546394 0.0400083 -0.00245568 0.999196 44.6572 
0.999169 0.0050859 -0.0404298 -3.03504 -0.00495701 0.999982 0.00328953 -0.539432 0.0404459 -0.00308647 0.999177 45.6083 
0.999144 0.00854887 -0.0404798 -3.08933 -0.0085804 0.999963 -0.00060318 -0.54533 0.0404732 0.000949911 0.99918 46.5731 
0.999081 0.00882424 -0.0419311 -3.14181 -0.00905163 0.999945 -0.00523414 -0.549719 0.0418827 0.0056088 0.999107 47.5584 
0.999056 0.00882377 -0.0425398 -3.19769 -0.00911386 0.999936 -0.00662816 -0.563515 0.0424787 0.00700951 0.999073 48.5189 
0.999019 0.00736536 -0.0436563 -3.24088 -0.00753091 0.999965 -0.00362709 -0.569175 0.0436282 0.00395222 0.99904 49.4904 
0.999006 0.0045713 -0.0443475 -3.28708 -0.00460354 0.999989 -0.000623028 -0.585143 0.0443442 0.000826478 0.999016 50.4548 
0.99904 0.00315515 -0.0436934 -3.35604 -0.00320232 0.999994 -0.00100769 -0.591293 0.0436901 0.00114656 0.999044 51.4081 
0.999078 -0.000466385 -0.0429314 -3.41905 0.000392314 0.999998 -0.00173182 -0.614404 0.0429322 0.00171329 0.999076 52.3565 
0.999021 -0.00315722 -0.044127 -3.4523 0.00303583 0.999991 -0.00281571 -0.639548 0.0441356 0.00267891 0.999022 53.3098 
0.999012 -0.00443321 -0.0442192 -3.53025 0.00435606 0.999989 -0.00183916 -0.64656 0.044227 0.00164463 0.99902 54.2374 
0.99897 -0.00711412 -0.0448027 -3.59528 0.00722836 0.999971 0.00239015 -0.664245 0.0447845 -0.00271162 0.998993 55.182 
0.998936 -0.00780603 -0.0454585 -3.65464 0.0081558 0.999938 0.00751563 -0.678406 0.0453971 -0.00787847 0.998938 56.1174 
0.998915 -0.00677366 -0.0460643 -3.7139 0.00721976 0.999928 0.0095265 -0.688923 0.0459966 -0.00984883 0.998893 57.0672 
0.998876 -0.0063404 -0.0469727 -3.78394 0.00666511 0.999955 0.00676112 -0.712997 0.0469278 -0.00706669 0.998873 58.009 
0.998826 -0.00361382 -0.0483023 -3.84504 0.00357378 0.999993 -0.000913575 -0.722777 0.0483053 0.000739795 0.998832 58.9271 
0.998827 -0.00138435 -0.0484028 -3.92129 0.00108778 0.99998 -0.00615133 -0.735589 0.0484105 0.00609137 0.998809 59.8294 
0.998837 0.00190268 -0.0481705 -3.99412 -0.00214149 0.999986 -0.00490463 -0.750403 0.0481605 0.005002 0.998827 60.7024 
0.998737 0.00395642 -0.0500801 -4.05327 -0.00409449 0.999988 -0.00265302 -0.770784 0.050069 0.00285464 0.998742 61.5985 
0.998692 0.00580036 -0.0508081 -4.11927 -0.00581662 0.999983 -0.000170593 -0.798716 0.0508063 0.000465816 0.998708 62.4834 
0.998649 0.00739576 -0.0514299 -4.18512 -0.00746318 0.999971 -0.0011174 -0.799737 0.0514202 0.00149964 0.998676 63.321 
0.998613 0.0100422 -0.0516839 -4.26967 -0.0100973 0.999949 -0.000803164 -0.819274 0.0516732 0.00132383 0.998663 64.1667 
0.998564 0.0133417 -0.0518738 -4.34225 -0.0133308 0.999911 0.000558185 -0.844598 0.0518767 0.00013405 0.998653 64.9425 
0.998464 0.0129116 -0.0538778 -4.39602 -0.0128941 0.999917 0.000674341 -0.852117 0.0538821 2.13131e-05 0.998547 65.7393 
0.998465 0.0129175 -0.0538585 -4.4776 -0.0128691 0.999916 0.00124664 -0.852798 0.0538702 -0.000551702 0.998548 66.5147 
0.998338 0.0156226 -0.055479 -4.52424 -0.0153982 0.999871 0.00447222 -0.871712 0.0555419 -0.0036106 0.99845 67.3118 
0.998174 0.0155389 -0.058362 -4.57145 -0.0150902 0.999853 0.00812244 -0.874249 0.0584797 -0.007227 0.998262 68.1602 
0.998023 0.0189686 -0.0599174 -4.6327 -0.0183949 0.99978 0.0101137 -0.889294 0.0600962 -0.00899164 0.998152 68.9124 
0.99793 0.0209464 -0.0607997 -4.70604 -0.0205907 0.999767 0.00647257 -0.910006 0.0609212 -0.00520735 0.998129 69.6608 
0.997846 0.0219055 -0.0618317 -4.76078 -0.021997 0.999758 -0.000798425 -0.930358 0.0617993 0.00215673 0.998086 70.3676 
0.997716 0.0209906 -0.064207 -4.804 -0.0214286 0.999751 -0.00613932 -0.945287 0.0640622 0.00750108 0.997918 71.0819 
0.997637 0.0218968 -0.0651286 -4.84865 -0.0224188 0.999722 -0.00729354 -0.950265 0.0649509 0.00873632 0.99785 71.7628 
0.99762 0.0247824 -0.0643384 -4.94506 -0.0250457 0.999681 -0.0032892 -0.979496 0.0642364 0.00489269 0.997923 72.4424 
0.997467 0.0245528 -0.0667518 -4.97421 -0.0246082 0.999697 -5.67229e-06 -1.01627 0.0667315 0.00164821 0.99777 73.0913 
0.997519 0.0214456 -0.0670446 -5.03866 -0.0216743 0.999761 -0.00268555 -1.04277 0.0669711 0.00413195 0.997746 73.6839 
0.997642 0.0139927 -0.0671864 -5.08019 -0.0145763 0.99986 -0.00820287 -1.04802 0.0670623 0.00916278 0.997707 74.285 
0.997838 0.00982281 -0.0649882 -5.15626 -0.0106326 0.99987 -0.0121246 -1.07767 0.0648607 0.0127893 0.997812 74.8769 
0.998026 0.0127512 -0.06149 -5.2069 -0.0135271 0.999834 -0.0122174 -1.10196 0.0613241 0.013025 0.998033 75.4661 
0.99818 0.0175289 -0.0577062 -5.25821 -0.0181335 0.999786 -0.00996905 -1.10091 0.0575192 0.0109972 0.998284 76.0572 
0.9984 0.0162115 -0.0541767 -5.26888 -0.0166167 0.999837 -0.00703418 -1.1096 0.054054 0.00792308 0.998506 76.6103 
0.99877 0.011436 -0.0482533 -5.30585 -0.0115909 0.999928 -0.00292901 -1.1347 0.0482165 0.00348462 0.998831 77.1568 
0.999183 0.00657328 -0.0398729 -5.32762 -0.00652937 0.999978 0.00123347 -1.15344 0.0398802 -0.0009722 0.999204 77.6803 
0.999511 0.0103343 -0.0294965 -5.33763 -0.0103009 0.999946 0.00128813 -1.16962 0.0295084 -0.000983749 0.999564 78.1934 
0.999779 0.0157432 -0.013924 -5.35737 -0.0157332 0.999876 0.000837346 -1.17755 0.0139356 -0.000618176 0.999903 78.7043 
0.999775 0.0209211 0.00358942 -5.34811 -0.0209229 0.999781 0.000439675 -1.17398 -0.00357935 -0.00051476 0.999993 79.1983 
0.999465 0.0194226 0.0263058 -5.33886 -0.0194331 0.999811 0.000137619 -1.17195 -0.026298 -0.00064883 0.999654 79.681 
0.998478 0.015469 0.0529402 -5.306 -0.0155489 0.999878 0.00109582 -1.17978 -0.0529167 -0.0019174 0.998597 80.1284 
0.99651 0.0141345 0.0822631 -5.24787 -0.0143968 0.999893 0.00259414 -1.19472 -0.0822175 -0.00376949 0.996607 80.588 
0.993262 0.0142825 0.11501 -5.17872 -0.0148851 0.99988 0.0043817 -1.20759 -0.114933 -0.00606418 0.993355 81.0313 
0.988156 0.014081 0.152802 -5.10417 -0.0149535 0.999878 0.00456151 -1.21251 -0.152719 -0.0067925 0.988246 81.4502 
0.980914 0.0137668 0.193956 -4.98854 -0.0148768 0.99988 0.00426671 -1.21866 -0.193874 -0.00707078 0.981001 81.8606 
0.97103 0.0139967 0.238545 -4.8517 -0.0154438 0.999872 0.00419773 -1.22448 -0.238456 -0.00776024 0.971122 82.2773 
0.957637 0.0163133 0.287516 -4.73891 -0.0174603 0.999846 0.00142501 -1.2325 -0.287448 -0.00638482 0.957775 82.6413 
0.939968 0.0164125 0.340867 -4.58823 -0.0174318 0.999848 -7.2489e-05 -1.26156 -0.340816 -0.00587385 0.940112 83.0139 
0.917994 0.0168064 0.396239 -4.40686 -0.0172535 0.999848 -0.00243649 -1.27003 -0.396219 -0.00459987 0.918144 83.3654 
0.891477 0.0179772 0.452709 -4.20385 -0.017322 0.999834 -0.00559334 -1.2635 -0.452734 -0.00285557 0.891641 83.6969 
0.860371 0.0183821 0.509337 -3.97884 -0.0162904 0.999831 -0.00856681 -1.26418 -0.509408 -0.000926699 0.860525 84.002 
0.824463 0.016684 0.56567 -3.73748 -0.0131103 0.99986 -0.0103821 -1.28258 -0.565764 0.00114356 0.824567 84.2901 
0.784674 0.0175533 0.61966 -3.49023 -0.0122902 0.999843 -0.01276 -1.29064 -0.619787 0.00239659 0.784767 84.5699 
0.741944 0.015635 0.67028 -3.2275 -0.0109699 0.999877 -0.0111806 -1.31086 -0.670372 0.000942441 0.742024 84.8172 
0.696128 0.0165377 0.717727 -2.94004 -0.0125031 0.999862 -0.0109118 -1.30595 -0.717809 -0.00137783 0.696239 85.0677 
0.647779 0.0149197 0.761682 -2.63987 -0.0108803 0.999887 -0.0103325 -1.315 -0.76175 -0.00159421 0.647869 85.296 
0.598774 0.013965 0.800796 -2.33035 -0.0078442 0.999902 -0.011572 -1.32706 -0.800879 0.000647353 0.598825 85.4816 
0.549215 0.0112526 0.835605 -1.99987 -0.00319615 0.99993 -0.0113648 -1.35148 -0.835675 0.00357097 0.549213 85.6624 
0.502206 0.0133166 0.864645 -1.66624 -0.0033574 0.999904 -0.0134498 -1.35647 -0.864741 0.00385159 0.502203 85.7918 
0.452681 0.0164443 0.891521 -1.32453 -0.0066204 0.999864 -0.0150812 -1.36298 -0.891648 0.000924739 0.452728 85.9476 
0.40452 0.0180735 0.91435 -0.979174 -0.00755705 0.999837 -0.01642 -1.38235 -0.914498 -0.000267582 0.404591 86.0824 
0.36174 0.0154259 0.932151 -0.631783 0.00199368 0.999848 -0.01732 -1.38777 -0.932277 0.00812374 0.361655 86.1688 
0.319592 0.00851605 0.947517 -0.276769 0.0165857 0.999756 -0.0145799 -1.39406 -0.94741 0.0203748 0.319373 86.2596 
0.283758 0.00457897 0.958885 0.0922882 0.0211359 0.999716 -0.0110287 -1.40208 -0.958663 0.0233963 0.28358 86.3353 
0.250928 0.0083076 0.96797 0.436001 0.0176588 0.999757 -0.0131582 -1.41427 -0.967844 0.0203949 0.250721 86.4001 
0.21889 0.0157735 0.975622 0.800113 0.00744536 0.999813 -0.0178352 -1.43229 -0.975721 0.0111678 0.218731 86.4858 
0.189872 0.0196223 0.981613 1.17324 0.00565278 0.999762 -0.0210786 -1.44873 -0.981792 0.00955107 0.189716 86.5531 
0.164158 0.0213835 0.986202 1.57038 0.00657406 0.999719 -0.0227709 -1.46732 -0.986412 0.0102214 0.163971 86.6061 
0.140594 0.0228496 0.989804 1.97521 0.0146336 0.999576 -0.0251539 -1.47071 -0.989959 0.0180209 0.1402 86.6365 
0.12149 0.0294832 0.992155 2.36866 0.0225498 0.999219 -0.0324544 -1.47415 -0.992336 0.0263158 0.12073 86.6407 
0.101105 0.0351317 0.994255 2.81008 0.0266855 0.998921 -0.0380103 -1.48183 -0.994518 0.0303752 0.100058 86.6937 
0.0846389 0.035568 0.995777 3.1614 0.0257924 0.99895 -0.0378737 -1.507 -0.996078 0.0288891 0.0836326 86.7132 
0.0695989 0.0313789 0.997081 3.58793 0.0265912 0.999092 -0.0332984 -1.52189 -0.997221 0.0288311 0.0687012 86.7296 
0.0539038 0.0281813 0.998148 4.09518 0.0274277 0.999183 -0.0296918 -1.53328 -0.998169 0.0289774 0.0530868 86.7784 
0.0408014 0.0233799 0.998894 4.55576 0.0288043 0.999283 -0.0245657 -1.58336 -0.998752 0.0297747 0.0400987 86.7858 
0.0293908 0.0237228 0.999286 5.05833 0.0337544 0.999125 -0.0247118 -1.59244 -0.998998 0.0344567 0.0285643 86.7935 
0.0173558 0.0251343 0.999533 5.5462 0.0357532 0.999029 -0.0257425 -1.59847 -0.99921 0.0361833 0.0164403 86.8233 
0.01032 0.0257212 0.999616 6.07105 0.0391453 0.998892 -0.0261068 -1.61591 -0.99918 0.0393997 0.0093017 86.819 
0.00701059 0.026041 0.999636 6.59826 0.0418179 0.998779 -0.026312 -1.63433 -0.999101 0.0419871 0.00591304 86.7783 
0.000585357 0.0265815 0.999646 7.17782 0.0424988 0.998743 -0.0265824 -1.65562 -0.999096 0.0424994 -0.000545061 86.789 
-0.00597945 0.0277277 0.999598 7.75803 0.0425606 0.998717 -0.0274487 -1.66819 -0.999076 0.0423794 -0.00715189 86.8094 
-0.00967735 0.0281967 0.999555 8.35458 0.045083 0.998598 -0.0277333 -1.67829 -0.998936 0.0447946 -0.010935 86.8 
-0.0119255 0.0280314 0.999536 8.95402 0.0467619 0.998529 -0.0274453 -1.70489 -0.998835 0.0464129 -0.0132187 86.7805 
-0.0155971 0.027204 0.999508 9.54721 0.047424 0.998525 -0.0264372 -1.73736 -0.998753 0.0469883 -0.0168642 86.797 
-0.0186663 0.0259902 0.999488 10.1811 0.0507988 0.998396 -0.0250132 -1.77692 -0.998534 0.0503059 -0.0199566 86.8164 
-0.0191256 0.0251386 0.999501 10.8636 0.0547462 0.99821 -0.0240586 -1.80589 -0.998317 0.0542587 -0.0204676 86.7982 
-0.0186929 0.025262 0.999506 11.5501 0.057398 0.998059 -0.0241521 -1.82799 -0.998176 0.0569182 -0.0201067 86.807 
-0.0155106 0.025124 0.999564 12.2741 0.0588081 0.997977 -0.0241716 -1.84803 -0.998149 0.0584075 -0.0169567 86.7789 
-0.0113572 0.0248555 0.999626 12.9979 0.0621625 0.997775 -0.0241033 -1.88161 -0.998001 0.0618655 -0.012877 86.775 
-0.00746053 0.0243341 0.999676 13.7251 0.0622568 0.997776 -0.0238233 -1.9035 -0.998032 0.0620589 -0.0089589 86.7862 
-0.00239263 0.0230376 0.999732 14.5055 0.0647327 0.997641 -0.0228346 -1.92264 -0.9979 0.0646607 -0.00387828 86.7686 
0.000724024 0.0220956 0.999756 15.2644 0.0632755 0.997751 -0.0220972 -1.93747 -0.997996 0.0632761 -0.000675718 86.8025 
0.00597075 0.0194884 0.999792 16.0728 0.0609542 0.997944 -0.0198164 -1.95625 -0.998123 0.0610598 0.00477058 86.797 
0.00933165 0.018926 0.999777 16.8682 0.0602636 0.997993 -0.0194548 -1.96917 -0.998139 0.0604317 0.00817237 86.8515 
0.0142139 0.0191528 0.999715 17.6717 0.0583176 0.998099 -0.0199511 -2.0003 -0.998197 0.0585845 0.0130699 86.8686 
0.0174128 0.0233987 0.999574 18.4711 0.0553778 0.998169 -0.0243306 -2.02114 -0.998314 0.0557779 0.0160852 86.898 
0.018113 0.0284208 0.999432 19.2628 0.0501651 0.998311 -0.0292982 -2.04955 -0.998577 0.0506673 0.0166567 86.9351 
0.0181339 0.0304611 0.999371 20.0721 0.0478206 0.998365 -0.0312982 -2.0896 -0.998691 0.0483581 0.0166476 86.96 
0.0196253 0.0297693 0.999364 20.8946 0.0454214 0.998498 -0.0306355 -2.12745 -0.998775 0.0459937 0.0182437 86.9703 
0.0190047 0.0270726 0.999453 21.6904 0.043526 0.998663 -0.0278789 -2.17355 -0.998871 0.044032 0.0178009 87.0106 
0.019169 0.0260899 0.999476 22.5173 0.044426 0.99865 -0.0269205 -2.20508 -0.998829 0.0449188 0.017984 87.0279 
0.0190935 0.0255322 0.999492 23.3311 0.042025 0.99877 -0.0263167 -2.23787 -0.998934 0.0425061 0.017997 87.0679 
0.0192526 0.0261315 0.999473 24.1262 0.0396077 0.998854 -0.0268783 -2.26509 -0.99903 0.0401043 0.0181955 87.1071 
0.0197133 0.0268698 0.999444 24.941 0.036603 0.998949 -0.0275785 -2.29737 -0.999135 0.0371263 0.0187091 87.1329 
0.0192467 0.0279197 0.999425 25.7678 0.0343898 0.999 -0.0285702 -2.3353 -0.999223 0.0349199 0.0182673 87.15 
0.016294 0.0280977 0.999472 26.5935 0.0312169 0.999103 -0.0285963 -2.35713 -0.99938 0.0316663 0.0154022 87.1805 
0.0122932 0.0265676 0.999571 27.4024 0.0275462 0.999258 -0.0268982 -2.39679 -0.999545 0.0278651 0.0115522 87.2041 
0.00721293 0.0242448 0.99968 28.2018 0.0260921 0.999361 -0.0244255 -2.4288 -0.999633 0.02626 0.00657572 87.2241 
0.0019764 0.0218696 0.999759 29.0205 0.0243928 0.999462 -0.0219114 -2.46575 -0.9997 0.0244302 0.00144187 87.2268 
-0.0049683 0.0217174 0.999752 29.8313 0.0247675 0.99946 -0.021588 -2.51283 -0.999681 0.0246541 -0.00550351 87.2389 
-0.0134222 0.0226101 0.999654 30.6344 0.0250935 0.999437 -0.0222684 -2.5428 -0.999595 0.0247859 -0.013982 87.223 
-0.023157 0.0235052 0.999455 31.4621 0.0257895 0.999405 -0.0229066 -2.56381 -0.999399 0.025245 -0.0237494 87.2146 
-0.0333773 0.0229829 0.999178 32.2595 0.02787 0.999368 -0.0220563 -2.58928 -0.999054 0.0271109 -0.0339967 87.1879 
-0.0431354 0.0221962 0.998823 33.0419 0.0263268 0.999431 -0.0210728 -2.61471 -0.998722 0.0253868 -0.0436952 87.1511 
-0.0547878 0.0220696 0.998254 33.8447 0.0283902 0.999386 -0.0205366 -2.63787 -0.998094 0.0272155 -0.0553807 87.1147 
-0.0651831 0.0221189 0.997628 34.6261 0.0299047 0.999348 -0.0202032 -2.67222 -0.997425 0.0285169 -0.0658021 87.0613 
-0.0758123 0.0216818 0.996886 35.3945 0.0299424 0.999362 -0.0194586 -2.71358 -0.996672 0.0283739 -0.0764131 86.9872 
-0.0859704 0.0223837 0.996046 36.1426 0.0292238 0.999374 -0.0199362 -2.73867 -0.995869 0.0273944 -0.0865707 86.9289 
-0.0946677 0.0233161 0.995236 36.8951 0.0301702 0.999334 -0.0205424 -2.75826 -0.995052 0.0280817 -0.0953081 86.8364 
-0.103748 0.0236704 0.994322 37.646 0.030939 0.99931 -0.020561 -2.79102 -0.994122 0.0286302 -0.104409 86.7594 
-0.113822 0.02428 0.993204 38.3871 0.0304106 0.999318 -0.0209445 -2.81296 -0.993036 0.02782 -0.114482 86.6934 
-0.123508 0.0247552 0.992035 39.142 0.0312063 0.999291 -0.0210512 -2.84248 -0.991853 0.0283578 -0.124193 86.6005 
-0.131238 0.024709 0.991043 39.8636 0.0331418 0.99924 -0.0205247 -2.85763 -0.990797 0.0301513 -0.131957 86.4891 
-0.138281 0.0228945 0.990128 40.5759 0.0350259 0.99922 -0.0182131 -2.89086 -0.989773 0.0321616 -0.138975 86.3959 
-0.141998 0.0214113 0.989635 41.3042 0.0374032 0.999168 -0.0162508 -2.90839 -0.98916 0.034708 -0.14268 86.2727 
-0.146179 0.0200836 0.989054 42.031 0.0402293 0.999087 -0.0143417 -2.92385 -0.98844 0.0376925 -0.146853 86.1771 
-0.149048 0.0199004 0.98863 42.7287 0.0403345 0.999088 -0.0140301 -2.93284 -0.988007 0.0377848 -0.149715 86.0732 
-0.150892 0.0180953 0.988384 43.4067 0.0419566 0.999049 -0.0118852 -2.97124 -0.987659 0.0396759 -0.151508 85.9816 
-0.152489 0.0183015 0.988136 44.0675 0.0420684 0.999042 -0.0120116 -2.99605 -0.987409 0.0397376 -0.153113 85.8933 
-0.15227 0.0192989 0.98815 44.7286 0.0415876 0.999049 -0.0131034 -3.01592 -0.987464 0.0390995 -0.152927 85.8024 
-0.148636 0.0214394 0.98866 45.3697 0.043605 0.998935 -0.0151067 -3.02796 -0.98793 0.0408652 -0.149412 85.7141 
-0.144167 0.0216824 0.989316 46.0191 0.0440293 0.99891 -0.0154767 -3.0456 -0.988573 0.0413276 -0.144964 85.646 
-0.137015 0.0224987 0.990313 46.6151 0.0426941 0.998947 -0.016788 -3.06327 -0.989648 0.0399803 -0.137831 85.5905 
-0.126654 0.0222477 0.991697 47.1986 0.0423136 0.99896 -0.0170066 -3.08732 -0.991044 0.0398083 -0.127464 85.556 
-0.112427 0.022634 0.993402 47.7691 0.0401213 0.999029 -0.0182216 -3.09769 -0.99285 0.037808 -0.113226 85.4925 
-0.0960243 0.0239007 0.995092 48.3165 0.0391957 0.999027 -0.020213 -3.12528 -0.994607 0.0370623 -0.0968677 85.4658 
-0.0757328 0.0253063 0.996807 48.8829 0.03627 0.999086 -0.0226086 -3.15839 -0.996468 0.0344419 -0.0765815 85.4696 
-0.0521702 0.0280537 0.998244 49.4096 0.0348493 0.999048 -0.0262551 -3.18373 -0.99803 0.0334184 -0.0530982 85.4818 
-0.0234764 0.0302197 0.999267 49.9232 0.0332714 0.999013 -0.0294304 -3.19067 -0.999171 0.0325561 -0.0244587 85.4954 
0.00861964 0.0291813 0.999537 50.4414 0.0306184 0.999098 -0.0294326 -3.22052 -0.999494 0.030858 0.00771838 85.5439 
0.0481187 0.0276542 0.998459 50.954 0.030651 0.999105 -0.0291494 -3.22366 -0.998371 0.0320064 0.047228 85.5804 
0.0913662 0.0230525 0.99555 51.4542 0.0280845 0.999275 -0.0257163 -3.26234 -0.995421 0.0303091 0.0906526 85.6313 
0.137208 0.0190893 0.990358 51.9635 0.0262029 0.999394 -0.0228938 -3.27742 -0.990196 0.0290915 0.136625 85.7303 
0.187542 0.0158169 0.982129 52.4422 0.0226846 0.999534 -0.020429 -3.2879 -0.981995 0.0261105 0.187096 85.8326 
0.24067 0.0145398 0.970498 52.9262 0.0194987 0.999613 -0.0198115 -3.30673 -0.970411 0.0236915 0.240294 85.9623 
0.296896 0.0150319 0.954791 53.4063 0.0186426 0.999594 -0.0215344 -3.31269 -0.954728 0.0241932 0.296496 86.1454 
0.355897 0.0151137 0.934403 53.8669 0.0207297 0.999495 -0.0240622 -3.33383 -0.934295 0.0279335 0.355405 86.3574 
0.418065 0.0218986 0.908153 54.3116 0.018815 0.999286 -0.0327576 -3.32645 -0.908222 0.0307817 0.417354 86.5858 
0.479218 0.0256669 0.877321 54.7183 0.0197193 0.999005 -0.0399982 -3.34396 -0.877474 0.036468 0.478235 86.8471 
0.539659 0.0298244 0.841355 55.1312 0.0158144 0.998837 -0.0455506 -3.36559 -0.841735 0.0378873 0.53856 87.1381 
0.596829 0.0334642 0.80167 55.4807 0.0105003 0.998718 -0.049507 -3.38447 -0.8023 0.0379649 0.595713 87.4562 
0.651555 0.0346848 0.757808 55.8216 0.00772023 0.998599 -0.0523437 -3.40636 -0.758562 0.0399553 0.650375 87.7967 
0.701487 0.0340809 0.711866 56.1148 0.00584522 0.998547 -0.0535659 -3.41747 -0.712658 0.0417368 0.700269 88.1711 
0.74797 0.0291642 0.663091 56.3783 0.00311667 0.998869 -0.0474482 -3.46097 -0.663725 0.0375564 0.747033 88.5537 
0.790982 0.026582 0.611261 56.6202 -0.000662532 0.999092 -0.0425904 -3.47028 -0.611839 0.0332832 0.790282 88.9356 
0.82936 0.0233656 0.558225 56.8411 -0.0040162 0.999349 -0.0358629 -3.49815 -0.558699 0.0275013 0.828914 89.3619 
0.862741 0.0201846 0.505243 57.0492 -0.00593845 0.999538 -0.0297918 -3.50812 -0.505611 0.0227022 0.862463 89.7928 
0.890013 0.0221608 0.455397 57.2119 -0.0119221 0.999608 -0.0253436 -3.52486 -0.45578 0.0171268 0.889928 90.2242 
0.911249 0.0230715 0.411209 57.3485 -0.0157064 0.99965 -0.0212813 -3.54995 -0.411556 0.0129339 0.911292 90.6461 
0.927572 0.0305647 0.372391 57.4769 -0.0254609 0.999502 -0.0186168 -3.57845 -0.372775 0.00778691 0.927889 91.1061 
0.94048 0.0365161 0.337881 57.5902 -0.0320522 0.99931 -0.0187834 -3.61085 -0.338333 0.00683552 0.941001 91.5544 
0.950585 0.0391738 0.307983 57.7068 -0.0350806 0.999207 -0.0188184 -3.62139 -0.308476 0.00708416 0.951206 92.0131 
0.95734 0.035582 0.286766 57.8269 -0.0315477 0.999328 -0.0186784 -3.63579 -0.287237 0.00883468 0.957819 92.477 
0.961837 0.032742 0.271657 57.9373 -0.0288185 0.999415 -0.0184212 -3.64765 -0.272101 0.00988935 0.962218 92.9474 
0.96512 0.0368529 0.2592 58.0466 -0.0332051 0.999278 -0.0184397 -3.66321 -0.259692 0.00918968 0.965648 93.4411 
0.967218 0.0427618 0.250321 58.1463 -0.0392509 0.999049 -0.0190037 -3.66347 -0.250895 0.00855535 0.967976 93.9477 
0.968297 0.0506284 0.244617 58.2422 -0.0472732 0.99869 -0.0195722 -3.68762 -0.245287 0.0073878 0.969422 94.468 
0.96905 0.0562512 0.24037 58.3708 -0.0521644 0.998366 -0.0233371 -3.7028 -0.24129 0.0100759 0.970401 94.9701 
0.969108 0.0577759 0.239773 58.4871 -0.0530587 0.99825 -0.0260887 -3.72464 -0.240861 0.0125606 0.970478 95.5069 
0.968565 0.0570807 0.242121 58.6251 -0.0514602 0.99824 -0.0294803 -3.74672 -0.243377 0.016094 0.969798 96.0395 
0.967642 0.0560293 0.246029 58.7547 -0.0487813 0.99818 -0.0354616 -3.77172 -0.247568 0.0223124 0.968613 96.5865 
0.966323 0.0567579 0.250995 58.8796 -0.0482207 0.998034 -0.0400393 -3.79481 -0.252774 0.0265877 0.96716 97.157 
0.964922 0.0614905 0.255233 59.0265 -0.0531538 0.997807 -0.0394402 -3.82387 -0.257098 0.02449 0.966075 97.7463 
0.963305 0.0643805 0.260572 59.1814 -0.0570005 0.997732 -0.0357892 -3.8454 -0.262285 0.0196232 0.964791 98.3224 
0.962249 0.0613992 0.265156 59.3402 -0.0550722 0.997994 -0.0312381 -3.87324 -0.266542 0.0154561 0.963699 98.9337 
0.961397 0.0583042 0.268917 59.5153 -0.0534879 0.99825 -0.0252091 -3.90375 -0.269916 0.00985212 0.962833 99.526 
0.960692 0.0550145 0.272109 59.6943 -0.0511799 0.998465 -0.0211754 -3.91674 -0.272856 0.00641651 0.962033 100.137 
0.960206 0.0500108 0.274778 59.8755 -0.0461219 0.998723 -0.0206004 -3.93691 -0.275457 0.00710729 0.961287 100.737 
0.960376 0.0467969 0.274751 60.0618 -0.0421957 0.998853 -0.0226371 -3.97276 -0.275495 0.0101468 0.961249 101.359 
0.960603 0.0464738 0.274012 60.2348 -0.0400021 0.998774 -0.0291623 -4.00391 -0.275031 0.0170523 0.961284 101.984 
0.960808 0.0489754 0.272855 60.4113 -0.0407574 0.998531 -0.0357095 -4.02504 -0.274203 0.023189 0.961392 102.634 
0.96145 0.0529351 0.269836 60.595 -0.0438442 0.998253 -0.0396116 -4.04048 -0.271461 0.0262537 0.962091 103.315 
0.962306 0.050418 0.267255 60.7726 -0.0422267 0.998448 -0.0363131 -4.05846 -0.268671 0.0236589 0.962941 104.013 
0.962844 0.046506 0.266023 60.9599 -0.0403714 0.998779 -0.0284861 -4.08489 -0.267023 0.0166878 0.963545 104.718 
0.963692 0.0462828 0.262974 61.1452 -0.0418618 0.998872 -0.0223932 -4.12508 -0.263714 0.0105715 0.964543 105.417 
0.963968 0.0493747 0.261395 61.3213 -0.0449397 0.998727 -0.0229215 -4.15395 -0.262194 0.0103486 0.96496 106.146 
0.964274 0.05517 0.259098 61.487 -0.0495531 0.998374 -0.0281653 -4.17345 -0.26023 0.0143199 0.96544 106.873 
0.965541 0.0556215 0.254238 61.6836 -0.0487735 0.998259 -0.0331655 -4.19264 -0.25564 0.0196225 0.966573 107.598 
0.966645 0.0539265 0.250378 61.8609 -0.0464493 0.998283 -0.035682 -4.23606 -0.251872 0.0228618 0.96749 108.352 
0.967693 0.0515417 0.246808 62.0442 -0.0443056 0.998412 -0.0347872 -4.26298 -0.248209 0.0227282 0.96844 109.122 
0.968748 0.0472862 0.243498 62.2301 -0.0405606 0.998646 -0.0325638 -4.29852 -0.244708 0.0216696 0.969354 109.913 
0.969236 0.0463691 0.241724 62.4153 -0.0403179 0.998739 -0.0299233 -4.33207 -0.242807 0.0192569 0.969883 110.699 
0.969876 0.0422457 0.239906 62.6154 -0.0366384 0.998942 -0.0277874 -4.35656 -0.240826 0.0181605 0.970398 111.479 
0.970132 0.037815 0.23961 62.8058 -0.032456 0.999128 -0.0262739 -4.38939 -0.240395 0.0177123 0.970514 112.281 
0.970382 0.0378334 0.238595 62.9918 -0.0330143 0.999163 -0.0241639 -4.43266 -0.239309 0.0155711 0.970818 113.066 
0.970035 0.0439138 0.238964 63.1727 -0.0387573 0.998904 -0.0262375 -4.45865 -0.239854 0.0161896 0.970674 113.88 
0.969541 0.0496997 0.239832 63.3402 -0.0438397 0.998597 -0.0297109 -4.49003 -0.240972 0.0182917 0.97036 114.703 
0.968933 0.0585957 0.240282 63.5285 -0.0527176 0.998134 -0.0308249 -4.52633 -0.24164 0.0172001 0.970213 115.505 
0.967709 0.065843 0.243318 63.7052 -0.0604344 0.997732 -0.0296353 -4.56482 -0.244717 0.0139735 0.969494 116.306 
0.966901 0.0683147 0.245837 63.9116 -0.0631831 0.997589 -0.0287116 -4.58899 -0.247205 0.0122284 0.968886 117.159 
0.966179 0.0698842 0.248224 64.1126 -0.06447 0.997472 -0.0298848 -4.61561 -0.249685 0.012871 0.968242 117.993 
0.96605 0.0681694 0.249199 64.3281 -0.06205 0.997549 -0.0323397 -4.65612 -0.250793 0.0157789 0.967912 118.82 
0.96624 0.0615629 0.250181 64.5487 -0.0554003 0.997964 -0.031608 -4.68641 -0.251618 0.0166807 0.967683 119.651 
0.966656 0.0548173 0.250143 64.7524 -0.0481348 0.998303 -0.0327595 -4.72513 -0.251514 0.0196265 0.967654 120.488 
0.966295 0.055149 0.25146 64.9611 -0.0484713 0.99829 -0.0326777 -4.77028 -0.252832 0.0193876 0.967316 121.324 
0.965537 0.0580891 0.253699 65.154 -0.0523476 0.998198 -0.0293296 -4.81694 -0.254946 0.0150382 0.966838 122.171 
0.965072 0.0603798 0.254931 65.3543 -0.0563498 0.998144 -0.0230895 -4.86512 -0.255852 0.00791764 0.966683 122.981 
0.964686 0.0627287 0.255826 65.559 -0.0598148 0.998025 -0.0191634 -4.89763 -0.256523 0.00318442 0.966533 123.82 
0.96442 0.0618282 0.257043 65.7549 -0.0570996 0.998034 -0.0258274 -4.93438 -0.258135 0.0102313 0.966055 124.631 
0.964857 0.0589468 0.256078 65.9758 -0.0507606 0.99797 -0.0384672 -4.99359 -0.257825 0.0241166 0.96589 125.432 
0.965017 0.056775 0.255965 66.1675 -0.0457461 0.997758 -0.0488427 -5.02154 -0.258164 0.0354246 0.965451 126.272 
0.965306 0.0532222 0.255638 66.3718 -0.0444936 0.998216 -0.0398117 -5.05428 -0.257301 0.0270561 0.965952 127.1 
0.965762 0.0469155 0.255153 66.5826 -0.0435472 0.998874 -0.0188381 -5.09801 -0.255749 0.00708185 0.966717 127.946 
0.966118 0.0419402 0.254672 66.7894 -0.042471 0.999092 -0.00341705 -5.13765 -0.254584 -0.00751497 0.967021 128.784 
0.9661 0.046721 0.253905 66.9769 -0.0458032 0.998905 -0.00952901 -5.16315 -0.254072 -0.00242374 0.967182 129.582 
0.966273 0.055953 0.251366 67.1642 -0.0512745 0.998368 -0.0251291 -5.19698 -0.252362 0.0113929 0.967566 130.376 
0.966633 0.0553922 0.250105 67.3557 -0.0485819 0.998263 -0.0333269 -5.21722 -0.251517 0.0200642 0.967645 131.169 
0.967578 0.0510536 0.247358 67.5534 -0.0440271 0.998456 -0.0338588 -5.25478 -0.248704 0.0218706 0.968332 131.957 
0.968199 0.0514357 0.244836 67.7361 -0.0448951 0.998472 -0.0322247 -5.29129 -0.246119 0.0202079 0.969029 132.744 
0.969144 0.050806 0.241201 67.9231 -0.0440504 0.998473 -0.0333218 -5.32421 -0.242526 0.0216686 0.969903 133.545 
0.970285 0.0520484 0.2363 68.1069 -0.0450392 0.998373 -0.0349677 -5.35942 -0.237736 0.0232858 0.971051 134.349 
0.970697 0.0583478 0.233116 68.2856 -0.0516462 0.99806 -0.0347548 -5.41376 -0.234692 0.0216967 0.971828 135.146 
0.970978 0.0633732 0.23062 68.4563 -0.0569271 0.997782 -0.0345057 -5.45737 -0.232296 0.0203756 0.972432 135.949 
0.971471 0.0647174 0.228155 68.6339 -0.0586665 0.997725 -0.0332118 -5.48142 -0.229785 0.0188792 0.973058 136.738 
0.971912 0.0616846 0.227116 68.8116 -0.0567996 0.997993 -0.0279889 -5.53108 -0.228387 0.0143026 0.973465 137.529 
0.972458 0.0596267 0.225324 68.9785 -0.0546197 0.998103 -0.0283961 -5.56105 -0.22659 0.0153068 0.97387 138.309 
0.973168 0.0576088 0.222769 69.1525 -0.0519644 0.998164 -0.031122 -5.59996 -0.224152 0.0187108 0.974374 139.094 
0.974351 0.0522986 0.218871 69.2989 -0.0458441 0.998354 -0.0344695 -5.64013 -0.220314 0.0235514 0.975145 139.893 
0.976164 0.0485502 0.211536 69.4664 -0.0418452 0.998473 -0.036062 -5.66222 -0.212963 0.0263506 0.976705 140.66 
0.977664 0.0473278 0.204775 69.6138 -0.0420787 0.998666 -0.0299151 -5.70808 -0.205918 0.0206302 0.978352 141.429 
0.979173 0.0432391 0.198369 69.7699 -0.0396723 0.998972 -0.021922 -5.72181 -0.199112 0.0135956 0.979882 142.241 
0.979887 0.040685 0.195359 69.9036 -0.0389537 0.99916 -0.0126981 -5.73873 -0.195711 0.00483264 0.98065 143.031 
0.980297 0.0478989 0.191633 70.0332 -0.0469588 0.998852 -0.00944717 -5.77425 -0.191866 0.000262085 0.981421 143.832 
0.981237 0.0493025 0.186397 70.1607 -0.0476301 0.998774 -0.0134432 -5.80677 -0.186831 0.00431278 0.982383 144.601 
0.982509 0.050588 0.179212 70.2859 -0.0470717 0.998607 -0.0238225 -5.8309 -0.180167 0.01497 0.983522 145.389 
0.98382 0.0482723 0.172531 70.4205 -0.0439277 0.998616 -0.0289145 -5.85324 -0.173688 0.0208677 0.98458 146.203 
0.98484 0.0475438 0.166825 70.5209 -0.043561 0.998673 -0.0274551 -5.88597 -0.167909 0.0197718 0.985604 147.013 
0.985765 0.0537037 0.159321 70.6285 -0.0505729 0.99844 -0.0236443 -5.91126 -0.160342 0.0152503 0.986944 147.819 
0.986676 0.0588004 0.1517 70.726 -0.0557106 0.998145 -0.0245426 -5.95112 -0.152862 0.0157642 0.988122 148.635 
0.988136 0.0612694 0.140831 70.8269 -0.0575574 0.997883 -0.0302865 -5.97862 -0.142388 0.0218212 0.98957 149.439 
0.989397 0.0597681 0.132371 70.9171 -0.0560305 0.997923 -0.0317866 -6.01659 -0.133996 0.0240327 0.99069 150.233 
0.990478 0.0605595 0.123636 71.0132 -0.0573171 0.997916 -0.0296201 -6.0367 -0.125172 0.0222515 0.991885 151.034 
0.991146 0.0635588 0.116576 71.074 -0.0614268 0.997874 -0.0217957 -6.07739 -0.117713 0.0144418 0.992943 151.855 
0.991758 0.0680356 0.108571 71.1361 -0.0666393 0.997642 -0.0164428 -6.10292 -0.109434 0.00907209 0.993953 152.682 
0.992694 0.0665076 0.100675 71.2125 -0.0655696 0.997768 -0.0126018 -6.13295 -0.101288 0.00590844 0.994839 153.516 
0.993207 0.066923 0.09519 71.2603 -0.0662832 0.997752 -0.00987244 -6.15766 -0.0956366 0.0034958 0.99541 154.335 
0.993624 0.0662839 0.0912064 71.3193 -0.0654147 0.99778 -0.012491 -6.17017 -0.0918318 0.00644499 0.995754 155.152 
0.99364 0.0711205 0.0872968 71.3489 -0.0698149 0.997399 -0.0179243 -6.18915 -0.0883444 0.0117156 0.996021 155.991 
0.993552 0.0773784 0.0828633 71.4013 -0.0756191 0.996844 -0.0241686 -6.21164 -0.0844719 0.0177467 0.996268 156.791 
0.993747 0.0782735 0.0796289 71.4455 -0.0763604 0.99672 -0.0267997 -6.23309 -0.0814653 0.0205515 0.996464 157.614 
0.993845 0.0794257 0.077228 71.4829 -0.0780842 0.996741 -0.0202433 -6.26245 -0.0785841 0.0140884 0.996808 158.448 
0.993732 0.0822408 0.0757113 71.5248 -0.0817322 0.996606 -0.00979867 -6.2852 -0.0762601 0.00354913 0.997082 159.294 
0.993844 0.0835087 0.0727972 71.5693 -0.0835933 0.996498 -0.00189057 -6.30883 -0.0727 -0.00420651 0.997345 160.122 
0.994512 0.0795251 0.0679881 71.6063 -0.0793334 0.996833 -0.00551989 -6.31797 -0.0682117 9.57797e-05 0.997671 160.948 
0.995674 0.0679646 0.0633616 71.6334 -0.0672642 0.997649 -0.0131255 -6.37736 -0.0641046 0.00880672 0.997904 161.733 
0.996255 0.066356 0.0554258 71.6823 -0.0654811 0.997701 -0.0174587 -6.39739 -0.0564568 0.0137639 0.99831 162.539 
0.996355 0.0703921 0.0481773 71.7108 -0.0697391 0.997451 -0.0151086 -6.43565 -0.0491179 0.0116936 0.998724 163.375 
0.996852 0.0678696 0.0409865 71.7281 -0.0675827 0.997679 -0.00834816 -6.45989 -0.0414579 0.00555182 0.999125 164.209 
0.99743 0.0630134 0.0340999 71.7435 -0.062906 0.99801 -0.00421577 -6.47765 -0.0342977 0.00205977 0.999409 165.049 
0.998241 0.0522666 0.027993 71.7696 -0.0522796 0.998632 -0.000269855 -6.48418 -0.0279688 -0.00119417 0.999608 165.868 
0.998632 0.0478502 0.0210647 71.7859 -0.0478708 0.998853 0.000471255 -6.50378 -0.0210179 -0.00147907 0.999778 166.7 
0.99889 0.0447309 0.0147745 71.7829 -0.0446492 0.998986 -0.00582635 -6.52668 -0.01502 0.00516013 0.999874 167.519 
0.999288 0.037203 0.00633826 71.801 -0.0371011 0.999191 -0.0155072 -6.54624 -0.00690996 0.0152609 0.99986 168.33 
0.999618 0.0276368 -0.00059961 71.8166 -0.0276433 0.999441 -0.0188091 -6.5698 7.95355e-05 0.0188184 0.999823 169.153 
0.999484 0.0312663 -0.00729152 71.8003 -0.0313433 0.999452 -0.0106768 -6.59429 0.00695378 0.0108998 0.999916 170.002 
0.999091 0.0409425 -0.0118773 71.7597 -0.04092 0.99916 0.00214151 -6.59969 0.0119551 -0.00165362 0.999927 170.845 
0.99881 0.0460154 -0.0161714 71.7183 -0.0458606 0.998899 0.00982393 -6.61359 0.0166057 -0.00907069 0.999821 171.703 
0.99882 0.0440519 -0.0204526 71.6979 -0.0439188 0.999011 0.00691737 -6.61712 0.0207371 -0.00601104 0.999767 172.535 
0.998635 0.0469142 -0.0229769 71.6626 -0.0469902 0.998891 -0.00277307 -6.6384 0.0228214 0.00384889 0.999732 173.358 
0.998 0.0577185 -0.0257681 71.6134 -0.0580312 0.998248 -0.0115549 -6.65607 0.0250561 0.013027 0.999601 174.179 
0.997994 0.0569227 -0.0277215 71.5662 -0.0573548 0.99824 -0.0150446 -6.67197 0.0268164 0.0166043 0.999502 175.037 
0.998219 0.0515627 -0.0300154 71.542 -0.0519029 0.998595 -0.0106661 -6.6813 0.0294234 0.012205 0.999492 175.877 
0.998215 0.0520742 -0.0292223 71.4997 -0.052161 0.998636 -0.00221201 -6.69196 0.0290674 0.00373225 0.99957 176.75 
0.998189 0.0532584 -0.0279493 71.4389 -0.0531863 0.998579 0.00332034 -6.7037 0.0280865 -0.00182789 0.999604 177.611 
0.998176 0.0529298 -0.0290407 71.3989 -0.052885 0.998598 0.00231092 -6.71582 0.0291224 -0.000770967 0.999575 178.443 
0.99824 0.0502511 -0.031497 71.3562 -0.0504842 0.998703 -0.006645 -6.73107 0.0311223 0.00822332 0.999482 179.28 
0.998552 0.0407208 -0.0351475 71.3412 -0.0413466 0.998996 -0.0172649 -6.75781 0.0344092 0.018693 0.999233 180.126 
0.998867 0.0303698 -0.0366497 71.3064 -0.031198 0.999266 -0.0222404 -6.7659 0.0359474 0.0233586 0.999081 180.979 
0.998785 0.0317084 -0.0377333 71.2644 -0.0323975 0.999317 -0.0177893 -6.78046 0.0371435 0.0189901 0.999129 181.833 
0.998538 0.0385797 -0.0378683 71.192 -0.0388952 0.999214 -0.00762974 -6.80471 0.0375443 0.0090914 0.999254 182.687 
0.998414 0.039484 -0.0401273 71.1478 -0.0396557 0.999207 -0.00348911 -6.83218 0.0399578 0.00507477 0.999188 183.543 
0.998505 0.0366155 -0.040591 71.0918 -0.0370044 0.999276 -0.00886836 -6.82949 0.040237 0.0103571 0.999136 184.401 
0.99842 0.038914 -0.040522 71.0421 -0.0395352 0.999111 -0.0146419 -6.84776 0.0399163 0.0162208 0.999071 185.261 
0.998126 0.0456998 -0.0406874 70.9852 -0.0463309 0.998818 -0.0147018 -6.86466 0.0399676 0.0165592 0.999064 186.1 
0.997925 0.0503035 -0.040185 70.9206 -0.0507816 0.99865 -0.0109644 -6.89304 0.0395793 0.0129822 0.999132 186.957 
0.997731 0.0535288 -0.0408305 70.8778 -0.0538513 0.998525 -0.00683829 -6.92226 0.0404044 0.00902148 0.999143 187.797 
0.997487 0.0584422 -0.0400601 70.8224 -0.0586731 0.998267 -0.00461117 -6.93494 0.0397213 0.00694995 0.999187 188.634 
0.997362 0.0598743 -0.0410383 70.7787 -0.0601131 0.998181 -0.00460657 -6.94901 0.040688 0.00706128 0.999147 189.459 
0.99735 0.059931 -0.0412369 70.723 -0.0603017 0.99815 -0.00780124 -6.96552 0.0406932 0.0102671 0.999119 190.258 
