1 -4.23778e-08 4.22719e-08 0 -4.23778e-08 1 -4.19404e-08 0 4.22719e-08 -4.19404e-08 1 0 
0.999014 0.00323345 0.044271 0.0205588 -0.00317221 0.999994 -0.00145546 -0.0578106 -0.0442754 0.00131351 0.999018 1.04308 
0.995722 -0.00186571 0.092375 -0.0978275 0.00259774 0.999966 -0.00780593 -0.0161772 -0.0923572 0.00801243 0.995694 2.35895 
0.990601 -0.00323891 0.136746 0.121738 0.00485032 0.999923 -0.0114531 -0.0776967 -0.136698 0.0120086 0.99054 3.28301 
0.983295 -0.000724764 0.18202 0.311418 0.00312867 0.999912 -0.0129205 -0.198484 -0.181994 0.0132741 0.98321 3.93949 
0.974114 -0.00824575 0.225907 -0.259601 0.0114368 0.999852 -0.0128209 -0.128764 -0.225767 0.0150726 0.974065 3.65916 
0.962589 -0.00825077 0.270841 0.363361 0.0127913 0.999806 -0.0150039 -0.0872388 -0.270665 0.0179069 0.962507 5.09361 
0.948898 -0.00968601 0.315433 0.703091 0.0162039 0.999706 -0.0180477 -0.108679 -0.315165 0.0222366 0.948776 6.09073 
0.934291 -0.0121943 0.356303 1.04433 0.0199326 0.999638 -0.018055 -0.168778 -0.355954 0.0239706 0.934196 6.97096 
0.917017 -0.0133949 0.398623 1.37846 0.0223908 0.999589 -0.0179204 -0.231794 -0.398219 0.0253587 0.91694 7.71506 
0.897533 -0.013406 0.440743 1.79936 0.0223411 0.999636 -0.0150901 -0.291462 -0.44038 0.0233905 0.897507 8.52437 
0.876723 -0.0159623 0.480731 2.28693 0.0263378 0.999543 -0.0148442 -0.342239 -0.480274 0.0256756 0.876742 9.27783 
0.853371 -0.0156083 0.52107 2.85553 0.026839 0.999541 -0.0140146 -0.354759 -0.520613 0.0259446 0.853399 10.1488 
0.828006 -0.016772 0.560469 3.45547 0.0294247 0.999475 -0.0135613 -0.382295 -0.559947 0.0277204 0.828065 11.0408 
0.800804 -0.019318 0.598615 4.06267 0.033255 0.999372 -0.0122365 -0.434969 -0.598003 0.0297059 0.800943 11.8402 
0.771664 -0.0187706 0.635753 4.42157 0.0338232 0.999361 -0.0115479 -0.507643 -0.63513 0.0304142 0.771806 12.3773 
0.741586 -0.0133527 0.670725 4.63542 0.0300938 0.999457 -0.0133762 -0.553884 -0.670182 0.0301042 0.741585 12.735 
0.70826 -0.0134953 0.705822 5.23097 0.0314114 0.999429 -0.0124109 -0.637115 -0.705252 0.0309609 0.70828 13.498 
0.672853 -0.0130232 0.739661 5.81286 0.0328782 0.999383 -0.0123126 -0.684673 -0.739045 0.0326032 0.672866 14.2268 
0.638067 -0.0149032 0.769836 6.54363 0.0386516 0.999172 -0.012693 -0.668891 -0.76901 0.0378544 0.638115 14.7938 
0.597718 -0.0103237 0.80164 6.97606 0.034677 0.999314 -0.0129866 -0.722442 -0.800956 0.0355607 0.597666 15.35 
0.558441 -0.0087755 0.829498 7.77532 0.038798 0.999126 -0.01555 -0.719275 -0.828636 0.0408666 0.558294 16.0792 
0.518302 -0.00708254 0.855168 8.56541 0.0431466 0.998909 -0.0178775 -0.751818 -0.854108 0.0461636 0.518042 16.627 
0.478458 -0.00601537 0.87809 9.36528 0.0446512 0.998849 -0.0174872 -0.78729 -0.876974 0.0475747 0.478176 17.1315 
0.439734 -0.0074309 0.898097 10.3523 0.0491961 0.998664 -0.0158249 -0.795116 -0.89678 0.0511417 0.439512 17.5781 
0.403014 -0.00865297 0.915153 11.2099 0.0508253 0.998624 -0.0129403 -0.912025 -0.913781 0.051728 0.402899 17.8196 
0.366284 -0.00747731 0.930473 12.0148 0.0527563 0.998526 -0.0127436 -0.989261 -0.929006 0.0537561 0.366139 18.1874 
0.331848 -0.00831173 0.943296 12.7415 0.0513522 0.998638 -0.00926627 -1.01588 -0.941934 0.0515154 0.331823 18.5386 
0.298959 -0.0103057 0.95421 13.7059 0.0536121 0.998544 -0.0060125 -1.04382 -0.952759 0.0529547 0.299076 18.8279 
0.266296 -0.0100949 0.963838 14.8035 0.0540224 0.99853 -0.00446756 -1.04509 -0.962376 0.0532586 0.26645 19.0905 
0.23381 -0.00799202 0.972249 15.7917 0.0514282 0.998668 -0.00415857 -1.08948 -0.970921 0.0509734 0.23391 19.3382 
0.20454 -0.00563376 0.978842 16.9385 0.0523151 0.998617 -0.00518437 -1.08664 -0.977459 0.0522686 0.204552 19.5026 
0.172986 -0.00575462 0.984907 18.1583 0.0554244 0.998455 -0.00390088 -1.12731 -0.983364 0.0552627 0.173038 19.8147 
0.141153 -0.00572147 0.989971 19.1519 0.0549806 0.998485 -0.00206868 -1.14648 -0.98846 0.0547212 0.141253 19.9872 
0.109742 -0.00418135 0.993951 20.1955 0.0508018 0.998708 -0.00140775 -1.09606 -0.992661 0.050649 0.109813 20.1192 
0.0810991 -0.0053537 0.996692 21.148 0.052502 0.99862 0.00109198 -1.12585 -0.995322 0.0522397 0.0812683 20.1809 
0.0512073 -0.008679 0.99865 21.8952 0.0539393 0.998527 0.00591202 -1.19708 -0.99723 0.0535637 0.0516 20.2858 
0.0258302 -0.00797461 0.999634 22.9433 0.0574136 0.998329 0.00648057 -1.20308 -0.998016 0.0572252 0.0262449 20.3375 
-0.000394492 -0.00901308 0.999959 23.4485 0.0621129 0.998028 0.0090201 -1.2678 -0.998069 0.0621139 0.000166111 20.4543 
-0.0204962 -0.00870721 0.999752 24.6055 0.0685101 0.997599 0.0100929 -1.28021 -0.99744 0.0686999 -0.0198505 20.4526 
-0.0386603 -0.0102503 0.9992 25.6693 0.072834 0.997259 0.0130484 -1.2892 -0.996594 0.0732802 -0.0378078 20.4538 
-0.0567575 -0.00930245 0.998345 26.8703 0.0730817 0.997235 0.0134468 -1.28475 -0.99571 0.073724 -0.0559208 20.4249 
-0.0727681 -0.0107612 0.997291 28.0749 0.0748224 0.997065 0.0162182 -1.29695 -0.994538 0.0757998 -0.0717494 20.3765 
-0.0886532 -0.0121348 0.995989 29.1698 0.0750893 0.996999 0.0188308 -1.3111 -0.993228 0.0764575 -0.0874759 20.4374 
-0.101404 -0.0121844 0.994771 30.3846 0.0753581 0.996958 0.019893 -1.29518 -0.991987 0.0769813 -0.100178 20.3334 
-0.113941 -0.00876578 0.993449 31.5305 0.0740832 0.997102 0.0172948 -1.26796 -0.990721 0.0755685 -0.112962 20.2592 
-0.125073 -0.00631552 0.992127 32.7158 0.0722401 0.997267 0.0154551 -1.28863 -0.989514 0.0736044 -0.124275 20.1113 
-0.135454 -0.00338063 0.990778 33.9826 0.0741779 0.997153 0.0135435 -1.25189 -0.988003 0.0753284 -0.134818 19.9838 
-0.144314 -0.00340818 0.989526 35.2226 0.0733299 0.997208 0.0141291 -1.25325 -0.986811 0.0746009 -0.143661 19.8287 
-0.153512 -0.0054202 0.988132 36.4612 0.0741157 0.997105 0.0169836 -1.30341 -0.985363 0.0758433 -0.152666 19.71 
-0.159606 -0.0043218 0.987171 37.7908 0.0756811 0.996994 0.0166009 -1.29719 -0.984275 0.0773598 -0.1588 19.5298 
-0.166064 -0.00275728 0.986111 39.1581 0.0766316 0.996936 0.0156925 -1.28115 -0.983133 0.0781733 -0.165344 19.3639 
-0.170755 -0.00184314 0.985312 39.9544 0.0800132 0.99667 0.0157307 -1.22689 -0.982059 0.0815241 -0.170039 19.3352 
-0.178541 -0.00308338 0.983928 41.2327 0.0763855 0.996934 0.0169847 -1.22474 -0.980963 0.0781903 -0.177758 19.4842 
-0.190962 -0.00314771 0.981592 42.3673 0.0725321 0.997216 0.0173083 -1.21317 -0.978914 0.0745022 -0.190202 19.8997 
-0.195191 -0.00368952 0.980758 43.809 0.0731211 0.997155 0.0183037 -1.17017 -0.978036 0.0752869 -0.194366 19.755 
-0.198778 -0.00211869 0.980042 45.2931 0.0734135 0.997156 0.0170458 -1.16602 -0.977291 0.0753367 -0.198057 19.4811 
-0.200658 -0.00326421 0.979656 46.756 0.0762656 0.996907 0.0189427 -1.15609 -0.976688 0.0785151 -0.199789 19.2277 
-0.201384 -0.00162617 0.979511 48.1598 0.0795542 0.996668 0.0180107 -1.14303 -0.976276 0.0815513 -0.200584 18.9483 
-0.202681 -0.00200183 0.979243 49.5644 0.0764516 0.996913 0.0178616 -1.14903 -0.976256 0.0784849 -0.201903 18.7251 
-0.205473 -0.000868455 0.978662 51.1341 0.0713391 0.997326 0.0158628 -1.13076 -0.976059 0.0730763 -0.204862 18.6665 
-0.207192 -0.00131687 0.978299 52.7861 0.071667 0.997292 0.0165206 -1.15703 -0.975672 0.0735347 -0.206537 18.5507 
-0.207139 -0.00341969 0.978305 54.2562 0.0681922 0.997511 0.0179253 -1.17381 -0.975932 0.0704258 -0.206391 18.2924 
-0.207943 -0.00431687 0.978131 55.6192 0.0686349 0.997461 0.0189934 -1.26888 -0.97573 0.0710835 -0.207119 18.1082 
-0.208275 -0.00525209 0.978056 56.8459 0.0679185 0.997494 0.0198195 -1.34413 -0.975709 0.070556 -0.207396 17.9298 
-0.207517 -0.00365095 0.978224 58.4349 0.0691665 0.997435 0.0183953 -1.30752 -0.975783 0.0714777 -0.206732 17.6549 
-0.208481 -0.003877 0.978019 60.0695 0.0682098 0.997499 0.0184942 -1.29346 -0.975645 0.0705661 -0.207695 17.3517 
-0.208101 -0.00539589 0.978092 61.7547 0.0696544 0.997364 0.0203219 -1.27362 -0.975624 0.0723575 -0.207176 17.0247 
-0.20845 -0.00745626 0.978005 63.3027 0.0709576 0.99722 0.0227265 -1.253 -0.975456 0.0741342 -0.207341 16.7071 
-0.209743 -0.00572221 0.97774 64.9515 0.0744387 0.996987 0.0218032 -1.24923 -0.974919 0.0773547 -0.208685 16.5197 
-0.209563 -0.00356988 0.977788 66.4457 0.0758264 0.996923 0.019891 -1.24291 -0.97485 0.0783106 -0.208648 16.2323 
-0.20851 -0.00342546 0.978014 67.9956 0.0764443 0.996877 0.0197892 -1.22088 -0.975028 0.0788899 -0.207597 15.9104 
-0.207437 -0.00393 0.97824 69.69 0.0759468 0.996909 0.0201096 -1.21765 -0.975296 0.0784657 -0.206498 15.5361 
-0.20703 -0.00569241 0.978318 71.4368 0.0760335 0.996865 0.0218904 -1.20987 -0.975375 0.0789169 -0.205948 15.1871 
-0.21125 -0.00527102 0.977418 72.9256 0.0771848 0.996773 0.0220574 -1.18611 -0.97438 0.0801015 -0.210162 15.1397 
-0.211717 -0.00614317 0.977312 74.5572 0.0808175 0.996445 0.0237711 -1.19034 -0.973984 0.0840166 -0.210468 14.8597 
-0.213455 -0.0037921 0.976946 76.3545 0.0812815 0.996456 0.0216271 -1.14536 -0.973566 0.084024 -0.21239 14.5111 
-0.215612 -0.00234444 0.976476 78.0209 0.0818792 0.996432 0.0204717 -1.1101 -0.97304 0.0843671 -0.214651 14.2756 
-0.216138 -0.0023607 0.97636 79.7437 0.0816531 0.99645 0.0204849 -1.09093 -0.972942 0.0841504 -0.215178 13.9307 
-0.216478 -0.00147714 0.976286 81.4932 0.0826709 0.996379 0.0198386 -1.08571 -0.972781 0.0850052 -0.215572 13.5389 
-0.218398 -0.00327217 0.975854 83.1481 0.082009 0.996395 0.0216947 -1.1059 -0.972408 0.0847669 -0.217342 13.2456 
-0.217857 -0.00361967 0.975974 84.8988 0.0833108 0.996274 0.0222915 -1.06828 -0.972418 0.0861656 -0.216744 12.8667 
-0.22168 -0.00649733 0.975098 86.5482 0.0800576 0.996481 0.0248401 -1.1185 -0.971828 0.0835706 -0.220379 12.6465 
-0.224194 -0.00526215 0.97453 88.2545 0.0807938 0.996443 0.0239673 -1.09842 -0.97119 0.0841093 -0.222972 12.3054 
-0.229986 -0.00608498 0.973175 90.0367 0.0802417 0.996457 0.0251936 -1.13484 -0.96988 0.0838834 -0.228683 12.0543 
-0.236049 -0.00592165 0.971723 91.8716 0.0805615 0.99642 0.025642 -1.12334 -0.968396 0.0843363 -0.234727 11.7091 
-0.241204 -0.00791179 0.970442 93.6418 0.0759949 0.996742 0.0270147 -1.10695 -0.967494 0.0802647 -0.239817 11.3079 
-0.246067 -0.0101048 0.9692 95.4719 0.0739327 0.996837 0.0291633 -1.09858 -0.966429 0.0788317 -0.244542 10.8778 
-0.251407 -0.00925953 0.967837 97.3018 0.0761201 0.996668 0.0293084 -1.10169 -0.964883 0.0810402 -0.249865 10.4876 
-0.257729 -0.00833674 0.966181 98.8772 0.0801834 0.996329 0.0299857 -1.11177 -0.962884 0.0851999 -0.256114 10.175 
-0.262004 -0.00552877 0.965051 100.693 0.0794464 0.996466 0.0272778 -1.04564 -0.961791 0.0838167 -0.260639 9.73188 
-0.265959 -0.00625727 0.963964 102.549 0.0810153 0.996296 0.0288193 -1.05185 -0.960574 0.0857605 -0.264466 9.24701 
-0.270206 -0.00545965 0.962787 104.445 0.0815086 0.996264 0.0285248 -1.0201 -0.959346 0.086183 -0.268752 8.73572 
-0.275199 -0.00706369 0.961361 106.182 0.0808472 0.996261 0.0304633 -1.02332 -0.957982 0.0861068 -0.273599 8.2803 
-0.281824 -0.00831364 0.95943 108.007 0.0803231 0.996248 0.0322268 -0.989969 -0.956098 0.0861467 -0.280099 7.81251 
-0.287383 -0.00713228 0.957789 109.955 0.0800457 0.996295 0.0314365 -0.910119 -0.954465 0.0857012 -0.285748 7.26544 
-0.292441 -0.00615484 0.956264 111.872 0.0814064 0.996189 0.0313071 -0.87199 -0.952812 0.0870015 -0.290825 6.7248 
-0.298403 -0.00574425 0.954423 113.776 0.0799068 0.996321 0.0309795 -0.820924 -0.951089 0.0855092 -0.296846 6.17635 
-0.304089 -0.00695402 0.952618 115.684 0.0785721 0.996383 0.0323547 -0.773199 -0.949398 0.0846879 -0.302443 5.59075 
-0.307922 -0.0063864 0.95139 117.538 0.0797498 0.996285 0.0324991 -0.719927 -0.948063 0.0858804 -0.306269 4.96182 
-0.309497 -0.00338819 0.950894 119.277 0.080622 0.996299 0.0297908 -0.599154 -0.947476 0.0858832 -0.308079 4.27982 
-0.313961 -0.00295394 0.949431 121.22 0.0824933 0.996128 0.0303783 -0.57883 -0.945845 0.0878593 -0.312501 3.65676 
-0.317727 -0.00310859 0.948177 122.954 0.0857078 0.995807 0.0319847 -0.561244 -0.944301 0.0914286 -0.316128 3.04416 
-0.320202 -0.00178676 0.947348 124.913 0.0890146 0.995517 0.0319643 -0.485694 -0.943158 0.0945628 -0.318607 2.36823 
-0.323391 -0.00107326 0.946265 126.837 0.0913055 0.995298 0.032333 -0.432732 -0.94185 0.0968554 -0.321772 1.74319 
-0.325469 0.00257624 0.945549 128.961 0.0957475 0.994946 0.0302466 -0.332856 -0.940692 0.100378 -0.324071 1.02254 
-0.328191 0.00193354 0.944609 130.874 0.0930079 0.995205 0.0302771 -0.271119 -0.940021 0.0977928 -0.326797 0.374342 
-0.331583 0.002595 0.943423 133.067 0.0895986 0.995563 0.0287525 -0.202488 -0.939162 0.0940632 -0.330344 -0.334942 
-0.335834 0.00506934 0.941907 135.045 0.0885061 0.995731 0.0261975 -0.126197 -0.937754 0.0921626 -0.334849 -0.999094 
-0.341206 0.00417209 0.939979 136.771 0.089045 0.995637 0.0279035 -0.139254 -0.935761 0.0932213 -0.340089 -1.56369 
-0.34802 0.00361442 0.93748 138.673 0.0890308 0.9956 0.0292123 -0.144482 -0.93325 0.0936311 -0.346811 -2.07689 
-0.355461 0.00352517 0.934684 140.452 0.0887003 0.995607 0.0299777 -0.131963 -0.930473 0.0935627 -0.354212 -2.48949 
-0.360697 0.00283395 0.932679 142.306 0.0872501 0.995713 0.0307169 -0.153037 -0.928593 0.0924559 -0.359398 -3.11375 
-0.369019 0.00236488 0.929419 144.377 0.0884619 0.995546 0.0325899 -0.129566 -0.925202 0.0942445 -0.367585 -3.57234 
-0.374076 0.000531442 0.927398 146.184 0.0853828 0.995772 0.0338694 -0.145222 -0.923459 0.0918536 -0.37254 -4.23449 
-0.378814 0.00109927 0.925472 148.123 0.0878875 0.995523 0.0347915 -0.157682 -0.92129 0.094517 -0.377214 -4.94222 
-0.383185 0.00201588 0.923669 149.975 0.0848172 0.995849 0.0330131 -0.0821908 -0.919769 0.0909932 -0.381766 -5.61164 
-0.386965 0.00293941 0.92209 151.799 0.0857761 0.995774 0.0328225 -0.0826693 -0.918096 0.0917944 -0.385582 -6.33266 
-0.390142 0.00370324 0.920747 153.744 0.0867251 0.995694 0.0327427 -0.0655073 -0.916661 0.0926263 -0.388783 -7.11639 
-0.393965 0.0039723 0.919117 155.545 0.0869755 0.995664 0.0329775 -0.0798349 -0.915001 0.0929326 -0.392602 -7.85155 
-0.397633 0.00378895 0.917537 157.334 0.0859947 0.995744 0.0331556 -0.0209567 -0.913506 0.0920871 -0.396267 -8.59944 
-0.402072 0.00576747 0.91559 159.031 0.0828838 0.996104 0.0301229 0.148758 -0.911849 0.0879991 -0.400984 -9.26028 
-0.405257 0.0046285 0.914191 161.086 0.081999 0.996141 0.0313063 0.183939 -0.910518 0.0876499 -0.404072 -10.1689 
-0.408542 0.00453607 0.912728 162.957 0.0840679 0.995924 0.0326796 0.185358 -0.90886 0.0900821 -0.407258 -10.9742 
-0.411906 0.00630562 0.911204 164.935 0.0846997 0.995912 0.0313963 0.306675 -0.907281 0.0901111 -0.410756 -11.7428 
-0.41409 0.00617068 0.910215 166.877 0.0845614 0.995913 0.0317183 0.346828 -0.9063 0.0901033 -0.412919 -12.5287 
-0.419065 0.00611036 0.907936 168.865 0.0822205 0.996124 0.0312456 0.374022 -0.904226 0.0877449 -0.417943 -13.2783 
-0.422022 0.00729505 0.906556 170.568 0.0800506 0.996362 0.0292475 0.397913 -0.903044 0.0849135 -0.42107 -14.0042 
-0.425548 0.0103898 0.904876 172.145 0.0833725 0.996131 0.027771 0.368885 -0.901087 0.0872597 -0.424768 -14.6044 
-0.430177 0.00976997 0.902691 173.955 0.0830286 0.996131 0.0287859 0.385376 -0.898918 0.0873323 -0.429324 -15.4469 
-0.434648 0.0110232 0.900533 176.07 0.0813268 0.99632 0.0270571 0.453771 -0.896921 0.0849978 -0.433945 -16.3916 
-0.439533 0.0112352 0.898156 177.934 0.0838763 0.996066 0.0285867 0.467023 -0.894302 0.0878988 -0.438746 -17.2301 
-0.443738 0.00997526 0.896101 179.752 0.0831218 0.996085 0.0300726 0.475725 -0.892293 0.0878299 -0.442831 -18.0785 
-0.448007 0.00890879 0.893986 181.545 0.0824323 0.996102 0.0313831 0.518173 -0.890222 0.0877531 -0.446995 -18.9058 
-0.449424 0.00881794 0.893275 183.018 0.0802265 0.996309 0.0305284 0.626175 -0.889709 0.0853846 -0.448473 -19.9016 
-0.453782 0.00795678 0.891077 185.033 0.0763047 0.996634 0.0299589 0.666157 -0.88784 0.0815882 -0.452862 -20.8328 
-0.4586 0.00838642 0.888603 187.084 0.0743132 0.996815 0.0289446 0.672745 -0.88553 0.079309 -0.457762 -21.7852 
-0.462304 0.00899979 0.886676 188.918 0.0743303 0.996822 0.0286372 0.73292 -0.8836 0.079146 -0.461504 -22.6965 
-0.46645 0.00815986 0.88451 190.179 0.0701275 0.997151 0.0277829 0.731971 -0.881763 0.0749879 -0.465693 -23.2323 
-0.471145 0.00608414 0.882035 191.904 0.0703008 0.997054 0.030674 0.699331 -0.87925 0.0764597 -0.470185 -24.0143 
-0.475109 0.00618776 0.879905 193.848 0.0705398 0.997025 0.0310769 0.74162 -0.877095 0.0768333 -0.474132 -25.0137 
-0.476257 0.00833824 0.879266 196.043 0.0720422 0.996963 0.0295674 0.843182 -0.87635 0.077426 -0.475411 -26.181 
-0.479481 0.00878082 0.877508 198.052 0.0709282 0.997066 0.0287788 0.897447 -0.874681 0.076039 -0.478697 -27.202 
-0.483184 0.00842549 0.875478 200.042 0.0694087 0.997175 0.0287106 0.936499 -0.872763 0.0746383 -0.482404 -28.1841 
-0.486227 0.0103798 0.873771 201.966 0.0700171 0.997177 0.0271166 0.943715 -0.871023 0.0743637 -0.485581 -29.2242 
-0.491331 0.0129944 0.870876 204.317 0.0718859 0.997082 0.025679 0.958184 -0.868001 0.0752206 -0.490831 -30.2507 
-0.494602 0.014021 0.869007 206.167 0.0717049 0.997119 0.0247233 0.944132 -0.866157 0.0745403 -0.494182 -31.1877 
-0.497602 0.0139107 0.867294 207.881 0.0712308 0.99715 0.0248745 0.937251 -0.864476 0.0741557 -0.497175 -32.1164 
-0.501942 0.0125263 0.86481 209.756 0.0712634 0.997094 0.0269193 0.930401 -0.86196 0.0751413 -0.501376 -33.0723 
-0.509171 0.00945064 0.860613 211.366 0.0702712 0.997058 0.030626 0.808197 -0.857792 0.0760702 -0.508337 -33.6981 
-0.517704 0.00673714 0.855533 213.128 0.0749919 0.996477 0.0375324 0.534349 -0.852267 0.0835888 -0.516386 -34.3425 
-0.521702 0.00553335 0.85311 215.184 0.0715093 0.996743 0.037265 0.532708 -0.850126 0.0804466 -0.520398 -35.3834 
-0.526857 0.00482044 0.84994 217.116 0.0707802 0.996759 0.0382217 0.582072 -0.847002 0.0802964 -0.525491 -36.4075 
-0.531576 0.00306149 0.847005 219.076 0.0678877 0.99693 0.0390025 0.614247 -0.844285 0.078234 -0.530152 -37.5289 
-0.534434 0.00350016 0.845203 221.13 0.0680981 0.996919 0.0389309 0.710042 -0.842462 0.0783627 -0.533026 -38.8073 
-0.537755 0.00175541 0.843099 223.162 0.066168 0.997001 0.0401282 0.751568 -0.8405 0.0773654 -0.536259 -40.0799 
-0.542893 0.00158637 0.8398 225.146 0.063703 0.997195 0.0392973 0.786389 -0.837382 0.0748321 -0.541471 -41.1955 
-0.546448 0.000332982 0.837493 227.061 0.0617749 0.997292 0.0399103 0.8482 -0.835212 0.073545 -0.544988 -42.439 
-0.550164 0.00158015 0.835055 229.088 0.0619153 0.997323 0.0389047 0.924225 -0.832758 0.0731067 -0.548789 -43.6722 
-0.55385 0.00240611 0.832613 230.918 0.063507 0.997205 0.0393628 0.961541 -0.830191 0.0746779 -0.552455 -44.8071 
-0.558937 0.00145497 0.829209 232.765 0.0615386 0.997314 0.0397307 1.00484 -0.826924 0.0732353 -0.557525 -45.9244 
-0.562272 0.00222221 0.826949 234.871 0.0600635 0.997465 0.0381589 1.1373 -0.824768 0.0711252 -0.56098 -47.3601 
-0.568482 0.00134692 0.822694 236.716 0.0588498 0.997503 0.0390321 1.15459 -0.820588 0.0706045 -0.567142 -48.4151 
-0.572429 0.00227493 0.819951 238.258 0.0601695 0.997417 0.0392385 1.19032 -0.817744 0.0717973 -0.571087 -49.3842 
-0.577323 0.00243477 0.816512 239.758 0.0611659 0.997315 0.040274 1.1855 -0.814221 0.0731938 -0.575922 -50.3031 
-0.580832 0.00525827 0.814007 241.671 0.0633061 0.997242 0.0387298 1.25522 -0.811558 0.0740271 -0.579563 -51.5983 
-0.584664 0.00465259 0.811262 243.301 0.0620799 0.997308 0.0390204 1.24548 -0.808897 0.0731769 -0.583379 -52.6174 
-0.589478 0.00655197 0.807758 245.178 0.0631604 0.997279 0.0380034 1.30353 -0.805311 0.0734205 -0.588288 -53.8137 
-0.595609 0.0076073 0.803239 247.187 0.0636125 0.997261 0.0377244 1.28757 -0.800752 0.073565 -0.594462 -54.8568 
-0.600314 0.00600216 0.799742 249.012 0.0631976 0.997201 0.0399542 1.1541 -0.797263 0.0745269 -0.599013 -55.9542 
-0.604517 0.00670045 0.796564 250.709 0.0618579 0.99734 0.0385549 1.24031 -0.794187 0.0725809 -0.603323 -57.1138 
-0.608023 0.00293634 0.793914 252.427 0.0572787 0.997549 0.0401776 1.18568 -0.79185 0.0699033 -0.606701 -58.4327 
-0.612401 0.00358166 0.790539 254.079 0.0583895 0.997463 0.0407129 1.21301 -0.788388 0.0710918 -0.611056 -59.666 
-0.613426 0.00269602 0.789748 255.641 0.0628203 0.996992 0.0453913 1.1059 -0.78725 0.0774564 -0.61175 -61.0409 
-0.618483 0.00138385 0.785797 257.668 0.0607922 0.997086 0.0460922 1.14991 -0.783443 0.0762776 -0.616765 -62.4145 
-0.620894 0.00114393 0.783894 259.53 0.0625946 0.996878 0.0481241 1.18506 -0.781392 0.0789475 -0.619027 -63.8095 
-0.622248 -0.00169091 0.782818 260.434 0.0604205 0.996911 0.0501804 1.28938 -0.780485 0.078523 -0.620223 -64.9543 
-0.620169 -0.00147687 0.784467 261.654 0.061737 0.996805 0.0506835 1.54354 -0.782035 0.0798629 -0.618096 -66.5888 
-0.618086 -0.00126641 0.786109 262.879 0.0630547 0.996697 0.0511829 1.79938 -0.783577 0.0812033 -0.615964 -68.2198 
-0.617531 -0.00520837 0.786529 263.739 0.0569621 0.997056 0.0513253 1.88937 -0.784481 0.0764974 -0.615416 -69.4142 
-0.617051 -0.00895364 0.786872 264.306 0.0535599 0.997139 0.0533468 1.96516 -0.785099 0.0750625 -0.614805 -70.4821 
-0.617044 -0.0128664 0.786823 264.834 0.0488514 0.997311 0.0546186 2.04341 -0.78541 0.0721395 -0.614757 -71.4497 
-0.61693 -0.0150692 0.786874 265.19 0.0452758 0.997481 0.0545998 2.04892 -0.785714 0.0693106 -0.614694 -71.9258 
-0.619664 -0.0145499 0.784732 265.594 0.04241 0.997747 0.0519885 2.05762 -0.78372 0.0654959 -0.617651 -72.2554 
-0.620321 -0.0167972 0.784168 265.95 0.040905 0.997717 0.0537296 2.02622 -0.783281 0.065406 -0.618217 -72.7377 
-0.61987 -0.0212468 0.784417 266.485 0.0385409 0.997603 0.0574774 2.02182 -0.783757 0.0658606 -0.617565 -73.5763 
-0.619514 -0.0240246 0.784618 267.013 0.0377646 0.997462 0.0603597 2.04622 -0.784077 0.0670245 -0.617034 -74.3467 
-0.619501 -0.0301998 0.784414 267.7 0.0298058 0.997634 0.0619481 2.1332 -0.784429 0.061757 -0.617136 -75.229 
-0.619814 -0.0311345 0.784131 268.382 0.0313015 0.997437 0.0643461 2.13595 -0.784124 0.0644271 -0.61725 -76.1071 
-0.622885 -0.031681 0.781671 269.005 0.0321734 0.997297 0.066058 2.10955 -0.781651 0.0662956 -0.620183 -76.6428 
-0.619603 -0.0323113 0.78425 269.689 0.034693 0.997048 0.0684881 2.1323 -0.784148 0.0696434 -0.616653 -77.535 
-0.620863 -0.0298544 0.78335 270.461 0.0446783 0.996303 0.0733811 2.10179 -0.782645 0.0805584 -0.617234 -78.3907 
-0.625477 -0.0331793 0.779537 271.222 0.0443169 0.995972 0.0779499 2.09087 -0.778983 0.0833025 -0.621487 -78.9765 
-0.63299 -0.0388211 0.773186 271.915 0.0400141 0.995766 0.0827553 2.04586 -0.773125 0.0833216 -0.628757 -79.2657 
-0.640421 -0.0444611 0.766736 272.605 0.0356649 0.995524 0.0875172 2.00523 -0.767195 0.0833935 -0.635969 -79.5614 
-0.647768 -0.0500985 0.760188 273.293 0.03127 0.995246 0.092235 1.96893 -0.761196 0.083518 -0.643122 -79.8634 
-0.649682 -0.0497768 0.758574 274.21 0.0314569 0.995239 0.0922478 2.10576 -0.759554 0.0837942 -0.645024 -80.7658 
-0.655487 -0.0497742 0.753565 275.145 0.0329846 0.994987 0.094412 2.19725 -0.754486 0.0867419 -0.650559 -81.5744 
-0.6601 -0.0525969 0.749334 275.939 0.0291215 0.995004 0.0954944 2.2593 -0.750613 0.0848576 -0.65527 -82.1423 
-0.664385 -0.0547585 0.745381 276.928 0.026871 0.994917 0.0970413 2.39131 -0.746907 0.084502 -0.659537 -83.0469 
-0.669566 -0.0570261 0.74056 277.822 0.0256508 0.994678 0.0997858 2.48274 -0.74231 0.0858091 -0.66454 -83.8299 
-0.67347 -0.059042 0.736853 278.702 0.0221934 0.994741 0.0999902 2.59172 -0.738881 0.0836937 -0.668618 -84.6266 
-0.677608 -0.0635178 0.732675 279.582 0.0140034 0.994968 0.0992076 2.71278 -0.73529 0.0774838 -0.673309 -85.4397 
-0.681605 -0.060625 0.729205 280.464 0.0188929 0.994771 0.100363 2.80487 -0.731477 0.082185 -0.676895 -86.3574 
-0.682364 -0.0640934 0.728197 281.565 0.0140334 0.994817 0.10071 3.09141 -0.730877 0.0789403 -0.677928 -87.6331 
-0.683611 -0.0651105 0.726937 282.645 0.0124945 0.994823 0.100854 3.36033 -0.72974 0.0780279 -0.679258 -88.8352 
-0.684853 -0.0661292 0.725674 283.723 0.0109554 0.994826 0.100996 3.62926 -0.728599 0.0771173 -0.680586 -90.0394 
-0.686092 -0.0671495 0.724409 284.798 0.00941607 0.994828 0.101134 3.89819 -0.727454 0.0762084 -0.681911 -91.2456 
-0.687327 -0.0681712 0.723142 285.871 0.00787645 0.994828 0.10127 4.16713 -0.726305 0.0753012 -0.683235 -92.454 
-0.688559 -0.0691945 0.721872 286.941 0.00633659 0.994825 0.101402 4.43606 -0.725153 0.0743957 -0.684557 -93.6644 
-0.691878 -0.0710709 0.718508 288.145 0.00443766 0.994706 0.102664 4.56591 -0.722001 0.0742195 -0.6879 -95.0407 
-0.693676 -0.0714284 0.716736 289.621 0.00381934 0.994692 0.102825 4.71901 -0.720277 0.0740649 -0.689722 -96.5437 
-0.696923 -0.0707295 0.713649 291.46 0.00469314 0.994653 0.103163 4.94987 -0.717131 0.0752458 -0.692865 -98.2091 
-0.698446 -0.0710091 0.712131 293.193 0.00507303 0.994549 0.104145 5.12297 -0.715645 0.0763526 -0.694278 -99.8064 
-0.700584 -0.0664612 0.710468 294.885 0.0123916 0.99437 0.105238 5.28344 -0.713462 0.0825321 -0.695816 -101.416 
-0.702685 -0.0618954 0.708804 296.574 0.0197062 0.994134 0.106347 5.44627 -0.711228 0.0886965 -0.697343 -103.029 
-0.707177 -0.0610269 0.704398 298.498 0.0114676 0.995147 0.0977294 5.6587 -0.706943 0.0771898 -0.703045 -104.664 
-0.71016 -0.0500156 0.702261 300.029 0.0196433 0.995677 0.0907771 5.93786 -0.703766 0.078261 -0.706108 -106.237 
-0.712902 -0.0374931 0.70026 301.512 0.0305275 0.995964 0.0844042 6.20236 -0.700599 0.0815491 -0.70888 -107.678 
-0.715497 -0.024954 0.69817 302.992 0.0414344 0.996087 0.0780648 6.45324 -0.697386 0.0847834 -0.711663 -109.125 
-0.719924 -0.0310665 0.693357 304.464 0.038011 0.995733 0.0840822 6.72362 -0.693011 0.0868881 -0.715672 -110.263 
-0.725061 -0.037358 0.687671 305.902 0.0342136 0.995341 0.0901462 6.99326 -0.687834 0.0888892 -0.720405 -111.35 
-0.730134 -0.0436323 0.681909 307.331 0.0303716 0.994901 0.0961787 7.27478 -0.682628 0.090934 -0.725086 -112.446 
-0.735144 -0.0498887 0.676073 308.75 0.0264854 0.994413 0.102179 7.56814 -0.677394 0.0930224 -0.729716 -113.551 
-0.740089 -0.0561266 0.670162 310.159 0.0225553 0.993879 0.108147 7.87327 -0.67213 0.0951541 -0.734293 -114.667 
-0.74497 -0.0623455 0.664179 311.558 0.0185818 0.993298 0.114081 8.19014 -0.66684 0.0973289 -0.738818 -115.791 
-0.749785 -0.0685445 0.658122 312.947 0.0145653 0.992669 0.119982 8.51868 -0.661521 0.0995465 -0.74329 -116.925 
-0.754534 -0.0747233 0.651993 314.326 0.0105061 0.991994 0.125848 8.85885 -0.656177 0.101807 -0.747708 -118.068 
-0.759217 -0.080881 0.645792 315.693 0.00640471 0.991272 0.131679 9.21057 -0.650806 0.104109 -0.752073 -119.22 
-0.763834 -0.0870171 0.63952 317.051 0.00226151 0.990503 0.137475 9.5738 -0.645409 0.106454 -0.756383 -120.381 
-0.768383 -0.0931309 0.633178 318.397 -0.00192307 0.989687 0.143234 9.94848 -0.639987 0.108841 -0.760638 -121.551 
-0.772865 -0.0992219 0.626766 319.733 -0.00614861 0.988824 0.148957 10.3346 -0.634541 0.11127 -0.764838 -122.73 
-0.777278 -0.105289 0.620284 321.057 -0.0104147 0.987916 0.154642 10.7319 -0.629071 0.11374 -0.768982 -123.918 
-0.778569 -0.103933 0.618893 322.493 -0.00602586 0.987383 0.158234 11.0702 -0.62753 0.119467 -0.769372 -125.57 
-0.779547 -0.104 0.617649 323.486 -0.00185037 0.986496 0.163772 11.2226 -0.626341 0.126525 -0.769213 -126.849 
-0.780524 -0.104057 0.616405 324.476 0.00231646 0.98556 0.169309 11.3842 -0.625122 0.133577 -0.769012 -128.128 
-0.7815 -0.104103 0.615159 325.464 0.0064744 0.984575 0.174843 11.555 -0.623872 0.140623 -0.768771 -129.408 
-0.782475 -0.104137 0.613912 326.451 0.0106232 0.98354 0.180376 11.735 -0.622591 0.147662 -0.76849 -130.688 
-0.78345 -0.10416 0.612664 327.435 0.0147628 0.982456 0.185906 11.9242 -0.62128 0.154693 -0.768167 -131.968 
-0.784423 -0.104171 0.611416 328.417 0.0188928 0.981324 0.191434 12.1226 -0.619938 0.161716 -0.767805 -133.248 
-0.785395 -0.104172 0.610166 329.398 0.023013 0.980142 0.196958 12.3302 -0.618567 0.168732 -0.767401 -134.529 
-0.786366 -0.104161 0.608916 330.376 0.0271234 0.978911 0.202479 12.547 -0.617165 0.175739 -0.766957 -135.809 
-0.791374 -0.108622 0.601604 331.504 0.017704 0.979603 0.20016 12.887 -0.611075 0.169052 -0.77331 -136.363 
-0.797304 -0.115114 0.592499 332.737 0.00583188 0.980129 0.198273 13.2373 -0.60355 0.161539 -0.78079 -136.999 
-0.803062 -0.121682 0.583339 333.961 -0.00602178 0.980536 0.196245 13.592 -0.595865 0.154084 -0.788164 -137.65 
-0.808649 -0.128323 0.574126 335.176 -0.0178542 0.980824 0.194077 13.951 -0.588021 0.14669 -0.795433 -138.316 
-0.814061 -0.135038 0.564862 336.382 -0.0296625 0.980991 0.19177 14.314 -0.580021 0.139358 -0.802593 -138.997 
-0.819299 -0.141823 0.555549 337.578 -0.0414439 0.98104 0.189324 14.681 -0.571866 0.132089 -0.809643 -139.692 
-0.824361 -0.148678 0.54619 338.764 -0.0531956 0.980968 0.18674 15.0516 -0.563559 0.124886 -0.816581 -140.402 
-0.829246 -0.1556 0.536787 339.94 -0.0649149 0.980777 0.184018 15.4256 -0.555101 0.117751 -0.823406 -141.127 
-0.833952 -0.162589 0.527341 341.106 -0.076599 0.980466 0.181159 15.8029 -0.546495 0.110684 -0.830116 -141.866 
-0.834807 -0.161887 0.526204 341.928 -0.076427 0.980613 0.180437 16.0599 -0.545212 0.110414 -0.830995 -142.263 
-0.834988 -0.161293 0.526098 342.833 -0.0763649 0.980791 0.179492 16.351 -0.544943 0.109699 -0.831266 -142.745 
-0.83517 -0.160698 0.525991 343.738 -0.0763026 0.980968 0.178548 16.6412 -0.544673 0.108983 -0.831537 -143.228 
-0.835351 -0.160104 0.525884 344.644 -0.0762399 0.981145 0.177603 16.9305 -0.544404 0.108267 -0.831807 -143.711 
-0.835533 -0.15951 0.525777 345.549 -0.0761769 0.98132 0.176658 17.2189 -0.544134 0.107551 -0.832076 -144.194 
-0.835714 -0.158917 0.525668 346.454 -0.0761136 0.981495 0.175712 17.5064 -0.543864 0.106835 -0.832345 -144.678 
-0.835895 -0.158323 0.52556 347.36 -0.07605 0.981668 0.174767 17.793 -0.543595 0.106118 -0.832612 -145.162 
-0.836076 -0.157729 0.52545 348.265 -0.0759861 0.981841 0.173822 18.0787 -0.543325 0.105401 -0.832879 -145.647 
-0.838252 -0.160411 0.521154 348.554 -0.0787137 0.981337 0.175447 18.169 -0.539571 0.106047 -0.835234 -146.021 
-0.840552 -0.163016 0.516622 348.878 -0.0815467 0.980858 0.176825 18.2777 -0.535558 0.106502 -0.837756 -146.382 
-0.842823 -0.165618 0.512074 349.201 -0.0843858 0.980371 0.178187 18.3872 -0.531533 0.106969 -0.840256 -146.745 
-0.845067 -0.168216 0.507509 349.521 -0.0872307 0.979877 0.179534 18.4977 -0.527497 0.107448 -0.842735 -147.109 
-0.847282 -0.17081 0.502929 349.839 -0.0900813 0.979374 0.180866 18.609 -0.523449 0.10794 -0.845192 -147.475 
-0.849469 -0.1734 0.498332 350.156 -0.0929377 0.978863 0.182182 18.7213 -0.51939 0.108444 -0.847629 -147.842 
-0.851627 -0.175986 0.493721 350.47 -0.0957996 0.978344 0.183483 18.8344 -0.515319 0.108961 -0.850043 -148.21 
-0.850594 -0.175388 0.49571 350.708 -0.0949229 0.978461 0.183311 18.975 -0.517184 0.108869 -0.848922 -148.724 
-0.849719 -0.176771 0.496718 350.912 -0.0958113 0.978204 0.18422 19.0188 -0.518457 0.108944 -0.848135 -149.262 
-0.84852 -0.180722 0.497346 351.364 -0.0990867 0.977512 0.18615 19.1096 -0.519804 0.108672 -0.847346 -149.963 
-0.848082 -0.183062 0.497237 351.968 -0.102365 0.97735 0.185227 19.2511 -0.519882 0.106189 -0.847612 -150.637 
-0.846542 -0.191969 0.496503 353.126 -0.119843 0.977496 0.173608 19.6187 -0.518657 0.0874646 -0.850497 -151.594 
-0.847195 -0.191881 0.49542 353.875 -0.11875 0.9773 0.175449 19.849 -0.51784 0.0898083 -0.85075 -152.416 
-0.847576 -0.194327 0.493813 353.85 -0.121478 0.97688 0.175921 19.8279 -0.516583 0.0891186 -0.851587 -152.75 
-0.846586 -0.194299 0.49552 353.85 -0.121331 0.976925 0.175771 19.8352 -0.518238 0.0886833 -0.850626 -153.109 
-0.842636 -0.195887 0.50159 353.83 -0.121147 0.97657 0.177862 19.8304 -0.524679 0.0891067 -0.846624 -153.415 
-0.844333 -0.194923 0.499105 354.292 -0.121094 0.9768 0.17663 19.9077 -0.521955 0.0886956 -0.848349 -153.281 
-0.844434 -0.191573 0.500231 354.75 -0.117235 0.977316 0.17638 19.9735 -0.522674 0.090297 -0.847737 -153.418 
-0.84452 -0.188223 0.501356 355.209 -0.113373 0.977817 0.176126 20.0379 -0.523385 0.0919014 -0.847126 -153.554 
-0.844592 -0.184872 0.50248 355.668 -0.10951 0.978304 0.175866 20.101 -0.524091 0.0935086 -0.846514 -153.691 
-0.843664 -0.184528 0.504163 355.984 -0.108965 0.978385 0.175756 20.1897 -0.525697 0.0933431 -0.845535 -154.282 
-0.842365 -0.183492 0.506706 355.837 -0.108486 0.978738 0.174076 20.1691 -0.527874 0.0916649 -0.844361 -154.603 
-0.84106 -0.182451 0.509244 355.691 -0.108012 0.979088 0.172394 20.1483 -0.530048 0.0899891 -0.843179 -154.925 
-0.839748 -0.181405 0.511776 355.546 -0.107543 0.979435 0.17071 20.1273 -0.532219 0.0883157 -0.841988 -155.247 
-0.83843 -0.180354 0.514303 355.401 -0.107077 0.979778 0.169024 20.1062 -0.534387 0.0866448 -0.840787 -155.57 
-0.837105 -0.179298 0.516824 355.258 -0.106616 0.980118 0.167337 20.0848 -0.536552 0.0849764 -0.839578 -155.893 
-0.83811 -0.178585 0.51544 355.386 -0.106182 0.980228 0.166967 20.1352 -0.535067 0.0852066 -0.840502 -156.353 
-0.839055 -0.178158 0.514049 355.547 -0.105195 0.980159 0.167997 20.1829 -0.53378 0.0868833 -0.841148 -156.769 
-0.838474 -0.175635 0.515863 355.749 -0.101125 0.980344 0.169409 20.2953 -0.535477 0.0898779 -0.839754 -157.283 
-0.837878 -0.173116 0.517678 355.953 -0.0970518 0.980512 0.170811 20.4089 -0.53716 0.0928771 -0.838351 -157.796 
-0.83727 -0.170602 0.519494 356.157 -0.0929743 0.980664 0.172203 20.5236 -0.538828 0.0958808 -0.836942 -158.309 
-0.837181 -0.170155 0.519783 356.582 -0.0918285 0.980612 0.173109 20.6441 -0.539161 0.0971931 -0.836576 -159.13 
-0.836757 -0.171239 0.520111 357.022 -0.0942165 0.980702 0.171307 20.7535 -0.539408 0.0943393 -0.836743 -159.857 
-0.835202 -0.1706 0.522812 357.589 -0.0933145 0.980844 0.17099 21.0295 -0.541968 0.094025 -0.835123 -161.018 
-0.833475 -0.167407 0.526586 358.105 -0.0898601 0.98138 0.169761 21.2549 -0.545201 0.0941722 -0.832999 -162.002 
-0.831724 -0.164213 0.530348 358.626 -0.0864094 0.981904 0.168516 21.4792 -0.548424 0.094332 -0.830863 -162.984 
-0.832227 -0.166624 0.528805 358.753 -0.0882069 0.981416 0.17042 21.2642 -0.547374 0.0951838 -0.831458 -163.798 
-0.833794 -0.166261 0.526445 359.467 -0.0856274 0.980981 0.174193 21.3004 -0.545395 0.100163 -0.832173 -165.152 
-0.835356 -0.165884 0.524084 360.177 -0.083057 0.980525 0.177969 21.3428 -0.543399 0.105139 -0.832864 -166.508 
-0.836911 -0.165492 0.52172 360.883 -0.0804956 0.980045 0.181749 21.3913 -0.541387 0.110111 -0.833532 -167.866 
-0.835312 -0.165903 0.524147 361.302 -0.0814559 0.980207 0.180442 21.3793 -0.543708 0.108031 -0.832292 -169.011 
-0.836516 -0.164771 0.522582 362.373 -0.0806837 0.98036 0.179955 21.704 -0.54197 0.108371 -0.833381 -169.837 
-0.837649 -0.163958 0.52102 363.161 -0.0804791 0.980521 0.179169 21.9729 -0.540247 0.10815 -0.834528 -170.522 
-0.840036 -0.163957 0.517164 363.672 -0.0780492 0.979848 0.183866 22.1081 -0.536888 0.11409 -0.835904 -171.075 
-0.842934 -0.161295 0.513269 363.89 -0.0686426 0.978449 0.194747 22.1762 -0.533619 0.128927 -0.83584 -171.53 
-0.845797 -0.15856 0.509398 364.105 -0.0592778 0.976832 0.205633 22.2504 -0.530202 0.143728 -0.8356 -171.985 
-0.848621 -0.155752 0.505552 364.319 -0.049957 0.974998 0.216523 22.3306 -0.526636 0.158491 -0.835186 -172.439 
-0.849292 -0.157554 0.503865 364.163 -0.0521958 0.974812 0.216835 22.1889 -0.525337 0.157857 -0.836123 -172.15 
-0.849292 -0.157554 0.503865 364.141 -0.0521958 0.974812 0.216835 22.1799 -0.525337 0.157857 -0.836123 -172.108 
-0.851461 -0.160118 0.499376 364.169 -0.0558505 0.974519 0.217238 22.1916 -0.521435 0.157079 -0.838708 -172.059 
-0.854312 -0.162082 0.493843 364.192 -0.0568857 0.973584 0.221128 22.1671 -0.516639 0.16082 -0.840965 -172.029 
-0.857131 -0.164022 0.488286 364.215 -0.0579432 0.972632 0.225008 22.1425 -0.511829 0.164568 -0.843178 -171.999 
-0.859573 -0.164633 0.483767 364.519 -0.0583304 0.972105 0.227178 22.2424 -0.507673 0.167058 -0.845198 -172.485 
-0.861689 -0.167415 0.479024 364.84 -0.0610095 0.97134 0.22973 22.3439 -0.503756 0.16873 -0.847207 -172.888 
-0.863663 -0.167884 0.47529 365.655 -0.0627549 0.971382 0.229082 22.6331 -0.500148 0.168023 -0.849483 -173.599 
-0.864316 -0.170397 0.473204 366.515 -0.0659416 0.971131 0.229253 22.9136 -0.498607 0.166944 -0.8506 -174.319 
-0.865514 -0.169647 0.471281 367.048 -0.0666519 0.971537 0.227317 23.2465 -0.496431 0.165334 -0.852186 -175.112 
-0.866935 -0.169101 0.468859 367.628 -0.0668315 0.971632 0.226859 23.4761 -0.493921 0.165338 -0.853643 -175.865 
-0.869799 -0.168775 0.463642 368.374 -0.0670985 0.971408 0.227735 23.7222 -0.488822 0.166974 -0.856255 -176.497 
-0.871604 -0.168747 0.460251 368.857 -0.0674494 0.971237 0.228363 23.9011 -0.485549 0.167998 -0.857915 -177.05 
-0.874206 -0.167333 0.455811 369.492 -0.0687123 0.971928 0.22502 24.1966 -0.480669 0.165394 -0.861163 -177.602 
-0.874255 -0.16875 0.455194 369.978 -0.0704684 0.971823 0.224931 24.3744 -0.480326 0.16457 -0.861513 -178.231 
-0.874038 -0.169495 0.455333 370.866 -0.0718156 0.971951 0.223948 24.7349 -0.48052 0.163039 -0.861695 -179.675 
-0.874592 -0.169919 0.454111 371.9 -0.0735096 0.972223 0.222211 25.117 -0.479255 0.160962 -0.862789 -181.251 
-0.875488 -0.172621 0.451355 372.746 -0.0771853 0.971982 0.22202 25.4003 -0.477035 0.159538 -0.864283 -182.091 
-0.876991 -0.176168 0.447048 373.781 -0.0811898 0.971318 0.223494 25.7382 -0.473598 0.159706 -0.86614 -183.079 
-0.878676 -0.177834 0.443061 374.854 -0.0842153 0.971218 0.222807 26.0049 -0.469931 0.158463 -0.868363 -183.912 
-0.882289 -0.172149 0.438099 375.952 -0.0759626 0.970597 0.22841 26.187 -0.464539 0.168244 -0.869424 -184.766 
-0.885825 -0.1664 0.433158 377.044 -0.0677412 0.969863 0.234045 26.3715 -0.459049 0.17798 -0.870401 -185.625 
-0.887276 -0.165535 0.430511 377.822 -0.0670011 0.969736 0.234783 26.6668 -0.456346 0.179473 -0.871514 -186.441 
-0.887806 -0.168516 0.428256 378.785 -0.0703556 0.969309 0.235564 27.0439 -0.454809 0.179005 -0.872414 -187.458 
-0.889405 -0.168317 0.425002 380.117 -0.0712742 0.969433 0.234777 27.5978 -0.451528 0.17852 -0.874215 -188.75 
-0.889116 -0.167045 0.426109 380.989 -0.0711124 0.970129 0.23193 28.0445 -0.452124 0.175911 -0.874437 -190.359 
-0.889631 -0.16454 0.426009 382.183 -0.0690075 0.970561 0.230758 28.4761 -0.451437 0.175892 -0.874795 -192.382 
-0.890139 -0.162035 0.425906 383.377 -0.0669013 0.970986 0.229586 28.9046 -0.45075 0.17587 -0.875154 -194.406 
-0.890643 -0.159528 0.4258 384.57 -0.0647937 0.971406 0.228414 29.3298 -0.450063 0.175846 -0.875512 -196.431 
-0.89114 -0.157021 0.425691 385.763 -0.0626848 0.971819 0.227242 29.7517 -0.449377 0.17582 -0.87587 -198.457 
-0.890148 -0.157768 0.427487 386.885 -0.0633405 0.971882 0.226789 30.1827 -0.451248 0.174799 -0.875112 -200.318 
-0.888721 -0.156061 0.431069 387.981 -0.0609914 0.972167 0.226211 30.5605 -0.454374 0.174747 -0.873503 -201.973 
-0.887277 -0.154352 0.434643 389.084 -0.0586441 0.972448 0.225624 30.9365 -0.457493 0.174702 -0.871883 -203.623 
-0.885817 -0.152643 0.43821 390.193 -0.0562987 0.972725 0.225027 31.3107 -0.460607 0.174662 -0.87025 -205.269 
-0.88434 -0.150933 0.441771 391.309 -0.0539553 0.972997 0.224421 31.6831 -0.463714 0.174629 -0.868605 -206.911 
-0.882847 -0.149222 0.445323 392.432 -0.0516137 0.973266 0.223806 32.0537 -0.466815 0.174601 -0.866947 -208.549 
-0.881338 -0.147511 0.448869 393.561 -0.0492742 0.973531 0.223181 32.4225 -0.46991 0.17458 -0.865278 -210.183 
-0.879812 -0.145799 0.452407 394.697 -0.0469367 0.973791 0.222547 32.7893 -0.472998 0.174565 -0.863597 -211.813 
-0.878684 -0.145879 0.45457 395.302 -0.0464213 0.973766 0.222765 33.0363 -0.475142 0.174638 -0.862405 -212.818 
-0.879733 -0.145069 0.452797 395.682 -0.0448362 0.973385 0.224745 33.1805 -0.473349 0.177414 -0.862824 -213.218 
-0.880364 -0.14474 0.451674 395.888 -0.0446068 0.973345 0.224968 33.2105 -0.472196 0.177906 -0.863354 -213.61 
-0.880327 -0.145197 0.4516 396.056 -0.04338 0.972656 0.228162 33.1844 -0.47238 0.181267 -0.862554 -213.998 
-0.880721 -0.144649 0.451007 396.375 -0.0426888 0.972591 0.228571 33.3129 -0.471708 0.182054 -0.862756 -214.503 
-0.881102 -0.144566 0.450289 396.778 -0.0430858 0.972711 0.227982 33.4209 -0.47096 0.181474 -0.863287 -214.857 
-0.881022 -0.148509 0.449161 397.03 -0.0491123 0.973031 0.225387 33.4845 -0.470519 0.176511 -0.864555 -214.836 
-0.880917 -0.152455 0.448043 397.283 -0.055136 0.973308 0.222781 33.5492 -0.470048 0.171548 -0.86581 -214.817 
