1 2.12261e-08 -2.11895e-08 0 2.12261e-08 1 2.10703e-08 0 -2.11895e-08 2.10703e-08 1 0 
1 -7.00738e-05 -0.00019315 0.0108014 7.01291e-05 1 6.63921e-05 -0.0431179 0.000193103 -6.63635e-05 1 1.20807 
1 0.000625299 0.000413551 -0.0112967 -0.000625477 1 0.000532246 -0.0544245 -0.000413261 -0.000532462 1 2.34687 
0.999998 0.00152666 0.00139143 -0.0434203 -0.00152847 0.999998 0.00133129 -0.0775703 -0.00138944 -0.00133338 0.999998 3.52137 
0.999992 0.00316167 0.00247104 -0.0630627 -0.00316695 0.999993 0.00215413 -0.0963597 -0.00246425 -0.0021619 0.999995 4.7503 
0.999995 0.00189561 0.00242896 -0.0660164 -0.00190017 0.999996 0.00189519 -0.111454 -0.0024254 -0.00189976 0.999995 5.95893 
0.999989 0.00387271 0.00252917 -0.0734036 -0.00387337 0.999993 0.00027259 -0.114358 -0.00252814 -0.000282342 0.999997 7.17119 
0.999983 0.00542557 0.00215476 -0.0417257 -0.00542669 0.999985 0.000530327 -0.130186 -0.00215189 -0.00054197 0.999998 8.38734 
0.999985 0.00513188 0.00211678 -0.0295508 -0.00513327 0.999987 0.000675644 -0.13465 -0.00211333 -0.000686458 0.999998 9.63236 
0.999991 0.00414188 -2.51382e-05 0.00275075 -0.00414174 0.999986 0.00327852 -0.17835 3.86745e-05 -0.00327835 0.999995 10.6746 
0.999994 0.00326636 -0.00149925 -0.0633231 -0.00326314 0.999992 0.00211458 -0.180368 0.0015061 -0.00210964 0.999997 11.9109 
0.999993 0.0021637 -0.00301673 -0.111327 -0.00215274 0.999991 0.00361795 -0.23631 0.00302449 -0.00361139 0.999989 13.0826 
0.999991 0.00210004 -0.00373247 -0.156916 -0.00208722 0.999992 0.00342181 -0.253937 0.00373958 -0.00341395 0.999987 14.24 
0.999961 0.00631638 -0.00611617 -0.134494 -0.00629449 0.999974 0.00358405 -0.254111 0.00613861 -0.00354537 0.999975 15.421 
0.99996 0.00481666 -0.00752107 -0.167234 -0.00479585 0.999985 0.00277637 -0.267601 0.00753428 -0.00274015 0.999968 16.6517 
0.999953 0.00437899 -0.00865915 -0.2129 -0.00435227 0.999986 0.00309757 -0.291536 0.00867254 -0.0030597 0.999958 17.8549 
0.999946 0.00383275 -0.00969368 -0.22446 -0.00379763 0.999986 0.00363448 -0.319454 0.00970743 -0.00359743 0.999946 19.0658 
0.999946 0.00394928 -0.00963524 -0.280266 -0.00392488 0.999989 0.00254524 -0.333003 0.00964514 -0.00250725 0.99995 20.258 
0.999944 0.000264642 -0.0105532 -0.287748 -0.000240705 0.999997 0.00226548 -0.376535 0.0105537 -0.00226277 0.999942 21.4717 
0.999924 0.00285498 -0.0120325 -0.319841 -0.00283873 0.999995 0.00136445 -0.37042 0.0120363 -0.00133015 0.999927 22.6339 
0.999917 0.00201779 -0.0127457 -0.370855 -0.00200484 0.999998 0.00102575 -0.39176 0.0127477 -0.00100007 0.999918 23.7815 
0.999917 0.00130802 -0.0128563 -0.429168 -0.00128345 0.999997 0.00191647 -0.438621 0.0128588 -0.00189977 0.999916 24.9507 
0.999894 0.000957956 -0.0145417 -0.461175 -0.000934035 0.999998 0.00164878 -0.450315 0.0145432 -0.00163498 0.999893 26.1509 
0.999894 -0.000953611 -0.0145276 -0.500686 0.00101482 0.999991 0.00420328 -0.487691 0.0145234 -0.00421754 0.999886 27.3376 
0.999908 0.000273009 -0.0135575 -0.574081 -0.000226566 0.999994 0.00342398 -0.494598 0.0135583 -0.00342056 0.999902 28.4823 
0.999899 -0.00142373 -0.0141107 -0.619813 0.00147056 0.999993 0.00330649 -0.520356 0.0141059 -0.00332687 0.999895 29.6539 
0.999901 -0.000103911 -0.0140689 -0.675136 0.000136747 0.999997 0.00233002 -0.543062 0.0140686 -0.00233167 0.999898 30.8323 
0.999862 -0.000850719 -0.0165846 -0.702959 0.000932392 0.999988 0.00491495 -0.597586 0.0165801 -0.0049297 0.99985 32.0664 
0.999869 6.75199e-05 -0.0161832 -0.76045 7.97442e-06 0.999989 0.00466227 -0.619262 0.0161833 -0.00466175 0.999858 33.2546 
0.999849 0.000604482 -0.0173815 -0.771556 -0.000497629 0.999981 0.00614873 -0.66941 0.0173849 -0.00613911 0.99983 34.3836 
0.999816 -0.000556484 -0.0191606 -0.790534 0.000649715 0.999988 0.00485771 -0.67281 0.0191576 -0.00486922 0.999805 35.553 
0.999804 -0.00062368 -0.0197855 -0.838644 0.000705452 0.999991 0.00412411 -0.669575 0.0197827 -0.00413722 0.999796 36.8365 
0.999749 -0.00172257 -0.0223271 -0.843531 0.00185998 0.99998 0.0061333 -0.696318 0.022316 -0.00617324 0.999732 38.065 
0.999741 -0.00216251 -0.0226565 -0.886112 0.00232905 0.999971 0.00732514 -0.714639 0.0226399 -0.00737597 0.999717 39.3039 
0.999733 -0.00158312 -0.0230545 -0.930056 0.00174585 0.999974 0.00703841 -0.703414 0.0230427 -0.00707673 0.999709 40.4953 
0.999719 -0.0015209 -0.0236545 -0.959955 0.00169656 0.999971 0.00740585 -0.73243 0.0236425 -0.00744386 0.999693 41.6971 
0.999708 -0.00188138 -0.0240727 -1.0109 0.00206515 0.999969 0.0076098 -0.752698 0.0240576 -0.00765725 0.999681 42.8894 
0.999679 0.000116171 -0.0253466 -1.04994 0.000134133 0.999951 0.00987164 -0.782554 0.0253465 -0.00987182 0.99963 44.0412 
0.999642 -0.00182413 -0.0267129 -1.05044 0.0021587 0.99992 0.0125 -0.795035 0.0266879 -0.0125531 0.999565 45.2423 
0.999654 -0.0024208 -0.0261932 -1.08966 0.00282536 0.999877 0.0154179 -0.817534 0.0261526 -0.0154866 0.999538 46.4647 
0.999744 -0.00191537 -0.0225425 -1.18597 0.00231553 0.99984 0.017737 -0.809917 0.0225049 -0.0177846 0.999589 47.6492 
0.999727 -0.00481246 -0.0228726 -1.21578 0.00526463 0.999791 0.0197481 -0.836892 0.0227727 -0.019863 0.999543 48.8573 
0.999694 -0.00592625 -0.0240322 -1.20407 0.00633691 0.999835 0.0170462 -0.803698 0.0239271 -0.0171932 0.999566 50.106 
0.999703 -0.00596055 -0.0236412 -1.24111 0.00634619 0.999848 0.0162691 -0.836088 0.0235406 -0.0164143 0.999588 51.3256 
0.999719 -0.00486958 -0.0232193 -1.28679 0.00523331 0.999864 0.0156285 -0.831627 0.02314 -0.0157456 0.999608 52.5606 
0.99975 -0.00505553 -0.0217856 -1.37174 0.00539053 0.999868 0.0153439 -0.846586 0.0217051 -0.0154575 0.999645 53.7181 
0.999766 -0.00571207 -0.0208471 -1.44847 0.00601188 0.999879 0.0143451 -0.856781 0.0207626 -0.0144671 0.99968 54.9274 
0.999739 -0.00578926 -0.0220931 -1.50559 0.00613332 0.999861 0.0155353 -0.873634 0.022 -0.0156667 0.999635 56.1492 
0.999646 -0.00921233 -0.0249714 -1.53854 0.00961649 0.999824 0.0161114 -0.875674 0.0248186 -0.0163458 0.999558 57.378 
0.999629 -0.00818817 -0.0259912 -1.58835 0.00862815 0.999821 0.0168598 -0.885935 0.0258484 -0.0170777 0.99952 58.5911 
0.999593 -0.00720617 -0.0276122 -1.63202 0.0077025 0.99981 0.0179094 -0.911978 0.0274779 -0.0181148 0.999458 59.8155 
0.999568 -0.00817511 -0.0282495 -1.68833 0.00868379 0.999802 0.0179297 -0.931102 0.0280973 -0.0181672 0.99944 61.0083 
0.999572 -0.00839779 -0.0280397 -1.75213 0.00886804 0.999821 0.0166873 -0.919401 0.0278945 -0.0169288 0.999468 62.2428 
0.999561 -0.0104044 -0.0277526 -1.80958 0.0108505 0.999814 0.0159689 -0.931832 0.0275812 -0.016263 0.999487 63.4601 
0.99957 -0.00967207 -0.0276858 -1.87961 0.0101879 0.999776 0.0185485 -0.95112 0.0275001 -0.0188226 0.999445 64.6543 
0.999424 -0.0132595 -0.0312514 -1.87212 0.0138485 0.999729 0.0187069 -0.948861 0.0309948 -0.0191288 0.999337 65.8591 
0.99948 -0.01189 -0.0299799 -1.97362 0.0124264 0.999765 0.0177678 -0.949194 0.0297616 -0.018131 0.999393 66.9914 
0.999501 -0.0108141 -0.0296663 -2.03213 0.0113246 0.99979 0.0170934 -0.965938 0.0294752 -0.0174208 0.999414 68.2208 
0.999541 -0.00847241 -0.0290909 -2.08939 0.00899681 0.999799 0.0179418 -0.983638 0.0289329 -0.0181953 0.999416 69.4286 
0.999568 -0.0076834 -0.0283615 -2.16945 0.00818384 0.999812 0.0175696 -0.982779 0.0282212 -0.017794 0.999443 70.6035 
0.999516 -0.011001 -0.0290835 -2.21371 0.0114857 0.999797 0.0165473 -0.976365 0.0288956 -0.0168733 0.99944 71.7926 
0.999535 -0.0125488 -0.0277964 -2.27639 0.013046 0.999757 0.0177782 -0.993738 0.0275665 -0.0181325 0.999456 72.9582 
0.999567 -0.0116084 -0.0270265 -2.31431 0.0121119 0.999755 0.0185423 -0.997992 0.0268046 -0.0188615 0.999463 74.1386 
0.999589 -0.0142122 -0.0249099 -2.35877 0.0146425 0.999745 0.0171738 -1.01308 0.0246594 -0.0175315 0.999542 75.3563 
0.999626 -0.0170173 -0.0214121 -2.41943 0.0172891 0.999772 0.0125706 -1.01965 0.0211932 -0.0129361 0.999692 76.5154 
0.999665 -0.0174521 -0.0191299 -2.4645 0.0177148 0.99975 0.0136491 -1.04814 0.0188869 -0.0139834 0.999724 77.7006 
0.999673 -0.0208091 -0.0148678 -2.55098 0.0210831 0.999606 0.0185155 -1.08254 0.0144767 -0.0188228 0.999718 78.8576 
0.999761 -0.0189572 -0.0108499 -2.6131 0.0191688 0.999621 0.0197367 -1.08945 0.0104716 -0.0199399 0.999746 80.0633 
0.999819 -0.0185528 -0.00433174 -2.66851 0.01863 0.999655 0.0185081 -1.10411 0.00398682 -0.0185854 0.999819 81.1937 
0.999751 -0.0222894 0.00075314 -2.72575 0.0222743 0.999621 0.016182 -1.08932 -0.00111358 -0.0161611 0.999869 82.3587 
0.99976 -0.0213374 0.00488219 -2.75349 0.0212822 0.999712 0.0110854 -1.08344 -0.00511736 -0.0109788 0.999927 83.5353 
0.999707 -0.0225205 0.00889623 -2.77163 0.0224126 0.999676 0.01205 -1.11658 -0.00916477 -0.0118471 0.999888 84.6939 
0.999656 -0.0215485 0.0149548 -2.87209 0.0213477 0.999682 0.0134632 -1.1297 -0.0152402 -0.0131393 0.999798 85.969 
0.99961 -0.0199666 0.019529 -2.87832 0.0197005 0.999712 0.0137258 -1.14828 -0.0197975 -0.0133357 0.999715 87.1245 
0.999546 -0.0199101 0.0226326 -2.84531 0.0196618 0.999745 0.0111452 -1.14684 -0.0228488 -0.0106951 0.999682 88.3056 
0.999391 -0.0209699 0.0278889 -2.86199 0.0207282 0.999745 0.0089288 -1.16791 -0.0280691 -0.00834523 0.999571 89.4972 
0.999257 -0.0225623 0.0312602 -2.85375 0.0223123 0.999716 0.00832378 -1.17472 -0.0314392 -0.00762006 0.999477 90.6607 
0.999122 -0.0244959 0.0340011 -2.84094 0.0241826 0.999662 0.00959745 -1.19133 -0.0342248 -0.00876674 0.999376 91.801 
0.999022 -0.0237731 0.0372879 -2.83857 0.0233858 0.999668 0.0107893 -1.203 -0.0375321 -0.00990668 0.999246 92.9121 
0.998881 -0.02417 0.0406568 -2.81546 0.0236819 0.999642 0.0124441 -1.20582 -0.040943 -0.0114673 0.999096 94.096 
0.99878 -0.0261831 0.0418807 -2.73876 0.0256316 0.999578 0.0136525 -1.22451 -0.0422206 -0.0125623 0.999029 95.2977 
0.998681 -0.0278853 0.0431051 -2.66449 0.0274003 0.999555 0.0118024 -1.23988 -0.0434151 -0.0106057 0.999001 96.5387 
0.998571 -0.0268679 0.0461972 -2.64624 0.0265394 0.999618 0.00771099 -1.23963 -0.0463867 -0.00647388 0.998903 97.7513 
0.998527 -0.0237301 0.0487931 -2.63169 0.0235163 0.999711 0.00495314 -1.24022 -0.0488966 -0.00379837 0.998797 98.9684 
0.998484 -0.0199686 0.0512893 -2.62957 0.0198186 0.999798 0.00343259 -1.24625 -0.0513475 -0.00241086 0.998678 100.058 
0.998474 -0.0188905 0.0518984 -2.60841 0.0187177 0.999818 0.00381478 -1.2554 -0.051961 -0.0028375 0.998645 101.227 
0.998398 -0.0198343 0.0529906 -2.64574 0.0195128 0.999788 0.00657798 -1.2979 -0.0531099 -0.00553341 0.998573 102.45 
0.998377 -0.0200796 0.0532904 -2.65285 0.0196921 0.999776 0.00778801 -1.30571 -0.0534349 -0.00672593 0.998549 103.605 
0.998439 -0.0192318 0.0524476 -2.63985 0.0188144 0.999787 0.00844192 -1.31497 -0.0525988 -0.00744193 0.998588 104.769 
0.998518 -0.0188464 0.0510552 -2.64569 0.0184282 0.999793 0.00864909 -1.31547 -0.0512077 -0.00769537 0.998658 105.917 
0.998694 -0.0187738 0.0475236 -2.5718 0.0184425 0.999803 0.00740106 -1.30134 -0.0476532 -0.00651489 0.998843 107.159 
0.998824 -0.0178392 0.0450843 -2.55767 0.0175592 0.999824 0.00660073 -1.31024 -0.0451941 -0.00580128 0.998961 108.293 
0.998927 -0.0167805 0.0431592 -2.59596 0.0164936 0.99984 0.00699461 -1.32314 -0.0432697 -0.00627521 0.999044 109.427 
0.999044 -0.0156297 0.0408204 -2.61223 0.0153653 0.999859 0.00678419 -1.32721 -0.0409207 -0.00615044 0.999144 110.662 
0.999158 -0.0148988 0.0382362 -2.65226 0.0146294 0.999866 0.00731598 -1.34206 -0.0383401 -0.0067504 0.999242 111.828 
0.999299 -0.0141319 0.0346716 -2.63946 0.0138836 0.999876 0.00739362 -1.36687 -0.0347718 -0.00690703 0.999371 113.065 
0.999387 -0.0137661 0.0321912 -2.70212 0.013528 0.99988 0.00760273 -1.38492 -0.032292 -0.00716254 0.999453 114.344 
0.999489 -0.0127121 0.0293322 -2.72757 0.0125117 0.999897 0.00701001 -1.38895 -0.0294183 -0.00663939 0.999545 115.496 
0.999643 -0.010174 0.0247126 -2.72547 0.0100223 0.99993 0.00625925 -1.40251 -0.0247746 -0.0060093 0.999675 116.738 
0.999736 -0.00982209 0.0207679 -2.7438 0.00970206 0.999936 0.0058741 -1.42382 -0.0208243 -0.00567102 0.999767 117.991 
0.999819 -0.00777512 0.0173554 -2.74087 0.00768099 0.999955 0.00548611 -1.42888 -0.0173973 -0.00535177 0.999834 119.283 
0.999811 -0.00556004 0.0186355 -2.8354 0.00544715 0.999967 0.00610527 -1.46077 -0.0186689 -0.00600256 0.999808 120.445 
0.999796 -0.00395097 0.0198301 -2.9863 0.00385179 0.99998 0.00503937 -1.46652 -0.0198497 -0.00496192 0.999791 121.777 
0.999789 -0.00265079 0.0203738 -3.0132 0.00253476 0.99998 0.00572078 -1.47794 -0.0203886 -0.00566789 0.999776 123.039 
0.999801 -0.000596662 0.0199237 -3.00624 0.000479515 0.999983 0.00588616 -1.47963 -0.0199269 -0.00587539 0.999784 124.29 
0.999778 0.00176872 0.0209804 -3.03903 -0.00186535 0.999988 0.00458953 -1.44041 -0.020972 -0.00462761 0.999769 125.566 
0.999798 0.00471266 0.0195327 -3.0234 -0.00485554 0.999962 0.00727585 -1.45355 -0.0194977 -0.00736918 0.999783 126.819 
0.999785 0.00650715 0.0196953 -3.04821 -0.00669925 0.99993 0.00970587 -1.45716 -0.0196308 -0.00983569 0.999759 128.117 
0.999792 0.0055847 0.0196321 -3.0316 -0.00578007 0.999934 0.00991108 -1.47518 -0.0195755 -0.0100224 0.999758 129.32 
0.99978 0.00705552 0.0197761 -3.06237 -0.0071973 0.999949 0.00710952 -1.4542 -0.019725 -0.00725024 0.999779 130.643 
0.999812 0.00454147 0.0188622 -3.05983 -0.00470252 0.999953 0.00850503 -1.45618 -0.0188227 -0.00859209 0.999786 131.916 
0.999808 0.00296683 0.0193631 -3.08488 -0.00318259 0.999933 0.0111238 -1.47494 -0.0193289 -0.0111833 0.999751 133.248 
0.999853 -0.00187363 0.0170605 -3.04019 0.00167642 0.999932 0.0115684 -1.4667 -0.0170811 -0.0115381 0.999788 134.547 
0.999885 -0.00570142 0.0140896 -2.99272 0.00555352 0.999929 0.0105166 -1.44399 -0.0141486 -0.010437 0.999845 135.754 
0.999828 -0.00987311 0.0156781 -3.00717 0.00972789 0.999909 0.00931476 -1.45434 -0.0157687 -0.0091606 0.999834 137.073 
0.999783 -0.0129388 0.0163135 -3.02051 0.0128025 0.999882 0.00843621 -1.46824 -0.0164208 -0.00822548 0.999831 138.37 
0.999784 -0.011918 0.0170575 -3.03526 0.0117738 0.999894 0.00853 -1.48305 -0.0171574 -0.00832728 0.999818 139.69 
0.999767 -0.0135618 0.0167804 -3.01368 0.0134272 0.999877 0.00811424 -1.49399 -0.0168884 -0.007887 0.999826 140.973 
0.999739 -0.0150113 0.0172105 -3.03089 0.0148316 0.999835 0.0105231 -1.51284 -0.0173656 -0.010265 0.999797 142.252 
0.999776 -0.0111973 0.0179369 -3.02912 0.0109882 0.999871 0.0117169 -1.50502 -0.0180659 -0.0115172 0.999771 143.555 
0.999751 -0.0119949 0.0188043 -3.04345 0.0118102 0.999881 0.00990435 -1.51778 -0.0189209 -0.00967976 0.999774 144.82 
0.999729 -0.0111106 0.0204828 -3.0647 0.0109634 0.999913 0.00728989 -1.50796 -0.0205621 -0.00706331 0.999764 146.086 
0.999694 -0.0117688 0.0217813 -3.09866 0.0116517 0.999917 0.00549547 -1.53468 -0.0218442 -0.00523995 0.999748 147.33 
0.999638 -0.0123752 0.0239111 -3.13811 0.0123382 0.999922 0.0016982 -1.55192 -0.0239303 -0.00140253 0.999713 148.575 
0.999636 -0.0132392 0.0235028 -3.1114 0.0132922 0.999909 -0.00210115 -1.56119 -0.0234729 0.00241283 0.999722 149.893 
0.999631 -0.0126049 0.0240708 -3.10876 0.0126704 0.999916 -0.00257071 -1.58765 -0.0240364 0.00287479 0.999707 151.13 
0.999596 -0.0157988 0.0236402 -3.08118 0.015871 0.99987 -0.00286721 -1.61083 -0.0235919 0.00324128 0.999716 152.329 
0.999607 -0.0154876 0.0233661 -3.06284 0.0155568 0.999875 -0.0027816 -1.63324 -0.0233201 0.00314405 0.999723 153.618 
0.999604 -0.014585 0.024066 -3.05283 0.0146264 0.999892 -0.0015423 -1.66407 -0.0240409 0.00189373 0.999709 154.914 
0.999637 -0.0120023 0.0241033 -3.07093 0.0120549 0.999925 -0.00203583 -1.66032 -0.0240771 0.0023257 0.999707 156.169 
0.999672 -0.0121422 0.022567 -3.05455 0.0122066 0.999922 -0.00271357 -1.67789 -0.0225323 0.00298819 0.999742 157.498 
0.999696 -0.0119762 0.0215654 -3.04236 0.0120405 0.999923 -0.00285194 -1.7041 -0.0215296 0.00311077 0.999763 158.74 
0.999705 -0.0119746 0.0211451 -3.03304 0.012021 0.999926 -0.00206512 -1.70957 -0.0211188 0.00231874 0.999774 159.994 
0.999703 -0.00961002 0.0223843 -3.09617 0.00965226 0.999952 -0.00177756 -1.74125 -0.0223662 0.00199313 0.999748 161.263 
0.999732 -0.00925519 0.021219 -3.10715 0.00930972 0.999954 -0.0024704 -1.7778 -0.0211952 0.00266732 0.999772 162.481 
0.999709 -0.0081702 0.0226986 -3.1233 0.00824473 0.999961 -0.00318987 -1.81367 -0.0226717 0.00337613 0.999737 163.761 
0.999746 -0.0085741 0.0208468 -3.1035 0.00865696 0.999955 -0.00388565 -1.84042 -0.0208126 0.00406518 0.999775 165.047 
0.999771 -0.00879764 0.0194875 -3.07759 0.00891221 0.999944 -0.00579767 -1.85108 -0.0194355 0.00597007 0.999793 166.328 
0.999777 -0.00943752 0.0189079 -3.08603 0.00955308 0.999936 -0.00602813 -1.90297 -0.0188499 0.00620745 0.999803 167.596 
0.999773 -0.00750815 0.0199491 -3.11532 0.00764309 0.999948 -0.00669454 -1.91405 -0.0198978 0.00684553 0.999779 168.867 
0.999786 -0.00870383 0.0187808 -3.12914 0.00880446 0.999947 -0.00528006 -1.94857 -0.0187339 0.00544432 0.99981 170.123 
0.999806 -0.00921806 0.0173991 -3.09373 0.00931912 0.99994 -0.00573348 -1.95762 -0.0173453 0.00589456 0.999832 171.46 
0.99983 -0.00872442 0.0162339 -3.10782 0.00879782 0.999951 -0.00445285 -1.99879 -0.0161943 0.00459495 0.999858 172.707 
0.99983 -0.00844926 0.0163698 -3.11548 0.00852979 0.999952 -0.00485318 -2.02198 -0.016328 0.00499203 0.999854 173.916 
0.999831 -0.0087771 0.0161253 -3.11559 0.00886394 0.999947 -0.0053193 -2.07424 -0.0160778 0.00546138 0.999856 175.132 
0.999839 -0.00842311 0.0158616 -3.14078 0.00851966 0.999946 -0.006027 -2.10534 -0.01581 0.0061612 0.999856 176.375 
0.999859 -0.00940473 0.0139124 -3.11236 0.00948059 0.999941 -0.00539373 -2.14495 -0.0138608 0.00552491 0.999889 177.662 
0.999864 -0.00851928 0.0141259 -3.1217 0.00860592 0.999945 -0.00608104 -2.17484 -0.0140734 0.00620182 0.999882 178.943 
0.999843 -0.0110338 0.0138903 -3.11897 0.0111248 0.999917 -0.00648245 -2.21803 -0.0138176 0.006636 0.999883 180.193 
0.999815 -0.0135144 0.0136824 -3.13151 0.0135999 0.999889 -0.00617307 -2.25459 -0.0135974 0.00635804 0.999887 181.467 
0.999795 -0.0146731 0.0139488 -3.16653 0.0147206 0.999886 -0.00330526 -2.27157 -0.0138988 0.00350996 0.999897 182.739 
0.999762 -0.0173516 0.0132531 -3.17063 0.0173377 0.999849 0.0011662 -2.29018 -0.0132713 -0.000936102 0.999912 184.034 
0.999764 -0.0165047 0.0140984 -3.18544 0.0164971 0.999864 0.000664472 -2.31435 -0.0141074 -0.000431692 0.9999 185.288 
0.999771 -0.0169585 0.0130728 -3.18244 0.0170026 0.99985 -0.00326969 -2.32931 -0.0130154 0.00349125 0.999909 186.502 
0.999564 -0.0274119 0.010935 -3.19162 0.0274757 0.999606 -0.00572032 -2.3951 -0.0107739 0.00601832 0.999924 187.733 
0.99967 -0.0233481 0.010687 -3.1978 0.0234041 0.999713 -0.00513606 -2.40801 -0.0105641 0.00538453 0.99993 189.027 
0.999658 -0.0238153 0.010842 -3.21802 0.0238538 0.99971 -0.00342807 -2.44767 -0.0107573 0.00368556 0.999935 190.226 
0.999666 -0.0230777 0.0116639 -3.23771 0.0230983 0.999732 -0.00162945 -2.46565 -0.0116232 0.00189837 0.999931 191.464 
0.999614 -0.0243844 0.0133251 -3.27126 0.0243968 0.999702 -0.000762705 -2.50746 -0.0133026 0.00108754 0.999911 192.727 
0.999583 -0.0244471 0.0153953 -3.29561 0.0244621 0.9997 -0.000789215 -2.53642 -0.0153714 0.00116553 0.999881 193.977 
0.999652 -0.0206224 0.0164651 -3.27756 0.0206521 0.999785 -0.00163528 -2.54212 -0.0164279 0.00197479 0.999863 195.252 
0.999631 -0.0210788 0.017154 -3.27585 0.0211475 0.999769 -0.00383563 -2.57016 -0.0170693 0.00419702 0.999846 196.494 
0.999649 -0.017868 0.0195682 -3.29444 0.0179381 0.999833 -0.00341058 -2.5997 -0.019504 0.00376044 0.999803 197.695 
0.999622 -0.0178479 0.0208924 -3.28197 0.0179022 0.999837 -0.00240985 -2.63842 -0.0208461 0.002783 0.999779 198.897 
0.999605 -0.0181464 0.0214569 -3.2665 0.0181616 0.999835 -0.000507846 -2.65869 -0.0214441 0.000897377 0.99977 200.138 
0.999541 -0.0200166 0.0227419 -3.2889 0.0200373 0.999799 -0.000684137 -2.71295 -0.0227236 0.00113955 0.999741 201.303 
0.999502 -0.0206728 0.0238523 -3.27249 0.0207002 0.999785 -0.00090239 -2.73388 -0.0238286 0.00139573 0.999715 202.571 
0.999504 -0.0207799 0.0236587 -3.23656 0.0207992 0.999784 -0.000568005 -2.76007 -0.0236418 0.00105985 0.99972 203.768 
0.999448 -0.0218327 0.025051 -3.25108 0.0218572 0.999761 -0.000701932 -2.79318 -0.0250298 0.00124913 0.999686 204.962 
0.999431 -0.0213846 0.0260994 -3.24732 0.0214066 0.999771 -0.000561861 -2.8226 -0.0260814 0.00112028 0.999659 206.182 
0.999423 -0.0219735 0.0259037 -3.21815 0.0219757 0.999759 0.000202495 -2.86203 -0.0259019 0.000366916 0.999664 207.356 
0.999357 -0.0234752 0.0271151 -3.23167 0.0234765 0.999724 0.000271871 -2.8896 -0.027114 0.000364915 0.999632 208.523 
0.999339 -0.0237345 0.0275222 -3.22006 0.0237147 0.999718 0.00104825 -2.91518 -0.0275393 -0.000394834 0.999621 209.677 
0.999337 -0.0253024 0.0261757 -3.182 0.025264 0.999679 0.00179772 -2.93662 -0.0262128 -0.00113518 0.999656 210.833 
0.999368 -0.0243756 0.0258734 -3.17214 0.0243419 0.999702 0.00161609 -2.96526 -0.0259052 -0.000985219 0.999664 211.999 
0.999332 -0.025344 0.0263266 -3.16196 0.0253299 0.999679 0.000871594 -2.99837 -0.0263403 -0.00020412 0.999653 213.125 
0.99937 -0.0240448 0.0261064 -3.16529 0.02404 0.999711 0.00049964 -3.03355 -0.0261109 0.000128316 0.999659 214.192 
0.999372 -0.0249529 0.0251587 -3.14872 0.0249805 0.999688 -0.00078006 -3.0512 -0.0251314 0.00140809 0.999683 215.26 
0.999381 -0.0266545 0.0229609 -3.12654 0.0266801 0.999644 -0.000810208 -3.07783 -0.0229312 0.00142235 0.999736 216.303 
0.999442 -0.0262922 0.0206086 -3.10648 0.0262879 0.999654 0.000482674 -3.1153 -0.0206142 5.93949e-05 0.999788 217.283 
0.999483 -0.0269038 0.0175931 -3.08136 0.0268888 0.999638 0.00108648 -3.11717 -0.017616 -0.000612822 0.999845 218.354 
0.999528 -0.0267394 0.0151045 -3.07781 0.0267079 0.999641 0.00228337 -3.13442 -0.0151602 -0.00187884 0.999883 219.411 
0.999544 -0.027499 0.0125154 -3.05545 0.0274635 0.999618 0.00300745 -3.18259 -0.0125933 -0.00266232 0.999917 220.476 
0.999558 -0.0279426 0.0101409 -3.06744 0.0279126 0.999606 0.00309649 -3.21571 -0.0102235 -0.00281202 0.999944 221.489 
0.999573 -0.0283035 0.00726249 -3.08438 0.028285 0.999596 0.00263828 -3.22207 -0.00733428 -0.00243169 0.99997 222.443 
0.999614 -0.0274552 0.00419462 -3.08532 0.0274424 0.999619 0.00310735 -3.24108 -0.00427838 -0.002991 0.999986 223.408 
0.999654 -0.026302 0.000835822 -3.08865 0.0262996 0.99965 0.00278101 -3.2613 -0.000908717 -0.00275803 0.999996 224.348 
0.999675 -0.0253637 -0.00258804 -3.1141 0.02537 0.999675 0.0024105 -3.27623 0.00252602 -0.00247534 0.999994 225.238 
0.999621 -0.0263587 -0.00790565 -3.10441 0.0263694 0.999652 0.00124821 -3.29924 0.00786995 -0.00145616 0.999968 226.129 
0.999611 -0.0252103 -0.0119635 -3.11869 0.0252203 0.999682 0.000683493 -3.30602 0.0119424 -0.000984906 0.999928 227.002 
0.999572 -0.025086 -0.0150739 -3.14451 0.0250784 0.999685 -0.000693252 -3.32818 0.0150865 0.000314968 0.999886 227.842 
0.999592 -0.0230701 -0.016837 -3.18134 0.0230698 0.999734 -0.000212253 -3.35876 0.0168374 -0.000176218 0.999858 228.65 
0.999594 -0.021841 -0.0183142 -3.20342 0.0218402 0.999761 -0.000245101 -3.37589 0.0183152 -0.000154941 0.999832 229.453 
0.999585 -0.0219944 -0.0186268 -3.22775 0.0219994 0.999758 6.44849e-05 -3.38858 0.0186208 -0.000474194 0.999827 230.21 
0.999646 -0.0196549 -0.0179497 -3.26201 0.0196756 0.999806 0.000973741 -3.39913 0.017927 -0.00132652 0.999838 230.971 
0.999606 -0.0219954 -0.0174484 -3.29313 0.0220116 0.999757 0.000736122 -3.42915 0.017428 -0.00111986 0.999848 231.721 
0.999655 -0.0197843 -0.0172834 -3.3227 0.0197699 0.999804 -0.0010041 -3.44734 0.0172999 0.000662103 0.99985 232.448 
0.999643 -0.0209299 -0.016581 -3.35634 0.0209042 0.99978 -0.00172626 -3.48734 0.0166134 0.00137907 0.999861 233.148 
0.999682 -0.020247 -0.0150367 -3.37429 0.0202093 0.999792 -0.00265804 -3.50633 0.0150873 0.00235335 0.999883 233.884 
0.999732 -0.0190211 -0.0131911 -3.40729 0.018992 0.999817 -0.00233162 -3.53376 0.013233 0.00208051 0.99991 234.611 
0.999735 -0.0203559 -0.0107685 -3.45729 0.0203335 0.999791 -0.00218843 -3.56501 0.0108108 0.00196894 0.99994 235.314 
0.999741 -0.0209459 -0.00895949 -3.47293 0.0209311 0.999779 -0.00174633 -3.5908 0.00899405 0.00155838 0.999958 236.038 
0.999752 -0.0209725 -0.00743323 -3.48573 0.0209599 0.999779 -0.00177143 -3.61672 0.00746869 0.00161524 0.999971 236.757 
0.999785 -0.0197278 -0.00645382 -3.45198 0.0197061 0.9998 -0.00341229 -3.5969 0.00651981 0.00328442 0.999973 237.487 
0.999783 -0.0206103 -0.00297736 -3.4841 0.0206042 0.999786 -0.00210045 -3.6391 0.00301997 0.00203869 0.999993 238.219 
0.999763 -0.0217848 -0.00065518 -3.47735 0.0217843 0.999762 -0.000860833 -3.65865 0.000673735 0.000846398 0.999999 238.941 
0.999753 -0.0221183 0.00226292 -3.48921 0.0221196 0.999755 -0.000537947 -3.67426 -0.00225051 0.000587912 0.999997 239.643 
0.999741 -0.0222572 0.00480018 -3.48941 0.0222615 0.999752 -0.000846969 -3.69181 -0.00478018 0.000953651 0.999988 240.325 
0.999702 -0.0231079 0.00791816 -3.49998 0.0231203 0.999732 -0.00147991 -3.70224 -0.00788188 0.00166258 0.999968 241.042 
0.999651 -0.0238414 0.0113636 -3.5087 0.0238519 0.999715 -0.000784529 -3.72818 -0.0113417 0.00105534 0.999935 241.718 
0.999653 -0.0218807 0.0146833 -3.51628 0.0219002 0.99976 -0.0011655 -3.7486 -0.0146543 0.00148671 0.999892 242.394 
0.999565 -0.0223319 0.0192554 -3.53882 0.0223546 0.99975 -0.000961157 -3.76176 -0.0192291 0.00139123 0.999814 243.087 
0.999498 -0.0223886 0.0224137 -3.53515 0.0223746 0.999749 0.00087777 -3.78577 -0.0224277 -0.000375791 0.999748 243.8 
0.999436 -0.0215731 0.0257196 -3.54245 0.021566 0.999767 0.000555267 -3.79165 -0.0257257 -2.42371e-07 0.999669 244.467 
0.99935 -0.0211611 0.0291735 -3.53616 0.0211487 0.999776 0.000736792 -3.80408 -0.0291826 -0.000119291 0.999574 245.189 
0.999245 -0.0204857 0.0330213 -3.54411 0.0205122 0.99979 -0.00046379 -3.82145 -0.0330049 0.00114082 0.999455 245.886 
0.999228 -0.018624 0.0345902 -3.52767 0.01873 0.999821 -0.00274125 -3.8351 -0.034533 0.00338705 0.999398 246.595 
0.999127 -0.0216962 0.0357064 -3.51177 0.0218833 0.999749 -0.00485653 -3.84537 -0.0355921 0.0056337 0.999351 247.305 
0.999132 -0.020108 0.0364945 -3.49931 0.0203248 0.999778 -0.00557937 -3.85965 -0.0363742 0.00631631 0.999318 248.023 
0.999152 -0.0186833 0.0366784 -3.47944 0.0189528 0.999796 -0.00701308 -3.86265 -0.0365399 0.00770233 0.999303 248.736 
0.999151 -0.0191995 0.0364644 -3.46227 0.0194616 0.999787 -0.00684592 -3.90078 -0.0363253 0.00754981 0.999312 249.435 
0.999135 -0.0174546 0.0377563 -3.44412 0.017739 0.999817 -0.00721174 -3.9511 -0.0376235 0.0078753 0.999261 249.996 
0.99908 -0.0178969 0.0389715 -3.44554 0.0182676 0.999791 -0.00917608 -3.95669 -0.0387992 0.0098796 0.999198 250.759 
0.998998 -0.0213901 0.0393076 -3.43346 0.0218511 0.999697 -0.0113336 -3.98184 -0.0390533 0.0121812 0.999163 251.526 
0.998847 -0.0248703 0.0410657 -3.44085 0.0253735 0.999609 -0.0117778 -4.00606 -0.0407568 0.0128063 0.999087 252.193 
0.998887 -0.0230643 0.0411372 -3.40683 0.0233949 0.999698 -0.00757075 -4.02541 -0.0409502 0.00852476 0.999125 252.875 
0.998955 -0.019855 0.0411745 -3.38123 0.0198908 0.999802 -0.000457791 -4.06626 -0.0411573 0.00127635 0.999152 253.593 
0.998977 -0.0196654 0.040734 -3.35274 0.0195323 0.999803 0.00366317 -4.08508 -0.040798 -0.00286375 0.999163 254.387 
0.998882 -0.0214111 0.0421427 -3.31456 0.0213822 0.999771 0.00113673 -4.0909 -0.0421574 -0.000234313 0.999111 255.185 
0.998718 -0.0216474 0.045757 -3.28388 0.0218887 0.999749 -0.00477692 -4.11194 -0.0456422 0.0057724 0.998941 255.991 
0.998575 -0.0182157 0.0501621 -3.27442 0.0186913 0.999785 -0.00902851 -4.11058 -0.0499869 0.00995328 0.9987 256.794 
0.99836 -0.0176596 0.0544576 -3.26469 0.0181817 0.999793 -0.00910601 -4.12102 -0.0542855 0.0100812 0.998475 257.619 
0.998125 -0.0183735 0.0583837 -3.23543 0.0187753 0.999804 -0.00633999 -4.14865 -0.0582558 0.00742431 0.998274 258.448 
0.997786 -0.0227487 0.0624965 -3.21307 0.0229332 0.999735 -0.00223496 -4.17845 -0.0624291 0.0036633 0.998043 259.296 
0.997516 -0.0257372 0.0655664 -3.17684 0.02586 0.999665 -0.00102449 -4.19232 -0.0655181 0.00271753 0.997848 260.125 
0.997287 -0.0276566 0.0682169 -3.1322 0.0277309 0.999615 -0.00014179 -4.21973 -0.0681868 0.00203316 0.997671 260.921 
0.997144 -0.0263218 0.070782 -3.09785 0.026527 0.999646 -0.00195937 -4.25068 -0.0707054 0.00383145 0.99749 261.718 
0.996943 -0.0261855 0.0736112 -3.06505 0.0265561 0.999639 -0.00405947 -4.26949 -0.0734784 0.00600193 0.997279 262.55 
0.996765 -0.0250889 0.0763588 -3.01945 0.0254709 0.999667 -0.0040328 -4.28271 -0.0762322 0.00596472 0.997072 263.388 
0.996523 -0.0225005 0.0802257 -2.99721 0.0228283 0.999734 -0.00317151 -4.26975 -0.0801331 0.00499195 0.996772 264.212 
0.996159 -0.0210451 0.0849967 -2.97016 0.0213429 0.999769 -0.00259557 -4.26979 -0.0849225 0.00439972 0.996378 265.067 
0.995882 -0.0203727 0.0883456 -2.93148 0.0207208 0.999781 -0.0030242 -4.28234 -0.0882646 0.00484238 0.996085 265.893 
0.995524 -0.0219312 0.0919299 -2.90983 0.0223141 0.999746 -0.00313928 -4.30893 -0.0918378 0.0051766 0.995761 266.694 
0.995227 -0.0228051 0.09489 -2.85246 0.0232417 0.999724 -0.00349788 -4.32036 -0.0947841 0.00568664 0.995482 267.52 
0.994813 -0.0256202 0.0984374 -2.82413 0.0261211 0.999652 -0.00380235 -4.31556 -0.0983057 0.00635396 0.995136 268.331 
0.994708 -0.0262716 0.0993258 -2.75564 0.0267071 0.999639 -0.0030562 -4.34351 -0.0992096 0.00569277 0.99505 269.181 
0.994677 -0.0271024 0.0994096 -2.67867 0.0275999 0.999612 -0.003632 -4.35892 -0.0992727 0.0063564 0.99504 270.028 
0.9946 -0.0269868 0.100215 -2.61387 0.0275186 0.999614 -0.00392723 -4.36885 -0.10007 0.00666384 0.994958 270.844 
0.994699 -0.0263484 0.0993995 -2.51689 0.0268308 0.999634 -0.00351919 -4.38276 -0.0992704 0.00616754 0.995041 271.726 
0.994701 -0.0259088 0.0994896 -2.4548 0.0263632 0.999647 -0.00325513 -4.39292 -0.0993702 0.00586079 0.995033 272.576 
0.994829 -0.0252487 0.0983767 -2.39314 0.0257674 0.99966 -0.00400537 -4.41183 -0.0982422 0.00651961 0.995141 273.423 
0.994834 -0.0247135 0.0984571 -2.35304 0.0254408 0.999658 -0.00613759 -4.4167 -0.0982718 0.00861075 0.995122 274.271 
0.99502 -0.0249879 0.0964923 -2.29383 0.0256861 0.999652 -0.00600045 -4.45349 -0.0963088 0.00844912 0.995316 275.119 
0.995289 -0.0236828 0.0940125 -2.22143 0.0244033 0.999681 -0.00652157 -4.4711 -0.0938281 0.0087851 0.99555 275.979 
0.995453 -0.0228534 0.0924677 -2.16588 0.023599 0.999697 -0.00697765 -4.49835 -0.0922803 0.00912812 0.995691 276.825 
0.99558 -0.0230465 0.0910502 -2.10637 0.0236513 0.999705 -0.00556916 -4.52285 -0.090895 0.00769804 0.995831 277.661 
0.99577 -0.0222973 0.089131 -2.0803 0.0228552 0.999725 -0.0052428 -4.53325 -0.0889897 0.00725778 0.996006 278.491 
0.995994 -0.0247576 0.0859259 -2.04401 0.0250584 0.999683 -0.00242375 -4.55474 -0.0858387 0.00456725 0.996299 279.326 
0.996357 -0.0238094 0.0818852 -1.99762 0.0240339 0.99971 -0.00175595 -4.55328 -0.0818196 0.00371761 0.99664 280.154 
0.996662 -0.0238022 0.07809 -1.95737 0.0239159 0.999714 -0.000520231 -4.55641 -0.0780553 0.00238613 0.996946 280.987 
0.996948 -0.0231332 0.0745593 -1.93454 0.023208 0.999731 -0.000136803 -4.57796 -0.0745361 0.0018668 0.997217 281.816 
0.99725 -0.0237084 0.0702205 -1.89736 0.0238045 0.999717 -0.000531066 -4.58155 -0.070188 0.00220121 0.997531 282.629 
0.997475 -0.023428 0.0670451 -1.91682 0.0235018 0.999724 -0.000312205 -4.58272 -0.0670193 0.00188714 0.99775 283.352 
0.997728 -0.0245998 0.0627172 -1.8747 0.0246648 0.999696 -0.000261422 -4.61313 -0.0626918 0.00180777 0.998031 284.155 
0.997981 -0.0232206 0.0591091 -1.85186 0.0233053 0.999728 -0.000742404 -4.63898 -0.0590758 0.0021185 0.998251 284.913 
0.998211 -0.0230717 0.0551558 -1.83351 0.0231688 0.999731 -0.00112242 -4.64461 -0.0551151 0.00239835 0.998477 285.714 
0.99838 -0.0237132 0.0517231 -1.81484 0.0237921 0.999717 -0.000908596 -4.66671 -0.0516869 0.00213777 0.998661 286.428 
0.998548 -0.0238826 0.0482962 -1.81674 0.023955 0.999713 -0.000918857 -4.69179 -0.0482604 0.0020745 0.998833 287.108 
0.998769 -0.023326 0.0437861 -1.80594 0.0234642 0.999721 -0.00264352 -4.70769 -0.0437123 0.00366771 0.999037 287.802 
0.999029 -0.0217369 0.0383299 -1.83024 0.021953 0.999745 -0.00522617 -4.7138 -0.0382066 0.00606259 0.999252 288.444 
0.999322 -0.0206739 0.0304805 -1.83206 0.0208838 0.99976 -0.00658234 -4.73245 -0.0303372 0.00721447 0.999514 289.063 
0.999584 -0.0198381 0.0209505 -1.85707 0.020011 0.999767 -0.00807331 -4.74365 -0.0207855 0.00848923 0.999748 289.739 
0.999777 -0.0195664 0.00795724 -1.88266 0.0196332 0.999772 -0.00839706 -4.77103 -0.00779116 0.00855146 0.999933 290.365 
0.999799 -0.0184616 -0.00780281 -1.95573 0.0183951 0.999795 -0.00850423 -4.77933 0.00795817 0.00835903 0.999933 290.99 
0.999482 -0.0164691 -0.027653 -2.0016 0.0162441 0.999833 -0.00834338 -4.79721 0.0277857 0.00788991 0.999583 291.588 
0.998643 -0.0153228 -0.049779 -2.07089 0.0148921 0.999849 -0.00901351 -4.80825 0.0499095 0.00826001 0.99872 292.238 
0.997095 -0.0134844 -0.0749617 -2.15629 0.0128662 0.999879 -0.00872407 -4.85872 0.0750702 0.0077343 0.997148 292.816 
0.994678 -0.0118187 -0.102354 -2.24813 0.0109637 0.9999 -0.00891261 -4.8746 0.102449 0.00774304 0.994708 293.392 
0.990997 -0.0116877 -0.133371 -2.3709 0.0105925 0.999904 -0.00891867 -4.86999 0.133462 0.00742569 0.991026 294.012 
0.985698 -0.0121896 -0.168078 -2.48324 0.0110286 0.999908 -0.00783978 -4.89418 0.168159 0.00587403 0.985743 294.563 
0.978904 -0.0127361 -0.203924 -2.63532 0.0116098 0.99991 -0.00671871 -4.91393 0.203991 0.00420949 0.978964 295.057 
0.970078 -0.0118327 -0.242506 -2.78772 0.0109529 0.999928 -0.00497615 -4.92159 0.242547 0.00217116 0.970137 295.557 
0.95931 -0.0106466 -0.282153 -2.95533 0.010192 0.999943 -0.0030791 -4.94461 0.28217 7.81554e-05 0.959364 296.079 
0.94665 -0.0102026 -0.322101 -3.16597 0.0100593 0.999947 -0.00210926 -4.95545 0.322106 -0.00124334 0.946703 296.539 
0.931311 -0.00985754 -0.364091 -3.36273 0.0101089 0.999948 -0.00121542 -4.96199 0.364084 -0.00254859 0.931362 297.028 
0.913676 -0.0105883 -0.406305 -3.63315 0.011229 0.999937 -0.000807085 -4.97023 0.406287 -0.00382495 0.913737 297.479 
0.893065 -0.0106746 -0.449801 -3.91373 0.011884 0.999929 -0.000134872 -5.00488 0.449771 -0.00522493 0.893129 297.918 
0.870616 -0.0117555 -0.491823 -4.25636 0.0138751 0.999904 0.000661744 -5.02235 0.491768 -0.00740015 0.870695 298.288 
0.84367 -0.011825 -0.536732 -4.55734 0.0148739 0.999889 0.00135062 -5.02906 0.536656 -0.00912271 0.843752 298.703 
0.813731 -0.0112851 -0.581132 -4.87779 0.0147926 0.99989 0.00129635 -5.0377 0.581053 -0.00965128 0.813808 299.065 
0.781327 -0.0127986 -0.623991 -5.2631 0.0164317 0.999865 6.67568e-05 -5.02412 0.623905 -0.0103054 0.781432 299.425 
0.744026 -0.0139645 -0.668005 -5.57995 0.0198368 0.999803 0.00119354 -5.04222 0.667856 -0.014139 0.744156 299.744 
0.70473 -0.0144873 -0.709327 -5.98197 0.0237744 0.999712 0.00320222 -5.03862 0.709077 -0.0191205 0.704872 299.993 
0.658234 -0.0138773 -0.752686 -6.3613 0.0273338 0.999611 0.00547383 -5.06086 0.752317 -0.0241768 0.658357 300.287 
0.610021 -0.0103529 -0.792317 -6.76188 0.025874 0.999642 0.006859 -5.06892 0.791963 -0.0246845 0.610071 300.494 
0.560581 -0.00407063 -0.82809 -7.20219 0.0190693 0.999786 0.00799447 -5.06041 0.82788 -0.0202726 0.560539 300.662 
0.506438 0.00135617 -0.862275 -7.60131 0.0143874 0.999846 0.0100227 -5.09422 0.862156 -0.0174817 0.506341 300.847 
0.449215 0.00405943 -0.893415 -7.95339 0.0126781 0.99986 0.0109177 -5.09748 0.893334 -0.0162312 0.4491 301.021 
0.389891 0.0070191 -0.920834 -8.30806 0.0129404 0.99983 0.0131003 -5.12431 0.92077 -0.0170236 0.389734 301.19 
0.330803 0.00936702 -0.943653 -8.70967 0.0145707 0.999781 0.015032 -5.11892 0.943587 -0.0187222 0.330594 301.308 
0.270186 0.0131014 -0.962719 -9.13147 0.0155941 0.999717 0.0179813 -5.11431 0.962682 -0.019871 0.269905 301.414 
0.206503 0.015801 -0.978319 -9.54566 0.01706 0.999659 0.0197467 -5.10728 0.978297 -0.0207678 0.206163 301.486 
0.142402 0.020093 -0.989605 -9.99336 0.0163987 0.999609 0.0226558 -5.10736 0.989673 -0.0194545 0.142017 301.497 
0.0754689 0.0259622 -0.99681 -10.4511 0.0173918 0.999475 0.0273484 -5.09961 0.996997 -0.0194003 0.0749777 301.512 
0.00794407 0.0334997 -0.999407 -10.9097 0.0183624 0.999265 0.0336409 -5.10838 0.9998 -0.0186188 0.0073231 301.476 
-0.0608061 0.0400942 -0.997344 -11.3834 0.0196597 0.999047 0.0389641 -5.09089 0.997956 -0.0172382 -0.0615364 301.415 
-0.129315 0.0465325 -0.990511 -11.8801 0.0210964 0.998801 0.0441677 -5.08283 0.991379 -0.0151847 -0.130142 301.315 
-0.196959 0.0521326 -0.979025 -12.3606 0.0235754 0.998548 0.0484294 -5.06127 0.980128 -0.0135423 -0.197903 301.186 
-0.26312 0.0569338 -0.963082 -12.851 0.026761 0.998304 0.0517048 -5.05375 0.964392 -0.0121684 -0.264198 301.021 
-0.324799 0.0592072 -0.943928 -13.3253 0.0299005 0.998183 0.0523217 -5.03311 0.94531 -0.0112299 -0.325979 300.792 
-0.385356 0.0612452 -0.920733 -13.8021 0.0338315 0.998062 0.0522294 -5.02551 0.922147 -0.0110228 -0.386682 300.558 
-0.442458 0.060541 -0.894743 -14.2815 0.0346862 0.998127 0.0503837 -4.99122 0.896118 -0.0087426 -0.443729 300.276 
-0.494902 0.0627601 -0.86668 -14.7456 0.0378149 0.997999 0.050676 -4.98491 0.868126 -0.00769372 -0.496285 299.958 
-0.542176 0.0623528 -0.837949 -15.2152 0.0384689 0.998039 0.0493749 -4.95208 0.839384 -0.00546508 -0.543511 299.599 
-0.583294 0.0628081 -0.809829 -15.6923 0.0393255 0.99802 0.0490788 -4.91517 0.811309 -0.00321956 -0.584609 299.2 
-0.621248 0.0664968 -0.780788 -16.1523 0.0434875 0.997783 0.0503759 -4.88793 0.782407 -0.00265858 -0.622762 298.776 
-0.658502 0.0733145 -0.749 -16.6 0.0505842 0.997305 0.0531471 -4.86707 0.750877 -0.00289001 -0.660436 298.328 
-0.695117 0.0783793 -0.714611 -17.0454 0.0560383 0.996922 0.0548338 -4.83813 0.716709 -0.00192964 -0.697369 297.85 
-0.729537 0.0799673 -0.67925 -17.5062 0.0588111 0.996797 0.0541867 -4.80324 0.681408 -0.000416258 -0.731904 297.309 
-0.760283 0.0790711 -0.644762 -17.9511 0.0596578 0.996869 0.0519056 -4.81351 0.646847 0.000997862 -0.762619 296.72 
-0.78867 0.0776632 -0.609892 -18.3719 0.0618457 0.996979 0.0469801 -4.79544 0.611698 -0.000667348 -0.791091 296.118 
-0.813928 0.0729219 -0.576371 -18.7512 0.0601681 0.997337 0.0412151 -4.77164 0.577841 -0.00113299 -0.816148 295.457 
-0.838539 0.0703221 -0.540284 -19.1815 0.060317 0.997522 0.0362212 -4.73915 0.541493 -0.00221544 -0.840703 294.767 
-0.860257 0.0696735 -0.505078 -19.5688 0.060183 0.99757 0.0351061 -4.71942 0.506297 -0.000196844 -0.862359 294.043 
-0.880942 0.0648331 -0.468762 -19.9314 0.0556326 0.99789 0.0334651 -4.69954 0.469942 0.00340238 -0.882691 293.292 
-0.899916 0.0676899 -0.430778 -20.2969 0.0589592 0.997695 0.0336034 -4.71727 0.432059 0.00484193 -0.901832 292.489 
-0.917101 0.0690986 -0.392622 -20.6163 0.0613877 0.997595 0.0321779 -4.67264 0.393901 0.00540824 -0.919137 291.64 
-0.933331 0.0718993 -0.351745 -21.0088 0.0649349 0.99739 0.0315738 -4.6492 0.353097 0.00662819 -0.935563 290.725 
-0.94613 0.072283 -0.315617 -21.2553 0.0650983 0.997324 0.0332625 -4.63025 0.317176 0.0109245 -0.948304 289.802 
-0.957456 0.0767309 -0.278191 -21.5117 0.0697641 0.996954 0.0348724 -4.62469 0.280019 0.0139811 -0.959893 288.865 
-0.967128 0.0760057 -0.242666 -21.7312 0.0699544 0.996989 0.0334695 -4.59907 0.244479 0.0153937 -0.969532 287.882 
-0.975181 0.0742651 -0.208583 -21.9147 0.0695069 0.997129 0.03006 -4.58927 0.210217 0.014816 -0.977543 286.906 
-0.981748 0.0729466 -0.175642 -22.06 0.0694815 0.997249 0.0258064 -4.56461 0.177042 0.0131315 -0.984116 285.878 
-0.986833 0.0711453 -0.145257 -22.182 0.0683587 0.99737 0.0240922 -4.53143 0.146589 0.0138454 -0.989101 284.813 
-0.990644 0.0692684 -0.117587 -22.222 0.0668473 0.997465 0.0244144 -4.53253 0.11898 0.0163256 -0.992762 283.759 
-0.993537 0.0702497 -0.0891593 -22.2901 0.0683555 0.997369 0.0241268 -4.54676 0.0906197 0.0178763 -0.995725 282.757 
-0.995656 0.0693325 -0.0621404 -22.3384 0.0680928 0.99744 0.0218521 -4.51027 0.0634964 0.0175258 -0.997828 281.614 
-0.997033 0.0674523 -0.0370957 -22.3694 0.0666344 0.997516 0.0228611 -4.50001 0.0385456 0.0203214 -0.99905 280.453 
