1 2.12261e-08 -2.11895e-08 0 2.12261e-08 1 2.10703e-08 0 -2.11895e-08 2.10703e-08 1 0 
0.99998 1.02422e-05 -0.00636076 -0.0113204 -9.46846e-06 1 0.000115015 0.00111087 0.00636072 -0.00011491 0.99998 0.0915435 
0.999902 0.00139262 -0.0139311 -0.0180378 -0.00138991 0.999999 0.000201186 -0.00353037 0.0139314 -0.000181761 0.999903 0.196635 
0.999774 0.00159691 -0.0211964 -0.0379653 -0.00161614 0.999998 -0.000891685 -0.00147209 0.0211949 0.000925782 0.999775 0.296838 
0.999513 0.00217416 -0.031137 -0.0450023 -0.00223035 0.999996 -0.00177123 -0.00764986 0.031133 0.00183985 0.999514 0.397126 
0.999099 0.00235239 -0.0423682 -0.0649579 -0.0024643 0.999994 -0.00259026 -0.0148571 0.0423618 0.00269237 0.999099 0.513011 
0.998406 0.00227836 -0.0563859 -0.0813411 -0.00246543 0.999992 -0.00324912 -0.0213509 0.056378 0.003383 0.998404 0.640694 
0.99735 0.00205116 -0.0727216 -0.113093 -0.0023368 0.99999 -0.00384352 -0.0141555 0.072713 0.00400331 0.997345 0.786002 
0.995768 0.00136316 -0.0918918 -0.1421 -0.00172008 0.999991 -0.00380551 -0.0138068 0.0918858 0.00394751 0.995762 0.933896 
0.993696 0.000470827 -0.112112 -0.171159 -0.000871203 0.999993 -0.00352262 -0.0180518 0.112109 0.00359813 0.993689 1.11204 
0.990934 0.000434821 -0.134349 -0.228142 -0.000887095 0.999994 -0.00330687 -0.0238395 0.134346 0.00339612 0.990929 1.2768 
0.987378 0.003226 -0.15835 -0.292525 -0.00420327 0.999974 -0.00583731 -0.0176162 0.158327 0.00642927 0.987366 1.46251 
0.982796 0.00776571 -0.184532 -0.352122 -0.00917985 0.999935 -0.00681052 -0.0294323 0.184467 0.00838738 0.982803 1.63734 
0.977163 0.011118 -0.212201 -0.419214 -0.0130479 0.999885 -0.00769647 -0.0353078 0.212091 0.0102895 0.977196 1.82274 
0.970412 0.0124792 -0.241132 -0.504967 -0.0147421 0.999863 -0.0075828 -0.042377 0.241004 0.0109133 0.970463 2.02506 
0.962147 0.0149739 -0.272119 -0.593967 -0.017528 0.999822 -0.0069578 -0.0454279 0.271966 0.0114642 0.962239 2.22145 
0.952695 0.0164812 -0.30348 -0.707265 -0.0189705 0.999806 -0.00525634 -0.0509111 0.303334 0.0107649 0.952823 2.42587 
0.941168 0.0186849 -0.337422 -0.813964 -0.0213059 0.999765 -0.00406612 -0.0502154 0.337267 0.011016 0.941345 2.61764 
0.928187 0.0208673 -0.371528 -0.9192 -0.0240857 0.999702 -0.00402401 -0.0539375 0.371333 0.0126836 0.928413 2.8281 
0.913639 0.0239226 -0.405823 -1.04356 -0.02743 0.99962 -0.00282789 -0.0566205 0.405601 0.0137154 0.913947 3.02849 
0.896853 0.0233682 -0.441712 -1.16709 -0.0273035 0.999624 -0.00255334 -0.0516963 0.441486 0.0143503 0.897153 3.23582 
0.878028 0.020203 -0.478183 -1.31108 -0.0241484 0.999706 -0.00210361 -0.0584091 0.478 0.0133944 0.878258 3.43613 
0.856059 0.0150291 -0.516659 -1.45599 -0.0191789 0.999812 -0.0026942 -0.0534049 0.516522 0.0122154 0.856187 3.62633 
0.82995 0.0161153 -0.557606 -1.62063 -0.0194663 0.999811 -7.85706e-05 -0.0456034 0.557499 0.0109198 0.830106 3.83685 
0.800404 0.0217116 -0.599067 -1.81256 -0.024675 0.99969 0.00326324 -0.049619 0.598952 0.0121701 0.800692 4.01693 
0.766761 0.0245549 -0.641463 -2.01645 -0.0271784 0.999614 0.00577755 -0.0585118 0.641357 0.013004 0.767132 4.18944 
0.729201 0.0231804 -0.683907 -2.23805 -0.026235 0.999638 0.00590936 -0.0473449 0.683796 0.0136332 0.729545 4.38904 
0.688384 0.0184822 -0.725111 -2.4647 -0.0187545 0.999795 0.00767894 -0.0528772 0.725104 0.00831311 0.688589 4.56025 
0.645181 0.0154825 -0.763873 -2.71557 -0.0129984 0.999872 0.00928714 -0.0584468 0.76392 0.00393732 0.6453 4.71385 
0.598994 0.0155726 -0.800602 -2.94869 -0.00984833 0.999879 0.0120804 -0.0664337 0.800693 0.000648554 0.599074 4.86504 
0.550673 0.0164475 -0.834559 -3.20154 -0.00823515 0.999864 0.0142715 -0.0644504 0.834681 -0.000986128 0.550733 4.98776 
0.499673 0.0168189 -0.866051 -3.50093 -0.00805864 0.999859 0.014768 -0.0497914 0.866177 -0.000399935 0.499738 5.09643 
0.446849 0.0179417 -0.894429 -3.81275 -0.00463855 0.999832 0.0177386 -0.0525389 0.894597 -0.00377756 0.446857 5.1955 
0.392254 0.0205287 -0.919628 -4.15361 -0.00467535 0.999783 0.0203238 -0.0460129 0.919845 -0.00367247 0.392265 5.27944 
0.336948 0.0221185 -0.941264 -4.51237 -0.00296075 0.999744 0.0224329 -0.0406967 0.941519 -0.00477182 0.336927 5.35463 
0.281637 0.0251285 -0.959192 -4.90425 -0.00192328 0.99967 0.0256242 -0.0353765 0.959519 -0.00537187 0.281592 5.42165 
0.226619 0.0280595 -0.973579 -5.28502 0.00262053 0.999564 0.0294184 -0.0446997 0.97398 -0.00921802 0.226447 5.47954 
0.176671 0.0274876 -0.983886 -5.71122 0.00400856 0.999582 0.0286459 -0.0269736 0.984262 -0.00900482 0.176487 5.49465 
0.129794 0.0286864 -0.991126 -6.13567 0.00238999 0.999569 0.0292438 -0.0230855 0.991538 -0.00616441 0.12967 5.49241 
0.0866507 0.0286273 -0.995827 -6.5584 0.000488612 0.999586 0.0287779 -0.0137554 0.996239 -0.00298015 0.0866008 5.49572 
0.048533 0.0272058 -0.998451 -7.02179 -0.0013065 0.99963 0.0271744 -0.000156574 0.998821 -1.43368e-05 0.0485506 5.47592 
0.0137423 0.0231946 -0.999637 -7.49961 -0.000145382 0.999731 0.0231948 0.0248656 0.999906 -0.000173379 0.0137419 5.45066 
-0.0173076 0.0208278 -0.999633 -7.98787 -0.000767895 0.999782 0.0208442 0.0270671 0.99985 0.00112842 -0.0172879 5.4066 
-0.0449155 0.0190345 -0.998809 -8.52142 -0.00111629 0.999817 0.0191039 0.0351722 0.99899 0.00197306 -0.044886 5.37405 
-0.0661428 0.0165074 -0.997674 -9.05255 -0.00168148 0.99986 0.016655 0.0487387 0.997809 0.00277922 -0.0661058 5.3271 
-0.0828814 0.0152208 -0.996443 -9.55327 -0.00123382 0.999881 0.015376 0.0615761 0.996559 0.00250386 -0.0828528 5.2669 
-0.0959601 0.0158338 -0.995259 -10.1152 -0.000826485 0.999872 0.0159869 0.0647547 0.995385 0.00235671 -0.0959347 5.19348 
-0.106095 0.0162181 -0.994224 -10.6497 -0.00254105 0.999859 0.0165811 0.0873938 0.994353 0.00428558 -0.106039 5.11602 
-0.113032 0.017666 -0.993434 -11.2025 -0.00490602 0.99982 0.0183377 0.0752501 0.993579 0.0069466 -0.112925 5.03417 
-0.117709 0.0197628 -0.992851 -11.7643 -0.00325924 0.999789 0.0202873 0.0643667 0.993043 0.00562398 -0.11762 4.97479 
-0.119398 0.0199643 -0.992646 -12.3744 -0.0031893 0.999785 0.0204915 0.0878153 0.992841 0.00561253 -0.119309 4.89657 
-0.119637 0.0225869 -0.992561 -12.9718 0.000215853 0.999742 0.0227243 0.0831151 0.992818 0.00250446 -0.119611 4.8325 
-0.118613 0.0256022 -0.992611 -13.63 -0.000276749 0.999667 0.0258173 0.086511 0.992941 0.003337 -0.118566 4.7526 
-0.116693 0.0258714 -0.992831 -14.2681 -0.00402469 0.99964 0.0265219 0.0816178 0.99316 0.0070908 -0.116547 4.66473 
-0.115237 0.0235505 -0.993059 -14.9229 -0.00595353 0.999685 0.0243985 0.0852158 0.99332 0.00872386 -0.115061 4.57562 
-0.114743 0.0235333 -0.993116 -15.5876 -0.00511852 0.999692 0.0242805 0.104317 0.993382 0.00786934 -0.114587 4.50864 
-0.112934 0.0261659 -0.993258 -16.2868 -0.00538459 0.999622 0.0269458 0.123889 0.993588 0.00839142 -0.112751 4.42005 
-0.111198 0.0286145 -0.993386 -17.0078 -0.00493556 0.999557 0.0293447 0.153796 0.993786 0.00816605 -0.111008 4.32109 
-0.109009 0.0314721 -0.993543 -17.7357 -0.00606352 0.999459 0.0323248 0.15111 0.994022 0.00954809 -0.108759 4.2232 
-0.106318 0.0301337 -0.993876 -18.5149 -0.00829893 0.999479 0.0311913 0.175009 0.994298 0.0115643 -0.106013 4.09327 
-0.103832 0.0274284 -0.994217 -19.2675 -0.0119936 0.999513 0.0288271 0.187457 0.994523 0.0149175 -0.103452 3.99695 
-0.102431 0.0268479 -0.994378 -20.0248 -0.0127594 0.999518 0.028301 0.202971 0.994658 0.0155866 -0.102039 3.91523 
-0.101487 0.0293834 -0.994403 -20.801 -0.00994092 0.999484 0.0305481 0.216093 0.994787 0.0129855 -0.101142 3.8342 
-0.0991409 0.031906 -0.994562 -21.5991 -0.00786776 0.999429 0.0328464 0.214412 0.995042 0.0110814 -0.0988333 3.72394 
-0.097987 0.0340171 -0.994606 -22.4004 -0.00909541 0.999343 0.0350752 0.228145 0.995146 0.0124833 -0.0976133 3.63186 
-0.097282 0.0292045 -0.994828 -23.206 -0.00707333 0.999524 0.030034 0.247438 0.995232 0.00995856 -0.0970291 3.53798 
-0.0977894 0.0233137 -0.994934 -23.9966 -0.00590411 0.999694 0.0240055 0.237706 0.99519 0.00822173 -0.0976219 3.46467 
-0.0977083 0.0194131 -0.995026 -24.806 -0.0039332 0.999794 0.0198924 0.237896 0.995207 0.00585732 -0.0976118 3.36526 
-0.0990855 0.020318 -0.994872 -25.6236 -0.00209901 0.999785 0.0206274 0.246763 0.995077 0.00413216 -0.0990215 3.28533 
-0.0996762 0.0271921 -0.994648 -26.464 -0.00306851 0.999613 0.0276354 0.259756 0.995015 0.00580672 -0.0995543 3.18725 
-0.0999014 0.0344971 -0.994399 -27.3075 -0.00444031 0.999373 0.0351158 0.269669 0.994987 0.00792359 -0.0996856 3.08525 
-0.100826 0.0396251 -0.994115 -28.1544 -0.00636848 0.99916 0.0404722 0.292281 0.994884 0.0104117 -0.100489 2.98717 
-0.101165 0.0396219 -0.99408 -28.9875 -0.00761135 0.999147 0.0405985 0.303594 0.994841 0.0116735 -0.100777 2.87648 
-0.101293 0.0370249 -0.994167 -29.8169 -0.0071859 0.999254 0.0379465 0.305601 0.994831 0.0109877 -0.100951 2.77253 
-0.102588 0.0340225 -0.994142 -30.6457 -0.00695383 0.999366 0.0349188 0.327531 0.9947 0.0104954 -0.102287 2.68898 
-0.102193 0.0346982 -0.994159 -31.5003 -0.00772749 0.999334 0.0356732 0.350799 0.994735 0.0113279 -0.101857 2.57578 
-0.101705 0.0371303 -0.994122 -32.3503 -0.00729219 0.999249 0.0380678 0.371276 0.994788 0.011121 -0.101357 2.46167 
-0.102383 0.0357056 -0.994104 -33.1651 -0.00870912 0.999285 0.0367887 0.377863 0.994707 0.0124243 -0.101999 2.38112 
-0.1022 0.0306129 -0.994293 -33.9878 -0.0112704 0.999427 0.0319294 0.384873 0.9947 0.0144693 -0.101797 2.27932 
-0.102188 0.0272572 -0.994392 -34.8156 -0.0124181 0.999512 0.0286737 0.386778 0.994688 0.0152786 -0.101799 2.18272 
-0.102484 0.0274112 -0.994357 -35.6323 -0.0131653 0.999495 0.0289097 0.400343 0.994648 0.0160539 -0.102071 2.10191 
-0.103321 0.0304441 -0.994182 -36.4535 -0.0112925 0.999431 0.0317784 0.405359 0.994584 0.0145102 -0.102918 2.02775 
-0.103734 0.0346555 -0.994001 -37.2744 -0.00991432 0.999307 0.0358752 0.424319 0.994556 0.0135764 -0.103318 1.94744 
-0.103915 0.0401978 -0.993774 -38.1044 -0.00884536 0.999106 0.0413384 0.441642 0.994547 0.013086 -0.103466 1.86568 
-0.104228 0.0428122 -0.993632 -38.9299 -0.00844614 0.998999 0.0439295 0.477981 0.994518 0.0129711 -0.103762 1.76687 
-0.104502 0.0429736 -0.993596 -39.7585 -0.00777927 0.999 0.0440255 0.489542 0.994494 0.0123303 -0.104064 1.67906 
-0.103816 0.0384182 -0.993854 -40.5793 -0.00782334 0.999191 0.0394417 0.509445 0.994566 0.01187 -0.103432 1.57555 
-0.10399 0.0352342 -0.993954 -41.404 -0.0101407 0.999283 0.0364841 0.50493 0.994527 0.0138734 -0.103558 1.4823 
-0.10407 0.0324633 -0.99404 -42.2349 -0.0129803 0.999338 0.0339953 0.524374 0.994485 0.0164409 -0.103579 1.37507 
-0.104938 0.0308152 -0.994001 -43.0702 -0.0150366 0.999356 0.0325686 0.537362 0.994365 0.0183641 -0.104407 1.26729 
-0.105336 0.0283305 -0.994033 -43.8888 -0.0143548 0.999447 0.030006 0.54957 0.994333 0.0174298 -0.104871 1.17088 
-0.106877 0.0252365 -0.993952 -44.687 -0.0108325 0.999589 0.0265444 0.553959 0.994213 0.013604 -0.10656 1.08366 
-0.107385 0.0235734 -0.993938 -45.4877 -0.00572883 0.999688 0.0243287 0.566899 0.994201 0.00830668 -0.107216 0.985027 
-0.109417 0.026945 -0.993631 -46.3215 -0.00444741 0.999609 0.0275969 0.577493 0.993986 0.00743868 -0.109254 0.872689 
-0.112058 0.0326741 -0.993164 -47.1525 -0.00254999 0.999447 0.0331685 0.590145 0.993698 0.00624939 -0.111912 0.779036 
-0.113263 0.0361854 -0.992906 -47.9726 -0.00053446 0.999334 0.0364807 0.603151 0.993565 0.00466262 -0.113168 0.666156 
-0.113983 0.0359945 -0.992831 -48.773 -0.000323473 0.999342 0.0362677 0.604972 0.993483 0.00445507 -0.113896 0.552078 
-0.115476 0.0313883 -0.992814 -49.5844 -0.0033524 0.999483 0.0319891 0.622616 0.993305 0.00702233 -0.115311 0.435572 
-0.115754 0.027624 -0.992894 -50.3667 -0.00947997 0.999537 0.0289141 0.630332 0.993233 0.0127596 -0.115439 0.314914 
-0.117962 0.0263769 -0.992668 -51.1605 -0.0128003 0.999524 0.0280802 0.637429 0.992936 0.0160189 -0.117568 0.210254 
-0.119184 0.0274624 -0.992492 -51.955 -0.0141319 0.999469 0.0293525 0.647326 0.992772 0.0175242 -0.118733 0.0973472 
-0.120948 0.0292631 -0.992227 -52.7526 -0.0133717 0.999427 0.0311053 0.651432 0.992569 0.0170299 -0.120487 -0.0083455 
-0.121369 0.028437 -0.9922 -53.5433 -0.014267 0.999436 0.0303896 0.665771 0.992505 0.0178441 -0.120895 -0.12721 
-0.121715 0.0284454 -0.992157 -54.3375 -0.0138729 0.999443 0.0303562 0.676034 0.992468 0.0174589 -0.121252 -0.261939 
-0.122506 0.0289296 -0.992046 -55.0994 -0.0124212 0.999452 0.0306795 0.704733 0.99239 0.0160809 -0.12208 -0.370335 
-0.122062 0.0321392 -0.992002 -55.8656 -0.0128354 0.999341 0.0339564 0.717383 0.99244 0.0168775 -0.121569 -0.481767 
-0.122386 0.0363867 -0.991815 -56.6328 -0.0137547 0.99917 0.0383538 0.724482 0.992387 0.0183362 -0.121784 -0.587136 
-0.123213 0.0387614 -0.991623 -57.4074 -0.0143789 0.999062 0.0408388 0.73424 0.992276 0.0192904 -0.12254 -0.69943 
-0.124508 0.0386731 -0.991465 -58.2043 -0.0144541 0.999063 0.0407847 0.751906 0.992113 0.0194088 -0.123832 -0.794524 
-0.126156 0.0360556 -0.991355 -58.9376 -0.0119244 0.999212 0.0378588 0.775192 0.991939 0.0165974 -0.125627 -0.886931 
-0.126417 0.0328529 -0.991433 -59.6722 -0.0118107 0.999331 0.0346205 0.783772 0.991907 0.0160861 -0.125944 -0.993089 
-0.127374 0.0304493 -0.991387 -60.3668 -0.0121393 0.999406 0.0322552 0.786804 0.99178 0.0161433 -0.126929 -1.07562 
-0.127961 0.028197 -0.991378 -61.0677 -0.0119008 0.99948 0.0299635 0.797898 0.991708 0.0156324 -0.127559 -1.1427 
-0.125872 0.0270329 -0.991678 -61.7573 -0.0144794 0.999472 0.0290832 0.804054 0.991941 0.0180197 -0.125414 -1.23659 
-0.122625 0.0279704 -0.992059 -62.4228 -0.0136745 0.99946 0.0298693 0.809833 0.992359 0.0172287 -0.122176 -1.31933 
-0.118022 0.0292158 -0.992581 -63.086 -0.0128309 0.999439 0.0309433 0.822203 0.992928 0.0163877 -0.117581 -1.39503 
-0.112352 0.0308607 -0.993189 -63.7171 -0.0118506 0.999405 0.0323945 0.825317 0.993598 0.0154096 -0.11192 -1.4465 
-0.104402 0.0320578 -0.994018 -64.344 -0.0120867 0.999366 0.0334997 0.8354 0.994462 0.0155119 -0.103948 -1.50947 
-0.092895 0.0329632 -0.99513 -64.9597 -0.0147169 0.999297 0.0344751 0.848183 0.995567 0.0178478 -0.0923446 -1.57483 
-0.0788007 0.0341628 -0.996305 -65.5555 -0.0174508 0.999212 0.0356427 0.860106 0.996738 0.020195 -0.0781424 -1.62379 
-0.0611387 0.034784 -0.997523 -66.1303 -0.0173892 0.999204 0.0359084 0.863965 0.997978 0.0195416 -0.0604852 -1.64963 
-0.0388588 0.0348358 -0.998637 -66.6952 -0.0173865 0.999217 0.0355326 0.877363 0.999093 0.0187436 -0.0382227 -1.66927 
-0.0129626 0.035904 -0.999271 -67.2447 -0.017082 0.999201 0.0361231 0.875398 0.99977 0.0175379 -0.0123389 -1.67818 
0.0159977 0.0362483 -0.999215 -67.7461 -0.0158138 0.999227 0.0359956 0.87415 0.999747 0.0152255 0.0165586 -1.64684 
0.0498367 0.0365705 -0.998088 -68.2245 -0.0143841 0.999252 0.0358949 0.873847 0.998654 0.0125678 0.0503254 -1.60086 
0.0873194 0.0366624 -0.995506 -68.7072 -0.01419 0.999267 0.0355563 0.88872 0.996079 0.0110215 0.0877756 -1.53284 
0.128473 0.0360726 -0.991057 -69.1452 -0.0137874 0.999307 0.0345856 0.903165 0.991617 0.00922088 0.128881 -1.45045 
0.173476 0.0375474 -0.984122 -69.5863 -0.0126412 0.999276 0.0358973 0.900626 0.984757 0.00621317 0.173825 -1.34063 
0.222593 0.0360148 -0.974246 -69.991 -0.00971404 0.99935 0.0347233 0.908266 0.974863 0.00173475 0.222798 -1.22935 
0.273808 0.0322883 -0.961242 -70.3728 -0.00130991 0.999448 0.0331985 0.895978 0.961783 -0.00783084 0.273699 -1.098 
0.325984 0.0267305 -0.944997 -70.7609 0.00313123 0.999564 0.0293541 0.911972 0.94537 -0.0125279 0.325758 -0.933376 
0.379688 0.0218898 -0.924856 -71.1502 0.00826675 0.9996 0.0270527 0.92149 0.925078 -0.0179171 0.379355 -0.745288 
0.43188 0.0223188 -0.901655 -71.518 0.00714341 0.999578 0.0281643 0.920507 0.901903 -0.0186045 0.431539 -0.543724 
0.482168 0.0211758 -0.875823 -71.8781 0.00811934 0.999557 0.0286375 0.93229 0.876041 -0.0209191 0.481783 -0.325164 
0.526902 0.0168331 -0.84976 -72.2051 0.0158466 0.999436 0.029624 0.93404 0.849778 -0.0290747 0.526338 -0.0574017 
0.572663 0.0112355 -0.819714 -72.5557 0.0255638 0.999175 0.0315544 0.940612 0.819392 -0.039025 0.571904 0.219147 
0.616647 0.00575235 -0.787219 -72.865 0.0270793 0.999227 0.0285134 0.948328 0.786774 -0.0389 0.616014 0.506741 
0.659652 0.000365735 -0.751571 -73.1734 0.0241692 0.999472 0.0216996 0.952629 0.751183 -0.032479 0.659295 0.790816 
0.701528 -0.00657626 -0.712612 -73.4563 0.0201442 0.999741 0.0106049 0.958293 0.712357 -0.0217946 0.701478 1.10037 
0.742548 -0.00740091 -0.669752 -73.7262 0.0134953 0.999901 0.00391298 0.941933 0.669657 -0.0119441 0.742574 1.4266 
0.781205 -0.010109 -0.624193 -73.9717 0.0127426 0.999919 -0.00024622 0.958334 0.624144 -0.00776141 0.781271 1.7902 
0.81706 -0.0106397 -0.576454 -74.2254 0.0114905 0.999932 -0.00216932 0.962748 0.576438 -0.00485125 0.817127 2.18385 
0.849744 -0.00915379 -0.527116 -74.4709 0.00812302 0.999958 -0.00427029 0.957352 0.527133 -0.000653069 0.849783 2.59731 
0.877256 -0.00698245 -0.479973 -74.6891 0.00659506 0.999975 -0.00249339 0.953786 0.479978 -0.000978058 0.87728 3.05174 
0.900126 0.000248866 -0.43563 -74.9136 -0.000943352 0.999999 -0.00137801 0.942209 0.435629 0.00165138 0.900125 3.52801 
0.919149 0.0042895 -0.393886 -75.121 -0.00589114 0.999979 -0.00285731 0.935121 0.393866 0.00494679 0.919155 4.00147 
0.933738 0.00959611 -0.357828 -75.3274 -0.0108832 0.99994 -0.00158336 0.932978 0.357791 0.00537281 0.933786 4.54065 
0.944405 0.00868797 -0.328669 -75.4916 -0.0090749 0.999959 0.000356557 0.919097 0.328659 0.00264595 0.944445 5.09843 
0.952463 0.00851926 -0.304536 -75.6655 -0.00821674 0.999964 0.00227487 0.897969 0.304544 0.000335605 0.952498 5.66938 
0.958775 0.00907358 -0.284023 -75.8269 -0.00818971 0.999957 0.00429922 0.895254 0.28405 -0.00179587 0.958808 6.25025 
0.96403 0.0118646 -0.265529 -75.996 -0.0101559 0.999918 0.00780695 0.874227 0.2656 -0.00482939 0.964071 6.84614 
0.96799 0.0164407 -0.250448 -76.1689 -0.0145522 0.99985 0.00939019 0.871806 0.250565 -0.00544498 0.968084 7.46609 
0.97127 0.0201752 -0.237124 -76.3361 -0.0180985 0.999776 0.0109316 0.863626 0.237291 -0.00632588 0.971418 8.12418 
0.974697 0.0196126 -0.222667 -76.5079 -0.0177115 0.999788 0.0105318 0.860364 0.222826 -0.00632151 0.974838 8.74434 
0.977654 0.0193435 -0.209328 -76.6469 -0.0174933 0.99979 0.0106863 0.853566 0.20949 -0.00678562 0.977787 9.41608 
0.980644 0.0198487 -0.194791 -76.7883 -0.0180511 0.999777 0.0109992 0.856078 0.194966 -0.0072701 0.980783 10.0944 
0.983549 0.0209822 -0.179422 -76.9471 -0.0192321 0.999749 0.011488 0.851602 0.179618 -0.00784835 0.983705 10.7983 
0.985584 0.0212 -0.167854 -77.0524 -0.0201282 0.999765 0.00808399 0.860911 0.167985 -0.00458882 0.985779 11.5018 
0.987453 0.0206174 -0.156561 -77.1789 -0.020452 0.999787 0.00266687 0.853935 0.156583 0.000568635 0.987665 12.2117 
0.988974 0.0188595 -0.146882 -77.3019 -0.0195924 0.999802 -0.00354471 0.847588 0.146786 0.00638344 0.989148 12.9547 
0.990332 0.0179886 -0.137544 -77.4361 -0.0185651 0.999823 -0.0029094 0.828019 0.137467 0.00543483 0.990491 13.7032 
0.991199 0.0217211 -0.130588 -77.5545 -0.0214873 0.999764 0.0031987 0.821792 0.130626 -0.00036452 0.991432 14.4289 
0.991579 0.0251707 -0.12703 -77.6408 -0.0237126 0.999635 0.0129773 0.778994 0.12731 -0.00985576 0.991814 15.192 
0.992296 0.0236529 -0.121615 -77.7648 -0.02185 0.999631 0.0161365 0.779413 0.121951 -0.0133549 0.992446 15.9642 
0.992719 0.0232536 -0.118186 -77.8618 -0.0215814 0.999648 0.0154085 0.767404 0.118503 -0.0127457 0.992872 16.7156 
0.993066 0.0230946 -0.115268 -77.9543 -0.0215725 0.999663 0.0144347 0.765072 0.115562 -0.0118479 0.99323 17.4704 
0.993351 0.0222795 -0.112951 -78.0317 -0.0205539 0.999654 0.0164194 0.759628 0.113278 -0.0139886 0.993465 18.2119 
0.993643 0.0191714 -0.110933 -78.1234 -0.0172007 0.999677 0.018694 0.764347 0.111256 -0.016667 0.993652 18.9801 
0.994001 0.0176857 -0.107935 -78.2152 -0.0155183 0.999661 0.0208869 0.756048 0.108268 -0.0190865 0.993939 19.726 
0.99434 0.0177072 -0.104758 -78.3155 -0.0160378 0.999731 0.016756 0.758664 0.105027 -0.014981 0.994357 20.4729 
0.994535 0.0179722 -0.102843 -78.4138 -0.017063 0.999807 0.00971342 0.755909 0.102998 -0.00790548 0.99465 21.2275 
0.994609 0.0162144 -0.102421 -78.4974 -0.0160733 0.999868 0.00220298 0.751043 0.102443 -0.000544825 0.994739 21.9779 
0.994721 0.0177522 -0.101067 -78.5894 -0.0180511 0.999835 -0.00204369 0.742289 0.101014 0.00385731 0.994878 22.7235 
0.994998 0.0185801 -0.0981509 -78.6907 -0.0187448 0.999824 -0.000757025 0.736455 0.0981195 0.0025931 0.995171 23.4688 
0.995052 0.0215751 -0.0969833 -78.7668 -0.0213632 0.999767 0.00322298 0.727438 0.0970302 -0.00113511 0.995281 24.2188 
0.995119 0.0257659 -0.095264 -78.854 -0.025073 0.99965 0.00846267 0.714202 0.0954486 -0.00603276 0.995416 24.9835 
0.995429 0.0239123 -0.0924673 -78.954 -0.0231685 0.99969 0.00910975 0.723486 0.0926565 -0.00692573 0.995674 25.7555 
0.995627 0.0202425 -0.0911979 -79.0348 -0.0195353 0.999772 0.00864005 0.720919 0.0913519 -0.00682065 0.995795 26.5137 
0.995751 0.0178424 -0.090347 -79.1112 -0.0171901 0.99982 0.00799203 0.714036 0.0904733 -0.00640495 0.995878 27.2537 
0.995817 0.0154141 -0.0900637 -79.1838 -0.0149104 0.999869 0.0062624 0.70819 0.0901484 -0.00489327 0.995916 27.9929 
0.995906 0.0134137 -0.0893897 -79.2554 -0.0129806 0.999901 0.00542418 0.692231 0.0894535 -0.0042416 0.995982 28.743 
0.995992 0.0098463 -0.0888938 -79.3406 -0.00939191 0.999941 0.005528 0.684709 0.0889429 -0.00467092 0.996026 29.5116 
0.996033 0.0123452 -0.0881296 -79.4347 -0.0118078 0.999908 0.00661661 0.673227 0.0882031 -0.0055497 0.996087 30.2852 
0.996 0.0100881 -0.0887806 -79.5108 -0.00966918 0.99994 0.00514708 0.660821 0.0888271 -0.00426802 0.996038 31.047 
0.995907 0.0105295 -0.0897675 -79.6056 -0.0101109 0.999936 0.00511585 0.655804 0.0898155 -0.00418724 0.99595 31.8186 
0.995862 0.011265 -0.0901823 -79.7207 -0.0107855 0.999925 0.00580262 0.658684 0.0902408 -0.0048059 0.995908 32.5837 
0.995577 0.0080642 -0.093598 -79.8285 -0.00750676 0.999952 0.00630581 0.627298 0.0936443 -0.00557526 0.99559 33.2662 
0.995428 0.013122 -0.0946117 -79.9475 -0.0126015 0.999902 0.00609607 0.625044 0.0946824 -0.00487591 0.995496 34.0466 
0.99508 0.0136838 -0.0981304 -80.0368 -0.013647 0.999906 0.00104589 0.615179 0.0981354 0.000298481 0.995173 34.8249 
0.994937 0.0142873 -0.0994844 -80.1533 -0.0145767 0.999891 -0.00218346 0.603302 0.0994423 0.0036226 0.995037 35.6019 
0.994619 0.0134119 -0.102733 -80.2354 -0.0139868 0.99989 -0.00487839 0.605004 0.102657 0.00628909 0.994697 36.4182 
0.994401 0.0131872 -0.104849 -80.3363 -0.0135556 0.999904 -0.0028021 0.588115 0.104802 0.00420775 0.994484 37.236 
0.994311 0.0118524 -0.105859 -80.4575 -0.0122087 0.999922 -0.00271875 0.576888 0.105819 0.00399573 0.994377 38.0556 
0.994005 0.00981363 -0.108891 -80.5476 -0.00994147 0.99995 -0.00063153 0.55612 0.10888 0.00171033 0.994054 38.8905 
0.993969 0.00885974 -0.109303 -80.6686 -0.00858166 0.999959 0.00301394 0.543911 0.109325 -0.00205773 0.994004 39.7134 
0.993896 0.00825858 -0.110015 -80.7923 -0.00745028 0.999942 0.00775588 0.528722 0.110073 -0.00688885 0.9939 40.5223 
0.99384 0.00933968 -0.110434 -80.8757 -0.00826823 0.999914 0.0101558 0.519562 0.110519 -0.00918006 0.993832 41.3964 
0.99403 0.0128994 -0.108346 -80.9859 -0.0118422 0.999876 0.0103954 0.507727 0.108467 -0.00905026 0.994059 42.2476 
0.994332 0.0118924 -0.105651 -81.0992 -0.0109169 0.999892 0.00980626 0.491796 0.105757 -0.00859724 0.994355 43.1146 
0.994473 0.00798468 -0.104691 -81.2003 -0.00725644 0.999947 0.0073347 0.484103 0.104744 -0.00653443 0.994478 43.9481 
0.994707 0.00554886 -0.102601 -81.3 -0.00504098 0.999974 0.00520826 0.477176 0.102627 -0.00466344 0.994709 44.8275 
0.994834 0.00531602 -0.10138 -81.3943 -0.00492544 0.999979 0.00410207 0.484102 0.1014 -0.00358149 0.994839 45.7194 
0.994925 0.00248876 -0.100586 -81.4968 -0.0017613 0.999972 0.00732001 0.461006 0.100601 -0.00710566 0.994901 46.5914 
0.995027 -0.00108001 -0.0995959 -81.592 0.00206281 0.99995 0.00976503 0.448597 0.0995804 -0.00992187 0.99498 47.4601 
0.995199 -0.00101178 -0.097871 -81.7136 0.00204044 0.999944 0.0104104 0.431532 0.0978549 -0.01056 0.995145 48.2955 
0.995364 0.000488959 -0.0961776 -81.8407 0.000257386 0.99997 0.0077471 0.416615 0.0961784 -0.0077359 0.995334 49.1168 
0.995322 0.000705867 -0.0966064 -81.936 -0.000419884 0.999996 0.00298017 0.385699 0.0966081 -0.00292563 0.995318 49.9779 
0.995478 0.00329537 -0.0949398 -82.0413 -0.00355935 0.99999 -0.00261164 0.377655 0.0949302 0.0029378 0.99548 50.8089 
0.995531 0.00612963 -0.0942397 -82.1398 -0.00697 0.999939 -0.00859118 0.3615 0.0941812 0.00920968 0.995513 51.6587 
0.995564 0.00703432 -0.0938237 -82.2382 -0.00790742 0.999929 -0.00893762 0.334319 0.0937541 0.00963992 0.995549 52.4989 
0.99561 0.00427552 -0.093498 -82.3357 -0.00454333 0.999986 -0.00265202 0.314647 0.0934853 0.00306522 0.995616 53.3504 
0.995573 0.0042392 -0.0938954 -82.435 -0.00365375 0.999973 0.00640579 0.293263 0.0939199 -0.00603432 0.995562 54.1811 
0.995469 0.00248427 -0.0950513 -82.5359 -0.00129308 0.99992 0.0125912 0.301897 0.0950749 -0.0124112 0.995393 55.0368 
0.995258 0.00061721 -0.0972691 -82.6362 0.000430809 0.999942 0.0107527 0.292521 0.09727 -0.0107435 0.9952 55.8823 
0.995128 -0.00433871 -0.0984973 -82.7426 0.00503969 0.999964 0.00686864 0.287571 0.0984638 -0.00733152 0.995114 56.7133 
0.994918 -0.0055026 -0.100536 -82.8561 0.00605323 0.999968 0.00517231 0.276271 0.100504 -0.00575455 0.99492 57.5265 
0.994546 -0.0053161 -0.10416 -82.9488 0.00570058 0.999978 0.00339348 0.253417 0.10414 -0.0039687 0.994555 58.34 
0.994285 -0.00320755 -0.106709 -83.0621 0.00318099 0.999995 -0.000419525 0.24377 0.10671 7.77315e-05 0.99429 59.137 
0.993853 -0.00223169 -0.110688 -83.1734 0.00187574 0.999993 -0.00332016 0.222769 0.110695 0.00309217 0.99385 59.9466 
0.993454 3.13506e-05 -0.114232 -83.2813 -0.000833066 0.999975 -0.00697092 0.208657 0.114229 0.00702049 0.99343 60.7529 
0.993048 0.00316357 -0.117671 -83.4025 -0.00404728 0.999965 -0.00727209 0.184326 0.117644 0.00769783 0.993026 61.5332 
0.992608 0.0078834 -0.12111 -83.5241 -0.00854499 0.999951 -0.00494458 0.163477 0.121066 0.00594296 0.992627 62.3355 
0.992158 0.011601 -0.124448 -83.6495 -0.0115225 0.999933 0.0013504 0.139815 0.124455 9.41833e-05 0.992225 63.1337 
0.991654 0.0122361 -0.128346 -83.7771 -0.0115358 0.999914 0.00619837 0.130431 0.12841 -0.00466603 0.99171 63.9257 
0.991225 0.0120406 -0.131638 -83.928 -0.0107148 0.999885 0.010775 0.100115 0.131752 -0.00926995 0.991239 64.5385 
0.990396 0.0129832 -0.137649 -84.0593 -0.0115064 0.999867 0.0115187 0.0974464 0.13778 -0.00982422 0.990414 65.3208 
0.98961 0.0112175 -0.143339 -84.1911 -0.00919897 0.999849 0.0147372 0.101156 0.143483 -0.0132654 0.989564 66.1195 
0.988726 0.0096271 -0.149426 -84.3339 -0.00769818 0.99988 0.0134816 0.116161 0.149538 -0.0121793 0.988681 66.914 
0.987757 0.0137626 -0.155391 -84.4877 -0.0119052 0.999846 0.0128772 0.116454 0.155545 -0.0108696 0.987769 67.681 
0.986669 0.0143698 -0.162103 -84.631 -0.0130206 0.999871 0.00938242 0.105751 0.162217 -0.00714663 0.986729 68.446 
0.985886 0.0148457 -0.16676 -84.8049 -0.0140397 0.999883 0.00601119 0.103397 0.16683 -0.00358505 0.985979 69.1694 
0.984976 0.0173795 -0.171813 -84.9619 -0.0168442 0.999848 0.00457273 0.0985878 0.171866 -0.00160993 0.985119 69.9143 
0.984039 0.0189513 -0.176942 -85.1101 -0.0176426 0.999804 0.00896651 0.105424 0.177077 -0.00570164 0.984181 70.6671 
0.983045 0.018649 -0.182412 -85.2878 -0.0167657 0.999789 0.0118608 0.10719 0.182595 -0.00860139 0.983151 71.3917 
0.98193 0.0197563 -0.188212 -85.4557 -0.0175032 0.999754 0.0136258 0.103469 0.188435 -0.0100852 0.982034 72.1372 
0.980651 0.0162658 -0.195088 -85.6111 -0.014477 0.999839 0.0105913 0.0850982 0.195228 -0.00756209 0.980729 72.8682 
0.978815 0.0148591 -0.204207 -85.7719 -0.0144138 0.999889 0.00366782 0.0726623 0.204239 -0.000646679 0.978921 73.6063 
0.977007 0.0150571 -0.212677 -85.9493 -0.0151142 0.999885 0.00135695 0.0726858 0.212673 0.00188874 0.977122 74.2946 
0.974785 0.0142333 -0.222692 -86.1469 -0.0137686 0.999899 0.00363906 0.0678312 0.222721 -0.000481088 0.974882 75.0313 
0.972208 0.0152218 -0.233622 -86.3436 -0.0133612 0.999865 0.0095446 0.0636098 0.233736 -0.00615781 0.972281 75.7635 
0.969212 0.0178977 -0.245576 -86.5457 -0.0138974 0.999741 0.0180126 0.050615 0.245835 -0.0140451 0.96921 76.4692 
0.966307 0.0194739 -0.256654 -86.7615 -0.0145211 0.99967 0.0211785 0.0456622 0.256982 -0.016738 0.966271 77.1929 
0.962487 0.0178484 -0.270742 -86.9504 -0.0133815 0.999742 0.0183355 0.00373512 0.270999 -0.0140247 0.962477 77.946 
0.959311 0.0211639 -0.281557 -87.1918 -0.0197566 0.999774 0.00783616 0.034935 0.281659 -0.00195466 0.959513 78.6557 
0.955711 0.0158571 -0.293879 -87.4278 -0.0158146 0.999872 0.00252085 0.0302575 0.293881 0.00223843 0.955839 79.3456 
0.951924 0.0159265 -0.305921 -87.6805 -0.0146901 0.999872 0.00634323 0.0457023 0.305983 -0.0015442 0.952036 80.0734 
0.94803 0.0150596 -0.317826 -87.9326 -0.0112608 0.999842 0.0137862 0.0279519 0.317983 -0.00949074 0.948049 80.762 
0.943995 0.0146198 -0.329635 -88.2026 -0.00904107 0.999789 0.0184504 0.0330546 0.329835 -0.0144368 0.943928 81.4556 
0.939643 0.0117382 -0.341954 -88.4742 -0.00659653 0.999847 0.0161952 0.0335997 0.342092 -0.0129619 0.939577 82.1495 
0.935283 0.00965139 -0.353769 -88.748 -0.00581522 0.999912 0.011905 0.0224482 0.353853 -0.00907727 0.935257 82.8521 
0.931546 0.00441074 -0.363598 -89.0269 -0.00319683 0.999987 0.00394022 0.0249499 0.363611 -0.00250808 0.931548 83.5395 
0.928282 0.00164809 -0.371874 -89.3147 -0.00225209 0.999997 -0.00119 0.0144928 0.371871 0.00194219 0.928283 84.2309 
0.925623 0.000504216 -0.378446 -89.6216 -0.00176892 0.999994 -0.00299429 0.00152546 0.378442 0.00344108 0.925619 84.9253 
0.922675 0.00667152 -0.385521 -89.9435 -0.00836072 0.999961 -0.00270544 -0.0194935 0.385488 0.00571953 0.922695 85.5952 
0.919432 0.0054525 -0.39321 -90.2709 -0.00584536 0.999983 0.000198267 -0.0498229 0.393205 0.00211621 0.919449 86.2834 
0.916171 0.00811624 -0.400705 -90.6079 -0.00587874 0.99996 0.00681286 -0.0702396 0.400744 -0.00388606 0.916182 87.0012 
0.913132 0.00951689 -0.407554 -90.9317 -0.00396683 0.999888 0.0144608 -0.0732675 0.407646 -0.0115879 0.913067 87.6961 
0.910685 0.0196317 -0.412634 -91.2829 -0.0121833 0.999712 0.0206741 -0.0751564 0.412921 -0.0138003 0.910662 88.38 
0.908555 0.0253881 -0.416994 -91.6521 -0.0205591 0.99966 0.0160682 -0.0630682 0.41726 -0.00602575 0.908767 89.0515 
0.9065 0.0226764 -0.421596 -92.0091 -0.0206831 0.999743 0.00930105 -0.068757 0.421699 0.000288558 0.906736 89.7211 
0.90369 0.0148934 -0.427927 -92.3081 -0.0155625 0.999877 0.0019347 -0.0754884 0.427904 0.00491129 0.903811 90.3982 
0.901553 0.0149304 -0.432411 -92.6363 -0.015676 0.999875 0.00184028 -0.0972007 0.432384 0.00511943 0.901675 91.0618 
0.898339 0.0199301 -0.43885 -92.9702 -0.0187065 0.9998 0.00711238 -0.113677 0.438904 0.00182007 0.898532 91.7601 
0.895724 0.022184 -0.444056 -93.3372 -0.019287 0.999753 0.0110407 -0.113593 0.444191 -0.00132487 0.895931 92.4567 
0.89289 0.0169644 -0.449955 -93.6749 -0.0146448 0.999856 0.00863584 -0.125177 0.450037 -0.0011213 0.893009 93.1501 
0.890557 0.015701 -0.454602 -94.0365 -0.0160083 0.999867 0.00317329 -0.14443 0.454591 0.00445148 0.890689 93.8152 
0.887977 0.0122202 -0.459725 -94.4011 -0.0154462 0.999875 -0.00325676 -0.157014 0.459628 0.00999299 0.888055 94.4946 
0.885838 0.0130622 -0.463811 -94.797 -0.0169289 0.999848 -0.00417424 -0.178626 0.463686 0.0115496 0.885924 95.1716 
0.883109 0.0167121 -0.468871 -95.1537 -0.0184574 0.999829 0.000872932 -0.206986 0.468805 0.00788331 0.883266 95.8505 
0.880916 0.0182105 -0.472923 -95.5305 -0.0193364 0.99981 0.00248107 -0.210894 0.472878 0.00695904 0.8811 96.5179 
0.878014 0.0207632 -0.478184 -95.9065 -0.0208014 0.99977 0.00521654 -0.247714 0.478182 0.00536674 0.878244 97.2102 
0.875369 0.0176653 -0.483132 -96.2807 -0.0181154 0.999829 0.00373514 -0.252211 0.483115 0.00548257 0.87554 97.8728 
0.872993 0.016254 -0.487462 -96.6617 -0.0166982 0.999855 0.00343437 -0.265665 0.487447 0.00514162 0.873137 98.5347 
0.869571 0.0144776 -0.493596 -97.019 -0.0141633 0.99989 0.00437598 -0.287673 0.493606 0.0031858 0.86968 99.1864 
0.867402 0.0169272 -0.497321 -97.4275 -0.0169734 0.999846 0.00442732 -0.290862 0.497319 0.00460099 0.867556 99.8398 
0.864797 0.018404 -0.501784 -97.8264 -0.0184147 0.999818 0.0049336 -0.30277 0.501783 0.00497369 0.864979 100.503 
0.862036 0.0142451 -0.506647 -98.2195 -0.0168146 0.999859 -0.000496846 -0.303 0.506568 0.0089474 0.862153 101.148 
0.859812 0.0112119 -0.510487 -98.6215 -0.0155538 0.99987 -0.00423711 -0.324278 0.510373 0.0115832 0.859875 101.779 
0.858019 0.0094838 -0.513531 -99.0239 -0.0159193 0.99984 -0.00813351 -0.322576 0.513371 0.0151538 0.858033 102.396 
0.85615 0.0106806 -0.516616 -99.4287 -0.0159214 0.999857 -0.00571424 -0.314475 0.516481 0.0131176 0.856198 103.026 
0.854392 0.0165581 -0.519366 -99.8345 -0.0164725 0.999853 0.0047783 -0.345417 0.519369 0.00447276 0.854539 103.634 
0.851826 0.0186238 -0.523494 -100.201 -0.0134054 0.999816 0.0137561 -0.353465 0.523654 -0.0047001 0.851918 104.257 
0.850224 0.0183885 -0.5261 -100.585 -0.0107715 0.999788 0.0175373 -0.347065 0.526311 -0.0092437 0.850242 104.85 
0.849255 0.0163057 -0.527732 -100.981 -0.00834462 0.999813 0.0174633 -0.352275 0.527917 -0.010427 0.849232 105.417 
0.847458 0.0135798 -0.530689 -101.35 -0.00773363 0.999883 0.0132361 -0.350216 0.530807 -0.00711286 0.847463 105.983 
0.845248 0.0133441 -0.534208 -101.705 -0.00942331 0.999905 0.0100668 -0.34899 0.534292 -0.00347486 0.845293 106.54 
0.844382 0.0123209 -0.535599 -102.075 -0.009593 0.999923 0.00787868 -0.337998 0.535655 -0.00151456 0.844436 107.06 
0.842663 0.0128779 -0.538288 -102.414 -0.0106416 0.999917 0.00726274 -0.32962 0.538337 -0.000391713 0.84273 107.59 
0.841919 0.0150373 -0.539394 -102.77 -0.0125861 0.999887 0.00822976 -0.320523 0.539457 -0.000139886 0.842013 108.092 
0.840574 0.0152991 -0.541481 -103.101 -0.0126015 0.999883 0.00868878 -0.31534 0.541551 -0.000480043 0.840668 108.583 
0.839687 0.0153565 -0.542853 -103.436 -0.0127375 0.999882 0.00858266 -0.308825 0.542921 -0.000292132 0.839784 109.043 
0.838618 0.0131363 -0.544562 -103.746 -0.00999886 0.999912 0.0087225 -0.311408 0.544629 -0.00186978 0.838675 109.505 
0.837499 0.0128302 -0.546288 -104.031 -0.0112081 0.999917 0.00630134 -0.297674 0.546323 0.000845536 0.837574 109.924 
0.836099 0.010854 -0.548471 -104.319 -0.010278 0.999939 0.00412036 -0.324629 0.548482 0.0021922 0.836159 110.337 
0.83415 0.00736497 -0.551488 -104.587 -0.00945057 0.999955 -0.000940324 -0.309477 0.551456 0.00599629 0.834182 110.732 
0.832564 0.00390692 -0.553915 -104.859 -0.00738938 0.999965 -0.00405364 -0.29827 0.55388 0.00746806 0.832563 111.098 
0.828777 -6.95276e-05 -0.559579 -105.073 -0.00235671 0.999991 -0.00361476 -0.305898 0.559574 0.00431465 0.82877 111.472 
0.825512 0.000839177 -0.564383 -105.333 -0.00209726 0.999997 -0.00158078 -0.326017 0.56438 0.00248867 0.825511 111.809 
0.822 0.00412635 -0.569473 -105.591 -0.00566496 0.999984 -0.000931292 -0.312555 0.56946 0.00399162 0.82201 112.134 
0.818278 0.0109846 -0.574718 -105.824 -0.0100947 0.999938 0.00473908 -0.329474 0.574735 0.00192379 0.818338 112.431 
0.813666 0.0171243 -0.581081 -106.04 -0.0118887 0.999847 0.012818 -0.353401 0.581212 -0.00352121 0.813745 112.737 
0.808947 0.019101 -0.587572 -106.253 -0.0113187 0.999793 0.0169186 -0.366285 0.587773 -0.00703565 0.808995 113 
0.802502 0.0160076 -0.596434 -106.433 -0.00678967 0.99982 0.0176985 -0.357496 0.59661 -0.0101535 0.802467 113.269 
0.795501 0.0140004 -0.605791 -106.63 -0.00325562 0.999817 0.0188316 -0.364265 0.605944 -0.0130083 0.795401 113.505 
0.785706 0.0121416 -0.618482 -106.8 0.000324782 0.999799 0.0200399 -0.364972 0.618601 -0.0159463 0.785544 113.725 
0.775549 0.013204 -0.631149 -107.005 -0.000307608 0.999789 0.0205381 -0.362957 0.631287 -0.0157341 0.775389 113.929 
0.763076 0.0140273 -0.646157 -107.196 -0.00188485 0.999809 0.0194788 -0.357666 0.646306 -0.0136458 0.762956 114.11 
0.74962 0.0112455 -0.661773 -107.392 -0.00137993 0.99988 0.0154278 -0.335883 0.661867 -0.0106517 0.749546 114.267 
0.733267 0.0113446 -0.679846 -107.51 -0.00396376 0.999915 0.0124103 -0.368444 0.679929 -0.00640529 0.73325 114.412 
0.718338 0.00714052 -0.695658 -107.682 -0.00312388 0.99997 0.00703836 -0.366409 0.695687 -0.00288272 0.718339 114.545 
0.702465 0.00507385 -0.711701 -107.836 -0.00647248 0.999979 0.000740531 -0.331362 0.711689 0.00408632 0.702482 114.674 
0.68526 0.00928268 -0.728239 -107.993 -0.0137091 0.999906 -0.000154489 -0.340665 0.728169 0.0100894 0.685323 114.81 
0.668161 0.0101715 -0.743948 -108.187 -0.0162121 0.999868 -0.000889967 -0.32791 0.74384 0.0126556 0.668238 114.931 
0.648572 0.0101827 -0.761085 -108.344 -0.0136656 0.999905 0.0017325 -0.34131 0.76103 0.00927709 0.64865 115.049 
0.628891 0.00860899 -0.777446 -108.553 -0.0105075 0.999942 0.00257304 -0.333528 0.777423 0.00655091 0.628944 115.181 
0.606541 0.0104349 -0.794984 -108.739 -0.0111648 0.999927 0.00460671 -0.326732 0.794974 0.00608171 0.606613 115.28 
0.581572 0.0149572 -0.813357 -108.929 -0.0153427 0.999855 0.00741636 -0.319759 0.81335 0.00816597 0.581717 115.389 
0.556714 0.0198183 -0.830468 -109.126 -0.0180014 0.999768 0.011791 -0.324675 0.830509 0.00838545 0.556942 115.479 
0.530904 0.0220679 -0.847145 -109.324 -0.0194818 0.999715 0.0138331 -0.320112 0.847208 0.00915991 0.531182 115.57 
0.503842 0.0240422 -0.863461 -109.523 -0.0225669 0.999638 0.0146658 -0.303483 0.863501 0.0120964 0.504202 115.661 
0.477626 0.0279755 -0.878118 -109.739 -0.0271541 0.999486 0.0170725 -0.297167 0.878143 0.0156903 0.47814 115.717 
0.451005 0.0311844 -0.891976 -109.95 -0.0294212 0.999366 0.0200627 -0.294134 0.892036 0.0171947 0.451637 115.764 
0.42022 0.0289213 -0.906961 -110.17 -0.0299608 0.999389 0.017987 -0.273135 0.906927 0.0196148 0.42083 115.844 
0.388437 0.0262411 -0.921101 -110.411 -0.0290977 0.999445 0.0162022 -0.274683 0.921016 0.0205085 0.388986 115.89 
0.3523 0.0217572 -0.935634 -110.65 -0.0293585 0.999495 0.0121877 -0.269238 0.935427 0.0231751 0.35276 115.966 
0.312946 0.0200985 -0.949558 -110.9 -0.0287735 0.999518 0.0116731 -0.277928 0.949335 0.0236692 0.313373 116.015 
0.272253 0.0225446 -0.961962 -111.175 -0.0276361 0.999496 0.0156028 -0.314223 0.961829 0.022337 0.272739 116.045 
0.227241 0.0191801 -0.97365 -111.481 -0.0280873 0.999519 0.0131344 -0.291909 0.973433 0.0243626 0.227671 116.096 
0.182082 0.0160663 -0.983152 -111.76 -0.0273469 0.999563 0.0112698 -0.275688 0.982903 0.0248342 0.182442 116.089 
0.132301 0.0126559 -0.991129 -112.094 -0.0264749 0.999607 0.00923012 -0.250792 0.990856 0.0250189 0.132584 116.1 
0.0818053 0.0139775 -0.99655 -112.441 -0.0248629 0.999619 0.0119796 -0.265172 0.996338 0.0237972 0.0821217 116.082 
0.0281986 0.0125989 -0.999523 -112.802 -0.0264875 0.999579 0.0118524 -0.235366 0.999251 0.0261407 0.0285204 116.081 
-0.0230408 0.0156327 -0.999612 -113.155 -0.0236702 0.999589 0.0161779 -0.231099 0.999454 0.0240338 -0.0226613 116.003 
-0.0771464 0.0174589 -0.996867 -113.516 -0.0178062 0.999663 0.0188859 -0.217277 0.996861 0.0192074 -0.0768096 115.946 
-0.130639 0.022175 -0.991182 -113.877 -0.0123273 0.999636 0.0239889 -0.248936 0.991353 0.0153525 -0.130318 115.864 
-0.183276 0.023472 -0.982781 -114.279 -0.00942094 0.999627 0.0256312 -0.242527 0.983016 0.0139563 -0.182986 115.744 
-0.233919 0.0263627 -0.971899 -114.685 -0.00711606 0.999559 0.0288257 -0.247117 0.97223 0.013659 -0.233628 115.599 
-0.283399 0.0254504 -0.958664 -115.109 -0.00585763 0.999583 0.0282683 -0.215634 0.958984 0.0136267 -0.283131 115.438 
-0.331147 0.0273126 -0.943184 -115.524 -0.000993131 0.99957 0.0292941 -0.211156 0.943579 0.0106374 -0.330977 115.24 
-0.377361 0.0291069 -0.925609 -115.94 0.00411013 0.999549 0.0297564 -0.199093 0.926057 0.00742456 -0.37731 115.033 
-0.421206 0.0315248 -0.906417 -116.363 0.0102234 0.999497 0.0300113 -0.187168 0.906907 0.00337431 -0.421317 114.792 
-0.462556 0.0327268 -0.885986 -116.792 0.0136056 0.999463 0.0298153 -0.179159 0.886486 0.00173694 -0.462753 114.522 
