1 2.12261e-08 -2.11895e-08 0 2.12261e-08 1 2.10703e-08 0 -2.11895e-08 2.10703e-08 1 0 
0.999998 0.000971061 0.00160734 -0.00890191 -0.000969348 0.999999 -0.00103937 -2.16956e-06 -0.00160839 0.00103785 0.999998 0.444088 
0.999988 0.00266151 0.00404865 -0.0221148 -0.00265191 0.999994 -0.00236491 -0.00672447 -0.00405496 0.00235419 0.999989 0.903206 
0.999975 0.00386381 0.00586626 -0.0284892 -0.0038501 0.99999 -0.00233854 -0.0135313 -0.00587528 0.00231594 0.99998 1.37886 
0.999968 0.00371605 0.00708171 -0.0324517 -0.00370005 0.999991 -0.00226494 -0.0201971 -0.0070901 0.0022387 0.999972 1.8613 
0.999957 0.00335902 0.00866664 -0.0331342 -0.00334563 0.999993 -0.0015549 -0.0340364 -0.00867184 0.00152588 0.999961 2.36942 
0.999942 0.00232773 0.0104974 -0.0416327 -0.00231592 0.999997 -0.00113363 -0.0317866 -0.0105001 0.0011093 0.999944 2.8695 
0.999924 0.00236575 0.0121338 -0.0486357 -0.00237095 0.999997 0.000417934 -0.0348906 -0.0121328 -0.000446629 0.999926 3.37281 
0.99991 0.00276576 0.0131158 -0.0519943 -0.00277681 0.999996 0.000827549 -0.0384838 -0.0131135 -0.000863853 0.999914 3.88854 
0.999897 0.00407705 0.0137935 -0.0570392 -0.00408727 0.999991 0.000715758 -0.0465618 -0.0137905 -0.00077202 0.999905 4.4028 
0.999852 0.00565958 0.0162309 -0.0737526 -0.0056606 0.999984 1.95077e-05 -0.0509077 -0.0162306 -0.00011134 0.999868 4.90498 
0.999837 0.00585455 0.0171037 -0.0739943 -0.00584435 0.999983 -0.000643392 -0.0558639 -0.0171072 0.000543368 0.999854 5.43133 
0.999815 0.00714981 0.0178675 -0.0777057 -0.0071254 0.999974 -0.00142676 -0.0653823 -0.0178773 0.00129922 0.999839 5.94465 
0.999754 0.0101155 0.0197166 -0.0812073 -0.0100525 0.999944 -0.00329201 -0.0625399 -0.0197488 0.00309304 0.9998 6.46868 
0.999776 0.006445 0.0201734 -0.0710595 -0.00637545 0.999974 -0.00350764 -0.0603254 -0.0201955 0.00337828 0.99979 6.98601 
0.999731 0.00779401 0.0218627 -0.0771554 -0.00773087 0.999966 -0.00296875 -0.0781573 -0.0218851 0.00279898 0.999757 7.51599 
0.999695 0.0099587 0.0225951 -0.0706691 -0.0098788 0.999945 -0.00364301 -0.0837921 -0.0226302 0.00341873 0.999738 8.06144 
0.999627 0.00948999 0.0256139 -0.0686794 -0.00939047 0.999948 -0.00400133 -0.0834001 -0.0256506 0.00375935 0.999664 8.61501 
0.999519 0.00982206 0.0294048 -0.0624033 -0.00969513 0.999943 -0.0044547 -0.089755 -0.029447 0.00416752 0.999558 9.18811 
0.999417 0.00793713 0.0332171 -0.0451072 -0.0077781 0.999958 -0.00491269 -0.0925605 -0.0332547 0.0046515 0.999436 9.7517 
0.999211 0.0103235 0.0383556 -0.0159522 -0.0101367 0.999936 -0.00505868 -0.113646 -0.0384054 0.00466593 0.999251 10.3377 
0.999033 0.00992374 0.0428226 0.0603824 -0.00966603 0.999934 -0.00621993 -0.0735613 -0.0428816 0.00580004 0.999063 10.9237 
0.99874 0.0109356 0.0489859 0.0876786 -0.0107112 0.999931 -0.00484057 -0.102458 -0.0490355 0.00430981 0.998788 11.4797 
0.998409 0.0115581 0.0551944 0.12096 -0.0112998 0.999924 -0.00498816 -0.115693 -0.0552479 0.00435658 0.998463 12.0691 
0.998089 0.00836506 0.0612308 0.155529 -0.00803827 0.999952 -0.0055806 -0.129116 -0.0612746 0.00507778 0.998108 12.6894 
0.997723 0.00683826 0.067103 0.193005 -0.00642368 0.999959 -0.00639151 -0.133323 -0.067144 0.00594595 0.997726 13.3138 
0.997179 0.00784915 0.0746463 0.190658 -0.00727082 0.999941 -0.00801558 -0.157646 -0.0747049 0.00745027 0.997178 13.9547 
0.996726 0.0125832 0.0798714 0.26825 -0.0116314 0.999856 -0.0123706 -0.152117 -0.0800156 0.0114011 0.996728 14.6113 
0.996262 0.00905415 0.0859131 0.306304 -0.00809151 0.999901 -0.0115459 -0.181526 -0.0860092 0.0108076 0.996236 15.2774 
0.995931 0.00193822 0.0900938 0.380427 -0.00102029 0.999947 -0.0102331 -0.17013 -0.0901089 0.0100996 0.995881 15.957 
0.995355 -0.00105332 0.0962715 0.420059 0.0017749 0.999971 -0.00740947 -0.156895 -0.0962609 0.00754596 0.995328 16.6362 
0.994991 -0.000229345 0.0999607 0.486322 0.000685471 0.99999 -0.00452828 -0.156526 -0.0999587 0.00457416 0.994981 17.3343 
0.994662 -0.00225262 0.103163 0.524339 0.00275679 0.999985 -0.00474439 -0.173548 -0.10315 0.0050035 0.994653 18.0406 
0.994654 -0.00610162 0.10308 0.587095 0.00675476 0.999959 -0.00598789 -0.19332 -0.103039 0.0066522 0.994655 18.7695 
0.994724 -0.0115135 0.101935 0.645491 0.0124098 0.99989 -0.00816277 -0.202852 -0.10183 0.00938475 0.994758 19.4972 
0.995087 -0.013621 0.0980658 0.696635 0.0145059 0.99986 -0.00831621 -0.218411 -0.0979388 0.00969793 0.995145 20.2749 
0.995723 -0.0125563 0.0915274 0.720243 0.0134173 0.999871 -0.00879684 -0.229568 -0.0914052 0.00998731 0.995764 21.0319 
0.996511 -0.0124175 0.0825305 0.770122 0.0130033 0.999894 -0.00656418 -0.248948 -0.0824403 0.00761448 0.996567 21.8433 
0.99723 -0.0112553 0.0735271 0.804898 0.0116348 0.999921 -0.00473497 -0.255999 -0.073468 0.00557736 0.997282 22.6582 
0.997872 -0.0114036 0.0642045 0.837331 0.0115235 0.999933 -0.00149744 -0.271637 -0.0641831 0.00223416 0.997936 23.4908 
0.998393 -0.011677 0.0554565 0.874368 0.0117065 0.999931 -0.000205797 -0.28129 -0.0554503 0.000854707 0.998461 24.3485 
0.998737 -0.00917619 0.0493982 0.885431 0.00916745 0.999958 0.000404204 -0.285884 -0.0493999 4.92038e-05 0.998779 25.1768 
0.999034 -0.00821295 0.0431785 0.914731 0.00820062 0.999966 0.000463881 -0.298537 -0.0431809 -0.000109301 0.999067 26.0066 
0.999231 -0.00807699 0.0383679 0.923255 0.00806253 0.999967 0.000532754 -0.302723 -0.038371 -0.00022296 0.999264 26.8488 
0.999393 -0.00754329 0.0340185 0.915461 0.00753791 0.999972 0.000287744 -0.31395 -0.0340198 -3.10989e-05 0.999421 27.6668 
0.999559 -0.00814043 0.0285663 0.935795 0.00812761 0.999967 0.00056637 -0.342141 -0.02857 -0.000333902 0.999592 28.4953 
0.999672 -0.00743098 0.0245239 0.945346 0.00741152 0.999972 0.000885925 -0.355193 -0.0245298 -0.000703832 0.999699 29.3013 
0.999753 -0.00574963 0.0214759 0.931329 0.00572302 0.999983 0.00130228 -0.367462 -0.0214831 -0.00117901 0.999769 30.1234 
0.99982 -0.00263515 0.0188176 0.929897 0.00259064 0.999994 0.00239116 -0.38908 -0.0188238 -0.00234194 0.99982 30.9239 
0.999866 -0.00124769 0.0163311 0.94155 0.00121259 0.999997 0.00216149 -0.388708 -0.0163338 -0.00214135 0.999864 31.7228 
0.999897 -0.00206134 0.0142406 0.959522 0.0020453 0.999997 0.00114405 -0.400464 -0.014243 -0.00111477 0.999898 32.5243 
0.999905 -0.00109303 0.0137452 0.954939 0.00109419 0.999999 -7.35587e-05 -0.415576 -0.0137452 8.86334e-05 0.999906 33.3209 
0.999913 0.00142941 0.0130923 0.937208 -0.00142512 0.999999 -0.00033346 -0.43281 -0.0130928 0.000314815 0.999914 34.1133 
0.999905 0.00499005 0.0128544 0.923986 -0.00499176 0.999988 0.000104718 -0.449207 -0.0128537 -0.000168832 0.999917 34.9049 
0.999904 0.00630398 0.0123198 0.919308 -0.0063199 0.999979 0.00125746 -0.474626 -0.0123117 -0.00133515 0.999923 35.6985 
0.999892 0.00856849 0.0119721 0.916101 -0.00857935 0.999963 0.000859469 -0.487492 -0.0119644 -0.000962048 0.999928 36.4764 
0.999877 0.0106694 0.011481 0.908741 -0.0106807 0.999943 0.000929532 -0.50158 -0.0114705 -0.001052 0.999934 37.2274 
0.999837 0.0136678 0.0117782 0.903137 -0.0136836 0.999906 0.00126556 -0.510289 -0.0117598 -0.00142648 0.99993 37.9618 
0.999804 0.0158482 0.0118332 0.898027 -0.0158645 0.999873 0.00128638 -0.536176 -0.0118114 -0.00147382 0.999929 38.6904 
0.999664 0.0213293 0.0147623 0.851343 -0.0213567 0.999771 0.0017062 -0.546463 -0.0147225 -0.00202085 0.99989 39.3574 
0.999576 0.0231219 0.0177129 0.848448 -0.0231292 0.999733 0.000210547 -0.558913 -0.0177034 -0.000620102 0.999843 40.0093 
0.999442 0.0252736 0.0218473 0.846645 -0.0252513 0.99968 -0.00129476 -0.561597 -0.0218731 0.000742404 0.999761 40.6867 
0.999336 0.0250157 0.0264994 0.856246 -0.024994 0.999687 -0.00114858 -0.573955 -0.0265199 0.000485527 0.999648 41.3627 
0.999182 0.0257129 0.0312138 0.885334 -0.0257095 0.999669 -0.000508823 -0.593727 -0.0312166 -0.000294044 0.999513 42.0398 
0.998977 0.0255097 0.0373428 0.893749 -0.0254855 0.999675 -0.00112305 -0.598789 -0.0373593 0.000170239 0.999302 42.6886 
0.998696 0.024671 0.0447045 0.902776 -0.024686 0.999695 -0.000214945 -0.613873 -0.0446963 -0.000888872 0.999 43.3343 
0.998274 0.0248702 0.0532097 0.931644 -0.0248861 0.99969 -0.000364323 -0.631887 -0.0532023 -0.000960444 0.998583 43.9413 
0.997567 0.026031 0.064673 0.949398 -0.026054 0.99966 -0.000487028 -0.647079 -0.0646638 -0.00119911 0.997906 44.5353 
0.996787 0.0253984 0.0759712 1.00177 -0.0254574 0.999676 -0.000191286 -0.668279 -0.0759515 -0.00174331 0.99711 45.1444 
0.995813 0.0239306 0.0882301 1.0602 -0.0240091 0.999712 -0.000170459 -0.683851 -0.0882087 -0.00194854 0.9961 45.7292 
0.994557 0.0232379 0.101568 1.11331 -0.0232577 0.999729 -0.000989729 -0.692304 -0.101564 -0.00137786 0.994828 46.3065 
0.992961 0.0235419 0.116079 1.18005 -0.0236075 0.999721 -0.000809092 -0.700886 -0.116066 -0.0019369 0.99324 46.8431 
0.991033 0.0232287 0.13158 1.27184 -0.0233416 0.999727 -0.000684304 -0.715026 -0.13156 -0.00239309 0.991305 47.3995 
0.988533 0.0256248 0.148817 1.35439 -0.0257433 0.999668 -0.00112967 -0.731119 -0.148796 -0.00271429 0.988864 47.9336 
0.985268 0.0235499 0.16939 1.45133 -0.0235621 0.999721 -0.00193824 -0.74836 -0.169389 -0.00208147 0.985547 48.4508 
0.98083 0.0272313 0.192954 1.54601 -0.0272245 0.999626 -0.00268695 -0.76909 -0.192955 -0.00261759 0.981204 48.9659 
0.975425 0.0266363 0.218714 1.65201 -0.0261362 0.999645 -0.00517988 -0.776444 -0.218775 -0.000663729 0.975775 49.4596 
0.969099 0.025776 0.245321 1.78053 -0.0246136 0.999667 -0.00780359 -0.792767 -0.245441 0.00152427 0.96941 49.9485 
0.961797 0.0246267 0.272655 1.94582 -0.0225406 0.999688 -0.0107808 -0.801445 -0.272835 0.00422314 0.962052 50.4014 
0.952681 0.0224278 0.303144 2.07863 -0.0199146 0.999737 -0.0113796 -0.819793 -0.30332 0.00480421 0.952877 50.8373 
0.942332 0.0242007 0.333802 2.22877 -0.0209362 0.999691 -0.013374 -0.835603 -0.334023 0.00561425 0.942548 51.2431 
0.930434 0.0228783 0.365744 2.40084 -0.0198045 0.99973 -0.0121541 -0.870688 -0.365924 0.00406526 0.930636 51.6683 
0.917144 0.0233739 0.39787 2.58133 -0.0204478 0.999724 -0.0115961 -0.864084 -0.398031 0.00249978 0.917369 52.0618 
0.901861 0.0229813 0.431414 2.77036 -0.0200325 0.999735 -0.0113779 -0.87991 -0.431561 0.00161901 0.902082 52.4253 
0.884826 0.0217161 0.465416 2.96999 -0.0189342 0.999764 -0.0106517 -0.90625 -0.465538 0.000612617 0.885028 52.7626 
0.865766 0.0218132 0.499974 3.19009 -0.0183308 0.999761 -0.011876 -0.917521 -0.500114 0.00111697 0.865959 53.093 
0.84469 0.0216308 0.534818 3.4214 -0.0163156 0.999759 -0.0146665 -0.91817 -0.535007 0.00366281 0.84484 53.4118 
0.820809 0.0209729 0.570818 3.65316 -0.0138857 0.999763 -0.016766 -0.918859 -0.571034 0.00583552 0.820906 53.728 
0.794988 0.0184116 0.606346 3.89532 -0.0102035 0.999804 -0.0169809 -0.935464 -0.60654 0.00731279 0.79502 54.0194 
0.76665 0.0150311 0.641889 4.15296 -0.00616197 0.999852 -0.0160538 -0.931714 -0.642036 0.00835238 0.766629 54.3006 
0.73619 0.0102425 0.676697 4.41967 -0.00240591 0.999919 -0.0125173 -0.9395 -0.676771 0.00758708 0.736155 54.5744 
0.70358 0.00743327 0.710577 4.6956 -0.00117294 0.999956 -0.00929897 -0.945025 -0.710615 0.00570912 0.703558 54.83 
0.66759 0.00411925 0.744518 4.98166 -0.00171642 0.999991 -0.00399358 -0.966511 -0.744527 0.00138818 0.667591 55.0749 
0.629911 0.00138582 0.776667 5.29215 0.00213193 0.999992 -0.00351333 -0.95121 -0.776665 0.00386889 0.629902 55.2974 
0.590458 -0.00189941 0.807066 5.59474 0.00491525 0.999987 -0.00124254 -0.960718 -0.807053 0.00470061 0.59046 55.4911 
0.548212 -0.00397283 0.83633 5.91231 0.0102008 0.999946 -0.00193649 -0.961408 -0.836277 0.00959287 0.548223 55.6594 
0.503547 -0.00223926 0.863965 6.24729 0.0136705 0.999892 -0.00537599 -0.949803 -0.86386 0.0145179 0.503523 55.8286 
0.455769 -2.69303e-05 0.890098 6.58014 0.0121731 0.999907 -0.00620286 -0.964136 -0.890015 0.0136624 0.455727 55.9827 
0.40722 0.00361023 0.913323 6.93931 0.0092481 0.999925 -0.00807591 -0.959331 -0.913283 0.0117352 0.407156 56.1123 
0.35764 0.00650412 0.933837 7.31175 0.00610632 0.999938 -0.00930304 -0.954303 -0.93384 0.00902945 0.357578 56.2295 
0.307001 0.00699157 0.951683 7.7181 0.00377434 0.999956 -0.00856372 -0.96261 -0.951702 0.00622106 0.306962 56.3452 
0.259748 0.0065794 0.965654 8.12432 0.00891708 0.999918 -0.00921138 -0.97688 -0.965635 0.0110035 0.259668 56.41 
0.213971 0.00619958 0.97682 8.56167 0.010202 0.999911 -0.00858081 -0.977262 -0.976787 0.0118015 0.213889 56.493 
0.173208 0.00356682 0.984879 9.01737 0.0108015 0.999926 -0.0055209 -0.991066 -0.984826 0.0115944 0.173156 56.5427 
0.133677 0.00177838 0.991023 9.49335 0.0109361 0.999935 -0.00326948 -0.998695 -0.990965 0.011275 0.133649 56.5951 
0.0981057 0.00014859 0.995176 9.98688 0.0111597 0.999937 -0.00124939 -0.998875 -0.995113 0.0112284 0.0980979 56.6205 
0.0640884 -0.00109152 0.997944 10.5017 0.0117944 0.99993 0.000336297 -1.00598 -0.997875 0.0117486 0.0640968 56.6532 
0.0340408 -0.00124823 0.99942 11.037 0.0115446 0.999933 0.000855698 -1.00722 -0.999354 0.0115088 0.0340529 56.6733 
0.00698165 0.000383904 0.999976 11.5859 0.00828312 0.999966 -0.000441689 -1.01343 -0.999941 0.008286 0.00697823 56.6804 
-0.0150109 0.00343769 0.999881 12.164 0.00444341 0.999984 -0.00337129 -1.01227 -0.999877 0.00439228 -0.0150259 56.6644 
-0.033871 0.00448136 0.999416 12.7558 0.00451254 0.99998 -0.00433092 -1.0164 -0.999416 0.00436321 -0.0338906 56.6412 
-0.0518718 0.00467813 0.998643 13.366 0.00872488 0.999953 -0.00423104 -1.02759 -0.998616 0.00849356 -0.0519101 56.6163 
-0.0686148 0.00476011 0.997632 13.9828 0.00888567 0.999952 -0.00416001 -1.02933 -0.997604 0.00857919 -0.0686538 56.5826 
-0.0845807 0.00308206 0.996412 14.6615 0.00806144 0.999965 -0.00240871 -1.04778 -0.996384 0.00782878 -0.0846025 56.5433 
-0.098933 0.00455476 0.995084 15.3208 0.00894705 0.999953 -0.00368748 -1.05755 -0.995054 0.00853825 -0.0989692 56.4822 
-0.111348 0.00656594 0.99376 16.0192 0.0105027 0.99993 -0.00542987 -1.06043 -0.993726 0.0098326 -0.111409 56.4079 
-0.12161 0.00927117 0.992535 16.6921 0.017792 0.999816 -0.00715917 -1.073 -0.992418 0.0167886 -0.121753 56.3356 
-0.12681 0.011949 0.991855 17.4045 0.0255047 0.999636 -0.00878189 -1.08673 -0.991599 0.0241833 -0.127069 56.2369 
-0.129813 0.0122723 0.991463 18.1386 0.030065 0.999512 -0.00843549 -1.10289 -0.991083 0.0287133 -0.130119 56.1516 
-0.13008 0.0110009 0.991442 18.9112 0.0307079 0.999504 -0.00706136 -1.11809 -0.991028 0.0295266 -0.130354 56.0747 
-0.12742 0.00876584 0.99181 19.6511 0.033865 0.999416 -0.00448233 -1.14956 -0.991271 0.0330165 -0.127642 56.0008 
-0.12287 0.00838398 0.992387 20.4296 0.0357192 0.999354 -0.00402033 -1.15668 -0.99178 0.0349533 -0.12309 55.9214 
-0.117731 0.00840654 0.99301 21.2225 0.0349934 0.999378 -0.00431159 -1.18436 -0.992429 0.0342412 -0.117952 55.8368 
-0.113057 0.0090289 0.993548 21.9997 0.0346281 0.999387 -0.00514156 -1.20537 -0.992985 0.0338233 -0.1133 55.7535 
-0.108948 0.00852346 0.994011 22.8145 0.0394855 0.999211 -0.00424024 -1.22877 -0.993263 0.038787 -0.109198 55.6921 
-0.104459 0.00628371 0.994509 23.5962 0.0448145 0.998994 -0.00160489 -1.24518 -0.993519 0.0444008 -0.104635 55.5992 
-0.10131 0.00367551 0.994848 24.4134 0.0471271 0.998888 0.00110876 -1.2484 -0.993738 0.0469966 -0.10137 55.5419 
-0.096538 0.000342508 0.995329 25.2173 0.0506016 0.998709 0.00456427 -1.26272 -0.994042 0.0508059 -0.0964306 55.4799 
-0.0909303 -0.00131026 0.995856 26.0264 0.0524531 0.998605 0.00610333 -1.25873 -0.994475 0.0527907 -0.0907347 55.4241 
-0.0869056 -0.00335602 0.996211 26.8392 0.0499753 0.998721 0.00772417 -1.27864 -0.994962 0.0504572 -0.0866267 55.3726 
-0.0828461 -0.00413595 0.996554 27.6468 0.0428376 0.999052 0.00770756 -1.2768 -0.995641 0.0433285 -0.0825904 55.3299 
-0.0779161 -0.00697458 0.996936 28.4416 0.0376633 0.999241 0.00993435 -1.2827 -0.996248 0.0383219 -0.0775943 55.2831 
-0.0746283 -0.00843268 0.997176 29.2602 0.0349729 0.999327 0.0110683 -1.29015 -0.996598 0.0357002 -0.0742832 55.2602 
-0.0698731 -0.00456479 0.997545 30.0814 0.0342315 0.99939 0.00697101 -1.30799 -0.996968 0.0346346 -0.0696742 55.2032 
-0.0661957 0.00369472 0.9978 30.8877 0.0342553 0.999412 -0.00142809 -1.30789 -0.997219 0.0340854 -0.0662834 55.1656 
-0.0625409 0.00975126 0.997995 31.6802 0.0330973 0.999423 -0.00769107 -1.32418 -0.997494 0.0325499 -0.0628275 55.1309 
-0.062576 0.00934369 0.997997 32.4976 0.030659 0.999502 -0.00743538 -1.34086 -0.997569 0.0301323 -0.0628313 55.1238 
-0.0622558 0.00542696 0.998046 33.3024 0.0339371 0.999419 -0.00331747 -1.36845 -0.997483 0.0336642 -0.0624037 55.1024 
-0.0623692 0.00587755 0.998036 34.15 0.0329652 0.999449 -0.00382577 -1.37459 -0.997509 0.0326618 -0.0625286 55.0681 
-0.0635649 0.0077777 0.997947 34.942 0.0293401 0.999552 -0.00592133 -1.40966 -0.997546 0.0289035 -0.0637646 55.0555 
-0.0626479 0.00992487 0.997986 35.7599 0.0213747 0.999735 -0.00860043 -1.40597 -0.997807 0.0207928 -0.0628434 55.0111 
-0.0642191 0.00947183 0.997891 36.5837 0.0186687 0.999791 -0.00828841 -1.41966 -0.997761 0.018097 -0.0643825 54.9907 
-0.0640475 0.00852844 0.99791 37.468 0.0182525 0.999806 -0.00737313 -1.44123 -0.99778 0.0177421 -0.0641907 54.9288 
-0.0661723 0.0115546 0.997741 38.3168 0.0207093 0.999734 -0.0102041 -1.46164 -0.997593 0.0199873 -0.0663939 54.8833 
-0.0681373 0.0156274 0.997554 39.1974 0.0216852 0.999664 -0.0141792 -1.47751 -0.99744 0.020666 -0.0684533 54.8527 
-0.0674098 0.0183855 0.997556 40.0809 0.0247274 0.999554 -0.0167513 -1.49465 -0.997419 0.0235378 -0.0678343 54.783 
-0.0690463 0.0199008 0.997415 40.9661 0.0271766 0.999468 -0.0180604 -1.5082 -0.997243 0.0258593 -0.0695504 54.7447 
-0.0709087 0.0220725 0.997239 41.8389 0.0271735 0.999427 -0.0201887 -1.52996 -0.997113 0.0256669 -0.0714678 54.7117 
-0.0732611 0.021341 0.997084 42.7472 0.0238156 0.999523 -0.0196433 -1.55464 -0.997028 0.0223071 -0.0737344 54.6771 
-0.0739324 0.0175394 0.997109 43.6549 0.0233647 0.999601 -0.0158508 -1.57931 -0.99699 0.0221252 -0.0743128 54.6178 
-0.0760937 0.017569 0.996946 44.5763 0.0218318 0.999634 -0.01595 -1.59065 -0.996862 0.0205515 -0.0764495 54.5836 
-0.0787728 0.0201511 0.996689 45.5166 0.0215401 0.999597 -0.0185074 -1.6397 -0.99666 0.0200109 -0.0791751 54.55 
-0.0791528 0.0239453 0.996575 46.4493 0.0209568 0.999531 -0.0223518 -1.66999 -0.996642 0.0191158 -0.0796175 54.4909 
-0.0787713 0.0257905 0.996559 47.4028 0.0238708 0.999428 -0.0239778 -1.69835 -0.996607 0.0218998 -0.0793418 54.4373 
-0.0793534 0.0219653 0.996605 48.3541 0.0295839 0.999369 -0.0196706 -1.73995 -0.996408 0.0279226 -0.0799531 54.3718 
-0.0795965 0.0168509 0.996685 49.3123 0.0312849 0.999407 -0.0143985 -1.76647 -0.996336 0.0300351 -0.0800765 54.3097 
-0.0798805 0.0140155 0.996706 50.2904 0.0312967 0.999443 -0.0115457 -1.79791 -0.996313 0.0302713 -0.0802746 54.2632 
-0.0788997 0.01536 0.996764 51.248 0.0301307 0.999461 -0.0130165 -1.83085 -0.996427 0.0290062 -0.07932 54.2204 
-0.0775926 0.018248 0.996818 52.253 0.029643 0.999433 -0.0159884 -1.85958 -0.996544 0.0283081 -0.0780895 54.161 
-0.0779795 0.0204666 0.996745 53.2429 0.0237972 0.999543 -0.0186623 -1.89025 -0.996671 0.0222644 -0.0784309 54.1024 
-0.0791439 0.0200752 0.996661 54.2278 0.0183391 0.999657 -0.0186793 -1.91818 -0.996695 0.0167995 -0.079485 54.0716 
-0.0797951 0.0148866 0.9967 55.2368 0.0209921 0.999692 -0.0132507 -1.95846 -0.99659 0.0198655 -0.080083 54.0029 
-0.0794613 0.00962909 0.996791 56.2885 0.0178118 0.999807 -0.00823827 -1.9762 -0.996679 0.0171 -0.0796175 53.9241 
-0.0794983 0.0103987 0.996781 57.34 0.0174116 0.999808 -0.00904158 -1.99948 -0.996683 0.0166367 -0.079664 53.8449 
-0.0800968 0.0137006 0.996693 58.3528 0.0208661 0.99971 -0.0120652 -2.02442 -0.996569 0.0198307 -0.0803594 53.7866 
-0.0807918 0.0176781 0.996574 59.3838 0.0234026 0.999601 -0.0158345 -2.03972 -0.996456 0.0220432 -0.0811732 53.7085 
-0.0818225 0.0151288 0.996532 60.4067 0.0249458 0.999603 -0.0131272 -2.05705 -0.996335 0.0237852 -0.0821674 53.6161 
-0.0844629 0.0102384 0.996374 61.4884 0.0264612 0.999618 -0.00802856 -2.07457 -0.996075 0.0256872 -0.0847015 53.5447 
-0.0872777 0.00738907 0.996157 62.5276 0.0281934 0.99959 -0.00494436 -2.10897 -0.995785 0.0276535 -0.0874502 53.4615 
-0.0908241 0.00730867 0.99584 63.5964 0.0311932 0.999503 -0.00449059 -2.14302 -0.995378 0.0306556 -0.091007 53.3686 
-0.0932593 0.0063057 0.995622 64.6174 0.0359231 0.99935 -0.00296438 -2.16203 -0.994994 0.0354893 -0.0934252 53.2472 
-0.0970685 0.00508065 0.995265 65.7039 0.0408681 0.999164 -0.00111464 -2.17774 -0.994438 0.0405664 -0.097195 53.1736 
-0.1002 0.00565548 0.994951 66.7449 0.0434795 0.999054 -0.0013 -2.19882 -0.994017 0.0431297 -0.100351 53.0863 
-0.101283 0.00910438 0.994816 67.8099 0.0464558 0.998911 -0.00441209 -2.22876 -0.993772 0.0457681 -0.101596 52.952 
-0.102607 0.0134802 0.994631 68.8732 0.0482293 0.9988 -0.00856125 -2.25247 -0.993552 0.0470919 -0.103134 52.8563 
-0.103819 0.0165833 0.994458 69.9754 0.0533269 0.998516 -0.0110837 -2.28162 -0.993166 0.0518806 -0.104549 52.757 
-0.104535 0.0150046 0.994408 71.0501 0.0532296 0.998537 -0.00947129 -2.34395 -0.993096 0.0519419 -0.10518 52.7099 
-0.101673 0.0123692 0.994741 72.092 0.0531456 0.998562 -0.00698466 -2.37204 -0.993397 0.052156 -0.102184 52.6081 
-0.0970809 0.00970231 0.995229 73.1821 0.0564937 0.998394 -0.00422238 -2.39446 -0.993672 0.0558142 -0.0974731 52.5319 
-0.0910385 0.00629328 0.995828 74.2165 0.0556859 0.998448 -0.001219 -2.41956 -0.994289 0.0553426 -0.0912476 52.4268 
-0.0860374 0.00449953 0.996282 75.2947 0.0567936 0.998386 0.000395617 -2.41206 -0.994672 0.0566164 -0.0861541 52.3525 
-0.0802432 0.00309943 0.996771 76.3491 0.0587397 0.998272 0.00162468 -2.4411 -0.995043 0.0586804 -0.0802866 52.2576 
-0.0759006 0.00637596 0.997095 77.4438 0.0579476 0.998318 -0.00197266 -2.47961 -0.99543 0.0576296 -0.0761424 52.1891 
-0.073309 0.0109668 0.997249 78.4641 0.0595737 0.998202 -0.00659789 -2.5049 -0.995528 0.0589262 -0.0738305 52.1171 
-0.0709984 0.0108025 0.997418 79.5202 0.059788 0.99819 -0.006555 -2.52998 -0.995683 0.0591682 -0.0715157 52.0561 
-0.0701149 0.00870587 0.997501 80.6287 0.0611299 0.99812 -0.00441438 -2.55432 -0.995664 0.0606676 -0.0705153 52.0211 
-0.0688468 0.0117212 0.997558 81.6858 0.0634601 0.997957 -0.00734611 -2.57963 -0.995607 0.0627994 -0.06945 51.9709 
-0.0667001 0.0176142 0.997618 82.7515 0.0634363 0.997896 -0.0133778 -2.59853 -0.995754 0.0623929 -0.0676771 51.9146 
-0.0654523 0.0207598 0.99764 83.8102 0.0624925 0.997906 -0.0166654 -2.62696 -0.995897 0.0612542 -0.0666126 51.8669 
-0.063014 0.0202776 0.997807 84.8805 0.0616524 0.997963 -0.0163872 -2.66682 -0.996107 0.0604845 -0.0641359 51.8262 
-0.0592764 0.0170603 0.998096 85.9635 0.0604455 0.998081 -0.0134702 -2.70282 -0.99641 0.0595319 -0.0601938 51.7795 
-0.0546943 0.0138098 0.998408 87.0317 0.0605682 0.998109 -0.0104876 -2.71892 -0.996664 0.0598981 -0.0554273 51.7321 
-0.0504552 0.0114928 0.99866 88.1364 0.0582937 0.998263 -0.00854299 -2.74927 -0.997024 0.0577846 -0.0510376 51.7123 
-0.045436 0.0148252 0.998857 89.1759 0.0549637 0.998412 -0.0123184 -2.79498 -0.997454 0.0543412 -0.0461787 51.6393 
-0.043414 0.0244675 0.998758 90.242 0.0519967 0.998401 -0.0221986 -2.8293 -0.997703 0.0509684 -0.0446168 51.6069 
-0.0417608 0.0325437 0.998598 91.3036 0.0467792 0.998437 -0.0305821 -2.86811 -0.998032 0.0454364 -0.0432178 51.5801 
-0.0419613 0.0314855 0.998623 92.3774 0.0433491 0.99862 -0.0296639 -2.92888 -0.998178 0.0420447 -0.0432683 51.5693 
-0.0416312 0.0246675 0.998829 93.5021 0.0429714 0.998814 -0.0228761 -2.99424 -0.998209 0.0419687 -0.0426418 51.5562 
-0.0429506 0.0188304 0.9989 94.5494 0.0446651 0.998859 -0.0169091 -3.03701 -0.998078 0.0438897 -0.0437426 51.5212 
-0.0453968 0.0133595 0.99888 95.6343 0.0426833 0.999023 -0.0114216 -3.06227 -0.998057 0.042117 -0.0459226 51.486 
-0.0481579 0.00917707 0.998798 96.722 0.041008 0.999133 -0.00720288 -3.09078 -0.997998 0.0406118 -0.0484925 51.4689 
-0.0500587 0.00943466 0.998702 97.7691 0.0414717 0.999113 -0.00735978 -3.12785 -0.997885 0.0410495 -0.0504055 51.4335 
-0.0520379 0.00943004 0.998601 98.8186 0.0403774 0.999158 -0.00733117 -3.16085 -0.997829 0.0399394 -0.0523748 51.3906 
-0.0537612 0.00832422 0.998519 99.9195 0.0420409 0.999098 -0.00606548 -3.1937 -0.997668 0.0416525 -0.0540626 51.353 
-0.0546057 0.00995121 0.998458 100.991 0.0437126 0.999016 -0.00756608 -3.22174 -0.997551 0.0432321 -0.0549869 51.3037 
-0.0553658 0.01813 0.998302 102.061 0.0440227 0.998907 -0.0156995 -3.2533 -0.997495 0.0430788 -0.0561034 51.2609 
-0.0560571 0.0265214 0.998075 103.111 0.040005 0.998904 -0.0242965 -3.28779 -0.997626 0.038566 -0.0570566 51.2167 
-0.0571946 0.0268592 0.998002 104.177 0.0386339 0.998949 -0.0246706 -3.33247 -0.997615 0.0371456 -0.0581722 51.1781 
-0.0597724 0.0206817 0.997998 105.234 0.0345469 0.999229 -0.0186381 -3.38477 -0.997614 0.0333636 -0.0604408 51.1429 
-0.0648327 0.0138013 0.997801 106.324 0.0281901 0.999531 -0.0119935 -3.40267 -0.997498 0.0273506 -0.0651914 51.1492 
-0.0655543 0.00581296 0.997832 107.374 0.0282168 0.999594 -0.00396943 -3.42599 -0.99745 0.0278954 -0.0656917 51.0872 
-0.0686842 -0.000836175 0.997638 108.414 0.0313777 0.999503 0.00299803 -3.45954 -0.997145 0.0315095 -0.0686238 51.0509 
-0.0697717 -0.000689586 0.997563 109.448 0.0296625 0.999556 0.00276566 -3.48139 -0.997122 0.0297832 -0.0697202 50.9934 
-0.070147 0.00729719 0.99751 110.463 0.0336864 0.99942 -0.00494222 -3.50329 -0.996968 0.0332559 -0.0703521 50.9319 
-0.0699233 0.0213015 0.997325 111.48 0.0447055 0.998834 -0.0181994 -3.54227 -0.99655 0.0433134 -0.0707941 50.8586 
-0.070244 0.0326391 0.996996 112.52 0.0496355 0.998341 -0.029186 -3.57279 -0.996294 0.0474363 -0.0717475 50.786 
-0.0718312 0.0299084 0.996968 113.559 0.0508429 0.998361 -0.026287 -3.61687 -0.99612 0.0488005 -0.0732341 50.7537 
-0.0716598 0.0184408 0.997259 114.622 0.0532823 0.998472 -0.0146345 -3.66857 -0.996005 0.0520875 -0.0725329 50.6888 
-0.071689 0.0074703 0.997399 115.633 0.0522775 0.998626 -0.00372196 -3.72081 -0.996056 0.0518747 -0.071981 50.636 
-0.0712134 0.0026859 0.997458 116.626 0.0506173 0.998718 0.000924567 -3.73866 -0.996176 0.0505544 -0.0712581 50.584 
-0.0715666 -0.00195961 0.997434 117.607 0.0478416 0.99884 0.00539509 -3.75005 -0.996288 0.048105 -0.0713899 50.5415 
-0.0732997 -0.0052081 0.997296 118.576 0.0433456 0.999025 0.008403 -3.76549 -0.996368 0.0438443 -0.0730025 50.5399 
-0.0736602 -0.00288075 0.997279 119.583 0.041669 0.999114 0.0059638 -3.7792 -0.996413 0.0419949 -0.0734749 50.4884 
-0.0722424 0.00359379 0.997381 120.555 0.0388848 0.999243 -0.000783953 -3.80512 -0.996629 0.0387263 -0.0723275 50.4328 
-0.0715693 0.0101003 0.997385 121.535 0.0393593 0.999199 -0.00729435 -3.82274 -0.996659 0.0387343 -0.0719095 50.3754 
-0.0717813 0.0142215 0.997319 122.489 0.0403196 0.999122 -0.0113452 -3.86216 -0.996605 0.0393972 -0.0722917 50.3207 
-0.0719847 0.0182575 0.997239 123.492 0.0417419 0.999012 -0.0152768 -3.91526 -0.996532 0.0405269 -0.0726757 50.2821 
-0.0725377 0.0228172 0.997105 124.437 0.0400009 0.999 -0.0199505 -3.94791 -0.996563 0.0384379 -0.0733779 50.2438 
-0.0723252 0.0229699 0.997117 125.387 0.0404516 0.99898 -0.0200786 -3.97839 -0.99656 0.0388828 -0.0731805 50.1844 
-0.0732292 0.0169967 0.99717 126.337 0.0385102 0.999157 -0.0142024 -4.00804 -0.996571 0.0373612 -0.073822 50.1493 
-0.0742006 0.00708491 0.997218 127.304 0.0369669 0.999307 -0.00434909 -4.04009 -0.996558 0.0365414 -0.0744111 50.1043 
-0.0757822 -0.0001801 0.997124 128.241 0.0319481 0.999486 0.00260865 -4.05869 -0.996612 0.032054 -0.0757375 50.0611 
-0.0782822 -0.00353061 0.996925 129.158 0.0281301 0.999588 0.00574896 -4.07668 -0.996534 0.0284937 -0.0781506 50.0174 
-0.0797162 -0.00108749 0.996817 130.065 0.024271 0.999701 0.00303165 -4.10043 -0.996522 0.0244354 -0.079666 49.96 
-0.0815016 0.00541332 0.996659 130.932 0.0208721 0.999775 -0.00372339 -4.12808 -0.996455 0.0204989 -0.0815963 49.9198 
-0.0827316 0.0135879 0.996479 131.785 0.0196083 0.999736 -0.0120043 -4.14459 -0.996379 0.0185461 -0.0829762 49.8765 
-0.0820577 0.0196961 0.996433 132.613 0.0230803 0.999574 -0.0178575 -4.17628 -0.99636 0.0215326 -0.0824774 49.8233 
-0.0799653 0.021196 0.996572 133.406 0.0286803 0.999409 -0.018955 -4.21418 -0.996385 0.0270663 -0.080526 49.7799 
-0.0757517 0.0202665 0.996921 134.211 0.032487 0.999313 -0.0178465 -4.25266 -0.996597 0.0310351 -0.0763581 49.7338 
-0.0708821 0.0160548 0.997356 134.994 0.0354159 0.999281 -0.0135687 -4.27359 -0.996856 0.0343605 -0.0713997 49.69 
-0.0692264 0.0115641 0.997534 135.746 0.0332015 0.999406 -0.00928164 -4.3221 -0.997048 0.0324771 -0.0695691 49.6851 
-0.0646468 0.00975005 0.997861 136.443 0.0375395 0.999268 -0.00733175 -4.36085 -0.997202 0.0369852 -0.0649655 49.6338 
-0.0601216 0.0141202 0.998091 137.144 0.0373075 0.999233 -0.0118891 -4.38957 -0.997494 0.0365215 -0.0606022 49.5973 
-0.056517 0.019332 0.998214 137.862 0.0385685 0.999109 -0.0171656 -4.37462 -0.997656 0.0375295 -0.0572122 49.61 
-0.0521347 0.0211211 0.998417 138.539 0.0423457 0.998924 -0.0189206 -4.38364 -0.997742 0.0412922 -0.0529729 49.6031 
-0.048719 0.0217919 0.998575 139.147 0.0384613 0.999061 -0.019926 -4.39618 -0.998072 0.0374358 -0.0495114 49.5991 
-0.0445387 0.0214255 0.998778 139.742 0.0352268 0.999182 -0.0198633 -4.42141 -0.998386 0.0342991 -0.0452571 49.5921 
-0.0418253 0.0215029 0.998894 140.284 0.0308143 0.999321 -0.0202218 -4.44887 -0.99865 0.0299344 -0.0424594 49.5894 
-0.0385729 0.024259 0.998961 140.82 0.030121 0.999279 -0.0231036 -4.47579 -0.998802 0.0291985 -0.0392758 49.5738 
-0.0363451 0.0281228 0.998944 141.334 0.0278963 0.999243 -0.0271163 -4.49365 -0.99895 0.0268812 -0.0371021 49.5428 
-0.0367498 0.0293167 0.998894 141.84 0.0250565 0.999282 -0.0284062 -4.51864 -0.99901 0.0239849 -0.037458 49.5318 
-0.0385438 0.0278322 0.998869 142.399 0.0200093 0.999433 -0.0270758 -4.5408 -0.999057 0.0189431 -0.0390789 49.5174 
-0.0403478 0.0241552 0.998894 142.93 0.0150119 0.99961 -0.0235661 -4.55533 -0.999073 0.0140444 -0.0406946 49.5146 
-0.0420355 0.0182955 0.998949 143.482 0.0144861 0.999738 -0.0177003 -4.58277 -0.999011 0.0137268 -0.0422895 49.4869 
-0.0429044 0.0156113 0.998957 143.988 0.0189716 0.99971 -0.0148082 -4.60468 -0.998899 0.0183165 -0.0431881 49.4517 
-0.0458677 0.0175991 0.998793 144.48 0.021175 0.999637 -0.0166415 -4.62982 -0.998723 0.0203862 -0.0462237 49.4355 
-0.0487661 0.0208587 0.998592 144.989 0.0206779 0.999589 -0.0198697 -4.65347 -0.998596 0.0196798 -0.0491773 49.4143 
-0.051306 0.0224951 0.99843 145.528 0.0158512 0.999639 -0.0217078 -4.6655 -0.998557 0.0147125 -0.051644 49.3892 
-0.0535056 0.0236332 0.998288 146.005 0.0143649 0.999635 -0.0228951 -4.68236 -0.998464 0.0131153 -0.0538256 49.3805 
-0.0559164 0.0250871 0.99812 146.493 0.0148565 0.999595 -0.0242919 -4.69905 -0.998325 0.0134702 -0.0562664 49.3681 
-0.0585131 0.0231193 0.998019 146.999 0.0152324 0.999636 -0.0222636 -4.71213 -0.99817 0.0138995 -0.058844 49.3384 
-0.0618354 0.0177421 0.997929 147.496 0.015047 0.999745 -0.016842 -4.73267 -0.997973 0.0139744 -0.0620866 49.3227 
-0.0653393 0.0152058 0.997747 148 0.0139477 0.9998 -0.0143237 -4.74542 -0.997766 0.0129804 -0.0655384 49.3209 
-0.0672299 0.0136735 0.997644 148.466 0.0117135 0.999848 -0.0129143 -4.77173 -0.997669 0.0108176 -0.0673799 49.2841 
-0.0698208 0.012806 0.997477 148.97 0.00945336 0.999881 -0.0121751 -4.77606 -0.997515 0.00857943 -0.0699335 49.2785 
-0.0712105 0.0103807 0.997407 149.455 0.00917214 0.99991 -0.0097519 -4.81166 -0.997419 0.00845392 -0.0712993 49.2567 
-0.0715734 0.011596 0.997368 149.936 0.00868843 0.999902 -0.0110019 -4.80581 -0.997398 0.00787812 -0.0716671 49.2249 
-0.0711115 0.012462 0.997391 150.41 0.0110873 0.99987 -0.0117025 -4.83243 -0.997407 0.0102261 -0.0712404 49.2143 
-0.0649486 0.0151861 0.997773 150.901 0.0140821 0.999799 -0.0143002 -4.84154 -0.997789 0.0131219 -0.0651494 49.1598 
-0.0569509 0.0170538 0.998231 151.376 0.0145063 0.999763 -0.0162523 -4.86606 -0.998272 0.0135551 -0.0571847 49.1349 
-0.0481104 0.0160193 0.998714 151.835 0.012694 0.9998 -0.0154252 -4.88915 -0.998761 0.0119356 -0.0483041 49.1605 
-0.0327589 0.0152497 0.999347 152.293 0.0144315 0.999787 -0.0147833 -4.89889 -0.999359 0.0139377 -0.032972 49.1582 
-0.0101977 0.0154744 0.999828 152.738 0.0199038 0.999685 -0.0152691 -4.91452 -0.99975 0.0197447 -0.0105025 49.164 
0.0195139 0.014974 0.999697 153.176 0.0267406 0.999522 -0.0154933 -4.93705 -0.999452 0.0270349 0.0191042 49.1949 
0.055668 0.0143795 0.998346 153.603 0.0270296 0.999508 -0.0159034 -4.95442 -0.998083 0.0278702 0.0552519 49.2391 
0.0959901 0.0134143 0.995292 154.031 0.024522 0.999574 -0.015837 -4.97924 -0.99508 0.0259268 0.0956202 49.3265 
0.138285 0.0160557 0.990262 154.463 0.019595 0.999629 -0.0189439 -5.00483 -0.990199 0.0220239 0.137919 49.4166 
0.179703 0.0212029 0.983492 154.859 0.018312 0.999522 -0.0248944 -5.00989 -0.98355 0.0224833 0.179229 49.5395 
0.221659 0.0255245 0.97479 155.248 0.01894 0.999356 -0.0304745 -5.01974 -0.97494 0.0252175 0.221033 49.6668 
0.264894 0.0269026 0.963902 155.643 0.0196847 0.999252 -0.0332988 -5.04954 -0.964077 0.0277948 0.264166 49.8004 
0.306814 0.0293239 0.951318 156.047 0.0157982 0.999231 -0.0358959 -5.05526 -0.951638 0.0260425 0.306115 49.962 
0.347311 0.0330457 0.937168 156.417 0.00716339 0.999256 -0.0378897 -5.06866 -0.937723 0.0198728 0.346816 50.1548 
0.387259 0.037754 0.921198 156.794 -0.0014968 0.999186 -0.0403209 -5.08575 -0.92197 0.0142358 0.387 50.3693 
0.427025 0.0424812 0.903241 157.158 -0.00633785 0.999012 -0.0439891 -5.11862 -0.904218 0.0130598 0.426873 50.5808 
0.466075 0.0461485 0.883541 157.519 -0.00797836 0.998817 -0.0479608 -5.14139 -0.884709 0.0153041 0.465892 50.7976 
0.504106 0.0455609 0.862439 157.876 -0.00688194 0.998788 -0.0487413 -5.15667 -0.863615 0.0186355 0.503808 51.0504 
0.540792 0.0445602 0.839975 158.213 -0.00995452 0.998865 -0.0465802 -5.17942 -0.841097 0.0168287 0.540622 51.3094 
0.574913 0.0459476 0.816923 158.571 -0.0153338 0.998852 -0.0453888 -5.1962 -0.818071 0.0135681 0.574958 51.6116 
0.607264 0.0504039 0.7929 158.91 -0.0231893 0.998685 -0.0457252 -5.21682 -0.794162 0.0093805 0.607634 51.9233 
0.637143 0.0545069 0.768816 159.215 -0.0294921 0.99849 -0.046349 -5.23555 -0.770181 0.00685694 0.637788 52.2569 
0.665879 0.0558139 0.743969 159.539 -0.0308383 0.998405 -0.0473006 -5.2653 -0.745422 0.00855373 0.666538 52.5678 
0.691125 0.0540709 0.72071 159.804 -0.0268914 0.998431 -0.0491192 -5.29697 -0.722235 0.0145666 0.691494 52.886 
0.714345 0.0555688 0.697584 160.15 -0.0291743 0.99834 -0.0496514 -5.32428 -0.699185 0.0151168 0.714781 53.2727 
0.734767 0.0599166 0.675668 160.477 -0.0370768 0.99815 -0.0481935 -5.35553 -0.677305 0.0103595 0.735629 53.6667 
0.751038 0.061979 0.657344 160.779 -0.0438736 0.998069 -0.0439777 -5.36992 -0.6588 0.0041889 0.752307 54.0941 
0.764784 0.0613798 0.641356 161.126 -0.046437 0.998114 -0.0401488 -5.3848 -0.642611 0.000922577 0.766192 54.533 
0.776372 0.054792 0.627888 161.466 -0.0404553 0.998492 -0.0371101 -5.40621 -0.628975 0.00340991 0.777418 54.9743 
0.786289 0.0469082 0.616075 161.806 -0.0340146 0.998888 -0.0326432 -5.43103 -0.616922 0.00471143 0.787011 55.413 
0.793189 0.0405047 0.607628 162.128 -0.0299389 0.999173 -0.0275234 -5.45801 -0.60824 0.00363954 0.793745 55.8916 
0.799695 0.0383718 0.599179 162.448 -0.0302243 0.999263 -0.0236545 -5.48536 -0.599646 0.000806585 0.800265 56.3728 
0.806681 0.0352238 0.589937 162.803 -0.0273315 0.999378 -0.0222974 -5.49419 -0.590355 0.0018631 0.807142 56.8994 
0.814141 0.0310132 0.579838 163.176 -0.0223034 0.999506 -0.0221436 -5.51776 -0.580238 0.00509572 0.814431 57.4486 
0.820896 0.0308893 0.570242 163.53 -0.0200838 0.99948 -0.0252288 -5.54419 -0.570725 0.00925762 0.821089 57.9955 
0.826847 0.035131 0.561328 163.886 -0.0214755 0.999292 -0.0309072 -5.56638 -0.562016 0.0135008 0.827016 58.5577 
0.830728 0.0404475 0.555208 164.231 -0.0248283 0.999057 -0.035633 -5.6041 -0.556125 0.0158165 0.830948 59.1645 
0.832938 0.0454726 0.551495 164.601 -0.0282241 0.998812 -0.0397278 -5.62719 -0.552646 0.0175254 0.833232 59.7415 
0.832675 0.050329 0.55147 164.96 -0.0342856 0.998636 -0.0393704 -5.68923 -0.552699 0.0138754 0.833265 60.3221 
0.83038 0.0506292 0.554893 165.335 -0.0365008 0.998667 -0.0364974 -5.70761 -0.556001 0.0100527 0.831121 60.9635 
0.8283 0.0529837 0.557775 165.754 -0.0396502 0.998566 -0.035974 -5.73326 -0.558881 0.00768142 0.829213 61.5813 
0.825452 0.05389 0.561894 166.169 -0.0421663 0.998538 -0.0338229 -5.80065 -0.562895 0.00422623 0.826517 62.2194 
0.822168 0.0542241 0.566657 166.597 -0.0434636 0.998527 -0.0324885 -5.82821 -0.567583 0.00208213 0.823313 62.8822 
0.81874 0.0513634 0.571863 167.024 -0.0406784 0.998677 -0.0314593 -5.86172 -0.572722 0.00249452 0.819746 63.5146 
0.816019 0.048264 0.576007 167.486 -0.0383986 0.998833 -0.029294 -5.89795 -0.576749 0.00178663 0.81692 64.1605 
0.81251 0.04799 0.580969 167.953 -0.0388765 0.998848 -0.0281376 -5.94374 -0.581649 0.000276071 0.81344 64.8104 
0.809366 0.0498793 0.585183 168.406 -0.0395681 0.998754 -0.0304043 -5.97376 -0.585971 0.0014536 0.810331 65.4737 
0.805718 0.0519188 0.59002 168.859 -0.0395868 0.998644 -0.0338167 -6.0099 -0.590975 0.00388971 0.80668 66.1399 
0.803253 0.0540012 0.593185 169.343 -0.0396033 0.99852 -0.0372729 -6.04252 -0.59432 0.00644749 0.804203 66.8021 
0.800218 0.0537599 0.597295 169.833 -0.0398232 0.998539 -0.0365214 -6.08526 -0.598386 0.00543896 0.80119 67.489 
0.797746 0.0516965 0.600774 170.319 -0.041373 0.998663 -0.030997 -6.10966 -0.601573 -0.000128068 0.798818 68.1856 
0.795612 0.0474476 0.603945 170.839 -0.0407434 0.998862 -0.0247996 -6.15759 -0.604434 -0.00487586 0.79664 68.8873 
0.793667 0.0467256 0.606555 171.364 -0.0371873 0.998908 -0.0282911 -6.20849 -0.607215 -0.000102407 0.794538 69.5793 
0.792776 0.0507468 0.607397 171.859 -0.0339964 0.998658 -0.0390635 -6.26006 -0.608565 0.0103193 0.793437 70.232 
0.791172 0.0529543 0.609297 172.357 -0.0317136 0.998456 -0.0455962 -6.31531 -0.610771 0.0167515 0.79163 70.914 
0.789849 0.0502419 0.61124 172.821 -0.0283719 0.998565 -0.0454163 -6.36618 -0.612645 0.01853 0.790141 71.5639 
0.789177 0.0442954 0.612567 173.331 -0.0253418 0.998895 -0.039583 -6.41094 -0.613643 0.0157144 0.789427 72.2536 
0.788768 0.0403453 0.613366 173.833 -0.0226892 0.999075 -0.0365384 -6.45771 -0.614272 0.0149036 0.788953 72.9207 
0.789235 0.0359554 0.613038 174.357 -0.0186803 0.999228 -0.0345565 -6.50924 -0.613808 0.0158215 0.789297 73.6082 
0.790087 0.031555 0.612182 174.861 -0.0132958 0.999321 -0.0343505 -6.56097 -0.612851 0.0190004 0.78997 74.2575 
0.790993 0.0279308 0.611188 175.366 -0.00868693 0.999369 -0.0344278 -6.60774 -0.611764 0.0219228 0.790737 74.9189 
0.791513 0.0307553 0.610377 175.858 -0.00941127 0.999228 -0.0381441 -6.67084 -0.611079 0.0244472 0.791192 75.5796 
0.792504 0.02957 0.60915 176.357 -0.0048993 0.9991 -0.0421254 -6.72432 -0.609847 0.0304002 0.791936 76.2408 
0.793301 0.0244398 0.608339 176.839 -0.000475392 0.999219 -0.0395232 -6.79239 -0.608829 0.0310647 0.792693 76.8784 
0.792592 0.0237516 0.60929 177.325 -0.00373319 0.999411 -0.034103 -6.82871 -0.609742 0.0247552 0.792214 77.5638 
0.792076 0.0178616 0.610161 177.82 -0.00388247 0.999699 -0.0242247 -6.88285 -0.61041 0.0168189 0.791907 78.2394 
0.7915 0.013965 0.611009 178.302 -0.00243331 0.999803 -0.019699 -6.90558 -0.611164 0.014105 0.791379 78.8879 
0.791154 0.011447 0.61151 178.804 0.000275078 0.999818 -0.0190717 -6.94142 -0.611617 0.0152569 0.791007 79.5219 
0.790037 0.0158107 0.612856 179.235 -0.00266057 0.999746 -0.022362 -6.97374 -0.613054 0.0160363 0.789879 80.1035 
0.788814 0.0224208 0.614223 179.683 -0.00424776 0.999509 -0.0310295 -7.00561 -0.614617 0.0218675 0.788522 80.7107 
0.787169 0.0281736 0.616094 180.12 -0.00499833 0.999215 -0.0393072 -7.03394 -0.616717 0.027862 0.786692 81.291 
0.785465 0.0280721 0.618269 180.572 -0.00131497 0.999044 -0.0436903 -7.06164 -0.618904 0.0335042 0.784752 81.8522 
0.782586 0.0238772 0.622085 180.977 0.00175205 0.999176 -0.0405549 -7.10686 -0.62254 0.0328277 0.781899 82.3915 
0.780029 0.0168586 0.625517 181.402 0.00523858 0.999426 -0.0334685 -7.14288 -0.625722 0.0293832 0.779493 82.9429 
