1 2.12261e-08 -2.11895e-08 -1.45517e-14 2.12261e-08 1 2.10703e-08 -5.55112e-15 -2.11895e-08 2.10703e-08 1 -1.66533e-16 
0.999997 0.00233034 1.13478e-05 -0.0277275 -0.00233032 0.999995 0.00200768 -0.0260786 -6.71163e-06 -0.00200766 0.999998 0.713672 
0.999981 0.00574573 0.0024035 -0.0979572 -0.00575003 0.999982 0.00180396 -0.0245496 -0.00239313 -0.0018177 0.999996 1.4054 
0.999974 0.00587469 0.00424329 -0.141087 -0.00588051 0.999982 0.00137077 -0.0382643 -0.0042352 -0.00139564 0.99999 2.10358 
0.999956 0.00703419 0.00627961 -0.242145 -0.00703941 0.999975 0.000817577 -0.0528289 -0.00627374 -0.000861704 0.99998 2.81728 
0.999942 0.00788529 0.00728286 -0.27917 -0.0078875 0.999969 0.000279512 -0.0472669 -0.00728048 -0.000336897 0.999973 3.54569 
0.999945 0.00759881 0.00721274 -0.270131 -0.00760565 0.999971 0.000926621 -0.0722266 -0.00720553 -0.000981386 0.999974 4.27035 
0.999948 0.00737819 0.00698575 -0.258877 -0.00740263 0.999967 0.00348454 -0.0767128 -0.00695985 -0.00353603 0.99997 4.9635 
0.999931 0.00789164 0.00873046 -0.276747 -0.00795666 0.999941 0.00744227 -0.0811317 -0.00867125 -0.00751118 0.999934 5.63293 
0.99993 0.00713802 0.00945616 -0.277897 -0.00723922 0.999916 0.0107163 -0.0864742 -0.00937892 -0.0107839 0.999898 6.27997 
0.999925 0.00606127 0.0106136 -0.285668 -0.00620283 0.999892 0.0133603 -0.109369 -0.0105315 -0.0134251 0.999854 6.92367 
0.999896 0.00714794 0.0125577 -0.304591 -0.0073098 0.99989 0.0128941 -0.105087 -0.0124642 -0.0129845 0.999838 7.53615 
0.999869 0.0086972 0.0136397 -0.311115 -0.00883724 0.999909 0.0102434 -0.110901 -0.0135494 -0.0103626 0.999855 8.06666 
0.999878 0.00895689 0.01283 -0.269779 -0.00905756 0.999928 0.00781397 -0.13194 -0.0127591 -0.00792918 0.999887 8.59891 
0.999853 0.0072369 0.0155146 -0.284236 -0.00733362 0.999954 0.00618899 -0.136049 -0.0154691 -0.00630182 0.999861 9.12813 
0.999854 0.00306305 0.0167857 -0.267897 -0.0031395 0.999985 0.00453256 -0.155108 -0.0167716 -0.00458456 0.999849 9.6011 
0.999816 0.000921304 0.0191562 -0.28255 -0.00098892 0.999993 0.0035228 -0.172732 -0.0191529 -0.00354105 0.99981 10.0269 
0.999777 0.00497284 0.0205128 -0.27017 -0.00503414 0.999983 0.00293994 -0.219953 -0.0204979 -0.00304251 0.999785 10.4695 
0.999683 0.00936618 0.0233925 -0.271963 -0.00941653 0.999954 0.00204528 -0.2291 -0.0233723 -0.00226487 0.999724 10.8361 
0.999602 0.00945049 0.0266009 -0.256515 -0.00953058 0.99995 0.00288707 -0.227447 -0.0265724 -0.0031394 0.999642 11.2123 
0.999567 0.0055681 0.0288989 -0.244516 -0.00568294 0.999976 0.00389442 -0.241188 -0.0288766 -0.00405692 0.999575 11.5099 
0.999506 -0.000336768 0.0314146 -0.217529 0.000215305 0.999993 0.00387113 -0.252017 -0.0314157 -0.00386241 0.999499 11.7967 
0.999417 -0.00367443 0.033947 -0.214488 0.00351247 0.999982 0.00483056 -0.252715 -0.0339641 -0.00470847 0.999412 12.0506 
0.999303 -0.00380561 0.0371401 -0.218621 0.00359181 0.999977 0.00582295 -0.254761 -0.0371614 -0.00568545 0.999293 12.2831 
0.999217 -0.00298683 0.0394527 -0.219545 0.00278805 0.999983 0.00509357 -0.263915 -0.0394673 -0.00497954 0.999208 12.4803 
0.999129 -0.00223492 0.0416727 -0.222511 0.00206608 0.99999 0.00409525 -0.27699 -0.0416815 -0.00400554 0.999123 12.6735 
0.998989 -0.000145632 0.0449575 -0.247361 2.26345e-06 0.999995 0.00318997 -0.278121 -0.0449578 -0.0031866 0.998984 12.836 
0.998921 0.00206056 0.0464071 -0.244671 -0.00219374 0.999994 0.00281985 -0.294352 -0.046401 -0.00291857 0.998919 12.9886 
0.998842 0.00387965 0.0479458 -0.248159 -0.00398499 0.99999 0.00210253 -0.307844 -0.0479372 -0.00229112 0.998848 13.1287 
0.99878 0.00267538 0.0493074 -0.223673 -0.00266554 0.999996 -0.000264582 -0.302402 -0.0493079 0.00013287 0.998784 13.2879 
0.99871 0.00145186 0.0507664 -0.219249 -0.00137224 0.999998 -0.00160226 -0.307351 -0.0507686 0.00153057 0.998709 13.4236 
0.998641 -0.000307346 0.0521135 -0.21352 0.000439177 0.999997 -0.00251742 -0.317731 -0.0521126 0.00253693 0.998638 13.5548 
0.998599 0.00172477 0.0528813 -0.192816 -0.00147185 0.999987 -0.00482053 -0.304102 -0.052889 0.00473599 0.998589 13.7182 
0.998546 0.00237328 0.0538547 -0.171482 -0.00204204 0.999979 -0.00620393 -0.30997 -0.0538683 0.00608497 0.99853 13.8434 
0.998494 0.00153185 0.0548434 -0.162341 -0.00108633 0.999966 -0.0081516 -0.314566 -0.054854 0.00807978 0.998462 13.9706 
0.998458 0.00083834 0.0555042 -0.156172 -0.00027643 0.999949 -0.0101299 -0.324674 -0.0555099 0.0100989 0.998407 14.0701 
0.99849 0.000298576 0.0549378 -0.144993 0.000349735 0.99993 -0.01179 -0.332879 -0.0549376 0.0117915 0.99842 14.1974 
0.998619 0.001322 0.0525267 -0.141042 -0.00064064 0.999916 -0.0129855 -0.323167 -0.0525394 0.012934 0.998535 14.3249 
0.998756 0.0026799 0.0497965 -0.130312 -0.0019735 0.999897 -0.0142286 -0.315059 -0.0498295 0.0141127 0.998658 14.4792 
0.998953 0.00321195 0.0456325 -0.135761 -0.00254504 0.999889 -0.0146646 -0.332263 -0.0456746 0.0145331 0.998851 14.6103 
0.999208 0.00442696 0.0395405 -0.126721 -0.00380075 0.999866 -0.0158971 -0.324076 -0.0396057 0.0157343 0.999092 14.7566 
0.999436 0.00443463 0.0332847 -0.143736 -0.00386865 0.999847 -0.0170479 -0.321452 -0.0333553 0.0169096 0.999301 14.8685 
0.999665 0.00522113 0.0253657 -0.132818 -0.004772 0.999831 -0.0177328 -0.329096 -0.025454 0.0176058 0.999521 15.0092 
0.999839 0.0043621 0.0174267 -0.131191 -0.00403324 0.999814 -0.018859 -0.329468 -0.0175057 0.0187857 0.99967 15.1486 
0.999969 0.00304302 0.0073341 -0.145816 -0.0028947 0.999793 -0.0201443 -0.325935 -0.00739392 0.0201225 0.99977 15.2845 
0.999985 0.00121423 -0.00537293 -0.162908 -0.00133129 0.999761 -0.0218454 -0.327341 0.00534507 0.0218523 0.999747 15.4508 
0.999773 0.000189354 -0.0213032 -0.204089 -0.000715059 0.999695 -0.0246743 -0.318075 0.021292 0.024684 0.999469 15.631 
0.99919 -0.000139431 -0.0402324 -0.239294 -0.000879873 0.999679 -0.0253176 -0.319701 0.040223 0.0253326 0.99887 15.8039 
0.99808 0.000599196 -0.0619404 -0.27318 -0.00217216 0.999677 -0.0253313 -0.324141 0.0619051 0.0254173 0.997758 16.0053 
0.996382 0.000680094 -0.0849908 -0.336487 -0.00277245 0.999696 -0.0245035 -0.319489 0.0849483 0.0246505 0.99608 16.2307 
0.993729 0.00118225 -0.111805 -0.387766 -0.00377183 0.999729 -0.0229532 -0.321223 0.111748 0.023231 0.993465 16.4366 
0.989826 0.00294234 -0.142255 -0.447496 -0.00599273 0.999761 -0.0210197 -0.330323 0.14216 0.0216584 0.989607 16.6927 
0.984433 0.00318883 -0.175733 -0.526443 -0.00628585 0.999835 -0.0170699 -0.342216 0.175649 0.0179088 0.98429 16.9552 
0.976895 0.00487249 -0.213664 -0.610312 -0.00781462 0.999886 -0.0129276 -0.341407 0.213577 0.0142986 0.976822 17.2394 
0.967149 0.00694926 -0.254115 -0.712463 -0.00900379 0.999936 -0.00692295 -0.355015 0.254051 0.00898357 0.967149 17.5173 
0.955431 0.0116811 -0.294982 -0.878771 -0.0125168 0.999921 -0.000945067 -0.366337 0.294948 0.00459521 0.955502 17.818 
0.940728 0.0137209 -0.338883 -0.943942 -0.0138872 0.999902 0.00193403 -0.359674 0.338877 0.00288679 0.940826 18.0658 
0.923786 0.016781 -0.38254 -1.12418 -0.0148554 0.999858 0.00798694 -0.366168 0.38262 -0.00169539 0.923904 18.3749 
0.903424 0.0195689 -0.428302 -1.27068 -0.0144634 0.99978 0.0151714 -0.355359 0.428504 -0.00751146 0.903508 18.6952 
0.880836 0.0231618 -0.472855 -1.45668 -0.014376 0.999651 0.0221861 -0.368943 0.473203 -0.0127445 0.880861 18.9876 
0.854963 0.0284369 -0.517909 -1.64645 -0.0174419 0.999508 0.0260869 -0.370745 0.518396 -0.01327 0.855038 19.281 
0.826752 0.0326329 -0.561619 -1.91611 -0.0189073 0.999364 0.0302348 -0.382021 0.562249 -0.014378 0.826843 19.5788 
0.795049 0.0355293 -0.605504 -2.16927 -0.0211652 0.9993 0.0308454 -0.356687 0.606176 -0.0117079 0.795245 19.858 
0.760806 0.039033 -0.647804 -2.44481 -0.0219643 0.999167 0.0344084 -0.371405 0.648607 -0.0119495 0.76103 20.1239 
0.723783 0.0429117 -0.688692 -2.76819 -0.0230951 0.999012 0.0379756 -0.34949 0.689641 -0.0115807 0.724059 20.3912 
0.684069 0.0445682 -0.728055 -3.12133 -0.0201481 0.998905 0.0422176 -0.349543 0.729139 -0.0142107 0.684218 20.6753 
0.642637 0.0446696 -0.764868 -3.50103 -0.0167419 0.998879 0.0442698 -0.34703 0.765988 -0.0156441 0.642664 20.9477 
0.598852 0.0433167 -0.799688 -3.88858 -0.0100732 0.998865 0.0465621 -0.335324 0.800796 -0.0198283 0.598608 21.2113 
0.553551 0.0430477 -0.831702 -4.3201 -0.00502497 0.998818 0.0483529 -0.30702 0.8328 -0.0225864 0.553113 21.4605 
0.507039 0.0441277 -0.860793 -4.76536 -0.00096395 0.998717 0.0506305 -0.290441 0.861923 -0.0248418 0.506431 21.6639 
0.457389 0.0433141 -0.888211 -5.24296 -0.000119774 0.998816 0.0486461 -0.254726 0.889267 -0.0221437 0.456852 21.8454 
0.404855 0.0425568 -0.91339 -5.75586 0.00495259 0.9988 0.0487315 -0.236905 0.914367 -0.0242528 0.404158 22.0239 
0.351685 0.0420591 -0.935173 -6.23912 0.010672 0.998745 0.0489316 -0.23052 0.936057 -0.0271886 0.350795 22.1515 
0.298502 0.0406046 -0.953545 -6.79956 0.0135908 0.998812 0.0467868 -0.197133 0.954312 -0.0269254 0.297596 22.2719 
0.243417 0.0464162 -0.968811 -7.3705 0.0156268 0.998537 0.0517666 -0.173209 0.969796 -0.0277402 0.242335 22.3855 
0.19301 0.0508093 -0.97988 -7.9693 0.0185474 0.998291 0.0554173 -0.139727 0.981021 -0.0288703 0.191738 22.4431 
0.144643 0.0531925 -0.988053 -8.56474 0.0243899 0.998059 0.0573016 -0.122337 0.989183 -0.0323867 0.143065 22.502 
0.10009 0.0539384 -0.993515 -9.18917 0.0265644 0.998029 0.0568596 -0.0975301 0.994624 -0.0320831 0.0984595 22.538 
0.0600991 0.0531638 -0.996776 -9.80136 0.0275973 0.998111 0.054899 -0.0768532 0.997811 -0.0308076 0.0585184 22.5248 
0.0242244 0.0485553 -0.998527 -10.4445 0.025859 0.998455 0.0491791 -0.0412371 0.999372 -0.0270122 0.0229314 22.508 
-0.00438637 0.0476935 -0.998852 -11.1274 0.022604 0.998612 0.0475827 0.00302497 0.999735 -0.0223693 -0.00545834 22.4637 
-0.0251755 0.0520308 -0.998328 -11.8558 0.0217474 0.998437 0.0514881 0.0259543 0.999447 -0.0204148 -0.0262677 22.4342 
-0.0385866 0.0576538 -0.997591 -12.5999 0.0234367 0.998112 0.0567774 0.0646918 0.99898 -0.0211893 -0.039865 22.3923 
-0.0461469 0.060473 -0.997103 -13.2651 0.0248717 0.997926 0.0593719 0.0827486 0.998625 -0.0220598 -0.0475552 22.3214 
-0.049497 0.0577891 -0.997101 -14.0625 0.0258502 0.998064 0.0565617 0.118316 0.99844 -0.0229756 -0.050895 22.2702 
-0.0485241 0.0539927 -0.997362 -14.8795 0.0333769 0.998068 0.0524071 0.154947 0.998264 -0.0307458 -0.0502324 22.2343 
-0.0446177 0.0523681 -0.997631 -15.6887 0.045277 0.997705 0.050347 0.208682 0.997978 -0.0429233 -0.0468864 22.2161 
-0.0395435 0.0523719 -0.997844 -16.5181 0.046962 0.997619 0.0504991 0.234253 0.998114 -0.0448638 -0.0419088 22.1815 
-0.0353709 0.0518444 -0.998029 -17.3625 0.0455633 0.997699 0.0502124 0.249666 0.998335 -0.0436973 -0.0376517 22.1731 
-0.0316982 0.0454909 -0.998462 -18.2428 0.0486043 0.997852 0.0439201 0.284576 0.998315 -0.0471373 -0.0338411 22.1142 
-0.029704 0.03525 -0.998937 -19.1537 0.046055 0.998365 0.0338604 0.299812 0.998497 -0.0450003 -0.0312789 22.0779 
-0.0291502 0.0265816 -0.999222 -20.0447 0.0392738 0.998905 0.0254275 0.326709 0.998803 -0.038502 -0.0301622 22.0167 
-0.0296625 0.0237518 -0.999278 -21.0175 0.0330986 0.999193 0.0227673 0.355663 0.999012 -0.0323993 -0.0304247 21.9526 
-0.0340385 0.0304396 -0.998957 -21.9564 0.0239713 0.999273 0.0296325 0.357671 0.999133 -0.0229376 -0.0347435 21.8958 
-0.0403373 0.0384745 -0.998445 -22.9597 0.0185884 0.999114 0.0377493 0.38288 0.999013 -0.0170368 -0.0410168 21.8534 
-0.0454081 0.0475299 -0.997837 -23.983 0.0182873 0.99874 0.0467407 0.419903 0.998801 -0.0161253 -0.0462201 21.8016 
-0.0474798 0.0580236 -0.997186 -24.9788 0.017542 0.998206 0.0572478 0.445241 0.998718 -0.0147745 -0.0484125 21.7351 
-0.048726 0.0654566 -0.996665 -25.9865 0.0195237 0.997722 0.0645715 0.494275 0.998621 -0.0163122 -0.049893 21.6708 
-0.0504608 0.0657041 -0.996562 -26.9961 0.0212084 0.997679 0.0647038 0.546436 0.998501 -0.0178705 -0.0517372 21.6064 
-0.0523959 0.0634213 -0.996611 -28.0494 0.0200562 0.997847 0.0624455 0.593429 0.998425 -0.0167163 -0.053555 21.5425 
-0.0542424 0.0586224 -0.996806 -29.0914 0.0198705 0.998141 0.0576196 0.631695 0.99833 -0.0166815 -0.0553064 21.4458 
-0.058496 0.0534904 -0.996854 -30.123 0.0200278 0.998425 0.0523995 0.672373 0.998087 -0.0168996 -0.0594752 21.3515 
-0.0639769 0.0485765 -0.996768 -31.137 0.0204817 0.998668 0.0473545 0.719555 0.997741 -0.0173858 -0.0648866 21.252 
-0.0725867 0.0471537 -0.996247 -32.1766 0.0195488 0.998757 0.0458482 0.751968 0.997171 -0.0161474 -0.0734183 21.199 
-0.0797341 0.0498512 -0.995569 -33.2199 0.0210054 0.998611 0.0483212 0.773082 0.996595 -0.0170594 -0.0806705 21.0921 
-0.0861053 0.0555472 -0.994736 -34.2965 0.0196196 0.998345 0.0540505 0.788965 0.996093 -0.0148622 -0.0870527 20.9852 
-0.0912803 0.0581551 -0.994126 -35.3213 0.0166234 0.998243 0.0568696 0.842854 0.995687 -0.0113347 -0.0920866 20.8243 
-0.0958092 0.0614222 -0.993503 -36.4009 0.014205 0.998077 0.0603352 0.881258 0.995298 -0.00833198 -0.0964975 20.7008 
-0.0999737 0.0614833 -0.993089 -37.4732 0.0113862 0.998094 0.0606469 0.947979 0.994925 -0.00524438 -0.100483 20.5906 
-0.10135 0.0612554 -0.992963 -38.5418 0.00810212 0.99812 0.0607466 1.01391 0.994818 -0.0018884 -0.101656 20.4383 
-0.103545 0.0605293 -0.992781 -39.6408 0.00811042 0.998165 0.0600117 1.06029 0.994592 -0.00183794 -0.103846 20.3157 
-0.10548 0.0604153 -0.992585 -40.7129 0.00768512 0.998173 0.0599387 1.10295 0.994392 -0.00130576 -0.105752 20.1876 
-0.104841 0.0606014 -0.992641 -41.794 0.00581209 0.998162 0.0603246 1.13153 0.994472 0.000555184 -0.105 20.0041 
-0.105573 0.0602007 -0.992588 -42.8067 0.00372827 0.998183 0.0601435 1.15808 0.994405 0.00264894 -0.105606 19.8652 
-0.105775 0.0566112 -0.992777 -43.9052 0.000324185 0.99838 0.0568961 1.21892 0.99439 0.00569639 -0.105622 19.7161 
-0.106741 0.0522235 -0.992914 -44.9631 -0.00409834 0.998588 0.0529625 1.2484 0.994278 0.00972262 -0.106376 19.5767 
-0.105824 0.0529825 -0.992972 -46.0652 -0.00587518 0.998529 0.0539051 1.25793 0.994368 0.0115384 -0.105357 19.4215 
-0.104634 0.0556039 -0.992955 -47.2305 -0.0072741 0.998366 0.0566735 1.33567 0.994484 0.0131529 -0.104058 19.2788 
-0.104458 0.0591722 -0.992767 -48.2923 -0.00619549 0.99817 0.0601461 1.37119 0.99451 0.0124335 -0.1039 19.1911 
-0.10125 0.0589591 -0.993112 -49.3738 -0.00374395 0.998213 0.0596436 1.41484 0.994854 0.00975713 -0.100849 19.0276 
-0.0993715 0.0574439 -0.993391 -50.4661 -0.00350192 0.998306 0.0580784 1.46555 0.995044 0.00925016 -0.099002 18.9015 
-0.0951131 0.0575991 -0.993799 -51.6183 -0.00839453 0.998243 0.0586601 1.51572 0.995431 0.0139219 -0.0944625 18.771 
-0.0884708 0.0589913 -0.99433 -52.7424 -0.0124176 0.998102 0.0603199 1.55335 0.996001 0.0176838 -0.0875703 18.625 
-0.0834581 0.0586377 -0.994785 -53.8899 -0.0172698 0.998032 0.060278 1.61201 0.996362 0.0222105 -0.0822812 18.51 
-0.0781137 0.0580811 -0.995251 -55.0033 -0.0181095 0.998054 0.059666 1.66466 0.99678 0.0226843 -0.0769099 18.3992 
-0.0732662 0.0597377 -0.995522 -56.126 -0.0189338 0.997941 0.0612764 1.68368 0.997133 0.0233385 -0.0719843 18.3159 
-0.0680131 0.0609977 -0.995818 -57.2529 -0.0166168 0.997922 0.0622614 1.72133 0.997546 0.0207819 -0.0668581 18.2272 
-0.0637836 0.0613062 -0.996079 -58.3678 -0.014412 0.997951 0.0623443 1.78333 0.99786 0.018332 -0.0627693 18.1483 
-0.0587333 0.0623881 -0.996322 -59.491 -0.0118266 0.997932 0.063186 1.83925 0.998204 0.0154943 -0.057874 18.0658 
-0.0529369 0.0620531 -0.996668 -60.6174 -0.014612 0.997912 0.0629066 1.90136 0.998491 0.0178935 -0.0519197 17.9718 
-0.0485268 0.062673 -0.996854 -61.7159 -0.0109895 0.997936 0.063276 1.93111 0.998761 0.0140256 -0.0477378 17.9242 
-0.044258 0.0581235 -0.997328 -62.8566 -0.0130275 0.998188 0.0587517 1.9838 0.998935 0.0155929 -0.0434206 17.8554 
-0.0393473 0.0510437 -0.997921 -64.0133 -0.0107687 0.998615 0.0515038 2.06514 0.999168 0.0127729 -0.0387431 17.7822 
-0.0350705 0.0519697 -0.998033 -65.1688 -0.0112617 0.998563 0.0523931 2.10541 0.999321 0.0130771 -0.0344348 17.7086 
-0.0342208 0.0554561 -0.997875 -66.3561 -0.00975674 0.998393 0.0558195 2.12059 0.999367 0.0116462 -0.0336248 17.6877 
-0.0320422 0.0546688 -0.99799 -67.5177 -0.0115166 0.998417 0.0550619 2.17023 0.99942 0.0132578 -0.0313618 17.6191 
-0.0328389 0.0517193 -0.998122 -68.6633 -0.0130748 0.998553 0.0521718 2.2466 0.999375 0.0147636 -0.0321151 17.5806 
-0.0341603 0.0527479 -0.998023 -69.8534 -0.0130387 0.998498 0.0532192 2.28283 0.999331 0.0148309 -0.0334212 17.5459 
-0.0345014 0.0523821 -0.998031 -71.0279 -0.0144413 0.998495 0.0529057 2.33032 0.9993 0.0162382 -0.033693 17.4887 
-0.0362945 0.0475574 -0.998209 -72.2028 -0.0143856 0.998739 0.0481057 2.40135 0.999238 0.0161058 -0.0355646 17.4599 
-0.0335547 0.0457963 -0.998387 -73.3749 -0.0129084 0.998846 0.0462512 2.44201 0.999354 0.0144396 -0.0329249 17.3703 
-0.0339494 0.046022 -0.998363 -74.5711 -0.00931 0.998881 0.0463625 2.46603 0.99938 0.0108688 -0.0334829 17.3107 
-0.0337621 0.0459678 -0.998372 -75.7276 -0.00509524 0.998921 0.0461654 2.51135 0.999417 0.00664562 -0.0334915 17.2665 
-0.0330719 0.0477297 -0.998313 -76.8979 -0.00258112 0.998852 0.047841 2.54991 0.99945 0.00415899 -0.0329107 17.1952 
-0.0338698 0.0515747 -0.998095 -78.0949 -0.00452653 0.998649 0.051757 2.57702 0.999416 0.00627095 -0.0335906 17.1416 
-0.0328226 0.0511441 -0.998152 -79.2463 -0.00653856 0.998658 0.051385 2.60972 0.99944 0.0082131 -0.0324441 17.068 
-0.0351864 0.0478231 -0.998236 -80.4646 -0.00515743 0.998832 0.0480335 2.67985 0.999368 0.0068385 -0.0348987 17.0604 
-0.0336569 0.0461809 -0.998366 -81.5859 -0.0067242 0.998899 0.0464322 2.71062 0.999411 0.00827602 -0.0333093 16.9712 
-0.0338537 0.0432839 -0.998489 -82.7858 -0.00571207 0.999037 0.0435014 2.76624 0.999411 0.00717616 -0.0335738 16.9256 
-0.0345849 0.0456182 -0.99836 -83.9288 -0.00428569 0.998942 0.0457933 2.78962 0.999393 0.00586246 -0.0343528 16.8842 
-0.0319046 0.0493435 -0.998272 -85.0938 -0.0043264 0.998764 0.0495061 2.81514 0.999482 0.00589844 -0.0316517 16.7911 
-0.0300223 0.0506379 -0.998266 -86.2269 -0.00940025 0.998657 0.0509405 2.84175 0.999505 0.0109133 -0.029506 16.7108 
-0.0299092 0.050128 -0.998295 -87.4571 -0.00865836 0.998691 0.0504073 2.90166 0.999515 0.0101513 -0.029436 16.6244 
-0.0298523 0.0482162 -0.998391 -88.6341 -0.00581109 0.998811 0.0484103 2.9385 0.999537 0.00724694 -0.0295366 16.5772 
-0.0312056 0.0487026 -0.998326 -89.7424 -0.00650026 0.998781 0.048928 2.9356 0.999492 0.00801625 -0.030851 16.5528 
-0.032746 0.050132 -0.998206 -90.8577 -0.00388215 0.998727 0.0502855 2.95793 0.999456 0.00552187 -0.0325097 16.5247 
-0.0325289 0.0524927 -0.998091 -91.9695 -0.00169634 0.998616 0.0525756 2.99638 0.999469 0.00340336 -0.0323948 16.4783 
-0.0320963 0.0554592 -0.997945 -93.1471 -0.00171106 0.998455 0.0555425 3.04546 0.999483 0.0034903 -0.0319518 16.3989 
-0.0330551 0.0580845 -0.997764 -94.2898 -0.00145874 0.998306 0.0581644 3.06574 0.999453 0.00337815 -0.0329144 16.3591 
-0.0326441 0.0591424 -0.997716 -95.4795 -0.00431663 0.99823 0.0593141 3.13961 0.999458 0.00624306 -0.032331 16.2874 
-0.0327441 0.057767 -0.997793 -96.6079 -0.0056241 0.998302 0.057981 3.1751 0.999448 0.00751026 -0.0323636 16.2298 
-0.0337897 0.0544182 -0.997946 -97.7496 -0.00716726 0.998478 0.0546899 3.20927 0.999403 0.00900053 -0.0333482 16.1808 
-0.0352775 0.0528369 -0.99798 -98.9071 -0.00666136 0.998567 0.0531034 3.24958 0.999355 0.0085213 -0.0348749 16.1456 
-0.0350075 0.0505329 -0.998109 -100.091 -0.00670661 0.998687 0.0507973 3.30713 0.999365 0.00847225 -0.0346226 16.084 
-0.0357775 0.0504829 -0.998084 -101.234 -0.00540294 0.998699 0.0507076 3.35424 0.999345 0.00720682 -0.0354582 16.0485 
-0.0361333 0.0528542 -0.997948 -102.396 -0.00357549 0.998587 0.0530175 3.38306 0.999341 0.00548389 -0.0358932 15.9906 
-0.0373724 0.0563465 -0.997712 -103.503 -0.00216139 0.998402 0.0564665 3.38065 0.999299 0.00426677 -0.0371909 15.9461 
-0.0383097 0.0546157 -0.997772 -104.692 -0.0048473 0.998483 0.0548407 3.44204 0.999254 0.00693747 -0.0379868 15.8698 
-0.0390991 0.0555263 -0.997691 -105.848 -0.0077869 0.998408 0.0558713 3.48731 0.999205 0.00995348 -0.0386045 15.7998 
-0.0400246 0.055748 -0.997642 -107.046 -0.0114117 0.998352 0.0562454 3.52319 0.999134 0.013636 -0.0393224 15.7282 
-0.0404189 0.0522674 -0.997815 -108.182 -0.0132992 0.998514 0.0528427 3.56093 0.999094 0.015406 -0.0396638 15.6697 
-0.0443375 0.0493313 -0.997798 -109.311 -0.0128954 0.998669 0.0499473 3.5927 0.998933 0.0150816 -0.0436423 15.6807 
-0.0452805 0.0482774 -0.997807 -110.51 -0.00898351 0.998772 0.0487318 3.63925 0.998934 0.0111704 -0.0447912 15.6004 
-0.0473403 0.0478492 -0.997732 -111.683 -0.00438241 0.998832 0.0481099 3.68317 0.998869 0.00665005 -0.0470754 15.5731 
-0.0474916 0.0498495 -0.997627 -112.859 -0.00442738 0.998734 0.0501155 3.71663 0.998862 0.00679698 -0.0472107 15.5033 
-0.0500593 0.053936 -0.997289 -114.076 -0.00340552 0.998526 0.0541739 3.76261 0.99874 0.00610823 -0.0498018 15.4561 
-0.0507662 0.0540539 -0.997247 -115.342 -0.00232643 0.998525 0.0542417 3.81477 0.998708 0.00507371 -0.0505656 15.376 
-0.0529354 0.0503237 -0.997329 -116.525 -0.000856507 0.998727 0.0504397 3.84669 0.998598 0.0035243 -0.0528249 15.3208 
-0.0539904 0.0468731 -0.997441 -117.761 -0.00160442 0.998892 0.0470282 3.88926 0.99854 0.00413942 -0.0538554 15.224 
-0.0552985 0.0464245 -0.99739 -118.984 -0.0011678 0.998915 0.0465602 3.90851 0.998469 0.00373949 -0.0551842 15.131 
-0.057642 0.0485308 -0.997157 -120.172 -0.00321572 0.998804 0.0487968 3.94305 0.998332 0.00601936 -0.0574169 15.0671 
-0.058393 0.0532479 -0.996873 -121.431 -0.00679208 0.998532 0.0537344 3.97812 0.998271 0.00990859 -0.0579456 14.9566 
-0.0592105 0.0565272 -0.996644 -122.679 -0.0129835 0.998267 0.0573906 4.0305 0.998161 0.0163381 -0.058374 14.8698 
-0.0590455 0.0560323 -0.996682 -123.921 -0.0204072 0.998147 0.0573237 4.08023 0.998047 0.0237242 -0.0577927 14.7509 
-0.060943 0.0536174 -0.9967 -125.12 -0.0215432 0.998253 0.0550182 4.12837 0.997909 0.0248251 -0.0596814 14.6692 
-0.0615538 0.0523209 -0.996732 -126.395 -0.0229394 0.998287 0.0538192 4.16971 0.99784 0.0261773 -0.0602482 14.5531 
-0.0622944 0.0513033 -0.996738 -127.664 -0.0231229 0.998336 0.0528307 4.23742 0.99779 0.0263386 -0.0610045 14.4495 
-0.0627211 0.0502695 -0.996764 -128.889 -0.0214674 0.998432 0.0517045 4.28825 0.9978 0.024641 -0.0615436 14.3561 
-0.0622743 0.0504696 -0.996782 -130.159 -0.0219492 0.99841 0.0519233 4.33816 0.997818 0.0251121 -0.0610675 14.2361 
-0.0618745 0.056613 -0.996477 -131.455 -0.0232406 0.998038 0.0581448 4.36904 0.997813 0.0267565 -0.0604374 14.1004 
-0.0616171 0.0604458 -0.996268 -132.742 -0.0216038 0.99785 0.061878 4.42103 0.997866 0.025336 -0.0601787 13.9914 
-0.0613225 0.0603002 -0.996295 -134.007 -0.0233805 0.997813 0.0618312 4.45953 0.997844 0.0270856 -0.0597785 13.8878 
-0.0618247 0.0590855 -0.996337 -135.236 -0.0224564 0.997911 0.0605724 4.50615 0.997834 0.026119 -0.0603687 13.7952 
-0.0621636 0.0578328 -0.996389 -136.477 -0.0206248 0.998032 0.059215 4.56478 0.997853 0.0242314 -0.0608485 13.7139 
-0.0638885 0.056989 -0.996329 -137.707 -0.0201885 0.99809 0.0583843 4.60806 0.997753 0.0238445 -0.0626159 13.659 
-0.0631144 0.0580498 -0.996317 -138.973 -0.0208484 0.998012 0.0594693 4.69008 0.997789 0.024525 -0.0617788 13.5638 
-0.0647774 0.0611444 -0.996025 -140.245 -0.0205371 0.997828 0.0625908 4.736 0.997688 0.02451 -0.063381 13.5046 
-0.0645844 0.0614101 -0.996021 -141.512 -0.0206936 0.997808 0.0628621 4.79822 0.997698 0.0246713 -0.063172 13.4174 
-0.064593 0.0592094 -0.996154 -142.772 -0.0234552 0.997872 0.0608324 4.85065 0.997636 0.0272944 -0.0630668 13.337 
-0.068098 0.055926 -0.99611 -143.982 -0.0203802 0.998141 0.0574333 4.90411 0.99747 0.024212 -0.0668317 13.3013 
-0.0690675 0.0551875 -0.996084 -145.145 -0.0172237 0.998254 0.056502 4.93899 0.997463 0.0210587 -0.0679964 13.2223 
-0.0708297 0.0544131 -0.996003 -146.373 -0.0139137 0.99836 0.0555313 4.9851 0.997391 0.0177914 -0.0699565 13.1429 
-0.072883 0.0556805 -0.995785 -147.581 -0.0111999 0.998332 0.0566426 5.02233 0.997278 0.0152811 -0.0721378 13.0664 
-0.0756148 0.054765 -0.995632 -148.784 -0.00897194 0.998413 0.0555994 5.05811 0.997097 0.0131369 -0.0750034 12.9988 
-0.0802682 0.0535642 -0.995333 -149.954 -0.00740622 0.998496 0.0543316 5.11249 0.996746 0.0117328 -0.0797507 12.9811 
-0.0856481 0.0583682 -0.994614 -151.112 -0.00508451 0.998244 0.0590191 5.13037 0.996313 0.010112 -0.0852009 12.9551 
-0.0880123 0.0587269 -0.994387 -152.303 -0.00340782 0.998237 0.0592559 5.19981 0.996114 0.00860398 -0.087657 12.8655 
-0.0888833 0.0583415 -0.994332 -153.528 -0.00267463 0.998266 0.0588114 5.23994 0.996038 0.00788685 -0.0885731 12.7441 
-0.0905405 0.0579898 -0.994203 -154.757 -0.00370596 0.998277 0.058565 5.29817 0.995886 0.00898701 -0.0901696 12.6199 
-0.0916161 0.0624109 -0.993837 -155.993 -0.0048817 0.997994 0.0631219 5.36128 0.995782 0.0106346 -0.0911276 12.4969 
-0.0923765 0.0679919 -0.9934 -157.205 -0.0088911 0.99757 0.0691041 5.4256 0.995684 0.0152161 -0.0915475 12.3693 
-0.095067 0.0670451 -0.993211 -158.432 -0.0118664 0.997582 0.068476 5.49432 0.9954 0.0182957 -0.0940415 12.2897 
-0.0938499 0.063133 -0.993583 -159.654 -0.016731 0.997746 0.0649779 5.54706 0.995446 0.0227219 -0.0925821 12.143 
-0.0918874 0.058818 -0.994031 -160.87 -0.021169 0.997913 0.0610046 5.58626 0.995544 0.0266482 -0.0904505 11.9903 
-0.0932446 0.0562969 -0.99405 -162.062 -0.0215471 0.998052 0.0585447 5.64609 0.99541 0.0268779 -0.0918499 11.8827 
-0.0929826 0.0534356 -0.994233 -163.281 -0.0143065 0.998384 0.0549967 5.69585 0.995565 0.0193377 -0.0920678 11.7571 
-0.0938916 0.0488668 -0.994382 -164.442 -0.0110978 0.998681 0.0501259 5.74426 0.995521 0.0157419 -0.0932255 11.6497 
-0.0935311 0.0465105 -0.994529 -165.634 -0.00515998 0.998872 0.0471988 5.77277 0.995603 0.00954634 -0.0931856 11.4918 
-0.0959613 0.0499962 -0.994129 -166.837 -0.000999389 0.998732 0.0503242 5.79855 0.995385 0.00582274 -0.0957897 11.3923 
-0.0945356 0.0574795 -0.993861 -168.069 -0.00138469 0.998323 0.0578693 5.82327 0.995521 0.00684693 -0.0942975 11.2418 
-0.095091 0.0615532 -0.993564 -169.259 -0.00122805 0.998079 0.0619505 5.85559 0.995468 0.00711111 -0.0948327 11.1369 
-0.0936779 0.0582322 -0.993898 -170.468 -0.00165646 0.998278 0.0586449 5.90506 0.995601 0.00714012 -0.0934201 11.0111 
-0.0933214 0.0586903 -0.993905 -171.661 -0.00510799 0.99822 0.0594248 5.9471 0.995623 0.0106225 -0.0928555 10.8808 
-0.0916543 0.0605287 -0.99395 -172.853 -0.00517365 0.998109 0.061259 5.9878 0.995777 0.010757 -0.0911678 10.7383 
-0.0901754 0.0590175 -0.994176 -174.043 -0.00692323 0.998181 0.0598833 6.02884 0.995902 0.0122829 -0.0896028 10.5978 
-0.0882132 0.0585609 -0.994379 -175.23 -0.00773113 0.9982 0.0594718 6.0707 0.996072 0.0129339 -0.0876017 10.453 
-0.0860834 0.0596128 -0.994503 -176.434 -0.00946102 0.998114 0.0606482 6.13162 0.996243 0.0146299 -0.0853571 10.334 
-0.0843799 0.0615635 -0.99453 -177.584 -0.0110906 0.99797 0.0627174 6.16977 0.996372 0.016322 -0.0835258 10.2014 
-0.0851449 0.0623725 -0.994414 -178.662 -0.0116699 0.997908 0.0635908 6.22177 0.9963 0.0170192 -0.0842389 10.1097 
-0.0857852 0.0631463 -0.994311 -179.728 -0.0114341 0.997861 0.0643583 6.26705 0.996248 0.0168901 -0.0848797 10.0066 
-0.0883716 0.0627799 -0.994107 -180.751 -0.00961701 0.997912 0.0638751 6.31859 0.996041 0.0152051 -0.0875833 9.94315 
-0.0877285 0.0625349 -0.99418 -181.746 -0.0099391 0.997923 0.0636474 6.34249 0.996095 0.015465 -0.0869248 9.85284 
-0.0859549 0.0622158 -0.994355 -182.729 -0.00964354 0.99795 0.0632743 6.38629 0.996252 0.0150279 -0.0851787 9.7298 
-0.0839713 0.063066 -0.994471 -183.694 -0.0102389 0.997888 0.0641473 6.42509 0.996416 0.0155689 -0.0831482 9.63743 
-0.085854 0.0616811 -0.994397 -184.616 -0.00831472 0.998003 0.0626226 6.46766 0.996273 0.0136446 -0.0851696 9.55947 
-0.0892132 0.0582035 -0.994311 -185.562 -0.00565749 0.998245 0.0589414 6.50791 0.995997 0.0108837 -0.0887274 9.45719 
-0.0957885 0.0551192 -0.993874 -186.456 -0.00529875 0.998423 0.0558822 6.52668 0.995388 0.0106192 -0.0953454 9.37158 
-0.100041 0.0524046 -0.993602 -187.391 -0.00897043 0.998524 0.0535673 6.55072 0.994943 0.014272 -0.0994235 9.24111 
-0.104056 0.0507587 -0.993275 -188.309 -0.00947649 0.998601 0.0520236 6.60545 0.994526 0.0148262 -0.103429 9.12327 
-0.106913 0.0517057 -0.992923 -189.245 -0.0124233 0.9985 0.0533337 6.63808 0.994191 0.0180375 -0.10611 8.97535 
-0.108958 0.0541143 -0.992572 -190.161 -0.0110412 0.99839 0.0556434 6.66746 0.993985 0.017022 -0.108185 8.85591 
-0.111787 0.0548988 -0.992215 -191.084 -0.00834355 0.998386 0.0561803 6.72011 0.993697 0.0145589 -0.111149 8.7464 
-0.114202 0.0557013 -0.991895 -191.983 -0.00744298 0.998351 0.0569208 6.74312 0.99343 0.0138832 -0.113599 8.64901 
-0.115797 0.0551969 -0.991738 -192.895 -0.00805449 0.99837 0.0565064 6.76891 0.99324 0.0145312 -0.115163 8.54562 
-0.11577 0.0541172 -0.991801 -193.769 -0.0116373 0.998372 0.0558342 6.79209 0.993208 0.0180058 -0.114951 8.40346 
-0.117348 0.0528232 -0.991685 -194.659 -0.0136822 0.998404 0.0548002 6.83474 0.992997 0.0199991 -0.116438 8.30267 
-0.116383 0.0514702 -0.99187 -195.597 -0.0155466 0.99844 0.0536353 6.85335 0.993083 0.0216624 -0.115401 8.1691 
-0.115576 0.0485458 -0.992112 -196.493 -0.0153039 0.998599 0.0506461 6.89327 0.993181 0.0210367 -0.114671 8.05448 
-0.116281 0.0456017 -0.992169 -197.379 -0.0155118 0.99874 0.0477217 6.92496 0.993095 0.0209394 -0.115427 7.93926 
-0.117125 0.044932 -0.9921 -198.316 -0.0163496 0.998753 0.0471636 6.95825 0.992983 0.0217445 -0.116245 7.83421 
-0.118469 0.0457121 -0.991905 -199.275 -0.0142752 0.998758 0.0477329 7.02579 0.992855 0.0198146 -0.117669 7.73649 
-0.117729 0.0479855 -0.991886 -200.14 -0.0136606 0.998659 0.0499345 7.03415 0.992952 0.0194285 -0.116916 7.57708 
-0.116607 0.0461864 -0.992104 -201.095 -0.00599862 0.998867 0.0472063 7.03686 0.99316 0.0114559 -0.116198 7.44511 
-0.116783 0.0420325 -0.992268 -201.989 -0.00440114 0.999072 0.0428387 7.08143 0.993148 0.00936999 -0.11649 7.32626 
-0.11558 0.040292 -0.992481 -202.92 -0.0096613 0.999084 0.0416852 7.12786 0.993251 0.0144067 -0.115085 7.19007 
-0.112351 0.0449937 -0.992649 -203.834 -0.00859744 0.998893 0.0462498 7.15339 0.993631 0.0137305 -0.11184 7.03294 
-0.114153 0.0439184 -0.992492 -204.79 -0.00614093 0.998972 0.0449115 7.18985 0.993444 0.0112216 -0.113766 6.98154 
-0.110662 0.0446513 -0.992855 -205.762 -0.00441384 0.998958 0.0454178 7.22064 0.993848 0.00940838 -0.11035 6.84581 
-0.108842 0.0507552 -0.992763 -206.718 -0.00531778 0.998652 0.0516393 7.25505 0.994045 0.0108999 -0.108425 6.69993 
-0.1065 0.0551952 -0.99278 -207.65 -0.00195716 0.998445 0.0557201 7.28888 0.994311 0.00787723 -0.106226 6.56834 
-0.105934 0.0562452 -0.992781 -208.667 -0.000400498 0.998397 0.0566061 7.3326 0.994373 0.00639418 -0.105742 6.46399 
-0.106133 0.0553562 -0.99281 -209.654 -0.00374088 0.99842 0.0560689 7.3958 0.994345 0.00966478 -0.105758 6.3662 
-0.103033 0.0574281 -0.993019 -210.7 -0.00683805 0.998267 0.0584412 7.43296 0.994655 0.0128117 -0.102461 6.23246 
-0.0985084 0.0575477 -0.993471 -211.721 -0.00548528 0.99828 0.0583701 7.47986 0.995121 0.0111995 -0.0980233 6.10615 
-0.0964665 0.0555747 -0.993784 -212.721 -0.00818315 0.998362 0.0566251 7.52618 0.995303 0.0135947 -0.0958537 5.99211 
-0.0951425 0.0517435 -0.994118 -213.732 -0.00797643 0.998577 0.0527389 7.57642 0.995432 0.0129473 -0.0945944 5.88788 
-0.0902609 0.0517142 -0.994575 -214.758 -0.00500308 0.998615 0.0523783 7.6113 0.995906 0.00970369 -0.0898772 5.71163 
-0.0895573 0.053812 -0.994527 -215.821 -0.00734337 0.998477 0.054687 7.6528 0.995955 0.0122008 -0.0890257 5.59003 
-0.0885208 0.0561061 -0.994493 -216.881 -0.00958419 0.998318 0.0571751 7.70625 0.996028 0.0145926 -0.0878342 5.47997 
-0.0870186 0.0565492 -0.9946 -217.925 -0.00965686 0.998293 0.057604 7.73493 0.99616 0.0146174 -0.086324 5.37102 
-0.0880047 0.0526115 -0.99473 -218.964 -0.0086205 0.998527 0.053575 7.79797 0.996083 0.01329 -0.0874215 5.27858 
-0.0864201 0.0508418 -0.994961 -220.04 -0.00624065 0.99865 0.0515724 7.83943 0.996239 0.0106661 -0.0859861 5.14871 
-0.0854497 0.0478764 -0.995192 -221.107 -0.00325762 0.998826 0.048331 7.90722 0.996337 0.00737187 -0.0851934 5.02536 
-0.0872618 0.0462097 -0.995113 -222.187 -0.00239823 0.998911 0.0465964 7.9608 0.996183 0.00645264 -0.0870559 4.95052 
-0.0873888 0.0464058 -0.995093 -223.298 -0.00153539 0.998907 0.0467185 7.98957 0.996173 0.00561057 -0.0872221 4.85423 
-0.087604 0.0452649 -0.995126 -224.414 -0.00426191 0.998941 0.0458136 8.05365 0.996146 0.00825463 -0.0873183 4.72356 
-0.0869176 0.048029 -0.995057 -225.516 -0.00623901 0.998791 0.0487542 8.08966 0.996196 0.0104458 -0.0865129 4.58674 
-0.0890095 0.0512699 -0.99471 -226.633 -0.00722778 0.998615 0.0521179 8.10216 0.996005 0.0118286 -0.0885157 4.48326 
-0.0898802 0.0526382 -0.994561 -227.779 -0.00619096 0.998554 0.053409 8.1508 0.995933 0.0109577 -0.0894243 4.35591 
-0.0895624 0.0520715 -0.994619 -228.996 -0.0102195 0.998532 0.0531965 8.2161 0.995929 0.0149289 -0.0888988 4.21729 
-0.0904451 0.0514236 -0.994573 -230.102 -0.0112682 0.998549 0.052654 8.24505 0.995838 0.0159694 -0.0897345 4.08864 
-0.0929646 0.0468044 -0.994569 -231.273 -0.0076922 0.998831 0.047724 8.29741 0.99564 0.0120871 -0.0924959 3.98894 
-0.0941071 0.0417684 -0.994686 -232.443 -0.00413462 0.999095 0.0423447 8.32541 0.995554 0.00809762 -0.0938492 3.84258 
-0.0947432 0.0379186 -0.994779 -233.574 0.00121404 0.999278 0.0379744 8.36089 0.995501 0.00239016 -0.0947209 3.68862 
-0.0970947 0.0397884 -0.99448 -234.763 0.00607796 0.999206 0.0393841 8.3814 0.995257 -0.00222038 -0.0972594 3.55366 
-0.0987094 0.0431398 -0.994181 -235.959 0.0102 0.999051 0.0423385 8.43048 0.995064 -0.00596144 -0.0990558 3.40788 
-0.101475 0.0459104 -0.993778 -237.132 0.0117751 0.99892 0.0449456 8.46685 0.994768 -0.00714098 -0.101906 3.27675 
-0.10186 0.0451529 -0.993774 -238.373 0.0132372 0.998943 0.0440309 8.50655 0.994711 -0.00866979 -0.10235 3.06317 
-0.105793 0.0447912 -0.993379 -239.696 0.0170596 0.99892 0.0432242 8.55112 0.994242 -0.0123738 -0.106442 2.97579 
-0.109341 0.0475891 -0.992864 -240.879 0.018961 0.998771 0.0457841 8.56778 0.993823 -0.0138196 -0.110109 2.85282 
-0.112487 0.0465564 -0.992562 -242.161 0.0211595 0.998788 0.0444504 8.61238 0.993428 -0.016002 -0.113336 2.71002 
-0.116369 0.0458385 -0.992148 -243.353 0.0218697 0.998811 0.0435812 8.63749 0.992965 -0.0166264 -0.117234 2.57309 
-0.118071 0.045539 -0.99196 -244.569 0.0225387 0.998813 0.0431709 8.66582 0.992749 -0.0172602 -0.118957 2.38867 
-0.120375 0.0460793 -0.991659 -245.777 0.0234831 0.998775 0.0435594 8.70957 0.992451 -0.0180437 -0.121309 2.22041 
-0.123103 0.0461012 -0.991323 -246.997 0.0221545 0.998799 0.0436977 8.74771 0.992147 -0.0165829 -0.123977 2.05043 
-0.125792 0.0485095 -0.99087 -248.184 0.0221818 0.998692 0.0460764 8.74639 0.991809 -0.0161832 -0.126704 1.8513 
-0.127919 0.0504218 -0.990502 -249.383 0.0222143 0.998602 0.0479652 8.77174 0.991536 -0.0158676 -0.12886 1.63786 
-0.130506 0.0510874 -0.99013 -250.612 0.0203325 0.998599 0.0488444 8.80204 0.991239 -0.0137573 -0.131362 1.47464 
-0.131733 0.0510854 -0.989968 -251.853 0.0186404 0.998622 0.0490516 8.84743 0.99111 -0.0119917 -0.132504 1.27356 
-0.132773 0.0515045 -0.989807 -253.104 0.0178982 0.998611 0.0495617 8.88284 0.990985 -0.0111352 -0.13351 1.08453 
-0.131283 0.0509398 -0.990035 -254.373 0.0194472 0.998619 0.0488027 8.91312 0.991154 -0.0128464 -0.132092 0.877343 
-0.13247 0.0508378 -0.989882 -255.571 0.0229564 0.998573 0.048212 8.94101 0.990921 -0.0163375 -0.133448 0.737204 
-0.13262 0.0509948 -0.989854 -256.816 0.0246804 0.998536 0.0481354 8.97014 0.99086 -0.0180463 -0.133684 0.543099 
-0.13459 0.0518453 -0.989544 -258.02 0.025547 0.99848 0.0488388 9.00245 0.990572 -0.0187066 -0.13571 0.394704 
-0.134207 0.0524785 -0.989563 -259.268 0.0266803 0.998426 0.0493301 9.02289 0.990594 -0.0197814 -0.135396 0.201508 
-0.134698 0.0534456 -0.989444 -260.497 0.0270227 0.998371 0.050249 9.06109 0.990518 -0.019969 -0.135922 0.0222286 
-0.136662 0.0551369 -0.989082 -261.715 0.0297455 0.998228 0.0515368 9.09364 0.990171 -0.0223775 -0.13806 -0.13116 
-0.137312 0.0577185 -0.988845 -262.943 0.0349758 0.997961 0.0533939 9.1443 0.98991 -0.0272539 -0.139051 -0.32623 
-0.137515 0.0607284 -0.988636 -264.174 0.0387428 0.997685 0.0558953 9.20066 0.989742 -0.030616 -0.139549 -0.513024 
-0.138206 0.063747 -0.98835 -265.386 0.0414841 0.997423 0.0585313 9.23808 0.989534 -0.0329114 -0.140494 -0.699704 
-0.137749 0.0620025 -0.988525 -266.613 0.0414988 0.997524 0.0567842 9.28791 0.989597 -0.0332006 -0.139981 -0.895855 
-0.138254 0.0601801 -0.988567 -267.855 0.0388306 0.997714 0.0553064 9.34765 0.989635 -0.0307403 -0.140275 -1.08847 
-0.138058 0.0617926 -0.988495 -269.093 0.0329722 0.997785 0.0577683 9.40794 0.989875 -0.0246174 -0.139789 -1.31366 
-0.138841 0.0670255 -0.988044 -270.31 0.0277613 0.997578 0.0637713 9.45585 0.989926 -0.0185753 -0.140365 -1.51598 
-0.138234 0.0656683 -0.98822 -271.556 0.023623 0.997734 0.062996 9.51674 0.990118 -0.0146365 -0.139472 -1.73644 
-0.138842 0.0603478 -0.988474 -272.734 0.024964 0.998038 0.0574252 9.54181 0.99 -0.0167032 -0.140076 -1.92401 
-0.138947 0.0554382 -0.988747 -273.89 0.0289257 0.998233 0.0519052 9.58668 0.989877 -0.0213881 -0.140305 -2.13906 
-0.138791 0.0547264 -0.988808 -275.124 0.0347218 0.998127 0.0503686 9.63987 0.989713 -0.0273425 -0.140431 -2.33627 
-0.138404 0.0566603 -0.988754 -276.32 0.0376897 0.99794 0.051911 9.67755 0.989658 -0.0300811 -0.140255 -2.51117 
-0.136255 0.0587558 -0.98893 -277.525 0.0385467 0.997798 0.0539717 9.71469 0.989924 -0.030766 -0.13822 -2.70776 
-0.13614 0.0615728 -0.988774 -278.692 0.037619 0.997668 0.056947 9.73691 0.989975 -0.0294439 -0.138139 -2.87891 
-0.135899 0.0630665 -0.988713 -279.9 0.0368791 0.997602 0.0585645 9.78564 0.990036 -0.0285039 -0.137899 -3.06636 
-0.135096 0.065069 -0.988694 -281.123 0.0359221 0.997507 0.0607406 9.81619 0.990181 -0.0273101 -0.137097 -3.27461 
-0.131495 0.0648536 -0.989193 -282.175 0.0358143 0.997517 0.0606384 9.8351 0.99067 -0.0274535 -0.133491 -3.5665 
-0.131677 0.0630181 -0.989288 -283.371 0.03459 0.997662 0.0589475 9.89065 0.990689 -0.0264574 -0.133549 -3.75083 
-0.131864 0.0618047 -0.989339 -284.604 0.0343375 0.99774 0.0577528 9.95347 0.990673 -0.0263558 -0.133689 -3.93818 
-0.131577 0.0606687 -0.989448 -285.803 0.0371307 0.997727 0.0562387 9.9911 0.99061 -0.0293391 -0.133531 -4.12017 
-0.131483 0.0613321 -0.989419 -287.009 0.0368511 0.997697 0.0569481 10.0239 0.990633 -0.0289734 -0.133441 -4.30003 
-0.130685 0.0605634 -0.989572 -288.24 0.0346279 0.997802 0.056494 10.0849 0.990819 -0.0268838 -0.132495 -4.5122 
-0.130268 0.060919 -0.989606 -289.436 0.034425 0.997787 0.0568911 10.1328 0.990881 -0.026656 -0.132077 -4.69986 
-0.131469 0.0598388 -0.989513 -290.638 0.0354062 0.997823 0.0556372 10.1665 0.990688 -0.0277203 -0.133302 -4.86286 
-0.132846 0.0574223 -0.989472 -291.832 0.0351847 0.997964 0.0531913 10.2127 0.990512 -0.027748 -0.134596 -5.01856 
-0.134112 0.0549814 -0.98944 -293.008 0.0356191 0.998082 0.0506337 10.2411 0.990326 -0.0284523 -0.135813 -5.18512 
-0.13631 0.0531043 -0.989242 -294.211 0.0369561 0.99814 0.0484897 10.2883 0.989977 -0.0299489 -0.138019 -5.34428 
-0.136076 0.0531648 -0.989271 -295.414 0.033297 0.99824 0.0490668 10.3211 0.990139 -0.0262629 -0.137606 -5.55576 
-0.136819 0.0539702 -0.989125 -296.615 0.0300557 0.998281 0.0503124 10.3678 0.99014 -0.0228451 -0.138206 -5.74102 
-0.136436 0.0547314 -0.989136 -297.861 0.0263919 0.998319 0.0515992 10.4085 0.990297 -0.0190651 -0.137651 -5.94994 
-0.136497 0.0542918 -0.989152 -299.036 0.0261885 0.998346 0.0511826 10.4452 0.990294 -0.0189181 -0.137693 -6.17502 
-0.135813 0.0530835 -0.989311 -300.261 0.025558 0.998419 0.0500636 10.4596 0.990405 -0.0184855 -0.136955 -6.39904 
-0.138035 0.0513982 -0.989093 -301.498 0.0296133 0.99842 0.0477502 10.4985 0.989985 -0.022699 -0.139339 -6.56282 
-0.139402 0.0506692 -0.988939 -302.741 0.0327226 0.99838 0.0465404 10.5506 0.989695 -0.0258728 -0.140834 -6.75682 
-0.141981 0.0546092 -0.988362 -303.968 0.0349496 0.998131 0.0501283 10.5694 0.989252 -0.0274255 -0.143624 -6.92355 
