1 2.12261e-08 -2.11895e-08 0 2.12261e-08 1 2.10703e-08 0 -2.11895e-08 2.10703e-08 1 0 
0.99987 0.000353785 0.0161303 -0.00873853 -0.000345921 1 -0.00048765 -0.00419534 -0.0161305 0.000482049 0.99987 0.09094 
0.999235 0.00381578 0.0389324 -0.0095747 -0.00381705 0.999993 -4.07058e-05 -0.00656562 -0.0389323 -0.000107891 0.999242 0.212551 
0.997911 0.00477856 0.0644321 0.0619815 -0.00489511 0.999987 0.00165172 -0.0191701 -0.0644233 -0.00196363 0.997921 0.336931 
0.995117 0.0050854 0.0985735 0.10351 -0.00545671 0.999979 0.00349806 -0.0189081 -0.0985537 -0.00401882 0.995124 0.542632 
0.990609 0.00193341 0.136714 0.161635 -0.00271643 0.999981 0.00554144 -0.0181672 -0.136701 -0.00586074 0.990595 0.692923 
0.984467 -0.000137551 0.175571 0.251688 -0.000961449 0.999981 0.00617476 -0.0264325 -0.175569 -0.00624761 0.984447 0.863524 
0.975514 0.000183244 0.219937 0.309512 -0.00157105 0.99998 0.00613533 0.00121 -0.219931 -0.0063306 0.975495 1.04512 
0.963482 -0.000523155 0.267774 0.41434 -0.00184059 0.999962 0.00857645 0.00496433 -0.267769 -0.00875608 0.963443 1.26539 
0.948718 -0.00261435 0.316113 0.507829 -0.00245976 0.999875 0.0156516 0.021644 -0.316115 -0.0156265 0.948592 1.45373 
0.931537 -0.0151387 0.363332 0.592651 0.00626854 0.999653 0.0255803 -0.0381724 -0.363593 -0.0215514 0.931309 1.59078 
0.909832 -0.0203056 0.41448 0.65106 0.00864536 0.999513 0.0299893 -0.0339422 -0.414888 -0.0237018 0.909564 1.7351 
0.884818 -0.0207174 0.465476 0.801772 0.00596066 0.999433 0.0331523 0.000499686 -0.465899 -0.0265592 0.884439 1.88189 
0.856427 -0.0246404 0.515679 1.00605 0.00559036 0.999244 0.038462 -0.0319375 -0.516237 -0.030057 0.855918 2.1022 
0.823576 -0.0294436 0.566441 1.12461 0.00595393 0.999046 0.0432738 -0.0577061 -0.567174 -0.0322667 0.822966 2.25688 
0.787518 -0.0345899 0.61532 1.2777 0.00823554 0.998925 0.0456139 -0.029066 -0.616237 -0.0308543 0.786956 2.40643 
0.749296 -0.0375526 0.661169 1.45246 0.00760538 0.998813 0.0481109 -0.000240845 -0.662191 -0.0310208 0.748693 2.54228 
0.708416 -0.0401311 0.704653 1.66383 0.00821058 0.998783 0.0486279 0.0221985 -0.705748 -0.0286631 0.707883 2.77444 
0.666739 -0.0428386 0.744059 1.85894 0.00908123 0.99874 0.0493642 0.012308 -0.745236 -0.0261561 0.666288 2.91796 
0.623221 -0.0428502 0.780871 2.1559 0.0043862 0.998674 0.0513015 0.0146172 -0.782034 -0.0285471 0.622582 3.14401 
0.581138 -0.0435727 0.812638 2.49776 0.0032425 0.998682 0.0512295 0.0441778 -0.813798 -0.0271364 0.580513 3.34602 
0.539783 -0.0441847 0.840644 2.86755 -0.00058217 0.998602 0.052861 0.0525604 -0.841804 -0.0290229 0.539003 3.57918 
0.50174 -0.0460371 0.863793 3.2722 -0.000527328 0.998566 0.0535265 0.10417 -0.865019 -0.0273118 0.500996 3.75591 
0.463716 -0.045151 0.884833 3.68537 -0.000772118 0.99868 0.051365 0.1654 -0.885984 -0.0245019 0.463068 3.95301 
0.428528 -0.0439893 0.902457 4.10115 -0.00327367 0.998732 0.0502367 0.190851 -0.903523 -0.0244822 0.427841 4.07246 
0.394165 -0.0425366 0.918055 4.56926 -0.0031931 0.998859 0.0476516 0.200971 -0.919034 -0.021714 0.39358 4.25816 
0.363496 -0.0416237 0.930666 5.05121 -0.00142172 0.998975 0.0452342 0.200121 -0.931595 -0.0177656 0.363064 4.43538 
0.336521 -0.04045 0.940807 5.54648 -0.000445643 0.99907 0.0431145 0.212148 -0.941676 -0.0149282 0.33619 4.62956 
0.315593 -0.0391151 0.948088 6.1142 0.000298886 0.999154 0.0411225 0.243158 -0.948895 -0.0126946 0.315338 4.83895 
0.301031 -0.0383404 0.952843 6.71055 0.00216081 0.999216 0.0395237 0.309356 -0.953612 -0.00983895 0.300878 5.03372 
0.289269 -0.0407748 0.956379 7.32594 0.00441831 0.999139 0.0412616 0.314215 -0.957238 -0.00771009 0.2892 5.2408 
0.278883 -0.0436159 0.959334 7.982 0.0032761 0.999006 0.0444673 0.306185 -0.960319 -0.00925829 0.278749 5.42598 
0.267613 -0.0449238 0.962479 8.65433 0.00254521 0.998942 0.0459181 0.351171 -0.963523 -0.00983856 0.267444 5.62256 
0.256768 -0.0465526 0.965351 9.32512 0.00161318 0.998859 0.0477394 0.3819 -0.966472 -0.0107007 0.25655 5.83215 
0.244957 -0.0490862 0.968291 10.0386 0.000166553 0.99872 0.0505866 0.389959 -0.969534 -0.0122303 0.244651 6.06911 
0.235007 -0.0493728 0.970739 10.7653 -0.000261797 0.998706 0.0508586 0.436418 -0.971994 -0.0122063 0.23469 6.24224 
0.223304 -0.0506873 0.97343 11.5442 -0.00124541 0.998631 0.0522853 0.453105 -0.974748 -0.0128878 0.222936 6.46101 
0.212589 -0.0523868 0.975736 12.3185 -0.00201149 0.998536 0.0540492 0.50966 -0.97714 -0.013453 0.212173 6.64952 
0.201357 -0.0564552 0.97789 13.0949 -0.00545506 0.998258 0.0587544 0.537492 -0.979503 -0.0171651 0.200698 6.81938 
0.188825 -0.0606468 0.980136 13.89 -0.00663533 0.99799 0.0630298 0.572306 -0.981988 -0.0184051 0.188043 6.98399 
0.176577 -0.0623804 0.982308 14.6821 -0.00733421 0.997879 0.0646876 0.617929 -0.98426 -0.0186268 0.175745 7.12722 
0.162292 -0.0630237 0.984728 15.4859 -0.00705609 0.997859 0.065027 0.655847 -0.986718 -0.0175017 0.1615 7.27344 
0.148344 -0.0620375 0.986988 16.2802 -0.00860431 0.997912 0.0640173 0.694377 -0.988898 -0.0179889 0.1475 7.40572 
0.131183 -0.0608722 0.989488 17.0861 -0.00965645 0.997987 0.0626753 0.72518 -0.991311 -0.0177769 0.130331 7.53026 
0.109927 -0.0590953 0.992181 17.8576 -0.0115344 0.998088 0.0607251 0.763322 -0.993873 -0.0181196 0.109036 7.63822 
0.0842883 -0.0578585 0.99476 18.6889 -0.0169868 0.998084 0.0594912 0.79849 -0.996297 -0.0219122 0.083144 7.72202 
0.053598 -0.058419 0.996852 19.5399 -0.0202074 0.998019 0.0595739 0.817635 -0.998358 -0.0233368 0.0523114 7.79395 
0.0198994 -0.0582193 0.998106 20.3782 -0.0234543 0.998001 0.0586809 0.853066 -0.999527 -0.0245776 0.0184942 7.82098 
-0.0145418 -0.0576158 0.998233 21.175 -0.0251385 0.998044 0.0572387 0.872071 -0.999578 -0.0242617 -0.0159617 7.8082 
-0.0492122 -0.056209 0.997205 22.0073 -0.0268364 0.998129 0.0549367 0.9041 -0.998428 -0.0240579 -0.0506285 7.78822 
-0.0820055 -0.0545588 0.995137 22.8638 -0.0284733 0.998221 0.0523816 0.938156 -0.996225 -0.0240393 -0.0834131 7.72029 
-0.115282 -0.0510756 0.992019 23.7053 -0.0321783 0.998345 0.047662 0.966516 -0.992812 -0.0264269 -0.116735 7.64929 
-0.14789 -0.046469 0.987912 24.5229 -0.0283972 0.998683 0.0427247 0.988576 -0.988596 -0.0217354 -0.149014 7.51379 
-0.1798 -0.0408044 0.982857 25.329 -0.0240495 0.999023 0.0370761 0.997527 -0.983409 -0.0169709 -0.180606 7.37648 
-0.210306 -0.0360165 0.976972 26.1099 -0.0209921 0.999257 0.0323192 0.996257 -0.97741 -0.0137118 -0.210905 7.20333 
-0.23956 -0.0304155 0.970405 26.9193 -0.0143128 0.999511 0.0277945 1.00553 -0.970776 -0.00723076 -0.239878 7.00675 
-0.266445 -0.0234763 0.963564 27.5872 -0.00295394 0.999719 0.0235403 0.989997 -0.963846 0.00342591 -0.26644 6.78398 
-0.292481 -0.0150614 0.956153 27.9272 0.00164547 0.999867 0.0162534 0.9741 -0.95627 0.00632711 -0.292417 6.70764 
-0.317659 0.000534055 0.948205 28.6547 0.00712718 0.999973 0.00182451 0.946311 -0.948178 0.0073376 -0.317654 6.48372 
-0.342939 0.0173528 0.939197 29.4383 0.00780875 0.999848 -0.015622 0.91488 -0.939325 0.00197654 -0.343023 6.2247 
-0.369442 0.0306077 0.92875 30.1005 0.00699091 0.999521 -0.0301592 0.846169 -0.929228 -0.00464925 -0.369479 6.03868 
-0.39464 0.041393 0.917903 30.8847 0.012007 0.999132 -0.0398937 0.793752 -0.918758 -0.00472236 -0.394794 5.79633 
-0.420119 0.0452667 0.906339 31.6105 0.0132773 0.998955 -0.0437378 0.770379 -0.907372 -0.00634132 -0.420281 5.57656 
-0.443578 0.0456062 0.895075 32.3138 0.0161907 0.998949 -0.0428751 0.74678 -0.89609 -0.00452653 -0.44385 5.25754 
-0.463609 0.040755 0.885102 33.0764 0.019071 0.999169 -0.0360181 0.685865 -0.885835 0.000181503 -0.464001 4.85592 
-0.480078 0.0390818 0.876355 33.6846 0.0282727 0.999177 -0.029071 0.594203 -0.87677 0.0108205 -0.480788 4.47416 
-0.494298 0.0398763 0.868378 34.3446 0.0311559 0.999118 -0.0281454 0.547426 -0.868734 0.0131428 -0.495104 4.16033 
-0.506495 0.0427618 0.861182 35.0078 0.0330073 0.998999 -0.0301922 0.505768 -0.861611 0.0131331 -0.5074 3.82366 
-0.516037 0.0449202 0.855388 35.6371 0.0347386 0.9989 -0.0314996 0.463339 -0.855862 0.0134601 -0.517029 3.37406 
-0.528402 0.0443935 0.847833 36.3073 0.0295719 0.998988 -0.0338778 0.404309 -0.848479 0.00717097 -0.52918 3.06721 
-0.539899 0.0413071 0.840715 36.9404 0.0268305 0.999132 -0.0318604 0.335589 -0.841302 0.00535539 -0.540539 2.70223 
-0.549878 0.0417975 0.834199 37.5219 0.0308041 0.999083 -0.0297538 0.229461 -0.834677 0.00933583 -0.550661 2.42746 
-0.557318 0.0446232 0.829099 38.1974 0.0339297 0.998945 -0.0309571 0.181314 -0.829606 0.0108782 -0.558244 1.99421 
-0.561792 0.0468105 0.825953 38.8717 0.034935 0.99885 -0.0328474 0.118131 -0.82654 0.0104012 -0.562781 1.57692 
-0.562346 0.0496153 0.825412 39.5464 0.0356891 0.998724 -0.0357183 0.0913583 -0.826132 0.00937217 -0.563399 1.16678 
-0.560166 0.0501275 0.826862 40.1531 0.0414572 0.998613 -0.0324541 0.0132192 -0.827342 0.0160997 -0.561467 0.887519 
-0.554749 0.0491158 0.830567 40.7842 0.041258 0.998652 -0.0314986 -0.00816805 -0.830995 0.0167937 -0.556027 0.507445 
-0.548196 0.0476168 0.834993 41.5089 0.0388363 0.99875 -0.0314581 -0.046973 -0.835448 0.0151828 -0.54936 0.0945372 
-0.542957 0.0470849 0.83844 42.1673 0.036672 0.998804 -0.0323426 -0.0795607 -0.83896 0.0131866 -0.544034 -0.252225 
-0.537664 0.0444578 0.841986 42.7676 0.0359068 0.99891 -0.0298147 -0.170768 -0.842394 0.0142027 -0.538674 -0.597525 
-0.534367 0.0423979 0.844189 43.5623 0.0315306 0.999046 -0.0302167 -0.214009 -0.844665 0.010471 -0.535194 -1.04268 
-0.534723 0.0391742 0.844119 44.243 0.0258709 0.999216 -0.0299835 -0.254194 -0.844632 0.00580526 -0.535317 -1.40757 
-0.536339 0.0350896 0.843273 44.9394 0.0235963 0.999368 -0.0265771 -0.333157 -0.843673 0.00564375 -0.536828 -1.79148 
-0.541824 0.0335601 0.839822 45.8215 0.0227507 0.999422 -0.02526 -0.4357 -0.840184 0.00542003 -0.542275 -2.0335 
-0.545125 0.0321037 0.83774 46.4964 0.0212114 0.999475 -0.0244992 -0.473881 -0.838086 0.00441449 -0.54552 -2.32173 
-0.547165 0.0310033 0.83645 47.2768 0.0213091 0.999506 -0.0231076 -0.542667 -0.836753 0.00518032 -0.547555 -2.73914 
-0.549661 0.0287844 0.834892 48.0238 0.0202772 0.999572 -0.0211122 -0.606833 -0.835142 0.00532474 -0.550009 -3.126 
-0.550614 0.0282602 0.834282 48.8911 0.0206962 0.999582 -0.0202003 -0.661028 -0.834504 0.00614391 -0.550968 -3.64468 
-0.552138 0.0281751 0.833277 49.84 0.0182713 0.999598 -0.021692 -0.631659 -0.833553 0.00324809 -0.552431 -4.1886 
-0.552656 0.0281821 0.832933 50.6108 0.0186275 0.999596 -0.0214616 -0.648193 -0.833201 0.00365456 -0.552958 -4.67594 
-0.553015 0.0274975 0.832718 51.4935 0.0199095 0.999606 -0.0197863 -0.72407 -0.832934 0.00563686 -0.553344 -5.14802 
-0.553756 0.0252967 0.832295 52.3585 0.0193174 0.99966 -0.017531 -0.802977 -0.832455 0.00636983 -0.554056 -5.59276 
-0.554674 0.0237532 0.831729 53.3132 0.0205964 0.999678 -0.014814 -0.821746 -0.831813 0.00891368 -0.554985 -6.01863 
-0.554435 0.0218918 0.831939 54.1574 0.0164104 0.999747 -0.015371 -0.845935 -0.832065 0.00513024 -0.554654 -6.5087 
-0.553319 0.019699 0.832737 54.9067 0.0178015 0.999772 -0.011822 -0.942685 -0.832779 0.0082826 -0.553543 -6.95775 
-0.553405 0.0192436 0.83269 55.737 0.0155154 0.999798 -0.0127939 -0.986671 -0.832768 0.00583933 -0.553591 -7.41681 
-0.553505 0.0204141 0.832596 56.6945 0.0148903 0.999782 -0.0146143 -0.991939 -0.832713 0.00430851 -0.553689 -7.9317 
-0.557336 0.0213339 0.830013 57.4767 0.0148718 0.999766 -0.015711 -1.03729 -0.830154 0.0035875 -0.557523 -8.34463 
-0.56115 0.0231585 0.82739 58.3567 0.014141 0.999731 -0.0183915 -1.08751 -0.827594 0.00137971 -0.561326 -8.85927 
-0.568236 0.0236897 0.822525 59.2242 0.0113027 0.999716 -0.0209845 -1.10592 -0.822788 -0.00262739 -0.568342 -9.31172 
-0.578959 0.0203715 0.815103 60.2436 0.0110429 0.999792 -0.0171437 -1.22593 -0.815282 -0.000924375 -0.579063 -9.69409 
-0.585353 0.0179124 0.810581 61.0943 0.0106875 0.99984 -0.0143768 -1.26542 -0.810708 0.000247593 -0.58545 -10.2408 
-0.591589 0.0132051 0.806132 61.8914 0.00673362 0.999912 -0.0114378 -1.33765 -0.806212 -0.00133831 -0.591626 -10.7741 
-0.597276 0.0154484 0.801887 62.661 0.00797034 0.999879 -0.0133261 -1.38679 -0.801997 -0.00156807 -0.597327 -11.2965 
-0.602094 0.0162239 0.79826 63.4493 0.00841975 0.999867 -0.0139706 -1.44429 -0.798381 -0.0016905 -0.602151 -11.8816 
-0.607125 0.0177593 0.794408 64.2758 0.00595959 0.999824 -0.0177968 -1.4377 -0.794584 -0.00607055 -0.607124 -12.4523 
-0.611046 0.0166766 0.79142 65.0496 0.00245098 0.999813 -0.0191754 -1.4764 -0.791591 -0.00977731 -0.610973 -13.0081 
-0.614944 0.0152482 0.788424 65.8367 0.00411098 0.999861 -0.016131 -1.53866 -0.78856 -0.00667847 -0.614921 -13.5535 
-0.616404 0.0102337 0.787363 66.6025 0.00540296 0.999947 -0.0087669 -1.55039 -0.787411 -0.00114987 -0.616427 -14.1581 
-0.618048 0.00287898 0.786135 67.38 0.00478996 0.999989 0.000103668 -1.57268 -0.786126 0.00382962 -0.618055 -14.762 
-0.618473 0.00154698 0.785805 68.1491 0.00680211 0.999971 0.00338508 -1.60172 -0.785777 0.0074387 -0.618466 -15.3778 
-0.619847 0.00593335 0.7847 68.9166 0.00656498 0.999976 -0.0023753 -1.61692 -0.784695 0.00367921 -0.619871 -15.9607 
-0.621649 0.01231 0.783199 69.6882 0.00820283 0.999924 -0.00920549 -1.62869 -0.783253 0.000701852 -0.621703 -16.5233 
-0.622023 0.0167277 0.78282 70.4561 0.0142866 0.999848 -0.0100132 -1.66445 -0.782868 0.00495536 -0.622168 -17.1416 
-0.621735 0.0186482 0.783005 71.2093 0.0175371 0.999797 -0.00988629 -1.68548 -0.783031 0.00758495 -0.621936 -17.7461 
-0.62169 0.0148127 0.783124 71.9702 0.016402 0.999848 -0.0058911 -1.71588 -0.783092 0.00918238 -0.621838 -18.3203 
-0.620767 0.011049 0.783917 72.7282 0.0163466 0.999866 -0.00114817 -1.73904 -0.783824 0.0121016 -0.620865 -18.8985 
-0.62008 0.00358839 0.78453 73.472 0.0117672 0.99992 0.00472707 -1.75448 -0.78445 0.0121629 -0.620072 -19.4667 
-0.619877 -0.00218996 0.784696 74.219 0.00263315 0.999985 0.00487091 -1.76459 -0.784695 0.00508558 -0.619862 -20.0094 
-0.617463 -0.0072008 0.786567 74.9576 -0.00346106 0.999973 0.00643754 -1.78238 -0.786592 0.00125258 -0.617472 -20.5762 
-0.616588 -0.00607511 0.787263 75.7046 0.00123923 0.999962 0.00868706 -1.80125 -0.787285 0.00633192 -0.616557 -21.1192 
-0.613964 -0.00200834 0.789331 76.4333 0.00542313 0.999962 0.00676256 -1.81031 -0.789315 0.00843261 -0.61393 -21.6638 
-0.609205 0.000378936 0.793012 77.1521 0.00636273 0.99997 0.00441016 -1.81679 -0.792987 0.0077324 -0.60919 -22.1854 
-0.603651 0.00316289 0.797242 77.9125 0.0105608 0.999936 0.00402937 -1.80947 -0.797178 0.0108518 -0.603646 -22.7108 
-0.596396 0.00666954 0.802662 78.6737 0.0171471 0.999843 0.00443275 -1.81791 -0.802507 0.016407 -0.596417 -23.2668 
-0.587621 0.00598682 0.809114 79.4153 0.018216 0.999817 0.00583154 -1.84761 -0.808932 0.0181655 -0.587622 -23.7621 
-0.579302 0.00306941 0.815107 80.1552 0.0145362 0.999873 0.00656585 -1.85333 -0.814983 0.0156522 -0.579273 -24.2328 
-0.567248 0.000743198 0.823547 80.9423 0.0160707 0.999819 0.0101671 -1.86865 -0.82339 0.0190022 -0.567157 -24.7656 
-0.557431 -0.000253779 0.830223 81.7076 0.0156981 0.999818 0.0108457 -1.87966 -0.830075 0.0190787 -0.557325 -25.2522 
-0.54651 0.000922127 0.837452 82.4846 0.0202953 0.99972 0.0121437 -1.88137 -0.837206 0.023633 -0.546376 -25.7551 
-0.534863 0.00166774 0.844937 83.2685 0.0214626 0.999702 0.0116131 -1.89207 -0.844666 0.0243459 -0.534739 -26.2247 
-0.524751 0.0047012 0.851243 84.0455 0.0215579 0.999737 0.00776818 -1.92092 -0.850983 0.0224274 -0.524715 -26.6664 
-0.513599 0.0128424 0.857934 84.8559 0.0217301 0.999762 -0.00195675 -1.92776 -0.857755 0.017638 -0.513756 -27.1472 
-0.499394 0.0175201 0.866198 85.6528 0.0230843 0.99971 -0.00691166 -1.95193 -0.866067 0.0165439 -0.499653 -27.6282 
-0.488989 0.0130688 0.872192 86.4424 0.018431 0.999819 -0.00464792 -1.9567 -0.872095 0.0138026 -0.489142 -28.0399 
-0.478608 0.00748751 0.877997 87.2668 0.014032 0.999901 -0.000878028 -1.97336 -0.877916 0.0118998 -0.478666 -28.4651 
-0.469347 0.00877128 0.882971 88.0878 0.012299 0.999919 -0.00339541 -1.99873 -0.882928 0.00926602 -0.469416 -28.8861 
-0.463135 0.0106788 0.886223 88.9371 0.00639518 0.999942 -0.00870701 -2.05197 -0.886265 0.00163503 -0.463176 -29.2775 
-0.460399 0.0101559 0.887654 89.6937 -0.0139936 0.999727 -0.0186962 -2.06097 -0.887602 -0.0210292 -0.460131 -29.616 
-0.457119 0.0103601 0.889345 90.5791 -0.0174528 0.999635 -0.0206155 -2.09442 -0.889234 -0.0249454 -0.456772 -30.0199 
-0.455223 0.00998446 0.890321 91.5012 -0.0208473 0.999544 -0.0218685 -2.11485 -0.890133 -0.0285159 -0.454807 -30.4043 
-0.450663 0.00820918 0.892656 92.2693 -0.024115 0.999481 -0.0213661 -2.1685 -0.892368 -0.0311553 -0.450231 -30.7637 
-0.444099 0.00511238 0.895963 93.1918 -0.0266091 0.999467 -0.0188922 -2.17565 -0.895582 -0.0322308 -0.443727 -31.183 
-0.439887 0.00164972 0.898051 94.0602 -0.0276803 0.999498 -0.0153945 -2.1887 -0.897626 -0.0316302 -0.439621 -31.56 
-0.43487 -0.00125876 0.900492 94.866 -0.0305642 0.999444 -0.0133631 -2.20872 -0.899974 -0.033334 -0.434667 -31.9267 
-0.430534 -0.00542329 0.902558 95.7476 -0.0467138 0.998776 -0.0162817 -2.24546 -0.901365 -0.0491717 -0.43026 -32.2668 
-0.424653 -0.00644564 0.905334 96.5957 -0.052989 0.998437 -0.0177463 -2.28278 -0.903804 -0.0555087 -0.424331 -32.6134 
-0.419247 -0.00195205 0.90787 97.3998 -0.0527728 0.998359 -0.0222234 -2.31269 -0.906337 -0.057228 -0.418662 -32.9591 
-0.414294 0.000901885 0.910143 98.2317 -0.0524032 0.998317 -0.024843 -2.34526 -0.908633 -0.0579867 -0.413549 -33.2987 
-0.407167 0.000107822 0.913354 99.0645 -0.0530801 0.998307 -0.0237806 -2.3656 -0.91181 -0.0581636 -0.406472 -33.6641 
-0.400967 -0.0044497 0.916082 99.8718 -0.0529979 0.998426 -0.0183473 -2.39369 -0.914558 -0.0559071 -0.400572 -34.0093 
-0.395492 -0.00736862 0.91844 100.687 -0.0551624 0.998353 -0.0157438 -2.4339 -0.916812 -0.0568899 -0.395247 -34.3352 
-0.390524 -0.00573796 0.920575 101.558 -0.06107 0.997939 -0.0196868 -2.46517 -0.918565 -0.0639077 -0.39007 -34.6416 
-0.384264 -0.00378275 0.923216 102.381 -0.0632971 0.997747 -0.0222576 -2.49897 -0.921051 -0.0669897 -0.383637 -34.9624 
-0.376413 -0.00619999 0.926431 103.201 -0.0674302 0.997509 -0.0207215 -2.57769 -0.923995 -0.0702693 -0.375893 -35.2986 
-0.372706 -0.00836158 0.927912 103.99 -0.0700909 0.997357 -0.0191654 -2.61632 -0.925299 -0.0721812 -0.372306 -35.5236 
-0.365156 -0.00900395 0.930903 104.79 -0.0674613 0.99758 -0.0168135 -2.6598 -0.928499 -0.0689395 -0.36488 -35.8252 
-0.359222 -0.00911704 0.933207 105.766 -0.0691409 0.997464 -0.0168698 -2.70112 -0.930687 -0.0705828 -0.358942 -36.1172 
-0.353268 -0.00971129 0.935472 106.506 -0.0717712 0.99728 -0.0167505 -2.73659 -0.932765 -0.0730574 -0.353005 -36.3882 
-0.346528 -0.011461 0.93797 107.29 -0.0766691 0.996926 -0.0161436 -2.78651 -0.934901 -0.0775075 -0.346342 -36.6764 
-0.340789 -0.0147683 0.940024 108.162 -0.0805488 0.996659 -0.0135434 -2.82295 -0.936683 -0.0803332 -0.34084 -36.9541 
-0.337295 -0.0151009 0.941278 108.989 -0.0800997 0.996706 -0.0127126 -2.85159 -0.937985 -0.079684 -0.337393 -37.227 
-0.332532 -0.0152471 0.942969 109.844 -0.0781766 0.996874 -0.0114497 -2.88985 -0.939846 -0.0775255 -0.332684 -37.5295 
-0.327908 -0.0144812 0.944599 110.683 -0.0771957 0.99695 -0.0115139 -2.919 -0.94155 -0.0766944 -0.328026 -37.7969 
-0.321933 -0.0142115 0.946656 111.53 -0.071018 0.997433 -0.00917757 -2.927 -0.944095 -0.0701842 -0.322116 -38.0825 
-0.317665 -0.015025 0.948084 112.368 -0.0639485 0.997937 -0.00561147 -2.95374 -0.946044 -0.0624111 -0.31797 -38.3368 
-0.315549 -0.0165313 0.948765 113.173 -0.0627311 0.998024 -0.00347405 -2.9719 -0.946833 -0.0606133 -0.315963 -38.5402 
-0.311808 -0.0156696 0.950016 114.036 -0.0624468 0.99804 -0.00403408 -3.01136 -0.948091 -0.0605833 -0.312175 -38.7972 
-0.307729 -0.0127575 0.951388 114.902 -0.0655702 0.997817 -0.00782872 -2.99648 -0.949212 -0.0647919 -0.307894 -39.0589 
-0.305511 -0.0145008 0.952078 115.759 -0.0649386 0.997873 -0.00563969 -3.04868 -0.949972 -0.0635496 -0.305803 -39.3159 
-0.303014 -0.0167123 0.95284 116.625 -0.0670131 0.997745 -0.00381098 -3.06709 -0.950627 -0.0650075 -0.30345 -39.5942 
-0.300515 -0.0208006 0.95355 117.479 -0.0645041 0.997916 0.00143979 -3.09783 -0.951594 -0.0610752 -0.30123 -39.8703 
-0.300545 -0.0259492 0.953415 118.331 -0.065319 0.997843 0.0065679 -3.10847 -0.951528 -0.0603022 -0.301592 -40.1006 
-0.298946 -0.0277579 0.953866 119.154 -0.0644216 0.997884 0.00884884 -3.12644 -0.952093 -0.0588043 -0.300102 -40.349 
-0.299283 -0.0244247 0.953852 119.964 -0.0649328 0.997876 0.0051785 -3.14088 -0.951952 -0.0603864 -0.300234 -40.549 
-0.299171 -0.021848 0.95395 120.79 -0.0647272 0.9979 0.00255531 -3.16873 -0.952002 -0.060982 -0.299956 -40.7956 
-0.299117 -0.0223381 0.953955 121.643 -0.0666893 0.997771 0.00245333 -3.18316 -0.951883 -0.0628847 -0.29994 -41.045 
-0.294658 -0.0214753 0.955362 122.486 -0.0655376 0.997848 0.00221693 -3.20117 -0.953353 -0.0619588 -0.295431 -41.3506 
-0.292664 -0.0216927 0.955969 123.293 -0.0601373 0.998181 0.00423995 -3.23733 -0.954322 -0.0562485 -0.293436 -41.6151 
-0.292818 -0.0198679 0.955962 124.157 -0.0638778 0.997957 0.00117453 -3.23805 -0.954032 -0.0607208 -0.293489 -41.8595 
-0.293631 -0.0201538 0.955706 125.008 -0.0739936 0.997257 -0.0017037 -3.24779 -0.953051 -0.0712164 -0.294317 -42.0824 
-0.291652 -0.01929 0.95633 125.829 -0.0801082 0.996777 -0.00432474 -3.26584 -0.953164 -0.0778712 -0.292257 -42.3238 
-0.293059 -0.0162976 0.955956 126.615 -0.0808268 0.996698 -0.00778614 -3.29265 -0.952672 -0.0795486 -0.293408 -42.5323 
-0.294429 -0.0168131 0.955525 127.526 -0.0867669 0.996186 -0.00920721 -3.29573 -0.951726 -0.0856189 -0.294765 -42.7369 
-0.292663 -0.0159276 0.956083 128.113 -0.0845529 0.996376 -0.00928326 -3.37469 -0.95247 -0.0835565 -0.292949 -42.9475 
-0.289867 -0.0157154 0.956938 128.904 -0.0702388 0.997518 -0.00489423 -3.40409 -0.954486 -0.0686328 -0.290251 -43.1901 
-0.284757 -0.0177959 0.958434 129.815 -0.0697348 0.997563 -0.00219623 -3.40277 -0.95606 -0.0674616 -0.285305 -43.4793 
-0.28668 -0.0229992 0.95775 130.696 -0.0716056 0.99743 0.00251867 -3.40519 -0.955347 -0.0678582 -0.28759 -43.6449 
-0.281342 -0.0234705 0.95932 131.478 -0.0666669 0.997763 0.00485952 -3.4256 -0.957289 -0.0625877 -0.282278 -43.8697 
-0.276855 -0.0167867 0.960765 132.298 -0.0629214 0.998018 -0.000693806 -3.41958 -0.95885 -0.0606448 -0.277362 -44.0837 
-0.272453 -0.0133745 0.962076 133.126 -0.0637483 0.997957 -0.00417969 -3.41473 -0.960055 -0.0624695 -0.272749 -44.2448 
-0.26248 -0.0125269 0.964856 133.946 -0.0590548 0.99825 -0.0031048 -3.43212 -0.963129 -0.0577944 -0.262761 -44.483 
-0.255167 -0.0171025 0.966746 134.715 -0.0592242 0.998243 0.00202787 -3.44815 -0.965081 -0.0567373 -0.255732 -44.6414 
-0.241859 -0.0183103 0.970139 135.624 -0.0603931 0.998168 0.00378313 -3.44908 -0.96843 -0.0576747 -0.242521 -44.85 
-0.2305 -0.0153582 0.972951 136.378 -0.0516112 0.998661 0.00353703 -3.46649 -0.971703 -0.0493999 -0.230984 -44.991 
-0.213484 -0.0148299 0.976834 137.215 -0.0482143 0.998826 0.00462669 -3.48141 -0.975756 -0.0461096 -0.213949 -45.2026 
-0.201058 -0.0143091 0.979475 137.909 -0.0436438 0.999031 0.00563605 -3.50512 -0.978607 -0.0416148 -0.201487 -45.3253 
-0.186091 -0.0116026 0.982464 138.741 -0.0433273 0.999055 0.00359184 -3.50772 -0.981577 -0.0418991 -0.186417 -45.4796 
-0.174545 -0.00635785 0.984629 139.412 -0.0480537 0.998843 -0.00206882 -3.53545 -0.983476 -0.0476762 -0.174649 -45.5522 
-0.159719 0.000850452 0.987162 140.161 -0.0502769 0.998695 -0.00899497 -3.56848 -0.985881 -0.0510682 -0.159468 -45.6543 
-0.144595 0.00781142 0.98946 140.929 -0.0546383 0.99838 -0.0158664 -3.59197 -0.987981 -0.0563566 -0.143934 -45.7657 
-0.13425 0.00788253 0.990916 141.666 -0.0639946 0.997812 -0.0166074 -3.59144 -0.988879 -0.0656429 -0.133452 -45.8158 
-0.121221 0.00280227 0.992622 142.443 -0.0664675 0.997729 -0.0109338 -3.6289 -0.990398 -0.0673025 -0.120759 -45.8988 
-0.110757 -0.00269506 0.993844 143.183 -0.0700783 0.997528 -0.00510464 -3.6746 -0.991374 -0.0702122 -0.110672 -45.9387 
-0.101274 0.0042396 0.99485 143.946 -0.0746528 0.997139 -0.0118488 -3.68971 -0.992054 -0.0754683 -0.100668 -45.9946 
-0.0942828 0.0113659 0.995481 144.715 -0.0777585 0.996796 -0.0187454 -3.71165 -0.992504 -0.0791744 -0.093097 -46.0574 
-0.0918787 0.0129571 0.995686 145.414 -0.0810567 0.9965 -0.0204473 -3.73588 -0.992466 -0.0825856 -0.0905068 -46.0865 
-0.0910797 0.00851939 0.995807 146.187 -0.0818817 0.996513 -0.0160145 -3.74649 -0.992472 -0.082997 -0.0900645 -46.1599 
-0.0938158 0.00249494 0.995586 146.956 -0.0860235 0.996237 -0.0106027 -3.78879 -0.991866 -0.0866385 -0.0932481 -46.201 
-0.096898 -0.00208553 0.995292 147.675 -0.0890221 0.996008 -0.00657979 -3.84318 -0.991305 -0.0892406 -0.0966968 -46.2541 
-0.0994696 -0.00145772 0.99504 148.4 -0.0900141 0.995912 -0.00753926 -3.85092 -0.990961 -0.0903176 -0.0991941 -46.315 
-0.103288 -0.00183936 0.99465 149.142 -0.0890886 0.995996 -0.00740943 -3.87328 -0.990654 -0.0893773 -0.103039 -46.3903 
-0.106788 -0.00305022 0.994277 149.883 -0.089002 0.99601 -0.00650349 -3.88503 -0.99029 -0.0891872 -0.106634 -46.4562 
-0.110991 -0.00268018 0.993818 150.688 -0.0892347 0.995984 -0.00727978 -3.8769 -0.989807 -0.0894911 -0.110784 -46.5322 
-0.11821 -0.0039482 0.992981 151.427 -0.0904399 0.995879 -0.00680668 -3.87894 -0.988862 -0.0906097 -0.11808 -46.5983 
-0.122351 -0.00863564 0.992449 152.217 -0.0898415 0.995953 -0.00240961 -3.92484 -0.988412 -0.089458 -0.122631 -46.6809 
-0.126438 -0.00856766 0.991938 152.908 -0.0918471 0.995768 -0.00310653 -3.94315 -0.987713 -0.0914994 -0.12669 -46.7824 
-0.13193 -0.0080531 0.991226 153.605 -0.0930538 0.995652 -0.00429613 -3.95244 -0.986882 -0.0928041 -0.132106 -46.87 
-0.136117 -0.00547208 0.990678 154.333 -0.0938003 0.995564 -0.00738888 -3.95677 -0.986242 -0.0939316 -0.136027 -46.9647 
-0.139091 -0.00244828 0.990277 155.044 -0.090094 0.995881 -0.0101921 -3.96462 -0.986173 -0.0906356 -0.138739 -47.0482 
-0.139871 -0.00153804 0.990169 155.724 -0.0887924 0.99599 -0.0109957 -3.99731 -0.986181 -0.0894574 -0.139447 -47.1583 
-0.140962 -0.00274286 0.990011 156.445 -0.0938969 0.995525 -0.0106113 -4.02664 -0.985552 -0.0944548 -0.140589 -47.2247 
-0.137085 -0.00607227 0.990541 157.151 -0.0889865 0.996014 -0.00620938 -4.0352 -0.986554 -0.088996 -0.137079 -47.3108 
-0.129769 -0.00676941 0.991521 157.848 -0.0877561 0.996131 -0.00468452 -4.06392 -0.987653 -0.0876199 -0.129861 -47.3916 
-0.119309 -0.00537932 0.992843 158.54 -0.082054 0.996618 -0.00446051 -4.06337 -0.989461 -0.0819989 -0.119347 -47.4586 
-0.105667 -0.00567847 0.994385 159.214 -0.0789384 0.996876 -0.00269553 -4.08154 -0.991264 -0.0787801 -0.105785 -47.5114 
-0.0907972 -0.00768285 0.99584 159.897 -0.0741951 0.997243 0.00092887 -4.05663 -0.993102 -0.0738021 -0.0911169 -47.553 
-0.0755541 -0.0136353 0.997049 160.546 -0.0736658 0.99725 0.00805583 -4.06367 -0.994417 -0.0728397 -0.0763508 -47.5827 
-0.0586832 -0.0192945 0.99809 161.158 -0.0772785 0.996901 0.0147279 -4.06131 -0.995281 -0.0762666 -0.0599924 -47.6137 
-0.043479 -0.0264519 0.998704 161.997 -0.084716 0.996147 0.0226961 -4.05697 -0.995456 -0.0836194 -0.0455523 -47.5279 
-0.0253913 -0.0342923 0.999089 162.662 -0.0802256 0.996258 0.0321563 -4.0456 -0.996453 -0.0793361 -0.0280474 -47.539 
-0.00936865 -0.0400769 0.999153 163.315 -0.0851632 0.995598 0.0391359 -4.04543 -0.996323 -0.0847244 -0.0127405 -47.5135 
0.00875659 -0.0419871 0.99908 163.937 -0.0875419 0.99525 0.0425934 -4.03839 -0.996122 -0.0878343 0.00503937 -47.5064 
0.0244861 -0.0426386 0.99879 164.589 -0.085113 0.995374 0.0445794 -4.00256 -0.99607 -0.0861016 0.0207437 -47.4135 
0.0424598 -0.0440003 0.998129 165.207 -0.0817763 0.995525 0.0473642 -3.98751 -0.995746 -0.0836344 0.0386716 -47.3839 
0.0591562 -0.0448978 0.997239 165.869 -0.0842568 0.995199 0.0498042 -3.94374 -0.994687 -0.0869703 0.0550892 -47.3133 
0.0744454 -0.0489491 0.996023 166.51 -0.0828139 0.995041 0.0550906 -3.91304 -0.993781 -0.0865858 0.0700226 -47.2531 
0.0863703 -0.0528842 0.994859 167.109 -0.0797001 0.995023 0.0598123 -3.90851 -0.99307 -0.0844564 0.0817256 -47.2129 
0.0969489 -0.0540746 0.993819 167.732 -0.0748574 0.995299 0.0614576 -3.87918 -0.99247 -0.080353 0.0924452 -47.1339 
0.107994 -0.0509919 0.992843 168.352 -0.0769659 0.995258 0.0594877 -3.85115 -0.991168 -0.0828394 0.103557 -47.0564 
0.117482 -0.0440104 0.992099 168.924 -0.0832405 0.995065 0.0539992 -3.84262 -0.98958 -0.0889268 0.113239 -46.9843 
0.12662 -0.0333154 0.991392 169.533 -0.0811689 0.995736 0.0438283 -3.80578 -0.988625 -0.0860197 0.123376 -46.8809 
0.133031 -0.0256287 0.990781 170.127 -0.0752452 0.996519 0.0358803 -3.76914 -0.988252 -0.0793247 0.130639 -46.7898 
0.139108 -0.0281711 0.989877 170.74 -0.0740179 0.996503 0.0387615 -3.75396 -0.987507 -0.0786606 0.136536 -46.6842 
0.145206 -0.0353708 0.988769 171.348 -0.0770767 0.995919 0.0469457 -3.7199 -0.986395 -0.0830278 0.141887 -46.5765 
0.149436 -0.0471384 0.987647 171.884 -0.0825551 0.994781 0.0599699 -3.71703 -0.985319 -0.0904969 0.144765 -46.4333 
0.150511 -0.0553576 0.987057 172.448 -0.0829147 0.994206 0.0684018 -3.68735 -0.985125 -0.0921368 0.145049 -46.307 
0.151062 -0.056622 0.986901 173.07 -0.0786114 0.994508 0.0690913 -3.68222 -0.985394 -0.0880188 0.145782 -46.1995 
0.152168 -0.0541359 0.986871 173.657 -0.0749438 0.994992 0.0661372 -3.64679 -0.985509 -0.0840239 0.147349 -46.1111 
0.153869 -0.0549519 0.986562 174.288 -0.0709332 0.995262 0.0664996 -3.61775 -0.985542 -0.0802122 0.149242 -46.0119 
0.155471 -0.0556545 0.986271 174.869 -0.0773973 0.994656 0.0683282 -3.57246 -0.984804 -0.0869578 0.150333 -45.889 
0.158329 -0.0611571 0.985491 175.49 -0.0774633 0.994234 0.074145 -3.5473 -0.984343 -0.0880787 0.152679 -45.7649 
0.160266 -0.0659898 0.984866 176.117 -0.0759781 0.993978 0.0789642 -3.50705 -0.984145 -0.0874835 0.154287 -45.6413 
0.164664 -0.0692316 0.983917 176.728 -0.0764376 0.993638 0.0827079 -3.48157 -0.983384 -0.0888273 0.158325 -45.5185 
0.168891 -0.0724013 0.982972 177.314 -0.0738131 0.993569 0.0858642 -3.44651 -0.982867 -0.0870579 0.162461 -45.3812 
0.177248 -0.074487 0.981343 177.959 -0.0728682 0.993402 0.0885636 -3.39582 -0.981465 -0.0872064 0.170651 -45.258 
0.187415 -0.0770966 0.979251 178.605 -0.0683498 0.993475 0.0912978 -3.36535 -0.9799 -0.0840421 0.180923 -45.1347 
0.198127 -0.0744042 0.977348 179.227 -0.0698754 0.993506 0.0897993 -3.31739 -0.977683 -0.0860843 0.191641 -44.9858 
0.210592 -0.0705539 0.975025 179.884 -0.0700657 0.993738 0.0870413 -3.2668 -0.97506 -0.086646 0.20433 -44.8356 
0.221416 -0.0677401 0.972824 180.502 -0.0695891 0.993944 0.0850494 -3.20537 -0.972693 -0.0865293 0.215361 -44.6515 
0.231665 -0.0675931 0.970445 181.097 -0.0674064 0.99407 0.0853299 -3.15571 -0.970458 -0.0851821 0.225735 -44.4576 
0.243067 -0.0710591 0.967403 181.768 -0.0649106 0.993886 0.0893137 -3.10967 -0.967835 -0.0845039 0.236968 -44.2517 
0.254653 -0.0730513 0.964269 182.358 -0.0662975 0.993478 0.0927726 -3.07754 -0.964757 -0.0875535 0.248149 -44.093 
0.266016 -0.0727622 0.961219 182.976 -0.0677375 0.993271 0.0939348 -3.00632 -0.961586 -0.0900987 0.259297 -43.8875 
0.277475 -0.0761183 0.957713 183.63 -0.0697737 0.992627 0.0991087 -2.9626 -0.958196 -0.0943234 0.270118 -43.7208 
0.286553 -0.0739706 0.955205 184.287 -0.0742164 0.992305 0.099108 -2.89468 -0.955185 -0.0992915 0.278858 -43.5331 
0.290187 -0.0770253 0.953865 184.873 -0.0735816 0.992009 0.102491 -2.81639 -0.954137 -0.0999284 0.282201 -43.3332 
0.292601 -0.0811799 0.952783 185.557 -0.0701948 0.991878 0.106068 -2.75766 -0.953655 -0.0979159 0.284526 -43.1239 
0.293471 -0.0806791 0.952557 186.247 -0.0658036 0.992364 0.104324 -2.71658 -0.9537 -0.0932978 0.285921 -42.9246 
0.292397 -0.0796055 0.952978 186.922 -0.0650394 0.992566 0.102868 -2.64773 -0.954083 -0.0920595 0.285046 -42.7208 
0.290998 -0.0768039 0.953636 187.603 -0.0628064 0.993089 0.0991465 -2.56564 -0.95466 -0.0887459 0.284163 -42.5002 
0.291008 -0.0779174 0.953543 188.298 -0.0608813 0.99315 0.099734 -2.50242 -0.954782 -0.0870763 0.28427 -42.2847 
0.288808 -0.083028 0.95378 189.008 -0.0586959 0.992823 0.1042 -2.42891 -0.955586 -0.0860768 0.281861 -42.0497 
0.288885 -0.0858077 0.953511 189.699 -0.0576829 0.992606 0.106802 -2.35556 -0.955625 -0.0858548 0.281799 -41.8529 
0.284914 -0.0869406 0.954602 190.435 -0.0581099 0.99248 0.107734 -2.26821 -0.95679 -0.0861668 0.277719 -41.596 
0.282518 -0.0880321 0.955214 191.094 -0.0614944 0.99207 0.109617 -2.22625 -0.957289 -0.089709 0.274864 -41.3717 
0.27943 -0.0870485 0.956212 191.763 -0.0650995 0.991873 0.109319 -2.1627 -0.957957 -0.0927959 0.271492 -41.1605 
0.276998 -0.0858555 0.957027 192.482 -0.0663852 0.99191 0.108199 -2.0905 -0.958575 -0.0935034 0.269058 -40.9264 
0.276117 -0.0836568 0.957476 193.212 -0.0638648 0.992406 0.105126 -2.02312 -0.959 -0.0901761 0.268677 -40.7177 
0.274587 -0.0744761 0.958674 193.995 -0.0702549 0.992777 0.0972483 -1.91996 -0.958992 -0.0940547 0.267371 -40.4532 
0.27255 -0.0715617 0.959477 194.736 -0.0744981 0.992667 0.0951992 -1.84142 -0.959253 -0.0974257 0.26522 -40.2114 
0.272654 -0.0738591 0.959273 195.467 -0.0748258 0.992401 0.0976776 -1.77155 -0.959198 -0.0984105 0.265056 -40.0241 
0.271733 -0.0738641 0.959534 196.163 -0.0885712 0.990899 0.101361 -1.75896 -0.958288 -0.11253 0.262718 -39.8134 
0.270241 -0.0744009 0.959914 196.793 -0.0959261 0.989968 0.103736 -1.75676 -0.958002 -0.120115 0.260393 -39.6781 
0.264015 -0.0747835 0.961615 197.569 -0.0983576 0.989705 0.103972 -1.68229 -0.95949 -0.122032 0.253942 -39.3993 
0.257517 -0.0762639 0.96326 198.339 -0.101373 0.989247 0.105422 -1.62517 -0.960942 -0.124797 0.247017 -39.2037 
0.248491 -0.076778 0.965587 199.024 -0.0989896 0.989622 0.104164 -1.56944 -0.963563 -0.121467 0.238312 -39.0369 
0.239796 -0.0747666 0.96794 199.706 -0.0974471 0.990141 0.100623 -1.521 -0.96592 -0.118452 0.230146 -38.8894 
0.230185 -0.071935 0.970485 200.427 -0.098024 0.990478 0.0966669 -1.4723 -0.968198 -0.117382 0.220941 -38.7496 
0.217347 -0.0719792 0.973437 201.119 -0.101857 0.99016 0.0959584 -1.4113 -0.970765 -0.120008 0.207877 -38.5985 
0.204717 -0.0804778 0.975507 201.843 -0.0969803 0.990043 0.102029 -1.36462 -0.974005 -0.115492 0.194874 -38.4456 
0.194824 -0.087878 0.976894 202.571 -0.0958744 0.989503 0.108133 -1.29158 -0.976141 -0.114726 0.184354 -38.287 
0.187268 -0.0935363 0.977846 203.312 -0.0953024 0.98903 0.112858 -1.2244 -0.977675 -0.114326 0.176299 -38.1459 
0.18436 -0.0942887 0.978326 204.009 -0.101335 0.98826 0.114342 -1.15197 -0.977621 -0.120219 0.172641 -38.0208 
0.182854 -0.0964865 0.978394 204.732 -0.0982846 0.988393 0.115841 -1.08927 -0.978215 -0.117343 0.171249 -37.9053 
0.179804 -0.0968775 0.97892 205.442 -0.0969823 0.988545 0.115643 -1.01479 -0.97891 -0.115731 0.168349 -37.7634 
0.179536 -0.0942217 0.979229 206.148 -0.0974059 0.988809 0.113002 -0.922929 -0.978917 -0.115671 0.168349 -37.6201 
0.178643 -0.0915278 0.979648 206.884 -0.102767 0.988482 0.111093 -0.850901 -0.978532 -0.120521 0.167179 -37.4694 
0.181096 -0.0929307 0.979065 207.558 -0.10346 0.988201 0.112935 -0.805247 -0.978008 -0.121746 0.169344 -37.3726 
0.182238 -0.0937829 0.978772 208.311 -0.104757 0.987923 0.114165 -0.721744 -0.977658 -0.123338 0.170213 -37.2131 
0.184716 -0.0956934 0.978122 209.017 -0.104375 0.98771 0.116342 -0.662193 -0.977234 -0.123581 0.172458 -37.0935 
0.185092 -0.0954554 0.978074 209.73 -0.102657 0.987948 0.115846 -0.577921 -0.977345 -0.121849 0.173062 -36.9386 
0.187642 -0.0963391 0.977501 210.501 -0.0990415 0.988251 0.116411 -0.474021 -0.977231 -0.118657 0.175896 -36.7846 
0.191653 -0.0980869 0.976549 211.274 -0.099317 0.987948 0.118723 -0.386889 -0.976425 -0.119742 0.179601 -36.6247 
0.197084 -0.1021 0.975056 212.024 -0.0997598 0.987312 0.123547 -0.297415 -0.975298 -0.121621 0.184398 -36.467 
0.201352 -0.105529 0.973818 212.7 -0.100081 0.98676 0.127625 -0.209193 -0.974393 -0.123158 0.188125 -36.2913 
0.206512 -0.105367 0.972754 213.434 -0.101902 0.986462 0.128485 -0.126925 -0.973123 -0.125659 0.192979 -36.1341 
0.20972 -0.101117 0.972519 214.173 -0.105916 0.986436 0.125404 -0.0471344 -0.972008 -0.129305 0.196166 -35.9405 
0.215294 -0.0951831 0.9719 214.948 -0.112371 0.986213 0.121477 0.0461407 -0.970062 -0.135367 0.20163 -35.7488 
0.218779 -0.092827 0.971349 215.694 -0.115609 0.985987 0.120265 0.141332 -0.968902 -0.138608 0.204982 -35.5491 
0.223847 -0.0933412 0.970144 216.459 -0.116282 0.985736 0.121672 0.214871 -0.967663 -0.140046 0.2098 -35.3609 
0.226884 -0.090484 0.969709 217.204 -0.118378 0.98573 0.119676 0.304251 -0.966701 -0.141945 0.212935 -35.161 
0.231512 -0.0878347 0.968859 217.948 -0.117808 0.986055 0.117544 0.388184 -0.965673 -0.141352 0.217936 -34.974 
0.236448 -0.0873691 0.967708 218.713 -0.11726 0.986104 0.117681 0.471583 -0.964543 -0.141299 0.222917 -34.7856 
0.242055 -0.0891581 0.966157 219.464 -0.116948 0.985828 0.120273 0.53487 -0.963189 -0.142103 0.228198 -34.6026 
0.245715 -0.0882202 0.965319 220.213 -0.113932 0.986319 0.11914 0.62968 -0.962623 -0.139255 0.232303 -34.4046 
0.249494 -0.0886556 0.96431 220.999 -0.11088 0.986636 0.119396 0.7036 -0.962007 -0.136711 0.23633 -34.1954 
0.254384 -0.0866996 0.963209 221.751 -0.109426 0.986997 0.11774 0.780543 -0.960893 -0.135352 0.241589 -34.0016 
0.258995 -0.0875913 0.961899 222.517 -0.115543 0.985919 0.120889 0.859624 -0.958943 -0.14245 0.245227 -33.771 
0.264498 -0.0873768 0.96042 223.246 -0.118068 0.985461 0.122171 0.951253 -0.957132 -0.145709 0.250336 -33.5554 
0.268713 -0.084011 0.95955 223.992 -0.117134 0.985946 0.119124 1.03035 -0.956072 -0.144406 0.255096 -33.333 
0.272663 -0.0769886 0.959024 224.737 -0.115224 0.987006 0.111995 1.11353 -0.955185 -0.14104 0.260249 -33.1133 
0.276531 -0.0710328 0.958376 225.49 -0.119128 0.987039 0.107531 1.19319 -0.953593 -0.143905 0.264485 -32.8864 
0.280147 -0.0723769 0.957225 226.213 -0.126349 0.985699 0.111508 1.28222 -0.951606 -0.152183 0.266996 -32.6439 
0.282017 -0.0836664 0.955754 226.956 -0.123474 0.984741 0.122638 1.3572 -0.951431 -0.152597 0.267383 -32.3989 
0.283517 -0.0952076 0.95423 227.715 -0.119325 0.983824 0.133614 1.46165 -0.951515 -0.151745 0.26757 -32.1681 
0.285506 -0.10315 0.95281 228.491 -0.121885 0.98221 0.142856 1.5532 -0.950595 -0.156919 0.267855 -31.9436 
0.288125 -0.105179 0.951799 229.248 -0.12216 0.981791 0.145474 1.6516 -0.949769 -0.158187 0.27003 -31.7107 
0.290445 -0.100584 0.951591 229.995 -0.12215 0.982427 0.141126 1.74938 -0.949063 -0.157227 0.273055 -31.4567 
0.29396 -0.0958434 0.951 230.734 -0.119077 0.983536 0.13593 1.83716 -0.948371 -0.1532 0.277707 -31.2128 
0.298796 -0.0903287 0.950033 231.458 -0.119018 0.984211 0.131011 1.93566 -0.946866 -0.152217 0.283327 -30.9749 
0.30244 -0.088972 0.949007 232.159 -0.117154 0.984615 0.129646 2.01387 -0.945941 -0.15039 0.287364 -30.7248 
0.306152 -0.0864449 0.94805 232.913 -0.116587 0.984968 0.127461 2.11144 -0.944817 -0.149553 0.291472 -30.4618 
0.311226 -0.0872645 0.946321 233.658 -0.115736 0.984883 0.128884 2.20048 -0.943262 -0.149635 0.296422 -30.2269 
0.314627 -0.0933373 0.944615 234.428 -0.112018 0.984549 0.134593 2.30599 -0.942583 -0.14816 0.29931 -29.9668 
0.317082 -0.0985071 0.943269 235.131 -0.111271 0.983858 0.14015 2.39591 -0.941848 -0.149397 0.301003 -29.7176 
0.320127 -0.104676 0.941574 235.908 -0.107411 0.983458 0.145851 2.50079 -0.941266 -0.147826 0.303588 -29.4656 
0.321426 -0.1103 0.940489 236.646 -0.105965 0.982765 0.151473 2.59343 -0.940987 -0.148347 0.304199 -29.1989 
0.323423 -0.116367 0.939072 237.403 -0.10432 0.981976 0.157612 2.71249 -0.940487 -0.148939 0.305454 -28.9457 
0.325057 -0.116286 0.938518 238.156 -0.105269 0.981794 0.158109 2.83273 -0.939817 -0.150191 0.306898 -28.679 
0.32725 -0.103961 0.939201 238.904 -0.115326 0.982105 0.148894 2.95336 -0.937874 -0.15704 0.309405 -28.3999 
0.329042 -0.0885581 0.940154 239.642 -0.117367 0.984038 0.133769 3.06166 -0.936993 -0.154358 0.313396 -28.1484 
0.329625 -0.0803866 0.940683 240.379 -0.117796 0.985081 0.125457 3.15746 -0.936734 -0.152162 0.315239 -27.8931 
0.329229 -0.0834268 0.940558 241.13 -0.118329 0.984592 0.128752 3.23063 -0.936807 -0.153684 0.314284 -27.623 
0.329109 -0.0895131 0.94004 241.897 -0.116127 0.984104 0.134365 3.35251 -0.937124 -0.153385 0.313482 -27.3354 
