1 -4.23778e-08 4.22719e-08 0 -4.23778e-08 1 -4.19404e-08 0 4.22719e-08 -4.19404e-08 1 0 
0.99999 -0.00263695 -0.0034891 -0.00530646 0.00262966 0.999994 -0.00206805 -0.00495157 0.00349461 0.00205877 0.999992 0.678061 
0.999971 -0.00116889 -0.00755665 -0.0220602 0.00114086 0.999992 -0.00370177 -0.00741371 0.00756101 0.00369296 0.999965 1.37473 
0.999932 -0.00117576 -0.0116118 -0.0417776 0.00111485 0.999986 -0.00524369 -0.0103534 0.0116178 0.0052303 0.999919 2.09216 
0.999859 5.7679e-05 -0.0167634 -0.0621158 -0.000154128 0.999983 -0.00574728 -0.0171259 0.0167628 0.00574897 0.999843 2.82641 
0.999773 -0.00106022 -0.021275 -0.0859543 0.000935591 0.999982 -0.00586324 -0.0276369 0.021281 0.00584192 0.999756 3.57535 
0.999664 0.000695587 -0.0259 -0.118392 -0.000880871 0.999974 -0.00713985 -0.034665 0.0258945 0.00716019 0.999639 4.34209 
0.999511 0.00340315 -0.031078 -0.151372 -0.00364854 0.999963 -0.00783998 -0.0430948 0.0310502 0.00794945 0.999486 5.11972 
0.999367 0.00369903 -0.0353937 -0.191471 -0.00392345 0.999973 -0.00627084 -0.051246 0.0353696 0.00640565 0.999354 5.90619 
0.9992 0.00278078 -0.0399008 -0.232431 -0.00292205 0.99999 -0.00348076 -0.0620957 0.0398908 0.00359448 0.999197 6.71241 
0.999047 0.00234846 -0.0435927 -0.274702 -0.00238938 0.999997 -0.000884708 -0.0691707 0.0435905 0.000987939 0.999049 7.52856 
0.998912 0.00385471 -0.0464659 -0.326602 -0.0039295 0.999991 -0.00151653 -0.0771659 0.0464597 0.00169738 0.998919 8.35619 
0.998798 0.00332178 -0.0489027 -0.376676 -0.00341653 0.999992 -0.00185237 -0.0828598 0.0488963 0.00201714 0.998802 9.18378 
0.99872 0.000484275 -0.0505674 -0.426125 -0.000607371 0.999997 -0.00241732 -0.0892867 0.0505662 0.00244485 0.998718 10.0154 
0.998608 0.000305649 -0.0527352 -0.48065 -0.000394714 0.999998 -0.00167695 -0.0962385 0.0527347 0.00169535 0.998607 10.856 
0.998525 -0.00123913 -0.0542815 -0.534864 0.00114096 0.999998 -0.00183788 -0.107343 0.0542838 0.00177315 0.998524 11.7117 
0.998425 0.000742075 -0.0560923 -0.595428 -0.000976311 0.999991 -0.00414714 -0.11953 0.0560888 0.00419529 0.998417 12.5701 
0.998342 0.00105995 -0.057554 -0.659602 -0.00145055 0.999976 -0.00674378 -0.129536 0.0575456 0.006816 0.99832 13.4377 
0.998233 0.00490049 -0.0592167 -0.731787 -0.00540281 0.999951 -0.00832417 -0.141203 0.0591731 0.00862931 0.99821 14.3163 
0.998168 0.00582894 -0.0602171 -0.798684 -0.00631146 0.999949 -0.00782453 -0.156025 0.0601685 0.00819017 0.998155 15.2039 
0.998086 0.00484243 -0.0616563 -0.864491 -0.00523565 0.999967 -0.00621632 -0.17119 0.0616243 0.00652714 0.998078 16.0991 
0.997983 0.00536115 -0.0632531 -0.932728 -0.00566717 0.999973 -0.00465833 -0.183494 0.0632265 0.00500731 0.997987 17.0046 
0.997916 0.00473435 -0.0643505 -0.999594 -0.0050422 0.999977 -0.00462104 -0.194653 0.0643272 0.00493579 0.997917 17.9085 
0.997809 0.00454624 -0.066006 -1.07138 -0.00491549 0.999973 -0.00543157 -0.209797 0.0659797 0.00574403 0.997804 18.8123 
0.997744 0.00318365 -0.0670619 -1.14526 -0.00361249 0.999974 -0.00627312 -0.220083 0.0670403 0.00650114 0.997729 19.7273 
0.997709 0.00295525 -0.0675863 -1.21861 -0.00326945 0.999984 -0.00453763 -0.232385 0.0675719 0.00474812 0.997703 20.653 
0.997686 0.00426417 -0.0678569 -1.29376 -0.00435773 0.99999 -0.00122956 -0.243116 0.067851 0.00152233 0.997694 21.5876 
0.99775 0.0052273 -0.0668384 -1.37371 -0.00507562 0.999984 0.00244013 -0.252483 0.0668502 -0.00209548 0.997761 22.5234 
0.99786 0.00412054 -0.0652536 -1.44487 -0.0037799 0.999978 0.00534403 -0.259134 0.0652743 -0.00508603 0.997854 23.4613 
0.997954 0.004382 -0.063777 -1.51698 -0.00400667 0.999974 0.00601311 -0.262546 0.0638018 -0.00574536 0.997946 24.4086 
0.998034 0.00465524 -0.0624997 -1.5864 -0.00446473 0.999985 0.00318879 -0.267999 0.0625137 -0.00290357 0.99804 25.3558 
0.998087 0.00551421 -0.0615853 -1.65826 -0.00563339 0.999982 -0.00176046 -0.273132 0.0615746 0.00210394 0.9981 26.3043 
0.998163 0.00466215 -0.0604097 -1.72613 -0.00495559 0.999977 -0.00470715 -0.281909 0.0603865 0.00499778 0.998162 27.2615 
0.998211 0.00211934 -0.0597504 -1.7946 -0.00234553 0.99999 -0.00371422 -0.29317 0.059742 0.00384764 0.998206 28.2302 
0.998198 0.000429302 -0.06001 -1.86166 -0.000348205 0.999999 0.0013632 -0.30534 0.0600106 -0.00133993 0.998197 29.2044 
0.998139 -0.0034353 -0.0608756 -1.92641 0.00374243 0.999981 0.00493331 -0.317561 0.0608576 -0.00515204 0.998133 30.1852 
0.998007 -0.0109539 -0.062144 -1.98708 0.0112395 0.999928 0.00424918 -0.323966 0.0620931 -0.00493927 0.998058 31.1688 
0.997893 -0.0130022 -0.0635623 -2.05499 0.0130552 0.999915 0.000418871 -0.331137 0.0635515 -0.00124789 0.997978 32.1476 
0.997801 -0.0129681 -0.0650004 -2.12846 0.0127641 0.999912 -0.0035519 -0.34181 0.0650408 0.00271433 0.997879 33.1236 
0.997675 -0.0114265 -0.0671897 -2.21057 0.0111684 0.999929 -0.00421553 -0.354426 0.0672331 0.00345525 0.997731 34.1079 
0.997638 -0.0112364 -0.0677574 -2.2903 0.011067 0.999935 -0.00287337 -0.366733 0.0677853 0.00211663 0.997698 35.0955 
0.997568 -0.00832923 -0.0691971 -2.37564 0.00833705 0.999965 -0.000174661 -0.379794 0.0691962 -0.000402751 0.997603 36.0966 
0.9975 -0.00848595 -0.0701562 -2.45907 0.00858615 0.999962 0.00112793 -0.393258 0.0701441 -0.00172757 0.997535 37.0893 
0.997442 -0.00726533 -0.0711047 -2.55138 0.00754905 0.999964 0.00372346 -0.402263 0.0710752 -0.0042508 0.997462 38.0883 
0.997464 -0.00727691 -0.0708016 -2.63499 0.00777742 0.999947 0.00679719 -0.414717 0.0707484 -0.0073307 0.997467 39.0816 
0.997432 -0.00149478 -0.0715988 -2.72575 0.00214512 0.999957 0.00900822 -0.418972 0.0715823 -0.00913877 0.997393 40.0821 
0.997422 -0.00153918 -0.071747 -2.81256 0.00214075 0.999963 0.00830958 -0.423931 0.0717317 -0.00844183 0.997388 41.0849 
0.997429 -0.001335 -0.0716497 -2.89718 0.00181374 0.999976 0.00661809 -0.429964 0.0716393 -0.00673112 0.997408 42.0807 
0.997429 0.000868154 -0.0716524 -2.98861 -0.000549386 0.99999 0.00446954 -0.437572 0.0716556 -0.00441877 0.99742 43.0726 
0.997376 0.000385414 -0.0723933 -3.0732 -6.76603e-05 0.99999 0.00439279 -0.445004 0.0723943 -0.00437646 0.997366 44.0649 
0.997272 -0.00162279 -0.0737909 -3.15721 0.00204222 0.999982 0.00561003 -0.452518 0.0737805 -0.00574551 0.997258 45.0594 
0.99721 -0.00112526 -0.0746397 -3.24046 0.00163179 0.999976 0.00672686 -0.461781 0.0746304 -0.00682998 0.997188 46.0463 
0.997204 0.00132158 -0.0747141 -3.33165 -0.00109469 0.999995 0.0030787 -0.47196 0.0747178 -0.0029884 0.9972 47.018 
0.99713 0.00184939 -0.0756837 -3.41801 -0.00193465 0.999997 -0.0010521 -0.480715 0.0756816 0.00119541 0.997131 47.9853 
0.997076 0.00266681 -0.0763717 -3.50697 -0.00285103 0.999993 -0.00230209 -0.49314 0.0763651 0.00251301 0.997077 48.9617 
0.997069 0.00139549 -0.0764981 -3.59228 -0.0013067 0.999998 0.00121187 -0.508319 0.0764998 -0.00110845 0.997069 49.9421 
0.997058 -0.000452014 -0.0766451 -3.67643 0.00077585 0.999991 0.00419647 -0.518225 0.0766426 -0.00424368 0.99705 50.9149 
0.997032 -0.00231912 -0.0769468 -3.75923 0.0027142 0.999984 0.00503129 -0.530886 0.076934 -0.00522529 0.997022 51.8774 
0.997004 -0.00557803 -0.0771532 -3.84156 0.00589593 0.999975 0.0038942 -0.540829 0.0771296 -0.00433751 0.997012 52.8369 
0.996948 -0.00825895 -0.0776264 -3.92223 0.00847822 0.999961 0.00249665 -0.549672 0.0776028 -0.00314725 0.996979 53.7932 
0.996859 -0.00968622 -0.0786043 -4.00975 0.0100033 0.999943 0.0036421 -0.558738 0.0785647 -0.00441704 0.996899 54.7408 
0.996717 -0.0129531 -0.0799167 -4.08912 0.0136248 0.999876 0.0078658 -0.567761 0.079805 -0.00892891 0.99677 55.6964 
0.996654 -0.0138594 -0.0805472 -4.17659 0.0149363 0.999807 0.0127838 -0.570578 0.0803546 -0.0139442 0.996669 56.6503 
0.996632 -0.0120114 -0.0811229 -4.26541 0.0132679 0.9998 0.014969 -0.574418 0.0809269 -0.015995 0.996592 57.5965 
0.99653 -0.0110218 -0.0825022 -4.35532 0.0119699 0.999868 0.0110073 -0.579359 0.08237 -0.0119567 0.99653 58.5314 
0.996435 -0.00940952 -0.0838362 -4.44435 0.00970914 0.999948 0.00316786 -0.584488 0.0838021 -0.00397063 0.996474 59.4494 
0.996373 -0.00779627 -0.0847297 -4.53574 0.00767426 0.999969 -0.00176469 -0.591605 0.0847409 0.00110796 0.996402 60.3633 
0.996316 -0.00291891 -0.0857117 -4.63196 0.00285061 0.999995 -0.00091838 -0.604778 0.0857141 0.000670578 0.996319 61.2676 
0.996201 -0.000101752 -0.0870814 -4.72742 0.000214633 0.999999 0.00128784 -0.616333 0.0870813 -0.00130172 0.9962 62.1734 
0.996108 0.00249108 -0.0881002 -4.8177 -0.00224486 0.999993 0.0028946 -0.631615 0.0881069 -0.00268565 0.996107 63.0662 
0.996009 0.00306859 -0.0892005 -4.90984 -0.00284678 0.999992 0.00261462 -0.641935 0.0892079 -0.00235033 0.99601 63.9337 
0.995853 0.00471937 -0.0908503 -5.00204 -0.00443694 0.999985 0.00331135 -0.651294 0.0908646 -0.00289461 0.995859 64.791 
0.995719 0.00553754 -0.0922635 -5.09214 -0.00519558 0.999979 0.00394704 -0.665262 0.0922835 -0.00345087 0.995727 65.6315 
0.99559 0.00542368 -0.0936535 -5.18009 -0.00504124 0.999978 0.00432054 -0.67421 0.093675 -0.00382944 0.995595 66.4544 
0.99545 0.00512885 -0.0951416 -5.26372 -0.00463423 0.999974 0.00541992 -0.683896 0.0951671 -0.00495444 0.995449 67.2614 
0.995295 0.00786319 -0.0965741 -5.35613 -0.00711275 0.999942 0.00811323 -0.691128 0.0966323 -0.00738823 0.995293 68.0597 
0.995139 0.00945389 -0.0980202 -5.4445 -0.00830766 0.999892 0.0120962 -0.697583 0.0981241 -0.0112232 0.995111 68.848 
0.99496 0.0125339 -0.0994865 -5.54547 -0.0112147 0.999842 0.0138085 -0.704426 0.0996439 -0.0126232 0.994943 69.6233 
0.994782 0.0150761 -0.100907 -5.63652 -0.0141923 0.999854 0.00947138 -0.705032 0.101035 -0.00798995 0.994851 70.3784 
0.994631 0.0149743 -0.102392 -5.71757 -0.0148482 0.999888 0.00199425 -0.709786 0.10241 -0.000463293 0.994742 71.1065 
0.99448 0.0141678 -0.103962 -5.80035 -0.0146338 0.999886 -0.00372027 -0.719539 0.103898 0.00522101 0.994574 71.8161 
0.994418 0.0150934 -0.104427 -5.88399 -0.0157028 0.999864 -0.00501528 -0.725545 0.104337 0.00662699 0.99452 72.5102 
0.99429 0.0176176 -0.105245 -5.9745 -0.0178945 0.999838 -0.00168629 -0.73561 0.105198 0.00355988 0.994445 73.1906 
0.994153 0.0178979 -0.106486 -6.05854 -0.0179419 0.999839 0.000545631 -0.749141 0.106479 0.00136804 0.994314 73.8499 
0.994103 0.0146483 -0.107446 -6.1358 -0.0150334 0.999883 -0.00277459 -0.762091 0.107393 0.00437342 0.994207 74.4883 
0.994182 0.00654159 -0.107512 -6.19909 -0.00744247 0.99994 -0.00797946 -0.773632 0.107453 0.00873311 0.994172 75.1038 
0.994296 0.00245514 -0.106629 -6.26411 -0.00384276 0.99991 -0.0128093 -0.786051 0.106588 0.0131459 0.994216 75.7047 
0.994608 0.00493441 -0.103589 -6.33342 -0.00631715 0.999895 -0.0130237 -0.799487 0.103514 0.0136078 0.994535 76.2911 
0.994985 0.00990121 -0.0995271 -6.40384 -0.0109695 0.999888 -0.0101914 -0.811868 0.0994152 0.011232 0.994983 76.8638 
0.995437 0.00825539 -0.0950665 -6.45723 -0.00897998 0.999934 -0.00719571 -0.822184 0.0950009 0.00801648 0.995445 77.4243 
0.995978 0.00456271 -0.0894761 -6.50009 -0.00484602 0.999984 -0.00294843 -0.834814 0.0894613 0.00337009 0.995985 77.9692 
0.996687 0.00019191 -0.0813332 -6.53896 -0.000156608 1 0.000441421 -0.847351 0.0813334 -0.000427308 0.996687 78.5032 
0.997465 0.00385467 -0.0710465 -6.5693 -0.00385988 0.999992 6.50456e-05 -0.853731 0.0710463 0.000209264 0.997473 79.0236 
0.998395 0.00894786 -0.0559195 -6.60531 -0.00897648 0.99996 -0.000259099 -0.865713 0.055915 0.000760557 0.998435 79.5268 
0.999186 0.0140064 -0.0378266 -6.6287 -0.0140145 0.999902 5.14192e-05 -0.87106 0.0378237 0.00047866 0.999284 80.0221 
0.9998 0.0124271 -0.0156815 -6.62714 -0.0124197 0.999923 0.000576435 -0.875529 0.0156875 -0.000381644 0.999877 80.5016 
0.999905 0.00885011 0.0105182 -6.60293 -0.00886837 0.999959 0.00168296 -0.885069 -0.0105028 -0.00177616 0.999943 80.9658 
0.999162 0.00783741 0.0401683 -6.56921 -0.00797135 0.999963 0.0031731 -0.891621 -0.0401419 -0.00349072 0.999188 81.4212 
0.997273 0.00755521 0.0734132 -6.52276 -0.00791996 0.999958 0.00467742 -0.899571 -0.0733747 -0.00524618 0.997291 81.8671 
0.993815 0.00745777 0.110801 -6.45077 -0.00810059 0.999953 0.00535176 -0.907852 -0.110756 -0.00621629 0.993828 82.3043 
0.988256 0.00779179 0.152608 -6.36427 -0.00871551 0.999947 0.00538429 -0.912248 -0.152558 -0.00665119 0.988272 82.7288 
0.980207 0.0075167 0.197831 -6.25638 -0.00878198 0.999946 0.00551871 -0.920367 -0.197779 -0.00714691 0.980221 83.1411 
0.968968 0.00965152 0.246996 -6.13196 -0.0108483 0.999935 0.00348477 -0.930662 -0.246946 -0.0060562 0.96901 83.5368 
0.953831 0.010602 0.300158 -5.98319 -0.0113569 0.999935 0.000770001 -0.940472 -0.30013 -0.00414337 0.953889 83.9142 
0.934381 0.0109419 0.356108 -5.81297 -0.0111549 0.999937 -0.00145589 -0.945404 -0.356102 -0.00261205 0.934443 84.2749 
0.910477 0.0115668 0.413397 -5.62117 -0.0112929 0.999931 -0.00310651 -0.953472 -0.413404 -0.0018401 0.910546 84.6152 
0.881805 0.0116515 0.471469 -5.41116 -0.0106207 0.999932 -0.00484739 -0.961256 -0.471494 -0.000732945 0.881869 84.9352 
0.848753 0.010111 0.528693 -5.17676 -0.00768445 0.999947 -0.00678719 -0.969805 -0.528734 0.00169788 0.848786 85.2334 
0.812144 0.0097715 0.583374 -4.92723 -0.00647851 0.999949 -0.00773023 -0.981115 -0.58342 0.00249862 0.812166 85.5134 
0.772101 0.00852399 0.635443 -4.66443 -0.00559203 0.999962 -0.00661926 -0.99073 -0.635475 0.00155727 0.772119 85.7831 
0.729089 0.00816134 0.68437 -4.38509 -0.00699592 0.999965 -0.00447201 -0.997279 -0.684383 -0.00152735 0.729121 86.0367 
0.683477 0.00709845 0.729937 -4.09385 -0.00637769 0.999973 -0.00375285 -1.00685 -0.729944 -0.00209037 0.683504 86.2657 
0.636488 0.00595642 0.771264 -3.78769 -0.00315678 0.999982 -0.00511778 -1.01204 -0.77128 0.000822656 0.636495 86.4721 
0.589145 0.00332035 0.808021 -3.46693 0.0024504 0.99998 -0.00589592 -1.02013 -0.808024 0.00545349 0.589125 86.6578 
0.541905 0.00543819 0.840422 -3.14545 0.000364919 0.999977 -0.00670605 -1.03075 -0.840439 0.0039407 0.541891 86.8305 
0.494191 0.00832797 0.869314 -2.81825 -0.00353127 0.999965 -0.00757225 -1.04026 -0.869346 0.000672329 0.494203 86.9902 
0.448272 0.0107166 0.893833 -2.48603 -0.00441179 0.999942 -0.00977629 -1.04736 -0.893886 0.000439015 0.448294 87.1281 
0.405826 0.00805385 0.913915 -2.137 0.00290615 0.999945 -0.0101026 -1.05359 -0.913946 0.00675584 0.40578 87.241 
0.365994 0.000469306 0.930617 -1.77936 0.0178672 0.999812 -0.00753114 -1.05631 -0.930446 0.0193839 0.365916 87.3305 
0.330421 -0.00314913 0.943828 -1.41914 0.0219197 0.99975 -0.00433817 -1.06058 -0.943579 0.0221219 0.330407 87.4237 
0.297089 0.001156 0.954849 -1.05773 0.0191797 0.99979 -0.00717802 -1.06517 -0.954657 0.0204462 0.297005 87.5218 
0.265857 0.00881272 0.963972 -0.696667 0.00810027 0.999902 -0.0113753 -1.08156 -0.963978 0.0108326 0.26576 87.6231 
0.237567 0.0133622 0.971279 -0.319115 0.00361779 0.999886 -0.0146407 -1.09662 -0.971364 0.00699204 0.237492 87.7099 
0.211885 0.0150146 0.977179 0.0703382 0.00503807 0.999852 -0.0164555 -1.11106 -0.977282 0.00840977 0.211778 87.7766 
0.188495 0.0163175 0.981938 0.472863 0.0127599 0.999737 -0.0190627 -1.11956 -0.981991 0.0161226 0.188237 87.8304 
0.168348 0.0226259 0.985468 0.87997 0.0197299 0.999459 -0.0263177 -1.11881 -0.98553 0.0238737 0.16781 87.877 
0.148661 0.0294845 0.988448 1.30107 0.0216039 0.99922 -0.0330551 -1.11926 -0.988652 0.0262683 0.147908 87.9296 
0.130944 0.0303 0.990927 1.73899 0.0188154 0.999277 -0.0330418 -1.13275 -0.991211 0.0229713 0.130279 87.9868 
0.115505 0.0258946 0.992969 2.19419 0.017051 0.999461 -0.0280474 -1.15406 -0.99316 0.0201707 0.115001 88.0394 
0.101067 0.022629 0.994622 2.66295 0.0176649 0.999543 -0.024536 -1.17172 -0.994723 0.0200497 0.100621 88.083 
0.0876473 0.0201846 0.995947 3.14353 0.0198278 0.999561 -0.0220029 -1.18903 -0.995954 0.021676 0.0872086 88.1202 
0.0761521 0.0194343 0.996907 3.63861 0.0239121 0.999487 -0.0213113 -1.20169 -0.996809 0.0254611 0.0756483 88.1499 
0.0659321 0.0201313 0.997621 4.15139 0.0268644 0.999398 -0.0219427 -1.214 -0.997462 0.0282473 0.0653516 88.1808 
0.0581957 0.020516 0.998094 4.67577 0.0290055 0.999332 -0.0222327 -1.23079 -0.997884 0.0302441 0.0575617 88.2069 
0.052654 0.0207994 0.998396 5.22292 0.0306424 0.999279 -0.0224339 -1.24688 -0.998142 0.0317745 0.0519787 88.2335 
0.0470871 0.0219489 0.99865 5.78672 0.0319044 0.999215 -0.0234657 -1.26084 -0.998381 0.0329662 0.0463499 88.2622 
0.0410957 0.0226934 0.998897 6.36983 0.0324043 0.999186 -0.0240332 -1.27714 -0.99863 0.0333562 0.0403269 88.2894 
0.0366986 0.0227715 0.999067 6.96889 0.0346964 0.999108 -0.0240471 -1.29418 -0.998724 0.0355465 0.0358758 88.3118 
0.0340214 0.0227026 0.999163 7.59044 0.0362261 0.999057 -0.0239338 -1.31098 -0.998764 0.0370101 0.0331669 88.3314 
0.0308903 0.0223344 0.999273 8.23427 0.0373367 0.999027 -0.0234832 -1.32886 -0.998825 0.038035 0.0300264 88.3587 
0.0285461 0.0217319 0.999356 8.89212 0.0394043 0.998962 -0.022849 -1.34679 -0.998815 0.0400312 0.0276602 88.3811 
0.028014 0.0214095 0.999378 9.56452 0.0442177 0.998765 -0.022636 -1.36563 -0.998629 0.0448243 0.0270328 88.3984 
0.0290502 0.0211916 0.999353 10.2557 0.0476877 0.998607 -0.0225621 -1.38351 -0.99844 0.0483123 0.0279991 88.4227 
0.0314026 0.0213141 0.999279 10.966 0.0492318 0.998526 -0.0228452 -1.40106 -0.998294 0.0499137 0.030307 88.4523 
0.035229 0.0213321 0.999151 11.6879 0.0517317 0.998393 -0.02314 -1.42086 -0.998039 0.052503 0.0340689 88.4869 
0.0396655 0.0208886 0.998995 12.4298 0.0521839 0.998374 -0.0229477 -1.44107 -0.997849 0.0530417 0.038511 88.5236 
0.0437502 0.0193209 0.998856 13.1882 0.0536824 0.998323 -0.021662 -1.46006 -0.997599 0.0545687 0.0426396 88.5643 
0.0478733 0.0179425 0.998692 13.9562 0.0535077 0.998357 -0.0205015 -1.47897 -0.997419 0.0544192 0.0468346 88.6102 
0.0520883 0.0159676 0.998515 14.7419 0.0503488 0.998558 -0.0185948 -1.49985 -0.997372 0.0512426 0.0512092 88.6663 
0.0562113 0.0149466 0.998307 15.5417 0.0495515 0.998614 -0.0177414 -1.52034 -0.997188 0.0504649 0.0553927 88.7231 
0.0604331 0.0159088 0.998045 16.3505 0.0469698 0.99872 -0.0187637 -1.54339 -0.997066 0.048012 0.0596085 88.7869 
0.063432 0.0200711 0.997784 17.1581 0.0449199 0.998727 -0.0229459 -1.56873 -0.996975 0.0462758 0.0624497 88.8558 
0.0648122 0.0254825 0.997572 17.9637 0.0392831 0.998834 -0.028067 -1.59604 -0.997124 0.0410068 0.0637356 88.9285 
0.0645977 0.028764 0.997497 18.7806 0.0365397 0.998846 -0.0311693 -1.62302 -0.997242 0.0384617 0.0634721 88.9956 
0.0647451 0.0283504 0.997499 19.5996 0.034267 0.998944 -0.0306157 -1.65489 -0.997313 0.0361635 0.0637052 89.0647 
0.0646732 0.0268108 0.997546 20.426 0.0315208 0.999085 -0.0288958 -1.68827 -0.997408 0.0333122 0.0637689 89.1352 
0.0644176 0.0255079 0.997597 21.25 0.032495 0.999089 -0.0276445 -1.7232 -0.997394 0.0341977 0.0635301 89.2029 
0.0648568 0.0247505 0.997588 22.0703 0.0299232 0.999194 -0.0267358 -1.75925 -0.997446 0.0315851 0.064064 89.2711 
0.0650843 0.0251396 0.997563 22.8885 0.028243 0.999236 -0.0270245 -1.79148 -0.99748 0.0299331 0.0643246 89.3355 
0.0652768 0.0257626 0.997534 23.7066 0.0252107 0.999305 -0.0274581 -1.82689 -0.997549 0.0269409 0.064582 89.4033 
0.0640606 0.0272365 0.997574 24.5251 0.022361 0.999337 -0.0287206 -1.85968 -0.997695 0.0241466 0.0634091 89.4707 
0.0612561 0.0268489 0.997761 25.3439 0.0191518 0.999422 -0.0280695 -1.89162 -0.997938 0.0208283 0.0607065 89.5349 
0.0575722 0.0256071 0.998013 26.1597 0.0168463 0.999504 -0.0266173 -1.92407 -0.998199 0.0183453 0.0571123 89.5924 
0.0528997 0.0231788 0.998331 26.9726 0.0149909 0.999599 -0.0240027 -1.95738 -0.998487 0.0162356 0.052531 89.6461 
0.0468311 0.0211817 0.998678 27.789 0.0129474 0.999678 -0.0218101 -1.98901 -0.998819 0.0139517 0.0465418 89.6912 
0.0393234 0.0214549 0.998996 28.5947 0.0125108 0.99968 -0.0219622 -2.01874 -0.999148 0.0133618 0.0390424 89.7333 
0.0306684 0.0224128 0.999278 29.3969 0.0125401 0.999661 -0.0228063 -2.04922 -0.999451 0.0132304 0.0303769 89.7656 
0.0208073 0.0229259 0.999521 30.2026 0.0129255 0.999647 -0.023198 -2.07513 -0.9997 0.013402 0.0205036 89.7877 
0.0107727 0.0219176 0.999702 31.0015 0.0143089 0.999654 -0.0220708 -2.10561 -0.99984 0.0145424 0.0104554 89.7987 
0.000138744 0.0209304 0.999781 31.7947 0.013461 0.99969 -0.0209305 -2.13589 -0.999909 0.013461 -0.000143043 89.8047 
-0.0108443 0.0200577 0.99974 32.584 0.0149872 0.99969 -0.0198942 -2.16413 -0.999829 0.0147675 -0.0111415 89.7988 
-0.0217958 0.0204213 0.999554 33.3663 0.0151047 0.999684 -0.0200946 -2.19186 -0.999648 0.01466 -0.0220974 89.787 
-0.0326715 0.0211032 0.999243 34.1482 0.0155287 0.999667 -0.0206045 -2.21924 -0.999345 0.0148437 -0.0329884 89.7625 
-0.0433457 0.0220617 0.998816 34.9153 0.0150398 0.999657 -0.0214277 -2.25128 -0.998947 0.0140933 -0.0436626 89.7351 
-0.0536881 0.0232621 0.998287 35.6843 0.0161023 0.999619 -0.0224272 -2.27482 -0.998428 0.0148706 -0.0540422 89.7003 
-0.0630745 0.0239125 0.997722 36.4485 0.0167905 0.999597 -0.0228961 -2.30503 -0.997867 0.0153081 -0.0634506 89.651 
-0.0726777 0.0245004 0.997054 37.205 0.0173522 0.999578 -0.0232976 -2.33004 -0.997204 0.0156078 -0.0730722 89.5981 
-0.0819786 0.0249749 0.996321 37.9528 0.0183356 0.999554 -0.0235474 -2.3574 -0.996465 0.0163378 -0.0824001 89.5405 
-0.0905223 0.0244669 0.995594 38.6907 0.0196458 0.999547 -0.0227779 -2.38311 -0.995701 0.0174973 -0.090962 89.4774 
-0.0979421 0.0233335 0.994918 39.4186 0.0214682 0.999542 -0.0213287 -2.41103 -0.99496 0.0192701 -0.0983982 89.4093 
-0.103113 0.0217148 0.994432 40.1399 0.0243719 0.999517 -0.0192988 -2.43691 -0.994371 0.0222462 -0.103592 89.336 
-0.10683 0.0202248 0.994072 40.8525 0.0275013 0.999471 -0.0173793 -2.45996 -0.993897 0.0254817 -0.107329 89.2623 
-0.109338 0.0190638 0.993822 41.5605 0.0291501 0.999447 -0.0159648 -2.48567 -0.993577 0.0272244 -0.109833 89.1842 
-0.110907 0.0181706 0.993665 42.2494 0.0293826 0.999456 -0.014997 -2.51238 -0.993396 0.0275332 -0.111381 89.1081 
-0.111631 0.0185476 0.993577 42.9263 0.0300986 0.99943 -0.0152753 -2.53598 -0.993294 0.0282001 -0.112125 89.0374 
-0.110747 0.0194037 0.993659 43.586 0.0308656 0.999394 -0.0160757 -2.5644 -0.993369 0.0288895 -0.111279 88.9703 
-0.107772 0.0210212 0.993953 44.2426 0.0319118 0.999334 -0.017675 -2.58822 -0.993663 0.0298139 -0.108371 88.9076 
-0.102498 0.0214508 0.994502 44.8519 0.0317238 0.999329 -0.0182854 -2.61075 -0.994227 0.0296752 -0.103109 88.8473 
-0.0946153 0.0221683 0.995267 45.4589 0.0312498 0.999325 -0.019288 -2.63369 -0.995023 0.029277 -0.0952442 88.8032 
-0.0832927 0.0221303 0.996279 46.0424 0.0301442 0.999352 -0.0196785 -2.65483 -0.996069 0.0283929 -0.0839058 88.7656 
-0.0696291 0.0223002 0.997324 46.611 0.0293161 0.999364 -0.0202992 -2.67911 -0.997142 0.0278242 -0.0702386 88.742 
-0.0523809 0.0235407 0.99835 47.1573 0.02843 0.999352 -0.0220727 -2.70344 -0.998222 0.0272269 -0.0530162 88.7307 
-0.0310213 0.0260603 0.999179 47.6927 0.0268855 0.99932 -0.0252293 -2.72639 -0.999157 0.0260808 -0.0317008 88.7333 
-0.0063575 0.0290503 0.999558 48.2316 0.0249121 0.999272 -0.0288836 -2.74879 -0.999669 0.0247174 -0.00707657 88.7512 
0.0221674 0.0308346 0.999279 48.759 0.0231241 0.999241 -0.0313464 -2.77093 -0.999487 0.0238023 0.0214376 88.7836 
0.0557025 0.0304151 0.997984 49.2877 0.0211202 0.999276 -0.0316334 -2.79254 -0.998224 0.0228397 0.0550198 88.834 
0.0942288 0.0281264 0.995153 49.8122 0.0203555 0.999337 -0.0301722 -2.80962 -0.995342 0.0230999 0.0935938 88.9028 
0.136713 0.0241444 0.990316 50.3291 0.0180151 0.999477 -0.0268548 -2.83573 -0.990447 0.0215121 0.136207 88.9994 
0.182779 0.0198118 0.982954 50.8295 0.0154763 0.999615 -0.0230255 -2.857 -0.983032 0.0194211 0.182402 89.1132 
0.232017 0.016621 0.97257 51.3202 0.0109904 0.999745 -0.0197074 -2.87579 -0.97265 0.0152614 0.231775 89.2559 
0.284471 0.0151492 0.958565 51.7985 0.00772116 0.999806 -0.0180925 -2.89295 -0.958653 0.012548 0.284299 89.4217 
0.340263 0.0145458 0.940218 52.2649 0.00675487 0.999817 -0.0179125 -2.91254 -0.940306 0.012446 0.340102 89.6141 
0.399283 0.0148311 0.916708 52.7136 0.00884885 0.99976 -0.0200291 -2.92923 -0.916785 0.0161091 0.399056 89.8307 
0.459611 0.0179477 0.887939 53.1409 0.00970272 0.999635 -0.0252278 -2.94709 -0.888067 0.0202104 0.459269 90.0809 
0.518963 0.0211986 0.854534 53.5354 0.0106912 0.999453 -0.0312866 -2.96343 -0.85473 0.0253726 0.518452 90.3627 
0.576641 0.0256315 0.816595 53.9068 0.00628196 0.999339 -0.0358037 -2.97823 -0.816973 0.0257756 0.576099 90.6812 
0.631822 0.0289883 0.774571 54.2439 0.00179111 0.999243 -0.0388578 -2.9905 -0.775111 0.0259385 0.631292 91.0232 
0.684166 0.0298811 0.728714 54.557 -7.7767e-05 0.999163 -0.0408981 -3.00757 -0.729326 0.0279244 0.683596 91.3775 
0.732492 0.0279794 0.680201 54.836 -0.000749912 0.999188 -0.0402933 -3.02759 -0.680775 0.0290044 0.731918 91.7395 
0.777161 0.0250544 0.628803 55.1003 -0.00359524 0.999368 -0.035376 -3.04509 -0.629291 0.0252321 0.77676 92.1379 
0.817823 0.0200684 0.57512 55.3387 -0.0044871 0.999584 -0.0284992 -3.06172 -0.575452 0.0207267 0.817573 92.5572 
0.853547 0.0178863 0.520709 55.5368 -0.00741192 0.999726 -0.022191 -3.07987 -0.520964 0.0150815 0.853446 92.9741 
0.884081 0.0144498 0.467109 55.7173 -0.00837564 0.999851 -0.0150779 -3.09274 -0.467258 0.00941768 0.884071 93.4161 
0.909109 0.0150321 0.416286 55.8694 -0.0121571 0.99988 -0.00955661 -3.1097 -0.41638 0.00362709 0.909183 93.8666 
0.928652 0.017298 0.370547 55.9989 -0.0162015 0.99985 -0.00607186 -3.12418 -0.370597 -0.000364842 0.928794 94.3184 
0.943478 0.0232741 0.330618 56.109 -0.0234487 0.999719 -0.00346113 -3.13401 -0.330605 -0.00448712 0.943758 94.7841 
0.954964 0.02754 0.295439 56.2116 -0.0274327 0.999613 -0.00450918 -3.13771 -0.295449 -0.00379865 0.955351 95.251 
0.964006 0.0289448 0.264298 56.3174 -0.0288298 0.999575 -0.00431506 -3.14154 -0.264311 -0.00345999 0.964431 95.7168 
0.969941 0.0232947 0.242224 56.4221 -0.0230021 0.999727 -0.00403686 -3.14874 -0.242251 -0.0016562 0.970212 96.1942 
0.973742 0.0204146 0.226736 56.519 -0.0201568 0.999791 -0.00345281 -3.15878 -0.226759 -0.00120821 0.97395 96.6814 
0.976524 0.0245245 0.214007 56.6065 -0.0242777 0.999698 -0.00378232 -3.16497 -0.214035 -0.00150213 0.976825 97.1791 
0.978469 0.0299217 0.204215 56.6918 -0.0298548 0.999548 -0.00340932 -3.16791 -0.204225 -0.00276096 0.97892 97.683 
0.979453 0.0376534 0.198125 56.7745 -0.0374463 0.999287 -0.00479389 -3.1711 -0.198164 -0.00272373 0.980165 98.1981 
0.979786 0.0434355 0.195274 56.8585 -0.0426078 0.999056 -0.00843995 -3.17986 -0.195456 -5.09002e-05 0.980712 98.721 
0.979929 0.0444524 0.194325 56.9564 -0.0431441 0.999009 -0.0109622 -3.19079 -0.194619 0.00235815 0.980876 99.2551 
0.979489 0.0432244 0.196807 57.0625 -0.0411804 0.999047 -0.0144689 -3.20347 -0.197245 0.00606747 0.980335 99.7926 
0.978792 0.0414904 0.200609 57.1757 -0.038055 0.999056 -0.0209532 -3.21177 -0.201289 0.0128746 0.979447 100.342 
0.977919 0.0417868 0.204762 57.2893 -0.0372995 0.998973 -0.0257277 -3.22125 -0.205626 0.017522 0.978474 100.907 
0.976766 0.0465723 0.209187 57.399 -0.0421794 0.998787 -0.0254147 -3.23566 -0.210117 0.0160008 0.977545 101.487 
0.975375 0.0496668 0.214889 57.5149 -0.0461336 0.998705 -0.02143 -3.25195 -0.215675 0.0109886 0.976403 102.081 
0.974466 0.0467291 0.21962 57.6455 -0.0440794 0.998884 -0.0169526 -3.26674 -0.220167 0.00683895 0.975438 102.689 
0.973813 0.0422453 0.223392 57.7873 -0.0407263 0.999105 -0.0114051 -3.28126 -0.223674 0.00200841 0.974662 103.309 
0.973059 0.0395503 0.22714 57.9282 -0.0390101 0.999215 -0.006869 -3.29242 -0.227233 -0.00217688 0.973838 103.94 
0.972532 0.0350015 0.230124 58.0743 -0.0345002 0.999385 -0.00620309 -3.30298 -0.2302 -0.00190671 0.973141 104.575 
0.972606 0.031432 0.230326 58.2256 -0.0301339 0.999504 -0.00915295 -3.31624 -0.230499 0.00196154 0.97307 105.221 
0.972698 0.030428 0.230072 58.3677 -0.027475 0.999494 -0.0160292 -3.33478 -0.230443 0.0092703 0.973042 105.87 
0.972839 0.032541 0.229185 58.5125 -0.0280786 0.999348 -0.0227062 -3.34943 -0.229774 0.0156542 0.973118 106.531 
0.973405 0.0353162 0.226352 58.6573 -0.030075 0.999195 -0.0265635 -3.36174 -0.227108 0.0190494 0.973683 107.209 
0.974022 0.0336471 0.22394 58.8075 -0.0293727 0.999318 -0.0223926 -3.37732 -0.224541 0.0152331 0.974346 107.911 
0.974445 0.0295656 0.222673 58.9616 -0.0269392 0.999527 -0.0148239 -3.39746 -0.223006 0.00844637 0.97478 108.624 
0.975025 0.029737 0.220093 59.1137 -0.0284525 0.999554 -0.00900535 -3.41787 -0.220263 0.00251817 0.975437 109.348 
0.975328 0.0330083 0.218278 59.2601 -0.0316604 0.999452 -0.00967132 -3.43465 -0.218477 0.00252188 0.975839 110.08 
0.975627 0.0385788 0.216018 59.4043 -0.0363427 0.999237 -0.0143162 -3.44867 -0.216406 0.00611652 0.976284 110.821 
0.97647 0.0393721 0.212028 59.5536 -0.0360277 0.999158 -0.0196159 -3.46425 -0.212622 0.0115153 0.977067 111.567 
0.977382 0.0379546 0.208046 59.706 -0.0340269 0.999169 -0.0224272 -3.48178 -0.208724 0.0148407 0.977862 112.329 
0.978267 0.0353527 0.204315 59.8525 -0.0317193 0.999275 -0.0210324 -3.4998 -0.20491 0.0140945 0.978679 113.11 
0.979101 0.031464 0.200928 60.0054 -0.0282235 0.999421 -0.018973 -3.5221 -0.201409 0.0129055 0.979422 113.895 
0.979523 0.0304369 0.199017 60.1588 -0.0277723 0.999483 -0.0161675 -3.5458 -0.199406 0.0103092 0.979863 114.689 
0.979891 0.0270057 0.197699 60.3161 -0.0247529 0.999597 -0.0138585 -3.56431 -0.197994 0.00868617 0.980165 115.495 
0.980123 0.0216194 0.197208 60.4748 -0.0195222 0.99973 -0.0125731 -3.58201 -0.197427 0.00847318 0.980281 116.3 
0.980238 0.0225443 0.196531 60.6236 -0.0207834 0.999723 -0.0110182 -3.60003 -0.196725 0.00671584 0.980436 117.112 
0.980032 0.0277102 0.1969 60.7685 -0.0256348 0.999586 -0.0130821 -3.61734 -0.197181 0.00777326 0.980336 117.938 
0.979772 0.0332805 0.197328 60.9167 -0.0306077 0.999394 -0.0165807 -3.63445 -0.19776 0.0102055 0.980197 118.768 
0.97926 0.0420565 0.198194 61.0659 -0.0392072 0.999064 -0.0182813 -3.65229 -0.198777 0.0101314 0.979992 119.604 
0.978388 0.0479758 0.201137 61.2142 -0.0453401 0.998815 -0.0176935 -3.676 -0.201747 0.0081915 0.979403 120.443 
0.977675 0.0503745 0.203997 61.3696 -0.048201 0.998716 -0.0156129 -3.7048 -0.204521 0.00543142 0.978847 121.287 
0.977117 0.0507836 0.20655 61.5342 -0.0484392 0.998691 -0.0163954 -3.7285 -0.207112 0.00601509 0.978299 122.137 
0.976771 0.0493251 0.208532 61.6985 -0.0463722 0.998743 -0.0190291 -3.75339 -0.209209 0.00891692 0.97783 122.981 
0.976793 0.0430325 0.209819 61.8786 -0.0402056 0.999034 -0.0177223 -3.7775 -0.210379 0.00887499 0.977579 123.825 
0.977054 0.0360592 0.209917 62.0578 -0.0327712 0.99928 -0.0191223 -3.80374 -0.210455 0.0118042 0.977532 124.669 
0.976829 0.0355258 0.21105 62.2339 -0.0322013 0.999297 -0.0191697 -3.83269 -0.211583 0.0119293 0.977287 125.516 
0.976309 0.0380749 0.213004 62.4022 -0.0354032 0.999239 -0.0163453 -3.85358 -0.213464 0.00841696 0.976915 126.367 
0.97593 0.0401213 0.214364 62.5681 -0.0387136 0.999192 -0.010763 -3.87531 -0.214622 0.00220507 0.976695 127.208 
0.975604 0.0436927 0.215144 62.7344 -0.0433171 0.99904 -0.00646322 -3.89962 -0.21522 -0.00301395 0.976561 128.045 
0.975398 0.0427814 0.21626 62.9036 -0.0409468 0.999077 -0.0129593 -3.92378 -0.216615 0.00378527 0.97625 128.876 
0.975653 0.0384668 0.21592 63.0812 -0.0333714 0.999073 -0.0271965 -3.94941 -0.216766 0.0193287 0.976032 129.693 
0.97588 0.0361348 0.215294 63.2566 -0.02901 0.998925 -0.036163 -3.97837 -0.216369 0.029045 0.975879 130.5 
0.976165 0.0330573 0.214495 63.4297 -0.0278487 0.99924 -0.0272613 -4.00198 -0.215234 0.020638 0.976344 131.327 
0.976594 0.0267108 0.213424 63.6079 -0.0259342 0.999643 -0.00643869 -4.03108 -0.21352 0.000752927 0.976938 132.169 
0.976878 0.0231466 0.21254 63.7782 -0.025601 0.999633 0.00880243 -4.05707 -0.212258 -0.0140402 0.977113 133.018 
0.976857 0.0277721 0.212081 63.9351 -0.029073 0.999573 0.0030168 -4.07187 -0.211907 -0.00911289 0.977247 133.83 
0.977057 0.035825 0.209945 64.0879 -0.0338652 0.999343 -0.0129239 -4.08405 -0.21027 0.00551748 0.977628 134.633 
0.977285 0.0358839 0.20887 64.2461 -0.0322374 0.999263 -0.020838 -4.0991 -0.209464 0.0136311 0.977721 135.447 
0.977842 0.0317857 0.206915 64.409 -0.0279305 0.999378 -0.0215277 -4.12622 -0.207471 0.0152713 0.978122 136.264 
0.978468 0.0313182 0.204006 64.5694 -0.0278609 0.999416 -0.0197981 -4.15822 -0.204507 0.0136879 0.978769 137.087 
0.97922 0.0308236 0.200446 64.722 -0.027097 0.999406 -0.02131 -4.17972 -0.200984 0.0154356 0.979473 137.904 
0.980163 0.0319773 0.195598 64.8677 -0.0280705 0.999348 -0.0227144 -4.21031 -0.196196 0.0167732 0.980421 138.717 
0.980526 0.0371287 0.192847 65.0054 -0.0333607 0.999184 -0.0227506 -4.24183 -0.193534 0.015874 0.980965 139.528 
0.980648 0.0433558 0.19092 65.1356 -0.0396578 0.998945 -0.0231502 -4.26665 -0.191722 0.0151307 0.981332 140.333 
0.981021 0.0444688 0.188732 65.2792 -0.0412135 0.998927 -0.02114 -4.29351 -0.18947 0.0129604 0.981801 141.14 
0.981315 0.0422986 0.1877 65.4201 -0.0399249 0.999068 -0.0164112 -4.32071 -0.188219 0.00861058 0.982089 141.948 
0.981734 0.0408951 0.185809 65.564 -0.038534 0.999124 -0.0163027 -4.34802 -0.186313 0.00884485 0.982451 142.749 
0.98227 0.0390179 0.183368 65.7007 -0.0361168 0.999164 -0.0191359 -4.37901 -0.183962 0.0121739 0.982858 143.545 
0.983358 0.0341355 0.17844 65.8414 -0.0305572 0.999274 -0.0227651 -4.40532 -0.179088 0.0169335 0.983687 144.333 
0.984595 0.0314099 0.172005 65.9718 -0.0277247 0.999332 -0.0237868 -4.429 -0.172637 0.0186515 0.984809 145.124 
0.985769 0.029389 0.165516 66.0956 -0.0266759 0.999471 -0.018592 -4.45248 -0.165975 0.013912 0.986032 145.921 
0.98689 0.0265027 0.159201 66.2149 -0.0252301 0.999631 -0.0100104 -4.47795 -0.159407 0.00586249 0.987195 146.73 
0.987542 0.0236645 0.155568 66.335 -0.0238255 0.999716 -0.000830641 -4.49294 -0.155543 -0.00288626 0.987825 147.537 
0.988001 0.0303951 0.151425 66.4319 -0.031007 0.999518 0.00168045 -4.50496 -0.151301 -0.0063556 0.988467 148.341 
0.988628 0.033161 0.146678 66.5308 -0.0330733 0.999448 -0.00303755 -4.51845 -0.146697 -0.00184818 0.98918 149.137 
0.989769 0.0334157 0.138714 66.6349 -0.0318889 0.999404 -0.013216 -4.53399 -0.139073 0.00865731 0.990244 149.928 
0.99075 0.0301078 0.132318 66.7308 -0.0278679 0.999436 -0.0187483 -4.54256 -0.132808 0.0148873 0.99103 150.726 
0.99164 0.0292337 0.125681 66.8177 -0.027221 0.999473 -0.0177036 -4.56154 -0.126133 0.0141344 0.991913 151.542 
0.992367 0.0357117 0.118031 66.8903 -0.0342406 0.999309 -0.0144699 -4.58145 -0.118466 0.0103179 0.992904 152.364 
0.993053 0.0413401 0.110165 66.9525 -0.0398042 0.999078 -0.0161064 -4.60373 -0.11073 0.0116094 0.993783 153.176 
0.994019 0.044194 0.0998633 67.0173 -0.0422179 0.99887 -0.0218176 -4.62723 -0.100715 0.017471 0.994762 153.984 
0.994904 0.0426191 0.0913714 67.0793 -0.0405677 0.998884 -0.0241936 -4.64872 -0.0923004 0.0203635 0.995523 154.801 
0.99561 0.0427177 0.0832806 67.1343 -0.0410581 0.998924 -0.0215409 -4.67023 -0.0841111 0.0180269 0.996293 155.623 
0.996101 0.0454647 0.0756079 67.1756 -0.0445066 0.998907 -0.0143104 -4.69546 -0.0761757 0.0108894 0.997035 156.447 
0.996504 0.0490279 0.0676487 67.2065 -0.0485291 0.998781 -0.00899881 -4.71151 -0.0680074 0.00568434 0.997669 157.27 
0.997047 0.0479153 0.0600075 67.2417 -0.0476655 0.998848 -0.00558996 -4.72834 -0.0602061 0.00271309 0.998182 158.098 
0.997367 0.0487994 0.0536489 67.2727 -0.048684 0.998808 -0.00345789 -4.74373 -0.0537536 0.000836862 0.998554 158.926 
0.997613 0.0481326 0.049511 67.2999 -0.0479312 0.998837 -0.00524835 -4.75943 -0.049706 0.00286261 0.99876 159.751 
0.997599 0.052757 0.0448582 67.3191 -0.0523283 0.998573 -0.0106792 -4.77641 -0.0453575 0.00830609 0.998936 160.568 
0.99744 0.0586093 0.0409614 67.3273 -0.057941 0.99817 -0.0173194 -4.79536 -0.0419015 0.0149017 0.999011 161.384 
0.997498 0.0597466 0.0377931 67.3416 -0.0590351 0.998062 -0.0196738 -4.81389 -0.0388952 0.0173933 0.999092 162.203 
0.997511 0.0613883 0.0346739 67.3563 -0.0609512 0.998049 -0.0135266 -4.83332 -0.0354365 0.0113795 0.999307 163.038 
0.997443 0.0635242 0.0327347 67.3661 -0.0634527 0.99798 -0.00322222 -4.84846 -0.0328731 0.0011368 0.999459 163.872 
0.997455 0.06487 0.029591 67.3757 -0.0650206 0.997875 0.00415205 -4.865 -0.0292587 -0.00606559 0.999553 164.701 
0.997812 0.0614081 0.0244835 67.3824 -0.0614514 0.998109 0.00101373 -4.87987 -0.0243749 -0.00251614 0.9997 165.524 
0.998637 0.0487867 0.0185252 67.4005 -0.048633 0.998779 -0.00866263 -4.89027 -0.0189252 0.00774981 0.999791 166.341 
0.998853 0.0466076 0.0109901 67.4052 -0.0464603 0.998831 -0.0133039 -4.89796 -0.0115972 0.0127779 0.999851 167.162 
0.998721 0.0503781 0.00422313 67.389 -0.0503243 0.998661 -0.0120035 -4.91133 -0.0048221 0.0117755 0.999919 167.993 
0.998825 0.04837 -0.00311976 67.3717 -0.0483879 0.998811 -0.00589375 -4.92826 0.00283105 0.0060377 0.999978 168.828 
0.999016 0.0430422 -0.010691 67.357 -0.0430674 0.99907 -0.00212897 -4.94217 0.0105895 0.00258723 0.99994 169.663 
0.999276 0.034401 -0.0162324 67.3362 -0.034376 0.999407 0.00182436 -4.94553 0.0162857 -0.00126511 0.999866 170.504 
0.999292 0.0300397 -0.0226384 67.3113 -0.0300066 0.999548 0.00180345 -4.95648 0.0226825 -0.00112295 0.999742 171.342 
0.99922 0.0267149 -0.0290736 67.2764 -0.0268699 0.999627 -0.00494839 -4.97215 0.0289306 0.00572565 0.999565 172.174 
0.999179 0.0173082 -0.0366165 67.2407 -0.0178729 0.999725 -0.0151504 -4.98323 0.0363443 0.0157924 0.999214 173.004 
0.999044 0.00709486 -0.0431297 67.21 -0.00793336 0.999782 -0.0192993 -4.9955 0.0429834 0.0196229 0.998883 173.837 
0.998704 0.0105989 -0.0497876 67.1564 -0.0112015 0.999867 -0.0118389 -5.01222 0.0496556 0.0123812 0.99869 174.677 
0.998259 0.0214912 -0.0549254 67.0828 -0.0214632 0.999769 0.00110052 -5.02651 0.0549365 8.01831e-05 0.99849 175.527 
0.997866 0.026432 -0.0597038 67.0127 -0.0259384 0.999623 0.00902785 -5.0424 0.05992 -0.00746005 0.998175 176.374 
0.997654 0.0258935 -0.0633785 66.9427 -0.0255605 0.999655 0.00606044 -5.05115 0.0635136 -0.00442632 0.997971 177.216 
0.997487 0.0271803 -0.0654221 66.8695 -0.0275436 0.99961 -0.00465655 -5.06191 0.0652701 0.00644672 0.997847 178.048 
0.996943 0.0374608 -0.0685619 66.7869 -0.0385051 0.999161 -0.0139714 -5.0731 0.0679811 0.0165686 0.997549 178.881 
0.996843 0.0357847 -0.0708747 66.7127 -0.0371181 0.999156 -0.0175857 -5.08924 0.0701857 0.0201609 0.99733 179.725 
0.996845 0.0304723 -0.0732934 66.6507 -0.0314728 0.999426 -0.0125321 -5.11034 0.0728695 0.0147992 0.997232 180.581 
0.996858 0.0306885 -0.0730212 66.5793 -0.0310467 0.999511 -0.00377422 -5.1268 0.0728698 0.00602935 0.997323 181.444 
0.996822 0.0325631 -0.0727034 66.4957 -0.0325325 0.999469 0.00160617 -5.14003 0.0727172 0.000764075 0.997352 182.305 
0.996692 0.0322775 -0.0745899 66.4219 -0.0323026 0.999478 0.000872485 -5.1537 0.0745792 0.00153976 0.997214 183.158 
0.996623 0.0286092 -0.076969 66.3476 -0.0293341 0.999535 -0.00830276 -5.16902 0.0766958 0.0105325 0.996999 184.007 
0.996685 0.0175768 -0.0794345 66.2835 -0.0191979 0.999622 -0.0196886 -5.18574 0.0790585 0.0211482 0.996646 184.855 
0.996651 0.00711091 -0.0814598 66.2206 -0.00907258 0.999677 -0.0237355 -5.20512 0.0812648 0.024395 0.996394 185.704 
0.996535 0.00956997 -0.0826198 66.1371 -0.0112064 0.99975 -0.0193653 -5.22719 0.0824139 0.020224 0.996393 186.562 
0.996356 0.0155063 -0.0838727 66.045 -0.0163004 0.999828 -0.00879108 -5.25076 0.083722 0.0101261 0.996438 187.421 
0.996197 0.0165411 -0.0855416 65.9587 -0.0170432 0.999841 -0.00514093 -5.2757 0.0854431 0.00657919 0.996321 188.272 
0.996132 0.0155749 -0.0864716 65.8784 -0.0164066 0.999826 -0.00891441 -5.29556 0.0863177 0.0102985 0.996214 189.111 
0.996156 0.0155895 -0.0861995 65.7906 -0.0169613 0.99974 -0.0152035 -5.31003 0.0859402 0.016607 0.996162 189.95 
0.995994 0.0224903 -0.0865433 65.6974 -0.0239469 0.999588 -0.0158289 -5.3275 0.0861517 0.0178378 0.996122 190.786 
0.995892 0.0252687 -0.0869539 65.6088 -0.0264774 0.999568 -0.0127738 -5.35009 0.0865937 0.0150235 0.99613 191.621 
0.995729 0.0290062 -0.0876525 65.5184 -0.0299656 0.999504 -0.00964868 -5.37246 0.0873292 0.0122339 0.996104 192.455 
0.995607 0.0327516 -0.0877116 65.4294 -0.0334862 0.999415 -0.00691501 -5.39078 0.0874339 0.00982167 0.996122 193.284 
