1 -4.23778e-08 4.22719e-08 0 -4.23778e-08 1 -4.19404e-08 0 4.22719e-08 -4.19404e-08 1 0 
0.99999 -0.00263695 -0.0034891 -0.00530646 0.00262966 0.999994 -0.00206805 -0.00495157 0.00349461 0.00205877 0.999992 0.678061 
0.999971 -0.00116889 -0.00755665 -0.0220602 0.00114086 0.999992 -0.00370177 -0.00741371 0.00756101 0.00369296 0.999965 1.37473 
0.999932 -0.00117576 -0.0116118 -0.0417776 0.00111485 0.999986 -0.00524369 -0.0103534 0.0116178 0.0052303 0.999919 2.09216 
0.999859 5.7679e-05 -0.0167634 -0.0621158 -0.000154128 0.999983 -0.00574728 -0.0171259 0.0167628 0.00574897 0.999843 2.82641 
0.999773 -0.00106022 -0.021275 -0.0859543 0.000935591 0.999982 -0.00586324 -0.0276369 0.021281 0.00584192 0.999756 3.57535 
0.999664 0.000695587 -0.0259 -0.118392 -0.000880871 0.999974 -0.00713985 -0.034665 0.0258945 0.00716019 0.999639 4.34209 
0.999511 0.00340315 -0.031078 -0.151372 -0.00364854 0.999963 -0.00783998 -0.0430948 0.0310502 0.00794945 0.999486 5.11972 
0.999367 0.00369903 -0.0353937 -0.191471 -0.00392345 0.999973 -0.00627084 -0.051246 0.0353696 0.00640565 0.999354 5.90619 
0.9992 0.00278078 -0.0399008 -0.232431 -0.00292205 0.99999 -0.00348076 -0.0620957 0.0398908 0.00359448 0.999197 6.71241 
0.999047 0.00234846 -0.0435927 -0.274702 -0.00238938 0.999997 -0.000884708 -0.0691707 0.0435905 0.000987939 0.999049 7.52856 
0.998912 0.00385471 -0.0464659 -0.326602 -0.0039295 0.999991 -0.00151653 -0.0771659 0.0464597 0.00169738 0.998919 8.35619 
0.998798 0.00332178 -0.0489027 -0.376676 -0.00341653 0.999992 -0.00185237 -0.0828598 0.0488963 0.00201714 0.998802 9.18378 
0.99872 0.000484275 -0.0505674 -0.426125 -0.000607371 0.999997 -0.00241732 -0.0892867 0.0505662 0.00244485 0.998718 10.0154 
0.998608 0.000305649 -0.0527352 -0.48065 -0.000394714 0.999998 -0.00167695 -0.0962385 0.0527347 0.00169535 0.998607 10.856 
0.998525 -0.00123913 -0.0542815 -0.534864 0.00114096 0.999998 -0.00183788 -0.107343 0.0542838 0.00177315 0.998524 11.7117 
0.998425 0.000742075 -0.0560923 -0.595428 -0.000976311 0.999991 -0.00414714 -0.11953 0.0560888 0.00419529 0.998417 12.5701 
0.998342 0.00105995 -0.057554 -0.659602 -0.00145055 0.999976 -0.00674378 -0.129536 0.0575456 0.006816 0.99832 13.4377 
0.998233 0.00490049 -0.0592167 -0.731787 -0.00540281 0.999951 -0.00832417 -0.141203 0.0591731 0.00862931 0.99821 14.3163 
0.998168 0.00582894 -0.0602171 -0.798684 -0.00631146 0.999949 -0.00782453 -0.156025 0.0601685 0.00819017 0.998155 15.2039 
0.998086 0.00484243 -0.0616563 -0.864491 -0.00523565 0.999967 -0.00621632 -0.17119 0.0616243 0.00652714 0.998078 16.0991 
0.997983 0.00536115 -0.0632531 -0.932728 -0.00566717 0.999973 -0.00465833 -0.183494 0.0632265 0.00500731 0.997987 17.0046 
0.997916 0.00473435 -0.0643505 -0.999594 -0.0050422 0.999977 -0.00462104 -0.194653 0.0643272 0.00493579 0.997917 17.9085 
0.997809 0.00454624 -0.066006 -1.07138 -0.00491549 0.999973 -0.00543157 -0.209797 0.0659797 0.00574403 0.997804 18.8123 
0.997744 0.00318365 -0.0670619 -1.14526 -0.00361249 0.999974 -0.00627312 -0.220083 0.0670403 0.00650114 0.997729 19.7273 
0.997707 0.00301844 -0.0676081 -1.21815 -0.00333618 0.999984 -0.00458622 -0.231432 0.0675932 0.00480117 0.997701 20.6531 
0.997684 0.00432743 -0.0678784 -1.29332 -0.00442447 0.999989 -0.00127813 -0.242208 0.0678722 0.00157541 0.997693 21.5877 
0.997748 0.00529064 -0.0668597 -1.37329 -0.00514232 0.999984 0.00239149 -0.251619 0.0668714 -0.00204238 0.997759 22.5236 
0.997858 0.00418394 -0.0652747 -1.44447 -0.00384652 0.999978 0.00529528 -0.258315 0.0652956 -0.00503295 0.997853 23.4614 
0.997953 0.00444542 -0.0637981 -1.5166 -0.00407321 0.999974 0.00596427 -0.261773 0.063823 -0.00569228 0.997945 24.4087 
0.998032 0.0047186 -0.062521 -1.58604 -0.00453122 0.999985 0.00313987 -0.267272 0.0625349 -0.00285048 0.998039 25.3559 
0.998092 0.00541301 -0.0615127 -1.65924 -0.00553735 0.999983 -0.0018497 -0.271011 0.0615017 0.0021867 0.998104 26.3048 
0.998166 0.00468773 -0.0603479 -1.72727 -0.0049909 0.999976 -0.00487263 -0.278616 0.0603237 0.0051648 0.998165 27.2644 
0.998215 0.00214485 -0.0596885 -1.79567 -0.00238073 0.99999 -0.00387973 -0.290037 0.0596796 0.00401482 0.998209 28.2332 
0.998201 0.000454483 -0.059948 -1.86268 -0.000383455 0.999999 0.0011977 -0.302368 0.0599485 -0.00117265 0.998201 29.2073 
0.998143 -0.00341035 -0.0608135 -1.92737 0.00370704 0.999982 0.00476784 -0.314751 0.0607962 -0.00498451 0.998138 30.1882 
0.998011 -0.0109289 -0.062082 -1.98798 0.0112039 0.999929 0.00408376 -0.32132 0.062033 -0.00477129 0.998063 31.1718 
0.997897 -0.0129771 -0.0635003 -2.05582 0.0130194 0.999915 0.000253499 -0.328653 0.0634917 -0.00107979 0.997982 32.1506 
0.997805 -0.0129427 -0.0649385 -2.12924 0.012728 0.999912 -0.00371722 -0.339487 0.064981 0.00288244 0.997882 33.1266 
0.997679 -0.011401 -0.0671278 -2.21128 0.0111319 0.999928 -0.00438077 -0.352266 0.067173 0.00362326 0.997735 34.1109 
0.997643 -0.011211 -0.0676955 -2.29095 0.0110304 0.999934 -0.00303859 -0.364736 0.0677252 0.00228463 0.997701 35.0985 
0.997573 -0.00830399 -0.0691352 -2.37623 0.00830028 0.999965 -0.000339828 -0.377962 0.0691357 -0.000234925 0.997607 36.0996 
0.997504 -0.0084608 -0.0700942 -2.4596 0.00854922 0.999963 0.000962797 -0.39159 0.0700836 -0.00155973 0.99754 37.0923 
0.997441 -0.00717823 -0.071126 -2.54585 0.00745293 0.999966 0.0035986 -0.403866 0.0710978 -0.00411957 0.997461 38.0835 
0.997463 -0.00718975 -0.0708226 -2.62949 0.00768134 0.999948 0.0066723 -0.416443 0.0707711 -0.00719947 0.997467 39.0768 
0.997431 -0.00140758 -0.0716196 -2.72027 0.00204893 0.999958 0.00888341 -0.420821 0.0716042 -0.00900742 0.997392 40.0773 
0.99742 -0.00145199 -0.0717679 -2.8071 0.00204454 0.999964 0.00818477 -0.425905 0.0717535 -0.00831048 0.997388 41.0801 
0.997427 -0.00124785 -0.0716708 -2.89174 0.00171754 0.999977 0.00649328 -0.432061 0.0716611 -0.00659976 0.997407 42.0759 
0.997428 0.000955255 -0.0716736 -2.9832 -0.000645586 0.99999 0.00434472 -0.439792 0.0716771 -0.00428736 0.997419 43.0678 
0.997367 0.000454686 -0.0725154 -3.06563 -0.000150232 0.999991 0.00420499 -0.444701 0.0725167 -0.00418311 0.997358 44.0677 
0.997263 -0.00155335 -0.0739129 -3.14976 0.00195939 0.999983 0.00542234 -0.452401 0.0739033 -0.00555241 0.99725 45.0621 
0.997201 -0.00105568 -0.0747616 -3.23313 0.0015488 0.999977 0.00653925 -0.46185 0.0747531 -0.00663682 0.99718 46.049 
0.997195 0.00139068 -0.0748362 -3.32444 -0.0011777 0.999995 0.00289109 -0.47221 0.07484 -0.00279493 0.997192 47.0207 
0.997121 0.00191798 -0.0758061 -3.41092 -0.00201784 0.999997 -0.00123963 -0.481146 0.0758036 0.00138894 0.997122 47.988 
0.997066 0.00273524 -0.0764942 -3.50001 -0.00293435 0.999993 -0.00248957 -0.493753 0.076487 0.00270664 0.997067 48.9644 
0.997059 0.00146436 -0.0766204 -3.58543 -0.00139004 0.999998 0.00102441 -0.509116 0.0766219 -0.000914976 0.99706 49.9448 
0.997052 -0.000265802 -0.0767283 -3.67078 0.000575925 0.999992 0.00402079 -0.51965 0.0767266 -0.00405321 0.997044 50.9193 
0.997026 -0.00213283 -0.0770298 -3.75366 0.00251422 0.999985 0.00485567 -0.532479 0.0770184 -0.00503498 0.997017 51.8817 
0.996998 -0.00539182 -0.0772364 -3.83608 0.00569592 0.999977 0.00371862 -0.542589 0.0772146 -0.00414748 0.997006 52.8412 
0.996943 -0.00807283 -0.0777098 -3.91683 0.00827813 0.999963 0.00232116 -0.5516 0.0776883 -0.00295744 0.996973 53.7976 
0.996854 -0.0095 -0.0786875 -4.00444 0.00980304 0.999946 0.0034668 -0.560829 0.0786504 -0.00422736 0.996893 54.7451 
0.996713 -0.0127665 -0.0799991 -4.08389 0.0134243 0.99988 0.00769077 -0.57002 0.0798914 -0.00873951 0.996765 55.7008 
0.99665 -0.0136724 -0.0806287 -4.17143 0.0147358 0.999812 0.0126089 -0.573003 0.0804413 -0.0137549 0.996664 56.6546 
0.996627 -0.0118242 -0.0812039 -4.26033 0.0130673 0.999805 0.0147942 -0.577006 0.0810133 -0.0158055 0.996588 57.6008 
0.996525 -0.010835 -0.082584 -4.35033 0.011769 0.999872 0.0108328 -0.582109 0.0824561 -0.0117672 0.996525 58.5357 
0.99643 -0.00922334 -0.0839195 -4.43943 0.00950797 0.99995 0.00299362 -0.587396 0.0838878 -0.00378092 0.996468 59.4537 
0.996368 -0.00761051 -0.0848139 -4.5309 0.00747292 0.99997 -0.00193875 -0.59467 0.0848262 0.00129781 0.996395 60.3676 
0.996309 -0.00273311 -0.0857957 -4.6272 0.00264909 0.999996 -0.00109224 -0.607997 0.0857984 0.00086084 0.996312 61.2719 
0.996194 8.42134e-05 -0.087165 -4.72274 1.28789e-05 0.999999 0.00111426 -0.619708 0.0871651 -0.00111122 0.996193 62.1777 
0.996101 0.00267716 -0.0881835 -4.81309 -0.00244679 0.999993 0.00272122 -0.635142 0.0881903 -0.00249493 0.9961 63.0705 
0.996001 0.00325464 -0.0892838 -4.90531 -0.0030489 0.999992 0.00244146 -0.645611 0.0892912 -0.00215957 0.996003 63.938 
0.99586 0.00464457 -0.0907852 -5.00416 -0.00439794 0.999986 0.00291739 -0.648968 0.0907976 -0.00250613 0.995866 64.8015 
0.995726 0.00546271 -0.0921985 -5.09421 -0.00515714 0.99998 0.00355302 -0.66327 0.0922162 -0.00306244 0.995734 65.6421 
0.995597 0.00534882 -0.0935885 -5.1821 -0.00500335 0.99998 0.00392647 -0.672544 0.0936077 -0.00344101 0.995603 66.4649 
0.995457 0.00505393 -0.0950767 -5.26568 -0.00459694 0.999977 0.00502579 -0.682549 0.0951 -0.00456599 0.995457 67.272 
0.995302 0.0077881 -0.0965094 -5.35803 -0.00707604 0.999945 0.00771906 -0.690099 0.0965643 -0.00699997 0.995302 68.0703 
0.995146 0.00937856 -0.0979559 -5.44636 -0.00827154 0.999897 0.011702 -0.696867 0.0980556 -0.0108351 0.995122 68.8586 
0.994967 0.0124584 -0.0994223 -5.54727 -0.0111792 0.999847 0.0134142 -0.704019 0.0995743 -0.0122353 0.994955 69.6339 
0.994789 0.015001 -0.100842 -5.63827 -0.0141573 0.999858 0.00907706 -0.704925 0.100964 -0.00760219 0.994861 70.389 
0.994639 0.0148997 -0.102327 -5.71928 -0.0148138 0.999889 0.00159986 -0.709968 0.102339 -7.55222e-05 0.994749 71.1171 
0.994488 0.0140936 -0.103897 -5.802 -0.0146 0.999885 -0.00411471 -0.720003 0.103827 0.00560884 0.994579 71.8267 
0.994426 0.0150192 -0.104362 -5.8856 -0.0156691 0.999863 -0.00540973 -0.726286 0.104266 0.00701475 0.994525 72.5208 
0.994289 0.0175547 -0.105266 -5.97365 -0.0178761 0.999838 -0.00211029 -0.735966 0.105212 0.00397989 0.994442 73.2084 
0.994152 0.017835 -0.106507 -6.05771 -0.0179241 0.999839 0.000121612 -0.749778 0.106492 0.00178805 0.994312 73.8677 
0.994102 0.0145853 -0.107466 -6.13497 -0.015016 0.999882 -0.00319863 -0.763001 0.107407 0.00479339 0.994203 74.5062 
0.99418 0.00647853 -0.107532 -6.19828 -0.00742506 0.999937 -0.00840349 -0.774804 0.107471 0.00915293 0.994166 75.1216 
0.994294 0.00239199 -0.106648 -6.26331 -0.00382498 0.999905 -0.0132333 -0.78748 0.106607 0.0135657 0.994209 75.7225 
0.994606 0.00487125 -0.103609 -6.33263 -0.00629806 0.99989 -0.0134476 -0.801166 0.103532 0.0140276 0.994527 76.3089 
0.994984 0.0098381 -0.0995471 -6.40306 -0.0109487 0.999884 -0.0106153 -0.813792 0.0994312 0.0116519 0.994976 76.8816 
0.995435 0.00819235 -0.0950866 -6.45646 -0.00895726 0.999931 -0.00761948 -0.824347 0.0950177 0.00843633 0.99544 77.4421 
0.995977 0.00449976 -0.0894966 -6.49933 -0.00482095 0.999983 -0.00337208 -0.837208 0.0894799 0.00378988 0.995981 77.987 
0.996685 0.000129036 -0.0813539 -6.53821 -0.000128078 1 1.79875e-05 -0.849972 0.081354 -7.59542e-06 0.996685 78.521 
0.997483 0.00374964 -0.0708083 -6.57625 -0.00377972 0.999993 -0.00028959 -0.858118 0.0708068 0.00055641 0.99749 79.038 
0.998409 0.00884297 -0.055681 -6.61214 -0.00889094 0.99996 -0.000612478 -0.870279 0.0556735 0.00110648 0.998448 79.5412 
0.999197 0.0139014 -0.037588 -6.63541 -0.0139226 0.999903 -0.000300353 -0.875801 0.0375803 0.000823351 0.999293 80.0365 
0.999805 0.012322 -0.0154428 -6.63373 -0.01232 0.999924 0.000226784 -0.880437 0.0154445 -3.65681e-05 0.999881 80.516 
0.999904 0.00874461 0.0107568 -6.60942 -0.00875957 0.999961 0.00133604 -0.890136 -0.0107446 -0.00143022 0.999941 80.9802 
0.999153 0.0077315 0.0404066 -6.57558 -0.0078523 0.999965 0.00282957 -0.896843 -0.0403832 -0.00314454 0.999179 81.4356 
0.997256 0.00744888 0.0736508 -6.52902 -0.00778954 0.99996 0.00433804 -0.904943 -0.0736155 -0.00489993 0.997275 81.8814 
0.993789 0.00735121 0.111038 -6.45693 -0.00795753 0.999956 0.00501751 -0.913368 -0.110996 -0.00587002 0.993803 82.3186 
0.988221 0.00768513 0.152843 -6.37033 -0.00855849 0.999951 0.00505638 -0.917903 -0.152797 -0.006305 0.988237 82.7432 
0.980161 0.00740992 0.198064 -6.26234 -0.00861006 0.999949 0.00519836 -0.926154 -0.198016 -0.00680065 0.980175 83.1554 
0.968911 0.009545 0.247227 -6.13783 -0.0106605 0.999938 0.00317349 -0.936575 -0.247181 -0.00571046 0.968952 83.551 
0.95376 0.0104959 0.300385 -5.98896 -0.0111521 0.999938 0.000469571 -0.946499 -0.300362 -0.00379785 0.953818 83.9284 
0.934297 0.0108362 0.356332 -5.81865 -0.0109327 0.999939 -0.00174367 -0.951539 -0.356329 -0.00226662 0.934358 84.2891 
0.91038 0.0114613 0.413614 -5.62677 -0.0110533 0.999933 -0.00337995 -0.959706 -0.413625 -0.00149481 0.910446 84.6293 
0.881694 0.0115462 0.471681 -5.41668 -0.0103639 0.999933 -0.00510474 -0.967579 -0.471708 -0.000387681 0.881755 84.9493 
0.848627 0.0100063 0.528896 -5.18221 -0.00741117 0.999948 -0.007027 -0.976208 -0.528939 0.00204351 0.848657 85.2474 
0.812006 0.00966703 0.583569 -4.93261 -0.00619005 0.999949 -0.00795155 -0.987588 -0.583616 0.00284433 0.812024 85.5273 
0.77195 0.00841929 0.635628 -4.66976 -0.00528966 0.999963 -0.00682116 -0.997269 -0.635662 0.00190329 0.771965 85.797 
0.728926 0.0080559 0.684545 -4.39035 -0.00668105 0.999967 -0.00465381 -1.00388 -0.68456 -0.00118124 0.728956 86.0505 
0.683304 0.00699287 0.730101 -4.09905 -0.00605177 0.999974 -0.00391398 -1.0135 -0.730109 -0.001744 0.683328 86.2795 
0.636304 0.00585153 0.771416 -3.79284 -0.00282141 0.999982 -0.0052582 -1.01873 -0.771433 0.0011693 0.636309 86.4858 
0.588952 0.00321657 0.808162 -3.47204 0.00279358 0.999978 -0.00601598 -1.02685 -0.808163 0.00580076 0.58893 86.6714 
0.541704 0.00533405 0.840552 -3.15051 0.000714417 0.999976 -0.00680627 -1.03749 -0.840569 0.00428746 0.541688 86.844 
0.493983 0.00822306 0.869432 -2.82328 -0.00317673 0.999966 -0.00765284 -1.04703 -0.869465 0.0010184 0.493993 87.0036 
0.447969 0.0105934 0.893986 -2.48636 -0.00414003 0.999944 -0.00977448 -1.05558 -0.894039 0.000677507 0.447987 87.1482 
0.405528 0.00795705 0.914048 -2.13919 0.00325943 0.999943 -0.010151 -1.06098 -0.914077 0.00709576 0.405479 87.2594 
0.365689 0.000376618 0.930737 -1.78152 0.0182222 0.999805 -0.00756424 -1.06369 -0.930558 0.0197262 0.365611 87.3489 
0.330112 -0.00324092 0.943936 -1.42127 0.0222757 0.999742 -0.0043578 -1.06795 -0.943679 0.0224654 0.330099 87.4419 
0.296777 0.00106366 0.954946 -1.05983 0.0195361 0.999783 -0.00718511 -1.07254 -0.954747 0.0207883 0.296692 87.5399 
0.265543 0.00871724 0.96406 -0.698728 0.00845681 0.9999 -0.0113708 -1.08893 -0.964062 0.0111723 0.265442 87.6411 
0.237251 0.0132655 0.971358 -0.321145 0.00397406 0.999885 -0.0146258 -1.10398 -0.97144 0.00733021 0.237171 87.7277 
0.211567 0.0149184 0.97725 0.0683309 0.00539382 0.99985 -0.0164312 -1.11841 -0.977349 0.0087474 0.211455 87.7943 
0.188175 0.0162237 0.982001 0.470874 0.0131149 0.999733 -0.0190299 -1.12689 -0.982048 0.0164598 0.187912 87.848 
0.168025 0.0225347 0.985525 0.877996 0.0200842 0.999453 -0.0262775 -1.12612 -0.985578 0.0242088 0.167481 87.8944 
0.148338 0.0293941 0.9885 1.29912 0.0219573 0.999214 -0.0330078 -1.12654 -0.988693 0.026601 0.147576 87.9469 
0.13062 0.0302086 0.990972 1.73705 0.0191679 0.999272 -0.0329882 -1.14001 -0.991247 0.0233037 0.129946 88.004 
0.11518 0.0258022 0.993009 2.19227 0.0174026 0.999457 -0.0279884 -1.16129 -0.993192 0.0205047 0.114669 88.0564 
0.100742 0.0225366 0.994657 2.66105 0.0180157 0.999538 -0.0244719 -1.17892 -0.994749 0.0203848 0.10029 88.0998 
0.0873216 0.0200927 0.995977 3.14164 0.0201777 0.999556 -0.021934 -1.1962 -0.995976 0.0220118 0.0868773 88.1369 
0.0758257 0.0193436 0.996933 3.63674 0.0242611 0.99948 -0.0212384 -1.20881 -0.996826 0.0257971 0.075317 88.1664 
0.0656052 0.0200415 0.997644 4.14953 0.0272126 0.99939 -0.0218662 -1.22109 -0.997474 0.0285831 0.0650198 88.1971 
0.0578684 0.0204268 0.998115 4.67391 0.0293531 0.999323 -0.0221535 -1.23783 -0.997893 0.0305798 0.0572297 88.2231 
0.0523265 0.0207108 0.998415 5.22107 0.0309895 0.99927 -0.0223528 -1.25387 -0.998149 0.03211 0.0516465 88.2495 
0.0467593 0.0218607 0.998667 5.78489 0.032251 0.999206 -0.0233826 -1.26779 -0.998385 0.0333014 0.0460172 88.278 
0.0407678 0.0226053 0.998913 6.368 0.0327504 0.999177 -0.023948 -1.28405 -0.998632 0.0336911 0.0399939 88.305 
0.0363705 0.0226842 0.999081 6.96708 0.0350421 0.999098 -0.0239603 -1.30103 -0.998724 0.0358814 0.0355428 88.3272 
0.0336931 0.0226157 0.999176 7.58863 0.0365716 0.999046 -0.0238461 -1.31777 -0.998763 0.0373449 0.0328339 88.3466 
0.0305619 0.0222478 0.999285 8.23247 0.0376819 0.999016 -0.0233944 -1.3356 -0.998822 0.03837 0.0296935 88.3737 
0.0282175 0.021646 0.999367 8.89033 0.0397493 0.99895 -0.0227594 -1.35347 -0.998811 0.0403664 0.0273275 88.3958 
0.027685 0.0213252 0.999389 9.56274 0.0445625 0.998752 -0.0225462 -1.37225 -0.998623 0.0451595 0.0267001 88.413 
0.0287208 0.0211084 0.999364 10.2539 0.0480326 0.998593 -0.0224726 -1.39007 -0.998433 0.0486475 0.0276665 88.437 
0.0310732 0.0212314 0.999292 10.9642 0.0495768 0.998511 -0.0227565 -1.40756 -0.998287 0.0502488 0.0299743 88.4664 
0.0348994 0.0212504 0.999165 11.6862 0.0520771 0.998377 -0.0230527 -1.4273 -0.998033 0.0528381 0.0337361 88.5007 
0.0393359 0.020807 0.999009 12.4281 0.0525297 0.998358 -0.0228619 -1.44745 -0.997844 0.0533769 0.0381784 88.5372 
0.0434205 0.0192398 0.998872 13.1864 0.0540284 0.998306 -0.0215776 -1.46638 -0.997595 0.0549044 0.0423075 88.5776 
0.0475437 0.0178614 0.998709 13.9545 0.0538541 0.99834 -0.0204186 -1.48523 -0.997416 0.0547554 0.0465029 88.6232 
0.051759 0.0158854 0.998533 14.7402 0.0506956 0.998542 -0.0185134 -1.50605 -0.997372 0.0515794 0.0508783 88.6791 
0.0558822 0.0148641 0.998327 15.54 0.0498986 0.998598 -0.0176614 -1.52648 -0.99719 0.0508021 0.0550621 88.7356 
0.0601043 0.0158255 0.998067 16.3489 0.0473173 0.998705 -0.0186852 -1.54947 -0.99707 0.0483489 0.0592777 88.7991 
0.0631035 0.0199873 0.997807 17.1565 0.0452676 0.998713 -0.0228684 -1.57476 -0.99698 0.0466114 0.0621175 88.8678 
0.0644842 0.0253969 0.997595 17.9621 0.039631 0.998822 -0.02799 -1.60202 -0.997131 0.0413406 0.0634017 88.9402 
0.0642699 0.0286776 0.99752 18.779 0.0368877 0.998836 -0.0310921 -1.62893 -0.99725 0.0387945 0.0631372 89.007 
0.0644175 0.0282632 0.997523 19.598 0.034615 0.998934 -0.0305387 -1.66074 -0.997322 0.0364964 0.0633705 89.0758 
0.0643458 0.0267227 0.99757 20.4245 0.0318688 0.999076 -0.0288187 -1.69407 -0.997419 0.0336457 0.0634348 89.146 
0.0640902 0.0254201 0.99762 21.2485 0.0328431 0.99908 -0.0275674 -1.72894 -0.997403 0.0345317 0.0631963 89.2135 
0.0645296 0.0246618 0.997611 22.0688 0.0302713 0.999186 -0.0266589 -1.76494 -0.997456 0.0319193 0.0637305 89.2814 
0.0647573 0.0250504 0.997586 22.8871 0.0285911 0.999228 -0.0269476 -1.79711 -0.997491 0.0302672 0.063991 89.3456 
0.06495 0.0256724 0.997558 23.7052 0.0255589 0.999298 -0.0273814 -1.83246 -0.997561 0.0272749 0.0642483 89.4131 
0.063734 0.0271454 0.997598 24.5237 0.0227091 0.999332 -0.0286435 -1.86519 -0.997708 0.0244801 0.0630749 89.4802 
0.0609297 0.0267567 0.997783 25.3425 0.0194997 0.999418 -0.0279914 -1.89707 -0.997951 0.021162 0.0603725 89.5441 
0.0572461 0.0255141 0.998034 26.1584 0.0171939 0.9995 -0.0265379 -1.92945 -0.998212 0.0186793 0.0567787 89.6014 
0.0525736 0.0230851 0.99835 26.9713 0.0153381 0.999596 -0.0239217 -1.9627 -0.998499 0.0165705 0.0521982 89.6548 
0.0465051 0.0210872 0.998695 27.7877 0.0132942 0.999675 -0.0217271 -1.99427 -0.99883 0.0142873 0.0462096 89.6995 
0.0389973 0.0213603 0.999011 28.5935 0.0128569 0.999678 -0.0218765 -2.02394 -0.999157 0.0136973 0.0387101 89.7414 
0.0303422 0.0223181 0.99929 29.3956 0.0128854 0.999659 -0.0227176 -2.05434 -0.999456 0.0135656 0.0300443 89.7735 
0.020481 0.0228313 0.999529 30.2013 0.01327 0.999645 -0.0231059 -2.08019 -0.999702 0.013737 0.0201707 89.7953 
0.0104462 0.0218233 0.999707 31.0002 0.0146525 0.999651 -0.0219753 -2.11059 -0.999838 0.0148777 0.0101228 89.806 
-0.000187659 0.0208358 0.999783 31.7935 0.0138035 0.999688 -0.0208313 -2.14079 -0.999905 0.0137966 -0.000475208 89.8118 
-0.0111708 0.0199635 0.999738 32.5827 0.0153286 0.999687 -0.0197913 -2.16895 -0.99982 0.0151035 -0.0114733 89.8056 
-0.0221223 0.0203271 0.999549 33.365 0.0154449 0.999681 -0.019988 -2.1966 -0.999636 0.0149958 -0.0224292 89.7935 
-0.032998 0.021009 0.999234 34.1469 0.0158677 0.999664 -0.0204941 -2.2239 -0.999329 0.0151793 -0.0333203 89.7687 
-0.0436719 0.0219673 0.998804 34.914 0.0153777 0.999654 -0.0213137 -2.25585 -0.998927 0.0144285 -0.0439946 89.7411 
-0.0540142 0.0231679 0.998271 35.6831 0.0164389 0.999616 -0.0223097 -2.2793 -0.998405 0.0152055 -0.0543744 89.706 
-0.0634006 0.0238186 0.997704 36.4472 0.017126 0.999594 -0.0227755 -2.30942 -0.997841 0.0156427 -0.0637828 89.6565 
-0.0730036 0.0244065 0.997033 37.2037 0.0176865 0.999575 -0.0231738 -2.33433 -0.997175 0.0159423 -0.0734043 89.6033 
-0.0823044 0.0248813 0.996297 37.9515 0.0186688 0.999551 -0.0234204 -2.3616 -0.996432 0.0166721 -0.082732 89.5454 
-0.0908479 0.0243736 0.995566 38.6894 0.0199778 0.999544 -0.022648 -2.38722 -0.995664 0.0178317 -0.0912934 89.4821 
-0.0982677 0.0232409 0.994889 39.4173 0.0217993 0.999538 -0.0211964 -2.41504 -0.994921 0.0196049 -0.0987289 89.4138 
-0.103439 0.0216231 0.994401 40.1386 0.0247023 0.999511 -0.0191647 -2.44082 -0.994329 0.0225816 -0.103922 89.3402 
-0.107156 0.0201342 0.994038 40.8511 0.0278312 0.999464 -0.017244 -2.46378 -0.993853 0.0258175 -0.107658 89.2663 
-0.109664 0.0189737 0.993788 41.5591 0.0294796 0.99944 -0.0158286 -2.48939 -0.993531 0.0275606 -0.110162 89.188 
-0.111233 0.0180806 0.99363 42.2479 0.0297119 0.999448 -0.0148604 -2.51601 -0.99335 0.0278697 -0.111709 89.1116 
-0.111957 0.0184578 0.993542 42.9248 0.0304278 0.999422 -0.0151384 -2.53951 -0.993247 0.0285364 -0.112454 89.0407 
-0.111073 0.0193142 0.993624 43.5846 0.0311948 0.999386 -0.0159391 -2.56784 -0.993322 0.0292256 -0.111607 88.9734 
-0.108098 0.0209319 0.99392 44.2411 0.0322414 0.999326 -0.0175393 -2.59158 -0.993617 0.0301494 -0.1087 88.9105 
-0.102824 0.0213615 0.99447 44.8504 0.0320542 0.999321 -0.0181515 -2.61403 -0.994183 0.0300105 -0.103439 88.85 
-0.0949419 0.0220789 0.995238 45.4574 0.0315813 0.999318 -0.0191568 -2.63689 -0.994982 0.0296121 -0.0955743 88.8057 
-0.0836195 0.0220406 0.996254 46.0409 0.0304771 0.999344 -0.019551 -2.65796 -0.996032 0.0287281 -0.0842364 88.7678 
-0.0699562 0.0222103 0.997303 46.6095 0.0296507 0.999357 -0.0201762 -2.68218 -0.997109 0.0281593 -0.0705697 88.7441 
-0.0527082 0.0234506 0.998334 47.1558 0.0287667 0.999345 -0.0219556 -2.70645 -0.998195 0.0275616 -0.0533483 88.7326 
-0.0313488 0.0259698 0.999171 47.6911 0.0272246 0.999314 -0.0251194 -2.72935 -0.999138 0.0264146 -0.0320343 88.735 
-0.00668496 0.0289594 0.999558 48.2301 0.0252538 0.999267 -0.0287821 -2.7517 -0.999659 0.0250503 -0.00741139 88.7527 
0.0218402 0.0307434 0.999289 48.7574 0.0234687 0.999236 -0.0312547 -2.7738 -0.999486 0.0241346 0.021102 88.7849 
0.0553759 0.0303236 0.998005 49.2862 0.0214676 0.999271 -0.0315533 -2.79538 -0.998235 0.0231721 0.0546846 88.8351 
0.0939032 0.028035 0.995186 49.8108 0.0207057 0.999332 -0.0301056 -2.81243 -0.995366 0.0234331 0.09326 88.9038 
0.13639 0.0240524 0.990363 50.3276 0.0183679 0.999472 -0.0268033 -2.83852 -0.990485 0.0218466 0.135876 89.0002 
0.182458 0.0197192 0.983016 50.8281 0.0158312 0.99961 -0.0229906 -2.85978 -0.983086 0.0197571 0.182075 89.1138 
0.2317 0.016527 0.972647 51.3188 0.0113466 0.999742 -0.0196904 -2.87856 -0.972721 0.0155985 0.231452 89.2564 
0.284159 0.0150543 0.958659 51.7972 0.00807772 0.999804 -0.0180948 -2.89573 -0.958743 0.0128856 0.283982 89.422 
0.339957 0.0144509 0.94033 52.2636 0.00711068 0.999814 -0.0179358 -2.91534 -0.940414 0.0127838 0.339791 89.6143 
0.398984 0.0147373 0.916839 52.7125 0.00920245 0.999756 -0.0200749 -2.93207 -0.916911 0.0164467 0.398751 89.8307 
0.459322 0.0178553 0.88809 53.1399 0.0100525 0.999629 -0.0252971 -2.94997 -0.888213 0.020547 0.458972 90.0807 
0.518684 0.0211079 0.854706 53.5344 0.0110354 0.999447 -0.0313795 -2.96637 -0.854895 0.0257081 0.518164 90.3624 
0.576375 0.0255409 0.816786 53.9059 0.00661895 0.999333 -0.03592 -2.98124 -0.817159 0.0261096 0.575821 90.6808 
0.63157 0.0288978 0.77478 54.2431 0.00211924 0.999237 -0.0389972 -2.99359 -0.775316 0.0262714 0.631027 91.0226 
0.683929 0.0297913 0.72894 54.5563 0.000239862 0.999157 -0.0410601 -3.01075 -0.729548 0.028257 0.683345 91.3768 
0.73227 0.0278899 0.680443 54.8355 -0.000444123 0.99918 -0.0404765 -3.03087 -0.681014 0.0293375 0.731683 91.7388 
0.776957 0.0249636 0.629059 55.0999 -0.00330266 0.999361 -0.0355798 -3.04848 -0.629545 0.0255663 0.776543 92.137 
0.817636 0.0199761 0.575388 55.3385 -0.00420893 0.999578 -0.0287223 -3.06523 -0.575719 0.0210626 0.817376 92.5563 
0.853378 0.0177922 0.520989 55.5367 -0.00714887 0.999723 -0.0224317 -3.0835 -0.521244 0.0154182 0.853269 92.9731 
0.88393 0.0143539 0.467398 55.7173 -0.00812796 0.999849 -0.0153344 -3.09651 -0.467548 0.00975549 0.883914 93.415 
0.908975 0.0149343 0.416583 55.8696 -0.0119244 0.999881 -0.00982676 -3.1136 -0.416679 0.00396473 0.909045 93.8655 
0.928534 0.0171989 0.37085 55.9993 -0.0159825 0.999852 -0.00635327 -3.12823 -0.370904 -2.79555e-05 0.928671 94.3172 
0.943372 0.0231736 0.330925 56.1094 -0.0232419 0.999723 -0.00375162 -3.1382 -0.33092 -0.00415222 0.94365 94.7829 
0.954871 0.0274398 0.29575 56.2122 -0.0272368 0.999617 -0.00480713 -3.14205 -0.295769 -0.00346518 0.955253 95.2497 
0.963923 0.0288447 0.264612 56.3182 -0.0286437 0.999579 -0.00461921 -3.14604 -0.264634 -0.00312699 0.964344 95.7155 
0.969864 0.0231952 0.242539 56.4231 -0.022823 0.99973 -0.00434518 -3.15339 -0.242575 -0.00132131 0.970132 96.1929 
0.97367 0.0203152 0.227053 56.5201 -0.0199826 0.999793 -0.00376394 -3.16359 -0.227083 -0.000872356 0.973875 96.68 
0.976457 0.024425 0.214325 56.6077 -0.0241076 0.999701 -0.0040957 -3.16994 -0.21436 -0.00116765 0.976754 97.1777 
0.978405 0.0298218 0.204533 56.6932 -0.0296879 0.999552 -0.00372439 -3.17304 -0.204553 -0.00242828 0.978852 97.6816 
0.979392 0.0375536 0.198444 56.7761 -0.0372813 0.999292 -0.00510998 -3.1764 -0.198495 -0.00239366 0.980099 98.1967 
0.979727 0.0433366 0.195593 56.8603 -0.0424437 0.99906 -0.00875652 -3.18533 -0.195789 0.000277217 0.980646 98.7196 
0.97987 0.0443542 0.194645 56.9583 -0.0429803 0.999012 -0.0112789 -3.19643 -0.194952 0.00268592 0.980809 99.2536 
0.979429 0.0431275 0.197127 57.0646 -0.0410157 0.999049 -0.0147852 -3.20928 -0.197578 0.00639565 0.980266 99.791 
0.978731 0.0413956 0.20093 57.1779 -0.037889 0.999056 -0.0212688 -3.21776 -0.20162 0.0132033 0.979375 100.341 
0.977856 0.0416935 0.205082 57.2918 -0.0371321 0.998971 -0.0260425 -3.22743 -0.205957 0.0178506 0.978398 100.906 
0.976702 0.0464786 0.209508 57.4017 -0.0420106 0.998786 -0.0257288 -3.24202 -0.210449 0.0163278 0.977468 101.486 
0.975309 0.0495715 0.215209 57.5178 -0.0459631 0.998706 -0.0217431 -3.25851 -0.216008 0.0113146 0.976326 102.079 
0.974398 0.0466324 0.219939 57.6486 -0.0439074 0.998886 -0.017265 -3.27349 -0.220499 0.00716594 0.975361 102.687 
0.973744 0.0421471 0.22371 57.7906 -0.0405532 0.999109 -0.0117168 -3.28821 -0.224005 0.00233693 0.974585 103.308 
0.972989 0.0394506 0.227457 57.9316 -0.0388358 0.99922 -0.00718005 -3.29958 -0.227563 -0.00184745 0.973762 103.938 
0.97246 0.0349019 0.230441 58.078 -0.034325 0.999389 -0.00651361 -3.31033 -0.230528 -0.00157574 0.973064 104.573 
0.972534 0.0313337 0.230643 58.2295 -0.0299585 0.999506 -0.00946343 -3.3238 -0.230826 0.00229371 0.972992 105.219 
0.972626 0.0303321 0.23039 58.3718 -0.0272996 0.999494 -0.0163397 -3.34255 -0.230769 0.00960279 0.972961 105.868 
0.972767 0.0324472 0.229504 58.5168 -0.0279035 0.999346 -0.0230169 -3.35741 -0.2301 0.015986 0.973036 106.529 
0.973334 0.0352235 0.226671 58.6618 -0.0299008 0.999191 -0.0268746 -3.36994 -0.227434 0.0193802 0.9736 107.207 
0.973952 0.0335531 0.224259 58.8122 -0.0291992 0.999316 -0.0227041 -3.38574 -0.224867 0.0155644 0.974265 107.909 
0.974375 0.0294694 0.222992 58.9666 -0.0267663 0.999527 -0.0151357 -3.40611 -0.223332 0.00877916 0.974703 108.622 
0.974957 0.0296389 0.220411 59.1189 -0.0282804 0.999557 -0.00931765 -3.42676 -0.22059 0.00285092 0.975362 109.346 
0.97526 0.0329101 0.218596 59.2656 -0.0314889 0.999454 -0.00998394 -3.44378 -0.218805 0.00285353 0.975764 110.077 
0.97556 0.0384819 0.216337 59.41 -0.0361719 0.999238 -0.0146292 -3.45804 -0.216735 0.00644627 0.976209 110.819 
0.976404 0.0392769 0.212348 59.5596 -0.0358581 0.999158 -0.0199295 -3.47385 -0.212952 0.0118448 0.976991 111.564 
0.977318 0.0378605 0.208366 59.7122 -0.0338585 0.999168 -0.0227415 -3.49163 -0.209054 0.0151706 0.977786 112.326 
0.978203 0.0352583 0.204635 59.8589 -0.0315521 0.999274 -0.0213473 -3.50991 -0.205239 0.0144253 0.978605 113.107 
0.979038 0.0313692 0.201248 60.0122 -0.0280575 0.99942 -0.0192885 -3.53246 -0.201736 0.0132376 0.97935 113.893 
0.979461 0.0303413 0.199337 60.1658 -0.0276069 0.999483 -0.0164834 -3.55641 -0.199734 0.0106416 0.979792 114.686 
0.979829 0.0269096 0.198019 60.3233 -0.0245879 0.999597 -0.0141747 -3.57518 -0.198321 0.00901981 0.980096 115.492 
0.980061 0.0215232 0.197528 60.4823 -0.0193574 0.999729 -0.0128893 -3.59315 -0.197752 0.00880862 0.980212 116.297 
0.980172 0.0224863 0.196869 60.6325 -0.0206579 0.999722 -0.0113371 -3.61208 -0.197069 0.00704534 0.980364 117.114 
0.979965 0.0276526 0.197239 60.7777 -0.0255091 0.999585 -0.0134009 -3.62966 -0.197527 0.00810094 0.980264 117.941 
0.979706 0.0332238 0.197666 60.9262 -0.0304818 0.999392 -0.0168994 -3.64704 -0.198107 0.0105312 0.980124 118.771 
0.97918 0.042001 0.198602 61.0708 -0.0390899 0.999063 -0.0185581 -3.66612 -0.199195 0.0104084 0.979905 119.603 
0.978307 0.0479195 0.201544 61.2194 -0.0452221 0.998815 -0.01797 -3.69007 -0.202166 0.00846591 0.979315 120.441 
0.977593 0.050317 0.204404 61.3752 -0.0480822 0.998717 -0.0158891 -3.71911 -0.204941 0.00570481 0.978758 121.285 
0.977034 0.0507264 0.206956 61.5402 -0.0483197 0.998693 -0.0166713 -3.74305 -0.207531 0.0062883 0.978208 122.135 
0.976687 0.0492691 0.208939 61.7048 -0.0462521 0.998743 -0.0193047 -3.76818 -0.209628 0.00919075 0.977738 122.979 
0.976708 0.0429764 0.210226 61.8852 -0.0400851 0.999034 -0.0179977 -3.79253 -0.210796 0.00915152 0.977487 123.824 
0.976969 0.0360043 0.210323 62.0648 -0.0326507 0.999278 -0.0193977 -3.819 -0.21087 0.0120837 0.977439 124.667 
0.976743 0.035471 0.211457 62.2412 -0.0320805 0.999296 -0.019445 -3.8482 -0.211997 0.012209 0.977194 125.514 
0.976223 0.0380186 0.21341 62.4099 -0.0352818 0.999239 -0.0166203 -3.86932 -0.213879 0.00869561 0.976821 126.365 
0.975843 0.0400624 0.214769 62.5761 -0.0385919 0.999194 -0.0110379 -3.8913 -0.215038 0.00248285 0.976602 127.206 
0.975518 0.0436317 0.215549 62.7428 -0.0431953 0.999044 -0.00673805 -3.91584 -0.215637 -0.00273769 0.97647 128.043 
0.975331 0.0428586 0.216547 62.9161 -0.0409362 0.999072 -0.0133578 -3.93918 -0.216919 0.00416361 0.976181 128.877 
0.975586 0.0385486 0.216206 63.094 -0.0333608 0.999062 -0.0275949 -3.96514 -0.217067 0.0197083 0.975958 129.694 
0.975814 0.0362194 0.21558 63.2696 -0.0289996 0.99891 -0.0365613 -3.99443 -0.216669 0.0294253 0.975801 130.501 
0.9761 0.0331395 0.214782 63.443 -0.0278386 0.99923 -0.0276597 -4.01838 -0.215533 0.0210193 0.97627 131.328 
0.976529 0.0267872 0.213712 63.6214 -0.0259249 0.99964 -0.00683725 -4.04783 -0.213818 0.00113624 0.976873 132.17 
0.976813 0.0232185 0.212829 63.792 -0.0255922 0.999637 0.00840386 -4.07416 -0.212557 -0.0136558 0.977053 133.018 
0.976792 0.0278456 0.21237 63.9491 -0.0290643 0.999574 0.00261822 -4.08929 -0.212207 -0.00872992 0.977186 133.831 
0.976992 0.0359027 0.210233 64.1022 -0.0338572 0.999338 -0.0133225 -4.1018 -0.210572 0.00589798 0.97756 134.634 
0.97722 0.0359641 0.209157 64.2606 -0.0322298 0.999255 -0.0212365 -4.11717 -0.209765 0.0140116 0.977651 135.448 
0.977779 0.0318663 0.207203 64.4237 -0.0279236 0.999369 -0.0219262 -4.14463 -0.207771 0.0156531 0.978052 136.265 
0.978406 0.0313983 0.204294 64.5844 -0.0278553 0.999408 -0.0201967 -4.17696 -0.204807 0.0140698 0.978701 137.087 
0.979158 0.0309043 0.200734 64.7373 -0.0270928 0.999397 -0.0217085 -4.19879 -0.201284 0.0158176 0.979405 137.904 
0.980103 0.0320584 0.195885 64.8832 -0.0280683 0.999339 -0.023113 -4.22971 -0.196497 0.0171548 0.980354 138.717 
0.980466 0.0372094 0.193135 65.0211 -0.0333596 0.999175 -0.0231492 -4.26156 -0.193837 0.016254 0.980899 139.528 
0.980588 0.0434363 0.191208 65.1515 -0.0396573 0.998936 -0.0235488 -4.2867 -0.192027 0.0155088 0.981267 140.333 
0.980962 0.0445487 0.189021 65.2954 -0.041214 0.998918 -0.0215386 -4.3139 -0.189776 0.0133382 0.981737 141.14 
0.981256 0.0423772 0.187989 65.4365 -0.0399258 0.999061 -0.0168098 -4.34142 -0.188525 0.00898906 0.982027 141.948 
0.981676 0.0409738 0.186098 65.5807 -0.0385358 0.999118 -0.0167013 -4.36905 -0.186618 0.00922376 0.982389 142.749 
0.982212 0.0390976 0.183657 65.7175 -0.0361195 0.999156 -0.0195345 -4.40036 -0.184266 0.0125534 0.982796 143.545 
0.983303 0.0342166 0.178729 65.8585 -0.0305618 0.999264 -0.0231636 -4.42699 -0.17939 0.0173145 0.983626 144.333 
0.984542 0.0314916 0.172294 65.9892 -0.027732 0.999323 -0.0241853 -4.45099 -0.172939 0.0190333 0.984749 145.124 
0.985718 0.0294692 0.165806 66.1131 -0.0266859 0.999463 -0.0189905 -4.47479 -0.166276 0.0142945 0.985975 145.92 
0.986841 0.0265806 0.159492 66.2327 -0.0252428 0.999627 -0.0104089 -4.50059 -0.159709 0.00624586 0.987144 146.729 
0.987494 0.0237398 0.15586 66.3531 -0.0238397 0.999715 -0.00122907 -4.5159 -0.155844 -0.00250202 0.987778 147.537 
0.987954 0.0304693 0.151717 66.4502 -0.0310229 0.999518 0.00128209 -4.52825 -0.151605 -0.00597343 0.988423 148.341 
0.988582 0.0332365 0.14697 66.5493 -0.0330911 0.999446 -0.00343583 -4.54205 -0.147002 -0.00146685 0.989135 149.137 
0.989725 0.0334943 0.139005 66.6537 -0.0319097 0.999398 -0.0136141 -4.55791 -0.139378 0.00903855 0.990198 149.927 
0.990708 0.0301883 0.132609 66.7498 -0.0278913 0.999428 -0.0191462 -4.5668 -0.133111 0.0152696 0.990983 150.726 
0.9916 0.029314 0.125973 66.8369 -0.027247 0.999465 -0.0181014 -4.58611 -0.126436 0.0145169 0.991868 151.542 
0.99233 0.0357909 0.118324 66.9098 -0.0342697 0.999302 -0.0148674 -4.60634 -0.118773 0.0106984 0.992864 152.364 
0.993017 0.0414196 0.110458 66.9722 -0.0398364 0.99907 -0.0165037 -4.62895 -0.111039 0.0119882 0.993744 153.176 
0.993986 0.0442752 0.100156 67.0372 -0.042254 0.99886 -0.0222145 -4.65277 -0.101025 0.0178488 0.994724 153.984 
0.994874 0.0427012 0.0916637 67.0995 -0.0406072 0.998872 -0.0245902 -4.67459 -0.0926103 0.0207418 0.995486 154.8 
0.995582 0.0427991 0.0835733 67.1547 -0.0411009 0.998914 -0.0219372 -4.69642 -0.0844214 0.0184052 0.99626 155.622 
0.996075 0.045544 0.0759014 67.1963 -0.0445525 0.998899 -0.0147063 -4.72198 -0.0764875 0.0112669 0.997007 156.446 
0.99648 0.0491056 0.0679428 67.2274 -0.0485783 0.998775 -0.00939441 -4.73835 -0.0683208 0.00606072 0.997645 157.269 
0.997026 0.0479922 0.060302 67.2629 -0.0477177 0.998843 -0.00598518 -4.75551 -0.0605193 0.00308982 0.998162 158.098 
0.997347 0.0488757 0.0539436 67.2941 -0.0487388 0.998804 -0.00385277 -4.77122 -0.0540673 0.00121332 0.998536 158.926 
0.997602 0.0480608 0.049805 67.3217 -0.0478416 0.998839 -0.00558677 -4.78741 -0.0500156 0.00319054 0.998743 159.752 
0.99759 0.0526868 0.0451526 67.3411 -0.0522402 0.998574 -0.011018 -4.80467 -0.0456686 0.00863257 0.998919 160.569 
0.997432 0.0585411 0.0412563 67.3495 -0.057854 0.998169 -0.0176586 -4.82389 -0.0422145 0.0152263 0.998992 161.385 
0.997491 0.0596792 0.0380882 67.364 -0.0589492 0.99806 -0.0200131 -4.84271 -0.0392086 0.0177176 0.999074 162.204 
0.997505 0.061319 0.0349686 67.379 -0.0608665 0.99805 -0.0138663 -4.86242 -0.0357506 0.0117032 0.999292 163.038 
0.997438 0.063452 0.0330287 67.3891 -0.0633688 0.997984 -0.00356211 -4.87784 -0.033188 0.00145991 0.999448 163.873 
0.997451 0.0647957 0.0298845 67.3989 -0.0649379 0.997882 0.0038119 -4.89467 -0.0295741 -0.0057429 0.999546 164.701 
0.99781 0.0613348 0.0247773 67.4059 -0.0613703 0.998115 0.000673164 -4.90981 -0.0246892 -0.00219236 0.999693 165.525 
0.998635 0.0487163 0.0188197 67.4242 -0.0485538 0.99878 -0.00900367 -4.9205 -0.0192353 0.00807753 0.999782 166.341 
0.998853 0.0465387 0.0112849 67.4291 -0.0463836 0.99883 -0.0136455 -4.92847 -0.0119067 0.0131063 0.999843 167.162 
0.998723 0.0503089 0.00451791 67.4132 -0.05025 0.99866 -0.0123456 -4.94212 -0.00513287 0.0121028 0.999913 167.994 
0.998829 0.0482992 -0.0028254 67.3962 -0.0483161 0.998813 -0.00623642 -4.95934 0.00252092 0.00636555 0.999976 168.829 
0.999022 0.0429703 -0.010397 67.3816 -0.0429983 0.999072 -0.00247218 -4.97353 0.0102812 0.00291673 0.999943 169.664 
0.999283 0.034328 -0.0159387 67.3611 -0.0343088 0.99941 0.00148077 -4.97719 0.0159802 -0.000932952 0.999872 170.505 
0.999301 0.0299667 -0.0223447 67.3365 -0.0299416 0.999551 0.00145943 -4.98843 0.0223785 -0.00078946 0.999749 171.342 
0.999231 0.0266439 -0.0287794 67.3018 -0.026807 0.999627 -0.00529281 -5.00438 0.0286277 0.00606014 0.999572 172.174 
0.999191 0.0172401 -0.0363217 67.2663 -0.0178126 0.999721 -0.0154953 -5.01576 0.0360445 0.0161297 0.99922 173.005 
0.999057 0.00702792 -0.0428347 67.2359 -0.00787532 0.999776 -0.0196445 -5.02831 0.0426871 0.0199632 0.998889 173.838 
0.998719 0.0105298 -0.0494932 67.1825 -0.0111458 0.999864 -0.0121846 -5.04532 0.0493582 0.0127205 0.9987 174.678 
0.998277 0.0214185 -0.054632 67.1092 -0.0214093 0.99977 0.000754588 -5.0599 0.0546357 0.000416262 0.998506 175.528 
0.997885 0.0263571 -0.0594111 67.0393 -0.0258863 0.999627 0.00868168 -5.07609 0.0596179 -0.00712547 0.998196 176.375 
0.997674 0.0258195 -0.0630856 66.9696 -0.0255096 0.999658 0.00571407 -5.08513 0.0632116 -0.00409158 0.997992 177.216 
0.997502 0.0271501 -0.0652098 66.8984 -0.0275406 0.999608 -0.00509546 -5.09395 0.065046 0.00687856 0.997858 178.047 
0.996956 0.0373186 -0.0684604 66.8187 -0.0384018 0.999156 -0.0145738 -5.1012 0.0678588 0.0171584 0.997547 178.875 
0.996855 0.0356428 -0.0707728 66.7446 -0.0370162 0.999149 -0.0181884 -5.11785 0.0700643 0.0207508 0.997327 179.719 
0.996856 0.0303299 -0.0731921 66.6827 -0.0313724 0.999421 -0.013135 -5.13947 0.0727515 0.0153898 0.997231 180.576 
0.99687 0.0305452 -0.0729212 66.6114 -0.0309464 0.999511 -0.00437716 -5.15645 0.072752 0.00662003 0.997328 181.438 
0.996834 0.0324193 -0.0726042 66.5279 -0.0324321 0.999473 0.00100325 -5.17021 0.0725985 0.00135454 0.99736 182.299 
0.996704 0.0321338 -0.0744905 66.4541 -0.0322033 0.999481 0.000269379 -5.1844 0.0744606 0.00213026 0.997222 183.152 
0.996635 0.0284663 -0.0768684 66.38 -0.0292361 0.999533 -0.00890608 -5.20023 0.0765791 0.0111234 0.997001 184.001 
0.996696 0.017435 -0.0793323 66.316 -0.0191012 0.999612 -0.0202921 -5.21747 0.0789478 0.0217403 0.996642 184.849 
0.996661 0.00696938 -0.0813571 66.2531 -0.00897726 0.999663 -0.0243391 -5.23736 0.0811601 0.0249881 0.996388 185.699 
0.996545 0.00942801 -0.0825176 66.1698 -0.0111118 0.999739 -0.0199691 -5.25995 0.0823079 0.0208169 0.996389 186.556 
0.996375 0.0154797 -0.083646 66.0752 -0.0163213 0.999823 -0.00938639 -5.28425 0.083486 0.0107175 0.996451 187.421 
0.996217 0.0165137 -0.0853151 65.989 -0.0170651 0.999838 -0.00573622 -5.30969 0.0852066 0.00717034 0.996337 188.272 
0.996153 0.0155483 -0.086245 65.9089 -0.016429 0.99982 -0.00950966 -5.33006 0.0860817 0.0108899 0.996228 189.11 
0.996176 0.0155644 -0.0859727 65.8213 -0.0169835 0.999731 -0.0157987 -5.34503 0.0857038 0.0171983 0.996172 189.949 
0.996014 0.0224654 -0.0863165 65.7283 -0.0239692 0.999578 -0.0164241 -5.36299 0.0859112 0.0184274 0.996132 190.785 
0.995912 0.0252433 -0.0867273 65.6399 -0.0265 0.999559 -0.013369 -5.38608 0.0863517 0.0156125 0.996142 191.62 
0.995749 0.02898 -0.0874259 65.5496 -0.0299886 0.999498 -0.0102439 -5.40895 0.0870852 0.0128221 0.996118 192.454 
0.995628 0.032725 -0.0874851 65.4609 -0.0335093 0.99941 -0.00751024 -5.42777 0.0871878 0.0104089 0.996137 193.283 
0.99547 0.0354798 -0.0882097 65.3731 -0.0363104 0.99931 -0.00782756 -5.44733 0.0878712 0.0109949 0.996071 194.107 
