1 -4.23778e-08 4.22719e-08 0 -4.23778e-08 1 -4.19404e-08 0 4.22719e-08 -4.19404e-08 1 0 
0.999055 -0.000528266 0.0434614 0.0637137 0.000627838 0.999997 -0.00227943 -0.0338249 -0.04346 0.00230448 0.999052 1.10697 
0.996073 -0.00473996 0.0884024 0.15609 0.00537665 0.999961 -0.00696641 -0.0569707 -0.0883659 0.00741428 0.99606 2.11604 
0.991086 -0.00472707 0.133142 0.301306 0.00623743 0.999921 -0.0109298 -0.079382 -0.13308 0.0116628 0.991037 3.15017 
0.983821 -0.00244985 0.179137 0.471684 0.004894 0.999901 -0.0132039 -0.112401 -0.179087 0.0138668 0.983735 4.1551 
0.974364 -0.00488347 0.224926 0.688985 0.00800741 0.999884 -0.0129791 -0.141618 -0.224836 0.0144473 0.974289 5.14714 
0.962726 -0.0055072 0.270421 0.961661 0.00972662 0.999851 -0.0142659 -0.161871 -0.270302 0.0163643 0.962636 6.24998 
0.949363 -0.00816521 0.314075 1.29278 0.0141038 0.999762 -0.0166407 -0.196486 -0.313865 0.0202276 0.949252 7.23554 
0.934197 -0.00958846 0.356628 1.64224 0.0171925 0.999687 -0.0181583 -0.228692 -0.356343 0.0230947 0.93407 8.1798 
0.916935 -0.00939962 0.398927 2.04372 0.0184268 0.999653 -0.0188003 -0.260345 -0.398612 0.0245895 0.91679 9.1232 
0.897309 -0.00976435 0.441296 2.48302 0.0194045 0.999661 -0.0173374 -0.291372 -0.440977 0.0241201 0.897194 10.0567 
0.875454 -0.00953627 0.483207 2.96442 0.0199318 0.999667 -0.0163831 -0.326511 -0.48289 0.0239738 0.875353 10.9505 
0.851282 -0.00951219 0.524622 3.47757 0.0205885 0.999671 -0.0152827 -0.356074 -0.524304 0.023811 0.851198 11.8369 
0.825792 -0.0100336 0.563885 4.07263 0.0226524 0.999625 -0.015387 -0.381428 -0.563519 0.0254798 0.82571 12.7314 
0.798396 -0.011804 0.602017 4.67149 0.0259861 0.999552 -0.0148643 -0.414168 -0.601571 0.0275116 0.798345 13.54 
0.770037 -0.0111217 0.637903 5.32843 0.0271006 0.999516 -0.015288 -0.451432 -0.637424 0.0290598 0.769965 14.3218 
0.739362 -0.0144135 0.673154 5.98654 0.0319183 0.999397 -0.0136588 -0.488416 -0.672551 0.0315847 0.739376 15.0552 
0.707277 -0.0135058 0.706807 6.69131 0.0320435 0.999402 -0.0129683 -0.517509 -0.70621 0.0318207 0.707287 15.7789 
0.672903 -0.012375 0.739627 7.40441 0.0330841 0.999363 -0.0133789 -0.556555 -0.738991 0.0334726 0.672883 16.4428 
0.637627 -0.0137692 0.770222 8.22485 0.0377875 0.999196 -0.01342 -0.585871 -0.769418 0.0376617 0.637634 17.1157 
0.60093 -0.0118931 0.799213 9.00468 0.0375608 0.999205 -0.013373 -0.617165 -0.798418 0.0380553 0.600899 17.7142 
0.563338 -0.0109754 0.826154 9.84559 0.040554 0.999074 -0.0143805 -0.650552 -0.825231 0.0416049 0.563261 18.2859 
0.524044 -0.00922103 0.851641 10.6968 0.0451447 0.998836 -0.0169644 -0.675182 -0.850494 0.0473372 0.52385 18.8336 
0.485387 -0.00838159 0.874259 11.5533 0.0467245 0.998774 -0.0163661 -0.699707 -0.87305 0.0487932 0.485183 19.3096 
0.447128 -0.0103042 0.894411 12.4409 0.0517111 0.998559 -0.0143471 -0.729699 -0.892974 0.0526659 0.447016 19.7479 
0.410107 -0.0107153 0.911974 13.4917 0.0557988 0.998353 -0.0133622 -0.737061 -0.910329 0.0563669 0.410029 20.2326 
0.375047 -0.00840096 0.926968 14.4552 0.057561 0.99824 -0.0142421 -0.758791 -0.925217 0.0586986 0.37487 20.6208 
0.342046 -0.00904726 0.93964 15.5022 0.0580758 0.998246 -0.0115292 -0.776911 -0.937887 0.0585139 0.341971 20.9836 
0.309076 -0.0107627 0.950976 16.5599 0.0608144 0.998113 -0.00846916 -0.791262 -0.949091 0.0604507 0.309147 21.3191 
0.276234 -0.0107039 0.961031 17.5486 0.061314 0.998097 -0.00650721 -0.808927 -0.959132 0.0607222 0.276365 21.608 
0.244379 -0.0079907 0.969647 18.5489 0.0595738 0.998201 -0.0067884 -0.825568 -0.967848 0.0594244 0.244416 21.865 
0.213589 -0.00609857 0.976905 19.6368 0.059784 0.998188 -0.00683971 -0.826826 -0.975093 0.0598641 0.213566 22.14 
0.182954 -0.00591107 0.983104 20.724 0.0619354 0.998065 -0.00552516 -0.834611 -0.981168 0.0618997 0.182966 22.3634 
0.152609 -0.00623056 0.988267 21.8276 0.063586 0.99797 -0.00352738 -0.849224 -0.986239 0.0633783 0.152696 22.5448 
0.122743 -0.00685248 0.992415 23.0559 0.062594 0.998039 -0.000850474 -0.848716 -0.990463 0.0622236 0.122931 22.6779 
0.0935034 -0.00710485 0.995594 24.1864 0.0632868 0.997995 0.00117818 -0.853625 -0.993605 0.0628978 0.0937656 22.7832 
0.0661454 -0.00673661 0.997787 25.3909 0.0659114 0.997823 0.00236735 -0.853122 -0.995631 0.065609 0.0664454 22.8876 
0.0411501 -0.00627698 0.999133 26.6628 0.0702709 0.997522 0.00337262 -0.849237 -0.996679 0.0700712 0.0414892 22.9353 
0.0182663 -0.00575403 0.999817 27.907 0.0745335 0.997209 0.00437724 -0.849361 -0.997051 0.0744399 0.0186442 22.9808 
-0.00222458 -0.00589825 0.99998 29.1855 0.0801283 0.996766 0.00605747 -0.843951 -0.996782 0.0801402 -0.00174477 22.9982 
-0.0203623 -0.00648429 0.999772 30.4189 0.0840202 0.99643 0.00817378 -0.83372 -0.996256 0.0841674 -0.0197448 23.0002 
-0.0360301 -0.00620018 0.999331 31.7728 0.0872133 0.996146 0.00932474 -0.813746 -0.995538 0.087491 -0.0353505 22.9644 
-0.0503435 -0.00685592 0.998708 33.0636 0.0894698 0.995925 0.0113468 -0.807932 -0.994716 0.0899254 -0.0495249 22.9132 
-0.0639261 -0.00798397 0.997923 34.3248 0.0896642 0.995878 0.0137113 -0.801954 -0.993918 0.0903544 -0.0629467 22.8605 
-0.0769112 -0.0077898 0.997007 35.5973 0.0891835 0.995907 0.0146609 -0.792929 -0.993041 0.0900442 -0.0759017 22.8098 
-0.0885685 -0.00503403 0.996057 36.8638 0.0889564 0.995951 0.0129433 -0.783092 -0.99209 0.0897521 -0.0877621 22.7363 
-0.0988263 -0.00173566 0.995103 38.1 0.0891993 0.995957 0.0105957 -0.773226 -0.991099 0.0898096 -0.098272 22.6281 
-0.108648 0.000931538 0.99408 39.3981 0.0902578 0.995878 0.00893142 -0.757576 -0.989974 0.0906938 -0.108284 22.528 
-0.116088 0.00184438 0.993237 40.7356 0.0902442 0.995882 0.00869822 -0.757794 -0.989131 0.0906436 -0.115776 22.3947 
-0.121937 0.00226936 0.992535 42.1107 0.0901716 0.995887 0.00880083 -0.762459 -0.988433 0.0905716 -0.12164 22.237 
-0.127121 0.00380146 0.99188 43.492 0.0910579 0.995815 0.00785357 -0.750572 -0.987699 0.0913169 -0.126936 22.0749 
-0.132123 0.00538833 0.991219 44.8665 0.0902528 0.995897 0.00661625 -0.75418 -0.987116 0.0903344 -0.132067 21.9347 
-0.136472 0.0061476 0.990625 46.1915 0.0899717 0.995925 0.00621429 -0.752295 -0.98655 0.0899763 -0.136469 21.7594 
-0.139506 0.00495301 0.990209 47.6469 0.0897874 0.995931 0.00766805 -0.74468 -0.986142 0.089978 -0.139383 21.5712 
-0.141933 0.00287677 0.989872 49.1089 0.0908359 0.995814 0.0101304 -0.747761 -0.9857 0.0913538 -0.1416 21.382 
-0.144166 0.00149551 0.989552 50.5812 0.0910968 0.995772 0.0117667 -0.74432 -0.985351 0.0918414 -0.143693 21.1786 
-0.146198 0.00218777 0.989253 52.0689 0.0939364 0.99551 0.0116808 -0.73171 -0.984785 0.0946345 -0.145747 20.9672 
-0.147243 0.00174041 0.989099 53.5709 0.0941726 0.99548 0.0122674 -0.730335 -0.984607 0.0949523 -0.146742 20.7684 
-0.148193 0.00304015 0.988954 55.0813 0.0956171 0.995354 0.0112682 -0.722885 -0.984325 0.0962308 -0.147795 20.569 
-0.148 0.00336599 0.988982 56.5871 0.0959861 0.995322 0.0109765 -0.708856 -0.984318 0.096553 -0.147631 20.3542 
-0.147445 0.00461985 0.989059 58.1606 0.0961594 0.995319 0.00968589 -0.711505 -0.984385 0.0965355 -0.147199 20.1444 
-0.14646 0.00435165 0.989207 59.6828 0.0967526 0.995259 0.0099467 -0.705092 -0.984474 0.0971652 -0.146187 19.9393 
-0.144859 0.0032683 0.989447 61.2409 0.0960212 0.995321 0.0107701 -0.698365 -0.984782 0.0965681 -0.144495 19.7258 
-0.1438 0.00404079 0.989598 62.8363 0.0970934 0.995224 0.010045 -0.68948 -0.984832 0.097528 -0.143506 19.5127 
-0.142778 0.00454205 0.989744 64.4554 0.097266 0.995213 0.00946414 -0.681812 -0.984964 0.0976198 -0.142537 19.2925 
-0.141769 0.00503656 0.989887 66.0776 0.0985762 0.995088 0.0090547 -0.675629 -0.984979 0.098863 -0.141569 19.0734 
-0.141013 0.00473017 0.989996 67.7324 0.0982743 0.995116 0.00924327 -0.671304 -0.985118 0.0985946 -0.140789 18.8723 
-0.140348 0.00293639 0.990098 69.437 0.100342 0.994889 0.0112729 -0.669729 -0.985004 0.10093 -0.139926 18.6506 
-0.139773 0.00104657 0.990183 71.1098 0.101892 0.994706 0.0133315 -0.655727 -0.984927 0.102755 -0.13914 18.4396 
-0.138818 0.00208374 0.990316 72.8794 0.103344 0.994568 0.0123935 -0.642773 -0.984911 0.104064 -0.138279 18.1941 
-0.138318 0.00372836 0.990381 74.5516 0.105784 0.994328 0.0110307 -0.644964 -0.984722 0.106292 -0.137928 17.9884 
-0.137863 0.00329784 0.990446 76.3062 0.105332 0.994372 0.0113505 -0.63812 -0.984834 0.10589 -0.137435 17.7667 
-0.137583 0.00311996 0.990485 78.0691 0.106129 0.994285 0.0116098 -0.637387 -0.984788 0.106716 -0.137128 17.5337 
-0.137368 0.00198063 0.990518 79.8427 0.105863 0.9943 0.0126931 -0.626763 -0.984847 0.106603 -0.136794 17.3077 
-0.136877 0.00220558 0.990585 81.611 0.107924 0.994078 0.0126993 -0.624446 -0.984691 0.108646 -0.136305 17.0716 
-0.136615 0.00202037 0.990622 83.3779 0.109071 0.993949 0.0130145 -0.608681 -0.984601 0.109826 -0.136009 16.8378 
-0.136276 0.00299025 0.990666 85.1793 0.109598 0.993902 0.0120763 -0.598581 -0.98459 0.110221 -0.135773 16.583 
-0.136698 0.00396198 0.990605 86.9902 0.108958 0.993985 0.01106 -0.578423 -0.984602 0.109446 -0.136307 16.3521 
-0.137783 0.00447877 0.990452 88.8272 0.108391 0.994052 0.0105832 -0.573016 -0.984514 0.108814 -0.137449 16.1237 
-0.138919 0.00511704 0.99029 90.6701 0.107493 0.994156 0.00994217 -0.566985 -0.984452 0.107831 -0.138657 15.8792 
-0.139837 0.00411552 0.990166 92.4941 0.106349 0.994269 0.0108866 -0.560328 -0.984447 0.106826 -0.139473 15.6437 
-0.14069 0.00380291 0.990046 94.3634 0.106498 0.994248 0.0113147 -0.556547 -0.984309 0.107029 -0.140286 15.3907 
-0.141013 0.00254665 0.990004 96.1963 0.104436 0.994455 0.0123174 -0.555661 -0.984484 0.105129 -0.140497 15.1453 
-0.142377 0.00346461 0.989806 97.9877 0.104925 0.994412 0.0116119 -0.554288 -0.984235 0.105508 -0.141945 14.8968 
-0.144693 0.00413155 0.989468 99.8939 0.104311 0.994483 0.0111011 -0.54759 -0.983963 0.104818 -0.144326 14.6334 
-0.148306 0.00472267 0.98893 101.779 0.104829 0.99443 0.0109719 -0.547778 -0.98337 0.105296 -0.147975 14.3477 
-0.152462 0.00379173 0.988302 103.669 0.103208 0.994586 0.0121055 -0.542614 -0.982906 0.103846 -0.152028 14.0678 
-0.157295 0.0029268 0.987547 105.574 0.101728 0.994724 0.0132549 -0.53657 -0.982298 0.102546 -0.156762 13.794 
-0.161881 0.00374787 0.986803 107.477 0.100402 0.994866 0.012692 -0.526769 -0.981689 0.101132 -0.161426 13.5099 
-0.16649 0.00568169 0.986027 109.384 0.101172 0.994804 0.0113506 -0.514918 -0.980839 0.101649 -0.1662 13.213 
-0.170913 0.00737426 0.985259 111.31 0.100971 0.994838 0.0100694 -0.515217 -0.980099 0.101204 -0.170775 12.8935 
-0.175558 0.00770487 0.984439 113.218 0.100112 0.994925 0.0100662 -0.512491 -0.979366 0.100321 -0.175439 12.5745 
-0.180238 0.00736159 0.983595 115.175 0.0981808 0.995113 0.0105431 -0.503178 -0.978711 0.0984705 -0.180079 12.2429 
-0.185132 0.0065902 0.982691 117.142 0.0963843 0.995278 0.0114835 -0.500054 -0.977975 0.096842 -0.184893 11.8905 
-0.190473 0.00603053 0.981674 119.133 0.0953642 0.995365 0.0123887 -0.487811 -0.977049 0.0959762 -0.190166 11.5279 
-0.195686 0.00576367 0.98065 121.125 0.0954889 0.995343 0.0132045 -0.477911 -0.976007 0.0962251 -0.195325 11.1565 
-0.20113 0.00742168 0.979536 123.107 0.0957845 0.995328 0.0121262 -0.465242 -0.97487 0.0962634 -0.200901 10.7761 
-0.206316 0.00844689 0.978449 125.077 0.0955977 0.995353 0.0115649 -0.45828 -0.973804 0.0959235 -0.206165 10.3859 
-0.211936 0.00846643 0.977247 127.067 0.0962823 0.995278 0.0122581 -0.450056 -0.972529 0.0966895 -0.211751 9.97748 
-0.217255 0.00843513 0.976078 129.055 0.0956117 0.995338 0.0126795 -0.443727 -0.971421 0.0960792 -0.217048 9.56485 
-0.222118 0.00937311 0.974975 131.069 0.0954532 0.995359 0.0121769 -0.433646 -0.970336 0.0957692 -0.221982 9.12943 
-0.226877 0.00980153 0.973874 133.087 0.0947228 0.995431 0.0120484 -0.425381 -0.969306 0.0949816 -0.226769 8.67838 
-0.231148 0.00930196 0.972874 135.143 0.0955959 0.995333 0.0131962 -0.402524 -0.968211 0.0960531 -0.230959 8.22735 
-0.234945 0.00976596 0.97196 137.157 0.0990474 0.994985 0.0139446 -0.372662 -0.966949 0.0995463 -0.234734 7.74687 
-0.238709 0.0106295 0.971033 139.19 0.100416 0.99485 0.0137949 -0.361866 -0.965885 0.1008 -0.238547 7.30938 
-0.241698 0.0110934 0.970288 141.224 0.100927 0.994799 0.013767 -0.353357 -0.965088 0.101255 -0.24156 6.81663 
-0.244744 0.0109808 0.969526 143.274 0.100285 0.994859 0.0140478 -0.341996 -0.964388 0.100667 -0.244587 6.3168 
-0.2484 0.011528 0.968589 145.307 0.0988668 0.995009 0.0135124 -0.328911 -0.963599 0.0991178 -0.2483 5.81664 
-0.252694 0.0123112 0.967468 147.3 0.0983183 0.99507 0.0130174 -0.330946 -0.962538 0.0984092 -0.252658 5.32671 
-0.2572 0.012211 0.966281 149.361 0.0972909 0.995167 0.0133203 -0.312597 -0.961448 0.0974363 -0.257145 4.82681 
-0.261789 0.0127102 0.965041 151.401 0.09753 0.995143 0.0133505 -0.311444 -0.960185 0.0976155 -0.261757 4.31839 
-0.266252 0.0131513 0.963814 153.414 0.0965755 0.995239 0.0130987 -0.310396 -0.959053 0.0965684 -0.266255 3.79041 
-0.270817 0.0131525 0.962541 155.407 0.0961869 0.995272 0.013463 -0.314379 -0.957813 0.0962298 -0.270802 3.26486 
-0.275121 0.012474 0.961328 157.453 0.0959805 0.995277 0.0145539 -0.309658 -0.956606 0.0962729 -0.275019 2.70955 
-0.27925 0.0126602 0.960135 159.484 0.0971946 0.99515 0.0151465 -0.303614 -0.955287 0.0975496 -0.279126 2.15712 
-0.283139 0.0134821 0.958984 161.525 0.0984499 0.995028 0.0150783 -0.297891 -0.954012 0.0986812 -0.283059 1.58523 
-0.286661 0.0146557 0.95792 163.591 0.0985952 0.995025 0.0142815 -0.28705 -0.952945 0.0985403 -0.28668 0.998845 
-0.289976 0.0161824 0.956897 165.624 0.098781 0.995023 0.0131072 -0.284835 -0.951922 0.098324 -0.290132 0.417896 
-0.293268 0.0172107 0.955875 167.677 0.0991005 0.994999 0.0124894 -0.280754 -0.95088 0.0983905 -0.293507 -0.176314 
-0.296444 0.0176604 0.954887 169.7 0.0983392 0.995079 0.0121256 -0.281865 -0.949974 0.0974973 -0.296722 -0.778077 
-0.299735 0.0175764 0.95386 171.766 0.0986033 0.995046 0.0126491 -0.279715 -0.948913 0.0978452 -0.299983 -1.40313 
-0.303681 0.017774 0.952608 173.881 0.0984489 0.995059 0.0128183 -0.275727 -0.947674 0.0976759 -0.303931 -2.03917 
-0.307526 0.0185587 0.951359 175.876 0.101141 0.994783 0.013288 -0.283737 -0.946149 0.100308 -0.307799 -2.65465 
-0.310762 0.018532 0.950307 177.989 0.102542 0.994628 0.014136 -0.277813 -0.94494 0.101839 -0.310993 -3.31666 
-0.313213 0.0180973 0.94951 180.127 0.103044 0.994563 0.015035 -0.262925 -0.944076 0.102551 -0.313375 -3.99934 
-0.316236 0.0177325 0.948515 182.22 0.103266 0.994528 0.0158361 -0.259149 -0.943044 0.102957 -0.316336 -4.66016 
-0.319044 0.0181638 0.947566 184.298 0.102202 0.994645 0.0153449 -0.253982 -0.942213 0.101739 -0.319192 -5.31924 
-0.321751 0.0201581 0.94661 186.402 0.101697 0.994725 0.0133838 -0.245089 -0.941347 0.100574 -0.322103 -6.00385 
-0.325128 0.0219477 0.945415 188.504 0.10109 0.994809 0.0116704 -0.249744 -0.940251 0.0993668 -0.325659 -6.67835 
-0.328157 0.022897 0.944345 190.594 0.100596 0.994868 0.0108347 -0.251701 -0.939251 0.0985528 -0.328777 -7.37968 
-0.331586 0.0238127 0.943124 192.677 0.0992349 0.995016 0.00976629 -0.255422 -0.938191 0.0968292 -0.332296 -8.06632 
-0.335025 0.0239616 0.941904 194.819 0.0997825 0.994957 0.0101802 -0.255793 -0.93691 0.0973962 -0.335727 -8.79816 
-0.338889 0.0232298 0.940539 196.95 0.0993475 0.994989 0.0112217 -0.255252 -0.935566 0.0972432 -0.339499 -9.51871 
-0.342322 0.0226879 0.939309 199.022 0.0992858 0.994985 0.0121511 -0.258687 -0.934322 0.0974196 -0.342858 -10.2499 
-0.346665 0.0221069 0.937728 201.073 0.0988723 0.995014 0.0130942 -0.267501 -0.932763 0.0972547 -0.347122 -10.9544 
-0.350503 0.0219113 0.936305 203.175 0.0977846 0.995118 0.0133177 -0.273869 -0.931443 0.0962241 -0.350935 -11.6989 
-0.354559 0.0222622 0.934768 205.253 0.0962701 0.995273 0.0128122 -0.282718 -0.930064 0.0945329 -0.355026 -12.4378 
-0.357974 0.022873 0.933451 207.41 0.0961446 0.995289 0.0124827 -0.280729 -0.928768 0.0942148 -0.358487 -13.2167 
-0.360886 0.0235571 0.932312 209.467 0.0971584 0.995191 0.0124628 -0.300492 -0.927535 0.0950797 -0.36144 -13.9718 
-0.363593 0.0230426 0.931273 211.541 0.0980331 0.995089 0.013653 -0.314235 -0.926385 0.0962597 -0.364066 -14.7397 
-0.366059 0.0225387 0.930319 213.698 0.0993933 0.994935 0.0150047 -0.307594 -0.925268 0.0979601 -0.366445 -15.5621 
-0.368992 0.0231911 0.929143 215.801 0.100557 0.994817 0.0151039 -0.316033 -0.923977 0.0990048 -0.369411 -16.3402 
-0.37213 0.0243849 0.92786 217.934 0.10092 0.994791 0.0143314 -0.305925 -0.922678 0.0989731 -0.372653 -17.0914 
-0.374714 0.0243397 0.926821 220.074 0.100374 0.994845 0.014455 -0.313007 -0.921691 0.098445 -0.375226 -17.9107 
-0.377423 0.0254753 0.92569 222.224 0.0999521 0.994902 0.0133724 -0.318083 -0.920631 0.0975718 -0.378046 -18.7562 
-0.380338 0.026731 0.924461 224.346 0.0998808 0.994923 0.0123241 -0.312793 -0.919438 0.0970232 -0.381077 -19.5961 
-0.383054 0.0265308 0.923345 226.397 0.0975874 0.995156 0.0118904 -0.333845 -0.918556 0.0946615 -0.383788 -20.3856 
-0.386049 0.0276779 0.922063 228.447 0.0986139 0.99506 0.0114185 -0.332452 -0.917192 0.0953364 -0.386872 -21.2084 
-0.388545 0.0270321 0.921033 230.574 0.099909 0.994912 0.012947 -0.346163 -0.915997 0.0970499 -0.389269 -22.0694 
-0.39156 0.0259823 0.919786 232.569 0.100401 0.994839 0.0146391 -0.355155 -0.914659 0.0980798 -0.392148 -22.8865 
-0.395023 0.0255549 0.918316 234.549 0.0991964 0.994955 0.0149826 -0.364081 -0.9133 0.0970121 -0.395565 -23.6871 
-0.398059 0.0256934 0.917 236.645 0.0977572 0.995104 0.0145534 -0.36365 -0.912136 0.0954365 -0.398622 -24.5478 
-0.401797 0.0248488 0.915392 238.747 0.0958647 0.99528 0.0150608 -0.369979 -0.910697 0.0938051 -0.402283 -25.4206 
-0.405351 0.0239249 0.913848 240.858 0.0949419 0.995353 0.0160541 -0.373101 -0.909217 0.09327 -0.405739 -26.3112 
-0.408758 0.0241035 0.912324 243.004 0.0942297 0.995423 0.0159197 -0.369765 -0.907765 0.0924753 -0.409159 -27.2384 
-0.412626 0.0236778 0.910592 245.14 0.0936748 0.995465 0.0165631 -0.367753 -0.906071 0.092134 -0.412973 -28.1616 
-0.416734 0.0232768 0.90873 247.265 0.0928657 0.995532 0.0170869 -0.361841 -0.904272 0.0915106 -0.417034 -29.0689 
-0.420134 0.0234369 0.907159 249.337 0.0921319 0.995602 0.0169472 -0.338982 -0.902773 0.0906984 -0.420445 -30.0091 
-0.42391 0.0241568 0.905382 251.464 0.0922413 0.995598 0.0166245 -0.328411 -0.900995 0.0905609 -0.424272 -30.9712 
-0.427231 0.0249639 0.903798 253.621 0.0927521 0.995555 0.0163461 -0.308537 -0.899373 0.0908127 -0.427647 -31.9607 
-0.431049 0.0247046 0.90199 255.696 0.0925919 0.995559 0.016981 -0.309807 -0.897565 0.0908367 -0.431422 -32.8936 
-0.434714 0.0253877 0.900211 257.812 0.0915193 0.995673 0.0161149 -0.300587 -0.895906 0.0893921 -0.435156 -33.8557 
-0.438223 0.02566 0.8985 259.979 0.0920127 0.995622 0.0164434 -0.284577 -0.894144 0.0898793 -0.438666 -34.8846 
-0.441993 0.0259974 0.896642 262.047 0.0922669 0.995596 0.0166157 -0.281024 -0.892261 0.0900744 -0.442445 -35.8463 
-0.445393 0.0271288 0.894924 264.187 0.0935726 0.995477 0.0163929 -0.264107 -0.890432 0.0910416 -0.445917 -36.8681 
-0.449151 0.0293949 0.892972 266.276 0.0961957 0.99524 0.0156236 -0.260007 -0.888262 0.0929174 -0.449841 -37.855 
-0.451794 0.0299527 0.891619 268.368 0.0971241 0.995147 0.0157833 -0.245701 -0.88682 0.0937285 -0.452511 -38.8727 
-0.454721 0.032487 0.890041 270.473 0.0994187 0.99494 0.014477 -0.229122 -0.885067 0.0950698 -0.455651 -39.8863 
-0.457419 0.0350106 0.888562 272.596 0.101087 0.994795 0.0128416 -0.216436 -0.883487 0.0956959 -0.458577 -40.9186 
-0.460282 0.0355863 0.887059 274.72 0.102205 0.994677 0.013129 -0.211691 -0.88187 0.0967049 -0.461469 -41.9767 
-0.463307 0.0365879 0.885442 276.902 0.102554 0.994648 0.012561 -0.200982 -0.880244 0.0966256 -0.464579 -43.0691 
-0.466636 0.0364643 0.883698 279.062 0.101536 0.994752 0.0125691 -0.189882 -0.878602 0.0955923 -0.467889 -44.162 
-0.470076 0.0380387 0.881806 281.22 0.102407 0.994674 0.0116837 -0.177517 -0.876665 0.095795 -0.471468 -45.2716 
-0.473281 0.0384112 0.880073 283.368 0.101508 0.994772 0.0111709 -0.162728 -0.875043 0.0946212 -0.474706 -46.3805 
-0.476015 0.0381186 0.87861 285.526 0.0996788 0.994961 0.0108376 -0.1589 -0.87377 0.0927378 -0.477416 -47.4941 
-0.478689 0.0385442 0.877138 287.661 0.101458 0.994771 0.0116562 -0.165196 -0.872103 0.0945724 -0.480097 -48.6062 
-0.48074 0.0389499 0.875998 289.777 0.103455 0.994555 0.0125538 -0.164504 -0.870739 0.0966616 -0.482152 -49.7391 
-0.482981 0.0394235 0.874743 291.893 0.105157 0.994367 0.0132463 -0.16193 -0.869294 0.0983827 -0.484406 -50.862 
-0.485015 0.0391674 0.873628 294.058 0.105311 0.994342 0.0138864 -0.164473 -0.868142 0.0987378 -0.486395 -51.99 
-0.487258 0.0385446 0.872407 296.181 0.105038 0.994359 0.0147331 -0.144808 -0.866918 0.0988145 -0.488558 -53.1284 
-0.489704 0.0388016 0.871025 298.263 0.106342 0.994209 0.015498 -0.113417 -0.865379 0.100216 -0.490994 -54.2707 
-0.491832 0.0387568 0.869827 300.488 0.106275 0.994211 0.0157927 -0.0809408 -0.86418 0.100208 -0.493104 -55.4955 
-0.494727 0.039848 0.868134 302.677 0.106153 0.994239 0.0148575 -0.0599939 -0.862541 0.0995055 -0.496107 -56.6011 
-0.497855 0.0423625 0.866225 304.768 0.106422 0.994242 0.0125419 -0.0464256 -0.860706 0.0984294 -0.499497 -57.6972 
-0.501148 0.0417926 0.864352 306.853 0.104895 0.994402 0.0127372 -0.0374091 -0.85898 0.0970496 -0.502726 -58.859 
-0.505362 0.0403329 0.861964 309.073 0.103224 0.99456 0.013982 -0.026355 -0.856711 0.0960412 -0.506777 -60.0925 
-0.510297 0.037803 0.859167 311.306 0.10085 0.994771 0.0161297 -0.00793613 -0.854064 0.0948778 -0.511442 -61.3492 
-0.515036 0.0364921 0.856391 313.579 0.0994307 0.994892 0.0174039 0.0168304 -0.851382 0.0941152 -0.516034 -62.6635 
-0.519358 0.0363273 0.853784 315.811 0.0992683 0.994897 0.0180536 0.0388268 -0.848771 0.09413 -0.520314 -63.9793 
-0.52355 0.0379063 0.851151 318.024 0.0997344 0.994868 0.0170406 0.11886 -0.846137 0.0938106 -0.524644 -65.2973 
-0.527512 0.0390044 0.848652 320.347 0.10127 0.99471 0.0172311 0.141617 -0.84349 0.0950329 -0.528671 -66.6837 
-0.531302 0.0388364 0.846292 322.477 0.101975 0.994617 0.0183771 0.156326 -0.841023 0.0960648 -0.532402 -67.9807 
-0.535069 0.037586 0.843972 324.734 0.102166 0.994556 0.0204801 0.178864 -0.838608 0.0971839 -0.535996 -69.3689 
-0.53887 0.0358052 0.841627 326.873 0.100492 0.994694 0.0220252 0.19954 -0.836373 0.0964457 -0.539609 -70.7159 
-0.542169 0.0355708 0.839516 329.009 0.0998417 0.994753 0.0223305 0.219191 -0.834317 0.0959257 -0.542875 -72.095 
-0.546065 0.0354235 0.836993 331.242 0.0998911 0.994731 0.0230708 0.251184 -0.831766 0.0962064 -0.546726 -73.504 
-0.550032 0.0353149 0.834396 333.491 0.100476 0.994647 0.0241362 0.295782 -0.829077 0.0971126 -0.550636 -74.9343 
-0.554336 0.0352924 0.831544 335.765 0.101296 0.994534 0.0253172 0.344314 -0.826106 0.0982661 -0.554881 -76.3692 
-0.558188 0.0347014 0.828988 337.952 0.100775 0.994564 0.0262231 0.371386 -0.823572 0.0981787 -0.558651 -77.7692 
-0.561427 0.033855 0.826833 340.125 0.0999117 0.994627 0.0271155 0.413872 -0.821472 0.0978337 -0.561793 -79.2195 
-0.564374 0.032985 0.82486 342.253 0.0994393 0.994642 0.0282625 0.453571 -0.819509 0.0979741 -0.56463 -80.6333 
-0.567345 0.032467 0.822839 344.316 0.0986686 0.994704 0.0287834 0.508907 -0.817547 0.0975185 -0.567544 -82.0074 
-0.570025 0.0313299 0.82103 346.502 0.0944851 0.995143 0.0276252 0.554617 -0.816176 0.0933222 -0.570217 -83.4748 
-0.573503 0.0307815 0.818625 348.63 0.0911826 0.995483 0.026448 0.594366 -0.814113 0.0898123 -0.573719 -84.8983 
-0.576344 0.0281576 0.816722 350.841 0.0888004 0.995646 0.0283383 0.644043 -0.812368 0.0888579 -0.576335 -86.3963 
-0.579784 0.0277582 0.814297 353.074 0.0892433 0.99557 0.0296042 0.700656 -0.809868 0.0898347 -0.579693 -87.925 
-0.58278 0.0281559 0.812142 355.244 0.0889757 0.995602 0.0293312 0.751486 -0.807744 0.0893546 -0.582722 -89.4222 
-0.586211 0.0265248 0.809724 357.266 0.0862056 0.995832 0.0297884 0.771857 -0.805559 0.087265 -0.586054 -90.827 
-0.589125 0.0228419 0.807719 359.459 0.0837155 0.995947 0.0328945 0.824341 -0.803694 0.0869976 -0.588649 -92.3781 
-0.592222 0.0200466 0.805526 361.603 0.0803171 0.99618 0.0342577 0.877852 -0.801762 0.0849857 -0.59157 -93.9032 
-0.595093 0.0192552 0.803426 363.75 0.0786222 0.996312 0.0343569 0.944603 -0.799802 0.0836127 -0.594412 -95.4504 
-0.597746 0.0195444 0.801447 365.903 0.0781813 0.996359 0.0340126 1.00409 -0.797864 0.0829891 -0.597097 -97.0163 
-0.59994 0.0194362 0.799809 368.05 0.0788175 0.996278 0.0349106 1.06006 -0.796153 0.0839832 -0.599239 -98.5866 
-0.602377 0.0188479 0.797989 370.203 0.0783873 0.996286 0.0356406 1.11555 -0.794353 0.0840213 -0.601617 -100.166 
-0.604513 0.0168789 0.796417 372.29 0.0747846 0.996562 0.0356438 1.15482 -0.793077 0.0811068 -0.603697 -101.749 
-0.606869 0.0133967 0.794689 374.453 0.0648664 0.997357 0.0327223 1.20676 -0.79215 0.0714067 -0.606134 -103.349 
-0.609734 0.0159938 0.792444 376.434 0.0570262 0.99809 0.0237336 1.25231 -0.790552 0.0596613 -0.609482 -104.83 
-0.611789 0.0261322 0.790589 378.406 0.0673294 0.997547 0.0191292 1.28643 -0.78815 0.0649329 -0.612048 -106.373 
-0.612495 0.0269483 0.790015 380.544 0.0746095 0.996928 0.023838 1.31256 -0.786946 0.0735433 -0.612624 -108.002 
-0.614528 0.0176602 0.788697 382.698 0.0736559 0.996667 0.0350734 1.35952 -0.785449 0.0796458 -0.613781 -109.644 
-0.617805 0.00708692 0.786299 384.819 0.0675105 0.996745 0.0440601 1.4264 -0.783428 0.080304 -0.616273 -111.243 
-0.62083 0.00128076 0.783944 386.925 0.0616065 0.996986 0.0471593 1.51995 -0.78152 0.077574 -0.619038 -112.873 
-0.623629 0.000920403 0.78172 388.992 0.0607789 0.997029 0.0473133 1.60399 -0.779354 0.0770181 -0.621832 -114.444 
-0.627115 0.0064472 0.7789 390.894 0.0661936 0.996789 0.0450436 1.68326 -0.776109 0.0798058 -0.625529 -115.659 
-0.62865 0.0126988 0.777585 392.978 0.0702943 0.996702 0.0405532 1.75796 -0.774505 0.0801536 -0.627469 -117.338 
-0.631092 0.0150301 0.775562 395.113 0.0704907 0.996787 0.0380424 1.84343 -0.772499 0.0786782 -0.630123 -119.038 
-0.633171 0.0181231 0.7738 397.327 0.0719224 0.996778 0.0355058 1.92029 -0.770663 0.0781348 -0.632434 -120.908 
-0.635718 0.0175292 0.771722 399.282 0.0730039 0.996626 0.0375002 1.95083 -0.768461 0.0801783 -0.634853 -122.457 
-0.637856 0.0172918 0.769961 401.303 0.0748569 0.996406 0.039636 2.00226 -0.766509 0.082919 -0.636858 -124.089 
-0.640432 0.0188241 0.767784 403.118 0.0805658 0.99583 0.042787 1.97653 -0.763778 0.0892593 -0.639278 -125.516 
-0.64182 0.0193994 0.76661 405.215 0.0813019 0.995767 0.0428691 2.05385 -0.762533 0.0898411 -0.640681 -127.203 
-0.643444 0.0198838 0.765235 407.119 0.081769 0.995728 0.042882 2.12912 -0.761114 0.0901647 -0.642321 -128.737 
-0.64465 0.0193792 0.764232 408.924 0.0832654 0.995511 0.0449926 2.19388 -0.75993 0.0926386 -0.64337 -130.198 
-0.645765 0.018719 0.763306 410.841 0.0852612 0.995215 0.0477257 2.2523 -0.758761 0.0959 -0.644271 -131.769 
-0.647171 0.0181688 0.762128 412.799 0.0866547 0.99499 0.0498638 2.33167 -0.757404 0.0983124 -0.645503 -133.375 
-0.648446 0.0187137 0.761031 414.805 0.0860613 0.995091 0.0488603 2.40344 -0.75638 0.0971785 -0.646873 -135.045 
-0.649804 0.0186424 0.759873 416.714 0.0817047 0.99562 0.0454434 2.48664 -0.755698 0.0916145 -0.648481 -136.634 
-0.651239 0.0182135 0.758654 418.714 0.0792459 0.995878 0.044117 2.55835 -0.754724 0.0888509 -0.649998 -138.295 
-0.652111 0.0173052 0.757926 420.743 0.078577 0.995898 0.0448679 2.63963 -0.754041 0.0888144 -0.650795 -139.985 
-0.653088 0.0162743 0.757107 422.814 0.0767625 0.996042 0.0448057 2.7196 -0.753382 0.0873795 -0.651752 -141.72 
-0.653605 0.0150682 0.756686 424.818 0.0739148 0.996293 0.0440059 2.79699 -0.753218 0.0846928 -0.652296 -143.429 
-0.654551 0.014498 0.755879 426.846 0.0727423 0.996385 0.04388 2.88212 -0.75251 0.0837061 -0.653239 -145.121 
-0.655357 0.0130641 0.755206 428.909 0.073088 0.996255 0.0461907 2.97699 -0.751775 0.0854679 -0.653858 -146.872 
-0.655535 0.0117383 0.755073 431.005 0.0754015 0.9959 0.0499794 3.06996 -0.751391 0.089697 -0.653733 -148.649 
-0.654786 0.0105552 0.75574 433.058 0.0796595 0.995297 0.0551174 3.17938 -0.751604 0.096292 -0.652548 -150.378 
-0.653537 0.009863 0.756831 435.071 0.0836627 0.994729 0.0592809 3.30608 -0.752257 0.102061 -0.650917 -152.081 
-0.651839 0.00748702 0.75832 437.086 0.0779927 0.995311 0.0572142 3.41701 -0.754336 0.0964379 -0.649366 -153.762 
-0.65081 0.00711119 0.759207 439.117 0.0709795 0.996147 0.0515147 3.52962 -0.755915 0.0874144 -0.648807 -155.455 
-0.649416 0.00480984 0.760418 441.155 0.0654803 0.996619 0.0496179 3.638 -0.757608 0.0820151 -0.647536 -157.131 
-0.64602 0.00499962 0.763304 443.158 0.0646743 0.996741 0.0482082 3.72596 -0.760575 0.0805096 -0.644239 -158.824 
-0.642931 0.00535587 0.765905 445.24 0.0662884 0.996612 0.0486758 3.82969 -0.76305 0.0820658 -0.641108 -160.548 
-0.640291 0.00517902 0.768114 447.294 0.0668471 0.996559 0.0490036 3.92692 -0.765218 0.0827228 -0.638434 -162.206 
-0.637744 0.0059113 0.770225 449.344 0.0642011 0.996899 0.0455073 4.01468 -0.767568 0.0784714 -0.636146 -163.855 
-0.636642 0.00109701 0.771159 451.429 0.057327 0.997299 0.0459084 4.09901 -0.769026 0.0734354 -0.634985 -165.515 
-0.635837 -0.00551049 0.771803 453.529 0.0477808 0.997775 0.0464873 4.19426 -0.770343 0.0664358 -0.63416 -167.144 
-0.635172 -0.00852336 0.772324 455.54 0.0409632 0.99816 0.0447045 4.28507 -0.771284 0.0600319 -0.633654 -168.779 
-0.63411 -0.00923213 0.773187 457.573 0.039248 0.998255 0.0441077 4.36982 -0.772246 0.0583153 -0.632642 -170.406 
-0.632618 -0.0088694 0.774413 459.608 0.0416339 0.998099 0.045442 4.45754 -0.773344 0.0609893 -0.631046 -172.031 
-0.631319 -0.0100876 0.775458 461.675 0.0434707 0.997883 0.0483716 4.53942 -0.774304 0.0642477 -0.629544 -173.675 
-0.630211 -0.0124648 0.776324 463.757 0.0416381 0.99789 0.0498234 4.63278 -0.775307 0.0637239 -0.628362 -175.302 
-0.629671 -0.0122998 0.776764 465.785 0.039473 0.998076 0.0478023 4.7353 -0.775858 0.060761 -0.627974 -176.834 
-0.628477 -0.0114526 0.777744 467.867 0.0381825 0.998232 0.0455537 4.82853 -0.77689 0.0583257 -0.626928 -178.477 
-0.626818 -0.00971914 0.779105 469.954 0.0395543 0.998236 0.0442756 4.91747 -0.778161 0.0585697 -0.625328 -180.125 
-0.625695 -0.00915858 0.780014 472.039 0.0419679 0.998088 0.045384 4.99662 -0.778938 0.0611321 -0.624114 -181.759 
-0.624453 -0.00924142 0.781007 474.126 0.0434016 0.997974 0.0465104 5.08971 -0.779855 0.0629406 -0.622787 -183.372 
-0.623304 -0.00941315 0.781923 476.212 0.0433559 0.997973 0.0465748 5.18101 -0.780777 0.0629312 -0.621633 -184.999 
-0.62203 -0.0104434 0.782923 478.375 0.0426484 0.997975 0.0471959 5.28504 -0.781831 0.0627477 -0.620325 -186.651 
-0.620964 -0.0109399 0.783763 480.342 0.0429643 0.997924 0.0479691 5.35739 -0.782661 0.0634609 -0.619205 -188.121 
-0.619578 -0.0118977 0.784844 482.416 0.0427412 0.99789 0.0488684 5.44296 -0.78377 0.063823 -0.617763 -189.737 
-0.618972 -0.0112438 0.785332 484.54 0.041947 0.997997 0.0473497 5.54027 -0.784292 0.0622505 -0.617261 -191.378 
-0.618317 -0.00981581 0.785867 486.274 0.042447 0.998045 0.0458631 5.58931 -0.784782 0.0617157 -0.616692 -192.737 
-0.617482 -0.0102113 0.786519 488.31 0.042839 0.997995 0.0465889 5.67464 -0.785418 0.0624615 -0.615806 -194.302 
-0.616873 -0.0114836 0.786978 489.986 0.0424091 0.997956 0.0478046 5.73329 -0.785919 0.0628644 -0.615126 -195.659 
-0.617117 -0.0129674 0.786765 491.698 0.040808 0.997991 0.0484575 5.80005 -0.785813 0.0620103 -0.615348 -196.953 
-0.617355 -0.0135057 0.786569 493.818 0.0403266 0.997995 0.048787 5.89641 -0.78565 0.0618386 -0.615572 -198.568 
-0.616647 -0.0131221 0.787131 495.622 0.0405783 0.998002 0.0484268 5.95073 -0.786194 0.0618027 -0.614882 -200.071 
-0.61685 -0.0125366 0.786981 496.937 0.0410437 0.998 0.0480689 6.0478 -0.78601 0.0619519 -0.615102 -201.119 
-0.617121 -0.0142562 0.786739 498.242 0.040242 0.997956 0.0496495 6.09609 -0.785838 0.0622997 -0.615286 -202.08 
-0.617086 -0.0162798 0.786727 500.334 0.0392048 0.997908 0.0514009 6.18658 -0.785919 0.0625623 -0.615157 -203.684 
-0.617208 -0.0168097 0.78662 502.418 0.0383059 0.997944 0.0513817 6.27958 -0.785867 0.0618454 -0.615295 -205.243 
-0.618165 -0.0165677 0.785873 504.466 0.0380583 0.997974 0.0509756 6.40119 -0.785126 0.0614203 -0.616283 -206.217 
-0.619152 -0.0161143 0.785106 506.939 0.0380514 0.997999 0.050492 6.56726 -0.784349 0.0611366 -0.6173 -207.391 
-0.620137 -0.0156612 0.784337 509.41 0.0380452 0.998024 0.0500085 6.73205 -0.78357 0.0608524 -0.618316 -208.567 
-0.62083 -0.0161144 0.78378 511.767 0.0376146 0.998025 0.0503136 6.87785 -0.783042 0.0607178 -0.618997 -210.046 
-0.620633 -0.0156026 0.783946 513.857 0.0378729 0.998038 0.0498468 6.97158 -0.783186 0.0606268 -0.618825 -211.645 
-0.62047 -0.0157239 0.784073 515.6 0.0371751 0.998085 0.0494338 7.01626 -0.783349 0.0598202 -0.618697 -213.071 
-0.619347 -0.0165842 0.784942 517.607 0.0366441 0.998077 0.0500006 7.11459 -0.784262 0.0597312 -0.617548 -214.647 
-0.61856 -0.0176885 0.785539 519.554 0.0365688 0.998015 0.0512685 7.18806 -0.784886 0.0604388 -0.616685 -216.202 
-0.618232 -0.0193144 0.785759 521.666 0.0361377 0.997942 0.052963 7.29084 -0.785165 0.0611389 -0.616261 -217.816 
-0.618193 -0.0180363 0.785819 523.797 0.037052 0.997957 0.0520537 7.40307 -0.785152 0.0612954 -0.616262 -219.432 
-0.617901 -0.0155021 0.786103 525.915 0.0406512 0.997838 0.0516306 7.50273 -0.785204 0.0638587 -0.615935 -221.032 
-0.617334 -0.0160347 0.786538 527.947 0.0408655 0.997789 0.0524156 7.60048 -0.785639 0.0645002 -0.615314 -222.604 
-0.617172 -0.0168289 0.786648 530.038 0.0401524 0.997795 0.0528479 7.70447 -0.785803 0.064202 -0.615136 -224.21 
-0.616528 -0.0174813 0.787139 531.918 0.0393558 0.997819 0.0529857 7.79774 -0.786348 0.0636457 -0.614496 -225.755 
-0.61684 -0.0169441 0.786906 533.926 0.039078 0.997876 0.0521192 7.89854 -0.786118 0.0628999 -0.614867 -227.268 
-0.616463 -0.0178136 0.787182 535.619 0.039435 0.997791 0.0534621 7.97858 -0.786396 0.064 -0.614398 -228.779 
-0.616944 -0.0186429 0.786786 537.379 0.0402794 0.997661 0.0552238 8.07079 -0.785976 0.0657613 -0.61475 -230.093 
-0.616987 -0.0198364 0.786723 538.823 0.0393942 0.99765 0.0560496 8.08707 -0.785987 0.0655742 -0.614756 -231.311 
-0.616998 -0.0191519 0.786732 540.103 0.0377886 0.99783 0.0539266 8.06363 -0.786057 0.0630021 -0.614935 -232.439 
-0.617013 -0.0171452 0.786766 541.527 0.0378456 0.997959 0.0514275 8.12164 -0.786042 0.0615071 -0.615105 -233.72 
-0.616599 -0.0140423 0.787152 542.781 0.03809 0.998138 0.0476431 8.25741 -0.786356 0.0593593 -0.614916 -234.922 
-0.616587 -0.0158561 0.787127 544.844 0.038754 0.997974 0.0504609 8.34606 -0.786332 0.0616179 -0.614723 -236.488 
-0.616664 -0.0168664 0.787045 547.003 0.0395341 0.997845 0.0523594 8.45195 -0.786233 0.0634033 -0.614669 -238.113 
-0.616553 -0.0160308 0.78715 549.102 0.0399052 0.997871 0.0515789 8.56054 -0.786302 0.0632126 -0.614601 -239.722 
-0.616551 -0.0155422 0.787162 551.178 0.0399643 0.997898 0.0510054 8.66043 -0.7863 0.0629059 -0.614634 -241.304 
-0.616516 -0.0143521 0.787211 553.222 0.0409432 0.997897 0.0502584 8.76434 -0.786277 0.0632161 -0.614632 -242.869 
-0.616291 -0.0146201 0.787383 555.199 0.041442 0.99784 0.0509648 8.84017 -0.786428 0.0640399 -0.614354 -244.387 
-0.616269 -0.0154216 0.787385 557.304 0.0420055 0.997741 0.0524183 8.94267 -0.786415 0.0653783 -0.614229 -245.977 
-0.616098 -0.0165449 0.787496 559.354 0.041386 0.997718 0.0533398 9.03255 -0.786582 0.0654539 -0.614007 -247.548 
-0.616123 -0.0163275 0.78748 561.501 0.0416786 0.997709 0.0532956 9.14939 -0.786546 0.0656578 -0.614031 -249.174 
-0.616342 -0.0159257 0.787317 563.557 0.0426418 0.997654 0.053562 9.22528 -0.786323 0.0665852 -0.614217 -250.724 
-0.616179 -0.0165497 0.787432 565.569 0.0434362 0.997543 0.0549553 9.32306 -0.786407 0.0680654 -0.613947 -252.262 
-0.616062 -0.0179023 0.787494 567.51 0.0416285 0.997605 0.055245 9.41458 -0.786597 0.0668166 -0.613841 -253.742 
-0.615283 -0.0194308 0.788066 569.399 0.040134 0.997628 0.0559324 9.49656 -0.787284 0.0660425 -0.613044 -255.225 
-0.614746 -0.0190369 0.788496 571.165 0.0397245 0.997693 0.0550585 9.54581 -0.787724 0.0651696 -0.612571 -256.646 
-0.614358 -0.0172521 0.788839 573.28 0.042057 0.997624 0.0545728 9.66136 -0.787906 0.0667034 -0.612172 -258.235 
-0.613754 -0.0165399 0.789324 575.175 0.0428623 0.997608 0.0542328 9.73355 -0.788333 0.0671178 -0.611577 -259.662 
-0.612359 -0.0169711 0.790398 577.211 0.0436214 0.997521 0.0552138 9.82663 -0.789376 0.068289 -0.6101 -261.233 
-0.611527 -0.0182276 0.791013 579.432 0.0431969 0.997474 0.0563804 9.94878 -0.790043 0.0686475 -0.609195 -262.926 
-0.61099 -0.0193721 0.791401 581.73 0.0434962 0.997369 0.0579944 10.0591 -0.790443 0.069857 -0.608539 -264.675 
-0.6102 -0.0198112 0.791999 583.809 0.0426627 0.997415 0.0578192 10.1766 -0.791097 0.0690702 -0.607778 -266.232 
-0.609741 -0.0200746 0.792347 585.934 0.042003 0.997456 0.057594 10.2929 -0.791487 0.0683983 -0.607346 -267.804 
-0.609405 -0.0209153 0.792583 588.102 0.0409568 0.997487 0.0578134 10.4223 -0.791801 0.0676934 -0.607016 -269.395 
-0.609049 -0.0213618 0.792845 590.222 0.0403621 0.997507 0.0578815 10.5317 -0.792105 0.0672535 -0.606669 -270.946 
-0.608795 -0.0222162 0.793016 592.347 0.0393032 0.997536 0.0581187 10.6578 -0.792353 0.0665504 -0.606422 -272.527 
-0.608875 -0.0229553 0.792934 594.435 0.0376307 0.99762 0.0577766 10.7758 -0.792373 0.0650174 -0.606562 -274.061 
-0.609085 -0.022374 0.792789 596.164 0.0368866 0.997721 0.0564967 10.8653 -0.792247 0.0636546 -0.606872 -275.346 
-0.608702 -0.0223401 0.793084 597.946 0.0382067 0.997618 0.0574256 10.917 -0.792478 0.0652562 -0.606399 -276.759 
-0.608706 -0.0230211 0.793062 600.019 0.0392272 0.997483 0.0590634 11.0234 -0.792425 0.0670618 -0.606271 -278.303 
-0.60794 -0.022169 0.793673 602.301 0.0421166 0.997302 0.0601174 11.1594 -0.792865 0.0699746 -0.605366 -280.06 
-0.607171 -0.0213198 0.794285 604.586 0.0450066 0.997112 0.0611681 11.2984 -0.793295 0.0728876 -0.604458 -281.814 
-0.60674 -0.0194072 0.794663 606.667 0.0454638 0.997218 0.0590664 11.4318 -0.793599 0.0719664 -0.60417 -283.393 
-0.606462 -0.0178343 0.794913 608.688 0.0460183 0.997285 0.0574832 11.5576 -0.79378 0.0714419 -0.603995 -284.873 
-0.606445 -0.0177327 0.794928 610.525 0.046293 0.997268 0.0575629 11.6664 -0.793777 0.0717084 -0.603967 -286.207 
-0.60614 -0.0187074 0.795138 612.25 0.0466258 0.997168 0.0590038 11.7234 -0.79399 0.0728385 -0.603551 -287.541 
-0.606819 -0.0195194 0.7946 614.465 0.0470933 0.997059 0.0604569 11.8596 -0.793444 0.0741068 -0.604115 -289.125 
-0.60843 -0.0203514 0.793347 616.815 0.0487985 0.99682 0.0629953 11.9977 -0.792106 0.0770424 -0.605502 -290.737 
-0.610039 -0.0211773 0.792088 619.161 0.0504983 0.996571 0.0655364 12.1427 -0.79076 0.0799789 -0.606878 -292.353 
-0.609695 -0.0210315 0.792357 621.258 0.0498779 0.996649 0.0648335 12.2817 -0.791065 0.0790498 -0.606603 -293.898 
-0.609208 -0.0209634 0.792733 623.21 0.0503796 0.996608 0.065071 12.3934 -0.791409 0.0795794 -0.606085 -295.352 
-0.608685 -0.0213686 0.793124 625.378 0.0503869 0.996578 0.0655196 12.5415 -0.79181 0.0798438 -0.605526 -296.955 
-0.607996 -0.0222405 0.793628 627.358 0.0496285 0.996588 0.0659483 12.6421 -0.792387 0.0794829 -0.604818 -298.556 
-0.606828 -0.0223749 0.794518 629.517 0.0493774 0.996612 0.0657791 12.7985 -0.793298 0.0791478 -0.603667 -300.22 
-0.607151 -0.0215576 0.794294 631.424 0.0490215 0.996711 0.0645229 12.9191 -0.793073 0.0781126 -0.604097 -301.517 
-0.60623 -0.0218684 0.794988 633.527 0.0493563 0.99666 0.0650534 13.0486 -0.793756 0.078675 -0.603127 -303.099 
-0.605734 -0.0218365 0.795367 635.704 0.0503124 0.996572 0.0656772 13.2023 -0.794075 0.0797998 -0.602559 -304.741 
-0.605555 -0.0221426 0.795495 637.797 0.0502335 0.996556 0.0659783 13.3359 -0.794216 0.0799141 -0.602357 -306.241 
-0.604847 -0.0210871 0.796063 639.886 0.0502779 0.996644 0.0646013 13.4703 -0.794753 0.0790982 -0.601756 -307.786 
-0.604585 -0.0193944 0.796304 641.887 0.0514086 0.996669 0.0633058 13.5892 -0.79488 0.0792106 -0.601575 -309.259 
-0.603599 -0.0200062 0.797037 643.849 0.0513692 0.996632 0.0639183 13.6837 -0.795631 0.0795242 -0.600539 -310.76 
