1 -4.23778e-08 4.22719e-08 0 -4.23778e-08 1 -4.19404e-08 0 4.22719e-08 -4.19404e-08 1 0 
0.999055 -0.000528266 0.0434614 0.0637137 0.000627838 0.999997 -0.00227943 -0.0338249 -0.04346 0.00230448 0.999052 1.10697 
0.996073 -0.00473996 0.0884024 0.15609 0.00537665 0.999961 -0.00696641 -0.0569707 -0.0883659 0.00741428 0.99606 2.11604 
0.991086 -0.00472707 0.133142 0.301306 0.00623743 0.999921 -0.0109298 -0.079382 -0.13308 0.0116628 0.991037 3.15017 
0.983821 -0.00244985 0.179137 0.471684 0.004894 0.999901 -0.0132039 -0.112401 -0.179087 0.0138668 0.983735 4.1551 
0.974364 -0.00488347 0.224926 0.688985 0.00800741 0.999884 -0.0129791 -0.141618 -0.224836 0.0144473 0.974289 5.14714 
0.962726 -0.0055072 0.270421 0.961661 0.00972662 0.999851 -0.0142659 -0.161871 -0.270302 0.0163643 0.962636 6.24998 
0.949363 -0.00816521 0.314075 1.29278 0.0141038 0.999762 -0.0166407 -0.196486 -0.313865 0.0202276 0.949252 7.23554 
0.934197 -0.00958846 0.356628 1.64224 0.0171925 0.999687 -0.0181583 -0.228692 -0.356343 0.0230947 0.93407 8.1798 
0.916906 -0.00949487 0.398989 2.03996 0.0185422 0.999651 -0.0188225 -0.258427 -0.398671 0.0246565 0.916762 9.13373 
0.897277 -0.00985963 0.441357 2.47933 0.0195208 0.999659 -0.0173542 -0.289473 -0.441035 0.0241871 0.897164 10.0672 
0.87542 -0.00963156 0.483267 2.96078 0.0200488 0.999664 -0.0163944 -0.324625 -0.482947 0.0240408 0.87532 10.9609 
0.851245 -0.0096075 0.52468 3.474 0.0207058 0.999669 -0.0152884 -0.354197 -0.524359 0.0238781 0.851162 11.8473 
0.825753 -0.0101288 0.563941 4.06912 0.0227699 0.999622 -0.0153872 -0.379553 -0.563572 0.0255469 0.825672 12.7418 
0.798354 -0.0118991 0.602071 4.66804 0.0261034 0.999549 -0.0148589 -0.412289 -0.601623 0.0275788 0.798304 13.5504 
0.769992 -0.0112166 0.637955 5.32503 0.0272176 0.999513 -0.0152773 -0.44954 -0.637473 0.029127 0.769922 14.3321 
0.739314 -0.0145083 0.673204 5.9832 0.0320347 0.999394 -0.0136427 -0.486509 -0.672598 0.0316521 0.739331 15.0654 
0.707227 -0.0136005 0.706856 6.68802 0.032159 0.999399 -0.0129468 -0.515583 -0.706255 0.031888 0.707239 15.7891 
0.67285 -0.0124696 0.739673 7.40116 0.0331985 0.99936 -0.0133519 -0.554603 -0.739033 0.0335398 0.672833 16.4529 
0.637572 -0.0138635 0.770266 8.22165 0.0379005 0.999192 -0.0133877 -0.583884 -0.769458 0.037729 0.637582 17.1258 
0.600874 -0.0119874 0.799254 9.00153 0.0376721 0.999201 -0.0133355 -0.615142 -0.798456 0.0381225 0.600845 17.7242 
0.563279 -0.0110694 0.826192 9.84247 0.0406634 0.99907 -0.0143379 -0.648486 -0.825265 0.041672 0.563206 18.2959 
0.523983 -0.00931469 0.851678 10.6938 0.045252 0.998832 -0.0169167 -0.673071 -0.850526 0.0474042 0.523793 18.8435 
0.485324 -0.00847514 0.874293 11.5503 0.0468296 0.99877 -0.0163136 -0.697544 -0.873079 0.0488602 0.485124 19.3195 
0.447063 -0.0103975 0.894442 12.4379 0.0518138 0.998554 -0.0142901 -0.727479 -0.893 0.052733 0.446956 19.7577 
0.410041 -0.0108083 0.912003 13.4887 0.055899 0.998348 -0.013301 -0.734772 -0.910352 0.056434 0.409968 20.2423 
0.37498 -0.00849381 0.926994 14.4522 0.0576588 0.998236 -0.0141772 -0.756433 -0.925238 0.0587655 0.374808 20.6304 
0.341978 -0.00914012 0.939664 15.4992 0.0581713 0.998241 -0.0114609 -0.774476 -0.937906 0.0585808 0.341908 20.9932 
0.308628 -0.0109107 0.95112 16.5199 0.0605326 0.998133 -0.00819232 -0.797507 -0.949255 0.0601022 0.308712 21.3296 
0.275782 -0.0108517 0.961159 17.5087 0.061023 0.998117 -0.00624022 -0.814896 -0.959281 0.0603737 0.275925 21.618 
0.243923 -0.00813917 0.96976 18.5091 0.059274 0.99822 -0.0065312 -0.83127 -0.967981 0.0590747 0.243971 21.8746 
0.213129 -0.00624683 0.977004 19.5971 0.0594762 0.998208 -0.00659216 -0.832238 -0.975212 0.0595135 0.213119 22.1491 
0.182492 -0.00605837 0.983189 20.6845 0.0616201 0.998086 -0.00528736 -0.839753 -0.981274 0.0615491 0.182516 22.3719 
0.152144 -0.00637716 0.988338 21.7882 0.0632636 0.997991 -0.00329939 -0.854108 -0.986331 0.0630278 0.152242 22.5529 
0.122276 -0.00699962 0.992471 23.0165 0.0622648 0.998059 -0.000632294 -0.853337 -0.990541 0.0618734 0.122474 22.6854 
0.0930348 -0.00725168 0.995636 24.147 0.0629514 0.998016 0.00138659 -0.858009 -0.993671 0.0625477 0.0933067 22.7902 
0.0656754 -0.00688215 0.997817 25.3516 0.0655704 0.997845 0.00256647 -0.857258 -0.995684 0.0652588 0.0659851 22.894 
0.0406788 -0.00642042 0.999152 26.6235 0.0699252 0.997546 0.00356313 -0.853131 -0.996722 0.0697209 0.0410279 22.9412 
0.0177941 -0.0058954 0.999824 27.8677 0.0741836 0.997234 0.00455979 -0.85302 -0.997086 0.0740894 0.0181822 22.9861 
-0.00269764 -0.00603692 0.999978 29.1462 0.0797749 0.996793 0.00623282 -0.84738 -0.996809 0.0797899 -0.00220739 23.0029 
-0.0208358 -0.00662105 0.999761 30.3797 0.0836638 0.996459 0.00834272 -0.836931 -0.996276 0.0838176 -0.0202081 23.0044 
-0.0365038 -0.00633536 0.999313 31.7335 0.0868544 0.996176 0.00948808 -0.816731 -0.995552 0.0871411 -0.0358139 22.9679 
-0.0508172 -0.00698993 0.998683 33.0243 0.0891086 0.995955 0.011505 -0.810708 -0.994725 0.0895759 -0.0499888 22.9161 
-0.0643995 -0.00811778 0.997891 34.2855 0.0893009 0.995908 0.0138647 -0.804527 -0.99392 0.0900055 -0.0634111 22.8628 
-0.0773842 -0.00792376 0.99697 35.558 0.0888183 0.995938 0.0148095 -0.795296 -0.993037 0.0896952 -0.076366 22.8115 
-0.0890409 -0.00516813 0.996014 36.8244 0.0885895 0.995982 0.0130875 -0.785262 -0.99208 0.0894017 -0.0882253 22.7374 
-0.0992983 -0.00186974 0.995056 38.0606 0.0888308 0.995989 0.010736 -0.775217 -0.991085 0.0894577 -0.098734 22.6286 
-0.10912 0.000797881 0.994028 39.3586 0.089888 0.995911 0.009068 -0.759374 -0.989956 0.0903407 -0.108745 22.5279 
-0.116011 0.00169393 0.993246 40.6687 0.0895344 0.995945 0.00875903 -0.751539 -0.989204 0.0899459 -0.115693 22.378 
-0.12186 0.00211892 0.992545 42.0438 0.0894615 0.995951 0.00885743 -0.756118 -0.988507 0.0898739 -0.121557 22.2205 
-0.127045 0.00365096 0.99189 43.4252 0.0903476 0.995879 0.00790636 -0.744147 -0.987774 0.0906193 -0.126852 22.0585 
-0.131818 0.00520762 0.99126 44.8159 0.0899105 0.995927 0.00672414 -0.75198 -0.987188 0.0900111 -0.13175 21.8959 
-0.136168 0.00596699 0.990668 46.1408 0.089629 0.995955 0.00632065 -0.749952 -0.986623 0.0896532 -0.136152 21.7211 
-0.139202 0.0047724 0.990252 47.5963 0.0894443 0.995961 0.00777339 -0.742176 -0.986216 0.0896545 -0.139067 21.5334 
-0.141629 0.00269573 0.989916 49.0584 0.0904926 0.995844 0.0102349 -0.745096 -0.985775 0.0910297 -0.141284 21.3446 
-0.143862 0.00131433 0.989597 50.5307 0.0907532 0.995803 0.0118706 -0.741497 -0.985427 0.0915169 -0.143378 21.1417 
-0.145895 0.00200572 0.989298 52.0185 0.0935927 0.995541 0.011784 -0.72873 -0.984863 0.0943103 -0.145432 20.9308 
-0.14694 0.00155827 0.989144 53.5206 0.0938288 0.995511 0.0123702 -0.72719 -0.984685 0.0946279 -0.146427 20.7325 
-0.14789 0.00285761 0.989 55.0311 0.0952733 0.995386 0.0113706 -0.719576 -0.984404 0.0959069 -0.14748 20.5336 
-0.147803 0.00315798 0.989012 56.5518 0.0954467 0.995373 0.0110857 -0.704177 -0.9844 0.0960365 -0.147421 20.3209 
-0.147248 0.00441184 0.98909 58.1254 0.0956202 0.99537 0.0097953 -0.706639 -0.984467 0.0960193 -0.146988 20.1114 
-0.146264 0.00414351 0.989237 59.6476 0.0962135 0.99531 0.0100567 -0.700047 -0.984556 0.0966489 -0.145977 19.9066 
-0.144662 0.00306029 0.989476 61.2057 0.0954822 0.995372 0.010881 -0.693137 -0.984863 0.0960515 -0.144285 19.6935 
-0.143604 0.00383258 0.989628 62.8012 0.0965546 0.995276 0.0101564 -0.684063 -0.984914 0.0970116 -0.143296 19.4807 
-0.142582 0.00433383 0.989773 64.4203 0.0967273 0.995265 0.0095761 -0.676206 -0.985045 0.0971035 -0.142326 19.2609 
-0.141573 0.00482809 0.989916 66.0426 0.0980377 0.99514 0.00916719 -0.669831 -0.985061 0.098347 -0.141358 19.0421 
-0.140817 0.00452175 0.990025 67.6974 0.0977358 0.995168 0.00935619 -0.6653 -0.9852 0.0980785 -0.140578 18.8414 
-0.140153 0.0027275 0.990126 69.4021 0.0998033 0.994942 0.0113863 -0.66352 -0.985087 0.100414 -0.139716 18.62 
-0.139578 0.000837324 0.990211 71.0749 0.101353 0.99476 0.0134453 -0.649312 -0.98501 0.102238 -0.138931 18.4094 
-0.138622 0.00187424 0.990343 72.8446 0.102806 0.994623 0.0125078 -0.636154 -0.984995 0.103548 -0.13807 18.1642 
-0.138123 0.00351841 0.990409 74.5168 0.105246 0.994384 0.0111451 -0.638138 -0.984807 0.105776 -0.137718 17.959 
-0.137668 0.00308797 0.990473 76.2714 0.104794 0.994428 0.0114653 -0.631078 -0.984919 0.105374 -0.137225 17.7376 
-0.137389 0.00290993 0.990513 78.0344 0.105591 0.99434 0.0117247 -0.630136 -0.984873 0.1062 -0.136918 17.505 
-0.137173 0.00177061 0.990545 79.8081 0.105326 0.994355 0.0128082 -0.619296 -0.984931 0.106087 -0.136585 17.2793 
-0.136675 0.00213062 0.990614 81.5725 0.107188 0.994158 0.0126504 -0.606884 -0.9848 0.10791 -0.136105 17.0447 
-0.136413 0.00194516 0.99065 83.3395 0.108335 0.99403 0.0129658 -0.591199 -0.984711 0.10909 -0.135809 16.8113 
-0.136074 0.00291497 0.990694 85.141 0.108862 0.993984 0.0120277 -0.581192 -0.984699 0.109486 -0.135573 16.5568 
-0.136496 0.00388685 0.990633 86.9519 0.108222 0.994066 0.0110111 -0.561111 -0.984712 0.108711 -0.136106 16.3264 
-0.137467 0.00440803 0.990496 88.7815 0.10747 0.994153 0.0104909 -0.550575 -0.984659 0.10789 -0.137137 16.0972 
-0.138603 0.00504662 0.990335 90.6245 0.106572 0.994256 0.00984874 -0.544705 -0.984597 0.106907 -0.138345 15.8533 
-0.139521 0.00404542 0.990211 92.4486 0.105428 0.994368 0.0107924 -0.538201 -0.984591 0.105902 -0.139162 15.6183 
-0.140375 0.00373274 0.990091 94.318 0.105577 0.994348 0.0112197 -0.534589 -0.984453 0.106106 -0.139975 15.366 
-0.140697 0.00247709 0.990049 96.151 0.103515 0.994553 0.0122223 -0.533866 -0.984626 0.104205 -0.140187 15.1211 
-0.142061 0.00339493 0.989852 97.9424 0.104004 0.99451 0.0115154 -0.532659 -0.984379 0.104584 -0.141634 14.8733 
-0.144378 0.0040621 0.989514 99.8487 0.10339 0.99458 0.0110024 -0.526138 -0.984106 0.103894 -0.144015 14.6105 
-0.148147 0.00467387 0.988954 101.741 0.103856 0.994533 0.0108575 -0.525179 -0.983497 0.104317 -0.147823 14.3318 
-0.152303 0.00374316 0.988327 103.631 0.102235 0.994688 0.0119872 -0.520231 -0.983032 0.102867 -0.151877 14.0522 
-0.157136 0.00287844 0.987573 105.536 0.100756 0.994824 0.0131319 -0.514396 -0.982424 0.101567 -0.156613 13.7788 
-0.161722 0.00369974 0.986829 107.439 0.0994299 0.994965 0.0125643 -0.504814 -0.981814 0.100152 -0.161276 13.4949 
-0.166332 0.00563348 0.986054 109.346 0.100201 0.994904 0.0112182 -0.493196 -0.980966 0.10067 -0.166049 13.1984 
-0.170754 0.00732611 0.985286 111.272 0.1 0.994938 0.00993251 -0.493747 -0.980226 0.100225 -0.170622 12.8792 
-0.1754 0.00765687 0.984467 113.18 0.0991414 0.995024 0.00992471 -0.491275 -0.979493 0.0993423 -0.175286 12.5605 
-0.180079 0.0073139 0.983625 115.138 0.097211 0.995209 0.010397 -0.482226 -0.978837 0.0974915 -0.179927 12.2292 
-0.184974 0.00654276 0.982722 117.105 0.0954151 0.995373 0.0113326 -0.479387 -0.9781 0.0958627 -0.184743 11.8771 
-0.190315 0.00598324 0.981705 119.096 0.0943957 0.99546 0.0122326 -0.467438 -0.977174 0.0949968 -0.190016 11.5149 
-0.195528 0.00571633 0.980681 121.087 0.0945213 0.995437 0.0130432 -0.457841 -0.976132 0.0952456 -0.195176 11.1438 
-0.200972 0.00737434 0.979569 123.07 0.0948178 0.995423 0.0119594 -0.445484 -0.974997 0.0952842 -0.200751 10.7637 
-0.206159 0.00839961 0.978482 125.04 0.0946319 0.995447 0.0113929 -0.438844 -0.973932 0.0949444 -0.206015 10.3739 
-0.211748 0.00825166 0.977289 127.026 0.0950857 0.995394 0.0121975 -0.43243 -0.972688 0.0955091 -0.211558 9.96575 
-0.217067 0.00822047 0.976122 129.013 0.0944154 0.995453 0.0126125 -0.426203 -0.97158 0.0948987 -0.216856 9.55353 
-0.221931 0.00915852 0.975019 131.028 0.0942572 0.995474 0.0121038 -0.416245 -0.970496 0.0945889 -0.221789 9.11853 
-0.22669 0.00958709 0.97392 133.046 0.0935272 0.995545 0.0119694 -0.408122 -0.969466 0.0938013 -0.226577 8.66789 
-0.230962 0.00908731 0.97292 135.102 0.0944007 0.995448 0.013112 -0.385399 -0.968372 0.0948727 -0.230768 8.21728 
-0.234759 0.00955063 0.972007 137.116 0.097853 0.995104 0.0138558 -0.355714 -0.967116 0.0983665 -0.234544 7.73719 
-0.238523 0.010414 0.971081 139.149 0.0992221 0.994971 0.0137014 -0.34504 -0.966055 0.0996208 -0.238357 7.30011 
-0.241513 0.0108778 0.970337 141.184 0.0997331 0.99492 0.0136697 -0.336718 -0.965259 0.100076 -0.241371 6.80779 
-0.244558 0.0107652 0.969575 143.233 0.0990918 0.99498 0.0139468 -0.325551 -0.964558 0.0994877 -0.244398 6.30837 
-0.248215 0.0113128 0.968639 145.266 0.0976737 0.995128 0.0134068 -0.312663 -0.963768 0.0979383 -0.248111 5.80864 
-0.252509 0.0120961 0.967519 147.26 0.0971256 0.995188 0.0129063 -0.31489 -0.962708 0.0972298 -0.252469 5.31913 
-0.257015 0.0119961 0.966333 149.321 0.0960986 0.995284 0.0132037 -0.296732 -0.961618 0.0962568 -0.256956 4.81964 
-0.261604 0.0124952 0.965094 151.361 0.0963383 0.995261 0.0132282 -0.295784 -0.960355 0.0964361 -0.261568 4.31165 
-0.266068 0.0129365 0.963867 153.374 0.0953843 0.995356 0.0129708 -0.29497 -0.959223 0.095389 -0.266066 3.7841 
-0.270633 0.0129378 0.962596 155.367 0.0949963 0.995388 0.0133294 -0.299187 -0.957984 0.0950504 -0.270613 3.25897 
-0.274937 0.0122593 0.961384 157.413 0.0947905 0.995393 0.0144152 -0.294726 -0.956778 0.0950933 -0.274832 2.7041 
-0.279066 0.0124452 0.960191 159.445 0.0960053 0.995268 0.0150026 -0.288942 -0.955461 0.0963702 -0.27894 2.15209 
-0.282956 0.013267 0.959041 161.486 0.0972614 0.995147 0.0149295 -0.283499 -0.954189 0.0975021 -0.282873 1.58063 
-0.286557 0.0144122 0.957955 163.544 0.097355 0.995149 0.0141503 -0.274186 -0.953104 0.0973166 -0.28657 1.00203 
-0.289872 0.0159389 0.956933 165.576 0.0975413 0.995147 0.0129715 -0.272216 -0.952082 0.0971005 -0.29002 0.421355 
-0.293164 0.0169672 0.955912 167.63 0.0978613 0.995123 0.0123494 -0.268392 -0.95104 0.0971671 -0.293395 -0.172586 
-0.29634 0.0174169 0.954924 169.653 0.0971003 0.995202 0.0119813 -0.269774 -0.950134 0.096274 -0.296609 -0.774077 
-0.299631 0.0173329 0.953898 171.719 0.097365 0.99517 0.0125007 -0.267916 -0.949074 0.0966219 -0.299871 -1.39885 
-0.303577 0.0175305 0.952645 173.834 0.0972112 0.995183 0.0126647 -0.264221 -0.947835 0.0964525 -0.303819 -2.03461 
-0.307423 0.0183149 0.951397 175.829 0.0999044 0.99491 0.0131293 -0.272527 -0.946314 0.099085 -0.307688 -2.64982 
-0.310809 0.0181535 0.950299 177.909 0.101144 0.994772 0.0140775 -0.276818 -0.945075 0.100493 -0.31102 -3.28942 
-0.31326 0.0177187 0.949502 180.047 0.101647 0.994708 0.014973 -0.262038 -0.944212 0.101204 -0.313403 -3.97213 
-0.316283 0.017354 0.948506 182.141 0.101868 0.994673 0.0157697 -0.258358 -0.94318 0.101611 -0.316366 -4.63298 
-0.319091 0.0177852 0.947557 184.219 0.100805 0.994789 0.0152743 -0.253291 -0.942348 0.100392 -0.319221 -5.29208 
-0.321797 0.0197795 0.946602 186.323 0.1003 0.994868 0.0133088 -0.244522 -0.941481 0.0992269 -0.322129 -5.97672 
-0.325174 0.0215691 0.945408 188.424 0.0996935 0.994951 0.0115902 -0.249288 -0.940385 0.0980199 -0.325682 -6.65123 
-0.328203 0.0225183 0.944339 190.514 0.0991992 0.995009 0.0107499 -0.251397 -0.939384 0.0972058 -0.328799 -7.35258 
-0.331631 0.0234339 0.943118 192.598 0.0978383 0.995155 0.0096762 -0.255253 -0.938322 0.095482 -0.332317 -8.03923 
-0.335071 0.0235829 0.941898 194.74 0.0983864 0.995097 0.010085 -0.255798 -0.937042 0.0960491 -0.335748 -8.77108 
-0.338935 0.022851 0.940532 196.871 0.0979518 0.995129 0.0111208 -0.255419 -0.935697 0.0958961 -0.339522 -9.49165 
-0.342367 0.0223091 0.939301 198.942 0.0978904 0.995124 0.0120452 -0.259054 -0.934453 0.0960725 -0.342882 -10.2229 
-0.34671 0.0217281 0.937721 200.994 0.0974774 0.995153 0.012982 -0.268039 -0.932894 0.0959075 -0.347147 -10.9274 
-0.350548 0.0215325 0.936297 203.095 0.09639 0.995256 0.0131998 -0.274613 -0.931571 0.0948768 -0.350961 -11.6719 
-0.354603 0.0218833 0.934761 205.174 0.0948758 0.995408 0.0126881 -0.28367 -0.930191 0.0931854 -0.355051 -12.4108 
-0.358018 0.0224941 0.933443 207.331 0.0947508 0.995424 0.0123535 -0.281912 -0.928895 0.0928673 -0.358511 -13.1896 
-0.361024 0.0231713 0.932268 209.412 0.0957018 0.995334 0.012322 -0.300935 -0.927633 0.0936684 -0.361557 -13.9502 
-0.363731 0.0226569 0.931228 211.487 0.0965771 0.995234 0.013508 -0.314939 -0.926484 0.0948486 -0.364185 -14.7183 
-0.366197 0.0221533 0.930273 213.644 0.0979378 0.995082 0.014856 -0.308604 -0.925369 0.0965492 -0.366566 -15.541 
-0.369131 0.0228059 0.929097 215.746 0.0991019 0.994965 0.0149505 -0.317308 -0.924079 0.097594 -0.369532 -16.3193 
-0.372269 0.0239997 0.927814 217.88 0.0994662 0.99494 0.0141729 -0.307416 -0.92278 0.0975623 -0.372773 -17.0708 
-0.374853 0.0239544 0.926775 220.019 0.0989199 0.994993 0.0142925 -0.314806 -0.921792 0.0970341 -0.375345 -17.8903 
-0.377562 0.0250899 0.925644 222.169 0.0984987 0.995049 0.0132055 -0.320224 -0.920731 0.0961606 -0.378164 -18.736 
-0.380476 0.0263455 0.924415 224.291 0.0984279 0.99507 0.0121523 -0.315279 -0.919538 0.0956119 -0.381193 -19.5762 
-0.383191 0.0261449 0.923299 226.342 0.0961347 0.995299 0.0117144 -0.336632 -0.918652 0.0932499 -0.383904 -20.3658 
-0.386187 0.0272922 0.922017 228.392 0.0971619 0.995205 0.0112376 -0.335589 -0.917289 0.0939248 -0.386987 -21.1888 
-0.388683 0.0266466 0.920986 230.518 0.0984577 0.995059 0.0127623 -0.349672 -0.916096 0.0956386 -0.389386 -22.05 
-0.391698 0.0255969 0.919738 232.514 0.0989507 0.994987 0.0144499 -0.359027 -0.914758 0.0966687 -0.392267 -22.8674 
-0.39516 0.0251694 0.918267 234.493 0.0977464 0.995101 0.0147879 -0.368299 -0.913397 0.0956009 -0.395684 -23.6681 
-0.398195 0.0253077 0.916951 236.59 0.0963076 0.995248 0.0143538 -0.368253 -0.912231 0.0940251 -0.398741 -24.5291 
-0.401932 0.0244628 0.915342 238.691 0.0944156 0.995422 0.0148554 -0.374982 -0.910789 0.0923935 -0.402402 -25.402 
-0.405486 0.0235388 0.913798 240.802 0.0934935 0.995494 0.0158432 -0.378524 -0.909307 0.0918584 -0.40586 -26.2929 
-0.408893 0.0237173 0.912274 242.948 0.092782 0.995563 0.0157033 -0.375647 -0.907853 0.0910636 -0.409279 -27.2203 
-0.412761 0.0232916 0.910542 245.084 0.092228 0.995604 0.0163407 -0.374092 -0.906158 0.0907222 -0.413094 -28.1437 
-0.416868 0.0228905 0.908679 247.209 0.0914198 0.99567 0.016858 -0.36862 -0.904358 0.0900988 -0.417155 -29.0513 
-0.420663 0.0230242 0.906925 249.311 0.0907042 0.995736 0.0167929 -0.353046 -0.902671 0.0893261 -0.420958 -29.9765 
-0.424438 0.023744 0.905145 251.438 0.0908143 0.995732 0.0164641 -0.342804 -0.900891 0.0891882 -0.424783 -30.9397 
-0.427759 0.0245513 0.903559 253.594 0.0913258 0.99569 0.0161804 -0.323283 -0.899268 0.0894396 -0.428157 -31.9305 
-0.431576 0.024292 0.901749 255.669 0.0911663 0.995694 0.0168093 -0.324867 -0.897458 0.0894637 -0.431932 -32.8645 
-0.435239 0.0249742 0.899968 257.783 0.0900943 0.995806 0.0159373 -0.315982 -0.895796 0.0880186 -0.435664 -33.8277 
-0.438748 0.0252468 0.898255 259.95 0.0905884 0.995756 0.0162602 -0.300374 -0.894032 0.0885057 -0.439173 -34.8578 
-0.442517 0.0255844 0.896395 262.018 0.0908435 0.99573 0.0164264 -0.297177 -0.892147 0.0887006 -0.442951 -35.8206 
-0.445917 0.0267163 0.894676 264.157 0.0921501 0.995613 0.0161981 -0.280665 -0.890318 0.0896675 -0.446423 -36.8436 
-0.449675 0.0289835 0.892722 266.245 0.0947744 0.995379 0.0154225 -0.276946 -0.88815 0.0915423 -0.450344 -37.8317 
-0.452317 0.0295419 0.891368 268.337 0.0957036 0.995288 0.0155779 -0.263062 -0.886707 0.0923532 -0.453013 -38.8505 
-0.455245 0.032077 0.889788 270.441 0.0979993 0.995084 0.0142667 -0.246892 -0.884957 0.0936934 -0.45615 -39.8652 
-0.457942 0.034601 0.888308 272.563 0.0996682 0.994941 0.0126265 -0.234635 -0.883377 0.0943184 -0.459074 -40.8987 
-0.460805 0.0351773 0.886804 274.687 0.100787 0.994824 0.0129093 -0.230351 -0.88176 0.0953272 -0.461966 -41.958 
-0.463829 0.0361788 0.885186 276.869 0.101138 0.994796 0.0123363 -0.220124 -0.880133 0.0952475 -0.465074 -43.0515 
-0.467156 0.0360546 0.883439 279.028 0.10012 0.994899 0.0123391 -0.209517 -0.878488 0.094214 -0.468383 -44.1456 
-0.470596 0.0376292 0.881546 281.185 0.100992 0.994821 0.0114479 -0.197669 -0.87655 0.094416 -0.471959 -45.2564 
-0.4738 0.038001 0.879812 283.333 0.100093 0.994918 0.0109299 -0.1834 -0.874926 0.0932419 -0.475196 -46.3665 
-0.476533 0.0377073 0.878348 285.491 0.0982649 0.995104 0.0105923 -0.180094 -0.873648 0.0913583 -0.477905 -47.4813 
-0.479206 0.038134 0.876873 287.625 0.100045 0.994917 0.0114065 -0.186921 -0.871982 0.093193 -0.480586 -48.5945 
-0.481258 0.0385409 0.875731 289.74 0.102043 0.994704 0.0123008 -0.186796 -0.870619 0.0952823 -0.482642 -49.7286 
-0.483498 0.0390155 0.874475 291.855 0.103746 0.994519 0.0129896 -0.184777 -0.869176 0.0970034 -0.484896 -50.8526 
-0.485532 0.0387596 0.873359 294.019 0.103901 0.994494 0.0136265 -0.187858 -0.868023 0.0973587 -0.486886 -51.9817 
-0.487774 0.0381368 0.872137 296.142 0.103628 0.994511 0.0144696 -0.168765 -0.866797 0.0974356 -0.489048 -53.1213 
-0.49022 0.0383947 0.870752 298.224 0.104933 0.994363 0.0152305 -0.137971 -0.865259 0.0988372 -0.491486 -54.2648 
-0.492347 0.0383499 0.869554 300.448 0.104867 0.994365 0.0155218 -0.106137 -0.864058 0.0988296 -0.493595 -55.4908 
-0.495242 0.0394407 0.867859 302.636 0.104746 0.994392 0.0145818 -0.0856872 -0.862417 0.0981261 -0.496596 -56.5977 
-0.498369 0.0419546 0.865949 304.727 0.105016 0.994395 0.0122606 -0.072648 -0.860581 0.0970486 -0.499981 -57.6949 
-0.50166 0.0413839 0.864074 306.812 0.10349 0.994552 0.0124506 -0.0642531 -0.858852 0.095669 -0.50321 -58.8579 
-0.505872 0.0399236 0.861684 309.031 0.10182 0.994709 0.0136888 -0.0538562 -0.856578 0.0946612 -0.507261 -60.0925 
-0.510805 0.0373929 0.858883 311.263 0.0994471 0.994917 0.0158288 -0.0361199 -0.853925 0.0934989 -0.511927 -61.3504 
-0.515541 0.0360816 0.856105 313.535 0.0980293 0.995037 0.0170955 -0.0120967 -0.851239 0.0927368 -0.516519 -62.666 
-0.519862 0.0359168 0.853495 315.766 0.0978685 0.995041 0.0177381 0.00913567 -0.848625 0.0927516 -0.520799 -63.983 
-0.524053 0.0374956 0.85086 317.978 0.0983362 0.995013 0.016718 0.0883935 -0.84599 0.0924315 -0.525126 -65.3024 
-0.528014 0.0385944 0.848358 320.301 0.099874 0.994856 0.0169019 0.110332 -0.843343 0.0936533 -0.529152 -66.69 
-0.531803 0.038427 0.845996 322.43 0.100581 0.994765 0.0180417 0.124255 -0.840874 0.0946855 -0.532884 -67.9882 
-0.535568 0.0371772 0.843673 324.686 0.100773 0.994705 0.0201387 0.145943 -0.838458 0.0958053 -0.536479 -69.3776 
-0.539368 0.035396 0.841326 326.824 0.0991003 0.994841 0.0216778 0.165768 -0.836218 0.0950679 -0.540093 -70.7259 
-0.542665 0.0351613 0.839213 328.96 0.0984511 0.994899 0.0219776 0.184524 -0.834159 0.0945479 -0.543359 -72.1061 
-0.54656 0.0350142 0.836687 331.193 0.0985021 0.994878 0.0227115 0.215627 -0.831606 0.0948287 -0.547209 -73.5164 
-0.550526 0.0349061 0.834088 333.441 0.099089 0.994795 0.0237704 0.259313 -0.828917 0.0957352 -0.551119 -74.948 
-0.554828 0.0348843 0.831233 335.713 0.0999107 0.994684 0.0249442 0.306936 -0.825944 0.0968888 -0.555364 -76.3842 
-0.558679 0.0342932 0.828675 337.9 0.0993916 0.994713 0.0258438 0.33311 -0.823407 0.0968017 -0.559134 -77.7854 
-0.561917 0.0334466 0.826517 340.071 0.0985297 0.994775 0.0267309 0.37462 -0.821305 0.0964571 -0.562276 -79.2369 
-0.564862 0.0325767 0.824542 342.199 0.0980586 0.99479 0.0278731 0.413373 -0.819339 0.0965979 -0.565113 -80.6519 
-0.567832 0.0320584 0.82252 344.262 0.0972892 0.994851 0.0283891 0.467788 -0.817375 0.0961425 -0.568027 -82.0272 
-0.570509 0.0309188 0.820709 346.446 0.0931063 0.995284 0.0272264 0.512505 -0.815997 0.0919462 -0.570697 -83.4958 
-0.573984 0.0303684 0.818303 348.573 0.089805 0.995619 0.0260433 0.551295 -0.813927 0.0884362 -0.574197 -84.9205 
-0.576824 0.0277439 0.816397 350.784 0.0874239 0.99578 0.0279292 0.599949 -0.812177 0.0874829 -0.576815 -86.4198 
-0.580262 0.027345 0.813971 353.016 0.0878687 0.995704 0.0291893 0.655508 -0.809676 0.08846 -0.580172 -87.9497 
-0.583257 0.0277425 0.811814 355.186 0.0876025 0.995736 0.0289112 0.705298 -0.80755 0.0879797 -0.5832 -89.4482 
-0.586685 0.0261102 0.809394 357.207 0.0848339 0.995962 0.0293627 0.724685 -0.805359 0.0858907 -0.586531 -90.8541 
-0.589597 0.022427 0.807386 359.399 0.0823449 0.996075 0.0324644 0.776066 -0.803489 0.0856251 -0.58913 -92.4065 
-0.592691 0.0196305 0.80519 361.542 0.0789478 0.996305 0.0338226 0.828486 -0.801551 0.0836144 -0.592051 -93.9329 
-0.595561 0.0188384 0.803089 363.688 0.0772542 0.996434 0.0339169 0.894118 -0.799587 0.0822417 -0.594893 -95.4813 
-0.598212 0.0191272 0.801109 365.84 0.0768147 0.99648 0.033568 0.952467 -0.797647 0.0816178 -0.597576 -97.0484 
-0.600406 0.0190196 0.799469 367.986 0.0774522 0.9964 0.0344624 1.00728 -0.795936 0.0826121 -0.599718 -98.6199 
-0.602842 0.0184313 0.797648 370.138 0.0770234 0.996408 0.0351882 1.06161 -0.794134 0.0826505 -0.602096 -100.2 
-0.604975 0.0164606 0.796074 372.224 0.0734214 0.99668 0.0351879 1.09969 -0.792852 0.0797367 -0.604175 -101.785 
-0.607326 0.0129728 0.794347 374.387 0.0635034 0.99746 0.0322622 1.15045 -0.79191 0.0700374 -0.606607 -103.386 
-0.610187 0.0155632 0.792104 376.367 0.0556641 0.998178 0.0232679 1.19488 -0.790299 0.0582896 -0.609942 -104.868 
-0.612213 0.0255699 0.790279 378.453 0.0658268 0.997655 0.018715 1.21934 -0.787948 0.0634792 -0.612461 -106.468 
-0.612922 0.0263906 0.789702 380.591 0.0731082 0.997049 0.0234226 1.24439 -0.786754 0.07209 -0.613043 -108.098 
-0.614954 0.0171056 0.788377 382.744 0.0721556 0.996791 0.0346556 1.29025 -0.785255 0.0781974 -0.614215 -109.741 
-0.618227 0.0065326 0.785973 384.863 0.0660111 0.996864 0.0436372 1.35609 -0.783223 0.0788607 -0.616719 -111.342 
-0.621247 0.000724972 0.783614 386.969 0.0601081 0.997097 0.046731 1.44854 -0.781306 0.0761331 -0.619488 -112.972 
-0.624044 0.000364315 0.781389 389.035 0.059282 0.99714 0.0468797 1.53153 -0.779137 0.0755773 -0.622281 -114.545 
-0.627532 0.00589261 0.778568 390.937 0.0646993 0.996907 0.044603 1.61018 -0.775898 0.0783627 -0.625973 -115.761 
-0.629069 0.0121444 0.777255 393.02 0.0688014 0.996824 0.040109 1.68369 -0.774299 0.0787076 -0.627906 -117.441 
-0.63151 0.014475 0.775233 395.154 0.0689992 0.996908 0.0375931 1.76798 -0.772292 0.0772309 -0.630556 -119.142 
-0.633589 0.0175677 0.773471 397.366 0.0704324 0.9969 0.0350522 1.84345 -0.770457 0.0766861 -0.632862 -121.013 
-0.636288 0.0169837 0.771265 399.365 0.0715136 0.996751 0.037049 1.8741 -0.76813 0.0787298 -0.635435 -122.597 
-0.638426 0.0167484 0.769501 401.385 0.0733682 0.996535 0.0391809 1.92438 -0.766179 0.081471 -0.637442 -124.23 
-0.640487 0.0167343 0.767786 403.221 0.0735113 0.996508 0.0396036 1.94356 -0.764442 0.0818065 -0.639481 -125.671 
-0.641878 0.0173097 0.766612 405.318 0.0742538 0.99645 0.0396727 2.01264 -0.763203 0.0823889 -0.640884 -127.358 
-0.642773 0.0178117 0.76585 407.403 0.0747944 0.996412 0.0396003 2.10004 -0.762397 0.0827353 -0.641799 -129.085 
-0.643587 0.0172429 0.765179 409.475 0.0762101 0.996221 0.0416505 2.1718 -0.761569 0.0851201 -0.642469 -130.797 
-0.645107 0.0165257 0.763914 411.353 0.0782023 0.995944 0.0444947 2.21413 -0.76008 0.0884437 -0.643782 -132.311 
-0.646517 0.0159733 0.762732 413.313 0.079603 0.995736 0.0466211 2.28556 -0.758735 0.0908571 -0.645032 -133.915 
-0.647791 0.0165193 0.761639 415.32 0.0790146 0.99583 0.045605 2.34902 -0.757709 0.0897231 -0.646395 -135.583 
-0.649141 0.016453 0.76049 417.231 0.0746604 0.996317 0.0421737 2.42431 -0.756995 0.0841552 -0.647978 -137.171 
-0.650571 0.0160266 0.759276 419.233 0.072206 0.996553 0.0408333 2.48775 -0.756005 0.0813893 -0.649487 -138.83 
-0.651443 0.0151183 0.758547 421.263 0.0715404 0.996571 0.0415767 2.56062 -0.755317 0.0813516 -0.650291 -140.518 
-0.651003 0.0140735 0.758944 423.297 0.0699549 0.996685 0.0415234 2.63453 -0.755844 0.0801238 -0.64983 -142.311 
-0.651516 0.0128749 0.758526 425.305 0.0671074 0.996914 0.0407189 2.70335 -0.755661 0.0774317 -0.650369 -144.015 
-0.652461 0.0123074 0.757722 427.339 0.0659383 0.996998 0.0405844 2.78009 -0.754948 0.0764427 -0.651314 -145.701 
-0.65327 0.0108686 0.757047 429.407 0.0662877 0.996878 0.0428892 2.86619 -0.754217 0.0782012 -0.651951 -147.447 
-0.653454 0.00953098 0.756906 431.508 0.0686037 0.996551 0.0466785 2.95028 -0.753851 0.0824288 -0.651854 -149.218 
-0.652713 0.00832947 0.757559 433.565 0.0728615 0.995995 0.0518263 3.05108 -0.754093 0.0890246 -0.650706 -150.942 
-0.651469 0.00762135 0.758637 435.583 0.0768622 0.995468 0.0560037 3.16927 -0.754772 0.0947952 -0.649102 -152.64 
-0.649754 0.0052609 0.760126 437.603 0.0711805 0.996003 0.0539514 3.27186 -0.756804 0.0891613 -0.647532 -154.315 
-0.648707 0.00491014 0.761022 439.638 0.0641579 0.996772 0.048258 3.37607 -0.758329 0.0801309 -0.646928 -156.003 
-0.647298 0.00262387 0.762233 441.682 0.0586493 0.997201 0.0463729 3.47618 -0.759978 0.0747215 -0.64564 -157.675 
-0.643891 0.00281786 0.765112 443.69 0.0578282 0.997312 0.0449931 3.5557 -0.762928 0.0732157 -0.642324 -159.362 
-0.640798 0.00316976 0.767703 445.777 0.0594303 0.997195 0.0454887 3.6509 -0.765406 0.0747739 -0.639189 -161.081 
-0.638153 0.00299108 0.769904 447.835 0.0599783 0.997146 0.0458404 3.74003 -0.76757 0.0754307 -0.636511 -162.733 
-0.635594 0.00373527 0.772015 449.89 0.0573202 0.997456 0.0423652 3.81975 -0.769893 0.0711791 -0.634191 -164.377 
-0.634473 -0.00106486 0.772944 451.979 0.0504377 0.997811 0.0427766 3.89603 -0.771297 0.0661261 -0.633031 -166.031 
-0.633647 -0.00765253 0.773585 454.084 0.0408838 0.998222 0.0433628 3.98348 -0.772542 0.0591038 -0.632207 -167.655 
-0.632965 -0.0106472 0.774107 456.1 0.0340608 0.998554 0.0415847 4.06629 -0.773431 0.0526884 -0.631687 -169.284 
-0.631897 -0.011351 0.774969 458.137 0.0323407 0.998636 0.0409971 4.14313 -0.774377 0.0509691 -0.630668 -170.905 
-0.630406 -0.0109959 0.776188 460.177 0.0347215 0.998499 0.0423454 4.22296 -0.775489 0.0536452 -0.629078 -172.526 
-0.629108 -0.0122234 0.777222 462.249 0.0365537 0.998305 0.0452881 4.29686 -0.776458 0.0569015 -0.627595 -174.164 
-0.627993 -0.014599 0.778082 464.335 0.0347159 0.998303 0.0467502 4.3824 -0.777444 0.0563707 -0.626421 -175.786 
-0.627447 -0.0144256 0.778525 466.368 0.032548 0.998469 0.0447328 4.47771 -0.777978 0.053407 -0.626017 -177.313 
-0.626248 -0.0135715 0.779506 468.454 0.0312523 0.998608 0.0424939 4.56301 -0.778997 0.0509731 -0.624952 -178.949 
-0.624588 -0.0118388 0.780864 470.545 0.032618 0.998617 0.0412302 4.64398 -0.780273 0.0512222 -0.623338 -180.592 
-0.623467 -0.0112855 0.781768 472.636 0.0350281 0.998489 0.0423493 4.71527 -0.781064 0.0537873 -0.62213 -182.22 
-0.622226 -0.0113735 0.782755 474.728 0.0364575 0.998388 0.0434873 4.80066 -0.781988 0.0555963 -0.620808 -183.828 
-0.621074 -0.0115452 0.783667 476.818 0.0364073 0.998387 0.043562 4.88416 -0.782906 0.0555864 -0.619652 -185.449 
-0.619796 -0.0125749 0.784662 478.986 0.0356946 0.998385 0.0441947 4.98035 -0.783951 0.0553999 -0.618346 -187.095 
-0.618727 -0.0130734 0.785497 480.957 0.0360065 0.998339 0.0449777 5.04581 -0.78478 0.0561119 -0.617229 -188.56 
-0.617338 -0.0140322 0.786573 483.036 0.0357781 0.998306 0.0458896 5.12362 -0.785884 0.0564715 -0.61579 -190.171 
-0.616729 -0.0133738 0.787062 485.164 0.0349813 0.998402 0.0443756 5.21311 -0.786398 0.0549002 -0.615276 -191.806 
-0.616073 -0.0119444 0.787598 486.901 0.0354789 0.998449 0.0428942 5.2556 -0.786889 0.0543692 -0.614694 -193.161 
-0.615237 -0.012342 0.788246 488.942 0.0358679 0.998404 0.0436278 5.33348 -0.787526 0.0551141 -0.613812 -194.72 
-0.614626 -0.0136154 0.788701 490.622 0.0354355 0.998365 0.0448493 5.38549 -0.788022 0.0555136 -0.613139 -196.073 
-0.614866 -0.0150968 0.788487 492.338 0.0338348 0.998391 0.0455002 5.44615 -0.787905 0.0546549 -0.613366 -197.362 
-0.615104 -0.0156345 0.788291 494.463 0.0333541 0.998392 0.0458277 5.53486 -0.78774 0.0544816 -0.613594 -198.971 
-0.614395 -0.0152508 0.788851 496.27 0.0336032 0.9984 0.0454737 5.58173 -0.788283 0.0544467 -0.612899 -200.469 
-0.6146 -0.0146658 0.788702 497.589 0.0340695 0.998401 0.0451138 5.67371 -0.788103 0.0545977 -0.613117 -201.514 
-0.61487 -0.0163863 0.788458 498.897 0.0332686 0.998355 0.0466926 5.71753 -0.787926 0.0549408 -0.613313 -202.472 
-0.614832 -0.0184106 0.788443 500.993 0.032231 0.998306 0.0484448 5.80039 -0.787999 0.0551977 -0.613197 -204.07 
-0.614953 -0.0189385 0.788336 503.082 0.0313322 0.998335 0.0484244 5.88609 -0.787941 0.0544791 -0.613336 -205.624 
-0.615912 -0.0186952 0.787593 505.133 0.0310881 0.998363 0.0480096 6.00459 -0.787201 0.0540545 -0.614322 -206.593 
-0.616901 -0.018241 0.78683 507.608 0.031085 0.998387 0.0475171 6.16694 -0.786427 0.0537719 -0.615338 -207.76 
-0.617888 -0.0177872 0.786064 510.082 0.0310825 0.99841 0.0470246 6.32798 -0.785651 0.0534888 -0.616353 -208.93 
-0.618581 -0.0182399 0.785509 512.443 0.0306545 0.998409 0.0473236 6.46759 -0.785122 0.0533529 -0.617038 -210.403 
-0.618385 -0.0177279 0.785675 514.538 0.030912 0.998423 0.0468584 6.55373 -0.785267 0.0532634 -0.616862 -211.997 
-0.61822 -0.0178469 0.785803 516.285 0.0302134 0.998464 0.0464467 6.59139 -0.785424 0.052456 -0.616731 -213.418 
-0.617093 -0.0187069 0.786668 518.296 0.0296779 0.998453 0.0470236 6.68213 -0.78633 0.0523646 -0.615583 -214.989 
-0.616304 -0.0198132 0.787259 520.248 0.0295997 0.998394 0.0482989 6.74805 -0.786952 0.0530694 -0.614728 -216.539 
-0.615974 -0.021441 0.787474 522.365 0.0291672 0.998323 0.0499969 6.84318 -0.787226 0.0537652 -0.614316 -218.147 
-0.615938 -0.0201634 0.787537 524.5 0.0300816 0.998341 0.0490877 6.94777 -0.78722 0.0539254 -0.61431 -219.757 
-0.615652 -0.0176366 0.787821 526.623 0.0336809 0.998247 0.0486676 7.03988 -0.787298 0.0564969 -0.613979 -221.352 
-0.615084 -0.018171 0.788252 528.659 0.0338931 0.998201 0.049458 7.13012 -0.787732 0.0571372 -0.613362 -222.919 
-0.614921 -0.0189643 0.788361 530.755 0.0331791 0.998203 0.0498918 7.22646 -0.78789 0.0568366 -0.613187 -224.519 
-0.614274 -0.0196151 0.788849 532.639 0.0323799 0.998222 0.0500353 7.31212 -0.788428 0.0562782 -0.612547 -226.06 
-0.614585 -0.0190758 0.78862 534.652 0.0321032 0.998274 0.0491656 7.4058 -0.788197 0.0555336 -0.612912 -227.567 
-0.614208 -0.0199483 0.788892 536.349 0.0324589 0.998196 0.0505124 7.47811 -0.788476 0.0566317 -0.612453 -229.073 
-0.614692 -0.0207826 0.788493 538.112 0.0333053 0.998077 0.0522708 7.56415 -0.788064 0.0583914 -0.612818 -230.383 
-0.614733 -0.0219756 0.788429 539.56 0.03242 0.998063 0.0530963 7.57437 -0.788068 0.058201 -0.61283 -231.597 
-0.614741 -0.0212838 0.788442 540.843 0.0308139 0.998225 0.0509721 7.54519 -0.788127 0.0556296 -0.612994 -232.721 
-0.614757 -0.0192729 0.788481 542.27 0.030871 0.998347 0.0484719 7.59662 -0.788112 0.0541397 -0.613146 -233.998 
-0.614341 -0.0161641 0.788875 543.528 0.0311139 0.998516 0.0446898 7.72605 -0.788426 0.0519998 -0.612927 -235.197 
-0.614331 -0.0179843 0.788843 545.596 0.031778 0.998365 0.0475089 7.8073 -0.788408 0.0542541 -0.612755 -236.757 
-0.61441 -0.0189995 0.788758 547.759 0.0325587 0.998248 0.0494076 7.90554 -0.788314 0.0560375 -0.612715 -238.377 
-0.614299 -0.0181634 0.788864 549.863 0.0329296 0.998274 0.0486277 8.00648 -0.788386 0.055849 -0.612641 -239.981 
-0.614297 -0.017674 0.788876 551.944 0.0329887 0.9983 0.0480541 8.09888 -0.788385 0.0555435 -0.61267 -241.557 
-0.614265 -0.0164848 0.788928 553.991 0.0339678 0.998303 0.0473072 8.19535 -0.788368 0.0558573 -0.612662 -243.117 
-0.61404 -0.0167552 0.789097 555.973 0.0344659 0.998252 0.048016 8.26396 -0.788522 0.0566807 -0.612389 -244.63 
-0.614019 -0.0175603 0.789095 558.082 0.0350295 0.998161 0.0494703 8.35896 -0.788513 0.0580174 -0.612275 -246.214 
-0.613846 -0.0186838 0.789204 560.137 0.0344091 0.998136 0.0503936 8.44137 -0.788675 0.0580898 -0.61206 -247.78 
-0.613873 -0.0184671 0.789189 562.289 0.034702 0.998129 0.0503492 8.55053 -0.788642 0.0582944 -0.612083 -249.4 
-0.614094 -0.0180679 0.789026 564.349 0.0356663 0.998081 0.0506139 8.61912 -0.788426 0.0592234 -0.612272 -250.945 
-0.613933 -0.018696 0.789137 566.365 0.0364604 0.997981 0.0520094 8.7096 -0.788516 0.0607026 -0.612011 -252.477 
-0.613811 -0.0200451 0.789199 568.31 0.0346516 0.99803 0.0523 8.7941 -0.788692 0.0594493 -0.611907 -253.953 
-0.613027 -0.0215713 0.789767 570.204 0.0331536 0.998044 0.0529943 8.86894 -0.789366 0.0586706 -0.611113 -255.431 
-0.612488 -0.021175 0.790196 571.973 0.032742 0.998104 0.0521248 8.91126 -0.789802 0.0577984 -0.610633 -256.846 
-0.612104 -0.0193946 0.790539 574.093 0.0350738 0.998049 0.0516426 9.01934 -0.789999 0.0593379 -0.61023 -258.43 
-0.6115 -0.0186836 0.791024 575.993 0.0358772 0.998038 0.051308 9.08481 -0.79043 0.0597546 -0.60963 -259.852 
-0.610103 -0.019118 0.792091 578.032 0.0366314 0.997959 0.0523019 9.1704 -0.791475 0.060925 -0.608158 -261.418 
-0.609269 -0.0203755 0.792702 580.259 0.0362037 0.997913 0.0534763 9.28453 -0.792137 0.0612802 -0.60726 -263.104 
-0.608731 -0.0215234 0.793085 582.562 0.0365011 0.997814 0.0550958 9.38652 -0.792537 0.062487 -0.606614 -264.848 
-0.607938 -0.0219602 0.79368 584.645 0.0356644 0.997853 0.0549274 9.49679 -0.793183 0.0616986 -0.60585 -266.4 
-0.607476 -0.0222217 0.794027 586.774 0.0350027 0.997889 0.054706 9.60577 -0.793566 0.0610257 -0.605416 -267.966 
-0.607137 -0.0230604 0.794262 588.947 0.0339549 0.997913 0.0549283 9.72773 -0.793871 0.0603181 -0.605087 -269.552 
-0.606779 -0.0235057 0.794523 591.071 0.0333587 0.997929 0.0549994 9.82996 -0.79417 0.0598768 -0.604739 -271.097 
-0.606523 -0.0243581 0.794693 593.201 0.0322985 0.997951 0.0552388 9.94871 -0.79441 0.059171 -0.604493 -272.673 
-0.606599 -0.0250927 0.794612 595.293 0.0306258 0.998022 0.0548955 10.0595 -0.794418 0.0576352 -0.604631 -274.202 
-0.606808 -0.0245076 0.79447 597.026 0.0298822 0.998114 0.0536132 10.143 -0.794286 0.0562735 -0.604932 -275.482 
-0.606427 -0.0244783 0.794762 598.812 0.0312013 0.998024 0.0545461 10.1879 -0.794527 0.0578759 -0.604465 -276.89 
-0.606433 -0.0251643 0.794736 600.889 0.0322221 0.9979 0.0561847 10.2871 -0.794481 0.0596804 -0.604349 -278.428 
-0.605672 -0.0243205 0.795343 603.176 0.0351098 0.997742 0.0572465 10.4147 -0.79494 0.0625969 -0.60345 -280.179 
-0.604907 -0.0234796 0.79595 605.465 0.0379981 0.997575 0.0583051 10.5454 -0.795389 0.0655137 -0.602548 -281.928 
-0.604476 -0.0215644 0.796331 607.551 0.0384539 0.997678 0.0562063 10.6713 -0.795694 0.0645974 -0.602244 -283.502 
-0.604198 -0.0199901 0.796583 609.576 0.0390076 0.997745 0.0546249 10.7902 -0.795879 0.0640771 -0.602056 -284.976 
-0.604182 -0.0198893 0.796598 611.417 0.0392823 0.997729 0.0547048 10.8928 -0.795877 0.0643439 -0.602029 -286.307 
-0.603877 -0.0208672 0.796804 613.146 0.0396141 0.997636 0.0561491 10.9435 -0.796093 0.0654719 -0.601623 -287.636 
-0.604559 -0.0216827 0.796265 615.366 0.0400843 0.997535 0.057597 11.0725 -0.795551 0.0667385 -0.602199 -289.214 
-0.606176 -0.0225229 0.795011 617.719 0.0417961 0.997315 0.0601226 11.2034 -0.794231 0.0696733 -0.603608 -290.82 
-0.607793 -0.023357 0.793752 620.07 0.0435025 0.997087 0.0626511 11.3412 -0.792903 0.0726091 -0.605007 -292.43 
-0.607447 -0.0232086 0.794021 622.171 0.0428806 0.997158 0.0619508 11.473 -0.793202 0.07168 -0.604725 -293.97 
-0.60696 -0.023142 0.794396 624.128 0.0433807 0.997121 0.0621928 11.5779 -0.793548 0.07221 -0.604208 -295.419 
-0.606436 -0.0235479 0.794784 626.3 0.0433861 0.997092 0.0626463 11.7185 -0.793948 0.0724735 -0.603651 -297.016 
-0.605744 -0.0244187 0.795285 628.285 0.0426248 0.997098 0.0630812 11.8113 -0.794517 0.0721099 -0.602945 -298.613 
-0.604572 -0.0245522 0.796172 630.448 0.0423694 0.997119 0.0629221 11.9598 -0.795422 0.0717743 -0.60179 -300.271 
-0.604895 -0.0237321 0.795951 632.358 0.0420145 0.997212 0.0616624 12.0746 -0.795196 0.0707408 -0.602212 -301.563 
-0.603973 -0.0240444 0.796642 634.466 0.0423461 0.997165 0.0622013 12.1967 -0.795879 0.0713027 -0.601243 -303.14 
-0.603478 -0.0240156 0.797018 636.648 0.0433008 0.997084 0.06283 12.3426 -0.796203 0.0724281 -0.600679 -304.777 
-0.603298 -0.0243221 0.797145 638.744 0.0432213 0.997069 0.0631329 12.4693 -0.796343 0.0725416 -0.600479 -306.272 
-0.602589 -0.0232643 0.797713 640.838 0.0432631 0.997153 0.0617614 12.5966 -0.796878 0.0717283 -0.599866 -307.811 
-0.602329 -0.0215721 0.797956 642.843 0.0443934 0.997182 0.0604678 12.7086 -0.797012 0.0718455 -0.599674 -309.279 
-0.601341 -0.0221847 0.798684 644.81 0.0443504 0.997146 0.0610892 12.796 -0.797761 0.0721575 -0.598641 -310.775 
