1 -4.23778e-08 4.22719e-08 0 -4.23778e-08 1 -4.19404e-08 0 4.22719e-08 -4.19404e-08 1 0 
0.999996 -0.00230347 -0.00149061 -0.0167273 0.00230772 0.999993 0.00291421 -0.018881 0.00148398 -0.00291772 0.999995 1.51575 
0.99999 -0.00310238 -0.00304018 -0.0421602 0.00311375 0.999988 0.00377087 -0.0364327 0.00302852 -0.00378039 0.999988 3.01227 
0.999989 -0.00171495 -0.00441325 -0.076603 0.00173074 0.999992 0.00359536 -0.0552684 0.00440713 -0.00360304 0.999984 4.51202 
0.999981 -0.00147128 -0.00605361 -0.105229 0.00149298 0.999992 0.00359555 -0.0757543 0.00604836 -0.0036046 0.999975 6.04675 
0.999973 -0.00144034 -0.00724151 -0.140938 0.00146765 0.999992 0.00377924 -0.0903413 0.00723609 -0.00378985 0.999967 7.55768 
0.999957 -0.00182421 -0.00909322 -0.174099 0.00186225 0.999989 0.00418654 -0.108314 0.00908558 -0.00420338 0.99995 9.07233 
0.999934 -0.00376875 -0.0108834 -0.204112 0.00380731 0.999986 0.00353178 -0.12618 0.01087 -0.00357307 0.999934 10.5768 
0.999909 -0.00525923 -0.0124339 -0.237371 0.00530696 0.999979 0.0038156 -0.13958 0.0124136 -0.00388132 0.999915 12.098 
0.999893 -0.00499899 -0.0137207 -0.275237 0.00505051 0.99998 0.00372924 -0.154765 0.0137019 -0.00379823 0.999899 13.6077 
0.999879 -0.00474177 -0.0148338 -0.315184 0.00479763 0.999981 0.003738 -0.168949 0.0148159 -0.0038088 0.999883 15.0986 
0.999873 -0.0033541 -0.015589 -0.357424 0.00342148 0.999985 0.0043027 -0.18495 0.0155744 -0.00435558 0.999869 16.6034 
0.999867 -0.00126488 -0.0162429 -0.401939 0.0013446 0.999987 0.00490335 -0.194013 0.0162366 -0.00492462 0.999856 18.0941 
0.999857 -0.000508775 -0.0168962 -0.454957 0.000607366 0.999983 0.00583541 -0.213805 0.016893 -0.00584492 0.99984 19.5578 
0.999846 -0.000970473 -0.0174937 -0.493262 0.00107463 0.999982 0.00595044 -0.231758 0.0174876 -0.00596841 0.999829 20.9877 
0.999833 -0.000366516 -0.0182753 -0.536007 0.000477434 0.999981 0.00606985 -0.242131 0.0182728 -0.00607765 0.999814 22.462 
0.99983 0.000388511 -0.0184433 -0.578589 -0.000269815 0.999979 0.00644231 -0.249054 0.0184455 -0.00643632 0.999809 23.9402 
0.999828 0.00115042 -0.0185183 -0.621775 -0.00100748 0.99997 0.00773095 -0.262962 0.0185267 -0.00771105 0.999799 25.3974 
0.999827 0.00109739 -0.0185742 -0.671866 -0.000976625 0.999978 0.00651401 -0.281245 0.018581 -0.00649483 0.999806 26.8213 
0.999825 0.00139885 -0.0186718 -0.717521 -0.00131318 0.999988 0.00460418 -0.294633 0.0186782 -0.00457894 0.999815 28.2597 
0.999831 -0.000499265 -0.0183747 -0.764352 0.00058058 0.99999 0.00442487 -0.309643 0.0183724 -0.00443488 0.999821 29.6849 
0.999829 -0.0014474 -0.0184043 -0.806494 0.00157958 0.999973 0.00717421 -0.324323 0.0183935 -0.00720214 0.999805 31.1056 
0.999822 -0.0032082 -0.018611 -0.842698 0.00336269 0.99996 0.00828048 -0.33441 0.0185837 -0.00834167 0.999792 32.5159 
0.999818 -0.00404569 -0.0186576 -0.878682 0.0041885 0.999962 0.0076261 -0.341718 0.0186261 -0.00770295 0.999797 33.9303 
0.999822 -0.00427191 -0.0183506 -0.919797 0.00438019 0.999973 0.00586914 -0.353644 0.0183251 -0.00594856 0.999814 35.3322 
0.999831 -0.00381483 -0.0179606 -0.962725 0.00390807 0.999979 0.00516377 -0.36879 0.0179406 -0.00523318 0.999825 36.7021 
0.999847 -0.00323041 -0.0171978 -1.0068 0.0033042 0.999985 0.0042687 -0.383614 0.0171838 -0.00432495 0.999843 38.0643 
0.99987 -0.00257555 -0.015883 -1.05041 0.00265919 0.999983 0.00525257 -0.398102 0.0158693 -0.00529421 0.99986 39.4143 
0.999893 -0.00195918 -0.0144902 -1.09005 0.00206683 0.99997 0.00742373 -0.413741 0.0144753 -0.00745297 0.999867 40.7536 
0.999913 -0.00267707 -0.0128958 -1.1261 0.00278562 0.999961 0.0084134 -0.426197 0.0128729 -0.00844868 0.999881 42.068 
0.999942 -0.00225695 -0.0105374 -1.16105 0.00235293 0.999956 0.00911277 -0.439465 0.0105164 -0.00913711 0.999903 43.3678 
0.999971 -0.0024715 -0.00725103 -1.18829 0.00253267 0.999961 0.00845074 -0.449777 0.00722995 -0.00846894 0.999938 44.6184 
0.999988 -0.00306898 -0.00376211 -1.21035 0.003094 0.999973 0.00668511 -0.462506 0.00374158 -0.00669676 0.99997 45.8522 
0.999994 -0.00342875 -0.000219254 -1.23563 0.00342974 0.999981 0.00511346 -0.478567 0.000201801 -0.00511427 0.999987 47.0893 
0.999987 -0.00326223 0.00392024 -1.24389 0.00323996 0.999979 0.00565341 -0.488817 -0.00393852 -0.00564071 0.999976 48.3421 
0.999952 -0.00287806 0.00931047 -1.2543 0.00282664 0.999981 0.00552194 -0.503871 -0.0093261 -0.00549545 0.999941 49.5538 
0.999875 -0.00108508 0.0157667 -1.26227 0.00101193 0.999989 0.00464129 -0.517839 -0.0157715 -0.00462484 0.999865 50.766 
0.999735 0.000377359 0.0230291 -1.25279 -0.000482196 0.999989 0.00454326 -0.52852 -0.0230271 -0.00455325 0.999724 51.9664 
0.999507 0.00131628 0.0313533 -1.23361 -0.00149143 0.999983 0.00556096 -0.542856 -0.0313453 -0.00560506 0.999493 53.1798 
0.999128 0.00353708 0.0415889 -1.20234 -0.00379934 0.999973 0.00622653 -0.556978 -0.0415657 -0.0063792 0.999115 54.3536 
0.998502 0.00597867 0.0543867 -1.16015 -0.00632326 0.999961 0.00616436 -0.568383 -0.0543477 -0.00649911 0.998501 55.517 
0.997582 0.00799505 0.0690298 -1.10086 -0.00847926 0.999941 0.00672307 -0.580917 -0.0689719 -0.00729222 0.997592 56.6613 
0.996314 0.0101147 0.0851805 -1.02104 -0.0108239 0.99991 0.00786657 -0.591555 -0.0850932 -0.00875964 0.996334 57.8018 
0.994656 0.0101931 0.102736 -0.919835 -0.011146 0.9999 0.00870433 -0.602257 -0.102637 -0.00980299 0.99467 58.927 
0.992525 0.00967995 0.121658 -0.800141 -0.0107157 0.999912 0.00786124 -0.611906 -0.121571 -0.0091062 0.992541 60.0287 
0.989862 0.00862841 0.141771 -0.66299 -0.00971148 0.999929 0.00694881 -0.620193 -0.141701 -0.00825525 0.989875 61.1128 
0.986665 0.0058736 0.162655 -0.498305 -0.00707472 0.999952 0.00680568 -0.6304 -0.162607 -0.00786574 0.986659 62.1786 
0.982928 0.000802989 0.183989 -0.304071 -0.00250532 0.999956 0.00901957 -0.638393 -0.183973 -0.00932662 0.982887 63.2474 
0.978277 -0.00462018 0.207251 -0.0896502 0.00248447 0.999941 0.0105636 -0.646316 -0.207287 -0.00981933 0.978231 64.2932 
0.972915 -0.00967045 0.230962 0.147253 0.00753928 0.99992 0.0101078 -0.655388 -0.231041 -0.00809278 0.97291 65.3126 
0.966542 -0.0156806 0.256029 0.408449 0.0139567 0.999866 0.00854833 -0.661907 -0.256129 -0.00468906 0.966631 66.3052 
0.959148 -0.0191681 0.282254 0.691102 0.0172919 0.999809 0.00913668 -0.666151 -0.282375 -0.0038828 0.959296 67.2858 
0.950721 -0.0218205 0.309278 0.997761 0.0191756 0.999749 0.0115892 -0.673324 -0.309453 -0.00508756 0.950901 68.2445 
0.941277 -0.0264175 0.336601 1.33267 0.0228119 0.999632 0.0146623 -0.679392 -0.336865 -0.00612283 0.941533 69.1778 
0.93047 -0.0294337 0.365183 1.69089 0.0259448 0.999559 0.014458 -0.684602 -0.365448 -0.00397817 0.930823 70.1004 
0.91856 -0.0286768 0.394241 2.06942 0.0266257 0.999588 0.0106727 -0.688899 -0.394384 0.000693364 0.918945 70.9986 
0.905614 -0.0297892 0.423056 2.47257 0.030327 0.999525 0.00546113 -0.691959 -0.423018 0.00788429 0.906087 71.8725 
0.891526 -0.0315786 0.451868 2.89614 0.0337508 0.999425 0.00325454 -0.698677 -0.451711 0.0123493 0.892079 72.7255 
0.876032 -0.0320656 0.481185 3.35564 0.0330353 0.999433 0.00645762 -0.704275 -0.481119 0.0102389 0.876595 73.5717 
0.858451 -0.0309865 0.511959 3.83418 0.0287588 0.999511 0.0122729 -0.713014 -0.512089 0.00418763 0.858922 74.3975 
0.838903 -0.0310715 0.543393 4.3401 0.0265882 0.999517 0.0161052 -0.72013 -0.54363 0.00093707 0.839324 75.2071 
0.81801 -0.0246759 0.574674 4.86876 0.0223303 0.999688 0.0111397 -0.720515 -0.57477 0.00372024 0.818306 75.983 
0.79616 -0.0176641 0.604828 5.41896 0.0191077 0.999809 0.0040471 -0.723029 -0.604784 0.00833471 0.796346 76.729 
0.773842 -0.0154022 0.633191 6.00036 0.0181791 0.999832 0.00210326 -0.727028 -0.633117 0.0098832 0.773993 77.4538 
0.750795 -0.0178195 0.660295 6.60803 0.0191056 0.999804 0.00525747 -0.733759 -0.660259 0.008668 0.750988 78.1458 
0.726452 -0.0179302 0.686983 7.23022 0.019 0.999801 0.00600298 -0.745907 -0.686954 0.00869172 0.726649 78.8145 
0.701431 -0.0159771 0.712558 7.87021 0.0195439 0.999804 0.00317882 -0.753325 -0.712469 0.0116964 0.701606 79.4484 
0.675443 -0.0135886 0.737287 8.52946 0.0193227 0.999813 0.000725078 -0.761046 -0.737159 0.0137566 0.675579 80.0566 
0.648628 -0.0112072 0.761023 9.20274 0.0175539 0.999846 -0.000237292 -0.770355 -0.760903 0.0135128 0.648725 80.6434 
0.620728 -0.00996903 0.783963 9.90569 0.017516 0.999846 -0.00115471 -0.785039 -0.78383 0.0144486 0.620807 81.2095 
0.592211 -0.00318347 0.805777 10.6282 0.0157532 0.999847 -0.00762781 -0.798217 -0.805629 0.0172108 0.59217 81.75 
0.5624 0.00604396 0.826843 11.3654 0.0145304 0.999747 -0.0171912 -0.816036 -0.826737 0.0216826 0.56217 82.2636 
0.531686 0.014381 0.84682 12.1324 0.0133527 0.999589 -0.0253592 -0.838065 -0.846836 0.0247904 0.531275 82.7534 
0.500243 0.0193919 0.865668 12.9243 0.0108128 0.999531 -0.0286391 -0.863791 -0.865817 0.0236868 0.499799 83.2187 
0.467853 0.0189508 0.883603 13.7365 0.00855647 0.999626 -0.0259697 -0.896971 -0.883765 0.0197105 0.467516 83.6613 
0.434927 0.0177378 0.900291 14.5685 0.0037599 0.999761 -0.0215141 -0.929146 -0.900458 0.0127421 0.434757 84.0746 
0.40063 0.0190269 0.916042 15.4164 -0.000534128 0.999789 -0.0205329 -0.959188 -0.91624 0.00773681 0.400556 84.4632 
0.365765 0.0220968 0.930445 16.284 -0.00769234 0.999756 -0.0207191 -0.986911 -0.930675 0.000421002 0.365846 84.8214 
0.33007 0.0241222 0.943648 17.1665 -0.0129168 0.999695 -0.021037 -1.01236 -0.943868 -0.0052453 0.330281 85.1493 
0.294198 0.0235768 0.955453 18.0701 -0.0156535 0.99968 -0.0198484 -1.03893 -0.955616 -0.00911681 0.294473 85.441 
0.258065 0.0230523 0.965852 18.9839 -0.016372 0.999676 -0.0194853 -1.06755 -0.965989 -0.0107845 0.258359 85.6968 
0.22203 0.0224948 0.97478 19.9123 -0.0161186 0.999682 -0.0193982 -1.09645 -0.974906 -0.0114051 0.222322 85.9205 
0.186885 0.0213694 0.982149 20.8612 -0.0139537 0.99972 -0.0190967 -1.11829 -0.982283 -0.0101357 0.18713 86.1036 
0.152567 0.0203408 0.988084 21.8208 -0.00573621 0.999789 -0.0196961 -1.14545 -0.988276 -0.00266287 0.152652 86.2489 
0.118816 0.0238054 0.992631 22.7856 -0.00346784 0.999716 -0.0235603 -1.17497 -0.99291 -0.000642949 0.118865 86.3696 
0.086176 0.029022 0.995857 23.7498 -0.00252699 0.999579 -0.0289118 -1.20323 -0.996277 -2.5015e-05 0.086213 86.4608 
0.0571061 0.0326334 0.997835 24.7168 0.00437241 0.999448 -0.0329365 -1.23928 -0.998358 0.00624382 0.0569319 86.5152 
0.0314774 0.0307852 0.99903 25.6873 0.00603061 0.999501 -0.0309898 -1.27666 -0.999486 0.00700024 0.0312761 86.5553 
0.00916824 0.0275548 0.999578 26.6722 0.00756125 0.99959 -0.0276245 -1.31634 -0.999929 0.00781133 0.00895613 86.5723 
-0.00980346 0.025129 0.999636 27.6585 0.00785672 0.999655 -0.0250525 -1.35099 -0.999921 0.00760827 -0.00999751 86.5738 
-0.0264086 0.0284065 0.999247 28.6506 0.00920383 0.999561 -0.0281723 -1.38528 -0.999609 0.00845292 -0.0266585 86.5531 
-0.0410131 0.0328579 0.998618 29.6344 0.0120953 0.999402 -0.032387 -1.42076 -0.999085 0.0107503 -0.041386 86.5181 
-0.0530311 0.0378426 0.997875 30.6175 0.0166999 0.999175 -0.0370045 -1.4628 -0.998453 0.014702 -0.0536193 86.4699 
-0.0615471 0.0412954 0.997249 31.6207 0.022345 0.99895 -0.0399868 -1.50667 -0.997854 0.0198225 -0.0624052 86.4052 
-0.0673751 0.0467285 0.996633 32.6184 0.0258896 0.998648 -0.0450728 -1.55458 -0.997392 0.0227656 -0.0684938 86.3404 
-0.0711373 0.0513177 0.996145 33.6096 0.0279892 0.998385 -0.0494344 -1.61058 -0.997074 0.0243647 -0.0724587 86.2779 
-0.073923 0.0551767 0.995736 34.6097 0.0300601 0.998138 -0.0530782 -1.67112 -0.996811 0.0260083 -0.0754439 86.2077 
-0.0764664 0.058112 0.995377 35.6192 0.030271 0.997975 -0.0559382 -1.73238 -0.996612 0.0258537 -0.0780707 86.1353 
-0.078796 0.0614112 0.994997 36.6254 0.031448 0.997757 -0.0590912 -1.8016 -0.996395 0.0266345 -0.0805506 86.063 
-0.0806058 0.0651334 0.994616 37.6381 0.0326951 0.997498 -0.0626726 -1.86801 -0.99621 0.0274673 -0.0825337 85.989 
-0.0828133 0.0665293 0.994342 38.6512 0.0354217 0.997335 -0.0637796 -1.94014 -0.995935 0.0299394 -0.0849492 85.9105 
-0.0846666 0.0652296 0.994272 39.6704 0.0358094 0.997409 -0.0623862 -2.01352 -0.995766 0.0303222 -0.0867831 85.8285 
-0.0867478 0.0649544 0.99411 40.7025 0.0350758 0.997453 -0.062112 -2.08238 -0.995613 0.0294811 -0.0888052 85.7405 
-0.0887769 0.0663825 0.993837 41.7419 0.0350336 0.997367 -0.063489 -2.15118 -0.995435 0.0291814 -0.0908688 85.6482 
-0.0911958 0.0686713 0.993462 42.7792 0.0338824 0.997256 -0.0658234 -2.21993 -0.995256 0.027658 -0.0932723 85.5598 
-0.0938714 0.0708473 0.99306 43.8089 0.0322135 0.997159 -0.0680947 -2.29807 -0.995063 0.0255979 -0.0958869 85.4779 
-0.096714 0.0747559 0.992501 44.8568 0.0297299 0.996947 -0.0721938 -2.37106 -0.994868 0.0225249 -0.0986413 85.3932 
-0.0991674 0.0789485 0.991934 45.893 0.0262296 0.996709 -0.0767063 -2.45406 -0.994725 0.0184113 -0.100912 85.309 
-0.10168 0.0814072 0.991481 46.9318 0.0241116 0.996555 -0.0793512 -2.53869 -0.994525 0.0158377 -0.103293 85.2143 
-0.10448 0.0801203 0.991294 47.978 0.022021 0.996692 -0.0782356 -2.62263 -0.994283 0.0136553 -0.105898 85.1177 
-0.107283 0.075739 0.991339 49.0239 0.0191006 0.997067 -0.0741096 -2.71276 -0.994045 0.0109845 -0.108415 85.0229 
-0.109826 0.0742107 0.991176 50.0756 0.0190002 0.997183 -0.0725553 -2.79401 -0.993769 0.0108641 -0.110927 84.9235 
-0.111878 0.0746634 0.990913 51.1143 0.0182892 0.997159 -0.0730692 -2.87676 -0.993554 0.00994825 -0.112925 84.8274 
-0.113159 0.0774679 0.990552 52.1652 0.0198041 0.996934 -0.0757047 -2.9612 -0.993379 0.0110503 -0.114346 84.7226 
-0.113892 0.0802402 0.990247 53.2316 0.0199424 0.996717 -0.0784708 -3.04625 -0.993293 0.0108107 -0.115119 84.6095 
-0.114114 0.08079 0.990177 54.2861 0.0187086 0.996686 -0.079165 -3.13658 -0.993291 0.009491 -0.115247 84.5015 
-0.114056 0.0796994 0.990272 55.3537 0.0157679 0.996797 -0.0784085 -3.22524 -0.993349 0.00667155 -0.114947 84.3984 
-0.114112 0.0791061 0.990313 56.4271 0.0118646 0.996862 -0.0782621 -3.31646 -0.993397 0.00281903 -0.114693 84.2915 
-0.114005 0.0801951 0.990238 57.4973 0.0079091 0.996778 -0.0798143 -3.40811 -0.993449 -0.00126736 -0.114272 84.1854 
-0.114271 0.0804721 0.990185 58.5802 0.00399736 0.996743 -0.0805438 -3.49981 -0.993441 -0.00524569 -0.114221 84.0814 
-0.114547 0.0797944 0.990208 59.6668 0.000538492 0.996774 -0.0802612 -3.59691 -0.993418 -0.00866047 -0.114221 83.975 
-0.114918 0.0747854 0.990556 60.7611 0.000972095 0.99717 -0.075172 -3.6837 -0.993374 -0.00767572 -0.114666 83.8709 
-0.115054 0.065876 0.991172 61.8741 0.00428406 0.997822 -0.0658208 -3.77296 -0.99335 -0.00332672 -0.115086 83.7523 
-0.114788 0.0605025 0.991546 62.984 0.00988208 0.998164 -0.0597624 -3.85331 -0.993341 0.00293852 -0.115175 83.6295 
-0.114053 0.0629425 0.991479 64.0858 0.0180272 0.997958 -0.0612801 -3.92438 -0.993311 0.0108844 -0.114954 83.5037 
-0.112605 0.0686116 0.991268 65.1973 0.0235688 0.997517 -0.0663668 -3.99719 -0.99336 0.0158897 -0.113943 83.3713 
-0.111561 0.0742534 0.99098 66.3047 0.0271544 0.99706 -0.0716521 -4.07794 -0.993386 0.0189159 -0.113249 83.2485 
-0.110584 0.0786239 0.990752 67.419 0.0282151 0.996712 -0.0759477 -4.16483 -0.993466 0.0195555 -0.112439 83.122 
-0.11045 0.075903 0.990979 68.5397 0.0250461 0.996975 -0.0735709 -4.25064 -0.993566 0.0166943 -0.112017 83.0171 
-0.110019 0.0711492 0.99138 69.6804 0.0242236 0.99733 -0.0688881 -4.34291 -0.993634 0.0164358 -0.111449 82.8981 
-0.109932 0.0690537 0.991537 70.8191 0.0218837 0.99751 -0.0670435 -4.42565 -0.993698 0.0143283 -0.111169 82.7888 
-0.109795 0.0700393 0.991483 71.9456 0.0201806 0.997466 -0.0682272 -4.50428 -0.993749 0.0125178 -0.11093 82.679 
-0.109617 0.0750882 0.991134 73.0875 0.0211827 0.997092 -0.0731969 -4.59079 -0.993748 0.0129713 -0.110889 82.5691 
-0.108708 0.0777603 0.991028 74.2363 0.0208705 0.996895 -0.0759314 -4.67759 -0.993855 0.012429 -0.109993 82.4509 
-0.108267 0.0767854 0.991152 75.3828 0.0209959 0.996967 -0.0749425 -4.76606 -0.9939 0.0126964 -0.109551 82.3366 
-0.107407 0.0698126 0.991761 76.5511 0.0228979 0.997441 -0.0677327 -4.85979 -0.993951 0.0154343 -0.10873 82.2202 
-0.107783 0.0683663 0.991821 77.7149 0.0221071 0.997551 -0.066359 -4.94554 -0.993929 0.014774 -0.10903 82.1033 
-0.107271 0.0713996 0.991663 78.8647 0.0196614 0.997375 -0.0696842 -5.0305 -0.994035 0.0120224 -0.108393 81.9973 
-0.106937 0.0744145 0.991477 80.0368 0.019322 0.997162 -0.0727573 -5.11733 -0.994078 0.0113769 -0.108071 81.8837 
-0.106945 0.073896 0.991515 81.2128 0.0183865 0.997211 -0.0723374 -5.20897 -0.994095 0.0104944 -0.108005 81.7718 
-0.106679 0.0703875 0.991799 82.388 0.0179726 0.997465 -0.0688565 -5.29857 -0.994131 0.0104797 -0.107674 81.6606 
-0.105793 0.0691022 0.991984 83.5776 0.0187513 0.997544 -0.0674898 -5.38886 -0.994211 0.011461 -0.106828 81.5486 
-0.104589 0.0695199 0.992083 84.7688 0.0204053 0.997494 -0.0677479 -5.47706 -0.994306 0.013158 -0.105746 81.4352 
-0.103592 0.0695772 0.992183 85.9644 0.0229118 0.997452 -0.0675546 -5.5642 -0.994356 0.0157346 -0.104922 81.3193 
-0.101975 0.0691973 0.992377 87.1589 0.0229474 0.997476 -0.0671948 -5.64879 -0.994522 0.0159203 -0.103305 81.2023 
-0.100559 0.0697335 0.992484 88.3643 0.024164 0.997418 -0.0676319 -5.73869 -0.994638 0.0171814 -0.101985 81.092 
-0.0997841 0.0678466 0.992693 89.5813 0.0243324 0.997541 -0.0657322 -5.82888 -0.994711 0.0175956 -0.10119 80.9895 
-0.0987243 0.0671911 0.992844 90.8014 0.0228053 0.997608 -0.065246 -5.91379 -0.994853 0.0162007 -0.100021 80.8871 
-0.0972037 0.0665105 0.99304 92.0264 0.0239371 0.997632 -0.0644751 -5.99832 -0.994977 0.0175033 -0.0985656 80.7776 
-0.0956311 0.0672461 0.993143 93.2524 0.0220175 0.997614 -0.0654289 -6.08904 -0.995173 0.0156095 -0.0968836 80.6745 
-0.0942666 0.06997 0.993085 94.4757 0.0224463 0.997423 -0.068145 -6.17578 -0.995294 0.0158673 -0.0955943 80.5742 
-0.0931573 0.0688812 0.993266 95.7099 0.0203954 0.997527 -0.0672639 -6.26329 -0.995442 0.0139919 -0.0943318 80.4741 
-0.0927462 0.0674357 0.993403 96.9489 0.0169563 0.997666 -0.066142 -6.35553 -0.995545 0.01071 -0.0936732 80.3776 
-0.0924273 0.0683725 0.993369 98.1791 0.0141506 0.997629 -0.0673491 -6.44622 -0.995619 0.00783191 -0.0931757 80.2762 
-0.0927158 0.0679977 0.993368 99.4308 0.0113216 0.997673 -0.0672357 -6.53175 -0.995628 0.00501275 -0.0932698 80.1806 
-0.09362 0.0655269 0.993449 100.689 0.00882153 0.997847 -0.0649858 -6.62217 -0.995569 0.00267978 -0.0939965 80.0783 
-0.094957 0.0639513 0.993425 101.953 0.00695185 0.997953 -0.0635783 -6.71292 -0.995457 0.000868941 -0.0952072 79.9773 
-0.0962593 0.0632173 0.993347 103.215 0.00489429 0.997999 -0.0630392 -6.8034 -0.995344 -0.00120638 -0.0963761 79.8742 
-0.0977073 0.0634136 0.993193 104.472 0.00506938 0.997987 -0.063221 -6.89192 -0.995202 -0.00114228 -0.097832 79.7658 
-0.099902 0.0620467 0.993061 105.737 0.00444754 0.998072 -0.0619124 -6.9783 -0.994987 -0.00176849 -0.0999854 79.654 
-0.102976 0.0573712 0.993028 107.003 0.00183543 0.998344 -0.0574881 -7.06639 -0.994682 -0.00409725 -0.102911 79.5433 
-0.107228 0.0571635 0.99259 108.259 0.00155908 0.998354 -0.0573271 -7.15104 -0.994233 -0.00459952 -0.10714 79.4244 
-0.112926 0.0631575 0.991594 109.489 -0.00367534 0.997944 -0.0639806 -7.23619 -0.993597 -0.0108695 -0.112461 79.3107 
-0.119821 0.0661457 0.990589 110.719 -0.00285146 0.997751 -0.0669689 -7.32456 -0.992791 -0.0108489 -0.119363 79.1816 
-0.128711 0.0624119 0.989716 111.982 -0.0011025 0.998008 -0.0630782 -7.41293 -0.991681 -0.00921 -0.128386 79.0375 
-0.139518 0.0601287 0.988392 113.232 0.00109196 0.998163 -0.0605691 -7.50448 -0.990219 -0.00737118 -0.139327 78.8761 
-0.15266 0.0609692 0.986396 114.467 0.001687 0.99811 -0.0614322 -7.58927 -0.988277 -0.0077142 -0.152475 78.7058 
-0.166763 0.061166 0.984098 115.685 0.00350643 0.998104 -0.0614424 -7.67471 -0.985991 -0.00679563 -0.166661 78.5146 
-0.181015 0.0591417 0.9817 116.896 0.00460268 0.99823 -0.0592889 -7.76151 -0.983469 -0.00621373 -0.180967 78.3065 
-0.196391 0.0614358 0.978599 118.092 0.00899195 0.998106 -0.0608559 -7.85041 -0.980484 -0.00315206 -0.196572 78.0778 
-0.211616 0.0647452 0.975206 119.274 0.00902268 0.99789 -0.0642934 -7.93549 -0.977311 -0.00480655 -0.211754 77.8386 
-0.226611 0.068603 0.971566 120.46 0.0090241 0.997621 -0.068338 -8.02691 -0.973944 -0.00671859 -0.226691 77.5817 
-0.242696 0.0664271 0.967825 121.646 0.00543989 0.99773 -0.0671156 -8.12156 -0.970087 -0.0110238 -0.242506 77.3086 
-0.258574 0.0607744 0.964078 122.82 -2.35763e-05 0.998018 -0.0629203 -8.21404 -0.965992 -0.0162923 -0.25806 77.0207 
-0.274508 0.0568439 0.959903 123.991 -0.00398386 0.998175 -0.0602496 -8.30071 -0.961576 -0.0203631 -0.273781 76.7163 
-0.289504 0.0583883 0.955394 125.152 -0.00557734 0.998018 -0.0626834 -8.38415 -0.95716 -0.0234757 -0.288605 76.3892 
-0.303912 0.0603286 0.950788 126.309 -0.00561106 0.997862 -0.0651092 -8.47075 -0.952683 -0.0251224 -0.302924 76.0378 
-0.317605 0.0627684 0.946143 127.461 -0.00398155 0.997709 -0.067526 -8.55697 -0.948215 -0.0252137 -0.316628 75.6657 
-0.331766 0.0626053 0.941282 128.598 -0.00181961 0.997751 -0.0670025 -8.64875 -0.94336 -0.0239419 -0.330905 75.2822 
-0.3454 0.0606931 0.936491 129.734 -0.00200325 0.997856 -0.0654091 -8.73822 -0.938453 -0.0244683 -0.344538 74.8771 
-0.359934 0.0593339 0.931089 130.864 -0.00246886 0.997912 -0.0645466 -8.82658 -0.932975 -0.0255312 -0.359035 74.4612 
-0.37452 0.0610904 0.925204 131.978 -0.00359363 0.997724 -0.0673336 -8.91197 -0.927212 -0.0285426 -0.373448 74.0287 
-0.389499 0.0631531 0.918859 133.084 -0.00282342 0.99756 -0.0697591 -9.00098 -0.921023 -0.0297654 -0.38837 73.5793 
-0.404145 0.0648955 0.91239 134.187 -0.00153911 0.99743 -0.071626 -9.09298 -0.914693 -0.0303516 -0.403007 73.1083 
-0.418501 0.0676295 0.905695 135.28 0.00125442 0.997266 -0.0738877 -9.18683 -0.908216 -0.0297859 -0.417441 72.6132 
-0.43331 0.0711207 0.898434 136.367 0.000995185 0.996919 -0.0784369 -9.28564 -0.901244 -0.0330934 -0.432046 72.1095 
-0.448416 0.0735662 0.890792 137.455 0.00214641 0.996693 -0.0812316 -9.38244 -0.893822 -0.0345135 -0.447091 71.5784 
-0.463755 0.0710128 0.883113 138.543 0.000833297 0.996817 -0.0797184 -9.48241 -0.885963 -0.0362339 -0.462338 71.0325 
-0.479991 0.0666391 0.874739 139.63 -0.00200799 0.997025 -0.077057 -9.58556 -0.877271 -0.0387431 -0.478429 70.4684 
-0.496076 0.0668343 0.865703 140.701 -0.00243681 0.996922 -0.0783611 -9.68481 -0.868276 -0.0409826 -0.494386 69.8782 
-0.512328 0.0660962 0.856242 141.767 -0.00381517 0.996849 -0.079233 -9.78109 -0.858781 -0.04386 -0.510462 69.2732 
-0.528352 0.0651645 0.846521 142.826 -0.00441459 0.996826 -0.0794903 -9.8835 -0.849014 -0.0457359 -0.526387 68.6451 
-0.543974 0.0647749 0.836598 143.875 -0.00558152 0.996715 -0.0808015 -9.99034 -0.839083 -0.0486234 -0.541825 67.9872 
-0.559357 0.064174 0.826439 144.914 -0.00597263 0.996661 -0.0814344 -10.0952 -0.828906 -0.0504869 -0.557106 67.3116 
-0.574928 0.0612914 0.815905 145.951 -0.00675276 0.996801 -0.0796388 -10.2015 -0.818176 -0.0512962 -0.572675 66.6146 
-0.590319 0.058012 0.805082 146.985 -0.00629886 0.997052 -0.0764634 -10.3072 -0.807145 -0.0502089 -0.588214 65.8921 
-0.605571 0.0563943 0.79379 147.995 -0.00535649 0.997174 -0.07493 -10.4105 -0.795773 -0.0496274 -0.603558 65.1534 
-0.620595 0.0545764 0.78223 149.009 -0.00631647 0.997195 -0.0745859 -10.5163 -0.784106 -0.0512285 -0.618509 64.382 
-0.635817 0.0557156 0.769826 149.997 -0.00755712 0.996894 -0.0783911 -10.6202 -0.771803 -0.0556601 -0.633421 63.6045 
-0.651247 0.0551337 0.75686 150.972 -0.00985339 0.996659 -0.0810804 -10.7253 -0.758802 -0.060261 -0.648528 62.796 
-0.667327 0.0518357 0.742958 151.942 -0.0117221 0.99672 -0.0800693 -10.8326 -0.744672 -0.0621414 -0.664531 61.9659 
-0.684143 0.0442974 0.728001 152.91 -0.0154049 0.997053 -0.0751456 -10.9385 -0.729185 -0.0626251 -0.681445 61.1129 
-0.701452 0.0416715 0.711497 153.855 -0.0166653 0.997057 -0.0748264 -11.0404 -0.712522 -0.0643444 -0.698693 60.234 
-0.719045 0.0387527 0.693882 154.781 -0.0186726 0.997006 -0.0750317 -11.1459 -0.694713 -0.0669077 -0.716169 59.3182 
-0.736755 0.0351918 0.675243 155.678 -0.0218779 0.996881 -0.0758255 -11.2441 -0.675806 -0.0706376 -0.733687 58.3917 
-0.753487 0.0332316 0.656622 156.541 -0.0214658 0.996946 -0.0750878 -11.352 -0.657112 -0.0706725 -0.750472 57.4383 
-0.769647 0.0354783 0.637482 157.386 -0.0190296 0.996737 -0.0784471 -11.461 -0.638185 -0.0725076 -0.766461 56.4608 
-0.78521 0.034695 0.618257 158.222 -0.016079 0.99695 -0.0763672 -11.5666 -0.619021 -0.0699053 -0.782257 55.4626 
-0.79995 0.0358697 0.598993 159.014 -0.0120547 0.99705 -0.0758056 -11.6803 -0.599945 -0.0678614 -0.797158 54.4393 
-0.814657 0.0370242 0.57876 159.777 -0.0102691 0.996883 -0.0782268 -11.7912 -0.579852 -0.0696713 -0.811737 53.4055 
-0.828524 0.0386129 0.558621 160.517 -0.00930999 0.996532 -0.0826904 -11.9015 -0.559876 -0.0737117 -0.825291 52.352 
-0.841846 0.0388735 0.538316 161.229 -0.00693971 0.996541 -0.082816 -12.0121 -0.539674 -0.0734541 -0.838664 51.2863 
-0.85376 0.0366315 0.519377 161.921 -0.00611213 0.996748 -0.0803475 -12.123 -0.520632 -0.071772 -0.850759 50.1981 
-0.864494 0.0381617 0.501192 162.578 -0.00353967 0.996627 -0.0819906 -12.2379 -0.502631 -0.0726544 -0.861443 49.0989 
-0.874148 0.0408439 0.483939 163.218 -0.000879899 0.996322 -0.0856778 -12.3496 -0.485659 -0.0753208 -0.870897 47.989 
-0.883391 0.0386244 0.467042 163.848 -0.00254512 0.996188 -0.0871988 -12.4684 -0.46863 -0.0782193 -0.879925 46.8571 
-0.891747 0.0358966 0.451108 164.459 -0.00372923 0.996232 -0.0866464 -12.5926 -0.452519 -0.0789489 -0.888253 45.6962 
-0.899055 0.0337595 0.436531 165.059 -0.00473108 0.996216 -0.0867872 -12.7219 -0.437809 -0.0800917 -0.895493 44.5127 
-0.906103 0.0317519 0.421864 165.651 -0.00521724 0.996265 -0.0861907 -12.8484 -0.423025 -0.0802986 -0.902553 43.3418 
-0.912628 0.0288473 0.407771 166.205 -0.00664988 0.996327 -0.0853672 -12.97 -0.408736 -0.0806202 -0.909085 42.1781 
-0.918434 0.0238042 0.394857 166.744 -0.00925757 0.996621 -0.0816149 -13.0897 -0.395465 -0.0786133 -0.91511 40.9919 
-0.923713 0.0204908 0.382536 167.268 -0.0103578 0.996867 -0.0784089 -13.2045 -0.382945 -0.0763895 -0.920607 39.7986 
-0.928203 0.0205956 0.371504 167.762 -0.00788602 0.997153 -0.0749838 -13.3175 -0.371991 -0.0725299 -0.925398 38.618 
-0.931317 0.0248283 0.363362 168.236 -0.00334842 0.997048 -0.0767099 -13.424 -0.364194 -0.0726579 -0.928485 37.4231 
-0.933556 0.0299486 0.357178 168.698 0.00194657 0.996912 -0.0785011 -13.5288 -0.358426 -0.0725899 -0.930732 36.2225 
-0.935469 0.0331009 0.351856 169.158 0.00489355 0.996722 -0.0807564 -13.6421 -0.353376 -0.0738232 -0.932564 35.0249 
-0.937332 0.0303507 0.347112 169.623 0.0027725 0.996817 -0.0796728 -13.7519 -0.348425 -0.0737175 -0.934433 33.826 
-0.939217 0.0229215 0.342559 170.09 -0.00346039 0.997086 -0.0762053 -13.8604 -0.343308 -0.0727587 -0.936401 32.625 
-0.941179 0.0166746 0.337496 170.557 -0.0089789 0.997195 -0.0743077 -13.9705 -0.337789 -0.0729672 -0.938389 31.4208 
-0.942796 0.0103348 0.333211 171.016 -0.0157555 0.997021 -0.0755026 -14.0809 -0.332998 -0.0764335 -0.939824 30.2055 
-0.94408 0.00791935 0.329621 171.461 -0.0189827 0.996748 -0.0783167 -14.1872 -0.329169 -0.0801943 -0.94086 28.9967 
-0.944888 0.00808194 0.327295 171.9 -0.0194336 0.996548 -0.080712 -14.2975 -0.326817 -0.0826243 -0.941469 27.792 
-0.945123 0.00875768 0.326596 172.337 -0.0193156 0.996394 -0.0826149 -14.4095 -0.326142 -0.0843896 -0.941546 26.5848 
-0.945202 0.0115036 0.326283 172.776 -0.0169781 0.996295 -0.0843094 -14.5264 -0.326044 -0.0852291 -0.941505 25.3862 
-0.944818 0.0122815 0.327365 173.212 -0.0169132 0.996135 -0.0861851 -14.644 -0.327158 -0.086966 -0.940959 24.1754 
-0.944464 0.0127326 0.328369 173.651 -0.0172196 0.995959 -0.088146 -14.7636 -0.328164 -0.088905 -0.940428 22.9721 
-0.943785 0.0137948 0.330273 174.09 -0.0161789 0.996004 -0.0878337 -14.8849 -0.330165 -0.0882396 -0.93979 21.7616 
-0.942904 0.0133067 0.332797 174.531 -0.0171434 0.995938 -0.088394 -15.0058 -0.332622 -0.0890524 -0.938846 20.5556 
-0.941569 0.0117814 0.336613 174.976 -0.0192249 0.995879 -0.0886314 -15.1255 -0.33627 -0.0899239 -0.937463 19.3733 
-0.939822 0.0103158 0.341507 175.425 -0.0204093 0.996064 -0.0862537 -15.2472 -0.341053 -0.0880331 -0.935913 18.1786 
-0.937732 0.0079824 0.347267 175.891 -0.0224019 0.996265 -0.083393 -15.3687 -0.346635 -0.0859798 -0.934051 16.9843 
-0.935074 0.00593826 0.354402 176.356 -0.0242636 0.996442 -0.0807146 -15.4817 -0.35362 -0.0840732 -0.931603 15.7956 
-0.932331 0.00807489 0.361516 176.823 -0.0224696 0.996525 -0.0802066 -15.5984 -0.360907 -0.0829023 -0.92891 14.6347 
-0.928965 0.00848665 0.370069 177.294 -0.0229206 0.9965 -0.080389 -15.7062 -0.369456 -0.0831608 -0.92552 13.4896 
-0.925164 0.0113981 0.379395 177.781 -0.0216992 0.996326 -0.0828465 -15.8148 -0.378946 -0.0848792 -0.921518 12.3388 
-0.9209 0.0127349 0.389591 178.283 -0.0207467 0.996448 -0.0816121 -15.9287 -0.389247 -0.0832393 -0.917365 11.1962 
-0.915851 0.014767 0.401247 178.803 -0.0202064 0.996362 -0.0827903 -16.0446 -0.40101 -0.0839313 -0.91222 10.0483 
-0.910164 0.0166238 0.413914 179.345 -0.0199561 0.996275 -0.0838948 -16.1576 -0.413767 -0.0846181 -0.906442 8.90291 
-0.903932 0.0188877 0.42726 179.896 -0.0188492 0.996294 -0.0839211 -16.2715 -0.427261 -0.0839124 -0.900226 7.75532 
-0.897583 0.0180913 0.440474 180.464 -0.0195347 0.996544 -0.0807376 -16.3921 -0.440412 -0.0810732 -0.894128 6.62483 
-0.890794 0.0209357 0.453925 181.049 -0.0177944 0.996565 -0.0808833 -16.5081 -0.454059 -0.0801276 -0.887361 5.4939 
-0.883727 0.0233558 0.46742 181.652 -0.0159595 0.996669 -0.0799749 -16.6164 -0.467731 -0.0781357 -0.88041 4.37356 
-0.876284 0.0249808 0.481146 182.265 -0.0141515 0.996889 -0.0775312 -16.7296 -0.481586 -0.0747483 -0.873205 3.27324 
-0.86826 0.0271443 0.495366 182.889 -0.0112592 0.997167 -0.0743761 -16.8392 -0.495981 -0.0701552 -0.865495 2.1868 
-0.860186 0.0300068 0.509096 183.533 -0.00833419 0.997307 -0.0728644 -16.944 -0.509912 -0.0669198 -0.85762 1.11984 
-0.851031 0.0332665 0.52406 184.187 -0.005061 0.997425 -0.0715336 -17.0478 -0.525091 -0.0635296 -0.848672 0.0666477 
-0.840915 0.035566 0.539997 184.868 -0.00301676 0.997514 -0.0703975 -17.1469 -0.541159 -0.0608273 -0.838717 -0.956667 
-0.82973 0.0390731 0.556796 185.565 0.000479214 0.997596 -0.0692922 -17.2444 -0.558165 -0.0572269 -0.827754 -1.99044 
-0.818469 0.0412776 0.573066 186.281 0.00248669 0.997661 -0.0683094 -17.3442 -0.574546 -0.054484 -0.816657 -2.99478 
-0.806565 0.0433117 0.589557 187.023 0.00346526 0.997642 -0.0685508 -17.4342 -0.591136 -0.0532476 -0.804813 -3.99264 
-0.793787 0.0458385 0.606465 187.767 0.00532327 0.997641 -0.0684373 -17.529 -0.608172 -0.0510962 -0.792159 -4.96428 
-0.780434 0.0460127 0.623542 188.539 0.00613427 0.997804 -0.0659527 -17.6279 -0.625208 -0.0476468 -0.779002 -5.90408 
-0.765071 0.0476542 0.64218 189.33 0.00852923 0.99792 -0.0638912 -17.7236 -0.643889 -0.043404 -0.763887 -6.83318 
-0.748314 0.0505129 0.661418 190.13 0.0103058 0.997861 -0.0645476 -17.8156 -0.663265 -0.0414854 -0.747234 -7.73337 
-0.730921 0.0537288 0.680343 190.956 0.0112428 0.997709 -0.0667135 -17.9029 -0.682369 -0.0411133 -0.729851 -8.61672 
-0.713427 0.0541991 0.69863 191.793 0.0103645 0.997711 -0.0668176 -17.9958 -0.700653 -0.0404285 -0.712356 -9.44977 
-0.694247 0.0545292 0.717668 192.664 0.00927953 0.997721 -0.0668312 -18.0819 -0.719677 -0.0397377 -0.693171 -10.2869 
-0.67484 0.0540051 0.735986 193.552 0.00709255 0.997747 -0.0667093 -18.1703 -0.73793 -0.0397981 -0.673702 -11.0739 
-0.654534 0.0540969 0.754095 194.452 0.00493289 0.997721 -0.0672925 -18.2651 -0.756017 -0.0403253 -0.653309 -11.8389 
-0.633687 0.0537783 0.771718 195.348 0.0022945 0.997707 -0.0676426 -18.3505 -0.773586 -0.0410936 -0.632358 -12.5604 
-0.612073 0.0537678 0.788971 196.279 0.00113484 0.997745 -0.0671152 -18.4411 -0.790801 -0.040184 -0.610753 -13.2769 
-0.589131 0.0536139 0.806257 197.228 0.000705761 0.99783 -0.0658374 -18.5293 -0.808037 -0.0382179 -0.587891 -13.9672 
-0.564999 0.0546517 0.82328 198.204 -8.41062e-05 0.9978 -0.0662946 -18.6103 -0.825092 -0.0375256 -0.563751 -14.6274 
-0.539335 0.0580509 0.840088 199.201 0.00120908 0.997673 -0.068164 -18.6915 -0.842091 -0.0357475 -0.53815 -15.2628 
-0.512201 0.0590004 0.856837 200.216 0.00116221 0.997684 -0.0680043 -18.7765 -0.858865 -0.033836 -0.511083 -15.8691 
-0.48458 0.0575991 0.872848 201.243 0.000232226 0.997838 -0.0657183 -18.8705 -0.874747 -0.0316431 -0.483546 -16.4347 
-0.456487 0.0557707 0.88798 202.285 -0.00143059 0.997986 -0.0634153 -18.9547 -0.889729 -0.0302186 -0.455488 -16.9635 
-0.427002 0.0569245 0.902457 203.328 -0.00208409 0.997952 -0.0639342 -19.0399 -0.904248 -0.0291808 -0.426008 -17.4445 
-0.396042 0.0596227 0.916295 204.393 -0.00240447 0.997819 -0.0659667 -19.1172 -0.918229 -0.0283287 -0.395034 -17.8982 
-0.364234 0.0615236 0.929273 205.494 -0.00124748 0.997782 -0.0665484 -19.1979 -0.931307 -0.0253984 -0.36335 -18.324 
-0.332028 0.0619361 0.941234 206.586 0.000383253 0.997851 -0.0655265 -19.2856 -0.943269 -0.0213959 -0.331338 -18.7126 
-0.299497 0.0621163 0.952073 207.7 -0.000716859 0.997863 -0.0653293 -19.3659 -0.954097 -0.0202484 -0.298812 -19.0499 
-0.26585 0.0607589 0.962098 208.816 0.000609411 0.998022 -0.0628593 -19.4574 -0.964014 -0.0161248 -0.265361 -19.3536 
-0.230945 0.059652 0.971136 210.001 -0.000837128 0.998106 -0.0615078 -19.5262 -0.972966 -0.0150179 -0.230458 -19.6398 
-0.196561 0.0585454 0.978742 211.141 -0.000344961 0.998211 -0.0597793 -19.6059 -0.980492 -0.0120879 -0.196189 -19.8602 
-0.161712 0.0582935 0.985115 212.289 -0.000253782 0.998251 -0.0591125 -19.6891 -0.986838 -0.00980918 -0.161414 -20.0462 
-0.126292 0.0580014 0.990296 213.432 -0.000232569 0.998287 -0.0584992 -19.7666 -0.991993 -0.0076183 -0.126062 -20.1905 
-0.0905457 0.0575735 0.994227 214.601 0.000496196 0.99833 -0.057766 -19.8476 -0.995892 -0.00473713 -0.0904231 -20.2959 
-0.0554913 0.0581574 0.996764 215.741 -0.000966286 0.998299 -0.0583008 -19.9222 -0.998459 -0.00419834 -0.0553407 -20.3507 
-0.0210988 0.0579237 0.998098 216.898 -0.00226533 0.998315 -0.0579843 -19.9951 -0.999775 -0.00348441 -0.020932 -20.3681 
0.0123632 0.0571513 0.998289 218.054 -0.00371695 0.998361 -0.0571095 -20.0727 -0.999917 -0.00300454 0.0125553 -20.3458 
0.0451031 0.0574031 0.997332 219.191 -0.00489092 0.998348 -0.0572405 -20.1507 -0.99897 -0.00229614 0.0453094 -20.2826 
0.0778276 0.0570129 0.995335 220.341 -0.00386296 0.998373 -0.056885 -20.224 -0.996959 0.000582282 0.0779213 -20.1865 
0.109673 0.0548429 0.992453 221.486 -0.00316564 0.998491 -0.0548268 -20.3003 -0.993963 0.00287129 0.109681 -20.0546 
0.14091 0.0535596 0.988572 222.639 -0.00180752 0.998548 -0.0538425 -20.3738 -0.990021 0.00580008 0.140802 -19.8897 
0.17111 0.0534654 0.9838 223.766 -0.000448 0.998531 -0.0541881 -20.4471 -0.985252 0.00883139 0.170883 -19.6893 
0.201479 0.05288 0.978064 224.903 0.00153373 0.998523 -0.0543022 -20.5203 -0.979491 0.0124408 0.201101 -19.4543 
0.231917 0.0519763 0.971346 226.038 0.00414499 0.998509 -0.0544195 -20.5887 -0.972727 0.0166471 0.231356 -19.1835 
0.261762 0.050486 0.963811 227.166 0.00640378 0.998518 -0.0540433 -20.6587 -0.965111 0.0203185 0.261051 -18.8701 
0.292128 0.0490457 0.955121 228.299 0.00841079 0.998514 -0.0538465 -20.7291 -0.956342 0.0237634 0.291281 -18.5292 
0.321978 0.0485505 0.945502 229.417 0.0108381 0.99843 -0.0549591 -20.8013 -0.946685 0.027943 0.320946 -18.154 
0.350741 0.0480549 0.935239 230.515 0.0113748 0.99839 -0.0555658 -20.8725 -0.936403 0.0301273 0.34963 -17.7439 
0.378808 0.0461746 0.924323 231.611 0.0119531 0.998427 -0.0547752 -20.9468 -0.925398 0.0317978 0.37766 -17.2892 
0.407178 0.0454075 0.912219 232.696 0.0119042 0.998415 -0.0550117 -21.0198 -0.913271 0.0332587 0.405992 -16.8082 
0.435295 0.0465798 0.899082 233.739 0.0129626 0.998233 -0.0579927 -21.0922 -0.900194 0.0368983 0.433922 -16.2946 
0.463286 0.0477412 0.884922 234.787 0.0140137 0.998028 -0.06118 -21.1696 -0.886098 0.0407448 0.461703 -15.7421 
0.490898 0.046191 0.869992 235.824 0.0151558 0.99799 -0.0615387 -21.2497 -0.871085 0.0433946 0.489211 -15.175 
0.517674 0.0436492 0.854464 236.842 0.0157018 0.998045 -0.0604968 -21.3331 -0.855434 0.0447343 0.515976 -14.5588 
0.542624 0.0413024 0.838959 237.832 0.0151847 0.998145 -0.0589604 -21.4197 -0.839838 0.0447327 0.540991 -13.9114 
0.5658 0.0413161 0.823507 238.819 0.0137266 0.998133 -0.0595085 -21.5049 -0.824428 0.0449738 0.564177 -13.2293 
0.586466 0.0411972 0.808925 239.772 0.0124497 0.998129 -0.0598592 -21.5856 -0.809878 0.0451762 0.584856 -12.5209 
0.606217 0.0398983 0.794298 240.735 0.0116187 0.99819 -0.0590077 -21.6664 -0.795214 0.0450002 0.604656 -11.7812 
0.624551 0.0372492 0.780095 241.681 0.0115055 0.998315 -0.0568806 -21.7476 -0.780899 0.0445002 0.62307 -11.0177 
0.642026 0.033643 0.765944 242.626 0.0130496 0.998412 -0.0547924 -21.8292 -0.766572 0.0451733 0.640568 -10.2302 
0.658572 0.031158 0.751872 243.568 0.0141505 0.998453 -0.0537711 -21.9007 -0.752385 0.0460514 0.657112 -9.41184 
0.674118 0.0288478 0.73806 244.472 0.0158513 0.998442 -0.0535033 -21.9763 -0.738453 0.0477668 0.67261 -8.57908 
0.689263 0.0284559 0.723952 245.351 0.0153588 0.99843 -0.0538676 -22.0511 -0.724349 0.0482479 0.687743 -7.73235 
0.704246 0.0270479 0.70944 246.221 0.0160407 0.998413 -0.0539886 -22.123 -0.709774 0.0494011 0.702694 -6.85793 
0.718567 0.0248519 0.695014 247.057 0.015533 0.998538 -0.0517648 -22.1953 -0.695284 0.0479921 0.717131 -5.96771 
0.732716 0.0221136 0.680175 247.896 0.0160694 0.998631 -0.0497779 -22.2672 -0.680345 0.0474031 0.731357 -5.04754 
0.746497 0.0202224 0.665081 248.712 0.0165341 0.998666 -0.0489236 -22.343 -0.665183 0.0475178 0.745167 -4.11572 
0.75996 0.0198512 0.649667 249.511 0.0172801 0.998563 -0.0507259 -22.4127 -0.64974 0.0497759 0.758525 -3.17022 
0.772196 0.0191181 0.635096 250.294 0.0177433 0.998508 -0.0516315 -22.4808 -0.635136 0.0511383 0.770705 -2.19996 
0.783651 0.0183354 0.62093 251.063 0.0172375 0.998537 -0.0512406 -22.5531 -0.620962 0.050858 0.782189 -1.20839 
0.794357 0.0158996 0.607243 251.815 0.0176372 0.998632 -0.0492194 -22.6227 -0.607195 0.0498078 0.79299 -0.197323 
0.804467 0.0133386 0.593848 252.548 0.0190187 0.998657 -0.0481954 -22.6953 -0.593693 0.0500658 0.803133 0.833971 
0.814213 0.0131482 0.580417 253.27 0.0187194 0.998629 -0.0488819 -22.7634 -0.580264 0.0506653 0.812851 1.87115 
0.823108 0.0108371 0.567781 253.98 0.0222602 0.998434 -0.0513275 -22.8298 -0.567448 0.0548869 0.821578 2.91911 
0.831271 0.00888541 0.555796 254.674 0.0231355 0.998453 -0.0505647 -22.8987 -0.555385 0.0548915 0.82978 3.98446 
0.838936 0.00542057 0.544203 255.37 0.0260208 0.998407 -0.0500581 -22.9701 -0.543608 0.0561561 0.837459 5.06738 
0.845689 0.00404054 0.533661 256.052 0.0270076 0.998366 -0.0503579 -23.0387 -0.532992 0.057 0.844198 6.17354 
0.851043 0.00291972 0.525087 256.724 0.0272973 0.998386 -0.0497943 -23.1129 -0.524385 0.0567105 0.84959 7.2875 
0.854971 0.00204217 0.518671 257.394 0.0267902 0.998483 -0.0480922 -23.1857 -0.517982 0.0550127 0.85362 8.41681 
0.857765 0.000846544 0.514041 258.056 0.0270699 0.998537 -0.0468155 -23.2582 -0.513328 0.0540717 0.856487 9.54963 
0.860185 0.000392905 0.509982 258.71 0.0271471 0.998547 -0.0465585 -23.3289 -0.509259 0.0538934 0.858924 10.6869 
0.862547 -0.000960079 0.505975 259.366 0.0281038 0.998545 -0.0460146 -23.3979 -0.505195 0.0539095 0.86132 11.8251 
0.864755 -0.00330309 0.502183 260.024 0.0293775 0.998599 -0.0440197 -23.4658 -0.501334 0.0528191 0.86364 12.9828 
0.866847 -0.00532504 0.498545 260.712 0.0312162 0.998561 -0.0436117 -23.5279 -0.497595 0.0533673 0.865766 14.1763 
0.869202 -0.00664684 0.494412 261.37 0.0325626 0.998508 -0.0438232 -23.5968 -0.493383 0.0541905 0.868122 15.3432 
0.871251 -0.00794071 0.490774 262.008 0.0334448 0.998506 -0.0432175 -23.6641 -0.489697 0.054067 0.870214 16.5069 
0.873333 -0.00744506 0.487067 262.646 0.0325656 0.998539 -0.0431287 -23.7314 -0.486034 0.0535273 0.872299 17.6787 
0.875336 -0.00785457 0.483451 263.288 0.0325531 0.998557 -0.0427173 -23.804 -0.482418 0.0531298 0.874328 18.8626 
0.877319 -0.00764142 0.479848 263.921 0.0319574 0.998584 -0.0425267 -23.873 -0.478843 0.0526441 0.876321 20.0482 
