1 -4.23778e-08 4.22719e-08 0 -4.23778e-08 1 -4.19404e-08 0 4.22719e-08 -4.19404e-08 1 0 
0.999996 -0.00238361 -0.0014187 -0.02225 0.0023878 0.999992 0.00302194 -0.0212376 0.00141157 -0.0030254 0.999994 1.48802 
0.999991 -0.00306664 -0.00298912 -0.0433268 0.00307819 0.999988 0.0038953 -0.0401993 0.00297722 -0.00390455 0.999988 2.9834 
0.99999 -0.00161975 -0.00425699 -0.0786226 0.00163501 0.999992 0.00360322 -0.0561184 0.0042512 -0.00361022 0.999984 4.48007 
0.999982 -0.00137608 -0.00589735 -0.107011 0.00139727 0.999992 0.00360357 -0.0765901 0.00589243 -0.00361182 0.999976 6.0148 
0.999974 -0.00134517 -0.00708523 -0.142486 0.00137195 0.999992 0.00378737 -0.0911625 0.00708016 -0.00379708 0.999968 7.52573 
0.999958 -0.00172911 -0.00893691 -0.175413 0.00176657 0.99999 0.00419485 -0.10912 0.00892965 -0.00421055 0.999951 9.04039 
0.999936 -0.00367355 -0.0107271 -0.205192 0.00371164 0.999987 0.00354026 -0.126973 0.0107141 -0.00357993 0.999936 10.5449 
0.999911 -0.00516408 -0.0122776 -0.238216 0.0052113 0.999979 0.00382422 -0.140358 0.0122577 -0.00388795 0.999917 12.0661 
0.999896 -0.00490383 -0.0135644 -0.275848 0.00495487 0.999981 0.00373799 -0.155528 0.0135459 -0.0038049 0.999901 13.5757 
0.999881 -0.00464661 -0.0146775 -0.315563 0.00470199 0.999982 0.00374685 -0.169698 0.0146599 -0.00381551 0.999885 15.0666 
0.999876 -0.00325903 -0.0154327 -0.357571 0.00332585 0.999985 0.00431163 -0.185683 0.0154185 -0.00436251 0.999872 16.5715 
0.99987 -0.00116989 -0.0160866 -0.401854 0.00124897 0.999987 0.00491234 -0.194731 0.0160807 -0.00493188 0.999858 18.0622 
0.99986 -0.00041393 -0.0167397 -0.454646 0.000511746 0.999983 0.00584446 -0.214507 0.0167371 -0.00585229 0.999843 19.5259 
0.999849 -0.000875648 -0.0173372 -0.49273 0.000979017 0.999982 0.00595955 -0.232446 0.0173317 -0.00597571 0.999832 20.9559 
0.999836 -0.000271708 -0.0181188 -0.535245 0.000381827 0.999981 0.00607904 -0.242804 0.0181169 -0.00608504 0.999817 22.4301 
0.999833 0.000483264 -0.0182868 -0.577597 -0.000365421 0.999979 0.00645151 -0.249712 0.0182897 -0.00644384 0.999812 23.9083 
0.999831 0.00124498 -0.0183617 -0.620558 -0.00110309 0.999969 0.00774016 -0.263605 0.0183708 -0.00771868 0.999801 25.3655 
0.999833 0.00164587 -0.0182227 -0.672323 -0.00152949 0.999978 0.00640315 -0.280372 0.0182329 -0.00637429 0.999813 26.8169 
0.99983 0.001948 -0.0183214 -0.717486 -0.00186605 0.999988 0.00449337 -0.293908 0.01833 -0.00445851 0.999822 28.2553 
0.999837 4.99404e-05 -0.0180243 -0.763829 2.7736e-05 0.999991 0.0043139 -0.309065 0.0180245 -0.00431379 0.999828 29.6805 
0.999837 -0.000899162 -0.0180524 -0.805485 0.00102673 0.999974 0.00706326 -0.323894 0.0180457 -0.00708072 0.999812 31.1012 
0.99983 -0.00266037 -0.0182585 -0.841203 0.00280983 0.999963 0.00816964 -0.334132 0.0182361 -0.00821964 0.9998 32.5116 
0.999825 -0.0035102 -0.0183591 -0.873473 0.00364858 0.999965 0.00751373 -0.340885 0.0183322 -0.00757948 0.999803 33.9351 
0.99983 -0.0037359 -0.018053 -0.914182 0.0038403 0.999976 0.0057566 -0.352961 0.0180312 -0.00582503 0.99982 35.3371 
0.999839 -0.0032786 -0.0176634 -0.956715 0.00336822 0.999981 0.00505101 -0.368251 0.0176466 -0.00510978 0.999831 36.707 
0.999853 -0.00269391 -0.0169011 -1.0004 0.00276443 0.999987 0.00415553 -0.383218 0.0168898 -0.00420173 0.999848 38.0691 
0.999876 -0.00203934 -0.0155858 -1.04361 0.00211958 0.999984 0.00513869 -0.397848 0.0155752 -0.00517118 0.999865 39.4192 
0.999898 -0.00142362 -0.0141918 -1.08287 0.00152738 0.999972 0.00730911 -0.41363 0.0141811 -0.00733012 0.999872 40.7585 
0.999918 -0.0021418 -0.0125969 -1.11854 0.00224635 0.999963 0.00829792 -0.426228 0.0125787 -0.00832562 0.999886 42.0729 
0.999947 -0.00140779 -0.0101746 -1.14935 0.00149833 0.999959 0.00890503 -0.437062 0.0101617 -0.00891989 0.999908 43.3795 
0.999975 -0.00162209 -0.00688878 -1.17616 0.00167876 0.999965 0.00824019 -0.447622 0.00687525 -0.00825164 0.999942 44.6302 
0.999992 -0.00225158 -0.00334574 -1.19977 0.00227315 0.999976 0.00648355 -0.460656 0.00333114 -0.00649119 0.999973 45.867 
0.999996 -0.00261069 0.000195838 -1.22456 0.00260961 0.999984 0.00490899 -0.476949 -0.000208566 -0.00490855 0.999988 47.1041 
0.999988 -0.0024444 0.00433577 -1.23231 0.00242069 0.999982 0.00544555 -0.487448 -0.00434892 -0.00543507 0.999976 48.3569 
0.99995 -0.00214003 0.0097172 -1.23862 0.00208834 0.999984 0.00531796 -0.502783 -0.00972834 -0.00529748 0.999939 49.5698 
0.999869 -0.000346693 0.0161728 -1.24612 0.000274954 0.99999 0.00443253 -0.516984 -0.0161741 -0.00442759 0.999859 50.782 
0.999725 0.00111577 0.023435 -1.23616 -0.00121764 0.99999 0.00432916 -0.527909 -0.0234299 -0.00435659 0.999716 51.9824 
0.999493 0.00205426 0.0317598 -1.2165 -0.00222506 0.999983 0.00534074 -0.542498 -0.0317483 -0.00540879 0.999481 53.1958 
0.999109 0.00427474 0.0419958 -1.18477 -0.00453067 0.999972 0.00599881 -0.556875 -0.0419689 -0.00618382 0.9991 54.3696 
0.998475 0.00671628 0.0547934 -1.14212 -0.00705161 0.999957 0.00592729 -0.56854 -0.0547511 -0.00630472 0.99848 55.533 
0.997548 0.00873232 0.0694364 -1.08238 -0.00920405 0.999937 0.00647534 -0.581344 -0.0693754 -0.00709864 0.997565 56.6773 
0.996271 0.0108514 0.0855875 -1.00211 -0.0115446 0.999904 0.00760713 -0.592266 -0.0854967 -0.00856692 0.996302 57.8178 
0.994606 0.0109293 0.103143 -0.900455 -0.0118619 0.999894 0.00843223 -0.603265 -0.10304 -0.00961031 0.994631 58.9429 
0.992468 0.0104165 0.122063 -0.780325 -0.0114263 0.999906 0.00757556 -0.61322 -0.121973 -0.00891331 0.992493 60.0446 
0.989797 0.00936528 0.142175 -0.642744 -0.0104162 0.999924 0.00664876 -0.621822 -0.142102 -0.00806192 0.989819 61.1286 
0.986594 0.00661065 0.163057 -0.477637 -0.00777297 0.999949 0.0064908 -0.63236 -0.163006 -0.00767131 0.986595 62.1944 
0.982852 0.00153946 0.184391 -0.282979 -0.00319659 0.999957 0.00868965 -0.640708 -0.18437 -0.00913014 0.982814 63.2631 
0.978195 -0.00388393 0.207652 -0.0681425 0.00180123 0.999946 0.0102174 -0.648996 -0.207681 -0.00962067 0.978149 64.3088 
0.972827 -0.00893351 0.231361 0.169165 0.00686469 0.999929 0.00974505 -0.658444 -0.231432 -0.00789209 0.972819 65.3281 
0.96646 -0.015007 0.256379 0.431364 0.0133598 0.999877 0.00816503 -0.66766 -0.25647 -0.00446607 0.966542 66.3238 
0.959069 -0.0185128 0.282568 0.715041 0.0167072 0.999822 0.00879829 -0.673022 -0.28268 -0.00371733 0.959207 67.3025 
0.950634 -0.0211657 0.30959 1.022 0.0186008 0.999764 0.0112344 -0.680549 -0.309755 -0.00492125 0.950804 68.2612 
0.941183 -0.0257631 0.336912 1.35721 0.0222476 0.99965 0.0142911 -0.686985 -0.337163 -0.00595506 0.941427 69.1943 
0.93037 -0.0287787 0.365491 1.71572 0.0253922 0.999578 0.0140697 -0.692579 -0.365741 -0.00380945 0.930709 70.1168 
0.918451 -0.0280202 0.394542 2.09453 0.0260855 0.999607 0.0102672 -0.697267 -0.394674 0.000861846 0.918821 71.0149 
0.905498 -0.0291303 0.42335 2.49796 0.0297999 0.999543 0.00503879 -0.700732 -0.423303 0.00805312 0.905952 71.8887 
0.891403 -0.0309184 0.452156 2.9218 0.0332375 0.999443 0.00281551 -0.707863 -0.451991 0.0125187 0.891934 72.7416 
0.8759 -0.031406 0.48147 3.38156 0.0325369 0.999452 0.00600182 -0.713898 -0.481394 0.0104085 0.876442 73.5876 
0.858305 -0.0303289 0.512242 3.86037 0.0282769 0.99953 0.0117997 -0.723083 -0.512359 0.00435684 0.85876 74.4132 
0.838746 -0.0304149 0.543672 4.36654 0.0261241 0.999537 0.0156145 -0.730661 -0.543895 0.00110631 0.839152 75.2227 
0.817841 -0.0240183 0.574943 4.89545 0.021885 0.999704 0.0106318 -0.731516 -0.575028 0.00388746 0.818124 75.9984 
0.795979 -0.0170049 0.605086 5.44589 0.0186815 0.999819 0.00352292 -0.734511 -0.605036 0.0084997 0.796152 76.7442 
0.773651 -0.0147425 0.63344 6.02751 0.017772 0.999841 0.00156402 -0.739007 -0.633362 0.0100475 0.77379 77.4689 
0.750596 -0.0171602 0.660539 6.6354 0.018718 0.999814 0.00470411 -0.746248 -0.660496 0.00883304 0.750777 78.1607 
0.726245 -0.0172709 0.687219 7.2578 0.0186326 0.999812 0.00543599 -0.758911 -0.687184 0.00885679 0.72643 78.8291 
0.701216 -0.0153168 0.712785 7.89799 0.0191971 0.999812 0.00259902 -0.76685 -0.712691 0.0118609 0.701378 79.4628 
0.675219 -0.0129277 0.737504 8.55743 0.0189969 0.999819 0.000133204 -0.775101 -0.737372 0.0139203 0.675343 80.0708 
0.648396 -0.0105463 0.76123 9.23088 0.0172494 0.999851 -0.000840465 -0.784946 -0.761108 0.0136757 0.648481 80.6574 
0.620488 -0.00930789 0.784161 9.93401 0.0172335 0.99985 -0.00176849 -0.800181 -0.784026 0.0146111 0.620555 81.2232 
0.591963 -0.00252145 0.805961 10.6567 0.0154929 0.999846 -0.00825134 -0.81392 -0.805816 0.0173711 0.591911 81.7636 
0.562145 0.00670735 0.827012 11.394 0.014293 0.999739 -0.0178238 -0.832306 -0.826915 0.02184 0.561902 82.2769 
0.531423 0.0150453 0.846973 12.1612 0.0131387 0.999576 -0.0259999 -0.854916 -0.847005 0.0249451 0.531 82.7664 
0.499973 0.0200558 0.865809 12.9532 0.0106225 0.999515 -0.0292872 -0.881236 -0.865976 0.0238399 0.499517 83.2315 
0.467575 0.0196134 0.883736 13.7655 0.00839031 0.99961 -0.0266245 -0.91502 -0.883913 0.0198637 0.467228 83.6739 
0.434641 0.0183983 0.900416 14.5976 0.00361803 0.999747 -0.0221746 -0.947807 -0.900596 0.0128957 0.434465 84.0869 
0.400336 0.0196859 0.916157 15.4456 -0.000650962 0.999775 -0.0211983 -0.978468 -0.916368 0.00789004 0.400259 84.4751 
0.365462 0.0227534 0.930548 16.3134 -0.00778398 0.999741 -0.0213883 -1.00682 -0.930794 0.000573242 0.365544 84.8331 
0.329759 0.0247769 0.94374 17.196 -0.0129829 0.99968 -0.0217092 -1.03289 -0.943976 -0.00509371 0.329975 85.1607 
0.293882 0.0242303 0.955535 18.0996 -0.0156941 0.999666 -0.0205226 -1.0601 -0.955713 -0.00896506 0.294164 85.4521 
0.257745 0.0237053 0.965922 19.0135 -0.0163873 0.999662 -0.0201606 -1.08937 -0.966074 -0.0106325 0.258047 85.7076 
0.221708 0.0231476 0.974838 19.9419 -0.0161088 0.999669 -0.0200737 -1.11891 -0.97498 -0.011253 0.222007 85.9311 
0.186561 0.0220226 0.982196 20.8909 -0.0139196 0.999708 -0.0197714 -1.14141 -0.982345 -0.00998326 0.186813 86.1139 
0.152247 0.0209964 0.988119 21.8505 -0.00567868 0.999776 -0.0203692 -1.16922 -0.988326 -0.00251006 0.152332 86.2588 
0.118496 0.0244616 0.992653 22.8153 -0.00338742 0.999701 -0.024231 -1.19939 -0.992949 -0.000491262 0.118543 86.3792 
0.0861655 0.0294288 0.995846 23.7742 -0.00229111 0.999567 -0.0293406 -1.23137 -0.996278 0.000246552 0.0861956 86.4673 
0.0570985 0.0330403 0.997822 24.7412 0.00462068 0.999433 -0.0333581 -1.26782 -0.998358 0.00651531 0.0569134 86.5216 
0.0314704 0.0311921 0.999018 25.7117 0.00628961 0.999487 -0.031405 -1.30561 -0.999485 0.00727177 0.0312581 86.5617 
0.0091619 0.0279617 0.999567 26.6965 0.00782946 0.999576 -0.0280338 -1.34569 -0.999927 0.00808292 0.00893909 86.5787 
-0.00980967 0.025536 0.999626 27.6828 0.00813265 0.999643 -0.0254567 -1.38075 -0.999919 0.00787989 -0.0100138 86.5802 
-0.0264143 0.0288135 0.999236 28.675 0.00948644 0.999547 -0.0285717 -1.41544 -0.999606 0.00872449 -0.0266756 86.5594 
-0.0410176 0.0332648 0.998604 29.6587 0.0123837 0.999386 -0.0327822 -1.4513 -0.999082 0.0110218 -0.0414043 86.5244 
-0.0530337 0.0382495 0.99786 30.6418 0.016993 0.999156 -0.0373961 -1.49373 -0.998448 0.0149734 -0.0536389 86.4762 
-0.0615474 0.0417021 0.997233 31.645 0.0226415 0.998928 -0.0403757 -1.53799 -0.997847 0.0200938 -0.0624256 86.4115 
-0.067374 0.0471352 0.996614 32.6426 0.0261882 0.998623 -0.0454599 -1.58629 -0.997384 0.0230368 -0.0685156 86.3467 
-0.0710024 0.0518781 0.996126 33.6425 0.0281193 0.998354 -0.0499899 -1.64027 -0.99708 0.0244609 -0.0723443 86.2834 
-0.073787 0.0557367 0.995715 34.6426 0.0301918 0.998104 -0.0536332 -1.70137 -0.996817 0.026105 -0.0753299 86.2133 
-0.0763303 0.0586719 0.995355 35.6521 0.030404 0.99794 -0.0564927 -1.76319 -0.996619 0.0259507 -0.0779569 86.141 
-0.0786593 0.0619709 0.994973 36.6582 0.0315823 0.99772 -0.0596453 -1.83298 -0.996401 0.0267319 -0.0804371 86.0688 
-0.0804684 0.0656928 0.99459 37.6709 0.0328304 0.997459 -0.0632262 -1.89995 -0.996216 0.0275651 -0.0824207 85.9949 
-0.0826744 0.0670884 0.994316 38.6839 0.0355582 0.997295 -0.0643329 -1.97265 -0.995942 0.0300374 -0.0848363 85.9165 
-0.0845275 0.0657887 0.994247 39.7032 0.035947 0.99737 -0.0629393 -2.0466 -0.995772 0.0304201 -0.08667 85.8346 
-0.0866091 0.0655135 0.994086 40.7352 0.0352145 0.997413 -0.0626649 -2.11602 -0.99562 0.0295789 -0.0886921 85.7468 
-0.0886383 0.0669417 0.993812 41.7746 0.0351735 0.997327 -0.0640414 -2.1854 -0.995443 0.0292793 -0.0907559 85.6546 
-0.0910578 0.0692306 0.993436 42.8118 0.0340236 0.997214 -0.0663754 -2.25473 -0.995264 0.0277563 -0.0931597 85.5663 
-0.0935103 0.071378 0.993056 43.8455 0.0325496 0.997113 -0.0686046 -2.33447 -0.995086 0.0259083 -0.0955636 85.4797 
-0.0963543 0.0752875 0.992496 44.8933 0.0300675 0.9969 -0.0727027 -2.408 -0.994893 0.0228366 -0.0983194 85.3953 
-0.0988097 0.0794814 0.991927 45.9295 0.0265684 0.99666 -0.0772142 -2.49154 -0.994752 0.0187245 -0.100591 85.3115 
-0.101324 0.0819409 0.991473 46.9683 0.0244517 0.996506 -0.0798581 -2.57671 -0.994553 0.0161517 -0.102974 85.2171 
-0.104124 0.0806549 0.991288 48.0145 0.0223626 0.996644 -0.0787418 -2.66118 -0.994313 0.0139689 -0.105578 85.1208 
-0.106929 0.0762747 0.991337 49.0604 0.0194436 0.997023 -0.074615 -2.75186 -0.994076 0.0112967 -0.108094 85.0264 
-0.109473 0.0747465 0.991175 50.1121 0.0193445 0.99714 -0.0730599 -2.83364 -0.993801 0.0111758 -0.110605 84.9273 
-0.111525 0.0751995 0.990912 51.1508 0.0186346 0.997116 -0.0735731 -2.91692 -0.993587 0.0102601 -0.112604 84.8315 
-0.112806 0.0780035 0.99055 52.2017 0.0201501 0.996888 -0.076208 -3.00191 -0.993413 0.011363 -0.114026 84.7271 
-0.113539 0.0807757 0.990244 53.268 0.0202888 0.99667 -0.0789737 -3.08751 -0.993326 0.0111243 -0.114799 84.6143 
-0.113761 0.081326 0.990174 54.3226 0.0190551 0.996639 -0.0796678 -3.17837 -0.993325 0.00980479 -0.114928 84.5066 
-0.113704 0.0802365 0.990269 55.3901 0.0161144 0.996751 -0.0789115 -3.26758 -0.993384 0.006985 -0.114628 84.4039 
-0.113763 0.0796445 0.99031 56.4636 0.0122111 0.996818 -0.0787652 -3.35935 -0.993433 0.00313228 -0.114373 84.2973 
-0.113658 0.0807349 0.990234 57.5337 0.00825559 0.996735 -0.0803175 -3.45155 -0.993486 -0.000953747 -0.113953 84.1916 
-0.113926 0.0810132 0.990181 58.6166 0.00434399 0.996701 -0.0810469 -3.54381 -0.99348 -0.00493199 -0.113902 84.0879 
-0.114204 0.0803367 0.990204 59.7032 0.000885267 0.996733 -0.0807644 -3.64146 -0.993457 -0.00834699 -0.113902 83.9819 
-0.114575 0.0753276 0.990554 60.7975 0.00131906 0.997132 -0.0756752 -3.72882 -0.993414 -0.00736387 -0.114345 83.8782 
-0.114709 0.0664171 0.991176 61.9105 0.00463109 0.997787 -0.0663242 -3.81864 -0.993388 -0.00301775 -0.114763 83.7599 
-0.11444 0.0610416 0.991553 63.0203 0.010229 0.99813 -0.060266 -3.89956 -0.993377 0.00324573 -0.11485 83.6374 
-0.1137 0.0634787 0.991485 64.1221 0.0183736 0.99792 -0.0617837 -3.97119 -0.993345 0.0111924 -0.11463 83.512 
-0.112249 0.0691459 0.991271 65.2337 0.0239145 0.997475 -0.0668706 -4.04456 -0.993392 0.0161996 -0.11362 83.38 
-0.111203 0.0747864 0.99098 66.3411 0.0274995 0.997014 -0.072156 -4.12588 -0.993417 0.0192275 -0.112928 83.2575 
-0.110226 0.0791565 0.990749 67.4553 0.0285597 0.996664 -0.0764517 -4.21334 -0.993496 0.0198686 -0.112119 83.1313 
-0.110093 0.0764367 0.990978 68.5761 0.0253907 0.996929 -0.0740751 -4.29972 -0.993597 0.0170065 -0.111696 83.0268 
-0.109663 0.0716832 0.991381 69.7168 0.024568 0.997287 -0.0693927 -4.39258 -0.993665 0.0167464 -0.111127 82.9083 
-0.109577 0.0695885 0.991539 70.8554 0.0222281 0.997468 -0.0675483 -4.4759 -0.99373 0.0146383 -0.110846 82.7993 
-0.109441 0.0705747 0.991485 71.9819 0.0205249 0.997424 -0.068732 -4.5551 -0.993781 0.0128281 -0.110608 82.6899 
-0.109262 0.0756232 0.991132 73.1238 0.0215269 0.997048 -0.0737015 -4.6422 -0.99378 0.0132832 -0.110568 82.5803 
-0.108353 0.0782954 0.991024 74.2726 0.0212143 0.996849 -0.0764362 -4.72959 -0.993886 0.0127418 -0.109673 82.4625 
-0.107912 0.0773205 0.991149 75.4191 0.0213394 0.996921 -0.0754475 -4.81864 -0.993931 0.0130088 -0.10923 82.3486 
-0.107051 0.070347 0.991762 76.5874 0.0232409 0.997398 -0.0682382 -4.91297 -0.993982 0.0157445 -0.108407 82.2325 
-0.107427 0.068901 0.991822 77.7512 0.0224504 0.997509 -0.0668645 -4.99932 -0.993959 0.0150837 -0.108707 82.1161 
-0.106917 0.0719351 0.991662 78.901 0.0200044 0.997333 -0.0701898 -5.08487 -0.994067 0.0123332 -0.108071 82.0104 
-0.106583 0.0749501 0.991475 80.0731 0.0196649 0.997119 -0.0732629 -5.17231 -0.994109 0.0116886 -0.10775 81.8971 
-0.106591 0.0744319 0.991513 81.249 0.0187293 0.997167 -0.072843 -5.26455 -0.994126 0.0108059 -0.107684 81.7856 
-0.106326 0.0709236 0.991799 82.4243 0.0183153 0.997423 -0.0693624 -5.35475 -0.994163 0.0107901 -0.107351 81.6749 
-0.105439 0.069638 0.991984 83.6138 0.0190935 0.997503 -0.067996 -5.44566 -0.994242 0.011771 -0.106505 81.5632 
-0.104235 0.070055 0.992082 84.8051 0.0207469 0.997452 -0.0682545 -5.53447 -0.994336 0.0134682 -0.105423 81.4502 
-0.103236 0.0701115 0.992183 86.0006 0.0232529 0.99741 -0.0680615 -5.62222 -0.994385 0.0160447 -0.104599 81.3347 
-0.101964 0.0695643 0.992353 87.1963 0.0230266 0.99745 -0.0675557 -5.71093 -0.994521 0.0159623 -0.103306 81.2231 
-0.100548 0.0701005 0.99246 88.4017 0.0242427 0.997391 -0.0679929 -5.80127 -0.994637 0.0172234 -0.101985 81.1129 
-0.0997724 0.0682137 0.992669 89.6187 0.0244108 0.997515 -0.0660933 -5.89191 -0.994711 0.0176376 -0.10119 81.0103 
-0.0987132 0.0675582 0.99282 90.8388 0.0228834 0.997583 -0.0656072 -5.97726 -0.994853 0.0162428 -0.100021 80.9079 
-0.0971922 0.0668777 0.993016 92.0637 0.0240147 0.997607 -0.0648365 -6.06224 -0.994976 0.0175454 -0.0985656 80.7985 
-0.0956203 0.0676132 0.993119 93.2897 0.0220944 0.997589 -0.0657903 -6.1534 -0.995173 0.0156515 -0.0968836 80.6954 
-0.0942556 0.070337 0.99306 94.5129 0.0225228 0.997396 -0.0685065 -6.24059 -0.995293 0.0159094 -0.0955944 80.5951 
-0.0931471 0.0692483 0.993241 95.7471 0.0204714 0.997501 -0.0676255 -6.32855 -0.995442 0.0140339 -0.0943319 80.4949 
-0.0927372 0.0678028 0.993379 96.9861 0.0170321 0.997641 -0.0665037 -6.42124 -0.995545 0.010752 -0.0936732 80.3984 
-0.0924194 0.0687396 0.993345 98.2163 0.0142264 0.997603 -0.0677108 -6.51238 -0.995618 0.00787395 -0.0931758 80.297 
-0.0927089 0.0683648 0.993343 99.4679 0.0113975 0.997647 -0.0675974 -6.59837 -0.995628 0.00505479 -0.09327 80.2015 
-0.093614 0.0658941 0.993425 100.726 0.00889775 0.997823 -0.0653474 -6.68924 -0.995569 0.00272182 -0.0939965 80.0992 
-0.0949517 0.0643186 0.993402 101.99 0.00702856 0.997929 -0.0639399 -6.78046 -0.995457 0.000910981 -0.0952072 79.9981 
-0.0962548 0.0635846 0.993324 103.252 0.00497147 0.997976 -0.0634007 -6.8714 -0.995344 -0.00116434 -0.0963761 79.895 
-0.0977027 0.0637809 0.99317 104.509 0.00514709 0.997963 -0.0635824 -6.96038 -0.995202 -0.00110024 -0.097832 79.7866 
-0.0998977 0.062414 0.993038 105.774 0.00452605 0.998049 -0.0622737 -7.04722 -0.994987 -0.00172645 -0.0999852 79.6749 
-0.102973 0.0577386 0.993007 107.04 0.00191505 0.998323 -0.0578492 -7.13577 -0.994682 -0.00405521 -0.10291 79.5641 
-0.107224 0.0575309 0.992569 108.296 0.00164025 0.998333 -0.0576879 -7.22088 -0.994233 -0.00455749 -0.10714 79.4453 
-0.112924 0.0635248 0.991571 109.526 -0.0035921 0.997921 -0.0643408 -7.30647 -0.993597 -0.0108275 -0.112461 79.3315 
-0.119819 0.0665129 0.990565 110.756 -0.00276571 0.997727 -0.0673284 -7.3953 -0.992792 -0.0108069 -0.119363 79.2024 
-0.128709 0.0627792 0.989693 112.018 -0.00101353 0.997985 -0.0634371 -7.48412 -0.991682 -0.00916796 -0.128386 79.0584 
-0.139515 0.0604961 0.98837 113.268 0.00118485 0.998141 -0.060927 -7.57612 -0.990219 -0.00732914 -0.139327 78.8969 
-0.152657 0.0613365 0.986374 114.503 0.00178464 0.998088 -0.0617888 -7.66136 -0.988278 -0.00767216 -0.152474 78.7267 
-0.166759 0.0615333 0.984076 115.721 0.00360916 0.998082 -0.0617976 -7.74724 -0.985991 -0.00675359 -0.166661 78.5354 
-0.181004 0.0594646 0.981683 116.934 0.00471027 0.998211 -0.0595974 -7.8348 -0.983471 -0.00616338 -0.180961 78.3267 
-0.196379 0.0617586 0.978581 118.13 0.00910436 0.998086 -0.0611626 -7.92408 -0.980486 -0.0031017 -0.196566 78.0979 
-0.211604 0.0650679 0.975187 119.312 0.00913985 0.997869 -0.0645982 -8.00953 -0.977313 -0.00475617 -0.211748 77.8588 
-0.226598 0.0689257 0.971546 120.497 0.00914595 0.997599 -0.0686409 -8.10132 -0.973945 -0.00666819 -0.226685 77.6019 
-0.242685 0.0667499 0.967806 121.684 0.00556675 0.997709 -0.0674165 -8.19634 -0.970089 -0.0109734 -0.2425 77.3288 
-0.258564 0.0610973 0.96406 122.858 0.00010822 0.998 -0.0632193 -8.28917 -0.965994 -0.0162419 -0.258054 77.0409 
-0.2745 0.0571668 0.959886 124.029 -0.00384713 0.998158 -0.0605464 -8.37621 -0.961579 -0.0203128 -0.273775 76.7365 
-0.289497 0.0587113 0.955376 125.189 -0.00543598 0.998 -0.0629779 -8.46002 -0.957163 -0.0234253 -0.288599 76.4094 
-0.303905 0.0606516 0.95077 126.347 -0.00546527 0.997844 -0.0654015 -8.54696 -0.952687 -0.025072 -0.302918 76.058 
-0.317598 0.0630913 0.946124 127.499 -0.00383155 0.99769 -0.0678162 -8.63354 -0.948218 -0.0251634 -0.316622 75.6859 
-0.331757 0.0629282 0.941264 128.636 -0.00166527 0.997732 -0.0672904 -8.72567 -0.943363 -0.0238915 -0.3309 75.3024 
-0.345392 0.061016 0.936473 129.771 -0.00184475 0.997838 -0.0656948 -8.81549 -0.938457 -0.024418 -0.344532 74.8973 
-0.359926 0.0596568 0.931072 130.902 -0.00230594 0.997894 -0.0648298 -8.90419 -0.932978 -0.0254809 -0.35903 74.4814 
-0.374513 0.0614134 0.925186 132.015 -0.00342628 0.997706 -0.0676142 -8.98992 -0.927215 -0.0284923 -0.373443 74.0489 
-0.389491 0.063476 0.91884 133.121 -0.00265152 0.997541 -0.0700369 -9.07927 -0.921026 -0.029715 -0.388365 73.5996 
-0.404137 0.0652183 0.91237 134.225 -0.00136279 0.997411 -0.0719009 -9.1716 -0.914697 -0.0303012 -0.403002 73.1286 
-0.418492 0.0679523 0.905675 135.318 0.00143506 0.997245 -0.0741598 -9.26578 -0.908219 -0.0297355 -0.417436 72.6335 
-0.433302 0.0714434 0.898413 136.404 0.00118026 0.996897 -0.0787059 -9.36491 -0.901248 -0.033043 -0.432041 72.1298 
-0.448407 0.0738888 0.89077 137.492 0.00233601 0.996671 -0.0814973 -9.46204 -0.893827 -0.0344631 -0.447086 71.5987 
-0.463746 0.0713355 0.883091 138.581 0.00102746 0.996796 -0.079981 -9.56234 -0.885967 -0.0361835 -0.462334 71.0528 
-0.479983 0.0669619 0.874718 139.668 -0.00180901 0.997005 -0.077316 -9.66581 -0.877276 -0.0386928 -0.478425 70.4887 
-0.496068 0.0671571 0.865682 140.738 -0.00223308 0.996902 -0.0786164 -9.76538 -0.868281 -0.0409322 -0.494382 69.8985 
-0.512321 0.066419 0.856222 141.804 -0.00360666 0.99683 -0.0794844 -9.86197 -0.858786 -0.0438096 -0.510457 69.2936 
-0.528345 0.0654873 0.8465 142.863 -0.00420138 0.996807 -0.0797378 -9.96469 -0.849019 -0.0456856 -0.526383 68.6654 
-0.543968 0.0650977 0.836577 143.912 -0.00536376 0.996696 -0.081045 -10.0718 -0.839089 -0.0485731 -0.541821 68.0075 
-0.559351 0.0644968 0.826418 144.951 -0.0057504 0.996642 -0.0816739 -10.177 -0.828911 -0.0504366 -0.557102 67.332 
-0.574923 0.0616142 0.815884 145.988 -0.00652603 0.996784 -0.0798741 -10.2836 -0.818182 -0.0512459 -0.572671 66.635 
-0.590314 0.0583349 0.805063 147.022 -0.0060677 0.997036 -0.0766944 -10.3896 -0.807151 -0.0501586 -0.58821 65.9125 
-0.605565 0.0567173 0.793772 148.032 -0.00512097 0.997159 -0.0751566 -10.4932 -0.795779 -0.0495771 -0.603554 65.1738 
-0.620589 0.0548994 0.782211 149.046 -0.00607666 0.997179 -0.074808 -10.5993 -0.784112 -0.0511783 -0.618505 64.4023 
-0.635812 0.0560385 0.769807 150.034 -0.00731301 0.996879 -0.0786085 -10.7035 -0.771809 -0.0556098 -0.633418 63.6248 
-0.651243 0.0554566 0.75684 151.009 -0.00960494 0.996644 -0.0812928 -10.8088 -0.758808 -0.0602108 -0.648525 62.8164 
-0.667324 0.0521586 0.742939 151.979 -0.0114691 0.996707 -0.0802764 -10.9164 -0.744679 -0.0620912 -0.664528 61.9863 
-0.684141 0.0446205 0.727983 152.947 -0.0151473 0.997042 -0.075347 -11.0226 -0.729192 -0.062575 -0.681442 61.1332 
-0.70145 0.0419945 0.71148 153.892 -0.016403 0.997047 -0.0750217 -11.1248 -0.712529 -0.0642943 -0.69869 60.2543 
-0.719044 0.0390758 0.693865 154.818 -0.0184054 0.996997 -0.0752204 -11.2305 -0.69472 -0.0668577 -0.716166 59.3386 
-0.736755 0.0355148 0.675226 155.715 -0.0216059 0.996873 -0.0760072 -11.3289 -0.675814 -0.0705876 -0.733684 58.412 
-0.753487 0.0335547 0.656605 156.578 -0.0211893 0.996939 -0.0752627 -11.4371 -0.657121 -0.0706225 -0.75047 57.4587 
-0.769647 0.0358013 0.637464 157.423 -0.0187489 0.996729 -0.078615 -11.5463 -0.638194 -0.0724576 -0.766459 56.4812 
-0.784984 0.0348172 0.618537 158.243 -0.0161273 0.996933 -0.0765842 -11.6492 -0.619306 -0.0700927 -0.782015 55.4649 
-0.799731 0.0359912 0.599278 159.035 -0.0120978 0.997033 -0.0760237 -11.7632 -0.600236 -0.0680484 -0.796923 54.4419 
-0.814445 0.0371463 0.57905 159.799 -0.0103066 0.996865 -0.0784459 -11.8743 -0.580149 -0.0698579 -0.811509 53.4084 
-0.828319 0.0387365 0.558915 160.539 -0.0093422 0.996513 -0.0829102 -11.9849 -0.560178 -0.0738976 -0.825069 52.3552 
-0.841648 0.038997 0.538616 161.251 -0.00696657 0.996522 -0.0830366 -12.0958 -0.539981 -0.0736399 -0.83845 51.2898 
-0.853569 0.0367544 0.519681 161.943 -0.00613401 0.99673 -0.0805687 -12.2069 -0.520943 -0.0719586 -0.850553 50.2018 
-0.86431 0.038285 0.5015 162.601 -0.0035569 0.996608 -0.0822121 -12.3221 -0.502947 -0.0728405 -0.861242 49.1029 
-0.87397 0.040968 0.48425 163.242 -0.000892785 0.996303 -0.0858995 -12.4341 -0.485979 -0.0755059 -0.870702 47.9933 
-0.883219 0.0387496 0.467356 163.872 -0.00255369 0.996168 -0.0874208 -12.5532 -0.468953 -0.0784052 -0.879736 46.8616 
-0.891581 0.0360221 0.451426 164.484 -0.00373375 0.996213 -0.0868684 -12.6777 -0.452845 -0.0791358 -0.88807 45.701 
-0.898895 0.0338854 0.436851 165.084 -0.00473194 0.996196 -0.0870092 -12.8073 -0.438138 -0.0802793 -0.895316 44.5178 
-0.905948 0.0318779 0.422186 165.676 -0.00521445 0.996246 -0.0864128 -12.9341 -0.423356 -0.080487 -0.902381 43.3471 
-0.912479 0.0289734 0.408096 166.231 -0.00664359 0.996308 -0.0855893 -13.056 -0.409069 -0.0808096 -0.908918 42.1836 
-0.91829 0.0239296 0.395184 166.77 -0.00924806 0.996603 -0.0818369 -13.1759 -0.3958 -0.0788047 -0.914949 40.9977 
-0.923574 0.0206154 0.382866 167.295 -0.0103453 0.99685 -0.0786308 -13.2911 -0.383281 -0.0765822 -0.920451 39.8046 
-0.928067 0.0207188 0.371836 167.789 -0.00787084 0.997137 -0.0752056 -13.4044 -0.37233 -0.0727225 -0.925247 38.6241 
-0.931184 0.0249515 0.363695 168.263 -0.00333138 0.997031 -0.0769315 -13.5111 -0.364535 -0.072849 -0.928336 37.4295 
-0.933424 0.0300718 0.357512 168.726 0.00196499 0.996895 -0.0787226 -13.6162 -0.358769 -0.0727791 -0.930585 36.229 
-0.935339 0.0332245 0.35219 169.186 0.00491317 0.996704 -0.0809777 -13.7298 -0.35372 -0.0740112 -0.932419 35.0316 
-0.937204 0.0304743 0.347447 169.651 0.00279329 0.996799 -0.079894 -13.8399 -0.34877 -0.0739065 -0.93429 33.8329 
-0.939091 0.0230448 0.342895 170.119 -0.00343839 0.997069 -0.0764265 -13.9486 -0.343651 -0.0729504 -0.93626 32.6321 
-0.941056 0.0167979 0.337833 170.586 -0.0089556 0.997179 -0.0745288 -14.0591 -0.338132 -0.0731613 -0.938251 31.4281 
-0.942675 0.0104595 0.333548 171.046 -0.0157311 0.997005 -0.0757236 -14.1697 -0.333341 -0.0766298 -0.939687 30.213 
-0.943961 0.00804534 0.329958 171.491 -0.0189574 0.996731 -0.0785375 -14.2763 -0.329511 -0.0803915 -0.940723 29.0043 
-0.94477 0.0082088 0.327632 171.931 -0.0194077 0.996531 -0.0809327 -14.3869 -0.32716 -0.0828214 -0.941333 27.7999 
-0.945005 0.00888517 0.326933 172.368 -0.0192896 0.996376 -0.0828356 -14.4992 -0.326485 -0.0845865 -0.94141 26.5928 
-0.945084 0.0116314 0.32662 172.807 -0.016952 0.996277 -0.0845301 -14.6164 -0.326387 -0.0854249 -0.941368 25.3944 
-0.9447 0.0124099 0.327702 173.244 -0.0168874 0.996117 -0.0864057 -14.7343 -0.327501 -0.0871615 -0.940822 24.1838 
-0.944345 0.0128617 0.328705 173.684 -0.017194 0.99594 -0.0883666 -14.8542 -0.328507 -0.0891003 -0.940289 22.9807 
-0.943665 0.0139236 0.330609 174.123 -0.0161539 0.995985 -0.0880544 -14.9757 -0.330508 -0.0884345 -0.939651 21.7704 
-0.942784 0.0134359 0.333133 174.565 -0.0171189 0.995919 -0.0886147 -15.0969 -0.332964 -0.0892474 -0.938706 20.5646 
-0.941448 0.0119108 0.336948 175.009 -0.0192013 0.99586 -0.0888522 -15.2169 -0.336611 -0.0901196 -0.937321 19.3824 
-0.939699 0.0104446 0.341842 175.46 -0.0203868 0.996045 -0.0864747 -15.3389 -0.341393 -0.0882293 -0.93577 18.188 
-0.937607 0.00811046 0.347601 175.926 -0.0223808 0.996247 -0.0836142 -15.4606 -0.346975 -0.0861768 -0.933907 16.9938 
-0.934947 0.00606564 0.354736 176.391 -0.024244 0.996424 -0.0809359 -15.5739 -0.353958 -0.084271 -0.931457 15.8054 
-0.932201 0.00820185 0.361849 176.858 -0.0224518 0.996507 -0.0804282 -15.6909 -0.361245 -0.0830994 -0.928761 14.6447 
-0.928832 0.0086137 0.3704 177.33 -0.0229049 0.996482 -0.0806106 -15.7991 -0.369792 -0.0833577 -0.925368 13.4998 
-0.925028 0.0115258 0.379725 177.817 -0.0216857 0.996308 -0.0830683 -15.9079 -0.37928 -0.085075 -0.921362 12.3491 
-0.920759 0.012862 0.38992 178.32 -0.0207357 0.99643 -0.0818341 -16.022 -0.38958 -0.0834347 -0.917205 11.2067 
-0.915705 0.0148944 0.401574 178.84 -0.0201983 0.996344 -0.0830123 -16.1383 -0.401342 -0.0841259 -0.912057 10.0591 
-0.910014 0.0167514 0.414239 179.383 -0.0199511 0.996256 -0.0841169 -16.2515 -0.414097 -0.084812 -0.906273 8.91389 
-0.903777 0.019015 0.427582 179.934 -0.0188475 0.996275 -0.0841432 -16.3657 -0.427589 -0.0841055 -0.900052 7.76652 
-0.897423 0.0182176 0.440794 180.502 -0.0195362 0.996526 -0.0809598 -16.4866 -0.440737 -0.0812666 -0.89395 6.63626 
-0.890629 0.0210617 0.454242 181.088 -0.0177993 0.996547 -0.0811054 -16.6029 -0.454382 -0.08032 -0.887178 5.50557 
-0.883557 0.0234811 0.467735 181.691 -0.0159678 0.996651 -0.0801969 -16.7115 -0.468052 -0.0783272 -0.880223 4.38547 
-0.876109 0.0251048 0.481459 182.304 -0.0141633 0.996872 -0.0777531 -16.8249 -0.481905 -0.0749392 -0.873013 3.2854 
-0.868079 0.0272667 0.495676 182.929 -0.0112747 0.99715 -0.0745978 -16.9348 -0.496297 -0.0703454 -0.865298 2.19921 
-0.86 0.030128 0.509403 183.573 -0.0083533 0.997291 -0.0730859 -17.0399 -0.510225 -0.067109 -0.857418 1.13251 
-0.850839 0.0333864 0.524364 184.228 -0.00508404 0.997409 -0.0717547 -17.1439 -0.525402 -0.0637176 -0.848465 0.0795799 
-0.840717 0.035685 0.540298 184.909 -0.00304401 0.997499 -0.0706182 -17.2434 -0.541467 -0.0610146 -0.838505 -0.943466 
-0.829525 0.0391908 0.557093 185.607 0.000447467 0.997581 -0.0695123 -17.3411 -0.558469 -0.0574129 -0.827536 -1.97696 
-0.818258 0.0413943 0.573359 186.322 0.00245056 0.997646 -0.0685289 -17.4412 -0.574846 -0.0546692 -0.816433 -2.98102 
-0.806347 0.0434278 0.589845 187.065 0.00342465 0.997627 -0.0687695 -17.5315 -0.591432 -0.0534321 -0.804583 -3.97859 
-0.793564 0.0459539 0.606749 187.81 0.00527801 0.997626 -0.0686551 -17.6265 -0.608464 -0.0512797 -0.791923 -4.94993 
-0.780204 0.0461269 0.623822 188.582 0.00608429 0.99779 -0.0661695 -17.7257 -0.625495 -0.0478302 -0.778761 -5.88943 
-0.764834 0.0477668 0.642454 189.373 0.00847401 0.997907 -0.0641068 -17.8217 -0.644171 -0.0435869 -0.763638 -6.81822 
-0.74807 0.0506248 0.661686 190.174 0.0102451 0.997848 -0.0647617 -17.9139 -0.663541 -0.0416672 -0.746979 -7.7181 
-0.73067 0.0538405 0.680604 191 0.0111766 0.997695 -0.0669259 -18.0015 -0.682639 -0.0412939 -0.729588 -8.60113 
-0.713169 0.0543106 0.698885 191.837 0.0102929 0.997698 -0.0670283 -18.0946 -0.700917 -0.0406089 -0.712086 -9.43386 
-0.693982 0.0546404 0.717916 192.708 0.00920223 0.997708 -0.0670399 -18.181 -0.719934 -0.039918 -0.692894 -10.2706 
-0.674568 0.0541163 0.736226 193.596 0.00700971 0.997734 -0.0669159 -18.2697 -0.738179 -0.0399786 -0.673419 -11.0573 
-0.654256 0.0542084 0.754328 194.497 0.00484445 0.997708 -0.0674967 -18.3647 -0.756258 -0.0405058 -0.653019 -11.822 
-0.633403 0.05389 0.771943 195.393 0.00220051 0.997693 -0.0678443 -18.4503 -0.773819 -0.0412741 -0.632061 -12.5431 
-0.611783 0.0538792 0.789189 196.324 0.0010353 0.997731 -0.0673143 -18.5411 -0.791025 -0.0403646 -0.61045 -13.2592 
-0.588835 0.0537246 0.806466 197.274 0.000600543 0.997817 -0.0660335 -18.6295 -0.808253 -0.0383985 -0.587582 -13.9492 
-0.564696 0.0547621 0.82348 198.25 -0.000195086 0.997787 -0.0664875 -18.7108 -0.825299 -0.0377059 -0.563436 -14.609 
-0.539026 0.0581607 0.840279 199.247 0.0010922 0.99766 -0.0683534 -18.7923 -0.842289 -0.0359265 -0.537828 -15.244 
-0.511886 0.0591095 0.857017 200.263 0.00103933 0.997672 -0.0681899 -18.8774 -0.859053 -0.0340147 -0.510755 -15.85 
-0.484259 0.0577074 0.873019 201.29 0.00010349 0.997826 -0.0658999 -18.9717 -0.874924 -0.0318223 -0.483213 -16.4152 
-0.456161 0.0558785 0.888141 202.332 -0.00156506 0.997975 -0.0635927 -19.056 -0.889896 -0.0303985 -0.45515 -16.9436 
-0.42667 0.0570319 0.902607 203.375 -0.00222433 0.99794 -0.0641072 -19.1415 -0.904404 -0.0293603 -0.425665 -17.4241 
-0.395705 0.0597297 0.916433 204.44 -0.00255051 0.997807 -0.0661348 -19.2189 -0.918374 -0.0285072 -0.394685 -17.8774 
-0.363893 0.0616296 0.9294 205.542 -0.00139923 0.997771 -0.0667113 -19.2998 -0.93144 -0.0255762 -0.362995 -18.3028 
-0.331682 0.0620406 0.941349 206.633 0.000225985 0.99784 -0.0656842 -19.3877 -0.943391 -0.0215735 -0.330979 -18.691 
-0.299147 0.0622204 0.952176 207.747 -0.00087945 0.997853 -0.0654815 -19.4682 -0.954207 -0.020426 -0.29845 -19.0278 
-0.265496 0.0608616 0.962189 208.863 0.00044157 0.998013 -0.0630058 -19.5598 -0.964112 -0.0163029 -0.264995 -19.3312 
-0.230588 0.0597543 0.971215 210.049 -0.00101015 0.998097 -0.0616481 -19.6288 -0.973051 -0.0151964 -0.230089 -19.6169 
-0.196201 0.0586465 0.978808 211.188 -0.000522819 0.998203 -0.0599135 -19.7087 -0.980563 -0.0122668 -0.195818 -19.8369 
-0.16135 0.0583938 0.985168 212.337 -0.000436288 0.998244 -0.0592403 -19.792 -0.986897 -0.00998822 -0.161041 -20.0225 
-0.125928 0.058101 0.990336 213.479 -0.00041954 0.99828 -0.0586204 -19.8697 -0.992039 -0.00779746 -0.125687 -20.1663 
-0.0901805 0.0576719 0.994254 214.649 0.000304981 0.998323 -0.0578804 -19.9508 -0.995925 -0.00491645 -0.0900469 -20.2712 
-0.0551253 0.0582556 0.996778 215.789 -0.00116141 0.998292 -0.0584084 -20.0255 -0.998479 -0.00437744 -0.0549635 -20.3256 
-0.0207324 0.0580217 0.9981 216.946 -0.00246404 0.998309 -0.0580851 -20.0986 -0.999782 -0.0036636 -0.0205544 -20.3426 
0.0127295 0.0572491 0.998279 218.102 -0.00391894 0.998355 -0.0572036 -20.1762 -0.999911 -0.00318402 0.0129329 -20.3198 
0.045469 0.0575006 0.997309 219.239 -0.00509588 0.998342 -0.0573279 -20.2543 -0.998953 -0.00247553 0.0456866 -20.2562 
0.0781929 0.0571094 0.995301 220.389 -0.00407069 0.998368 -0.0569657 -20.3277 -0.99693 0.000402744 0.0782977 -20.1597 
0.110037 0.0549386 0.992408 221.534 -0.00337585 0.998486 -0.0549009 -20.4041 -0.993922 0.00269093 0.110056 -20.0274 
0.141273 0.0536542 0.988516 222.686 -0.00201997 0.998544 -0.0539099 -20.4777 -0.989969 0.00561924 0.141176 -19.862 
0.171471 0.0535589 0.983732 223.813 -0.000662414 0.998527 -0.0542491 -20.5511 -0.985189 0.00865052 0.171254 -19.6612 
0.201839 0.0529722 0.977985 224.95 0.00131753 0.998521 -0.0543565 -20.6243 -0.979418 0.0122598 0.20147 -19.4258 
0.232275 0.0520669 0.971256 226.086 0.00392721 0.998508 -0.0544671 -20.6928 -0.972642 0.0164656 0.231723 -19.1545 
0.262116 0.0505753 0.96371 227.214 0.00618464 0.998517 -0.0540842 -20.7628 -0.965016 0.0201365 0.261415 -18.8406 
0.292479 0.0491338 0.955009 228.346 0.00819046 0.998514 -0.0538805 -20.8333 -0.956237 0.0235809 0.291642 -18.4994 
0.322326 0.048637 0.945378 229.464 0.0106168 0.998431 -0.0549862 -20.9055 -0.946569 0.0277604 0.321304 -18.1238 
0.351086 0.0481406 0.935105 230.562 0.0111528 0.998392 -0.0555861 -20.9767 -0.936277 0.0299445 0.349984 -17.7132 
0.379148 0.0462597 0.924179 231.658 0.0117306 0.998429 -0.0547889 -21.051 -0.925262 0.0316143 0.37801 -17.2581 
0.407514 0.045492 0.912065 232.743 0.0116813 0.998417 -0.0550185 -21.124 -0.913124 0.0330749 0.406337 -16.7767 
0.435626 0.046663 0.898917 233.786 0.0127397 0.998236 -0.0579926 -21.1965 -0.900037 0.036715 0.434263 -16.2627 
0.463612 0.0478229 0.884747 234.833 0.0137909 0.998032 -0.0611729 -21.2739 -0.885931 0.040562 0.46204 -15.7098 
0.491219 0.0462717 0.869806 235.869 0.0149333 0.997994 -0.0615247 -21.3539 -0.870908 0.0432112 0.489542 -15.1422 
0.517989 0.0437295 0.854269 236.888 0.0154799 0.99805 -0.060476 -21.4373 -0.855247 0.0445499 0.516302 -14.5257 
0.542934 0.0413827 0.838755 237.877 0.0149635 0.99815 -0.058933 -21.5238 -0.839642 0.0445474 0.54131 -13.878 
0.566104 0.0413963 0.823294 238.864 0.0135063 0.998138 -0.0594749 -21.609 -0.824223 0.0447886 0.564491 -13.1954 
0.586764 0.0412774 0.808705 239.817 0.0122303 0.998134 -0.05982 -21.6897 -0.809665 0.044991 0.585165 -12.4867 
0.60651 0.0399786 0.79407 240.779 0.0114003 0.998195 -0.0589632 -21.7704 -0.794994 0.0448144 0.604959 -11.7466 
0.624839 0.0373296 0.779861 241.726 0.0112882 0.99832 -0.056831 -21.8516 -0.780672 0.0443134 0.623368 -10.9827 
0.642309 0.0337232 0.765704 242.67 0.0128335 0.998418 -0.0547379 -21.9331 -0.766339 0.0449852 0.64086 -10.1948 
0.658849 0.0312378 0.751626 243.612 0.0139356 0.998459 -0.0537119 -22.0045 -0.752146 0.0458624 0.657399 -9.37616 
0.67439 0.0289271 0.737808 244.516 0.0156378 0.998449 -0.0534397 -22.0801 -0.738209 0.0475769 0.672892 -8.54305 
0.68953 0.028535 0.723695 245.394 0.0151466 0.998437 -0.0537996 -22.1547 -0.724099 0.0480579 0.68802 -7.69598 
0.704508 0.0271266 0.709177 246.263 0.0158299 0.99842 -0.0539161 -22.2266 -0.709519 0.0492106 0.702965 -6.82123 
0.718823 0.0249311 0.694746 247.1 0.0153239 0.998546 -0.0516881 -22.2988 -0.695024 0.0478007 0.717396 -5.93069 
0.732967 0.022193 0.679902 247.938 0.0158618 0.998638 -0.0496969 -22.3706 -0.680079 0.0472107 0.731617 -5.01019 
0.746742 0.0203017 0.664803 248.754 0.0163283 0.998673 -0.0488384 -22.4463 -0.664913 0.0473247 0.74542 -4.07806 
0.7602 0.0199297 0.649384 249.553 0.017076 0.998571 -0.0506365 -22.5158 -0.649465 0.0495826 0.758773 -3.13225 
0.772431 0.0191961 0.634809 250.335 0.017541 0.998517 -0.0515382 -22.5838 -0.634856 0.0509448 0.770949 -2.16169 
0.78388 0.0184135 0.620639 251.104 0.0170369 0.998546 -0.0511437 -22.656 -0.620678 0.0506642 0.782427 -1.16983 
0.794581 0.0159781 0.606947 251.855 0.0174383 0.998641 -0.049119 -22.7255 -0.606907 0.0496131 0.793223 -0.158471 
0.804686 0.013417 0.593548 252.588 0.0188216 0.998665 -0.0480916 -22.798 -0.593401 0.0498702 0.80336 0.873106 
0.814428 0.0132264 0.580114 253.309 0.018524 0.998638 -0.0487748 -22.8659 -0.579969 0.0504696 0.813074 1.91057 
0.823318 0.0109137 0.567475 254.019 0.0220665 0.998444 -0.0512175 -22.9321 -0.567151 0.0546904 0.821796 2.95879 
0.831477 0.00896203 0.555487 254.713 0.0229435 0.998463 -0.0504519 -23.0009 -0.555085 0.0546943 0.829993 4.02441 
0.839138 0.00549672 0.543891 255.408 0.0258304 0.998418 -0.0499427 -23.0722 -0.543305 0.0559576 0.837668 5.1076 
0.845887 0.00411638 0.533346 256.089 0.0268187 0.998377 -0.0502401 -23.1406 -0.532687 0.056801 0.844404 6.21403 
0.851238 0.00299566 0.524771 256.761 0.0271096 0.998397 -0.0496745 -23.2147 -0.524078 0.0565111 0.849793 7.32825 
0.855164 0.00211874 0.518353 257.431 0.0266034 0.998494 -0.047971 -23.2873 -0.517674 0.054813 0.85382 8.45782 
0.857956 0.000923471 0.513722 258.092 0.0268838 0.998547 -0.0466932 -23.3596 -0.513019 0.0538715 0.856685 9.59089 
0.860374 0.000469898 0.509662 258.746 0.0269616 0.998557 -0.0464354 -23.4301 -0.508949 0.0536931 0.85912 10.7284 
0.862735 -0.000883092 0.505655 259.402 0.0279188 0.998556 -0.0458906 -23.499 -0.504884 0.0537087 0.861514 11.8668 
0.864941 -0.0032257 0.501862 260.06 0.0291931 0.998609 -0.0438949 -23.5668 -0.501023 0.0526174 0.863833 13.0248 
0.867119 -0.00571032 0.498069 260.752 0.0314834 0.998563 -0.0433632 -23.6358 -0.497105 0.0532819 0.866053 14.215 
0.869471 -0.00703256 0.493934 261.409 0.0328311 0.99851 -0.043576 -23.7043 -0.492892 0.0541044 0.868407 15.3823 
0.871577 -0.00878991 0.49018 262.056 0.0343005 0.998482 -0.0430844 -23.7673 -0.489057 0.0543647 0.870556 16.5555 
0.873657 -0.0082939 0.486471 262.692 0.033422 0.998516 -0.0429992 -23.8345 -0.485393 0.0538253 0.872638 17.7278 
0.875658 -0.00870313 0.482854 263.333 0.03341 0.998534 -0.0425914 -23.9069 -0.481775 0.0534275 0.874665 18.9121 
0.877638 -0.00848965 0.479248 263.966 0.0328148 0.998561 -0.0424043 -23.9758 -0.478199 0.052942 0.876654 20.0981 
0.878809 -0.0077028 0.477111 264.596 0.031712 0.998602 -0.0422897 -24.048 -0.476119 0.0522947 0.877825 21.2866 
