1 2.12261e-08 -2.11895e-08 0 2.12261e-08 1 2.10703e-08 0 -2.11895e-08 2.10703e-08 1 0 
1 -0.000399167 -0.000463279 -0.00248464 0.000399833 0.999999 0.00134748 -0.0120237 0.000462699 -0.00134762 0.999999 1.38876 
0.999999 -0.00140459 -0.000718902 -0.0322808 0.00140561 0.999998 0.00136338 -0.0301876 0.000716944 -0.00136435 0.999999 2.73066 
0.999996 -0.00280621 -0.000838997 -0.0481243 0.00280641 0.999996 0.000186695 -0.0457957 0.000838427 -0.000189006 1 4.08548 
0.999996 -0.00294329 -0.000611319 -0.0730964 0.00294334 0.999996 1.22749e-05 -0.0583462 0.000611237 -1.4032e-05 1 5.44875 
0.999994 -0.00348937 -0.000497274 -0.0983705 0.00348986 0.999994 0.000904625 -0.0778907 0.000494071 -0.000906313 1 6.80951 
0.999987 -0.00505563 -7.59929e-05 -0.124033 0.00505582 0.999985 0.00217107 -0.0992902 6.49733e-05 -0.00217138 0.999998 8.15704 
0.999989 -0.00461858 -4.74732e-05 -0.154253 0.00461873 0.999986 0.00269475 -0.118502 3.49842e-05 -0.0026949 0.999996 9.50046 
0.999992 -0.00408214 -0.000326287 -0.184636 0.00408247 0.999991 0.000880896 -0.136481 0.000322645 -0.000882179 1 10.8727 
0.999999 -0.00133769 -0.000180803 -0.21059 0.00133747 0.999998 -0.00145247 -0.155335 0.000182703 0.00145227 0.999999 12.2483 
0.999997 0.00233266 0.00042759 -0.246771 -0.00233158 0.999994 -0.00240298 -0.177345 -0.000433236 0.00240202 0.999997 13.6074 
0.999988 0.00485514 0.00101136 -0.285358 -0.00485256 0.999985 -0.00250177 -0.202941 -0.00102353 0.00249687 0.999996 14.9616 
0.999983 0.00576539 0.00125936 -0.313186 -0.00576316 0.999982 -0.00172907 -0.224701 -0.00126934 0.00172182 0.999998 16.3343 
0.999992 0.00347531 0.00182256 -0.334568 -0.00347694 0.999994 0.000914467 -0.243622 -0.00181941 -0.000920755 0.999998 17.6931 
0.999997 -0.000464273 0.00228403 -0.357741 0.000458184 0.999996 0.00268465 -0.262978 -0.00228531 -0.00268356 0.999994 19.0516 
0.999994 -0.00283935 0.0021158 -0.375009 0.00283841 0.999996 0.000467134 -0.283431 -0.00211716 -0.000461084 0.999998 20.4176 
0.999991 -0.00388484 0.00196186 -0.395186 0.00388803 0.999991 -0.00160119 -0.301083 -0.00195566 0.00160884 0.999997 21.7826 
0.999995 -0.00136064 0.00297156 -0.426448 0.00137038 0.999994 -0.00326564 -0.323469 -0.00296714 0.00326973 0.99999 23.1454 
0.999992 0.00145686 0.00380987 -0.454013 -0.00145207 0.999998 -0.00124927 -0.347602 -0.00381172 0.00124377 0.999992 24.5166 
0.999989 0.00178661 0.00431025 -0.47493 -0.00179672 0.999996 0.00235228 -0.368765 -0.00430608 -0.00235996 0.999988 25.8941 
0.999989 -0.000258404 0.00474695 -0.490013 0.000238895 0.999992 0.00411876 -0.38187 -0.00474802 -0.00411754 0.99998 27.2746 
0.999982 -0.00408998 0.00431373 -0.504233 0.00407997 0.999989 0.00233619 -0.399703 -0.00432328 -0.0023185 0.999988 28.639 
0.999981 -0.00438449 0.00437399 -0.524763 0.0043842 0.99999 8.56136e-05 -0.422212 -0.00437436 -6.63934e-05 0.99999 30.0112 
0.999975 -0.00494967 0.00509829 -0.540397 0.00496081 0.999985 -0.00216596 -0.448818 -0.00508754 0.00219124 0.999985 31.4065 
0.999983 -0.0010871 0.00567493 -0.558121 0.00110464 0.999995 -0.00308031 -0.473245 -0.0056716 0.00308657 0.999979 32.8082 
0.999981 -0.000262573 0.00617879 -0.581378 0.00029452 0.999987 -0.00516318 -0.499216 -0.0061774 0.00516494 0.999968 34.2048 
0.99998 0.00104529 0.00627353 -0.600126 -0.00101594 0.999989 -0.00467257 -0.526733 -0.00627838 0.00466614 0.999969 35.6129 
0.999977 0.00126382 0.00668399 -0.62874 -0.00124225 0.999994 -0.00322262 -0.557541 -0.00668807 0.00321429 0.999973 37.0166 
0.999976 0.00265315 0.00645877 -0.649068 -0.00264033 0.999995 -0.00198619 -0.578606 -0.00646404 0.00196913 0.999977 38.4253 
0.999965 0.0052855 0.00652076 -0.667495 -0.00527562 0.999985 -0.00152602 -0.605964 -0.00652877 0.0014916 0.999978 39.8265 
0.999944 0.00778714 0.00717749 -0.693606 -0.00777295 0.999968 -0.00199685 -0.628313 -0.00719285 0.00194099 0.999972 41.2418 
0.999925 0.0098614 0.00728195 -0.712454 -0.00985057 0.99995 -0.00151564 -0.657256 -0.00729658 0.00144384 0.999972 42.6626 
0.999923 0.0101302 0.00718353 -0.73292 -0.0101212 0.999948 -0.00127657 -0.678301 -0.00719613 0.0012038 0.999973 44.1159 
0.999931 0.0093301 0.00716882 -0.753875 -0.00931959 0.999956 -0.00149142 -0.701021 -0.00718246 0.00142454 0.999973 45.551 
0.999939 0.00875468 0.00667569 -0.774686 -0.00874241 0.99996 -0.0018595 -0.724766 -0.00669174 0.00180106 0.999976 46.977 
0.999946 0.00847424 0.00604451 -0.792252 -0.00846346 0.999963 -0.00179963 -0.747693 -0.00605958 0.00174842 0.99998 48.4 
0.99995 0.00864965 0.00508678 -0.811619 -0.00864636 0.999962 -0.000661528 -0.768797 -0.00509235 0.000617555 0.999987 49.814 
0.99995 0.00903373 0.00423659 -0.836196 -0.00902951 0.999959 -0.00100385 -0.789981 -0.00424553 0.000965589 0.999991 51.2585 
0.999949 0.00955092 0.00329388 -0.858356 -0.00954813 0.999954 -0.000849358 -0.807862 -0.00330189 0.000817906 0.999994 52.6946 
0.999949 0.00980607 0.00241856 -0.885348 -0.00980611 0.999952 1.94961e-05 -0.831934 -0.0024183 -4.31699e-05 0.999997 54.1216 
0.999962 0.00850556 0.00188882 -0.908135 -0.00850744 0.999963 0.00101438 -0.854561 -0.00188016 -0.00103037 0.999998 55.5661 
0.999973 0.00711819 0.00162194 -0.933467 -0.00711994 0.999974 0.00110106 -0.877789 -0.0016141 -0.00111254 0.999998 57.0034 
0.999987 0.00494299 0.00122482 -0.955547 -0.00494346 0.999988 0.000416201 -0.899944 -0.00122279 -0.000422209 0.999999 58.4424 
0.999991 0.00404215 0.0012335 -0.977454 -0.00404293 0.999992 0.000666715 -0.923432 -0.00123084 -0.000671654 0.999999 59.8867 
0.999995 0.00272315 0.00165441 -0.997989 -0.00272542 0.999995 0.00139605 -0.948383 -0.00165064 -0.00140051 0.999998 61.3312 
0.999997 0.00133544 0.00220053 -1.01853 -0.0013403 0.999997 0.00222851 -0.975681 -0.00219759 -0.00223141 0.999995 62.7688 
0.999996 0.000255705 0.00286148 -1.04078 -0.00026023 0.999999 0.00159621 -0.997773 -0.00286111 -0.00159691 0.999995 64.2106 
0.999993 -0.00142467 0.00339698 -1.06324 0.00142175 0.999999 0.000875498 -1.02206 -0.00339827 -0.00087062 0.999994 65.6457 
0.999991 -0.000759627 0.00416925 -1.09168 0.000758246 1 0.000343004 -1.0446 -0.00416956 -0.000339797 0.999991 67.0891 
0.999986 0.000932108 0.00514772 -1.11809 -0.000931525 1 -0.00010747 -1.06665 -0.00514786 0.000102716 0.999987 68.5367 
0.999973 0.00463113 0.00564611 -1.1329 -0.00463696 0.999989 0.00102638 -1.09015 -0.00564133 -0.00105249 0.999984 69.9628 
0.999942 0.00834643 0.00687413 -1.17179 -0.00836176 0.999963 0.00220947 -1.11449 -0.00685548 -0.00226678 0.999974 71.3989 
0.99989 0.0126223 0.00781715 -1.20496 -0.0126406 0.999918 0.00229761 -1.1285 -0.00778754 -0.00239613 0.999967 72.8209 
0.999818 0.0169629 0.00873868 -1.24129 -0.0169796 0.999854 0.00185554 -1.15304 -0.00870597 -0.00200354 0.99996 74.2296 
0.999748 0.0204408 0.00930185 -1.25911 -0.0204523 0.99979 0.00114744 -1.17701 -0.00927649 -0.00133735 0.999956 75.6624 
0.999705 0.0220486 0.010164 -1.27524 -0.0220611 0.999756 0.00111966 -1.20505 -0.0101368 -0.00134352 0.999948 77.0628 
0.999697 0.0222592 0.0105077 -1.28767 -0.0222741 0.999751 0.00130626 -1.22482 -0.010476 -0.00153987 0.999944 78.4987 
0.999726 0.0209476 0.0104562 -1.28779 -0.0209596 0.99978 0.00104198 -1.24784 -0.0104322 -0.00126081 0.999945 79.9255 
0.999742 0.0201258 0.0105489 -1.30233 -0.0201279 0.999797 9.9908e-05 -1.27189 -0.0105448 -0.000312168 0.999944 81.3125 
0.999754 0.0195788 0.0103794 -1.31915 -0.0195799 0.999808 8.38845e-06 -1.29498 -0.0103773 -0.000211572 0.999946 82.7369 
0.999763 0.019347 0.0100113 -1.33218 -0.0193489 0.999813 9.34711e-05 -1.31608 -0.0100076 -0.000287114 0.99995 84.1356 
0.999774 0.0189016 0.00973642 -1.3638 -0.0189022 0.999821 -2.09433e-05 -1.35401 -0.00973512 -0.00016306 0.999953 85.5647 
0.999771 0.0192444 0.00938317 -1.39488 -0.0192464 0.999815 0.000128495 -1.37741 -0.009379 -0.000309016 0.999956 86.9626 
0.999791 0.0185797 0.00858066 -1.42116 -0.0185869 0.999827 0.000755865 -1.39919 -0.00856518 -0.000915153 0.999963 88.3951 
0.999832 0.0166556 0.00764022 -1.43458 -0.0166689 0.99986 0.00169831 -1.42496 -0.00761091 -0.00182534 0.999969 89.7612 
0.999883 0.0139886 0.00616315 -1.44453 -0.0140028 0.999899 0.00227175 -1.44955 -0.0061308 -0.00235775 0.999978 91.1543 
0.999915 0.0119147 0.0053754 -1.45672 -0.0119272 0.999926 0.00230595 -1.46976 -0.00534757 -0.00236982 0.999983 92.5537 
0.999935 0.0102732 0.004959 -1.47393 -0.0102814 0.999946 0.00163072 -1.48171 -0.00494202 -0.00168156 0.999986 93.9581 
0.999947 0.00904762 0.00487893 -1.49377 -0.00905354 0.999958 0.00120217 -1.50563 -0.00486789 -0.00124623 0.999987 95.3627 
0.999938 0.0100239 0.00491179 -1.51449 -0.0100263 0.99995 0.000483549 -1.53101 -0.00490674 -0.000532724 0.999988 96.7058 
0.999942 0.00956266 0.00502877 -1.53412 -0.00956283 0.999954 1.70654e-05 -1.55353 -0.00502842 -6.51119e-05 0.999987 98.0724 
0.999929 0.0107241 0.00519937 -1.55972 -0.0107203 0.999942 -0.000741257 -1.58095 -0.00520706 0.000685507 0.999986 99.4461 
0.999913 0.0117815 0.00591856 -1.59134 -0.0117783 0.999931 -0.000567507 -1.60067 -0.00592488 0.000497789 0.999982 100.819 
0.999905 0.0122564 0.00633861 -1.61365 -0.0122638 0.999924 0.00112738 -1.63522 -0.00632436 -0.00120497 0.999979 102.189 
0.999894 0.0130239 0.00657936 -1.63381 -0.01304 0.999912 0.00241298 -1.65715 -0.0065474 -0.00249847 0.999975 103.542 
0.999903 0.0121221 0.00687032 -1.6573 -0.0121291 0.999926 0.000987417 -1.6761 -0.00685789 -0.00107061 0.999976 104.903 
0.999899 0.0122447 0.00715468 -1.67477 -0.0122355 0.999924 -0.00133319 -1.70077 -0.00717051 0.00124556 0.999974 106.244 
0.999907 0.0114887 0.00731953 -1.69741 -0.0114705 0.999931 -0.00252285 -1.72623 -0.00734806 0.0024387 0.99997 107.589 
0.999926 0.00951219 0.00765448 -1.71271 -0.00950284 0.999954 -0.00125182 -1.75082 -0.00766608 0.00117903 0.99997 108.931 
0.999941 0.00705464 0.00824366 -1.72494 -0.00706036 0.999975 0.000670597 -1.77431 -0.00823876 -0.000728719 0.999966 110.275 
0.999942 0.00552943 0.00928194 -1.73818 -0.00554031 0.999984 0.00115134 -1.7955 -0.00927547 -0.00120266 0.999956 111.634 
0.999938 0.00469856 0.0101149 -1.74498 -0.00469603 0.999989 -0.000269691 -1.81749 -0.0101161 0.000222216 0.999949 112.983 
0.999917 0.00674001 0.0109706 -1.76035 -0.00671103 0.999974 -0.00267282 -1.84451 -0.0109884 0.00259902 0.999936 114.328 
0.999886 0.00885983 0.0122108 -1.7707 -0.00880265 0.99995 -0.00472471 -1.87233 -0.0122521 0.00461672 0.999914 115.69 
0.999836 0.0118662 0.013715 -1.78448 -0.0118012 0.999919 -0.00481377 -1.89903 -0.013771 0.00465117 0.999894 117.061 
0.99979 0.0132282 0.0156445 -1.7974 -0.0131816 0.999908 -0.00307279 -1.92098 -0.0156838 0.00286596 0.999873 118.441 
0.999772 0.0132207 0.01679 -1.79974 -0.0132099 0.999913 -0.000749627 -1.94957 -0.0167985 0.000527703 0.999859 119.815 
0.999767 0.0124476 0.0176261 -1.79903 -0.0124443 0.999923 -0.00029524 -1.97259 -0.0176285 7.58677e-05 0.999845 121.163 
0.99974 0.0127955 0.0188635 -1.80181 -0.0127817 0.999918 -0.000849655 -1.99489 -0.0188728 0.000608369 0.999822 122.507 
0.99968 0.0149842 0.0204034 -1.81861 -0.0149553 0.999887 -0.00156566 -2.01486 -0.0204246 0.00126006 0.999791 123.893 
0.999624 0.0169439 0.0215617 -1.81577 -0.016903 0.999855 -0.00207888 -2.03399 -0.0215938 0.00171368 0.999765 125.263 
0.999584 0.0174367 0.0229954 -1.81885 -0.017368 0.999844 -0.00318206 -2.05579 -0.0230473 0.0027814 0.999731 126.624 
0.999532 0.0188823 0.0240836 -1.81748 -0.0187898 0.999815 -0.0040614 -2.08009 -0.0241559 0.00360701 0.999702 127.981 
0.999519 0.0179557 0.0252897 -1.81439 -0.0178487 0.999831 -0.00444748 -2.10197 -0.0253654 0.003994 0.99967 129.356 
0.999497 0.0175878 0.0263852 -1.81233 -0.0175063 0.999841 -0.00331774 -2.13293 -0.0264394 0.00285421 0.999646 130.693 
0.999483 0.0163868 0.0276706 -1.81359 -0.0163248 0.999864 -0.00246449 -2.15709 -0.0277073 0.00201154 0.999614 132.073 
0.999476 0.0156724 0.0283099 -1.80885 -0.0156168 0.999876 -0.00218326 -2.17875 -0.0283406 0.00174005 0.999597 133.439 
0.999501 0.0133946 0.0286017 -1.8033 -0.0133407 0.999909 -0.00207287 -2.20252 -0.0286269 0.00169031 0.999589 134.799 
0.999525 0.0117141 0.0285028 -1.79511 -0.0116815 0.999931 -0.00131119 -2.22749 -0.0285162 0.000977651 0.999593 136.168 
0.999553 0.010181 0.0281078 -1.7877 -0.0101395 0.999947 -0.0016186 -2.25053 -0.0281228 0.00133292 0.999604 137.523 
0.999586 0.00925447 0.0272349 -1.78251 -0.0092075 0.999956 -0.001848 -2.27029 -0.0272509 0.00159651 0.999627 138.88 
0.999621 0.00792662 0.0263518 -1.77255 -0.00790464 0.999968 -0.000936596 -2.29519 -0.0263584 0.000727981 0.999652 140.226 
0.999655 0.00635744 0.0254926 -1.77189 -0.00634015 0.99998 -0.000757236 -2.31848 -0.0254969 0.00059539 0.999675 141.565 
0.999686 0.00607741 0.0243077 -1.76712 -0.00606085 0.999981 -0.000753171 -2.34446 -0.0243119 0.000605651 0.999704 142.91 
0.999714 0.00589457 0.0231994 -1.76167 -0.00586601 0.999982 -0.0012973 -2.36863 -0.0232067 0.00116089 0.99973 144.265 
0.99973 0.0062387 0.0223951 -1.75673 -0.00620146 0.999979 -0.00173 -2.39338 -0.0224055 0.0015907 0.999748 145.638 
0.999758 0.00389338 0.0216513 -1.75467 -0.0038091 0.999985 -0.00393062 -2.42243 -0.0216663 0.00384724 0.999758 146.983 
0.999785 -0.0017513 0.0206686 -1.748 0.00184077 0.999989 -0.0043081 -2.44798 -0.0206609 0.00434526 0.999777 148.335 
0.99976 -0.00945472 0.0197448 -1.72962 0.00949569 0.999953 -0.00198007 -2.47497 -0.0197252 0.00216712 0.999803 149.703 
0.999707 -0.015969 0.0182014 -1.71961 0.0159834 0.999872 -0.000642993 -2.49543 -0.0181889 0.000933767 0.999834 151.056 
0.99966 -0.0194326 0.0174039 -1.71264 0.0195022 0.999802 -0.00383832 -2.525 -0.0173259 0.00417647 0.999841 152.401 
0.999668 -0.0186211 0.0177918 -1.71048 0.0187494 0.999799 -0.00706915 -2.55135 -0.0176566 0.00740043 0.999817 153.756 
0.999708 -0.0149213 0.0189983 -1.71686 0.0151018 0.999842 -0.00938988 -2.58086 -0.0188552 0.00967409 0.999775 155.108 
0.999686 -0.0153302 0.0198305 -1.71277 0.0155158 0.999837 -0.00923545 -2.62146 -0.0196857 0.00954028 0.999761 156.474 
0.99962 -0.0183591 0.0205472 -1.69911 0.0184826 0.999812 -0.00583668 -2.6518 -0.0204362 0.00621427 0.999772 157.855 
0.999502 -0.0234739 0.0210676 -1.6847 0.0235424 0.999718 -0.00300371 -2.68161 -0.0209912 0.00349823 0.999774 159.218 
0.999408 -0.0270654 0.0212187 -1.67358 0.0271092 0.999631 -0.00177648 -2.70663 -0.0211629 0.0023507 0.999773 160.572 
0.99937 -0.0284522 0.0212224 -1.66403 0.0285004 0.999592 -0.00197101 -2.73201 -0.0211577 0.00257466 0.999773 161.941 
0.999402 -0.0262803 0.0224609 -1.65824 0.0263166 0.999653 -0.00132307 -2.7578 -0.0224184 0.00191341 0.999747 163.301 
0.999468 -0.0222755 0.0238412 -1.65436 0.022334 0.999748 -0.00218663 -2.7864 -0.0237865 0.00271798 0.999713 164.669 
0.999508 -0.0185774 0.0252828 -1.66329 0.0186941 0.999816 -0.0043878 -2.81264 -0.0251966 0.00485832 0.999671 166.006 
0.999537 -0.0157144 0.0260387 -1.65677 0.0158488 0.999862 -0.00496132 -2.83848 -0.0259572 0.00537175 0.999649 167.363 
0.999552 -0.0135593 0.026667 -1.64557 0.0136683 0.999899 -0.0039064 -2.86721 -0.0266114 0.00426918 0.999637 168.738 
0.999578 -0.0116705 0.0265995 -1.63107 0.0117872 0.999922 -0.00423538 -2.89833 -0.026548 0.00454717 0.999637 170.118 
0.999604 -0.00999861 0.0263127 -1.63039 0.0101774 0.999926 -0.00666915 -2.92171 -0.0262441 0.00693434 0.999632 171.53 
0.999638 -0.00591734 0.0262294 -1.63903 0.00617293 0.999934 -0.0096722 -2.94814 -0.0261704 0.00983066 0.999609 172.926 
0.999654 -0.000747514 0.026304 -1.6447 0.00103694 0.999939 -0.0109897 -2.9809 -0.0262943 0.0110132 0.999594 174.311 
0.999632 0.00389287 0.0268636 -1.64435 -0.00362871 0.999945 -0.00987363 -3.01675 -0.0269006 0.00977255 0.99959 175.681 
0.9996 0.00641368 0.0275361 -1.63625 -0.00619822 0.99995 -0.00790152 -3.05203 -0.0275854 0.00772772 0.99959 177.077 
0.999587 0.0074211 0.0277534 -1.6265 -0.00726267 0.999957 -0.00580331 -3.08454 -0.0277953 0.0055994 0.999598 178.474 
0.999619 0.00445497 0.0272295 -1.61436 -0.00432235 0.999979 -0.0049259 -3.1113 -0.0272509 0.00480637 0.999617 179.861 
0.999671 0.00227597 0.0255402 -1.59751 -0.00215194 0.999986 -0.00488098 -3.14024 -0.025551 0.00482446 0.999662 181.254 
0.99972 0.00202019 0.0235958 -1.59043 -0.00180847 0.999958 -0.00898889 -3.1757 -0.023613 0.00894374 0.999681 182.654 
0.999751 0.00389286 0.0219947 -1.58227 -0.00360145 0.999905 -0.0132716 -3.20897 -0.0220444 0.0131891 0.99967 184.058 
0.999731 0.00862778 0.0215181 -1.58552 -0.00832741 0.999867 -0.0140079 -3.24812 -0.0216361 0.013825 0.99967 185.465 
0.999707 0.0114403 0.0213171 -1.58397 -0.0111683 0.999855 -0.0128335 -3.28977 -0.0214609 0.0125917 0.99969 186.905 
0.999679 0.0132066 0.0216247 -1.58294 -0.0130034 0.99987 -0.0095128 -3.32133 -0.0217475 0.0092286 0.999721 188.364 
0.999669 0.0135484 0.0218754 -1.57758 -0.0133828 0.999881 -0.00769494 -3.34783 -0.021977 0.00739968 0.999731 189.82 
0.999676 0.0128978 0.0219367 -1.56924 -0.0127544 0.999896 -0.00666401 -3.3786 -0.0220204 0.0063821 0.999737 191.27 
0.99969 0.0113013 0.0221784 -1.56737 -0.0111701 0.999919 -0.00602886 -3.40709 -0.0222448 0.0057793 0.999736 192.681 
0.999716 0.00815593 0.0223961 -1.56138 -0.00803678 0.999953 -0.00540333 -3.44078 -0.0224392 0.00522184 0.999735 194.093 
0.99973 0.00574776 0.0225359 -1.55438 -0.00562707 0.99997 -0.00541336 -3.46954 -0.0225664 0.00528513 0.999731 195.534 
0.999733 0.00237671 0.0229703 -1.53989 -0.00228003 0.999988 -0.00423242 -3.50174 -0.0229801 0.00417896 0.999727 196.981 
0.999725 -0.00182531 0.0233757 -1.52466 0.00188988 0.999995 -0.00273828 -3.52782 -0.0233707 0.00278174 0.999723 198.435 
0.999707 -0.0044848 0.023769 -1.51206 0.00455152 0.999986 -0.00275179 -3.55806 -0.0237564 0.00285921 0.999714 199.883 
0.999705 -0.00228313 0.0241657 -1.50363 0.00245825 0.999971 -0.00721772 -3.58746 -0.0241486 0.00727504 0.999682 201.332 
0.999684 0.00516125 0.0245893 -1.50171 -0.00485426 0.99991 -0.0125264 -3.61668 -0.0246518 0.0124031 0.999619 202.765 
0.999564 0.0140148 0.0259834 -1.50662 -0.0136896 0.999826 -0.0126503 -3.65228 -0.0261562 0.0122891 0.999582 204.223 
0.999396 0.0217361 0.0271246 -1.50918 -0.0214962 0.999728 -0.00910334 -3.68956 -0.0273151 0.0085148 0.999591 205.685 
0.999343 0.022878 0.0281291 -1.50353 -0.02269 0.999718 -0.00698316 -3.72115 -0.028281 0.00634036 0.99958 207.145 
0.999397 0.0209725 0.0276608 -1.48806 -0.0207961 0.999762 -0.00664817 -3.74832 -0.0277937 0.00606896 0.999595 208.607 
0.999482 0.0179247 0.0267225 -1.47457 -0.0177533 0.99982 -0.00663556 -3.7814 -0.0268367 0.00615775 0.999621 210.06 
0.999538 0.0160177 0.0258259 -1.45941 -0.0158359 0.999849 -0.00722894 -3.81251 -0.0259378 0.00681666 0.99964 211.53 
0.999543 0.0164876 0.0253205 -1.45183 -0.0162975 0.999838 -0.00769574 -3.84834 -0.0254433 0.00727961 0.99965 212.994 
0.999518 0.0179584 0.025311 -1.44574 -0.0177757 0.999814 -0.00742186 -3.88484 -0.0254396 0.0069684 0.999652 214.457 
0.999497 0.0190735 0.0253202 -1.44055 -0.0189155 0.9998 -0.00646082 -3.91853 -0.0254384 0.00597867 0.999659 215.925 
0.999512 0.018337 0.0252908 -1.43396 -0.0181682 0.999811 -0.00688456 -3.95474 -0.0254123 0.00642175 0.999656 217.392 
0.999522 0.0180526 0.0251146 -1.42472 -0.0178595 0.999809 -0.00789187 -3.98709 -0.0252523 0.0074396 0.999653 218.862 
0.999537 0.0172615 0.0250463 -1.41577 -0.0170644 0.999822 -0.00806278 -4.02253 -0.025181 0.00763169 0.999654 220.34 
0.999528 0.0178548 0.0250189 -1.41413 -0.0176565 0.999811 -0.00812293 -4.05609 -0.0251593 0.00767739 0.999654 221.833 
0.999521 0.0182348 0.0250033 -1.4107 -0.0180278 0.999802 -0.00847765 -4.08974 -0.025153 0.00802288 0.999651 223.334 
0.999522 0.0181756 0.0249972 -1.40708 -0.0179672 0.999802 -0.00853566 -4.12586 -0.0251475 0.0080825 0.999651 224.826 
0.999519 0.0189547 0.0245604 -1.39601 -0.0187411 0.999785 -0.00889757 -4.16434 -0.0247238 0.00843304 0.999659 226.335 
0.999525 0.0187923 0.0244132 -1.39077 -0.0185754 0.999786 -0.00907867 -4.19856 -0.0245787 0.00862092 0.999661 227.842 
0.999524 0.0191265 0.0242011 -1.38121 -0.0189118 0.99978 -0.00906685 -4.23445 -0.0243693 0.00860489 0.999666 229.344 
0.999536 0.018392 0.024288 -1.37576 -0.0181768 0.999794 -0.00905133 -4.27147 -0.0244495 0.00860569 0.999664 230.845 
0.999555 0.0172093 0.0243818 -1.36334 -0.0169862 0.999812 -0.00932814 -4.30688 -0.0245378 0.00890988 0.999659 232.372 
0.999569 0.0159419 0.0246355 -1.35374 -0.0157192 0.999834 -0.00920492 -4.34058 -0.0247782 0.00881375 0.999654 233.891 
0.999586 0.0145086 0.0248367 -1.34162 -0.0143068 0.999863 -0.0082847 -4.38135 -0.0249536 0.00792598 0.999657 235.405 
0.999585 0.014517 0.0248833 -1.33313 -0.0143202 0.999865 -0.00806546 -4.42175 -0.024997 0.00770582 0.999658 236.925 
0.999566 0.0147089 0.025528 -1.34722 -0.0144985 0.99986 -0.00840554 -4.45609 -0.0256481 0.00803181 0.999639 238.463 
0.999548 0.015369 0.0258275 -1.3342 -0.0151404 0.999845 -0.009021 -4.49234 -0.0259621 0.00862593 0.999626 239.976 
0.999511 0.0167454 0.026413 -1.32839 -0.0165287 0.999828 -0.00840015 -4.5299 -0.0265492 0.00795951 0.999616 241.492 
0.999495 0.0168691 0.0269379 -1.31258 -0.016709 0.999842 -0.00615328 -4.57024 -0.0270374 0.0057001 0.999618 243.009 
0.999477 0.0167095 0.0276889 -1.30183 -0.0165554 0.999846 -0.00578419 -4.60321 -0.0277813 0.00532281 0.9996 244.535 
0.999454 0.0170552 0.0282873 -1.29015 -0.0168493 0.99983 -0.00749824 -4.6368 -0.0284104 0.00701757 0.999572 246.068 
0.999432 0.017253 0.0289643 -1.28315 -0.0170042 0.999817 -0.00881201 -4.67035 -0.0291111 0.00831453 0.999542 247.599 
0.999409 0.0178072 0.0293996 -1.26922 -0.017568 0.999811 -0.0083737 -4.7051 -0.0295432 0.0078523 0.999533 249.128 
0.99941 0.0178342 0.0293556 -1.25356 -0.0176276 0.999818 -0.00727986 -4.74389 -0.0294801 0.00675814 0.999543 250.658 
0.999409 0.0177571 0.0294408 -1.24724 -0.0175668 0.999823 -0.00670785 -4.78059 -0.0295547 0.00618674 0.999544 252.188 
0.999413 0.0179893 0.0291468 -1.2302 -0.0177997 0.999819 -0.0067527 -4.81399 -0.029263 0.00622998 0.999552 253.732 
0.999377 0.019591 0.0293577 -1.21463 -0.0194034 0.99979 -0.00665836 -4.84802 -0.029482 0.00608461 0.999547 255.266 
0.999339 0.0210571 0.0296404 -1.20567 -0.0208581 0.999758 -0.00700517 -4.87691 -0.0297808 0.00638233 0.999536 256.836 
0.999325 0.0212192 0.0299822 -1.19522 -0.0210311 0.999757 -0.00657343 -4.91368 -0.0301144 0.00593848 0.999529 258.38 
0.999356 0.0197736 0.0299495 -1.17554 -0.0195873 0.999787 -0.00650097 -4.94796 -0.0300717 0.0059102 0.99953 259.922 
0.999389 0.017923 0.0300023 -1.15836 -0.0177618 0.999826 -0.00562929 -4.98207 -0.030098 0.005093 0.999534 261.461 
0.999432 0.0153904 0.0299679 -1.13091 -0.0152546 0.999872 -0.00475251 -5.02117 -0.0300373 0.0042927 0.99954 263.022 
0.999457 0.0144172 0.0296255 -1.10566 -0.0142613 0.999883 -0.00546474 -5.05509 -0.0297009 0.00503932 0.999546 264.563 
0.999476 0.0132392 0.0295389 -1.08392 -0.0130499 0.999893 -0.00659266 -5.0863 -0.0296231 0.00620377 0.999542 266.109 
0.999479 0.0115134 0.0301428 -1.07069 -0.0113751 0.999924 -0.00475357 -5.12121 -0.0301953 0.00440826 0.999534 267.634 
0.99949 0.00935945 0.0305445 -1.04895 -0.00927219 0.999953 -0.00299573 -5.15506 -0.0305711 0.00271103 0.999529 269.187 
0.999493 0.0084253 0.0306966 -1.03466 -0.0083114 0.999958 -0.00383486 -5.18728 -0.0307277 0.00357782 0.999521 270.732 
0.999478 0.00827813 0.0312294 -1.00983 -0.00812619 0.999955 -0.00498781 -5.21344 -0.0312693 0.00473147 0.9995 272.291 
0.999437 0.00959628 0.032145 -0.991766 -0.00942556 0.999941 -0.00545698 -5.24706 -0.0321955 0.00515097 0.999468 273.841 
0.999378 0.0117145 0.033271 -0.969424 -0.0115383 0.999918 -0.00548301 -5.2839 -0.0333325 0.00509575 0.999431 275.389 
0.999331 0.0132012 0.0341219 -0.950785 -0.0130122 0.999899 -0.00575154 -5.31745 -0.0341945 0.00530372 0.999401 276.964 
0.999281 0.0142404 0.0351397 -0.921999 -0.0140353 0.999883 -0.00607329 -5.35455 -0.0352221 0.00557577 0.999364 278.516 
0.999243 0.0146819 0.0360272 -0.896391 -0.0144666 0.999876 -0.00622634 -5.39146 -0.0361142 0.00570048 0.999331 280.055 
0.999216 0.01452 0.0368353 -0.869586 -0.0142795 0.999875 -0.00678199 -5.43063 -0.0369292 0.00625072 0.999298 281.605 
0.999187 0.0139133 0.0378451 -0.843723 -0.0136369 0.999879 -0.00755091 -5.45992 -0.0379456 0.00702873 0.999255 283.201 
0.999156 0.0130431 0.0389576 -0.811738 -0.0127756 0.999893 -0.00710518 -5.49839 -0.0390462 0.00660151 0.999216 284.759 
0.99914 0.0120128 0.0396978 -0.779894 -0.0117739 0.999911 -0.00624579 -5.52784 -0.0397693 0.00577306 0.999192 286.343 
0.999145 0.0112735 0.0397697 -0.746918 -0.0110431 0.999921 -0.00600838 -5.56333 -0.0398344 0.00556411 0.999191 287.898 
0.999139 0.0108903 0.0400337 -0.719188 -0.0105519 0.999907 -0.00865464 -5.5959 -0.0401243 0.0082248 0.999161 289.474 
0.99915 0.00969086 0.0400633 -0.683213 -0.00926881 0.9999 -0.0107059 -5.63537 -0.040163 0.0103255 0.99914 291.046 
0.999156 0.00986264 0.0398823 -0.665979 -0.00943907 0.999897 -0.0107937 -5.66502 -0.0399847 0.0104081 0.999146 292.552 
0.999218 0.00809655 0.0387153 -0.629566 -0.00768944 0.999914 -0.0106517 -5.70333 -0.0387982 0.0103457 0.999194 294.101 
0.999268 0.00808781 0.0373845 -0.594615 -0.00767256 0.999907 -0.0112365 -5.74697 -0.037472 0.0109415 0.999238 295.645 
0.999284 0.00785956 0.0370007 -0.567063 -0.00743815 0.999906 -0.011512 -5.79081 -0.0370878 0.0112286 0.999249 297.225 
0.999317 0.00760742 0.0361641 -0.528784 -0.00721612 0.999914 -0.0109371 -5.83172 -0.0362443 0.0106687 0.999286 298.817 
0.999367 0.00673127 0.0349442 -0.493295 -0.00635895 0.999922 -0.0107536 -5.87222 -0.0350139 0.0105247 0.999331 300.405 
0.999404 0.00630646 0.0339433 -0.464416 -0.00598892 0.999937 -0.00944725 -5.9084 -0.0340008 0.00923838 0.999379 302.008 
0.999407 0.00816425 0.0334485 -0.442215 -0.00789372 0.999935 -0.00821083 -5.94781 -0.0335134 0.00794198 0.999407 303.585 
0.999374 0.00877951 0.0342804 -0.428017 -0.00850591 0.999931 -0.00811773 -5.98006 -0.0343494 0.0078211 0.999379 305.199 
0.99934 0.00924779 0.0351383 -0.403989 -0.00895553 0.999924 -0.00846438 -6.01759 -0.035214 0.00814415 0.999347 306.813 
0.999337 0.00788359 0.0355403 -0.373561 -0.00758582 0.999935 -0.0085041 -6.06108 -0.0356051 0.0082289 0.999332 308.439 
0.999345 0.00590665 0.0356928 -0.341609 -0.00556952 0.999939 -0.00953593 -6.09735 -0.035747 0.00933093 0.999317 310.045 
0.999347 0.00452417 0.0358581 -0.303183 -0.00411348 0.999925 -0.0115175 -6.13639 -0.0359075 0.0113625 0.999291 311.7 
0.999358 0.00388454 0.0356296 -0.277405 -0.00344187 0.999916 -0.012476 -6.18124 -0.0356751 0.0123454 0.999287 313.309 
0.999437 0.00427764 0.0332683 -0.251794 -0.00383798 0.999905 -0.0132671 -6.23028 -0.0333219 0.013132 0.999358 314.927 
0.999502 0.00545623 0.0310812 -0.229645 -0.00506874 0.999909 -0.0125309 -6.27554 -0.0311467 0.0123672 0.999438 316.546 
0.999504 0.00653569 0.0308232 -0.215791 -0.0062516 0.999937 -0.00930274 -6.31749 -0.0308821 0.00910546 0.999482 318.2 
0.999489 0.00518964 0.0315407 -0.195318 -0.00499052 0.999967 -0.00638731 -6.35176 -0.0315729 0.00622668 0.999482 319.827 
0.999487 0.00424781 0.0317593 -0.175236 -0.0040696 0.999976 -0.00567237 -6.38698 -0.0317827 0.00554025 0.999479 321.462 
0.999477 0.00319961 0.0321733 -0.155451 -0.00297691 0.999971 -0.00696602 -6.42132 -0.0321947 0.00686664 0.999458 323.114 
0.999461 0.00225941 0.0327546 -0.136595 -0.00202793 0.999973 -0.00709745 -6.45628 -0.0327698 0.00702725 0.999438 324.762 
0.999443 0.00234308 0.0332975 -0.115147 -0.00211477 0.999974 -0.00688916 -6.49274 -0.0333128 0.00681495 0.999422 326.426 
0.999422 0.00202384 0.0339456 -0.0949239 -0.00179292 0.999975 -0.00683032 -6.5317 -0.0339586 0.00676555 0.9994 328.065 
0.999396 0.00375877 0.0345514 -0.0764606 -0.00348861 0.999963 -0.00787492 -6.5693 -0.0345798 0.00774967 0.999372 329.709 
0.999369 0.00453511 0.0352317 -0.050564 -0.00424022 0.999955 -0.00843888 -6.61246 -0.0352685 0.00828421 0.999344 331.349 
0.99933 0.00307616 0.0364803 -0.0287551 -0.00283869 0.999975 -0.00655832 -6.65017 -0.0364996 0.00645041 0.999313 332.977 
0.999324 0.0021228 0.0367161 -0.000213647 -0.00191213 0.999982 -0.00577069 -6.68899 -0.0367278 0.00569662 0.999309 334.638 
0.999312 0.00135973 0.0370594 0.0238534 -0.00110513 0.999976 -0.00688847 -6.73015 -0.0370679 0.00684282 0.999289 336.257 
0.999299 0.00286071 0.0373393 0.0500567 -0.00260629 0.999973 -0.00685923 -6.76813 -0.037358 0.00675714 0.999279 337.893 
0.999286 0.00481251 0.037472 0.056202 -0.00447523 0.999949 -0.00907855 -6.80609 -0.0375138 0.00890441 0.999256 339.552 
0.99929 0.00653425 0.0371074 0.0779988 -0.0060892 0.999908 -0.0120927 -6.84778 -0.0371831 0.0118582 0.999238 341.213 
0.999301 0.0077896 0.0365573 0.102886 -0.00737087 0.999906 -0.0115739 -6.89614 -0.0366441 0.0112963 0.999265 342.843 
0.999303 0.00863019 0.0363255 0.0876668 -0.00833178 0.99993 -0.00835714 -6.93279 -0.0363952 0.0080487 0.999305 344.5 
0.999328 0.0096766 0.0353606 0.114461 -0.00948552 0.99994 -0.00556617 -6.97351 -0.0354123 0.00522706 0.999359 346.126 
0.99935 0.00994844 0.0346501 0.123251 -0.00971644 0.999929 -0.00685614 -7.00608 -0.0347159 0.00651505 0.999376 347.773 
0.9994 0.00958591 0.0332945 0.138096 -0.00931444 0.999922 -0.00829786 -7.04496 -0.0333715 0.0079828 0.999411 349.379 
0.999461 0.00821448 0.0317728 0.159489 -0.00800194 0.999945 -0.00680941 -7.08711 -0.031827 0.00655154 0.999472 350.996 
0.999487 0.00653895 0.0313459 0.170503 -0.0063367 0.999959 -0.00654585 -7.12028 -0.0313874 0.0063439 0.999487 352.626 
0.999494 0.00641258 0.0311572 0.183757 -0.00618687 0.999954 -0.00733382 -7.15979 -0.0312029 0.00713738 0.999488 354.242 
0.999508 0.00563144 0.0308697 0.206658 -0.00538391 0.999953 -0.00809413 -7.20346 -0.0309139 0.00792399 0.999491 355.857 
0.99951 0.00543596 0.0308416 0.225576 -0.00518621 0.999953 -0.00817051 -7.24425 -0.0308846 0.00800659 0.999491 357.474 
0.999503 0.0049594 0.0311216 0.243068 -0.00470351 0.999955 -0.00828853 -7.28394 -0.0311614 0.00813807 0.999481 359.085 
0.999503 0.00425882 0.0312343 0.261677 -0.00398844 0.999954 -0.00871249 -7.32669 -0.03127 0.00858362 0.999474 360.686 
0.999499 0.00403142 0.0313891 0.279335 -0.00373942 0.999949 -0.00935436 -7.36726 -0.0314253 0.00923234 0.999464 362.281 
0.999492 0.00352974 0.0316713 0.298491 -0.00324072 0.999953 -0.00917097 -7.41049 -0.0317022 0.00906371 0.999456 363.882 
0.999493 0.00387628 0.0316055 0.322811 -0.00356919 0.999946 -0.0097655 -7.4559 -0.0316417 0.00964778 0.999453 365.474 
0.999497 0.00224936 0.0316249 0.350085 -0.00189666 0.999936 -0.0111767 -7.49666 -0.0316481 0.0111111 0.999437 367.095 
0.999493 0.000511457 0.0318431 0.362614 -0.000208372 0.999955 -0.00951933 -7.53434 -0.0318465 0.00950791 0.999448 368.685 
0.999488 -0.00115749 0.0319751 0.383803 0.00144137 0.99996 -0.00885524 -7.57039 -0.0319636 0.00889683 0.999449 370.298 
0.999478 -0.00176933 0.0322625 0.400513 0.0020865 0.99995 -0.00979852 -7.6092 -0.0322436 0.00986076 0.999431 371.901 
0.999477 -0.000891476 0.0323131 0.423575 0.00122977 0.999945 -0.0104495 -7.65008 -0.0323021 0.0104838 0.999423 373.502 
0.999457 0.000894417 0.0329374 0.439085 -0.000580397 0.999954 -0.00954087 -7.69371 -0.0329445 0.00951662 0.999412 375.108 
0.999433 0.00249307 0.0335841 0.453859 -0.00219621 0.999958 -0.00887196 -7.73419 -0.0336049 0.00879321 0.999397 376.726 
0.999421 0.00292455 0.0339108 0.48342 -0.00261323 0.999954 -0.00921994 -7.77323 -0.0339362 0.00912603 0.999382 378.348 
0.999419 0.00273769 0.0339698 0.507105 -0.00239628 0.999946 -0.0100859 -7.81716 -0.0339957 0.00999869 0.999372 379.954 
0.999412 0.00306696 0.0341402 0.53322 -0.00270957 0.999941 -0.0105084 -7.85606 -0.0341704 0.0104098 0.999362 381.582 
0.999392 0.00339079 0.0347034 0.560044 -0.00302664 0.99994 -0.0105393 -7.9003 -0.0347371 0.0104279 0.999342 383.199 
0.99939 0.0046929 0.034597 0.592076 -0.00433259 0.999936 -0.0104808 -7.94228 -0.034644 0.0103245 0.999346 384.825 
0.999373 0.0061864 0.0348559 0.624137 -0.0058368 0.999932 -0.0101215 -7.98924 -0.0349162 0.00991175 0.999341 386.451 
0.999363 0.00725665 0.0349346 0.655432 -0.00687954 0.999917 -0.0109017 -8.03193 -0.0350108 0.0106544 0.99933 388.054 
0.999346 0.0081852 0.0352219 0.68506 -0.00778216 0.999903 -0.0115636 -8.0765 -0.0353132 0.011282 0.999313 389.691 
0.999332 0.00947238 0.0352874 0.718889 -0.00905575 0.999888 -0.0119467 -8.11266 -0.0353966 0.0116192 0.999306 391.329 
0.999314 0.0107457 0.0354559 0.750206 -0.010364 0.999887 -0.0109325 -8.16036 -0.0355694 0.0105576 0.999311 392.941 
0.999289 0.0116358 0.0358535 0.775614 -0.0112505 0.999877 -0.0109277 -8.20122 -0.0359763 0.0105166 0.999297 394.569 
0.99927 0.0122425 0.036182 0.803085 -0.0118371 0.999865 -0.0113955 -8.24679 -0.0363167 0.0109589 0.99928 396.208 
0.99925 0.0128474 0.036535 0.821555 -0.0124471 0.99986 -0.0111641 -8.29224 -0.0366734 0.010701 0.99927 397.832 
0.999239 0.0125816 0.036917 0.849452 -0.0122003 0.99987 -0.0105333 -8.33525 -0.0370448 0.0100749 0.999263 399.47 
0.999225 0.0125203 0.0373188 0.879097 -0.0120988 0.999861 -0.0114967 -8.38177 -0.0374576 0.0110363 0.999237 401.101 
0.999229 0.0119858 0.0373865 0.919414 -0.0115395 0.99986 -0.0121293 -8.43434 -0.0375267 0.0116886 0.999227 402.737 
0.99923 0.01151 0.0375112 0.951387 -0.0110646 0.999866 -0.0120573 -8.4829 -0.037645 0.0116331 0.999224 404.377 
0.999241 0.0106467 0.0374755 0.995553 -0.0102467 0.999889 -0.0108498 -8.52253 -0.0375868 0.0104576 0.999239 406.049 
0.999238 0.00908331 0.0379531 1.02392 -0.00872274 0.999915 -0.00965422 -8.5582 -0.0380376 0.00931585 0.999233 407.683 
0.999243 0.00757388 0.0381512 1.0602 -0.00717895 0.999919 -0.0104771 -8.60488 -0.0382275 0.0101953 0.999217 409.336 
0.999251 0.00634608 0.0381807 1.09177 -0.00592177 0.99992 -0.0112151 -8.6502 -0.0382488 0.0109806 0.999208 410.974 
