1 2.12261e-08 -2.11895e-08 0 2.12261e-08 1 2.10703e-08 0 -2.11895e-08 2.10703e-08 1 0 
1 -0.000399167 -0.000463279 -0.00248464 0.000399833 0.999999 0.00134748 -0.0120237 0.000462699 -0.00134762 0.999999 1.38876 
0.999999 -0.00140459 -0.000718902 -0.0322808 0.00140561 0.999998 0.00136338 -0.0301876 0.000716944 -0.00136435 0.999999 2.73066 
0.999996 -0.00280621 -0.000838997 -0.0481243 0.00280641 0.999996 0.000186695 -0.0457957 0.000838427 -0.000189006 1 4.08548 
0.999996 -0.00294329 -0.000611319 -0.0730964 0.00294334 0.999996 1.22749e-05 -0.0583462 0.000611237 -1.4032e-05 1 5.44875 
0.999994 -0.00348937 -0.000497274 -0.0983705 0.00348986 0.999994 0.000904625 -0.0778907 0.000494071 -0.000906313 1 6.80951 
0.999987 -0.00505563 -7.59929e-05 -0.124033 0.00505582 0.999985 0.00217107 -0.0992902 6.49733e-05 -0.00217138 0.999998 8.15704 
0.999989 -0.00461858 -4.74732e-05 -0.154253 0.00461873 0.999986 0.00269475 -0.118502 3.49842e-05 -0.0026949 0.999996 9.50046 
0.999992 -0.00408214 -0.000326287 -0.184636 0.00408247 0.999991 0.000880896 -0.136481 0.000322645 -0.000882179 1 10.8727 
0.999999 -0.00133769 -0.000180803 -0.21059 0.00133747 0.999998 -0.00145247 -0.155335 0.000182703 0.00145227 0.999999 12.2483 
0.999997 0.00233266 0.00042759 -0.246771 -0.00233158 0.999994 -0.00240298 -0.177345 -0.000433236 0.00240202 0.999997 13.6074 
0.999988 0.00485514 0.00101136 -0.285358 -0.00485256 0.999985 -0.00250177 -0.202941 -0.00102353 0.00249687 0.999996 14.9616 
0.999983 0.00576539 0.00125936 -0.313186 -0.00576316 0.999982 -0.00172907 -0.224701 -0.00126934 0.00172182 0.999998 16.3343 
0.999992 0.00347531 0.00182256 -0.334568 -0.00347694 0.999994 0.000914467 -0.243622 -0.00181941 -0.000920755 0.999998 17.6931 
0.999997 -0.000464273 0.00228403 -0.357741 0.000458184 0.999996 0.00268465 -0.262978 -0.00228531 -0.00268356 0.999994 19.0516 
0.999994 -0.00283935 0.0021158 -0.375009 0.00283841 0.999996 0.000467134 -0.283431 -0.00211716 -0.000461084 0.999998 20.4176 
0.999991 -0.00388484 0.00196186 -0.395186 0.00388803 0.999991 -0.00160119 -0.301083 -0.00195566 0.00160884 0.999997 21.7826 
0.999995 -0.00136064 0.00297156 -0.426448 0.00137038 0.999994 -0.00326564 -0.323469 -0.00296714 0.00326973 0.99999 23.1454 
0.999992 0.00145686 0.00380987 -0.454013 -0.00145207 0.999998 -0.00124927 -0.347602 -0.00381172 0.00124377 0.999992 24.5166 
0.999989 0.00178661 0.00431025 -0.47493 -0.00179672 0.999996 0.00235228 -0.368765 -0.00430608 -0.00235996 0.999988 25.8941 
0.999989 -0.000258404 0.00474695 -0.490013 0.000238895 0.999992 0.00411876 -0.38187 -0.00474802 -0.00411754 0.99998 27.2746 
0.999982 -0.00408998 0.00431373 -0.504233 0.00407997 0.999989 0.00233619 -0.399703 -0.00432328 -0.0023185 0.999988 28.639 
0.999981 -0.00438449 0.00437399 -0.524763 0.0043842 0.99999 8.56136e-05 -0.422212 -0.00437436 -6.63934e-05 0.99999 30.0112 
0.999975 -0.00494967 0.00509829 -0.540397 0.00496081 0.999985 -0.00216596 -0.448818 -0.00508754 0.00219124 0.999985 31.4065 
0.999983 -0.00125151 0.00562332 -0.560676 0.00126895 0.999994 -0.00309098 -0.474919 -0.00561946 0.0030981 0.999979 32.8013 
0.999981 -0.000427085 0.00612753 -0.584001 0.000458833 0.999987 -0.00517376 -0.500909 -0.00612528 0.00517651 0.999968 34.198 
0.99998 0.000880803 0.00622218 -0.602818 -0.000851627 0.999989 -0.00468314 -0.528445 -0.00622628 0.00467779 0.99997 35.606 
0.999977 0.0010994 0.00663241 -0.631501 -0.00107794 0.999994 -0.00323312 -0.559274 -0.00663596 0.00322594 0.999973 37.0097 
0.999976 0.0024888 0.00640698 -0.651898 -0.00247601 0.999995 -0.00199673 -0.58036 -0.00641196 0.00198086 0.999978 38.4185 
0.999964 0.00530121 0.0066937 -0.676901 -0.00529058 0.999985 -0.00159826 -0.608942 -0.00670211 0.00156283 0.999976 39.8227 
0.999943 0.00780292 0.00735042 -0.702767 -0.00778787 0.999968 -0.0020691 -0.631393 -0.00736637 0.00201178 0.999971 41.238 
0.999923 0.0098771 0.00745489 -0.72137 -0.00986549 0.99995 -0.00158789 -0.660438 -0.00747024 0.00151426 0.999971 42.6588 
0.999922 0.0101459 0.00735647 -0.741585 -0.0101362 0.999948 -0.00134881 -0.681587 -0.00736982 0.00127418 0.999972 44.1121 
0.999929 0.00934579 0.00734176 -0.762292 -0.00933451 0.999955 -0.00156366 -0.704411 -0.00735608 0.00149506 0.999972 45.5472 
0.999938 0.00877045 0.00684862 -0.782857 -0.00875736 0.99996 -0.00193174 -0.728258 -0.00686533 0.00187168 0.999975 46.9732 
0.999945 0.00849 0.00621745 -0.800177 -0.00847847 0.999962 -0.00187186 -0.751287 -0.00623315 0.00181908 0.999979 48.3962 
0.999949 0.00866521 0.00525973 -0.819299 -0.00866143 0.999962 -0.000733745 -0.772493 -0.00526593 0.000688192 0.999986 49.8102 
0.999949 0.009164 0.00434409 -0.842075 -0.00915947 0.999958 -0.00105037 -0.795105 -0.00435357 0.00101056 0.99999 51.25 
0.999947 0.00968117 0.0034014 -0.864083 -0.00967814 0.999953 -0.00089575 -0.81305 -0.00340996 0.000862826 0.999994 52.6861 
0.999947 0.00993623 0.00252619 -0.890925 -0.00993616 0.999951 -2.67823e-05 -0.837184 -0.00252638 1.72217e-06 0.999997 54.1131 
0.999961 0.00863561 0.00199658 -0.91356 -0.00863752 0.999962 0.000968172 -0.859874 -0.00198818 -0.000985337 0.999998 55.5576 
0.999972 0.00724824 0.00172971 -0.93874 -0.00725003 0.999973 0.00105488 -0.883165 -0.00172206 -0.00106735 0.999998 56.995 
0.999986 0.00507311 0.0013325 -0.960667 -0.00507357 0.999987 0.000370078 -0.905383 -0.00133065 -0.000376792 0.999999 58.4339 
0.99999 0.00417225 0.00134122 -0.982422 -0.00417304 0.999991 0.000620591 -0.928935 -0.00133866 -0.00062614 0.999999 59.8782 
0.999994 0.00285317 0.00176222 -1.00281 -0.00285551 0.999995 0.00134988 -0.95395 -0.0017584 -0.00135486 0.999998 61.3227 
0.999996 0.00146537 0.00230845 -1.0232 -0.00147036 0.999997 0.00218226 -0.981311 -0.00230529 -0.00218561 0.999995 62.7604 
0.999996 0.000385705 0.00296932 -1.04529 -0.000390266 0.999999 0.00154988 -1.00347 -0.00296876 -0.00155099 0.999994 64.2021 
0.999993 -0.00129459 0.00350472 -1.0676 0.00129174 0.999999 0.000829092 -1.02781 -0.00350584 -0.000824517 0.999994 65.6372 
0.999991 -0.000629491 0.00427693 -1.09589 0.000628271 1 0.000296498 -1.05042 -0.00427715 -0.000293766 0.999991 67.0806 
0.999986 0.00106229 0.00525533 -1.12215 -0.00106145 0.999999 -0.000154104 -1.07253 -0.00525554 0.000148565 0.999986 68.5282 
0.999972 0.00476119 0.00575387 -1.13681 -0.00476686 0.999988 0.000979682 -1.09609 -0.00574918 -0.00100704 0.999983 69.9543 
0.99994 0.00847636 0.00698204 -1.17554 -0.0084916 0.999962 0.00216262 -1.12049 -0.00696349 -0.00222173 0.999973 71.3904 
0.999887 0.0127522 0.00792507 -1.20856 -0.0127704 0.999916 0.00225063 -1.13457 -0.00789575 -0.00235154 0.999966 72.8125 
0.999815 0.0170928 0.00884654 -1.24474 -0.0171094 0.999852 0.00180844 -1.15916 -0.00881436 -0.00195942 0.999959 74.2211 
0.999744 0.0205708 0.00940962 -1.26242 -0.020582 0.999788 0.00110026 -1.1832 -0.00938503 -0.00129361 0.999955 75.6539 
0.999701 0.0221786 0.0102717 -1.2784 -0.0221908 0.999753 0.00107237 -1.2113 -0.0102455 -0.00129995 0.999947 77.0544 
0.999693 0.0223892 0.0106155 -1.29067 -0.0224037 0.999748 0.00125893 -1.23114 -0.0105847 -0.00149633 0.999943 78.4903 
0.999722 0.0210777 0.010564 -1.29065 -0.0210893 0.999777 0.000994656 -1.25423 -0.0105407 -0.00121713 0.999944 79.917 
0.999738 0.0202559 0.0106565 -1.30504 -0.0202576 0.999795 5.25737e-05 -1.27834 -0.0106533 -0.000268394 0.999943 81.304 
0.999751 0.0197089 0.010487 -1.32171 -0.0197095 0.999806 -3.89239e-05 -1.30149 -0.0104858 -0.000167739 0.999945 82.7284 
0.999759 0.0194771 0.0101189 -1.33459 -0.0194786 0.99981 4.62065e-05 -1.32265 -0.0101161 -0.000243255 0.999949 84.1271 
0.99977 0.0190317 0.00984404 -1.36606 -0.0190319 0.999819 -6.81723e-05 -1.36064 -0.0098436 -0.000119153 0.999952 85.5563 
0.999767 0.0193745 0.00949081 -1.39699 -0.0193761 0.999812 8.13118e-05 -1.3841 -0.00948749 -0.000265146 0.999955 86.9541 
0.999787 0.0187098 0.00868838 -1.42312 -0.0187166 0.999825 0.000708786 -1.40594 -0.00867364 -0.000871211 0.999962 88.3866 
0.999829 0.0167855 0.00774807 -1.4364 -0.0167987 0.999858 0.00165135 -1.43178 -0.00771929 -0.00178119 0.999969 89.7527 
0.999881 0.0141185 0.00627107 -1.4462 -0.0141327 0.999898 0.00222499 -1.45643 -0.00623906 -0.00231331 0.999978 91.1458 
0.999912 0.0120446 0.00548332 -1.45824 -0.0120571 0.999925 0.00225929 -1.4767 -0.00545574 -0.00232516 0.999982 92.5452 
0.999933 0.0104032 0.00506684 -1.4753 -0.0104113 0.999945 0.00158411 -1.48872 -0.00505012 -0.00163672 0.999986 93.9496 
0.999945 0.00917765 0.00498671 -1.495 -0.00918348 0.999957 0.00115557 -1.51269 -0.00497593 -0.00120126 0.999987 95.3543 
0.999936 0.010154 0.00501948 -1.51558 -0.0101563 0.999948 0.000436946 -1.53813 -0.00501483 -0.000487856 0.999987 96.6974 
0.99994 0.00969282 0.0051364 -1.53506 -0.00969276 0.999953 -2.95524e-05 -1.56072 -0.00513649 -2.01935e-05 0.999987 98.064 
0.999927 0.0108543 0.0053069 -1.56052 -0.0108502 0.999941 -0.000787896 -1.58819 -0.00531518 0.0007303 0.999986 99.4377 
0.999911 0.0119117 0.00602611 -1.59199 -0.0119082 0.999929 -0.00061424 -1.60798 -0.00603304 0.000542467 0.999982 100.811 
0.999906 0.0121825 0.00623998 -1.6056 -0.0121887 0.999925 0.000972094 -1.63341 -0.00622771 -0.00104802 0.99998 102.173 
0.999895 0.0129501 0.00648063 -1.6259 -0.0129649 0.999913 0.00225771 -1.65555 -0.00645088 -0.00234145 0.999976 103.526 
0.999905 0.0120481 0.0067717 -1.64952 -0.012054 0.999927 0.00083217 -1.67472 -0.00676122 -0.000913675 0.999977 104.886 
0.999901 0.0121706 0.00705623 -1.66712 -0.0121603 0.999925 -0.00148842 -1.6996 -0.00707386 0.00140251 0.999974 106.227 
0.999909 0.0114144 0.00722117 -1.68989 -0.0113953 0.999932 -0.00267806 -1.72527 -0.00725129 0.00259557 0.99997 107.572 
0.999927 0.00943802 0.00755602 -1.70532 -0.00942761 0.999955 -0.00140701 -1.75007 -0.007569 0.00133571 0.999971 108.914 
0.999943 0.00698065 0.00814506 -1.71768 -0.00698504 0.999976 0.000515453 -1.77378 -0.0081413 -0.000572275 0.999967 110.258 
0.999943 0.0054555 0.00918331 -1.73106 -0.00546483 0.999985 0.000996277 -1.79518 -0.00917777 -0.00104636 0.999957 111.617 
0.999939 0.00462448 0.0100164 -1.73799 -0.00462042 0.999989 -0.000424694 -1.81737 -0.0100183 0.00037843 0.99995 112.966 
0.999919 0.0066657 0.0108723 -1.75348 -0.00663528 0.999974 -0.00282776 -1.84461 -0.0108909 0.00275543 0.999937 114.311 
0.999888 0.00878532 0.0121126 -1.76397 -0.00872671 0.99995 -0.00487955 -1.87264 -0.0121549 0.00477334 0.999915 115.673 
0.999838 0.0117917 0.0136168 -1.77788 -0.011725 0.999919 -0.0049685 -1.89956 -0.0136743 0.00480808 0.999895 117.044 
0.999793 0.0131539 0.0155462 -1.79093 -0.0131052 0.999909 -0.00322737 -1.92172 -0.0155873 0.003023 0.999874 118.424 
0.999774 0.0131466 0.0166916 -1.79341 -0.0131333 0.999913 -0.000904121 -1.95053 -0.016702 0.000684744 0.99986 119.798 
0.99977 0.0123736 0.0175276 -1.79283 -0.0123676 0.999923 -0.00044967 -1.97375 -0.0175319 0.000232835 0.999846 121.146 
0.999743 0.0127214 0.018765 -1.79574 -0.0127047 0.999919 -0.00100399 -1.99627 -0.0187763 0.00076537 0.999823 122.49 
0.999683 0.01491 0.020305 -1.81268 -0.0148781 0.999888 -0.00171987 -2.01645 -0.0203284 0.00141727 0.999792 123.877 
0.999627 0.0168697 0.0214633 -1.80997 -0.0168256 0.999856 -0.00223301 -2.03579 -0.0214979 0.00187108 0.999767 125.246 
0.999587 0.0173623 0.0228971 -1.81318 -0.0172904 0.999845 -0.00333608 -2.05781 -0.0229515 0.00293884 0.999732 126.607 
0.999535 0.0188079 0.0239854 -1.81195 -0.018712 0.999816 -0.00421533 -2.08232 -0.0240603 0.00376459 0.999703 127.964 
0.999523 0.0178812 0.0251916 -1.80899 -0.0177708 0.999832 -0.00460132 -2.10441 -0.0252696 0.00415149 0.999672 129.339 
0.999501 0.0175135 0.026287 -1.80706 -0.0174282 0.999842 -0.00347149 -2.13557 -0.0263436 0.00301167 0.999648 130.676 
0.999487 0.0163126 0.0275723 -1.80845 -0.0162465 0.999865 -0.00261814 -2.15996 -0.0276113 0.00216888 0.999616 132.056 
0.99948 0.0155982 0.0282116 -1.80385 -0.0155384 0.999877 -0.00233686 -2.18182 -0.0282446 0.00189732 0.999599 133.422 
0.999505 0.0133204 0.0285033 -1.79843 -0.0132622 0.99991 -0.00222644 -2.20581 -0.0285305 0.00184737 0.999591 134.782 
0.999529 0.01164 0.0284043 -1.79037 -0.011603 0.999932 -0.00146477 -2.23099 -0.0284195 0.00113455 0.999595 136.151 
0.999557 0.0101068 0.0280094 -1.78309 -0.0100611 0.999948 -0.00177222 -2.25425 -0.0280258 0.00148967 0.999606 137.506 
0.99959 0.00918026 0.0271366 -1.77803 -0.00912924 0.999956 -0.00200168 -2.27421 -0.0271538 0.00175317 0.99963 138.863 
0.999625 0.00785249 0.0262533 -1.7682 -0.00782652 0.999969 -0.00109035 -2.29932 -0.0262611 0.00088451 0.999655 140.209 
0.999658 0.00628332 0.0253941 -1.76767 -0.00626216 0.99998 -0.000911058 -2.32282 -0.0253994 0.000751765 0.999677 141.548 
0.999689 0.0060033 0.0242092 -1.76303 -0.00598305 0.999982 -0.000907085 -2.34901 -0.0242143 0.000761999 0.999707 142.894 
0.999716 0.0058204 0.023101 -1.75772 -0.00578837 0.999982 -0.0014513 -2.37339 -0.0231091 0.00131722 0.999732 144.248 
0.999732 0.00616449 0.0222967 -1.7529 -0.00612395 0.99998 -0.00188407 -2.39835 -0.0223079 0.00174706 0.99975 145.621 
0.99976 0.00381895 0.021553 -1.75098 -0.0037317 0.999985 -0.00408474 -2.42761 -0.0215683 0.00400337 0.999759 146.967 
0.999787 -0.00182579 0.0205704 -1.74444 0.00191801 0.999988 -0.00446229 -2.45337 -0.020562 0.00450084 0.999778 148.318 
0.999762 -0.00952899 0.0196464 -1.7262 0.00957279 0.999952 -0.00213433 -2.48057 -0.0196252 0.00232194 0.999805 149.686 
0.999707 -0.0160431 0.0181029 -1.71631 0.0160602 0.999871 -0.000797379 -2.50124 -0.0180878 0.00108792 0.999836 151.039 
0.99966 -0.0195071 0.0173056 -1.70948 0.019579 0.9998 -0.00399277 -2.53102 -0.0172243 0.00433028 0.999842 152.384 
0.999669 -0.0186959 0.0176938 -1.70744 0.0188262 0.999797 -0.00722356 -2.55758 -0.0175552 0.00755432 0.999817 153.74 
0.999709 -0.0149963 0.0189004 -1.71396 0.0151787 0.999839 -0.0095442 -2.5873 -0.0187543 0.00982835 0.999776 155.091 
0.999687 -0.0154052 0.0197326 -1.71 0.0155928 0.999834 -0.00938971 -2.62812 -0.0195848 0.00969449 0.999761 156.457 
0.999621 -0.0184337 0.0204491 -1.69648 0.0185598 0.99981 -0.00599088 -2.65867 -0.0203348 0.00636818 0.999773 157.838 
0.999503 -0.0235483 0.0209693 -1.68219 0.0236196 0.999716 -0.00315787 -2.68869 -0.020889 0.00365163 0.999775 159.201 
0.999409 -0.0271397 0.0211203 -1.67121 0.0271865 0.999629 -0.00193063 -2.71392 -0.0210601 0.00250372 0.999775 160.555 
0.99937 -0.0285265 0.021124 -1.6618 0.0285777 0.999589 -0.00212516 -2.73951 -0.0210547 0.00272754 0.999775 161.924 
0.999403 -0.0263545 0.0223625 -1.65613 0.0263941 0.999651 -0.00147712 -2.76551 -0.0223158 0.00206652 0.999749 163.284 
0.999468 -0.0223498 0.0237428 -1.65239 0.0224117 0.999746 -0.00234058 -2.79433 -0.0236845 0.0028715 0.999715 164.652 
0.999509 -0.0186519 0.0251846 -1.66144 0.0187721 0.999814 -0.00454164 -2.82078 -0.0250952 0.00501222 0.999673 165.989 
0.999539 -0.015789 0.0259406 -1.65506 0.0159269 0.99986 -0.00511509 -2.84683 -0.0258562 0.00552593 0.99965 167.346 
0.999554 -0.0136338 0.0265688 -1.64399 0.0137464 0.999897 -0.00406013 -2.87577 -0.0265107 0.00442358 0.999639 168.721 
0.99958 -0.011745 0.0265013 -1.62963 0.0118654 0.99992 -0.00438911 -2.90711 -0.0264476 0.00470176 0.999639 170.102 
0.999606 -0.0100733 0.0262146 -1.62909 0.0102555 0.999924 -0.0068229 -2.93071 -0.0261439 0.0070891 0.999633 171.513 
0.999641 -0.00599236 0.0261316 -1.63786 0.00625102 0.999932 -0.00982596 -2.95735 -0.0260709 0.00998582 0.99961 172.909 
0.999656 -0.000822652 0.0262063 -1.64366 0.00111506 0.999937 -0.0111434 -2.99033 -0.0261956 0.0111689 0.999594 174.294 
0.999634 0.00381785 0.0267658 -1.64344 -0.0035505 0.999943 -0.0100273 -3.02639 -0.0268026 0.00992868 0.999591 175.664 
0.999603 0.00633887 0.0274381 -1.63548 -0.00611991 0.999949 -0.00805517 -3.06189 -0.0274878 0.0078841 0.999591 177.06 
0.999591 0.0073465 0.0276553 -1.62587 -0.00718433 0.999956 -0.00595696 -3.09462 -0.0276979 0.00575587 0.9996 178.457 
0.999622 0.00438045 0.0271314 -1.61386 -0.00424409 0.999978 -0.00507959 -3.12159 -0.0271531 0.00496256 0.999619 179.844 
0.999674 0.00220144 0.025442 -1.59714 -0.00207394 0.999985 -0.00503479 -3.15075 -0.0254528 0.00498043 0.999664 181.237 
0.999722 0.00194525 0.023498 -1.5902 -0.00173077 0.999957 -0.00914286 -3.18642 -0.0235148 0.00909969 0.999682 182.637 
0.999753 0.00381751 0.0218972 -1.58218 -0.00352399 0.999904 -0.0134257 -3.21991 -0.0219464 0.0133452 0.99967 184.041 
0.999734 0.00855237 0.0214206 -1.58556 -0.00825002 0.999866 -0.014162 -3.25928 -0.0215389 0.0139816 0.99967 185.448 
0.99971 0.011365 0.0212195 -1.58415 -0.0110909 0.999854 -0.0129876 -3.30116 -0.0213641 0.0127486 0.999691 186.888 
0.999682 0.0131317 0.0215268 -1.58326 -0.012926 0.99987 -0.00966692 -3.33295 -0.021651 0.00938563 0.999722 188.347 
0.999672 0.0134736 0.0217774 -1.57804 -0.0133054 0.999881 -0.00784904 -3.35967 -0.0218806 0.00755675 0.999732 189.803 
0.999679 0.0128231 0.0218387 -1.56984 -0.0126769 0.999896 -0.0068181 -3.39066 -0.0219239 0.00653911 0.999738 191.253 
0.999693 0.0112267 0.0220803 -1.56811 -0.0110926 0.999919 -0.00618294 -3.41937 -0.022148 0.00593615 0.999737 192.664 
0.999719 0.00808137 0.022298 -1.56226 -0.00795926 0.999953 -0.00555739 -3.45328 -0.0223419 0.00537839 0.999736 194.076 
0.999732 0.00567319 0.0224378 -1.55539 -0.00554953 0.999969 -0.00556741 -3.48227 -0.0224687 0.00544144 0.999733 195.517 
0.999736 0.00230224 0.0228721 -1.54105 -0.00220243 0.999988 -0.00438644 -3.51469 -0.0228819 0.00433495 0.999729 196.964 
0.999727 -0.00189965 0.0232774 -1.52596 0.00196754 0.999994 -0.00289226 -3.541 -0.0232718 0.00293732 0.999725 198.418 
0.999709 -0.00455914 0.0236707 -1.51349 0.00462924 0.999985 -0.00290574 -3.57146 -0.0236572 0.00301452 0.999716 199.866 
0.999708 -0.0023579 0.0240677 -1.50521 0.00253603 0.99997 -0.00737164 -3.60108 -0.0240497 0.00743056 0.999683 201.314 
0.999687 0.00508598 0.0244917 -1.50343 -0.0047764 0.999908 -0.0126803 -3.63053 -0.024554 0.0125594 0.99962 202.748 
0.999568 0.0139396 0.0258859 -1.50848 -0.0136115 0.999825 -0.012804 -3.66636 -0.0260599 0.0124462 0.999583 204.206 
0.9994 0.0216612 0.0270268 -1.51118 -0.0214179 0.999728 -0.00925702 -3.70387 -0.02722 0.00867265 0.999592 205.668 
0.999347 0.0228033 0.0280311 -1.50567 -0.0226116 0.999719 -0.00713677 -3.73568 -0.028186 0.00649832 0.999582 207.128 
0.999402 0.0208978 0.0275628 -1.49035 -0.0207177 0.999762 -0.00680181 -3.76308 -0.0276984 0.00622675 0.999597 208.589 
0.999486 0.01785 0.0266245 -1.477 -0.0176751 0.999821 -0.00678928 -3.79639 -0.0267409 0.00631524 0.999622 210.043 
0.999542 0.015943 0.0257279 -1.46198 -0.0157578 0.999849 -0.00738273 -3.82772 -0.0258417 0.00697397 0.999642 211.513 
0.999547 0.0164129 0.0252226 -1.45454 -0.0162195 0.999838 -0.00784957 -3.86379 -0.0253473 0.00743696 0.999651 212.977 
0.999522 0.0178836 0.025213 -1.44859 -0.0176977 0.999815 -0.00757569 -3.90051 -0.0253439 0.00712589 0.999653 214.44 
0.999501 0.0189988 0.0252221 -1.44354 -0.0188376 0.999801 -0.00661465 -3.93443 -0.0253428 0.00613627 0.99966 215.907 
0.999516 0.0182623 0.0251928 -1.4371 -0.0180903 0.999812 -0.00703839 -3.97086 -0.0253167 0.00657928 0.999658 217.375 
0.999525 0.0179778 0.0250167 -1.428 -0.0177815 0.99981 -0.00804571 -4.00345 -0.0251566 0.0075971 0.999655 218.845 
0.999541 0.0171867 0.0249484 -1.41919 -0.0169864 0.999822 -0.00821663 -4.03911 -0.0250852 0.00778912 0.999655 220.323 
0.999531 0.01778 0.024921 -1.41769 -0.0175785 0.999811 -0.00827678 -4.07291 -0.0250635 0.00783487 0.999655 221.816 
0.999525 0.01816 0.0249054 -1.41442 -0.0179499 0.999802 -0.0086315 -4.10679 -0.0250573 0.0081804 0.999653 223.317 
0.999526 0.0181007 0.0248993 -1.41094 -0.0178892 0.999802 -0.00868951 -4.14314 -0.0250517 0.00824001 0.999652 224.809 
0.999522 0.0188799 0.0244625 -1.40001 -0.0186633 0.999785 -0.00905146 -4.18186 -0.0246282 0.00859062 0.99966 226.318 
0.999529 0.0187174 0.0243154 -1.39492 -0.0184976 0.999786 -0.00923257 -4.21631 -0.024483 0.00877849 0.999662 227.824 
0.999528 0.0190516 0.0241033 -1.38551 -0.018834 0.99978 -0.00922077 -4.25243 -0.0242737 0.0087625 0.999667 229.327 
0.99954 0.0183171 0.0241901 -1.3802 -0.018099 0.999794 -0.00920523 -4.28968 -0.0243538 0.00876322 0.999665 230.828 
0.999558 0.0171344 0.024284 -1.36793 -0.0169084 0.999812 -0.00948205 -4.32533 -0.0244419 0.0090673 0.99966 232.355 
0.999573 0.015867 0.0245376 -1.35847 -0.0156413 0.999834 -0.0093588 -4.35927 -0.0246821 0.00897105 0.999655 233.874 
0.999593 0.0144174 0.0246265 -1.34281 -0.0142141 0.999864 -0.00840628 -4.40087 -0.0247444 0.00805285 0.999661 235.389 
0.999592 0.0144257 0.0246731 -1.33464 -0.0142276 0.999865 -0.00818703 -4.44146 -0.0247879 0.00783269 0.999662 236.908 
0.999577 0.0147027 0.0250794 -1.33951 -0.0144912 0.999858 -0.00858888 -4.4742 -0.0252022 0.00822186 0.999649 238.444 
0.99956 0.0153624 0.0253789 -1.32716 -0.015133 0.999843 -0.00920434 -4.51073 -0.0255164 0.00881627 0.999636 239.956 
0.999523 0.0167391 0.0259645 -1.32204 -0.0165212 0.999827 -0.00858348 -4.54857 -0.0261037 0.00815046 0.999626 241.473 
0.999507 0.0168638 0.0264893 -1.30691 -0.0167015 0.99984 -0.00633661 -4.58918 -0.026592 0.00589111 0.999629 242.989 
0.999489 0.0167044 0.0272404 -1.29684 -0.0165477 0.999845 -0.00596752 -4.62244 -0.0273359 0.00551375 0.999611 244.516 
0.999467 0.0170493 0.0278387 -1.28585 -0.0168415 0.999829 -0.00768156 -4.6563 -0.027965 0.00720866 0.999583 246.049 
0.999445 0.0172466 0.0285159 -1.27954 -0.0169963 0.999815 -0.00899532 -4.69014 -0.0286658 0.0085057 0.999553 247.579 
0.999422 0.017801 0.0289511 -1.2663 -0.01756 0.999809 -0.00855701 -4.72516 -0.029098 0.00804373 0.999544 249.108 
0.999423 0.0178285 0.0289071 -1.25132 -0.0176196 0.999817 -0.00746318 -4.76423 -0.0290349 0.00694958 0.999554 250.638 
0.999422 0.0177516 0.0289923 -1.24568 -0.0175588 0.999822 -0.00689116 -4.80122 -0.0291095 0.00637815 0.999556 252.169 
0.999426 0.0179839 0.0286983 -1.22934 -0.0177917 0.999818 -0.00693601 -4.8349 -0.0288178 0.00642148 0.999564 253.712 
0.999387 0.0196004 0.0289956 -1.21567 -0.0194128 0.999789 -0.00673463 -4.87047 -0.0291216 0.00616765 0.999557 255.247 
0.999353 0.0209527 0.0292255 -1.20165 -0.0207598 0.999761 -0.00688881 -4.90318 -0.0293629 0.00627768 0.999549 256.793 
0.99934 0.021115 0.0295672 -1.19183 -0.0209328 0.99976 -0.00645704 -4.93978 -0.0296965 0.00583389 0.999542 258.337 
0.99937 0.0196694 0.0295346 -1.17279 -0.019489 0.99979 -0.00638458 -4.97387 -0.029654 0.005805 0.999543 259.88 
0.999403 0.0178192 0.0295873 -1.15625 -0.0176635 0.999829 -0.00551289 -5.00781 -0.0296805 0.00498703 0.999547 261.418 
0.999446 0.0152869 0.0295528 -1.12944 -0.0151563 0.999874 -0.00463611 -5.04673 -0.02962 0.00418567 0.999553 262.98 
0.999471 0.0143133 0.0292104 -1.10483 -0.0141629 0.999885 -0.00534838 -5.08047 -0.0292837 0.00493189 0.999559 264.52 
0.99949 0.013135 0.029124 -1.08374 -0.0129515 0.999895 -0.00647631 -5.1115 -0.0292061 0.00609585 0.999555 266.067 
0.999493 0.0114098 0.0297277 -1.07113 -0.0112768 0.999926 -0.00463716 -5.14624 -0.0297785 0.00429962 0.999547 267.592 
0.999503 0.00925661 0.0301292 -1.05004 -0.00917394 0.999954 -0.00287928 -5.17992 -0.0301545 0.00260149 0.999542 269.144 
0.999507 0.00832209 0.0302814 -1.03639 -0.00821316 0.999959 -0.00371839 -5.21195 -0.0303112 0.00346789 0.999535 270.689 
0.999492 0.00817444 0.0308143 -1.0122 -0.00802802 0.999956 -0.00487129 -5.23794 -0.0308528 0.00462148 0.999513 272.249 
0.999451 0.00949242 0.03173 -0.994776 -0.00932749 0.999942 -0.00534038 -5.27138 -0.0317789 0.00504153 0.999482 273.798 
0.999393 0.0116107 0.032856 -0.973075 -0.0114403 0.99992 -0.00536629 -5.30804 -0.0329157 0.00498719 0.999446 275.347 
0.999346 0.0130972 0.033707 -0.955086 -0.0129144 0.999901 -0.00563474 -5.34142 -0.0337775 0.00519578 0.999416 276.921 
0.999297 0.0141363 0.0347248 -0.926942 -0.0139376 0.999885 -0.00595639 -5.37833 -0.034805 0.00546826 0.999379 278.474 
0.999259 0.0145778 0.0356124 -0.901971 -0.014369 0.999878 -0.00610935 -5.41507 -0.0356971 0.00559316 0.999347 280.013 
0.999233 0.0144157 0.0364205 -0.875806 -0.014182 0.999877 -0.00666492 -5.45406 -0.0365121 0.00614333 0.999314 281.563 
0.999204 0.0138086 0.0374304 -0.850603 -0.0135395 0.999881 -0.00743375 -5.48317 -0.0375286 0.00692108 0.999272 283.159 
0.999173 0.0129386 0.0385429 -0.819262 -0.0126784 0.999895 -0.00698791 -5.52146 -0.0386293 0.00649351 0.999233 284.717 
0.999157 0.0119087 0.0392829 -0.788074 -0.0116767 0.999913 -0.00612844 -5.55072 -0.0393526 0.00566462 0.999209 286.301 
0.999163 0.0111695 0.0393549 -0.755741 -0.0109459 0.999923 -0.00589103 -5.58604 -0.0394177 0.00545536 0.999208 287.856 
0.999157 0.0107852 0.0396192 -0.728663 -0.0104547 0.999909 -0.00853726 -5.61842 -0.0397077 0.0081159 0.999178 289.431 
0.999168 0.00958486 0.0396489 -0.693337 -0.00917168 0.999902 -0.0105885 -5.6577 -0.0397466 0.0102161 0.999158 291.003 
0.999173 0.0097566 0.039468 -0.676726 -0.00934192 0.999899 -0.0106763 -5.68719 -0.0395682 0.0102988 0.999164 292.51 
0.999234 0.00799054 0.0383009 -0.640953 -0.00759215 0.999916 -0.0105345 -5.72532 -0.0383819 0.0102356 0.999211 294.059 
0.999285 0.00798154 0.0369702 -0.60664 -0.00757511 0.99991 -0.0111194 -5.76878 -0.0370556 0.0108314 0.999255 295.602 
0.9993 0.00775318 0.0365864 -0.579741 -0.00734066 0.999908 -0.0113949 -5.81244 -0.0366714 0.0111184 0.999266 297.182 
0.999333 0.00750127 0.0357498 -0.54212 -0.00711853 0.999916 -0.0108201 -5.85317 -0.035828 0.0105585 0.999302 298.775 
0.999382 0.00662518 0.0345297 -0.507287 -0.00626121 0.999924 -0.0106368 -5.89348 -0.0345976 0.010414 0.999347 300.363 
0.999419 0.0062009 0.0335288 -0.47907 -0.00589107 0.999939 -0.00933047 -5.92947 -0.0335846 0.00912757 0.999394 301.966 
0.999422 0.00805923 0.0330337 -0.457521 -0.00779581 0.999937 -0.0080941 -5.9687 -0.0330969 0.00783194 0.999422 303.542 
0.999389 0.00867454 0.0338657 -0.443991 -0.0084081 0.999933 -0.00800092 -6.00077 -0.0339329 0.00771132 0.999394 305.156 
0.999355 0.00914268 0.0347237 -0.420631 -0.00885782 0.999926 -0.00834748 -6.03811 -0.0347975 0.00803457 0.999362 306.771 
0.999353 0.00777845 0.0351257 -0.390874 -0.00748816 0.999937 -0.00838716 -6.08142 -0.0351887 0.00811875 0.999348 308.397 
0.999361 0.00580105 0.0352782 -0.359585 -0.00547188 0.999941 -0.00941897 -6.1175 -0.0353308 0.00921996 0.999333 310.003 
0.999362 0.00441773 0.0354437 -0.321844 -0.00401585 0.999927 -0.0114005 -6.15635 -0.0354916 0.0112509 0.999307 311.658 
0.999373 0.0037777 0.0352154 -0.29673 -0.00334421 0.999918 -0.0123591 -6.20101 -0.0352592 0.0122336 0.999303 313.267 
0.999451 0.00417047 0.0328541 -0.271787 -0.00374004 0.999907 -0.0131504 -6.24987 -0.0329059 0.0130204 0.999374 314.885 
0.999515 0.00534937 0.0306669 -0.250306 -0.00497055 0.999911 -0.0124144 -6.29494 -0.0307306 0.012256 0.999453 316.504 
0.999517 0.00643018 0.0304086 -0.237136 -0.00615338 0.999939 -0.00918626 -6.3367 -0.0304658 0.00899475 0.999495 318.158 
0.999503 0.00508534 0.0311258 -0.217337 -0.00489238 0.999968 -0.00627076 -6.37078 -0.0311567 0.00611541 0.999496 319.785 
0.9995 0.00414378 0.0313443 -0.197931 -0.00397149 0.999977 -0.0055558 -6.40582 -0.0313667 0.00542858 0.999493 321.42 
0.999491 0.00309503 0.0317584 -0.178828 -0.00287884 0.999972 -0.00684941 -6.43996 -0.0317788 0.00675453 0.999472 323.072 
0.999475 0.00215477 0.0323398 -0.160655 -0.00192993 0.999974 -0.00698079 -6.47474 -0.032354 0.00691475 0.999453 324.72 
0.999457 0.00223853 0.0328826 -0.139895 -0.00201683 0.999975 -0.00677244 -6.51101 -0.032897 0.00670248 0.999436 326.384 
0.999436 0.00191931 0.0335308 -0.120349 -0.00169506 0.999976 -0.00671354 -6.54978 -0.0335429 0.00665295 0.999415 328.023 
0.999411 0.00365383 0.0341367 -0.102565 -0.00339082 0.999964 -0.00775808 -6.58719 -0.0341639 0.0076378 0.999387 329.667 
0.999384 0.00442995 0.0348171 -0.0773464 -0.00414252 0.999957 -0.00832197 -6.63017 -0.0348525 0.00817266 0.999359 331.307 
0.999345 0.00297176 0.0360654 -0.0562103 -0.00274113 0.999976 -0.00644129 -6.66769 -0.0360837 0.00633825 0.999329 332.935 
0.999339 0.00201871 0.0363012 -0.0283559 -0.00181459 0.999982 -0.00565363 -6.70632 -0.036312 0.00558407 0.999325 334.596 
0.999328 0.00125516 0.0366446 -0.00495776 -0.00100763 0.999977 -0.00677138 -6.74729 -0.0366523 0.00672994 0.999305 336.215 
0.999314 0.00275618 0.0369245 0.0205694 -0.00250883 0.999974 -0.00674211 -6.78508 -0.0369422 0.00664489 0.999295 337.851 
0.999302 0.00470709 0.0370575 0.0260287 -0.00437778 0.99995 -0.00896142 -6.82285 -0.0370978 0.00879298 0.999273 339.51 
0.999306 0.0064276 0.0366932 0.047139 -0.00599172 0.99991 -0.0119756 -6.86435 -0.0367669 0.0117475 0.999255 341.171 
0.999317 0.00768319 0.036143 0.0713533 -0.00727332 0.999908 -0.0114568 -6.91253 -0.0362277 0.0111862 0.999281 342.801 
0.999319 0.00852513 0.0359109 0.0554491 -0.00823421 0.999932 -0.00824013 -6.94898 -0.0359787 0.00793886 0.999321 344.458 
0.999343 0.00957271 0.0349456 0.0815714 -0.00938784 0.999941 -0.00544925 -6.98952 -0.0349958 0.00511765 0.999374 346.084 
0.999365 0.00984402 0.0342352 0.0896801 -0.00961868 0.999931 -0.00673929 -7.0219 -0.0342993 0.00640576 0.999391 347.731 
0.999414 0.00948087 0.0328798 0.103861 -0.00921651 0.999924 -0.00818114 -7.0606 -0.0329549 0.00787336 0.999426 349.337 
0.999475 0.00811004 0.0313579 0.124586 -0.00790383 0.999946 -0.00669284 -7.10256 -0.0314106 0.00644152 0.999486 350.954 
0.999501 0.0064346 0.030931 0.134926 -0.00623854 0.99996 -0.00642932 -7.13555 -0.0309711 0.00623319 0.999501 352.584 
0.999507 0.00630789 0.0307424 0.147512 -0.00608869 0.999955 -0.00721731 -7.17487 -0.0307866 0.00702662 0.999501 354.201 
0.999521 0.00552642 0.030455 0.169746 -0.0052857 0.999954 -0.00797765 -7.21836 -0.0304977 0.00781289 0.999504 355.815 
0.999523 0.00533091 0.0304269 0.187996 -0.00508799 0.999955 -0.00805403 -7.25896 -0.0304685 0.00789542 0.999505 357.433 
0.999517 0.00485429 0.0307069 0.204822 -0.00460533 0.999956 -0.00817202 -7.29846 -0.0307453 0.0080267 0.999495 359.043 
0.999516 0.00415353 0.0308196 0.222769 -0.00389026 0.999956 -0.00859597 -7.34104 -0.030854 0.00847196 0.999488 360.644 
0.999513 0.00392587 0.0309745 0.239768 -0.00364127 0.999951 -0.00923783 -7.38142 -0.0310093 0.00912058 0.999478 362.24 
0.999506 0.00342425 0.0312567 0.258263 -0.00314259 0.999954 -0.00905441 -7.42447 -0.0312863 0.00895175 0.99947 363.841 
0.999506 0.00377055 0.0311909 0.281926 -0.00347106 0.999947 -0.00964895 -7.4697 -0.0312257 0.00953596 0.999467 365.433 
0.999511 0.00214302 0.0312105 0.30853 -0.00179853 0.999937 -0.0110602 -7.51027 -0.0312323 0.0109986 0.999452 367.054 
0.999506 0.000405786 0.0314285 0.320402 -0.000110265 0.999956 -0.00940276 -7.54776 -0.031431 0.00939469 0.999462 368.643 
0.999501 -0.00126291 0.0315604 0.340923 0.00153947 0.999961 -0.00873865 -7.58363 -0.0315482 0.00878292 0.999464 370.256 
0.999491 -0.00187515 0.031848 0.356971 0.00218456 0.999951 -0.0096819 -7.62226 -0.0318283 0.00974659 0.999446 371.859 
0.999491 -0.000997552 0.0318986 0.379372 0.00132782 0.999946 -0.0103328 -7.66296 -0.0318866 0.01037 0.999438 373.46 
0.999471 0.000788742 0.0325228 0.394218 -0.000482418 0.999956 -0.00942419 -7.70641 -0.0325288 0.00940355 0.999427 375.067 
0.999447 0.00238769 0.0331695 0.408324 -0.00209831 0.99996 -0.00875521 -7.7467 -0.0331891 0.00868081 0.999411 376.684 
0.999435 0.00281903 0.0334962 0.437214 -0.00251537 0.999955 -0.00910316 -7.78555 -0.0335204 0.00901381 0.999397 378.307 
0.999433 0.00263182 0.0335553 0.460236 -0.00229842 0.999948 -0.00996913 -7.8293 -0.0335799 0.00988639 0.999387 379.913 
0.999427 0.00296092 0.0337257 0.485678 -0.00261174 0.999943 -0.0103916 -7.86801 -0.0337546 0.0102976 0.999377 381.54 
0.999407 0.00328474 0.0342889 0.511835 -0.00292887 0.999941 -0.0104224 -7.91206 -0.0343212 0.0103158 0.999358 383.157 
0.999405 0.00458689 0.0341825 0.543194 -0.00423481 0.999937 -0.0103639 -7.95385 -0.034228 0.010213 0.999362 384.784 
0.999388 0.00608057 0.0344414 0.574584 -0.00573905 0.999934 -0.0100046 -8.00062 -0.0345 0.00980089 0.999357 386.409 
0.999378 0.00715051 0.0345202 0.605216 -0.0067818 0.999919 -0.0107848 -8.04313 -0.0345946 0.010544 0.999346 388.013 
0.999361 0.0080788 0.0348076 0.634169 -0.00768446 0.999905 -0.0114467 -8.08751 -0.0348968 0.011172 0.999329 389.649 
0.999348 0.00936584 0.0348731 0.66732 -0.00895806 0.99989 -0.0118298 -8.12349 -0.0349801 0.0115097 0.999322 391.288 
0.999329 0.0106396 0.0350416 0.697972 -0.0102663 0.999889 -0.0108156 -8.171 -0.0351528 0.0104486 0.999327 392.9 
0.999305 0.0115297 0.0354392 0.722707 -0.0111529 0.999879 -0.0108107 -8.21167 -0.0355596 0.010408 0.999313 394.528 
0.999286 0.0121362 0.0357677 0.749502 -0.0117395 0.999868 -0.0112785 -8.25705 -0.0358998 0.0108506 0.999297 396.166 
0.999266 0.0127413 0.0361207 0.767301 -0.0123495 0.999863 -0.0110471 -8.30231 -0.0362565 0.0105929 0.999286 397.79 
0.999256 0.0124757 0.0365026 0.794521 -0.0121028 0.999873 -0.0104162 -8.34514 -0.036628 0.00996669 0.999279 399.428 
0.999242 0.012414 0.0369045 0.823493 -0.0120014 0.999863 -0.0113796 -8.39147 -0.0370408 0.0109281 0.999254 401.059 
0.999246 0.0118792 0.0369723 0.863135 -0.011442 0.999862 -0.0120122 -8.44385 -0.0371099 0.0115802 0.999244 402.696 
0.999247 0.0114034 0.0370969 0.894431 -0.0109672 0.999869 -0.0119402 -8.49222 -0.0372283 0.0115244 0.99924 404.336 
0.999257 0.0105407 0.0370611 0.937906 -0.0101493 0.999891 -0.0107327 -8.53166 -0.0371702 0.0103486 0.999255 406.008 
0.999255 0.00897773 0.0375386 0.965597 -0.00862536 0.999917 -0.00953704 -8.56714 -0.0376212 0.00920619 0.99925 407.641 
0.99926 0.00746793 0.0377368 1.0012 -0.00708159 0.999921 -0.0103599 -8.61363 -0.0378113 0.010085 0.999234 409.294 
0.999267 0.0062398 0.0377664 1.03209 -0.00582441 0.999921 -0.0110979 -8.65876 -0.0378327 0.0108698 0.999225 410.933 
