1 2.12261e-08 -2.11895e-08 0 2.12261e-08 1 2.10703e-08 0 -2.11895e-08 2.10703e-08 1 0 
0.999997 -0.00169332 -0.00155389 -0.00706708 0.00169211 0.999998 -0.000806544 -0.00953716 0.00155521 0.000803954 0.999999 0.576875 
0.999994 -0.00207834 -0.00269327 -0.0171402 0.00207191 0.999995 -0.00240491 -0.018325 0.00269821 0.00239936 0.999994 1.15494 
0.999985 -0.00257407 -0.00476009 -0.026115 0.00255652 0.99999 -0.00369976 -0.0312635 0.00476952 0.00368757 0.999982 1.72765 
0.999967 -0.00461586 -0.00668087 -0.0387187 0.00458049 0.999975 -0.00530622 -0.0426796 0.00670515 0.00527548 0.999964 2.29399 
0.99994 -0.00706111 -0.00834575 -0.0504363 0.00699989 0.999949 -0.00734738 -0.0515476 0.00839716 0.00728857 0.999938 2.86283 
0.999918 -0.00830899 -0.00971171 -0.0658957 0.00823071 0.999934 -0.00807682 -0.0624693 0.00977813 0.00799626 0.99992 3.44237 
0.999903 -0.00855164 -0.0110144 -0.0859043 0.00847138 0.999937 -0.00731721 -0.0767519 0.0110763 0.00722323 0.999913 4.02396 
0.999886 -0.00887948 -0.0122196 -0.103907 0.00878705 0.999933 -0.00760071 -0.0946379 0.0122862 0.00749251 0.999896 4.61911 
0.999879 -0.00824144 -0.0131638 -0.128792 0.00810551 0.999914 -0.0103497 -0.108766 0.0132479 0.0102418 0.99986 5.22401 
0.999875 -0.00654241 -0.0144294 -0.15259 0.00633907 0.999881 -0.0140961 -0.126964 0.0145198 0.0140029 0.999797 5.83214 
0.999867 -0.00497817 -0.015515 -0.181173 0.00469897 0.999827 -0.0179827 -0.137428 0.0156018 0.0179075 0.999718 6.44897 
0.999858 -0.00323705 -0.0165395 -0.215782 0.00293711 0.999831 -0.0181294 -0.14805 0.0165953 0.0180783 0.999699 7.08739 
0.999843 -0.000802052 -0.0176946 -0.245254 0.000603939 0.999937 -0.0112011 -0.15985 0.0177025 0.0111887 0.999781 7.74373 
0.999827 7.24368e-05 -0.0186289 -0.264466 -8.53199e-05 1 -0.000693032 -0.175989 0.0186288 0.000694543 0.999826 8.42066 
0.999826 0.000938195 -0.018623 -0.310128 -0.000828335 0.999982 0.00590375 -0.185791 0.0186282 -0.00588726 0.999809 9.102 
0.9998 0.00304122 -0.0197562 -0.340722 -0.00294354 0.999983 0.00496944 -0.200522 0.0197709 -0.00491025 0.999793 9.78679 
0.999782 0.00497351 -0.0202836 -0.380716 -0.00502458 0.999984 -0.00246971 -0.2041 0.0202709 0.00257113 0.999791 10.4889 
0.999758 0.00474042 -0.0215028 -0.407021 -0.004927 0.999951 -0.00863415 -0.204091 0.0214608 0.00873805 0.999732 11.2049 
0.99974 0.00279272 -0.0226381 -0.436215 -0.00295158 0.999971 -0.00698869 -0.205625 0.0226178 0.00705374 0.999719 11.9479 
0.999732 0.00153735 -0.023113 -0.46497 -0.00148371 0.999996 0.00233593 -0.215102 0.0231164 -0.00230097 0.99973 12.7195 
0.999723 0.000968153 -0.0235375 -0.495352 -0.000736965 0.999951 0.00982701 -0.22448 0.0235459 -0.00980689 0.999675 13.4991 
0.99971 -7.38561e-05 -0.0240737 -0.531029 0.000367223 0.999926 0.0121803 -0.224054 0.0240709 -0.0121856 0.999636 14.2993 
0.999704 -0.00207341 -0.0242518 -0.558972 0.00234395 0.999935 0.0111308 -0.223591 0.0242271 -0.0111843 0.999644 15.1117 
0.999715 -0.00252267 -0.0237487 -0.589866 0.00272819 0.999959 0.00862359 -0.22364 0.0237259 -0.00868588 0.999681 15.9324 
0.999731 -0.000111303 -0.0232065 -0.62965 0.00023315 0.999986 0.00524608 -0.226632 0.0232056 -0.00525003 0.999717 16.7759 
0.999746 -0.00323473 -0.0222924 -0.657271 0.00323115 0.999995 -0.00019843 -0.234116 0.0222929 0.000126393 0.999752 17.6349 
0.999746 -0.00607862 -0.0216969 -0.685635 0.00594157 0.999962 -0.00637733 -0.245116 0.0217348 0.00624684 0.999744 18.5081 
0.999774 -0.00517798 -0.0206197 -0.717278 0.00493112 0.999916 -0.0120068 -0.253087 0.0206801 0.0119024 0.999715 19.4027 
0.99978 -0.00396859 -0.0205963 -0.751555 0.00370757 0.999913 -0.0126978 -0.272149 0.0206449 0.0126187 0.999707 20.306 
0.999776 -0.0038155 -0.0208005 -0.786675 0.00356269 0.99992 -0.0121796 -0.292894 0.0208452 0.0121028 0.999709 21.2319 
0.999777 -0.00225823 -0.0210018 -0.821789 0.00197372 0.999906 -0.0135595 -0.31582 0.0210304 0.0135151 0.999688 22.1739 
0.999785 0.000518867 -0.0207339 -0.866722 -0.000844513 0.999876 -0.0157023 -0.337741 0.0207232 0.0157165 0.999662 23.1332 
0.999768 0.00389749 -0.0211767 -0.905689 -0.00424654 0.999855 -0.0164649 -0.362228 0.0211095 0.0165511 0.99964 24.1004 
0.999759 0.00544109 -0.0212732 -0.946655 -0.0057897 0.999849 -0.0163618 -0.39216 0.021181 0.0164811 0.99964 25.0797 
0.999746 0.00631113 -0.0216292 -0.9848 -0.00666576 0.999844 -0.0163649 -0.422501 0.0215225 0.016505 0.999632 26.0646 
0.999746 0.006315 -0.0216175 -1.02718 -0.00666567 0.999847 -0.0161901 -0.452176 0.0215119 0.0163301 0.999635 27.058 
0.999735 0.00714093 -0.0218641 -1.07284 -0.00747257 0.999858 -0.0151264 -0.480268 0.021753 0.0152858 0.999647 28.0701 
0.999723 0.00762364 -0.0222585 -1.11269 -0.00791924 0.999881 -0.0132243 -0.507183 0.022155 0.013397 0.999665 29.0849 
0.999713 0.00838449 -0.0224475 -1.15824 -0.00865606 0.99989 -0.0120299 -0.535586 0.0223441 0.0122208 0.999676 30.1063 
0.999711 0.00827136 -0.0225833 -1.1993 -0.00856899 0.999877 -0.0131166 -0.562534 0.022472 0.0133064 0.999659 31.1299 
0.999691 0.00960588 -0.022929 -1.24357 -0.00993078 0.999851 -0.0141001 -0.588018 0.0227901 0.0143235 0.999638 32.1634 
0.999679 0.00922297 -0.0235909 -1.28158 -0.00953427 0.999869 -0.0131192 -0.615361 0.0234668 0.01334 0.999636 33.2094 
0.999672 0.00838008 -0.0241985 -1.32558 -0.00863253 0.999909 -0.0103489 -0.643704 0.0241095 0.0105544 0.999654 34.266 
0.999661 0.0089245 -0.0244492 -1.37325 -0.00909227 0.999936 -0.00676085 -0.666751 0.0243872 0.0069809 0.999678 35.322 
0.999647 0.00892954 -0.0250211 -1.41877 -0.00903996 0.99995 -0.00430518 -0.690763 0.0249813 0.00452989 0.999678 36.3905 
0.999635 0.00894522 -0.0255109 -1.46495 -0.00904516 0.999952 -0.0038065 -0.71428 0.0254755 0.0040359 0.999667 37.4648 
0.999626 0.00855286 -0.0259755 -1.51274 -0.00869156 0.999949 -0.0052331 -0.734995 0.0259294 0.00545695 0.999649 38.5448 
0.999604 0.00915928 -0.0266015 -1.56453 -0.00931527 0.99994 -0.00574733 -0.755 0.0265472 0.0059929 0.99963 39.6319 
0.999589 0.00874383 -0.0272888 -1.61409 -0.00887392 0.99995 -0.00465148 -0.774931 0.0272467 0.00489177 0.999617 40.7226 
0.999565 0.00895759 -0.028091 -1.6635 -0.00903546 0.999956 -0.00264788 -0.796169 0.028066 0.00290059 0.999602 41.8145 
0.999551 0.0091469 -0.0285268 -1.71729 -0.00915152 0.999958 -3.27552e-05 -0.819948 0.0285252 0.000293846 0.999593 42.9059 
0.999523 0.0101888 -0.0291403 -1.76756 -0.0101989 0.999948 -0.000199182 -0.84255 0.0291367 0.000496328 0.999575 43.9905 
0.999501 0.0115664 -0.0293843 -1.8216 -0.0116932 0.999923 -0.00414851 -0.862874 0.029334 0.00449008 0.99956 45.066 
0.999491 0.0128055 -0.0292311 -1.87674 -0.0130463 0.999882 -0.00806145 -0.885482 0.0291244 0.00843874 0.99954 46.1442 
0.999495 0.013263 -0.0288733 -1.93217 -0.0135118 0.999873 -0.00844133 -0.909544 0.0287576 0.00882724 0.999547 47.2297 
0.99949 0.0137887 -0.0288 -1.9823 -0.0139573 0.999887 -0.00566293 -0.935824 0.0287186 0.00606206 0.999569 48.3122 
0.999487 0.014433 -0.0285898 -2.03543 -0.0145394 0.999888 -0.00352147 -0.960025 0.0285357 0.00393539 0.999585 49.3996 
0.999509 0.0126127 -0.028691 -2.0822 -0.0126835 0.999917 -0.00228623 -0.98125 0.0286598 0.00264905 0.999586 50.492 
0.999524 0.0124333 -0.0282212 -2.1304 -0.0125267 0.999917 -0.00313808 -1.0069 0.0281798 0.00349015 0.999597 51.5823 
0.99954 0.0117447 -0.0279729 -2.17912 -0.0118896 0.999917 -0.00502209 -1.02831 0.0279115 0.00535241 0.999596 52.6684 
0.999549 0.0119719 -0.0275513 -2.22985 -0.0121693 0.999901 -0.00701004 -1.05489 0.0274646 0.0073422 0.999596 53.7705 
0.999568 0.0106212 -0.0274044 -2.27824 -0.0108784 0.999898 -0.00925474 -1.0839 0.0273033 0.00954891 0.999582 54.8663 
0.999583 0.0091304 -0.0274075 -2.32497 -0.00947704 0.999876 -0.012546 -1.11408 0.0272895 0.0128006 0.999546 55.959 
0.999598 0.00745366 -0.0273678 -2.3692 -0.00784449 0.999868 -0.0142025 -1.14555 0.0272583 0.0144115 0.999525 57.051 
0.999608 0.00571678 -0.0273966 -2.41299 -0.00604832 0.999909 -0.0120353 -1.17399 0.0273253 0.0121963 0.999552 58.1442 
0.999621 0.00427449 -0.0271845 -2.45818 -0.00444292 0.999971 -0.00614019 -1.20107 0.0271575 0.00625869 0.999612 59.2402 
0.999622 0.00265422 -0.0273563 -2.499 -0.00266044 0.999996 -0.000192645 -1.22364 0.0273557 0.000265395 0.999626 60.3432 
0.999619 0.000944971 -0.0276027 -2.54204 -0.000926976 0.999999 0.000663217 -1.24423 0.0276033 -0.000637334 0.999619 61.4428 
0.999619 -0.0023688 -0.0275023 -2.5859 0.00230728 0.999995 -0.00226977 -1.26463 0.0275075 0.00220549 0.999619 62.5391 
0.999608 -0.00383527 -0.0277234 -2.63373 0.00368421 0.999978 -0.00549926 -1.28298 0.0277439 0.00539501 0.999601 63.6322 
0.999612 -0.00165305 -0.0278114 -2.69367 0.00138798 0.999953 -0.00954911 -1.30999 0.0278259 0.00950684 0.999568 64.7345 
0.999616 -0.00149241 -0.027655 -2.74544 0.00110617 0.999902 -0.0139778 -1.33431 0.0276731 0.0139419 0.99952 65.8303 
0.999631 0.00170888 -0.027103 -2.80064 -0.00210498 0.999891 -0.0145945 -1.36655 0.0270751 0.0146462 0.999526 66.9355 
0.999638 0.00551423 -0.0263375 -2.85449 -0.00580324 0.999924 -0.010911 -1.3989 0.0262753 0.0110599 0.999594 68.0401 
0.999633 0.00697044 -0.0261817 -2.91183 -0.0072019 0.999936 -0.00875834 -1.42886 0.026119 0.00894373 0.999619 69.1493 
0.999636 0.00620058 -0.0262465 -2.95962 -0.00641258 0.999947 -0.0080024 -1.45364 0.0261955 0.00816784 0.999624 70.2558 
0.999642 0.00468239 -0.0263455 -3.0056 -0.00486757 0.999964 -0.00697051 -1.48484 0.0263119 0.0070963 0.999629 71.3546 
0.999637 0.00329247 -0.0267362 -3.05454 -0.00344475 0.999978 -0.00565322 -1.50858 0.026717 0.00574331 0.999627 72.4557 
0.999624 0.00175143 -0.02738 -3.0956 -0.00184821 0.999992 -0.00351152 -1.53517 0.0273736 0.00356084 0.999619 73.555 
0.999607 0.000463911 -0.0280406 -3.14908 -0.000512514 0.999998 -0.00172766 -1.55915 0.0280397 0.0017414 0.999605 74.6662 
0.999584 -0.00046583 -0.0288384 -3.19636 0.000376934 0.999995 -0.00308937 -1.58314 0.0288397 0.00307725 0.999579 75.7656 
0.999564 -6.22042e-05 -0.0295437 -3.25027 -0.000139351 0.999977 -0.00682159 -1.60842 0.0295434 0.00682277 0.99954 76.8583 
0.999538 0.000683806 -0.0303909 -3.30086 -0.000954336 0.99996 -0.00888944 -1.63426 0.0303836 0.00891438 0.999499 77.9415 
0.999507 0.00241985 -0.0313167 -3.35007 -0.00264888 0.99997 -0.00727547 -1.66155 0.0312981 0.00735487 0.999483 79.0246 
0.99948 0.00360466 -0.0320479 -3.40085 -0.00370146 0.999989 -0.00296278 -1.68798 0.0320369 0.0030799 0.999482 80.1245 
0.99946 0.00486543 -0.0325083 -3.46475 -0.00483399 0.999988 0.00104461 -1.71334 0.032513 -0.000886853 0.999471 81.2215 
0.999429 0.00580912 -0.0332778 -3.51926 -0.00575662 0.999982 0.00167214 -1.73634 0.0332868 -0.00147957 0.999445 82.3081 
0.999409 0.00565597 -0.0339225 -3.57548 -0.00567653 0.999984 -0.000510938 -1.75238 0.033919 0.00070324 0.999424 83.384 
0.99939 0.00565105 -0.0344603 -3.63125 -0.00570115 0.999983 -0.00135687 -1.77127 0.034452 0.00155255 0.999405 84.4479 
0.999366 0.00494438 -0.0352691 -3.67965 -0.00499908 0.999986 -0.00146419 -1.79408 0.0352613 0.00163962 0.999377 85.5043 
0.999343 0.00394133 -0.0360307 -3.7352 -0.00398507 0.999991 -0.00114355 -1.81836 0.0360259 0.00128643 0.99935 86.5499 
0.999323 0.00274788 -0.0366777 -3.78661 -0.00274605 0.999996 9.93029e-05 -1.8357 0.0366778 1.52593e-06 0.999327 87.5753 
0.999315 0.00295221 -0.0368964 -3.85047 -0.00284739 0.999992 0.00289214 -1.85994 0.0369046 -0.00278505 0.999315 88.5767 
0.999279 0.0019842 -0.0379139 -3.90417 -0.00184653 0.999992 0.00366475 -1.87878 0.0379208 -0.00359205 0.999274 89.5644 
0.999196 0.00130884 -0.0400661 -3.95895 -0.00114534 0.999991 0.00410253 -1.90064 0.0400711 -0.0040533 0.999189 90.53 
0.999067 0.000620791 -0.0431871 -4.0182 -0.000490374 0.999995 0.00302939 -1.9173 0.0431888 -0.00300534 0.999062 91.4728 
0.998912 0.000673053 -0.0466351 -4.07679 -0.000574451 0.999998 0.00212681 -1.93674 0.0466364 -0.00209767 0.99891 92.3937 
0.998765 0.000242107 -0.049691 -4.13796 -0.000125788 0.999997 0.00234313 -1.95321 0.0496914 -0.00233395 0.998762 93.2926 
0.998611 0.00144954 -0.0526724 -4.20464 -0.00126601 0.999993 0.00351677 -1.97404 0.052677 -0.00344515 0.998606 94.1565 
0.998435 0.00239283 -0.055875 -4.26723 -0.00213886 0.999987 0.00460404 -1.99239 0.0558852 -0.00447728 0.998427 95.0055 
0.998259 0.00323602 -0.0588932 -4.33178 -0.00287354 0.999976 0.00623782 -2.01077 0.0589119 -0.00605768 0.998245 95.8301 
0.998103 0.00497389 -0.0613587 -4.40146 -0.00455617 0.999966 0.00694526 -2.02304 0.0613911 -0.00665249 0.998092 96.624 
0.997943 0.00695578 -0.0637273 -4.47069 -0.0064982 0.999952 0.00738398 -2.0396 0.0637755 -0.00695464 0.99794 97.3907 
0.997752 0.00881042 -0.0664313 -4.53746 -0.00840614 0.999944 0.00636205 -2.05724 0.0664836 -0.00578927 0.997771 98.1295 
0.997571 0.0101042 -0.0689238 -4.60389 -0.00994573 0.999947 0.0026408 -2.07281 0.0689468 -0.00194884 0.997618 98.8366 
0.997382 0.0126464 -0.0712007 -4.67426 -0.0127682 0.999918 -0.00125655 -2.08649 0.0711789 0.00216241 0.997461 99.5129 
0.997218 0.0144341 -0.0731368 -4.73829 -0.0147515 0.999884 -0.00380296 -2.10109 0.0730734 0.0048713 0.997315 100.159 
0.997122 0.0165353 -0.073992 -4.79676 -0.0169414 0.999845 -0.00486429 -2.11427 0.0739001 0.00610386 0.997247 100.783 
0.997141 0.0187947 -0.0731844 -4.85405 -0.019173 0.999806 -0.00447089 -2.12901 0.0730861 0.00586132 0.997308 101.381 
0.997287 0.0224575 -0.0700984 -4.91188 -0.0227283 0.999737 -0.00306766 -2.14551 0.070011 0.0046526 0.997535 101.956 
0.997587 0.0251303 -0.0647157 -4.95533 -0.0252815 0.999679 -0.00151835 -2.16128 0.0646567 0.00315084 0.997903 102.509 
0.998019 0.0259012 -0.0573331 -4.99169 -0.0259365 0.999664 0.000128534 -2.17062 0.0573171 0.00135878 0.998355 103.036 
0.998535 0.0256171 -0.0476613 -5.01799 -0.0255196 0.999671 0.00265198 -2.18306 0.0477135 -0.00143176 0.99886 103.542 
0.999035 0.0252938 -0.0359201 -5.03468 -0.0251707 0.999676 0.00387469 -2.19447 0.0360064 -0.00296677 0.999347 104.018 
0.999451 0.0242578 -0.0225848 -5.04158 -0.0241736 0.9997 0.003992 -2.20638 0.0226749 -0.00344381 0.999737 104.479 
0.999679 0.0242013 -0.00748536 -5.0408 -0.0241774 0.999702 0.0032649 -2.21954 0.00756211 -0.00308283 0.999967 104.914 
0.999681 0.0229204 0.0106269 -5.03016 -0.0229248 0.999737 0.000292777 -2.23148 -0.0106175 -0.000536262 0.999944 105.338 
0.999247 0.0223578 0.0317014 -5.00452 -0.0222319 0.999744 -0.00431584 -2.24254 -0.0317898 0.00360785 0.999488 105.747 
0.998215 0.0204458 0.0561185 -4.96919 -0.0199686 0.99976 -0.00904968 -2.25336 -0.05629 0.00791295 0.998383 106.145 
0.996368 0.0179125 0.0832489 -4.91669 -0.0170013 0.999788 -0.0116403 -2.26583 -0.0834398 0.0101827 0.996461 106.538 
0.993465 0.0153373 0.1131 -4.85061 -0.013977 0.99982 -0.0128104 -2.27673 -0.113276 0.0111459 0.993501 106.923 
0.989261 0.0130389 0.145576 -4.77166 -0.0110369 0.999833 -0.0145509 -2.29062 -0.145741 0.012788 0.98924 107.295 
0.983355 0.0105292 0.181389 -4.67916 -0.00774519 0.999841 -0.0160498 -2.30375 -0.181529 0.0143778 0.98328 107.663 
0.975456 0.00735474 0.220072 -4.57571 -0.00382209 0.999857 -0.0164735 -2.31709 -0.220161 0.0152281 0.975345 108.013 
0.965509 0.00519793 0.26032 -4.45564 -0.000723758 0.99985 -0.0172799 -2.33136 -0.260371 0.0164956 0.965368 108.357 
0.953121 0.00609198 0.302528 -4.32937 -0.00058991 0.999833 -0.0182748 -2.34644 -0.302589 0.0172397 0.952965 108.693 
0.937751 0.00805383 0.347214 -4.19266 -0.00171134 0.999826 -0.0185695 -2.36312 -0.347303 0.0168194 0.937602 109.013 
0.91986 0.0081047 0.392164 -4.03799 -0.00143266 0.999849 -0.0173029 -2.37488 -0.392245 0.0153544 0.919733 109.32 
0.899433 0.00743703 0.436996 -3.86572 -0.000483835 0.999872 -0.0160204 -2.38713 -0.437059 0.0141979 0.899321 109.618 
0.876088 0.00619054 0.482112 -3.68027 0.00189293 0.999866 -0.0162785 -2.40277 -0.482148 0.015174 0.875959 109.899 
0.850465 0.00666231 0.525989 -3.48482 0.00349209 0.999826 -0.0183103 -2.41727 -0.52602 0.0174091 0.850294 110.172 
0.822356 0.00883228 0.568905 -3.27696 0.00402886 0.999764 -0.021345 -2.43569 -0.568959 0.0198453 0.822126 110.434 
0.791082 0.0136428 0.611559 -3.05623 0.00251227 0.99967 -0.0255506 -2.45071 -0.611706 0.021749 0.790787 110.691 
0.756587 0.0200613 0.653586 -2.81896 -0.000802088 0.999557 -0.0297521 -2.4592 -0.653893 0.0219858 0.756268 110.942 
0.718703 0.0247567 0.694877 -2.56252 -0.00291892 0.999465 -0.0325894 -2.46909 -0.695311 0.0213938 0.71839 111.18 
0.67863 0.0251087 0.734051 -2.28714 -0.000993065 0.999446 -0.0332685 -2.48406 -0.73448 0.0218481 0.678279 111.402 
0.636757 0.0225859 0.770733 -1.98616 0.00300718 0.999491 -0.0317738 -2.4972 -0.771058 0.02255 0.636365 111.61 
0.591964 0.020749 0.805697 -1.67515 0.00420863 0.999575 -0.028834 -2.50792 -0.805953 0.0204596 0.591625 111.808 
0.544853 0.0193456 0.838308 -1.35352 0.00494567 0.999642 -0.0262831 -2.51788 -0.838517 0.0184664 0.544563 111.987 
0.496161 0.0169287 0.868065 -1.01522 0.00639533 0.999712 -0.0231514 -2.5311 -0.868207 0.0170384 0.49591 112.151 
0.444558 0.0131254 0.895654 -0.664064 0.00828254 0.99979 -0.0187624 -2.54975 -0.895712 0.0157593 0.444356 112.298 
0.392132 0.013315 0.919813 -0.29983 0.00569405 0.999841 -0.0169009 -2.56567 -0.919891 0.0118648 0.391994 112.434 
0.340437 0.0182272 0.940091 0.0620808 0.00192709 0.999797 -0.0200827 -2.58099 -0.940265 0.00864853 0.340333 112.546 
0.289494 0.0232985 0.956896 0.443106 0.000957664 0.999696 -0.0246302 -2.59466 -0.95718 0.00804669 0.289383 112.638 
0.242312 0.0253536 0.969867 0.837552 0.00203861 0.999643 -0.0266412 -2.61197 -0.970196 0.00843268 0.242174 112.716 
0.200749 0.0248635 0.979327 1.24458 0.00919741 0.999586 -0.0272631 -2.62883 -0.9796 0.0144803 0.200437 112.77 
0.165475 0.0248345 0.985901 1.67562 0.0168804 0.999465 -0.0280093 -2.64104 -0.98607 0.0212773 0.164967 112.813 
0.135095 0.0261341 0.990488 2.125 0.0212194 0.999347 -0.029262 -2.6519 -0.990605 0.0249707 0.134452 112.852 
0.106882 0.0246371 0.993966 2.58886 0.0191669 0.999456 -0.0268341 -2.66735 -0.994087 0.0219193 0.106351 112.896 
0.0812461 0.0212011 0.996469 3.07419 0.0130207 0.999666 -0.0223307 -2.68116 -0.996609 0.014789 0.0809429 112.94 
0.0573755 0.0172821 0.998203 3.58337 0.00788553 0.999811 -0.0177631 -2.69783 -0.998322 0.00889053 0.0572284 112.973 
0.0347085 0.0149594 0.999286 4.11143 0.0122056 0.999807 -0.0153911 -2.71265 -0.999323 0.012731 0.0345192 112.985 
0.0144192 0.0156124 0.999774 4.64557 0.0199383 0.999675 -0.0158984 -2.73072 -0.999697 0.0201631 0.0141033 112.978 
-0.00278278 0.0180144 0.999834 5.20178 0.0249169 0.999529 -0.0179395 -2.74818 -0.999686 0.0248628 -0.00323033 112.964 
-0.0171779 0.0235443 0.999575 5.78141 0.0253856 0.999411 -0.0231042 -2.75924 -0.99953 0.0249779 -0.0177654 112.957 
-0.0282123 0.0282392 0.999203 6.37648 0.0225472 0.999365 -0.0276071 -2.77197 -0.999348 0.0217503 -0.0288311 112.951 
-0.0347467 0.0281503 0.999 7.00646 0.0250568 0.999314 -0.0272876 -2.78585 -0.999082 0.0240836 -0.0354282 112.939 
-0.0374694 0.0249343 0.998987 7.65668 0.0312681 0.999228 -0.0237675 -2.80651 -0.998809 0.0303459 -0.0382201 112.918 
-0.0369764 0.0232745 0.999045 8.31741 0.0328405 0.999217 -0.022063 -2.82812 -0.998776 0.0319934 -0.0377118 112.901 
-0.0350339 0.0229405 0.999123 8.99854 0.0314196 0.999268 -0.0218421 -2.85039 -0.998892 0.0306268 -0.0357291 112.893 
-0.0337843 0.0231973 0.99916 9.69352 0.027824 0.999365 -0.0222612 -2.87485 -0.999042 0.0270486 -0.0344083 112.893 
-0.0326326 0.0245489 0.999166 10.4089 0.0270524 0.999354 -0.02367 -2.89315 -0.999101 0.0262575 -0.0332756 112.885 
-0.0315109 0.025357 0.999182 11.1394 0.0269472 0.999336 -0.0245111 -2.91687 -0.99914 0.0261527 -0.0321732 112.872 
-0.030618 0.0248539 0.999222 11.8865 0.0266018 0.999357 -0.024042 -2.94143 -0.999177 0.025845 -0.0312595 112.865 
-0.0299793 0.0236893 0.99927 12.65 0.0255872 0.99941 -0.0229249 -2.96683 -0.999223 0.0248812 -0.0305678 112.858 
-0.0294089 0.0222731 0.999319 13.4293 0.0264586 0.999419 -0.0214966 -2.99198 -0.999217 0.0258084 -0.0299811 112.848 
-0.0300574 0.0200974 0.999346 14.2155 0.0270084 0.999449 -0.0192871 -3.01764 -0.999183 0.026411 -0.0305836 112.837 
-0.0310869 0.0184275 0.999347 15.0088 0.0246283 0.999541 -0.0176649 -3.04232 -0.999213 0.0240631 -0.0315264 112.827 
-0.032328 0.0173634 0.999327 15.8066 0.0235758 0.999584 -0.0166052 -3.06521 -0.999199 0.0230231 -0.0327239 112.818 
-0.0334956 0.0148751 0.999328 16.6147 0.0260282 0.999563 -0.0140061 -3.08655 -0.9991 0.0255416 -0.0338681 112.8 
-0.0346911 0.0132111 0.999311 17.4378 0.0274558 0.999548 -0.0122611 -3.10987 -0.999021 0.0270115 -0.0350381 112.784 
-0.0365951 0.012302 0.999254 18.266 0.0246905 0.99963 -0.0114024 -3.13653 -0.999025 0.0242549 -0.0368853 112.774 
-0.0374486 0.0170451 0.999153 19.0928 0.0220933 0.999624 -0.0162251 -3.1578 -0.999054 0.0214669 -0.0378111 112.759 
-0.0381382 0.0216566 0.999038 19.9264 0.0232826 0.999513 -0.020778 -3.1824 -0.999001 0.0224677 -0.0386238 112.738 
-0.0391574 0.0232912 0.998962 20.7731 0.0236165 0.999471 -0.0223773 -3.20993 -0.998954 0.0227157 -0.0396867 112.717 
-0.0404274 0.0210506 0.998961 21.6291 0.020184 0.999591 -0.0202471 -3.2398 -0.998979 0.0193445 -0.0408358 112.7 
-0.0414257 0.0167484 0.999001 22.4811 0.0172414 0.999723 -0.0160455 -3.27139 -0.998993 0.0165595 -0.041703 112.683 
-0.0416616 0.0113641 0.999067 23.3318 0.0158889 0.999816 -0.01071 -3.3003 -0.999005 0.0154279 -0.0418346 112.665 
-0.0418267 0.00571042 0.999109 24.1896 0.0123357 0.99991 -0.00519854 -3.32228 -0.999049 0.0121073 -0.0418934 112.646 
-0.0417742 0.0043967 0.999117 25.0439 0.00972325 0.999945 -0.00399376 -3.34665 -0.99908 0.00954783 -0.0418146 112.63 
-0.0406138 0.0112136 0.999112 25.8811 0.0126377 0.999863 -0.0107083 -3.37379 -0.999095 0.0121915 -0.0407499 112.605 
-0.0396027 0.0224561 0.998963 26.7198 0.0149869 0.999648 -0.0218773 -3.39622 -0.999103 0.014105 -0.0399254 112.585 
-0.03863 0.0276411 0.998871 27.5585 0.0172362 0.999487 -0.0269915 -3.42146 -0.999105 0.0161741 -0.0390866 112.559 
-0.0374491 0.0221964 0.999052 28.4048 0.0189962 0.999588 -0.0214962 -3.4517 -0.999118 0.0181731 -0.0378554 112.545 
-0.036558 0.0143574 0.999228 29.2449 0.0220126 0.999666 -0.0135583 -3.48388 -0.999089 0.0214999 -0.0368618 112.527 
-0.0357681 0.0113635 0.999296 30.0754 0.0233386 0.999672 -0.0105324 -3.51028 -0.999088 0.0229454 -0.0360216 112.506 
-0.0358686 0.0120442 0.999284 30.9019 0.0222081 0.99969 -0.0112519 -3.53557 -0.99911 0.0217886 -0.036125 112.49 
-0.0366579 0.0129734 0.999244 31.721 0.0194403 0.999736 -0.0122666 -3.56085 -0.999139 0.018976 -0.0369004 112.478 
-0.0385242 0.0131022 0.999172 32.5422 0.0174074 0.999771 -0.0124389 -3.58594 -0.999106 0.0169138 -0.0387434 112.463 
-0.0405553 0.0129468 0.999093 33.3614 0.016908 0.999782 -0.0122694 -3.61265 -0.999034 0.016395 -0.0407654 112.447 
-0.0427681 0.0132085 0.998998 34.174 0.015897 0.999795 -0.0125384 -3.64011 -0.998959 0.0153448 -0.0429693 112.433 
-0.0446749 0.013626 0.998909 34.9828 0.014517 0.99981 -0.012989 -3.66302 -0.998896 0.0139208 -0.0448642 112.412 
-0.0467685 0.0127432 0.998825 35.7878 0.0128985 0.999843 -0.0121522 -3.69031 -0.998823 0.012315 -0.0469255 112.395 
-0.0487467 0.0115802 0.998744 36.583 0.0135363 0.999849 -0.0109323 -3.7148 -0.998719 0.0129864 -0.048896 112.369 
-0.0504548 0.0116692 0.998658 37.3774 0.0136138 0.999847 -0.0109953 -3.74121 -0.998634 0.0130407 -0.0506059 112.341 
-0.0523481 0.0128458 0.998546 38.1664 0.0136575 0.999833 -0.0121464 -3.76307 -0.998536 0.0130018 -0.0525148 112.316 
-0.0530941 0.0129262 0.998506 38.9463 0.0140523 0.999827 -0.0121961 -3.78939 -0.998491 0.0133838 -0.0532665 112.284 
-0.0541324 0.0117803 0.998464 39.7309 0.0158547 0.999815 -0.0109366 -3.81338 -0.998408 0.0152384 -0.0543091 112.252 
-0.0556219 0.011256 0.998388 40.5102 0.0162777 0.999814 -0.0103652 -3.83506 -0.998319 0.0156749 -0.0557948 112.223 
-0.0569539 0.010831 0.998318 41.278 0.0150162 0.999837 -0.00999077 -3.85833 -0.998264 0.0144219 -0.0571073 112.196 
-0.058081 0.00983559 0.998263 42.0285 0.0133516 0.99987 -0.00907455 -3.88242 -0.998223 0.0128014 -0.0582048 112.168 
-0.0588089 0.00866604 0.998232 42.7701 0.0122147 0.999894 -0.00796083 -3.9046 -0.998195 0.0117249 -0.0589085 112.142 
-0.0595252 0.00839503 0.998192 43.4894 0.012562 0.999892 -0.00766017 -3.92555 -0.998148 0.0120833 -0.0596242 112.112 
-0.0596611 0.0108928 0.998159 44.1965 0.0128169 0.999866 -0.0101453 -3.94957 -0.998136 0.012188 -0.0597927 112.083 
-0.0594583 0.0136574 0.998137 44.9011 0.0131498 0.99983 -0.0128972 -3.97303 -0.998144 0.0123584 -0.0596278 112.052 
-0.0597342 0.0153995 0.998096 45.6114 0.0112823 0.999828 -0.014751 -3.99324 -0.998151 0.0103797 -0.0598976 112.029 
-0.0594938 0.0162269 0.998097 46.3059 0.01211 0.999806 -0.0155328 -4.01616 -0.998155 0.0111628 -0.0596788 111.998 
-0.0597544 0.0160149 0.998085 47.0139 0.0132787 0.999796 -0.0152473 -4.04066 -0.998125 0.0123422 -0.0599548 111.972 
-0.0599014 0.0154634 0.998085 47.7049 0.0142439 0.999791 -0.0146349 -4.0628 -0.998103 0.0133399 -0.0601091 111.943 
-0.06026 0.0156022 0.998061 48.3929 0.0103061 0.999834 -0.0150076 -4.08493 -0.99813 0.0093818 -0.0604108 111.922 
-0.0600055 0.0157071 0.998075 49.0826 0.00780898 0.999853 -0.0152656 -4.11155 -0.998168 0.00687792 -0.0601194 111.898 
-0.0597876 0.0144944 0.998106 49.7733 0.00994083 0.999854 -0.0139243 -4.1327 -0.998162 0.00908949 -0.0599229 111.866 
-0.0609416 0.0139708 0.998044 50.4608 0.0102247 0.999858 -0.0133718 -4.1519 -0.998089 0.0093898 -0.0610758 111.84 
-0.0644176 0.0135055 0.997832 51.134 0.00712153 0.999889 -0.0130735 -4.17399 -0.997898 0.00626392 -0.0645067 111.812 
-0.0694797 0.0132272 0.997496 51.8081 0.00328426 0.99991 -0.0130305 -4.19632 -0.997578 0.00237069 -0.0695168 111.781 
-0.0751664 0.0168739 0.997028 52.4748 0.00684261 0.999842 -0.0164057 -4.21945 -0.997148 0.00558912 -0.07527 111.737 
-0.0815817 0.0197541 0.996471 53.1426 0.00912849 0.999776 -0.0190723 -4.24055 -0.996625 0.00754033 -0.0817438 111.686 
-0.0891012 0.0215235 0.99579 53.8208 0.00865833 0.999745 -0.0208342 -4.26116 -0.995985 0.00676553 -0.0892649 111.64 
-0.0953234 0.0207211 0.995231 54.5042 0.00507512 0.99978 -0.0203297 -4.28468 -0.995433 0.00311302 -0.0954076 111.592 
-0.100719 0.0195928 0.994722 55.1914 0.00469682 0.999804 -0.0192173 -4.30808 -0.994904 0.00273648 -0.100791 111.536 
-0.105168 0.0202841 0.994248 55.8847 0.00250762 0.999794 -0.020132 -4.33051 -0.994451 0.000375946 -0.105197 111.475 
-0.109127 0.0198445 0.99383 56.5864 0.00056248 0.999802 -0.0199019 -4.34972 -0.994028 -0.00161282 -0.109116 111.415 
-0.111787 0.016613 0.993593 57.3017 0.00114706 0.999862 -0.0165887 -4.37213 -0.993732 -0.000714693 -0.111791 111.35 
-0.113458 0.0135257 0.993451 58.0138 0.00311791 0.999907 -0.0132575 -4.39301 -0.993538 0.00159333 -0.113489 111.278 
-0.114735 0.0106598 0.993339 58.7368 0.00291821 0.999942 -0.0103936 -4.41565 -0.993392 0.00170627 -0.114759 111.207 
-0.115938 0.0104998 0.993201 59.4625 0.0020792 0.999945 -0.0103283 -4.43253 -0.993254 0.000867622 -0.115953 111.137 
-0.116048 0.0142581 0.993141 60.1927 0.00402252 0.999896 -0.013885 -4.45245 -0.993235 0.0023836 -0.116093 111.061 
-0.116035 0.0180364 0.993081 60.9312 0.00974406 0.999808 -0.01702 -4.47547 -0.993197 0.00770172 -0.116189 110.979 
-0.11641 0.0229709 0.992936 61.6751 0.0174186 0.999626 -0.0210835 -4.49924 -0.993048 0.0148412 -0.116767 110.893 
-0.116974 0.0241473 0.992841 62.4264 0.0179875 0.999592 -0.0221922 -4.52279 -0.992972 0.0152628 -0.117361 110.815 
-0.117138 0.0218627 0.992875 63.1807 0.0159414 0.99967 -0.0201316 -4.54865 -0.992988 0.0134697 -0.117447 110.74 
-0.116657 0.0170971 0.993025 63.9342 0.0166256 0.999745 -0.0152596 -4.5755 -0.993033 0.0147294 -0.116912 110.658 
-0.11645 0.0150388 0.993083 64.6851 0.0188029 0.99974 -0.0129347 -4.60046 -0.993019 0.0171666 -0.116702 110.577 
-0.117379 0.0145965 0.99298 65.4307 0.0188204 0.999745 -0.0124711 -4.62499 -0.992909 0.0172245 -0.117623 110.501 
-0.118979 0.0154359 0.992777 66.1719 0.0173524 0.999759 -0.0134648 -4.65 -0.992745 0.015625 -0.119218 110.428 
-0.120913 0.0160206 0.992534 66.9136 0.0167819 0.99976 -0.0140928 -4.67351 -0.992521 0.0149526 -0.121153 110.349 
-0.122939 0.0161232 0.992283 67.6567 0.0180709 0.999739 -0.0140054 -4.69857 -0.99225 0.0162097 -0.123199 110.266 
-0.124641 0.0164153 0.992066 68.4012 0.0185016 0.999728 -0.0142175 -4.72047 -0.992029 0.0165828 -0.124911 110.184 
-0.126412 0.0160936 0.991847 69.1498 0.0185523 0.999732 -0.013857 -4.74242 -0.991804 0.0166493 -0.126676 110.099 
-0.127982 0.0163909 0.991641 69.9004 0.016584 0.999759 -0.0143847 -4.76825 -0.991638 0.0146044 -0.128223 110.018 
-0.128925 0.0177629 0.991495 70.654 0.0168727 0.999734 -0.0157165 -4.79484 -0.991511 0.014703 -0.129191 109.933 
-0.129834 0.0181147 0.99137 71.4235 0.0156679 0.999746 -0.0162157 -4.81779 -0.991412 0.0134274 -0.130085 109.851 
-0.131206 0.0185504 0.991182 72.2015 0.0156667 0.999739 -0.0166366 -4.83749 -0.991231 0.0133457 -0.131463 109.769 
-0.132371 0.0170813 0.991053 72.9865 0.0161351 0.999756 -0.0150761 -4.85859 -0.991069 0.013995 -0.132615 109.681 
-0.133552 0.0148208 0.990931 73.7713 0.0137208 0.99982 -0.0131045 -4.88053 -0.990947 0.0118462 -0.133731 109.598 
-0.135267 0.0127479 0.990727 74.5561 0.0106341 0.999878 -0.0114137 -4.90339 -0.990752 0.0089916 -0.135386 109.51 
-0.137468 0.0123154 0.99043 75.3542 0.0120679 0.999869 -0.0107577 -4.92318 -0.990433 0.0104736 -0.137598 109.415 
-0.139157 0.0129684 0.990185 76.1512 0.013433 0.999847 -0.011207 -4.9444 -0.990179 0.0117416 -0.13931 109.316 
-0.141237 0.0143461 0.989872 76.9574 0.0129435 0.999836 -0.0126437 -4.96348 -0.989891 0.0110267 -0.141399 109.215 
-0.142845 0.0179948 0.989581 77.767 0.0145823 0.999764 -0.016075 -4.9859 -0.989638 0.0121341 -0.143074 109.116 
-0.143336 0.0219277 0.989431 78.5805 0.0164545 0.999669 -0.0197709 -5.01185 -0.989537 0.0134468 -0.143649 109.011 
-0.144437 0.0259515 0.989174 79.4 0.017668 0.999564 -0.0236442 -5.03791 -0.989356 0.0140617 -0.144833 108.907 
-0.1441 0.0271569 0.98919 80.2291 0.020006 0.999499 -0.0245255 -5.06582 -0.989361 0.0162557 -0.144571 108.799 
-0.143559 0.0265931 0.989284 81.0647 0.0238573 0.999441 -0.0234041 -5.09689 -0.989354 0.0202418 -0.144113 108.688 
-0.143559 0.0245569 0.989337 81.9126 0.024194 0.99948 -0.0212979 -5.12999 -0.989346 0.0208786 -0.144078 108.582 
-0.143 0.0229816 0.989456 82.7619 0.0235455 0.999526 -0.0198126 -5.15917 -0.989443 0.020464 -0.143473 108.481 
-0.141151 0.0206309 0.989773 83.6114 0.0227418 0.999587 -0.0175922 -5.18749 -0.989727 0.0200261 -0.141561 108.376 
-0.139582 0.0173404 0.990059 84.4702 0.0231714 0.99963 -0.0142412 -5.21589 -0.989939 0.0209532 -0.139932 108.274 
-0.138058 0.0140856 0.990324 85.3314 0.0238382 0.999657 -0.0108951 -5.23998 -0.990137 0.0221034 -0.138346 108.172 
-0.136488 0.013826 0.990545 86.1945 0.0219581 0.999699 -0.0109281 -5.26662 -0.990398 0.0202589 -0.13675 108.075 
-0.135235 0.0179008 0.990652 87.0534 0.0229063 0.999626 -0.0149359 -5.29605 -0.990549 0.0206723 -0.135595 107.976 
-0.133339 0.0242203 0.990774 87.9069 0.0235478 0.999497 -0.0212644 -5.32255 -0.990791 0.0204951 -0.133843 107.88 
-0.131688 0.0276313 0.990906 88.7605 0.0220793 0.999445 -0.0249351 -5.3567 -0.991045 0.0185948 -0.132225 107.779 
-0.130312 0.0252036 0.991153 89.6248 0.0203924 0.999534 -0.0227356 -5.38714 -0.991263 0.0172493 -0.130765 107.683 
-0.129067 0.0225395 0.99138 90.4884 0.0209859 0.99958 -0.0199938 -5.42342 -0.991414 0.0182245 -0.129486 107.588 
-0.128386 0.020899 0.991504 91.3585 0.0220032 0.999592 -0.0182204 -5.45548 -0.99148 0.0194771 -0.128794 107.489 
-0.127486 0.0204551 0.991629 92.2263 0.0213448 0.999612 -0.0178756 -5.48986 -0.991611 0.0188873 -0.127874 107.393 
-0.127014 0.0203901 0.991691 93.0921 0.0205658 0.999628 -0.0179192 -5.52162 -0.991688 0.0181189 -0.127386 107.3 
-0.126357 0.0185708 0.991811 93.9579 0.0231401 0.999608 -0.0157687 -5.55206 -0.991715 0.0209582 -0.126737 107.204 
-0.125038 0.0178073 0.991992 94.8287 0.0258197 0.999559 -0.0146886 -5.58421 -0.991816 0.0237763 -0.125443 107.104 
-0.124299 0.0191088 0.992061 95.6961 0.0279609 0.999485 -0.0157484 -5.61328 -0.991851 0.0257814 -0.124769 107.008 
-0.123074 0.0211956 0.992171 96.5648 0.0287124 0.999429 -0.017789 -5.64376 -0.991982 0.0262983 -0.123612 106.908 
-0.122103 0.0227954 0.992256 97.4307 0.0259864 0.999467 -0.0197632 -5.6722 -0.992177 0.023372 -0.12263 106.817 
-0.121543 0.0186288 0.992411 98.2934 0.0209772 0.999649 -0.0161955 -5.70048 -0.992365 0.0188496 -0.121891 106.735 
-0.121576 0.0167619 0.992441 99.1572 0.0164915 0.999754 -0.0148651 -5.72998 -0.992445 0.0145596 -0.121822 106.651 
-0.122399 0.0169348 0.992337 100.009 0.0130204 0.999796 -0.0154561 -5.76409 -0.992396 0.0110288 -0.122594 106.562 
-0.12339 0.021558 0.992124 100.854 0.0100393 0.99974 -0.0204748 -5.79311 -0.992308 0.00743383 -0.123574 106.475 
-0.124169 0.0240605 0.991969 101.701 0.00934995 0.99969 -0.0230773 -5.82393 -0.992217 0.00640938 -0.124355 106.385 
-0.124518 0.0244306 0.991917 102.537 0.0100417 0.999677 -0.0233611 -5.85881 -0.992167 0.00705161 -0.124723 106.293 
-0.124746 0.02373 0.991905 103.369 0.0115559 0.999681 -0.0224627 -5.89574 -0.992121 0.0086602 -0.12498 106.199 
-0.125094 0.024514 0.991842 104.194 0.0129822 0.99965 -0.0230696 -5.92995 -0.99206 0.00999043 -0.125368 106.106 
-0.125376 0.0275802 0.991726 105.016 0.0143942 0.999559 -0.0259782 -5.96749 -0.992005 0.011018 -0.125718 106.013 
-0.126026 0.0290789 0.991601 105.836 0.0140229 0.999523 -0.027529 -6.00335 -0.991928 0.0104357 -0.126374 105.926 
-0.127219 0.029423 0.991438 106.653 0.0124783 0.999528 -0.0280619 -6.03809 -0.991796 0.00880145 -0.127526 105.841 
-0.129481 0.0286088 0.991169 107.463 0.0110615 0.999563 -0.0274061 -6.07138 -0.99152 0.00741527 -0.129741 105.756 
-0.132504 0.0296098 0.99074 108.259 0.0108992 0.999537 -0.028415 -6.11111 -0.991123 0.00703316 -0.132766 105.663 
-0.135887 0.0323026 0.990198 109.057 0.0105191 0.999459 -0.0311611 -6.14798 -0.990669 0.00618158 -0.136153 105.573 
-0.139351 0.033671 0.989671 109.85 0.00894169 0.999424 -0.0327437 -6.18492 -0.990203 0.00428646 -0.139572 105.482 
-0.142569 0.0337127 0.989211 110.632 0.00937202 0.999421 -0.0327099 -6.22416 -0.98974 0.00460747 -0.142803 105.385 
-0.145437 0.0322833 0.988841 111.414 0.0106919 0.99946 -0.0310574 -6.2647 -0.98931 0.00605569 -0.145703 105.283 
-0.147803 0.0332393 0.988458 112.192 0.0124218 0.999419 -0.0317505 -6.30324 -0.988939 0.00758559 -0.14813 105.176 
-0.149817 0.0376461 0.987997 112.966 0.00775302 0.999289 -0.0369007 -6.34453 -0.988683 0.00213159 -0.150003 105.081 
-0.151455 0.0444741 0.987463 113.736 0.00542776 0.99901 -0.0441616 -6.39031 -0.988449 -0.00132881 -0.151547 104.982 
-0.153908 0.0475297 0.986941 114.5 0.00985773 0.998867 -0.0465667 -6.42978 -0.988036 0.00256199 -0.154203 104.868 
-0.156433 0.0457384 0.986629 115.27 0.0120343 0.998941 -0.0444011 -6.47087 -0.987615 0.00492758 -0.156817 104.754 
-0.159532 0.0379123 0.986465 116.048 0.0104811 0.999271 -0.0367094 -6.51908 -0.987137 0.00448296 -0.159813 104.645 
-0.161851 0.0356887 0.98617 116.822 0.00940991 0.999356 -0.0346215 -6.56733 -0.98677 0.00367623 -0.162083 104.535 
-0.163395 0.0385724 0.985806 117.581 0.00914243 0.999252 -0.0375831 -6.6095 -0.986518 0.00287178 -0.163625 104.421 
-0.166078 0.0420772 0.985215 118.334 0.00665125 0.999114 -0.0415496 -6.64859 -0.98609 -0.000347565 -0.166211 104.31 
-0.168787 0.0444835 0.984648 119.083 0.00599688 0.999009 -0.0441042 -6.69369 -0.985634 -0.00153941 -0.168887 104.198 
-0.170447 0.0486186 0.984167 119.823 0.0100396 0.998816 -0.0476034 -6.74347 -0.985316 0.00176681 -0.170733 104.075 
-0.172156 0.053242 0.98363 120.564 0.0103017 0.998581 -0.0522483 -6.78944 -0.985016 0.0011382 -0.172461 103.956 
-0.175388 0.0553513 0.982942 121.312 0.00957052 0.998467 -0.0545178 -6.8381 -0.984453 -0.000154517 -0.175649 103.846 
-0.177679 0.0530108 0.98266 122.053 0.0105154 0.998593 -0.051969 -6.88669 -0.984032 0.00109931 -0.177986 103.726 
-0.181553 0.0498127 0.982119 122.793 0.014977 0.998741 -0.0478871 -6.93205 -0.983267 0.00601512 -0.182071 103.596 
-0.18729 0.0482908 0.981117 123.533 0.0171977 0.998799 -0.0458782 -6.9811 -0.982154 0.00828039 -0.187896 103.465 
-0.193458 0.0470459 0.97998 124.266 0.015975 0.998868 -0.044799 -7.0274 -0.980979 0.00698849 -0.19399 103.334 
-0.201874 0.0473969 0.978264 124.995 0.0150221 0.998861 -0.0452949 -7.07335 -0.979296 0.00555169 -0.202356 103.197 
-0.212479 0.0477794 0.975997 125.721 0.0143701 0.998849 -0.0457696 -7.11912 -0.97706 0.00430012 -0.212921 103.052 
-0.224304 0.0487114 0.973301 126.439 0.0150188 0.998804 -0.0465266 -7.16341 -0.974404 0.00418172 -0.224767 102.893 
-0.236687 0.0494812 0.970325 127.155 0.0163303 0.998764 -0.046948 -7.2089 -0.971449 0.00473367 -0.237202 102.726 
-0.248447 0.0496761 0.967371 127.863 0.0194765 0.998738 -0.0462847 -7.25183 -0.96845 0.00734174 -0.249101 102.549 
-0.259567 0.0498172 0.964439 128.566 0.0226604 0.998708 -0.0454885 -7.29458 -0.965459 0.0100472 -0.260361 102.364 
-0.269551 0.0496287 0.961706 129.258 0.0270259 0.998668 -0.0439611 -7.34539 -0.962607 0.0141412 -0.270534 102.173 
-0.278287 0.0504278 0.959173 129.956 0.0329301 0.998535 -0.042943 -7.38769 -0.959933 0.0196352 -0.27954 101.971 
-0.285831 0.0503706 0.956955 130.646 0.0379709 0.998429 -0.0412121 -7.43158 -0.957528 0.0245567 -0.287294 101.764 
-0.2923 0.0504873 0.954993 131.334 0.038349 0.998421 -0.0410454 -7.4753 -0.955558 0.0246254 -0.293775 101.564 
-0.296978 0.0486184 0.953646 132.024 0.0420461 0.9984 -0.0378063 -7.51382 -0.953958 0.0288695 -0.298547 101.357 
-0.299096 0.0460213 0.953113 132.709 0.047879 0.998302 -0.0331783 -7.54979 -0.953021 0.0357106 -0.300792 101.143 
-0.300041 0.044754 0.952876 133.384 0.05437 0.998077 -0.0297569 -7.58564 -0.952376 0.0428796 -0.301897 100.928 
-0.30087 0.0431695 0.952688 134.061 0.0567141 0.998017 -0.0273125 -7.62525 -0.951977 0.0458133 -0.302722 100.722 
-0.300495 0.0485815 0.952545 134.723 0.059153 0.997729 -0.0322251 -7.65965 -0.951947 0.0466624 -0.302686 100.52 
-0.299303 0.0518459 0.952748 135.387 0.0588696 0.997624 -0.0357942 -7.69291 -0.95234 0.0453746 -0.301644 100.324 
-0.298568 0.0515603 0.952995 136.042 0.0610811 0.997525 -0.0348331 -7.72933 -0.952432 0.0478099 -0.300979 100.128 
-0.296858 0.0500739 0.953608 136.699 0.06227 0.997514 -0.0329947 -7.7633 -0.952889 0.0495864 -0.299238 99.9331 
-0.294833 0.047243 0.95438 137.353 0.064393 0.997489 -0.0294842 -7.80277 -0.953377 0.0527625 -0.297134 99.7365 
-0.293485 0.0478729 0.954764 137.996 0.0650993 0.997428 -0.0300011 -7.83868 -0.953744 0.0533496 -0.295847 99.5486 
-0.291018 0.0500723 0.955407 138.635 0.0661443 0.997293 -0.0321199 -7.87204 -0.954429 0.0538472 -0.293542 99.3633 
-0.286809 0.0517565 0.956589 139.27 0.0678682 0.997128 -0.0336013 -7.90541 -0.955581 0.0552848 -0.289498 99.1823 
-0.28141 0.0508881 0.958237 139.904 0.0688136 0.997092 -0.0327427 -7.93844 -0.957117 0.0567257 -0.284093 99.0066 
-0.275907 0.049135 0.959928 140.532 0.0701756 0.997057 -0.0308653 -7.9727 -0.958619 0.0588476 -0.278543 98.8359 
-0.271116 0.0472106 0.961388 141.157 0.0699407 0.997123 -0.0292417 -8.00588 -0.960002 0.0593122 -0.273638 98.6692 
-0.267317 0.0463976 0.962491 141.78 0.0699202 0.997141 -0.0286486 -8.03906 -0.961069 0.0596393 -0.269796 98.5121 
-0.26346 0.0446748 0.963635 142.398 0.0704225 0.997152 -0.0269749 -8.07079 -0.962096 0.0607548 -0.265856 98.3547 
-0.259636 0.0433206 0.964734 143.008 0.0739969 0.996949 -0.0248526 -8.09899 -0.962867 0.0649347 -0.262049 98.1963 
-0.256116 0.041692 0.965747 143.625 0.0757541 0.996863 -0.0229453 -8.12663 -0.963673 0.0672826 -0.25847 98.0438 
-0.252848 0.0402356 0.966669 144.231 0.0739421 0.997016 -0.0221579 -8.15821 -0.964676 0.0658749 -0.255069 97.9007 
-0.249278 0.0409374 0.967566 144.826 0.0708384 0.997201 -0.0239408 -8.19121 -0.965838 0.0625729 -0.25148 97.7642 
-0.244465 0.0444559 0.968638 145.418 0.0722007 0.99701 -0.0275359 -8.21853 -0.966966 0.0632047 -0.246944 97.6227 
-0.238767 0.0475146 0.969914 146.002 0.0738701 0.996797 -0.0306466 -8.24621 -0.968263 0.0643302 -0.241512 97.4863 
-0.232165 0.0485256 0.971465 146.589 0.0732619 0.99679 -0.0322822 -8.27485 -0.969913 0.0636766 -0.234975 97.3608 
-0.223884 0.0470033 0.973482 147.179 0.0696548 0.997054 -0.032122 -8.3041 -0.972124 0.0606161 -0.226498 97.247 
