1 2.12261e-08 -2.11895e-08 0 2.12261e-08 1 2.10703e-08 0 -2.11895e-08 2.10703e-08 1 0 
0.999997 -0.00169332 -0.00155389 -0.00706708 0.00169211 0.999998 -0.000806544 -0.00953716 0.00155521 0.000803954 0.999999 0.576875 
0.999994 -0.00207834 -0.00269327 -0.0171402 0.00207191 0.999995 -0.00240491 -0.018325 0.00269821 0.00239936 0.999994 1.15494 
0.999985 -0.00257407 -0.00476009 -0.026115 0.00255652 0.99999 -0.00369976 -0.0312635 0.00476952 0.00368757 0.999982 1.72765 
0.999967 -0.00461586 -0.00668087 -0.0387187 0.00458049 0.999975 -0.00530622 -0.0426796 0.00670515 0.00527548 0.999964 2.29399 
0.99994 -0.00706111 -0.00834575 -0.0504363 0.00699989 0.999949 -0.00734738 -0.0515476 0.00839716 0.00728857 0.999938 2.86283 
0.999918 -0.00830899 -0.00971171 -0.0658957 0.00823071 0.999934 -0.00807682 -0.0624693 0.00977813 0.00799626 0.99992 3.44237 
0.999903 -0.00855164 -0.0110144 -0.0859043 0.00847138 0.999937 -0.00731721 -0.0767519 0.0110763 0.00722323 0.999913 4.02396 
0.999886 -0.00887948 -0.0122196 -0.103907 0.00878705 0.999933 -0.00760071 -0.0946379 0.0122862 0.00749251 0.999896 4.61911 
0.999879 -0.00824144 -0.0131638 -0.128792 0.00810551 0.999914 -0.0103497 -0.108766 0.0132479 0.0102418 0.99986 5.22401 
0.999875 -0.00654241 -0.0144294 -0.15259 0.00633907 0.999881 -0.0140961 -0.126964 0.0145198 0.0140029 0.999797 5.83214 
0.999867 -0.00497817 -0.015515 -0.181173 0.00469897 0.999827 -0.0179827 -0.137428 0.0156018 0.0179075 0.999718 6.44897 
0.999859 -0.00320148 -0.0164811 -0.211218 0.00290305 0.999832 -0.0181021 -0.148566 0.0165363 0.0180518 0.9997 7.08304 
0.999844 -0.000736191 -0.0176482 -0.240332 0.000539404 0.999938 -0.0111551 -0.16109 0.0176553 0.0111439 0.999782 7.73742 
0.999831 0.000108205 -0.0184109 -0.266338 -0.000120687 1 -0.000679158 -0.175575 0.0184107 0.000681307 0.99983 8.40679 
0.99983 0.000972527 -0.0184047 -0.311852 -0.000863702 0.999982 0.00591762 -0.185366 0.0184101 -0.00590068 0.999813 9.08815 
0.999804 0.00307576 -0.0195379 -0.342297 -0.00297889 0.999983 0.00498335 -0.200087 0.0195529 -0.00492413 0.999797 9.77294 
0.999786 0.00500969 -0.0200656 -0.382138 -0.00505993 0.999984 -0.00245578 -0.203654 0.0200529 0.00255682 0.999796 10.4751 
0.999762 0.00477794 -0.0212851 -0.408286 -0.00496233 0.999951 -0.00862018 -0.203635 0.0212428 0.00872379 0.999736 11.1911 
0.999745 0.00282988 -0.0224203 -0.437319 -0.00298689 0.999971 -0.00697468 -0.205159 0.0223998 0.00703991 0.999724 11.934 
0.999737 0.00157246 -0.0228948 -0.465906 -0.00151901 0.999996 0.00234996 -0.214624 0.0228984 -0.00231452 0.999735 12.7057 
0.999728 0.00100163 -0.0233192 -0.496118 -0.000772263 0.999951 0.00984105 -0.22399 0.0233278 -0.00982032 0.99968 13.4853 
0.999715 -4.18948e-05 -0.0238639 -0.531393 0.000333084 0.999926 0.0121965 -0.223644 0.0238615 -0.0122009 0.999641 14.2858 
0.999709 -0.00204124 -0.024042 -0.559165 0.00230982 0.999935 0.011147 -0.223168 0.0240177 -0.0111992 0.999649 15.0982 
0.99972 -0.00248998 -0.023539 -0.589887 0.00269404 0.999959 0.0086398 -0.223202 0.0235164 -0.00870075 0.999686 15.9189 
0.999736 -7.78872e-05 -0.022997 -0.629495 0.000198997 0.999986 0.00526226 -0.22618 0.0229962 -0.0052654 0.999722 16.7625 
0.999751 -0.00320018 -0.022083 -0.656936 0.00319698 0.999995 -0.000182278 -0.23365 0.0220834 0.000111676 0.999756 17.6215 
0.999751 -0.00604279 -0.0214877 -0.685117 0.00590739 0.999962 -0.0063612 -0.244636 0.0215253 0.00623272 0.999749 18.4947 
0.999781 -0.00504713 -0.0202991 -0.719845 0.00480476 0.999917 -0.0119733 -0.253374 0.0203578 0.0118732 0.999722 19.3886 
0.999787 -0.00383751 -0.0202757 -0.753834 0.0035812 0.999913 -0.0126643 -0.272404 0.0203225 0.0125891 0.999714 20.2919 
0.999784 -0.00368459 -0.0204798 -0.788658 0.00343633 0.99992 -0.0121461 -0.293116 0.0205229 0.0120731 0.999717 21.2177 
0.999784 -0.00212686 -0.0206813 -0.823472 0.00184737 0.999907 -0.013526 -0.316008 0.0207081 0.0134849 0.999695 22.1598 
0.999791 0.00065094 -0.0204137 -0.868098 -0.000970879 0.999877 -0.0156688 -0.337895 0.020401 0.0156854 0.999669 23.1191 
0.999774 0.00402983 -0.0208567 -0.906756 -0.00437289 0.999855 -0.0164314 -0.362346 0.0207874 0.0165189 0.999647 24.0863 
0.999765 0.00557341 -0.0209531 -0.94741 -0.00591605 0.999849 -0.0163283 -0.392243 0.0208589 0.0164484 0.999647 25.0656 
0.999752 0.00644346 -0.0213091 -0.985242 -0.00679209 0.999844 -0.0163313 -0.422548 0.0212005 0.016472 0.99964 26.0505 
0.999752 0.00644727 -0.0212973 -1.0273 -0.00679201 0.999846 -0.0161565 -0.452187 0.0211899 0.0162971 0.999643 27.044 
0.999741 0.00727286 -0.0215439 -1.07264 -0.0075989 0.999857 -0.0150928 -0.480243 0.021431 0.0152526 0.999654 28.0561 
0.999729 0.00775497 -0.021938 -1.11217 -0.00804555 0.999881 -0.0131906 -0.507121 0.021833 0.0133636 0.999672 29.0709 
0.999719 0.00851544 -0.0221268 -1.15739 -0.00878237 0.99989 -0.0119962 -0.535487 0.0220222 0.0121872 0.999683 30.0923 
0.999717 0.00840265 -0.0222628 -1.19812 -0.0086953 0.999877 -0.0130829 -0.562398 0.0221501 0.0132728 0.999667 31.1159 
0.999697 0.0097375 -0.0226086 -1.24207 -0.0100571 0.999851 -0.0140663 -0.587845 0.0224682 0.0142895 0.999645 32.1494 
0.999685 0.00935428 -0.0232704 -1.27974 -0.00966054 0.999868 -0.0130854 -0.61515 0.0231449 0.0133061 0.999644 33.1954 
0.999679 0.00851049 -0.0238776 -1.32341 -0.00875878 0.999908 -0.0103149 -0.643455 0.0237876 0.0105208 0.999662 34.2521 
0.999668 0.00905377 -0.0241279 -1.37074 -0.0092185 0.999935 -0.00672688 -0.666464 0.0240653 0.00694712 0.999686 35.3081 
0.999654 0.00905801 -0.0246994 -1.41592 -0.00916618 0.999949 -0.00427114 -0.690437 0.0246594 0.00449611 0.999686 36.3765 
0.999642 0.00907353 -0.0251892 -1.46176 -0.00917136 0.999951 -0.0037724 -0.713915 0.0251537 0.00400211 0.999676 37.4509 
0.999633 0.00868164 -0.025654 -1.5092 -0.00881775 0.999948 -0.00519894 -0.734591 0.0256075 0.00542328 0.999657 38.5309 
0.999612 0.00928823 -0.02628 -1.56064 -0.00944143 0.999939 -0.0057131 -0.754555 0.0262253 0.00595904 0.999638 39.618 
0.999597 0.00887242 -0.0269672 -1.60985 -0.00900006 0.999949 -0.00461716 -0.774446 0.0269248 0.00485804 0.999626 40.7087 
0.999573 0.00908554 -0.0277691 -1.65892 -0.00916157 0.999955 -0.00261346 -0.795644 0.0277441 0.00286679 0.999611 41.8007 
0.999559 0.00927401 -0.0282046 -1.71235 -0.00927761 0.999957 1.72406e-06 -0.819382 0.0282034 0.000259991 0.999602 42.8921 
0.999531 0.010316 -0.0288182 -1.76228 -0.010325 0.999947 -0.000164625 -0.841945 0.0288149 0.000462137 0.999585 43.9767 
0.999509 0.0116949 -0.0290627 -1.81597 -0.0118193 0.999922 -0.00411392 -0.862229 0.0290123 0.00445544 0.999569 45.0522 
0.999498 0.0129353 -0.02891 -1.87076 -0.0131723 0.999881 -0.00802688 -0.884797 0.0288027 0.00840371 0.99955 46.1305 
0.999503 0.0133928 -0.0285522 -1.92586 -0.0136379 0.999872 -0.00840681 -0.908818 0.0284359 0.00879206 0.999557 47.216 
0.999498 0.0138646 -0.0284938 -1.97491 -0.0140299 0.999886 -0.00561118 -0.935526 0.0284127 0.00600817 0.999578 48.3008 
0.999495 0.0145082 -0.0282834 -2.02771 -0.014612 0.999887 -0.00346974 -0.959669 0.0282298 0.00388131 0.999594 49.3883 
0.999517 0.0126876 -0.0283845 -2.07415 -0.0127561 0.999916 -0.00223449 -0.980836 0.0283537 0.00259553 0.999595 50.4806 
0.999532 0.0125084 -0.0279147 -2.12202 -0.0125993 0.999916 -0.00308638 -1.00643 0.0278737 0.00343668 0.999606 51.5709 
0.999547 0.0118203 -0.0276665 -2.17041 -0.0119622 0.999916 -0.00497041 -1.02778 0.0276054 0.00529915 0.999605 52.6571 
0.999549 0.0127698 -0.0271961 -2.22061 -0.0129646 0.999892 -0.00699864 -1.05162 0.0271038 0.00734811 0.999606 53.7576 
0.999569 0.0114199 -0.0270511 -2.26863 -0.0116737 0.999889 -0.00924346 -1.08061 0.0269425 0.0095553 0.999591 54.8534 
0.999585 0.00993024 -0.0270568 -2.31499 -0.0102723 0.999869 -0.0125348 -1.11076 0.0269287 0.0128075 0.999555 55.9461 
0.999601 0.00825408 -0.0270184 -2.35885 -0.00863977 0.999862 -0.0141913 -1.14221 0.0268975 0.0144191 0.999534 57.0381 
0.999613 0.00651643 -0.0270455 -2.40227 -0.00684361 0.999904 -0.012024 -1.17063 0.0269645 0.0122045 0.999562 58.1312 
0.999627 0.00507204 -0.0268287 -2.44708 -0.00523823 0.999968 -0.00612908 -1.19769 0.0267967 0.00626737 0.999621 59.2273 
0.99963 0.00344963 -0.0269957 -2.48753 -0.00345575 0.999994 -0.000181402 -1.22023 0.0269949 0.000274667 0.999636 60.3303 
0.999627 0.00174006 -0.0272415 -2.53019 -0.00172228 0.999998 0.000674657 -1.2408 0.0272426 -0.000627445 0.999629 61.4299 
0.99963 -0.00157268 -0.0271434 -2.57366 0.00151198 0.999996 -0.00225841 -1.26117 0.0271468 0.00221658 0.999629 62.5262 
0.999621 -0.00303801 -0.0273671 -2.62111 0.00288891 0.999981 -0.00548773 -1.2795 0.0273832 0.00540663 0.99961 63.6193 
0.999623 -0.000854338 -0.0274583 -2.68068 0.000592681 0.999954 -0.0095375 -1.30648 0.0274652 0.00951767 0.999577 64.7217 
0.999627 -0.00069213 -0.0273054 -2.73208 0.000310865 0.999902 -0.0139663 -1.33076 0.0273124 0.0139526 0.99953 65.8175 
0.999639 0.0025094 -0.0267539 -2.7869 -0.00290029 0.999889 -0.0145835 -1.36297 0.0267143 0.0146558 0.999536 66.9227 
0.999642 0.00631348 -0.0259855 -2.84038 -0.00659854 0.999919 -0.0109005 -1.39529 0.0259145 0.0110682 0.999603 68.0273 
0.999636 0.00776893 -0.025828 -2.89734 -0.0079972 0.99993 -0.00874803 -1.42522 0.0257582 0.00895144 0.999628 69.1366 
0.99964 0.0069988 -0.0258922 -2.94475 -0.00720788 0.999942 -0.00799204 -1.44997 0.0258347 0.00817583 0.999633 70.2431 
0.999647 0.00548025 -0.0259904 -2.99036 -0.00566288 0.99996 -0.00696007 -1.48114 0.0259511 0.00710484 0.999638 71.3419 
0.999644 0.00408985 -0.02638 -3.03892 -0.00424006 0.999975 -0.00564247 -1.50486 0.0263562 0.00575236 0.999636 72.443 
0.999632 0.00254803 -0.0270221 -3.0796 -0.00264352 0.99999 -0.00350025 -1.53143 0.0270128 0.00357044 0.999629 73.5423 
0.999616 0.00125986 -0.0276812 -3.13271 -0.00130781 0.999998 -0.00171588 -1.55538 0.027679 0.00175146 0.999615 74.6536 
0.999594 0.000330599 -0.0284802 -3.17961 -0.000418357 0.999995 -0.00307694 -1.57934 0.028479 0.00308765 0.99959 75.753 
0.999574 0.000735561 -0.0291885 -3.23314 -0.000934633 0.999976 -0.00680861 -1.60459 0.0291827 0.00683303 0.999551 76.8457 
0.999548 0.00148231 -0.0300373 -3.28336 -0.00174961 0.999959 -0.00887578 -1.6304 0.0300229 0.00892436 0.999509 77.9288 
0.999518 0.00324351 -0.0308693 -3.33647 -0.00346866 0.999968 -0.00724451 -1.65796 0.0308448 0.00734814 0.999497 79.0184 
0.999491 0.0044264 -0.031597 -3.38678 -0.00452121 0.999986 -0.00293122 -1.68435 0.0315835 0.00307263 0.999496 80.1184 
0.99947 0.00568537 -0.0320541 -3.4502 -0.00565372 0.999983 0.00107654 -1.70965 0.0320597 -0.000894699 0.999486 81.2154 
0.999439 0.00662878 -0.032823 -3.50424 -0.00657632 0.999977 0.0017047 -1.7326 0.0328335 -0.00148785 0.99946 82.3021 
0.999419 0.00647662 -0.0334696 -3.55999 -0.00649621 0.999979 -0.000477845 -1.74859 0.0334658 0.000695036 0.99944 83.3779 
0.999401 0.00647209 -0.0340081 -3.61529 -0.00652081 0.999978 -0.00132334 -1.76743 0.0339987 0.00154434 0.999421 84.4419 
0.999377 0.00576546 -0.034817 -3.66322 -0.00581873 0.999982 -0.00142999 -1.79019 0.0348081 0.00163174 0.999393 85.4983 
0.999356 0.00476225 -0.0355784 -3.71833 -0.00480469 0.999988 -0.00110873 -1.81442 0.0355726 0.001279 0.999366 86.5439 
0.999337 0.00356823 -0.0362244 -3.76929 -0.00356565 0.999994 0.000134655 -1.83171 0.0362246 -5.3595e-06 0.999344 87.5693 
0.999316 0.00385481 -0.0367741 -3.82815 -0.00374982 0.999989 0.00292223 -1.8567 0.0367849 -0.00278229 0.999319 88.5729 
0.999282 0.0028867 -0.0377909 -3.88175 -0.00274894 0.999989 0.00369576 -1.8755 0.0378011 -0.00358917 0.999279 89.5606 
0.9992 0.00221129 -0.0399427 -3.93644 -0.00204768 0.999989 0.00413548 -1.89731 0.0399514 -0.00405034 0.999193 90.5263 
0.999071 0.00152336 -0.0430647 -3.99559 -0.00139261 0.999994 0.00306516 -1.91391 0.043069 -0.0030023 0.999068 91.469 
0.998916 0.00157574 -0.0465135 -4.05408 -0.00147656 0.999997 0.0021657 -1.93331 0.0465167 -0.00209463 0.998915 92.39 
0.99877 0.00114476 -0.0495692 -4.11516 -0.00102777 0.999997 0.00238478 -1.94973 0.0495717 -0.00233086 0.998768 93.2889 
0.998616 0.00235206 -0.0525495 -4.18175 -0.00216786 0.999991 0.00356111 -1.9705 0.0525574 -0.00344221 0.998612 94.1528 
0.998439 0.00329522 -0.0557512 -4.24426 -0.00304056 0.999985 0.00465127 -1.9888 0.0557656 -0.00447445 0.998434 95.0018 
0.998263 0.0041382 -0.0587679 -4.30873 -0.00377509 0.999973 0.00628777 -2.00712 0.0587923 -0.00605496 0.998252 95.8264 
0.998103 0.00559766 -0.0613199 -4.37723 -0.00518716 0.999963 0.00685073 -2.01644 0.0613559 -0.00651961 0.998095 96.6197 
0.997941 0.00757952 -0.0636882 -4.44645 -0.00712942 0.999948 0.00729096 -2.03306 0.0637401 -0.00682184 0.997943 97.3864 
0.997749 0.0094342 -0.0663929 -4.5132 -0.0090376 0.99994 0.00627073 -2.05076 0.066448 -0.00565654 0.997774 98.1251 
0.997567 0.0107281 -0.0688877 -4.57961 -0.0105774 0.999941 0.00255105 -2.06638 0.0689109 -0.00181615 0.997621 98.8322 
0.997376 0.0132705 -0.071167 -4.64997 -0.0134001 0.999909 -0.00134485 -2.08011 0.0711427 0.002295 0.997464 99.5086 
0.997211 0.0150582 -0.0731047 -4.71399 -0.0153835 0.999874 -0.00389003 -2.09475 0.0730369 0.00500383 0.997317 100.154 
0.997114 0.0171595 -0.0739606 -4.77245 -0.0175735 0.999833 -0.00495082 -2.10798 0.0738633 0.00623631 0.997249 100.779 
0.997132 0.0194188 -0.0731527 -4.82972 -0.019805 0.999794 -0.00455793 -2.12277 0.0730491 0.00599369 0.99731 101.377 
0.997275 0.0230815 -0.0700658 -4.88754 -0.0233599 0.999722 -0.00315666 -2.13931 0.0699735 0.00478483 0.997537 101.951 
0.997574 0.0257542 -0.0646821 -4.93099 -0.0259126 0.999663 -0.00161076 -2.15512 0.0646188 0.00328297 0.997905 102.505 
0.998005 0.0265251 -0.0572985 -4.96733 -0.0265669 0.999647 3.14603e-05 -2.16451 0.0572791 0.00149089 0.998357 103.032 
0.998521 0.0262408 -0.0476251 -4.99363 -0.026149 0.999655 0.0025488 -2.177 0.0476755 -0.00129964 0.998862 103.537 
0.999023 0.0260874 -0.0356657 -5.01722 -0.025971 0.999656 0.00372179 -2.18665 0.0357504 -0.00279184 0.999357 104.013 
0.999437 0.0250513 -0.0223302 -5.02402 -0.0249718 0.999681 0.00382844 -2.19864 0.022419 -0.00326862 0.999743 104.474 
0.999661 0.0249949 -0.0072313 -5.02314 -0.024973 0.999683 0.0030893 -2.21187 0.00730618 -0.00290763 0.999969 104.909 
0.99966 0.0237144 0.0108881 -5.01251 -0.0237168 0.999719 0.000100953 -2.22387 -0.0108827 -0.000359107 0.999941 105.333 
0.999221 0.0231528 0.0319587 -4.98676 -0.0230197 0.999725 -0.00452431 -2.23503 -0.0320547 0.00378515 0.999479 105.742 
0.998184 0.021242 0.0563718 -4.95134 -0.0207511 0.999742 -0.00927734 -2.24595 -0.0565543 0.00809076 0.998367 106.14 
0.996332 0.0187093 0.0834997 -4.89875 -0.0177774 0.999771 -0.0118892 -2.25854 -0.0837031 0.0103612 0.996437 106.534 
0.993424 0.0161344 0.113349 -4.83257 -0.0147453 0.999806 -0.0130824 -2.26956 -0.113538 0.011325 0.993469 106.918 
0.989214 0.0138364 0.145822 -4.75354 -0.0117959 0.99982 -0.014848 -2.28358 -0.146001 0.0129678 0.989199 107.29 
0.983301 0.0113272 0.181633 -4.66096 -0.00849294 0.99983 -0.0163742 -2.29685 -0.181787 0.0145582 0.98323 107.658 
0.975395 0.00815291 0.220313 -4.55742 -0.00455648 0.999848 -0.0168272 -2.31033 -0.220417 0.0154094 0.975284 108.008 
0.96544 0.00599642 0.260558 -4.43728 -0.00144288 0.999843 -0.0176637 -2.32476 -0.260623 0.0166774 0.965297 108.352 
0.953041 0.00689065 0.302762 -4.31093 -0.00129145 0.999825 -0.0186899 -2.34 -0.302838 0.0174213 0.952883 108.688 
0.937659 0.00885239 0.347444 -4.17415 -0.00239247 0.999816 -0.0190172 -2.35685 -0.347548 0.0170004 0.937508 109.008 
0.919756 0.0089029 0.39239 -4.01941 -0.00209133 0.99984 -0.0177831 -2.3688 -0.392486 0.0155355 0.919627 109.315 
0.899318 0.00823495 0.437218 -3.84707 -0.00111807 0.999863 -0.0165324 -2.38123 -0.437294 0.0143791 0.899204 109.613 
0.875963 0.0069887 0.482327 -3.66156 0.00128551 0.999858 -0.016822 -2.39707 -0.482376 0.0153555 0.87583 109.894 
0.85033 0.00746102 0.526196 -3.46605 0.00291306 0.999817 -0.018884 -2.41178 -0.526241 0.0175905 0.850153 110.167 
0.82221 0.00963157 0.569103 -3.25814 0.00348003 0.999753 -0.0219477 -2.43042 -0.569173 0.0200261 0.821974 110.429 
0.790924 0.0144425 0.611744 -3.03736 0.00199613 0.999655 -0.0261813 -2.44565 -0.611912 0.0219286 0.790622 110.686 
0.756415 0.020861 0.653759 -2.80002 -0.0012831 0.999537 -0.0304099 -2.45438 -0.654091 0.0221637 0.756092 110.936 
0.718519 0.0255562 0.695038 -2.54353 -0.00336224 0.999441 -0.033273 -2.46452 -0.6955 0.0215704 0.718203 111.174 
0.678438 0.0259083 0.734201 -2.2681 -0.00139738 0.999422 -0.033976 -2.47974 -0.734657 0.0220246 0.678081 111.396 
0.636558 0.0233857 0.770874 -1.96708 0.00264283 0.999468 -0.0325027 -2.49316 -0.771224 0.0227272 0.636158 111.604 
0.591757 0.0215483 0.805828 -1.65602 0.00388626 0.999555 -0.0295825 -2.50417 -0.806107 0.0206373 0.59141 111.802 
0.544638 0.0201444 0.838429 -1.33436 0.00466669 0.999623 -0.0270488 -2.51441 -0.838658 0.0186445 0.544339 111.982 
0.49594 0.0177273 0.868176 -0.996022 0.00616047 0.999695 -0.0239318 -2.52793 -0.868335 0.0172171 0.495679 112.145 
0.444331 0.0139236 0.895755 -0.644846 0.0080937 0.999776 -0.0195553 -2.54689 -0.895826 0.015939 0.444118 112.292 
0.391896 0.0141122 0.919901 -0.28059 0.0055513 0.999828 -0.0177033 -2.56313 -0.919993 0.0120445 0.39175 112.428 
0.340193 0.0190236 0.940163 0.0813382 0.00182913 0.99978 -0.0208918 -2.57875 -0.940354 0.00882692 0.340084 112.54 
0.289244 0.0240946 0.956952 0.462377 0.00090327 0.999676 -0.0254433 -2.59274 -0.957255 0.00822374 0.289129 112.632 
0.242061 0.0261498 0.969909 0.856829 0.00202408 0.999621 -0.027456 -2.61038 -0.970259 0.00860918 0.241916 112.71 
0.2005 0.0256613 0.979358 1.26386 0.00921761 0.999563 -0.0280777 -2.62757 -0.97965 0.0146569 0.200176 112.763 
0.165231 0.0256339 0.985922 1.6949 0.0169298 0.999441 -0.0288227 -2.64013 -0.98611 0.0214539 0.164705 112.806 
0.134854 0.0269344 0.990499 2.14428 0.0212938 0.999321 -0.0300733 -2.65135 -0.990637 0.025147 0.134189 112.845 
0.106637 0.0254367 0.993973 2.60814 0.0192643 0.999432 -0.0276431 -2.66719 -0.994111 0.022096 0.106087 112.889 
0.0809964 0.021999 0.996472 3.09347 0.013139 0.999646 -0.023137 -2.68139 -0.996628 0.0149666 0.0806786 112.933 
0.0571213 0.0180786 0.998204 3.60264 0.00802304 0.999795 -0.0185665 -2.69846 -0.998335 0.00906917 0.0569645 112.966 
0.0344574 0.0157568 0.999282 4.1307 0.0123613 0.999793 -0.0161911 -2.71371 -0.99933 0.0129103 0.0342555 112.978 
0.0141742 0.0164117 0.999765 4.66482 0.0201102 0.999658 -0.016695 -2.7322 -0.999697 0.0203421 0.0138393 112.97 
-0.00302384 0.0188149 0.999818 5.22102 0.0251024 0.999509 -0.0187331 -2.7501 -0.99968 0.0250412 -0.00349465 112.956 
-0.0174185 0.0243447 0.999552 5.80063 0.0255825 0.999387 -0.0238948 -2.76162 -0.999521 0.0251548 -0.0180306 112.949 
-0.0284551 0.0290387 0.999173 6.39569 0.0227528 0.999338 -0.0283955 -2.77482 -0.999336 0.021926 -0.029097 112.943 
-0.0349874 0.0289503 0.998968 7.02566 0.0252677 0.999286 -0.0280745 -2.7892 -0.999068 0.0242593 -0.035694 112.931 
-0.0377052 0.0257359 0.998957 7.67585 0.0314811 0.999203 -0.0245539 -2.81038 -0.998793 0.0305224 -0.0384853 112.91 
-0.0372109 0.0240765 0.999017 8.33656 0.0330531 0.999192 -0.0228495 -2.8325 -0.998761 0.0321703 -0.0379766 112.893 
-0.0352696 0.0237423 0.999096 9.01767 0.0316306 0.999243 -0.0226291 -2.85531 -0.998877 0.0308039 -0.0359939 112.884 
-0.0340229 0.0239982 0.999133 9.71263 0.0280341 0.999341 -0.0230485 -2.88032 -0.999028 0.0272256 -0.0346733 112.884 
-0.0328718 0.0253496 0.999138 10.4279 0.0272616 0.999329 -0.0244575 -2.89919 -0.999088 0.0264341 -0.0335408 112.876 
-0.0317502 0.0261576 0.999154 11.1585 0.0271554 0.999311 -0.0252988 -2.92349 -0.999127 0.0263292 -0.0324386 112.863 
-0.0308576 0.0256544 0.999195 11.9055 0.0268094 0.999332 -0.0248299 -2.94865 -0.999164 0.0260216 -0.0315247 112.856 
-0.0302197 0.0244896 0.999243 12.6691 0.0257942 0.999386 -0.023713 -2.97465 -0.99921 0.0250581 -0.0308328 112.849 
-0.0296486 0.0230737 0.999294 13.4483 0.0266652 0.999396 -0.0222849 -3.00042 -0.999205 0.0259857 -0.0302459 112.838 
-0.0302967 0.0208982 0.999323 14.2345 0.0272155 0.999428 -0.0200753 -3.0267 -0.99917 0.0265889 -0.0308481 112.827 
-0.031328 0.0192277 0.999324 15.0278 0.0248362 0.999521 -0.0184529 -3.052 -0.999201 0.0242414 -0.0317906 112.817 
-0.03257 0.0181634 0.999304 15.8255 0.0237847 0.999566 -0.0173929 -3.07553 -0.999186 0.0232017 -0.0329879 112.808 
-0.0337356 0.0156757 0.999308 16.6336 0.026238 0.999546 -0.0147936 -3.09751 -0.999086 0.0257208 -0.0341316 112.79 
-0.03493 0.0140121 0.999292 17.4567 0.0276665 0.999532 -0.0130484 -3.12147 -0.999007 0.0271912 -0.0353013 112.773 
-0.0368361 0.0131023 0.999235 18.2849 0.0249028 0.999616 -0.0121893 -3.14879 -0.999011 0.0244348 -0.0371482 112.763 
-0.0376917 0.0178447 0.99913 19.1116 0.0223062 0.999606 -0.0170117 -3.17071 -0.99904 0.0216456 -0.0380749 112.747 
-0.0383803 0.0224564 0.999011 19.9452 0.0234961 0.999491 -0.0215644 -3.19597 -0.998987 0.0226452 -0.0388884 112.726 
-0.0393993 0.024091 0.998933 20.7919 0.0238308 0.999448 -0.0231635 -3.22417 -0.998939 0.0228927 -0.0399516 112.706 
-0.0409497 0.0217959 0.998923 21.6436 0.0203153 0.999574 -0.0209773 -3.2545 -0.998955 0.0194345 -0.041375 112.694 
-0.0420185 0.0174686 0.998964 22.4941 0.0173665 0.999709 -0.0167511 -3.28742 -0.998966 0.0166447 -0.0423096 112.679 
-0.0422554 0.0120836 0.999034 23.3448 0.0160142 0.999807 -0.0114156 -3.31693 -0.998979 0.0155164 -0.0424407 112.66 
-0.042423 0.00642798 0.999079 24.2025 0.0124611 0.999905 -0.00590412 -3.33952 -0.999022 0.0121992 -0.0424991 112.64 
-0.0423724 0.00511273 0.999089 25.0568 0.00984863 0.999941 -0.00469936 -3.3645 -0.999053 0.00964053 -0.0424202 112.624 
-0.0412099 0.0119312 0.999079 25.8939 0.0127622 0.999853 -0.011414 -3.39224 -0.999069 0.0122801 -0.0413562 112.599 
-0.0401972 0.0231747 0.998923 26.7326 0.0151108 0.999631 -0.022583 -3.41526 -0.999078 0.0141867 -0.0405325 112.578 
-0.0392229 0.0283608 0.998828 27.5713 0.0173594 0.999466 -0.0276971 -3.44109 -0.99908 0.0162527 -0.0396942 112.552 
-0.0380408 0.0229174 0.999013 28.4175 0.0191185 0.999571 -0.0222021 -3.47192 -0.999093 0.018255 -0.0384626 112.537 
-0.0371475 0.0150805 0.999196 29.2576 0.0221343 0.999653 -0.0142644 -3.5047 -0.999065 0.0215866 -0.0374684 112.518 
-0.0363567 0.0120875 0.999266 30.0881 0.0234597 0.999662 -0.0112387 -3.53169 -0.999064 0.0230339 -0.0366279 112.497 
-0.036458 0.0127675 0.999254 30.9145 0.0223293 0.999679 -0.0119582 -3.55757 -0.999086 0.0218767 -0.0367313 112.481 
-0.0372492 0.013695 0.999212 31.7337 0.0195621 0.999725 -0.0129727 -3.58342 -0.999115 0.0190635 -0.0375069 112.468 
-0.0391169 0.0138226 0.999139 32.5548 0.0175304 0.99976 -0.0131448 -3.6091 -0.999081 0.0170012 -0.0393498 112.453 
-0.0411484 0.0136669 0.99906 33.374 0.0170325 0.999771 -0.0129751 -3.63639 -0.999008 0.0164825 -0.0413717 112.436 
-0.0433618 0.0139279 0.998962 34.1865 0.016023 0.999784 -0.0132438 -3.66442 -0.998931 0.0154321 -0.0435756 112.421 
-0.0452695 0.0143446 0.998872 34.9953 0.0146444 0.999799 -0.0136941 -3.6879 -0.998868 0.0140079 -0.0454705 112.4 
-0.0473642 0.0134609 0.998787 35.8002 0.0130274 0.999833 -0.0128571 -3.71576 -0.998793 0.0124026 -0.0475317 112.382 
-0.0493419 0.0122982 0.998706 36.5954 0.0136666 0.999839 -0.0116369 -3.74082 -0.998688 0.0130748 -0.0495021 112.356 
-0.0510499 0.0123873 0.998619 37.3898 0.0137453 0.999837 -0.0116997 -3.76779 -0.998602 0.013129 -0.0512119 112.328 
-0.0529432 0.0135639 0.998505 38.1788 0.0137903 0.999822 -0.0128505 -3.79021 -0.998502 0.0130893 -0.0531208 112.302 
-0.0536888 0.0136445 0.998465 38.9586 0.0141857 0.999816 -0.0129001 -3.81708 -0.998457 0.0134713 -0.0538725 112.269 
-0.0547258 0.0124997 0.998423 39.7432 0.0159888 0.999804 -0.0116405 -3.84162 -0.998373 0.0153266 -0.0549149 112.237 
-0.056215 0.0119757 0.998347 40.5225 0.0164128 0.999804 -0.0110689 -3.86385 -0.998284 0.0157634 -0.0564005 112.208 
-0.0575478 0.0115499 0.998276 41.2903 0.0151523 0.999828 -0.0106943 -3.88767 -0.998228 0.0145107 -0.0577129 112.18 
-0.0586761 0.0105535 0.998221 42.0407 0.0134885 0.999861 -0.00977797 -3.91229 -0.998186 0.0128908 -0.0588103 112.152 
-0.0594047 0.00938335 0.99819 42.7823 0.0123521 0.999886 -0.00866415 -3.93499 -0.998158 0.011815 -0.0595139 112.125 
-0.0601208 0.00911255 0.99815 43.5015 0.0126999 0.999884 -0.00836341 -3.95645 -0.99811 0.0121736 -0.0602296 112.095 
-0.0602565 0.0116104 0.998115 44.2086 0.0129549 0.999857 -0.0108485 -3.98097 -0.998099 0.0122768 -0.0603983 112.066 
-0.0600535 0.014375 0.998092 44.9131 0.0132876 0.999819 -0.0136004 -4.00493 -0.998107 0.0124455 -0.0602337 112.034 
-0.060381 0.0160206 0.998047 45.6222 0.0112483 0.999819 -0.0153684 -4.02731 -0.998112 0.0102983 -0.0605502 112.012 
-0.0601401 0.0168484 0.998048 46.3167 0.0120758 0.999797 -0.0161502 -4.05066 -0.998117 0.0110809 -0.0603313 111.98 
-0.0604 0.0166372 0.998036 47.0246 0.0132447 0.999786 -0.0158647 -4.0756 -0.998086 0.0122604 -0.0606074 111.954 
-0.0605464 0.0160863 0.998036 47.7156 0.01421 0.999783 -0.0152524 -4.09816 -0.998064 0.0132586 -0.0607618 111.924 
-0.0609074 0.0162226 0.998012 48.4036 0.0102724 0.999825 -0.0156251 -4.12072 -0.998091 0.00930032 -0.0610634 111.903 
-0.0606545 0.0163258 0.998025 49.0932 0.0077751 0.999844 -0.015883 -4.14777 -0.998129 0.00679637 -0.060772 111.879 
-0.0604353 0.0151146 0.998058 49.7838 0.00990682 0.999845 -0.0145418 -4.16934 -0.998123 0.00900874 -0.0605757 111.846 
-0.061589 0.0145912 0.997995 50.4714 0.0101914 0.99985 -0.0139893 -4.18897 -0.99805 0.00930939 -0.0617285 111.82 
-0.0650668 0.0141239 0.997781 51.1445 0.00709039 0.999881 -0.0136912 -4.21147 -0.997856 0.00618381 -0.0651593 111.791 
-0.070131 0.0138431 0.997442 51.8186 0.00325625 0.999902 -0.0136482 -4.23422 -0.997533 0.00229076 -0.0701692 111.76 
-0.0758153 0.0174918 0.996968 52.4853 0.00681812 0.999832 -0.0170235 -4.25776 -0.997099 0.00550681 -0.0759218 111.715 
-0.0822288 0.0203733 0.996405 53.153 0.00910798 0.999765 -0.0196903 -4.27928 -0.996572 0.00745613 -0.082395 111.664 
-0.0897482 0.0221421 0.995718 53.8312 0.00864249 0.999733 -0.0214523 -4.30031 -0.995927 0.00668018 -0.0899155 111.618 
-0.0959722 0.0213373 0.995155 54.5145 0.00506314 0.999768 -0.0209479 -4.32425 -0.995371 0.00302819 -0.096058 111.569 
-0.101367 0.0202089 0.994644 55.2016 0.00468819 0.999792 -0.0198356 -4.34807 -0.994838 0.00265239 -0.101441 111.513 
-0.105818 0.0208986 0.994166 55.8949 0.00250176 0.999782 -0.0207503 -4.37093 -0.994382 0.000291405 -0.105847 111.451 
-0.109777 0.0204576 0.993746 56.5965 0.000559081 0.999789 -0.0205203 -4.39058 -0.993956 -0.00169708 -0.109766 111.39 
-0.112437 0.0172268 0.99351 57.3118 0.00114532 0.999851 -0.0172071 -4.41343 -0.993658 -0.000796834 -0.11244 111.325 
-0.114106 0.014141 0.993368 58.0238 0.00311721 0.999899 -0.0138759 -4.43476 -0.993464 0.0015132 -0.114139 111.253 
-0.115384 0.0112752 0.993257 58.7468 0.0029183 0.999935 -0.011012 -4.45785 -0.993317 0.00162802 -0.115409 111.181 
-0.116587 0.0111146 0.993118 59.4725 0.00208004 0.999938 -0.0109467 -4.47518 -0.993178 0.000789479 -0.116603 111.11 
-0.116696 0.0148739 0.993056 60.2025 0.00402343 0.999887 -0.0145034 -4.49555 -0.99316 0.002303 -0.116743 111.034 
-0.11668 0.0186557 0.992994 60.9409 0.00974496 0.999797 -0.0176384 -4.51904 -0.993122 0.00761865 -0.116838 110.952 
-0.11705 0.0235947 0.992846 61.6848 0.0174197 0.999613 -0.0217018 -4.54326 -0.992973 0.0147549 -0.117416 110.865 
-0.117613 0.0247714 0.992751 62.436 0.017989 0.999578 -0.0228105 -4.56728 -0.992897 0.0151758 -0.118009 110.787 
-0.117778 0.0224857 0.992785 63.1903 0.015943 0.999658 -0.0207499 -4.59361 -0.992912 0.0133841 -0.118096 110.712 
-0.117298 0.0177209 0.992939 63.9437 0.0166269 0.999736 -0.015878 -4.62092 -0.992958 0.014647 -0.117561 110.629 
-0.117089 0.0156642 0.992998 64.6946 0.0188041 0.999731 -0.0135531 -4.64636 -0.992943 0.0170855 -0.117352 110.548 
-0.118017 0.0152219 0.992895 65.4401 0.0188222 0.999737 -0.0130895 -4.67135 -0.992833 0.0171436 -0.118273 110.471 
-0.119619 0.0160603 0.99269 66.1812 0.0173551 0.99975 -0.0140832 -4.69682 -0.992668 0.0155436 -0.119868 110.397 
-0.121553 0.0166446 0.992445 66.9229 0.0167859 0.999751 -0.0147112 -4.72079 -0.992443 0.0148709 -0.121802 110.318 
-0.123578 0.016748 0.992194 67.6659 0.0180761 0.99973 -0.0146238 -4.74631 -0.99217 0.0161279 -0.123847 110.235 
-0.125279 0.0170403 0.991975 68.4104 0.0185079 0.999719 -0.0148359 -4.76868 -0.991949 0.0165008 -0.12556 110.152 
-0.12705 0.0167187 0.991755 69.1589 0.0185597 0.999723 -0.0144753 -4.7911 -0.991723 0.0165676 -0.127325 110.067 
-0.128621 0.0170146 0.991548 69.9094 0.0165924 0.99975 -0.015003 -4.81739 -0.991555 0.0145224 -0.128871 109.985 
-0.129564 0.0183867 0.991401 70.6629 0.0168817 0.999724 -0.0163348 -4.84445 -0.991427 0.0146201 -0.129839 109.899 
-0.130474 0.0187376 0.991275 71.4323 0.0156774 0.999735 -0.016834 -4.86788 -0.991328 0.0133443 -0.130733 109.817 
-0.132022 0.0191962 0.991061 72.2097 0.0155511 0.99973 -0.0172925 -4.8862 -0.991125 0.0131291 -0.132284 109.74 
-0.133186 0.0177277 0.990933 72.9946 0.0160202 0.999748 -0.0157322 -4.90781 -0.990962 0.0137796 -0.133437 109.651 
-0.134368 0.0154654 0.990811 73.7794 0.0136067 0.999813 -0.0137606 -4.93027 -0.990838 0.0116327 -0.134554 109.567 
-0.136085 0.0133902 0.990607 74.564 0.0105212 0.999872 -0.01207 -4.95364 -0.990641 0.00877978 -0.136209 109.478 
-0.138285 0.0129589 0.990308 75.3621 0.0119564 0.999863 -0.0114144 -4.97395 -0.99032 0.0102621 -0.138421 109.382 
-0.139973 0.013613 0.990062 76.159 0.0133227 0.999841 -0.0118639 -4.9957 -0.990066 0.0115296 -0.140132 109.283 
-0.142053 0.0149901 0.989746 76.965 0.0128345 0.999829 -0.0133007 -5.01532 -0.989776 0.0108135 -0.142221 109.182 
-0.14366 0.0186397 0.989452 77.7746 0.0144744 0.999755 -0.0167322 -5.03827 -0.989521 0.0119179 -0.143895 109.082 
-0.144149 0.0225736 0.989299 78.5879 0.016347 0.999658 -0.0204281 -5.06476 -0.989421 0.0132273 -0.144469 108.976 
-0.14525 0.0265979 0.989038 79.4074 0.0175612 0.99955 -0.0243015 -5.09136 -0.989239 0.0138389 -0.145651 108.871 
-0.144911 0.027805 0.989054 80.2363 0.019899 0.999485 -0.0251827 -5.11982 -0.989245 0.0160319 -0.14539 108.762 
-0.144368 0.0272445 0.989149 81.0718 0.0237499 0.999428 -0.0240613 -5.15144 -0.989239 0.0200185 -0.144932 108.651 
-0.144367 0.0252089 0.989203 81.9197 0.0240867 0.999469 -0.0219552 -5.1851 -0.989231 0.020657 -0.144898 108.545 
-0.143809 0.0236333 0.989323 82.7689 0.0234378 0.999516 -0.0204698 -5.21484 -0.989328 0.0202438 -0.144293 108.442 
-0.14196 0.0212822 0.989644 83.6182 0.0226328 0.999577 -0.0182492 -5.24372 -0.989614 0.0198078 -0.142382 108.337 
-0.140392 0.0179925 0.989933 84.4769 0.0230613 0.999623 -0.0148981 -5.27268 -0.989827 0.0207376 -0.140754 108.235 
-0.138867 0.0147388 0.990201 85.338 0.0237271 0.999652 -0.0115519 -5.29734 -0.990027 0.0218905 -0.139168 108.132 
-0.137298 0.0144776 0.990424 86.201 0.021846 0.999694 -0.0115846 -5.32455 -0.990289 0.0200463 -0.137573 108.034 
-0.136045 0.0185527 0.990529 87.0598 0.0227933 0.999619 -0.0155923 -5.35455 -0.99044 0.0204562 -0.136416 107.934 
-0.13415 0.024872 0.990649 87.9132 0.0234336 0.999485 -0.0219205 -5.38161 -0.990684 0.0202738 -0.134663 107.837 
-0.1325 0.0282814 0.99078 88.7667 0.021964 0.999431 -0.025591 -5.41632 -0.99094 0.0183707 -0.133045 107.736 
-0.131124 0.0258526 0.991029 89.6309 0.0202762 0.999521 -0.0233913 -5.44732 -0.991159 0.0170272 -0.131586 107.639 
-0.129745 0.0231914 0.991276 90.5002 0.0208733 0.999569 -0.0206533 -5.48326 -0.991328 0.0180115 -0.130173 107.538 
-0.129064 0.0215518 0.991402 91.3703 0.0218901 0.999582 -0.0188798 -5.5159 -0.991395 0.0192652 -0.129482 107.439 
-0.128165 0.0211075 0.991528 92.238 0.0212311 0.999603 -0.018535 -5.55085 -0.991526 0.0186757 -0.128562 107.342 
-0.127693 0.0210419 0.991591 93.1037 0.0204518 0.999618 -0.0185785 -5.58318 -0.991603 0.0179074 -0.128074 107.249 
-0.127034 0.0192246 0.991712 93.9694 0.0230257 0.9996 -0.016428 -5.6142 -0.991631 0.0207479 -0.127426 107.152 
-0.125713 0.018463 0.991895 94.8401 0.0257043 0.999552 -0.0153477 -5.64693 -0.991734 0.0235666 -0.126132 107.051 
-0.124973 0.0197659 0.991963 95.7074 0.0278451 0.999478 -0.0164075 -5.67656 -0.991769 0.0255709 -0.125458 106.955 
-0.123748 0.021853 0.992073 96.576 0.0285958 0.999421 -0.0184479 -5.70762 -0.991902 0.0260862 -0.124301 106.854 
-0.122778 0.0234507 0.992157 97.4418 0.0258691 0.999457 -0.0204219 -5.73663 -0.992097 0.0231589 -0.123318 106.763 
-0.122222 0.0192811 0.992316 98.3044 0.0208595 0.99964 -0.0168542 -5.76548 -0.992284 0.0186393 -0.12258 106.68 
-0.122258 0.0174113 0.992346 99.1682 0.0163739 0.999745 -0.0155238 -5.79555 -0.992363 0.0143506 -0.122512 106.595 
-0.123083 0.0175818 0.992241 100.02 0.0129033 0.999787 -0.0161149 -5.83022 -0.992313 0.0108197 -0.123284 106.506 
-0.124076 0.0222024 0.992024 100.865 0.00992283 0.999727 -0.0211337 -5.8598 -0.992223 0.0072215 -0.124262 106.418 
-0.124855 0.0247042 0.991867 101.712 0.009234 0.999676 -0.0237362 -5.89118 -0.992132 0.00619531 -0.125043 106.327 
-0.125204 0.0250747 0.991814 102.548 0.00992594 0.999662 -0.0240201 -5.92661 -0.992081 0.00683729 -0.12541 106.235 
-0.125431 0.0243752 0.991803 103.38 0.0114403 0.999667 -0.0231216 -5.9641 -0.992036 0.00844636 -0.125668 106.141 
-0.125778 0.0251602 0.991739 104.204 0.0128669 0.999636 -0.0237286 -5.99885 -0.991975 0.00977606 -0.126056 106.047 
-0.126059 0.028227 0.991621 105.026 0.014279 0.999543 -0.0266372 -6.03693 -0.99192 0.0108015 -0.126404 105.953 
-0.126709 0.0297253 0.991494 105.847 0.0139082 0.999506 -0.028188 -6.07333 -0.991842 0.0102182 -0.12706 105.865 
-0.127903 0.0300683 0.991331 106.663 0.0123644 0.999511 -0.0287211 -6.10862 -0.99171 0.00858368 -0.128213 105.78 
-0.130166 0.0292531 0.991061 107.473 0.0109491 0.999546 -0.0280655 -6.14244 -0.991432 0.00719806 -0.130427 105.694 
-0.133189 0.0302539 0.990629 108.269 0.0107888 0.999519 -0.0290748 -6.1827 -0.991032 0.00681525 -0.133451 105.601 
-0.136571 0.032946 0.990082 109.067 0.0104109 0.999439 -0.0318212 -6.22009 -0.990576 0.00596181 -0.136838 105.51 
-0.140036 0.034313 0.989552 109.859 0.00883585 0.999403 -0.0334042 -6.25756 -0.990107 0.00406574 -0.140255 105.419 
-0.143254 0.0343549 0.98909 110.641 0.00926832 0.9994 -0.0333706 -6.29732 -0.989643 0.00438673 -0.143486 105.321 
-0.14612 0.0329266 0.988719 111.424 0.0105901 0.999441 -0.0317185 -6.33838 -0.98921 0.00583593 -0.146387 105.218 
-0.148485 0.0338837 0.988334 112.202 0.0123216 0.999399 -0.0324118 -6.37744 -0.988838 0.00736517 -0.148813 105.112 
-0.150502 0.0382865 0.987868 112.976 0.00765417 0.999265 -0.0375621 -6.41924 -0.98858 0.00190813 -0.150685 105.016 
-0.152141 0.045112 0.987329 113.745 0.00533 0.998981 -0.044823 -6.46554 -0.988344 -0.00155698 -0.152227 104.917 
-0.154591 0.0481701 0.986804 114.509 0.00976163 0.998836 -0.0472282 -6.50552 -0.98793 0.00233172 -0.154882 104.802 
-0.157114 0.0463806 0.986491 115.279 0.0119399 0.998913 -0.045063 -6.54712 -0.987508 0.00469854 -0.157497 104.687 
-0.160214 0.0385543 0.986329 116.057 0.0103888 0.999247 -0.0373717 -6.59585 -0.987028 0.00425931 -0.160494 104.577 
-0.162534 0.0363303 0.986034 116.831 0.00931913 0.999334 -0.0352841 -6.64462 -0.986659 0.00345412 -0.162764 104.467 
-0.164077 0.0392133 0.985668 117.59 0.00905269 0.999227 -0.0382458 -6.68729 -0.986406 0.00264768 -0.164305 104.352 
-0.166762 0.0427158 0.985072 118.343 0.00656331 0.999087 -0.0422124 -6.72689 -0.985975 -0.000574084 -0.16689 104.241 
-0.169471 0.0451211 0.984502 119.091 0.00591076 0.99898 -0.0447672 -6.77249 -0.985518 -0.00176758 -0.169565 104.129 
-0.171128 0.0492584 0.984017 119.832 0.00995462 0.998785 -0.0482665 -6.82277 -0.985199 0.00153579 -0.17141 104.005 
-0.172837 0.0538813 0.983476 120.572 0.0102179 0.998547 -0.0529113 -6.86924 -0.984897 0.000903994 -0.173137 103.885 
-0.176069 0.0559896 0.982784 121.32 0.00948885 0.998431 -0.055181 -6.91839 -0.984332 -0.000390169 -0.176324 103.775 
-0.178359 0.0536501 0.982502 122.061 0.0104353 0.998559 -0.0526325 -6.96748 -0.98391 0.000865267 -0.178661 103.654 
-0.18223 0.0504555 0.981961 122.801 0.0148995 0.99871 -0.048551 -7.01334 -0.983143 0.00578328 -0.182746 103.524 
-0.187964 0.0489353 0.980956 123.541 0.0171241 0.99877 -0.0465426 -7.06289 -0.982027 0.0080496 -0.188571 103.393 
-0.194132 0.0476894 0.979816 124.273 0.0159056 0.998839 -0.0454639 -7.10968 -0.980847 0.00675855 -0.194665 103.261 
-0.202547 0.0480395 0.978093 125.003 0.0149583 0.998831 -0.0459603 -7.15613 -0.979158 0.00532151 -0.203029 103.123 
-0.213152 0.048421 0.975819 125.729 0.0143137 0.998819 -0.0464357 -7.20239 -0.976914 0.00406968 -0.213593 102.978 
-0.224974 0.049353 0.973114 126.447 0.0149704 0.998774 -0.0471933 -7.24717 -0.97425 0.00395063 -0.225437 102.819 
-0.237354 0.0501231 0.970129 127.162 0.0162904 0.998733 -0.0476153 -7.29315 -0.971287 0.00450206 -0.23787 102.651 
-0.24911 0.0503198 0.967167 127.87 0.0194448 0.998708 -0.0469525 -7.33657 -0.96828 0.00710999 -0.249767 102.474 
-0.260226 0.0504628 0.964228 128.573 0.0226363 0.998678 -0.0461565 -7.3798 -0.965282 0.00981537 -0.261025 102.288 
-0.270206 0.0502771 0.961489 129.265 0.0270088 0.998638 -0.0446295 -7.43109 -0.962424 0.0139095 -0.271196 102.096 
-0.278935 0.0510799 0.95895 129.963 0.0329191 0.998506 -0.0436115 -7.47388 -0.959746 0.019403 -0.2802 101.894 
-0.286475 0.0510261 0.956728 130.652 0.0379652 0.998401 -0.0418807 -7.51825 -0.957335 0.0243246 -0.287954 101.686 
-0.292942 0.0511428 0.954761 131.34 0.0383477 0.998393 -0.041714 -7.56245 -0.955361 0.0243931 -0.294433 101.487 
-0.297617 0.0492769 0.953413 132.03 0.0420482 0.998375 -0.0384749 -7.60146 -0.953759 0.0286385 -0.299205 101.279 
-0.299731 0.0466845 0.952881 132.715 0.0478827 0.998279 -0.0338471 -7.6379 -0.952822 0.0354814 -0.30145 101.065 
-0.30067 0.045422 0.952646 133.39 0.0543744 0.998057 -0.0304258 -7.67422 -0.952177 0.0426514 -0.302556 100.849 
-0.301498 0.0438396 0.952458 134.066 0.0567191 0.997998 -0.0279814 -7.71431 -0.951778 0.0455862 -0.303381 100.643 
-0.301121 0.049252 0.952313 134.728 0.0591578 0.997707 -0.0328939 -7.74918 -0.951749 0.0464316 -0.303344 100.44 
-0.29993 0.0525155 0.952515 135.393 0.0588735 0.997599 -0.0364629 -7.7829 -0.952143 0.0451415 -0.302302 100.243 
-0.299194 0.0522314 0.952762 136.047 0.0610845 0.997501 -0.0355018 -7.81978 -0.952235 0.0475771 -0.301636 100.047 
-0.297483 0.0507463 0.953377 136.704 0.0622722 0.997491 -0.0336635 -7.8542 -0.952694 0.0493546 -0.299897 99.8515 
-0.295457 0.0479176 0.954154 137.357 0.0643939 0.997469 -0.0301531 -7.89413 -0.953184 0.0525327 -0.297794 99.6545 
-0.294109 0.0485479 0.954538 138.001 0.0650992 0.997407 -0.03067 -7.93048 -0.953552 0.0531194 -0.296507 99.4662 
-0.291641 0.0507475 0.955181 138.639 0.0661425 0.997271 -0.0327887 -7.96429 -0.954238 0.0536155 -0.294202 99.2804 
-0.287433 0.0524327 0.956365 139.274 0.0678635 0.997106 -0.0342701 -7.99811 -0.955394 0.0550519 -0.290159 99.099 
-0.282033 0.0515652 0.958018 139.908 0.0688051 0.997071 -0.0334115 -8.03158 -0.956934 0.0564934 -0.284755 98.9229 
-0.27653 0.0498136 0.959713 140.536 0.0701633 0.997037 -0.0315341 -8.06627 -0.95844 0.0586165 -0.279206 98.7517 
-0.271741 0.0478895 0.961178 141.161 0.069925 0.997104 -0.0299104 -8.09988 -0.959827 0.0590825 -0.274303 98.5846 
-0.267942 0.0470768 0.962284 141.784 0.0699019 0.997123 -0.0293173 -8.1335 -0.960896 0.0594102 -0.270462 98.4271 
-0.264086 0.0453548 0.963432 142.401 0.0704016 0.997136 -0.0276436 -8.16565 -0.961926 0.0605268 -0.266523 98.2692 
-0.26026 0.0440034 0.964535 143.012 0.0739733 0.996934 -0.0255212 -8.19427 -0.962701 0.0647077 -0.262717 98.1104 
-0.25674 0.0423763 0.965551 143.628 0.0757282 0.996849 -0.0236138 -8.22234 -0.963509 0.0670568 -0.25914 97.9575 
-0.253474 0.040919 0.966476 144.234 0.0739139 0.997003 -0.0228264 -8.25433 -0.964514 0.0656501 -0.255739 97.814 
-0.249907 0.0416187 0.967375 144.829 0.0708077 0.997186 -0.0246091 -8.28774 -0.965677 0.0623476 -0.252151 97.677 
-0.245094 0.0451375 0.968448 145.421 0.0721666 0.996994 -0.0282041 -8.31546 -0.96681 0.062977 -0.247614 97.5351 
-0.239395 0.0481968 0.969725 146.005 0.0738321 0.996779 -0.0313145 -8.34355 -0.968111 0.0641003 -0.242183 97.3984 
-0.232795 0.0492074 0.97128 146.592 0.0732194 0.996771 -0.0329497 -8.37258 -0.969766 0.063446 -0.235646 97.2725 
