1 2.12261e-08 -2.11895e-08 0 2.12261e-08 1 2.10703e-08 0 -2.11895e-08 2.10703e-08 1 0 
0.999998 0.000739986 0.00196512 -0.0264921 -0.000737997 0.999999 -0.000991371 -0.0193579 -0.00196589 0.000989961 0.999998 1.22378 
0.999994 0.0012081 0.00336382 -0.043322 -0.0012062 0.999999 -0.000553473 -0.0388246 -0.00336453 0.000549454 0.999994 2.44207 
0.99999 0.000800213 0.0044277 -0.0620479 -0.00079894 1 -0.000279671 -0.0581065 -0.00442796 0.000276173 0.99999 3.64896 
0.999987 0.000452109 0.00499946 -0.0754035 -0.000451692 1 -7.60271e-05 -0.0797167 -0.00499954 7.38099e-05 0.999988 4.85005 
0.999983 0.000258102 0.00576183 -0.0820025 -0.000258117 1 9.34807e-06 -0.100294 -0.00576187 -1.07931e-05 0.999983 6.06735 
0.99998 0.000437958 0.00624671 -0.0912734 -0.000432169 1 -0.000921119 -0.122724 -0.00624715 0.000918444 0.99998 7.2691 
0.999977 6.08738e-05 0.00678392 -0.0991926 -5.16674e-05 0.999999 -0.00135098 -0.142214 -0.00678403 0.00135064 0.999976 8.47417 
0.999978 -0.00065868 0.00654928 -0.105094 0.000658285 1 6.88903e-05 -0.16143 -0.00654936 -6.45355e-05 0.999979 9.68657 
0.999985 -0.00127008 0.00535174 -0.1251 0.00126513 0.999999 0.000936224 -0.180821 -0.00535296 -0.000929397 0.999985 10.8866 
0.999993 -0.0023557 0.00303018 -0.144553 0.00235449 0.999997 0.000415372 -0.200116 -0.00303119 -0.000408192 0.999995 12.0936 
0.999997 -0.00203512 0.00113363 -0.169504 0.0020353 0.999998 -0.00011825 -0.219885 -0.00113343 0.000120599 0.999999 13.2995 
0.999998 -0.00189736 -0.000219272 -0.189819 0.00189733 0.999998 -0.000292731 -0.241762 0.000219784 0.000292357 1 14.5148 
0.999999 -0.000486736 -0.00117516 -0.210271 0.000486277 1 -0.00042635 -0.263604 0.00117533 0.00042582 0.999999 15.7305 
0.999998 -0.00111682 -0.00172197 -0.236013 0.00111623 0.999999 -0.000370634 -0.286568 0.00172234 0.000368753 0.999998 16.9405 
0.999995 -0.00202618 -0.00223135 -0.261748 0.00202627 0.999998 2.10104e-05 -0.308854 0.00223126 -2.54894e-05 0.999998 18.1642 
0.999993 -0.0023811 -0.00272794 -0.287787 0.00238202 0.999997 0.000315492 -0.329426 0.00272714 -0.000321946 0.999996 19.3856 
0.999993 -0.00209755 -0.00317485 -0.321063 0.00209525 0.999998 -0.000740836 -0.347894 0.00317636 0.00073422 0.999995 20.6048 
0.999991 -0.00237016 -0.00360315 -0.353309 0.0023642 0.999996 -0.00166989 -0.365311 0.00360705 0.0016614 0.999992 21.8123 
0.999989 -0.00165543 -0.00446337 -0.380853 0.00165054 0.999998 -0.00110835 -0.388311 0.00446516 0.00110101 0.999989 23.0284 
0.999985 -0.00175562 -0.00523237 -0.405585 0.00174863 0.999998 -0.00134779 -0.404777 0.00523468 0.00133866 0.999985 24.2506 
0.99998 -0.00189109 -0.00606273 -0.437645 0.00187877 0.999996 -0.002045 -0.426916 0.00606653 0.00203361 0.99998 25.4602 
0.999974 -0.00116297 -0.00709923 -0.464027 0.00115323 0.999998 -0.00138201 -0.4493 0.00710078 0.00137383 0.999974 26.6648 
0.999964 -0.00267129 -0.00806725 -0.484537 0.00267631 0.999996 0.00060658 -0.47536 0.00806556 -0.000628106 0.999967 27.8802 
0.999951 -0.00308405 -0.00943283 -0.506915 0.00309123 0.999995 0.000742511 -0.494295 0.00943045 -0.000771591 0.999955 29.0973 
0.999938 -0.00402076 -0.0103936 -0.537563 0.00401977 0.999992 -0.00011972 -0.516356 0.010394 7.79754e-05 0.999946 30.3042 
0.999924 -0.00467387 -0.0114047 -0.569433 0.00466179 0.999989 -0.00108922 -0.538548 0.0114096 0.00103602 0.999934 31.5061 
0.999917 -0.00409522 -0.012236 -0.602596 0.00408281 0.999991 -0.00104175 -0.561283 0.0122401 0.00099175 0.999925 32.7185 
0.999906 -0.00498264 -0.0127729 -0.641569 0.00497539 0.999987 -0.000603345 -0.5801 0.0127757 0.000539781 0.999918 33.9222 
0.999894 -0.00522666 -0.0135729 -0.67503 0.0052242 0.999986 -0.000219551 -0.601402 0.0135738 0.000148663 0.999908 35.133 
0.999883 -0.00599798 -0.0140666 -0.714536 0.00599495 0.999982 -0.000260756 -0.625874 0.0140679 0.000176439 0.999901 36.3509 
0.999871 -0.00629954 -0.0148063 -0.749793 0.00629502 0.99998 -0.000354629 -0.645772 0.0148082 0.000261419 0.99989 37.5588 
0.999861 -0.00726623 -0.0149995 -0.787956 0.00727259 0.999974 0.000366941 -0.669245 0.0149964 -0.000475933 0.999887 38.7653 
0.99986 -0.00716659 -0.0151309 -0.821502 0.00719335 0.999973 0.00171182 -0.692717 0.0151182 -0.00182038 0.999884 39.9868 
0.999862 -0.00669278 -0.0152248 -0.860014 0.00673292 0.999974 0.00258408 -0.713086 0.0152071 -0.00268619 0.999881 41.2085 
0.999866 -0.00611711 -0.0151942 -0.898833 0.00614893 0.999979 0.00204533 -0.731854 0.0151814 -0.00213844 0.999883 42.433 
0.999878 -0.00520943 -0.0147504 -0.94022 0.00523981 0.999984 0.00201882 -0.75111 0.0147396 -0.00209582 0.999889 43.6691 
0.999896 -0.0026271 -0.0141765 -0.977268 0.00267906 0.99999 0.00364456 -0.766955 0.0141668 -0.00368212 0.999893 44.8954 
0.999916 -0.00274323 -0.0126843 -1.01427 0.0028285 0.999974 0.00670615 -0.783207 0.0126656 -0.00674142 0.999897 46.1079 
0.999936 -0.00233901 -0.0110415 -1.0486 0.00244369 0.999952 0.00947327 -0.795115 0.0110188 -0.00949961 0.999894 47.3265 
0.999954 -0.00215721 -0.00932207 -1.08593 0.0022771 0.999915 0.0128649 -0.805522 0.00929348 -0.0128855 0.999874 48.5494 
0.999964 -0.00280451 -0.00805471 -1.11142 0.00291847 0.999895 0.0141661 -0.810359 0.0080141 -0.014189 0.999867 49.7788 
0.999967 -0.00477907 -0.0066135 -1.13765 0.00486294 0.999907 0.0127183 -0.813502 0.00655206 -0.01275 0.999897 50.992 
0.999977 -0.00375114 -0.00559854 -1.16653 0.00381272 0.999932 0.0110227 -0.816799 0.00555677 -0.0110438 0.999924 52.2023 
0.999982 -0.00345128 -0.00483925 -1.1927 0.00350117 0.999941 0.0103294 -0.820274 0.00480327 -0.0103461 0.999935 53.4225 
0.999981 -0.00408607 -0.00473004 -1.22022 0.00413335 0.999941 0.0100196 -0.832012 0.00468878 -0.0100389 0.999939 54.636 
0.999974 -0.00469937 -0.00550034 -1.24625 0.00474794 0.99995 0.00884221 -0.838554 0.00545847 -0.00886805 0.999946 55.8601 
0.999966 -0.00472985 -0.00675968 -1.28325 0.00479205 0.999946 0.00920985 -0.849338 0.00671571 -0.00924189 0.999935 57.0849 
0.999958 -0.00456792 -0.0078942 -1.32016 0.0046512 0.999933 0.010558 -0.860861 0.00784541 -0.0105943 0.999913 58.3116 
0.99995 -0.00486713 -0.00873253 -1.35618 0.0049627 0.999928 0.0109518 -0.872471 0.00867855 -0.0109945 0.999902 59.5318 
0.999947 -0.00399854 -0.00954118 -1.39242 0.00410133 0.999934 0.0107737 -0.883349 0.00949743 -0.0108122 0.999896 60.7418 
0.999943 -0.00362247 -0.0100737 -1.42906 0.00372934 0.999937 0.0106059 -0.892204 0.0100346 -0.0106428 0.999893 61.9544 
0.999938 -0.00433946 -0.010259 -1.46158 0.0044435 0.999939 0.0101364 -0.900541 0.0102144 -0.0101813 0.999896 63.1704 
0.999932 -0.00574448 -0.0102009 -1.49728 0.00583924 0.99994 0.00927989 -0.913611 0.010147 -0.00933877 0.999905 64.3861 
0.999925 -0.00594422 -0.010702 -1.53115 0.00605807 0.999925 0.0106326 -0.926535 0.010638 -0.0106966 0.999886 65.5959 
0.999919 -0.00655031 -0.01094 -1.56435 0.00668482 0.999902 0.0123009 -0.941332 0.0108583 -0.012373 0.999865 66.8074 
0.999919 -0.00599164 -0.0112723 -1.59704 0.00611242 0.999924 0.0107075 -0.951698 0.0112073 -0.0107755 0.999879 68.0199 
0.999932 -0.00414818 -0.0108998 -1.64052 0.00425124 0.999946 0.00944458 -0.960076 0.01086 -0.00949024 0.999896 69.2277 
0.999941 -0.00202165 -0.0106605 -1.68419 0.00212799 0.999948 0.0099691 -0.973698 0.0106397 -0.00999115 0.999894 70.4275 
0.999948 -0.000143842 -0.0101997 -1.72523 0.000246993 0.999949 0.0101085 -0.982261 0.0101977 -0.0101105 0.999897 71.6274 
0.999952 0.00135081 -0.00973497 -1.76782 -0.00124786 0.999943 0.0105691 -0.990489 0.00974865 -0.0105564 0.999897 72.8259 
0.999962 0.00181728 -0.00848104 -1.80371 -0.00171908 0.999932 0.0115665 -1.00115 0.00850144 -0.0115514 0.999897 74.0171 
0.999972 0.0039848 -0.00628143 -1.8393 -0.00390716 0.999917 0.0123188 -1.00728 0.00632995 -0.0122938 0.999904 75.2105 
0.999991 0.00258514 -0.00333909 -1.86763 -0.00255138 0.999946 0.0100627 -1.01631 0.00336488 -0.0100541 0.999944 76.4091 
1 -0.000139004 -0.000587183 -1.88876 0.00014205 0.999987 0.00511801 -1.026 0.000586421 -0.00511805 0.999987 77.5839 
0.999998 0.00107288 0.00180442 -1.90849 -0.0010811 0.999989 0.00458398 -1.03621 -0.00179953 -0.00458588 0.999988 78.7593 
0.999989 -3.56904e-05 0.00472623 -1.92516 -2.35438e-06 0.999968 0.00805843 -1.05185 -0.0047264 -0.00805831 0.999956 79.9346 
0.999967 0.000673074 0.0080513 -1.93817 -0.000748707 0.999956 0.0093998 -1.06279 -0.00804466 -0.00940548 0.999923 81.1065 
0.999919 0.00120551 0.0126524 -1.95089 -0.00130195 0.99997 0.00762058 -1.07434 -0.0126429 -0.00763639 0.999891 82.2724 
0.999864 0.000325946 0.0165193 -1.95647 -0.000402486 0.999989 0.00463285 -1.08872 -0.0165176 -0.00463882 0.999853 83.4335 
0.999794 -0.00116468 0.0202847 -1.96734 0.00113656 0.999998 0.00139979 -1.11109 -0.0202863 -0.0013764 0.999793 84.6324 
0.999714 -0.00186647 0.0238503 -1.96156 0.00185766 0.999998 0.000393605 -1.13128 -0.023851 -0.000349145 0.999716 85.8041 
0.99961 -0.0020335 0.0278537 -1.95569 0.00197253 0.999996 0.00221777 -1.15139 -0.0278581 -0.00216192 0.99961 86.9867 
0.99949 -0.000838054 0.0319151 -1.94393 0.000754379 0.999996 0.00263511 -1.17272 -0.0319172 -0.00260965 0.999487 88.1642 
0.999353 -0.00138896 0.0359359 -1.92637 0.00136806 0.999999 0.000607548 -1.19008 -0.0359367 -0.000557952 0.999354 89.32 
0.999222 -0.0018113 0.0393972 -1.90447 0.00188059 0.999997 -0.00172065 -1.21015 -0.039394 0.00179344 0.999222 90.4731 
0.999088 -0.00169469 0.0426713 -1.87969 0.00177634 0.999997 -0.0018746 -1.23374 -0.042668 0.00194873 0.999087 91.6389 
0.99896 -0.00303238 0.0454911 -1.84425 0.00306903 0.999995 -0.000734904 -1.25484 -0.0454886 0.000873795 0.998965 92.8088 
0.998831 -0.00373555 0.0481949 -1.81021 0.00370579 0.999993 0.000707841 -1.27382 -0.0481972 -0.000528372 0.998838 93.9699 
0.998697 -0.0045355 0.0508361 -1.76643 0.00441597 0.999987 0.00246417 -1.29223 -0.0508466 -0.00223643 0.998704 95.1503 
0.998564 -0.00609223 0.0532184 -1.72205 0.00591455 0.999976 0.00349632 -1.30996 -0.0532384 -0.00317649 0.998577 96.3145 
0.998434 -0.00708132 0.0555004 -1.67308 0.00702666 0.999975 0.0011806 -1.325 -0.0555074 -0.000788729 0.998458 97.5073 
0.9983 -0.00838534 0.0576724 -1.62551 0.00853201 0.999961 -0.00229669 -1.34572 -0.0576509 0.00278489 0.998333 98.6662 
0.998191 -0.00776493 0.0596198 -1.57494 0.00809223 0.999954 -0.00524963 -1.36545 -0.0595763 0.00572263 0.998207 99.8352 
0.998097 -0.00769925 0.0611823 -1.52415 0.00809076 0.999948 -0.00615322 -1.38818 -0.0611318 0.00663656 0.998108 101.016 
0.998078 -0.00762955 0.0615052 -1.46777 0.00798111 0.999953 -0.00547144 -1.4138 -0.0614606 0.00595184 0.998092 102.218 
0.998122 -0.00752083 0.0607964 -1.41355 0.00776131 0.999963 -0.00371958 -1.43689 -0.0607663 0.00418449 0.998143 103.424 
0.998196 -0.00800059 0.0595126 -1.36843 0.00814398 0.999965 -0.00216646 -1.46219 -0.0594932 0.00264726 0.998225 104.612 
0.998301 -0.00783179 0.0577416 -1.3243 0.00792269 0.999968 -0.00134487 -1.48251 -0.0577293 0.0018001 0.998331 105.845 
0.998441 -0.00751774 0.0553157 -1.28118 0.00758308 0.999971 -0.000970661 -1.50081 -0.0553068 0.00138865 0.998468 107.083 
0.998609 -0.00723318 0.0522251 -1.24228 0.00729018 0.999973 -0.000900221 -1.52242 -0.0522172 0.00127974 0.998635 108.29 
0.998798 -0.00580013 0.0486766 -1.22774 0.00587673 0.999982 -0.0014297 -1.54198 -0.0486675 0.00171409 0.998814 109.552 
0.998967 -0.00563403 0.0450861 -1.20499 0.00568789 0.999983 -0.00106559 -1.56231 -0.0450794 0.00132098 0.998983 110.779 
0.999147 -0.00493286 0.0409934 -1.16813 0.00494053 0.999988 -8.47285e-05 -1.58679 -0.0409925 0.000287227 0.999159 112.049 
0.999308 -0.00470193 0.0368972 -1.14715 0.00467474 0.999989 0.000824429 -1.60781 -0.0369008 -0.000651332 0.999319 113.286 
0.999467 -0.00483712 0.0322857 -1.11765 0.00479425 0.999988 0.00140637 -1.62647 -0.0322922 -0.0012508 0.999478 114.524 
0.999608 -0.00444425 0.0276297 -1.10871 0.00440322 0.999989 0.00154732 -1.64905 -0.0276363 -0.00142502 0.999617 115.772 
0.999728 -0.00368627 0.0230172 -1.11548 0.00365462 0.999992 0.00141893 -1.66982 -0.0230223 -0.00133438 0.999734 117.049 
0.999831 -0.00324167 0.0181133 -1.11292 0.00322237 0.999994 0.00109668 -1.68836 -0.0181168 -0.00103809 0.999835 118.305 
0.999906 -0.00215076 0.0135175 -1.12416 0.00214434 0.999998 0.00049246 -1.70995 -0.0135186 -0.000463386 0.999909 119.551 
0.999946 -7.09093e-05 0.0103799 -1.14481 6.83435e-05 1 0.000251654 -1.72871 -0.01038 -0.000250889 0.999946 120.791 
0.999962 0.00195717 0.00844167 -1.16645 -0.00196044 0.999998 0.000384539 -1.74935 -0.00844094 -0.000401032 0.999964 122.034 
0.999966 0.00310915 0.00762074 -1.19004 -0.00310912 0.999995 -1.01167e-05 -1.7647 -0.00762077 -1.35355e-05 0.999971 123.294 
0.999964 0.00528142 0.00666168 -1.21023 -0.00528221 0.999986 0.000107359 -1.78325 -0.00666106 -0.000142501 0.999978 124.544 
0.999961 0.00670967 0.00571763 -1.22711 -0.00671458 0.999977 0.000847686 -1.80211 -0.00571185 -0.000886003 0.999983 125.799 
0.999965 0.00668915 0.00512634 -1.24629 -0.00669597 0.999977 0.00132119 -1.82108 -0.00511742 -0.00135543 0.999986 127.062 
0.999937 0.0103683 0.00424565 -1.26927 -0.0103818 0.999941 0.00319056 -1.83659 -0.00421236 -0.00323439 0.999986 128.325 
0.999929 0.011369 0.0036575 -1.29445 -0.0113917 0.999916 0.00625933 -1.84897 -0.00358607 -0.00630051 0.999974 129.595 
0.999942 0.0103102 0.00307996 -1.31841 -0.0103281 0.99993 0.00584106 -1.86078 -0.00301956 -0.00587249 0.999978 130.877 
0.999944 0.0102827 0.00270204 -1.34264 -0.0102942 0.999938 0.00429688 -1.8722 -0.00265774 -0.00432441 0.999987 132.14 
0.999969 0.00756364 0.00209584 -1.37203 -0.00757467 0.999957 0.00532183 -1.88477 -0.00205554 -0.0053375 0.999984 133.433 
0.999986 0.00528043 0.000884556 -1.38872 -0.00528671 0.999959 0.00729864 -1.90138 -0.000846022 -0.00730317 0.999973 134.735 
0.999998 0.00178352 0.000481225 -1.40696 -0.00178782 0.999956 0.00917193 -1.91273 -0.000464888 -0.00917273 0.999958 136.018 
1 -0.000162055 -1.14825e-06 -1.42698 0.0001621 0.999947 0.0103097 -1.92412 -5.65142e-07 -0.0103096 0.999947 137.289 
0.999991 -0.00430729 0.000138163 -1.4441 0.00430599 0.999954 0.00854573 -1.93598 -0.000175009 -0.00854502 0.999964 138.563 
0.999976 -0.00697356 0.000342592 -1.46292 0.00697082 0.999947 0.00754681 -1.94448 -0.000395245 -0.0075442 0.999972 139.848 
0.999965 -0.00831628 0.000563042 -1.481 0.00831194 0.999938 0.00736885 -1.95812 -0.000624331 -0.00736387 0.999973 141.13 
0.999965 -0.00832476 0.000938803 -1.49968 0.00831732 0.999936 0.00770594 -1.96848 -0.00100293 -0.00769782 0.99997 142.413 
0.999971 -0.00740129 0.00164467 -1.52821 0.00738495 0.999925 0.0097555 -1.97943 -0.00171679 -0.00974303 0.999951 143.694 
0.999984 -0.00524068 0.00227202 -1.54912 0.00521504 0.999924 0.0111678 -1.98694 -0.00233042 -0.0111558 0.999935 144.995 
0.99998 -0.00547179 0.00303219 -1.57396 0.00544296 0.999941 0.00945131 -1.99687 -0.00308377 -0.00943458 0.999951 146.285 
0.999983 -0.00465655 0.00357485 -1.59635 0.00462971 0.999961 0.00749221 -2.00561 -0.00360965 -0.00747549 0.999966 147.578 
0.999981 -0.00473278 0.00402423 -1.61338 0.00471213 0.999976 0.00513568 -2.02181 -0.00404848 -0.00511658 0.999979 148.865 
0.999973 -0.00591038 0.00442926 -1.63656 0.00590509 0.999982 0.00121627 -2.04333 -0.00443641 -0.00119004 0.999989 150.146 
0.999971 -0.00577816 0.00490202 -1.65625 0.00579032 0.99998 -0.002461 -2.06221 -0.00488775 0.00248936 0.999985 151.431 
0.999968 -0.00608051 0.00527726 -1.67788 0.00609783 0.999976 -0.00326377 -2.09122 -0.00525733 0.00329589 0.999981 152.729 
0.999967 -0.0059141 0.00563717 -1.70201 0.00593131 0.999978 -0.00303349 -2.12012 -0.00561914 0.00306687 0.99998 154.023 
0.99997 -0.00543753 0.00553645 -1.71873 0.00545154 0.999982 -0.00251068 -2.14777 -0.00552274 0.00254083 0.999982 155.313 
0.999973 -0.00504583 0.00528129 -1.73353 0.00505353 0.999986 -0.00143662 -2.17471 -0.00527401 0.00146331 0.999985 156.593 
0.999977 -0.00452576 0.00509327 -1.75363 0.00453023 0.999989 -0.000857373 -2.20272 -0.00508938 0.000880469 0.999987 157.866 
0.99998 -0.0043714 0.00454586 -1.7731 0.0043766 0.99999 -0.00112585 -2.23028 -0.00454093 0.00114576 0.999989 159.13 
0.999985 -0.00398507 0.00388287 -1.79138 0.00398851 0.999992 -0.000868588 -2.25391 -0.00387942 0.000884103 0.999992 160.404 
0.999984 -0.00476462 0.00316747 -1.80815 0.00476376 0.999989 0.000291139 -2.27489 -0.00316886 -0.000276003 0.999995 161.694 
0.99999 -0.00377662 0.00258788 -1.83062 0.0037753 0.999993 0.000531237 -2.29673 -0.00258991 -0.000521419 0.999997 162.97 
0.999992 -0.00336111 0.00199548 -1.85293 0.00336174 0.999994 -0.000290307 -2.32227 -0.00199454 0.000297056 0.999998 164.269 
0.999995 -0.00277987 0.00140135 -1.87718 0.00278197 0.999995 -0.00146798 -2.34684 -0.00139731 0.00147192 0.999998 165.538 
0.999997 -0.00228318 0.000483853 -1.89758 0.00228395 0.999996 -0.00151654 -2.37029 -0.000480431 0.00151768 0.999999 166.806 
0.999996 -0.00295868 -0.000284865 -1.92106 0.00295801 0.999993 -0.00246164 -2.39304 0.000292104 0.00246083 0.999997 168.095 
0.999997 -0.00220283 -0.000860322 -1.9498 0.00219976 0.999991 -0.00361043 -2.41745 0.000868225 0.00360857 0.999993 169.378 
0.999997 -0.00185881 -0.00165465 -1.97224 0.00185317 0.999992 -0.00343003 -2.43937 0.00166097 0.00342699 0.999993 170.677 
0.999996 -0.00162997 -0.00227646 -2.00095 0.00162546 0.999997 -0.00200292 -2.46944 0.00227968 0.00199925 0.999995 171.963 
0.999994 -0.00169149 -0.00292113 -2.03047 0.00168693 0.999997 -0.0015751 -2.49457 0.00292375 0.0015702 0.999995 173.239 
0.999992 -0.00136507 -0.00386218 -2.05494 0.00136038 0.999998 -0.00122687 -2.51694 0.00386381 0.00122165 0.999992 174.524 
0.99999 -0.00100707 -0.00446366 -2.08885 0.00100269 0.999999 -0.00099277 -2.54064 0.00446461 0.000988326 0.99999 175.808 
0.999989 -0.000789363 -0.00465373 -2.12621 0.000781324 0.999998 -0.00173806 -2.56585 0.00465505 0.00173444 0.999988 177.091 
0.999986 8.89299e-05 -0.00528857 -2.15824 -0.000100049 0.999998 -0.00211022 -2.59421 0.00528832 0.00211076 0.999984 178.364 
0.999984 0.000331361 -0.00556582 -2.19333 -0.000340843 0.999999 -0.00171039 -2.61982 0.0055652 0.00171231 0.999983 179.641 
0.999984 3.53679e-05 -0.00565789 -2.22297 -5.09225e-05 0.999996 -0.00275656 -2.64709 0.00565773 0.00275684 0.99998 180.932 
0.999983 -0.00130031 -0.00571522 -2.25367 0.0012759 0.99999 -0.00427992 -2.67409 0.00572069 0.00427259 0.999975 182.199 
0.999973 -0.00432073 -0.00601522 -2.27867 0.00429629 0.999983 -0.00407621 -2.70007 0.00603268 0.0040503 0.999974 183.47 
0.999973 -0.00394258 -0.00621513 -2.30877 0.0039405 0.999992 -0.000353546 -2.72577 0.00621643 0.000329088 0.999981 184.745 
0.999966 -0.00507289 -0.00643669 -2.33623 0.00509873 0.999979 0.00399747 -2.74832 0.00641624 -0.00403011 0.999971 186.017 
0.999974 -0.00365311 -0.00616868 -2.3706 0.00367391 0.999988 0.00335639 -2.7665 0.0061563 -0.00337893 0.999975 187.271 
0.999979 -0.00223766 -0.00606041 -2.40431 0.00223925 0.999998 0.000249388 -2.78767 0.0060598 -0.000262912 0.999982 188.513 
0.999977 -0.00212509 -0.00641973 -2.43745 0.00211391 0.999996 -0.00175461 -2.80841 0.00642339 0.00174104 0.999978 189.76 
0.999976 -0.00239397 -0.00652852 -2.46924 0.00238477 0.999996 -0.00142332 -2.83278 0.00653186 0.00140776 0.999978 191.025 
0.999976 -0.00267929 -0.0063814 -2.49772 0.00267809 0.999996 -0.000202693 -2.85766 0.00638188 0.000185641 0.99998 192.281 
0.999979 -0.00246246 -0.00603057 -2.53204 0.00247408 0.999995 0.00191263 -2.88083 0.00602578 -0.00192747 0.99998 193.54 
0.999984 -0.00311173 -0.00482739 -2.57689 0.00312459 0.999992 0.00265076 -2.89819 0.00481906 -0.00266576 0.999985 194.813 
0.99999 -0.00312015 -0.00319988 -2.6088 0.0031269 0.999993 0.00209329 -2.92097 0.00319328 -0.00210324 0.999993 196.066 
0.999989 -0.00424746 -0.00183894 -2.62936 0.00424849 0.999991 0.000532931 -2.94121 0.00183662 -0.000540695 0.999998 197.312 
0.999989 -0.00464152 -0.000746612 -2.64859 0.00464088 0.999989 -0.000908951 -2.96547 0.000750781 0.000905518 0.999999 198.541 
0.999986 -0.00533756 0.000633619 -2.6697 0.00533841 0.999985 -0.00127553 -2.9924 -0.000626844 0.00127894 0.999999 199.776 
0.999985 -0.0052406 0.00187733 -2.68756 0.00524171 0.999986 -0.000562546 -3.01769 -0.0018744 0.00057242 0.999998 201.006 
0.999979 -0.00568689 0.00309168 -2.69843 0.00568307 0.999983 0.00125571 -3.04092 -0.00309881 -0.00123807 0.999994 202.254 
0.999981 -0.00470351 0.0041121 -2.71898 0.00469636 0.999987 0.00175848 -3.06674 -0.00412036 -0.00173909 0.99999 203.471 
0.999974 -0.00501608 0.00521866 -2.73501 0.00500632 0.999986 0.00189044 -3.09126 -0.00522811 -0.00186422 0.999985 204.688 
0.99997 -0.00474885 0.00614241 -2.75073 0.00473631 0.999987 0.00206141 -3.11193 -0.00615216 -0.00203222 0.999979 205.902 
0.999962 -0.00487513 0.00717563 -2.76298 0.00485946 0.999986 0.00220581 -3.13264 -0.00718632 -0.00217081 0.999972 207.108 
0.999957 -0.00443645 0.00819343 -2.7793 0.00441974 0.999988 0.00206096 -3.15285 -0.00820252 -0.00202461 0.999964 208.314 
0.999949 -0.0046637 0.00896624 -2.79065 0.00464421 0.999987 0.00219744 -3.17589 -0.00897641 -0.00215565 0.999957 209.509 
0.99994 -0.00564018 0.00943776 -2.7998 0.00561939 0.999982 0.00223207 -3.19785 -0.00945022 -0.00217886 0.999953 210.692 
0.999938 -0.00587198 0.00945045 -2.80527 0.00584386 0.999978 0.00300489 -3.21815 -0.00946793 -0.00294943 0.999951 211.869 
0.999939 -0.00644151 0.00897738 -2.81146 0.00640457 0.999971 0.00414294 -3.24155 -0.00900384 -0.00408515 0.999951 213.008 
0.999947 -0.00626801 0.00813748 -2.81414 0.00623453 0.999972 0.00413859 -3.26375 -0.00816324 -0.00408759 0.999958 214.138 
0.999952 -0.00595319 0.00784036 -2.82572 0.00592861 0.999977 0.00315977 -3.28197 -0.00785903 -0.0031131 0.999964 215.269 
0.999956 -0.00589219 0.00727262 -2.84024 0.0058742 0.99998 0.00249858 -3.3049 -0.00728723 -0.0024557 0.99997 216.37 
0.99996 -0.00608511 0.00654256 -2.84729 0.00607026 0.999979 0.00229303 -3.32425 -0.00655642 -0.00225319 0.999976 217.465 
0.999966 -0.00652447 0.00507352 -2.85806 0.00651195 0.999976 0.00248863 -3.34793 -0.00508967 -0.00245547 0.999984 218.543 
0.999968 -0.00730252 0.00326063 -2.87099 0.00729251 0.999969 0.00308172 -3.36625 -0.00328308 -0.0030578 0.99999 219.61 
0.999963 -0.00851719 0.000945647 -2.87646 0.00851267 0.999953 0.00472985 -3.38385 -0.00098593 -0.00472158 0.999988 220.686 
0.999967 -0.00801041 -0.00129545 -2.89714 0.00801844 0.999948 0.00628611 -3.39845 0.00124498 -0.00629625 0.999979 221.712 
0.999964 -0.00764967 -0.0037767 -2.91845 0.00767362 0.99995 0.00635729 -3.41576 0.00372784 -0.006386 0.999973 222.738 
0.999952 -0.00753836 -0.00630328 -2.94303 0.00757605 0.999954 0.00597024 -3.43357 0.00625794 -0.00601766 0.999962 223.742 
0.999928 -0.00750977 -0.00932879 -2.96483 0.00756825 0.999952 0.00624504 -3.45001 0.0092814 -0.00631515 0.999937 224.733 
0.999902 -0.00697205 -0.0121567 -2.99311 0.00705565 0.999952 0.0068438 -3.46754 0.0121083 -0.00692886 0.999903 225.698 
0.999863 -0.00669353 -0.0151186 -3.0218 0.00679455 0.999955 0.00663774 -3.48514 0.0150734 -0.00673951 0.999864 226.644 
0.999806 -0.0068589 -0.0184743 -3.05411 0.00697446 0.999957 0.00619578 -3.50203 0.0184309 -0.00632338 0.99981 227.552 
0.999732 -0.00693265 -0.0220839 -3.08374 0.00706072 0.999959 0.00572473 -3.51996 0.0220433 -0.00587909 0.99974 228.443 
0.999655 -0.00603542 -0.0255728 -3.11774 0.00617937 0.999966 0.00555216 -3.53732 0.0255384 -0.00570822 0.999658 229.315 
0.999569 -0.00584492 -0.028771 -3.15595 0.00598804 0.99997 0.00488955 -3.55458 0.0287415 -0.00505968 0.999574 230.153 
0.999489 -0.00383263 -0.0317229 -3.19278 0.00399271 0.99998 0.00498306 -3.57013 0.0317031 -0.00510713 0.999484 230.978 
0.999463 -0.00339295 -0.0325899 -3.2301 0.00357496 0.999978 0.00552688 -3.58487 0.0325704 -0.00564038 0.999454 231.798 
0.999477 -0.00314576 -0.0321969 -3.26884 0.00335756 0.999973 0.00652495 -3.59625 0.0321755 -0.0066296 0.99946 232.593 
0.999481 -0.00311305 -0.0320735 -3.30095 0.0033502 0.999967 0.00734173 -3.61152 0.0320496 -0.00744532 0.999459 233.366 
0.99949 -0.00322224 -0.031767 -3.33686 0.00344349 0.99997 0.00691116 -3.6243 0.0317437 -0.00701698 0.999471 234.117 
0.999502 -0.00274073 -0.0314256 -3.37353 0.00290093 0.999983 0.00505195 -3.637 0.0314112 -0.00514056 0.999493 234.855 
0.999533 -0.00266965 -0.0304501 -3.41114 0.00276113 0.999992 0.00296133 -3.64925 0.0304419 -0.00304398 0.999532 235.583 
0.999569 -0.00238148 -0.0292565 -3.44529 0.00243016 0.999996 0.0016271 -3.6615 0.0292525 -0.00169745 0.999571 236.314 
0.999603 -0.00181467 -0.0281111 -3.47482 0.00184732 0.999998 0.00113404 -3.67296 0.0281089 -0.00118548 0.999604 237.045 
0.999648 -0.0021608 -0.0264524 -3.50267 0.00218512 0.999997 0.000889099 -3.68335 0.0264504 -0.000946544 0.99965 237.775 
0.999688 -0.00229558 -0.0248893 -3.52663 0.00231694 0.999997 0.000827746 -3.69482 0.0248873 -0.000885112 0.99969 238.501 
0.999733 -0.00225406 -0.0230047 -3.55471 0.002269 0.999997 0.000621773 -3.70601 0.0230032 -0.000673762 0.999735 239.226 
0.999781 -0.00253341 -0.0207783 -3.58458 0.00254117 0.999997 0.000344632 -3.72049 0.0207773 -0.000397316 0.999784 239.96 
0.999834 -0.00231399 -0.0180812 -3.60485 0.00232458 0.999997 0.000562511 -3.72968 0.0180798 -0.000604406 0.999836 240.688 
0.999883 -0.0034921 -0.0148791 -3.62529 0.00351205 0.999993 0.00131237 -3.743 0.0148744 -0.00136443 0.999888 241.411 
0.999919 -0.00452378 -0.0118961 -3.64367 0.00454207 0.999989 0.00150718 -3.75351 0.0118891 -0.00156105 0.999928 242.125 
0.999949 -0.00475855 -0.00887442 -3.6562 0.00477293 0.999987 0.00159517 -3.76738 0.00886668 -0.0016374 0.999959 242.837 
0.99997 -0.00508291 -0.00587422 -3.66966 0.00509056 0.999986 0.00128081 -3.77988 0.00586759 -0.00131063 0.999982 243.533 
0.999983 -0.00513898 -0.00276089 -3.68236 0.00514206 0.999986 0.00109584 -3.7908 0.00275517 -0.00110998 0.999996 244.236 
0.999991 -0.00426933 0.000150729 -3.69359 0.00426935 0.999991 0.000191112 -3.80245 -0.000151586 -0.000190425 1 244.935 
0.999986 -0.00419255 0.00317282 -3.70139 0.00419393 0.999991 -0.000416921 -3.81312 -0.00317109 0.000430264 0.999995 245.644 
0.999974 -0.0040379 0.00602971 -3.70853 0.00403476 0.999992 0.000541168 -3.82506 -0.00603189 -0.000516783 0.999982 246.349 
0.999956 -0.00397308 0.00856106 -3.71332 0.00396293 0.999991 0.00120767 -3.83745 -0.00856582 -0.00117364 0.999963 247.055 
0.999931 -0.00406883 0.0110587 -3.71668 0.00405643 0.999991 0.0011471 -3.85036 -0.0110633 -0.00110212 0.999938 247.763 
0.9999 -0.00418706 0.0134793 -3.72042 0.00419478 0.999991 -0.000541184 -3.86218 -0.0134769 0.000597715 0.999909 248.467 
0.999877 -0.00400081 0.0151658 -3.7208 0.00404321 0.999988 -0.0027633 -3.87482 -0.0151546 0.00282432 0.999881 249.177 
0.999857 -0.00479753 0.016242 -3.71974 0.00486867 0.999979 -0.00434091 -3.8858 -0.0162209 0.00441941 0.999859 249.891 
0.999856 -0.00471582 0.0163269 -3.71791 0.00479587 0.999977 -0.00486484 -3.89858 -0.0163036 0.00494248 0.999855 250.614 
0.999846 -0.00582514 0.0165321 -3.71667 0.00591273 0.999969 -0.00525146 -3.91512 -0.016501 0.00534844 0.99985 251.339 
0.99985 -0.00455389 0.0167067 -3.71852 0.00464582 0.999974 -0.00546494 -3.93061 -0.0166814 0.00554178 0.999846 252.075 
0.999846 -0.00385455 0.0171309 -3.72041 0.00395949 0.999974 -0.0060932 -3.94155 -0.017107 0.00616014 0.999835 252.819 
0.999834 -0.00440826 0.0176538 -3.72864 0.00455378 0.999956 -0.00820849 -3.95393 -0.0176169 0.00828757 0.999811 253.585 
0.999799 -0.00832323 0.0182415 -3.72885 0.00851327 0.99991 -0.0103627 -3.9708 -0.0181536 0.010516 0.99978 254.356 
0.999754 -0.0114295 0.0190234 -3.71855 0.011643 0.99987 -0.0111489 -3.98944 -0.0188936 0.0113677 0.999757 255.128 
0.999759 -0.00922356 0.0199357 -3.72798 0.00936899 0.99993 -0.00721147 -4.00626 -0.0198679 0.00739655 0.999775 255.914 
0.999775 -0.0052059 0.0205444 -3.73351 0.00523197 0.999986 -0.00121338 -4.02054 -0.0205379 0.00132064 0.999788 256.701 
0.99975 -0.00591179 0.0215573 -3.73327 0.00585931 0.99998 0.00249866 -4.04119 -0.0215717 -0.00237168 0.999765 257.505 
0.999686 -0.00689284 0.0240911 -3.72654 0.00688288 0.999976 0.000498444 -4.05454 -0.024094 -0.000332429 0.99971 258.296 
0.999583 -0.00552933 0.0283258 -3.71934 0.00569691 0.999967 -0.00583716 -4.06299 -0.0282927 0.00599614 0.999582 259.094 
0.999476 -0.0033841 0.0321917 -3.71217 0.00369032 0.999949 -0.00945627 -4.07548 -0.0321581 0.00957016 0.999437 259.902 
0.999371 -0.00205938 0.035391 -3.7021 0.00238998 0.999954 -0.00930026 -4.09051 -0.0353703 0.00937904 0.99933 260.713 
0.999243 -0.0036659 0.038732 -3.6853 0.00393656 0.999968 -0.00691316 -4.10887 -0.0387055 0.00706044 0.999226 261.547 
0.999102 -0.00673009 0.0418362 -3.65908 0.00689223 0.999969 -0.00373139 -4.12454 -0.0418098 0.00401642 0.999118 262.391 
0.998955 -0.00887196 0.0448271 -3.6335 0.00898247 0.999957 -0.00226365 -4.13729 -0.0448051 0.00266399 0.998992 263.232 
0.99881 -0.00872072 0.0479904 -3.6105 0.00881853 0.999959 -0.00182571 -4.15163 -0.0479726 0.00224679 0.998846 264.075 
0.998698 -0.00624082 0.0506305 -3.58541 0.00645106 0.999971 -0.00398933 -4.16762 -0.0506041 0.0043108 0.99871 264.917 
0.998591 -0.00524563 0.0528063 -3.55163 0.00558357 0.999965 -0.00625346 -4.18222 -0.0527717 0.00653954 0.998585 265.755 
0.998447 -0.00468909 0.0555137 -3.52064 0.00505066 0.999967 -0.00637375 -4.19862 -0.055482 0.00664427 0.998438 266.602 
0.998283 -0.00384111 0.0584522 -3.48715 0.00409813 0.999982 -0.00427724 -4.21836 -0.0584348 0.00450948 0.998281 267.458 
0.998081 -0.00250194 0.06187 -3.4556 0.00266639 0.999993 -0.00257484 -4.23808 -0.0618631 0.00273491 0.998081 268.314 
0.997883 -0.00166786 0.0650206 -3.41959 0.00185136 0.999995 -0.00276131 -4.25418 -0.0650157 0.00287588 0.99788 269.163 
0.997698 -0.00168362 0.0677869 -3.37826 0.00190894 0.999993 -0.00325868 -4.26907 -0.067781 0.00338062 0.997695 270.015 
0.997508 -0.00328384 0.0704814 -3.32789 0.0035526 0.999987 -0.00368757 -4.28554 -0.0704684 0.00392881 0.997506 270.87 
0.99734 -0.00640267 0.0726049 -3.28338 0.00663912 0.999973 -0.00301513 -4.29929 -0.0725837 0.00348918 0.997356 271.726 
0.997265 -0.00721097 0.0735632 -3.23241 0.00746438 0.999967 -0.00316996 -4.31582 -0.073538 0.00371043 0.997286 272.583 
0.997206 -0.00828278 0.074236 -3.18177 0.00853127 0.999959 -0.00303021 -4.33601 -0.0742079 0.00365511 0.997236 273.445 
0.997162 -0.00839062 0.074823 -3.13486 0.00863209 0.999959 -0.00290383 -4.3538 -0.0747956 0.00354151 0.997193 274.304 
0.997188 -0.00807652 0.0745063 -3.0841 0.008267 0.999963 -0.00224799 -4.37062 -0.0744854 0.00285765 0.997218 275.169 
0.997226 -0.00756945 0.0740489 -3.03985 0.00773086 0.999968 -0.00189279 -4.38755 -0.0740322 0.00246004 0.997253 276.025 
0.997311 -0.0077971 0.0728733 -2.99352 0.00800887 0.999965 -0.0026137 -4.40568 -0.0728503 0.00319035 0.997338 276.885 
0.997428 -0.00776211 0.0712497 -2.94909 0.00803709 0.999961 -0.00357287 -4.42157 -0.0712193 0.00413636 0.997452 277.742 
0.997543 -0.00713374 0.0696876 -2.90757 0.00744232 0.999964 -0.00416877 -4.44169 -0.0696554 0.00467721 0.99756 278.601 
0.997678 -0.00633972 0.0678193 -2.85885 0.00664878 0.999969 -0.0043317 -4.46348 -0.0677897 0.00477259 0.997688 279.467 
0.997798 -0.00483247 0.0661475 -2.82187 0.00515006 0.999976 -0.00463092 -4.48169 -0.0661236 0.00496142 0.997799 280.322 
0.997938 -0.0045572 0.0640179 -2.77861 0.00483443 0.99998 -0.00417546 -4.49854 -0.0639976 0.00447639 0.99794 281.193 
0.998094 -0.00506538 0.0615043 -2.75124 0.00523556 0.999983 -0.00260536 -4.51911 -0.0614901 0.00292245 0.998103 282.041 
0.998331 -0.00615904 0.0574298 -2.71588 0.00618817 0.999981 -0.000328742 -4.53458 -0.0574267 0.00068362 0.99835 282.892 
0.998575 -0.00718814 0.0528734 -2.68803 0.00712956 0.999974 0.00129732 -4.54851 -0.0528814 -0.000918468 0.9986 283.736 
0.998802 -0.00770908 0.0483244 -2.66749 0.00759481 0.999968 0.00254871 -4.56521 -0.0483425 -0.0021786 0.998828 284.573 
0.999018 -0.00784041 0.0435991 -2.64758 0.00770993 0.999965 0.00316097 -4.57981 -0.0436224 -0.00282168 0.999044 285.404 
0.999202 -0.00840667 0.0390541 -2.63419 0.00827681 0.99996 0.00348682 -4.59048 -0.0390819 -0.00316076 0.999231 286.22 
0.99937 -0.00946347 0.0342063 -2.61947 0.00933989 0.999949 0.00377209 -4.60682 -0.0342403 -0.00345019 0.999408 287.031 
0.999495 -0.00972268 0.0302558 -2.60958 0.00962249 0.999948 0.00345676 -4.62189 -0.0302879 -0.00316384 0.999536 287.828 
0.999606 -0.00922226 0.0264978 -2.61269 0.00913778 0.999953 0.00330915 -4.63633 -0.0265271 -0.00306567 0.999643 288.609 
0.999701 -0.00918571 0.0226799 -2.6073 0.00911297 0.999953 0.00331023 -4.65205 -0.0227093 -0.00310252 0.999737 289.366 
0.999775 -0.00958567 0.0189198 -2.61024 0.00952521 0.999949 0.00328538 -4.66476 -0.0189503 -0.00310438 0.999816 290.108 
0.999835 -0.0105742 0.0148041 -2.62165 0.0105379 0.999941 0.00252723 -4.6756 -0.01483 -0.00237076 0.999887 290.848 
0.999911 -0.00890606 0.00992419 -2.62853 0.00889668 0.99996 0.000993068 -4.69009 -0.00993268 -0.000904645 0.99995 291.546 
0.999966 -0.00756834 0.00341896 -2.6423 0.0075717 0.999971 -0.000956662 -4.7068 -0.00341166 0.000982558 0.999994 292.226 
0.999966 -0.00670612 -0.00483902 -2.66388 0.00669363 0.999974 -0.00260036 -4.72388 0.00485629 0.00256792 0.999985 292.896 
0.999857 -0.00682387 -0.0154497 -2.69 0.00676715 0.99997 -0.00372325 -4.73878 0.0154746 0.00361821 0.999874 293.555 
0.99957 -0.00641674 -0.0286074 -2.73236 0.00630823 0.999973 -0.00388321 -4.75737 0.0286315 0.00370112 0.999583 294.199 
0.998952 -0.00541052 -0.0454428 -2.78198 0.0052646 0.999981 -0.003331 -4.77471 0.0454599 0.00308831 0.998961 294.831 
0.997856 -0.00295418 -0.0653824 -2.85074 0.00278152 0.999992 -0.00273228 -4.78795 0.0653899 0.0025446 0.997857 295.467 
0.996114 -0.0014218 -0.0880648 -2.93415 0.00117209 0.999995 -0.0028876 -4.8027 0.0880684 0.0027732 0.996111 296.091 
0.993516 -0.000288408 -0.113693 -3.02845 -6.85248e-05 0.999995 -0.00313589 -4.81391 0.113693 0.00312339 0.993511 296.695 
0.989917 0.00104342 -0.141643 -3.14406 -0.00149425 0.999994 -0.00307676 -4.82153 0.141639 0.00325743 0.989913 297.295 
0.984965 0.00197077 -0.172744 -3.26766 -0.00233045 0.999996 -0.00187957 -4.83567 0.172739 0.00225392 0.984965 297.882 
0.97835 0.00166281 -0.206951 -3.40919 -0.00176245 0.999998 -0.000297275 -4.84271 0.20695 0.000655626 0.978351 298.448 
0.969958 0.00166415 -0.243266 -3.56773 -0.00138498 0.999998 0.00131845 -4.85417 0.243267 -0.000941876 0.969959 298.984 
0.959584 0.00291884 -0.281408 -3.74607 -0.00197726 0.999992 0.00362972 -4.86313 0.281416 -0.00292656 0.959581 299.52 
0.947093 0.00440102 -0.320929 -3.94273 -0.00262655 0.999979 0.00596176 -4.87482 0.320949 -0.00480336 0.947084 300.043 
0.93236 0.00486065 -0.3615 -4.15013 -0.00216345 0.999967 0.00786541 -4.88354 0.361526 -0.00655126 0.932339 300.545 
0.915054 0.00473546 -0.403303 -4.36783 -0.000976784 0.999954 0.00952485 -4.89488 0.40333 -0.00832177 0.915017 301.048 
0.894934 0.00432827 -0.446178 -4.60948 0.000504731 0.999943 0.0107125 -4.9022 0.446199 -0.00981214 0.89488 301.534 
0.871824 0.00358086 -0.489806 -4.87097 0.00233142 0.999932 0.01146 -4.90858 0.489813 -0.011133 0.871756 301.992 
0.84557 0.00288181 -0.533857 -5.15344 0.00452418 0.999911 0.0125633 -4.9151 0.533846 -0.0130384 0.845482 302.441 
0.816196 0.00315451 -0.577767 -5.46056 0.00599783 0.999885 0.0139322 -4.91736 0.577744 -0.0148367 0.816083 302.865 
0.783684 0.00463051 -0.621143 -5.79226 0.00544914 0.999883 0.014329 -4.92424 0.621136 -0.014614 0.783566 303.257 
0.747812 0.00369052 -0.6639 -6.14106 0.00767937 0.99987 0.0142081 -4.92842 0.663866 -0.0157233 0.747687 303.633 
0.708814 0.00272845 -0.70539 -6.51379 0.0118766 0.999805 0.0158015 -4.93014 0.705295 -0.0195779 0.708643 303.95 
0.665672 0.00208502 -0.746242 -6.90162 0.0178584 0.999665 0.0187233 -4.9276 0.746031 -0.0257902 0.665412 304.224 
0.618402 0.00259296 -0.785858 -7.30662 0.0220306 0.999544 0.0206342 -4.92255 0.785553 -0.0300731 0.618063 304.458 
0.567638 0.00630605 -0.823254 -7.72552 0.0210581 0.999532 0.022176 -4.91748 0.823009 -0.029924 0.567239 304.67 
0.514897 0.0127443 -0.857157 -8.14762 0.0161047 0.999569 0.0245358 -4.92034 0.857101 -0.0264377 0.51447 304.843 
0.459402 0.016297 -0.888079 -8.56648 0.013701 0.999583 0.0254306 -4.91059 0.888123 -0.0238503 0.458987 305.001 
0.401763 0.0185369 -0.915556 -8.99149 0.0129898 0.999579 0.0259383 -4.90518 0.915651 -0.0223139 0.401353 305.136 
0.342647 0.0206161 -0.939238 -9.40214 0.0146653 0.99952 0.0272893 -4.90005 0.93935 -0.0231247 0.34218 305.254 
0.282603 0.023994 -0.958937 -9.81297 0.0167557 0.999411 0.0299447 -4.89724 0.959091 -0.0245301 0.282035 305.353 
0.221775 0.0277037 -0.974704 -10.2261 0.0187594 0.99929 0.0326708 -4.88835 0.974917 -0.0255303 0.221098 305.422 
0.157691 0.0312239 -0.986995 -10.6471 0.0209057 0.99917 0.0349492 -4.885 0.987267 -0.0261449 0.156908 305.469 
0.0917942 0.0350158 -0.995162 -11.0877 0.0213791 0.999082 0.0371258 -4.87255 0.995549 -0.0246836 0.0909613 305.486 
0.0252582 0.0404752 -0.998861 -11.5449 0.0231504 0.998888 0.0410617 -4.85688 0.999413 -0.0241612 0.0242931 305.466 
-0.0428867 0.0472784 -0.997961 -12.0125 0.0248713 0.998621 0.0462408 -4.84292 0.99877 -0.0228374 -0.0440034 305.416 
-0.111416 0.0539477 -0.992309 -12.4879 0.0269808 0.998322 0.0512452 -4.82332 0.993408 -0.0210637 -0.112685 305.334 
-0.179225 0.0599772 -0.981978 -12.971 0.0291729 0.998025 0.0556328 -4.80235 0.983375 -0.0186763 -0.180621 305.211 
-0.245987 0.0659086 -0.96703 -13.4529 0.0328667 0.997679 0.0596371 -4.78131 0.968716 -0.0171131 -0.247582 305.054 
-0.310997 0.0700555 -0.947825 -13.9397 0.0368995 0.997418 0.0616136 -4.75527 0.949694 -0.0158126 -0.312779 304.863 
-0.372755 0.0723094 -0.925108 -14.4125 0.0401667 0.997282 0.0617664 -4.7292 0.92706 -0.0141348 -0.374646 304.628 
-0.432058 0.0724015 -0.898935 -14.8893 0.0431194 0.997291 0.0595986 -4.69316 0.900814 -0.0130114 -0.434009 304.36 
-0.487738 0.072389 -0.869984 -15.3615 0.0453188 0.997312 0.0575766 -4.66141 0.871813 -0.0113443 -0.489707 304.051 
-0.539002 0.072373 -0.839189 -15.8303 0.0470486 0.997333 0.0557927 -4.62782 0.840989 -0.00941027 -0.54097 303.708 
-0.584909 0.0724024 -0.807861 -16.2923 0.0484533 0.997348 0.0543035 -4.596 0.80965 -0.00738086 -0.586866 303.327 
-0.625306 0.0730995 -0.776948 -16.7535 0.0494884 0.997314 0.0540032 -4.56447 0.778809 -0.00468141 -0.627244 302.914 
-0.662003 0.0766753 -0.745569 -17.2052 0.0537303 0.997049 0.0548297 -4.53236 0.747573 -0.00376224 -0.664169 302.468 
-0.697905 0.0839544 -0.711253 -17.6522 0.0619382 0.99646 0.0568437 -4.50526 0.713507 -0.00438219 -0.700634 301.995 
-0.732518 0.0897246 -0.674809 -18.0947 0.0681213 0.995962 0.058479 -4.47416 0.677331 -0.00313189 -0.735672 301.476 
-0.764622 0.0913273 -0.637976 -18.5272 0.070907 0.99582 0.0575704 -4.44025 0.640567 -0.00121735 -0.767902 300.916 
-0.794072 0.0879793 -0.601423 -18.9441 0.0702218 0.996122 0.0530025 -4.41026 0.603754 -0.000145199 -0.797171 300.314 
-0.820493 0.0849898 -0.565303 -19.3396 0.0708776 0.996381 0.0469262 -4.37649 0.567245 -0.00156467 -0.823547 299.677 
-0.84475 0.0801937 -0.529119 -19.7196 0.0693023 0.996776 0.0404297 -4.34445 0.530656 -0.00251614 -0.847584 299.001 
-0.866715 0.0774361 -0.492756 -20.0981 0.0690216 0.996991 0.0352733 -4.31497 0.494005 -0.00343896 -0.869452 298.283 
-0.886709 0.0759417 -0.456048 -20.4567 0.0680786 0.997112 0.0336728 -4.29206 0.457288 -0.00118916 -0.889318 297.526 
-0.905349 0.0722895 -0.418469 -20.7918 0.0651461 0.997383 0.0313532 -4.27069 0.419641 0.00112392 -0.90769 296.734 
-0.922006 0.0718874 -0.380444 -21.1003 0.0657907 0.997411 0.0290237 -4.24878 0.381546 0.00173033 -0.924348 295.91 
-0.937147 0.0740536 -0.340985 -21.3858 0.0685594 0.99725 0.0281528 -4.22654 0.342132 0.00300561 -0.939647 295.054 
-0.950163 0.077595 -0.301943 -21.6442 0.0727304 0.996977 0.0273385 -4.21102 0.303151 0.00401565 -0.952934 294.167 
-0.961372 0.0789083 -0.263699 -21.8682 0.073992 0.99685 0.0285402 -4.19677 0.265121 0.00792611 -0.964183 293.247 
-0.970627 0.081842 -0.226239 -22.0584 0.0773414 0.996592 0.028701 -4.1811 0.227817 0.0103603 -0.973649 292.302 
-0.978481 0.0812696 -0.18966 -22.2194 0.0775013 0.996621 0.0272144 -4.16484 0.19123 0.0119299 -0.981473 291.335 
-0.984579 0.0799311 -0.155614 -22.3449 0.077303 0.996745 0.0228773 -4.14818 0.156936 0.0104951 -0.987553 290.334 
