1 2.12261e-08 -2.11895e-08 0 2.12261e-08 1 2.10703e-08 0 -2.11895e-08 2.10703e-08 1 0 
0.999998 0.000739986 0.00196512 -0.0264921 -0.000737997 0.999999 -0.000991371 -0.0193579 -0.00196589 0.000989961 0.999998 1.22378 
0.999994 0.0012081 0.00336382 -0.043322 -0.0012062 0.999999 -0.000553473 -0.0388246 -0.00336453 0.000549454 0.999994 2.44207 
0.99999 0.000800213 0.0044277 -0.0620479 -0.00079894 1 -0.000279671 -0.0581065 -0.00442796 0.000276173 0.99999 3.64896 
0.999987 0.000502994 0.00499453 -0.0741783 -0.000502542 1 -8.31126e-05 -0.0791913 -0.00499461 8.06436e-05 0.999988 4.85458 
0.999983 0.000308987 0.0057569 -0.0807844 -0.000308962 1 2.22384e-06 -0.0997768 -0.00575694 -3.96045e-06 0.999983 6.07188 
0.99998 0.000488838 0.00624173 -0.0900623 -0.000483011 0.999999 -0.000928268 -0.122214 -0.00624222 0.000925277 0.99998 7.27362 
0.999977 0.000111752 0.00677891 -0.0979884 -0.000102505 0.999999 -0.00135815 -0.141712 -0.0067791 0.00135747 0.999976 8.47869 
0.999978 -0.000607794 0.00654435 -0.103897 0.000607446 1 6.1726e-05 -0.160936 -0.00654443 -5.77073e-05 0.999979 9.6911 
0.999985 -0.00121919 0.00534686 -0.12391 0.00121428 0.999999 0.000929121 -0.180334 -0.00534802 -0.000922572 0.999985 10.8911 
0.999993 -0.00230481 0.00302526 -0.143369 0.00230363 0.999997 0.000408387 -0.199637 -0.00302624 -0.000401372 0.999995 12.0981 
0.999997 -0.00198423 0.00112869 -0.168327 0.00198442 0.999998 -0.000125138 -0.219412 -0.00112848 0.00012742 0.999999 13.304 
0.999998 -0.00184647 -0.000224219 -0.188649 0.00184645 0.999998 -0.000299551 -0.241297 0.000224729 0.000299179 1 14.5193 
0.999999 -0.000435853 -0.00118012 -0.209109 0.000435384 1 -0.000433121 -0.263146 0.00118026 0.000432649 0.999999 15.7351 
0.999998 -0.00106594 -0.00172692 -0.234858 0.00106533 0.999999 -0.000377377 -0.286117 0.00172728 0.000375579 0.999998 16.945 
0.999996 -0.00197529 -0.00223628 -0.2606 0.00197537 0.999998 1.42928e-05 -0.30841 0.0022362 -1.8668e-05 0.999998 18.1687 
0.999994 -0.00233022 -0.00273286 -0.286647 0.00233111 0.999997 0.0003088 -0.32899 0.00273209 -0.000315126 0.999996 19.3902 
0.999994 -0.00191948 -0.00280263 -0.335298 0.00191682 0.999998 -0.000966169 -0.340773 0.00280444 0.000960834 0.999996 20.6292 
0.999992 -0.00224152 -0.00329254 -0.36516 0.00223588 0.999996 -0.00173013 -0.3633 0.00329637 0.0017228 0.999993 21.828 
0.99999 -0.00152696 -0.0041527 -0.392329 0.00152216 0.999998 -0.00116848 -0.386369 0.00415443 0.00116219 0.999991 23.0442 
0.999987 -0.00174152 -0.00486731 -0.419838 0.00173495 0.999998 -0.00136357 -0.405523 0.00486963 0.00135515 0.999987 24.2616 
0.999982 -0.00187674 -0.00569768 -0.451456 0.00186507 0.999996 -0.00206077 -0.427681 0.00570148 0.00205015 0.999982 25.4711 
0.999976 -0.00151041 -0.00670623 -0.476574 0.00150133 0.999998 -0.00136579 -0.450881 0.00670823 0.00135573 0.999977 26.6799 
0.999966 -0.00301952 -0.00767494 -0.496598 0.00302442 0.999995 0.000622468 -0.476925 0.00767298 -0.000645617 0.99997 27.8953 
0.999953 -0.00343234 -0.00904058 -0.518492 0.00343937 0.999994 0.000757923 -0.495845 0.00903788 -0.00078894 0.999959 29.1125 
0.99994 -0.00436871 -0.0100011 -0.548659 0.00436792 0.99999 -0.000104642 -0.517894 0.0100014 6.09945e-05 0.99995 30.3194 
0.999927 -0.00502145 -0.0110118 -0.580049 0.00500996 0.999987 -0.0010745 -0.540075 0.011017 0.00101929 0.999939 31.5213 
0.99992 -0.00444281 -0.0118431 -0.612728 0.00443099 0.99999 -0.00102731 -0.562798 0.0118475 0.000974798 0.999929 32.7337 
0.999909 -0.00533041 -0.0123802 -0.651222 0.00532357 0.999986 -0.000589096 -0.581607 0.0123831 0.000523178 0.999923 33.9374 
0.999898 -0.00557458 -0.0131803 -0.6842 0.00557239 0.999984 -0.00020558 -0.602897 0.0131812 0.000132155 0.999913 35.1482 
0.999886 -0.00634589 -0.0136741 -0.72322 0.00634315 0.99998 -0.000246956 -0.62736 0.0136753 0.000160234 0.999907 36.3662 
0.999874 -0.00664741 -0.0144137 -0.757995 0.00664323 0.999978 -0.000341087 -0.647249 0.0144156 0.000245333 0.999896 37.5741 
0.999864 -0.00761439 -0.0146071 -0.795677 0.0076208 0.999971 0.000380415 -0.670712 0.0146038 -0.000491639 0.999893 38.7806 
0.999863 -0.00751528 -0.014739 -0.828736 0.00754156 0.99997 0.00172525 -0.694173 0.0147256 -0.00183612 0.99989 40.0021 
0.999865 -0.00704181 -0.0148333 -0.86676 0.00708113 0.999972 0.00259747 -0.714533 0.0148145 -0.00270212 0.999887 41.2238 
0.99987 -0.00646593 -0.0148025 -0.905092 0.00649714 0.999977 0.00205874 -0.733291 0.0147888 -0.0021546 0.999888 42.4484 
0.999882 -0.00555823 -0.0143586 -0.945988 0.00558802 0.999982 0.00203238 -0.752538 0.014347 -0.00211233 0.999895 43.6845 
0.999901 -0.00297653 -0.0137853 -0.982549 0.00302727 0.999989 0.00365832 -0.768373 0.0137742 -0.00369965 0.999898 44.9108 
0.99992 -0.00309385 -0.0122942 -1.01907 0.00317668 0.999972 0.00672043 -0.784616 0.012273 -0.0067589 0.999902 46.1233 
0.99994 -0.00269071 -0.0106523 -1.05291 0.00279186 0.999951 0.00948813 -0.796513 0.0106262 -0.00951725 0.999898 47.3419 
0.999957 -0.00251022 -0.00893407 -1.08977 0.00262523 0.999914 0.0128804 -0.80691 0.00890092 -0.0129032 0.999877 48.5648 
0.999966 -0.00315803 -0.00766716 -1.11476 0.00326658 0.999894 0.0141819 -0.811733 0.00762152 -0.0142065 0.99987 49.7943 
0.999967 -0.00513202 -0.00622543 -1.14052 0.00521103 0.999905 0.0127347 -0.814862 0.00615945 -0.0127667 0.9999 51.0075 
0.999978 -0.00410344 -0.00520988 -1.16893 0.0041608 0.99993 0.0110395 -0.818147 0.00516418 -0.0110609 0.999926 52.2177 
0.999983 -0.00380331 -0.00445034 -1.19462 0.00384923 0.999939 0.0103464 -0.821608 0.00441068 -0.0103633 0.999937 53.4379 
0.999981 -0.00443798 -0.00434102 -1.22165 0.00448141 0.99994 0.0100366 -0.833333 0.00429617 -0.0100559 0.99994 54.6515 
0.999974 -0.00505082 -0.00511091 -1.2472 0.00509601 0.999948 0.00885899 -0.839861 0.00506585 -0.00888476 0.999948 55.8755 
0.999967 -0.00508144 -0.00637038 -1.28372 0.00514015 0.999944 0.00922619 -0.850635 0.0063231 -0.00925859 0.999937 57.1004 
0.99996 -0.00492004 -0.00750538 -1.32014 0.00499931 0.999932 0.010574 -0.862148 0.0074528 -0.010611 0.999916 58.3271 
0.999952 -0.0052194 -0.00834385 -1.35568 0.00531082 0.999926 0.0109675 -0.873748 0.00828594 -0.0110112 0.999905 59.5473 
0.999949 -0.00435075 -0.00915244 -1.39144 0.00444947 0.999932 0.010789 -0.884616 0.00910483 -0.0108292 0.9999 60.7573 
0.999945 -0.00397461 -0.00968485 -1.4276 0.00407749 0.999935 0.010621 -0.893461 0.00964197 -0.0106599 0.999897 61.9699 
0.99994 -0.00469142 -0.00987005 -1.45964 0.00479164 0.999937 0.0101515 -0.901786 0.00982176 -0.0101981 0.9999 63.1859 
0.999933 -0.00609611 -0.00981168 -1.49486 0.00618738 0.999938 0.00929503 -0.914846 0.00975436 -0.00935508 0.999909 64.4017 
0.999927 -0.00629638 -0.0103133 -1.52825 0.00640622 0.999923 0.0106475 -0.927759 0.0102454 -0.0107128 0.99989 65.6115 
0.999922 -0.00671421 -0.010556 -1.56148 0.00684394 0.999901 0.0122974 -0.940593 0.0104724 -0.0123686 0.999869 66.8179 
0.999922 -0.00615493 -0.0108881 -1.59371 0.00627153 0.999923 0.0107039 -0.950966 0.0108214 -0.0107713 0.999883 68.0305 
0.999935 -0.00431098 -0.0105154 -1.63672 0.00441035 0.999946 0.00944105 -0.959353 0.0104741 -0.00948677 0.9999 69.2384 
0.999945 -0.00218465 -0.0102761 -1.67992 0.00228711 0.999948 0.0099656 -0.972984 0.0102538 -0.00998851 0.999898 70.4381 
0.999952 -0.000306881 -0.00981539 -1.7205 0.000406113 0.999949 0.0101051 -0.981556 0.00981175 -0.0101086 0.999901 71.6381 
0.999956 0.00118759 -0.00935075 -1.76262 -0.00108874 0.999944 0.0105657 -0.989793 0.00936273 -0.010555 0.999901 72.8366 
0.999966 0.00165368 -0.00809698 -1.79805 -0.00155995 0.999932 0.0115634 -1.00046 0.00811551 -0.0115503 0.9999 74.0278 
0.999975 0.00382093 -0.00589748 -1.83317 -0.00374803 0.999917 0.012316 -1.0066 0.00594401 -0.0122935 0.999907 75.2212 
0.999993 0.00242212 -0.00295477 -1.86104 -0.00239224 0.999947 0.0100604 -1.01564 0.00297894 -0.0100532 0.999945 76.4198 
1 -0.000300123 -0.000202063 -1.88172 0.000301196 0.999987 0.00511611 -1.02533 0.000200483 -0.00511613 0.999987 77.5946 
0.999997 0.000889766 0.00211966 -1.89945 -0.000899378 0.999989 0.00455838 -1.03489 -0.00211562 -0.00456023 0.999987 78.7728 
0.999987 -0.000219899 0.00504082 -1.91574 0.000179442 0.999968 0.00803337 -1.05056 -0.00504247 -0.00803232 0.999955 79.9481 
0.999965 0.000488442 0.00836565 -1.92838 -0.000566828 0.999956 0.00937534 -1.06153 -0.00836074 -0.00937971 0.999921 81.1201 
0.999915 0.00102143 0.0129671 -1.94073 -0.00111996 0.999971 0.00759695 -1.07311 -0.012959 -0.00761079 0.999887 82.2859 
0.999858 0.000142814 0.0168344 -1.94594 -0.000220406 0.999989 0.00460993 -1.08753 -0.0168337 -0.00461294 0.999848 83.447 
0.999787 -0.00134678 0.0206004 -1.95643 0.00131873 0.999998 0.00137755 -1.10993 -0.0206023 -0.00135005 0.999787 84.646 
0.999706 -0.00204825 0.0241662 -1.95028 0.0020399 0.999998 0.000372021 -1.13015 -0.0241669 -0.000322573 0.999708 85.8176 
0.999601 -0.00221585 0.0281692 -1.94403 0.00215486 0.999995 0.00219692 -1.15029 -0.028174 -0.0021353 0.999601 87.0002 
0.99948 -0.00102055 0.0322305 -1.93189 0.000936789 0.999996 0.002615 -1.17165 -0.0322331 -0.00258341 0.999477 88.1777 
0.999341 -0.00157081 0.0362516 -1.91396 0.00155055 0.999999 0.000588169 -1.18903 -0.0362526 -0.000531531 0.999343 89.3335 
0.999209 -0.0019924 0.0397134 -1.8917 0.00206315 0.999996 -0.00173939 -1.20913 -0.0397098 0.00181999 0.99921 90.4866 
0.999074 -0.00187575 0.0429874 -1.86654 0.00195896 0.999996 -0.00189275 -1.23275 -0.0429837 0.00197525 0.999074 91.6524 
0.998945 -0.00321377 0.0458069 -1.83073 0.0032517 0.999994 -0.000752537 -1.25388 -0.0458043 0.000900735 0.99895 92.8222 
0.998815 -0.00391739 0.0485105 -1.79632 0.0038885 0.999992 0.000690702 -1.27288 -0.0485128 -0.00050121 0.998822 93.9833 
0.99868 -0.00471787 0.0511513 -1.75216 0.00459873 0.999986 0.00244751 -1.29131 -0.0511622 -0.00220901 0.998688 95.1638 
0.998546 -0.0062749 0.0535333 -1.70741 0.00609735 0.999975 0.0034801 -1.30906 -0.0535539 -0.00314859 0.99856 96.3279 
0.998415 -0.00726323 0.0558157 -1.65806 0.00720949 0.999973 0.0011648 -1.32412 -0.0558228 -0.00076051 0.99844 97.5207 
0.998281 -0.00856612 0.0579883 -1.61012 0.00871487 0.999959 -0.00231209 -1.34486 -0.0579662 0.00281352 0.998315 98.6796 
0.998171 -0.00794478 0.0599362 -1.55918 0.00827512 0.999952 -0.00526468 -1.36462 -0.0598916 0.00575107 0.998188 99.8485 
0.998076 -0.00787881 0.0614988 -1.50801 0.00827367 0.999947 -0.00616798 -1.38736 -0.061447 0.00666498 0.998088 101.03 
0.998057 -0.00780933 0.0618217 -1.45125 0.00816403 0.999952 -0.00548614 -1.41301 -0.0617759 0.00598023 0.998072 102.231 
0.998101 -0.00770117 0.0611126 -1.39664 0.00794422 0.999962 -0.00373441 -1.43612 -0.0610815 0.00421285 0.998124 103.437 
0.998175 -0.00818142 0.0598285 -1.35113 0.00832687 0.999963 -0.00218152 -1.46144 -0.0598085 0.00267577 0.998206 104.625 
0.998281 -0.00801288 0.0580574 -1.30661 0.00810556 0.999966 -0.00136026 -1.48178 -0.0580446 0.00182855 0.998312 105.859 
0.998422 -0.00769896 0.0556315 -1.2631 0.00776591 0.999969 -0.000986496 -1.50011 -0.0556222 0.00141701 0.998451 107.097 
0.998581 -0.00729798 0.0527458 -1.22683 0.00735418 0.999973 -0.000870806 -1.52254 -0.052738 0.00125751 0.998608 108.306 
0.998772 -0.00586471 0.0491974 -1.21163 0.00594084 0.999981 -0.00140052 -1.54207 -0.0491883 0.00169111 0.998788 109.568 
0.998943 -0.00569881 0.045607 -1.18824 0.00575211 0.999983 -0.00103663 -1.56237 -0.0456003 0.00129792 0.998959 110.796 
0.999125 -0.00499818 0.0415143 -1.15072 0.00500486 0.999988 -5.60353e-05 -1.58681 -0.0415135 0.000263801 0.999138 112.065 
0.999288 -0.00476774 0.0374181 -1.12909 0.00473919 0.999988 0.000852858 -1.6078 -0.0374218 -0.000674878 0.999299 113.302 
0.99945 -0.00490324 0.0328067 -1.09895 0.00485883 0.999987 0.00143451 -1.62642 -0.0328133 -0.00127427 0.999461 114.54 
0.999594 -0.00451047 0.0281507 -1.08936 0.00446793 0.999989 0.00157515 -1.64897 -0.0281576 -0.0014487 0.999602 115.788 
0.999715 -0.0037912 0.0235736 -1.09771 0.00375935 0.999992 0.00139744 -1.66507 -0.0235787 -0.00130838 0.999721 117.081 
0.999824 -0.00333777 0.0184768 -1.08447 0.00331883 0.999994 0.0010584 -1.68496 -0.0184803 -0.000996854 0.999829 118.353 
0.999901 -0.00224666 0.0138812 -1.09526 0.00224062 0.999997 0.000453739 -1.7066 -0.0138822 -0.00042255 0.999904 119.599 
0.999942 -0.000166728 0.0107436 -1.11546 0.000164496 1 0.000212631 -1.72541 -0.0107437 -0.00021081 0.999942 120.839 
0.99996 0.00186129 0.00880535 -1.13665 -0.00186436 0.999998 0.00034533 -1.7461 -0.00880474 -0.000361691 0.999961 122.082 
0.999965 0.00281441 0.00783822 -1.15217 -0.0028138 0.999996 -8.30481e-05 -1.75966 -0.00783846 6.10319e-05 0.999969 123.343 
0.999964 0.00498666 0.00687913 -1.17208 -0.00498697 0.999988 3.41441e-05 -1.77831 -0.00687891 -6.8407e-05 0.999976 124.594 
0.999962 0.00641474 0.00593486 -1.18868 -0.00641941 0.999979 0.000774193 -1.79726 -0.00592981 -0.00081222 0.999982 125.849 
0.999965 0.00639413 0.00534343 -1.20759 -0.00640084 0.999979 0.00124753 -1.81633 -0.00533539 -0.00128164 0.999985 127.112 
0.99994 0.00999562 0.00457303 -1.23323 -0.0100095 0.999945 0.0030364 -1.83037 -0.00454247 -0.00308195 0.999985 128.386 
0.999932 0.0109954 0.00398373 -1.25799 -0.0110196 0.999921 0.00610496 -1.84295 -0.00391633 -0.0061484 0.999973 129.656 
0.999945 0.00993672 0.00340635 -1.28153 -0.00995594 0.999934 0.00568648 -1.85498 -0.00334966 -0.00572003 0.999978 130.939 
0.999946 0.00990965 0.00302901 -1.30534 -0.00992211 0.999942 0.00414215 -1.8666 -0.00298783 -0.00417194 0.999987 132.201 
0.999971 0.0071903 0.00242243 -1.3343 -0.0072027 0.999961 0.00516687 -1.87939 -0.00238523 -0.00518413 0.999984 133.494 
0.999987 0.00490644 0.0012104 -1.35056 -0.00491492 0.999962 0.00714324 -1.8962 -0.00117535 -0.00714906 0.999974 134.796 
0.999999 0.00140891 0.000806373 -1.36837 -0.00141608 0.999958 0.00901638 -1.90775 -0.000793678 -0.00901747 0.999959 136.079 
1 -0.000537033 0.000323573 -1.38797 0.000533762 0.999948 0.0101539 -1.91936 -0.000329052 -0.0101537 0.999948 137.35 
0.999989 -0.00468169 0.000463546 -1.40467 0.00467768 0.999954 0.00839005 -1.93141 -0.000502847 -0.00838775 0.999965 138.624 
0.999973 -0.00734763 0.000668349 -1.42306 0.00734254 0.999946 0.00739121 -1.94012 -0.000722663 -0.00738606 0.999973 139.909 
0.999962 -0.00869028 0.000888864 -1.44072 0.00868369 0.999936 0.00721333 -1.95397 -0.000951536 -0.00720529 0.999974 141.191 
0.999961 -0.00869887 0.0012645 -1.45897 0.00868913 0.999934 0.00755056 -1.96453 -0.00133014 -0.00753924 0.999971 142.474 
0.999968 -0.00777607 0.0019696 -1.48707 0.00775686 0.999924 0.00960038 -1.97569 -0.00204414 -0.00958475 0.999952 143.756 
0.999981 -0.00561593 0.00259642 -1.50755 0.00558705 0.999924 0.011013 -1.98342 -0.00265811 -0.0109982 0.999936 145.056 
0.999977 -0.00584648 0.00335723 -1.53196 0.00581509 0.99994 0.00929671 -1.99356 -0.00341143 -0.00927694 0.999951 146.346 
0.99998 -0.0050306 0.00390063 -1.55393 0.00500193 0.999961 0.00733781 -2.0025 -0.00393743 -0.0073181 0.999966 147.639 
0.999978 -0.00510606 0.00435088 -1.57053 0.00508441 0.999975 0.00498145 -2.01891 -0.00437625 -0.00495917 0.999978 148.926 
0.999969 -0.00628238 0.00475737 -1.59328 0.00627743 0.99998 0.00106218 -2.04064 -0.00476399 -0.00103225 0.999988 150.207 
0.999967 -0.00614894 0.0052315 -1.61254 0.00616273 0.999978 -0.00261491 -2.05973 -0.00521535 0.00264711 0.999983 151.492 
0.999964 -0.00645103 0.00560704 -1.63374 0.00647029 0.999973 -0.00341754 -2.08895 -0.00558488 0.00345374 0.999978 152.79 
0.999962 -0.0062847 0.00596686 -1.65742 0.00630384 0.999975 -0.00318713 -2.11806 -0.00594672 0.00322466 0.999977 154.084 
0.999966 -0.0058083 0.00586595 -1.67371 0.00582405 0.99998 -0.00266436 -2.14591 -0.00585039 0.00269847 0.999979 155.375 
0.99997 -0.00541696 0.00561039 -1.68808 0.005426 0.999984 -0.00159039 -2.17306 -0.00560173 0.00162082 0.999983 156.654 
0.999973 -0.00489708 0.00542216 -1.70776 0.00490267 0.999988 -0.00101121 -2.20127 -0.00541718 0.00103781 0.999985 157.927 
0.999977 -0.00474262 0.00487484 -1.72679 0.00474896 0.999988 -0.00127989 -2.22904 -0.00486876 0.00130305 0.999987 159.191 
0.999982 -0.00435639 0.00421176 -1.74465 0.00436077 0.99999 -0.00102288 -2.25288 -0.00420731 0.00104127 0.999991 160.465 
0.999981 -0.00513631 0.00349593 -1.76099 0.00513591 0.999987 0.000136582 -2.27407 -0.00349662 -0.000118583 0.999994 161.755 
0.999987 -0.0041484 0.00291625 -1.78304 0.00414736 0.999991 0.000376464 -2.29611 -0.00291783 -0.000364322 0.999996 163.032 
0.99999 -0.00373262 0.00232416 -1.80491 0.00373371 0.999993 -0.000445301 -2.32186 -0.00232252 0.000454016 0.999997 164.33 
0.999994 -0.00315099 0.00173047 -1.82873 0.00315385 0.999994 -0.0016232 -2.34664 -0.00172538 0.00162869 0.999997 165.599 
0.999996 -0.00265429 0.000812986 -1.8487 0.00265569 0.999995 -0.00167209 -2.3703 -0.000808586 0.00167429 0.999998 166.868 
0.999994 -0.00332948 4.46187e-05 -1.87176 0.00332963 0.999991 -0.00261748 -2.39325 -3.59457e-05 0.00261766 0.999997 168.156 
0.999997 -0.00257325 -0.000530412 -1.90006 0.00257128 0.99999 -0.00376648 -2.41787 0.000540056 0.00376515 0.999993 169.439 
0.999997 -0.0022293 -0.00132481 -1.92207 0.00222457 0.999991 -0.00358638 -2.44001 0.00133275 0.00358346 0.999993 170.739 
0.999996 -0.00200093 -0.00194715 -1.95035 0.00199676 0.999996 -0.0021595 -2.47029 0.00195142 0.00215564 0.999996 172.024 
0.999995 -0.00190586 -0.00267049 -1.98 0.00190089 0.999996 -0.00187853 -2.49359 0.00267402 0.00187348 0.999995 173.304 
0.999992 -0.00157953 -0.00361162 -2.00413 0.00157405 0.999998 -0.0015305 -2.51635 0.00361399 0.00152484 0.999992 174.59 
0.99999 -0.00122159 -0.00421314 -2.03772 0.00121618 0.999998 -0.00129653 -2.54046 0.00421468 0.00129144 0.99999 175.873 
0.99999 -0.0010037 -0.00440306 -2.07475 0.000994755 0.999997 -0.00204185 -2.56606 0.00440506 0.0020375 0.999988 177.156 
0.999987 -0.000125309 -0.00503781 -2.10646 0.000113191 0.999997 -0.00241415 -2.59481 0.00503806 0.00241359 0.999984 178.429 
0.999986 0.000117022 -0.00531515 -2.14123 -0.000127688 0.999998 -0.00201439 -2.62082 0.00531486 0.00201508 0.999984 179.706 
0.999985 -0.000178709 -0.00540701 -2.17054 0.000162204 0.999995 -0.00306057 -2.64848 0.00540749 0.00305969 0.999981 180.997 
0.999984 -0.001514 -0.00546401 -2.20091 0.001489 0.999988 -0.00458394 -2.67587 0.00547084 0.00457577 0.999975 182.264 
0.999973 -0.00453447 -0.00576405 -2.22559 0.0045093 0.99998 -0.0043803 -2.70224 0.00578375 0.00435423 0.999974 183.535 
0.999974 -0.00415726 -0.00596476 -2.25536 0.00415345 0.999991 -0.000657679 -2.72834 0.00596739 0.00063293 0.999982 184.811 
0.999967 -0.00528866 -0.00618726 -2.2825 0.00531162 0.999979 0.00369329 -2.75128 0.00616755 -0.00372599 0.999974 186.083 
0.999975 -0.00386872 -0.00591911 -2.31655 0.00388688 0.999988 0.00305227 -2.76984 0.00590718 -0.00307516 0.999978 187.337 
0.99998 -0.00245249 -0.00581017 -2.34994 0.00245225 0.999997 -5.47116e-05 -2.7914 0.00581025 4.05048e-05 0.999983 188.578 
0.999978 -0.00233942 -0.00616905 -2.38276 0.0023268 0.999995 -0.00205878 -2.81253 0.0061738 0.00204443 0.999979 189.826 
0.999977 -0.00260839 -0.00627791 -2.41423 0.00259763 0.999995 -0.00172752 -2.83729 0.00628235 0.00171121 0.999979 191.09 
0.999977 -0.00289401 -0.00613106 -2.4424 0.002891 0.999996 -0.000506861 -2.86255 0.00613246 0.000489167 0.999981 192.346 
0.99998 -0.00267771 -0.00578068 -2.47639 0.0026871 0.999995 0.00160854 -2.88611 0.0057763 -0.001624 0.999982 193.605 
0.999984 -0.00332716 -0.00457767 -2.52092 0.00333797 0.999992 0.00234692 -2.90386 0.00456978 -0.00236212 0.999987 194.878 
0.99999 -0.00333544 -0.00295003 -2.55252 0.00334078 0.999993 0.0017898 -2.92703 0.002944 -0.0017996 0.999994 196.131 
0.999989 -0.00446236 -0.00158876 -2.57276 0.00446277 0.99999 0.000229733 -2.94765 0.00158767 -0.000236778 0.999999 197.377 
0.999988 -0.00485606 -0.000496117 -2.59167 0.00485549 0.999988 -0.00121191 -2.97229 0.000501953 0.00120953 0.999999 198.607 
0.999984 -0.00555201 0.000884194 -2.61247 0.00555344 0.999983 -0.0015782 -2.99959 -0.000875459 0.00158313 0.999998 199.841 
0.999983 -0.00545522 0.00212775 -2.63002 0.00545711 0.999985 -0.000864946 -3.02527 -0.00212304 0.000876585 0.999997 201.071 
0.999977 -0.00590197 0.00334171 -2.64058 0.00589885 0.999982 0.000953569 -3.04887 -0.00334732 -0.000933793 0.999994 202.319 
0.999978 -0.00491871 0.00436202 -2.66081 0.00491244 0.999987 0.00145656 -3.07507 -0.00436917 -0.00143506 0.999989 203.536 
0.999971 -0.00523131 0.00546855 -2.67653 0.00522274 0.999985 0.00158876 -3.09996 -0.00547682 -0.00156011 0.999984 204.754 
0.999967 -0.00496412 0.00639226 -2.69194 0.00495301 0.999986 0.00175993 -3.121 -0.00640095 -0.00172817 0.999978 205.967 
0.99996 -0.00509044 0.00742545 -2.70388 0.00507647 0.999985 0.00190456 -3.14208 -0.00743507 -0.00186674 0.999971 207.173 
0.999954 -0.00465172 0.00844328 -2.7199 0.00463706 0.999988 0.00175993 -3.16265 -0.00845141 -0.00172065 0.999963 208.379 
0.999946 -0.004879 0.00921605 -2.73095 0.00486176 0.999986 0.00189658 -3.18606 -0.00922522 -0.00185163 0.999956 209.574 
0.999936 -0.00585549 0.00968757 -2.7398 0.00583708 0.999981 0.00193131 -3.20838 -0.00969873 -0.0018746 0.999951 210.758 
0.999934 -0.00608748 0.00970009 -2.74497 0.00606156 0.999978 0.00270413 -3.22904 -0.00971638 -0.00264511 0.999949 211.934 
0.999935 -0.0066573 0.00922678 -2.75087 0.00662212 0.999971 0.00384208 -3.25278 -0.00925212 -0.00378069 0.99995 213.073 
0.999944 -0.0064838 0.00838688 -2.75326 0.00645184 0.999972 0.00383754 -3.27532 -0.00841157 -0.00378317 0.999958 214.203 
0.999948 -0.00616873 0.00808997 -2.76455 0.00614583 0.999977 0.00285867 -3.2939 -0.00810746 -0.00280876 0.999963 215.334 
0.999953 -0.00610757 0.00752237 -2.7788 0.00609124 0.999979 0.00219734 -3.31716 -0.00753568 -0.00215138 0.999969 216.435 
0.999957 -0.00630044 0.00679237 -2.78557 0.00628708 0.999978 0.00199164 -3.33684 -0.00680481 -0.00194881 0.999975 217.531 
0.999963 -0.00673984 0.00532328 -2.79605 0.00672832 0.999975 0.00218693 -3.36085 -0.00533793 -0.00215099 0.999983 218.608 
0.999966 -0.00751804 0.00351027 -2.80872 0.00750834 0.999968 0.00277962 -3.37949 -0.0035311 -0.00275313 0.99999 219.676 
0.999961 -0.00873313 0.00119493 -2.81391 0.0087278 0.999952 0.00442725 -3.39743 -0.00123358 -0.00441661 0.99999 220.752 
0.999966 -0.00822674 -0.0010465 -2.83434 0.0082329 0.999948 0.00598304 -3.41234 0.000997183 -0.0059914 0.999982 221.778 
0.999963 -0.00786603 -0.00352777 -2.85539 0.00788733 0.999951 0.00605369 -3.42996 0.00347994 -0.00608124 0.999975 222.803 
0.999952 -0.00775462 -0.00605427 -2.87971 0.00778899 0.999954 0.00566609 -3.44808 0.00601001 -0.00571293 0.999966 223.807 
0.999929 -0.00772611 -0.00907984 -2.90126 0.00778027 0.999952 0.00594025 -3.46482 0.00903347 -0.00601043 0.999941 224.798 
0.999903 -0.00718855 -0.0119079 -2.92929 0.00726681 0.999952 0.00653842 -3.48265 0.0118603 -0.00662428 0.999908 225.763 
0.999866 -0.00690997 -0.0148697 -2.95774 0.0070048 0.999955 0.00633172 -3.50055 0.0148253 -0.00643499 0.999869 226.709 
0.999809 -0.00707524 -0.0182253 -2.98982 0.00718368 0.999957 0.00588906 -3.51772 0.0181828 -0.00601882 0.999817 227.617 
0.999736 -0.00714888 -0.0218349 -3.01922 0.00726883 0.999959 0.00541726 -3.53593 0.0217952 -0.00557451 0.999747 228.508 
0.99966 -0.00625161 -0.0253238 -3.05301 0.00638641 0.999966 0.00524397 -3.55355 0.0252901 -0.00540387 0.999666 229.38 
0.999575 -0.00606095 -0.0285218 -3.091 0.00619409 0.99997 0.00458069 -3.57108 0.0284932 -0.00475537 0.999583 230.218 
0.999496 -0.00404867 -0.0314738 -3.12762 0.00419785 0.99998 0.0046736 -3.58688 0.0314542 -0.00480332 0.999494 231.043 
0.99947 -0.00360913 -0.0323409 -3.16473 0.00377983 0.999979 0.00521724 -3.60189 0.0323214 -0.00533668 0.999463 231.864 
0.999484 -0.00336218 -0.0319481 -3.20327 0.00356255 0.999974 0.0062154 -3.61351 0.0319264 -0.00632596 0.99947 232.658 
0.999488 -0.00332967 -0.0318249 -3.23518 0.00355523 0.999969 0.0070322 -3.62902 0.0318005 -0.0071417 0.999469 233.432 
0.999497 -0.00343876 -0.0315183 -3.2709 0.00364861 0.999972 0.00660169 -3.64204 0.0314947 -0.00671333 0.999481 234.183 
0.99951 -0.00295678 -0.0311766 -3.30738 0.00310615 0.999984 0.00474255 -3.65496 0.031162 -0.00483702 0.999503 234.921 
0.99954 -0.00288518 -0.0302005 -3.34481 0.00296666 0.999992 0.00265212 -3.66744 0.0301926 -0.00274046 0.99954 235.648 
0.999576 -0.00259667 -0.0290067 -3.37877 0.00263605 0.999996 0.00131814 -3.67992 0.0290031 -0.001394 0.999578 236.379 
0.99961 -0.00202973 -0.0278611 -3.40812 0.00205356 0.999998 0.000825319 -3.69162 0.0278594 -0.000882169 0.999612 237.11 
0.999654 -0.0023758 -0.0262024 -3.43579 0.00239188 0.999997 0.000580718 -3.70223 0.0262009 -0.000643147 0.999657 237.84 
0.999693 -0.00251057 -0.0246393 -3.45956 0.00252418 0.999997 0.00051969 -3.71392 0.0246379 -0.000581681 0.999696 238.567 
0.999738 -0.00246899 -0.0227546 -3.48746 0.00247682 0.999997 0.000314108 -3.72534 0.0227537 -0.000370342 0.999741 239.292 
0.999786 -0.00274828 -0.0205281 -3.51714 0.00274967 0.999996 3.74303e-05 -3.74005 0.0205279 -9.38253e-05 0.999789 240.025 
0.999838 -0.00252891 -0.0178311 -3.53723 0.00253391 0.999997 0.000255873 -3.74947 0.0178303 -0.000300971 0.999841 240.753 
0.999886 -0.00370721 -0.0146291 -3.55748 0.00372237 0.999993 0.0010064 -3.76301 0.0146252 -0.0010607 0.999893 241.476 
0.999921 -0.00473894 -0.0116462 -3.57568 0.00475329 0.999988 0.00120184 -3.77374 0.0116403 -0.00125706 0.999932 242.19 
0.99995 -0.00497373 -0.00862448 -3.58803 0.00498508 0.999987 0.00129047 -3.78782 0.0086179 -0.00133336 0.999962 242.903 
0.99997 -0.005298 -0.0056242 -3.60131 0.00530362 0.999986 0.000976751 -3.80054 0.0056189 -0.00100651 0.999984 243.599 
0.999983 -0.00535402 -0.00251082 -3.61383 0.00535607 0.999985 0.000792448 -3.81167 0.0025065 -0.00080584 0.999997 244.301 
0.99999 -0.00448415 0.000400989 -3.62489 0.00448423 0.99999 -0.000111659 -3.82354 -0.000400527 0.000113498 1 245 
0.999984 -0.00440721 0.00342321 -3.6325 0.00440973 0.99999 -0.000719041 -3.83443 -0.00342005 0.000734167 0.999994 245.709 
0.999971 -0.0042528 0.00627989 -3.63947 0.00425142 0.999991 0.000239665 -3.84658 -0.00628089 -0.000212918 0.99998 246.414 
0.999952 -0.00418814 0.00881109 -3.64407 0.00418036 0.999991 0.000906713 -3.85919 -0.00881485 -0.000869794 0.999961 247.121 
0.999927 -0.00428387 0.0113088 -3.64726 0.00427461 0.999991 0.000846694 -3.87231 -0.0113123 -0.00079825 0.999936 247.828 
0.999896 -0.00440168 0.0137297 -3.65082 0.00441368 0.99999 -0.000841064 -3.88434 -0.0137259 0.000901617 0.999905 248.532 
0.999872 -0.00421486 0.0154166 -3.65102 0.00426261 0.999986 -0.0030628 -3.8972 -0.0154035 0.00312817 0.999877 249.242 
0.999851 -0.00501118 0.0164932 -3.64978 0.0050884 0.999976 -0.00464018 -3.90839 -0.0164696 0.00472346 0.999853 249.956 
0.99985 -0.00492934 0.0165782 -3.64776 0.00501562 0.999974 -0.00516409 -3.92139 -0.0165523 0.00524651 0.999849 250.679 
0.999841 -0.00603856 0.0167835 -3.64634 0.00613253 0.999966 -0.00555066 -3.93815 -0.0167494 0.00565274 0.999844 251.404 
0.999845 -0.00476727 0.0169581 -3.648 0.00486568 0.999972 -0.00576411 -3.95387 -0.0169302 0.00584577 0.99984 252.141 
0.999841 -0.00406777 0.0173825 -3.6497 0.00417948 0.999971 -0.00639228 -3.96503 -0.017356 0.00646395 0.999829 252.884 
0.999829 -0.00462095 0.0179058 -3.65774 0.00477392 0.999952 -0.00850745 -3.97764 -0.0178657 0.00859151 0.999804 253.65 
0.999788 -0.00862566 0.0186997 -3.66464 0.00882613 0.999904 -0.0106622 -3.99335 -0.018606 0.010825 0.999768 254.414 
0.999736 -0.0117993 0.0197413 -3.66762 0.012024 0.999864 -0.0113003 -4.01912 -0.0196053 0.0115347 0.999741 255.203 
0.999741 -0.0095962 0.0206522 -3.67648 0.00975011 0.999925 -0.00736255 -4.03607 -0.02058 0.00756204 0.99976 255.989 
0.999758 -0.0055829 0.0212586 -3.68145 0.0056132 0.999983 -0.00136423 -4.05048 -0.0212507 0.00148327 0.999773 256.777 
0.999732 -0.00629142 0.0222701 -3.68062 0.0062407 0.999978 0.00234819 -4.07125 -0.0222844 -0.00220854 0.999749 257.581 
0.999666 -0.00727102 0.0248046 -3.67332 0.00726464 0.999974 0.000348948 -4.08472 -0.0248065 -0.000168594 0.999692 258.372 
0.999561 -0.00590298 0.0290416 -3.66555 0.00607929 0.999964 -0.00598504 -4.0933 -0.0290053 0.006159 0.99956 259.169 
0.999451 -0.00375519 0.0329088 -3.6578 0.00407328 0.999946 -0.00960266 -4.10592 -0.032871 0.00973148 0.999412 259.977 
0.999342 -0.00222022 0.0362114 -3.6451 0.00256236 0.999953 -0.00940345 -4.1231 -0.0361889 0.00949008 0.9993 260.797 
0.99921 -0.00382864 0.039552 -3.62761 0.00410929 0.999967 -0.00701577 -4.14154 -0.0395239 0.0071728 0.999193 261.63 
0.999066 -0.00689533 0.0426555 -3.60069 0.00706526 0.999968 -0.00383347 -4.1573 -0.0426277 0.0041313 0.999083 262.475 
0.998917 -0.00903829 0.045646 -3.57442 0.00915581 0.999955 -0.00236521 -4.17014 -0.0456227 0.00278062 0.998955 263.316 
0.998769 -0.0088874 0.0488092 -3.55073 0.00899219 0.999958 -0.00192672 -4.18457 -0.04879 0.00236329 0.998806 264.158 
0.998656 -0.00643588 0.0514296 -3.52462 0.00665425 0.99997 -0.00407523 -4.20102 -0.0514018 0.00441202 0.998668 265 
0.998547 -0.0054389 0.0536057 -3.49016 0.00578695 0.999963 -0.00633891 -4.2157 -0.0535693 0.00663996 0.998542 265.838 
0.998401 -0.00488229 0.0563131 -3.4585 0.00525427 0.999965 -0.00645865 -4.23217 -0.0562796 0.00674425 0.998392 266.685 
0.998235 -0.00403601 0.059251 -3.42432 0.00430199 0.999981 -0.00436154 -4.25199 -0.0592323 0.00460878 0.998234 267.541 
0.998031 -0.00269827 0.0626683 -3.39207 0.00287054 0.999992 -0.00265845 -4.27178 -0.0626607 0.00283314 0.998031 268.396 
0.99783 -0.00186407 0.0658188 -3.35539 0.00205577 0.999994 -0.00284427 -4.28796 -0.0658131 0.00297344 0.997828 269.245 
0.997643 -0.00183769 0.0685971 -3.31348 0.00207461 0.999992 -0.00338201 -4.3023 -0.0685904 0.00351639 0.997639 270.097 
0.99745 -0.00343747 0.0712915 -3.26242 0.0037186 0.999986 -0.00381046 -4.31888 -0.0712774 0.00406588 0.997448 270.952 
0.997284 -0.00656821 0.0733535 -3.21842 0.00681534 0.999972 -0.00311863 -4.33251 -0.073331 0.00361013 0.997301 271.802 
0.997208 -0.00737634 0.0743118 -3.1668 0.00764071 0.999965 -0.00327329 -4.34914 -0.0742851 0.00383199 0.99723 272.658 
0.997149 -0.00844819 0.0749844 -3.11551 0.00870766 0.999957 -0.00313343 -4.36941 -0.0749548 0.00377747 0.99718 273.521 
0.997104 -0.00855612 0.0755714 -3.06795 0.00880854 0.999957 -0.00300694 -4.3873 -0.0755425 0.00366395 0.997136 274.38 
0.99713 -0.00824253 0.0752546 -3.01654 0.00844342 0.999962 -0.00235116 -4.40421 -0.0752324 0.00297986 0.997162 275.244 
0.997169 -0.00773576 0.0747972 -2.97165 0.00790723 0.999967 -0.00199604 -4.42123 -0.0747793 0.00258187 0.997197 276.1 
0.997254 -0.00796286 0.0736218 -2.92467 0.00818512 0.999963 -0.00271716 -4.43946 -0.0735974 0.00331235 0.997283 276.96 
0.997373 -0.00792716 0.0719984 -2.87959 0.00821317 0.99996 -0.00367661 -4.45543 -0.0719664 0.00425833 0.997398 277.818 
0.997486 -0.0072881 0.0704936 -2.8391 0.00761268 0.999962 -0.00433618 -4.4734 -0.0704594 0.00486196 0.997503 278.68 
0.997621 -0.006494 0.0686254 -2.78967 0.00681882 0.999967 -0.00449942 -4.49533 -0.068594 0.0049567 0.997632 279.545 
0.997744 -0.0049866 0.0669538 -2.752 0.00531983 0.999974 -0.00479892 -4.51369 -0.0669282 0.00514432 0.997745 280.401 
0.997886 -0.00471173 0.0648242 -2.70804 0.00500383 0.999978 -0.00434383 -4.53069 -0.0648023 0.00465906 0.997887 281.271 
0.998043 -0.00522116 0.0623105 -2.67998 0.00540455 0.999982 -0.00277416 -4.5514 -0.0622949 0.00310553 0.998053 282.119 
0.998283 -0.00631662 0.0582358 -2.64393 0.00635647 0.99998 -0.000498229 -4.56702 -0.0582316 0.000867588 0.998303 282.97 
0.998531 -0.00734702 0.0536794 -2.61539 0.00729708 0.999973 0.00112707 -4.58109 -0.0536862 -0.000733669 0.998558 283.814 
0.998761 -0.00786897 0.0491304 -2.59418 0.00776155 0.999967 0.00237769 -4.59794 -0.0491475 -0.00199338 0.99879 284.652 
0.998982 -0.00800082 0.0444052 -2.57359 0.00787587 0.999965 0.00298917 -4.61269 -0.0444276 -0.00263636 0.999009 285.482 
0.999169 -0.00856736 0.0398603 -2.55955 0.00844196 0.999959 0.00331427 -4.62351 -0.0398871 -0.00297497 0.9992 286.298 
0.999341 -0.00962439 0.0350126 -2.54417 0.0095042 0.999948 0.00359874 -4.63999 -0.0350454 -0.00326356 0.99938 287.109 
0.999469 -0.00988337 0.0310623 -2.53363 0.00978611 0.999947 0.00328276 -4.6552 -0.0310931 -0.00297699 0.999512 287.906 
0.999583 -0.00938287 0.0273044 -2.53611 0.00930075 0.999952 0.00313453 -4.66977 -0.0273325 -0.00287923 0.999622 288.688 
0.999681 -0.00934634 0.0234865 -2.5301 0.00927527 0.999952 0.003135 -4.68563 -0.0235147 -0.00291611 0.999719 289.444 
0.999758 -0.00974631 0.0197265 -2.53244 0.00968685 0.999948 0.00310953 -4.69847 -0.0197558 -0.00291765 0.999801 290.186 
0.999821 -0.0107342 0.015611 -2.54325 0.0106989 0.99994 0.00235072 -4.70944 -0.0156353 -0.00218324 0.999875 290.926 
0.999901 -0.00906492 0.0107313 -2.54957 0.00905673 0.999959 0.000815775 -4.72407 -0.0107383 -0.000718462 0.999942 291.624 
0.999961 -0.00772569 0.00422646 -2.56278 0.00773059 0.99997 -0.00113499 -4.7409 -0.00421761 0.00116766 0.99999 292.304 
0.999968 -0.00686218 -0.00403126 -2.58382 0.00685105 0.999973 -0.00278 -4.7581 0.00405019 0.00275233 0.999988 292.974 
0.999867 -0.00700333 -0.0147319 -2.60587 0.0069458 0.999968 -0.00395556 -4.77125 0.0147591 0.00385275 0.999884 293.638 
0.999587 -0.00655868 -0.0279777 -2.6486 0.00644562 0.999971 -0.00413079 -4.78983 0.0280039 0.0039488 0.9996 294.285 
0.99898 -0.00555285 -0.0448136 -2.69782 0.00539781 0.999979 -0.00358087 -4.80734 0.0448325 0.00333536 0.998989 294.917 
0.997896 -0.00309685 -0.064754 -2.76617 0.00290971 0.999991 -0.00298475 -4.82074 0.0647626 0.0027901 0.997897 295.553 
0.996169 -0.00156433 -0.0874374 -2.84919 0.00129451 0.999994 -0.00314293 -4.83566 0.0874418 0.00301774 0.996165 296.177 
0.993587 -0.000430715 -0.113067 -2.9431 4.72745e-05 0.999994 -0.00339428 -4.84702 0.113068 0.00336722 0.993582 296.782 
0.990006 0.000901201 -0.14102 -3.05833 -0.00138577 0.999994 -0.00333832 -4.85481 0.141016 0.00350042 0.990001 297.381 
0.985074 0.00182792 -0.172124 -3.18157 -0.00223026 0.999995 -0.00214441 -4.86911 0.172119 0.00249633 0.985073 297.968 
0.97848 0.00151895 -0.206335 -3.32274 -0.00167155 0.999998 -0.000565446 -4.8763 0.206334 0.000898225 0.978481 298.534 
0.970111 0.00151928 -0.242655 -3.48094 -0.00130414 0.999999 0.00104708 -4.88792 0.242657 -0.000699278 0.970112 299.071 
0.959761 0.00277272 -0.280804 -3.65895 -0.00190721 0.999993 0.00335536 -4.89703 0.280811 -0.00268475 0.959759 299.606 
0.947295 0.00425373 -0.320334 -3.85527 -0.00256793 0.999981 0.00568474 -4.90888 0.320352 -0.00456249 0.947288 300.13 
0.932587 0.00471226 -0.360914 -4.06235 -0.00211685 0.999969 0.00758613 -4.91776 0.360938 -0.00631068 0.932568 300.632 
0.915333 0.00453528 -0.402672 -4.27867 -0.000895393 0.999957 0.00922704 -4.92902 0.402697 -0.00808522 0.915298 301.129 
0.895286 0.00411521 -0.445472 -4.52117 0.000573138 0.999946 0.0103892 -4.93648 0.445491 -0.00955653 0.895236 301.606 
0.872211 0.00336676 -0.489118 -4.78229 0.00238379 0.999935 0.0111337 -4.94303 0.489124 -0.0108768 0.872147 302.064 
0.845991 0.0026662 -0.53319 -5.0644 0.00455975 0.999915 0.0122348 -4.94973 0.533177 -0.0127817 0.845907 302.513 
0.816652 0.00293749 -0.577123 -5.37118 0.006016 0.999889 0.0136021 -4.95216 0.5771 -0.0145801 0.816544 302.938 
0.784174 0.00441366 -0.620525 -5.70257 0.0054494 0.999887 0.0139985 -4.9592 0.620517 -0.0143587 0.784061 303.329 
0.748336 0.00347279 -0.663311 -6.05107 0.0076612 0.999874 0.0138781 -4.96355 0.663276 -0.0154672 0.748215 303.706 
0.709369 0.00250768 -0.704832 -6.42355 0.0118397 0.99981 0.015473 -4.96543 0.704737 -0.0193211 0.709205 304.023 
0.666258 0.00185937 -0.745719 -6.81117 0.017802 0.999672 0.0183977 -4.96304 0.745509 -0.0255329 0.666007 304.297 
0.619019 0.00236395 -0.785372 -7.21598 0.0219543 0.999553 0.0203127 -4.95814 0.785069 -0.0298162 0.61869 304.532 
0.568285 0.00607715 -0.82281 -7.63472 0.0209617 0.999541 0.0218599 -4.95321 0.822565 -0.0296701 0.567896 304.744 
0.515572 0.0125181 -0.856755 -8.05668 0.0159887 0.999579 0.0242264 -4.9562 0.856697 -0.0261888 0.515154 304.917 
0.460102 0.0160729 -0.887721 -8.47541 0.0135654 0.999592 0.0251293 -4.94657 0.887763 -0.0236043 0.459696 305.076 
0.402485 0.0183141 -0.915243 -8.90031 0.0128353 0.999589 0.0256462 -4.94128 0.915337 -0.0220696 0.402085 305.211 
0.343387 0.0203925 -0.938973 -9.31087 0.0144925 0.99953 0.0270077 -4.93627 0.939082 -0.0228821 0.34293 305.329 
0.283359 0.0237694 -0.958719 -9.72163 0.0165655 0.999422 0.0296746 -4.93357 0.958871 -0.0242902 0.282801 305.429 
0.222542 0.0274783 -0.974536 -10.1347 0.0185525 0.999302 0.0324133 -4.92479 0.974746 -0.0252934 0.221877 305.498 
0.158468 0.0309981 -0.986877 -10.5556 0.0206825 0.999184 0.0347057 -4.92153 0.987147 -0.0259108 0.157698 305.545 
0.0925776 0.0347912 -0.995098 -10.9962 0.0211403 0.999095 0.0368977 -4.90918 0.995481 -0.0244525 0.0917584 305.563 
0.0260443 0.040251 -0.99885 -11.4535 0.0228969 0.998903 0.0408501 -4.89359 0.999399 -0.0239344 0.0250941 305.544 
-0.0421013 0.0470553 -0.998005 -11.9211 0.0246039 0.998636 0.0460471 -4.87972 0.99881 -0.0226161 -0.0432017 305.494 
-0.110635 0.053726 -0.992408 -12.3966 0.0267008 0.998338 0.0510704 -4.86019 0.993502 -0.0208478 -0.111886 305.412 
-0.178453 0.0597575 -0.982132 -12.8798 0.0288815 0.998042 0.0554778 -4.8393 0.983525 -0.0184652 -0.179829 305.289 
-0.245227 0.0656902 -0.967238 -13.3618 0.0325654 0.997697 0.0595024 -4.81831 0.968919 -0.0169068 -0.246801 305.133 
-0.310253 0.0698382 -0.948085 -13.8488 0.0365897 0.997436 0.0614998 -4.79233 0.94995 -0.0156096 -0.312013 304.942 
-0.372029 0.0720935 -0.925417 -14.3218 0.0398501 0.997301 0.0616732 -4.76629 0.927365 -0.0139336 -0.373898 304.707 
-0.431354 0.0721864 -0.89929 -14.7988 0.0427974 0.997309 0.0595262 -4.73028 0.901167 -0.0128104 -0.433282 304.44 
-0.487057 0.0721752 -0.870383 -15.2712 0.0449928 0.99733 0.0575246 -4.69854 0.87221 -0.0111432 -0.489004 304.131 
-0.538346 0.0721608 -0.839629 -15.7403 0.0467201 0.997351 0.0557603 -4.66497 0.841428 -0.00920919 -0.540291 303.788 
-0.584278 0.0721918 -0.808336 -16.2027 0.0481234 0.997365 0.0542894 -4.63314 0.810125 -0.00717979 -0.586213 303.408 
-0.6247 0.072891 -0.777456 -16.6642 0.0491583 0.99733 0.0540059 -4.6016 0.779316 -0.00448091 -0.626615 302.995 
-0.661422 0.0764676 -0.746106 -17.1162 0.0534008 0.997066 0.0548485 -4.56947 0.748111 -0.00356463 -0.663564 302.55 
-0.697353 0.0837463 -0.711819 -17.5636 0.06161 0.996478 0.0568789 -4.54233 0.714075 -0.00419049 -0.700057 302.077 
-0.731996 0.0895176 -0.675403 -18.0065 0.0677955 0.995981 0.0585308 -4.51119 0.677928 -0.0029449 -0.735123 301.558 
-0.764129 0.0911218 -0.638595 -18.4394 0.070584 0.995839 0.0576381 -4.47723 0.64119 -0.00103166 -0.767382 300.998 
-0.793608 0.0877746 -0.602065 -18.8569 0.0699023 0.99614 0.0530853 -4.44717 0.6044 4.32195e-05 -0.796681 300.397 
-0.820059 0.0847839 -0.565964 -19.2529 0.0705621 0.996398 0.0470233 -4.41331 0.567913 -0.00137382 -0.823088 299.76 
-0.844381 0.08001 -0.529734 -19.6361 0.0689847 0.996792 0.0405938 -4.38214 0.531283 -0.00226685 -0.847192 299.084 
-0.866373 0.0772518 -0.493386 -20.0151 0.0687113 0.997007 0.0354507 -4.3525 0.494648 -0.00318763 -0.869088 298.367 
-0.886393 0.0757589 -0.456692 -20.3742 0.0677759 0.997126 0.0338631 -4.32943 0.457945 -0.00093672 -0.88898 297.61 
-0.90506 0.0721083 -0.419126 -20.71 0.0648516 0.997396 0.031556 -4.30787 0.42031 0.00137907 -0.90738 296.818 
-0.921744 0.0717067 -0.381112 -21.019 0.0655049 0.997424 0.0292386 -4.28577 0.382227 0.00198576 -0.924066 295.995 
-0.936914 0.0738738 -0.341664 -21.3051 0.0682829 0.997262 0.0283796 -4.26332 0.342825 0.00325945 -0.939394 295.139 
-0.949959 0.077416 -0.302631 -21.5642 0.0724636 0.99699 0.0275766 -4.24757 0.303855 0.00426686 -0.952709 294.252 
-0.961195 0.0787321 -0.264396 -21.7888 0.0737348 0.996862 0.0287886 -4.23308 0.265833 0.00817634 -0.963984 293.332 
-0.970478 0.0816676 -0.226943 -21.9797 0.077094 0.996603 0.0289592 -4.21715 0.228537 0.0106084 -0.973477 292.388 
-0.978357 0.0810963 -0.190369 -22.1414 0.0772637 0.996632 0.0274817 -4.20063 0.191956 0.0121784 -0.981328 291.42 
-0.98448 0.0797567 -0.156326 -22.2677 0.0770749 0.996756 0.0231527 -4.18368 0.157666 0.0107445 -0.987434 290.419 
