1 2.12261e-08 -2.11895e-08 0 2.12261e-08 1 2.10703e-08 0 -2.11895e-08 2.10703e-08 1 0 
0.999979 0.00046562 -0.00642997 -0.0100614 -0.000463731 1 0.000288788 -0.000781569 0.00643007 -0.000285758 0.999979 0.0933027 
0.999907 0.0010736 -0.0135817 -0.0196617 -0.00107101 0.999999 0.0001945 -0.00157918 0.0135819 -0.000179893 0.999908 0.193292 
0.999776 0.00127932 -0.0211216 -0.0323496 -0.00129095 0.999999 -0.000538525 -0.00194208 0.0211208 0.000565714 0.999777 0.292944 
0.999536 0.00184986 -0.0304182 -0.0471903 -0.00190662 0.999997 -0.00183845 -0.00355602 0.0304146 0.00189564 0.999536 0.401498 
0.999122 0.00195828 -0.041849 -0.0668482 -0.0021018 0.999992 -0.00338679 -0.00419751 0.041842 0.00347182 0.999118 0.518839 
0.998457 0.00180866 -0.0554976 -0.0898772 -0.00205029 0.999989 -0.00429798 -0.00429816 0.0554892 0.00440518 0.99845 0.64992 
0.997417 0.00187827 -0.0718029 -0.118819 -0.00219301 0.999988 -0.00430538 -0.00469727 0.071794 0.00445177 0.99741 0.793751 
0.995909 0.000249184 -0.090361 -0.153058 -0.000630718 0.999991 -0.00419425 -0.00737103 0.0903591 0.00423413 0.9959 0.947643 
0.993876 -0.00083638 -0.110499 -0.189741 0.000357411 0.99999 -0.00435472 -0.00911279 0.110501 0.0042886 0.993867 1.1149 
0.991168 -0.000978088 -0.132611 -0.240968 0.000360427 0.999989 -0.00468192 -0.012688 0.132614 0.00459281 0.991157 1.28699 
0.987633 0.00269325 -0.156762 -0.301414 -0.00369045 0.999975 -0.00607077 -0.0180588 0.156741 0.00657425 0.987618 1.46673 
0.983245 0.00689535 -0.18216 -0.372921 -0.00840717 0.999936 -0.00752874 -0.0244251 0.182096 0.00893408 0.98324 1.65161 
0.977825 0.00996724 -0.209186 -0.449197 -0.0120016 0.999892 -0.00845796 -0.0294466 0.209079 0.010781 0.977839 1.8423 
0.97108 0.0108504 -0.238508 -0.533932 -0.0132752 0.999875 -0.00856268 -0.0327165 0.238386 0.0114813 0.971103 2.04139 
0.962964 0.0127417 -0.269327 -0.626835 -0.0154661 0.999848 -0.0079963 -0.0362936 0.269185 0.0118657 0.963016 2.24532 
0.953463 0.014604 -0.301158 -0.735827 -0.0175375 0.999821 -0.00703924 -0.0371695 0.301001 0.0119932 0.953548 2.45369 
0.942116 0.0166713 -0.334873 -0.850159 -0.0198232 0.999786 -0.0059966 -0.0370631 0.334701 0.0122878 0.942244 2.66378 
0.929507 0.0189113 -0.36832 -0.971696 -0.0225988 0.999728 -0.00570047 -0.0365832 0.368112 0.0136223 0.929682 2.86809 
0.915382 0.0216293 -0.402006 -1.09989 -0.0257539 0.999657 -0.00485773 -0.0374554 0.401763 0.0148 0.915624 3.06938 
0.899087 0.022047 -0.437214 -1.23566 -0.0266235 0.999636 -0.00434086 -0.0346362 0.43696 0.0155431 0.899347 3.27388 
0.880298 0.0173259 -0.474105 -1.37562 -0.0223772 0.999737 -0.00501417 -0.0329364 0.473893 0.0150231 0.880454 3.48131 
0.858659 0.0123313 -0.5124 -1.52554 -0.017583 0.999831 -0.0054033 -0.0338165 0.512246 0.0136492 0.85873 3.68408 
0.833154 0.0140609 -0.552863 -1.69576 -0.0181963 0.999832 -0.00199289 -0.0392472 0.552742 0.0117205 0.83327 3.87868 
0.803411 0.0194474 -0.595107 -1.88903 -0.0228554 0.999737 0.00181471 -0.0428028 0.594986 0.0121435 0.803644 4.06886 
0.77008 0.0223492 -0.637556 -2.09321 -0.0258976 0.999658 0.00376175 -0.0467493 0.637421 0.0136144 0.770395 4.2496 
0.733322 0.0214424 -0.679544 -2.31239 -0.02518 0.999673 0.00437106 -0.0451234 0.679416 0.0139055 0.733622 4.43046 
0.692934 0.0172666 -0.720795 -2.54684 -0.0190215 0.999803 0.00566398 -0.0445617 0.72075 0.00978585 0.693126 4.60953 
0.649735 0.0137995 -0.760035 -2.79966 -0.0136354 0.999886 0.0064977 -0.0445147 0.760038 0.00614168 0.649849 4.77829 
0.604644 0.0132391 -0.796386 -3.07399 -0.0108436 0.999906 0.00838949 -0.042385 0.796422 0.00356311 0.604731 4.93044 
0.556037 0.0138549 -0.831042 -3.36929 -0.00820836 0.999904 0.0111781 -0.0392448 0.831117 0.000606132 0.556097 5.07664 
0.504921 0.014537 -0.863043 -3.67687 -0.00681072 0.999894 0.0128575 -0.0340497 0.863139 -0.000614011 0.504966 5.19788 
0.452073 0.016019 -0.891837 -3.99331 -0.00579968 0.99987 0.0150196 -0.0295189 0.891962 -0.00161752 0.452108 5.30043 
0.397595 0.0181479 -0.917381 -4.31635 -0.00477318 0.999832 0.0177102 -0.0252174 0.917548 -0.00266264 0.397615 5.3882 
0.342112 0.0202083 -0.939442 -4.67623 -0.00378894 0.99979 0.0201267 -0.0233283 0.939652 -0.00332604 0.342117 5.46705 
0.286974 0.0232243 -0.957657 -5.06377 -0.00156108 0.999716 0.0237765 -0.0186607 0.957937 -0.0053282 0.286929 5.5365 
0.233169 0.0250911 -0.972113 -5.46145 0.00291883 0.999645 0.0265018 -0.0149473 0.972432 -0.00901679 0.233013 5.59111 
0.18231 0.0255035 -0.98291 -5.87194 0.00518347 0.999625 0.0268986 -0.00955031 0.983228 -0.00999872 0.182109 5.62277 
0.134883 0.0263816 -0.99051 -6.3133 0.0029726 0.99963 0.0270293 0.000382222 0.990857 -0.00659013 0.134755 5.63717 
0.0925172 0.0266179 -0.995355 -6.75304 0.000766046 0.99964 0.0268037 0.00989406 0.995711 -0.00324225 0.0924636 5.63102 
0.0544567 0.0249759 -0.998204 -7.20917 -0.000775146 0.999688 0.0249708 0.0205367 0.998516 -0.00058603 0.054459 5.61978 
0.0200303 0.0223031 -0.999551 -7.67547 0.000308263 0.999751 0.0223137 0.0276866 0.999799 -0.000755034 0.0200185 5.5955 
-0.0113793 0.0195415 -0.999744 -8.1609 0.000523495 0.999809 0.0195369 0.0350497 0.999935 -0.000301004 -0.0113874 5.56029 
-0.0375581 0.0176935 -0.999138 -8.67071 -9.69296e-05 0.999843 0.0177097 0.0404344 0.999294 0.000762029 -0.0375505 5.49919 
-0.0584867 0.0152098 -0.998172 -9.1839 -0.000865727 0.999883 0.0152866 0.0497949 0.998288 0.00175825 -0.0584666 5.44703 
-0.0749085 0.0144195 -0.997086 -9.71002 -6.47879e-06 0.999895 0.0144606 0.0578866 0.99719 0.00108972 -0.0749006 5.38784 
-0.0881079 0.0147761 -0.996001 -10.2515 0.00123817 0.999891 0.0147243 0.0673383 0.99611 6.4142e-05 -0.0881166 5.32432 
-0.0977845 0.0159838 -0.995079 -10.812 5.20417e-05 0.999871 0.0160557 0.0666916 0.995208 0.00151825 -0.0977727 5.25208 
-0.104598 0.0172804 -0.994364 -11.3833 -0.00163766 0.999845 0.0175479 0.0672511 0.994513 0.00346394 -0.104554 5.17312 
-0.109286 0.0182764 -0.993842 -11.9739 -0.00123663 0.999828 0.0185224 0.0739576 0.99401 0.00325331 -0.109245 5.09503 
-0.110691 0.0190405 -0.993672 -12.5809 0.00109324 0.999818 0.0190365 0.0828408 0.993854 0.0010209 -0.110692 5.01778 
-0.109994 0.021193 -0.993706 -13.2079 0.00321189 0.999775 0.0209669 0.0915005 0.993927 -0.000885398 -0.110037 4.94243 
-0.108633 0.0236781 -0.9938 -13.8472 0.00260307 0.99972 0.0235346 0.0963133 0.994079 -3.02496e-05 -0.108664 4.86156 
-0.107198 0.0235975 -0.993958 -14.4993 0.000346612 0.999719 0.0236969 0.101377 0.994238 0.0021958 -0.107176 4.78018 
-0.10558 0.0208985 -0.994191 -15.1696 -0.00139046 0.999775 0.0211635 0.110793 0.99441 0.00361687 -0.105527 4.69164 
-0.1045 0.0206713 -0.99431 -15.8508 -0.0015687 0.999779 0.0209499 0.122929 0.994524 0.00374908 -0.104445 4.612 
-0.102809 0.0234214 -0.994425 -16.5531 -0.00113631 0.999719 0.0236636 0.135519 0.994701 0.00356285 -0.102753 4.52858 
-0.100957 0.0268479 -0.994528 -17.2722 -0.0020057 0.999628 0.0271892 0.146197 0.994889 0.00473971 -0.100866 4.4429 
-0.0992062 0.0290069 -0.994644 -17.9964 -0.00261159 0.999564 0.0294109 0.15303 0.995064 0.00551539 -0.0990872 4.35816 
-0.0974097 0.0282539 -0.994843 -18.739 -0.00414068 0.999577 0.0287938 0.166677 0.995236 0.00692415 -0.0972514 4.26835 
-0.0956864 0.0251116 -0.995095 -19.4964 -0.00645756 0.999645 0.0258474 0.182176 0.995391 0.00889917 -0.0954902 4.17608 
-0.0942697 0.024527 -0.995245 -20.265 -0.0071559 0.999654 0.0253135 0.194074 0.995521 0.00950821 -0.0940616 4.08994 
-0.0929288 0.0271048 -0.995304 -21.0455 -0.00452798 0.999608 0.0276448 0.203475 0.995663 0.00707575 -0.0927696 4.01019 
-0.0917323 0.0292712 -0.995353 -21.8419 -0.00246566 0.999558 0.0296221 0.214789 0.995781 0.00517155 -0.0916195 3.92335 
-0.0904106 0.0310156 -0.995422 -22.6421 -0.00135645 0.99951 0.0312662 0.226003 0.995904 0.00417707 -0.0903243 3.83448 
-0.0898692 0.0264452 -0.995602 -23.4419 -0.00134186 0.999643 0.0266737 0.23547 0.995953 0.00373314 -0.0898016 3.7485 
-0.0895195 0.0195286 -0.995794 -24.2502 5.38638e-05 0.999808 0.0196025 0.241831 0.995985 0.00170121 -0.0895034 3.66162 
-0.0898541 0.0150513 -0.995841 -25.0666 0.0033347 0.999885 0.0148115 0.25156 0.995949 -0.00198991 -0.089894 3.58129 
-0.0904365 0.0158708 -0.995776 -25.8962 0.00449872 0.999869 0.0155275 0.258901 0.995892 -0.00307543 -0.090496 3.49552 
-0.0906951 0.0230961 -0.995611 -26.7403 0.00408405 0.999731 0.0228197 0.266524 0.99587 -0.00199645 -0.090765 3.40499 
-0.0910589 0.0301052 -0.99539 -27.5827 0.00268043 0.999547 0.0299858 0.27653 0.995842 6.24319e-05 -0.0910984 3.31232 
-0.0914439 0.0354662 -0.995178 -28.4284 0.000737786 0.999368 0.0355477 0.2856 0.99581 0.00251643 -0.0914123 3.21587 
-0.0919188 0.0356658 -0.995128 -29.2703 -0.000888731 0.999355 0.0358994 0.298909 0.995766 0.00418427 -0.0918279 3.1214 
-0.0922868 0.0321574 -0.995213 -30.1072 -0.000838607 0.999476 0.0323729 0.313226 0.995732 0.00382222 -0.0922114 3.02834 
-0.0927863 0.0293772 -0.995253 -30.9426 -0.000959328 0.999562 0.0295938 0.32846 0.995686 0.00370071 -0.0927175 2.93647 
-0.0931148 0.0305489 -0.995187 -31.779 -0.00224719 0.99952 0.0308922 0.342298 0.995653 0.00511293 -0.0930014 2.84446 
-0.0929163 0.0328407 -0.995132 -32.6224 -0.00282675 0.999443 0.0332469 0.353031 0.99567 0.00590221 -0.0927718 2.74487 
-0.0928474 0.0312443 -0.99519 -33.4592 -0.00360352 0.99949 0.0317155 0.361272 0.995674 0.00653093 -0.0926875 2.64907 
-0.0923824 0.0260241 -0.995384 -34.2925 -0.00442195 0.999638 0.0265457 0.373039 0.995714 0.00685393 -0.0922339 2.55125 
-0.0922632 0.0217851 -0.995496 -35.1285 -0.00562959 0.999733 0.0223995 0.384089 0.995719 0.00767093 -0.092116 2.4554 
-0.0919794 0.0225213 -0.995506 -35.9609 -0.00508251 0.999721 0.0230862 0.391741 0.995748 0.00718317 -0.0918393 2.36818 
-0.0915516 0.0250273 -0.995486 -36.7991 -0.00392281 0.999667 0.0254932 0.397687 0.995793 0.00623909 -0.091423 2.27741 
-0.0910881 0.0298416 -0.995396 -37.6432 -0.00371509 0.999534 0.0303056 0.407999 0.995836 0.00645851 -0.0909348 2.18395 
-0.0905253 0.0354416 -0.995263 -38.4826 -0.0027297 0.999354 0.0358355 0.421606 0.99589 0.00596083 -0.0903701 2.09333 
-0.0906513 0.0385342 -0.995137 -39.3189 -0.0029194 0.999237 0.0389589 0.43585 0.995878 0.00643691 -0.0904696 2.00061 
-0.0903664 0.0383771 -0.995169 -40.1513 -0.00249092 0.999245 0.0387605 0.452747 0.995906 0.00598157 -0.0902027 1.911 
-0.0903974 0.033825 -0.995331 -40.9793 -0.00218103 0.999414 0.0341619 0.471813 0.995903 0.00525903 -0.0902706 1.82118 
-0.0898922 0.0294942 -0.995515 -41.8072 -0.00331392 0.999547 0.0299129 0.483788 0.995946 0.00598803 -0.0897537 1.72513 
-0.0899319 0.0266481 -0.995591 -42.6356 -0.00732934 0.999597 0.0274174 0.494291 0.995921 0.00976277 -0.0897003 1.62952 
-0.0902879 0.0248011 -0.995607 -43.4685 -0.0104417 0.999611 0.0258478 0.504096 0.995861 0.0127296 -0.0899938 1.52836 
-0.0911539 0.0230131 -0.995571 -44.2955 -0.00817917 0.999682 0.023857 0.508243 0.995803 0.0103176 -0.0909367 1.44168 
-0.0924266 0.0193832 -0.995531 -45.1214 -0.00463863 0.999791 0.0198968 0.514025 0.995709 0.00645694 -0.0923174 1.35384 
-0.0933212 0.0178998 -0.995475 -45.9444 -0.000262928 0.999838 0.0180029 0.522296 0.995636 0.00194183 -0.0933013 1.26599 
-0.0954435 0.0214181 -0.995204 -46.7733 0.000294452 0.999769 0.0214881 0.525801 0.995435 0.0017579 -0.0954278 1.17163 
-0.0973363 0.0277901 -0.994864 -47.6019 0.00284885 0.999614 0.027644 0.52855 0.995248 -0.000143412 -0.0973779 1.07907 
-0.0992444 0.031527 -0.994564 -48.4181 0.00452225 0.999502 0.0312323 0.533807 0.995053 -0.001398 -0.0993375 0.986662 
-0.100919 0.0306445 -0.994423 -49.2274 0.00448653 0.999529 0.0303466 0.542169 0.994885 -0.00139891 -0.101009 0.891181 
-0.102002 0.0265852 -0.994429 -50.0273 0.00132503 0.999646 0.0265888 0.549148 0.994783 0.00139451 -0.102002 0.787897 
-0.103385 0.0227729 -0.994381 -50.823 -0.00338582 0.999724 0.0232473 0.556474 0.994636 0.00577027 -0.10328 0.683871 
-0.104863 0.0211501 -0.994262 -51.6172 -0.00753951 0.999728 0.0220615 0.56212 0.994458 0.00980972 -0.104675 0.577457 
-0.106026 0.0223217 -0.994113 -52.4102 -0.00901403 0.999685 0.0234082 0.56515 0.994323 0.0114429 -0.105791 0.476577 
-0.107155 0.0238649 -0.993956 -53.2 -0.0087118 0.999651 0.0249408 0.569053 0.994204 0.0113317 -0.106909 0.377064 
-0.10834 0.0234346 -0.993838 -53.9792 -0.010225 0.999643 0.0246861 0.572571 0.994061 0.0128365 -0.108062 0.276761 
-0.10893 0.0232852 -0.993777 -54.7548 -0.010793 0.999639 0.0246057 0.576589 0.993991 0.0134062 -0.10864 0.174448 
-0.109593 0.0250442 -0.993661 -55.5318 -0.00912031 0.999615 0.0262002 0.583993 0.993935 0.0119339 -0.109322 0.0780281 
-0.110115 0.0279506 -0.993526 -56.3041 -0.00798929 0.999547 0.0290055 0.591604 0.993887 0.0111315 -0.109842 -0.0183233 
-0.110313 0.0321865 -0.993376 -57.0722 -0.00822843 0.999412 0.0332958 0.597678 0.993863 0.0118469 -0.109984 -0.117752 
-0.110939 0.034356 -0.993233 -57.8391 -0.00816105 0.999337 0.0354787 0.604722 0.993794 0.0120418 -0.110585 -0.220435 
-0.111851 0.0343487 -0.993131 -58.5973 -0.00771654 0.999342 0.0354326 0.614501 0.993695 0.0116268 -0.111512 -0.317253 
-0.1124 0.0324908 -0.993132 -59.3434 -0.00692304 0.999415 0.0334799 0.623146 0.993639 0.0106387 -0.112109 -0.413125 
-0.112902 0.0287835 -0.993189 -60.0794 -0.00625236 0.99954 0.0296783 0.636228 0.993587 0.00956054 -0.11267 -0.507596 
-0.112957 0.0260551 -0.993258 -60.8071 -0.00644744 0.999616 0.0269551 0.638949 0.993579 0.00944878 -0.112745 -0.600747 
-0.111958 0.0236041 -0.993433 -61.52 -0.00682497 0.999676 0.0245216 0.646901 0.99369 0.00952558 -0.111761 -0.694276 
-0.109922 0.0228864 -0.993677 -62.22 -0.00902928 0.999671 0.0240233 0.648881 0.993899 0.0116129 -0.10968 -0.786658 
-0.105974 0.0236791 -0.994087 -62.9046 -0.0092082 0.99965 0.0247932 0.653386 0.994326 0.0117812 -0.105719 -0.872126 
-0.100414 0.0253597 -0.994623 -63.5695 -0.00841651 0.999618 0.0263368 0.655386 0.99491 0.0110159 -0.100162 -0.946449 
-0.0932945 0.026884 -0.995276 -64.225 -0.00752353 0.999588 0.0277057 0.659556 0.99561 0.0100728 -0.0930538 -1.01714 
-0.0845605 0.028241 -0.996018 -64.8605 -0.00846013 0.999542 0.0290591 0.661595 0.996382 0.0108837 -0.0842829 -1.08105 
-0.0729005 0.0299695 -0.996889 -65.4822 -0.0106235 0.999468 0.0308239 0.66435 0.997283 0.0128376 -0.0725433 -1.13607 
-0.0581134 0.0313931 -0.997816 -66.0902 -0.0136104 0.999388 0.0322352 0.670389 0.998217 0.015454 -0.0576505 -1.18006 
-0.0398339 0.032582 -0.998675 -66.6787 -0.0151375 0.999334 0.0332073 0.676906 0.999092 0.0164403 -0.0393142 -1.20564 
-0.0178323 0.0333999 -0.999283 -67.2443 -0.0160159 0.999304 0.0336864 0.681655 0.999713 0.0166052 -0.017285 -1.21139 
0.00748842 0.0337489 -0.999402 -67.7851 -0.0154052 0.999316 0.0336305 0.687504 0.999853 0.0151441 0.0080032 -1.19632 
0.0368198 0.0333555 -0.998765 -68.3051 -0.0139273 0.999363 0.032862 0.693723 0.999225 0.0127001 0.0372609 -1.16291 
0.0708995 0.0333396 -0.996926 -68.799 -0.0127103 0.99939 0.0325181 0.700655 0.997403 0.0103657 0.0712801 -1.10891 
0.108629 0.0336839 -0.993512 -69.274 -0.0120456 0.999397 0.0325664 0.704793 0.994009 0.00842979 0.108969 -1.03737 
0.14941 0.0333728 -0.988212 -69.73 -0.0117752 0.999419 0.0319709 0.710857 0.988705 0.00685963 0.149717 -0.943031 
0.194798 0.0343251 -0.980243 -70.1775 -0.0107562 0.999402 0.0328584 0.715782 0.980785 0.00414303 0.19505 -0.832573 
0.243563 0.0330981 -0.96932 -70.6047 -0.0074707 0.999452 0.0322498 0.716839 0.969856 -0.0006133 0.243676 -0.69862 
0.294004 0.0284209 -0.955382 -71.0061 0.000178209 0.999556 0.0297899 0.717905 0.955804 -0.00892855 0.293868 -0.540752 
0.345925 0.0234309 -0.93797 -71.3957 0.00523548 0.999624 0.0269019 0.718686 0.938248 -0.0142167 0.345672 -0.364521 
0.398885 0.0187642 -0.916809 -71.7758 0.0102568 0.999637 0.0249219 0.724723 0.916944 -0.0193444 0.398547 -0.164243 
0.450813 0.0184116 -0.892429 -72.1528 0.00967102 0.999628 0.0255085 0.7326 0.892566 -0.0201302 0.450467 0.0482596 
0.499976 0.017256 -0.865868 -72.5139 0.0109213 0.999596 0.0262273 0.739859 0.865971 -0.0225694 0.499585 0.28109 
0.545632 0.0130221 -0.837924 -72.8577 0.0185008 0.999448 0.0275794 0.74594 0.837821 -0.0305504 0.54509 0.54727 
0.5901 0.00694982 -0.807301 -73.1763 0.0286135 0.999155 0.0295165 0.747216 0.806823 -0.0405173 0.589402 0.833767 
0.633501 0.00192241 -0.77374 -73.4887 0.029836 0.999193 0.0269108 0.750277 0.773167 -0.0401332 0.632932 1.12419 
0.675571 -0.00289897 -0.737289 -73.7835 0.0265148 0.999441 0.0203655 0.754372 0.736818 -0.0333074 0.675271 1.42042 
0.717023 -0.0100569 -0.696977 -74.0729 0.0229507 0.999694 0.00918576 0.763496 0.696671 -0.0225824 0.717035 1.74187 
0.757178 -0.0125587 -0.653088 -74.3382 0.0178125 0.99984 0.00142481 0.76363 0.652966 -0.0127119 0.757281 2.07657 
0.795127 -0.0132102 -0.606299 -74.5933 0.0158761 0.999874 -0.000964934 0.758764 0.606235 -0.00885837 0.795236 2.43862 
0.829769 -0.0146274 -0.557915 -74.8335 0.0159138 0.99987 -0.00254653 0.760854 0.55788 -0.00676547 0.829894 2.84238 
0.861189 -0.0131982 -0.508113 -75.0734 0.0126021 0.99991 -0.00461351 0.758268 0.508128 -0.00243015 0.861278 3.27016 
0.887783 -0.0114833 -0.46012 -75.2876 0.0114766 0.99993 -0.00281187 0.74924 0.46012 -0.00278425 0.887852 3.72116 
0.909521 -0.00538298 -0.415623 -75.4954 0.00511042 0.999985 -0.00176817 0.744876 0.415626 -0.00051577 0.909535 4.20372 
0.927499 -0.00101528 -0.373825 -75.691 -0.000231972 0.999995 -0.00329156 0.742415 0.373826 0.00313968 0.927494 4.69484 
0.94129 0.00410937 -0.337574 -75.8708 -0.00499865 0.999986 -0.00176526 0.736201 0.337562 0.00334908 0.941298 5.21869 
0.951589 0.00464501 -0.307338 -76.0418 -0.00477371 0.999989 0.000332889 0.728353 0.307336 0.00115042 0.9516 5.77173 
0.959124 0.00399452 -0.282957 -76.2015 -0.00357492 0.999992 0.00199908 0.721413 0.282962 -0.000905771 0.959131 6.34561 
0.965112 0.00416643 -0.261805 -76.3593 -0.00324425 0.999987 0.0039544 0.72009 0.261818 -0.00296703 0.965113 6.93497 
0.969884 0.00675337 -0.243472 -76.5155 -0.00530924 0.999964 0.00658699 0.716012 0.243508 -0.00509592 0.969886 7.54091 
0.973575 0.0114395 -0.22808 -76.6733 -0.00985179 0.999919 0.00809818 0.715609 0.228154 -0.00563714 0.973609 8.16434 
0.976545 0.0150118 -0.214788 -76.8232 -0.0133298 0.999868 0.00927704 0.713917 0.214899 -0.00619633 0.976617 8.80432 
0.979352 0.0136583 -0.2017 -76.9635 -0.0120781 0.999886 0.0090629 0.712544 0.201801 -0.00643958 0.979405 9.46202 
0.982066 0.0133759 -0.188064 -77.0962 -0.0119364 0.99989 0.00878441 0.709585 0.188161 -0.00638201 0.982118 10.134 
0.984754 0.0135744 -0.173425 -77.2259 -0.0121439 0.999883 0.00930675 0.71305 0.173531 -0.00705875 0.984803 10.8259 
0.987105 0.0151658 -0.159353 -77.3481 -0.0137617 0.999856 0.00991064 0.710856 0.15948 -0.00758983 0.987172 11.5261 
0.989079 0.0152351 -0.146598 -77.4633 -0.0143337 0.999871 0.00720271 0.70457 0.146688 -0.00502272 0.98917 12.2393 
0.990642 0.0159073 -0.135554 -77.5719 -0.0157929 0.999873 0.00191873 0.697745 0.135567 0.000240054 0.990768 12.9611 
0.991927 0.0141538 -0.126019 -77.6754 -0.0148169 0.999881 -0.00432673 0.696824 0.125942 0.00615905 0.992018 13.6981 
0.992934 0.0140337 -0.117839 -77.7752 -0.0146562 0.999883 -0.00441848 0.690145 0.117763 0.00611437 0.993023 14.4468 
0.993688 0.0159697 -0.111033 -77.8778 -0.0158525 0.999873 0.00193839 0.678558 0.111049 -0.000165971 0.993815 15.2096 
0.994154 0.020479 -0.10601 -77.9781 -0.0195258 0.999759 0.0100215 0.667645 0.10619 -0.00789291 0.994315 15.9803 
0.994594 0.0212754 -0.10164 -78.0719 -0.0199633 0.999704 0.0139086 0.658478 0.101906 -0.0118043 0.994724 16.7505 
0.994972 0.0200115 -0.0981361 -78.1626 -0.0188578 0.999742 0.0126696 0.657536 0.0983643 -0.0107552 0.995092 17.5147 
0.995273 0.0198278 -0.0950664 -78.249 -0.0187958 0.999754 0.0117377 0.654148 0.0952758 -0.00989533 0.995402 18.2799 
0.995571 0.0182451 -0.0922214 -78.3323 -0.017028 0.999757 0.0139676 0.652713 0.0924538 -0.0123353 0.995641 19.0469 
0.995831 0.0163124 -0.0897516 -78.4101 -0.0148846 0.999752 0.0165543 0.646997 0.0899993 -0.0151494 0.995827 19.8133 
0.996121 0.0142803 -0.0868271 -78.4864 -0.0127304 0.99975 0.018377 0.642554 0.0870678 -0.0172003 0.996054 20.5792 
0.996361 0.0137 -0.084129 -78.5637 -0.0124991 0.999813 0.0147843 0.638595 0.0843158 -0.0136789 0.996345 21.3373 
0.996458 0.0163756 -0.0824845 -78.6425 -0.0158237 0.999848 0.00733998 0.635087 0.0825921 -0.00600872 0.996565 22.0893 
0.996587 0.0168928 -0.0808075 -78.7192 -0.0169631 0.999856 -0.000184182 0.624802 0.0807927 0.00155434 0.99673 22.8369 
0.996666 0.0176604 -0.079655 -78.791 -0.018053 0.999828 -0.00421148 0.61321 0.0795669 0.00563549 0.996814 23.5858 
0.996818 0.0191472 -0.0773758 -78.8701 -0.0194014 0.999809 -0.00253595 0.600289 0.0773124 0.00402913 0.996999 24.3502 
0.996933 0.0227689 -0.0748687 -78.9497 -0.0227218 0.999741 0.00148049 0.583292 0.0748829 0.000225238 0.997192 25.1088 
0.997012 0.0260471 -0.0727287 -79.0253 -0.02564 0.99965 0.00652432 0.571025 0.0728731 -0.00464001 0.99733 25.8697 
0.997251 0.023771 -0.0701831 -79.0904 -0.0232352 0.999694 0.00844071 0.563014 0.0703622 -0.00678674 0.997498 26.6264 
0.997392 0.0207099 -0.0691339 -79.1527 -0.0201917 0.999763 0.00818484 0.555612 0.069287 -0.00676752 0.997574 27.3807 
0.997497 0.0191189 -0.0680827 -79.2141 -0.0185956 0.999793 0.00831087 0.545563 0.0682275 -0.00702398 0.997645 28.1309 
0.997576 0.0187316 -0.0670241 -79.2799 -0.0183445 0.999811 0.00638581 0.541493 0.067131 -0.00514076 0.997731 28.8826 
0.997667 0.0168122 -0.0661667 -79.3428 -0.0165088 0.999851 0.00512843 0.53601 0.0662429 -0.00402409 0.997795 29.6387 
0.997726 0.0160286 -0.065464 -79.4051 -0.0157202 0.999863 0.00522194 0.528394 0.0655386 -0.00418092 0.997841 30.4 
0.997724 0.0191126 -0.0646622 -79.4745 -0.01875 0.999805 0.00621026 0.521532 0.0647682 -0.00498367 0.997888 31.1713 
0.997725 0.0188265 -0.0647387 -79.5401 -0.0185222 0.999814 0.00529724 0.51499 0.0648263 -0.00408604 0.997888 31.9474 
0.997631 0.0184965 -0.0662649 -79.6084 -0.018188 0.999821 0.00525551 0.506297 0.0663502 -0.00403779 0.997788 32.7244 
0.997539 0.0160941 -0.0682442 -79.6751 -0.0157408 0.99986 0.0057119 0.500746 0.0683265 -0.00462358 0.997652 33.5032 
0.997306 0.018063 -0.071098 -79.7538 -0.0177173 0.999828 0.00548976 0.495512 0.0711849 -0.00421526 0.997454 34.2936 
0.997035 0.0215481 -0.0738739 -79.8341 -0.021223 0.999761 0.00518245 0.485865 0.0739679 -0.00359921 0.997254 35.0895 
0.996837 0.0218314 -0.0764173 -79.9165 -0.0218725 0.999761 0.000298778 0.477033 0.0764055 0.00137364 0.997076 35.8856 
0.996615 0.0226909 -0.0790198 -79.9947 -0.0230265 0.999729 -0.00333919 0.470479 0.0789226 0.00514748 0.996868 36.6909 
0.996483 0.0215914 -0.0809617 -80.0781 -0.0220585 0.999745 -0.00487893 0.460078 0.0808357 0.0066477 0.996705 37.5089 
0.996311 0.0218081 -0.0830042 -80.1653 -0.0221552 0.999749 -0.0032634 0.444394 0.0829122 0.00509038 0.996544 38.3344 
0.996164 0.0204432 -0.0850859 -80.2538 -0.020731 0.999782 -0.00250029 0.431758 0.0850162 0.00425466 0.996371 39.1591 
0.996023 0.0197561 -0.0868796 -80.3383 -0.0199026 0.999802 -0.000820667 0.421884 0.0868462 0.00254658 0.996219 39.9936 
0.995919 0.0194495 -0.0881354 -80.4293 -0.0192748 0.99981 0.00283265 0.412017 0.0881737 -0.00112225 0.996105 40.8352 
0.995839 0.0192326 -0.0890747 -80.5181 -0.0186324 0.999798 0.00756435 0.403018 0.0892022 -0.00587316 0.995996 41.6883 
0.99588 0.0191748 -0.0886272 -80.6067 -0.0183789 0.999783 0.00978666 0.394921 0.0887956 -0.00811743 0.996017 42.5433 
0.99599 0.0222513 -0.0866502 -80.6999 -0.0214766 0.999721 0.00986262 0.389458 0.0868454 -0.00796208 0.99619 43.4014 
0.996164 0.0223633 -0.0845973 -80.7952 -0.0217297 0.999729 0.00840284 0.387448 0.0847622 -0.00653229 0.99638 44.2648 
0.996327 0.0200264 -0.0832585 -80.8781 -0.0195726 0.999789 0.00626264 0.380036 0.0833663 -0.00461001 0.996508 45.1283 
0.996543 0.0164626 -0.081429 -80.9595 -0.0161388 0.999859 0.00463282 0.373389 0.0814937 -0.0033026 0.996668 46.0032 
0.99672 0.0151726 -0.0794875 -81.0435 -0.0148691 0.99988 0.00440857 0.365649 0.0795448 -0.00321216 0.996826 46.869 
0.996813 0.0128437 -0.0787324 -81.1242 -0.0123329 0.9999 0.00697029 0.35417 0.078814 -0.00597703 0.996871 47.7402 
0.996901 0.0101842 -0.0780039 -81.2006 -0.00946816 0.99991 0.00954388 0.345221 0.078094 -0.00877571 0.996907 48.6148 
0.996974 0.00947667 -0.0771596 -81.2856 -0.00874306 0.999913 0.00983944 0.335686 0.0772461 -0.00913501 0.99697 49.4858 
0.997038 0.0106909 -0.0761693 -81.3679 -0.0102157 0.999926 0.006625 0.32512 0.0762345 -0.00582721 0.997073 50.355 
0.997065 0.0138017 -0.0753013 -81.4601 -0.0137823 0.999905 0.000777449 0.313743 0.0753048 0.0002627 0.997161 51.2182 
0.997125 0.0156652 -0.0741383 -81.5459 -0.0160517 0.999861 -0.00462043 0.298378 0.0740555 0.00579723 0.997237 52.0744 
0.997102 0.0202969 -0.0733177 -81.6326 -0.021105 0.999725 -0.0102635 0.276384 0.0730891 0.0117811 0.997256 52.9219 
0.997192 0.0203119 -0.0720772 -81.7142 -0.0211654 0.999714 -0.0110982 0.254799 0.0718312 0.0125926 0.997337 53.7717 
0.997257 0.0173312 -0.0719649 -81.7889 -0.017745 0.99983 -0.00511435 0.239319 0.0718639 0.00637738 0.997394 54.6289 
0.997219 0.0165622 -0.0726621 -81.8648 -0.0163076 0.999859 0.0040957 0.219372 0.0727196 -0.00289932 0.997348 55.4848 
0.997149 0.0155617 -0.0738422 -81.9435 -0.0147249 0.999821 0.0118639 0.204108 0.0740136 -0.0107427 0.997199 56.3389 
0.996999 0.0135121 -0.0762264 -82.0215 -0.0128152 0.999872 0.0096244 0.195978 0.0763466 -0.00861862 0.997044 57.1813 
0.996902 0.00834349 -0.0782135 -82.0935 -0.0078807 0.99995 0.00622334 0.186867 0.0782615 -0.00558764 0.996917 58.0146 
0.996716 0.00692805 -0.0806816 -82.1754 -0.00657129 0.999967 0.00468602 0.175878 0.0807114 -0.00414041 0.996729 58.8449 
0.996477 0.0090888 -0.0833704 -82.2644 -0.00892344 0.999957 0.00235531 0.162107 0.0833882 -0.00160302 0.996516 59.6705 
0.996181 0.0107965 -0.0866385 -82.3568 -0.0109211 0.99994 -0.000964338 0.148218 0.0866228 0.00190688 0.996239 60.4891 
0.995824 0.0112889 -0.0905948 -82.4492 -0.0117342 0.999922 -0.00438431 0.133538 0.0905381 0.0054291 0.995878 61.304 
0.99552 0.0132353 -0.0936222 -82.5458 -0.0140786 0.999866 -0.00835337 0.115213 0.093499 0.00963406 0.995573 62.1107 
0.995145 0.0176555 -0.0968201 -82.6488 -0.0185533 0.999793 -0.00838022 0.0939313 0.096652 0.0101359 0.995267 62.9216 
0.994744 0.0212241 -0.100166 -82.7547 -0.0220101 0.999735 -0.00674849 0.0791905 0.0999962 0.00891774 0.994948 63.7271 
0.994281 0.0243532 -0.103978 -82.8619 -0.0245679 0.999698 -0.000784381 0.0599615 0.103927 0.00333445 0.994579 64.5298 
0.993838 0.024767 -0.108042 -82.9685 -0.0243806 0.999691 0.00489556 0.0430522 0.10813 -0.00223122 0.994134 65.3311 
0.993295 0.024266 -0.11303 -83.0745 -0.0234596 0.999689 0.00845871 0.0342409 0.1132 -0.00575032 0.993556 66.1274 
0.99254 0.0238138 -0.119569 -83.1842 -0.0228351 0.999694 0.00954825 0.0266004 0.119759 -0.00674661 0.99278 66.9178 
0.991867 0.0215711 -0.125441 -83.2964 -0.0200758 0.999712 0.0131721 0.0197871 0.125689 -0.0105466 0.992014 67.7025 
0.991016 0.0218148 -0.131953 -83.4163 -0.0202731 0.99971 0.0130154 0.012901 0.132198 -0.0102234 0.991171 68.4758 
0.990086 0.0267411 -0.137895 -83.5488 -0.0253405 0.999608 0.0119026 0.00833504 0.138159 -0.00829022 0.990375 69.2459 
0.98917 0.028848 -0.143909 -83.6836 -0.0279653 0.999576 0.00815301 0.00259461 0.144083 -0.00404023 0.989557 70.0128 
0.98831 0.027815 -0.149897 -83.8167 -0.0273128 0.999612 0.00540796 -0.00445163 0.149989 -0.0012506 0.988687 70.7823 
0.987452 0.0291038 -0.155214 -83.957 -0.0288061 0.999576 0.00416679 -0.0130018 0.155269 0.000356639 0.987872 71.5469 
0.986656 0.0308884 -0.159865 -84.1003 -0.0298232 0.999514 0.00905812 -0.0168895 0.160067 -0.0041695 0.987097 72.3134 
0.98563 0.0316684 -0.165925 -84.2504 -0.0298926 0.999466 0.013189 -0.0210311 0.166254 -0.00803947 0.98605 73.0777 
0.984589 0.0309364 -0.172125 -84.4003 -0.0287295 0.99947 0.0152985 -0.0288985 0.172507 -0.0101177 0.984956 73.8376 
0.983396 0.0285606 -0.179209 -84.553 -0.0269457 0.999571 0.0114391 -0.0325331 0.179459 -0.00642024 0.983745 74.5858 
0.981906 0.0269605 -0.187442 -84.7147 -0.0266339 0.999636 0.00426093 -0.0337848 0.187489 0.000808531 0.982266 75.3275 
0.980219 0.0243819 -0.196407 -84.8811 -0.0243762 0.9997 0.00244637 -0.0409726 0.196408 0.00238972 0.980519 76.0667 
0.978026 0.0240434 -0.207092 -85.0573 -0.02342 0.999711 0.00546125 -0.0510502 0.207164 -0.000491093 0.978306 76.8055 
0.975677 0.0237935 -0.217917 -85.2417 -0.021816 0.999696 0.0114765 -0.052244 0.218124 -0.00644323 0.9759 77.5403 
0.972902 0.02563 -0.229794 -85.4373 -0.0218107 0.999579 0.0191457 -0.054206 0.230188 -0.0136149 0.973051 78.274 
0.970205 0.0263671 -0.240845 -85.6393 -0.0215184 0.99951 0.02274 -0.0599826 0.241327 -0.0168799 0.970297 78.9998 
0.967248 0.0294998 -0.252112 -85.8541 -0.0257395 0.999503 0.0182007 -0.0633793 0.252524 -0.0111153 0.967527 79.7139 
0.964081 0.0287783 -0.264045 -86.0713 -0.0273733 0.999585 0.00899935 -0.0641102 0.264194 -0.0014483 0.964469 80.4153 
0.960682 0.0265769 -0.276378 -86.2947 -0.0264645 0.999641 0.00413703 -0.0624099 0.276388 0.00333987 0.96104 81.1212 
0.957179 0.0253164 -0.288389 -86.5277 -0.0237295 0.999678 0.00899769 -0.0623504 0.288524 -0.001769 0.957471 81.8398 
0.953697 0.0266707 -0.299583 -86.7754 -0.0227558 0.999604 0.0165497 -0.0686733 0.299906 -0.00896607 0.953927 82.555 
0.949938 0.0266105 -0.311305 -87.0331 -0.0207471 0.99954 0.022132 -0.0725538 0.31175 -0.0145653 0.950052 83.2679 
0.945766 0.0242035 -0.323946 -87.2933 -0.0187184 0.999624 0.0200375 -0.0685453 0.324309 -0.0128869 0.945863 83.9768 
0.941938 0.0222813 -0.335046 -87.5637 -0.018151 0.999716 0.015454 -0.0665769 0.335295 -0.00847525 0.942075 84.6767 
0.93873 0.0182503 -0.344169 -87.8374 -0.016242 0.99983 0.00871737 -0.0706751 0.34427 -0.00259321 0.938867 85.375 
0.935932 0.014215 -0.351895 -88.1169 -0.0141235 0.999896 0.00282723 -0.0746002 0.351898 0.00232392 0.936035 86.077 
0.933242 0.014113 -0.35897 -88.4081 -0.0148102 0.99989 0.000807719 -0.0796087 0.358942 0.00456266 0.933349 86.7799 
0.930071 0.0192663 -0.366874 -88.7059 -0.0204271 0.999791 0.000718443 -0.0896787 0.366811 0.00682603 0.93027 87.4775 
0.92697 0.0192111 -0.374644 -89.01 -0.0194411 0.999806 0.00316577 -0.101156 0.374632 0.00434897 0.927163 88.1772 
0.923618 0.0197536 -0.382804 -89.3137 -0.0173857 0.999802 0.00964438 -0.101682 0.382919 -0.00225235 0.923779 88.8854 
0.920761 0.0216044 -0.389528 -89.6262 -0.0158763 0.999713 0.0179187 -0.10467 0.389803 -0.0103145 0.92084 89.5937 
0.917966 0.0314547 -0.395409 -89.9553 -0.0235731 0.999415 0.0247767 -0.110952 0.395957 -0.0134231 0.918171 90.2895 
0.915306 0.0379861 -0.400964 -90.2895 -0.0320092 0.999254 0.0215968 -0.109731 0.401485 -0.00693316 0.915839 90.972 
0.913002 0.0345778 -0.406487 -90.6186 -0.0316465 0.999402 0.0139334 -0.106563 0.406726 0.000142683 0.91355 91.6549 
0.911038 0.0266913 -0.411457 -90.9406 -0.0263249 0.999632 0.0065583 -0.106562 0.411481 0.00485677 0.911405 92.3391 
0.909384 0.0272364 -0.415065 -91.2774 -0.0272307 0.999612 0.00593313 -0.109053 0.415066 0.00590709 0.909772 93.0246 
0.907004 0.0333465 -0.4198 -91.6248 -0.0315486 0.999439 0.0112268 -0.114241 0.419939 0.00306141 0.907547 93.7217 
0.904423 0.0355175 -0.425155 -91.9701 -0.0319018 0.999369 0.0156234 -0.119457 0.425442 -0.000566895 0.904986 94.4216 
0.902154 0.0319763 -0.430229 -92.3156 -0.0288817 0.999489 0.0137235 -0.125603 0.430447 4.50783e-05 0.902616 95.1137 
0.899816 0.0302669 -0.435219 -92.6679 -0.0300352 0.999521 0.00741289 -0.130378 0.435235 0.0064017 0.900294 95.7974 
0.897621 0.0276075 -0.439902 -93.0264 -0.0303728 0.999538 0.000753546 -0.132416 0.43972 0.0126847 0.898045 96.4822 
0.895256 0.0284502 -0.444643 -93.3899 -0.0319443 0.99949 -0.000365741 -0.141985 0.444405 0.0145313 0.895708 97.1673 
0.893181 0.0315198 -0.448591 -93.7581 -0.0332117 0.99944 0.00409731 -0.15546 0.448469 0.0112389 0.893728 97.8568 
0.89105 0.0329837 -0.452705 -94.126 -0.0338806 0.999407 0.00612951 -0.163278 0.452639 0.00987626 0.891639 98.5412 
0.888714 0.0340075 -0.457198 -94.4968 -0.0346403 0.999375 0.0070011 -0.174226 0.457151 0.00961557 0.889337 99.2179 
0.886448 0.0320021 -0.46172 -94.8677 -0.0328776 0.999441 0.00615068 -0.181785 0.461658 0.00972804 0.887004 99.897 
0.884396 0.0302649 -0.465756 -95.2401 -0.0312278 0.999496 0.00565085 -0.190844 0.465692 0.00954699 0.884895 100.568 
0.882127 0.0297383 -0.470071 -95.612 -0.0303788 0.999519 0.00622471 -0.198603 0.47003 0.00878925 0.882607 101.237 
0.879778 0.0310514 -0.474369 -95.991 -0.031623 0.999477 0.00677523 -0.207 0.474332 0.00904033 0.8803 101.899 
0.877515 0.0313736 -0.478521 -96.3702 -0.0319635 0.999465 0.0069137 -0.218099 0.478482 0.0092284 0.878049 102.554 
0.875148 0.0285149 -0.483014 -96.7462 -0.0309817 0.999516 0.00287255 -0.227878 0.482862 0.0124507 0.875608 103.202 
0.872837 0.025085 -0.487367 -97.1231 -0.029558 0.999562 -0.0014882 -0.239886 0.487117 0.0157046 0.873196 103.847 
0.870757 0.0234866 -0.491152 -97.4998 -0.0293194 0.999561 -0.0041816 -0.249771 0.490839 0.0180415 0.871064 104.484 
0.868842 0.0253341 -0.494441 -97.8806 -0.0294218 0.999567 -0.000484964 -0.258438 0.494214 0.0149687 0.869211 105.118 
0.866928 0.0293008 -0.497571 -98.2601 -0.0289354 0.999546 0.00844604 -0.269792 0.497592 0.00707535 0.867382 105.751 
0.865403 0.0310717 -0.500112 -98.6366 -0.0255493 0.999514 0.0178882 -0.2769 0.500424 -0.00270291 0.865776 106.381 
0.863793 0.0305099 -0.502922 -99.0035 -0.0221641 0.9995 0.0225669 -0.282219 0.503359 -0.00834623 0.864037 106.992 
0.862194 0.0275051 -0.505832 -99.3687 -0.0191721 0.999581 0.0216741 -0.277593 0.506216 -0.00898941 0.86236 107.59 
0.860499 0.0256261 -0.508808 -99.7277 -0.0190241 0.999654 0.0181737 -0.278142 0.509098 -0.00595875 0.860688 108.167 
0.85893 0.023786 -0.51154 -100.081 -0.018585 0.999711 0.0152791 -0.278591 0.511755 -0.00361665 0.859124 108.728 
0.857434 0.0220072 -0.514123 -100.424 -0.0172162 0.999753 0.0140822 -0.281528 0.514306 -0.00322332 0.857601 109.277 
0.856194 0.0203724 -0.516253 -100.757 -0.0155262 0.999786 0.0137037 -0.284189 0.516422 -0.0037175 0.856326 109.808 
0.854739 0.0206669 -0.518646 -101.084 -0.015238 0.999775 0.0147262 -0.28917 0.518834 -0.00468393 0.854862 110.325 
0.853526 0.0202159 -0.520658 -101.402 -0.0138048 0.999774 0.0161884 -0.29434 0.520868 -0.00662959 0.853612 110.821 
0.852084 0.0188425 -0.523065 -101.708 -0.011861 0.99979 0.0166938 -0.296467 0.52327 -0.00802043 0.852129 111.3 
0.85079 0.0173258 -0.525221 -102.001 -0.00999917 0.999809 0.016784 -0.298348 0.525411 -0.0090278 0.850801 111.759 
0.849571 0.0161415 -0.527227 -102.284 -0.00916068 0.999832 0.0158492 -0.303795 0.527395 -0.00863518 0.849576 112.198 
0.848258 0.0161616 -0.529337 -102.556 -0.0113417 0.999859 0.0123526 -0.308043 0.529462 -0.00447452 0.848322 112.611 
0.846666 0.0134471 -0.531955 -102.818 -0.0107785 0.999909 0.00812103 -0.310493 0.532016 -0.00114207 0.846734 113.009 
0.844322 0.0096052 -0.535751 -103.066 -0.00765264 0.999954 0.00586734 -0.311243 0.535782 -0.000853966 0.844356 113.396 
0.841605 0.00557208 -0.540064 -103.306 -0.00263545 0.999977 0.00621022 -0.313995 0.540086 -0.0038032 0.841601 113.767 
0.837963 0.00639725 -0.545689 -103.538 -0.00268223 0.999968 0.00760398 -0.317052 0.54572 -0.00490814 0.837953 114.119 
0.834149 0.0100318 -0.551448 -103.775 -0.00576069 0.999939 0.00947666 -0.323245 0.551509 -0.00472817 0.834155 114.448 
0.830453 0.0160381 -0.556858 -104.004 -0.00986339 0.999852 0.0140873 -0.329392 0.557002 -0.00620628 0.830488 114.761 
0.826411 0.0213983 -0.562661 -104.221 -0.0116038 0.999713 0.0209765 -0.331919 0.562948 -0.0108062 0.826422 115.057 
0.821577 0.0227504 -0.569643 -104.424 -0.0104947 0.999638 0.0247874 -0.330048 0.570001 -0.0143865 0.821518 115.338 
0.816137 0.0199958 -0.577513 -104.613 -0.00615532 0.999645 0.025913 -0.33015 0.577826 -0.0175937 0.81597 115.598 
0.809024 0.0179889 -0.5875 -104.794 -0.00276332 0.999637 0.026803 -0.329326 0.587769 -0.0200608 0.80878 115.845 
0.80032 0.0163359 -0.59935 -104.976 0.000347076 0.999616 0.027709 -0.326361 0.599573 -0.022384 0.800007 116.073 
0.789929 0.0169653 -0.612964 -105.152 0.000778974 0.999589 0.02867 -0.327667 0.613198 -0.0231247 0.789591 116.28 
0.77767 0.0183857 -0.628404 -105.331 -0.000815537 0.999601 0.0282368 -0.32844 0.628672 -0.0214464 0.777375 116.471 
0.763616 0.0171343 -0.645443 -105.501 -0.000677755 0.999669 0.0257358 -0.331205 0.64567 -0.0192148 0.763374 116.645 
0.748743 0.0143852 -0.662705 -105.669 -0.00112787 0.999791 0.020428 -0.331373 0.66286 -0.0145478 0.748602 116.806 
0.733519 0.0107817 -0.679583 -105.829 -0.000836744 0.999888 0.0149602 -0.330283 0.679668 -0.0104049 0.733446 116.957 
0.718021 0.0106228 -0.69594 -105.996 -0.00458281 0.999934 0.0105348 -0.324267 0.696006 -0.00437478 0.718022 117.097 
0.702039 0.0141082 -0.711999 -106.168 -0.0118013 0.999897 0.00817663 -0.319693 0.712041 0.00266224 0.702133 117.228 
0.684669 0.0158033 -0.728683 -106.345 -0.0142913 0.999864 0.00825644 -0.316787 0.728715 0.00476098 0.684801 117.362 
0.6655 0.0142122 -0.746262 -106.515 -0.0109519 0.999897 0.00927578 -0.311476 0.746317 0.00200004 0.665588 117.503 
0.64514 0.0132236 -0.76395 -106.692 -0.00795013 0.999912 0.0105943 -0.306805 0.764023 -0.000761256 0.645189 117.635 
0.622763 0.0148224 -0.78227 -106.878 -0.00788026 0.999889 0.0126723 -0.301789 0.782371 -0.00172728 0.62281 117.758 
0.598508 0.0191186 -0.800889 -107.071 -0.0114146 0.999817 0.0153372 -0.293877 0.801035 -3.75857e-05 0.598617 117.866 
0.573759 0.0229882 -0.818702 -107.27 -0.0134832 0.999736 0.0186223 -0.287729 0.818913 0.000354055 0.573917 117.97 
0.548119 0.0255818 -0.836009 -107.47 -0.0151264 0.999672 0.0206723 -0.280649 0.836264 0.00131501 0.548326 118.069 
0.522094 0.0287642 -0.852403 -107.672 -0.0182322 0.999579 0.0225635 -0.278976 0.852693 0.00376092 0.522399 118.157 
0.495306 0.0327064 -0.868103 -107.882 -0.0223344 0.99944 0.0249114 -0.272157 0.868432 0.00704985 0.495759 118.236 
0.467198 0.0356857 -0.883432 -108.089 -0.0244692 0.999324 0.0274267 -0.271323 0.883814 0.00880324 0.467755 118.312 
0.437567 0.0349161 -0.898508 -108.303 -0.0231807 0.999352 0.0275461 -0.268155 0.898887 0.00877483 0.438093 118.381 
0.405073 0.0317083 -0.913735 -108.529 -0.0228628 0.999437 0.024547 -0.265744 0.913999 0.0109473 0.40557 118.449 
0.370767 0.0271121 -0.92833 -108.774 -0.0220852 0.999549 0.0203715 -0.257532 0.928463 0.0129493 0.371198 118.508 
0.33164 0.0248028 -0.94308 -109.035 -0.0218477 0.999588 0.018606 -0.250513 0.943153 0.0144337 0.332045 118.564 
0.290192 0.0236454 -0.956676 -109.319 -0.0209534 0.999612 0.0183508 -0.242529 0.956739 0.0147205 0.290575 118.613 
0.246716 0.0214757 -0.96885 -109.622 -0.0200169 0.999654 0.0170612 -0.230524 0.968881 0.0151842 0.247061 118.648 
0.199506 0.0187952 -0.979716 -109.938 -0.0185599 0.999709 0.0153993 -0.222111 0.979721 0.0151112 0.199797 118.674 
0.150549 0.0164883 -0.988465 -110.272 -0.0176442 0.999747 0.0139891 -0.211099 0.988445 0.0153347 0.150802 118.683 
0.100451 0.0160781 -0.994812 -110.621 -0.0167085 0.999756 0.0144709 -0.202428 0.994802 0.0151682 0.100695 118.675 
0.0485458 0.0176719 -0.998665 -110.98 -0.0152286 0.99974 0.0169507 -0.197894 0.998705 0.0143854 0.0488023 118.649 
-0.00487706 0.0197533 -0.999793 -111.362 -0.0119318 0.999733 0.0198103 -0.188892 0.999917 0.012026 -0.00464006 118.613 
-0.0588336 0.021866 -0.998028 -111.749 -0.00807275 0.999717 0.0223789 -0.182124 0.998235 0.00937351 -0.0586404 118.555 
-0.11241 0.0234477 -0.993385 -112.142 -0.00407969 0.999702 0.0240584 -0.174376 0.993654 0.00675716 -0.112281 118.471 
-0.165316 0.0250321 -0.985923 -112.55 -0.0010669 0.999673 0.0255601 -0.164942 0.98624 0.00527739 -0.165235 118.364 
-0.216676 0.0266646 -0.975879 -112.962 0.00119924 0.999633 0.0270474 -0.156914 0.976243 0.00469024 -0.216629 118.23 
-0.266077 0.0278868 -0.963548 -113.382 0.0046358 0.999607 0.0276502 -0.14562 0.963941 0.00289031 -0.266102 118.075 
-0.314235 0.0294453 -0.948888 -113.812 0.00962718 0.999566 0.0278298 -0.135123 0.949296 -0.00038998 -0.314382 117.898 
-0.360843 0.0309845 -0.932112 -114.248 0.0144961 0.999514 0.0276133 -0.125586 0.932514 -0.0035479 -0.361117 117.692 
-0.40474 0.0330124 -0.913836 -114.685 0.0192982 0.999434 0.0275575 -0.116376 0.914228 -0.00648172 -0.405148 117.456 
