1 2.12261e-08 -2.11895e-08 0 2.12261e-08 1 2.10703e-08 0 -2.11895e-08 2.10703e-08 1 0 
0.999979 0.00046562 -0.00642997 -0.0100614 -0.000463731 1 0.000288788 -0.000781569 0.00643007 -0.000285758 0.999979 0.0933027 
0.999907 0.0010736 -0.0135817 -0.0196617 -0.00107101 0.999999 0.0001945 -0.00157918 0.0135819 -0.000179893 0.999908 0.193292 
0.999776 0.00127932 -0.0211216 -0.0323496 -0.00129095 0.999999 -0.000538525 -0.00194208 0.0211208 0.000565714 0.999777 0.292944 
0.999536 0.00184986 -0.0304182 -0.0471903 -0.00190662 0.999997 -0.00183845 -0.00355602 0.0304146 0.00189564 0.999536 0.401498 
0.999122 0.00195828 -0.041849 -0.0668482 -0.0021018 0.999992 -0.00338679 -0.00419751 0.041842 0.00347182 0.999118 0.518839 
0.998457 0.00180866 -0.0554976 -0.0898772 -0.00205029 0.999989 -0.00429798 -0.00429816 0.0554892 0.00440518 0.99845 0.64992 
0.997417 0.00187827 -0.0718029 -0.118819 -0.00219301 0.999988 -0.00430538 -0.00469727 0.071794 0.00445177 0.99741 0.793751 
0.995909 0.000249184 -0.090361 -0.153058 -0.000630718 0.999991 -0.00419425 -0.00737103 0.0903591 0.00423413 0.9959 0.947643 
0.993876 -0.00083638 -0.110499 -0.189741 0.000357411 0.99999 -0.00435472 -0.00911279 0.110501 0.0042886 0.993867 1.1149 
0.991168 -0.000978088 -0.132611 -0.240968 0.000360427 0.999989 -0.00468192 -0.012688 0.132614 0.00459281 0.991157 1.28699 
0.987633 0.00269325 -0.156762 -0.301414 -0.00369045 0.999975 -0.00607077 -0.0180588 0.156741 0.00657425 0.987618 1.46673 
0.983245 0.00689535 -0.18216 -0.372921 -0.00840717 0.999936 -0.00752874 -0.0244251 0.182096 0.00893408 0.98324 1.65161 
0.977825 0.00996724 -0.209186 -0.449197 -0.0120016 0.999892 -0.00845796 -0.0294466 0.209079 0.010781 0.977839 1.8423 
0.97108 0.0108504 -0.238508 -0.533932 -0.0132752 0.999875 -0.00856268 -0.0327165 0.238386 0.0114813 0.971103 2.04139 
0.962964 0.0127417 -0.269327 -0.626835 -0.0154661 0.999848 -0.0079963 -0.0362936 0.269185 0.0118657 0.963016 2.24532 
0.953463 0.014604 -0.301158 -0.735827 -0.0175375 0.999821 -0.00703924 -0.0371695 0.301001 0.0119932 0.953548 2.45369 
0.942116 0.0166713 -0.334873 -0.850159 -0.0198232 0.999786 -0.0059966 -0.0370631 0.334701 0.0122878 0.942244 2.66378 
0.929507 0.0189113 -0.36832 -0.971696 -0.0225988 0.999728 -0.00570047 -0.0365832 0.368112 0.0136223 0.929682 2.86809 
0.915382 0.0216293 -0.402006 -1.09989 -0.0257539 0.999657 -0.00485773 -0.0374554 0.401763 0.0148 0.915624 3.06938 
0.899087 0.022047 -0.437214 -1.23566 -0.0266235 0.999636 -0.00434086 -0.0346362 0.43696 0.0155431 0.899347 3.27388 
0.880298 0.0173259 -0.474105 -1.37562 -0.0223772 0.999737 -0.00501417 -0.0329364 0.473893 0.0150231 0.880454 3.48131 
0.858659 0.0123313 -0.5124 -1.52554 -0.017583 0.999831 -0.0054033 -0.0338165 0.512246 0.0136492 0.85873 3.68408 
0.833154 0.0140609 -0.552863 -1.69576 -0.0181963 0.999832 -0.00199289 -0.0392472 0.552742 0.0117205 0.83327 3.87868 
0.803411 0.0194474 -0.595107 -1.88903 -0.0228554 0.999737 0.00181471 -0.0428028 0.594986 0.0121435 0.803644 4.06886 
0.77008 0.0223492 -0.637556 -2.09321 -0.0258976 0.999658 0.00376175 -0.0467493 0.637421 0.0136144 0.770395 4.2496 
0.733322 0.0214424 -0.679544 -2.31239 -0.02518 0.999673 0.00437106 -0.0451234 0.679416 0.0139055 0.733622 4.43046 
0.692934 0.0172666 -0.720795 -2.54684 -0.0190215 0.999803 0.00566398 -0.0445617 0.72075 0.00978585 0.693126 4.60953 
0.649735 0.0137995 -0.760035 -2.79966 -0.0136354 0.999886 0.0064977 -0.0445147 0.760038 0.00614168 0.649849 4.77829 
0.604644 0.0132391 -0.796386 -3.07399 -0.0108436 0.999906 0.00838949 -0.042385 0.796422 0.00356311 0.604731 4.93044 
0.556037 0.0138549 -0.831042 -3.36929 -0.00820836 0.999904 0.0111781 -0.0392448 0.831117 0.000606132 0.556097 5.07664 
0.504921 0.014537 -0.863043 -3.67687 -0.00681072 0.999894 0.0128575 -0.0340497 0.863139 -0.000614011 0.504966 5.19788 
0.452073 0.016019 -0.891837 -3.99331 -0.00579968 0.99987 0.0150196 -0.0295189 0.891962 -0.00161752 0.452108 5.30043 
0.397636 0.0181168 -0.917364 -4.31859 -0.0048408 0.999833 0.0176472 -0.0244202 0.91753 -0.00257633 0.397657 5.38851 
0.342154 0.0201772 -0.939427 -4.67848 -0.00386021 0.999791 0.0200678 -0.0225492 0.939636 -0.00323983 0.34216 5.46737 
0.287016 0.0231931 -0.957645 -5.06601 -0.00163565 0.999717 0.0237218 -0.0178996 0.957924 -0.00524212 0.286973 5.53684 
0.233212 0.0250598 -0.972103 -5.46369 0.00284133 0.999646 0.0264514 -0.0142033 0.972422 -0.0089308 0.233058 5.59147 
0.182353 0.0254721 -0.982903 -5.87417 0.00510345 0.999626 0.0268523 -0.0088218 0.98322 -0.00991275 0.182155 5.62315 
0.134927 0.0263503 -0.990505 -6.31554 0.00289045 0.999632 0.0269868 0.0010958 0.990851 -0.0065042 0.134801 5.63756 
0.0925613 0.0265868 -0.995352 -6.75528 0.00068216 0.999642 0.0267648 0.0105945 0.995707 -0.00315633 0.09251 5.63144 
0.0545009 0.024945 -0.998202 -7.2114 -0.000860455 0.999689 0.0249351 0.0212241 0.998513 -0.000500036 0.0545054 5.62022 
0.0200746 0.0222721 -0.99955 -7.67771 0.000221775 0.999752 0.022281 0.0283616 0.999799 -0.000668916 0.0200647 5.59596 
-0.011335 0.0195106 -0.999745 -8.16314 0.000436022 0.99981 0.0195069 0.0357127 0.999936 -0.000214758 -0.0113414 5.56077 
-0.0375138 0.0176626 -0.99914 -8.67296 -0.000185158 0.999844 0.017682 0.0410869 0.999296 0.000848359 -0.0375047 5.49969 
-0.0584424 0.0151789 -0.998175 -9.18614 -0.000954516 0.999883 0.0152608 0.0504361 0.99829 0.00184469 -0.0584211 5.44756 
-0.0748237 0.0143176 -0.997094 -9.71295 -0.000443903 0.999896 0.0143912 0.0612791 0.997197 0.00151945 -0.0748096 5.38707 
-0.0880233 0.0146741 -0.99601 -10.2544 0.00079987 0.999892 0.0146607 0.0707029 0.996118 0.000493841 -0.0880256 5.3236 
-0.0976999 0.015882 -0.995089 -10.8149 -0.000386861 0.999872 0.0159963 0.0700302 0.995216 0.00194784 -0.0976812 5.25141 
-0.104513 0.0171787 -0.994375 -11.3863 -0.00207696 0.999845 0.0174915 0.0705654 0.994521 0.00389341 -0.104461 5.1725 
-0.109202 0.0181747 -0.993854 -11.9769 -0.00167619 0.999828 0.0184681 0.0772454 0.994018 0.00368268 -0.109152 5.09447 
-0.110607 0.0189387 -0.993684 -12.5839 0.0006536 0.99982 0.0189829 0.0860999 0.993864 0.0014502 -0.110599 5.01727 
-0.10991 0.021091 -0.993718 -13.2109 0.00277229 0.999777 0.020913 0.0947281 0.993938 -0.000456294 -0.109944 4.94198 
-0.108549 0.0235762 -0.993812 -13.8502 0.00216355 0.999722 0.0234801 0.0995106 0.994089 0.000398619 -0.10857 4.86116 
-0.107114 0.0234958 -0.993969 -14.5023 -9.28338e-05 0.999721 0.0236417 0.104542 0.994247 0.00262467 -0.107082 4.77984 
-0.105496 0.0207968 -0.994202 -15.1726 -0.00182981 0.999776 0.0211076 0.113928 0.994418 0.00404599 -0.105434 4.69136 
-0.104416 0.0205697 -0.994321 -15.8538 -0.00200799 0.99978 0.0208935 0.126029 0.994532 0.00417823 -0.104351 4.61178 
-0.102724 0.0233198 -0.994437 -16.5561 -0.00157551 0.99972 0.0236064 0.138583 0.994709 0.00399174 -0.102659 4.52843 
-0.100872 0.0267463 -0.99454 -17.2752 -0.00244479 0.999629 0.0271312 0.149225 0.994896 0.00516827 -0.10077 4.44281 
-0.0991213 0.0289055 -0.994655 -17.9994 -0.00305058 0.999565 0.0293521 0.156021 0.995071 0.00594373 -0.09899 4.35813 
-0.0973246 0.0281525 -0.994854 -18.7421 -0.00457955 0.999577 0.0287342 0.169631 0.995242 0.00735257 -0.0971545 4.2684 
-0.0956011 0.0250105 -0.995106 -19.4994 -0.00689632 0.999644 0.0257871 0.185093 0.995396 0.00932788 -0.0953945 4.1762 
-0.0941843 0.0244259 -0.995255 -20.268 -0.00759458 0.999652 0.0252525 0.19695 0.995526 0.00993697 -0.0939661 4.09013 
-0.0928437 0.0270034 -0.995314 -21.0486 -0.00496659 0.999607 0.0275832 0.206304 0.995668 0.00750428 -0.0926731 4.01045 
-0.0916473 0.0291697 -0.995364 -21.8449 -0.0029042 0.999559 0.0295601 0.217575 0.995787 0.00559987 -0.0915222 3.92368 
-0.0903258 0.030914 -0.995432 -22.6452 -0.0017949 0.999511 0.0312036 0.228745 0.995911 0.00460523 -0.0902262 3.83488 
-0.0897844 0.0263436 -0.995613 -23.445 -0.00178027 0.999644 0.0266108 0.238168 0.99596 0.00416174 -0.0897055 3.74897 
-0.0894348 0.0194268 -0.995803 -24.2533 -0.000384531 0.999809 0.0195395 0.244484 0.995993 0.00213047 -0.0894103 3.66217 
-0.0897698 0.0149492 -0.99585 -25.0697 0.00289628 0.999887 0.0147487 0.254164 0.995958 -0.00156024 -0.089803 3.58191 
-0.0903522 0.0157686 -0.995785 -25.8994 0.00406027 0.999872 0.0154649 0.261458 0.995902 -0.00264583 -0.0904047 3.49621 
-0.0906108 0.022994 -0.995621 -26.7434 0.00364558 0.999734 0.0227572 0.269033 0.99588 -0.00156753 -0.0906706 3.40576 
-0.0909745 0.0300033 -0.995401 -27.5858 0.00224194 0.99955 0.0299235 0.278994 0.995851 0.00049068 -0.0910008 3.31316 
-0.0913593 0.0353645 -0.99519 -28.4316 0.00029927 0.99937 0.0354856 0.288019 0.995818 0.00294415 -0.0913124 3.21679 
-0.0918341 0.0355642 -0.995139 -29.2734 -0.00132728 0.999357 0.0358374 0.301283 0.995773 0.00461196 -0.0917278 3.1224 
-0.092202 0.0320558 -0.995224 -30.1103 -0.00127718 0.999477 0.0323111 0.315555 0.99574 0.00425026 -0.0921129 3.02942 
-0.0927016 0.0292755 -0.995264 -30.9457 -0.00139793 0.999563 0.0295322 0.330743 0.995693 0.00412903 -0.0926201 2.93762 
-0.0930299 0.0304474 -0.995198 -31.7821 -0.00268581 0.999521 0.0308307 0.344535 0.99566 0.00554113 -0.0929035 2.84569 
-0.0928314 0.0327392 -0.995143 -32.6256 -0.00326536 0.999444 0.0331853 0.355225 0.995677 0.00633018 -0.0926729 2.74618 
-0.0927623 0.0311429 -0.995201 -33.4624 -0.00404212 0.999491 0.0316539 0.363422 0.99568 0.00695906 -0.0925892 2.65045 
-0.0922973 0.0259227 -0.995394 -34.2957 -0.00486052 0.999637 0.0264839 0.375146 0.99572 0.00728257 -0.0921378 2.55271 
-0.092178 0.0216838 -0.995506 -35.1317 -0.00606815 0.999732 0.0223377 0.386152 0.995724 0.00809996 -0.0920217 2.45693 
-0.0918942 0.02242 -0.995516 -35.9641 -0.00552105 0.99972 0.0230243 0.393757 0.995754 0.00761213 -0.0917447 2.36978 
-0.0914665 0.0249259 -0.995496 -36.8023 -0.00436133 0.999667 0.025431 0.399657 0.995799 0.00666782 -0.0913274 2.27909 
-0.0910031 0.0297402 -0.995406 -37.6464 -0.00415358 0.999534 0.0302433 0.409922 0.995842 0.00688677 -0.0908371 2.1857 
-0.0904403 0.0353402 -0.995275 -38.4858 -0.00316816 0.999355 0.0357729 0.423483 0.995897 0.00638854 -0.09027 2.09517 
-0.0905663 0.0384329 -0.995149 -39.3221 -0.00335786 0.999238 0.0388964 0.437681 0.995885 0.00686431 -0.0903682 2.00252 
-0.0902815 0.0382757 -0.995181 -40.1545 -0.00292937 0.999247 0.0386978 0.454533 0.995912 0.00640899 -0.0901014 1.91299 
-0.0903125 0.0337236 -0.995342 -40.9826 -0.00261948 0.999415 0.0340992 0.473553 0.99591 0.0056869 -0.0901713 1.82324 
-0.0898072 0.0293928 -0.995525 -41.8105 -0.00375233 0.999547 0.0298501 0.485485 0.995952 0.00641633 -0.0896562 1.72727 
-0.0898465 0.026547 -0.995602 -42.6389 -0.00776775 0.999596 0.0273545 0.495944 0.995925 0.0101913 -0.0896039 1.63174 
-0.0902021 0.0247003 -0.995617 -43.4718 -0.0108801 0.999608 0.025785 0.505708 0.995864 0.0131583 -0.0898981 1.53065 
-0.0910684 0.022912 -0.995581 -44.2988 -0.00861765 0.99968 0.0237946 0.509808 0.995807 0.0107466 -0.0908418 1.44404 
-0.0923415 0.0192818 -0.995541 -45.1248 -0.0050772 0.99979 0.019835 0.515543 0.995714 0.0068862 -0.0922243 1.35628 
-0.0932365 0.017798 -0.995485 -45.9477 -0.00070156 0.999839 0.0179415 0.523768 0.995644 0.00237124 -0.093209 1.26851 
-0.0953589 0.0213163 -0.995215 -46.7766 -0.000144311 0.99977 0.0214277 0.527229 0.995443 0.00218698 -0.0953339 1.17421 
-0.0972519 0.0276881 -0.994875 -47.6053 0.00240998 0.999617 0.0275845 0.529934 0.995257 0.000285062 -0.0972814 1.08173 
-0.0992382 0.0313875 -0.994569 -48.4246 0.00419772 0.999507 0.0311245 0.536575 0.995055 -0.00108614 -0.099321 0.99033 
-0.100913 0.030505 -0.994427 -49.2339 0.00416182 0.999534 0.0302393 0.544853 0.994887 -0.00108704 -0.100993 0.894857 
-0.101996 0.0264457 -0.994433 -50.0338 0.00100021 0.999649 0.0264818 0.551753 0.994784 0.00170644 -0.101987 0.791581 
-0.103378 0.0226335 -0.994385 -50.8295 -0.00371079 0.999725 0.0231408 0.559 0.994635 0.00608225 -0.103266 0.687562 
-0.104855 0.0210106 -0.994266 -51.6238 -0.00786463 0.999728 0.0219554 0.564568 0.994456 0.0101217 -0.104662 0.581155 
-0.106018 0.0221823 -0.994117 -52.4167 -0.00933927 0.999685 0.0233025 0.567519 0.99432 0.0117548 -0.105777 0.480282 
-0.107147 0.0237254 -0.99396 -53.2065 -0.00903717 0.999651 0.0248355 0.571343 0.994202 0.0116437 -0.106895 0.380775 
-0.108332 0.0232951 -0.993842 -53.9858 -0.0105505 0.999642 0.0245811 0.574784 0.994059 0.0131485 -0.108047 0.280478 
-0.108922 0.0231458 -0.993781 -54.7613 -0.0111186 0.999638 0.0245009 0.578726 0.993988 0.0137182 -0.108625 0.178172 
-0.109585 0.0249048 -0.993665 -55.5383 -0.00944593 0.999615 0.0260956 0.586052 0.993933 0.0122458 -0.109307 0.0817596 
-0.110107 0.0278112 -0.993531 -56.3106 -0.00831497 0.999548 0.0289011 0.593585 0.993885 0.0114434 -0.109826 -0.0145843 
-0.110306 0.0320471 -0.993381 -57.0787 -0.00855413 0.999412 0.0331915 0.599582 0.993861 0.0121588 -0.109967 -0.114006 
-0.110931 0.0342166 -0.993239 -57.8457 -0.00848682 0.999338 0.0353746 0.606552 0.993792 0.0123536 -0.110568 -0.216682 
-0.111843 0.0342094 -0.993137 -58.6038 -0.0080424 0.999343 0.0353289 0.616255 0.993693 0.0119385 -0.111495 -0.313491 
-0.112392 0.0323514 -0.993137 -59.3499 -0.00724897 0.999417 0.0333763 0.624826 0.993638 0.0109505 -0.112092 -0.409355 
-0.112894 0.0286441 -0.993194 -60.0859 -0.00657834 0.999541 0.0295749 0.637834 0.993585 0.00987243 -0.112654 -0.503818 
-0.112949 0.0259157 -0.993263 -60.8136 -0.00677342 0.999617 0.0268517 0.640483 0.993578 0.00976071 -0.11273 -0.596962 
-0.11195 0.0234647 -0.993437 -61.5266 -0.00715084 0.999676 0.0244179 0.648365 0.993688 0.00983754 -0.111746 -0.690484 
-0.109914 0.022747 -0.993681 -62.2265 -0.00935493 0.99967 0.0239189 0.650276 0.993897 0.0119249 -0.109665 -0.782861 
-0.105966 0.0235397 -0.994091 -62.9111 -0.00953344 0.99965 0.0246875 0.654712 0.994324 0.0120932 -0.105704 -0.868323 
-0.100406 0.0252203 -0.994627 -63.5761 -0.00874115 0.999618 0.0262293 0.656642 0.994908 0.0113278 -0.100147 -0.942641 
-0.0932867 0.0267445 -0.99528 -64.2315 -0.0078474 0.999588 0.0275959 0.660743 0.995608 0.0103847 -0.0930384 -1.01333 
-0.0845526 0.0281016 -0.996023 -64.8671 -0.00878302 0.999542 0.0289465 0.662713 0.99638 0.0111956 -0.0842671 -1.07723 
-0.0728922 0.0298301 -0.996894 -65.4887 -0.0109451 0.999469 0.0307074 0.665398 0.99728 0.0131495 -0.072527 -1.13224 
-0.0581047 0.0312538 -0.997821 -66.0967 -0.0139302 0.999387 0.032114 0.671367 0.998213 0.0157658 -0.0576337 -1.17623 
-0.039825 0.0324427 -0.99868 -66.6853 -0.015455 0.999333 0.0330802 0.67781 0.999087 0.0167521 -0.0392971 -1.2018 
-0.0178233 0.0332606 -0.999288 -67.2508 -0.0163305 0.999304 0.0335524 0.682481 0.999708 0.0169169 -0.0172677 -1.20755 
0.00749735 0.0336095 -0.999407 -67.7917 -0.0157163 0.999316 0.0334886 0.68825 0.999848 0.0154559 0.00802044 -1.19247 
0.0368286 0.0332161 -0.998769 -68.3116 -0.0142341 0.999364 0.032711 0.694386 0.99922 0.0130119 0.0372779 -1.15906 
0.0709081 0.0332002 -0.99693 -68.8055 -0.0130118 0.999392 0.0323567 0.701233 0.997398 0.0106775 0.0712969 -1.10505 
0.108638 0.0335445 -0.993515 -69.2806 -0.0123408 0.999399 0.0323937 0.705282 0.994005 0.00874159 0.108986 -1.03351 
0.149419 0.0332334 -0.988215 -69.7365 -0.012063 0.999422 0.0317863 0.711253 0.9887 0.00717145 0.149733 -0.939164 
0.194806 0.0341856 -0.980246 -70.184 -0.0110353 0.999406 0.0326607 0.716081 0.98078 0.00445483 0.195067 -0.828701 
0.24357 0.0329586 -0.969323 -70.6113 -0.00773952 0.999457 0.0320384 0.717036 0.969852 -0.000301471 0.243693 -0.694746 
0.29401 0.0282814 -0.955384 -71.0127 -7.91865e-05 0.999563 0.0295648 0.717997 0.955802 -0.00861665 0.293884 -0.536875 
0.345931 0.0232913 -0.937971 -71.4022 0.00499081 0.999632 0.0266631 0.718668 0.938247 -0.0139048 0.345687 -0.360641 
0.39889 0.0186245 -0.91681 -71.7824 0.0100262 0.999645 0.0246695 0.72459 0.916944 -0.0190324 0.398561 -0.160358 
0.450817 0.0182719 -0.892429 -72.1593 0.00945525 0.999637 0.0252433 0.732348 0.892566 -0.0198182 0.450481 0.0521495 
0.49998 0.0171164 -0.865868 -72.5204 0.0107207 0.999606 0.0259505 0.739484 0.865971 -0.0222574 0.499599 0.284985 
0.545635 0.0128824 -0.837924 -72.8643 0.0183154 0.99946 0.0272923 0.745434 0.837823 -0.0302385 0.545104 0.551169 
0.590101 0.00681011 -0.807301 -73.1828 0.0284439 0.999168 0.0292198 0.746576 0.806828 -0.0402054 0.589416 0.837668 
0.633502 0.00178271 -0.773739 -73.4952 0.029683 0.999205 0.0266052 0.749502 0.773172 -0.0398213 0.632945 1.12809 
0.675573 -0.00303867 -0.737287 -73.79 0.026379 0.999451 0.0200518 0.753464 0.736821 -0.0329953 0.675282 1.42433 
0.717025 -0.0101966 -0.696973 -74.0794 0.0228332 0.9997 0.00886462 0.762447 0.696674 -0.0222702 0.717042 1.74578 
0.75718 -0.0126983 -0.653083 -74.3447 0.0177143 0.999843 0.00109723 0.76244 0.652966 -0.0123996 0.757286 2.08049 
0.795129 -0.0133498 -0.606293 -74.5998 0.0157978 0.999874 -0.00129783 0.757425 0.606235 -0.0085461 0.79524 2.44254 
0.829771 -0.014767 -0.557909 -74.84 0.0158554 0.99987 -0.0028835 0.759355 0.557879 -0.00645319 0.829897 2.84629 
0.861191 -0.0133377 -0.508107 -75.0799 0.0125637 0.999909 -0.00495333 0.756602 0.508126 -0.00211787 0.86128 3.27407 
0.887784 -0.0116229 -0.460113 -75.2941 0.0114568 0.999929 -0.00315328 0.747404 0.460117 -0.00247197 0.887855 3.72508 
0.909523 -0.00552252 -0.415617 -75.502 0.00510758 0.999985 -0.00211015 0.742861 0.415622 -0.000203515 0.909538 4.20763 
0.927501 -0.00115481 -0.373818 -75.6975 -0.000219258 0.999993 -0.00363331 0.740218 0.37382 0.00345191 0.927495 4.69876 
0.941293 0.00396985 -0.337567 -75.8773 -0.00497269 0.999985 -0.00210626 0.733816 0.337554 0.00366127 0.941299 5.22261 
0.951592 0.00450547 -0.307332 -76.0483 -0.00473688 0.999989 -7.11026e-06 0.725772 0.307328 0.00146261 0.951602 5.77564 
0.959127 0.00385497 -0.28295 -76.208 -0.00352943 0.999992 0.00166013 0.71863 0.282955 -0.000593577 0.959133 6.34952 
0.965114 0.00402687 -0.261799 -76.3658 -0.00319131 0.999988 0.00361653 0.717101 0.26181 -0.00265484 0.965116 6.93889 
0.969887 0.00661379 -0.243467 -76.522 -0.00524992 0.999967 0.00625019 0.712812 0.2435 -0.00478375 0.969889 7.54483 
0.973578 0.0112999 -0.228075 -76.6798 -0.00978716 0.999922 0.00776237 0.712193 0.228145 -0.00532502 0.973613 8.16826 
0.976549 0.0148722 -0.214782 -76.8297 -0.0132606 0.999872 0.00894215 0.710279 0.214888 -0.00588424 0.976621 8.80824 
0.979355 0.0135187 -0.201694 -76.9699 -0.0120044 0.99989 0.00872896 0.708682 0.20179 -0.00612748 0.97941 9.46593 
0.982069 0.0132363 -0.188058 -77.1027 -0.0118581 0.999894 0.00845152 0.705494 0.18815 -0.00606991 0.982122 10.1379 
0.984756 0.0134348 -0.17342 -77.2323 -0.0120606 0.999887 0.00897507 0.708726 0.173521 -0.00674666 0.984807 10.8298 
0.987108 0.0150262 -0.159348 -77.3546 -0.0136738 0.999861 0.00958018 0.706296 0.159469 -0.00727775 0.987176 11.5301 
0.989082 0.0150955 -0.146592 -77.4698 -0.0142415 0.999875 0.00687341 0.69977 0.146677 -0.00471064 0.989173 12.2432 
0.990645 0.0157677 -0.135547 -77.5784 -0.015697 0.999876 0.00159048 0.692705 0.135556 0.000552131 0.99077 12.965 
0.991951 0.0138755 -0.125862 -77.6894 -0.0145991 0.999882 -0.00482842 0.696574 0.12578 0.00662706 0.992036 13.7114 
0.992956 0.0137554 -0.117682 -77.789 -0.0144342 0.999884 -0.00491836 0.689515 0.1176 0.0065824 0.993039 14.4602 
0.99371 0.0156905 -0.110877 -77.8915 -0.0156271 0.999877 0.00144004 0.677541 0.110886 0.00030175 0.993833 15.223 
0.994176 0.0201986 -0.105857 -77.9916 -0.019298 0.999768 0.00952429 0.666237 0.106025 -0.00742595 0.994336 15.9937 
0.994615 0.0209944 -0.101487 -78.0854 -0.0197334 0.999715 0.0134125 0.656683 0.10174 -0.0113375 0.994746 16.7639 
0.994992 0.0197306 -0.0979834 -78.1759 -0.0186261 0.999752 0.0121742 0.655356 0.0981993 -0.0102882 0.995114 17.5281 
0.995294 0.019547 -0.0949134 -78.2622 -0.0185626 0.999765 0.0112431 0.651584 0.0951108 -0.00942827 0.995422 18.2933 
0.995591 0.017964 -0.092069 -78.3454 -0.0167933 0.999768 0.0134736 0.649764 0.0922896 -0.011868 0.995662 19.0603 
0.995849 0.0160308 -0.0895998 -78.4231 -0.0146487 0.999764 0.016061 0.643666 0.0898361 -0.0146817 0.995848 19.8267 
0.996138 0.0139984 -0.0866759 -78.4992 -0.0124931 0.999762 0.0178843 0.638842 0.0869055 -0.0167324 0.996076 20.5926 
0.996377 0.0134186 -0.0839767 -78.5764 -0.0122604 0.999823 0.0142923 0.634505 0.0841536 -0.0132109 0.996365 21.3507 
0.996475 0.0160955 -0.0823301 -78.6551 -0.0155842 0.999855 0.00684831 0.630621 0.0824284 -0.00554108 0.996582 22.1028 
0.996604 0.0166138 -0.0806509 -78.7317 -0.0167227 0.99986 -0.000675459 0.619964 0.0806284 0.00202191 0.996742 22.8504 
0.996684 0.017382 -0.0794974 -78.8033 -0.017812 0.99983 -0.00470247 0.607999 0.0794021 0.00610292 0.996824 23.5992 
0.996836 0.0188686 -0.0772185 -78.8823 -0.0191593 0.999812 -0.0030264 0.594696 0.0771469 0.00449632 0.99701 24.3636 
0.996952 0.0224897 -0.0747125 -78.9618 -0.0224785 0.999747 0.000990658 0.577321 0.0747158 0.00069183 0.997205 25.1222 
0.99703 0.0257672 -0.0725739 -79.0372 -0.0253958 0.999659 0.00603501 0.564674 0.0727046 -0.00417398 0.997345 25.8831 
0.997268 0.0234908 -0.0700288 -79.1022 -0.0229897 0.999704 0.00795204 0.556289 0.0701948 -0.00632033 0.997513 26.6399 
0.997409 0.0204296 -0.0689796 -79.1644 -0.0199457 0.999771 0.00769643 0.548515 0.069121 -0.00630059 0.997588 27.3942 
0.997512 0.0188386 -0.0679284 -79.2257 -0.0183491 0.999801 0.00782272 0.538097 0.0680622 -0.00655679 0.99766 28.1443 
0.997589 0.0183415 -0.0669382 -79.2906 -0.0179811 0.99982 0.00598165 0.531813 0.0670359 -0.00476355 0.997739 28.8953 
0.997679 0.0164222 -0.0660803 -79.3534 -0.0161451 0.999859 0.00472458 0.526019 0.0661485 -0.0036467 0.997803 29.6514 
0.997735 0.0154453 -0.0654662 -79.4152 -0.0151609 0.999873 0.00483721 0.517261 0.0655325 -0.00383368 0.997843 30.4133 
0.997735 0.0185294 -0.0646649 -79.4845 -0.0181904 0.999818 0.00582597 0.51009 0.064761 -0.00463645 0.99789 31.1846 
0.997733 0.0183487 -0.0647449 -79.5488 -0.0180661 0.999825 0.00494593 0.502303 0.0648243 -0.00376498 0.99789 31.9626 
0.997639 0.0180186 -0.0662711 -79.6171 -0.0177324 0.999831 0.0049035 0.493329 0.0663482 -0.00371673 0.99779 32.7396 
0.997546 0.0156162 -0.0682506 -79.6838 -0.0152859 0.999869 0.00535898 0.487496 0.0683253 -0.00430251 0.997654 33.5184 
0.997314 0.0175852 -0.0711043 -79.7626 -0.0172635 0.999838 0.00513554 0.48197 0.0711831 -0.0038942 0.997456 34.3088 
0.997045 0.0210703 -0.0738801 -79.8428 -0.0207702 0.999773 0.00482697 0.47203 0.073965 -0.00327816 0.997255 35.1046 
0.996847 0.0213535 -0.0764211 -79.9252 -0.0214205 0.999771 -5.78581e-05 0.462902 0.0764023 0.0016947 0.997076 35.9008 
0.996625 0.022213 -0.0790219 -80.0034 -0.0225755 0.999738 -0.003697 0.456053 0.078919 0.00546853 0.996866 36.706 
0.996493 0.0211136 -0.0809631 -80.0869 -0.0216081 0.999753 -0.00523762 0.445349 0.0808325 0.00696875 0.996703 37.5241 
0.996321 0.0213302 -0.0830063 -80.174 -0.0217056 0.999758 -0.00362301 0.429359 0.0829089 0.00541143 0.996542 38.3496 
0.996173 0.0199654 -0.0850884 -80.2625 -0.0202822 0.99979 -0.00286085 0.416415 0.0850134 0.00457572 0.996369 39.1743 
0.996032 0.0192782 -0.086883 -80.347 -0.0194544 0.99981 -0.00118203 0.406232 0.0868436 0.00286764 0.996218 40.0088 
0.995927 0.0189717 -0.0881405 -80.438 -0.0188271 0.99982 0.00247073 0.396053 0.0881714 -0.000801191 0.996105 40.8504 
0.995848 0.0187548 -0.0890821 -80.5268 -0.0181851 0.999809 0.00720201 0.386736 0.0892001 -0.0055521 0.995998 41.7035 
0.995889 0.0186969 -0.0886356 -80.6154 -0.0179314 0.999795 0.00942453 0.378323 0.0887936 -0.00779637 0.99602 42.5585 
0.996 0.0217735 -0.0866586 -80.7086 -0.0210284 0.999734 0.00950138 0.37254 0.0868424 -0.00764104 0.996193 43.4165 
0.996174 0.0218855 -0.0846051 -80.804 -0.0212808 0.999741 0.00804251 0.370207 0.0847591 -0.00621124 0.996382 44.28 
0.996336 0.0195486 -0.0832652 -80.8868 -0.0191232 0.9998 0.00590292 0.362479 0.0833639 -0.00428895 0.99651 45.1435 
0.996551 0.0159848 -0.0814349 -80.9682 -0.0156887 0.999868 0.00427392 0.355512 0.0814924 -0.00298153 0.99667 46.0184 
0.996727 0.0146947 -0.0794933 -81.0523 -0.0144182 0.999888 0.00405055 0.347453 0.0795439 -0.00289109 0.996827 46.8842 
0.996819 0.0123658 -0.0787395 -81.1329 -0.0118818 0.999908 0.00661261 0.335656 0.0788139 -0.00565596 0.996873 47.7554 
0.996905 0.00970635 -0.0780122 -81.2093 -0.00901675 0.999917 0.00918654 0.32639 0.0780949 -0.00845465 0.99691 48.63 
0.996978 0.00899878 -0.077168 -81.2943 -0.00829134 0.999921 0.00948248 0.316535 0.0772472 -0.00881395 0.996973 49.501 
0.997042 0.010213 -0.0761762 -81.3766 -0.00976367 0.999933 0.00626849 0.30565 0.0762351 -0.00550614 0.997075 50.3701 
0.997078 0.0129229 -0.0752948 -81.4689 -0.0129219 0.999916 0.000499435 0.29146 0.075295 0.000475022 0.997161 51.2252 
0.997139 0.0147864 -0.0741271 -81.5547 -0.015191 0.999873 -0.00489744 0.275838 0.0740452 0.00600953 0.997237 52.0815 
0.997121 0.0194183 -0.0733015 -81.6414 -0.0202441 0.99974 -0.0105398 0.253587 0.0730777 0.0119934 0.997254 52.9289 
0.997211 0.0194333 -0.0720603 -81.723 -0.0203042 0.999729 -0.0113734 0.23175 0.0718198 0.0128048 0.997335 53.7787 
0.997272 0.0164525 -0.0719533 -81.7976 -0.0168837 0.999843 -0.00538948 0.216022 0.0718533 0.00658966 0.997393 54.6359 
0.997234 0.0156834 -0.0726586 -81.8735 -0.0154465 0.999873 0.00381996 0.195827 0.0727092 -0.00268703 0.99735 55.4918 
0.997162 0.0146829 -0.0738455 -81.9522 -0.0138641 0.999837 0.0115871 0.180313 0.0740035 -0.0105304 0.997202 56.3459 
0.99701 0.0126332 -0.0762277 -82.0302 -0.0119551 0.999885 0.0093456 0.171935 0.076337 -0.00840631 0.997047 57.1883 
0.996909 0.00746456 -0.0782119 -82.1022 -0.00702111 0.999958 0.00594281 0.162583 0.0782529 -0.00537527 0.996919 58.0217 
0.996722 0.00604911 -0.0806786 -82.184 -0.00571239 0.999974 0.00440337 0.151347 0.0807031 -0.00392802 0.99673 58.8519 
0.996485 0.00820989 -0.0833654 -82.273 -0.00806531 0.999965 0.00207034 0.137321 0.0833794 -0.00139066 0.996517 59.6775 
0.996191 0.00991763 -0.0866305 -82.3654 -0.0100639 0.999949 -0.00125212 0.123177 0.0866136 0.00211923 0.99624 60.4961 
0.995834 0.0104101 -0.0905838 -82.4578 -0.0108782 0.99993 -0.00467549 0.108243 0.0905288 0.00564144 0.995878 61.3111 
0.995533 0.0123566 -0.0936077 -82.5543 -0.0132235 0.999875 -0.00864714 0.0896615 0.0934891 0.00984638 0.995572 62.1177 
0.995162 0.0167768 -0.0968056 -82.6574 -0.0176991 0.999806 -0.00867674 0.0681173 0.0966412 0.0103482 0.995266 62.9286 
0.994764 0.0203455 -0.100153 -82.7633 -0.021157 0.999751 -0.00704789 0.0531124 0.0999847 0.00912997 0.994947 63.7342 
0.994303 0.0234745 -0.10397 -82.8704 -0.023716 0.999718 -0.00108705 0.0336187 0.103915 0.00354665 0.99458 64.5368 
0.99386 0.0238883 -0.108039 -82.977 -0.02353 0.999713 0.00458941 0.0164455 0.108118 -0.00201902 0.994136 65.3381 
0.993316 0.0233873 -0.11303 -83.0829 -0.0226106 0.999711 0.0081483 0.00737191 0.113188 -0.00553812 0.993558 66.1344 
0.992561 0.0229351 -0.11957 -83.1927 -0.0219882 0.999716 0.00923225 -0.000532921 0.119748 -0.00653441 0.992783 66.9248 
0.991885 0.0206924 -0.125446 -83.3049 -0.0192307 0.999733 0.0128511 -0.00761156 0.125678 -0.0103344 0.992017 67.7095 
0.991034 0.020936 -0.131957 -83.4247 -0.0194301 0.999731 0.0126889 -0.0147673 0.132187 -0.0100111 0.991174 68.4828 
0.990109 0.0258624 -0.137898 -83.5573 -0.0244996 0.999633 0.011571 -0.0196134 0.138147 -0.00807805 0.990379 69.2529 
0.989196 0.0279694 -0.143909 -83.692 -0.0271264 0.999601 0.0078163 -0.0256352 0.14407 -0.00382808 0.98956 70.0198 
0.988335 0.0269364 -0.149894 -83.8251 -0.026476 0.999637 0.00506618 -0.0329619 0.149976 -0.00103844 0.988689 70.7893 
0.987478 0.0282252 -0.15521 -83.9654 -0.0279712 0.999601 0.00382051 -0.0417978 0.155256 0.000568785 0.987874 71.5539 
0.986683 0.0300098 -0.159866 -84.1087 -0.02899 0.999542 0.00870791 -0.0459742 0.160054 -0.00395738 0.9871 72.3204 
0.985657 0.0307898 -0.165929 -84.2587 -0.0290616 0.999495 0.0128337 -0.0504101 0.16624 -0.00782737 0.986054 73.0847 
0.984615 0.0300578 -0.172131 -84.4087 -0.0279007 0.999499 0.014938 -0.0585707 0.172494 -0.00990557 0.984961 73.8445 
0.983421 0.0276819 -0.179212 -84.5613 -0.0261195 0.999598 0.0110726 -0.0624984 0.179446 -0.00620809 0.983748 74.5928 
0.98193 0.0260819 -0.187439 -84.723 -0.0258107 0.999659 0.00388752 -0.0640498 0.187477 0.00102071 0.982269 75.3344 
0.980242 0.0235032 -0.196402 -84.8895 -0.0235564 0.99972 0.00206545 -0.071541 0.196396 0.00260193 0.980521 76.0737 
0.978048 0.0231647 -0.20709 -85.0656 -0.0226044 0.999732 0.0050714 -0.0819304 0.207152 -0.000278883 0.978309 76.8125 
0.975698 0.0229148 -0.21792 -85.25 -0.0210047 0.999718 0.0110776 -0.0834423 0.218112 -0.00623102 0.975904 77.5473 
0.972922 0.0247514 -0.229804 -85.4456 -0.0210044 0.999604 0.018737 -0.0857321 0.230176 -0.0134027 0.973057 78.281 
0.970226 0.0254884 -0.240858 -85.6476 -0.0207169 0.999536 0.0223222 -0.0918404 0.241316 -0.0166677 0.970304 79.0068 
0.967272 0.0286212 -0.252121 -85.8624 -0.024943 0.999531 0.0177736 -0.0955776 0.252512 -0.0109032 0.967532 79.7209 
0.964107 0.0278997 -0.264046 -86.0796 -0.026582 0.99961 0.00856239 -0.0966484 0.264181 -0.00123615 0.964472 80.4223 
0.960706 0.0256983 -0.276374 -86.3029 -0.0256788 0.999663 0.00368996 -0.0952944 0.276376 0.00355205 0.961043 81.1282 
0.957201 0.0244378 -0.28839 -86.536 -0.0229495 0.9997 0.00854081 -0.0955924 0.288512 -0.00155681 0.957475 81.8468 
0.953719 0.0257921 -0.29959 -86.7837 -0.0219813 0.999629 0.0160837 -0.102285 0.299894 -0.0087539 0.953932 82.5621 
0.949958 0.0257319 -0.311317 -87.0413 -0.0199784 0.999566 0.0216566 -0.106543 0.311739 -0.0143532 0.950059 83.2749 
0.945784 0.0233248 -0.323957 -87.3016 -0.0179561 0.999648 0.0195518 -0.102914 0.324299 -0.0126748 0.94587 83.9838 
0.941956 0.0214026 -0.335053 -87.572 -0.0173943 0.999737 0.0149594 -0.101332 0.335285 -0.00826303 0.942081 84.6838 
0.938747 0.0173715 -0.34417 -87.8456 -0.0154901 0.999846 0.00821542 -0.105819 0.34426 -0.00238093 0.938872 85.382 
0.935946 0.0133362 -0.35189 -88.1252 -0.0133756 0.999908 0.00231909 -0.110139 0.351889 0.00253624 0.936038 86.084 
0.933258 0.0132342 -0.358964 -88.4163 -0.0140662 0.999901 0.000293934 -0.115553 0.358933 0.00477498 0.933351 86.7869 
0.930091 0.0183876 -0.366868 -88.7141 -0.0196876 0.999806 0.000198365 -0.126033 0.3668 0.00703829 0.930273 87.4845 
0.926989 0.0183324 -0.37464 -89.0182 -0.0187059 0.999822 0.00263952 -0.137926 0.374621 0.00456124 0.927167 88.1842 
0.923636 0.0188748 -0.382806 -89.3219 -0.0166553 0.99982 0.00911168 -0.138869 0.382909 -0.0020401 0.923784 88.8924 
0.920778 0.0207256 -0.389537 -89.6343 -0.0151499 0.999734 0.0173807 -0.142282 0.389794 -0.0101023 0.920847 89.6007 
0.91799 0.0305761 -0.395424 -89.9635 -0.0228503 0.999445 0.0242341 -0.149002 0.395946 -0.013211 0.918179 90.2966 
0.915337 0.0371078 -0.400976 -90.2976 -0.0312899 0.999289 0.0210499 -0.148219 0.401472 -0.00672114 0.915847 90.979 
0.913032 0.0336994 -0.406493 -90.6268 -0.0309304 0.999432 0.0133821 -0.145486 0.406713 0.000354754 0.913556 91.6619 
0.911064 0.0258127 -0.411456 -90.9488 -0.0256116 0.999654 0.00600304 -0.145913 0.411469 0.00506894 0.91141 92.3461 
0.90941 0.0263579 -0.415064 -91.2855 -0.0265196 0.999634 0.00537504 -0.148846 0.415054 0.00611926 0.909776 93.0316 
0.907052 0.0324555 -0.419766 -91.6339 -0.0308365 0.999468 0.0106438 -0.154176 0.419888 0.00328967 0.90757 93.7287 
0.904472 0.0346264 -0.425126 -91.9792 -0.0311932 0.9994 0.0150362 -0.159861 0.425391 -0.000338753 0.905009 94.4286 
0.9022 0.0310852 -0.430197 -92.3246 -0.0281763 0.999517 0.0131323 -0.166475 0.430398 0.000273418 0.902639 95.1207 
0.899863 0.029376 -0.435183 -92.6769 -0.029333 0.999546 0.00681784 -0.171721 0.435186 0.00663013 0.900316 95.8044 
0.897668 0.026619 -0.439869 -93.0337 -0.0296011 0.999562 8.03216e-05 -0.17411 0.439678 0.0129486 0.898062 96.4885 
0.895304 0.0274618 -0.444608 -93.3972 -0.0311762 0.999513 -0.00104304 -0.184221 0.444363 0.0147951 0.895725 97.1737 
0.893231 0.0305313 -0.448561 -93.7654 -0.0324467 0.999468 0.00341663 -0.198243 0.448427 0.0115026 0.893746 97.8632 
0.891115 0.0319674 -0.452651 -94.1334 -0.0330835 0.999438 0.00545265 -0.207339 0.452571 0.0101164 0.891671 98.5465 
0.888777 0.0330295 -0.457148 -94.5037 -0.0338871 0.999406 0.00632558 -0.219334 0.457085 0.00986944 0.889368 99.2235 
0.88651 0.031024 -0.461669 -94.8745 -0.0321278 0.999469 0.00547133 -0.227429 0.461593 0.00998205 0.887036 99.9025 
0.884456 0.0292868 -0.465704 -95.2469 -0.030481 0.999523 0.00496809 -0.237025 0.465627 0.00980113 0.884927 100.573 
0.882187 0.0287601 -0.470021 -95.6188 -0.0296353 0.999545 0.0055383 -0.24532 0.469966 0.00904343 0.882638 101.243 
0.879839 0.0300733 -0.474319 -95.9977 -0.0308829 0.999505 0.00608521 -0.254257 0.474267 0.00929441 0.880332 101.905 
0.877577 0.0303955 -0.478472 -96.3768 -0.0312268 0.999493 0.00622019 -0.265895 0.478418 0.00948246 0.878081 102.559 
0.875209 0.0275369 -0.48296 -96.7528 -0.0302484 0.99954 0.00217527 -0.276209 0.482798 0.012705 0.87564 103.208 
0.872897 0.0241072 -0.48731 -97.1296 -0.028828 0.999582 -0.00218912 -0.288751 0.487053 0.0159591 0.873227 103.852 
0.870817 0.0225089 -0.491092 -97.5063 -0.0285924 0.999579 -0.00488569 -0.299167 0.490776 0.0182961 0.871094 104.49 
0.868902 0.0243562 -0.494384 -97.887 -0.0286975 0.999587 -0.0011918 -0.30837 0.494151 0.0152232 0.869243 105.124 
0.866988 0.0283224 -0.497523 -98.2665 -0.0282139 0.999572 0.00773661 -0.320258 0.49753 0.00732956 0.867416 105.757 
0.86546 0.0300927 -0.500073 -98.6429 -0.02483 0.999544 0.0171766 -0.327896 0.500362 -0.00244881 0.865813 106.387 
0.863847 0.0295306 -0.502888 -99.0098 -0.0214472 0.999531 0.021853 -0.333731 0.503298 -0.00809211 0.864075 106.998 
0.862244 0.0265256 -0.505797 -99.375 -0.0184574 0.99961 0.0209579 -0.329615 0.506156 -0.00873507 0.862398 107.596 
0.860549 0.0246468 -0.50877 -99.7339 -0.0183119 0.99968 0.017455 -0.330664 0.509038 -0.00570427 0.860725 108.173 
0.858981 0.0228068 -0.511499 -100.087 -0.017875 0.999734 0.0145581 -0.331603 0.511695 -0.00336204 0.85916 108.734 
0.857483 0.021028 -0.514082 -100.431 -0.0165082 0.999775 0.0133591 -0.335016 0.514247 -0.00296858 0.857637 109.283 
0.856242 0.0193932 -0.516211 -100.763 -0.0148201 0.999806 0.0129788 -0.338139 0.516363 -0.00346265 0.856363 109.814 
0.854787 0.0196875 -0.518605 -101.09 -0.0145339 0.999796 0.0139994 -0.343573 0.518775 -0.0044291 0.854899 110.33 
0.853572 0.0192365 -0.520619 -101.408 -0.0131023 0.999795 0.0154599 -0.349182 0.52081 -0.00637473 0.853649 110.827 
0.852129 0.017863 -0.523026 -101.714 -0.0111606 0.99981 0.0159633 -0.351731 0.523212 -0.00776548 0.852167 111.306 
0.850833 0.0163462 -0.525182 -102.007 -0.0093006 0.999828 0.0160517 -0.354016 0.525354 -0.00877275 0.850838 111.765 
0.849613 0.0151618 -0.527188 -102.289 -0.00846381 0.99985 0.0151153 -0.359852 0.527338 -0.00838005 0.849614 112.204 
0.848302 0.0151822 -0.529294 -102.562 -0.0106466 0.999876 0.0116169 -0.364473 0.529405 -0.00421939 0.848359 112.617 
0.84671 0.0124678 -0.531908 -102.823 -0.0100857 0.999922 0.00738321 -0.367281 0.531959 -0.000886747 0.84677 113.015 
0.844363 0.00862593 -0.535702 -103.072 -0.00696306 0.999963 0.00512642 -0.368373 0.535726 -0.000598386 0.844392 113.402 
0.841642 0.0045926 -0.540016 -103.312 -0.00194963 0.999983 0.00546578 -0.371455 0.540032 -0.00354735 0.841637 113.773 
0.838001 0.00541772 -0.545642 -103.544 -0.00200142 0.999975 0.00685496 -0.37483 0.545666 -0.00465235 0.83799 114.125 
0.83419 0.00905231 -0.551404 -103.78 -0.0050851 0.999949 0.00872298 -0.381339 0.551454 -0.00447262 0.834193 114.454 
0.830498 0.0150586 -0.556818 -104.009 -0.00919282 0.999869 0.0133293 -0.38779 0.556946 -0.00595113 0.830527 114.767 
0.826458 0.0204187 -0.562628 -104.227 -0.0109387 0.999736 0.0202139 -0.390605 0.562892 -0.0105514 0.826463 115.063 
0.821624 0.0217706 -0.569614 -104.429 -0.00983616 0.999663 0.0240191 -0.389006 0.569945 -0.0141318 0.821561 115.345 
0.816179 0.0190158 -0.577486 -104.619 -0.00550411 0.999669 0.0251385 -0.38936 0.577772 -0.0173389 0.816014 115.604 
0.809064 0.0170087 -0.587474 -104.8 -0.00212162 0.999659 0.0260205 -0.388777 0.587717 -0.0198058 0.808824 115.851 
0.800358 0.0153556 -0.599326 -104.981 0.000977226 0.999637 0.0269172 -0.386047 0.599522 -0.022129 0.800053 116.079 
0.789967 0.015985 -0.612941 -105.158 0.00139546 0.999611 0.0278675 -0.38758 0.613147 -0.0228697 0.789637 116.287 
0.777711 0.0174054 -0.628381 -105.337 -0.00021502 0.999624 0.0274223 -0.388576 0.628622 -0.0211914 0.777422 116.477 
0.763658 0.0161541 -0.645419 -105.507 -9.53553e-05 0.99969 0.0249082 -0.391553 0.645621 -0.0189598 0.763422 116.652 
0.748786 0.0134053 -0.662676 -105.675 -0.000564438 0.999808 0.0195873 -0.391926 0.662812 -0.0142926 0.74865 116.812 
0.733564 0.00980187 -0.67955 -105.834 -0.000292525 0.9999 0.0141068 -0.391031 0.679621 -0.0101494 0.733493 116.963 
0.71807 0.00964337 -0.695904 -106.001 -0.00405795 0.999945 0.00966933 -0.385214 0.695959 -0.00411927 0.71807 117.103 
0.702095 0.0131292 -0.711962 -106.174 -0.0112962 0.99991 0.00729955 -0.380843 0.711993 0.00291751 0.70218 117.235 
0.684729 0.0148245 -0.728647 -106.35 -0.0138075 0.999878 0.00736746 -0.378144 0.728667 0.00501614 0.68485 117.369 
0.665559 0.0132331 -0.746228 -106.52 -0.0104914 0.99991 0.00837449 -0.373035 0.746272 0.00225531 0.665638 117.509 
0.645197 0.0122444 -0.763918 -106.697 -0.00751406 0.999925 0.00968092 -0.368572 0.763979 -0.000505918 0.64524 117.641 
0.62282 0.0138431 -0.782243 -106.884 -0.00747081 0.999903 0.0117467 -0.36377 0.782329 -0.00147205 0.622863 117.764 
0.59857 0.0181396 -0.800865 -107.077 -0.0110337 0.999835 0.0143996 -0.356075 0.800994 0.000217351 0.598672 117.872 
0.573824 0.0220093 -0.818683 -107.275 -0.013131 0.999758 0.0176735 -0.350148 0.818873 0.000608722 0.573974 117.977 
0.548187 0.0246029 -0.835994 -107.475 -0.0148039 0.999696 0.0197132 -0.343289 0.836225 0.0015695 0.548384 118.075 
0.522167 0.0277856 -0.852391 -107.678 -0.0179393 0.999606 0.021595 -0.341837 0.852655 0.00401518 0.522459 118.163 
0.495383 0.0317281 -0.868095 -107.887 -0.0220718 0.99947 0.0239343 -0.335243 0.868394 0.00730382 0.495821 118.242 
0.467278 0.0347077 -0.883429 -108.094 -0.0242381 0.999357 0.0264417 -0.334632 0.883778 0.00905699 0.467819 118.319 
0.437647 0.033938 -0.898506 -108.308 -0.0229824 0.999383 0.026554 -0.331691 0.898853 0.00902863 0.438157 118.387 
0.405154 0.0307303 -0.913732 -108.534 -0.0227002 0.999465 0.0235483 -0.329518 0.913967 0.0112013 0.405634 118.456 
0.370848 0.0261341 -0.928326 -108.779 -0.0219599 0.999571 0.0193673 -0.321561 0.928434 0.0132037 0.371263 118.514 
0.331722 0.0238248 -0.943077 -109.041 -0.0217645 0.999608 0.0175974 -0.314812 0.943126 0.0146882 0.33211 118.57 
0.290274 0.0226675 -0.956675 -109.325 -0.0209143 0.999631 0.0173395 -0.30712 0.956715 0.0149751 0.290641 118.62 
0.246798 0.0204977 -0.96885 -109.627 -0.0200235 0.999671 0.0160491 -0.295419 0.96886 0.0154389 0.247127 118.655 
0.199587 0.0178172 -0.979718 -109.944 -0.0186154 0.999723 0.0143887 -0.287323 0.979703 0.0153661 0.199864 118.681 
0.15063 0.0155103 -0.988469 -110.278 -0.01775 0.999758 0.0129825 -0.276641 0.988431 0.0155898 0.150869 118.69 
0.100531 0.0151001 -0.994819 -110.626 -0.0168649 0.999767 0.0134709 -0.268308 0.994791 0.0154233 0.100762 118.682 
0.0486248 0.0166938 -0.998678 -110.985 -0.0154368 0.999753 0.0159602 -0.26412 0.998698 0.0146404 0.0488705 118.655 
-0.00480115 0.0187751 -0.999812 -111.368 -0.0121927 0.999748 0.0188325 -0.255483 0.999914 0.0122809 -0.00457102 118.619 
-0.0587615 0.0208877 -0.998054 -111.755 -0.00838605 0.999736 0.0214166 -0.249079 0.998237 0.00962824 -0.0585708 118.562 
-0.112343 0.0224691 -0.993416 -112.147 -0.00444429 0.999723 0.0231144 -0.241694 0.99366 0.00701179 -0.112212 118.478 
-0.165251 0.0240535 -0.985958 -112.556 -0.0014814 0.999695 0.0246369 -0.232633 0.98625 0.00553191 -0.165165 118.37 
-0.216615 0.025686 -0.975919 -112.968 0.000737001 0.999658 0.0261472 -0.224974 0.976257 0.00494465 -0.21656 118.237 
-0.26602 0.0269081 -0.963592 -113.388 0.00412833 0.999633 0.0267748 -0.214051 0.963959 0.00314464 -0.266033 118.082 
-0.314184 0.0284665 -0.948935 -113.817 0.00907629 0.999595 0.0269811 -0.203929 0.949319 -0.000135769 -0.314315 117.904 
-0.360798 0.0300055 -0.932161 -114.254 0.0139039 0.999544 0.026793 -0.194767 0.932541 -0.0032938 -0.36105 117.699 
-0.4047 0.0320333 -0.913888 -114.691 0.0186677 0.999467 0.0267664 -0.185925 0.914259 -0.00622777 -0.405083 117.462 
