1 2.12261e-08 -2.11895e-08 -1.49186e-15 2.12261e-08 1 2.10703e-08 -6.66134e-16 -2.11895e-08 2.10703e-08 1 -2.29816e-14 
0.999996 0.00274335 0.000144121 -0.0126586 -0.00274352 0.999995 0.00147413 -0.0145527 -0.000140119 -0.00147448 0.999999 0.782211 
0.999985 0.0054022 0.000252573 -0.0277838 -0.00540264 0.999984 0.00192927 -0.0317654 -0.00024219 -0.00193056 0.999998 1.55057 
0.999976 0.00683696 0.000706123 -0.0431337 -0.00683805 0.999975 0.0016109 -0.0478902 -0.000695134 -0.00161564 0.999998 2.29965 
0.999961 0.00882667 0.000818139 -0.0613427 -0.00882779 0.99996 0.00142551 -0.0650225 -0.000805566 -0.00143263 0.999999 3.02894 
0.999961 0.00874775 0.000879577 -0.0691651 -0.00874893 0.999961 0.00139323 -0.080907 -0.000867397 -0.00140082 0.999999 3.74968 
0.99996 0.00885168 0.00138939 -0.0889378 -0.00885498 0.999958 0.00242267 -0.0965226 -0.00136793 -0.00243483 0.999996 4.45146 
0.999952 0.00968072 0.00175091 -0.096728 -0.00968963 0.99994 0.00517728 -0.108022 -0.00170072 -0.00519396 0.999985 5.14314 
0.999952 0.00938081 0.00296789 -0.0996895 -0.00940743 0.999914 0.00910242 -0.115293 -0.00288229 -0.00912985 0.999954 5.81986 
0.999953 0.00874241 0.00411721 -0.103379 -0.00879374 0.999882 0.0126303 -0.124213 -0.00400634 -0.0126659 0.999912 6.4627 
0.999956 0.00789351 0.00507607 -0.108142 -0.00796882 0.999856 0.015001 -0.134742 -0.00495697 -0.0150407 0.999875 7.08019 
0.999945 0.00854063 0.00610901 -0.111393 -0.00863011 0.999854 0.014782 -0.141347 -0.00598191 -0.0148339 0.999872 7.6701 
0.999933 0.00931451 0.00693195 -0.110144 -0.00939839 0.999882 0.0121742 -0.148774 -0.00681778 -0.0122385 0.999902 8.23809 
0.999926 0.00943158 0.00771401 -0.112271 -0.00950369 0.999911 0.00937065 -0.154141 -0.00762498 -0.00944323 0.999926 8.77071 
0.999928 0.00759876 0.0093052 -0.112539 -0.00767294 0.999939 0.00796671 -0.159254 -0.00924413 -0.0080375 0.999925 9.27417 
0.999932 0.00385311 0.0110069 -0.105528 -0.00391507 0.999977 0.00561705 -0.16459 -0.010985 -0.00565972 0.999924 9.75457 
0.999914 0.00198245 0.0129457 -0.104189 -0.00204098 0.999988 0.0045129 -0.173457 -0.0129366 -0.00453889 0.999906 10.2091 
0.99987 0.00614619 0.014893 -0.108391 -0.00618483 0.999978 0.00255287 -0.183727 -0.014877 -0.0026446 0.999886 10.6206 
0.999785 0.0105742 0.0178234 -0.110856 -0.0106075 0.999942 0.00177648 -0.193086 -0.0178037 -0.00196512 0.99984 11.011 
0.999714 0.0109759 0.0212691 -0.108636 -0.0110383 0.999935 0.00282002 -0.199263 -0.0212369 -0.00305395 0.99977 11.3651 
0.999678 0.00704151 0.0243877 -0.0975653 -0.0071255 0.999969 0.00336067 -0.203881 -0.0243633 -0.00353332 0.999697 11.6884 
0.999639 0.00214501 0.0267955 -0.0796576 -0.00223022 0.999993 0.00315196 -0.20724 -0.0267886 -0.00321054 0.999636 11.9824 
0.999572 -0.00124066 0.029213 -0.0684217 0.00110977 0.999989 0.00449754 -0.211956 -0.0292183 -0.00446315 0.999563 12.249 
0.999493 -0.00171298 0.0317945 -0.0619509 0.00153766 0.999984 0.00553921 -0.218283 -0.0318036 -0.00548747 0.999479 12.4808 
0.999423 -0.00104696 0.0339621 -0.0580793 0.000893079 0.999989 0.00454707 -0.219756 -0.0339666 -0.00451407 0.999413 12.6881 
0.999349 1.71439e-05 0.0360872 -0.0530914 -0.000127742 0.999995 0.00306363 -0.223074 -0.036087 -0.00306621 0.999344 12.8782 
0.999243 0.00235733 0.0388375 -0.0548793 -0.00244919 0.999994 0.0023191 -0.228699 -0.0388319 -0.00241242 0.999243 13.0474 
0.999174 0.00487314 0.0403462 -0.0516583 -0.00494316 0.999986 0.00163694 -0.235204 -0.0403377 -0.00183499 0.999184 13.2189 
0.999109 0.00613598 0.0417627 -0.048424 -0.00615819 0.999981 0.000404236 -0.24351 -0.0417594 -0.000661017 0.999128 13.3762 
0.999035 0.00513881 0.0436164 -0.0391919 -0.00508287 0.999986 -0.00139245 -0.247935 -0.0436229 0.00116946 0.999047 13.5302 
0.998978 0.00377836 0.0450328 -0.0282238 -0.00365485 0.999989 -0.00282376 -0.25002 -0.045043 0.00265633 0.998982 13.679 
0.998927 0.00307224 0.0462145 -0.0202335 -0.00289227 0.999988 -0.0039595 -0.252118 -0.0462262 0.00382163 0.998924 13.8178 
0.998854 0.00381201 0.0477143 -0.013097 -0.00356495 0.99998 -0.0052611 -0.25513 -0.0477335 0.00508501 0.998847 13.9536 
0.998792 0.00479592 0.048909 -0.00863267 -0.00444002 0.999963 -0.00738197 -0.257877 -0.0489426 0.00715593 0.998776 14.0827 
0.998748 0.00484124 0.0497951 -0.00404737 -0.00437177 0.999945 -0.0095318 -0.261766 -0.0498385 0.00930221 0.998714 14.2068 
0.998719 0.00412005 0.0504346 0.00273339 -0.00352506 0.999923 -0.0118795 -0.265085 -0.0504797 0.0116866 0.998657 14.3314 
0.998752 0.00302321 0.0498618 0.00865267 -0.00234327 0.999904 -0.0136885 -0.268949 -0.0498984 0.0135547 0.998662 14.4568 
0.99885 0.00268686 0.0478805 0.0113189 -0.00198213 0.999889 -0.014759 -0.272677 -0.0479148 0.0146472 0.998744 14.584 
0.998995 0.00280274 0.0447385 0.0158906 -0.00209529 0.999872 -0.0158511 -0.274097 -0.0447772 0.0157415 0.998873 14.7161 
0.999162 0.00291493 0.0408251 0.0114809 -0.00222178 0.999853 -0.0170126 -0.279334 -0.0408688 0.0169077 0.999022 14.8425 
0.999382 0.00328597 0.0349968 0.0103115 -0.00265239 0.999832 -0.0181338 -0.28198 -0.0350506 0.0180298 0.999223 14.9685 
0.999597 0.00306622 0.0282308 0.00914195 -0.00253626 0.99982 -0.0187875 -0.284635 -0.0282833 0.0187083 0.999425 15.0992 
0.999774 0.00307581 0.0210311 0.00338772 -0.00266573 0.999806 -0.0194968 -0.288362 -0.0210871 0.0194364 0.999589 15.2317 
0.999913 0.00288032 0.0128904 -0.00442604 -0.00261523 0.999786 -0.0205312 -0.291224 -0.0129468 0.0204958 0.999706 15.3646 
0.999995 0.00178366 0.00274448 -0.0140759 -0.00172366 0.999763 -0.0216962 -0.294735 -0.00278257 0.0216914 0.999761 15.5037 
0.999946 0.000125278 -0.0103722 -0.0249024 -0.000367138 0.999728 -0.0233237 -0.299101 0.0103664 0.0233263 0.999674 15.653 
0.999649 -0.000509474 -0.0264765 -0.0479555 -0.000156924 0.999683 -0.0251628 -0.303455 0.0264809 0.0251582 0.999333 15.8134 
0.998953 -0.000106875 -0.0457529 -0.0785527 -0.00108821 0.999659 -0.0260955 -0.307587 0.0457401 0.026118 0.998612 15.9879 
0.997707 0.000465831 -0.0676843 -0.11322 -0.00220393 0.99967 -0.0256078 -0.314163 0.0676499 0.0256982 0.997378 16.1873 
0.99582 0.00121541 -0.0913345 -0.158873 -0.00346134 0.999695 -0.0244363 -0.315364 0.091277 0.0246503 0.99552 16.4008 
0.992986 0.0019984 -0.118218 -0.214996 -0.00474714 0.999725 -0.0229747 -0.321267 0.11814 0.0233748 0.992722 16.6345 
0.988915 0.00313506 -0.148452 -0.284833 -0.00631662 0.99976 -0.0209653 -0.32698 0.14835 0.0216707 0.988697 16.8789 
0.983334 0.00300107 -0.181782 -0.365301 -0.00628775 0.999827 -0.0175069 -0.334146 0.181698 0.0183582 0.983183 17.1426 
0.9758 0.00403973 -0.218627 -0.46438 -0.00716546 0.999883 -0.0135063 -0.338125 0.218547 0.014746 0.975715 17.4177 
0.965952 0.00580706 -0.258656 -0.579508 -0.00820614 0.999933 -0.00819663 -0.340686 0.258591 0.0100402 0.965935 17.7036 
0.95375 0.00969981 -0.300443 -0.712799 -0.0112491 0.999931 -0.00342728 -0.343987 0.300389 0.00664853 0.953794 17.9943 
0.939245 0.0132615 -0.342992 -0.860802 -0.0137901 0.999905 0.000897852 -0.344113 0.342971 0.00388664 0.939338 18.2941 
0.922059 0.0156332 -0.386733 -1.02451 -0.0142072 0.999878 0.00654555 -0.347249 0.386788 -0.000540954 0.922169 18.5973 
0.902213 0.0189366 -0.430875 -1.20606 -0.0142399 0.999799 0.0141232 -0.348287 0.431055 -0.00660652 0.902301 18.9066 
0.879631 0.0229291 -0.475104 -1.40494 -0.014899 0.999676 0.0206609 -0.348236 0.475423 -0.0110953 0.879687 19.213 
0.853957 0.0279738 -0.519591 -1.62772 -0.0173297 0.999529 0.0253311 -0.348819 0.520055 -0.0126273 0.85404 19.5152 
0.825056 0.0308018 -0.564211 -1.87062 -0.0179179 0.999437 0.0283602 -0.34247 0.564767 -0.0132893 0.825144 19.8137 
0.793335 0.0338273 -0.607845 -2.14118 -0.0198407 0.999361 0.0297204 -0.33108 0.608462 -0.0115182 0.7935 20.1054 
0.758592 0.0360848 -0.650566 -2.43018 -0.0198244 0.999281 0.0323107 -0.318987 0.651264 -0.0116135 0.758762 20.3899 
0.720518 0.0396719 -0.6923 -2.74823 -0.020705 0.999148 0.0357067 -0.302512 0.693127 -0.0113932 0.720726 20.6755 
0.680665 0.0407919 -0.731458 -3.09761 -0.0184805 0.999087 0.0385198 -0.287556 0.732361 -0.0127013 0.680798 20.9511 
0.638971 0.0405647 -0.76816 -3.47068 -0.0154938 0.999085 0.0398712 -0.275383 0.769075 -0.0135747 0.639015 21.221 
0.595641 0.0393986 -0.802284 -3.872 -0.0100606 0.999084 0.0415937 -0.260585 0.803188 -0.0167034 0.595492 21.4758 
0.550578 0.0396081 -0.833844 -4.29422 -0.00542127 0.999022 0.0438746 -0.24527 0.834766 -0.0196358 0.550254 21.7109 
0.503307 0.0409056 -0.863139 -4.74546 -0.00374246 0.998973 0.0451607 -0.223529 0.8641 -0.0194994 0.502943 21.9286 
0.453365 0.040405 -0.890409 -5.2217 -0.00249524 0.999026 0.0440633 -0.201521 0.891321 -0.0177549 0.453024 22.1199 
0.400977 0.039037 -0.915256 -5.7159 0.00245283 0.999042 0.0436851 -0.176993 0.916085 -0.0197617 0.400497 22.2897 
0.347124 0.0384573 -0.93703 -6.23885 0.00763882 0.99901 0.0438308 -0.159827 0.937788 -0.0223725 0.346487 22.4437 
0.293003 0.0373639 -0.955381 -6.79244 0.0101359 0.999059 0.0421806 -0.135624 0.956058 -0.0220426 0.292348 22.5736 
0.239349 0.0431661 -0.969974 -7.36971 0.0109109 0.998829 0.0471426 -0.108856 0.970872 -0.0218668 0.238598 22.6743 
0.187727 0.0481894 -0.981038 -7.96906 0.0133979 0.998577 0.0516147 -0.0827344 0.98213 -0.0228333 0.186814 22.7467 
0.139237 0.0495901 -0.989017 -8.58966 0.0187838 0.998433 0.0527067 -0.0578013 0.990081 -0.0259162 0.138087 22.8039 
0.094821 0.0510016 -0.994187 -9.22179 0.0213026 0.998354 0.0532472 -0.0384312 0.995266 -0.0262277 0.0935785 22.8313 
0.0543012 0.0491572 -0.997314 -9.87214 0.0208813 0.998513 0.0503532 -0.0109422 0.998306 -0.0235594 0.053194 22.8323 
0.0185531 0.0447624 -0.998825 -10.5375 0.0182404 0.998816 0.0451007 0.0223203 0.999662 -0.0190557 0.0177147 22.8104 
-0.00997732 0.04452 -0.998959 -11.2248 0.016149 0.998885 0.0443555 0.0547883 0.99982 -0.0156896 -0.0106852 22.7722 
-0.0311505 0.0487662 -0.998324 -11.9319 0.0148485 0.998721 0.0483223 0.0821445 0.999404 -0.0133184 -0.0318348 22.7251 
-0.04412 0.0547312 -0.997526 -12.6634 0.0165758 0.998401 0.0540461 0.110963 0.998889 -0.0141502 -0.0449567 22.674 
-0.0521859 0.0573451 -0.99699 -13.4133 0.0161409 0.998268 0.0565738 0.141055 0.998507 -0.0131399 -0.0530211 22.6162 
-0.056139 0.0547481 -0.996921 -14.186 0.0175751 0.998395 0.0538393 0.172365 0.998268 -0.0144985 -0.0570111 22.561 
-0.0554881 0.05108 -0.997152 -14.9667 0.024883 0.998451 0.0497619 0.206956 0.998149 -0.0220509 -0.0566732 22.5122 
-0.0514016 0.0496344 -0.997444 -15.7735 0.0367883 0.99818 0.0477752 0.248653 0.998 -0.0342385 -0.053134 22.4787 
-0.046178 0.0498539 -0.997688 -16.6049 0.037494 0.998137 0.0481409 0.280939 0.998229 -0.0351843 -0.0479612 22.4372 
-0.0411857 0.0482233 -0.997987 -17.4528 0.0358518 0.998263 0.046757 0.309463 0.998508 -0.0338539 -0.0428431 22.3874 
-0.037833 0.0419657 -0.998403 -18.3202 0.0393755 0.998404 0.0404737 0.344865 0.998508 -0.0377814 -0.0394251 22.3441 
-0.0356786 0.0312153 -0.998876 -19.1972 0.0371661 0.998862 0.0298873 0.371012 0.998672 -0.036058 -0.0367981 22.2988 
-0.0350323 0.0226452 -0.99913 -20.0932 0.0296575 0.999327 0.0216098 0.390955 0.998946 -0.0288746 -0.0356803 22.2374 
-0.0362805 0.019601 -0.999149 -21.0193 0.0238408 0.99954 0.0187429 0.415821 0.999057 -0.0231405 -0.0367311 22.1778 
-0.03991 0.025286 -0.998883 -21.9737 0.0148419 0.999585 0.0247108 0.431579 0.999093 -0.0138391 -0.0402687 22.1101 
-0.0451668 0.0332441 -0.998426 -22.9567 0.00991012 0.999412 0.0328286 0.453521 0.99893 -0.00841171 -0.0454697 22.0374 
-0.0500887 0.0428104 -0.997827 -23.972 0.00857009 0.999063 0.0424332 0.483742 0.998708 -0.006426 -0.0504086 21.9709 
-0.0518063 0.0527186 -0.997265 -24.9992 0.00755096 0.998598 0.0523968 0.523232 0.998629 -0.00481578 -0.0521318 21.8973 
-0.0531257 0.0604834 -0.996754 -26.0235 0.00953099 0.998149 0.06006 0.566307 0.998542 -0.00630929 -0.0536038 21.8307 
-0.0547711 0.0613108 -0.996615 -27.0398 0.0108087 0.998091 0.0608076 0.612832 0.99844 -0.0074416 -0.0553292 21.7616 
-0.056415 0.0585779 -0.996688 -28.0619 0.00957559 0.998263 0.0581285 0.658357 0.998362 -0.00626451 -0.0568779 21.6827 
-0.0592581 0.0535757 -0.996804 -29.0808 0.00932115 0.998545 0.0531151 0.70099 0.998199 -0.00614382 -0.0596713 21.6044 
-0.0639527 0.0485461 -0.996771 -30.0965 0.00943318 0.998801 0.0480397 0.736896 0.997908 -0.00633042 -0.0643339 21.5195 
-0.0694633 0.0439901 -0.996614 -31.119 0.00954449 0.999011 0.0434307 0.770925 0.997539 -0.0064953 -0.0698144 21.4279 
-0.0764105 0.0419726 -0.996193 -32.1539 0.0086365 0.999104 0.0414329 0.806409 0.997039 -0.00543767 -0.0767045 21.3226 
-0.0828965 0.0444154 -0.995568 -33.2194 0.00897993 0.998999 0.0438208 0.84104 0.996518 -0.0053075 -0.0832123 21.2075 
-0.089336 0.0491604 -0.994788 -34.2987 0.0077692 0.998785 0.0486603 0.878928 0.995971 -0.00338155 -0.0896094 21.0886 
-0.0955408 0.0520068 -0.994066 -35.38 0.0049601 0.998647 0.0517697 0.917874 0.995413 1.54888e-05 -0.0956695 20.9618 
-0.100531 0.0543024 -0.993451 -36.4445 0.00196746 0.998518 0.0543803 0.956374 0.994932 0.00351235 -0.100489 20.8351 
-0.103266 0.055461 -0.993106 -37.5202 -0.00236335 0.998428 0.0560039 1.00105 0.994651 0.00813042 -0.102973 20.6971 
-0.105128 0.0567409 -0.992839 -38.599 -0.00657391 0.998309 0.0577496 1.04407 0.994437 0.012598 -0.104577 20.5569 
-0.106641 0.056272 -0.992704 -39.6848 -0.00788702 0.998318 0.0574375 1.09041 0.994266 0.0139547 -0.106018 20.4162 
-0.108209 0.0553248 -0.992588 -40.7676 -0.00821057 0.998367 0.056542 1.13737 0.994094 0.0142681 -0.107578 20.2778 
-0.10941 0.0544904 -0.992502 -41.8582 -0.00941102 0.998395 0.0558514 1.1852 0.993952 0.0154512 -0.108721 20.1372 
-0.110327 0.0536255 -0.992448 -42.9461 -0.0116461 0.998405 0.055242 1.22829 0.993827 0.0176529 -0.109527 19.9928 
-0.111225 0.0510281 -0.992484 -44.0354 -0.0159839 0.99846 0.0531266 1.27108 0.993667 0.0217728 -0.110238 19.8448 
-0.11151 0.0460273 -0.992697 -45.1253 -0.0214341 0.998583 0.0487079 1.31049 0.993532 0.026709 -0.110366 19.6908 
-0.110453 0.0452776 -0.99285 -46.2362 -0.0227533 0.998585 0.0480704 1.35387 0.993621 0.0279001 -0.109266 19.5347 
-0.108979 0.0493909 -0.992816 -47.345 -0.0234701 0.998359 0.0522429 1.39599 0.993767 0.0289949 -0.107641 19.3924 
-0.107147 0.0525729 -0.992852 -48.4616 -0.0234857 0.998189 0.05539 1.43715 0.993966 0.0292527 -0.105719 19.2523 
-0.10563 0.0523025 -0.993029 -49.579 -0.0215259 0.998262 0.0548678 1.48582 0.994173 0.0271715 -0.10432 19.1172 
-0.103202 0.0516963 -0.993316 -50.6986 -0.021142 0.998309 0.0541527 1.52991 0.994436 0.0265894 -0.101934 18.9827 
-0.0994585 0.0519866 -0.993683 -51.8391 -0.0255338 0.998172 0.0547771 1.58013 0.994714 0.0308206 -0.0979493 18.8466 
-0.0940502 0.0528269 -0.994165 -52.964 -0.0303577 0.997975 0.0559013 1.62345 0.995105 0.0354381 -0.092256 18.7179 
-0.0882384 0.0523634 -0.994722 -54.0924 -0.0340054 0.997877 0.055546 1.67085 0.995519 0.0387272 -0.0862704 18.5896 
-0.0827286 0.0515524 -0.995238 -55.23 -0.0354587 0.997877 0.0546366 1.71816 0.995941 0.0398099 -0.0807249 18.4765 
-0.0771603 0.0508037 -0.995724 -56.3584 -0.0350285 0.997946 0.0536315 1.76287 0.996403 0.0390169 -0.0752223 18.3716 
-0.0719191 0.051036 -0.996104 -57.4899 -0.0335245 0.998002 0.0535537 1.80376 0.996847 0.0372454 -0.0700645 18.2705 
-0.0664248 0.051502 -0.996461 -58.6412 -0.0328182 0.998014 0.05377 1.85332 0.997252 0.0362738 -0.0646027 18.177 
-0.0610704 0.0531691 -0.996716 -59.8007 -0.0315839 0.997977 0.0551715 1.90023 0.997634 0.0348496 -0.0592676 18.0908 
-0.0557707 0.0544232 -0.996959 -60.9487 -0.0320226 0.997902 0.056266 1.94781 0.99793 0.0350632 -0.0539109 18.0093 
-0.0507979 0.0538502 -0.997256 -62.103 -0.0313997 0.997966 0.055488 1.99377 0.998215 0.0341322 -0.0490037 17.9361 
-0.045989 0.0492567 -0.997727 -63.2573 -0.0314913 0.998216 0.0507324 2.04033 0.998445 0.0337529 -0.0443557 17.863 
-0.0416428 0.0441355 -0.998157 -64.4062 -0.0312846 0.998476 0.0454548 2.07857 0.998643 0.0331198 -0.0401986 17.7972 
-0.0375185 0.0433407 -0.998356 -65.578 -0.0315572 0.998509 0.0445333 2.12392 0.998798 0.0331762 -0.0360948 17.7247 
-0.0342764 0.0458436 -0.99836 -66.7459 -0.0308964 0.998421 0.0469072 2.15774 0.998935 0.0324536 -0.0328059 17.6652 
-0.0319167 0.0453923 -0.998459 -67.912 -0.0312186 0.998436 0.0463892 2.19713 0.999003 0.0326512 -0.0304497 17.6018 
-0.0310356 0.0451155 -0.9985 -69.0871 -0.0330311 0.998389 0.0461372 2.23952 0.998972 0.0344135 -0.0294954 17.5458 
-0.0301682 0.0459088 -0.99849 -70.2657 -0.0342862 0.998309 0.0469364 2.27813 0.998957 0.0356505 -0.0285431 17.4874 
-0.0289054 0.0455054 -0.998546 -71.4348 -0.0351438 0.998299 0.0465115 2.31386 0.998964 0.0364371 -0.027257 17.4288 
-0.0277361 0.0434414 -0.998671 -72.6194 -0.0354499 0.998384 0.0444134 2.35282 0.998987 0.0366347 -0.0261513 17.3733 
-0.0272213 0.0421471 -0.998741 -73.8021 -0.0337527 0.998502 0.043057 2.38988 0.999059 0.0348823 -0.025758 17.3215 
-0.0267786 0.0418624 -0.998764 -74.9891 -0.0306207 0.99862 0.0426774 2.42592 0.999172 0.0317258 -0.0254598 17.2723 
-0.0265941 0.0427161 -0.998733 -76.1742 -0.0283721 0.998652 0.0434681 2.45866 0.999244 0.0294922 -0.0253463 17.2251 
-0.0265106 0.0456671 -0.998605 -77.3555 -0.0278151 0.998536 0.0464023 2.49124 0.999262 0.0290065 -0.0252015 17.1738 
-0.0263517 0.0493285 -0.998435 -78.5423 -0.0296787 0.998303 0.0501053 2.52484 0.999212 0.0309527 -0.024843 17.1231 
-0.0258278 0.0492016 -0.998455 -79.7175 -0.032271 0.998227 0.0500252 2.56225 0.999145 0.0335132 -0.0241942 17.0675 
-0.0254223 0.0470297 -0.99857 -80.8923 -0.0332297 0.998301 0.047863 2.60252 0.999124 0.034399 -0.0238163 17.0137 
-0.0251398 0.0447233 -0.998683 -82.0643 -0.0329132 0.99842 0.04554 2.63655 0.999142 0.0340147 -0.0236281 16.9633 
-0.025166 0.0441039 -0.99871 -83.2407 -0.0306264 0.998523 0.0448674 2.6717 0.999214 0.031716 -0.0237781 16.9158 
-0.0251941 0.0456956 -0.998638 -84.4105 -0.0288786 0.998505 0.046418 2.70281 0.999265 0.0300087 -0.0238368 16.8693 
-0.0248399 0.0485005 -0.998514 -85.5843 -0.0284868 0.998383 0.0492028 2.73914 0.999286 0.0296667 -0.0234181 16.8195 
-0.0243233 0.0508048 -0.998412 -86.7597 -0.0286739 0.998262 0.0514956 2.7782 0.999293 0.029881 -0.0228243 16.7698 
-0.02452 0.0511512 -0.99839 -87.9205 -0.0300524 0.998201 0.0518796 2.81377 0.999248 0.0312762 -0.0229387 16.7223 
-0.0242631 0.0489794 -0.998505 -89.0896 -0.0296694 0.998324 0.0496914 2.85428 0.999265 0.0308308 -0.0227692 16.6742 
-0.024067 0.0477146 -0.998571 -90.2572 -0.0280136 0.998436 0.0483833 2.89157 0.999318 0.029138 -0.0226927 16.6317 
-0.023984 0.0489302 -0.998514 -91.4372 -0.0269911 0.998406 0.0495732 2.92768 0.999348 0.02814 -0.0226251 16.5826 
-0.0238945 0.051897 -0.998367 -92.6213 -0.0242648 0.998327 0.0524757 2.96734 0.99942 0.0254791 -0.0225953 16.5418 
-0.0239981 0.0544023 -0.998231 -93.7969 -0.0230151 0.998224 0.0549552 3.01064 0.999447 0.0242932 -0.0227034 16.4974 
-0.023608 0.0561548 -0.998143 -94.9697 -0.023564 0.998113 0.0567104 3.05543 0.999444 0.0248591 -0.0222402 16.4506 
-0.0235406 0.0580589 -0.998036 -96.1378 -0.0257813 0.997945 0.0586617 3.09921 0.99939 0.0271116 -0.0219954 16.4052 
-0.023308 0.0572284 -0.998089 -97.306 -0.0278524 0.997936 0.0578701 3.14353 0.99934 0.0291481 -0.0216659 16.3571 
-0.023426 0.0531212 -0.998313 -98.4633 -0.030196 0.998094 0.0538181 3.19012 0.999269 0.0314059 -0.0217773 16.304 
-0.0233192 0.0515129 -0.9984 -99.6295 -0.0313754 0.998142 0.0522324 3.23275 0.999236 0.0325433 -0.0216596 16.2569 
-0.0234618 0.0498236 -0.998482 -100.794 -0.0310534 0.998239 0.0505411 3.27682 0.999242 0.0321921 -0.0218733 16.2147 
-0.0235251 0.0500428 -0.99847 -101.953 -0.0296867 0.998271 0.0507322 3.31958 0.999282 0.0308348 -0.0219988 16.1742 
-0.0237537 0.0521994 -0.998354 -103.112 -0.0297985 0.998155 0.052898 3.36306 0.999274 0.031006 -0.0221544 16.1267 
-0.0239765 0.0541373 -0.998246 -104.274 -0.0283267 0.998095 0.0548095 3.40831 0.999311 0.0295912 -0.0223972 16.0845 
-0.0246981 0.0530981 -0.998284 -105.436 -0.0318243 0.998041 0.0538725 3.45371 0.999188 0.0331003 -0.0229599 16.0338 
-0.0249102 0.0541891 -0.99822 -106.608 -0.0361253 0.997829 0.0550693 3.50082 0.999037 0.0374329 -0.0228985 15.9781 
-0.0252076 0.0531514 -0.998268 -107.775 -0.0395327 0.997751 0.0541222 3.5475 0.9989 0.0408285 -0.0230497 15.9219 
-0.0255321 0.0492723 -0.998459 -108.959 -0.0403392 0.99792 0.0502772 3.59361 0.99886 0.0415607 -0.0234914 15.8679 
-0.0263725 0.0450516 -0.998637 -110.145 -0.0400786 0.998133 0.0460874 3.64113 0.998848 0.0412395 -0.0245177 15.8177 
-0.0277603 0.0443379 -0.998631 -111.332 -0.0366759 0.998298 0.0453426 3.67764 0.998942 0.0378844 -0.0260869 15.7757 
-0.0282779 0.0438005 -0.99864 -112.551 -0.0321611 0.998482 0.0447043 3.71861 0.999083 0.0333815 -0.0268263 15.7243 
-0.0289446 0.0454395 -0.998548 -113.767 -0.0309561 0.998446 0.0463322 3.76496 0.999102 0.0322523 -0.027493 15.6741 
-0.0297591 0.049515 -0.99833 -114.997 -0.0300738 0.998276 0.0504088 3.80515 0.999105 0.0315238 -0.0282187 15.6149 
-0.030652 0.0495102 -0.998303 -116.228 -0.0284061 0.998326 0.0503835 3.85279 0.999126 0.0299022 -0.0291943 15.563 
-0.0313361 0.0451251 -0.99849 -117.461 -0.0284561 0.998535 0.0460202 3.89845 0.999104 0.0298553 -0.0300061 15.5026 
-0.0321369 0.0413336 -0.998628 -118.718 -0.0286986 0.998694 0.0422599 3.94264 0.999071 0.0300173 -0.0309087 15.4389 
-0.0329865 0.0398189 -0.998662 -119.973 -0.0278082 0.998783 0.0407422 3.98191 0.999069 0.029115 -0.031839 15.3751 
-0.0334678 0.0410295 -0.998597 -121.235 -0.0298851 0.998669 0.042034 4.02104 0.998993 0.03125 -0.0321971 15.3056 
-0.03401 0.0455195 -0.998384 -122.5 -0.0346275 0.998309 0.0466957 4.05973 0.998821 0.0361597 -0.0323763 15.235 
-0.0343648 0.0486935 -0.998222 -123.763 -0.0399545 0.997947 0.0500556 4.10012 0.99861 0.0416037 -0.0323487 15.1618 
-0.0346342 0.0483548 -0.99823 -125.025 -0.04751 0.99762 0.0499736 4.14547 0.99827 0.0491567 -0.0322545 15.0839 
-0.0346098 0.0463768 -0.998324 -126.302 -0.0506662 0.997557 0.0480976 4.18818 0.998116 0.052246 -0.0321755 15.012 
-0.0354186 0.0450142 -0.998358 -127.572 -0.0526103 0.997516 0.0468426 4.23046 0.997987 0.0541831 -0.0329624 14.9473 
-0.0367455 0.0444647 -0.998335 -128.85 -0.0525961 0.997539 0.0463652 4.26764 0.99794 0.0542123 -0.0343164 14.8884 
-0.0370733 0.0437889 -0.998353 -130.139 -0.0503718 0.997688 0.0456303 4.30538 0.998042 0.0519805 -0.0347819 14.8164 
-0.0377166 0.0444771 -0.998298 -131.402 -0.0504138 0.997652 0.046353 4.34251 0.998016 0.0520763 -0.0353858 14.7495 
-0.0386674 0.0494032 -0.99803 -132.68 -0.0499856 0.997431 0.0513102 4.38879 0.998001 0.0518712 -0.0360986 14.6804 
-0.0395116 0.0535653 -0.997782 -133.959 -0.0485709 0.997279 0.0554616 4.43578 0.998038 0.0506546 -0.0368024 14.6109 
-0.0395049 0.0521032 -0.99786 -135.23 -0.0491176 0.997331 0.0540202 4.48753 0.998011 0.0511466 -0.0368403 14.5367 
-0.0389698 0.0506905 -0.997954 -136.488 -0.0486936 0.99743 0.0525653 4.53736 0.998053 0.0506425 -0.0364013 14.4669 
-0.0379289 0.0501087 -0.998023 -137.746 -0.047628 0.997516 0.0518933 4.58255 0.998145 0.0495022 -0.0354481 14.3982 
-0.0373214 0.0494679 -0.998078 -138.999 -0.0478541 0.99754 0.0512307 4.62532 0.998157 0.0496742 -0.0348624 14.3308 
-0.0368676 0.051527 -0.997991 -140.271 -0.0478547 0.997433 0.053266 4.67316 0.998174 0.0497224 -0.0343071 14.2695 
-0.0364738 0.0551847 -0.99781 -141.532 -0.0486683 0.997191 0.0569296 4.72151 0.998149 0.0506381 -0.0336857 14.2057 
-0.0355677 0.0561471 -0.997789 -142.792 -0.0501243 0.997064 0.057893 4.77165 0.99811 0.0520726 -0.0326489 14.142 
-0.0349941 0.0534674 -0.997956 -144.047 -0.0521893 0.997108 0.055252 4.81911 0.998024 0.0540162 -0.0321024 14.0796 
-0.0351336 0.0503584 -0.998113 -145.299 -0.0508683 0.997345 0.0521102 4.86842 0.998087 0.0526032 -0.0324787 14.0182 
-0.0352287 0.0487575 -0.998189 -146.541 -0.0478767 0.99758 0.0504174 4.91315 0.998232 0.0495661 -0.0328091 13.9568 
-0.0356536 0.0484817 -0.998188 -147.792 -0.0466691 0.997652 0.0501226 4.95386 0.998274 0.0483717 -0.0333073 13.8956 
-0.0359685 0.0486659 -0.998167 -149.049 -0.0442112 0.997758 0.0502391 5.00149 0.998375 0.0459372 -0.0337363 13.8312 
-0.0365536 0.0473719 -0.998208 -150.305 -0.0421834 0.997912 0.0489026 5.04381 0.998441 0.0438954 -0.0344789 13.7734 
-0.0368638 0.047529 -0.998189 -151.552 -0.041446 0.997936 0.0490476 5.08539 0.998461 0.0431791 -0.0348179 13.7096 
-0.0373695 0.0503252 -0.998034 -152.807 -0.0389226 0.9979 0.0517758 5.12957 0.998543 0.0407809 -0.0353322 13.6472 
-0.0374855 0.0515226 -0.997968 -154.05 -0.0363585 0.997938 0.0528867 5.17829 0.998636 0.0382671 -0.0355349 13.5812 
-0.0378748 0.0503465 -0.998013 -155.272 -0.0341147 0.998083 0.0516446 5.2184 0.9987 0.036003 -0.0360846 13.5193 
-0.039022 0.050189 -0.997977 -156.501 -0.0349608 0.998058 0.05156 5.2664 0.998627 0.0369021 -0.0371916 13.4561 
-0.0393644 0.0548743 -0.997717 -157.747 -0.0356352 0.997779 0.0562836 5.31226 0.998589 0.0377694 -0.0373215 13.3881 
-0.0389956 0.0611947 -0.997364 -158.987 -0.0406861 0.997198 0.0627753 5.36402 0.998411 0.0430268 -0.0363966 13.3153 
-0.0379438 0.0609669 -0.997418 -160.224 -0.0453908 0.997002 0.0626682 5.42251 0.998248 0.0476515 -0.0350626 13.2357 
-0.0370005 0.056959 -0.997691 -161.465 -0.0489387 0.997073 0.0587387 5.47999 0.998116 0.050999 -0.0341047 13.1657 
-0.0353275 0.0513263 -0.998057 -162.707 -0.0506913 0.997303 0.0530818 5.53474 0.998089 0.0524681 -0.0326304 13.0931 
-0.0345083 0.0494206 -0.998182 -163.957 -0.0529591 0.997283 0.0512069 5.58372 0.998 0.05463 -0.0317973 13.0188 
-0.0335116 0.046614 -0.998351 -165.174 -0.0477591 0.997696 0.0481866 5.6221 0.998297 0.0492952 -0.0312081 12.9621 
-0.0335849 0.042273 -0.998542 -166.384 -0.0446271 0.998045 0.043753 5.66176 0.998439 0.0460314 -0.0316327 12.9046 
-0.0339769 0.039292 -0.99865 -167.617 -0.0383062 0.998441 0.0405871 5.69623 0.998688 0.0396336 -0.0324188 12.8484 
-0.0355149 0.0420005 -0.998486 -168.867 -0.036126 0.99841 0.0432822 5.73808 0.998716 0.0376086 -0.0339411 12.799 
-0.0352718 0.0483662 -0.998207 -170.127 -0.0366585 0.998093 0.0496561 5.77767 0.998705 0.0383442 -0.0334315 12.7452 
-0.0337894 0.0515725 -0.998098 -171.353 -0.0382281 0.99787 0.0528549 5.81642 0.998698 0.0399414 -0.031746 12.6799 
-0.032244 0.0482237 -0.998316 -172.576 -0.0392923 0.998002 0.0494777 5.86194 0.998707 0.0408215 -0.0302847 12.6212 
-0.0318275 0.0480946 -0.998336 -173.811 -0.0413903 0.997921 0.0493942 5.90607 0.998636 0.0428936 -0.0297707 12.5625 
-0.0313073 0.0494275 -0.998287 -175.035 -0.0393152 0.997943 0.0506434 5.94116 0.998736 0.0408334 -0.0292996 12.5122 
-0.0309013 0.0475676 -0.99839 -176.238 -0.0397167 0.99802 0.0487792 5.98111 0.998733 0.0411601 -0.0289508 12.4547 
-0.0292214 0.0458838 -0.998519 -177.428 -0.0396603 0.998106 0.0470254 6.02005 0.998786 0.0409758 -0.0273463 12.3974 
-0.0277672 0.0477949 -0.998471 -178.586 -0.0412051 0.997953 0.048916 6.04988 0.998765 0.0425004 -0.025741 12.3433 
-0.0262867 0.0496941 -0.998419 -179.72 -0.0410082 0.997869 0.0507465 6.08035 0.998813 0.0422773 -0.0241928 12.2912 
-0.0257969 0.0512087 -0.998355 -180.822 -0.0419641 0.997751 0.0522621 6.10909 0.998786 0.0432433 -0.02359 12.2398 
-0.0257301 0.052361 -0.998297 -181.906 -0.0424257 0.99767 0.0534216 6.1406 0.998768 0.0437281 -0.0234487 12.1917 
-0.0260852 0.0534359 -0.998231 -182.968 -0.0416712 0.997644 0.0544935 6.16968 0.998791 0.0430189 -0.023797 12.1467 
-0.0256839 0.0525953 -0.998286 -184.004 -0.0416282 0.997693 0.0536351 6.2003 0.998803 0.0429344 -0.0234352 12.1018 
-0.0244433 0.0525808 -0.998318 -184.993 -0.0425953 0.997654 0.0535887 6.2287 0.998793 0.0438336 -0.0221463 12.0599 
-0.0231569 0.053249 -0.998313 -185.956 -0.0430421 0.997602 0.0542095 6.25975 0.998805 0.0442248 -0.0208094 12.0212 
-0.0244704 0.0519142 -0.998352 -186.907 -0.0412931 0.997746 0.0528949 6.28513 0.998847 0.0425194 -0.0222716 11.9904 
-0.0275556 0.0489274 -0.998422 -187.851 -0.0391893 0.997981 0.0499873 6.31409 0.998852 0.0405049 -0.0255825 11.9463 
-0.0325884 0.0454564 -0.998435 -188.792 -0.0391675 0.99814 0.0467214 6.34155 0.998701 0.0406288 -0.0307474 11.8963 
-0.0377174 0.0423018 -0.998393 -189.734 -0.0408652 0.998203 0.0438376 6.36981 0.998453 0.0424529 -0.035921 11.8417 
-0.0419394 0.0413719 -0.998263 -190.681 -0.042844 0.998149 0.0431671 6.40069 0.998201 0.04458 -0.0400892 11.7866 
-0.045619 0.0420225 -0.998075 -191.604 -0.0442157 0.998051 0.0440425 6.42454 0.99798 0.0461398 -0.043672 11.7352 
-0.0479629 0.0439203 -0.997883 -192.546 -0.0429826 0.998017 0.0459921 6.4508 0.997924 0.0450976 -0.04598 11.6779 
-0.0500005 0.045448 -0.997715 -193.477 -0.0399858 0.998072 0.0474682 6.48031 0.997948 0.0422679 -0.0480868 11.6239 
-0.0517767 0.0459287 -0.997602 -194.41 -0.0381774 0.998121 0.047934 6.50943 0.997929 0.0405677 -0.0499259 11.568 
-0.0528167 0.0446887 -0.997604 -195.33 -0.0385905 0.998161 0.0467568 6.54008 0.997858 0.0409676 -0.050995 11.5028 
-0.0539265 0.0433851 -0.997602 -196.237 -0.0406274 0.998133 0.0456044 6.5673 0.997718 0.0429893 -0.0520632 11.4385 
-0.0537998 0.0424878 -0.997647 -197.148 -0.0443064 0.998009 0.0448925 6.59466 0.997568 0.0466174 -0.0518102 11.3637 
-0.0531557 0.0403996 -0.997769 -198.061 -0.0469622 0.997975 0.0429098 6.62494 0.997481 0.0491384 -0.0511508 11.2969 
-0.0524731 0.0376798 -0.997911 -198.97 -0.0472519 0.998075 0.0401707 6.64959 0.997504 0.0492612 -0.0505917 11.2344 
-0.0519323 0.0350236 -0.998036 -199.89 -0.0466281 0.99821 0.037456 6.67638 0.997561 0.0484817 -0.0502063 11.1675 
-0.0514021 0.0345218 -0.998081 -200.816 -0.0466142 0.99823 0.0369276 6.70126 0.99759 0.048423 -0.0497019 11.1028 
-0.050752 0.0371536 -0.99802 -201.749 -0.0439067 0.998259 0.0393953 6.72718 0.997746 0.0458192 -0.0490323 11.0393 
-0.0508139 0.0386048 -0.997962 -202.689 -0.0434462 0.998221 0.040827 6.74822 0.997763 0.0454323 -0.0490463 10.9727 
-0.0501992 0.0349094 -0.998129 -203.627 -0.0384331 0.998581 0.0368582 6.77252 0.998 0.0402114 -0.0487863 10.9152 
-0.0498372 0.0316894 -0.998255 -204.57 -0.0372304 0.998743 0.0335636 6.79931 0.998063 0.0388381 -0.0485947 10.8531 
-0.049473 0.031703 -0.998272 -205.514 -0.0416571 0.998561 0.0337767 6.82565 0.997906 0.0432562 -0.0480812 10.7842 
-0.0483541 0.035647 -0.998194 -206.477 -0.0431025 0.998358 0.0377408 6.84526 0.9979 0.0448496 -0.0467382 10.7212 
-0.0462931 0.0352177 -0.998307 -207.441 -0.0406753 0.998483 0.03711 6.87004 0.998099 0.0423244 -0.0447903 10.6594 
-0.0443488 0.0364785 -0.99835 -208.417 -0.0394295 0.998491 0.0382352 6.9014 0.998238 0.0410602 -0.0428435 10.604 
-0.0431426 0.0410214 -0.998226 -209.406 -0.040098 0.998281 0.0427566 6.93199 0.998264 0.0418715 -0.0414236 10.5481 
-0.0416003 0.0452514 -0.998109 -210.397 -0.0372243 0.99821 0.0468074 6.95911 0.998441 0.0391011 -0.0398414 10.4952 
-0.040317 0.0455194 -0.99815 -211.399 -0.036769 0.998218 0.0470077 6.99633 0.99851 0.0385962 -0.0385715 10.437 
-0.0384135 0.0461915 -0.998194 -212.405 -0.0402685 0.998048 0.0477344 7.03042 0.99845 0.0420294 -0.0364785 10.3764 
-0.0355201 0.0477623 -0.998227 -213.422 -0.043232 0.997849 0.0492825 7.06836 0.998433 0.0449059 -0.0333788 10.3127 
-0.032101 0.0480337 -0.99833 -214.448 -0.0444523 0.997788 0.049437 7.10412 0.998496 0.0459651 -0.0298948 10.26 
-0.0289333 0.0451894 -0.998559 -215.476 -0.0475381 0.997785 0.0465318 7.14202 0.99845 0.048816 -0.026721 10.2038 
-0.0261512 0.0420832 -0.998772 -216.51 -0.0474778 0.997934 0.043291 7.17562 0.99853 0.0485516 -0.0240991 10.1584 
-0.0244783 0.0413091 -0.998847 -217.547 -0.0468847 0.997999 0.042423 7.20751 0.9986 0.0478691 -0.0224926 10.1163 
-0.0231698 0.0434368 -0.998788 -218.603 -0.0473513 0.997887 0.0444961 7.24175 0.99861 0.0483249 -0.021064 10.0759 
-0.0220214 0.0469582 -0.998654 -219.661 -0.0493392 0.997628 0.0479979 7.27478 0.998539 0.0503298 -0.0196523 10.0311 
-0.0203528 0.0465249 -0.99871 -220.726 -0.0497002 0.997635 0.0474877 7.31226 0.998557 0.0506026 -0.0179923 9.98437 
-0.0195842 0.0437019 -0.998853 -221.794 -0.0485283 0.997825 0.0446085 7.34866 0.99863 0.0493462 -0.0174209 9.94763 
-0.0196101 0.0408935 -0.998971 -222.87 -0.0456828 0.998083 0.0417539 7.38174 0.998764 0.0464546 -0.0177044 9.91127 
-0.0199745 0.0399252 -0.999003 -223.958 -0.0440091 0.998199 0.040773 7.41344 0.998831 0.0447796 -0.0181815 9.87851 
-0.0198817 0.0389993 -0.999041 -225.059 -0.0443324 0.998222 0.0398496 7.44403 0.998819 0.0450822 -0.0181174 9.83828 
-0.0195061 0.039028 -0.999048 -226.164 -0.0446597 0.998206 0.0398671 7.47518 0.998812 0.0453949 -0.0177282 9.79691 
-0.0195413 0.0398776 -0.999014 -227.277 -0.0467089 0.998077 0.0407538 7.50675 0.998717 0.0474593 -0.0176411 9.74826 
-0.0198587 0.0420117 -0.99892 -228.394 -0.0472888 0.997959 0.0429114 7.54078 0.998684 0.0480899 -0.0178315 9.70109 
-0.0208585 0.0436628 -0.998829 -229.529 -0.0474961 0.997875 0.0446129 7.57778 0.998654 0.0483711 -0.0187404 9.65734 
-0.0216857 0.0453071 -0.998738 -230.673 -0.048803 0.997734 0.0463212 7.6196 0.998573 0.049746 -0.0194255 9.61418 
-0.0227211 0.0463058 -0.998669 -231.827 -0.0511477 0.997565 0.0474183 7.65766 0.998433 0.052157 -0.0202974 9.56579 
-0.0235944 0.0449148 -0.998712 -232.982 -0.05319 0.997519 0.0461178 7.69861 0.998306 0.0542097 -0.0211468 9.50866 
-0.0247935 0.040459 -0.998874 -234.141 -0.0518132 0.997786 0.041701 7.73734 0.998349 0.0527888 -0.0226423 9.46023 
-0.0260677 0.0342216 -0.999074 -235.313 -0.0485124 0.998193 0.0354572 7.7737 0.998482 0.0493918 -0.0243605 9.41007 
-0.0281331 0.0298913 -0.999157 -236.499 -0.0439284 0.99855 0.0311101 7.80273 0.998639 0.0447666 -0.0267792 9.3631 
-0.03042 0.030303 -0.999078 -237.688 -0.0377201 0.998794 0.0314429 7.82615 0.998825 0.0386418 -0.0292402 9.31669 
-0.0328719 0.0344416 -0.998866 -238.891 -0.0330413 0.998822 0.0355274 7.852 0.998913 0.0341717 -0.0316952 9.26367 
-0.0348332 0.0368919 -0.998712 -240.099 -0.0309241 0.9988 0.0379737 7.88155 0.998915 0.0322071 -0.0336505 9.19896 
-0.036886 0.0364887 -0.998653 -241.304 -0.0292923 0.998864 0.0375783 7.90974 0.99889 0.030639 -0.0357752 9.13424 
-0.0390961 0.0371706 -0.998544 -242.527 -0.0293972 0.998833 0.0383324 7.94203 0.998803 0.0308531 -0.0379578 9.06406 
-0.0411064 0.0387225 -0.998404 -243.753 -0.0282844 0.998803 0.0399025 7.97233 0.998754 0.0298796 -0.0399619 8.99082 
-0.0434597 0.038415 -0.998316 -244.978 -0.0274178 0.998838 0.0396287 8.00376 0.998679 0.0290939 -0.042356 8.91601 
-0.0457226 0.0369523 -0.998271 -246.206 -0.0271713 0.9989 0.0382201 8.03823 0.998585 0.0288719 -0.0446682 8.83657 
-0.0479367 0.0366156 -0.998179 -247.443 -0.0270396 0.998914 0.0379411 8.06974 0.998484 0.0288092 -0.0468946 8.75342 
-0.0503468 0.0375953 -0.998024 -248.686 -0.0277168 0.998854 0.0390248 8.10141 0.998347 0.0296269 -0.049247 8.66842 
-0.0527121 0.0379044 -0.99789 -249.933 -0.0282372 0.998823 0.0394314 8.1344 0.99821 0.0302562 -0.0515798 8.57925 
-0.0552971 0.0389767 -0.997709 -251.189 -0.0294557 0.998739 0.0406495 8.16429 0.998035 0.0316361 -0.0540793 8.48785 
-0.0577128 0.0406215 -0.997506 -252.444 -0.0311921 0.998611 0.0424711 8.19768 0.997846 0.0335655 -0.0563655 8.39279 
-0.0592454 0.0413668 -0.997386 -253.713 -0.032545 0.99853 0.0433474 8.23283 0.997713 0.0350281 -0.057812 8.29736 
-0.0603552 0.0416301 -0.997309 -254.986 -0.0352749 0.998417 0.0438112 8.26923 0.997554 0.0378242 -0.0587911 8.19822 
-0.0603497 0.0416569 -0.997308 -256.251 -0.0356643 0.998401 0.0438607 8.30485 0.99754 0.0382153 -0.0587675 8.09464 
-0.0604131 0.0407235 -0.997342 -257.524 -0.0347587 0.998476 0.0428753 8.33579 0.997568 0.0372566 -0.0589055 7.99553 
-0.0601352 0.0397678 -0.997398 -258.788 -0.0319426 0.998618 0.0417423 8.37153 0.997679 0.0343697 -0.0587818 7.89836 
-0.0604524 0.0395228 -0.997388 -260.048 -0.0308313 0.998665 0.0414422 8.4056 0.997695 0.0332561 -0.0591531 7.79968 
-0.0604645 0.0399773 -0.99737 -261.308 -0.0306219 0.998653 0.0418852 8.43843 0.997701 0.0330739 -0.0591589 7.69898 
-0.0603017 0.0397813 -0.997387 -262.573 -0.0297191 0.998691 0.0416301 8.47416 0.997738 0.0321519 -0.0590405 7.60309 
-0.0600374 0.0406165 -0.997369 -263.847 -0.0294413 0.998665 0.0424415 8.50549 0.997762 0.031912 -0.0587615 7.50464 
-0.0603372 0.041591 -0.997311 -265.117 -0.0268402 0.998703 0.0432728 8.5409 0.997817 0.029379 -0.0591427 7.41308 
-0.0605753 0.0441738 -0.997186 -266.382 -0.0225128 0.998706 0.0456087 8.57705 0.99791 0.0252122 -0.0595024 7.32626 
-0.0610096 0.0477232 -0.996996 -267.637 -0.0190734 0.998618 0.048968 8.61411 0.997955 0.0220037 -0.0600151 7.23384 
-0.0610425 0.0503948 -0.996862 -268.892 -0.0170995 0.998525 0.051526 8.65186 0.997989 0.0201912 -0.0600908 7.14329 
-0.0610989 0.0487899 -0.996939 -270.125 -0.0174365 0.9986 0.0499399 8.69179 0.997979 0.0204345 -0.0601626 7.04785 
-0.0611328 0.0472858 -0.997009 -271.347 -0.0198806 0.998621 0.0485812 8.7305 0.997932 0.022791 -0.0601084 6.94677 
-0.061634 0.0500091 -0.996845 -272.582 -0.0256938 0.998334 0.0516724 8.77298 0.997768 0.0287976 -0.0602463 6.83931 
-0.0615802 0.0558727 -0.996537 -273.819 -0.0310569 0.997841 0.0578649 8.81527 0.997619 0.0345127 -0.059712 6.73044 
-0.0613411 0.0551133 -0.996594 -275.059 -0.0350532 0.99774 0.0573342 8.86471 0.997501 0.0384508 -0.0592705 6.62271 
-0.0610198 0.0483362 -0.996966 -276.284 -0.0347277 0.998119 0.0505176 8.91169 0.997532 0.0377049 -0.0592265 6.52339 
-0.0617019 0.0430854 -0.997164 -277.508 -0.0313044 0.998493 0.0450798 8.95111 0.997604 0.0339972 -0.0602601 6.43159 
-0.0616828 0.0422597 -0.997201 -278.728 -0.025574 0.998708 0.0439055 8.98625 0.997768 0.0282107 -0.0605224 6.34111 
-0.0607704 0.0440055 -0.997181 -279.962 -0.0223653 0.998717 0.0454363 9.02082 0.997901 0.0250634 -0.0597082 6.25236 
-0.0591656 0.0459301 -0.997191 -281.212 -0.0214327 0.998652 0.047269 9.06244 0.998018 0.0241692 -0.0581015 6.15721 
-0.0578586 0.0482673 -0.997157 -282.466 -0.0225799 0.998512 0.049643 9.1002 0.998069 0.025388 -0.0566826 6.05477 
-0.0568971 0.0495723 -0.997149 -283.687 -0.0236811 0.998419 0.0509866 9.14319 0.998099 0.0265146 -0.0556332 5.95572 
-0.0562008 0.0504483 -0.997144 -284.928 -0.0248999 0.998341 0.0519123 9.18863 0.998109 0.0277464 -0.0548514 5.86588 
-0.0555608 0.0498347 -0.997211 -286.153 -0.0243749 0.998388 0.0512516 9.2293 0.998158 0.0271545 -0.0542565 5.77518 
-0.0554483 0.048114 -0.997302 -287.379 -0.0249378 0.99846 0.0495564 9.26886 0.99815 0.0276183 -0.054163 5.68587 
-0.0552411 0.0468994 -0.997371 -288.611 -0.024664 0.998527 0.0483199 9.30896 0.998168 0.0272684 -0.054003 5.59686 
-0.0552092 0.0465648 -0.997388 -289.846 -0.025307 0.998526 0.0480187 9.34894 0.998154 0.027892 -0.0539494 5.50768 
-0.0549015 0.046582 -0.997405 -291.07 -0.0255687 0.998518 0.0480415 9.3822 0.998164 0.0281399 -0.0536291 5.41773 
-0.0549389 0.046992 -0.997383 -292.302 -0.026019 0.998485 0.0484771 9.41872 0.998151 0.0286143 -0.053633 5.32778 
-0.0546783 0.0471229 -0.997391 -293.544 -0.025464 0.998495 0.0485711 9.45927 0.998179 0.0280534 -0.0533961 5.24288 
-0.0548915 0.0454523 -0.997457 -294.785 -0.0252079 0.998582 0.0468907 9.49912 0.998174 0.0277177 -0.0536679 5.15539 
-0.0551704 0.0428457 -0.997557 -296.017 -0.0246085 0.998717 0.0442565 9.53551 0.998174 0.0269901 -0.0540453 5.07163 
-0.0555825 0.0397883 -0.997661 -297.248 -0.0253539 0.998827 0.0412474 9.5708 0.998132 0.0275873 -0.0545085 4.98263 
-0.0558455 0.0384363 -0.997699 -298.482 -0.0272317 0.998828 0.040004 9.60249 0.998068 0.0294032 -0.0547334 4.88352 
-0.0562001 0.0384506 -0.997679 -299.72 -0.0303302 0.998731 0.0401996 9.6327 0.997959 0.032519 -0.0549626 4.78214 
-0.0563123 0.0393893 -0.997636 -300.964 -0.0337356 0.998576 0.0413306 9.66614 0.997843 0.0359833 -0.0549033 4.67802 
-0.0565036 0.0401913 -0.997593 -302.209 -0.0373763 0.998404 0.042341 9.70043 0.997703 0.0396788 -0.0549112 4.57456 
-0.056829 0.0400552 -0.99758 -303.448 -0.0390677 0.99834 0.0423113 9.73505 0.997619 0.0413777 -0.0551698 4.48119 
-0.0571314 0.0380782 -0.99764 -304.683 -0.0387348 0.998436 0.0403267 9.76391 0.997615 0.0409473 -0.055567 4.38432 
-0.0579832 0.0360843 -0.997665 -305.936 -0.0363052 0.998609 0.0382285 9.79276 0.997657 0.0384371 -0.0565925 4.29896 
-0.0592855 0.035862 -0.997597 -307.189 -0.0334996 0.99872 0.0378932 9.82335 0.997679 0.0356656 -0.0580082 4.21364 
-0.0607362 0.0381565 -0.997424 -308.453 -0.0311878 0.998709 0.0401047 9.84906 0.997667 0.0335434 -0.0594677 4.1325 
