1 2.12261e-08 -2.11895e-08 0 2.12261e-08 1 2.10703e-08 0 -2.11895e-08 2.10703e-08 1 0 
0.999999 0.00065309 0.00161527 -0.00637419 -0.000651543 0.999999 -0.000931864 -0.00498539 -0.00161592 0.000930852 0.999998 0.446621 
0.999992 0.00208238 0.00340901 -0.0136286 -0.00207557 0.999996 -0.0019876 -0.0103995 -0.00341317 0.00198055 0.999992 0.909361 
0.999981 0.00330764 0.00521111 -0.0230779 -0.00329417 0.999991 -0.0025835 -0.0165487 -0.00521965 0.00256633 0.999983 1.38593 
0.999972 0.00339031 0.00664923 -0.0280305 -0.00337247 0.999991 -0.00268647 -0.0225329 -0.00665832 0.00266402 0.999974 1.87429 
0.99996 0.00299431 0.00837918 -0.0311541 -0.00297403 0.999993 -0.00242672 -0.0299014 -0.00838643 0.00240174 0.999962 2.37529 
0.999946 0.00230762 0.0101752 -0.0337147 -0.00229571 0.999997 -0.00117779 -0.0398827 -0.0101779 0.00115441 0.999948 2.88124 
0.999929 0.00217288 0.0117361 -0.0363386 -0.00217678 0.999998 0.000323247 -0.0470903 -0.0117354 -0.00034873 0.999931 3.39405 
0.999917 0.00258472 0.0126379 -0.0393223 -0.00260314 0.999996 0.0014448 -0.0548952 -0.0126342 -0.00147753 0.999919 3.90885 
0.999906 0.0035765 0.0132653 -0.0421467 -0.003595 0.999993 0.00137428 -0.0620907 -0.0132603 -0.00142179 0.999911 4.42468 
0.99989 0.00432724 0.0142 -0.0460731 -0.00434234 0.99999 0.00103546 -0.071027 -0.0141954 -0.00109697 0.999899 4.93869 
0.999878 0.00459512 0.0149016 -0.0484548 -0.00460985 0.999989 0.00095721 -0.0784903 -0.0148971 -0.00102575 0.999889 5.46004 
0.999866 0.0053513 0.0154552 -0.0493778 -0.00535511 0.999986 0.000207991 -0.0860636 -0.0154539 -0.000290686 0.999881 5.98717 
0.999848 0.00614741 0.0163191 -0.0504745 -0.00614242 0.999981 -0.000353241 -0.0952225 -0.016321 0.000252991 0.999867 6.5218 
0.999825 0.00696057 0.0173404 -0.0522051 -0.00695232 0.999976 -0.000533959 -0.102449 -0.0173437 0.000413352 0.99985 7.06037 
0.999804 0.00788426 0.0181465 -0.0530895 -0.00786421 0.999968 -0.001174 -0.112149 -0.0181552 0.00103111 0.999835 7.60233 
0.999769 0.00907072 0.01948 -0.0551767 -0.00904067 0.999958 -0.00162796 -0.120118 -0.019494 0.00145151 0.999809 8.15483 
0.999701 0.0102597 0.0221991 -0.0530616 -0.0102249 0.999946 -0.00167884 -0.128291 -0.0222152 0.0014514 0.999752 8.71345 
0.9996 0.0109468 0.026086 -0.0508269 -0.0108942 0.999938 -0.00215635 -0.136305 -0.026108 0.00187134 0.999657 9.27892 
0.999483 0.0112385 0.0301262 -0.0416407 -0.0111662 0.999934 -0.00256584 -0.145317 -0.0301531 0.00222816 0.999543 9.84767 
0.999329 0.0109253 0.0349624 -0.0262891 -0.0108242 0.999937 -0.00307805 -0.155743 -0.0349938 0.00269759 0.999384 10.4256 
0.999102 0.0113112 0.0408446 -0.00933131 -0.0111984 0.999933 -0.0029876 -0.166486 -0.0408757 0.00252756 0.999161 11.01 
0.998842 0.0110486 0.0468259 0.0122581 -0.0109407 0.999937 -0.0025579 -0.174608 -0.0468512 0.00204267 0.9989 11.6097 
0.998542 0.0110728 0.0528305 0.0373722 -0.0109257 0.999936 -0.00307011 -0.188752 -0.0528611 0.00248847 0.998599 12.2112 
0.998202 0.00910076 0.0592447 0.0664424 -0.00887669 0.999952 -0.00404343 -0.198278 -0.0592788 0.00351031 0.998235 12.8249 
0.997834 0.00828157 0.0652627 0.10275 -0.00801002 0.999958 -0.00442086 -0.207455 -0.0652966 0.00388856 0.997858 13.4452 
0.997373 0.0110632 0.0715834 0.139374 -0.0106294 0.999923 -0.00643837 -0.218449 -0.0716491 0.00566061 0.997414 14.0849 
0.996847 0.0148972 0.0779367 0.170082 -0.0141959 0.999854 -0.00954504 -0.232355 -0.0780675 0.00840861 0.996913 14.7307 
0.996434 0.0117659 0.0835575 0.222681 -0.0109992 0.999893 -0.00962965 -0.242466 -0.0836619 0.00867627 0.996456 15.3962 
0.996086 0.00420886 0.0882842 0.283087 -0.00360797 0.999969 -0.00696428 -0.251106 -0.0883109 0.00661853 0.996071 16.083 
0.995639 -0.00150975 0.0932806 0.346002 0.00183889 0.999992 -0.00344225 -0.261685 -0.0932747 0.00359881 0.995634 16.7831 
0.99523 -0.000442234 0.0975594 0.399999 0.000448244 1 -3.9237e-05 -0.270494 -0.0975594 8.28203e-05 0.99523 17.495 
0.995025 -0.00160279 0.0996085 0.465115 0.00161888 0.999999 -8.02128e-05 -0.278688 -0.0996083 0.000241108 0.995027 18.2296 
0.995011 -0.00565709 0.0996075 0.537872 0.00587371 0.999981 -0.00188118 -0.285174 -0.099595 0.0024569 0.995025 18.9771 
0.995138 -0.0118135 0.0977796 0.608626 0.0122517 0.999917 -0.003882 -0.289646 -0.0977257 0.00506113 0.995201 19.7394 
0.995575 -0.0143434 0.0928703 0.669577 0.0148112 0.999881 -0.00434918 -0.299315 -0.0927969 0.00570549 0.995669 20.5103 
0.996247 -0.0140471 0.0854089 0.71857 0.0144826 0.999885 -0.00448103 -0.309545 -0.0853362 0.0057012 0.996336 21.2954 
0.996991 -0.0138164 0.0762803 0.759329 0.014059 0.999898 -0.00264353 -0.320322 -0.076236 0.00370804 0.997083 22.1008 
0.997673 -0.0141206 0.0666991 0.794443 0.0141958 0.999899 -0.000653636 -0.328391 -0.0666832 0.00159901 0.997773 22.9142 
0.998265 -0.0130202 0.0574205 0.823179 0.0129004 0.999914 0.00245649 -0.340554 -0.0574475 -0.00171144 0.998347 23.7473 
0.998701 -0.0124173 0.0494165 0.843734 0.0122036 0.999915 0.00462398 -0.350835 -0.0494698 -0.00401487 0.998768 24.5876 
0.999033 -0.0110816 0.0425426 0.859968 0.0108558 0.999926 0.00553416 -0.358453 -0.0426008 -0.00506693 0.999079 25.4251 
0.999266 -0.00990434 0.0369973 0.872409 0.00968707 0.999935 0.00604841 -0.365962 -0.0370548 -0.00568554 0.999297 26.2608 
0.999456 -0.00875562 0.031806 0.879356 0.00856464 0.999945 0.00613723 -0.375563 -0.031858 -0.00586144 0.999475 27.0974 
0.999605 -0.0082792 0.0268508 0.882658 0.00812395 0.99995 0.00588731 -0.385437 -0.0268983 -0.00566681 0.999622 27.9376 
0.999722 -0.00829258 0.022055 0.884436 0.00817125 0.999951 0.00558749 -0.396299 -0.0221003 -0.00540568 0.999741 28.7766 
0.999814 -0.00722901 0.0178599 0.874275 0.00712107 0.999956 0.00610247 -0.403645 -0.0179033 -0.00597412 0.999822 29.6228 
0.999883 -0.00552325 0.01427 0.868168 0.00542522 0.999962 0.00690189 -0.415057 -0.0143076 -0.00682363 0.999874 30.4508 
0.999927 -0.00338198 0.011563 0.860383 0.00329264 0.999965 0.00774089 -0.424578 -0.0115888 -0.00770221 0.999903 31.2809 
0.999949 -0.00205304 0.00986241 0.853501 0.00197674 0.999968 0.0077442 -0.437736 -0.00987804 -0.00772427 0.999921 32.1079 
0.999958 -0.00117595 0.00905456 0.843518 0.00111038 0.999973 0.00724861 -0.446883 -0.00906289 -0.00723821 0.999933 32.9279 
0.999966 0.000837033 0.00819323 0.833146 -0.000885354 0.999982 0.00590103 -0.457345 -0.00818819 -0.00590804 0.999949 33.7386 
0.999966 0.0032239 0.0076281 0.817037 -0.0032677 0.999978 0.0057413 -0.469043 -0.00760946 -0.00576598 0.999954 34.5442 
0.999963 0.00511079 0.00698251 0.804951 -0.00515581 0.999966 0.00645008 -0.483429 -0.00694934 -0.0064858 0.999955 35.3393 
0.999957 0.00673144 0.00644659 0.791978 -0.00677628 0.999953 0.00696474 -0.495832 -0.00639944 -0.00700808 0.999955 36.1212 
0.999949 0.00810067 0.00604053 0.779112 -0.00814305 0.999942 0.00703249 -0.506898 -0.00598325 -0.00708128 0.999957 36.8896 
0.999933 0.010179 0.00551485 0.763507 -0.0102178 0.999923 0.00706742 -0.519351 -0.00544253 -0.00712325 0.99996 37.6425 
0.999912 0.0120925 0.00552867 0.749695 -0.0121328 0.9999 0.00733256 -0.527225 -0.00543949 -0.00739895 0.999958 38.3888 
0.999871 0.0149585 0.005926 0.7355 -0.0150024 0.99986 0.00744077 -0.53928 -0.00581391 -0.00752867 0.999955 39.1128 
0.999803 0.0184081 0.00748 0.723047 -0.0184629 0.999803 0.00733816 -0.549036 -0.00734348 -0.00747477 0.999945 39.8231 
0.999743 0.0203343 0.0100457 0.72047 -0.0203973 0.999773 0.00621106 -0.563268 -0.00991714 -0.00641433 0.99993 40.5084 
0.999666 0.0218279 0.0138493 0.717506 -0.0219038 0.999746 0.00535854 -0.57733 -0.0137288 -0.00566006 0.99989 41.1936 
0.999587 0.0215278 0.0190127 0.717202 -0.0216354 0.999751 0.00547229 -0.583468 -0.0188902 -0.00588134 0.999804 41.8734 
0.99945 0.0225311 0.0243376 0.72361 -0.0226797 0.999726 0.0058489 -0.5958 -0.0241991 -0.00639761 0.999687 42.5391 
0.999267 0.0228441 0.030704 0.730115 -0.0230468 0.999715 0.0062664 -0.602871 -0.0305521 -0.0069694 0.999509 43.1899 
0.999026 0.0222653 0.0381079 0.744125 -0.0225393 0.999723 0.00677679 -0.612349 -0.0379465 -0.00762907 0.999251 43.8241 
0.998651 0.0225658 0.0467722 0.765676 -0.0228945 0.999717 0.00650406 -0.618694 -0.0466122 -0.00756607 0.998884 44.4451 
0.998088 0.0233177 0.0572359 0.793019 -0.0237192 0.999699 0.00634662 -0.628148 -0.0570707 -0.00769204 0.998341 45.054 
0.997327 0.0230787 0.0693258 0.829622 -0.0235643 0.999703 0.00619605 -0.637095 -0.0691622 -0.00781307 0.997575 45.6521 
0.996415 0.0217308 0.0817592 0.8765 -0.0223126 0.999732 0.00620998 -0.645397 -0.0816024 -0.00801194 0.996633 46.238 
0.995274 0.0209731 0.0948102 0.928473 -0.0216196 0.99975 0.00579727 -0.654967 -0.0946649 -0.0078196 0.995479 46.8125 
0.99374 0.0209489 0.109732 0.987549 -0.021706 0.999748 0.00571007 -0.662665 -0.109585 -0.00805613 0.993945 47.3754 
0.991794 0.0208968 0.126124 1.0588 -0.0218261 0.999744 0.00599084 -0.670396 -0.125966 -0.00869444 0.991996 47.9258 
0.989373 0.0233436 0.143516 1.13455 -0.0243555 0.999689 0.00529838 -0.678134 -0.143348 -0.00873744 0.989634 48.4645 
0.986156 0.0219009 0.164368 1.22487 -0.0229603 0.999726 0.00454817 -0.687763 -0.164224 -0.00825912 0.986389 48.9897 
0.981985 0.0252741 0.18726 1.32684 -0.0264038 0.999645 0.00354092 -0.697465 -0.187104 -0.00842148 0.982304 49.503 
0.976849 0.0243576 0.212537 1.44129 -0.0251738 0.999682 0.00113469 -0.704862 -0.212442 -0.00645875 0.977152 50 
0.970743 0.0234497 0.238975 1.57246 -0.0237344 0.999717 -0.00168671 -0.716091 -0.238947 -0.00403452 0.971024 50.4814 
0.963403 0.0225201 0.267109 1.7087 -0.0221595 0.999745 -0.00436429 -0.724168 -0.267139 -0.00171441 0.963656 50.9415 
0.954749 0.0200726 0.296734 1.86445 -0.0193774 0.999798 -0.00528404 -0.738073 -0.29678 -0.00070498 0.954946 51.3936 
0.944588 0.0220964 0.327514 2.02213 -0.0207778 0.999756 -0.00752476 -0.750425 -0.3276 0.000302813 0.944816 51.8239 
0.932994 0.0226517 0.35918 2.18953 -0.0214817 0.999743 -0.0072486 -0.764033 -0.359251 -0.000952864 0.93324 52.2396 
0.919923 0.0218454 0.39149 2.3697 -0.0212798 0.999757 -0.0057838 -0.779423 -0.391521 -0.00301013 0.920164 52.6417 
0.904831 0.0208652 0.425259 2.56312 -0.0207469 0.999773 -0.00490984 -0.795504 -0.425265 -0.00438021 0.905058 53.0241 
0.887654 0.0202296 0.460067 2.76325 -0.0201228 0.999784 -0.00513646 -0.809071 -0.460072 -0.0046984 0.887869 53.3851 
0.86846 0.0199847 0.495356 2.97336 -0.0195196 0.999791 -0.00611377 -0.822626 -0.495374 -0.00435953 0.868669 53.7257 
0.847192 0.0190499 0.530946 3.19399 -0.0175575 0.999815 -0.00785721 -0.834192 -0.530997 -0.00266548 0.847369 54.0471 
0.823892 0.0177567 0.566468 3.42579 -0.0151299 0.999842 -0.00933587 -0.845589 -0.566545 -0.000878819 0.824031 54.3513 
0.798513 0.0147306 0.601798 3.67338 -0.011344 0.999891 -0.00942279 -0.858188 -0.601871 0.000697446 0.798593 54.6448 
0.770444 0.0109463 0.637414 3.9307 -0.00825233 0.99994 -0.00719721 -0.869054 -0.637455 0.00028492 0.770488 54.9261 
0.740696 0.00640119 0.67181 4.20224 -0.00565073 0.999979 -0.00329784 -0.878342 -0.671816 -0.0013535 0.740716 55.1914 
0.708614 0.00270981 0.705591 4.47948 -0.00419031 0.999991 0.000367881 -0.885813 -0.705584 -0.00321731 0.708619 55.4408 
0.673365 0.000232081 0.73931 4.76534 -0.00523837 0.999976 0.00445727 -0.89446 -0.739292 -0.00687413 0.67335 55.6776 
0.635844 -0.0033911 0.77181 5.06244 -0.00409779 0.999961 0.0077695 -0.903061 -0.771807 -0.00810288 0.635806 55.8936 
0.596776 -0.00701008 0.802378 5.36721 -0.00125539 0.999952 0.00966999 -0.908473 -0.802407 -0.00677809 0.596738 56.0842 
0.554619 -0.00915974 0.832054 5.68281 0.00185148 0.999951 0.00977397 -0.913326 -0.832103 -0.00388028 0.554608 56.2603 
0.509901 -0.0081276 0.860195 6.01403 0.00312203 0.999966 0.00759764 -0.917273 -0.860228 -0.00118848 0.509909 56.4273 
0.463002 -0.00564817 0.886339 6.35926 0.00156027 0.999983 0.00555737 -0.920556 -0.886356 -0.00119014 0.463003 56.5856 
0.413736 -0.00273486 0.910393 6.72584 -0.00236492 0.999989 0.00407882 -0.923249 -0.910394 -0.00384055 0.413725 56.7364 
0.363642 -0.000272712 0.931539 7.10342 -0.00734224 0.999968 0.00315897 -0.925495 -0.93151 -0.00798831 0.363628 56.865 
0.31378 0.000217616 0.949496 7.49988 -0.00968572 0.999949 0.00297171 -0.929564 -0.949446 -0.010129 0.313766 56.9735 
0.265547 -3.31037e-05 0.964098 7.9104 -0.00811444 0.999965 0.00226939 -0.934015 -0.964064 -0.00842574 0.265538 57.0605 
0.220237 -0.000783815 0.975446 8.3412 -0.00696074 0.999973 0.00237517 -0.936559 -0.975422 -0.00731292 0.220225 57.1361 
0.178643 -0.00287852 0.98391 8.79244 -0.0070095 0.999967 0.00419821 -0.939298 -0.983889 -0.00764669 0.178617 57.1984 
0.139801 -0.00510705 0.990166 9.27185 -0.00708313 0.999956 0.00615765 -0.939926 -0.990154 -0.00787432 0.139759 57.2527 
0.103424 -0.00686188 0.994614 9.76818 -0.00811068 0.999937 0.00774204 -0.94255 -0.994604 -0.0088677 0.103362 57.2924 
0.0706451 -0.00813439 0.997468 10.2861 -0.00717637 0.999937 0.00866283 -0.945119 -0.997476 -0.00777019 0.0705823 57.3173 
0.0413065 -0.00862768 0.999109 10.823 -0.00678527 0.999937 0.0089154 -0.945517 -0.999124 -0.00714749 0.0412454 57.3266 
0.0148388 -0.00644673 0.999869 11.381 -0.00936442 0.999935 0.00658617 -0.943868 -0.999846 -0.00946093 0.0147774 57.3333 
-0.00784493 -0.00406842 0.999961 11.9577 -0.0134677 0.999901 0.00396256 -0.943199 -0.999879 -0.0134361 -0.00789895 57.3334 
-0.0273318 -0.00320533 0.999621 12.5578 -0.0137086 0.999902 0.00283145 -0.942427 -0.999532 -0.013626 -0.0273731 57.3145 
-0.0443923 -0.00250997 0.999011 13.173 -0.00976242 0.99995 0.00207857 -0.943562 -0.998967 -0.0096605 -0.0444146 57.2802 
-0.0601488 -0.00285601 0.998185 13.8085 -0.00779245 0.999967 0.00239159 -0.946748 -0.998159 -0.00763446 -0.0601691 57.2402 
-0.0757251 -0.00398568 0.997121 14.4635 -0.00839295 0.999959 0.00335967 -0.951637 -0.997093 -0.00811438 -0.0757555 57.1973 
-0.0903877 -0.0030122 0.995902 15.1373 -0.00767603 0.999968 0.00232787 -0.957322 -0.995877 -0.00743417 -0.0904079 57.1408 
-0.102726 -0.00123854 0.994709 15.8312 -0.00586099 0.999983 0.000639867 -0.96185 -0.994692 -0.00576425 -0.102731 57.0746 
-0.112447 0.00133564 0.993657 16.541 0.00115761 0.999999 -0.00121312 -0.966023 -0.993657 0.00101385 -0.112448 56.9937 
-0.118216 0.00413151 0.992979 17.2674 0.00888063 0.999956 -0.00310324 -0.97193 -0.992948 0.00845143 -0.118247 56.9035 
-0.120324 0.00412489 0.992726 18.011 0.0137801 0.999902 -0.00248443 -0.981165 -0.992639 0.013381 -0.120369 56.8137 
-0.120311 0.00257201 0.992733 18.7733 0.0145922 0.999893 -0.000822072 -0.989194 -0.992629 0.0143873 -0.120335 56.7353 
-0.117634 0.0017477 0.993055 19.5576 0.0178245 0.999841 0.000351827 -0.995147 -0.992897 0.0177421 -0.117647 56.6564 
-0.113297 0.000732938 0.993561 20.352 0.0198321 0.999802 0.00152398 -1.00589 -0.993363 0.0198771 -0.113289 56.5826 
-0.108891 0.00165859 0.994052 21.149 0.0183703 0.999831 0.00034414 -1.01311 -0.993884 0.0182985 -0.108903 56.5112 
-0.10492 0.00268976 0.994477 21.9536 0.0180389 0.999837 -0.00080107 -1.02252 -0.994317 0.0178552 -0.104951 56.4502 
-0.100391 0.00186559 0.994946 22.7605 0.0227346 0.999741 0.000419404 -1.03573 -0.994688 0.0226618 -0.100408 56.3774 
-0.0966196 -0.000169758 0.995321 23.573 0.0284625 0.999591 0.00293348 -1.04638 -0.994914 0.0286127 -0.0965752 56.3042 
-0.0929201 -0.00364741 0.995667 24.3859 0.0311186 0.999494 0.0065656 -1.05636 -0.995187 0.0315938 -0.0927595 56.2412 
-0.0884313 -0.0071767 0.996056 25.1987 0.0341661 0.999364 0.0102339 -1.06461 -0.995496 0.0349364 -0.0881298 56.1827 
-0.0828974 -0.00997748 0.996508 26.0065 0.0349303 0.999306 0.0129113 -1.07058 -0.995946 0.0358787 -0.0824914 56.1275 
-0.078917 -0.011428 0.996816 26.8186 0.0327211 0.999366 0.0140477 -1.07677 -0.996344 0.0337256 -0.078493 56.087 
-0.0750547 -0.0130069 0.997095 27.6249 0.0260889 0.999547 0.0150027 -1.07763 -0.996838 0.0271391 -0.0746813 56.052 
-0.0707151 -0.0164605 0.997361 28.4451 0.0203838 0.999631 0.0179433 -1.07803 -0.997288 0.0215989 -0.0703535 56.02 
-0.0663614 -0.0179224 0.997635 29.2612 0.0175999 0.999662 0.0191296 -1.07957 -0.99764 0.0188277 -0.0660236 55.9883 
-0.062456 -0.0139731 0.99795 30.0703 0.018205 0.99972 0.0151372 -1.08453 -0.997882 0.0191131 -0.0621841 55.9577 
-0.0589861 -0.00622351 0.998239 30.8801 0.0194766 0.999783 0.00738405 -1.08844 -0.998069 0.0198779 -0.0588521 55.9237 
-0.0561965 -0.000339681 0.99842 31.6979 0.0180483 0.999836 0.00135606 -1.09433 -0.998257 0.0180959 -0.0561812 55.8941 
-0.0542094 -0.00100699 0.998529 32.5248 0.0174415 0.999846 0.00195524 -1.1006 -0.998377 0.0175218 -0.0541835 55.8617 
-0.0529879 -0.0046979 0.998584 33.3563 0.0200493 0.999782 0.00576745 -1.10974 -0.998394 0.0203265 -0.0528822 55.8312 
-0.0519912 -0.00499731 0.998635 34.1848 0.021156 0.999758 0.0061044 -1.12172 -0.998423 0.0214445 -0.0518728 55.7994 
-0.0519822 -0.0025801 0.998645 35.0147 0.0192665 0.999808 0.00358602 -1.13215 -0.998462 0.0194268 -0.0519225 55.7745 
-0.0522455 -0.00133929 0.998633 35.8468 0.012278 0.999923 0.00198341 -1.14126 -0.998559 0.0123649 -0.0522251 55.7579 
-0.0533617 -0.0021403 0.998573 36.6933 0.0106315 0.99994 0.0027114 -1.14819 -0.998519 0.010761 -0.0533357 55.7314 
-0.0544298 -0.00304006 0.998513 37.5459 0.0108987 0.999934 0.00363853 -1.15889 -0.998458 0.0110805 -0.0543931 55.6979 
-0.0559911 0.000647336 0.998431 38.3998 0.0103915 0.999946 -6.55326e-05 -1.17184 -0.998377 0.0103715 -0.0559948 55.666 
-0.0573834 0.00482838 0.998341 39.2628 0.0107788 0.999933 -0.00421649 -1.18087 -0.998294 0.010519 -0.0574316 55.6327 
-0.0581419 0.00765763 0.998279 40.1376 0.0122213 0.999901 -0.00695824 -1.19175 -0.998234 0.0117957 -0.0582297 55.5975 
-0.0590949 0.00869191 0.998215 41.0222 0.01473 0.999861 -0.00783418 -1.20964 -0.998144 0.0142407 -0.0592147 55.5552 
-0.059952 0.0100223 0.998151 41.9138 0.0153326 0.999841 -0.00911828 -1.22857 -0.998084 0.0147576 -0.0600961 55.5156 
-0.0611395 0.00966195 0.998083 42.8219 0.0142133 0.99986 -0.00880846 -1.24546 -0.998028 0.0136475 -0.0612683 55.4733 
-0.0624471 0.00493978 0.998036 43.7416 0.0121196 0.999918 -0.00419074 -1.26307 -0.997975 0.0118341 -0.0625018 55.4361 
-0.0640001 0.00327205 0.997945 44.6709 0.0120227 0.999925 -0.00250746 -1.2839 -0.997878 0.0118376 -0.0640346 55.3952 
-0.0651669 0.006739 0.997852 45.6009 0.0125196 0.999904 -0.0059352 -1.29918 -0.997796 0.012106 -0.065245 55.3494 
-0.0658619 0.0103336 0.997775 46.5379 0.0135377 0.999864 -0.00946158 -1.31426 -0.997737 0.0128845 -0.0659928 55.3049 
-0.065655 0.0115595 0.997775 47.485 0.0166278 0.999807 -0.0104888 -1.33392 -0.997704 0.0159021 -0.0658345 55.2532 
-0.0656153 0.0080465 0.997813 48.4488 0.0211733 0.999754 -0.00666977 -1.35437 -0.99762 0.0206893 -0.0657695 55.1973 
-0.0660663 0.00230972 0.997813 49.4278 0.0229555 0.999736 -0.000794216 -1.36782 -0.997551 0.0228529 -0.0661018 55.1449 
-0.0655101 -0.000781813 0.997852 50.4131 0.0242923 0.999702 0.00237812 -1.38652 -0.997556 0.0243959 -0.0654716 55.1004 
-0.0639167 0.000749511 0.997955 51.4021 0.0233303 0.999728 0.000743451 -1.39629 -0.997683 0.0233301 -0.0639168 55.0574 
-0.063246 0.0037356 0.997991 52.3913 0.0227332 0.999739 -0.00230142 -1.40698 -0.997739 0.022542 -0.0633144 55.0159 
-0.0630516 0.00560761 0.997995 53.3958 0.0168533 0.999848 -0.00455322 -1.42609 -0.997868 0.0165324 -0.0631365 54.9778 
-0.0636343 0.00546203 0.997958 54.4073 0.0139068 0.999893 -0.00458582 -1.44067 -0.997876 0.0135866 -0.0637034 54.9378 
-0.0642166 0.000741337 0.997936 55.4343 0.0139443 0.999903 0.000154549 -1.45441 -0.997839 0.0139254 -0.0642206 54.8919 
-0.0648428 -0.00518241 0.997882 56.4769 0.0118657 0.999912 0.00596403 -1.46769 -0.997825 0.0122273 -0.0647756 54.8433 
-0.0654327 -0.00469195 0.997846 57.5148 0.0138743 0.999888 0.00561138 -1.47871 -0.997761 0.0142116 -0.0653603 54.79 
-0.0656274 -0.0012358 0.997843 58.5479 0.016888 0.999855 0.00234905 -1.48584 -0.997701 0.0170057 -0.065597 54.7329 
-0.0667838 0.0016662 0.997766 59.5952 0.0189845 0.99982 -0.000398898 -1.49786 -0.997587 0.0189154 -0.0668034 54.678 
-0.0690841 -0.00135922 0.99761 60.6538 0.01942 0.999808 0.00270709 -1.50997 -0.997422 0.0195606 -0.0690444 54.6223 
-0.0716723 -0.00645122 0.997407 61.7187 0.0207567 0.999753 0.00795798 -1.52078 -0.997212 0.0212733 -0.0715207 54.559 
-0.0749139 -0.00938431 0.997146 62.7978 0.0221406 0.999694 0.0110717 -1.53058 -0.996944 0.0229068 -0.0746832 54.4972 
-0.0783471 -0.00845351 0.99689 63.8659 0.0266504 0.999589 0.0105709 -1.53402 -0.99657 0.0273957 -0.0780896 54.4219 
-0.0818353 -0.00941613 0.996601 64.9342 0.0299911 0.999479 0.0119061 -1.53909 -0.996195 0.0308635 -0.0815103 54.3489 
-0.085416 -0.0113793 0.99628 66.0044 0.0337468 0.999328 0.0143075 -1.54557 -0.995774 0.0348433 -0.0849746 54.2699 
-0.088311 -0.0108952 0.996033 67.0766 0.0370689 0.999212 0.0142166 -1.54748 -0.995403 0.0381774 -0.0878375 54.1916 
-0.090602 -0.00718507 0.995861 68.1415 0.0409062 0.999103 0.0109301 -1.55119 -0.995047 0.0417271 -0.0902268 54.1087 
-0.0923883 -0.00253255 0.99572 69.211 0.0431832 0.999046 0.00654783 -1.55838 -0.994786 0.0436033 -0.0921908 54.0258 
-0.0935476 0.000301304 0.995615 70.2811 0.0467615 0.998898 0.00409143 -1.56758 -0.994516 0.0469392 -0.0934585 53.9369 
-0.0928618 -0.000253937 0.995679 71.351 0.0457148 0.998944 0.00451839 -1.57807 -0.994629 0.0459368 -0.0927521 53.8564 
-0.0900699 -0.00261277 0.995932 72.4209 0.0469732 0.998873 0.00686867 -1.58888 -0.994827 0.0474007 -0.0898456 53.7772 
-0.0854056 -0.00604161 0.996328 73.493 0.050373 0.998677 0.0103739 -1.5993 -0.995072 0.051074 -0.0849882 53.6949 
-0.0801223 -0.00895161 0.996745 74.5662 0.0508052 0.998623 0.0130524 -1.60658 -0.995489 0.0516856 -0.0795572 53.6287 
-0.0753023 -0.0123561 0.997084 75.6449 0.0520678 0.99851 0.0163061 -1.61012 -0.9958 0.0531438 -0.0745467 53.5704 
-0.0705488 -0.0135782 0.997416 76.7214 0.0533611 0.998424 0.0173662 -1.6156 -0.99608 0.0544483 -0.0697131 53.5123 
-0.0667871 -0.00954555 0.997722 77.7981 0.0535686 0.998478 0.0131387 -1.62122 -0.996328 0.054324 -0.066174 53.4608 
-0.064456 -0.0047189 0.997909 78.8699 0.0528732 0.998568 0.00813718 -1.62422 -0.996519 0.0532871 -0.0641142 53.4067 
-0.0631034 -0.00495678 0.997995 79.9464 0.0530946 0.998555 0.00831679 -1.631 -0.996594 0.053513 -0.062749 53.3566 
-0.0615605 -0.00694127 0.998079 81.0289 0.0540818 0.998484 0.0102798 -1.63883 -0.996637 0.0546107 -0.0610917 53.3065 
-0.0597534 -0.00389893 0.998206 82.1151 0.0544237 0.998492 0.00715794 -1.64879 -0.996728 0.0547537 -0.0594511 53.2624 
-0.0574768 0.00195068 0.998345 83.1849 0.0545703 0.998509 0.00119077 -1.66101 -0.996854 0.0545484 -0.0574976 53.2115 
-0.0554654 0.00507572 0.998448 84.2593 0.0536825 0.998556 -0.00209408 -1.67714 -0.997016 0.053483 -0.0556578 53.1714 
-0.0530919 0.00428653 0.99858 85.3372 0.054169 0.998531 -0.00140626 -1.69957 -0.997119 0.0540174 -0.0532461 53.133 
-0.0493831 0.00104348 0.998779 86.4251 0.0521092 0.99864 0.00153316 -1.71898 -0.99742 0.0521213 -0.0493703 53.0992 
-0.0449778 -0.00315904 0.998983 87.5115 0.0519872 0.998633 0.00549863 -1.73284 -0.997634 0.0521817 -0.0447521 53.0698 
-0.0402996 -0.0056471 0.999172 88.5989 0.0505032 0.998694 0.00768138 -1.74573 -0.997911 0.0507709 -0.0399617 53.0449 
-0.0368375 -0.00157602 0.99932 89.6884 0.0466805 0.998904 0.00329616 -1.76104 -0.99823 0.0467702 -0.0367235 53.0292 
-0.0351058 0.00779832 0.999353 90.769 0.0430894 0.999052 -0.00628226 -1.77964 -0.998454 0.042841 -0.0354085 53.0163 
-0.034114 0.0157349 0.999294 91.8557 0.0375032 0.999192 -0.0144529 -1.80619 -0.998714 0.0369836 -0.0346765 53.0049 
-0.0335841 0.015331 0.999318 92.9533 0.0368327 0.999222 -0.0140917 -1.83423 -0.998757 0.0363344 -0.0341227 52.9862 
-0.0328411 0.00901419 0.99942 94.0588 0.0365413 0.999302 -0.00781233 -1.8658 -0.998792 0.0362635 -0.0331476 52.9689 
-0.0342155 0.00284629 0.99941 95.1596 0.0383106 0.999265 -0.00153425 -1.88981 -0.99868 0.0382355 -0.0342993 52.9453 
-0.036399 -0.00296472 0.999333 96.2562 0.0365958 0.999321 0.00429767 -1.90473 -0.998667 0.0367278 -0.0362658 52.9283 
-0.0383846 -0.00798593 0.999231 97.356 0.0361232 0.999303 0.00937419 -1.92397 -0.99861 0.0364553 -0.0380694 52.9046 
-0.0405841 -0.00736891 0.999149 98.4397 0.0365608 0.999292 0.00885506 -1.93634 -0.998507 0.0368891 -0.040286 52.8784 
-0.0425974 -0.00714552 0.999067 99.5242 0.0359933 0.999314 0.00868198 -1.9485 -0.998444 0.0363296 -0.042311 52.851 
-0.0441692 -0.00840151 0.998989 100.605 0.0371269 0.99926 0.0100454 -1.95947 -0.998334 0.0375331 -0.0438246 52.8176 
-0.0449639 -0.00681246 0.998965 101.684 0.0381307 0.999236 0.00853063 -1.97504 -0.998261 0.0384749 -0.0446698 52.7842 
-0.0454416 0.00146323 0.998966 102.757 0.0387338 0.99925 0.000298348 -1.99068 -0.998216 0.0387073 -0.0454642 52.7515 
-0.0457307 0.00936059 0.99891 103.822 0.0358989 0.999326 -0.00772097 -2.00933 -0.998309 0.0355066 -0.0460359 52.7211 
-0.047062 0.00979264 0.998844 104.891 0.0335439 0.999404 -0.00821761 -2.0316 -0.998329 0.0331184 -0.0473624 52.6937 
-0.0493752 0.00373151 0.998773 105.965 0.0290047 0.999577 -0.00230059 -2.0582 -0.998359 0.0288556 -0.0494626 52.6678 
-0.0525034 -0.00393398 0.998613 107.036 0.0228113 0.999727 0.00513775 -2.07596 -0.99836 0.0230494 -0.0523993 52.6437 
-0.054464 -0.0121229 0.998442 108.096 0.0208748 0.999694 0.0132768 -2.08502 -0.998298 0.0215653 -0.0541943 52.6071 
-0.0561074 -0.0185278 0.998253 109.147 0.0239545 0.999515 0.0198976 -2.09211 -0.998137 0.025029 -0.0556363 52.5605 
-0.0581924 -0.0187971 0.998128 110.186 0.0226393 0.999541 0.0201437 -2.09444 -0.998049 0.0237692 -0.0577401 52.5215 
-0.0590135 -0.0111342 0.998195 111.218 0.0263574 0.999572 0.0127078 -2.10204 -0.997909 0.0270597 -0.0586948 52.4755 
-0.0595459 0.00341645 0.99822 112.242 0.0349797 0.999387 -0.00133379 -2.11444 -0.997613 0.034838 -0.0596289 52.4194 
-0.0605788 0.0144226 0.998059 113.257 0.0398188 0.999135 -0.0120212 -2.13445 -0.997369 0.0390133 -0.0611007 52.3623 
-0.0608573 0.0112284 0.998083 114.282 0.0401733 0.999154 -0.00879091 -2.15821 -0.997338 0.0395613 -0.0612569 52.3155 
-0.0606983 0.000671904 0.998156 115.326 0.0426503 0.999088 0.00192109 -2.18058 -0.997245 0.0426883 -0.0606716 52.2674 
-0.0602402 -0.00930514 0.998141 116.357 0.0426288 0.99902 0.0118861 -2.19511 -0.997273 0.0432656 -0.0597846 52.2192 
-0.0601395 -0.014627 0.998083 117.378 0.0411342 0.999007 0.0171191 -2.2016 -0.997342 0.0420849 -0.0594781 52.1781 
-0.0601702 -0.0199991 0.997988 118.397 0.0386337 0.999004 0.0223488 -2.20077 -0.99744 0.0399007 -0.0593376 52.1381 
-0.0596405 -0.0232738 0.997949 119.413 0.0358923 0.999032 0.0254442 -2.20078 -0.997574 0.0373362 -0.0587474 52.0926 
-0.0595617 -0.0210945 0.998002 120.409 0.0345273 0.999135 0.0231791 -2.2003 -0.997627 0.0358389 -0.0587818 52.0515 
-0.0589556 -0.014247 0.998159 121.4 0.0321207 0.999353 0.0161613 -2.20005 -0.997744 0.0330144 -0.0584599 52.0125 
-0.0587972 -0.00802593 0.998238 122.395 0.0319134 0.999441 0.00991538 -2.20095 -0.99776 0.0324401 -0.0585082 51.9719 
-0.0583693 -0.00285787 0.998291 123.378 0.0325978 0.999457 0.00476722 -2.21096 -0.997763 0.0328204 -0.0582444 51.9279 
-0.0583411 0.00189968 0.998295 124.35 0.0339055 0.999425 7.96694e-05 -2.2242 -0.997721 0.0338523 -0.058372 51.8868 
-0.0576482 0.00608935 0.998318 125.315 0.0349059 0.999382 -0.00408014 -2.24347 -0.997727 0.034612 -0.0578252 51.8437 
-0.05773 0.00537389 0.998318 126.28 0.0360872 0.999343 -0.00329255 -2.26139 -0.99768 0.0358364 -0.057886 51.8049 
-0.0576487 -0.00104432 0.998336 127.248 0.0346315 0.999396 0.00304526 -2.28094 -0.997736 0.0347495 -0.0575777 51.7676 
-0.0583694 -0.0109861 0.998235 128.206 0.0326012 0.999385 0.0129051 -2.29571 -0.997763 0.0332969 -0.0579753 51.7339 
-0.059155 -0.0189661 0.998069 129.147 0.0273582 0.999413 0.0206132 -2.30529 -0.997874 0.0285248 -0.0586014 51.6986 
-0.0616337 -0.0219412 0.997858 130.07 0.0223842 0.999477 0.0233594 -2.30793 -0.997848 0.023776 -0.0611103 51.6669 
-0.0633281 -0.0197538 0.997797 130.971 0.0179343 0.99962 0.0209282 -2.31375 -0.997832 0.0192202 -0.0629498 51.6311 
-0.0645062 -0.0124818 0.997839 131.848 0.014723 0.999801 0.0134581 -2.31864 -0.997809 0.0155593 -0.0643096 51.5954 
-0.0651806 -0.00552802 0.997858 132.706 0.0169364 0.999835 0.00664531 -2.32666 -0.99773 0.0173333 -0.0650762 51.5547 
-0.0641058 0.000488085 0.997943 133.549 0.0210171 0.999779 0.000861151 -2.33917 -0.997722 0.021029 -0.0641019 51.5102 
-0.061078 0.0027596 0.998129 134.375 0.0247562 0.999693 -0.00124899 -2.3572 -0.997826 0.0246336 -0.0611276 51.468 
-0.0566363 0.00233493 0.998392 135.183 0.0288342 0.999584 -0.000701984 -2.37361 -0.997978 0.0287481 -0.0566801 51.4342 
-0.0516998 -0.0026545 0.998659 135.974 0.0313863 0.999498 0.00428162 -2.38978 -0.998169 0.0315656 -0.0515905 51.4037 
-0.0477365 -0.00685138 0.998837 136.745 0.0321403 0.999448 0.00839167 -2.40742 -0.998343 0.0325035 -0.04749 51.3825 
-0.0434235 -0.00666322 0.999035 137.48 0.0328159 0.999429 0.00809224 -2.42482 -0.998518 0.0331356 -0.04318 51.3619 
-0.0388509 -0.00216223 0.999243 138.188 0.0339479 0.999418 0.00348256 -2.44062 -0.998668 0.0340575 -0.0387549 51.3453 
-0.0344161 0.00188178 0.999406 138.867 0.0344855 0.999405 -0.00069417 -2.4521 -0.998812 0.0344411 -0.0344605 51.3344 
-0.030016 0.00262007 0.999546 139.521 0.0354823 0.999369 -0.00155405 -2.46326 -0.998919 0.0354195 -0.03009 51.3268 
-0.0257512 0.00228049 0.999666 140.145 0.0330486 0.999453 -0.00142863 -2.47969 -0.999122 0.0330007 -0.0258125 51.3254 
-0.0219571 0.00130301 0.999758 140.732 0.0280357 0.999607 -0.000687043 -2.4973 -0.999366 0.0280138 -0.021985 51.3318 
-0.0185 0.00166952 0.999828 141.3 0.0236068 0.999721 -0.0012325 -2.51349 -0.99955 0.02358 -0.0185342 51.3393 
-0.0155846 0.00491587 0.999867 141.85 0.0220721 0.999746 -0.00457121 -2.52545 -0.999635 0.0219979 -0.0156891 51.3453 
-0.014474 0.00896106 0.999855 142.388 0.020935 0.999743 -0.00865697 -2.53892 -0.999676 0.0208066 -0.0146579 51.3453 
-0.0148263 0.00996475 0.99984 142.92 0.0178529 0.999794 -0.00969951 -2.55591 -0.999731 0.0177062 -0.0150011 51.3491 
-0.0166482 0.00800481 0.999829 143.452 0.0117347 0.999901 -0.00780994 -2.57011 -0.999793 0.0116027 -0.0167405 51.3573 
-0.0186738 0.00384623 0.999818 143.988 0.00647698 0.999972 -0.0037258 -2.57968 -0.999805 0.00640622 -0.0186982 51.3593 
-0.0208075 -0.0013721 0.999783 144.516 0.00564723 0.999983 0.00148994 -2.59059 -0.999768 0.005677 -0.0207994 51.3553 
-0.0229782 -0.00432192 0.999727 145.037 0.00891019 0.99995 0.00452772 -2.60183 -0.999696 0.0090118 -0.0229385 51.3427 
-0.0252997 -0.00223066 0.999677 145.549 0.0111562 0.999935 0.00251361 -2.61651 -0.999618 0.0112162 -0.0252732 51.3294 
-0.0284427 0.00109232 0.999595 146.057 0.0106825 0.999943 -0.000788696 -2.6256 -0.999538 0.0106557 -0.0284527 51.3251 
-0.0308941 0.00272193 0.999519 146.561 0.00687967 0.999973 -0.00251048 -2.63354 -0.999499 0.0067988 -0.030912 51.3208 
-0.0333073 0.00445426 0.999435 147.058 0.00601284 0.999973 -0.00425623 -2.63935 -0.999427 0.00586768 -0.0333332 51.3156 
-0.0351811 0.0059168 0.999363 147.557 0.00749564 0.999956 -0.00565639 -2.6449 -0.999353 0.00729187 -0.0352239 51.302 
-0.0380214 0.00339782 0.999271 148.058 0.00819948 0.999962 -0.00308815 -2.65447 -0.999243 0.00807608 -0.0380478 51.2877 
-0.0404579 -0.00195609 0.999179 148.557 0.00741647 0.99997 0.00225798 -2.66716 -0.999154 0.00750173 -0.0404421 51.274 
-0.0430387 -0.00501884 0.999061 149.052 0.00652297 0.999965 0.00530442 -2.67041 -0.999052 0.00674514 -0.0430044 51.2631 
-0.0457822 -0.00609401 0.998933 149.542 0.00409995 0.999972 0.0062883 -2.6766 -0.998943 0.00438346 -0.0457559 51.251 
-0.0478396 -0.00787326 0.998824 150.035 0.00285452 0.999964 0.00801901 -2.68945 -0.998851 0.00323479 -0.0478154 51.2384 
-0.0490075 -0.00953919 0.998753 150.522 0.00227248 0.999951 0.00966218 -2.69892 -0.998796 0.00274317 -0.0489834 51.2236 
-0.0499302 -0.00966596 0.998706 151.006 0.00172894 0.999951 0.00976449 -2.70279 -0.998751 0.00221424 -0.049911 51.2087 
-0.0491244 -0.00775477 0.998763 151.487 0.00454467 0.999958 0.00798763 -2.70291 -0.998782 0.00493143 -0.0490871 51.1952 
-0.0443666 -0.00495666 0.999003 151.959 0.00683331 0.999963 0.00526493 -2.70614 -0.998992 0.00706008 -0.0443311 51.182 
-0.0371778 -0.00325206 0.999303 152.428 0.00713982 0.999968 0.0035199 -2.7135 -0.999283 0.00726571 -0.0371534 51.1785 
-0.0272312 -0.00344855 0.999623 152.894 0.00512351 0.99998 0.00358939 -2.72026 -0.999616 0.00521932 -0.027213 51.1863 
-0.0116912 -0.00454852 0.999921 153.349 0.00691518 0.999965 0.00462961 -2.72516 -0.999908 0.00696876 -0.0116593 51.1961 
0.0105642 -0.00423194 0.999935 153.799 0.0127519 0.99991 0.00409716 -2.7269 -0.999863 0.0127078 0.0106172 51.2131 
0.0402467 -0.0038166 0.999183 154.244 0.0196571 0.999802 0.00302723 -2.73247 -0.998996 0.0195192 0.0403137 51.2469 
0.0765412 -0.00450063 0.997056 154.682 0.0214541 0.999766 0.00286593 -2.73765 -0.996836 0.0211716 0.0766198 51.305 
0.117242 -0.00478661 0.993092 155.11 0.0183188 0.999829 0.00265646 -2.75077 -0.992934 0.0178808 0.11731 51.3931 
0.159118 -0.00185465 0.987258 155.53 0.0140401 0.999901 -0.000384428 -2.76122 -0.98716 0.0139224 0.159129 51.5019 
0.200778 0.00285812 0.979633 155.938 0.0137614 0.999889 -0.0057376 -2.76368 -0.97954 0.0146331 0.200716 51.6229 
0.243052 0.00711022 0.969987 156.342 0.0150086 0.999826 -0.0110896 -2.76763 -0.969897 0.0172535 0.242903 51.7551 
0.285642 0.00914192 0.958293 156.737 0.0164399 0.999761 -0.0144378 -2.77762 -0.958195 0.0198783 0.285424 51.9034 
0.327117 0.0110992 0.944919 157.118 0.0132043 0.99978 -0.0163147 -2.78484 -0.944892 0.0178138 0.326898 52.077 
0.367414 0.0152043 0.929933 157.483 0.00546919 0.999814 -0.0185077 -2.79027 -0.930041 0.011886 0.367263 52.2726 
0.407136 0.0203549 0.913141 157.836 -0.00295116 0.999776 -0.0209702 -2.80187 -0.913363 0.0058429 0.407104 52.4836 
0.446475 0.0261866 0.894413 158.189 -0.00734412 0.999645 -0.0256014 -2.8137 -0.894766 0.00486175 0.446509 52.7065 
0.484701 0.0301435 0.87416 158.536 -0.00863357 0.999522 -0.0296792 -2.82509 -0.874637 0.00683841 0.48473 52.9417 
0.522388 0.0290667 0.852212 158.884 -0.00664939 0.999527 -0.0300152 -2.84045 -0.852682 0.0100129 0.522335 53.1902 
0.558159 0.0275471 0.829277 159.225 -0.00797862 0.999581 -0.0278341 -2.85223 -0.829696 0.0089194 0.558145 53.4669 
0.5917 0.0281406 0.805667 159.561 -0.0121563 0.999588 -0.025986 -2.86849 -0.806066 0.005582 0.591799 53.7665 
0.623412 0.0321723 0.781231 159.886 -0.0190829 0.999482 -0.0259322 -2.88685 -0.78166 0.00125833 0.623703 54.0868 
0.653384 0.0356686 0.756186 160.208 -0.024326 0.999363 -0.0261201 -2.90314 -0.756636 -0.00132845 0.653836 54.4252 
0.681318 0.0366234 0.73107 160.533 -0.0242029 0.999329 -0.027506 -2.91828 -0.731587 0.00104633 0.681747 54.7728 
0.706444 0.034755 0.706915 160.858 -0.0192159 0.999367 -0.02993 -2.92976 -0.707508 0.00755993 0.706665 55.1335 
0.728953 0.0360567 0.683613 161.177 -0.0203574 0.999312 -0.0310005 -2.94029 -0.684261 0.00868135 0.729186 55.5197 
0.748647 0.0401485 0.661752 161.489 -0.0270816 0.999184 -0.0299827 -2.9576 -0.662416 0.00452512 0.749123 55.9358 
0.765107 0.0424878 0.6425 161.803 -0.0343301 0.999093 -0.0251877 -2.97928 -0.642988 -0.00278581 0.765872 56.3694 
0.778225 0.0406347 0.62667 162.122 -0.0353666 0.999157 -0.0208678 -2.9964 -0.626989 -0.00592328 0.779006 56.8077 
0.78904 0.0353179 0.613326 162.451 -0.0311113 0.999362 -0.017523 -3.01292 -0.613554 -0.00525499 0.789636 57.2568 
0.798299 0.0276653 0.601626 162.788 -0.0246934 0.999608 -0.0132003 -3.02781 -0.601755 -0.0043184 0.798669 57.7154 
0.805526 0.0213123 0.592177 163.123 -0.0202168 0.99976 -0.0084806 -3.04576 -0.592216 -0.00514055 0.805763 58.1939 
0.812073 0.0179991 0.583278 163.463 -0.0184288 0.999817 -0.00519517 -3.05936 -0.583264 -0.00653024 0.812256 58.7009 
0.819087 0.0151163 0.57347 163.802 -0.0162061 0.999864 -0.00320851 -3.0693 -0.57344 -0.00666562 0.81922 59.2117 
0.826446 0.010806 0.562913 164.151 -0.0107497 0.999936 -0.00341302 -3.07479 -0.562914 -0.00323043 0.826509 59.7354 
0.833087 0.0110708 0.553031 164.497 -0.00866991 0.999938 -0.00695677 -3.08616 -0.553074 0.00100088 0.833131 60.2737 
0.838802 0.0150845 0.544228 164.836 -0.0101298 0.999876 -0.0121008 -3.10123 -0.544342 0.0046373 0.83885 60.8296 
0.843101 0.0204264 0.537367 165.183 -0.0133047 0.999765 -0.0171285 -3.11052 -0.537591 0.0072916 0.843174 61.4139 
0.845316 0.0249091 0.533686 165.538 -0.0160938 0.999646 -0.0211658 -3.12345 -0.534025 0.00930273 0.845418 62.0041 
0.845153 0.0297293 0.533697 165.893 -0.0213792 0.999533 -0.0218227 -3.14152 -0.534096 0.00703358 0.845394 62.6167 
0.843455 0.0298413 0.536371 166.268 -0.0239399 0.999552 -0.0179645 -3.16453 -0.536667 0.00231158 0.843791 63.2378 
0.840988 0.0313103 0.540147 166.653 -0.0263846 0.99951 -0.016858 -3.18599 -0.54041 -7.41469e-05 0.841402 63.8711 
0.838226 0.0328377 0.544333 167.054 -0.0286959 0.999458 -0.0161045 -3.20506 -0.544567 -0.00212089 0.838715 64.5147 
0.835243 0.0328494 0.548899 167.462 -0.0299771 0.99945 -0.0141978 -3.22514 -0.549064 -0.0045958 0.835768 65.1646 
0.831962 0.0306873 0.553983 167.886 -0.0274471 0.999523 -0.0141478 -3.23841 -0.554153 -0.00343472 0.832408 65.8244 
0.828542 0.027918 0.559231 168.324 -0.0258422 0.999599 -0.0116149 -3.25576 -0.559331 -0.00482828 0.82893 66.4902 
0.82462 0.0286323 0.564963 168.768 -0.0271455 0.999571 -0.0110367 -3.27253 -0.565036 -0.00623511 0.825043 67.1689 
0.821173 0.0309035 0.569842 169.22 -0.0286833 0.999506 -0.0128707 -3.29086 -0.569958 -0.00577582 0.821654 67.849 
0.818213 0.0315491 0.57405 169.689 -0.0272222 0.999499 -0.0161306 -3.31481 -0.574271 -0.0024286 0.818662 68.5332 
0.81534 0.0335261 0.578011 170.164 -0.0272625 0.999438 -0.0195135 -3.33665 -0.57834 0.0001522 0.815796 69.2271 
0.81249 0.0328632 0.582049 170.646 -0.0266285 0.99946 -0.0192596 -3.35703 -0.582367 0.000149165 0.812926 69.9274 
0.809971 0.0298445 0.58571 171.14 -0.0279044 0.999534 -0.0123419 -3.38215 -0.585805 -0.00634722 0.810427 70.6433 
0.80757 0.026156 0.589192 171.639 -0.0278501 0.999593 -0.00620233 -3.40956 -0.589114 -0.0114002 0.807969 71.3614 
0.805637 0.0249821 0.591882 172.139 -0.0239122 0.999668 -0.00964576 -3.43561 -0.591927 -0.0063822 0.805967 72.0604 
0.804235 0.0300626 0.593551 172.633 -0.0223363 0.999543 -0.0203608 -3.46324 -0.593892 0.0031171 0.804539 72.7482 
0.80282 0.0325565 0.595332 173.132 -0.0203174 0.999422 -0.027256 -3.49229 -0.595875 0.0097861 0.803017 73.4423 
0.801869 0.0291047 0.59679 173.641 -0.016283 0.999506 -0.0268662 -3.52655 -0.597277 0.0118257 0.801948 74.1542 
0.80114 0.0235194 0.598015 174.148 -0.0139907 0.99969 -0.020574 -3.5655 -0.598314 0.008116 0.801221 74.8573 
0.800587 0.0193689 0.598903 174.657 -0.011021 0.999784 -0.0176012 -3.59814 -0.599115 0.00749084 0.800628 75.5611 
0.800924 0.0146247 0.598587 175.166 -0.00665587 0.999857 -0.0155227 -3.62845 -0.598729 0.00844839 0.800907 76.2553 
0.801193 0.0105042 0.598314 175.668 -0.00156525 0.999879 -0.0154581 -3.65702 -0.598404 0.0114485 0.801113 76.9442 
0.801913 0.00875724 0.597376 176.167 0.000846656 0.999875 -0.0157941 -3.68886 -0.59744 0.0131713 0.801806 77.6331 
0.802677 0.0110642 0.596312 176.659 0.00142306 0.99979 -0.020466 -3.71967 -0.596413 0.0172762 0.802492 78.3156 
0.803204 0.0110553 0.595602 177.148 0.00436247 0.999692 -0.0244387 -3.75273 -0.595689 0.0222276 0.802908 78.9941 
0.803513 0.0081511 0.595232 177.64 0.00676083 0.999717 -0.0228166 -3.78344 -0.59525 0.0223577 0.80323 79.6748 
0.803247 0.00658688 0.595609 178.125 0.00421292 0.999851 -0.0167389 -3.81619 -0.595631 0.0159548 0.8031 80.358 
0.802647 0.000661689 0.596454 178.609 0.0048979 0.999958 -0.00770034 -3.8459 -0.596434 0.00910205 0.80261 81.0405 
0.802315 -0.00416042 0.596886 179.089 0.00721509 0.99997 -0.00272821 -3.86904 -0.596857 0.0064955 0.802321 81.7011 
0.801562 -0.00702635 0.59787 179.561 0.0099898 0.999949 -0.00164151 -3.88921 -0.597828 0.0072884 0.801591 82.3489 
0.800612 -0.00333598 0.599174 180.012 0.00773087 0.999959 -0.00476244 -3.91317 -0.599134 0.00844503 0.800605 82.9831 
0.799399 0.00447291 0.600784 180.448 0.00458287 0.999898 -0.0135422 -3.93861 -0.600783 0.013579 0.799297 83.5968 
0.797944 0.00896055 0.602665 180.889 0.00488386 0.999761 -0.0213309 -3.95717 -0.602712 0.0199642 0.797709 84.2041 
