1 2.12261e-08 -2.11895e-08 0 2.12261e-08 1 2.10703e-08 0 -2.11895e-08 2.10703e-08 1 0 
0.999933 -0.00273984 0.0112613 0.0139247 0.00272695 0.999996 0.00116312 -0.00621712 -0.0112645 -0.00113229 0.999936 0.290028 
0.999828 -0.00502887 0.0178616 0.0224206 0.00500867 0.999987 0.00117822 -0.00948079 -0.0178673 -0.00108851 0.99984 0.587033 
0.999778 -0.00776767 0.0196092 0.0328113 0.00776694 0.99997 0.000115312 -0.0152508 -0.0196095 3.70588e-05 0.999808 0.891588 
0.999813 -0.00936854 0.016903 0.043475 0.00939309 0.999955 -0.00137055 -0.0182202 -0.0168895 0.00152911 0.999856 1.19975 
0.999878 -0.0121588 0.00978472 0.0434203 0.0121872 0.999922 -0.00284391 -0.0218483 -0.00974942 0.00296285 0.999948 1.51702 
0.999902 -0.0136938 -0.00281911 0.0365626 0.0136801 0.999895 -0.00484067 -0.024054 0.00288505 0.00480167 0.999984 1.84743 
0.999722 -0.0130033 -0.0196766 0.0167293 0.0129048 0.999904 -0.00512541 -0.0292654 0.0197413 0.0048701 0.999793 2.18973 
0.999189 -0.00870851 -0.0393128 -0.0200271 0.00851159 0.99995 -0.00517464 -0.0345004 0.0393559 0.00483587 0.999214 2.54258 
0.998231 -0.00510931 -0.0592344 -0.0647599 0.00473216 0.999968 -0.00650633 -0.0389737 0.0592657 0.00621456 0.998223 2.90695 
0.996808 -0.00493166 -0.0796808 -0.110236 0.00438207 0.999965 -0.00707124 -0.0405025 0.0797129 0.00669955 0.996795 3.28576 
0.994871 -0.00654849 -0.100936 -0.162914 0.00591265 0.999961 -0.0065977 -0.0440704 0.100975 0.00596711 0.994871 3.67347 
0.992652 -0.00781428 -0.120749 -0.227986 0.00716491 0.999957 -0.00581142 -0.0484222 0.120789 0.00490361 0.992666 4.06434 
0.99033 -0.00661258 -0.138576 -0.30772 0.00594009 0.999969 -0.0052661 -0.0529609 0.138607 0.00439207 0.990338 4.4653 
0.988 -0.00542807 -0.154362 -0.391617 0.0047704 0.999978 -0.00463089 -0.0592322 0.154383 0.00383899 0.988004 4.87866 
0.98578 -0.00476716 -0.167972 -0.483019 0.00400498 0.99998 -0.00487623 -0.0652352 0.167992 0.00413422 0.98578 5.30223 
0.983632 -0.00613179 -0.180084 -0.577341 0.00515552 0.999969 -0.00588895 -0.0707176 0.180115 0.00486418 0.983634 5.742 
0.981752 -0.00989816 -0.189907 -0.67144 0.00850625 0.999931 -0.00814337 -0.0774931 0.189974 0.00637942 0.981768 6.19222 
0.980182 -0.00909014 -0.197892 -0.778942 0.0072441 0.999923 -0.0100507 -0.0842153 0.197968 0.00841798 0.980172 6.65326 
0.978652 -0.00888139 -0.205333 -0.894012 0.00659452 0.999908 -0.0118192 -0.0913417 0.205419 0.0102129 0.978621 7.12457 
0.976902 -0.00944474 -0.213481 -1.01156 0.00642329 0.999869 -0.0148426 -0.0987205 0.213593 0.0131286 0.976835 7.60941 
0.975091 -0.0134597 -0.221398 -1.13138 0.0100628 0.999814 -0.016464 -0.110412 0.221578 0.0138261 0.975045 8.1111 
0.973258 -0.0196753 -0.22887 -1.25865 0.01606 0.999715 -0.0176487 -0.122864 0.229152 0.0135011 0.973297 8.62602 
0.971116 -0.0203117 -0.237741 -1.39705 0.0159789 0.99967 -0.0201383 -0.136996 0.238071 0.0157579 0.97112 9.15311 
0.969052 -0.0162886 -0.24632 -1.55711 0.0105273 0.99964 -0.0246883 -0.149317 0.246633 0.0213312 0.968874 9.68359 
0.966828 -0.0130431 -0.255095 -1.72197 0.00617276 0.999597 -0.0277146 -0.168285 0.255354 0.0252207 0.966519 10.2206 
0.964635 -0.0151072 -0.263158 -1.89376 0.00759323 0.999535 -0.029547 -0.189465 0.263482 0.0265039 0.9643 10.7795 
0.962254 -0.0177153 -0.271574 -2.06265 0.00940179 0.999447 -0.0318832 -0.210726 0.271989 0.0281265 0.961889 11.3409 
0.960034 -0.017294 -0.279347 -2.25047 0.00801704 0.999379 -0.034318 -0.235737 0.279767 0.030707 0.959577 11.9167 
0.957729 -0.0161935 -0.287217 -2.4499 0.00557129 0.999271 -0.0377622 -0.264152 0.287619 0.0345658 0.957121 12.4986 
0.955401 -0.0171989 -0.294809 -2.64711 0.00473713 0.999067 -0.0429328 -0.29378 0.295272 0.0396216 0.954591 13.0923 
0.953616 -0.0185131 -0.300456 -2.85592 0.0034594 0.998715 -0.0505579 -0.327281 0.301006 0.0471734 0.952455 13.6983 
0.952313 -0.0191261 -0.304522 -3.07154 0.00127461 0.998274 -0.0587127 -0.365654 0.305119 0.0555248 0.950694 14.3086 
0.951023 -0.0190468 -0.308534 -3.29426 -0.00192231 0.997716 -0.0675177 -0.407344 0.309116 0.064804 0.948814 14.9368 
0.949681 -0.018456 -0.312676 -3.52558 -0.00579272 0.997057 -0.0764463 -0.456866 0.313166 0.0744109 0.946779 15.5731 
0.948282 -0.0185447 -0.316887 -3.75918 -0.00835751 0.996487 -0.0833257 -0.513729 0.317319 0.0816647 0.944796 16.2225 
0.946706 -0.01642 -0.321682 -4.00594 -0.0133227 0.995849 -0.0900411 -0.577469 0.321825 0.0895281 0.942557 16.8699 
0.945064 -0.0158064 -0.326504 -4.25956 -0.0163543 0.995293 -0.0955209 -0.649393 0.326477 0.0956131 0.940357 17.5351 
0.943362 -0.0136257 -0.331485 -4.52148 -0.0210989 0.99467 -0.100931 -0.720734 0.331093 0.102208 0.938046 18.2091 
0.941746 -0.0104439 -0.336164 -4.79709 -0.0261449 0.99422 -0.104132 -0.795198 0.335308 0.106855 0.936029 18.881 
0.939956 -0.00976308 -0.341156 -5.0751 -0.027966 0.994026 -0.105499 -0.875812 0.340148 0.108705 0.934068 19.586 
0.93775 -0.00914217 -0.347191 -5.35421 -0.0290268 0.994093 -0.104577 -0.960416 0.346096 0.108145 0.931946 20.2828 
0.935462 -0.00844045 -0.353326 -5.64851 -0.0300248 0.994203 -0.103244 -1.042 0.352149 0.107189 0.929786 20.9978 
0.932807 -0.00894193 -0.360265 -5.94568 -0.0295872 0.994417 -0.10129 -1.12633 0.359159 0.105143 0.927335 21.7277 
0.929535 -0.0079548 -0.368647 -6.25583 -0.0304335 0.994701 -0.0982014 -1.20853 0.367475 0.102501 0.924368 22.4654 
0.926181 -0.00633014 -0.377025 -6.575 -0.0308229 0.995242 -0.092428 -1.29 0.375816 0.0972262 0.92158 23.203 
0.922677 -0.00281199 -0.385564 -6.91491 -0.0334862 0.995611 -0.0873956 -1.36864 0.384118 0.093549 0.918533 23.9506 
0.918979 0.000655306 -0.394306 -7.26282 -0.0364904 0.995849 -0.0833904 -1.44597 0.392615 0.0910225 0.915188 24.7068 
0.915128 0.00145594 -0.40316 -7.61976 -0.0374596 0.995975 -0.0814323 -1.52332 0.401419 0.0896233 0.911499 25.4638 
0.911067 0.00168091 -0.412255 -7.9871 -0.0384948 0.99597 -0.0810113 -1.59508 0.410457 0.0896764 0.90746 26.2236 
0.907154 0.00150503 -0.420797 -8.36431 -0.03867 0.99606 -0.0798022 -1.66662 0.419019 0.0886651 0.903638 26.9884 
0.903256 0.00239418 -0.429095 -8.75605 -0.0397095 0.99616 -0.0780314 -1.7392 0.42726 0.0875215 0.899883 27.7595 
0.899459 0.00175935 -0.437002 -9.15469 -0.0387208 0.99638 -0.0756856 -1.81263 0.435287 0.0849972 0.896271 28.5319 
0.895659 0.00244335 -0.444735 -9.56347 -0.038321 0.99669 -0.0716995 -1.88021 0.443088 0.081261 0.892788 29.3039 
0.891916 0.00481148 -0.452175 -9.98782 -0.03884 0.997063 -0.0660025 -1.94683 0.45053 0.0764313 0.889484 30.0987 
0.888052 0.00500686 -0.459715 -10.4248 -0.037641 0.997375 -0.0618503 -2.0123 0.458199 0.0722305 0.88591 30.9013 
0.884412 0.0038324 -0.466691 -10.8713 -0.035952 0.997554 -0.0599398 -2.07631 0.46532 0.06979 0.882387 31.7059 
0.881052 0.00317187 -0.473009 -11.3284 -0.0351209 0.997656 -0.058728 -2.13763 0.471714 0.068355 0.879098 32.5203 
0.877925 0.00336986 -0.478787 -11.8001 -0.0348238 0.997776 -0.0568319 -2.19398 0.47753 0.0665673 0.87609 33.3467 
0.874941 0.00175201 -0.484227 -12.283 -0.0328425 0.997905 -0.0557321 -2.2521 0.483115 0.0646656 0.873166 34.1842 
0.872603 0.00148024 -0.488428 -12.8269 -0.0328797 0.997905 -0.0557173 -2.31541 0.487322 0.0646785 0.870824 35.0427 
0.870538 0.00071189 -0.492102 -13.3326 -0.0325885 0.997887 -0.0562062 -2.37575 0.491022 0.0649665 0.868721 35.8996 
0.869183 0.000876632 -0.494489 -13.8411 -0.0331513 0.997852 -0.0565025 -2.43638 0.493377 0.065504 0.867345 36.7496 
0.868805 0.00090581 -0.495154 -14.3616 -0.0326864 0.997922 -0.0555266 -2.49806 0.494075 0.0644266 0.867029 37.6105 
0.868649 0.00133213 -0.495427 -14.8868 -0.0323511 0.998015 -0.0540388 -2.55847 0.494371 0.0629684 0.866967 38.4879 
0.86833 -0.000131938 -0.495987 -15.4178 -0.0304075 0.998105 -0.0535004 -2.6211 0.495054 0.0615378 0.86668 39.3792 
0.86767 -0.00231833 -0.497136 -15.9512 -0.0283886 0.998126 -0.0542024 -2.68607 0.49633 0.0611428 0.865978 40.2708 
0.866695 -0.00451031 -0.498818 -16.5057 -0.0263647 0.998147 -0.0548339 -2.74592 0.498141 0.0606755 0.864971 41.1822 
0.865094 -0.00495982 -0.501586 -17.0569 -0.0249963 0.998283 -0.0529828 -2.8114 0.500987 0.0583729 0.863484 42.096 
0.863112 -0.00435942 -0.504994 -17.6232 -0.0237188 0.998509 -0.0491588 -2.87435 0.504456 0.0544075 0.861722 43.0157 
0.860343 -0.00468086 -0.509694 -18.1763 -0.0212265 0.998761 -0.0450018 -2.94015 0.509273 0.049536 0.859178 43.9074 
0.856276 -0.0047718 -0.516496 -18.7412 -0.0204064 0.998864 -0.0430592 -3.00355 0.516115 0.0474105 0.855206 44.81 
0.851016 -0.00869383 -0.525069 -19.3079 -0.0174954 0.998839 -0.0448944 -3.0687 0.524849 0.0473921 0.849875 45.6901 
0.845206 -0.0119488 -0.534307 -19.8822 -0.0163445 0.998705 -0.0481891 -3.12772 0.534191 0.0494627 0.843916 46.5314 
0.839139 -0.0121284 -0.543782 -20.4824 -0.0164171 0.998731 -0.0476097 -3.18619 0.543669 0.0488786 0.837875 47.4125 
0.8335 -0.0090947 -0.552445 -21.1032 -0.0171618 0.998956 -0.0423384 -3.24596 0.552253 0.0447701 0.832474 48.2973 
0.828372 -0.0044885 -0.560161 -21.7266 -0.0202903 0.999071 -0.038011 -3.30495 0.559811 0.0428532 0.827511 49.1739 
0.824354 -0.00443923 -0.566057 -22.3549 -0.0216265 0.998992 -0.0393293 -3.36216 0.565661 0.0446632 0.823427 50.0431 
0.821104 -0.00659424 -0.570741 -22.9812 -0.0222352 0.998805 -0.043529 -3.4192 0.570346 0.0484324 0.819976 50.895 
0.818045 -0.00885488 -0.575086 -23.6123 -0.0247694 0.998411 -0.0506069 -3.4791 0.57462 0.0556434 0.816526 51.7423 
0.81497 -0.0101976 -0.579414 -24.2513 -0.02472 0.998323 -0.0523401 -3.54097 0.578976 0.0569788 0.813351 52.6018 
0.811587 -0.00852907 -0.584169 -24.9014 -0.0241768 0.998547 -0.048168 -3.60672 0.583731 0.0532159 0.810201 53.4687 
0.808378 -0.00599554 -0.588633 -25.556 -0.0239029 0.998789 -0.0429994 -3.66737 0.588178 0.0488298 0.807256 54.3381 
0.805291 -0.00434648 -0.592863 -26.2127 -0.0241087 0.998906 -0.0400704 -3.72606 0.592389 0.0465615 0.804306 55.1932 
0.802159 -0.0041035 -0.597096 -26.8793 -0.025215 0.998852 -0.0407393 -3.77698 0.596578 0.0477352 0.801135 56.0467 
0.798813 -0.00494368 -0.601559 -27.5434 -0.025679 0.998775 -0.0423074 -3.83681 0.601031 0.0492432 0.797708 56.8849 
0.794753 -0.00773172 -0.606884 -28.2097 -0.0246571 0.998682 -0.0450134 -3.89289 0.606432 0.0507386 0.793515 57.7251 
0.790558 -0.00859722 -0.612327 -28.8868 -0.0243037 0.998673 -0.0453995 -3.95275 0.611905 0.0507728 0.7893 58.5673 
0.785994 -0.00861196 -0.618175 -29.5771 -0.0240528 0.99872 -0.044496 -4.01346 0.617766 0.0498425 0.78478 59.416 
0.781174 -0.0081843 -0.624259 -30.2749 -0.0244181 0.998748 -0.0436499 -4.0753 0.623835 0.0493415 0.779997 60.2456 
0.77579 -0.00953743 -0.630919 -30.9816 -0.0240809 0.99871 -0.0447075 -4.13572 0.630531 0.0498768 0.77456 61.0841 
0.770526 -0.0110286 -0.637313 -31.7002 -0.0234369 0.998684 -0.0456179 -4.19254 0.636977 0.0500864 0.769254 61.91 
0.765315 -0.0117697 -0.643548 -32.4058 -0.0237133 0.998639 -0.046464 -4.2569 0.643219 0.0508203 0.763994 62.6975 
0.759684 -0.013469 -0.650153 -33.1453 -0.0228738 0.998613 -0.0474152 -4.31984 0.64989 0.0508921 0.758322 63.5233 
0.753731 -0.0152555 -0.657006 -33.8769 -0.02207 0.998579 -0.0485059 -4.38256 0.656812 0.0510605 0.752323 64.3266 
0.747502 -0.0168795 -0.664046 -34.6335 -0.0205655 0.99861 -0.048534 -4.44492 0.663942 0.0499357 0.746115 65.1525 
0.741185 -0.0166698 -0.671094 -35.3897 -0.0199886 0.9987 -0.0468838 -4.5099 0.671003 0.0481638 0.739888 65.9564 
0.734787 -0.0170427 -0.678084 -36.1694 -0.0194235 0.998746 -0.0461499 -4.57475 0.67802 0.0470812 0.733534 66.7681 
0.728398 -0.0187352 -0.684898 -36.9489 -0.0184152 0.99873 -0.0469048 -4.64035 0.684907 0.046778 0.727128 67.5694 
0.722034 -0.0200046 -0.691568 -37.7472 -0.0190003 0.998632 -0.0487242 -4.70673 0.691597 0.0483205 0.720666 68.3668 
0.716214 -0.0189428 -0.697624 -38.5541 -0.020974 0.998596 -0.0486481 -4.76989 0.697566 0.0494744 0.714811 69.1519 
0.711102 -0.018005 -0.702858 -39.3776 -0.0218223 0.998625 -0.0476599 -4.83566 0.70275 0.049229 0.709731 69.9341 
0.706209 -0.0175816 -0.707785 -40.2049 -0.0227903 0.998609 -0.0475454 -4.90178 0.707637 0.0497077 0.704826 70.7278 
0.701459 -0.018922 -0.712459 -41.0617 -0.0227116 0.998546 -0.0488811 -4.96226 0.712348 0.0504692 0.700009 71.5256 
0.696301 -0.0202819 -0.717463 -41.9114 -0.0237343 0.998403 -0.051258 -5.03665 0.717357 0.0527196 0.694708 72.31 
0.691335 -0.0231341 -0.722164 -42.7658 -0.022878 0.998285 -0.0538808 -5.10547 0.722172 0.0537714 0.68962 73.0976 
0.686307 -0.0237208 -0.726925 -43.6284 -0.0233855 0.998232 -0.0546527 -5.17583 0.726936 0.0545081 0.684538 73.8752 
0.681404 -0.0234148 -0.731533 -44.4966 -0.0226771 0.998333 -0.0530776 -5.24861 0.731556 0.0527564 0.679737 74.6543 
0.67658 -0.0232895 -0.736001 -45.387 -0.0222933 0.998394 -0.052086 -5.32129 0.736032 0.0516483 0.674974 75.425 
0.671543 -0.0243569 -0.740566 -46.2802 -0.0217341 0.998382 -0.0525449 -5.39656 0.740647 0.0513817 0.669927 76.198 
0.666875 -0.025108 -0.744747 -47.1717 -0.0211583 0.998391 -0.0526052 -5.47185 0.744869 0.0508387 0.665271 76.9621 
0.662548 -0.0256254 -0.748581 -48.0744 -0.020521 0.998418 -0.0523404 -5.54279 0.748738 0.0500397 0.660974 77.7301 
0.658427 -0.0267572 -0.752169 -48.9814 -0.0192071 0.998445 -0.0523314 -5.61411 0.7524 0.0489035 0.656889 78.4995 
0.654539 -0.0295464 -0.755451 -49.8988 -0.0165536 0.998436 -0.0533923 -5.69063 0.755847 0.0474528 0.653026 79.2672 
0.650286 -0.0342775 -0.758915 -50.817 -0.013471 0.998304 -0.0566326 -5.76431 0.75957 0.0470508 0.648722 80.0292 
0.64562 -0.0383184 -0.762697 -51.7331 -0.00950492 0.99826 -0.0581991 -5.84243 0.763599 0.044824 0.644133 80.7785 
0.638973 -0.0417798 -0.768094 -52.6706 -0.00471948 0.998292 -0.0582273 -5.92353 0.769215 0.0408307 0.637684 81.5374 
0.630641 -0.0456661 -0.77473 -53.6199 0.00042764 0.998288 -0.0584955 -6.0049 0.776074 0.0365584 0.629581 82.2911 
0.621831 -0.0467727 -0.781754 -54.5857 0.00324928 0.99836 -0.0571478 -6.08543 0.783145 0.0329962 0.620963 83.0343 
0.613264 -0.0452579 -0.78858 -55.571 0.00350988 0.998503 -0.0545762 -6.16676 0.78987 0.0307018 0.612506 83.7719 
0.604296 -0.0450283 -0.795487 -56.5553 0.00301807 0.998524 -0.0542284 -6.24816 0.796755 0.0303692 0.60354 84.4925 
0.594719 -0.0465106 -0.802587 -57.555 0.00223995 0.998417 -0.0561993 -6.32388 0.803931 0.0316251 0.593881 85.2106 
0.584826 -0.0485308 -0.809706 -58.568 0.00241052 0.998308 -0.0580939 -6.40553 0.811155 0.032023 0.583953 85.913 
0.575213 -0.050262 -0.816458 -59.5985 0.00289296 0.998229 -0.0594139 -6.48802 0.817999 0.0318137 0.57434 86.6044 
0.565151 -0.0510402 -0.823407 -60.6469 0.00579748 0.998305 -0.0579024 -6.57154 0.824967 0.0279499 0.564489 87.3056 
0.55507 -0.0509923 -0.830239 -61.6826 0.00695761 0.998369 -0.056667 -6.65832 0.831775 0.0256777 0.554519 87.973 
0.544631 -0.0518243 -0.837073 -62.7444 0.00736803 0.998346 -0.0570151 -6.74177 0.838643 0.0248847 0.544112 88.6464 
0.534495 -0.0530702 -0.843504 -63.8083 0.00702542 0.998271 -0.0583559 -6.82417 0.845142 0.025265 0.533944 89.2971 
0.524709 -0.0531948 -0.849618 -64.8889 0.00496325 0.99822 -0.0594336 -6.91153 0.851267 0.0269686 0.524039 89.9319 
0.51497 -0.0545052 -0.855474 -65.9783 0.00425534 0.998127 -0.0610326 -6.99726 0.857198 0.0277897 0.514237 90.5604 
0.505357 -0.0542748 -0.861202 -67.0898 0.00314932 0.998129 -0.0610562 -7.085 0.862905 0.028143 0.504582 91.1846 
0.496695 -0.0522801 -0.866349 -68.2007 0.0023563 0.998262 -0.0588895 -7.17416 0.867922 0.0272088 0.495955 91.7939 
0.48887 -0.0507899 -0.870877 -69.3084 0.00303174 0.998397 -0.056525 -7.26161 0.872351 0.0249932 0.48824 92.3899 
0.481442 -0.0512095 -0.874981 -70.4405 0.00323816 0.998389 -0.0566505 -7.34664 0.876472 0.0244407 0.480832 92.974 
0.473848 -0.0543491 -0.878928 -71.5783 0.0052814 0.998251 -0.0588802 -7.43328 0.880591 0.0232584 0.473306 93.5668 
0.466684 -0.0580549 -0.882517 -72.7209 0.00813261 0.998083 -0.0613566 -7.51978 0.884387 0.021457 0.466261 94.1586 
0.460513 -0.0610912 -0.885548 -73.877 0.009495 0.997911 -0.0639051 -7.61292 0.887602 0.0210209 0.460131 94.7377 
0.455005 -0.0645828 -0.888144 -75.0141 0.0115033 0.99771 -0.0666568 -7.70935 0.890415 0.0201127 0.454706 95.3019 
0.450066 -0.0658717 -0.890563 -76.1615 0.0143514 0.99768 -0.0665421 -7.80598 0.89288 0.0171675 0.449967 95.8716 
0.445712 -0.0632921 -0.892936 -77.3103 0.0162639 0.997905 -0.0626142 -7.90869 0.895029 0.0133853 0.445807 96.4318 
0.441703 -0.0616062 -0.895044 -78.4565 0.0194981 0.998063 -0.0590748 -8.00253 0.89695 0.00864187 0.442049 96.9832 
0.438204 -0.0609565 -0.896806 -79.6041 0.0213008 0.998122 -0.0574349 -8.09879 0.898623 0.00606556 0.438679 97.5282 
0.435183 -0.0610262 -0.898272 -80.7381 0.0231265 0.998129 -0.0566062 -8.18944 0.900045 0.00386024 0.43578 98.0603 
0.432724 -0.0602508 -0.899511 -81.8882 0.0251055 0.998183 -0.0547826 -8.27943 0.901177 0.00112316 0.43345 98.5934 
0.430047 -0.0595749 -0.900839 -83.0275 0.0271899 0.998222 -0.0530351 -8.36636 0.902397 -0.00168614 0.430902 99.1275 
0.427324 -0.0608707 -0.902047 -84.1568 0.0302903 0.998135 -0.0530054 -8.45194 0.903591 -0.00467274 0.428371 99.6538 
0.425378 -0.0617985 -0.902904 -85.2987 0.0336142 0.998056 -0.0524748 -8.53049 0.904392 -0.00802877 0.426628 100.165 
0.422818 -0.0609564 -0.904162 -86.4158 0.0371368 0.998063 -0.0499204 -8.61436 0.905453 -0.0124704 0.424263 100.68 
0.420433 -0.0603334 -0.905316 -87.5253 0.0391945 0.998063 -0.0483123 -8.69645 0.906477 -0.0151712 0.421983 101.181 
0.418816 -0.0614444 -0.90599 -88.6232 0.04141 0.997963 -0.0485392 -8.77732 0.907126 -0.017188 0.420507 101.67 
0.417851 -0.0624775 -0.906365 -89.7011 0.0423661 0.997887 -0.0492547 -8.85554 0.907527 -0.017818 0.419615 102.141 
0.416962 -0.0638021 -0.906682 -90.7721 0.0427464 0.997806 -0.0505564 -8.93711 0.907918 -0.0176772 0.418774 102.623 
0.417485 -0.0643076 -0.906405 -91.8301 0.041814 0.997796 -0.0515323 -9.01963 0.907721 -0.0163864 0.419254 103.085 
0.419675 -0.0641775 -0.905403 -92.874 0.0398435 0.997838 -0.0522612 -9.09925 0.906799 -0.0141416 0.421325 103.55 
0.423729 -0.0646779 -0.903477 -93.9076 0.0384408 0.997833 -0.0534039 -9.17732 0.904973 -0.0121016 0.425297 104.018 
0.428403 -0.065218 -0.901231 -94.9207 0.0372615 0.997819 -0.0544953 -9.2579 0.902819 -0.0102352 0.429899 104.489 
0.434572 -0.0652643 -0.89827 -95.9443 0.0367233 0.997826 -0.0547314 -9.33687 0.899888 -0.00920271 0.436023 104.955 
0.440864 -0.0644681 -0.895256 -96.9458 0.0362416 0.997882 -0.0540114 -9.41318 0.896842 -0.0086337 0.442267 105.44 
0.448658 -0.0636467 -0.891434 -97.9423 0.0355807 0.997942 -0.0533435 -9.48833 0.892995 -0.0077848 0.449999 105.925 
0.457445 -0.063251 -0.886986 -98.9324 0.0350213 0.997975 -0.0531041 -9.56274 0.888548 -0.00677119 0.458733 106.417 
0.466733 -0.062814 -0.882165 -99.9157 0.0345595 0.998008 -0.0527779 -9.63886 0.883723 -0.00585397 0.467974 106.919 
0.476213 -0.0641422 -0.876988 -100.894 0.0343969 0.997932 -0.0543102 -9.71415 0.878657 -0.00430239 0.477434 107.432 
0.48646 -0.0652922 -0.87126 -101.858 0.032413 0.997866 -0.0566826 -9.79457 0.873102 -0.000666293 0.487538 107.952 
0.497777 -0.0666687 -0.864739 -102.817 0.0311818 0.997772 -0.0589758 -9.86934 0.866744 0.0023927 0.498747 108.479 
0.510038 -0.0644764 -0.857732 -103.753 0.0281907 0.997904 -0.05825 -9.94439 0.85969 0.0055297 0.510787 109.005 
0.52286 -0.0614069 -0.850204 -104.682 0.026326 0.998089 -0.0558981 -10.0291 0.852012 0.00684452 0.523478 109.547 
0.535367 -0.0586685 -0.842579 -105.619 0.02525 0.998251 -0.0534643 -10.1093 0.844242 0.00734798 0.535912 110.112 
0.546999 -0.058014 -0.835121 -106.516 0.0248901 0.998282 -0.0530455 -10.1817 0.836763 0.00822961 0.547503 110.679 
0.55827 -0.0587647 -0.827576 -107.409 0.0255995 0.998234 -0.0536138 -10.2579 0.829265 0.00874549 0.558788 111.266 
0.569258 -0.0596241 -0.819994 -108.296 0.0256653 0.99817 -0.0547623 -10.3336 0.821759 0.0101286 0.569746 111.863 
0.580066 -0.0613397 -0.812257 -109.156 0.0279581 0.998072 -0.0554061 -10.409 0.81409 0.00943004 0.580663 112.459 
0.590737 -0.0611879 -0.804541 -109.997 0.0284452 0.99808 -0.0550212 -10.4847 0.806362 0.00961781 0.591343 113.057 
0.601102 -0.0588082 -0.797006 -110.832 0.0276397 0.998222 -0.0528094 -10.5597 0.798695 0.00971485 0.601658 113.669 
0.610452 -0.0558522 -0.790082 -111.649 0.0277873 0.998407 -0.0491094 -10.6316 0.791566 0.00802475 0.611031 114.298 
0.620055 -0.0541568 -0.782687 -112.452 0.0266769 0.998493 -0.0479554 -10.7007 0.784105 0.00885532 0.620565 114.924 
0.629938 -0.0536321 -0.774792 -113.236 0.0250788 0.998497 -0.0487272 -10.7677 0.776241 0.0112643 0.630336 115.541 
0.639274 -0.0533442 -0.767127 -114.007 0.0233674 0.998478 -0.0499589 -10.8321 0.768624 0.0140117 0.639547 116.164 
0.64804 -0.0528416 -0.759771 -114.758 0.0234202 0.998501 -0.0494691 -10.8997 0.761246 0.014264 0.648306 116.799 
0.656859 -0.0506435 -0.752311 -115.508 0.0231404 0.998626 -0.0470204 -10.9691 0.753659 0.013477 0.657128 117.44 
0.664958 -0.0490945 -0.745266 -116.235 0.023437 0.998717 -0.0448793 -11.0288 0.746513 0.0123761 0.665255 118.09 
0.672805 -0.0484111 -0.738234 -116.953 0.0237289 0.998755 -0.0438695 -11.0931 0.739439 0.0119982 0.673117 118.742 
0.680022 -0.0477571 -0.731635 -117.657 0.0228631 0.998772 -0.0439442 -11.1504 0.732835 0.0131557 0.680279 119.394 
0.68724 -0.0471877 -0.724896 -118.344 0.0225824 0.998794 -0.043608 -11.2053 0.72608 0.0135993 0.687476 120.03 
0.693932 -0.0448575 -0.718642 -119.028 0.0221997 0.998916 -0.0409158 -11.2598 0.719699 0.0124392 0.694175 120.689 
0.700604 -0.0424813 -0.712285 -119.711 0.0214003 0.999028 -0.0385336 -11.3072 0.71323 0.0117538 0.700832 121.383 
0.707475 -0.0408411 -0.705558 -120.366 0.0203827 0.999093 -0.0373943 -11.3601 0.706445 0.0120744 0.707665 122.046 
0.714714 -0.0401386 -0.698264 -121.005 0.0198613 0.999114 -0.0371032 -11.4106 0.699134 0.0126498 0.714878 122.696 
0.722301 -0.0375177 -0.69056 -121.63 0.0176054 0.999201 -0.0358714 -11.4591 0.691355 0.0137524 0.722385 123.336 
0.731255 -0.0349122 -0.681211 -122.244 0.0171401 0.999314 -0.0328159 -11.5082 0.681889 0.0123208 0.731352 123.981 
0.740867 -0.0310572 -0.670934 -122.845 0.015373 0.999453 -0.0292888 -11.5548 0.671476 0.0113848 0.740939 124.626 
0.751085 -0.0288747 -0.659574 -123.452 0.0135082 0.999506 -0.0283738 -11.5988 0.660068 0.0124015 0.751104 125.293 
0.761225 -0.0278596 -0.647889 -124.028 0.0118344 0.999507 -0.0290748 -11.6409 0.64838 0.0144651 0.76118 125.951 
0.771087 -0.0288783 -0.636075 -124.575 0.0120024 0.999453 -0.0308259 -11.6803 0.636617 0.0161351 0.771012 126.603 
0.780888 -0.0279669 -0.624044 -125.093 0.0115626 0.999473 -0.0303233 -11.7163 0.624564 0.0164635 0.7808 127.25 
0.791043 -0.0263262 -0.611194 -125.606 0.0111302 0.999528 -0.0286478 -11.7569 0.611659 0.0158589 0.790962 127.913 
0.801081 -0.0243641 -0.59806 -126.117 0.0111367 0.999605 -0.0258052 -11.7914 0.598453 0.0140117 0.801036 128.599 
0.810676 -0.0231274 -0.585038 -126.629 0.0115899 0.999658 -0.0234581 -11.8278 0.58538 0.0122364 0.810667 129.312 
0.819976 -0.0215521 -0.571992 -127.13 0.0119202 0.999717 -0.0205803 -11.856 0.572273 0.0100572 0.820001 130.012 
0.828252 -0.020907 -0.559965 -127.615 0.0127547 0.999748 -0.0184613 -11.8846 0.56021 0.00814846 0.82831 130.713 
0.83548 -0.0211017 -0.549115 -128.085 0.0142379 0.999758 -0.0167563 -11.9152 0.549336 0.00618135 0.835579 131.424 
0.842073 -0.0209734 -0.538956 -128.546 0.0144431 0.999762 -0.0163396 -11.9449 0.539171 0.00597498 0.842175 132.135 
0.848838 -0.0199725 -0.528276 -129.005 0.0134618 0.999779 -0.016168 -11.9726 0.528482 0.00661248 0.848919 132.853 
0.85525 -0.018652 -0.51788 -129.443 0.0124084 0.999803 -0.0155172 -11.9877 0.518067 0.00684513 0.855313 133.584 
0.861417 -0.017879 -0.507583 -129.88 0.0118826 0.999816 -0.0150515 -12.0125 0.507759 0.00693427 0.861472 134.326 
0.867257 -0.0183675 -0.497523 -130.308 0.0126236 0.999809 -0.014906 -12.0405 0.497702 0.0066468 0.867323 135.064 
0.872204 -0.0197914 -0.488741 -130.724 0.0138032 0.999779 -0.0158526 -12.0606 0.488947 0.00708062 0.872285 135.807 
0.876409 -0.0201399 -0.481146 -131.143 0.0140974 0.99977 -0.0161702 -12.0885 0.481361 0.00738885 0.876491 136.578 
0.87971 -0.019281 -0.475119 -131.559 0.013621 0.999789 -0.015353 -12.1138 0.475315 0.00703463 0.879788 137.355 
0.882593 -0.0172554 -0.469821 -131.967 0.0132651 0.999842 -0.0118025 -12.1406 0.46995 0.00418458 0.882683 138.144 
0.885831 -0.0131161 -0.463823 -132.397 0.0108854 0.999913 -0.00748649 -12.1624 0.463881 0.00158292 0.885896 138.927 
0.889184 -0.0103882 -0.457431 -132.841 0.00930865 0.999946 -0.00461389 -12.1827 0.457454 -0.000155416 0.889233 139.762 
0.892568 -0.00747384 -0.450852 -133.278 0.00714278 0.999972 -0.00243592 -12.1947 0.450857 -0.00104606 0.892596 140.592 
0.895831 -0.00603082 -0.444355 -133.703 0.0066021 0.999978 -0.000261854 -12.2034 0.444346 -0.00269905 0.895851 141.425 
0.899031 -0.00455701 -0.437861 -134.129 0.00638 0.999976 0.00269238 -12.212 0.437838 -0.00521403 0.899039 142.284 
0.902492 -0.00462039 -0.430682 -134.565 0.00739153 0.999961 0.00476118 -12.2241 0.430643 -0.00748028 0.902491 143.165 
0.906082 -0.00456333 -0.423077 -135.006 0.00785276 0.999951 0.00603225 -12.2411 0.423029 -0.00878799 0.906074 144.072 
0.909818 -0.00535984 -0.414972 -135.437 0.00865618 0.999944 0.00606302 -12.2429 0.414916 -0.00910827 0.909814 144.976 
0.913804 -0.00772036 -0.406082 -135.872 0.0109905 0.999923 0.00572142 -12.2512 0.406006 -0.00969125 0.913819 145.916 
0.917908 -0.00947926 -0.39668 -136.295 0.0123388 0.999913 0.00465715 -12.2558 0.396601 -0.00916933 0.917945 146.853 
0.922438 -0.0107399 -0.385995 -136.696 0.0127071 0.999916 0.00254521 -12.262 0.385935 -0.00725262 0.922497 147.791 
0.92784 -0.00889733 -0.372874 -137.105 0.0103676 0.999944 0.00193791 -12.2691 0.372836 -0.00566382 0.92788 148.759 
0.933921 -0.00594195 -0.357431 -137.466 0.00748624 0.999968 0.00293696 -12.2601 0.357401 -0.00541865 0.933935 149.76 
0.940634 -0.00227352 -0.339414 -137.844 0.00456307 0.999972 0.00594758 -12.2615 0.339391 -0.00714322 0.940618 150.78 
0.947385 0.000797719 -0.320095 -138.187 0.00175363 0.999969 0.00768217 -12.27 0.320091 -0.00783925 0.947354 151.812 
0.954067 0.00208662 -0.299586 -138.519 0.000524689 0.999963 0.00863556 -12.2768 0.299593 -0.00839605 0.95403 152.841 
0.960466 0.00358119 -0.278375 -138.851 -0.000731679 0.999946 0.0103393 -12.2806 0.278398 -0.00972683 0.960417 153.899 
0.966399 0.00433045 -0.257009 -139.166 -0.000991978 0.999914 0.0131178 -12.2806 0.257044 -0.012422 0.96632 154.991 
0.971897 0.00680585 -0.235308 -139.447 -0.00293065 0.999854 0.0168143 -12.2778 0.235388 -0.0156521 0.971775 156.07 
0.976919 0.00878314 -0.213429 -139.702 -0.00436651 0.999767 0.0211561 -12.2702 0.213565 -0.0197358 0.97673 157.157 
0.981465 0.0107902 -0.191337 -139.935 -0.00618165 0.999677 0.0246662 -12.2684 0.191541 -0.0230262 0.981214 158.336 
0.98542 0.0125108 -0.169679 -140.144 -0.00843448 0.999659 0.0247228 -12.2505 0.16993 -0.0229312 0.985189 159.523 
0.988871 0.0111654 -0.148356 -140.324 -0.00788705 0.999712 0.0226673 -12.2309 0.148567 -0.0212449 0.988674 160.664 
0.991729 0.0112254 -0.127858 -140.478 -0.0084703 0.999721 0.0220712 -12.2275 0.128069 -0.0208057 0.991547 161.849 
0.994125 0.00982061 -0.107789 -140.627 -0.00727056 0.999685 0.0240249 -12.2127 0.107991 -0.0231 0.993883 163.044 
0.996059 0.0103024 -0.0880889 -140.755 -0.00804923 0.999632 0.0258955 -12.2009 0.0883233 -0.0250844 0.995776 164.296 
0.997624 0.0108918 -0.0680283 -140.847 -0.00906546 0.999592 0.0270981 -12.1933 0.0682956 -0.0264169 0.997315 165.565 
0.998769 0.0125079 -0.0479937 -140.923 -0.0111748 0.999547 0.0279445 -12.1805 0.0483214 -0.0273738 0.998457 166.796 
0.999533 0.0129577 -0.027694 -140.965 -0.0121596 0.999511 0.0287929 -12.1665 0.0280535 -0.0284426 0.999202 168.063 
0.999857 0.0151709 -0.00742063 -140.986 -0.0149526 0.999479 0.0286222 -12.1642 0.00785094 -0.0285071 0.999563 169.381 
0.999795 0.016204 0.0121486 -140.987 -0.0165357 0.999479 0.0277214 -12.1464 -0.0116931 -0.0279166 0.999542 170.646 
0.999369 0.0160599 0.0316814 -140.98 -0.0168701 0.999533 0.0254757 -12.1217 -0.0312575 -0.025994 0.999173 171.953 
0.998559 0.0179828 0.0505578 -140.944 -0.0191708 0.999549 0.0231135 -12.1051 -0.0501194 -0.0240494 0.998454 173.254 
0.997438 0.0181224 0.0691986 -140.843 -0.019662 0.999573 0.0216331 -12.0996 -0.068777 -0.0229382 0.997368 174.593 
0.995953 0.0185203 0.0879495 -140.741 -0.0202572 0.999616 0.0188977 -12.0953 -0.0875658 -0.0206028 0.995946 175.958 
0.994104 0.0194268 0.106679 -140.625 -0.0210202 0.999683 0.0138332 -12.1014 -0.106376 -0.015994 0.994197 177.411 
0.992033 0.0209474 0.124224 -140.437 -0.022016 0.999731 0.00723541 -12.1109 -0.124039 -0.00991265 0.992228 178.796 
0.98965 0.0230326 0.141643 -140.259 -0.0236153 0.999718 0.00243403 -12.1233 -0.141547 -0.00575374 0.989915 180.213 
0.98696 0.0253582 0.158955 -140.02 -0.0254505 0.999675 -0.00145539 -12.1513 -0.158941 -0.00260904 0.987285 181.689 
0.983977 0.0275192 0.176158 -139.729 -0.0272418 0.999621 -0.0039929 -12.1896 -0.176201 -0.000869906 0.984354 183.156 
0.980731 0.0268427 0.19351 -139.47 -0.0266503 0.999638 -0.0035976 -12.2146 -0.193536 -0.00162877 0.981092 184.594 
0.977222 0.0259713 0.210626 -139.209 -0.0256899 0.999662 -0.00407197 -12.2388 -0.210661 -0.00143171 0.977558 185.977 
0.973515 0.0258345 0.22716 -138.897 -0.0244401 0.999661 -0.00894933 -12.2681 -0.227314 0.00316054 0.973816 187.379 
0.969567 0.0269117 0.243342 -138.527 -0.0244591 0.999615 -0.013095 -12.3103 -0.243601 0.00674457 0.969852 188.878 
0.965256 0.0289496 0.259697 -138.107 -0.0265004 0.999565 -0.0129278 -12.3672 -0.259959 0.00559661 0.965604 190.399 
0.960314 0.0311159 0.277182 -137.683 -0.0285372 0.999504 -0.0133331 -12.4195 -0.277459 0.00489401 0.960725 191.961 
0.95511 0.0349741 0.29418 -137.169 -0.0316368 0.99937 -0.0160969 -12.4835 -0.294558 0.00606746 0.955614 193.486 
0.949562 0.0351565 0.311601 -136.722 -0.0305291 0.999339 -0.0197173 -12.5499 -0.312089 0.00920988 0.950008 194.984 
0.943591 0.0362879 0.32912 -136.277 -0.0307425 0.999284 -0.0220392 -12.5932 -0.329685 0.010678 0.944031 196.439 
0.937471 0.0363931 0.346157 -135.724 -0.0288279 0.99922 -0.0269803 -12.6677 -0.346869 0.0153143 0.937789 197.92 
0.9301 0.0393057 0.365197 -135.164 -0.0292432 0.999026 -0.0330459 -12.7331 -0.36614 0.0200565 0.930344 199.463 
0.921288 0.0430552 0.386491 -134.544 -0.0314776 0.998847 -0.0362379 -12.8289 -0.387606 0.0212198 0.921581 200.972 
0.910835 0.0460103 0.410197 -133.902 -0.0336498 0.998737 -0.0373056 -12.9245 -0.411396 0.0201762 0.911234 202.472 
0.898728 0.0510516 0.435525 -133.256 -0.0374483 0.998507 -0.0397669 -13.021 -0.436905 0.0194299 0.899298 203.947 
0.885907 0.0550102 0.460589 -132.534 -0.0396587 0.99829 -0.0429496 -13.1195 -0.462164 0.019783 0.886574 205.429 
0.872127 0.0590743 0.4857 -131.804 -0.0417405 0.998049 -0.04644 -13.1913 -0.487495 0.0202283 0.872891 206.899 
0.858067 0.0604212 0.50997 -131.026 -0.0414133 0.997962 -0.048557 -13.2952 -0.511865 0.0205456 0.85882 208.338 
0.843319 0.0622437 0.533796 -130.203 -0.0415444 0.997848 -0.0507207 -13.4117 -0.535804 0.0205975 0.844091 209.77 
0.827799 0.0641267 0.557349 -129.334 -0.0399179 0.99766 -0.0554997 -13.5366 -0.559604 0.0236944 0.828422 211.23 
0.812277 0.0664725 0.579471 -128.44 -0.0382243 0.997416 -0.0608347 -13.6499 -0.582018 0.0272648 0.812719 212.611 
0.796717 0.0684729 0.600461 -127.474 -0.0375713 0.997251 -0.0638692 -13.7973 -0.603183 0.0283257 0.7971 214.021 
0.781367 0.0699344 0.620141 -126.506 -0.0359479 0.997095 -0.0671505 -13.9244 -0.623035 0.0301765 0.781611 215.337 
0.76655 0.0701732 0.638339 -125.522 -0.0340744 0.997056 -0.068689 -14.0581 -0.64128 0.0309026 0.766685 216.578 
0.752188 0.0708331 0.65513 -124.474 -0.0328989 0.997003 -0.0700237 -14.2147 -0.658126 0.031118 0.752264 217.822 
0.738261 0.0709857 0.670769 -123.409 -0.0302356 0.99693 -0.0722244 -14.3675 -0.673837 0.0330394 0.738141 219.008 
0.723962 0.0725821 0.686011 -122.309 -0.0282184 0.996733 -0.0756779 -14.5069 -0.689263 0.0354298 0.723645 220.241 
0.709892 0.0744833 0.700361 -121.213 -0.0257653 0.996473 -0.0798588 -14.6558 -0.703839 0.0386461 0.709307 221.388 
0.695888 0.0762643 0.714089 -120.089 -0.0245957 0.996293 -0.0824346 -14.8068 -0.717729 0.0398018 0.695184 222.504 
0.681349 0.0770113 0.727896 -118.966 -0.0235924 0.996244 -0.0833186 -14.9543 -0.731578 0.0395962 0.680607 223.603 
0.665896 0.0781383 0.741942 -117.813 -0.0241079 0.996234 -0.0832823 -15.1065 -0.745655 0.0375707 0.665272 224.669 
0.649614 0.0793212 0.756115 -116.621 -0.0261917 0.996287 -0.0820142 -15.26 -0.759813 0.0334737 0.649279 225.735 
0.633036 0.0802133 0.769955 -115.412 -0.0284835 0.996357 -0.0803813 -15.4184 -0.773598 0.0289532 0.633015 226.754 
0.616104 0.0819882 0.783387 -114.187 -0.0310842 0.996324 -0.0798273 -15.5773 -0.787052 0.024831 0.616387 227.765 
0.598764 0.0852203 0.796379 -112.979 -0.0320822 0.996077 -0.0824687 -15.7248 -0.800283 0.0238298 0.599149 228.731 
0.581477 0.0888098 0.808701 -111.752 -0.0342332 0.995815 -0.0847436 -15.8805 -0.812842 0.021592 0.582084 229.664 
0.563169 0.0887104 0.821566 -110.54 -0.0340776 0.995868 -0.0841714 -16.0386 -0.825639 0.0194057 0.563865 230.536 
0.543219 0.0879081 0.834976 -109.293 -0.0349833 0.99601 -0.0821025 -16.1909 -0.838862 0.0153895 0.544127 231.398 
0.522807 0.0859407 0.848108 -108.035 -0.0349674 0.99623 -0.0793949 -16.3485 -0.851734 0.0118521 0.523841 232.221 
0.501833 0.0849505 0.860783 -106.765 -0.0358728 0.996353 -0.0774161 -16.4968 -0.864221 0.00797121 0.50305 233.022 
0.481097 0.0840167 0.872632 -105.481 -0.0352288 0.996446 -0.0765152 -16.6384 -0.875959 0.00606954 0.482347 233.788 
0.460598 0.083683 0.883655 -104.209 -0.0344905 0.996481 -0.0763898 -16.7788 -0.886939 0.0047073 0.461863 234.489 
0.440282 0.0830127 0.894014 -102.926 -0.0328509 0.996539 -0.0763542 -16.9241 -0.897259 0.00424824 0.441485 235.168 
0.420409 0.0828612 0.903543 -101.641 -0.029899 0.996546 -0.0774785 -17.0655 -0.906842 0.00555767 0.421434 235.788 
0.400493 0.081843 0.912638 -100.365 -0.0259877 0.996617 -0.0779698 -17.2067 -0.915931 0.00750901 0.401265 236.377 
0.379974 0.0798909 0.921541 -99.0583 -0.0243146 0.996782 -0.0763881 -17.3509 -0.924678 0.00661859 0.380694 236.961 
0.360038 0.0797064 0.929527 -97.7461 -0.0237098 0.996804 -0.0762917 -17.4944 -0.932636 0.00542909 0.360777 237.497 
0.340672 0.0843559 0.93639 -96.4231 -0.0239632 0.996422 -0.0810457 -17.6337 -0.939877 0.00517115 0.341475 238.007 
0.321193 0.0935721 0.94238 -95.096 -0.0252937 0.995599 -0.0902355 -17.7871 -0.946676 0.00514672 0.322146 238.524 
0.302312 0.101434 0.947797 -93.8062 -0.0273348 0.994836 -0.0977495 -17.9314 -0.952817 0.00364301 0.303524 238.97 
0.282915 0.105655 0.953308 -92.5146 -0.0300109 0.994403 -0.101303 -18.0867 -0.958675 5.06535e-05 0.284503 239.398 
0.263249 0.106954 0.958781 -91.2329 -0.0325215 0.994255 -0.101982 -18.248 -0.96418 -0.00433426 0.265215 239.797 
0.243668 0.107254 0.96391 -89.963 -0.036506 0.994176 -0.101394 -18.4076 -0.969172 -0.0104821 0.246164 240.152 
0.22441 0.107686 0.968527 -88.6708 -0.0380944 0.994085 -0.101701 -18.5603 -0.97375 -0.0140727 0.227185 240.496 
0.205526 0.106291 0.972862 -87.4165 -0.0386102 0.994191 -0.100464 -18.7122 -0.97789 -0.0169144 0.208436 240.801 
0.186946 0.106354 0.976596 -86.1676 -0.0384062 0.994154 -0.100914 -18.8595 -0.981619 -0.0186418 0.189938 241.08 
0.168722 0.106978 0.979841 -84.942 -0.0379264 0.994061 -0.102 -19.0095 -0.984934 -0.0199522 0.171777 241.327 
0.149911 0.110504 0.982505 -83.7004 -0.0414557 0.993563 -0.105422 -19.1635 -0.98783 -0.0249264 0.153527 241.557 
0.13163 0.112418 0.984904 -82.4576 -0.0416944 0.993298 -0.107803 -19.313 -0.990422 -0.0268749 0.135435 241.76 
0.115164 0.109496 0.987293 -81.2294 -0.0420188 0.993554 -0.105289 -19.4671 -0.992457 -0.0293594 0.119022 241.929 
0.0999037 0.105002 0.989441 -80.0134 -0.0395356 0.99405 -0.101499 -19.6165 -0.994211 -0.028978 0.103461 242.079 
0.0862111 0.100799 0.991165 -78.8012 -0.0390608 0.994446 -0.0977346 -19.763 -0.995511 -0.0302899 0.0896695 242.2 
0.0736544 0.0971523 0.99254 -77.6057 -0.0367116 0.994833 -0.0946524 -19.908 -0.996608 -0.0294661 0.0768405 242.314 
0.063078 0.097228 0.993261 -76.4375 -0.0364882 0.994802 -0.0950616 -20.0445 -0.997341 -0.030246 0.0662978 242.416 
0.0546746 0.0995377 0.993531 -75.2714 -0.0367628 0.994545 -0.0976163 -20.1807 -0.997827 -0.0311878 0.0580356 242.502 
0.0479447 0.101216 0.993709 -74.1299 -0.0381148 0.994313 -0.0994387 -20.3165 -0.998123 -0.0331074 0.0515299 242.58 
0.0419836 0.105287 0.993555 -72.9983 -0.0386765 0.993858 -0.103684 -20.4558 -0.998369 -0.0340742 0.0457978 242.653 
0.0362062 0.114016 0.992819 -71.8873 -0.0382078 0.992902 -0.112632 -20.5922 -0.998614 -0.0338555 0.0403056 242.726 
0.0312208 0.116695 0.992677 -70.7913 -0.0401108 0.992507 -0.115414 -20.7295 -0.998707 -0.0362138 0.0356676 242.791 
0.0273866 0.108278 0.993743 -69.691 -0.0389807 0.993476 -0.107175 -20.8672 -0.998865 -0.0358016 0.0314287 242.848 
0.0247699 0.0984643 0.994832 -68.5948 -0.0376695 0.994523 -0.0974957 -20.9995 -0.998983 -0.0350599 0.0283433 242.904 
0.0233432 0.0948481 0.995218 -67.5101 -0.0372622 0.99488 -0.0939418 -21.1227 -0.999033 -0.0348912 0.0267579 242.955 
0.0231839 0.0969195 0.995022 -66.4375 -0.0380292 0.994655 -0.0959976 -21.2423 -0.999008 -0.0356143 0.0267458 243.01 
0.0235219 0.0999748 0.994712 -65.3742 -0.0376722 0.994369 -0.0990494 -21.3629 -0.999013 -0.0351432 0.0271557 243.06 
0.024645 0.102414 0.994437 -64.3208 -0.0402476 0.994034 -0.101375 -21.4874 -0.998886 -0.0375253 0.0286199 243.126 
0.0265 0.10323 0.994305 -63.2791 -0.0424051 0.993875 -0.102055 -21.6077 -0.998749 -0.0394591 0.0307152 243.181 
0.0295547 0.104864 0.994047 -62.2572 -0.0431933 0.993687 -0.103542 -21.7268 -0.99863 -0.0398761 0.0338975 243.236 
0.0328703 0.105884 0.993835 -61.2328 -0.0456259 0.993495 -0.104339 -21.8475 -0.998418 -0.0419149 0.0374875 243.304 
0.0373796 0.107045 0.993551 -60.2127 -0.046813 0.993342 -0.105262 -21.9657 -0.998204 -0.0425764 0.0421419 243.374 
0.0437 0.106124 0.993392 -59.1923 -0.0477541 0.993427 -0.104027 -22.0843 -0.997903 -0.0428926 0.0484806 243.442 
0.0500099 0.104723 0.993243 -58.1926 -0.0463674 0.993659 -0.102432 -22.202 -0.997672 -0.0409315 0.0545485 243.521 
0.0573269 0.103894 0.992935 -57.199 -0.0445335 0.993847 -0.101418 -22.3182 -0.997362 -0.0384048 0.0616009 243.597 
0.0645096 0.104619 0.992418 -56.2078 -0.0429973 0.993857 -0.101976 -22.4344 -0.99699 -0.0360929 0.0686117 243.686 
0.0713833 0.104657 0.991943 -55.218 -0.043684 0.993854 -0.101715 -22.5455 -0.996492 -0.0360713 0.0755164 243.779 
0.0777948 0.10367 0.991565 -54.2261 -0.0448641 0.993935 -0.100398 -22.6581 -0.995959 -0.0366752 0.081974 243.887 
0.0841708 0.101579 0.99126 -53.2484 -0.0456254 0.99414 -0.0980002 -22.7686 -0.995406 -0.0369779 0.0883121 244.004 
0.0906078 0.100108 0.990842 -52.266 -0.0454702 0.994313 -0.0963006 -22.8786 -0.994848 -0.0363282 0.0946444 244.12 
0.0971542 0.100968 0.990135 -51.2873 -0.0460358 0.994232 -0.0968683 -22.9851 -0.994204 -0.0361704 0.101242 244.245 
0.103775 0.102953 0.989258 -50.3164 -0.0452263 0.994088 -0.0987115 -23.0941 -0.993572 -0.0344967 0.107817 244.373 
0.110134 0.10459 0.988398 -49.3441 -0.0453807 0.99394 -0.10012 -23.1994 -0.99288 -0.0338277 0.114213 244.508 
0.116163 0.106529 0.987501 -48.3833 -0.04744 0.993692 -0.101616 -23.3098 -0.992097 -0.035043 0.120484 244.652 
0.122364 0.10729 0.986669 -47.4243 -0.0499377 0.993546 -0.101844 -23.4195 -0.991228 -0.03681 0.126932 244.798 
0.128938 0.106929 0.985871 -46.4656 -0.0506799 0.993581 -0.101137 -23.5299 -0.990357 -0.0369235 0.133529 244.954 
0.134989 0.104714 0.985298 -45.5056 -0.0515962 0.993794 -0.098548 -23.6387 -0.989503 -0.0375348 0.139554 245.115 
0.140887 0.103248 0.984627 -44.5411 -0.0520845 0.993943 -0.0967719 -23.7467 -0.988655 -0.03765 0.145411 245.29 
0.14732 0.102512 0.983762 -43.5932 -0.0520182 0.994041 -0.0957929 -23.8549 -0.98772 -0.0370613 0.151775 245.455 
0.15427 0.103537 0.982589 -42.6502 -0.0519716 0.993968 -0.0965758 -23.961 -0.986661 -0.036168 0.15872 245.628 
0.161455 0.103756 0.981411 -41.7115 -0.0499647 0.994042 -0.0968711 -24.0658 -0.985614 -0.0333955 0.165678 245.802 
0.170369 0.105355 0.979732 -40.7784 -0.0485128 0.993959 -0.0984491 -24.1714 -0.984186 -0.0307569 0.17445 245.982 
