1 2.12261e-08 -2.11895e-08 0 2.12261e-08 1 2.10703e-08 0 -2.11895e-08 2.10703e-08 1 0 
0.999933 -0.00273984 0.0112613 0.0139247 0.00272695 0.999996 0.00116312 -0.00621712 -0.0112645 -0.00113229 0.999936 0.290028 
0.999828 -0.00502887 0.0178616 0.0224206 0.00500867 0.999987 0.00117822 -0.00948079 -0.0178673 -0.00108851 0.99984 0.587033 
0.999778 -0.00776767 0.0196092 0.0328113 0.00776694 0.99997 0.000115312 -0.0152508 -0.0196095 3.70588e-05 0.999808 0.891588 
0.999813 -0.00936854 0.016903 0.043475 0.00939309 0.999955 -0.00137055 -0.0182202 -0.0168895 0.00152911 0.999856 1.19975 
0.999878 -0.0121588 0.00978472 0.0434203 0.0121872 0.999922 -0.00284391 -0.0218483 -0.00974942 0.00296285 0.999948 1.51702 
0.999902 -0.0136938 -0.00281911 0.0365626 0.0136801 0.999895 -0.00484067 -0.024054 0.00288505 0.00480167 0.999984 1.84743 
0.999722 -0.0130033 -0.0196766 0.0167293 0.0129048 0.999904 -0.00512541 -0.0292654 0.0197413 0.0048701 0.999793 2.18973 
0.999189 -0.00870851 -0.0393128 -0.0200271 0.00851159 0.99995 -0.00517464 -0.0345004 0.0393559 0.00483587 0.999214 2.54258 
0.998231 -0.00510931 -0.0592344 -0.0647599 0.00473216 0.999968 -0.00650633 -0.0389737 0.0592657 0.00621456 0.998223 2.90695 
0.996808 -0.00493166 -0.0796808 -0.110236 0.00438207 0.999965 -0.00707124 -0.0405025 0.0797129 0.00669955 0.996795 3.28576 
0.994871 -0.00654849 -0.100936 -0.162914 0.00591265 0.999961 -0.0065977 -0.0440704 0.100975 0.00596711 0.994871 3.67347 
0.992652 -0.00781428 -0.120749 -0.227986 0.00716491 0.999957 -0.00581142 -0.0484222 0.120789 0.00490361 0.992666 4.06434 
0.99033 -0.00661258 -0.138576 -0.30772 0.00594009 0.999969 -0.0052661 -0.0529609 0.138607 0.00439207 0.990338 4.4653 
0.988 -0.00542807 -0.154362 -0.391617 0.0047704 0.999978 -0.00463089 -0.0592322 0.154383 0.00383899 0.988004 4.87866 
0.98578 -0.00476716 -0.167972 -0.483019 0.00400498 0.99998 -0.00487623 -0.0652352 0.167992 0.00413422 0.98578 5.30223 
0.983632 -0.00613179 -0.180084 -0.577341 0.00515552 0.999969 -0.00588895 -0.0707176 0.180115 0.00486418 0.983634 5.742 
0.981752 -0.00989816 -0.189907 -0.67144 0.00850625 0.999931 -0.00814337 -0.0774931 0.189974 0.00637942 0.981768 6.19222 
0.980182 -0.00909014 -0.197892 -0.778942 0.0072441 0.999923 -0.0100507 -0.0842153 0.197968 0.00841798 0.980172 6.65326 
0.978652 -0.00888139 -0.205333 -0.894012 0.00659452 0.999908 -0.0118192 -0.0913417 0.205419 0.0102129 0.978621 7.12457 
0.976916 -0.00918602 -0.213425 -1.01246 0.00614481 0.99987 -0.0149087 -0.0972856 0.213534 0.0132532 0.976846 7.60716 
0.975107 -0.0132009 -0.221343 -1.13225 0.00978377 0.999816 -0.0165278 -0.109009 0.22152 0.0139509 0.975056 8.10885 
0.973276 -0.0194166 -0.228815 -1.2595 0.0157805 0.999719 -0.0177103 -0.121491 0.229094 0.0136263 0.973309 8.62378 
0.971135 -0.0200529 -0.237687 -1.39787 0.0156989 0.999673 -0.0201974 -0.135653 0.238014 0.0158831 0.971132 9.15087 
0.96907 -0.0160294 -0.246267 -1.5579 0.0102468 0.999641 -0.0247449 -0.147998 0.246575 0.0214561 0.968886 9.68136 
0.966845 -0.0127837 -0.255043 -1.72273 0.0058917 0.999597 -0.0277687 -0.166991 0.255295 0.0253454 0.966531 10.2184 
0.964652 -0.0148478 -0.263107 -1.8945 0.00731172 0.999535 -0.0295987 -0.188196 0.263424 0.0266287 0.964313 10.7773 
0.962273 -0.0174558 -0.271524 -2.06336 0.00911984 0.999448 -0.0319324 -0.209483 0.271932 0.0282515 0.961902 11.3387 
0.960054 -0.0170343 -0.279298 -2.25115 0.0077347 0.999379 -0.034365 -0.234516 0.27971 0.030832 0.959589 11.9145 
0.957748 -0.0159336 -0.287168 -2.45055 0.00528857 0.999271 -0.0378068 -0.262952 0.287561 0.0346907 0.957134 12.4964 
0.955421 -0.0169387 -0.294762 -2.64773 0.00445406 0.999066 -0.0429752 -0.292603 0.295215 0.0397465 0.954604 13.0901 
0.953635 -0.0182526 -0.300411 -2.85651 0.00317609 0.998714 -0.0505985 -0.326125 0.300949 0.0472984 0.952467 13.6961 
0.952332 -0.0188652 -0.304479 -3.07211 0.000991118 0.998272 -0.058752 -0.364519 0.305061 0.0556497 0.950705 14.3065 
0.951041 -0.0187855 -0.308494 -3.29479 -0.00220596 0.997713 -0.0675558 -0.406229 0.309057 0.0649289 0.948824 14.9347 
0.949698 -0.0181942 -0.312638 -3.52609 -0.00607653 0.997052 -0.0764831 -0.455771 0.313108 0.0745357 0.946788 15.5709 
0.948299 -0.0182826 -0.316851 -3.75966 -0.00864147 0.996482 -0.0833611 -0.512653 0.31726 0.0817894 0.944805 16.2203 
0.946722 -0.0161577 -0.321647 -4.0064 -0.0136068 0.995842 -0.090075 -0.57641 0.321765 0.0896526 0.942565 16.8677 
0.945079 -0.0155438 -0.326471 -4.26 -0.0166386 0.995285 -0.0955533 -0.648351 0.326417 0.0957375 0.940365 17.533 
0.943377 -0.0133629 -0.331454 -4.5219 -0.0213833 0.994661 -0.100962 -0.719708 0.331033 0.102333 0.938054 18.207 
0.941759 -0.0101809 -0.336134 -4.79748 -0.0264294 0.994209 -0.104161 -0.794185 0.335248 0.106979 0.936037 18.8789 
0.93997 -0.00950005 -0.341126 -5.07547 -0.0282506 0.994015 -0.105527 -0.874814 0.340087 0.108829 0.934076 19.5839 
0.937764 -0.00887915 -0.347161 -5.35456 -0.0293116 0.994082 -0.104603 -0.959433 0.346035 0.108268 0.931954 20.2807 
0.935476 -0.00817745 -0.353296 -5.64884 -0.0303098 0.994192 -0.103268 -1.04103 0.352088 0.107313 0.929795 20.9957 
0.932822 -0.00867901 -0.360234 -5.94599 -0.0298723 0.994406 -0.101312 -1.12537 0.359099 0.105267 0.927344 21.7256 
0.92955 -0.00769196 -0.368616 -6.25611 -0.0307188 0.99469 -0.0982209 -1.20758 0.367415 0.102625 0.924378 22.4634 
0.926196 -0.00606749 -0.376993 -6.57526 -0.0311084 0.995232 -0.0924451 -1.28906 0.375756 0.09735 0.921591 23.2009 
0.922691 -0.00254947 -0.385531 -6.91515 -0.0337718 0.9956 -0.08741 -1.36771 0.384057 0.0936726 0.918545 23.9485 
0.919044 0.000826038 -0.394154 -7.26417 -0.036681 0.995837 -0.0834416 -1.44538 0.392444 0.0911445 0.915249 24.7033 
0.915195 0.00162644 -0.403008 -7.62099 -0.0376506 0.995963 -0.0814817 -1.52276 0.401249 0.0897452 0.911562 25.4603 
0.911135 0.00185142 -0.412103 -7.9882 -0.0386863 0.995958 -0.0810587 -1.59456 0.410288 0.0897983 0.907524 26.2202 
0.907223 0.00167537 -0.420646 -8.36528 -0.0388619 0.996049 -0.0798479 -1.66614 0.41885 0.0887871 0.903704 26.985 
0.903327 0.00256433 -0.428945 -8.7569 -0.0399018 0.996149 -0.0780753 -1.73875 0.427092 0.0876433 0.899951 27.7562 
0.899531 0.00192907 -0.436852 -9.15541 -0.0389135 0.996369 -0.0757279 -1.81221 0.43512 0.0851191 0.89634 28.5287 
0.895733 0.00261245 -0.444585 -9.56406 -0.0385141 0.99668 -0.0717401 -1.87982 0.442921 0.0813828 0.892859 29.3007 
0.891991 0.00497976 -0.452025 -9.98827 -0.0390335 0.997053 -0.0660416 -1.94648 0.450364 0.0765527 0.889557 30.0956 
0.888129 0.00517444 -0.459565 -10.4251 -0.0378348 0.997366 -0.0618878 -2.01198 0.458034 0.072352 0.885985 30.8983 
0.884449 0.00393003 -0.46662 -10.8718 -0.0360461 0.997552 -0.0599216 -2.07615 0.465242 0.0698175 0.882426 31.7088 
0.88109 0.00326939 -0.472938 -11.3288 -0.0352149 0.997654 -0.0587091 -2.13745 0.471636 0.0683825 0.879138 32.5232 
0.877963 0.00346723 -0.478715 -11.8004 -0.0349177 0.997774 -0.0568123 -2.19378 0.477453 0.0665948 0.87613 33.3497 
0.874992 0.00210102 -0.484133 -12.2809 -0.0332004 0.997897 -0.0556737 -2.25255 0.482998 0.0647875 0.873221 34.1814 
0.872655 0.00182926 -0.488335 -12.8247 -0.0332373 0.997897 -0.0556571 -2.31578 0.487205 0.0648004 0.87088 35.04 
0.870589 0.00106094 -0.492009 -13.3302 -0.0329458 0.997879 -0.0561445 -2.37605 0.490906 0.0650885 0.868778 35.8969 
0.869235 0.00122574 -0.494397 -13.8387 -0.0335085 0.997844 -0.0564399 -2.43661 0.493262 0.0656261 0.867402 36.747 
0.868857 0.0012548 -0.495062 -14.3591 -0.0330435 0.997914 -0.0554637 -2.49822 0.493959 0.0645486 0.867086 37.6079 
0.868701 0.00168097 -0.495334 -14.8842 -0.0327082 0.998006 -0.0539758 -2.55856 0.494256 0.0630904 0.867024 38.4854 
0.868383 0.000216741 -0.495893 -15.4151 -0.0307646 0.998097 -0.0534372 -2.62112 0.494938 0.06166 0.866738 39.3767 
0.867724 -0.00196969 -0.497043 -15.9485 -0.0287456 0.99812 -0.0541387 -2.68602 0.496215 0.0612653 0.866036 40.2684 
0.86675 -0.00416172 -0.498725 -16.5028 -0.0267215 0.998141 -0.0547695 -2.74579 0.498026 0.0607982 0.865028 41.1799 
0.86515 -0.00461149 -0.501493 -17.0539 -0.0253529 0.998277 -0.0529173 -2.81119 0.500873 0.0584958 0.863542 42.0937 
0.863168 -0.00401152 -0.5049 -17.6201 -0.0240752 0.998504 -0.0490919 -2.87406 0.504342 0.0545303 0.861781 43.0135 
0.860401 -0.0043335 -0.509599 -18.1731 -0.0215825 0.998757 -0.0449329 -2.93979 0.50916 0.0496588 0.859238 43.9052 
0.856336 -0.00442468 -0.516401 -18.738 -0.0207619 0.99886 -0.0429876 -3.0031 0.516002 0.0475333 0.855267 44.808 
0.851077 -0.00834672 -0.524975 -19.3045 -0.0178502 0.998836 -0.0448192 -3.06816 0.524737 0.0475155 0.849937 45.6881 
0.845269 -0.0116015 -0.534215 -19.8787 -0.0166984 0.998702 -0.04811 -3.12709 0.53408 0.0495865 0.843979 46.5294 
0.839203 -0.0117811 -0.54369 -20.4789 -0.0167702 0.998729 -0.0475267 -3.18547 0.543559 0.0490024 0.837939 47.4106 
0.833565 -0.00874789 -0.552352 -21.0996 -0.017514 0.998954 -0.0422517 -3.24513 0.552144 0.0448935 0.832539 48.2955 
0.828437 -0.0041419 -0.560068 -21.7228 -0.0206417 0.999068 -0.0379211 -3.30401 0.559702 0.042976 0.827579 49.1722 
0.824419 -0.00409241 -0.565965 -22.3511 -0.0219772 0.998988 -0.0392369 -3.36111 0.565553 0.044786 0.823495 50.0414 
0.82117 -0.00624701 -0.57065 -22.9773 -0.0225853 0.998801 -0.0434346 -3.41804 0.570237 0.0485555 0.820044 50.8934 
0.81811 -0.00851669 -0.574999 -23.6083 -0.0251134 0.998407 -0.0505194 -3.47774 0.574513 0.0557707 0.816593 51.7409 
0.815035 -0.00985926 -0.579328 -24.2472 -0.0250635 0.998319 -0.0522508 -3.53951 0.578869 0.0571063 0.813418 52.6005 
0.811653 -0.00819114 -0.584082 -24.8973 -0.0245197 0.998543 -0.0480767 -3.60514 0.583625 0.0533431 0.810269 53.4675 
0.808445 -0.00565809 -0.588545 -25.5517 -0.0242453 0.998785 -0.0429062 -3.66569 0.588073 0.0489568 0.807325 54.3369 
0.805358 -0.00400928 -0.592775 -26.2084 -0.0244506 0.998902 -0.0399754 -3.72427 0.592284 0.0466883 0.804376 55.1921 
0.802227 -0.00376617 -0.597008 -26.8749 -0.0255564 0.998847 -0.0406425 -3.77508 0.596472 0.047862 0.801205 56.0457 
0.798887 -0.00456922 -0.601465 -27.5342 -0.0260176 0.998773 -0.0421451 -3.83762 0.600919 0.0493179 0.797787 56.8767 
0.794827 -0.00735708 -0.606791 -28.2004 -0.0249946 0.998681 -0.0448488 -3.89351 0.606321 0.0508136 0.793595 57.717 
0.790638 -0.00826269 -0.612229 -28.8771 -0.0246096 0.998672 -0.0452593 -3.95169 0.611789 0.0508504 0.789385 58.5585 
0.786075 -0.00827755 -0.618076 -29.5672 -0.0243576 0.998719 -0.0443536 -4.01224 0.617651 0.0499201 0.784866 59.4072 
0.781256 -0.00784995 -0.624161 -30.2649 -0.0247218 0.998747 -0.0435051 -4.07391 0.623721 0.049419 0.780083 60.237 
0.775873 -0.00920302 -0.630822 -30.9715 -0.0243833 0.998709 -0.0445601 -4.13416 0.630418 0.0499546 0.774647 61.0755 
0.770611 -0.0106941 -0.637217 -31.69 -0.0237381 0.998684 -0.0454679 -4.19081 0.636864 0.0501644 0.769342 61.9015 
0.7654 -0.0114352 -0.643453 -32.3956 -0.0240133 0.998638 -0.0463116 -4.255 0.643107 0.0508984 0.764083 62.6891 
0.75977 -0.0131344 -0.650059 -33.135 -0.0231724 0.998614 -0.0472602 -4.31776 0.649779 0.0509704 0.758412 63.5151 
0.753818 -0.014921 -0.656914 -33.8664 -0.0223672 0.99858 -0.0483482 -4.3803 0.656702 0.0511391 0.752414 64.3184 
0.74759 -0.0165451 -0.663954 -34.623 -0.0208612 0.998611 -0.0483735 -4.44248 0.663832 0.0500145 0.746207 65.1445 
0.741275 -0.0163357 -0.671003 -35.379 -0.0202828 0.998702 -0.0467205 -4.50727 0.670895 0.0482426 0.739982 65.9485 
0.734878 -0.0167087 -0.677993 -36.1586 -0.0197162 0.998748 -0.0459839 -4.57192 0.677913 0.04716 0.733628 66.7603 
0.728491 -0.0184012 -0.684809 -36.9381 -0.0187063 0.998732 -0.0467361 -4.63734 0.6848 0.046857 0.727223 67.5617 
0.722127 -0.0196705 -0.691481 -37.7362 -0.0192897 0.998634 -0.0485527 -4.70351 0.691491 0.0483998 0.720762 68.3591 
0.716307 -0.0186084 -0.697537 -38.5431 -0.0212621 0.998598 -0.0484742 -4.76647 0.697461 0.0495535 0.714907 69.1444 
0.711196 -0.0176707 -0.702772 -39.3664 -0.022109 0.998627 -0.0474839 -4.83203 0.702646 0.049308 0.709829 69.9266 
0.706303 -0.0172473 -0.707699 -40.1937 -0.0230759 0.998611 -0.0473674 -4.89794 0.707533 0.0497866 0.704924 70.7205 
0.701554 -0.0185875 -0.712374 -41.0503 -0.0229959 0.998549 -0.0487012 -4.9582 0.712245 0.0505483 0.700108 71.5185 
0.696397 -0.0199471 -0.71738 -41.9 -0.0240174 0.998406 -0.0510761 -5.03237 0.717255 0.0527989 0.694808 72.303 
0.691431 -0.0227992 -0.722082 -42.7543 -0.0231598 0.998289 -0.053697 -5.10097 0.722071 0.0538511 0.68972 73.0907 
0.686404 -0.0233858 -0.726845 -43.6168 -0.023666 0.998235 -0.0544669 -5.17111 0.726836 0.0545878 0.684639 73.8684 
0.681502 -0.0230801 -0.731452 -44.485 -0.0229563 0.998336 -0.05289 -5.24367 0.731456 0.0528361 0.679839 74.6476 
0.676679 -0.0229549 -0.735921 -45.3753 -0.0225713 0.998397 -0.0518965 -5.31612 0.735932 0.051728 0.675076 75.4184 
0.671642 -0.0240224 -0.740486 -46.2684 -0.0220108 0.998386 -0.0523535 -5.39115 0.740549 0.0514616 0.670029 76.1916 
0.666975 -0.0247736 -0.744668 -47.1597 -0.0214338 0.998396 -0.0524121 -5.46621 0.744772 0.0509187 0.665374 76.9558 
0.662649 -0.0252911 -0.748503 -48.0624 -0.0207954 0.998423 -0.0521457 -5.5369 0.748641 0.0501198 0.661078 77.7239 
0.658529 -0.026423 -0.752091 -48.9693 -0.0194804 0.99845 -0.0521353 -5.60799 0.752303 0.0489837 0.656994 78.4934 
0.654642 -0.0292125 -0.755374 -49.8866 -0.0168259 0.998442 -0.0531948 -5.68427 0.755751 0.0475335 0.653131 79.2612 
0.650391 -0.0339436 -0.75884 -50.8047 -0.0137422 0.998312 -0.0564336 -5.7577 0.759475 0.0471321 0.648827 80.0234 
0.645727 -0.0379848 -0.762623 -51.7207 -0.00977489 0.998269 -0.0579985 -5.83558 0.763506 0.0449058 0.644238 80.7727 
0.639082 -0.0414468 -0.768021 -52.6582 -0.0049877 0.998303 -0.0580245 -5.91643 0.769123 0.0409131 0.637791 81.5318 
0.630753 -0.0453337 -0.774658 -53.6074 0.000161622 0.9983 -0.0582899 -5.99755 0.775983 0.0366414 0.629688 82.2857 
0.621945 -0.0464408 -0.781683 -54.5731 0.00298561 0.998373 -0.0569392 -6.07782 0.783056 0.0330793 0.621072 83.029 
0.613379 -0.0449263 -0.78851 -55.5583 0.0032485 0.998516 -0.0543647 -6.15888 0.789782 0.0307847 0.612615 83.7668 
0.604411 -0.0446967 -0.795418 -56.5426 0.0027591 0.998536 -0.054014 -6.24002 0.796668 0.0304521 0.60365 84.4874 
0.594835 -0.0461789 -0.80252 -57.5421 0.00198357 0.99843 -0.0559818 -6.31547 0.803845 0.0317081 0.593993 85.2057 
0.584943 -0.0481991 -0.809641 -58.5551 0.00215683 0.998322 -0.0578733 -6.39683 0.811071 0.0321064 0.584065 85.9082 
0.575332 -0.0499303 -0.816395 -59.5855 0.00264189 0.998243 -0.0591903 -6.47904 0.817916 0.0318973 0.574453 86.5997 
0.565271 -0.050709 -0.823345 -60.6338 0.00554918 0.99832 -0.0576758 -6.56227 0.824886 0.0280336 0.564603 87.3011 
0.555192 -0.0506615 -0.830178 -61.6694 0.00671209 0.998384 -0.0564375 -6.64876 0.831695 0.0257615 0.554635 87.9687 
0.544754 -0.0514936 -0.837013 -62.7312 0.00712541 0.998361 -0.0567825 -6.73192 0.838565 0.0249685 0.544229 88.6422 
0.534619 -0.0527395 -0.843446 -63.795 0.00678562 0.998287 -0.0581204 -6.81402 0.845066 0.025349 0.534061 89.2931 
0.524833 -0.0528639 -0.849562 -64.8755 0.00472618 0.998235 -0.0591954 -6.90107 0.851192 0.0270526 0.524157 89.928 
0.515095 -0.0541742 -0.85542 -65.9649 0.00402101 0.998142 -0.0607917 -6.9865 0.857124 0.0278739 0.514356 90.5566 
0.505482 -0.0539437 -0.861149 -67.0764 0.00291771 0.998145 -0.0608127 -7.07391 0.862832 0.0282272 0.504702 91.181 
0.496821 -0.0519491 -0.866297 -68.1872 0.00212714 0.998277 -0.0586436 -7.16276 0.867851 0.0272927 0.496075 91.7905 
0.488997 -0.0504592 -0.870825 -69.2949 0.0028048 0.998411 -0.0562771 -7.2499 0.872281 0.0250769 0.488362 92.3866 
0.481441 -0.05098 -0.874995 -70.4094 0.00317092 0.998402 -0.0564254 -7.33473 0.876473 0.024391 0.480833 92.9741 
0.473847 -0.0541195 -0.878943 -71.5473 0.00521611 0.998265 -0.0586546 -7.42107 0.880592 0.0232087 0.473307 93.5669 
0.466684 -0.0578253 -0.882532 -72.6898 0.00806916 0.998097 -0.0611305 -7.50728 0.884388 0.0214073 0.466262 94.1586 
0.460513 -0.0608618 -0.885564 -73.846 0.00943312 0.997926 -0.0636786 -7.60012 0.887603 0.0209712 0.460132 94.7377 
0.455005 -0.0643534 -0.88816 -74.9831 0.0114428 0.997726 -0.06643 -7.69627 0.890415 0.020063 0.454707 95.302 
0.450067 -0.0656423 -0.890579 -76.1305 0.0142922 0.997696 -0.0663149 -7.7926 0.892881 0.0171179 0.449968 95.8717 
0.445713 -0.0630626 -0.892952 -77.2793 0.0162058 0.997921 -0.0623867 -7.89503 0.895029 0.0133356 0.445808 96.4318 
0.441705 -0.0613766 -0.895058 -78.4256 0.019441 0.998078 -0.058847 -7.98857 0.89695 0.00859219 0.442049 96.9832 
0.438207 -0.0607269 -0.896821 -79.5732 0.0212446 0.998136 -0.0572068 -8.08454 0.898623 0.00601588 0.43868 97.5283 
0.435186 -0.0607966 -0.898286 -80.7073 0.023071 0.998143 -0.056378 -8.1749 0.900045 0.00381056 0.435781 98.0604 
0.432728 -0.0600212 -0.899524 -81.8574 0.0250507 0.998197 -0.0545542 -8.2646 0.901177 0.00107348 0.433451 98.5935 
0.430051 -0.0593453 -0.900852 -82.9966 0.0271358 0.998236 -0.0528065 -8.35125 0.902397 -0.00173582 0.430902 99.1276 
0.427329 -0.0606411 -0.90206 -84.1259 0.0302369 0.998149 -0.0527767 -8.43654 0.90359 -0.00472242 0.428372 99.6539 
0.425383 -0.0615689 -0.902917 -85.2679 0.0335613 0.99807 -0.0522459 -8.5148 0.904391 -0.00807845 0.426628 100.165 
0.422825 -0.0607268 -0.904175 -86.385 0.0370845 0.998076 -0.0496914 -8.59839 0.905452 -0.0125201 0.424263 100.68 
0.420439 -0.0601038 -0.905328 -87.4945 0.0391427 0.998076 -0.0480831 -8.6802 0.906476 -0.0152209 0.421983 101.181 
0.418823 -0.0612148 -0.906002 -88.5924 0.0413587 0.997976 -0.0483099 -8.76079 0.907125 -0.0172377 0.420507 101.67 
0.417858 -0.0622479 -0.906377 -89.6704 0.0423151 0.997901 -0.0490254 -8.83874 0.907526 -0.0178677 0.419615 102.141 
0.41697 -0.0635726 -0.906695 -90.7414 0.0426955 0.99782 -0.0503271 -8.92004 0.907917 -0.0177269 0.418775 102.623 
0.417493 -0.0640781 -0.906418 -91.7994 0.041763 0.99781 -0.051303 -9.00229 0.90772 -0.016436 0.419254 103.085 
0.419682 -0.0639479 -0.905416 -92.8434 0.0397919 0.997852 -0.0520321 -9.08165 0.906798 -0.0141913 0.421326 103.55 
0.423736 -0.0644483 -0.90349 -93.877 0.0383883 0.997847 -0.053175 -9.15945 0.904972 -0.0121512 0.425297 104.018 
0.428409 -0.0649885 -0.901245 -94.8901 0.0372077 0.997833 -0.0542667 -9.23979 0.902818 -0.0102849 0.429899 104.489 
0.434578 -0.0650348 -0.898283 -95.9137 0.036668 0.99784 -0.0545031 -9.3185 0.899888 -0.00925238 0.436024 104.955 
0.440871 -0.0642385 -0.895269 -96.9152 0.0361847 0.997897 -0.0537835 -9.39455 0.896841 -0.00868338 0.442268 105.441 
0.448664 -0.0634172 -0.891448 -97.9117 0.0355218 0.997956 -0.0531161 -9.46945 0.892994 -0.00783448 0.45 105.925 
0.45745 -0.0630214 -0.886999 -98.9018 0.0349602 0.997989 -0.0528773 -9.5436 0.888548 -0.00682087 0.458734 106.418 
0.466739 -0.0625844 -0.882178 -99.8851 0.034496 0.998022 -0.0525518 -9.61948 0.883722 -0.00590365 0.467975 106.919 
0.476218 -0.0639127 -0.877001 -100.864 0.0343309 0.997946 -0.0540847 -9.69451 0.878657 -0.00435207 0.477435 107.432 
0.486465 -0.0650627 -0.871274 -101.828 0.0323444 0.997881 -0.056458 -9.77468 0.873101 -0.000715972 0.487538 107.952 
0.497782 -0.0664393 -0.864754 -102.786 0.0311104 0.997788 -0.0587521 -9.84921 0.866744 0.00234302 0.498748 108.479 
0.510042 -0.0642469 -0.857747 -103.723 0.0281161 0.997919 -0.0580274 -9.92402 0.85969 0.00548002 0.510787 109.005 
0.522864 -0.0611774 -0.850218 -104.652 0.026248 0.998104 -0.0556766 -10.0085 0.852012 0.00679484 0.523479 109.547 
0.535371 -0.0584389 -0.842593 -105.588 0.0251687 0.998264 -0.0532439 -10.0884 0.844242 0.00729829 0.535913 110.112 
0.547002 -0.0577844 -0.835134 -106.486 0.0248058 0.998296 -0.0528263 -10.1606 0.836763 0.00817993 0.547503 110.679 
0.558274 -0.0585351 -0.827589 -107.379 0.0255123 0.998248 -0.0533957 -10.2366 0.829265 0.00869581 0.558789 111.266 
0.569262 -0.0593945 -0.820008 -108.266 0.0255751 0.998184 -0.0545455 -10.312 0.821759 0.0100789 0.569747 111.863 
0.580071 -0.0611102 -0.812271 -109.126 0.0278651 0.998087 -0.0551904 -10.3872 0.81409 0.00938036 0.580664 112.459 
0.590742 -0.0609583 -0.804555 -109.967 0.0283493 0.998094 -0.0548068 -10.4626 0.806362 0.00956813 0.591344 113.057 
0.601106 -0.0585786 -0.79702 -110.801 0.0275411 0.998236 -0.0525962 -10.5375 0.798695 0.00966517 0.601659 113.669 
0.610457 -0.0556226 -0.790094 -111.619 0.0276862 0.99842 -0.0488973 -10.6092 0.791566 0.00797507 0.611032 114.298 
0.620059 -0.0539272 -0.782699 -112.422 0.0265732 0.998506 -0.0477445 -10.6781 0.784105 0.00880564 0.620566 114.924 
0.629942 -0.0534024 -0.774804 -113.206 0.0249724 0.99851 -0.0485177 -10.7448 0.776241 0.0112147 0.630337 115.541 
0.639278 -0.0531145 -0.76714 -113.977 0.0232585 0.998491 -0.0497507 -10.809 0.768624 0.013962 0.639548 116.164 
0.648043 -0.052612 -0.759784 -114.728 0.023309 0.998514 -0.0492621 -10.8764 0.761247 0.0142143 0.648307 116.799 
0.656862 -0.0504138 -0.752323 -115.478 0.0230268 0.998638 -0.0468147 -10.9456 0.753659 0.0134273 0.657129 117.44 
0.664961 -0.0488649 -0.745278 -116.205 0.0233211 0.998729 -0.0446748 -11.0051 0.746514 0.0123264 0.665256 118.09 
0.672809 -0.0481814 -0.738246 -116.923 0.0236109 0.998767 -0.0436663 -11.0692 0.739439 0.0119485 0.673117 118.742 
0.680026 -0.0475274 -0.731646 -117.627 0.022743 0.998784 -0.0437422 -11.1263 0.732836 0.013106 0.68028 119.394 
0.687243 -0.046958 -0.724908 -118.314 0.0224603 0.998805 -0.0434071 -11.181 0.72608 0.0135496 0.687477 120.03 
0.693935 -0.0446277 -0.718653 -118.998 0.0220758 0.998927 -0.040716 -11.2353 0.719699 0.0123895 0.694176 120.689 
0.700607 -0.0422515 -0.712296 -119.681 0.0212745 0.999038 -0.038335 -11.2825 0.71323 0.0117041 0.700832 121.383 
0.707478 -0.0406113 -0.705568 -120.336 0.020255 0.999103 -0.0371969 -11.3353 0.706445 0.0120247 0.707666 122.046 
0.714717 -0.0399088 -0.698274 -120.975 0.0197316 0.999124 -0.0369071 -11.3855 0.699135 0.0126001 0.714878 122.696 
0.722304 -0.0372879 -0.69057 -121.6 0.0174736 0.999211 -0.0356767 -11.4339 0.691355 0.0137027 0.722385 123.336 
0.731257 -0.0346824 -0.68122 -122.214 0.0170057 0.999323 -0.0326229 -11.4828 0.68189 0.0122711 0.731352 123.981 
0.740869 -0.0308273 -0.670942 -122.815 0.015236 0.99946 -0.0290977 -11.5292 0.671477 0.0113351 0.740939 124.626 
0.751245 -0.0284253 -0.659411 -123.421 0.0132077 0.99952 -0.0280393 -11.5786 0.659891 0.0123551 0.75126 125.28 
0.761383 -0.0274097 -0.647723 -123.997 0.0115288 0.99952 -0.028745 -11.6204 0.6482 0.0144186 0.761333 125.938 
0.771241 -0.0284281 -0.635908 -124.543 0.0116917 0.999466 -0.0305009 -11.6595 0.636435 0.0160888 0.771162 126.591 
0.78104 -0.0275166 -0.623875 -125.061 0.0112469 0.999487 -0.0300031 -11.6953 0.62438 0.016417 0.780948 127.238 
0.791191 -0.0258761 -0.611021 -125.575 0.0108093 0.99954 -0.0283328 -11.7356 0.611473 0.015812 0.791107 127.901 
0.801226 -0.0239143 -0.597884 -126.086 0.0108106 0.999617 -0.0254956 -11.7698 0.598264 0.0139643 0.801177 128.587 
0.810744 -0.0227592 -0.584959 -126.585 0.011314 0.999667 -0.0232134 -11.8029 0.585292 0.012202 0.810731 129.287 
0.820042 -0.0211841 -0.571911 -127.086 0.0116404 0.999725 -0.0203401 -11.8309 0.572184 0.0100226 0.820064 129.987 
0.828318 -0.0205392 -0.559882 -127.571 0.0124714 0.999756 -0.0182252 -11.8593 0.56012 0.00811377 0.828372 130.688 
0.835545 -0.0207341 -0.549031 -128.041 0.0139516 0.999766 -0.0165239 -11.8897 0.549245 0.00614668 0.835639 131.4 
0.842136 -0.0206058 -0.538871 -128.502 0.0141539 0.99977 -0.0161107 -11.9192 0.539079 0.0059403 0.842234 132.11 
0.8489 -0.0196048 -0.52819 -128.961 0.0131698 0.999786 -0.0159428 -11.9467 0.528389 0.00657769 0.848977 132.829 
0.855311 -0.0182843 -0.517793 -129.398 0.0121136 0.99981 -0.0152956 -11.9617 0.517974 0.0068102 0.855369 133.559 
0.861477 -0.0175113 -0.507495 -129.836 0.0115852 0.999823 -0.0148334 -11.9863 0.507665 0.00689925 0.861527 134.302 
0.867315 -0.0179998 -0.497434 -130.263 0.0123237 0.999816 -0.0146914 -12.014 0.497607 0.00661184 0.867377 135.039 
0.872262 -0.0194237 -0.488652 -130.679 0.0135011 0.999787 -0.0156411 -12.034 0.488852 0.00704581 0.872338 135.783 
0.876466 -0.0197722 -0.481057 -131.099 0.0137935 0.999778 -0.0159613 -12.0617 0.481266 0.00735407 0.876544 136.553 
0.879767 -0.0189134 -0.47503 -131.514 0.0133157 0.999797 -0.0151461 -12.0868 0.475219 0.00699976 0.879839 137.33 
0.882649 -0.016888 -0.46973 -131.922 0.0129586 0.999849 -0.0115974 -12.1134 0.469854 0.00414949 0.882734 138.12 
0.885882 -0.0128824 -0.463732 -132.368 0.0107076 0.999916 -0.00732241 -12.1338 0.463787 0.00152137 0.885945 138.927 
0.889235 -0.0101546 -0.457339 -132.811 0.00912973 0.999948 -0.0044511 -12.154 0.457361 -0.000217262 0.889281 139.763 
0.892617 -0.00724038 -0.450759 -133.249 0.00696266 0.999973 -0.00227445 -12.1659 0.450763 -0.00110821 0.892643 140.593 
0.895879 -0.00579754 -0.444261 -133.673 0.00642081 0.999979 -0.000101697 -12.1745 0.444252 -0.00276135 0.895898 141.425 
0.899079 -0.00432398 -0.437766 -134.1 0.00619754 0.999977 0.00285122 -12.1829 0.437743 -0.00527649 0.899084 142.284 
0.902443 -0.00419643 -0.430788 -134.539 0.0070367 0.999963 0.00499996 -12.1972 0.430751 -0.00754346 0.902439 143.185 
0.906035 -0.00429668 -0.42318 -134.968 0.00759914 0.999952 0.00611697 -12.2022 0.423134 -0.00875795 0.906025 144.07 
0.909773 -0.00509315 -0.415076 -135.399 0.00840182 0.999946 0.00614548 -12.2038 0.415022 -0.00907833 0.909766 144.974 
0.91376 -0.00745361 -0.406186 -135.835 0.0107353 0.999926 0.00580139 -12.2121 0.406113 -0.00966158 0.913772 145.913 
0.917866 -0.00921257 -0.396785 -136.257 0.0120828 0.999916 0.00473449 -12.2166 0.396708 -0.00913986 0.9179 146.85 
0.922397 -0.0104735 -0.386102 -136.659 0.0124503 0.999919 0.00261958 -12.2228 0.386043 -0.0072233 0.922453 147.789 
0.927799 -0.00863104 -0.372981 -137.068 0.0101097 0.999947 0.00200863 -12.2297 0.372944 -0.00563428 0.927837 148.757 
0.933881 -0.00567569 -0.357538 -137.429 0.00722723 0.999969 0.00300339 -12.2207 0.35751 -0.00538877 0.933894 149.757 
0.940596 -0.00200705 -0.339521 -137.807 0.00430282 0.999973 0.00600902 -12.222 0.3395 -0.00711292 0.940579 150.777 
0.947349 0.00106426 -0.320203 -138.15 0.00149218 0.999969 0.00773827 -12.2305 0.320201 -0.00780859 0.947318 151.81 
0.954032 0.00235323 -0.299694 -138.482 0.000262093 0.999962 0.00868601 -12.2372 0.299703 -0.00836524 0.953996 152.839 
0.960433 0.00384795 -0.278484 -138.814 -0.000995327 0.999946 0.0103839 -12.2409 0.278509 -0.00969585 0.960385 153.896 
0.966369 0.00459751 -0.257118 -139.129 -0.00125655 0.999913 0.0131566 -12.2409 0.257156 -0.012391 0.966291 154.989 
0.971869 0.00707327 -0.235416 -139.41 -0.00319603 0.999853 0.0168471 -12.2381 0.235501 -0.0156207 0.971749 156.068 
0.976893 0.00905101 -0.213536 -139.666 -0.00463255 0.999765 0.021183 -12.2304 0.213678 -0.0197042 0.976705 157.154 
0.981441 0.0110584 -0.191444 -139.899 -0.00644822 0.999674 0.024687 -12.2286 0.191655 -0.0229943 0.981193 158.333 
0.985398 0.012779 -0.169786 -140.108 -0.00870145 0.999656 0.0247378 -12.2107 0.170044 -0.0228992 0.98517 159.52 
0.988852 0.0114334 -0.148465 -140.288 -0.00815428 0.99971 0.0226765 -12.1911 0.148681 -0.0212131 0.988658 160.661 
0.991712 0.0114934 -0.127967 -140.443 -0.00873766 0.999718 0.0220749 -12.1877 0.128184 -0.0207738 0.991533 161.847 
0.994111 0.0100888 -0.107898 -140.591 -0.00753794 0.999683 0.0240232 -12.1729 0.108106 -0.0230683 0.993872 163.042 
0.996047 0.0105709 -0.0881975 -140.719 -0.00831652 0.99963 0.0258885 -12.161 0.0884385 -0.0250526 0.995767 164.293 
0.997614 0.0111604 -0.0681367 -140.811 -0.00933256 0.99959 0.0270857 -12.1534 0.068411 -0.0263851 0.997308 165.562 
0.998761 0.0127766 -0.048102 -140.888 -0.0114416 0.999545 0.0279268 -12.1407 0.0484368 -0.0273418 0.998452 166.793 
0.999522 0.0131598 -0.0279722 -140.925 -0.012354 0.999509 0.0287835 -12.1267 0.0283372 -0.0284241 0.999194 168.043 
0.999852 0.015373 -0.00769894 -140.946 -0.0151468 0.999476 0.0286088 -12.1245 0.00813467 -0.0284879 0.999561 169.361 
0.999795 0.0164059 0.0118701 -140.948 -0.0167296 0.999476 0.0277043 -12.1067 -0.0114094 -0.0278971 0.999546 170.626 
0.999375 0.0162613 0.0314026 -140.942 -0.0170636 0.99953 0.0254547 -12.0819 -0.030974 -0.0259746 0.999183 171.934 
0.99857 0.0181836 0.0502788 -140.906 -0.0193639 0.999546 0.0230889 -12.0654 -0.0498361 -0.0240294 0.998468 173.234 
0.997454 0.018323 0.0689196 -140.805 -0.0198546 0.999569 0.0216049 -12.0599 -0.0684941 -0.0229182 0.997388 174.573 
0.995974 0.0187202 0.0876703 -140.704 -0.0204492 0.999613 0.0188658 -12.0557 -0.0872833 -0.0205826 0.995971 175.938 
0.99413 0.0196253 0.106399 -140.588 -0.0212116 0.99968 0.0137977 -12.0619 -0.106094 -0.0159736 0.994228 177.391 
0.992064 0.0211443 0.123944 -140.4 -0.0222067 0.999728 0.0071966 -12.0713 -0.123758 -0.00989184 0.992263 178.776 
0.989685 0.0232283 0.141362 -140.223 -0.0238053 0.999714 0.00239187 -12.0839 -0.141267 -0.00573234 0.989955 180.193 
0.987 0.025553 0.158675 -139.984 -0.0256397 0.99967 -0.00150086 -12.1119 -0.158661 -0.00258698 0.98733 181.669 
0.984022 0.0277135 0.175878 -139.693 -0.0274302 0.999616 -0.00404167 -12.1502 -0.175922 -0.000847229 0.984404 183.136 
0.980781 0.0270372 0.19323 -139.436 -0.0268378 0.999633 -0.0036497 -12.1753 -0.193258 -0.00160628 0.981147 184.574 
0.977276 0.0261657 0.210348 -139.174 -0.0258765 0.999657 -0.00412733 -12.1996 -0.210383 -0.00140948 0.977618 185.958 
0.973575 0.0260276 0.226882 -138.863 -0.0246256 0.999656 -0.00900785 -12.229 -0.227038 0.00318274 0.973881 187.359 
0.969632 0.0271038 0.243064 -138.494 -0.0246437 0.99961 -0.0131566 -12.2713 -0.243326 0.00676707 0.969921 188.859 
0.965325 0.0291421 0.259421 -138.074 -0.0266839 0.99956 -0.0129925 -12.3284 -0.259685 0.00561969 0.965677 190.38 
0.960387 0.0313085 0.276906 -137.65 -0.0287195 0.999498 -0.0134012 -12.3807 -0.277187 0.00491771 0.960803 191.942 
0.955187 0.0351664 0.293906 -137.137 -0.0318178 0.999363 -0.0161682 -12.4449 -0.294287 0.00609225 0.955698 193.467 
0.949645 0.0353479 0.311328 -136.69 -0.0307088 0.999332 -0.0197918 -12.5113 -0.311819 0.00923472 0.950097 194.966 
0.943644 0.0364803 0.328945 -136.229 -0.0309318 0.999277 -0.0220866 -12.5631 -0.329513 0.0106671 0.944091 196.484 
0.937528 0.0365847 0.345981 -135.676 -0.0290163 0.999213 -0.0270312 -12.6377 -0.346698 0.0153034 0.937852 197.966 
0.930161 0.0394964 0.365021 -135.117 -0.0294305 0.999019 -0.0331006 -12.7031 -0.36597 0.0200462 0.930411 199.509 
0.921352 0.0432456 0.386316 -134.497 -0.0316636 0.998839 -0.0362969 -12.799 -0.387438 0.0212101 0.921652 201.018 
0.910904 0.0462008 0.410025 -133.855 -0.0338342 0.998729 -0.0373694 -12.8948 -0.41123 0.0201671 0.911309 202.518 
0.8988 0.0512423 0.435354 -133.209 -0.0376308 0.998497 -0.0398358 -12.9914 -0.436742 0.0194217 0.899377 203.993 
0.885939 0.0550366 0.460525 -132.518 -0.0395058 0.998281 -0.0433031 -13.0678 -0.462117 0.0201705 0.88659 205.462 
0.872161 0.0591007 0.485636 -131.789 -0.0415775 0.998039 -0.0467889 -13.1402 -0.487449 0.020616 0.872908 206.932 
0.858103 0.0604476 0.509908 -131.012 -0.0412405 0.997952 -0.0489012 -13.2446 -0.51182 0.0209334 0.858838 208.371 
0.843356 0.06227 0.533735 -130.188 -0.0413621 0.997839 -0.0510599 -13.3617 -0.53576 0.0209854 0.844109 209.803 
0.827837 0.0641529 0.557288 -129.32 -0.039726 0.99765 -0.0558336 -13.4871 -0.55956 0.0240823 0.82844 211.263 
0.812318 0.0664984 0.579412 -128.425 -0.0380233 0.997403 -0.0611632 -13.6011 -0.581974 0.0276528 0.812737 212.644 
0.796759 0.0684987 0.600402 -127.459 -0.0373617 0.997238 -0.0641923 -13.749 -0.603141 0.0287137 0.797118 214.054 
0.78141 0.0699601 0.620083 -126.491 -0.0357303 0.997081 -0.0674682 -13.8767 -0.622994 0.0305646 0.78163 215.371 
0.766595 0.0701988 0.638283 -125.508 -0.0338493 0.997042 -0.0690014 -14.0109 -0.641239 0.0312907 0.766703 216.612 
0.752234 0.0708587 0.655075 -124.46 -0.032667 0.996989 -0.0703311 -14.1679 -0.658086 0.0315061 0.752284 217.855 
0.738308 0.0710112 0.670715 -123.394 -0.0299973 0.996915 -0.0725268 -14.3213 -0.673796 0.0334275 0.738161 219.041 
0.72401 0.0726074 0.685958 -122.295 -0.0279737 0.996717 -0.0759751 -14.4612 -0.689222 0.035818 0.723664 220.274 
0.709941 0.0745084 0.700309 -121.199 -0.0255147 0.996456 -0.0801509 -14.6105 -0.703799 0.0390343 0.709326 221.421 
0.695939 0.0762893 0.714037 -120.075 -0.0243393 0.996275 -0.0827217 -14.762 -0.717689 0.04019 0.695203 222.537 
0.6814 0.0770363 0.727845 -118.952 -0.0233303 0.996226 -0.0836005 -14.91 -0.731539 0.0399845 0.680626 223.637 
0.665948 0.0781634 0.741892 -117.799 -0.02384 0.996218 -0.0835587 -15.0625 -0.745617 0.037959 0.665293 224.703 
0.649667 0.0793466 0.756067 -116.607 -0.0259179 0.996272 -0.0822848 -15.2165 -0.759777 0.0338621 0.649302 225.768 
0.63309 0.0802391 0.769908 -115.398 -0.0282039 0.996344 -0.080646 -15.3753 -0.773564 0.0293418 0.633038 226.787 
0.616159 0.0820142 0.783341 -114.173 -0.030799 0.996312 -0.080086 -15.5347 -0.78702 0.0252196 0.616412 227.798 
0.59882 0.0852464 0.796334 -112.966 -0.0317914 0.996066 -0.0827212 -15.6825 -0.800252 0.0242186 0.599174 228.765 
0.581534 0.0888361 0.808657 -111.738 -0.0339371 0.995804 -0.0849898 -15.8386 -0.812814 0.0219809 0.582108 229.697 
0.563227 0.0887368 0.821524 -110.527 -0.0337761 0.995858 -0.0844109 -15.9972 -0.825612 0.0197946 0.563891 230.57 
0.543278 0.0879348 0.834935 -109.279 -0.0346761 0.996001 -0.0823349 -16.1498 -0.838837 0.0157784 0.544155 231.431 
0.522867 0.0859676 0.848069 -108.022 -0.0346547 0.996223 -0.0796199 -16.3077 -0.85171 0.012241 0.523871 232.254 
0.501893 0.0849777 0.860745 -106.752 -0.0355548 0.996348 -0.0776334 -16.4564 -0.864199 0.00836009 0.503081 233.056 
0.481159 0.0840441 0.872596 -105.468 -0.0349056 0.996441 -0.0767249 -16.5983 -0.875938 0.00645839 0.48238 233.822 
0.46066 0.0837105 0.883621 -104.197 -0.0341625 0.996477 -0.0765919 -16.739 -0.886919 0.00509615 0.461897 234.523 
0.440345 0.0830402 0.89398 -102.913 -0.0325184 0.996535 -0.0765488 -16.8846 -0.89724 0.00463705 0.441519 235.201 
0.420473 0.0828886 0.903511 -101.628 -0.0295622 0.996541 -0.0776656 -17.0263 -0.906824 0.00594647 0.421469 235.822 
0.400557 0.0818702 0.912607 -100.352 -0.0256469 0.996612 -0.0781495 -17.1677 -0.915913 0.00789777 0.401299 236.411 
0.380039 0.0799182 0.921511 -99.0456 -0.0239699 0.996777 -0.0765601 -17.3122 -0.92466 0.00700728 0.38073 236.995 
0.360104 0.0797339 0.929499 -97.7334 -0.0233615 0.996799 -0.0764563 -17.456 -0.93262 0.00581777 0.360814 237.531 
0.340738 0.0843833 0.936364 -96.4104 -0.0236115 0.996418 -0.0812031 -17.5955 -0.939862 0.00556002 0.34151 238.041 
0.321214 0.0935918 0.942371 -95.11 -0.0252764 0.995597 -0.0902623 -17.7513 -0.946669 0.00517374 0.322165 238.539 
0.302333 0.101454 0.947788 -93.8202 -0.027317 0.994834 -0.0977759 -17.8957 -0.952811 0.00367019 0.303542 238.986 
0.282936 0.105675 0.953299 -92.5287 -0.0299925 0.994401 -0.101329 -18.051 -0.95867 7.79096e-05 0.284522 239.414 
0.26327 0.106974 0.958773 -91.2469 -0.0325026 0.994252 -0.102008 -18.2124 -0.964175 -0.00430698 0.265234 239.812 
0.243688 0.107274 0.963903 -89.9771 -0.0364866 0.994175 -0.101419 -18.372 -0.969167 -0.0104549 0.246183 240.167 
0.224431 0.107706 0.96852 -88.6849 -0.0380745 0.994084 -0.101726 -18.5247 -0.973746 -0.0140454 0.227204 240.512 
0.205547 0.106311 0.972856 -87.4306 -0.0385898 0.99419 -0.100489 -18.6766 -0.977886 -0.0168871 0.208455 240.816 
0.186967 0.106374 0.97659 -86.1817 -0.0383853 0.994152 -0.100938 -18.824 -0.981616 -0.0186145 0.189957 241.096 
0.168743 0.106998 0.979835 -84.9561 -0.0379051 0.99406 -0.102024 -18.974 -0.984931 -0.0199249 0.171797 241.343 
0.149932 0.110524 0.982499 -83.7145 -0.0414339 0.993562 -0.105446 -19.1281 -0.987828 -0.0248991 0.153547 241.573 
0.131651 0.112438 0.984899 -82.4718 -0.0416722 0.993296 -0.107826 -19.2776 -0.99042 -0.0268475 0.135454 241.775 
0.115185 0.109517 0.987289 -81.2436 -0.0419962 0.993552 -0.105312 -19.4317 -0.992456 -0.0293321 0.119042 241.944 
0.0999251 0.105023 0.989437 -80.0275 -0.0395127 0.994048 -0.101522 -19.5811 -0.99421 -0.0289507 0.10348 242.094 
0.0862325 0.100819 0.991161 -78.8154 -0.0390376 0.994444 -0.0977566 -19.7277 -0.99551 -0.0302627 0.0896892 242.216 
0.0736574 0.0970784 0.992547 -77.6289 -0.036594 0.994844 -0.0945873 -19.8741 -0.996612 -0.0293542 0.0768301 242.331 
0.063081 0.0971541 0.993268 -76.4607 -0.0363713 0.994813 -0.0949953 -20.0105 -0.997345 -0.0301341 0.0662874 242.433 
0.0546776 0.0994639 0.993538 -75.2947 -0.0366465 0.994556 -0.097549 -20.1466 -0.997831 -0.0310759 0.0580249 242.518 
0.0479478 0.101142 0.993716 -74.1531 -0.0379989 0.994325 -0.0993707 -20.2824 -0.998127 -0.0329955 0.051519 242.596 
0.0419945 0.10537 0.993546 -73.0222 -0.0386788 0.993849 -0.103768 -20.4173 -0.998369 -0.0340714 0.0458118 242.669 
0.0362172 0.1141 0.992809 -71.9113 -0.0382096 0.992892 -0.112716 -20.5538 -0.998613 -0.0338526 0.0403195 242.742 
0.0312316 0.116779 0.992667 -70.8153 -0.0401121 0.992498 -0.115497 -20.6912 -0.998707 -0.0362108 0.0356815 242.807 
0.0273975 0.108362 0.993734 -69.715 -0.0389817 0.993467 -0.107258 -20.829 -0.998864 -0.0357988 0.0314427 242.864 
0.0247809 0.0985482 0.994824 -68.6187 -0.0376703 0.994515 -0.0975791 -20.9614 -0.998983 -0.0350572 0.0283573 242.92 
0.0233543 0.0949319 0.99521 -67.5341 -0.0372629 0.994872 -0.0940253 -21.0847 -0.999033 -0.0348885 0.0267719 242.971 
0.0231949 0.0970033 0.995014 -66.4614 -0.0380298 0.994647 -0.096081 -21.2044 -0.999007 -0.0356116 0.0267597 243.025 
0.0235329 0.100059 0.994703 -65.3982 -0.0376729 0.994361 -0.0991328 -21.3251 -0.999013 -0.0351405 0.0271697 243.076 
0.0246558 0.102498 0.994428 -64.3448 -0.0402484 0.994025 -0.101459 -21.4497 -0.998886 -0.0375226 0.0286339 243.142 
0.0265107 0.103313 0.994296 -63.3031 -0.042406 0.993866 -0.102138 -21.57 -0.998749 -0.0394563 0.0307291 243.196 
0.0295652 0.104948 0.994038 -62.2812 -0.0431945 0.993678 -0.103625 -21.6892 -0.998629 -0.0398733 0.0339115 243.252 
0.0328807 0.105968 0.993826 -61.2568 -0.0456273 0.993486 -0.104422 -21.81 -0.998417 -0.0419121 0.0375015 243.32 
0.0373899 0.107129 0.993542 -60.2368 -0.0468148 0.993333 -0.105345 -21.9283 -0.998204 -0.0425736 0.0421558 243.39 
0.0437101 0.106208 0.993383 -59.2164 -0.0477565 0.993419 -0.10411 -22.047 -0.997902 -0.0428898 0.0484946 243.458 
0.0500202 0.104807 0.993234 -58.2167 -0.0463703 0.99365 -0.102515 -22.1647 -0.997671 -0.0409287 0.0545625 243.537 
0.0573373 0.103978 0.992926 -57.2231 -0.044537 0.993838 -0.101502 -22.2811 -0.997361 -0.0384021 0.0616149 243.613 
0.0645201 0.104703 0.992408 -56.2319 -0.0430014 0.993849 -0.102059 -22.3973 -0.99699 -0.0360901 0.0686256 243.702 
0.0713938 0.104741 0.991934 -55.2421 -0.0436887 0.993845 -0.101798 -22.5085 -0.996491 -0.0360685 0.0755304 243.795 
0.0778051 0.103754 0.991555 -54.2502 -0.0448693 0.993927 -0.100481 -22.6212 -0.995958 -0.0366724 0.081988 243.903 
0.0841811 0.101663 0.991251 -53.2725 -0.0456311 0.994132 -0.0980834 -22.7317 -0.995405 -0.0369751 0.088326 244.02 
0.0906181 0.100192 0.990833 -52.2901 -0.0454765 0.994305 -0.0963838 -22.8419 -0.994847 -0.0363255 0.0946584 244.136 
0.0971645 0.101051 0.990125 -51.3115 -0.0460426 0.994224 -0.0969514 -22.9485 -0.994203 -0.0361677 0.101256 244.261 
0.103785 0.103037 0.989248 -50.3405 -0.0452337 0.994079 -0.0987945 -23.0575 -0.993571 -0.034494 0.107831 244.39 
0.110144 0.104674 0.988388 -49.3683 -0.0453887 0.993931 -0.100203 -23.1629 -0.992879 -0.0338249 0.114227 244.524 
0.116173 0.106613 0.987491 -48.4074 -0.0474484 0.993683 -0.101699 -23.2734 -0.992095 -0.0350402 0.120498 244.668 
0.122373 0.107373 0.986659 -47.4485 -0.0499467 0.993537 -0.101927 -23.3832 -0.991227 -0.0368072 0.126946 244.814 
0.128947 0.107012 0.985861 -46.4898 -0.0506894 0.993572 -0.101219 -23.4937 -0.990355 -0.0369207 0.133543 244.97 
0.134999 0.104798 0.985288 -45.5298 -0.0516062 0.993785 -0.0986307 -23.6025 -0.989501 -0.037532 0.139568 245.131 
0.140897 0.103332 0.984617 -44.5654 -0.0520951 0.993934 -0.0968546 -23.7107 -0.988653 -0.0376472 0.145425 245.306 
0.14733 0.102595 0.983752 -43.6174 -0.0520293 0.994033 -0.0958755 -23.8189 -0.987718 -0.0370586 0.151789 245.471 
0.154279 0.10362 0.982579 -42.6744 -0.0519832 0.993959 -0.0966584 -23.9251 -0.986659 -0.0361652 0.158734 245.644 
0.161465 0.103839 0.9814 -41.7358 -0.0499769 0.994033 -0.0969536 -24.03 -0.985612 -0.0333927 0.165691 245.818 
0.170378 0.105439 0.979721 -40.8027 -0.0485258 0.99395 -0.0985314 -24.1357 -0.984183 -0.0307541 0.174464 245.998 
