1 2.12261e-08 -2.11895e-08 0 2.12261e-08 1 2.10703e-08 0 -2.11895e-08 2.10703e-08 1 0 
0.999875 0.00141835 0.0157408 0.0117721 -0.00140256 0.999999 -0.00101138 -0.00056641 -0.0157423 0.000989222 0.999876 0.124898 
0.999299 0.00441873 0.0371894 0.0267343 -0.00439988 0.99999 -0.000587463 -0.00111485 -0.0371917 0.000423464 0.999308 0.263824 
0.99791 0.0059644 0.0643453 0.0576297 -0.00603274 0.999981 0.000868582 -0.00345076 -0.064339 -0.0012549 0.997927 0.420491 
0.995121 0.0056963 0.0985013 0.101449 -0.00602127 0.999977 0.00300268 -0.00273036 -0.098482 -0.00358109 0.995132 0.586451 
0.990623 0.00259922 0.136601 0.163742 -0.00332889 0.999981 0.00511374 -0.00628257 -0.136585 -0.00552048 0.990613 0.761061 
0.984394 -0.000202259 0.175978 0.244398 -0.000773395 0.999985 0.00547585 -0.00455419 -0.175976 -0.00552646 0.984379 0.955152 
0.975614 3.73555e-05 0.219496 0.340614 -0.00148736 0.999978 0.00644106 0.00239196 -0.219491 -0.00661042 0.975592 1.13823 
0.963559 -0.000116125 0.267495 0.411253 -0.00249083 0.999953 0.00940663 0.000981789 -0.267483 -0.00973009 0.963513 1.29759 
0.949085 -0.00404721 0.314995 0.511617 -0.001281 0.99986 0.0167065 -0.00572037 -0.315018 -0.0162594 0.948946 1.48346 
0.932079 -0.0135313 0.362002 0.641654 0.0049083 0.999682 0.0247294 -0.0118878 -0.362222 -0.0212729 0.931849 1.6792 
0.910707 -0.0185011 0.412639 0.790533 0.00715275 0.999553 0.0290297 -0.0136393 -0.412992 -0.023486 0.910432 1.87754 
0.885241 -0.0197391 0.464713 0.944521 0.00498028 0.999444 0.0329653 -0.0116242 -0.465106 -0.0268678 0.884847 2.08288 
0.856703 -0.0215777 0.515358 1.09677 0.00275256 0.999302 0.0372645 0.00127568 -0.515802 -0.030506 0.856164 2.27216 
0.824176 -0.0260411 0.565735 1.28186 0.00323445 0.999142 0.0412791 0.0110965 -0.566325 -0.0321914 0.823553 2.4669 
0.787876 -0.0317161 0.615017 1.48833 0.00537908 0.998989 0.0446264 0.0105352 -0.615811 -0.0318518 0.78725 2.6622 
0.749427 -0.0355821 0.66113 1.68865 0.00592756 0.998875 0.0470404 0.0244433 -0.66206 -0.0313344 0.748795 2.84193 
0.708749 -0.038304 0.70442 1.92681 0.00660115 0.998841 0.047672 0.0439054 -0.70543 -0.0291375 0.708181 3.04604 
0.666101 -0.0399863 0.744789 2.1936 0.00545573 0.998796 0.0487442 0.056908 -0.745842 -0.0284052 0.665518 3.25073 
0.622502 -0.0401049 0.78159 2.48202 0.000282946 0.998698 0.0510198 0.0611161 -0.782618 -0.0315387 0.621703 3.47019 
0.579934 -0.0407128 0.813646 2.80752 -0.0028148 0.998644 0.0519761 0.0761597 -0.814659 -0.0324329 0.579033 3.68436 
0.538896 -0.0420535 0.841322 3.16395 -0.00463028 0.99859 0.0528805 0.0904932 -0.84236 -0.0323926 0.537942 3.90035 
0.499789 -0.0441631 0.865021 3.55022 -0.00625005 0.998489 0.0545884 0.106122 -0.866125 -0.0326891 0.498758 4.10257 
0.461977 -0.0435573 0.885822 3.95496 -0.00961438 0.998489 0.0541115 0.126347 -0.88684 -0.0335149 0.46086 4.30034 
0.42516 -0.0427264 0.904109 4.40001 -0.0105404 0.998584 0.0521478 0.149271 -0.905057 -0.0317008 0.424107 4.49178 
0.39124 -0.0412789 0.919363 4.86996 -0.00915629 0.99877 0.0487407 0.172165 -0.920243 -0.0274873 0.390381 4.67662 
0.361036 -0.0394661 0.931716 5.37767 -0.00697892 0.998962 0.0450189 0.194947 -0.932526 -0.0227558 0.360386 4.86522 
0.335282 -0.0374612 0.941373 5.90877 -0.00576351 0.999109 0.0418116 0.220187 -0.9421 -0.0194442 0.334767 5.05064 
0.314938 -0.0369569 0.948392 6.47637 -0.00433309 0.999175 0.0403748 0.24402 -0.949102 -0.016825 0.314518 5.23572 
0.300259 -0.0374794 0.953121 7.07855 -0.00322636 0.999182 0.0403071 0.265836 -0.953852 -0.0151777 0.299892 5.4217 
0.288521 -0.0389237 0.956682 7.70077 -0.00216545 0.999144 0.0413044 0.289931 -0.957471 -0.0139888 0.28819 5.61796 
0.277411 -0.0405091 0.959897 8.35171 -0.00342124 0.999063 0.0431508 0.319331 -0.960745 -0.0152545 0.277012 5.81569 
0.266776 -0.0425248 0.96282 9.02752 -0.00464002 0.998958 0.0454066 0.337999 -0.963747 -0.0165809 0.2663 6.01354 
0.256635 -0.0440216 0.965505 9.72751 -0.00543637 0.998881 0.0469884 0.371728 -0.966493 -0.0173077 0.256108 6.20832 
0.246719 -0.0459779 0.967996 10.4462 -0.00625528 0.998778 0.0490343 0.399748 -0.969067 -0.0181528 0.24613 6.39056 
0.236241 -0.0474072 0.970537 11.1894 -0.00638476 0.998712 0.0503376 0.431291 -0.971673 -0.0180885 0.235634 6.58049 
0.225642 -0.0485309 0.973001 11.9549 -0.00652715 0.998661 0.0513245 0.466658 -0.974189 -0.0179319 0.225023 6.77275 
0.21505 -0.0515624 0.975241 12.7334 -0.00797098 0.998479 0.0545487 0.495738 -0.976571 -0.0195043 0.214312 6.95816 
0.203608 -0.055004 0.977506 13.5247 -0.00937372 0.998265 0.0581246 0.534227 -0.979008 -0.0209975 0.202739 7.13441 
0.191519 -0.058899 0.97972 14.3213 -0.0100498 0.998028 0.0619642 0.568821 -0.981438 -0.0217133 0.190549 7.30094 
0.178265 -0.0612206 0.982076 15.1229 -0.011136 0.997873 0.0642269 0.602857 -0.983919 -0.0223859 0.177205 7.46014 
0.164182 -0.0618483 0.984489 15.9321 -0.0114347 0.997846 0.0645945 0.640638 -0.986364 -0.0218626 0.163121 7.60536 
0.149535 -0.0607364 0.986889 16.7396 -0.0127152 0.997911 0.0633414 0.676389 -0.988675 -0.0220203 0.148451 7.74129 
0.132986 -0.0595255 0.989329 17.5572 -0.0132863 0.997998 0.0618331 0.71533 -0.991029 -0.0213674 0.131929 7.85869 
0.112465 -0.0579209 0.991966 18.3811 -0.016069 0.998063 0.0600988 0.750551 -0.993526 -0.0226989 0.111316 7.96364 
0.0865559 -0.0565497 0.994641 19.218 -0.0202787 0.998081 0.0585101 0.787357 -0.996041 -0.0252344 0.085243 8.05206 
0.0560176 -0.0560749 0.996854 20.0536 -0.0242841 0.99805 0.0575068 0.819688 -0.998134 -0.0274291 0.0545466 8.10978 
0.022638 -0.0557288 0.998189 20.8932 -0.0271635 0.998042 0.0563367 0.854237 -0.999375 -0.0283896 0.0210799 8.13577 
-0.0121457 -0.0551513 0.998404 21.727 -0.0289908 0.998078 0.0547806 0.884056 -0.999506 -0.0282791 -0.0137212 8.135 
-0.0460879 -0.0537618 0.99749 22.5654 -0.0295111 0.998188 0.052436 0.913759 -0.998501 -0.0270204 -0.047591 8.10031 
-0.0791387 -0.0517536 0.995519 23.4 -0.0316016 0.99828 0.049385 0.940636 -0.996363 -0.0275517 -0.0806381 8.04243 
-0.111522 -0.0488634 0.99256 24.2299 -0.0336426 0.998404 0.0453711 0.963254 -0.993192 -0.0283324 -0.112988 7.95405 
-0.143886 -0.0441672 0.988608 25.065 -0.0304888 0.998727 0.0401819 0.983521 -0.989124 -0.0243598 -0.14505 7.832 
-0.175512 -0.0385215 0.983723 25.8897 -0.0261603 0.999064 0.0344548 0.995126 -0.98413 -0.0196873 -0.176355 7.6846 
-0.206008 -0.0319385 0.978029 26.7259 -0.0193668 0.999405 0.0285572 1.00869 -0.978359 -0.0130583 -0.206504 7.50974 
-0.234751 -0.0261623 0.971703 27.5489 -0.0132031 0.999631 0.0237246 1.01646 -0.971966 -0.00726015 -0.23501 7.30347 
-0.262351 -0.0200141 0.964765 28.3583 -0.00439729 0.999799 0.0195451 1.01715 -0.964963 0.000885324 -0.262386 7.0724 
-0.288535 -0.00962666 0.957421 29.1567 0.00142687 0.999944 0.0104843 1.00941 -0.957468 0.00439118 -0.288505 6.82662 
-0.313732 0.00580631 0.949494 29.9366 0.00611767 0.999973 -0.00409355 0.993923 -0.949492 0.0045244 -0.313759 6.56473 
-0.338285 0.0230921 0.94076 30.6314 0.00756413 0.999733 -0.0218196 0.966354 -0.941013 -0.000265243 -0.33837 6.3152 
-0.363452 0.0380601 0.930835 31.3869 0.00834721 0.999258 -0.0375985 0.932823 -0.931576 -0.0058954 -0.3635 6.03346 
-0.387909 0.0482291 0.920435 32.1209 0.0115946 0.998806 -0.0474492 0.89573 -0.921625 -0.00773395 -0.388006 5.73834 
-0.411118 0.0522362 0.910084 32.8676 0.0146625 0.998607 -0.0506935 0.842273 -0.911464 -0.00749692 -0.411311 5.4017 
-0.433638 0.0521545 0.899576 33.6099 0.0188322 0.99863 -0.0488193 0.786298 -0.90089 -0.00422895 -0.434027 5.04268 
-0.453532 0.0479796 0.889948 34.3382 0.022535 0.998848 -0.0423665 0.732797 -0.890955 0.000840402 -0.454091 4.67316 
-0.471045 0.0467383 0.88087 35.0611 0.0300517 0.998866 -0.0369289 0.684184 -0.881597 0.00907644 -0.471915 4.27431 
-0.48469 0.0472197 0.873411 35.7636 0.0322123 0.998828 -0.0361243 0.636387 -0.874093 0.0106255 -0.485643 3.88728 
-0.495737 0.0512431 0.866959 36.4551 0.0359764 0.998613 -0.038453 0.592862 -0.867727 0.0121275 -0.496893 3.50084 
-0.505591 0.0538309 0.861093 37.1378 0.0369065 0.998488 -0.0407504 0.547 -0.861984 0.0111769 -0.506813 3.10884 
-0.516528 0.0531486 0.854619 37.8166 0.030921 0.998579 -0.0434128 0.49983 -0.855712 0.00400175 -0.517437 2.72688 
-0.527551 0.0515956 0.847955 38.4985 0.0303703 0.998661 -0.0418709 0.446909 -0.84898 0.00366362 -0.528412 2.31962 
-0.536168 0.0529283 0.84245 39.1747 0.0321584 0.998589 -0.042271 0.40503 -0.843498 0.0044275 -0.537114 1.89667 
-0.543558 0.0558403 0.837512 39.8519 0.0352296 0.998423 -0.0437043 0.35253 -0.838632 0.00574939 -0.544668 1.473 
-0.54711 0.0587223 0.834999 40.538 0.0362396 0.998263 -0.0464591 0.308474 -0.836276 0.00484175 -0.548287 1.04192 
-0.546867 0.0608517 0.835005 41.2409 0.0362867 0.998141 -0.0489752 0.257956 -0.836433 0.0035167 -0.548058 0.599571 
-0.54359 0.0611387 0.837121 41.97 0.0380385 0.998113 -0.0481961 0.214359 -0.838488 0.00564383 -0.54489 0.138377 
-0.537704 0.0601456 0.840986 42.7144 0.0364347 0.998178 -0.0480923 0.161105 -0.842346 0.00478168 -0.538915 -0.316756 
-0.530897 0.0587522 0.845397 43.4777 0.0342291 0.998266 -0.0478807 0.108082 -0.846745 0.0035174 -0.531988 -0.771568 
-0.523909 0.0583344 0.849775 44.2503 0.0325488 0.998295 -0.0484626 0.0583414 -0.851152 0.00226922 -0.524914 -1.22078 
-0.517607 0.0569041 0.853724 45.0453 0.0294465 0.99838 -0.0486927 0.00578314 -0.855112 -6.44832e-05 -0.518444 -1.68212 
-0.513774 0.054343 0.856203 45.8356 0.0249405 0.998516 -0.0484097 -0.0511463 -0.857563 -0.00351749 -0.514367 -2.11744 
-0.512764 0.0515192 0.856982 46.6701 0.0205797 0.998649 -0.0477222 -0.109097 -0.858283 -0.00683381 -0.513131 -2.57955 
-0.513195 0.0488825 0.856879 47.5191 0.0170533 0.99876 -0.046763 -0.162514 -0.858103 -0.009386 -0.513393 -3.06379 
-0.514569 0.0477431 0.856119 48.3624 0.0156736 0.998806 -0.0462797 -0.216683 -0.857306 -0.0103956 -0.514703 -3.53869 
-0.51551 0.0470897 0.855589 49.2061 0.0152603 0.998835 -0.045779 -0.26373 -0.856748 -0.010543 -0.515628 -4.00958 
-0.516149 0.046641 0.855228 50.0676 0.0148782 0.998854 -0.0454945 -0.316348 -0.85637 -0.0107577 -0.516251 -4.49674 
-0.51664 0.0456185 0.854987 50.9584 0.0148635 0.998907 -0.044316 -0.377487 -0.856074 -0.0101874 -0.516753 -5.00016 
-0.517119 0.0452248 0.854718 51.8661 0.0145348 0.998923 -0.0440611 -0.442315 -0.85579 -0.0103617 -0.517219 -5.51269 
-0.517722 0.0437542 0.854429 52.7859 0.0128281 0.998976 -0.0433833 -0.498446 -0.855453 -0.0114998 -0.517754 -6.02495 
-0.517809 0.0430646 0.854412 53.66 0.0123171 0.999004 -0.0428877 -0.559695 -0.855408 -0.0116837 -0.517824 -6.53315 
-0.517209 0.042258 0.854815 54.553 0.0106123 0.99902 -0.0429657 -0.620355 -0.855793 -0.0131507 -0.517151 -7.04777 
-0.51621 0.0405056 0.855504 55.4273 0.00983391 0.999096 -0.0413704 -0.681763 -0.856406 -0.0129429 -0.516141 -7.54723 
-0.514329 0.0384486 0.856731 56.3151 0.010103 0.999197 -0.038777 -0.742764 -0.857534 -0.0112885 -0.514304 -8.0599 
-0.512749 0.0367708 0.857751 57.2318 0.0104482 0.999276 -0.036592 -0.814756 -0.858475 -0.00980056 -0.512762 -8.54547 
-0.510754 0.0363946 0.858956 58.1168 0.0102067 0.99929 -0.0362715 -0.870429 -0.859666 -0.0097587 -0.510763 -9.04103 
-0.508676 0.0366897 0.860176 59.0121 0.0101495 0.999278 -0.0366209 -0.924202 -0.860898 -0.00989787 -0.508681 -9.55576 
-0.508019 0.0372445 0.860541 59.9184 0.0103306 0.999256 -0.0371495 -0.982216 -0.861284 -0.00998277 -0.508026 -10.0577 
-0.509056 0.0386336 0.859866 60.7958 0.00946047 0.999183 -0.0392922 -1.03857 -0.860682 -0.0118672 -0.509005 -10.5517 
-0.51223 0.0403129 0.857902 61.6666 0.00792175 0.999077 -0.0422168 -1.0978 -0.858812 -0.0148287 -0.512077 -11.0461 
-0.517087 0.0407387 0.854963 62.5518 0.00666944 0.999028 -0.0435696 -1.15863 -0.855907 -0.0168272 -0.516857 -11.5443 
-0.522634 0.0395242 0.85164 63.4195 0.00807816 0.99911 -0.0414107 -1.21504 -0.852519 -0.014763 -0.522488 -12.0525 
-0.528193 0.0372159 0.848308 64.2864 0.0090374 0.999229 -0.0382097 -1.27321 -0.849076 -0.0125156 -0.528122 -12.572 
-0.533724 0.034962 0.844935 65.1513 0.00633642 0.999282 -0.0373461 -1.32765 -0.845635 -0.0145787 -0.533563 -13.0863 
-0.539012 0.038066 0.841437 65.9971 0.00816374 0.999167 -0.0399719 -1.38616 -0.842258 -0.0146761 -0.538874 -13.6054 
-0.544049 0.0397094 0.838113 66.8331 0.00854243 0.99909 -0.0417911 -1.44121 -0.83901 -0.0155769 -0.543893 -14.1294 
-0.548508 0.0406918 0.835155 67.6596 0.00752869 0.999015 -0.043731 -1.50116 -0.836112 -0.0176992 -0.548274 -14.6498 
-0.552323 0.0404932 0.832646 68.4876 0.00588556 0.998984 -0.0446784 -1.56413 -0.833609 -0.0197764 -0.552001 -15.1749 
-0.555693 0.039774 0.830436 69.3028 0.00665302 0.999036 -0.0433972 -1.62142 -0.831361 -0.0185906 -0.555422 -15.7 
-0.557983 0.0331275 0.829191 70.1211 0.00742674 0.999362 -0.0349284 -1.67297 -0.829819 -0.0133313 -0.557873 -16.2335 
-0.560257 0.0243039 0.827962 70.941 0.00660135 0.999669 -0.0248772 -1.7241 -0.828293 -0.00847198 -0.560232 -16.7678 
-0.561795 0.023136 0.826953 71.7467 0.00803904 0.999714 -0.022508 -1.7717 -0.827237 -0.00599699 -0.561821 -17.2925 
-0.56309 0.0273531 0.825943 72.5454 0.00749296 0.99958 -0.0279951 -1.8113 -0.826362 -0.00957504 -0.563058 -17.815 
-0.564236 0.0339383 0.824916 73.3397 0.00953249 0.999356 -0.0345948 -1.85663 -0.825559 -0.0116561 -0.564196 -18.343 
-0.564543 0.0377715 0.824539 74.1327 0.014868 0.999256 -0.0355953 -1.9017 -0.82527 -0.00783583 -0.564684 -18.879 
-0.564401 0.03905 0.824577 74.9229 0.0181419 0.999226 -0.0349033 -1.95271 -0.825301 -0.00474009 -0.564673 -19.414 
-0.564088 0.0355989 0.824947 75.7151 0.0166409 0.999357 -0.0317464 -1.99908 -0.825547 -0.00417998 -0.564318 -19.9349 
-0.563299 0.0310767 0.825668 76.5063 0.0156577 0.999515 -0.0269378 -2.04221 -0.826104 -0.00224602 -0.563513 -20.4574 
-0.562533 0.0242973 0.826418 77.3003 0.0122735 0.999703 -0.0210376 -2.08447 -0.826684 -0.00169127 -0.562664 -20.9746 
-0.562316 0.018371 0.826718 78.0954 0.00337679 0.999796 -0.0199202 -2.12298 -0.826915 -0.00840981 -0.562263 -21.4757 
-0.560774 0.0131727 0.827864 78.8872 -0.00412501 0.999817 -0.0187029 -2.15438 -0.827959 -0.0139031 -0.560617 -21.9746 
-0.558874 0.013953 0.829135 79.6794 -0.000988558 0.999847 -0.0174921 -2.18815 -0.829252 -0.0105956 -0.558774 -22.4899 
-0.555812 0.0172216 0.83113 80.4669 0.00279828 0.999819 -0.0188456 -2.22491 -0.831303 -0.0081489 -0.555759 -23.0058 
-0.550374 0.0205155 0.834666 81.2585 0.00481466 0.999759 -0.0213986 -2.2564 -0.834904 -0.00775859 -0.55034 -23.5152 
-0.542483 0.0229016 0.839755 82.0498 0.00994304 0.999733 -0.0208413 -2.29178 -0.840008 -0.00295632 -0.542566 -24.0197 
-0.53443 0.0263942 0.8448 82.8476 0.017451 0.999644 -0.0201923 -2.33146 -0.845032 0.00395121 -0.534701 -24.5155 
-0.524838 0.025351 0.850825 83.6515 0.0146167 0.999677 -0.0207697 -2.36418 -0.851077 0.00153553 -0.525039 -24.9908 
-0.513914 0.0231232 0.85753 84.4588 0.0124169 0.999732 -0.0195163 -2.39524 -0.857752 0.000618112 -0.514064 -25.4526 
-0.502612 0.0200752 0.864279 85.2751 0.0127372 0.999794 -0.0158157 -2.42781 -0.864418 0.00305935 -0.502764 -25.9061 
-0.491632 0.0192068 0.870591 86.0893 0.0121783 0.999811 -0.0151804 -2.46329 -0.870718 0.00313912 -0.491773 -26.3464 
-0.480168 0.0186409 0.876978 86.9132 0.012829 0.999817 -0.0142277 -2.49003 -0.877083 0.00441903 -0.480319 -26.7725 
-0.468408 0.0196962 0.883293 87.7416 0.014331 0.999789 -0.0146941 -2.52293 -0.883396 0.00577559 -0.468592 -27.1928 
-0.456635 0.0234271 0.889346 88.5696 0.014117 0.999718 -0.0190861 -2.56315 -0.889542 0.00383949 -0.456837 -27.5968 
-0.445277 0.0325106 0.894802 89.3927 0.0168333 0.999468 -0.0279367 -2.5978 -0.895235 0.00262293 -0.445587 -27.99 
-0.432373 0.036971 0.900936 90.225 0.0165583 0.999316 -0.0330615 -2.63615 -0.901543 0.000623058 -0.43269 -28.3738 
-0.421296 0.0337272 0.906296 91.0692 0.0148181 0.999431 -0.0303048 -2.67861 -0.906802 0.000662277 -0.421556 -28.7429 
-0.409741 0.0299658 0.911709 91.911 0.0133224 0.99955 -0.0268655 -2.72378 -0.912104 0.00113823 -0.409956 -29.1036 
-0.399923 0.0306954 0.916035 92.7465 0.0106295 0.999527 -0.0288525 -2.76881 -0.916487 -0.00180178 -0.40006 -29.4456 
-0.39327 0.0350954 0.918753 93.5852 0.00585198 0.999347 -0.035669 -2.81555 -0.919404 -0.00865105 -0.393219 -29.7779 
-0.388356 0.0400435 0.920639 94.4207 0.000327884 0.999061 -0.0433161 -2.86196 -0.921509 -0.0165202 -0.388005 -30.1038 
-0.38519 0.0415797 0.9219 95.2559 -0.00298244 0.998923 -0.0462997 -2.91981 -0.922833 -0.0205837 -0.384651 -30.4252 
-0.38171 0.0412053 0.923363 96.0947 -0.00452184 0.998911 -0.0464459 -2.97613 -0.924271 -0.0219042 -0.381108 -30.7484 
-0.376741 0.0416147 0.925383 96.9407 -0.00494014 0.998886 -0.0469313 -3.02699 -0.926305 -0.0222525 -0.376116 -31.0736 
-0.370819 0.0373419 0.927954 97.7867 -0.00772105 0.999033 -0.0432875 -3.08036 -0.928673 -0.0232166 -0.370173 -31.3933 
-0.365837 0.0336088 0.930072 98.6272 -0.00828408 0.999191 -0.0393649 -3.13377 -0.930642 -0.022106 -0.365263 -31.702 
-0.360098 0.0305674 0.932414 99.4734 -0.00986588 0.999282 -0.0365697 -3.18846 -0.932862 -0.0223678 -0.359538 -32.0086 
-0.354612 0.0286722 0.934574 100.322 -0.0181056 0.999132 -0.0375227 -3.23752 -0.934838 -0.030227 -0.353785 -32.2993 
-0.348636 0.0288193 0.936815 101.169 -0.0255071 0.998865 -0.0402206 -3.28465 -0.936911 -0.0379178 -0.347505 -32.5812 
-0.341955 0.0330261 0.939136 102.012 -0.0238434 0.998756 -0.0438045 -3.33644 -0.939414 -0.0373713 -0.340742 -32.8705 
-0.334964 0.0362792 0.941532 102.858 -0.0222634 0.998675 -0.0464016 -3.38777 -0.941968 -0.0365046 -0.333712 -33.1561 
-0.328792 0.0344154 0.943775 103.716 -0.0239023 0.998712 -0.0447458 -3.43778 -0.9441 -0.0372705 -0.327546 -33.4305 
-0.322066 0.0296924 0.946251 104.578 -0.0242709 0.998921 -0.0396059 -3.49073 -0.946406 -0.0357221 -0.320998 -33.7009 
-0.315026 0.0267206 0.948707 105.442 -0.0261129 0.998981 -0.0368075 -3.54523 -0.948724 -0.0363688 -0.314007 -33.9678 
-0.30881 0.0300952 0.950647 106.297 -0.027522 0.998798 -0.0405598 -3.59271 -0.950725 -0.038689 -0.307611 -34.2238 
-0.302722 0.0325928 0.952522 107.154 -0.0270189 0.99872 -0.0427604 -3.64314 -0.952696 -0.0386806 -0.301454 -34.4735 
-0.296061 0.0331068 0.954595 108.008 -0.0296608 0.998599 -0.043832 -3.69216 -0.954708 -0.041291 -0.294665 -34.7166 
-0.289286 0.0327993 0.956681 108.87 -0.0294589 0.998634 -0.0431456 -3.74104 -0.956789 -0.0406642 -0.287925 -34.9552 
-0.280914 0.0325186 0.959182 109.716 -0.0254952 0.99882 -0.0413291 -3.79553 -0.959394 -0.0360644 -0.279754 -35.1953 
-0.273248 0.0337628 0.961351 110.578 -0.0227111 0.998879 -0.041536 -3.84497 -0.961675 -0.033183 -0.272175 -35.4289 
-0.266849 0.0339116 0.963141 111.427 -0.0224209 0.998892 -0.0413823 -3.89933 -0.963477 -0.0326374 -0.265793 -35.6449 
-0.260222 0.0325233 0.965001 112.291 -0.0283889 0.998743 -0.0413159 -3.95479 -0.965131 -0.0381466 -0.258972 -35.8488 
-0.254376 0.030733 0.966617 113.17 -0.0324924 0.998659 -0.0403025 -4.00327 -0.96656 -0.0416597 -0.253036 -36.0492 
-0.24983 0.0307665 0.967801 114.045 -0.0296318 0.998784 -0.0394006 -4.05497 -0.967836 -0.0385211 -0.248614 -36.2587 
-0.245129 0.0312394 0.968987 114.916 -0.0279457 0.998838 -0.0392713 -4.10337 -0.969088 -0.0367056 -0.243971 -36.4648 
-0.240461 0.0326686 0.970109 115.785 -0.0270508 0.99882 -0.0403405 -4.15134 -0.970282 -0.0359426 -0.239294 -36.6618 
-0.23445 0.0319285 0.971604 116.658 -0.0207226 0.999069 -0.0378315 -4.19705 -0.971907 -0.0290038 -0.23357 -36.8629 
-0.228988 0.0308032 0.972942 117.531 -0.0135696 0.999301 -0.0348314 -4.24334 -0.973335 -0.0211784 -0.22841 -37.0656 
-0.223976 0.0298504 0.974137 118.406 -0.0119691 0.999371 -0.0333756 -4.29177 -0.974521 -0.0191348 -0.223478 -37.2573 
-0.219917 0.0314932 0.97501 119.277 -0.0136871 0.999281 -0.0353643 -4.33711 -0.975423 -0.0211222 -0.219328 -37.4328 
-0.216456 0.033423 0.97572 120.148 -0.0150742 0.99918 -0.0375707 -4.38085 -0.976176 -0.0228406 -0.215774 -37.6049 
-0.214709 0.0326934 0.976131 121.025 -0.0177686 0.999143 -0.0373725 -4.42899 -0.976517 -0.0253687 -0.213944 -37.7771 
-0.213688 0.0317809 0.976385 121.901 -0.0179745 0.999174 -0.0364565 -4.47442 -0.976737 -0.0253404 -0.212941 -37.9511 
-0.212779 0.0273456 0.976718 122.771 -0.0166603 0.999361 -0.031609 -4.51688 -0.976958 -0.0229982 -0.212188 -38.1243 
-0.211705 0.0222256 0.977081 123.65 -0.0174715 0.999496 -0.026521 -4.55987 -0.977177 -0.0226858 -0.21121 -38.2964 
-0.210903 0.0203702 0.977295 124.517 -0.0169326 0.999557 -0.0244883 -4.60018 -0.97736 -0.0217128 -0.210465 -38.4676 
-0.209738 0.0252428 0.977432 125.372 -0.0167913 0.999426 -0.0294139 -4.63973 -0.977614 -0.0225816 -0.209194 -38.6379 
-0.209528 0.0289825 0.977373 126.224 -0.0164447 0.999315 -0.0331585 -4.68144 -0.977664 -0.0230203 -0.208908 -38.8051 
-0.209771 0.028072 0.977348 127.082 -0.0203062 0.999247 -0.0330594 -4.72003 -0.97754 -0.0267811 -0.209043 -38.9671 
-0.209161 0.0270261 0.977508 127.939 -0.021986 0.999235 -0.0323312 -4.76812 -0.977634 -0.0282539 -0.208407 -39.1326 
-0.208557 0.0278652 0.977613 128.791 -0.0178281 0.99932 -0.0322872 -4.81124 -0.977848 -0.0241627 -0.207918 -39.3045 
-0.207656 0.0305273 0.977726 129.625 -0.0194204 0.999187 -0.035322 -4.85022 -0.978009 -0.0263227 -0.206894 -39.4651 
-0.208255 0.0313951 0.977571 130.467 -0.0280478 0.998882 -0.0380546 -4.89596 -0.977672 -0.0353438 -0.207141 -39.6138 
-0.207771 0.0327769 0.977628 131.301 -0.0346737 0.998564 -0.0408478 -4.94185 -0.977563 -0.042385 -0.206336 -39.7636 
-0.207593 0.0361973 0.977545 132.124 -0.0318465 0.998535 -0.0437375 -4.99191 -0.977697 -0.040211 -0.206136 -39.9224 
-0.207155 0.0372378 0.977599 132.946 -0.0306575 0.998537 -0.0445317 -5.04294 -0.977828 -0.0391957 -0.205711 -40.0782 
-0.205468 0.0386044 0.977902 133.766 -0.0313427 0.99845 -0.046001 -5.09128 -0.978162 -0.0401018 -0.20394 -40.233 
-0.203379 0.0379809 0.978363 134.58 -0.0228298 0.998792 -0.0435197 -5.14228 -0.978834 -0.0311868 -0.202266 -40.3954 
-0.200151 0.0347116 0.97915 135.388 -0.0175857 0.999084 -0.0390129 -5.19542 -0.979607 -0.0250275 -0.199357 -40.5544 
-0.198109 0.0301002 0.979718 136.207 -0.0135229 0.999349 -0.0334378 -5.24428 -0.980087 -0.019873 -0.197573 -40.7102 
-0.19451 0.0295244 0.980456 137.015 -0.0118051 0.999404 -0.032437 -5.29053 -0.98083 -0.0178837 -0.194046 -40.8557 
-0.189613 0.0343292 0.981259 137.799 -0.0113245 0.999246 -0.0371467 -5.34044 -0.981794 -0.0181558 -0.189081 -40.993 
-0.183158 0.0376021 0.982364 138.589 -0.0105935 0.999135 -0.0402191 -5.38041 -0.983026 -0.0177731 -0.182601 -41.124 
-0.175045 0.0384028 0.983811 139.387 -0.0109189 0.999102 -0.0409424 -5.4197 -0.9845 -0.0179089 -0.174468 -41.2472 
-0.165564 0.0339324 0.985615 140.184 -0.00903532 0.999314 -0.0359217 -5.46664 -0.986158 -0.0148527 -0.165144 -41.3665 
-0.153637 0.0326666 0.987587 140.97 -0.00567472 0.999408 -0.0339403 -5.51189 -0.988111 -0.0108188 -0.15336 -41.4783 
-0.139897 0.0354606 0.989531 141.756 -0.00110337 0.999352 -0.0359686 -5.55212 -0.990165 -0.00612374 -0.139768 -41.5799 
-0.125976 0.0367702 0.991352 142.541 -0.00228275 0.999299 -0.037355 -5.59095 -0.992031 -0.00696883 -0.125803 -41.6617 
-0.112169 0.036839 0.993006 143.32 -0.00141584 0.999306 -0.0372326 -5.63155 -0.993688 -0.00558227 -0.112039 -41.7345 
-0.0989495 0.0386067 0.994343 144.098 -0.000953076 0.999243 -0.0388917 -5.67685 -0.995092 -0.004796 -0.0988378 -41.794 
-0.0851188 0.0446433 0.99537 144.872 -0.00327769 0.998978 -0.0450853 -5.72934 -0.996365 -0.00710013 -0.0848855 -41.8414 
-0.0723218 0.0539151 0.995923 145.648 -0.0104901 0.998442 -0.0548132 -5.7751 -0.997326 -0.0144115 -0.0716435 -41.8737 
-0.0590061 0.0616292 0.996353 146.403 -0.014817 0.997928 -0.0626041 -5.82752 -0.998148 -0.018457 -0.0579707 -41.8887 
-0.0458763 0.0623224 0.997001 147.17 -0.0156042 0.997886 -0.0630957 -5.87972 -0.998825 -0.018452 -0.0448068 -41.906 
-0.033916 0.0581957 0.997729 147.942 -0.0195088 0.998075 -0.058879 -5.93963 -0.999234 -0.0214615 -0.0327154 -41.9094 
-0.0234763 0.0558505 0.998163 148.701 -0.0236417 0.998128 -0.0564045 -5.99989 -0.999445 -0.0249224 -0.022112 -41.899 
-0.0142916 0.0624441 0.997946 149.452 -0.0269817 0.997661 -0.0628126 -6.05948 -0.999534 -0.0278239 -0.0125733 -41.8891 
-0.00785694 0.0703382 0.997492 150.201 -0.0301232 0.997054 -0.0705445 -6.1165 -0.999515 -0.030602 -0.00571498 -41.8738 
-0.00486394 0.0731321 0.99731 150.954 -0.0333287 0.996756 -0.073254 -6.17173 -0.999433 -0.0335953 -0.00241077 -41.8572 
-0.00506516 0.0687257 0.997623 151.712 -0.0359737 0.996977 -0.0688638 -6.23086 -0.99934 -0.036237 -0.00257754 -41.8419 
-0.00674563 0.0639243 0.997932 152.462 -0.0369114 0.997259 -0.0641307 -6.30277 -0.999296 -0.0372677 -0.0043676 -41.8293 
-0.00963543 0.0608069 0.998103 153.211 -0.0351704 0.997511 -0.0611104 -6.36269 -0.999335 -0.0356925 -0.00747285 -41.8231 
-0.0124146 0.0612009 0.998048 153.954 -0.0331822 0.99755 -0.0615831 -6.41605 -0.999372 -0.0338819 -0.0103534 -41.8218 
-0.0160408 0.0611874 0.997997 154.697 -0.0313732 0.997604 -0.0616674 -6.47331 -0.999379 -0.0322996 -0.0140827 -41.8235 
-0.020589 0.0596972 0.998004 155.439 -0.0316621 0.997676 -0.0603308 -6.53448 -0.999287 -0.032841 -0.0186511 -41.8211 
-0.0258038 0.060138 0.997857 156.175 -0.0323642 0.997615 -0.0609603 -6.58426 -0.999143 -0.0338679 -0.0237959 -41.8284 
-0.032047 0.0581371 0.997794 156.91 -0.0336945 0.997677 -0.0592124 -6.6388 -0.998918 -0.0355178 -0.0300137 -41.8339 
-0.0377312 0.0552909 0.997757 157.647 -0.0311661 0.997917 -0.0564783 -6.69952 -0.998802 -0.0332272 -0.0359294 -41.8531 
-0.043254 0.055427 0.997525 158.374 -0.0320634 0.997869 -0.0568363 -6.75052 -0.99855 -0.0344425 -0.0413846 -41.8708 
-0.048537 0.056551 0.997219 159.098 -0.0336574 0.997736 -0.0582184 -6.80318 -0.998254 -0.0363895 -0.0465237 -41.8908 
-0.0525942 0.0587692 0.996885 159.823 -0.0340546 0.997581 -0.0606068 -6.86061 -0.998035 -0.0371361 -0.0504656 -41.9155 
-0.0549803 0.0611258 0.996615 160.542 -0.0339641 0.997432 -0.0630496 -6.91573 -0.99791 -0.0373156 -0.052763 -41.9456 
-0.0566374 0.0626674 0.996426 161.257 -0.0313171 0.997426 -0.0645103 -6.96836 -0.997904 -0.0348589 -0.054529 -41.9745 
-0.0559273 0.0611199 0.996562 161.971 -0.0277969 0.997642 -0.062746 -7.02395 -0.998048 -0.0312106 -0.0540965 -42.0054 
-0.0519102 0.0575611 0.996992 162.683 -0.0255736 0.997934 -0.058947 -7.08035 -0.998324 -0.0285566 -0.0503308 -42.0342 
-0.044592 0.0572507 0.997364 163.382 -0.0243307 0.997998 -0.0583749 -7.13832 -0.998709 -0.0268696 -0.0431098 -42.0489 
-0.0331119 0.0580484 0.997765 164.081 -0.0214907 0.99804 -0.0587776 -7.19161 -0.999221 -0.0233889 -0.0317995 -42.0608 
-0.0192037 0.0582166 0.998119 164.766 -0.0191584 0.998099 -0.0585839 -7.24207 -0.999632 -0.0202474 -0.0180518 -42.0557 
-0.00403303 0.0561634 0.998413 165.455 -0.0209505 0.998198 -0.0562358 -7.28829 -0.999772 -0.0211441 -0.00284911 -42.0396 
0.0118761 0.0513111 0.998612 166.142 -0.0260232 0.99836 -0.0509886 -7.3368 -0.999591 -0.0253816 0.0131919 -42.0046 
0.0280856 0.0448739 0.998598 166.826 -0.0275886 0.998646 -0.0441001 -7.38038 -0.999225 -0.0263114 0.0292856 -41.9627 
0.0451848 0.0374064 0.998278 167.508 -0.0278217 0.998958 -0.0361726 -7.42064 -0.998591 -0.0261394 0.0461784 -41.9134 
0.0630304 0.0298716 0.997565 168.183 -0.028211 0.999206 -0.0281382 -7.45582 -0.997613 -0.0263687 0.063823 -41.853 
0.0798697 0.0241691 0.996512 168.845 -0.0299998 0.999311 -0.0218325 -7.4876 -0.996354 -0.0281514 0.0805397 -41.7749 
0.0978602 0.0217459 0.994963 169.501 -0.0309913 0.999343 -0.0187934 -7.51789 -0.994718 -0.028996 0.0984698 -41.6891 
0.115839 0.0203329 0.99306 170.15 -0.029508 0.99942 -0.017021 -7.54265 -0.99283 -0.0273316 0.116372 -41.5955 
0.133352 0.0197629 0.990872 170.791 -0.0309543 0.999396 -0.015767 -7.56477 -0.990585 -0.0285692 0.133883 -41.4896 
0.149296 0.01873 0.988615 171.421 -0.0355912 0.999275 -0.0135571 -7.58413 -0.988152 -0.033162 0.149854 -41.3667 
0.163717 0.0151979 0.98639 172.048 -0.0380885 0.999233 -0.00907391 -7.6034 -0.985772 -0.0360846 0.16417 -41.2352 
0.176034 0.0114162 0.984318 172.676 -0.0349979 0.999373 -0.00533176 -7.62028 -0.983762 -0.0335105 0.176323 -41.11 
0.186745 0.0101805 0.982356 173.291 -0.0325917 0.99946 -0.00416206 -7.63616 -0.981868 -0.0312394 0.186976 -40.9801 
0.196833 0.0137324 0.980341 173.897 -0.0364092 0.999315 -0.00668788 -7.65659 -0.979761 -0.034377 0.197198 -40.8396 
0.205825 0.0207778 0.978368 174.49 -0.0401978 0.99911 -0.0127616 -7.67799 -0.977763 -0.0367016 0.206477 -40.6846 
0.215022 0.0307763 0.976124 175.08 -0.0403822 0.998929 -0.0225998 -7.69523 -0.975774 -0.0345586 0.216035 -40.54 
0.223458 0.0364257 0.974033 175.668 -0.0344654 0.998972 -0.0294514 -7.71382 -0.974104 -0.0269893 0.224484 -40.3998 
0.230131 0.0343531 0.972553 176.275 -0.0336898 0.999059 -0.0273174 -7.73569 -0.972576 -0.0264785 0.231072 -40.2464 
0.236005 0.0268987 0.97138 176.887 -0.0365667 0.999155 -0.0187836 -7.75238 -0.971064 -0.0310871 0.236789 -40.0781 
0.240362 0.0163933 0.970545 177.514 -0.0410016 0.999137 -0.00672191 -7.77336 -0.969817 -0.0381782 0.240827 -39.9051 
0.242418 0.00808411 0.970138 178.125 -0.0410879 0.999154 0.00194119 -7.79609 -0.969302 -0.0403315 0.242545 -39.7366 
0.243478 0.00744173 0.969878 178.724 -0.0377381 0.999286 0.00180643 -7.81026 -0.969172 -0.0370412 0.243585 -39.5784 
0.244709 0.00932497 0.969552 179.33 -0.0339433 0.999423 -0.00104515 -7.81982 -0.969002 -0.032654 0.244884 -39.4179 
0.246377 0.00902462 0.969132 179.939 -0.030927 0.999521 -0.00144514 -7.82392 -0.968681 -0.0296163 0.246538 -39.2565 
0.24825 0.00669194 0.968673 180.552 -0.0325702 0.999468 0.00144238 -7.82988 -0.968148 -0.0319079 0.248336 -39.0849 
0.251046 0.00281626 0.967971 181.162 -0.0328462 0.999445 0.00561096 -7.84096 -0.967418 -0.0332027 0.250999 -38.9115 
0.254314 -0.0024253 0.967119 181.782 -0.0321628 0.999423 0.0109639 -7.85087 -0.966587 -0.0338935 0.254089 -38.7387 
0.259094 -0.00520998 0.965838 182.405 -0.0308537 0.99943 0.013668 -7.85369 -0.965359 -0.033341 0.258785 -38.5642 
0.2655 -0.007509 0.964082 183.026 -0.0286824 0.999466 0.0156835 -7.85172 -0.963684 -0.0318161 0.265143 -38.3819 
0.273408 -0.0108058 0.961837 183.655 -0.0268583 0.999461 0.0188632 -7.85088 -0.961523 -0.0309906 0.272971 -38.1899 
0.283264 -0.0126149 0.958959 184.283 -0.0244779 0.999493 0.0203786 -7.85105 -0.95873 -0.0292458 0.282811 -37.993 
0.294371 -0.0105565 0.955633 184.903 -0.025769 0.999488 0.0189788 -7.85077 -0.955344 -0.0302125 0.293948 -37.7831 
0.306057 -0.00706849 0.951987 185.524 -0.0267843 0.999513 0.0160324 -7.85401 -0.951636 -0.0304051 0.305718 -37.5643 
0.318239 -0.00400506 0.948002 186.153 -0.0275605 0.999529 0.0134747 -7.84984 -0.94761 -0.0304156 0.317979 -37.3425 
0.329797 -0.00388698 0.944044 186.774 -0.0260698 0.999573 0.013223 -7.84767 -0.943692 -0.0289719 0.329555 -37.1061 
0.341069 -0.0069406 0.940013 187.404 -0.0253807 0.99954 0.0165892 -7.8477 -0.939696 -0.0295162 0.340736 -36.8568 
0.351996 -0.00846423 0.935963 188.029 -0.0264161 0.999471 0.0189731 -7.84875 -0.935629 -0.0314029 0.351586 -36.597 
0.363518 -0.00894654 0.931544 188.66 -0.02788 0.999402 0.0204779 -7.84276 -0.93117 -0.0334155 0.363051 -36.3308 
0.372954 -0.0102135 0.927794 189.294 -0.0315673 0.999221 0.0236892 -7.8353 -0.927313 -0.038123 0.372341 -36.0462 
0.38022 -0.00908786 0.924852 189.932 -0.0352251 0.999084 0.0242989 -7.82726 -0.924225 -0.0418169 0.379551 -35.7618 
0.38468 -0.0123288 0.922968 190.578 -0.0349595 0.998999 0.027915 -7.82153 -0.922388 -0.0430048 0.383864 -35.476 
0.387011 -0.0161265 0.921934 191.231 -0.0321757 0.999002 0.0309814 -7.81399 -0.921513 -0.041654 0.386106 -35.1932 
0.387019 -0.0153596 0.921944 191.886 -0.0277898 0.999213 0.0283128 -7.80225 -0.921653 -0.0365782 0.386288 -34.9077 
0.385627 -0.0148605 0.922535 192.552 -0.0265097 0.999279 0.027178 -7.7929 -0.922274 -0.0349367 0.384955 -34.6147 
0.384793 -0.01352 0.922904 193.226 -0.0231761 0.999436 0.0243042 -7.78011 -0.922712 -0.0307414 0.384262 -34.3205 
0.3845 -0.0154487 0.922996 193.911 -0.0200689 0.999484 0.0250892 -7.76806 -0.922907 -0.0281703 0.383992 -34.0307 
0.383818 -0.0213147 0.923163 194.594 -0.0166887 0.99941 0.0300138 -7.75911 -0.923258 -0.0269262 0.383236 -33.7424 
0.38239 -0.024099 0.923687 195.283 -0.0164769 0.999323 0.0328935 -7.74748 -0.923854 -0.0277976 0.381734 -33.4413 
0.381056 -0.0267007 0.924167 195.981 -0.0153238 0.999263 0.0351887 -7.73577 -0.924425 -0.0275706 0.380366 -33.1516 
0.379681 -0.0266567 0.924733 196.663 -0.0165037 0.999231 0.0355804 -7.7198 -0.92497 -0.0287707 0.378949 -32.8584 
0.377715 -0.0269034 0.925531 197.354 -0.0180172 0.999175 0.0363971 -7.7041 -0.925747 -0.0304232 0.376918 -32.5604 
0.375909 -0.0256741 0.926301 198.039 -0.0189182 0.999195 0.0353719 -7.69355 -0.926464 -0.0308206 0.375121 -32.2661 
0.374565 -0.022107 0.926937 198.717 -0.0185747 0.999336 0.0313396 -7.68523 -0.927015 -0.0289563 0.373906 -31.9757 
0.373868 -0.0160019 0.927344 199.4 -0.018925 0.999511 0.024877 -7.67112 -0.927289 -0.0268507 0.373383 -31.6882 
0.373006 -0.0136053 0.927729 200.095 -0.0203031 0.999533 0.0228215 -7.65957 -0.927607 -0.0273483 0.372556 -31.3982 
0.371664 -0.0163588 0.928223 200.789 -0.0215174 0.999424 0.0262294 -7.65345 -0.928118 -0.0297214 0.371099 -31.1055 
0.370579 -0.0194864 0.928597 201.481 -0.023516 0.999263 0.030354 -7.64961 -0.928503 -0.0330854 0.369847 -30.815 
0.367982 -0.0187311 0.929644 202.168 -0.0279208 0.999124 0.031183 -7.64674 -0.929414 -0.0374312 0.367136 -30.5206 
0.363146 -0.018355 0.931551 202.859 -0.0305443 0.999034 0.0315918 -7.63247 -0.931231 -0.039926 0.362235 -30.2324 
0.356606 -0.0196787 0.934048 203.56 -0.0303991 0.999004 0.0326532 -7.62104 -0.93376 -0.0400385 0.355653 -29.9544 
0.347607 -0.0201651 0.937423 204.252 -0.0302919 0.999005 0.0327224 -7.61453 -0.937151 -0.0397708 0.346651 -29.6909 
0.337634 -0.0190294 0.941085 204.942 -0.0273613 0.999175 0.0300205 -7.60926 -0.94088 -0.0358853 0.336835 -29.4393 
0.326988 -0.0156349 0.944899 205.637 -0.0286279 0.99924 0.026441 -7.59871 -0.944595 -0.0356963 0.326292 -29.1903 
0.315524 -0.0155009 0.948791 206.334 -0.0314576 0.999146 0.026785 -7.58474 -0.948396 -0.038298 0.314767 -28.9495 
0.304514 -0.0236613 0.952214 207.041 -0.0262376 0.999104 0.0332172 -7.5754 -0.952146 -0.0350989 0.303621 -28.7217 
0.296035 -0.0321551 0.954636 207.751 -0.0222202 0.998931 0.0405377 -7.56485 -0.954919 -0.0332127 0.295004 -28.5022 
0.288831 -0.0376783 0.956638 208.459 -0.0219349 0.998703 0.0459577 -7.54906 -0.957129 -0.0342578 0.28763 -28.2798 
0.284422 -0.0384174 0.957929 209.166 -0.0278653 0.998443 0.0483158 -7.5256 -0.958294 -0.040435 0.282909 -28.0476 
0.281782 -0.040399 0.958627 209.879 -0.0269183 0.998387 0.049987 -7.50346 -0.959101 -0.0398901 0.28024 -27.8289 
0.280238 -0.0413282 0.959041 210.594 -0.0259035 0.998383 0.0505928 -7.4784 -0.959581 -0.0390205 0.278714 -27.6103 
0.279265 -0.0393902 0.959406 211.306 -0.0263057 0.998469 0.0486511 -7.45348 -0.959854 -0.0388244 0.277801 -27.3854 
0.27879 -0.0372763 0.959629 212.024 -0.0297388 0.998432 0.0474233 -7.42855 -0.959892 -0.0417593 0.277244 -27.1581 
0.279241 -0.0379593 0.959471 212.747 -0.0303706 0.998369 0.0483373 -7.40179 -0.959741 -0.0426374 0.277633 -26.9314 
0.280917 -0.0392074 0.958931 213.477 -0.0309546 0.998275 0.0498842 -7.37659 -0.959233 -0.0436967 0.279219 -26.7025 
0.282316 -0.0410698 0.958442 214.204 -0.0296612 0.998232 0.0515118 -7.35311 -0.958863 -0.0429711 0.280598 -26.4749 
0.283769 -0.0419643 0.957974 214.94 -0.0262019 0.99833 0.0514937 -7.32607 -0.958535 -0.0397131 0.282196 -26.2471 
0.287067 -0.0436213 0.956917 215.676 -0.0247814 0.99829 0.0529416 -7.29734 -0.95759 -0.0389115 0.285495 -26.0161 
0.291174 -0.0450567 0.955608 216.412 -0.0262542 0.998138 0.0550617 -7.26899 -0.95631 -0.0411213 0.289449 -25.7776 
0.296324 -0.049057 0.953827 217.148 -0.0275873 0.997824 0.0598904 -7.23709 -0.954689 -0.0440605 0.294326 -25.5273 
0.301483 -0.0530319 0.951996 217.897 -0.0273348 0.997561 0.0642268 -7.2046 -0.95308 -0.0453859 0.299298 -25.2781 
0.305804 -0.0530787 0.950614 218.637 -0.0283381 0.997495 0.0648125 -7.17182 -0.951673 -0.0467585 0.303534 -25.0238 
0.310338 -0.048636 0.949381 219.376 -0.0335395 0.997508 0.0620651 -7.14274 -0.950034 -0.051103 0.307934 -24.7638 
0.314741 -0.0425561 0.948223 220.105 -0.0381793 0.997618 0.0574457 -7.10301 -0.948409 -0.054283 0.312367 -24.4947 
0.319384 -0.0394616 0.946803 220.842 -0.0418842 0.997568 0.0557062 -7.06831 -0.946699 -0.0574477 0.316955 -24.2245 
0.32385 -0.0399424 0.945265 221.58 -0.0434117 0.997429 0.0570196 -7.04085 -0.945112 -0.0595014 0.321283 -23.9523 
0.327754 -0.0378296 0.944006 222.326 -0.0447702 0.997454 0.0555154 -7.01395 -0.943702 -0.0604587 0.325225 -23.6761 
0.331719 -0.0348933 0.942733 223.059 -0.0452148 0.997579 0.0528331 -6.9813 -0.942294 -0.0601512 0.329338 -23.4015 
0.336346 -0.0345768 0.941104 223.797 -0.0452982 0.997575 0.052841 -6.95162 -0.940648 -0.0604032 0.333964 -23.1199 
0.341061 -0.0362307 0.939343 224.541 -0.0447815 0.997496 0.0547332 -6.92626 -0.938974 -0.0607325 0.338584 -22.836 
0.345537 -0.0365177 0.937694 225.286 -0.0412355 0.997687 0.0540492 -6.89742 -0.937499 -0.0573423 0.343232 -22.5545 
0.350141 -0.0365476 0.935984 226.022 -0.0379427 0.997865 0.0531579 -6.87211 -0.935928 -0.0541265 0.348006 -22.272 
0.354248 -0.0343654 0.93452 226.756 -0.0389196 0.997917 0.05145 -6.84175 -0.934341 -0.0545972 0.352173 -21.9776 
0.358776 -0.0347127 0.932778 227.49 -0.0436322 0.997592 0.0539072 -6.81376 -0.932403 -0.0600398 0.356398 -21.6701 
0.36345 -0.0351785 0.930949 228.23 -0.0460707 0.997385 0.0556754 -6.78633 -0.930474 -0.0631247 0.360879 -21.3604 
0.367478 -0.0325488 0.929463 228.961 -0.0436194 0.997684 0.0521835 -6.76049 -0.929009 -0.0597189 0.365207 -21.0575 
0.371437 -0.0258245 0.928099 229.689 -0.0428127 0.998073 0.0449058 -6.73578 -0.92747 -0.0564141 0.369616 -20.7552 
0.374711 -0.0191888 0.926943 230.411 -0.0490818 0.997973 0.0405002 -6.7059 -0.925842 -0.0606719 0.373009 -20.4359 
0.377768 -0.0202421 0.925679 231.138 -0.0551377 0.997495 0.0443142 -6.67824 -0.924257 -0.0677803 0.375705 -20.1127 
0.380427 -0.0304883 0.924308 231.888 -0.0542598 0.996999 0.0552182 -6.65121 -0.923218 -0.0711592 0.377631 -19.7932 
0.382334 -0.0429222 0.923027 232.628 -0.0503893 0.996466 0.0672095 -6.61659 -0.922649 -0.0722071 0.37882 -19.4789 
0.384022 -0.050613 0.921936 233.349 -0.0520316 0.995724 0.0763372 -6.58055 -0.921857 -0.077285 0.379746 -19.1567 
0.386328 -0.0526957 0.920855 234.08 -0.0533387 0.99542 0.07934 -6.54473 -0.920818 -0.0797684 0.381748 -18.8341 
0.388956 -0.047929 0.920009 234.803 -0.0530409 0.995824 0.0743031 -6.4983 -0.919728 -0.0776987 0.38479 -18.5099 
0.393112 -0.0421377 0.918525 235.523 -0.0516836 0.996357 0.067828 -6.45235 -0.918037 -0.0741366 0.389502 -18.1916 
0.397504 -0.0375828 0.91683 236.243 -0.0517368 0.996654 0.0632862 -6.4083 -0.916141 -0.0725904 0.39423 -17.8607 
0.401441 -0.0358175 0.915184 236.961 -0.0498641 0.996898 0.0608883 -6.37556 -0.914526 -0.0700779 0.39841 -17.5309 
0.405751 -0.0337632 0.91336 237.683 -0.0490616 0.997072 0.0586529 -6.33883 -0.912666 -0.0686094 0.402907 -17.1987 
0.4097 -0.0353145 0.911537 238.406 -0.0475328 0.997067 0.0599922 -6.3009 -0.910981 -0.0679066 0.406819 -16.86 
0.413009 -0.0402099 0.909839 239.129 -0.046167 0.996816 0.0650107 -6.26545 -0.909556 -0.0688545 0.409838 -16.5164 
0.416141 -0.046109 0.90813 239.855 -0.0441233 0.996513 0.0708156 -6.22431 -0.908229 -0.0695389 0.412655 -16.1737 
0.418544 -0.0514239 0.90674 240.577 -0.0429738 0.996156 0.0763314 -6.18038 -0.907179 -0.0709141 0.414725 -15.8254 
0.420645 -0.0567271 0.90545 241.308 -0.0410573 0.99583 0.0814635 -6.13006 -0.906296 -0.0714425 0.416562 -15.4721 
0.421999 -0.0633646 0.904379 242.038 -0.0396594 0.995309 0.0882413 -6.07681 -0.905729 -0.0731048 0.417506 -15.1179 
0.423906 -0.0638848 0.90345 242.772 -0.0398982 0.995224 0.0890949 -6.02337 -0.904827 -0.0738139 0.419333 -14.7646 
0.425509 -0.0522561 0.903444 243.489 -0.0489651 0.99554 0.0806448 -5.9758 -0.903629 -0.0785523 0.421052 -14.3942 
0.426188 -0.0387821 0.903803 244.201 -0.0507169 0.996485 0.0666746 -5.92816 -0.903212 -0.0742539 0.422723 -14.0373 
0.426919 -0.0308851 0.903762 244.92 -0.0507933 0.99702 0.0580659 -5.87625 -0.902862 -0.0706945 0.424078 -13.68 
0.426919 -0.0335026 0.903669 245.656 -0.0504909 0.996871 0.0608114 -5.83542 -0.902879 -0.0715886 0.423892 -13.3202 
