1 2.12261e-08 -2.11895e-08 0 2.12261e-08 1 2.10703e-08 0 -2.11895e-08 2.10703e-08 1 0 
0.999875 0.00141835 0.0157408 0.0117721 -0.00140256 0.999999 -0.00101138 -0.00056641 -0.0157423 0.000989222 0.999876 0.124898 
0.999299 0.00441873 0.0371894 0.0267343 -0.00439988 0.99999 -0.000587463 -0.00111485 -0.0371917 0.000423464 0.999308 0.263824 
0.99791 0.0059644 0.0643453 0.0576297 -0.00603274 0.999981 0.000868582 -0.00345076 -0.064339 -0.0012549 0.997927 0.420491 
0.995123 0.00569192 0.0984776 0.101333 -0.00601766 0.999977 0.00301154 -0.00309169 -0.0984582 -0.00358942 0.995135 0.58982 
0.990626 0.00259489 0.136577 0.163622 -0.00332562 0.999981 0.00512274 -0.00664215 -0.136561 -0.00552888 0.990616 0.764431 
0.984398 -0.000206591 0.175954 0.244273 -0.00077049 0.999985 0.00548497 -0.00491176 -0.175953 -0.00553493 0.984383 0.958524 
0.975619 3.30494e-05 0.219472 0.340485 -0.00148487 0.999978 0.00645029 0.00203637 -0.219467 -0.00661888 0.975597 1.1416 
0.963587 -3.68876e-05 0.267395 0.407437 -0.00255619 0.999953 0.00934963 0.00371182 -0.267383 -0.00969265 0.963542 1.28794 
0.949118 -0.0039673 0.314897 0.507781 -0.00134345 0.999861 0.0166463 -0.00300515 -0.314919 -0.0162223 0.94898 1.47382 
0.932117 -0.0134508 0.361907 0.637797 0.00484894 0.999684 0.0246662 -0.00919009 -0.362124 -0.0212369 0.931888 1.66957 
0.910751 -0.0184204 0.412546 0.786654 0.00709697 0.999555 0.0289633 -0.0109607 -0.412896 -0.0234505 0.910476 1.86792 
0.88529 -0.0196581 0.464623 0.940622 0.00492845 0.999447 0.0328958 -0.00896526 -0.465013 -0.0268324 0.884897 2.07328 
0.856777 -0.0215686 0.515236 1.09639 0.00275876 0.999302 0.0372449 0.00167452 -0.51568 -0.0304892 0.856239 2.26352 
0.824257 -0.0260317 0.565618 1.28144 0.00324181 0.999143 0.04126 0.0114905 -0.566207 -0.0321752 0.823635 2.45828 
0.787883 -0.0310656 0.615041 1.48017 0.004879 0.99901 0.0442099 0.0235527 -0.615805 -0.0318314 0.787255 2.64963 
0.749435 -0.0349317 0.661156 1.68051 0.00545346 0.998899 0.0465946 0.0373266 -0.662055 -0.031314 0.748801 2.82937 
0.708758 -0.0376537 0.704446 1.91868 0.00615442 0.998867 0.0471989 0.0566296 -0.705425 -0.0291171 0.708187 3.03347 
0.666109 -0.039336 0.744816 2.18547 0.00503759 0.998823 0.0482457 0.0694542 -0.745837 -0.0283848 0.665523 3.23817 
0.622507 -0.0394546 0.781619 2.4739 -0.000106051 0.998724 0.0504982 0.0734701 -0.782614 -0.0315184 0.621709 3.45763 
0.579937 -0.0400626 0.813675 2.7994 -0.00317543 0.998671 0.0514345 0.0882975 -0.814655 -0.0324125 0.57904 3.6718 
0.538899 -0.0414034 0.841353 3.15584 -0.00496363 0.998618 0.0523218 0.102394 -0.842356 -0.0323723 0.537948 3.88779 
0.49979 -0.043513 0.865053 3.54212 -0.00655745 0.998519 0.0540151 0.117768 -0.866122 -0.0326687 0.498765 4.09002 
0.462087 -0.0430735 0.885788 3.94731 -0.0096295 0.998517 0.0535786 0.137586 -0.886782 -0.0332876 0.460987 4.28241 
0.425271 -0.0422428 0.90408 4.39234 -0.0105336 0.998612 0.0516147 0.160251 -0.905005 -0.0314734 0.424236 4.47392 
0.391354 -0.0407957 0.919335 4.86227 -0.00912964 0.998796 0.0482082 0.182876 -0.920195 -0.0272597 0.390511 4.65882 
0.361153 -0.0389834 0.931691 5.36997 -0.00693491 0.998986 0.0444874 0.20537 -0.932481 -0.0225279 0.360516 4.84749 
0.335401 -0.0369789 0.94135 5.90106 -0.00570489 0.999131 0.0412814 0.230312 -0.942058 -0.0192161 0.334898 5.03298 
0.315059 -0.0364749 0.948371 6.46865 -0.00426307 0.999197 0.039846 0.253829 -0.949063 -0.0165968 0.31465 5.21814 
0.30038 -0.0369976 0.953102 7.07082 -0.00314819 0.999204 0.0397795 0.275312 -0.953814 -0.0149495 0.300025 5.4042 
0.288644 -0.038442 0.956665 7.69302 -0.0020808 0.999166 0.0407778 0.299063 -0.957434 -0.0137609 0.288323 5.60055 
0.277533 -0.0400274 0.959882 8.34395 -0.00333049 0.999086 0.0426252 0.328104 -0.96071 -0.0150268 0.277146 5.79837 
0.266898 -0.042043 0.962807 9.01974 -0.00454346 0.998982 0.0448821 0.346401 -0.963714 -0.0163534 0.266435 5.99631 
0.256757 -0.0435397 0.965495 9.71972 -0.0053343 0.998906 0.046465 0.379749 -0.966461 -0.0170805 0.256244 6.19119 
0.246841 -0.0454959 0.967987 10.4384 -0.00614785 0.998804 0.0485121 0.407382 -0.969037 -0.0179258 0.246266 6.37353 
0.236364 -0.0469252 0.970531 11.1816 -0.00627168 0.998739 0.0498165 0.438524 -0.971644 -0.0178617 0.235771 6.56356 
0.225765 -0.048049 0.972996 11.9471 -0.0064084 0.998688 0.0508048 0.473478 -0.974161 -0.0177053 0.22516 6.75593 
0.215172 -0.0510803 0.975239 12.7256 -0.00784658 0.998509 0.0540304 0.502141 -0.976545 -0.0192781 0.214451 6.94145 
0.20373 -0.0545218 0.977508 13.5169 -0.00924326 0.998297 0.0576079 0.540209 -0.978984 -0.0207718 0.202879 7.11782 
0.191641 -0.0584169 0.979725 14.3135 -0.009913 0.998061 0.0614493 0.574381 -0.981415 -0.0214882 0.19069 7.28445 
0.178387 -0.0607385 0.982084 15.115 -0.0109923 0.997908 0.0637139 0.607995 -0.983899 -0.0221611 0.177346 7.44376 
0.164304 -0.0613663 0.984499 15.9242 -0.0112836 0.997881 0.0640836 0.645353 -0.986345 -0.0216379 0.163263 7.58909 
0.149657 -0.0602544 0.9869 16.7318 -0.0125565 0.997945 0.0628328 0.680685 -0.988658 -0.0217954 0.148593 7.72514 
0.133108 -0.0590435 0.989341 17.5493 -0.0131191 0.998032 0.0613272 0.719207 -0.991015 -0.0211424 0.132071 7.84265 
0.112585 -0.0574386 0.991981 18.3732 -0.0158914 0.998096 0.0595964 0.754007 -0.993515 -0.0224736 0.111458 7.94772 
0.0866749 -0.0560672 0.994658 19.2102 -0.020088 0.998114 0.0580125 0.790391 -0.996034 -0.025009 0.0853851 8.03625 
0.0561349 -0.055592 0.996874 20.0457 -0.0240783 0.998083 0.0570153 0.822307 -0.998133 -0.0272036 0.0546887 8.09409 
0.0227541 -0.0552459 0.998214 20.8854 -0.0269413 0.998076 0.0558524 0.856446 -0.999378 -0.0281641 0.0212219 8.12019 
-0.0120305 -0.0546683 0.998432 21.7192 -0.0287519 0.99811 0.0543043 0.885865 -0.999514 -0.0280535 -0.0135795 8.11955 
-0.045973 -0.053279 0.997521 22.5576 -0.0292562 0.99822 0.051968 0.915174 -0.998514 -0.0267946 -0.04745 8.08496 
-0.0790251 -0.0512706 0.995553 23.3923 -0.0313313 0.998311 0.0489257 0.941663 -0.99638 -0.0273256 -0.080498 8.02721 
-0.11141 -0.0483803 0.992596 24.2222 -0.0333575 0.998434 0.0449207 0.963903 -0.993215 -0.0281059 -0.112849 7.93893 
-0.143773 -0.0436844 0.988646 25.0573 -0.0301891 0.998754 0.0397409 0.983797 -0.98915 -0.0241326 -0.144913 7.81699 
-0.175397 -0.0380392 0.983763 25.882 -0.0258466 0.999087 0.0340235 0.995041 -0.984158 -0.0194593 -0.17622 7.6697 
-0.205891 -0.0314569 0.978069 26.7183 -0.0190398 0.999423 0.0281357 1.00824 -0.97839 -0.0128293 -0.206371 7.49495 
-0.234632 -0.0256814 0.971745 27.5413 -0.0128638 0.999645 0.0233127 1.01567 -0.971999 -0.00703041 -0.234879 7.2888 
-0.262228 -0.019534 0.964808 28.3507 -0.00404633 0.999809 0.019143 1.01602 -0.964997 0.00111589 -0.262257 7.05783 
-0.28841 -0.00914702 0.957463 29.1491 0.00178866 0.999948 0.0100917 1.00796 -0.957505 0.00462312 -0.288379 6.81215 
-0.313607 0.00628593 0.949532 29.9291 0.0064897 0.999969 -0.0044764 0.992155 -0.949531 0.00475834 -0.313638 6.55036 
-0.33816 0.0235722 0.940793 30.6239 0.00794597 0.999722 -0.0221926 0.964311 -0.941055 -2.91272e-05 -0.338253 6.30091 
-0.363328 0.0385408 0.930864 31.3794 0.00873894 0.999241 -0.0379608 0.930483 -0.931621 -0.00565746 -0.363389 6.01926 
-0.387619 0.0487356 0.920531 32.129 0.0121729 0.998785 -0.0477528 0.888592 -0.921739 -0.00730438 -0.387741 5.70556 
-0.410829 0.0527426 0.910185 32.8758 0.0152484 0.998583 -0.0509823 0.834899 -0.911585 -0.00706619 -0.411052 5.36913 
-0.433421 0.0525167 0.89966 33.6139 0.0190053 0.998611 -0.0491368 0.781899 -0.900991 -0.00419866 -0.433817 5.01624 
-0.453315 0.0483407 0.890038 34.3423 0.0227151 0.998831 -0.0426802 0.728141 -0.891061 0.000869711 -0.453883 4.6469 
-0.470828 0.0470974 0.880967 35.0652 0.0302379 0.998849 -0.037239 0.679273 -0.881707 0.00910546 -0.47171 4.24821 
-0.484474 0.0475785 0.873511 35.7678 0.0324034 0.998811 -0.0364315 0.63123 -0.874205 0.0106546 -0.485439 3.86135 
-0.495521 0.0516015 0.867062 36.4594 0.0361714 0.998594 -0.0387576 0.587462 -0.867842 0.0121576 -0.496691 3.47507 
-0.505376 0.0541894 0.861196 37.1421 0.0371049 0.998468 -0.0410527 0.54136 -0.862101 0.0112076 -0.506612 3.08323 
-0.516317 0.0535088 0.854725 37.821 0.0311233 0.998559 -0.0437126 0.493951 -0.855832 0.00403227 -0.517238 2.70142 
-0.527342 0.0519559 0.848063 38.503 0.0305764 0.998643 -0.042168 0.440791 -0.849103 0.00369377 -0.528214 2.29432 
-0.535959 0.0532884 0.84256 39.1793 0.0323676 0.998569 -0.042566 0.398675 -0.843623 0.00445796 -0.536917 1.87153 
-0.543349 0.0562001 0.837623 39.8566 0.0354414 0.998403 -0.0439974 0.345938 -0.838758 0.00578053 -0.544473 1.44802 
-0.546901 0.0590823 0.83511 40.5427 0.0364525 0.998241 -0.0467512 0.301641 -0.836403 0.00487357 -0.548093 1.0171 
-0.546658 0.0612119 0.835116 41.2457 0.0364996 0.998119 -0.0492673 0.250877 -0.83656 0.00354901 -0.547864 0.574911 
-0.543381 0.0614984 0.837231 41.975 0.0382502 0.998091 -0.0484891 0.207025 -0.838615 0.00567621 -0.544696 0.113886 
-0.537493 0.0605056 0.841095 42.7194 0.0366444 0.998156 -0.0483868 0.15351 -0.842471 0.00481382 -0.53872 -0.341073 
-0.530687 0.0591125 0.845504 43.4828 0.0344364 0.998245 -0.0481769 0.100219 -0.846868 0.00354922 -0.531791 -0.795708 
-0.523698 0.058695 0.84988 44.2554 0.0327537 0.998273 -0.0487605 0.0502066 -0.851274 0.00230094 -0.524716 -1.24474 
-0.517396 0.0572652 0.853828 45.0505 0.0296491 0.998359 -0.0489921 -0.00263091 -0.855232 -3.3095e-05 -0.518245 -1.70589 
-0.513564 0.054705 0.856305 45.8409 0.0251418 0.998497 -0.0487101 -0.0598384 -0.857683 -0.00348669 -0.514168 -2.14103 
-0.512556 0.051882 0.857085 46.6756 0.0207806 0.99863 -0.0480229 -0.118083 -0.858402 -0.00680367 -0.512932 -2.60294 
-0.512988 0.049246 0.856982 47.5246 0.0172543 0.998743 -0.0470637 -0.171798 -0.858222 -0.00935648 -0.513193 -3.08699 
-0.514363 0.0481068 0.856222 48.368 0.0158752 0.998788 -0.0465801 -0.226264 -0.857426 -0.0103664 -0.514503 -3.56169 
-0.515304 0.0474534 0.855693 49.2118 0.0154622 0.998818 -0.0460791 -0.273607 -0.856868 -0.0105139 -0.515429 -4.03238 
-0.515943 0.0470048 0.855332 50.0734 0.0150803 0.998837 -0.0457945 -0.326528 -0.85649 -0.0107287 -0.516052 -4.51934 
-0.516434 0.0459822 0.855091 50.9643 0.0150658 0.998891 -0.0446159 -0.387981 -0.856194 -0.0101586 -0.516554 -5.02256 
-0.516913 0.0455885 0.854823 51.8721 0.0147373 0.998907 -0.044361 -0.453127 -0.855911 -0.010333 -0.51702 -5.53488 
-0.517518 0.0441182 0.854535 52.792 0.0130308 0.99896 -0.043683 -0.509582 -0.855573 -0.0114715 -0.517554 -6.04692 
-0.517604 0.0434287 0.854517 53.6662 0.0125199 0.998989 -0.0431874 -0.571137 -0.855528 -0.0116556 -0.517625 -6.55492 
-0.517005 0.0426224 0.854921 54.5593 0.0108148 0.999005 -0.0432656 -0.632112 -0.855914 -0.0131228 -0.516952 -7.06933 
-0.516006 0.04087 0.85561 55.4337 0.0100361 0.999081 -0.0416705 -0.693827 -0.856526 -0.0129153 -0.515942 -7.56859 
-0.514125 0.0388126 0.856837 56.3216 0.0103045 0.999183 -0.0390776 -0.755139 -0.857654 -0.0112614 -0.514105 -8.08106 
-0.512545 0.0371345 0.857857 57.2383 0.0106492 0.999263 -0.036893 -0.827454 -0.858595 -0.00977386 -0.512562 -8.56641 
-0.510549 0.0367584 0.859063 58.1234 0.010407 0.999277 -0.036573 -0.883438 -0.859786 -0.00973209 -0.510562 -9.06177 
-0.508471 0.0370535 0.860281 59.0188 0.010349 0.999265 -0.0369229 -0.937526 -0.861017 -0.00987119 -0.508481 -9.57628 
-0.507813 0.0376083 0.860646 59.9253 0.0105299 0.999243 -0.0374517 -0.995859 -0.861403 -0.00995596 -0.507825 -10.078 
-0.508851 0.0389977 0.859971 60.8028 0.00966011 0.999169 -0.0395941 -1.05252 -0.860801 -0.0118401 -0.508805 -10.5718 
-0.512026 0.0406777 0.858006 61.6737 0.0081225 0.999063 -0.0425179 -1.11206 -0.858931 -0.0148011 -0.511877 -11.066 
-0.516885 0.041104 0.855068 62.5589 0.0068719 0.999014 -0.0438696 -1.1732 -0.856027 -0.0167996 -0.516657 -11.564 
-0.522432 0.039889 0.851747 63.4268 0.00828256 0.999095 -0.0417094 -1.22992 -0.852641 -0.0147357 -0.52229 -12.072 
-0.527991 0.0375802 0.848418 64.2937 0.00924375 0.999216 -0.0385071 -1.28839 -0.8492 -0.0124888 -0.527924 -12.5913 
-0.533524 0.0353269 0.845047 65.1588 0.00654471 0.99927 -0.0376421 -1.34313 -0.845759 -0.0145524 -0.533366 -13.1054 
-0.538812 0.0384308 0.841549 66.0047 0.00837388 0.999154 -0.0402666 -1.40194 -0.842384 -0.0146491 -0.538678 -13.6243 
-0.543849 0.0400744 0.838225 66.8408 0.00875434 0.999076 -0.0420845 -1.45728 -0.839137 -0.0155495 -0.543698 -14.1481 
-0.54831 0.0410573 0.835267 67.6674 0.00774216 0.999001 -0.0440232 -1.51752 -0.83624 -0.0176716 -0.548079 -14.6683 
-0.552126 0.0408592 0.832759 68.4954 0.00610036 0.99897 -0.0449697 -1.58078 -0.833738 -0.0197488 -0.551807 -15.1932 
-0.555496 0.0401397 0.83055 69.3108 0.006869 0.999022 -0.0436876 -1.63835 -0.831491 -0.0185632 -0.555228 -15.7181 
-0.557786 0.0334921 0.829309 70.1292 0.00764352 0.99935 -0.0352183 -1.69019 -0.82995 -0.0133054 -0.55768 -16.2514 
-0.560061 0.0246675 0.828084 70.9492 0.00681892 0.99966 -0.0251666 -1.74161 -0.828424 -0.0084482 -0.560039 -16.7855 
-0.561599 0.023499 0.827076 71.755 0.00825716 0.999706 -0.022797 -1.78949 -0.827369 -0.00597348 -0.561628 -17.3101 
-0.562894 0.0277169 0.826064 72.5538 0.00771153 0.99957 -0.0282837 -1.82937 -0.826493 -0.00955054 -0.562866 -17.8323 
-0.564039 0.0343025 0.825035 73.3482 0.00975146 0.999344 -0.034883 -1.87498 -0.825691 -0.0116301 -0.564003 -18.3602 
-0.564344 0.0381348 0.824658 74.1413 0.0150871 0.999242 -0.0358834 -1.92032 -0.825402 -0.0078089 -0.564492 -18.896 
-0.564201 0.0394125 0.824696 74.9316 0.0183609 0.999212 -0.0351914 -1.97161 -0.825433 -0.00471286 -0.56448 -19.4308 
-0.563889 0.0359614 0.825067 75.7239 0.0168598 0.999345 -0.0320347 -2.01826 -0.825678 -0.00415356 -0.564126 -19.9516 
-0.563101 0.0314388 0.82579 76.5152 0.0158763 0.999503 -0.0272263 -2.06166 -0.826236 -0.00222065 -0.56332 -20.4739 
-0.562335 0.0246593 0.826542 77.3094 0.0124919 0.999695 -0.0213263 -2.1042 -0.826815 -0.00166749 -0.562471 -20.9908 
-0.562122 0.0187346 0.826842 78.1045 0.00359508 0.999789 -0.0202091 -2.143 -0.827047 -0.00838741 -0.56207 -21.4918 
-0.560582 0.0135376 0.827988 78.8965 -0.00390725 0.999812 -0.0189923 -2.17467 -0.82809 -0.0138819 -0.560423 -21.9904 
-0.55868 0.0143172 0.82926 79.6887 -0.000771462 0.999842 -0.017782 -2.20872 -0.829383 -0.0105742 -0.558581 -22.5056 
-0.555616 0.0175852 0.831253 80.4763 0.0030143 0.999812 -0.0191362 -2.24575 -0.831433 -0.00812676 -0.555565 -23.0213 
-0.550177 0.0208789 0.834787 81.268 0.00502878 0.999752 -0.0216905 -2.27752 -0.835033 -0.00773569 -0.550146 -23.5306 
-0.542282 0.0232639 0.839874 82.0595 0.0101544 0.999725 -0.0211352 -2.31318 -0.840135 -0.00293286 -0.54237 -24.0348 
-0.534226 0.0267548 0.844918 82.8574 0.0176595 0.999634 -0.0204882 -2.35314 -0.845157 0.00397548 -0.534503 -24.5305 
-0.524634 0.0257122 0.85094 83.6613 0.0148219 0.999668 -0.021068 -2.38614 -0.851199 0.00155956 -0.524841 -25.0056 
-0.513709 0.0234847 0.857643 84.4688 0.0126182 0.999724 -0.0198172 -2.41748 -0.857872 0.000641624 -0.513864 -25.4672 
-0.502405 0.0204361 0.864391 85.2852 0.0129346 0.999786 -0.0161192 -2.45034 -0.864536 0.00308215 -0.502562 -25.9205 
-0.491424 0.0195677 0.870701 86.0994 0.0123718 0.999804 -0.0154864 -2.48611 -0.870833 0.00316172 -0.49157 -26.3606 
-0.479828 0.0189616 0.877158 86.9237 0.0130708 0.99981 -0.0144629 -2.51413 -0.877265 0.00452542 -0.479985 -26.7888 
-0.468065 0.0200163 0.883467 87.7523 0.0145696 0.999782 -0.0149325 -2.54725 -0.883574 0.00588238 -0.468255 -27.2088 
-0.45629 0.0237479 0.889514 88.5804 0.0143524 0.99971 -0.0193276 -2.5877 -0.889715 0.0039477 -0.456499 -27.6125 
-0.444929 0.0328319 0.894964 89.4037 0.0170657 0.999457 -0.0281811 -2.62258 -0.895403 0.00273459 -0.445248 -28.0053 
-0.432023 0.037293 0.901091 90.2361 0.0167871 0.999304 -0.0333092 -2.66116 -0.901706 0.000736412 -0.432348 -28.3889 
-0.420944 0.0340492 0.906447 91.0804 0.0150439 0.99942 -0.0305553 -2.70385 -0.906962 0.000774401 -0.421212 -28.7576 
-0.409388 0.0302877 0.911858 91.9224 0.013545 0.99954 -0.0271189 -2.74926 -0.91226 0.00124892 -0.40961 -29.1179 
-0.399569 0.0310184 0.916178 92.758 0.0108494 0.999517 -0.0291083 -2.79452 -0.916639 -0.0016908 -0.399712 -29.4597 
-0.392916 0.035421 0.918892 93.5968 0.00606997 0.999336 -0.0359263 -2.8415 -0.919554 -0.00853841 -0.39287 -29.7916 
-0.388003 0.040372 0.920774 94.4324 0.000544491 0.99905 -0.0435746 -2.88815 -0.921658 -0.0164057 -0.387656 -30.1172 
-0.384837 0.0419097 0.922032 95.2678 -0.00276672 0.998912 -0.0465589 -2.94624 -0.92298 -0.0204686 -0.384303 -30.4383 
-0.381358 0.0415358 0.923494 96.1066 -0.0043071 0.998899 -0.0467059 -3.0028 -0.924418 -0.0217892 -0.380759 -30.7611 
-0.376388 0.0419453 0.925512 96.9527 -0.00472681 0.998875 -0.0471924 -3.0539 -0.92645 -0.0221374 -0.375766 -31.0861 
-0.370466 0.0376729 0.928082 97.7988 -0.00750939 0.999023 -0.0435501 -3.10751 -0.928816 -0.0231032 -0.369822 -31.4055 
-0.365484 0.0339395 0.930199 98.6394 -0.00807383 0.999182 -0.0396287 -3.16115 -0.930783 -0.0219939 -0.364911 -31.7138 
-0.359744 0.0308982 0.932539 99.4858 -0.00965726 0.999275 -0.0368348 -3.21609 -0.933001 -0.0222569 -0.359185 -32.0201 
-0.35426 0.029006 0.934697 100.335 -0.0178985 0.999125 -0.037789 -3.2654 -0.934976 -0.0301168 -0.353431 -32.3105 
-0.348285 0.0291559 0.936935 101.182 -0.0253018 0.99886 -0.0404882 -3.31277 -0.937047 -0.0378076 -0.34715 -32.5921 
-0.341603 0.0333625 0.939252 102.024 -0.02364 0.998749 -0.0440735 -3.36481 -0.939547 -0.0372596 -0.340387 -32.881 
-0.33461 0.0366152 0.941645 102.871 -0.022062 0.998667 -0.0466721 -3.41638 -0.942098 -0.0363915 -0.333356 -33.1664 
-0.328439 0.0347517 0.943886 103.729 -0.0237027 0.998705 -0.0450177 -3.46663 -0.944228 -0.0371582 -0.32719 -33.4405 
-0.321712 0.0300281 0.946361 104.591 -0.0240732 0.998915 -0.0398792 -3.51984 -0.946532 -0.0356116 -0.32064 -33.7105 
-0.314671 0.0270566 0.948815 105.455 -0.0259172 0.998976 -0.0370823 -3.5746 -0.948847 -0.0362594 -0.313648 -33.977 
-0.308455 0.0304321 0.950752 106.31 -0.0273281 0.998792 -0.0408359 -3.62232 -0.950846 -0.0385783 -0.307251 -34.2328 
-0.302366 0.0329296 0.952623 107.167 -0.0268268 0.998713 -0.0430377 -3.67301 -0.952814 -0.038569 -0.301093 -34.4821 
-0.295706 0.0334446 0.954694 108.021 -0.0294707 0.998592 -0.0441106 -3.72228 -0.954824 -0.0411792 -0.294303 -34.7249 
-0.28893 0.0331369 0.956777 108.884 -0.0292708 0.998628 -0.0434256 -3.77141 -0.956903 -0.0405525 -0.287563 -34.9632 
-0.280555 0.0328545 0.959276 109.729 -0.0253094 0.998813 -0.0416107 -3.82615 -0.959504 -0.0359528 -0.279391 -35.2029 
-0.272887 0.0340976 0.961442 110.592 -0.0225276 0.998871 -0.041819 -3.87585 -0.961782 -0.0330709 -0.271811 -35.4362 
-0.266488 0.0342462 0.96323 111.44 -0.0222393 0.998884 -0.0416666 -3.93046 -0.963582 -0.0325252 -0.265429 -35.6519 
-0.259862 0.03286 0.965087 112.304 -0.0282093 0.998736 -0.0416014 -3.98618 -0.965234 -0.038035 -0.258606 -35.8555 
-0.254016 0.031071 0.966701 113.183 -0.0323146 0.998653 -0.0405891 -4.03492 -0.96666 -0.0415488 -0.25267 -36.0556 
-0.249469 0.0311033 0.967883 114.059 -0.0294552 0.998778 -0.0396881 -4.08688 -0.967935 -0.0384102 -0.248248 -36.2647 
-0.244767 0.0315755 0.969068 114.93 -0.0277706 0.998831 -0.0395596 -4.13554 -0.969184 -0.0365945 -0.243604 -36.4705 
-0.240099 0.0330044 0.970187 115.798 -0.0268771 0.998813 -0.0406296 -4.18377 -0.970376 -0.0358309 -0.238926 -36.6672 
-0.234084 0.0322618 0.971681 116.672 -0.0205507 0.999062 -0.0381216 -4.22974 -0.971999 -0.0288924 -0.233202 -36.8679 
-0.228619 0.0311336 0.973018 117.545 -0.0133993 0.999293 -0.0351225 -4.2763 -0.973424 -0.0210674 -0.228041 -37.0703 
-0.223607 0.03018 0.974212 118.42 -0.0118002 0.999363 -0.0336676 -4.32498 -0.974608 -0.0190242 -0.223108 -37.2617 
-0.219548 0.0318235 0.975083 119.291 -0.0135194 0.999273 -0.0356569 -4.37059 -0.975508 -0.021011 -0.218958 -37.4368 
-0.216087 0.0337539 0.975791 120.162 -0.0149076 0.999172 -0.037864 -4.41459 -0.97626 -0.0227286 -0.215405 -37.6087 
-0.214341 0.0330253 0.976201 121.039 -0.0176026 0.999135 -0.037666 -4.463 -0.9766 -0.025257 -0.213574 -37.7805 
-0.21332 0.0321128 0.976454 121.915 -0.0178088 0.999166 -0.0367502 -4.50869 -0.97682 -0.025229 -0.21257 -37.9542 
-0.21241 0.0276766 0.976789 122.785 -0.0164949 0.999355 -0.0319029 -4.55142 -0.977041 -0.0228885 -0.211817 -38.127 
-0.211337 0.0225566 0.977153 123.664 -0.0173064 0.999491 -0.0268152 -4.59467 -0.97726 -0.022578 -0.210839 -38.2988 
-0.210534 0.0207008 0.977367 124.531 -0.0167677 0.999552 -0.0247826 -4.63524 -0.977443 -0.0216058 -0.210093 -38.4697 
-0.209369 0.0255737 0.977502 125.387 -0.0166267 0.99942 -0.0297084 -4.67506 -0.977695 -0.0224727 -0.208822 -38.6397 
-0.209159 0.0293135 0.977442 126.238 -0.0162802 0.999308 -0.033453 -4.71702 -0.977746 -0.02291 -0.208537 -38.8066 
-0.209403 0.0284045 0.977417 127.097 -0.0201417 0.999241 -0.0333538 -4.75588 -0.977622 -0.0266712 -0.208672 -38.9682 
-0.208794 0.0273591 0.977577 127.954 -0.0218216 0.999229 -0.0326258 -4.80423 -0.977716 -0.0281444 -0.208036 -39.1333 
-0.208188 0.0281967 0.977682 128.806 -0.0176639 0.999313 -0.0325818 -4.8476 -0.977929 -0.0240529 -0.207547 -39.305 
-0.207288 0.0308596 0.977793 129.639 -0.0192565 0.99918 -0.0356168 -4.88684 -0.978091 -0.0262118 -0.206524 -39.4653 
-0.207889 0.0317308 0.977638 130.482 -0.0278838 0.998875 -0.0383494 -4.93283 -0.977755 -0.0352326 -0.206771 -39.6136 
-0.207408 0.0331151 0.977694 131.316 -0.0345098 0.998557 -0.0411426 -4.97898 -0.977646 -0.0422733 -0.205966 -39.7631 
-0.207229 0.0365347 0.97761 132.139 -0.0316826 0.998528 -0.0440323 -5.02929 -0.977779 -0.040098 -0.205766 -39.9216 
-0.206791 0.0375748 0.977663 132.961 -0.0304937 0.998529 -0.0448266 -5.08056 -0.97791 -0.0390824 -0.205341 -40.0771 
-0.205104 0.0389417 0.977965 133.781 -0.0311794 0.998441 -0.0462961 -5.12916 -0.978244 -0.0399879 -0.20357 -40.2316 
-0.203011 0.0383149 0.978427 134.595 -0.0226672 0.998783 -0.0438151 -5.1804 -0.978914 -0.0310731 -0.201896 -40.3937 
-0.199782 0.0350433 0.979214 135.403 -0.017424 0.999075 -0.0393089 -5.23379 -0.979686 -0.0249151 -0.198987 -40.5524 
-0.197739 0.03043 0.979782 136.222 -0.0133619 0.999342 -0.0337341 -5.2829 -0.980164 -0.0197623 -0.197202 -40.7079 
-0.194138 0.0298535 0.98052 137.03 -0.0116451 0.999396 -0.0327339 -5.32939 -0.980905 -0.0177732 -0.193674 -40.8531 
-0.189241 0.0346583 0.981319 137.814 -0.011166 0.999236 -0.0374444 -5.37954 -0.981867 -0.0180434 -0.188709 -40.99 
-0.182785 0.0379311 0.982421 138.604 -0.0104369 0.999124 -0.0405178 -5.41975 -0.983098 -0.0176595 -0.182229 -41.1208 
-0.174671 0.0387318 0.983865 139.402 -0.0107648 0.999091 -0.0412424 -5.45929 -0.984568 -0.017795 -0.174096 -41.2437 
-0.165189 0.0342603 0.985667 140.199 -0.00888415 0.999304 -0.0362232 -5.50647 -0.986222 -0.0147405 -0.16477 -41.3627 
-0.15326 0.032993 0.987635 140.985 -0.0055272 0.999398 -0.0342436 -5.55197 -0.98817 -0.010707 -0.152986 -41.4741 
-0.139519 0.0357852 0.989573 141.772 -0.000960086 0.999341 -0.0362738 -5.59244 -0.990219 -0.00601096 -0.139393 -41.5755 
-0.125597 0.0370951 0.991388 142.556 -0.00214377 0.999288 -0.0376623 -5.63151 -0.992079 -0.00685556 -0.125428 -41.6569 
-0.111789 0.0371633 0.993037 143.335 -0.00128114 0.999294 -0.0375417 -5.67235 -0.993731 -0.00546897 -0.111662 -41.7295 
-0.0985688 0.0389307 0.994368 144.114 -0.000822505 0.999231 -0.0392026 -5.71791 -0.99513 -0.00468203 -0.098461 -41.7887 
-0.0847385 0.0449681 0.995388 144.887 -0.00315145 0.998964 -0.0453979 -5.77063 -0.996398 -0.00698387 -0.084509 -41.8358 
-0.0719434 0.0542426 0.995933 145.663 -0.0103679 0.998426 -0.0551272 -5.81664 -0.997355 -0.0142917 -0.0712678 -41.8678 
-0.0586288 0.061958 0.996355 146.418 -0.014699 0.99791 -0.0629196 -5.86931 -0.998172 -0.0183343 -0.0575955 -41.8826 
-0.045499 0.0626513 0.996998 147.185 -0.0154903 0.997867 -0.0634128 -5.92175 -0.998844 -0.0183291 -0.0444315 -41.8995 
-0.0335398 0.0585257 0.997722 147.957 -0.0193988 0.998058 -0.0591975 -5.98191 -0.999249 -0.0213401 -0.0323394 -41.9026 
-0.0231014 0.0561819 0.998153 148.717 -0.023535 0.998112 -0.0567243 -6.04242 -0.999456 -0.024802 -0.0217355 -41.892 
-0.0139177 0.0627765 0.997931 149.468 -0.0268779 0.997643 -0.0631332 -6.10225 -0.999542 -0.027701 -0.0121976 -41.8817 
-0.00748404 0.0706714 0.997472 150.217 -0.0300216 0.997034 -0.0708656 -6.15952 -0.999521 -0.0304761 -0.00534018 -41.8662 
-0.00449211 0.0734663 0.997288 150.97 -0.033228 0.996736 -0.0735753 -6.21498 -0.999438 -0.0334684 -0.00203631 -41.8493 
-0.00469422 0.069061 0.997601 151.727 -0.035873 0.996959 -0.0691853 -6.27436 -0.999345 -0.0361117 -0.00220252 -41.8337 
-0.00637501 0.0642602 0.997913 152.477 -0.0368101 0.997242 -0.0644521 -6.34651 -0.999302 -0.0371442 -0.003992 -41.8208 
-0.00926423 0.0611423 0.998086 153.226 -0.0350682 0.997495 -0.0614315 -6.40668 -0.999342 -0.0355702 -0.00709687 -41.8144 
-0.0120428 0.0615356 0.998032 153.969 -0.0330791 0.997534 -0.061904 -6.46028 -0.99938 -0.0337595 -0.00997755 -41.8128 
-0.0156683 0.0615214 0.997983 154.712 -0.031269 0.997587 -0.0619879 -6.51778 -0.999388 -0.0321771 -0.0137068 -41.8142 
-0.0202167 0.0600315 0.997992 155.454 -0.0315563 0.99766 -0.0606508 -6.57918 -0.999298 -0.0327191 -0.0182751 -41.8115 
-0.0254317 0.0604727 0.997846 156.19 -0.0322569 0.997599 -0.0612798 -6.6292 -0.999156 -0.0337458 -0.02342 -41.8186 
-0.0316755 0.0584724 0.997786 156.925 -0.0335851 0.997661 -0.0595312 -6.68398 -0.998934 -0.0353965 -0.0296376 -41.8238 
-0.0373589 0.0556254 0.997753 157.662 -0.0310549 0.997903 -0.0567965 -6.74494 -0.998819 -0.033107 -0.0355531 -41.8427 
-0.0428821 0.0557619 0.997523 158.389 -0.0319505 0.997854 -0.0571539 -6.79617 -0.998569 -0.0343222 -0.0410084 -41.8601 
-0.0481657 0.0568866 0.997218 159.113 -0.0335428 0.997722 -0.0585354 -6.84905 -0.998276 -0.0362689 -0.0461478 -41.8799 
-0.0522232 0.0591051 0.996885 159.838 -0.0339387 0.997565 -0.0609233 -6.90672 -0.998059 -0.0370146 -0.0500901 -41.9043 
-0.0546092 0.0614617 0.996614 160.557 -0.0338475 0.997416 -0.0633657 -6.96207 -0.997934 -0.0371932 -0.0523878 -41.9342 
-0.0562655 0.0630024 0.996426 161.272 -0.0311999 0.997409 -0.0648262 -7.01493 -0.997928 -0.0347359 -0.054154 -41.9628 
-0.0555542 0.0614535 0.996563 161.986 -0.0276799 0.997626 -0.063062 -7.07075 -0.998072 -0.0310882 -0.0537212 -41.9934 
-0.0515362 0.0578939 0.996992 162.698 -0.0254579 0.997918 -0.0592636 -7.12737 -0.998347 -0.0284355 -0.0499551 -42.0219 
-0.0442175 0.0575828 0.997361 163.397 -0.0242173 0.997982 -0.0586923 -7.18557 -0.998728 -0.0267486 -0.0427338 -42.0364 
-0.0327364 0.0583792 0.997758 164.096 -0.0213809 0.998023 -0.0590962 -7.23908 -0.999235 -0.0232676 -0.0314235 -42.0479 
-0.0188272 0.0585461 0.998107 164.781 -0.0190531 0.998082 -0.058904 -7.28976 -0.999641 -0.020126 -0.0176756 -42.0426 
-0.00365707 0.0564934 0.998396 165.47 -0.0208501 0.998182 -0.0565575 -7.33621 -0.999776 -0.0210235 -0.00247253 -42.0263 
0.0122504 0.0516427 0.998591 166.157 -0.025928 0.998346 -0.051312 -7.38494 -0.999589 -0.0252628 0.0135691 -41.991 
0.0284592 0.045206 0.998572 166.841 -0.0274986 0.998634 -0.044425 -7.42874 -0.999217 -0.0261951 0.0296634 -41.9488 
0.0455581 0.0377385 0.998249 167.523 -0.0277373 0.998949 -0.0364991 -7.46923 -0.998577 -0.0260259 0.0465569 -41.8993 
0.0634031 0.0302039 0.997531 168.198 -0.0281324 0.999199 -0.0284663 -7.50463 -0.997591 -0.0262581 0.064202 -41.8386 
0.0802414 0.0245021 0.996474 168.86 -0.0299268 0.999306 -0.0221619 -7.53664 -0.996326 -0.028043 0.080919 -41.7603 
0.098231 0.0220792 0.994919 169.516 -0.0309242 0.999339 -0.0191241 -7.56714 -0.994683 -0.0288885 0.0988488 -41.6743 
0.11621 0.0206656 0.99301 170.165 -0.029447 0.999416 -0.0173528 -7.59213 -0.992788 -0.0272246 0.11675 -41.5804 
0.133721 0.0200961 0.990815 170.805 -0.0308991 0.999393 -0.0160998 -7.61446 -0.990537 -0.0284624 0.134261 -41.4743 
0.149663 0.0190649 0.988553 171.436 -0.0355414 0.999272 -0.0138908 -7.63403 -0.988098 -0.0330556 0.150231 -41.3511 
0.164082 0.0155339 0.986324 172.062 -0.0380436 0.999232 -0.00940829 -7.65352 -0.985713 -0.0359796 0.164547 -41.2194 
0.176399 0.0117513 0.984249 172.69 -0.0349572 0.999373 -0.00566668 -7.67061 -0.983698 -0.0334069 0.176699 -41.0939 
0.18711 0.0105147 0.982283 173.305 -0.0325546 0.99946 -0.00449741 -7.6867 -0.981799 -0.0311363 0.187351 -40.9638 
0.197196 0.0140678 0.980263 173.912 -0.0363755 0.999314 -0.00702359 -7.70735 -0.979689 -0.0342725 0.197573 -40.8231 
0.206186 0.021114 0.978285 174.504 -0.0401673 0.999107 -0.0130976 -7.72895 -0.977688 -0.0365945 0.20685 -40.6679 
0.215383 0.0311116 0.976034 175.094 -0.0403548 0.998922 -0.022936 -7.7464 -0.975696 -0.0344476 0.216406 -40.523 
0.22382 0.0367581 0.973937 175.682 -0.0344409 0.998963 -0.0297878 -7.76519 -0.974022 -0.0268762 0.224854 -40.3827 
0.230492 0.0346853 0.972456 176.289 -0.0336675 0.99905 -0.027654 -7.78728 -0.972492 -0.0263662 0.231441 -40.2289 
0.236365 0.0272328 0.971283 176.901 -0.0365465 0.999149 -0.0191203 -7.80418 -0.970977 -0.0309777 0.237159 -40.0604 
0.24072 0.0167301 0.97045 177.528 -0.0409829 0.999135 -0.00705878 -7.82538 -0.969729 -0.0380727 0.241197 -39.8872 
0.242776 0.00842173 0.970046 178.139 -0.04107 0.999155 0.00160428 -7.84832 -0.969213 -0.0402292 0.242916 -39.7185 
0.243836 0.00777814 0.969785 178.738 -0.0377205 0.999287 0.0014695 -7.8627 -0.969083 -0.0369391 0.243956 -39.56 
0.245069 0.00965974 0.969458 179.344 -0.0339261 0.999423 -0.00138211 -7.87247 -0.968912 -0.0325512 0.245255 -39.3993 
0.246738 0.00935826 0.969037 179.953 -0.0309104 0.999521 -0.00178213 -7.87678 -0.968589 -0.0295136 0.246909 -39.2377 
0.24861 0.00702644 0.968578 180.566 -0.0325542 0.999469 0.00110537 -7.88295 -0.968057 -0.0318061 0.248707 -39.0659 
0.251406 0.00315125 0.967877 181.176 -0.0328312 0.999447 0.00527391 -7.89425 -0.967325 -0.0331024 0.25137 -38.8922 
0.254673 -0.00209006 0.967025 181.795 -0.032149 0.999427 0.0106268 -7.90438 -0.966493 -0.0337952 0.25446 -38.7192 
0.259453 -0.00487495 0.965743 182.419 -0.0308415 0.999435 0.0133309 -7.90742 -0.965263 -0.0332437 0.259156 -38.5445 
0.26586 -0.00717454 0.963985 183.039 -0.0286724 0.999471 0.0153463 -7.90567 -0.963585 -0.0317198 0.265513 -38.3619 
0.273768 -0.0104716 0.961739 183.668 -0.0268511 0.999468 0.0185259 -7.90505 -0.961421 -0.0308955 0.273341 -38.1697 
0.283623 -0.0122814 0.958857 184.296 -0.0244742 0.9995 0.0200413 -7.90544 -0.958624 -0.0291514 0.283181 -37.9725 
0.294728 -0.0102227 0.955527 184.916 -0.0257692 0.999494 0.0186415 -7.90538 -0.955234 -0.0301173 0.294316 -37.7623 
0.306413 -0.00673455 0.951875 185.537 -0.0267887 0.999518 0.0156951 -7.90884 -0.951522 -0.0303086 0.306084 -37.5434 
0.318593 -0.00367112 0.947884 186.166 -0.0275692 0.999534 0.0131375 -7.90489 -0.947491 -0.0303179 0.318343 -37.3213 
0.33015 -0.00355357 0.943922 186.787 -0.0260826 0.999577 0.0128859 -7.90295 -0.943568 -0.0288742 0.329918 -37.0847 
0.34142 -0.00660699 0.939888 187.417 -0.0253975 0.999545 0.0162522 -7.90321 -0.939568 -0.0294196 0.341097 -36.8351 
0.352346 -0.00812992 0.935835 188.042 -0.0264368 0.999477 0.0186364 -7.90449 -0.935496 -0.031307 0.351947 -36.5751 
0.363865 -0.00861148 0.931412 188.673 -0.0279049 0.999408 0.0201415 -7.89873 -0.931034 -0.0333197 0.36341 -36.3086 
0.373299 -0.00987665 0.927659 189.306 -0.0315957 0.999228 0.0233531 -7.8915 -0.927173 -0.0380277 0.372698 -36.0238 
0.380562 -0.0087497 0.924714 189.945 -0.0352561 0.999091 0.023963 -7.88369 -0.924083 -0.0417212 0.379908 -35.7392 
0.385022 -0.0119902 0.92283 190.59 -0.0349921 0.999007 0.0275793 -7.8782 -0.922244 -0.0429104 0.38422 -35.4531 
0.387354 -0.0157884 0.921796 191.243 -0.0322091 0.999011 0.0306458 -7.87089 -0.921368 -0.041561 0.386462 -35.1701 
0.387363 -0.0150234 0.921805 191.898 -0.0278233 0.999221 0.0279771 -7.85939 -0.921507 -0.0364849 0.386643 -34.8843 
0.385972 -0.0145249 0.922396 192.564 -0.0265426 0.999287 0.0268423 -7.85029 -0.922129 -0.0348432 0.385311 -34.591 
0.385138 -0.013186 0.922765 193.238 -0.0232087 0.999443 0.0239685 -7.83775 -0.922567 -0.0306473 0.384618 -34.2966 
0.384847 -0.0151156 0.922857 193.923 -0.0201014 0.999492 0.0247535 -7.82595 -0.922761 -0.028077 0.384348 -34.0065 
0.38414 -0.0209446 0.923037 194.604 -0.0167845 0.999419 0.029663 -7.81732 -0.923122 -0.0268875 0.383565 -33.7191 
0.382712 -0.0237286 0.923563 195.294 -0.0165721 0.999333 0.0325426 -7.80595 -0.923719 -0.0277598 0.382063 -33.4177 
0.381258 -0.0262526 0.924096 195.985 -0.0155045 0.999275 0.0347852 -7.79383 -0.924339 -0.0275898 0.380574 -33.1259 
0.379883 -0.0262084 0.924663 196.668 -0.0166838 0.999242 0.0351766 -7.77817 -0.924884 -0.0287899 0.379158 -32.8325 
0.377916 -0.0264548 0.925462 197.358 -0.0181965 0.999186 0.0359929 -7.76276 -0.925661 -0.0304424 0.377127 -32.5344 
0.37611 -0.0252253 0.926232 198.043 -0.0190967 0.999206 0.0349673 -7.75251 -0.926378 -0.0308395 0.37533 -32.2399 
0.374767 -0.0216586 0.926866 198.721 -0.0187525 0.999346 0.0309347 -7.7445 -0.926929 -0.0289744 0.374116 -31.9494 
0.37407 -0.0155539 0.92727 199.404 -0.0191025 0.999518 0.024472 -7.73068 -0.927204 -0.0268674 0.373592 -31.6617 
0.373207 -0.0131572 0.927655 200.099 -0.0204802 0.999539 0.0224163 -7.71943 -0.927522 -0.0273645 0.372766 -31.3715 
0.371865 -0.0159102 0.92815 200.793 -0.021694 0.999431 0.0258239 -7.71362 -0.928033 -0.0297383 0.371308 -31.0787 
0.370779 -0.0190372 0.928526 201.485 -0.0236921 0.999271 0.0299484 -7.71007 -0.928419 -0.0331029 0.370057 -30.7881 
0.36818 -0.0182809 0.929575 202.171 -0.0280958 0.999131 0.0307768 -7.70751 -0.92933 -0.0374485 0.367346 -30.4935 
0.363344 -0.0179043 0.931483 202.863 -0.0307172 0.999042 0.0311847 -7.69354 -0.931149 -0.0399433 0.362445 -30.2052 
0.356804 -0.019228 0.933981 203.563 -0.0305691 0.999012 0.032245 -7.68241 -0.933679 -0.0400561 0.355864 -29.927 
0.347806 -0.0197144 0.937359 204.256 -0.0304579 0.999014 0.0323126 -7.67621 -0.937072 -0.0397885 0.346863 -29.6634 
0.337835 -0.0185795 0.941022 204.946 -0.027523 0.999183 0.0296089 -7.67124 -0.940803 -0.0359027 0.337047 -29.4116 
0.327189 -0.0151851 0.944837 205.641 -0.0287849 0.999247 0.0260275 -7.66099 -0.94452 -0.035713 0.326506 -29.1624 
0.315725 -0.0150505 0.948731 206.337 -0.0316097 0.999152 0.0263697 -7.64733 -0.948324 -0.0383146 0.314982 -28.9215 
0.304718 -0.0232116 0.95216 207.044 -0.0263848 0.999114 0.0328002 -7.6383 -0.952077 -0.0351174 0.303836 -28.6935 
0.296241 -0.031706 0.954587 207.754 -0.0223637 0.998945 0.0401196 -7.62806 -0.954851 -0.0332331 0.295219 -28.4739 
0.289038 -0.037229 0.956593 208.462 -0.0220753 0.998719 0.0455386 -7.61258 -0.957063 -0.0342794 0.287846 -28.2513 
0.284627 -0.0379668 0.957886 209.169 -0.0280037 0.99846 0.0478961 -7.58943 -0.958229 -0.0404569 0.283125 -28.0189 
0.281988 -0.0399485 0.958586 209.882 -0.0270556 0.998404 0.0495669 -7.5676 -0.959037 -0.0399124 0.280457 -27.8001 
0.280444 -0.040878 0.959 210.597 -0.0260401 0.998401 0.0501725 -7.54286 -0.959517 -0.039043 0.278931 -27.5813 
0.279431 -0.0389977 0.959373 211.31 -0.0263783 0.998486 0.0482707 -7.51933 -0.959803 -0.038795 0.27798 -27.355 
0.278955 -0.0368833 0.959596 212.028 -0.0298112 0.998448 0.0470428 -7.49468 -0.959841 -0.0417295 0.277423 -27.1276 
0.279406 -0.0375662 0.959438 212.751 -0.0304432 0.998385 0.0479569 -7.46821 -0.95969 -0.0426078 0.277811 -26.9008 
0.281082 -0.0388142 0.958899 213.481 -0.0310278 0.998292 0.049504 -7.4433 -0.959182 -0.0436672 0.279397 -26.6718 
0.282481 -0.0406767 0.95841 214.208 -0.029735 0.998249 0.0511316 -7.42011 -0.958812 -0.042942 0.280777 -26.444 
0.283936 -0.0415718 0.957942 214.944 -0.0262762 0.998347 0.0511137 -7.39336 -0.958483 -0.0396841 0.282374 -26.216 
0.287234 -0.043229 0.956885 215.68 -0.0248571 0.998308 0.0525619 -7.36493 -0.957538 -0.0388829 0.285673 -25.9849 
0.29134 -0.044664 0.955576 216.415 -0.0263315 0.998157 0.0546823 -7.33687 -0.956257 -0.0410929 0.289627 -25.7463 
0.29649 -0.0486638 0.953795 217.151 -0.0276667 0.997844 0.0595115 -7.30526 -0.954635 -0.0440329 0.294504 -25.4959 
0.301648 -0.0526386 0.951965 217.901 -0.0274162 0.997583 0.0638484 -7.27307 -0.953025 -0.045359 0.299476 -25.2465 
0.305968 -0.0526852 0.950583 218.641 -0.0284213 0.997517 0.0644346 -7.24058 -0.951617 -0.0467317 0.303711 -24.9921 
0.3105 -0.0482417 0.949348 219.38 -0.0336245 0.997529 0.0616875 -7.2118 -0.949978 -0.0510753 0.308111 -24.7319 
0.314901 -0.0421612 0.948188 220.109 -0.0382659 0.997637 0.0570684 -7.17236 -0.948353 -0.0542542 0.312543 -24.4627 
0.319543 -0.039066 0.946766 220.846 -0.0419727 0.997586 0.0553292 -7.13796 -0.946642 -0.0574184 0.317132 -24.1923 
0.324007 -0.0395465 0.945228 221.584 -0.0435021 0.997446 0.056643 -7.11079 -0.945054 -0.0594721 0.321459 -23.92 
0.32791 -0.0374335 0.943967 222.33 -0.0448621 0.99747 0.0551392 -7.08419 -0.943643 -0.0604291 0.325401 -23.6437 
0.331875 -0.0344973 0.942692 223.062 -0.0453082 0.997595 0.0524572 -7.05183 -0.942235 -0.0601209 0.329514 -23.3689 
0.336502 -0.0341807 0.941062 223.8 -0.0453935 0.997591 0.0524656 -7.02245 -0.940588 -0.0603729 0.33414 -23.0872 
0.341216 -0.0358346 0.939302 224.545 -0.0448786 0.997512 0.0543583 -6.99739 -0.938913 -0.0607025 0.338759 -22.8032 
0.345694 -0.0361221 0.937652 225.289 -0.0413344 0.997703 0.0536748 -6.96884 -0.937436 -0.0573124 0.343407 -22.5215 
0.350299 -0.0361526 0.93594 226.025 -0.0380435 0.997881 0.052784 -6.94383 -0.935865 -0.0540965 0.348181 -22.2389 
0.354405 -0.0339703 0.934475 226.759 -0.039022 0.997932 0.0510765 -6.91376 -0.934277 -0.0545669 0.352347 -21.9444 
0.358931 -0.0343167 0.932733 227.494 -0.0437365 0.997608 0.0535342 -6.88606 -0.932339 -0.0600095 0.356572 -21.6367 
0.363604 -0.034782 0.930904 228.233 -0.0461768 0.997401 0.0553029 -6.85893 -0.930409 -0.0630945 0.361053 -21.3269 
0.367632 -0.0321528 0.929415 228.965 -0.0437271 0.997699 0.0518115 -6.83338 -0.928943 -0.0596882 0.36538 -21.0239 
0.371592 -0.025429 0.928048 229.692 -0.042922 0.998085 0.0445341 -6.80897 -0.927404 -0.0563822 0.369789 -20.7214 
0.374862 -0.0187925 0.92689 230.414 -0.0491924 0.997983 0.0401288 -6.77938 -0.925775 -0.0606387 0.373182 -20.402 
0.377917 -0.0198447 0.925627 231.141 -0.0552496 0.997505 0.0439432 -6.75201 -0.92419 -0.0677474 0.375877 -20.0787 
0.380576 -0.0300904 0.92426 231.891 -0.0543727 0.997013 0.0548477 -6.72528 -0.92315 -0.0711282 0.377803 -19.759 
0.382485 -0.0425244 0.922983 232.631 -0.050503 0.996485 0.0668394 -6.69096 -0.92258 -0.0721784 0.378993 -19.4446 
0.384172 -0.0502146 0.921895 233.352 -0.052146 0.995746 0.0759675 -6.65521 -0.921788 -0.0772577 0.379919 -19.1223 
0.386313 -0.051895 0.920907 234.077 -0.0539704 0.995434 0.078735 -6.61736 -0.920788 -0.080118 0.381748 -18.7993 
0.388941 -0.0471281 0.920057 234.8 -0.0536743 0.995835 0.0736999 -6.5714 -0.919698 -0.0780483 0.384791 -18.475 
0.393098 -0.0413365 0.918567 235.519 -0.0523198 0.996365 0.0672276 -6.52591 -0.918007 -0.0744862 0.389506 -18.1568 
0.39749 -0.0367814 0.916869 236.239 -0.0523758 0.996658 0.0626888 -6.48233 -0.91611 -0.07294 0.394235 -17.8259 
0.401428 -0.035016 0.915221 236.957 -0.0505057 0.996902 0.0602937 -6.45004 -0.914497 -0.0704274 0.398416 -17.496 
0.405739 -0.0329616 0.913394 237.679 -0.049706 0.997075 0.0580614 -6.41378 -0.912636 -0.068959 0.402914 -17.1639 
0.409689 -0.0345129 0.911572 238.403 -0.0481798 0.997071 0.0594035 -6.37631 -0.910952 -0.0682563 0.406826 -16.8251 
0.412999 -0.0394084 0.909878 239.125 -0.0468161 0.996824 0.0644244 -6.34132 -0.909527 -0.0692042 0.409843 -16.4816 
0.416133 -0.0453078 0.908174 239.851 -0.0447745 0.996525 0.0702316 -6.30064 -0.908201 -0.0698887 0.412658 -16.1388 
0.418536 -0.0506229 0.906788 240.574 -0.0436266 0.996172 0.0757492 -6.25717 -0.907152 -0.0712639 0.414726 -15.7906 
0.420639 -0.0559263 0.905503 241.305 -0.0417114 0.99585 0.080883 -6.20731 -0.906269 -0.0717923 0.416561 -15.4372 
0.421994 -0.0625642 0.904437 242.035 -0.0403144 0.995334 0.087662 -6.15452 -0.905702 -0.0734547 0.417503 -15.0831 
0.423901 -0.0630845 0.903509 242.769 -0.0405544 0.995249 0.088517 -6.10154 -0.9048 -0.0741637 0.419329 -14.7297 
0.425496 -0.0514554 0.903496 243.486 -0.0496222 0.995554 0.0800675 -6.05442 -0.903599 -0.0789019 0.421051 -14.3593 
0.426174 -0.0379808 0.903844 244.198 -0.0513744 0.99649 0.0660976 -6.00723 -0.903181 -0.0746035 0.422727 -14.0024 
0.426896 -0.0300718 0.903801 244.916 -0.0514525 0.99702 0.0574763 -5.95569 -0.902836 -0.0710391 0.424076 -13.645 
0.426896 -0.0326895 0.90371 245.652 -0.0511501 0.996874 0.0602219 -5.91534 -0.902853 -0.0719333 0.42389 -13.2852 
