1 -4.23778e-08 4.22719e-08 0 -4.23778e-08 1 -4.19404e-08 0 4.22719e-08 -4.19404e-08 1 0 
0.999991 -0.00256905 -0.00339685 -0.00673185 0.00256149 0.999994 -0.00220131 -0.00331671 0.00340257 0.0021925 0.999992 0.676733 
0.999972 -0.0014092 -0.00739447 -0.0255045 0.00138053 0.999991 -0.00386967 -0.00440058 0.00739994 0.00385927 0.999965 1.37788 
0.999934 -0.00128117 -0.0113758 -0.0460721 0.0012201 0.999985 -0.00536603 -0.00907336 0.0113826 0.00535172 0.999921 2.09394 
0.999863 2.04297e-05 -0.0165544 -0.0668735 -0.000119665 0.999982 -0.00598846 -0.0149615 0.0165541 0.00598953 0.999845 2.82714 
0.999778 -0.00108337 -0.0210587 -0.0908822 0.000953164 0.99998 -0.00618827 -0.023662 0.0210651 0.00616674 0.999759 3.57169 
0.999672 0.000697322 -0.0256163 -0.124316 -0.000892746 0.999971 -0.00761498 -0.0303109 0.0256103 0.00763527 0.999643 4.33241 
0.999523 0.00320902 -0.03072 -0.160492 -0.00346333 0.99996 -0.00822581 -0.0401329 0.0306925 0.0083282 0.999494 5.11065 
0.999369 0.00355431 -0.0353342 -0.196444 -0.00379648 0.99997 -0.00678669 -0.0453203 0.0353091 0.00691647 0.999352 5.90807 
0.999201 0.00260146 -0.0398679 -0.238351 -0.00277238 0.999987 -0.0042303 -0.0533644 0.0398564 0.00433736 0.999196 6.71113 
0.999047 0.0024608 -0.0435728 -0.280293 -0.00253863 0.999995 -0.00172884 -0.0612586 0.0435684 0.00183773 0.999049 7.52718 
0.998914 0.00383542 -0.0464346 -0.331049 -0.00394811 0.999989 -0.00233364 -0.0705245 0.0464252 0.00251435 0.998919 8.35163 
0.998796 0.00324541 -0.0489574 -0.379488 -0.00337111 0.999991 -0.00248347 -0.0790614 0.048949 0.00264543 0.998798 9.18147 
0.99871 0.000462228 -0.0507758 -0.426663 -0.000623217 0.999995 -0.00315318 -0.085362 0.0507742 0.00318067 0.998705 10.0172 
0.9986 0.000384889 -0.0528973 -0.480277 -0.000508048 0.999997 -0.00231327 -0.0952391 0.0528963 0.00233682 0.998597 10.8571 
0.998518 -0.0011036 -0.0544141 -0.535199 0.000968108 0.999996 -0.00251482 -0.10626 0.0544167 0.00245833 0.998515 11.7132 
0.99843 0.00111385 -0.0560051 -0.601278 -0.00139648 0.999986 -0.00500611 -0.11537 0.0559989 0.00507638 0.998418 12.572 
0.998348 0.00149156 -0.0574384 -0.6641 -0.00193025 0.999969 -0.00758144 -0.126369 0.0574254 0.0076797 0.99832 13.4406 
0.998236 0.00528454 -0.0591362 -0.735054 -0.00584014 0.99994 -0.00922497 -0.137909 0.059084 0.00955398 0.998207 14.3218 
0.99817 0.00632461 -0.060129 -0.80067 -0.00685737 0.999939 -0.00865666 -0.153952 0.0600707 0.00905306 0.998153 15.2088 
0.998082 0.00531688 -0.061671 -0.864219 -0.00577206 0.999957 -0.00720362 -0.167686 0.0616302 0.00754569 0.99807 16.105 
0.997982 0.00593876 -0.0632175 -0.930691 -0.00630565 0.999964 -0.00560428 -0.18339 0.063182 0.00599151 0.997984 17.0076 
0.997928 0.00557776 -0.0641026 -1.00159 -0.00594735 0.999967 -0.00557491 -0.195975 0.0640695 0.00594451 0.997928 17.9127 
0.99782 0.00527223 -0.0657821 -1.07294 -0.00571004 0.999963 -0.00646806 -0.210039 0.0657456 0.00682949 0.997813 18.8164 
0.997749 0.00383526 -0.0669431 -1.14532 -0.0043235 0.999965 -0.00714871 -0.224113 0.0669134 0.00742196 0.997731 19.7355 
0.997712 0.00388017 -0.0674925 -1.21773 -0.00425338 0.999976 -0.00538567 -0.237212 0.0674701 0.00566033 0.997705 20.6584 
0.997716 0.00518235 -0.0673416 -1.30207 -0.0053314 0.999984 -0.00203263 -0.249809 0.0673301 0.00238693 0.997728 21.5936 
0.997767 0.0060034 -0.0665228 -1.37645 -0.00590027 0.999981 0.00174791 -0.261912 0.0665321 -0.00135159 0.997783 22.5307 
0.997871 0.00495607 -0.0650247 -1.44616 -0.00466471 0.999978 0.00463307 -0.268788 0.0650464 -0.00431998 0.997873 23.4688 
0.997971 0.00516474 -0.063463 -1.51941 -0.00483979 0.999974 0.00527425 -0.272359 0.0634887 -0.00495648 0.99797 24.4145 
0.998044 0.00544667 -0.0622803 -1.58519 -0.00530471 0.999983 0.00244582 -0.278451 0.0622926 -0.00211074 0.998056 25.3628 
0.998084 0.00613244 -0.0615598 -1.65429 -0.00629083 0.999977 -0.002378 -0.287078 0.061544 0.00276062 0.9981 26.3119 
0.998166 0.00534336 -0.060291 -1.72453 -0.00567705 0.999969 -0.00536339 -0.295634 0.0602606 0.00569575 0.998166 27.2711 
0.99821 0.00281884 -0.0597341 -1.79086 -0.00308389 0.999986 -0.00434407 -0.305813 0.0597211 0.00452042 0.998205 28.2406 
0.998204 0.000848287 -0.0599027 -1.86443 -0.000811974 0.999999 0.000631914 -0.316565 0.0599033 -0.000582226 0.998204 29.2262 
0.998152 -0.00298897 -0.0606948 -1.93166 0.00323958 0.999987 0.00403245 -0.327355 0.0606821 -0.00422171 0.998148 30.2062 
0.998024 -0.0105142 -0.0619455 -1.99287 0.0107543 0.999936 0.00354521 -0.336584 0.0619043 -0.00420447 0.998073 31.1899 
0.99791 -0.0125017 -0.0633924 -2.05932 0.012496 0.999922 -0.000485036 -0.341535 0.0633936 -0.000308214 0.997988 32.1701 
0.997823 -0.0122445 -0.0648006 -2.13547 0.0119799 0.999918 -0.00447036 -0.353868 0.0648502 0.00368424 0.997888 33.1461 
0.997704 -0.0104814 -0.0669092 -2.21996 0.0101513 0.999935 -0.0052696 -0.36614 0.0669601 0.0045782 0.997745 34.1296 
0.997648 -0.0106176 -0.0677204 -2.29753 0.0103773 0.999938 -0.00389888 -0.378241 0.0677577 0.00318687 0.997697 35.1286 
0.997599 -0.00729124 -0.0688738 -2.39173 0.00721297 0.999973 -0.00138393 -0.390065 0.0688821 0.000883732 0.997624 36.1274 
0.997518 -0.00727509 -0.0700307 -2.47579 0.00727657 0.999973 -0.000232798 -0.401781 0.0700307 -0.00027745 0.997545 37.1321 
0.997449 -0.00595092 -0.0711379 -2.56086 0.00613926 0.999978 0.00243033 -0.415115 0.071122 -0.00286095 0.997463 38.1289 
0.997468 -0.00597596 -0.0708649 -2.64427 0.00636918 0.999965 0.00532537 -0.422752 0.0708307 -0.00576332 0.997472 39.1318 
0.99744 -0.000135697 -0.0715038 -2.73857 0.000679985 0.999971 0.00758886 -0.430005 0.0715008 -0.00761814 0.997411 40.1316 
0.997437 -0.000398906 -0.0715474 -2.82833 0.000905292 0.999975 0.00704649 -0.438062 0.0715428 -0.00709329 0.997412 41.1364 
0.997435 -0.000285491 -0.0715831 -2.90924 0.000663095 0.999986 0.00525246 -0.443394 0.0715807 -0.00528654 0.997421 42.129 
0.997427 0.00181907 -0.0716646 -2.99726 -0.00159729 0.999994 0.00315299 -0.453899 0.07167 -0.0030305 0.997424 43.124 
0.997366 0.00152247 -0.0725223 -3.07915 -0.00130879 0.999995 0.00299489 -0.460935 0.0725265 -0.00289217 0.997362 44.1173 
0.997267 -0.000377705 -0.0738779 -3.16446 0.000695627 0.999991 0.00427876 -0.470686 0.0738757 -0.00431855 0.997258 45.1118 
0.997218 0.000190079 -0.0745413 -3.2511 0.000206408 0.999986 0.00531237 -0.480578 0.0745413 -0.00531306 0.997204 46.0977 
0.997195 0.0027049 -0.0747969 -3.33907 -0.00258892 0.999995 0.00164854 -0.493223 0.0748011 -0.00145036 0.997197 47.0683 
0.997129 0.003216 -0.0756461 -3.42815 -0.00341483 0.999991 -0.00249809 -0.503372 0.0756375 0.00274915 0.997132 48.036 
0.997073 0.00397249 -0.0763494 -3.51619 -0.00426422 0.999984 -0.00365715 -0.518513 0.0763337 0.00397193 0.997074 49.0117 
0.997068 0.0029268 -0.0764657 -3.60238 -0.00295856 0.999995 -0.000301072 -0.531387 0.0764646 0.00052633 0.997072 49.9918 
0.997081 0.000928689 -0.0763448 -3.6944 -0.000723489 0.999996 0.00271649 -0.541537 0.0763471 -0.00265341 0.997078 50.9648 
0.997061 -0.000992781 -0.0766096 -3.77666 0.0012605 0.999993 0.00344739 -0.554901 0.0766057 -0.00353391 0.997055 51.9269 
0.997033 -0.00420189 -0.0768598 -3.85722 0.00439005 0.999988 0.00228037 -0.56675 0.0768493 -0.00261111 0.997039 52.887 
0.996983 -0.00690397 -0.077312 -3.93652 0.0070004 0.999975 0.000977433 -0.57862 0.0773034 -0.00151579 0.997006 53.8428 
0.996877 -0.00844701 -0.0785128 -4.01759 0.00863089 0.999961 0.00200403 -0.587239 0.0784929 -0.00267549 0.996911 54.7946 
0.996752 -0.0116112 -0.0796929 -4.10105 0.0121385 0.999907 0.00613735 -0.59681 0.0796143 -0.00708486 0.9968 55.7505 
0.996688 -0.0124462 -0.0803628 -4.18637 0.0133773 0.999849 0.0110589 -0.601736 0.0802131 -0.0120974 0.996704 56.7047 
0.996658 -0.0107361 -0.0809776 -4.27452 0.0118532 0.999841 0.0133273 -0.607836 0.0808218 -0.0142427 0.996627 57.6519 
0.996555 -0.00961967 -0.0823758 -4.36292 0.0104302 0.999901 0.00941586 -0.615252 0.0822772 -0.0102427 0.996557 58.5834 
0.996454 -0.00822275 -0.0837366 -4.45182 0.00838458 0.999964 0.00158204 -0.620846 0.0837207 -0.00227862 0.996487 59.5099 
0.996397 -0.00664097 -0.0845552 -4.54435 0.00638287 0.999974 -0.00332149 -0.631136 0.0845752 0.00276973 0.996413 60.4203 
0.996336 -0.00159158 -0.0855141 -4.64053 0.00138698 0.999996 -0.00245098 -0.645616 0.0855177 0.00232331 0.996334 61.3227 
0.996205 0.000979632 -0.0870259 -4.731 -0.000997764 0.999999 -0.000163919 -0.659984 0.0870258 0.000250041 0.996206 62.2298 
0.996115 0.00349234 -0.0879899 -4.82293 -0.00337802 0.999993 0.00144902 -0.677421 0.0879944 -0.00114625 0.99612 63.1187 
0.996014 0.00421982 -0.0890978 -4.91474 -0.00413341 0.999991 0.00115523 -0.687294 0.089102 -0.000782438 0.996022 63.9841 
0.995859 0.00589917 -0.090714 -5.00739 -0.00575944 0.999982 0.00180292 -0.697446 0.0907231 -0.00127308 0.995875 64.8417 
0.995716 0.00674788 -0.0922134 -5.09653 -0.00654987 0.999975 0.00245068 -0.711475 0.0922277 -0.00183628 0.995736 65.6839 
0.995581 0.00673844 -0.0936662 -5.18363 -0.00649158 0.999975 0.00294089 -0.72395 0.0936838 -0.00231994 0.995599 66.5037 
0.995466 0.00637972 -0.0949045 -5.27489 -0.00602755 0.999974 0.00399781 -0.73209 0.0949276 -0.00340773 0.995478 67.3145 
0.995294 0.00902174 -0.0964798 -5.36302 -0.00841638 0.999942 0.00668049 -0.74047 0.0965346 -0.00583713 0.995312 68.1171 
0.99516 0.0106043 -0.0976954 -5.45929 -0.0095601 0.999892 0.0111512 -0.761656 0.0978032 -0.0101633 0.995154 68.9043 
0.994946 0.0138037 -0.0994537 -5.54866 -0.0125983 0.999839 0.012739 -0.764867 0.0996137 -0.0114217 0.994961 69.6802 
0.994785 0.0163592 -0.100673 -5.64278 -0.0155652 0.999841 0.00866838 -0.773894 0.100799 -0.00705628 0.994882 70.4306 
0.994653 0.0163071 -0.101975 -5.73068 -0.0162484 0.999867 0.00140685 -0.78538 0.101984 0.000257511 0.994786 71.1549 
0.994505 0.0153267 -0.103561 -5.81306 -0.0158823 0.999863 -0.00454166 -0.789792 0.103477 0.0061614 0.994613 71.8675 
0.994457 0.016215 -0.103883 -5.89947 -0.0169113 0.99984 -0.00582465 -0.797234 0.103772 0.00754908 0.994572 72.5625 
0.994306 0.0189593 -0.10486 -5.98557 -0.019308 0.999811 -0.00231093 -0.812222 0.104796 0.00432232 0.994484 73.2445 
0.994176 0.0189875 -0.106082 -6.07202 -0.0191043 0.999817 -8.42769e-05 -0.826936 0.106061 0.00211032 0.994357 73.9076 
0.994116 0.0158643 -0.107152 -6.14506 -0.0163218 0.999861 -0.00339345 -0.842002 0.107084 0.00512231 0.994237 74.5464 
0.994202 0.00760225 -0.107254 -6.20928 -0.00855808 0.999928 -0.0084536 -0.855465 0.107182 0.00932239 0.994196 75.1633 
0.994327 0.0035707 -0.106308 -6.27402 -0.00500799 0.9999 -0.0132554 -0.8702 0.10625 0.0137125 0.994245 75.7627 
0.99463 0.0059748 -0.103317 -6.34267 -0.0074263 0.999879 -0.0136692 -0.879854 0.103223 0.014363 0.994554 76.3486 
0.995004 0.0109147 -0.0992404 -6.41323 -0.0120406 0.99987 -0.0107518 -0.894585 0.0991102 0.0118929 0.995005 76.921 
0.995456 0.0094352 -0.0947536 -6.46677 -0.0102065 0.999919 -0.00765785 -0.906736 0.0946737 0.00859006 0.995471 77.4817 
0.995995 0.00563759 -0.0892255 -6.50809 -0.00596461 0.999976 -0.00339802 -0.921495 0.0892043 0.00391652 0.996006 78.0303 
0.996705 0.00126672 -0.0811019 -6.54695 -0.0012659 0.999999 6.25604e-05 -0.934649 0.081102 4.02253e-05 0.996706 78.5603 
0.997503 0.00487412 -0.0704538 -6.58583 -0.00489427 0.999988 -0.000112182 -0.944918 0.0704524 0.000456634 0.997515 79.0765 
0.998417 0.0101141 -0.0553212 -6.62161 -0.010164 0.999948 -0.000619091 -0.954823 0.0553122 0.00118031 0.998468 79.5786 
0.999183 0.0151886 -0.0374565 -6.63938 -0.0152105 0.999884 -0.000296069 -0.960286 0.0374478 0.000865475 0.999298 80.0708 
0.999792 0.0135808 -0.0152317 -6.63923 -0.0135809 0.999908 9.79099e-05 -0.963794 0.0152318 0.000108888 0.999884 80.551 
0.999889 0.0100264 0.0110391 -6.61633 -0.0100409 0.999949 0.00124889 -0.974988 -0.011026 -0.00135968 0.999938 81.0159 
0.999133 0.00898891 0.0406448 -6.58106 -0.00910715 0.999955 0.00272288 -0.981639 -0.0406184 -0.00309076 0.99917 81.4712 
0.997238 0.00865622 0.0737611 -6.53216 -0.00898378 0.999951 0.00410901 -0.989156 -0.0737218 -0.0047604 0.997267 81.9147 
0.993736 0.00860764 0.111418 -6.4639 -0.00917396 0.999947 0.0045703 -0.995426 -0.111373 -0.0055639 0.993763 82.3535 
0.988177 0.00880569 0.153067 -6.37416 -0.00962418 0.999943 0.00460661 -1.0017 -0.153017 -0.00602536 0.988205 82.78 
0.980117 0.00849316 0.198238 -6.26563 -0.009616 0.999943 0.00470158 -1.00996 -0.198187 -0.00651443 0.980142 83.1913 
0.968895 0.0107424 0.24724 -6.13745 -0.0117695 0.999927 0.00267612 -1.02112 -0.247193 -0.00550284 0.96895 83.5875 
0.953749 0.0116774 0.300376 -5.98864 -0.0121511 0.999926 -0.000291286 -1.02882 -0.300357 -0.00337215 0.953821 83.9643 
0.934305 0.0119111 0.356276 -5.81715 -0.0118892 0.999927 -0.00225162 -1.03838 -0.356276 -0.00213218 0.934378 84.3244 
0.910368 0.0127096 0.413604 -5.62577 -0.0120301 0.999919 -0.00424781 -1.04302 -0.413624 -0.00110868 0.910447 84.6657 
0.881662 0.0127367 0.47171 -5.41469 -0.0112078 0.999919 -0.00605096 -1.05082 -0.471749 4.80052e-05 0.881733 84.9891 
0.848466 0.0110931 0.529134 -5.18316 -0.0082072 0.999936 -0.00780328 -1.06184 -0.529186 0.00227806 0.848503 85.2859 
0.811764 0.010786 0.583886 -4.93525 -0.00683719 0.999936 -0.00896624 -1.07133 -0.583946 0.00328628 0.811786 85.568 
0.77184 0.0094247 0.635747 -4.67204 -0.00587768 0.999953 -0.00768818 -1.08361 -0.63579 0.00219728 0.771859 85.834 
0.728792 0.00908247 0.684675 -4.39363 -0.00725723 0.999958 -0.00554013 -1.09117 -0.684697 -0.000931279 0.728828 86.0874 
0.683226 0.00814434 0.730161 -4.10054 -0.00662353 0.999966 -0.00495615 -1.09955 -0.730176 -0.00145011 0.683257 86.3172 
0.636194 0.00693157 0.771498 -3.79551 -0.00342217 0.999975 -0.00616247 -1.10725 -0.771521 0.00128029 0.636202 86.5229 
0.588847 0.00430719 0.808233 -3.47549 0.00225252 0.999973 -0.00697023 -1.11538 -0.808241 0.00592493 0.588822 86.709 
0.541538 0.0064946 0.840651 -3.154 0.000286001 0.999969 -0.0079098 -1.12503 -0.840676 0.00452385 0.541519 86.8825 
0.493819 0.00949242 0.869513 -2.82759 -0.00348216 0.999954 -0.00893894 -1.13365 -0.869558 0.0013864 0.493829 87.0413 
0.44786 0.0117184 0.894027 -2.49445 -0.00434913 0.999931 -0.0109279 -1.1433 -0.894093 0.00100592 0.44788 87.1801 
0.405365 0.00915642 0.914109 -2.14792 0.00285417 0.999932 -0.0112819 -1.14968 -0.91415 0.00718229 0.405311 87.2914 
0.365626 0.00161257 0.93076 -1.78851 0.0179672 0.9998 -0.00879026 -1.15167 -0.930588 0.0199371 0.365524 87.3806 
0.330093 -0.00193065 0.943946 -1.42837 0.0222739 0.999735 -0.00574441 -1.15461 -0.943685 0.0229215 0.330049 87.4736 
0.296781 0.00220251 0.954943 -1.0661 0.0196341 0.999772 -0.00840796 -1.16122 -0.954744 0.0212447 0.29667 87.5708 
0.265593 0.0100006 0.964033 -0.705369 0.00874133 0.99988 -0.0127808 -1.17643 -0.964046 0.0118214 0.265474 87.6719 
0.237225 0.0144744 0.971347 -0.328368 0.00423987 0.999864 -0.015935 -1.19281 -0.971445 0.00789855 0.237132 87.7576 
0.21148 0.0161989 0.977248 0.0650207 0.00553269 0.999827 -0.0177706 -1.20633 -0.977367 0.00916492 0.211353 87.8283 
0.188147 0.017453 0.981986 0.466956 0.0130059 0.99971 -0.02026 -1.21751 -0.982055 0.0165835 0.187865 87.8817 
0.167882 0.0237583 0.985521 0.876904 0.0198496 0.999425 -0.0274749 -1.21714 -0.985607 0.0241747 0.167314 87.929 
0.148142 0.0305642 0.988494 1.29693 0.0221338 0.999169 -0.0342115 -1.21757 -0.988718 0.0269473 0.147343 87.9819 
0.130467 0.0313803 0.990956 1.73012 0.0194716 0.999225 -0.0342059 -1.23284 -0.991261 0.0237582 0.129755 88.0384 
0.115109 0.0269741 0.992986 2.18597 0.0178731 0.999413 -0.0292207 -1.25536 -0.993192 0.0211113 0.114559 88.089 
0.100613 0.0237891 0.994641 2.6524 0.0179277 0.999508 -0.0257191 -1.27577 -0.994764 0.0204193 0.100137 88.1324 
0.0875227 0.0212316 0.995936 3.13287 0.0207271 0.999518 -0.0231296 -1.29328 -0.995947 0.0226672 0.0870404 88.1658 
0.0758704 0.0204395 0.996908 3.6261 0.0247745 0.999443 -0.0223771 -1.30802 -0.99681 0.0263957 0.0753217 88.196 
0.0657364 0.0210985 0.997614 4.14047 0.0281955 0.999338 -0.0229929 -1.32014 -0.997439 0.0296397 0.065098 88.2252 
0.0578015 0.0216575 0.998093 4.67636 0.0302244 0.999268 -0.0234334 -1.33503 -0.99787 0.0315212 0.0571046 88.2568 
0.0521641 0.0220115 0.998396 5.22258 0.0317602 0.999215 -0.0236891 -1.35031 -0.998133 0.032945 0.051424 88.2857 
0.0467176 0.0230685 0.998642 5.78719 0.0330847 0.999149 -0.0246281 -1.36646 -0.99836 0.0341903 0.0459146 88.3107 
0.0408769 0.0237525 0.998882 6.36925 0.0337471 0.999114 -0.0251392 -1.38384 -0.998594 0.0347369 0.0400391 88.3362 
0.0364645 0.0238659 0.99905 6.97236 0.0361739 0.999028 -0.0251858 -1.39947 -0.99868 0.0370579 0.0355658 88.3597 
0.0337463 0.0237546 0.999148 7.59008 0.0378947 0.998968 -0.0250303 -1.41882 -0.998712 0.0387071 0.0328113 88.3787 
0.0306255 0.0233874 0.999257 8.23062 0.0387237 0.998948 -0.0245671 -1.43688 -0.99878 0.0394473 0.0296877 88.4025 
0.0284019 0.0228015 0.999336 8.88798 0.0408697 0.998877 -0.0239527 -1.4561 -0.998761 0.0415229 0.0274381 88.4233 
0.0277252 0.0223758 0.999365 9.56275 0.0453019 0.998694 -0.0236176 -1.47774 -0.998588 0.045928 0.0266753 88.4428 
0.0288027 0.0220219 0.999342 10.2552 0.0489311 0.998528 -0.0234143 -1.49829 -0.998387 0.0495733 0.0276827 88.4651 
0.0311975 0.022045 0.99927 10.9623 0.0505694 0.998441 -0.0236056 -1.518 -0.998233 0.0512689 0.0300341 88.4943 
0.0350958 0.0220321 0.999141 11.6854 0.0530301 0.998307 -0.0238765 -1.53868 -0.997976 0.0538225 0.0338681 88.526 
0.039506 0.0215677 0.998986 12.4291 0.0535402 0.998285 -0.0236699 -1.56145 -0.997784 0.054421 0.0382835 88.5644 
0.0435385 0.0199277 0.998853 13.1896 0.0550682 0.998233 -0.0223157 -1.58264 -0.997533 0.0559767 0.0423641 88.6066 
0.047572 0.0184733 0.998697 13.9576 0.0549189 0.998268 -0.0210814 -1.60401 -0.997357 0.0558502 0.0464751 88.6544 
0.0518932 0.0164764 0.998517 14.7458 0.0517715 0.998475 -0.0191664 -1.62555 -0.99731 0.0526894 0.0509611 88.7073 
0.0558012 0.015512 0.998321 15.5453 0.0509206 0.998534 -0.0183616 -1.6457 -0.997142 0.0518598 0.0549295 88.7681 
0.0600405 0.0164231 0.998061 16.3505 0.0483272 0.998644 -0.01934 -1.67061 -0.997025 0.0493947 0.0591655 88.83 
0.0631958 0.020676 0.997787 17.1551 0.0463899 0.998644 -0.0236319 -1.69497 -0.996922 0.0477807 0.0621509 88.8939 
0.0645439 0.0260857 0.997574 17.9653 0.0405577 0.998764 -0.028741 -1.72261 -0.99709 0.0423143 0.0634061 88.9676 
0.0642703 0.0292134 0.997505 18.7804 0.037894 0.998779 -0.0316923 -1.75366 -0.997213 0.0398363 0.0630848 89.0366 
0.0645146 0.0287846 0.997501 19.5989 0.0355828 0.998882 -0.0311259 -1.78569 -0.997282 0.0375019 0.0634182 89.1035 
0.0645716 0.0271205 0.997544 20.4255 0.0329713 0.999027 -0.0292951 -1.82101 -0.997368 0.034782 0.0636145 89.1724 
0.0642992 0.0257835 0.997597 21.2466 0.0338889 0.999033 -0.0280049 -1.85545 -0.997355 0.0356082 0.0633633 89.2369 
0.0647924 0.0253151 0.997578 22.0698 0.0314458 0.99913 -0.027397 -1.88921 -0.997403 0.0331447 0.0639399 89.3041 
0.0648487 0.0256378 0.997566 22.8888 0.0297841 0.999175 -0.0276154 -1.92432 -0.99745 0.0315024 0.0640316 89.3721 
0.0650682 0.026352 0.997533 23.7081 0.0269238 0.999241 -0.0281534 -1.95837 -0.997517 0.0286892 0.0643093 89.4374 
0.0639321 0.027726 0.997569 24.5273 0.0241135 0.999279 -0.029319 -1.99266 -0.997663 0.0259293 0.0632175 89.5029 
0.0612081 0.0273779 0.997749 25.3458 0.0209719 0.999368 -0.028709 -2.02557 -0.997905 0.022682 0.0605953 89.5667 
0.05751 0.0261316 0.998003 26.1621 0.0187695 0.999452 -0.0272512 -2.05897 -0.998168 0.0202992 0.056988 89.6233 
0.0528849 0.0238023 0.998317 26.9777 0.0168771 0.999552 -0.0247259 -2.09208 -0.998458 0.0181563 0.0524594 89.6756 
0.0466399 0.0216397 0.998677 27.7924 0.0148888 0.999639 -0.022356 -2.1255 -0.998801 0.0159118 0.0463009 89.7241 
0.0393171 0.0220323 0.998984 28.5965 0.0144543 0.99964 -0.0226157 -2.15483 -0.999122 0.0153288 0.0389845 89.7634 
0.0306916 0.0228917 0.999267 29.3986 0.0143564 0.999624 -0.0233409 -2.18588 -0.999426 0.0150623 0.0303514 89.796 
0.0208721 0.0234953 0.999506 30.2054 0.0150321 0.999603 -0.0238116 -2.21125 -0.999669 0.0155216 0.0205106 89.8171 
0.0105841 0.0224483 0.999692 31.0025 0.0162661 0.999612 -0.0226188 -2.24253 -0.999812 0.0165005 0.0102148 89.8323 
-6.5141e-05 0.0215306 0.999768 31.7977 0.0153441 0.99965 -0.0215272 -2.27134 -0.999882 0.0153391 -0.000395485 89.8386 
-0.0111541 0.020778 0.999722 32.5856 0.0166794 0.999649 -0.0205905 -2.29926 -0.999799 0.0164451 -0.0114967 89.833 
-0.0221238 0.0211284 0.999532 33.3682 0.0168708 0.999642 -0.0207574 -2.32771 -0.999613 0.0164037 -0.0224724 89.8213 
-0.033081 0.0216234 0.999219 34.1456 0.0170811 0.999632 -0.0210669 -2.35691 -0.999307 0.0163709 -0.0334381 89.7995 
-0.0436974 0.0228088 0.998784 34.9183 0.0166841 0.999617 -0.022098 -2.38445 -0.998905 0.0156982 -0.0440612 89.7709 
-0.0539871 0.0238925 0.998256 35.6845 0.0175592 0.999582 -0.0229746 -2.41059 -0.998387 0.0162883 -0.054384 89.7345 
-0.0635099 0.0247059 0.997675 36.4454 0.018454 0.999552 -0.0235777 -2.43681 -0.99781 0.0169137 -0.0639374 89.6905 
-0.0731265 0.0251752 0.997005 37.1989 0.0190902 0.999533 -0.023839 -2.46522 -0.99714 0.0172898 -0.073573 89.6379 
-0.0825913 0.0255594 0.996256 37.9409 0.0198607 0.999515 -0.0239966 -2.49405 -0.996386 0.0178045 -0.0830589 89.5829 
-0.091115 0.0249769 0.995527 38.679 0.0210856 0.99951 -0.0231471 -2.52237 -0.995617 0.0188822 -0.091597 89.5203 
-0.0986153 0.023994 0.994836 39.41 0.0230673 0.999496 -0.0218199 -2.54765 -0.994858 0.0207964 -0.099119 89.4535 
-0.103694 0.022247 0.99436 40.1333 0.025939 0.99947 -0.0196565 -2.57645 -0.994271 0.0237545 -0.104216 89.3779 
-0.107346 0.020578 0.994009 40.8468 0.0289544 0.999426 -0.0175634 -2.60317 -0.9938 0.0268955 -0.10788 89.3021 
-0.109977 0.0195374 0.993742 41.5487 0.0308134 0.999393 -0.0162385 -2.62546 -0.993456 0.0288347 -0.110512 89.2284 
-0.111822 0.0185921 0.993554 42.2433 0.0310776 0.999401 -0.0152039 -2.651 -0.993242 0.0291772 -0.112333 89.1572 
-0.112491 0.0191384 0.993468 42.9235 0.0318766 0.999369 -0.0156427 -2.67169 -0.993141 0.0299087 -0.11303 89.0875 
-0.111484 0.0201719 0.993561 43.5875 0.0328668 0.999322 -0.016601 -2.69382 -0.993223 0.0308044 -0.112071 89.0159 
-0.108621 0.0218024 0.993844 44.2323 0.0337391 0.999264 -0.0182339 -2.71574 -0.99351 0.0315508 -0.109276 88.9548 
-0.103358 0.0223841 0.994392 44.8584 0.0338069 0.999248 -0.0189796 -2.73722 -0.994069 0.0316556 -0.104037 88.8988 
-0.0954343 0.0229678 0.995171 45.4529 0.0330698 0.999255 -0.0198908 -2.76324 -0.994886 0.0310118 -0.0961228 88.8537 
-0.0843348 0.0228871 0.996175 46.0336 0.0320146 0.999282 -0.0202483 -2.78668 -0.995923 0.0301845 -0.085007 88.819 
-0.0705921 0.0231053 0.997238 46.6023 0.0312653 0.999292 -0.0209397 -2.81063 -0.997015 0.0297008 -0.0712645 88.7946 
-0.0534466 0.0244574 0.998271 47.1529 0.0303881 0.999277 -0.0228552 -2.83383 -0.998108 0.029114 -0.0541511 88.7843 
-0.0320803 0.0269809 0.999121 47.69 0.0288269 0.999245 -0.0260587 -2.85655 -0.999069 0.0279656 -0.0328339 88.7851 
-0.00731233 0.0299504 0.999525 48.223 0.0269244 0.999195 -0.0297436 -2.88079 -0.999611 0.0266941 -0.00811284 88.8027 
0.0212012 0.031747 0.999271 48.7513 0.0251976 0.999161 -0.0322782 -2.9023 -0.999458 0.0258636 0.0203835 88.8345 
0.0546324 0.0311733 0.99802 49.2767 0.0231909 0.999203 -0.0324799 -2.92613 -0.998237 0.0249194 0.053866 88.8859 
0.0932296 0.0288162 0.995227 49.8016 0.0223854 0.999268 -0.0310303 -2.94494 -0.995393 0.0251715 0.0925162 88.9526 
0.135685 0.0250538 0.990435 50.3183 0.0200781 0.999405 -0.0280314 -2.96847 -0.990548 0.0236895 0.135101 89.0489 
0.181792 0.0208497 0.983116 50.8182 0.0179407 0.999538 -0.0245155 -2.98836 -0.983173 0.0220945 0.181334 89.1601 
0.230803 0.017633 0.972841 51.3117 0.0133452 0.999684 -0.0212857 -3.00949 -0.972909 0.0178955 0.230494 89.3056 
0.283271 0.0162431 0.958902 51.7937 0.00994244 0.999753 -0.0198723 -3.02526 -0.958988 0.015163 0.283039 89.4711 
0.339216 0.0154209 0.940582 52.2575 0.00861745 0.999773 -0.0194993 -3.04968 -0.940669 0.0147199 0.339006 89.6612 
0.39798 0.0157812 0.917258 52.7117 0.0107399 0.999703 -0.0218595 -3.06595 -0.917331 0.0185509 0.397692 89.8834 
0.457992 0.0190872 0.888751 53.1391 0.0113409 0.999563 -0.0273114 -3.0838 -0.888884 0.0225877 0.457576 90.138 
0.517477 0.0221504 0.85541 53.5364 0.0122735 0.99937 -0.0333031 -3.10354 -0.855609 0.0277324 0.516879 90.418 
0.575181 0.0264661 0.817598 53.9066 0.00772056 0.999256 -0.0377781 -3.12137 -0.81799 0.0280415 0.574549 90.7353 
0.630783 0.0289699 0.775418 54.2601 0.00373458 0.999178 -0.0403678 -3.14167 -0.77595 0.0283592 0.630157 91.0806 
0.683101 0.0297392 0.729718 54.5647 0.00187375 0.999096 -0.0424718 -3.16011 -0.730321 0.0303798 0.682428 91.4239 
0.731452 0.0279563 0.681319 54.8555 0.000962651 0.999116 -0.04203 -3.17984 -0.681892 0.0313988 0.730779 91.7992 
0.776218 0.0245472 0.629987 55.1223 -0.0015726 0.999314 -0.0370004 -3.19986 -0.630463 0.0277296 0.775724 92.1973 
0.816957 0.0198435 0.576357 55.357 -0.00283472 0.999534 -0.0303952 -3.21775 -0.576691 0.0231977 0.816632 92.6103 
0.852826 0.0174125 0.521904 55.5617 -0.00557532 0.99969 -0.0242428 -3.23427 -0.522165 0.0177651 0.85266 93.0399 
0.883413 0.0141354 0.468383 55.7417 -0.00680603 0.999826 -0.0173373 -3.24789 -0.468546 0.0121281 0.883355 93.483 
0.908431 0.0148104 0.417773 55.8913 -0.0108102 0.99987 -0.01194 -3.26698 -0.417896 0.00633038 0.908473 93.9236 
0.928111 0.0168025 0.371924 56.0239 -0.0147164 0.999856 -0.00844719 -3.28267 -0.372012 0.00236648 0.928225 94.3776 
0.943066 0.0225692 0.331839 56.1382 -0.0218443 0.999744 -0.00591528 -3.29234 -0.331888 -0.00167036 0.943317 94.8407 
0.954557 0.0270476 0.2968 56.2398 -0.026154 0.999633 -0.00698241 -3.30012 -0.29688 -0.00109746 0.954914 95.3083 
0.963575 0.0290145 0.26586 56.3432 -0.0281945 0.999579 -0.00690179 -3.30627 -0.265948 -0.000845451 0.963987 95.7831 
0.969552 0.0232245 0.243782 56.4484 -0.0222581 0.99973 -0.00671903 -3.31344 -0.243872 0.00108826 0.969807 96.2671 
0.973361 0.020385 0.228371 56.5451 -0.019513 0.999791 -0.0060763 -3.32593 -0.228447 0.00145817 0.973555 96.7594 
0.976154 0.0244722 0.215697 56.6323 -0.023649 0.9997 -0.00639749 -3.33386 -0.215789 0.00114385 0.976439 97.2571 
0.978099 0.0298314 0.205993 56.7173 -0.029219 0.999555 -0.00601541 -3.3366 -0.20608 -0.000135315 0.978535 97.7642 
0.979088 0.0376032 0.199932 56.8004 -0.0368638 0.999293 -0.00742133 -3.34157 -0.20007 -0.000104218 0.979782 98.2775 
0.979449 0.0434962 0.196948 56.8863 -0.0421386 0.99905 -0.0110809 -3.35201 -0.197243 0.00255401 0.980351 98.8021 
0.979565 0.0447069 0.196096 56.9838 -0.0428737 0.998988 -0.0135862 -3.36543 -0.196505 0.0049011 0.980491 99.3367 
0.97915 0.0431227 0.19851 57.091 -0.0405249 0.999032 -0.017133 -3.37793 -0.199056 0.00873113 0.979949 99.8746 
0.978466 0.0413365 0.202227 57.2064 -0.0373206 0.999024 -0.0236337 -3.38704 -0.203007 0.0155775 0.979053 100.421 
0.97764 0.0414081 0.206169 57.325 -0.0363159 0.998936 -0.0284246 -3.39777 -0.207126 0.0203017 0.978103 100.981 
0.976457 0.0463984 0.210663 57.4352 -0.0414058 0.998748 -0.0280519 -3.41431 -0.211701 0.0186687 0.977156 101.566 
0.975049 0.0494123 0.216421 57.5515 -0.0452435 0.998683 -0.0241783 -3.43107 -0.217331 0.0137834 0.976001 102.163 
0.974117 0.0464637 0.221216 57.6832 -0.0431885 0.998874 -0.0196223 -3.44875 -0.221879 0.0095604 0.975027 102.77 
0.973464 0.0419412 0.224965 57.8274 -0.0398242 0.999109 -0.0139425 -3.4667 -0.225349 0.00461339 0.974267 103.388 
0.972688 0.0394009 0.228748 57.9694 -0.0382673 0.999223 -0.00939142 -3.48087 -0.22894 0.000381307 0.97344 104.021 
0.972169 0.0348447 0.231675 58.1173 -0.0337262 0.999392 -0.00878856 -3.49207 -0.23184 0.000730388 0.972754 104.657 
0.972238 0.0312984 0.23189 58.2701 -0.0293705 0.999499 -0.0117633 -3.50711 -0.232142 0.0046259 0.972671 105.305 
0.972362 0.0304647 0.23148 58.419 -0.0268574 0.999464 -0.0187202 -3.52351 -0.231926 0.0119858 0.972659 105.953 
0.972526 0.0324792 0.230518 58.5666 -0.0273427 0.999302 -0.0254433 -3.54052 -0.231184 0.0184412 0.972735 106.617 
0.97307 0.0350993 0.22782 58.7095 -0.0291849 0.999145 -0.0292795 -3.55602 -0.228653 0.021842 0.973263 107.294 
0.973677 0.033467 0.225461 58.8611 -0.0285525 0.999279 -0.0250246 -3.57455 -0.226135 0.0179284 0.973931 108 
0.974134 0.0293988 0.224049 59.0192 -0.0261424 0.999505 -0.0174881 -3.59416 -0.224452 0.0111785 0.974421 108.714 
0.974721 0.0296722 0.221445 59.1728 -0.0277668 0.999546 -0.0117134 -3.61526 -0.221692 0.00526843 0.975102 109.44 
0.975002 0.0329808 0.219733 59.3207 -0.0310081 0.999442 -0.0124222 -3.63398 -0.22002 0.00529806 0.975481 110.173 
0.97527 0.0389008 0.217565 59.4657 -0.0360196 0.999203 -0.0171954 -3.64748 -0.21806 0.00893346 0.975894 110.917 
0.976089 0.0394048 0.21377 59.6073 -0.0354342 0.999121 -0.0223763 -3.66746 -0.214464 0.0142664 0.976628 111.665 
0.977027 0.0378035 0.209737 59.7626 -0.0332539 0.99913 -0.0251778 -3.68761 -0.210506 0.0176247 0.977434 112.429 
0.977968 0.0355394 0.205709 59.92 -0.0313139 0.999227 -0.0237616 -3.70973 -0.206395 0.0167964 0.978325 113.204 
0.978831 0.0314579 0.202236 60.0774 -0.0276345 0.999382 -0.0217027 -3.73405 -0.202794 0.0156545 0.979096 113.991 
0.979269 0.0303065 0.200285 60.2323 -0.0270617 0.999455 -0.0189198 -3.75906 -0.200749 0.0131075 0.979555 114.788 
0.979639 0.0270117 0.198943 60.3909 -0.0241864 0.999569 -0.0166192 -3.77854 -0.199306 0.0114691 0.97987 115.593 
0.979865 0.0216963 0.198479 60.5519 -0.0190255 0.999701 -0.0153542 -3.79979 -0.198752 0.0112688 0.979985 116.404 
0.979994 0.0224312 0.19776 60.703 -0.0200983 0.999703 -0.0137965 -3.82095 -0.198011 0.0095458 0.980153 117.22 
0.979784 0.0275755 0.198149 60.8485 -0.0249195 0.999563 -0.0158859 -3.83998 -0.1985 0.0106269 0.980043 118.045 
0.979491 0.0332846 0.198721 60.9953 -0.030044 0.999362 -0.0193016 -3.86006 -0.199237 0.0129353 0.979866 118.877 
0.978987 0.0420993 0.199531 61.1435 -0.0386779 0.999031 -0.0210166 -3.87976 -0.200222 0.0128575 0.979666 119.707 
0.978076 0.0480655 0.202623 61.2884 -0.0448475 0.998785 -0.0204466 -3.90421 -0.203359 0.0109112 0.979043 120.546 
0.977343 0.0506087 0.205523 61.4459 -0.0478173 0.998684 -0.0185294 -3.9307 -0.20619 0.00828201 0.978477 121.393 
0.976737 0.051182 0.208244 61.6085 -0.0482118 0.99865 -0.0193173 -3.95721 -0.208952 0.00882806 0.977886 122.242 
0.976468 0.0495968 0.20988 61.7818 -0.0459812 0.998698 -0.022075 -3.98067 -0.210701 0.0119049 0.977478 123.089 
0.976468 0.0433503 0.21126 61.9615 -0.0398647 0.99899 -0.0207332 -4.00815 -0.211945 0.0118235 0.97721 123.933 
0.976693 0.0366617 0.211486 62.14 -0.0327231 0.99922 -0.0220949 -4.03798 -0.212131 0.0146594 0.977131 124.771 
0.976473 0.0359958 0.212612 62.3157 -0.0320012 0.999241 -0.0222012 -4.06867 -0.21325 0.014875 0.976884 125.622 
0.975972 0.0385178 0.214465 62.4872 -0.0351769 0.999193 -0.0193745 -4.09243 -0.215038 0.0113647 0.97654 126.471 
0.97555 0.0407845 0.215962 62.6535 -0.0387348 0.999155 -0.0137174 -4.11757 -0.216339 0.0050167 0.976305 127.315 
0.975226 0.0441998 0.21675 62.8219 -0.0431768 0.999023 -0.00945572 -4.14423 -0.216956 -0.000137188 0.976181 128.152 
0.975024 0.0433211 0.217832 62.9945 -0.0408278 0.999039 -0.0159363 -4.17119 -0.218313 0.00664457 0.975856 128.983 
0.975278 0.0391278 0.21749 63.1737 -0.0333319 0.998986 -0.030256 -4.19951 -0.218453 0.0222586 0.975593 129.796 
0.975506 0.0367792 0.216876 63.3504 -0.0289392 0.998811 -0.0392171 -4.23054 -0.218061 0.0319802 0.975411 130.605 
0.975781 0.0338518 0.216116 63.5243 -0.0279495 0.99915 -0.0303102 -4.25786 -0.216958 0.0235357 0.975897 131.432 
0.97622 0.027111 0.215082 63.7028 -0.0256658 0.999625 -0.00951018 -4.28854 -0.215259 0.0037637 0.97655 132.275 
0.976574 0.0233436 0.21391 63.881 -0.0251443 0.999667 0.00569994 -4.31723 -0.213705 -0.0109451 0.976837 133.118 
0.976582 0.028039 0.213311 64.0418 -0.0286732 0.999589 -0.000121339 -4.33484 -0.213226 -0.00599787 0.976984 133.93 
0.976774 0.0360615 0.211213 64.1955 -0.0333894 0.999311 -0.0162055 -4.34744 -0.211652 0.00877677 0.977306 134.739 
0.977022 0.0361206 0.210055 64.3574 -0.0317426 0.999204 -0.0241779 -4.36325 -0.210761 0.0169546 0.97739 135.556 
0.977633 0.0318926 0.207883 64.5251 -0.0273362 0.99932 -0.0247552 -4.39568 -0.208531 0.0185187 0.97784 136.374 
0.978224 0.0313328 0.205171 64.6843 -0.0271758 0.999365 -0.023049 -4.43049 -0.205763 0.0169714 0.978455 137.198 
0.978977 0.0310083 0.201602 64.8362 -0.0266136 0.999346 -0.0244741 -4.4569 -0.202229 0.0185941 0.979162 138.018 
0.979948 0.0320504 0.196657 64.9838 -0.027467 0.999285 -0.0259914 -4.48572 -0.197349 0.0200686 0.980128 138.831 
0.980313 0.0370076 0.193949 65.12 -0.0325468 0.999128 -0.0261376 -4.51761 -0.194747 0.0193106 0.980663 139.641 
0.980467 0.0432204 0.191874 65.2531 -0.0388382 0.998893 -0.0265434 -4.54445 -0.192809 0.0185728 0.98106 140.448 
0.980794 0.0445258 0.189898 65.3943 -0.0406177 0.998876 -0.024425 -4.57605 -0.190772 0.0162425 0.9815 141.256 
0.981125 0.0422059 0.188712 65.5382 -0.0392015 0.999038 -0.0196265 -4.60604 -0.189359 0.0118582 0.981836 142.061 
0.981543 0.0405757 0.186886 65.6816 -0.0375708 0.999102 -0.0195945 -4.63442 -0.187514 0.0122113 0.982186 142.867 
0.982119 0.0387261 0.184235 65.8226 -0.0351608 0.999126 -0.0225818 -4.66487 -0.184949 0.0157001 0.982623 143.661 
0.983149 0.0338898 0.179636 65.9552 -0.0296787 0.999219 -0.0260797 -4.69679 -0.180379 0.0203088 0.983387 144.451 
0.984428 0.0308035 0.173067 66.0879 -0.0265269 0.999284 -0.0269709 -4.72523 -0.173774 0.02196 0.984541 145.237 
0.985599 0.0288205 0.166627 66.2105 -0.0255496 0.999437 -0.0217417 -4.75105 -0.16716 0.0171713 0.98578 146.036 
0.986711 0.0261529 0.160363 66.3297 -0.0243269 0.999615 -0.0133406 -4.77488 -0.16065 0.00926208 0.986968 146.843 
0.987353 0.0231275 0.156842 66.4462 -0.0227799 0.999732 -0.0040142 -4.79567 -0.156893 0.000390505 0.987615 147.654 
0.987853 0.0297291 0.152517 66.5476 -0.0298546 0.999553 -0.00146807 -4.81161 -0.152493 -0.00310319 0.9883 148.457 
0.988457 0.0325827 0.147953 66.6433 -0.0320033 0.999468 -0.00629606 -4.82539 -0.14808 0.00148832 0.988974 149.254 
0.989591 0.0327858 0.140126 66.7461 -0.0307778 0.99939 -0.0164743 -4.84354 -0.14058 0.01199 0.989997 150.049 
0.990603 0.0295238 0.133544 66.8467 -0.0268169 0.999398 -0.0220248 -4.85556 -0.134114 0.0182365 0.990798 150.851 
0.991517 0.028511 0.126813 66.9366 -0.026069 0.999442 -0.0208756 -4.87879 -0.127337 0.0173926 0.991707 151.662 
0.992249 0.0350832 0.11921 67.0101 -0.0332279 0.999294 -0.0175172 -4.90301 -0.119741 0.0134202 0.992714 152.482 
0.992943 0.0406359 0.111413 67.0722 -0.0387288 0.999065 -0.0192305 -4.92816 -0.11209 0.0147798 0.993588 153.296 
0.99394 0.0432687 0.101045 67.139 -0.040946 0.99885 -0.0249506 -4.95359 -0.102008 0.0206619 0.994569 154.103 
0.994824 0.0419376 0.0925496 67.2021 -0.0395638 0.998843 -0.0273381 -4.97751 -0.0935889 0.023535 0.995333 154.916 
0.995542 0.0419689 0.0844698 67.2584 -0.0400221 0.998896 -0.024612 -5.00125 -0.0854094 0.0211215 0.996122 155.739 
0.996047 0.0447042 0.076756 67.3001 -0.043488 0.998902 -0.0174448 -5.02914 -0.0774515 0.0140378 0.996897 156.567 
0.996484 0.0481703 0.0685504 67.3353 -0.0474689 0.998803 -0.0118274 -5.05117 -0.069038 0.00853169 0.997577 157.397 
0.997005 0.0472741 0.0612039 67.3683 -0.0468369 0.998866 -0.00856084 -5.06953 -0.0615391 0.00566852 0.998088 158.223 
0.99733 0.0481691 0.0548915 67.3986 -0.0478854 0.998832 -0.00647292 -5.08617 -0.055139 0.00382705 0.998471 159.051 
0.997613 0.0470359 0.0505579 67.4303 -0.0466719 0.998875 -0.00835851 -5.10145 -0.0508941 0.00597884 0.998686 159.878 
0.9976 0.0518064 0.0459268 67.4488 -0.0512208 0.998591 -0.0138397 -5.12081 -0.046579 0.011454 0.998849 160.698 
0.997448 0.0577335 0.0420123 67.4592 -0.0569099 0.998168 -0.0205444 -5.14078 -0.0431214 0.018101 0.998906 161.512 
0.997501 0.0589869 0.0388934 67.475 -0.058126 0.998046 -0.0229096 -5.16184 -0.0401686 0.0205915 0.998981 162.333 
0.997517 0.0606511 0.0357816 67.4899 -0.0600816 0.998052 -0.0167854 -5.1836 -0.0367299 0.0145939 0.999219 163.165 
0.997445 0.0628815 0.0338926 67.4989 -0.0626957 0.998011 -0.00651875 -5.20088 -0.0342351 0.00437709 0.999404 164.003 
0.997457 0.0642271 0.030902 67.5051 -0.0642816 0.997931 0.000771156 -5.21768 -0.0307885 -0.00275571 0.999522 164.839 
0.997838 0.0605482 0.0255438 67.5182 -0.0605051 0.998165 -0.00245971 -5.23372 -0.0256457 0.000908788 0.999671 165.662 
0.998651 0.0480903 0.0196031 67.539 -0.0478592 0.998781 -0.0120947 -5.24828 -0.0201607 0.0111401 0.999735 166.476 
0.998879 0.0457265 0.0121956 67.5429 -0.0455189 0.998822 -0.0167966 -5.25877 -0.0129492 0.0162226 0.999784 167.296 
0.99876 0.0494868 0.00550273 67.5247 -0.0493966 0.998659 -0.0154911 -5.27525 -0.00626187 0.0152 0.999865 168.132 
0.998866 0.0475643 -0.00194283 67.5094 -0.0475807 0.998822 -0.00946253 -5.29418 0.00149055 0.00954416 0.999953 168.969 
0.999072 0.0420289 -0.00941033 67.4935 -0.0420842 0.999097 -0.00574455 -5.31037 0.00916049 0.00613516 0.999939 169.804 
0.999334 0.0332216 -0.0151159 67.4758 -0.0332499 0.999446 -0.00162273 -5.31846 0.0150537 0.00212417 0.999884 170.645 
0.999349 0.0289533 -0.0215036 67.4515 -0.0289937 0.999578 -0.0015655 -5.33357 0.0214493 0.00218787 0.999767 171.482 
0.999285 0.0254963 -0.027922 67.4176 -0.0257381 0.999634 -0.00833028 -5.35241 0.0276995 0.0090429 0.999575 172.319 
0.999236 0.0162922 -0.0355115 67.3849 -0.0169601 0.999683 -0.0185875 -5.36588 0.0351975 0.0191755 0.999196 173.151 
0.9991 0.00594842 -0.0420068 67.3566 -0.00690854 0.999717 -0.0227462 -5.38091 0.0418598 0.0230159 0.998858 173.983 
0.998774 0.00966498 -0.0485417 67.3015 -0.0104194 0.999828 -0.0153105 -5.40055 0.0483855 0.0157974 0.998704 174.823 
0.998351 0.0203774 -0.0536592 67.2274 -0.0205344 0.999786 -0.00237389 -5.41897 0.0535994 0.00347175 0.998556 175.674 
0.997965 0.0255557 -0.0584214 67.1581 -0.0252734 0.999665 0.0055665 -5.43706 0.0585442 -0.00407874 0.998276 176.523 
0.997759 0.0249314 -0.0620859 67.0912 -0.0248201 0.999689 0.00256534 -5.44893 0.0621306 -0.0010187 0.998067 177.362 
0.99759 0.0264538 -0.0641439 67.0208 -0.0270422 0.9996 -0.00832034 -5.45876 0.0638982 0.0100348 0.997906 178.192 
0.997056 0.0369815 -0.0671672 66.9367 -0.038246 0.999113 -0.0176366 -5.47279 0.0664555 0.0201534 0.997586 179.024 
0.996968 0.0352423 -0.069375 66.8617 -0.0367869 0.9991 -0.0211132 -5.49433 0.0685686 0.0236012 0.997367 179.869 
0.996963 0.0301202 -0.0718103 66.8009 -0.0313578 0.999377 -0.0161689 -5.51654 0.0712787 0.0183715 0.997287 180.729 
0.996982 0.0302064 -0.0715073 66.7303 -0.0308069 0.999499 -0.00730958 -5.53705 0.0712508 0.00949036 0.997413 181.588 
0.996935 0.0320457 -0.0713632 66.6501 -0.03227 0.999477 -0.00199142 -5.55294 0.0712622 0.00428812 0.997448 182.449 
0.996822 0.0318202 -0.0730275 66.5735 -0.0321186 0.99948 -0.00291421 -5.56744 0.0728968 0.0052504 0.997326 183.309 
0.996754 0.0283392 -0.0753532 66.4999 -0.0293355 0.999496 -0.0121458 -5.58582 0.0749711 0.0143168 0.997083 184.156 
0.996807 0.0173299 -0.0779454 66.4392 -0.0192135 0.99954 -0.0234792 -5.60692 0.0775027 0.0249018 0.996681 185.002 
0.996765 0.00679235 -0.0800769 66.3769 -0.00901957 0.999581 -0.0274837 -5.63074 0.0798568 0.028117 0.99641 185.857 
0.99665 0.00914568 -0.0812672 66.2964 -0.0110548 0.999673 -0.0230722 -5.6554 0.0810297 0.0238932 0.996425 186.71 
0.996476 0.0154401 -0.0824416 66.205 -0.0165217 0.999786 -0.0124525 -5.68329 0.0822318 0.0137706 0.996518 187.569 
0.996321 0.0165279 -0.0840884 66.1201 -0.0173373 0.99981 -0.00890404 -5.71005 0.0839253 0.0103291 0.996418 188.422 
0.996258 0.0154539 -0.0850382 66.0396 -0.0165837 0.999783 -0.0125945 -5.73307 0.0848252 0.0139575 0.996298 189.264 
0.996278 0.0154095 -0.0848056 65.956 -0.0170639 0.999677 -0.0188178 -5.75152 0.0844884 0.0201948 0.99622 190.098 
0.996117 0.0220688 -0.0852217 65.8636 -0.0238089 0.999527 -0.0194557 -5.77233 0.0847521 0.0214091 0.996172 190.932 
0.996019 0.0249843 -0.0855649 65.7762 -0.0264754 0.999516 -0.0163347 -5.7996 0.0851154 0.018535 0.996199 191.767 
0.995855 0.0288452 -0.0862561 65.6873 -0.0300893 0.999461 -0.0131563 -5.82616 0.0858302 0.015697 0.996186 192.6 
0.995751 0.0322213 -0.0862608 65.5995 -0.0332381 0.999394 -0.0103751 -5.84791 0.0858743 0.0131981 0.996218 193.428 
0.99559 0.0353153 -0.0869089 65.511 -0.0363797 0.999281 -0.010693 -5.86886 0.0864688 0.0138075 0.996159 194.25 
