1 -4.23778e-08 4.22719e-08 0 -4.23778e-08 1 -4.19404e-08 0 4.22719e-08 -4.19404e-08 1 0 
0.99907 -0.00067997 0.0431034 0.0766239 0.000785157 0.999997 -0.00242546 -0.0203148 -0.0431015 0.00245697 0.999068 1.06272 
0.996111 -0.00505254 0.0879592 0.188601 0.00571857 0.999957 -0.00732262 -0.0369407 -0.0879183 0.00779706 0.996097 2.11528 
0.991061 -0.00445354 0.133337 0.318912 0.0060059 0.999919 -0.0112432 -0.0583044 -0.133276 0.0119434 0.991007 3.19218 
0.983803 -0.00226753 0.179239 0.51735 0.00480151 0.999894 -0.0137053 -0.0890082 -0.179189 0.0143439 0.98371 4.2768 
0.974372 -0.00485882 0.224891 0.73591 0.00808442 0.999877 -0.0134248 -0.120196 -0.224798 0.0148988 0.974291 5.28984 
0.962786 -0.0055065 0.270209 1.00601 0.00978417 0.999847 -0.0144869 -0.152478 -0.270088 0.0165915 0.962693 6.31622 
0.949348 -0.00806777 0.314124 1.31544 0.0140279 0.999762 -0.0167183 -0.187713 -0.313914 0.0202779 0.949235 7.28879 
0.934207 -0.00966825 0.3566 1.68627 0.0173306 0.999682 -0.0182986 -0.217349 -0.35631 0.0232747 0.934078 8.28807 
0.917006 -0.00951589 0.398761 2.08467 0.018558 0.999651 -0.0188217 -0.252346 -0.398442 0.0246597 0.916862 9.21144 
0.897278 -0.00994724 0.441355 2.52208 0.0196684 0.999654 -0.0174561 -0.278044 -0.441028 0.0243436 0.897163 10.1658 
0.875275 -0.00953215 0.483532 3.00412 0.0199988 0.999664 -0.0164944 -0.313091 -0.483212 0.0241071 0.875171 11.0757 
0.851443 -0.00997957 0.524352 3.53998 0.0210779 0.999662 -0.0152008 -0.351663 -0.524023 0.0239948 0.851366 11.9407 
0.825898 -0.0101767 0.563728 4.12051 0.0225276 0.999634 -0.0149587 -0.393302 -0.56337 0.0250538 0.825825 12.8207 
0.798552 -0.0119878 0.601807 4.74025 0.0259055 0.99956 -0.0144639 -0.427938 -0.601368 0.0271402 0.798511 13.6518 
0.769915 -0.0108543 0.638054 5.3726 0.0264429 0.999539 -0.0149041 -0.460505 -0.637598 0.0283469 0.769848 14.4262 
0.739505 -0.014228 0.673 6.07397 0.0313749 0.999418 -0.0133467 -0.492816 -0.672419 0.0309852 0.739522 15.1733 
0.70768 -0.0135189 0.706404 6.78931 0.0318551 0.999411 -0.0127865 -0.523697 -0.705815 0.0315512 0.707693 15.8964 
0.673477 -0.0124643 0.739103 7.51859 0.0331192 0.999362 -0.0133253 -0.556095 -0.738466 0.0334528 0.67346 16.5701 
0.637731 -0.0137573 0.770136 8.26991 0.0375513 0.999207 -0.0132461 -0.585107 -0.769343 0.037367 0.637742 17.2028 
0.60109 -0.0119844 0.799091 9.05769 0.0374735 0.99921 -0.0132027 -0.612571 -0.798302 0.0378807 0.601064 17.8088 
0.563028 -0.010744 0.826368 9.89128 0.0401705 0.999089 -0.0143798 -0.638171 -0.825461 0.0412918 0.562947 18.4013 
0.523866 -0.00898009 0.851753 10.7515 0.044713 0.998856 -0.0169696 -0.661613 -0.850626 0.0469742 0.523668 18.9569 
0.484902 -0.00812972 0.874531 11.6609 0.0464192 0.998786 -0.0164534 -0.686298 -0.873336 0.0485733 0.484691 19.4785 
0.446544 -0.0101101 0.894704 12.5408 0.0514701 0.998571 -0.0144049 -0.713407 -0.89328 0.052483 0.446426 19.9155 
0.409749 -0.0110165 0.912132 13.4396 0.0554924 0.998376 -0.0128704 -0.742117 -0.910509 0.05589 0.409695 20.3119 
0.374859 -0.00885176 0.927039 14.3808 0.0575735 0.998247 -0.0137489 -0.763458 -0.925292 0.0585268 0.374711 20.6845 
0.341682 -0.00959466 0.939767 15.353 0.0581576 0.998247 -0.0109534 -0.782646 -0.938014 0.0583971 0.341641 21.0387 
0.309008 -0.0112394 0.950993 16.4108 0.0606 0.998131 -0.00789445 -0.788279 -0.949127 0.0600696 0.309111 21.3423 
0.276514 -0.0111071 0.960946 17.4469 0.0613507 0.998097 -0.00611742 -0.797132 -0.959049 0.0606462 0.27667 21.6299 
0.244904 -0.00812291 0.969513 18.5531 0.0592299 0.998222 -0.00659843 -0.816299 -0.967736 0.0590401 0.24495 21.8915 
0.21426 -0.00651311 0.976755 19.6281 0.0591673 0.998228 -0.00632264 -0.829138 -0.974983 0.0591466 0.214265 22.1286 
0.183636 -0.00636632 0.982974 20.671 0.0611181 0.998118 -0.0049536 -0.842491 -0.981092 0.0609872 0.18368 22.3382 
0.153345 -0.0066042 0.988151 21.8413 0.0629012 0.998015 -0.00309123 -0.850559 -0.986169 0.0626299 0.153456 22.5263 
0.122753 -0.00711806 0.992412 23.021 0.0617733 0.99809 -0.000482148 -0.850012 -0.990513 0.0613638 0.122958 22.7168 
0.0931882 -0.00757792 0.99562 24.0946 0.0623908 0.99805 0.00175666 -0.860775 -0.993692 0.0619538 0.0934793 22.8313 
0.0660888 -0.00747223 0.997786 25.1923 0.0652282 0.997865 0.00315232 -0.865889 -0.995679 0.0648754 0.0664351 22.9031 
0.0406924 -0.00687356 0.999148 26.4681 0.0691216 0.9976 0.0040477 -0.855636 -0.996778 0.068898 0.0410699 22.9773 
0.0177766 -0.00647205 0.999821 27.7263 0.0732886 0.997297 0.00515258 -0.859886 -0.997152 0.0731839 0.0182029 23.0174 
-0.00220376 -0.00637505 0.999977 29.0388 0.0787521 0.996873 0.00652873 -0.836416 -0.996892 0.0787647 -0.00169483 22.9865 
-0.0200315 -0.00722326 0.999773 30.256 0.0827295 0.996533 0.00885735 -0.838827 -0.996371 0.0828882 -0.0193645 22.9761 
-0.0362601 -0.00724311 0.999316 31.5324 0.0858793 0.996252 0.010337 -0.837743 -0.995645 0.0861954 -0.0355022 22.9751 
-0.0510206 -0.00793031 0.998666 32.8125 0.088049 0.996039 0.0124077 -0.833 -0.994809 0.0885646 -0.0501202 22.9489 
-0.06435 -0.0090342 0.997886 34.0925 0.0881911 0.995995 0.0147041 -0.827132 -0.994023 0.0889509 -0.0632956 22.8842 
-0.0765061 -0.00909716 0.997028 35.3761 0.0878879 0.996004 0.0158318 -0.822436 -0.993188 0.0888379 -0.0754009 22.8142 
-0.0879175 -0.00636372 0.996107 36.6263 0.0880465 0.996016 0.0141341 -0.814644 -0.992229 0.0889464 -0.087007 22.7307 
-0.0984143 -0.00288868 0.995141 37.9122 0.0882636 0.996029 0.01162 -0.796717 -0.991223 0.0889783 -0.0977685 22.6391 
-0.108011 -0.000527314 0.994149 39.212 0.0895955 0.995925 0.0102625 -0.796252 -0.990104 0.0901798 -0.107524 22.5288 
-0.115896 0.000503868 0.993261 40.5167 0.0891784 0.995966 0.0099002 -0.785546 -0.98925 0.0897248 -0.115473 22.3977 
-0.121536 0.00110638 0.992586 41.9021 0.0888052 0.996001 0.00976334 -0.779153 -0.988606 0.0893334 -0.121148 22.2165 
-0.126756 0.00239417 0.991931 43.2745 0.0897772 0.99592 0.00906846 -0.773295 -0.987863 0.0902023 -0.126453 22.0634 
-0.13152 0.00397084 0.991305 44.6637 0.088743 0.996024 0.00778402 -0.769184 -0.987333 0.0889952 -0.131349 21.8985 
-0.135423 0.00482574 0.990776 46.0173 0.0891759 0.995989 0.00733769 -0.759963 -0.986767 0.089347 -0.13531 21.7159 
-0.138662 0.00354903 0.990333 47.4428 0.0891285 0.99598 0.00891004 -0.762345 -0.986321 0.0895025 -0.138421 21.5493 
-0.14103 0.0015926 0.990004 48.8947 0.0897852 0.995898 0.0111881 -0.755098 -0.985926 0.0904656 -0.140594 21.3378 
-0.143444 0.000204802 0.989658 50.3289 0.0894898 0.995906 0.0127647 -0.753172 -0.985604 0.0903954 -0.142875 21.1216 
-0.145685 0.000924359 0.989331 51.7955 0.0921265 0.995667 0.0126358 -0.740812 -0.985032 0.0929844 -0.145139 20.9331 
-0.146999 0.000574123 0.989136 53.2472 0.0915995 0.995711 0.0130349 -0.727464 -0.984886 0.0925205 -0.146421 20.7395 
-0.14758 0.0018572 0.989048 54.8047 0.0938954 0.995508 0.0121411 -0.712962 -0.984583 0.0946589 -0.147092 20.5257 
-0.14782 0.00205684 0.989012 56.3596 0.0935606 0.995542 0.0119133 -0.701343 -0.984579 0.0942936 -0.147354 20.3121 
-0.147081 0.00335958 0.989119 57.8832 0.0935711 0.995557 0.0105324 -0.696408 -0.984689 0.094102 -0.146742 20.0898 
-0.145848 0.00292715 0.989303 59.4302 0.0943178 0.995482 0.0109593 -0.692608 -0.984801 0.0949072 -0.145465 19.8751 
-0.144495 0.0018302 0.989504 61.0181 0.0931847 0.995579 0.0117661 -0.680072 -0.985108 0.0939068 -0.144027 19.6591 
-0.143349 0.00244996 0.989669 62.6299 0.0945321 0.995458 0.0112282 -0.67551 -0.985147 0.0951651 -0.14293 19.4356 
-0.142652 0.00292049 0.989768 64.2308 0.0943533 0.995482 0.0106614 -0.668764 -0.985265 0.0949088 -0.142283 19.2284 
-0.141672 0.00350817 0.989907 65.8825 0.0956476 0.995363 0.0101612 -0.656646 -0.985282 0.0961218 -0.141351 19.0056 
-0.140892 0.00315784 0.99002 67.5438 0.0963951 0.995287 0.0105435 -0.662231 -0.985321 0.0969186 -0.140532 18.7899 
-0.140591 0.00161635 0.990066 69.2275 0.0978833 0.995122 0.0122749 -0.645845 -0.985217 0.0986367 -0.140064 18.5814 
-0.139957 -0.000488191 0.990157 70.9066 0.0994839 0.994933 0.0145524 -0.635348 -0.985147 0.100541 -0.139199 18.3598 
-0.139357 0.00062722 0.990242 72.6106 0.100951 0.994799 0.0135766 -0.623384 -0.985083 0.101858 -0.138695 18.1493 
-0.138981 0.00222012 0.990292 74.34 0.102651 0.994643 0.0121764 -0.618536 -0.98496 0.103346 -0.138464 17.9368 
-0.13853 0.00176715 0.990357 76.0445 0.102231 0.994682 0.012525 -0.618325 -0.985068 0.10298 -0.137974 17.7259 
-0.138373 0.00160248 0.990379 77.7715 0.103157 0.994583 0.0128034 -0.615122 -0.984993 0.103936 -0.137789 17.5048 
-0.137922 0.000215478 0.990443 79.5156 0.103093 0.994571 0.0141396 -0.612237 -0.985063 0.104058 -0.137196 17.2697 
-0.137525 0.00048423 0.990498 81.2806 0.10497 0.994376 0.0140883 -0.599434 -0.98492 0.10591 -0.136803 17.0299 
-0.137254 0.000211433 0.990536 83.043 0.106316 0.994226 0.0145194 -0.587447 -0.984814 0.107302 -0.136484 16.8003 
-0.13739 0.00112885 0.990516 84.8326 0.106827 0.994183 0.0136843 -0.577803 -0.98474 0.107694 -0.136711 16.5787 
-0.13773 0.00174965 0.990468 86.6193 0.107049 0.994167 0.0131294 -0.578414 -0.984668 0.107837 -0.137114 16.3455 
-0.138902 0.00232626 0.990303 88.4587 0.105796 0.994309 0.0125034 -0.564241 -0.984639 0.106507 -0.138358 16.1253 
-0.140178 0.00305464 0.990122 90.2888 0.105336 0.994366 0.0118453 -0.552136 -0.984507 0.105956 -0.13971 15.8955 
-0.141133 0.0023233 0.989988 92.1636 0.10403 0.994496 0.0124966 -0.534757 -0.98451 0.104752 -0.140598 15.6592 
-0.142066 0.00200595 0.989855 94.037 0.104097 0.994483 0.0129248 -0.522567 -0.984368 0.104877 -0.141491 15.4112 
-0.142403 0.000616024 0.989808 95.843 0.101718 0.994714 0.014015 -0.524436 -0.984568 0.102677 -0.141713 15.1701 
-0.144028 0.0016366 0.989572 97.6987 0.101682 0.99473 0.0131542 -0.509344 -0.984336 0.102516 -0.143435 14.9237 
-0.146362 0.00227013 0.989228 99.5727 0.100553 0.994852 0.0125943 -0.500126 -0.984107 0.101314 -0.145836 14.6647 
-0.150373 0.00311672 0.988624 101.472 0.101116 0.994799 0.0122439 -0.485726 -0.983445 0.101807 -0.149907 14.3924 
-0.154769 0.00226593 0.987948 103.352 0.099334 0.994965 0.0132793 -0.47598 -0.982944 0.100192 -0.154215 14.1248 
-0.159466 0.00145564 0.987202 105.267 0.0978521 0.995098 0.014339 -0.466612 -0.982342 0.0988864 -0.158827 13.8381 
-0.163903 0.00243904 0.986473 107.176 0.0967888 0.995212 0.0136208 -0.453845 -0.981717 0.0977121 -0.163354 13.542 
-0.168604 0.00426902 0.985675 109.091 0.0974472 0.995164 0.0123586 -0.443567 -0.980855 0.0981349 -0.168204 13.239 
-0.17289 0.00616913 0.984922 111.019 0.0969801 0.995228 0.0107898 -0.429889 -0.980155 0.0973832 -0.172663 12.9172 
-0.177732 0.00641242 0.984058 112.933 0.0955216 0.995369 0.010766 -0.42524 -0.979432 0.0959122 -0.177521 12.5997 
-0.182411 0.00621087 0.983203 114.893 0.0939169 0.995518 0.0111354 -0.417434 -0.978727 0.0943706 -0.182177 12.2559 
-0.187776 0.00544727 0.982197 116.875 0.0919734 0.995688 0.0120613 -0.409535 -0.977896 0.0926008 -0.187468 11.9047 
-0.193084 0.00495481 0.98117 118.855 0.0910868 0.995759 0.0128964 -0.398716 -0.976945 0.0918617 -0.192717 11.5383 
-0.198494 0.0047022 0.980091 120.841 0.0912183 0.995737 0.0136968 -0.389409 -0.975848 0.0921209 -0.198077 11.162 
-0.204032 0.0063811 0.978943 122.81 0.091709 0.995706 0.0126236 -0.378629 -0.974659 0.0923535 -0.203741 10.7807 
-0.209407 0.00745361 0.9778 124.78 0.0917278 0.995711 0.0120543 -0.370889 -0.973517 0.0922158 -0.209193 10.3853 
-0.215063 0.00743852 0.976572 126.784 0.0920466 0.995674 0.0126866 -0.359107 -0.972253 0.0926185 -0.214817 9.96449 
-0.220302 0.00748828 0.975403 128.753 0.0915563 0.995715 0.0130344 -0.354052 -0.971125 0.0921758 -0.220044 9.55219 
-0.225362 0.0081976 0.974241 130.706 0.0908656 0.995783 0.0126401 -0.342867 -0.970029 0.0913736 -0.225156 9.12036 
-0.230207 0.00876719 0.973102 132.704 0.0903385 0.995834 0.0123994 -0.332083 -0.968939 0.090763 -0.23004 8.66508 
-0.234497 0.00818009 0.972082 134.727 0.0916743 0.995694 0.0137359 -0.317927 -0.967784 0.092336 -0.234237 8.20573 
-0.237995 0.0080986 0.971232 136.781 0.0943322 0.99543 0.0148151 -0.305965 -0.966674 0.0951444 -0.237672 7.71622 
-0.241348 0.00876726 0.970399 138.801 0.0951997 0.99535 0.0146844 -0.289238 -0.965758 0.0959257 -0.241061 7.23689 
-0.244252 0.00941149 0.969666 140.84 0.095754 0.9953 0.0144594 -0.277101 -0.964973 0.0963811 -0.244005 6.74782 
-0.247256 0.00915499 0.968907 142.893 0.0947679 0.99539 0.0147786 -0.263545 -0.964305 0.0954754 -0.246984 6.24203 
-0.250782 0.00970476 0.967995 144.94 0.093488 0.995518 0.0142395 -0.248834 -0.963519 0.0940669 -0.250565 5.72363 
-0.255409 0.0106385 0.966774 146.979 0.092825 0.99559 0.0135675 -0.244255 -0.962367 0.0932061 -0.255271 5.25323 
-0.259576 0.010358 0.965667 149.046 0.092613 0.995601 0.0142156 -0.2309 -0.961272 0.0931233 -0.259393 4.73856 
-0.264048 0.01089 0.964448 151.143 0.0929881 0.995566 0.014217 -0.22536 -0.960016 0.0934361 -0.26389 4.22589 
-0.268762 0.0113157 0.96314 153.161 0.092474 0.995615 0.0141074 -0.22196 -0.958757 0.092857 -0.26863 3.70688 
-0.273506 0.0117215 0.961799 155.2 0.0921324 0.995647 0.0140656 -0.203842 -0.957448 0.0924598 -0.273396 3.17569 
-0.277773 0.0107399 0.960587 157.172 0.0918402 0.995654 0.0154254 -0.209806 -0.956246 0.0925052 -0.277552 2.64211 
-0.28205 0.0107783 0.959339 159.185 0.0923423 0.995599 0.0159632 -0.209959 -0.954945 0.09309 -0.281804 2.10036 
-0.286119 0.0115176 0.958125 161.217 0.0934884 0.995492 0.015951 -0.204452 -0.953622 0.0941375 -0.285907 1.53136 
-0.28986 0.0127813 0.956984 163.279 0.0935653 0.995499 0.0150441 -0.191705 -0.952484 0.0939012 -0.289751 0.951128 
-0.293428 0.014253 0.955875 165.282 0.0936283 0.99551 0.0138973 -0.196101 -0.951385 0.0935748 -0.293445 0.374785 
-0.296706 0.0152449 0.954847 167.343 0.0943324 0.99545 0.0134193 -0.19188 -0.950298 0.0940546 -0.296794 -0.23256 
-0.299813 0.0159913 0.953864 169.371 0.0942341 0.995466 0.0129303 -0.184544 -0.949332 0.0937632 -0.29996 -0.843472 
-0.303153 0.0159305 0.952809 171.424 0.0945946 0.995425 0.0134538 -0.183275 -0.948235 0.0942091 -0.303273 -1.46466 
-0.30697 0.0162601 0.95158 173.521 0.0944988 0.995434 0.0134748 -0.173096 -0.947016 0.0940595 -0.307105 -2.10689 
-0.310765 0.0169724 0.950335 175.586 0.0967309 0.995214 0.0138575 -0.170825 -0.945552 0.0962332 -0.310919 -2.74964 
-0.313741 0.0171656 0.949353 177.63 0.0988131 0.994998 0.0146647 -0.16885 -0.944353 0.0984095 -0.313868 -3.39888 
-0.31633 0.0166305 0.948503 179.657 0.099591 0.994903 0.0157698 -0.166692 -0.943407 0.0994509 -0.316374 -4.04877 
-0.31921 0.0161067 0.947547 181.734 0.0991268 0.994938 0.0164815 -0.149842 -0.942485 0.0991884 -0.319191 -4.70585 
-0.321847 0.0166306 0.946646 183.82 0.0982105 0.995038 0.0159094 -0.142267 -0.941684 0.0980909 -0.321883 -5.38661 
-0.32471 0.0187624 0.945627 185.913 0.097617 0.995129 0.0137752 -0.130131 -0.940763 0.0967823 -0.32496 -6.06046 
-0.327835 0.0205985 0.94451 188.034 0.097261 0.995186 0.0120551 -0.12678 -0.939715 0.0958162 -0.32826 -6.76732 
-0.331019 0.0213328 0.943383 190.096 0.0961543 0.995303 0.0112322 -0.126971 -0.938712 0.0944284 -0.331515 -7.46204 
-0.334197 0.0221542 0.942243 192.221 0.0942955 0.995494 0.0100386 -0.129513 -0.937774 0.0922041 -0.33478 -8.17753 
-0.338024 0.0221784 0.940876 194.292 0.0951915 0.995401 0.0107352 -0.142682 -0.936311 0.0931922 -0.33858 -8.87635 
-0.341665 0.0215992 0.939573 196.356 0.0948993 0.995419 0.011626 -0.144435 -0.935018 0.0931371 -0.34215 -9.58497 
-0.345376 0.0208553 0.938233 198.45 0.0946892 0.995425 0.0127297 -0.150253 -0.933675 0.0932371 -0.345771 -10.3046 
-0.349281 0.0205927 0.936791 200.584 0.0947941 0.995406 0.0134626 -0.151801 -0.932211 0.0935045 -0.349629 -11.0594 
-0.353118 0.020553 0.935353 202.719 0.0935576 0.995523 0.013445 -0.150203 -0.930889 0.092257 -0.35346 -11.8192 
-0.356845 0.0209602 0.933928 204.799 0.0928808 0.99559 0.0131447 -0.159191 -0.929535 0.0914346 -0.357218 -12.5646 
-0.360259 0.0214622 0.932605 206.93 0.0928388 0.995597 0.0129511 -0.163097 -0.928221 0.0912477 -0.360665 -13.3453 
-0.363139 0.0221024 0.931473 209.002 0.0934692 0.99554 0.0128167 -0.170313 -0.927035 0.0917182 -0.363585 -14.1243 
-0.365758 0.0216695 0.930457 211.11 0.0945115 0.995426 0.0139694 -0.17726 -0.925899 0.0930484 -0.366133 -14.9107 
-0.368209 0.0211622 0.929502 213.255 0.0959972 0.995263 0.0153685 -0.171105 -0.924774 0.0948884 -0.368497 -15.7349 
-0.370811 0.0219061 0.92845 215.412 0.0970105 0.995166 0.0152644 -0.165804 -0.923628 0.0957297 -0.371143 -16.5731 
-0.373532 0.0229647 0.927333 217.645 0.0968989 0.99519 0.0143859 -0.145854 -0.922542 0.0952312 -0.373961 -17.4406 
-0.375853 0.0230633 0.926392 219.796 0.0963625 0.995243 0.0143185 -0.145402 -0.921655 0.0946512 -0.376287 -18.2842 
-0.378544 0.0242993 0.925264 221.943 0.0962013 0.995274 0.0132198 -0.148612 -0.92057 0.0940159 -0.379093 -19.1335 
-0.381538 0.0254421 0.924003 224.005 0.0959619 0.99531 0.0122189 -0.147389 -0.919358 0.0933311 -0.382191 -19.9399 
-0.383852 0.025216 0.92305 225.944 0.0936463 0.995536 0.0117468 -0.160872 -0.918634 0.0909492 -0.3845 -20.7334 
-0.38702 0.0261884 0.921699 227.911 0.0945198 0.995458 0.0114045 -0.170017 -0.917214 0.0915326 -0.387737 -21.5191 
-0.389501 0.0254625 0.920674 229.967 0.095907 0.995305 0.0130478 -0.18853 -0.916019 0.0933813 -0.390114 -22.3492 
-0.392536 0.0244919 0.91941 231.983 0.0964301 0.995232 0.0146584 -0.193787 -0.914667 0.0944128 -0.393026 -23.1551 
-0.395931 0.024023 0.917966 233.966 0.0955024 0.995314 0.0151442 -0.209936 -0.9133 0.093664 -0.39637 -23.9527 
-0.398971 0.0241714 0.916645 236.065 0.0940372 0.99546 0.01468 -0.214281 -0.912129 0.0920556 -0.399433 -24.8155 
-0.402638 0.0236568 0.915053 238.157 0.0923351 0.995617 0.0148893 -0.206386 -0.91069 0.0904865 -0.403058 -25.69 
-0.406137 0.0227008 0.91353 240.244 0.091491 0.995678 0.0159329 -0.212141 -0.90922 0.0900507 -0.406459 -26.561 
-0.409683 0.023013 0.911937 242.381 0.0908118 0.995745 0.0156688 -0.20375 -0.907696 0.089234 -0.41003 -27.4749 
-0.413765 0.0224798 0.910106 244.48 0.090068 0.995801 0.0163514 -0.208207 -0.905917 0.0887371 -0.414052 -28.3862 
-0.417397 0.0218576 0.908461 246.614 0.0891345 0.995875 0.0169925 -0.206023 -0.904342 0.0880678 -0.417624 -29.3303 
-0.421118 0.0220618 0.906737 248.73 0.0887491 0.995909 0.0169864 -0.18906 -0.902653 0.0876254 -0.421353 -30.2677 
-0.424809 0.0227661 0.904996 250.844 0.0886413 0.995926 0.016555 -0.179718 -0.900933 0.0872528 -0.425097 -31.2294 
-0.42826 0.0233024 0.903355 252.965 0.0888501 0.995909 0.0164319 -0.169337 -0.899277 0.0873003 -0.428579 -32.201 
-0.432101 0.0231433 0.901528 255.158 0.0885903 0.995925 0.0168946 -0.163932 -0.897463 0.0871669 -0.432391 -33.1946 
-0.435868 0.0235711 0.899702 257.317 0.0874657 0.996034 0.0162786 -0.160299 -0.89575 0.0857884 -0.436202 -34.1795 
-0.439777 0.0237615 0.897792 259.407 0.0881201 0.995968 0.016805 -0.160459 -0.893773 0.086504 -0.440098 -35.1472 
-0.443224 0.0241815 0.896085 261.507 0.0882797 0.995954 0.0167885 -0.142787 -0.892053 0.0865472 -0.443565 -36.1483 
-0.446822 0.0251893 0.894268 263.657 0.0894711 0.99585 0.0166536 -0.134637 -0.890138 0.0874524 -0.447221 -37.1683 
-0.45011 0.0275333 0.892548 265.785 0.0916925 0.995666 0.015526 -0.117263 -0.888253 0.0888284 -0.450684 -38.209 
-0.452917 0.0282914 0.891104 267.877 0.0931063 0.995532 0.0157157 -0.104233 -0.886678 0.0900853 -0.453527 -39.215 
-0.455788 0.0305986 0.889562 269.982 0.0951297 0.995359 0.0145041 -0.0915419 -0.88499 0.0912346 -0.456584 -40.2363 
-0.458323 0.0331059 0.888169 272.048 0.0967494 0.995226 0.0128292 -0.0824163 -0.883504 0.0918097 -0.459338 -41.2511 
-0.461108 0.033792 0.8867 274.173 0.0977866 0.995123 0.0129276 -0.0753058 -0.881939 0.0926685 -0.462164 -42.3181 
-0.463917 0.0347404 0.885197 276.362 0.0981675 0.995093 0.0123945 -0.0590932 -0.880423 0.0926476 -0.465051 -43.441 
-0.46727 0.0347459 0.883432 278.554 0.0973504 0.995173 0.0123504 -0.0407418 -0.878739 0.0917734 -0.468397 -44.5613 
-0.470908 0.0361346 0.881442 280.681 0.0981349 0.995105 0.011634 -0.0317333 -0.876707 0.0919788 -0.472149 -45.646 
-0.474329 0.0364409 0.879593 282.827 0.0972601 0.995196 0.0112182 -0.0207226 -0.874959 0.0908705 -0.475594 -46.749 
-0.477274 0.0361442 0.878011 284.926 0.0957285 0.995346 0.011062 -0.0249751 -0.873525 0.0893303 -0.478512 -47.8223 
-0.480046 0.0366334 0.876478 287.004 0.0978551 0.995128 0.0120025 -0.041273 -0.871769 0.0915296 -0.481292 -48.8788 
-0.482479 0.037036 0.875124 289.153 0.100058 0.994896 0.0130598 -0.0410716 -0.870174 0.0938644 -0.483722 -50.0061 
-0.485029 0.0372996 0.873702 291.299 0.101319 0.994759 0.0137785 -0.037708 -0.868609 0.0952052 -0.486266 -51.1063 
-0.486927 0.0372721 0.872647 293.435 0.101703 0.994712 0.0142633 -0.0357637 -0.867502 0.0956961 -0.488143 -52.2397 
-0.489184 0.0365712 0.871414 295.643 0.101275 0.994744 0.0151053 -0.0144384 -0.866281 0.0956416 -0.490316 -53.4312 
-0.4917 0.0369914 0.869979 297.82 0.102887 0.994566 0.0158616 0.00426836 -0.864665 0.097309 -0.492834 -54.631 
-0.49393 0.0367247 0.868726 300.012 0.103054 0.994538 0.0165501 0.0241375 -0.863373 0.0977006 -0.495017 -55.8433 
-0.495563 0.0374739 0.867763 302.279 0.102018 0.994665 0.015306 0.0581463 -0.86256 0.0961122 -0.496742 -57.1358 
-0.498593 0.0400112 0.865912 304.411 0.102012 0.994701 0.0127765 0.0704271 -0.860813 0.0947039 -0.500032 -58.2561 
-0.501965 0.0393451 0.863992 306.59 0.100622 0.994838 0.0131559 0.0753562 -0.859014 0.0935403 -0.503333 -59.4732 
-0.506191 0.0377275 0.861596 308.778 0.0988403 0.994998 0.0145001 0.0842309 -0.856739 0.0925002 -0.507388 -60.7077 
-0.510855 0.0354449 0.858936 311.045 0.0969983 0.995146 0.0166243 0.102621 -0.854177 0.091808 -0.511813 -62.0086 
-0.515611 0.0341698 0.856141 313.344 0.0956387 0.995255 0.0178763 0.128644 -0.851469 0.0910975 -0.516432 -63.3344 
-0.520048 0.0340881 0.853456 315.606 0.0957489 0.995232 0.0185931 0.15512 -0.848753 0.0913868 -0.520832 -64.659 
-0.523806 0.035244 0.851108 317.835 0.097917 0.995012 0.0190589 0.181402 -0.846191 0.0933212 -0.524644 -66.0162 
-0.52777 0.036301 0.848611 320.117 0.0991222 0.994892 0.0190878 0.212406 -0.843584 0.0941902 -0.528672 -67.3886 
-0.531104 0.0365228 0.846519 322.255 0.0999402 0.994797 0.0197821 0.246987 -0.841392 0.0951076 -0.531991 -68.7204 
-0.534561 0.0350249 0.844404 324.454 0.0998261 0.994763 0.0219345 0.265642 -0.839214 0.0960189 -0.535258 -70.0945 
-0.538704 0.0333786 0.841834 326.613 0.0984841 0.994859 0.0235755 0.290794 -0.836719 0.0956075 -0.539222 -71.4178 
-0.54234 0.0331818 0.839504 328.776 0.097758 0.994925 0.0238291 0.313535 -0.834452 0.0949917 -0.542831 -72.7736 
-0.546299 0.0329762 0.836941 330.983 0.0977407 0.994908 0.0245982 0.340222 -0.831868 0.0952412 -0.54674 -74.171 
-0.550003 0.0330755 0.834507 333.207 0.0988885 0.994765 0.0257476 0.375163 -0.829287 0.0966845 -0.550395 -75.5978 
-0.554176 0.0324406 0.831767 335.39 0.0989853 0.994718 0.0271542 0.413347 -0.826493 0.0973809 -0.55446 -77.0076 
-0.557788 0.0314788 0.829386 337.589 0.0976797 0.994826 0.0279345 0.450676 -0.824216 0.0965957 -0.557976 -78.4367 
-0.561031 0.0305926 0.827229 339.783 0.0969045 0.994873 0.0289286 0.501083 -0.822103 0.0963921 -0.561119 -79.8947 
-0.563758 0.0299941 0.825395 341.931 0.0969328 0.994837 0.0300551 0.548639 -0.820232 0.0969517 -0.563755 -81.3225 
-0.566538 0.0294402 0.823509 344.089 0.0949024 0.995043 0.0297161 0.599544 -0.818552 0.0949883 -0.566524 -82.7576 
-0.569011 0.0282933 0.821843 346.241 0.09091 0.995446 0.0286724 0.641381 -0.817289 0.0910287 -0.568992 -84.2194 
-0.572583 0.0274996 0.819386 348.37 0.0868298 0.99585 0.0272542 0.691846 -0.815236 0.0867524 -0.572594 -85.6353 
-0.574967 0.0245246 0.817808 350.529 0.084352 0.996001 0.029436 0.72755 -0.813816 0.0859086 -0.574737 -87.1139 
-0.578559 0.0237428 0.815295 352.724 0.0842879 0.995965 0.0308091 0.774343 -0.811274 0.0865444 -0.578226 -88.6174 
-0.581379 0.0241527 0.813274 354.906 0.0837832 0.996023 0.0303135 0.831485 -0.809307 0.0857624 -0.581091 -90.1142 
-0.584747 0.0231188 0.810886 357.073 0.0814596 0.996215 0.0303395 0.877463 -0.807115 0.0837955 -0.584417 -91.5922 
-0.587779 0.0194332 0.808788 359.254 0.0787761 0.996336 0.0333101 0.932191 -0.805177 0.0832921 -0.587156 -93.1283 
-0.590794 0.0171657 0.80664 361.435 0.0762384 0.996488 0.0346321 0.99383 -0.803212 0.0819574 -0.590028 -94.6691 
-0.5936 0.0160131 0.804601 363.627 0.0744357 0.996608 0.035081 1.05106 -0.80131 0.0807151 -0.592779 -96.2366 
-0.596525 0.0163093 0.802429 365.809 0.0740189 0.99665 0.0347687 1.11135 -0.799174 0.0801353 -0.595734 -97.797 
-0.598982 0.0155714 0.800611 367.813 0.0736575 0.996643 0.0357232 1.17068 -0.797367 0.0803686 -0.598119 -99.2911 
-0.601777 0.0146248 0.79853 369.966 0.0725794 0.996697 0.036442 1.22575 -0.795359 0.0798868 -0.600851 -100.861 
-0.604115 0.013143 0.796789 372.13 0.0692494 0.996947 0.0360593 1.29303 -0.793883 0.0769611 -0.603181 -102.459 
-0.606091 0.00932527 0.795341 374.248 0.0588483 0.997716 0.0331473 1.35747 -0.793216 0.0668947 -0.605255 -104.094 
-0.608989 0.0122136 0.793085 376.037 0.0512607 0.998397 0.0239863 1.42391 -0.79152 0.0552615 -0.608639 -105.561 
-0.611926 0.0223134 0.7906 378.151 0.0616565 0.997906 0.019558 1.45557 -0.788508 0.0607137 -0.61202 -107.101 
-0.612473 0.0232393 0.79015 380.304 0.0690176 0.997323 0.0241653 1.48562 -0.787473 0.0693348 -0.612437 -108.733 
-0.614364 0.0136709 0.788904 382.456 0.0676449 0.997081 0.0354005 1.5286 -0.786118 0.0751142 -0.613496 -110.362 
-0.616553 0.0031577 0.787307 384.763 0.0614105 0.997138 0.0440922 1.63319 -0.784915 0.0755341 -0.614982 -112.209 
-0.619781 -0.0026993 0.78477 386.891 0.0552803 0.99736 0.0470887 1.73479 -0.782826 0.072567 -0.617995 -113.835 
-0.622301 -0.00290807 0.782772 389.008 0.0545257 0.997403 0.0470532 1.81978 -0.780876 0.0719625 -0.620527 -115.456 
-0.624611 0.00182719 0.780933 391.053 0.0591306 0.997237 0.0449608 1.88854 -0.778694 0.0742601 -0.622994 -117.039 
-0.626437 0.00892224 0.779421 393.183 0.0645299 0.997096 0.04045 1.96589 -0.776796 0.0756353 -0.625194 -118.728 
-0.62826 0.0115848 0.777917 395.307 0.0654824 0.997128 0.0380354 2.03761 -0.775243 0.074836 -0.627215 -120.429 
-0.63127 0.011654 0.775475 397.391 0.0654654 0.997119 0.0383066 2.09744 -0.772795 0.0749486 -0.630214 -122.079 
-0.633916 0.0105021 0.773331 399.464 0.0649692 0.997097 0.0397158 2.14467 -0.770668 0.0754192 -0.632758 -123.75 
-0.636321 0.00955928 0.771365 401.468 0.0655809 0.996974 0.0417444 2.19407 -0.768631 0.0771497 -0.635023 -125.342 
-0.639134 0.00961265 0.769035 403.255 0.0658479 0.996934 0.0422639 2.23197 -0.766271 0.0776517 -0.637807 -126.628 
-0.64241 0.00911617 0.766307 405.016 0.064921 0.996982 0.0425641 2.25954 -0.763607 0.0770931 -0.641063 -127.789 
-0.643623 0.00953967 0.765283 407.049 0.0656954 0.99692 0.0428243 2.3263 -0.762518 0.0778383 -0.642267 -129.445 
-0.645336 0.00878667 0.763848 409.026 0.066736 0.996759 0.0449158 2.38604 -0.760978 0.079962 -0.643831 -131.003 
-0.64702 0.00806358 0.76243 411.016 0.0686054 0.996504 0.0476812 2.45144 -0.75938 0.0831575 -0.645311 -132.584 
-0.648276 0.00737121 0.761369 412.952 0.0701422 0.996279 0.0500778 2.51283 -0.758167 0.0858684 -0.646381 -134.175 
-0.649384 0.00746682 0.760424 414.923 0.0685944 0.996451 0.0487934 2.59466 -0.757361 0.0838465 -0.647591 -135.822 
-0.650437 0.00714966 0.759526 416.787 0.064341 0.99688 0.0457159 2.65331 -0.75683 0.078604 -0.648868 -137.379 
-0.652092 0.00652177 0.758112 418.787 0.061413 0.997131 0.0442465 2.72953 -0.755649 0.0754108 -0.650621 -139.024 
-0.652872 0.0055765 0.757448 420.783 0.0604929 0.997163 0.0447996 2.81577 -0.755049 0.0750686 -0.651357 -140.704 
-0.653912 0.00457192 0.756557 422.82 0.058915 0.997253 0.0448953 2.90066 -0.754273 0.0739301 -0.652385 -142.411 
-0.654876 0.00379267 0.755726 424.847 0.0561886 0.997464 0.0436844 2.98856 -0.753644 0.0710711 -0.653429 -144.115 
-0.656054 0.00333976 0.754706 426.91 0.0551441 0.997529 0.0435216 3.0763 -0.752696 0.0701701 -0.654618 -145.844 
-0.656721 0.00193389 0.754131 428.92 0.0556745 0.997392 0.0459254 3.15914 -0.752075 0.072146 -0.655117 -147.538 
-0.656311 0.00047395 0.754491 430.936 0.0577389 0.997099 0.0495991 3.25163 -0.752278 0.0761158 -0.654434 -149.255 
-0.655381 -0.000879798 0.755298 432.953 0.0621979 0.99654 0.0551307 3.34901 -0.752733 0.0831095 -0.653059 -150.965 
-0.653997 -0.00210675 0.756494 434.921 0.0656422 0.996066 0.0595222 3.45191 -0.753644 0.0885853 -0.651286 -152.656 
-0.652769 -0.00432956 0.757544 436.908 0.0598161 0.996567 0.0572386 3.5715 -0.755191 0.082677 -0.650269 -154.274 
-0.651532 -0.00480987 0.758606 438.932 0.0525775 0.997289 0.0514796 3.68859 -0.756797 0.0734262 -0.649513 -155.973 
-0.649911 -0.0068045 0.75998 440.992 0.0478176 0.997613 0.0498241 3.79343 -0.758505 0.0687217 -0.648034 -157.673 
-0.647313 -0.00742194 0.762188 443.032 0.0453741 0.997804 0.0482517 3.89146 -0.760873 0.0658175 -0.645555 -159.337 
-0.644582 -0.00726598 0.7645 445.07 0.0468099 0.997704 0.0489497 3.98281 -0.7631 0.0673383 -0.642762 -161.017 
-0.642029 -0.00731906 0.766645 447.117 0.0472718 0.997674 0.0491125 4.07704 -0.765221 0.0677723 -0.64019 -162.647 
-0.639761 -0.00653103 0.768546 449.189 0.0450001 0.99793 0.0459397 4.17061 -0.767255 0.0639751 -0.638143 -164.328 
-0.638289 -0.0111565 0.769716 451.278 0.038367 0.998191 0.046284 4.26001 -0.76884 0.0590742 -0.636707 -165.993 
-0.637508 -0.0174022 0.770247 453.384 0.0294717 0.998462 0.046951 4.3487 -0.76988 0.0526322 -0.636015 -167.656 
-0.637091 -0.0218406 0.770479 455.39 0.0204531 0.998767 0.0452239 4.42843 -0.770517 0.0445704 -0.635859 -169.278 
-0.635826 -0.0223861 0.771508 457.324 0.0189066 0.998828 0.0445635 4.5288 -0.771601 0.0429213 -0.634657 -170.913 
-0.634629 -0.022571 0.772487 459.309 0.0205294 0.998728 0.0460472 4.60255 -0.772544 0.0450816 -0.633358 -172.524 
-0.633337 -0.0238103 0.77351 461.438 0.0217277 0.998585 0.0485288 4.70756 -0.773571 0.0475417 -0.631923 -174.208 
-0.631723 -0.0263854 0.774745 463.482 0.0195931 0.998558 0.0499837 4.79287 -0.774947 0.0467555 -0.630295 -175.843 
-0.630957 -0.0264376 0.775367 465.596 0.0177241 0.998667 0.0484744 4.89138 -0.775615 0.0443279 -0.629647 -177.505 
-0.630163 -0.0256031 0.77604 467.678 0.0165462 0.998786 0.0463878 4.98422 -0.776286 0.0420725 -0.628975 -179.105 
-0.628798 -0.0239598 0.7772 469.715 0.0175659 0.998832 0.045004 5.07183 -0.77737 0.0419506 -0.627643 -180.699 
-0.627541 -0.0235617 0.778227 471.881 0.0196064 0.998747 0.0460483 5.16134 -0.778337 0.0441554 -0.626293 -182.391 
-0.626424 -0.0237598 0.77912 474.001 0.0210638 0.998654 0.0473903 5.25907 -0.779198 0.0460977 -0.625081 -184.06 
-0.625282 -0.0242251 0.780023 476.082 0.0206146 0.998656 0.0475403 5.34768 -0.780127 0.045806 -0.623943 -185.67 
-0.623926 -0.025253 0.781075 477.847 0.0198934 0.998641 0.048178 5.41203 -0.78123 0.0455978 -0.622576 -186.969 
-0.623347 -0.0259259 0.781515 479.523 0.0196895 0.998613 0.0488324 5.48128 -0.781697 0.0458272 -0.621972 -188.185 
-0.622529 -0.0271187 0.782127 481.359 0.018986 0.998582 0.0497355 5.5483 -0.782367 0.0458112 -0.621131 -189.497 
-0.620813 -0.0261572 0.783522 483.507 0.0187049 0.998664 0.0481601 5.65278 -0.783735 0.0445542 -0.619495 -191.2 
-0.620172 -0.0246287 0.784079 485.64 0.0192179 0.99873 0.0465716 5.75351 -0.784231 0.0439507 -0.618911 -192.853 
-0.61978 -0.0221056 0.784464 487.835 0.0228275 0.998672 0.046177 5.86941 -0.784443 0.046527 -0.618453 -194.505 
-0.61924 -0.0233854 0.784853 489.996 0.0220868 0.998642 0.0471816 5.96901 -0.784891 0.0465517 -0.617883 -196.156 
-0.619227 -0.0247366 0.784822 492.071 0.020891 0.998631 0.0479585 6.05428 -0.784934 0.046093 -0.617862 -197.76 
-0.619993 -0.0255779 0.784191 494.251 0.020678 0.998589 0.0489192 6.16985 -0.784335 0.046545 -0.618589 -199.401 
-0.620758 -0.0264188 0.783557 496.429 0.020464 0.998545 0.0498796 6.28806 -0.783735 0.0469979 -0.619314 -201.045 
-0.621035 -0.0261918 0.783345 498.04 0.0208101 0.998538 0.0498852 6.32346 -0.783506 0.047282 -0.619582 -202.34 
-0.621132 -0.0279282 0.783208 499.664 0.0200864 0.998469 0.0515338 6.3812 -0.783448 0.0477412 -0.619621 -203.595 
-0.620578 -0.0300896 0.783567 501.424 0.0189112 0.998398 0.0533167 6.43242 -0.783917 0.0479053 -0.619015 -205.032 
-0.621249 -0.0306837 0.783012 503.142 0.0179866 0.998411 0.0533951 6.4879 -0.783407 0.0472553 -0.61971 -206.232 
-0.621467 -0.0311549 0.78282 504.296 0.0170487 0.998434 0.0532707 6.46964 -0.783254 0.0464521 -0.619963 -207.259 
-0.62094 -0.0307018 0.783257 505.703 0.017271 0.998454 0.0528289 6.48068 -0.783668 0.0463312 -0.61945 -208.472 
-0.620804 -0.0301465 0.783386 507.599 0.0183131 0.99843 0.0529342 6.55335 -0.783752 0.047208 -0.619277 -209.884 
-0.6195 -0.0306439 0.784398 509.691 0.01802 0.998419 0.0532367 6.66755 -0.78479 0.047115 -0.617968 -211.521 
-0.61857 -0.0302993 0.785145 511.788 0.0177289 0.998464 0.0524989 6.78229 -0.78553 0.046394 -0.617083 -213.188 
-0.618166 -0.0301853 0.785467 513.803 0.0171739 0.998505 0.0518882 6.87389 -0.78586 0.0455651 -0.616724 -214.745 
-0.617506 -0.0301308 0.785989 515.802 0.0172684 0.998506 0.0518443 6.95302 -0.786376 0.0455869 -0.616063 -216.274 
-0.616456 -0.0309501 0.78678 517.976 0.0173879 0.998448 0.0529003 7.06395 -0.787197 0.0462912 -0.614962 -217.956 
-0.616614 -0.0323395 0.786601 520.117 0.0173207 0.998357 0.0546229 7.1808 -0.787075 0.0473057 -0.61504 -219.547 
-0.616364 -0.0312666 0.78684 522.216 0.0181437 0.998382 0.0538853 7.28484 -0.787252 0.0474892 -0.6148 -221.176 
-0.615509 -0.0302054 0.787551 523.559 0.019509 0.998375 0.0535385 7.35771 -0.787888 0.0483178 -0.61392 -222.583 
-0.614301 -0.0300861 0.788498 524.862 0.0198841 0.998365 0.053585 7.41772 -0.788821 0.0485959 -0.612698 -224.002 
-0.613874 -0.0310485 0.788793 526.707 0.0193194 0.998336 0.0543317 7.498 -0.789168 0.0485919 -0.612253 -225.524 
-0.614422 -0.0316384 0.788343 528.781 0.0184853 0.998344 0.0544735 7.60155 -0.788761 0.0480425 -0.61282 -227.089 
-0.614566 -0.0311846 0.788249 530.771 0.018372 0.998381 0.0538217 7.69634 -0.788652 0.0475586 -0.612998 -228.599 
-0.614615 -0.0322095 0.788169 532.866 0.0183958 0.998309 0.0551421 7.80295 -0.788613 0.0483902 -0.612983 -230.188 
-0.614288 -0.0338224 0.788356 534.902 0.0178737 0.998228 0.0567536 7.91006 -0.788879 0.0489539 -0.612596 -231.753 
-0.614562 -0.0345533 0.788111 537.037 0.0172182 0.998215 0.0571915 8.03596 -0.78868 0.0487176 -0.61287 -233.387 
-0.615659 -0.0354219 0.787216 539.747 0.0157708 0.998235 0.0572508 8.29192 -0.787855 0.047662 -0.614014 -235.362 
-0.616753 -0.036292 0.78632 542.454 0.0143232 0.998254 0.057308 8.54823 -0.787026 0.0466075 -0.615156 -237.342 
-0.617844 -0.0371635 0.785421 545.158 0.0128755 0.99827 0.0573631 8.80488 -0.786195 0.0455542 -0.616297 -239.325 
-0.618934 -0.0380364 0.784522 547.858 0.0114277 0.998285 0.057416 9.06187 -0.78536 0.044502 -0.617437 -241.312 
-0.619065 -0.0392891 0.784356 549.871 0.0119978 0.998158 0.059468 9.16586 -0.785248 0.0462251 -0.617453 -242.862 
-0.619015 -0.0382073 0.784449 551.926 0.0129682 0.998182 0.0588506 9.28788 -0.785272 0.0466023 -0.617394 -244.456 
-0.618694 -0.0380335 0.784711 553.957 0.0127109 0.998212 0.0584031 9.39415 -0.785529 0.046108 -0.617104 -246.032 
-0.618755 -0.0365981 0.784731 555.908 0.0140827 0.998237 0.0576596 9.50751 -0.785457 0.0467283 -0.617149 -247.581 
-0.618231 -0.0366296 0.785142 557.778 0.0151213 0.998174 0.0584748 9.59255 -0.785851 0.0480233 -0.616548 -249.114 
-0.618091 -0.0373002 0.785221 559.841 0.0159003 0.998076 0.0599274 9.71348 -0.785946 0.0495259 -0.616309 -250.682 
-0.617858 -0.0384371 0.785349 562.002 0.0150949 0.99804 0.0607222 9.84533 -0.786144 0.0493725 -0.616067 -252.308 
-0.618033 -0.0403067 0.785118 564.239 0.0121451 0.998076 0.0608 10.0058 -0.786058 0.0471118 -0.616355 -253.961 
-0.617845 -0.0402228 0.78527 566.009 0.0126347 0.998054 0.0610627 10.0667 -0.786198 0.047649 -0.616134 -255.251 
-0.617658 -0.0408443 0.785385 568.042 0.0131919 0.997972 0.0622745 10.1813 -0.786336 0.0488251 -0.615866 -256.809 
-0.617329 -0.0419545 0.785586 570.026 0.0119098 0.997964 0.0626556 10.2793 -0.786615 0.0480353 -0.615572 -258.372 
-0.617246 -0.0433338 0.785576 571.68 0.0104306 0.997944 0.0632439 10.3892 -0.786701 0.0472311 -0.615525 -259.537 
-0.617265 -0.0427129 0.785595 573.761 0.0104959 0.997989 0.0625076 10.4891 -0.786685 0.0468293 -0.615576 -261.08 
-0.616142 -0.0410146 0.786566 575.95 0.0125736 0.998004 0.061889 10.6416 -0.787535 0.0480224 -0.614396 -262.794 
-0.615885 -0.0399635 0.786822 578.229 0.0137028 0.998018 0.0614162 10.7944 -0.787717 0.048607 -0.614117 -264.49 
-0.616088 -0.0395306 0.786685 580.655 0.0139736 0.998034 0.0610941 10.9805 -0.787553 0.0486322 -0.614324 -266.25 
-0.616291 -0.0390977 0.786547 583.081 0.0142445 0.99805 0.0607722 11.1656 -0.78739 0.0486573 -0.614532 -268.011 
-0.616104 -0.0380426 0.786746 585.027 0.0144764 0.998117 0.0595998 11.2432 -0.787532 0.0481089 -0.614393 -269.375 
-0.615503 -0.0384854 0.787194 586.982 0.0136793 0.998135 0.0594939 11.3435 -0.788016 0.0473869 -0.613829 -270.83 
-0.615016 -0.0387287 0.787563 589.03 0.0129436 0.998163 0.0591927 11.4649 -0.788408 0.0465984 -0.613385 -272.375 
-0.614786 -0.0399394 0.787682 591.175 0.0116162 0.99815 0.0596776 11.5948 -0.788608 0.0458389 -0.613185 -273.977 
-0.614082 -0.0404291 0.788206 593.239 0.0112323 0.998138 0.059948 11.7114 -0.789162 0.0456664 -0.612485 -275.543 
-0.61369 -0.041857 0.788437 595.102 0.00938944 0.998136 0.060298 11.7956 -0.789491 0.0444073 -0.612153 -276.991 
-0.612667 -0.04256 0.789194 597.196 0.00792399 0.998168 0.0599812 11.9234 -0.790301 0.0430021 -0.611207 -278.578 
-0.612965 -0.0419373 0.788996 598.925 0.00717449 0.998254 0.0586336 12.0211 -0.790077 0.041601 -0.611594 -279.85 
-0.612918 -0.0419345 0.789033 601.033 0.00792428 0.998214 0.0592073 12.1395 -0.790107 0.0425417 -0.611491 -281.433 
-0.612937 -0.042986 0.788962 602.67 0.00829293 0.998114 0.0608241 12.2551 -0.790088 0.0438242 -0.611424 -282.779 
-0.612879 -0.0444581 0.788925 604.403 0.00719917 0.99806 0.061836 12.3229 -0.790144 0.0435776 -0.61137 -284.147 
-0.613032 -0.043838 0.788841 606.114 0.00653475 0.998144 0.0605478 12.4068 -0.790031 0.0422726 -0.611607 -285.412 
-0.613712 -0.0423201 0.788395 607.675 0.00671125 0.998247 0.0588088 12.4291 -0.789501 0.0413828 -0.612352 -286.359 
-0.613253 -0.0410863 0.788817 609.581 0.0072472 0.998311 0.0576322 12.5279 -0.789854 0.0410598 -0.611919 -287.834 
-0.613519 -0.0410504 0.788612 611.669 0.00768499 0.99829 0.0579436 12.6462 -0.789643 0.04161 -0.612155 -289.395 
-0.613674 -0.0419177 0.788446 613.683 0.00768015 0.998225 0.0590483 12.7644 -0.789522 0.0422918 -0.612264 -290.881 
-0.613973 -0.0426233 0.788176 615.733 0.00819511 0.998143 0.0603618 12.8954 -0.789285 0.0435197 -0.612483 -292.357 
-0.613431 -0.0428791 0.788583 617.513 0.00863464 0.998101 0.0609884 12.9973 -0.789701 0.0442213 -0.611896 -293.712 
-0.61331 -0.0425291 0.788696 619.646 0.00827621 0.998148 0.0602592 13.1251 -0.789799 0.043485 -0.611823 -295.31 
-0.613118 -0.0422028 0.788863 621.75 0.00798623 0.99819 0.0596084 13.253 -0.789951 0.0428471 -0.611672 -296.885 
-0.612733 -0.042341 0.789154 623.644 0.00817127 0.998171 0.0598999 13.3458 -0.790247 0.0431511 -0.611267 -298.366 
-0.612571 -0.04311 0.789239 625.512 0.00689205 0.998182 0.0598722 13.4307 -0.790385 0.0421154 -0.61116 -299.824 
-0.612216 -0.0434686 0.789494 627.086 0.00652289 0.998176 0.0600165 13.5383 -0.790663 0.0418929 -0.610816 -301.167 
-0.611101 -0.0437323 0.790344 629.114 0.00605255 0.998185 0.0599126 13.6547 -0.79153 0.0413963 -0.609727 -302.71 
-0.610691 -0.0427334 0.790715 631.171 0.00598581 0.998265 0.0585732 13.7657 -0.791847 0.0405032 -0.609375 -304.263 
-0.610715 -0.0431603 0.790673 633.034 0.00597434 0.998234 0.0591049 13.8543 -0.791828 0.04082 -0.609379 -305.502 
-0.610089 -0.0434855 0.791139 634.911 0.0066558 0.998176 0.0599981 13.9445 -0.792305 0.0418698 -0.608686 -306.958 
-0.609467 -0.0435978 0.791612 636.722 0.00713439 0.998145 0.0604653 14.0223 -0.792779 0.0424993 -0.608025 -308.342 
-0.608991 -0.0434296 0.791987 638.366 0.00920873 0.998045 0.06181 14.091 -0.793124 0.0449349 -0.607401 -309.607 
-0.608272 -0.0421675 0.792608 640.284 0.00979926 0.998113 0.0606207 14.1873 -0.793668 0.0446409 -0.606711 -311.059 
-0.607953 -0.0419952 0.792861 642.396 0.0107341 0.998074 0.0610954 14.3145 -0.7939 0.0456538 -0.606332 -312.633 
