1 -4.23778e-08 4.22719e-08 0 -4.23778e-08 1 -4.19404e-08 0 4.22719e-08 -4.19404e-08 1 0 
0.999996 -0.00252364 -0.00119413 -0.0330705 0.00252719 0.999992 0.00305387 -0.0219742 0.00118649 -0.00305696 0.999995 1.50584 
0.999992 -0.00296138 -0.00281247 -0.0508152 0.00297178 0.999989 0.00373117 -0.0343116 0.00280147 -0.00373958 0.999989 3.02923 
0.999989 -0.00201798 -0.00411767 -0.087058 0.00203281 0.999991 0.00362061 -0.0533221 0.00411042 -0.00362903 0.999985 4.5388 
0.999983 -0.00169008 -0.00565013 -0.121406 0.00170988 0.999992 0.00351709 -0.0703579 0.00564423 -0.00352678 0.999978 6.04855 
0.999975 -0.0016959 -0.00682347 -0.161823 0.0017218 0.999991 0.00380268 -0.0874774 0.00681704 -0.00381442 0.999969 7.55131 
0.999962 -0.00177504 -0.00851007 -0.201813 0.00181116 0.999989 0.00424899 -0.105698 0.00850252 -0.00426432 0.999955 9.05921 
0.999941 -0.00367143 -0.0102398 -0.240779 0.00370748 0.999987 0.00351177 -0.120982 0.0102269 -0.00354961 0.999941 10.5555 
0.999919 -0.00474077 -0.0118198 -0.271341 0.00478649 0.999981 0.00385063 -0.137616 0.0118014 -0.00390698 0.999923 12.0227 
0.999901 -0.00456007 -0.0132816 -0.307188 0.0046107 0.999982 0.00379003 -0.154621 0.0132642 -0.00385098 0.999905 13.518 
0.999886 -0.00410016 -0.0145064 -0.346889 0.00415584 0.999984 0.00381604 -0.171099 0.0144906 -0.00387597 0.999887 15.0011 
0.999881 -0.00243955 -0.0152218 -0.387584 0.00250573 0.999987 0.00433519 -0.187384 0.0152111 -0.0043729 0.999875 16.4836 
0.999872 -0.000888781 -0.015975 -0.431454 0.00096813 0.999987 0.00496531 -0.196967 0.0159705 -0.00498023 0.99986 17.9897 
0.99986 2.67217e-05 -0.0167309 -0.473442 6.87265e-05 0.999984 0.00570932 -0.206992 0.0167308 -0.00570975 0.999844 19.4893 
0.999849 -0.000280429 -0.0173773 -0.516269 0.000381829 0.999983 0.00583697 -0.223054 0.0173754 -0.00584281 0.999832 20.9242 
0.999837 0.000506578 -0.0180526 -0.562409 -0.000398667 0.999982 0.00598531 -0.237281 0.0180554 -0.00597723 0.999819 22.3925 
0.99983 0.000972367 -0.0183886 -0.606274 -0.000852903 0.999978 0.00650792 -0.249766 0.0183946 -0.00649122 0.99981 23.8419 
0.999827 0.00198689 -0.0185111 -0.646093 -0.00184401 0.999968 0.00773722 -0.259951 0.018526 -0.00770183 0.999799 25.3268 
0.999827 0.0019279 -0.0185124 -0.691775 -0.00180931 0.999978 0.00642544 -0.273505 0.0185245 -0.00639092 0.999808 26.7794 
0.999823 0.00241755 -0.0186375 -0.734688 -0.00233636 0.999988 0.00438134 -0.283859 0.018648 -0.00433711 0.999817 28.2351 
0.999829 0.000406491 -0.0184898 -0.778214 -0.000326945 0.999991 0.00430949 -0.30068 0.0184915 -0.00430279 0.99982 29.6593 
0.999829 -0.000624599 -0.0184593 -0.817535 0.000753801 0.999975 0.00699773 -0.311647 0.0184545 -0.00701053 0.999805 31.103 
0.999826 -0.00235171 -0.018498 -0.857291 0.00249956 0.999965 0.00797854 -0.318995 0.0184786 -0.00802347 0.999797 32.5157 
0.999826 -0.00300291 -0.0184152 -0.898584 0.00314205 0.999967 0.007536 -0.33428 0.018392 -0.00759264 0.999802 33.9172 
0.999831 -0.00299035 -0.0181472 -0.935419 0.00309512 0.999979 0.00575265 -0.345475 0.0181297 -0.00580793 0.999819 35.3128 
0.999839 -0.00216211 -0.0177989 -0.978135 0.00225217 0.999985 0.00504579 -0.360796 0.0177878 -0.00508515 0.999829 36.6883 
0.999857 -0.00145189 -0.0168315 -1.02109 0.00151974 0.999991 0.00402437 -0.376975 0.0168256 -0.00404946 0.99985 38.0631 
0.99988 -0.00113622 -0.0154489 -1.06475 0.00121591 0.999986 0.00515491 -0.395028 0.0154429 -0.00517316 0.999867 39.3979 
0.999901 -0.000643912 -0.0140667 -1.10436 0.000746756 0.999973 0.00731312 -0.412891 0.0140617 -0.00732299 0.999874 40.7228 
0.999922 -0.00122267 -0.0124334 -1.14193 0.00132674 0.999964 0.00837219 -0.42795 0.0124228 -0.00838812 0.999888 42.0281 
0.999947 -0.000655747 -0.0102361 -1.16942 0.000748065 0.999959 0.00902585 -0.439651 0.0102299 -0.00903312 0.999907 43.3098 
0.999975 -0.000988958 -0.00691771 -1.19765 0.00104706 0.999964 0.00841327 -0.452253 0.00690922 -0.00842039 0.999941 44.5765 
0.999993 -0.0016473 -0.00333357 -1.21699 0.00166909 0.999977 0.00656739 -0.46033 0.00332276 -0.00657299 0.999973 45.8415 
0.999998 -0.00170234 -0.000109338 -1.232 0.00170277 0.999987 0.00486678 -0.474847 0.000101137 -0.00486704 0.999988 47.0738 
0.999991 -0.00172136 0.0039116 -1.24505 0.00169939 0.999983 0.00559039 -0.493549 -0.00392107 -0.00558378 0.999977 48.2406 
0.999957 -0.00128414 0.00913302 -1.24713 0.00123444 0.999984 0.00543564 -0.505694 -0.00913977 -0.00542421 0.999943 49.4659 
0.99988 0.000380807 0.0154705 -1.24971 -0.000451909 0.999989 0.00458727 -0.521948 -0.0154685 -0.00459379 0.99987 50.6664 
0.999736 0.00186225 0.022902 -1.24339 -0.00196978 0.999987 0.00466992 -0.535186 -0.0228929 -0.00471388 0.999727 51.8665 
0.999504 0.00274694 0.0313658 -1.22757 -0.00292648 0.99998 0.00567672 -0.549146 -0.0313495 -0.00576578 0.999492 53.0581 
0.999119 0.00506064 0.0416646 -1.19725 -0.00532881 0.999966 0.00632591 -0.563883 -0.0416311 -0.00654245 0.999112 54.2371 
0.998489 0.00740925 0.0544472 -1.15032 -0.00776154 0.99995 0.00626002 -0.573101 -0.054398 -0.00667324 0.998497 55.4088 
0.997568 0.00928663 0.0690817 -1.09054 -0.00977068 0.99993 0.00667111 -0.582832 -0.0690148 -0.00732994 0.997589 56.5556 
0.9963 0.0114187 0.0851809 -1.01211 -0.012136 0.999895 0.00790712 -0.593042 -0.0850816 -0.0089117 0.996334 57.6942 
0.99465 0.0114077 0.10267 -0.911547 -0.0123625 0.999886 0.0086669 -0.604214 -0.10256 -0.00988987 0.994678 58.8022 
0.992504 0.0110973 0.121704 -0.791647 -0.0121358 0.999896 0.00779488 -0.612111 -0.121605 -0.0092135 0.992536 59.914 
0.989831 0.0102955 0.141875 -0.655795 -0.0113964 0.999911 0.00694816 -0.622084 -0.141791 -0.00849444 0.98986 61.0046 
0.986616 0.00743646 0.162893 -0.494941 -0.00864052 0.99994 0.00668392 -0.63019 -0.162833 -0.00800201 0.986621 62.0768 
0.982865 0.00248294 0.18431 -0.305226 -0.00418497 0.999952 0.00884568 -0.638873 -0.184279 -0.00946552 0.982828 63.147 
0.978259 -0.00313896 0.207363 -0.088536 0.00102401 0.999946 0.0103053 -0.647327 -0.207384 -0.00986903 0.97821 64.1902 
0.972863 -0.00812773 0.23124 0.148457 0.00601382 0.999933 0.00984463 -0.655764 -0.231305 -0.00818691 0.972847 65.2165 
0.966519 -0.0142796 0.256197 0.410756 0.0126056 0.999887 0.00817481 -0.663193 -0.256285 -0.00467167 0.96659 66.2149 
0.959121 -0.0178435 0.282431 0.694931 0.0159892 0.999833 0.00886909 -0.670334 -0.282542 -0.00399076 0.959246 67.1973 
0.950707 -0.0204746 0.309415 1.0017 0.0178512 0.999777 0.0113074 -0.677425 -0.309577 -0.00522669 0.95086 68.1562 
0.941206 -0.024978 0.336908 1.34115 0.0214571 0.999669 0.0141702 -0.680425 -0.33715 -0.00610804 0.941431 69.1093 
0.930395 -0.0281575 0.365476 1.69761 0.0247336 0.999595 0.0140475 -0.688476 -0.365724 -0.00403024 0.930715 70.025 
0.918384 -0.027384 0.394741 2.07184 0.0254069 0.999625 0.0102354 -0.693635 -0.394873 0.000629089 0.918735 70.9339 
0.905417 -0.0284884 0.423567 2.47618 0.0290942 0.999564 0.00503712 -0.697968 -0.423526 0.00776259 0.905851 71.81 
0.891401 -0.0304092 0.452195 2.90543 0.032696 0.999461 0.00275866 -0.706405 -0.452035 0.0123258 0.891915 72.6611 
0.875911 -0.0311379 0.481468 3.36395 0.0322078 0.999463 0.00604388 -0.715533 -0.481397 0.010213 0.876443 73.5057 
0.858348 -0.0298323 0.512199 3.84634 0.0277626 0.999546 0.0116921 -0.721846 -0.512316 0.00418405 0.858787 74.3382 
0.838843 -0.0299035 0.543551 4.35043 0.025639 0.999552 0.0154225 -0.728639 -0.543768 0.000998969 0.839235 75.1398 
0.817909 -0.0236705 0.574861 4.88227 0.0215453 0.999713 0.0105095 -0.731505 -0.574944 0.00378967 0.818184 75.916 
0.796079 -0.0166156 0.604965 5.43277 0.0183495 0.999826 0.00331406 -0.732713 -0.604914 0.00846252 0.796245 76.6613 
0.773833 -0.0143451 0.633227 6.01399 0.0174798 0.999846 0.0012892 -0.736875 -0.633149 0.010071 0.773965 77.3807 
0.750798 -0.016891 0.660316 6.6257 0.0185669 0.999818 0.00446422 -0.746388 -0.660271 0.00890825 0.750975 78.0761 
0.726541 -0.0170826 0.686911 7.24579 0.0186487 0.999813 0.00513921 -0.759483 -0.68687 0.00907613 0.726724 78.7375 
0.701482 -0.0153078 0.712523 7.88395 0.0193784 0.999809 0.00240163 -0.769671 -0.712424 0.0121228 0.701645 79.3716 
0.675541 -0.0129878 0.737208 8.54629 0.0192383 0.999815 -1.48755e-05 -0.779697 -0.737071 0.0141927 0.675666 79.9824 
0.648642 -0.0106643 0.761019 9.22504 0.0175406 0.999846 -0.000939606 -0.789568 -0.760891 0.0139582 0.648729 80.5721 
0.620885 -0.00941058 0.783845 9.92576 0.0175777 0.999844 -0.00191968 -0.803336 -0.783704 0.01497 0.620954 81.1338 
0.592323 -0.00271272 0.805696 10.6489 0.0158718 0.999839 -0.00830218 -0.818753 -0.805544 0.0177054 0.592271 81.673 
0.56239 0.00658748 0.826846 11.3873 0.0145091 0.999736 -0.0178336 -0.836838 -0.826745 0.0220262 0.562145 82.1893 
0.531754 0.0148974 0.846768 12.1551 0.0133662 0.999573 -0.0259796 -0.858819 -0.846793 0.0251328 0.531328 82.6808 
0.500253 0.0198215 0.865652 12.9477 0.0107101 0.99952 -0.0290762 -0.888264 -0.865813 0.0238166 0.499801 83.1465 
0.467895 0.0193531 0.883572 13.7594 0.00869316 0.999611 -0.0264983 -0.920537 -0.883741 0.0200794 0.467544 83.5877 
0.434859 0.0181602 0.900315 14.5929 0.00378673 0.999751 -0.021995 -0.952684 -0.900491 0.0129739 0.434682 84.0032 
0.400611 0.0194352 0.916042 15.4372 -0.000532316 0.99978 -0.0209791 -0.98463 -0.916248 0.00791681 0.400533 84.388 
0.365741 0.0224991 0.930444 16.3 -0.00778621 0.999747 -0.0211144 -1.01396 -0.930684 0.000477746 0.365824 84.743 
0.329948 0.024426 0.943683 17.1779 -0.0129106 0.999688 -0.0213616 -1.04085 -0.943911 -0.00513531 0.330161 85.072 
0.294061 0.0240724 0.955483 18.0848 -0.0155397 0.999671 -0.0204032 -1.06471 -0.95566 -0.00884813 0.294338 85.3646 
0.257942 0.0234349 0.965876 18.9988 -0.0161631 0.99967 -0.0199386 -1.09612 -0.966025 -0.0104685 0.258236 85.6223 
0.222027 0.022901 0.974771 19.9318 -0.0154731 0.999681 -0.0199619 -1.12426 -0.974918 -0.0106507 0.22231 85.8434 
0.18666 0.0217999 0.982183 20.8778 -0.0134638 0.999717 -0.0196305 -1.14651 -0.982332 -0.00955971 0.1869 86.0294 
0.15239 0.0206392 0.988105 21.8336 -0.00555455 0.999784 -0.0200266 -1.17781 -0.988305 -0.00243663 0.152472 86.1754 
0.118941 0.0242214 0.992606 22.8064 -0.00336539 0.999706 -0.0239915 -1.20556 -0.992896 -0.000486943 0.118987 86.2907 
0.0862924 0.0293224 0.995838 23.7732 -0.00239658 0.99957 -0.0292247 -1.23471 -0.996267 0.000135265 0.0863255 86.3827 
0.0575244 0.0328933 0.997802 24.7432 0.00443849 0.999439 -0.0332033 -1.27254 -0.998334 0.00633873 0.0573461 86.436 
0.0318983 0.0311823 0.999005 25.7316 0.00598153 0.999489 -0.0313885 -1.30738 -0.999473 0.00697681 0.0316955 86.4777 
0.00949528 0.0281718 0.999558 26.7224 0.00778261 0.999571 -0.0282462 -1.34466 -0.999925 0.00804737 0.00927195 86.4979 
-0.00929528 0.0255946 0.999629 27.7127 0.00814607 0.999641 -0.0255192 -1.38154 -0.999924 0.00790584 -0.00950044 86.497 
-0.025755 0.0287577 0.999254 28.7037 0.00971016 0.999546 -0.0285159 -1.41696 -0.999621 0.0089685 -0.0260225 86.4745 
-0.0404171 0.0330438 0.998636 29.6892 0.013106 0.999384 -0.0325382 -1.45579 -0.999097 0.011773 -0.0408253 86.4406 
-0.0524508 0.0381162 0.997896 30.675 0.0174015 0.999154 -0.0372497 -1.49546 -0.998472 0.0154111 -0.0530697 86.396 
-0.0612343 0.0416888 0.997252 31.6829 0.0224981 0.998931 -0.0403776 -1.53759 -0.99787 0.0199638 -0.0621068 86.338 
-0.067068 0.0469609 0.996643 32.6864 0.0264987 0.998623 -0.0452711 -1.58887 -0.997396 0.0233735 -0.06822 86.2714 
-0.0706666 0.0517735 0.996155 33.6855 0.028292 0.998354 -0.0498808 -1.64169 -0.997099 0.0246583 -0.0720151 86.2087 
-0.0734128 0.0557219 0.995744 34.688 0.0306805 0.998091 -0.0535914 -1.70014 -0.99683 0.0266157 -0.0749822 86.1375 
-0.0759573 0.0587344 0.99538 35.695 0.0310703 0.997918 -0.0565133 -1.76254 -0.996627 0.0266342 -0.077624 86.0664 
-0.0782536 0.0621149 0.994996 36.7026 0.0320657 0.997697 -0.0597617 -1.82998 -0.996418 0.0272287 -0.0800652 85.9929 
-0.0801119 0.0658315 0.99461 37.7162 0.033508 0.997431 -0.0633194 -1.89726 -0.996222 0.0282547 -0.0821119 85.9159 
-0.0824179 0.0673191 0.994322 38.741 0.0363066 0.997256 -0.0645084 -1.96691 -0.995936 0.0307838 -0.0846359 85.8377 
-0.0841464 0.0660217 0.994264 39.7614 0.0364524 0.997339 -0.0631409 -2.04063 -0.995786 0.0309302 -0.0863291 85.7534 
-0.0864597 0.0657102 0.994086 40.7864 0.0358897 0.99738 -0.0628066 -2.11333 -0.995609 0.0302472 -0.0885915 85.6761 
-0.0883557 0.0670903 0.993827 41.8265 0.0357008 0.997301 -0.0641509 -2.18206 -0.995449 0.0298123 -0.0905125 85.5817 
-0.0908842 0.0692303 0.993452 42.8489 0.03452 0.9972 -0.0663335 -2.2553 -0.995263 0.0282653 -0.0930196 85.5054 
-0.0934867 0.0714289 0.993055 43.8821 0.0328637 0.997101 -0.0686262 -2.33323 -0.995078 0.0262199 -0.0955631 85.4211 
-0.0960278 0.075139 0.992538 44.9319 0.0303209 0.996905 -0.0725361 -2.41028 -0.994917 0.0231292 -0.0980088 85.3315 
-0.0983261 0.0794103 0.991981 45.9693 0.0269892 0.996657 -0.0771095 -2.49254 -0.994788 0.0191909 -0.100141 85.2443 
-0.100939 0.0819553 0.991511 47.0097 0.0247359 0.9965 -0.0798495 -2.57685 -0.994585 0.016466 -0.102613 85.1516 
-0.10372 0.0804581 0.991347 48.057 0.0226139 0.996656 -0.0785231 -2.66401 -0.994349 0.0142739 -0.105192 85.0562 
-0.106605 0.0762839 0.991371 49.1094 0.0195634 0.99702 -0.074615 -2.75164 -0.994109 0.0114402 -0.10778 84.9623 
-0.108929 0.0746758 0.99124 50.1735 0.0196865 0.997141 -0.072957 -2.8365 -0.993854 0.0115669 -0.110088 84.8557 
-0.110884 0.0751978 0.990984 51.2266 0.018751 0.997114 -0.073565 -2.9207 -0.993656 0.0104248 -0.111974 84.7532 
-0.111973 0.0780949 0.990638 52.2882 0.0200947 0.996881 -0.0763159 -3.00212 -0.993508 0.0113613 -0.113193 84.6404 
-0.112729 0.0808596 0.99033 53.3465 0.0203241 0.996662 -0.0790632 -3.08851 -0.993418 0.0112148 -0.113997 84.5319 
-0.112876 0.0814995 0.990261 54.4068 0.0190766 0.996624 -0.0798488 -3.17904 -0.993426 0.00987786 -0.114049 84.4219 
-0.112844 0.0801476 0.990375 55.4667 0.0160632 0.996758 -0.078834 -3.27057 -0.993483 0.00701265 -0.113766 84.3228 
-0.112972 0.0795464 0.990409 56.5279 0.0122923 0.996826 -0.0786598 -3.36201 -0.993522 0.00328803 -0.113591 84.2212 
-0.1131 0.0805838 0.99031 57.5935 0.00850483 0.996748 -0.0801364 -3.45257 -0.993547 -0.000641009 -0.113418 84.1201 
-0.113406 0.0808733 0.990252 58.6771 0.00462283 0.996714 -0.0808717 -3.54395 -0.993538 -0.00459352 -0.113407 84.0165 
-0.113721 0.0802837 0.990264 59.7553 0.00120291 0.99674 -0.0806707 -3.64027 -0.993512 -0.00798271 -0.113446 83.9162 
-0.114007 0.0750476 0.990641 60.8437 0.00163044 0.997155 -0.0753536 -3.73217 -0.993479 -0.00697565 -0.113805 83.8106 
-0.114416 0.0663341 0.991216 61.9459 0.00465658 0.997793 -0.0662368 -3.81867 -0.993422 -0.00296287 -0.114473 83.6985 
-0.114102 0.0608069 0.991606 63.0413 0.0100936 0.998144 -0.0600465 -3.89983 -0.993418 0.00315746 -0.114504 83.5798 
-0.11339 0.0631614 0.991541 64.145 0.0183391 0.99794 -0.0614719 -3.97407 -0.993381 0.0112137 -0.114314 83.4546 
-0.112165 0.0688263 0.991303 65.2361 0.0234538 0.997504 -0.0666031 -4.0452 -0.993413 0.0157793 -0.113499 83.3316 
-0.11127 0.0743458 0.991005 66.3385 0.0268965 0.997058 -0.07178 -4.12691 -0.993426 0.0186676 -0.112942 83.2154 
-0.110672 0.0786587 0.990739 67.451 0.0275604 0.996723 -0.0760551 -4.2153 -0.993475 0.018888 -0.112477 83.1027 
-0.110395 0.0758978 0.990986 68.5748 0.0246156 0.996983 -0.073615 -4.30287 -0.993583 0.016267 -0.11193 82.9944 
-0.11016 0.0712363 0.991358 69.7172 0.0237381 0.997332 -0.069028 -4.39362 -0.99363 0.0159288 -0.111557 82.881 
-0.109951 0.0694182 0.99151 70.8533 0.0215835 0.99749 -0.0674435 -4.47192 -0.993703 0.0139848 -0.111174 82.77 
-0.109872 0.0700089 0.991477 71.9922 0.0198296 0.997472 -0.0682348 -4.55861 -0.993748 0.0121635 -0.110983 82.6625 
-0.109447 0.0751743 0.991146 73.1294 0.0210054 0.997088 -0.0733055 -4.64632 -0.993771 0.0127964 -0.110707 82.5466 
-0.108487 0.0778607 0.991044 74.2736 0.0207146 0.996889 -0.0760524 -4.73281 -0.993882 0.0122784 -0.109762 82.43 
-0.108057 0.0769152 0.991165 75.4259 0.0210928 0.996955 -0.0750651 -4.82262 -0.993921 0.0127952 -0.10935 82.313 
-0.107289 0.0698965 0.991768 76.581 0.0230562 0.997432 -0.0678016 -4.91875 -0.99396 0.015592 -0.108625 82.198 
-0.107891 0.0683661 0.991809 77.7376 0.0223082 0.997548 -0.066335 -5.00369 -0.993912 0.0149685 -0.109151 82.0884 
-0.10766 0.0714938 0.991614 78.8801 0.0198644 0.997366 -0.069752 -5.0874 -0.993989 0.0121884 -0.108797 81.991 
-0.107227 0.0744783 0.991441 80.0424 0.0195309 0.997156 -0.0727954 -5.17689 -0.994043 0.0115582 -0.108376 81.8778 
-0.107012 0.0739015 0.991507 81.2155 0.0185666 0.997208 -0.0723226 -5.26831 -0.994084 0.0106696 -0.108085 81.7615 
-0.10684 0.0701221 0.9918 82.3926 0.0182906 0.99748 -0.0685534 -5.36477 -0.994108 0.0108164 -0.107854 81.6511 
-0.105822 0.0689171 0.991994 83.5836 0.0191407 0.997552 -0.0672615 -5.45406 -0.994201 0.0118697 -0.106882 81.5353 
-0.104743 0.0692433 0.992086 84.7725 0.0206912 0.997509 -0.0674374 -5.54195 -0.994284 0.0134639 -0.105915 81.4212 
-0.103824 0.0694047 0.992171 85.965 0.0232268 0.997459 -0.0673442 -5.62911 -0.994324 0.016053 -0.105172 81.307 
-0.102967 0.0688692 0.992298 87.1568 0.0228198 0.997501 -0.0668625 -5.71698 -0.994423 0.0157594 -0.104281 81.2025 
-0.101576 0.0694032 0.992404 88.3567 0.0241805 0.997441 -0.0672806 -5.80573 -0.994534 0.0171628 -0.102994 81.0931 
-0.100442 0.0675516 0.992647 89.5686 0.0242769 0.997562 -0.0654297 -5.89375 -0.994647 0.0175265 -0.101837 80.983 
-0.0991456 0.0668316 0.992826 90.7903 0.0227819 0.997633 -0.0648802 -5.97907 -0.994812 0.0161859 -0.100433 80.8758 
-0.0976059 0.0662296 0.993019 92.013 0.0238083 0.997653 -0.0641986 -6.06249 -0.99494 0.0173759 -0.0989537 80.7638 
-0.0960223 0.0669072 0.993128 93.2398 0.0217951 0.99764 -0.0651039 -6.15115 -0.99514 0.0153939 -0.0972539 80.6629 
-0.0945759 0.06963 0.993079 94.4592 0.0219866 0.997454 -0.0678429 -6.23754 -0.995275 0.0154181 -0.095866 80.5587 
-0.0935194 0.068611 0.99325 95.6897 0.0199229 0.997552 -0.0670323 -6.32301 -0.995418 0.0135196 -0.0946574 80.4595 
-0.0930822 0.0671445 0.993392 96.9275 0.0162484 0.997693 -0.0659128 -6.41424 -0.995526 0.0100057 -0.0939584 80.363 
-0.0931447 0.0681682 0.993316 98.1707 0.0132607 0.99765 -0.0672222 -6.50312 -0.995564 0.00691071 -0.0938297 80.2715 
-0.0932084 0.067586 0.99335 99.4236 0.0106789 0.997704 -0.0668803 -6.5916 -0.995589 0.00437408 -0.0937161 80.1688 
-0.094256 0.0651225 0.993416 100.68 0.00837395 0.997875 -0.0646204 -6.68098 -0.995513 0.00222796 -0.0946011 80.0677 
-0.095689 0.0636947 0.993371 101.945 0.00608519 0.997969 -0.0634034 -6.77098 -0.995393 -2.21504e-05 -0.0958823 79.9686 
-0.0971527 0.0629689 0.993275 103.205 0.00434973 0.998014 -0.0628439 -6.86073 -0.99526 -0.00178497 -0.0972337 79.8641 
-0.098644 0.0630419 0.993124 104.463 0.00453808 0.998009 -0.0629013 -6.95016 -0.995112 -0.00169795 -0.0987337 79.7544 
-0.100787 0.0616925 0.992993 105.727 0.00377161 0.998092 -0.0616266 -7.03641 -0.994901 -0.00246599 -0.100828 79.6398 
-0.103858 0.056994 0.992958 106.993 0.00158913 0.998365 -0.0571382 -7.12408 -0.994591 -0.00435634 -0.103779 79.5251 
-0.108063 0.0570042 0.992508 108.245 0.00143964 0.998363 -0.0571838 -7.20655 -0.994143 -0.00475058 -0.107968 79.4043 
-0.113705 0.0629282 0.99152 109.481 -0.00326712 0.997963 -0.0637119 -7.29079 -0.993509 -0.0104838 -0.113268 79.2894 
-0.12068 0.0660008 0.990495 110.713 -0.0026804 0.997762 -0.0668117 -7.3783 -0.992688 -0.0107178 -0.120233 79.1604 
-0.129491 0.0619749 0.989642 111.963 -0.0011113 0.998035 -0.062646 -7.47085 -0.99158 -0.00921185 -0.129167 79.0122 
-0.140204 0.0597017 0.988321 113.209 0.00118771 0.99819 -0.0601294 -7.56278 -0.990122 -0.00725652 -0.140021 78.851 
-0.153218 0.060623 0.986331 114.447 0.00152628 0.99813 -0.0611111 -7.64769 -0.988191 -0.00785787 -0.153024 78.6762 
-0.167387 0.0608551 0.984011 115.667 0.00346871 0.998123 -0.0611378 -7.73176 -0.985885 -0.00682041 -0.167284 78.4856 
-0.181841 0.0584792 0.981587 116.883 0.00409322 0.998266 -0.0587147 -7.82018 -0.983319 -0.00665886 -0.181765 78.2789 
-0.19722 0.0611086 0.978453 118.082 0.00847055 0.998124 -0.0606299 -7.9057 -0.980323 -0.00366941 -0.197368 78.0468 
-0.212486 0.0643325 0.975044 119.261 0.00889394 0.997916 -0.0639035 -7.99304 -0.977124 -0.00490661 -0.212616 77.8068 
-0.227507 0.0681622 0.971388 120.429 0.00897232 0.997651 -0.0679038 -8.08186 -0.973735 -0.00673301 -0.227585 77.5527 
-0.243279 0.06622 0.967693 121.583 0.00581859 0.997748 -0.066814 -8.16885 -0.969939 -0.0106238 -0.243117 77.2762 
-0.259278 0.0606021 0.963899 122.772 0.000438765 0.998037 -0.0626304 -8.25811 -0.965803 -0.0158157 -0.258795 76.9828 
-0.275037 0.0567974 0.959754 123.938 -0.00339394 0.99819 -0.0600446 -8.34438 -0.961428 -0.0197718 -0.274346 76.677 
-0.290038 0.0581503 0.955247 125.103 -0.00515327 0.998043 -0.0623202 -8.42848 -0.957001 -0.0229978 -0.28917 76.3459 
-0.304265 0.0601205 0.950688 126.263 -0.00536006 0.997882 -0.0648205 -8.51483 -0.952572 -0.0248183 -0.303298 75.9899 
-0.31807 0.0623078 0.946018 127.415 -0.00380524 0.997746 -0.0669943 -8.60565 -0.94806 -0.0249087 -0.317116 75.6181 
-0.332102 0.0623736 0.941179 128.555 -0.00158533 0.997773 -0.0666837 -8.69432 -0.943242 -0.0236379 -0.331264 75.2295 
-0.345925 0.0602308 0.936327 129.694 -0.00198435 0.997888 -0.064924 -8.78546 -0.93826 -0.0243168 -0.345075 74.8233 
-0.360361 0.0589461 0.930948 130.823 -0.00239331 0.99794 -0.0641144 -8.87282 -0.93281 -0.0253324 -0.359478 74.4049 
-0.375032 0.0604438 0.925039 131.943 -0.00391162 0.99776 -0.0667814 -8.96028 -0.927004 -0.0286636 -0.373956 73.9716 
-0.389735 0.0627437 0.918787 133.049 -0.00288636 0.997588 -0.0693494 -9.04706 -0.920923 -0.0296798 -0.388613 73.5184 
-0.404369 0.0644634 0.912321 134.155 -0.00163163 0.99746 -0.0712025 -9.14033 -0.914594 -0.0302807 -0.403237 73.0436 
-0.419086 0.066832 0.905484 135.251 0.000756839 0.997313 -0.0732595 -9.23593 -0.907946 -0.0300167 -0.41801 72.5579 
-0.433801 0.0703126 0.898261 136.34 0.000564332 0.996971 -0.0777669 -9.33501 -0.901008 -0.0332284 -0.432527 72.0524 
-0.448676 0.072763 0.890727 137.418 0.00164742 0.996746 -0.0805938 -9.43128 -0.893693 -0.0346931 -0.447336 71.5172 
-0.463929 0.0700342 0.8831 138.5 0.000294007 0.996882 -0.0789034 -9.53328 -0.885872 -0.0363459 -0.462503 70.9712 
-0.480127 0.0657838 0.874729 139.59 -0.00254779 0.997075 -0.0763833 -9.63449 -0.877195 -0.0389023 -0.478555 70.4059 
-0.496325 0.0658212 0.865638 140.656 -0.00321466 0.996975 -0.0776511 -9.7354 -0.868131 -0.0413229 -0.494612 69.8242 
-0.512407 0.0650053 0.856279 141.721 -0.00455372 0.996911 -0.0784066 -9.83393 -0.858731 -0.0440753 -0.510528 69.2158 
-0.528239 0.0641007 0.846673 142.778 -0.00500964 0.996894 -0.0785993 -9.93535 -0.849081 -0.0457607 -0.526277 68.5822 
-0.544131 0.063682 0.83658 143.825 -0.00636517 0.996773 -0.0800164 -10.037 -0.838976 -0.0488644 -0.54197 67.9383 
-0.559871 0.0629197 0.826187 144.87 -0.00692888 0.996722 -0.0806025 -10.1424 -0.82855 -0.0508516 -0.5576 67.2678 
-0.575362 0.0603069 0.815673 145.917 -0.00725051 0.996863 -0.0788176 -10.2466 -0.817867 -0.0512627 -0.573119 66.563 
-0.590831 0.0567628 0.804796 146.948 -0.00722113 0.99711 -0.0756283 -10.3525 -0.806763 -0.0504951 -0.588714 65.8436 
-0.606085 0.0551487 0.793486 147.965 -0.00638812 0.997224 -0.0741883 -10.4538 -0.795375 -0.0500333 -0.60405 65.1019 
-0.620905 0.0532868 0.782072 148.96 -0.00741983 0.997243 -0.0738383 -10.5559 -0.78385 -0.0516494 -0.618798 64.3416 
-0.635901 0.0543153 0.769857 149.943 -0.00880947 0.996945 -0.0776135 -10.6603 -0.771721 -0.0561365 -0.633479 63.5604 
-0.651357 0.0537495 0.756865 150.931 -0.0109899 0.996715 -0.0802406 -10.7692 -0.758692 -0.0605831 -0.648626 62.7489 
-0.667325 0.0505118 0.743051 151.911 -0.0130082 0.996755 -0.0794408 -10.8737 -0.744653 -0.0626786 -0.664503 61.9051 
-0.683907 0.0430241 0.7283 152.881 -0.0166286 0.997081 -0.0745174 -10.9809 -0.72938 -0.0630736 -0.681195 61.0448 
-0.701117 0.0404044 0.7119 153.823 -0.0179065 0.997081 -0.0742254 -11.0814 -0.712821 -0.0647883 -0.698347 60.1666 
-0.718655 0.037849 0.694336 154.74 -0.0195977 0.997018 -0.0746327 -11.1812 -0.695091 -0.0672425 -0.71577 59.2634 
-0.736435 0.0339393 0.675656 155.64 -0.0229883 0.996908 -0.0751326 -11.2842 -0.676117 -0.0708625 -0.733378 58.3382 
-0.75313 0.0320575 0.65709 156.502 -0.0226567 0.996956 -0.0746068 -11.3885 -0.657482 -0.0710761 -0.75011 57.3879 
-0.769392 0.034392 0.63785 157.348 -0.0202254 0.996737 -0.0781393 -11.4953 -0.638456 -0.0730205 -0.766186 56.4141 
-0.784713 0.0337917 0.618937 158.166 -0.0170563 0.996958 -0.076055 -11.6028 -0.619624 -0.0702381 -0.78175 55.4111 
-0.799463 0.0349002 0.599701 158.967 -0.0130869 0.997062 -0.0754713 -11.7177 -0.600573 -0.0681847 -0.796657 54.3799 
-0.814143 0.0358425 0.579557 159.731 -0.0116801 0.99688 -0.0780597 -11.8255 -0.580547 -0.0703211 -0.811185 53.3418 
-0.828083 0.0374123 0.559355 160.475 -0.0107545 0.996527 -0.0825737 -11.9366 -0.560502 -0.0743935 -0.824805 52.2854 
-0.84144 0.0375695 0.539043 161.195 -0.00840483 0.996549 -0.0825761 -12.0504 -0.540286 -0.0740134 -0.83822 51.2093 
-0.853303 0.0357682 0.520186 161.886 -0.00693803 0.996777 -0.0799199 -12.1678 -0.521368 -0.071805 -0.850305 50.1194 
-0.863917 0.0375236 0.502234 162.54 -0.00420536 0.996648 -0.0816968 -12.2804 -0.503616 -0.0726913 -0.860864 49.0116 
-0.873557 0.0401297 0.485064 163.174 -0.00169853 0.996338 -0.0854866 -12.3889 -0.486719 -0.0755013 -0.87029 47.9006 
-0.882805 0.0378068 0.468215 163.799 -0.00341463 0.996213 -0.0868792 -12.5092 -0.469727 -0.0782962 -0.879333 46.768 
-0.891243 0.034947 0.452177 164.411 -0.0046104 0.996277 -0.0860855 -12.6369 -0.453503 -0.0788078 -0.887764 45.623 
-0.898796 0.032733 0.437143 165.014 -0.00551937 0.996284 -0.0859494 -12.7704 -0.438333 -0.0796637 -0.895275 44.4812 
-0.906038 0.0305861 0.42209 165.605 -0.00623248 0.996312 -0.0855746 -12.8888 -0.42315 -0.0801645 -0.902506 43.3316 
-0.912637 0.0276715 0.407833 166.164 -0.00769739 0.996366 -0.0848286 -13.0083 -0.408698 -0.080557 -0.909107 42.1714 
-0.918489 0.0227029 0.394795 166.701 -0.0102267 0.996653 -0.0811054 -13.1279 -0.395315 -0.0785318 -0.915182 40.9894 
-0.923658 0.0195328 0.382721 167.222 -0.0111847 0.996901 -0.0778716 -13.2404 -0.383055 -0.0762072 -0.920576 39.7945 
-0.928122 0.0196996 0.371754 167.721 -0.0088676 0.997146 -0.0749786 -13.3438 -0.37217 -0.0728858 -0.925298 38.6015 
-0.931442 0.0236528 0.36312 168.204 -0.00469638 0.997021 -0.0769905 -13.445 -0.363859 -0.0734176 -0.928556 37.4156 
-0.933742 0.0287363 0.356792 168.671 0.000709187 0.996919 -0.0784369 -13.5548 -0.357946 -0.0729867 -0.930885 36.2211 
-0.935584 0.0320973 0.351643 169.128 0.00371499 0.9967 -0.0810927 -13.6604 -0.353085 -0.0745627 -0.932615 35.0212 
-0.937459 0.0293281 0.346859 169.592 0.00154597 0.996785 -0.0801035 -13.7693 -0.348093 -0.0745575 -0.93449 33.8254 
-0.939378 0.0217664 0.342192 170.061 -0.00481374 0.997047 -0.0766354 -13.878 -0.34285 -0.0736368 -0.936499 32.6212 
-0.941214 0.0157189 0.337445 170.525 -0.0101907 0.997141 -0.0748734 -13.9871 -0.337657 -0.0739107 -0.938363 31.4115 
-0.942901 0.00966147 0.332934 170.985 -0.0165851 0.996977 -0.075902 -14.0993 -0.332661 -0.0770898 -0.93989 30.2122 
-0.944225 0.00746728 0.329215 171.432 -0.019532 0.996713 -0.0786275 -14.2082 -0.32872 -0.0806723 -0.940976 29.0046 
-0.945096 0.00783632 0.326699 171.874 -0.0197181 0.996523 -0.0809448 -14.3177 -0.326197 -0.0829425 -0.941656 27.8053 
-0.945303 0.00844021 0.326085 172.307 -0.0197206 0.996358 -0.082958 -14.4285 -0.325598 -0.084851 -0.941693 26.6016 
-0.945252 0.0110534 0.326154 172.74 -0.0176145 0.996241 -0.0848129 -14.5432 -0.325865 -0.0859146 -0.941504 25.4011 
-0.944908 0.0120892 0.327111 173.176 -0.0172205 0.996098 -0.0865571 -14.6599 -0.326881 -0.0874216 -0.941013 24.2012 
-0.944605 0.0126004 0.327968 173.618 -0.0174442 0.995923 -0.0885053 -14.7797 -0.327746 -0.0893236 -0.940534 22.9921 
-0.94392 0.0141302 0.329871 174.056 -0.0158757 0.995986 -0.0880917 -14.9016 -0.329792 -0.0883884 -0.939907 21.777 
-0.943125 0.0140168 0.332141 174.498 -0.0163065 0.995957 -0.0883334 -15.0248 -0.332037 -0.0887255 -0.939084 20.5849 
-0.941872 0.0126351 0.335734 174.945 -0.018186 0.99591 -0.0884997 -15.145 -0.335479 -0.0894611 -0.93779 19.4011 
-0.940192 0.0109363 0.34047 175.398 -0.0196581 0.996077 -0.0862803 -15.2656 -0.340078 -0.087813 -0.936288 18.2075 
-0.938128 0.0091347 0.346168 175.857 -0.0210852 0.99629 -0.0834318 -15.3829 -0.345646 -0.0855687 -0.934455 17.016 
-0.935569 0.0068477 0.353076 176.323 -0.02321 0.996458 -0.0808269 -15.4938 -0.352379 -0.0838141 -0.932097 15.8229 
-0.932902 0.00883643 0.360022 176.789 -0.021576 0.996532 -0.0803676 -15.6114 -0.359484 -0.0827429 -0.929476 14.6654 
-0.929688 0.00934214 0.368229 177.263 -0.0218826 0.996512 -0.0805302 -15.7201 -0.367697 -0.0829257 -0.926241 13.5195 
-0.925823 0.012132 0.377762 177.745 -0.0207037 0.996356 -0.0827394 -15.8332 -0.377389 -0.0844231 -0.922199 12.3617 
-0.921596 0.0130301 0.387932 178.244 -0.0202896 0.996453 -0.0816708 -15.949 -0.38762 -0.0831384 -0.918062 11.2205 
-0.91643 0.0147684 0.399922 178.757 -0.0201799 0.996342 -0.0830357 -16.063 -0.399686 -0.0841667 -0.91278 10.07 
-0.910819 0.0165601 0.412474 179.296 -0.0199725 0.996257 -0.0841009 -16.1766 -0.412323 -0.0848388 -0.907079 8.92702 
-0.904709 0.0193089 0.425592 179.85 -0.0183999 0.996269 -0.0843141 -16.2881 -0.425633 -0.0841106 -0.900978 7.78169 
-0.898552 0.0186925 0.438468 180.421 -0.0188586 0.996525 -0.0811301 -16.411 -0.438461 -0.0811685 -0.895077 6.6497 
-0.891877 0.0215515 0.451765 181.01 -0.0171774 0.996529 -0.0814515 -16.5232 -0.451952 -0.0804048 -0.888411 5.51056 
-0.884933 0.0241418 0.465093 181.613 -0.0151565 0.996634 -0.0805712 -16.6328 -0.465472 -0.0783492 -0.881588 4.38161 
-0.877209 0.0259884 0.479405 182.222 -0.0131278 0.996862 -0.0780608 -16.7477 -0.479929 -0.0747692 -0.874115 3.26985 
-0.869433 0.0281259 0.49325 182.847 -0.0101962 0.997144 -0.0748313 -16.8586 -0.493946 -0.0700901 -0.866663 2.18795 
-0.861025 0.031522 0.507585 183.501 -0.00650892 0.997312 -0.0729763 -16.965 -0.508522 -0.0661382 -0.858505 1.09116 
-0.851643 0.0345958 0.522979 184.154 -0.00361481 0.997408 -0.0718665 -17.0665 -0.524109 -0.0630951 -0.849311 0.0331614 
-0.84119 0.0371593 0.539461 184.83 -0.00130181 0.997494 -0.0707396 -17.1646 -0.540738 -0.0602077 -0.839034 -1.00707 
-0.830065 0.0401921 0.556216 185.522 0.0018034 0.997588 -0.0693942 -17.2677 -0.557664 -0.0565986 -0.828135 -2.03224 
-0.819098 0.0419668 0.572116 186.247 0.00301421 0.997621 -0.0688638 -17.3639 -0.573645 -0.0546817 -0.817276 -3.03278 
-0.807205 0.0441285 0.588619 186.982 0.00405489 0.997593 -0.0692284 -17.4537 -0.590257 -0.0534948 -0.805441 -4.02931 
-0.793856 0.0461799 0.606349 187.721 0.00572677 0.997636 -0.0684829 -17.5571 -0.608078 -0.0508931 -0.792244 -5.00935 
-0.780354 0.0471628 0.623557 188.49 0.00715734 0.99776 -0.0665087 -17.645 -0.625297 -0.0474373 -0.778944 -5.95136 
-0.765152 0.0487566 0.642001 189.284 0.00911017 0.997849 -0.0649236 -17.7375 -0.643785 -0.0438277 -0.76395 -6.88977 
-0.748817 0.0512143 0.660795 190.09 0.01053 0.997803 -0.0654012 -17.836 -0.662693 -0.0420153 -0.747712 -7.78188 
-0.731459 0.0539305 0.679749 190.907 0.0110123 0.997672 -0.0673041 -17.9305 -0.681796 -0.0417445 -0.73035 -8.65651 
-0.714949 0.0541437 0.697077 191.754 0.00973005 0.997671 -0.0675121 -18.022 -0.699109 -0.0414851 -0.713811 -9.4695 
-0.695743 0.0541468 0.716246 192.616 0.00877653 0.997721 -0.0669005 -18.1162 -0.718237 -0.0402594 -0.694633 -10.2993 
-0.675441 0.0538883 0.735443 193.494 0.00739126 0.997771 -0.0663217 -18.2093 -0.737377 -0.0393605 -0.674333 -11.1058 
-0.654301 0.0544742 0.75427 194.397 0.00570391 0.997729 -0.0671093 -18.3 -0.756213 -0.0396074 -0.653126 -11.8903 
-0.633572 0.0541576 0.771786 195.315 0.00344072 0.997734 -0.0671883 -18.3911 -0.773676 -0.0399131 -0.632322 -12.6258 
-0.612605 0.0541167 0.788535 196.254 0.00213414 0.997763 -0.066818 -18.4794 -0.790387 -0.0392501 -0.61135 -13.3357 
-0.589667 0.0538035 0.805853 197.21 0.00196626 0.997871 -0.0651851 -18.5715 -0.807644 -0.0368529 -0.588517 -14.0314 
-0.565559 0.0544486 0.822908 198.181 0.00143701 0.997882 -0.0650383 -18.658 -0.824706 -0.0356005 -0.56444 -14.689 
-0.539805 0.0580661 0.839785 199.178 0.00327455 0.997755 -0.0668841 -18.7388 -0.841783 -0.0333545 -0.538784 -15.333 
-0.513488 0.0586406 0.85609 200.182 0.00213737 0.997746 -0.0670619 -18.8222 -0.858094 -0.0326057 -0.512456 -15.9223 
-0.486064 0.0574766 0.872031 201.207 0.000696474 0.99786 -0.065382 -18.9105 -0.873923 -0.0311725 -0.485064 -16.4896 
-0.457732 0.0557029 0.887344 202.247 -0.000960698 0.998004 -0.0631452 -18.9933 -0.88909 -0.029756 -0.456764 -17.0204 
-0.427909 0.057159 0.902012 203.317 -0.000369738 0.997987 -0.0634162 -19.077 -0.903822 -0.0274699 -0.427027 -17.5199 
-0.396714 0.0598526 0.915989 204.41 -0.000852739 0.997847 -0.0655708 -19.1562 -0.917942 -0.026794 -0.395809 -17.9896 
-0.364913 0.0613832 0.929016 205.485 0.000852291 0.997846 -0.0655964 -19.2432 -0.931041 -0.0231452 -0.364179 -18.4108 
-0.33335 0.062043 0.940759 206.582 0.00163902 0.997869 -0.0652286 -19.3237 -0.942802 -0.020202 -0.332741 -18.7933 
-0.301964 0.0617451 0.951318 207.608 0.000224531 0.997905 -0.0646977 -19.4133 -0.953319 -0.0193227 -0.301345 -19.0938 
-0.268387 0.0603765 0.961417 208.734 0.00155777 0.99806 -0.0622429 -19.5019 -0.96331 -0.0152075 -0.26796 -19.4036 
-0.233948 0.0586974 0.970476 209.874 0.000772075 0.998187 -0.0601874 -19.5815 -0.972249 -0.0133314 -0.233569 -19.6756 
-0.199392 0.0575641 0.978227 211.013 0.00136586 0.998288 -0.0584663 -19.6625 -0.979919 -0.0103216 -0.199129 -19.9021 
-0.164396 0.0572271 0.984733 212.153 0.00167769 0.99833 -0.0577373 -19.7406 -0.986393 -0.0078397 -0.164218 -20.0894 
-0.12862 0.0562893 0.990095 213.293 0.00288142 0.998405 -0.0563875 -19.8252 -0.99169 -0.00439965 -0.128577 -20.2419 
-0.0930412 0.0567803 0.994042 214.449 0.00237188 0.998382 -0.0568063 -19.8938 -0.995659 -0.00292757 -0.0930253 -20.3445 
-0.0575051 0.0573774 0.996695 215.605 0.00110252 0.99835 -0.0574092 -19.9708 -0.998345 -0.00220244 -0.0574734 -20.4101 
-0.0229198 0.0568193 0.998121 216.768 0.00033357 0.998384 -0.0568267 -20.0459 -0.999737 -0.000969511 -0.0229017 -20.4316 
0.0104324 0.0563831 0.998355 217.922 -0.00167682 0.998409 -0.0563687 -20.1183 -0.999944 -0.001086 0.0105103 -20.4097 
0.0438601 0.0569649 0.997412 219.078 -0.00294299 0.998376 -0.0568906 -20.1925 -0.999033 -0.00044015 0.0439565 -20.3569 
0.0766825 0.05625 0.995468 220.227 -0.00192141 0.998414 -0.0562685 -20.2719 -0.997054 0.00240211 0.076669 -20.2678 
0.108719 0.054381 0.992584 221.389 -0.00134475 0.99851 -0.0545584 -20.3429 -0.994072 0.00459674 0.10863 -20.1356 
0.14015 0.0529351 0.988714 222.545 8.31395e-05 0.998569 -0.0534746 -20.4176 -0.99013 0.00757668 0.139945 -19.9725 
0.170397 0.0531943 0.983939 223.697 0.000613496 0.998536 -0.0540898 -20.4872 -0.985375 0.00982034 0.170114 -19.7704 
0.200759 0.0530891 0.978201 224.833 0.00232826 0.998502 -0.0546688 -20.5554 -0.979638 0.0132527 0.200334 -19.536 
0.231111 0.052202 0.971526 225.968 0.00492353 0.998484 -0.0548218 -20.6257 -0.972915 0.0174533 0.230504 -19.2671 
0.261219 0.0500985 0.963978 227.1 0.00768802 0.998513 -0.0539767 -20.7014 -0.965249 0.0215108 0.260446 -18.9582 
0.291476 0.0486974 0.955338 228.237 0.00969435 0.998502 -0.0538555 -20.7719 -0.956529 0.024959 0.290567 -18.6147 
0.321022 0.048197 0.945844 229.353 0.0121287 0.998413 -0.0549923 -20.8439 -0.946994 0.0291256 0.319928 -18.2359 
0.349558 0.0480096 0.935684 230.457 0.0122016 0.998368 -0.0557844 -20.9142 -0.936835 0.0309167 0.348401 -17.8224 
0.377705 0.0459445 0.924785 231.558 0.0132708 0.998397 -0.0550218 -20.9902 -0.925831 0.0330546 0.37649 -17.3695 
0.40561 0.0451663 0.91293 232.634 0.0130539 0.99839 -0.0551943 -21.0646 -0.913953 0.0343046 0.404367 -16.8872 
0.434071 0.046107 0.899698 233.702 0.0144512 0.998204 -0.0581274 -21.1398 -0.900763 0.0382331 0.432625 -16.3708 
0.462002 0.0474155 0.88561 234.749 0.0153866 0.997991 -0.0614593 -21.2143 -0.886745 0.0420208 0.460344 -15.8207 
0.489195 0.0454413 0.87099 235.77 0.0167481 0.997968 -0.0614728 -21.2989 -0.872014 0.0446596 0.48744 -15.2466 
0.516115 0.0428686 0.855446 236.805 0.0174132 0.998015 -0.0605191 -21.3821 -0.856342 0.0461309 0.514345 -14.6329 
0.541051 0.0408801 0.839996 237.802 0.0168047 0.998093 -0.0593984 -21.4605 -0.840822 0.0462534 0.539332 -13.9781 
0.564129 0.0408553 0.824675 238.785 0.0153753 0.998082 -0.0599639 -21.5462 -0.825543 0.046507 0.562419 -13.299 
0.584864 0.0409859 0.810095 239.765 0.0139472 0.998067 -0.0605657 -21.6239 -0.811011 0.0467212 0.583162 -12.5801 
0.60448 0.0399372 0.795618 240.731 0.0130462 0.998112 -0.0600138 -21.7004 -0.796513 0.0466569 0.602818 -11.8388 
0.622682 0.0372449 0.781588 241.668 0.0128419 0.998245 -0.0578004 -21.7853 -0.78237 0.0460283 0.621111 -11.079 
0.639979 0.0340344 0.767638 242.607 0.0141293 0.998328 -0.0560421 -21.8629 -0.768262 0.046712 0.638429 -10.2899 
0.656104 0.0316772 0.754005 243.531 0.0149589 0.998376 -0.0549604 -21.9382 -0.754522 0.0473388 0.654565 -9.47784 
0.671239 0.0298137 0.740641 244.434 0.0163769 0.99835 -0.0550299 -22.0125 -0.74106 0.0490676 0.669643 -8.64035 
0.686529 0.0292584 0.726513 245.328 0.0160933 0.998334 -0.055413 -22.0896 -0.726924 0.0497346 0.684914 -7.78832 
0.701405 0.0278492 0.712219 246.21 0.0168827 0.998307 -0.0556624 -22.1625 -0.712563 0.051066 0.699747 -6.91543 
0.715923 0.0256436 0.697708 247.071 0.016354 0.998435 -0.0534777 -22.2332 -0.697987 0.0496963 0.714383 -6.01957 
0.730079 0.0227901 0.682983 247.904 0.0168377 0.99854 -0.0513187 -22.3115 -0.683156 0.0489665 0.728629 -5.11046 
0.743981 0.0211127 0.667867 248.729 0.0172342 0.998562 -0.0507651 -22.3831 -0.667978 0.0492784 0.742547 -4.17703 
0.757297 0.021193 0.652727 249.528 0.0175381 0.998453 -0.052766 -22.4548 -0.652835 0.0514071 0.755754 -3.2273 
0.769545 0.0204119 0.638266 250.311 0.017877 0.998409 -0.0534835 -22.5258 -0.638342 0.0525682 0.767955 -2.26154 
0.781212 0.0196914 0.623955 251.088 0.0172565 0.998439 -0.0531158 -22.6 -0.624027 0.052262 0.779653 -1.27225 
0.791991 0.0171162 0.610292 251.842 0.0177001 0.998543 -0.0509751 -22.6739 -0.610276 0.0511741 0.790534 -0.270472 
0.802443 0.0146848 0.596548 252.586 0.0190335 0.998559 -0.0501837 -22.747 -0.596425 0.0516239 0.801007 0.754882 
0.812155 0.0143282 0.583266 253.311 0.0188255 0.998534 -0.0507427 -22.8191 -0.583138 0.0521912 0.810694 1.78436 
0.82118 0.0117258 0.570548 254.025 0.0226432 0.998332 -0.0531076 -22.8885 -0.570219 0.0565299 0.819545 2.83113 
0.829501 0.00940096 0.558427 254.729 0.023728 0.998362 -0.0520535 -22.9622 -0.558001 0.0564287 0.827919 3.89459 
0.837119 0.00619784 0.546986 255.428 0.0263814 0.998315 -0.0516867 -23.0367 -0.546384 0.0576981 0.835545 4.97668 
0.843831 0.0048867 0.536587 256.11 0.027331 0.998269 -0.0520718 -23.1087 -0.535913 0.0586052 0.842237 6.0792 
0.849349 0.0035538 0.527819 256.789 0.0279217 0.998275 -0.0516523 -23.1818 -0.527092 0.0586084 0.847785 7.18772 
0.853299 0.00246212 0.521416 257.462 0.027544 0.99838 -0.0497904 -23.2583 -0.520694 0.056848 0.851849 8.31326 
0.856136 0.00111193 0.516749 258.132 0.0280621 0.998422 -0.0486411 -23.3302 -0.515987 0.0561445 0.854754 9.44945 
0.858681 0.000261746 0.51251 258.794 0.028533 0.998424 -0.0483155 -23.4031 -0.511715 0.056111 0.857321 10.5828 
0.861045 -0.00109939 0.508527 259.458 0.0294846 0.998423 -0.0477655 -23.4743 -0.507673 0.056122 0.85972 11.7306 
0.863447 -0.00354591 0.504427 260.196 0.0309871 0.99846 -0.0460232 -23.5488 -0.503487 0.0553692 0.862227 12.9683 
0.865627 -0.00549622 0.500659 260.861 0.032491 0.998449 -0.0452154 -23.6197 -0.499634 0.0554065 0.864463 14.1313 
0.867851 -0.00603308 0.496789 261.517 0.033079 0.998409 -0.0456618 -23.6876 -0.495723 0.0560608 0.866669 15.3 
0.870163 -0.00740784 0.492708 262.177 0.0340692 0.998399 -0.0451584 -23.7572 -0.491584 0.0560813 0.869022 16.4738 
0.872269 -0.00720153 0.488973 262.825 0.0335072 0.998422 -0.0450683 -23.8279 -0.487877 0.0556957 0.871134 17.6554 
0.87423 -0.00744529 0.485454 263.465 0.0332934 0.998448 -0.0446436 -23.9008 -0.484369 0.0551911 0.873121 18.8306 
0.876178 -0.00674739 0.48194 264.103 0.0321592 0.998492 -0.0444871 -23.974 -0.480913 0.0544774 0.875074 20.0111 
0.877413 -0.00581761 0.479701 264.734 0.0310119 0.998523 -0.0446139 -24.0473 -0.478733 0.0540212 0.876297 21.1927 
