1 2.12261e-08 -2.11895e-08 0 2.12261e-08 1 2.10703e-08 0 -2.11895e-08 2.10703e-08 1 0 
1 -0.000527023 -0.000125357 -0.0184576 0.000527239 0.999999 0.00139069 -0.013493 0.000124582 -0.00139071 0.999999 1.35644 
0.999999 -0.00161431 -0.00062077 -0.0381884 0.00161528 0.999998 0.0014907 -0.0313103 0.00061832 -0.00149166 0.999999 2.69511 
0.999995 -0.00302129 -0.000601467 -0.059632 0.00302157 0.999995 0.000405169 -0.0508658 0.000600198 -0.000406943 1 4.0383 
0.999995 -0.00310696 -0.000449996 -0.0810532 0.00310715 0.999995 0.000337773 -0.0667643 0.000448902 -0.000339127 1 5.38183 
0.999993 -0.0037611 -0.000167494 -0.111415 0.00376137 0.999992 0.00134432 -0.0889153 0.000162394 -0.0013449 0.999999 6.73159 
0.999986 -0.00533451 0.000214327 -0.134181 0.00533398 0.999983 0.00256634 -0.108679 -0.000228055 -0.00256512 0.999997 8.07724 
0.999987 -0.00502212 -9.89152e-05 -0.159503 0.00502244 0.999983 0.00300708 -0.127527 8.37693e-05 -0.0030075 0.999996 9.41734 
0.999992 -0.00409221 -0.000342911 -0.182257 0.00409259 0.999991 0.00101533 -0.141891 0.000338711 -0.00101668 0.999999 10.7919 
0.999999 -0.00138179 2.53092e-05 -0.215973 0.00138186 0.999998 -0.00119705 -0.163534 -2.36974e-05 0.00119712 0.999999 12.1406 
0.999998 0.00209371 0.000561667 -0.250681 -0.00209247 0.999996 -0.00212713 -0.186405 -0.000566161 0.002126 0.999998 13.4893 
0.999989 0.00473071 0.000752634 -0.280119 -0.00472878 0.999986 -0.00248554 -0.206776 -0.000764424 0.00248199 0.999997 14.8465 
0.999984 0.00554682 0.000994343 -0.304733 -0.00554533 0.999984 -0.00145402 -0.232552 -0.00100243 0.00144853 0.999998 16.2085 
0.999994 0.00324778 0.00159219 -0.329239 -0.00324984 0.999994 0.00131566 -0.252546 -0.00158795 -0.00132079 0.999998 17.5598 
0.999998 -0.000635856 0.00165351 -0.343982 0.00063089 0.999995 0.00302732 -0.270339 -0.00165547 -0.00302623 0.999994 18.9277 
0.999995 -0.00303029 0.00136359 -0.359747 0.00302923 0.999995 0.000807552 -0.290571 -0.00136607 -0.000803375 0.999999 20.2923 
0.999992 -0.003915 0.00132471 -0.381941 0.0039168 0.999991 -0.0013276 -0.307832 -0.00131955 0.00133282 0.999998 21.6537 
0.999997 -0.00135521 0.00208607 -0.409898 0.00136158 0.999995 -0.00303363 -0.3303 -0.00208199 0.00303651 0.999993 23.0251 
0.999993 0.00144898 0.0033674 -0.444558 -0.00144528 0.999998 -0.0010871 -0.351617 -0.00336901 0.00108227 0.999994 24.3992 
0.99999 0.00215576 0.00392327 -0.473019 -0.00216469 0.999995 0.00228322 -0.369226 -0.00391837 -0.00229165 0.99999 25.767 
0.999989 0.000197049 0.00459972 -0.4916 -0.000216073 0.999991 0.00414493 -0.384903 -0.0045989 -0.00414584 0.999981 27.141 
0.999984 -0.00393608 0.00403806 -0.501984 0.00392614 0.999989 0.00247813 -0.403994 -0.00404781 -0.0024622 0.999989 28.5174 
0.999984 -0.00393257 0.00407228 -0.521704 0.00393245 0.999992 4.71972e-05 -0.423402 -0.00407247 -3.11403e-05 0.999992 29.8961 
0.99998 -0.00404702 0.00489765 -0.536377 0.00405865 0.999989 -0.00235938 -0.446643 -0.00488809 0.00237925 0.999985 31.2809 
0.999985 -0.000367948 0.00542167 -0.557 0.000386165 0.999994 -0.00335143 -0.470804 -0.00542045 0.00335352 0.99998 32.6588 
0.999984 0.000337734 0.00572958 -0.577005 -0.000307724 0.999986 -0.00523039 -0.500446 -0.00573131 0.00522859 0.99997 34.0515 
0.999982 0.00126643 0.00592601 -0.597189 -0.0012385 0.999988 -0.00470758 -0.526962 -0.00593195 0.0047002 0.999971 35.4546 
0.99998 0.00139653 0.00609955 -0.616568 -0.00137575 0.999993 -0.00340237 -0.556265 -0.0061043 0.00339395 0.999976 36.8573 
0.999978 0.00262892 0.0060191 -0.639475 -0.00261671 0.999995 -0.00202864 -0.581268 -0.00602444 0.00201289 0.99998 38.2557 
0.999964 0.00566669 0.00632498 -0.668495 -0.00565429 0.999982 -0.00196944 -0.597339 -0.00633606 0.00193365 0.999978 39.6458 
0.999945 0.00796131 0.00681398 -0.691895 -0.00794424 0.999965 -0.00252254 -0.61919 -0.00683386 0.00246831 0.999974 41.0511 
0.999917 0.0107389 0.00714744 -0.716203 -0.0107226 0.99994 -0.00230807 -0.645731 -0.00717184 0.00223128 0.999972 42.4833 
0.99991 0.0113417 0.00722919 -0.743022 -0.011326 0.999933 -0.00219643 -0.672039 -0.00725366 0.00211439 0.999971 43.9196 
0.99992 0.010645 0.00690182 -0.753281 -0.0106277 0.99994 -0.00252704 -0.693107 -0.00692835 0.00245353 0.999973 45.3647 
0.999929 0.0100527 0.00633274 -0.771995 -0.0100343 0.999945 -0.00292508 -0.719401 -0.00636184 0.00286137 0.999976 46.7943 
0.999938 0.00947038 0.00585132 -0.795435 -0.00945456 0.999952 -0.00271769 -0.746173 -0.00587681 0.00266225 0.999979 48.2114 
0.999938 0.00992714 0.00504595 -0.819897 -0.00991882 0.999949 -0.00166327 -0.769951 -0.00506225 0.00161316 0.999986 49.6364 
0.999935 0.0107281 0.0039552 -0.833609 -0.01072 0.99994 -0.00206556 -0.796238 -0.00397717 0.00202306 0.99999 51.078 
0.999935 0.0110074 0.00287289 -0.855212 -0.0110028 0.999938 -0.00159721 -0.822789 -0.00289034 0.00156553 0.999995 52.5065 
0.999937 0.0110264 0.00193734 -0.880717 -0.011025 0.999939 -0.000678661 -0.848633 -0.00194475 0.000657301 0.999998 53.9565 
0.999955 0.00938799 0.00146255 -0.907397 -0.00938827 0.999956 0.000212486 -0.871741 -0.00146053 -0.000226165 0.999999 55.404 
0.99997 0.00760863 0.00117709 -0.938541 -0.0076094 0.999971 0.000684526 -0.903626 -0.00117189 -0.000693421 0.999999 56.8142 
0.999987 0.00498528 0.000718987 -0.9596 -0.00498529 0.999988 6.8627e-05 -0.927422 -0.000718678 -7.21684e-05 1 58.2557 
0.999991 0.00406526 0.000761724 -0.985913 -0.00406544 0.999992 0.000293306 -0.953106 -0.000760568 -0.000296359 1 59.6976 
0.999995 0.00292103 0.0012719 -1.00643 -0.00292239 0.999995 0.00110445 -0.980181 -0.00126871 -0.00110812 0.999999 61.136 
0.999996 0.00193643 0.00185345 -1.02327 -0.00193969 0.999997 0.00178249 -1.00608 -0.00185004 -0.00178603 0.999997 62.5755 
0.999997 0.000505201 0.00255823 -1.04673 -0.000508487 0.999999 0.00130037 -1.03045 -0.00255761 -0.00130162 0.999996 64.0103 
0.999995 -0.000557846 0.00313811 -1.0663 0.000556566 1 0.000422171 -1.05927 -0.00313839 -0.00042038 0.999995 65.4724 
0.999993 0.000288269 0.00377849 -1.08818 -0.000288262 1 8.96632e-06 -1.08647 -0.00377853 -1.00134e-05 0.999993 66.9117 
0.999987 0.0016732 0.00473699 -1.10893 -0.00167192 0.999999 -0.000266408 -1.11301 -0.00473747 0.000258527 0.999989 68.3365 
0.999976 0.00479043 0.00503177 -1.12679 -0.00479593 0.999988 0.00108998 -1.13792 -0.00502653 -0.00111404 0.999987 69.7806 
0.999948 0.00827134 0.0058971 -1.14718 -0.00828454 0.999963 0.00222561 -1.16037 -0.00587851 -0.00227431 0.99998 71.2138 
0.999906 0.0119872 0.00660336 -1.17319 -0.0120044 0.999925 0.0025777 -1.18086 -0.006572 -0.00265668 0.999975 72.632 
0.999839 0.0163837 0.00736583 -1.19802 -0.0164003 0.999863 0.00220593 -1.2043 -0.00732872 -0.00232633 0.99997 74.0528 
0.999768 0.0198291 0.0083649 -1.22668 -0.0198424 0.999802 0.00151678 -1.22743 -0.00833321 -0.00168236 0.999964 75.4456 
0.999721 0.0216863 0.00934693 -1.24934 -0.0217008 0.999764 0.00144901 -1.25267 -0.00931334 -0.0016514 0.999955 76.8574 
0.999711 0.0219712 0.00979641 -1.27837 -0.0219879 0.999757 0.00160646 -1.26404 -0.00975878 -0.00182135 0.999951 78.3367 
0.999726 0.0211871 0.00993244 -1.2978 -0.0211985 0.999775 0.00104599 -1.28192 -0.00990808 -0.00125621 0.99995 79.7693 
0.99976 0.0195717 0.00983773 -1.30968 -0.0195743 0.999808 0.000174511 -1.3042 -0.00983247 -0.000366994 0.999952 81.1752 
0.999769 0.0192296 0.00963388 -1.32062 -0.0192309 0.999815 4.66638e-05 -1.32655 -0.00963124 -0.00023188 0.999954 82.6048 
0.999779 0.0187225 0.00952945 -1.33944 -0.0187259 0.999825 0.000267854 -1.3486 -0.0095228 -0.000446201 0.999955 84.0196 
0.999786 0.0185758 0.00906796 -1.35032 -0.0185743 0.999827 -0.000243276 -1.37228 -0.00907096 7.48343e-05 0.999959 85.4255 
0.999788 0.0188124 0.00834728 -1.36685 -0.0188119 0.999823 -0.000131016 -1.39257 -0.00834831 -2.59986e-05 0.999965 86.8204 
0.999808 0.0181554 0.00740251 -1.38514 -0.0181612 0.999835 0.000718002 -1.41849 -0.00738829 -0.000852261 0.999972 88.2319 
0.999842 0.0163656 0.0069051 -1.41286 -0.0163765 0.999865 0.00153048 -1.43787 -0.00687916 -0.00164328 0.999975 89.6119 
0.999879 0.0145135 0.00554371 -1.41705 -0.0145242 0.999893 0.00189507 -1.4567 -0.00551566 -0.00197532 0.999983 91.0162 
0.999916 0.0120602 0.00468863 -1.43589 -0.0120702 0.999925 0.00211578 -1.47883 -0.00466281 -0.00217215 0.999987 92.4338 
0.999934 0.0106132 0.00440654 -1.45643 -0.0106199 0.999942 0.00152218 -1.49752 -0.00439017 -0.00156884 0.999989 93.8305 
0.999945 0.00960409 0.00432323 -1.47704 -0.00960829 0.999953 0.000962079 -1.5182 -0.00431384 -0.00100352 0.99999 95.2164 
0.99994 0.0101522 0.00412142 -1.49629 -0.0101533 0.999948 0.000239744 -1.54046 -0.00411882 -0.000281534 0.999992 96.5979 
0.999939 0.0101104 0.00435327 -1.51929 -0.0101089 0.999949 -0.000362911 -1.56629 -0.00435675 0.000318924 0.999991 97.9618 
0.999928 0.0111588 0.00443375 -1.5387 -0.0111541 0.999937 -0.00109132 -1.59149 -0.00444569 0.00104183 0.99999 99.3303 
0.999914 0.012173 0.00489463 -1.56663 -0.0121695 0.999926 -0.000734693 -1.6196 -0.00490326 0.000675106 0.999988 100.689 
0.999905 0.0127394 0.00533204 -1.58608 -0.0127439 0.999919 0.000811876 -1.6475 -0.00532131 -0.000879708 0.999985 102.038 
0.99989 0.0137267 0.00554319 -1.60851 -0.013739 0.999903 0.00219567 -1.67389 -0.00551255 -0.00227154 0.999982 103.394 
0.999903 0.0127145 0.00571202 -1.62586 -0.0127198 0.999919 0.000895927 -1.69995 -0.00570021 -0.000968454 0.999983 104.74 
0.999899 0.0128341 0.00605928 -1.645 -0.0128247 0.999917 -0.0015776 -1.72188 -0.00607906 0.00149977 0.99998 106.101 
0.999907 0.0121352 0.00617813 -1.67483 -0.0121188 0.999923 -0.00267767 -1.74976 -0.00621019 0.00260259 0.999977 107.454 
0.999929 0.0100157 0.00644055 -1.68639 -0.0100062 0.999949 -0.00150691 -1.77357 -0.00645536 0.0014424 0.999978 108.809 
0.999948 0.00726298 0.00715718 -1.70389 -0.00726725 0.999973 0.00057707 -1.79954 -0.00715284 -0.000629011 0.999974 110.161 
0.999947 0.00617 0.00829445 -1.71934 -0.00617909 0.99998 0.00107608 -1.82155 -0.00828769 -0.00112723 0.999965 111.51 
0.999945 0.00541901 0.00898451 -1.7234 -0.00541564 0.999985 -0.000394006 -1.84105 -0.00898655 0.000345369 0.99996 112.873 
0.999923 0.00761784 0.00979955 -1.73772 -0.00759042 0.999967 -0.00282768 -1.86738 -0.00982081 0.00275312 0.999948 114.238 
0.99989 0.00988732 0.0110635 -1.75047 -0.00983298 0.999939 -0.00495109 -1.89312 -0.0111119 0.0048418 0.999927 115.586 
0.999842 0.0127701 0.0123655 -1.76742 -0.0127108 0.999907 -0.00485364 -1.92375 -0.0124264 0.00469574 0.999912 116.928 
0.9998 0.0140404 0.0142463 -1.78075 -0.0139977 0.999897 -0.00309077 -1.94836 -0.0142883 0.00289078 0.999894 118.301 
0.999774 0.014435 0.0156187 -1.78906 -0.0144212 0.999896 -0.000998406 -1.97255 -0.0156315 0.000772982 0.999878 119.657 
0.999767 0.0140352 0.0163935 -1.79104 -0.0140274 0.999901 -0.00058669 -1.99494 -0.0164002 0.000356636 0.999865 121.004 
0.999741 0.0144689 0.0175578 -1.79315 -0.0144507 0.999895 -0.00116208 -2.0199 -0.0175728 0.0009081 0.999845 122.347 
0.999687 0.0163214 0.0189643 -1.79849 -0.0162906 0.999866 -0.00177452 -2.0432 -0.0189907 0.00146507 0.999819 123.702 
0.999626 0.0183316 0.0203175 -1.79983 -0.0182905 0.99983 -0.00220498 -2.06654 -0.0203545 0.00183258 0.999791 125.055 
0.999589 0.0190052 0.0214529 -1.79413 -0.0189375 0.999815 -0.00335552 -2.08753 -0.0215128 0.00294792 0.999764 126.434 
0.999547 0.0199737 0.0225055 -1.79765 -0.0198844 0.999794 -0.00418257 -2.11237 -0.0225845 0.00373321 0.999738 127.791 
0.999537 0.0191051 0.0236857 -1.79476 -0.0190043 0.999809 -0.00447325 -2.13624 -0.0237666 0.00402109 0.999709 129.154 
0.999518 0.0187333 0.0247591 -1.78889 -0.0186548 0.99982 -0.00339485 -2.16506 -0.0248183 0.00293138 0.999688 130.512 
0.999515 0.0173314 0.0258558 -1.78547 -0.0172705 0.999848 -0.00257343 -2.18811 -0.0258965 0.00212569 0.999662 131.886 
0.999517 0.0164569 0.0263785 -1.78017 -0.0164047 0.999863 -0.0021899 -2.21337 -0.0264109 0.00175615 0.99965 133.24 
0.999536 0.0145332 0.026788 -1.77561 -0.0144838 0.999893 -0.0020364 -2.23886 -0.0268148 0.0016475 0.999639 134.594 
0.999558 0.013104 0.0266808 -1.7684 -0.0130694 0.999914 -0.0014697 -2.26302 -0.0266978 0.00112039 0.999643 135.948 
0.999589 0.0114892 0.0262481 -1.76299 -0.0114503 0.999933 -0.00163032 -2.28909 -0.0262651 0.00132915 0.999654 137.303 
0.999622 0.0105292 0.0254143 -1.75859 -0.0104807 0.999943 -0.00203973 -2.30957 -0.0254344 0.00177264 0.999675 138.653 
0.999656 0.00915384 0.0245664 -1.7509 -0.00913105 0.999958 -0.00103796 -2.33495 -0.0245749 0.000813327 0.999698 140.016 
0.999691 0.00787456 0.0235909 -1.74503 -0.00785433 0.999969 -0.000948202 -2.35631 -0.0235976 0.00076266 0.999721 141.372 
0.999721 0.00757905 0.022379 -1.74268 -0.00756063 0.999971 -0.000905508 -2.38206 -0.0223853 0.000736097 0.999749 142.715 
0.999742 0.00781106 0.0213122 -1.73605 -0.00777693 0.999968 -0.00168152 -2.40319 -0.0213247 0.00151539 0.999771 144.076 
0.999765 0.00771277 0.0202456 -1.73418 -0.00767627 0.999969 -0.00187802 -2.43013 -0.0202595 0.00172221 0.999793 145.431 
0.999799 0.00544807 0.0193092 -1.72721 -0.00536839 0.999977 -0.00417384 -2.45955 -0.0193316 0.00406939 0.999805 146.78 
0.999833 9.92248e-05 0.0182883 -1.72093 -1.65116e-05 0.99999 -0.0045205 -2.48645 -0.0182886 0.00451948 0.999823 148.136 
0.999821 -0.00775422 0.0172536 -1.71069 0.00779036 0.999968 -0.00202619 -2.51487 -0.0172374 0.00216028 0.999849 149.48 
0.999775 -0.0144858 0.0154924 -1.70163 0.0144958 0.999895 -0.000526538 -2.53884 -0.0154832 0.000751036 0.99988 150.834 
0.999739 -0.0175751 0.0145721 -1.69531 0.0176353 0.999837 -0.00400434 -2.56234 -0.0144993 0.00426032 0.999886 152.191 
0.999749 -0.0167604 0.0148803 -1.69878 0.0168682 0.999832 -0.00714817 -2.59098 -0.014758 0.00739742 0.999864 153.535 
0.999782 -0.0134329 0.0160104 -1.70633 0.0135825 0.999865 -0.0092712 -2.62328 -0.0158837 0.00948668 0.999829 154.893 
0.999765 -0.0136576 0.0168534 -1.70824 0.0138146 0.999862 -0.00922792 -2.6615 -0.0167251 0.00945861 0.999815 156.254 
0.999707 -0.0167175 0.0175247 -1.70414 0.0168217 0.999842 -0.00581164 -2.69297 -0.0174248 0.00610478 0.99983 157.616 
0.999593 -0.0221325 0.0179817 -1.69391 0.0221858 0.99975 -0.00276364 -2.72768 -0.0179161 0.0031615 0.999835 158.968 
0.999495 -0.025992 0.0182832 -1.68917 0.026023 0.99966 -0.0014593 -2.75371 -0.0182391 0.00193439 0.999832 160.323 
0.999453 -0.0274577 0.0184271 -1.68154 0.0274908 0.999621 -0.00154361 -2.77903 -0.0183777 0.00204939 0.999829 161.689 
0.999477 -0.0256069 0.0197517 -1.68349 0.0256268 0.999671 -0.000755141 -2.80603 -0.0197259 0.00126096 0.999805 163.047 
0.999541 -0.0218533 0.0209601 -1.67847 0.0218922 0.999759 -0.00162357 -2.83441 -0.0209196 0.00208173 0.999779 164.419 
0.9996 -0.0179759 0.0218345 -1.67498 0.0180665 0.999829 -0.00395708 -2.85898 -0.0217597 0.00435001 0.999754 165.778 
0.999639 -0.0142742 0.0227859 -1.67704 0.0143849 0.999886 -0.00469856 -2.88161 -0.0227163 0.00502468 0.999729 167.127 
0.999651 -0.0124826 0.0232756 -1.66824 0.0125655 0.999915 -0.0034194 -2.91184 -0.023231 0.00371072 0.999723 168.5 
0.99968 -0.0104249 0.0230424 -1.65688 0.0105194 0.999937 -0.00398197 -2.93976 -0.0229994 0.00422313 0.999727 169.88 
0.999704 -0.0084254 0.0228061 -1.65121 0.00857178 0.999943 -0.00632625 -2.97188 -0.0227515 0.00651991 0.99972 171.244 
0.999739 -0.0042731 0.0224601 -1.65602 0.00447778 0.999949 -0.00906867 -3.00557 -0.0224202 0.00916691 0.999707 172.628 
0.999748 0.000611984 0.0224636 -1.66061 -0.000376885 0.999945 -0.0104666 -3.03655 -0.0224688 0.0104555 0.999693 174.011 
0.999719 0.00554895 0.0230597 -1.66385 -0.00533507 0.999942 -0.00932428 -3.071 -0.0231101 0.00919867 0.999691 175.41 
0.999688 0.00823599 0.0235757 -1.65829 -0.008065 0.999941 -0.00733685 -3.10699 -0.0236348 0.00714446 0.999695 176.798 
0.999677 0.00921239 0.0236954 -1.65437 -0.00909007 0.999945 -0.00526297 -3.13608 -0.0237426 0.00504591 0.999705 178.185 
0.999718 0.0059547 0.0229723 -1.64269 -0.0058571 0.999974 -0.00431188 -3.16479 -0.0229974 0.00417616 0.999727 179.572 
0.999766 0.00386623 0.0212852 -1.62974 -0.00377523 0.999984 -0.0043118 -3.19014 -0.0213015 0.00423048 0.999764 180.974 
0.999804 0.00367685 0.0194331 -1.62635 -0.00351128 0.999957 -0.00854479 -3.2216 -0.0194637 0.00847492 0.999775 182.369 
0.999827 0.00552014 0.0177653 -1.62439 -0.00529295 0.999904 -0.0128078 -3.25553 -0.0178343 0.0127116 0.99976 183.768 
0.999795 0.0103778 0.0173599 -1.63228 -0.0101421 0.999856 -0.0136048 -3.29454 -0.0174986 0.013426 0.999757 185.18 
0.999756 0.013652 0.0173412 -1.63992 -0.0134349 0.999831 -0.0125709 -3.33389 -0.01751 0.0123349 0.999771 186.603 
0.999725 0.0154578 0.0176293 -1.64494 -0.015299 0.999842 -0.00910392 -3.36649 -0.0177673 0.00883174 0.999803 188.032 
0.999714 0.0157598 0.0180005 -1.64858 -0.0156342 0.999853 -0.00709895 -3.39716 -0.0181098 0.00681554 0.999813 189.473 
0.999721 0.0151971 0.0180796 -1.64593 -0.0150841 0.999866 -0.00636933 -3.42175 -0.018174 0.00609488 0.999816 190.916 
0.999741 0.0134581 0.0183569 -1.6437 -0.0133525 0.999894 -0.00586265 -3.44713 -0.0184338 0.00561606 0.999814 192.357 
0.999768 0.011082 0.018471 -1.63765 -0.010985 0.999925 -0.00534386 -3.47819 -0.0185289 0.00513976 0.999815 193.789 
0.999787 0.00864647 0.0187481 -1.63915 -0.00854721 0.999949 -0.00536596 -3.50647 -0.0187936 0.00520461 0.99981 195.226 
0.999806 0.00540006 0.0189477 -1.62618 -0.00531909 0.999977 -0.00431922 -3.5341 -0.0189706 0.00421764 0.999811 196.673 
0.99981 0.00125116 0.0194736 -1.61851 -0.00119802 0.999996 -0.00273841 -3.56282 -0.019477 0.0027146 0.999807 198.126 
0.999805 -0.00126335 0.019721 -1.60412 0.00132216 0.999995 -0.00296718 -3.58612 -0.0197172 0.00299271 0.999801 199.584 
0.999795 0.000867842 0.0202426 -1.60696 -0.000717907 0.999972 -0.00741089 -3.6136 -0.0202485 0.00739487 0.999768 201.037 
0.999751 0.0081373 0.0207562 -1.61132 -0.00787804 0.99989 -0.01254 -3.64626 -0.020856 0.0123734 0.999706 202.461 
0.999604 0.0172416 0.0222284 -1.62132 -0.0169651 0.999777 -0.012564 -3.68559 -0.0224401 0.012182 0.999674 203.907 
0.999415 0.024928 0.0234138 -1.63265 -0.0247159 0.999651 -0.00930566 -3.71787 -0.0236377 0.00872156 0.999683 205.376 
0.999368 0.0258453 0.024395 -1.6276 -0.0256751 0.999644 -0.00726123 -3.74887 -0.0245741 0.00663034 0.999676 206.855 
0.999426 0.02388 0.0240275 -1.61975 -0.0237244 0.999696 -0.00673785 -3.77788 -0.0241811 0.00616399 0.999689 208.315 
0.999517 0.0209028 0.0229825 -1.60634 -0.0207511 0.999761 -0.00681417 -3.8069 -0.0231195 0.00633401 0.999713 209.792 
0.99958 0.0188993 0.0219896 -1.59541 -0.0187432 0.999798 -0.00728407 -3.84051 -0.0221228 0.00686889 0.999732 211.259 
0.999586 0.0191703 0.0214436 -1.59247 -0.0190102 0.99979 -0.0076433 -3.87754 -0.0215857 0.00723254 0.999741 212.731 
0.999553 0.0207925 0.0215 -1.59338 -0.0206315 0.999758 -0.00768063 -3.90897 -0.0216545 0.00723365 0.999739 214.207 
0.999517 0.0222986 0.0216413 -1.5947 -0.0221565 0.999732 -0.00678268 -3.94294 -0.0217868 0.00629995 0.999743 215.677 
0.999533 0.021681 0.021543 -1.58975 -0.0215284 0.999742 -0.00728604 -3.97686 -0.0216955 0.00681889 0.999741 217.152 
0.999551 0.0211351 0.0212489 -1.5849 -0.0209653 0.999747 -0.00817826 -4.01229 -0.0214164 0.00772914 0.999741 218.618 
0.999563 0.0206511 0.0211384 -1.58443 -0.020472 0.999753 -0.00864995 -4.04473 -0.0213119 0.00821346 0.999739 220.094 
0.999557 0.0211275 0.0209664 -1.5853 -0.0209483 0.999743 -0.00872472 -4.08115 -0.0211453 0.00828169 0.999742 221.586 
0.999547 0.021652 0.0209244 -1.5846 -0.0214679 0.999729 -0.00898473 -4.1178 -0.0211134 0.00853149 0.999741 223.073 
0.999553 0.021506 0.0207808 -1.58469 -0.0213233 0.999732 -0.00896984 -4.15446 -0.0209681 0.00852276 0.999744 224.562 
0.999531 0.0227181 0.0205577 -1.58508 -0.0225279 0.999702 -0.00943349 -4.19057 -0.0207659 0.00896598 0.999744 226.051 
0.999547 0.0224691 0.0200375 -1.57637 -0.0222807 0.999706 -0.0095769 -4.22538 -0.0202468 0.00912615 0.999753 227.567 
0.999541 0.0227938 0.0199333 -1.57531 -0.0226071 0.999699 -0.00954245 -4.26436 -0.0201449 0.00908748 0.999756 229.076 
0.999555 0.0222857 0.0198308 -1.56921 -0.0220971 0.999709 -0.00967709 -4.29742 -0.0200407 0.00923462 0.999757 230.591 
0.99958 0.0207834 0.0201757 -1.572 -0.020591 0.999741 -0.00969588 -4.33846 -0.020372 0.00927642 0.999749 232.095 
0.999607 0.0194169 0.0202201 -1.56613 -0.0192283 0.99977 -0.00947714 -4.37529 -0.0203995 0.00908466 0.999751 233.616 
0.999624 0.0180624 0.0206404 -1.56921 -0.017887 0.999803 -0.00864873 -4.41237 -0.0207925 0.00827633 0.99975 235.132 
0.999622 0.0180657 0.0207079 -1.56821 -0.0178959 0.999805 -0.00835186 -4.45285 -0.0208548 0.00797816 0.999751 236.661 
0.999611 0.0185176 0.0208748 -1.57014 -0.0183404 0.999794 -0.00864418 -4.48981 -0.0210306 0.00825801 0.999745 238.175 
0.999597 0.0187446 0.0213401 -1.57051 -0.0185458 0.999783 -0.00947286 -4.52158 -0.0215131 0.00907331 0.999727 239.698 
0.99956 0.0200243 0.0218874 -1.56932 -0.0198341 0.999764 -0.00886737 -4.55923 -0.0220599 0.00842939 0.999721 241.221 
0.999529 0.0203056 0.0230022 -1.57125 -0.0201544 0.999774 -0.00678486 -4.59603 -0.0231348 0.00631811 0.999712 242.747 
0.999514 0.0201007 0.0238351 -1.56961 -0.0199544 0.999781 -0.0063592 -4.63116 -0.0239577 0.00588054 0.999696 244.253 
0.999485 0.0207121 0.0244937 -1.56594 -0.0205225 0.999758 -0.007963 -4.66844 -0.0246527 0.00745627 0.999668 245.764 
0.999469 0.0209718 0.024953 -1.55479 -0.0207433 0.999741 -0.00938126 -4.70355 -0.0251433 0.00885871 0.999645 247.296 
0.999438 0.0220153 0.0252926 -1.5447 -0.0217908 0.999721 -0.00911522 -4.73573 -0.0254863 0.00855899 0.999639 248.839 
0.999441 0.021736 0.0253865 -1.53752 -0.0215381 0.999736 -0.00804088 -4.77385 -0.0255546 0.00748965 0.999645 250.376 
0.999447 0.0219087 0.0250269 -1.52286 -0.0217249 0.999735 -0.00759156 -4.81176 -0.0251867 0.00704369 0.999658 251.913 
0.999442 0.0222161 0.0249455 -1.51622 -0.0220352 0.999729 -0.00749921 -4.84989 -0.0251054 0.00694539 0.999661 253.443 
0.999406 0.0235067 0.0252127 -1.5092 -0.0233307 0.999702 -0.00725061 -4.88614 -0.0253757 0.00665811 0.999656 254.972 
0.999361 0.0250705 0.0254799 -1.49813 -0.0248901 0.999663 -0.00736881 -4.91989 -0.0256561 0.00672995 0.999648 256.512 
0.999348 0.0255849 0.0254599 -1.48451 -0.0254101 0.999651 -0.00716277 -4.95468 -0.0256344 0.0065112 0.99965 258.073 
0.999378 0.0241082 0.0257302 -1.47365 -0.0239345 0.999689 -0.00703528 -4.99195 -0.0258918 0.0064151 0.999644 259.615 
0.99941 0.0226063 0.0258554 -1.46165 -0.0224504 0.999728 -0.00630176 -5.02628 -0.0259909 0.00571762 0.999646 261.164 
0.999454 0.0202687 0.0260902 -1.4453 -0.0201308 0.999782 -0.00553606 -5.06117 -0.0261967 0.00500786 0.999644 262.715 
0.999485 0.0188892 0.025928 -1.4295 -0.0187373 0.999806 -0.00608843 -5.09809 -0.026038 0.00559952 0.999645 264.255 
0.999501 0.0178086 0.0261085 -1.42377 -0.0176325 0.99982 -0.00695759 -5.13948 -0.0262277 0.0064938 0.999635 265.794 
0.999519 0.0159055 0.0266231 -1.41415 -0.0157807 0.999864 -0.00489213 -5.17875 -0.0266973 0.00446968 0.999634 267.345 
0.999539 0.0137758 0.0270486 -1.39619 -0.0136956 0.999901 -0.00314429 -5.21298 -0.0270893 0.00277244 0.999629 268.892 
0.999541 0.013195 0.0272546 -1.38921 -0.0130937 0.999907 -0.00389314 -5.24553 -0.0273035 0.00353453 0.999621 270.433 
0.999522 0.0131213 0.0279793 -1.37751 -0.012984 0.999903 -0.00508115 -5.27512 -0.0280433 0.00471548 0.999596 271.985 
0.999494 0.0139019 0.0286197 -1.35927 -0.0137503 0.99989 -0.00548677 -5.30511 -0.0286929 0.00509051 0.999575 273.532 
0.999438 0.0155554 0.0296821 -1.34441 -0.0153988 0.999866 -0.00549638 -5.34251 -0.0297637 0.00503627 0.999544 275.087 
0.999379 0.0172702 0.0307057 -1.331 -0.0171054 0.999838 -0.00561878 -5.38144 -0.0307978 0.0050901 0.999513 276.637 
0.999318 0.0185478 0.0319344 -1.31746 -0.0183684 0.999814 -0.00590037 -5.42016 -0.0320379 0.00530981 0.999473 278.155 
0.999275 0.0191605 0.0329031 -1.29647 -0.0189667 0.999801 -0.00619038 -5.45559 -0.0330152 0.00556187 0.999439 279.698 
0.99924 0.0195343 0.0337306 -1.27681 -0.0193176 0.999791 -0.00673634 -5.49479 -0.0338551 0.00607967 0.999408 281.269 
0.999228 0.0186678 0.0345705 -1.24882 -0.0184321 0.999805 -0.00712308 -5.53261 -0.0346968 0.00648041 0.999377 282.837 
0.9992 0.0181305 0.0356585 -1.22449 -0.0178958 0.999816 -0.00688965 -5.56728 -0.0357769 0.00624604 0.99934 284.404 
0.999186 0.0169924 0.0365744 -1.19743 -0.016784 0.999841 -0.005995 -5.59767 -0.0366705 0.0053763 0.999313 285.984 
0.999186 0.0162008 0.0369413 -1.17136 -0.0160042 0.999856 -0.00561172 -5.63327 -0.0370269 0.00501597 0.999302 287.55 
0.999191 0.0158192 0.03697 -1.13838 -0.015526 0.999846 -0.00820297 -5.6672 -0.0370942 0.00762238 0.999283 289.127 
0.99921 0.0145618 0.0369801 -1.10972 -0.014192 0.999847 -0.0102427 -5.70693 -0.0371237 0.00970979 0.999264 290.689 
0.999233 0.0147412 0.0362724 -1.07812 -0.0143755 0.999843 -0.0103212 -5.7446 -0.0364189 0.00979188 0.999289 292.228 
0.999296 0.0134252 0.0350451 -1.04179 -0.0130739 0.999862 -0.0102326 -5.78259 -0.0351777 0.00976723 0.999333 293.798 
0.999338 0.0129063 0.0340272 -1.01901 -0.0125534 0.999865 -0.0105638 -5.82678 -0.0341591 0.0101297 0.999365 295.355 
0.99935 0.0130527 0.0335908 -1.00083 -0.0126953 0.999861 -0.0108279 -5.86774 -0.0337275 0.0103945 0.999377 296.928 
0.999373 0.0130166 0.0329288 -0.978214 -0.0126843 0.999867 -0.0102808 -5.90798 -0.0330583 0.00985675 0.999405 298.489 
0.999414 0.0124665 0.0318807 -0.954047 -0.0121515 0.999876 -0.0100549 -5.94654 -0.0320021 0.00966162 0.999441 300.091 
0.999454 0.0117665 0.0308816 -0.932214 -0.0115028 0.999896 -0.00870244 -5.98308 -0.0309808 0.0083425 0.999485 301.707 
0.999442 0.0139306 0.0303678 -0.914536 -0.0137101 0.999878 -0.00745507 -6.01919 -0.030468 0.0070346 0.999511 303.299 
0.999414 0.0143442 0.0310766 -0.904071 -0.0141239 0.999874 -0.00729571 -6.0561 -0.0311774 0.00685256 0.99949 304.904 
0.999384 0.0145227 0.0319552 -0.886349 -0.0142927 0.99987 -0.00741291 -6.10024 -0.0320587 0.00695166 0.999462 306.515 
0.999391 0.0134503 0.032192 -0.860168 -0.0132153 0.999885 -0.00749905 -6.13887 -0.0322892 0.0070691 0.999454 308.108 
0.999418 0.011285 0.0322082 -0.830236 -0.0110184 0.999904 -0.00844239 -6.17562 -0.0323004 0.00808263 0.999446 309.698 
0.999421 0.00981292 0.0325826 -0.807432 -0.00947842 0.999901 -0.0104034 -6.21431 -0.0326815 0.0100886 0.999415 311.319 
0.999438 0.0090951 0.0322656 -0.780454 -0.00873082 0.999897 -0.0114117 -6.2568 -0.0323661 0.0111237 0.999414 312.92 
0.999505 0.00972071 0.0299064 -0.760864 -0.00935623 0.999881 -0.0123017 -6.30012 -0.0300225 0.0120159 0.999477 314.547 
0.999558 0.0107453 0.0277164 -0.742799 -0.0104246 0.999877 -0.0116856 -6.34123 -0.0278386 0.0113916 0.999548 316.181 
0.999555 0.0118027 0.0274076 -0.732802 -0.0115775 0.999898 -0.00835927 -6.38371 -0.0275036 0.00803828 0.999589 317.815 
0.999546 0.0103797 0.0282809 -0.727465 -0.0102307 0.999933 -0.00540503 -6.41906 -0.0283352 0.00511328 0.999585 319.456 
0.999548 0.00944486 0.0285394 -0.713771 -0.00931234 0.999945 -0.00477112 -6.45161 -0.028583 0.00450324 0.999581 321.089 
0.999544 0.00841466 0.0289989 -0.697131 -0.00824191 0.999948 -0.00607003 -6.48361 -0.0290485 0.0058283 0.999561 322.738 
0.999531 0.00751631 0.0296975 -0.686481 -0.00733676 0.999954 -0.00614881 -6.51745 -0.0297424 0.00592809 0.99954 324.393 
0.999514 0.00730389 0.0302924 -0.670518 -0.00713107 0.999958 -0.00580797 -6.55484 -0.0303336 0.00558917 0.999524 326.036 
0.999494 0.00728894 0.0309657 -0.654289 -0.00711232 0.999958 -0.00580862 -6.59032 -0.0310068 0.00558549 0.999504 327.684 
0.999466 0.00863638 0.031505 -0.637786 -0.00842857 0.999942 -0.00672175 -6.63017 -0.0315613 0.00645266 0.999481 329.313 
0.999427 0.00950255 0.0325029 -0.619313 -0.00927002 0.99993 -0.00729609 -6.67198 -0.03257 0.00699065 0.999445 330.942 
0.999402 0.0081848 0.0336094 -0.601254 -0.00800811 0.999953 -0.00538714 -6.70972 -0.033652 0.00511481 0.999421 332.583 
0.999403 0.00679973 0.0338866 -0.584239 -0.00665442 0.999968 -0.00439802 -6.74694 -0.0339154 0.00416994 0.999416 334.263 
0.9994 0.00563343 0.0341827 -0.563817 -0.00544838 0.99997 -0.00550311 -6.7809 -0.0342127 0.00531361 0.9994 335.896 
0.99938 0.00736137 0.0344195 -0.539809 -0.00717398 0.999959 -0.00556333 -6.81549 -0.0344591 0.005313 0.999392 337.527 
0.999368 0.0091174 0.0343559 -0.523007 -0.00886077 0.999932 -0.00761338 -6.85472 -0.034423 0.00730419 0.999381 339.155 
0.999364 0.0109281 0.033943 -0.500212 -0.0105751 0.999888 -0.0105594 -6.89704 -0.0340547 0.0101938 0.999368 340.775 
0.999358 0.0124194 0.0336152 -0.49348 -0.0120823 0.999875 -0.0102105 -6.93723 -0.0337379 0.00979781 0.999383 342.411 
0.999364 0.0132496 0.0331137 -0.495709 -0.0130208 0.99989 -0.00711533 -6.96516 -0.0332043 0.00667967 0.999426 344.06 
0.999376 0.0142208 0.0323429 -0.470124 -0.0140865 0.999891 -0.0043757 -7.00098 -0.0324017 0.00391741 0.999467 345.705 
0.999396 0.0146726 0.0315031 -0.46791 -0.0144978 0.999878 -0.0057703 -7.03017 -0.0315839 0.00531013 0.999487 347.353 
0.999451 0.0142882 0.0298863 -0.451877 -0.0140819 0.999876 -0.00710169 -7.07264 -0.0299841 0.00667698 0.999528 348.953 
0.999517 0.0128952 0.028273 -0.434584 -0.0127406 0.999903 -0.00563794 -7.11115 -0.028343 0.00527505 0.999584 350.568 
0.999547 0.0114 0.0278505 -0.432024 -0.0112608 0.999923 -0.0051494 -7.14783 -0.0279071 0.00483349 0.999599 352.186 
0.999556 0.0111795 0.0276297 -0.422641 -0.011016 0.999921 -0.00606132 -7.18229 -0.0276953 0.0057543 0.9996 353.807 
0.999571 0.0102833 0.0274273 -0.41027 -0.0100969 0.999925 -0.00692633 -7.21869 -0.0274966 0.00664647 0.9996 355.421 
0.999563 0.0101042 0.0277823 -0.402809 -0.00991633 0.999927 -0.0068898 -7.25912 -0.02785 0.00661133 0.99959 357.041 
0.999559 0.00987304 0.0279924 -0.390959 -0.0096722 0.999927 -0.0072998 -7.29316 -0.0280625 0.00702588 0.999582 358.642 
0.99956 0.00952168 0.0280963 -0.378527 -0.00930481 0.999926 -0.00783771 -7.33359 -0.0281689 0.00757287 0.999575 360.243 
0.999561 0.00909504 0.0281979 -0.363401 -0.00885889 0.999925 -0.00848666 -7.37438 -0.028273 0.00823317 0.999566 361.841 
0.999552 0.00857588 0.0286826 -0.362495 -0.00833195 0.999928 -0.00861182 -7.40662 -0.0287544 0.00836902 0.999552 363.478 
0.999538 0.00932485 0.0289199 -0.346985 -0.00906155 0.999916 -0.00922068 -7.4523 -0.0290035 0.0089544 0.999539 365.056 
0.999546 0.00750161 0.0291825 -0.33343 -0.00719403 0.999918 -0.0106292 -7.49078 -0.0292599 0.0104144 0.999518 366.659 
0.999556 0.00590588 0.0291943 -0.312771 -0.00564742 0.999944 -0.00892597 -7.53339 -0.0292455 0.00875718 0.999534 368.276 
0.999565 0.00425198 0.0291763 -0.295867 -0.00401571 0.999959 -0.00815038 -7.57392 -0.0292098 0.00802972 0.999541 369.87 
0.999566 0.00364257 0.0292292 -0.27737 -0.00337411 0.999952 -0.00922736 -7.61277 -0.0292614 0.00912477 0.99953 371.479 
0.999545 0.00498844 0.0297422 -0.271161 -0.00469175 0.999939 -0.0100356 -7.64986 -0.0297905 0.00989155 0.999507 373.072 
0.99952 0.00643471 0.0303184 -0.262146 -0.00615981 0.999939 -0.00915045 -7.69576 -0.0303755 0.00895934 0.999498 374.679 
0.999495 0.00805509 0.0307303 -0.24095 -0.00779701 0.999933 -0.0085074 -7.73308 -0.0307969 0.00826354 0.999492 376.302 
0.999475 0.00840812 0.0312763 -0.224588 -0.0081345 0.999928 -0.00886412 -7.77253 -0.0313486 0.00860509 0.999472 377.918 
0.999474 0.00815627 0.0313809 -0.205779 -0.00784921 0.99992 -0.00989448 -7.81233 -0.0314592 0.009643 0.999459 379.525 
0.999466 0.00851487 0.0315494 -0.181418 -0.00819884 0.999915 -0.0101314 -7.85343 -0.0316331 0.00986733 0.999451 381.145 
0.999448 0.00879325 0.0320369 -0.157555 -0.00846971 0.999912 -0.0102196 -7.89749 -0.032124 0.00994264 0.999434 382.772 
0.999433 0.0101061 0.0321158 -0.13493 -0.00978722 0.999901 -0.0100682 -7.93916 -0.0322144 0.00974818 0.999433 384.407 
0.999404 0.0118712 0.0324024 -0.110074 -0.011561 0.999886 -0.00974413 -7.98165 -0.0325144 0.00936376 0.999427 386.062 
0.999366 0.0133788 0.0329977 -0.0913145 -0.0130383 0.99986 -0.0105118 -8.02452 -0.0331338 0.010075 0.9994 387.695 
0.999338 0.0146918 0.0332697 -0.0671352 -0.0143239 0.999834 -0.0112685 -8.06678 -0.0334298 0.0107845 0.999383 389.321 
0.999323 0.0156059 0.0333091 -0.0348997 -0.0152357 0.99982 -0.0113383 -8.10976 -0.0334801 0.0108231 0.999381 390.959 
0.999297 0.0168659 0.0334726 -0.00953059 -0.0165225 0.999808 -0.0105057 -8.15604 -0.0336434 0.00994528 0.999384 392.591 
0.999268 0.0178568 0.0338305 0.0125139 -0.0175161 0.999793 -0.0103387 -8.19789 -0.0340081 0.00973856 0.999374 394.214 
0.999245 0.0184769 0.0341851 0.0351222 -0.0181126 0.999776 -0.0109367 -8.23917 -0.0343795 0.0103093 0.999356 395.852 
0.999223 0.0187912 0.0346335 0.0543675 -0.0184253 0.999771 -0.0108522 -8.2792 -0.0348296 0.0102057 0.999341 397.47 
0.999218 0.0189092 0.0347203 0.0847243 -0.0185597 0.999774 -0.0103598 -8.32158 -0.0349084 0.00970731 0.999343 399.105 
0.999202 0.0189213 0.0351829 0.106381 -0.0185283 0.999763 -0.0114631 -8.36454 -0.0353915 0.0108022 0.999315 400.76 
0.999199 0.0188188 0.0353101 0.132171 -0.0183945 0.999755 -0.0123009 -8.41168 -0.035533 0.0116416 0.999301 402.39 
0.999197 0.0184478 0.0355617 0.161139 -0.0180224 0.999763 -0.0122454 -8.45987 -0.0357792 0.0115948 0.999292 404.038 
0.999185 0.0185443 0.0358476 0.185817 -0.0181536 0.999773 -0.0111916 -8.49964 -0.036047 0.0105318 0.999295 405.688 
0.999187 0.0170564 0.0365177 0.205945 -0.016708 0.999812 -0.00982267 -8.54189 -0.0366785 0.00920459 0.999285 407.322 
0.999211 0.0155193 0.0365523 0.247699 -0.0151402 0.999829 -0.010625 -8.58594 -0.036711 0.0100633 0.999275 408.985 
0.999225 0.0145058 0.0365884 0.276079 -0.0140941 0.999835 -0.0114834 -8.63189 -0.036749 0.0109589 0.999264 410.611 
