1 2.12261e-08 -2.11895e-08 0 2.12261e-08 1 2.10703e-08 0 -2.11895e-08 2.10703e-08 1 0 
0.999997 -0.0015912 -0.00168806 -0.0048777 0.00158972 0.999998 -0.000904751 -0.00962205 0.00168945 0.000902108 0.999998 0.577667 
0.999994 -0.00205394 -0.00290637 -0.0158561 0.00204713 0.999995 -0.00235843 -0.0207203 0.00291115 0.00235251 0.999993 1.14966 
0.999986 -0.00240442 -0.00466537 -0.0323703 0.0023872 0.99999 -0.00370169 -0.0334039 0.00467418 0.00369054 0.999982 1.72076 
0.999968 -0.00450344 -0.00657837 -0.0437235 0.00446837 0.999976 -0.00534377 -0.0453342 0.00660224 0.00531424 0.999964 2.28316 
0.999945 -0.0068148 -0.00795963 -0.0625234 0.00675634 0.99995 -0.00735331 -0.0560275 0.0080093 0.00729918 0.999941 2.84932 
0.999922 -0.00812004 -0.00949611 -0.075085 0.00804343 0.999935 -0.00808218 -0.0662256 0.00956108 0.00800521 0.999922 3.42967 
0.999908 -0.00829995 -0.0107179 -0.0966321 0.00822192 0.99994 -0.00730834 -0.0810185 0.0107779 0.00721958 0.999916 4.0153 
0.999894 -0.00855128 -0.0117739 -0.116253 0.00845983 0.999934 -0.00779907 -0.0950389 0.0118398 0.00769868 0.9999 4.60975 
0.999887 -0.00796884 -0.0127658 -0.137967 0.00783452 0.999914 -0.0105406 -0.110902 0.0128487 0.0104395 0.999863 5.20805 
0.999882 -0.00631999 -0.0140113 -0.162085 0.00611754 0.999877 -0.0144481 -0.125692 0.0141008 0.0143607 0.999797 5.81495 
0.999873 -0.00470746 -0.0152174 -0.185098 0.00443 0.999824 -0.0182184 -0.139492 0.0153005 0.0181487 0.999718 6.4283 
0.999866 -0.00313334 -0.0160412 -0.220518 0.00284014 0.999829 -0.0182705 -0.150717 0.0160957 0.0182226 0.999704 7.06534 
0.999854 -0.000655315 -0.0171042 -0.250659 0.000460865 0.999935 -0.0113725 -0.162807 0.0171105 0.011363 0.999789 7.7187 
0.999838 0.00013029 -0.0179887 -0.272638 -0.000146098 1 -0.000879798 -0.175087 0.0179885 0.000882327 0.999838 8.387 
0.999823 0.00100179 -0.0188031 -0.299498 -0.000891511 0.999982 0.00587016 -0.190779 0.0188086 -0.00585231 0.999806 9.06823 
0.999795 0.00304812 -0.0200029 -0.331123 -0.00295331 0.999984 0.00476556 -0.201283 0.020017 -0.00470546 0.999789 9.75599 
0.999772 0.00514545 -0.0207097 -0.365554 -0.00519988 0.999983 -0.00257696 -0.206022 0.0206961 0.0026841 0.999782 10.4534 
0.999752 0.00489853 -0.0217097 -0.399022 -0.00508575 0.99995 -0.00857915 -0.207442 0.0216666 0.00868748 0.999728 11.1679 
0.999733 0.00277468 -0.0229416 -0.426014 -0.00293572 0.999971 -0.00699067 -0.209801 0.0229215 0.0070562 0.999712 11.9109 
0.999721 0.00144335 -0.0235818 -0.450485 -0.00138685 0.999996 0.00241046 -0.219392 0.0235852 -0.00237704 0.999719 12.6825 
0.999714 0.000774846 -0.0239183 -0.482642 -0.000538962 0.999951 0.00986523 -0.225959 0.0239247 -0.00984947 0.999665 13.4634 
0.999697 -6.84104e-05 -0.0246212 -0.51524 0.000370636 0.999925 0.012269 -0.228242 0.0246184 -0.0122744 0.999622 14.2608 
0.999688 -0.00218656 -0.0248697 -0.545489 0.00246861 0.999933 0.0113141 -0.228303 0.0248433 -0.011372 0.999627 15.0732 
0.999705 -0.00281953 -0.0241245 -0.582789 0.00302795 0.999958 0.00860517 -0.224672 0.0240992 -0.00867564 0.999672 15.903 
0.99972 -0.000310791 -0.0236756 -0.618377 0.000431274 0.999987 0.00508223 -0.22448 0.0236737 -0.00509098 0.999707 16.7463 
0.999751 -0.00340065 -0.0220348 -0.661119 0.00339211 0.999994 -0.00042681 -0.231691 0.0220361 0.000352002 0.999757 17.5917 
0.999754 -0.00620291 -0.0213165 -0.690404 0.00606353 0.99996 -0.00659926 -0.244195 0.0213565 0.00646843 0.999751 18.4634 
0.999784 -0.00511155 -0.0201506 -0.725413 0.00486876 0.999915 -0.012082 -0.255644 0.0202106 0.0119813 0.999724 19.3492 
0.999794 -0.00381351 -0.0199244 -0.760583 0.00355751 0.999911 -0.0128704 -0.272866 0.0199717 0.0127969 0.999719 20.2527 
0.999784 -0.00381569 -0.0204237 -0.791055 0.00356658 0.999919 -0.0122219 -0.294607 0.0204687 0.0121464 0.999717 21.1764 
0.999783 -0.0024499 -0.0206791 -0.826666 0.00216997 0.999906 -0.0135503 -0.317182 0.0207103 0.0135025 0.999694 22.1158 
0.99979 0.000466822 -0.0205073 -0.869002 -0.000789484 0.999876 -0.0157308 -0.339994 0.0204974 0.0157437 0.999666 23.0725 
0.999776 0.00393153 -0.0208015 -0.912588 -0.00427709 0.999853 -0.0165961 -0.363589 0.0207331 0.0166814 0.999646 24.0418 
0.999768 0.0056422 -0.020802 -0.954104 -0.00598616 0.999846 -0.0165119 -0.39258 0.0207056 0.0166327 0.999647 25.0177 
0.999757 0.00629703 -0.02113 -0.992132 -0.00664588 0.999842 -0.016482 -0.42307 0.0210228 0.0166185 0.999641 26.0012 
0.999752 0.00624988 -0.0213696 -1.02759 -0.00659974 0.999845 -0.0163424 -0.451771 0.0212641 0.0164794 0.999638 26.9907 
0.999733 0.0071111 -0.0219966 -1.06579 -0.00744631 0.999857 -0.0151972 -0.480514 0.0218853 0.015357 0.999643 27.9999 
0.999722 0.00763982 -0.0222939 -1.10854 -0.00793694 0.99988 -0.0132716 -0.507691 0.0221898 0.0134449 0.999663 29.0134 
0.999709 0.00835252 -0.0226251 -1.15075 -0.00862546 0.999891 -0.0119949 -0.537369 0.0225224 0.0121866 0.999672 30.0334 
0.999703 0.00827544 -0.0229425 -1.19126 -0.00857485 0.999879 -0.0129846 -0.56473 0.0228322 0.0131775 0.999653 31.0601 
0.999684 0.00953064 -0.0232518 -1.23587 -0.00985305 0.999856 -0.013793 -0.592409 0.0231169 0.0140177 0.999635 32.0954 
0.999678 0.00917897 -0.0236703 -1.27938 -0.00948714 0.999871 -0.0129417 -0.617918 0.0235484 0.0131621 0.999636 33.1385 
0.99967 0.00841546 -0.0242708 -1.32382 -0.00866647 0.99991 -0.0102571 -0.644103 0.0241822 0.0104641 0.999653 34.1947 
0.999654 0.00893262 -0.0247426 -1.36816 -0.00909983 0.999936 -0.00665525 -0.668547 0.0246816 0.00687815 0.999672 35.253 
0.999637 0.00892517 -0.0254044 -1.415 -0.0090318 0.999951 -0.00408718 -0.693555 0.0253666 0.00431519 0.999669 36.3218 
0.999627 0.00893913 -0.0257894 -1.4624 -0.00903773 0.999952 -0.00371103 -0.714522 0.025755 0.00394277 0.999661 37.3948 
0.999616 0.0087243 -0.0263179 -1.5095 -0.00886282 0.999947 -0.00515301 -0.734045 0.0262715 0.00538432 0.99964 38.4729 
0.999593 0.00923936 -0.0269832 -1.56042 -0.00939644 0.99994 -0.00570201 -0.754779 0.0269288 0.00595328 0.99962 39.5607 
0.999576 0.00914454 -0.0276448 -1.61209 -0.00927218 0.999947 -0.00449412 -0.775582 0.0276022 0.00474859 0.999608 40.6508 
0.99955 0.00916864 -0.028549 -1.66189 -0.00924213 0.999954 -0.00244473 -0.798204 0.0285252 0.00270753 0.999589 41.7404 
0.999533 0.00934345 -0.0291017 -1.71211 -0.00934547 0.999956 6.5383e-05 -0.819476 0.0291009 0.000206659 0.999576 42.827 
0.99951 0.0105689 -0.0294764 -1.76611 -0.0105748 0.999944 -4.39709e-05 -0.842181 0.0294742 0.000355698 0.999566 43.9106 
0.999486 0.011779 -0.0298283 -1.81877 -0.0118998 0.999922 -0.00387595 -0.864641 0.0297803 0.00422895 0.999548 44.9917 
0.999476 0.0130953 -0.0295986 -1.87521 -0.0133302 0.999881 -0.00775465 -0.888048 0.0294935 0.00814519 0.999532 46.0671 
0.999476 0.0137195 -0.0293302 -1.93151 -0.0139672 0.999868 -0.00826039 -0.910068 0.029213 0.00866576 0.999536 47.1497 
0.99947 0.0143284 -0.029239 -1.98256 -0.0144968 0.99988 -0.00555566 -0.935577 0.0291558 0.00597663 0.999557 48.2352 
0.999469 0.014858 -0.0290142 -2.03534 -0.0149653 0.999882 -0.00348447 -0.959757 0.028959 0.00391687 0.999573 49.3211 
0.999489 0.0131074 -0.0291526 -2.08248 -0.0131743 0.999911 -0.00210415 -0.982075 0.0291224 0.00248718 0.999573 50.4099 
0.999502 0.0132448 -0.0286427 -2.13603 -0.0133397 0.999906 -0.0031259 -1.00515 0.0285986 0.00350648 0.999585 51.5045 
0.999522 0.0122375 -0.028384 -2.18716 -0.0123852 0.999911 -0.00503666 -1.02478 0.0283198 0.00538584 0.999584 52.5996 
0.999525 0.0123373 -0.0282347 -2.23491 -0.0125418 0.999896 -0.00707902 -1.05019 0.0281444 0.00742982 0.999576 53.7011 
0.999547 0.0110649 -0.0279804 -2.28431 -0.0113294 0.999893 -0.00931178 -1.08011 0.0278743 0.00962461 0.999565 54.793 
0.999564 0.00945503 -0.0279698 -2.32926 -0.00981274 0.999871 -0.0126814 -1.10937 0.0278462 0.0129504 0.999528 55.8828 
0.999581 0.0079112 -0.0278286 -2.3765 -0.00831286 0.999863 -0.014349 -1.14017 0.0277112 0.0145744 0.99951 56.9749 
0.999596 0.00626842 -0.0277189 -2.42177 -0.00660496 0.999905 -0.0120678 -1.17168 0.0276406 0.012246 0.999543 58.0633 
0.999608 0.0048058 -0.0275731 -2.46628 -0.00497315 0.99997 -0.00600546 -1.20179 0.0275433 0.00614027 0.999602 59.1547 
0.999616 0.00330065 -0.027508 -2.51268 -0.00330125 0.999995 2.2044e-05 -1.22613 0.0275078 6.88179e-05 0.999622 60.2548 
0.999615 0.00161092 -0.0276911 -2.55574 -0.00158899 0.999998 0.000812646 -1.24682 0.0276923 -0.00076829 0.999616 61.3457 
0.999619 -0.00173411 -0.027558 -2.59853 0.00167508 0.999996 -0.00216621 -1.26572 0.0275616 0.00211926 0.999618 62.4453 
0.999607 -0.00324899 -0.0278313 -2.64337 0.00310454 0.999982 -0.00523332 -1.28683 0.0278478 0.00514491 0.999599 63.5362 
0.999603 -0.00134748 -0.0281552 -2.69165 0.00108748 0.999957 -0.00924945 -1.31503 0.0281664 0.0092152 0.999561 64.6279 
0.999609 -0.00110144 -0.0279539 -2.74519 0.000721647 0.999907 -0.0135944 -1.3427 0.0279662 0.0135689 0.999517 65.7179 
0.999622 0.00205123 -0.027434 -2.80001 -0.0024439 0.999895 -0.0142892 -1.37117 0.0274018 0.0143508 0.999522 66.8219 
0.999633 0.00594517 -0.0264298 -2.85944 -0.00622774 0.999924 -0.0106234 -1.40481 0.0263646 0.0107841 0.999594 67.932 
0.999627 0.00748579 -0.0262635 -2.91682 -0.00771162 0.999934 -0.00850922 -1.43328 0.026198 0.00870862 0.999619 69.0393 
0.999625 0.00691149 -0.0264901 -2.9619 -0.00711896 0.999945 -0.00774705 -1.45894 0.026435 0.00793277 0.999619 70.141 
0.999632 0.0053242 -0.0265937 -3.01042 -0.00550763 0.999962 -0.00683058 -1.48748 0.0265563 0.00697458 0.999623 71.2424 
0.999628 0.00425192 -0.0269509 -3.05912 -0.00439703 0.999976 -0.00532889 -1.51546 0.0269275 0.00544545 0.999623 72.3428 
0.999617 0.00249205 -0.0275611 -3.10129 -0.0025802 0.999992 -0.00316473 -1.54192 0.027553 0.00323467 0.999615 73.4458 
0.999598 0.00130553 -0.0283362 -3.15093 -0.00135113 0.999998 -0.00159192 -1.56316 0.028334 0.00162961 0.999597 74.5541 
0.999572 0.000444017 -0.0292448 -3.19509 -0.000525914 0.999996 -0.00279416 -1.58874 0.0292434 0.00280839 0.999568 75.6505 
0.999549 0.000665134 -0.0300374 -3.2438 -0.000864718 0.999978 -0.00663341 -1.61298 0.0300322 0.00665644 0.999527 76.7421 
0.999521 0.00142166 -0.0309123 -3.29742 -0.0016882 0.999962 -0.00859949 -1.63927 0.0308989 0.0086476 0.999485 77.8237 
0.99949 0.00327815 -0.0317737 -3.35015 -0.00349999 0.99997 -0.00693031 -1.66766 0.03175 0.00703802 0.999471 78.9073 
0.999469 0.00415026 -0.0323209 -3.41172 -0.00423937 0.999987 -0.00269036 -1.69155 0.0323092 0.00282599 0.999474 79.9993 
0.99944 0.00555592 -0.0329844 -3.46902 -0.00551283 0.999984 0.00139591 -1.71568 0.0329915 -0.00121325 0.999455 81.0911 
0.999408 0.00672045 -0.0337332 -3.52306 -0.00666395 0.999976 0.00178571 -1.7323 0.0337444 -0.00155982 0.999429 82.1813 
0.999405 0.00655277 -0.0338617 -3.60342 -0.00656947 0.999978 -0.000383213 -1.7496 0.0338584 0.000605481 0.999426 83.2731 
0.999384 0.00650365 -0.0344769 -3.65668 -0.00654891 0.999978 -0.00120116 -1.76829 0.0344682 0.00142625 0.999405 84.3397 
0.999368 0.00608555 -0.0350292 -3.70962 -0.00614078 0.99998 -0.00147027 -1.79 0.0350196 0.00168449 0.999385 85.3961 
0.999344 0.00496153 -0.0358825 -3.76462 -0.00500254 0.999987 -0.00105441 -1.81561 0.0358768 0.00123327 0.999356 86.4333 
0.999333 0.00371275 -0.0363169 -3.81714 -0.00371032 0.999993 0.000133364 -1.83117 0.0363171 1.51451e-06 0.99934 87.4607 
0.999317 0.00392049 -0.0367484 -3.87576 -0.00380777 0.999988 0.0031358 -1.85854 0.0367602 -0.00299369 0.99932 88.4715 
0.999283 0.00299308 -0.0377491 -3.92863 -0.00285089 0.999989 0.00381888 -1.87859 0.0377601 -0.00370848 0.99928 89.4561 
0.999198 0.00195808 -0.0400036 -3.98168 -0.00179401 0.99999 0.00413599 -1.89828 0.0400113 -0.00406086 0.999191 90.419 
0.999066 0.00128181 -0.0431941 -4.03956 -0.00114046 0.999994 0.00329592 -1.9171 0.043198 -0.00324353 0.999061 91.3587 
0.998917 0.00116868 -0.0465165 -4.09985 -0.00105881 0.999997 0.00238564 -1.93658 0.0465191 -0.00233376 0.998915 92.2761 
0.99879 0.00119722 -0.0491678 -4.17059 -0.00108035 0.999997 0.00240264 -1.95103 0.0491705 -0.00234657 0.998788 93.1683 
0.998629 0.00247133 -0.0522811 -4.23425 -0.00228884 0.999991 0.00354951 -1.96835 0.0522893 -0.00342494 0.998626 94.0383 
0.998466 0.00330964 -0.0552787 -4.29711 -0.00305187 0.999984 0.00474595 -1.9879 0.0552935 -0.00456992 0.99846 94.8866 
0.998286 0.00433908 -0.058361 -4.36001 -0.00397931 0.999972 0.00627869 -2.00331 0.0583866 -0.00603565 0.998276 95.7089 
0.998148 0.00612353 -0.0605274 -4.43487 -0.00571757 0.99996 0.00687737 -2.01617 0.0605671 -0.00651852 0.998143 96.5101 
0.997982 0.00820494 -0.0629614 -4.50235 -0.00775715 0.999943 0.00735268 -2.03251 0.0630181 -0.0068494 0.997989 97.2767 
0.997797 0.0100535 -0.0655748 -4.57029 -0.00966774 0.999934 0.00619641 -2.04897 0.0656327 -0.00554876 0.997828 98.0137 
0.997618 0.0113606 -0.0680386 -4.63615 -0.0112144 0.999934 0.00253046 -2.06554 0.0680628 -0.00176137 0.99768 98.7198 
0.997416 0.0137547 -0.0705111 -4.70028 -0.0138782 0.999903 -0.00126299 -2.07915 0.0704868 0.00223834 0.99751 99.3992 
0.997256 0.0155708 -0.0723757 -4.76487 -0.0158983 0.999866 -0.00395157 -2.09285 0.0723044 0.00509142 0.99737 100.04 
0.997156 0.0175656 -0.0732948 -4.82321 -0.0179753 0.999826 -0.00493389 -2.10776 0.0731953 0.0062374 0.997298 100.664 
0.997176 0.0199298 -0.0724123 -4.88022 -0.020319 0.999783 -0.00464319 -2.12117 0.072304 0.00610147 0.997364 101.262 
0.997294 0.0236539 -0.0696144 -4.93175 -0.0239339 0.999708 -0.00319128 -2.13707 0.0695186 0.00484883 0.997569 101.838 
0.997596 0.0262564 -0.0641315 -4.9771 -0.0264259 0.999649 -0.00179659 -2.15136 0.0640618 0.00348704 0.99794 102.388 
0.998017 0.0270041 -0.0568602 -5.01114 -0.0270406 0.999634 0.000126329 -2.16496 0.0568428 0.0014115 0.998382 102.913 
0.998523 0.0268997 -0.0472014 -5.03662 -0.0268013 0.999637 0.00271619 -2.17777 0.0472573 -0.00144708 0.998882 103.416 
0.999019 0.0265203 -0.0354613 -5.05219 -0.0264 0.999644 0.00385385 -2.18842 0.0355509 -0.00291384 0.999364 103.895 
0.999427 0.025606 -0.0221264 -5.05941 -0.0255227 0.999666 0.00403963 -2.20135 0.0222225 -0.00347254 0.999747 104.351 
0.999653 0.0254565 -0.00683925 -5.06008 -0.0254344 0.999671 0.00329688 -2.21406 0.00692088 -0.00312174 0.999971 104.788 
0.999647 0.024101 0.0111681 -5.04892 -0.0241054 0.999709 0.000260153 -2.22613 -0.0111586 -0.00052923 0.999938 105.212 
0.999201 0.0234984 0.0323372 -5.02481 -0.023369 0.999717 -0.00437245 -2.2377 -0.0324308 0.00361331 0.999467 105.622 
0.998157 0.021685 0.0566788 -4.98498 -0.0211911 0.999732 -0.00929951 -2.2448 -0.0568654 0.00808132 0.998349 106.025 
0.996307 0.0191128 0.0837044 -4.93199 -0.0181775 0.999764 -0.0119208 -2.25786 -0.0839125 0.0103553 0.996419 106.42 
0.993369 0.0165114 0.113777 -4.86994 -0.0150987 0.999798 -0.0132663 -2.2673 -0.113973 0.0114605 0.993418 106.803 
0.989165 0.0141927 0.146121 -4.78805 -0.0121143 0.999813 -0.0151034 -2.28089 -0.146308 0.0131696 0.989151 107.179 
0.983251 0.0117194 0.181881 -4.69549 -0.00884759 0.999823 -0.0165926 -2.29454 -0.182043 0.0147055 0.983181 107.545 
0.975388 0.00831951 0.220338 -4.58824 -0.00470303 0.999846 -0.0169326 -2.31079 -0.220445 0.0154796 0.975277 107.895 
0.965451 0.00618758 0.260512 -4.46973 -0.0015825 0.999839 -0.0178829 -2.32442 -0.260581 0.0168528 0.965305 108.238 
0.953114 0.00703453 0.30253 -4.34259 -0.00140596 0.999822 -0.0188186 -2.34032 -0.302608 0.017511 0.952954 108.57 
0.937776 0.0090704 0.347122 -4.20622 -0.00253707 0.999811 -0.0192711 -2.35509 -0.347231 0.0171914 0.937622 108.888 
0.919867 0.00918246 0.392123 -4.05077 -0.00225443 0.999833 -0.0181247 -2.36579 -0.392225 0.0157883 0.919734 109.198 
0.899362 0.00840783 0.437124 -3.88016 -0.00120539 0.999859 -0.0167516 -2.3802 -0.437203 0.0145388 0.899245 109.497 
0.875952 0.00716473 0.482345 -3.69607 0.00127261 0.999852 -0.0171628 -2.3944 -0.482397 0.0156476 0.875813 109.779 
0.850275 0.00777636 0.526281 -3.50043 0.00271393 0.999813 -0.0191579 -2.41016 -0.526332 0.0177178 0.850095 110.053 
0.822169 0.00994034 0.569157 -3.29156 0.00343402 0.999743 -0.022421 -2.42675 -0.569234 0.0203884 0.821923 110.315 
0.790965 0.014728 0.611684 -3.07044 0.00217327 0.999636 -0.0268791 -2.43973 -0.611857 0.0225898 0.790646 110.571 
0.756373 0.0211118 0.6538 -2.83286 -0.00110937 0.999519 -0.0309918 -2.44959 -0.65414 0.0227161 0.756033 110.825 
0.718439 0.0258889 0.695108 -2.57832 -0.00330191 0.999423 -0.0338101 -2.46017 -0.695582 0.0219953 0.71811 111.061 
0.678382 0.0261839 0.734242 -2.30025 -0.0011433 0.999401 -0.0345833 -2.47468 -0.734708 0.0226213 0.678006 111.285 
0.636526 0.023699 0.770891 -2.00145 0.00281882 0.99945 -0.0330529 -2.48766 -0.77125 0.023212 0.636109 111.489 
0.591795 0.0218239 0.805793 -1.69514 0.00400973 0.999541 -0.0300161 -2.50219 -0.806079 0.0209944 0.591436 111.683 
0.544636 0.0204666 0.838423 -1.37305 0.00454645 0.999615 -0.0273548 -2.51385 -0.83866 0.0187103 0.544334 111.864 
0.49576 0.0179747 0.868274 -1.03279 0.00575069 0.999696 -0.0239788 -2.53031 -0.868441 0.0168809 0.495505 112.032 
0.444154 0.0141214 0.895839 -0.686261 0.00773144 0.999778 -0.019593 -2.54982 -0.895917 0.0156285 0.443946 112.176 
0.391792 0.014267 0.919943 -0.317026 0.00513309 0.99983 -0.0176919 -2.56691 -0.92004 0.0116537 0.391652 112.311 
0.340107 0.0191328 0.940192 0.0445753 0.00124626 0.999783 -0.0207962 -2.5843 -0.940386 0.00824467 0.34001 112.423 
0.289107 0.0244088 0.956986 0.431654 0.000320548 0.999672 -0.0255944 -2.59638 -0.957297 0.00770626 0.289004 112.519 
0.241931 0.0263972 0.969934 0.820816 0.00181776 0.999616 -0.0276584 -2.61124 -0.970292 0.00845455 0.24179 112.593 
0.200382 0.0259065 0.979375 1.2303 0.00881272 0.999562 -0.0282436 -2.6297 -0.979678 0.0142905 0.200066 112.647 
0.165269 0.0259114 0.985908 1.6605 0.0165188 0.999442 -0.0290361 -2.64173 -0.98611 0.0210848 0.164749 112.686 
0.134658 0.0272896 0.990516 2.11585 0.0210097 0.999317 -0.0303882 -2.65215 -0.990669 0.0249025 0.133992 112.732 
0.106431 0.0258049 0.993985 2.57971 0.0189485 0.999429 -0.0279751 -2.66785 -0.99414 0.0218119 0.105881 112.776 
0.0809927 0.0222758 0.996466 3.06414 0.0126542 0.999647 -0.0233754 -2.68474 -0.996634 0.0145028 0.0806822 112.815 
0.0570617 0.0183137 0.998203 3.56662 0.00784794 0.999793 -0.0187914 -2.70033 -0.99834 0.00890611 0.0569061 112.845 
0.0345723 0.0158013 0.999277 4.0846 0.0121823 0.999794 -0.0162309 -2.71902 -0.999328 0.0127346 0.0343727 112.85 
0.0143288 0.0163597 0.999764 4.61852 0.0198446 0.999665 -0.0166425 -2.73875 -0.9997 0.0200783 0.0139994 112.842 
-0.00293045 0.0188411 0.999818 5.17382 0.0247428 0.999518 -0.0187628 -2.75575 -0.99969 0.0246833 -0.00339522 112.829 
-0.0173813 0.0243025 0.999554 5.74991 0.0253535 0.999394 -0.0238577 -2.76849 -0.999527 0.0249275 -0.0179869 112.821 
-0.028219 0.0290015 0.999181 6.34421 0.0228347 0.999337 -0.0283611 -2.77999 -0.999341 0.0220157 -0.0288626 112.812 
-0.0346485 0.0287819 0.998985 6.96391 0.0252819 0.999291 -0.0279138 -2.79798 -0.99908 0.024289 -0.0353516 112.794 
-0.0372926 0.0255493 0.998978 7.61367 0.0315291 0.999206 -0.0243781 -2.81985 -0.998807 0.0305877 -0.0380685 112.774 
-0.0367223 0.0239295 0.999039 8.26936 0.0330941 0.999194 -0.0227168 -2.84123 -0.998777 0.0322281 -0.0374846 112.753 
-0.0346626 0.0235681 0.999121 8.95112 0.0319695 0.999236 -0.0224617 -2.86306 -0.998888 0.0311629 -0.0353896 112.744 
-0.0332817 0.0238332 0.999162 9.64919 0.0282973 0.999337 -0.0228947 -2.88773 -0.999045 0.0275116 -0.033934 112.741 
-0.0321837 0.025042 0.999168 10.3608 0.027304 0.999335 -0.0241667 -2.91087 -0.999109 0.0265035 -0.0328461 112.734 
-0.0311212 0.0258221 0.999182 11.0953 0.0271598 0.999319 -0.0249797 -2.93535 -0.999147 0.0263602 -0.0318013 112.724 
-0.0302815 0.025397 0.999219 11.8417 0.0268889 0.999336 -0.0245851 -2.95898 -0.99918 0.0261234 -0.0309442 112.716 
-0.0296774 0.0241743 0.999267 12.6071 0.0258268 0.999392 -0.0234102 -2.98373 -0.999226 0.0251131 -0.0302837 112.711 
-0.0292485 0.0228097 0.999312 13.3862 0.0266985 0.999401 -0.0220302 -3.00966 -0.999216 0.0260358 -0.0298399 112.701 
-0.0297559 0.0206196 0.999345 14.1729 0.0271682 0.999435 -0.0198124 -3.0361 -0.999188 0.0265609 -0.0302993 112.69 
-0.0308603 0.0188695 0.999346 14.9623 0.0248616 0.999527 -0.0181052 -3.06378 -0.999215 0.0242866 -0.0313148 112.68 
-0.0320073 0.017783 0.999329 15.7591 0.0239228 0.999569 -0.0170211 -3.08898 -0.999201 0.023362 -0.0324189 112.668 
-0.0329811 0.0151446 0.999341 16.566 0.0263627 0.999551 -0.0142776 -3.11131 -0.999108 0.0258744 -0.0333655 112.649 
-0.0342277 0.0136681 0.999321 17.3884 0.0277561 0.999534 -0.0127203 -3.13229 -0.999029 0.0273019 -0.0345911 112.632 
-0.0360005 0.0126873 0.999271 18.2199 0.0251342 0.999615 -0.0117861 -3.16075 -0.999036 0.0246916 -0.0363055 112.62 
-0.036784 0.0174156 0.999172 19.0491 0.0224087 0.999611 -0.0165983 -3.18267 -0.999072 0.0217795 -0.03716 112.603 
-0.0374907 0.0220645 0.999053 19.8833 0.0236201 0.999496 -0.0211879 -3.207 -0.999018 0.0228034 -0.037993 112.583 
-0.038549 0.0236464 0.998977 20.7256 0.0239663 0.999454 -0.0227328 -3.23555 -0.998969 0.0230654 -0.0390947 112.566 
-0.0400601 0.0214591 0.998967 21.5797 0.0204399 0.999578 -0.0206525 -3.26495 -0.998988 0.0195914 -0.0404818 112.553 
-0.0411576 0.0171127 0.999006 22.4307 0.0176124 0.99971 -0.0163991 -3.29731 -0.998997 0.0169199 -0.041447 112.54 
-0.0413221 0.0117777 0.999077 23.2846 0.0161173 0.999808 -0.0111197 -3.32512 -0.999016 0.015643 -0.041504 112.52 
-0.0414905 0.00616917 0.99912 24.1391 0.0126557 0.999904 -0.00564842 -3.34732 -0.999059 0.0124102 -0.0415646 112.501 
-0.0413407 0.00478306 0.999134 24.9913 0.0100839 0.99994 -0.00436964 -3.37207 -0.999094 0.00989454 -0.0413864 112.485 
-0.0405016 0.0115973 0.999112 25.8367 0.0129808 0.999854 -0.0110797 -3.40018 -0.999095 0.0125205 -0.0406462 112.468 
-0.0392751 0.0227357 0.99897 26.6707 0.0152479 0.999638 -0.0221514 -3.4238 -0.999112 0.0143622 -0.0396075 112.444 
-0.0387265 0.0279595 0.998859 27.5081 0.0171462 0.99948 -0.0273121 -3.4476 -0.999103 0.0160689 -0.0391858 112.426 
-0.0373079 0.02239 0.999053 28.3512 0.0187726 0.999588 -0.0217009 -3.48094 -0.999128 0.0179453 -0.0377128 112.406 
-0.0362285 0.0144989 0.999238 29.1975 0.0217794 0.999669 -0.0137155 -3.51422 -0.999106 0.0212659 -0.0365323 112.385 
-0.0356794 0.0115296 0.999297 30.0256 0.0227849 0.999683 -0.0107205 -3.54001 -0.999104 0.0223863 -0.0359308 112.367 
-0.035707 0.0121653 0.999288 30.8519 0.0216018 0.999702 -0.0113984 -3.56523 -0.999129 0.0211795 -0.0359592 112.352 
-0.0365595 0.0130992 0.999246 31.6724 0.0187854 0.999746 -0.0124184 -3.59089 -0.999155 0.0183172 -0.0367963 112.34 
-0.0382671 0.0132503 0.99918 32.4886 0.0167791 0.99978 -0.0126156 -3.61613 -0.999127 0.0162825 -0.038481 112.324 
-0.0402526 0.0131829 0.999103 33.3035 0.0167457 0.999781 -0.0125172 -3.64436 -0.999049 0.0162268 -0.0404646 112.304 
-0.0423799 0.0135239 0.99901 34.1169 0.015605 0.999795 -0.0128725 -3.67071 -0.99898 0.015044 -0.0425823 112.288 
-0.0444829 0.0138297 0.998914 34.9249 0.0137891 0.999817 -0.0132281 -3.6945 -0.998915 0.0131857 -0.0446654 112.271 
-0.0464393 0.0128975 0.998838 35.7277 0.011994 0.999852 -0.0123529 -3.72174 -0.998849 0.0114064 -0.0465871 112.246 
-0.0484457 0.0117011 0.998757 36.5259 0.012865 0.999856 -0.0110899 -3.74901 -0.998743 0.0123117 -0.0485892 112.222 
-0.0500896 0.011772 0.998675 37.3192 0.0128995 0.999855 -0.0111389 -3.77604 -0.998661 0.0123244 -0.0502342 112.193 
-0.0519589 0.0128355 0.998567 38.1054 0.0127741 0.999844 -0.0121872 -3.7977 -0.998568 0.0121226 -0.0521148 112.168 
-0.0528414 0.0130824 0.998517 38.888 0.0132954 0.999835 -0.012396 -3.82253 -0.998514 0.0126207 -0.0530066 112.14 
-0.0539567 0.0119731 0.998472 39.6713 0.0153735 0.99982 -0.0111584 -3.84564 -0.998425 0.0147479 -0.054131 112.11 
-0.0554052 0.0111609 0.998402 40.4473 0.0156172 0.999825 -0.0103101 -3.87268 -0.998342 0.015021 -0.0555698 112.08 
-0.0565524 0.0107155 0.998342 41.2165 0.0141809 0.99985 -0.00992838 -3.89681 -0.998299 0.0135959 -0.0566958 112.051 
-0.0576969 0.00991255 0.998285 41.9716 0.0126515 0.999878 -0.00919712 -3.91803 -0.998254 0.0120991 -0.0578153 112.025 
-0.0585059 0.00858375 0.99825 42.7146 0.0115282 0.999902 -0.00792227 -3.94098 -0.998221 0.0110446 -0.0585992 111.999 
-0.0593422 0.00843988 0.998202 43.4324 0.0116871 0.999902 -0.00775943 -3.96208 -0.998169 0.0112056 -0.059435 111.973 
-0.0593958 0.0109396 0.998175 44.1388 0.0120829 0.999875 -0.0102392 -3.98595 -0.998161 0.0114526 -0.0595205 111.943 
-0.0591778 0.0137388 0.998153 44.8443 0.0121388 0.999841 -0.0130423 -4.00843 -0.998174 0.0113446 -0.0593352 111.911 
-0.0590665 0.0152345 0.998138 45.5473 0.0102253 0.99984 -0.0146554 -4.03251 -0.998202 0.00934064 -0.0592128 111.883 
-0.0590071 0.0160873 0.998128 46.2462 0.0108865 0.999821 -0.015471 -4.0557 -0.998198 0.00995321 -0.0591717 111.852 
-0.058663 0.0159222 0.998151 46.9405 0.0123168 0.999808 -0.0152247 -4.07843 -0.998202 0.0114009 -0.0588479 111.818 
-0.0589558 0.0157874 0.998136 47.6431 0.0134969 0.999796 -0.0150164 -4.09393 -0.998169 0.0125864 -0.0591569 111.791 
-0.0593342 0.0160207 0.99811 48.3368 0.00968417 0.999833 -0.0154726 -4.11513 -0.998191 0.00874781 -0.0594795 111.771 
-0.0590322 0.0160583 0.998127 49.0235 0.00717596 0.999852 -0.0156616 -4.14275 -0.99823 0.00623798 -0.0591387 111.747 
-0.0587539 0.0148279 0.998162 49.709 0.00949472 0.999853 -0.0142941 -4.16419 -0.998227 0.00863744 -0.058886 111.716 
-0.0597368 0.0143231 0.998111 50.3885 0.00984996 0.999857 -0.0137586 -4.1835 -0.998166 0.00900946 -0.0598693 111.687 
-0.0632101 0.0136363 0.997907 51.0629 0.00656424 0.999891 -0.0132475 -4.20896 -0.997979 0.00571312 -0.0632927 111.661 
-0.068385 0.0131853 0.997572 51.7391 0.00253009 0.999912 -0.0130427 -4.23289 -0.997656 0.00163202 -0.0684123 111.631 
-0.0741255 0.0170785 0.997103 52.4096 0.00629648 0.999841 -0.0166573 -4.2521 -0.997229 0.00504351 -0.0742212 111.588 
-0.0806147 0.0200467 0.996544 53.0851 0.00864961 0.999774 -0.019412 -4.27075 -0.996708 0.00705482 -0.0807699 111.539 
-0.0880528 0.0217415 0.995879 53.7549 0.00802179 0.999745 -0.0211166 -4.29263 -0.996084 0.00612936 -0.0882047 111.491 
-0.0941649 0.0209432 0.995336 54.4372 0.00437845 0.999778 -0.0206224 -4.31739 -0.995547 0.00241612 -0.0942357 111.441 
-0.0995444 0.0198534 0.994835 55.1272 0.00413889 0.999801 -0.0195383 -4.34046 -0.995025 0.00217258 -0.0996067 111.387 
-0.104142 0.0206 0.994349 55.8231 0.00202492 0.999788 -0.0205006 -4.36121 -0.99456 -0.000121485 -0.104161 111.33 
-0.108109 0.0200069 0.993938 56.525 -0.000103735 0.999797 -0.0201361 -4.38272 -0.994139 -0.00228 -0.108085 111.27 
-0.110549 0.0167343 0.99373 57.2299 0.000462704 0.999859 -0.016786 -4.40579 -0.993871 -0.00139587 -0.110541 111.2 
-0.112291 0.0135799 0.993583 57.9424 0.00250129 0.999907 -0.0133836 -4.42719 -0.993672 0.000982385 -0.112314 111.13 
-0.113585 0.0107266 0.99347 58.6672 0.00225833 0.999942 -0.0105382 -4.45001 -0.993526 0.0010466 -0.113602 111.059 
-0.11483 0.010603 0.993329 59.3912 0.0013284 0.999944 -0.01052 -4.46757 -0.993384 0.000111529 -0.114837 110.991 
-0.115108 0.0142809 0.99325 60.1212 0.00320722 0.999897 -0.0140048 -4.48721 -0.993348 0.00157351 -0.115142 110.918 
-0.114951 0.0183216 0.993202 60.866 0.00915372 0.999807 -0.0173839 -4.50825 -0.993329 0.00709319 -0.115097 110.834 
-0.115189 0.023118 0.993075 61.6085 0.0166742 0.999633 -0.0213366 -4.53419 -0.993204 0.014101 -0.115532 110.746 
-0.115789 0.0245123 0.992971 62.3626 0.0175556 0.99959 -0.0226285 -4.55516 -0.993119 0.0148121 -0.116172 110.666 
-0.116 0.0221978 0.993001 63.1191 0.0155835 0.999668 -0.0205263 -4.58243 -0.993127 0.0130934 -0.116307 110.594 
-0.115773 0.0173829 0.993124 63.8716 0.0159825 0.99975 -0.0156357 -4.60911 -0.993147 0.0140625 -0.116021 110.517 
-0.115451 0.0152943 0.993195 64.6227 0.0182153 0.999746 -0.0132778 -4.63533 -0.993146 0.0165584 -0.115701 110.436 
-0.116314 0.0149194 0.9931 65.3747 0.0184394 0.999747 -0.0128596 -4.66043 -0.993041 0.0168165 -0.11656 110.357 
-0.117969 0.0157299 0.992893 66.1205 0.0170686 0.999759 -0.0138106 -4.68644 -0.992871 0.0153181 -0.118209 110.284 
-0.120037 0.016381 0.992634 66.8639 0.0163151 0.999761 -0.0145256 -4.70917 -0.992635 0.0144513 -0.120276 110.207 
-0.121977 0.0166215 0.992394 67.6095 0.0177972 0.999736 -0.0145569 -4.73323 -0.992373 0.0158862 -0.122241 110.125 
-0.123658 0.0167548 0.992183 68.3509 0.018204 0.999728 -0.0146133 -4.75752 -0.992158 0.0162547 -0.123929 110.042 
-0.125503 0.0163952 0.991958 69.0969 0.0179263 0.999738 -0.0142557 -4.78053 -0.991931 0.015993 -0.125764 109.961 
-0.127021 0.0167353 0.991759 69.8467 0.0158447 0.999764 -0.014841 -4.80384 -0.991774 0.013829 -0.127256 109.88 
-0.128148 0.0182024 0.991588 70.6131 0.0162182 0.999736 -0.016256 -4.82936 -0.991622 0.0139986 -0.12841 109.799 
-0.129035 0.0186201 0.991465 71.3768 0.015258 0.999743 -0.0167898 -4.85321 -0.991523 0.0129613 -0.129286 109.717 
-0.130346 0.0191092 0.991284 72.1504 0.0152627 0.999734 -0.0172651 -4.87264 -0.991351 0.0128792 -0.130603 109.633 
-0.131491 0.0174443 0.991164 72.9312 0.0156377 0.999757 -0.0155209 -4.89688 -0.991194 0.0134587 -0.131732 109.546 
-0.132615 0.0151973 0.991051 73.72 0.0134505 0.999818 -0.0135318 -4.92125 -0.991076 0.0115356 -0.132796 109.463 
-0.134302 0.0133435 0.990851 74.5133 0.0106969 0.999871 -0.012015 -4.94087 -0.990883 0.00898537 -0.134428 109.375 
-0.136426 0.0126918 0.990569 75.3072 0.0121351 0.999864 -0.0111396 -4.96538 -0.990576 0.0105009 -0.136561 109.28 
-0.138184 0.0133863 0.990316 76.1038 0.0133222 0.999843 -0.0116562 -4.98554 -0.990317 0.0115825 -0.138341 109.181 
-0.140394 0.014632 0.989988 76.9095 0.0128377 0.999834 -0.0129569 -5.00644 -0.990013 0.0108901 -0.140558 109.084 
-0.141815 0.0183131 0.989724 77.7184 0.0144415 0.999761 -0.0164294 -5.02959 -0.989788 0.0119631 -0.142045 108.981 
-0.14236 0.0221559 0.989567 78.5282 0.0163814 0.999665 -0.0200253 -5.05699 -0.989679 0.0133597 -0.142675 108.878 
-0.143391 0.0260708 0.989323 79.3462 0.0175644 0.999563 -0.0237948 -5.08496 -0.98951 0.0139649 -0.143786 108.774 
-0.143144 0.0273095 0.989325 80.1773 0.0197887 0.999498 -0.0247271 -5.11272 -0.989504 0.0160379 -0.143612 108.669 
-0.14265 0.026628 0.989415 81.0151 0.0235819 0.999446 -0.023498 -5.14482 -0.989492 0.0199803 -0.143199 108.56 
-0.142536 0.024844 0.989478 81.8645 0.0240527 0.999477 -0.0216302 -5.17503 -0.989497 0.0207165 -0.143058 108.454 
-0.141961 0.0232703 0.989599 82.7102 0.0233996 0.999523 -0.0201469 -5.20444 -0.989596 0.0202961 -0.142437 108.352 
-0.140232 0.0207652 0.989901 83.5615 0.0225889 0.999587 -0.0177683 -5.23388 -0.989861 0.019869 -0.140644 108.252 
-0.138604 0.0176034 0.990192 84.4211 0.0230643 0.999628 -0.0145427 -5.26171 -0.990079 0.0208224 -0.138958 108.15 
-0.137061 0.0142962 0.990459 85.2781 0.0236917 0.999657 -0.0111505 -5.28695 -0.990279 0.0219374 -0.137353 108.048 
-0.135498 0.0141727 0.990676 86.1385 0.0220336 0.999694 -0.0112881 -5.31307 -0.990533 0.0202986 -0.135769 107.953 
-0.134015 0.0182473 0.990811 86.9793 0.0229589 0.999619 -0.0153041 -5.34186 -0.990713 0.020697 -0.134383 107.851 
-0.131966 0.02449 0.990952 87.8354 0.0237296 0.999486 -0.0215407 -5.3699 -0.99097 0.0206722 -0.132479 107.749 
-0.130624 0.0279438 0.991038 88.6896 0.0216479 0.999445 -0.0253275 -5.39944 -0.991196 0.0181455 -0.131156 107.656 
-0.129169 0.0254741 0.991295 89.5469 0.020238 0.99953 -0.0230486 -5.43264 -0.991416 0.0170847 -0.129624 107.56 
-0.127887 0.0228327 0.991526 90.4075 0.0205079 0.999582 -0.0203731 -5.46705 -0.991577 0.0177287 -0.128302 107.464 
-0.12721 0.0213169 0.991647 91.2821 0.0216247 0.999591 -0.0187136 -5.4973 -0.99164 0.0190635 -0.127619 107.367 
-0.126466 0.0209699 0.991749 92.1501 0.0204997 0.999618 -0.0185221 -5.52824 -0.991759 0.0179882 -0.126848 107.274 
-0.125759 0.0208262 0.991842 93.0142 0.0200648 0.999629 -0.0184456 -5.56148 -0.991858 0.0175814 -0.12613 107.177 
-0.124934 0.0190554 0.991982 93.8813 0.022641 0.99961 -0.0163504 -5.59091 -0.991907 0.0204168 -0.125317 107.079 
-0.123574 0.0183333 0.992166 94.7485 0.0252288 0.999564 -0.0153277 -5.62269 -0.992015 0.023137 -0.123982 106.979 
-0.122774 0.0196098 0.992241 95.6169 0.0273259 0.999493 -0.0163719 -5.65365 -0.992058 0.0251038 -0.123248 106.882 
-0.121691 0.0218144 0.992328 96.4858 0.0280847 0.999434 -0.0185265 -5.68194 -0.992171 0.0256147 -0.122234 106.784 
-0.12087 0.0232472 0.992396 97.3577 0.0253493 0.999472 -0.0203255 -5.71544 -0.992345 0.0226998 -0.121396 106.697 
-0.120125 0.0191281 0.992574 98.2212 0.0203859 0.999651 -0.0167972 -5.74405 -0.992549 0.0182168 -0.120474 106.613 
-0.119958 0.017005 0.992633 99.086 0.0159324 0.999758 -0.0152016 -5.77809 -0.992651 0.0139915 -0.1202 106.527 
-0.120948 0.0173593 0.992507 99.935 0.0125128 0.999794 -0.015962 -5.80967 -0.99258 0.0104884 -0.12114 106.442 
-0.12195 0.0219115 0.992294 100.781 0.0095385 0.999736 -0.0209036 -5.84279 -0.99249 0.00691581 -0.122126 106.356 
-0.12264 0.0243945 0.992151 101.621 0.00874399 0.999686 -0.0234989 -5.87404 -0.992413 0.00579346 -0.122815 106.268 
-0.122997 0.0248146 0.992097 102.457 0.00951625 0.999671 -0.0238242 -5.9088 -0.992361 0.00651072 -0.123193 106.177 
-0.123064 0.0242422 0.992103 103.288 0.0111132 0.999673 -0.0230486 -5.94527 -0.992337 0.00818896 -0.123293 106.083 
-0.123488 0.02501 0.992031 104.114 0.0124809 0.999642 -0.0236482 -5.97876 -0.992268 0.00946119 -0.123756 105.992 
-0.123796 0.0280194 0.991912 104.933 0.0138909 0.999552 -0.0265015 -6.01702 -0.99221 0.0104977 -0.12413 105.901 
-0.12421 0.0294718 0.991818 105.746 0.0136395 0.999515 -0.0279923 -6.05303 -0.992162 0.010051 -0.124552 105.812 
-0.125357 0.0298881 0.991661 106.559 0.0121361 0.999518 -0.0285907 -6.08752 -0.992038 0.00845082 -0.125659 105.729 
-0.127426 0.0287333 0.991432 107.367 0.0104817 0.999564 -0.0276217 -6.12614 -0.991793 0.00687211 -0.127672 105.64 
-0.130466 0.0299106 0.991002 108.167 0.0104133 0.999531 -0.0287971 -6.16495 -0.991398 0.00656259 -0.130717 105.549 
-0.133781 0.0324808 0.990478 108.96 0.00989355 0.999457 -0.0314388 -6.20468 -0.990962 0.00559342 -0.13403 105.458 
-0.137003 0.0338963 0.989991 109.748 0.0084394 0.999418 -0.0330511 -6.2411 -0.990535 0.00382683 -0.137209 105.365 
-0.140248 0.0340777 0.98953 110.532 0.00884691 0.999411 -0.033164 -6.27863 -0.990077 0.00410307 -0.140467 105.269 
-0.143077 0.0325873 0.989175 111.316 0.0101611 0.999454 -0.0314561 -6.31992 -0.989659 0.00555051 -0.14333 105.168 
-0.145513 0.0335636 0.988787 112.093 0.011739 0.999413 -0.0321967 -6.35885 -0.989287 0.00692235 -0.145821 105.064 
-0.147391 0.0380052 0.988348 112.865 0.00724479 0.999276 -0.037345 -6.40074 -0.989052 0.00165605 -0.14756 104.969 
-0.149097 0.0448517 0.987805 113.634 0.00479039 0.998992 -0.0446365 -6.4467 -0.988811 -0.0019232 -0.149161 104.872 
-0.151583 0.0478178 0.987287 114.399 0.00916707 0.998854 -0.0469705 -6.48718 -0.988402 0.00193059 -0.151848 104.761 
-0.154163 0.0460333 0.986973 115.169 0.0113492 0.998931 -0.0448183 -6.52838 -0.98798 0.00429201 -0.154521 104.647 
-0.157283 0.0381188 0.986818 115.947 0.00967647 0.999266 -0.0370573 -6.5777 -0.987506 0.00372041 -0.157537 104.54 
-0.159436 0.0359645 0.986553 116.717 0.00872681 0.999349 -0.0350206 -6.62412 -0.98717 0.00302593 -0.159645 104.431 
-0.160916 0.0388794 0.986202 117.477 0.00835668 0.999242 -0.0380299 -6.66526 -0.986933 0.00212176 -0.161119 104.317 
-0.163671 0.0423845 0.985604 118.23 0.00581903 0.999101 -0.0419986 -6.70526 -0.986498 -0.0011387 -0.163771 104.208 
-0.16609 0.0449455 0.985086 118.976 0.00529742 0.998987 -0.0446865 -6.74961 -0.986096 -0.00220357 -0.16616 104.096 
-0.167707 0.0490107 0.984618 119.718 0.00913685 0.998798 -0.0481603 -6.79989 -0.985795 0.000919487 -0.167953 103.974 
-0.169624 0.0535932 0.984051 120.463 0.00952027 0.998563 -0.0527425 -6.84558 -0.985463 0.000422028 -0.16989 103.861 
-0.172802 0.055964 0.983365 121.212 0.00873642 0.998432 -0.0552862 -6.89074 -0.984918 -0.000962496 -0.17302 103.752 
-0.175117 0.0536911 0.983083 121.961 0.00967283 0.998558 -0.0528132 -6.93884 -0.9845 0.00026069 -0.175384 103.634 
-0.178889 0.0502877 0.982583 122.703 0.0137709 0.998723 -0.0486065 -6.98833 -0.983773 0.00483592 -0.179353 103.505 
-0.184612 0.0487312 0.981603 123.443 0.0159593 0.998787 -0.0465827 -7.03817 -0.982682 0.00706598 -0.185166 103.376 
-0.190795 0.0475763 0.980476 124.176 0.0147257 0.998851 -0.0456023 -7.08385 -0.981519 0.0057375 -0.191277 103.248 
-0.199148 0.0478264 0.978802 124.905 0.0137071 0.998847 -0.0460169 -7.13157 -0.979874 0.00425233 -0.199574 103.112 
-0.209888 0.0481765 0.976538 125.628 0.0130955 0.998834 -0.0464618 -7.17831 -0.977638 0.00303648 -0.210274 102.97 
-0.221671 0.0490125 0.973889 126.341 0.0135608 0.998794 -0.0471792 -7.22449 -0.975027 0.00274846 -0.222068 102.815 
-0.234094 0.0498769 0.970934 127.056 0.0148376 0.99875 -0.0477285 -7.27001 -0.972101 0.00323336 -0.234541 102.65 
-0.245781 0.0499172 0.968039 127.765 0.0180391 0.998736 -0.04692 -7.31415 -0.969158 0.00593049 -0.24637 102.474 
-0.256612 0.0501451 0.965213 128.468 0.021353 0.998704 -0.0462081 -7.35779 -0.966279 0.00875262 -0.25735 102.286 
-0.266698 0.0500814 0.962478 129.171 0.0251217 0.998671 -0.0450035 -7.40133 -0.963453 0.0121768 -0.267601 102.095 
-0.275472 0.0505321 0.95998 129.876 0.0305712 0.998573 -0.043791 -7.44635 -0.960823 0.0172845 -0.276623 101.894 
-0.283056 0.0505729 0.957769 130.567 0.035762 0.998471 -0.0421531 -7.491 -0.958437 0.02232 -0.284432 101.69 
-0.289242 0.050715 0.955912 131.259 0.0361163 0.998463 -0.0420443 -7.53458 -0.956575 0.022363 -0.290629 101.489 
-0.293875 0.0489492 0.95459 131.944 0.0399432 0.998444 -0.0389012 -7.57286 -0.955009 0.0266973 -0.295373 101.283 
-0.295747 0.0462895 0.954144 132.632 0.045821 0.998363 -0.034232 -7.60943 -0.954167 0.0335959 -0.297384 101.069 
-0.296753 0.0449388 0.953896 133.309 0.0522131 0.998162 -0.0307808 -7.64672 -0.953526 0.0406716 -0.298554 100.857 
-0.297476 0.0433736 0.953744 133.982 0.0546689 0.998102 -0.0283394 -7.68502 -0.953163 0.0437098 -0.299283 100.652 
-0.297193 0.0486412 0.953578 134.644 0.056868 0.99783 -0.0331749 -7.72013 -0.953122 0.0443687 -0.299314 100.454 
-0.295735 0.0518564 0.953862 135.31 0.0569479 0.997707 -0.0365839 -7.75526 -0.953571 0.0435013 -0.29801 100.256 
-0.29484 0.051765 0.954143 135.971 0.0588825 0.997618 -0.0359283 -7.7891 -0.953731 0.0455892 -0.297186 100.059 
-0.293208 0.0502988 0.954725 136.63 0.0601524 0.997607 -0.0340845 -7.82392 -0.954155 0.0474351 -0.295532 99.8668 
-0.291168 0.0474628 0.955494 137.289 0.0624031 0.997584 -0.0305374 -7.86385 -0.954634 0.0507343 -0.293427 99.6708 
-0.29007 0.0480432 0.955799 137.933 0.0630677 0.997528 -0.0310007 -7.90185 -0.954925 0.0512877 -0.292382 99.4881 
-0.287491 0.0505003 0.956451 138.571 0.0643268 0.997372 -0.0333255 -7.93403 -0.955621 0.0519447 -0.289984 99.3046 
-0.283222 0.0518792 0.95765 139.207 0.06563 0.997244 -0.0346142 -7.96893 -0.956806 0.0530471 -0.285846 99.1256 
-0.277805 0.05108 0.959279 139.842 0.0668269 0.997194 -0.033746 -8.00294 -0.95831 0.0547308 -0.280438 98.9513 
-0.272408 0.049345 0.960916 140.474 0.0683221 0.997155 -0.0318375 -8.03889 -0.959753 0.056979 -0.275005 98.7822 
-0.26767 0.047319 0.962348 141.098 0.068131 0.997223 -0.0300837 -8.07314 -0.961099 0.0575132 -0.27015 98.6186 
-0.263754 0.0464876 0.963469 141.719 0.068114 0.997242 -0.0294706 -8.10694 -0.962182 0.0578528 -0.266193 98.4614 
-0.259858 0.0450894 0.964594 142.342 0.0688129 0.997234 -0.0280772 -8.13611 -0.963192 0.0590804 -0.262242 98.3053 
-0.256135 0.0437074 0.965652 142.957 0.0721052 0.997058 -0.0260033 -8.16501 -0.963948 0.0629682 -0.258533 98.1502 
-0.252491 0.0421089 0.966683 143.57 0.0737895 0.996981 -0.0241553 -8.19181 -0.964782 0.065232 -0.254836 97.9978 
-0.24909 0.0406429 0.967627 144.174 0.0720156 0.99713 -0.0233435 -8.22343 -0.965799 0.0638696 -0.251302 97.855 
-0.245529 0.0414391 0.968503 144.77 0.0691151 0.997292 -0.0251492 -8.2564 -0.966922 0.0607634 -0.247728 97.7204 
-0.241238 0.0450156 0.969421 145.363 0.0702349 0.997114 -0.0288237 -8.28235 -0.967921 0.0611338 -0.243703 97.59 
-0.235414 0.0482021 0.970699 145.945 0.0719389 0.996894 -0.0320562 -8.30882 -0.969229 0.0622846 -0.23815 97.4559 
-0.228815 0.049159 0.972228 146.532 0.0711291 0.996899 -0.0336661 -8.33787 -0.970868 0.0614504 -0.231602 97.3341 
