1 2.12261e-08 -2.11895e-08 0 2.12261e-08 1 2.10703e-08 0 -2.11895e-08 2.10703e-08 1 0 
0.999998 0.000718817 0.0017655 -0.0227441 -0.000717168 0.999999 -0.000910393 -0.0212593 -0.00176619 0.000909167 0.999998 1.21248 
0.999995 0.000882885 0.00297581 -0.0366368 -0.000881386 1 -0.000490856 -0.0414301 -0.00297629 0.000488273 0.999995 2.42899 
0.999992 0.000203266 0.00395575 -0.0513965 -0.000202553 1 -0.000169882 -0.0635289 -0.00395582 0.000169121 0.999992 3.63248 
0.99999 -0.000333416 0.00456039 -0.0653554 0.000333837 1 -8.21976e-05 -0.083918 -0.00456041 8.37612e-05 0.99999 4.83869 
0.999986 -0.000603635 0.0053107 -0.0764623 0.000603638 1 8.93659e-06 -0.105414 -0.00531075 -5.68868e-06 0.999986 6.05229 
0.999983 -0.0002555 0.00589049 -0.0876139 0.000261616 0.999999 -0.00103038 -0.126962 -0.00589027 0.00103195 0.999982 7.25654 
0.999979 -0.000655786 0.0064408 -0.0945017 0.000665325 0.999999 -0.00147241 -0.146321 -0.00643987 0.00147671 0.999978 8.47368 
0.999978 -0.0011717 0.0065383 -0.109843 0.00117213 0.999999 -5.48533e-05 -0.165268 -0.00653827 6.25579e-05 0.999979 9.69839 
0.999984 -0.00188147 0.00539828 -0.131237 0.00187723 0.999998 0.000798081 -0.183822 -0.00539981 -0.000787892 0.999985 10.9184 
0.999991 -0.0030495 0.00296452 -0.148898 0.0030489 0.999995 0.000223101 -0.202549 -0.00296523 -0.000214019 0.999996 12.1325 
0.999996 -0.00278562 0.000887339 -0.171336 0.00278591 0.999996 -0.000276012 -0.222531 -0.000886609 0.000278525 1 13.3394 
0.999997 -0.00241226 -0.000426284 -0.194806 0.00241211 0.999997 -0.000449398 -0.243479 0.000427324 0.000448411 1 14.5476 
0.999999 -0.00111611 -0.000937391 -0.227052 0.00111554 0.999999 -0.000654194 -0.265512 0.000938079 0.00065319 0.999999 15.7689 
0.999997 -0.0016097 -0.00158134 -0.251314 0.00160853 0.999998 -0.000763816 -0.284206 0.00158252 0.000761313 0.999999 16.9808 
0.999996 -0.00219382 -0.00205571 -0.279857 0.00219351 0.999998 -0.000172385 -0.308252 0.00205604 0.000167918 0.999998 18.2004 
0.999993 -0.0026816 -0.00249448 -0.307308 0.00268215 0.999996 0.000200664 -0.333781 0.00249389 -0.000207311 0.999997 19.4215 
0.999993 -0.00250569 -0.00289305 -0.340527 0.00250374 0.999997 -0.000692502 -0.355941 0.00289473 0.000685296 0.999996 20.6395 
0.999991 -0.00278906 -0.00335689 -0.371564 0.00278387 0.999995 -0.00156331 -0.376423 0.00336119 0.001554 0.999993 21.8446 
0.999989 -0.00217956 -0.00417961 -0.401145 0.00217533 0.999997 -0.00102685 -0.39802 0.00418179 0.00101779 0.999991 23.0495 
0.999985 -0.00233653 -0.00493223 -0.428654 0.00233101 0.999997 -0.00113273 -0.419089 0.00493481 0.00112125 0.999987 24.259 
0.99998 -0.0023484 -0.00585921 -0.457135 0.00233773 0.999996 -0.00183511 -0.441742 0.00586345 0.00182141 0.999981 25.4607 
0.999976 -0.00174734 -0.00672661 -0.486455 0.00173996 0.999998 -0.00110982 -0.463603 0.0067285 0.00109813 0.999977 26.6679 
0.999967 -0.00310695 -0.0075669 -0.510732 0.00311132 0.999995 0.000559891 -0.483049 0.00756508 -0.000583373 0.999971 27.8758 
0.999955 -0.00346063 -0.00879218 -0.530891 0.00346683 0.999994 0.000686132 -0.501708 0.00878971 -0.00071654 0.999961 29.1146 
0.999943 -0.0044162 -0.00967612 -0.561808 0.00441466 0.99999 -0.000185225 -0.523258 0.0096768 0.00014254 0.999953 30.3221 
0.99993 -0.00496582 -0.010707 -0.589439 0.00495303 0.999987 -0.00122528 -0.544891 0.0107129 0.0011722 0.999942 31.5441 
0.999926 -0.00438648 -0.0113826 -0.622633 0.00437334 0.99999 -0.0011827 -0.566669 0.0113876 0.00113288 0.999935 32.7537 
0.999917 -0.00506443 -0.0118431 -0.659942 0.00505704 0.999987 -0.000656823 -0.58604 0.0118462 0.00059692 0.99993 33.9698 
0.999908 -0.00533079 -0.0124892 -0.699733 0.00532667 0.999986 -0.000366162 -0.604734 0.0124909 0.000299645 0.999922 35.1803 
0.999897 -0.0059263 -0.0130598 -0.736113 0.00592064 0.999982 -0.000475629 -0.627537 0.0130623 0.0003983 0.999915 36.3916 
0.999884 -0.00653716 -0.0137661 -0.772937 0.00653192 0.999979 -0.000428477 -0.651516 0.0137685 0.000338551 0.999905 37.5909 
0.999875 -0.0076468 -0.0138743 -0.811175 0.00764943 0.999971 0.000133644 -0.672779 0.0138728 -0.000239716 0.999904 38.8035 
0.999876 -0.00758515 -0.0138371 -0.849922 0.00760671 0.99997 0.00150277 -0.697766 0.0138253 -0.0016078 0.999903 40.0217 
0.99988 -0.00714317 -0.0137159 -0.892808 0.00717533 0.999972 0.0022941 -0.716125 0.013699 -0.0023922 0.999903 41.2422 
0.999889 -0.00640151 -0.0134883 -0.936724 0.00642662 0.999978 0.001816 -0.734904 0.0134764 -0.00190244 0.999907 42.4654 
0.9999 -0.00542362 -0.0130354 -0.980807 0.00544674 0.999984 0.00173553 -0.752432 0.0130258 -0.00180631 0.999914 43.6838 
0.999919 -0.00285904 -0.012397 -1.02051 0.00290307 0.99999 0.00353184 -0.771868 0.0123868 -0.0035675 0.999917 44.9086 
0.999936 -0.00315495 -0.0108347 -1.05659 0.00322795 0.999972 0.00672242 -0.791942 0.0108131 -0.00675693 0.999919 46.1199 
0.999954 -0.00286408 -0.00916225 -1.08806 0.00295074 0.999951 0.00945534 -0.805285 0.00913467 -0.00948189 0.999913 47.3447 
0.99997 -0.00231998 -0.00745623 -1.11993 0.00241535 0.999915 0.0128007 -0.812543 0.00742586 -0.0128183 0.99989 48.5694 
0.999976 -0.00346216 -0.00608036 -1.15116 0.00354741 0.999895 0.0140584 -0.819225 0.00603101 -0.0140796 0.999883 49.7797 
0.999973 -0.00575972 -0.00466124 -1.17422 0.00581811 0.999904 0.0126013 -0.825502 0.00458817 -0.012628 0.99991 50.9942 
0.999981 -0.0049345 -0.00369755 -1.1986 0.00497466 0.999928 0.0109211 -0.831603 0.00364335 -0.0109393 0.999934 52.2079 
0.999986 -0.0043647 -0.00284999 -1.22479 0.00439385 0.999937 0.0102895 -0.835712 0.00280486 -0.0103019 0.999943 53.4209 
0.999984 -0.00485768 -0.00284827 -1.24873 0.00488561 0.999939 0.00986596 -0.845626 0.00280013 -0.00987968 0.999947 54.6309 
0.999977 -0.00561157 -0.00373135 -1.27165 0.00564436 0.999945 0.0088243 -0.854372 0.00368158 -0.00884511 0.999954 55.8547 
0.999972 -0.00540703 -0.00509383 -1.30429 0.00545367 0.999943 0.00917868 -0.863431 0.00504387 -0.00920616 0.999945 57.08 
0.999966 -0.00544285 -0.0062479 -1.33875 0.0055076 0.999931 0.0103871 -0.871636 0.00619089 -0.0104211 0.999927 58.2997 
0.999956 -0.00581533 -0.00730616 -1.36855 0.00589354 0.999925 0.0107226 -0.882709 0.00724321 -0.0107652 0.999916 59.5183 
0.999956 -0.00488762 -0.00798636 -1.40515 0.00497104 0.999933 0.0104543 -0.893291 0.00793469 -0.0104935 0.999914 60.7244 
0.999954 -0.0045057 -0.00842225 -1.4396 0.00459259 0.999936 0.0103208 -0.901996 0.00837517 -0.0103589 0.999911 61.9444 
0.99995 -0.00516175 -0.00855782 -1.47188 0.00524646 0.999937 0.00990086 -0.91429 0.00850613 -0.00994522 0.999914 63.1637 
0.999942 -0.00637248 -0.00867003 -1.4966 0.00644897 0.99994 0.00881806 -0.92353 0.00861327 -0.00887342 0.999924 64.3945 
0.999937 -0.00666225 -0.00901916 -1.53122 0.00675377 0.999926 0.0101504 -0.936121 0.00895082 -0.0102106 0.999908 65.5976 
0.999934 -0.00690124 -0.00917226 -1.56697 0.0070102 0.999905 0.0118968 -0.94896 0.00908924 -0.0119603 0.999887 66.8014 
0.999937 -0.00646749 -0.00915252 -1.60127 0.00656116 0.999926 0.0102369 -0.959909 0.00908559 -0.0102963 0.999906 68.0123 
0.999951 -0.0044707 -0.00878153 -1.6406 0.0045494 0.99995 0.00895762 -0.966735 0.008741 -0.0089971 0.999921 69.2287 
0.999962 -0.00233776 -0.00840859 -1.68361 0.00241534 0.999955 0.00922374 -0.976435 0.0083866 -0.00924365 0.999922 70.4282 
0.999968 -0.000492008 -0.00797858 -1.72149 0.000567789 0.999955 0.00949336 -0.987676 0.00797351 -0.00949754 0.999923 71.629 
0.99997 0.00105039 -0.00764025 -1.75902 -0.000973752 0.999949 0.0100215 -0.999037 0.00765034 -0.0100138 0.999921 72.8292 
0.999978 0.00146524 -0.00649556 -1.78966 -0.00139296 0.999937 0.0111108 -1.01079 0.00651139 -0.0111015 0.999917 74.0223 
0.999984 0.00322994 -0.00472992 -1.81513 -0.00317421 0.999926 0.0117348 -1.01781 0.00476743 -0.0117196 0.99992 75.2164 
0.999996 0.00189823 -0.00192602 -1.84234 -0.0018796 0.999952 0.00960882 -1.02831 0.00194412 -0.00960513 0.999952 76.4122 
0.999999 -0.000966156 0.000717666 -1.85994 0.000962853 0.999989 0.00464692 -1.03999 -0.00072219 -0.00464619 0.999989 77.5938 
0.999995 0.000199068 0.0032626 -1.87798 -0.000212412 0.999992 0.00410321 -1.0533 -0.0032618 -0.00410384 0.999986 78.7711 
0.999981 -0.000586466 0.00613282 -1.89227 0.000539115 0.99997 0.00772671 -1.06916 -0.00613721 -0.00772321 0.999951 79.9527 
0.999956 2.42993e-05 0.00940033 -1.9021 -0.000110038 0.999958 0.00912494 -1.08257 -0.00939976 -0.00912553 0.999914 81.1306 
0.999905 0.000377174 0.0137879 -1.91412 -0.000478161 0.999973 0.00732486 -1.09269 -0.0137848 -0.00733072 0.999878 82.3001 
0.999843 -0.000187072 0.0176984 -1.92187 0.000108814 0.99999 0.00442502 -1.11293 -0.0176991 -0.00442236 0.999834 83.4714 
0.999769 -0.00149208 0.0214642 -1.92894 0.00146922 0.999998 0.00108266 -1.13571 -0.0214658 -0.00105083 0.999769 84.6657 
0.999695 -0.00190738 0.0246198 -1.91354 0.00190609 0.999998 7.75598e-05 -1.15513 -0.0246199 -3.05671e-05 0.999697 85.8366 
0.999586 -0.00187421 0.0287089 -1.9109 0.00182438 0.999997 0.00176322 -1.17107 -0.0287122 -0.00171007 0.999586 87.0157 
0.999476 -0.000571587 0.032355 -1.89172 0.000496139 0.999997 0.00234119 -1.19258 -0.0323563 -0.00232386 0.999474 88.1817 
0.999332 -0.00117422 0.0365179 -1.87599 0.00116314 0.999999 0.000325839 -1.2134 -0.0365183 -0.000283104 0.999333 89.3474 
0.999201 -0.00144098 0.0399473 -1.85365 0.00151556 0.999997 -0.0018356 -1.23764 -0.0399446 0.00189471 0.9992 90.5005 
0.999072 -0.00131047 0.0430638 -1.82478 0.00140165 0.999997 -0.00208622 -1.2612 -0.043061 0.00214469 0.99907 91.6558 
0.998948 -0.00275981 0.0457648 -1.78788 0.00279809 0.999996 -0.000771464 -1.28379 -0.0457625 0.000898748 0.998952 92.8231 
0.998825 -0.00340968 0.0483529 -1.74693 0.00338089 0.999994 0.000678031 -1.3023 -0.048355 -0.000513717 0.99883 93.9968 
0.998684 -0.00388469 0.0511311 -1.71104 0.0037646 0.99999 0.00244557 -1.3206 -0.0511401 -0.00224982 0.998689 95.1578 
0.998544 -0.00550228 0.0536539 -1.67161 0.00532104 0.99998 0.00352087 -1.33761 -0.0536723 -0.0032302 0.998553 96.3523 
0.998414 -0.00666682 0.055907 -1.62201 0.00660777 0.999977 0.00124176 -1.35665 -0.0559141 -0.00087033 0.998435 97.5292 
0.998295 -0.00803434 0.0578216 -1.55509 0.00818923 0.999964 -0.00244139 -1.3707 -0.0578 0.00291078 0.998324 98.7203 
0.998191 -0.00737476 0.0596688 -1.5008 0.0077086 0.999956 -0.00536589 -1.39055 -0.0596267 0.00581619 0.998204 99.9066 
0.998088 -0.007286 0.0613834 -1.45229 0.00768315 0.999951 -0.00623574 -1.41414 -0.061335 0.00669547 0.998095 101.099 
0.998078 -0.00703752 0.0615644 -1.38915 0.00740579 0.999956 -0.00575487 -1.4348 -0.0615213 0.00619978 0.998087 102.315 
0.998122 -0.00708076 0.0608424 -1.33447 0.00732999 0.999966 -0.00387348 -1.46035 -0.0608129 0.00431222 0.99814 103.526 
0.998187 -0.00773329 0.0596927 -1.29045 0.00789537 0.999966 -0.00247904 -1.48264 -0.0596716 0.00294588 0.998214 104.741 
0.998304 -0.00743173 0.0577424 -1.23906 0.00753671 0.99997 -0.00159969 -1.50271 -0.0577288 0.00203221 0.99833 105.948 
0.998456 -0.00723362 0.0550693 -1.18566 0.00731055 0.999973 -0.00119479 -1.52243 -0.0550591 0.00159557 0.998482 107.176 
0.998628 -0.00686118 0.0519088 -1.13946 0.00693185 0.999975 -0.00118067 -1.5455 -0.0518994 0.00153891 0.998651 108.394 
0.998804 -0.0054536 0.0485838 -1.12895 0.00553925 0.999983 -0.00162761 -1.56851 -0.0485742 0.00189483 0.998818 109.652 
0.998994 -0.00541387 0.0445255 -1.09074 0.00547419 0.999984 -0.00123181 -1.58867 -0.0445181 0.00147435 0.999008 110.889 
0.999172 -0.00477619 0.0404153 -1.05752 0.0047918 0.999989 -0.000288387 -1.60754 -0.0404135 0.000481852 0.999183 112.129 
0.999328 -0.00429417 0.0364115 -1.04343 0.00427639 0.999991 0.000567276 -1.62859 -0.0364136 -0.000411143 0.999337 113.371 
0.999469 -0.00441955 0.032279 -1.03233 0.0043847 0.99999 0.00115169 -1.65021 -0.0322838 -0.0010095 0.999478 114.624 
0.999615 -0.00378605 0.0274824 -1.02081 0.00375287 0.999992 0.00126018 -1.67129 -0.027487 -0.00115652 0.999622 115.868 
0.999744 -0.00287343 0.0224321 -1.00382 0.00285136 0.999995 0.00101767 -1.68478 -0.0224349 -0.000953403 0.999748 117.115 
0.999843 -0.00242014 0.0175636 -1.00253 0.00240953 0.999997 0.000627657 -1.70306 -0.0175651 -0.000585196 0.999846 118.356 
0.999918 -0.00131887 0.0127707 -0.998854 0.00131969 0.999999 -5.20353e-05 -1.71851 -0.0127707 6.89263e-05 0.999918 119.624 
0.999955 0.000489243 0.00943033 -1.01541 -0.000487797 1 -0.00015112 -1.73993 -0.00943045 0.000146555 0.999956 120.86 
0.99997 0.00252937 0.00734632 -1.03818 -0.0025293 0.999997 -1.36036e-05 -1.76034 -0.00734637 -4.93586e-06 0.999973 122.107 
0.999971 0.00391176 0.00649052 -1.05794 -0.00390891 0.999992 -0.000444725 -1.77842 -0.00649225 0.000419383 0.999979 123.361 
0.999967 0.0061007 0.00545192 -1.07602 -0.00609869 0.999981 -0.000377851 -1.79589 -0.00545417 0.00034463 0.999985 124.614 
0.999963 0.00731572 0.00459234 -1.10001 -0.00731767 0.999973 0.000416689 -1.81466 -0.00458921 -0.000450237 0.999989 125.887 
0.999968 0.00694566 0.00395842 -1.11663 -0.00694955 0.999975 0.000981966 -1.83811 -0.00395154 -0.0010094 0.999992 127.143 
0.999937 0.0107902 0.0031577 -1.14694 -0.0107996 0.999937 0.00298698 -1.85572 -0.00312531 -0.00302086 0.999991 128.407 
0.999926 0.0118863 0.00262222 -1.17249 -0.0119023 0.99991 0.0062185 -1.87276 -0.00254811 -0.00624921 0.999977 129.687 
0.999943 0.0104787 0.00191257 -1.19181 -0.0104895 0.999929 0.00572324 -1.88521 -0.00185251 -0.00574294 0.999982 130.961 
0.999945 0.0103357 0.00151315 -1.22011 -0.0103418 0.999938 0.00410512 -1.89546 -0.00147067 -0.0041205 0.99999 132.253 
0.99997 0.00767184 0.00085022 -1.24487 -0.00767613 0.999957 0.00520596 -1.9117 -0.000810286 -0.00521229 0.999986 133.539 
0.999984 0.00563274 -0.000183184 -1.26705 -0.00563124 0.999958 0.0071788 -1.92522 0.00022357 -0.00717761 0.999974 134.822 
0.999998 0.00198622 -0.000551659 -1.28626 -0.0019811 0.999957 0.0090503 -1.93696 0.000569569 -0.00904914 0.999959 136.109 
0.999999 -3.81699e-05 -0.00108165 -1.30781 4.92184e-05 0.999948 0.0101773 -1.95037 0.00108116 -0.0101773 0.999948 137.385 
0.999991 -0.00409522 -0.000879648 -1.32579 0.00410249 0.999957 0.00838168 -1.96032 0.000845243 -0.00838517 0.999965 138.659 
0.999976 -0.00684353 -0.000748738 -1.34648 0.00684892 0.999949 0.007383 -1.97031 0.000698132 -0.00738791 0.999973 139.934 
0.999967 -0.00816192 -0.000467878 -1.36926 0.00816517 0.99994 0.00732708 -1.98476 0.000408004 -0.00733062 0.999973 141.213 
0.999965 -0.00837511 -0.000139584 -1.39087 0.00837598 0.999935 0.00772686 -1.99943 7.48188e-05 -0.00772771 0.99997 142.492 
0.999971 -0.00759049 0.000493301 -1.41503 0.00758547 0.999926 0.00956378 -2.00768 -0.000565901 -0.00955972 0.999954 143.776 
0.999985 -0.00531617 0.00122748 -1.43734 0.00530225 0.999924 0.0111122 -2.01874 -0.00128651 -0.0111055 0.999938 145.057 
0.999983 -0.0054933 0.0018401 -1.46084 0.0054757 0.99994 0.00946182 -2.03129 -0.00189201 -0.00945155 0.999954 146.346 
0.999986 -0.0048421 0.00234813 -1.48251 0.00482416 0.99996 0.00760182 -2.04321 -0.00238489 -0.00759034 0.999968 147.645 
0.999984 -0.00502169 0.00271575 -1.49959 0.00500751 0.999974 0.00521888 -2.05885 -0.00274193 -0.00520515 0.999983 148.934 
0.999977 -0.00617627 0.00296026 -1.51624 0.00617271 0.99998 0.00122627 -2.07894 -0.00296782 -0.00120793 0.999995 150.219 
0.999974 -0.00629518 0.00351078 -1.53905 0.00630299 0.999978 -0.00220546 -2.10249 -0.00349686 0.00222757 0.999991 151.505 
0.999972 -0.00651797 0.00374719 -1.55937 0.00652939 0.999974 -0.00303268 -2.13025 -0.00372737 0.00305711 0.999988 152.792 
0.999971 -0.00660084 0.00377567 -1.57862 0.00661106 0.999975 -0.00268991 -2.15837 -0.00375786 0.00271483 0.999989 154.074 
0.999976 -0.00592028 0.00371119 -1.60198 0.00592828 0.99998 -0.0021367 -2.18523 -0.00369851 0.00215869 0.999991 155.348 
0.999981 -0.00511645 0.0035607 -1.62137 0.0051203 0.999986 -0.00105999 -2.21174 -0.00355527 0.00107824 0.999993 156.627 
0.999984 -0.00472419 0.00310992 -1.63658 0.00472609 0.999989 -0.000589268 -2.23469 -0.00310715 0.000603999 0.999995 157.938 
0.999987 -0.00442056 0.0024789 -1.65355 0.00442296 0.99999 -0.00094556 -2.25799 -0.00247473 0.000956554 0.999997 159.216 
0.999991 -0.00393437 0.00181189 -1.67822 0.00393548 0.999992 -0.000584684 -2.28321 -0.00180962 0.000591851 0.999998 160.505 
0.99999 -0.00429369 0.00126649 -1.6994 0.00429293 0.999991 0.000633423 -2.30662 -0.00126924 -0.000627938 0.999999 161.783 
0.999994 -0.00346346 0.00057204 -1.72248 0.00346298 0.999994 0.000914085 -2.32765 -0.000575245 -0.000912056 0.999999 163.065 
0.999996 -0.00279123 0.000103562 -1.74822 0.00279126 0.999996 0.000110087 -2.35277 -0.000103911 -0.000109755 1 164.357 
0.999997 -0.00235737 -0.000555964 -1.77566 0.00235676 0.999997 -0.0011679 -2.37449 0.000558673 0.00116662 0.999999 165.63 
0.999998 -0.00173279 -0.00138508 -1.80002 0.0017312 0.999998 -0.00117857 -2.39861 0.00138708 0.00117621 0.999998 166.906 
0.999996 -0.00197598 -0.00218096 -1.82352 0.00197124 0.999996 -0.00219444 -2.42081 0.00218525 0.00219017 0.999995 168.192 
0.999995 -0.00135311 -0.00291776 -1.85353 0.00134367 0.999994 -0.0032478 -2.44581 0.00292209 0.00324391 0.999991 169.468 
0.999992 -0.00128353 -0.00368973 -1.88232 0.0012725 0.999995 -0.00300257 -2.47172 0.00369352 0.00299789 0.999989 170.755 
0.99999 -0.00085089 -0.00429768 -1.91383 0.000843945 0.999998 -0.00162755 -2.49742 0.00429901 0.00162395 0.999989 172.039 
0.999987 -0.00102555 -0.0050138 -1.94615 0.00101922 0.999999 -0.00127319 -2.52287 0.00501505 0.0012681 0.999987 173.32 
0.999983 -0.00055953 -0.00587064 -1.97531 0.00055428 0.999999 -0.000903079 -2.54715 0.0058711 0.000899851 0.999982 174.607 
0.999979 -0.000245228 -0.00647811 -2.01126 0.000240382 1 -0.000755434 -2.56752 0.00647826 0.000753903 0.999979 175.891 
0.999975 5.61605e-06 -0.00703332 -2.04492 -1.5838e-05 0.999999 -0.00145932 -2.59556 0.00703326 0.00145944 0.999974 177.169 
0.999969 0.000799873 -0.0078325 -2.07746 -0.000813286 0.999998 -0.00171478 -2.6257 0.00783107 0.00172113 0.999968 178.442 
0.999966 0.000775541 -0.00817219 -2.1143 -0.000786569 0.999999 -0.00135144 -2.6512 0.00817109 0.00135786 0.999966 179.72 
0.999965 0.000776106 -0.00836942 -2.14933 -0.000795993 0.999997 -0.00237812 -2.67816 0.0083675 0.00238475 0.999962 181.001 
0.999964 -0.000695213 -0.0084076 -2.18293 0.00066166 0.999992 -0.00399788 -2.70293 0.00841027 0.00399221 0.999957 182.274 
0.999953 -0.00388924 -0.00883075 -2.20973 0.0038557 0.999985 -0.00381695 -2.72924 0.00884543 0.00378276 0.999954 183.552 
0.999951 -0.00357422 -0.00918701 -2.24383 0.00357423 0.999994 -2.06686e-05 -2.75543 0.00918698 -1.21264e-05 0.999958 184.828 
0.999944 -0.0047777 -0.00942558 -2.27245 0.0048196 0.999979 0.00442323 -2.77848 0.0094042 -0.00446836 0.999946 186.101 
0.999951 -0.00327212 -0.00938594 -2.30527 0.00330656 0.999988 0.00365165 -2.79654 0.00937384 -0.00368246 0.999949 187.364 
0.999955 -0.00222743 -0.00922158 -2.34136 0.00223186 0.999997 0.00046547 -2.81776 0.00922047 -0.000485988 0.999957 188.611 
0.999953 -0.00205347 -0.00952633 -2.37898 0.00204011 0.999997 -0.00141651 -2.83914 0.00952917 0.00139705 0.999954 189.857 
0.999951 -0.00219644 -0.00969529 -2.41022 0.00218491 0.999997 -0.00120356 -2.86283 0.00969786 0.00118236 0.999952 191.117 
0.999953 -0.00241433 -0.00936636 -2.45028 0.00241579 0.999997 0.000139415 -2.88767 0.00936595 -0.000161993 0.999956 192.375 
0.999956 -0.00232379 -0.00904478 -2.48436 0.00234469 0.999995 0.00229576 -2.91443 0.00903936 -0.00231682 0.999957 193.645 
0.999961 -0.00309954 -0.00826024 -2.51586 0.00312635 0.99999 0.00322869 -2.93843 0.00825011 -0.00325435 0.999961 194.909 
0.999973 -0.00294847 -0.00667571 -2.54982 0.00296597 0.999992 0.00260657 -2.95897 0.00666793 -0.00262625 0.999974 196.155 
0.999978 -0.00420097 -0.00519153 -2.57821 0.00420678 0.999991 0.00109898 -2.97967 0.00518682 -0.00112075 0.999986 197.394 
0.999981 -0.00452417 -0.0041144 -2.60139 0.00452307 0.99999 -0.000287054 -3.00423 0.00411561 0.000268481 0.999992 198.637 
0.999983 -0.00517144 -0.00268775 -2.62545 0.00516946 0.999986 -0.000756847 -3.02837 0.00269159 0.000742983 0.999996 199.865 
0.999987 -0.00494702 -0.00101706 -2.66638 0.00494698 0.999988 -8.45987e-05 -3.05026 0.00101742 7.96085e-05 1 201.118 
0.999986 -0.0052444 0.000745642 -2.70358 0.0052429 0.999984 0.00205481 -3.08307 -0.000756449 -0.00205083 0.999998 202.367 
0.99999 -0.00415937 0.00170125 -2.72144 0.00415523 0.999988 0.00245498 -3.10556 -0.00171148 -0.00244785 0.999996 203.594 
0.999985 -0.00462653 0.00286139 -2.74094 0.00461941 0.999986 0.00250253 -3.12873 -0.00287297 -0.00248923 0.999993 204.818 
0.999984 -0.00421196 0.00381812 -2.75869 0.00420224 0.999988 0.00256078 -3.14684 -0.00382891 -0.00254465 0.999989 206.039 
0.999979 -0.00437107 0.0048932 -2.7731 0.00435715 0.999986 0.00286013 -3.16785 -0.00490567 -0.0028387 0.999984 207.251 
0.999975 -0.00395897 0.00581234 -2.79134 0.00394359 0.999989 0.00266306 -3.18692 -0.00582286 -0.00264003 0.99998 208.469 
0.99997 -0.00412288 0.00658664 -2.80575 0.00410423 0.999988 0.00284922 -3.21121 -0.00659835 -0.00282206 0.999974 209.662 
0.999961 -0.0051565 0.00713995 -2.82075 0.0051359 0.999983 0.00290578 -3.2327 -0.00715486 -0.00286896 0.99997 210.852 
0.999959 -0.00548417 0.00721546 -2.83023 0.0054577 0.999978 0.0036891 -3.25185 -0.00723557 -0.00364953 0.999967 212.019 
0.99996 -0.00601724 0.00664123 -2.83521 0.00598618 0.999971 0.00469306 -3.27096 -0.00666932 -0.00465307 0.999967 213.163 
0.999965 -0.00578783 0.00604772 -2.84663 0.00575954 0.999972 0.00469156 -3.2933 -0.00607475 -0.00465652 0.999971 214.29 
0.999969 -0.00538865 0.00573849 -2.86003 0.00536626 0.999978 0.00391768 -3.31374 -0.00575951 -0.00388673 0.999976 215.408 
0.999972 -0.00539318 0.00520959 -2.87539 0.00537703 0.999981 0.00311744 -3.33272 -0.00522635 -0.00308929 0.999982 216.502 
0.999974 -0.00549278 0.00460648 -2.89146 0.00547933 0.999981 0.00293652 -3.35294 -0.00462256 -0.00291116 0.999985 217.581 
0.999978 -0.00588227 0.00307286 -2.90523 0.00587252 0.999978 0.00318825 -3.37623 -0.00309159 -0.00317009 0.99999 218.65 
0.999978 -0.00652193 0.0010715 -2.91069 0.00651784 0.999971 0.00382163 -3.39282 -0.00109644 -0.00381452 0.999992 219.722 
0.99997 -0.00769007 -0.00130193 -2.92156 0.00769714 0.999955 0.00548665 -3.41067 0.00125963 -0.00549646 0.999984 220.783 
0.999966 -0.00736399 -0.00366894 -2.941 0.00739002 0.999947 0.007122 -3.42755 0.00361626 -0.00714883 0.999968 221.828 
0.999954 -0.00718457 -0.00629693 -2.95841 0.00723012 0.999948 0.00723369 -3.44672 0.00624459 -0.00727884 0.999954 222.863 
0.999936 -0.00703579 -0.00882383 -2.98531 0.00709672 0.999951 0.00688888 -3.46406 0.00877489 -0.00695102 0.999937 223.877 
0.999904 -0.00696247 -0.0119452 -3.00592 0.00704802 0.99995 0.00713128 -3.48061 0.0118949 -0.00721475 0.999903 224.87 
0.999868 -0.00645726 -0.0149071 -3.03623 0.00657136 0.999949 0.00761483 -3.49568 0.0148572 -0.00771175 0.99986 225.829 
0.999823 -0.00598063 -0.0178294 -3.07005 0.00611497 0.999953 0.00748693 -3.51326 0.0177838 -0.00759459 0.999813 226.763 
0.999747 -0.00655818 -0.0215069 -3.09715 0.00670986 0.999953 0.00698606 -3.52996 0.02146 -0.00712856 0.999744 227.676 
0.999665 -0.00655194 -0.0250444 -3.13261 0.00671666 0.999956 0.00649694 -3.54624 0.0250007 -0.00666293 0.999665 228.559 
0.999571 -0.00551733 -0.0287726 -3.16084 0.00570124 0.999964 0.00631259 -3.5623 0.0287367 -0.00647388 0.999566 229.437 
0.999479 -0.00524965 -0.0318416 -3.20068 0.00543467 0.999969 0.00572557 -3.57813 0.0318105 -0.00589559 0.999477 230.287 
0.999406 -0.00353781 -0.0342735 -3.24306 0.0037352 0.999977 0.0056956 -3.5928 0.0342525 -0.00582019 0.999396 231.126 
0.999375 -0.00299262 -0.0352285 -3.28284 0.00321344 0.999976 0.00621223 -3.60798 0.035209 -0.00632151 0.99936 231.935 
0.999383 -0.00287233 -0.035009 -3.32289 0.00312879 0.999969 0.00727164 -3.62099 0.034987 -0.00737665 0.999361 232.723 
0.999397 -0.00276744 -0.0346162 -3.35858 0.00305169 0.999962 0.00815998 -3.63479 0.0345923 -0.00826066 0.999367 233.499 
0.99941 -0.00272874 -0.0342401 -3.39785 0.00299521 0.999966 0.00773233 -3.64719 0.0342178 -0.00783028 0.999384 234.247 
0.999422 -0.00234579 -0.033916 -3.43664 0.00254525 0.99998 0.00583773 -3.65891 0.0339016 -0.00592064 0.999408 234.983 
0.999454 -0.00235214 -0.0329683 -3.47419 0.0024772 0.99999 0.00375173 -3.67078 0.0329591 -0.0038313 0.999449 235.712 
0.999495 -0.0021957 -0.0317158 -3.51168 0.00227484 0.999994 0.00245823 -3.68327 0.0317102 -0.0025291 0.999494 236.439 
0.999535 -0.00152455 -0.0304656 -3.54537 0.00158551 0.999997 0.00197579 -3.6951 0.0304625 -0.00202314 0.999534 237.171 
0.999584 -0.00195439 -0.0287791 -3.57502 0.00200741 0.999996 0.00181181 -3.70586 0.0287754 -0.00186879 0.999584 237.898 
0.999636 -0.00206106 -0.0269084 -3.60612 0.00211009 0.999996 0.00179211 -3.71711 0.0269046 -0.0018482 0.999636 238.621 
0.999692 -0.00203876 -0.0247287 -3.64319 0.00208164 0.999996 0.00170677 -3.73144 0.024725 -0.00175768 0.999693 239.351 
0.999744 -0.0023256 -0.022502 -3.67483 0.00235848 0.999996 0.00143282 -3.74396 0.0224985 -0.00148548 0.999746 240.072 
0.999805 -0.00215568 -0.0196306 -3.69774 0.0021913 0.999996 0.00179084 -3.75458 0.0196266 -0.00183346 0.999806 240.805 
0.999859 -0.00324508 -0.0164828 -3.71844 0.0032863 0.999992 0.00247156 -3.76558 0.0164746 -0.00252533 0.999861 241.526 
0.999897 -0.00426793 -0.0136826 -3.73372 0.00430715 0.999987 0.00283494 -3.77714 0.0136703 -0.00289354 0.999902 242.244 
0.999936 -0.00441518 -0.0103773 -3.75744 0.00444541 0.999986 0.00288786 -3.78941 0.0103643 -0.00293377 0.999942 242.957 
0.999961 -0.00474429 -0.00739351 -3.77195 0.00476373 0.999985 0.00260907 -3.80116 0.00738098 -0.00264415 0.999969 243.654 
0.999977 -0.00500634 -0.00450095 -3.78473 0.00501761 0.999984 0.00248735 -3.81267 0.00448838 -0.00250984 0.999987 244.346 
0.999991 -0.00399497 -0.00132396 -3.80044 0.00399709 0.999991 0.00157496 -3.82226 0.00131761 -0.00158019 0.999998 245.04 
0.999991 -0.00389549 0.00179433 -3.81199 0.0038937 0.999992 0.00102175 -3.83384 -0.00179833 -0.00101471 0.999998 245.738 
0.999982 -0.0037156 0.00466928 -3.81689 0.00370605 0.999991 0.00206083 -3.84538 -0.00467694 -0.00204345 0.999987 246.456 
0.999968 -0.00328546 0.00729749 -3.82088 0.00326652 0.999991 0.00261178 -3.85547 -0.00730605 -0.00258782 0.99997 247.17 
0.999946 -0.00333138 0.00984112 -3.82605 0.00330702 0.999991 0.0024944 -3.86669 -0.00984939 -0.00246168 0.999949 247.874 
0.999918 -0.00339421 0.0123126 -3.83032 0.00338245 0.999994 0.000978482 -3.87837 -0.0123158 -0.000936714 0.999924 248.582 
0.999898 -0.00317318 0.0139592 -3.83041 0.00319297 0.999994 -0.00139244 -3.889 -0.0139547 0.00143691 0.999902 249.293 
0.999878 -0.00447794 0.0149931 -3.82973 0.00452257 0.999985 -0.00294114 -3.90048 -0.0149798 0.00300863 0.999883 250.008 
0.999876 -0.00423249 0.0151421 -3.82987 0.00428376 0.999985 -0.00335236 -3.91243 -0.0151277 0.00341685 0.99988 250.729 
0.999869 -0.00523506 0.0153197 -3.82955 0.00529436 0.999979 -0.00383024 -3.9268 -0.0152993 0.00391089 0.999875 251.453 
0.99987 -0.00402368 0.0155911 -3.83081 0.00408896 0.999983 -0.00415412 -3.94019 -0.0155741 0.00421738 0.99987 252.19 
0.999865 -0.00331677 0.0160931 -3.83466 0.0033936 0.999983 -0.00474664 -3.95141 -0.0160771 0.00480065 0.999859 252.932 
0.999851 -0.00443796 0.0166625 -3.84502 0.00455176 0.999967 -0.00679518 -3.95993 -0.0166319 0.00687006 0.999838 253.694 
0.999817 -0.00818592 0.0172792 -3.84786 0.00834094 0.999926 -0.00891633 -3.97474 -0.017205 0.00905887 0.999811 254.46 
0.999767 -0.011503 0.0182445 -3.8477 0.0116818 0.999885 -0.0097184 -3.9893 -0.0181307 0.00992931 0.999786 255.231 
0.999781 -0.0090645 0.0188862 -3.8504 0.00917791 0.99994 -0.00592442 -4.00189 -0.0188314 0.0060965 0.999804 256.006 
0.999796 -0.00529734 0.0194881 -3.85675 0.00529386 0.999986 0.000232273 -4.01911 -0.0194891 -0.000129016 0.99981 256.801 
0.999773 -0.00587834 0.0204615 -3.8555 0.00580113 0.999976 0.00383296 -4.03514 -0.0204836 -0.00371335 0.999783 257.596 
0.999715 -0.00680329 0.0228634 -3.84658 0.00676339 0.999976 0.00182381 -4.04798 -0.0228753 -0.00166861 0.999737 258.39 
0.999613 -0.00558071 0.0272535 -3.84206 0.00570177 0.999974 -0.00436485 -4.05751 -0.0272285 0.00451859 0.999619 259.187 
0.999513 -0.00341416 0.031011 -3.83497 0.00366435 0.999961 -0.00801321 -4.0679 -0.0309825 0.00812299 0.999487 259.995 
0.999411 -0.00188616 0.0342623 -3.82266 0.00215329 0.999968 -0.00776007 -4.08474 -0.0342466 0.00782932 0.999383 260.817 
0.999283 -0.00387052 0.0376599 -3.80607 0.00407675 0.999977 -0.00539986 -4.10291 -0.0376382 0.00554956 0.999276 261.652 
0.999145 -0.00679966 0.0407849 -3.78312 0.00689689 0.999974 -0.00224266 -4.11701 -0.0407686 0.00252207 0.999165 262.493 
0.999 -0.00912925 0.0437661 -3.75714 0.00917043 0.999958 -0.000739414 -4.12914 -0.0437575 0.00114007 0.999042 263.338 
0.998866 -0.00891053 0.0467695 -3.73234 0.00892281 0.99996 -5.27407e-05 -4.14557 -0.0467672 0.000470037 0.998906 264.176 
0.998759 -0.00661725 0.0493717 -3.70798 0.0067316 0.999975 -0.00214938 -4.16191 -0.0493563 0.00247911 0.998778 265.015 
0.998654 -0.00590736 0.0515365 -3.67541 0.00613642 0.999972 -0.00428678 -4.17812 -0.0515098 0.0045973 0.998662 265.856 
0.998504 -0.0052711 0.0544166 -3.65095 0.00552256 0.999975 -0.00447082 -4.18978 -0.0543917 0.00476469 0.998508 266.694 
0.998341 -0.00432803 0.0574192 -3.61928 0.00447519 0.999987 -0.00243368 -4.20807 -0.057408 0.00268664 0.998347 267.553 
0.998138 -0.00282838 0.0609269 -3.59091 0.00288138 0.999996 -0.000781329 -4.22442 -0.0609245 0.000955469 0.998142 268.414 
0.997941 -0.00206925 0.0641039 -3.55829 0.00213724 0.999997 -0.000991363 -4.23727 -0.0641018 0.00112637 0.997943 269.26 
0.997764 -0.00242003 0.0667884 -3.51821 0.00250818 0.999996 -0.00123538 -4.25753 -0.0667851 0.00140017 0.997766 270.112 
0.997581 -0.00386708 0.0694112 -3.47086 0.00400033 0.99999 -0.00178015 -4.26957 -0.0694037 0.00205355 0.997587 270.961 
0.997429 -0.00699666 0.0713147 -3.42157 0.00708658 0.999974 -0.00100726 -4.28503 -0.0713058 0.00151009 0.997453 271.813 
0.997346 -0.00775345 0.0723945 -3.37295 0.00786139 0.999968 -0.00120558 -4.29945 -0.0723829 0.00177155 0.997375 272.68 
0.997275 -0.00844729 0.0732852 -3.32857 0.00855965 0.999963 -0.00121869 -4.31353 -0.0732722 0.00184271 0.99731 273.539 
0.997225 -0.00837187 0.0739803 -3.28631 0.00848426 0.999963 -0.0012045 -4.32837 -0.0739676 0.00182886 0.997259 274.397 
0.997229 -0.00820529 0.0739373 -3.23978 0.00826751 0.999966 -0.000534979 -4.34421 -0.0739305 0.00114482 0.997263 275.259 
0.997259 -0.00766303 0.0735895 -3.19505 0.00769523 0.99997 -0.000153461 -4.35845 -0.0735861 0.000719369 0.997289 276.118 
0.997351 -0.00764734 0.0723412 -3.14624 0.00774887 0.999969 -0.00112227 -4.37185 -0.0723305 0.0016799 0.997379 276.983 
0.997461 -0.0078008 0.0707799 -3.10268 0.00795426 0.999967 -0.00188587 -4.38959 -0.0707628 0.00244413 0.99749 277.841 
0.997578 -0.00689946 0.0692083 -3.05954 0.00710176 0.999971 -0.00267674 -4.40571 -0.0691878 0.00316179 0.997599 278.699 
0.997695 -0.00591014 0.0676078 -3.01774 0.00612587 0.999977 -0.0029834 -4.4238 -0.0675886 0.00339072 0.997708 279.554 
0.997813 -0.00451498 0.0659399 -2.98413 0.00473434 0.999984 -0.00317015 -4.44198 -0.0659245 0.00347544 0.997819 280.408 
0.997952 -0.00389479 0.0638489 -2.94594 0.00408026 0.999988 -0.00277393 -4.45974 -0.0638374 0.00302881 0.997956 281.264 
0.998123 -0.00435457 0.0610844 -2.91128 0.00443503 0.99999 -0.00118101 -4.47768 -0.0610786 0.00144975 0.998132 282.12 
0.998339 -0.00573798 0.0573279 -2.88388 0.00568752 0.999983 0.00104416 -4.49421 -0.057333 -0.000716329 0.998355 282.971 
0.99858 -0.00702577 0.0527999 -2.86128 0.00688327 0.999972 0.00288102 -4.5121 -0.0528187 -0.00251346 0.998601 283.822 
0.998802 -0.00746971 0.0483684 -2.83958 0.00727814 0.999965 0.00413648 -4.52636 -0.0483976 -0.00377945 0.998821 284.662 
0.999016 -0.00793806 0.0436295 -2.81675 0.00773464 0.999958 0.00483038 -4.54105 -0.043666 -0.00448813 0.999036 285.499 
0.999198 -0.0083536 0.0391638 -2.8035 0.00815554 0.999953 0.00521532 -4.55181 -0.0392055 -0.00489169 0.999219 286.312 
0.99936 -0.00929034 0.0345509 -2.7913 0.00911185 0.999944 0.00532119 -4.56356 -0.0345984 -0.00500292 0.999389 287.119 
0.999485 -0.0095024 0.0306577 -2.79166 0.00935386 0.999944 0.00498644 -4.57816 -0.0307034 -0.00469706 0.999518 287.925 
0.999592 -0.00905687 0.027087 -2.79692 0.00892714 0.999948 0.00490815 -4.58928 -0.0271301 -0.0046643 0.999621 288.706 
0.999692 -0.00901991 0.0231313 -2.78888 0.00890841 0.999948 0.00492086 -4.60315 -0.0231745 -0.00471324 0.99972 289.461 
0.999766 -0.00931075 0.0195473 -2.79775 0.00921708 0.999946 0.00487865 -4.61514 -0.0195917 -0.0046973 0.999797 290.213 
0.999831 -0.0103027 0.0152298 -2.79759 0.0102412 0.999939 0.0041179 -4.62712 -0.0152713 -0.00396119 0.999876 290.94 
0.999909 -0.00887409 0.010201 -2.80363 0.00884749 0.999957 0.00265419 -4.64253 -0.0102241 -0.00256365 0.999944 291.64 
0.999966 -0.00726755 0.0039811 -2.82516 0.00726462 0.999973 0.000759685 -4.65969 -0.00398656 -0.000730696 0.999992 292.335 
0.999971 -0.00638153 -0.00427649 -2.85017 0.00637825 0.999979 -0.000791749 -4.67758 0.00428141 0.000764491 0.999991 293.005 
0.999867 -0.00664587 -0.0149297 -2.87774 0.00661714 0.999976 -0.00197531 -4.69206 0.0149424 0.0018763 0.999887 293.664 
0.999579 -0.0063148 -0.0283206 -2.91545 0.00625219 0.999978 -0.0023002 -4.70779 0.0283345 0.00212221 0.999596 294.313 
0.998967 -0.00528193 -0.0451435 -2.9688 0.00520585 0.999985 -0.00180351 -4.72384 0.0451523 0.00156668 0.998979 294.941 
0.997881 -0.00285296 -0.0650007 -3.03811 0.00278017 0.999995 -0.00121095 -4.7355 0.0650038 0.00102772 0.997885 295.574 
0.996151 -0.0013433 -0.0876432 -3.12399 0.0012311 0.999998 -0.00133469 -4.75026 0.0876448 0.0012217 0.996151 296.188 
0.993587 -9.2618e-05 -0.11307 -3.22395 -8.24141e-05 0.999999 -0.00154368 -4.76205 0.11307 0.00154315 0.993586 296.798 
0.989973 0.00112225 -0.141254 -3.33186 -0.00134056 0.999998 -0.00145063 -4.7689 0.141252 0.00162549 0.989972 297.399 
0.985059 0.00215151 -0.172205 -3.45942 -0.00223556 0.999998 -0.000294367 -4.78274 0.172204 0.000674988 0.985061 297.977 
0.978476 0.00191776 -0.206353 -3.60296 -0.00167414 0.999998 0.00135502 -4.79089 0.206355 -0.000980342 0.978477 298.545 
0.970053 0.00180012 -0.242888 -3.7611 -0.0011049 0.999995 0.00299834 -4.80015 0.242892 -0.00264014 0.97005 299.093 
0.9597 0.00290637 -0.281012 -3.93958 -0.00151957 0.999986 0.00515268 -4.80459 0.281023 -0.00451796 0.95969 299.63 
0.947124 0.00440758 -0.320838 -4.12367 -0.00211968 0.99997 0.00747982 -4.81408 0.320861 -0.00640419 0.947105 300.158 
0.932336 0.00488462 -0.361559 -4.33272 -0.00157047 0.999954 0.00945946 -4.82525 0.361589 -0.00825153 0.932301 300.674 
0.915069 0.00466723 -0.403269 -4.55426 -0.000281103 0.99994 0.0109348 -4.83165 0.403296 -0.00989273 0.915016 301.176 
0.894908 0.00417211 -0.44623 -4.78855 0.00137284 0.999926 0.0121021 -4.84005 0.446248 -0.0114428 0.894836 301.662 
0.871731 0.00345516 -0.489972 -5.04844 0.00324002 0.999913 0.0128155 -4.84663 0.489974 -0.0127592 0.871644 302.128 
0.845575 0.0027091 -0.53385 -5.32843 0.00546666 0.999891 0.0137328 -4.85028 0.533829 -0.0145304 0.845468 302.565 
0.816186 0.00285735 -0.577782 -5.63092 0.00722073 0.999859 0.0151448 -4.85639 0.577744 -0.0165329 0.816051 302.985 
0.784265 0.0043727 -0.620411 -5.98238 0.00657632 0.99986 0.0153602 -4.85881 0.620391 -0.0161264 0.784127 303.358 
0.748608 0.00331208 -0.663005 -6.33578 0.00877351 0.999851 0.0149011 -4.85462 0.662955 -0.0169719 0.748467 303.73 
0.7098 0.00238821 -0.704399 -6.70916 0.0129704 0.99978 0.0164595 -4.85753 0.704284 -0.0208193 0.709613 304.037 
0.666575 0.0016033 -0.745436 -7.09596 0.0191486 0.999631 0.0192728 -4.85335 0.745192 -0.0271208 0.666298 304.32 
0.619147 0.00203397 -0.785273 -7.50022 0.0233784 0.999506 0.0210215 -4.84767 0.784927 -0.0313737 0.618793 304.562 
0.56848 0.005847 -0.822677 -7.92076 0.0224897 0.999491 0.0226443 -4.84633 0.82239 -0.0313745 0.568059 304.774 
0.515491 0.0120841 -0.85681 -8.34189 0.0176687 0.999538 0.0247272 -4.84357 0.856713 -0.0278854 0.515039 304.956 
0.460115 0.0158847 -0.887718 -8.76152 0.0151338 0.999554 0.02573 -4.83691 0.887731 -0.0252732 0.459669 305.113 
0.402452 0.0180771 -0.915263 -9.18494 0.0143328 0.999558 0.0260443 -4.83088 0.915329 -0.0235998 0.402015 305.252 
0.342919 0.0202511 -0.939147 -9.58463 0.0160297 0.999496 0.0274055 -4.82828 0.939228 -0.024452 0.342421 305.38 
0.28273 0.0234754 -0.958912 -9.99044 0.0181296 0.999391 0.0298118 -4.82407 0.959028 -0.0258133 0.282132 305.481 
0.221567 0.0273048 -0.974763 -10.4071 0.0200912 0.999268 0.032558 -4.81704 0.974938 -0.0267978 0.220856 305.556 
0.157292 0.0305216 -0.98708 -10.8324 0.0224703 0.999153 0.0344755 -4.8088 0.987296 -0.0276027 0.156473 305.609 
0.0915461 0.034352 -0.995208 -11.2766 0.0228788 0.999068 0.0365898 -4.79754 0.995538 -0.0261187 0.0906749 305.624 
0.0248784 0.0397667 -0.998899 -11.7287 0.0246556 0.99888 0.04038 -4.78096 0.999386 -0.025633 0.02387 305.608 
-0.043273 0.0464036 -0.997985 -12.2023 0.0261968 0.99863 0.0452977 -4.76505 0.99872 -0.0241838 -0.0444294 305.557 
-0.111354 0.0529983 -0.992367 -12.6753 0.0282514 0.998342 0.0501473 -4.7446 0.993379 -0.0224516 -0.112667 305.468 
-0.179092 0.0590901 -0.982056 -13.1557 0.030257 0.998053 0.0545349 -4.72497 0.983367 -0.0199473 -0.180531 305.344 
-0.245831 0.0650341 -0.967129 -13.6379 0.0339428 0.997712 0.0584629 -4.70498 0.968718 -0.018455 -0.247476 305.188 
-0.310829 0.0692893 -0.947937 -14.1244 0.0379343 0.997449 0.0604697 -4.6803 0.949709 -0.0171635 -0.312665 304.996 
-0.372721 0.0714191 -0.925191 -14.6002 0.0412092 0.997324 0.0603859 -4.65208 0.927028 -0.0156193 -0.374667 304.762 
-0.431859 0.0716645 -0.899089 -15.0747 0.0440305 0.997325 0.0583456 -4.6206 0.900866 -0.0143902 -0.43386 304.493 
-0.487546 0.07159 -0.870158 -15.5457 0.0461868 0.997352 0.0561763 -4.58774 0.871875 -0.0128012 -0.489561 304.185 
-0.538778 0.0715712 -0.839402 -16.0126 0.0477768 0.997377 0.0543749 -4.55532 0.841092 -0.0108078 -0.540784 303.842 
-0.584892 0.0713828 -0.807964 -16.4834 0.0489474 0.997411 0.0526868 -4.5212 0.809633 -0.00873166 -0.586871 303.462 
-0.625189 0.0720333 -0.777142 -16.9401 0.049761 0.997385 0.0524162 -4.4912 0.778886 -0.00590135 -0.627138 303.048 
-0.661995 0.0758839 -0.745657 -17.3945 0.0541144 0.997104 0.0534304 -4.46425 0.747552 -0.00498003 -0.664185 302.605 
-0.698124 0.0832415 -0.711122 -17.8522 0.0623928 0.996513 0.0553961 -4.43606 0.713254 -0.00569549 -0.700883 302.128 
-0.733169 0.0891715 -0.674175 -18.3115 0.0686092 0.996007 0.0571265 -4.40857 0.676577 -0.00437122 -0.736359 301.608 
-0.765239 0.0910454 -0.637275 -18.7454 0.0715017 0.995844 0.0564137 -4.37869 0.639763 -0.00239624 -0.768569 301.048 
-0.79447 0.0874853 -0.600969 -19.1518 0.07061 0.996165 0.0516704 -4.34692 0.603184 -0.0013838 -0.797601 300.446 
-0.820737 0.0853683 -0.564892 -19.5507 0.0719022 0.996346 0.0461036 -4.32467 0.566764 -0.00277802 -0.823876 299.802 
-0.844817 0.080517 -0.528963 -19.9253 0.0702311 0.996746 0.0395541 -4.29288 0.530427 -0.00373364 -0.847723 299.123 
-0.866702 0.0782247 -0.492655 -20.2963 0.0703101 0.996925 0.0346007 -4.26897 0.493847 -0.00465016 -0.869536 298.412 
-0.886639 0.0769077 -0.456023 -20.6503 0.0694583 0.997036 0.033102 -4.24956 0.457217 -0.00232508 -0.889352 297.659 
-0.90524 0.0732434 -0.418541 -20.9844 0.0664689 0.997314 0.030765 -4.23007 0.41967 2.9817e-05 -0.907677 296.867 
-0.921986 0.0728695 -0.380305 -21.296 0.0671155 0.997341 0.0283882 -4.21017 0.381362 0.000649224 -0.924425 296.046 
-0.937095 0.0751354 -0.340893 -21.5821 0.0699221 0.997171 0.0275724 -4.19286 0.342 0.00200197 -0.939698 295.19 
-0.950086 0.078668 -0.301907 -21.8398 0.0740186 0.996896 0.0268285 -4.17863 0.303081 0.00314265 -0.95296 294.3 
-0.961315 0.0798232 -0.263633 -22.0653 0.0751135 0.996784 0.0279131 -4.16294 0.265014 0.00703084 -0.964219 293.385 
-0.970613 0.0825363 -0.226047 -22.2592 0.0782505 0.996544 0.0278704 -4.14472 0.227566 0.00936309 -0.973718 292.438 
-0.978498 0.0820195 -0.18925 -22.4312 0.0783975 0.996568 0.0265587 -4.13108 0.190779 0.011151 -0.98157 291.458 
-0.984577 0.0807037 -0.155228 -22.5549 0.0782221 0.996692 0.0220393 -4.11436 0.156494 0.00955713 -0.987633 290.459 
