1 2.12261e-08 -2.11895e-08 0 2.12261e-08 1 2.10703e-08 0 -2.11895e-08 2.10703e-08 1 0 
0.999979 0.000494095 -0.00647323 -0.00983654 -0.00049249 1 0.000242968 -0.000159943 0.00647331 -0.000239732 0.999979 0.0950343 
0.999908 0.00109918 -0.013526 -0.0208368 -0.00109665 0.999999 0.00019201 -0.001733 0.0135262 -0.000177117 0.999909 0.193182 
0.999776 0.0014507 -0.0210997 -0.0334004 -0.00146248 0.999999 -0.000544826 -0.00176054 0.0210989 0.000575605 0.999777 0.294511 
0.999539 0.00194685 -0.0302988 -0.0496749 -0.00200527 0.999996 -0.00189921 -0.00255191 0.030295 0.00195914 0.999539 0.401029 
0.999124 0.00205402 -0.0418071 -0.0680188 -0.00220244 0.999991 -0.00350539 -0.00200033 0.0417995 0.00359444 0.99912 0.5206 
0.998457 0.00187069 -0.0555069 -0.0903605 -0.00211456 0.999988 -0.00433597 -0.00396148 0.0554981 0.00444669 0.998449 0.651869 
0.997421 0.00190348 -0.0717486 -0.119951 -0.00221834 0.999988 -0.00430958 -0.00389093 0.0717395 0.00445767 0.997413 0.795228 
0.995907 0.000392161 -0.0903842 -0.154125 -0.000787038 0.99999 -0.00433373 -0.0048063 0.0903816 0.00438717 0.995898 0.951579 
0.993892 -0.000837403 -0.110352 -0.193525 0.000353541 0.99999 -0.00440458 -0.00836373 0.110354 0.00433871 0.993883 1.11626 
0.991171 -0.000962195 -0.132589 -0.241992 0.000344951 0.999989 -0.0046785 -0.0128696 0.132592 0.0045915 0.99116 1.28915 
0.987646 0.00260538 -0.15668 -0.303568 -0.00360792 0.999975 -0.00611485 -0.0168515 0.15666 0.00660464 0.987631 1.46996 
0.983255 0.00685071 -0.182104 -0.374661 -0.00839082 0.999935 -0.00768838 -0.0232484 0.18204 0.00908769 0.983249 1.65609 
0.977841 0.0096497 -0.209127 -0.452757 -0.0116921 0.999895 -0.00853261 -0.0297747 0.209022 0.0107887 0.977851 1.84615 
0.971101 0.0104837 -0.238437 -0.536475 -0.0129211 0.999879 -0.00866187 -0.0333771 0.238318 0.0114925 0.971119 2.0439 
0.963026 0.0124523 -0.269119 -0.631796 -0.0152151 0.999851 -0.00818255 -0.0367963 0.268977 0.0119747 0.963072 2.24727 
0.953518 0.0142797 -0.300998 -0.73893 -0.017226 0.999826 -0.00713657 -0.039184 0.300844 0.0119899 0.953598 2.45395 
0.942171 0.0163599 -0.334733 -0.850188 -0.019524 0.999791 -0.00608988 -0.0394219 0.334563 0.0122731 0.942293 2.66056 
0.929538 0.0185322 -0.368261 -0.969706 -0.0221726 0.999738 -0.00565643 -0.0409627 0.368059 0.0134232 0.929705 2.86449 
0.915432 0.0211756 -0.401915 -1.09821 -0.0252894 0.999668 -0.00493193 -0.0408708 0.401677 0.0146791 0.915664 3.06707 
0.899118 0.0216603 -0.437169 -1.23515 -0.0262195 0.999647 -0.00439601 -0.037711 0.436919 0.0154149 0.899369 3.27421 
0.880333 0.0170274 -0.47405 -1.37284 -0.022055 0.999744 -0.0050474 -0.0363284 0.473843 0.0148986 0.880484 3.47568 
0.858695 0.0117824 -0.512352 -1.52277 -0.0170319 0.99984 -0.00555222 -0.036238 0.512204 0.013494 0.858758 3.67865 
0.833173 0.0134497 -0.552849 -1.69306 -0.0176348 0.999842 -0.00225246 -0.04087 0.552731 0.0116261 0.833279 3.87729 
0.803413 0.0188016 -0.595125 -1.88673 -0.0222527 0.999751 0.0015439 -0.0447614 0.595006 0.0120028 0.803632 4.0683 
0.770074 0.0216629 -0.637587 -2.09128 -0.025343 0.999673 0.00335616 -0.0470171 0.637451 0.0135739 0.770371 4.24949 
0.733248 0.0207606 -0.679644 -2.30852 -0.0246212 0.999689 0.00397362 -0.0462237 0.679515 0.01382 0.733531 4.42893 
0.692672 0.0165344 -0.721063 -2.5456 -0.0185442 0.999815 0.00511231 -0.0436655 0.721014 0.00983044 0.69285 4.62071 
0.649472 0.0130596 -0.760273 -2.7988 -0.0132274 0.999895 0.00587602 -0.0432377 0.76027 0.0062402 0.649577 4.78971 
0.604329 0.0126478 -0.796634 -3.07388 -0.0104666 0.999914 0.00793513 -0.0426744 0.796666 0.00354269 0.60441 4.94354 
0.555733 0.0132738 -0.831255 -3.36732 -0.00811661 0.999912 0.0105406 -0.039013 0.831321 0.000889279 0.555791 5.08737 
0.504458 0.0139406 -0.863324 -3.67758 -0.00664967 0.999903 0.0122605 -0.0346955 0.863411 -0.000444036 0.504501 5.21267 
0.451508 0.0154415 -0.892134 -3.98937 -0.00560579 0.99988 0.0144693 -0.0328449 0.89225 -0.00153183 0.45154 5.31863 
0.396904 0.0175291 -0.917693 -4.33286 -0.00439155 0.999842 0.0171989 -0.0278773 0.91785 -0.00279616 0.396918 5.41362 
0.341389 0.019451 -0.939721 -4.70125 -0.00404407 0.999807 0.0192255 -0.0216053 0.939913 -0.00276303 0.341402 5.49298 
0.286371 0.0224425 -0.957856 -5.09575 -0.00203355 0.999738 0.0228158 -0.0158649 0.958117 -0.0045859 0.286341 5.56403 
0.232612 0.0244044 -0.972263 -5.49205 0.00207699 0.99967 0.0255892 -0.0126523 0.972567 -0.00797169 0.232484 5.61643 
0.181649 0.0248255 -0.98305 -5.90316 0.00478991 0.999647 0.0261297 -0.00752692 0.983352 -0.00945512 0.181466 5.64905 
0.134173 0.0257237 -0.990624 -6.33294 0.00244287 0.999651 0.026289 -0.000684845 0.990955 -0.00594719 0.134063 5.65894 
0.09178 0.0259504 -0.995441 -6.77328 0.000398496 0.999659 0.0260971 0.0081493 0.995779 -0.00279182 0.0917384 5.65298 
0.0538292 0.0244205 -0.998252 -7.22999 -0.00115911 0.999702 0.0243935 0.0181191 0.99855 -0.000155957 0.0538414 5.63882 
0.0192885 0.0216866 -0.999579 -7.69897 -7.79187e-05 0.999765 0.0216891 0.0258202 0.999814 -0.000340421 0.0192856 5.61502 
-0.0122586 0.0191268 -0.999742 -8.18999 0.000265287 0.999817 0.019125 0.0301303 0.999925 -3.0732e-05 -0.0122614 5.58339 
-0.0389677 0.0172066 -0.999092 -8.69129 -0.000145196 0.999852 0.0172254 0.0358871 0.999241 0.000816337 -0.0389594 5.53503 
-0.0598634 0.0147069 -0.998098 -9.2043 -0.000688616 0.999891 0.0147747 0.0452172 0.998206 0.00157181 -0.0598468 5.48067 
-0.0762554 0.0139246 -0.996991 -9.73232 -7.37511e-05 0.999902 0.0139709 0.0547385 0.997088 0.00113892 -0.0762469 5.4178 
-0.0894388 0.0144279 -0.995888 -10.2749 0.000720427 0.999896 0.0144213 0.0601356 0.995992 0.000572396 -0.0894399 5.35229 
-0.0990878 0.0155399 -0.994957 -10.8347 -0.000282081 0.999878 0.0156448 0.0620702 0.995079 0.00183091 -0.0990713 5.27836 
-0.10606 0.0169232 -0.994216 -11.4059 -0.00194044 0.99985 0.0172261 0.0610279 0.994358 0.00375626 -0.106011 5.20065 
-0.110627 0.0178903 -0.993701 -11.9975 -0.00170364 0.999833 0.0181903 0.0669177 0.993861 0.00370528 -0.110578 5.12079 
-0.112131 0.0185374 -0.993521 -12.6081 0.000718366 0.999827 0.018574 0.076858 0.993693 0.00136905 -0.112125 5.04339 
-0.111451 0.0208007 -0.993552 -13.2333 0.00280207 0.999784 0.0206168 0.0834391 0.993766 -0.000486198 -0.111485 4.96861 
-0.110262 0.0232661 -0.99363 -13.8734 0.00214933 0.999729 0.0231704 0.0885856 0.9939 0.000419218 -0.110283 4.88916 
-0.108797 0.0231582 -0.993794 -14.5255 7.22726e-05 0.999729 0.0232886 0.0938092 0.994064 0.00246195 -0.10877 4.80555 
-0.107389 0.020428 -0.994007 -15.1922 -0.00141544 0.999785 0.0206996 0.104107 0.994216 0.00362991 -0.107337 4.72108 
-0.106218 0.0201184 -0.994139 -15.8758 -0.0014845 0.999791 0.0203914 0.117651 0.994342 0.00364179 -0.106166 4.63694 
-0.104674 0.0228503 -0.994244 -16.5779 -0.00102752 0.999733 0.0230846 0.13028 0.994506 0.00343799 -0.104622 4.55441 
-0.1027 0.026354 -0.994363 -17.2983 -0.00217353 0.999641 0.0267183 0.138387 0.99471 0.00490529 -0.102606 4.46411 
-0.101032 0.0285557 -0.994473 -18.0255 -0.00222463 0.999579 0.0289283 0.146274 0.994881 0.00513505 -0.100926 4.37951 
-0.0990962 0.0277479 -0.994691 -18.7728 -0.0038822 0.999593 0.0282714 0.160161 0.99507 0.00666321 -0.0989481 4.28507 
-0.0973531 0.0245813 -0.994946 -19.5237 -0.00625948 0.99966 0.0253103 0.174439 0.99523 0.00869192 -0.0971662 4.19374 
-0.0959669 0.0239434 -0.995097 -20.2945 -0.00700493 0.99967 0.0247289 0.187143 0.99536 0.00934378 -0.0957674 4.10556 
-0.0945739 0.0264784 -0.995166 -21.0764 -0.00436212 0.999626 0.0270116 0.199355 0.995508 0.00689567 -0.094423 4.02369 
-0.093534 0.0286516 -0.995204 -21.872 -0.00207764 0.999578 0.0289728 0.211052 0.995614 0.00477766 -0.093435 3.93741 
-0.0922259 0.0303752 -0.995275 -22.6712 -0.0010708 0.999531 0.0306043 0.221985 0.995738 0.00388829 -0.0921501 3.84838 
-0.0917943 0.0258442 -0.995443 -23.4708 -0.00072943 0.999661 0.026021 0.229106 0.995778 0.00311472 -0.0917443 3.76207 
-0.0914755 0.0189402 -0.995627 -24.2769 0.000625985 0.99982 0.0189625 0.234848 0.995807 0.0011114 -0.0914709 3.67697 
-0.0917516 0.0144359 -0.995677 -25.0952 0.00377922 0.999893 0.0141488 0.244753 0.995775 -0.00246467 -0.0917963 3.59235 
-0.0923395 0.0151909 -0.995612 -25.9253 0.00500359 0.999878 0.014792 0.253124 0.995715 -0.00361571 -0.0924042 3.50398 
-0.09255 0.0226388 -0.995451 -26.7682 0.00458088 0.999741 0.0223104 0.256189 0.995698 -0.00249517 -0.0926297 3.41011 
-0.0928496 0.0296665 -0.995238 -27.6182 0.00330931 0.99956 0.0294865 0.266119 0.995675 -0.000555697 -0.0929069 3.31225 
-0.0932414 0.0349371 -0.99503 -28.4618 0.00129799 0.999388 0.0349685 0.275549 0.995643 0.00196901 -0.0932296 3.21584 
-0.0937586 0.0351852 -0.994973 -29.3042 -0.000305833 0.999374 0.0353697 0.287296 0.995595 0.00362055 -0.0936892 3.11808 
-0.0941995 0.0318456 -0.995044 -30.1402 -0.000328974 0.999487 0.0320189 0.298822 0.995553 0.00334355 -0.0941407 3.02443 
-0.0947844 0.0290452 -0.995074 -30.9748 -0.000390154 0.999573 0.0292137 0.314172 0.995498 0.00315727 -0.0947326 2.93183 
-0.095104 0.030236 -0.995008 -31.8154 -0.0017665 0.999532 0.0305423 0.327783 0.995466 0.00466242 -0.0950061 2.83792 
-0.0950721 0.0325305 -0.994939 -32.6546 -0.00234246 0.999456 0.032902 0.337961 0.995468 0.0054587 -0.0949441 2.74195 
-0.0949872 0.030919 -0.994998 -33.4902 -0.00321159 0.999503 0.0313656 0.346532 0.995473 0.0061749 -0.0948407 2.64359 
-0.0945603 0.0257222 -0.995187 -34.323 -0.0037467 0.99965 0.0261936 0.358367 0.995512 0.00620558 -0.0944308 2.54494 
-0.0943818 0.0215073 -0.995304 -35.1572 -0.0049773 0.999744 0.0220753 0.368311 0.995524 0.00703747 -0.0942505 2.44532 
-0.0939039 0.0222391 -0.995333 -35.9925 -0.00437846 0.999732 0.0227505 0.375646 0.995572 0.00649442 -0.0937813 2.35011 
-0.0935661 0.0247111 -0.995306 -36.8304 -0.00315015 0.99968 0.0251158 0.382192 0.995608 0.00548539 -0.0934582 2.25916 
-0.0930229 0.0295474 -0.995225 -37.6759 -0.00285854 0.999548 0.0299429 0.392133 0.99566 0.00563031 -0.0928964 2.16218 
-0.092662 0.0350608 -0.99508 -38.5158 -0.00182173 0.999372 0.0353816 0.406109 0.995696 0.00509134 -0.09254 2.07412 
-0.0929121 0.0384392 -0.994932 -39.3521 -0.00200594 0.999245 0.0387932 0.416197 0.995672 0.00560017 -0.0927649 1.98351 
-0.0925391 0.0382247 -0.994975 -40.1865 -0.00162505 0.999256 0.0385403 0.433346 0.995708 0.00518341 -0.0924081 1.88858 
-0.0925117 0.0335726 -0.995145 -41.0153 -0.0014263 0.999426 0.0338496 0.45329 0.995711 0.00455089 -0.0924107 1.79536 
-0.0921886 0.0292415 -0.995312 -41.8397 -0.00230809 0.99956 0.0295801 0.465681 0.995739 0.00502426 -0.0920805 1.70078 
-0.0921113 0.0263332 -0.9954 -42.6674 -0.00616 0.999616 0.0270147 0.477318 0.99573 0.00862007 -0.0919138 1.60244 
-0.0926472 0.02435 -0.995401 -43.4977 -0.00933724 0.999636 0.0253226 0.488014 0.995655 0.0116404 -0.0923861 1.50276 
-0.0933524 0.0225701 -0.995377 -44.3262 -0.00714439 0.999702 0.0233382 0.49097 0.995608 0.00929009 -0.0931634 1.41068 
-0.0945346 0.0190449 -0.995339 -45.1526 -0.00372003 0.999803 0.0194837 0.494841 0.995515 0.00554461 -0.0944451 1.32197 
-0.0954104 0.0175782 -0.995283 -45.9763 0.000666823 0.999845 0.0175949 0.503102 0.995438 0.00101509 -0.0954073 1.23207 
-0.0975596 0.0210159 -0.995008 -46.8035 0.00122612 0.999779 0.0209964 0.507909 0.995229 0.000828441 -0.0975638 1.13622 
-0.0995523 0.0273887 -0.994655 -47.6299 0.00377793 0.999624 0.0271474 0.50898 0.995025 -0.00105511 -0.0996183 1.04371 
-0.101535 0.0312308 -0.994342 -48.4496 0.00579437 0.999509 0.0308014 0.513912 0.994815 -0.00263412 -0.101666 0.948756 
-0.103156 0.0303034 -0.994204 -49.2579 0.00579001 0.999537 0.0298652 0.522534 0.994648 -0.00267564 -0.103284 0.851778 
-0.104318 0.0263254 -0.994196 -50.0573 0.00257564 0.999653 0.0261996 0.52747 0.994541 0.000172449 -0.10435 0.747844 
-0.105593 0.0224962 -0.994155 -50.8523 -0.00216349 0.999737 0.0228523 0.534748 0.994407 0.00456393 -0.105517 0.640436 
-0.10716 0.0208519 -0.994023 -51.6462 -0.00629393 0.999746 0.0216504 0.540058 0.994222 0.00857642 -0.107002 0.533377 
-0.108308 0.0220361 -0.993873 -52.4398 -0.0076981 0.999706 0.0230043 0.542542 0.994088 0.0101425 -0.108107 0.42989 
-0.109518 0.023527 -0.993706 -53.227 -0.00746908 0.999672 0.0244914 0.545833 0.993957 0.0101044 -0.109306 0.330577 
-0.110647 0.023042 -0.993593 -54.0073 -0.00912027 0.999666 0.0241984 0.54972 0.993818 0.0117394 -0.1104 0.227634 
-0.11127 0.0229608 -0.993525 -54.79 -0.00995801 0.999657 0.0242178 0.551386 0.99374 0.0125883 -0.111003 0.120981 
-0.111839 0.024776 -0.993417 -55.5632 -0.00821434 0.999632 0.0258557 0.558441 0.993692 0.011052 -0.111594 0.0210841 
-0.11218 0.0276248 -0.993304 -56.3369 -0.00731029 0.999564 0.0286245 0.566647 0.993661 0.0104725 -0.111929 -0.0797095 
-0.112437 0.0318788 -0.993147 -57.1031 -0.00729993 0.999432 0.032907 0.572887 0.993632 0.0109499 -0.112141 -0.180832 
-0.113091 0.0340464 -0.993001 -57.8704 -0.00725047 0.999358 0.0350901 0.580255 0.993558 0.0111681 -0.112772 -0.284088 
-0.114019 0.0340804 -0.992894 -58.6241 -0.00679995 0.999361 0.0350833 0.589553 0.993455 0.0107518 -0.113715 -0.382493 
-0.114548 0.032161 -0.992897 -59.3721 -0.00587555 0.999436 0.0330506 0.599855 0.9934 0.00961975 -0.114295 -0.480972 
-0.115046 0.0286127 -0.992948 -60.1072 -0.00544555 0.999552 0.029434 0.607533 0.993345 0.00879345 -0.114839 -0.576597 
-0.115037 0.0258132 -0.993026 -60.8313 -0.00569564 0.999629 0.0266447 0.611437 0.993345 0.00872107 -0.114847 -0.67338 
-0.114129 0.0235271 -0.993187 -61.5409 -0.00630216 0.999682 0.0244052 0.616767 0.993446 0.00904459 -0.113944 -0.764991 
-0.111992 0.0227498 -0.993449 -62.2392 -0.00846745 0.99968 0.0238471 0.619222 0.993673 0.0110827 -0.111764 -0.860452 
-0.108111 0.0235145 -0.993861 -62.9244 -0.00865611 0.99966 0.0245933 0.623502 0.994101 0.0112618 -0.107871 -0.947734 
-0.10256 0.0251799 -0.994408 -63.5931 -0.00780411 0.999628 0.026117 0.625683 0.994696 0.0104391 -0.102326 -1.02378 
-0.095583 0.0266245 -0.995065 -64.2485 -0.00678542 0.999602 0.0273977 0.630903 0.995398 0.00937073 -0.0953642 -1.09329 
-0.0867698 0.027934 -0.995837 -64.8864 -0.00779786 0.999557 0.0287178 0.633251 0.996198 0.0102573 -0.0865135 -1.16049 
-0.0751364 0.0295516 -0.996735 -65.5063 -0.00994148 0.999489 0.0303827 0.637221 0.997124 0.0121919 -0.0748042 -1.21619 
-0.0602993 0.0309366 -0.997701 -66.1137 -0.0129403 0.999411 0.0317718 0.643925 0.998097 0.0148264 -0.0598635 -1.26294 
-0.0422252 0.0320725 -0.998593 -66.7042 -0.0143822 0.999362 0.0327053 0.651062 0.999005 0.015743 -0.041737 -1.28462 
-0.0202144 0.0327917 -0.999258 -67.2704 -0.0152134 0.999336 0.033102 0.65684 0.99968 0.0158713 -0.0197021 -1.29232 
0.00518915 0.0332222 -0.999435 -67.8117 -0.014709 0.999342 0.0331428 0.660278 0.999878 0.0145287 0.0056744 -1.28041 
0.0343777 0.032804 -0.99887 -68.3282 -0.0132028 0.999389 0.0323666 0.666065 0.999322 0.0120753 0.0347898 -1.24586 
0.0684372 0.0327778 -0.997117 -68.8234 -0.0118486 0.999416 0.0320401 0.673396 0.997585 0.00962178 0.0687856 -1.19335 
0.106131 0.0329584 -0.993806 -69.2986 -0.011195 0.999427 0.0319493 0.680299 0.994289 0.00773487 0.106439 -1.12098 
0.14697 0.0325068 -0.988607 -69.7562 -0.0109383 0.999452 0.0312373 0.688501 0.989081 0.00622277 0.147245 -1.02955 
0.192274 0.0335818 -0.980767 -70.2035 -0.00980397 0.99943 0.0322989 0.691314 0.981292 0.00340522 0.192493 -0.916956 
0.241021 0.0323143 -0.969982 -70.6327 -0.00655469 0.999477 0.0316682 0.69394 0.970498 -0.0012747 0.241106 -0.783161 
0.291525 0.0276628 -0.956163 -71.0353 0.00119471 0.99957 0.0292829 0.694487 0.956563 -0.00967899 0.291367 -0.624633 
0.343353 0.0225482 -0.938936 -71.4244 0.00628064 0.999634 0.0263025 0.69668 0.939185 -0.0149281 0.343086 -0.446132 
0.396333 0.0178611 -0.917933 -71.8038 0.0113455 0.999639 0.0243495 0.703558 0.918037 -0.0200649 0.395987 -0.248322 
0.448326 0.0175102 -0.893699 -72.1799 0.0108172 0.999629 0.0250121 0.710568 0.893805 -0.0208808 0.44797 -0.0369682 
0.497406 0.016274 -0.867365 -72.5435 0.0122327 0.999593 0.02577 0.717675 0.867432 -0.0234283 0.497004 0.198447 
0.543033 0.0123219 -0.839621 -72.8819 0.0197341 0.999429 0.0274304 0.721441 0.839479 -0.0314647 0.54248 0.462003 
0.587455 0.00600983 -0.809235 -73.1978 0.0301454 0.999116 0.0293037 0.723577 0.808695 -0.0416092 0.586755 0.747981 
0.630886 0.00114459 -0.775875 -73.5038 0.0312864 0.999148 0.0269138 0.724818 0.775245 -0.0412539 0.630313 1.03418 
0.673102 -0.00358896 -0.739541 -73.7974 0.0278575 0.999402 0.0205048 0.728451 0.739025 -0.0344035 0.672799 1.32709 
0.714628 -0.0105085 -0.699426 -74.0831 0.0240512 0.999665 0.00955445 0.736605 0.699091 -0.0236498 0.714641 1.64613 
0.754951 -0.0136273 -0.65564 -74.358 0.0193205 0.999812 0.00146603 0.741981 0.655497 -0.013774 0.755072 1.98836 
0.792969 -0.0144719 -0.609091 -74.6166 0.0175429 0.999846 -0.000917386 0.740631 0.60901 -0.00995768 0.7931 2.36411 
0.827865 -0.0160611 -0.560697 -74.8665 0.0176836 0.99984 -0.00253067 0.743865 0.560648 -0.00782005 0.828017 2.77225 
0.859339 -0.0146171 -0.511197 -75.096 0.0144099 0.999887 -0.00436706 0.739354 0.511203 -0.00361346 0.859452 3.19357 
0.886115 -0.013003 -0.463284 -75.3149 0.0133596 0.999908 -0.00251194 0.731239 0.463273 -0.00396336 0.886207 3.64911 
0.908015 -0.00649357 -0.418888 -75.5231 0.00655649 0.999978 -0.0012893 0.724939 0.418887 -0.00157568 0.908037 4.13009 
0.926136 -0.0023282 -0.377183 -75.7231 0.00137906 0.999995 -0.00278652 0.723479 0.377188 0.00206058 0.926134 4.61675 
0.940095 0.00276106 -0.340902 -75.9087 -0.00337141 0.999994 -0.00119812 0.718652 0.340897 0.00227571 0.940098 5.14114 
0.950484 0.00343382 -0.310753 -76.0802 -0.00327989 0.999994 0.00101779 0.709882 0.310755 5.18902e-05 0.95049 5.69185 
0.958134 0.0029359 -0.286304 -76.2433 -0.00226604 0.999994 0.00267085 0.706192 0.28631 -0.00191021 0.958135 6.26898 
0.964179 0.00324879 -0.265232 -76.4017 -0.00206186 0.999987 0.00475322 0.702987 0.265243 -0.00403604 0.964173 6.85404 
0.969031 0.00555565 -0.246878 -76.5619 -0.00385896 0.999966 0.00735576 0.700703 0.246911 -0.00617521 0.969019 7.46265 
0.972772 0.0104084 -0.231529 -76.7236 -0.00859976 0.999924 0.0088196 0.701752 0.231603 -0.00658832 0.972788 8.08957 
0.975783 0.014104 -0.218288 -76.8765 -0.0121749 0.999874 0.01018 0.697911 0.218404 -0.00727576 0.975831 8.72892 
0.978663 0.0128609 -0.20507 -77.0192 -0.0110475 0.999889 0.00998546 0.697198 0.205176 -0.00750684 0.978696 9.38299 
0.981396 0.0128895 -0.191564 -77.1498 -0.0112445 0.99989 0.00967212 0.695585 0.191667 -0.0073381 0.981433 10.055 
0.98415 0.0132457 -0.176845 -77.286 -0.0116248 0.99988 0.0101986 0.699204 0.176959 -0.00798114 0.984186 10.7499 
0.986543 0.0145578 -0.162855 -77.408 -0.0129666 0.999857 0.0108295 0.695744 0.162989 -0.00857203 0.986591 11.4479 
0.988541 0.0147599 -0.15023 -77.5232 -0.0136975 0.999873 0.00810398 0.690986 0.150331 -0.00595329 0.988618 12.1623 
0.990139 0.015301 -0.13925 -77.634 -0.0150553 0.999883 0.0028168 0.684599 0.139277 -0.000692527 0.990253 12.8838 
0.991469 0.0134321 -0.129652 -77.7411 -0.0139916 0.999896 -0.00340604 0.68248 0.129593 0.00519107 0.991554 13.6238 
0.992503 0.0133064 -0.121495 -77.8428 -0.0138506 0.999898 -0.00363567 0.679821 0.121434 0.00529122 0.992585 14.3777 
0.993281 0.0152917 -0.114713 -77.949 -0.0150873 0.999883 0.00264952 0.669241 0.11474 -0.000900965 0.993395 15.1438 
0.993761 0.0199706 -0.109729 -78.0492 -0.018891 0.999763 0.0108686 0.656373 0.10992 -0.00872782 0.993902 15.9036 
0.994199 0.0206122 -0.105565 -78.1433 -0.0191677 0.999709 0.0146791 0.650005 0.105837 -0.0125704 0.994304 16.6721 
0.994579 0.0194108 -0.10216 -78.2347 -0.0181185 0.999744 0.013562 0.647268 0.102397 -0.0116374 0.994676 17.4381 
0.994902 0.0192024 -0.0990057 -78.3264 -0.0180337 0.999757 0.0126864 0.643194 0.0992252 -0.0108362 0.995006 18.205 
0.99522 0.0176612 -0.0960454 -78.4144 -0.0163085 0.999757 0.0148508 0.642559 0.0962843 -0.0132134 0.995266 18.9764 
0.995489 0.0158057 -0.0935493 -78.4958 -0.01424 0.999748 0.0173793 0.638909 0.0938003 -0.0159687 0.995463 19.7432 
0.99579 0.0138194 -0.0906192 -78.5746 -0.012133 0.999743 0.0191337 0.63524 0.0908603 -0.0179536 0.995702 20.5091 
0.996035 0.0131254 -0.0879838 -78.6548 -0.0117981 0.999809 0.0155881 0.631166 0.0881715 -0.0144882 0.996 21.2694 
0.996143 0.015689 -0.0863331 -78.7369 -0.015029 0.999853 0.00828811 0.626286 0.0864504 -0.0069586 0.996232 22.0204 
0.996279 0.0161155 -0.084669 -78.8173 -0.0161223 0.99987 0.000603461 0.618748 0.0846676 0.000763885 0.996409 22.7734 
0.996367 0.0171006 -0.083429 -78.8931 -0.0174468 0.999842 -0.00342244 0.607294 0.0833572 0.00486562 0.996508 23.5258 
0.996521 0.0186135 -0.0812362 -78.9723 -0.0187977 0.999822 -0.00150335 0.592194 0.0811937 0.00302522 0.996694 24.2798 
0.996655 0.0219311 -0.0787269 -79.0548 -0.0218163 0.999759 0.00231822 0.578803 0.0787588 -0.000592894 0.996894 25.0374 
0.99674 0.0253594 -0.0765864 -79.1339 -0.0248574 0.999663 0.00749931 0.564761 0.0767507 -0.00557108 0.997035 25.798 
0.996987 0.022872 -0.0741216 -79.2009 -0.0222376 0.999709 0.00937225 0.558302 0.0743144 -0.00769568 0.997205 26.5559 
0.997133 0.0199068 -0.0730036 -79.265 -0.0192857 0.999772 0.00920272 0.550191 0.0731701 -0.00776837 0.997289 27.308 
0.99724 0.0182319 -0.0719777 -79.3289 -0.0176016 0.999801 0.00938125 0.540064 0.0721344 -0.00808839 0.997362 28.059 
0.997333 0.0177066 -0.0707995 -79.399 -0.0172244 0.999824 0.00741562 0.536032 0.0709183 -0.00617632 0.997463 28.8121 
0.997416 0.0155915 -0.0701306 -79.4628 -0.0151891 0.999865 0.00626592 0.528947 0.0702187 -0.00518446 0.997518 29.5716 
0.997475 0.0145789 -0.0695086 -79.5277 -0.0141742 0.99988 0.00631252 0.522688 0.0695922 -0.00531131 0.997561 30.3329 
0.99747 0.0174974 -0.0689014 -79.5989 -0.0170372 0.999829 0.00726116 0.51708 0.0690166 -0.00606886 0.997597 31.1039 
0.997481 0.0169079 -0.0688845 -79.6683 -0.0165048 0.999843 0.00641556 0.509265 0.0689821 -0.00526243 0.997604 31.8824 
0.997375 0.0165785 -0.0704894 -79.739 -0.0161754 0.999849 0.00628406 0.503495 0.070583 -0.00512733 0.997493 32.6564 
0.997272 0.0140737 -0.0724663 -79.8082 -0.0136174 0.999884 0.00678603 0.49758 0.0725534 -0.00578067 0.997348 33.442 
0.997012 0.0159537 -0.0755836 -79.8863 -0.0154979 0.999858 0.00661206 0.491949 0.0756783 -0.00542088 0.997118 34.23 
0.996742 0.0194041 -0.0782908 -79.9706 -0.0189812 0.999801 0.00614107 0.485825 0.0783944 -0.00463496 0.996912 35.0196 
0.996534 0.0198613 -0.0807794 -80.056 -0.0198254 0.999803 0.0012452 0.478104 0.0807881 0.000360647 0.996731 35.8158 
0.996305 0.0205082 -0.0834041 -80.1393 -0.0207619 0.999782 -0.0021756 0.469531 0.0833412 0.00389923 0.996513 36.6161 
0.996145 0.0194473 -0.0855438 -80.2245 -0.0198368 0.999796 -0.00370601 0.458994 0.0854543 0.00538868 0.996328 37.4324 
0.995969 0.0195027 -0.0875564 -80.3145 -0.0197666 0.999802 -0.00214761 0.443781 0.0874971 0.00386968 0.996157 38.255 
0.995789 0.0180072 -0.0898912 -80.4015 -0.0182048 0.999833 -0.0013782 0.430334 0.0898514 0.00300889 0.995951 39.0843 
0.99564 0.0173013 -0.0916577 -80.4918 -0.0173459 0.99985 0.000309715 0.421488 0.0916492 0.00128157 0.995791 39.9146 
0.995526 0.0168548 -0.0929727 -80.5862 -0.0165463 0.999855 0.00408754 0.411061 0.0930281 -0.00253085 0.99566 40.7545 
0.995446 0.0168316 -0.0938283 -80.6822 -0.0160752 0.999832 0.00881089 0.404075 0.0939608 -0.00726241 0.995549 41.6087 
0.995508 0.0166822 -0.0931961 -80.7777 -0.0157223 0.999816 0.0110239 0.396754 0.0933628 -0.0095091 0.995587 42.4598 
0.995635 0.0197549 -0.0912178 -80.8761 -0.0188285 0.999762 0.011005 0.393549 0.0914134 -0.00923938 0.99577 43.3149 
0.995808 0.0198939 -0.0892778 -80.9755 -0.0190998 0.99977 0.00973977 0.391029 0.089451 -0.00799371 0.995959 44.1677 
0.995994 0.017371 -0.0877211 -81.0666 -0.0167689 0.999831 0.00759573 0.384265 0.0878381 -0.00609427 0.996116 45.0322 
0.9962 0.0134323 -0.0860525 -81.1496 -0.0129619 0.999898 0.00602187 0.377694 0.0861246 -0.00488354 0.996272 45.9021 
0.996381 0.0122782 -0.0841125 -81.2384 -0.0118379 0.999914 0.00573127 0.372796 0.0841756 -0.00471477 0.99644 46.772 
0.996471 0.00992305 -0.083353 -81.3232 -0.00927189 0.999923 0.00819518 0.363785 0.0834279 -0.00739337 0.996486 47.647 
0.99656 0.00698374 -0.0825794 -81.4045 -0.00610011 0.999922 0.0109474 0.353754 0.0826493 -0.0104059 0.996524 48.5201 
0.996628 0.00662409 -0.0817889 -81.492 -0.00573007 0.999921 0.0111603 0.347584 0.0818563 -0.010654 0.996587 49.3928 
0.996715 0.00783599 -0.0806094 -81.5814 -0.00721096 0.999942 0.00804151 0.336538 0.0806677 -0.00743378 0.996713 50.2584 
0.996744 0.0103614 -0.0799669 -81.6712 -0.0102246 0.999946 0.00211888 0.328184 0.0799844 -0.0012943 0.996795 51.1184 
0.996798 0.0118907 -0.0790707 -81.7573 -0.0121841 0.999921 -0.00322871 0.31285 0.079026 0.00418182 0.996864 51.9761 
0.996796 0.016466 -0.078268 -81.8479 -0.0172194 0.999812 -0.00896049 0.293349 0.0781056 0.0102796 0.996892 52.826 
0.996898 0.0165905 -0.0769391 -81.9333 -0.0174007 0.9998 -0.00987197 0.273005 0.0767599 0.0111802 0.996987 53.6745 
0.996941 0.0131657 -0.0770434 -82.0089 -0.0134941 0.999902 -0.00374473 0.253751 0.0769865 0.00477295 0.997021 54.5228 
0.996896 0.0125752 -0.0777157 -82.0889 -0.012188 0.999911 0.00545346 0.235667 0.0777773 -0.00448929 0.996961 55.3824 
0.996812 0.0114759 -0.0789613 -82.1716 -0.0104518 0.999856 0.0133708 0.218959 0.0791034 -0.0125029 0.996788 56.2362 
0.996648 0.00970987 -0.081229 -82.2565 -0.00883939 0.9999 0.0110686 0.21352 0.0813283 -0.0103134 0.996634 57.0836 
0.99653 0.00453995 -0.0831124 -82.3333 -0.00392051 0.999963 0.00761426 0.206572 0.0831439 -0.00726195 0.996511 57.9167 
0.996319 0.00303695 -0.0856715 -82.4182 -0.00251738 0.999978 0.00617162 0.195559 0.0856883 -0.00593319 0.996304 58.7462 
0.996067 0.00528797 -0.0884483 -82.5107 -0.00496434 0.99998 0.00387808 0.182296 0.088467 -0.0034237 0.996073 59.5731 
0.995758 0.00688931 -0.0917497 -82.6062 -0.00687648 0.999976 0.000455511 0.169948 0.0917506 0.000177379 0.995782 60.3948 
0.995388 0.00752882 -0.0956359 -82.7033 -0.00784787 0.999965 -0.00296081 0.156996 0.0956102 0.00369773 0.995412 61.2098 
0.995068 0.0094566 -0.0987438 -82.803 -0.0101858 0.999924 -0.00688414 0.138906 0.0986712 0.00785603 0.995089 62.0198 
0.994695 0.0139368 -0.101921 -82.9104 -0.0147176 0.999868 -0.00691312 0.119096 0.101811 0.00837652 0.994768 62.8269 
0.99428 0.0175222 -0.105356 -83.0195 -0.0181693 0.999822 -0.00518539 0.10398 0.105246 0.00707001 0.994421 63.6301 
0.99381 0.0204277 -0.109199 -83.1301 -0.0204942 0.99979 0.000513131 0.088688 0.109186 0.00172803 0.99402 64.4318 
0.993344 0.0211153 -0.113232 -83.241 -0.0205461 0.99977 0.00619105 0.0732718 0.113336 -0.00382333 0.993549 65.23 
0.992778 0.0200992 -0.11827 -83.3508 -0.0190853 0.999771 0.00969927 0.063424 0.118438 -0.00737196 0.992934 66.0238 
0.991983 0.0199247 -0.124791 -83.4651 -0.0187344 0.999767 0.0107046 0.0576844 0.124975 -0.00828089 0.992125 66.8133 
0.991296 0.0178999 -0.13043 -83.5835 -0.0161554 0.999766 0.014421 0.0512771 0.130657 -0.0121883 0.991353 67.5947 
0.990402 0.0181444 -0.137018 -83.7055 -0.0163542 0.999766 0.0141797 0.0448893 0.137243 -0.0118028 0.990467 68.369 
0.989477 0.0231603 -0.142827 -83.8453 -0.0214935 0.999682 0.0132018 0.0395897 0.143087 -0.00999298 0.98966 69.1427 
0.988534 0.0253237 -0.148861 -83.9834 -0.0241903 0.999663 0.00941957 0.0347303 0.149049 -0.00571054 0.988813 69.9091 
0.987629 0.0239387 -0.154968 -84.1184 -0.0231999 0.999709 0.0065738 0.0300646 0.15508 -0.00289719 0.987898 70.6737 
0.986759 0.0251932 -0.160224 -84.2622 -0.0246635 0.999682 0.00529399 0.0221401 0.160306 -0.00127217 0.987067 71.4457 
0.98596 0.0273508 -0.164726 -84.4134 -0.0260263 0.999609 0.0101942 0.0197322 0.16494 -0.00576387 0.986287 72.2093 
0.984907 0.0279936 -0.170804 -84.5665 -0.0259187 0.999561 0.0143659 0.0155617 0.171131 -0.00972207 0.9852 72.9734 
0.98382 0.0271612 -0.177088 -84.7179 -0.0246263 0.999561 0.0164966 0.00779857 0.177459 -0.0118686 0.984057 73.7312 
0.982607 0.0246388 -0.184057 -84.8753 -0.0227078 0.999663 0.012592 0.00540234 0.184305 -0.00819339 0.982835 74.4768 
0.981063 0.0229724 -0.192321 -85.0394 -0.0223458 0.999736 0.00542694 0.00449419 0.192395 -0.00102655 0.981317 75.2161 
0.979281 0.0204476 -0.20147 -85.2064 -0.0201399 0.999791 0.00357692 -0.00194322 0.201501 0.000554813 0.979488 75.9554 
0.977061 0.0201611 -0.212004 -85.389 -0.0192082 0.999794 0.00655347 -0.0109872 0.212092 -0.00233089 0.977247 76.696 
0.97461 0.0200486 -0.223009 -85.575 -0.017703 0.999765 0.0125126 -0.0113997 0.223207 -0.0082469 0.974736 77.4322 
0.971786 0.0217686 -0.234858 -85.7752 -0.0174921 0.999641 0.0202767 -0.0156421 0.235215 -0.0155964 0.971818 78.1658 
0.969053 0.0226289 -0.245813 -85.9829 -0.0173059 0.999567 0.0237934 -0.0187697 0.246245 -0.0188031 0.969025 78.889 
0.966063 0.0257763 -0.257019 -86.2006 -0.0215557 0.999583 0.0192256 -0.022258 0.257407 -0.0130329 0.966215 79.6029 
0.962848 0.0248222 -0.2689 -86.4213 -0.0229778 0.999686 0.0100047 -0.0234824 0.269064 -0.00345421 0.963116 80.3039 
0.959415 0.0223349 -0.281111 -86.6495 -0.0218147 0.99975 0.00497985 -0.0202713 0.281152 0.00135465 0.959662 81.0118 
0.955815 0.0211907 -0.293205 -86.8865 -0.0191891 0.999769 0.00970148 -0.0179512 0.293343 -0.00364642 0.956 81.7288 
0.952223 0.0225194 -0.304573 -87.1371 -0.0181305 0.999687 0.0172308 -0.0247132 0.304866 -0.0108854 0.952333 82.4487 
0.94839 0.022477 -0.316309 -87.3977 -0.0161551 0.999614 0.0225949 -0.026132 0.316694 -0.0163188 0.948387 83.1585 
0.944173 0.0201416 -0.328834 -87.6631 -0.0141446 0.999687 0.0206193 -0.0231109 0.329146 -0.0148169 0.944163 83.8639 
0.940181 0.0182088 -0.340187 -87.9325 -0.01358 0.99978 0.0159826 -0.0212648 0.340403 -0.0104067 0.940222 84.565 
0.936978 0.0142015 -0.349099 -88.2125 -0.0117291 0.999889 0.00919516 -0.0247845 0.34919 -0.00452101 0.937041 85.2605 
0.934092 0.00995055 -0.356894 -88.4952 -0.00941046 0.99995 0.00324969 -0.0288605 0.356908 0.000323073 0.934139 85.9628 
0.931342 0.0097423 -0.364016 -88.7893 -0.0100182 0.999949 0.00113012 -0.0334837 0.364008 0.00259431 0.931392 86.663 
0.928181 0.0149093 -0.371831 -89.0929 -0.0156208 0.999877 0.00109854 -0.0445989 0.371802 0.00478871 0.9283 87.3562 
0.924983 0.0147797 -0.379722 -89.399 -0.0146082 0.999888 0.00333299 -0.0541215 0.379729 0.00246416 0.925095 88.0564 
0.921685 0.0154948 -0.38763 -89.7093 -0.0126548 0.999871 0.00987809 -0.0564127 0.387733 -0.00419907 0.921762 88.7599 
0.918769 0.0174441 -0.394411 -90.0238 -0.0112623 0.999775 0.0179832 -0.056987 0.394636 -0.0120804 0.918758 89.4623 
0.916048 0.0272892 -0.400139 -90.3578 -0.0189431 0.999513 0.0247989 -0.0635417 0.400621 -0.0151371 0.916119 90.1561 
0.913332 0.0337195 -0.405818 -90.6942 -0.0273287 0.999395 0.021534 -0.0622447 0.406298 -0.00857719 0.9137 90.8382 
0.910866 0.0299831 -0.411612 -91.0235 -0.0266031 0.999549 0.0139395 -0.0596948 0.411844 -0.00174686 0.911253 91.523 
0.908908 0.0223501 -0.416397 -91.3538 -0.0215851 0.999746 0.00654548 -0.0582795 0.416437 0.00303876 0.90916 92.2094 
0.907219 0.0230603 -0.420026 -91.6949 -0.0226601 0.999726 0.0059431 -0.060377 0.420048 0.00412621 0.907493 92.897 
0.904931 0.0290359 -0.424567 -92.0492 -0.0268969 0.999577 0.0110319 -0.0636321 0.424708 0.00143649 0.905329 93.5923 
0.902336 0.0312374 -0.429899 -92.3993 -0.0272977 0.99951 0.01533 -0.0679775 0.430167 -0.00209751 0.902747 94.2899 
0.89998 0.0277643 -0.435046 -92.7463 -0.0243504 0.999613 0.0134208 -0.0749414 0.43525 -0.00148489 0.900308 94.9812 
0.897554 0.0257643 -0.44015 -93.0999 -0.0252603 0.999656 0.0070043 -0.0791781 0.440179 0.00483162 0.897897 95.6651 
0.895296 0.0231354 -0.44487 -93.46 -0.0255871 0.999673 0.000493955 -0.083693 0.444736 0.0109408 0.895595 96.3474 
0.89293 0.023953 -0.449558 -93.829 -0.0272447 0.999628 -0.00085317 -0.0906796 0.44937 0.0130099 0.893251 97.0332 
0.89083 0.0268754 -0.453541 -94.1983 -0.028339 0.999592 0.00356997 -0.104326 0.453451 0.0096727 0.891229 97.7203 
0.888721 0.0285587 -0.457557 -94.5712 -0.0292013 0.999558 0.00566985 -0.11391 0.457517 0.00832238 0.889162 98.3995 
0.886347 0.0295269 -0.46208 -94.948 -0.0299681 0.99953 0.0063861 -0.123614 0.462052 0.00818743 0.886815 99.0788 
0.884057 0.0276673 -0.466559 -95.3214 -0.0282507 0.999584 0.00574524 -0.13496 0.466524 0.00810156 0.884472 99.7535 
0.88189 0.0258967 -0.470743 -95.6945 -0.0266457 0.999632 0.00507399 -0.143234 0.470701 0.00806864 0.882256 100.422 
0.879674 0.0254238 -0.474898 -96.0726 -0.0258763 0.99965 0.00558479 -0.150711 0.474873 0.00737585 0.880023 101.088 
0.877294 0.0267365 -0.479208 -96.4544 -0.027085 0.999614 0.00618656 -0.160025 0.479188 0.00755198 0.87768 101.748 
0.875001 0.0271114 -0.483362 -96.8378 -0.027593 0.999601 0.00611693 -0.170138 0.483335 0.00798511 0.875399 102.404 
0.872507 0.0241377 -0.488004 -97.2151 -0.0265378 0.999646 0.00199734 -0.179856 0.48788 0.0112079 0.872839 103.056 
0.870018 0.0206456 -0.492587 -97.5911 -0.0250977 0.999682 -0.00242888 -0.192985 0.49238 0.014476 0.87026 103.704 
0.867884 0.0191539 -0.496398 -97.9714 -0.024998 0.999674 -0.00513237 -0.203296 0.496138 0.0168633 0.86808 104.339 
0.865917 0.0207787 -0.499756 -98.3555 -0.024789 0.999692 -0.00138653 -0.212164 0.499573 0.0135891 0.866165 104.972 
0.863969 0.0249928 -0.502924 -98.7404 -0.0246282 0.99967 0.00736994 -0.223022 0.502942 0.00601875 0.864299 105.603 
0.862439 0.0267788 -0.505452 -99.1224 -0.0212268 0.999635 0.0167418 -0.231301 0.505715 -0.00370967 0.862693 106.232 
0.860926 0.0263533 -0.508048 -99.4961 -0.0179417 0.999609 0.0214478 -0.237252 0.508414 -0.00934965 0.861062 106.841 
0.859284 0.0232752 -0.510968 -99.862 -0.0146299 0.999674 0.0209336 -0.237666 0.511289 -0.0105125 0.859345 107.434 
0.857487 0.0213059 -0.514065 -100.223 -0.014444 0.999745 0.0173421 -0.238875 0.514304 -0.00744542 0.857576 108.01 
0.855817 0.0192727 -0.51692 -100.576 -0.0137813 0.999801 0.0144598 -0.241254 0.517096 -0.00525101 0.855911 108.571 
0.85427 0.0174279 -0.519537 -100.925 -0.0122937 0.999836 0.0133251 -0.244686 0.519684 -0.00499617 0.854344 109.118 
0.853029 0.0158783 -0.521622 -101.261 -0.0107273 0.999859 0.012893 -0.246602 0.521754 -0.00540242 0.853079 109.649 
0.851656 0.0162258 -0.523851 -101.593 -0.0104804 0.999848 0.0139307 -0.252648 0.523997 -0.00637394 0.851696 110.161 
0.850403 0.0158559 -0.525893 -101.914 -0.00915862 0.99984 0.0153356 -0.256763 0.526052 -0.00822492 0.850413 110.657 
0.848898 0.0145566 -0.528356 -102.22 -0.00717196 0.999846 0.0160234 -0.262237 0.528508 -0.00981288 0.848872 111.135 
0.847545 0.0129993 -0.530565 -102.517 -0.00530246 0.999858 0.016027 -0.263349 0.530697 -0.0107703 0.847493 111.597 
0.84638 0.0118742 -0.532448 -102.804 -0.00464663 0.999878 0.0149121 -0.266984 0.53256 -0.0101471 0.846332 112.029 
0.845048 0.0117086 -0.534562 -103.08 -0.00663644 0.999913 0.0114101 -0.272968 0.534649 -0.00609442 0.845052 112.444 
0.84356 0.00909444 -0.536958 -103.346 -0.00610726 0.999954 0.00734165 -0.278382 0.537001 -0.00291372 0.843577 112.838 
0.841198 0.00520703 -0.540703 -103.597 -0.00291716 0.999983 0.00509153 -0.281014 0.54072 -0.00270562 0.841198 113.221 
0.838456 0.00110522 -0.544969 -103.84 0.00214345 0.999984 0.00532574 -0.281296 0.544965 -0.00563346 0.83844 113.59 
0.834799 0.00198603 -0.550551 -104.075 0.0020831 0.999975 0.00676582 -0.286703 0.550551 -0.0067949 0.834774 113.938 
0.830772 0.00563926 -0.556585 -104.307 -0.00105959 0.999963 0.0085499 -0.292798 0.556612 -0.00651322 0.830747 114.269 
0.826912 0.0116797 -0.562211 -104.535 -0.00515889 0.9999 0.0131846 -0.299107 0.562308 -0.00800208 0.826889 114.584 
0.822771 0.0169145 -0.568121 -104.753 -0.00684321 0.999779 0.0198555 -0.299737 0.568332 -0.0124487 0.822705 114.882 
0.817868 0.0183826 -0.575112 -104.958 -0.00577873 0.999702 0.0237359 -0.299431 0.575377 -0.0160894 0.81773 115.163 
0.81227 0.0155985 -0.583073 -105.148 -0.00139897 0.999692 0.0247951 -0.299237 0.58328 -0.0193245 0.812041 115.426 
0.805077 0.0136767 -0.593013 -105.329 0.00196881 0.999667 0.0257281 -0.30036 0.593168 -0.0218806 0.804782 115.67 
0.796141 0.0122742 -0.604987 -105.509 0.00496823 0.999628 0.0268189 -0.301022 0.605091 -0.0243572 0.795784 115.899 
0.785739 0.0128746 -0.618424 -105.688 0.00541218 0.999602 0.0276865 -0.303204 0.618534 -0.0251013 0.785357 116.105 
0.773302 0.0140959 -0.633882 -105.865 0.00385129 0.99963 0.0269276 -0.300818 0.634027 -0.0232643 0.772961 116.296 
0.759076 0.0125307 -0.650882 -106.037 0.00405481 0.999704 0.0239749 -0.30064 0.65099 -0.0208379 0.758801 116.471 
0.744012 0.0101042 -0.66809 -106.205 0.0033108 0.999818 0.0188082 -0.303927 0.668158 -0.0162054 0.743843 116.631 
0.728761 0.00611907 -0.684741 -106.367 0.0036658 0.999911 0.012837 -0.29758 0.684759 -0.0118651 0.728673 116.781 
0.712984 0.00601523 -0.701155 -106.531 -0.000120699 0.999964 0.00845596 -0.29302 0.701181 -0.00594428 0.712959 116.922 
0.696888 0.00955519 -0.717117 -106.704 -0.00742885 0.999954 0.00610451 -0.291699 0.717142 0.00107324 0.696927 117.054 
0.679335 0.0114231 -0.73374 -106.88 -0.0100516 0.99993 0.00626093 -0.291292 0.73376 0.00312206 0.679402 117.188 
0.659988 0.0099049 -0.751211 -107.051 -0.00677845 0.999951 0.00722925 -0.287427 0.751246 0.000320882 0.660022 117.328 
0.639629 0.00901013 -0.768631 -107.231 -0.00385429 0.999956 0.00851436 -0.284156 0.768674 -0.00248345 0.639636 117.458 
0.616934 0.0105061 -0.786945 -107.417 -0.00378835 0.999939 0.0103797 -0.277906 0.787006 -0.00342231 0.616936 117.582 
0.592656 0.0147177 -0.805321 -107.615 -0.00725087 0.99989 0.0129374 -0.271353 0.805423 -0.0018281 0.592697 117.69 
0.567741 0.0187355 -0.822994 -107.813 -0.00935555 0.999823 0.0163071 -0.268449 0.823154 -0.00155864 0.567816 117.793 
0.541917 0.0214808 -0.840158 -108.013 -0.0111031 0.999769 0.0184 -0.263575 0.840359 -0.000642876 0.54203 117.893 
0.515688 0.0245904 -0.856423 -108.216 -0.0141703 0.999696 0.0201717 -0.263125 0.856659 0.00173347 0.51588 117.981 
0.48889 0.028737 -0.871872 -108.428 -0.0184341 0.999574 0.0226093 -0.259359 0.872151 0.00501878 0.489212 118.058 
0.460756 0.0315659 -0.886966 -108.636 -0.0205771 0.999479 0.0248808 -0.258334 0.887289 0.00678727 0.461165 118.132 
0.430823 0.0306704 -0.901915 -108.851 -0.019412 0.999506 0.0247165 -0.253994 0.902228 0.00685958 0.431205 118.203 
0.398599 0.0274563 -0.916714 -109.081 -0.0193468 0.999581 0.0215259 -0.251939 0.916921 0.00915533 0.398963 118.266 
0.363902 0.0231348 -0.93115 -109.327 -0.018767 0.999671 0.0175029 -0.247999 0.931248 0.0111056 0.364216 118.327 
0.324689 0.0207333 -0.945594 -109.591 -0.0184214 0.999709 0.0155945 -0.241204 0.945642 0.0123558 0.324976 118.382 
0.283112 0.0193514 -0.958892 -109.878 -0.0177887 0.99973 0.0149235 -0.231432 0.958922 0.0128325 0.28338 118.429 
0.239015 0.0173469 -0.970861 -110.181 -0.0169616 0.999762 0.0136876 -0.222713 0.970868 0.0131958 0.239252 118.47 
0.191878 0.0142676 -0.981315 -110.503 -0.0158998 0.999808 0.0114275 -0.211244 0.98129 0.0134101 0.192068 118.494 
0.14251 0.0121553 -0.989719 -110.836 -0.0151183 0.999835 0.0101027 -0.204584 0.989678 0.0135231 0.142671 118.504 
0.0922842 0.0117055 -0.995664 -111.188 -0.0144991 0.999841 0.0104107 -0.195989 0.995627 0.0134755 0.0924392 118.495 
0.0399717 0.013042 -0.999116 -111.555 -0.0132673 0.999834 0.0125206 -0.190918 0.999113 0.0127552 0.0401381 118.471 
-0.0134278 0.0149052 -0.999799 -111.937 -0.0105558 0.999831 0.0150474 -0.179493 0.999854 0.0107557 -0.0132682 118.43 
-0.0670345 0.0169085 -0.997607 -112.322 -0.00707989 0.999823 0.0174217 -0.174292 0.997726 0.00823085 -0.066903 118.366 
-0.120843 0.0188112 -0.992493 -112.721 -0.00296972 0.999809 0.0193114 -0.171448 0.992667 0.00528112 -0.120764 118.284 
-0.173639 0.020485 -0.984596 -113.127 -0.000149405 0.999783 0.0208273 -0.164225 0.984809 0.00376357 -0.173598 118.171 
-0.224889 0.022069 -0.974135 -113.543 0.00174869 0.999751 0.0222456 -0.157792 0.974383 0.00329937 -0.224871 118.034 
-0.274275 0.0233972 -0.961367 -113.964 0.00499559 0.999725 0.0229055 -0.148406 0.961638 0.00147985 -0.274316 117.875 
-0.322393 0.0252243 -0.94627 -114.397 0.0100388 0.99968 0.0232279 -0.14273 0.946553 -0.00201087 -0.322543 117.693 
-0.36883 0.0266122 -0.929116 -114.834 0.0145979 0.999633 0.0228371 -0.132966 0.929382 -0.00514011 -0.369083 117.483 
-0.412673 0.0286054 -0.91043 -115.269 0.0191343 0.999558 0.0227328 -0.126849 0.910678 -0.00803923 -0.413038 117.246 
