1 2.12261e-08 -2.11895e-08 -8.34402e-16 2.12261e-08 1 2.10703e-08 -4.44089e-16 -2.11895e-08 2.10703e-08 1 -2.35922e-14 
0.999996 0.00270626 0.000101645 -0.0114041 -0.00270637 0.999995 0.00155461 -0.0164686 -9.74793e-05 -0.00155484 0.999999 0.787436 
0.999986 0.00526643 0.000215672 -0.0245385 -0.0052668 0.999984 0.0019148 -0.0318603 -0.000205627 -0.00191587 0.999998 1.5571 
0.999978 0.00662342 0.000570708 -0.0396303 -0.00662433 0.999977 0.00167381 -0.0492375 -0.000559651 -0.00167751 0.999998 2.30445 
0.999964 0.00849777 0.000687551 -0.0563268 -0.00849872 0.999963 0.00146312 -0.0668493 -0.000675135 -0.00146887 0.999999 3.02894 
0.999964 0.0084535 0.00102519 -0.0676128 -0.00845471 0.999964 0.00122693 -0.0795418 -0.00101482 -0.00123552 0.999999 3.74967 
0.999963 0.00855605 0.000980096 -0.0731769 -0.00855822 0.999961 0.00227632 -0.0945577 -0.000960623 -0.00228458 0.999997 4.45936 
0.999955 0.00935973 0.00143469 -0.0829482 -0.0093669 0.999943 0.00510309 -0.107123 -0.00138689 -0.00511626 0.999986 5.14912 
0.999956 0.0090029 0.00259479 -0.0868428 -0.00902594 0.999919 0.00902281 -0.114699 -0.00251339 -0.00904579 0.999956 5.82654 
0.999958 0.00833353 0.00376455 -0.0893533 -0.00838008 0.999886 0.0125369 -0.123862 -0.00365969 -0.0125678 0.999914 6.47413 
0.999961 0.00748309 0.00460249 -0.0901967 -0.00755034 0.999862 0.0147806 -0.131069 -0.00449129 -0.0148148 0.99988 7.10093 
0.999951 0.00806559 0.00570563 -0.0959012 -0.0081488 0.999858 0.0147217 -0.14119 -0.00558613 -0.0147674 0.999875 7.693 
0.999937 0.00901826 0.00671947 -0.0997276 -0.00909883 0.999886 0.0120652 -0.148503 -0.00660993 -0.0121255 0.999905 8.2544 
0.999933 0.0088898 0.00743998 -0.100321 -0.00895819 0.999917 0.00921582 -0.153611 -0.00735749 -0.00928181 0.99993 8.79253 
0.999935 0.00699525 0.00899011 -0.0998453 -0.00706536 0.999945 0.00779541 -0.159361 -0.00893513 -0.00785838 0.999929 9.29818 
0.999937 0.00349244 0.0106749 -0.0905456 -0.0035501 0.999979 0.00539126 -0.162889 -0.0106559 -0.00542878 0.999929 9.78374 
0.999918 0.00155274 0.0127448 -0.0891188 -0.00160617 0.99999 0.00418603 -0.171721 -0.0127382 -0.00420612 0.99991 10.2291 
0.999876 0.00565647 0.0147149 -0.093569 -0.00569089 0.999981 0.00230087 -0.18325 -0.0147016 -0.00238428 0.999889 10.6484 
0.999794 0.010089 0.0176128 -0.0957759 -0.0101176 0.999948 0.00153791 -0.192334 -0.0175964 -0.00171575 0.999844 11.0357 
0.999723 0.0106013 0.021003 -0.0922777 -0.0106557 0.99994 0.00247887 -0.197361 -0.0209755 -0.00270194 0.999776 11.3904 
0.999692 0.0064356 0.0239835 -0.0799163 -0.0065097 0.999974 0.0030145 -0.201763 -0.0239635 -0.00316965 0.999708 11.7131 
0.999653 0.00168291 0.0262954 -0.0625356 -0.00175791 0.999994 0.00283073 -0.205227 -0.0262905 -0.00287593 0.99965 12.0043 
0.999586 -0.00175616 0.0287362 -0.051384 0.00163604 0.99999 0.00420457 -0.211326 -0.0287433 -0.00415577 0.999578 12.2681 
0.99951 -0.00207123 0.0312408 -0.0433646 0.00190991 0.999985 0.00519386 -0.215805 -0.0312511 -0.00513161 0.999498 12.5047 
0.99944 -0.00140819 0.0334186 -0.0390449 0.00126368 0.99999 0.00434604 -0.222244 -0.0334244 -0.00430134 0.999432 12.7074 
0.99937 -0.000454454 0.0354766 -0.033985 0.000351655 0.999996 0.00290505 -0.226032 -0.0354778 -0.0028907 0.999366 12.8968 
0.999277 0.00168243 0.0379715 -0.0315064 -0.00176697 0.999996 0.0021943 -0.232325 -0.0379677 -0.00225977 0.999276 13.0686 
0.999207 0.00430906 0.039583 -0.0306833 -0.00437822 0.999989 0.00166178 -0.241074 -0.0395754 -0.00183372 0.999215 13.2344 
0.999141 0.00553568 0.0410594 -0.0270996 -0.00555038 0.999985 0.000244957 -0.246155 -0.0410574 -0.000472601 0.999157 13.3942 
0.999068 0.00453037 0.0429178 -0.0182652 -0.00447434 0.999989 -0.00140048 -0.251592 -0.0429237 0.00120718 0.999078 13.5449 
0.999009 0.00312677 0.0443917 -0.00999644 -0.00300314 0.999991 -0.00285044 -0.2535 -0.0444003 0.00271434 0.99901 13.6924 
0.998955 0.00247211 0.0456474 -0.00438833 -0.00229345 0.99999 -0.0039649 -0.255454 -0.0456567 0.0038561 0.99895 13.8296 
0.998882 0.00320027 0.0471558 0.00145469 -0.0029491 0.999981 -0.00539415 -0.258017 -0.0471722 0.0052491 0.998873 13.9645 
0.998825 0.00416215 0.0482776 0.00802876 -0.00380689 0.999965 -0.00744724 -0.261868 -0.0483069 0.00725474 0.998806 14.0917 
0.998788 0.00412124 0.0490539 0.0138032 -0.00365772 0.999948 -0.00953426 -0.266318 -0.0490906 0.00934332 0.998751 14.2162 
0.998762 0.00330509 0.0496332 0.0233095 -0.00272284 0.999927 -0.0117933 -0.269823 -0.0496686 0.0116436 0.998698 14.34 
0.998787 0.00227103 0.0491824 0.0294429 -0.00160363 0.999906 -0.0136042 -0.273714 -0.0492088 0.0135089 0.998697 14.466 
0.998891 0.00178023 0.0470573 0.0326329 -0.00108877 0.999891 -0.0147147 -0.278469 -0.0470784 0.0146472 0.998784 14.5942 
0.999026 0.00184282 0.0440837 0.0342708 -0.00115806 0.999878 -0.0155527 -0.282531 -0.0441071 0.0154865 0.998907 14.723 
0.999195 0.00212772 0.0400611 0.032526 -0.0014567 0.999858 -0.0167706 -0.286794 -0.0400912 0.0166988 0.999057 14.8496 
0.999409 0.00255417 0.0342711 0.0300156 -0.00193945 0.999837 -0.0179569 -0.288201 -0.0343114 0.0178798 0.999251 14.9758 
0.999617 0.00237564 0.0275777 0.0279924 -0.00186181 0.999825 -0.0186413 -0.291962 -0.0276171 0.0185828 0.999446 15.1075 
0.999789 0.00224046 0.0204238 0.0211758 -0.0018462 0.999812 -0.0193002 -0.295188 -0.0204633 0.0192585 0.999605 15.2359 
0.999921 0.00228908 0.0123781 0.0129358 -0.00203707 0.999791 -0.0203303 -0.297652 -0.0124221 0.0203035 0.999717 15.369 
0.999997 0.00106025 0.00225912 0.00261132 -0.00101142 0.999769 -0.0214915 -0.302095 -0.00228142 0.0214892 0.999767 15.5074 
0.999941 -0.000521685 -0.0108435 -0.0082522 0.000270859 0.999733 -0.023124 -0.30535 0.0108526 0.0231197 0.999674 15.6591 
0.999632 -0.0012002 -0.0271089 -0.0292692 0.000523114 0.999688 -0.0249715 -0.310097 0.0271304 0.0249482 0.999321 15.8222 
0.998921 -0.000889069 -0.046424 -0.0578725 -0.000312782 0.999665 -0.0258758 -0.31522 0.0464314 0.0258625 0.998587 15.9994 
0.997662 -4.1435e-05 -0.0683433 -0.0947162 -0.00170139 0.999675 -0.0254432 -0.320878 0.0683221 0.0255 0.997337 16.195 
0.995748 0.000582839 -0.092114 -0.141442 -0.00281452 0.999706 -0.0240998 -0.325655 0.0920728 0.0242566 0.995457 16.4096 
0.992916 0.00144749 -0.118813 -0.201632 -0.00416973 0.999734 -0.022667 -0.331327 0.118748 0.0230019 0.992658 16.6423 
0.988835 0.00248912 -0.148995 -0.273557 -0.00562503 0.999771 -0.0206296 -0.337292 0.14891 0.0212374 0.988623 16.8879 
0.983248 0.00257325 -0.182253 -0.355395 -0.00580782 0.999835 -0.0172164 -0.343544 0.182179 0.0179865 0.983101 17.1477 
0.975668 0.00351775 -0.219227 -0.454095 -0.00659163 0.99989 -0.0132918 -0.347066 0.219156 0.0144135 0.975583 17.4235 
0.965771 0.00525438 -0.259344 -0.563092 -0.00760125 0.999939 -0.00804737 -0.349226 0.259286 0.0097433 0.965752 17.7129 
0.953564 0.00941556 -0.301043 -0.699273 -0.0108734 0.999936 -0.00316754 -0.352981 0.300994 0.00629386 0.953605 18.0031 
0.939106 0.0128061 -0.34339 -0.853926 -0.0132522 0.999912 0.00104739 -0.351139 0.343373 0.00356712 0.939192 18.3109 
0.921911 0.0152181 -0.387103 -1.0197 -0.0137315 0.999884 0.00660562 -0.351778 0.387158 -0.000774227 0.922013 18.6177 
0.902126 0.0182747 -0.431086 -1.20217 -0.0135038 0.999809 0.0141249 -0.352838 0.431262 -0.00692105 0.9022 18.9253 
0.879643 0.0224424 -0.475106 -1.40076 -0.0142988 0.999683 0.0207479 -0.354092 0.47542 -0.0114572 0.879684 19.2281 
0.85393 0.0276642 -0.519652 -1.61365 -0.0169418 0.999535 0.0253711 -0.355986 0.520112 -0.0128613 0.854001 19.5212 
0.825049 0.0305474 -0.564235 -1.85488 -0.0175558 0.999441 0.0284384 -0.350773 0.564789 -0.0135574 0.825124 19.8194 
0.793219 0.0336418 -0.608006 -2.12079 -0.0196415 0.999367 0.0296714 -0.338868 0.608619 -0.0115937 0.793378 20.1106 
0.75841 0.0359107 -0.650788 -2.41221 -0.019754 0.999289 0.0321203 -0.326183 0.651479 -0.0115046 0.75858 20.399 
0.720466 0.0394823 -0.692366 -2.73337 -0.020561 0.999155 0.0355815 -0.310256 0.693185 -0.0113995 0.720669 20.6825 
0.68055 0.0404648 -0.731583 -3.08175 -0.0181035 0.999098 0.0384206 -0.295709 0.732478 -0.0129028 0.680669 20.9609 
0.638922 0.0402436 -0.768218 -3.45464 -0.0153353 0.999099 0.0395842 -0.281898 0.769119 -0.0135103 0.638963 21.2269 
0.595513 0.0390588 -0.802396 -3.85491 -0.00998467 0.9991 0.0412236 -0.266485 0.803284 -0.0165375 0.595367 21.4832 
0.550444 0.0392961 -0.833947 -4.27842 -0.00551272 0.999041 0.0434368 -0.251329 0.834854 -0.0193121 0.550133 21.719 
0.503186 0.0405159 -0.863228 -4.72871 -0.00349627 0.998988 0.0448498 -0.230641 0.864171 -0.0195497 0.502818 21.9363 
0.453364 0.0401758 -0.890419 -5.20512 -0.00255733 0.999038 0.0437745 -0.209858 0.891322 -0.0175687 0.453031 22.1263 
0.400717 0.0389963 -0.915372 -5.70378 0.00263364 0.999041 0.0437136 -0.189431 0.916198 -0.0199275 0.40023 22.3023 
0.347018 0.0382709 -0.937077 -6.22688 0.0078395 0.999014 0.0437035 -0.170018 0.937826 -0.0225121 0.346376 22.4556 
0.292572 0.0371229 -0.955523 -6.78083 0.0105182 0.999061 0.0420349 -0.145392 0.956186 -0.0223486 0.291907 22.589 
0.238816 0.0428575 -0.970119 -7.35959 0.0110038 0.998842 0.0468352 -0.11794 0.971003 -0.0218599 0.238068 22.6909 
0.187084 0.0478787 -0.981176 -7.96141 0.0136109 0.998589 0.0513236 -0.0923084 0.98225 -0.0229565 0.186169 22.766 
0.138491 0.0493742 -0.989132 -8.57883 0.0191146 0.998437 0.052515 -0.0683897 0.990179 -0.0261797 0.137331 22.8208 
0.0941259 0.0508497 -0.994261 -9.21526 0.0214225 0.99836 0.0530874 -0.0491351 0.99533 -0.0262964 0.0928822 22.8473 
0.0535869 0.0490013 -0.99736 -9.86531 0.0211848 0.998515 0.0501963 -0.0227311 0.998338 -0.0238187 0.0524692 22.8491 
0.0178944 0.0445313 -0.998848 -10.527 0.0184649 0.998823 0.0448609 0.00981227 0.999669 -0.0192464 0.017051 22.8251 
-0.0106818 0.0444404 -0.998955 -11.2161 0.0164005 0.998885 0.044262 0.0414116 0.999808 -0.0159106 -0.0113988 22.7867 
-0.0317646 0.0485701 -0.998315 -11.9244 0.0150634 0.998728 0.048111 0.0703005 0.999382 -0.0135097 -0.0324558 22.7372 
-0.0446438 0.0545684 -0.997512 -12.6529 0.0164808 0.998411 0.05388 0.0983968 0.998867 -0.0140343 -0.0454723 22.682 
-0.0527763 0.0571985 -0.996967 -13.4074 0.0163033 0.998275 0.0564105 0.130035 0.998473 -0.0132767 -0.0536177 22.6266 
-0.0567022 0.0544982 -0.996903 -14.1761 0.0175027 0.99841 0.0535851 0.159924 0.998238 -0.01441 -0.0575659 22.5724 
-0.0561342 0.050793 -0.99713 -14.9605 0.0251044 0.998461 0.0494475 0.195962 0.998108 -0.0222567 -0.057323 22.5259 
-0.0520494 0.0494164 -0.997421 -15.764 0.0369509 0.998186 0.0475261 0.236514 0.997961 -0.0343818 -0.053781 22.491 
-0.0466742 0.0494406 -0.997686 -16.6045 0.0374769 0.998158 0.0477108 0.272356 0.998207 -0.0351633 -0.0484411 22.4479 
-0.0416272 0.0479409 -0.997982 -17.4529 0.0356711 0.998283 0.0464674 0.298499 0.998496 -0.0336648 -0.0432658 22.3963 
-0.0384715 0.0417585 -0.998387 -18.3154 0.0392837 0.998417 0.040246 0.330984 0.998487 -0.037672 -0.0400511 22.3609 
-0.0363606 0.0309778 -0.998859 -19.1828 0.0371055 0.998872 0.0296275 0.356746 0.99865 -0.0359858 -0.0374691 22.3138 
-0.0360628 0.0226903 -0.999092 -20.0845 0.0297183 0.999324 0.0216229 0.37026 0.998908 -0.0289115 -0.0367127 22.2627 
-0.0374804 0.0197322 -0.999103 -21.0103 0.0241098 0.999532 0.0188362 0.391939 0.999007 -0.0233822 -0.0379386 22.2049 
-0.0410393 0.0255283 -0.998831 -21.9576 0.0149172 0.999578 0.0249345 0.406008 0.999046 -0.0138765 -0.0414028 22.1342 
-0.0462709 0.0334183 -0.99837 -22.9458 0.0101902 0.999404 0.0329807 0.42873 0.998877 -0.00864755 -0.0465839 22.0614 
-0.0511796 0.0428999 -0.997768 -23.9616 0.00888854 0.999057 0.0424994 0.459159 0.99865 -0.00669355 -0.0515126 21.994 
-0.0529844 0.0528521 -0.997196 -24.9901 0.00778874 0.99859 0.0525122 0.498652 0.998565 -0.00498453 -0.0533213 21.9247 
-0.054064 0.0606587 -0.996693 -26.0168 0.00964295 0.998138 0.0602236 0.541548 0.998491 -0.00635509 -0.0545483 21.8543 
-0.0555993 0.0614233 -0.996562 -27.0383 0.0107087 0.998085 0.0609197 0.590549 0.998396 -0.00728474 -0.0561506 21.7808 
-0.0573234 0.0587399 -0.996626 -28.0539 0.00959624 0.998254 0.0582838 0.63484 0.99831 -0.0062228 -0.057787 21.7001 
-0.0600424 0.0537041 -0.99675 -29.0728 0.00942653 0.998538 0.0532326 0.677942 0.998151 -0.00619964 -0.0604608 21.619 
-0.0646616 0.0486055 -0.996723 -30.0917 0.00966598 0.998797 0.0480796 0.713909 0.99786 -0.00652537 -0.0650536 21.5337 
-0.0702948 0.0441086 -0.996551 -31.1125 0.00984142 0.999004 0.043523 0.747822 0.997478 -0.00674799 -0.0706589 21.4457 
-0.0773866 0.042257 -0.996105 -32.1397 0.00897603 0.99909 0.0416863 0.778461 0.996961 -0.00571507 -0.0776955 21.3452 
-0.0839852 0.0447143 -0.995463 -33.2023 0.00934953 0.998984 0.0440837 0.813547 0.996423 -0.00560469 -0.0843179 21.2327 
-0.0902884 0.0495863 -0.99468 -34.2739 0.00797328 0.998764 0.0490661 0.849184 0.995884 -0.00350072 -0.0905722 21.1114 
-0.0965631 0.0524215 -0.993945 -35.3462 0.00545128 0.998625 0.0521387 0.886695 0.995312 -0.000383559 -0.0967161 20.9835 
-0.101322 0.054517 -0.993359 -36.423 0.00244651 0.998508 0.05455 0.930996 0.994851 0.00309688 -0.101304 20.8527 
-0.104163 0.0558774 -0.992989 -37.5003 -0.00214292 0.998406 0.056407 0.973464 0.994558 0.00800347 -0.103877 20.7135 
-0.106004 0.0569943 -0.992731 -38.5809 -0.00585612 0.998303 0.0579395 1.01825 0.994348 0.0119554 -0.10549 20.5728 
-0.107606 0.0564918 -0.992587 -39.669 -0.00714298 0.998315 0.0575922 1.06595 0.994168 0.0132873 -0.107021 20.4297 
-0.109005 0.0555524 -0.992488 -40.7567 -0.0075864 0.998362 0.0567144 1.11372 0.994012 0.0137116 -0.108405 20.2865 
-0.110126 0.0549143 -0.9924 -41.8459 -0.00877566 0.99838 0.0562191 1.15806 0.993879 0.0149002 -0.109465 20.1446 
-0.110891 0.0539308 -0.992368 -42.9348 -0.0109961 0.998399 0.0554873 1.20215 0.993772 0.0170653 -0.110121 19.9965 
-0.111685 0.0514068 -0.992413 -44.0218 -0.0152717 0.998454 0.0534384 1.24489 0.993626 0.0211242 -0.110727 19.849 
-0.112151 0.0464981 -0.992603 -45.1135 -0.0207075 0.998578 0.0491177 1.28276 0.993475 0.026063 -0.111029 19.6997 
-0.111457 0.0458931 -0.992709 -46.215 -0.0221322 0.998571 0.048649 1.32428 0.993523 0.0273932 -0.110282 19.5529 
-0.109863 0.0499772 -0.99269 -47.3294 -0.0229227 0.998342 0.0527987 1.36789 0.993682 0.0285558 -0.108535 19.405 
-0.108147 0.0531483 -0.992713 -48.4474 -0.0229025 0.998172 0.0559355 1.41078 0.993871 0.0287849 -0.106732 19.264 
-0.106757 0.0528445 -0.99288 -49.5568 -0.0210554 0.998243 0.0553938 1.46001 0.994062 0.0268192 -0.105456 19.1272 
-0.104445 0.0522323 -0.993158 -50.669 -0.0208395 0.998286 0.0546935 1.50321 0.994312 0.0264094 -0.103177 18.9921 
-0.100522 0.052682 -0.993539 -51.806 -0.0251777 0.998143 0.0554734 1.54997 0.994616 0.0305913 -0.0990085 18.8525 
-0.0948299 0.0534511 -0.994058 -52.933 -0.0304015 0.997936 0.0565599 1.59737 0.995029 0.0355845 -0.0930092 18.7189 
-0.0892692 0.0529499 -0.994599 -54.0562 -0.0339189 0.997845 0.056167 1.64363 0.99543 0.0387497 -0.0872808 18.595 
-0.0838214 0.0522499 -0.99511 -55.1864 -0.0354887 0.997834 0.0553822 1.68904 0.995849 0.0399574 -0.0817856 18.4812 
-0.0781103 0.0514603 -0.995616 -56.3209 -0.0349083 0.997913 0.0543178 1.73725 0.996333 0.0389981 -0.0761509 18.372 
-0.0732085 0.051525 -0.995985 -57.4675 -0.0332119 0.997985 0.0540696 1.78173 0.996764 0.037037 -0.0713497 18.2727 
-0.0675731 0.0520856 -0.996354 -58.6102 -0.0324652 0.997993 0.0543731 1.82913 0.997186 0.036021 -0.0657465 18.1759 
-0.0620514 0.053774 -0.996623 -59.7674 -0.0311766 0.997956 0.055787 1.87615 0.997586 0.034533 -0.0602481 18.0852 
-0.0567817 0.0548791 -0.996877 -60.9132 -0.0318082 0.997882 0.0567462 1.92491 0.99788 0.034931 -0.0549158 18.0027 
-0.0517724 0.0542128 -0.997186 -62.0678 -0.0313129 0.997946 0.0558798 1.97153 0.998168 0.0341179 -0.0499686 17.9259 
-0.0471905 0.0496846 -0.99765 -63.2148 -0.0310133 0.998208 0.0511794 2.01673 0.998404 0.0333556 -0.045565 17.8568 
-0.0427067 0.0445041 -0.998096 -64.3608 -0.0310696 0.998465 0.0458499 2.05689 0.998604 0.0329686 -0.0412584 17.7882 
-0.0388007 0.0438192 -0.998286 -65.5149 -0.0310664 0.998502 0.0450361 2.09774 0.998764 0.0327606 -0.0373813 17.7183 
-0.0356827 0.0462719 -0.998291 -66.6816 -0.0305175 0.998411 0.0473683 2.13228 0.998897 0.0321556 -0.0342139 17.6575 
-0.0334223 0.0456026 -0.9984 -67.8453 -0.0307752 0.998438 0.0466345 2.17403 0.998967 0.0322847 -0.0319666 17.5953 
-0.0324271 0.0453184 -0.998446 -69.0175 -0.0324243 0.998398 0.0463693 2.21578 0.998948 0.0338776 -0.0309057 17.5344 
-0.031435 0.0461577 -0.998439 -70.1877 -0.0336311 0.998319 0.047211 2.25299 0.99894 0.0350627 -0.0298298 17.4702 
-0.030399 0.0456223 -0.998496 -71.3661 -0.0344087 0.998318 0.0466618 2.2938 0.998945 0.0357755 -0.0287781 17.4133 
-0.029268 0.0435573 -0.998622 -72.5401 -0.0348602 0.998398 0.0445692 2.32976 0.998964 0.0361166 -0.0277027 17.3554 
-0.0287738 0.0423833 -0.998687 -73.7232 -0.0330423 0.998514 0.043328 2.36599 0.99904 0.0342456 -0.0273306 17.3019 
-0.0283796 0.0421486 -0.998708 -74.9094 -0.0300184 0.998624 0.0429981 2.40215 0.999146 0.0311999 -0.0270753 17.2523 
-0.0280938 0.0431609 -0.998673 -76.1012 -0.0276459 0.998652 0.0439377 2.43376 0.999223 0.0288436 -0.0268627 17.2032 
-0.0280353 0.0460097 -0.998548 -77.2831 -0.027237 0.998534 0.0467738 2.46754 0.999236 0.0285087 -0.026741 17.1493 
-0.0279381 0.0495466 -0.998381 -78.4696 -0.0294914 0.998295 0.0503676 2.5037 0.999175 0.0308509 -0.0264293 17.0971 
-0.0274719 0.0495358 -0.998395 -79.6473 -0.031964 0.998217 0.0504065 2.54089 0.999111 0.0332975 -0.0258396 17.0411 
-0.027247 0.0476552 -0.998492 -80.825 -0.0328452 0.998281 0.0485414 2.57805 0.999089 0.0341183 -0.0256349 16.987 
-0.0270914 0.0453462 -0.998604 -82.0128 -0.0328894 0.998389 0.0462288 2.61483 0.999092 0.0340959 -0.0255563 16.9346 
-0.0271046 0.0447191 -0.998632 -83.1885 -0.0305063 0.998497 0.0455411 2.6487 0.999167 0.0316989 -0.0256996 16.8844 
-0.0272447 0.0463629 -0.998553 -84.3606 -0.0291276 0.998463 0.0471534 2.6816 0.999204 0.0303702 -0.0258524 16.8376 
-0.0268342 0.0490453 -0.998436 -85.5352 -0.0284329 0.998354 0.0498055 2.72234 0.999235 0.029725 -0.0253955 16.7833 
-0.0261822 0.0514441 -0.998333 -86.7049 -0.0287105 0.998224 0.0521915 2.75847 0.999245 0.0300292 -0.0246587 16.7308 
-0.0261159 0.0517235 -0.99832 -87.8791 -0.0302941 0.998161 0.0525078 2.79763 0.9992 0.0316145 -0.024501 16.6769 
-0.0260995 0.0495124 -0.998432 -89.0524 -0.0294298 0.998302 0.0502752 2.8404 0.999226 0.0306959 -0.024598 16.6339 
-0.0259598 0.0482632 -0.998497 -90.2294 -0.0280203 0.998406 0.0489873 2.87861 0.99927 0.0292499 -0.0245661 16.5892 
-0.0260951 0.0493531 -0.99844 -91.4009 -0.0266171 0.998392 0.0500464 2.91732 0.999305 0.0278816 -0.0247395 16.5432 
-0.0262049 0.0523714 -0.998284 -92.5704 -0.0242195 0.9983 0.0530081 2.95504 0.999363 0.025567 -0.024892 16.5014 
-0.0262615 0.0549796 -0.998142 -93.7484 -0.0229611 0.99819 0.0555863 2.99704 0.999391 0.0243783 -0.0249516 16.4539 
-0.0258244 0.0566881 -0.998058 -94.9249 -0.0233476 0.998084 0.0572937 3.04396 0.999394 0.0247819 -0.0244514 16.4033 
-0.0255654 0.0586019 -0.997954 -96.0963 -0.0260497 0.997902 0.0592662 3.08954 0.999334 0.0275117 -0.0239852 16.3506 
-0.025223 0.0577008 -0.998015 -97.262 -0.0281266 0.997897 0.0584048 3.13564 0.999286 0.029544 -0.023547 16.2978 
-0.025513 0.0536886 -0.998232 -98.4304 -0.0306503 0.998045 0.054462 3.18259 0.999205 0.0319856 -0.0238175 16.2457 
-0.0252974 0.0518385 -0.998335 -99.5942 -0.0314842 0.998118 0.052625 3.22953 0.999184 0.0327631 -0.0236177 16.1968 
-0.0254366 0.0501813 -0.998416 -100.762 -0.0312373 0.998212 0.0509669 3.27289 0.999188 0.0324843 -0.0238236 16.1538 
-0.0253513 0.0505237 -0.998401 -101.916 -0.0302499 0.998226 0.0512829 3.3149 0.999221 0.0315016 -0.023778 16.1065 
-0.0255704 0.0527275 -0.998282 -103.084 -0.0303657 0.998106 0.0534961 3.35634 0.999212 0.0316814 -0.0239209 16.056 
-0.025746 0.0548448 -0.998163 -104.25 -0.0287707 0.99804 0.0555801 3.40112 0.999254 0.0301489 -0.0241176 16.0085 
-0.0262533 0.0537664 -0.998208 -105.427 -0.0325968 0.997976 0.0546112 3.44987 0.999124 0.0339722 -0.0244476 15.9493 
-0.02665 0.0548126 -0.998141 -106.6 -0.036684 0.997769 0.0557717 3.49878 0.998972 0.0381021 -0.0245798 15.8945 
-0.0269744 0.0538692 -0.998184 -107.768 -0.0399033 0.997693 0.054921 3.54696 0.998839 0.0413123 -0.0247626 15.8367 
-0.0273861 0.0499706 -0.998375 -108.95 -0.0406876 0.997866 0.0510612 3.59378 0.998797 0.0420199 -0.0252945 15.783 
-0.028268 0.0459401 -0.998544 -110.129 -0.0406833 0.998063 0.0470697 3.63846 0.998772 0.0419547 -0.0263443 15.7325 
-0.0294534 0.0450125 -0.998552 -111.336 -0.0369135 0.998255 0.0460879 3.68108 0.998884 0.0382176 -0.0277405 15.685 
-0.0301928 0.044386 -0.998558 -112.547 -0.0319815 0.998459 0.0453486 3.72219 0.999032 0.0333047 -0.0287267 15.6393 
-0.0306477 0.0460081 -0.998471 -113.766 -0.031028 0.998415 0.0469579 3.77005 0.999049 0.0324197 -0.0291716 15.5789 
-0.0315316 0.0499508 -0.998254 -114.995 -0.0299761 0.998254 0.0508976 3.81357 0.999053 0.0315287 -0.0299792 15.52 
-0.032446 0.0500886 -0.998218 -116.222 -0.0281584 0.998301 0.0510081 3.85973 0.999077 0.0297633 -0.0309804 15.4667 
-0.0331303 0.0455937 -0.998411 -117.462 -0.0282599 0.998517 0.0465363 3.90779 0.999051 0.0297568 -0.0317927 15.4037 
-0.0339495 0.0417682 -0.99855 -118.718 -0.0284215 0.998682 0.04274 3.95342 0.999019 0.0298314 -0.0327176 15.3354 
-0.0347226 0.0403159 -0.998584 -119.978 -0.0276408 0.998765 0.0412843 3.99394 0.999015 0.0290352 -0.0335653 15.268 
-0.03532 0.0414327 -0.998517 -121.235 -0.029562 0.99866 0.0424843 4.03401 0.998939 0.0310187 -0.0340479 15.198 
-0.0359039 0.0460226 -0.998295 -122.495 -0.0344778 0.998287 0.0472623 4.07314 0.99876 0.036116 -0.0342557 15.1228 
-0.0362384 0.0490157 -0.99814 -123.758 -0.0398497 0.997931 0.0504523 4.11601 0.998548 0.041604 -0.0342102 15.0469 
-0.036735 0.048463 -0.998149 -125.017 -0.0468301 0.997643 0.0501619 4.16346 0.998227 0.0485862 -0.0343789 14.9716 
-0.0368924 0.0463973 -0.998242 -126.286 -0.0499354 0.997588 0.0482124 4.20576 0.998071 0.0516263 -0.0344866 14.9017 
-0.0378052 0.0448972 -0.998276 -127.558 -0.0517976 0.997559 0.0468266 4.25027 0.997942 0.0534786 -0.0353874 14.8325 
-0.0386245 0.0441526 -0.998278 -128.842 -0.0515966 0.997603 0.0461191 4.29437 0.997921 0.0532892 -0.0362538 14.7586 
-0.0390046 0.0434529 -0.998294 -130.128 -0.0494787 0.997745 0.0453621 4.33299 0.998013 0.0511637 -0.0367666 14.6838 
-0.039348 0.0440456 -0.998254 -131.399 -0.0495308 0.997714 0.0459741 4.37282 0.997997 0.0512533 -0.0370764 14.6067 
-0.040476 0.0491232 -0.997972 -132.661 -0.0490058 0.997491 0.0510871 4.4148 0.997978 0.0509742 -0.0379671 14.539 
-0.0412763 0.0532211 -0.997729 -133.937 -0.0478311 0.99733 0.0551786 4.46252 0.998002 0.0500001 -0.0386205 14.4677 
-0.0413511 0.0518404 -0.997799 -135.201 -0.0484571 0.997374 0.0538265 4.51178 0.997969 0.0505763 -0.0387305 14.3916 
-0.0406068 0.0503289 -0.997907 -136.457 -0.0479422 0.997482 0.0522584 4.56275 0.998024 0.049964 -0.0380917 14.3168 
-0.0398847 0.0498205 -0.997962 -137.716 -0.0470685 0.997554 0.0516813 4.60633 0.998095 0.0490338 -0.0374421 14.2513 
-0.0391316 0.0490987 -0.998027 -138.976 -0.0472575 0.997584 0.0509298 4.65023 0.998116 0.0491573 -0.0367167 14.182 
-0.0385909 0.0510901 -0.997948 -140.246 -0.0472324 0.997483 0.0528928 4.69809 0.998138 0.0491767 -0.0360806 14.1155 
-0.0378221 0.0547937 -0.997781 -141.518 -0.0483191 0.997227 0.0565949 4.74715 0.998116 0.0503524 -0.0350696 14.0417 
-0.037 0.055948 -0.997748 -142.779 -0.0499849 0.997078 0.0577641 4.79421 0.998064 0.0520096 -0.0340953 13.9768 
-0.0361542 0.0530783 -0.997936 -144.037 -0.0519283 0.99714 0.0549173 4.84365 0.997996 0.0538067 -0.0332945 13.9087 
-0.0361345 0.0502103 -0.998085 -145.29 -0.050641 0.997362 0.0520073 4.89031 0.998063 0.0524233 -0.0334965 13.8397 
-0.0363135 0.0488164 -0.998147 -146.536 -0.0478672 0.997575 0.0505299 4.93263 0.998193 0.0496134 -0.0338887 13.7797 
-0.0367803 0.0484929 -0.998146 -147.782 -0.0465141 0.997656 0.0501831 4.97408 0.99824 0.0482737 -0.0344385 13.7149 
-0.0371475 0.0489131 -0.998112 -149.032 -0.043848 0.99776 0.0505278 5.01515 0.998347 0.0456423 -0.0349195 13.6517 
-0.0376644 0.0474498 -0.998163 -150.273 -0.0418314 0.997922 0.0490168 5.057 0.998415 0.0436008 -0.0356012 13.5901 
-0.0383424 0.0475281 -0.998134 -151.515 -0.0410214 0.997951 0.0490952 5.10004 0.998422 0.0428273 -0.0363142 13.5303 
-0.0388844 0.0502921 -0.997977 -152.778 -0.0386393 0.99791 0.0517942 5.14577 0.998496 0.0405752 -0.0368598 13.4674 
-0.0388646 0.0516735 -0.997908 -154.026 -0.0363821 0.997927 0.0530914 5.19185 0.998582 0.0383694 -0.0369041 13.3973 
-0.0392861 0.0501849 -0.997967 -155.257 -0.0339168 0.998096 0.0515265 5.2383 0.998652 0.0358721 -0.0375092 13.3327 
-0.0404089 0.0502819 -0.997917 -156.496 -0.0349402 0.998051 0.0517035 5.28352 0.998572 0.0369568 -0.0385732 13.2662 
-0.0406848 0.054974 -0.997659 -157.741 -0.0357262 0.997767 0.0564369 5.33161 0.998533 0.0379387 -0.0386299 13.1947 
-0.0404212 0.0612891 -0.997301 -158.98 -0.0407897 0.997184 0.0629351 5.38345 0.99835 0.0432235 -0.0378074 13.1201 
-0.0396509 0.0610617 -0.997346 -160.208 -0.0454194 0.996989 0.0628455 5.442 0.998181 0.0477908 -0.0367581 13.0443 
-0.0380457 0.0569902 -0.99765 -161.453 -0.0492056 0.997054 0.0588326 5.502 0.998064 0.0513283 -0.0351294 12.9566 
-0.0363004 0.0513289 -0.998022 -162.698 -0.0510282 0.997282 0.0531469 5.5584 0.998037 0.0528565 -0.0335825 12.8802 
-0.0358009 0.0495595 -0.998129 -163.923 -0.0536239 0.997236 0.0514385 5.60268 0.997919 0.0553652 -0.0330444 12.8141 
-0.0347662 0.0466856 -0.998304 -165.147 -0.0483957 0.997658 0.0483408 5.6441 0.998223 0.0499943 -0.0324254 12.7571 
-0.0347455 0.0422768 -0.998502 -166.353 -0.045088 0.998021 0.0438254 5.68209 0.998379 0.0465433 -0.0327706 12.6983 
-0.0349111 0.0392892 -0.998618 -167.582 -0.03917 0.998405 0.0406502 5.71721 0.998623 0.040535 -0.0333165 12.6311 
-0.0358517 0.0421378 -0.998468 -168.828 -0.0370259 0.998369 0.0434631 5.75717 0.998671 0.0385275 -0.034233 12.5674 
-0.0356072 0.0485468 -0.998186 -170.072 -0.0374533 0.998053 0.0498764 5.79491 0.998664 0.0391613 -0.0337197 12.5078 
-0.0340523 0.051521 -0.998091 -171.307 -0.0393657 0.997826 0.0528504 5.8402 0.998645 0.0410902 -0.0319502 12.4406 
-0.0323608 0.0484479 -0.998301 -172.532 -0.0404103 0.997944 0.0497405 5.88292 0.998659 0.0419513 -0.0303365 12.3802 
-0.0320838 0.0483556 -0.998315 -173.762 -0.0426699 0.997852 0.0497046 5.92758 0.998574 0.0441927 -0.0299515 12.3206 
-0.0312567 0.0496022 -0.99828 -174.983 -0.0404842 0.997885 0.0508502 5.9651 0.998691 0.042004 -0.0291825 12.2666 
-0.0309199 0.0476896 -0.998384 -176.186 -0.0405667 0.997978 0.0489266 6.00438 0.998698 0.042014 -0.0289228 12.2107 
-0.0293641 0.0462507 -0.998498 -177.376 -0.040615 0.998049 0.0474243 6.04141 0.998743 0.0419466 -0.0274283 12.1576 
-0.0277185 0.0480153 -0.998462 -178.531 -0.0422834 0.997895 0.0491619 6.07277 0.998721 0.0435811 -0.0256299 12.1 
-0.0263273 0.0498523 -0.99841 -179.677 -0.0419714 0.99782 0.0509296 6.10546 0.998772 0.0432455 -0.0241775 12.0437 
-0.0259662 0.0511602 -0.998353 -180.782 -0.0427232 0.99772 0.052239 6.13598 0.99875 0.0440093 -0.0237213 11.9956 
-0.0259787 0.0523942 -0.998289 -181.865 -0.0429482 0.997645 0.053478 6.16705 0.99874 0.044264 -0.0236673 11.949 
-0.0262375 0.0534062 -0.998228 -182.932 -0.0421842 0.997623 0.0544826 6.19838 0.998765 0.043539 -0.0239223 11.8998 
-0.0257774 0.052382 -0.998294 -183.969 -0.042164 0.997681 0.0534385 6.23348 0.998778 0.0434696 -0.023509 11.8521 
-0.024555 0.0523925 -0.998325 -184.957 -0.0430796 0.997643 0.0534163 6.25956 0.99877 0.0443191 -0.02224 11.8122 
-0.0233444 0.0531747 -0.998312 -185.914 -0.043767 0.997573 0.0541587 6.2875 0.998769 0.0449575 -0.0209605 11.7737 
-0.0243673 0.051765 -0.998362 -186.853 -0.0418112 0.997732 0.0527528 6.31094 0.998828 0.0430282 -0.0221477 11.7382 
-0.0277918 0.0487269 -0.998425 -187.797 -0.0395631 0.997975 0.0498062 6.34064 0.998831 0.0408851 -0.0258077 11.7007 
-0.032999 0.0452956 -0.998428 -188.733 -0.0395319 0.998132 0.0465887 6.36651 0.998673 0.0410072 -0.0311467 11.6525 
-0.0382687 0.0420192 -0.998384 -189.675 -0.0408508 0.998215 0.0435779 6.39744 0.998432 0.0424524 -0.0364839 11.6025 
-0.0424241 0.0410561 -0.998256 -190.608 -0.0429318 0.998158 0.0428766 6.42532 0.998177 0.044676 -0.0405833 11.5422 
-0.0456953 0.0416542 -0.998087 -191.544 -0.0445363 0.998052 0.0436918 6.4503 0.997962 0.0464476 -0.0437511 11.4847 
-0.0481514 0.0432518 -0.997903 -192.485 -0.0432531 0.998035 0.0453446 6.48026 0.997903 0.0453458 -0.046186 11.4315 
-0.0501196 0.0450643 -0.997726 -193.405 -0.0401321 0.998084 0.0470965 6.5029 0.997937 0.0424013 -0.0482151 11.3779 
-0.0517688 0.0455931 -0.997618 -194.326 -0.0386595 0.998117 0.047622 6.52898 0.997911 0.0410328 -0.0499087 11.3186 
-0.0529245 0.0444106 -0.997611 -195.242 -0.0389109 0.99816 0.0464994 6.55743 0.99784 0.0412789 -0.0510991 11.2538 
-0.0536207 0.043132 -0.997629 -196.152 -0.0406078 0.998146 0.045337 6.58339 0.997735 0.0429426 -0.0517698 11.1838 
-0.0536197 0.0420907 -0.997674 -197.061 -0.044108 0.998036 0.0444765 6.613 0.997587 0.0463903 -0.0516579 11.1129 
-0.0528994 0.040084 -0.997795 -197.972 -0.0470046 0.997987 0.0425837 6.6406 0.997493 0.0491537 -0.0509088 11.043 
-0.0520578 0.0374116 -0.997943 -198.882 -0.0472161 0.998088 0.0398801 6.66515 0.997527 0.0491951 -0.0501919 10.9793 
-0.0516234 0.0347352 -0.998062 -199.794 -0.0471957 0.998193 0.0371809 6.69021 0.997551 0.0490237 -0.0498908 10.914 
-0.0511292 0.0343565 -0.998101 -200.72 -0.0474287 0.998197 0.0367894 6.71331 0.997565 0.0492197 -0.0494075 10.848 
-0.0506114 0.0370453 -0.998031 -201.651 -0.0447439 0.998224 0.0393215 6.73788 0.997716 0.0466459 -0.048864 10.7852 
-0.0508913 0.0384414 -0.997964 -202.592 -0.0441905 0.998194 0.0407038 6.75841 0.997726 0.046172 -0.0491007 10.7227 
-0.0502725 0.0348383 -0.998128 -203.533 -0.039314 0.998548 0.036833 6.78198 0.997962 0.0410921 -0.0488298 10.6661 
-0.0500268 0.0315898 -0.998248 -204.474 -0.0379847 0.998716 0.0335082 6.80967 0.998025 0.0395945 -0.0487626 10.6065 
-0.0494875 0.0315474 -0.998276 -205.418 -0.0423339 0.998537 0.0336543 6.83793 0.997877 0.0439264 -0.0480795 10.5337 
-0.0483957 0.0356222 -0.998193 -206.379 -0.0438384 0.998325 0.0377523 6.8555 0.997866 0.0455862 -0.046753 10.4703 
-0.0464439 0.0350381 -0.998306 -207.342 -0.0412741 0.998464 0.0369639 6.882 0.998068 0.042921 -0.0449263 10.4104 
-0.0445599 0.0363673 -0.998345 -208.312 -0.040067 0.998468 0.0381601 6.91116 0.998203 0.0417011 -0.0430345 10.3542 
-0.0431649 0.041107 -0.998222 -209.296 -0.0409359 0.998241 0.042878 6.9396 0.998229 0.042714 -0.0414062 10.2956 
-0.0413108 0.0452675 -0.99812 -210.293 -0.0379892 0.99818 0.0468425 6.97006 0.998424 0.039853 -0.039516 10.2379 
-0.0400203 0.0456474 -0.998156 -211.292 -0.0376315 0.998178 0.0471573 7.00679 0.99849 0.0394494 -0.0382296 10.179 
-0.0378932 0.0462334 -0.998212 -212.299 -0.0411751 0.998009 0.0477871 7.04198 0.998433 0.0429123 -0.0359141 10.1188 
-0.0349853 0.0477186 -0.998248 -213.324 -0.0440509 0.997815 0.0492418 7.08161 0.998417 0.0456965 -0.0328068 10.0594 
-0.0316611 0.0480175 -0.998345 -214.35 -0.0453887 0.997746 0.0494282 7.11576 0.998468 0.0468786 -0.0294103 10.0091 
-0.0288381 0.0451194 -0.998565 -215.376 -0.0484272 0.997745 0.0464808 7.15437 0.99841 0.0496981 -0.0265881 9.95767 
-0.0259634 0.0419174 -0.998784 -216.409 -0.0483128 0.9979 0.0431362 7.18934 0.998495 0.049374 -0.0238837 9.91113 
-0.0243518 0.0411045 -0.998858 -217.452 -0.047781 0.997965 0.0422326 7.22249 0.998561 0.0487549 -0.0223382 9.86853 
-0.022932 0.0431898 -0.998804 -218.506 -0.0485482 0.99784 0.0442628 7.25651 0.998558 0.0495052 -0.0207857 9.82609 
-0.0214708 0.0464657 -0.998689 -219.571 -0.050669 0.997585 0.0475036 7.29047 0.998485 0.0516225 -0.0190646 9.7785 
-0.0201076 0.0460448 -0.998737 -220.639 -0.0508127 0.997601 0.0470155 7.32576 0.998506 0.0516939 -0.0177197 9.73719 
-0.0189418 0.0434586 -0.998876 -221.711 -0.0497416 0.997777 0.0443541 7.36027 0.998583 0.0505259 -0.016738 9.69402 
-0.0189289 0.0406673 -0.998993 -222.789 -0.0469786 0.998033 0.0415183 7.39312 0.998717 0.0477172 -0.0169812 9.65716 
-0.0191776 0.0395716 -0.999033 -223.885 -0.0455062 0.998146 0.0404101 7.42645 0.99878 0.0462372 -0.0173413 9.62444 
-0.0189747 0.0386491 -0.999073 -224.987 -0.0458474 0.998168 0.0394848 7.45715 0.998768 0.0465542 -0.017168 9.58342 
-0.0185549 0.0386335 -0.999081 -226.095 -0.045853 0.998169 0.0394498 7.48872 0.998776 0.0465429 -0.0167494 9.54331 
-0.0185283 0.0394627 -0.999049 -227.202 -0.0480242 0.998032 0.0403132 7.51984 0.998674 0.0487255 -0.0165967 9.49688 
-0.0189472 0.0416765 -0.998952 -228.326 -0.0486279 0.99791 0.0425554 7.55421 0.998637 0.0493832 -0.016881 9.45434 
-0.0196601 0.0433874 -0.998865 -229.469 -0.0487788 0.997827 0.0443023 7.58969 0.998616 0.0495944 -0.017501 9.40463 
-0.0204377 0.045058 -0.998775 -230.614 -0.0500583 0.997685 0.0460331 7.63038 0.998537 0.0509379 -0.0181349 9.36016 
-0.0216638 0.0460482 -0.998704 -231.765 -0.0522682 0.99752 0.0471274 7.66718 0.998398 0.0532214 -0.0192032 9.31834 
-0.0226084 0.0446509 -0.998747 -232.919 -0.0544433 0.997465 0.045826 7.70835 0.998261 0.0554112 -0.0201201 9.26228 
-0.0235557 0.0403324 -0.998909 -234.082 -0.0526189 0.997751 0.0415265 7.74255 0.998337 0.0535398 -0.0213805 9.21176 
-0.0246608 0.0341424 -0.999113 -235.245 -0.0497464 0.998137 0.0353369 7.77817 0.998457 0.0505738 -0.0229164 9.15632 
-0.0267975 0.029873 -0.999194 -236.427 -0.0449527 0.998506 0.0310581 7.80537 0.99863 0.0457488 -0.0254146 9.1098 
-0.0290293 0.030157 -0.999124 -237.616 -0.0388799 0.998754 0.0312755 7.82977 0.998822 0.0397538 -0.0278207 9.06238 
-0.031421 0.0343552 -0.998916 -238.82 -0.0343155 0.998783 0.03543 7.85461 0.998917 0.0353916 -0.0302039 9.01269 
-0.0335156 0.0367762 -0.998761 -240.032 -0.0320503 0.998769 0.037852 7.8839 0.998924 0.0332793 -0.0322956 8.95271 
-0.0356842 0.0363741 -0.998701 -241.234 -0.0301667 0.998843 0.0374571 7.91151 0.998908 0.0314642 -0.0345456 8.89152 
-0.0378208 0.0370208 -0.998599 -242.444 -0.0304187 0.998808 0.0381806 7.94343 0.998821 0.0318202 -0.0366496 8.82114 
-0.0398145 0.0385933 -0.998462 -243.666 -0.0294914 0.998773 0.0397813 7.97399 0.998772 0.0310299 -0.0386275 8.74761 
-0.0420435 0.0382473 -0.998383 -244.889 -0.0286105 0.998811 0.0394685 8.00639 0.998706 0.0302237 -0.0408993 8.67084 
-0.0444443 0.0368826 -0.998331 -246.119 -0.0283581 0.998869 0.0381649 8.03803 0.998609 0.030007 -0.0433481 8.59621 
-0.0467467 0.0365703 -0.998237 -247.357 -0.0282648 0.998881 0.0379175 8.06891 0.998507 0.0299875 -0.0456608 8.51462 
-0.0490374 0.037497 -0.998093 -248.606 -0.028856 0.998825 0.0389422 8.10272 0.99838 0.0307106 -0.0478978 8.42839 
-0.0514053 0.0378231 -0.997961 -249.853 -0.0292552 0.998797 0.0393617 8.13309 0.998249 0.031219 -0.0502369 8.34206 
-0.0539958 0.0387845 -0.997788 -251.107 -0.0307445 0.998707 0.040484 8.16652 0.998068 0.0328625 -0.0527336 8.25086 
-0.056398 0.0405167 -0.997586 -252.368 -0.0325435 0.998571 0.0423965 8.19926 0.997878 0.034856 -0.0549988 8.15781 
-0.0578484 0.0412941 -0.997471 -253.64 -0.0343007 0.998472 0.0433248 8.23343 0.997736 0.0367203 -0.0563436 8.05793 
-0.0591617 0.0416131 -0.997381 -254.896 -0.036783 0.998361 0.0438359 8.26875 0.997571 0.0392801 -0.0575341 7.96169 
-0.059277 0.0416485 -0.997372 -256.163 -0.0371159 0.998346 0.0438951 8.30357 0.997551 0.0396203 -0.0576331 7.86345 
-0.059183 0.0405113 -0.997425 -257.44 -0.0362981 0.998428 0.0427059 8.34237 0.997587 0.0387321 -0.0576195 7.75853 
-0.0589473 0.0394582 -0.997481 -258.7 -0.0335441 0.998576 0.0414839 8.37876 0.997697 0.035905 -0.0575398 7.66426 
-0.0594019 0.0392587 -0.997462 -259.965 -0.0322977 0.998628 0.041228 8.41267 0.997712 0.0346648 -0.0580524 7.56904 
-0.0593239 0.0395944 -0.997453 -261.231 -0.0322699 0.998615 0.0415598 8.44635 0.997717 0.0346532 -0.057964 7.46967 
-0.0590253 0.0394173 -0.997478 -262.494 -0.0314303 0.998651 0.0413235 8.4819 0.997762 0.0337902 -0.0577068 7.37053 
-0.058939 0.0401708 -0.997453 -263.777 -0.0309509 0.998636 0.0420473 8.51449 0.997782 0.0333504 -0.0576153 7.27817 
-0.0591798 0.0414203 -0.997388 -265.044 -0.0283934 0.998665 0.0431581 8.544 0.997843 0.0308733 -0.0579248 7.18781 
-0.0593616 0.0439393 -0.997269 -266.303 -0.0239773 0.99868 0.0454287 8.57948 0.997949 0.0266086 -0.0582297 7.10127 
-0.0599079 0.0476063 -0.997068 -267.555 -0.0206372 0.99859 0.0489189 8.61534 0.997991 0.0235074 -0.0588409 7.01491 
-0.06012 0.0502006 -0.996928 -268.809 -0.0183299 0.998511 0.0513857 8.653 0.998023 0.0213629 -0.0591103 6.92707 
-0.0599434 0.0486584 -0.997015 -270.042 -0.0189901 0.998575 0.0498763 8.69139 0.998021 0.0219232 -0.0589339 6.831 
-0.0599557 0.0470331 -0.997092 -271.267 -0.0214068 0.998599 0.0483914 8.7317 0.997972 0.024246 -0.0588649 6.73057 
-0.0605074 0.0498947 -0.99692 -272.503 -0.0273101 0.998293 0.051621 8.77332 0.997794 0.0303495 -0.0590415 6.62714 
-0.0605076 0.05566 -0.996615 -273.739 -0.0326414 0.9978 0.0577079 8.817 0.997634 0.0360228 -0.0585576 6.52214 
-0.0602551 0.054934 -0.99667 -274.964 -0.0369201 0.997679 0.0572216 8.86385 0.9975 0.0402451 -0.058087 6.41804 
-0.0598958 0.0482757 -0.997037 -276.197 -0.0365541 0.998054 0.0505209 8.9102 0.997535 0.0394718 -0.0580146 6.317 
-0.0605399 0.0428388 -0.997246 -277.425 -0.0337203 0.998421 0.0449363 8.95205 0.997596 0.0363479 -0.0589998 6.22667 
-0.0606155 0.0421385 -0.997271 -278.665 -0.0275707 0.998657 0.0438728 8.98942 0.99778 0.0301548 -0.0593723 6.1451 
-0.0596699 0.0438503 -0.997255 -279.9 -0.0243261 0.998674 0.0453682 9.02542 0.997922 0.0269665 -0.0585241 6.05506 
-0.057984 0.0456482 -0.997273 -281.155 -0.0235449 0.998614 0.0470785 9.06954 0.99804 0.0262106 -0.0568289 5.95381 
-0.0568107 0.047893 -0.997236 -282.389 -0.0248296 0.998472 0.0493669 9.11112 0.998076 0.0275655 -0.0555348 5.8583 
-0.0557917 0.0492315 -0.997228 -283.624 -0.0259915 0.998374 0.0507422 9.15145 0.998104 0.0287505 -0.0544213 5.76303 
-0.0551004 0.0502428 -0.997216 -284.859 -0.0267192 0.998301 0.0517739 9.19402 0.998123 0.0294976 -0.0536644 5.67395 
-0.0544385 0.0496223 -0.997283 -286.087 -0.026292 0.998347 0.0511104 9.23253 0.998171 0.029003 -0.0530438 5.58436 
-0.0543614 0.0479606 -0.997369 -287.306 -0.0268949 0.998413 0.0494768 9.2724 0.998159 0.0295138 -0.0529852 5.49611 
-0.0543367 0.0468636 -0.997422 -288.528 -0.0266927 0.998473 0.0483671 9.31245 0.998166 0.029252 -0.0530028 5.41239 
-0.0541267 0.04651 -0.99745 -289.756 -0.0273449 0.998471 0.0480415 9.3528 0.99816 0.0298755 -0.0527722 5.3182 
-0.0537973 0.0463421 -0.997476 -290.988 -0.0279422 0.998462 0.0478949 9.39027 0.998161 0.0304483 -0.0524197 5.22777 
-0.0537345 0.0466548 -0.997465 -292.219 -0.028444 0.998431 0.0482323 9.42913 0.99815 0.0309637 -0.0523231 5.14038 
-0.0534515 0.0467907 -0.997474 -293.449 -0.0277697 0.998446 0.0483244 9.46745 0.998184 0.0302826 -0.0520691 5.05259 
-0.0535407 0.0451333 -0.997545 -294.68 -0.0275837 0.99853 0.0466583 9.50698 0.998185 0.0300141 -0.0522171 4.96376 
-0.0536717 0.0425532 -0.997652 -295.902 -0.0269339 0.998666 0.0440455 9.54156 0.998195 0.0292346 -0.052454 4.87809 
-0.0539532 0.0396271 -0.997757 -297.134 -0.0278393 0.998764 0.0411725 9.57541 0.998155 0.0299983 -0.0527834 4.7868 
-0.054626 0.038113 -0.997779 -298.388 -0.0296777 0.998768 0.0397755 9.61094 0.998066 0.0317846 -0.0534276 4.70784 
-0.0548919 0.0379851 -0.99777 -299.636 -0.0330705 0.998659 0.0398383 9.64457 0.997945 0.0351835 -0.053562 4.6085 
-0.0551484 0.0391021 -0.997712 -300.875 -0.0363564 0.998492 0.0411423 9.67511 0.997816 0.0385422 -0.0536436 4.50909 
-0.0554374 0.0398439 -0.997667 -302.12 -0.0399127 0.998316 0.0420877 9.70883 0.997664 0.0421528 -0.0537538 4.40694 
-0.0554318 0.0397771 -0.99767 -303.365 -0.0413786 0.998256 0.0420995 9.74156 0.997605 0.0436159 -0.0536892 4.30683 
-0.0560516 0.0376785 -0.997717 -304.603 -0.0411397 0.998352 0.0400138 9.77491 0.99758 0.0432886 -0.0544091 4.21754 
-0.0567753 0.0355629 -0.997753 -305.853 -0.0387832 0.998533 0.0377975 9.80685 0.997633 0.040842 -0.0553128 4.12741 
-0.0576536 0.03518 -0.997717 -307.104 -0.0358308 0.998662 0.0372838 9.83755 0.997693 0.0378986 -0.0563159 4.03616 
-0.05868 0.0374489 -0.997574 -308.355 -0.033529 0.998658 0.0394619 9.86314 0.997714 0.0357633 -0.0573456 3.94592 
