1 2.12261e-08 -2.11895e-08 0 2.12261e-08 1 2.10703e-08 0 -2.11895e-08 2.10703e-08 1 0 
0.999934 -0.00298284 0.0111405 0.0146698 0.00297056 0.999995 0.00112239 -0.0058849 -0.0111438 -0.00108918 0.999937 0.284013 
0.99983 -0.00514356 0.01773 0.0233858 0.00512405 0.999986 0.00114802 -0.00963527 -0.0177357 -0.00105694 0.999842 0.575868 
0.999779 -0.00807245 0.0193875 0.0358546 0.0080759 0.999967 -9.71642e-05 -0.012795 -0.0193861 0.000253756 0.999812 0.879087 
0.999813 -0.00950158 0.0168208 0.0431978 0.0095303 0.999953 -0.00162544 -0.0161318 -0.0168046 0.00178549 0.999857 1.1864 
0.999879 -0.0119786 0.00995145 0.0401622 0.0120102 0.999923 -0.00311842 -0.016984 -0.00991337 0.00323761 0.999946 1.507 
0.999901 -0.0138056 -0.00260723 0.0344469 0.0137922 0.999892 -0.00510455 -0.0204242 0.00267738 0.00506812 0.999984 1.84125 
0.999725 -0.0131276 -0.0194489 0.0132224 0.0130275 0.999901 -0.00526586 -0.0275351 0.0195161 0.00501108 0.999797 2.18093 
0.999198 -0.00865989 -0.0390877 -0.0228875 0.00845568 0.99995 -0.0053878 -0.0317955 0.0391324 0.00505301 0.999221 2.53625 
0.998235 -0.00520038 -0.0591559 -0.0650722 0.00481644 0.999966 -0.00663173 -0.0365429 0.0591883 0.00633515 0.998227 2.90387 
0.996806 -0.00503061 -0.0797036 -0.112373 0.00447453 0.999964 -0.00715445 -0.0393917 0.0797367 0.00677501 0.996793 3.28048 
0.994866 -0.00665382 -0.100985 -0.166158 0.00601922 0.99996 -0.00658799 -0.0433999 0.101024 0.00594636 0.994866 3.66695 
0.992645 -0.00801403 -0.1208 -0.230958 0.00736233 0.999956 -0.0058405 -0.0469853 0.120842 0.00490821 0.99266 4.06146 
0.990307 -0.00677926 -0.138729 -0.30839 0.00609935 0.999967 -0.00532585 -0.051888 0.138761 0.00442811 0.990316 4.45953 
0.987998 -0.00547193 -0.154372 -0.395804 0.00479159 0.999977 -0.0047791 -0.0567236 0.154395 0.0039821 0.988001 4.87712 
0.985781 -0.00472879 -0.167968 -0.488954 0.00395335 0.99998 -0.00495089 -0.0623023 0.167988 0.0042165 0.98578 5.30057 
0.983594 -0.00632289 -0.180286 -0.580866 0.00534585 0.999968 -0.00590494 -0.0698349 0.180318 0.00484432 0.983597 5.74169 
0.981696 -0.0100607 -0.190191 -0.673486 0.00865499 0.999929 -0.00822066 -0.0755914 0.19026 0.00642413 0.981713 6.19396 
0.980155 -0.00892164 -0.198031 -0.782511 0.0070384 0.999923 -0.0102119 -0.0800147 0.198106 0.0086155 0.980143 6.6573 
0.9786 -0.0085441 -0.205594 -0.894567 0.00622519 0.99991 -0.0119235 -0.0874594 0.205677 0.0103885 0.978565 7.13529 
0.976893 -0.00933385 -0.213525 -1.01495 0.00633419 0.999872 -0.0147283 -0.0965163 0.213635 0.0130355 0.976827 7.62069 
0.975124 -0.0131401 -0.221269 -1.13702 0.0097326 0.999817 -0.0164831 -0.1071 0.221445 0.0139196 0.975073 8.11934 
0.973235 -0.0194753 -0.228984 -1.261 0.0158356 0.999718 -0.0177218 -0.119801 0.229265 0.0136214 0.973269 8.636 
0.971135 -0.0200478 -0.237686 -1.40216 0.0157157 0.999674 -0.0201074 -0.136017 0.238012 0.0157916 0.971134 9.1533 
0.969072 -0.0156061 -0.246286 -1.56362 0.00982454 0.999647 -0.0246865 -0.146146 0.246584 0.0215034 0.968883 9.68596 
0.966834 -0.0124318 -0.255105 -1.72973 0.0055152 0.999598 -0.0278105 -0.163849 0.255348 0.0254812 0.966514 10.2325 
0.964571 -0.0150751 -0.263391 -1.89467 0.00756392 0.999536 -0.0295081 -0.186075 0.263714 0.0264704 0.964238 10.7928 
0.962187 -0.017891 -0.271801 -2.0642 0.00961354 0.999449 -0.0317552 -0.207875 0.27222 0.0279415 0.961829 11.3572 
0.959901 -0.0173071 -0.279805 -2.24857 0.0079902 0.999376 -0.0344044 -0.230744 0.280226 0.0307891 0.95944 11.9321 
0.957573 -0.0162831 -0.287732 -2.44643 0.00564875 0.999271 -0.0377511 -0.260343 0.288137 0.0345242 0.956967 12.518 
0.955339 -0.0174021 -0.295001 -2.65021 0.00489144 0.999059 -0.0430941 -0.287961 0.295473 0.0397266 0.954525 13.1147 
0.953561 -0.0189228 -0.300606 -2.85744 0.00383837 0.998707 -0.0506917 -0.321446 0.301176 0.0471838 0.9524 13.7209 
0.952284 -0.0195898 -0.304584 -3.07619 0.00171649 0.998266 -0.0588385 -0.358888 0.305208 0.0555082 0.950666 14.3327 
0.950989 -0.019844 -0.308587 -3.29804 -0.00110734 0.997714 -0.0675718 -0.401914 0.309223 0.0646018 0.948793 14.9577 
0.949612 -0.0194047 -0.312825 -3.52876 -0.00486018 0.99705 -0.0766012 -0.44943 0.313389 0.0742619 0.946717 15.5913 
0.948293 -0.0187878 -0.316839 -3.76661 -0.00818859 0.996466 -0.0835964 -0.506197 0.31729 0.0818684 0.944788 16.2371 
0.946723 -0.0166285 -0.321619 -4.01407 -0.0131353 0.995841 -0.090153 -0.57005 0.321781 0.0895745 0.942568 16.8929 
0.945053 -0.0159486 -0.326529 -4.26613 -0.0162739 0.995276 -0.0957129 -0.640792 0.326513 0.0957677 0.940329 17.5576 
0.943469 -0.0136315 -0.33118 -4.52726 -0.0211863 0.994631 -0.101295 -0.710825 0.330782 0.102586 0.938115 18.2162 
0.941725 -0.0110889 -0.336201 -4.79614 -0.0254947 0.994229 -0.104205 -0.791185 0.335416 0.106704 0.936008 18.8944 
0.939974 -0.0101879 -0.341095 -5.07714 -0.0275485 0.994026 -0.105607 -0.869975 0.340133 0.108664 0.934078 19.5952 
0.937835 -0.00944958 -0.346953 -5.36459 -0.0287921 0.994066 -0.104901 -0.951184 0.345885 0.10837 0.931998 20.3045 
0.935502 -0.00928159 -0.3532 -5.65665 -0.0291694 0.994214 -0.103386 -1.03528 0.352116 0.10702 0.929818 21.0257 
0.932968 -0.00947216 -0.359835 -5.95273 -0.0290176 0.994421 -0.101413 -1.12058 0.358788 0.105057 0.927488 21.7444 
0.929704 -0.0085577 -0.368207 -6.26412 -0.0298189 0.994699 -0.0984096 -1.2021 0.367097 0.102471 0.924521 22.4804 
0.926372 -0.00650082 -0.376554 -6.58709 -0.0306531 0.995232 -0.0925925 -1.28615 0.37536 0.0973177 0.921756 23.2267 
0.922903 -0.00325476 -0.38502 -6.92567 -0.0329817 0.995621 -0.0874746 -1.36653 0.383618 0.0934292 0.918753 23.9697 
0.919275 0.000679616 -0.393616 -7.26915 -0.0364325 0.995853 -0.0833672 -1.44459 0.391927 0.0909778 0.915487 24.7122 
0.915477 0.00170725 -0.402368 -7.62526 -0.0377158 0.995952 -0.081586 -1.52103 0.4006 0.0898658 0.911835 25.4634 
0.911497 0.0018271 -0.411302 -7.99186 -0.0386354 0.995949 -0.0811967 -1.59138 0.409488 0.0899015 0.907875 26.2175 
0.90762 0.00185261 -0.419789 -8.36911 -0.0390201 0.996033 -0.0799693 -1.66272 0.417975 0.0889619 0.904092 26.9814 
0.903738 0.00306678 -0.428075 -8.75741 -0.0403672 0.996129 -0.0780857 -1.73746 0.426178 0.0878492 0.900364 27.7464 
0.900006 0.00250839 -0.435871 -9.15695 -0.039564 0.996326 -0.0759599 -1.80811 0.434079 0.0856092 0.896798 28.5211 
0.896171 0.00285845 -0.4437 -9.56778 -0.0387408 0.996665 -0.0718267 -1.8771 0.442015 0.0815584 0.893292 29.3078 
0.892393 0.00537857 -0.451227 -9.99202 -0.0395291 0.997017 -0.0662924 -1.94144 0.449525 0.0769955 0.889943 30.1052 
0.888621 0.00550098 -0.45861 -10.4277 -0.0382414 0.997335 -0.0621351 -2.0081 0.457046 0.0727525 0.886463 30.9047 
0.884984 0.00439175 -0.465601 -10.8703 -0.0365479 0.997526 -0.0600588 -2.07377 0.464185 0.0701679 0.882954 31.7088 
0.881656 0.00355232 -0.471879 -11.3241 -0.0356379 0.997617 -0.0590756 -2.13176 0.470545 0.0689012 0.879682 32.5197 
0.878515 0.00400867 -0.477698 -11.7949 -0.0355361 0.997743 -0.0569803 -2.19196 0.476391 0.0670336 0.876674 33.3406 
0.875565 0.00263606 -0.483094 -12.2749 -0.0337742 0.997872 -0.0557678 -2.25305 0.481919 0.0651445 0.873791 34.1747 
0.873193 0.00203045 -0.487371 -12.8146 -0.0333339 0.997899 -0.0555651 -2.31571 0.486234 0.064765 0.871425 35.0408 
0.871242 0.00179992 -0.49085 -13.3141 -0.0337105 0.997852 -0.0561759 -2.37523 0.489695 0.0654897 0.869431 35.8827 
0.869906 0.00160953 -0.493214 -13.8259 -0.0339569 0.997817 -0.0566353 -2.43239 0.492047 0.0660155 0.868062 36.7411 
0.869521 0.00207229 -0.493891 -14.3442 -0.0340464 0.997864 -0.0557537 -2.49296 0.49272 0.0652943 0.867735 37.6024 
0.869419 0.00302593 -0.494067 -14.8616 -0.0341357 0.99796 -0.0539574 -2.55822 0.492895 0.0637769 0.867748 38.4652 
0.869107 0.00179385 -0.494622 -15.4151 -0.0325141 0.998038 -0.0535114 -2.61905 0.493555 0.0625893 0.86746 39.3771 
0.868536 2.63188e-05 -0.495627 -15.949 -0.0310446 0.998039 -0.0543496 -2.6815 0.494654 0.0625912 0.866834 40.2674 
0.867478 -0.00193783 -0.497472 -16.4941 -0.0291941 0.998071 -0.0547957 -2.74517 0.496619 0.0620574 0.865748 41.1747 
0.865933 -0.00246017 -0.500153 -17.0493 -0.0277259 0.998214 -0.0529129 -2.80753 0.49939 0.0596863 0.864319 42.0946 
0.863978 -0.00145657 -0.503528 -17.6119 -0.0269881 0.998425 -0.0491958 -2.86675 0.502806 0.0560934 0.862577 43.0047 
0.86115 -0.00184832 -0.508348 -18.1722 -0.0244561 0.998685 -0.0450602 -2.93442 0.507763 0.0512358 0.859972 43.9169 
0.857222 -0.00188741 -0.514944 -18.7418 -0.0237371 0.998786 -0.0431758 -2.99459 0.5144 0.0492346 0.856136 44.8271 
0.852017 -0.00571755 -0.523483 -19.3125 -0.0209985 0.998762 -0.0450858 -3.05771 0.523093 0.0494063 0.850843 45.719 
0.845911 -0.00916517 -0.533245 -19.8917 -0.0196767 0.998635 -0.0483783 -3.11756 0.53296 0.0514163 0.844577 46.6139 
0.839849 -0.00960647 -0.542735 -20.4888 -0.0193435 0.998679 -0.0476097 -3.17825 0.542475 0.0504835 0.838554 47.4907 
0.834063 -0.00636753 -0.551632 -21.1071 -0.0202915 0.998903 -0.0422111 -3.23959 0.551295 0.0464002 0.833019 48.3809 
0.828882 -0.0017627 -0.559421 -21.7307 -0.0234189 0.999009 -0.0378471 -3.29688 0.558933 0.0444718 0.828019 49.2628 
0.824863 -0.00197946 -0.56533 -22.3621 -0.0244977 0.998929 -0.0392419 -3.35352 0.564802 0.0462186 0.823931 50.1392 
0.821624 -0.00419826 -0.570014 -22.9959 -0.0249396 0.998751 -0.0433042 -3.41061 0.569483 0.0497958 0.820493 51.0101 
0.818653 -0.00620088 -0.574255 -23.6384 -0.0277882 0.998343 -0.0503949 -3.46946 0.573616 0.0572135 0.817124 51.8695 
0.815558 -0.00740464 -0.578627 -24.2761 -0.0278682 0.998255 -0.0520541 -3.53199 0.578003 0.0585785 0.813929 52.7269 
0.812026 -0.00599314 -0.583591 -24.9159 -0.0269291 0.998498 -0.047724 -3.60149 0.583 0.0544687 0.810644 53.5922 
0.80883 -0.00368324 -0.588032 -25.5701 -0.026423 0.998743 -0.0426003 -3.66318 0.587449 0.049994 0.807715 54.4631 
0.806037 -0.00163239 -0.591863 -26.2301 -0.0271092 0.998845 -0.0396739 -3.7183 0.591244 0.0480236 0.805061 55.3011 
0.802941 -0.0013971 -0.596057 -26.8953 -0.0280331 0.998802 -0.0401042 -3.77214 0.595399 0.0489107 0.80194 56.1537 
0.799468 -0.00233717 -0.600705 -27.5566 -0.0284963 0.998719 -0.041811 -3.82816 0.600033 0.0505445 0.798377 56.9977 
0.795587 -0.00499169 -0.605819 -28.2254 -0.0274719 0.99864 -0.0443056 -3.88879 0.605216 0.051892 0.794368 57.835 
0.791495 -0.00591564 -0.611147 -28.9046 -0.0270216 0.998637 -0.044662 -3.94532 0.610578 0.051864 0.790256 58.6784 
0.787006 -0.00627955 -0.616914 -29.5932 -0.026361 0.998693 -0.0437948 -4.004 0.616382 0.0507292 0.785811 59.523 
0.782187 -0.00596526 -0.623016 -30.29 -0.0265734 0.998725 -0.0429252 -4.06577 0.622477 0.0501312 0.781031 60.3526 
0.776897 -0.00715884 -0.629587 -30.9924 -0.0263917 0.998686 -0.0439226 -4.12432 0.629074 0.0507393 0.775688 61.1845 
0.77148 -0.00855398 -0.636196 -31.7048 -0.0258641 0.998662 -0.0447914 -4.18235 0.635728 0.0510104 0.770226 62.009 
0.765939 -0.0098657 -0.642838 -32.4323 -0.0254495 0.998633 -0.0456491 -4.24159 0.642409 0.0513244 0.764641 62.8411 
0.760372 -0.0113268 -0.649389 -33.1656 -0.0249457 0.998601 -0.0466269 -4.30445 0.649009 0.0516533 0.759025 63.6617 
0.754324 -0.0133842 -0.656366 -33.9042 -0.0239627 0.998565 -0.047901 -4.36363 0.656065 0.0518612 0.75292 64.4814 
0.748154 -0.0146668 -0.663363 -34.6619 -0.022935 0.998587 -0.047945 -4.42577 0.663129 0.0510846 0.74676 65.3071 
0.742007 -0.0142916 -0.67024 -35.4159 -0.0225686 0.998674 -0.04628 -4.49019 0.670012 0.0494665 0.7407 66.1055 
0.735477 -0.0148152 -0.677388 -36.1833 -0.0217017 0.998733 -0.045406 -4.55579 0.677203 0.0480956 0.734223 66.9144 
0.729027 -0.0171671 -0.684269 -36.9639 -0.019693 0.998746 -0.0460379 -4.62009 0.684201 0.0470383 0.727775 67.7143 
0.722945 -0.0180458 -0.69067 -37.7463 -0.0206357 0.998649 -0.0476928 -4.68669 0.690597 0.0487318 0.721596 68.4841 
0.716805 -0.0176261 -0.697051 -38.5576 -0.0216137 0.998638 -0.0474785 -4.74777 0.696939 0.0490988 0.715448 69.284 
0.711756 -0.0166278 -0.70223 -39.388 -0.022749 0.99865 -0.0467042 -4.81145 0.702058 0.0492171 0.710417 70.0731 
0.706853 -0.0160444 -0.707179 -40.2049 -0.0238634 0.998633 -0.0465093 -4.87716 0.706958 0.049751 0.705503 70.8565 
0.702216 -0.0169806 -0.711761 -41.0435 -0.0239772 0.998584 -0.0474791 -4.94358 0.71156 0.0504067 0.700815 71.6407 
0.697094 -0.0183574 -0.716745 -41.888 -0.0253221 0.998418 -0.0501996 -5.01188 0.716533 0.0531434 0.695526 72.4264 
0.691953 -0.0212453 -0.72163 -42.7345 -0.0243671 0.99831 -0.052756 -5.07712 0.721531 0.0540888 0.690266 73.2144 
0.686865 -0.021777 -0.726458 -43.5871 -0.0248603 0.998262 -0.0534302 -5.14885 0.726359 0.0547594 0.68513 73.9901 
0.681996 -0.0216695 -0.731035 -44.4581 -0.0240947 0.998353 -0.0520718 -5.21505 0.730959 0.0531268 0.68035 74.7789 
0.676874 -0.0215543 -0.735783 -45.3342 -0.023633 0.99842 -0.050989 -5.28926 0.73572 0.0519019 0.675295 75.5562 
0.671972 -0.0226532 -0.74023 -46.2155 -0.022804 0.998425 -0.0512559 -5.36738 0.740226 0.0513228 0.670397 76.314 
0.667173 -0.0236494 -0.744527 -47.1019 -0.0218294 0.998446 -0.0512763 -5.44176 0.744583 0.0504628 0.66562 77.0842 
0.662818 -0.0241308 -0.748392 -48.0025 -0.0212286 0.998473 -0.0509956 -5.51195 0.74848 0.0496882 0.661294 77.8487 
0.658683 -0.0250054 -0.752005 -48.9111 -0.0200648 0.998508 -0.0507768 -5.58554 0.752153 0.0485347 0.657198 78.6208 
0.654814 -0.0278166 -0.755278 -49.8354 -0.0175673 0.998492 -0.0520047 -5.65668 0.755586 0.0473217 0.653338 79.3947 
0.650802 -0.0323819 -0.758557 -50.7673 -0.0147414 0.998363 -0.0552663 -5.72896 0.759104 0.0471497 0.649259 80.1618 
0.646035 -0.0365906 -0.762431 -51.683 -0.0104913 0.99833 -0.0568016 -5.80491 0.763236 0.0446948 0.644572 80.9185 
0.639466 -0.0399701 -0.76778 -52.6102 -0.00578285 0.998369 -0.0567908 -5.88566 0.768798 0.0407558 0.638192 81.6693 
0.631158 -0.043728 -0.774421 -53.5537 -0.000863124 0.998369 -0.0570768 -5.96713 0.775654 0.036693 0.630091 82.4179 
0.62213 -0.0448799 -0.781627 -54.5124 0.00191281 0.99844 -0.0558065 -6.04374 0.782912 0.0332238 0.621245 83.164 
0.613384 -0.0433499 -0.788595 -55.4926 0.0020626 0.998577 -0.0532885 -6.12287 0.789783 0.0310598 0.6126 83.8991 
0.604315 -0.0431935 -0.795574 -56.4742 0.0015909 0.998593 -0.0530074 -6.20248 0.796744 0.0307675 0.603533 84.6186 
0.594855 -0.0445263 -0.802599 -57.4732 0.000686807 0.998492 -0.054885 -6.27744 0.803833 0.0320974 0.593989 85.3285 
0.584882 -0.0468162 -0.809767 -58.4914 0.00124898 0.998384 -0.056819 -6.35737 0.811118 0.032221 0.583995 86.0393 
0.574968 -0.048552 -0.816734 -59.5365 0.00162778 0.998304 -0.0581998 -6.43597 0.818174 0.0321336 0.574072 86.7522 
0.565101 -0.0493878 -0.823542 -60.5865 0.00452115 0.998377 -0.0567704 -6.51764 0.825009 0.0283577 0.564407 87.4437 
0.554974 -0.0494052 -0.830399 -61.636 0.00560345 0.998434 -0.0556577 -6.60095 0.831849 0.0262355 0.554382 88.1173 
0.544749 -0.0502406 -0.837093 -62.7007 0.00603008 0.998413 -0.0559985 -6.68403 0.838578 0.0254574 0.544187 88.7855 
0.534478 -0.0512086 -0.843629 -63.7738 0.00506417 0.998339 -0.0573912 -6.76446 0.845167 0.0264021 0.53385 89.4468 
0.524501 -0.0514132 -0.849856 -64.8526 0.00314492 0.998285 -0.0584517 -6.85045 0.851404 0.0279853 0.523764 90.0816 
0.514848 -0.0524413 -0.855676 -65.9514 0.00205556 0.9982 -0.0599393 -6.93748 0.857279 0.0291008 0.514029 90.7106 
0.50543 -0.0521296 -0.861292 -67.0588 0.00085858 0.998203 -0.0599124 -7.02448 0.862867 0.0295421 0.504566 91.3289 
0.496632 -0.0501737 -0.86651 -68.1684 0.000214954 0.998335 -0.0576837 -7.11195 0.867961 0.0284613 0.495816 91.9409 
0.488827 -0.048603 -0.871026 -69.2876 0.000836458 0.998473 -0.0552451 -7.19791 0.87238 0.0262768 0.488121 92.5407 
0.481012 -0.0491402 -0.875336 -70.4123 0.00119024 0.998464 -0.0553984 -7.28098 0.876713 0.0256055 0.480331 93.137 
0.473299 -0.0522653 -0.87935 -71.5531 0.00301006 0.998329 -0.0577168 -7.36525 0.880897 0.0246704 0.472665 93.7331 
0.466435 -0.0557847 -0.882795 -72.6931 0.00556101 0.998175 -0.0601374 -7.45089 0.884538 0.023141 0.465894 94.3139 
0.460364 -0.0584471 -0.885804 -73.835 0.00633669 0.998021 -0.0625581 -7.54237 0.887708 0.0231865 0.459824 94.8787 
0.45472 -0.0620902 -0.888468 -74.9812 0.00853477 0.997825 -0.0653645 -7.63665 0.890594 0.0221397 0.45426 95.4536 
0.449757 -0.0632519 -0.890908 -76.1345 0.0111489 0.997809 -0.0652132 -7.7303 0.893081 0.0193975 0.449477 96.0261 
0.445461 -0.0607327 -0.893239 -77.2856 0.0128851 0.998028 -0.0614317 -7.82988 0.895209 0.015856 0.445365 96.5848 
0.44136 -0.0590025 -0.895388 -78.4348 0.016206 0.998197 -0.0577888 -7.92575 0.897184 0.0109951 0.441521 97.1408 
0.437941 -0.0584546 -0.897101 -79.5813 0.017833 0.998252 -0.05634 -8.01833 0.898827 0.00867568 0.438218 97.6811 
0.435057 -0.0583916 -0.898508 -80.7173 0.019377 0.998271 -0.0554927 -8.10638 0.900195 0.00673215 0.435436 98.2101 
0.432455 -0.0577166 -0.899807 -81.8496 0.0214532 0.998325 -0.0537254 -8.19296 0.9014 0.00393013 0.432969 98.7392 
0.429985 -0.0569462 -0.901038 -82.973 0.0231361 0.998376 -0.0520572 -8.27853 0.90254 0.00153733 0.430604 99.2553 
0.427602 -0.0581581 -0.902094 -84.1033 0.0259888 0.998307 -0.052042 -8.36501 0.903593 -0.00119102 0.42839 99.7758 
0.425291 -0.0585728 -0.903159 -85.2368 0.0283279 0.998276 -0.0514021 -8.44632 0.904613 -0.00372369 0.426217 100.292 
0.422939 -0.0581375 -0.904291 -86.3548 0.0317729 0.998278 -0.0493197 -8.52301 0.905601 -0.00787266 0.424058 100.803 
0.420882 -0.0573068 -0.905304 -87.461 0.0334718 0.998304 -0.0476326 -8.60259 0.906498 -0.0102544 0.422086 101.293 
0.418841 -0.0586584 -0.906163 -88.5542 0.0360134 0.998199 -0.0479703 -8.68208 0.907345 -0.012542 0.420199 101.788 
0.417797 -0.0600201 -0.906556 -89.6416 0.0377286 0.998101 -0.0486934 -8.75993 0.907757 -0.0138591 0.419268 102.266 
0.417146 -0.0613379 -0.906767 -90.7127 0.0383591 0.998019 -0.0498641 -8.84255 0.90803 -0.0139821 0.418672 102.744 
0.417639 -0.0622791 -0.906476 -91.7776 0.0375407 0.997979 -0.0512697 -8.9192 0.907837 -0.0126174 0.419133 103.212 
0.419983 -0.0620793 -0.905406 -92.8217 0.035519 0.998018 -0.0519533 -9.00084 0.906837 -0.0103395 0.421356 103.674 
0.423782 -0.0623622 -0.903615 -93.8529 0.0335624 0.998023 -0.0531375 -9.07907 0.905142 -0.00780872 0.425037 104.148 
0.428681 -0.0631549 -0.901246 -94.878 0.0328169 0.997984 -0.0543243 -9.15926 0.90286 -0.00628816 0.42989 104.618 
0.434518 -0.0633687 -0.898431 -95.9003 0.0319911 0.997978 -0.0549178 -9.235 0.900095 -0.00487896 0.435667 105.091 
0.441345 -0.0625836 -0.895152 -96.9143 0.031334 0.998031 -0.0543274 -9.31224 0.89679 -0.00407153 0.442437 105.571 
0.449417 -0.0613311 -0.891214 -97.9137 0.0298789 0.998114 -0.0536205 -9.3893 0.892822 -0.00253042 0.450402 106.053 
0.458108 -0.0612419 -0.886784 -98.9089 0.029711 0.998121 -0.0535823 -9.46217 0.8884 -0.00180074 0.459067 106.546 
0.467455 -0.0604423 -0.881948 -99.8948 0.0286102 0.998172 -0.0532433 -9.54118 0.883554 -0.000343785 0.46833 107.049 
0.477109 -0.0613711 -0.876699 -100.864 0.0278978 0.998114 -0.0546882 -9.61861 0.878401 0.00163426 0.477921 107.557 
0.48718 -0.063153 -0.871015 -101.833 0.0265373 0.997992 -0.0575165 -9.69581 0.872898 0.0049065 0.487878 108.078 
0.498547 -0.0637364 -0.864516 -102.793 0.0247843 0.997934 -0.05928 -9.77755 0.866508 0.0081275 0.499097 108.612 
0.510264 -0.0619084 -0.857787 -103.736 0.0227143 0.998028 -0.058518 -9.86094 0.859718 0.0103756 0.510664 109.158 
0.522805 -0.0594646 -0.850376 -104.673 0.0212653 0.998163 -0.0567252 -9.93659 0.852187 0.0115728 0.523109 109.716 
0.535081 -0.0571733 -0.842864 -105.596 0.0207516 0.998296 -0.0545428 -10.0144 0.844546 0.011694 0.535355 110.279 
0.546909 -0.0570547 -0.835246 -106.511 0.0212604 0.9983 -0.0542717 -10.093 0.836922 0.0119241 0.547192 110.854 
0.557969 -0.0573688 -0.827876 -107.399 0.0212556 0.998268 -0.0548506 -10.1678 0.829589 0.013008 0.558222 111.439 
0.568775 -0.0588846 -0.820383 -108.274 0.0220223 0.998167 -0.0563772 -10.2406 0.822198 0.0139994 0.569029 112.029 
0.57952 -0.0605372 -0.812706 -109.132 0.0243381 0.998078 -0.0569904 -10.3184 0.814594 0.0132474 0.57988 112.626 
0.589917 -0.0605732 -0.805189 -109.978 0.0251523 0.998077 -0.0566563 -10.3968 0.807072 0.0131703 0.590306 113.235 
0.600488 -0.0582647 -0.797508 -110.815 0.0242073 0.998209 -0.0547006 -10.47 0.799267 0.0135416 0.600823 113.845 
0.60985 -0.0557166 -0.790556 -111.633 0.0249132 0.99838 -0.0511451 -10.5449 0.792125 0.0114956 0.61025 114.474 
0.619594 -0.0544694 -0.78303 -112.435 0.0241219 0.998439 -0.0503667 -10.6126 0.784552 0.0123188 0.619941 115.088 
0.629304 -0.0540481 -0.775278 -113.211 0.0224725 0.998427 -0.0513636 -10.6841 0.776834 0.0149009 0.629529 115.706 
0.638347 -0.0537676 -0.767869 -113.984 0.0207842 0.998398 -0.0526313 -10.7527 0.769468 0.0176375 0.638442 116.338 
0.64744 -0.0533202 -0.760249 -114.74 0.0207351 0.998413 -0.0523656 -10.8204 0.761835 0.0181398 0.647518 116.966 
0.656151 -0.0512968 -0.752884 -115.499 0.0205366 0.998531 -0.0501357 -10.8902 0.75435 0.017435 0.656241 117.623 
0.664542 -0.0496841 -0.745597 -116.23 0.0210155 0.998635 -0.0478149 -10.9563 0.746955 0.0161059 0.66468 118.263 
0.672626 -0.0493984 -0.738332 -116.953 0.021657 0.998656 -0.0470858 -11.02 0.739665 0.0156811 0.672792 118.908 
0.680052 -0.049075 -0.73152 -117.656 0.0210837 0.998654 -0.0473958 -11.0803 0.732861 0.0168085 0.680171 119.557 
0.687111 -0.0483161 -0.724944 -118.352 0.0207104 0.998683 -0.0469307 -11.139 0.726257 0.0172328 0.687207 120.21 
0.694026 -0.0450718 -0.718538 -119.027 0.0194271 0.998847 -0.0438904 -11.1992 0.719688 0.016502 0.694101 120.856 
0.701157 -0.0424562 -0.711742 -119.706 0.0186314 0.998976 -0.0412357 -11.2582 0.712763 0.0156521 0.70123 121.515 
0.708095 -0.040822 -0.704937 -120.359 0.0175334 0.999036 -0.040241 -11.3124 0.7059 0.0161346 0.708128 122.177 
0.715407 -0.0401267 -0.697555 -121.008 0.0170259 0.999054 -0.0400088 -11.3649 0.6985 0.0167461 0.715414 122.828 
0.723019 -0.0372655 -0.689822 -121.644 0.0145171 0.999143 -0.03876 -11.4159 0.690676 0.01801 0.72294 123.487 
0.732052 -0.0344804 -0.680375 -122.257 0.0137786 0.999263 -0.0358161 -11.4664 0.681109 0.0168447 0.731988 124.129 
0.741632 -0.0306065 -0.670108 -122.874 0.0120102 0.999404 -0.0323547 -11.5168 0.670699 0.0159472 0.741558 124.782 
0.751953 -0.028465 -0.658602 -123.46 0.0102603 0.999452 -0.0314821 -11.5619 0.659137 0.0169157 0.751833 125.426 
0.761869 -0.0277391 -0.647137 -124.032 0.00885931 0.999435 -0.0324101 -11.6039 0.647671 0.0189591 0.761685 126.1 
0.771774 -0.0286174 -0.635253 -124.593 0.00888849 0.999375 -0.034222 -11.6478 0.635835 0.0207653 0.771546 126.771 
0.781506 -0.0277241 -0.623281 -125.143 0.00857914 0.999395 -0.033697 -11.691 0.623838 0.0209873 0.781271 127.467 
0.791471 -0.0260969 -0.61065 -125.656 0.0082881 0.999454 -0.0319707 -11.7306 0.611151 0.0202428 0.791255 128.144 
0.801699 -0.0239893 -0.597247 -126.179 0.00824188 0.999543 -0.0290848 -11.7712 0.597672 0.0183949 0.80153 128.822 
0.811221 -0.0229689 -0.584289 -126.672 0.00893639 0.999599 -0.0268879 -11.8042 0.584672 0.0165907 0.8111 129.511 
0.820358 -0.0214242 -0.571449 -127.178 0.00948413 0.99967 -0.0238636 -11.8411 0.571771 0.0141571 0.820291 130.232 
0.828515 -0.020589 -0.559588 -127.683 0.0101521 0.999712 -0.0217517 -11.8778 0.559875 0.0123406 0.828485 130.959 
0.83582 -0.020711 -0.548612 -128.156 0.011524 0.99973 -0.0201844 -11.9128 0.548882 0.0105484 0.835833 131.688 
0.842411 -0.0205396 -0.538444 -128.611 0.0117635 0.999736 -0.0197318 -11.944 0.538707 0.0102884 0.842431 132.395 
0.849072 -0.0196778 -0.527911 -129.063 0.0109149 0.999746 -0.0197105 -11.9713 0.528165 0.0109736 0.849071 133.113 
0.855632 -0.0179518 -0.517273 -129.514 0.00960005 0.999777 -0.0188174 -11.9984 0.517496 0.0111349 0.855613 133.858 
0.861911 -0.0167271 -0.506783 -129.961 0.00873852 0.999797 -0.0181378 -12.0356 0.506984 0.0112047 0.861883 134.599 
0.867669 -0.0171679 -0.496845 -130.395 0.00941413 0.999792 -0.0181063 -12.0648 0.497053 0.0110329 0.86765 135.352 
0.872674 -0.018551 -0.487952 -130.814 0.0106111 0.999763 -0.0190318 -12.0929 0.488189 0.0114309 0.872663 136.099 
0.877098 -0.0191726 -0.479929 -131.24 0.0111538 0.999747 -0.0195544 -12.1192 0.480182 0.0117981 0.877089 136.86 
0.880428 -0.018086 -0.473834 -131.661 0.0105285 0.999772 -0.0185979 -12.1462 0.474062 0.0113854 0.880418 137.632 
0.883454 -0.0161486 -0.46824 -132.096 0.0102022 0.999832 -0.0152331 -12.1731 0.468407 0.00868072 0.88347 138.437 
0.88661 -0.0121223 -0.462358 -132.525 0.00796162 0.999908 -0.010949 -12.197 0.462449 0.00602641 0.886626 139.236 
0.889888 -0.00939735 -0.456083 -132.95 0.00642094 0.999947 -0.00807522 -12.2203 0.456134 0.00425761 0.889901 140.052 
0.893163 -0.00676333 -0.449683 -133.382 0.00460523 0.999972 -0.00589292 -12.2366 0.44971 0.00319249 0.893169 140.883 
0.896379 -0.00495269 -0.443261 -133.813 0.00371756 0.999986 -0.00365542 -12.2518 0.443273 0.00162884 0.896385 141.728 
0.89963 -0.00340851 -0.43664 -134.248 0.00347967 0.999994 -0.000636903 -12.2639 0.436639 -0.000946336 0.899636 142.593 
0.903002 -0.00364975 -0.429621 -134.673 0.00464811 0.999988 0.00127442 -12.272 0.429612 -0.00314768 0.903008 143.465 
0.906402 -0.00408623 -0.422396 -135.092 0.00559425 0.999982 0.00233065 -12.2782 0.422379 -0.00447545 0.906408 144.364 
0.910062 -0.00489938 -0.414444 -135.519 0.00648558 0.999976 0.00242007 -12.2898 0.414422 -0.00489027 0.910072 145.301 
0.913968 -0.00743763 -0.405718 -135.952 0.00897036 0.999958 0.00187635 -12.2957 0.405687 -0.0053543 0.913996 146.242 
0.918095 -0.00874358 -0.396265 -136.383 0.00993988 0.99995 0.000965431 -12.3146 0.396236 -0.00482513 0.918136 147.189 
0.922621 -0.00971536 -0.385585 -136.792 0.0100942 0.999949 -0.00104201 -12.327 0.385575 -0.00293074 0.922672 148.142 
0.928105 -0.00831608 -0.372226 -137.206 0.00820198 0.999965 -0.00189002 -12.3321 0.372228 -0.00129881 0.92814 149.104 
0.934282 -0.00457152 -0.356505 -137.587 0.00466578 0.999989 -0.000595636 -12.3436 0.356504 -0.00110684 0.934293 150.062 
0.940944 -0.000924046 -0.33856 -137.959 0.00190131 0.999995 0.0025548 -12.3581 0.338556 -0.00304759 0.940941 151.054 
0.947743 0.00239982 -0.319026 -138.317 -0.00109707 0.99999 0.00426304 -12.3673 0.319033 -0.00369022 0.947736 152.088 
0.954471 0.00390122 -0.298277 -138.659 -0.00248316 0.999984 0.00513284 -12.377 0.298292 -0.00415843 0.954465 153.118 
0.960813 0.0047108 -0.277158 -138.979 -0.00301511 0.999974 0.00654389 -12.3772 0.277181 -0.00545174 0.960802 154.167 
0.966746 0.00560571 -0.255679 -139.287 -0.00335093 0.999952 0.00925342 -12.3797 0.255718 -0.0080889 0.966718 155.248 
0.97216 0.00771065 -0.234192 -139.56 -0.00479678 0.999904 0.0130092 -12.386 0.234269 -0.0115236 0.972103 156.328 
0.97719 0.00984333 -0.212137 -139.81 -0.00631794 0.999831 0.0172897 -12.388 0.212271 -0.0155551 0.977087 157.414 
0.981773 0.0119167 -0.189685 -140.086 -0.0081371 0.999753 0.0206917 -12.3874 0.189885 -0.018771 0.981627 158.617 
0.985733 0.0137279 -0.167759 -140.292 -0.0103778 0.999729 0.0208297 -12.3857 0.167999 -0.0187915 0.985608 159.772 
0.989224 0.0129114 -0.14584 -140.481 -0.0102732 0.99977 0.0188285 -12.3742 0.14605 -0.0171273 0.989129 160.922 
0.992039 0.0130843 -0.125254 -140.631 -0.0108999 0.999777 0.0181086 -12.3753 0.125463 -0.0165991 0.99196 162.206 
0.994387 0.0119453 -0.105132 -140.775 -0.00987341 0.999747 0.0202051 -12.3734 0.105347 -0.0190537 0.994253 163.419 
0.99626 0.0124903 -0.085504 -140.892 -0.0106536 0.999703 0.0219022 -12.3651 0.0857522 -0.0209093 0.996097 164.619 
0.997772 0.0128903 -0.0654648 -140.989 -0.0114038 0.99967 0.0230305 -12.3576 0.06574 -0.0222326 0.997589 165.859 
0.998863 0.0144507 -0.0454381 -141.062 -0.0133772 0.999626 0.0238403 -12.3494 0.0457656 -0.0232053 0.998683 167.104 
0.999571 0.0148864 -0.0252086 -141.111 -0.0142659 0.999595 0.0246156 -12.3344 0.0255647 -0.0242454 0.999379 168.338 
0.999841 0.0171274 -0.00500851 -141.131 -0.0170018 0.999564 0.0241338 -12.3171 0.00541963 -0.0240448 0.999696 169.639 
0.999726 0.0181104 0.0148004 -141.136 -0.01845 0.999562 0.0231414 -12.3028 -0.0143748 -0.0234081 0.999623 170.907 
0.999247 0.0181052 0.0343243 -141.12 -0.018832 0.999603 0.0209735 -12.2898 -0.033931 -0.021604 0.999191 172.245 
0.998374 0.0200114 0.0533748 -141.083 -0.0210284 0.999607 0.0185612 -12.2836 -0.0529824 -0.0196534 0.998402 173.597 
0.997167 0.020122 0.0724819 -141.002 -0.021396 0.999629 0.0168446 -12.2749 -0.0721161 -0.0183476 0.997228 174.989 
0.995618 0.0202674 0.091293 -140.903 -0.0216357 0.999668 0.0140239 -12.2788 -0.0909785 -0.0159376 0.995725 176.403 
0.993711 0.0213817 0.109918 -140.785 -0.0225025 0.999707 0.00896721 -12.2864 -0.109694 -0.0113842 0.9939 177.797 
0.991553 0.0230308 0.127644 -140.62 -0.0235249 0.99972 0.00236507 -12.2999 -0.127554 -0.00534788 0.991817 179.199 
0.989097 0.0250812 0.145112 -140.449 -0.0249805 0.999685 -0.0025161 -12.314 -0.14513 -0.00113627 0.989412 180.577 
0.986425 0.0273905 0.161915 -140.135 -0.0267162 0.999623 -0.00634027 -12.362 -0.162027 0.00192849 0.986784 182.084 
0.983296 0.0293111 0.179638 -139.919 -0.0281402 0.999563 -0.00906279 -12.3952 -0.179825 0.0038564 0.983691 183.522 
0.980008 0.0285485 0.196897 -139.643 -0.0273292 0.999587 -0.00890714 -12.4149 -0.19707 0.00334806 0.980384 185.025 
0.976481 0.0275028 0.213841 -139.33 -0.0261015 0.999615 -0.00937427 -12.4591 -0.214017 0.00357226 0.976824 186.507 
0.972643 0.0273104 0.230695 -139.032 -0.0246798 0.999593 -0.0142809 -12.4972 -0.230991 0.00819676 0.972921 187.932 
0.968602 0.028319 0.246998 -138.703 -0.0245377 0.99953 -0.018374 -12.5449 -0.247403 0.0117364 0.968842 189.342 
0.964251 0.0304028 0.263242 -138.267 -0.0265163 0.999481 -0.0183046 -12.6057 -0.263662 0.01067 0.964556 190.873 
0.959336 0.0326653 0.28037 -137.827 -0.0285793 0.999418 -0.0186506 -12.6613 -0.280816 0.00987946 0.959711 192.391 
0.95399 0.036 0.297671 -137.41 -0.0309691 0.999287 -0.0216014 -12.7086 -0.298236 0.011389 0.954424 193.837 
0.948423 0.0365755 0.314892 -136.951 -0.0301056 0.999224 -0.0253874 -12.7596 -0.315576 0.014598 0.948788 195.282 
0.942444 0.0373735 0.33227 -136.488 -0.0298646 0.999171 -0.0276787 -12.8225 -0.333029 0.0161626 0.942778 196.753 
0.93624 0.0375383 0.349351 -135.934 -0.027831 0.999076 -0.0327668 -12.889 -0.350258 0.0209548 0.936419 198.253 
0.928943 0.0405256 0.367998 -135.348 -0.0282684 0.998853 -0.0386398 -12.9735 -0.369142 0.0254914 0.929023 199.763 
0.919833 0.0441412 0.389819 -134.722 -0.0302009 0.998669 -0.041821 -13.0795 -0.391146 0.0266955 0.919941 201.353 
0.909257 0.0471379 0.413559 -134.133 -0.0321848 0.998554 -0.0430542 -13.1566 -0.41499 0.0258371 0.909459 202.762 
0.897053 0.052049 0.438847 -133.437 -0.0355906 0.998323 -0.0456536 -13.2553 -0.440488 0.0253349 0.897401 204.3 
0.883869 0.0563177 0.464331 -132.752 -0.03783 0.99808 -0.0490442 -13.3452 -0.466202 0.0257831 0.884303 205.779 
0.870033 0.0604992 0.489267 -132.01 -0.0400027 0.997833 -0.0522503 -13.4416 -0.491367 0.0258876 0.870568 207.229 
0.855928 0.0619224 0.513374 -131.252 -0.0394561 0.997731 -0.0545611 -13.5371 -0.515588 0.0264446 0.856429 208.613 
0.840849 0.0636465 0.537515 -130.425 -0.0393232 0.997622 -0.0566126 -13.6727 -0.53984 0.0264658 0.841351 210.094 
0.825243 0.0653198 0.560988 -129.549 -0.0373885 0.997429 -0.0611371 -13.8251 -0.563539 0.0294786 0.825564 211.558 
0.809477 0.0676346 0.583244 -128.608 -0.0355343 0.997166 -0.0663165 -13.9652 -0.586076 0.0329566 0.809586 212.992 
0.794076 0.0698449 0.603792 -127.699 -0.0347631 0.996969 -0.0696077 -14.0829 -0.606823 0.0342842 0.794097 214.276 
0.778686 0.0711248 0.62337 -126.73 -0.0327667 0.996808 -0.0728023 -14.2213 -0.626558 0.0362643 0.778531 215.577 
0.763983 0.0713756 0.641276 -125.72 -0.0307176 0.996759 -0.0743464 -14.3641 -0.644504 0.0371009 0.7637 216.813 
0.749567 0.0720631 0.657994 -124.65 -0.0293194 0.996695 -0.0757576 -14.5201 -0.661279 0.0374935 0.749203 218.068 
0.735205 0.0723704 0.673971 -123.582 -0.0265014 0.996593 -0.078104 -14.6704 -0.677327 0.0395613 0.734618 219.285 
0.721087 0.0736603 0.688917 -122.492 -0.0242247 0.996405 -0.0811814 -14.8344 -0.692421 0.0418501 0.720279 220.475 
0.706851 0.0756614 0.703304 -121.375 -0.02171 0.996115 -0.0853423 -14.9932 -0.707029 0.0450556 0.705748 221.641 
0.692693 0.0773425 0.717074 -120.233 -0.0205165 0.995944 -0.0876021 -15.1684 -0.720941 0.0459695 0.69147 222.762 
0.678162 0.078154 0.730745 -119.073 -0.0194722 0.995891 -0.0884405 -15.3257 -0.734654 0.0457478 0.676897 223.874 
0.662408 0.0794232 0.744921 -117.92 -0.0201182 0.995892 -0.0882917 -15.4899 -0.748873 0.0434986 0.661284 224.952 
0.645963 0.0805473 0.759108 -116.733 -0.0221939 0.995979 -0.0867952 -15.651 -0.763046 0.0392189 0.645153 226.005 
0.629065 0.0815303 0.773065 -115.549 -0.0242304 0.996058 -0.0853309 -15.8059 -0.776975 0.034947 0.628561 227.022 
0.612087 0.0833218 0.786389 -114.354 -0.0267887 0.996048 -0.0846851 -15.9638 -0.790337 0.0307684 0.6119 228.002 
0.594832 0.0862106 0.799214 -113.151 -0.027573 0.995836 -0.0868982 -16.1281 -0.803377 0.029653 0.594731 228.951 
0.57758 0.0898225 0.811377 -111.933 -0.0300406 0.995594 -0.0888314 -16.2943 -0.815781 0.026933 0.577734 229.856 
0.559309 0.0897701 0.824084 -110.696 -0.0297205 0.995652 -0.088288 -16.4557 -0.828426 0.0248881 0.559545 230.734 
0.539159 0.0889119 0.837498 -109.441 -0.0307171 0.995826 -0.0859457 -16.6203 -0.841644 0.0206129 0.53964 231.601 
0.518571 0.0872213 0.850574 -108.165 -0.0306663 0.996041 -0.0834416 -16.7776 -0.854485 0.0171864 0.519193 232.439 
0.49811 0.0858487 0.862854 -106.845 -0.0310325 0.996214 -0.0812027 -16.94 -0.866558 0.0136714 0.498888 233.23 
0.477229 0.0847781 0.87468 -105.588 -0.030376 0.996332 -0.0799959 -17.0912 -0.878254 0.0116071 0.478054 233.972 
0.456538 0.0842363 0.885707 -104.318 -0.0291416 0.99639 -0.0797418 -17.234 -0.889227 0.0105943 0.457344 234.677 
0.436548 0.0833715 0.89581 -103.005 -0.0266131 0.996458 -0.0797694 -17.383 -0.899287 0.0109829 0.43722 235.352 
0.416455 0.0833059 0.905332 -101.679 -0.0240185 0.996454 -0.080642 -17.5431 -0.908839 0.0118391 0.416979 235.986 
0.396524 0.0824665 0.914313 -100.383 -0.0202102 0.9965 -0.0811144 -17.6863 -0.917802 0.0136854 0.396803 236.571 
0.376023 0.0805739 0.9231 -99.0784 -0.0184877 0.996666 -0.0794642 -17.8315 -0.926426 0.0128144 0.37626 237.143 
0.355985 0.0803485 0.931031 -97.7667 -0.0176128 0.996697 -0.0792811 -17.9754 -0.934326 0.0118248 0.356224 237.682 
0.336512 0.0850197 0.937833 -96.4799 -0.0180775 0.996316 -0.0838349 -18.1188 -0.941506 0.0112578 0.33681 238.173 
0.31758 0.0943104 0.94353 -95.186 -0.0193645 0.995479 -0.0929852 -18.2635 -0.948034 0.0112593 0.31797 238.641 
0.298392 0.102108 0.948966 -93.8719 -0.0216402 0.994729 -0.100227 -18.4218 -0.954198 0.00937125 0.299029 239.096 
0.279037 0.106254 0.954384 -92.5592 -0.0240253 0.994321 -0.103675 -18.5824 -0.95998 0.00599992 0.280005 239.524 
0.259549 0.107637 0.959713 -91.265 -0.0267496 0.994189 -0.10427 -18.7492 -0.96536 0.00139111 0.26092 239.911 
0.239851 0.107906 0.964794 -89.9956 -0.0305888 0.99415 -0.103584 -18.9094 -0.970328 -0.00466707 0.241749 240.266 
0.220709 0.108299 0.969308 -88.7167 -0.0322171 0.994083 -0.103732 -19.0662 -0.974807 -0.00833375 0.222892 240.598 
0.202091 0.106739 0.973533 -87.4547 -0.03221 0.99423 -0.102322 -19.2234 -0.978837 -0.0106791 0.204363 240.89 
0.183473 0.106898 0.977195 -86.2146 -0.0322706 0.994189 -0.102698 -19.3707 -0.982495 -0.0126924 0.185857 241.162 
0.16537 0.1077 0.980334 -84.9887 -0.031524 0.994089 -0.103893 -19.5161 -0.985728 -0.0137233 0.167787 241.397 
0.146364 0.111254 0.982955 -83.7543 -0.0351934 0.993612 -0.10722 -19.6687 -0.988605 -0.0189004 0.149345 241.629 
0.127981 0.113073 0.98531 -82.502 -0.0352643 0.99337 -0.109417 -19.8229 -0.99115 -0.020743 0.131119 241.831 
0.110537 0.110223 0.987741 -81.2486 -0.0353681 0.993638 -0.106923 -19.9827 -0.993243 -0.0231156 0.113733 242.026 
0.094868 0.105722 0.98986 -80.0227 -0.0330049 0.994132 -0.103015 -20.1348 -0.994943 -0.0228974 0.0978006 242.178 
0.0807272 0.101613 0.991543 -78.8197 -0.032631 0.994526 -0.0992616 -20.2784 -0.996202 -0.024342 0.083601 242.306 
0.068048 0.0981206 0.992845 -77.6249 -0.0305931 0.994889 -0.0962257 -20.4224 -0.997213 -0.0238262 0.0707021 242.415 
0.0572785 0.0982302 0.993514 -76.4624 -0.0303941 0.994858 -0.0966107 -20.5588 -0.997896 -0.0246633 0.0599696 242.508 
0.0487849 0.100433 0.993747 -75.3013 -0.0307716 0.994611 -0.0990097 -20.6978 -0.998335 -0.0257491 0.0516125 242.59 
0.0417816 0.102225 0.993884 -74.1759 -0.0321887 0.994374 -0.100922 -20.8274 -0.998608 -0.0277751 0.044837 242.671 
0.0356243 0.106074 0.99372 -73.0605 -0.0325152 0.993948 -0.104933 -20.9724 -0.998836 -0.0285728 0.0388577 242.748 
0.0301661 0.114778 0.992933 -71.9486 -0.0318753 0.99299 -0.113816 -21.1128 -0.999037 -0.0282166 0.0336133 242.806 
0.0251287 0.117399 0.992767 -70.8459 -0.0336241 0.992618 -0.11653 -21.2525 -0.999119 -0.0304527 0.0288906 242.867 
0.0213499 0.109042 0.993808 -69.7433 -0.0324104 0.993587 -0.108322 -21.3907 -0.999247 -0.0298971 0.024747 242.916 
0.0189001 0.0991158 0.994896 -68.6452 -0.0311077 0.994651 -0.0985003 -21.527 -0.999337 -0.0290873 0.0218822 242.96 
0.0173626 0.0955226 0.995276 -67.5648 -0.0307989 0.995005 -0.0949592 -21.6505 -0.999375 -0.0290046 0.0202178 243.006 
0.0172075 0.0975999 0.995077 -66.4948 -0.0317219 0.994777 -0.0970219 -21.7708 -0.999349 -0.0298963 0.0202137 243.052 
0.0176134 0.100724 0.994759 -65.4284 -0.0312851 0.994481 -0.100142 -21.8919 -0.999355 -0.0293573 0.0206674 243.091 
0.0193672 0.103198 0.994472 -64.3767 -0.0338023 0.994158 -0.102507 -22.0159 -0.999241 -0.0316301 0.0227424 243.136 
0.0212145 0.103962 0.994355 -63.3342 -0.0361056 0.99401 -0.103156 -22.138 -0.999123 -0.0337134 0.0248411 243.184 
0.0243196 0.10568 0.994103 -62.3068 -0.0369068 0.993814 -0.104747 -22.2585 -0.999023 -0.0341417 0.0280694 243.232 
0.027604 0.106649 0.993914 -61.2858 -0.0393038 0.993639 -0.105528 -22.382 -0.998846 -0.0361516 0.0316202 243.293 
0.0321694 0.107718 0.993661 -60.2639 -0.0406405 0.993494 -0.106385 -22.5039 -0.998656 -0.0369605 0.0363378 243.355 
0.0382942 0.106768 0.993546 -59.248 -0.0417421 0.993579 -0.105162 -22.6245 -0.998394 -0.0374456 0.042505 243.423 
0.0445818 0.105444 0.993425 -58.234 -0.0403547 0.993793 -0.103672 -22.7441 -0.99819 -0.0354675 0.0485602 243.497 
0.0518377 0.104609 0.993162 -57.2361 -0.0386201 0.993965 -0.102678 -22.8647 -0.997909 -0.0330334 0.0555648 243.568 
0.0591251 0.10553 0.992657 -56.2382 -0.0376334 0.993925 -0.103423 -22.9803 -0.997541 -0.0312422 0.0627374 243.649 
0.0657656 0.105502 0.992242 -55.2482 -0.0381679 0.993933 -0.103152 -23.0944 -0.997105 -0.0310879 0.0693934 243.739 
0.072231 0.104474 0.991901 -54.2646 -0.0392569 0.994026 -0.101839 -23.2081 -0.996615 -0.031583 0.0759009 243.839 
0.0787641 0.102384 0.991622 -53.2765 -0.0400564 0.994234 -0.0994719 -23.3215 -0.996088 -0.031886 0.0824111 243.945 
0.0855049 0.101022 0.991203 -52.2923 -0.0401528 0.994388 -0.097883 -23.4316 -0.995528 -0.0314301 0.0890813 244.052 
0.0921589 0.10163 0.990544 -51.3145 -0.0405622 0.994335 -0.098245 -23.5433 -0.994918 -0.0311245 0.0957592 244.167 
0.0986637 0.103619 0.989711 -50.346 -0.0399775 0.994174 -0.100101 -23.6545 -0.994318 -0.0296898 0.102231 244.291 
0.105046 0.105146 0.988893 -49.3816 -0.0399866 0.994037 -0.101445 -23.7618 -0.993663 -0.0288861 0.108624 244.418 
0.111238 0.107047 0.988012 -48.4233 -0.0419674 0.993801 -0.102949 -23.8761 -0.992907 -0.0300124 0.115041 244.554 
0.117343 0.107793 0.987224 -47.4661 -0.0442445 0.993672 -0.103238 -23.9866 -0.992105 -0.0315649 0.121369 244.698 
0.123768 0.107378 0.986484 -46.5039 -0.0448717 0.993717 -0.102536 -24.0989 -0.991296 -0.0315746 0.127809 244.849 
0.129933 0.105116 0.985935 -45.5431 -0.045849 0.993938 -0.0999264 -24.2105 -0.990462 -0.0322204 0.133965 245.003 
0.136012 0.103619 0.985273 -44.5793 -0.0464365 0.994089 -0.098136 -24.32 -0.989618 -0.0324049 0.14002 245.163 
0.142455 0.102907 0.984437 -43.6342 -0.0462943 0.994185 -0.0972264 -24.4288 -0.988718 -0.0317234 0.146391 245.323 
0.149179 0.104136 0.983311 -42.6967 -0.0463484 0.994082 -0.0982448 -24.5354 -0.987723 -0.0309188 0.153123 245.493 
0.156505 0.104244 0.982161 -41.7569 -0.0441188 0.99416 -0.0984872 -24.6421 -0.986691 -0.027918 0.16019 245.659 
0.165201 0.105895 0.980559 -40.8156 -0.042862 0.994051 -0.100131 -24.7495 -0.985328 -0.0254871 0.168757 245.839 
