1 2.12261e-08 -2.11895e-08 0 2.12261e-08 1 2.10703e-08 0 -2.11895e-08 2.10703e-08 1 0 
0.999872 0.0017621 0.0159175 0.0079471 -0.0017474 0.999998 -0.000934907 -0.00198326 -0.0159192 0.000907014 0.999873 0.126246 
0.999293 0.00508248 0.037249 0.020782 -0.00506654 0.999987 -0.000521174 -0.00553127 -0.0372512 0.000332123 0.999306 0.274226 
0.997901 0.00675939 0.0644081 0.0517704 -0.00682346 0.999976 0.000775495 -0.00523055 -0.0644014 -0.00121331 0.997923 0.427489 
0.99511 0.00649721 0.0985614 0.094448 -0.00683404 0.999972 0.00308067 -0.00869855 -0.0985386 -0.00373914 0.995126 0.5919 
0.990611 0.00337273 0.136669 0.157719 -0.00409036 0.999979 0.00497073 -0.00746067 -0.13665 -0.00548305 0.990604 0.768101 
0.984354 0.000400231 0.1762 0.233356 -0.00135757 0.999985 0.00531301 -0.00461351 -0.176196 -0.00546906 0.98434 0.949712 
0.975539 0.000415491 0.219825 0.29156 -0.00190006 0.999977 0.00654225 -0.0052521 -0.219818 -0.00679986 0.975517 1.09388 
0.963448 0.000646485 0.267896 0.391429 -0.00322099 0.999953 0.0091709 -0.000147345 -0.267877 -0.00969854 0.963404 1.29224 
0.94901 -0.00349648 0.315227 0.518643 -0.00181541 0.999861 0.016556 -0.0111693 -0.315241 -0.016284 0.948872 1.49433 
0.931987 -0.0130003 0.36226 0.64229 0.00438533 0.999688 0.0245935 -0.0213616 -0.362466 -0.0213321 0.931753 1.68108 
0.910534 -0.0184272 0.413024 0.781222 0.00704971 0.999553 0.029054 -0.0246446 -0.413375 -0.0235429 0.910257 1.87295 
0.885061 -0.0193779 0.465072 0.927203 0.00470002 0.999454 0.0326995 -0.0154845 -0.465451 -0.0267552 0.884669 2.06901 
0.856569 -0.02141 0.515588 1.0937 0.00261479 0.999306 0.0371527 -0.00971768 -0.516026 -0.0304756 0.856031 2.26881 
0.823964 -0.0261338 0.566039 1.2792 0.00339563 0.999146 0.0411873 -0.00410447 -0.566632 -0.0320147 0.823349 2.46606 
0.78745 -0.0316731 0.615564 1.47011 0.00533275 0.998992 0.0445801 -0.00661357 -0.616355 -0.031822 0.786825 2.6605 
0.748944 -0.035697 0.661671 1.67887 0.00592962 0.998869 0.0471771 -0.0016905 -0.662606 -0.0314095 0.748309 2.84451 
0.708309 -0.0384251 0.704856 1.91054 0.00657648 0.998833 0.0478425 0.0158877 -0.705872 -0.0292518 0.707735 3.03978 
0.665615 -0.0401456 0.745215 2.17601 0.00559106 0.998792 0.0488123 0.0312009 -0.746274 -0.0283236 0.665036 3.24652 
0.621997 -0.0402727 0.781984 2.46737 0.000582618 0.9987 0.0509704 0.0398156 -0.78302 -0.0312478 0.621211 3.46516 
0.579063 -0.0406932 0.814266 2.79151 -0.00245813 0.998662 0.0516566 0.0609514 -0.815279 -0.031914 0.578189 3.69376 
0.538254 -0.0420164 0.841734 3.14013 -0.00409457 0.998614 0.0524656 0.0762558 -0.842772 -0.0316864 0.537337 3.89594 
0.499093 -0.0441059 0.865425 3.51777 -0.00568654 0.998516 0.0541683 0.0939116 -0.86653 -0.0319563 0.498101 4.0955 
0.461273 -0.0438078 0.886176 3.93095 -0.00885006 0.998504 0.0539674 0.108305 -0.887214 -0.0327364 0.460195 4.29282 
0.424343 -0.0430796 0.904476 4.36535 -0.00980377 0.998591 0.0521618 0.12641 -0.905448 -0.0310018 0.423323 4.4864 
0.390286 -0.0415867 0.919754 4.84545 -0.00853903 0.998773 0.048783 0.150819 -0.920654 -0.0268931 0.389452 4.67429 
0.360329 -0.0397006 0.93198 5.35093 -0.00626758 0.998968 0.0449774 0.174643 -0.932804 -0.0220479 0.359708 4.85507 
0.334591 -0.0379005 0.941601 5.88816 -0.00506472 0.999104 0.0420149 0.195706 -0.94235 -0.0188267 0.334099 5.04146 
0.314051 -0.0372256 0.948676 6.45212 -0.00390825 0.999172 0.0405009 0.22105 -0.949398 -0.016427 0.313646 5.23052 
0.299227 -0.0377832 0.953434 7.055 -0.00272341 0.999178 0.0404507 0.244879 -0.954178 -0.0147005 0.298878 5.42119 
0.287607 -0.0391965 0.956946 7.679 -0.00186086 0.999137 0.0414839 0.268741 -0.957747 -0.0137118 0.287286 5.61474 
0.276681 -0.0410244 0.960086 8.32542 -0.00296904 0.999047 0.0435448 0.292049 -0.960957 -0.0148986 0.276296 5.80661 
0.265988 -0.0427768 0.963027 8.99568 -0.00456127 0.998948 0.0456323 0.315962 -0.963966 -0.0165303 0.265513 6.00126 
0.255598 -0.0444976 0.965759 9.69972 -0.00534034 0.99886 0.0474362 0.346343 -0.966768 -0.0172821 0.255069 6.20461 
0.24556 -0.0462479 0.968277 10.4264 -0.00619799 0.998766 0.049276 0.378458 -0.969362 -0.0181016 0.244971 6.39367 
0.235081 -0.0478368 0.970798 11.1681 -0.00626969 0.998693 0.0507297 0.406674 -0.971956 -0.0180122 0.234474 6.58364 
0.224487 -0.0490352 0.973243 11.9361 -0.00630274 0.998639 0.0517685 0.44202 -0.974457 -0.0177554 0.223872 6.7748 
0.213939 -0.0517899 0.975473 12.7166 -0.00746094 0.998478 0.0546476 0.477503 -0.976819 -0.0189692 0.213227 6.95808 
0.202493 -0.0553491 0.977718 13.5081 -0.00921848 0.99825 0.0584207 0.512813 -0.97924 -0.0208428 0.201628 7.13779 
0.190221 -0.0592624 0.979951 14.302 -0.00984437 0.998011 0.0622656 0.550153 -0.981692 -0.0214912 0.189259 7.30304 
0.177227 -0.061445 0.98225 15.1021 -0.0107151 0.99787 0.0643554 0.58641 -0.984112 -0.0219304 0.176191 7.45595 
0.163199 -0.0621677 0.984633 15.912 -0.0111435 0.997833 0.0648482 0.621292 -0.98653 -0.0215554 0.162153 7.59822 
0.148596 -0.061047 0.987012 16.7231 -0.0125895 0.997895 0.0636156 0.659924 -0.988818 -0.021879 0.147514 7.73162 
0.131945 -0.0599277 0.989444 17.5397 -0.0132675 0.997975 0.0622137 0.697148 -0.991168 -0.0213363 0.130883 7.84903 
0.111273 -0.0582746 0.99208 18.3623 -0.0158184 0.998049 0.0603995 0.734169 -0.993664 -0.022414 0.110134 7.95489 
0.0855176 -0.0568268 0.994715 19.1957 -0.02024 0.998067 0.0587584 0.770271 -0.996131 -0.0251579 0.0842021 8.03917 
0.0547262 -0.0562558 0.996915 20.0298 -0.0243458 0.99804 0.0576558 0.804112 -0.998205 -0.027426 0.0532493 8.09995 
0.0216411 -0.0557929 0.998208 20.8672 -0.0272161 0.998039 0.0563736 0.8406 -0.999395 -0.0283873 0.0200801 8.12085 
-0.013046 -0.05516 0.998392 21.703 -0.0289546 0.998079 0.0547644 0.871229 -0.999496 -0.0281936 -0.0146181 8.12006 
-0.0471271 -0.0538071 0.997439 22.5484 -0.029539 0.998187 0.0524518 0.899619 -0.998452 -0.0269914 -0.0486311 8.08526 
-0.0801576 -0.0518628 0.995432 23.3934 -0.0315939 0.998276 0.0494669 0.926547 -0.996281 -0.0274844 -0.0816579 8.02333 
-0.112573 -0.0490127 0.992434 24.2336 -0.0340363 0.998387 0.0454459 0.949321 -0.99306 -0.0286628 -0.11406 7.9357 
-0.145099 -0.0445493 0.988414 25.0689 -0.0313558 0.998691 0.0404096 0.969316 -0.98892 -0.0251291 -0.146306 7.81588 
-0.176563 -0.0387233 0.983527 25.8958 -0.0266735 0.999047 0.034546 0.988942 -0.983928 -0.0201346 -0.177428 7.66328 
-0.206839 -0.0322362 0.977844 26.712 -0.0198876 0.999389 0.0287398 0.99797 -0.978173 -0.0135024 -0.207354 7.48276 
-0.235542 -0.0266641 0.971498 27.5192 -0.0142724 0.999611 0.0239753 1.0045 -0.971759 -0.0082184 -0.235831 7.27943 
-0.263152 -0.0204172 0.964538 28.3289 -0.00515825 0.999792 0.0197562 1.00458 -0.964741 0.00022355 -0.263203 7.0483 
-0.2893 -0.010084 0.957185 29.1293 0.000615231 0.999942 0.0107204 0.99697 -0.957238 0.0036903 -0.289277 6.79915 
-0.31456 0.00532691 0.949223 29.9061 0.00503337 0.99998 -0.00394372 0.980498 -0.949224 0.00353725 -0.31458 6.53892 
-0.339124 0.0228249 0.940465 30.6634 0.00686867 0.999739 -0.0217866 0.952474 -0.940717 -0.000928632 -0.339192 6.27614 
-0.364217 0.0377779 0.930548 31.4038 0.00797413 0.999267 -0.0374466 0.914314 -0.93128 -0.0062184 -0.364251 6.00321 
-0.388303 0.0483259 0.920264 32.1674 0.0120492 0.998805 -0.0473661 0.872372 -0.921453 -0.00730395 -0.388422 5.67777 
-0.411443 0.0523366 0.909932 32.9208 0.0152758 0.998606 -0.0505295 0.815668 -0.911308 -0.00689006 -0.411669 5.333 
-0.433921 0.0520788 0.899445 33.6611 0.0189343 0.998635 -0.0486874 0.763534 -0.900752 -0.00409615 -0.434314 4.97929 
-0.453915 0.0479724 0.889753 34.3885 0.0223668 0.998849 -0.0424438 0.712977 -0.890764 0.000635042 -0.454465 4.61295 
-0.471465 0.0467317 0.880646 35.1039 0.0301202 0.998866 -0.0368798 0.663419 -0.88137 0.00913769 -0.472338 4.22279 
-0.485263 0.0472143 0.873093 35.8016 0.0323604 0.998827 -0.0360278 0.615951 -0.873769 0.0107707 -0.486221 3.84631 
-0.496211 0.0512728 0.866687 36.4991 0.0361587 0.998609 -0.038375 0.571332 -0.867449 0.0122962 -0.497375 3.45066 
-0.506142 0.0537051 0.860776 37.1959 0.0366634 0.998497 -0.0407393 0.525765 -0.86167 0.0109391 -0.507351 3.05335 
-0.516984 0.05305 0.854349 37.8684 0.0311464 0.998583 -0.0431587 0.473035 -0.855428 0.00429752 -0.517904 2.67532 
-0.528123 0.0514393 0.847608 38.548 0.030471 0.998669 -0.0416211 0.420399 -0.848621 0.00384635 -0.528988 2.27131 
-0.536692 0.0527569 0.842128 39.2224 0.0324591 0.998596 -0.0418728 0.373052 -0.843154 0.00486187 -0.53765 1.8487 
-0.544046 0.0557527 0.837201 39.9087 0.0351912 0.998428 -0.0436209 0.330426 -0.838317 0.00573031 -0.545153 1.41423 
-0.54756 0.0585205 0.834718 40.5944 0.0362117 0.998274 -0.0462329 0.285088 -0.835983 0.00491124 -0.548734 0.979992 
-0.54737 0.0607293 0.834685 41.3027 0.0358551 0.99815 -0.0491094 0.243021 -0.836123 0.00304672 -0.548534 0.529436 
-0.544145 0.0609941 0.836771 42.0316 0.0378894 0.998123 -0.0481162 0.194273 -0.838135 0.00552257 -0.545434 0.0724502 
-0.538252 0.0599138 0.840652 42.781 0.0359349 0.998194 -0.0481336 0.144955 -0.842018 0.00430072 -0.539433 -0.38872 
-0.531408 0.0585603 0.845089 43.5477 0.0335023 0.99828 -0.0481087 0.0963559 -0.846453 0.00274712 -0.532456 -0.85035 
-0.524305 0.0580476 0.84955 44.326 0.031734 0.998313 -0.0486274 0.0440702 -0.850939 0.00146407 -0.525262 -1.3101 
-0.517996 0.0565673 0.853511 45.124 0.0287862 0.998399 -0.0486996 -0.0114572 -0.854899 -0.000656872 -0.518795 -1.77247 
-0.513819 0.0541051 0.856191 45.9334 0.0242916 0.998527 -0.0485218 -0.0674508 -0.857555 -0.00413318 -0.514376 -2.2271 
-0.512709 0.0514324 0.857021 46.7665 0.0201789 0.99865 -0.0478601 -0.126103 -0.858325 -0.00724459 -0.513055 -2.69454 
-0.513425 0.0487512 0.856748 47.6106 0.0168281 0.998765 -0.0467477 -0.182574 -0.857969 -0.009584 -0.513612 -3.16336 
-0.514559 0.0476877 0.856128 48.4617 0.0156549 0.998808 -0.0462262 -0.238454 -0.857312 -0.0103835 -0.514692 -3.64744 
-0.515491 0.0469277 0.855609 49.3173 0.0153068 0.998844 -0.0455616 -0.292252 -0.856758 -0.01039 -0.515614 -4.12354 
-0.516124 0.0464517 0.855253 50.188 0.0151658 0.998867 -0.0450997 -0.348638 -0.856379 -0.0103065 -0.516244 -4.61712 
-0.517092 0.0453312 0.854729 51.0637 0.0151291 0.998925 -0.0438259 -0.409828 -0.855796 -0.00973079 -0.517222 -5.08248 
-0.517375 0.0449892 0.854576 51.9515 0.0146071 0.998936 -0.0437456 -0.469325 -0.855634 -0.01015 -0.517481 -5.59687 
-0.517958 0.0435459 0.854297 52.8708 0.0126002 0.998984 -0.0432814 -0.522486 -0.855313 -0.0116537 -0.51798 -6.11894 
-0.517973 0.042747 0.854328 53.762 0.0119115 0.999014 -0.0427646 -0.582886 -0.855314 -0.0119746 -0.517972 -6.63868 
-0.517493 0.0419331 0.85466 54.6416 0.0105381 0.999035 -0.042636 -0.645739 -0.855623 -0.0130574 -0.517435 -7.14654 
-0.516449 0.0402334 0.855372 55.5259 0.0100226 0.999111 -0.0409429 -0.709864 -0.856259 -0.0125718 -0.516393 -7.65196 
-0.514157 0.0380986 0.856849 56.415 0.0101361 0.999213 -0.0383463 -0.771867 -0.857636 -0.0110309 -0.514139 -8.17839 
-0.512274 0.0366722 0.858039 57.2971 0.0104453 0.99928 -0.0364726 -0.83243 -0.858759 -0.00972152 -0.512288 -8.67213 
-0.51022 0.0363454 0.859276 58.1957 0.0101928 0.999292 -0.0362155 -0.887159 -0.859984 -0.00971948 -0.510229 -9.17617 
-0.508878 0.0365379 0.860063 59.0777 0.0102202 0.999285 -0.0364053 -0.943085 -0.860778 -0.00973584 -0.508887 -9.65973 
-0.508091 0.0371171 0.860503 59.9761 0.0102197 0.999261 -0.0370679 -0.99769 -0.861243 -0.0100398 -0.508094 -10.1665 
-0.509545 0.0385603 0.85958 60.8659 0.00945565 0.999186 -0.0392178 -1.05262 -0.860392 -0.0118553 -0.509494 -10.6499 
-0.513088 0.0401451 0.857397 61.7664 0.00793033 0.999085 -0.0420334 -1.11774 -0.858299 -0.0147674 -0.512937 -11.1358 
-0.517622 0.040597 0.854646 62.6431 0.00664419 0.999034 -0.0434315 -1.17874 -0.855583 -0.0168027 -0.517392 -11.6427 
-0.523248 0.0392059 0.851278 63.5187 0.00744577 0.999113 -0.0414378 -1.23553 -0.852148 -0.0153438 -0.523076 -12.1538 
-0.528914 0.0369561 0.847871 64.3754 0.00881049 0.999237 -0.0380576 -1.29541 -0.84863 -0.012659 -0.528836 -12.6662 
-0.534303 0.0345474 0.844587 65.2393 0.00611221 0.999296 -0.0370089 -1.35183 -0.845271 -0.0146117 -0.534138 -13.1854 
-0.539248 0.0378698 0.841295 66.0882 0.0080584 0.999175 -0.0398113 -1.40721 -0.842109 -0.0146886 -0.539108 -13.7127 
-0.544288 0.0393974 0.837973 66.9258 0.00843806 0.999103 -0.0414922 -1.46452 -0.838856 -0.0155129 -0.544132 -14.2378 
-0.548777 0.040433 0.83499 67.7541 0.0073918 0.999025 -0.043518 -1.52246 -0.835936 -0.0177096 -0.548541 -14.7592 
-0.552605 0.0405499 0.832457 68.5784 0.00602638 0.998984 -0.0446612 -1.58121 -0.833422 -0.0196633 -0.552287 -15.2843 
-0.555752 0.0397978 0.830395 69.3961 0.00679034 0.999038 -0.0433356 -1.63919 -0.831321 -0.0184452 -0.555487 -15.8155 
-0.558162 0.0331365 0.82907 70.2233 0.0074575 0.999362 -0.0349221 -1.69111 -0.829699 -0.0133094 -0.558053 -16.3545 
-0.560369 0.0243992 0.827884 71.0408 0.00691571 0.999669 -0.0247809 -1.74419 -0.828214 -0.00816105 -0.560352 -16.8884 
-0.561773 0.0232892 0.826963 71.8491 0.0086213 0.999714 -0.0222976 -1.79281 -0.827246 -0.00539672 -0.561814 -17.4185 
-0.563049 0.0276077 0.825962 72.6454 0.00831208 0.999581 -0.0277446 -1.83401 -0.826382 -0.00875613 -0.563042 -17.939 
-0.56421 0.0340716 0.824928 73.4406 0.01006 0.999358 -0.0343954 -1.87728 -0.82557 -0.0111075 -0.56419 -18.4681 
-0.564553 0.0379103 0.824526 74.2319 0.0155467 0.999256 -0.0352993 -1.92416 -0.82525 -0.00710966 -0.564722 -18.9998 
-0.564239 0.0393068 0.824675 75.028 0.019001 0.99922 -0.0346257 -1.97512 -0.825393 -0.00386755 -0.564546 -19.5435 
-0.563953 0.0359181 0.825025 75.8221 0.0173238 0.999348 -0.0316655 -2.01866 -0.825625 -0.00356534 -0.564208 -20.0667 
-0.563263 0.031213 0.825688 76.6134 0.0161937 0.999511 -0.026737 -2.06169 -0.826119 -0.00168906 -0.563493 -20.5876 
-0.562607 0.0244584 0.826363 77.4087 0.0126523 0.9997 -0.0209747 -2.10329 -0.826628 -0.00134512 -0.562747 -21.1048 
-0.56222 0.0186731 0.826777 78.2062 0.00398352 0.999795 -0.0198719 -2.14161 -0.826978 -0.0078789 -0.562179 -21.6101 
-0.560826 0.013361 0.827826 79.0016 -0.00363935 0.99982 -0.0186025 -2.17326 -0.827925 -0.0134455 -0.560677 -22.108 
-0.558501 0.0143331 0.82938 79.7893 0.00010678 0.999852 -0.0172072 -2.21043 -0.829504 -0.00952167 -0.55842 -22.6283 
-0.555545 0.0175231 0.831302 80.5772 0.0039342 0.999822 -0.0184461 -2.24677 -0.831477 -0.00697716 -0.555516 -23.1417 
-0.550233 0.0208762 0.83475 81.3647 0.00598451 0.99976 -0.0210581 -2.27708 -0.83499 -0.00659131 -0.550226 -23.645 
-0.542397 0.0232968 0.8398 82.1567 0.0108728 0.999726 -0.020711 -2.31031 -0.840052 -0.00210259 -0.542501 -24.149 
-0.534362 0.0267414 0.844833 82.9535 0.0185634 0.99963 -0.0198996 -2.35099 -0.845052 0.00504934 -0.53466 -24.6445 
-0.524653 0.0257762 0.850926 83.7547 0.0157256 0.999664 -0.0205858 -2.38164 -0.851171 0.00258093 -0.524883 -25.1195 
-0.513694 0.0235755 0.85765 84.5633 0.0137064 0.99972 -0.0192713 -2.41439 -0.857864 0.00185574 -0.513874 -25.5828 
-0.502272 0.0202796 0.864472 85.3775 0.0140751 0.999784 -0.015276 -2.45033 -0.864595 0.00449478 -0.502449 -26.0352 
-0.491326 0.0195481 0.870757 86.1951 0.0136943 0.999798 -0.0147179 -2.48433 -0.870868 0.00469312 -0.491494 -26.4775 
-0.479757 0.0189136 0.877197 87.0114 0.0142557 0.999804 -0.0137604 -2.51067 -0.877285 0.00590345 -0.479933 -26.9005 
-0.467754 0.0200304 0.883632 87.8381 0.0158284 0.999773 -0.0142843 -2.54341 -0.883717 0.00730499 -0.467964 -27.3207 
-0.456028 0.0236335 0.889652 88.6648 0.0154259 0.999707 -0.0186499 -2.58314 -0.889832 0.00521881 -0.456259 -27.7243 
-0.444689 0.0329631 0.895078 89.4884 0.0181408 0.999449 -0.027794 -2.61513 -0.895501 0.00387772 -0.445042 -28.1168 
-0.432041 0.0375976 0.90107 90.321 0.0174636 0.999292 -0.0333226 -2.65006 -0.901685 0.00133913 -0.432392 -28.4994 
-0.420815 0.0341068 0.906505 91.166 0.0159706 0.999417 -0.0301887 -2.69579 -0.907006 0.00177362 -0.421114 -28.8687 
-0.409356 0.0304213 0.911868 92.009 0.0145379 0.999535 -0.0268197 -2.73978 -0.912259 0.00227783 -0.409608 -29.2275 
-0.399633 0.0314209 0.916136 92.8455 0.012209 0.999506 -0.0289545 -2.78525 -0.916594 -0.000386132 -0.39982 -29.5698 
-0.393007 0.0356471 0.918844 93.6845 0.00753286 0.99934 -0.035548 -2.83402 -0.919505 -0.00704911 -0.393016 -29.9021 
-0.388241 0.0404921 0.920668 94.5208 0.00187572 0.999067 -0.0431492 -2.88088 -0.921556 -0.0150254 -0.387955 -30.2274 
-0.385003 0.0422945 0.921946 95.361 -0.00136501 0.998922 -0.0463958 -2.93282 -0.922914 -0.019121 -0.38453 -30.5513 
-0.381477 0.041911 0.923428 96.1982 -0.00287236 0.998913 -0.0465235 -2.99064 -0.924374 -0.0204001 -0.380942 -30.8762 
-0.376648 0.0420382 0.925402 97.0322 -0.00386462 0.99889 -0.0469494 -3.04549 -0.926349 -0.0212597 -0.376067 -31.1933 
-0.370911 0.0378207 0.927898 97.8765 -0.00699904 0.999028 -0.0435177 -3.09797 -0.928642 -0.0226356 -0.370286 -31.5114 
-0.365809 0.0340143 0.930068 98.7245 -0.00753087 0.999191 -0.0395042 -3.15395 -0.930659 -0.0214552 -0.365257 -31.8241 
-0.359983 0.0310558 0.932442 99.5661 -0.00908951 0.999282 -0.0367911 -3.20707 -0.932915 -0.0217196 -0.359442 -32.1292 
-0.354309 0.0293323 0.934668 100.42 -0.017266 0.999132 -0.0379004 -3.25557 -0.934969 -0.0295664 -0.353495 -32.4224 
-0.348496 0.0295544 0.936844 101.267 -0.024681 0.998867 -0.040692 -3.30184 -0.936985 -0.0373033 -0.347372 -32.7024 
-0.341864 0.033698 0.939145 102.108 -0.022989 0.998758 -0.0442053 -3.35457 -0.939468 -0.0367022 -0.340664 -32.99 
-0.334889 0.0369817 0.941531 102.95 -0.0213379 0.998676 -0.0468158 -3.40757 -0.942016 -0.0357685 -0.333657 -33.2728 
-0.328697 0.0349774 0.943787 103.805 -0.0229458 0.998723 -0.0450048 -3.45999 -0.944157 -0.0364489 -0.327475 -33.548 
-0.321595 0.0301936 0.946396 104.665 -0.023309 0.998936 -0.0397904 -3.515 -0.94659 -0.0348559 -0.320549 -33.8212 
-0.314624 0.0275705 0.948816 105.525 -0.0246583 0.999003 -0.0372054 -3.56593 -0.948896 -0.0351019 -0.31363 -34.0876 
-0.308532 0.0305807 0.950722 106.379 -0.0273522 0.998785 -0.0410031 -3.61782 -0.950821 -0.0386552 -0.30732 -34.3399 
-0.302374 0.0331688 0.952612 107.233 -0.0268852 0.9987 -0.0433073 -3.66679 -0.95281 -0.0387062 -0.301089 -34.5882 
-0.295777 0.0337074 0.954662 108.09 -0.0292775 0.998588 -0.0443292 -3.71779 -0.954808 -0.0410617 -0.294373 -34.8301 
-0.28887 0.0332684 0.95679 108.943 -0.0292984 0.998621 -0.0435684 -3.77149 -0.95692 -0.040618 -0.287497 -35.0712 
-0.28056 0.0331034 0.959266 109.798 -0.0253778 0.9988 -0.04189 -3.82303 -0.959501 -0.0360967 -0.279383 -35.3099 
-0.273105 0.0339456 0.961385 110.669 -0.0232911 0.998851 -0.0418849 -3.87777 -0.961702 -0.0338307 -0.272001 -35.5399 
-0.266732 0.0342829 0.963161 111.53 -0.0229846 0.998857 -0.0419186 -3.93018 -0.963497 -0.0333189 -0.265639 -35.7604 
-0.259817 0.0331624 0.965088 112.388 -0.0286477 0.998706 -0.0420299 -3.9805 -0.965233 -0.0385676 -0.25853 -35.9686 
-0.254135 0.0312707 0.966663 113.262 -0.0326829 0.998629 -0.040897 -4.03282 -0.966616 -0.0419868 -0.252764 -36.1663 
-0.249494 0.0312245 0.967873 114.134 -0.0299022 0.998755 -0.0399288 -4.08649 -0.967915 -0.0389035 -0.248249 -36.3752 
-0.244889 0.0316205 0.969035 115.009 -0.0280302 0.998819 -0.0396759 -4.13754 -0.969146 -0.0368784 -0.243714 -36.5793 
-0.240336 0.0329739 0.97013 115.879 -0.0273289 0.998797 -0.0407186 -4.18555 -0.970305 -0.0362987 -0.239145 -36.7763 
-0.234254 0.0321372 0.971644 116.751 -0.0209744 0.999054 -0.0381005 -4.2335 -0.971949 -0.0293049 -0.233358 -36.9769 
-0.228927 0.0312138 0.972943 117.628 -0.0139564 0.999278 -0.0353425 -4.27761 -0.973344 -0.0216696 -0.228326 -37.1778 
-0.223974 0.0302296 0.974126 118.503 -0.0121183 0.999355 -0.0337987 -4.3273 -0.97452 -0.0193748 -0.223463 -37.3658 
-0.219822 0.0318562 0.97502 119.379 -0.0140526 0.99926 -0.0358164 -4.3726 -0.975439 -0.0215747 -0.219211 -37.545 
-0.216324 0.0336905 0.97574 120.251 -0.0157903 0.999153 -0.0379997 -4.41766 -0.976194 -0.0236275 -0.215609 -37.718 
-0.214727 0.0331242 0.976112 121.128 -0.0182007 0.999115 -0.0379086 -4.46522 -0.976505 -0.025906 -0.213934 -37.8883 
-0.213965 0.0320152 0.976317 122.002 -0.0190121 0.999137 -0.0369301 -4.50872 -0.976656 -0.0264636 -0.213172 -38.0555 
-0.213015 0.0276791 0.976657 122.875 -0.0173042 0.999335 -0.0320959 -4.55217 -0.976896 -0.0237371 -0.212394 -38.2291 
-0.211876 0.0225434 0.977037 123.751 -0.0182071 0.999469 -0.0270092 -4.59617 -0.977127 -0.0235116 -0.211353 -38.4023 
-0.211122 0.0206053 0.977243 124.614 -0.0176248 0.999535 -0.024883 -4.63773 -0.977301 -0.0224771 -0.210661 -38.5721 
-0.20998 0.0254876 0.977374 125.463 -0.0166997 0.999421 -0.0296503 -4.68242 -0.977563 -0.0225478 -0.209433 -38.7353 
-0.209926 0.0292744 0.977279 126.314 -0.0167167 0.999298 -0.0335248 -4.72106 -0.977574 -0.0233746 -0.20929 -38.9001 
-0.209968 0.0283868 0.977296 127.177 -0.0202055 0.999239 -0.0333652 -4.76179 -0.977499 -0.0267524 -0.209235 -39.0663 
-0.209211 0.0274096 0.977486 128.027 -0.0218142 0.999228 -0.032688 -4.80934 -0.977627 -0.0281618 -0.208451 -39.2319 
-0.208572 0.0284929 0.977592 128.875 -0.0172656 0.999313 -0.0328096 -4.8504 -0.977855 -0.0237219 -0.207937 -39.402 
-0.207549 0.031241 0.977726 129.714 -0.018985 0.999173 -0.0359564 -4.89017 -0.97804 -0.0260249 -0.206785 -39.5669 
-0.208087 0.0320859 0.977584 130.554 -0.0279635 0.998858 -0.0387364 -4.93418 -0.977711 -0.0353972 -0.206952 -39.7156 
-0.207531 0.0332835 0.977662 131.399 -0.0342137 0.998563 -0.0412577 -4.98155 -0.97763 -0.0420117 -0.206094 -39.8721 
-0.207364 0.036917 0.977567 132.223 -0.0313954 0.998522 -0.044368 -5.03024 -0.97776 -0.0398914 -0.205898 -40.0303 
-0.206599 0.0379853 0.977688 133.045 -0.0293048 0.998558 -0.0449886 -5.08374 -0.977987 -0.0379455 -0.205188 -40.1892 
-0.204673 0.03927 0.978042 133.869 -0.0291638 0.998507 -0.0461947 -5.13647 -0.978396 -0.0379783 -0.203222 -40.3478 
-0.202458 0.0388837 0.978519 134.687 -0.0197937 0.998845 -0.0437867 -5.18693 -0.979091 -0.0282334 -0.201455 -40.513 
-0.199237 0.0357532 0.979299 135.499 -0.014775 0.999111 -0.0394825 -5.23797 -0.97984 -0.0223355 -0.198532 -40.6715 
-0.1972 0.0312117 0.979866 136.311 -0.0104721 0.999369 -0.0339405 -5.28671 -0.980307 -0.0169543 -0.196749 -40.8263 
-0.193509 0.0307509 0.980617 137.117 -0.00890663 0.999412 -0.0330979 -5.33147 -0.981058 -0.0151387 -0.193121 -40.9702 
-0.188555 0.0356162 0.981417 137.908 -0.00779292 0.999256 -0.0377608 -5.38205 -0.982032 -0.0147681 -0.188138 -41.1079 
-0.181961 0.039045 0.98253 138.704 -0.0064428 0.999143 -0.0408983 -5.42385 -0.983285 -0.0137722 -0.181554 -41.2408 
-0.173864 0.0396838 0.98397 139.505 -0.00635929 0.999122 -0.0414186 -5.46506 -0.984749 -0.0134586 -0.173459 -41.3658 
-0.164185 0.035204 0.985801 140.299 -0.00457859 0.999325 -0.0364494 -5.51227 -0.986419 -0.0104981 -0.163913 -41.4851 
-0.152269 0.0339947 0.987754 141.089 -0.000593341 0.999405 -0.0344871 -5.55778 -0.988339 -0.00583739 -0.152158 -41.5949 
-0.138678 0.0367792 0.989654 141.874 0.00402103 0.999323 -0.036575 -5.59907 -0.990329 -0.00109272 -0.138732 -41.694 
-0.124632 0.0380142 0.991475 142.654 0.00336492 0.999276 -0.0378903 -5.6396 -0.992197 -0.00138611 -0.124669 -41.7739 
-0.110769 0.0381015 0.993116 143.44 0.00445605 0.999274 -0.0378407 -5.68135 -0.993836 0.000233815 -0.110858 -41.8468 
-0.0972266 0.0399309 0.994461 144.225 0.0049019 0.999202 -0.039642 -5.7256 -0.99525 0.00102049 -0.0973447 -41.9096 
-0.0837068 0.0462469 0.995417 145.002 0.00199943 0.998928 -0.0462419 -5.77701 -0.996488 -0.0018805 -0.0837096 -41.9529 
-0.0709654 0.0552922 0.995945 145.764 -0.0044273 0.998435 -0.0557459 -5.8295 -0.997469 -0.00836538 -0.0706095 -41.9811 
-0.0573841 0.0631505 0.996353 146.52 -0.00891422 0.997925 -0.0637635 -5.88079 -0.998312 -0.0125407 -0.0567021 -41.9984 
-0.0443377 0.0638675 0.996973 147.285 -0.00944166 0.997883 -0.0643457 -5.93493 -0.998972 -0.012266 -0.0436408 -42.014 
-0.0324036 0.0598759 0.99768 148.057 -0.0129988 0.998094 -0.0603229 -5.99615 -0.99939 -0.0149233 -0.0315635 -42.0192 
-0.0216928 0.0574549 0.998112 148.823 -0.016852 0.998185 -0.0578253 -6.05813 -0.999623 -0.0180746 -0.0206852 -42.0125 
-0.0126045 0.0638316 0.997881 149.578 -0.0206458 0.997731 -0.0640828 -6.12085 -0.999707 -0.0214098 -0.0112581 -42.0006 
-0.00627888 0.0718248 0.997398 150.326 -0.0241382 0.997116 -0.0719565 -6.17827 -0.999689 -0.0245272 -0.00452705 -41.984 
-0.00325082 0.0744636 0.997218 151.078 -0.0270735 0.996852 -0.0745245 -6.23733 -0.999628 -0.0272405 -0.00122459 -41.9671 
-0.00316627 0.0700929 0.997535 151.831 -0.0292883 0.997106 -0.0701556 -6.29984 -0.999566 -0.0294383 -0.00110421 -41.9526 
-0.00494731 0.0653964 0.997847 152.584 -0.0309684 0.997371 -0.0655186 -6.37085 -0.999508 -0.0312259 -0.00290908 -41.9387 
-0.00772084 0.0623694 0.998023 153.334 -0.0294553 0.997606 -0.0625711 -6.42863 -0.999536 -0.0298802 -0.00586525 -41.9329 
-0.010392 0.0625651 0.997987 154.077 -0.0271174 0.997656 -0.0628266 -6.48494 -0.999578 -0.0277157 -0.00867099 -41.9302 
-0.0140655 0.0625394 0.997943 154.818 -0.0254081 0.997698 -0.0628821 -6.54514 -0.999578 -0.0262403 -0.0124442 -41.9307 
-0.0184413 0.0608813 0.997975 155.565 -0.0260617 0.997776 -0.0613507 -6.60599 -0.99949 -0.0271403 -0.0168136 -41.9326 
-0.0237183 0.0613443 0.997835 156.309 -0.0263695 0.99773 -0.0619646 -6.65855 -0.999371 -0.0277821 -0.0220468 -41.9404 
-0.0296897 0.0595015 0.997787 157.044 -0.0277316 0.997793 -0.060327 -6.71294 -0.999174 -0.0294613 -0.0279741 -41.9465 
-0.0355985 0.0566617 0.997759 157.782 -0.0255425 0.998014 -0.0575875 -6.77469 -0.99904 -0.0275353 -0.0340805 -41.9644 
-0.0411015 0.0568985 0.997534 158.509 -0.0263343 0.997969 -0.0580083 -6.82518 -0.998808 -0.0286536 -0.0395196 -41.9811 
-0.046569 0.0581611 0.99722 159.235 -0.028079 0.997833 -0.0595081 -6.8785 -0.99852 -0.0307722 -0.0448349 -41.9984 
-0.0505966 0.0602139 0.996902 159.958 -0.0283883 0.997691 -0.0617022 -6.9373 -0.998316 -0.0314223 -0.0487704 -42.0212 
-0.0530829 0.0625705 0.996628 160.675 -0.0287082 0.997527 -0.064156 -6.99447 -0.998177 -0.032017 -0.0511553 -42.0485 
-0.0544573 0.0642029 0.99645 161.391 -0.0256811 0.997511 -0.0656747 -7.04827 -0.998186 -0.0291664 -0.0526729 -42.0804 
-0.0533967 0.0625856 0.99661 162.108 -0.0220215 0.997718 -0.063835 -7.10419 -0.998331 -0.0253555 -0.0518966 -42.1139 
-0.0495127 0.0586723 0.997049 162.817 -0.0195125 0.998026 -0.0596987 -7.16443 -0.998583 -0.0224108 -0.0482701 -42.139 
-0.0420342 0.0586125 0.997396 163.519 -0.0186216 0.998058 -0.0594362 -7.22112 -0.998943 -0.0210715 -0.0408611 -42.1538 
-0.0308046 0.0593829 0.99776 164.213 -0.016028 0.998076 -0.0598965 -7.27551 -0.999397 -0.0178372 -0.0297935 -42.1614 
-0.0161118 0.0594891 0.998099 164.907 -0.0134546 0.998125 -0.0597078 -7.32759 -0.99978 -0.014391 -0.0152812 -42.162 
-0.000980321 0.0571237 0.998367 165.594 -0.0146679 0.998259 -0.0571319 -7.37628 -0.999892 -0.0146999 -0.000140733 -42.1433 
0.0150397 0.0524094 0.998512 166.28 -0.0195637 0.99845 -0.0521114 -7.42501 -0.999696 -0.0187509 0.0160417 -42.1077 
0.0313344 0.0457418 0.998462 166.965 -0.0208344 0.998765 -0.0451019 -7.47129 -0.999292 -0.0193891 0.0322487 -42.0649 
0.0486435 0.0381524 0.998087 167.644 -0.0210554 0.999087 -0.0371644 -7.51281 -0.998594 -0.0192073 0.0494025 -42.0154 
0.0663046 0.0308238 0.997323 168.319 -0.0216542 0.999332 -0.0294462 -7.5484 -0.997564 -0.0196439 0.0669278 -41.9515 
0.0832637 0.0247462 0.99622 168.983 -0.0233638 0.999465 -0.022874 -7.58372 -0.996254 -0.0213709 0.0837974 -41.8729 
0.101271 0.0224295 0.994606 169.639 -0.0241617 0.999506 -0.0200798 -7.61392 -0.994565 -0.0219979 0.101763 -41.7845 
0.119132 0.0212394 0.992651 170.288 -0.0229876 0.999562 -0.0186284 -7.63713 -0.992612 -0.0205994 0.119568 -41.6887 
0.136656 0.0207315 0.990402 170.928 -0.0244816 0.999546 -0.0175449 -7.65966 -0.990316 -0.021849 0.137101 -41.5803 
0.152825 0.0196918 0.988057 171.562 -0.0291823 0.999455 -0.0154052 -7.68028 -0.987822 -0.0264795 0.153317 -41.4575 
0.167384 0.0160114 0.985762 172.19 -0.0313844 0.999448 -0.0109045 -7.70246 -0.985392 -0.0291123 0.167794 -41.3261 
0.179786 0.012132 0.983631 172.818 -0.0280058 0.999582 -0.00720988 -7.72178 -0.983307 -0.0262512 0.18005 -41.1993 
0.190414 0.0110254 0.981642 173.433 -0.0259319 0.999645 -0.00619744 -7.73879 -0.981361 -0.0242757 0.190633 -41.0639 
0.200344 0.0147408 0.979615 174.037 -0.0302466 0.999503 -0.0088542 -7.759 -0.979259 -0.0278561 0.20069 -40.9175 
0.209489 0.0217602 0.977569 174.63 -0.0340327 0.999309 -0.0149511 -7.77892 -0.977219 -0.0301372 0.210084 -40.7694 
0.218552 0.0317922 0.975307 175.222 -0.0343174 0.999101 -0.0248777 -7.7984 -0.975222 -0.028033 0.219446 -40.6183 
0.22696 0.0375751 0.973179 175.813 -0.0283679 0.999087 -0.0319596 -7.81613 -0.973491 -0.0203535 0.227819 -40.4754 
0.233451 0.035731 0.971712 176.416 -0.0277613 0.999162 -0.0300708 -7.83389 -0.971972 -0.019956 0.234247 -40.3131 
0.239421 0.0280786 0.97051 177.023 -0.0300152 0.999318 -0.0215074 -7.85541 -0.970452 -0.0239807 0.240101 -40.1437 
0.243838 0.0175272 0.969658 177.637 -0.034461 0.999362 -0.00939828 -7.87882 -0.969204 -0.0311237 0.244286 -39.9695 
0.245676 0.00942671 0.969306 178.249 -0.0347449 0.999396 -0.000913003 -7.90059 -0.968729 -0.0334541 0.245855 -39.7933 
0.246815 0.00880415 0.969023 178.856 -0.0313048 0.999509 -0.0011076 -7.91656 -0.968557 -0.0300617 0.246969 -39.6328 
0.248014 0.0108465 0.968696 179.457 -0.0279206 0.999602 -0.00404406 -7.92735 -0.968354 -0.0260436 0.248218 -39.4709 
0.249953 0.0103639 0.968202 180.066 -0.0245459 0.999689 -0.00436409 -7.93448 -0.967947 -0.0226746 0.25013 -39.3104 
0.251773 0.007911 0.967754 180.674 -0.0260711 0.999659 -0.00138906 -7.94437 -0.967435 -0.0248807 0.251893 -39.1394 
0.254685 0.0040543 0.967016 181.29 -0.0263601 0.999649 0.00275144 -7.95612 -0.966665 -0.0261914 0.254702 -38.9638 
0.257881 -0.00117057 0.966176 181.908 -0.0256896 0.999637 0.00806794 -7.9677 -0.965835 -0.0269012 0.257758 -38.7879 
0.262355 -0.00406536 0.964963 182.525 -0.0242699 0.999647 0.0108101 -7.97425 -0.964666 -0.0262556 0.262164 -38.6083 
0.268835 -0.00631773 0.963165 183.148 -0.022338 0.999669 0.0127921 -7.9751 -0.962927 -0.0249542 0.268605 -38.4225 
0.276793 -0.00954816 0.960882 183.775 -0.0205362 0.999664 0.0158492 -7.97659 -0.96071 -0.0241198 0.276503 -38.2297 
0.286649 -0.0113524 0.957968 184.397 -0.0182958 0.999683 0.0173213 -7.97995 -0.957861 -0.0224919 0.286351 -38.0319 
0.297564 -0.00942642 0.954655 185.014 -0.0196711 0.999678 0.0160025 -7.98429 -0.954499 -0.0235409 0.297283 -37.818 
0.309258 -0.00583547 0.95096 185.633 -0.020732 0.999702 0.0128768 -7.98599 -0.950752 -0.0236975 0.309045 -37.5964 
0.321276 -0.00276981 0.946981 186.256 -0.0216459 0.999713 0.0102678 -7.98485 -0.946738 -0.0237971 0.321124 -37.3694 
0.332815 -0.00254204 0.942989 186.875 -0.020204 0.999748 0.00982583 -7.9843 -0.942776 -0.0223223 0.33268 -37.1328 
0.344117 -0.00571325 0.938909 187.499 -0.019417 0.999724 0.0131998 -7.98499 -0.938726 -0.022773 0.343912 -36.8863 
0.355037 -0.00705978 0.934826 188.128 -0.0204756 0.999673 0.015326 -7.98767 -0.934628 -0.0245824 0.354776 -36.6204 
0.366421 -0.00774106 0.930417 188.757 -0.0219243 0.999616 0.0169512 -7.98725 -0.930191 -0.02661 0.36611 -36.3513 
0.37589 -0.00887942 0.926622 189.393 -0.0256752 0.99947 0.0199929 -7.9814 -0.926309 -0.0313063 0.375463 -36.0667 
0.382989 -0.00779982 0.92372 190.028 -0.0292639 0.99936 0.0205718 -7.97705 -0.923289 -0.0349104 0.382516 -35.7814 
0.387394 -0.0107755 0.921851 190.674 -0.0292825 0.999283 0.0239861 -7.97281 -0.921449 -0.0362862 0.386801 -35.4916 
0.389453 -0.0145695 0.920931 191.329 -0.0263389 0.99929 0.0269477 -7.96523 -0.92067 -0.0347512 0.388792 -35.2015 
0.389554 -0.0138794 0.920899 191.981 -0.0218801 0.999465 0.0243192 -7.95668 -0.920744 -0.029623 0.389042 -34.9183 
0.388531 -0.0135455 0.921336 192.641 -0.0204914 0.999518 0.0233363 -7.95324 -0.921208 -0.0279463 0.388066 -34.6282 
0.387586 -0.0123383 0.921751 193.309 -0.0171595 0.999641 0.0205963 -7.9441 -0.921674 -0.0237996 0.387235 -34.3345 
0.387269 -0.014343 0.921855 193.989 -0.0140139 0.999672 0.021441 -7.93548 -0.92186 -0.0212222 0.386941 -34.0439 
0.386321 -0.0199742 0.922148 194.677 -0.010753 0.9996 0.0261567 -7.9265 -0.922302 -0.0200207 0.385952 -33.746 
0.384961 -0.0226733 0.922654 195.361 -0.0107685 0.99952 0.0290552 -7.91821 -0.92287 -0.0211207 0.384532 -33.4467 
0.383273 -0.0252399 0.92329 196.045 -0.00994696 0.999456 0.0314513 -7.91231 -0.923582 -0.0212383 0.382813 -33.1528 
0.382013 -0.025293 0.923811 196.731 -0.0108451 0.999434 0.0318481 -7.89842 -0.924094 -0.0221852 0.381522 -32.8579 
0.379845 -0.0255547 0.924697 197.418 -0.0121883 0.999393 0.0326257 -7.88561 -0.92497 -0.0236631 0.379303 -32.5574 
0.378019 -0.024357 0.925477 198.109 -0.013179 0.999411 0.0316859 -7.87909 -0.925704 -0.0241748 0.377475 -32.26 
0.376858 -0.0208219 0.926037 198.796 -0.0125818 0.99954 0.027595 -7.87242 -0.926186 -0.0220505 0.376422 -31.9724 
0.376338 -0.0149582 0.926362 199.481 -0.0129307 0.999688 0.0213953 -7.86382 -0.926392 -0.0200303 0.376027 -31.6865 
0.374985 -0.0121376 0.926951 200.161 -0.0150654 0.999702 0.0191847 -7.85685 -0.926908 -0.0211589 0.374691 -31.3928 
0.37373 -0.0147756 0.92742 200.857 -0.0161022 0.999619 0.0224147 -7.85083 -0.927398 -0.0233105 0.373349 -31.1017 
0.372654 -0.0179061 0.927798 201.532 -0.0180873 0.999484 0.0265545 -7.84924 -0.927794 -0.026677 0.372138 -30.8218 
0.370154 -0.0167557 0.928819 202.221 -0.0226621 0.999377 0.0270599 -7.8458 -0.928694 -0.0310654 0.369544 -30.5286 
0.365455 -0.0168659 0.930676 202.916 -0.0247305 0.999307 0.0278207 -7.83729 -0.930501 -0.0331833 0.364784 -30.2388 
0.358961 -0.0182103 0.933175 203.606 -0.0240972 0.999296 0.0287701 -7.82652 -0.933041 -0.0328143 0.35827 -29.9664 
0.350177 -0.0184908 0.936501 204.3 -0.023854 0.999305 0.0286504 -7.82169 -0.93638 -0.032372 0.349493 -29.7022 
0.339832 -0.0173999 0.940325 204.994 -0.0210815 0.999437 0.0261126 -7.81787 -0.94025 -0.0286974 0.339274 -29.4378 
0.32922 -0.0140338 0.944149 205.686 -0.0220942 0.999501 0.0225607 -7.81027 -0.943995 -0.0282876 0.328746 -29.1896 
0.317821 -0.0140285 0.948047 206.38 -0.0248814 0.999423 0.02313 -7.80024 -0.947824 -0.03094 0.317288 -28.9506 
0.306685 -0.0220948 0.951555 207.083 -0.0199234 0.999363 0.0296263 -7.79295 -0.951603 -0.0280441 0.306049 -28.7193 
0.298321 -0.0306904 0.953972 207.794 -0.0157391 0.999189 0.0370669 -7.78609 -0.954336 -0.0260724 0.297596 -28.4996 
0.291373 -0.0361857 0.955925 208.503 -0.0152548 0.998982 0.0424654 -7.77317 -0.956488 -0.0269557 0.290525 -28.2785 
0.287002 -0.0369631 0.957216 209.211 -0.0210158 0.998772 0.044869 -7.75354 -0.957699 -0.0329942 0.285873 -28.0447 
0.284525 -0.0394649 0.957856 209.929 -0.0187665 0.998732 0.0467235 -7.74172 -0.958485 -0.0312697 0.283424 -27.8244 
0.282907 -0.0404405 0.958294 210.644 -0.0176763 0.998721 0.047365 -7.72073 -0.958985 -0.030339 0.28183 -27.6035 
0.282152 -0.0387151 0.958588 211.358 -0.0178501 0.998801 0.0455932 -7.70085 -0.959204 -0.0299751 0.281123 -27.38 
0.281748 -0.0364991 0.958794 212.082 -0.0214016 0.998789 0.0443107 -7.67692 -0.95925 -0.0330041 0.280625 -27.1494 
0.282201 -0.0372564 0.958632 212.797 -0.0219253 0.998734 0.0452694 -7.65484 -0.959105 -0.0337934 0.281027 -26.9246 
0.283886 -0.0384661 0.958086 213.517 -0.0223753 0.998657 0.0467249 -7.63165 -0.958597 -0.034702 0.282644 -26.6948 
0.285343 -0.040285 0.957578 214.247 -0.0212279 0.998606 0.0483366 -7.60963 -0.95819 -0.0341199 0.28409 -26.466 
0.286983 -0.0413696 0.957042 214.98 -0.0175558 0.998672 0.0484336 -7.58602 -0.957775 -0.0307012 0.285875 -26.2395 
0.290187 -0.0429028 0.956008 215.716 -0.0163365 0.998627 0.0497742 -7.55857 -0.956831 -0.0300616 0.289088 -26.007 
0.294221 -0.0442595 0.954712 216.454 -0.0180125 0.998493 0.0518402 -7.53271 -0.955568 -0.0324492 0.29298 -25.7618 
0.299549 -0.048396 0.952853 217.194 -0.0194408 0.998196 0.0568107 -7.50637 -0.953883 -0.0355418 0.298068 -25.5128 
0.304613 -0.052097 0.95105 217.936 -0.0198817 0.997938 0.0610334 -7.47403 -0.952269 -0.0375 0.302949 -25.2591 
0.308885 -0.0521093 0.949671 218.677 -0.0209733 0.997882 0.0615764 -7.44245 -0.950868 -0.0389378 0.307138 -25.0007 
0.313159 -0.0473555 0.948519 219.411 -0.0264048 0.997936 0.0585403 -7.41253 -0.949334 -0.0433779 0.311262 -24.7346 
0.317703 -0.0412705 0.947292 220.147 -0.03121 0.998056 0.0539494 -7.37502 -0.947677 -0.0467048 0.315797 -24.464 
0.322321 -0.0382802 0.945856 220.885 -0.0348768 0.998023 0.0522766 -7.34343 -0.945988 -0.0498383 0.320349 -24.1911 
0.326899 -0.038632 0.944269 221.637 -0.0363164 0.997913 0.0533991 -7.31697 -0.944361 -0.0517485 0.324814 -23.9162 
0.330941 -0.0362761 0.942954 222.38 -0.0382743 0.997923 0.0518236 -7.29277 -0.942875 -0.0532415 0.328865 -23.6398 
0.334716 -0.0334654 0.941725 223.114 -0.0387933 0.998033 0.0492547 -7.26386 -0.94152 -0.053019 0.33276 -23.3589 
0.339331 -0.0329227 0.940091 223.856 -0.0391993 0.998024 0.0491008 -7.23508 -0.93985 -0.0535123 0.33737 -23.0739 
0.343921 -0.0346343 0.93836 224.591 -0.0387893 0.997943 0.0510503 -7.21357 -0.938197 -0.0539556 0.34187 -22.7863 
0.348264 -0.0351423 0.936737 225.332 -0.0347054 0.998129 0.0503484 -7.19006 -0.936754 -0.0500444 0.346393 -22.4997 
0.352642 -0.0349734 0.935104 226.072 -0.0316592 0.998283 0.0492756 -7.16493 -0.935222 -0.0469813 0.35093 -22.2113 
0.356605 -0.0326512 0.933684 226.809 -0.0329807 0.998326 0.0475082 -7.13675 -0.933673 -0.0477352 0.354932 -21.9109 
0.361267 -0.0329943 0.931878 227.543 -0.0375432 0.998049 0.0498918 -7.11177 -0.931706 -0.05301 0.359324 -21.6043 
0.365839 -0.0332713 0.930083 228.281 -0.0404289 0.997849 0.0515978 -7.08639 -0.9298 -0.0564787 0.363707 -21.2913 
0.36996 -0.0308889 0.928534 229.016 -0.0375872 0.998131 0.0481802 -7.06696 -0.928287 -0.0527257 0.368107 -20.9869 
0.373789 -0.0240705 0.927202 229.736 -0.0371384 0.998473 0.0408927 -7.04502 -0.92677 -0.04972 0.372324 -20.6805 
0.377147 -0.0175682 0.925987 230.454 -0.0431206 0.998403 0.0365048 -7.02002 -0.925149 -0.0536968 0.375787 -20.363 
0.380157 -0.0187411 0.924732 231.176 -0.048903 0.997989 0.0403299 -6.99716 -0.923628 -0.0605539 0.378476 -20.0367 
0.382664 -0.02917 0.923427 231.913 -0.0477839 0.997539 0.0513126 -6.97711 -0.922651 -0.0637604 0.380328 -19.7157 
0.384634 -0.0415373 0.922134 232.652 -0.0441395 0.997017 0.0633216 -6.94516 -0.922013 -0.0650582 0.381653 -19.4002 
0.386282 -0.0492094 0.921067 233.385 -0.0455581 0.996339 0.0723373 -6.90996 -0.921255 -0.0699047 0.382626 -19.0737 
0.388545 -0.0512588 0.920003 234.116 -0.0468405 0.996062 0.0752787 -6.87721 -0.920238 -0.0723426 0.384614 -18.7487 
0.391315 -0.0467477 0.919069 234.841 -0.0463932 0.996437 0.070436 -6.8369 -0.919087 -0.0702012 0.387752 -18.4253 
0.39546 -0.0411137 0.917563 235.562 -0.0450136 0.99693 0.0640704 -6.79436 -0.91738 -0.0666401 0.392395 -18.1037 
0.399999 -0.0366498 0.915782 236.284 -0.0449977 0.99721 0.0595629 -6.75628 -0.91541 -0.0650332 0.397234 -17.7733 
0.403924 -0.034958 0.914124 237.002 -0.042996 0.99744 0.0571429 -6.72745 -0.913781 -0.062385 0.401387 -17.4423 
0.408118 -0.0327182 0.912343 237.725 -0.0423596 0.997603 0.0547245 -6.69118 -0.911946 -0.0609805 0.405753 -17.106 
0.412048 -0.034115 0.910523 238.447 -0.0412637 0.997575 0.0560502 -6.65785 -0.910227 -0.0606669 0.409641 -16.7654 
0.4154 -0.0392584 0.908791 239.176 -0.0396226 0.997339 0.0611947 -6.62705 -0.908776 -0.061429 0.412739 -16.4177 
0.418564 -0.0452728 0.907058 239.905 -0.0375819 0.997038 0.0671062 -6.59083 -0.907409 -0.0621773 0.415623 -16.0706 
0.421067 -0.0508064 0.905605 240.637 -0.0361219 0.996699 0.0727121 -6.55109 -0.90631 -0.0633288 0.417842 -15.7187 
0.423273 -0.0561355 0.904262 241.368 -0.0340751 0.996386 0.0778046 -6.50366 -0.905361 -0.0637454 0.41983 -15.3656 
0.424787 -0.0629866 0.903099 242.104 -0.0324118 0.995879 0.084703 -6.45604 -0.904713 -0.0652519 0.420995 -15.0087 
0.426593 -0.0634236 0.902217 242.836 -0.0328439 0.995794 0.0855313 -6.4053 -0.903847 -0.0661193 0.422715 -14.6517 
0.428089 -0.0517546 0.902253 243.546 -0.0418154 0.996155 0.076981 -6.36097 -0.902769 -0.0706828 0.424279 -14.2794 
0.428817 -0.0381667 0.902585 244.26 -0.0437026 0.997061 0.0629248 -6.31482 -0.902334 -0.0664286 0.425889 -13.9214 
0.42968 -0.0303274 0.902472 244.979 -0.0436502 0.99757 0.0543057 -6.26752 -0.901925 -0.0627271 0.427312 -13.5638 
0.429484 -0.0327459 0.90248 245.711 -0.0434152 0.997438 0.0568524 -6.22895 -0.90203 -0.0635986 0.426963 -13.2005 
