1 -4.23778e-08 4.22719e-08 0 -4.23778e-08 1 -4.19404e-08 0 4.22719e-08 -4.19404e-08 1 0 
0.999987 -0.00246133 -0.00443302 0.0109637 0.00244783 0.999992 -0.00302721 0.00601772 0.00444052 0.00301623 0.999986 0.681754 
0.999965 -0.000487981 -0.00839503 -0.0119435 0.000443922 0.999986 -0.00523918 0.00766951 0.00839755 0.00523518 0.999951 1.38086 
0.999921 -0.000959458 -0.0125287 -0.0328656 0.000871013 0.999975 -0.00705612 0.00687072 0.0125353 0.00704456 0.999897 2.09628 
0.99985 0.000629592 -0.0173299 -0.0579821 -0.000769674 0.999967 -0.00807292 0.0028389 0.0173243 0.00808496 0.999817 2.82238 
0.99976 -0.00050009 -0.0218888 -0.0752635 0.000314924 0.999964 -0.00845817 -0.00661875 0.0218923 0.00844917 0.999725 3.54345 
0.99964 0.000908726 -0.0268003 -0.104687 -0.00117791 0.999949 -0.010027 -0.00876965 0.0267899 0.0100548 0.99959 4.30028 
0.999495 0.00350964 -0.0315747 -0.147166 -0.00385816 0.999932 -0.0109811 -0.0117799 0.0315341 0.0110973 0.999441 5.07214 
0.999331 0.00270753 -0.0364787 -0.181671 -0.00301175 0.999961 -0.00828497 -0.0380665 0.036455 0.00838921 0.9993 5.87899 
0.99914 0.00160716 -0.0414423 -0.219998 -0.00185242 0.999981 -0.00587854 -0.0438436 0.0414322 0.00595017 0.999124 6.68383 
0.998993 0.00170291 -0.0448289 -0.261527 -0.00190042 0.999989 -0.00436177 -0.0442558 0.0448211 0.00444248 0.998985 7.48776 
0.998824 0.00331146 -0.0483705 -0.305904 -0.00357179 0.99998 -0.00529479 -0.0530084 0.048352 0.00546125 0.998815 8.32075 
0.998752 0.00381814 -0.049793 -0.369829 -0.0041262 0.999973 -0.00608386 -0.0615787 0.0497685 0.00628164 0.998741 9.13313 
0.998644 0.000588725 -0.0520628 -0.412798 -0.000915611 0.99998 -0.00625347 -0.0754537 0.0520582 0.00629257 0.998624 9.97459 
0.99852 0.000102528 -0.054385 -0.460304 -0.000406908 0.999984 -0.00558419 -0.086941 0.0543837 0.00559797 0.998504 10.8112 
0.99847 -0.00156111 -0.0552814 -0.527649 0.00124921 0.999983 -0.00567471 -0.100373 0.0552894 0.00559689 0.998455 11.6543 
0.99835 0.00110529 -0.0574132 -0.588192 -0.0015736 0.999966 -0.00811067 -0.113817 0.0574023 0.00818755 0.998317 12.5213 
0.998259 0.00168993 -0.0589626 -0.653551 -0.0023387 0.999937 -0.0109345 -0.123625 0.0589406 0.0110532 0.9982 13.3968 
0.998174 0.00548536 -0.06015 -0.727827 -0.00625211 0.999901 -0.0125653 -0.143606 0.0600752 0.0129183 0.99811 14.2546 
0.998126 0.00570486 -0.0609287 -0.798227 -0.00642478 0.999912 -0.011625 -0.168759 0.0608571 0.0119946 0.998074 15.1324 
0.998047 0.00470938 -0.0622823 -0.872631 -0.00538008 0.999929 -0.0106042 -0.182447 0.0622281 0.0109184 0.998002 16.0294 
0.997978 0.00541969 -0.0633264 -0.940968 -0.00601174 0.99994 -0.00916114 -0.200826 0.063273 0.00952323 0.997951 16.9184 
0.997894 0.00490719 -0.0646811 -1.00416 -0.00555004 0.999937 -0.0097616 -0.211879 0.0646292 0.0100999 0.997858 17.8233 
0.997754 0.00465134 -0.0668277 -1.0687 -0.00536616 0.99993 -0.0105197 -0.22809 0.0667742 0.0108546 0.997709 18.731 
0.997706 0.00337691 -0.0676145 -1.14786 -0.00417588 0.999923 -0.0116774 -0.242056 0.06757 0.0119329 0.997643 19.6561 
0.997648 0.00298033 -0.0684797 -1.2085 -0.00367537 0.999943 -0.0100246 -0.25709 0.068446 0.0102526 0.997602 20.5731 
0.997602 0.00461823 -0.0690619 -1.27816 -0.00511018 0.999963 -0.00694727 -0.272728 0.0690273 0.00728344 0.997588 21.4999 
0.997644 0.0067944 -0.068262 -1.35391 -0.00705502 0.999969 -0.00357643 -0.289515 0.0682356 0.00404951 0.997661 22.4313 
0.997772 0.00476483 -0.0665385 -1.42922 -0.00478931 0.999988 -0.000207137 -0.302549 0.0665369 0.000525263 0.997784 23.3641 
0.997866 0.00497197 -0.0650997 -1.50614 -0.00497022 0.999988 0.000190039 -0.309058 0.0650999 0.00013384 0.997879 24.3074 
0.997922 0.00565676 -0.0641791 -1.57184 -0.00587593 0.999977 -0.00322538 -0.315276 0.0641595 0.00359571 0.997933 25.2494 
0.99799 0.00760131 -0.0629156 -1.65318 -0.00813664 0.999933 -0.00825557 -0.326537 0.0628487 0.00875081 0.997985 26.1854 
0.998068 0.00633564 -0.0618074 -1.72624 -0.0070418 0.999912 -0.0112126 -0.343796 0.0617311 0.0116261 0.998025 27.1382 
0.998083 0.00478601 -0.0617075 -1.78142 -0.0054599 0.999927 -0.0107554 -0.358945 0.0616517 0.0110716 0.998036 28.114 
0.998083 0.00245336 -0.0618432 -1.84172 -0.00282293 0.999979 -0.00588802 -0.378792 0.0618275 0.00605122 0.998068 29.0745 
0.99807 -0.000931084 -0.0620895 -1.91906 0.000727444 0.999994 -0.00330099 -0.382259 0.0620923 0.00324936 0.998065 30.0443 
0.998032 -0.00716639 -0.0622973 -1.99503 0.00686042 0.999963 -0.00512259 -0.383844 0.0623318 0.00468503 0.998044 31.0111 
0.99795 -0.0093607 -0.063314 -2.07585 0.00877689 0.999916 -0.00949145 -0.39196 0.0633977 0.00891621 0.997948 31.9847 
0.997842 -0.00886151 -0.0650618 -2.14613 0.0079963 0.999876 -0.0135454 -0.414794 0.0651738 0.0129958 0.997789 32.9736 
0.997708 -0.00721002 -0.0672828 -2.23291 0.00622508 0.99987 -0.0148358 -0.432184 0.0673811 0.0143829 0.997624 33.9587 
0.997667 -0.00719705 -0.0678878 -2.31547 0.00629651 0.999889 -0.0134685 -0.460911 0.0679773 0.0130095 0.997602 34.9525 
0.997541 -0.00361856 -0.0699859 -2.38323 0.0028289 0.999931 -0.0113777 -0.483721 0.0700223 0.0111517 0.997483 35.9584 
0.997524 -0.00306091 -0.0702655 -2.48294 0.00233641 0.999943 -0.0103896 -0.50723 0.0702934 0.0101996 0.997474 36.9301 
0.997504 -0.00013911 -0.0706042 -2.58096 -0.000432449 0.999967 -0.00807874 -0.537891 0.0706031 0.00808903 0.997472 37.9164 
0.997471 0.000386611 -0.071076 -2.65661 -0.000790471 0.999984 -0.00565289 -0.557522 0.0710728 0.00569469 0.997455 38.9322 
0.997394 0.00740647 -0.0717642 -2.7493 -0.00770368 0.999963 -0.00386446 -0.574346 0.071733 0.00440715 0.997414 39.9371 
0.997423 0.00844638 -0.071245 -2.83902 -0.00879866 0.99995 -0.00463121 -0.594656 0.0712024 0.00524605 0.997448 40.9275 
0.997665 0.00913311 -0.0676781 -2.99905 -0.009631 0.999929 -0.0070329 -0.594987 0.0676092 0.0076682 0.997682 41.8877 
0.997673 0.011108 -0.0672705 -3.09637 -0.0117748 0.999885 -0.00952296 -0.61175 0.0671571 0.0102928 0.997689 42.8867 
0.997602 0.0118271 -0.0681936 -3.16915 -0.0125256 0.999873 -0.00982398 -0.640294 0.0680688 0.0106545 0.997624 43.8679 
0.997578 0.0103293 -0.0687819 -3.26221 -0.0109398 0.999904 -0.00850288 -0.660778 0.0686876 0.00923466 0.997595 44.8501 
0.997509 0.0113383 -0.0696165 -3.34077 -0.0119185 0.999897 -0.00792409 -0.681923 0.0695196 0.00873399 0.997542 45.8363 
0.997475 0.0147269 -0.0694802 -3.4338 -0.0155812 0.999809 -0.0117682 -0.70395 0.0692937 0.0128209 0.997514 46.8068 
0.997364 0.0159011 -0.0708025 -3.50928 -0.0170849 0.999724 -0.0161443 -0.731927 0.0705264 0.0173113 0.99736 47.7671 
0.99729 0.0167889 -0.0716228 -3.58847 -0.0181182 0.999675 -0.0179498 -0.753362 0.0712983 0.0191987 0.99727 48.7385 
0.997275 0.0158132 -0.0720597 -3.66498 -0.016937 0.999744 -0.0150093 -0.781273 0.071804 0.0161888 0.997287 49.7255 
0.997251 0.0143774 -0.0726852 -3.73715 -0.0152968 0.99981 -0.0121066 -0.808453 0.0724973 0.013185 0.997281 50.7045 
0.997219 0.0117857 -0.0735852 -3.80556 -0.0126511 0.999856 -0.0113041 -0.842056 0.0734414 0.0122035 0.997225 51.6685 
0.997259 0.00874055 -0.0734683 -3.88968 -0.00969731 0.999873 -0.0126751 -0.863863 0.0733483 0.0133527 0.997217 52.6367 
0.997246 0.00626328 -0.0738931 -3.96936 -0.00737446 0.999864 -0.0147732 -0.881689 0.0737905 0.0152774 0.997157 53.599 
0.997147 0.00564161 -0.075271 -4.04942 -0.0067179 0.999879 -0.0140521 -0.903205 0.0751827 0.0145176 0.997064 54.5492 
0.997052 0.00263393 -0.0766846 -4.12368 -0.00346357 0.999937 -0.0106868 -0.923758 0.0766517 0.0109208 0.996998 55.4998 
0.997034 0.00189764 -0.0769382 -4.21283 -0.00238106 0.999978 -0.0061909 -0.940645 0.0769249 0.00635565 0.997017 56.455 
0.997019 0.00406896 -0.0770532 -4.30451 -0.00440539 0.999981 -0.00419566 -0.964357 0.0770348 0.00452252 0.997018 57.4066 
0.996889 0.00613751 -0.078578 -4.38409 -0.00683426 0.99994 -0.00860009 -0.985863 0.0785205 0.00911027 0.996871 58.3356 
0.996753 0.00808077 -0.0801185 -4.47176 -0.00947256 0.99981 -0.0170058 -1.00575 0.079966 0.0177094 0.99664 59.2567 
0.996616 0.0103729 -0.0815389 -4.55621 -0.0122141 0.999681 -0.0221128 -1.03693 0.0812836 0.0230338 0.996425 60.162 
0.996516 0.014561 -0.0821192 -4.65343 -0.0163812 0.999634 -0.0215342 -1.06083 0.0817757 0.0228043 0.99639 61.0593 
0.996387 0.0166645 -0.0832734 -4.75072 -0.018269 0.999661 -0.0185416 -1.09888 0.0829363 0.0199958 0.996354 61.9469 
0.99624 0.0188437 -0.084556 -4.83139 -0.0204098 0.999635 -0.0176937 -1.1267 0.0841918 0.0193529 0.996262 62.8393 
0.996156 0.0191783 -0.0854731 -4.93341 -0.0207766 0.999625 -0.0178485 -1.15377 0.0850988 0.0195556 0.996181 63.7068 
0.995945 0.0209912 -0.0874832 -5.01268 -0.0226137 0.999589 -0.0175963 -1.17859 0.087078 0.0195032 0.99601 64.5732 
0.995812 0.0218151 -0.088786 -5.10177 -0.0234272 0.999578 -0.0171548 -1.21017 0.0883744 0.0191629 0.995903 65.3962 
0.995628 0.0215915 -0.0908792 -5.17973 -0.023195 0.999593 -0.0166248 -1.24068 0.0904834 0.0186599 0.995723 66.2276 
0.995498 0.0219495 -0.092201 -5.27442 -0.0235108 0.999597 -0.0158807 -1.26485 0.0918154 0.0179768 0.995614 67.0537 
0.99529 0.0256002 -0.0935019 -5.36773 -0.0269899 0.999543 -0.0136277 -1.29092 0.0931104 0.016087 0.995526 67.854 
0.995117 0.0273123 -0.0948445 -5.458 -0.0283592 0.999551 -0.00970643 -1.31551 0.0945368 0.0123487 0.995445 68.6415 
0.994846 0.0307642 -0.0966152 -5.54844 -0.0316796 0.999466 -0.00795372 -1.34011 0.0963191 0.0109734 0.99529 69.4096 
0.994677 0.0333292 -0.0975037 -5.65451 -0.0347003 0.999321 -0.0123989 -1.35795 0.0970244 0.0157162 0.995158 70.1686 
0.994511 0.0333487 -0.0991779 -5.73135 -0.0354765 0.999175 -0.019767 -1.38355 0.098437 0.0231769 0.994873 70.8875 
0.994381 0.0325148 -0.100742 -5.81571 -0.0352634 0.999049 -0.0256224 -1.40904 0.0998128 0.0290309 0.994583 71.5995 
0.994287 0.0339494 -0.101199 -5.89457 -0.0368587 0.998955 -0.0270176 -1.43076 0.100176 0.0305932 0.994499 72.2918 
0.994165 0.0371776 -0.101263 -6.00044 -0.039788 0.998923 -0.0238807 -1.45853 0.100266 0.0277703 0.994573 72.9698 
0.994024 0.0374716 -0.102528 -6.07656 -0.0399061 0.998966 -0.0217957 -1.48495 0.101605 0.0257568 0.994491 73.6164 
0.994013 0.0341316 -0.103798 -6.15003 -0.0369312 0.999001 -0.0251692 -1.51086 0.102835 0.0288518 0.99428 74.2555 
0.994237 0.0262134 -0.103952 -6.20854 -0.029499 0.999109 -0.0301951 -1.5421 0.103068 0.0330874 0.994124 74.8634 
0.994435 0.0223487 -0.102954 -6.28187 -0.0260915 0.999041 -0.0351502 -1.57159 0.10207 0.0376408 0.994065 75.4702 
0.994661 0.0250516 -0.10011 -6.34673 -0.0287644 0.998944 -0.035817 -1.59515 0.0991069 0.0385053 0.994331 76.0596 
0.994915 0.0302681 -0.0960603 -6.41727 -0.0335836 0.998888 -0.0330871 -1.6218 0.0949521 0.0361448 0.994825 76.6351 
0.995387 0.0286751 -0.0915528 -6.47243 -0.0315441 0.999051 -0.0300445 -1.65024 0.0906044 0.0327938 0.995347 77.1932 
0.996 0.0252207 -0.0857133 -6.51072 -0.0275477 0.99928 -0.0260736 -1.67162 0.0849941 0.0283304 0.995979 77.7261 
0.996759 0.020622 -0.0777583 -6.54511 -0.0224503 0.99949 -0.0227107 -1.69887 0.0772504 0.0243827 0.996713 78.2618 
0.997455 0.024395 -0.0669937 -6.58752 -0.0260249 0.999383 -0.0235631 -1.71576 0.0663777 0.0252466 0.997475 78.7714 
0.998208 0.0296132 -0.0520063 -6.62254 -0.0309255 0.999219 -0.0246119 -1.73527 0.0512369 0.026176 0.998343 79.2731 
0.998824 0.0342601 -0.0343032 -6.63585 -0.0350964 0.999094 -0.0240781 -1.75837 0.0334473 0.0252537 0.999121 79.7622 
0.99939 0.032828 -0.0118769 -6.6366 -0.033104 0.999168 -0.0238352 -1.77402 0.0110846 0.0242138 0.999645 80.2441 
0.999472 0.0291654 0.0143072 -6.60692 -0.0288364 0.999326 -0.0226919 -1.80217 -0.0149593 0.0222673 0.99964 80.6957 
0.998616 0.0283818 0.0442661 -6.57644 -0.0274373 0.999386 -0.0218016 -1.82182 -0.0448576 0.0205568 0.998782 81.1514 
0.996569 0.0283078 0.0777676 -6.53252 -0.0267611 0.999424 -0.0208611 -1.84237 -0.0783132 0.0187083 0.996753 81.598 
0.992873 0.0286275 0.115684 -6.46712 -0.0264122 0.999438 -0.020638 -1.86783 -0.11621 0.0174354 0.993072 82.0243 
0.987042 0.0300257 0.15763 -6.3792 -0.0268954 0.999397 -0.0219556 -1.87956 -0.158194 0.0174315 0.987254 82.4561 
0.978737 0.0295753 0.202977 -6.27511 -0.0256193 0.999428 -0.0220906 -1.90653 -0.203514 0.0164207 0.978934 82.8692 
0.967127 0.0325002 0.252207 -6.14831 -0.0270264 0.999319 -0.0251385 -1.92193 -0.252852 0.0174958 0.967347 83.2689 
0.951593 0.0351 0.305349 -5.99269 -0.0271879 0.999176 -0.0301273 -1.92651 -0.306155 0.0203671 0.951764 83.6507 
0.931734 0.0348671 0.361464 -5.84184 -0.0248794 0.99917 -0.0322501 -1.95768 -0.362288 0.0210554 0.931828 83.992 
0.907307 0.0362113 0.418906 -5.63984 -0.0233912 0.999089 -0.035701 -1.96401 -0.419817 0.022593 0.907328 84.3422 
0.878306 0.0369884 0.476667 -5.43828 -0.0211415 0.999032 -0.0385679 -1.97351 -0.477632 0.0237969 0.878238 84.6497 
0.845316 0.0359309 0.533057 -5.18938 -0.0159607 0.998989 -0.0420271 -1.98819 -0.534029 0.0270182 0.845035 84.9398 
0.808234 0.0350484 0.587818 -4.94497 -0.0118387 0.998992 -0.0432867 -2.01099 -0.588742 0.0280267 0.807835 85.2211 
0.76801 0.0328177 0.639597 -4.68015 -0.00848266 0.99912 -0.0410793 -2.04478 -0.640382 0.0261238 0.767612 85.4842 
0.724817 0.0329971 0.68815 -4.40412 -0.00821024 0.999195 -0.0392643 -2.06001 -0.688892 0.0228096 0.724505 85.7302 
0.678657 0.0324493 0.733738 -4.11555 -0.0057436 0.999227 -0.0388781 -2.07937 -0.734433 0.0221706 0.678319 85.9606 
0.632144 0.030967 0.774232 -3.80776 -0.000103763 0.999204 -0.0398806 -2.10103 -0.774851 0.0251299 0.631644 86.1534 
0.584918 0.0288269 0.81058 -3.48694 0.00757234 0.999131 -0.0409968 -2.1161 -0.811057 0.0301177 0.584191 86.3349 
0.536698 0.0307265 0.843215 -3.16573 0.00798731 0.999107 -0.0414911 -2.13716 -0.843736 0.0290032 0.535973 86.5212 
0.488754 0.0338438 0.871765 -2.8346 0.00685049 0.999067 -0.0426269 -2.15064 -0.872395 0.026806 0.488066 86.6806 
0.442681 0.0362526 0.895946 -2.5193 0.00806612 0.998981 -0.0444073 -2.16938 -0.896643 0.026885 0.441937 86.8107 
0.400211 0.0344748 0.915774 -2.16752 0.0166192 0.998855 -0.0448654 -2.18206 -0.916272 0.033175 0.399179 86.924 
0.360723 0.0279527 0.932254 -1.81012 0.0330099 0.998542 -0.0427131 -2.19014 -0.932088 0.0461812 0.359275 87.0106 
0.325548 0.0248504 0.945199 -1.44731 0.0384513 0.99848 -0.0394948 -2.20438 -0.944743 0.0492016 0.324098 87.1009 
0.291949 0.029685 0.955973 -1.08643 0.0371272 0.998413 -0.0423414 -2.21833 -0.955713 0.0478541 0.290383 87.1999 
0.260284 0.0377895 0.964792 -0.725584 0.0275247 0.998537 -0.046537 -2.24213 -0.965139 0.0386685 0.258864 87.3004 
0.232214 0.0421181 0.971752 -0.34672 0.0247749 0.998482 -0.049197 -2.26869 -0.972349 0.0354993 0.230818 87.3797 
0.206666 0.0446345 0.977393 0.0475006 0.0289336 0.998243 -0.0517047 -2.28629 -0.977984 0.0389651 0.205011 87.4487 
0.183858 0.0459991 0.981876 0.44652 0.0378234 0.997833 -0.0538293 -2.31023 -0.982225 0.0470348 0.18172 87.4967 
0.163566 0.0531454 0.9851 0.859676 0.0452762 0.997091 -0.0613101 -2.31871 -0.985493 0.0546298 0.160684 87.5501 
0.143925 0.060177 0.987757 1.28042 0.0481939 0.996539 -0.0677343 -2.33141 -0.988414 0.0573525 0.140526 87.5977 
0.126361 0.0610601 0.990103 1.71754 0.0473814 0.996593 -0.0675074 -2.35867 -0.990852 0.0554428 0.123038 87.6518 
0.110953 0.0564581 0.992221 2.17381 0.0453007 0.99706 -0.0617992 -2.40073 -0.992793 0.051805 0.108069 87.6998 
0.0972706 0.053883 0.993798 2.63097 0.0472673 0.997156 -0.0586916 -2.42825 -0.994135 0.0526831 0.0944471 87.7242 
0.0830893 0.051551 0.995208 3.13007 0.0500788 0.997183 -0.0558345 -2.46016 -0.995283 0.054478 0.0802737 87.7734 
0.071253 0.051202 0.996143 3.61355 0.0550533 0.996957 -0.0551818 -2.48659 -0.995938 0.0587728 0.0682174 87.799 
0.061574 0.0515619 0.99677 4.11158 0.0586584 0.996752 -0.0551846 -2.51972 -0.996377 0.0618668 0.0583494 87.8145 
0.0538128 0.051907 0.997201 4.65414 0.0604999 0.996644 -0.0551428 -2.55525 -0.996716 0.063298 0.0504918 87.8486 
0.0479649 0.0524098 0.997473 5.19205 0.0625684 0.996504 -0.0553677 -2.57995 -0.996887 0.065066 0.044518 87.8817 
0.0427181 0.0535408 0.997651 5.7497 0.0638989 0.996372 -0.0562083 -2.61102 -0.997042 0.0661499 0.0391419 87.9001 
0.036959 0.053059 0.997907 6.31985 0.0652796 0.996328 -0.0553928 -2.65235 -0.997182 0.0671902 0.0333597 87.9189 
0.0329055 0.0532312 0.99804 6.90899 0.0678566 0.996157 -0.0553681 -2.68459 -0.997152 0.0695455 0.029167 87.937 
0.0301711 0.0537598 0.998098 7.53558 0.069372 0.996032 -0.0557456 -2.71622 -0.997134 0.070922 0.0263219 87.9579 
0.0271683 0.0536341 0.998191 8.16732 0.0701526 0.995995 -0.0554256 -2.75059 -0.997166 0.0715315 0.0232969 87.9693 
0.0251074 0.0531428 0.998271 8.81901 0.0724575 0.995863 -0.0548371 -2.78547 -0.997055 0.073709 0.0211529 87.9782 
0.0248426 0.0535491 0.998256 9.48954 0.0777202 0.995438 -0.0553322 -2.81869 -0.996666 0.0789592 0.0205674 87.9938 
0.0268108 0.0528305 0.998243 10.1854 0.0812332 0.995185 -0.0548505 -2.86794 -0.996334 0.0825611 0.0223901 88.0027 
0.029589 0.0533383 0.998138 10.8911 0.0828579 0.995008 -0.0556274 -2.89966 -0.996122 0.0843495 0.0250218 88.021 
0.0340607 0.052989 0.998014 11.6074 0.0853274 0.994793 -0.0557302 -2.95014 -0.995771 0.0870562 0.029362 88.0405 
0.0384543 0.0529352 0.997857 12.354 0.0854204 0.994766 -0.0560631 -2.99109 -0.995603 0.0873933 0.0337313 88.0738 
0.0429517 0.0517836 0.997734 13.12 0.0868951 0.994678 -0.0553658 -3.02629 -0.995291 0.0890763 0.0382233 88.1038 
0.0466891 0.0503257 0.997641 13.8848 0.0867686 0.994751 -0.0542407 -3.07512 -0.995134 0.0890963 0.0420774 88.1615 
0.0514347 0.0479288 0.997526 14.663 0.0843992 0.995066 -0.0521625 -3.12841 -0.995104 0.0868733 0.0471358 88.2035 
0.0560597 0.0467406 0.997333 15.4655 0.0843462 0.995111 -0.0513777 -3.18002 -0.994858 0.0870014 0.0518432 88.2449 
0.0611257 0.0474614 0.997001 16.2637 0.0817424 0.995275 -0.0523909 -3.23554 -0.994777 0.0846996 0.0569573 88.2782 
0.0640025 0.0517993 0.996604 17.0496 0.0791174 0.995245 -0.0568097 -3.28898 -0.994808 0.0824848 0.0595999 88.3391 
0.0656133 0.0576869 0.996176 17.858 0.0726934 0.995398 -0.0624299 -3.34349 -0.995194 0.0765117 0.061118 88.4 
0.0653363 0.060553 0.996024 18.6651 0.0696743 0.995444 -0.0650882 -3.4107 -0.995428 0.07365 0.0608197 88.4688 
0.0656445 0.0609647 0.995979 19.4821 0.0679706 0.99554 -0.0654178 -3.45531 -0.995525 0.0719917 0.0612079 88.5365 
0.0646397 0.05948 0.996134 20.2901 0.0653439 0.995827 -0.063702 -3.5194 -0.995767 0.069209 0.0604833 88.6257 
0.0648694 0.0588529 0.996157 21.1088 0.0658931 0.995828 -0.0631245 -3.5718 -0.995716 0.0697347 0.0607207 88.6787 
0.0644705 0.0589001 0.99618 21.9301 0.0632803 0.996006 -0.0629853 -3.62727 -0.995911 0.0670993 0.0604858 88.7607 
0.0653876 0.0590897 0.996109 22.7431 0.0620029 0.996076 -0.0631579 -3.6919 -0.995932 0.0658914 0.0614673 88.8106 
0.0655499 0.0600001 0.996044 23.5601 0.0589391 0.996215 -0.0638893 -3.75328 -0.996107 0.0628939 0.0617654 88.8749 
0.0640071 0.0618663 0.99603 24.3678 0.0560742 0.996277 -0.0654851 -3.81238 -0.996373 0.0600431 0.0602997 88.943 
0.0613734 0.0617433 0.996203 25.1808 0.0527569 0.996489 -0.0650113 -3.87431 -0.99672 0.0565466 0.0579006 89.002 
0.0577367 0.0602998 0.996509 25.9872 0.0505795 0.996716 -0.0632429 -3.94161 -0.99705 0.0540544 0.0544971 89.0557 
0.0529501 0.0578603 0.996919 26.7997 0.0490325 0.996965 -0.0604673 -4.00525 -0.997393 0.0520832 0.0499524 89.109 
0.0468492 0.0560214 0.99733 27.6155 0.0470391 0.997195 -0.0582235 -4.06627 -0.997794 0.0496412 0.0440826 89.1573 
0.0396957 0.057593 0.997551 28.4605 0.0487164 0.997039 -0.0595021 -4.10491 -0.998023 0.050959 0.0367724 89.2182 
0.0306609 0.0586898 0.997805 29.2571 0.0476811 0.997052 -0.0601108 -4.16558 -0.998392 0.0494195 0.0277721 89.2535 
0.0206239 0.0596464 0.998006 30.0589 0.0491743 0.99695 -0.0605995 -4.21141 -0.998577 0.0503261 0.0176279 89.2733 
0.0104879 0.0588782 0.99821 30.856 0.051256 0.996921 -0.0593408 -4.26392 -0.99863 0.0517867 0.00743776 89.2906 
-0.000299504 0.0579979 0.998317 31.6525 0.0502865 0.997054 -0.0579096 -4.32244 -0.998735 0.0501845 -0.00321514 89.2974 
-0.0111703 0.0580503 0.998251 32.4338 0.0525494 0.996968 -0.0573878 -4.37055 -0.998556 0.0518164 -0.0141869 89.2856 
-0.0226126 0.0584453 0.998034 33.2171 0.052313 0.996991 -0.0571991 -4.42728 -0.998375 0.0509167 -0.025602 89.2777 
-0.0333184 0.0590581 0.997698 33.9995 0.0533043 0.996937 -0.057233 -4.48843 -0.998022 0.0512747 -0.0363644 89.2485 
-0.0441376 0.0596898 0.997241 34.7618 0.0523627 0.99698 -0.0573567 -4.54913 -0.997652 0.0496866 -0.0471298 89.216 
-0.0541162 0.0616199 0.996631 35.5352 0.0525945 0.996884 -0.0587798 -4.58135 -0.997148 0.0492364 -0.0571885 89.1713 
-0.0633595 0.0625161 0.996031 36.3122 0.0531573 0.996831 -0.0591849 -4.63813 -0.996574 0.0491964 -0.0664819 89.1159 
-0.0737938 0.0632723 0.995264 37.0622 0.0527021 0.996838 -0.0594648 -4.68784 -0.99588 0.0480644 -0.076895 89.0714 
-0.0838104 0.0639978 0.994424 37.7935 0.0526527 0.996826 -0.0597149 -4.73903 -0.99509 0.0473544 -0.0869141 89.0151 
-0.0914706 0.0638702 0.993757 38.5345 0.0539921 0.996791 -0.0590955 -4.79152 -0.994343 0.0482496 -0.0946256 88.9326 
-0.0995936 0.0629486 0.993035 39.2722 0.0562223 0.996758 -0.057546 -4.83999 -0.993438 0.0500995 -0.10281 88.8769 
-0.10511 0.0617318 0.992543 39.9906 0.0594058 0.996679 -0.0556981 -4.88741 -0.992685 0.0531084 -0.108428 88.8147 
-0.107592 0.0603522 0.992362 40.6908 0.0632969 0.996546 -0.0537441 -4.9311 -0.992178 0.057031 -0.11104 88.7209 
-0.110364 0.0599323 0.992083 41.406 0.0645374 0.996506 -0.0530202 -4.96882 -0.991794 0.0581749 -0.113846 88.6496 
-0.112418 0.0596507 0.991869 42.096 0.0647253 0.996516 -0.0525943 -5.0079 -0.991551 0.0582865 -0.115887 88.5805 
-0.113175 0.0602742 0.991745 42.7611 0.0665 0.996379 -0.0529672 -5.05545 -0.991347 0.0599565 -0.116774 88.5184 
-0.11218 0.0616206 0.991775 43.4165 0.068616 0.996173 -0.0541327 -5.0973 -0.991316 0.061979 -0.115979 88.4417 
-0.107852 0.0635137 0.992136 44.0664 0.068756 0.996044 -0.0562898 -5.13383 -0.991786 0.0621444 -0.111792 88.3513 
-0.103576 0.0645283 0.992526 44.6884 0.0673695 0.996057 -0.0577275 -5.16731 -0.992337 0.0608869 -0.107514 88.3127 
-0.0957175 0.0651312 0.993275 45.2696 0.0668394 0.996025 -0.0588705 -5.21649 -0.993162 0.060755 -0.0996904 88.269 
-0.0852884 0.065117 0.994226 45.8333 0.0668486 0.995987 -0.0594979 -5.263 -0.994111 0.0613882 -0.0892992 88.249 
-0.0712868 0.0656145 0.995295 46.3863 0.0654204 0.995993 -0.0609749 -5.30342 -0.995308 0.060766 -0.0752937 88.2135 
-0.053706 0.0674353 0.996277 46.9486 0.0647148 0.995855 -0.0639182 -5.34199 -0.996457 0.0610411 -0.0578475 88.1989 
-0.0326855 0.0701585 0.997 47.4929 0.0621087 0.995748 -0.0680343 -5.3865 -0.997534 0.0596987 -0.036904 88.2092 
-0.00823897 0.0732922 0.997276 48.0204 0.0591529 0.995599 -0.0726803 -5.42929 -0.998215 0.0583929 -0.0125382 88.2226 
0.0204852 0.0753588 0.996946 48.5531 0.0558968 0.995509 -0.0763988 -5.47315 -0.998226 0.0572911 0.0161809 88.2476 
0.0544674 0.0756801 0.995643 49.0617 0.0541287 0.995434 -0.0786254 -5.50974 -0.997047 0.0581754 0.0501222 88.2878 
0.092467 0.0746779 0.992911 49.6175 0.0534102 0.995376 -0.0798373 -5.53668 -0.994282 0.0604139 0.0880508 88.3711 
0.135195 0.0711737 0.988259 50.1155 0.0496827 0.995675 -0.0785045 -5.58929 -0.989572 0.0597129 0.131074 88.4534 
0.180902 0.0669395 0.98122 50.6146 0.0444004 0.996108 -0.0761411 -5.64053 -0.982498 0.0573406 0.177226 88.5699 
0.230152 0.0640771 0.971043 51.1004 0.0374101 0.99651 -0.0746245 -5.68841 -0.972435 0.0535018 0.226952 88.7017 
0.282645 0.0635205 0.957119 51.5951 0.0318102 0.996635 -0.075537 -5.72545 -0.958697 0.0517963 0.279673 88.8683 
0.338803 0.0630544 0.938742 52.049 0.027846 0.996643 -0.0769936 -5.77577 -0.940445 0.0522259 0.33591 89.0525 
0.397479 0.0636294 0.915402 52.5002 0.0260573 0.996408 -0.0805746 -5.82035 -0.917241 0.0558796 0.394393 89.2752 
0.457737 0.0662234 0.886618 52.9278 0.0233153 0.995985 -0.0864294 -5.87442 -0.888782 0.0602337 0.454355 89.5306 
0.516991 0.0703474 0.853095 53.3158 0.0197063 0.995375 -0.0940225 -5.91166 -0.855764 0.0654201 0.513214 89.8106 
0.574338 0.0751575 0.815161 53.6859 0.0110517 0.994974 -0.099523 -5.94657 -0.818543 0.0661687 0.570621 90.1276 
0.630045 0.0790448 0.772525 54.054 0.00188741 0.994647 -0.103312 -5.98054 -0.776556 0.0665491 0.626523 90.4785 
0.682138 0.0831583 0.726479 54.385 -0.0068833 0.994198 -0.10734 -6.00909 -0.73119 0.0682205 0.678753 90.8577 
0.73047 0.0819867 0.678006 54.6682 -0.0123142 0.994188 -0.106953 -6.05265 -0.682834 0.0697772 0.727234 91.2246 
0.774917 0.0785184 0.627167 54.9217 -0.019027 0.994702 -0.101023 -6.10059 -0.631777 0.0663511 0.772305 91.6036 
0.815734 0.0741215 0.573658 55.1601 -0.0248862 0.995335 -0.093218 -6.14142 -0.577891 0.0617649 0.813773 92.0249 
0.852007 0.0714372 0.518633 55.3744 -0.031838 0.995883 -0.084871 -6.19073 -0.522561 0.0557984 0.850774 92.4432 
0.882417 0.0675172 0.465597 55.5533 -0.0363643 0.996476 -0.0755823 -6.2413 -0.46906 0.0497639 0.881763 92.8848 
0.907351 0.068383 0.414775 55.7097 -0.0439653 0.996706 -0.0681475 -6.28544 -0.418068 0.0435979 0.907369 93.328 
0.926746 0.0703521 0.369044 55.838 -0.0506069 0.996734 -0.062927 -6.32506 -0.372265 0.0396411 0.927279 93.7861 
0.941137 0.076256 0.329312 55.9474 -0.0601922 0.996458 -0.058719 -6.35867 -0.332624 0.0354405 0.942393 94.2392 
0.952473 0.0807364 0.29373 56.0545 -0.0663349 0.99607 -0.0586834 -6.3831 -0.297313 0.0364098 0.954085 94.7037 
0.961368 0.0823556 0.262657 56.155 -0.0697058 0.99593 -0.0571374 -6.40652 -0.266294 0.0366213 0.963196 95.1861 
0.967379 0.0777657 0.241102 56.251 -0.0659812 0.996215 -0.0565843 -6.42956 -0.244589 0.0388302 0.968849 95.6785 
0.971406 0.0743274 0.225491 56.3469 -0.063384 0.99645 -0.0553992 -6.4598 -0.228808 0.0395226 0.972669 96.1709 
0.974052 0.0781938 0.212386 56.4377 -0.0678946 0.996155 -0.0553721 -6.48861 -0.215899 0.0395153 0.975616 96.6694 
0.975655 0.0836536 0.202731 56.5189 -0.0739995 0.995754 -0.0547551 -6.51238 -0.206451 0.03842 0.977702 97.1727 
0.976186 0.0919751 0.196474 56.6015 -0.0825594 0.995034 -0.0556058 -6.54866 -0.200612 0.0380607 0.978931 97.6841 
0.976336 0.0974442 0.193063 56.6885 -0.0875185 0.994396 -0.059311 -6.58173 -0.19776 0.0410108 0.979392 98.2065 
0.976301 0.0996584 0.192104 56.7825 -0.0894653 0.994117 -0.0610459 -6.6326 -0.197057 0.0424125 0.979474 98.7369 
0.975961 0.0984831 0.194425 56.8861 -0.0874007 0.994063 -0.0648004 -6.67245 -0.199653 0.0462497 0.978775 99.2842 
0.975424 0.096804 0.197933 56.9957 -0.0840721 0.993872 -0.0717666 -6.70653 -0.203667 0.0533622 0.977585 99.8382 
0.97473 0.0967753 0.201336 57.115 -0.0827203 0.993585 -0.0771085 -6.74261 -0.207506 0.0585054 0.976482 100.399 
0.973362 0.101564 0.20555 57.2251 -0.0873755 0.993196 -0.0769897 -6.786 -0.21197 0.0569788 0.975614 100.982 
0.971784 0.104519 0.211449 57.3393 -0.0907477 0.993132 -0.0738445 -6.82849 -0.217715 0.0525723 0.974595 101.584 
0.971104 0.101729 0.215889 57.4726 -0.0885722 0.993622 -0.0697905 -6.877 -0.221611 0.0486521 0.973921 102.184 
0.97066 0.0976556 0.219732 57.6144 -0.0854668 0.994262 -0.0643335 -6.92555 -0.224754 0.0436661 0.973437 102.796 
0.969988 0.0949151 0.223863 57.7486 -0.0833984 0.994686 -0.0603732 -6.969 -0.228403 0.0398914 0.972749 103.429 
0.969882 0.0904172 0.226173 57.9028 -0.0787033 0.995072 -0.0603028 -7.00472 -0.230511 0.0406859 0.972219 104.066 
0.970159 0.0872309 0.226234 58.0457 -0.0746912 0.995188 -0.063425 -7.04845 -0.230678 0.0446346 0.972006 104.717 
0.970596 0.0851117 0.225167 58.193 -0.0706581 0.994934 -0.0715036 -7.08562 -0.230112 0.0534912 0.971693 105.371 
0.970578 0.0866307 0.224662 58.3236 -0.0705959 0.994414 -0.0784649 -7.1434 -0.230205 0.060296 0.971272 106.041 
0.970944 0.0898601 0.221796 58.4671 -0.0734039 0.993977 -0.081372 -7.20997 -0.227772 0.0627269 0.971692 106.724 
0.971707 0.0877644 0.219276 58.6208 -0.0723237 0.994366 -0.0774939 -7.2627 -0.224842 0.0594424 0.97258 107.419 
0.972695 0.0819558 0.217136 58.7871 -0.0682666 0.995221 -0.0698253 -7.32876 -0.221821 0.0530955 0.973641 108.115 
0.973059 0.0825452 0.215275 58.9265 -0.0701904 0.995451 -0.0644309 -7.38088 -0.219614 0.0475847 0.974426 108.84 
0.973287 0.0853162 0.213149 59.0747 -0.0728391 0.995175 -0.0657343 -7.43338 -0.217729 0.0484527 0.974806 109.573 
0.973325 0.0913538 0.21046 59.2132 -0.0780582 0.994442 -0.0706558 -7.48269 -0.215745 0.0523429 0.975046 110.304 
0.974006 0.0930113 0.206543 59.3559 -0.078819 0.993993 -0.075928 -7.54194 -0.212365 0.0576747 0.975487 111.057 
0.975026 0.0925343 0.201895 59.5213 -0.0778928 0.993802 -0.079315 -7.59347 -0.207983 0.061608 0.97619 111.838 
0.976042 0.0902664 0.197974 59.6739 -0.0761405 0.994053 -0.0778552 -7.6558 -0.203825 0.060916 0.97711 112.607 
0.977184 0.0858465 0.194271 59.8224 -0.0723543 0.994515 -0.0755246 -7.72527 -0.199689 0.059745 0.978036 113.379 
0.977604 0.0850255 0.192511 59.9706 -0.0721487 0.994722 -0.0729516 -7.79463 -0.197698 0.0574283 0.978579 114.172 
0.978056 0.082291 0.1914 60.1199 -0.0698205 0.995028 -0.0710213 -7.85828 -0.196293 0.0560991 0.978939 114.968 
0.978509 0.0772516 0.191186 60.2662 -0.0649141 0.995434 -0.0699836 -7.92462 -0.19572 0.0560689 0.979056 115.766 
0.978566 0.0778642 0.190644 60.4092 -0.0658287 0.995464 -0.0686801 -7.98586 -0.195127 0.0546581 0.979254 116.589 
0.978062 0.0835509 0.190825 60.5444 -0.0711982 0.994953 -0.0707092 -8.05755 -0.19577 0.0555715 0.979074 117.402 
0.977928 0.0907727 0.188193 60.7655 -0.0788573 0.994434 -0.069879 -8.22774 -0.193489 0.0534962 0.979643 118.259 
0.976938 0.0995701 0.188883 60.9014 -0.087329 0.993568 -0.0720804 -8.27916 -0.194846 0.053923 0.97935 119.095 
0.9755 0.106583 0.192457 61.0265 -0.0943555 0.992957 -0.0716454 -8.3433 -0.198737 0.0517307 0.978686 119.946 
0.974559 0.108432 0.196155 61.1591 -0.0964117 0.992887 -0.0698519 -8.41572 -0.202334 0.0491631 0.978082 120.818 
0.973946 0.108844 0.198953 61.3079 -0.0963878 0.992788 -0.0712856 -8.47581 -0.205277 0.0502516 0.977413 121.664 
0.973747 0.107316 0.200747 61.465 -0.0940627 0.992778 -0.074461 -8.54175 -0.207288 0.0536233 0.976809 122.516 
0.974004 0.101165 0.202687 61.6199 -0.0878077 0.993395 -0.0738683 -8.60485 -0.208821 0.0541505 0.976454 123.375 
0.97442 0.0950449 0.203648 61.7751 -0.0811784 0.993842 -0.0754138 -8.6804 -0.209562 0.0569528 0.976135 124.251 
0.974196 0.0954562 0.204523 61.9547 -0.0815943 0.993825 -0.0751894 -8.76773 -0.210437 0.0565613 0.97597 125.077 
0.973642 0.0985713 0.205683 62.1291 -0.0852862 0.993715 -0.0725082 -8.84109 -0.211537 0.053055 0.975929 125.915 
0.972894 0.10113 0.207966 62.2733 -0.0889291 0.993766 -0.0672287 -8.90998 -0.213469 0.0469121 0.975823 126.763 
0.972274 0.105274 0.208809 62.4415 -0.0940211 0.993566 -0.0631321 -8.98382 -0.214111 0.0417492 0.975917 127.602 
0.972174 0.105073 0.209375 62.6054 -0.0924319 0.993304 -0.0693023 -9.06139 -0.215255 0.0480209 0.975376 128.43 
0.972983 0.100568 0.207821 62.7897 -0.0847485 0.992881 -0.0836925 -9.13482 -0.214758 0.0638189 0.97458 129.243 
0.973405 0.0989636 0.206613 62.953 -0.0812786 0.992398 -0.092416 -9.20888 -0.214188 0.073165 0.974048 130.043 
0.973687 0.0968007 0.206307 63.1183 -0.0809269 0.993169 -0.0840595 -9.28004 -0.213035 0.0651518 0.97487 130.875 
0.974247 0.0908808 0.206355 63.2912 -0.07933 0.994818 -0.0635934 -9.3539 -0.211065 0.0455855 0.976408 131.718 
0.974524 0.0869914 0.206726 63.4558 -0.0784602 0.995706 -0.049131 -9.4177 -0.210112 0.0316596 0.977165 132.556 
0.974159 0.0918156 0.206357 63.5928 -0.0819832 0.995075 -0.055723 -9.47415 -0.210456 0.0373652 0.976889 133.405 
0.974057 0.0993336 0.203338 63.7388 -0.0864025 0.993689 -0.071535 -9.53085 -0.209161 0.0521102 0.976492 134.217 
0.974558 0.0992142 0.200981 63.9091 -0.0847703 0.993243 -0.0792626 -9.59737 -0.207486 0.0602087 0.976383 134.994 
0.975425 0.0952122 0.198696 64.0721 -0.0807875 0.993556 -0.079501 -9.67562 -0.204985 0.0614951 0.976831 135.797 
0.976088 0.0943487 0.19583 64.2221 -0.08044 0.993717 -0.07782 -9.75974 -0.201942 0.0602066 0.977545 136.618 
0.976967 0.0930476 0.192037 64.3637 -0.079075 0.993717 -0.079201 -9.82616 -0.1982 0.0621913 0.978187 137.43 
0.977806 0.0938066 0.187341 64.4991 -0.0798701 0.99354 -0.0806191 -9.90109 -0.193693 0.0638668 0.978981 138.245 
0.97798 0.0994814 0.18346 64.6551 -0.085739 0.992987 -0.0813951 -9.96944 -0.190271 0.0638731 0.979651 139.066 
0.977891 0.104772 0.180976 64.7898 -0.091297 0.992502 -0.0812702 -10.0525 -0.188134 0.0629508 0.980124 139.858 
0.978123 0.106286 0.178823 64.9287 -0.0932472 0.992437 -0.07983 -10.1148 -0.185955 0.0614088 0.980637 140.644 
0.978481 0.105157 0.177528 65.0709 -0.0930279 0.992809 -0.0753386 -10.1814 -0.184173 0.0572023 0.981228 141.442 
0.979121 0.102901 0.175308 65.2168 -0.0908346 0.992997 -0.0755369 -10.253 -0.181853 0.0580357 0.981611 142.248 
0.979815 0.101356 0.172307 65.3517 -0.0889175 0.992944 -0.0784566 -10.326 -0.179043 0.0615518 0.981914 143.024 
0.981295 0.0959636 0.166888 65.4841 -0.0831441 0.993142 -0.0821909 -10.3962 -0.173631 0.0667777 0.982544 143.815 
0.982668 0.0933436 0.160159 65.6058 -0.0808301 0.99327 -0.0829569 -10.4615 -0.166825 0.0685733 0.983599 144.601 
0.983742 0.0920062 0.154226 65.7157 -0.0807981 0.993717 -0.0774432 -10.5313 -0.160382 0.063723 0.984996 145.388 
0.984831 0.0891883 0.148842 65.8157 -0.079602 0.994423 -0.0691774 -10.5965 -0.154182 0.0562799 0.986438 146.214 
0.985709 0.085679 0.145038 65.9328 -0.0777721 0.995203 -0.0593461 -10.6755 -0.149427 0.0472181 0.987645 147.017 
0.985694 0.0921168 0.141146 66.0169 -0.0849721 0.994817 -0.05585 -10.7498 -0.145559 0.0430575 0.988412 147.803 
0.986123 0.0948678 0.136238 66.1004 -0.0872876 0.994339 -0.0605888 -10.8014 -0.141215 0.0478561 0.988822 148.597 
0.987225 0.0950019 0.12791 66.1855 -0.0864567 0.993737 -0.0707905 -10.8558 -0.133834 0.0588274 0.989256 149.39 
0.988516 0.0913628 0.120372 66.2901 -0.0826976 0.993739 -0.0751254 -10.9248 -0.126482 0.0643081 0.989882 150.173 
0.98948 0.0898182 0.113408 66.3724 -0.0816995 0.993882 -0.0743221 -10.9751 -0.119389 0.0642748 0.990765 150.981 
0.989774 0.0964959 0.105055 66.4458 -0.0894441 0.993536 -0.0698943 -11.0509 -0.111121 0.0597829 0.992007 151.799 
0.990083 0.101991 0.0966113 66.5027 -0.0953713 0.992918 -0.0708312 -11.1237 -0.103151 0.0609148 0.992799 152.607 
0.990785 0.104603 0.0860368 66.5526 -0.0981466 0.992255 -0.0761406 -11.1877 -0.0933349 0.0669947 0.993378 153.421 
0.991696 0.103035 0.0769532 66.6133 -0.0970128 0.9922 -0.0782824 -11.2499 -0.0844187 0.0701668 0.993957 154.225 
0.992303 0.102865 0.0689393 66.6501 -0.0976579 0.992385 -0.0750657 -11.3142 -0.0761358 0.0677554 0.994793 155.034 
0.992535 0.105256 0.061612 66.6831 -0.101122 0.992631 -0.0667633 -11.3879 -0.0681852 0.0600345 0.995865 155.866 
0.992506 0.109684 0.0538664 66.7005 -0.10636 0.992447 -0.0611188 -11.4449 -0.0601632 0.0549315 0.996676 156.701 
0.992995 0.108701 0.0463156 66.7265 -0.105987 0.992703 -0.0575021 -11.5042 -0.0522281 0.0521904 0.99727 157.53 
0.993185 0.10946 0.040017 66.7522 -0.107184 0.992707 -0.0551755 -11.5633 -0.0457645 0.0505102 0.997674 158.353 
0.993334 0.109387 0.0363584 66.7486 -0.10725 0.992637 -0.0562853 -11.6299 -0.0422475 0.0520106 0.997752 159.187 
0.992781 0.115598 0.0319779 66.7507 -0.1135 0.991659 -0.0610759 -11.6987 -0.0387713 0.0570054 0.997621 159.979 
0.992356 0.120302 0.0275184 66.7515 -0.118235 0.990701 -0.0673207 -11.7579 -0.0353612 0.0635524 0.997352 160.793 
0.992199 0.122178 0.0247586 66.747 -0.120203 0.990295 -0.0697566 -11.8132 -0.0330409 0.0662363 0.997257 161.611 
0.992075 0.123677 0.0221527 66.7466 -0.122048 0.990463 -0.063935 -11.868 -0.0298486 0.0607245 0.997708 162.438 
0.991804 0.126048 0.0209173 66.7378 -0.124788 0.990748 -0.0533487 -11.9281 -0.0274482 0.0503011 0.998357 163.28 
0.991661 0.127581 0.0182003 66.7352 -0.12664 0.990888 -0.0458531 -11.9852 -0.0238844 0.0431657 0.998782 164.107 
0.992215 0.123893 0.0126656 66.7323 -0.123149 0.991206 -0.0484221 -12.0398 -0.0185533 0.0464853 0.998747 164.923 
0.99371 0.111784 0.00671055 66.7343 -0.111214 0.992115 -0.0577826 -12.0914 -0.0131167 0.0566728 0.998307 165.722 
0.994033 0.109075 -0.000396212 66.7097 -0.108887 0.9921 -0.062302 -12.1314 -0.0064024 0.0619733 0.998057 166.556 
0.993582 0.112936 -0.00628462 66.6677 -0.113109 0.991732 -0.0606193 -12.1845 -0.000613339 0.060941 0.998141 167.376 
0.993713 0.111101 -0.0138035 66.6472 -0.111692 0.992259 -0.0542867 -12.2379 0.00766541 0.0554871 0.99843 168.207 
0.994274 0.10468 -0.0214625 66.6292 -0.105638 0.993156 -0.049809 -12.2918 0.0161017 0.051791 0.998528 169.036 
0.99505 0.0955918 -0.0271447 66.6012 -0.0967543 0.994275 -0.0453452 -12.3363 0.0226547 0.047747 0.998602 169.879 
0.99534 0.0906375 -0.0328986 66.5609 -0.0920859 0.994708 -0.0455609 -12.3755 0.028595 0.048378 0.99842 170.702 
0.995422 0.086594 -0.0404575 66.5227 -0.0886446 0.994706 -0.0519857 -12.4261 0.0357417 0.055334 0.997828 171.545 
0.995838 0.0767872 -0.0490864 66.4789 -0.0797606 0.994897 -0.0617931 -12.4717 0.0440911 0.065451 0.996881 172.378 
0.996194 0.066702 -0.0561088 66.4482 -0.0703759 0.995317 -0.0662705 -12.5153 0.0514257 0.0699669 0.996223 173.208 
0.995571 0.0706229 -0.0620609 66.3773 -0.0743065 0.995477 -0.0591978 -12.5641 0.0575995 0.063547 0.996315 174.044 
0.994381 0.0823475 -0.0665272 66.2954 -0.0854944 0.99528 -0.0459224 -12.6254 0.0624317 0.051352 0.996727 174.896 
0.993612 0.0875569 -0.0711916 66.2186 -0.0904228 0.995175 -0.0380757 -12.6812 0.0675144 0.0442698 0.996736 175.737 
0.993405 0.0861292 -0.0756855 66.1537 -0.0893897 0.995161 -0.0407959 -12.7286 0.0718056 0.0472923 0.996297 176.561 
0.993139 0.08655 -0.0786405 66.0798 -0.0907636 0.994531 -0.0516804 -12.7718 0.0737376 0.0584635 0.995562 177.382 
0.99187 0.0972549 -0.0820624 65.9859 -0.102394 0.992877 -0.0609182 -12.8224 0.0755534 0.0688256 0.994764 178.199 
0.991777 0.0952387 -0.0854842 65.9209 -0.100887 0.992813 -0.0643767 -12.8752 0.0787388 0.0724715 0.994257 179.029 
0.992111 0.0899661 -0.0873009 65.8481 -0.0953221 0.993682 -0.0592475 -12.9382 0.0814191 0.0671018 0.994418 179.88 
0.992177 0.0906096 -0.0858715 65.7576 -0.0951375 0.994198 -0.0501833 -13.0017 0.0808263 0.0579602 0.995041 180.732 
0.992084 0.0920795 -0.0853828 65.6781 -0.0961083 0.994383 -0.0443315 -13.0625 0.0808213 0.0521865 0.995361 181.566 
0.991953 0.0907658 -0.0882654 65.6119 -0.0949869 0.994468 -0.0448503 -13.1138 0.0837063 0.0528733 0.995087 182.407 
0.991933 0.0879808 -0.0912542 65.5315 -0.0931319 0.994199 -0.0538082 -13.172 0.0859908 0.0618728 0.994373 183.241 
0.992572 0.0769756 -0.0942146 65.4451 -0.0832691 0.994418 -0.0647937 -13.2325 0.0887013 0.0721575 0.993441 184.085 
0.993042 0.0668208 -0.0969664 65.3691 -0.0736523 0.994917 -0.0686689 -13.2903 0.0918851 0.0753328 0.992916 184.933 
0.992865 0.0696138 -0.0968131 65.2598 -0.0760681 0.995004 -0.0646526 -13.3391 0.0918289 0.0715556 0.9932 185.772 
0.992304 0.076181 -0.0976165 65.1573 -0.0817628 0.99516 -0.0545115 -13.3957 0.0929914 0.0620733 0.99373 186.624 
0.992006 0.0767356 -0.100177 65.0664 -0.0821759 0.995294 -0.0513537 -13.454 0.0957654 0.0591753 0.993643 187.474 
0.991961 0.075872 -0.101276 64.9696 -0.081739 0.99513 -0.0550895 -13.5154 0.0966035 0.0629248 0.993332 188.315 
0.991841 0.075175 -0.102957 64.8835 -0.0818064 0.994732 -0.0617718 -13.564 0.0977706 0.0696902 0.992766 189.158 
0.991253 0.0829606 -0.102643 64.7698 -0.089527 0.994108 -0.0611053 -13.6305 0.0969686 0.06976 0.99284 189.982 
0.991091 0.0858247 -0.101847 64.6506 -0.0920859 0.994034 -0.0584478 -13.6883 0.0962234 0.0673057 0.993081 190.825 
0.990611 0.0907286 -0.10226 64.5532 -0.09673 0.993771 -0.0553329 -13.7476 0.096603 0.0647049 0.993217 191.648 
0.990298 0.0946673 -0.101721 64.4405 -0.100405 0.993542 -0.0528421 -13.7988 0.0960619 0.0625427 0.993408 192.488 
0.989892 0.0972559 -0.103224 64.3436 -0.103115 0.993255 -0.0530218 -13.8546 0.0973711 0.0631298 0.993244 193.299 
0.990171 0.0938758 -0.103671 64.2406 -0.100087 0.993377 -0.0564229 -13.9195 0.0976882 0.0662445 0.99301 194.106 
0.989767 0.0968768 -0.10477 64.1407 -0.1037 0.99269 -0.0617543 -13.9793 0.0980215 0.0719869 0.992577 194.896 
0.989475 0.096944 -0.10743 64.0577 -0.103891 0.992712 -0.0610627 -14.0391 0.100727 0.071581 0.992336 195.677 
0.989094 0.0966175 -0.111162 64.0041 -0.102802 0.993378 -0.0513046 -14.0904 0.105469 0.0621727 0.992477 196.472 
