1 -4.23778e-08 4.22719e-08 0 -4.23778e-08 1 -4.19404e-08 0 4.22719e-08 -4.19404e-08 1 0 
0.998893 -0.000121175 0.0470448 -0.00306928 0.000275999 0.999994 -0.00328635 -0.00925614 -0.047044 0.00329562 0.998887 1.02864 
0.995874 -0.00592132 0.0905475 0.15199 0.0068407 0.999928 -0.00984757 0.0127273 -0.0904826 0.0104263 0.995843 2.08269 
0.990698 -0.00600092 0.135943 0.280644 0.00825963 0.999837 -0.0160579 0.0219228 -0.135824 0.0170313 0.990586 3.04142 
0.983053 -0.00428763 0.18327 0.413701 0.00813277 0.999762 -0.0202347 0.0159454 -0.18314 0.0213823 0.982854 4.09923 
0.973632 -0.00609601 0.228041 0.639256 0.0111458 0.99972 -0.0208634 -0.0142789 -0.22785 0.0228549 0.973428 5.08439 
0.961904 -0.00754256 0.273281 0.902356 0.0140773 0.99966 -0.0219595 -0.0420827 -0.273023 0.0249699 0.961683 6.10845 
0.942712 0.0295597 0.332295 1.01468 -0.0191098 0.999216 -0.0346726 -0.0678002 -0.333059 0.0263361 0.942538 7.31912 
0.926418 0.0281409 0.375444 1.34735 -0.0145853 0.999137 -0.0388995 -0.123024 -0.376215 0.0305611 0.926028 8.13149 
0.908143 0.0280415 0.41772 1.76377 -0.0116316 0.999059 -0.0417793 -0.159862 -0.418499 0.0330828 0.907615 9.10914 
0.887292 0.0271024 0.46041 2.21016 -0.00854718 0.999067 -0.0423391 -0.207254 -0.461128 0.0336319 0.886696 10.0134 
0.864259 0.0283703 0.502247 2.68954 -0.00745122 0.999021 -0.0436097 -0.266863 -0.502992 0.0339476 0.863624 10.8692 
0.839181 0.0266382 0.543199 3.26447 -0.00256164 0.998982 -0.0450323 -0.303203 -0.543846 0.0363988 0.838395 11.8087 
0.811236 0.0269179 0.584099 3.79026 0.000148533 0.99893 -0.0462417 -0.367879 -0.584719 0.0375996 0.810364 12.6653 
0.785282 0.0258752 0.618597 4.45217 0.00493795 0.998833 -0.0480487 -0.418327 -0.619118 0.0407864 0.784238 13.4212 
0.756563 0.030047 0.65323 5.09027 0.00594235 0.998587 -0.0528151 -0.434061 -0.653893 0.0438396 0.755316 14.1221 
0.724043 0.0275064 0.689206 5.75856 0.0130816 0.998477 -0.0535925 -0.488166 -0.689631 0.0478192 0.722581 14.8692 
0.689185 0.032131 0.723873 6.3974 0.0113434 0.998415 -0.0551173 -0.544787 -0.724497 0.0461971 0.687728 15.5729 
0.653722 0.0332648 0.756003 7.1022 0.0151254 0.998259 -0.0570034 -0.617936 -0.756584 0.0486992 0.652081 16.2065 
0.616162 0.036896 0.786755 7.87061 0.0177999 0.997995 -0.0607428 -0.666455 -0.787418 0.0514315 0.614269 16.8705 
0.577974 0.0391529 0.815115 8.60169 0.0189613 0.997934 -0.0613794 -0.76213 -0.815835 0.0509313 0.576038 17.3755 
0.539225 0.041643 0.841131 9.50124 0.02311 0.997669 -0.0642081 -0.846892 -0.841844 0.0540611 0.537006 17.9765 
0.498835 0.044621 0.865548 10.3699 0.0294345 0.997225 -0.0683732 -0.917139 -0.866197 0.0595839 0.496137 18.5087 
0.45857 0.0460895 0.887462 11.245 0.0335621 0.997043 -0.0691228 -0.987276 -0.888024 0.0614827 0.455667 18.9931 
0.418776 0.0448788 0.90698 12.1934 0.0417117 0.996773 -0.0685814 -1.04817 -0.907131 0.0665519 0.415553 19.4871 
0.381438 0.0459037 0.923254 13.2888 0.048547 0.996393 -0.0695973 -1.0925 -0.923118 0.0713682 0.377834 19.997 
0.347317 0.0471964 0.936559 14.2943 0.0539368 0.996074 -0.0701978 -1.1732 -0.936195 0.0748959 0.343408 20.3298 
0.312076 0.0466047 0.948913 15.2403 0.0560327 0.996154 -0.0673529 -1.23945 -0.948403 0.0741894 0.308264 20.6779 
0.27831 0.0449824 0.959437 16.2324 0.060174 0.996124 -0.0641575 -1.31239 -0.958605 0.0755888 0.274524 20.9669 
0.246413 0.0459139 0.968077 17.3685 0.0627866 0.996022 -0.0632211 -1.35686 -0.967129 0.0763608 0.242551 21.1913 
0.206483 0.0440483 0.977458 18.3121 0.0640308 0.996236 -0.0584208 -1.73485 -0.976353 0.0746503 0.202885 21.9156 
0.174435 0.0477228 0.983512 19.4896 0.0659 0.99602 -0.0600178 -1.74761 -0.982461 0.0752826 0.170596 22.2144 
0.142914 0.0492803 0.988507 20.6358 0.069921 0.995761 -0.0597508 -1.78884 -0.987262 0.0776567 0.138862 22.4419 
0.111753 0.0495602 0.992499 21.7707 0.0730041 0.995647 -0.0579375 -1.85514 -0.991051 0.0789313 0.107648 22.6235 
0.0865491 0.048347 0.995074 22.7197 0.0728383 0.995841 -0.0547197 -1.92479 -0.993581 0.0772154 0.0826677 22.5265 
0.0571382 0.048628 0.997181 23.8572 0.0754596 0.995746 -0.0528818 -1.98109 -0.99551 0.0782685 0.0532257 22.6314 
0.0315479 0.0491607 0.998292 24.9806 0.0796307 0.995491 -0.0515393 -2.04261 -0.996325 0.0811207 0.0274909 22.648 
0.00688489 0.050705 0.99869 26.2037 0.084808 0.995086 -0.0511068 -2.07358 -0.996373 0.0850488 0.00255086 22.68 
-0.0141626 0.0520135 0.998546 27.3988 0.0908284 0.994584 -0.050519 -2.12436 -0.995766 0.0899809 -0.0188102 22.6533 
-0.0328612 0.0530452 0.998051 28.6057 0.0979491 0.993954 -0.0496026 -2.15706 -0.994649 0.0961282 -0.0378583 22.6161 
-0.0488707 0.0531399 0.99739 29.8063 0.103369 0.99349 -0.0478672 -2.21527 -0.993442 0.10076 -0.0540456 22.5476 
-0.0623127 0.0542574 0.996581 31.0934 0.107328 0.993095 -0.0473569 -2.25169 -0.992269 0.10401 -0.0677058 22.3948 
-0.0765171 0.0546379 0.99557 32.3521 0.110409 0.992821 -0.0460013 -2.28985 -0.990936 0.1064 -0.0820003 22.331 
-0.0896713 0.0539557 0.994509 33.6231 0.110856 0.992868 -0.0438712 -2.34538 -0.989783 0.106314 -0.0950131 22.2295 
-0.0920092 0.0577167 0.994084 35.0201 0.10994 0.992804 -0.0474668 -2.26046 -0.98967 0.104922 -0.0976925 21.6388 
-0.102931 0.0615403 0.992783 36.3348 0.111532 0.992504 -0.0499595 -2.33177 -0.988416 0.105585 -0.109023 21.51 
-0.111352 0.0663028 0.991567 37.6713 0.111999 0.992252 -0.0537713 -2.35671 -0.98745 0.105067 -0.117915 21.2749 
-0.120367 0.0697818 0.990274 38.9681 0.113973 0.991902 -0.0560432 -2.41896 -0.986165 0.106119 -0.127345 21.124 
-0.12762 0.0713479 0.989253 40.304 0.113684 0.991888 -0.0568721 -2.47947 -0.985286 0.105204 -0.134696 20.9509 
-0.132118 0.072447 0.988583 41.6029 0.113501 0.991871 -0.0575194 -2.54949 -0.984714 0.104605 -0.139267 20.7652 
-0.13662 0.0740209 0.987854 42.9307 0.114588 0.991691 -0.0584609 -2.63218 -0.983974 0.10521 -0.143967 20.5821 
-0.141553 0.0763062 0.986985 44.3093 0.113989 0.991649 -0.0603186 -2.70811 -0.983346 0.103967 -0.149069 20.4061 
-0.146588 0.0777746 0.986135 45.7058 0.114654 0.991521 -0.0611562 -2.79338 -0.982531 0.1041 -0.154262 20.2395 
-0.149013 0.0776688 0.98578 47.1155 0.11401 0.991612 -0.0608943 -2.86176 -0.982241 0.103315 -0.156618 20.0096 
-0.149768 0.0785266 0.985598 48.6222 0.112972 0.991672 -0.0618438 -2.88341 -0.982246 0.102083 -0.157392 19.7046 
-0.151127 0.0779698 0.985434 50.1217 0.112368 0.991778 -0.0612388 -2.96236 -0.982107 0.101477 -0.158646 19.4164 
-0.1518 0.0778683 0.985339 51.5609 0.113955 0.991623 -0.0608092 -3.0548 -0.98182 0.103054 -0.159402 19.1664 
-0.152183 0.0788603 0.985201 53.0101 0.113012 0.991662 -0.0619208 -3.13875 -0.98187 0.101916 -0.159826 18.9433 
-0.149688 0.0822086 0.98531 54.5097 0.118259 0.990872 -0.064707 -3.23518 -0.981635 0.106836 -0.158044 18.6377 
-0.149038 0.0820279 0.985423 56.0082 0.115077 0.991221 -0.065106 -3.31741 -0.982112 0.103696 -0.157169 18.3947 
-0.147455 0.0826345 0.985611 57.4951 0.115716 0.991102 -0.0657829 -3.43665 -0.982276 0.104351 -0.155705 18.1657 
-0.145193 0.083582 0.985866 59.0295 0.116108 0.99098 -0.0669158 -3.52495 -0.982567 0.104751 -0.153588 17.9176 
-0.143627 0.0826165 0.986177 60.6015 0.114884 0.991164 -0.0663026 -3.63696 -0.982941 0.103773 -0.151849 17.6827 
-0.141321 0.0828678 0.986489 62.1947 0.115112 0.991106 -0.0667651 -3.75402 -0.983248 0.104122 -0.149604 17.4221 
-0.13955 0.0840092 0.986645 63.7848 0.114851 0.991043 -0.0681394 -3.86146 -0.983532 0.103808 -0.147948 17.1936 
-0.138751 0.084239 0.986738 65.4184 0.115803 0.99092 -0.0683124 -3.98983 -0.983533 0.104788 -0.147246 16.9681 
-0.136837 0.0853695 0.986908 67.0274 0.115996 0.990806 -0.0696237 -4.08657 -0.983779 0.10495 -0.145482 16.759 
-0.135575 0.0845022 0.987157 68.6878 0.117218 0.990726 -0.0687092 -4.19217 -0.983808 0.106398 -0.144223 16.5316 
-0.134743 0.0817828 0.9875 70.4024 0.117899 0.990832 -0.0659717 -4.31368 -0.983841 0.107536 -0.14315 16.292 
-0.132757 0.083403 0.987633 72.0531 0.119635 0.990516 -0.0675653 -4.42689 -0.983902 0.109186 -0.141476 16.0678 
-0.130807 0.0863338 0.987642 73.7579 0.124481 0.989747 -0.0700313 -4.58246 -0.983562 0.113782 -0.140213 15.819 
-0.128898 0.0888566 0.987669 75.4343 0.126852 0.989272 -0.0724457 -4.69535 -0.983511 0.11595 -0.138787 15.6183 
-0.125426 0.0893921 0.988067 77.1684 0.13061 0.988752 -0.0728743 -4.84871 -0.983468 0.119911 -0.135691 15.3035 
-0.125403 0.0897415 0.988039 78.8181 0.138114 0.987782 -0.0721887 -5.06543 -0.982445 0.12741 -0.136265 15.2012 
-0.123551 0.0923384 0.988033 80.6399 0.139338 0.987411 -0.0748565 -5.13547 -0.982507 0.128422 -0.134862 14.9169 
-0.122629 0.093914 0.987999 82.4609 0.138938 0.987334 -0.0766059 -5.2283 -0.982679 0.127877 -0.134124 14.6418 
-0.10657 0.0955201 0.989706 84.361 0.134398 0.987624 -0.0808474 -5.26538 -0.98518 0.124399 -0.118088 13.7491 
-0.107038 0.0968137 0.98953 86.1805 0.134792 0.987472 -0.082032 -5.43571 -0.985076 0.1246 -0.118746 13.53 
-0.106391 0.09633 0.989647 87.9709 0.133041 0.987726 -0.0818406 -5.60706 -0.985384 0.122957 -0.117901 13.296 
-0.105824 0.0980298 0.989541 89.8517 0.130957 0.987835 -0.0838559 -5.72581 -0.985724 0.120714 -0.117375 13.0155 
-0.106156 0.0980228 0.989506 91.7421 0.131222 0.987807 -0.0837768 -5.89026 -0.985653 0.120952 -0.117724 12.7872 
-0.100993 0.098108 0.990038 93.7014 0.131097 0.987761 -0.0845092 -6.0459 -0.986212 0.121256 -0.112619 12.3256 
-0.100074 0.0985843 0.990084 95.6006 0.12984 0.987864 -0.0852395 -6.19576 -0.986472 0.120022 -0.11166 12.068 
-0.0995 0.0999535 0.990004 97.508 0.12762 0.988007 -0.0869254 -6.32772 -0.986819 0.117695 -0.111063 11.8052 
-0.0994423 0.101822 0.98982 99.4594 0.127952 0.9878 -0.0887596 -6.49951 -0.986782 0.117823 -0.111258 11.4929 
-0.10152 0.103567 0.989428 101.423 0.128043 0.987654 -0.090244 -6.65428 -0.986559 0.117528 -0.113528 11.2021 
-0.103518 0.103999 0.989175 103.302 0.125946 0.987884 -0.090683 -6.79877 -0.986621 0.115195 -0.115362 10.9146 
-0.108317 0.104258 0.988634 105.213 0.126215 0.98788 -0.0903504 -6.98363 -0.986071 0.114994 -0.120163 10.6963 
-0.11357 0.10613 0.987845 107.194 0.125852 0.987806 -0.0916573 -7.17576 -0.985527 0.113913 -0.125542 10.483 
-0.119083 0.108796 0.986905 109.117 0.126219 0.987573 -0.0936399 -7.34656 -0.984829 0.113415 -0.131336 10.2862 
-0.12383 0.11191 0.985973 111.068 0.127719 0.987153 -0.0960039 -7.53124 -0.98405 0.11404 -0.136532 10.0401 
-0.12764 0.114224 0.985221 113.014 0.124068 0.987382 -0.0984014 -7.66332 -0.98403 0.109674 -0.140201 9.76317 
-0.132123 0.115167 0.98452 114.982 0.122736 0.987485 -0.0990429 -7.86492 -0.983605 0.107751 -0.144604 9.48605 
-0.135607 0.116815 0.983852 117.003 0.120654 0.987581 -0.100628 -8.03053 -0.983389 0.10506 -0.148017 9.15453 
-0.139228 0.116421 0.983393 119 0.120309 0.987697 -0.0998978 -8.24748 -0.982925 0.104402 -0.151522 8.81938 
-0.144123 0.117098 0.982607 120.983 0.121505 0.987554 -0.0998663 -8.45875 -0.982072 0.104999 -0.156558 8.52265 
-0.148786 0.120143 0.981544 122.949 0.124742 0.986943 -0.101896 -8.66355 -0.98097 0.107279 -0.16183 8.21223 
-0.154098 0.122307 0.980456 124.912 0.126404 0.986595 -0.103206 -8.87972 -0.979937 0.10803 -0.167492 7.89952 
-0.158935 0.121805 0.979746 126.865 0.127956 0.986532 -0.101892 -9.11877 -0.978962 0.10917 -0.17238 7.55754 
-0.165239 0.121534 0.978737 128.872 0.12755 0.986678 -0.100986 -9.34777 -0.977971 0.108151 -0.178539 7.23157 
-0.170195 0.121682 0.977869 130.878 0.126777 0.986803 -0.100729 -9.57354 -0.977221 0.106828 -0.183375 6.87692 
-0.170178 0.119522 0.978138 132.865 0.124804 0.987238 -0.09892 -9.83235 -0.977478 0.105242 -0.182923 6.30908 
-0.164408 0.117438 0.979376 134.803 0.125543 0.987304 -0.0973136 -10.0477 -0.978371 0.106955 -0.177064 5.62476 
-0.172934 0.117188 0.977937 136.947 0.129115 0.987026 -0.0954446 -10.2879 -0.976434 0.109761 -0.185821 5.35634 
-0.172029 0.11527 0.978324 138.903 0.132675 0.986793 -0.0929377 -10.5916 -0.976116 0.113811 -0.18505 4.90045 
-0.169825 0.114149 0.978841 140.907 0.132006 0.986952 -0.0921924 -10.8226 -0.976593 0.113556 -0.182678 4.39092 
-0.1697 0.113118 0.978982 142.927 0.132195 0.987025 -0.0911323 -11.0492 -0.976589 0.113952 -0.182452 3.9464 
-0.17148 0.115358 0.97841 144.977 0.131183 0.986951 -0.0933733 -11.2306 -0.976415 0.11234 -0.184376 3.54222 
-0.176604 0.115902 0.977434 147.014 0.129778 0.987115 -0.0936018 -11.4517 -0.975689 0.110319 -0.18937 3.19655 
-0.181715 0.11587 0.976501 149.094 0.129004 0.98726 -0.0931409 -11.6675 -0.974853 0.109047 -0.194348 2.839 
-0.186603 0.117243 0.975414 151.211 0.130413 0.987023 -0.0936898 -11.8807 -0.973741 0.109724 -0.199472 2.47869 
-0.19235 0.117907 0.974217 153.261 0.130019 0.987065 -0.0937911 -12.1049 -0.972675 0.108626 -0.205193 2.11186 
-0.195218 0.11807 0.973627 155.331 0.130777 0.986996 -0.0934696 -12.3362 -0.972002 0.109081 -0.20812 1.66666 
-0.199056 0.118379 0.972812 157.42 0.131889 0.986882 -0.0931038 -12.5483 -0.971073 0.10977 -0.212058 1.23512 
-0.202416 0.119244 0.972013 159.504 0.135251 0.986451 -0.0928499 -12.7822 -0.969915 0.112671 -0.215802 0.789992 
-0.206993 0.12028 0.97092 161.618 0.136656 0.986239 -0.0930443 -13.0096 -0.968751 0.113422 -0.220582 0.356867 
-0.211386 0.123389 0.969583 163.722 0.138547 0.985765 -0.0952427 -13.2021 -0.967533 0.1142 -0.225472 -0.0766779 
-0.213037 0.125933 0.968894 165.71 0.139644 0.985402 -0.0973741 -13.4146 -0.967013 0.114556 -0.227513 -0.573521 
-0.216434 0.127823 0.967893 167.78 0.141886 0.984985 -0.0983523 -13.6526 -0.965932 0.116044 -0.23132 -1.03973 
-0.218576 0.130582 0.967043 169.831 0.143532 0.984529 -0.100501 -13.8554 -0.965206 0.116835 -0.233937 -1.5172 
-0.220924 0.132035 0.966312 171.959 0.145517 0.984166 -0.101205 -14.0931 -0.964374 0.118256 -0.236639 -2.01691 
-0.221232 0.131456 0.966321 173.945 0.145939 0.984178 -0.100473 -14.3466 -0.96424 0.118796 -0.236916 -2.59742 
-0.224194 0.133539 0.965352 176.032 0.150208 0.983465 -0.10116 -14.5904 -0.962899 0.122325 -0.240546 -3.12425 
-0.225045 0.13447 0.965025 178.123 0.153719 0.982927 -0.101118 -14.8336 -0.962146 0.125587 -0.241873 -3.70595 
-0.226766 0.134713 0.964588 180.218 0.156015 0.982623 -0.100554 -15.0803 -0.961372 0.127688 -0.243842 -4.21854 
-0.228896 0.134061 0.964175 182.283 0.156398 0.982669 -0.0995032 -15.3258 -0.960805 0.128019 -0.245895 -4.73139 
-0.232488 0.135338 0.963137 184.45 0.156453 0.982579 -0.100304 -15.5775 -0.959933 0.127366 -0.249612 -5.25743 
-0.234696 0.140302 0.96189 186.633 0.158769 0.981774 -0.104463 -15.8155 -0.959015 0.128201 -0.252694 -5.79973 
-0.236947 0.144166 0.960766 188.766 0.160513 0.981147 -0.107638 -16.0533 -0.958171 0.128711 -0.255621 -6.35439 
-0.230484 0.147911 0.961769 190.862 0.168196 0.979559 -0.110339 -16.4307 -0.958429 0.136335 -0.250651 -7.26924 
-0.225338 0.15015 0.962641 193.16 0.165422 0.979603 -0.114073 -16.6339 -0.960135 0.133537 -0.24558 -8.32429 
-0.228561 0.148153 0.962191 195.342 0.16498 0.979952 -0.111698 -16.9325 -0.959449 0.133213 -0.248421 -8.90102 
-0.229722 0.147674 0.961988 197.462 0.16527 0.979985 -0.110971 -17.2016 -0.959121 0.133495 -0.24953 -9.49256 
-0.230798 0.150016 0.961368 199.635 0.16707 0.979479 -0.112733 -17.442 -0.958551 0.134597 -0.251125 -10.0649 
-0.234176 0.150514 0.960472 201.879 0.168488 0.979276 -0.112381 -17.7295 -0.957483 0.135511 -0.254683 -10.6403 
-0.23786 0.153136 0.959151 204.053 0.168958 0.978962 -0.114399 -17.9781 -0.956491 0.134845 -0.25873 -11.1731 
-0.241132 0.153652 0.958252 206.24 0.168935 0.978958 -0.114462 -18.276 -0.955676 0.134282 -0.262015 -11.7256 
-0.244047 0.154736 0.957339 208.446 0.171309 0.978542 -0.114493 -18.596 -0.954513 0.136059 -0.265318 -12.2725 
-0.24631 0.155747 0.956595 210.625 0.172883 0.978234 -0.114755 -18.9026 -0.953647 0.137114 -0.267875 -12.8375 
-0.247049 0.155746 0.956405 212.807 0.173948 0.978094 -0.114346 -19.1805 -0.953262 0.138116 -0.268729 -13.4566 
-0.248018 0.154728 0.956319 215.031 0.175164 0.978054 -0.112817 -19.4766 -0.952788 0.139532 -0.269678 -14.0637 
-0.249559 0.154487 0.955957 217.236 0.176799 0.977868 -0.111873 -19.79 -0.952083 0.141093 -0.271349 -14.679 
-0.252541 0.155445 0.955018 219.489 0.177059 0.977769 -0.112328 -20.0799 -0.951248 0.140727 -0.27445 -15.2807 
-0.253393 0.157458 0.954463 221.724 0.17711 0.977538 -0.114245 -20.3419 -0.951012 0.140096 -0.275588 -15.9319 
-0.254437 0.16384 0.95311 223.972 0.178848 0.976517 -0.12012 -20.5511 -0.950408 0.139899 -0.277765 -16.5715 
-0.255797 0.165775 0.952411 226.186 0.178799 0.976303 -0.121912 -20.8476 -0.950052 0.139105 -0.279376 -17.2164 
-0.254982 0.170864 0.95173 228.386 0.177277 0.975841 -0.127698 -21.0521 -0.950556 0.136159 -0.279112 -17.9142 
-0.258012 0.172083 0.950693 230.647 0.178611 0.975544 -0.128107 -21.394 -0.949488 0.136751 -0.282438 -18.5684 
-0.260772 0.172152 0.949927 232.862 0.180321 0.975341 -0.127256 -21.7033 -0.94841 0.138107 -0.285384 -19.1969 
-0.262826 0.170858 0.949595 234.886 0.18107 0.975444 -0.125393 -22.0247 -0.947701 0.138986 -0.287309 -19.8381 
-0.265219 0.171406 0.94883 237.051 0.180295 0.97553 -0.125833 -22.3243 -0.947181 0.137696 -0.289632 -20.4823 
-0.268967 0.170612 0.947918 238.965 0.180606 0.975662 -0.124359 -22.62 -0.946064 0.137752 -0.293235 -21.0543 
-0.273319 0.17021 0.946745 241.012 0.179549 0.97595 -0.123626 -22.9353 -0.945018 0.136198 -0.297306 -21.6357 
-0.278646 0.169354 0.945344 243.018 0.178625 0.976293 -0.122248 -23.248 -0.943636 0.134798 -0.302291 -22.2256 
-0.282454 0.168912 0.944292 245.109 0.178245 0.976474 -0.121352 -23.5818 -0.942575 0.134039 -0.305917 -22.8908 
-0.287315 0.168424 0.942912 247.166 0.177813 0.976686 -0.120275 -23.8999 -0.941187 0.133106 -0.310564 -23.5545 
-0.291947 0.167894 0.941583 249.237 0.176815 0.976977 -0.119382 -24.2071 -0.939949 0.131632 -0.314912 -24.2422 
-0.295182 0.168682 0.940433 251.38 0.176816 0.976934 -0.11973 -24.4841 -0.938937 0.130942 -0.318199 -24.9769 
-0.297759 0.170282 0.939331 253.585 0.176903 0.976763 -0.120992 -24.7679 -0.938107 0.130144 -0.320964 -25.7376 
-0.296584 0.172079 0.939376 255.622 0.177431 0.976436 -0.122848 -24.9722 -0.938379 0.130239 -0.320128 -26.6873 
-0.299623 0.173029 0.938236 257.854 0.178115 0.976271 -0.123163 -25.2711 -0.937284 0.130212 -0.323332 -27.4384 
-0.294303 0.170163 0.940441 259.786 0.174309 0.977074 -0.122243 -25.6126 -0.939682 0.127951 -0.317217 -28.8471 
-0.296449 0.170343 0.939735 261.892 0.174656 0.977041 -0.122008 -25.8817 -0.938943 0.127962 -0.319394 -29.6004 
-0.289939 0.160337 0.943518 263.729 0.173614 0.978321 -0.112901 -26.5245 -0.941166 0.131074 -0.31149 -30.9975 
-0.283401 0.150294 0.947151 265.583 0.172635 0.979504 -0.103773 -27.1482 -0.943335 0.134102 -0.303539 -32.3798 
-0.284668 0.152371 0.946439 267.68 0.174764 0.978991 -0.105047 -27.3764 -0.942561 0.1355 -0.305316 -33.1193 
-0.284888 0.154577 0.946015 270.009 0.176735 0.978463 -0.106656 -27.6358 -0.942127 0.136809 -0.306071 -33.8753 
-0.286793 0.157436 0.944968 272.216 0.178347 0.977934 -0.108801 -27.8985 -0.941245 0.137329 -0.308542 -34.5685 
-0.289253 0.160218 0.943749 274.415 0.17985 0.977432 -0.110813 -28.1705 -0.940205 0.137681 -0.311541 -35.2457 
-0.287337 0.158986 0.944543 276.437 0.180014 0.977519 -0.109775 -28.4501 -0.940761 0.138489 -0.309498 -36.1129 
-0.289309 0.160614 0.943665 278.735 0.180993 0.977219 -0.110836 -28.7195 -0.939969 0.138731 -0.311788 -36.8666 
-0.291301 0.161732 0.942861 281.111 0.18136 0.977068 -0.111567 -29.0086 -0.939283 0.138497 -0.313952 -37.6386 
-0.293388 0.16392 0.941835 283.431 0.183047 0.976594 -0.112949 -29.2772 -0.938305 0.139263 -0.316526 -38.3951 
-0.294316 0.166794 0.941041 285.707 0.182845 0.976291 -0.115856 -29.4959 -0.938054 0.137966 -0.317836 -39.2031 
-0.294285 0.169819 0.940509 287.927 0.182688 0.975936 -0.119053 -29.6976 -0.938095 0.136784 -0.318227 -40.0547 
-0.283693 0.168491 0.943996 290.08 0.182418 0.975947 -0.119373 -29.9915 -0.941404 0.138337 -0.307605 -41.4753 
-0.278968 0.167794 0.945527 292.35 0.186344 0.975359 -0.118109 -30.3748 -0.942047 0.143245 -0.303362 -42.5055 
-0.2796 0.168515 0.945212 294.576 0.188922 0.974886 -0.117921 -30.6678 -0.941346 0.145601 -0.304415 -43.2409 
-0.279311 0.169097 0.945194 296.767 0.190205 0.974609 -0.118152 -30.9529 -0.941173 0.14678 -0.304382 -43.9714 
-0.279956 0.168145 0.945173 299.084 0.190538 0.974687 -0.116959 -31.2917 -0.940914 0.147348 -0.304908 -44.7661 
-0.28051 0.1682 0.944999 301.424 0.192672 0.974355 -0.116233 -31.603 -0.940315 0.14947 -0.305724 -45.5529 
-0.282051 0.168508 0.944485 303.805 0.192934 0.974305 -0.116213 -31.9156 -0.9398 0.149445 -0.307315 -46.308 
-0.281995 0.172405 0.943798 306.276 0.194489 0.97357 -0.119733 -32.1992 -0.939496 0.149794 -0.308073 -47.0925 
-0.28174 0.176866 0.943049 308.59 0.196186 0.972718 -0.123819 -32.4707 -0.93922 0.150128 -0.308752 -47.8699 
-0.284229 0.177371 0.942207 310.999 0.196158 0.972708 -0.12394 -32.807 -0.938475 0.149594 -0.311264 -48.6243 
-0.288455 0.176177 0.941146 313.323 0.194915 0.973149 -0.122428 -33.1321 -0.937444 0.148128 -0.315049 -49.3672 
-0.293783 0.175249 0.93967 315.801 0.194828 0.973392 -0.120626 -33.4743 -0.935806 0.147636 -0.320109 -50.1499 
-0.300446 0.175242 0.937562 318.288 0.19481 0.97353 -0.119537 -33.799 -0.933692 0.146732 -0.326632 -50.9119 
-0.304454 0.175595 0.936202 320.8 0.196475 0.973302 -0.11866 -34.1477 -0.932044 0.147814 -0.330826 -51.7612 
-0.308637 0.17698 0.93457 323.31 0.199764 0.972685 -0.118227 -34.4917 -0.929966 0.150204 -0.335561 -52.6433 
-0.313424 0.178202 0.932743 325.773 0.202518 0.972181 -0.117686 -34.8195 -0.927767 0.152012 -0.340794 -53.5018 
-0.318197 0.179434 0.930889 328.232 0.205269 0.971671 -0.11713 -35.1459 -0.925535 0.153812 -0.346015 -54.3742 
-0.32333 0.179458 0.929114 330.661 0.207524 0.971398 -0.115408 -35.4537 -0.923251 0.155499 -0.351324 -55.173 
-0.327861 0.17875 0.927661 333.085 0.206909 0.971683 -0.114105 -35.7769 -0.92179 0.154531 -0.355562 -56.0622 
-0.332456 0.179891 0.925804 335.535 0.205781 0.971825 -0.114937 -36.0867 -0.920395 0.152302 -0.360107 -56.9921 
-0.333624 0.180415 0.925281 337.946 0.207098 0.971565 -0.114767 -36.4061 -0.919677 0.153334 -0.361501 -57.9894 
-0.339307 0.18014 0.923266 340.453 0.207672 0.97162 -0.113253 -36.7371 -0.917465 0.153309 -0.367088 -58.8891 
-0.344745 0.182339 0.920817 342.944 0.208141 0.971382 -0.114425 -37.0458 -0.915329 0.152212 -0.372832 -59.833 
-0.347559 0.185459 0.919134 345.317 0.211474 0.970493 -0.115855 -37.3233 -0.913499 0.154107 -0.376524 -60.7678 
-0.350358 0.188583 0.917434 347.685 0.21481 0.96959 -0.117271 -37.6045 -0.91165 0.155987 -0.380213 -61.7121 
-0.353141 0.191713 0.915717 350.049 0.218148 0.968673 -0.118672 -37.8895 -0.909782 0.157854 -0.3839 -62.6658 
-0.355909 0.194846 0.913982 352.409 0.221488 0.967744 -0.120059 -38.1781 -0.907894 0.159706 -0.387585 -63.629 
-0.356575 0.195737 0.913532 354.856 0.218649 0.968135 -0.122092 -38.5007 -0.908321 0.156208 -0.388011 -64.6785 
-0.356882 0.195832 0.913392 357.201 0.214597 0.968816 -0.123867 -38.842 -0.909167 0.151805 -0.387777 -65.7314 
-0.363122 0.194503 0.911214 359.481 0.21436 0.969174 -0.121452 -39.1971 -0.906748 0.151226 -0.393622 -66.459 
-0.364565 0.193795 0.910788 361.936 0.213548 0.969436 -0.120796 -39.5395 -0.90636 0.150459 -0.394807 -67.4834 
-0.370158 0.192306 0.908846 364.248 0.209227 0.97046 -0.120129 -39.8864 -0.905101 0.145689 -0.399459 -68.4123 
-0.375042 0.19014 0.907299 366.621 0.202834 0.971854 -0.119825 -40.2335 -0.904545 0.139092 -0.403052 -69.424 
-0.379226 0.186061 0.906404 369.058 0.200345 0.972848 -0.11588 -40.569 -0.903355 0.137649 -0.406206 -70.4458 
-0.381931 0.18088 0.906317 371.455 0.202264 0.973246 -0.109001 -40.9393 -0.901786 0.141685 -0.408298 -71.4883 
-0.384643 0.175703 0.906189 373.851 0.204162 0.973597 -0.102114 -41.2917 -0.900204 0.145732 -0.410359 -72.5366 
-0.387642 0.17179 0.905661 375.394 0.202627 0.974331 -0.0980872 -41.6107 -0.899264 0.145489 -0.412501 -73.5259 
-0.388294 0.171729 0.905393 377.663 0.202804 0.97432 -0.0978267 -41.8912 -0.898943 0.145632 -0.41315 -74.5974 
-0.387846 0.171683 0.905594 379.843 0.20188 0.974467 -0.0982791 -42.1585 -0.899344 0.144705 -0.412602 -75.6837 
-0.376462 0.172145 0.910298 382.663 0.206651 0.973431 -0.0986219 -42.4744 -0.90309 0.150987 -0.402034 -77.0651 
-0.360641 0.171745 0.916756 385.3 0.212858 0.972117 -0.0983803 -42.7847 -0.908091 0.159659 -0.387143 -78.4211 
-0.344725 0.171195 0.922961 387.959 0.219058 0.970753 -0.0982418 -43.0933 -0.912786 0.168316 -0.372144 -79.734 
-0.328717 0.170495 0.928912 390.639 0.225248 0.969339 -0.0982063 -43.4003 -0.917174 0.176953 -0.357042 -81.0035 
-0.33493 0.174016 0.926035 393.381 0.2388 0.966388 -0.0952294 -43.5976 -0.911481 0.189242 -0.365227 -81.5642 
-0.363812 0.17617 0.914661 395.88 0.218128 0.970761 -0.100214 -43.7476 -0.905572 0.163054 -0.391602 -81.735 
-0.392919 0.178781 0.902027 398.293 0.197751 0.974396 -0.106986 -43.8767 -0.898059 0.13634 -0.418213 -81.9838 
-0.40421 0.169992 0.898731 400.245 0.188831 0.97692 -0.0998534 -44.113 -0.894962 0.129347 -0.42698 -82.8731 
-0.416197 0.161726 0.894776 402.281 0.180238 0.979202 -0.0931493 -44.3472 -0.891232 0.122504 -0.43669 -83.7726 
-0.428055 0.153359 0.890646 404.309 0.171545 0.981368 -0.0865344 -44.5659 -0.887323 0.115744 -0.446387 -84.6941 
-0.43978 0.144896 0.88634 406.328 0.162756 0.983417 -0.0800105 -44.7693 -0.883235 0.10907 -0.45607 -85.6375 
-0.451371 0.136338 0.881859 408.339 0.153872 0.985347 -0.0735792 -44.9575 -0.87897 0.102482 -0.465736 -86.6028 
-0.462824 0.127686 0.877206 410.34 0.144896 0.987159 -0.0672421 -45.1308 -0.874528 0.0959824 -0.475382 -87.5901 
-0.474135 0.118944 0.872381 412.331 0.13583 0.988852 -0.0610008 -45.2894 -0.869911 0.0895729 -0.485006 -88.5992 
-0.485303 0.110113 0.867384 414.312 0.126677 0.990426 -0.054857 -45.4334 -0.865121 0.0832551 -0.494606 -89.6301 
-0.496324 0.101196 0.862219 416.283 0.117438 0.99188 -0.0488121 -45.5631 -0.860157 0.0770305 -0.504178 -90.6828 
-0.507196 0.0921944 0.856885 418.243 0.108116 0.993214 -0.0428677 -45.6787 -0.855022 0.0709008 -0.513722 -91.7572 
-0.517916 0.0831113 0.851385 420.192 0.0987138 0.994427 -0.0370253 -45.7804 -0.849717 0.0648674 -0.523233 -92.8533 
-0.52848 0.0739488 0.845719 422.128 0.0892332 0.995519 -0.0312864 -45.8685 -0.844243 0.058932 -0.532711 -93.971 
-0.538887 0.064709 0.839889 424.053 0.0796768 0.996491 -0.0256524 -45.9431 -0.838601 0.053096 -0.542152 -95.1103 
-0.549134 0.0553945 0.833896 425.966 0.0700471 0.997341 -0.0201248 -46.0046 -0.832794 0.0473608 -0.551554 -96.271 
-0.559218 0.0460074 0.827743 427.866 0.0603463 0.998069 -0.0147049 -46.0531 -0.826821 0.041728 -0.560915 -97.4531 
-0.569136 0.0365503 0.82143 429.752 0.0505771 0.998676 -0.00939421 -46.0888 -0.820686 0.036199 -0.570232 -98.6566 
-0.578887 0.0270255 0.81496 431.625 0.0407419 0.999161 -0.00419397 -46.1121 -0.814389 0.0307752 -0.579502 -99.8813 
-0.588467 0.0174354 0.808333 433.485 0.0308431 0.999524 0.000894464 -46.1231 -0.807932 0.0254579 -0.588725 -101.127 
-0.597875 0.00778243 0.801552 435.33 0.0208833 0.999765 0.00586981 -46.1221 -0.801317 0.0202485 -0.597897 -102.394 
-0.59713 0.00649626 0.802118 437.467 0.0183285 0.999817 0.00554704 -46.1433 -0.801935 0.018014 -0.597139 -104.052 
-0.596953 0.00736562 0.802242 439.617 0.0189818 0.999808 0.00494484 -46.1645 -0.802052 0.0181798 -0.596978 -105.632 
-0.600521 0.00522835 0.799592 441.708 0.0179126 0.999816 0.00691535 -46.1852 -0.799409 0.0184756 -0.600504 -107.061 
-0.598445 0.00524311 0.801146 443.532 0.0218206 0.999714 0.00975695 -46.1783 -0.800866 0.0233205 -0.598389 -108.541 
-0.60823 -0.00195592 0.793758 445.264 0.016208 0.999758 0.0148831 -46.2315 -0.793595 0.0219176 -0.608051 -109.315 
-0.616864 -0.0109537 0.786994 446.988 0.0107107 0.999694 0.0223094 -46.2909 -0.786997 0.0221911 -0.616557 -110.166 
-0.625375 -0.0199471 0.78007 448.703 0.00513286 0.999546 0.0296742 -46.3342 -0.780308 0.0225615 -0.624989 -111.036 
-0.633761 -0.0289342 0.772987 450.408 -0.000524406 0.999316 0.036976 -46.3615 -0.773528 0.0230286 -0.633343 -111.924 
-0.642022 -0.0379132 0.765748 452.105 -0.00625995 0.999002 0.0442134 -46.3729 -0.766661 0.0235924 -0.641619 -112.831 
-0.650155 -0.0468824 0.758354 453.791 -0.0120726 0.998606 0.0513848 -46.3686 -0.759706 0.0242528 -0.649814 -113.756 
-0.652942 -0.048088 0.75588 455.944 -0.0149926 0.998607 0.050579 -46.251 -0.75726 0.0216925 -0.652753 -115.269 
-0.656644 -0.0506489 0.752498 457.989 -0.0184244 0.998522 0.0511306 -46.1621 -0.753975 0.0197103 -0.656607 -116.724 
-0.669191 -0.0397578 0.742026 460.503 -0.0309305 0.999192 0.0256422 -45.6384 -0.742447 -0.00579171 -0.66988 -118.191 
-0.681676 -0.0292838 0.731067 462.999 -0.0429918 0.999075 -6.81601e-05 -45.1811 -0.73039 -0.0314763 -0.682305 -119.712 
-0.694087 -0.0192381 0.719633 465.473 -0.0545952 0.998171 -0.0259729 -44.7912 -0.717817 -0.0573159 -0.693868 -121.285 
-0.705562 -0.0255741 0.708186 467.436 -0.0606061 0.997865 -0.0243465 -44.9295 -0.706052 -0.0600983 -0.705606 -122.816 
-0.715587 -0.0297869 0.697888 469.386 -0.0673757 0.997375 -0.0265149 -45.0326 -0.695267 -0.0659944 -0.715715 -124.428 
-0.71974 -0.0286093 0.693653 471.184 -0.0633849 0.997685 -0.0246199 -45.1715 -0.691344 -0.0616871 -0.719888 -125.877 
-0.722776 -0.0274526 0.690537 473.011 -0.0611874 0.997829 -0.0243749 -45.2763 -0.688368 -0.0598698 -0.722886 -127.484 
-0.724364 -0.0289069 0.688811 475.081 -0.0610947 0.997881 -0.0223708 -45.3757 -0.686705 -0.0582873 -0.724595 -129.593 
-0.715632 -0.0312306 0.697779 476.955 -0.0658803 0.997564 -0.0229178 -45.4855 -0.695363 -0.0623705 -0.715947 -132.104 
-0.712852 -0.0346795 0.700456 478.856 -0.0717818 0.997139 -0.0236838 -45.6026 -0.697631 -0.0671631 -0.713302 -134.141 
-0.710042 -0.0381094 0.703128 480.765 -0.0776835 0.996679 -0.0244276 -45.7223 -0.699861 -0.071966 -0.710644 -136.171 
-0.707201 -0.0415201 0.705792 482.682 -0.0835851 0.996183 -0.025149 -45.8443 -0.702054 -0.0767791 -0.707973 -138.193 
-0.704332 -0.0449113 0.708449 484.607 -0.0894864 0.995652 -0.0258481 -45.9688 -0.704208 -0.0816022 -0.705289 -140.207 
-0.701432 -0.0482831 0.711099 486.539 -0.095387 0.995087 -0.0265247 -46.0955 -0.706324 -0.0864349 -0.702592 -142.214 
