1 -4.23778e-08 4.22719e-08 0 -4.23778e-08 1 -4.19404e-08 0 4.22719e-08 -4.19404e-08 1 0 
0.999994 -0.00314255 -0.0014218 -0.0215175 0.00314623 0.999991 0.00265677 -0.0111716 0.00141352 -0.00266131 0.999995 1.50487 
0.999995 -0.00323624 -0.00043318 -0.100087 0.0032378 0.999987 0.00384425 -0.0417973 0.000420818 -0.00384572 0.999992 2.98443 
0.999996 -0.00247225 -0.00140968 -0.139837 0.00247554 0.999994 0.00239838 -0.0301738 0.00140383 -0.00240194 0.999996 4.51635 
0.99999 -0.00285192 -0.00346402 -0.145308 0.00285921 0.999994 0.00212585 -0.0416073 0.00345802 -0.00213582 0.999992 6.00626 
0.999978 -0.00233331 -0.00615214 -0.121844 0.00233708 0.999997 0.000620441 -0.0302499 0.00615076 -0.00063489 0.999981 7.56714 
0.999977 -0.00217157 -0.00642307 -0.19661 0.00217207 0.999998 8.43658e-05 -0.0432307 0.00642296 -9.83994e-05 0.999979 9.03514 
0.999956 -0.00399398 -0.0084995 -0.207706 0.00398581 0.999992 -0.000968061 -0.0629225 0.00850338 0.000934057 0.999963 10.5548 
0.99993 -0.00529881 -0.0105421 -0.238032 0.0052837 0.999985 -0.00145184 -0.0643017 0.0105497 0.00139596 0.999943 12.0544 
0.999929 -0.00424232 -0.0111596 -0.289128 0.00422013 0.999989 -0.00200293 -0.0805542 0.011168 0.00195561 0.999936 13.5416 
0.999935 -0.00400075 -0.0106785 -0.374695 0.00397519 0.999989 -0.00240622 -0.106795 0.0106881 0.00236354 0.99994 15.0202 
0.999936 -0.00424698 -0.0104523 -0.432186 0.00422359 0.999988 -0.00225056 -0.115351 0.0104618 0.00220618 0.999943 16.4809 
0.999921 -0.00456933 -0.0117065 -0.448591 0.00454223 0.999987 -0.00233331 -0.130961 0.0117171 0.00227987 0.999929 18.0382 
0.999831 -0.00404048 -0.0179028 -0.383525 0.00403331 0.999992 -0.000431826 -0.167278 0.0179044 0.000359462 0.99984 19.333 
0.999838 -0.00276269 -0.0177917 -0.423952 0.00273201 0.999995 -0.00174378 -0.155385 0.0177965 0.0016948 0.99984 20.8535 
0.999822 -0.00224614 -0.0187416 -0.457689 0.00218869 0.999993 -0.00308097 -0.145247 0.0187485 0.00303932 0.99982 22.3696 
0.999829 -0.000893086 -0.0184654 -0.509485 0.000848249 0.999997 -0.00243129 -0.172049 0.0184676 0.00241513 0.999826 23.8242 
0.999809 -7.76605e-05 -0.0195393 -0.532659 3.97669e-05 0.999998 -0.00193543 -0.179653 0.0195395 0.0019342 0.999807 25.3254 
0.999807 -0.000494273 -0.0196221 -0.581357 0.000425678 0.999994 -0.00349557 -0.208792 0.0196238 0.00348645 0.999801 26.7674 
0.999797 0.000156944 -0.0201238 -0.632314 -0.000265962 0.999985 -0.00541061 -0.237002 0.0201227 0.00541478 0.999783 28.2171 
0.999791 -0.00174573 -0.0203709 -0.682233 0.00162653 0.999981 -0.00586266 -0.265826 0.0203809 0.00582822 0.999775 29.6816 
0.999782 -0.00246909 -0.0207116 -0.725338 0.0024022 0.999992 -0.00324974 -0.300161 0.0207195 0.00319919 0.99978 31.0936 
0.999765 -0.00322487 -0.0214296 -0.774184 0.00318282 0.999993 -0.00199208 -0.338462 0.021436 0.00192332 0.999768 32.4188 
0.999746 -0.00370582 -0.0222477 -0.810113 0.00363923 0.999989 -0.00302903 -0.357942 0.0222587 0.00294721 0.999748 33.8675 
0.999736 -0.00363415 -0.0226998 -0.850535 0.00350254 0.999977 -0.00583113 -0.371218 0.0227206 0.00575 0.999725 35.3051 
0.999728 -0.00352616 -0.0230312 -0.877927 0.00338081 0.999974 -0.00634342 -0.404524 0.0230531 0.00626375 0.999715 36.6653 
0.999728 -0.00332101 -0.0230973 -0.920566 0.00312005 0.999957 -0.00872777 -0.421082 0.0231254 0.00865325 0.999695 38.0077 
0.999778 -0.00159217 -0.0210246 -0.984725 0.00142364 0.999967 -0.00802435 -0.450888 0.0210367 0.00799255 0.999747 39.3627 
0.999783 -0.00219879 -0.0207045 -1.026 0.00204131 0.999969 -0.0076199 -0.458659 0.0207207 0.0075759 0.999757 40.6651 
0.999799 -0.00156936 -0.0200066 -1.06273 0.00145393 0.999982 -0.00577839 -0.511506 0.0200154 0.00574805 0.999783 41.9422 
0.999829 6.97615e-05 -0.0184723 -1.10254 -0.00015636 0.999989 -0.00468207 -0.56075 0.0184719 0.00468407 0.999818 43.1628 
0.999889 -0.000667631 -0.014884 -1.14924 0.000581865 0.999983 -0.00576025 -0.591377 0.0148876 0.00575086 0.999873 44.4351 
0.999932 -0.00249367 -0.0113645 -1.18457 0.00240032 0.999963 -0.0082127 -0.611803 0.0113846 0.00818478 0.999902 45.6955 
0.999968 -0.00193203 -0.00774489 -1.22565 0.00185503 0.999949 -0.00992609 -0.638931 0.00776376 0.00991132 0.999921 46.9582 
0.999978 -0.00334048 -0.00567128 -1.21567 0.00327885 0.999936 -0.0108279 -0.657267 0.00570718 0.010809 0.999925 48.1633 
0.999992 -0.00373856 -0.00155436 -1.22242 0.00372159 0.999935 -0.0107281 -0.70002 0.00159445 0.0107222 0.999941 49.358 
0.999991 -0.00249572 0.00334285 -1.21357 0.00253327 0.999933 -0.0113017 -0.735952 -0.00331434 0.01131 0.99993 50.5551 
0.999945 -0.000920905 0.0104159 -1.20187 0.00104308 0.99993 -0.0117391 -0.765081 -0.0104042 0.0117492 0.999877 51.771 
0.999837 -0.00029312 0.0180477 -1.20863 0.00049115 0.99994 -0.0109739 -0.795035 -0.0180433 0.0109809 0.999777 52.9282 
0.999619 0.000573384 0.0276092 -1.17229 -0.000267792 0.999939 -0.011074 -0.815895 -0.0276138 0.0110623 0.999557 54.1467 
0.999197 0.00191287 0.0400137 -1.14472 -0.00143428 0.999927 -0.0119879 -0.860249 -0.0400336 0.0119208 0.999127 55.265 
0.998487 0.00117272 0.0549722 -1.09543 -0.000473698 0.999919 -0.0127288 -0.894556 -0.0549826 0.0126834 0.998407 56.4428 
0.997367 0.00525762 0.0723337 -1.05634 -0.00450184 0.999934 -0.0106088 -0.93 -0.0723846 0.0102551 0.997324 57.6074 
0.995857 0.00508614 0.0907908 -0.989674 -0.00420058 0.999942 -0.0099432 -0.962189 -0.090836 0.00952056 0.99582 58.7468 
0.993918 0.00311503 0.110075 -0.897391 -0.00186428 0.999932 -0.0114646 -0.981832 -0.110103 0.0111896 0.993857 59.8713 
0.991496 0.00264471 0.130111 -0.773518 -0.00112082 0.99993 -0.0117848 -1.02122 -0.130133 0.0115386 0.991429 60.9293 
0.988597 -0.00103014 0.150584 -0.630319 0.00292431 0.999919 -0.0123585 -1.04044 -0.15056 0.0126578 0.98852 61.93 
0.9851 -0.00668752 0.171853 -0.453804 0.00859432 0.999909 -0.0103544 -1.05818 -0.171768 0.011677 0.985068 62.9877 
0.98101 -0.0138888 0.193457 -0.232496 0.0161044 0.999821 -0.00988506 -1.08252 -0.193285 0.0128128 0.981059 63.9171 
0.975966 -0.0189853 0.217095 -0.00207709 0.021797 0.999707 -0.0105643 -1.10175 -0.216831 0.0150424 0.976093 64.961 
0.969931 -0.0250922 0.242081 0.246855 0.0288057 0.999515 -0.0118126 -1.12886 -0.241667 0.0184307 0.970184 65.9565 
0.962971 -0.0290454 0.268035 0.518749 0.0331475 0.999392 -0.0107915 -1.15595 -0.267559 0.0192766 0.963349 66.9348 
0.955005 -0.0321538 0.29484 0.819124 0.036119 0.999315 -0.00801195 -1.19059 -0.294381 0.0183007 0.955513 67.8961 
0.945817 -0.0365341 0.322638 1.13991 0.0402824 0.999176 -0.00494633 -1.20517 -0.322192 0.0176749 0.946509 68.8435 
0.93541 -0.0395228 0.351349 1.48796 0.0439071 0.999025 -0.00451678 -1.23235 -0.350827 0.0196517 0.936234 69.77 
0.924107 -0.0392936 0.380109 1.85161 0.0456739 0.998926 -0.00777718 -1.2519 -0.379395 0.0245479 0.924909 70.6394 
0.911605 -0.0409469 0.409022 2.24214 0.0505103 0.998644 -0.0126013 -1.26871 -0.407951 0.0321472 0.912437 71.5117 
0.898044 -0.0427849 0.43782 2.65368 0.0547172 0.998394 -0.0146688 -1.285 -0.436489 0.0371295 0.898943 72.3606 
0.882941 -0.0433166 0.467481 3.09964 0.0547111 0.998444 -0.0108187 -1.3057 -0.466285 0.0351286 0.883937 73.2217 
0.865928 -0.0423114 0.498376 3.55149 0.0511985 0.99868 -0.00417108 -1.33846 -0.497542 0.0291279 0.866951 74.0351 
0.846861 -0.0421069 0.530145 4.03441 0.049566 0.998771 0.000150043 -1.35597 -0.5295 0.02615 0.847907 74.8282 
0.826209 -0.0355604 0.56224 4.54179 0.0457214 0.998946 -0.00400637 -1.36869 -0.561505 0.0290164 0.826964 75.6122 
0.804943 -0.0290546 0.59264 5.0811 0.0433668 0.99901 -0.00992516 -1.38804 -0.591764 0.03369 0.805406 76.3626 
0.782505 -0.0266183 0.622075 5.63495 0.0428121 0.999021 -0.0111055 -1.40638 -0.621171 0.0353224 0.782879 77.0996 
0.759749 -0.0291001 0.649565 6.23385 0.0444977 0.998983 -0.00729215 -1.42158 -0.648692 0.0344443 0.760271 77.802 
0.736088 -0.0296395 0.676237 6.85034 0.0453985 0.998953 -0.00563261 -1.44434 -0.675362 0.0348462 0.736663 78.4557 
0.711195 -0.0271949 0.702468 7.47501 0.0459574 0.998912 -0.0078573 -1.45734 -0.701491 0.0378717 0.711672 79.0936 
0.685388 -0.025025 0.727747 8.12168 0.0466031 0.998868 -0.0095427 -1.47605 -0.726685 0.0404557 0.685779 79.7122 
0.65861 -0.021889 0.752166 8.79896 0.0449043 0.998939 -0.0102487 -1.4855 -0.751143 0.0405253 0.658894 80.3287 
0.630344 -0.0207744 0.776038 9.48595 0.045578 0.998908 -0.0102807 -1.50419 -0.774977 0.0418506 0.630602 80.9164 
0.601706 -0.0142588 0.79859 10.1971 0.0445951 0.998881 -0.0157658 -1.52501 -0.797471 0.0450996 0.601669 81.4677 
0.571831 -0.00465302 0.820358 10.9361 0.0435271 0.998747 -0.0246758 -1.54255 -0.819216 0.0498182 0.571317 82.0053 
0.541671 0.00355092 0.840583 11.7106 0.0430123 0.998564 -0.0319355 -1.56812 -0.839489 0.0534539 0.54074 82.4966 
0.50981 0.00883098 0.860242 12.4737 0.0411195 0.998554 -0.0346198 -1.59199 -0.859304 0.0530222 0.508709 82.9813 
0.476515 0.00849409 0.879125 13.2614 0.0391273 0.998758 -0.0308584 -1.62867 -0.878295 0.0491022 0.475591 83.4526 
0.442547 0.00891257 0.896701 14.075 0.0342369 0.999054 -0.0268269 -1.64508 -0.896091 0.0425724 0.441823 83.8891 
0.407533 0.0110544 0.913124 14.9054 0.0305067 0.999204 -0.025712 -1.66388 -0.912681 0.0383348 0.406871 84.2973 
0.372004 0.014969 0.928111 15.7512 0.0234671 0.999399 -0.0255249 -1.6823 -0.927935 0.0312754 0.371429 84.6761 
0.33676 0.0175522 0.941427 16.6468 0.0190841 0.999494 -0.0254615 -1.69697 -0.941397 0.0265407 0.336255 85.0062 
0.301359 0.0174096 0.953352 17.5644 0.0167715 0.999582 -0.0235555 -1.72064 -0.953363 0.0230878 0.300941 85.304 
0.264967 0.0175208 0.964098 18.4825 0.0162266 0.999612 -0.0226259 -1.7415 -0.964121 0.0216391 0.26458 85.5655 
0.229756 0.0172164 0.973096 19.4302 0.0171646 0.999616 -0.0217384 -1.76318 -0.973097 0.0216973 0.229373 85.787 
0.194305 0.0164681 0.980803 20.3651 0.019406 0.999599 -0.0206283 -1.78469 -0.980749 0.0230417 0.193908 85.9776 
0.160185 0.0155752 0.986964 21.3117 0.0279899 0.999402 -0.0203144 -1.80951 -0.98669 0.0308791 0.159653 86.1197 
0.12661 0.0197934 0.991755 22.289 0.0305053 0.99925 -0.0238374 -1.82782 -0.991483 0.0332718 0.125911 86.253 
0.0939934 0.0248576 0.995262 23.247 0.0318692 0.999101 -0.0279633 -1.85642 -0.995063 0.0343465 0.0931167 86.351 
0.0656796 0.0285216 0.997433 24.2175 0.0388857 0.998759 -0.0311201 -1.88718 -0.997083 0.0408299 0.064489 86.4014 
0.040352 0.0276954 0.998802 25.2192 0.0404689 0.99875 -0.0293291 -1.90554 -0.998366 0.0416039 0.0391808 86.4402 
0.0175437 0.0247959 0.999539 26.2132 0.0428232 0.998756 -0.0255282 -1.93356 -0.998929 0.0432513 0.01646 86.4665 
-8.51592e-06 0.021513 0.999768 27.221 0.0440218 0.998799 -0.0214918 -1.96636 -0.99903 0.0440115 -0.000955547 86.4505 
-0.0166784 0.0257712 0.999529 28.2315 0.0450276 0.998673 -0.0249979 -1.97935 -0.998846 0.0445894 -0.0178166 86.4415 
-0.030384 0.0302894 0.999079 29.2446 0.0467405 0.99849 -0.0288501 -2.01596 -0.998445 0.0458209 -0.0317539 86.3831 
-0.0429466 0.0356614 0.998441 30.2268 0.0513734 0.998119 -0.0334402 -2.05748 -0.997756 0.0498571 -0.0446979 86.3632 
-0.0519366 0.0383218 0.997915 31.228 0.0564787 0.997777 -0.0353772 -2.11004 -0.997052 0.0545235 -0.0539855 86.3186 
-0.056572 0.0431025 0.997468 32.2484 0.0600778 0.997404 -0.0396925 -2.15995 -0.996589 0.0576802 -0.0590147 86.2365 
-0.059105 0.0480277 0.997096 33.272 0.0617992 0.997102 -0.0443648 -2.20301 -0.996337 0.0589976 -0.0619018 86.1605 
-0.0625722 0.0526521 0.996651 34.2591 0.0641337 0.996756 -0.0486312 -2.23021 -0.995978 0.0608759 -0.0657459 86.1011 
-0.0661936 0.05588 0.996241 35.2609 0.0637354 0.996628 -0.051667 -2.28532 -0.995769 0.0600758 -0.069532 86.0565 
-0.068052 0.0589877 0.995936 36.2724 0.0650462 0.996389 -0.05457 -2.35339 -0.995559 0.0610683 -0.0716432 85.9847 
-0.069759 0.0634216 0.995546 37.294 0.0661725 0.996073 -0.0588185 -2.40002 -0.995367 0.0617747 -0.0736819 85.9222 
-0.073276 0.0666301 0.995083 38.3108 0.0674275 0.995814 -0.0617138 -2.44852 -0.99503 0.0625739 -0.077462 85.8705 
-0.07595 0.0660944 0.994919 39.3141 0.0658068 0.995957 -0.0611399 -2.50722 -0.994938 0.0608289 -0.0799924 85.8026 
-0.0784706 0.0664629 0.994698 40.3554 0.0659653 0.995935 -0.0613417 -2.5691 -0.994732 0.0608021 -0.0825359 85.7331 
-0.0810322 0.0687683 0.994336 41.3773 0.0655339 0.995826 -0.0635307 -2.62529 -0.994555 0.0600147 -0.0852006 85.6674 
-0.0839377 0.0714666 0.993905 42.3815 0.0634227 0.995786 -0.0662457 -2.69353 -0.994451 0.0574757 -0.0881165 85.5935 
-0.0869582 0.0754141 0.993353 43.4163 0.0614027 0.99564 -0.0702126 -2.7512 -0.994318 0.0548891 -0.0912098 85.5156 
-0.0893568 0.0801386 0.99277 44.4619 0.0586302 0.995452 -0.075078 -2.82116 -0.994272 0.0514976 -0.093649 85.4339 
-0.0914658 0.0848065 0.99219 45.4944 0.0549111 0.99528 -0.0800087 -2.90254 -0.994293 0.0471642 -0.0956909 85.3476 
-0.0942631 0.0878443 0.991664 46.5172 0.0525981 0.995148 -0.0831532 -2.98652 -0.994157 0.0443214 -0.0984262 85.2639 
-0.0980102 0.0859973 0.991463 47.527 0.0521416 0.995335 -0.0811788 -3.09613 -0.993818 0.0437401 -0.102037 85.207 
-0.100793 0.0833724 0.991408 48.5892 0.0493665 0.995674 -0.0787123 -3.16821 -0.993682 0.0410088 -0.104472 85.1081 
-0.105064 0.0818143 0.991094 49.6062 0.0496426 0.995799 -0.0769402 -3.26456 -0.993226 0.0411169 -0.108684 85.0597 
-0.10706 0.0829873 0.990783 50.6774 0.0492404 0.99573 -0.078081 -3.35107 -0.993032 0.0404272 -0.11069 84.9558 
-0.108185 0.0855998 0.990439 51.7293 0.0501822 0.995486 -0.0805548 -3.44673 -0.992863 0.0409876 -0.111992 84.8545 
-0.108692 0.0893074 0.990056 52.7897 0.0505585 0.995164 -0.0842178 -3.53098 -0.992789 0.0409019 -0.112681 84.7456 
-0.10939 0.0911049 0.989815 53.8751 0.0483047 0.995101 -0.0862531 -3.61451 -0.992824 0.0383776 -0.113255 84.6451 
-0.109648 0.0900178 0.989886 54.9177 0.0452207 0.995311 -0.0855022 -3.70923 -0.992941 0.0353881 -0.113205 84.5585 
-0.110003 0.0901672 0.989833 55.9926 0.0415498 0.995423 -0.0860589 -3.79509 -0.993062 0.0316606 -0.113246 84.4589 
-0.110232 0.0916509 0.989671 57.0694 0.0373582 0.995418 -0.0880221 -3.89051 -0.993203 0.0272695 -0.113151 84.3612 
-0.110827 0.0922193 0.989552 58.1294 0.0325344 0.995489 -0.0891289 -3.98767 -0.993307 0.0223166 -0.113327 84.2719 
-0.110756 0.0917824 0.9896 59.1858 0.0287412 0.995606 -0.0891228 -4.09905 -0.993432 0.0185714 -0.112907 84.1718 
-0.111611 0.0870833 0.989929 60.2913 0.0296183 0.996002 -0.0842783 -4.19489 -0.99331 0.0199137 -0.113744 84.0772 
-0.112777 0.0788285 0.990488 61.3797 0.0328726 0.996598 -0.0755719 -4.29586 -0.993076 0.0240371 -0.114985 83.9769 
-0.112216 0.0734866 0.990963 62.4539 0.0379838 0.99685 -0.0696219 -4.3938 -0.992957 0.0298278 -0.114654 83.8591 
-0.11085 0.075202 0.990988 63.5375 0.0457158 0.996463 -0.0705039 -4.48887 -0.992785 0.0374885 -0.113896 83.7311 
-0.110696 0.0808478 0.99056 64.6063 0.0514604 0.995815 -0.075526 -4.57245 -0.992521 0.0426142 -0.114393 83.629 
-0.109621 0.0871382 0.990146 65.705 0.0549983 0.995155 -0.0814902 -4.65978 -0.992451 0.0455233 -0.113882 83.5088 
-0.109436 0.0914043 0.989782 66.7969 0.0552477 0.994783 -0.0857577 -4.76467 -0.992457 0.0452982 -0.113915 83.4087 
-0.109597 0.089054 0.989979 67.9049 0.0525498 0.995105 -0.0836976 -4.86351 -0.992586 0.0428502 -0.11374 83.302 
-0.109418 0.0842956 0.990415 69.0238 0.0523419 0.995504 -0.0789462 -4.97238 -0.992617 0.0432021 -0.113338 83.2055 
-0.108958 0.0816168 0.99069 70.1576 0.0507504 0.995781 -0.0764546 -5.08585 -0.99275 0.0419476 -0.11264 83.0846 
-0.108888 0.0825175 0.990623 71.3076 0.0488713 0.995788 -0.0775759 -5.17611 -0.992852 0.0399659 -0.112462 82.9737 
-0.107905 0.0867854 0.990366 72.3994 0.0502921 0.995383 -0.0817456 -5.2843 -0.992888 0.0409869 -0.111771 82.8623 
-0.10706 0.0903927 0.990135 73.5555 0.0505954 0.995064 -0.0853721 -5.37411 -0.992964 0.0409563 -0.111105 82.7319 
-0.106485 0.0893338 0.990293 74.7019 0.049925 0.99518 -0.0844063 -5.48463 -0.99306 0.0404524 -0.110432 82.6128 
-0.105813 0.0826944 0.990941 75.8558 0.0509934 0.995676 -0.0776445 -5.5944 -0.993078 0.0423157 -0.109573 82.5038 
-0.107137 0.081303 0.990914 77.0024 0.0502568 0.99582 -0.0762718 -5.69492 -0.992973 0.0416286 -0.110775 82.404 
-0.106427 0.0848498 0.990693 78.1735 0.0480748 0.995626 -0.0801078 -5.79065 -0.993158 0.0391017 -0.110041 82.2837 
-0.104924 0.0878922 0.990589 79.3394 0.0481026 0.995369 -0.0832214 -5.88941 -0.993316 0.038918 -0.108666 82.1537 
-0.104071 0.0872919 0.990732 80.5287 0.0488357 0.995388 -0.0825723 -5.99293 -0.99337 0.0397897 -0.107854 82.0259 
-0.103429 0.0842879 0.991059 81.709 0.0495909 0.995601 -0.0794988 -6.09467 -0.9934 0.040925 -0.107154 81.9099 
-0.103048 0.0834118 0.991173 82.9013 0.0501025 0.995648 -0.0785795 -6.19367 -0.993414 0.0415627 -0.106778 81.8051 
-0.100869 0.0841426 0.991335 84.1003 0.0520416 0.995499 -0.0792008 -6.28756 -0.993538 0.0436017 -0.104794 81.6838 
-0.0996707 0.0837507 0.991489 85.2859 0.0547073 0.995405 -0.078582 -6.39235 -0.993515 0.0464094 -0.103795 81.5773 
-0.0979571 0.0828014 0.99174 86.4838 0.0546861 0.995475 -0.0777118 -6.49514 -0.993687 0.046622 -0.102042 81.461 
-0.097257 0.0837166 0.991732 87.682 0.0558977 0.995343 -0.0785397 -6.59419 -0.993688 0.047797 -0.101484 81.3653 
-0.0969195 0.0824254 0.991873 88.882 0.0560611 0.995435 -0.0772435 -6.69348 -0.993712 0.0481192 -0.101098 81.2701 
-0.0942699 0.0816589 0.992192 90.0966 0.0553298 0.99552 -0.0766758 -6.78951 -0.994008 0.0476696 -0.0983657 81.1484 
-0.0938119 0.0817756 0.992226 91.318 0.0563413 0.99546 -0.0767153 -6.882 -0.993994 0.0487065 -0.0979934 81.0493 
-0.0918372 0.0821314 0.992381 92.5322 0.0547384 0.995502 -0.0773241 -6.98793 -0.994268 0.0472201 -0.0959199 80.9479 
-0.0904138 0.0846501 0.9923 93.7325 0.0543452 0.995316 -0.0799558 -7.09135 -0.99442 0.0466977 -0.0945906 80.8428 
-0.0883161 0.0839855 0.992545 94.9573 0.0519841 0.99547 -0.0796075 -7.19054 -0.994735 0.044566 -0.0922819 80.735 
-0.0872716 0.0833928 0.992688 96.1954 0.048449 0.995666 -0.0793837 -7.29297 -0.995006 0.0411668 -0.0909336 80.6335 
-0.0863753 0.0851438 0.992618 97.4476 0.0460813 0.995616 -0.0813912 -7.39169 -0.995196 0.038711 -0.0899202 80.5349 
-0.0878057 0.0839181 0.992596 98.6872 0.0405141 0.995921 -0.0806154 -7.50993 -0.995313 0.0331357 -0.0908474 80.455 
-0.0892452 0.0810637 0.992705 99.9258 0.0370634 0.996262 -0.0780222 -7.63192 -0.99532 0.0298299 -0.0919161 80.3675 
-0.0913386 0.079985 0.992602 101.199 0.0349314 0.996413 -0.0770778 -7.73781 -0.995207 0.0276328 -0.0938049 80.2898 
-0.0944896 0.0798991 0.992314 102.424 0.0322395 0.996497 -0.077166 -7.8396 -0.995004 0.0247003 -0.0967345 80.2127 
-0.0964262 0.0804348 0.992085 103.704 0.0325374 0.996451 -0.0776265 -7.94459 -0.994808 0.0247947 -0.0987011 80.1135 
-0.10207 0.0788396 0.991648 104.942 0.0306737 0.99663 -0.0760786 -8.05261 -0.994304 0.0226521 -0.104145 80.0498 
-0.104167 0.0749538 0.991731 106.19 0.0288918 0.996963 -0.0723147 -8.15507 -0.99414 0.0211201 -0.106016 79.9251 
-0.107969 0.0749662 0.991324 107.46 0.0285814 0.996975 -0.0722807 -8.26161 -0.993743 0.0205294 -0.109785 79.7944 
-0.113529 0.080868 0.990238 108.68 0.024369 0.996609 -0.0785945 -8.36263 -0.993236 0.0152084 -0.115115 79.6779 
-0.120623 0.0840593 0.989133 109.919 0.0249981 0.99635 -0.0816242 -8.46967 -0.992383 0.0148807 -0.122284 79.5464 
-0.128621 0.0801483 0.98845 111.185 0.0259998 0.996659 -0.0774308 -8.57228 -0.991353 0.0157402 -0.130275 79.377 
-0.13827 0.0782203 0.987301 112.421 0.0281381 0.996784 -0.075031 -8.68066 -0.989995 0.0174063 -0.140026 79.1891 
-0.150125 0.078824 0.98552 113.636 0.0285153 0.996747 -0.0753783 -8.79341 -0.988256 0.0167863 -0.151884 78.9994 
-0.164794 0.0804687 0.98304 114.873 0.0303251 0.996609 -0.0764958 -8.87638 -0.985862 0.0172047 -0.166676 78.8163 
-0.178357 0.0790162 0.980788 116.091 0.0315963 0.996716 -0.0745537 -8.97279 -0.983458 0.0176922 -0.180268 78.5989 
-0.194047 0.0817423 0.977581 117.278 0.0357076 0.99645 -0.0762323 -9.07465 -0.980342 0.0201145 -0.196277 78.376 
-0.209073 0.0838997 0.974294 118.399 0.0347067 0.996322 -0.078349 -9.19556 -0.977284 0.0174339 -0.211216 78.1269 
-0.224902 0.0871749 0.970474 119.544 0.034204 0.996082 -0.0815487 -9.31838 -0.973781 0.0148537 -0.227002 77.8797 
-0.241964 0.0859135 0.966474 120.703 0.0311496 0.996247 -0.0807616 -9.41071 -0.969785 0.0105639 -0.243732 77.6472 
-0.257797 0.0823632 0.962682 121.909 0.028227 0.996577 -0.0777043 -9.49163 -0.965787 0.0071417 -0.259239 77.3598 
-0.274207 0.0775496 0.958539 123.077 0.0237595 0.996985 -0.0738633 -9.61205 -0.961377 0.0025206 -0.275223 77.0618 
-0.289848 0.0791425 0.953795 124.228 0.0224459 0.996863 -0.0758951 -9.71015 -0.956809 -0.000589278 -0.290715 76.748 
-0.304676 0.0812153 0.948987 125.398 0.0223793 0.996693 -0.0781131 -9.81056 -0.952193 -0.00256154 -0.305487 76.4034 
-0.318999 0.0830804 0.944107 126.518 0.0237913 0.996538 -0.0796557 -9.91726 -0.947456 -0.00294851 -0.319871 76.0549 
-0.333114 0.0834552 0.939186 127.66 0.0265306 0.99651 -0.0791391 -10.02 -0.942513 -0.00144515 -0.334165 75.6629 
-0.346453 0.0819779 0.934478 128.791 0.0281276 0.996634 -0.0770024 -10.1285 -0.937646 -0.000393048 -0.347593 75.2574 
-0.361446 0.0801395 0.928942 129.911 0.0273055 0.996782 -0.0753676 -10.2346 -0.931993 -0.00187607 -0.362472 74.8472 
-0.376559 0.0824882 0.922713 131.036 0.0265127 0.996579 -0.078272 -10.3315 -0.926013 -0.00501043 -0.377458 74.4118 
-0.391485 0.0853035 0.916222 132.146 0.0274933 0.996334 -0.0810149 -10.4176 -0.919774 -0.00652614 -0.392395 73.9569 
-0.407448 0.0869101 0.909083 133.259 0.0273104 0.996176 -0.0829959 -10.4986 -0.91282 -0.00898905 -0.408263 73.5066 
-0.420991 0.0896598 0.902623 134.357 0.0304189 0.995938 -0.0847415 -10.6104 -0.906555 -0.0082186 -0.422008 72.9795 
-0.435749 0.0940196 0.895144 135.444 0.0305037 0.9955 -0.0897114 -10.7138 -0.899551 -0.0117864 -0.436656 72.4597 
-0.451249 0.0954807 0.887275 136.498 0.0309363 0.995336 -0.0913758 -10.8373 -0.891862 -0.0137842 -0.452098 71.9453 
-0.466924 0.0924259 0.879454 137.57 0.0287207 0.995583 -0.089382 -10.9552 -0.883831 -0.016476 -0.467516 71.4103 
-0.482898 0.0878663 0.871257 138.653 0.0262034 0.995957 -0.0859191 -11.0735 -0.875284 -0.0186602 -0.483248 70.8328 
-0.497268 0.0878358 0.863139 139.627 0.0259294 0.995922 -0.08641 -11.1971 -0.867209 -0.0205883 -0.497518 70.2141 
-0.513711 0.0872046 0.85352 140.706 0.0248663 0.995916 -0.0867871 -11.3102 -0.857603 -0.0233596 -0.513782 69.6097 
-0.528773 0.087056 0.844287 141.75 0.0251247 0.995895 -0.0869532 -11.423 -0.848391 -0.0247661 -0.52879 68.9563 
-0.545099 0.0867591 0.83387 142.794 0.0246192 0.995858 -0.0875195 -11.5377 -0.83801 -0.0271776 -0.544978 68.3132 
-0.56028 0.086598 0.823764 143.829 0.0256572 0.995857 -0.0872387 -11.6457 -0.827906 -0.0277426 -0.560181 67.6326 
-0.575387 0.0844597 0.813508 144.848 0.02571 0.99603 -0.0852249 -11.7493 -0.817477 -0.028122 -0.575274 66.9338 
-0.591344 0.0805724 0.802384 145.883 0.0254107 0.996364 -0.0813238 -11.8631 -0.806019 -0.0277012 -0.591241 66.2188 
-0.60664 0.0790939 0.791032 146.886 0.0263102 0.996491 -0.0794602 -11.976 -0.794541 -0.0273915 -0.606592 65.4781 
-0.621867 0.0774425 0.779285 147.898 0.0254036 0.99657 -0.0787637 -12.0824 -0.782711 -0.0291839 -0.621701 64.7176 
-0.637169 0.0782738 0.766739 148.887 0.023485 0.996339 -0.0821968 -12.1852 -0.770366 -0.0343664 -0.636675 63.9429 
-0.652417 0.0774433 0.753892 149.837 0.021606 0.996261 -0.0836429 -12.304 -0.757552 -0.0382815 -0.651652 63.1509 
-0.668867 0.0740808 0.739681 150.841 0.0187735 0.996388 -0.0828144 -12.4028 -0.743145 -0.0415054 -0.667842 62.3095 
-0.685475 0.0664364 0.725058 151.784 0.0155326 0.996936 -0.0766636 -12.521 -0.72793 -0.0412889 -0.684407 61.4563 
-0.703215 0.063754 0.708113 152.717 0.013823 0.997009 -0.0760369 -12.62 -0.710843 -0.043682 -0.701993 60.5925 
-0.721386 0.0603639 0.689898 153.648 0.0116437 0.99711 -0.075069 -12.7251 -0.692436 -0.0461207 -0.720004 59.6857 
-0.739191 0.0565397 0.671119 154.545 0.00785002 0.997126 -0.0753586 -12.8141 -0.67345 -0.050436 -0.73751 58.7642 
-0.755461 0.0557071 0.652821 155.418 0.00808184 0.997095 -0.0757326 -12.89 -0.655144 -0.051937 -0.753717 57.7692 
-0.770962 0.0572566 0.634302 156.239 0.00977988 0.996897 -0.0781001 -12.9983 -0.636806 -0.0540088 -0.76913 56.7988 
-0.786735 0.056602 0.61469 157.075 0.0129469 0.997081 -0.0752429 -13.112 -0.617155 -0.0512379 -0.785172 55.8063 
-0.801474 0.05755 0.595254 157.874 0.0172999 0.997173 -0.0731149 -13.2386 -0.597779 -0.0483018 -0.800204 54.7732 
-0.8166 0.0591139 0.574168 158.619 0.019408 0.996991 -0.0750433 -13.3394 -0.576877 -0.050137 -0.815291 53.7677 
-0.829762 0.0608227 0.554793 159.336 0.0199673 0.996643 -0.0793996 -13.4357 -0.55776 -0.0548051 -0.828191 52.7131 
-0.842418 0.0608771 0.535374 160.037 0.0221145 0.996666 -0.0785329 -13.5454 -0.53837 -0.0543179 -0.840956 51.6578 
-0.854991 0.0588094 0.515297 160.778 0.0223744 0.996808 -0.0766388 -13.6416 -0.51816 -0.053996 -0.853578 50.5725 
-0.865005 0.0604117 0.498113 161.419 0.0243173 0.996606 -0.0786411 -13.7141 -0.501174 -0.0559122 -0.863539 49.4219 
-0.874436 0.0633198 0.480992 162.048 0.0261008 0.99615 -0.0836866 -13.7831 -0.484439 -0.0606243 -0.872722 48.2793 
-0.882935 0.0626006 0.465302 162.666 0.0236956 0.995749 -0.089002 -13.7742 -0.468896 -0.0675574 -0.880666 47.0545 
-0.891612 0.0590941 0.448928 163.256 0.0215452 0.995861 -0.0882982 -13.8927 -0.452288 -0.0690555 -0.889194 45.9092 
-0.898943 0.0560183 0.434469 163.822 0.0199151 0.995991 -0.0872125 -14.0385 -0.437613 -0.0697465 -0.896454 44.7707 
-0.90654 0.0538557 0.418669 164.448 0.0194732 0.996107 -0.0859695 -14.1676 -0.42167 -0.0697819 -0.90406 43.6222 
-0.912724 0.0520495 0.405247 164.986 0.0186821 0.996132 -0.0858651 -14.2732 -0.408149 -0.0708002 -0.910166 42.4273 
-0.918104 0.0463226 0.393622 165.505 0.0150499 0.996505 -0.0821686 -14.3948 -0.396052 -0.0695154 -0.915593 41.2144 
-0.92335 0.0426597 0.381581 166.019 0.0134829 0.996798 -0.0788133 -14.5123 -0.383722 -0.0676275 -0.920969 40.0583 
-0.928172 0.0423536 0.369733 166.522 0.0153721 0.997018 -0.0756204 -14.6221 -0.371834 -0.0645051 -0.926055 38.893 
-0.931751 0.0471998 0.360016 167.016 0.0202197 0.996721 -0.0783445 -14.7057 -0.362533 -0.0657182 -0.929651 37.714 
-0.932873 0.0546023 0.356043 167.431 0.0275155 0.996358 -0.0807067 -14.7909 -0.359153 -0.0654924 -0.930978 36.4715 
-0.933824 0.0594198 0.352763 167.855 0.0314574 0.995928 -0.0844823 -14.8872 -0.356346 -0.0677946 -0.931891 35.2354 
-0.935814 0.0571924 0.347822 168.347 0.0293847 0.995972 -0.0847084 -14.9847 -0.351266 -0.0690507 -0.933726 34.0308 
-0.93792 0.0497845 0.343259 168.816 0.023446 0.996482 -0.0804608 -15.1064 -0.346057 -0.0674178 -0.935788 32.8185 
-0.939742 0.0431823 0.339146 169.269 0.016521 0.996568 -0.0811114 -15.1951 -0.341485 -0.0706207 -0.93723 31.6106 
-0.942029 0.037595 0.333417 169.734 0.0116066 0.996759 -0.0795983 -15.3388 -0.335329 -0.0711141 -0.939413 30.4265 
-0.943162 0.0361969 0.330355 170.209 0.00912949 0.996498 -0.0831212 -15.442 -0.332207 -0.0753808 -0.940189 29.1754 
-0.943764 0.0375946 0.328475 170.65 0.00910645 0.996093 -0.0878404 -15.5377 -0.330494 -0.0799094 -0.940419 27.949 
-0.94364 0.0387593 0.328697 171.079 0.00979767 0.995955 -0.0893134 -15.6663 -0.330829 -0.0810592 -0.940203 26.724 
-0.943576 0.0417132 0.328517 171.522 0.0121863 0.995737 -0.0914309 -15.7832 -0.33093 -0.0822687 -0.940062 25.5176 
-0.942693 0.0424728 0.330948 171.936 0.0120207 0.995544 -0.0935247 -15.9098 -0.333445 -0.0841868 -0.939003 24.2932 
-0.942496 0.0435218 0.331371 172.404 0.0122797 0.995325 -0.0957984 -16.0387 -0.333991 -0.0862205 -0.938624 23.0864 
-0.941271 0.0458094 0.334529 172.845 0.0145919 0.995347 -0.0952424 -16.1687 -0.337335 -0.0847675 -0.93756 21.8338 
-0.940299 0.0456155 0.337278 173.303 0.0140213 0.995328 -0.0955243 -16.3082 -0.34006 -0.0850924 -0.936546 20.6124 
-0.939682 0.0432739 0.339301 173.776 0.0113289 0.995358 -0.0955714 -16.4371 -0.341862 -0.0859628 -0.93581 19.4781 
-0.938319 0.040828 0.343351 174.244 0.00873797 0.995487 -0.0944945 -16.5502 -0.345659 -0.0856658 -0.934441 18.33 
-0.93667 0.0381927 0.348125 174.733 0.00621339 0.995691 -0.0925193 -16.6741 -0.350158 -0.084497 -0.932871 17.1725 
-0.935623 0.0327311 0.35148 175.229 0.000457896 0.995804 -0.091514 -16.7914 -0.353 -0.0854617 -0.931712 16.0753 
-0.93443 0.0311623 0.35478 175.766 -0.00262781 0.995534 -0.0943646 -16.9101 -0.356137 -0.0891094 -0.930175 14.9482 
-0.932744 0.0264564 0.359568 176.209 -0.00856514 0.995397 -0.0954582 -17.0635 -0.360438 -0.0921178 -0.928223 13.9214 
-0.929796 0.0280901 0.367 176.714 -0.00941489 0.994942 -0.100005 -17.186 -0.367954 -0.0964398 -0.924829 12.804 
-0.92608 0.030172 0.376118 177.206 -0.00842871 0.994895 -0.100563 -17.307 -0.377232 -0.0962999 -0.921098 11.662 
-0.921173 0.0310187 0.387916 177.701 -0.0093591 0.994764 -0.101769 -17.4554 -0.389041 -0.097377 -0.916059 10.5136 
-0.915666 0.0325442 0.40062 178.224 -0.0102396 0.994504 -0.104192 -17.5897 -0.401809 -0.0995074 -0.910301 9.35515 
-0.909789 0.0349074 0.413599 178.791 -0.00951577 0.994441 -0.104862 -17.7337 -0.414961 -0.0993377 -0.9044 8.18019 
-0.904719 0.0317174 0.424825 179.34 -0.0135015 0.994589 -0.103009 -17.8844 -0.425794 -0.09893 -0.899396 7.10573 
-0.898522 0.0347181 0.437553 179.902 -0.0127273 0.994387 -0.105037 -18.0034 -0.438743 -0.0999466 -0.893037 5.99062 
-0.891605 0.0365109 0.451339 180.478 -0.0129696 0.994276 -0.106053 -18.1285 -0.452628 -0.100411 -0.886028 4.86673 
-0.883898 0.0383547 0.466104 181.075 -0.0120337 0.994436 -0.10465 -18.2655 -0.467524 -0.098109 -0.878519 3.7305 
-0.877719 0.0375628 0.4777 181.689 -0.0134721 0.994594 -0.102961 -18.4144 -0.478985 -0.0968065 -0.872469 2.69394 
-0.870519 0.0397321 0.490529 182.315 -0.0117592 0.994772 -0.101444 -18.5555 -0.491995 -0.0940767 -0.8655 1.66102 
-0.861362 0.043539 0.506123 182.972 -0.00878028 0.994895 -0.100528 -18.698 -0.507916 -0.0910353 -0.856583 0.581196 
-0.851265 0.0383334 0.523334 183.538 -0.0150433 0.995135 -0.0973618 -18.9572 -0.524521 -0.0907533 -0.846547 -0.448415 
-0.842075 0.0435513 0.537599 184.288 -0.0108497 0.995165 -0.0976135 -19.0496 -0.539251 -0.0880307 -0.837531 -1.46264 
-0.831784 0.0460826 0.553183 185.002 -0.0110869 0.99497 -0.0995561 -19.1553 -0.554989 -0.0889422 -0.827089 -2.48602 
-0.825645 0.0499784 0.561971 185.965 -0.00802353 0.994928 -0.100271 -19.2536 -0.564132 -0.0872974 -0.821056 -3.41825 
-0.813015 0.0542932 0.579706 186.713 -0.00520456 0.994925 -0.10048 -19.3552 -0.58222 -0.0847091 -0.808606 -4.43609 
-0.798877 0.0578143 0.598709 187.496 -0.00119634 0.995215 -0.0976993 -19.474 -0.601493 -0.078766 -0.794986 -5.43169 
-0.785681 0.0607085 0.615646 188.277 0.000472025 0.995232 -0.0975369 -19.5896 -0.618632 -0.0763423 -0.781963 -6.34887 
-0.76919 0.066379 0.635563 188.996 0.00498997 0.995184 -0.0978991 -19.7115 -0.639001 -0.0721315 -0.765816 -7.24035 
-0.752799 0.0687463 0.65465 189.817 0.00303312 0.994883 -0.100987 -19.8418 -0.658243 -0.0740373 -0.749156 -8.14903 
-0.735089 0.0703339 0.674312 190.648 0.00243375 0.994872 -0.101117 -19.9691 -0.677966 -0.0726887 -0.731491 -9.02948 
-0.716486 0.0701588 0.694065 191.478 0.000482719 0.994979 -0.100078 -20.1093 -0.697601 -0.0713695 -0.712923 -9.87831 
-0.697012 0.0703117 0.713604 192.334 -0.000784105 0.995106 -0.098814 -20.2481 -0.717059 -0.0694341 -0.693545 -10.6868 
-0.675926 0.0708797 0.733553 193.207 -0.00318321 0.995074 -0.0990824 -20.3852 -0.736962 -0.0693074 -0.672371 -11.5004 
-0.656068 0.0703712 0.751413 194.108 -0.0088461 0.994858 -0.100894 -20.5104 -0.75465 -0.0728403 -0.652072 -12.2647 
-0.634827 0.0703294 0.769446 195.015 -0.0115233 0.994876 -0.100442 -20.6423 -0.772568 -0.0726296 -0.630764 -13.0057 
-0.61213 0.0702019 0.787635 195.957 -0.0132208 0.995004 -0.0989597 -20.7682 -0.790647 -0.0709893 -0.608143 -13.7368 
-0.588577 0.071625 0.805262 196.923 -0.0145966 0.994964 -0.0991673 -20.8848 -0.808309 -0.0701217 -0.584567 -14.4283 
-0.563724 0.0757449 0.822483 197.874 -0.01378 0.994785 -0.101058 -20.9909 -0.825848 -0.0683024 -0.559741 -15.0621 
-0.537586 0.0762015 0.839759 198.855 -0.0154206 0.994853 -0.100147 -21.1165 -0.843068 -0.0667871 -0.533644 -15.6658 
-0.512417 0.0748794 0.855465 199.839 -0.0184302 0.995003 -0.0981328 -21.2385 -0.858539 -0.0660514 -0.508477 -16.1917 
-0.484552 0.0737533 0.871648 200.871 -0.0212348 0.995154 -0.0960082 -21.3602 -0.874505 -0.0650302 -0.480638 -16.7516 
-0.454482 0.0741242 0.887666 201.914 -0.0201826 0.995419 -0.0934555 -21.5026 -0.890527 -0.0603892 -0.450904 -17.2841 
-0.422963 0.0766373 0.9029 202.989 -0.020323 0.995364 -0.0940059 -21.6205 -0.905919 -0.0581106 -0.419444 -17.7859 
-0.39169 0.0786851 0.916726 204.087 -0.0221671 0.99524 -0.0948956 -21.734 -0.91983 -0.0574909 -0.388082 -18.2377 
-0.361233 0.0788325 0.929137 205.156 -0.0215617 0.995447 -0.0928415 -21.851 -0.932226 -0.0535712 -0.357889 -18.6151 
-0.328099 0.0779095 0.941425 206.215 -0.0260017 0.995471 -0.0914442 -21.9881 -0.944285 -0.0544814 -0.324587 -19.0225 
-0.29441 0.0760868 0.952645 207.324 -0.02576 0.995832 -0.0874971 -22.1155 -0.955332 -0.0503001 -0.291223 -19.3602 
-0.259826 0.0750007 0.962738 208.468 -0.0280034 0.995975 -0.0851477 -22.22 -0.965249 -0.0490836 -0.25668 -19.6693 
-0.224951 0.0741769 0.971542 209.605 -0.0277547 0.996206 -0.0824863 -22.3249 -0.973975 -0.0455203 -0.222039 -19.9305 
-0.190818 0.0745812 0.978788 210.754 -0.0306669 0.99617 -0.0818843 -22.4176 -0.981146 -0.0456413 -0.1878 -20.1332 
-0.155343 0.0737076 0.985107 211.897 -0.0310557 0.996355 -0.0794465 -22.5315 -0.987372 -0.0429347 -0.152488 -20.305 
-0.118859 0.0745427 0.990109 213.061 -0.0324688 0.996353 -0.0789106 -22.6205 -0.99238 -0.0415268 -0.116005 -20.4529 
-0.0831148 0.0744493 0.993755 214.218 -0.0335882 0.99643 -0.0774589 -22.7251 -0.995974 -0.0398164 -0.0803174 -20.5471 
-0.0484456 0.0735301 0.996116 215.375 -0.0347432 0.996559 -0.0752527 -22.8296 -0.998221 -0.0382539 -0.0457243 -20.5889 
-0.0154612 0.0723642 0.997258 216.485 -0.0366241 0.996667 -0.0728892 -22.9253 -0.999209 -0.0376507 -0.0127593 -20.5705 
0.0157591 0.0715124 0.997315 217.505 -0.0375721 0.996777 -0.0708802 -23.0321 -0.99917 -0.0363543 0.0183952 -20.4964 
0.0487417 0.0714497 0.996252 218.685 -0.0369483 0.996884 -0.0696874 -23.1194 -0.998128 -0.0334131 0.0512298 -20.4313 
0.0802786 0.0711358 0.994231 219.82 -0.0385688 0.996925 -0.0682145 -23.1875 -0.996026 -0.0328701 0.0827754 -20.3237 
0.111677 0.069551 0.991308 220.968 -0.0373054 0.997138 -0.0657575 -23.2788 -0.993044 -0.0296375 0.113952 -20.1757 
0.141607 0.0709264 0.987379 222.121 -0.0382466 0.997077 -0.0661379 -23.3513 -0.989184 -0.0283983 0.143906 -20.0025 
0.171953 0.0710863 0.982537 223.283 -0.0370432 0.997154 -0.0656611 -23.4335 -0.984408 -0.0251057 0.174097 -19.7895 
0.201536 0.0709477 0.976908 224.405 -0.0360604 0.997234 -0.0649847 -23.5145 -0.978817 -0.022131 0.203537 -19.5305 
0.232091 0.0700436 0.970169 225.549 -0.0347018 0.997365 -0.0637056 -23.5939 -0.972075 -0.0188811 0.23391 -19.251 
0.261974 0.0675614 0.962707 226.634 -0.0313294 0.997616 -0.0614859 -23.6814 -0.964566 -0.0140534 0.263466 -18.9204 
0.292258 0.0669382 0.953994 227.762 -0.0288112 0.997711 -0.0611794 -23.7651 -0.955905 -0.00960561 0.293517 -18.5775 
0.320534 0.0651995 0.94499 228.824 -0.0269261 0.997852 -0.0597137 -23.8518 -0.946854 -0.00630469 0.321601 -18.181 
0.348773 0.0644802 0.934987 229.86 -0.0279739 0.997902 -0.0583842 -23.9372 -0.93679 -0.00579241 0.349845 -17.808 
0.377335 0.0633658 0.923906 230.963 -0.0277977 0.997982 -0.0570934 -24.0196 -0.925659 -0.00413913 0.378335 -17.3468 
0.405586 0.0651688 0.911731 232.06 -0.0270577 0.997874 -0.0592896 -24.0918 -0.913656 -0.0006223 0.406487 -16.8323 
0.433281 0.0671298 0.898755 233.102 -0.0269607 0.997741 -0.0615259 -24.1658 -0.900855 0.00242696 0.434112 -16.3028 
0.461037 0.0653584 0.88497 234.153 -0.025805 0.99785 -0.0602516 -24.2449 -0.887005 0.0049416 0.461733 -15.7492 
0.488204 0.0642039 0.870364 235.191 -0.0262748 0.997919 -0.0588752 -24.312 -0.872334 0.00587443 0.488876 -15.1628 
0.51386 0.060692 0.855725 236.221 -0.0249132 0.998129 -0.0558318 -24.3925 -0.857512 0.00737091 0.514411 -14.5243 
0.537768 0.0605079 0.840919 237.241 -0.0261392 0.998138 -0.0551046 -24.4776 -0.842688 0.00765249 0.538348 -13.8764 
0.559717 0.0598551 0.826519 238.24 -0.0262984 0.998169 -0.0544765 -24.5458 -0.828266 0.00875531 0.560266 -13.203 
0.580526 0.0586537 0.812126 239.244 -0.0276162 0.998247 -0.0523551 -24.6356 -0.813773 0.00796566 0.581128 -12.4959 
0.59939 0.0559409 0.7985 240.217 -0.0273307 0.998403 -0.0494302 -24.7076 -0.79999 0.00780437 0.599962 -11.7511 
0.616524 0.0525768 0.785578 241.183 -0.0256857 0.99858 -0.0466743 -24.7719 -0.786917 0.00859767 0.616999 -10.9548 
0.632862 0.0501075 0.772641 242.111 -0.0236268 0.998689 -0.0454149 -24.8146 -0.773904 0.0104863 0.633216 -10.153 
0.648913 0.0477119 0.759365 243.058 -0.0212757 0.998779 -0.0445736 -24.8749 -0.760565 0.0127684 0.649136 -9.34825 
0.663913 0.0473452 0.74631 243.954 -0.0214912 0.998789 -0.044244 -24.9354 -0.747501 0.013335 0.664127 -8.52428 
0.679 0.0461542 0.732686 244.841 -0.0209682 0.998834 -0.043488 -25.0014 -0.733839 0.0141652 0.679176 -7.67678 
0.694347 0.0443383 0.718273 245.736 -0.0217887 0.998938 -0.0406006 -25.0542 -0.71931 0.0125407 0.694576 -6.81118 
0.709283 0.04081 0.703741 246.609 -0.0200738 0.999087 -0.0377054 -25.0996 -0.704638 0.012617 0.709455 -5.90653 
0.723752 0.0397191 0.688917 247.474 -0.019962 0.999129 -0.036633 -25.146 -0.689772 0.012761 0.723914 -4.9994 
0.737637 0.0387657 0.674084 248.271 -0.0177107 0.999118 -0.0380777 -25.1817 -0.674965 0.016149 0.737673 -4.11244 
0.750542 0.0393823 0.659648 249.06 -0.0189615 0.999095 -0.0380739 -25.2487 -0.66055 0.0160681 0.75061 -3.26107 
0.762052 0.0410993 0.64621 249.85 -0.0211619 0.999031 -0.0385836 -25.2803 -0.64717 0.0157277 0.762183 -2.25367 
0.772742 0.0373585 0.63362 250.616 -0.0185219 0.999168 -0.0363228 -25.3029 -0.63445 0.0163323 0.772791 -1.21844 
0.782686 0.0359831 0.621376 251.352 -0.0172571 0.999198 -0.0361253 -25.3418 -0.622178 0.0175516 0.782679 -0.198236 
0.792685 0.035333 0.608606 252.082 -0.0166881 0.999202 -0.0362739 -25.3877 -0.609402 0.0185973 0.792643 0.803858 
0.801576 0.0334029 0.596959 252.794 -0.013192 0.999183 -0.0381958 -25.443 -0.597747 0.0227417 0.801362 1.81845 
0.810698 0.0304319 0.584673 253.534 -0.0114332 0.999281 -0.036159 -25.5014 -0.585353 0.0226293 0.810462 2.8361 
0.818556 0.0285582 0.573716 254.243 -0.00993741 0.999318 -0.0355655 -25.5581 -0.57434 0.023411 0.818282 3.88403 
0.825776 0.0277934 0.563312 254.961 -0.00959148 0.999333 -0.035246 -25.6208 -0.563916 0.0237023 0.825492 4.97376 
0.830722 0.0277281 0.555996 255.658 -0.0098575 0.999335 -0.0351099 -25.6624 -0.5566 0.0236858 0.830443 6.12714 
0.834947 0.0255208 0.549738 256.364 -0.00918205 0.999431 -0.0324515 -25.7121 -0.550253 0.0220475 0.834706 7.23338 
0.83775 0.026986 0.545386 257.054 -0.0124251 0.999461 -0.0303683 -25.7888 -0.545912 0.0186645 0.837634 8.26104 
0.839947 0.0246803 0.542107 257.752 -0.0100271 0.9995 -0.029968 -25.829 -0.542576 0.0197357 0.839775 9.43755 
0.842773 0.0232828 0.537765 258.444 -0.00937904 0.999547 -0.0285775 -25.8836 -0.538187 0.0190406 0.84261 10.5104 
0.844814 0.0213806 0.534632 259.133 -0.00865862 0.999617 -0.0262939 -25.9329 -0.53499 0.0175842 0.844676 11.6547 
0.847312 0.0188848 0.530759 259.828 -0.00685533 0.999673 -0.0246253 -25.9999 -0.53105 0.0172268 0.847165 12.7271 
0.849956 0.0180708 0.526543 260.528 -0.00571583 0.999669 -0.025082 -26.0404 -0.526822 0.0183089 0.849778 13.8594 
0.852535 0.0180504 0.522358 261.241 -0.00636688 0.999688 -0.0241537 -26.1016 -0.522631 0.017266 0.852384 15.0023 
0.85517 0.0188041 0.518006 261.95 -0.00779463 0.999695 -0.0234219 -26.1656 -0.518289 0.015992 0.855056 16.1528 
0.857606 0.0204684 0.513899 262.649 -0.0100285 0.999683 -0.0230815 -26.2242 -0.514209 0.0146411 0.85754 17.309 
0.860258 0.0229205 0.509343 263.358 -0.0131781 0.999655 -0.0227275 -26.3008 -0.509688 0.0128393 0.860263 18.4254 
0.862308 0.0269559 0.505667 264.072 -0.017657 0.999575 -0.0231749 -26.3741 -0.506077 0.0110553 0.862418 19.5451 
0.863592 0.0292304 0.503343 264.775 -0.0210645 0.999538 -0.0219054 -26.4499 -0.503751 0.00831463 0.863809 20.7109 
0.8638 0.0291192 0.502992 265.414 -0.0212314 0.999545 -0.0214047 -26.5009 -0.503387 0.00781013 0.864026 21.9024 
