1 2.12261e-08 -2.11895e-08 0 2.12261e-08 1 2.10703e-08 0 -2.11895e-08 2.10703e-08 1 0 
1 -0.000113397 -7.70367e-05 -0.0109433 0.000113479 1 0.000510378 0.0055793 7.69365e-05 -0.000510344 1 1.37848 
0.999999 -0.00015836 -0.00119921 -0.00101542 0.00015684 0.999999 -0.00130351 0.0250994 0.00119938 0.00130336 0.999998 2.77373 
0.999997 -0.000436195 -0.00243223 0.0266225 0.000426586 0.999992 -0.00396731 0.0401846 0.00243389 0.0039663 0.999989 4.18752 
0.999998 0.00133867 -0.00174959 -0.00396988 -0.00134946 0.99998 -0.00620382 0.0662854 0.00174121 0.00620621 0.999979 5.54457 
1 0.000611532 -0.000788977 -0.0651005 -0.000615367 0.999988 -0.00492431 0.0373094 0.000785914 0.00492483 0.999988 6.86447 
0.99999 -0.000715223 0.00445831 -0.25375 0.000732113 0.999993 -0.00377842 0.0217135 -0.00445561 0.00378169 0.999983 8.04877 
0.999985 -0.00119159 0.00530127 -0.296719 0.0012051 0.999996 -0.00253655 -0.0218353 -0.00529826 0.00254295 0.999983 9.3717 
0.999987 -0.00101915 0.00495983 -0.317778 0.00103744 0.999993 -0.00367907 -0.0615129 -0.00495608 0.00368421 0.999981 10.7193 
0.999976 0.00235299 0.00658835 -0.390737 -0.00231126 0.999977 -0.00632826 -0.0872615 -0.00660313 0.00631292 0.999958 12.0013 
0.999955 0.00518172 0.00800031 -0.442588 -0.00512581 0.999962 -0.00698797 -0.122431 -0.00803626 0.00694669 0.999944 13.3007 
0.999925 0.00851444 0.00876286 -0.46519 -0.00843914 0.999928 -0.00858934 -0.120098 -0.0088354 0.00851479 0.999925 14.649 
0.999882 0.0102858 0.0114534 -0.541105 -0.0101903 0.999913 -0.00836233 -0.134793 -0.0115384 0.00824467 0.999899 15.9709 
0.999866 0.00830794 0.0140772 -0.59976 -0.00821985 0.999946 -0.00630066 -0.15587 -0.0141288 0.00618415 0.999881 17.3038 
0.999875 0.00414895 0.0152701 -0.625852 -0.00408545 0.999983 -0.00418445 -0.196507 -0.0152873 0.00412158 0.999875 18.6658 
0.999873 0.00205459 0.0157758 -0.627815 -0.00194676 0.999975 -0.0068451 -0.221253 -0.0157895 0.00681357 0.999852 20.0435 
0.999861 0.00223586 0.016504 -0.638035 -0.00206896 0.999947 -0.0101206 -0.244828 -0.0165258 0.0100851 0.999813 21.4389 
0.999838 0.00525419 0.017219 -0.630279 -0.005052 0.999918 -0.0117627 -0.286856 -0.0172795 0.0116738 0.999783 22.8518 
0.99977 0.00941481 0.0192494 -0.641268 -0.00920486 0.999898 -0.010964 -0.305878 -0.0193507 0.0107843 0.999755 24.2285 
0.999783 0.00944763 0.0185723 -0.61632 -0.00931072 0.999929 -0.00744222 -0.343118 -0.0186413 0.00726773 0.9998 25.6477 
0.999816 0.00880496 0.017074 -0.535128 -0.00867517 0.999933 -0.00765824 -0.343434 -0.0171403 0.00750875 0.999825 27.1117 
0.999854 0.00595462 0.0159947 -0.507353 -0.00578824 0.999929 -0.010426 -0.359298 -0.0160557 0.0103319 0.999818 28.5125 
0.999859 0.00666876 0.0154168 -0.49106 -0.0064617 0.999889 -0.013439 -0.395572 -0.0155048 0.0133376 0.999791 29.906 
0.999856 0.00591533 0.0158868 -0.490895 -0.00565887 0.999854 -0.0161371 -0.433925 -0.0159799 0.0160449 0.999744 31.3003 
0.999816 0.00987892 0.0164398 -0.489937 -0.00957952 0.999789 -0.0181897 -0.459581 -0.0166161 0.0180289 0.999699 32.6844 
0.999807 0.00972265 0.0170809 -0.508434 -0.00937678 0.999752 -0.020211 -0.515649 -0.0172732 0.020047 0.99965 34.1006 
0.999784 0.0110369 0.0176234 -0.50781 -0.0106902 0.99975 -0.0196443 -0.565668 -0.0178359 0.0194517 0.999652 35.4632 
0.999777 0.0111642 0.017939 -0.520991 -0.0108324 0.999771 -0.0184836 -0.606222 -0.0181413 0.0182851 0.999668 36.8519 
0.999785 0.0114038 0.0173096 -0.524297 -0.0111134 0.999798 -0.0167751 -0.647368 -0.0174974 0.0165792 0.999709 38.2911 
0.999772 0.0133545 0.0166702 -0.524026 -0.0130709 0.99977 -0.0170035 -0.665577 -0.0168935 0.0167818 0.999716 39.7619 
0.999736 0.0153936 0.0170797 -0.544866 -0.0150945 0.999733 -0.0175003 -0.695951 -0.0173445 0.0172379 0.999701 41.2307 
0.999675 0.0177262 0.018341 -0.583889 -0.0174228 0.999711 -0.0165704 -0.755794 -0.0186295 0.0162455 0.999695 42.6563 
0.999658 0.0182941 0.0186768 -0.595073 -0.0179814 0.999698 -0.016772 -0.794982 -0.0189781 0.0164305 0.999685 44.1129 
0.999663 0.0178502 0.0188469 -0.609447 -0.0175243 0.999696 -0.0173189 -0.835069 -0.0191503 0.0169828 0.999672 45.5805 
0.999669 0.0173076 0.0190468 -0.629163 -0.0169612 0.99969 -0.0182022 -0.875184 -0.019356 0.0178731 0.999653 47.0269 
0.999692 0.0167698 0.0182914 -0.62336 -0.0164421 0.999704 -0.0179205 -0.920578 -0.0185866 0.0176143 0.999672 48.475 
0.999702 0.0173488 0.017173 -0.610187 -0.0170362 0.99969 -0.0181854 -0.949987 -0.0174832 0.0178874 0.999687 49.9436 
0.999708 0.0170429 0.0171102 -0.622363 -0.0167304 0.999694 -0.0182404 -1.0015 -0.0174159 0.0179489 0.999687 51.3465 
0.999703 0.0175369 0.0169406 -0.641422 -0.017239 0.999697 -0.0175729 -1.04924 -0.0172437 0.0172757 0.999702 52.7483 
0.999719 0.0172949 0.0161887 -0.639903 -0.0170319 0.999723 -0.0162406 -1.09981 -0.0164651 0.0159604 0.999737 54.181 
0.99973 0.016973 0.0158527 -0.643976 -0.0167125 0.999726 -0.0164206 -1.12874 -0.016127 0.0161513 0.99974 55.6334 
0.999762 0.0158314 0.0150289 -0.631021 -0.0155798 0.999739 -0.0167129 -1.17141 -0.0152897 0.0164748 0.999747 57.0563 
0.999777 0.0149764 0.0148859 -0.65566 -0.0146915 0.99971 -0.0190655 -1.19123 -0.0151671 0.0188426 0.999707 58.4934 
0.999896 0.00901871 0.0112688 -0.601088 -0.0088388 0.999834 -0.015911 -1.24674 -0.0114104 0.0158098 0.99981 60.0555 
0.999912 0.00457106 0.0124171 -0.633744 -0.00440363 0.9999 -0.0134741 -1.2891 -0.0124775 0.0134183 0.999832 61.5061 
0.99989 0.00223188 0.0146756 -0.695863 -0.00201794 0.999892 -0.0145736 -1.27932 -0.0147065 0.0145425 0.999786 62.9865 
0.999898 -0.00274567 0.014015 -0.682228 0.00293249 0.999907 -0.0133237 -1.33647 -0.0139771 0.0133635 0.999813 64.477 
0.999867 -0.00598232 0.015165 -0.700049 0.00618948 0.999888 -0.0136476 -1.37371 -0.0150817 0.0137397 0.999792 65.8696 
0.999852 -0.007058 0.0157208 -0.696914 0.00726315 0.999889 -0.0130284 -1.4236 -0.0156272 0.0131406 0.999792 67.3515 
0.999855 -0.00630542 0.0158181 -0.704238 0.006522 0.999885 -0.0136755 -1.43606 -0.01573 0.0137767 0.999781 68.8971 
0.999863 -0.00533281 0.015691 -0.694907 0.00549269 0.999933 -0.0101617 -1.4939 -0.0156358 0.0102465 0.999825 70.3746 
0.999847 -0.00207248 0.0173927 -0.714133 0.0022354 0.999954 -0.00935027 -1.52642 -0.0173726 0.00938776 0.999805 71.7904 
0.999815 0.00224566 0.0191192 -0.7373 -0.00208795 0.999964 -0.00826256 -1.56986 -0.0191371 0.00822115 0.999783 73.1938 
0.999809 0.00480274 0.0189597 -0.733464 -0.00464286 0.999953 -0.00846511 -1.59467 -0.0189995 0.0083755 0.999784 74.6025 
0.999774 0.00824372 0.0195802 -0.747393 -0.00805653 0.999921 -0.00961809 -1.61309 -0.019658 0.00945821 0.999762 76.0817 
0.999766 0.00549931 0.0209228 -0.862859 -0.00528329 0.999932 -0.0103638 -1.57405 -0.0209784 0.0102509 0.999727 77.6178 
0.999763 0.00631725 0.0208359 -0.858725 -0.00610121 0.999927 -0.0104138 -1.61048 -0.0209002 0.0102842 0.999729 79.0643 
0.999691 0.00568266 0.0242206 -1.03764 -0.00534471 0.999888 -0.0139933 -1.54886 -0.0242974 0.0138596 0.999609 80.5952 
0.999712 0.00245819 0.0238593 -1.02883 -0.00211233 0.999893 -0.0145083 -1.57148 -0.0238924 0.0144538 0.99961 81.9687 
0.999752 0.000868162 0.02227 -1.00252 -0.000542868 0.999893 -0.0146068 -1.60039 -0.0222803 0.0145911 0.999645 83.4227 
0.99977 -0.000469558 0.0214663 -1.00732 0.000780686 0.999895 -0.0144857 -1.62308 -0.0214573 0.0144992 0.999665 84.872 
0.999805 -0.00247101 0.0195892 -0.992024 0.00277044 0.99988 -0.0152706 -1.62983 -0.0195491 0.015322 0.999692 86.3447 
0.999829 -0.00477794 0.0178579 -0.978163 0.0050364 0.999883 -0.014454 -1.66506 -0.0177868 0.0145415 0.999736 87.7944 
0.999853 -0.00753319 0.0153952 -0.971829 0.00775233 0.999869 -0.0142217 -1.68583 -0.0152861 0.014339 0.99978 89.2792 
0.999852 -0.0115105 0.0128224 -0.959436 0.0116742 0.99985 -0.0127652 -1.72242 -0.0126736 0.012913 0.999836 90.7386 
0.999831 -0.0144894 0.0113498 -0.969448 0.0146238 0.999823 -0.0118486 -1.76311 -0.0111761 0.0120126 0.999865 92.1339 
0.999777 -0.0185908 0.00997148 -0.968012 0.0186981 0.999767 -0.0107732 -1.79752 -0.00976892 0.0109573 0.999892 93.606 
0.999732 -0.0213337 0.00895707 -0.972549 0.0214338 0.999707 -0.0112274 -1.8157 -0.00871497 0.0114164 0.999897 95.0506 
0.999682 -0.0237697 0.00842622 -0.984491 0.0238685 0.999645 -0.0118243 -1.8395 -0.00814221 0.0120217 0.999895 96.5051 
0.999662 -0.0248293 0.00776807 -0.990872 0.0249193 0.999621 -0.0117023 -1.87731 -0.0074746 0.011892 0.999901 97.9039 
0.999579 -0.0281728 0.00694815 -1.0002 0.0282469 0.999543 -0.0108024 -1.92707 -0.00664068 0.0109941 0.999918 99.2923 
0.999611 -0.0266731 0.00819459 -1.04262 0.026773 0.999566 -0.012317 -1.95675 -0.00786254 0.0125317 0.999891 100.663 
0.999594 -0.0273758 0.00785692 -1.06 0.0274612 0.999563 -0.0109689 -2.00922 -0.00755324 0.0111803 0.999909 102.026 
0.999567 -0.0283247 0.00801353 -1.07609 0.0283962 0.999557 -0.00895211 -2.05098 -0.00775645 0.00917583 0.999928 103.387 
0.999549 -0.029066 0.007542 -1.08173 0.0291179 0.999553 -0.00685419 -2.08566 -0.00733944 0.00707075 0.999948 104.777 
0.99952 -0.0299988 0.00771169 -1.08494 0.0300631 0.999513 -0.00835508 -2.11239 -0.00745734 0.00858295 0.999935 106.176 
0.999495 -0.0304569 0.00902726 -1.11406 0.0305521 0.999477 -0.0105977 -2.1443 -0.0086998 0.0108682 0.999903 107.505 
0.999449 -0.0317072 0.00978877 -1.13892 0.0318204 0.999426 -0.0116284 -2.17883 -0.00941448 0.0119335 0.999885 108.844 
0.999336 -0.0348426 0.0106149 -1.14688 0.0349483 0.99934 -0.00993193 -2.21707 -0.0102619 0.0102964 0.999894 110.15 
0.999261 -0.036613 0.0117354 -1.15493 0.0367115 0.999292 -0.00828437 -2.24805 -0.0114238 0.00870911 0.999897 111.509 
0.999181 -0.0383652 0.012861 -1.15601 0.0384668 0.99923 -0.00774459 -2.28348 -0.012554 0.00823302 0.999887 112.868 
0.999076 -0.0408025 0.013506 -1.14831 0.0409094 0.999133 -0.00773382 -2.32565 -0.0131788 0.00827924 0.999879 114.239 
0.999166 -0.0378604 0.0153276 -1.16464 0.0380191 0.999225 -0.0101945 -2.3667 -0.0149298 0.0107688 0.999831 115.569 
0.999212 -0.0353461 0.0180623 -1.23027 0.0355926 0.999275 -0.0135088 -2.3774 -0.0175718 0.0141411 0.999746 116.973 
0.999245 -0.0338639 0.019035 -1.22951 0.034109 0.999337 -0.0127004 -2.42224 -0.0185924 0.0133401 0.999738 118.334 
0.999267 -0.0315699 0.0216539 -1.23966 0.0318136 0.999433 -0.0109976 -2.46812 -0.0212945 0.0116785 0.999705 119.662 
0.999267 -0.0311812 0.0222173 -1.21761 0.0313888 0.999466 -0.00905326 -2.50158 -0.0219232 0.00974404 0.999712 121.086 
0.999209 -0.03221 0.0233193 -1.20853 0.0324057 0.999442 -0.00806273 -2.54462 -0.0230466 0.00881208 0.999696 122.425 
0.999191 -0.0323317 0.0239102 -1.18931 0.032554 0.99943 -0.00896563 -2.5726 -0.0236067 0.0097368 0.999674 123.799 
0.999212 -0.029536 0.0265299 -1.19946 0.0298099 0.999506 -0.00998715 -2.60683 -0.0262219 0.0107702 0.999598 125.128 
0.999212 -0.0268098 0.0292799 -1.21115 0.0271533 0.999566 -0.0113942 -2.63053 -0.0289617 0.0121803 0.999506 126.451 
0.999177 -0.0241962 0.0325431 -1.22747 0.0246457 0.999605 -0.0134812 -2.66126 -0.0322041 0.0142722 0.999379 127.77 
0.999127 -0.022244 0.035352 -1.22258 0.0227621 0.999638 -0.0143197 -2.70794 -0.0350208 0.015112 0.999272 129.074 
0.999053 -0.0230826 0.0368721 -1.21407 0.0236268 0.999617 -0.0143916 -2.75376 -0.0365259 0.0152492 0.999216 130.448 
0.998972 -0.0239739 0.0384752 -1.2185 0.0245039 0.99961 -0.0133622 -2.78819 -0.0381399 0.0142912 0.99917 131.838 
0.998822 -0.025661 0.0411815 -1.21571 0.0261949 0.999579 -0.0124775 -2.82792 -0.0408441 0.0135416 0.999074 133.182 
0.99876 -0.027305 0.0416396 -1.19346 0.0278311 0.999539 -0.0121078 -2.85814 -0.0412898 0.0132517 0.999059 134.612 
0.998706 -0.0297046 0.0412719 -1.15386 0.0302206 0.999472 -0.0119341 -2.89244 -0.0408957 0.013166 0.999077 135.979 
0.99865 -0.0310433 0.0416526 -1.14347 0.0315598 0.999432 -0.0118 -2.92464 -0.0412627 0.0130987 0.999063 137.367 
0.998605 -0.0324034 0.0416819 -1.11586 0.0329447 0.999381 -0.0123648 -2.96659 -0.0412555 0.0137208 0.999054 138.753 
0.998556 -0.0336946 0.0418307 -1.10771 0.0342475 0.999334 -0.0125713 -3.00159 -0.0413793 0.0139858 0.999046 140.109 
0.998539 -0.0353772 0.040844 -1.07255 0.0358635 0.999294 -0.011236 -3.04757 -0.0404177 0.0126844 0.999102 141.506 
0.998474 -0.0367647 0.0412036 -1.06239 0.0372512 0.999244 -0.0111009 -3.08547 -0.0407644 0.0126189 0.999089 142.893 
0.99851 -0.0369186 0.0401887 -1.03753 0.0373822 0.999242 -0.0108455 -3.1259 -0.0397578 0.0123317 0.999133 144.271 
0.998536 -0.0369179 0.0395395 -1.01012 0.0374156 0.999229 -0.0119197 -3.16114 -0.0390689 0.0133817 0.999147 145.684 
0.998528 -0.0366849 0.0399422 -1.01451 0.0372335 0.999221 -0.0130755 -3.1964 -0.0394315 0.0145435 0.999116 147.043 
0.998448 -0.039639 0.0391315 -0.980324 0.0402378 0.999083 -0.0146316 -3.25505 -0.0385157 0.0161835 0.999127 148.398 
0.998216 -0.0449876 0.0392543 -0.967809 0.0456034 0.998848 -0.0149345 -3.30011 -0.0385372 0.016698 0.999118 149.763 
0.997945 -0.0522451 0.0370884 -0.927056 0.0527125 0.998541 -0.0117368 -3.34808 -0.0364212 0.0136678 0.999243 151.092 
0.997657 -0.058854 0.0348918 -0.88391 0.0592711 0.998181 -0.0110414 -3.37337 -0.0341786 0.0130836 0.99933 152.444 
0.997432 -0.0639862 0.032179 -0.820166 0.0644646 0.997821 -0.0140532 -3.40816 -0.0312097 0.0160916 0.999383 153.861 
0.997511 -0.0628477 0.0319647 -0.782899 0.0633971 0.997852 -0.016472 -3.4704 -0.0308609 0.0184575 0.999353 155.23 
0.997684 -0.0595603 0.0328377 -0.771707 0.0601987 0.998009 -0.0188067 -3.51985 -0.0316523 0.02074 0.999284 156.547 
0.997605 -0.0606083 0.0333311 -0.740748 0.0612068 0.997976 -0.0172386 -3.59632 -0.0322189 0.0192374 0.999296 157.916 
0.997405 -0.0638387 0.0332811 -0.697972 0.0643306 0.997832 -0.0139203 -3.6351 -0.0323203 0.0160252 0.999349 159.299 
0.997042 -0.0694415 0.0329304 -0.659205 0.0698149 0.997507 -0.0103268 -3.69377 -0.0321313 0.0125953 0.999404 160.655 
0.996659 -0.0745606 0.0333512 -0.645286 0.0748798 0.997157 -0.00842494 -3.73199 -0.0326282 0.0108942 0.999408 161.963 
0.996304 -0.0797137 0.0319901 -0.611396 0.0799501 0.99678 -0.0061776 -3.80355 -0.0313946 0.00871242 0.999469 163.279 
0.996294 -0.0794277 0.0330165 -0.593687 0.0796254 0.996814 -0.00471453 -3.8414 -0.0325369 0.00732606 0.999444 164.627 
0.996405 -0.0777006 0.033751 -0.552469 0.0778753 0.996956 -0.00388931 -3.89475 -0.0333461 0.00650374 0.999423 166.011 
0.99666 -0.0735587 0.0354643 -0.55877 0.0738066 0.997256 -0.00573098 -3.93421 -0.0349455 0.00832938 0.999355 167.33 
0.996953 -0.0694781 0.0354677 -0.495915 0.0697642 0.99754 -0.00689322 -3.96942 -0.0349015 0.00934663 0.999347 168.772 
0.997147 -0.0664259 0.0358525 -0.4602 0.0667003 0.997752 -0.00651109 -3.99367 -0.0353395 0.00888393 0.999336 170.175 
0.997333 -0.0635475 0.0358881 -0.433242 0.0638499 0.997933 -0.00734243 -4.03392 -0.0353473 0.00961434 0.999329 171.551 
0.997554 -0.0598767 0.0360638 -0.41729 0.0603093 0.998119 -0.0110278 -4.05364 -0.0353356 0.0131758 0.999289 172.91 
0.997753 -0.0565457 0.0359322 -0.430432 0.057075 0.998273 -0.013877 -4.08928 -0.0350855 0.0158967 0.999258 174.342 
0.997789 -0.0551132 0.0371392 -0.499915 0.0556419 0.998362 -0.0133545 -4.12143 -0.0363423 0.0153915 0.999221 175.758 
0.997934 -0.0509514 0.0391475 -0.583354 0.0515475 0.998567 -0.0143709 -4.08302 -0.0383592 0.0163592 0.99913 177.204 
0.99806 -0.0462489 0.0416827 -0.597474 0.0468586 0.998807 -0.0137687 -4.11816 -0.0409962 0.0156952 0.999036 178.515 
0.998189 -0.0456812 0.0391341 -0.491007 0.0461965 0.998856 -0.0123633 -4.14941 -0.0385246 0.0141488 0.999158 180.105 
0.998011 -0.0492958 0.0392926 -0.477845 0.0497764 0.998696 -0.0113455 -4.18922 -0.0386821 0.0132788 0.999163 181.577 
0.997901 -0.0511508 0.0397196 -0.466827 0.0516287 0.998605 -0.0110983 -4.2363 -0.0390965 0.0131257 0.999149 182.935 
0.998022 -0.0496483 0.0385517 -0.438209 0.05034 0.998584 -0.0171814 -4.25704 -0.0376441 0.0190882 0.999109 184.341 
0.998135 -0.0479102 0.03784 -0.416195 0.0487547 0.998575 -0.0217185 -4.30212 -0.0367456 0.0235229 0.999048 185.742 
0.998453 -0.0418803 0.0365724 -0.387194 0.0427309 0.998827 -0.0227939 -4.37144 -0.0355749 0.0243214 0.999071 187.221 
0.998589 -0.0384981 0.0365696 -0.363277 0.0393205 0.998984 -0.0220413 -4.4246 -0.0356839 0.0234482 0.999088 188.634 
0.998673 -0.0350998 0.037677 -0.356698 0.0358756 0.999154 -0.0201137 -4.45728 -0.0369392 0.0214388 0.999088 190.075 
0.998622 -0.0343751 0.0396601 -0.425699 0.035126 0.999214 -0.0183939 -4.51566 -0.0389967 0.0197617 0.999044 191.582 
0.998551 -0.0342815 0.041488 -0.429399 0.0350613 0.999219 -0.0182131 -4.55082 -0.0408313 0.0196413 0.998973 192.987 
0.998462 -0.0360764 0.0420924 -0.400501 0.0368746 0.999152 -0.0183416 -4.58556 -0.041395 0.0198655 0.998945 194.429 
0.998331 -0.0398729 0.0417855 -0.333834 0.0406672 0.999005 -0.0183332 -4.62011 -0.041013 0.0200019 0.998958 195.873 
0.99814 -0.0444334 0.0417436 -0.30082 0.0451927 0.998826 -0.0174237 -4.68433 -0.0409205 0.0192778 0.998976 197.346 
0.997896 -0.0488414 0.0426387 -0.26746 0.0495619 0.998643 -0.0160053 -4.73849 -0.0417991 0.0180849 0.998962 198.772 
0.997723 -0.0521172 0.0428046 -0.220003 0.0528188 0.998485 -0.0154269 -4.78019 -0.0419358 0.0176527 0.998964 200.25 
0.99755 -0.0545565 0.0437882 -0.183395 0.0552884 0.998347 -0.0156785 -4.8294 -0.0428605 0.0180611 0.998918 201.694 
0.997607 -0.0526467 0.0448087 -0.145332 0.0535833 0.998364 -0.0199634 -4.88012 -0.0436844 0.0223166 0.998796 203.133 
0.997937 -0.0452861 0.0455188 -0.107639 0.0464843 0.998591 -0.0256181 -4.92915 -0.0442946 0.0276812 0.998635 204.606 
0.998216 -0.0363086 0.0473921 -0.0884846 0.0375292 0.99898 -0.0251236 -4.99477 -0.0464316 0.0268574 0.99856 206.03 
0.998369 -0.0285103 0.0494652 -0.0824333 0.0295621 0.999349 -0.020663 -5.07 -0.0488439 0.0220916 0.998562 207.51 
0.99832 -0.0278859 0.0507871 -0.0545075 0.0288574 0.999412 -0.0184965 -5.11373 -0.0502415 0.019931 0.998538 209.008 
0.998277 -0.0297999 0.0505489 -0.00328297 0.0307517 0.999362 -0.0181546 -5.15988 -0.0499757 0.0196778 0.998557 210.488 
0.998231 -0.0334875 0.0491376 0.0531895 0.0343922 0.999252 -0.0176819 -5.21071 -0.0485088 0.0193406 0.998636 211.975 
0.998177 -0.0359994 0.0484513 0.0953646 0.0369075 0.999157 -0.0179793 -5.26303 -0.0477632 0.0197348 0.998664 213.446 
0.998235 -0.0361684 0.0471082 0.166052 0.0370719 0.999142 -0.0184486 -5.31274 -0.0464006 0.0201625 0.998719 214.929 
0.998314 -0.0344612 0.0467023 0.207344 0.0353847 0.999191 -0.0190924 -5.35231 -0.0460066 0.0207128 0.998726 216.423 
0.998375 -0.0330352 0.0464236 0.24887 0.0339012 0.999263 -0.0179916 -5.40691 -0.0457951 0.0195362 0.99876 217.926 
0.998363 -0.0340753 0.0459341 0.287927 0.0349316 0.999228 -0.0179688 -5.46713 -0.0452864 0.019544 0.998783 219.413 
0.998319 -0.0350326 0.0461827 0.317355 0.03594 0.999174 -0.0189662 -5.51455 -0.0454802 0.0205941 0.998753 220.871 
0.998283 -0.0360085 0.0462078 0.351597 0.0369195 0.999137 -0.0190154 -5.56965 -0.0454832 0.0206888 0.998751 222.343 
0.998317 -0.0353177 0.0459899 0.386623 0.0362208 0.999164 -0.0189541 -5.62101 -0.0452821 0.020588 0.998762 223.857 
0.99832 -0.0355987 0.0457068 0.430308 0.0364684 0.999167 -0.018336 -5.69133 -0.045016 0.0199721 0.998787 225.349 
0.998323 -0.0349637 0.0461396 0.441251 0.0358962 0.999165 -0.0195372 -5.72554 -0.045418 0.0211607 0.998744 226.865 
0.998344 -0.034106 0.0463333 0.458192 0.0350347 0.999198 -0.0193815 -5.7968 -0.0456351 0.0209728 0.998738 228.336 
0.998351 -0.0342553 0.046069 0.492035 0.0352224 0.999172 -0.0203461 -5.82995 -0.045334 0.0219352 0.998731 229.857 
0.998393 -0.0334736 0.0457349 0.534649 0.0344664 0.999183 -0.0210921 -5.87466 -0.0449916 0.0226345 0.998731 231.38 
0.998366 -0.0345667 0.0455042 0.573605 0.0355322 0.999157 -0.0205829 -5.94077 -0.0447544 0.0221662 0.998752 232.911 
0.998294 -0.0361065 0.0458757 0.603403 0.0371142 0.999084 -0.0213062 -5.98564 -0.0450645 0.0229726 0.99872 234.413 
0.9982 -0.0382472 0.0461869 0.641402 0.0392113 0.999028 -0.0201494 -6.05577 -0.0453714 0.0219243 0.99873 235.925 
0.998164 -0.0393079 0.0460858 0.703436 0.0402746 0.998984 -0.0202361 -6.09062 -0.0452435 0.0220551 0.998733 237.466 
0.997984 -0.0409342 0.0485038 0.614279 0.0420508 0.998868 -0.0222263 -6.05591 -0.0475391 0.0242211 0.998576 239.074 
0.998014 -0.039258 0.0492635 0.649736 0.0404426 0.998911 -0.0232836 -6.10757 -0.0482958 0.0252298 0.998514 240.59 
0.997994 -0.0386709 0.0501279 0.69611 0.0398943 0.998924 -0.023639 -6.1751 -0.0491599 0.0255915 0.998463 242.1 
0.997955 -0.0355299 0.0531284 0.684359 0.0367948 0.999058 -0.0230202 -6.2588 -0.0522605 0.024928 0.998322 243.611 
0.997885 -0.0340608 0.0553678 0.692656 0.035268 0.999158 -0.0209732 -6.33094 -0.0546069 0.0228816 0.998246 245.161 
0.997749 -0.0339038 0.0578582 0.68266 0.0351043 0.999186 -0.0198592 -6.41681 -0.0571379 0.0218456 0.998127 246.734 
0.997688 -0.0341003 0.0587796 0.730636 0.0354942 0.999109 -0.0228349 -6.44865 -0.0579486 0.0248685 0.99801 248.278 
0.997676 -0.0336158 0.0592726 0.803859 0.0351327 0.999076 -0.0247382 -6.49807 -0.0583863 0.0267632 0.997935 249.831 
0.997681 -0.0332891 0.0593659 0.854704 0.0347912 0.999096 -0.0244496 -6.54938 -0.0584983 0.0264584 0.997937 251.357 
0.997724 -0.0339268 0.0582708 0.929886 0.0354256 0.999063 -0.0248833 -6.57994 -0.057372 0.026891 0.997991 252.898 
0.997749 -0.0336785 0.0579918 0.989297 0.035195 0.999059 -0.0253295 -6.6289 -0.0570842 0.0273136 0.997996 254.438 
0.997753 -0.0339066 0.0577944 1.05207 0.0354326 0.999045 -0.0255861 -6.68689 -0.0568716 0.0275764 0.998001 255.992 
0.997737 -0.0326082 0.0588066 1.09168 0.0341621 0.999088 -0.0256138 -6.75127 -0.0579178 0.0275648 0.997941 257.536 
0.997833 -0.0323488 0.057305 1.18751 0.03384 0.999108 -0.0252436 -6.82993 -0.0564374 0.0271281 0.998038 259.126 
0.997893 -0.0315898 0.0566674 1.27384 0.0330728 0.99913 -0.025426 -6.89138 -0.0558149 0.0272467 0.998069 260.686 
0.99787 -0.033376 0.056057 1.34738 0.0348448 0.999069 -0.0254312 -6.95782 -0.055156 0.0273304 0.998104 262.234 
0.997814 -0.034674 0.0562659 1.40989 0.0361195 0.999038 -0.0248803 -7.01807 -0.0553491 0.0268583 0.998106 263.786 
0.997819 -0.0359496 0.0553696 1.50232 0.0374016 0.998977 -0.0254137 -7.0705 -0.0543994 0.0274292 0.998142 265.373 
0.997848 -0.0369963 0.054141 1.59385 0.0384856 0.998902 -0.026727 -7.12823 -0.0530928 0.0287532 0.998176 266.964 
0.997628 -0.0428113 0.0539102 1.61627 0.0443343 0.998642 -0.0273778 -7.1727 -0.0526649 0.029703 0.99817 268.604 
0.997572 -0.0423587 0.0552814 1.67883 0.0438374 0.998705 -0.0258142 -7.24886 -0.0541164 0.028175 0.998137 270.115 
0.997466 -0.0455905 0.054613 1.75952 0.0469465 0.998614 -0.0238075 -7.31552 -0.053452 0.0263111 0.998224 271.676 
0.997464 -0.0450485 0.0551102 1.80636 0.0465384 0.998577 -0.0260559 -7.35724 -0.0538581 0.0285546 0.99814 273.254 
0.997426 -0.046088 0.0549376 1.87777 0.047676 0.998472 -0.0279519 -7.40956 -0.0535654 0.0304992 0.998099 274.846 
0.997411 -0.0454683 0.0557165 1.93444 0.047135 0.998468 -0.0289724 -7.46087 -0.0543139 0.0315236 0.998026 276.386 
0.997511 -0.0406511 0.0576192 1.96983 0.0424349 0.998646 -0.0300789 -7.52532 -0.0563185 0.0324491 0.997885 277.91 
0.997645 -0.036442 0.0581018 2.05196 0.0382863 0.998787 -0.030952 -7.61655 -0.0569034 0.0331036 0.997831 279.479 
0.997625 -0.035896 0.058789 2.11915 0.0377613 0.998808 -0.0309292 -7.69543 -0.0576087 0.0330758 0.997791 281.024 
0.997624 -0.0338263 0.0600125 2.17938 0.0358257 0.998828 -0.0325578 -7.7641 -0.0588409 0.0346305 0.997667 282.559 
0.997662 -0.0325236 0.0601112 2.26649 0.0345461 0.998861 -0.0329177 -7.86373 -0.0589722 0.0349174 0.997649 284.12 
0.997577 -0.0329422 0.0612851 2.32098 0.0350576 0.998815 -0.0337681 -7.9392 -0.0601001 0.0358349 0.997549 285.728 
0.99756 -0.0330264 0.0615104 2.43199 0.0351218 0.998828 -0.0333011 -8.02788 -0.0603385 0.0353803 0.997551 287.25 
0.997516 -0.0322006 0.0626518 2.48994 0.0340187 0.999024 -0.0281721 -8.27243 -0.0616835 0.0302335 0.997638 288.773 
0.997516 -0.0328644 0.0623015 2.55681 0.0346086 0.999033 -0.0271258 -8.36551 -0.0613498 0.0292146 0.997689 290.342 
0.997483 -0.0334788 0.0625099 2.61436 0.0354087 0.998922 -0.0300242 -8.43051 -0.0614373 0.0321621 0.997593 291.945 
0.997452 -0.0339831 0.0627211 2.67613 0.036101 0.998805 -0.0329468 -8.494 -0.0615266 0.0351272 0.997487 293.505 
0.997487 -0.0322021 0.0631068 2.7351 0.0343624 0.99885 -0.03345 -8.57267 -0.0619571 0.0355345 0.997446 295.03 
0.997455 -0.0353253 0.0619313 2.81235 0.0373922 0.998771 -0.0325376 -8.65091 -0.0607059 0.0347706 0.99755 296.578 
0.997552 -0.0344859 0.0608274 2.87453 0.0365887 0.998759 -0.0338006 -8.72524 -0.0595862 0.0359435 0.997576 298.2 
0.997579 -0.0337385 0.0608069 2.92383 0.0359368 0.998726 -0.0354282 -8.78514 -0.0595342 0.0375277 0.997521 299.843 
0.997659 -0.0343776 0.0591104 2.99688 0.0364914 0.998719 -0.0350611 -8.86526 -0.0578294 0.0371361 0.997636 301.44 
0.997735 -0.035369 0.0572139 3.06738 0.0374063 0.998689 -0.0349379 -8.9458 -0.0559032 0.036999 0.99775 303.021 
0.997756 -0.0361022 0.0563926 3.12719 0.0380247 0.998719 -0.0333974 -9.02898 -0.0551146 0.0354668 0.99785 304.619 
0.997801 -0.0350685 0.0562435 3.16009 0.0369273 0.998794 -0.032358 -9.10396 -0.0550409 0.0343638 0.997893 306.232 
0.997838 -0.0344378 0.0559758 3.23313 0.0362336 0.99885 -0.0313885 -9.1992 -0.0548305 0.0333489 0.997939 307.759 
0.997804 -0.0333171 0.057253 3.28803 0.0352014 0.998861 -0.032223 -9.26635 -0.0561143 0.0341676 0.99784 309.369 
0.997698 -0.0345117 0.0583794 3.34047 0.0364385 0.998815 -0.0322687 -9.34182 -0.0571966 0.0343217 0.997773 310.987 
0.997648 -0.0361274 0.0582605 3.40823 0.0381335 0.998704 -0.0336949 -9.41505 -0.0569678 0.0358374 0.997733 312.586 
0.997599 -0.0379855 0.0579057 3.47569 0.040104 0.998551 -0.0358733 -9.49854 -0.0564592 0.0381095 0.997677 314.237 
0.997798 -0.0380157 0.0543494 3.67387 0.0400672 0.998506 -0.0371677 -9.5791 -0.0528552 0.0392635 0.99783 315.833 
0.997947 -0.0369745 0.0522907 3.74178 0.0390326 0.99848 -0.0389013 -9.65017 -0.0507729 0.0408626 0.997874 317.488 
0.998701 -0.0357566 0.0362921 4.26033 0.0372138 0.998494 -0.0403021 -9.70267 -0.0347965 0.0416004 0.998528 319.177 
0.998751 -0.0357467 0.0349104 4.30836 0.0370563 0.998605 -0.0376153 -9.78936 -0.0335171 0.038862 0.998682 320.829 
0.99867 -0.0374907 0.0353872 4.33805 0.0387295 0.998637 -0.0349924 -9.88037 -0.0340271 0.0363165 0.998761 322.471 
0.998634 -0.0379284 0.0359286 4.36579 0.0391629 0.998644 -0.0342999 -9.96335 -0.034579 0.0356602 0.998766 324.144 
0.9986 -0.0382521 0.0365461 4.39086 0.0395714 0.998565 -0.0360843 -10.0384 -0.0351134 0.03748 0.99868 325.808 
0.998543 -0.0393222 0.0369636 4.41235 0.040657 0.998522 -0.0360816 -10.1224 -0.0354902 0.0375319 0.998665 327.429 
0.998563 -0.0383793 0.0374111 4.46757 0.0397563 0.998532 -0.0367836 -10.1857 -0.0359445 0.0382181 0.998623 329.117 
0.998506 -0.0386786 0.0386008 4.50956 0.0401261 0.998492 -0.0374545 -10.2611 -0.0370939 0.0389475 0.998553 330.834 
0.998543 -0.0375997 0.0387054 4.58508 0.0391063 0.998476 -0.0389314 -10.3435 -0.0371827 0.0403883 0.998492 332.563 
0.998508 -0.0369403 0.0402099 4.6103 0.0385233 0.998483 -0.0393306 -10.4352 -0.0386961 0.040821 0.998417 334.165 
0.998397 -0.0377422 0.0421902 4.64557 0.0393461 0.998508 -0.0378555 -10.5254 -0.0406985 0.0394549 0.998392 335.824 
0.998404 -0.0377991 0.0419622 4.72317 0.0394189 0.998482 -0.0384681 -10.5833 -0.0404445 0.0400608 0.998378 337.535 
0.998376 -0.0390839 0.0414516 4.78095 0.0407222 0.998392 -0.0394412 -10.6867 -0.0398434 0.0410652 0.998362 339.203 
0.998441 -0.0376534 0.041205 4.8327 0.0393027 0.998427 -0.0399745 -10.7567 -0.039635 0.0415317 0.998351 340.916 
0.998564 -0.0352674 0.0403324 4.89323 0.037022 0.998362 -0.0436165 -10.809 -0.0387281 0.045047 0.998234 342.594 
0.99868 -0.0326916 0.0396259 4.93623 0.0345633 0.998273 -0.0475067 -10.899 -0.0380044 0.0488136 0.998085 344.254 
0.99877 -0.0305732 0.0390287 4.97377 0.0324324 0.998324 -0.0479254 -10.9962 -0.0374981 0.0491323 0.998088 345.873 
0.998816 -0.030292 0.0380595 5.00339 0.031992 0.99848 -0.0448804 -11.0883 -0.0366422 0.0460449 0.998267 347.507 
0.998901 -0.0278218 0.0377075 5.01711 0.0294534 0.998622 -0.0434272 -11.1627 -0.0364474 0.0444902 0.998345 349.164 
0.998936 -0.0267707 0.0375613 5.03571 0.0284402 0.998598 -0.0446384 -11.2699 -0.0363137 0.0456592 0.998297 350.765 
0.998976 -0.026614 0.0365898 5.06158 0.0283018 0.998522 -0.0464075 -11.3693 -0.0353007 0.0473956 0.998252 352.35 
0.999001 -0.0273251 0.0353651 5.08216 0.0289213 0.998549 -0.0454366 -11.4714 -0.0340722 0.0464141 0.998341 353.952 
0.998985 -0.0282203 0.0350983 5.09782 0.0298009 0.998526 -0.0453552 -11.5785 -0.0337667 0.0463552 0.998354 355.573 
0.998987 -0.0281695 0.0350995 5.12787 0.0297878 0.998476 -0.0464669 -11.6706 -0.0337371 0.0474654 0.998303 357.163 
0.998963 -0.0287344 0.0353096 5.15172 0.0304137 0.998385 -0.0479791 -11.7599 -0.0338739 0.0490033 0.998224 358.803 
0.998956 -0.028859 0.0354221 5.18151 0.0305528 0.998368 -0.0482429 -11.8682 -0.0339721 0.0492748 0.998207 360.451 
0.998927 -0.028572 0.0364621 5.19697 0.030338 0.998346 -0.0488329 -11.9737 -0.0350066 0.0498867 0.998141 362.048 
0.9989 -0.0287636 0.0370295 5.22323 0.0305842 0.998302 -0.0495756 -12.0802 -0.0355407 0.0506537 0.998084 363.69 
0.998841 -0.0294883 0.0380533 5.24304 0.0313852 0.998243 -0.0502512 -12.1915 -0.0365047 0.0513873 0.998011 365.299 
0.998811 -0.0307802 0.0377922 5.29934 0.0326499 0.998221 -0.0498924 -12.3005 -0.0361893 0.0510671 0.998039 366.959 
0.998826 -0.0295255 0.0383951 5.32916 0.0314969 0.998161 -0.0517949 -12.3927 -0.0367953 0.0529435 0.997919 368.607 
0.99876 -0.030595 0.0392784 5.34064 0.0326804 0.998028 -0.0535969 -12.495 -0.0375612 0.0548141 0.99779 370.2 
0.998703 -0.0321953 0.0394491 5.36244 0.0342187 0.998074 -0.0517353 -12.607 -0.0377075 0.0530181 0.997881 371.785 
0.998701 -0.0328938 0.0389034 5.41029 0.0348905 0.998047 -0.0518081 -12.7031 -0.0371233 0.0530982 0.997899 373.364 
0.998737 -0.032586 0.0382393 5.46174 0.0346524 0.997903 -0.0546789 -12.7885 -0.0363774 0.055935 0.997772 374.996 
0.998801 -0.0314663 0.0375027 5.51949 0.0335508 0.997849 -0.0563131 -12.8855 -0.0356501 0.0575038 0.997709 376.62 
0.998779 -0.0305427 0.0388413 5.53726 0.0326863 0.997906 -0.0558061 -13.0032 -0.0370556 0.0570076 0.997686 378.21 
0.998846 -0.0286675 0.0385398 5.57906 0.030815 0.997936 -0.0563343 -13.0892 -0.0368453 0.057457 0.997668 379.84 
0.998832 -0.0266727 0.0402852 5.5875 0.0289885 0.997893 -0.0580373 -13.1809 -0.0386524 0.0591374 0.997501 381.433 
0.99878 -0.0268063 0.0414778 5.60668 0.0292319 0.997829 -0.0590201 -13.3045 -0.0398056 0.0601606 0.997395 383.022 
0.998894 -0.0244815 0.0401313 5.67847 0.0269557 0.997692 -0.062318 -13.3791 -0.0385131 0.0633309 0.997249 384.661 
0.998901 -0.0189882 0.0428456 5.70089 0.0218152 0.997548 -0.0665061 -13.4426 -0.0414777 0.0673677 0.996866 386.217 
0.998821 -0.0158572 0.0458894 5.69923 0.0189339 0.997546 -0.0674069 -13.5626 -0.0447079 0.0681963 0.99667 387.782 
0.99886 -0.0135772 0.0457729 5.75789 0.016593 0.997671 -0.0661622 -13.7123 -0.044768 0.0668463 0.996758 389.406 
0.998876 -0.0111636 0.0460754 5.82123 0.0142766 0.997597 -0.0677963 -13.8391 -0.0452078 0.068378 0.996635 391.055 
0.998934 -0.0114579 0.0447103 5.89654 0.0145235 0.997521 -0.0688544 -13.9808 -0.0438105 0.0694304 0.996624 392.661 
0.998979 -0.0124082 0.0434513 5.95026 0.0153266 0.997602 -0.067488 -14.1287 -0.0425098 0.0680851 0.996774 394.265 
0.998948 -0.0121867 0.0442033 5.98752 0.0150984 0.997696 -0.0661461 -14.2861 -0.0432954 0.066744 0.99683 395.835 
0.9986 -0.00839211 0.0522229 5.9313 0.0117774 0.997825 -0.0648577 -14.4421 -0.0515651 0.065382 0.996527 397.261 
0.998614 -0.0105054 0.0515676 5.99377 0.0137759 0.997888 -0.0634802 -14.5993 -0.0507919 0.0641026 0.99665 398.841 
0.998672 -0.010713 0.0503962 6.06315 0.0138935 0.997905 -0.063187 -14.7268 -0.0496137 0.0638033 0.996729 400.474 
0.998688 -0.00810625 0.0505727 6.12226 0.01132 0.997912 -0.063587 -14.8526 -0.0499517 0.0640761 0.996694 402.165 
0.998645 -0.00918498 0.0512163 6.17361 0.0124584 0.997874 -0.0639653 -14.996 -0.05052 0.0645167 0.996637 403.807 
0.998621 -0.0086377 0.051788 6.22903 0.011962 0.997864 -0.0642282 -15.153 -0.0511226 0.0647591 0.996591 405.378 
0.998607 -0.00525314 0.0524958 6.28394 0.00868703 0.997821 -0.0653993 -15.2967 -0.052038 0.0657643 0.996477 406.978 
0.998543 -0.000654066 0.0539502 6.34813 0.00414871 0.997897 -0.0646881 -15.4497 -0.0537944 0.0648178 0.996446 408.45 
0.998496 -0.00156089 0.0548058 6.41307 0.00502057 0.997998 -0.0630446 -15.5883 -0.0545977 0.0632249 0.996505 410.059 
0.998423 -0.00192336 0.0560973 6.45357 0.00552894 0.997922 -0.0641888 -15.722 -0.0558573 0.0643978 0.99636 411.733 
0.99842 -0.0055156 0.0559188 6.52854 0.00905368 0.997959 -0.0632166 -15.8811 -0.0554561 0.063623 0.996432 413.315 
