1 2.12261e-08 -2.11895e-08 0 2.12261e-08 1 2.10703e-08 0 -2.11895e-08 2.10703e-08 1 0 
0.999997 -0.00187979 -0.00134924 -0.0266822 0.00187743 0.999997 -0.00177733 0.0103825 0.00135253 0.00177484 0.999998 0.591231 
0.999992 -0.00241802 -0.00317146 -0.0113303 0.00240793 0.999992 -0.00319571 -0.00904823 0.00317912 0.00318809 0.99999 1.16877 
0.999985 -0.00187875 -0.00522335 -0.0144799 0.0018534 0.999987 -0.00486117 -0.0268375 0.00523237 0.00485146 0.999975 1.70943 
0.99997 -0.00436879 -0.00639631 -0.0482349 0.00433063 0.999973 -0.00597413 -0.0536759 0.00642219 0.00594629 0.999962 2.25931 
0.999953 -0.00601843 -0.00761779 -0.0655239 0.00595597 0.999949 -0.00820098 -0.0677652 0.00766671 0.00815527 0.999937 2.81624 
0.999931 -0.0072908 -0.0091732 -0.0765275 0.00720331 0.999929 -0.00953915 -0.063762 0.00924205 0.00947246 0.999912 3.40113 
0.999926 -0.00710329 -0.00984183 -0.105851 0.00701711 0.999937 -0.0087678 -0.0855941 0.00990345 0.00869814 0.999913 3.98331 
0.999908 -0.00798723 -0.0109266 -0.124031 0.0078902 0.999929 -0.00889875 -0.103889 0.0109969 0.00881176 0.999901 4.57976 
0.9999 -0.00715901 -0.0122282 -0.133599 0.00701718 0.999908 -0.0116052 -0.120685 0.0123101 0.0115183 0.999858 5.17319 
0.999898 -0.00557727 -0.0131603 -0.165668 0.00536521 0.999856 -0.0160976 -0.122262 0.0132482 0.0160254 0.999784 5.79007 
0.999893 -0.00421243 -0.0140259 -0.196925 0.00393818 0.999802 -0.0195264 -0.143626 0.0141053 0.0194691 0.999711 6.41093 
0.999893 -0.00191738 -0.0144995 -0.236446 0.00162392 0.999794 -0.0202272 -0.146211 0.0145352 0.0202015 0.99969 7.0452 
0.999879 0.000111507 -0.0155872 -0.26931 -0.000316839 0.999913 -0.0131739 -0.161204 0.0155844 0.0131773 0.999792 7.70199 
0.999865 0.00107977 -0.0164037 -0.286425 -0.00113673 0.999993 -0.003466 -0.162735 0.0163998 0.00348422 0.999859 8.37545 
0.999853 0.00230582 -0.0169637 -0.321327 -0.0022539 0.999993 0.00307623 -0.18319 0.0169706 -0.0030375 0.999851 9.05385 
0.99983 0.00411246 -0.0179881 -0.34967 -0.00407606 0.99999 0.00205754 -0.196938 0.0179964 -0.00198383 0.999836 9.73212 
0.999819 0.00666212 -0.0178347 -0.401907 -0.00675362 0.999964 -0.00507759 -0.211639 0.0178002 0.00519716 0.999828 10.4298 
0.999835 0.00708048 -0.0167373 -0.458131 -0.0072568 0.999919 -0.0105 -0.228802 0.0166616 0.0106198 0.999805 11.1183 
0.999831 0.0045643 -0.0177959 -0.482398 -0.00472565 0.999948 -0.00903757 -0.230205 0.0177537 0.00912018 0.999801 11.8553 
0.999834 0.00294078 -0.017997 -0.510891 -0.0029292 0.999996 0.000667713 -0.242522 0.0179988 -0.000614843 0.999838 12.6114 
0.999827 0.00250982 -0.0184149 -0.54323 -0.00236796 0.999967 0.00771877 -0.243434 0.0184336 -0.00767379 0.999801 13.3995 
0.99982 0.00187306 -0.0188611 -0.576066 -0.00168593 0.999949 0.00993049 -0.249055 0.0188787 -0.00989686 0.999773 14.1868 
0.999835 8.57924e-05 -0.0181547 -0.607897 6.84155e-05 0.999964 0.00849103 -0.243545 0.0181547 -0.00849083 0.999799 14.9918 
0.999843 -0.000646788 -0.0177358 -0.636039 0.000748822 0.999983 0.00574458 -0.243332 0.0177317 -0.00575691 0.999826 15.826 
0.999848 0.00160926 -0.0173606 -0.662279 -0.00157505 0.999997 0.00198116 -0.242222 0.0173637 -0.00195347 0.999847 16.6726 
0.999857 -0.00172898 -0.0168204 -0.682801 0.00167054 0.999993 -0.00349066 -0.251957 0.0168262 0.0034621 0.999852 17.536 
0.999863 -0.00428768 -0.0160178 -0.709095 0.00412893 0.999942 -0.00993298 -0.268157 0.0160594 0.00986552 0.999822 18.4039 
0.999875 -0.0033413 -0.0154515 -0.727241 0.00310684 0.99988 -0.0151759 -0.283051 0.0155003 0.0151261 0.999765 19.3019 
0.999893 -0.00148764 -0.0145763 -0.766223 0.00125683 0.999874 -0.0158338 -0.313386 0.014598 0.0158139 0.999768 20.2111 
0.999886 -0.00145864 -0.0150329 -0.794543 0.00123062 0.999884 -0.015169 -0.338895 0.0150533 0.0151488 0.999772 21.1413 
0.999873 -0.000427976 -0.0159379 -0.812772 0.000165609 0.999865 -0.0164621 -0.367694 0.0159427 0.0164574 0.999737 22.0663 
0.999851 0.00314332 -0.0169624 -0.813289 -0.00346742 0.999811 -0.0191137 -0.387605 0.0168991 0.0191697 0.999673 22.9903 
0.999816 0.00640283 -0.0180692 -0.83368 -0.00677587 0.999764 -0.0206625 -0.403744 0.0179326 0.0207811 0.999623 23.9544 
0.999818 0.00770263 -0.0174648 -0.884304 -0.00805466 0.999764 -0.020179 -0.44325 0.0173052 0.020316 0.999644 24.9343 
0.999798 0.00854317 -0.0181929 -0.910679 -0.00891784 0.999748 -0.0206164 -0.47141 0.0180121 0.0207745 0.999622 25.9301 
0.999777 0.00919827 -0.0190187 -0.933346 -0.00960571 0.999724 -0.0214461 -0.498664 0.0188162 0.0216241 0.999589 26.9296 
0.999767 0.0101622 -0.0190519 -0.981636 -0.0105494 0.999738 -0.0203347 -0.533569 0.0188403 0.0205309 0.999612 27.9548 
0.999757 0.0103422 -0.0194504 -1.02481 -0.0107063 0.999768 -0.0187104 -0.563579 0.0192524 0.0189142 0.999636 28.9616 
0.999746 0.0109799 -0.0196908 -1.06676 -0.011333 0.999775 -0.0179126 -0.591269 0.0194897 0.0181313 0.999646 29.9865 
0.99973 0.0107621 -0.0205867 -1.09953 -0.0111541 0.999757 -0.0190215 -0.622844 0.0203769 0.019246 0.999607 31.0204 
0.999718 0.0111263 -0.0209922 -1.13477 -0.011536 0.999743 -0.0195017 -0.661027 0.0207698 0.0197384 0.999589 32.0481 
0.999724 0.0105765 -0.0209894 -1.18614 -0.0109796 0.999756 -0.0191847 -0.687622 0.0207813 0.0194099 0.999596 33.0898 
0.999729 0.0102404 -0.0209148 -1.23854 -0.0106092 0.999789 -0.0176023 -0.701268 0.0207301 0.0178195 0.999626 34.1491 
0.999716 0.0118632 -0.0206479 -1.29476 -0.0121831 0.999807 -0.0154417 -0.719484 0.0204606 0.0156889 0.999668 35.2002 
0.999699 0.0140891 -0.0200833 -1.35151 -0.0143708 0.999799 -0.0139539 -0.743005 0.0198826 0.0142384 0.999701 36.2597 
0.999673 0.0150633 -0.0206687 -1.39238 -0.0153482 0.999788 -0.0136986 -0.77758 0.0204579 0.0140113 0.999693 37.3299 
0.99965 0.0155183 -0.0214199 -1.42543 -0.0158628 0.999746 -0.0160082 -0.795648 0.021166 0.0163425 0.999642 38.3997 
0.9996 0.0163237 -0.0231027 -1.46363 -0.0167171 0.999717 -0.0169401 -0.83087 0.0228196 0.0173196 0.99959 39.499 
0.999596 0.0168205 -0.0228975 -1.5214 -0.0171896 0.999724 -0.0160199 -0.863562 0.0226217 0.0164071 0.999609 40.5845 
0.999543 0.0179415 -0.024349 -1.55628 -0.0183359 0.999703 -0.0160767 -0.860279 0.0240532 0.0165159 0.999574 41.6962 
0.999539 0.0180371 -0.0244368 -1.61132 -0.0183721 0.999739 -0.0135561 -0.89692 0.0241859 0.0139988 0.99961 42.7731 
0.999491 0.0200783 -0.0247813 -1.65736 -0.0204435 0.999685 -0.0145734 -0.924244 0.0244808 0.0150726 0.999587 43.8472 
0.99946 0.0209643 -0.0252877 -1.7019 -0.0214344 0.9996 -0.0184681 -0.966022 0.0248903 0.0190002 0.99951 44.9365 
0.99944 0.0223482 -0.0249162 -1.75785 -0.0228986 0.999495 -0.0220278 -1.01467 0.0244113 0.0225861 0.999447 46.017 
0.999464 0.0225859 -0.0237029 -1.82579 -0.0231299 0.999469 -0.0229362 -1.04623 0.0231722 0.0234722 0.999456 47.0935 
0.999427 0.0240709 -0.0238006 -1.86637 -0.0245616 0.999487 -0.0205476 -1.09135 0.0232937 0.0211205 0.999506 48.1903 
0.999436 0.0246449 -0.022796 -1.91993 -0.0250639 0.999519 -0.0182851 -1.1309 0.0223343 0.0188462 0.999573 49.2673 
0.999464 0.0235409 -0.022734 -1.96145 -0.0239301 0.999569 -0.0170038 -1.17416 0.0223239 0.0175387 0.999597 50.3631 
0.999476 0.0240325 -0.021702 -2.02651 -0.0244254 0.999539 -0.0180245 -1.21732 0.0212588 0.0185452 0.999602 51.479 
0.999492 0.023775 -0.0212064 -2.09731 -0.0242134 0.999493 -0.0206667 -1.24709 0.0207043 0.0211697 0.999562 52.6191 
0.99952 0.0234362 -0.0202854 -2.14066 -0.0239129 0.999436 -0.0235862 -1.27413 0.0197211 0.02406 0.999516 53.6987 
0.999561 0.0222719 -0.0195477 -2.18555 -0.0227908 0.999383 -0.0267388 -1.31211 0.01894 0.0271726 0.999451 54.7696 
0.999594 0.0208731 -0.0194088 -2.23092 -0.0214671 0.999291 -0.0309196 -1.35046 0.0187496 0.0313237 0.999333 55.849 
0.999636 0.0187831 -0.019373 -2.26765 -0.0194055 0.999285 -0.0324591 -1.40121 0.0187495 0.0328233 0.999285 56.9338 
0.999679 0.0172682 -0.0185609 -2.31425 -0.0178339 0.999368 -0.0307587 -1.44512 0.0180179 0.0310799 0.999355 58.018 
0.999696 0.0166557 -0.018187 -2.35474 -0.0171145 0.999532 -0.0253687 -1.48948 0.0177559 0.0256723 0.999513 59.1101 
0.999721 0.0151426 -0.0181474 -2.38505 -0.0154941 0.999692 -0.0193942 -1.533 0.0178481 0.01967 0.999647 60.2042 
0.999751 0.0129766 -0.0181476 -2.42956 -0.0133227 0.999729 -0.0190857 -1.56378 0.017895 0.0193228 0.999653 61.3033 
0.999785 0.00965463 -0.0183496 -2.45523 -0.0100593 0.999705 -0.0220926 -1.60185 0.0181309 0.0222724 0.999588 62.4042 
0.999805 0.00794411 -0.0181048 -2.49503 -0.00840614 0.999637 -0.0255908 -1.63348 0.0178949 0.025738 0.999509 63.479 
0.99978 0.0101708 -0.0183413 -2.53379 -0.0107183 0.999492 -0.0300044 -1.68321 0.0180268 0.0301944 0.999382 64.5734 
0.999787 0.0108894 -0.0175359 -2.58199 -0.0114969 0.999324 -0.0349226 -1.72819 0.0171437 0.0351168 0.999236 65.6506 
0.999761 0.0138004 -0.0169634 -2.62485 -0.01439 0.999279 -0.035147 -1.78905 0.0164661 0.0353827 0.999238 66.7478 
0.999727 0.0173909 -0.0156111 -2.67652 -0.0178821 0.999331 -0.031902 -1.8369 0.0150458 0.0321724 0.999369 67.8478 
0.999715 0.0185368 -0.0150697 -2.72413 -0.0189765 0.999382 -0.0295757 -1.89752 0.0145121 0.0298533 0.999449 68.9449 
0.999724 0.0183902 -0.0146557 -2.77302 -0.0188139 0.999393 -0.0293208 -1.94441 0.0141076 0.0295885 0.999463 70.0624 
0.999755 0.0167954 -0.0144541 -2.80574 -0.0172054 0.999439 -0.0287298 -1.99023 0.0139634 0.0289715 0.999483 71.1605 
0.999779 0.0151973 -0.0145391 -2.85299 -0.0155926 0.999501 -0.0274778 -2.03488 0.0141142 0.0276985 0.999517 72.2839 
0.999803 0.0133016 -0.0147137 -2.89265 -0.0136692 0.99959 -0.0251725 -2.08543 0.0143727 0.0253688 0.999575 73.4014 
0.999795 0.0119605 -0.0163478 -2.90635 -0.0123511 0.999635 -0.0240131 -2.11615 0.0160546 0.0242101 0.999578 74.5044 
0.999795 0.0108476 -0.0170789 -2.95048 -0.0112709 0.999627 -0.024893 -2.16814 0.0168024 0.0250804 0.999544 75.5982 
0.999782 0.0105576 -0.0179931 -3.00009 -0.0110818 0.99951 -0.0292904 -2.21041 0.017675 0.0294835 0.999409 76.7047 
0.999751 0.0107037 -0.0195678 -3.02425 -0.0113178 0.999438 -0.0315488 -2.26306 0.0192191 0.0317625 0.999311 77.7978 
0.999722 0.0118274 -0.0203974 -3.07823 -0.0124398 0.999468 -0.0301629 -2.31074 0.0200297 0.0304083 0.999337 78.9004 
0.999703 0.0127538 -0.0207527 -3.13635 -0.0132926 0.999573 -0.0260412 -2.3544 0.0204117 0.0263094 0.999445 80.0105 
0.999664 0.0135895 -0.0220866 -3.16203 -0.0140712 0.999663 -0.0218072 -2.39862 0.0217827 0.0221107 0.999518 81.1153 
0.999642 0.0147267 -0.0223473 -3.21599 -0.0152036 0.999657 -0.0213256 -2.44404 0.0220255 0.0216578 0.999523 82.1877 
0.99962 0.0150877 -0.0230823 -3.25679 -0.0156358 0.999596 -0.0237545 -2.47935 0.0227146 0.0241065 0.999451 83.259 
0.99958 0.0153712 -0.0245487 -3.2763 -0.0159726 0.999572 -0.0244935 -2.52756 0.0241617 0.0248754 0.999399 84.3297 
0.999575 0.0151253 -0.0249357 -3.3289 -0.0157491 0.999563 -0.0250175 -2.57041 0.0245464 0.0253996 0.999376 85.3856 
0.999679 0.0139084 -0.0212008 -3.48243 -0.0144413 0.999578 -0.025193 -2.60248 0.0208414 0.0254911 0.999458 86.3587 
0.999695 0.0125529 -0.0212553 -3.5301 -0.0130672 0.999621 -0.0242364 -2.6403 0.020943 0.0245068 0.99948 87.4024 
0.999712 0.0121849 -0.0206612 -3.597 -0.012637 0.99968 -0.021895 -2.68031 0.0203877 0.0221498 0.999547 88.4109 
0.999701 0.0109038 -0.0218812 -3.63745 -0.0113777 0.999701 -0.0216515 -2.71606 0.0216385 0.021894 0.999526 89.4089 
0.999654 0.0100059 -0.0243166 -3.67108 -0.0105308 0.999712 -0.0215599 -2.7582 0.0240938 0.0218086 0.999472 90.3926 
0.999579 0.00979408 -0.0273231 -3.71587 -0.0104275 0.999678 -0.0231383 -2.79374 0.0270876 0.0234135 0.999359 91.337 
0.999467 0.00987478 -0.0311177 -3.75164 -0.0106301 0.999651 -0.0242028 -2.83796 0.0308678 0.0245207 0.999223 92.2654 
0.999359 0.00977441 -0.0344356 -3.79176 -0.0106086 0.999653 -0.0241272 -2.8786 0.0341878 0.0244771 0.999116 93.1619 
0.999234 0.0109326 -0.0375669 -3.83853 -0.0118088 0.999662 -0.0231823 -2.9178 0.0373007 0.0236082 0.999025 94.03 
0.99908 0.011861 -0.0412026 -3.88158 -0.0127746 0.999677 -0.0219839 -2.96253 0.0409285 0.0224901 0.998909 94.8802 
0.998926 0.0131144 -0.0444417 -3.92837 -0.0140526 0.999684 -0.0208659 -2.99617 0.0441539 0.0214681 0.998794 95.7051 
0.998777 0.0148235 -0.0471765 -3.98422 -0.0157806 0.999676 -0.0199817 -3.03166 0.046865 0.0207017 0.998687 96.4964 
0.998651 0.0169517 -0.0490798 -4.04936 -0.0179523 0.999638 -0.0200199 -3.06244 0.0487226 0.0208741 0.998594 97.2663 
0.998478 0.0189429 -0.0517894 -4.10802 -0.020082 0.999566 -0.0215641 -3.09415 0.0513584 0.0225713 0.998425 98 
0.998342 0.0196647 -0.0541068 -4.16652 -0.0210781 0.999448 -0.0256769 -3.12129 0.0535719 0.0267748 0.998205 98.7049 
0.998139 0.0221731 -0.0568047 -4.21991 -0.0239047 0.999264 -0.029989 -3.14269 0.056098 0.0312912 0.997935 99.38 
0.997974 0.0242321 -0.0588228 -4.27845 -0.026194 0.999118 -0.0328142 -3.17547 0.0579758 0.0342886 0.997729 100.036 
0.997855 0.0261664 -0.0600091 -4.32424 -0.0282794 0.999 -0.0346385 -3.19644 0.0590427 0.0362612 0.997597 100.658 
0.997824 0.0283699 -0.0595191 -4.36495 -0.0304637 0.998938 -0.0345715 -3.22698 0.058475 0.0363095 0.997628 101.255 
0.997859 0.0325138 -0.0567515 -4.40856 -0.0344336 0.998856 -0.0331859 -3.25791 0.0556075 0.035069 0.997837 101.83 
0.998075 0.0352908 -0.0509938 -4.44778 -0.0369498 0.998806 -0.0319666 -3.28719 0.0498047 0.0337894 0.998187 102.367 
0.998349 0.0364419 -0.0444013 -4.4567 -0.0378204 0.998816 -0.030614 -3.30981 0.0432331 0.0322427 0.998545 102.898 
0.998742 0.0366289 -0.0342545 -4.4819 -0.0376204 0.998878 -0.0287662 -3.3283 0.0331624 0.0300187 0.998999 103.403 
0.999082 0.0362077 -0.0228775 -4.48186 -0.0368516 0.998918 -0.0283845 -3.34507 0.021825 0.0292016 0.999335 103.892 
0.999357 0.0351512 -0.00705964 -4.54256 -0.0353404 0.998961 -0.0287658 -3.36477 0.00604112 0.0289968 0.999561 104.319 
0.999343 0.0354293 0.00761801 -4.51968 -0.0351839 0.998923 -0.0302407 -3.38612 -0.00868126 0.0299528 0.999514 104.77 
0.999093 0.0338701 0.0258218 -4.50715 -0.0330041 0.998902 -0.033256 -3.41672 -0.0269199 0.0323737 0.999113 105.19 
0.998328 0.033325 0.0472282 -4.48206 -0.0315513 0.998787 -0.037815 -3.44405 -0.0484312 0.0362617 0.998168 105.593 
0.996903 0.0313433 0.0721236 -4.44736 -0.0282818 0.998671 -0.0430836 -3.46528 -0.0733782 0.0409105 0.996465 105.996 
0.99464 0.0292414 0.0991759 -4.38887 -0.0247644 0.998631 -0.0460761 -3.48749 -0.100387 0.0433732 0.994003 106.392 
0.991293 0.0266873 0.128945 -4.31323 -0.0206874 0.99865 -0.0476484 -3.50964 -0.130043 0.044566 0.990506 106.769 
0.986496 0.0243702 0.161963 -4.23997 -0.0164979 0.998624 -0.0497736 -3.53598 -0.162953 0.0464295 0.985541 107.141 
0.98005 0.022475 0.197477 -4.132 -0.0124964 0.998588 -0.0516317 -3.55906 -0.198359 0.048134 0.978947 107.508 
0.97165 0.0194072 0.235626 -4.01339 -0.00724168 0.998601 -0.0523867 -3.5806 -0.236313 0.0491952 0.970431 107.859 
0.96109 0.0178533 0.275658 -3.88742 -0.0032086 0.998563 -0.0534859 -3.60385 -0.276217 0.0505204 0.959767 108.192 
0.948073 0.0194977 0.317455 -3.7501 -0.00215038 0.998489 -0.0549037 -3.62598 -0.318046 0.0513701 0.946683 108.525 
0.932124 0.0234672 0.361378 -3.59144 -0.00331404 0.998409 -0.0562865 -3.63774 -0.362125 0.0512684 0.930719 108.846 
0.913577 0.022717 0.406032 -3.43394 -0.000501787 0.998501 -0.0547358 -3.6692 -0.406667 0.0498017 0.912218 109.143 
0.892298 0.0221524 0.450904 -3.26361 0.00227495 0.998562 -0.05356 -3.69311 -0.451442 0.0488173 0.890964 109.435 
0.86816 0.020651 0.495855 -3.08221 0.00688072 0.998537 -0.0536331 -3.72119 -0.496238 0.0499739 0.866747 109.71 
0.841964 0.0210661 0.539122 -2.88079 0.0104334 0.998415 -0.0553069 -3.74821 -0.539433 0.0521913 0.84041 109.965 
0.813161 0.023549 0.581563 -2.67114 0.0126513 0.99823 -0.0581102 -3.77473 -0.581902 0.0546105 0.811423 110.219 
0.78109 0.0282435 0.623779 -2.44716 0.0131066 0.998015 -0.0616 -3.80658 -0.624281 0.0562907 0.779169 110.47 
0.745425 0.0343426 0.665704 -2.21397 0.0117615 0.997839 -0.064647 -3.8314 -0.666485 0.0560192 0.743411 110.718 
0.706622 0.0392038 0.706505 -1.95099 0.0117685 0.997675 -0.0671312 -3.8502 -0.707494 0.0557509 0.704517 110.957 
0.665692 0.0394509 0.745183 -1.6749 0.0155894 0.997648 -0.0667431 -3.87745 -0.746064 0.0560474 0.663512 111.173 
0.622894 0.0371344 0.781424 -1.36813 0.02174 0.997665 -0.06474 -3.89932 -0.782004 0.0573143 0.620633 111.385 
0.57731 0.0354302 0.815756 -1.05139 0.0240212 0.997889 -0.0603404 -3.92737 -0.816172 0.0544305 0.57524 111.576 
0.529242 0.0339001 0.847794 -0.722227 0.0266639 0.998044 -0.0565531 -3.94933 -0.848052 0.0525358 0.527302 111.75 
0.479856 0.031512 0.876781 -0.371934 0.030953 0.998125 -0.0528135 -3.96301 -0.876801 0.0524819 0.477981 111.918 
0.427514 0.0276599 0.903585 -0.0282279 0.0350658 0.998272 -0.047149 -3.98644 -0.903328 0.0518418 0.425806 112.059 
0.375702 0.0277718 0.926324 0.31458 0.0342608 0.998451 -0.0438297 -4.01079 -0.926107 0.0482035 0.374169 112.156 
0.323908 0.0326021 0.945527 0.69054 0.0322313 0.998446 -0.0454682 -4.0323 -0.945539 0.0452031 0.322354 112.262 
0.27274 0.038819 0.961304 1.0796 0.0329652 0.998222 -0.0496625 -4.0359 -0.961523 0.0452346 0.270975 112.349 
0.225116 0.0411201 0.973464 1.48552 0.0356739 0.998091 -0.05041 -4.0528 -0.973679 0.0460753 0.223219 112.426 
0.184166 0.0407081 0.982052 1.9017 0.0442423 0.997786 -0.0496571 -4.07221 -0.981899 0.0525934 0.181957 112.466 
0.148944 0.0413626 0.98798 2.33087 0.0527446 0.99737 -0.0497073 -4.08155 -0.987438 0.0595142 0.146371 112.499 
0.119052 0.0424901 0.991978 2.79168 0.0584293 0.997053 -0.0497198 -4.10149 -0.991167 0.0638799 0.116219 112.525 
0.090516 0.0411114 0.995046 3.25485 0.0571477 0.997287 -0.0464024 -4.12513 -0.994254 0.0610648 0.087921 112.561 
0.0653094 0.0378153 0.997148 3.74329 0.051934 0.997799 -0.0412414 -4.14089 -0.996513 0.0544794 0.0632017 112.586 
0.040978 0.0339711 0.998582 4.25567 0.0486456 0.998169 -0.0359532 -4.15691 -0.997975 0.05005 0.0392505 112.617 
0.0187936 0.0316653 0.999322 4.77835 0.0532383 0.998049 -0.0326261 -4.17953 -0.998405 0.0538153 0.0170711 112.608 
-0.000658198 0.0325387 0.99947 5.34746 0.0621535 0.997539 -0.0324349 -4.20036 -0.998066 0.0620993 -0.00267897 112.596 
-0.0177402 0.0355376 0.999211 5.92216 0.0692845 0.99701 -0.0342292 -4.21142 -0.997439 0.0686226 -0.0201493 112.588 
-0.0318122 0.0413144 0.99864 6.50416 0.0707208 0.996734 -0.0389827 -4.22642 -0.996989 0.0693844 -0.0346301 112.572 
-0.0431893 0.0465614 0.997981 7.11449 0.0681908 0.996721 -0.0435515 -4.24155 -0.996737 0.0661722 -0.0462227 112.565 
-0.0493503 0.0468875 0.99768 7.74766 0.0709033 0.996542 -0.0433267 -4.26071 -0.996262 0.0686007 -0.0525041 112.539 
-0.0521973 0.0440519 0.997665 8.40509 0.0771954 0.996215 -0.0399491 -4.28677 -0.995649 0.0749299 -0.0554004 112.511 
-0.0510798 0.042746 0.997779 9.0598 0.0790412 0.996123 -0.0386286 -4.32042 -0.995562 0.0768926 -0.0542605 112.469 
-0.0490195 0.0425301 0.997892 9.7483 0.0777469 0.996224 -0.0386398 -4.34925 -0.995767 0.0756889 -0.052141 112.45 
-0.0481503 0.0431338 0.997908 10.4501 0.0737521 0.996494 -0.039514 -4.38408 -0.996114 0.0716952 -0.0511627 112.444 
-0.0469904 0.0444826 0.997904 11.1654 0.0725558 0.996521 -0.0410043 -4.41442 -0.996257 0.070477 -0.0500544 112.424 
-0.0463689 0.0461732 0.997857 11.8893 0.0721712 0.996475 -0.0427556 -4.44115 -0.996314 0.070034 -0.0495378 112.406 
-0.0453775 0.045421 0.997937 12.6341 0.0719614 0.996519 -0.0420843 -4.48482 -0.996375 0.0699033 -0.0484881 112.384 
-0.0442425 0.0440932 0.998047 13.3836 0.071249 0.996621 -0.0408718 -4.52487 -0.996477 0.0693016 -0.0472346 112.353 
-0.0439223 0.0429813 0.99811 14.1679 0.072277 0.996593 -0.0397354 -4.56128 -0.996417 0.0703952 -0.0468792 112.332 
-0.0450328 0.0413957 0.998128 14.9716 0.0727531 0.996624 -0.0380508 -4.59239 -0.996333 0.0709034 -0.0478925 112.321 
-0.0465757 0.0402482 0.998104 15.7609 0.0699508 0.996867 -0.0369341 -4.62645 -0.996463 0.0680979 -0.0492451 112.311 
-0.0485173 0.0395382 0.99804 16.5594 0.0685263 0.996994 -0.0361655 -4.66073 -0.996469 0.0666373 -0.0510808 112.298 
-0.0500316 0.0368604 0.998067 17.372 0.0708378 0.996933 -0.0332675 -4.70408 -0.996232 0.0690365 -0.0524893 112.272 
-0.0510445 0.0357517 0.998056 18.2028 0.0720512 0.996887 -0.0320248 -4.73266 -0.996094 0.0702765 -0.0534616 112.237 
-0.0532902 0.0349485 0.997967 19.042 0.0688744 0.997136 -0.0312415 -4.77295 -0.996201 0.0670695 -0.0555446 112.218 
-0.0544208 0.0398619 0.997722 19.8625 0.0658091 0.997174 -0.0362504 -4.80517 -0.996347 0.0636864 -0.0568902 112.197 
-0.0549424 0.0446708 0.99749 20.706 0.0669145 0.996918 -0.0409595 -4.84216 -0.996245 0.0644961 -0.0577622 112.144 
-0.0560698 0.04648 0.997344 21.5459 0.0678466 0.996784 -0.0426396 -4.88462 -0.996119 0.0652757 -0.059043 112.112 
-0.0590488 0.0448292 0.997248 22.3949 0.0645519 0.997072 -0.040999 -4.92212 -0.996166 0.0619533 -0.0617697 112.111 
-0.060365 0.0405455 0.997353 23.2687 0.0614685 0.997429 -0.0368282 -4.97363 -0.996282 0.0590826 -0.0627021 112.079 
-0.0603028 0.0330797 0.997632 24.0765 0.0586401 0.997842 -0.0295421 -5.05256 -0.996456 0.0567197 -0.0621125 112.017 
-0.0611762 0.0289615 0.997707 24.9506 0.0547638 0.998171 -0.025617 -5.07002 -0.996624 0.0530711 -0.0626503 111.997 
-0.062515 0.0288631 0.997627 25.831 0.0523237 0.998302 -0.0256038 -5.09647 -0.996672 0.0505989 -0.0639191 112.003 
-0.0617829 0.0359788 0.997441 26.6705 0.0549698 0.997956 -0.0325924 -5.13999 -0.996575 0.0528154 -0.0636344 111.966 
-0.0606859 0.0474854 0.997027 27.5211 0.0565497 0.997427 -0.0440624 -5.17396 -0.996554 0.0537076 -0.0632151 111.927 
-0.0605754 0.0533295 0.996738 28.3761 0.0576549 0.997092 -0.0498445 -5.20879 -0.996497 0.0544475 -0.063474 111.902 
-0.0584194 0.0476138 0.997156 29.2061 0.0592345 0.997267 -0.0441487 -5.25897 -0.996533 0.0564869 -0.0610802 111.852 
-0.0576639 0.0398542 0.99754 30.0533 0.0617062 0.997435 -0.036283 -5.31251 -0.996427 0.0594622 -0.0599752 111.817 
-0.0565254 0.038164 0.997672 30.8887 0.0637302 0.997369 -0.0345416 -5.35171 -0.996365 0.0616294 -0.0588089 111.778 
-0.0565791 0.0380502 0.997673 31.7017 0.0614816 0.99751 -0.0345573 -5.40918 -0.996503 0.0593833 -0.0587776 111.74 
-0.0567686 0.0388624 0.997631 32.5132 0.0592734 0.997611 -0.0354888 -5.45508 -0.996626 0.0571183 -0.0589364 111.702 
-0.0579629 0.0396187 0.997532 33.3098 0.0580147 0.997657 -0.0362526 -5.49215 -0.996632 0.0557702 -0.0601256 111.659 
-0.0604552 0.040461 0.997351 34.1225 0.0587164 0.997592 -0.0369117 -5.53354 -0.996442 0.0563293 -0.0626854 111.629 
-0.0622448 0.0409831 0.997219 34.9229 0.0582407 0.997603 -0.0373636 -5.57877 -0.99636 0.055753 -0.0644825 111.589 
-0.0649126 0.0411713 0.997041 35.7217 0.0572278 0.997658 -0.0374709 -5.62352 -0.996249 0.0546261 -0.0671167 111.557 
-0.0675079 0.0403831 0.996901 36.526 0.0549552 0.997814 -0.0366986 -5.66916 -0.996204 0.0523075 -0.0695796 111.523 
-0.0698479 0.0394948 0.996776 37.3298 0.0566294 0.997762 -0.0355655 -5.71726 -0.995949 0.0539626 -0.0719281 111.485 
-0.0723661 0.0391611 0.996609 38.1143 0.0551092 0.997859 -0.0352086 -5.77342 -0.995855 0.0523744 -0.0743693 111.443 
-0.0746847 0.0402544 0.996394 38.9135 0.0545039 0.997856 -0.0362281 -5.81372 -0.995717 0.0516017 -0.0767186 111.405 
-0.0757134 0.0410436 0.996285 39.6998 0.0551101 0.997798 -0.0369178 -5.85449 -0.995606 0.0521102 -0.0778086 111.361 
-0.0776538 0.0394482 0.9962 40.4832 0.0562207 0.9978 -0.0351291 -5.90996 -0.995394 0.0532791 -0.0797007 111.321 
-0.080761 0.0387223 0.995981 41.2527 0.0562131 0.997832 -0.0342361 -5.95812 -0.995147 0.0532223 -0.0827626 111.287 
-0.0813966 0.0390889 0.995915 41.9935 0.0551619 0.997876 -0.0346574 -5.9907 -0.995154 0.0521155 -0.0833799 111.227 
-0.0835181 0.0388985 0.995747 42.7601 0.0538567 0.997954 -0.0344675 -6.02772 -0.99505 0.050749 -0.0854422 111.193 
-0.0848535 0.0379494 0.995671 43.4962 0.0519323 0.998085 -0.0336156 -6.07021 -0.995039 0.048855 -0.0866618 111.15 
-0.0860524 0.0372575 0.995594 44.2113 0.0514226 0.998135 -0.0329079 -6.11418 -0.994963 0.0483642 -0.0878077 111.104 
-0.085829 0.0400432 0.995505 44.9063 0.0518992 0.998015 -0.0356696 -6.15097 -0.994957 0.0486044 -0.0877368 111.052 
-0.0862505 0.0421637 0.995381 45.6081 0.0505025 0.998005 -0.0378987 -6.20053 -0.994993 0.0470004 -0.0882078 111.005 
-0.086702 0.0433557 0.99529 46.3103 0.0477873 0.998084 -0.0393145 -6.24715 -0.995088 0.0441536 -0.0886077 110.961 
-0.0863097 0.0445805 0.99527 47.0028 0.0489178 0.997983 -0.0404598 -6.28918 -0.995067 0.0451944 -0.0883164 110.908 
-0.0866209 0.0443211 0.995255 47.6987 0.0494135 0.997971 -0.0401414 -6.33007 -0.995015 0.0457019 -0.0886353 110.86 
-0.0878285 0.0439074 0.995168 48.3952 0.0489703 0.998011 -0.0397109 -6.37007 -0.994931 0.0452459 -0.0898039 110.819 
-0.0879398 0.0442586 0.995142 49.0823 0.0456981 0.99814 -0.0403536 -6.40513 -0.995077 0.0419275 -0.0897987 110.771 
-0.0875334 0.045247 0.995134 49.77 0.0450931 0.998124 -0.0414165 -6.44415 -0.99514 0.0412483 -0.0894095 110.725 
-0.086178 0.0434878 0.99533 50.4044 0.0467275 0.998124 -0.039564 -6.49338 -0.995183 0.0430997 -0.0880484 110.653 
-0.0873922 0.0426638 0.99526 51.0734 0.0459174 0.998193 -0.0387575 -6.53595 -0.995115 0.0423127 -0.0891933 110.605 
-0.0906595 0.0424083 0.994979 51.7153 0.0431333 0.998323 -0.0386206 -6.57674 -0.994947 0.0394154 -0.0923367 110.547 
-0.0955525 0.0425371 0.994515 52.3904 0.0404818 0.998426 -0.0388148 -6.61822 -0.994601 0.0365509 -0.097124 110.489 
-0.101272 0.0467176 0.993761 53.046 0.0438918 0.998134 -0.0424502 -6.65009 -0.99389 0.039319 -0.103133 110.427 
-0.10718 0.0496481 0.992999 53.6875 0.046492 0.99791 -0.0448754 -6.6926 -0.993152 0.0413568 -0.109265 110.351 
-0.11449 0.0522522 0.992049 54.3442 0.0465669 0.9978 -0.0471809 -6.72029 -0.992332 0.040795 -0.116671 110.289 
-0.119781 0.0516214 0.991457 54.9846 0.0431564 0.997974 -0.0467468 -6.75893 -0.991862 0.0371883 -0.121767 110.205 
-0.124815 0.0505887 0.990889 55.6643 0.0436361 0.998013 -0.0454558 -6.80755 -0.99122 0.037565 -0.126775 110.129 
-0.128846 0.05202 0.990299 56.3542 0.0417125 0.998024 -0.0469986 -6.84806 -0.990787 0.0352523 -0.130761 110.045 
-0.133131 0.0516581 0.989751 57.0728 0.0390926 0.998137 -0.0468374 -6.88085 -0.990327 0.0324565 -0.134902 109.967 
-0.135643 0.0497443 0.989508 57.7664 0.0398484 0.998205 -0.044719 -6.90346 -0.989956 0.0333645 -0.137382 109.885 
-0.136632 0.0472901 0.989492 58.4722 0.0418566 0.998244 -0.0419286 -6.94128 -0.989737 0.035688 -0.138372 109.787 
-0.138404 0.0437339 0.98941 59.1944 0.0406163 0.998435 -0.0384512 -6.99143 -0.989543 0.0348644 -0.139963 109.71 
-0.139775 0.0444326 0.989186 59.922 0.03954 0.998446 -0.0392614 -7.02497 -0.989394 0.0336247 -0.141315 109.626 
-0.139174 0.048571 0.989076 60.6369 0.0413284 0.998211 -0.0432042 -7.06613 -0.989405 0.0348641 -0.140932 109.523 
-0.138619 0.053592 0.988895 61.3785 0.0474802 0.997746 -0.0474161 -7.10819 -0.989207 0.0403801 -0.140851 109.423 
-0.139516 0.058742 0.988476 62.1256 0.0545956 0.997177 -0.0515532 -7.15348 -0.988714 0.0467739 -0.14233 109.332 
-0.139473 0.0612659 0.988329 62.8557 0.0561369 0.996968 -0.0538793 -7.19062 -0.988633 0.047967 -0.14249 109.233 
-0.139304 0.0596127 0.988454 63.6085 0.0545796 0.997131 -0.0524441 -7.23521 -0.988744 0.0466438 -0.142158 109.139 
-0.139273 0.0551192 0.988719 64.3623 0.0550647 0.997336 -0.047843 -7.28371 -0.988722 0.0477803 -0.141938 109.046 
-0.139439 0.0535399 0.988782 65.1156 0.0571834 0.997306 -0.0459374 -7.32515 -0.988578 0.0501365 -0.142125 108.957 
-0.139769 0.053713 0.988726 65.862 0.0580378 0.997255 -0.045972 -7.37912 -0.988482 0.0509581 -0.142502 108.858 
-0.140783 0.0547323 0.988527 66.5917 0.0570913 0.997258 -0.047085 -7.42552 -0.988393 0.0498075 -0.143521 108.759 
-0.142859 0.0557393 0.988172 67.3319 0.0567402 0.997232 -0.0480474 -7.4667 -0.988115 0.0492051 -0.145627 108.671 
-0.145081 0.0560951 0.987828 68.0629 0.0583855 0.997137 -0.0480487 -7.51825 -0.987696 0.0507039 -0.147941 108.577 
-0.147094 0.0562087 0.987524 68.8133 0.0595058 0.997079 -0.0478889 -7.57466 -0.987331 0.0517193 -0.150009 108.481 
-0.14878 0.0558668 0.987291 69.5553 0.0592651 0.997112 -0.0474915 -7.62365 -0.987093 0.0514461 -0.151661 108.374 
-0.15025 0.0564807 0.987033 70.3094 0.0578722 0.997157 -0.0482504 -7.66983 -0.986953 0.0498721 -0.153092 108.273 
-0.15164 0.0586514 0.986694 71.0629 0.0582636 0.997033 -0.0503117 -7.71315 -0.986717 0.049859 -0.154607 108.177 
-0.152177 0.0594611 0.986563 71.8091 0.0566348 0.997073 -0.0513587 -7.75925 -0.986729 0.0480582 -0.155099 108.069 
-0.153397 0.0601382 0.986333 72.5705 0.0563191 0.997056 -0.052033 -7.80483 -0.986558 0.0475677 -0.156332 107.965 
-0.154136 0.0589338 0.986291 73.3487 0.0571043 0.997082 -0.0506545 -7.85311 -0.986398 0.0485138 -0.157051 107.85 
-0.155584 0.0574963 0.986148 74.1361 0.055295 0.997246 -0.0494195 -7.89918 -0.986274 0.0468402 -0.158335 107.753 
-0.157422 0.0554616 0.985973 74.9105 0.0521331 0.997496 -0.0477861 -7.9494 -0.986154 0.0438792 -0.15992 107.645 
-0.159016 0.0551902 0.985732 75.6817 0.0536156 0.997446 -0.0471968 -8.00707 -0.985819 0.0453456 -0.161569 107.523 
-0.16081 0.0566157 0.98536 76.4743 0.0554809 0.997293 -0.0482469 -8.05098 -0.985425 0.0469101 -0.163515 107.408 
-0.162954 0.0581127 0.984921 77.2678 0.0554963 0.997223 -0.0496567 -8.09987 -0.985072 0.0465677 -0.165727 107.291 
-0.164696 0.0617482 0.98441 78.075 0.0563042 0.997 -0.053118 -8.16053 -0.984736 0.046678 -0.167679 107.179 
-0.165265 0.0660315 0.984036 78.8788 0.0584878 0.996656 -0.0570555 -8.2173 -0.984513 0.0481248 -0.168575 107.056 
-0.165879 0.0697835 0.983674 79.6933 0.059573 0.99638 -0.0606389 -8.28489 -0.984345 0.0485417 -0.169436 106.925 
-0.165539 0.0714623 0.983611 80.5124 0.0620494 0.99615 -0.0619306 -8.3424 -0.984249 0.0507806 -0.169336 106.804 
-0.164376 0.0712842 0.983819 81.34 0.0662887 0.995929 -0.0610862 -8.40207 -0.984168 0.055175 -0.168432 106.67 
-0.164334 0.0697659 0.983934 82.1841 0.0658617 0.996046 -0.0596246 -8.46702 -0.984204 0.0550052 -0.168279 106.541 
-0.164311 0.0687311 0.984011 83.0267 0.0652932 0.99614 -0.0586755 -8.52379 -0.984245 0.0546082 -0.168165 106.426 
-0.163055 0.0666898 0.984361 83.8646 0.0643958 0.996305 -0.0568321 -8.58421 -0.984513 0.054122 -0.166747 106.308 
-0.161561 0.063632 0.984809 84.7098 0.0645868 0.996461 -0.0537892 -8.65032 -0.984747 0.0549154 -0.165099 106.184 
-0.160654 0.0601754 0.985175 85.5439 0.0638714 0.996682 -0.0504626 -8.71603 -0.984942 0.0548175 -0.163964 106.067 
-0.159937 0.0599865 0.985303 86.4084 0.0610781 0.996841 -0.0507746 -8.78154 -0.985236 0.0520597 -0.163096 105.955 
-0.158328 0.0642266 0.985295 87.2637 0.0623759 0.99654 -0.0549362 -8.85252 -0.985414 0.0527607 -0.161787 105.829 
-0.157376 0.0701984 0.985041 88.1335 0.0614643 0.996233 -0.061176 -8.91788 -0.985624 0.0509172 -0.161098 105.719 
-0.156282 0.0734061 0.984981 88.9684 0.0588244 0.996156 -0.0649055 -8.97949 -0.985959 0.0477973 -0.16 105.598 
-0.154659 0.0711729 0.985401 89.8227 0.0573416 0.996367 -0.0629651 -9.05208 -0.986303 0.0467663 -0.158178 105.47 
-0.153335 0.0692136 0.985747 90.6794 0.0583397 0.996438 -0.0608893 -9.11678 -0.986451 0.0481717 -0.156826 105.357 
-0.152835 0.0675302 0.985942 91.5316 0.0586021 0.996526 -0.059171 -9.18898 -0.986513 0.0487349 -0.156261 105.237 
-0.152513 0.0676239 0.985985 92.4146 0.0578611 0.996556 -0.0593989 -9.25447 -0.986606 0.0479911 -0.155901 105.124 
-0.151627 0.067801 0.98611 93.2512 0.0571245 0.996578 -0.0597372 -9.31585 -0.986786 0.0472733 -0.154981 104.999 
-0.150434 0.066321 0.986393 94.1045 0.0600304 0.996519 -0.0578466 -9.384 -0.986796 0.0505114 -0.153892 104.871 
-0.148393 0.0659701 0.986726 94.9821 0.0640375 0.996319 -0.0569809 -9.45048 -0.986853 0.0547319 -0.152071 104.736 
-0.146678 0.0680737 0.986839 95.8482 0.0678808 0.99597 -0.0586141 -9.50711 -0.986853 0.05839 -0.150707 104.598 
-0.145439 0.0706966 0.986838 96.6939 0.0684115 0.995775 -0.0612544 -9.55985 -0.986999 0.0586023 -0.149661 104.479 
-0.144359 0.0726655 0.986854 97.555 0.0661398 0.995778 -0.0636476 -9.61705 -0.987313 0.0560822 -0.148556 104.371 
-0.143518 0.0684081 0.987281 98.4104 0.0612934 0.996307 -0.0601235 -9.68616 -0.987748 0.051885 -0.147181 104.259 
-0.143579 0.0663382 0.987413 99.2665 0.0573708 0.996631 -0.0586152 -9.76358 -0.987975 0.0482327 -0.146901 104.155 
-0.144626 0.0664162 0.987255 100.115 0.0543824 0.99677 -0.0590897 -9.84045 -0.987991 0.0451434 -0.14777 104.049 
-0.145865 0.0710917 0.986747 100.941 0.0512625 0.996618 -0.064225 -9.90396 -0.987976 0.041215 -0.149016 103.944 
-0.146917 0.0738143 0.986391 101.789 0.0505564 0.996469 -0.0670383 -9.96685 -0.987856 0.0400193 -0.15013 103.836 
-0.147506 0.0750931 0.986206 102.616 0.0503566 0.996391 -0.0683367 -10.0228 -0.987778 0.0395819 -0.150755 103.727 
-0.148728 0.0752186 0.986013 103.436 0.0502639 0.996389 -0.0684284 -10.0798 -0.9876 0.0393837 -0.151972 103.625 
-0.148763 0.0755901 0.98598 104.249 0.05206 0.99629 -0.0685258 -10.1584 -0.987502 0.041136 -0.152146 103.502 
-0.148973 0.079183 0.985666 105.048 0.054184 0.995945 -0.0718194 -10.2274 -0.987356 0.0427081 -0.152659 103.389 
-0.149775 0.0814193 0.985362 105.85 0.0535214 0.99581 -0.0741473 -10.2906 -0.98727 0.0416325 -0.153506 103.277 
-0.151535 0.0817248 0.985068 106.656 0.0513288 0.995882 -0.0747259 -10.3694 -0.987118 0.0392387 -0.155106 103.184 
-0.153689 0.0807698 0.984813 107.469 0.0499971 0.996013 -0.0738858 -10.4454 -0.986854 0.0378823 -0.157115 103.074 
-0.155933 0.0821223 0.984348 108.26 0.0501424 0.995911 -0.0751438 -10.5217 -0.986494 0.0376402 -0.159413 102.946 
-0.1593 0.0846154 0.983597 109.029 0.0486855 0.995781 -0.0777786 -10.5992 -0.986029 0.0354968 -0.162747 102.823 
-0.162795 0.0866718 0.982846 109.817 0.0480299 0.995649 -0.0798454 -10.6688 -0.98549 0.0342076 -0.16625 102.715 
-0.165725 0.086659 0.982357 110.585 0.048888 0.995629 -0.0795823 -10.7472 -0.98496 0.0348367 -0.169237 102.589 
-0.168673 0.0852507 0.981979 111.37 0.0501326 0.995705 -0.0778311 -10.826 -0.984396 0.0361011 -0.172222 102.471 
-0.171039 0.086355 0.981473 112.133 0.0522794 0.995544 -0.0784824 -10.9016 -0.983876 0.0378872 -0.174791 102.344 
-0.17402 0.0909941 0.980529 112.891 0.046911 0.995357 -0.0840446 -10.9823 -0.983624 0.0313722 -0.177481 102.24 
-0.175793 0.0975876 0.979578 113.657 0.044425 0.994847 -0.0911362 -11.0689 -0.983424 0.0274966 -0.179223 102.119 
-0.17835 0.101355 0.978733 114.424 0.0487874 0.994368 -0.0940838 -11.1433 -0.982757 0.03097 -0.182291 101.986 
-0.181499 0.100412 0.978251 115.194 0.0507771 0.994403 -0.092649 -11.2182 -0.982079 0.0328571 -0.185582 101.857 
-0.185001 0.093192 0.97831 115.944 0.0494593 0.995115 -0.0854399 -11.2923 -0.981493 0.03258 -0.188706 101.73 
-0.187681 0.0910276 0.978003 116.705 0.0480227 0.995356 -0.083427 -11.3763 -0.981055 0.0313086 -0.191181 101.603 
-0.189612 0.0938999 0.977359 117.458 0.0467628 0.995151 -0.086537 -11.455 -0.980745 0.0292956 -0.193083 101.47 
-0.193372 0.0966171 0.976357 118.2 0.0427734 0.995024 -0.0899928 -11.5394 -0.980193 0.02436 -0.196542 101.341 
-0.19606 0.0990514 0.975576 118.943 0.0420248 0.99482 -0.0925596 -11.6216 -0.979691 0.0228512 -0.199207 101.208 
-0.197706 0.103349 0.974798 119.679 0.0455502 0.994321 -0.0961808 -11.7088 -0.979203 0.0253867 -0.20129 101.065 
-0.199389 0.108368 0.97391 120.411 0.0460426 0.993805 -0.101155 -11.7838 -0.978838 0.0246721 -0.203143 100.927 
-0.202711 0.111822 0.972833 121.168 0.0457992 0.993454 -0.104649 -11.8559 -0.978167 0.0233415 -0.206505 100.796 
-0.205238 0.109351 0.972584 121.914 0.0461258 0.993715 -0.101993 -11.949 -0.977625 0.0239284 -0.208992 100.655 
-0.208709 0.107109 0.972095 122.66 0.0526426 0.993774 -0.0981949 -12.0206 -0.97656 0.0306794 -0.213048 100.51 
-0.213896 0.105722 0.971119 123.39 0.0549886 0.993853 -0.0960852 -12.1083 -0.975308 0.0328482 -0.218395 100.35 
-0.220885 0.105014 0.96963 124.117 0.0540362 0.993977 -0.0953414 -12.188 -0.973802 0.0313356 -0.225229 100.207 
-0.229668 0.106555 0.967419 124.874 0.0543527 0.993842 -0.0965623 -12.2598 -0.97175 0.0304045 -0.234045 100.067 
-0.241051 0.106686 0.964631 125.589 0.0531362 0.9939 -0.0966444 -12.3492 -0.969057 0.0279606 -0.24525 99.9028 
-0.252712 0.108768 0.961409 126.341 0.0567081 0.993618 -0.0975055 -12.4164 -0.965878 0.0298789 -0.257267 99.7357 
-0.264861 0.110929 0.957885 127.052 0.0591706 0.993359 -0.0986763 -12.4889 -0.96247 0.0305431 -0.269666 99.5481 
-0.275827 0.111034 0.954773 127.756 0.061644 0.993304 -0.0977061 -12.5657 -0.959229 0.0319061 -0.280824 99.3294 
-0.286036 0.111776 0.951677 128.453 0.0659889 0.993113 -0.0968095 -12.6447 -0.955944 0.0351092 -0.291442 99.1055 
-0.296468 0.111346 0.94853 129.143 0.0693661 0.993068 -0.0948931 -12.7394 -0.95252 0.037663 -0.302137 98.8982 
-0.304576 0.11284 0.94578 129.835 0.0744712 0.992739 -0.0944596 -12.8059 -0.949572 0.0416633 -0.310768 98.6669 
-0.311611 0.112687 0.943504 130.514 0.0803946 0.992509 -0.0919883 -12.8946 -0.946803 0.047188 -0.318336 98.4397 
-0.317524 0.113118 0.941479 131.191 0.0817988 0.992426 -0.0916513 -12.9726 -0.944716 0.0479104 -0.324372 98.2079 
-0.321185 0.111582 0.94042 131.874 0.0853312 0.992405 -0.0886068 -13.0433 -0.943164 0.0517879 -0.328267 97.9643 
-0.322078 0.109199 0.940394 132.538 0.0922702 0.992217 -0.0836149 -13.1182 -0.942206 0.0598398 -0.329647 97.7183 
-0.322752 0.107504 0.940359 133.195 0.0982655 0.991966 -0.0796766 -13.1978 -0.941369 0.066689 -0.330723 97.4772 
-0.323398 0.106794 0.940217 133.857 0.100111 0.991896 -0.0782298 -13.2635 -0.940952 0.0688263 -0.331469 97.2484 
-0.322929 0.112123 0.939758 134.507 0.101821 0.99131 -0.0832854 -13.3337 -0.94093 0.0687916 -0.331539 97.0245 
-0.321775 0.115577 0.939735 135.164 0.101266 0.99103 -0.0872109 -13.3993 -0.941385 0.0671013 -0.330593 96.8113 
-0.321113 0.115995 0.939911 135.805 0.104423 0.990756 -0.0865944 -13.4674 -0.941266 0.0703417 -0.330257 96.6001 
-0.319855 0.115554 0.940394 136.438 0.104875 0.990754 -0.086071 -13.527 -0.941644 0.0710937 -0.329017 96.3901 
-0.317805 0.11236 0.941475 137.076 0.107088 0.990854 -0.0821041 -13.6077 -0.942089 0.0747275 -0.326931 96.1723 
-0.316297 0.112041 0.942021 137.711 0.107678 0.990824 -0.081691 -13.6876 -0.942529 0.075596 -0.325459 95.9592 
-0.313728 0.114496 0.942585 138.335 0.109367 0.990454 -0.0839091 -13.7554 -0.943193 0.0767632 -0.323255 95.7538 
-0.308544 0.116988 0.943988 138.955 0.111381 0.990025 -0.0862886 -13.815 -0.944666 0.0785182 -0.318497 95.5424 
-0.303347 0.116355 0.945749 139.59 0.110609 0.990107 -0.086335 -13.8889 -0.946439 0.0784185 -0.313216 95.3496 
-0.297721 0.114802 0.947725 140.217 0.111817 0.990103 -0.0848089 -13.9583 -0.948082 0.0807221 -0.307612 95.1572 
-0.293608 0.113339 0.949183 140.832 0.11152 0.990227 -0.0837433 -14.0254 -0.949399 0.0812653 -0.303378 94.9805 
-0.289355 0.113527 0.950466 141.452 0.11226 0.990115 -0.0840873 -14.0839 -0.950616 0.0823678 -0.299239 94.8002 
-0.285828 0.111947 0.95172 142.055 0.112272 0.990225 -0.0827576 -14.1541 -0.951681 0.0831973 -0.295603 94.6242 
-0.282093 0.110912 0.952955 142.653 0.114823 0.990058 -0.0812402 -14.2171 -0.952491 0.0865038 -0.292023 94.4482 
-0.277973 0.10929 0.954352 143.268 0.116735 0.989987 -0.0793692 -14.2833 -0.953469 0.0893437 -0.287947 94.2744 
-0.275662 0.108007 0.955168 143.87 0.114607 0.990273 -0.0789008 -14.3457 -0.954398 0.0877189 -0.285359 94.1211 
-0.271744 0.109072 0.956169 144.451 0.112223 0.99037 -0.0810793 -14.4083 -0.955804 0.0852711 -0.281367 93.9591 
-0.26641 0.112752 0.957242 145.017 0.112753 0.989961 -0.0852257 -14.464 -0.957242 0.0852267 -0.276449 93.7928 
-0.260189 0.115364 0.958641 145.569 0.113816 0.989579 -0.0881958 -14.5339 -0.958826 0.0861614 -0.270608 93.6388 
-0.253687 0.116255 0.960275 146.15 0.112191 0.989588 -0.0901644 -14.6024 -0.960758 0.0848606 -0.264088 93.4971 
-0.246109 0.114594 0.962444 146.734 0.108601 0.989994 -0.0901033 -14.6733 -0.963139 0.0823474 -0.256092 93.3718 
-0.234921 0.112815 0.965445 147.311 0.107472 0.990167 -0.0895531 -14.7417 -0.966055 0.0827205 -0.244736 93.2402 
-0.222291 0.112386 0.968481 147.889 0.108183 0.990044 -0.0900573 -14.8009 -0.96896 0.0847539 -0.232236 93.1161 
-0.20863 0.111129 0.97166 148.456 0.106911 0.990161 -0.0902897 -14.8691 -0.972134 0.0850439 -0.218458 92.9991 
-0.193087 0.11035 0.974957 149.019 0.10451 0.990316 -0.091391 -14.9428 -0.9756 0.0842461 -0.202749 92.8944 
