1 2.12261e-08 -2.11895e-08 0 2.12261e-08 1 2.10703e-08 0 -2.11895e-08 2.10703e-08 1 0 
0.999997 0.00121381 0.00229967 -0.0285898 -0.00120959 0.999998 -0.00182022 -0.00801278 -0.00230192 0.00181747 0.999996 1.22035 
0.999994 0.000879295 0.00337723 -0.0463984 -0.000872102 0.999997 -0.00211799 -0.0212667 -0.00337913 0.00211508 0.999992 2.44592 
0.999993 -0.000626581 0.00361143 -0.0478329 0.000640118 0.999993 -0.00373663 -0.0224569 -0.00360911 0.00373896 0.999987 3.66487 
0.99999 -0.00124285 0.00420067 -0.0490264 0.0012582 0.999993 -0.00364143 -0.0444589 -0.00419615 0.00364672 0.999985 4.89851 
0.999987 -0.00204421 0.00458326 -0.0674215 0.00205937 0.999992 -0.0032948 -0.0715096 -0.00457654 0.00330424 0.999984 6.09304 
0.999994 -0.000990679 0.00338184 -0.0515157 0.00100472 0.999991 -0.00414098 -0.102931 -0.00337775 0.00414439 0.999986 7.30879 
0.999996 -0.000839187 0.00287468 -0.0516 0.000852311 0.999989 -0.00455238 -0.125703 -0.00287087 0.00455486 0.999986 8.5129 
0.999997 -0.000904504 0.00210573 -0.0546055 0.000913085 0.999991 -0.0040574 -0.133389 -0.00210208 0.00405936 0.99999 9.69752 
0.999999 -0.00130403 0.000360166 -0.0531143 0.00130514 0.999995 -0.00297979 -0.161394 -0.000356321 0.0029803 0.999996 10.9156 
0.999995 -0.00222324 -0.00242956 -0.0638683 0.00221335 0.999989 -0.00408255 -0.173442 0.00243856 0.0040772 0.999989 12.1376 
0.999988 -0.00205937 -0.00437078 -0.0882981 0.00203826 0.999986 -0.00483899 -0.19465 0.00438064 0.00483007 0.999979 13.3484 
0.999984 -0.00110628 -0.00561519 -0.119423 0.00107404 0.999983 -0.00574916 -0.20854 0.00562141 0.00574308 0.999968 14.5603 
0.999985 -9.04509e-06 -0.0055285 -0.165114 -2.36666e-05 0.999982 -0.00592452 -0.24575 0.00552841 0.0059246 0.999967 15.7812 
0.999995 -0.000233604 -0.00312401 -0.198949 0.00021062 0.999973 -0.00736905 -0.256934 0.00312561 0.0073684 0.999968 17.181 
0.999993 -0.00016213 -0.00374649 -0.223221 0.000135792 0.999975 -0.00704042 -0.291649 0.0037475 0.00703991 0.999968 18.3938 
0.999991 -0.000109886 -0.00420577 -0.248448 7.37851e-05 0.999963 -0.00859292 -0.304397 0.00420652 0.00859258 0.999954 19.6089 
0.999992 0.000348134 -0.00392117 -0.291778 -0.00038623 0.999953 -0.00972991 -0.337531 0.00391756 0.00973139 0.999945 20.8254 
0.999991 -3.10946e-05 -0.00424626 -0.319839 -1.25684e-05 0.999947 -0.0102923 -0.37422 0.00424631 0.0102923 0.999938 22.0205 
0.999981 0.000641713 -0.00607786 -0.337659 -0.000697436 0.999958 -0.00917756 -0.415774 0.00607167 0.00918167 0.999939 23.2116 
0.99996 0.000958597 -0.00887613 -0.331576 -0.0010499 0.999947 -0.0102917 -0.429992 0.00886575 0.0103007 0.999908 24.4222 
0.999951 0.000341306 -0.00985559 -0.366276 -0.000450315 0.999939 -0.0110648 -0.466698 0.00985117 0.0110688 0.99989 25.6291 
0.999946 0.000510048 -0.0103906 -0.409151 -0.000621165 0.999943 -0.0106976 -0.500375 0.0103845 0.0107035 0.999889 26.8142 
0.999929 -0.00159646 -0.0117873 -0.427119 0.00149044 0.999958 -0.00900162 -0.528435 0.0118011 0.00898346 0.99989 28.0428 
0.999914 -0.00244408 -0.0129006 -0.4639 0.0023248 0.999955 -0.009256 -0.560365 0.0129226 0.00922525 0.999874 29.2399 
0.999896 -0.00265793 -0.0141692 -0.499793 0.00251897 0.999949 -0.00981931 -0.597346 0.0141945 0.00978264 0.999851 30.4528 
0.999885 -0.00227759 -0.0149666 -0.535378 0.00211301 0.999937 -0.0110054 -0.627722 0.0149907 0.0109725 0.999827 31.657 
0.999893 -0.00196089 -0.0144839 -0.59342 0.0018084 0.999943 -0.0105363 -0.677885 0.0145037 0.010509 0.99984 32.8338 
0.999895 -0.0020695 -0.0143282 -0.646226 0.00191645 0.999941 -0.0106905 -0.706409 0.0143494 0.010662 0.99984 34.034 
0.999888 -0.00221706 -0.0147799 -0.689538 0.00206248 0.999943 -0.0104688 -0.747807 0.0148022 0.0104372 0.999836 35.2387 
0.999873 -0.00323741 -0.0156376 -0.727532 0.00306517 0.999935 -0.0110284 -0.781748 0.0156722 0.0109791 0.999817 36.4367 
0.999858 -0.00257925 -0.0166383 -0.770627 0.00239684 0.999937 -0.010976 -0.823579 0.0166655 0.0109346 0.999801 37.6418 
0.999848 -0.00320558 -0.017117 -0.803784 0.0030079 0.999929 -0.0115646 -0.826386 0.0171528 0.0115114 0.999787 38.8377 
0.999844 -0.00322757 -0.0173551 -0.837769 0.00304868 0.999942 -0.0103265 -0.864198 0.0173874 0.010272 0.999796 40.0634 
0.999843 -0.00353885 -0.0173832 -0.885889 0.00334591 0.999933 -0.0111181 -0.873791 0.0174213 0.0110582 0.999787 41.3151 
0.999839 -0.00356139 -0.0176106 -0.923063 0.00335883 0.999928 -0.0115211 -0.922958 0.0176504 0.0114601 0.999779 42.5509 
0.999853 -0.00317268 -0.0168523 -0.976151 0.00296835 0.999922 -0.0121389 -0.957739 0.0168894 0.0120871 0.999784 43.7666 
0.999881 -0.00118477 -0.0153819 -1.04101 0.00103063 0.999949 -0.0100277 -1.00943 0.0153929 0.0100107 0.999831 44.9999 
0.999902 -0.0007661 -0.0140162 -1.07634 0.000659837 0.999971 -0.00758749 -1.032 0.0140215 0.00757753 0.999873 46.1999 
0.999931 -0.000273886 -0.0117071 -1.12978 0.000222533 0.99999 -0.00439118 -1.06944 0.0117081 0.00438832 0.999922 47.4122 
0.999953 0.000132233 -0.00966912 -1.17028 -0.000142381 0.999999 -0.00105319 -1.09539 0.00966893 0.00105456 0.999953 48.6244 
0.999973 0.000337556 -0.00735944 -1.22295 -0.000333509 1 0.000545404 -1.11988 0.00735958 -0.000542892 0.999973 49.8408 
0.999991 -0.00065593 -0.00429012 -1.27713 0.000652108 0.999999 -0.000902092 -1.14388 0.00429067 0.000899328 0.99999 51.0576 
0.999995 0.000586249 -0.0032223 -1.30455 -0.000596031 0.999995 -0.00304887 -1.16073 0.00322046 0.00305082 0.99999 52.2698 
0.999996 0.000700847 -0.0028666 -1.32738 -0.000712555 0.999991 -0.00410008 -1.17817 0.00286366 0.00410215 0.999988 53.4754 
0.99999 -0.000796021 -0.00431787 -1.33215 0.000774758 0.999988 -0.00493358 -1.20453 0.0043217 0.00493023 0.999979 54.6805 
0.999986 -0.00259416 -0.00451714 -1.372 0.00256771 0.99998 -0.00586158 -1.23558 0.00453221 0.00584994 0.999973 55.8783 
0.999973 -0.00343579 -0.00652972 -1.38828 0.0034014 0.99998 -0.00527743 -1.27324 0.00654769 0.00525512 0.999965 57.1019 
0.999957 -0.00457813 -0.0080937 -1.4174 0.00453292 0.999974 -0.00559988 -1.28193 0.00811908 0.00556299 0.999952 58.3052 
0.999945 -0.00512708 -0.00918256 -1.45413 0.00507426 0.999971 -0.0057709 -1.30457 0.00921184 0.00572403 0.999941 59.5104 
0.999941 -0.00420111 -0.0100371 -1.48504 0.00413257 0.999968 -0.00684403 -1.3239 0.0100655 0.00680219 0.999926 60.7211 
0.999939 -0.00380787 -0.0103808 -1.52654 0.00372468 0.999961 -0.00802529 -1.34457 0.0104109 0.00798617 0.999914 61.9321 
0.999931 -0.00523378 -0.0105627 -1.55902 0.00513278 0.999941 -0.00957011 -1.36676 0.0106121 0.00951527 0.999898 63.1473 
0.999915 -0.00580224 -0.0117043 -1.57943 0.00567856 0.999928 -0.0105767 -1.39747 0.0117648 0.0105093 0.999876 64.3562 
0.999912 -0.00558757 -0.0120694 -1.62095 0.00546813 0.999936 -0.00991006 -1.43182 0.0121239 0.00984323 0.999878 65.554 
0.999908 -0.00586466 -0.0122725 -1.66125 0.00576198 0.999948 -0.0083894 -1.46924 0.012321 0.00831796 0.99989 66.7652 
0.999919 -0.00550569 -0.0114376 -1.71828 0.00540125 0.999944 -0.00914609 -1.51702 0.0114873 0.00908362 0.999893 67.9618 
0.999908 -0.0037965 -0.013006 -1.72223 0.00364876 0.999929 -0.0113678 -1.53398 0.0130482 0.0113193 0.999851 69.1747 
0.999908 -0.0017473 -0.0134904 -1.76197 0.00160802 0.999945 -0.0103318 -1.58263 0.0135077 0.0103092 0.999856 70.3488 
0.999912 0.00143838 -0.0131863 -1.80348 -0.00157584 0.999944 -0.0104231 -1.61557 0.0131706 0.010443 0.999859 71.5487 
0.999906 0.00429 -0.0130186 -1.84621 -0.00444873 0.999916 -0.0121916 -1.623 0.0129652 0.0122484 0.999841 72.7437 
0.99992 0.00441236 -0.0118989 -1.88834 -0.00455132 0.999921 -0.0116805 -1.65896 0.0118463 0.0117337 0.999861 73.913 
0.999923 0.00652392 -0.0106033 -1.90982 -0.00665015 0.999907 -0.0119173 -1.6796 0.0105245 0.0119869 0.999873 75.1103 
0.999955 0.00543841 -0.00776618 -1.9463 -0.00555324 0.999874 -0.0148467 -1.70913 0.00768442 0.0148892 0.99986 76.3004 
0.999985 0.00258076 -0.00485984 -1.97116 -0.00267896 0.99979 -0.0203169 -1.74604 0.00480635 0.0203297 0.999782 77.5026 
0.999991 0.00336826 -0.00258199 -1.9949 -0.00341829 0.999801 -0.0196396 -1.79068 0.00251529 0.0196483 0.999804 78.6895 
0.999977 0.00643588 0.00213303 -2.03481 -0.00639899 0.999838 -0.0168522 -1.82063 -0.00224118 0.0168382 0.999856 79.8502 
0.999939 0.00918937 0.00611627 -2.05923 -0.00908846 0.999826 -0.01632 -1.85418 -0.00626521 0.0162635 0.999848 81.0107 
0.999907 0.00790507 0.0110993 -2.08478 -0.00771751 0.999829 -0.0168366 -1.90947 -0.0112306 0.0167494 0.999797 82.1718 
0.999847 0.00682509 0.0160883 -2.1304 -0.00651175 0.99979 -0.0194468 -1.95841 -0.0162177 0.0193391 0.999681 83.3589 
0.999769 0.00646618 0.0205197 -2.14637 -0.00598501 0.999708 -0.0234224 -2.00188 -0.0206652 0.0232943 0.999515 84.5223 
0.999686 0.00512293 0.0245124 -2.13346 -0.00455395 0.99972 -0.0232101 -2.06748 -0.0246245 0.0230912 0.99943 85.6794 
0.999575 0.00511849 0.028692 -2.1231 -0.00448822 0.999748 -0.0219866 -2.11036 -0.0287973 0.0218485 0.999347 86.8389 
0.999409 0.00637085 0.0337938 -2.12525 -0.00563162 0.999744 -0.0219235 -2.15511 -0.0339248 0.0217202 0.999188 87.973 
0.999223 0.00647841 0.0388658 -2.12539 -0.00556521 0.999707 -0.0235576 -2.2094 -0.0390071 0.0233231 0.998967 89.1082 
0.999071 0.00547081 0.0427405 -2.10104 -0.00435772 0.99965 -0.0260918 -2.25702 -0.0428684 0.0258813 0.998745 90.2791 
0.998916 0.00567395 0.0462025 -2.06365 -0.00444585 0.999635 -0.0266394 -2.30397 -0.0463368 0.0264051 0.998577 91.4764 
0.998785 0.00380829 0.0491253 -2.07446 -0.00259876 0.999693 -0.0246609 -2.3827 -0.0492042 0.0245033 0.998488 92.5218 
0.998666 0.00338327 0.051521 -2.02652 -0.00215193 0.999711 -0.0239357 -2.41359 -0.0515871 0.023793 0.998385 93.6988 
0.998554 0.0027745 0.0536936 -1.98009 -0.00155397 0.99974 -0.0227589 -2.45231 -0.0537428 0.0226426 0.998298 94.8671 
0.998415 0.00145276 0.0562673 -1.93422 -0.000232109 0.999765 -0.0216935 -2.5 -0.0562856 0.0216461 0.99818 96.0124 
0.998276 0.000308312 0.058686 -1.87904 0.00111378 0.999707 -0.0241972 -2.55047 -0.0586763 0.0242209 0.997983 97.1456 
0.998238 -0.000945745 0.0593319 -1.70959 0.00266223 0.99958 -0.028857 -2.56912 -0.0592798 0.0289642 0.997821 98.4358 
0.998144 -5.78248e-05 0.0609008 -1.64194 0.0019945 0.999494 -0.0317394 -2.61185 -0.0608682 0.031802 0.997639 99.6086 
0.998104 -9.35346e-05 0.0615483 -1.53238 0.00215351 0.99944 -0.033403 -2.65822 -0.0615107 0.0334722 0.997545 100.854 
0.998127 0.000224217 0.061181 -1.42167 0.00181788 0.999443 -0.0333195 -2.70567 -0.0611544 0.0333683 0.99757 102.137 
0.998156 0.000724196 0.060704 -1.36922 0.00123413 0.99948 -0.0322159 -2.75122 -0.0606959 0.0322314 0.997636 103.404 
0.998266 0.000529382 0.0588683 -1.29416 0.00131489 0.99951 -0.0312849 -2.79343 -0.058856 0.0313081 0.997775 104.645 
0.998404 0.000498218 0.0564782 -1.2339 0.00121624 0.99954 -0.030317 -2.84692 -0.0564673 0.0303373 0.997943 105.911 
0.998543 0.0010366 0.0539617 -1.18098 0.000594819 0.999544 -0.0302072 -2.8975 -0.0539684 0.0301953 0.998086 107.178 
0.998727 0.00183608 0.0504087 -1.10165 -0.000268599 0.999517 -0.0310837 -2.93485 -0.0504415 0.0310306 0.998245 108.464 
0.998929 0.00376608 0.0461221 -1.03326 -0.00227569 0.999475 -0.032323 -2.97233 -0.0462197 0.0321835 0.998413 109.745 
0.99907 0.00379952 0.0429598 -1.01755 -0.00242954 0.999488 -0.0318961 -3.03305 -0.0430591 0.0317621 0.998568 110.992 
0.999223 0.00448964 0.0391653 -0.998636 -0.0032854 0.999522 -0.0307569 -3.09585 -0.0392846 0.0306044 0.998759 112.202 
0.999385 0.00499189 0.0347155 -0.972969 -0.00395059 0.999542 -0.0299982 -3.15396 -0.0348494 0.0298427 0.998947 113.447 
0.999524 0.00493968 0.0304554 -0.956201 -0.00404479 0.99956 -0.0293742 -3.2142 -0.0305871 0.0292371 0.999104 114.724 
0.999658 0.0058431 0.0255028 -0.933133 -0.00509232 0.999555 -0.0294037 -3.26992 -0.0256633 0.0292638 0.999242 115.971 
0.999776 0.00618181 0.0202288 -0.922845 -0.00558174 0.999547 -0.0295852 -3.32739 -0.0204026 0.0294657 0.999358 117.228 
0.999852 0.00705642 0.015705 -0.937375 -0.00658295 0.999528 -0.0299957 -3.38274 -0.0159093 0.0298879 0.999427 118.466 
0.999921 0.00774413 0.00987264 -0.903423 -0.00742912 0.999475 -0.0315501 -3.422 -0.0101118 0.0314743 0.999453 119.731 
0.999928 0.0101463 0.00646454 -0.925453 -0.00993761 0.999454 -0.0315242 -3.48343 -0.0067809 0.0314577 0.999482 120.974 
0.999922 0.0121017 0.00316477 -0.934233 -0.0119959 0.999431 -0.0315277 -3.54086 -0.00354455 0.0314873 0.999498 122.192 
0.999908 0.013513 0.00144541 -0.940727 -0.0134602 0.999404 -0.0317808 -3.59921 -0.00187404 0.0317585 0.999494 123.466 
0.999877 0.0156656 0.000282499 -0.969725 -0.0156484 0.999365 -0.0320071 -3.65444 -0.00078377 0.0319987 0.999488 124.769 
0.999859 0.0167287 -0.00177037 -0.97911 -0.016776 0.999366 -0.0314096 -3.70719 0.00124377 0.0314349 0.999505 126.05 
0.999869 0.0160596 -0.00206382 -1.02026 -0.0161152 0.999403 -0.0305696 -3.77828 0.00157161 0.0305989 0.999531 127.305 
0.999785 0.0205675 -0.00273559 -1.06247 -0.0206376 0.999374 -0.0287291 -3.82965 0.00214296 0.0287794 0.999584 128.569 
0.999772 0.0210368 -0.00372586 -1.09719 -0.0211251 0.999452 -0.0254982 -3.89371 0.00318737 0.0255712 0.999668 129.824 
0.999791 0.0198262 -0.00489678 -1.12063 -0.0199442 0.999479 -0.0253739 -3.95686 0.00439112 0.0254663 0.999666 131.11 
0.999791 0.019556 -0.00590298 -1.15403 -0.0197098 0.999435 -0.0272386 -4.00363 0.00536692 0.0273493 0.999612 132.384 
0.999838 0.0164911 -0.00725118 -1.18194 -0.016677 0.999513 -0.0263858 -4.05192 0.00681248 0.0265025 0.999626 133.65 
0.99987 0.013502 -0.00884558 -1.21656 -0.0137207 0.99959 -0.0251444 -4.09613 0.0085024 0.0252625 0.999645 134.922 
0.999887 0.00991462 -0.0112979 -1.21117 -0.0101721 0.999684 -0.0229697 -4.15472 0.0110665 0.0230821 0.999672 136.203 
0.999872 0.00767078 -0.0140551 -1.21173 -0.00797668 0.99973 -0.0218421 -4.20874 0.0138837 0.0219514 0.999663 137.46 
0.999884 0.00341776 -0.0148549 -1.2347 -0.00376805 0.999714 -0.0236206 -4.26473 0.0147699 0.0236738 0.999611 138.73 
0.999884 0.000828085 -0.0151874 -1.26846 -0.00121566 0.999673 -0.0255307 -4.30691 0.0151612 0.0255463 0.999559 140.011 
0.999865 -0.000270224 -0.0164123 -1.29305 -0.000148901 0.999674 -0.0255332 -4.36267 0.0164138 0.0255322 0.999539 141.27 
0.999861 0.000144998 -0.0166704 -1.33348 -0.000558221 0.999693 -0.0247885 -4.42624 0.0166616 0.0247944 0.999554 142.55 
0.999869 0.00130055 -0.0161298 -1.38804 -0.00166198 0.999747 -0.0224171 -4.48239 0.0160965 0.022441 0.999619 143.825 
0.999868 0.00352284 -0.0158772 -1.42326 -0.0038561 0.999772 -0.0210113 -4.52894 0.0157995 0.0210698 0.999653 145.12 
0.999877 0.00296072 -0.0154054 -1.45232 -0.00332089 0.99972 -0.0234091 -4.56292 0.0153317 0.0234574 0.999607 146.434 
0.999901 0.0035891 -0.013596 -1.5358 -0.00392118 0.999693 -0.0244813 -4.64934 0.0135039 0.0245322 0.999608 147.713 
0.999891 0.00366135 -0.0143138 -1.5395 -0.00405744 0.999607 -0.0277444 -4.68702 0.0142065 0.0277995 0.999513 149.047 
0.999904 0.00253924 -0.0135957 -1.59029 -0.00297014 0.999491 -0.0317719 -4.74696 0.0135081 0.0318093 0.999403 150.327 
0.999909 0.00196646 -0.0133772 -1.63025 -0.00244294 0.99936 -0.0357001 -4.80246 0.0132984 0.0357295 0.999273 151.615 
0.999909 0.00120582 -0.0134227 -1.66636 -0.00170151 0.999314 -0.0369829 -4.87187 0.0133688 0.0370024 0.999226 152.899 
0.999914 0.000210895 -0.0131124 -1.72205 -0.000697803 0.99931 -0.0371432 -4.94485 0.0130955 0.0371492 0.999224 154.201 
0.999901 0.000909308 -0.0140113 -1.76013 -0.0014211 0.99933 -0.036564 -5.01318 0.0139686 0.0365804 0.999233 155.486 
0.999898 0.00186319 -0.0141814 -1.80859 -0.00236545 0.999367 -0.0354863 -5.08152 0.0141063 0.0355163 0.99927 156.773 
0.999888 0.00193755 -0.0148268 -1.84716 -0.0024554 0.999385 -0.0349917 -5.15088 0.0147499 0.0350243 0.999278 158.058 
0.99985 0.00140858 -0.0172487 -1.86141 -0.00202245 0.999363 -0.0356264 -5.2206 0.0171875 0.035656 0.999216 159.343 
0.999807 0.00145043 -0.0195753 -1.88113 -0.0021382 0.999379 -0.035162 -5.28526 0.0195121 0.0351971 0.99919 160.624 
0.99979 0.000780285 -0.0204821 -1.9187 -0.00147017 0.999431 -0.033691 -5.35467 0.0204441 0.033714 0.999222 161.892 
0.999774 0.000980819 -0.0212505 -1.97705 -0.00169211 0.999438 -0.0334816 -5.43292 0.0212057 0.03351 0.999213 163.171 
0.99978 0.00134138 -0.020943 -2.05343 -0.00205666 0.999414 -0.0341714 -5.51146 0.0208849 0.034207 0.999197 164.446 
0.999775 0.0015195 -0.0211608 -2.11423 -0.00226098 0.999383 -0.0350627 -5.58688 0.0210944 0.0351026 0.999161 165.735 
0.999753 0.00301197 -0.0220004 -2.16851 -0.00378395 0.999375 -0.0351343 -5.65979 0.0218808 0.035209 0.99914 166.986 
0.999702 0.0031882 -0.0242195 -2.19813 -0.0040561 0.999348 -0.0358719 -5.73562 0.0240893 0.0359595 0.999063 168.244 
0.999684 0.00341636 -0.0249013 -2.2575 -0.00434 0.999301 -0.0371345 -5.80567 0.024757 0.0372309 0.999 169.519 
0.99965 0.00312234 -0.0262603 -2.30966 -0.00407129 0.999338 -0.0361622 -5.89095 0.02613 0.0362565 0.999001 170.779 
0.999581 0.00247114 -0.028844 -2.34818 -0.00348009 0.999382 -0.0349833 -5.95403 0.0287397 0.0350691 0.998972 172.053 
0.999525 0.00301907 -0.0306619 -2.40893 -0.00408296 0.99939 -0.0346955 -6.02699 0.0305384 0.0348043 0.998928 173.31 
0.999468 0.00321043 -0.0324458 -2.44873 -0.00433253 0.999393 -0.0345742 -6.09102 0.0323151 0.0346965 0.998875 174.597 
0.999439 0.0039825 -0.0332504 -2.51639 -0.00512597 0.999396 -0.0343769 -6.15915 0.0330934 0.0345281 0.998856 175.874 
0.999432 0.00389941 -0.0334785 -2.59216 -0.00507507 0.999371 -0.0351054 -6.24019 0.0333205 0.0352554 0.998823 177.164 
0.999434 0.0042481 -0.0333819 -2.67224 -0.00540905 0.999381 -0.0347661 -6.32315 0.0332135 0.034927 0.998838 178.45 
0.999432 0.00384262 -0.0334887 -2.74439 -0.00496855 0.999423 -0.0336045 -6.40811 0.0333402 0.0337518 0.998874 179.716 
0.999454 0.00338134 -0.0328593 -2.83595 -0.004522 0.999387 -0.0347028 -6.48236 0.0327218 0.0348325 0.998857 180.971 
0.999476 0.00266192 -0.0322645 -2.91782 -0.00382228 0.999346 -0.0359572 -6.55597 0.0321476 0.0360617 0.998832 182.227 
0.999438 -0.000893806 -0.033523 -2.96939 -0.000306051 0.99936 -0.0357711 -6.62822 0.0335335 0.0357613 0.998798 183.5 
0.999434 -0.0016846 -0.0335968 -3.04208 0.000577038 0.999457 -0.03295 -6.689 0.033634 0.032912 0.998892 184.778 
0.999422 -0.00226015 -0.0339292 -3.1044 0.00128297 0.999585 -0.0287959 -6.75374 0.0339802 0.0287358 0.999009 186.062 
0.999435 -0.00049404 -0.0336095 -3.17217 -0.000520606 0.999545 -0.0301751 -6.80983 0.033609 0.0301756 0.998979 187.314 
0.999436 0.00112147 -0.0335538 -3.23642 -0.00225179 0.999431 -0.0336692 -6.8698 0.0334969 0.0337258 0.99887 188.56 
0.999443 0.0017297 -0.0333213 -3.31253 -0.00292462 0.999353 -0.0358465 -6.92957 0.0332377 0.035924 0.998802 189.802 
0.999436 0.00183506 -0.0335258 -3.35669 -0.00303126 0.999359 -0.0356652 -6.99481 0.0334389 0.0357468 0.998801 191.079 
0.999467 0.00203432 -0.0325848 -3.43636 -0.00315681 0.999402 -0.0344351 -7.06095 0.0324952 0.0345196 0.998876 192.314 
0.999498 0.00212251 -0.0316018 -3.5164 -0.00317041 0.999445 -0.0331475 -7.10079 0.0315139 0.0332311 0.998951 193.553 
0.999533 0.00107245 -0.0305561 -3.59207 -0.00205556 0.999481 -0.0321621 -7.16846 0.0305057 0.0322099 0.999016 194.81 
0.999597 0.00184061 -0.0283194 -3.67148 -0.00278783 0.999437 -0.0334461 -7.22372 0.0282418 0.0335116 0.999039 196.063 
0.999628 0.000462906 -0.0272772 -3.72715 -0.0014212 0.999382 -0.0351242 -7.29172 0.027244 0.0351499 0.999011 197.285 
0.999672 0.0013675 -0.0255866 -3.78251 -0.00232339 0.999299 -0.0373683 -7.34822 0.0255175 0.0374155 0.998974 198.53 
0.999731 0.00100533 -0.0231737 -3.84546 -0.00189251 0.999265 -0.0382959 -7.41384 0.0231182 0.0383295 0.998998 199.75 
0.999783 0.000928146 -0.0207904 -3.91845 -0.00171263 0.999286 -0.037749 -7.48696 0.0207405 0.0377765 0.999071 200.968 
0.999819 0.00117108 -0.0190131 -3.96818 -0.00186199 0.999337 -0.0363636 -7.55556 0.0189579 0.0363925 0.999158 202.172 
0.999834 0.00293375 -0.0179779 -4.01679 -0.00357086 0.999363 -0.0355116 -7.63218 0.0178623 0.0355699 0.999208 203.393 
0.999851 0.00239351 -0.017074 -4.05654 -0.00300647 0.999348 -0.0359675 -7.6964 0.0169768 0.0360136 0.999207 204.62 
0.999863 0.0026485 -0.0163472 -4.09823 -0.00322984 0.999359 -0.0356412 -7.76846 0.0162423 0.0356892 0.999231 205.826 
0.999889 0.00288658 -0.0146298 -4.15233 -0.00340055 0.999373 -0.0352321 -7.84851 0.0145189 0.035278 0.999272 207.055 
0.999912 0.00274798 -0.0129839 -4.21761 -0.00320295 0.999377 -0.0351548 -7.92495 0.0128791 0.0351933 0.999298 208.259 
0.999917 0.00231931 -0.0127035 -4.23575 -0.00276516 0.999377 -0.0351961 -7.99026 0.0126139 0.0352283 0.9993 209.467 
0.999924 0.000847868 -0.0122847 -4.26505 -0.00128077 0.999377 -0.0352777 -8.06137 0.0122471 0.0352908 0.999302 210.665 
0.999928 0.000913908 -0.0119436 -4.30898 -0.00131934 0.999421 -0.0339858 -8.14819 0.0119056 0.0339992 0.999351 211.828 
0.999939 0.000570389 -0.0109925 -4.39003 -0.000932189 0.999457 -0.0329403 -8.2142 0.0109677 0.0329486 0.999397 212.977 
0.999935 0.00059451 -0.0113515 -4.42993 -0.000966354 0.999462 -0.0327836 -8.28306 0.0113259 0.0327925 0.999398 214.105 
0.999934 0.00115951 -0.0114186 -4.47268 -0.00154468 0.999428 -0.0337841 -8.34421 0.0113729 0.0337995 0.999364 215.208 
0.999927 0.001592 -0.011955 -4.50319 -0.00200165 0.999408 -0.0343361 -8.40798 0.0118932 0.0343576 0.999339 216.296 
0.999924 0.000454241 -0.0122937 -4.54503 -0.000886621 0.99938 -0.0351919 -8.46157 0.01227 0.0352002 0.999305 217.39 
0.999908 -9.69399e-05 -0.0135762 -4.58001 -0.000382837 0.999375 -0.0353357 -8.52191 0.0135711 0.0353377 0.999283 218.467 
0.999869 -0.00114838 -0.0161398 -4.60592 0.000584397 0.99939 -0.0349075 -8.58163 0.01617 0.0348935 0.99926 219.507 
0.999824 -0.00223505 -0.0186232 -4.63873 0.0016102 0.999437 -0.0335023 -8.63404 0.0186876 0.0334665 0.999265 220.555 
0.999773 -0.00211493 -0.0212054 -4.67637 0.00143641 0.999488 -0.0319641 -8.68733 0.0212621 0.0319265 0.999264 221.584 
0.999707 -0.0017679 -0.0241236 -4.71557 0.00100473 0.9995 -0.0316133 -8.75012 0.0241673 0.0315798 0.999209 222.618 
0.999632 -0.0017476 -0.027071 -4.74451 0.00087616 0.999482 -0.0321708 -8.80366 0.0271132 0.0321353 0.999116 223.621 
0.99954 -0.00155874 -0.0302861 -4.78255 0.000572645 0.99947 -0.0325422 -8.85012 0.0303207 0.0325099 0.999011 224.618 
0.999437 -0.000687592 -0.0335577 -4.82347 -0.000400054 0.999475 -0.0323951 -8.90006 0.0335623 0.0323903 0.998912 225.579 
0.999328 -0.00028836 -0.0366476 -4.86799 -0.000923612 0.999453 -0.0330509 -8.94902 0.0366371 0.0330626 0.998782 226.523 
0.999202 -0.000231984 -0.039951 -4.92062 -0.00113255 0.999417 -0.0341303 -8.99568 0.0399356 0.0341483 0.998619 227.428 
0.999046 -0.000240652 -0.0436655 -4.96467 -0.00130703 0.999372 -0.035413 -9.04017 0.0436465 0.0354364 0.998418 228.309 
0.998904 0.000746646 -0.0468063 -5.02333 -0.0024056 0.99937 -0.0353976 -9.09651 0.0467503 0.0354714 0.998277 229.165 
0.99874 0.000982697 -0.0501825 -5.07876 -0.00281742 0.99933 -0.0365042 -9.14551 0.0501129 0.0365997 0.998073 230.017 
0.998621 0.00294083 -0.0524236 -5.13953 -0.00485133 0.999327 -0.0363543 -9.19537 0.0522814 0.0365586 0.997963 230.836 
0.998556 0.00411037 -0.0535616 -5.20307 -0.00602647 0.999346 -0.0356622 -9.24287 0.0533799 0.0359336 0.997928 231.623 
0.998554 0.00464177 -0.0535538 -5.26208 -0.00650737 0.999376 -0.0347152 -9.28751 0.0533592 0.0350136 0.997961 232.392 
0.998573 0.00546449 -0.053132 -5.31521 -0.00726581 0.999403 -0.0337698 -9.33103 0.0529157 0.0341076 0.998016 233.157 
0.998556 0.0061931 -0.0533652 -5.36192 -0.00800041 0.999399 -0.0337207 -9.37461 0.0531243 0.034099 0.998006 233.904 
0.998546 0.00610296 -0.0535598 -5.40882 -0.00802188 0.999331 -0.0356869 -9.41862 0.0533061 0.0360647 0.997927 234.639 
0.998615 0.00648224 -0.0522191 -5.45741 -0.00847409 0.999241 -0.0380143 -9.45489 0.051933 0.0384042 0.997912 235.383 
0.998634 0.00715384 -0.0517676 -5.49836 -0.00923088 0.999157 -0.0399959 -9.48982 0.0514378 0.0404191 0.997858 236.107 
0.99868 0.00690936 -0.0508989 -5.54174 -0.00896519 0.999148 -0.0402743 -9.53533 0.0505773 0.0406775 0.997891 236.835 
0.998756 0.00597821 -0.0495127 -5.57503 -0.00798148 0.999153 -0.0403621 -9.57481 0.0492295 0.0407071 0.997958 237.565 
0.998854 0.00620791 -0.0474491 -5.62055 -0.00815361 0.999129 -0.0409241 -9.60957 0.0471537 0.0412642 0.998035 238.278 
0.998938 0.00612336 -0.0456649 -5.66062 -0.00800624 0.99912 -0.0411654 -9.65218 0.0453726 0.0414874 0.998108 238.977 
0.998997 0.00593235 -0.0443897 -5.69099 -0.00777862 0.999107 -0.041537 -9.69526 0.0441036 0.0418407 0.99815 239.662 
0.999092 0.00598841 -0.0421922 -5.71565 -0.00773868 0.999111 -0.0414439 -9.7307 0.0419064 0.0417328 0.99825 240.37 
0.999208 0.00564848 -0.0393921 -5.75118 -0.00726885 0.999128 -0.0411145 -9.77248 0.0391255 0.0413683 0.998378 241.074 
0.999295 0.00457229 -0.0372629 -5.76864 -0.00608715 0.999155 -0.0406431 -9.81685 0.0370455 0.0408413 0.998479 241.801 
0.999404 0.00387834 -0.0342941 -5.79443 -0.00526867 0.999164 -0.0405454 -9.85995 0.0341081 0.040702 0.998589 242.504 
0.99949 0.00294259 -0.031796 -5.82073 -0.00422946 0.999171 -0.0404831 -9.89964 0.0316505 0.040597 0.998674 243.207 
0.999563 0.00198874 -0.0294834 -5.84665 -0.00318202 0.999175 -0.0404827 -9.94159 0.0293785 0.0405589 0.998745 243.9 
0.999651 0.00270941 -0.0262638 -5.8799 -0.00379534 0.999136 -0.0413872 -9.98259 0.026129 0.0414725 0.998798 244.593 
0.999725 0.0026211 -0.0233205 -5.91031 -0.0035954 0.999118 -0.0418372 -10.025 0.0231902 0.0419096 0.998852 245.3 
0.999778 0.00378034 -0.0207523 -5.93463 -0.00463071 0.999145 -0.0410854 -10.0631 0.0205792 0.0411724 0.99894 245.991 
0.999841 0.00478912 -0.0172063 -5.96825 -0.00550046 0.999122 -0.0415379 -10.0955 0.0169922 0.041626 0.998989 246.69 
0.999881 0.00560717 -0.0144047 -5.99413 -0.00622029 0.999061 -0.0428808 -10.1281 0.0141507 0.0429653 0.998976 247.393 
0.999922 0.00560788 -0.0111979 -6.02022 -0.00610369 0.99898 -0.0447493 -10.1692 0.0109355 0.0448142 0.998936 248.095 
0.999925 0.0064956 -0.0103715 -6.03495 -0.00698481 0.99883 -0.0478551 -10.2069 0.0100484 0.047924 0.9988 248.805 
0.999974 0.00394996 -0.00597223 -6.06554 -0.0042417 0.998757 -0.0496599 -10.2543 0.00576861 0.049684 0.998748 249.525 
0.999966 0.00303032 -0.00765493 -6.07589 -0.00340943 0.998743 -0.0500129 -10.3048 0.00749371 0.0500374 0.998719 250.241 
0.999971 0.00224767 -0.00733629 -6.09194 -0.0026122 0.998742 -0.0500691 -10.3558 0.00721449 0.0500868 0.998719 250.968 
0.99997 0.00387538 -0.00670788 -6.10925 -0.00421165 0.998696 -0.0508722 -10.399 0.00650194 0.050899 0.998683 251.711 
0.99998 3.12607e-05 -0.0062938 -6.13406 -0.000338455 0.998808 -0.0488208 -10.4622 0.00628473 0.048822 0.998788 252.434 
0.999977 -0.00207018 -0.00640235 -6.14116 0.00174617 0.998737 -0.0502125 -10.5159 0.00649817 0.0502002 0.998718 253.2 
0.999962 -0.00640956 -0.00590514 -6.16384 0.006088 0.998578 -0.052958 -10.5607 0.00623614 0.05292 0.998579 253.931 
0.999952 -0.00877357 -0.00433926 -6.19146 0.00852717 0.998511 -0.0538771 -10.6214 0.00480545 0.0538376 0.998538 254.693 
0.999974 -0.00591126 -0.00422486 -6.20524 0.00568991 0.998702 -0.0506225 -10.6617 0.00451857 0.0505971 0.998709 255.465 
0.999993 -0.000837748 -0.00355609 -6.23552 0.000679187 0.999015 -0.04437 -10.7162 0.00358972 0.0443673 0.999009 256.246 
0.999989 -0.00258582 -0.00390259 -6.24127 0.00243213 0.99924 -0.0388974 -10.7888 0.00400017 0.0388875 0.999236 257.024 
0.999988 -0.00476693 -0.00107572 -6.26157 0.00472007 0.999186 -0.0400523 -10.8441 0.00126573 0.0400468 0.999197 257.8 
0.999991 -0.00342396 0.00267182 -6.2707 0.00354503 0.998903 -0.0466904 -10.8862 -0.00250907 0.0466995 0.998906 258.592 
0.999979 -0.00134165 0.00628931 -6.2881 0.00165787 0.998721 -0.0505398 -10.9279 -0.0062135 0.0505493 0.998702 259.383 
0.999955 0.000236707 0.00948577 -6.29445 0.000240317 0.998737 -0.0502512 -10.9801 -0.00948572 0.0502512 0.998692 260.201 
0.999909 -0.000575715 0.0135097 -6.33118 0.00122342 0.998848 -0.0479816 -11.0261 -0.0134665 0.0479938 0.998757 260.993 
0.999859 -0.00330929 0.0164648 -6.31845 0.00404103 0.998996 -0.0446073 -11.0751 -0.0163007 0.0446676 0.998869 261.829 
0.999801 -0.00482993 0.0193822 -6.32352 0.00566852 0.99904 -0.0434447 -11.1177 -0.0191538 0.043546 0.998868 262.663 
0.999741 -0.00467804 0.0222819 -6.32259 0.00562934 0.999067 -0.0428225 -11.1755 -0.0220608 0.0429369 0.998834 263.506 
0.999691 -0.00200343 0.0247766 -6.30181 0.00311739 0.998982 -0.0450016 -11.231 -0.0246613 0.0450649 0.99868 264.375 
0.999647 -0.000786027 0.0265539 -6.27602 0.00206089 0.998844 -0.0480157 -11.276 -0.0264855 0.0480535 0.998494 265.232 
0.999561 -0.000372084 0.029612 -6.28689 0.00179926 0.998837 -0.0481825 -11.3213 -0.0295596 0.0482147 0.9984 266.06 
0.999538 -0.00137306 0.0303642 -6.20995 0.00275505 0.99896 -0.0455174 -11.4076 -0.0302701 0.04558 0.998502 266.986 
0.999456 -0.000721919 0.0329599 -6.1864 0.00216915 0.999034 -0.0438929 -11.4726 -0.0328964 0.0439405 0.998492 267.852 
0.999356 8.57519e-05 0.0358841 -6.15648 0.0014849 0.999042 -0.0437399 -11.5335 -0.0358535 0.0437651 0.998398 268.724 
0.999224 0.000641469 0.0393712 -6.14815 0.00111204 0.999009 -0.0444986 -11.5776 -0.0393608 0.0445079 0.998233 269.576 
0.999077 -7.68119e-05 0.0429521 -6.14482 0.00201061 0.998986 -0.0449799 -11.6217 -0.0429051 0.0450248 0.998064 270.402 
0.998985 -0.00274354 0.0449521 -6.11884 0.00477007 0.998974 -0.045036 -11.6663 -0.0447825 0.0452047 0.997974 271.264 
0.998928 -0.00326225 0.0461744 -6.09482 0.00537348 0.998942 -0.045672 -11.7186 -0.0459766 0.0458712 0.997889 272.122 
0.998848 -0.003649 0.0478493 -6.08825 0.00585745 0.99892 -0.0460946 -11.7692 -0.0476295 0.0463218 0.99779 272.969 
0.998866 -0.00397809 0.0474432 -6.04842 0.00618483 0.998901 -0.0464565 -11.8224 -0.0472063 0.0466973 0.997793 273.829 
0.998908 -0.00264114 0.046643 -6.02242 0.00480818 0.998911 -0.0464084 -11.8706 -0.0464696 0.0465821 0.997833 274.678 
0.998944 -0.00144785 0.0459174 -5.99741 0.0035239 0.998973 -0.0451632 -11.9359 -0.0458049 0.0452774 0.997924 275.537 
0.998993 -0.00141451 0.0448447 -5.98294 0.00350057 0.998913 -0.0464721 -11.9864 -0.0447303 0.0465823 0.997913 276.395 
0.999091 -0.00245098 0.0425477 -5.94286 0.0044319 0.998907 -0.0465249 -12.0534 -0.0423872 0.0466712 0.998011 277.268 
0.999205 -0.00261765 0.0397708 -5.90359 0.00443032 0.998952 -0.0455573 -12.1264 -0.0396099 0.0456973 0.99817 278.109 
0.999173 -0.00235543 0.040603 -5.93671 0.00416341 0.999001 -0.0445001 -12.2001 -0.0404577 0.0446324 0.998184 278.936 
0.999246 -0.00114093 0.0388196 -5.92251 0.00289836 0.998972 -0.0452446 -12.2496 -0.0387281 0.045323 0.998221 279.807 
0.999314 -0.00067519 0.0370248 -5.92395 0.00236274 0.998959 -0.045553 -12.2883 -0.0369556 0.0456093 0.998276 280.673 
0.999411 -0.000786722 0.0343219 -5.91429 0.00229733 0.999029 -0.0439944 -12.3406 -0.034254 0.0440473 0.998442 281.516 
0.999531 -0.00178847 0.0305565 -5.90904 0.00306529 0.999122 -0.0417887 -12.3888 -0.0304549 0.0418628 0.998659 282.359 
0.999647 -0.00246841 0.0264572 -5.91514 0.00354665 0.999162 -0.0407832 -12.4297 -0.0263344 0.0408627 0.998818 283.193 
0.999739 -0.00202683 0.0227652 -5.93228 0.00294996 0.999172 -0.0405877 -12.4634 -0.0226641 0.0406443 0.998917 284.017 
0.999832 -0.0018323 0.0182411 -5.94504 0.0025689 0.999179 -0.0404376 -12.4991 -0.0181521 0.0404777 0.999016 284.83 
0.999908 -0.000360974 0.0135545 -5.94979 0.000922279 0.999141 -0.0414243 -12.5288 -0.013528 0.041433 0.99905 285.646 
0.999963 -0.0019983 0.00842427 -5.94487 0.00233768 0.999178 -0.0404649 -12.5837 -0.00833653 0.0404831 0.999145 286.453 
0.999985 -0.00236804 0.00490211 -5.96588 0.00256654 0.999161 -0.0408814 -12.6297 -0.00480123 0.0408934 0.999152 287.233 
0.999997 -0.00187793 0.00147674 -5.99445 0.00193721 0.99915 -0.0411891 -12.6742 -0.00139817 0.0411919 0.99915 287.992 
0.999996 -0.00186221 -0.0023019 -6.01229 0.00176558 0.999145 -0.041305 -12.7243 0.00237681 0.0413008 0.999144 288.747 
0.999978 -0.00237845 -0.00618624 -6.02009 0.00212086 0.999144 -0.0413251 -12.7688 0.00627919 0.0413111 0.999127 289.479 
0.999943 -0.00355723 -0.0100214 -6.05027 0.00312802 0.99909 -0.0425281 -12.8074 0.0101636 0.0424944 0.999045 290.177 
0.999887 -0.00242685 -0.0148657 -6.07186 0.00176574 0.999016 -0.0443279 -12.8439 0.0149586 0.0442967 0.998906 290.866 
0.999776 -0.00136021 -0.0211247 -6.11611 0.000394871 0.998958 -0.0456361 -12.8967 0.0211648 0.0456176 0.998735 291.524 
0.999566 -0.000386606 -0.029466 -6.15323 -0.00100987 0.998877 -0.0473645 -12.9441 0.0294512 0.0473738 0.998443 292.177 
0.999207 -0.000405776 -0.0398037 -6.20045 -0.00153375 0.998813 -0.0486857 -12.9893 0.0397762 0.0487082 0.998021 292.823 
0.998586 3.55746e-05 -0.0531681 -6.25153 -0.00264832 0.998792 -0.0490723 -13.0325 0.053102 0.0491438 0.997379 293.451 
0.997559 0.000932951 -0.0698165 -6.31773 -0.00431466 0.998823 -0.0483026 -13.0786 0.0696893 0.048486 0.99639 294.072 
0.995977 0.00353215 -0.0895376 -6.39956 -0.00784412 0.998824 -0.0478526 -13.1144 0.0892632 0.0483625 0.994833 294.694 
0.993655 0.00537199 -0.112341 -6.49625 -0.0108481 0.998779 -0.0481919 -13.1482 0.111945 0.0491048 0.9925 295.32 
0.990417 0.00667489 -0.137948 -6.59899 -0.0134696 0.998738 -0.0483813 -13.1779 0.137451 0.0497759 0.989257 295.932 
0.986018 0.00803039 -0.166444 -6.71924 -0.0163543 0.99868 -0.0487003 -13.1958 0.165833 0.0507415 0.984848 296.537 
0.980327 0.00914315 -0.197169 -6.86895 -0.0188098 0.998708 -0.0472105 -13.2291 0.196482 0.0499905 0.979232 297.1 
0.972691 0.00920775 -0.23192 -7.01225 -0.0203035 0.998758 -0.0455018 -13.2647 0.231213 0.0489681 0.97167 297.672 
0.96325 0.00884302 -0.26846 -7.1772 -0.0212196 0.99884 -0.0432357 -13.2953 0.267767 0.0473435 0.96232 298.222 
0.951712 0.0103942 -0.306816 -7.35832 -0.0239547 0.998894 -0.0404653 -13.3285 0.306056 0.0458611 0.950908 298.777 
0.937857 0.0119062 -0.346818 -7.55935 -0.0261603 0.998993 -0.0364469 -13.3915 0.346035 0.0432549 0.937224 299.313 
0.922082 0.0118601 -0.386814 -7.79409 -0.0269493 0.999072 -0.0336089 -13.4256 0.386056 0.0414145 0.921545 299.827 
0.90372 0.0124554 -0.427944 -8.02475 -0.0283028 0.999128 -0.0306893 -13.459 0.427188 0.0398466 0.903284 300.327 
0.882461 0.0119311 -0.470234 -8.28045 -0.0285018 0.999198 -0.0281355 -13.4932 0.469521 0.0382311 0.882093 300.806 
0.857974 0.0114819 -0.513565 -8.54511 -0.028896 0.999246 -0.0259342 -13.5239 0.512879 0.0370909 0.857659 301.272 
0.831404 0.0109426 -0.555561 -8.86274 -0.0283468 0.99934 -0.022738 -13.5594 0.554945 0.0346529 0.831165 301.642 
0.801309 0.0103224 -0.598162 -9.18913 -0.029523 0.999315 -0.0223045 -13.5239 0.597522 0.0355324 0.801065 302.058 
0.767716 0.011797 -0.640682 -9.53873 -0.0321643 0.99928 -0.0201419 -13.5435 0.639983 0.0360704 0.767542 302.449 
0.731053 0.0101734 -0.682245 -9.89776 -0.0310192 0.999351 -0.0183363 -13.5635 0.681615 0.0345676 0.730894 302.784 
0.691054 0.00906074 -0.722746 -10.2778 -0.0287119 0.999476 -0.014923 -13.5667 0.722232 0.031064 0.690952 303.082 
0.646831 0.00844378 -0.762587 -10.6958 -0.0249647 0.999637 -0.0101067 -13.5566 0.762225 0.0255751 0.646807 303.349 
0.597952 0.00838625 -0.801488 -11.1104 -0.0228965 0.999716 -0.00662163 -13.5434 0.801205 0.0223107 0.597975 303.603 
0.54674 0.0122089 -0.837214 -11.5562 -0.0256667 0.999668 -0.00218366 -13.5513 0.836909 0.0226825 0.546872 303.8 
0.492671 0.0193313 -0.870001 -11.9671 -0.0323382 0.999469 0.00389529 -13.5822 0.869615 0.0262152 0.493035 303.96 
0.436752 0.0225383 -0.8993 -12.4026 -0.0369682 0.999291 0.00709038 -13.5661 0.898822 0.0301488 0.437275 304.094 
0.378703 0.0249412 -0.925182 -12.8381 -0.0390517 0.999177 0.010951 -13.5614 0.924694 0.0319828 0.379365 304.202 
0.320256 0.0273744 -0.946935 -13.3056 -0.0388527 0.999121 0.0157429 -13.5567 0.946534 0.0317493 0.321038 304.28 
0.266756 0.0284352 -0.963344 -13.8516 -0.0370696 0.999128 0.0192266 -13.5011 0.963051 0.030582 0.267578 304.225 
0.204734 0.0328459 -0.978266 -14.2589 -0.0355746 0.999026 0.0260978 -13.5098 0.978171 0.0294584 0.205703 304.305 
0.140254 0.0353903 -0.989483 -14.708 -0.0330253 0.998972 0.0310486 -13.4929 0.989565 0.0283233 0.141279 304.343 
0.0745212 0.0379597 -0.996497 -15.1505 -0.0325942 0.998834 0.0356112 -13.463 0.996687 0.0298263 0.0756716 304.338 
0.00824563 0.0429697 -0.999042 -15.6227 -0.0310299 0.998606 0.0426948 -13.4361 0.999484 0.0306482 0.00956748 304.303 
-0.0602914 0.0498482 -0.996935 -16.0841 -0.0292398 0.998236 0.0516816 -13.4211 0.997753 0.0322662 -0.0587274 304.25 
-0.12899 0.0569128 -0.990011 -16.5602 -0.0266699 0.997792 0.0608349 -13.4028 0.991287 0.0342506 -0.127187 304.161 
-0.197036 0.0621575 -0.978424 -17.0359 -0.024013 0.997383 0.0681977 -13.3629 0.980102 0.0369323 -0.195028 304.037 
-0.264029 0.0658397 -0.962265 -17.5141 -0.020236 0.99707 0.0737735 -13.3007 0.964303 0.0389508 -0.261923 303.881 
-0.328899 0.0698978 -0.941775 -17.994 -0.0153915 0.996728 0.0793516 -13.2656 0.94424 0.0405941 -0.326747 303.682 
-0.390798 0.0710073 -0.917734 -18.4911 -0.01109 0.996585 0.0818306 -13.2092 0.92041 0.0421569 -0.388676 303.443 
-0.448443 0.0716382 -0.890936 -18.9338 -0.00657485 0.996492 0.0834351 -13.1706 0.893787 0.0432737 -0.446398 303.154 
-0.503737 0.0710727 -0.860929 -19.3945 -0.00323848 0.996447 0.0841552 -13.1206 0.863851 0.0451802 -0.501717 302.843 
-0.554733 0.0702456 -0.829058 -19.8517 -0.000475925 0.996403 0.0847432 -13.0598 0.832028 0.0474044 -0.552704 302.504 
-0.600377 0.067571 -0.796858 -20.319 0.000560332 0.996459 0.0840745 -12.9845 0.799717 0.0500299 -0.598289 302.107 
-0.640215 0.068386 -0.765146 -20.7666 0.00335077 0.996269 0.0862393 -12.9339 0.768189 0.0526478 -0.638055 301.694 
-0.6763 0.0720373 -0.733096 -21.1983 0.00930089 0.995963 0.0892875 -12.882 0.736568 0.0535667 -0.674239 301.247 
-0.711674 0.0790364 -0.69805 -21.6302 0.0192201 0.99547 0.0931164 -12.8273 0.702247 0.0528519 -0.709969 300.776 
-0.746103 0.0842913 -0.660474 -22.0673 0.0271373 0.99498 0.0963262 -12.7588 0.665278 0.0539458 -0.744644 300.258 
-0.777195 0.0861536 -0.623334 -22.4727 0.0318653 0.994701 0.0977509 -12.7004 0.628453 0.0561088 -0.775821 299.693 
-0.80562 0.0822181 -0.5867 -22.856 0.0329427 0.995008 0.0942021 -12.6265 0.591516 0.0565636 -0.804307 299.094 
-0.831602 0.0804959 -0.549507 -23.2592 0.0368973 0.995262 0.0899545 -12.5697 0.554145 0.0545311 -0.830632 298.451 
-0.855339 0.0772396 -0.512279 -23.6385 0.0383925 0.995555 0.0860033 -12.5212 0.516645 0.0538943 -0.854502 297.767 
-0.876307 0.073739 -0.476075 -23.984 0.0393301 0.995868 0.081855 -12.4438 0.480144 0.053006 -0.875587 297.039 
-0.895499 0.073042 -0.43903 -24.2975 0.0410975 0.995797 0.0818446 -12.393 0.443163 0.0552487 -0.894737 296.297 
-0.913613 0.068912 -0.400702 -24.6199 0.0400608 0.995994 0.0799493 -12.3217 0.404606 0.0569903 -0.912714 295.507 
-0.929337 0.0688698 -0.362754 -24.8927 0.0431326 0.995974 0.0785873 -12.2566 0.366706 0.0573875 -0.928565 294.679 
-0.943657 0.0709671 -0.323225 -25.1505 0.0480429 0.995766 0.0783683 -12.1873 0.327418 0.0584242 -0.943072 293.85 
-0.955451 0.0741746 -0.285679 -25.3609 0.0537277 0.995444 0.0787682 -12.1304 0.29022 0.0599102 -0.955083 292.946 
-0.966087 0.0760781 -0.246755 -25.565 0.0576708 0.995045 0.0809957 -12.0712 0.251694 0.0640183 -0.965687 292.032 
-0.97433 0.0794207 -0.210651 -25.7084 0.0635807 0.994689 0.0809412 -11.9929 0.215961 0.0654701 -0.974205 291.089 
-0.981608 0.0780853 -0.174208 -25.8457 0.0652042 0.994781 0.0784851 -11.8995 0.179428 0.0656825 -0.981576 290.103 
-0.987215 0.0763533 -0.13992 -25.9562 0.0664448 0.995029 0.0741748 -11.8353 0.144888 0.0639295 -0.987381 289.1 
-0.991411 0.0747678 -0.107307 -26.0208 0.0673648 0.995197 0.0710339 -11.7833 0.112103 0.063195 -0.991685 288.066 
-0.994433 0.0737298 -0.0752824 -26.0771 0.0684929 0.995198 0.0699262 -11.7199 0.0800766 0.0643806 -0.994707 287.001 
-0.996392 0.0723338 -0.0443858 -26.1112 0.0691577 0.995193 0.0693451 -11.6538 0.0491884 0.0660253 -0.996605 285.892 
-0.997452 0.0696523 -0.0154227 -26.0969 0.0684885 0.995451 0.0662343 -11.5791 0.0199659 0.0650093 -0.997685 284.788 
-0.997639 0.0677013 0.0115298 -26.0567 0.0683102 0.995546 0.0649774 -11.5169 -0.00707931 0.0656116 -0.99782 283.652 
-0.997255 0.0643793 0.0365823 -25.9885 0.0666588 0.99566 0.0649486 -11.4524 -0.0322421 0.0672088 -0.997218 282.508 
