1 2.12261e-08 -2.11895e-08 0 2.12261e-08 1 2.10703e-08 0 -2.11895e-08 2.10703e-08 1 0 
0.999978 0.000324924 -0.00659257 -0.0082495 -0.000321513 1 0.000511956 -0.00448324 0.00659269 -0.000509783 0.999978 0.089933 
0.999905 0.000637446 -0.0137557 -0.0197008 -0.000630886 1 0.000478185 -0.00508008 0.0137559 -0.000469419 0.999905 0.187716 
0.999774 0.000983825 -0.0212369 -0.0341604 -0.00099242 0.999999 -0.000396167 -0.00474292 0.0212364 0.000417196 0.999774 0.287723 
0.999528 0.0014542 -0.0306753 -0.0443215 -0.00151745 0.999997 -0.0020401 -0.00543574 0.0306722 0.00208573 0.999527 0.412448 
0.999108 0.000956772 -0.0422092 -0.0624935 -0.00108819 0.999995 -0.00309162 -0.0153407 0.0422059 0.00313483 0.999104 0.526465 
0.998357 0.000170215 -0.0572969 -0.0550059 -0.000352412 0.999995 -0.00317052 -0.0274332 0.057296 0.00318555 0.998352 0.659197 
0.997296 0.000115837 -0.0734884 -0.0852696 -0.000357924 0.999995 -0.00328162 -0.0267661 0.0734875 0.00329909 0.997291 0.793951 
0.995724 -0.00123388 -0.092367 -0.115627 0.000915691 0.999994 -0.00348752 -0.0252161 0.0923707 0.00338808 0.995719 0.953167 
0.993664 -0.00234428 -0.112365 -0.154573 0.00196496 0.999992 -0.0034867 -0.0348276 0.112372 0.00324386 0.993661 1.12473 
0.990874 -0.0024268 -0.134767 -0.199293 0.00192646 0.999991 -0.00384319 -0.0372351 0.134775 0.00354854 0.99087 1.30528 
0.987269 0.000972779 -0.15906 -0.258278 -0.00183833 0.999984 -0.00529489 -0.0404892 0.159052 0.00551993 0.987255 1.48774 
0.982706 0.00499791 -0.185103 -0.310539 -0.00640857 0.999955 -0.0070236 -0.0408837 0.18506 0.00808843 0.982694 1.66297 
0.977397 0.00752924 -0.211279 -0.403071 -0.00948372 0.999921 -0.00823911 -0.0433203 0.2112 0.0100566 0.977391 1.83593 
0.970542 0.00824198 -0.240789 -0.486204 -0.0105741 0.999909 -0.00839516 -0.0463553 0.240698 0.010694 0.970541 2.03862 
0.96243 0.00980014 -0.271352 -0.586484 -0.0124318 0.999891 -0.0079812 -0.048597 0.271245 0.0110548 0.962447 2.24241 
0.95287 0.0118994 -0.303146 -0.696064 -0.0146537 0.999869 -0.00681282 -0.0522841 0.303025 0.010934 0.95292 2.45213 
0.941408 0.0136514 -0.336995 -0.811977 -0.0167529 0.99984 -0.00629717 -0.0468867 0.336855 0.0115739 0.941486 2.67197 
0.928827 0.0163458 -0.370154 -0.934543 -0.0198771 0.999786 -0.00572754 -0.0489814 0.369981 0.0126775 0.928953 2.85771 
0.914714 0.0188303 -0.403663 -1.05947 -0.0228762 0.999725 -0.00520244 -0.0518684 0.403454 0.0139931 0.914893 3.05769 
0.898303 0.0195321 -0.438942 -1.196 -0.0239258 0.999704 -0.0044796 -0.0499223 0.438724 0.0145261 0.898504 3.26552 
0.879298 0.0146496 -0.476046 -1.32868 -0.0193047 0.999802 -0.00489017 -0.0532585 0.47588 0.0134899 0.879407 3.46847 
0.857319 0.00970205 -0.514693 -1.47096 -0.0145827 0.999879 -0.00544251 -0.0559515 0.514578 0.0121717 0.857357 3.6678 
0.831888 0.0111106 -0.554832 -1.65197 -0.0148974 0.999886 -0.00231351 -0.0561825 0.554743 0.0101902 0.831959 3.8588 
0.80222 0.0164268 -0.596803 -1.84806 -0.019453 0.99981 0.00137072 -0.0598828 0.596712 0.01051 0.802387 4.04322 
0.768848 0.0193271 -0.639139 -2.05694 -0.0225355 0.999741 0.0031225 -0.0611628 0.639034 0.0120026 0.769085 4.22394 
0.732033 0.0179409 -0.681034 -2.28722 -0.0213614 0.999766 0.00337648 -0.0573565 0.680935 0.0120762 0.732245 4.41634 
0.691477 0.0135895 -0.722271 -2.52188 -0.0150864 0.999877 0.00436937 -0.0543089 0.722241 0.00787523 0.691597 4.58737 
0.647733 0.0101859 -0.761799 -2.77179 -0.00947731 0.999941 0.00531179 -0.057767 0.761808 0.00377923 0.647792 4.76103 
0.601838 0.00902235 -0.798567 -3.05383 -0.00625172 0.999959 0.00658609 -0.0488548 0.798594 0.00102871 0.60187 4.92472 
0.55265 0.00955734 -0.833358 -3.3503 -0.00378342 0.999953 0.00895889 -0.0400939 0.833405 -0.00179814 0.552661 5.07795 
0.500934 0.0100564 -0.865427 -3.6645 -0.00217472 0.999944 0.0103607 -0.0355777 0.865483 -0.00330789 0.500928 5.21169 
0.447427 0.0115461 -0.894246 -3.98272 0.000130348 0.999916 0.0129756 -0.0430266 0.894321 -0.00592216 0.447387 5.32621 
0.392301 0.0137223 -0.919734 -4.32191 0.00110387 0.999881 0.0153889 -0.0397663 0.919836 -0.00705232 0.392239 5.42654 
0.337445 0.0158245 -0.941212 -4.68586 0.00120106 0.999851 0.017241 -0.0389273 0.941344 -0.0069483 0.337376 5.48895 
0.28239 0.018575 -0.95912 -5.06697 0.00365628 0.999784 0.0204391 -0.0339359 0.959293 -0.00927854 0.282261 5.54099 
0.227816 0.02041 -0.97349 -5.44156 0.00841232 0.999702 0.0229282 -0.0307427 0.973668 -0.0134127 0.227577 5.60654 
0.177113 0.0207656 -0.983971 -5.8255 0.0101887 0.999685 0.0229312 -0.0274146 0.984138 -0.0140868 0.176846 5.63193 
0.130117 0.0219153 -0.991256 -6.25206 0.00824803 0.999697 0.0231846 -0.0242781 0.991464 -0.0111926 0.129897 5.63449 
0.0880822 0.0218694 -0.995873 -6.69408 0.00558944 0.999732 0.0224486 -0.0156382 0.996098 -0.00754365 0.0879364 5.61942 
0.0502443 0.0204774 -0.998527 -7.14154 0.00340589 0.999781 0.0206744 -0.00740854 0.998731 -0.00443961 0.0501636 5.59604 
0.015344 0.017417 -0.999731 -7.61897 0.00333838 0.999842 0.0174702 0.00123774 0.999877 -0.0036055 0.0152835 5.58264 
-0.0163819 0.0151242 -0.999751 -8.09819 0.00403766 0.999878 0.0150599 -0.00475711 0.999858 -0.00378991 -0.016441 5.54503 
-0.042683 0.0126849 -0.999008 -8.59012 0.00286382 0.999917 0.0125741 0.00100622 0.999085 -0.00232424 -0.0427158 5.48817 
-0.0629657 0.0101422 -0.997964 -9.10013 0.00197363 0.999948 0.0100378 0.0102364 0.998014 -0.00133753 -0.0629824 5.42543 
-0.0797036 0.00880446 -0.99678 -9.62689 0.00207151 0.99996 0.00866691 0.0237148 0.996817 -0.00137401 -0.0797186 5.36591 
-0.0933453 0.00895966 -0.995594 -10.1713 0.00258322 0.999958 0.00875674 0.0308122 0.99563 -0.00175439 -0.0933646 5.30389 
-0.103027 0.0103859 -0.994624 -10.727 0.000383557 0.999946 0.0104018 0.0194394 0.994679 0.000690202 -0.103025 5.22623 
-0.109423 0.0118556 -0.993925 -11.2823 -0.000890018 0.999927 0.0120252 0.0144118 0.993995 0.00220048 -0.109405 5.14667 
-0.11413 0.0129359 -0.993382 -11.8902 -0.000541103 0.999914 0.0130831 0.0174587 0.993466 0.00203074 -0.114113 5.05308 
-0.115354 0.0144757 -0.993219 -12.4875 0.00130619 0.999895 0.0144213 0.00737878 0.993324 0.000366267 -0.115361 4.97552 
-0.115038 0.0162972 -0.993227 -13.1181 0.00384953 0.999865 0.0159603 0.0262054 0.993354 -0.00198739 -0.115085 4.89665 
-0.113862 0.0187879 -0.993319 -13.7572 0.0032162 0.999823 0.0185422 0.0307432 0.993491 -0.00108341 -0.113903 4.80888 
-0.112445 0.0184707 -0.993486 -14.4079 0.000879315 0.999829 0.0184891 0.033332 0.993658 0.00120547 -0.112442 4.72506 
-0.111209 0.0160776 -0.993667 -15.0751 -0.000583666 0.999868 0.0162433 0.0357187 0.993797 0.0023864 -0.111185 4.64151 
-0.111571 0.0154889 -0.993636 -15.7482 0.000640055 0.999879 0.0155144 0.0504213 0.993756 0.00109501 -0.111567 4.57776 
-0.110278 0.0176965 -0.993743 -16.4499 0.00190062 0.999843 0.0175943 0.0711293 0.993899 5.15611e-05 -0.110294 4.49483 
-0.107608 0.0214215 -0.993963 -17.1646 0.00060219 0.999769 0.0214815 0.0683758 0.994193 0.00171306 -0.107596 4.39498 
-0.105795 0.0233665 -0.994113 -17.8974 0.000432522 0.999725 0.0234524 0.0740861 0.994388 0.00205121 -0.105776 4.29943 
-0.104373 0.0223406 -0.994287 -18.6292 -0.00131518 0.999744 0.0226013 0.0880215 0.994537 0.00366666 -0.104316 4.21659 
-0.102671 0.0191093 -0.994532 -19.3657 -0.00229523 0.999808 0.0194476 0.100775 0.994713 0.00427944 -0.102608 4.1305 
-0.101505 0.0179751 -0.994673 -20.133 -0.00382291 0.999822 0.0184583 0.109408 0.994828 0.00567619 -0.101418 4.03614 
-0.0999924 0.0206741 -0.994773 -20.9309 -0.000927013 0.999782 0.0208714 0.117611 0.994988 0.00300918 -0.0999514 3.94093 
-0.0986002 0.0229445 -0.994863 -21.7133 0.000887184 0.999736 0.0229689 0.114333 0.995127 0.00138216 -0.0985945 3.84335 
-0.0979371 0.0243472 -0.994895 -22.5368 0.00298219 0.999703 0.0241713 0.12494 0.995188 -0.000599662 -0.0979806 3.74479 
-0.0963779 0.0189605 -0.995164 -23.3466 0.00178977 0.99982 0.0188759 0.131467 0.995343 3.81406e-05 -0.0963945 3.63985 
-0.0962475 0.012142 -0.995283 -24.1542 0.00326854 0.999924 0.0118826 0.127587 0.995352 -0.00210942 -0.0962799 3.5486 
-0.096245 0.00785247 -0.995327 -24.9769 0.00522224 0.999959 0.00738404 0.121356 0.995344 -0.00448712 -0.096282 3.45322 
-0.0959516 0.00877888 -0.995347 -25.8024 0.00618704 0.999947 0.00822302 0.116765 0.995367 -0.0053692 -0.0960008 3.34285 
-0.0957999 0.0152745 -0.995283 -26.6392 0.006444 0.999871 0.0147247 0.132774 0.99538 -0.00500294 -0.095886 3.24402 
-0.0961947 0.0223992 -0.995111 -27.4814 0.00537794 0.999744 0.0219836 0.129674 0.995348 -0.0032369 -0.0962905 3.14313 
-0.0972398 0.0275126 -0.994881 -28.3151 0.00371276 0.999621 0.0272808 0.133114 0.995254 -0.00104094 -0.0973051 3.059 
-0.0976586 0.0275988 -0.994837 -29.1499 0.00234217 0.999619 0.0275016 0.140233 0.995217 0.000355722 -0.097686 2.9615 
-0.0982017 0.0236907 -0.994885 -29.9963 0.00174912 0.999719 0.0236332 0.143579 0.995165 0.000580684 -0.0982155 2.85914 
-0.099737 0.0205038 -0.994803 -30.8079 0.00247948 0.99979 0.020358 0.158744 0.995011 -0.000436104 -0.0997669 2.7838 
-0.0998278 0.0219438 -0.994763 -31.6505 0.000643552 0.999758 0.0219894 0.15546 0.995005 0.00155501 -0.0998178 2.67826 
-0.0980479 0.0232088 -0.994911 -32.5176 0.00075723 0.99973 0.0232465 0.171531 0.995181 0.00152594 -0.0980389 2.52352 
-0.0980938 0.0211001 -0.994953 -33.3448 0.00135816 0.999777 0.0210685 0.183256 0.995176 0.00071543 -0.0981006 2.42862 
-0.0978809 0.0162245 -0.995066 -34.1698 0.000289267 0.999868 0.0162743 0.184169 0.995198 0.00130514 -0.0978726 2.32976 
-0.0978243 0.0117781 -0.995134 -34.9992 -0.00126176 0.999928 0.0119589 0.18858 0.995203 0.00242553 -0.0978024 2.23043 
-0.0971315 0.0129235 -0.995188 -35.8413 -0.00157753 0.999912 0.0131389 0.176443 0.99527 0.00284617 -0.0971026 2.12365 
-0.0971606 0.0154948 -0.995148 -36.6767 -0.000589853 0.999878 0.015626 0.172416 0.995269 0.00210526 -0.0971395 2.03467 
-0.0969634 0.0203836 -0.995079 -37.5073 -0.000879778 0.999788 0.0205658 0.173413 0.995288 0.00286962 -0.0969249 1.94417 
-0.0978962 0.0250922 -0.99488 -38.3278 0.000459479 0.999683 0.0251682 0.189503 0.995197 0.00200678 -0.0978767 1.87462 
-0.0973708 0.028237 -0.994848 -39.1702 0.00015463 0.999598 0.0283567 0.190175 0.995248 0.00260732 -0.097336 1.76119 
-0.0975967 0.0280704 -0.99483 -39.9967 0.000273648 0.999603 0.0281782 0.194939 0.995226 0.00247791 -0.0975657 1.67777 
-0.0974323 0.0230141 -0.994976 -40.8253 0.000402526 0.999733 0.0230848 0.21346 0.995242 0.00184874 -0.0974156 1.57065 
-0.0975126 0.0184895 -0.995063 -41.6612 -1.00931e-05 0.999827 0.0185791 0.218167 0.995234 0.00182178 -0.0974956 1.48167 
-0.0977577 0.0150984 -0.995096 -42.4935 -0.00367038 0.999873 0.0155315 0.225797 0.995204 0.00517074 -0.0976898 1.38438 
-0.0978122 0.0130224 -0.99512 -43.3333 -0.00714369 0.999879 0.0137869 0.229489 0.995179 0.00845739 -0.0977074 1.26928 
-0.0975833 0.0106571 -0.99517 -44.168 -0.00472336 0.999926 0.0111712 0.233658 0.995216 0.00579071 -0.0975258 1.15266 
-0.0996632 0.00615515 -0.995002 -44.9984 -0.000553554 0.99998 0.00624139 0.242791 0.995021 0.00117286 -0.0996578 1.06471 
-0.102051 0.00522156 -0.994765 -45.808 0.00397095 0.99998 0.00484156 0.230121 0.994771 -0.00345603 -0.10207 1.00321 
-0.104268 0.00842891 -0.994514 -46.6312 0.00454567 0.999958 0.00799847 0.223907 0.994539 -0.00368671 -0.104302 0.907085 
-0.106188 0.0143026 -0.994243 -47.4445 0.00701539 0.999882 0.0136344 0.221267 0.994321 -0.00552715 -0.106276 0.809993 
-0.109046 0.0173887 -0.993885 -48.2633 0.0088563 0.999824 0.016521 0.223954 0.993997 -0.00700056 -0.109181 0.721266 
-0.111004 0.0164505 -0.993684 -49.076 0.00810441 0.999845 0.0156471 0.216688 0.993787 -0.00631628 -0.11112 0.627258 
-0.111585 0.011447 -0.993689 -49.8818 0.00489176 0.999928 0.0109695 0.218103 0.993743 -0.0036368 -0.111633 0.506597 
-0.112716 0.00802205 -0.993595 -50.6706 0.000291846 0.999968 0.00804039 0.208582 0.993627 0.00061634 -0.112714 0.393914 
-0.114211 0.0063679 -0.993436 -51.4693 -0.00362253 0.99997 0.00682625 0.204152 0.99345 0.00437843 -0.114184 0.280403 
-0.115447 0.00728925 -0.993287 -52.2633 -0.00597375 0.99995 0.00803245 0.195168 0.993296 0.006861 -0.115397 0.172605 
-0.116244 0.0084567 -0.993185 -53.0461 -0.00604622 0.999939 0.00922188 0.185493 0.993202 0.00707704 -0.116186 0.0643152 
-0.117261 0.00780161 -0.99307 -53.822 -0.00744134 0.999934 0.0087342 0.179704 0.993073 0.008414 -0.117196 -0.042988 
-0.117627 0.00769275 -0.993028 -54.5981 -0.00869785 0.999924 0.00877646 0.169678 0.99302 0.00966959 -0.117551 -0.157903 
-0.117763 0.00941309 -0.992997 -55.3809 -0.00716526 0.999921 0.0103285 0.164498 0.993016 0.00833143 -0.117686 -0.272039 
-0.118276 0.0121664 -0.992906 -56.1537 -0.00636489 0.999895 0.0130102 0.159012 0.99296 0.00785859 -0.118187 -0.375772 
-0.118503 0.01612 -0.992823 -56.9126 -0.00644541 0.999835 0.0170032 0.157896 0.992933 0.00841413 -0.11838 -0.477413 
-0.119371 0.0182102 -0.992683 -57.6746 -0.00654872 0.999796 0.0191282 0.152985 0.992828 0.00878418 -0.119227 -0.581754 
-0.121755 0.017842 -0.9924 -58.403 -0.00588117 0.999808 0.0186967 0.162181 0.992543 0.00811294 -0.121627 -0.645785 
-0.12274 0.0157755 -0.992313 -59.1481 -0.00452389 0.999854 0.0164549 0.161904 0.992429 0.00650883 -0.122651 -0.744654 
-0.123756 0.0121742 -0.992238 -59.8783 -0.00413779 0.99991 0.0127844 0.157073 0.992304 0.00568786 -0.123695 -0.840948 
-0.123497 0.00902749 -0.992304 -60.6172 -0.00391515 0.999946 0.00958428 0.153357 0.992337 0.00506869 -0.123455 -0.958892 
-0.122389 0.00630531 -0.992462 -61.3401 -0.00388212 0.999969 0.00683174 0.154113 0.992475 0.00468903 -0.122361 -1.06439 
-0.120812 0.00567189 -0.992659 -62.0293 -0.00603027 0.999961 0.00644753 0.140935 0.992657 0.00676498 -0.120773 -1.15781 
-0.116673 0.00646853 -0.993149 -62.7171 -0.00587202 0.999957 0.0072027 0.133074 0.993153 0.00667219 -0.11663 -1.25787 
-0.111101 0.00786923 -0.993778 -63.387 -0.00465777 0.999954 0.00843886 0.124301 0.993798 0.00556639 -0.11106 -1.34227 
-0.10399 0.0096512 -0.994532 -64.0369 -0.00378028 0.999942 0.010099 0.111718 0.994571 0.00480984 -0.103947 -1.41586 
-0.0958107 0.0109611 -0.995339 -64.6631 -0.00370984 0.999929 0.0113687 0.101954 0.995393 0.00478183 -0.0957632 -1.4765 
-0.084172 0.012383 -0.996374 -65.2845 -0.00592096 0.999899 0.012927 0.0962789 0.996434 0.00698762 -0.0840902 -1.53883 
-0.0689464 0.0135774 -0.997528 -65.8745 -0.00870189 0.999861 0.0142106 0.0933054 0.997582 0.00966019 -0.0688187 -1.60139 
-0.0504267 0.0142877 -0.998626 -66.4695 -0.00991021 0.999841 0.0148056 0.0966572 0.998679 0.0106432 -0.0502771 -1.63853 
-0.0287389 0.015077 -0.999473 -67.0237 -0.0103968 0.999828 0.0153813 0.0888149 0.999533 0.0108334 -0.0285772 -1.64368 
-0.00333456 0.0151186 -0.99988 -67.5698 -0.00943671 0.999841 0.0151494 0.0877157 0.99995 0.00948614 -0.00319136 -1.6357 
0.0256632 0.0148564 -0.99956 -68.0852 -0.00750955 0.999864 0.0146681 0.0793466 0.999642 0.00712986 0.0257713 -1.60203 
0.0599399 0.0145018 -0.998097 -68.5861 -0.004835 0.999887 0.0142374 0.0822774 0.99819 0.00397245 0.0600032 -1.55715 
0.0973194 0.0143595 -0.99515 -69.0578 -0.00286654 0.999896 0.0141477 0.0849911 0.995249 0.00147584 0.0973504 -1.48376 
0.138361 0.014344 -0.990278 -69.521 -0.0020678 0.999897 0.0141944 0.0767626 0.99038 8.37748e-05 0.138377 -1.39814 
0.183695 0.0160434 -0.982852 -69.9535 -6.78079e-05 0.999867 0.0163085 0.0628403 0.982983 -0.0029291 0.183672 -1.29156 
0.23259 0.0153574 -0.972454 -70.3691 0.00436028 0.999849 0.0168329 0.0453374 0.972565 -0.00815529 0.232488 -1.16365 
0.283097 0.0108479 -0.95903 -70.7625 0.0129135 0.999802 0.0151211 0.0422608 0.959005 -0.0166651 0.2829 -1.00872 
0.335148 0.0054295 -0.94215 -71.1512 0.0194132 0.999731 0.0126671 0.0370502 0.941965 -0.0225355 0.334953 -0.838877 
0.388435 0.000728447 -0.921476 -71.5264 0.0253456 0.999613 0.0114743 0.0392363 0.921128 -0.0278123 0.388266 -0.649364 
0.440726 0.000295279 -0.897641 -71.9042 0.025633 0.999588 0.0129142 0.0440743 0.897275 -0.0287008 0.440537 -0.442704 
0.490135 -0.000669613 -0.871646 -72.273 0.0275272 0.999513 0.014711 0.0437963 0.871212 -0.0312043 0.489915 -0.210191 
0.536295 -0.00491725 -0.844016 -72.6194 0.0356391 0.999223 0.0168239 0.0505005 0.843278 -0.0391025 0.536054 0.0483718 
0.581392 -0.0108764 -0.813551 -72.9424 0.0465834 0.998715 0.0199382 0.0432387 0.812289 -0.0494898 0.581152 0.324272 
0.625294 -0.0160151 -0.780225 -73.2548 0.0481814 0.998674 0.0181149 0.0440171 0.778901 -0.0489194 0.625236 0.610654 
0.667958 -0.0208247 -0.743908 -73.5533 0.0453146 0.998892 0.0127254 0.047384 0.742818 -0.0422099 0.668161 0.895308 
0.709831 -0.0281212 -0.703811 -73.8463 0.0422325 0.999104 0.0026738 0.0533983 0.703105 -0.0316216 0.710382 1.21435 
0.750431 -0.0312366 -0.66021 -74.1113 0.0377592 0.999277 -0.00435975 0.0605292 0.659869 -0.0216572 0.751068 1.54781 
0.789726 -0.0302829 -0.612713 -74.4222 0.0342283 0.9994 -0.00527791 0.0489077 0.612505 -0.016804 0.790288 1.92458 
0.824842 -0.0316216 -0.564478 -74.6629 0.0340479 0.999401 -0.00623334 0.0534236 0.564336 -0.0140777 0.825425 2.33148 
0.856702 -0.0306186 -0.514903 -74.8942 0.0312972 0.999483 -0.00736146 0.0479292 0.514862 -0.00980837 0.857217 2.75531 
0.883427 -0.0284316 -0.467706 -75.098 0.0299145 0.999543 -0.00425769 0.0309626 0.467614 -0.0102298 0.883874 3.20596 
0.905768 -0.0219414 -0.423206 -75.324 0.0231924 0.999729 -0.00219408 0.0248436 0.42314 -0.00782781 0.906031 3.67412 
0.924341 -0.0171653 -0.381181 -75.5349 0.0174724 0.999844 -0.00265535 0.0103117 0.381167 -0.00420563 0.924497 4.17972 
0.938119 -0.0116964 -0.346116 -75.6799 0.0124992 0.999922 8.72599e-05 -0.00935672 0.346088 -0.00440799 0.938192 4.71184 
0.948865 -0.0099941 -0.315524 -75.8658 0.0113511 0.999933 0.00246317 -0.00441493 0.315478 -0.00591871 0.948914 5.24289 
0.956498 -0.0110998 -0.291528 -76.0256 0.0128186 0.99991 0.00398657 -0.00371226 0.291457 -0.00755009 0.956554 5.81441 
0.962617 -0.0114793 -0.270622 -76.1855 0.0136719 0.999887 0.00621788 -0.00263683 0.27052 -0.00968529 0.962666 6.40173 
0.967501 -0.010041 -0.252668 -76.3457 0.0125591 0.999886 0.00835488 0.00555614 0.252556 -0.0112566 0.967517 7.00936 
0.971416 -0.00509713 -0.237327 -76.5094 0.00778021 0.999916 0.01037 0.00219291 0.237254 -0.01192 0.971374 7.63443 
0.974729 -0.000607447 -0.22339 -76.6746 0.00319972 0.999932 0.0112423 0.00302103 0.223368 -0.0116729 0.974664 8.26701 
0.977698 -0.00223079 -0.210006 -76.8232 0.00464756 0.999929 0.0110151 0.00408913 0.209966 -0.0117454 0.977638 8.92336 
0.980337 -0.0021959 -0.197321 -76.9489 0.00440274 0.999933 0.0107459 0.00191181 0.197284 -0.0114033 0.98028 9.594 
0.983053 -0.00167098 -0.183313 -77.0708 0.00380008 0.999929 0.0112637 0.00551885 0.183281 -0.0117694 0.98299 10.2811 
0.98564 -0.000193795 -0.168863 -77.201 0.00212914 0.999934 0.0112798 0.0147395 0.16885 -0.0114773 0.985575 10.978 
0.987697 -0.000435175 -0.156381 -77.3203 0.00183027 0.99996 0.00877698 0.0112769 0.156371 -0.00895517 0.987658 11.6933 
0.989409 -0.000291522 -0.145156 -77.4326 0.000874533 0.999992 0.00395237 0.00081175 0.145154 -0.00403741 0.989401 12.4125 
0.990807 -0.00180483 -0.135271 -77.5439 0.0015556 0.999997 -0.00194842 -0.00780694 0.135274 0.00172013 0.990807 13.1522 
0.991971 -0.00195516 -0.126448 -77.6702 0.00162688 0.999995 -0.00269966 0.00513472 0.126453 0.00247232 0.99197 13.9276 
0.99283 0.000622505 -0.119535 -77.7809 -0.000180014 0.999993 0.00371219 -0.0119476 0.119537 -0.00366401 0.992823 14.69 
0.993406 0.00474283 -0.114552 -77.8859 -0.00342013 0.999925 0.0117402 -0.0216114 0.114599 -0.011271 0.993348 15.454 
0.993958 0.00568338 -0.109611 -77.9934 -0.0040781 0.999881 0.0148635 -0.0195036 0.109682 -0.0143267 0.993863 16.2284 
0.994311 0.0037526 -0.106451 -78.084 -0.00233648 0.999907 0.0134243 -0.0140926 0.106491 -0.0130992 0.994227 16.9889 
0.99467 0.00377193 -0.103043 -78.1753 -0.00248268 0.999917 0.0126367 -0.0254364 0.103082 -0.0123135 0.994597 17.7395 
0.995005 0.00372647 -0.0997587 -78.2579 -0.00227938 0.999891 0.0146155 -0.0319381 0.0998022 -0.0143151 0.994904 18.4966 
0.995265 0.0016785 -0.0971863 -78.3387 -3.86642e-05 0.999858 0.0168721 -0.0326503 0.0972007 -0.0167884 0.995123 19.2508 
0.995518 -0.000654952 -0.0945669 -78.4141 0.00239838 0.999829 0.018323 -0.0348704 0.0945387 -0.0184676 0.99535 20.0137 
0.995746 -0.00231537 -0.092108 -78.4943 0.00366364 0.999889 0.0144711 -0.0339725 0.0920641 -0.014747 0.995644 20.7772 
0.995874 -0.000267093 -0.0907477 -78.5778 0.000913227 0.999975 0.00707823 -0.0334662 0.0907434 -0.00713185 0.995849 21.5341 
0.996018 0.000230488 -0.089148 -78.6619 -0.000277482 1 -0.000515212 -0.0442664 0.0891478 0.000537941 0.996018 22.2839 
0.996133 0.000999994 -0.0878569 -78.7366 -0.00142784 0.999987 -0.00480752 -0.0509516 0.0878509 0.00491442 0.996122 23.0324 
0.996333 0.00284867 -0.0855143 -78.8278 -0.00318642 0.999988 -0.00381387 -0.0622015 0.0855023 0.00407241 0.99633 23.7988 
0.996529 0.00569832 -0.0830461 -78.9097 -0.00573641 0.999984 -0.000220615 -0.0692567 0.0830434 0.00069628 0.996546 24.5476 
0.996718 0.0100236 -0.0803335 -79.0137 -0.00975954 0.999946 0.00367826 -0.0771958 0.080366 -0.00288213 0.996761 25.3245 
0.996977 0.00824443 -0.0772569 -79.0963 -0.00788802 0.999957 0.0049168 -0.0776315 0.0772941 -0.00429249 0.996999 26.0975 
0.997075 0.00600031 -0.076199 -79.1677 -0.00568722 0.999975 0.00432469 -0.079587 0.0762229 -0.00387864 0.997083 26.8548 
0.99717 0.00392676 -0.0750808 -79.238 -0.00358999 0.999983 0.00461932 -0.0954722 0.0750976 -0.00433666 0.997167 27.6079 
0.997233 0.00359161 -0.0742516 -79.301 -0.00342752 0.999991 0.00233676 -0.103336 0.0742593 -0.00207575 0.997237 28.3478 
0.997261 0.00260413 -0.0739159 -79.3563 -0.00251127 0.999996 0.00134866 -0.119574 0.0739191 -0.0011593 0.997264 29.0808 
0.997284 -0.000126489 -0.0736544 -79.4216 0.00017727 1 0.00068236 -0.123542 0.0736542 -0.00069352 0.997284 29.8378 
0.997313 0.00427004 -0.0731308 -79.4912 -0.00415387 0.99999 0.00173995 -0.133963 0.0731374 -0.00143145 0.997321 30.6014 
0.997323 0.00181424 -0.0731013 -79.5672 -0.00181394 0.999998 7.00154e-05 -0.136823 0.0731013 6.28169e-05 0.997325 31.3747 
0.997232 -0.000489153 -0.0743492 -79.6476 0.000475478 1 -0.000202166 -0.149852 0.0743492 0.000166299 0.997232 32.1655 
0.997075 -0.00437711 -0.0763029 -79.7206 0.00443281 0.99999 0.000560164 -0.165508 0.0762996 -0.000896718 0.997085 32.9547 
0.996864 -0.00132769 -0.0791248 -79.8046 0.0013592 0.999999 0.000343827 -0.184543 0.0791242 -0.000450252 0.996865 33.7462 
0.996541 0.00226081 -0.0830743 -79.8649 -0.00224074 0.999997 0.000334316 -0.208489 0.0830748 -0.000146968 0.996543 34.5203 
0.996245 0.000618969 -0.0865755 -79.9438 -0.000953225 0.999992 -0.00382005 -0.246289 0.0865725 0.00388827 0.996238 35.313 
0.996034 0.00190255 -0.0889562 -80.0364 -0.00264941 0.999962 -0.00827894 -0.255192 0.088937 0.00848183 0.996001 36.1156 
0.995872 0.000351519 -0.0907651 -80.125 -0.00127513 0.999948 -0.0101185 -0.267672 0.0907567 0.0101925 0.995821 36.914 
0.99568 -3.35164e-05 -0.0928506 -80.2181 -0.000834095 0.999956 -0.00930578 -0.282927 0.0928469 0.00934307 0.995637 37.7356 
0.99548 -0.00129072 -0.0949652 -80.3143 0.000493018 0.999964 -0.00842333 -0.306548 0.0949727 0.00833848 0.995445 38.5577 
0.995338 -0.00211966 -0.096421 -80.4079 0.0014309 0.999973 -0.0072123 -0.317256 0.0964336 0.00704075 0.995315 39.3862 
0.995256 -0.00239876 -0.0972634 -80.5129 0.00208797 0.999992 -0.00329735 -0.338055 0.0972706 0.00307866 0.995253 40.2312 
0.995164 -0.00284958 -0.0981889 -80.6186 0.00297928 0.999995 0.00117389 -0.353926 0.098185 -0.0014607 0.995167 41.0856 
0.995254 -0.00266289 -0.0972739 -80.7215 0.00300913 0.99999 0.00341249 -0.367821 0.0972638 -0.00368896 0.995252 41.9423 
0.995437 -0.000445898 -0.095419 -80.8269 0.000717216 0.999996 0.00280874 -0.369872 0.0954173 -0.00286431 0.995433 42.8249 
0.99564 -0.000731228 -0.0932787 -80.9337 0.000822741 0.999999 0.000942183 -0.370666 0.0932779 -0.00101477 0.99564 43.6932 
0.995809 -0.00363363 -0.0913845 -81.0393 0.00352719 0.999993 -0.00132675 -0.383007 0.0913886 0.000998906 0.995815 44.563 
0.995948 -0.00734827 -0.08963 -81.1246 0.00713 0.999971 -0.00275557 -0.400548 0.0896476 0.00210539 0.995971 45.4345 
0.996078 -0.00876194 -0.0880439 -81.2122 0.00854575 0.99996 -0.00283262 -0.41484 0.0880651 0.00206916 0.996113 46.313 
0.996122 -0.0111816 -0.0872698 -81.3035 0.0111798 0.999937 -0.000510214 -0.426371 0.08727 -0.000467378 0.996185 47.1863 
0.996168 -0.0140802 -0.0863164 -81.3887 0.0143134 0.999895 0.00208267 -0.443838 0.086278 -0.00331012 0.996266 48.0597 
0.996241 -0.0145063 -0.0853979 -81.4787 0.014778 0.999888 0.0025499 -0.463201 0.0853513 -0.00380228 0.996344 48.9309 
0.99642 -0.0123203 -0.0836372 -81.5766 0.0123195 0.999924 -0.000525544 -0.48737 0.0836372 -0.000506663 0.996496 49.7946 
0.996501 -0.00965672 -0.0830266 -81.6663 0.00907329 0.999931 -0.00740201 -0.49465 0.0830923 0.00662283 0.99652 50.6599 
0.996643 -0.00877053 -0.0813966 -81.766 0.00771592 0.999882 -0.0132624 -0.513787 0.0815033 0.0125899 0.996594 51.527 
0.996771 -0.00408307 -0.0801875 -81.8664 0.00257712 0.999819 -0.0188754 -0.5433 0.08025 0.0186078 0.996601 52.3782 
0.996911 -0.00375164 -0.0784534 -81.9609 0.00217302 0.999794 -0.020198 -0.569792 0.0785129 0.0199652 0.996713 53.2263 
0.996907 -0.0068694 -0.0782906 -82.043 0.00578825 0.999885 -0.0140285 -0.593489 0.0783779 0.013532 0.996832 54.0816 
0.996915 -0.00684611 -0.0781871 -82.142 0.00646953 0.999966 -0.0050692 -0.624034 0.0782191 0.00454777 0.996926 54.9324 
0.996771 -0.00752926 -0.0799415 -82.217 0.00774703 0.999967 0.00241376 -0.644785 0.0799206 -0.00302523 0.996797 55.7841 
0.996519 -0.00964486 -0.0828012 -82.2905 0.00963236 0.999953 -0.000550931 -0.65489 0.0828026 -0.000248514 0.996566 56.6328 
0.996314 -0.0149198 -0.0844692 -82.3751 0.0146182 0.999884 -0.00418892 -0.671943 0.0845219 0.00293874 0.996417 57.4794 
0.996075 -0.0166703 -0.0869322 -82.4616 0.0162349 0.999852 -0.00571278 -0.68873 0.0870145 0.00427906 0.996198 58.3127 
0.995869 -0.014695 -0.0896035 -82.5563 0.014009 0.999868 -0.00828071 -0.711321 0.0897133 0.00699128 0.995943 59.1402 
0.99561 -0.0130148 -0.0926885 -82.6516 0.0119589 0.999857 -0.0119384 -0.73389 0.0928306 0.0107776 0.995624 59.9569 
0.995243 -0.0130353 -0.0965434 -82.7473 0.0115255 0.999803 -0.0161809 -0.752884 0.0967352 0.0149913 0.995197 60.7801 
0.995031 -0.0109883 -0.0989581 -82.8538 0.00904161 0.999757 -0.0200994 -0.782974 0.0991548 0.0191049 0.994889 61.58 
0.994701 -0.00649441 -0.102608 -82.9564 0.00442084 0.999782 -0.0204235 -0.813808 0.102718 0.0198617 0.994512 62.3882 
0.9944 -0.00281273 -0.105645 -83.0714 0.000807966 0.999819 -0.0190147 -0.839081 0.10568 0.0188229 0.994222 63.1877 
0.993994 0.000110465 -0.109431 -83.1813 -0.00156183 0.999912 -0.0131776 -0.867761 0.10942 0.0132694 0.993907 63.9917 
0.993651 0.00211882 -0.11249 -83.3114 -0.00306757 0.999961 -0.008262 -0.885983 0.112468 0.00855466 0.993619 64.7631 
0.993012 0.00109082 -0.118007 -83.4166 -0.00167925 0.999987 -0.00488745 -0.90761 0.118 0.0050515 0.993001 65.5677 
0.992133 -0.000547444 -0.125186 -83.524 6.64783e-05 0.999993 -0.00384648 -0.926399 0.125187 0.00380794 0.992126 66.3633 
0.991345 -0.00374708 -0.131232 -83.6386 0.00375497 0.999993 -0.000187614 -0.94409 0.131231 -0.000306736 0.991352 67.1552 
0.990438 -0.00277706 -0.137931 -83.7578 0.00266762 0.999996 -0.000978529 -0.95655 0.137933 0.00060127 0.990441 67.9299 
0.989629 0.00181433 -0.143635 -83.8953 -0.00212244 0.999996 -0.00199219 -0.971507 0.143631 0.00227643 0.989629 68.7003 
0.988801 0.00377183 -0.149196 -84.0401 -0.00472573 0.999971 -0.00603993 -0.989066 0.149169 0.00667739 0.988789 69.4631 
0.987833 0.00233491 -0.155503 -84.1711 -0.00372219 0.999956 -0.00863092 -1.01117 0.155476 0.00910477 0.987798 70.2372 
0.987008 0.00325017 -0.160636 -84.316 -0.00501567 0.999931 -0.0105867 -1.02278 0.16059 0.0112549 0.986957 71.0003 
0.986171 0.00493729 -0.16566 -84.4625 -0.00606223 0.999962 -0.00628592 -1.03345 0.165622 0.0072033 0.986163 71.7686 
0.985061 0.00510478 -0.172131 -84.6162 -0.0055563 0.999982 -0.00214164 -1.05439 0.172117 0.0030661 0.985072 72.5305 
0.983977 0.00427492 -0.178242 -84.7709 -0.00440253 0.99999 -0.000320615 -1.07555 0.178239 0.00110024 0.983987 73.2853 
0.982781 0.00233149 -0.184758 -84.9358 -0.00332072 0.999982 -0.00504515 -1.08429 0.184743 0.00557186 0.982771 74.0343 
0.981225 -0.00117496 -0.192865 -85.1082 -0.00126296 0.999921 -0.0125173 -1.09593 0.192864 0.0125259 0.981146 74.7813 
0.979486 -0.00413215 -0.20147 -85.2841 0.00112855 0.999887 -0.0150212 -1.11056 0.20151 0.0144857 0.979379 75.5221 
0.977293 -0.00423112 -0.211848 -85.4752 0.00149365 0.999913 -0.0130804 -1.12724 0.211885 0.012467 0.977215 76.2717 
0.974694 -0.00521292 -0.223485 -85.6577 0.00366983 0.999967 -0.00731962 -1.14712 0.223515 0.00631428 0.97468 77.0123 
0.971587 -0.00359878 -0.236656 -85.849 0.00358554 0.999993 -0.000486501 -1.15735 0.236657 -0.000375817 0.971593 77.738 
0.968858 -0.00367647 -0.247592 -86.0645 0.00433943 0.999988 0.00213185 -1.16619 0.247581 -0.00313982 0.968862 78.4655 
0.966075 -0.000326142 -0.258262 -86.2986 -0.000131715 0.999998 -0.00175567 -1.1948 0.258262 0.00173018 0.966073 79.1752 
0.963159 -0.00169866 -0.268929 -86.5251 -0.00148418 0.999931 -0.0116316 -1.20052 0.26893 0.0116023 0.96309 79.8495 
0.959541 -0.00548128 -0.281517 -86.7572 0.000486296 0.999841 -0.01781 -1.19865 0.28157 0.0169526 0.959391 80.5614 
0.95568 -0.00773999 -0.294305 -86.9887 0.00389025 0.999899 -0.0136641 -1.21096 0.294382 0.0119136 0.955614 81.278 
0.951925 -0.00687425 -0.306255 -87.2313 0.00504859 0.999964 -0.00675309 -1.23259 0.306291 0.00488233 0.951926 81.9912 
0.947899 -0.00693004 -0.318496 -87.494 0.00666748 0.999976 -0.00191466 -1.24852 0.318501 -0.000308613 0.947922 82.7047 
0.943382 -0.0098693 -0.331562 -87.7537 0.00874244 0.99995 -0.00489011 -1.25699 0.331593 0.00171463 0.943421 83.412 
0.939436 -0.0122545 -0.342506 -88.0276 0.00950495 0.999908 -0.00970517 -1.27824 0.342593 0.00586194 0.939466 84.1084 
0.935909 -0.0164839 -0.351856 -88.3044 0.0112768 0.999795 -0.0168436 -1.29982 0.352062 0.0117963 0.935902 84.8073 
0.933124 -0.0210811 -0.358937 -88.5951 0.0137921 0.999644 -0.0228559 -1.32499 0.359291 0.0163769 0.933082 85.4983 
0.930162 -0.0223897 -0.366467 -88.8859 0.0140222 0.999577 -0.0254795 -1.34896 0.366882 0.0185615 0.930082 86.1974 
0.92735 -0.0174735 -0.373787 -89.2011 0.00838544 0.999629 -0.0259259 -1.37899 0.374101 0.0209081 0.927152 86.894 
0.924151 -0.0174613 -0.381629 -89.5129 0.00901033 0.999673 -0.0239204 -1.41074 0.381922 0.0186675 0.924006 87.5914 
0.920616 -0.0201935 -0.389947 -89.8187 0.0140084 0.999727 -0.0186992 -1.41574 0.390218 0.0117523 0.920648 88.2898 
0.917698 -0.0181907 -0.396863 -90.1367 0.0150397 0.999826 -0.0110509 -1.43646 0.396995 0.00417275 0.917811 88.9879 
0.915374 -0.00767607 -0.402531 -90.4836 0.00636656 0.999969 -0.00459115 -1.46497 0.402554 0.00163993 0.915395 89.6822 
0.913372 3.12532e-05 -0.407126 -90.835 -0.00337734 0.999966 -0.00750024 -1.49449 0.407112 0.00822556 0.913341 90.3578 
0.911085 -0.00324812 -0.412206 -91.1681 -0.00332502 0.999879 -0.0152281 -1.51555 0.412205 0.0152448 0.910963 91.0353 
0.908893 -0.0114201 -0.416873 -91.4978 0.00214206 0.99974 -0.0227173 -1.53437 0.417024 0.0197546 0.908681 91.7247 
0.90722 -0.0111387 -0.420508 -91.8443 0.00140476 0.999724 -0.0234507 -1.56033 0.420654 0.0206843 0.906986 92.4152 
0.904957 -0.00536087 -0.425469 -92.189 -0.00277131 0.999825 -0.0184923 -1.59061 0.425494 0.0179139 0.904784 93.0959 
0.902283 -0.00286301 -0.431135 -92.5237 -0.0036795 0.99989 -0.0143405 -1.61663 0.431129 0.0145256 0.902173 93.781 
0.89998 -0.00702059 -0.435875 -92.887 -0.000553105 0.999851 -0.0172466 -1.6365 0.435931 0.0157627 0.899842 94.4797 
0.897794 -0.00900112 -0.440325 -93.2507 -0.00167572 0.999714 -0.0238529 -1.66076 0.440413 0.0221529 0.897522 95.1651 
0.895456 -0.0110442 -0.445014 -93.6106 -0.00287585 0.999528 -0.0305929 -1.68666 0.445142 0.0286744 0.895001 95.8502 
0.893224 -0.00915405 -0.449519 -93.9842 -0.00562743 0.999487 -0.0315358 -1.73245 0.449577 0.0306982 0.892714 96.5352 
0.891223 -0.00525843 -0.453536 -94.3574 -0.00816935 0.999585 -0.0276428 -1.76537 0.453492 0.028341 0.890809 97.2185 
0.889171 -0.00382328 -0.457559 -94.737 -0.00880994 0.999637 -0.0254731 -1.80245 0.45749 0.0266811 0.888814 97.8987 
0.887437 -0.00182297 -0.460925 -95.1207 -0.0109274 0.999628 -0.0249926 -1.83738 0.460799 0.0272161 0.887087 98.5645 
0.885219 -0.00362623 -0.46516 -95.4955 -0.00939619 0.999626 -0.0256742 -1.87329 0.465079 0.027098 0.884854 99.2368 
0.882589 -0.00513097 -0.470117 -95.8486 -0.0083474 0.999612 -0.0265813 -1.90642 0.470071 0.0273847 0.882204 99.9025 
0.880645 -0.00594085 -0.473739 -96.2331 -0.00754027 0.999619 -0.0265524 -1.93191 0.473717 0.0269554 0.880265 100.567 
0.878055 -0.00543865 -0.478528 -96.6082 -0.00863203 0.999593 -0.0271998 -1.95008 0.478481 0.0280137 0.877651 101.23 
0.875357 -0.00523019 -0.483449 -96.9795 -0.00896933 0.999594 -0.0270545 -1.99056 0.483394 0.0280186 0.874955 101.896 
0.872937 -0.00833724 -0.487762 -97.3541 -0.00808204 0.99947 -0.0315481 -2.02052 0.487767 0.0314816 0.872406 102.535 
0.870172 -0.0128207 -0.492582 -97.7203 -0.00550784 0.999346 -0.0357405 -2.06767 0.492718 0.0338134 0.869532 103.169 
0.868001 -0.0143446 -0.496355 -98.0916 -0.00593598 0.999212 -0.0392577 -2.08628 0.496527 0.0370221 0.867231 103.804 
0.865269 -0.0136879 -0.501121 -98.4583 -0.00510316 0.999335 -0.0361079 -2.11583 0.501282 0.0338004 0.864623 104.447 
0.863011 -0.0101491 -0.505084 -98.8365 -0.0041899 0.99962 -0.0272454 -2.15584 0.505169 0.0256294 0.86264 105.078 
0.861771 -0.00813953 -0.507232 -99.2268 -0.0012685 0.999834 -0.0181995 -2.18242 0.507295 0.0163273 0.861618 105.693 
0.859852 -0.00927468 -0.510459 -99.5993 0.00273478 0.999904 -0.013561 -2.21553 0.510536 0.0102645 0.859795 106.308 
0.858169 -0.0134968 -0.51319 -99.9713 0.00706656 0.99987 -0.0144796 -2.23782 0.513319 0.00879948 0.858153 106.889 
0.856276 -0.0154648 -0.516287 -100.333 0.00696728 0.999807 -0.0183927 -2.25988 0.516471 0.0121521 0.856218 107.463 
0.854582 -0.0174701 -0.519023 -100.692 0.00741096 0.999743 -0.0214487 -2.28054 0.519264 0.0144833 0.854491 108.022 
0.853345 -0.0194324 -0.520985 -101.047 0.0084833 0.99969 -0.0233927 -2.29725 0.521278 0.0155424 0.853245 108.553 
0.851298 -0.0216309 -0.524236 -101.368 0.0110812 0.999668 -0.0232534 -2.33013 0.524565 0.0139864 0.851256 109.091 
0.850043 -0.0212157 -0.526286 -101.701 0.0106138 0.999676 -0.023156 -2.34093 0.526607 0.0140978 0.849992 109.605 
0.848911 -0.0218849 -0.528082 -102.033 0.0120375 0.999684 -0.0220784 -2.36511 0.528398 0.0123859 0.848906 110.09 
0.847306 -0.0241626 -0.530555 -102.35 0.0141801 0.999638 -0.0228798 -2.37912 0.530916 0.0118629 0.847342 110.574 
0.845861 -0.0260463 -0.532767 -102.649 0.0156823 0.99959 -0.0239703 -2.38565 0.533173 0.0119205 0.845922 111.031 
0.844548 -0.0269317 -0.534803 -102.928 0.0158606 0.999554 -0.0252891 -2.40707 0.535245 0.0128756 0.844599 111.462 
0.843428 -0.027124 -0.536558 -103.204 0.0137977 0.999489 -0.0288372 -2.4305 0.537066 0.0169189 0.843371 111.861 
0.841759 -0.0297151 -0.539035 -103.473 0.0139681 0.999349 -0.0332781 -2.45068 0.539672 0.0204829 0.841626 112.264 
0.839724 -0.0331908 -0.541999 -103.739 0.016598 0.999233 -0.0354755 -2.47663 0.54276 0.0207936 0.83963 112.636 
0.836715 -0.0376156 -0.546346 -103.983 0.0213643 0.999121 -0.03607 -2.48478 0.547222 0.018508 0.836783 113.006 
0.833633 -0.0363441 -0.551122 -104.231 0.0209756 0.999196 -0.0341648 -2.51318 0.551921 0.0169209 0.833725 113.336 
0.829519 -0.0337093 -0.55746 -104.46 0.0180094 0.999272 -0.033627 -2.51589 0.558188 0.0178548 0.829523 113.678 
0.826263 -0.0278578 -0.562595 -104.707 0.0133793 0.999465 -0.0298405 -2.53283 0.563126 0.017129 0.826194 113.989 
0.821933 -0.0227207 -0.56913 -104.913 0.011583 0.999664 -0.0231804 -2.55132 0.569466 0.0124605 0.821921 114.284 
0.817668 -0.0218093 -0.575278 -105.144 0.0121456 0.999713 -0.020637 -2.5509 0.575563 0.00988712 0.817698 114.559 
0.812377 -0.0252196 -0.582587 -105.351 0.0161037 0.999654 -0.0208186 -2.55488 0.582911 0.0075308 0.812501 114.818 
0.805853 -0.0274315 -0.59148 -105.56 0.0187696 0.999608 -0.0207873 -2.55883 0.591818 0.00564969 0.806052 115.056 
0.7974 -0.0286493 -0.602771 -105.755 0.0205773 0.999582 -0.020288 -2.57145 0.603101 0.00377424 0.797656 115.281 
0.787379 -0.0282266 -0.615822 -105.946 0.0204108 0.999597 -0.0197204 -2.5835 0.616131 0.00295809 0.787638 115.482 
0.775131 -0.027324 -0.63121 -106.127 0.0180331 0.999614 -0.0211269 -2.58783 0.631543 0.00499348 0.775324 115.665 
0.761135 -0.0289017 -0.647949 -106.308 0.017096 0.999554 -0.0245027 -2.59743 0.648368 0.00757254 0.761289 115.841 
0.746294 -0.0316551 -0.664863 -106.48 0.0154424 0.999423 -0.0302503 -2.60751 0.665437 0.0123086 0.746352 116 
0.730945 -0.0351547 -0.681531 -106.638 0.0145301 0.999248 -0.0359596 -2.61758 0.682282 0.0163818 0.730906 116.15 
0.715389 -0.0344541 -0.697877 -106.795 0.00942953 0.999169 -0.0396627 -2.63588 0.698663 0.0217936 0.715119 116.289 
0.69914 -0.0309919 -0.714313 -106.959 0.00124169 0.999111 -0.0421331 -2.64534 0.714984 0.0285701 0.698557 116.428 
0.681885 -0.0308478 -0.730809 -107.139 -0.00285164 0.998991 -0.0448287 -2.62397 0.731454 0.0326521 0.681109 116.56 
0.661842 -0.0326879 -0.748931 -107.306 -0.000504548 0.999029 -0.0440497 -2.6299 0.749643 0.0295319 0.661183 116.709 
0.64198 -0.0336176 -0.765984 -107.49 0.0010949 0.999078 -0.04293 -2.63892 0.76672 0.0267216 0.641425 116.824 
0.620434 -0.0310559 -0.783644 -107.678 0.000102769 0.999219 -0.0395179 -2.66099 0.784259 0.0244377 0.619952 116.924 
0.595538 -0.0264532 -0.802892 -107.865 -0.00490514 0.999319 -0.0365634 -2.67143 0.803312 0.0257132 0.595003 117.042 
0.570159 -0.023053 -0.821211 -108.063 -0.00839878 0.99939 -0.0338861 -2.67241 0.821492 0.0262177 0.569617 117.157 
0.544176 -0.020726 -0.838715 -108.265 -0.0117747 0.999408 -0.0323367 -2.67557 0.838888 0.0274725 0.54361 117.257 
0.518721 -0.018745 -0.854738 -108.475 -0.0168169 0.999343 -0.0321221 -2.67022 0.854778 0.0310365 0.518065 117.338 
0.491355 -0.0144583 -0.87084 -108.677 -0.021985 0.999338 -0.0289964 -2.68334 0.870682 0.0333929 0.490711 117.422 
0.462613 -0.0119882 -0.886479 -108.876 -0.025882 0.9993 -0.0270205 -2.689 0.886182 0.035444 0.461979 117.501 
0.431394 -0.0132714 -0.902066 -109.086 -0.0266155 0.999269 -0.0274298 -2.69021 0.901771 0.035842 0.430725 117.591 
0.399101 -0.0163539 -0.916761 -109.317 -0.0283105 0.999144 -0.0301482 -2.70274 0.91647 0.0379861 0.398297 117.65 
0.365195 -0.0209674 -0.930695 -109.556 -0.0294117 0.998987 -0.0340468 -2.70637 0.930466 0.0398071 0.364208 117.695 
0.325156 -0.0233432 -0.945372 -109.817 -0.0306108 0.998912 -0.0351936 -2.71427 0.945165 0.0403821 0.324087 117.759 
0.28396 -0.0238456 -0.95854 -110.098 -0.032182 0.99889 -0.0343831 -2.73016 0.958296 0.0406112 0.282877 117.796 
0.239527 -0.0270157 -0.970514 -110.407 -0.0341711 0.998759 -0.0362355 -2.7245 0.970288 0.041843 0.238306 117.84 
0.194952 -0.0318294 -0.980296 -110.719 -0.0367301 0.998535 -0.0397262 -2.70413 0.980125 0.0437511 0.193498 117.835 
0.146477 -0.03531 -0.988584 -111.075 -0.0393023 0.998366 -0.0414827 -2.69781 0.988433 0.0449299 0.14485 117.836 
0.0961076 -0.0374997 -0.994664 -111.449 -0.0425406 0.998222 -0.0417443 -2.68923 0.994462 0.0463256 0.0943415 117.836 
0.0438897 -0.0369383 -0.998353 -111.805 -0.044642 0.998246 -0.0388969 -2.69294 0.998039 0.0462757 0.0421637 117.808 
-0.00932407 -0.0345078 -0.999361 -112.172 -0.0442355 0.99844 -0.0340633 -2.70746 0.998978 0.0438897 -0.010836 117.763 
-0.0637328 -0.0320106 -0.997454 -112.529 -0.0430932 0.998642 -0.0292953 -2.72165 0.997036 0.0411164 -0.0650257 117.715 
-0.117397 -0.0315307 -0.992584 -112.925 -0.042876 0.998725 -0.0266546 -2.72398 0.992159 0.0394289 -0.1186 117.631 
-0.170291 -0.0299555 -0.984938 -113.321 -0.0418658 0.998855 -0.0231404 -2.73275 0.984504 0.0372947 -0.17135 117.516 
-0.221669 -0.0289082 -0.974693 -113.744 -0.0422769 0.998906 -0.0200115 -2.73473 0.974205 0.0367711 -0.222649 117.381 
-0.271494 -0.0275867 -0.962045 -114.165 -0.0408796 0.999018 -0.0171105 -2.7411 0.961572 0.0346827 -0.272355 117.23 
