1 2.12261e-08 -2.11895e-08 -1.48891e-14 2.12261e-08 1 2.10703e-08 -2.66454e-15 -2.11895e-08 2.10703e-08 1 -2.13718e-14 
0.999997 0.00189595 0.00176114 -0.0537568 -0.00190029 0.999995 0.00248751 -0.0314672 -0.00175646 -0.0024908 0.999995 0.715526 
0.99999 0.00411 0.00185224 -0.0815715 -0.0041159 0.999986 0.00321561 -0.0553734 -0.00183904 -0.00322316 0.999993 1.4542 
0.999919 0.00653747 0.0109613 -0.289011 -0.00658152 0.99997 0.00399098 -0.104469 -0.0109349 -0.00406276 0.999932 1.99056 
0.999889 0.00844668 0.0122908 -0.343668 -0.00849059 0.999958 0.00352886 -0.115635 -0.0122605 -0.00363278 0.999918 2.73005 
0.999855 0.00793165 0.0150492 -0.416381 -0.00797681 0.999964 0.00294579 -0.118728 -0.0150254 -0.00306536 0.999882 3.41557 
0.999633 0.00622272 0.0263592 -0.765308 -0.00626295 0.999979 0.0014457 -0.0606844 -0.0263497 -0.00161021 0.999652 4.03944 
0.999584 0.00721825 0.02791 -0.785533 -0.00730733 0.999969 0.00309278 -0.0539195 -0.0278868 -0.0032954 0.999606 4.72273 
0.999557 0.00690929 0.028947 -0.770065 -0.00713783 0.999944 0.00780061 -0.0887377 -0.0288915 -0.00800373 0.999551 5.39067 
0.999531 0.00581365 0.0300599 -0.753648 -0.00615546 0.999917 0.0112923 -0.101876 -0.0299918 -0.011472 0.999484 6.03909 
0.999524 0.00492666 0.0304661 -0.723851 -0.00536125 0.999885 0.0142009 -0.132164 -0.0303927 -0.0143574 0.999435 6.66605 
0.9995 0.00531592 0.0311727 -0.704093 -0.00576724 0.99988 0.0144072 -0.150338 -0.0310924 -0.0145797 0.99941 7.26518 
0.999493 0.00652763 0.0311741 -0.660313 -0.00690161 0.999905 0.0119051 -0.165489 -0.0310935 -0.0121142 0.999443 7.82997 
0.999483 0.0071955 0.0313221 -0.633221 -0.00748316 0.999931 0.00907801 -0.177686 -0.0312547 -0.00930767 0.999468 8.36698 
0.999439 0.00567709 0.033003 -0.624847 -0.00593245 0.999953 0.00764587 -0.179804 -0.0329581 -0.00783733 0.999426 8.87286 
0.999365 0.00299847 0.0354968 -0.626375 -0.00318057 0.999982 0.00507612 -0.184231 -0.035481 -0.00518575 0.999357 9.35125 
0.999311 0.000968407 0.0370996 -0.603621 -0.00110729 0.999992 0.00372442 -0.190139 -0.0370957 -0.00376289 0.999305 9.80628 
0.99921 0.0052143 0.0393874 -0.605532 -0.00529346 0.999984 0.00190694 -0.203509 -0.0393768 -0.00211389 0.999222 10.2236 
0.999063 0.00923545 0.0422765 -0.598958 -0.0092755 0.999957 0.000752379 -0.209765 -0.0422678 -0.00114377 0.999106 10.6217 
0.998895 0.00977433 0.0459795 -0.590227 -0.0098873 0.999949 0.00223108 -0.223573 -0.0459554 -0.00268319 0.99894 10.9647 
0.998792 0.00564088 0.0488101 -0.565968 -0.00579857 0.999978 0.00309063 -0.241952 -0.0487916 -0.00336989 0.998803 11.2801 
0.998665 0.000689665 0.051656 -0.558361 -0.000845187 0.999995 0.00298978 -0.247904 -0.0516538 -0.00302941 0.998661 11.5568 
0.998567 -0.00281305 0.0534339 -0.527725 0.00256015 0.999985 0.00480156 -0.264258 -0.0534466 -0.00465784 0.99856 11.8182 
0.998411 -0.00327817 0.0562617 -0.515794 0.00296366 0.99998 0.00567346 -0.26818 -0.0562792 -0.00549766 0.9984 12.0492 
0.998326 -0.00300696 0.0577601 -0.495432 0.00272426 0.999984 0.00497326 -0.276173 -0.0577741 -0.00480754 0.998318 12.255 
0.998191 -0.00154175 0.0601086 -0.486781 0.00134466 0.999994 0.00331997 -0.278723 -0.0601133 -0.00323309 0.998186 12.4481 
0.998032 0.000722002 0.0627031 -0.483964 -0.000883713 0.999996 0.00255199 -0.282918 -0.0627011 -0.00260234 0.998029 12.6122 
0.997908 0.00338737 0.0645665 -0.485288 -0.00352017 0.999992 0.00194375 -0.290901 -0.0645595 -0.00216693 0.997912 12.7721 
0.997834 0.00472417 0.0656144 -0.473858 -0.00475681 0.999989 0.000341996 -0.294172 -0.0656121 -0.00065333 0.997845 12.9334 
0.997742 0.00374377 0.0670531 -0.452125 -0.0036521 0.999992 -0.00148894 -0.294425 -0.0670582 0.00124073 0.997748 13.0925 
0.997628 0.00236214 0.0687974 -0.445316 -0.00217718 0.999994 -0.00276269 -0.298511 -0.0688036 0.00260639 0.997627 13.2412 
0.99755 0.00158409 0.0699456 -0.431457 -0.00132579 0.999992 -0.0037385 -0.301004 -0.069951 0.00363665 0.997544 13.3739 
0.997408 0.0021916 0.0719147 -0.431102 -0.00185118 0.999987 -0.00479932 -0.30768 -0.0719243 0.0046538 0.997399 13.5094 
0.997346 0.00330782 0.0727376 -0.417091 -0.00283466 0.999974 -0.00660675 -0.314207 -0.0727576 0.00638307 0.997329 13.642 
0.997283 0.00290266 0.0736076 -0.407512 -0.00230272 0.999963 -0.00823344 -0.324567 -0.0736288 0.00804161 0.997253 13.7665 
0.997273 0.00216931 0.0737679 -0.385302 -0.00139215 0.999943 -0.0105844 -0.326982 -0.0737867 0.0104529 0.997219 13.8948 
0.997297 0.00104614 0.0734729 -0.379719 -0.000130525 0.999922 -0.012465 -0.331458 -0.0734803 0.0124218 0.997219 14.0176 
0.997433 0.000167064 0.0716035 -0.378217 0.000814976 0.999906 -0.0136849 -0.331009 -0.0715991 0.0137082 0.997339 14.1474 
0.997667 0.00011543 0.0682615 -0.370126 0.000893026 0.999891 -0.0147421 -0.334546 -0.0682558 0.0147687 0.997559 14.2763 
0.997939 0.000444835 0.0641647 -0.367825 0.000579498 0.999873 -0.0159439 -0.338363 -0.0641637 0.0159483 0.997812 14.4012 
0.998294 0.000824851 0.0583765 -0.364902 0.000161238 0.999857 -0.0168844 -0.342123 -0.0583822 0.0168651 0.998152 14.5222 
0.998674 0.000906818 0.0514699 -0.363055 3.05495e-06 0.999844 -0.0176741 -0.343351 -0.0514779 0.0176509 0.998518 14.6557 
0.999048 0.00135652 0.0436045 -0.348613 -0.000544804 0.999827 -0.0186209 -0.339626 -0.0436222 0.0185794 0.998875 14.7746 
0.999378 0.00117565 0.0352601 -0.354008 -0.000477529 0.999804 -0.0197999 -0.342261 -0.0352765 0.0197708 0.999182 14.9149 
0.999684 -0.000405731 0.0251465 -0.358405 0.000933052 0.99978 -0.0209601 -0.346027 -0.0251325 0.0209769 0.999464 15.0583 
0.99993 -0.00236005 0.0115713 -0.361313 0.00261748 0.999748 -0.0222797 -0.353543 -0.0115159 0.0223084 0.999685 15.2024 
0.999984 -0.00288612 -0.00481917 -0.376945 0.0027676 0.999698 -0.0244299 -0.355005 0.00488818 0.0244162 0.99969 15.3629 
0.999691 -0.00236432 -0.0247406 -0.388546 0.00174037 0.999681 -0.0252124 -0.360679 0.0247923 0.0251616 0.999376 15.5358 
0.998891 -0.00207979 -0.0470387 -0.416733 0.000913349 0.999692 -0.0248064 -0.366243 0.0470757 0.0247359 0.998585 15.736 
0.997486 -0.00146603 -0.0708447 -0.456494 -0.000204513 0.999722 -0.0235679 -0.369894 0.0708595 0.0235232 0.997209 15.9473 
0.995205 -0.000827232 -0.0978036 -0.502352 -0.00132354 0.999759 -0.0219242 -0.380783 0.0977981 0.0219486 0.994964 16.1668 
0.991723 0.000305014 -0.128392 -0.556689 -0.00291363 0.999793 -0.0201306 -0.385599 0.128359 0.0203381 0.991519 16.4054 
0.986775 0.000194167 -0.162097 -0.624822 -0.0030141 0.999848 -0.0171511 -0.386846 0.162069 0.0174129 0.986626 16.6591 
0.979913 0.000603763 -0.199426 -0.715645 -0.00335924 0.999904 -0.0134792 -0.389361 0.199398 0.0138784 0.97982 16.9359 
0.970671 0.00213558 -0.240404 -0.815647 -0.00424793 0.999957 -0.00826897 -0.389488 0.240376 0.00904772 0.970638 17.2278 
0.959093 0.00512518 -0.283045 -0.9217 -0.00649941 0.999971 -0.0039165 -0.389962 0.283017 0.00559596 0.959099 17.5069 
0.94528 0.00910932 -0.326133 -1.0589 -0.00949222 0.999955 0.000417225 -0.397406 0.326122 0.00270138 0.945324 17.8063 
0.928901 0.0110134 -0.370165 -1.21082 -0.00960263 0.999938 0.00565379 -0.398564 0.370204 -0.0016972 0.928949 18.0961 
0.909661 0.0150643 -0.415078 -1.37198 -0.0102803 0.999853 0.0137575 -0.411548 0.415224 -0.00824753 0.909682 18.3942 
0.888031 0.0185687 -0.459408 -1.57472 -0.0106959 0.999748 0.0197335 -0.408268 0.459658 -0.0126101 0.888006 18.7018 
0.863181 0.0229799 -0.504372 -1.78258 -0.013015 0.999645 0.0232713 -0.395067 0.504728 -0.0135229 0.863173 18.9968 
0.835202 0.0259715 -0.54933 -2.01717 -0.0140278 0.999565 0.0259299 -0.387288 0.549765 -0.0139507 0.835203 19.2875 
0.804149 0.0296685 -0.593687 -2.26458 -0.0165881 0.999485 0.0274791 -0.384488 0.594196 -0.0122491 0.804227 19.5721 
0.770073 0.0323173 -0.637137 -2.54008 -0.0168377 0.999398 0.0303412 -0.380565 0.637734 -0.0126369 0.770153 19.853 
0.732444 0.0366952 -0.679838 -2.8545 -0.0178682 0.999239 0.0346844 -0.379042 0.680593 -0.0132569 0.732542 20.1466 
0.692993 0.0380672 -0.719939 -3.19933 -0.0160325 0.999172 0.0373994 -0.364896 0.720766 -0.0143751 0.693029 20.4319 
0.651916 0.0376947 -0.757354 -3.57515 -0.0136564 0.999185 0.0379759 -0.343461 0.758168 -0.0144143 0.6519 20.7108 
0.608933 0.0365187 -0.792381 -3.96895 -0.00853537 0.999184 0.0394904 -0.328029 0.793176 -0.0172837 0.608747 20.9691 
0.564057 0.0361389 -0.824945 -4.38712 -0.00353539 0.999138 0.0413526 -0.309762 0.825728 -0.0204087 0.563699 21.2127 
0.517396 0.036802 -0.854955 -4.82683 -0.000818223 0.999096 0.0425115 -0.285733 0.855746 -0.0212957 0.516958 21.4321 
0.467829 0.0358237 -0.883093 -5.29743 0.000580945 0.999166 0.04084 -0.263779 0.883819 -0.0196191 0.467417 21.6322 
0.415648 0.0343108 -0.908878 -5.79034 0.00497604 0.999188 0.0399957 -0.240134 0.909512 -0.0211467 0.41514 21.8057 
0.362046 0.0330671 -0.931574 -6.32255 0.0100864 0.999173 0.0393866 -0.219714 0.932106 -0.0236559 0.361413 21.97 
0.307821 0.0318206 -0.950912 -6.86301 0.0131315 0.999203 0.0376874 -0.20218 0.951354 -0.0240878 0.307158 22.1066 
0.254258 0.036963 -0.96643 -7.43614 0.0134325 0.999038 0.0417441 -0.172033 0.967043 -0.0235953 0.253517 22.2141 
0.20207 0.0414889 -0.978492 -8.03544 0.0155035 0.998842 0.0455534 -0.14354 0.979248 -0.024375 0.201193 22.3022 
0.153997 0.0420879 -0.987175 -8.6515 0.0196403 0.998765 0.0456459 -0.116867 0.987876 -0.0264177 0.15298 22.3614 
0.109472 0.0426606 -0.993074 -9.29684 0.0215347 0.998742 0.045278 -0.0923308 0.993757 -0.0263421 0.108415 22.4059 
0.0690958 0.040626 -0.996783 -9.93668 0.0204983 0.998902 0.0421332 -0.0696367 0.997399 -0.0233436 0.0681871 22.414 
0.0327415 0.0359461 -0.998817 -10.6201 0.0174754 0.99918 0.036532 -0.0362516 0.999311 -0.0186508 0.0320865 22.4134 
0.00400542 0.0359109 -0.999347 -11.314 0.0147588 0.999244 0.0359663 -0.0136365 0.999883 -0.0148932 0.00347239 22.3855 
-0.0174824 0.0403552 -0.999032 -12.02 0.0128088 0.999112 0.0401343 0.00330475 0.999765 -0.0120948 -0.0179838 22.3502 
-0.0301821 0.0463794 -0.998468 -12.7509 0.014009 0.998844 0.0459735 0.0241441 0.999446 -0.0125999 -0.0307969 22.3055 
-0.0389427 0.048649 -0.998057 -13.5053 0.0136671 0.998747 0.0481494 0.0518261 0.999148 -0.0117654 -0.0395588 22.2621 
-0.0421975 0.0457193 -0.998063 -14.2664 0.014788 0.998872 0.0451311 0.0770351 0.999 -0.0128549 -0.0428259 22.1996 
-0.0423788 0.0414536 -0.998241 -15.1159 0.0220872 0.998934 0.0405447 0.119948 0.998857 -0.0203301 -0.0432492 22.1971 
-0.0393028 0.0390557 -0.998464 -15.954 0.0337961 0.998716 0.0377352 0.167573 0.998656 -0.032261 -0.0405722 22.199 
-0.0348022 0.039046 -0.998631 -16.7931 0.0345856 0.998685 0.0378428 0.200003 0.998796 -0.0332212 -0.0361069 22.1829 
-0.0340766 0.035995 -0.998771 -17.8525 0.0371518 0.998706 0.0347251 0.244271 0.998728 -0.0359228 -0.0353698 22.2839 
-0.0353063 0.0286161 -0.998967 -18.9583 0.0426361 0.998723 0.0271023 0.287404 0.998467 -0.0416352 -0.0364813 22.3808 
-0.032241 0.0175293 -0.999326 -19.7979 0.0398151 0.999075 0.0162403 0.302699 0.998687 -0.0392646 -0.0329091 22.3147 
-0.0318947 0.00905324 -0.99945 -20.6884 0.032486 0.99944 0.00801644 0.305634 0.998963 -0.0322124 -0.0321709 22.2588 
-0.0328083 0.00600461 -0.999444 -21.6251 0.0266816 0.999631 0.00512987 0.314954 0.999105 -0.0264984 -0.0329564 22.2046 
-0.0357862 0.0117676 -0.99929 -22.5742 0.0171102 0.999791 0.0111607 0.317588 0.999213 -0.0166987 -0.0359801 22.1272 
-0.0403466 0.0195104 -0.998995 -23.5393 0.0118624 0.999748 0.019046 0.327448 0.999115 -0.011082 -0.0405679 22.042 
-0.0460835 0.0289112 -0.998519 -24.5552 0.010363 0.999541 0.0284626 0.349754 0.998884 -0.00903592 -0.0463619 21.9924 
-0.0470294 0.0389074 -0.998136 -25.5525 0.00868595 0.999219 0.0385404 0.375 0.998856 -0.00685718 -0.0473306 21.8997 
-0.0484143 0.0461082 -0.997763 -26.5689 0.0105356 0.998902 0.0456496 0.407319 0.998772 -0.00830189 -0.0488469 21.8342 
-0.0499062 0.0465737 -0.997667 -27.584 0.01141 0.998874 0.0460592 0.445356 0.998689 -0.00908472 -0.0503813 21.7643 
-0.051103 0.0434935 -0.997746 -28.6013 0.0100756 0.999023 0.0430331 0.476471 0.998643 -0.00785371 -0.0514913 21.6869 
-0.0537599 0.0384222 -0.997814 -29.6124 0.0100083 0.99923 0.0379375 0.501915 0.998504 -0.00794691 -0.0541031 21.6081 
-0.0577262 0.0327804 -0.997794 -30.6194 0.00902083 0.999437 0.0323125 0.525112 0.998292 -0.00713561 -0.0579894 21.5189 
-0.062925 0.0279698 -0.997626 -31.6452 0.00900802 0.999582 0.0274564 0.543781 0.997978 -0.0072589 -0.0631506 21.4284 
-0.0694343 0.0260708 -0.997246 -32.6744 0.00791887 0.999641 0.0255821 0.557108 0.997555 -0.00612075 -0.0696158 21.3239 
-0.0751848 0.0283541 -0.996766 -33.7255 0.00762291 0.999583 0.0278593 0.576093 0.997141 -0.00550363 -0.0753695 21.2094 
-0.0814074 0.0333169 -0.996124 -34.8 0.00605372 0.999439 0.0329331 0.595927 0.996663 -0.00334922 -0.0815634 21.0914 
-0.0877359 0.0355573 -0.995509 -35.8819 0.00309727 0.999368 0.0354221 0.620106 0.996139 2.44742e-05 -0.0877906 20.9746 
-0.092126 0.0372619 -0.99505 -36.9443 -0.00085459 0.999296 0.0375 0.644886 0.995747 0.00430513 -0.0920293 20.8476 
-0.0937515 0.0380943 -0.994867 -38.0338 -0.00553804 0.999232 0.0387834 0.673551 0.99558 0.00914565 -0.0934686 20.7069 
-0.0950944 0.0396854 -0.994677 -39.1184 -0.00953139 0.999123 0.040774 0.690099 0.995423 0.0133581 -0.0946327 20.569 
-0.0967582 0.0390454 -0.994542 -40.2018 -0.0104635 0.999135 0.0402437 0.717152 0.995253 0.0143004 -0.0962659 20.435 
-0.0978241 0.0379914 -0.994478 -41.2907 -0.0109568 0.999169 0.0392484 0.746513 0.995143 0.0147358 -0.0973266 20.3028 
-0.0994134 0.0370421 -0.994357 -42.3699 -0.0120168 0.999189 0.0384235 0.773832 0.994974 0.0157688 -0.0988877 20.1779 
-0.0998492 0.0356002 -0.994366 -43.4557 -0.0137435 0.999215 0.0371539 0.808967 0.994908 0.0173758 -0.0992816 20.0341 
-0.100837 0.0327296 -0.994364 -44.5555 -0.0181516 0.999232 0.0347306 0.837704 0.994737 0.0215515 -0.100165 19.8987 
-0.10089 0.0279253 -0.994506 -45.6588 -0.0231247 0.99927 0.0304051 0.856642 0.994629 0.0260652 -0.100171 19.7545 
-0.10043 0.0271288 -0.994574 -46.7617 -0.0236232 0.999281 0.0296427 0.878525 0.994664 0.0264721 -0.0997173 19.6291 
-0.0987938 0.0311801 -0.994619 -47.8597 -0.0249463 0.999117 0.0337989 0.895159 0.994795 0.0281513 -0.0979288 19.4908 
-0.0967496 0.0340742 -0.994725 -48.9801 -0.0251373 0.999011 0.036666 0.919487 0.994991 0.0285522 -0.0957975 19.3578 
-0.0954451 0.0337098 -0.994864 -50.0902 -0.0231388 0.999081 0.0360726 0.943297 0.995166 0.0264629 -0.0945774 19.2382 
-0.0930724 0.0328465 -0.995117 -51.226 -0.0228928 0.999121 0.0351198 0.965039 0.995396 0.0260497 -0.0922387 19.1118 
-0.0883737 0.0330118 -0.99554 -52.3502 -0.0280529 0.998972 0.0356159 0.990956 0.995692 0.0310754 -0.0873568 18.9648 
-0.0821867 0.0336925 -0.996047 -53.4676 -0.0322962 0.998813 0.0364509 1.01348 0.996094 0.0351644 -0.0810011 18.8402 
-0.0760664 0.0328908 -0.99656 -54.5992 -0.0361204 0.998709 0.0357187 1.04202 0.996448 0.0387132 -0.0747801 18.7243 
-0.0702022 0.0324443 -0.997005 -55.7359 -0.0370515 0.998696 0.0351082 1.06577 0.996844 0.0394052 -0.0689086 18.6155 
-0.0639626 0.0318583 -0.997444 -56.8793 -0.0367037 0.998739 0.0342533 1.08409 0.997277 0.0388008 -0.0627127 18.5193 
-0.0591061 0.0314779 -0.997755 -58.0171 -0.0349666 0.998824 0.033583 1.11083 0.997639 0.0368731 -0.057936 18.436 
-0.0540977 0.0320087 -0.998023 -59.1667 -0.0338721 0.998852 0.0338714 1.13506 0.997961 0.0356375 -0.0529514 18.3648 
-0.047834 0.0334623 -0.998295 -60.3247 -0.0328266 0.998846 0.0350537 1.16387 0.998316 0.0344474 -0.0466803 18.2708 
-0.0417404 0.0349624 -0.998517 -61.4834 -0.0333779 0.998781 0.0363669 1.18554 0.998571 0.0348464 -0.0405225 18.1923 
-0.0364801 0.0339582 -0.998757 -62.6611 -0.0328691 0.998841 0.0351616 1.21676 0.998794 0.034111 -0.0353217 18.1366 
-0.0313202 0.0282655 -0.99911 -63.8369 -0.0333189 0.999015 0.0293074 1.25071 0.998954 0.0342072 -0.0303476 18.07 
-0.0268393 0.0234346 -0.999365 -65.0013 -0.0329314 0.999162 0.0243143 1.26238 0.999097 0.0335631 -0.0260451 18.0233 
-0.0229266 0.0219375 -0.999496 -66.1741 -0.0331091 0.999194 0.0226903 1.28862 0.999189 0.0336127 -0.0221818 17.9679 
-0.0201031 0.0241247 -0.999507 -67.3543 -0.0325235 0.999164 0.0247706 1.30426 0.999269 0.0330055 -0.0193017 17.9282 
-0.0180013 0.023738 -0.999556 -68.5376 -0.0323361 0.999181 0.0243115 1.31607 0.999315 0.0327595 -0.017219 17.8849 
-0.0165131 0.0234824 -0.999588 -69.7153 -0.034162 0.999127 0.024036 1.33105 0.99928 0.0345449 -0.0156965 17.8285 
-0.0147699 0.0239614 -0.999604 -70.8921 -0.0359719 0.999053 0.0244797 1.34804 0.999244 0.0363193 -0.013894 17.7693 
-0.0128056 0.0232955 -0.999647 -72.0781 -0.0372484 0.999024 0.0237581 1.36038 0.999224 0.0375395 -0.0119254 17.7122 
-0.0111202 0.020619 -0.999726 -73.2762 -0.038599 0.999033 0.0210341 1.37891 0.999193 0.0388223 -0.0103136 17.6636 
-0.00921892 0.018268 -0.999791 -74.4544 -0.0377304 0.999115 0.0186035 1.40152 0.999245 0.037894 -0.0085215 17.6123 
-0.00806567 0.0188473 -0.99979 -75.6394 -0.0346574 0.999216 0.0191161 1.39919 0.999367 0.0348044 -0.00740615 17.5788 
-0.00744864 0.0199602 -0.999773 -76.8193 -0.0319029 0.999287 0.0201882 1.4019 0.999463 0.0320461 -0.00680654 17.5409 
-0.00730796 0.0224487 -0.999721 -78.0137 -0.0317879 0.999238 0.0226702 1.40807 0.999468 0.0319447 -0.0065888 17.5073 
-0.00653994 0.0255145 -0.999653 -79.208 -0.0341762 0.999085 0.0257235 1.41981 0.999394 0.0343326 -0.00566197 17.473 
-0.00524418 0.0257407 -0.999655 -80.3911 -0.0366293 0.998993 0.0259158 1.42455 0.999315 0.0367526 -0.00429603 17.4316 
-0.00428039 0.023986 -0.999703 -81.5729 -0.0367442 0.999033 0.0241273 1.4359 0.999316 0.0368366 -0.0033949 17.4015 
-0.00413205 0.0214121 -0.999762 -82.7796 -0.0359965 0.99912 0.0215471 1.44752 0.999343 0.036077 -0.00335765 17.377 
-0.00376573 0.019371 -0.999805 -83.9499 -0.0346903 0.999208 0.01949 1.46398 0.999391 0.034757 -0.00309077 17.3432 
-0.00397987 0.0212815 -0.999766 -85.1183 -0.0322157 0.999252 0.0213988 1.46147 0.999473 0.0322934 -0.0032913 17.3194 
-0.00411007 0.0248299 -0.999683 -86.3089 -0.0312452 0.9992 0.0249463 1.45951 0.999503 0.0313378 -0.00333096 17.3001 
-0.00338995 0.0288544 -0.999578 -87.4828 -0.0317843 0.999076 0.0289477 1.44578 0.999489 0.0318691 -0.0024697 17.2707 
-0.00297792 0.0295474 -0.999559 -88.6569 -0.0328655 0.999021 0.0296294 1.45304 0.999455 0.0329393 -0.00200391 17.2347 
-0.00322255 0.0283767 -0.999592 -89.8464 -0.031994 0.999083 0.0284653 1.45674 0.999483 0.0320728 -0.00231171 17.2128 
-0.00291728 0.0270582 -0.99963 -91.0227 -0.0308365 0.999156 0.0271354 1.46996 0.99952 0.0309043 -0.00208044 17.1913 
-0.00378555 0.0274817 -0.999615 -92.2013 -0.0289238 0.999201 0.0275798 1.488 0.999574 0.0290171 -0.00298765 17.1854 
-0.00353386 0.0303484 -0.999533 -93.3743 -0.0264617 0.999187 0.0304314 1.50341 0.999644 0.026557 -0.00272791 17.1583 
-0.00406291 0.0325648 -0.999461 -94.5597 -0.0241977 0.999174 0.0326538 1.51985 0.999699 0.0243174 -0.00327156 17.1403 
-0.00308745 0.0343489 -0.999405 -95.7549 -0.0244348 0.999109 0.0344142 1.5413 0.999697 0.0245266 -0.00224539 17.1086 
-0.00332924 0.0365398 -0.999327 -96.9389 -0.026722 0.998972 0.0366159 1.55753 0.999637 0.026826 -0.00234939 17.0922 
-0.00334471 0.0357534 -0.999355 -98.1279 -0.0288602 0.998941 0.0358352 1.58123 0.999578 0.0289615 -0.00230932 17.0809 
-0.00327086 0.0316585 -0.999493 -99.3106 -0.0305662 0.999029 0.0317438 1.59907 0.999527 0.0306546 -0.0023 17.047 
-0.00398965 0.0298343 -0.999547 -100.482 -0.0301801 0.999096 0.0299413 1.61343 0.999537 0.0302859 -0.00308564 17.0388 
-0.00368207 0.0266711 -0.999638 -101.666 -0.0302337 0.999184 0.0267704 1.65161 0.999536 0.0303214 -0.0028727 17.0083 
-0.00353361 0.0265656 -0.999641 -102.817 -0.0279203 0.999255 0.0266541 1.6665 0.999604 0.0280045 -0.00278925 16.9926 
-0.00361374 0.0285593 -0.999586 -104.014 -0.0285303 0.999182 0.0286509 1.68483 0.999586 0.0286221 -0.00279598 16.9632 
-0.00405466 0.0302883 -0.999533 -105.168 -0.0270452 0.999172 0.0303871 1.69905 0.999626 0.0271558 -0.00323215 16.9396 
-0.00485409 0.0295097 -0.999553 -106.329 -0.030818 0.999085 0.0296456 1.70777 0.999513 0.0309482 -0.00394021 16.9082 
-0.00533823 0.030832 -0.99951 -107.501 -0.0342773 0.998932 0.0309972 1.72574 0.999398 0.0344261 -0.00427569 16.8751 
-0.00558705 0.0298061 -0.99954 -108.666 -0.0374395 0.998849 0.0299948 1.74645 0.999283 0.0375899 -0.00446469 16.837 
-0.0063848 0.0254036 -0.999657 -109.84 -0.0379457 0.998951 0.025628 1.76545 0.999259 0.0380964 -0.00541415 16.8089 
-0.00722642 0.0208975 -0.999756 -111.01 -0.0380638 0.999051 0.0211579 1.78193 0.999249 0.0382074 -0.00642413 16.773 
-0.00786921 0.0194284 -0.99978 -112.227 -0.0334757 0.999246 0.0196815 1.80123 0.999409 0.0336232 -0.0072129 16.734 
-0.00933775 0.0199386 -0.999758 -113.396 -0.0297156 0.999354 0.0202081 1.78859 0.999515 0.0298971 -0.00873923 16.7247 
-0.0100808 0.0223047 -0.9997 -114.622 -0.0292288 0.999317 0.0225909 1.7901 0.999522 0.0294478 -0.00942196 16.6965 
-0.011752 0.0273543 -0.999557 -115.84 -0.0291414 0.999192 0.0276869 1.78064 0.999506 0.0294539 -0.0109453 16.672 
-0.0127185 0.027132 -0.999551 -117.083 -0.0266574 0.999267 0.0274635 1.80284 0.999564 0.0269948 -0.011986 16.6362 
-0.014279 0.0224763 -0.999645 -118.32 -0.0263028 0.999393 0.0228463 1.82423 0.999552 0.0266198 -0.0136792 16.6109 
-0.0159181 0.0182681 -0.999706 -119.581 -0.0259283 0.999489 0.018677 1.84229 0.999537 0.026218 -0.0154363 16.5824 
-0.016931 0.0174289 -0.999705 -120.825 -0.0243653 0.999544 0.0178387 1.8384 0.99956 0.0246601 -0.0164987 16.5424 
-0.0174607 0.018252 -0.999681 -122.092 -0.026314 0.999479 0.0187079 1.85048 0.999501 0.0266322 -0.0169713 16.4912 
-0.0178125 0.022611 -0.999586 -123.367 -0.031166 0.999246 0.0231587 1.86236 0.999356 0.0315656 -0.0170944 16.4343 
-0.018081 0.0252984 -0.999516 -124.63 -0.0363656 0.999002 0.0259433 1.88216 0.999175 0.0368171 -0.0171429 16.3835 
-0.0177287 0.0246711 -0.999538 -125.893 -0.0440303 0.998706 0.0254316 1.90298 0.998873 0.0444609 -0.0166195 16.3152 
-0.0176891 0.022891 -0.999582 -127.146 -0.0466622 0.99863 0.023695 1.90684 0.998754 0.0470618 -0.0165967 16.2537 
-0.018427 0.0214072 -0.999601 -128.412 -0.047982 0.9986 0.0222703 1.91956 0.998678 0.0483732 -0.017374 16.2038 
-0.0194103 0.0211858 -0.999587 -129.675 -0.0478049 0.998612 0.0220934 1.91777 0.998668 0.0482141 -0.0183705 16.156 
-0.0202085 0.0202564 -0.999591 -130.935 -0.0458014 0.998726 0.0211648 1.92088 0.998746 0.0462104 -0.019255 16.1103 
-0.0207168 0.0201024 -0.999583 -132.2 -0.0441613 0.998804 0.0210019 1.93396 0.99881 0.044578 -0.0198043 16.057 
-0.0213144 0.0246519 -0.999469 -133.485 -0.0432898 0.998736 0.025557 1.95313 0.998835 0.0438116 -0.0202203 16.001 
-0.0218121 0.029426 -0.999329 -134.778 -0.0424643 0.998637 0.0303325 1.95723 0.99886 0.0430975 -0.0205328 15.9422 
-0.0213759 0.0279357 -0.999381 -136.058 -0.0427085 0.998672 0.0288294 1.97946 0.998859 0.0432984 -0.0201544 15.8755 
-0.0210385 0.0264572 -0.999429 -137.299 -0.0421701 0.998737 0.0273265 1.9926 0.998889 0.042721 -0.0198962 15.8322 
-0.0192248 0.0257738 -0.999483 -138.585 -0.041403 0.99879 0.0265523 2.00884 0.998958 0.0418921 -0.0181344 15.7713 
-0.0182612 0.0249482 -0.999522 -139.831 -0.0416765 0.998801 0.0256916 2.02443 0.998964 0.0421258 -0.0171996 15.7223 
-0.0184507 0.0268129 -0.99947 -141.098 -0.0402958 0.998808 0.027539 2.03985 0.999017 0.0407826 -0.0173483 15.6958 
-0.017893 0.0299989 -0.99939 -142.364 -0.0406659 0.998701 0.0307063 2.05519 0.999013 0.0411906 -0.0166498 15.6527 
-0.016782 0.030642 -0.99939 -143.629 -0.0419658 0.998628 0.0313233 2.07436 0.998978 0.0424659 -0.015473 15.6111 
-0.0152181 0.0275964 -0.999503 -144.911 -0.0441657 0.998625 0.0282446 2.09798 0.998908 0.0445736 -0.0139784 15.5585 
-0.0154485 0.0246381 -0.999577 -146.158 -0.0429322 0.998758 0.0252814 2.1108 0.998959 0.0433047 -0.0143715 15.5174 
-0.0158783 0.0226348 -0.999618 -147.427 -0.0388779 0.998974 0.0232378 2.11707 0.999118 0.0392321 -0.014982 15.4905 
-0.0164859 0.0210985 -0.999642 -148.685 -0.0380545 0.99904 0.0217134 2.1461 0.99914 0.0383989 -0.0156672 15.4595 
-0.0173272 0.0205586 -0.999639 -149.961 -0.0342259 0.999191 0.0211426 2.16414 0.999264 0.0345799 -0.0166095 15.4345 
-0.0181868 0.0186553 -0.999661 -151.182 -0.0310752 0.999332 0.0192145 2.16881 0.999352 0.0314141 -0.0175949 15.4003 
-0.0191197 0.0186722 -0.999643 -152.433 -0.0296371 0.999376 0.019234 2.16997 0.999378 0.0299943 -0.0185543 15.3736 
-0.0204202 0.02104 -0.99957 -153.693 -0.0242175 0.999475 0.0215327 2.17191 0.999498 0.0246468 -0.0199 15.3505 
-0.0215158 0.0218647 -0.999529 -154.923 -0.0225497 0.999496 0.0223494 2.19195 0.999514 0.02302 -0.0210119 15.3246 
-0.0220228 0.0205994 -0.999545 -156.144 -0.0206903 0.999564 0.0210557 2.20097 0.999543 0.0211446 -0.021587 15.284 
-0.0229998 0.0208842 -0.999517 -157.377 -0.0217524 0.999535 0.0213851 2.20488 0.999499 0.0222338 -0.0225348 15.232 
-0.0250088 0.0259566 -0.99935 -158.598 -0.022256 0.999401 0.0265149 2.19753 0.99944 0.0229046 -0.0244162 15.2125 
-0.0247824 0.0322417 -0.999173 -159.855 -0.0267292 0.999101 0.0329023 2.2042 0.999336 0.0275225 -0.0238983 15.1686 
-0.0248209 0.0316538 -0.999191 -161.08 -0.0309322 0.998996 0.032416 2.22361 0.999213 0.0317118 -0.0238169 15.1169 
-0.0224806 0.0275112 -0.999369 -162.329 -0.0349409 0.998989 0.0282867 2.23587 0.999137 0.0355547 -0.0214966 15.0311 
-0.0202571 0.0220973 -0.999551 -163.579 -0.0367003 0.999066 0.0228304 2.24376 0.999121 0.0371463 -0.0194272 14.9674 
-0.0184971 0.0202653 -0.999624 -164.842 -0.0396231 0.998994 0.0209857 2.25218 0.999044 0.0399964 -0.0176755 14.9003 
-0.016393 0.0171056 -0.999719 -166.094 -0.0344662 0.99925 0.0176627 2.25491 0.999271 0.0347461 -0.0157911 14.8366 
-0.0166281 0.0134081 -0.999772 -167.306 -0.0316404 0.999402 0.0139293 2.24973 0.999361 0.0318648 -0.0161939 14.8086 
-0.0172111 0.0103201 -0.999799 -168.496 -0.02591 0.999606 0.0107642 2.23988 0.999516 0.0260901 -0.0169369 14.7786 
-0.0183772 0.0130496 -0.999746 -169.74 -0.0241084 0.999618 0.0134911 2.24708 0.99954 0.0243502 -0.0180555 14.727 
-0.0174463 0.0192569 -0.999662 -170.999 -0.0256809 0.999476 0.0197015 2.25072 0.999518 0.026016 -0.0169427 14.6806 
-0.0158635 0.022349 -0.999624 -172.234 -0.026646 0.999386 0.0227665 2.25395 0.999519 0.0269972 -0.0152582 14.6397 
-0.0143454 0.0186361 -0.999723 -173.446 -0.0272492 0.999448 0.019022 2.26647 0.999526 0.0275146 -0.0138297 14.6004 
-0.014834 0.0181539 -0.999725 -174.67 -0.0299166 0.99938 0.0185915 2.27526 0.999442 0.0301842 -0.0142817 14.5633 
-0.0148455 0.01909 -0.999708 -175.891 -0.0281736 0.999413 0.0195028 2.27928 0.999493 0.0284549 -0.0142989 14.5376 
-0.0144746 0.0172544 -0.999746 -177.09 -0.0281664 0.999447 0.017657 2.27692 0.999498 0.0284149 -0.0139806 14.4978 
-0.0129862 0.0155153 -0.999795 -178.295 -0.0279607 0.999483 0.0158736 2.28578 0.999525 0.0281612 -0.0125457 14.4652 
-0.0110471 0.0172599 -0.99979 -179.458 -0.0297822 0.999402 0.0175823 2.28653 0.999495 0.0299702 -0.0105264 14.4132 
-0.00948162 0.0178351 -0.999796 -180.616 -0.0282806 0.999436 0.0180969 2.30516 0.999555 0.0284464 -0.00897189 14.3601 
-0.00867804 0.0192031 -0.999778 -181.726 -0.0293058 0.999381 0.0194498 2.29862 0.999533 0.0294681 -0.00810991 14.3203 
-0.00880601 0.0205661 -0.99975 -182.822 -0.0303838 0.999321 0.0208249 2.29257 0.9995 0.0305596 -0.00817516 14.2896 
-0.0086295 0.0214641 -0.999732 -183.892 -0.0295964 0.999326 0.0217108 2.29607 0.999525 0.0297758 -0.00798842 14.2417 
-0.00831949 0.0207207 -0.999751 -184.929 -0.0295826 0.999343 0.0209584 2.29247 0.999528 0.0297497 -0.00770105 14.2186 
-0.00721148 0.020273 -0.999769 -185.921 -0.0305671 0.999323 0.0204844 2.28951 0.999507 0.0307077 -0.00658691 14.1931 
-0.00583208 0.0207594 -0.999768 -186.896 -0.0314921 0.999285 0.020933 2.2929 0.999487 0.0316069 -0.00517415 14.1647 
-0.0066502 0.0194618 -0.999789 -187.847 -0.0298925 0.99936 0.0196523 2.28253 0.999531 0.0300169 -0.00606418 14.1434 
-0.0101198 0.0167424 -0.999809 -188.778 -0.0277453 0.99947 0.0170175 2.27183 0.999564 0.0279123 -0.00964992 14.1238 
-0.0152327 0.0133882 -0.999794 -189.718 -0.0276017 0.999524 0.0138051 2.26748 0.999503 0.0278064 -0.0148559 14.0919 
-0.0204235 0.0101562 -0.99974 -190.682 -0.0294077 0.99951 0.0107546 2.27213 0.999359 0.0296197 -0.0201148 14.0522 
-0.0242857 0.00846654 -0.999669 -191.625 -0.0317438 0.999453 0.00923589 2.28673 0.999201 0.0319576 -0.0240037 14.0061 
-0.0276964 0.00932928 -0.999573 -192.558 -0.0328923 0.999406 0.0102391 2.27433 0.999075 0.0331618 -0.0273731 13.9652 
-0.0295071 0.0109877 -0.999504 -193.5 -0.0318466 0.999422 0.011927 2.27403 0.999057 0.0321827 -0.0291401 13.9062 
-0.0317305 0.0125042 -0.999418 -194.438 -0.0289857 0.99949 0.0134253 2.26612 0.999076 0.0293949 -0.0313519 13.8709 
-0.0344712 0.0126814 -0.999325 -195.352 -0.0270749 0.999541 0.0136181 2.26279 0.999039 0.0275261 -0.034112 13.8399 
-0.0359541 0.0120993 -0.99928 -196.271 -0.0271477 0.999546 0.0130793 2.24752 0.998985 0.0275984 -0.0356093 13.7918 
-0.0378855 0.00974236 -0.999235 -197.188 -0.0285449 0.999534 0.0108275 2.25882 0.998874 0.0289333 -0.0375897 13.7529 
-0.0377284 0.00917425 -0.999246 -198.113 -0.0318044 0.99944 0.0103769 2.24781 0.998782 0.032172 -0.0374155 13.6942 
-0.0364176 0.00722705 -0.999311 -199.02 -0.0343624 0.999374 0.00847976 2.23932 0.998746 0.0346475 -0.0361464 13.6309 
-0.0351997 0.00467999 -0.999369 -199.935 -0.0347896 0.999377 0.00590538 2.22879 0.998775 0.0349756 -0.035015 13.574 
-0.0346985 0.00273542 -0.999394 -200.865 -0.0340522 0.999412 0.00391774 2.20881 0.998818 0.0341675 -0.034585 13.5224 
-0.0333109 0.00272915 -0.999441 -201.785 -0.033752 0.999423 0.00385404 2.19368 0.998875 0.0338616 -0.0331996 13.4577 
-0.0323322 0.00551758 -0.999462 -202.713 -0.0304897 0.999514 0.0065042 2.18348 0.999012 0.0306837 -0.0321483 13.4043 
-0.0316513 0.00671926 -0.999476 -203.641 -0.0299983 0.999521 0.00766954 2.17264 0.999049 0.0302254 -0.0314345 13.3464 
-0.0305928 0.00364275 -0.999525 -204.591 -0.0244769 0.999691 0.00439253 2.15717 0.999232 0.0245997 -0.0304942 13.2934 
-0.0295166 0.000745707 -0.999564 -205.529 -0.0227179 0.999741 0.00141669 2.14667 0.999306 0.0227499 -0.029492 13.2385 
-0.0282127 0.00156458 -0.999601 -206.46 -0.0266863 0.999641 0.00231784 2.13181 0.999246 0.026741 -0.0281608 13.1833 
-0.0258988 0.0054362 -0.99965 -207.419 -0.0275572 0.999601 0.00614988 2.1222 0.999285 0.0277068 -0.0257387 13.1234 
-0.0234708 0.00528223 -0.999711 -208.385 -0.0245022 0.999683 0.00585733 2.11366 0.999424 0.0246326 -0.023334 13.08 
-0.0205784 0.00615917 -0.999769 -209.355 -0.0231969 0.999709 0.00663627 2.11331 0.999519 0.0233282 -0.0204296 13.0356 
-0.0182508 0.00935411 -0.99979 -210.352 -0.0230829 0.999686 0.0097745 2.1204 0.999567 0.0232565 -0.0180291 12.985 
-0.0158616 0.0134152 -0.999784 -211.349 -0.0199141 0.999707 0.0137301 2.11321 0.999676 0.0201277 -0.0155898 12.9496 
-0.0147708 0.0137696 -0.999796 -212.338 -0.0198202 0.999705 0.0140612 2.11143 0.999694 0.0200239 -0.0144935 12.9236 
-0.0112083 0.0145302 -0.999832 -213.354 -0.0228437 0.99963 0.0147833 2.11257 0.999676 0.0230056 -0.0108723 12.8729 
-0.00894694 0.0157756 -0.999836 -214.385 -0.0259675 0.999535 0.0160032 2.11806 0.999623 0.0261065 -0.00853313 12.8469 
-0.00535152 0.014624 -0.999879 -215.425 -0.0269244 0.999528 0.014763 2.13893 0.999623 0.0270002 -0.00495525 12.8191 
-0.00276108 0.0119818 -0.999924 -216.438 -0.0300887 0.999475 0.0120595 2.13705 0.999543 0.0301198 -0.00239911 12.8064 
-0.000381538 0.00863321 -0.999963 -217.459 -0.0298527 0.999517 0.00864075 2.13874 0.999554 0.0298549 -0.000123628 12.798 
0.00155866 0.00718572 -0.999973 -218.496 -0.0275717 0.999594 0.00714003 2.14093 0.999619 0.0275599 0.00175615 12.7732 
0.00199991 0.0094088 -0.999954 -219.548 -0.0293168 0.999527 0.00934615 2.13509 0.999568 0.0292968 0.0022748 12.7733 
0.00351746 0.0128489 -0.999911 -220.581 -0.0302136 0.999462 0.0127369 2.12619 0.999537 0.0301661 0.00390378 12.7495 
0.00476089 0.0122284 -0.999914 -221.668 -0.0289351 0.999508 0.0120856 2.12768 0.99957 0.0288751 0.00511238 12.7459 
0.00476399 0.00928587 -0.999946 -222.742 -0.027181 0.999589 0.00915306 2.12142 0.999619 0.027136 0.00501443 12.7447 
0.00432945 0.0064983 -0.99997 -223.83 -0.024463 0.99968 0.00639051 2.11674 0.999691 0.0244346 0.00448704 12.7382 
0.00403934 0.00470086 -0.999981 -224.932 -0.0221153 0.999745 0.00461042 2.11231 0.999747 0.0220963 0.00414227 12.734 
0.00383805 0.0039861 -0.999985 -226.037 -0.0222779 0.999744 0.00389964 2.10056 0.999744 0.0222627 0.00392587 12.7194 
0.00845247 0.00501056 -0.999952 -226.99 -0.0223651 0.999738 0.00482044 2.07436 0.999714 0.0223233 0.00856232 12.5407 
0.00858732 0.00656432 -0.999942 -228.097 -0.0243979 0.999682 0.00635309 2.05268 0.999665 0.0243419 0.00874474 12.5274 
0.00729281 0.00866624 -0.999936 -229.214 -0.0245329 0.999663 0.00848495 2.04467 0.999672 0.0244695 0.00750296 12.5313 
0.00657621 0.0107943 -0.99992 -230.346 -0.0246894 0.999639 0.0106289 2.02481 0.999674 0.0246175 0.00684034 12.4991 
0.00544349 0.0125785 -0.999906 -231.491 -0.0257675 0.999591 0.0124343 2.02389 0.999653 0.0256975 0.00576538 12.4867 
0.00458338 0.013572 -0.999897 -232.66 -0.0275351 0.999531 0.0134408 2.01943 0.99961 0.0274708 0.00495494 12.4703 
0.00360375 0.0126114 -0.999914 -233.814 -0.0294741 0.999487 0.0124998 2.01186 0.999559 0.0294265 0.00397361 12.4419 
0.0001432 0.00718989 -0.999974 -235.033 -0.0284205 0.99957 0.00718292 2.02292 0.999596 0.0284188 0.00034748 12.4708 
-0.000567495 0.00106446 -0.999999 -236.184 -0.0256543 0.99967 0.00107867 2.01511 0.999671 0.0256549 -0.00054 12.4317 
-0.00201991 -0.00290527 -0.999994 -237.353 -0.0204975 0.999786 -0.00286327 1.99042 0.999788 0.0204916 -0.00207903 12.3933 
-0.00392833 -0.00190718 -0.999991 -238.534 -0.014177 0.999898 -0.00185131 1.96003 0.999892 0.0141696 -0.00395497 12.3556 
-0.00568159 0.0025385 -0.999981 -239.728 -0.00961956 0.99995 0.00259308 1.93437 0.999938 0.00963415 -0.00565689 12.3239 
-0.00730478 0.00525576 -0.99996 -240.921 -0.00791848 0.999955 0.00531358 1.90911 0.999942 0.00795702 -0.00726283 12.2883 
-0.00916542 0.00521146 -0.999944 -242.123 -0.00652615 0.999965 0.00527138 1.89873 0.999937 0.00657415 -0.00913108 12.2585 
-0.0109688 0.00585866 -0.999923 -243.309 -0.00734049 0.999955 0.00593937 1.8848 0.999913 0.00740511 -0.0109253 12.2198 
-0.0125394 0.00734327 -0.999894 -244.51 -0.00653174 0.999951 0.0074256 1.87664 0.9999 0.0066242 -0.0124909 12.1717 
-0.0148129 0.0068087 -0.999867 -245.757 -0.00627133 0.999957 0.00690222 1.87736 0.999871 0.00637278 -0.0147696 12.1293 
-0.0169668 0.00537701 -0.999842 -246.961 -0.0056439 0.999969 0.00547347 1.86827 0.99984 0.00573591 -0.016936 12.0938 
-0.019267 0.00541024 -0.9998 -248.171 -0.0066652 0.999962 0.00553956 1.85473 0.999792 0.00677063 -0.0192302 12.0469 
-0.0216569 0.00610974 -0.999747 -249.423 -0.00680596 0.999957 0.00625846 1.8497 0.999742 0.00693981 -0.0216144 11.9961 
-0.023637 0.00633007 -0.999701 -250.673 -0.00689168 0.999955 0.00649463 1.8437 0.999697 0.00704317 -0.0235924 11.9408 
-0.0266993 0.00759866 -0.999615 -251.916 -0.00779067 0.999939 0.00780921 1.8235 0.999613 0.00799621 -0.0266385 11.896 
-0.0290758 0.00938541 -0.999533 -253.178 -0.0104072 0.999899 0.00969158 1.8128 0.999523 0.0106841 -0.0289752 11.8401 
-0.0303793 0.00952361 -0.999493 -254.446 -0.0125977 0.999872 0.00991012 1.81298 0.999459 0.0128924 -0.0302554 11.7729 
-0.0315961 0.00998959 -0.999451 -255.707 -0.014905 0.999834 0.0104646 1.80455 0.99939 0.0152275 -0.031442 11.708 
-0.0322267 0.00942317 -0.999436 -256.979 -0.0147605 0.999842 0.00990295 1.80501 0.999372 0.0150713 -0.0320825 11.6521 
-0.0321237 0.00829102 -0.99945 -258.261 -0.0140366 0.999863 0.00874561 1.79495 0.999385 0.0143098 -0.0320029 11.5721 
-0.0324647 0.00728673 -0.999446 -259.515 -0.0111451 0.999909 0.00765212 1.77764 0.999411 0.0113874 -0.0323805 11.5223 
-0.0321271 0.00695124 -0.99946 -260.796 -0.00990488 0.999925 0.00727286 1.76737 0.999435 0.0101332 -0.0320558 11.4422 
-0.0320729 0.00690442 -0.999462 -262.068 -0.00991442 0.999925 0.00722577 1.76042 0.999436 0.0101409 -0.032002 11.3777 
-0.0322667 0.00680421 -0.999456 -263.325 -0.00885589 0.999936 0.00709338 1.74402 0.99944 0.00907999 -0.0322044 11.3162 
-0.0318073 0.00738735 -0.999467 -264.596 -0.00828043 0.999936 0.00765434 1.73132 0.99946 0.00851951 -0.0317441 11.2439 
-0.0317542 0.00842686 -0.99946 -265.875 -0.00598252 0.999945 0.00862102 1.72003 0.999478 0.00625309 -0.031702 11.1725 
-0.0321216 0.0107057 -0.999427 -267.13 -0.00153601 0.999941 0.0107606 1.70785 0.999483 0.00188081 -0.0321032 11.1157 
-0.0324522 0.0140453 -0.999375 -268.391 0.00174931 0.999901 0.0139959 1.70235 0.999472 -0.00129398 -0.0324736 11.052 
-0.0321617 0.0157447 -0.999359 -269.644 0.00383002 0.999871 0.0156295 1.70671 0.999475 -0.00332485 -0.0322179 10.9819 
-0.0320267 0.0141707 -0.999387 -270.875 0.00376923 0.999894 0.0140571 1.69644 0.99948 -0.00331667 -0.0320767 10.9157 
-0.031985 0.0126316 -0.999409 -272.106 0.00107386 0.99992 0.0126036 1.68943 0.999488 -0.000670059 -0.031996 10.8457 
-0.0323617 0.0155314 -0.999356 -273.346 -0.00478298 0.999865 0.0156942 1.68662 0.999465 0.00528782 -0.032283 10.7735 
-0.0319018 0.0216885 -0.999256 -274.585 -0.00969707 0.999711 0.0220079 1.68047 0.999444 0.010392 -0.0316822 10.6961 
-0.0313668 0.0204643 -0.999298 -275.83 -0.0138775 0.999685 0.0209078 1.69228 0.999412 0.0145237 -0.031073 10.6303 
-0.0306285 0.0132081 -0.999444 -277.061 -0.0134104 0.999817 0.013624 1.7014 0.999441 0.0138203 -0.0304458 10.5606 
-0.0310697 0.00712724 -0.999492 -278.28 -0.0104657 0.999917 0.0074556 1.70718 0.999462 0.010692 -0.0309925 10.4986 
-0.0308938 0.0063308 -0.999503 -279.505 -0.00455948 0.999969 0.00647468 1.69285 0.999512 0.00475728 -0.0308639 10.4386 
-0.0297819 0.00840423 -0.999521 -280.748 -0.0010646 0.999964 0.00843967 1.67524 0.999556 0.00131548 -0.0297719 10.38 
-0.0280299 0.0103288 -0.999554 -281.984 0.000222724 0.999947 0.0103266 1.66669 0.999607 6.68711e-05 -0.0280307 10.3203 
-0.026333 0.0129081 -0.99957 -283.202 -0.000702748 0.999916 0.0129311 1.6517 0.999653 0.001043 -0.0263217 10.2582 
-0.0242928 0.0141666 -0.999605 -284.448 -0.00184219 0.999897 0.0142155 1.64507 0.999703 0.00218684 -0.0242642 10.184 
-0.0228348 0.0145371 -0.999634 -285.688 -0.00215505 0.999891 0.01459 1.64854 0.999737 0.00248746 -0.022801 10.1119 
-0.0215692 0.0140334 -0.999669 -286.931 -0.00207284 0.999899 0.0140814 1.64369 0.999765 0.00237592 -0.0215379 10.0485 
-0.021069 0.0120435 -0.999706 -288.166 -0.00324513 0.999921 0.0121145 1.64483 0.999773 0.00349946 -0.0210282 9.99192 
-0.0199395 0.0110621 -0.99974 -289.388 -0.00296669 0.999934 0.0111234 1.62777 0.999797 0.00318776 -0.0199054 9.9321 
-0.0186686 0.0109724 -0.999766 -290.633 -0.00398046 0.999931 0.0110486 1.61266 0.999818 0.00418583 -0.0186236 9.86172 
-0.0189181 0.0104472 -0.999766 -291.866 -0.00477427 0.999933 0.0105393 1.60565 0.99981 0.00497258 -0.0188669 9.83327 
-0.0192702 0.00999491 -0.999764 -293.112 -0.0053833 0.999935 0.0101004 1.60909 0.9998 0.0055767 -0.0192151 9.80061 
-0.0188492 0.0099501 -0.999773 -294.344 -0.00542335 0.999935 0.010054 1.60159 0.999808 0.00561167 -0.018794 9.74851 
-0.0187105 0.00809706 -0.999792 -295.556 -0.00597681 0.999948 0.00821017 1.59607 0.999807 0.00612923 -0.0186612 9.69653 
-0.0182532 0.00532061 -0.999819 -296.789 -0.00536182 0.999971 0.0054193 1.58946 0.999819 0.00545982 -0.0182242 9.63379 
-0.0184817 0.002006 -0.999827 -298.033 -0.00682835 0.999974 0.00213252 1.58572 0.999806 0.00686662 -0.0184675 9.57946 
-0.0188432 0.000687303 -0.999822 -299.275 -0.00864409 0.999962 0.00085031 1.57142 0.999785 0.00865861 -0.0188365 9.52545 
-0.019223 0.000508196 -0.999815 -300.524 -0.0118106 0.99993 0.000735332 1.55949 0.999746 0.0118226 -0.0192156 9.46284 
-0.0190172 0.00112751 -0.999819 -301.779 -0.0150997 0.999885 0.00141479 1.54835 0.999705 0.0151239 -0.018998 9.3984 
-0.0190502 0.00203842 -0.999816 -303.022 -0.0200538 0.999796 0.00242048 1.53154 0.999617 0.0200963 -0.0190054 9.34502 
-0.019582 0.00202262 -0.999806 -304.27 -0.0212564 0.999771 0.00243887 1.50605 0.999582 0.0213001 -0.0195345 9.29995 
-0.0199865 2.29401e-06 -0.9998 -305.527 -0.0207027 0.999786 0.000416153 1.48744 0.999586 0.020707 -0.0199822 9.24979 
