1 2.12261e-08 -2.11895e-08 0 2.12261e-08 1 2.10703e-08 0 -2.11895e-08 2.10703e-08 1 0 
0.99994 -0.0024466 0.0107109 0.023206 0.00242612 0.999995 0.00192888 -0.010129 -0.0107156 -0.00190274 0.999941 0.256271 
0.999835 -0.00379674 0.0177416 0.0172978 0.00375782 0.99999 0.00222857 -0.00853642 -0.0177499 -0.00216149 0.99984 0.546227 
0.999791 -0.006744 0.0193234 0.0331246 0.00671868 0.999977 0.0013771 -0.020895 -0.0193322 -0.00124694 0.999812 0.852241 
0.999816 -0.00897361 0.0169813 0.0350149 0.00898462 0.99996 -0.000569687 -0.0209381 -0.0169755 0.000722194 0.999856 1.1743 
0.99988 -0.0129056 0.0086158 0.043045 0.0129377 0.99991 -0.00368143 -0.00641396 -0.00856755 0.0037925 0.999956 1.45316 
0.999904 -0.0131994 -0.00422811 0.0438789 0.0131794 0.999902 -0.00472919 -0.00705745 0.00429008 0.00467305 0.99998 1.81795 
0.999682 -0.0128455 -0.0216968 0.0326976 0.0127204 0.999902 -0.00589708 -0.000413261 0.0217704 0.00561926 0.999747 2.1672 
0.999072 -0.00820003 -0.042284 0.0159931 0.00792631 0.999947 -0.00663785 0.00700279 0.0423362 0.00629658 0.999084 2.52197 
0.99802 -0.00495453 -0.0627046 -0.0223296 0.00445536 0.999957 -0.00809856 0.0054733 0.062742 0.00780319 0.997999 2.89197 
0.99652 -0.00418983 -0.083252 -0.0713887 0.00347103 0.999955 -0.00877735 0.0058377 0.0832851 0.00845788 0.99649 3.26198 
0.994561 -0.0056578 -0.104001 -0.136579 0.00480508 0.999953 -0.00844825 0.00441665 0.104044 0.00790261 0.994541 3.6381 
0.992076 -0.00765866 -0.125404 -0.176869 0.00662673 0.999941 -0.00864427 0.0110526 0.125462 0.0077448 0.992068 4.04019 
0.989557 -0.00638169 -0.144 -0.247546 0.00521023 0.99995 -0.00851106 0.0101585 0.144047 0.00767196 0.989541 4.45373 
0.987076 -0.0047228 -0.160183 -0.324929 0.003392 0.999957 -0.00858063 0.0127507 0.160217 0.00792644 0.98705 4.8693 
0.984868 -0.00540154 -0.173224 -0.430196 0.00425178 0.999966 -0.00700804 -0.0225188 0.173256 0.00616553 0.984858 5.28797 
0.982814 -0.00758597 -0.184442 -0.539788 0.00621038 0.999948 -0.00803489 -0.0278789 0.184493 0.00675139 0.982811 5.71906 
0.980536 -0.0116586 -0.195995 -0.616006 0.00981538 0.999898 -0.0103733 -0.0354796 0.196096 0.00824766 0.98055 6.17002 
0.979018 -0.0110183 -0.203478 -0.728772 0.00863992 0.999884 -0.0125733 -0.0403463 0.203592 0.0105515 0.978999 6.6273 
0.977868 -0.0106793 -0.208948 -0.864649 0.00771053 0.999858 -0.0150175 -0.0423198 0.209079 0.0130741 0.977811 7.07964 
0.976061 -0.0117901 -0.217178 -0.98236 0.00807144 0.999805 -0.0180019 -0.0532885 0.217347 0.0158181 0.975966 7.56867 
0.973967 -0.0162465 -0.226108 -1.09741 0.0119634 0.999722 -0.0203003 -0.0639105 0.226375 0.0170669 0.973891 8.07355 
0.972218 -0.022559 -0.232989 -1.23448 0.0181612 0.999614 -0.021004 -0.0812429 0.233373 0.0161891 0.972253 8.57628 
0.970111 -0.0215507 -0.241702 -1.37276 0.0160314 0.999564 -0.0247789 -0.0827389 0.24213 0.0201635 0.970034 9.10461 
0.967827 -0.0176881 -0.250993 -1.53144 0.010618 0.999509 -0.0294951 -0.0978346 0.251391 0.0258812 0.96754 9.6536 
0.96517 -0.0190842 -0.260927 -1.67928 0.0104168 0.999348 -0.0345608 -0.0413286 0.261417 0.0306391 0.96474 10.2211 
0.962794 -0.0228911 -0.269266 -1.87013 0.0135086 0.999237 -0.0366465 -0.0509463 0.269899 0.0316457 0.962368 10.7954 
0.960064 -0.0271775 -0.278458 -2.03696 0.0168752 0.999084 -0.0393286 -0.0659346 0.279272 0.033059 0.959643 11.3614 
0.958048 -0.024855 -0.285527 -2.28414 0.0129896 0.998974 -0.0433757 -0.0908165 0.286312 0.0378472 0.957389 11.9729 
0.955742 -0.0237646 -0.293244 -2.52515 0.0103617 0.998833 -0.0471749 -0.128297 0.294022 0.0420485 0.954873 12.5879 
0.952902 -0.0272923 -0.302049 -2.6937 0.012309 0.998602 -0.0513986 -0.161848 0.30303 0.04526 0.951906 13.1675 
0.95068 -0.0311879 -0.308602 -2.89456 0.0140161 0.998235 -0.0577054 -0.200107 0.309857 0.050534 0.949439 13.7798 
0.948844 -0.0317865 -0.314142 -3.07128 0.0115865 0.997755 -0.0659617 -0.243367 0.315534 0.0589475 0.947082 14.3848 
0.94772 -0.0330907 -0.317384 -3.3448 0.00950434 0.997095 -0.0755777 -0.272806 0.318963 0.06861 0.945281 15.0366 
0.94672 -0.0309884 -0.320564 -3.60304 0.00366619 0.996333 -0.0854867 -0.324076 0.322037 0.0797567 0.943362 15.675 
0.946752 -0.0292253 -0.320634 -4.07227 -0.000617764 0.995705 -0.0925814 -0.424825 0.321962 0.0878498 0.942668 16.4353 
0.945619 -0.0274818 -0.324115 -4.366 -0.00514193 0.995037 -0.0993716 -0.494604 0.325237 0.0956342 0.940784 17.0973 
0.94513 -0.0267698 -0.325597 -4.76431 -0.00873738 0.994209 -0.107104 -0.541118 0.326579 0.104072 0.939423 17.8024 
0.94463 -0.0197316 -0.327544 -5.15529 -0.018248 0.993487 -0.112476 -0.68036 0.32763 0.112225 0.938118 18.5233 
0.943818 -0.0162492 -0.330066 -5.56255 -0.0232283 0.993058 -0.115309 -0.782737 0.329649 0.116498 0.936889 19.2772 
0.942714 -0.014182 -0.333302 -5.85238 -0.0262043 0.992861 -0.116363 -0.873356 0.332573 0.118431 0.935612 19.9532 
0.940527 -0.0140438 -0.339428 -6.13585 -0.02712 0.992852 -0.116227 -0.958597 0.338634 0.11852 0.933424 20.6657 
0.938677 -0.0142308 -0.344505 -6.43523 -0.0267648 0.993126 -0.11395 -1.05974 0.343759 0.116183 0.931843 21.3747 
0.935892 -0.0152559 -0.351957 -6.75482 -0.0258226 0.993404 -0.111725 -1.16168 0.351339 0.113651 0.929325 22.1466 
0.933881 -0.021102 -0.356961 -7.21847 -0.0200789 0.993588 -0.111267 -1.17071 0.35702 0.111078 0.927469 22.9522 
0.931133 -0.0188055 -0.364195 -7.58758 -0.0214078 0.994129 -0.106066 -1.26003 0.364051 0.106558 0.925263 23.7209 
0.927927 -0.0157847 -0.372428 -7.94749 -0.0239328 0.994519 -0.101781 -1.33806 0.371993 0.103359 0.922463 24.4891 
0.924524 -0.0132707 -0.380892 -8.31917 -0.0266024 0.994709 -0.099228 -1.4068 0.380193 0.101871 0.91928 25.2689 
0.920183 -0.0202697 -0.390962 -8.66779 -0.0194801 0.995051 -0.097438 -1.42639 0.391002 0.0972769 0.915235 26.0832 
0.917195 -0.0320837 -0.397145 -9.22291 -0.00871158 0.9949 -0.100493 -1.38345 0.398344 0.0956314 0.912237 26.9215 
0.913376 -0.0343513 -0.405666 -9.61897 -0.00598582 0.995193 -0.0977491 -1.47442 0.407074 0.0917099 0.908779 27.7192 
0.909343 -0.0353241 -0.414544 -10.0131 -0.00556793 0.995267 -0.0970224 -1.54694 0.416009 0.0905349 0.904842 28.5151 
0.90545 -0.0359172 -0.422932 -10.3636 -0.00523622 0.995392 -0.0957433 -1.63 0.424422 0.0889053 0.901089 29.2762 
0.901978 -0.0341929 -0.430427 -10.8135 -0.00651716 0.995668 -0.0927523 -1.71994 0.431734 0.0864657 0.897847 30.0944 
0.899667 -0.0313048 -0.435453 -11.3383 -0.00853254 0.995975 -0.0892296 -1.80491 0.436493 0.0839925 0.895778 30.9292 
0.896146 -0.0294066 -0.442784 -11.8368 -0.00942596 0.996315 -0.0852456 -1.9061 0.443659 0.0805662 0.892567 31.784 
0.892467 -0.0325681 -0.449936 -12.338 -0.00637048 0.996381 -0.0847581 -1.96263 0.451068 0.0785101 0.88903 32.6569 
0.889478 -0.034264 -0.455692 -12.8448 -0.00511424 0.996376 -0.0849013 -2.02695 0.45695 0.0778484 0.886079 33.5244 
0.886946 -0.0361215 -0.460458 -13.3764 -0.00302733 0.996461 -0.0840007 -2.09304 0.461862 0.0758981 0.883698 34.3869 
0.883539 -0.041148 -0.466548 -13.8313 0.00234206 0.996509 -0.0834535 -2.1634 0.468353 0.0726418 0.88055 35.2305 
0.88185 -0.0417562 -0.469677 -14.3834 0.00217035 0.99642 -0.0845109 -2.25554 0.471524 0.0735067 0.878784 36.0884 
0.880017 -0.0445571 -0.472848 -14.936 0.00352174 0.996174 -0.0873166 -2.30513 0.474929 0.0751749 0.876807 36.9868 
0.878839 -0.0454024 -0.474953 -15.5146 0.00343177 0.996038 -0.0888646 -2.37222 0.477106 0.0764678 0.875513 37.9299 
0.878949 -0.041542 -0.475103 -16.1087 -0.0013848 0.995973 -0.0896478 -2.46945 0.476913 0.0794538 0.875352 38.8618 
0.880577 -0.0363185 -0.47251 -16.881 -0.00739753 0.995884 -0.0903329 -2.57294 0.473846 0.0830405 0.876684 39.8769 
0.880032 -0.0392726 -0.473288 -17.3993 -0.00367588 0.995982 -0.0894799 -2.66301 0.474901 0.0804849 0.876351 40.7982 
0.87934 -0.0408076 -0.474443 -17.9289 -0.00169969 0.996046 -0.0888218 -2.75465 0.476191 0.0789111 0.875794 41.7416 
0.879267 -0.0424722 -0.474432 -18.5211 0.000182359 0.996047 -0.0888304 -2.85561 0.476329 0.0780192 0.875799 42.6774 
0.875694 -0.0398107 -0.481223 -18.9623 -0.003519 0.996043 -0.0888045 -2.96838 0.482854 0.079459 0.872088 43.6435 
0.874218 -0.0409314 -0.483804 -19.6392 -0.000593752 0.996349 -0.0853672 -3.05434 0.485532 0.0749169 0.871003 44.6456 
0.872248 -0.0388917 -0.487515 -20.2194 -0.00187831 0.996559 -0.0828618 -3.16025 0.48906 0.0731918 0.869174 45.5658 
0.868741 -0.036265 -0.493937 -20.7407 -0.00493764 0.996632 -0.0818574 -3.27628 0.495242 0.0735518 0.865636 46.457 
0.863218 -0.0405083 -0.503203 -21.2955 -0.00248997 0.996422 -0.0844843 -3.37978 0.504825 0.0741814 0.860028 47.389 
0.857692 -0.0420818 -0.51244 -21.8879 -0.00410736 0.996053 -0.088671 -3.49114 0.514148 0.0781572 0.854133 48.2988 
0.852625 -0.0516252 -0.519967 -22.4982 0.00337768 0.995631 -0.0933131 -3.44876 0.522513 0.0778048 0.849074 49.1923 
0.842103 -0.0724923 -0.534422 -22.6416 0.0241873 0.995005 -0.096856 -3.29455 0.538774 0.0686366 0.83965 49.952 
0.83737 -0.0693216 -0.542223 -23.264 0.0211177 0.995288 -0.0946321 -3.39063 0.546228 0.0677917 0.834889 50.8523 
0.833459 -0.0684494 -0.548326 -23.879 0.018548 0.995205 -0.0960419 -3.52198 0.55227 0.0698766 0.830732 51.7554 
0.830566 -0.0704578 -0.552446 -24.5093 0.0181828 0.994867 -0.0995467 -3.65832 0.556624 0.0726352 0.827583 52.6414 
0.828134 -0.0717096 -0.555924 -25.0918 0.0146464 0.994213 -0.106427 -3.78407 0.560339 0.0799937 0.824392 53.4934 
0.827456 -0.069604 -0.557201 -25.7839 0.00980435 0.993928 -0.109599 -3.92683 0.561446 0.0852255 0.823113 54.3414 
0.823286 -0.0637141 -0.564039 -26.3219 0.00480514 0.994427 -0.105317 -4.10434 0.567606 0.083996 0.819004 55.2342 
0.819595 -0.0604289 -0.569747 -26.9378 0.00436716 0.995052 -0.0992556 -4.25309 0.572926 0.0788613 0.815804 56.1426 
0.818308 -0.0565555 -0.571991 -27.6375 0.00211426 0.995437 -0.0953989 -4.40521 0.574777 0.0768564 0.814693 56.9934 
0.815569 -0.0545738 -0.576081 -28.2563 -4.48305e-05 0.995537 -0.0943737 -4.55008 0.57866 0.0769941 0.811927 57.8159 
0.812038 -0.056733 -0.58084 -28.9097 -0.000134525 0.995246 -0.0973977 -4.64588 0.583604 0.0791689 0.80817 58.6973 
0.807795 -0.0597657 -0.586426 -29.5532 0.000973542 0.994981 -0.100063 -4.76146 0.589462 0.0802593 0.803799 59.5575 
0.803654 -0.0607377 -0.59199 -30.2183 0.00176435 0.995017 -0.0996928 -4.89512 0.595095 0.0790741 0.799756 60.42 
0.79996 -0.0608889 -0.596956 -30.9241 0.00150466 0.995039 -0.0994766 -5.01639 0.600052 0.0786791 0.796083 61.2929 
0.796362 -0.0601733 -0.60182 -31.6173 -0.000100976 0.995025 -0.0996219 -5.13234 0.60482 0.0793959 0.792394 62.1115 
0.791065 -0.0615591 -0.608627 -32.2991 -2.21086e-06 0.994924 -0.100634 -5.2546 0.611732 0.0796091 0.787049 62.9547 
0.785693 -0.0610569 -0.615597 -32.9632 -0.00260215 0.994782 -0.101987 -5.39128 0.618612 0.0817323 0.781434 63.8196 
0.780408 -0.0611362 -0.622275 -33.6618 -0.00453164 0.994629 -0.103402 -5.51866 0.625254 0.0835157 0.77594 64.666 
0.774685 -0.0608068 -0.629417 -34.3444 -0.00661547 0.994532 -0.104222 -5.66018 0.632313 0.0849033 0.770047 65.4882 
0.769274 -0.0620779 -0.635896 -35.0705 -0.00656674 0.994448 -0.105025 -5.79112 0.638885 0.0849688 0.764596 66.3145 
0.764936 -0.0623759 -0.641079 -35.855 -0.00834736 0.994256 -0.1067 -5.91871 0.644052 0.0869698 0.760022 67.1202 
0.760795 -0.0620351 -0.646021 -36.6137 -0.00782995 0.994471 -0.104717 -6.05508 0.648945 0.0847262 0.756103 67.8904 
0.754982 -0.0612794 -0.652876 -37.3693 -0.00830468 0.994651 -0.102962 -6.21905 0.655693 0.0831565 0.750434 68.7087 
0.749272 -0.0624868 -0.659308 -38.191 -0.00796952 0.994616 -0.103323 -6.37268 0.662215 0.0826715 0.74474 69.5548 
0.743692 -0.064866 -0.665368 -38.9893 -0.00683706 0.994492 -0.104594 -6.51089 0.668487 0.0823349 0.739152 70.3683 
0.73805 -0.0638014 -0.671723 -39.8015 -0.00989092 0.99439 -0.105316 -6.62552 0.674674 0.0843728 0.733278 71.2191 
0.732505 -0.065283 -0.677624 -40.6098 -0.0095914 0.994303 -0.10616 -6.71558 0.680694 0.0842624 0.727705 72.0566 
0.727763 -0.0671257 -0.682536 -41.4931 -0.0100866 0.994043 -0.108517 -6.80701 0.685754 0.085859 0.722751 72.9068 
0.724469 -0.0697777 -0.685767 -42.3652 -0.0109952 0.993567 -0.112713 -6.91512 0.68922 0.089197 0.719041 73.7154 
0.719867 -0.0670343 -0.690868 -43.1432 -0.0193907 0.992995 -0.116554 -7.10245 0.693842 0.0972997 0.713524 74.5087 
0.715914 -0.0683229 -0.694838 -44.0816 -0.0213454 0.992593 -0.119594 -7.26788 0.697863 0.100451 0.709153 75.332 
0.711039 -0.0674255 -0.699913 -44.8588 -0.0238163 0.992511 -0.119808 -7.43461 0.702749 0.101857 0.704108 76.1218 
0.705617 -0.0688872 -0.705237 -45.7055 -0.0201295 0.992913 -0.117128 -7.58392 0.708307 0.0968435 0.69923 76.9342 
0.702023 -0.0686394 -0.708838 -46.594 -0.020633 0.992966 -0.116587 -7.72261 0.711855 0.0964724 0.695669 77.7143 
0.696983 -0.0710481 -0.71356 -47.4868 -0.0186877 0.992942 -0.117119 -7.86022 0.716844 0.094965 0.690736 78.5325 
0.690065 -0.0794192 -0.719377 -48.2733 -0.00500126 0.993414 -0.11447 -7.94571 0.72373 0.0825899 0.685123 79.355 
0.685821 -0.0815135 -0.723191 -49.204 -0.00241392 0.993447 -0.114264 -8.07993 0.727766 0.0801108 0.681131 80.156 
0.681124 -0.0827702 -0.727474 -50.0881 -0.00154155 0.993425 -0.114473 -8.22602 0.732166 0.0790917 0.676518 80.9792 
0.678101 -0.0883719 -0.729636 -51.1151 0.00242039 0.993008 -0.118021 -8.31285 0.734965 0.0782645 0.673574 81.78 
0.673798 -0.0928197 -0.733062 -52.0014 0.0046615 0.992593 -0.121397 -8.46812 0.738901 0.0783798 0.66924 82.5726 
0.668494 -0.0976767 -0.737276 -52.8857 0.00868764 0.992296 -0.123586 -8.61257 0.743667 0.0762111 0.664192 83.3673 
0.662992 -0.101386 -0.741729 -53.8393 0.0132699 0.992223 -0.123765 -8.77005 0.748509 0.0722125 0.659181 84.1007 
0.654779 -0.106516 -0.748277 -54.765 0.018904 0.992018 -0.124671 -8.90857 0.755584 0.0674863 0.651566 84.874 
0.646276 -0.107963 -0.755428 -55.7136 0.0201698 0.992012 -0.124519 -9.05384 0.762837 0.0652368 0.643292 85.645 
0.63741 -0.107442 -0.762998 -56.6904 0.0211925 0.992301 -0.122027 -9.20907 0.770234 0.0616114 0.634779 86.425 
0.629587 -0.107538 -0.769452 -57.6999 0.0196231 0.992259 -0.122622 -9.36933 0.776683 0.0621022 0.626823 87.1651 
0.61988 -0.110526 -0.776874 -58.7214 0.0198092 0.991919 -0.125314 -9.50817 0.784446 0.0622905 0.617061 87.9282 
0.61017 -0.113079 -0.784159 -59.7711 0.0190195 0.991568 -0.128188 -9.67075 0.792042 0.0633024 0.607176 88.6859 
0.601236 -0.112307 -0.79114 -60.7136 0.0147436 0.991465 -0.12954 -9.87855 0.798936 0.0662198 0.59776 89.4085 
0.591019 -0.114108 -0.798546 -61.7909 0.0189524 0.991635 -0.127672 -10.0705 0.806435 0.0603225 0.588238 90.1514 
0.581275 -0.115984 -0.805399 -62.8966 0.0195828 0.991497 -0.12865 -10.2247 0.813471 0.0590091 0.578604 90.8766 
0.57072 -0.118011 -0.812621 -63.9743 0.020903 0.991386 -0.129291 -10.3993 0.820879 0.0568026 0.568271 91.5934 
0.560661 -0.119381 -0.819395 -65.0543 0.0192159 0.991162 -0.131258 -10.5728 0.827822 0.0578459 0.558 92.2918 
0.550876 -0.11999 -0.825916 -66.1098 0.015816 0.990934 -0.133414 -10.7495 0.834437 0.0604322 0.54778 92.9673 
0.541155 -0.12209 -0.832013 -67.1568 0.0138418 0.990564 -0.136353 -10.9046 0.840809 0.0622715 0.537739 93.6296 
0.532009 -0.12249 -0.837832 -68.2515 0.0121155 0.990481 -0.137115 -11.0827 0.846652 0.0627955 0.528429 94.2773 
0.523003 -0.119986 -0.843843 -69.3206 0.00878728 0.990748 -0.135428 -11.2668 0.852286 0.063414 0.519218 94.9242 
0.515601 -0.118332 -0.848618 -70.3972 0.00739854 0.990996 -0.13369 -11.443 0.856797 0.0626523 0.511834 95.5289 
0.507855 -0.118476 -0.853257 -71.4858 0.00637221 0.990987 -0.133807 -11.6334 0.861419 0.0625175 0.504033 96.1528 
0.500639 -0.122143 -0.856996 -72.6029 0.00765979 0.990582 -0.136708 -11.8204 0.865622 0.061877 0.49686 96.77 
0.493144 -0.126339 -0.860725 -73.7133 0.0108737 0.990216 -0.139116 -12.013 0.86988 0.0592449 0.489693 97.3971 
0.487249 -0.128955 -0.863689 -74.8036 0.0116081 0.989906 -0.141251 -12.2091 0.873186 0.0587985 0.483827 97.9884 
0.480836 -0.132568 -0.866731 -75.8972 0.0127384 0.989456 -0.144272 -12.4169 0.876718 0.0583304 0.477455 98.5975 
0.476141 -0.133399 -0.869192 -77.0202 0.0142871 0.98947 -0.144032 -12.6179 0.879253 0.0561613 0.473033 99.1878 
0.472487 -0.130446 -0.871631 -78.1307 0.0150477 0.990036 -0.14001 -12.8266 0.881209 0.0530367 0.469741 99.7631 
0.469222 -0.128251 -0.873718 -79.2663 0.0169899 0.990526 -0.136272 -13.0371 0.882917 0.0490976 0.466955 100.334 
0.466181 -0.127215 -0.875495 -80.4013 0.0173345 0.990731 -0.13473 -13.2353 0.884519 0.0476322 0.464065 100.9 
0.463696 -0.127369 -0.876792 -81.5367 0.0185729 0.990793 -0.134107 -13.4142 0.8858 0.0459002 0.461792 101.465 
0.460664 -0.126235 -0.878552 -82.6532 0.0207517 0.991096 -0.131525 -13.6153 0.887332 0.0423573 0.459181 102.032 
0.458266 -0.126309 -0.879795 -83.7747 0.0230188 0.991206 -0.130314 -13.8 0.888517 0.0394665 0.457143 102.582 
0.458064 -0.125907 -0.879957 -84.9885 0.0219942 0.99122 -0.130377 -14.0308 0.888647 0.0403673 0.456812 103.095 
0.456721 -0.127401 -0.88044 -86.1185 0.0240525 0.991099 -0.130936 -14.1968 0.889285 0.0386245 0.45572 103.639 
0.455603 -0.128669 -0.880835 -87.3363 0.0277352 0.99107 -0.130425 -14.3631 0.889751 0.0349922 0.455103 104.17 
0.453514 -0.126442 -0.882234 -88.3939 0.0288685 0.99145 -0.127255 -14.5904 0.890781 0.0322433 0.453287 104.703 
0.452124 -0.127572 -0.882785 -89.4801 0.0311881 0.991375 -0.127292 -14.7816 0.89141 0.0300192 0.452203 105.214 
0.451331 -0.131391 -0.882631 -90.5966 0.0352219 0.990953 -0.129506 -14.9476 0.891661 0.027362 0.451876 105.735 
0.449346 -0.132042 -0.883546 -91.6129 0.0355844 0.990877 -0.129985 -15.1395 0.892649 0.026968 0.449946 106.284 
0.449679 -0.131557 -0.883449 -92.6321 0.0339568 0.990896 -0.130273 -15.3335 0.892545 0.0285822 0.450053 106.789 
0.451158 -0.131303 -0.882732 -93.6412 0.0315637 0.990846 -0.131253 -15.4966 0.891886 0.0313536 0.451173 107.304 
0.456197 -0.129418 -0.880418 -94.6136 0.0277197 0.990955 -0.131303 -15.6808 0.889447 0.0354951 0.455658 107.801 
0.462262 -0.128698 -0.877354 -95.6173 0.0260304 0.990955 -0.131647 -15.8742 0.886361 0.0380174 0.461431 108.28 
0.467889 -0.129164 -0.874298 -96.6309 0.0262016 0.990855 -0.132362 -16.0414 0.883399 0.0390226 0.466995 108.791 
0.473355 -0.12764 -0.871575 -97.5411 0.0260244 0.991041 -0.131002 -16.2161 0.880487 0.0393283 0.472436 109.301 
0.476045 -0.122778 -0.870808 -98.3538 0.0229984 0.991606 -0.127237 -16.4352 0.87912 0.0405435 0.474872 109.896 
0.482895 -0.121792 -0.867167 -99.252 0.0257548 0.991828 -0.124959 -16.6385 0.875299 0.0380083 0.482086 110.421 
0.491166 -0.118945 -0.862907 -100.178 0.0238913 0.9921 -0.123154 -16.8193 0.870739 0.039873 0.490127 110.955 
0.502164 -0.119951 -0.856413 -101.195 0.0245792 0.991913 -0.124517 -16.9775 0.864423 0.041478 0.501051 111.481 
0.512503 -0.12183 -0.849999 -102.151 0.0236735 0.991512 -0.127839 -17.1284 0.858359 0.0453954 0.511037 112.034 
0.522766 -0.120546 -0.84391 -103.075 0.023161 0.991595 -0.127294 -17.3324 0.852162 0.0469993 0.521164 112.605 
0.533814 -0.120923 -0.836911 -104.015 0.0242763 0.991506 -0.127776 -17.4755 0.845253 0.0478916 0.532215 113.183 
0.547105 -0.120733 -0.828312 -104.916 0.0240969 0.991405 -0.128589 -17.5778 0.836717 0.0503921 0.545312 113.729 
0.558826 -0.116587 -0.821048 -105.799 0.0223503 0.991826 -0.125625 -17.751 0.828983 0.051852 0.556864 114.318 
0.569657 -0.11398 -0.813941 -106.656 0.0243206 0.992241 -0.121926 -17.9503 0.821522 0.0496608 0.56801 114.916 
0.580574 -0.113763 -0.80622 -107.549 0.0254514 0.992243 -0.121684 -18.1249 0.813809 0.0501275 0.578966 115.53 
0.592439 -0.113083 -0.797639 -108.412 0.025059 0.992207 -0.122055 -18.2866 0.805226 0.0523223 0.590656 116.129 
0.600546 -0.115311 -0.791232 -109.221 0.0266049 0.99188 -0.12436 -18.4098 0.799148 0.0536332 0.598737 116.79 
0.610021 -0.11465 -0.784047 -110.03 0.0272901 0.99193 -0.123816 -18.5575 0.791915 0.0541335 0.608227 117.418 
0.61993 -0.111795 -0.776652 -110.849 0.026998 0.992251 -0.12128 -18.7168 0.784192 0.0542171 0.618145 118.059 
0.628938 -0.108838 -0.769799 -111.649 0.0296516 0.99279 -0.116139 -18.8845 0.77689 0.0502187 0.627631 118.711 
0.638258 -0.106194 -0.762462 -112.43 0.0290696 0.993058 -0.113977 -19.0412 0.769273 0.0505826 0.636915 119.368 
0.647257 -0.10534 -0.754959 -113.191 0.028867 0.993082 -0.113816 -19.196 0.761726 0.0518751 0.64582 120.019 
0.656314 -0.105243 -0.747112 -113.946 0.026753 0.992847 -0.116357 -19.3064 0.754014 0.0563794 0.654435 120.661 
0.665879 -0.103223 -0.738884 -114.705 0.0267464 0.993049 -0.114626 -19.4599 0.74558 0.0565646 0.664011 121.316 
0.674519 -0.101053 -0.731309 -115.456 0.0271459 0.993313 -0.112218 -19.5942 0.737759 0.0558415 0.672751 121.983 
0.68183 -0.0992209 -0.72475 -116.156 0.0279687 0.99357 -0.109711 -19.7203 0.730975 0.054534 0.680221 122.652 
0.690165 -0.0987077 -0.716889 -116.866 0.0286956 0.993607 -0.109183 -19.8473 0.723083 0.0547828 0.688586 123.3 
0.697692 -0.0975801 -0.709721 -117.553 0.0280882 0.993644 -0.109005 -19.9731 0.715847 0.056117 0.695998 123.956 
0.70441 -0.0970246 -0.703131 -118.225 0.0280587 0.993645 -0.109003 -20.08 0.709238 0.0570538 0.702656 124.614 
0.710645 -0.0952349 -0.697075 -118.868 0.0288568 0.993908 -0.10637 -20.1956 0.702959 0.0554759 0.709064 125.28 
0.719088 -0.0912894 -0.688897 -119.547 0.0269584 0.994252 -0.103614 -20.3136 0.694396 0.0559359 0.717416 125.928 
0.726025 -0.0900401 -0.681748 -120.193 0.0266888 0.994333 -0.102902 -20.4268 0.68715 0.0565143 0.724314 126.598 
0.732706 -0.0905089 -0.6745 -120.79 0.027535 0.994248 -0.103504 -20.52 0.679988 0.0572654 0.730983 127.257 
0.740692 -0.0873828 -0.666138 -121.406 0.0256212 0.994458 -0.101963 -20.6324 0.671356 0.0584558 0.738826 127.908 
0.749926 -0.0844019 -0.656115 -121.997 0.0252143 0.994754 -0.0991446 -20.7335 0.661041 0.0578076 0.74812 128.553 
0.759945 -0.0804122 -0.644994 -122.579 0.0243495 0.995143 -0.0953768 -20.8383 0.649531 0.0567759 0.758213 129.195 
0.770395 -0.0781603 -0.632758 -123.142 0.0237004 0.995282 -0.0940848 -20.9385 0.637127 0.0574859 0.768612 129.846 
0.779968 -0.0781718 -0.620919 -123.689 0.0239299 0.995168 -0.0952291 -21.0311 0.625362 0.0594171 0.778069 130.508 
0.790098 -0.0792117 -0.60784 -124.237 0.0254559 0.995 -0.0965764 -21.1256 0.612451 0.0608318 0.788164 131.173 
0.799857 -0.0781442 -0.595081 -124.759 0.0259778 0.995066 -0.095752 -21.2186 0.599628 0.0611291 0.797941 131.848 
0.809985 -0.0779681 -0.581245 -125.272 0.0275675 0.995089 -0.0950648 -21.2974 0.585803 0.0609776 0.808156 132.522 
0.81892 -0.0757843 -0.568882 -125.742 0.028011 0.99534 -0.0922729 -21.38 0.573223 0.0596292 0.817227 133.244 
0.828939 -0.074846 -0.554309 -126.238 0.0295808 0.995486 -0.0901798 -21.4682 0.558557 0.0583566 0.827411 133.926 
0.837545 -0.0738532 -0.541354 -126.726 0.031147 0.995665 -0.0876433 -21.5477 0.54548 0.0565436 0.836214 134.654 
0.84437 -0.0735401 -0.53069 -127.166 0.0328198 0.995774 -0.0857701 -21.6287 0.534754 0.0550046 0.843215 135.418 
0.851237 -0.0735104 -0.519607 -127.61 0.0349781 0.995886 -0.0835889 -21.7236 0.523614 0.0529792 0.850307 136.121 
0.858553 -0.0737628 -0.507391 -128.072 0.0361307 0.995841 -0.0836358 -21.7986 0.51145 0.0534734 0.857648 136.818 
0.863934 -0.073365 -0.498233 -128.466 0.0368944 0.995894 -0.0826711 -21.8932 0.502253 0.0530404 0.863093 137.544 
0.870107 -0.0703028 -0.487823 -128.852 0.0354787 0.996141 -0.0802776 -21.9753 0.491584 0.0525429 0.869243 138.226 
0.876427 -0.0691126 -0.476549 -129.277 0.0354793 0.996225 -0.0792294 -22.0569 0.480226 0.0525312 0.87557 138.956 
0.882575 -0.0694356 -0.465017 -129.696 0.037029 0.996228 -0.0784765 -22.1409 0.468712 0.0520423 0.881817 139.688 
0.887092 -0.0709304 -0.45611 -130.094 0.0392729 0.996138 -0.0785287 -22.2292 0.459918 0.0517495 0.886452 140.46 
0.890701 -0.0726499 -0.448747 -130.47 0.0423187 0.996112 -0.0772689 -22.3294 0.452616 0.0498331 0.890312 141.226 
0.894453 -0.0725378 -0.44124 -130.857 0.0440456 0.996248 -0.0744924 -22.4324 0.444988 0.0471954 0.894292 141.964 
0.89634 -0.0701625 -0.43778 -131.214 0.0435879 0.996561 -0.0704729 -22.514 0.441219 0.0440858 0.896316 142.778 
0.90013 -0.0657257 -0.430636 -131.639 0.0406205 0.996909 -0.0672469 -22.5804 0.433724 0.0430383 0.900017 143.581 
0.903012 -0.0633442 -0.424919 -132.019 0.0400883 0.997179 -0.0634598 -22.6615 0.42774 0.0402708 0.903004 144.402 
0.906896 -0.0605232 -0.416985 -132.428 0.0387049 0.997412 -0.0605903 -22.7324 0.419573 0.0388098 0.906891 145.204 
0.910253 -0.0587125 -0.409869 -132.829 0.0382158 0.997583 -0.0580299 -22.7919 0.412286 0.0371585 0.910297 146.05 
0.913873 -0.0568787 -0.401997 -133.261 0.038043 0.997778 -0.0546916 -22.8622 0.404214 0.0346881 0.914006 146.922 
0.917209 -0.0567319 -0.394346 -133.644 0.039069 0.997847 -0.0526832 -22.9227 0.396486 0.0329149 0.917451 147.799 
0.919686 -0.0581514 -0.388325 -134.023 0.0411026 0.997797 -0.0520746 -22.9698 0.390498 0.0319312 0.92005 148.728 
0.923173 -0.0598653 -0.379695 -134.423 0.0443032 0.997786 -0.0496009 -23.0493 0.381824 0.0289685 0.923781 149.627 
0.927558 -0.0625478 -0.368406 -134.823 0.0477184 0.997647 -0.0492363 -23.1132 0.370619 0.0280898 0.92836 150.508 
0.931677 -0.0637853 -0.357645 -135.191 0.04933 0.99756 -0.0494068 -23.1797 0.359924 0.0283886 0.93255 151.408 
0.935341 -0.0667912 -0.347385 -135.611 0.0521987 0.997323 -0.0512077 -23.2342 0.349876 0.0297636 0.936323 152.436 
0.94134 -0.0646918 -0.331202 -135.996 0.0503506 0.997392 -0.0517091 -23.2924 0.333683 0.0319997 0.942142 153.369 
0.947397 -0.0644586 -0.313503 -136.417 0.0506979 0.997367 -0.0518589 -23.317 0.31602 0.0332371 0.94817 154.397 
0.954255 -0.060126 -0.292888 -136.762 0.0485005 0.997726 -0.0468009 -23.4005 0.295036 0.0304548 0.955001 155.382 
0.961473 -0.0561007 -0.269113 -137.12 0.0461398 0.998 -0.0432028 -23.4702 0.270998 0.0291215 0.962139 156.383 
0.968329 -0.0577925 -0.242898 -137.47 0.0484333 0.997842 -0.0443334 -23.4794 0.244936 0.031165 0.969038 157.403 
0.973509 -0.0574044 -0.221327 -137.732 0.0494825 0.997926 -0.0411776 -23.5442 0.223231 0.029135 0.97433 158.479 
0.977739 -0.0587535 -0.201432 -137.958 0.0521464 0.997918 -0.0379569 -23.5791 0.203242 0.026608 0.978767 159.564 
0.981426 -0.0595033 -0.182382 -138.117 0.0540537 0.997935 -0.0347111 -23.6192 0.184071 0.024208 0.982615 160.617 
0.985045 -0.0584745 -0.162071 -138.288 0.0543976 0.998084 -0.0294839 -23.6645 0.163484 0.0202268 0.986339 161.736 
0.988232 -0.0563262 -0.142217 -138.439 0.0534853 0.998287 -0.0237233 -23.721 0.143309 0.0158377 0.989551 162.901 
0.99161 -0.0548122 -0.11707 -138.613 0.0524852 0.99836 -0.0228708 -23.7615 0.118132 0.0165345 0.99286 164.027 
0.993813 -0.0558507 -0.0960069 -138.729 0.0537006 0.998248 -0.0248373 -23.7896 0.0972258 0.0195281 0.995071 165.177 
0.995614 -0.0564841 -0.0745776 -138.826 0.0548417 0.998209 -0.0238924 -23.8308 0.0757935 0.0196977 0.996929 166.334 
0.99673 -0.0580317 -0.0562221 -138.876 0.0569624 0.998167 -0.0204397 -23.866 0.0573052 0.0171703 0.998209 167.525 
0.997634 -0.0577007 -0.0373839 -138.933 0.057067 0.998212 -0.0178046 -23.8986 0.0383443 0.0156291 0.999142 168.734 
0.998217 -0.0572265 -0.0169759 -138.976 0.0569683 0.998258 -0.0153297 -23.9217 0.0178235 0.0143354 0.999738 169.96 
0.998479 -0.0550403 0.00335793 -139.001 0.055084 0.998373 -0.0147046 -23.9182 -0.00254317 0.0148672 0.999886 171.21 
0.998228 -0.0541725 0.0246429 -139.008 0.0545179 0.998421 -0.0135653 -23.9366 -0.0238692 0.0148848 0.999604 172.443 
0.997627 -0.0518802 0.0452576 -138.975 0.0525332 0.99853 -0.0133599 -23.9596 -0.044498 0.0157058 0.998886 173.718 
0.99666 -0.0505252 0.0641499 -138.898 0.0515382 0.99857 -0.0142338 -23.9747 -0.063339 0.0174925 0.997839 174.992 
0.995266 -0.0490624 0.0839009 -138.817 0.0505965 0.998587 -0.0162553 -23.9996 -0.0829848 0.0204234 0.996342 176.27 
0.99356 -0.0474377 0.1029 -138.706 0.0494863 0.998622 -0.0174467 -24.0355 -0.101931 0.0224265 0.994539 177.565 
0.991423 -0.0473313 0.121818 -138.574 0.0499097 0.998588 -0.0181999 -24.0682 -0.120785 0.0241238 0.992386 178.884 
0.988888 -0.0470597 0.141016 -138.417 0.0503533 0.998534 -0.0198777 -24.1106 -0.139874 0.0267575 0.989808 180.202 
0.985888 -0.0457089 0.161047 -138.237 0.0502765 0.998437 -0.0243995 -24.1499 -0.15968 0.0321521 0.986645 181.512 
0.982745 -0.0440922 0.179636 -138.022 0.0503048 0.998278 -0.0301748 -24.198 -0.177996 0.0386907 0.98327 182.835 
0.979454 -0.0422451 0.197193 -137.783 0.0498562 0.998185 -0.0337914 -24.2573 -0.195407 0.0429285 0.979782 184.161 
0.975607 -0.0388674 0.216057 -137.505 0.0481697 0.998118 -0.0379547 -24.2964 -0.214175 0.0474364 0.975643 185.554 
0.970924 -0.036174 0.236638 -137.25 0.0466939 0.998148 -0.0390014 -24.3748 -0.234789 0.048917 0.970815 186.806 
0.96619 -0.0380336 0.255011 -136.991 0.049387 0.998047 -0.0382645 -24.407 -0.253057 0.0495651 0.966181 188.413 
0.961499 -0.039209 0.271998 -136.605 0.0514642 0.997949 -0.0380668 -24.4709 -0.269948 0.0505993 0.961545 189.821 
0.956613 -0.0389519 0.288746 -136.235 0.0530143 0.99775 -0.041039 -24.5547 -0.286498 0.0545661 0.956526 191.161 
0.950809 -0.0366502 0.307603 -135.883 0.052983 0.997585 -0.0449116 -24.6254 -0.305214 0.0590001 0.950454 192.501 
0.945007 -0.0342301 0.325253 -135.473 0.0510219 0.997761 -0.0432357 -24.7121 -0.323045 0.0574531 0.944638 193.875 
0.939641 -0.0326229 0.340603 -134.991 0.0500231 0.997847 -0.0424277 -24.786 -0.338486 0.0569049 0.939249 195.188 
0.933479 -0.0282164 0.357522 -134.446 0.0477636 0.997801 -0.0459606 -24.8079 -0.355439 0.0599798 0.932773 196.608 
0.92751 -0.0264466 0.372863 -133.807 0.0483425 0.997604 -0.0494952 -24.8715 -0.37066 0.0639324 0.926566 198.065 
0.920174 -0.0258673 0.390654 -133.273 0.0497333 0.997455 -0.0510985 -24.9489 -0.388338 0.0664481 0.919118 199.462 
0.913308 -0.0247946 0.406515 -132.508 0.051987 0.997077 -0.0559831 -25.021 -0.403939 0.0722633 0.911927 200.926 
0.905194 -0.0211393 0.424472 -131.85 0.0517047 0.996821 -0.0606179 -25.1103 -0.421841 0.0768182 0.90341 202.321 
0.894501 -0.0165181 0.44676 -131.235 0.0499719 0.996749 -0.0632007 -25.2051 -0.444263 0.0788586 0.892419 203.664 
0.880648 -0.00955453 0.473675 -130.865 0.0455558 0.996872 -0.0645885 -25.1686 -0.471576 0.0784584 0.878328 205.232 
0.867831 -0.00426938 0.496841 -130.155 0.0423107 0.996966 -0.065337 -25.2944 -0.495054 0.0777232 0.865379 206.537 
0.859779 0.00155025 0.510664 -128.75 0.0381937 0.996999 -0.0673314 -25.3961 -0.509236 0.0773943 0.85714 207.472 
0.84586 0.00489915 0.533382 -127.85 0.0385201 0.996786 -0.0702423 -25.4998 -0.532012 0.0799611 0.842953 208.842 
0.83143 0.00741773 0.555579 -127.023 0.0388004 0.996695 -0.0713723 -25.6094 -0.554273 0.0808978 0.828395 210.127 
0.815724 0.00827258 0.578382 -126.181 0.041238 0.996522 -0.0724132 -25.7202 -0.57697 0.0829205 0.812545 211.383 
0.799274 0.0102422 0.60088 -125.317 0.0435832 0.996234 -0.0749543 -25.8506 -0.599385 0.0860972 0.795818 212.615 
0.783485 0.0123388 0.621289 -124.392 0.04689 0.995779 -0.0789074 -25.9759 -0.61964 0.090955 0.779599 213.806 
0.764686 0.0145033 0.64424 -123.427 0.0499415 0.995406 -0.0816874 -26.0799 -0.642465 0.0946396 0.760449 215.27 
0.750952 0.0163805 0.660154 -122.315 0.0506484 0.995319 -0.0823117 -26.2515 -0.658412 0.0952479 0.746607 216.242 
0.733275 0.0174038 0.67971 -121.286 0.0539414 0.995033 -0.0836698 -26.363 -0.67779 0.0980175 0.728693 217.531 
0.717784 0.0183251 0.696024 -120.281 0.0554219 0.994978 -0.0833506 -26.5163 -0.694056 0.0984028 0.713164 218.63 
0.70139 0.0192032 0.712519 -119.255 0.0578736 0.994802 -0.0837807 -26.6734 -0.710424 0.0999991 0.696633 219.725 
0.684637 0.0177667 0.728668 -118.293 0.0627071 0.994561 -0.0831677 -26.9425 -0.726182 0.102632 0.679799 220.803 
0.667073 0.0214855 0.744683 -117.233 0.0645483 0.994158 -0.0865045 -27.0746 -0.742191 0.105773 0.661789 221.981 
0.64937 0.0235995 0.760106 -116.141 0.066073 0.993988 -0.0873081 -27.2239 -0.757597 0.106918 0.643907 223.087 
0.632444 0.0250095 0.774203 -114.904 0.0664063 0.994049 -0.0863583 -27.3668 -0.771755 0.106029 0.627019 224.165 
0.614377 0.0295261 0.78846 -113.622 0.0640839 0.994131 -0.0871629 -27.43 -0.786406 0.104078 0.608879 225.227 
0.591811 0.0303921 0.805504 -112.527 0.0614809 0.994676 -0.0827002 -27.6282 -0.803729 0.098466 0.586792 226.414 
0.572559 0.0311662 0.819271 -111.246 0.0594104 0.995073 -0.0793738 -27.8103 -0.817708 0.0941194 0.567887 227.409 
0.552811 0.0351998 0.832563 -109.98 0.0567732 0.995195 -0.0797723 -27.9152 -0.83137 0.0913663 0.548157 228.379 
0.533989 0.0447782 0.844305 -108.704 0.0522334 0.994942 -0.0858029 -27.9021 -0.843876 0.0899188 0.52895 229.246 
0.51603 0.0471531 0.855272 -107.437 0.051509 0.994969 -0.0859329 -28.0795 -0.85502 0.0883981 0.511005 230.033 
0.494852 0.0384918 0.868124 -106.161 0.0623941 0.994866 -0.0796775 -28.4194 -0.866734 0.0935944 0.48991 230.92 
0.471962 0.0300158 0.881108 -105.012 0.0692017 0.995075 -0.0709658 -28.7128 -0.878899 0.0944673 0.467561 231.721 
0.452063 0.0290016 0.891515 -103.709 0.0647994 0.995763 -0.0652508 -28.8732 -0.889629 0.0872671 0.448268 232.41 
0.42877 0.0317756 0.902855 -102.48 0.0567465 0.996461 -0.0620191 -28.9529 -0.90163 0.0778258 0.42545 233.088 
0.406681 0.0307864 0.913051 -101.293 0.0570657 0.996624 -0.0590218 -29.0772 -0.911786 0.076107 0.403551 233.684 
0.384182 0.0288174 0.922808 -100.016 0.060062 0.996615 -0.056127 -29.2232 -0.921302 0.0769886 0.38115 234.307 
0.362316 0.0268482 0.931669 -98.6696 0.0638567 0.996521 -0.0535502 -29.3454 -0.929865 0.0788954 0.359341 234.903 
0.338733 0.0266384 0.940505 -97.346 0.0659208 0.996471 -0.0519656 -29.4787 -0.93857 0.0796014 0.335782 235.489 
0.317811 0.0249987 0.947824 -95.9931 0.0691173 0.996382 -0.0494548 -29.6001 -0.945632 0.0812283 0.314933 235.969 
0.296731 0.0248555 0.954637 -94.7611 0.065652 0.996765 -0.0463591 -29.6941 -0.952702 0.0764301 0.29414 236.379 
0.275119 0.0245399 0.961097 -93.4704 0.064799 0.996928 -0.0440038 -29.8111 -0.959224 0.0743844 0.272684 236.788 
0.254463 0.0311924 0.966579 -92.1462 0.0607542 0.99699 -0.048168 -29.8881 -0.965172 0.0709807 0.251802 237.159 
0.233766 0.0394299 0.971493 -90.9095 0.0591006 0.996754 -0.0546762 -30.008 -0.970495 0.0701973 0.230677 237.536 
0.21364 0.0474967 0.975757 -89.478 0.0563448 0.996556 -0.0608456 -30.1166 -0.975286 0.0679779 0.210228 237.914 
0.194475 0.051993 0.979529 -88.0619 0.0526825 0.996599 -0.0633587 -30.2014 -0.979492 0.0639257 0.191075 238.21 
0.175116 0.052413 0.983152 -86.8047 0.0489481 0.996884 -0.0618635 -30.3113 -0.98333 0.0589567 0.172004 238.46 
0.155515 0.0531545 0.986403 -85.5232 0.0473078 0.997005 -0.0611842 -30.3954 -0.9867 0.0561795 0.152534 238.707 
0.136425 0.0543239 0.98916 -84.2282 0.0458448 0.997079 -0.0610818 -30.4721 -0.989589 0.0536809 0.133536 238.912 
0.116569 0.0539086 0.991718 -82.9256 0.044852 0.997221 -0.0594797 -30.5552 -0.992169 0.0514141 0.113828 239.109 
0.098077 0.0538503 0.993721 -81.6605 0.0446 0.997294 -0.0584458 -30.6529 -0.994179 0.0500521 0.0954099 239.263 
0.0799927 0.0551244 0.99527 -80.3902 0.044378 0.997283 -0.0588026 -30.7409 -0.995807 0.0488719 0.077329 239.384 
0.0614224 0.0586418 0.996388 -79.1579 0.0401969 0.997317 -0.0611744 -30.8301 -0.997302 0.0438092 0.0589004 239.495 
0.0426481 0.0607716 0.99724 -77.9229 0.039184 0.997279 -0.0624496 -30.9169 -0.998322 0.0417392 0.0401507 239.591 
0.0258739 0.05862 0.997945 -76.6484 0.0391836 0.997453 -0.0596069 -30.9984 -0.998897 0.0406453 0.0235111 239.649 
0.0110927 0.054603 0.998447 -75.4039 0.0397402 0.997695 -0.0550034 -31.075 -0.999149 0.0402886 0.00889721 239.655 
-0.00333003 0.0502928 0.998729 -74.1844 0.0380731 0.998017 -0.05013 -31.1669 -0.999269 0.0378578 -0.00523823 239.669 
-0.0159523 0.046907 0.998772 -73.0403 0.0383651 0.998192 -0.0462669 -31.2434 -0.999136 0.0375799 -0.017723 239.668 
-0.0278405 0.0482826 0.998446 -71.8661 0.0368184 0.998205 -0.0472443 -31.2828 -0.998934 0.0354458 -0.0295682 239.709 
-0.0348604 0.0493305 0.998174 -70.8059 0.0402375 0.99804 -0.0479186 -31.4041 -0.998582 0.0384936 -0.0367771 239.698 
-0.040566 0.0513439 0.997857 -69.6728 0.0380378 0.998034 -0.0498066 -31.4693 -0.998453 0.0359358 -0.0424393 239.656 
-0.0445953 0.0563528 0.997415 -68.5497 0.0369632 0.997817 -0.0547229 -31.5322 -0.998321 0.0344272 -0.0465809 239.583 
-0.0491411 0.0655598 0.996638 -67.4319 0.0371843 0.997272 -0.063768 -31.6087 -0.998099 0.0339257 -0.0514449 239.53 
-0.0535269 0.068773 0.996195 -66.3118 0.0351709 0.997136 -0.0669482 -31.677 -0.997947 0.0314535 -0.0557924 239.489 
-0.0573278 0.0615954 0.996454 -65.216 0.036064 0.997571 -0.0595896 -31.7495 -0.997704 0.03252 -0.05941 239.439 
-0.0583867 0.0526787 0.996903 -64.1206 0.0372569 0.998026 -0.0505559 -31.8167 -0.997599 0.0341897 -0.0602341 239.374 
-0.0598987 0.0497472 0.996964 -63.0166 0.0384777 0.99813 -0.0474935 -31.8879 -0.997463 0.035516 -0.0617009 239.326 
-0.0600066 0.0525489 0.996814 -61.9435 0.0367813 0.998052 -0.0503999 -31.9522 -0.99752 0.0336397 -0.0618225 239.278 
-0.0595811 0.0554457 0.996682 -60.8813 0.0367587 0.997901 -0.053316 -32.0305 -0.997546 0.0334601 -0.0614942 239.226 
-0.0571332 0.0588697 0.996629 -59.8152 0.0336747 0.997806 -0.0570087 -32.0964 -0.997799 0.0303041 -0.0589903 239.173 
-0.0548269 0.0607643 0.996645 -58.7696 0.031193 0.997764 -0.0591164 -32.1546 -0.998009 0.0278472 -0.0565997 239.128 
-0.0517863 0.0628273 0.99668 -57.7588 0.0307137 0.997647 -0.0612924 -32.2257 -0.998186 0.0274377 -0.0535941 239.096 
-0.0473724 0.0637025 0.996844 -56.7208 0.0287299 0.997638 -0.0623879 -32.3032 -0.998464 0.0256838 -0.0490907 239.059 
-0.0423325 0.0654312 0.996959 -55.7015 0.0274973 0.997552 -0.0643025 -32.379 -0.998725 0.0246915 -0.044028 239.032 
-0.0364057 0.0651219 0.997213 -54.6786 0.0263584 0.99759 -0.0641842 -32.4514 -0.998989 0.0239482 -0.0380345 239.018 
-0.0300365 0.0643042 0.997478 -53.6529 0.0272725 0.99761 -0.0634913 -32.5273 -0.999177 0.0252967 -0.0317184 239.002 
-0.0234664 0.0640749 0.997669 -52.6433 0.0292732 0.99756 -0.0633793 -32.6012 -0.999296 0.0277176 -0.0252849 239.009 
-0.0161983 0.0649422 0.997758 -51.6568 0.029208 0.997493 -0.0644507 -32.6915 -0.999442 0.0280985 -0.0180545 239.004 
-0.0101724 0.0646936 0.997853 -50.6611 0.0287602 0.997511 -0.0643782 -32.7747 -0.999535 0.0280435 -0.0120077 239.025 
-0.00391305 0.063788 0.997956 -49.6985 0.0293589 0.997541 -0.0636463 -32.8414 -0.999561 0.0290498 -0.00577617 239.043 
0.0018723 0.061691 0.998094 -48.715 0.0277769 0.997707 -0.0617192 -32.9291 -0.999612 0.0278395 0.000154422 239.08 
0.00882525 0.0606264 0.998122 -47.7164 0.0277366 0.997762 -0.0608498 -33.007 -0.999576 0.0282215 0.00712392 239.104 
0.0151966 0.0622038 0.997948 -46.6782 0.0261057 0.997698 -0.0625858 -33.0837 -0.999544 0.0270032 0.0135378 239.164 
0.0213788 0.0640167 0.99772 -45.7195 0.0258703 0.997578 -0.0645619 -33.1715 -0.999437 0.0271916 0.0196709 239.207 
0.0262324 0.0658162 0.997487 -44.7586 0.026137 0.997444 -0.0665007 -33.2465 -0.999314 0.0278158 0.0244451 239.27 
0.0324938 0.0685888 0.997116 -43.7983 0.0235463 0.997313 -0.0693697 -33.3179 -0.999195 0.0257324 0.0307915 239.327 
0.0379177 0.0700332 0.996824 -42.8253 0.0201549 0.997285 -0.0708322 -33.3882 -0.999078 0.0227767 0.0364032 239.403 
0.0431764 0.0700256 0.99661 -41.8896 0.0195244 0.997291 -0.0709192 -33.4662 -0.998877 0.0225202 0.0416922 239.473 
0.0487498 0.0672626 0.996544 -40.9023 0.0185377 0.997497 -0.0682338 -33.55 -0.998639 0.0218 0.0473809 239.555 
0.054367 0.066485 0.996305 -39.9183 0.0178024 0.997558 -0.06754 -33.6224 -0.998362 0.0214085 0.0530506 239.639 
0.0613895 0.0661799 0.995917 -38.9142 0.0183876 0.997555 -0.0674221 -33.7034 -0.997945 0.0224515 0.0600226 239.722 
0.0679484 0.067964 0.995371 -37.9484 0.0184361 0.997421 -0.0693624 -33.7775 -0.997519 0.0230639 0.0665202 239.821 
0.0746821 0.0694817 0.994784 -36.9944 0.0195491 0.997276 -0.0711233 -33.8522 -0.997016 0.0247588 0.0731204 239.921 
0.083048 0.0699966 0.994084 -36.0557 0.0235427 0.997114 -0.0721767 -33.9588 -0.996267 0.0293975 0.0811604 240.024 
0.0932458 0.0726137 0.992992 -35.1727 0.0224214 0.996931 -0.0750071 -34.0412 -0.995391 0.0292583 0.0913315 240.069 
0.102998 0.0741001 0.991918 -34.1727 0.0235396 0.99676 -0.0769061 -34.1135 -0.994403 0.0312705 0.10092 240.205 
0.110703 0.0726624 0.991194 -33.2783 0.0210301 0.996929 -0.0754316 -34.2118 -0.993631 0.0291953 0.108835 240.309 
