1 2.12261e-08 -2.11895e-08 0 2.12261e-08 1 2.10703e-08 0 -2.11895e-08 2.10703e-08 1 0 
0.999877 0.00125177 0.0156304 0.00477936 -0.00123807 0.999999 -0.000883293 -0.00175979 -0.0156315 0.000863874 0.999877 0.133012 
0.999298 0.00432857 0.0372135 0.0194412 -0.00431069 0.999991 -0.000559379 -0.00202185 -0.0372156 0.000398612 0.999307 0.271326 
0.997908 0.00556606 0.0644167 0.0488599 -0.00563617 0.999984 0.000907334 -0.00117044 -0.0644106 -0.00126846 0.997923 0.441067 
0.995065 0.0049383 0.0990987 0.0905445 -0.00528591 0.999981 0.00324587 -0.00185557 -0.0990808 -0.00375364 0.995072 0.597133 
0.99043 0.00208607 0.137998 0.143779 -0.00282576 0.999983 0.00516476 -0.00040806 -0.137985 -0.00550524 0.990419 0.771009 
0.983954 -0.000604445 0.178423 0.206026 -0.000390366 0.999985 0.00554067 0.00114384 -0.178424 -0.00552138 0.983938 0.964182 
0.974811 -0.000561403 0.223033 0.264076 -0.0010914 0.999973 0.00728748 -0.00276207 -0.223031 -0.00734729 0.974784 1.14504 
0.962641 -0.00120068 0.270777 0.366034 -0.00128999 0.999959 0.00902024 0.0107036 -0.270777 -0.00903252 0.9626 1.32961 
0.947807 -0.00551961 0.318797 0.472873 0.00048526 0.999874 0.0158691 0.0105254 -0.318845 -0.0148861 0.94769 1.5355 
0.9302 -0.014621 0.366762 0.590903 0.00648205 0.999705 0.0234134 0.00826261 -0.366997 -0.0194017 0.93002 1.73348 
0.908381 -0.0201442 0.417657 0.732681 0.00945386 0.999573 0.0276493 0.0119228 -0.418036 -0.0211676 0.908184 1.93867 
0.882928 -0.0221373 0.468987 0.883681 0.00812098 0.999458 0.0318881 0.00300964 -0.469439 -0.0243463 0.882629 2.12082 
0.854077 -0.024536 0.519568 1.03649 0.00644682 0.999309 0.0365939 0.00171357 -0.520107 -0.0279044 0.853645 2.31093 
0.821403 -0.0301817 0.569549 1.21049 0.00807524 0.999114 0.0412994 -0.00741348 -0.570291 -0.0293241 0.820919 2.48915 
0.78436 -0.0349786 0.619319 1.41516 0.00965826 0.998977 0.0441894 -0.002779 -0.620231 -0.0286788 0.783895 2.68617 
0.745136 -0.0386331 0.665793 1.64796 0.0102512 0.998866 0.0464872 0.0106873 -0.666834 -0.0278141 0.744687 2.89155 
0.703926 -0.0414135 0.709065 1.90729 0.0108773 0.99881 0.047538 0.0194368 -0.71019 -0.0257505 0.703539 3.10428 
0.660772 -0.0430407 0.749351 2.18483 0.0105132 0.998787 0.0480972 0.0365303 -0.750513 -0.0239032 0.660424 3.31698 
0.616893 -0.0430205 0.78587 2.47627 0.00571268 0.998723 0.0501883 0.0468259 -0.787026 -0.0264713 0.616351 3.52361 
0.575244 -0.044347 0.816779 2.78229 0.00208164 0.998605 0.0527533 0.0213886 -0.817979 -0.0286458 0.574534 3.66791 
0.534441 -0.0455555 0.843977 3.15229 0.000275396 0.998556 0.0537249 0.0315372 -0.845206 -0.0284803 0.533682 3.86356 
0.496028 -0.0472591 0.867019 3.5574 -0.000477093 0.998503 0.054699 0.0577395 -0.868306 -0.0275459 0.495263 4.05135 
0.458002 -0.0470235 0.887707 3.95576 -0.00286234 0.998517 0.0543701 0.0698471 -0.888947 -0.0274425 0.457188 4.25207 
0.421045 -0.0463528 0.905854 4.39536 -0.00381417 0.998594 0.0528712 0.0819938 -0.907032 -0.0257162 0.420277 4.43108 
0.387981 -0.0449751 0.920569 4.87056 -0.00221307 0.99876 0.049728 0.102038 -0.921665 -0.0213308 0.387401 4.59011 
0.35793 -0.0432597 0.932746 5.37713 0.000110737 0.998928 0.0462867 0.117515 -0.933748 -0.0164641 0.357551 4.7775 
0.332637 -0.0408546 0.94217 5.92225 0.001253 0.999079 0.04288 0.148504 -0.943054 -0.0130829 0.332382 4.95825 
0.312809 -0.0401727 0.948966 6.485 0.00252374 0.999137 0.0414647 0.171993 -0.949813 -0.0105756 0.312641 5.12978 
0.298155 -0.0402827 0.953667 7.07737 0.00346105 0.999148 0.0411218 0.200032 -0.954511 -0.00895997 0.29804 5.31347 
0.28705 -0.0416702 0.957009 7.69462 0.0043465 0.9991 0.0421993 0.223429 -0.957906 -0.00795365 0.286972 5.49113 
0.275858 -0.0430349 0.960235 8.36035 0.00319996 0.999033 0.0438545 0.254848 -0.961193 -0.00902488 0.275728 5.68845 
0.265284 -0.0443341 0.963151 9.0347 0.00192154 0.998965 0.0454534 0.290443 -0.964169 -0.0102073 0.265094 5.89304 
0.256126 -0.0458875 0.965554 9.72758 0.00112211 0.998886 0.047174 0.314916 -0.966643 -0.010999 0.255892 6.06727 
0.246109 -0.0476988 0.968068 10.4354 0.000877151 0.998799 0.0489901 0.34512 -0.969242 -0.0112078 0.245856 6.25526 
0.235026 -0.0494062 0.970733 11.1832 0.000935227 0.998718 0.0506042 0.369672 -0.971989 -0.0109855 0.234771 6.45073 
0.223652 -0.0499681 0.973387 11.9137 0.000328247 0.998689 0.0511916 0.414561 -0.974669 -0.0111296 0.223375 6.63821 
0.21315 -0.0520147 0.975634 12.6784 -0.00127107 0.998566 0.0535151 0.457024 -0.977019 -0.0126468 0.212778 6.81891 
0.201083 -0.0550545 0.978026 13.466 -0.00386593 0.998367 0.0569944 0.494297 -0.979567 -0.0152416 0.200541 7.0128 
0.189414 -0.0580339 0.980181 14.2839 -0.00521063 0.998178 0.0601064 0.546139 -0.981883 -0.0164924 0.188767 7.17646 
0.176537 -0.0600636 0.98246 15.0846 -0.00571374 0.998057 0.0620439 0.583571 -0.984278 -0.0165665 0.175851 7.33067 
0.162031 -0.0596415 0.984982 15.8994 -0.00571912 0.998098 0.0613765 0.631683 -0.986769 -0.0155781 0.161382 7.48112 
0.147846 -0.0586993 0.987267 16.7038 -0.00626159 0.998162 0.0602848 0.66347 -0.988991 -0.0150947 0.147207 7.61139 
0.131079 -0.0577751 0.989687 17.5171 -0.00675455 0.998225 0.0591681 0.69088 -0.991349 -0.0144406 0.130456 7.7242 
0.110722 -0.0556376 0.992293 18.3458 -0.00907273 0.998334 0.0569887 0.733909 -0.99381 -0.0153127 0.110033 7.82549 
0.0845157 -0.0536269 0.994978 19.1765 -0.0133692 0.9984 0.0549469 0.775164 -0.996333 -0.0179459 0.0836635 7.9136 
0.0538606 -0.0533218 0.997124 20.0089 -0.0173838 0.998372 0.0543276 0.8031 -0.998397 -0.0202599 0.052846 7.97523 
0.0204705 -0.0534463 0.998361 20.8388 -0.0203557 0.998341 0.0538626 0.827162 -0.999583 -0.021425 0.0193486 8.00226 
-0.0146907 -0.0527245 0.998501 21.6802 -0.0217894 0.998389 0.0523981 0.854472 -0.999655 -0.020987 -0.0158159 8.00235 
-0.0492536 -0.051618 0.997452 22.5162 -0.0222985 0.998472 0.0505698 0.875269 -0.998537 -0.019751 -0.0503293 7.97089 
-0.082477 -0.0496665 0.995355 23.3565 -0.0243427 0.99856 0.0478094 0.8971 -0.996296 -0.0202865 -0.0835672 7.90883 
-0.114956 -0.0470778 0.992254 24.1862 -0.0264438 0.998667 0.0443185 0.91255 -0.993019 -0.0211443 -0.116048 7.81894 
-0.147858 -0.0427847 0.988083 25.0228 -0.0242938 0.99892 0.0396186 0.928797 -0.98871 -0.0181463 -0.148737 7.69639 
-0.178092 -0.0365084 0.983336 25.8433 -0.0181945 0.999263 0.0338045 0.942442 -0.983846 -0.011871 -0.178625 7.53161 
-0.20858 -0.0307181 0.977523 26.6663 -0.012166 0.999511 0.0288132 0.947571 -0.97793 -0.00588265 -0.208851 7.35014 
-0.2383 -0.0245206 0.970882 27.488 -0.00720415 0.999698 0.0234802 0.960967 -0.971165 -0.00139906 -0.238404 7.15677 
-0.265893 -0.0186884 0.963821 28.2924 0.00246035 0.999796 0.0200648 0.955134 -0.963999 0.00770641 -0.265793 6.91713 
-0.292237 -0.00783715 0.956314 29.0949 0.00716405 0.99992 0.0103838 0.963536 -0.956319 0.0098856 -0.292157 6.66534 
-0.317036 0.00715026 0.948387 29.885 0.0118362 0.999924 -0.00358207 0.936997 -0.94834 0.0100896 -0.317096 6.38071 
-0.341715 0.0247216 0.939479 30.6716 0.0137676 0.999678 -0.021298 0.916712 -0.939703 0.00565653 -0.341945 6.09639 
-0.367793 0.0390782 0.929086 31.4436 0.0139935 0.999236 -0.0364892 0.88137 -0.929802 -0.000419337 -0.368059 5.8066 
-0.391504 0.0489908 0.918871 32.2087 0.0176036 0.998798 -0.0457518 0.829342 -0.920008 -0.00173656 -0.391896 5.47842 
-0.414547 0.0526573 0.908503 32.9701 0.020234 0.998611 -0.0486472 0.773738 -0.909803 -0.00178387 -0.415036 5.12235 
-0.437245 0.0526902 0.897798 33.7068 0.0242947 0.99861 -0.0467746 0.723691 -0.899014 0.00135979 -0.437917 4.76681 
-0.457224 0.049105 0.887995 34.4367 0.0280223 0.998774 -0.0408023 0.678837 -0.88891 0.00622785 -0.45804 4.39 
-0.474862 0.0481017 0.878745 35.1601 0.0358618 0.998733 -0.0352905 0.631201 -0.879329 0.0147552 -0.475986 3.98533 
-0.488511 0.0489386 0.871184 35.8648 0.0378398 0.998675 -0.0348819 0.592243 -0.871737 0.0159253 -0.489716 3.58948 
-0.499445 0.0528056 0.864735 36.5613 0.0414662 0.998454 -0.0370216 0.543725 -0.865353 0.017367 -0.500862 3.19157 
-0.509258 0.0550997 0.858849 37.24 0.0417785 0.998355 -0.0392769 0.497163 -0.8596 0.0158793 -0.510722 2.80455 
-0.519545 0.0545532 0.8527 37.9258 0.0362408 0.998469 -0.0417977 0.448738 -0.853674 0.00918676 -0.520726 2.38839 
-0.530545 0.0532682 0.845982 38.6234 0.0352707 0.998546 -0.0407551 0.409521 -0.846923 0.00821594 -0.531652 1.96655 
-0.539057 0.0545846 0.840499 39.3016 0.0366632 0.998473 -0.0413299 0.367469 -0.841471 0.0085362 -0.540234 1.53452 
-0.54635 0.0574725 0.835583 39.9868 0.0396232 0.9983 -0.0427565 0.321352 -0.836619 0.00974838 -0.547699 1.09488 
-0.549681 0.0604568 0.833184 40.6789 0.0411321 0.998127 -0.0452889 0.278038 -0.834362 0.00937618 -0.551138 0.647632 
-0.549449 0.0629265 0.833154 41.3923 0.0412777 0.997987 -0.0481541 0.235243 -0.834507 0.00793243 -0.55094 0.194473 
-0.546346 0.0630202 0.835185 42.1158 0.0428071 0.997963 -0.0473 0.192426 -0.836465 0.00990973 -0.547931 -0.266033 
-0.540706 0.0617036 0.838945 42.8595 0.0407387 0.998057 -0.0471497 0.138161 -0.840224 0.00868338 -0.542169 -0.720361 
-0.533858 0.0604521 0.843411 43.6385 0.0385996 0.998144 -0.0471101 0.0849193 -0.844693 0.00740518 -0.5352 -1.18752 
-0.527546 0.0598754 0.847414 44.4224 0.0372571 0.998184 -0.0473344 0.0282166 -0.848709 0.00660114 -0.528819 -1.63608 
-0.521606 0.0586054 0.851171 45.2292 0.0340965 0.998273 -0.047839 -0.0263852 -0.852505 0.00406887 -0.522703 -2.10022 
-0.517956 0.0562106 0.853559 46.0524 0.0295175 0.998419 -0.0478385 -0.0815448 -0.854898 0.000416678 -0.518796 -2.55857 
-0.516869 0.0539184 0.854365 46.8918 0.0249281 0.998539 -0.0479363 -0.123838 -0.855701 -0.00347908 -0.517458 -3.03497 
-0.51783 0.0515161 0.853931 47.7329 0.0215135 0.998654 -0.047201 -0.180503 -0.855213 -0.0060711 -0.518241 -3.51064 
-0.519084 0.0507306 0.853216 48.5913 0.020668 0.99869 -0.046806 -0.238612 -0.854473 -0.00666206 -0.519453 -3.99988 
-0.519633 0.0502672 0.85291 49.4615 0.0209702 0.998717 -0.0460844 -0.29444 -0.854132 -0.00606129 -0.520021 -4.50259 
-0.520317 0.0499433 0.852512 50.3363 0.0201549 0.998729 -0.046208 -0.348622 -0.853736 -0.00686055 -0.520662 -5.00947 
-0.521532 0.0485253 0.851851 51.25 0.0191359 0.998796 -0.0451803 -0.409238 -0.853017 -0.00726206 -0.521832 -5.51808 
-0.522457 0.0478036 0.851324 52.1255 0.0177827 0.998821 -0.0451726 -0.46927 -0.85248 -0.00846193 -0.522692 -6.02948 
-0.523444 0.0462923 0.850802 53.0172 0.015919 0.99888 -0.0445553 -0.524568 -0.851912 -0.00977828 -0.523594 -6.54204 
-0.523908 0.0457323 0.850546 53.8889 0.0149595 0.998898 -0.0444943 -0.585434 -0.851643 -0.0105872 -0.524015 -7.04981 
-0.522821 0.0452414 0.851241 54.7813 0.0140147 0.998912 -0.0444821 -0.654225 -0.852328 -0.0113263 -0.522886 -7.59183 
-0.521604 0.0441026 0.852047 55.6716 0.0131396 0.99896 -0.0436631 -0.711171 -0.853087 -0.0115793 -0.521641 -8.11338 
-0.519532 0.0421873 0.853409 56.5657 0.0132494 0.999058 -0.0413214 -0.772126 -0.854348 -0.0101606 -0.519601 -8.63292 
-0.516667 0.0405337 0.855226 57.4465 0.014181 0.999147 -0.0387877 -0.843279 -0.856069 -0.00791241 -0.516801 -9.15126 
-0.514624 0.039973 0.856484 58.3395 0.0142399 0.999173 -0.0380763 -0.910441 -0.857298 -0.00739868 -0.514768 -9.65698 
-0.512542 0.0400585 0.857727 59.2257 0.0152115 0.999178 -0.0375749 -0.974182 -0.858527 -0.00621148 -0.512731 -10.1666 
-0.512065 0.0410013 0.857968 60.1104 0.0151659 0.999136 -0.0386959 -1.02623 -0.858813 -0.00680297 -0.512244 -10.6685 
-0.513109 0.0424223 0.857274 60.9961 0.0144587 0.999063 -0.0407847 -1.08619 -0.858202 -0.008532 -0.513242 -11.1748 
-0.51544 0.0448474 0.855751 61.873 0.0127956 0.998921 -0.0446434 -1.1364 -0.85683 -0.0120611 -0.515458 -11.6884 
-0.521006 0.0456903 0.852329 62.7434 0.0104671 0.998833 -0.0471455 -1.18745 -0.853489 -0.0156417 -0.520876 -12.1719 
-0.526312 0.0447047 0.849116 63.6193 0.0114134 0.998898 -0.0455161 -1.24327 -0.850215 -0.0142644 -0.526242 -12.6944 
-0.532507 0.0423735 0.845365 64.5008 0.0112109 0.999012 -0.0430131 -1.30606 -0.846352 -0.0134275 -0.532455 -13.2084 
-0.538427 0.0403806 0.841704 65.3743 0.00727258 0.999037 -0.0432764 -1.35533 -0.842641 -0.0171798 -0.538202 -13.7217 
-0.543755 0.0443573 0.838071 66.2177 0.00953227 0.998864 -0.046683 -1.40789 -0.83919 -0.0173954 -0.54356 -14.2394 
-0.548939 0.0461713 0.834587 67.029 0.0100691 0.998766 -0.0486313 -1.46766 -0.835802 -0.018292 -0.548726 -14.7591 
-0.552879 0.0471107 0.831929 67.821 0.00891208 0.998678 -0.0506306 -1.54222 -0.833214 -0.0205784 -0.552568 -15.2894 
-0.559079 0.0417658 0.828062 69.0682 0.00298733 0.998825 -0.0483618 -1.75694 -0.829109 -0.0245644 -0.558548 -15.9573 
-0.562379 0.0411952 0.825853 69.8686 0.00351099 0.998868 -0.0474346 -1.81856 -0.826872 -0.0237767 -0.561887 -16.4922 
-0.565486 0.0332066 0.824089 70.6949 0.00271935 0.999259 -0.038399 -1.87908 -0.824754 -0.0194731 -0.565157 -17.022 
-0.567319 0.0254336 0.823105 71.5035 0.00357343 0.99959 -0.0284239 -1.94108 -0.82349 -0.0131841 -0.567177 -17.5696 
-0.568689 0.0240813 0.8222 72.3134 0.00404558 0.999641 -0.0264801 -1.98825 -0.822543 -0.0117327 -0.568582 -18.1073 
-0.569854 0.0285624 0.821249 73.11 0.00275672 0.999457 -0.0328474 -2.02125 -0.821741 -0.0164543 -0.569623 -18.6409 
-0.571279 0.0349871 0.82001 73.8952 0.00453071 0.99921 -0.0394765 -2.07454 -0.820744 -0.0188369 -0.570986 -19.1588 
-0.5717 0.0395564 0.819508 74.6835 0.010419 0.999107 -0.0409568 -2.12415 -0.820396 -0.0148766 -0.571602 -19.7069 
-0.57143 0.0419854 0.819576 75.4796 0.0138272 0.999041 -0.0415384 -2.16941 -0.820534 -0.0124039 -0.571463 -20.2587 
-0.570934 0.0388305 0.820077 76.2718 0.0125773 0.999177 -0.0385546 -2.22406 -0.8209 -0.0116978 -0.570953 -20.7956 
-0.569369 0.0343085 0.821366 77.0787 0.010699 0.999353 -0.0343265 -2.26735 -0.822012 -0.0107567 -0.569368 -21.3705 
-0.568918 0.0275573 0.821932 77.874 0.00840927 0.999581 -0.0276927 -2.32982 -0.822351 -0.00884301 -0.568911 -21.8841 
-0.568984 0.0220101 0.822054 78.6719 -0.000611955 0.99963 -0.0271882 -2.3713 -0.822349 -0.0159727 -0.56876 -22.3916 
-0.568274 0.0165811 0.822672 79.472 -0.00827948 0.999631 -0.0258669 -2.41163 -0.822798 -0.0215108 -0.567927 -22.8903 
-0.566102 0.0172296 0.824155 80.2587 -0.0045112 0.999702 -0.0239982 -2.46089 -0.824323 -0.0173034 -0.565856 -23.4169 
-0.563068 0.0203948 0.826159 81.0357 -3.61184e-05 0.999695 -0.0247034 -2.51475 -0.826411 -0.0139395 -0.562895 -23.9269 
-0.557378 0.0234932 0.829927 81.8211 0.00265964 0.999645 -0.0265113 -2.56337 -0.830255 -0.0125695 -0.557243 -24.4458 
-0.549674 0.0259267 0.834977 82.6155 0.00652108 0.999621 -0.0267461 -2.59675 -0.835354 -0.00925668 -0.549635 -24.9644 
-0.541449 0.0288878 0.840237 83.4073 0.0125042 0.999576 -0.0263082 -2.64245 -0.840641 -0.00373806 -0.541581 -25.4717 
-0.531663 0.0278806 0.846497 84.1885 0.0115035 0.999604 -0.0256983 -2.69896 -0.846878 -0.00392518 -0.531773 -25.9313 
-0.520089 0.0261042 0.853713 85.0052 0.00853135 0.999642 -0.0253688 -2.7285 -0.85407 -0.00591074 -0.520125 -26.4206 
-0.508505 0.0226922 0.86076 85.8157 0.00730429 0.99973 -0.0220407 -2.76434 -0.861028 -0.00492058 -0.508533 -26.8869 
-0.497229 0.022632 0.867324 86.6254 0.00728644 0.999733 -0.0219099 -2.80349 -0.867589 -0.00457452 -0.497261 -27.3337 
-0.485382 0.0220221 0.874025 87.45 0.00830247 0.999754 -0.0205792 -2.84127 -0.874263 -0.00273223 -0.485445 -27.7758 
-0.474404 0.0232015 0.880001 88.277 0.00902953 0.999728 -0.0214903 -2.87303 -0.880261 -0.00224912 -0.474485 -28.1889 
-0.461629 0.0280407 0.88663 89.1119 0.0101593 0.999602 -0.0263241 -2.90943 -0.887015 -0.00314444 -0.461731 -28.6093 
-0.450132 0.0374562 0.892176 89.9352 0.0125029 0.999286 -0.0356448 -2.95169 -0.892875 -0.00489005 -0.450279 -29.0042 
-0.437745 0.0426261 0.898088 90.7603 0.0133259 0.999073 -0.0409239 -2.99201 -0.899 -0.00594638 -0.437908 -29.3782 
-0.426541 0.0396282 0.9036 91.6018 0.0137302 0.999208 -0.0373399 -3.04454 -0.904364 -0.0035204 -0.426747 -29.7523 
-0.414585 0.0359497 0.9093 92.4537 0.0132938 0.999352 -0.0334487 -3.10755 -0.909914 -0.0017793 -0.414794 -30.124 
-0.405729 0.035889 0.913289 93.2757 0.00744419 0.999325 -0.0359628 -3.15181 -0.913963 -0.00779247 -0.405722 -30.4553 
-0.397987 0.0408672 0.91648 94.1082 0.00446187 0.999082 -0.0426129 -3.20759 -0.91738 -0.0128702 -0.397804 -30.7965 
-0.394892 0.0457786 0.917586 94.9363 -0.00211129 0.99871 -0.0507345 -3.25709 -0.918725 -0.021972 -0.394286 -31.1087 
-0.390976 0.0473067 0.919184 95.7635 -0.00590139 0.998529 -0.0539004 -3.31479 -0.920382 -0.0264982 -0.390122 -31.4343 
-0.388493 0.0467689 0.920264 96.5917 -0.00822393 0.998495 -0.0542165 -3.37635 -0.921415 -0.0286309 -0.387523 -31.7457 
-0.383996 0.0473203 0.922121 97.4293 -0.00810125 0.998475 -0.0546121 -3.43663 -0.923299 -0.0284412 -0.383027 -32.067 
-0.378755 0.0436033 0.924469 98.2597 -0.00775206 0.998705 -0.0502807 -3.49206 -0.925465 -0.0262106 -0.377927 -32.3795 
-0.37272 0.0396818 0.927095 99.0851 -0.00620653 0.998956 -0.0452528 -3.56114 -0.927923 -0.0226207 -0.372085 -32.6996 
-0.367613 0.0367429 0.929253 99.9175 -0.0085114 0.999044 -0.0428695 -3.61494 -0.92994 -0.0236686 -0.366949 -33.004 
-0.361569 0.0347877 0.931696 100.761 -0.017462 0.998876 -0.0440726 -3.66815 -0.932182 -0.0322045 -0.360555 -33.3017 
-0.356143 0.0348478 0.933782 101.603 -0.0245859 0.998609 -0.0466441 -3.7218 -0.934108 -0.0395698 -0.354791 -33.5827 
-0.349874 0.0386179 0.936001 102.434 -0.0235972 0.99847 -0.0500157 -3.7888 -0.9365 -0.0395862 -0.348427 -33.8712 
-0.343032 0.0418208 0.938392 103.286 -0.0206715 0.99843 -0.052053 -3.85278 -0.939096 -0.0372538 -0.341629 -34.1632 
-0.3366 0.0401502 0.940791 104.15 -0.0230497 0.99844 -0.0508573 -3.9034 -0.941366 -0.0388035 -0.335149 -34.4478 
-0.330478 0.0359746 0.943128 105.008 -0.0241021 0.998626 -0.046537 -3.95524 -0.943506 -0.0381108 -0.329157 -34.7181 
-0.324099 0.0332942 0.945437 105.868 -0.0255214 0.998709 -0.043919 -4.01571 -0.945679 -0.0383629 -0.322831 -34.9907 
-0.31746 0.0360935 0.947585 106.712 -0.0285887 0.998457 -0.0476089 -4.07686 -0.947841 -0.0422041 -0.315938 -35.2506 
-0.310748 0.0382454 0.949723 107.567 -0.0328863 0.998159 -0.0509562 -4.12183 -0.949923 -0.0470675 -0.308918 -35.5155 
-0.303709 0.0385544 0.951985 108.434 -0.0382905 0.99788 -0.0526288 -4.17206 -0.951995 -0.0524358 -0.301588 -35.7761 
-0.29771 0.0370535 0.953937 109.312 -0.0420217 0.997769 -0.0518704 -4.23357 -0.953731 -0.0555284 -0.295489 -36.0111 
-0.289355 0.0362451 0.956535 110.144 -0.0402558 0.997938 -0.0499914 -4.30143 -0.956375 -0.0529714 -0.287299 -36.2574 
-0.28124 0.0371468 0.958918 110.998 -0.0383724 0.998016 -0.0499155 -4.35574 -0.95887 -0.0508342 -0.279256 -36.4958 
-0.274434 0.0378881 0.960859 111.844 -0.0364908 0.998093 -0.0497785 -4.41703 -0.960913 -0.0487234 -0.272528 -36.7213 
-0.267966 0.0358608 0.962761 112.711 -0.0439621 0.997811 -0.0494023 -4.47204 -0.962425 -0.0555631 -0.265803 -36.9304 
-0.261911 0.0341752 0.964487 113.564 -0.046659 0.997756 -0.0480244 -4.52857 -0.963964 -0.0575801 -0.259728 -37.1278 
-0.25668 0.0337424 0.965907 114.428 -0.0443834 0.997925 -0.0466552 -4.58936 -0.965477 -0.0548457 -0.254649 -37.3471 
-0.25248 0.0334816 0.967023 115.297 -0.0428864 0.998032 -0.0457524 -4.64897 -0.966651 -0.0530237 -0.250547 -37.5528 
-0.248646 0.0355046 0.967944 116.168 -0.0422835 0.997977 -0.047468 -4.69133 -0.967671 -0.0527308 -0.246642 -37.7381 
-0.24297 0.0356948 0.969377 117.042 -0.0358519 0.99831 -0.0457462 -4.72828 -0.969371 -0.045869 -0.241279 -37.9403 
-0.237728 0.0340044 0.970736 117.92 -0.0282476 0.998722 -0.0419023 -4.79151 -0.970921 -0.0373823 -0.236464 -38.1456 
-0.232121 0.0325752 0.972141 118.797 -0.0268487 0.998844 -0.0398807 -4.85532 -0.972316 -0.0353579 -0.230978 -38.3539 
-0.227686 0.0344415 0.973125 119.672 -0.0281448 0.998724 -0.0419326 -4.90709 -0.973328 -0.0369359 -0.226426 -38.5433 
-0.224174 0.0369891 0.973847 120.535 -0.0293347 0.998571 -0.0446808 -4.94467 -0.974108 -0.0385838 -0.222769 -38.7197 
-0.222751 0.036883 0.974177 121.413 -0.0314852 0.998491 -0.0450028 -4.99977 -0.974367 -0.0406965 -0.221253 -38.8888 
-0.221281 0.0359779 0.974546 122.296 -0.0316221 0.998529 -0.0440433 -5.057 -0.974697 -0.0405631 -0.219817 -39.0807 
-0.219952 0.0319561 0.974987 123.178 -0.0282724 0.998835 -0.0391158 -5.11768 -0.975101 -0.0361688 -0.218792 -39.265 
-0.217601 0.0263157 0.975683 124.056 -0.02783 0.999063 -0.033153 -5.18746 -0.975641 -0.0343674 -0.216664 -39.4585 
-0.216836 0.0246103 0.975898 124.923 -0.0287156 0.999089 -0.0315755 -5.23237 -0.975786 -0.0348702 -0.215931 -39.6363 
-0.215253 0.0285816 0.97614 125.776 -0.0299872 0.998907 -0.0358608 -5.28606 -0.976098 -0.0369909 -0.214161 -39.8128 
-0.213161 0.0345109 0.976408 126.645 -0.0258639 0.998826 -0.0409496 -5.32771 -0.976675 -0.0339826 -0.212018 -40.0101 
-0.213434 0.0347511 0.976339 127.512 -0.0281559 0.998733 -0.0417032 -5.37078 -0.976552 -0.0363906 -0.212185 -40.1736 
-0.211795 0.0342085 0.976715 128.364 -0.0293408 0.998714 -0.0413413 -5.4251 -0.976874 -0.0374135 -0.210519 -40.3536 
-0.210438 0.0356848 0.976956 129.233 -0.0221599 0.998903 -0.0412597 -5.48594 -0.977356 -0.0303318 -0.209416 -40.5445 
-0.208903 0.0395458 0.977136 130.076 -0.0215331 0.998754 -0.0450242 -5.52741 -0.977699 -0.0304465 -0.207791 -40.7127 
-0.20697 0.0415901 0.977463 130.889 -0.0248115 0.998552 -0.047741 -5.59397 -0.978033 -0.0341333 -0.205639 -40.8737 
-0.207032 0.0436884 0.977358 131.704 -0.0315941 0.998183 -0.0513118 -5.63887 -0.977824 -0.0415019 -0.205275 -41.0031 
-0.20635 0.0468828 0.977355 132.539 -0.0298354 0.998086 -0.0541764 -5.69896 -0.978023 -0.040339 -0.204556 -41.1772 
-0.206492 0.0474429 0.977297 133.388 -0.0322965 0.997949 -0.0552693 -5.74685 -0.977915 -0.042976 -0.204537 -41.3407 
-0.204901 0.0489314 0.977559 134.188 -0.0321837 0.997873 -0.056694 -5.8061 -0.978253 -0.0430781 -0.20289 -41.4823 
-0.203077 0.0481876 0.977976 134.986 -0.0235759 0.998258 -0.0540824 -5.8661 -0.978879 -0.0340396 -0.201587 -41.6345 
-0.200099 0.0447034 0.978755 135.772 -0.0179814 0.998623 -0.0492869 -5.92588 -0.979611 -0.0274616 -0.19902 -41.7823 
-0.197627 0.0401395 0.979455 136.615 -0.0117706 0.998992 -0.0433151 -5.98668 -0.980207 -0.020089 -0.196956 -41.9512 
-0.193784 0.0400537 0.980226 137.458 -0.00954808 0.999042 -0.0427101 -6.03503 -0.980998 -0.0176358 -0.193216 -42.1123 
-0.189012 0.0454321 0.980923 138.249 -0.00754462 0.998833 -0.0477153 -6.09039 -0.981946 -0.0164194 -0.188448 -42.2508 
-0.18227 0.0487357 0.98204 139.041 -0.00304795 0.998738 -0.0501301 -6.14755 -0.983244 -0.0121304 -0.181892 -42.3835 
-0.17456 0.0498115 0.983386 139.834 -0.00525428 0.998658 -0.0515178 -6.18833 -0.984633 -0.0141599 -0.174064 -42.5016 
-0.165682 0.0451519 0.985145 140.604 -0.00329866 0.99892 -0.0463379 -6.24733 -0.986174 -0.010927 -0.165355 -42.5956 
-0.153454 0.0440911 0.987172 141.392 0.000910922 0.99901 -0.0444782 -6.30133 -0.988155 -0.00592614 -0.153343 -42.7065 
-0.139435 0.0466425 0.989132 142.182 0.00600278 0.998912 -0.0462574 -6.34898 -0.990213 -0.00051234 -0.139563 -42.8135 
-0.127464 0.0485028 0.990657 142.955 0.00299433 0.998818 -0.048517 -6.39263 -0.991839 -0.00321785 -0.127459 -42.8764 
-0.112483 0.0490118 0.992444 143.716 0.00467232 0.998798 -0.0487959 -6.44033 -0.993643 -0.000851677 -0.112576 -42.959 
-0.0993863 0.0508035 0.993751 144.504 0.00466084 0.998709 -0.0505908 -6.49491 -0.995038 -0.000396317 -0.0994948 -43.0164 
-0.0860688 0.057619 0.994622 145.264 0.00294268 0.998337 -0.0575796 -6.55631 -0.996285 -0.00202896 -0.0860952 -43.0576 
-0.0731057 0.0677673 0.995019 146.048 -0.00447448 0.997657 -0.0682756 -6.61156 -0.997314 -0.00944353 -0.0726312 -43.0945 
-0.0593183 0.0752642 0.995398 146.778 -0.00647889 0.997104 -0.0757792 -6.67871 -0.998218 -0.0109442 -0.0586588 -43.1015 
-0.0461336 0.0756575 0.996066 147.536 -0.00528685 0.997095 -0.0759805 -6.74453 -0.998921 -0.0087713 -0.0455996 -43.1119 
-0.0338955 0.0719 0.996836 148.301 -0.00767525 0.997361 -0.0721988 -6.81535 -0.999396 -0.0100982 -0.0332541 -43.1177 
-0.0247123 0.0689111 0.997317 149.035 -0.0126712 0.99752 -0.0692391 -6.88715 -0.999614 -0.0143483 -0.0237778 -43.0867 
-0.0159928 0.0756312 0.997008 149.761 -0.0190083 0.996932 -0.0759303 -6.95323 -0.999691 -0.0201658 -0.0145061 -43.0637 
-0.00931844 0.0829897 0.996507 150.515 -0.0207709 0.996319 -0.0831683 -7.02992 -0.999741 -0.0214733 -0.00756037 -43.0528 
-0.00617204 0.0851986 0.996345 151.265 -0.0220556 0.99611 -0.0853151 -7.10323 -0.999738 -0.0225015 -0.00426893 -43.0429 
-0.00645017 0.0811755 0.996679 152.006 -0.0273998 0.996311 -0.0813228 -7.16465 -0.999604 -0.0278333 -0.00420218 -43.0211 
-0.00975505 0.0757583 0.997079 152.756 -0.0305937 0.996637 -0.076024 -7.24444 -0.999484 -0.031246 -0.00740451 -43.005 
-0.0122473 0.0728581 0.997267 153.521 -0.0315923 0.996816 -0.073213 -7.30534 -0.999426 -0.0324027 -0.00990653 -43.0094 
-0.0157 0.0733204 0.997185 154.255 -0.0308919 0.996796 -0.0737781 -7.363 -0.999399 -0.0319633 -0.0133847 -43.0004 
-0.0200402 0.0729893 0.997131 154.991 -0.0302 0.996832 -0.0735743 -7.4322 -0.999343 -0.0315878 -0.0177724 -42.9961 
-0.0248847 0.0713052 0.997144 155.728 -0.033034 0.99685 -0.0721085 -7.49516 -0.999144 -0.0347341 -0.0224508 -42.9969 
-0.0304916 0.0715954 0.996968 156.47 -0.0348139 0.99675 -0.0726445 -7.55073 -0.998929 -0.0369234 -0.0279 -43.0043 
-0.0371934 0.0695537 0.996885 157.2 -0.0371861 0.996788 -0.0709343 -7.61455 -0.998616 -0.0397085 -0.0344875 -43.0066 
-0.042598 0.0668403 0.996854 157.94 -0.0353523 0.997034 -0.068363 -7.68405 -0.998467 -0.0381532 -0.0401087 -43.0326 
-0.0480516 0.0668911 0.996603 158.673 -0.0351454 0.997024 -0.0686139 -7.74635 -0.998226 -0.038323 -0.0455577 -43.0531 
-0.0536813 0.0681968 0.996227 159.393 -0.0371614 0.996838 -0.070241 -7.80898 -0.997866 -0.0407918 -0.0509773 -43.0711 
-0.0583082 0.0703352 0.995818 160.115 -0.0394154 0.996575 -0.0726965 -7.87131 -0.99752 -0.0434893 -0.0553362 -43.0988 
-0.0605779 0.072772 0.995507 160.828 -0.038955 0.996407 -0.0752082 -7.93924 -0.997403 -0.0433359 -0.0575254 -43.131 
-0.061744 0.0745962 0.995301 161.553 -0.0357037 0.9964 -0.0768935 -7.99979 -0.997453 -0.0402836 -0.0588583 -43.1696 
-0.0607069 0.0727598 0.9955 162.254 -0.0320222 0.996684 -0.074799 -8.06894 -0.997642 -0.0364189 -0.0581757 -43.2023 
-0.0565427 0.0695455 0.995975 162.959 -0.0307953 0.996975 -0.0713636 -8.13287 -0.997925 -0.0347065 -0.05423 -43.2306 
-0.0485863 0.0689526 0.996436 163.68 -0.0276935 0.997138 -0.0703514 -8.20056 -0.998435 -0.0310129 -0.0465377 -43.2578 
-0.0383443 0.0696091 0.996837 164.371 -0.025006 0.997192 -0.0705957 -8.26119 -0.998952 -0.0276338 -0.036496 -43.2599 
-0.0245324 0.0695318 0.997278 165.054 -0.0220926 0.997297 -0.0700766 -8.32232 -0.999455 -0.0237516 -0.02293 -43.2571 
-0.00955448 0.0678168 0.997652 165.74 -0.0240421 0.997394 -0.0680295 -8.37472 -0.999665 -0.0246356 -0.00789912 -43.2417 
0.00652985 0.0621166 0.998048 166.432 -0.026859 0.99772 -0.0619204 -8.4408 -0.999618 -0.0264023 0.00818335 -43.2162 
0.0227387 0.055723 0.998187 167.107 -0.0285843 0.998074 -0.0550654 -8.49654 -0.999333 -0.0272804 0.0242877 -43.1747 
0.0392781 0.047425 0.998102 167.779 -0.0311523 0.998446 -0.0462153 -8.56149 -0.998743 -0.029278 0.0406944 -43.1268 
0.0563258 0.0401873 0.997603 168.462 -0.0309402 0.99878 -0.0384877 -8.5985 -0.997933 -0.0286982 0.0575005 -43.0604 
0.0756219 0.0324814 0.996607 169.135 -0.0310906 0.99906 -0.0302021 -8.64983 -0.996652 -0.0287012 0.0765607 -43.0028 
0.0943788 0.0294513 0.995101 169.774 -0.0308644 0.999168 -0.0266444 -8.68912 -0.995058 -0.0281985 0.0952093 -42.9369 
0.112957 0.0274408 0.993221 170.389 -0.0320076 0.9992 -0.0239658 -8.73428 -0.993084 -0.0290835 0.113745 -42.8696 
0.131478 0.0268724 0.990955 170.993 -0.0328602 0.999201 -0.0227361 -8.75579 -0.990774 -0.0295737 0.132256 -42.7944 
0.148295 0.0241534 0.988648 171.612 -0.0353983 0.999191 -0.0191013 -8.78183 -0.988309 -0.0321639 0.14903 -42.6783 
0.163919 0.0187006 0.986297 172.247 -0.0346061 0.999314 -0.0131959 -8.81858 -0.985867 -0.0319688 0.164454 -42.5657 
0.176498 0.0150091 0.984187 172.882 -0.0319684 0.999444 -0.00950873 -8.83922 -0.983782 -0.0297846 0.176879 -42.4387 
0.187405 0.0147422 0.982172 173.499 -0.0301121 0.999504 -0.00925672 -8.85202 -0.981821 -0.0278405 0.187755 -42.311 
0.19751 0.0183088 0.98013 174.09 -0.0354627 0.999305 -0.0115207 -8.87729 -0.979659 -0.0324826 0.198022 -42.1801 
0.206122 0.0252857 0.978199 174.709 -0.0398846 0.999052 -0.0174203 -8.89998 -0.977713 -0.0354243 0.206936 -42.0051 
0.215563 0.035235 0.975854 175.261 -0.0407768 0.998802 -0.0270561 -8.91852 -0.975638 -0.0339599 0.216742 -41.8895 
0.224971 0.042096 0.973456 175.873 -0.0353555 0.998761 -0.0350194 -8.92836 -0.973724 -0.0265387 0.22618 -41.7612 
0.230987 0.040798 0.972101 176.473 -0.0348716 0.998826 -0.0336335 -8.93868 -0.972332 -0.0261298 0.232139 -41.5982 
0.237274 0.0331083 0.970879 177.1 -0.037805 0.998977 -0.0248272 -8.96817 -0.970707 -0.0308132 0.238283 -41.4371 
0.242032 0.0219703 0.97002 177.717 -0.0417113 0.999055 -0.0122204 -9.00026 -0.969371 -0.037503 0.24272 -41.2693 
0.246648 0.0131812 0.969015 178.392 -0.0416482 0.999128 -0.00298986 -9.0515 -0.96821 -0.0396203 0.246982 -41.16 
0.247441 0.0134707 0.968809 179.002 -0.0394271 0.999215 -0.00382346 -9.06204 -0.9681 -0.0372512 0.247778 -40.9903 
0.24818 0.0150183 0.968598 179.592 -0.0358738 0.999336 -0.00630306 -9.09483 -0.96805 -0.033183 0.248554 -40.8083 
0.250168 0.0147001 0.968091 180.196 -0.0322123 0.999458 -0.00685224 -9.10302 -0.967667 -0.0294703 0.250506 -40.6456 
0.251894 0.0128845 0.967669 180.797 -0.0343842 0.999399 -0.00435637 -9.10549 -0.967144 -0.0321752 0.252186 -40.4771 
0.255353 0.0105434 0.96679 181.399 -0.0378494 0.999283 -0.000900731 -9.12411 -0.966107 -0.0363624 0.255569 -40.3221 
0.258088 0.00504066 0.966108 181.981 -0.0363429 0.999329 0.00449476 -9.14056 -0.965438 -0.0362712 0.258098 -40.1511 
0.26225 0.000978782 0.965 182.572 -0.0331612 0.999418 0.00799829 -9.15947 -0.96443 -0.0340981 0.26213 -39.961 
0.267825 -0.00132689 0.963467 183.151 -0.0314609 0.999454 0.010122 -9.15766 -0.962954 -0.0330224 0.267637 -39.7748 
0.27592 -0.00373417 0.961173 183.786 -0.0307874 0.999445 0.0127209 -9.15633 -0.960687 -0.033102 0.275652 -39.5799 
0.286161 -0.00680525 0.958157 184.394 -0.027581 0.999502 0.0153362 -9.1774 -0.957785 -0.0308156 0.285831 -39.4096 
0.297267 -0.00418452 0.954785 185.015 -0.0298921 0.999459 0.0136871 -9.18191 -0.954326 -0.0326093 0.296981 -39.1941 
0.309452 -8.93397e-05 0.950915 185.657 -0.0314003 0.999454 0.0103124 -9.182 -0.950396 -0.0330502 0.30928 -38.9834 
0.321347 0.00474926 0.946949 186.342 -0.0322181 0.999463 0.00592062 -9.13311 -0.946413 -0.0324114 0.321328 -38.7058 
0.332925 0.00529722 0.942939 186.955 -0.031258 0.999497 0.00542142 -9.13748 -0.942435 -0.0312793 0.332923 -38.4715 
0.3442 0.00153318 0.938895 187.582 -0.0298247 0.999512 0.00930163 -9.1472 -0.938423 -0.0312038 0.344077 -38.2186 
0.355093 0.00021971 0.934831 188.227 -0.031077 0.99945 0.0115697 -9.15417 -0.934314 -0.03316 0.354905 -37.9419 
0.367051 -0.000124638 0.930201 188.886 -0.0323992 0.999392 0.0129185 -9.14594 -0.929637 -0.0348795 0.366823 -37.6809 
0.376631 -0.000360854 0.926363 189.526 -0.0373094 0.999183 0.0155581 -9.13976 -0.925612 -0.0404217 0.37631 -37.3906 
0.38361 0.00106886 0.923495 190.146 -0.0419033 0.99899 0.01625 -9.14438 -0.922544 -0.0449312 0.383267 -37.1211 
0.38719 -0.00065767 0.922 190.777 -0.0427223 0.998913 0.0186536 -9.12915 -0.92101 -0.0466124 0.386741 -36.8245 
0.389335 -0.00306714 0.921091 191.45 -0.0406894 0.998961 0.0205254 -9.11471 -0.920197 -0.0454699 0.388806 -36.5251 
0.389512 -0.00199729 0.921019 192.099 -0.0363471 0.999185 0.0175386 -9.1061 -0.920304 -0.0403079 0.389123 -36.2386 
0.388157 -0.00129033 0.921592 192.752 -0.0353179 0.999244 0.0162743 -9.10349 -0.920916 -0.0388657 0.387818 -35.9399 
0.38776 -0.00025984 0.92176 193.418 -0.0319602 0.999395 0.0137266 -9.10702 -0.921206 -0.0347822 0.387517 -35.6611 
0.387279 -0.00252957 0.921959 194.105 -0.0288759 0.999472 0.0148719 -9.10411 -0.92151 -0.032382 0.387001 -35.3593 
0.382969 -0.00770518 0.923729 194.67 -0.0256838 0.99949 0.0189854 -9.08857 -0.923404 -0.0309956 0.382575 -35.0644 
0.382219 -0.0103321 0.924014 195.336 -0.0269144 0.999389 0.0223082 -9.10037 -0.92368 -0.0333959 0.381708 -34.786 
0.379528 -0.0123358 0.925098 196.043 -0.02608 0.999371 0.0240258 -9.0921 -0.924813 -0.033245 0.378967 -34.4639 
0.378316 -0.0121351 0.925597 196.707 -0.0273481 0.999331 0.0242798 -9.08225 -0.925272 -0.0344988 0.377731 -34.1853 
0.376364 -0.0110582 0.926406 197.424 -0.0292472 0.999289 0.0238103 -9.05589 -0.92601 -0.0360561 0.375773 -33.8746 
0.374359 -0.00520677 0.927269 198.158 -0.0346081 0.999209 0.0195828 -9.01984 -0.926638 -0.039422 0.373883 -33.5523 
0.373338 -0.00181423 0.927694 198.839 -0.0338969 0.999304 0.0155957 -9.02556 -0.927076 -0.0372683 0.373016 -33.2686 
0.37391 0.00287633 0.927461 199.533 -0.0305647 0.99949 0.00922262 -9.01359 -0.926961 -0.031796 0.373807 -33.0143 
0.369943 0.00930986 0.929008 200.26 -0.037772 0.999274 0.00502736 -8.99319 -0.928286 -0.0369503 0.370026 -32.6441 
0.367407 0.00751788 0.93003 201.018 -0.04007 0.999167 0.00775288 -8.98126 -0.929197 -0.0401147 0.367402 -32.2872 
0.365513 0.00488263 0.930794 201.793 -0.0428325 0.999015 0.0115794 -8.99539 -0.92982 -0.0441006 0.365362 -31.9211 
0.358518 0.00557054 0.933506 202.554 -0.0493777 0.998696 0.0130043 -9.02846 -0.932216 -0.0507567 0.358325 -31.4911 
0.354757 0.00562959 0.934942 203.112 -0.0544325 0.99841 0.0146423 -9.05246 -0.933373 -0.0560857 0.3545 -31.2992 
0.349213 0.00438711 0.937033 203.823 -0.0527728 0.998494 0.0149925 -9.04339 -0.935556 -0.0546854 0.348919 -31.0475 
0.341063 0.00401055 0.940032 204.469 -0.0544667 0.998395 0.0155022 -9.06572 -0.938461 -0.0564876 0.340734 -30.8118 
0.33085 0.00630646 0.943662 205.23 -0.0514408 0.998611 0.0113616 -9.04781 -0.94228 -0.0523018 0.330715 -30.5158 
0.320331 0.00973661 0.947256 205.921 -0.0516027 0.998642 0.00718559 -9.05057 -0.945899 -0.0511827 0.320398 -30.2727 
0.308011 0.0105414 0.951324 206.64 -0.0556602 0.998426 0.00695788 -9.04811 -0.949753 -0.055094 0.308113 -30.0069 
0.297285 0.00304487 0.954784 207.327 -0.0505312 0.998644 0.0125488 -9.05161 -0.953451 -0.0519769 0.297035 -29.7894 
0.290092 -0.00535683 0.956984 208.032 -0.0442387 0.99884 0.0190013 -9.0568 -0.955976 -0.0478479 0.289519 -29.6102 
0.285222 -0.00949635 0.958415 208.712 -0.0430097 0.998817 0.0226963 -9.0346 -0.957496 -0.0476946 0.284476 -29.4607 
0.278651 -0.00931113 0.960347 209.439 -0.0498707 0.998464 0.0241511 -9.01902 -0.959097 -0.054623 0.277759 -29.1912 
0.276189 -0.00994962 0.961052 210.17 -0.050334 0.998424 0.0248017 -9.00741 -0.959784 -0.0552235 0.275253 -28.9606 
0.27383 -0.010517 0.961721 210.872 -0.0515593 0.998342 0.025598 -9.00869 -0.960395 -0.0565951 0.272834 -28.7426 
0.272049 -0.00763967 0.962253 211.577 -0.0538845 0.998279 0.02316 -9.00481 -0.960774 -0.0581512 0.271169 -28.5126 
0.270975 -0.0057735 0.962569 212.29 -0.0559285 0.998198 0.0217318 -8.9933 -0.96096 -0.0597238 0.270164 -28.3023 
0.271176 -0.0054332 0.962514 213.004 -0.0595161 0.997976 0.0224013 -8.98542 -0.960688 -0.0633598 0.270304 -28.0818 
0.271922 -0.00610338 0.9623 213.675 -0.0605468 0.99789 0.0234382 -8.98459 -0.960413 -0.0646375 0.270979 -27.8556 
0.273364 -0.00766087 0.96188 214.418 -0.0598591 0.997895 0.0249596 -8.97483 -0.960046 -0.0644003 0.27233 -27.6385 
0.275957 -0.00833176 0.961134 215.142 -0.0567764 0.998075 0.0249535 -8.97347 -0.959492 -0.0614558 0.274953 -27.4449 
0.277611 -0.0102328 0.960639 215.854 -0.0547792 0.998148 0.0264629 -8.96695 -0.95913 -0.0599694 0.276537 -27.2073 
0.282063 -0.011013 0.959333 216.595 -0.0568115 0.997988 0.0281605 -8.95573 -0.957712 -0.0624441 0.28087 -26.9731 
0.28792 -0.0150598 0.957536 217.342 -0.0584103 0.997739 0.0332555 -8.94355 -0.955871 -0.0655049 0.286389 -26.7321 
0.291921 -0.0176129 0.95628 218.079 -0.0599682 0.997526 0.036679 -8.9223 -0.954561 -0.0680538 0.290143 -26.4757 
0.296764 -0.0175634 0.954789 218.826 -0.0596114 0.99754 0.0368781 -8.90468 -0.953088 -0.0678605 0.294987 -26.2332 
0.300607 -0.0135349 0.953652 219.552 -0.0671423 0.997118 0.0353162 -8.9065 -0.951382 -0.0746467 0.298832 -25.9714 
0.30452 -0.00683735 0.952481 220.306 -0.0725528 0.996903 0.0303523 -8.87656 -0.949739 -0.078348 0.303081 -25.6872 
0.308666 -0.00327537 0.951165 221.059 -0.0770724 0.99662 0.0284429 -8.86168 -0.948043 -0.0820879 0.30737 -25.4171 
0.313249 -0.00238601 0.949668 221.815 -0.0793608 0.996433 0.0286808 -8.84411 -0.946349 -0.0843507 0.311942 -25.147 
0.31826 -0.00115362 0.948003 222.579 -0.0810231 0.996307 0.0284132 -8.84405 -0.944535 -0.0858529 0.316991 -24.8828 
0.323398 0.00314295 0.946258 223.345 -0.0824169 0.996288 0.0248581 -8.82168 -0.942667 -0.0860267 0.322456 -24.6284 
0.328116 0.00512795 0.944624 224.078 -0.0864859 0.995949 0.0246344 -8.81334 -0.94067 -0.0897795 0.32723 -24.3569 
0.332961 0.00341309 0.942935 224.816 -0.085456 0.995988 0.0265704 -8.81299 -0.93906 -0.0894263 0.331916 -24.0863 
0.337262 0.00310025 0.941406 225.562 -0.0815822 0.996329 0.0259461 -8.8041 -0.937869 -0.0855526 0.336277 -23.8031 
0.342434 0.00416731 0.939533 226.302 -0.0790975 0.996568 0.0244086 -8.7882 -0.936207 -0.082673 0.341588 -23.5266 
0.346479 0.00764636 0.938027 227.043 -0.0809423 0.996481 0.0217748 -8.76804 -0.934559 -0.0834706 0.345878 -23.2334 
0.351791 0.0061521 0.936058 227.772 -0.0856718 0.995993 0.0256514 -8.77666 -0.93215 -0.0892177 0.350908 -22.9466 
0.356924 0.00667154 0.934109 228.509 -0.0881897 0.995749 0.0265857 -8.76003 -0.929961 -0.0918679 0.355995 -22.6514 
0.36044 0.00828957 0.932746 229.237 -0.0853516 0.996059 0.0241302 -8.76537 -0.928869 -0.0883088 0.359727 -22.3444 
0.365142 0.0153941 0.930825 229.955 -0.0848881 0.996248 0.0168237 -8.76099 -0.927074 -0.0851589 0.365079 -22.0539 
0.368811 0.0214964 0.929256 230.675 -0.091596 0.995707 0.0133199 -8.75771 -0.92498 -0.0900287 0.369197 -21.7448 
0.372287 0.0208622 0.927883 231.418 -0.0972284 0.995123 0.0166362 -8.74835 -0.923011 -0.09641 0.372499 -21.434 
0.37538 0.0115735 0.926799 232.16 -0.0965823 0.994967 0.0266939 -8.72866 -0.921825 -0.0995327 0.374608 -21.1251 
0.378005 -0.00128768 0.925803 232.907 -0.0912451 0.995079 0.0386394 -8.71249 -0.921296 -0.0990808 0.376027 -20.8128 
0.379829 -0.0093145 0.92501 233.657 -0.091491 0.994668 0.0475842 -8.70252 -0.920521 -0.102704 0.376952 -20.4896 
0.381794 -0.00999832 0.924194 234.37 -0.0942876 0.994303 0.049708 -8.67296 -0.919426 -0.106118 0.378676 -20.1628 
0.383481 -0.00563627 0.923532 235.094 -0.0929745 0.994666 0.0446766 -8.65232 -0.918857 -0.102998 0.380911 -19.8296 
0.387535 0.00067473 0.921855 235.814 -0.0933716 0.994886 0.0385239 -8.63364 -0.917114 -0.101004 0.385616 -19.5094 
0.391773 0.00417987 0.920053 236.524 -0.0923852 0.995114 0.0348182 -8.6174 -0.915412 -0.09864 0.390245 -19.1854 
0.395823 0.00693791 0.918301 237.259 -0.0913248 0.995312 0.0318448 -8.60473 -0.913775 -0.0964685 0.394601 -18.8482 
0.399632 0.0112952 0.916606 237.988 -0.093995 0.995158 0.0287178 -8.57664 -0.911844 -0.097633 0.398759 -18.5136 
0.403641 0.0111117 0.91485 238.689 -0.094583 0.995076 0.0296449 -8.56136 -0.910015 -0.0984951 0.402705 -18.189 
0.406717 0.00659098 0.913531 239.395 -0.0948863 0.99487 0.035067 -8.56705 -0.908613 -0.100944 0.405256 -17.8456 
0.410081 0.000957537 0.912048 240.099 -0.0936713 0.994756 0.0410728 -8.55875 -0.907226 -0.102276 0.40802 -17.5278 
0.412163 -0.0044449 0.911099 240.807 -0.091842 0.994692 0.0464003 -8.53297 -0.906469 -0.102802 0.409567 -17.1879 
0.413816 -0.00972315 0.910309 241.54 -0.0897638 0.994634 0.0514295 -8.50369 -0.905924 -0.102995 0.410723 -16.835 
0.416445 -0.0155375 0.909028 242.309 -0.0897242 0.994271 0.058099 -8.47893 -0.904723 -0.105757 0.412665 -16.4831 
0.417429 -0.0148262 0.908588 243.055 -0.0914361 0.994107 0.0582299 -8.43793 -0.904097 -0.107385 0.413614 -16.1054 
0.419559 -0.0033384 0.907722 243.776 -0.10044 0.993682 0.0500789 -8.41531 -0.902154 -0.112183 0.416573 -15.7552 
0.420141 0.0103941 0.907399 244.516 -0.100942 0.994264 0.0353489 -8.3721 -0.901827 -0.106446 0.418781 -15.3763 
0.420864 0.0203963 0.906894 245.28 -0.102216 0.994446 0.0250705 -8.31359 -0.901346 -0.103251 0.420612 -14.9844 
0.420948 0.0185498 0.906895 245.962 -0.104993 0.994067 0.0284014 -8.32775 -0.900988 -0.107174 0.420399 -14.6791 
