1 -4.23778e-08 4.22719e-08 0 -4.23778e-08 1 -4.19404e-08 0 4.22719e-08 -4.19404e-08 1 0 
0.999987 -0.00211681 -0.00460174 0.014727 0.0021037 0.999994 -0.00283192 0.00757709 0.00460779 0.00282212 0.999985 0.710954 
0.999971 -0.0013564 -0.00749486 -0.0318565 0.00132666 0.999991 -0.00396033 0.0048276 0.00750025 0.00395019 0.999964 1.38487 
0.999935 -0.00238328 -0.0111639 -0.0581011 0.0023383 0.999989 -0.00403214 -0.0266769 0.0111735 0.00400569 0.999929 2.09858 
0.99987 -0.00016214 -0.0161351 -0.110833 8.79565e-05 0.999989 -0.00459303 -0.0279703 0.0161357 0.00459093 0.999859 2.87206 
0.999781 -0.00186082 -0.020858 -0.130829 0.00178866 0.999992 -0.0034735 -0.0672649 0.0208644 0.00343535 0.999776 3.58837 
0.99971 8.30202e-05 -0.0240899 -0.234796 -0.000198661 0.999988 -0.00479454 -0.0642265 0.0240893 0.00479785 0.999698 4.44165 
0.999596 0.00119217 -0.0284063 -0.282282 -0.00133627 0.999986 -0.00505134 -0.0703507 0.0284 0.00508717 0.999584 5.21419 
0.999507 0.00287789 -0.0312717 -0.360515 -0.00301343 0.999986 -0.00428526 -0.0695325 0.031259 0.0043773 0.999502 5.99316 
0.999402 0.00152591 -0.0345322 -0.435214 -0.00159926 0.999996 -0.00209422 -0.0637463 0.0345289 0.00214811 0.999401 6.78277 
0.999313 0.00120757 -0.0370355 -0.500866 -0.00118887 0.999999 0.00052923 -0.0715029 0.0370362 -0.000484922 0.999314 7.58487 
0.99928 0.00273154 -0.0378488 -0.597875 -0.00274266 0.999996 -0.000239799 -0.0767927 0.037848 0.000343347 0.999283 8.40881 
0.999243 0.00195597 -0.0388453 -0.672209 -0.00197044 0.999998 -0.000332094 -0.0818879 0.0388447 0.0004083 0.999245 9.20681 
0.999167 0.00134732 -0.0407737 -0.716741 -0.00143746 0.999997 -0.0021796 -0.0826506 0.0407708 0.00223631 0.999166 10.0417 
0.999166 0.000787583 -0.0408141 -0.838014 -0.000887064 0.999997 -0.00241732 -0.0622058 0.0408121 0.00245142 0.999164 10.8887 
0.999111 -0.000775764 -0.0421389 -0.897074 0.000691403 0.999998 -0.00201456 -0.0864845 0.0421405 0.00198355 0.99911 11.7517 
0.999025 0.000654067 -0.0441337 -0.94904 -0.000895648 0.999985 -0.00545241 -0.0816784 0.0441296 0.00548653 0.999011 12.6024 
0.999032 0.00170193 -0.0439496 -1.05291 -0.00206273 0.999964 -0.00816356 -0.0979326 0.0439342 0.00824623 0.999 13.4744 
0.998899 0.00731766 -0.0463413 -1.109 -0.00779484 0.999918 -0.010123 -0.122811 0.0462635 0.010473 0.998874 14.3857 
0.998853 0.00816302 -0.0471721 -1.16935 -0.00861519 0.999919 -0.00938839 -0.141131 0.0470918 0.00978394 0.998843 15.2826 
0.998839 0.00824859 -0.0474582 -1.2489 -0.0086747 0.999924 -0.00877778 -0.140835 0.0473823 0.0091792 0.998835 16.1532 
0.99878 0.0101958 -0.0483232 -1.31101 -0.0105682 0.999916 -0.00745481 -0.16221 0.0482432 0.00795631 0.998804 17.0341 
0.998694 0.00675706 -0.0506323 -1.34508 -0.00712254 0.99995 -0.00703965 -0.161678 0.0505823 0.00739101 0.998692 17.9479 
0.998637 0.00589463 -0.0518583 -1.42289 -0.00627395 0.999955 -0.00715329 -0.188011 0.0518139 0.00746881 0.998629 18.869 
0.998641 0.00569766 -0.0518114 -1.5201 -0.0061388 0.999946 -0.00835748 -0.193034 0.0517611 0.00866409 0.998622 19.8106 
0.998601 0.0035056 -0.0527557 -1.5612 -0.00385875 0.999971 -0.00659195 -0.195932 0.0527311 0.00678621 0.998586 20.7072 
0.998622 0.00441007 -0.0522916 -1.64298 -0.00459612 0.999983 -0.00343664 -0.189264 0.0522757 0.00367216 0.998626 21.6142 
0.998649 0.00612869 -0.0516006 -1.70949 -0.00611477 0.999981 0.000429157 -0.214992 0.0516023 -0.000113138 0.998668 22.5474 
0.998764 0.00680906 -0.0492289 -1.80065 -0.00667745 0.999974 0.00283902 -0.221144 0.049247 -0.00250687 0.998783 23.4872 
0.998853 0.00548555 -0.0475567 -1.86805 -0.00533664 0.99998 0.00325936 -0.219109 0.0475737 -0.00300192 0.998863 24.4675 
0.998941 0.00650758 -0.0455405 -1.94615 -0.00646626 0.999978 0.00105642 -0.247947 0.0455465 -0.000760907 0.998962 25.4115 
0.999054 0.00660032 -0.0429744 -2.05592 -0.00682528 0.999964 -0.00508813 -0.225034 0.0429393 0.00537655 0.999063 26.3722 
0.999137 0.00394311 -0.0413586 -2.13124 -0.00424382 0.999965 -0.00718343 -0.241528 0.0413289 0.00735266 0.999118 27.3371 
0.999194 0.000430039 -0.0401399 -2.24435 -0.000695698 0.999978 -0.00660251 -0.234293 0.0401363 0.00662503 0.999172 28.3807 
0.999248 -0.000748248 -0.0387775 -2.34868 0.000668199 0.999998 -0.0020751 -0.244326 0.0387791 0.00204755 0.999246 29.361 
0.999208 -0.00641752 -0.0392595 -2.40709 0.00650753 0.999976 0.00216739 -0.264299 0.0392447 -0.00242125 0.999227 30.2609 
0.999135 -0.0120319 -0.039793 -2.45868 0.0121006 0.999926 0.00148797 -0.272974 0.0397723 -0.00196828 0.999207 31.2584 
0.999111 -0.0137547 -0.0398491 -2.57497 0.0136433 0.999902 -0.00306427 -0.265524 0.0398874 0.00251779 0.999201 32.2763 
0.99913 -0.013327 -0.0395225 -2.67664 0.0130122 0.999882 -0.00821025 -0.244524 0.0396274 0.00768874 0.999185 33.2131 
0.998996 -0.0132961 -0.0427818 -2.7067 0.0129269 0.999877 -0.00889341 -0.250616 0.0428948 0.00833136 0.999045 34.2419 
0.999051 -0.0120001 -0.0418796 -2.80158 0.0116852 0.999902 -0.00775475 -0.278172 0.0419687 0.00725793 0.999092 35.1679 
0.99903 -0.0085408 -0.0431916 -2.86586 0.00831107 0.99995 -0.00549367 -0.288138 0.0432365 0.00512928 0.999052 36.1709 
0.999033 -0.0107621 -0.0426179 -2.98541 0.0105896 0.999935 -0.00427015 -0.299819 0.0426612 0.00381463 0.999082 37.1387 
0.999122 -0.00728689 -0.0412497 -3.13476 0.00723968 0.999973 -0.00129175 -0.333983 0.0412581 0.000991899 0.999148 38.1572 
0.999184 -0.00552074 -0.0400203 -3.20881 0.00556651 0.999984 0.00103446 -0.33748 0.040014 -0.00125648 0.999198 39.149 
0.999172 0.000985791 -0.0406636 -3.28406 -0.000859597 0.999995 0.00312279 -0.350547 0.0406665 -0.00308534 0.999168 40.1708 
0.999234 0.00110787 -0.0391074 -3.39033 -0.000999168 0.999995 0.00280115 -0.375843 0.0391104 -0.00276001 0.999231 41.2055 
0.999246 0.00394437 -0.0386144 -3.48129 -0.00390993 0.999992 0.00096959 -0.409277 0.038618 -0.000817965 0.999254 42.2269 
0.999267 0.00578358 -0.0378443 -3.57064 -0.00583831 0.999982 -0.0013338 -0.408026 0.037836 0.00155368 0.999283 43.2248 
0.999241 0.00517481 -0.0386036 -3.62984 -0.00523527 0.999985 -0.00146298 -0.422238 0.0385955 0.00166389 0.999253 44.2081 
0.999238 0.0033616 -0.0388744 -3.70369 -0.00340221 0.999994 -0.000976523 -0.426688 0.038871 0.00110795 0.999244 45.179 
0.999271 0.00519598 -0.0378267 -3.81398 -0.00519782 0.999986 5.20369e-05 -0.446516 0.0378265 0.000144532 0.999284 46.1773 
0.999289 0.00814367 -0.0368149 -3.89167 -0.00831562 0.999955 -0.00451754 -0.458802 0.0367766 0.00482039 0.999312 47.1376 
0.999268 0.00814105 -0.0373652 -3.96788 -0.00846801 0.999927 -0.00859825 -0.470708 0.0372926 0.00890829 0.999265 48.1234 
0.999273 0.0096903 -0.0368811 -4.06424 -0.0100744 0.999897 -0.0102415 -0.487826 0.0367781 0.0106056 0.999267 49.1018 
0.99935 0.00807842 -0.0351252 -4.14181 -0.00830601 0.999945 -0.00633587 -0.521912 0.0350722 0.00662342 0.999363 50.0432 
0.999375 0.00683431 -0.0346848 -4.19589 -0.00696079 0.999969 -0.00352493 -0.54116 0.0346597 0.00376408 0.999392 50.9965 
0.99942 0.00400655 -0.0338018 -4.27199 -0.00408093 0.999989 -0.00212921 -0.56309 0.033793 0.00226584 0.999426 51.9384 
0.999451 0.000671047 -0.0331324 -4.33394 -0.000767692 0.999995 -0.00290179 -0.589461 0.0331304 0.00292555 0.999447 52.9074 
0.999462 -0.000622153 -0.0327855 -4.39051 0.000490588 0.999992 -0.00401825 -0.631506 0.0327878 0.00399992 0.999454 53.8129 
0.999478 -0.00141194 -0.0322762 -4.47125 0.00130256 0.999993 -0.00340707 -0.643855 0.0322809 0.00336316 0.999473 54.7603 
0.999425 -0.00532267 -0.0334817 -4.51783 0.00534782 0.999985 0.000664086 -0.644655 0.0334778 -0.000842844 0.999439 55.7086 
0.999442 -0.00536502 -0.0329763 -4.57563 0.00554164 0.999971 0.00526932 -0.658457 0.0329471 -0.00544921 0.999442 56.6529 
0.999459 -0.00421297 -0.032614 -4.65267 0.00443921 0.999966 0.00686991 -0.656415 0.0325841 -0.00701106 0.999444 57.6178 
0.999405 -0.00480304 -0.0341594 -4.71323 0.0049039 0.999984 0.00287183 -0.661569 0.0341451 -0.00303772 0.999412 58.5522 
0.999373 4.70385e-06 -0.0354075 -4.76235 -0.000179682 0.999988 -0.00493631 -0.681782 0.0354071 0.0049395 0.999361 59.4687 
0.999348 -0.000946572 -0.0360982 -4.83478 0.00057035 0.999945 -0.0104287 -0.673015 0.0361062 0.0104013 0.999294 60.417 
0.999339 0.00463522 -0.0360598 -4.92051 -0.00501435 0.999933 -0.0104283 -0.672953 0.0360091 0.0106022 0.999295 61.3481 
0.999295 0.00810272 -0.0366536 -4.99916 -0.00841089 0.99993 -0.00825899 -0.689964 0.0365842 0.00856137 0.999294 62.2648 
0.999276 0.0104199 -0.0365981 -5.07916 -0.010714 0.999912 -0.00784854 -0.694004 0.0365132 0.00823488 0.999299 63.1514 
0.999266 0.0123173 -0.0362592 -5.17688 -0.0126604 0.999877 -0.00924659 -0.696684 0.036141 0.00969878 0.9993 64.0013 
0.999206 0.0134684 -0.0375003 -5.21584 -0.0137945 0.999869 -0.00844792 -0.720192 0.0373817 0.00895842 0.999261 64.7733 
0.999194 0.015366 -0.0370938 -5.34017 -0.0156936 0.99984 -0.00855305 -0.723505 0.0369565 0.00912821 0.999275 65.6298 
0.999183 0.0143449 -0.0377677 -5.39973 -0.0146741 0.999857 -0.00845016 -0.731609 0.0376411 0.00899739 0.999251 66.4383 
0.999153 0.0137316 -0.0387811 -5.46935 -0.0140486 0.99987 -0.00791299 -0.739198 0.0386675 0.00845103 0.999216 67.2863 
0.999082 0.0158526 -0.0397897 -5.51378 -0.0160758 0.999857 -0.00529355 -0.744952 0.0397001 0.00592825 0.999194 68.0449 
0.999072 0.0182886 -0.0389855 -5.62018 -0.0183961 0.999828 -0.00239822 -0.747225 0.038935 0.00311309 0.999237 68.7994 
0.998983 0.0221763 -0.0392551 -5.70288 -0.0222527 0.999751 -0.00150903 -0.746225 0.039212 0.00238094 0.999228 69.5486 
0.998949 0.0246162 -0.0386671 -5.81501 -0.0248969 0.999667 -0.00679411 -0.748274 0.038487 0.00774958 0.999229 70.3372 
0.998951 0.0247666 -0.0385173 -5.8935 -0.0253221 0.999581 -0.0140001 -0.766912 0.0381546 0.0149607 0.99916 71.0382 
0.998886 0.0252611 -0.0398673 -5.93132 -0.026062 0.999466 -0.0196956 -0.787728 0.0393486 0.0207126 0.999011 71.7363 
0.99888 0.0260986 -0.0394668 -5.98873 -0.0269677 0.999402 -0.021648 -0.781728 0.0388783 0.022688 0.998986 72.4182 
0.998803 0.0282665 -0.0399114 -6.04668 -0.0289815 0.999428 -0.0174495 -0.831735 0.0393954 0.0185852 0.999051 73.1056 
0.998771 0.028357 -0.0406579 -6.10127 -0.0290264 0.999451 -0.0159677 -0.837975 0.0401829 0.0171281 0.999045 73.7656 
0.998835 0.0249657 -0.0413053 -6.15155 -0.0257672 0.999488 -0.0189859 -0.870108 0.0408103 0.020028 0.998966 74.4024 
0.99904 0.017442 -0.0401745 -6.20378 -0.0184124 0.999544 -0.0239103 -0.899303 0.0397392 0.024627 0.998906 75.0114 
0.999153 0.0136694 -0.0388164 -6.2385 -0.0147572 0.999502 -0.0278765 -0.933192 0.0384161 0.0284257 0.998857 75.6016 
0.999242 0.0165989 -0.0352061 -6.28455 -0.0175999 0.999444 -0.0283152 -0.953161 0.0347166 0.0289133 0.998979 76.1883 
0.999285 0.0213779 -0.0311714 -6.31672 -0.0221603 0.999442 -0.024972 -0.991161 0.0306203 0.0256448 0.999202 76.7496 
0.999482 0.0199739 -0.0252377 -6.36045 -0.0205115 0.999564 -0.0212222 -1.02974 0.0248029 0.0217288 0.999456 77.2925 
0.999685 0.0161019 -0.0192727 -6.37068 -0.0164187 0.999731 -0.0163922 -1.05609 0.0190036 0.0167033 0.99968 77.8334 
0.999877 0.0110962 -0.0110503 -6.37637 -0.0112425 0.999849 -0.0132601 -1.07409 0.0109016 0.0133826 0.999851 78.3537 
0.999894 0.0145247 0.000214497 -6.39613 -0.0145209 0.999812 -0.0128191 -1.10985 -0.000400565 0.0128145 0.999918 78.8614 
0.999689 0.0197171 0.0152389 -6.39227 -0.0195084 0.999715 -0.0137327 -1.12245 -0.0155053 0.013431 0.999789 79.358 
0.999138 0.0250146 0.0331209 -6.37179 -0.0245776 0.999606 -0.0135384 -1.13517 -0.0334465 0.0127126 0.99936 79.8412 
0.998192 0.0232997 0.0554091 -6.343 -0.0225729 0.999651 -0.0137091 -1.14128 -0.0557091 0.0124335 0.99837 80.3189 
0.996483 0.0196092 0.0814622 -6.29322 -0.018635 0.999746 -0.0127035 -1.1567 -0.0816905 0.0111407 0.996595 80.7614 
0.993715 0.0183405 0.110426 -6.21656 -0.0172411 0.999792 -0.0109037 -1.17789 -0.110603 0.00893128 0.993824 81.2029 
0.989544 0.017378 0.143181 -6.14359 -0.0162599 0.999827 -0.00897628 -1.20554 -0.143312 0.00655425 0.989656 81.6274 
0.983438 0.018233 0.180323 -6.04332 -0.0168059 0.999814 -0.00943979 -1.20282 -0.180461 0.0062529 0.983562 82.0585 
0.974855 0.0184919 0.222073 -5.93915 -0.0168499 0.999815 -0.00928696 -1.21955 -0.222203 0.00531146 0.974986 82.4656 
0.963535 0.0187134 0.266926 -5.82188 -0.016855 0.999815 -0.00925228 -1.2367 -0.26705 0.00441579 0.963672 82.8469 
0.948939 0.021869 0.314701 -5.66247 -0.0189849 0.999745 -0.0122277 -1.24682 -0.314889 0.00562867 0.949112 83.2302 
0.930162 0.0220584 0.366486 -5.50058 -0.0178505 0.99973 -0.0148674 -1.27525 -0.366715 0.00728709 0.930305 83.57 
0.906862 0.0218789 0.420859 -5.30733 -0.0160231 0.999719 -0.0174455 -1.28716 -0.421122 0.00907716 0.906958 83.9118 
0.879647 0.0225225 0.475094 -5.07875 -0.0150099 0.999695 -0.0196009 -1.29976 -0.475391 0.0101107 0.879717 84.2251 
0.846936 0.0223212 0.531227 -4.84881 -0.0129852 0.999689 -0.0213029 -1.3151 -0.531537 0.0111441 0.846962 84.5294 
0.809419 0.0202858 0.586882 -4.616 -0.00842741 0.999701 -0.0229323 -1.33469 -0.587171 0.0136159 0.809348 84.8072 
0.768972 0.0194288 0.638987 -4.35809 -0.00602724 0.999714 -0.0231438 -1.3587 -0.639254 0.0139455 0.768869 85.0635 
0.725134 0.018267 0.688366 -4.08661 -0.00306 0.999724 -0.0233061 -1.36372 -0.688601 0.0147936 0.724989 85.3102 
0.679652 0.0190799 0.733287 -3.78007 -0.00459902 0.999753 -0.0217508 -1.36848 -0.73352 0.0114105 0.679572 85.5343 
0.631036 0.0175363 0.775556 -3.47692 -0.00284561 0.99979 -0.0202913 -1.39564 -0.775749 0.0105976 0.630953 85.745 
0.581139 0.0169024 0.813629 -3.17245 0.00213009 0.999749 -0.0222905 -1.39972 -0.813802 0.0146869 0.580957 85.916 
0.531641 0.01467 0.846843 -2.83549 0.0073542 0.999732 -0.0219356 -1.41711 -0.846938 0.0178897 0.53139 86.0786 
0.482395 0.0172616 0.875784 -2.49575 0.00833243 0.99967 -0.0242931 -1.41416 -0.875914 0.0190163 0.482092 86.2373 
0.43199 0.0205087 0.901645 -2.1529 0.00630903 0.999648 -0.0257607 -1.4222 -0.901856 0.0168169 0.431708 86.3949 
0.384619 0.022281 0.922806 -1.81263 0.00523589 0.99964 -0.0263185 -1.45336 -0.92306 0.0149543 0.384364 86.5061 
0.339703 0.0209909 0.940298 -1.46877 0.0125814 0.99956 -0.0268593 -1.46122 -0.940449 0.0209544 0.339289 86.6043 
0.298793 0.0145714 0.954206 -1.07729 0.0291385 0.999278 -0.024384 -1.46183 -0.953873 0.0350899 0.298153 86.6916 
0.262131 0.0108337 0.964971 -0.718282 0.0335082 0.999232 -0.0203208 -1.4759 -0.96445 0.0376612 0.261567 86.7559 
0.228022 0.0147134 0.973545 -0.359335 0.0324404 0.999216 -0.0226996 -1.4873 -0.973115 0.0367582 0.227366 86.8228 
0.195604 0.0220362 0.980435 0.00118997 0.0222255 0.999391 -0.0268965 -1.51011 -0.980431 0.0270517 0.194995 86.9022 
0.166718 0.0263538 0.985652 0.350772 0.0185957 0.999381 -0.0298663 -1.52343 -0.985829 0.0233081 0.166124 86.9501 
0.140215 0.0280884 0.989722 0.794463 0.0193222 0.999329 -0.0310986 -1.54849 -0.989932 0.0234841 0.139579 87.0222 
0.116509 0.0307264 0.992714 1.19099 0.0287562 0.998998 -0.0342959 -1.54856 -0.992773 0.0325425 0.115508 87.0442 
0.0961336 0.036254 0.994708 1.59983 0.03566 0.998569 -0.0398412 -1.56918 -0.994729 0.0393013 0.0947033 87.0556 
0.075532 0.0440827 0.996168 2.02346 0.0399998 0.998084 -0.0472004 -1.57387 -0.996341 0.0434117 0.073624 87.0965 
0.0574485 0.0437352 0.99739 2.43879 0.0365644 0.998277 -0.0458803 -1.61414 -0.997679 0.0391048 0.0557504 87.1249 
0.0422001 0.0397326 0.998319 2.88497 0.0357792 0.998508 -0.0412527 -1.63542 -0.998468 0.0374599 0.0407156 87.1409 
0.0282523 0.0354217 0.998973 3.30859 0.0366982 0.998661 -0.0364487 -1.67577 -0.998927 0.0376903 0.0269146 87.1473 
0.0143566 0.0344999 0.999301 3.78287 0.0413367 0.99853 -0.0350672 -1.68742 -0.999042 0.0418113 0.0129094 87.1508 
0.00222247 0.0347597 0.999393 4.2529 0.0479709 0.998241 -0.0348264 -1.68187 -0.998846 0.0480192 0.000551102 87.1532 
-0.0101057 0.035863 0.999306 4.84059 0.0513422 0.998057 -0.0352991 -1.68724 -0.99863 0.0509498 -0.0119274 87.2155 
-0.0169707 0.035942 0.99921 5.35032 0.0527825 0.997992 -0.0350018 -1.71681 -0.998462 0.0521467 -0.0188338 87.1833 
-0.0233984 0.0367478 0.999051 5.90208 0.0535871 0.997934 -0.0354517 -1.73418 -0.998289 0.0527067 -0.0253193 87.1925 
-0.0291679 0.0378353 0.998858 6.46631 0.0550771 0.997826 -0.036188 -1.76453 -0.998056 0.0539587 -0.0311884 87.1839 
-0.036226 0.0383516 0.998607 7.10537 0.0517847 0.997993 -0.0364495 -1.79934 -0.998001 0.0503921 -0.0381393 87.2118 
-0.0405454 0.0391646 0.99841 7.73275 0.0546076 0.997825 -0.0369241 -1.79933 -0.997684 0.0530236 -0.0425959 87.1876 
-0.0447404 0.0397002 0.998209 8.30534 0.055579 0.997761 -0.0371914 -1.80849 -0.997451 0.0538156 -0.0468467 87.2156 
-0.0478904 0.0397923 0.99806 8.96895 0.0567809 0.997699 -0.0370534 -1.83264 -0.997237 0.0548962 -0.0500397 87.1868 
-0.050307 0.0395332 0.997951 9.61268 0.0587365 0.997604 -0.0365586 -1.86465 -0.997005 0.056777 -0.0525085 87.1683 
-0.0520895 0.03956 0.997858 10.3002 0.0624885 0.997386 -0.0362794 -1.89863 -0.996685 0.0604649 -0.0544254 87.1702 
-0.0512287 0.0387924 0.997933 10.9969 0.0654992 0.997224 -0.0354026 -1.9434 -0.996537 0.0635502 -0.0536273 87.1464 
-0.0493257 0.0398922 0.997986 11.6783 0.0670881 0.997078 -0.0365401 -1.95123 -0.996527 0.0651506 -0.0518578 87.1384 
-0.0456256 0.0398467 0.998164 12.388 0.0686496 0.996967 -0.0366611 -1.99458 -0.996597 0.0668509 -0.0482227 87.1142 
-0.0416713 0.039743 0.998341 13.1174 0.0696809 0.996891 -0.0367768 -2.0257 -0.996699 0.0680328 -0.0443111 87.1036 
-0.0369688 0.0391192 0.99855 13.8767 0.07037 0.996855 -0.0364476 -2.04066 -0.996836 0.0689206 -0.0396054 87.058 
-0.034834 0.037808 0.998678 14.6313 0.0701231 0.996914 -0.0352954 -2.0753 -0.99693 0.0688009 -0.0373777 87.0886 
-0.0314157 0.0365332 0.998838 15.4398 0.0664549 0.997197 -0.034383 -2.09824 -0.997295 0.0652975 -0.0337554 87.0909 
-0.0272342 0.0354752 0.998999 16.2338 0.0648119 0.99733 -0.0336491 -2.14752 -0.997526 0.0638306 -0.0294607 87.0731 
-0.024368 0.0347719 0.999098 17.0276 0.0601059 0.997638 -0.0332551 -2.2295 -0.997894 0.0592413 -0.0264004 87.0912 
-0.0214067 0.0392889 0.998998 17.8285 0.0582746 0.997578 -0.0379844 -2.25668 -0.998071 0.0574031 -0.0236444 87.0989 
-0.0213532 0.0435001 0.998825 18.6386 0.0521347 0.997742 -0.0423384 -2.31519 -0.998412 0.0511694 -0.0235728 87.1397 
-0.0227088 0.0468331 0.998644 19.4608 0.048781 0.997764 -0.0456826 -2.35176 -0.998551 0.0476774 -0.0249426 87.1544 
-0.0219851 0.0467548 0.998664 20.276 0.0464151 0.997876 -0.0456961 -2.39162 -0.99868 0.0453484 -0.0241086 87.1516 
-0.0232708 0.0448394 0.998723 21.0857 0.0426119 0.99813 -0.04382 -2.44354 -0.998821 0.0415377 -0.025138 87.1608 
-0.0239965 0.0434857 0.998766 21.9108 0.043914 0.998135 -0.0424032 -2.49591 -0.998747 0.0428422 -0.0258614 87.1691 
-0.02296 0.0434601 0.998791 22.724 0.0407592 0.998265 -0.0425003 -2.53385 -0.998905 0.0397341 -0.0246915 87.1424 
-0.024124 0.0440136 0.99874 23.5142 0.0386831 0.998323 -0.0430609 -2.57679 -0.99896 0.0375956 -0.0257861 87.1569 
-0.0251163 0.0447451 0.998683 24.3071 0.036446 0.998375 -0.0438147 -2.62289 -0.99902 0.0352976 -0.0267063 87.1616 
-0.0266659 0.0451485 0.998624 25.1144 0.0326638 0.998485 -0.0442701 -2.688 -0.999111 0.0314384 -0.0281002 87.16 
-0.0305709 0.0449185 0.998523 25.91 0.0283909 0.998626 -0.044054 -2.73576 -0.999129 0.0270022 -0.0318042 87.1645 
-0.0347841 0.0431301 0.998464 26.7422 0.0260627 0.998768 -0.0422353 -2.79055 -0.999055 0.0245536 -0.0358653 87.1541 
-0.0399244 0.0421016 0.998315 27.5863 0.0258383 0.998821 -0.0410897 -2.80854 -0.998868 0.0241543 -0.0409652 87.1434 
-0.0469735 0.0390557 0.998132 28.4146 0.0207321 0.999058 -0.0381163 -2.87652 -0.998681 0.018903 -0.047739 87.1278 
-0.0542401 0.039981 0.997727 29.228 0.0213198 0.999017 -0.0388737 -2.9067 -0.9983 0.0191628 -0.0550392 87.0947 
-0.0624322 0.0397683 0.997256 30.019 0.0193362 0.999066 -0.03863 -2.96244 -0.997862 0.0168714 -0.0631429 87.0369 
-0.0723916 0.0405814 0.99655 30.7967 0.020076 0.999029 -0.0392241 -2.99686 -0.997174 0.0171672 -0.073136 86.9893 
-0.0832109 0.0407212 0.9957 31.6158 0.0222751 0.998991 -0.0389943 -3.02363 -0.996283 0.0189346 -0.0840341 86.9424 
-0.0941662 0.0400655 0.99475 32.3912 0.0208356 0.99905 -0.0382664 -3.06132 -0.995338 0.0171229 -0.0949115 86.8921 
-0.108161 0.0399411 0.993331 33.2504 0.0238152 0.99901 -0.0375764 -3.10214 -0.993848 0.0195921 -0.109005 86.8934 
-0.118878 0.0410825 0.992059 33.999 0.0260137 0.998929 -0.0382499 -3.13138 -0.992568 0.02126 -0.119819 86.8241 
-0.129737 0.0416726 0.990672 34.7242 0.0257603 0.998921 -0.0386462 -3.17368 -0.991214 0.0205062 -0.13067 86.7281 
-0.140385 0.0431651 0.989155 35.5158 0.0250678 0.998884 -0.0400319 -3.2069 -0.989779 0.0191761 -0.141311 86.6264 
-0.151171 0.0446767 0.987497 36.2926 0.0275942 0.998779 -0.0409629 -3.24197 -0.988122 0.0210568 -0.15222 86.5337 
-0.161409 0.0453001 0.985847 37.0337 0.0287353 0.998738 -0.0411878 -3.2935 -0.986469 0.0216805 -0.162507 86.4347 
-0.171644 0.0450609 0.984128 37.7428 0.028429 0.998764 -0.0407728 -3.34799 -0.984749 0.0209793 -0.172713 86.3186 
-0.18208 0.0454761 0.982231 38.4929 0.02781 0.998768 -0.0410865 -3.38666 -0.98289 0.0198349 -0.18312 86.2111 
-0.191135 0.0463644 0.980468 39.2127 0.0298084 0.998697 -0.0414156 -3.40475 -0.981111 0.0213102 -0.192268 86.093 
-0.200808 0.0453415 0.978581 39.9133 0.0325316 0.998686 -0.0395975 -3.4472 -0.97909 0.0238833 -0.202019 86.0147 
-0.204765 0.0440159 0.977821 40.6238 0.0353512 0.998669 -0.0375515 -3.48292 -0.978173 0.026878 -0.206048 85.8474 
-0.2079 0.0435329 0.977181 41.3223 0.0375568 0.998628 -0.0364981 -3.49946 -0.977429 0.0291119 -0.20925 85.6974 
-0.210042 0.0415932 0.976807 42.0623 0.0400336 0.998623 -0.0339139 -3.56676 -0.976872 0.0319818 -0.211418 85.5402 
-0.212217 0.0406585 0.976376 42.7316 0.0396568 0.998669 -0.0329674 -3.60675 -0.976417 0.0317238 -0.213547 85.4152 
-0.213048 0.0419004 0.976143 43.357 0.042318 0.998538 -0.0336256 -3.6241 -0.976125 0.0341445 -0.21451 85.2788 
-0.212967 0.0431247 0.976107 43.9823 0.0416209 0.998519 -0.0350341 -3.65898 -0.976173 0.0331654 -0.214446 85.1563 
-0.209849 0.0442799 0.976731 44.5692 0.0427036 0.998436 -0.0360892 -3.70016 -0.976801 0.0341366 -0.211412 85.0334 
-0.205041 0.0450401 0.977717 45.196 0.0427391 0.9984 -0.03703 -3.73644 -0.97782 0.0341941 -0.206637 84.9128 
-0.197685 0.0456348 0.979203 45.8039 0.0419512 0.998394 -0.03806 -3.77638 -0.979367 0.0335549 -0.199282 84.8175 
-0.187981 0.0463472 0.981078 46.3564 0.0406672 0.998397 -0.0393733 -3.79124 -0.98133 0.0324963 -0.189564 84.74 
-0.173715 0.0467804 0.983684 46.879 0.0396147 0.998394 -0.0404842 -3.8239 -0.983999 0.0319356 -0.175289 84.6482 
-0.157325 0.0482198 0.986369 47.414 0.0384654 0.998348 -0.0426703 -3.85722 -0.986797 0.0312279 -0.15892 84.5943 
-0.135027 0.0509988 0.989528 47.9032 0.0365187 0.998252 -0.0464652 -3.8855 -0.990169 0.0298623 -0.136653 84.5138 
-0.110844 0.055855 0.992267 48.4171 0.0355514 0.998003 -0.0522065 -3.88243 -0.993202 0.0294897 -0.112609 84.4786 
-0.0833543 0.0571902 0.994877 48.9616 0.0329712 0.997963 -0.0546053 -3.92978 -0.995974 0.0282507 -0.0850702 84.4783 
-0.0492967 0.0567532 0.99717 49.48 0.0294656 0.998032 -0.0553457 -3.95768 -0.998349 0.0266539 -0.050872 84.4672 
-0.0104302 0.0540209 0.998485 50.0176 0.0276661 0.998173 -0.0537151 -4.00317 -0.999563 0.027064 -0.0119057 84.4781 
0.0325467 0.0506595 0.998185 50.5421 0.0244044 0.998376 -0.051465 -4.02231 -0.999172 0.0260351 0.0312575 84.5137 
0.0793896 0.0447489 0.995839 51.0481 0.0190271 0.998742 -0.0463963 -4.07826 -0.996662 0.0226313 0.0784383 84.5654 
0.129059 0.0425171 0.990725 51.5513 0.0141079 0.9989 -0.0447058 -4.09169 -0.991537 0.0197467 0.128317 84.6789 
0.182666 0.0418305 0.982285 52.0682 0.00952949 0.998972 -0.0443134 -4.10816 -0.983129 0.0174552 0.18208 84.7884 
0.241009 0.0431269 0.969564 52.562 0.00838913 0.998882 -0.0465164 -4.11879 -0.970486 0.0193447 0.240378 84.9189 
0.305952 0.0422021 0.951111 53.018 0.00794069 0.998869 -0.0468756 -4.16708 -0.952014 0.0218941 0.305271 85.0299 
0.3704 0.0532249 0.927346 53.4858 0.00356206 0.998268 -0.0587183 -4.12843 -0.928865 0.0250525 0.369569 85.2181 
0.433627 0.0543559 0.899452 53.8914 0.00419204 0.998046 -0.0623352 -4.18421 -0.901083 0.0308007 0.432552 85.4344 
0.494133 0.0585614 0.867412 54.2999 -0.00193831 0.9978 -0.0662603 -4.21228 -0.869384 0.03106 0.49316 85.7324 
0.552779 0.0612877 0.831071 54.6531 -0.00815319 0.997642 -0.0681486 -4.24756 -0.833288 0.0308952 0.551976 86.0291 
0.608993 0.0626922 0.790694 54.9388 -0.0128593 0.997521 -0.0691869 -4.28181 -0.793071 0.0319666 0.60829 86.2584 
0.661422 0.0638442 0.747292 55.2844 -0.0184521 0.997454 -0.0688849 -4.30711 -0.749787 0.0317729 0.660916 86.6378 
0.71122 0.0617332 0.700253 55.5874 -0.0243027 0.9977 -0.0632725 -4.33729 -0.702549 0.0279826 0.711085 86.9958 
0.756277 0.0573893 0.65173 55.8286 -0.0280007 0.998072 -0.0553948 -4.36566 -0.653652 0.0236449 0.756425 87.3703 
0.797491 0.056579 0.600672 56.0879 -0.0338905 0.998222 -0.0490303 -4.37978 -0.602378 0.0187441 0.79799 87.7782 
0.832901 0.050365 0.551126 56.3039 -0.0340288 0.998627 -0.0398338 -4.40486 -0.552375 0.0144234 0.833471 88.2059 
0.861986 0.0528148 0.504174 56.4826 -0.0413946 0.99857 -0.0338331 -4.42378 -0.505239 0.00829352 0.862939 88.6325 
0.886261 0.0546114 0.459956 56.6773 -0.0463901 0.998497 -0.0291673 -4.44438 -0.460857 0.00451236 0.887463 89.0834 
0.904676 0.0596043 0.421911 56.825 -0.0536859 0.998222 -0.0259062 -4.45141 -0.422704 0.000786049 0.906267 89.4927 
0.919367 0.0643146 0.388109 56.9713 -0.0590516 0.997929 -0.0254863 -4.47138 -0.388945 0.000512757 0.921261 89.9298 
0.931214 0.066268 0.358396 57.1134 -0.0616647 0.997802 -0.0242731 -4.48518 -0.359217 0.000502957 0.933254 90.3823 
0.939536 0.0611264 0.33695 57.2655 -0.0564869 0.998125 -0.0235656 -4.50273 -0.337758 0.00310741 0.941228 90.8314 
0.944938 0.0568381 0.322277 57.4054 -0.0522662 0.998372 -0.0228294 -4.5081 -0.32305 0.00472811 0.94637 91.3196 
0.948883 0.0597874 0.309914 57.541 -0.0555124 0.998202 -0.0226038 -4.51755 -0.310708 0.00424427 0.950496 91.7908 
0.951521 0.0668822 0.300223 57.6764 -0.0632539 0.997759 -0.0218004 -4.53753 -0.301008 0.00175319 0.95362 92.2964 
0.952714 0.075462 0.29435 57.8079 -0.0720017 0.997149 -0.022592 -4.55665 -0.295215 0.000329995 0.955431 92.7984 
0.952855 0.0823537 0.292036 57.9321 -0.0780992 0.996601 -0.0262182 -4.57576 -0.293202 0.00217438 0.956048 93.3179 
0.952871 0.0828395 0.291846 58.0657 -0.0774482 0.996545 -0.0299996 -4.57594 -0.293323 0.00598267 0.955995 93.8617 
0.952489 0.0815343 0.293456 58.2367 -0.0749314 0.996619 -0.0336931 -4.59906 -0.295211 0.0101032 0.955379 94.349 
0.951497 0.080462 0.29695 58.4068 -0.0715546 0.996603 -0.0407636 -4.60653 -0.299221 0.0175383 0.954023 94.8812 
0.950053 0.0811665 0.301349 58.5603 -0.0705191 0.996446 -0.0460639 -4.6222 -0.304017 0.0225122 0.952401 95.4434 
0.948136 0.0854899 0.306154 58.7236 -0.0748293 0.996116 -0.0464135 -4.64736 -0.308932 0.021097 0.95085 96.0302 
0.946054 0.0883758 0.311722 58.8949 -0.078789 0.995953 -0.0432421 -4.66235 -0.314282 0.0163491 0.949189 96.5735 
0.944606 0.0849812 0.317014 59.0802 -0.0765874 0.996305 -0.0388702 -4.69362 -0.319146 0.0124377 0.947624 97.1825 
0.943849 0.0803374 0.320462 59.2921 -0.0731245 0.996726 -0.0345002 -4.70506 -0.322184 0.00912932 0.946633 97.779 
0.942764 0.076639 0.324535 59.4885 -0.0708956 0.997047 -0.0295039 -4.74408 -0.325838 0.0048071 0.945413 98.3874 
0.941955 0.0731183 0.327681 59.6952 -0.0670034 0.997304 -0.0299286 -4.76015 -0.328986 0.00623556 0.944314 99.0199 
0.94233 0.0713411 0.326994 59.9257 -0.0642519 0.997406 -0.032446 -4.79145 -0.328461 0.00956474 0.944469 99.634 
0.942309 0.0723709 0.326828 60.1447 -0.0625143 0.997219 -0.0405777 -4.811 -0.328856 0.0178052 0.944212 100.289 
0.94255 0.0756789 0.32538 60.3805 -0.0639024 0.996861 -0.0467462 -4.84926 -0.327896 0.023268 0.944427 100.949 
0.943126 0.0802907 0.322592 60.5727 -0.0674382 0.996427 -0.050842 -4.87268 -0.325522 0.0261953 0.945171 101.577 
0.943945 0.0788856 0.320537 60.7771 -0.067493 0.996635 -0.0465172 -4.90124 -0.323128 0.0222757 0.946093 102.245 
0.944703 0.0743276 0.319394 61.0106 -0.0651658 0.9971 -0.0392928 -4.9374 -0.321388 0.0163064 0.946807 102.953 
0.945241 0.0752944 0.317569 61.2309 -0.0682376 0.997113 -0.0333037 -4.97838 -0.31916 0.00980979 0.94765 103.669 
0.945482 0.0800876 0.315673 61.4474 -0.0730845 0.996747 -0.0339815 -5.00806 -0.317367 0.00905809 0.948259 104.394 
0.945528 0.0873874 0.313593 61.6583 -0.0792692 0.996107 -0.0385724 -5.03722 -0.315742 0.011613 0.948774 105.116 
0.946585 0.090425 0.309516 61.88 -0.0809832 0.995777 -0.0432474 -5.08694 -0.312119 0.0158718 0.94991 105.821 
0.948011 0.0903091 0.305156 62.1037 -0.0799454 0.995723 -0.0463167 -5.11017 -0.308033 0.0195129 0.951175 106.542 
0.949674 0.0852733 0.301411 62.3182 -0.0753499 0.996167 -0.0444201 -5.15217 -0.304043 0.0194733 0.952459 107.291 
0.951124 0.0808077 0.29805 62.5487 -0.071574 0.99656 -0.0417852 -5.20919 -0.300401 0.0184102 0.953635 108.017 
0.951789 0.0799186 0.296158 62.7853 -0.0713339 0.996662 -0.0396987 -5.24249 -0.298342 0.0166586 0.954313 108.802 
0.95249 0.0764574 0.294816 63.0255 -0.0682644 0.996943 -0.0379986 -5.27443 -0.29682 0.0160678 0.954798 109.569 
0.953276 0.06997 0.293885 63.2664 -0.0617094 0.997397 -0.0372998 -5.30337 -0.29573 0.0174214 0.955113 110.34 
0.953483 0.0693771 0.293355 63.5022 -0.0616307 0.997465 -0.0355797 -5.33939 -0.29508 0.0158449 0.955341 111.138 
0.952661 0.0758121 0.294431 63.7154 -0.0674235 0.996979 -0.0385539 -5.35861 -0.296465 0.0168772 0.954895 111.96 
0.951879 0.0812038 0.29552 63.9133 -0.0724375 0.99655 -0.0405116 -5.41744 -0.29779 0.0171554 0.954477 112.776 
0.951117 0.0896992 0.295516 64.1561 -0.0806581 0.995828 -0.0426702 -5.44653 -0.29811 0.0167486 0.954384 113.572 
0.949187 0.0960615 0.299694 64.3574 -0.0871112 0.995265 -0.0431173 -5.46994 -0.302416 0.0148196 0.953061 114.387 
0.947949 0.098437 0.302825 64.5859 -0.0899668 0.995066 -0.041831 -5.50238 -0.305449 0.0124094 0.952128 115.213 
0.94712 0.0995006 0.305063 64.8263 -0.0905705 0.994947 -0.0433247 -5.5397 -0.307832 0.013404 0.951346 116.049 
0.94652 0.0978712 0.307442 65.0614 -0.0880172 0.995066 -0.0457918 -5.58754 -0.310407 0.0162827 0.950464 116.864 
0.947143 0.0905261 0.307774 65.3526 -0.0806818 0.995742 -0.0445898 -5.64922 -0.3105 0.0174011 0.950414 117.693 
0.947762 0.0833332 0.307901 65.6121 -0.0728988 0.996312 -0.0452591 -5.70569 -0.310537 0.0204491 0.950341 118.497 
0.947558 0.0820539 0.308869 65.8634 -0.0714998 0.996409 -0.0453563 -5.76164 -0.311482 0.0208936 0.950022 119.325 
0.946823 0.0843962 0.31049 66.1171 -0.0750591 0.996297 -0.0419214 -5.82054 -0.312878 0.016387 0.949652 120.116 
0.94601 0.0866168 0.312349 66.3651 -0.0790427 0.99619 -0.0368554 -5.85591 -0.314351 0.0101766 0.949252 120.933 
0.945575 0.0888491 0.313041 66.6113 -0.0826597 0.996031 -0.0330168 -5.89836 -0.314732 0.00534394 0.949166 121.739 
0.944943 0.0903419 0.314517 66.8367 -0.0818216 0.995835 -0.0402171 -5.92988 -0.316841 0.0122685 0.948399 122.544 
0.945802 0.0871403 0.312834 67.0984 -0.0741153 0.995824 -0.053313 -5.98422 -0.316173 0.0272377 0.94831 123.299 
0.946327 0.0857067 0.311641 67.3469 -0.0697006 0.995629 -0.0621633 -6.04048 -0.315607 0.0371051 0.948164 124.08 
0.947105 0.0810772 0.310512 67.6156 -0.0674407 0.996238 -0.0544224 -6.06425 -0.313757 0.0306025 0.94901 124.885 
0.947715 0.072954 0.310667 67.8788 -0.0655601 0.997263 -0.0341915 -6.10978 -0.312311 0.0120364 0.949904 125.714 
0.94815 0.0674004 0.310595 68.1274 -0.0644025 0.997725 -0.0199099 -6.13349 -0.31123 -0.00112556 0.950334 126.509 
0.948131 0.0712171 0.309799 68.3698 -0.0666527 0.997455 -0.0253082 -6.18002 -0.310813 0.00334644 0.950465 127.289 
0.948369 0.0806926 0.306731 68.6078 -0.0715224 0.996594 -0.04104 -6.21789 -0.308998 0.0169829 0.950911 128.053 
0.949068 0.0811586 0.30444 68.8617 -0.0692215 0.996356 -0.0498197 -6.24766 -0.307374 0.0262084 0.951228 128.807 
0.95003 0.0769791 0.302517 69.0935 -0.0645494 0.996616 -0.050889 -6.29422 -0.305411 0.0288187 0.951784 129.589 
0.951181 0.0760564 0.299116 69.3236 -0.0640708 0.996707 -0.0496905 -6.34946 -0.30191 0.0281 0.952922 130.357 
0.952508 0.074203 0.295334 69.5564 -0.0619709 0.996796 -0.0505785 -6.39983 -0.298141 0.0298742 0.954054 131.15 
0.954095 0.0758277 0.289747 69.7955 -0.0633463 0.996624 -0.0522298 -6.45157 -0.292729 0.0314777 0.955677 131.948 
0.9545 0.082259 0.286642 70.0223 -0.0699116 0.996141 -0.0530666 -6.50123 -0.2899 0.0306124 0.956567 132.754 
0.95452 0.0881617 0.284814 70.2297 -0.0760598 0.995678 -0.0532983 -6.54801 -0.288282 0.0292114 0.9571 133.548 
0.955232 0.088717 0.282242 70.4599 -0.077197 0.995674 -0.0517011 -6.58711 -0.285608 0.0275983 0.957949 134.352 
0.955668 0.0856184 0.281725 70.6714 -0.0754871 0.996055 -0.0466418 -6.63578 -0.284607 0.0233074 0.958361 135.116 
0.956322 0.0842601 0.279906 70.8936 -0.0739052 0.99614 -0.0473647 -6.66725 -0.282816 0.0246093 0.958858 135.903 
0.957414 0.0825547 0.276664 71.1193 -0.0713386 0.996179 -0.0503815 -6.7208 -0.279766 0.028499 0.959645 136.673 
0.959199 0.0793551 0.271365 71.3362 -0.0670138 0.996264 -0.0544622 -6.76429 -0.274673 0.0340549 0.960934 137.45 
0.960719 0.0762957 0.266831 71.5056 -0.0640216 0.996464 -0.0544139 -6.83169 -0.270039 0.0351934 0.962206 138.277 
0.962878 0.074289 0.259514 71.7329 -0.0636683 0.996762 -0.049106 -6.86096 -0.262322 0.0307601 0.96449 139.04 
0.964748 0.0709658 0.253427 71.9417 -0.0627773 0.997215 -0.0402638 -6.91567 -0.255579 0.0229349 0.966516 139.84 
0.96573 0.0678491 0.250522 72.1297 -0.0619175 0.997584 -0.0314932 -6.93472 -0.252054 0.0149021 0.967598 140.612 
0.966396 0.0752917 0.245782 72.3198 -0.0704227 0.997108 -0.0285529 -6.97396 -0.247221 0.0102847 0.968904 141.386 
0.9675 0.0778498 0.240588 72.4976 -0.0718702 0.99685 -0.0335437 -7.0059 -0.242442 0.0151624 0.970047 142.148 
0.969464 0.0791731 0.232102 72.6746 -0.0710059 0.996533 -0.0433478 -7.04757 -0.234729 0.0255435 0.971725 142.917 
0.971295 0.0756647 0.225523 72.8479 -0.0666444 0.996652 -0.0473568 -7.10385 -0.228351 0.0309675 0.973086 143.704 
0.972825 0.074754 0.219142 73.0115 -0.0659033 0.996698 -0.0474343 -7.12431 -0.221964 0.0317031 0.974539 144.502 
0.974071 0.08162 0.211004 73.1743 -0.0738364 0.996276 -0.0445213 -7.15943 -0.213852 0.0277871 0.976471 145.301 
0.975453 0.0859766 0.202728 73.3151 -0.0783926 0.995899 -0.0451627 -7.21722 -0.20578 0.0281617 0.978193 146.089 
0.977238 0.0894576 0.192362 73.4454 -0.0812029 0.995423 -0.050393 -7.26446 -0.19599 0.0336255 0.980029 146.893 
0.979103 0.087542 0.183559 73.5859 -0.0792557 0.995496 -0.0520175 -7.3143 -0.187286 0.0363823 0.981631 147.703 
0.980531 0.0880576 0.175512 73.7069 -0.0805412 0.995521 -0.0495129 -7.35421 -0.179086 0.0344129 0.983231 148.52 
0.981439 0.0929566 0.167741 73.8376 -0.087041 0.995306 -0.042297 -7.39254 -0.170885 0.0269115 0.984923 149.332 
0.982459 0.0947049 0.16064 73.9353 -0.089934 0.99527 -0.0367319 -7.42595 -0.163359 0.0216404 0.986329 150.153 
0.983653 0.0934923 0.153903 74.0398 -0.0895283 0.995454 -0.032505 -7.47385 -0.156242 0.0181949 0.987551 150.96 
0.984603 0.0934996 0.1477 74.1375 -0.0899263 0.995475 -0.0307035 -7.50697 -0.149903 0.0169485 0.988555 151.797 
0.985225 0.0926599 0.144034 74.2262 -0.0889773 0.995525 -0.0318169 -7.54297 -0.146338 0.0185309 0.989061 152.627 
0.985687 0.0954886 0.138933 74.3091 -0.0911471 0.995139 -0.0372982 -7.57701 -0.141819 0.0241009 0.989599 153.442 
0.985351 0.102669 0.136168 74.3775 -0.0975378 0.994265 -0.0438547 -7.61122 -0.13989 0.0299307 0.989714 154.257 
0.985832 0.103351 0.132111 74.4744 -0.0981578 0.994141 -0.0452537 -7.66691 -0.136014 0.0316448 0.990201 155.065 
0.986485 0.101043 0.128984 74.5692 -0.0967337 0.994535 -0.0392654 -7.6935 -0.132247 0.0262576 0.990869 155.905 
0.986264 0.103913 0.128392 74.6536 -0.101138 0.994479 -0.0279674 -7.75263 -0.130589 0.0145979 0.991329 156.685 
0.986554 0.102926 0.126957 74.697 -0.10109 0.994659 -0.020841 -7.777 -0.128423 0.0077267 0.991689 157.592 
0.987566 0.0995404 0.121675 74.7922 -0.0973101 0.994961 -0.0241525 -7.80389 -0.123466 0.0120119 0.992276 158.344 
0.989255 0.0892606 0.115785 74.8822 -0.0860199 0.995757 -0.0327013 -7.85659 -0.118212 0.0223901 0.992736 159.156 
0.990095 0.0884172 0.109062 74.9482 -0.0848919 0.995719 -0.0365637 -7.89475 -0.111828 0.0269429 0.993362 159.986 
0.990407 0.0937093 0.101553 75.0285 -0.0906003 0.995278 -0.0348172 -7.93745 -0.104336 0.0252824 0.994221 160.848 
0.991278 0.0915323 0.0948181 75.092 -0.0891877 0.995602 -0.0286869 -7.96646 -0.0970268 0.01998 0.995081 161.668 
0.992461 0.0864175 0.0869105 75.1693 -0.0844536 0.996087 -0.0260342 -7.98129 -0.0888202 0.018498 0.995876 162.486 
0.993826 0.075383 0.0814041 75.2272 -0.0738801 0.997039 -0.0213247 -8.00141 -0.0827705 0.0151788 0.996453 163.343 
0.994606 0.071134 0.0754952 75.2676 -0.0696924 0.997335 -0.0215659 -8.02845 -0.076828 0.016188 0.996913 164.19 
0.995159 0.0687777 0.070193 75.2904 -0.0669438 0.997359 -0.0281568 -8.0594 -0.0719441 0.0233214 0.997136 165.041 
0.996309 0.0581747 0.0631215 75.327 -0.055817 0.997699 -0.0384965 -8.08087 -0.0652157 0.0348311 0.997263 165.862 
0.997205 0.0489043 0.0564779 75.3774 -0.0465319 0.998009 -0.0425864 -8.11764 -0.058448 0.0398393 0.997495 166.705 
0.997349 0.0525078 0.0503705 75.4127 -0.0507873 0.998101 -0.0348528 -8.15663 -0.0521048 0.0322022 0.998122 167.545 
0.997049 0.0614688 0.045978 75.416 -0.0605134 0.997927 -0.0218938 -8.17938 -0.0472284 0.0190469 0.998702 168.383 
0.996966 0.0653991 0.0422199 75.4137 -0.0648664 0.997797 -0.013869 -8.20437 -0.0430338 0.0110882 0.999012 169.224 
0.996976 0.0659394 0.0411144 75.3659 -0.0653548 0.997743 -0.0154072 -8.26121 -0.0420374 0.0126735 0.999036 170.034 
0.996806 0.0689244 0.0403344 75.3435 -0.0679516 0.997375 -0.025017 -8.31799 -0.0419527 0.0221962 0.998873 170.832 
0.996077 0.0802328 0.0373371 75.338 -0.0789996 0.996314 -0.0334113 -8.3528 -0.0398801 0.0303305 0.998744 171.681 
0.996228 0.0787941 0.0363457 75.3257 -0.0774477 0.996307 -0.0370762 -8.39065 -0.0391328 0.0341214 0.998651 172.518 
0.996835 0.0723594 0.0329308 75.3781 -0.0712793 0.996914 -0.0328731 -8.41356 -0.0352077 0.0304217 0.998917 173.364 
0.996922 0.0707048 0.0338568 75.3895 -0.0698802 0.997243 -0.0249548 -8.43231 -0.0355279 0.022512 0.999115 174.217 
0.996742 0.0727496 0.0348337 75.3891 -0.0720981 0.997205 -0.0196107 -8.45898 -0.0361629 0.0170353 0.999201 175.094 
0.99689 0.071381 0.0333857 75.4064 -0.0707169 0.997282 -0.0206715 -8.48723 -0.0347705 0.0182462 0.999229 175.919 
0.997039 0.0703121 0.0311258 75.4169 -0.0693893 0.997144 -0.0297985 -8.51715 -0.033132 0.0275504 0.999071 176.764 
0.997777 0.0596416 0.0297396 75.4179 -0.0584008 0.997452 -0.040979 -8.55127 -0.0321078 0.039151 0.998717 177.626 
0.998392 0.049971 0.0267722 75.4512 -0.0487297 0.99779 -0.0451725 -8.59572 -0.0289703 0.0437952 0.99862 178.47 
0.998309 0.0518936 0.0261984 75.447 -0.0508092 0.997887 -0.0404892 -8.64481 -0.0282441 0.0390895 0.998836 179.341 
0.998069 0.0564938 0.0258298 75.4396 -0.0557059 0.997988 -0.0302726 -8.67688 -0.0274879 0.0287752 0.999208 180.208 
0.997953 0.0588259 0.0250959 75.437 -0.0581527 0.997949 -0.0267635 -8.72878 -0.0266187 0.0252493 0.999327 181.047 
0.998004 0.0579465 0.0250964 75.4308 -0.0571547 0.997878 -0.0311973 -8.7596 -0.0268509 0.0297006 0.999198 181.913 
0.997962 0.0587578 0.0248676 75.4392 -0.0577916 0.997607 -0.0379402 -8.79408 -0.0270373 0.0364256 0.99897 182.746 
0.99736 0.0683097 0.0246239 75.4319 -0.0673264 0.996977 -0.038771 -8.8306 -0.0271978 0.0370108 0.998945 183.601 
0.99719 0.0710816 0.0236477 75.4487 -0.0701803 0.996848 -0.0369832 -8.86567 -0.0262019 0.0352196 0.999036 184.424 
0.996914 0.0748257 0.0237572 75.4426 -0.0740041 0.996686 -0.0337665 -8.91007 -0.026205 0.0319041 0.999147 185.265 
0.996551 0.0794082 0.0240763 75.429 -0.0786337 0.996403 -0.0315736 -8.93427 -0.0264968 0.0295714 0.999211 186.113 
0.996174 0.0845738 0.0220108 75.455 -0.083848 0.995963 -0.0320446 -8.96975 -0.024632 0.0300763 0.999244 186.971 
0.99653 0.0799204 0.0232518 75.4163 -0.0790898 0.996264 -0.034685 -9.02641 -0.0259369 0.0327256 0.999128 187.743 
0.996387 0.0822421 0.0211858 75.4417 -0.081349 0.995881 -0.0400455 -9.05931 -0.0243919 0.0381773 0.998973 188.603 
