1 -4.23778e-08 4.22719e-08 0 -4.23778e-08 1 -4.19404e-08 0 4.22719e-08 -4.19404e-08 1 0 
0.999186 0.00183279 0.0403017 0.22236 -0.0017331 0.999995 -0.00251058 -0.0163084 -0.0403061 0.00243861 0.999184 0.90084 
0.996212 -0.00234291 0.0869241 0.327684 0.00306161 0.999962 -0.00813676 -0.044929 -0.0869017 0.00837199 0.996182 1.86411 
0.991156 -0.00237223 0.132684 0.440803 0.00410344 0.99991 -0.0127764 -0.034568 -0.132641 0.0132078 0.991076 3.02247 
0.984877 -0.00122156 0.173248 0.694648 0.00409894 0.999859 -0.0162522 -0.0650293 -0.173204 0.0167165 0.984744 3.83763 
0.975584 -0.0017116 0.219621 0.919403 0.00541117 0.999853 -0.0162452 -0.072029 -0.219561 0.0170369 0.97545 4.91917 
0.964336 -0.0036527 0.264655 1.21817 0.00905875 0.999774 -0.0192096 -0.0584304 -0.264525 0.0209219 0.964152 6.17213 
0.951647 -0.00682449 0.307117 1.48478 0.0151178 0.999582 -0.0246331 -0.0311347 -0.30682 0.0280849 0.951353 6.9503 
0.93499 -0.00637301 0.354616 1.6606 0.0173974 0.999459 -0.0279089 -0.0236141 -0.354246 0.0322639 0.934595 8.03299 
0.918389 -0.00612179 0.395631 2.0702 0.0182423 0.999472 -0.0268813 -0.101083 -0.395257 0.0319046 0.918016 8.89649 
0.899196 -0.00631911 0.437501 2.52987 0.0195444 0.999478 -0.0257336 -0.138804 -0.43711 0.0316902 0.89885 9.83442 
0.877229 -0.00912267 0.479985 2.91801 0.0232853 0.999451 -0.0235611 -0.223057 -0.479506 0.031845 0.87696 10.6569 
0.85542 -0.0112135 0.517814 3.46932 0.0263789 0.999411 -0.021935 -0.265178 -0.517263 0.0324229 0.855212 11.422 
0.828698 -0.0120953 0.559566 3.99204 0.0287814 0.999365 -0.0210227 -0.303664 -0.558956 0.0335265 0.828519 12.3374 
0.797515 -0.0127377 0.603164 4.51493 0.0309602 0.999324 -0.0198325 -0.3549 -0.602504 0.0344908 0.79737 13.2545 
0.768895 -0.0115564 0.639271 5.14867 0.0335804 0.999187 -0.022327 -0.352445 -0.638493 0.038634 0.768658 14.0139 
0.738521 -0.0141763 0.674081 5.88482 0.0385112 0.999034 -0.0211826 -0.3838 -0.673129 0.0416034 0.738354 14.8107 
0.707346 -0.011406 0.706775 6.62856 0.0372944 0.999079 -0.0212014 -0.404613 -0.705883 0.0413554 0.70712 15.5632 
0.674596 -0.00925324 0.738129 7.61023 0.0391085 0.998965 -0.0232194 -0.397228 -0.737151 0.0445308 0.674259 16.4463 
0.641128 -0.0100201 0.767369 8.56773 0.0445957 0.998711 -0.0242184 -0.412913 -0.766137 0.0497484 0.640749 17.124 
0.604197 -0.00721254 0.796803 9.35266 0.0445544 0.9987 -0.0247446 -0.446239 -0.795589 0.0504516 0.603733 17.7379 
0.565368 -0.0050374 0.824823 10.1787 0.0421392 0.998852 -0.0227838 -0.537404 -0.823762 0.0476386 0.564931 18.3219 
0.528775 -0.00188743 0.84876 11.1664 0.0466225 0.998552 -0.0268253 -0.562845 -0.84748 0.0537558 0.528098 18.8373 
0.493452 0.000276427 0.869773 12.6073 0.0487524 0.998419 -0.0279764 -0.521356 -0.868405 0.0562085 0.492659 19.6694 
0.461878 -0.00168335 0.886942 13.7101 0.0573811 0.99796 -0.0279875 -0.520131 -0.885085 0.0638205 0.461032 20.0902 
0.42926 -0.00218655 0.903178 14.7043 0.0620495 0.997706 -0.0270754 -0.545985 -0.901047 0.0676641 0.428411 20.5314 
0.392659 0.000200199 0.919684 15.6008 0.0642235 0.997553 -0.0276374 -0.579986 -0.917439 0.0699174 0.391685 21.0087 
0.360466 -0.000178292 0.932772 16.6545 0.065182 0.99756 -0.0249987 -0.60602 -0.930492 0.0698112 0.359598 21.4096 
0.331094 -0.00244444 0.943594 17.3143 0.0690805 0.997376 -0.0216557 -0.656896 -0.941066 0.072354 0.330394 21.437 
0.299456 -0.0019878 0.954108 18.3501 0.0708506 0.997283 -0.0201595 -0.672725 -0.951476 0.073636 0.298783 21.7932 
0.266384 0.00228546 0.963864 19.4356 0.0698537 0.997322 -0.0216704 -0.67593 -0.961332 0.0731022 0.265511 22.1553 
0.237327 0.00465942 0.971419 20.4423 0.0716871 0.997178 -0.0222969 -0.683955 -0.968781 0.0749298 0.236323 22.3296 
0.207493 0.00526858 0.978222 21.4203 0.0737745 0.997053 -0.0210185 -0.699849 -0.975451 0.076529 0.206492 22.5336 
0.180226 0.00639747 0.983604 22.4914 0.0775644 0.996772 -0.0206953 -0.690698 -0.980562 0.0800225 0.179148 22.6646 
0.152709 0.00542205 0.988256 23.5031 0.0759792 0.996961 -0.0172105 -0.738508 -0.985346 0.0777151 0.151833 22.7219 
0.124976 0.00560215 0.992144 24.6108 0.0769401 0.996918 -0.015321 -0.752842 -0.989172 0.0782504 0.12416 22.845 
0.0986318 0.00655664 0.995102 25.7286 0.0793421 0.996743 -0.0144317 -0.757637 -0.991956 0.080377 0.0977904 22.9935 
0.076661 0.00789289 0.997026 26.851 0.0850002 0.996276 -0.0144227 -0.759579 -0.993427 0.0858531 0.0757047 22.9692 
0.0573267 0.00853445 0.998319 27.9661 0.0897081 0.995874 -0.013665 -0.782506 -0.994317 0.0903406 0.0563245 22.9527 
0.0380833 0.00822023 0.999241 29.1847 0.0952949 0.995379 -0.0118204 -0.799929 -0.99472 0.0956727 0.037124 22.9809 
0.0231707 0.0075723 0.999703 30.3977 0.099592 0.99498 -0.00984491 -0.818598 -0.994758 0.0997905 0.0223003 22.9321 
0.00965511 0.00830319 0.999919 31.5994 0.104133 0.99452 -0.00926394 -0.815581 -0.994516 0.104214 0.00873756 22.9108 
0.00211847 0.00431474 0.999988 32.7805 0.107369 0.994209 -0.00451734 -0.917571 -0.994217 0.107378 0.00164292 22.6666 
-0.00758384 0.00270504 0.999967 33.9841 0.107073 0.994249 -0.0018776 -0.934527 -0.994222 0.107055 -0.00782987 22.573 
-0.0191793 0.00332048 0.99981 35.2358 0.107998 0.99415 -0.00123003 -0.935922 -0.993966 0.107954 -0.0194257 22.5541 
-0.0284776 0.00628611 0.999575 36.4675 0.107786 0.994169 -0.00318142 -0.94276 -0.993766 0.107649 -0.0289891 22.4671 
-0.039178 0.0103708 0.999178 37.7415 0.10852 0.994076 -0.00606286 -0.9457 -0.993322 0.108193 -0.0400714 22.4452 
-0.0490455 0.0131987 0.998709 39.0613 0.109498 0.993957 -0.00775864 -0.954792 -0.992776 0.108976 -0.0501943 22.4058 
-0.0567243 0.0136875 0.998296 40.4051 0.108938 0.994021 -0.00743894 -0.985491 -0.992429 0.10833 -0.0578763 22.3402 
-0.0576132 0.0140412 0.99824 41.7285 0.109347 0.993974 -0.00767031 -1.00171 -0.992333 0.108712 -0.0588014 22.1259 
-0.0625023 0.0166003 0.997907 43.1408 0.109811 0.993905 -0.00965595 -0.993703 -0.991985 0.108978 -0.0639443 22.0237 
-0.0672181 0.0178908 0.997578 44.4692 0.10877 0.994011 -0.0104979 -1.01957 -0.991792 0.107801 -0.0687616 21.9554 
-0.0684763 0.0188024 0.997475 45.8786 0.110476 0.993816 -0.0111494 -1.0436 -0.991517 0.109434 -0.07013 21.7915 
-0.0713457 0.0167753 0.99731 47.223 0.111302 0.993748 -0.00875312 -1.07815 -0.991222 0.110378 -0.0727668 21.7486 
-0.0735857 0.0153142 0.997171 48.6041 0.111507 0.993739 -0.00703295 -1.08798 -0.991035 0.110674 -0.0748327 21.6876 
-0.0742537 0.0143418 0.997136 50.0211 0.109958 0.993917 -0.00610735 -1.08787 -0.991159 0.10919 -0.0753791 21.5771 
-0.0733069 0.014472 0.997204 51.4902 0.114102 0.993451 -0.00602969 -1.10944 -0.990761 0.113341 -0.0744781 21.3814 
-0.0727624 0.0140829 0.99725 52.9462 0.11564 0.993275 -0.0055894 -1.13343 -0.990622 0.114915 -0.0739017 21.2631 
-0.0734811 0.0147313 0.997188 54.3704 0.117161 0.993095 -0.00603754 -1.15565 -0.990391 0.116388 -0.0746996 21.2062 
-0.0713083 0.016097 0.997324 55.8388 0.118127 0.99297 -0.00758076 -1.12945 -0.990435 0.11727 -0.0727084 21.0721 
-0.07123 0.0193367 0.997272 57.3058 0.117712 0.992988 -0.0108462 -1.11512 -0.99049 0.116618 -0.0730067 21.0358 
-0.0680219 0.0196407 0.99749 58.8188 0.118046 0.992941 -0.0115013 -1.1143 -0.990676 0.116967 -0.0698603 20.9096 
-0.0653906 0.0203873 0.997651 60.4143 0.118692 0.992852 -0.0125097 -1.11365 -0.990776 0.117595 -0.067343 20.7745 
-0.062909 0.0218339 0.99778 62.0237 0.117878 0.992925 -0.0142956 -1.11473 -0.991033 0.116717 -0.0650377 20.6737 
-0.0618216 0.022612 0.997831 63.4303 0.118132 0.992882 -0.015181 -1.14915 -0.991072 0.116937 -0.0640527 20.6617 
-0.0607083 0.023378 0.997882 64.9816 0.124896 0.992046 -0.0156431 -1.25752 -0.990311 0.123682 -0.0631453 20.6054 
-0.0510097 0.0244182 0.9984 67.0346 0.128126 0.9916 -0.0177058 -1.25447 -0.990445 0.127018 -0.0537099 20.073 
-0.0492537 0.0230614 0.99852 68.7485 0.129984 0.991379 -0.0164849 -1.28048 -0.990292 0.12898 -0.0518267 19.9776 
-0.0461201 0.0212581 0.99871 70.5857 0.133615 0.990921 -0.014922 -1.3087 -0.989959 0.132755 -0.0485418 19.7506 
-0.0428284 0.021727 0.998846 72.3015 0.136549 0.990509 -0.0156908 -1.36044 -0.989707 0.135719 -0.0453887 19.6165 
-0.0408367 0.0244034 0.998868 73.9665 0.138275 0.99022 -0.0185391 -1.3714 -0.989552 0.137362 -0.0438117 19.5147 
-0.0386728 0.0247653 0.998945 75.7597 0.13688 0.9904 -0.0192544 -1.36325 -0.989832 0.135991 -0.0416914 19.3739 
-0.0349002 0.0268395 0.99903 77.5395 0.136415 0.990411 -0.0218425 -1.31111 -0.990037 0.135521 -0.0382269 19.1936 
-0.0323946 0.026273 0.99913 79.419 0.137189 0.990309 -0.0215931 -1.34659 -0.990015 0.13637 -0.0356851 19.0148 
-0.0279045 0.0269765 0.999246 81.343 0.139431 0.989968 -0.0228324 -1.37006 -0.989838 0.138689 -0.031386 18.7552 
-0.0228417 0.0266898 0.999383 83.2388 0.140272 0.98984 -0.023229 -1.39999 -0.989849 0.139655 -0.0263535 18.4996 
-0.0193146 0.02692 0.999451 85.0199 0.141804 0.989606 -0.0239145 -1.46017 -0.989706 0.141265 -0.0229312 18.3376 
-0.0132686 0.0274906 0.999534 86.9177 0.140974 0.989689 -0.0253485 -1.4804 -0.989924 0.140572 -0.0170072 18.0568 
-0.00979286 0.0282329 0.999553 88.7632 0.142134 0.989491 -0.0265562 -1.54366 -0.989799 0.141811 -0.0137028 17.8954 
-0.00850572 0.0278648 0.999575 90.6613 0.141606 0.989571 -0.026381 -1.62595 -0.989886 0.141322 -0.0123629 17.7785 
-0.00814753 0.0268728 0.999606 92.5148 0.139945 0.989832 -0.0254694 -1.67473 -0.990126 0.139682 -0.0118254 17.7431 
-0.00735052 0.0260173 0.999634 94.3663 0.141078 0.98969 -0.0247212 -1.75469 -0.989971 0.140844 -0.0109452 17.6894 
-0.0055923 0.0260914 0.999644 96.3334 0.139612 0.989889 -0.0250559 -1.77196 -0.99019 0.139423 -0.00917845 17.5946 
-0.00688252 0.0273644 0.999602 98.2402 0.137786 0.990116 -0.0261561 -1.80357 -0.990438 0.137551 -0.0105849 17.5763 
-0.00463011 0.0279963 0.999597 100.263 0.137372 0.990149 -0.0270954 -1.84371 -0.990509 0.137191 -0.0084304 17.362 
-0.00682075 0.0285826 0.999568 102.167 0.137582 0.990112 -0.0273734 -1.90777 -0.990467 0.137336 -0.0106858 17.2819 
-0.00847163 0.0274688 0.999587 104.026 0.13733 0.990183 -0.0260466 -1.98425 -0.990489 0.137052 -0.0121607 17.1913 
-0.0111271 0.0281668 0.999541 105.924 0.135149 0.990473 -0.0264069 -2.00057 -0.990763 0.134793 -0.0148278 17.1403 
-0.0104077 0.029258 0.999518 107.913 0.134075 0.990587 -0.0276005 -2.05315 -0.990916 0.133723 -0.0142325 16.9388 
-0.0145839 0.0310422 0.999412 109.83 0.1352 0.9904 -0.0287895 -2.12218 -0.990711 0.134701 -0.0186408 16.9209 
-0.0151798 0.0324664 0.999357 111.765 0.134677 0.990431 -0.0301308 -2.19072 -0.990773 0.134133 -0.0194071 16.7987 
-0.018752 0.0334253 0.999265 113.787 0.133532 0.990571 -0.0306287 -2.23718 -0.990867 0.132859 -0.0230385 16.7226 
-0.0235189 0.0332996 0.999169 115.748 0.132033 0.990794 -0.0299127 -2.3164 -0.990966 0.131219 -0.027699 16.6833 
-0.027657 0.0323775 0.999093 117.632 0.129709 0.991142 -0.0285293 -2.38354 -0.991166 0.128802 -0.0316117 16.6258 
-0.0321946 0.0319639 0.99897 119.675 0.130119 0.991116 -0.0275192 -2.45501 -0.990975 0.129099 -0.0360677 16.539 
-0.0364233 0.0311134 0.998852 121.645 0.131943 0.990915 -0.0260549 -2.52644 -0.990588 0.130843 -0.0401976 16.4443 
-0.0422977 0.0334354 0.998545 123.561 0.132635 0.990782 -0.0275572 -2.55817 -0.990262 0.131277 -0.0463425 16.3742 
-0.0491023 0.0351992 0.998173 125.568 0.132815 0.990734 -0.0284035 -2.63284 -0.989924 0.131178 -0.0533223 16.355 
-0.0547513 0.0354807 0.997869 127.535 0.135252 0.990421 -0.0277949 -2.69705 -0.989297 0.133442 -0.0590257 16.2861 
-0.0612883 0.0339046 0.997544 129.519 0.134401 0.990601 -0.0254112 -2.8222 -0.98903 0.132513 -0.0652691 16.198 
-0.0597689 0.034205 0.997626 131.441 0.133095 0.990762 -0.0259959 -2.86891 -0.989299 0.131225 -0.0637693 15.8558 
-0.0591774 0.0342637 0.997659 133.411 0.132509 0.990836 -0.0261696 -2.93742 -0.989414 0.13065 -0.0631754 15.5455 
-0.0562243 0.0346535 0.997817 135.44 0.133444 0.990691 -0.0268869 -2.93702 -0.98946 0.131641 -0.0603253 15.1943 
-0.0519171 0.0335192 0.998089 137.311 0.135162 0.990476 -0.026233 -2.99049 -0.989462 0.133542 -0.0559531 14.9411 
-0.0491263 0.0338457 0.998219 139.309 0.136579 0.990265 -0.0268545 -3.05501 -0.98941 0.135017 -0.0532707 14.6917 
-0.0497132 0.0349968 0.99815 141.332 0.136663 0.990224 -0.0279124 -3.09376 -0.989369 0.135023 -0.05401 14.5429 
-0.0516652 0.0356845 0.998027 143.378 0.136156 0.990281 -0.0283592 -3.15116 -0.989339 0.134422 -0.0560218 14.4169 
-0.0557981 0.0356626 0.997805 145.551 0.135358 0.990406 -0.0278288 -3.25012 -0.989224 0.133508 -0.06009 14.3044 
-0.0601745 0.0372378 0.997493 147.691 0.134555 0.990486 -0.0288592 -3.3058 -0.989077 0.132481 -0.0646125 14.1759 
-0.0653317 0.0369942 0.997178 149.698 0.133478 0.990656 -0.0280073 -3.38257 -0.988896 0.131272 -0.0696592 14.108 
-0.0687532 0.0390153 0.99687 151.704 0.133392 0.990622 -0.0295709 -3.39164 -0.988676 0.130942 -0.0733127 13.9364 
-0.072515 0.0413372 0.99651 153.624 0.132429 0.990693 -0.0314593 -3.41536 -0.988536 0.129685 -0.0773144 13.7796 
-0.0763109 0.0426107 0.996173 155.737 0.130908 0.990866 -0.0323558 -3.45798 -0.988453 0.127938 -0.081192 13.6376 
-0.0801003 0.0427558 0.995869 157.876 0.131774 0.990765 -0.0319378 -3.5353 -0.988038 0.128672 -0.0849947 13.4622 
-0.0893943 0.0430167 0.995067 159.678 0.133119 0.990619 -0.0308654 -3.62919 -0.98706 0.129703 -0.0942821 13.5571 
-0.0910894 0.0451806 0.994817 161.68 0.136126 0.990158 -0.0325048 -3.65844 -0.986495 0.13246 -0.0963431 13.3313 
-0.0905934 0.0467149 0.994792 163.668 0.135434 0.990197 -0.0341656 -3.69174 -0.986636 0.131633 -0.0960321 13.0137 
-0.0924383 0.0497814 0.994473 165.69 0.136748 0.98992 -0.0368426 -3.76235 -0.986283 0.132586 -0.0983141 12.7912 
-0.0945333 0.0523663 0.994143 167.831 0.139414 0.989471 -0.0388634 -3.83376 -0.985711 0.134923 -0.100839 12.5764 
-0.0958385 0.0539798 0.993932 169.974 0.139868 0.989352 -0.0402446 -3.89899 -0.985521 0.135162 -0.102368 12.2948 
-0.0969203 0.0550906 0.993766 172.135 0.140795 0.989185 -0.0411053 -3.97441 -0.985283 0.135933 -0.103629 12.0137 
-0.0988675 0.0556979 0.993541 174.178 0.140629 0.989194 -0.0414602 -4.04521 -0.985113 0.135622 -0.105632 11.768 
-0.099845 0.0553732 0.993461 176.135 0.143779 0.988774 -0.040662 -4.16866 -0.98456 0.138779 -0.106686 11.4909 
-0.0999124 0.0553916 0.993453 178.167 0.147245 0.988279 -0.0402946 -4.27171 -0.984041 0.142255 -0.106898 11.186 
-0.0902552 0.0533033 0.994491 180.404 0.150531 0.987824 -0.0392846 -4.39734 -0.984477 0.146156 -0.0971801 10.3356 
-0.0909645 0.052776 0.994455 182.625 0.150659 0.98783 -0.0386434 -4.51224 -0.984392 0.146309 -0.0978087 10.0237 
-0.0889237 0.0531857 0.994617 184.669 0.150918 0.987764 -0.0393264 -4.61553 -0.984539 0.146609 -0.0958623 9.67755 
-0.0867033 0.055641 0.994679 186.702 0.150783 0.98767 -0.0421056 -4.68164 -0.984757 0.14633 -0.094024 9.32772 
-0.0835946 0.0575701 0.994835 188.686 0.151676 0.987433 -0.0443967 -4.79263 -0.984889 0.147181 -0.091276 8.96393 
-0.0835781 0.0602503 0.994678 190.778 0.150598 0.98747 -0.0471598 -4.86023 -0.985056 0.145855 -0.0916044 8.72478 
-0.0867511 0.0624159 0.994273 193.045 0.149954 0.987483 -0.0489062 -4.97769 -0.98488 0.144852 -0.0950247 8.523 
-0.0880857 0.062552 0.994147 195.181 0.151039 0.987325 -0.0487402 -5.10522 -0.984595 0.145862 -0.0964171 8.26933 
-0.0926321 0.0621771 0.993757 197.409 0.14965 0.987581 -0.0478413 -5.21865 -0.98439 0.144284 -0.100787 8.08335 
-0.0945373 0.0612425 0.993636 199.715 0.149855 0.987609 -0.0466135 -5.34257 -0.984178 0.144494 -0.102543 7.78587 
-0.0939746 0.0594224 0.9938 201.93 0.149994 0.987668 -0.0448723 -5.4843 -0.984211 0.144847 -0.101729 7.44652 
-0.0971025 0.0584995 0.993554 204.1 0.148873 0.987894 -0.0436166 -5.63629 -0.984077 0.143678 -0.104636 7.20307 
-0.100593 0.0589548 0.993179 206.109 0.149385 0.987821 -0.0435066 -5.76958 -0.983649 0.14399 -0.108175 7.02072 
-0.103817 0.0598875 0.992792 208.262 0.151267 0.987524 -0.0437518 -5.90276 -0.983026 0.145635 -0.11158 6.78657 
-0.105142 0.061017 0.992583 210.33 0.15286 0.987246 -0.0444968 -6.0085 -0.982639 0.147048 -0.113128 6.50601 
-0.104596 0.0609508 0.992645 212.439 0.153075 0.987213 -0.0444877 -6.09873 -0.982664 0.147296 -0.112588 6.21372 
-0.106039 0.0616715 0.992448 214.736 0.154906 0.986914 -0.0447767 -6.17436 -0.982222 0.148988 -0.114204 5.92794 
-0.11033 0.0610314 0.992019 217.039 0.156561 0.986719 -0.043293 -6.35783 -0.981486 0.150535 -0.11842 5.81206 
-0.109721 0.0638109 0.991912 219.32 0.157226 0.986487 -0.0460703 -6.40454 -0.981448 0.1509 -0.118272 5.39333 
-0.111829 0.0645913 0.991626 221.623 0.155906 0.986668 -0.0466863 -6.51059 -0.981421 0.14938 -0.120408 5.11202 
-0.120433 0.0682718 0.990371 223.768 0.156444 0.986472 -0.0489789 -6.61536 -0.980317 0.149039 -0.129484 5.16712 
-0.127573 0.0708349 0.989296 225.799 0.157567 0.986227 -0.0502963 -6.71956 -0.979233 0.149464 -0.136977 5.14653 
-0.130759 0.0711841 0.988855 228.032 0.155802 0.986501 -0.0504126 -6.85662 -0.979095 0.147474 -0.140084 4.9206 
-0.134951 0.0713999 0.988276 229.915 0.158027 0.986185 -0.0496699 -7.07189 -0.978169 0.149472 -0.14437 4.65831 
-0.139831 0.071009 0.987626 232.062 0.16039 0.985877 -0.0481749 -7.20205 -0.977099 0.151669 -0.149245 4.50596 
-0.145502 0.0717394 0.986754 234.179 0.161178 0.985762 -0.0479009 -7.28349 -0.976141 0.152074 -0.154993 4.34279 
-0.15397 0.0721421 0.985438 236.223 0.160027 0.985984 -0.0471787 -7.41824 -0.97503 0.150433 -0.163357 4.32821 
-0.154298 0.0752954 0.985151 238.277 0.160371 0.985778 -0.0502254 -7.42317 -0.974922 0.15024 -0.164179 3.78951 
-0.159554 0.0751979 0.984321 240.424 0.158376 0.986129 -0.049664 -7.55187 -0.974402 0.147969 -0.16925 3.46239 
-0.16247 0.0743457 0.983909 242.297 0.158159 0.986226 -0.0484045 -7.68104 -0.973955 0.14775 -0.171991 3.04381 
-0.165952 0.0743618 0.983326 244.275 0.15766 0.986327 -0.047981 -7.81464 -0.973449 0.147069 -0.175407 2.66684 
-0.167024 0.0765323 0.982978 246.353 0.156979 0.986329 -0.0501199 -7.79723 -0.973376 0.145936 -0.176755 2.11382 
-0.171905 0.0763098 0.982153 248.388 0.156231 0.986489 -0.0493019 -7.94927 -0.972646 0.144968 -0.181504 1.77612 
-0.175789 0.0775238 0.981371 250.59 0.15586 0.986512 -0.0500115 -8.03251 -0.972011 0.144165 -0.1855 1.32599 
-0.178842 0.0788566 0.980712 252.948 0.156864 0.986318 -0.0507017 -8.13866 -0.971292 0.144771 -0.188765 0.89911 
-0.184828 0.0797524 0.97953 255.184 0.157365 0.986243 -0.0506058 -8.29001 -0.97009 0.144791 -0.194835 0.534877 
-0.1878 0.0811373 0.97885 257.308 0.15932 0.985901 -0.0511551 -8.41813 -0.9692 0.146343 -0.198079 0.104082 
-0.188794 0.0796032 0.978785 259.38 0.156617 0.986392 -0.0500128 -8.60458 -0.969447 0.143852 -0.198692 -0.406547 
-0.18007 0.0821433 0.980218 261.623 0.156501 0.986206 -0.0538952 -8.46376 -0.971124 0.1437 -0.190442 -1.68628 
-0.173415 0.0837554 0.981281 263.855 0.157747 0.985875 -0.0562701 -8.44837 -0.972133 0.145036 -0.184178 -2.7775 
-0.16675 0.085358 0.982297 266.094 0.158976 0.985539 -0.0586528 -8.43785 -0.973099 0.146381 -0.177909 -3.85433 
-0.165627 0.0846767 0.982546 267.883 0.159715 0.985457 -0.0580045 -8.60941 -0.973169 0.147321 -0.176743 -4.40597 
-0.170662 0.085312 0.981629 270.168 0.162698 0.985009 -0.05732 -8.76211 -0.971804 0.149927 -0.181984 -4.7829 
-0.176633 0.0910469 0.980057 272.559 0.162196 0.984793 -0.0622548 -8.83 -0.970821 0.147965 -0.188714 -5.0676 
-0.176545 0.0937017 0.979822 274.522 0.164516 0.984264 -0.064484 -8.93542 -0.970446 0.149812 -0.189182 -5.52262 
-0.170984 0.0949183 0.980691 276.494 0.162689 0.984406 -0.066913 -8.9204 -0.971749 0.148107 -0.18376 -6.28779 
-0.17626 0.0941652 0.979829 278.789 0.160013 0.984915 -0.0658695 -9.10182 -0.971251 0.145175 -0.188668 -6.64113 
-0.17722 0.0934418 0.979725 280.968 0.15902 0.985121 -0.0651917 -9.2729 -0.971239 0.144243 -0.189442 -7.14875 
-0.176773 0.0946529 0.97969 283.193 0.1594 0.984978 -0.0664022 -9.39979 -0.971258 0.144425 -0.189205 -7.8042 
-0.169681 0.0987478 0.980539 285.55 0.158496 0.984749 -0.0717443 -9.35954 -0.97267 0.143238 -0.182745 -8.79933 
-0.160601 0.098839 0.982058 288.137 0.157006 0.984863 -0.0734455 -9.51338 -0.974452 0.142393 -0.173688 -9.93745 
-0.147689 0.0970148 0.984264 290.706 0.15722 0.984826 -0.0734794 -9.71119 -0.976458 0.143894 -0.160701 -11.2487 
-0.140274 0.0955537 0.985491 293.335 0.157624 0.984793 -0.07305 -9.86898 -0.977485 0.14509 -0.153203 -12.2432 
-0.13811 0.0963098 0.985723 295.814 0.160331 0.984307 -0.0737075 -9.98727 -0.977353 0.147862 -0.151384 -12.8607 
-0.134126 0.095147 0.986386 298.393 0.155877 0.985014 -0.0738191 -10.1029 -0.978628 0.143854 -0.146947 -13.5859 
-0.134892 0.0932543 0.986462 300.731 0.153961 0.985442 -0.0721049 -10.3114 -0.978826 0.14215 -0.147286 -13.9697 
-0.132237 0.0923907 0.986903 303.119 0.155784 0.98521 -0.0713585 -10.5118 -0.9789 0.144307 -0.144674 -14.5438 
-0.131048 0.0924528 0.987056 305.371 0.15478 0.985341 -0.0717427 -10.6352 -0.979219 0.143374 -0.143436 -15.0067 
-0.134442 0.0943336 0.986421 307.802 0.154487 0.985282 -0.0731693 -10.8241 -0.978805 0.142552 -0.147036 -15.3009 
-0.126122 0.096309 0.987328 310.659 0.154664 0.985014 -0.0763264 -11.0724 -0.979884 0.143077 -0.139128 -16.3055 
-0.121511 0.0980791 0.987732 313.251 0.157648 0.984382 -0.0783527 -11.3466 -0.979991 0.146193 -0.135075 -16.9993 
-0.116891 0.0998341 0.988114 315.846 0.160621 0.983737 -0.080391 -11.6252 -0.98007 0.149314 -0.131026 -17.6826 
-0.119217 0.0977255 0.988047 318.704 0.1564 0.984568 -0.0785103 -11.8209 -0.980472 0.145171 -0.132662 -18.2416 
-0.123772 0.0966335 0.987594 321.053 0.155893 0.984782 -0.0768209 -12.0313 -0.979989 0.144451 -0.136953 -18.539 
-0.127982 0.094969 0.987219 323.344 0.154936 0.985098 -0.0746792 -12.2343 -0.9796 0.143398 -0.140789 -18.8753 
-0.132188 0.0932996 0.986824 325.635 0.15397 0.985409 -0.0725411 -12.4323 -0.979193 0.142352 -0.144625 -19.2206 
-0.13639 0.0916254 0.986409 327.924 0.152995 0.985716 -0.0704065 -12.6254 -0.97877 0.141313 -0.14846 -19.5748 
-0.140589 0.0899464 0.985974 330.213 0.15201 0.986018 -0.0682755 -12.8135 -0.978329 0.140279 -0.152296 -19.9378 
-0.144783 0.0882627 0.985519 332.501 0.151017 0.986315 -0.0661482 -12.9967 -0.977871 0.139252 -0.156131 -20.3097 
-0.142835 0.0864873 0.98596 333.956 0.148608 0.986756 -0.0650284 -13.0892 -0.978526 0.137234 -0.153796 -20.7393 
-0.144082 0.085319 0.985881 335.607 0.14299 0.987615 -0.0645718 -13.1758 -0.97918 0.131667 -0.154498 -21.138 
-0.145323 0.0841436 0.9858 337.258 0.137366 0.988443 -0.0641192 -13.2624 -0.979802 0.126097 -0.155202 -21.5381 
-0.138182 0.0852102 0.986734 338.834 0.139806 0.987994 -0.0657406 -13.3117 -0.980489 0.128868 -0.148436 -22.0801 
-0.140104 0.0845353 0.986521 340.186 0.146059 0.987213 -0.0638515 -13.4243 -0.979305 0.135145 -0.15066 -22.405 
-0.144085 0.0827511 0.986099 341.488 0.150249 0.986774 -0.060854 -13.5429 -0.978092 0.139392 -0.154612 -22.6774 
-0.145768 0.0837377 0.985768 342.886 0.145437 0.9874 -0.0623702 -13.5604 -0.97857 0.134276 -0.15611 -23.0034 
-0.150851 0.0846277 0.984927 344.38 0.125105 0.989952 -0.0658984 -13.4931 -0.980608 0.113279 -0.159923 -23.3088 
-0.155948 0.0854084 0.984066 345.873 0.104738 0.992068 -0.0695049 -13.4326 -0.982197 0.0922295 -0.163657 -23.6232 
-0.161057 0.0860795 0.983184 347.364 0.0843425 0.993745 -0.073188 -13.379 -0.983334 0.0711368 -0.16731 -23.9466 
-0.17156 0.0902843 0.981028 349.588 0.0753387 0.994078 -0.0783103 -13.423 -0.982289 0.0604745 -0.177346 -24.0346 
-0.173716 0.0875649 0.980895 352.161 0.0729007 0.99445 -0.0758643 -13.6672 -0.982094 0.0583291 -0.179136 -24.5061 
-0.179573 0.0865339 0.979931 354.382 0.0709071 0.994671 -0.0748418 -13.8351 -0.981186 0.0560445 -0.184752 -24.8097 
-0.187685 0.0862685 0.978433 356.471 0.0687298 0.994847 -0.0745318 -13.9587 -0.979822 0.053259 -0.192648 -24.9707 
-0.195784 0.08598 0.97687 358.559 0.0665495 0.995017 -0.0742394 -14.0812 -0.978386 0.0504753 -0.200531 -25.1486 
-0.200228 0.081293 0.976371 360.888 0.0642136 0.995498 -0.069717 -14.3349 -0.977643 0.048737 -0.204547 -25.6479 
-0.202809 0.078655 0.976054 362.75 0.0632272 0.995741 -0.0671038 -14.5164 -0.977175 0.0481039 -0.206918 -26.1967 
-0.209607 0.0782133 0.974652 364.563 0.0626004 0.995824 -0.0664497 -14.6527 -0.97578 0.0470853 -0.213628 -26.618 
-0.217731 0.0783887 0.972856 366.317 0.060477 0.995938 -0.0667135 -14.7755 -0.974133 0.0443099 -0.221587 -27.0224 
-0.22584 0.0785409 0.970993 368.068 0.0583556 0.996045 -0.0669946 -14.8988 -0.972415 0.0415328 -0.22953 -27.4412 
-0.233935 0.07867 0.969064 369.816 0.0562362 0.996147 -0.0672931 -15.0227 -0.970625 0.0387544 -0.237457 -27.8743 
-0.242013 0.0787759 0.96707 371.56 0.0541191 0.996243 -0.0676088 -15.1471 -0.968762 0.0359747 -0.245367 -28.3216 
-0.250076 0.0788587 0.965009 373.3 0.0520044 0.996333 -0.0679419 -15.2722 -0.966829 0.0331941 -0.25326 -28.7832 
-0.258122 0.0789183 0.962884 375.037 0.0498922 0.996417 -0.0682922 -15.3978 -0.964823 0.0304127 -0.261134 -29.2589 
-0.270264 0.090565 0.958517 377.506 0.0617666 0.995146 -0.0766102 -15.5092 -0.960803 0.0384994 -0.274546 -29.475 
-0.281739 0.0927366 0.954999 379.869 0.0737876 0.994465 -0.0748006 -15.6123 -0.956649 0.0493928 -0.287023 -29.6294 
-0.291978 0.0952607 0.951669 382.313 0.0858515 0.993621 -0.0731203 -15.7047 -0.952564 0.0603527 -0.298294 -29.841 
-0.302148 0.0979022 0.94822 384.755 0.0978844 0.99264 -0.071298 -15.7992 -0.948222 0.0712735 -0.309507 -30.0803 
-0.312245 0.10066 0.944653 387.194 0.109883 0.991523 -0.0693341 -15.8953 -0.943625 0.0821522 -0.32066 -30.3473 
-0.322268 0.103534 0.940969 389.629 0.121844 0.99027 -0.067229 -15.9928 -0.938774 0.092986 -0.331748 -30.642 
-0.332214 0.106524 0.937169 392.061 0.133765 0.98888 -0.0649835 -16.0912 -0.93367 0.103772 -0.342769 -30.9644 
-0.34208 0.109627 0.933254 394.489 0.145642 0.987355 -0.062598 -16.1903 -0.928316 0.114507 -0.35372 -31.3144 
-0.35508 0.116256 0.927579 396.976 0.146371 0.986913 -0.0676615 -16.277 -0.923306 0.111746 -0.36745 -31.6895 
-0.380101 0.122326 0.91682 399.347 0.144371 0.986913 -0.0718244 -16.3634 -0.913608 0.105061 -0.392787 -31.6273 
-0.404848 0.128208 0.905351 401.719 0.142481 0.986872 -0.0760389 -16.4571 -0.903215 0.0982115 -0.417801 -31.6305 
-0.429304 0.133898 0.893179 404.09 0.140705 0.986789 -0.0803017 -16.5583 -0.892132 0.0912013 -0.442473 -31.6992 
-0.453448 0.139391 0.880315 406.458 0.139044 0.986665 -0.0846094 -16.6672 -0.88037 0.0840364 -0.466783 -31.8333 
-0.477262 0.144682 0.866769 408.82 0.137498 0.986499 -0.0889586 -16.784 -0.867937 0.0767224 -0.490712 -32.0325 
-0.500726 0.149769 0.85255 411.176 0.136069 0.986292 -0.0933459 -16.9089 -0.854844 0.0692652 -0.514241 -32.2967 
-0.523823 0.154645 0.837672 413.524 0.134759 0.986043 -0.0977679 -17.0422 -0.8411 0.0616706 -0.537352 -32.6258 
-0.546533 0.159309 0.822145 415.86 0.133567 0.985754 -0.102221 -17.1839 -0.826717 0.0539446 -0.560026 -33.0193 
-0.568839 0.163755 0.805981 418.185 0.132496 0.985423 -0.106702 -17.3343 -0.811706 0.0460934 -0.582245 -33.4769 
-0.590724 0.167982 0.789194 420.495 0.131546 0.985053 -0.111206 -17.4936 -0.796078 0.0381231 -0.603991 -33.9983 
-0.604848 0.164903 0.77908 422.248 0.117085 0.986108 -0.117823 -17.6583 -0.787687 0.0199536 -0.615753 -34.7173 
-0.621082 0.162836 0.766643 424.043 0.101644 0.986652 -0.127221 -17.756 -0.777127 -0.00108993 -0.629343 -35.3631 
-0.637059 0.160339 0.753954 425.825 0.0863616 0.986815 -0.136888 -17.8615 -0.765962 -0.0220931 -0.642506 -36.0436 
-0.652767 0.157414 0.741024 427.593 0.0712484 0.986594 -0.146817 -17.9755 -0.754201 -0.0430405 -0.655231 -36.7584 
-0.668194 0.154062 0.727861 429.346 0.0563159 0.985992 -0.157 -18.0986 -0.741852 -0.0639163 -0.66751 -37.5071 
-0.670417 0.156317 0.725332 430.474 0.0602724 0.985799 -0.156742 -18.3514 -0.739532 -0.0613649 -0.670318 -38.609 
-0.673106 0.151982 0.723761 432.038 0.0552801 0.986258 -0.155692 -18.7714 -0.737477 -0.0647876 -0.672257 -40.0422 
-0.678809 0.148323 0.719179 433.836 0.0508288 0.98653 -0.155486 -19.1655 -0.732553 -0.0689901 -0.677205 -41.4467 
-0.67839 0.147222 0.7198 435.974 0.0555529 0.987191 -0.149556 -19.6514 -0.732598 -0.0614701 -0.67788 -43.2548 
-0.682592 0.144176 0.716436 438.374 0.0545944 0.987667 -0.146743 -20.1399 -0.728757 -0.0610523 -0.682045 -45.0719 
-0.68677 0.141131 0.713042 440.766 0.0536197 0.988133 -0.143935 -20.6196 -0.724894 -0.0606171 -0.686188 -46.9028 
-0.690924 0.138087 0.709616 443.149 0.0526288 0.988591 -0.141131 -21.0905 -0.721009 -0.0601644 -0.690309 -48.7476 
-0.687466 0.139639 0.712665 444.945 0.0512981 0.988226 -0.144148 -21.4514 -0.724402 -0.0625383 -0.686535 -50.5381 
-0.682336 0.141692 0.717176 446.704 0.0490057 0.987695 -0.148513 -21.7879 -0.729395 -0.06619 -0.680883 -52.4093 
-0.681904 0.140499 0.717821 448.222 0.0506328 0.988091 -0.145299 -22.1316 -0.729687 -0.0627348 -0.680897 -53.8197 
-0.677525 0.144857 0.721094 450.142 0.052797 0.987463 -0.148759 -22.4415 -0.733602 -0.0627167 -0.676679 -55.678 
-0.68591 0.14707 0.712669 452.194 0.0510482 0.986675 -0.154484 -22.813 -0.725893 -0.0695819 -0.684279 -57.2391 
-0.680698 0.144948 0.718081 453.849 0.0424636 0.986388 -0.158855 -23.1237 -0.731333 -0.0776397 -0.677587 -58.9264 
-0.673474 0.141423 0.725557 455.427 0.0297253 0.985916 -0.16458 -23.4236 -0.738613 -0.0892732 -0.668192 -60.5992 
-0.676888 0.132692 0.724027 457.017 0.0226467 0.986906 -0.159697 -23.9846 -0.735737 -0.0917006 -0.67103 -62.0879 
-0.680911 0.130542 0.720638 458.898 0.0214753 0.987122 -0.158524 -24.443 -0.732051 -0.0924645 -0.674946 -63.6673 
-0.685941 0.128397 0.716239 461.004 0.0207436 0.98736 -0.157133 -24.9481 -0.727361 -0.0929265 -0.679934 -65.3752 
-0.690006 0.126308 0.712698 462.592 0.020122 0.987623 -0.15555 -25.2619 -0.723524 -0.0929897 -0.684007 -66.7113 
-0.689633 0.123418 0.713565 464.026 0.019565 0.988186 -0.152008 -25.6526 -0.723895 -0.0908688 -0.6839 -68.1736 
-0.685846 0.125137 0.716907 465.621 0.00803907 0.986348 -0.164477 -25.631 -0.727702 -0.107043 -0.677489 -69.7619 
-0.679731 0.125495 0.722646 466.774 -0.00910187 0.983735 -0.179397 -25.4814 -0.733405 -0.128519 -0.667532 -71.1073 
-0.673559 0.126034 0.728309 467.938 -0.0263642 0.980631 -0.194081 -25.3618 -0.738663 -0.149926 -0.65719 -72.4461 
-0.672107 0.130704 0.728826 469.146 -0.0235671 0.980022 -0.197486 -25.6821 -0.740079 -0.149908 -0.6556 -73.8434 
-0.67064 0.135371 0.729326 470.356 -0.0207768 0.979393 -0.200892 -26.0082 -0.741492 -0.149879 -0.654008 -75.2381 
-0.669158 0.140036 0.729806 471.567 -0.0179934 0.978743 -0.2043 -26.34 -0.742902 -0.149841 -0.652414 -76.6301 
-0.667661 0.144697 0.730268 472.779 -0.015217 0.978072 -0.20771 -26.6775 -0.74431 -0.149792 -0.650818 -78.0195 
-0.666148 0.149355 0.730712 473.993 -0.0124476 0.977381 -0.211121 -27.0208 -0.745716 -0.149733 -0.649221 -79.4063 
-0.66462 0.15401 0.731137 475.208 -0.00968536 0.976668 -0.214534 -27.3698 -0.747119 -0.149665 -0.647622 -80.7904 
-0.663076 0.158661 0.731544 476.425 -0.00693028 0.975936 -0.217948 -27.7246 -0.748519 -0.149586 -0.64602 -82.1718 
-0.661518 0.163309 0.731932 477.643 -0.00418246 0.975182 -0.221364 -28.0852 -0.749918 -0.149497 -0.644418 -83.5506 
-0.659944 0.167954 0.732301 478.862 -0.00144195 0.974408 -0.224781 -28.4515 -0.751313 -0.149399 -0.642813 -84.9267 
-0.658356 0.172594 0.732652 480.083 0.00129118 0.973614 -0.228199 -28.8236 -0.752706 -0.14929 -0.641207 -86.3001 
-0.656752 0.177231 0.732984 481.305 0.00401686 0.972798 -0.231618 -29.2015 -0.754096 -0.149171 -0.639599 -87.6709 
-0.655133 0.181864 0.733298 482.528 0.00673503 0.971963 -0.235038 -29.5851 -0.755483 -0.149042 -0.63799 -89.039 
-0.653499 0.186493 0.733593 483.752 0.00944563 0.971107 -0.238459 -29.9746 -0.756868 -0.148904 -0.636379 -90.4044 
-0.645468 0.18786 0.740324 484.524 0.0109862 0.971464 -0.236934 -30.3382 -0.763708 -0.1448 -0.629112 -91.4357 
-0.635784 0.188329 0.748539 485.408 0.00847797 0.971423 -0.237205 -30.7136 -0.77182 -0.144465 -0.619212 -92.57 
-0.625996 0.188794 0.756628 486.306 0.00596648 0.971383 -0.237444 -31.0901 -0.779804 -0.144124 -0.609208 -93.6923 
-0.616104 0.189255 0.764591 487.219 0.00345211 0.971345 -0.23765 -31.4676 -0.787657 -0.143778 -0.599102 -94.8023 
-0.60611 0.189711 0.772425 488.146 0.000935265 0.971308 -0.237824 -31.8462 -0.79538 -0.143425 -0.588896 -95.8999 
-0.596015 0.190163 0.78013 489.088 -0.00158363 0.971272 -0.237965 -32.2258 -0.802971 -0.143067 -0.578592 -96.9849 
-0.590309 0.18986 0.784531 489.984 0.000235587 0.971984 -0.235047 -32.6906 -0.807177 -0.138566 -0.573816 -98.0818 
-0.58367 0.187942 0.789941 490.445 -0.00127147 0.972632 -0.232347 -33.0855 -0.81199 -0.136618 -0.567458 -98.9858 
-0.577504 0.196435 0.792402 491.003 0.00409522 0.971305 -0.2378 -33.1934 -0.816377 -0.134086 -0.561738 -99.7708 
-0.573088 0.204865 0.793474 491.882 0.00991206 0.969911 -0.24326 -33.3892 -0.819434 -0.131544 -0.557875 -100.715 
-0.568609 0.21327 0.794481 492.765 0.0156981 0.968445 -0.248733 -33.5905 -0.822458 -0.12896 -0.554014 -101.656 
-0.564068 0.221648 0.795424 493.651 0.0214529 0.966908 -0.25422 -33.7974 -0.825449 -0.126333 -0.550157 -102.591 
-0.564349 0.219698 0.795765 494.913 0.019353 0.967194 -0.253302 -34.2249 -0.825309 -0.12755 -0.550087 -103.438 
-0.565747 0.217286 0.795435 496.05 0.016119 0.967386 -0.252793 -34.6193 -0.824421 -0.130195 -0.550798 -104.191 
-0.564777 0.218518 0.795787 496.57 0.0117546 0.966338 -0.257008 -34.6914 -0.82516 -0.135798 -0.548334 -104.707 
-0.563243 0.220541 0.796315 496.669 0.0154616 0.966367 -0.256701 -34.6915 -0.826146 -0.132273 -0.54771 -104.89 
-0.564618 0.219599 0.795602 497.007 0.0155043 0.966606 -0.255796 -34.8118 -0.825207 -0.132092 -0.549168 -105.082 
-0.562966 0.21957 0.79678 497.53 0.0186889 0.9672 -0.253328 -35.1968 -0.826268 -0.127724 -0.548604 -105.759 
-0.559937 0.220025 0.798786 498.429 0.0188412 0.967227 -0.253214 -35.6078 -0.828321 -0.126734 -0.545732 -106.745 
-0.554213 0.222683 0.802035 498.828 0.020613 0.966926 -0.254221 -35.7299 -0.83212 -0.12436 -0.540473 -107.264 
-0.553077 0.22113 0.803248 499.341 0.0178095 0.96705 -0.253961 -35.8873 -0.83294 -0.126155 -0.538792 -107.604 
-0.552855 0.219427 0.803868 499.756 0.0151435 0.967192 -0.253594 -36.0189 -0.83314 -0.128027 -0.538039 -108.004 
-0.552898 0.215434 0.804917 500.222 0.00524291 0.966879 -0.255181 -36.0926 -0.833232 -0.136869 -0.535715 -108.498 
-0.552901 0.211441 0.805973 500.689 -0.00465822 0.966469 -0.256742 -36.1688 -0.833234 -0.145707 -0.533377 -108.991 
-0.547134 0.21234 0.809664 501.371 -0.00730854 0.96604 -0.258289 -36.3564 -0.837013 -0.147236 -0.527002 -109.817 
-0.54015 0.212513 0.814295 502.05 -0.0109172 0.965741 -0.259279 -36.554 -0.841498 -0.148939 -0.519324 -110.62 
-0.533124 0.212701 0.818863 502.737 -0.0145342 0.965436 -0.260236 -36.7536 -0.845912 -0.150639 -0.511606 -111.416 
-0.526058 0.212902 0.823368 503.431 -0.0181593 0.965125 -0.261159 -36.9554 -0.850254 -0.152337 -0.503846 -112.206 
-0.518953 0.213119 0.827809 504.131 -0.021792 0.964808 -0.262051 -37.1592 -0.854525 -0.154031 -0.496046 -112.99 
-0.515948 0.212734 0.829785 505.015 -0.0256104 0.964409 -0.263172 -37.3921 -0.856237 -0.157034 -0.492136 -113.62 
-0.502254 0.21218 0.838284 505.182 -0.0294585 0.964667 -0.261819 -37.5843 -0.864218 -0.156194 -0.478258 -114.214 
-0.488425 0.211612 0.846559 505.358 -0.033284 0.964926 -0.260403 -37.7775 -0.871971 -0.155364 -0.464251 -114.805 
-0.474463 0.21103 0.854606 505.544 -0.0370857 0.965185 -0.258925 -37.9717 -0.879494 -0.154544 -0.450118 -115.392 
-0.467034 0.212711 0.858273 506.116 -0.0231414 0.967362 -0.252339 -38.4872 -0.883936 -0.137713 -0.446869 -116.083 
-0.460075 0.211368 0.862354 506.872 -0.0177698 0.968864 -0.246955 -39.0505 -0.887702 -0.128942 -0.441994 -116.898 
-0.453101 0.209954 0.866383 507.636 -0.0123537 0.970298 -0.241597 -39.6059 -0.891374 -0.120171 -0.437049 -117.71 
-0.459371 0.204989 0.864267 508.689 -0.0231847 0.969907 -0.242368 -39.7879 -0.887942 -0.131374 -0.440795 -118.244 
-0.449969 0.208301 0.868411 509.364 -0.0264108 0.968888 -0.246087 -39.867 -0.892653 -0.133667 -0.430468 -119.158 
-0.444049 0.222115 0.868035 510.181 -0.00630948 0.967987 -0.250919 -40.13 -0.89598 -0.116897 -0.428433 -119.858 
-0.438981 0.231889 0.868057 510.7 0.00560735 0.96681 -0.255434 -40.2973 -0.898479 -0.107263 -0.425711 -120.271 
-0.436722 0.233039 0.868888 511.424 0.00638375 0.966643 -0.256048 -40.4879 -0.899574 -0.106275 -0.423642 -120.77 
-0.444919 0.233595 0.86457 512.414 0.00842492 0.966433 -0.256782 -40.6857 -0.895531 -0.106963 -0.431952 -120.777 
-0.452931 0.235942 0.859759 513.642 0.0132302 0.966019 -0.258132 -40.9032 -0.891447 -0.105541 -0.440662 -120.785 
-0.46089 0.238299 0.854865 514.869 0.0180478 0.965592 -0.259435 -41.1249 -0.887274 -0.104142 -0.449332 -120.804 
-0.462036 0.237574 0.854448 515.631 0.0133385 0.965204 -0.261157 -41.3229 -0.886761 -0.109267 -0.449128 -120.997 
-0.457933 0.238248 0.856467 516.602 0.0103392 0.964781 -0.26285 -41.5972 -0.888927 -0.111513 -0.444268 -121.363 
-0.456042 0.237125 0.857786 516.81 0.00843762 0.964959 -0.262266 -41.691 -0.889918 -0.112366 -0.442062 -121.577 
-0.455318 0.231429 0.859724 517.109 0.00238431 0.965939 -0.258759 -41.8856 -0.890325 -0.115768 -0.440362 -121.76 
-0.454559 0.225731 0.861639 517.409 -0.00366602 0.966872 -0.255233 -42.079 -0.890709 -0.119177 -0.438673 -121.942 
-0.452264 0.225931 0.862793 517.805 -0.00675291 0.966488 -0.256624 -42.1531 -0.891859 -0.121888 -0.435582 -122.233 
-0.445085 0.226099 0.866475 517.631 -0.0111728 0.966123 -0.257841 -42.0913 -0.895418 -0.124442 -0.427481 -122.335 
-0.449356 0.225077 0.864534 517.816 -0.0028355 0.967377 -0.253325 -42.1794 -0.893348 -0.116285 -0.434059 -122.277 
-0.443587 0.222391 0.868201 518.118 -0.00476667 0.968125 -0.250422 -42.347 -0.896219 -0.115222 -0.428388 -122.628 
-0.437473 0.224292 0.87081 518.279 -0.00208963 0.968137 -0.25041 -42.3818 -0.899229 -0.111367 -0.423066 -122.984 
-0.429831 0.226318 0.874085 518.284 0.00314703 0.968446 -0.249203 -42.403 -0.902904 -0.104364 -0.416981 -123.331 
-0.422153 0.228285 0.87731 518.293 0.00839397 0.968716 -0.248031 -42.4223 -0.906486 -0.0973426 -0.410862 -123.678 
-0.419116 0.227444 0.878983 518.695 -0.00753964 0.967209 -0.253869 -42.6407 -0.907901 -0.113028 -0.403658 -124.124 
-0.424541 0.221441 0.877912 518.98 -0.0397055 0.964144 -0.262393 -42.9299 -0.904538 -0.146254 -0.400526 -124.464 
-0.419961 0.221209 0.88017 519.532 -0.035269 0.965128 -0.25939 -43.2348 -0.906856 -0.139976 -0.397515 -124.877 
-0.419086 0.222262 0.880322 519.99 -0.033217 0.965172 -0.259498 -43.367 -0.907339 -0.137994 -0.397107 -125.119 
-0.417127 0.219376 0.881975 520.493 -0.0354139 0.965771 -0.256968 -43.6096 -0.908158 -0.138422 -0.39508 -125.476 
-0.415204 0.222804 0.882023 521.142 -0.0445493 0.963402 -0.264332 -43.6308 -0.908637 -0.149045 -0.390083 -125.935 
-0.412759 0.227427 0.88199 522.228 -0.0550958 0.960319 -0.273409 -43.6813 -0.909172 -0.161446 -0.38385 -126.629 
-0.410358 0.232074 0.8819 523.316 -0.0656591 0.957047 -0.282401 -43.746 -0.909557 -0.17379 -0.377494 -127.319 
-0.408003 0.236742 0.881752 524.406 -0.0762369 0.953588 -0.291305 -43.8247 -0.909792 -0.186075 -0.371018 -128.004 
-0.405692 0.24143 0.881547 525.497 -0.086827 0.949942 -0.30012 -43.9173 -0.909876 -0.198298 -0.364421 -128.685 
-0.403428 0.246138 0.881284 526.59 -0.0974271 0.94611 -0.308843 -44.024 -0.90981 -0.210457 -0.357706 -129.362 
-0.401209 0.250864 0.880964 527.684 -0.108035 0.942093 -0.317473 -44.1445 -0.909593 -0.222548 -0.350875 -130.034 
-0.399038 0.255608 0.880587 528.78 -0.118648 0.937892 -0.326008 -44.2789 -0.909225 -0.23457 -0.343927 -130.701 
-0.38166 0.256539 0.887988 529.312 -0.12271 0.938145 -0.32377 -44.5474 -0.916121 -0.232535 -0.326573 -131.264 
-0.367808 0.252999 0.894823 530.25 -0.130103 0.938812 -0.318913 -45.2066 -0.920755 -0.233718 -0.312386 -132.023 
-0.355216 0.24818 0.901237 531.26 -0.139415 0.939264 -0.313601 -45.8499 -0.92433 -0.237042 -0.299041 -132.771 
-0.342504 0.243399 0.90744 532.285 -0.148647 0.939654 -0.308145 -46.4899 -0.927683 -0.240429 -0.285655 -133.502 
-0.335476 0.238324 0.911404 533.324 -0.156151 0.940019 -0.303284 -47.1157 -0.929017 -0.244061 -0.278139 -134.147 
-0.328911 0.231461 0.915556 534.64 -0.166024 0.940226 -0.297341 -47.8937 -0.929652 -0.249803 -0.270822 -134.882 
-0.322256 0.224628 0.919616 535.966 -0.175844 0.940329 -0.291307 -48.6656 -0.930177 -0.255584 -0.263527 -135.603 
